1	14	0.702314
1	45	0.709016
1	148	0.727638
1	166	1.17968
1	167	0.726075
1	169	1.21609
1	172	1.1858
1	174	1.18201
1	175	1.22431
1	176	1.2012
1	177	0.738989
1	179	1.21165
2	79	1.17569
2	81	1.17871
2	87	1.20452
2	100	1.21489
2	142	0.691753
2	149	1.22875
2	150	1.20899
2	152	1.18857
2	163	0.713778
2	166	0.75827
2	167	0.706792
2	178	0.733518
3	32	0.770244
3	88	0.669127
3	113	0.692101
3	138	0.73991
3	159	0.724657
3	163	1.21242
3	167	1.22324
3	168	1.20069
3	170	1.18463
3	173	1.1864
3	177	1.20354
3	180	1.1898
4	71	0.719891
4	94	0.699513
4	106	0.70891
4	146	1.18708
4	156	0.748961
4	163	1.21345
4	165	1.17856
4	167	1.22428
4	168	1.20173
4	169	0.71845
4	177	1.20458
4	180	1.19084
5	40	1.12332
5	109	0.736237
5	128	1.25321
5	138	1.19426
5	145	1.21483
5	151	0.723496
5	157	1.21524
5	159	1.21226
5	167	0.701596
5	176	0.724603
5	177	0.71451
5	178	1.18722
6	125	0.740159
6	128	0.670952
6	151	1.20041
6	165	1.18383
6	167	1.22955
6	168	1.207
6	170	1.19094
6	171	0.715498
6	173	1.19271
6	174	0.742732
6	176	0.727117
6	180	1.19611
7	62	0.647005
7	70	0.720545
7	103	0.752552
7	138	0.747754
7	154	1.20436
7	157	0.732957
7	160	1.21946
7	166	1.17528
7	174	1.17761
7	175	1.21991
7	176	1.1968
7	179	1.20725
8	123	0.702569
8	137	0.706348
8	144	0.748287
8	154	1.20512
8	161	0.731553
8	171	1.21013
8	174	1.17836
8	175	1.22066
8	176	1.19755
8	177	0.711572
8	178	1.18081
8	179	1.208
9	136	1.17756
9	143	0.710257
9	156	0.73186
9	159	0.707711
9	160	1.22565
9	161	0.727254
9	162	0.725674
9	166	1.18148
9	171	1.21557
9	174	1.1838
9	176	1.20299
9	179	1.21345
10	56	1.19591
10	107	0.757222
10	108	1.15276
10	118	1.22192
10	145	1.21334
10	146	0.71124
10	155	0.696118
10	156	1.19104
10	157	1.21375
10	159	1.21077
10	174	0.721604
10	180	0.715197
11	29	0.740322
11	79	1.16395
11	112	1.23506
11	119	1.19386
11	123	1.21628
11	149	1.21701
11	150	1.19725
11	152	1.17683
11	155	0.709312
11	175	0.710892
11	176	0.719183
11	178	0.722902
12	48	1.00779
12	59	1.01258
12	73	1.11106
12	82	0.997188
12	97	1.07443
12	99	1.07441
12	140	1.04426
12	153	0.864559
12	159	0.90865
12	169	1.0782
12	177	0.908211
12	178	0.922024
13	41	0.803346
13	146	1.18499
13	155	1.21886
13	160	0.691291
13	167	1.22219
13	168	1.19964
13	169	0.693189
13	170	1.18357
13	175	0.700915
13	177	1.20249
13	179	0.707336
13	180	1.18875
14	1	0.702314
14	30	0.748551
14	63	1.16535
14	124	0.705731
14	133	0.71896
14	144	1.17008
14	161	1.19891
14	163	1.22159
14	167	1.23241
14	174	0.724364
14	177	1.21272
14	180	1.19898
15	21	0.903616
15	74	0.871982
15	140	0.920606
15	143	1.0571
15	153	1.07025
15	155	1.06502
15	162	1.03345
15	165	1.02263
15	167	1.06835
15	175	0.900262
15	177	1.04866
15	180	1.03491
16	22	1.0188
16	44	1.11658
16	54	1.03351
16	67	1.06961
16	68	0.850703
16	108	0.94242
16	129	1.02447
16	137	1.04366
16	164	1.04374
16	168	0.900207
16	169	1.04953
16	178	0.914352
17	20	0.69801
17	36	0.76472
17	39	1.11487
17	88	1.27082
17	138	1.19697
17	145	1.21754
17	156	1.19524
17	158	0.696011
17	159	1.21496
17	177	0.717975
17	178	1.18992
17	179	0.7262
18	121	0.754094
18	126	1.19348
18	127	0.696668
18	141	0.755719
18	153	0.67987
18	163	0.717595
18	166	1.18344
18	172	1.18956
18	174	1.18576
18	175	1.22807
18	176	1.20495
18	179	1.21541
19	114	0.748579
19	126	0.714521
19	155	1.22637
19	157	0.699607
19	161	1.19621
19	162	1.19481
19	165	1.18398
19	173	1.19287
19	174	0.724421
19	176	0.708806
19	177	1.21001
19	180	1.19627
20	17	0.69801
20	26	0.764537
20	104	1.18116
20	125	1.1914
20	160	1.22083
20	164	0.721726
20	167	0.702451
20	174	1.17898
20	175	1.22128
20	176	1.19817
20	177	0.715365
20	179	1.20862
21	15	0.903616
21	88	1.18416
21	92	0.694326
21	118	1.13945
21	128	1.16925
21	138	1.11031
21	156	1.10858
21	157	1.13128
21	159	1.1283
21	164	1.12911
21	166	0.779051
21	170	0.763664
21	180	0.759789
22	16	1.0188
22	28	1.13333
22	31	1.13457
22	44	1.2371
22	54	1.15403
22	65	1.09381
22	68	0.731415
22	127	0.754397
22	130	0.803062
22	137	1.16419
22	164	1.16426
22	166	0.819815
22	178	0.795064
23	50	0.604748
23	51	1.29575
23	59	1.3861
23	82	1.37071
23	84	0.622995
23	97	1.44795
23	99	1.44793
23	105	0.584052
23	161	0.606268
23	169	1.45172
23	175	0.588089
23	178	0.600099
24	45	0.621577
24	80	1.27212
24	96	0.657912
24	116	0.615067
24	120	0.695638
24	128	1.34539
24	132	0.644445
24	145	1.30701
24	156	1.28472
24	157	1.30742
24	159	1.30444
24	161	0.671531
24	178	1.2794
25	69	1.07229
25	128	1.19442
25	133	0.802663
25	138	1.13547
25	140	1.12612
25	146	0.797704
25	153	0.738706
25	156	1.13375
25	157	1.15645
25	159	1.15347
25	167	0.769445
25	176	0.792452
25	178	1.12842
26	20	0.764537
26	64	1.08251
26	88	1.19304
26	128	1.17813
26	132	0.777398
26	143	0.787487
26	145	1.13976
26	150	0.775227
26	156	1.11746
26	157	1.14017
26	159	1.13718
26	173	0.797806
26	178	1.11214
27	53	0.773053
27	89	0.812761
27	113	0.743457
27	124	0.782649
27	147	1.14366
27	148	1.14343
27	162	1.13315
27	165	1.12233
27	168	1.1455
27	170	1.12944
27	177	1.14835
27	179	0.783798
27	180	1.13461
28	22	1.13333
28	31	1.12858
28	54	1.14804
28	65	1.08782
28	67	1.18414
28	89	1.09707
28	158	0.753928
28	159	0.776331
28	164	1.15827
28	165	0.795439
28	169	1.16406
28	173	0.789195
28	178	0.789704
29	11	0.740322
29	79	0.794063
29	136	0.793587
29	151	1.13733
29	158	1.15238
29	163	1.15564
29	165	1.12074
29	168	1.14392
29	170	1.12785
29	173	1.12963
29	174	0.792272
29	176	0.776657
29	180	1.13303
30	14	0.748551
30	31	0.812504
30	80	1.10485
30	87	0.782256
30	88	1.19303
30	106	0.769762
30	124	1.12969
30	137	1.1379
30	145	1.13975
30	156	1.11745
30	157	1.14016
30	159	1.13718
30	169	0.779303
31	22	1.13457
31	28	1.12858
31	30	0.812504
31	43	1.07045
31	54	1.14928
31	56	0.770163
31	124	1.15123
31	129	1.14024
31	164	1.15952
31	165	0.782156
31	169	1.1653
31	175	0.764412
31	178	0.776421
32	3	0.770244
32	55	0.775597
32	130	1.12661
32	142	0.753403
32	154	1.14486
32	166	1.11578
32	170	0.804533
32	171	1.14988
32	174	1.11811
32	175	1.16041
32	176	1.1373
32	179	1.14775
32	180	0.800658
33	54	0.775507
33	87	0.756987
33	117	0.787188
33	122	0.821566
33	145	1.14204
33	149	0.750186
33	156	1.11974
33	157	1.14245
33	160	1.15382
33	167	1.15146
33	177	1.13176
33	179	1.14161
33	180	1.11802
34	85	1.30907
34	119	1.30497
34	122	1.24899
34	127	0.627365
34	137	1.31255
34	140	0.676367
34	149	1.32812
34	150	1.30836
34	152	1.28794
34	155	0.654442
34	158	0.632256
34	169	0.648297
34	179	0.662444
35	39	0.852186
35	153	1.16958
35	161	1.13418
35	162	1.13278
35	165	1.12195
35	169	0.751134
35	170	1.12906
35	171	0.755531
35	172	0.779467
35	173	1.13084
35	175	0.75886
35	177	1.14798
35	180	1.13424
36	17	0.76472
36	89	1.09825
36	101	0.782598
36	118	0.771042
36	129	1.14018
36	138	0.797767
36	152	0.780671
36	161	1.13715
36	164	1.15946
36	170	1.13204
36	172	1.13496
36	179	1.1608
36	180	1.13721
37	95	0.642914
37	125	0.661193
37	143	1.31304
37	149	0.628286
37	162	1.28939
37	163	1.31347
37	166	0.676621
37	168	1.30174
37	173	1.28745
37	175	0.63986
37	177	1.30459
37	179	0.646282
37	180	1.29085
38	47	0.933071
38	85	0.965935
38	101	0.997682
38	118	1.02276
38	128	1.05255
38	135	0.994482
38	152	0.995755
38	159	1.01161
38	170	0.984987
38	175	1.02641
38	177	1.00391
38	179	1.01376
38	180	0.990165
39	17	1.11487
39	35	0.852186
39	128	1.12845
39	135	1.07038
39	136	0.857483
39	145	1.09007
39	156	1.06778
39	157	1.09048
39	158	0.808496
39	159	1.0875
39	164	1.0883
39	173	0.843763
39	178	1.06246
39	179	0.838684
40	5	1.12332
40	64	1.04398
40	69	1.01748
40	88	1.15451
40	111	0.835595
40	138	1.08066
40	145	1.10123
40	147	0.832898
40	156	1.07893
40	157	1.10164
40	159	1.09865
40	163	0.83314
40	170	0.862244
40	177	0.839068
41	13	0.803346
41	57	1.09359
41	65	0.895573
41	93	1.10925
41	136	1.06228
41	142	0.811612
41	147	0.833395
41	160	1.11037
41	166	1.06619
41	171	1.10029
41	172	1.07231
41	176	1.08771
41	179	1.09816
41	180	0.858866
42	62	0.795671
42	66	0.846535
42	114	1.06506
42	134	1.09439
42	148	0.869378
42	153	0.837076
42	158	0.858765
42	166	1.07149
42	171	1.10559
42	172	1.07761
42	174	1.07381
42	175	1.11612
42	176	1.093
42	179	1.10346
43	31	1.07045
43	69	0.901765
43	122	1.03651
43	142	1.11768
43	149	1.11564
43	150	1.09588
43	156	0.823823
43	166	0.837799
43	168	1.08879
43	169	1.10593
43	174	0.824944
43	176	0.809328
43	177	1.09164
43	180	1.0779
44	16	1.11658
44	22	1.2371
44	54	1.25181
44	63	0.752467
44	65	1.19159
44	89	1.20084
44	98	1.2603
44	126	0.690329
44	141	0.706717
44	142	1.27959
44	163	0.668593
44	164	1.26205
44	172	0.69693
44	178	0.688333
45	1	0.709016
45	24	0.621577
45	72	0.700533
45	114	0.755224
45	147	1.22642
45	153	1.25271
45	163	1.23999
45	165	1.20509
45	171	0.703832
45	173	1.21397
45	175	0.707161
45	177	1.23112
45	178	1.21377
45	180	1.21737
46	93	0.686855
46	104	0.703496
46	133	0.704166
46	148	1.22665
46	158	1.23719
46	161	1.21777
46	165	1.20555
46	166	0.722425
46	167	1.25127
46	170	1.21266
46	175	0.685664
46	177	1.23158
46	179	0.692086
46	180	1.21784
47	38	0.933071
47	68	0.621406
47	94	1.24585
47	101	1.20964
47	107	1.17923
47	121	1.23083
47	122	1.18448
47	123	1.26288
47	132	0.664137
47	142	0.643289
47	149	1.26361
47	152	1.22343
47	163	0.665315
47	179	0.679467
48	12	1.00779
48	51	0.974404
48	59	1.06475
48	70	1.15689
48	73	1.16323
48	82	1.04936
48	97	1.1266
48	98	0.813348
48	99	1.12658
48	157	0.838194
48	160	0.829478
48	169	1.13037
48	172	0.859709
48	180	0.856601
49	82	0.876483
49	145	1.08985
49	148	0.810091
49	149	1.10357
49	150	1.08381
49	152	1.06339
49	157	1.09026
49	159	1.08728
49	160	1.10163
49	161	0.841423
49	162	0.839843
49	173	0.834745
49	175	1.10208
49	176	1.07897
50	23	0.604748
50	76	0.794155
50	114	0.803659
50	148	1.16377
50	153	1.19029
50	157	0.754688
50	158	1.17431
50	162	1.15349
50	163	1.17757
50	168	1.16584
50	172	0.776202
50	173	1.15155
50	177	1.1687
50	179	0.762017
50	180	1.15495
51	23	1.29575
51	48	0.974404
51	59	0.979199
51	68	0.864078
51	70	1.07134
51	73	1.07768
51	82	0.963803
51	97	1.04105
51	99	1.04103
51	140	1.01088
51	153	0.870262
51	154	0.9107
51	165	0.933461
51	169	1.04481
51	178	0.927727
52	72	1.18506
52	134	1.16736
52	136	1.14055
52	147	0.736464
52	149	0.732863
52	151	0.75162
52	162	0.761035
52	170	0.76581
52	171	1.17856
52	172	1.15058
52	173	0.755937
52	174	1.14679
52	175	1.18909
52	176	1.16598
52	179	1.17643
53	27	0.773053
53	71	1.18924
53	113	0.700692
53	122	0.794418
53	134	1.16702
53	154	1.1732
53	160	1.1883
53	161	0.752791
53	163	0.726882
53	166	1.14412
53	172	1.15024
53	174	1.14644
53	176	1.16563
53	179	1.17609
53	180	0.752111
54	16	1.03351
54	22	1.15403
54	28	1.14804
54	31	1.14928
54	33	0.775507
54	44	1.25181
54	67	1.20484
54	98	1.17722
54	142	1.19651
54	147	0.74471
54	153	0.707227
54	154	0.747665
54	169	1.18476
54	173	0.764183
54	178	0.764692
55	32	0.775597
55	124	0.736646
55	133	0.749875
55	158	1.17941
55	161	1.15999
55	162	1.15859
55	165	1.14777
55	166	0.768135
55	167	1.19349
55	168	1.17094
55	171	0.728045
55	173	1.15665
55	177	1.1738
55	179	0.737796
55	180	1.16005
56	10	1.19591
56	31	0.770163
56	81	0.777093
56	101	0.743407
56	123	0.733882
56	149	0.733113
56	150	0.733609
56	156	1.15302
56	159	1.17274
56	167	1.18474
56	170	1.14612
56	171	1.17702
56	174	1.14525
56	179	1.17489
56	180	1.1513
57	41	1.09359
57	58	0.797096
57	67	0.721616
57	105	1.20537
57	131	0.738934
57	136	1.15145
57	152	0.733262
57	165	0.754213
57	166	1.15536
57	170	0.757843
57	171	1.18946
57	174	1.15769
57	175	1.19999
57	178	1.16014
57	179	1.18733
58	57	0.797096
58	85	0.766536
58	111	0.794288
58	142	1.14319
58	151	1.1077
58	156	1.10513
58	157	1.12783
58	159	1.12485
58	164	1.12565
58	168	1.11429
58	169	1.13144
58	174	0.823469
58	176	0.807854
58	177	1.11715
58	179	0.805985
58	180	1.10341
59	12	1.01258
59	23	1.3861
59	48	1.06475
59	51	0.979199
59	70	1.16169
59	82	1.05415
59	83	0.844939
59	89	0.808752
59	97	1.1314
59	99	1.13138
59	132	1.14364
59	135	0.794674
59	169	1.13516
59	172	0.793974
59	175	0.773368
59	178	0.785377
60	94	0.780134
60	128	0.758923
60	140	0.827142
60	141	1.10672
60	145	0.794976
60	155	1.14322
60	158	1.13247
60	163	1.13573
60	165	1.10083
60	168	1.12401
60	170	1.10794
60	171	0.803469
60	173	1.10972
60	174	0.830703
60	177	1.12686
60	180	1.11312
61	69	1.04985
61	80	1.0987
61	110	0.813621
61	113	1.16179
61	118	1.14218
61	145	1.1336
61	147	0.784793
61	148	0.779612
61	156	1.11131
61	157	1.13401
61	159	1.13103
61	164	1.13183
61	165	0.81051
61	172	0.813372
61	178	1.10598
61	179	0.799188
62	7	0.647005
62	42	0.795671
62	65	0.706281
62	86	0.667201
62	97	1.25021
62	99	1.25019
62	128	1.28833
62	131	1.22827
62	134	0.660647
62	156	1.22766
62	157	1.25037
62	161	1.22588
62	169	1.25398
62	176	0.660366
62	179	0.658498
62	180	1.22594
63	14	1.16535
63	44	0.752467
63	92	0.767116
63	126	0.829085
63	150	0.804001
63	161	1.11102
63	162	1.10963
63	165	1.0988
63	167	1.14452
63	168	1.12198
63	169	0.807354
63	170	1.10591
63	172	0.835686
63	173	1.10769
63	177	1.12483
63	180	1.11109
64	26	1.08251
64	40	1.04398
64	90	0.758458
64	113	1.16368
64	118	1.14407
64	131	0.817536
64	132	0.806164
64	137	1.13365
64	138	1.11492
64	139	0.800216
64	145	1.13549
64	156	1.1132
64	157	1.1359
64	158	0.791305
64	159	1.13292
64	165	0.832816
65	22	1.09381
65	28	1.08782
65	41	0.895573
65	44	1.19159
65	62	0.706281
65	74	1.13671
65	98	1.117
65	124	1.11046
65	129	1.09948
65	137	1.11868
65	152	0.789934
65	164	1.11875
65	169	1.12454
65	173	0.804642
65	178	0.805151
65	179	0.799563
66	42	0.846535
66	76	0.7415
66	85	0.669913
66	97	0.687666
66	110	0.723795
66	129	0.728635
66	158	1.20501
66	160	0.693317
66	161	1.18559
66	162	1.1842
66	163	1.20827
66	165	1.17337
66	168	1.19654
66	170	1.18048
66	173	1.18226
66	177	1.1994
66	180	1.18566
67	16	1.06961
67	28	1.18414
67	54	1.20484
67	57	0.721616
67	74	1.23304
67	89	1.15387
67	103	0.74277
67	124	1.20679
67	129	1.1958
67	132	0.715176
67	134	0.732654
67	137	1.215
67	164	1.21508
67	165	0.741827
67	167	0.709367
67	169	1.22086
67	180	0.741582
68	16	0.850703
68	22	0.731415
68	47	0.621406
68	51	0.864078
68	100	0.67976
68	119	0.671396
68	123	0.676492
68	157	1.20116
68	159	1.19818
68	162	1.17528
68	163	1.19935
68	164	1.19899
68	174	1.17069
68	176	1.18988
68	177	1.19048
68	179	1.20033
68	180	1.17674
69	25	1.07229
69	40	1.01748
69	43	0.901765
69	61	1.04985
69	80	1.0741
69	91	0.781034
69	104	0.857495
69	135	1.0893
69	138	1.08843
69	141	0.870058
69	142	1.12477
69	156	1.0867
69	157	1.10941
69	159	1.10643
69	161	0.857842
69	169	0.831938
69	178	1.08138
70	7	0.720545
70	48	1.15689
70	51	1.07134
70	59	1.16169
70	73	1.26017
70	82	1.14629
70	92	0.677652
70	97	1.22354
70	99	1.22352
70	101	0.724335
70	108	0.765694
70	132	1.23578
70	140	1.19337
70	164	0.730174
70	169	1.2273
70	170	0.746989
70	178	0.737626
71	4	0.719891
71	53	1.18924
71	82	0.78589
71	86	1.18985
71	91	0.674022
71	135	0.753958
71	136	1.16917
71	139	0.717796
71	157	0.731743
71	166	1.17308
71	167	0.717935
71	171	1.20718
71	172	1.1792
71	174	1.17541
71	175	1.21771
71	176	1.1946
71	179	1.20505
72	45	0.700533
72	52	1.18506
72	114	1.16214
72	132	1.21345
72	133	1.1876
72	150	0.72123
72	157	0.731401
72	159	0.730945
72	161	0.750487
72	164	0.736867
72	168	0.730173
72	171	1.20266
72	172	1.17468
72	174	1.17089
72	175	1.21319
72	176	1.19008
72	179	1.20053
73	12	1.11106
73	48	1.16323
73	51	1.07768
73	70	1.26017
73	77	0.748847
73	82	1.15263
73	97	1.22988
73	99	1.22986
73	108	0.757576
73	119	0.701597
73	132	1.24212
73	140	1.19971
73	160	0.707874
73	164	0.722056
73	169	1.23364
73	178	0.729507
73	180	0.734996
74	15	0.871982
74	65	1.13671
74	67	1.23304
74	107	1.13828
74	116	0.67237
74	118	0.697819
74	129	1.18789
74	130	1.18737
74	142	1.22471
74	146	0.724198
74	147	0.702683
74	150	1.2029
74	152	1.18248
74	168	0.70852
74	176	1.19806
74	179	1.20851
74	180	0.728154
75	104	1.06819
75	119	0.852562
75	120	1.07865
75	128	0.820589
75	130	1.07452
75	131	0.870927
75	142	0.838707
75	151	0.875646
75	154	1.09277
75	158	0.844696
75	166	1.06368
75	171	1.09778
75	172	1.06981
75	174	1.06601
75	175	1.10831
75	176	1.0852
75	179	1.09565
76	50	0.794155
76	66	0.7415
76	102	0.791477
76	110	1.14095
76	112	0.743778
76	120	1.13462
76	154	1.14874
76	160	1.16383
76	164	0.782054
76	166	1.11965
76	168	0.775361
76	169	1.15606
76	171	1.15375
76	172	1.12577
76	175	1.16428
76	176	1.14117
76	177	0.775693
76	179	1.15162
77	73	0.748847
77	121	0.799054
77	126	1.13248
77	130	1.13327
77	133	1.14148
77	144	0.805198
77	153	0.72483
77	154	1.15152
77	159	0.768921
77	160	1.16661
77	165	0.788029
77	171	1.15654
77	172	1.12856
77	174	1.12476
77	175	1.16706
77	176	1.14395
77	177	0.768482
77	179	1.15441
78	85	1.14022
78	87	1.13505
78	90	1.198
78	91	1.18989
78	94	1.14152
78	100	1.14541
78	101	1.10531
78	121	1.12649
78	132	0.762771
78	143	0.772861
78	149	1.15928
78	150	1.13951
78	151	0.778863
78	152	1.11909
78	158	0.747912
78	168	0.769544
78	170	0.793052
78	178	0.783688
79	2	1.17569
79	11	1.16395
79	29	0.794063
79	85	1.14808
79	94	1.14938
79	115	0.812435
79	117	1.11014
79	119	1.14398
79	121	1.13435
79	123	1.1664
79	132	0.755725
79	135	1.13371
79	150	1.14737
79	152	1.12695
79	154	0.759616
79	163	0.756903
79	167	0.749917
79	176	0.772924
80	24	1.27212
80	30	1.10485
80	61	1.0987
80	69	1.0741
80	113	1.18603
80	124	1.14779
80	138	1.13728
80	148	0.751615
80	156	1.13555
80	157	1.15826
80	159	1.15527
80	169	0.757043
80	173	0.77627
80	174	0.788675
80	176	0.77306
80	178	1.13023
80	179	0.771191
80	180	0.782267
81	2	1.17871
81	56	0.777093
81	85	1.1511
81	98	0.745588
81	100	1.15629
81	101	1.11618
81	107	1.08578
81	108	0.81142
81	112	1.1882
81	121	1.13737
81	129	1.13539
81	132	0.762434
81	139	0.756486
81	149	1.17015
81	150	1.15039
81	152	1.12997
81	177	0.769539
81	178	0.783351
82	12	0.997188
82	23	1.37071
82	48	1.04936
82	49	0.876483
82	51	0.963803
82	59	1.05415
82	70	1.14629
82	71	0.78589
82	73	1.15263
82	97	1.116
82	99	1.11598
82	108	0.832253
82	132	1.12824
82	140	1.08583
82	144	0.827088
82	152	0.788968
82	168	0.79004
82	169	1.11977
82	178	0.804184
83	59	0.844939
83	88	0.753614
83	89	0.845892
83	124	0.815781
83	139	1.12995
83	150	0.799429
83	153	1.13257
83	155	1.12734
83	161	1.09717
83	162	1.09578
83	165	1.08495
83	167	1.13067
83	168	1.10813
83	170	1.09206
83	173	1.09384
83	176	0.818798
83	177	1.11098
83	179	0.81693
83	180	1.09724
84	23	0.622995
84	87	0.769069
84	94	0.747179
84	100	0.766305
84	117	0.799269
84	119	0.757941
84	123	0.763036
84	138	1.15754
84	150	0.762763
84	156	1.15582
84	159	1.17554
84	160	1.1899
84	163	1.17671
84	164	1.17634
84	172	1.15184
84	173	1.1507
84	176	1.16723
84	177	1.16784
84	179	1.17769
84	180	1.1541
85	34	1.30907
85	38	0.965935
85	58	0.766536
85	66	0.669913
85	78	1.14022
85	79	1.14808
85	81	1.1511
85	101	1.14717
85	107	1.11676
85	110	0.726764
85	117	1.14415
85	119	1.17799
85	122	1.12201
85	149	1.20114
85	150	1.18138
85	152	1.16096
85	162	0.722507
85	164	0.710467
85	165	0.723653
85	178	0.717918
86	62	0.667201
86	71	1.18985
86	103	0.772748
86	104	1.14923
86	111	1.15505
86	131	0.756526
86	133	1.16377
86	144	0.788974
86	155	0.752482
86	160	1.1889
86	163	0.746331
86	166	1.14472
86	168	0.751926
86	171	1.17882
86	172	1.15085
86	174	1.14705
86	175	1.18935
86	176	1.16624
86	179	1.17669
86	180	0.77156
87	2	1.20452
87	30	0.782256
87	33	0.756987
87	78	1.13505
87	84	0.769069
87	94	1.17821
87	100	1.1821
87	117	1.13897
87	119	1.17281
87	121	1.16318
87	122	1.11683
87	132	0.725256
87	137	1.18039
87	149	1.19596
87	150	1.1762
87	152	1.15578
87	164	0.738721
87	173	0.745664
87	178	0.746173
87	179	0.740585
88	3	0.669127
88	17	1.27082
88	21	1.18416
88	26	1.19304
88	30	1.19303
88	40	1.15451
88	83	0.753614
88	93	0.683233
88	113	1.27422
88	118	1.25461
88	129	0.707737
88	140	1.21611
88	145	1.24603
88	151	0.689226
88	155	0.680462
88	156	1.22374
88	157	1.24644
88	159	1.24346
88	166	0.718803
88	172	0.702649
88	173	0.693543
89	27	0.812761
89	28	1.09707
89	36	1.09825
89	44	1.20084
89	59	0.808752
89	67	1.15387
89	83	0.845892
89	90	1.18222
89	121	1.11071
89	149	1.1435
89	152	1.10331
89	153	0.728865
89	158	0.750554
89	162	0.790919
89	166	1.09738
89	168	0.772185
89	169	1.13379
89	170	0.795694
89	171	1.13148
89	176	1.11889
89	179	1.12935
90	64	0.758458
90	78	1.198
90	89	1.18222
90	91	1.28954
90	94	1.24116
90	101	1.20495
90	106	0.665056
90	107	1.17454
90	112	1.27696
90	115	0.730124
90	119	1.23577
90	122	1.17979
90	130	0.70233
90	143	0.683504
90	147	0.67435
90	149	1.25892
90	150	1.23916
90	152	1.21874
90	173	0.693823
90	178	0.694331
90	180	0.69982
91	69	0.781034
91	71	0.674022
91	78	1.18989
91	90	1.28954
91	94	1.23306
91	100	1.23695
91	101	1.19684
91	112	1.26886
91	117	1.19382
91	119	1.22766
91	120	0.722593
91	122	1.17168
91	123	1.25008
91	140	0.700651
91	141	0.710701
91	150	1.23105
91	152	1.21063
91	158	0.65654
91	171	0.676978
91	178	0.692316
91	179	0.686729
92	21	0.694326
92	63	0.767116
92	70	0.677652
92	95	1.23732
92	103	0.709659
92	111	1.21596
92	118	0.678136
92	126	1.21569
92	130	1.21648
92	149	0.679398
92	154	1.23473
92	164	0.69553
92	166	1.20564
92	170	0.712346
92	171	1.23974
92	172	1.21177
92	174	1.20797
92	175	1.25027
92	176	1.22716
92	177	0.68917
92	179	1.23761
93	41	1.10925
93	46	0.686855
93	88	0.683233
93	111	1.18134
93	125	1.18577
93	126	1.18106
93	133	1.19006
93	143	0.741309
93	160	1.2152
93	161	0.758305
93	164	0.744684
93	165	0.757871
93	166	1.17102
93	167	0.72541
93	171	1.20512
93	172	1.17714
93	173	0.751627
93	174	1.17335
93	175	1.21565
93	176	1.19254
93	179	1.20299
93	180	0.757625
94	4	0.699513
94	47	1.24585
94	60	0.780134
94	78	1.14152
94	79	1.14938
94	84	0.747179
94	87	1.17821
94	90	1.24116
94	91	1.23306
94	107	1.11806
94	108	0.752351
94	112	1.22048
94	122	1.12331
94	123	1.20171
94	146	0.725815
94	149	1.20244
94	150	1.18268
94	152	1.16226
94	171	0.708944
94	174	0.736179
94	178	0.724283
94	180	0.729772
95	37	0.642914
95	92	1.23732
95	126	1.16968
95	133	1.17868
95	148	0.728837
95	152	0.738783
95	154	1.18872
95	157	0.741082
95	159	0.740627
95	160	1.20381
95	162	0.758589
95	166	1.15963
95	168	0.739855
95	171	1.19373
95	172	1.16576
95	173	0.753491
95	174	1.16196
95	175	1.20426
95	176	1.18115
95	178	1.16441
95	179	1.1916
95	180	0.759489
96	24	0.657912
96	109	0.76342
96	137	0.736469
96	141	1.17239
96	143	1.20097
96	148	1.18761
96	149	0.731921
96	150	0.732417
96	151	1.18309
96	161	1.17872
96	162	1.17733
96	163	1.2014
96	165	1.1665
96	167	1.21223
96	169	0.73577
96	170	1.17361
96	171	0.740167
96	173	1.17539
96	175	0.743496
96	176	0.751786
96	177	1.19253
96	180	1.17879
97	12	1.07443
97	23	1.44795
97	48	1.1266
97	51	1.04105
97	59	1.1314
97	62	1.25021
97	66	0.687666
97	70	1.22354
97	73	1.22988
97	82	1.116
97	99	1.19322
97	108	0.76374
97	132	1.20549
97	135	0.744968
97	136	0.748882
97	140	1.16307
97	143	0.724843
97	147	0.715689
97	162	0.74026
97	169	1.19701
97	172	0.744268
97	178	0.735671
98	44	1.2603
98	48	0.813348
98	54	1.17722
98	65	1.117
98	81	0.745588
98	131	0.715647
98	138	1.16866
98	143	0.714364
98	145	1.18922
98	157	1.18963
98	159	1.18665
98	164	1.18746
98	165	0.730926
98	168	0.711047
98	169	1.19324
98	170	0.734556
98	172	1.16295
98	175	1.20146
98	176	1.17835
98	177	0.71138
98	179	1.1888
98	180	0.730681
99	12	1.07441
99	23	1.44793
99	48	1.12658
99	51	1.04103
99	59	1.13138
99	62	1.25019
99	70	1.22352
99	73	1.22986
99	82	1.11598
99	97	1.19322
99	104	0.74164
99	120	0.766095
99	127	0.695151
99	132	1.20547
99	140	1.16305
99	159	0.722445
99	164	0.728366
99	165	0.741553
99	169	1.19699
99	174	0.747714
99	175	0.723809
99	178	0.735818
100	2	1.21489
100	68	0.67976
100	78	1.14541
100	81	1.15629
100	84	0.766305
100	87	1.1821
100	91	1.23695
100	101	1.15236
100	119	1.18318
100	121	1.17354
100	123	1.2056
100	137	1.19076
100	141	0.761793
100	142	0.701643
100	149	1.20633
100	150	1.18657
100	152	1.16615
100	169	0.723673
100	171	0.72807
100	173	0.7429
100	174	0.755305
100	178	0.743408
101	36	0.782598
101	38	0.997682
101	47	1.20964
101	56	0.743407
101	70	0.724335
101	78	1.10531
101	81	1.11618
101	85	1.14717
101	90	1.20495
101	91	1.19684
101	100	1.15236
101	119	1.14307
101	121	1.13344
101	122	1.08709
101	123	1.16549
101	132	0.728748
101	142	0.7079
101	149	1.16622
101	150	1.14646
101	152	1.12604
101	160	0.728032
101	164	0.742213
101	178	0.749665
102	76	0.791477
102	125	0.77425
102	126	0.766923
102	131	1.14245
102	133	0.771419
102	145	0.741096
102	151	1.14442
102	153	1.17546
102	155	1.17023
102	158	1.15948
102	159	0.751554
102	161	1.14006
102	162	1.13867
102	163	1.16274
102	165	1.12784
102	167	1.17356
102	170	1.13495
102	173	1.13672
102	174	0.776823
102	176	0.761208
102	177	1.15387
102	179	0.75934
102	180	1.14013
103	7	0.752552
103	67	0.74277
103	86	0.772748
103	92	0.709659
103	114	0.805687
103	116	1.20402
103	122	0.817429
103	144	1.11023
103	148	1.14795
103	155	1.16924
103	158	1.15849
103	162	1.13767
103	163	1.16175
103	165	1.12685
103	167	1.17257
103	168	1.15002
103	169	0.749897
103	170	1.13396
103	172	0.77823
103	173	1.13573
103	176	0.765914
103	177	1.15288
103	180	1.13913
104	20	1.18116
104	46	0.703496
104	69	0.857495
104	75	1.06819
104	86	1.14923
104	99	0.74164
104	110	1.15376
104	115	1.12521
104	117	0.782195
104	134	1.15537
104	154	1.16154
104	160	1.17664
104	161	0.774946
104	163	0.749037
104	166	1.13246
104	167	0.742051
104	170	0.778141
104	171	1.16656
104	174	1.13479
104	175	1.17709
104	176	1.15398
104	179	1.16443
104	180	0.774266
105	23	0.584052
105	57	1.20537
105	106	1.22888
105	107	0.794423
105	110	1.19927
105	111	1.18829
105	115	1.17071
105	127	0.706242
105	142	0.705143
105	153	0.689444
105	154	1.20705
105	156	0.757684
105	157	0.733991
105	162	0.751498
105	163	0.727169
105	166	1.17797
105	169	1.21438
105	170	0.756273
105	171	1.21207
105	172	1.18409
105	174	1.18029
105	175	1.2226
105	176	1.19948
105	179	1.20994
106	4	0.70891
106	30	0.769762
106	90	0.665056
106	105	1.22888
106	109	1.19879
106	114	1.17245
106	125	1.19362
106	126	1.18892
106	136	1.17496
106	137	0.714643
106	145	0.709848
106	148	0.708516
106	154	1.20796
106	160	1.22305
106	164	0.726228
106	165	0.739414
106	166	1.17887
106	168	0.719535
106	170	0.743044
106	171	1.21297
106	172	1.18499
106	175	1.2235
106	176	1.20039
106	179	1.21084
107	10	0.757222
107	47	1.17923
107	74	1.13828
107	81	1.08578
107	85	1.11676
107	90	1.17454
107	94	1.11806
107	105	0.794423
107	111	0.793184
107	112	1.15386
107	117	1.07883
107	119	1.11266
107	121	1.10303
107	122	1.05668
107	123	1.13509
107	149	1.13582
107	150	1.11605
107	152	1.09563
107	161	0.816638
107	165	0.816204
107	171	0.795131
107	174	0.822366
107	177	0.796657
107	178	0.810469
108	10	1.15276
108	16	0.94242
108	70	0.765694
108	73	0.757576
108	81	0.81142
108	82	0.832253
108	94	0.752351
108	97	0.76374
108	115	1.09252
108	117	0.804442
108	130	1.1106
108	145	1.13216
108	149	0.76744
108	156	1.10987
108	157	1.13257
108	158	1.1275
108	159	1.12959
108	166	1.09977
108	170	1.10297
108	173	1.10475
108	175	1.1444
108	177	1.12189
108	179	1.13174
108	180	1.10815
109	5	0.736237
109	96	0.76342
109	106	1.19879
109	114	1.14145
109	126	1.15792
109	127	0.730204
109	133	1.16692
109	134	1.17078
109	135	0.780168
109	136	1.14397
109	139	0.744006
109	141	0.789255
109	142	0.729105
109	147	0.750889
109	158	0.735095
109	160	1.19206
109	163	0.751131
109	166	1.14788
109	171	1.18198
109	172	1.154
109	174	1.15021
109	175	1.19251
109	176	1.1694
109	178	1.15266
109	179	1.17985
110	61	0.813621
110	66	0.723795
110	76	1.14095
110	85	0.726764
110	104	1.15376
110	105	1.19927
110	116	0.721506
110	120	1.16423
110	125	1.16401
110	128	0.711917
110	136	1.14535
110	139	0.744935
110	147	0.751819
110	160	1.19344
110	162	0.77639
110	165	0.777535
110	166	1.14926
110	171	1.18336
110	172	1.15538
110	174	1.15159
110	175	1.19389
110	176	1.17078
110	177	0.757988
110	178	1.15404
110	179	1.18123
111	40	0.835595
111	58	0.794288
111	86	1.15505
111	92	1.21596
111	93	1.18134
111	105	1.18829
111	107	0.793184
111	120	1.15324
111	126	1.14832
111	139	0.718805
111	141	0.764055
111	143	0.734842
111	147	0.725688
111	153	0.688205
111	154	1.16736
111	157	0.732753
111	160	1.18246
111	166	1.13828
111	167	0.718944
111	171	1.17238
111	172	1.1444
111	174	1.14061
111	175	1.18291
111	176	1.1598
111	179	1.17025
112	11	1.23506
112	76	0.743778
112	81	1.1882
112	90	1.27696
112	91	1.26886
112	94	1.22048
112	107	1.15386
112	117	1.18125
112	119	1.21509
112	121	1.20546
112	122	1.15911
112	123	1.23751
112	124	0.710491
112	129	1.20347
112	139	0.690363
112	142	0.675463
112	149	1.23824
112	150	1.21848
112	152	1.19806
112	154	0.700201
112	156	0.728003
112	164	0.709776
112	167	0.690502
112	172	0.725825
112	178	0.717228
112	179	0.71164
113	3	0.692101
113	27	0.743457
113	53	0.700692
113	61	1.16179
113	64	1.16368
113	80	1.18603
113	88	1.27422
113	118	1.22951
113	128	1.25931
113	137	1.21908
113	138	1.20036
113	140	1.19101
113	142	1.2367
113	145	1.22093
113	151	0.7122
113	155	0.703436
113	156	1.19864
113	157	1.22134
113	159	1.21836
113	163	0.697286
113	164	1.21916
113	165	0.72276
113	167	0.690299
113	173	0.716517
113	175	0.705016
113	180	0.722515
114	19	0.748579
114	42	1.06506
114	45	0.755224
114	50	0.803659
114	72	1.16214
114	103	0.805687
114	106	1.17245
114	109	1.14145
114	115	1.11428
114	125	1.13628
114	133	1.14058
114	153	0.741545
114	154	1.15062
114	159	0.785636
114	166	1.12153
114	167	0.772283
114	170	0.808373
114	171	1.15563
114	172	1.12766
114	173	0.7985
114	174	1.12386
114	175	1.16616
114	176	1.14305
114	177	0.785197
114	178	1.12631
114	179	1.1535
115	79	0.812435
115	90	0.730124
115	104	1.12521
115	105	1.17071
115	108	1.09252
115	114	1.11428
115	120	1.13567
115	130	1.13153
115	137	0.779712
115	140	1.12318
115	153	0.741283
115	154	1.14979
115	155	0.785159
115	156	0.809523
115	158	0.762972
115	160	1.16488
115	167	0.772022
115	169	1.15711
115	170	0.808112
115	172	1.12682
115	174	1.12303
115	175	1.16533
115	176	1.14222
115	178	1.12548
115	179	1.15267
115	180	0.804237
116	24	0.615067
116	74	0.67237
116	103	1.20402
116	110	0.721506
116	120	0.742937
116	122	0.760456
116	129	0.726346
116	139	1.24231
116	144	1.1807
116	146	1.20584
116	152	0.697443
116	155	1.2397
116	160	0.691027
116	161	1.20953
116	162	1.20814
116	165	1.19731
116	166	0.737412
116	167	1.24303
116	168	1.22049
116	170	1.20442
116	172	0.721257
116	173	1.2062
116	177	1.22334
116	178	1.206
116	179	0.707073
116	180	1.2096
117	33	0.787188
117	79	1.11014
117	84	0.799269
117	85	1.14415
117	87	1.13897
117	91	1.19382
117	104	0.782195
117	107	1.07883
117	108	0.804442
117	112	1.18125
117	119	1.14005
117	121	1.13042
117	122	1.08407
117	123	1.16247
117	126	0.778369
117	129	1.12843
117	135	1.12978
117	137	1.14763
117	149	1.1632
117	150	1.14344
117	152	1.12302
117	155	0.762784
117	161	0.782542
117	164	0.768921
117	171	0.761035
117	178	0.776373
118	10	1.22192
118	21	1.13945
118	36	0.771042
118	38	1.02276
118	61	1.14218
118	64	1.14407
118	74	0.697819
118	88	1.25461
118	92	0.678136
118	113	1.22951
118	122	0.785906
118	128	1.2397
118	136	0.751321
118	138	1.18075
118	140	1.1714
118	145	1.20132
118	155	0.72452
118	156	1.17903
118	157	1.20173
118	159	1.19875
118	164	1.19955
118	166	0.762861
118	169	0.718374
118	170	0.747473
118	173	0.737601
118	177	0.724297
118	178	1.17371
119	11	1.19386
119	34	1.30497
119	68	0.671396
119	73	0.701597
119	75	0.852562
119	79	1.14398
119	84	0.757941
119	85	1.17799
119	87	1.17281
119	90	1.23577
119	91	1.22766
119	100	1.18318
119	101	1.14307
119	107	1.11266
119	112	1.21509
119	117	1.14005
119	122	1.11791
119	131	0.725499
119	136	0.748256
119	143	0.724217
119	149	1.19704
119	150	1.17728
119	152	1.15686
119	161	0.741213
119	163	0.715304
119	176	0.731325
119	178	0.735044
120	24	0.695638
120	75	1.07865
120	76	1.13462
120	91	0.722593
120	99	0.766095
120	110	1.16423
120	111	1.15324
120	115	1.13567
120	116	0.742937
120	125	1.15768
120	130	1.15376
120	133	1.16197
120	135	0.802529
120	143	0.782404
120	145	0.769401
120	146	0.794764
120	148	0.768069
120	154	1.17201
120	155	0.779642
120	157	0.780314
120	166	1.14292
120	171	1.17702
120	172	1.14905
120	174	1.14525
120	175	1.18755
120	176	1.16444
120	178	1.1477
120	179	1.17489
121	18	0.754094
121	47	1.23083
121	77	0.799054
121	78	1.12649
121	79	1.13435
121	81	1.13737
121	87	1.16318
121	89	1.11071
121	100	1.17354
121	101	1.13344
121	107	1.10303
121	112	1.20546
121	117	1.13042
121	122	1.10828
121	123	1.18668
121	135	1.15399
121	139	0.752849
121	140	0.788049
121	142	0.737949
121	149	1.18741
121	150	1.16765
121	152	1.14723
121	158	0.743938
121	164	0.772262
121	167	0.752988
121	169	0.759979
121	171	0.764376
121	178	0.779714
122	33	0.821566
122	34	1.24899
122	43	1.03651
122	47	1.18448
122	53	0.794418
122	85	1.12201
122	87	1.11683
122	90	1.17979
122	91	1.17168
122	94	1.12331
122	101	1.08709
122	103	0.817429
122	107	1.05668
122	112	1.15911
122	116	0.760456
122	117	1.08407
122	118	0.785906
122	119	1.11791
122	121	1.10828
122	123	1.14033
122	148	0.785588
122	149	1.14106
122	150	1.1213
122	151	0.805925
122	152	1.10088
122	153	0.753287
122	158	0.774975
122	171	0.795413
122	178	0.810751
123	8	0.702569
123	11	1.21628
123	47	1.26288
123	56	0.733882
123	68	0.676492
123	79	1.1664
123	84	0.763036
123	91	1.25008
123	94	1.20171
123	100	1.2056
123	101	1.16549
123	107	1.13509
123	112	1.23751
123	117	1.16247
123	121	1.18668
123	122	1.14033
123	129	1.18469
123	132	0.719223
123	135	1.18604
123	139	0.713275
123	141	0.758525
123	145	0.716309
123	149	1.21946
123	150	1.1997
123	152	1.17928
123	164	0.732688
123	168	0.725995
123	177	0.726328
123	178	0.74014
124	14	0.705731
124	27	0.782649
124	30	1.12969
124	31	1.15123
124	55	0.736646
124	65	1.11046
124	67	1.20679
124	80	1.14779
124	83	0.815781
124	112	0.710491
124	134	1.1732
124	137	1.18084
124	138	1.16212
124	143	0.745391
124	144	0.779122
124	149	0.732635
124	156	1.16039
124	157	1.1831
124	159	1.18012
124	161	0.762387
124	164	1.18092
124	167	0.729492
124	169	1.1867
124	171	1.18439
124	172	1.15642
124	174	1.15262
124	176	1.17181
124	177	0.742406
124	179	1.18226
124	180	0.761707
125	6	0.740159
125	20	1.1914
125	37	0.661193
125	93	1.18577
125	102	0.77425
125	106	1.19362
125	110	1.16401
125	114	1.13628
125	120	1.15768
125	127	0.731611
125	133	1.16175
125	134	1.16561
125	136	1.1388
125	138	0.774158
125	146	0.773811
125	147	0.752296
125	151	0.767452
125	158	0.736502
125	159	0.758905
125	160	1.18689
125	166	1.14271
125	169	1.17912
125	171	1.17681
125	172	1.14883
125	174	1.14504
125	175	1.18734
125	176	1.16423
125	177	0.758466
125	179	1.17468
125	180	0.777767
126	18	1.19348
126	19	0.714521
126	44	0.690329
126	63	0.829085
126	77	1.13248
126	92	1.21569
126	93	1.18106
126	95	1.16968
126	102	0.766923
126	106	1.18892
126	109	1.15792
126	111	1.14832
126	117	0.778369
126	128	0.705068
126	131	0.755406
126	134	1.16091
126	136	1.13409
126	154	1.16709
126	158	0.729175
126	160	1.18218
126	168	0.750806
126	171	1.1721
126	172	1.14413
126	173	0.764443
126	174	1.14033
126	175	1.18263
126	176	1.15952
126	177	0.751139
126	179	1.16997
126	180	0.77044
127	18	0.696668
127	22	0.754397
127	34	0.627365
127	99	0.695151
127	105	0.706242
127	109	0.730204
127	125	0.731611
127	133	0.72878
127	139	1.23113
127	140	0.730623
127	141	1.19203
127	144	1.16952
127	146	1.19466
127	147	1.20747
127	148	1.20724
127	151	1.20272
127	152	0.707071
127	154	0.705262
127	155	1.22852
127	158	1.21777
127	161	1.19836
127	162	1.19696
127	163	1.22103
127	165	1.18613
127	166	0.74704
127	167	1.23186
127	168	1.20931
127	173	1.19502
127	174	0.734184
127	177	1.21216
127	180	1.19842
128	5	1.25321
128	6	0.670952
128	21	1.16925
128	24	1.34539
128	25	1.19442
128	26	1.17813
128	38	1.05255
128	39	1.12845
128	60	0.758923
128	62	1.28833
128	75	0.820589
128	110	0.711917
128	113	1.25931
128	118	1.2397
128	126	0.705068
128	132	0.682154
128	138	1.21055
128	139	0.676207
128	140	1.2012
128	142	1.24689
128	145	1.23112
128	156	1.20883
128	157	1.23153
128	159	1.22855
128	161	0.709241
128	162	0.707661
128	163	0.683332
128	164	1.22935
128	169	0.683336
128	171	0.687733
128	176	0.699353
128	178	1.2035
128	180	0.70856
129	16	1.02447
129	31	1.14024
129	36	1.14018
129	65	1.09948
129	66	0.728635
129	67	1.1958
129	74	1.18789
129	81	1.13539
129	88	0.707737
129	112	1.20347
129	116	0.726346
129	117	1.12843
129	123	1.18469
129	131	0.767096
129	144	0.799544
129	145	0.75281
129	146	0.778173
129	149	1.18542
129	150	1.16566
129	151	0.771815
129	152	1.14524
129	155	0.763051
129	156	0.787416
129	160	1.18349
129	163	0.756901
129	169	1.17572
129	170	0.786005
129	171	1.17341
129	172	1.14543
129	174	1.14163
129	175	1.18394
129	176	1.16082
129	180	0.78213
130	22	0.803062
130	32	1.12661
130	74	1.18737
130	75	1.07452
130	77	1.13327
130	90	0.70233
130	92	1.21648
130	108	1.1106
130	115	1.13153
130	120	1.15376
130	131	0.761409
130	132	1.18368
130	133	1.15783
130	134	1.16169
130	143	0.760126
130	144	0.793857
130	154	1.16787
130	156	0.781729
130	158	0.735178
130	160	1.18297
130	163	0.751214
130	164	0.763502
130	165	0.776689
130	166	1.13879
130	167	0.744228
130	170	0.780318
130	171	1.17289
130	172	1.14491
130	174	1.14112
130	175	1.18342
130	176	1.16031
130	177	0.757142
130	179	1.17076
131	57	0.738934
131	62	1.22827
131	64	0.817536
131	75	0.870927
131	86	0.756526
131	98	0.715647
131	102	1.14245
131	119	0.725499
131	126	0.755406
131	129	0.767096
131	130	0.761409
131	140	0.761745
131	141	1.14065
131	143	1.16922
131	144	1.11814
131	146	1.14328
131	147	1.15609
131	148	1.15586
131	149	0.729827
131	151	1.15134
131	158	1.16639
131	161	1.14698
131	162	1.14558
131	163	1.16966
131	165	1.13476
131	167	1.18048
131	168	1.15793
131	169	0.733675
131	170	1.14187
131	172	0.762007
131	173	1.14364
131	177	1.16078
131	180	1.14704
132	24	0.644445
132	26	0.777398
132	47	0.664137
132	59	1.14364
132	64	0.806164
132	67	0.715176
132	70	1.23578
132	72	1.21345
132	73	1.24212
132	78	0.762771
132	79	0.755725
132	81	0.762434
132	82	1.12824
132	87	0.725256
132	97	1.20549
132	99	1.20547
132	101	0.728748
132	123	0.719223
132	128	0.682154
132	130	1.18368
132	152	0.726821
132	158	1.20058
132	159	0.728665
132	161	1.18116
132	165	1.16894
132	169	1.20926
132	170	1.17605
132	172	1.17897
132	173	1.17782
132	174	1.17517
132	176	1.19436
132	177	1.19496
132	179	1.20481
132	180	1.18122
133	14	0.71896
133	25	0.802663
133	46	0.704166
133	55	0.749875
133	72	1.1876
133	77	1.14148
133	86	1.16377
133	93	1.19006
133	95	1.17868
133	102	0.771419
133	109	1.16692
133	114	1.14058
133	120	1.16197
133	125	1.16175
133	127	0.72878
133	130	1.15783
133	134	1.16991
133	136	1.14309
133	142	0.727682
133	154	1.17608
133	158	0.733671
133	160	1.19118
133	162	0.774037
133	163	0.749707
133	164	0.761996
133	165	0.775182
133	166	1.147
133	168	0.755303
133	171	1.1811
133	172	1.15312
133	174	1.14933
133	175	1.19163
133	176	1.16852
133	177	0.755635
133	179	1.17897
134	42	1.09439
134	52	1.16736
134	53	1.16702
134	62	0.660647
134	67	0.732654
134	104	1.15537
134	109	1.17078
134	124	1.1732
134	125	1.16561
134	126	1.16091
134	130	1.16169
134	133	1.16991
134	135	0.768814
134	141	0.777901
134	145	0.735685
134	146	0.761049
134	154	1.17995
134	155	0.745927
134	156	0.770292
134	159	0.746143
134	160	1.19504
134	162	0.764106
134	164	0.752065
134	166	1.15086
134	169	1.18727
134	170	0.768881
134	171	1.18496
134	172	1.15698
134	173	0.759008
134	174	1.15319
134	175	1.19549
134	176	1.17238
134	178	1.15564
134	179	1.18283
134	180	0.765006
135	38	0.994482
135	39	1.07038
135	59	0.794674
135	69	1.0893
135	71	0.753958
135	79	1.13371
135	97	0.744968
135	109	0.780168
135	117	1.12978
135	120	0.802529
135	121	1.15399
135	123	1.18604
135	134	0.768814
135	138	1.15248
135	145	1.17305
135	149	1.18677
135	150	1.16701
135	152	1.14659
135	153	1.18437
135	154	0.755226
135	155	1.17914
135	156	1.15075
135	159	1.17048
135	160	0.750619
135	163	1.17165
135	166	0.797004
135	168	1.15992
135	169	0.752517
135	170	1.14386
135	172	0.780849
135	173	1.14563
135	174	0.784148
135	175	0.760243
135	176	0.768533
135	177	1.16277
135	180	1.14903
136	9	1.17756
136	29	0.793587
136	39	0.857483
136	41	1.06228
136	52	1.14055
136	57	1.15145
136	71	1.16917
136	97	0.748882
136	106	1.17496
136	109	1.14397
136	110	1.14535
136	118	0.751321
136	119	0.748256
136	125	1.1388
136	126	1.13409
136	133	1.14309
136	144	0.79907
136	147	0.756185
136	148	0.751003
136	151	0.771341
136	153	0.718702
136	154	1.15313
136	160	1.16822
136	161	0.782336
136	162	0.780756
136	164	0.768715
136	166	1.12404
136	169	1.16046
136	171	1.15814
136	172	1.13017
136	174	1.12637
136	175	1.16867
136	176	1.14556
136	178	1.12882
136	179	1.15602
136	180	0.781655
137	8	0.706348
137	16	1.04366
137	22	1.16419
137	30	1.1379
137	34	1.31255
137	64	1.13365
137	65	1.11868
137	67	1.215
137	87	1.18039
137	96	0.736469
137	100	1.19076
137	106	0.714643
137	113	1.21908
137	115	0.779712
137	117	1.14763
137	124	1.18084
137	141	0.762304
137	142	1.20667
137	149	1.20462
137	150	1.18486
137	152	1.16444
137	154	0.726892
137	156	1.1686
137	157	1.19131
