1	34	0.970706
1	44	0.95597
1	59	0.999504
1	79	0.945982
1	80	0.94844
1	83	0.937327
1	85	0.937355
1	104	1.88287
1	156	2.62858
1	171	2.21431
1	177	0.858253
1	179	0.858773
2	12	0.895722
2	23	0.972921
2	58	0.994131
2	66	0.902273
2	67	0.903072
2	71	0.95234
2	78	0.931523
2	82	0.931779
2	135	3.27325
2	156	2.20015
2	160	0.92481
2	162	1.26359
3	8	0.917785
3	15	0.931263
3	17	0.917544
3	27	0.973174
3	37	0.967599
3	60	0.933175
3	65	1.00168
3	68	0.933306
3	108	3.23186
3	135	0.864141
3	157	1.73163
3	176	2.87987
4	73	0.929416
4	88	0.941474
4	89	0.938831
4	92	0.98422
4	94	0.982833
4	100	0.929809
4	140	1.73178
4	144	1.17897
4	145	0.963551
4	153	0.85706
4	176	0.875735
4	180	3.63258
5	19	0.985512
5	20	0.984848
5	26	0.961943
5	28	0.961323
5	30	0.960848
5	31	0.960526
5	109	1.86143
5	132	0.867963
5	135	0.849272
5	142	0.905884
5	152	1.24549
5	168	3.42227
6	87	0.856882
6	88	0.839071
6	89	0.836427
6	92	0.881817
6	94	0.88043
6	95	0.889886
6	100	0.827406
6	123	2.57468
6	153	0.754657
6	158	3.12816
6	160	0.855256
6	176	0.773331
7	77	0.876133
7	80	0.802368
7	95	0.778146
7	139	0.996016
7	140	0.973571
7	147	0.971406
7	157	0.935817
7	169	0.890583
7	171	0.931778
7	173	0.910505
7	178	0.884733
7	180	0.902057
8	3	0.917785
8	14	0.900094
8	15	0.80652
8	17	0.792801
8	37	0.842856
8	41	0.844131
8	48	0.840772
8	60	0.808432
8	65	0.876939
8	68	0.808563
8	136	2.83645
8	165	2.86307
9	33	0.917339
9	36	0.882547
9	40	0.87775
9	45	0.882414
9	53	0.866635
9	55	0.866158
9	113	2.62689
9	150	0.823563
9	152	2.78053
9	168	0.777598
9	177	0.764189
9	179	0.764709
10	23	0.873678
10	29	0.856378
10	58	0.894888
10	66	0.80303
10	67	0.803828
10	71	0.853096
10	78	0.83228
10	82	0.832536
10	145	0.831458
10	160	0.825567
10	168	2.5696
10	177	3.17826
11	25	0.881864
11	38	0.85377
11	56	0.847364
11	64	0.8351
11	74	0.826195
11	86	0.84368
11	90	0.87763
11	97	0.858792
11	98	0.858832
11	128	0.996754
11	153	0.743125
11	177	4.42383
12	2	0.895722
12	32	0.851577
12	46	0.833124
12	61	0.877884
12	66	0.802198
12	71	0.852264
12	78	0.831448
12	82	0.831704
12	127	0.800419
12	160	0.824735
12	165	2.28729
12	175	3.30632
13	24	0.95106
13	38	0.926021
13	57	0.991321
13	70	0.898247
13	90	0.949881
13	97	0.931043
13	98	0.931083
13	115	1.5038
13	145	0.921866
13	148	2.54791
13	154	3.22322
13	160	0.915975
14	8	0.900094
14	15	0.913572
14	27	0.955483
14	41	0.951183
14	48	0.947824
14	60	0.915484
14	65	0.983991
14	68	0.915615
14	114	0.939283
14	119	1.78775
14	149	1.01591
14	174	3.7887
15	3	0.931263
15	8	0.80652
15	14	0.913572
15	17	0.806279
15	37	0.856333
15	41	0.857609
15	60	0.82191
15	68	0.822041
15	84	0.854587
15	135	0.752876
15	144	2.33064
15	155	13.8
16	75	0.806162
16	81	0.852772
16	91	0.865787
16	93	0.864437
16	96	0.853181
16	99	0.854485
16	101	0.843639
16	102	0.843698
16	103	0.878782
16	118	3.82373
16	167	1.99585
16	176	0.75199
17	3	0.917544
17	8	0.792801
17	15	0.806279
17	27	0.848189
17	37	0.842615
17	41	0.84389
17	48	0.840531
17	60	0.808191
17	65	0.876698
17	68	0.808322
17	108	4.86814
17	123	1.33796
17	135	0.739157
18	47	0.928468
18	75	0.882782
18	77	0.885155
18	93	0.941057
18	96	0.929801
18	99	0.931104
18	101	0.920259
18	102	0.920317
18	103	0.955402
18	120	1.96202
18	158	2.04768
18	171	2.84331
18	176	0.828609
19	5	0.985512
19	20	0.957569
19	26	0.934664
19	28	0.934045
19	30	0.93357
19	31	0.933248
19	114	0.914826
19	132	0.840685
19	135	0.821994
19	142	0.878605
19	144	1.84744
19	163	2.10358
19	167	2.67465
20	5	0.984848
20	19	0.957569
20	26	0.934
20	28	0.933381
20	30	0.932906
20	31	0.932584
20	104	1.87673
20	114	0.914163
20	130	3.71509
20	132	0.840021
20	135	0.82133
20	142	0.877941
20	150	1.49633
21	39	0.943037
21	72	0.909823
21	73	0.894621
21	87	0.92449
21	88	0.906679
21	89	0.904035
21	92	0.949425
21	95	0.957494
21	100	0.895013
21	138	1.42913
21	163	1.8242
21	175	3.37762
21	176	0.840939
22	49	0.927025
22	54	0.914189
22	59	0.971915
22	63	0.976847
22	79	0.918393
22	80	0.920851
22	83	0.909738
22	85	0.909767
22	142	1.53363
22	158	1.65034
22	161	3.77695
22	177	0.830664
22	179	0.831184
23	2	0.972921
23	10	0.873678
23	29	0.932746
23	42	2.58632
23	46	0.910324
23	66	0.879397
23	71	0.929464
23	78	0.908648
23	82	0.908903
23	126	2.02744
23	127	0.877619
23	152	2.06276
23	160	0.901934
24	13	0.95106
24	43	0.912459
24	64	0.880284
24	70	0.87118
24	86	0.888864
24	90	0.922814
24	97	0.903976
24	98	0.904016
24	111	1.60238
24	145	0.894799
24	153	0.788309
24	160	0.888908
24	167	2.15813
24	173	3.4661
25	11	0.881864
25	56	0.895604
25	57	0.967309
25	70	0.874236
25	74	0.874435
25	86	0.891919
25	90	0.925869
25	97	0.907031
25	98	0.907072
25	148	2.09263
25	153	0.791365
25	159	1.92895
25	160	0.891964
25	179	3.40021
26	5	0.961943
26	19	0.934664
26	20	0.934
26	28	0.910476
26	30	0.910001
26	31	0.909679
26	84	0.900135
26	106	4.22866
26	114	0.891257
26	132	0.817116
26	135	0.798425
26	142	0.855036
26	149	1.25573
26	150	1.62744
27	3	0.973174
27	14	0.955483
27	17	0.848189
27	37	0.898244
27	41	0.899519
27	48	0.89616
27	60	0.86382
27	65	0.932328
27	68	0.863951
27	114	0.887619
27	135	0.794787
27	137	1.52646
27	151	1.11232
27	178	4.78026
28	5	0.961323
28	19	0.934045
28	20	0.933381
28	26	0.910476
28	30	0.909381
28	31	0.90906
28	84	0.899516
28	114	0.890638
28	127	1.12803
28	132	0.816497
28	135	0.797805
28	142	0.854417
28	166	2.25271
28	176	4.01728
29	10	0.856378
29	23	0.932746
29	46	0.893024
29	61	0.937784
29	66	0.862098
29	67	0.862896
29	71	0.912164
29	78	0.891348
29	82	0.891604
29	104	1.65404
29	127	0.860319
29	160	0.884634
29	164	2.28996
29	179	3.49535
30	5	0.960848
30	19	0.93357
30	20	0.932906
30	26	0.910001
30	28	0.909381
30	31	0.908584
30	84	0.899041
30	114	0.890163
30	130	3.57238
30	132	0.816021
30	135	0.79733
30	142	0.853942
30	164	2.36994
30	165	1.48477
31	5	0.960526
31	19	0.933248
31	20	0.932584
31	26	0.909679
31	28	0.90906
31	30	0.908584
31	84	0.898719
31	114	0.889841
31	124	2.65997
31	132	0.8157
31	135	0.797008
31	142	0.85362
31	166	2.39484
31	171	2.33032
32	12	0.851577
32	46	0.889055
32	58	0.949986
32	61	0.933814
32	66	0.858128
32	67	0.858927
32	71	0.908195
32	78	0.887379
32	82	0.887634
32	107	1.48202
32	134	3.34587
32	141	2.04736
32	145	0.886557
32	160	0.880665
33	9	0.917339
33	36	0.960266
33	40	0.955469
33	45	0.960133
33	53	0.944354
33	55	0.943877
33	132	2.36109
33	150	0.901282
33	157	1.62365
33	168	0.855317
33	177	0.841908
33	179	0.842428
33	180	2.95473
34	1	0.970706
34	49	0.897573
34	50	0.90659
34	59	0.942463
34	63	0.947395
34	79	0.888941
34	80	0.891399
34	83	0.880286
34	85	0.880315
34	107	1.97348
34	115	1.57581
34	133	3.39264
34	177	0.801212
34	179	0.801732
35	77	0.864225
35	81	0.908462
35	91	0.921477
35	96	0.908871
35	99	0.910174
35	101	0.899329
35	102	0.899387
35	103	0.934472
35	105	0.930889
35	146	2.42451
35	147	2.03191
35	158	2.59454
35	168	0.82048
35	176	0.807679
36	9	0.882547
36	33	0.960266
36	40	0.920677
36	45	0.925342
36	53	0.909563
36	55	0.909086
36	104	0.885369
36	117	1.28013
36	118	0.831391
36	130	3.21253
36	135	3.19298
36	150	0.866491
36	168	0.820525
36	177	0.807117
36	179	0.807637
37	3	0.967599
37	8	0.842856
37	15	0.856333
37	17	0.842615
37	27	0.898244
37	41	0.893944
37	48	0.890585
37	60	0.858245
37	65	0.926753
37	68	0.858376
37	114	0.882044
37	124	2.06718
37	135	0.789212
37	143	2.30734
37	176	3.56661
38	11	0.85377
38	13	0.926021
38	51	0.862152
38	57	0.939214
38	64	0.855245
38	74	0.84634
38	86	0.863825
38	90	0.897775
38	97	0.878937
38	98	0.878977
38	127	0.839553
38	145	0.86976
38	146	2.3778
38	149	2.25993
38	165	2.76279
39	21	0.943037
39	62	0.945004
39	87	0.875622
39	88	0.857811
39	89	0.855168
39	92	0.900557
39	94	0.89917
39	95	0.908626
39	100	0.846146
39	118	0.815738
39	119	3.15579
39	131	1.99852
39	152	2.11386
39	160	0.873996
39	176	0.792072
40	9	0.87775
40	33	0.955469
40	36	0.920677
40	45	0.920544
40	53	0.904765
40	55	0.904288
40	104	0.880572
40	112	0.869006
40	142	1.8498
40	148	2.96443
40	150	0.861693
40	159	2.80076
40	168	0.815728
40	177	0.80232
40	179	0.802839
41	8	0.844131
41	14	0.951183
41	15	0.857609
41	17	0.84389
41	27	0.899519
41	37	0.893944
41	48	0.89186
41	60	0.859521
41	65	0.928028
41	68	0.859652
41	114	0.88332
41	129	2.62109
41	135	0.790487
41	150	2.058
41	166	2.83435
42	23	2.58632
42	76	0.890781
42	117	0.832387
42	120	0.831709
42	134	0.787181
42	146	0.816459
42	149	0.854235
42	152	0.844137
42	154	0.781376
42	163	0.8264
42	167	0.823732
42	172	0.785355
42	175	0.78682
42	178	0.764971
42	180	0.782295
43	24	0.912459
43	51	0.875657
43	56	0.881014
43	64	0.86875
43	74	0.859845
43	86	0.87733
43	90	0.91128
43	97	0.892442
43	98	0.892482
43	121	2.51043
43	128	0.998314
43	134	3.66388
43	145	0.883265
43	153	0.776775
43	160	0.877374
44	1	0.95597
44	49	0.882837
44	50	0.891854
44	54	0.870001
44	59	0.927727
44	63	0.932659
44	79	0.874205
44	80	0.876663
44	83	0.86555
44	85	0.865579
44	124	1.80014
44	148	1.67279
44	153	4.30078
44	177	0.786476
44	179	0.786996
45	9	0.882414
45	33	0.960133
45	36	0.925342
45	40	0.920544
45	53	0.90943
45	55	0.908953
45	112	0.87367
45	113	1.33912
45	118	0.831258
45	127	1.78624
45	135	4.33377
45	150	0.866358
45	168	0.820392
45	177	0.806984
45	179	0.807504
46	12	0.833124
46	23	0.910324
46	29	0.893024
46	32	0.889055
46	61	0.915362
46	66	0.839676
46	67	0.840474
46	71	0.889742
46	78	0.868926
46	82	0.869182
46	112	1.59282
46	145	0.868104
46	160	0.862213
46	173	2.63338
46	176	3.69849
47	18	0.928468
47	75	0.844006
47	77	0.846379
47	81	0.890616
47	91	0.903631
47	93	0.90228
47	99	0.892328
47	101	0.881483
47	102	0.881541
47	103	0.916626
47	110	2.03936
47	140	2.78796
47	142	0.844334
47	163	2.4913
47	176	0.789833
48	8	0.840772
48	14	0.947824
48	17	0.840531
48	27	0.89616
48	37	0.890585
48	41	0.89186
48	60	0.856162
48	65	0.924669
48	68	0.856292
48	84	0.888838
48	109	2.21436
48	114	0.879961
48	115	1.36082
48	135	0.787128
48	172	3.8274
49	22	0.927025
49	34	0.897573
49	44	0.882837
49	50	0.890498
49	59	0.926371
49	63	0.931303
49	79	0.872849
49	80	0.875307
49	83	0.864194
49	85	0.864223
49	128	1.60865
49	151	2.00305
49	157	3.35523
49	177	0.78512
49	179	0.78564
50	34	0.90659
50	44	0.891854
50	49	0.890498
50	54	0.877662
50	63	0.94032
50	79	0.881866
50	80	0.884325
50	83	0.873211
50	84	0.894346
50	85	0.87324
50	128	1.55549
50	168	2.40222
50	177	0.794137
50	178	4.55862
50	179	0.794657
51	38	0.862152
51	43	0.875657
51	57	0.927452
51	64	0.843482
51	74	0.834577
51	86	0.852062
51	90	0.886012
51	97	0.867174
51	98	0.867214
51	104	0.847826
51	127	0.82779
51	132	2.60887
51	145	0.857997
51	160	0.852106
51	162	1.59782
51	174	3.80935
52	62	1.01425
52	72	0.930198
52	73	0.914996
52	87	0.944865
52	88	0.927054
52	89	0.924411
52	92	0.9698
52	94	0.968413
52	95	0.977869
52	100	0.915389
52	118	0.884981
52	147	1.53979
52	149	1.81451
52	163	1.78299
52	175	3.33641
52	176	0.861315
53	9	0.866635
53	33	0.944354
53	36	0.909563
53	40	0.904765
53	45	0.90943
53	55	0.893174
53	104	0.869457
53	112	0.857891
53	117	1.42009
53	118	0.815479
53	150	0.850579
53	168	0.804613
53	169	3.59084
53	177	0.791205
53	179	0.791725
53	180	2.92797
54	22	0.914189
54	44	0.870001
54	50	0.877662
54	59	0.913535
54	63	0.918467
54	79	0.860013
54	80	0.862471
54	83	0.851358
54	85	0.851387
54	105	0.896101
54	112	0.83897
54	132	3.47266
54	139	1.36817
54	166	3.04841
54	177	0.772284
54	179	0.772804
55	9	0.866158
55	33	0.943877
55	36	0.909086
55	40	0.904288
55	45	0.908953
55	53	0.893174
55	104	0.86898
55	112	0.857414
55	118	0.815002
55	131	2.05161
55	138	2.01045
55	150	0.850102
55	166	3.5851
55	168	0.804136
55	177	0.790728
55	179	0.791248
56	11	0.847364
56	25	0.895604
56	43	0.881014
56	64	0.848839
56	70	0.839736
56	74	0.839935
56	86	0.857419
56	90	0.891369
56	97	0.872531
56	98	0.872571
56	109	1.94195
56	127	0.833148
56	145	0.863355
56	160	0.857464
56	167	2.13565
56	180	3.76204
57	13	0.991321
57	25	0.967309
57	38	0.939214
57	51	0.927452
57	64	0.920545
57	74	0.91164
57	86	0.929125
57	90	0.963075
57	97	0.944237
57	98	0.944277
57	140	1.94442
57	150	2.05099
57	152	1.40919
57	153	0.82857
57	160	0.929169
57	175	3.20118
58	2	0.994131
58	10	0.894888
58	32	0.949986
58	61	0.976293
58	66	0.900607
58	67	0.901406
58	71	0.950674
58	78	0.929857
58	82	0.930113
58	120	2.21306
58	127	0.898829
58	131	1.62538
58	137	2.8201
58	145	0.929036
58	149	2.01081
58	160	0.923144
59	1	0.999504
59	22	0.971915
59	34	0.942463
59	44	0.927727
59	49	0.926371
59	54	0.913535
59	79	0.917739
59	80	0.920197
59	83	0.909084
59	85	0.909112
59	112	0.896696
59	123	1.22839
59	158	1.78187
59	162	2.05522
59	176	4.40659
59	177	0.83001
59	179	0.83053
60	3	0.933175
60	8	0.808432
60	14	0.915484
60	15	0.82191
60	17	0.808191
60	27	0.86382
60	37	0.858245
60	41	0.859521
60	48	0.856162
60	65	0.892329
60	68	0.823953
60	84	0.856499
60	111	2.44192
60	114	0.847621
60	135	0.754788
60	141	2.91345
60	163	2.42661
61	12	0.877884
61	29	0.937784
61	32	0.933814
61	46	0.915362
61	58	0.976293
61	66	0.884435
61	67	0.885234
61	71	0.934502
61	78	0.913686
61	82	0.913941
61	106	4.17134
61	127	0.882657
61	144	0.910756
61	145	0.912864
61	160	0.906972
61	162	1.75968
61	170	2.2136
62	39	0.945004
62	52	1.01425
62	72	0.911789
62	87	0.926457
62	88	0.908646
62	89	0.906002
62	92	0.951392
62	94	0.950004
62	100	0.89698
62	113	1.21495
62	131	1.25325
62	150	0.901672
62	153	0.824232
62	160	0.924831
62	164	3.02671
62	168	3.54537
62	176	0.842906
63	22	0.976847
63	34	0.947395
63	44	0.932659
63	49	0.931303
63	50	0.94032
63	54	0.918467
63	79	0.922671
63	80	0.925129
63	83	0.914016
63	85	0.914044
63	112	0.901628
63	113	1.53053
63	116	1.52272
63	136	2.4305
63	143	3.60761
63	177	0.834942
63	179	0.835462
64	11	0.8351
64	24	0.880284
64	38	0.855245
64	43	0.86875
64	51	0.843482
64	56	0.848839
64	57	0.920545
64	70	0.827471
64	74	0.82767
64	90	0.879105
64	97	0.860267
64	98	0.860307
64	142	2.26051
64	145	0.851091
64	149	2.08931
64	153	0.7446
64	175	3.61121
65	3	1.00168
65	8	0.876939
65	14	0.983991
65	17	0.876698
65	27	0.932328
65	37	0.926753
65	41	0.928028
65	48	0.924669
65	60	0.892329
65	68	0.89246
65	84	0.925006
65	112	2.1412
65	114	0.916128
65	135	0.823295
65	151	1.59792
65	170	2.34942
65	177	3.84959
66	2	0.902273
66	10	0.80303
66	12	0.802198
66	23	0.879397
66	29	0.862098
66	32	0.858128
66	46	0.839676
66	58	0.900607
66	61	0.884435
66	67	0.809548
66	78	0.838
66	82	0.838255
66	107	2.6007
66	144	2.42304
66	145	0.837178
66	160	0.831286
66	163	2.67919
67	2	0.903072
67	10	0.803828
67	29	0.862896
67	32	0.858927
67	46	0.840474
67	58	0.901406
67	61	0.885234
67	66	0.809548
67	71	0.859615
67	78	0.838798
67	82	0.839054
67	127	0.807769
67	137	1.49365
67	143	2.33771
67	145	0.837977
67	160	0.832085
67	178	4.74745
68	3	0.933306
68	8	0.808563
68	14	0.915615
68	15	0.822041
68	17	0.808322
68	27	0.863951
68	37	0.858376
68	41	0.859652
68	48	0.856292
68	60	0.823953
68	65	0.89246
68	84	0.85663
68	114	0.847752
68	118	2.18595
68	135	0.754919
68	176	2.73115
68	178	3.88162
69	75	0.827918
69	76	0.894186
69	77	0.83029
69	81	0.874528
69	91	0.887543
69	93	0.886192
69	96	0.874936
69	99	0.87624
69	101	0.865395
69	102	0.865453
69	103	0.900538
69	111	2.29153
69	129	3.24254
69	132	0.790326
69	146	2.42561
69	168	0.786546
69	176	0.773745
70	13	0.898247
70	24	0.87118
70	25	0.874236
70	56	0.839736
70	64	0.827471
70	74	0.818567
70	86	0.836051
70	90	0.870001
70	97	0.851163
70	98	0.851203
70	104	0.831816
70	127	0.81178
70	145	0.841987
70	153	0.735496
70	160	0.836095
70	170	2.22991
70	171	2.29828
70	174	3.98753
71	2	0.95234
71	10	0.853096
71	12	0.852264
71	23	0.929464
71	29	0.912164
71	32	0.908195
71	46	0.889742
71	58	0.950674
71	61	0.934502
71	67	0.859615
71	78	0.888066
71	82	0.888322
71	122	2.40701
71	136	1.2452
71	138	1.21958
71	145	0.887244
71	160	0.881353
71	178	4.83205
72	21	0.909823
72	52	0.930198
72	62	0.911789
72	73	0.812539
72	87	0.842408
72	89	0.821954
72	94	0.865956
72	95	0.875412
72	100	0.812932
72	105	0.882067
72	118	0.782524
72	123	1.67566
72	150	0.817624
72	153	0.740183
72	160	0.840782
72	162	2.50249
72	176	0.758858
72	177	4.45658
73	4	0.929416
73	21	0.894621
73	52	0.914996
73	72	0.812539
73	87	0.827207
73	88	0.809396
73	89	0.806752
73	92	0.852142
73	94	0.850754
73	95	0.86021
73	100	0.79773
73	105	0.866865
73	147	1.58812
73	150	0.802422
73	154	3.82398
73	160	0.82558
73	171	2.94638
73	176	0.743656
74	11	0.826195
74	25	0.874435
74	38	0.84634
74	43	0.859845
74	51	0.834577
74	56	0.839935
74	57	0.91164
74	64	0.82767
74	70	0.818567
74	86	0.83625
74	90	0.8702
74	97	0.851362
74	98	0.851402
74	127	0.811979
74	137	3.06213
74	153	0.735696
74	162	2.81409
74	165	2.75569
75	16	0.806162
75	18	0.882782
75	47	0.844006
75	69	0.827918
75	76	0.864588
75	77	0.800693
75	81	0.84493
75	91	0.857945
75	93	0.856595
75	96	0.845339
75	99	0.846642
75	101	0.835797
75	102	0.835855
75	103	0.87094
75	127	3.23848
75	128	2.30338
75	138	2.78851
75	168	0.756948
75	176	0.744147
76	42	0.890781
76	69	0.894186
76	75	0.864588
76	81	0.911198
76	91	0.924213
76	93	0.922863
76	96	0.911607
76	99	0.91291
76	101	0.902065
76	102	0.902123
76	103	0.937208
76	114	0.901138
76	132	0.826996
76	141	1.09264
76	142	0.864917
76	153	4.55114
76	156	2.13513
76	168	0.823216
76	176	0.810415
77	7	0.876133
77	18	0.885155
77	35	0.864225
77	47	0.846379
77	69	0.83029
77	75	0.800693
77	81	0.847303
77	91	0.860318
77	93	0.858967
77	96	0.847711
77	99	0.849015
77	101	0.83817
77	102	0.838228
77	103	0.873313
77	132	0.763101
77	150	3.759
77	151	2.86997
77	168	0.759321
77	176	0.74652
78	2	0.931523
78	10	0.83228
78	12	0.831448
78	23	0.908648
78	29	0.891348
78	32	0.887379
78	46	0.868926
78	58	0.929857
78	61	0.913686
78	66	0.838
78	67	0.838798
78	71	0.888066
78	82	0.867506
78	127	0.836221
78	137	2.49767
78	140	1.95351
78	145	0.866428
78	147	1.41365
78	160	0.860536
78	179	4.28178
79	1	0.945982
79	22	0.918393
79	34	0.888941
79	44	0.874205
79	49	0.872849
79	50	0.881866
79	54	0.860013
79	59	0.917739
79	63	0.922671
79	80	0.866676
79	83	0.855562
79	84	0.876696
79	85	0.855591
79	105	0.900305
79	129	1.94771
79	154	2.97405
79	164	2.40094
79	173	2.86043
79	177	0.776488
79	179	0.777008
80	1	0.94844
80	7	0.802368
80	22	0.920851
80	34	0.891399
80	44	0.876663
80	49	0.875307
80	50	0.884325
80	54	0.862471
80	59	0.920197
80	63	0.925129
80	79	0.866676
80	83	0.85802
80	85	0.858049
80	105	0.902764
80	112	0.845633
80	142	1.96519
80	143	3.44735
80	172	3.75289
80	177	0.778946
80	179	0.779466
81	16	0.852772
81	35	0.908462
81	47	0.890616
81	69	0.874528
81	75	0.84493
81	76	0.911198
81	77	0.847303
81	91	0.904555
81	93	0.903204
81	96	0.891949
81	99	0.893252
81	101	0.882407
81	102	0.882465
81	103	0.91755
81	115	1.93818
81	120	2.64811
81	126	2.14045
81	162	3.00712
81	168	0.803558
81	176	0.790757
82	2	0.931779
82	10	0.832536
82	12	0.831704
82	23	0.908903
82	29	0.891604
82	32	0.887634
82	46	0.869182
82	58	0.930113
82	61	0.913941
82	66	0.838255
82	67	0.839054
82	71	0.888322
82	78	0.867506
82	110	1.33414
82	125	2.59038
82	127	0.836477
82	136	2.29384
82	145	0.866684
82	154	3.77875
82	160	0.860792
83	1	0.937327
83	22	0.909738
83	34	0.880286
83	44	0.86555
83	49	0.864194
83	50	0.873211
83	54	0.851358
83	59	0.909084
83	63	0.914016
83	79	0.855562
83	80	0.85802
83	84	0.868041
83	85	0.846936
83	105	0.89165
83	111	2.36416
83	112	0.834519
83	122	4.01842
83	126	2.07496
83	128	1.46865
83	177	0.767833
83	179	0.768353
84	15	0.854587
84	26	0.900135
84	28	0.899516
84	30	0.899041
84	31	0.898719
84	48	0.888838
84	50	0.894346
84	60	0.856499
84	65	0.925006
84	68	0.85663
84	79	0.876696
84	83	0.868041
84	85	0.86807
84	110	1.79109
84	120	2.4768
84	135	0.787465
84	142	0.844076
84	152	2.00446
84	156	3.77237
84	177	0.788967
84	179	0.789487
85	1	0.937355
85	22	0.909767
85	34	0.880315
85	44	0.865579
85	49	0.864223
85	50	0.87324
85	54	0.851387
85	59	0.909112
85	63	0.914044
85	79	0.855591
85	80	0.858049
85	83	0.846936
85	84	0.86807
85	105	0.891679
85	112	0.834548
85	129	2.68866
85	139	1.22168
85	159	2.87602
85	168	3.66055
85	177	0.767862
85	179	0.768381
86	11	0.84368
86	24	0.888864
86	25	0.891919
86	38	0.863825
86	43	0.87733
86	51	0.852062
86	56	0.857419
86	57	0.929125
86	70	0.836051
86	74	0.83625
86	90	0.887685
86	97	0.868847
86	98	0.868887
86	104	0.849499
86	127	0.829463
86	138	2.19706
86	139	2.09147
86	141	3.07897
86	145	0.85967
86	160	0.853779
86	163	2.59212
87	6	0.856882
87	21	0.92449
87	39	0.875622
87	52	0.944865
87	62	0.926457
87	72	0.842408
87	73	0.827207
87	88	0.839265
87	89	0.836621
87	92	0.882011
87	94	0.880623
87	95	0.890079
87	100	0.827599
87	110	1.68248
87	118	0.797191
87	126	1.86054
87	145	0.861341
87	153	0.75485
87	156	3.66376
87	160	0.855449
87	171	3.24949
87	176	0.773525
88	4	0.941474
88	6	0.839071
88	21	0.906679
88	39	0.857811
88	52	0.927054
88	62	0.908646
88	73	0.809396
88	87	0.839265
88	89	0.81881
88	92	0.8642
88	94	0.862812
88	95	0.872268
88	100	0.809788
88	105	0.878923
88	112	2.39942
88	121	2.19286
88	140	1.8576
88	145	0.84353
88	150	0.81448
88	160	0.837638
88	174	4.36525
88	176	0.755714
89	4	0.938831
89	6	0.836427
89	21	0.904035
89	39	0.855168
89	52	0.924411
89	62	0.906002
89	72	0.821954
89	73	0.806752
89	87	0.836621
89	88	0.81881
89	92	0.861556
89	94	0.860169
89	95	0.869625
89	100	0.807145
89	105	0.87628
89	139	2.12229
89	145	0.840886
89	146	2.77234
89	151	2.13714
89	153	0.734396
89	157	3.48932
89	160	0.834995
89	176	0.75307
90	11	0.87763
90	13	0.949881
90	24	0.922814
90	25	0.925869
90	38	0.897775
90	43	0.91128
90	51	0.886012
90	56	0.891369
90	57	0.963075
90	64	0.879105
90	70	0.870001
90	74	0.8702
90	86	0.887685
90	97	0.902797
90	98	0.902837
90	104	0.883449
90	144	1.66699
90	153	0.78713
90	157	1.98023
90	159	2.26753
90	160	0.887729
90	169	3.97419
90	175	2.66727
91	16	0.865787
91	35	0.921477
91	47	0.903631
91	69	0.887543
91	75	0.857945
91	76	0.924213
91	77	0.860318
91	81	0.904555
91	93	0.91622
91	96	0.904964
91	99	0.906267
91	101	0.895422
91	102	0.89548
91	103	0.930565
91	105	0.926982
91	116	1.97048
91	126	2.09661
91	132	0.820353
91	133	3.71117
91	142	0.858274
91	147	2.1273
91	151	1.88469
91	168	0.816573
91	176	0.803772
92	4	0.98422
92	6	0.881817
92	21	0.949425
92	39	0.900557
92	52	0.9698
92	62	0.951392
92	73	0.852142
92	87	0.882011
92	88	0.8642
92	89	0.861556
92	94	0.905558
92	95	0.915014
92	100	0.852534
92	116	1.08622
92	118	0.822126
92	136	1.994
92	145	0.886276
92	150	0.857226
92	153	0.779785
92	160	0.880384
92	164	2.90579
92	165	2.02062
92	169	4.34657
92	176	0.79846
93	16	0.864437
93	18	0.941057
93	47	0.90228
93	69	0.886192
93	75	0.856595
93	76	0.922863
93	77	0.858967
93	81	0.903204
93	91	0.91622
93	96	0.903613
93	99	0.904917
93	101	0.894071
93	102	0.89413
93	103	0.929215
93	104	2.38636
93	105	0.925631
93	123	1.36868
93	128	1.56877
93	132	0.819003
93	142	0.856923
93	153	5.54808
93	167	2.1738
93	168	0.815222
93	176	0.802422
94	4	0.982833
94	6	0.88043
94	39	0.89917
94	52	0.968413
94	62	0.950004
94	72	0.865956
94	73	0.850754
94	87	0.880623
94	88	0.862812
94	89	0.860169
94	92	0.905558
94	95	0.913627
94	100	0.851147
94	105	0.920282
94	115	1.31095
94	127	1.84202
94	142	1.98984
94	145	0.884888
94	150	0.855839
94	153	0.778398
94	160	0.878997
94	164	3.20667
94	172	3.77754
94	176	0.797072
95	6	0.889886
95	7	0.778146
95	21	0.957494
95	39	0.908626
95	52	0.977869
95	72	0.875412
95	73	0.86021
95	87	0.890079
95	88	0.872268
95	89	0.869625
95	92	0.915014
95	94	0.913627
95	100	0.860603
95	105	0.929738
95	118	0.830195
95	121	2.25991
95	124	3.07271
95	145	0.894345
95	150	0.865295
95	153	0.787854
95	159	2.78168
95	160	0.888453
95	173	3.50703
95	176	0.806529
96	16	0.853181
96	18	0.929801
96	35	0.908871
96	69	0.874936
96	75	0.845339
96	76	0.911607
96	77	0.847711
96	81	0.891949
96	91	0.904964
96	93	0.903613
96	99	0.893661
96	101	0.882815
96	102	0.882874
96	103	0.917959
96	105	0.914375
96	114	0.881888
96	118	3.29032
96	132	0.807747
96	142	0.845667
96	159	2.04506
96	161	3.33742
96	165	1.42576
96	168	0.803967
96	172	2.8818
96	176	0.791166
97	11	0.858792
97	13	0.931043
97	24	0.903976
97	25	0.907031
97	38	0.878937
97	43	0.892442
97	51	0.867174
97	56	0.872531
97	57	0.944237
97	64	0.860267
97	70	0.851163
97	74	0.851362
97	86	0.868847
97	90	0.902797
97	98	0.883999
97	104	0.864611
97	125	2.15785
97	127	0.844575
97	132	2.95738
97	145	0.874783
97	153	0.768292
97	157	2.21993
97	158	1.67298
97	160	0.868891
97	180	3.55101
98	11	0.858832
98	13	0.931083
98	24	0.904016
98	25	0.907072
98	38	0.878977
98	43	0.892482
98	51	0.867214
98	56	0.872571
98	57	0.944277
98	64	0.860307
98	70	0.851203
98	74	0.851402
98	86	0.868887
98	90	0.902837
98	97	0.883999
98	104	0.864651
98	107	2.34379
98	116	2.02227
98	117	3.11187
98	127	0.844615
98	145	0.874823
98	149	2.4538
98	152	2.18371
98	153	0.768332
98	160	0.868931
99	16	0.854485
99	18	0.931104
99	35	0.910174
99	47	0.892328
99	69	0.87624
99	75	0.846642
99	76	0.91291
99	77	0.849015
99	81	0.893252
99	91	0.906267
99	93	0.904917
99	96	0.893661
99	101	0.884119
99	102	0.884178
99	103	0.919262
99	114	0.883192
99	115	1.31045
99	132	0.809051
99	133	2.21064
99	142	0.846971
99	168	0.80527
99	172	2.86038
99	173	2.749
99	176	0.792469
99	179	3.4949
100	4	0.929809
100	6	0.827406
100	21	0.895013
100	39	0.846146
100	52	0.915389
100	62	0.89698
100	72	0.812932
100	73	0.79773
100	87	0.827599
100	88	0.809788
100	89	0.807145
100	92	0.852534
100	94	0.851147
100	95	0.860603
100	105	0.867258
100	118	0.767715
100	123	1.71463
100	139	1.44803
100	145	0.831864
100	150	0.802815
100	153	0.725374
100	160	0.825973
100	161	4.39472
100	176	0.744048
100	180	4.14614
101	16	0.843639
101	18	0.920259
101	35	0.899329
101	47	0.881483
101	69	0.865395
101	75	0.835797
101	76	0.902065
101	77	0.83817
101	81	0.882407
101	91	0.895422
101	93	0.894071
101	96	0.882815
101	99	0.884119
101	102	0.873332
101	103	0.908417
101	105	0.904833
101	114	0.872347
101	127	2.50524
101	132	0.798205
101	138	2.05527
101	139	1.94969
101	142	0.836125
101	146	2.59974
101	168	0.794425
101	170	3.49704
101	176	0.781624
102	16	0.843698
102	18	0.920317
102	35	0.899387
102	47	0.881541
102	69	0.865453
102	75	0.835855
102	76	0.902123
102	77	0.838228
102	81	0.882465
102	91	0.89548
102	93	0.89413
102	96	0.882874
102	99	0.884178
102	101	0.873332
102	103	0.908475
102	105	0.904892
102	114	0.872405
102	122	3.17458
102	132	0.798264
102	142	0.836184
102	150	1.90823
102	158	1.82443
102	166	2.68459
102	168	0.794483
102	173	3.38405
102	176	0.781682
103	16	0.878782
103	18	0.955402
103	35	0.934472
103	47	0.916626
103	69	0.900538
103	75	0.87094
103	76	0.937208
103	77	0.873313
103	81	0.91755
103	91	0.930565
103	93	0.929215
103	96	0.917959
103	99	0.919262
103	101	0.908417
103	102	0.908475
103	105	0.939977
103	112	1.96655
103	114	0.90749
103	132	0.833348
103	139	1.49868
103	140	1.42473
103	142	0.871269
103	168	0.829568
103	169	3.9884
103	170	2.17476
103	176	0.816767
103	180	3.32553
104	1	1.88287
104	20	1.87673
104	29	1.65404
104	36	0.885369
104	40	0.880572
104	51	0.847826
104	53	0.869457
104	55	0.86898
104	70	0.831816
104	86	0.849499
104	90	0.883449
104	93	2.38636
104	97	0.864611
104	98	0.864651
104	121	0.824438
104	152	0.849178
104	153	0.748945
104	159	0.827699
104	166	0.808737
104	168	0.78042
104	171	0.817058
104	172	0.790396
104	177	0.767011
104	178	0.770012
104	179	0.767531
104	180	0.787337
105	35	0.930889
105	54	0.896101
105	72	0.882067
105	73	0.866865
105	79	0.900305
105	80	0.902764
105	83	0.89165
105	85	0.891679
105	88	0.878923
105	89	0.87628
105	91	0.926982
105	93	0.925631
105	94	0.920282
105	95	0.929738
105	96	0.914375
105	100	0.867258
105	101	0.904833
105	102	0.904892
105	103	0.939977
105	113	1.98851
105	131	2.02682
105	141	2.86757
105	147	2.13753
105	151	1.89492
105	167	2.95179
105	176	0.813184
105	177	0.812576
105	179	0.813096
106	26	4.22866
106	61	4.17134
106	121	0.764367
106	128	0.846281
106	133	0.747882
106	140	0.798779
106	141	0.765721
106	146	0.761429
106	148	0.759998
106	149	0.799205
106	151	0.79608
106	154	0.726347
106	155	0.676893
106	158	0.780617
106	162	0.781168
106	163	0.771371
106	164	0.748931
106	165	0.77207
106	166	0.748667
106	168	0.720349
106	169	0.715792
106	170	0.760588
106	171	0.756987
106	172	0.730325
106	173	0.735714
106	178	0.709942
106	179	0.70746
106	180	0.727266
107	32	1.48202
107	34	1.97348
107	66	2.6007
107	98	2.34379
107	125	0.832887
107	130	0.790251
107	131	0.863934
107	138	0.853049
107	141	0.829549
107	143	0.808352
107	144	0.868221
107	147	0.860443
107	148	0.823827
107	151	0.859908
107	155	0.740722
107	159	0.831456
107	164	0.812759
107	165	0.835899
107	166	0.812495
107	167	0.832531
107	170	0.824417
107	171	0.820816
107	172	0.794154
107	173	0.799542
107	174	0.786219
107	177	0.770769
107	178	0.77377
107	180	0.791094
108	3	3.23186
108	17	4.86814
108	111	0.777045
108	115	0.837321
108	121	0.760223
108	125	0.764914
108	128	0.842137
108	135	0.701294
108	137	0.769075
108	139	0.817081
108	140	0.794635
108	151	0.791936
108	152	0.784963
108	157	0.756881
108	163	0.767226
108	164	0.744787
108	167	0.764559
108	169	0.711648
108	170	0.756444
108	171	0.752843
108	172	0.726181
108	173	0.73157
108	174	0.718246
108	175	0.727646
108	176	0.703404
108	178	0.705797
108	180	0.723122
109	5	1.86143
109	48	2.21436
109	56	1.94195
109	115	0.904923
109	120	0.840138
109	126	0.848787
109	127	0.828615
109	128	0.90974
109	130	0.789881
109	134	0.795609
109	138	0.852678
109	142	0.825508
109	144	0.867851
109	146	0.824888
109	155	0.740352
109	156	0.814298
109	158	0.844075
109	160	1.3802
109	165	0.835529
109	168	0.783807
109	169	0.77925
109	171	0.820446
109	172	0.793784
109	173	0.799172
109	175	0.795249
109	177	0.770399
109	178	0.7734
109	180	0.790724
110	47	2.03936
110	82	1.33414
110	84	1.79109
110	87	1.68248
110	116	0.89836
110	120	0.870057
110	129	0.851256
110	133	0.84126
110	137	0.866597
110	138	0.882598
110	139	0.914603
110	140	0.892157
110	146	0.854807
110	147	0.889992
110	148	0.853376
110	152	0.882485
110	154	0.819725
110	156	0.844217
110	160	0.550882
110	164	0.842309
110	165	0.865448
110	170	0.853966
110	172	0.823703
110	173	0.829092
110	174	0.815768
110	175	0.825168
110	178	0.803319
110	180	0.820644
111	24	1.60238
111	60	2.44192
111	69	2.29153
111	83	2.36416
111	108	0.777045
111	116	0.861048
111	119	0.82932
111	126	0.841395
111	129	0.813945
111	136	0.834769
111	146	0.817496
111	147	0.852681
111	149	0.855272
111	154	0.782413
111	156	0.806906
111	158	0.836684
111	159	0.823694
111	162	0.837235
111	164	0.804997
111	165	0.828137
111	166	0.804733
111	167	0.824769
111	168	0.776416
111	169	0.771858
111	171	0.813054
111	173	0.79178
111	174	0.778457
111	178	0.766008
111	180	0.783332
112	40	0.869006
112	45	0.87367
112	46	1.59282
112	53	0.857891
112	54	0.83897
112	55	0.857414
112	59	0.896696
112	63	0.901628
112	65	2.1412
112	80	0.845633
112	83	0.834519
112	85	0.834548
112	88	2.39942
112	103	1.96655
112	140	0.847284
112	147	0.845119
112	150	0.814819
112	156	0.799344
112	168	0.768854
112	170	0.809093
112	173	0.784218
112	174	0.770895
112	175	0.780295
112	177	0.755445
112	178	0.758446
112	179	0.755965
112	180	0.775771
113	9	2.62689
113	45	1.33912
113	62	1.21495
113	63	1.53053
113	105	1.98851
113	115	0.932773
113	116	0.89629
113	131	0.891414
113	140	0.890088
113	144	0.895701
113	150	0.857623
113	151	0.887388
113	154	0.817655
113	155	0.768202
113	156	0.842148
113	158	0.871926
113	162	0.872477
113	165	0.863379
113	166	0.839975
113	168	0.811658
113	170	0.851897
113	172	0.821634
113	173	0.827022
113	174	0.813699
113	175	0.823099
113	176	0.798857
113	177	0.798249
113	178	0.80125
113	180	0.818574
114	14	0.939283
114	19	0.914826
114	20	0.914163
114	26	0.891257
114	27	0.887619
114	28	0.890638
114	30	0.890163
114	31	0.889841
114	37	0.882044
114	41	0.88332
114	48	0.879961
114	60	0.847621
114	65	0.916128
114	68	0.847752
114	76	0.901138
114	96	0.881888
114	99	0.883192
114	101	0.872347
114	102	0.872405
114	103	0.90749
114	119	1.54823
114	125	1.54916
114	132	0.797278
114	133	2.08554
114	142	0.835199
114	161	3.19091
114	168	0.793498
114	174	3.54918
114	176	0.780697
114	177	3.29174
115	13	1.5038
115	34	1.57581
115	48	1.36082
115	81	1.93818
115	94	1.31095
115	99	1.31045
115	108	0.837321
115	109	0.904923
115	113	0.932773
115	131	0.916448
115	135	0.821781
115	138	0.905563
115	140	0.915122
115	148	0.876341
115	149	0.915548
115	152	0.90545
115	154	0.84269
115	158	0.89696
115	163	0.887713
115	164	0.865274
115	165	0.888413
115	167	0.885046
115	169	0.832135
115	170	0.876931
115	171	0.87333
115	173	0.852057
115	174	0.838733
115	175	0.848133
115	178	0.826284
115	180	0.843609
116	63	1.52272
116	91	1.97048
116	92	1.08622
116	98	2.02227
116	110	0.89836
116	111	0.861048
116	113	0.89629
116	122	0.823736
116	126	0.865189
116	128	0.926141
116	129	0.837738
116	136	0.858562
116	143	0.824383
116	144	0.884252
116	145	1.13904
116	147	0.876474
116	151	0.87594
116	154	0.806206
116	157	0.840885
116	158	0.860477
116	164	0.828791
116	165	0.85193
116	166	0.828526
116	167	0.848562
116	169	0.795651
116	171	0.836847
116	175	0.81165
116	178	0.789801
116	180	0.807125
117	36	1.28013
117	42	0.832387
117	53	1.42009
117	98	3.11187
117	119	0.825488
117	123	0.879979
117	125	0.821293
117	130	0.778658
117	133	0.800117
117	139	0.87346
117	141	0.817956
117	143	0.796758
117	144	0.856628
117	145	2.22864
117	146	0.813664
117	147	0.84885
117	148	0.812233
117	152	0.841342
117	155	0.729128
117	157	0.813261
117	161	0.785047
117	165	0.824305
117	167	0.820938
117	170	0.812823
117	171	0.809222
117	174	0.774626
117	175	0.784025
117	178	0.762177
117	179	0.759695
117	180	0.779501
118	16	3.82373
118	36	0.831391
118	39	0.815738
118	45	0.831258
118	52	0.884981
118	53	0.815479
118	55	0.815002
118	68	2.18595
118	72	0.782524
118	87	0.797191
118	92	0.822126
118	95	0.830195
118	96	3.29032
118	100	0.767715
118	129	0.76397
118	133	0.753975
118	134	0.738243
118	137	0.779312
118	141	0.771813
118	147	0.802707
118	150	0.772407
118	154	0.732439
118	158	0.786709
118	166	0.754759
118	168	0.726441
118	174	0.728483
118	175	0.737882
118	176	0.71364
118	177	0.713033
118	179	0.713553
118	180	0.733358
119	14	1.78775
119	39	3.15579
119	111	0.82932
119	114	1.54823
119	117	0.825488
119	122	0.792007
119	123	0.875875
119	129	0.806009
119	138	0.837351
119	139	0.869356
119	143	0.792654
119	146	0.80956
119	148	0.808129
119	152	0.837238
119	155	0.725024
119	156	0.79897
119	158	0.828748
119	160	1.80618
119	162	0.829299
119	163	0.819502
119	164	0.797062
119	166	0.796798
119	167	0.816834
119	169	0.763923
119	170	0.808719
119	172	0.778456
119	173	0.783845
119	174	0.770521
119	175	0.779921
119	178	0.758073
119	180	0.775397
120	18	1.96202
120	42	0.831709
120	58	2.21306
120	81	2.64811
120	84	2.4768
120	109	0.840138
120	110	0.870057
120	125	0.820615
120	126	0.836886
120	127	0.816714
120	130	0.77798
120	133	0.799439
120	136	0.83026
120	151	0.847637
120	152	0.840664
120	154	0.777904
120	155	0.72845
120	156	0.802396
120	159	0.819185
120	164	0.800488
120	165	0.823627
120	166	0.800224
120	167	0.82026
120	169	0.767349
120	170	0.812145
120	172	0.781882
120	174	0.773947
120	175	0.783347
120	176	0.759105
120	178	0.761498
120	180	0.778823
121	43	2.51043
121	88	2.19286
121	95	2.25991
121	104	0.824438
121	106	0.764367
121	108	0.760223
121	123	0.866988
121	128	0.885526
121	130	0.765667
121	137	0.812464
121	138	0.828465
121	139	0.86047
121	140	0.838024
121	146	0.800674
121	147	0.835859
121	156	0.790084
121	157	0.80027
121	159	0.806872
121	160	1.63474
121	161	0.772057
121	162	0.820413
121	163	0.810615
121	164	0.788176
121	165	0.811315
121	167	0.807947
121	170	0.799833
121	173	0.774958
121	174	0.761635
121	175	0.771035
121	177	0.746185
121	178	0.749186
121	180	0.76651
122	71	2.40701
122	83	4.01842
122	102	3.17458
122	116	0.823736
122	119	0.792007
122	123	0.846497
122	126	0.804083
122	130	0.745176
122	132	0.742883
122	133	0.766636
122	134	0.750905
122	137	0.791973
122	138	0.807974
122	143	0.763277
122	144	0.823146
122	148	0.778752
122	151	0.814834
122	152	0.807861
122	154	0.745101
122	155	0.695647
122	156	0.769593
122	157	0.779779
122	159	0.786382
122	163	0.790124
122	165	0.790824
122	166	0.767421
122	169	0.734546
122	172	0.749079
122	173	0.754468
122	175	0.750544
122	178	0.728695
122	180	0.74602
123	6	2.57468
123	17	1.33796
123	59	1.22839
123	72	1.67566
123	93	1.36868
123	100	1.71463
123	117	0.879979
123	119	0.875875
123	121	0.866988
123	122	0.846497
123	134	0.834772
123	136	0.881324
123	137	0.875841
123	138	0.891841
123	141	0.868342
123	146	0.864051
123	149	0.901827
123	151	0.898701
123	155	0.779515
123	156	0.853461
123	157	0.863647
123	162	0.88379
123	163	0.873992
123	165	0.874692
123	166	0.851288
123	169	0.818413
123	170	0.863209
123	173	0.838335
123	174	0.825012
123	175	0.834412
123	178	0.812563
123	179	0.810082
123	180	0.829887
124	31	2.65997
124	37	2.06718
124	44	1.80014
124	95	3.07271
124	125	0.817544
124	129	0.806364
124	130	0.774908
124	131	0.848591
124	134	0.780637
124	137	0.821705
124	139	0.869711
124	143	0.793009
124	144	0.852878
124	146	0.809915
124	148	0.808484
124	149	0.847691
124	151	0.844566
124	154	0.774833
124	161	0.781298
124	162	0.829654
124	163	0.819856
124	166	0.797152
124	168	0.768835
124	169	0.764278
124	170	0.809074
124	171	0.805473
124	173	0.7842
124	175	0.780276
124	176	0.756034
124	178	0.758427
124	179	0.755946
124	180	0.775752
125	82	2.59038
125	97	2.15785
125	107	0.832887
125	108	0.764914
125	114	1.54916
125	117	0.821293
125	120	0.820615
125	124	0.817544
125	126	0.829265
125	128	0.890217
125	129	0.801814
125	133	0.791818
125	134	0.776087
125	138	0.833156
125	145	2.34335
125	146	0.805365
125	149	0.843141
125	152	0.833043
125	153	0.73281
125	155	0.720829
125	157	0.804961
125	158	0.824553
125	159	0.811564
125	161	0.776748
125	162	0.825104
125	164	0.792867
125	167	0.812639
125	171	0.800923
125	174	0.766326
125	175	0.775726
125	178	0.753877
125	180	0.771202
126	23	2.02744
126	81	2.14045
126	83	2.07496
126	87	1.86054
126	91	2.09661
126	109	0.848787
126	111	0.841395
126	116	0.865189
126	120	0.836886
126	122	0.804083
126	125	0.829265
126	129	0.818085
126	131	0.860312
126	136	0.838909
126	137	0.833426
126	144	0.864599
126	151	0.856287
126	152	0.849314
126	156	0.811046
126	157	0.821232
126	158	0.840824
126	159	0.827835
126	163	0.831577
126	165	0.832277
126	167	0.82891
126	171	0.817194
126	172	0.790532
126	173	0.795921
126	175	0.791997
126	176	0.767755
126	177	0.767147
126	178	0.770148
126	179	0.767667
126	180	0.787473
127	12	0.800419
127	23	0.877619
127	28	1.12803
127	29	0.860319
127	38	0.839553
127	45	1.78624
127	51	0.82779
127	56	0.833148
127	58	0.898829
127	61	0.882657
127	67	0.807769
127	70	0.81178
127	74	0.811979
127	75	3.23848
127	78	0.836221
127	82	0.836477
127	86	0.829463
127	94	1.84202
127	97	0.844575
127	98	0.844615
127	101	2.50524
127	109	0.828615
127	120	0.816714
127	145	0.835399
127	146	0.801464
127	155	0.716928
127	160	0.829508
127	161	0.772847
127	163	0.811405
127	167	0.808738
127	172	0.77036
127	175	0.771825
127	176	0.747583
127	178	0.749976
127	180	0.767301
128	11	0.996754
128	43	0.998314
128	49	1.60865
128	50	1.55549
128	75	2.30338
128	83	1.46865
128	93	1.56877
128	106	0.846281
128	108	0.842137
128	109	0.90974
128	116	0.926141
128	121	0.885526
128	125	0.890217
128	130	0.847582
128	131	0.921264
128	133	0.869041
128	136	0.899862
128	137	0.894379
128	138	0.910379
128	143	0.865682
128	151	0.917239
128	152	0.910266
128	153	0.810033
128	154	0.847506
128	156	0.871998
128	157	0.882185
128	159	0.888787
128	163	0.89253
128	166	0.869826
128	169	0.836951
128	170	0.881747
128	172	0.851484
128	173	0.856873
128	175	0.852949
128	180	0.848425
129	41	2.62109
129	69	3.24254
129	79	1.94771
129	85	2.68866
129	110	0.851256
129	111	0.813945
129	116	0.837738
129	118	0.76397
129	119	0.806009
129	124	0.806364
129	125	0.801814
129	126	0.818085
129	136	0.811458
129	138	0.821976
129	139	0.853981
129	141	0.798477
129	144	0.837148
129	146	0.794185
129	151	0.828836
129	153	0.72163
129	154	0.759103
129	155	0.709649
129	156	0.783595
129	158	0.813373
129	161	0.765568
129	163	0.804126
129	167	0.801459
129	170	0.793344
129	172	0.763081
129	173	0.76847
129	174	0.755146
129	175	0.764546
129	178	0.742697
129	179	0.740216
129	180	0.760022
130	20	3.71509
130	30	3.57238
130	36	3.21253
130	107	0.790251
130	109	0.789881
130	117	0.778658
130	120	0.77798
130	121	0.765667
130	122	0.745176
130	124	0.774908
130	128	0.847582
130	131	0.801406
130	138	0.790521
130	140	0.80008
130	141	0.767021
130	143	0.745824
130	144	0.805693
130	146	0.76273
130	148	0.761299
130	152	0.790408
130	156	0.75214
130	157	0.762326
130	162	0.782469
130	163	0.772671
130	164	0.750231
130	165	0.773371
130	166	0.749967
130	167	0.770003
130	171	0.758288
130	172	0.731626
130	174	0.723691
130	175	0.733091
130	178	0.711242
130	179	0.708761
130	180	0.728566
131	39	1.99852
131	55	2.05161
131	58	1.62538
131	62	1.25325
131	105	2.02682
131	107	0.863934
131	113	0.891414
131	115	0.916448
131	124	0.848591
131	126	0.860312
