1	100	0.835612
1	106	0.89235
1	111	0.878184
1	119	2.75753
1	123	0.886679
1	124	0.878062
1	131	0.865961
1	136	0.856082
1	167	2.81058
1	170	0.81777
1	175	0.738242
1	178	0.75846
2	40	0.966606
2	43	0.758874
2	83	0.955012
2	90	0.992898
2	91	0.992442
2	98	0.992086
2	125	2.82895
2	159	0.933632
2	164	2.46494
2	171	0.874283
2	175	6.97765
2	178	0.840304
3	44	0.801789
3	57	0.860086
3	62	0.837069
3	92	0.897447
3	94	0.842247
3	95	0.842069
3	108	0.883104
3	120	2.08383
3	140	3.12922
3	147	0.874333
3	154	0.781431
3	171	0.787802
4	39	0.883968
4	44	0.798753
4	57	0.85705
4	62	0.834033
4	92	0.894411
4	94	0.839211
4	95	0.839033
4	108	0.880068
4	156	2.2285
4	164	0.826443
4	167	3.19348
4	171	0.784766
5	100	0.838379
5	105	2.92265
5	111	0.880951
5	114	2.44035
5	116	0.869608
5	123	0.889446
5	124	0.880829
5	131	0.868728
5	136	0.858849
5	170	0.820537
5	175	0.741009
5	178	0.761227
6	21	0.966018
6	29	0.890198
6	45	0.949837
6	46	0.945143
6	53	0.945206
6	65	0.988201
6	128	2.45607
6	137	2.11671
6	147	0.963527
6	152	0.848627
6	156	0.923435
6	159	0.936345
7	8	0.914969
7	28	0.90214
7	29	0.89189
7	46	0.946835
7	53	0.946898
7	65	0.989894
7	89	1.27065
7	143	2.44817
7	147	0.965219
7	156	0.925127
7	159	0.938037
7	162	2.99147
8	7	0.914969
8	20	0.827905
8	28	0.804315
8	45	0.853704
8	46	0.849009
8	53	0.849073
8	65	0.892068
8	152	0.752494
8	154	2.38308
8	156	0.827302
8	159	0.840212
8	162	3.16013
9	14	0.898772
9	80	0.846009
9	81	0.846254
9	87	0.902807
9	97	0.8151
9	102	0.855961
9	107	0.869484
9	109	0.855753
9	159	0.821773
9	169	3.78392
9	175	0.708228
9	180	2.04903
10	97	2.65627
10	110	0.819783
10	145	0.839545
10	150	0.73563
10	166	0.792532
10	167	0.782404
10	168	0.719352
10	174	0.726799
10	176	0.74937
10	177	0.711408
10	179	0.747422
10	180	0.765376
11	38	0.877423
11	54	0.795182
11	60	0.847121
11	67	0.831879
11	69	0.838377
11	71	0.885028
11	84	0.863346
11	86	0.863188
11	105	2.28058
11	139	0.837422
11	162	0.796591
11	173	3.05866
12	44	0.897901
12	56	0.943296
12	62	0.933181
12	92	0.993559
12	94	0.938359
12	95	0.93818
12	108	0.979215
12	164	0.92559
12	171	0.883914
12	172	3.60526
12	176	1.62662
12	178	2.18736
13	78	0.890699
13	86	1.89269
13	134	0.891629
13	155	0.841785
13	168	0.808919
13	169	0.838488
13	173	0.858842
13	174	0.816366
13	176	0.838936
13	177	0.800975
13	179	0.836988
13	180	0.854942
14	9	0.898772
14	19	0.898898
14	80	0.964515
14	81	0.964759
14	97	0.933605
14	102	0.974466
14	107	0.987989
14	109	0.974258
14	117	1.59584
14	156	1.92005
14	170	2.9764
14	175	0.826733
15	23	0.884854
15	34	0.873753
15	48	0.844636
15	55	0.859451
15	68	0.764903
15	72	0.870658
15	74	0.866743
15	88	0.836584
15	122	1.29745
15	135	0.798778
15	139	0.828358
15	179	4.41652
16	24	0.809628
16	41	0.879644
16	58	0.844262
16	73	0.872135
16	75	0.88092
16	78	0.811626
16	79	0.861715
16	82	0.86182
16	151	1.36673
16	160	3.88506
16	162	0.798728
16	170	0.81293
17	42	0.965035
17	83	0.954025
17	90	0.991911
17	91	0.991455
17	98	0.991098
17	151	1.18509
17	154	0.866925
17	159	0.932644
17	171	0.873296
17	173	2.42573
17	178	0.839316
17	180	3.22137
18	54	0.796296
18	60	0.848236
18	66	0.907508
18	67	0.832994
18	69	0.839491
18	71	0.886143
18	84	0.864461
18	86	0.864303
18	89	1.44338
18	150	4.82178
18	153	0.770233
18	162	0.797705
19	14	0.898898
19	51	0.835417
19	80	0.846135
19	81	0.84638
19	87	0.902933
19	97	0.815226
19	102	0.856087
19	107	0.869609
19	109	0.855879
19	157	3.92165
19	160	1.93101
19	175	0.708353
20	8	0.827905
20	28	0.815076
20	29	0.804826
20	46	0.859771
20	53	0.859834
20	65	0.90283
20	147	0.878156
20	152	0.763255
20	154	2.31222
20	156	0.838063
20	159	0.850974
20	171	3.24269
21	6	0.966018
21	69	0.791189
21	100	0.222638
21	127	0.958328
21	157	0.946377
21	170	0.966217
21	173	0.944498
21	174	0.902022
21	176	0.924593
21	177	0.886631
21	179	0.922645
21	180	0.940598
22	80	0.858402
22	81	0.858647
22	87	0.9152
22	97	0.827493
22	101	1.09464
22	102	0.868354
22	107	0.881877
22	109	0.868146
22	126	0.782503
22	159	0.834166
22	175	0.72062
22	176	5.1273
23	15	0.884854
23	30	0.942285
23	33	0.959636
23	34	0.950393
23	48	0.921276
23	68	0.841543
23	72	0.947298
23	74	0.943383
23	88	0.913224
23	117	1.54376
23	133	0.825251
23	149	2.29221
23	167	2.83295
24	16	0.809628
24	36	0.880461
24	37	0.87953
24	52	0.836975
24	58	0.823274
24	75	0.859932
24	78	0.790638
24	79	0.840727
24	82	0.840831
24	140	2.59904
24	160	3.30503
24	162	0.777739
24	170	0.791942
25	109	2.86766
25	127	0.777568
25	148	0.864894
25	160	0.795717
25	163	0.772504
25	168	0.713814
25	172	0.728503
25	173	0.763738
25	174	0.721262
25	176	0.743832
25	177	0.70587
25	179	0.741884
25	180	0.759838
26	30	0.863005
26	33	0.880355
26	34	0.871113
26	48	0.841996
26	50	0.850119
26	68	0.762263
26	74	0.864102
26	88	0.833944
26	133	0.745971
26	135	0.796138
26	139	0.825718
26	151	1.38082
26	173	3.98751
27	99	0.91465
27	100	0.912256
27	106	0.968994
27	116	0.943485
27	122	1.50842
27	124	0.954706
27	131	0.942605
27	136	0.932726
27	149	1.82917
27	153	3.61552
27	170	0.894414
27	175	0.814886
27	178	0.835104
28	7	0.90214
28	8	0.804315
28	20	0.815076
28	29	0.781235
28	46	0.83618
28	53	0.836244
28	65	0.879239
28	147	0.854565
28	152	0.739665
28	153	3.64219
28	156	0.814473
28	159	0.827383
28	170	2.48796
29	6	0.890198
29	7	0.89189
29	20	0.804826
29	28	0.781235
29	46	0.82593
29	53	0.825993
29	65	0.868989
29	147	0.844314
29	152	0.729414
29	155	4.17851
29	156	0.804222
29	159	0.817132
29	166	2.03686
30	23	0.942285
30	26	0.863005
30	33	0.940426
30	47	0.91417
30	48	0.902067
30	50	0.91019
30	55	0.916882
30	72	0.928089
30	74	0.924174
30	88	0.894015
30	115	1.88287
30	161	1.83007
30	179	3.75586
31	32	0.806964
31	40	0.962259
31	43	0.754527
31	83	0.950666
31	90	0.988552
31	91	0.988096
31	98	0.98774
31	145	1.41507
31	157	3.082
31	159	0.929286
31	171	0.869937
31	178	0.835958
31	179	3.23582
32	31	0.806964
32	42	0.773349
32	43	0.794875
32	83	0.762339
32	90	0.800225
32	91	0.799769
32	98	0.799412
32	126	0.689295
32	151	4.47608
32	153	0.665266
32	159	0.740959
32	171	0.68161
32	178	0.647631
33	23	0.959636
33	26	0.880355
33	30	0.940426
33	34	0.948534
33	50	0.927541
33	68	0.839685
33	72	0.94544
33	74	0.941524
33	88	0.911365
33	128	0.731868
33	133	0.823392
33	162	2.73125
33	180	3.16742
34	15	0.873753
34	23	0.950393
34	26	0.871113
34	33	0.948534
34	47	0.922278
34	48	0.910175
34	72	0.936197
34	74	0.932282
34	88	0.902123
34	113	1.68053
34	135	0.864317
34	175	7.61106
34	178	2.42905
35	57	2.57327
35	128	0.878208
35	140	0.775455
35	143	0.808108
35	150	0.723758
35	163	0.766171
35	169	0.73705
35	172	0.72217
35	173	0.757405
35	176	0.737499
35	177	0.699537
35	179	0.735551
35	180	0.753504
36	24	0.880461
36	58	0.915095
36	73	0.942968
36	75	0.951753
36	78	0.882459
36	79	0.932549
36	82	0.932653
36	132	1.47838
36	133	4.12552
36	156	0.904871
36	162	0.869561
36	166	1.93687
36	170	0.883764
37	24	0.87953
37	52	0.927866
37	73	0.942037
37	75	0.950823
37	78	0.881528
37	79	0.931618
37	82	0.931722
37	128	0.715764
37	145	1.69321
37	156	0.90394
37	158	4.02995
37	162	0.86863
37	170	0.882833
38	11	0.877423
38	60	0.898203
38	66	0.957475
38	67	0.88296
38	69	0.889458
38	71	0.936109
38	84	0.914427
38	86	0.91427
38	134	1.73225
38	140	0.858206
38	153	0.820199
38	162	0.847672
38	163	2.14947
38	178	3.77891
39	4	0.883968
39	56	0.903167
39	57	0.916069
39	62	0.893052
39	92	0.95343
39	94	0.89823
39	95	0.898052
39	108	0.939087
39	117	1.77434
39	121	2.54825
39	149	2.52279
39	152	0.815416
39	164	0.885462
39	171	0.843785
40	2	0.966606
40	31	0.962259
40	42	0.928644
40	83	0.917634
40	90	0.95552
40	91	0.955064
40	98	0.954708
40	101	1.46119
40	132	2.34111
40	137	2.06395
40	154	0.830534
40	171	0.836905
40	178	0.802926
41	16	0.879644
41	52	0.906991
41	58	0.893289
41	73	0.921162
41	75	0.929948
41	78	0.860653
41	79	0.910743
41	82	0.910847
41	140	1.87274
41	156	0.883065
41	162	0.847755
41	165	2.41112
41	170	0.861958
41	173	2.66709
42	17	0.965035
42	32	0.773349
42	40	0.928644
42	83	0.917051
42	90	0.954937
42	91	0.954481
42	98	0.954124
42	128	1.73049
42	153	0.819978
42	159	0.895671
42	160	1.17737
42	171	0.836322
42	172	5.54219
42	178	0.802343
43	2	0.758874
43	31	0.754527
43	32	0.794875
43	83	0.709902
43	90	0.747788
43	91	0.747332
43	98	0.746976
43	149	1.22585
43	153	1.41553
43	154	1.4255
43	171	0.857848
43	175	7.01129
43	177	5.7161
43	178	0.823869
44	3	0.801789
44	4	0.798753
44	12	0.897901
44	57	0.830853
44	92	0.868215
44	94	0.813015
44	95	0.812836
44	108	0.853871
44	147	0.845101
44	152	0.7302
44	162	1.32958
44	164	0.800246
44	171	0.75857
44	172	5.24657
45	6	0.949837
45	8	0.853704
45	65	0.928628
45	67	0.86384
45	71	0.916989
45	84	0.895307
45	86	0.895149
45	117	1.72663
45	121	2.50054
45	131	0.890944
45	136	0.881066
45	159	0.876772
45	165	2.96133
45	175	0.763226
45	178	0.783444
46	6	0.945143
46	7	0.946835
46	8	0.849009
46	20	0.859771
46	28	0.83618
46	29	0.82593
46	53	0.880938
46	65	0.923934
46	104	1.28388
46	147	0.89926
46	152	0.784359
46	156	0.859167
46	159	0.872078
46	164	1.41016
46	174	5.37883
47	30	0.91417
47	34	0.922278
47	68	0.813428
47	88	0.885109
47	94	0.879368
47	95	0.87919
47	97	0.877598
47	102	0.918459
47	108	0.920225
47	109	0.918252
47	118	1.54446
47	119	1.51298
47	171	0.824923
47	175	0.770726
47	178	4.62606
48	15	0.844636
48	23	0.921276
48	26	0.841996
48	30	0.902067
48	34	0.910175
48	50	0.889181
48	55	0.895873
48	68	0.801325
48	70	2.58346
48	72	0.90708
48	74	0.903165
48	88	0.873006
48	135	0.8352
48	149	2.08728
48	167	2.62802
49	99	1.52489
49	128	0.932466
49	131	1.33687
49	138	0.864504
49	141	0.808365
49	149	0.858723
49	168	0.761738
49	172	0.776427
49	173	0.811662
49	174	0.769185
49	176	0.791756
49	177	0.753794
49	178	0.774071
49	179	0.789808
49	180	0.807762
50	26	0.850119
50	30	0.91019
50	33	0.927541
50	48	0.889181
50	55	0.903996
50	68	0.809448
50	72	0.915203
50	74	0.911288
50	88	0.881129
50	93	0.84803
50	133	0.793156
50	139	0.872903
50	164	2.31621
50	165	2.50901
50	170	2.65488
51	19	0.835417
51	80	0.901034
51	81	0.901278
51	87	0.957832
51	97	0.870124
51	102	0.910985
51	107	0.924508
51	109	0.910778
51	125	1.50439
51	126	0.825135
51	135	0.839829
51	153	2.63328
51	159	0.876798
51	175	0.763252
51	179	3.64525
52	24	0.836975
52	37	0.927866
52	41	0.906991
52	58	0.871609
52	73	0.899482
52	75	0.908268
52	78	0.838973
52	79	0.889063
52	82	0.889167
52	125	2.30013
52	143	2.20107
52	156	0.861385
52	162	0.826075
52	170	0.840278
52	171	2.89776
53	6	0.945206
53	7	0.946898
53	8	0.849073
53	20	0.859834
53	28	0.836244
53	29	0.825993
53	46	0.880938
53	65	0.923997
53	113	2.12785
53	128	2.32408
53	147	0.899323
53	148	2.10722
53	152	0.784423
53	156	0.859231
53	159	0.872141
54	11	0.795182
54	18	0.796296
54	60	0.815961
54	66	0.875233
54	67	0.800719
54	69	0.807217
54	71	0.853868
54	84	0.832186
54	86	0.832028
54	127	2.63862
54	139	0.806262
54	140	0.775965
54	152	3.9347
54	153	0.737958
54	162	0.76543
55	15	0.859451
55	30	0.916882
55	48	0.895873
55	50	0.903996
55	68	0.81614
55	72	0.921895
55	74	0.917979
55	88	0.887821
55	93	0.854722
55	133	0.799847
55	135	0.850015
55	138	3.16462
55	139	0.879595
55	148	2.01307
55	151	1.26315
56	12	0.943296
56	39	0.903167
56	62	0.853232
56	92	0.91361
56	94	0.85841
56	95	0.858231
56	104	2.35251
56	108	0.899266
56	125	0.839396
56	147	0.890496
56	152	0.775595
56	154	0.797594
56	161	2.00321
56	164	0.845641
56	171	0.803965
56	179	3.929
57	3	0.860086
57	4	0.85705
57	35	2.57327
57	39	0.916069
57	44	0.830853
57	62	0.866134
57	92	0.926512
57	94	0.871312
57	95	0.871133
57	108	0.912168
57	130	4.10179
57	138	1.364
57	152	0.788497
57	154	0.810496
57	164	0.858543
57	171	0.816867
58	16	0.844262
58	24	0.823274
58	36	0.915095
58	41	0.893289
58	52	0.871609
58	73	0.88578
58	75	0.894566
58	78	0.825272
58	79	0.875361
58	82	0.875465
58	103	2.10705
58	115	2.86152
58	146	2.91729
58	156	0.847684
58	162	0.812373
58	170	0.826576
59	79	1.21022
59	114	0.935269
59	121	0.913011
59	139	0.652059
59	147	0.258124
59	165	0.892361
59	166	0.885895
59	167	0.875766
59	168	0.812715
59	169	0.842284
59	172	0.827404
59	173	0.862639
59	176	0.842733
59	177	0.804771
59	179	0.840785
59	180	0.858738
60	11	0.847121
60	18	0.848236
60	38	0.898203
60	54	0.815961
60	66	0.927173
60	67	0.852658
60	69	0.859156
60	71	0.905808
60	84	0.884126
60	86	0.883968
60	121	1.2139
60	139	0.858202
60	153	0.789898
60	162	0.81737
60	171	2.44353
60	176	4.22847
61	77	0.907138
61	99	0.846151
61	100	0.843758
61	106	0.900496
61	111	0.88633
61	116	0.874986
61	124	0.886208
61	131	0.874106
61	136	0.864228
61	139	0.852545
61	141	2.9526
61	158	2.47546
61	164	0.842262
61	169	3.33171
61	170	0.825916
61	175	0.746388
61	178	0.766606
62	3	0.837069
62	4	0.834033
62	12	0.933181
62	39	0.893052
62	56	0.853232
62	57	0.866134
62	92	0.903495
62	94	0.848295
62	95	0.848117
62	101	2.0528
62	108	0.889152
62	125	0.829281
62	148	2.77805
62	151	2.02813
62	152	0.765481
62	154	0.787479
62	171	0.79385
63	112	0.780869
63	124	1.57254
63	137	0.886568
63	138	0.838711
63	159	1.53921
63	161	0.831438
63	165	0.815591
63	166	0.809125
63	167	0.798997
63	170	0.807588
63	172	0.750634
63	173	0.785869
63	174	0.743392
63	176	0.765963
63	177	0.728001
63	179	0.764015
63	180	0.781969
64	89	2.00283
64	99	0.852469
64	100	0.850076
64	106	0.906814
64	111	0.892648
64	116	0.881305
64	123	0.901143
64	124	0.892526
64	129	3.08207
64	131	0.880424
64	133	0.779115
64	136	0.870546
64	154	2.94659
64	164	0.84858
64	170	0.832234
64	175	0.752706
64	178	0.772924
65	6	0.988201
65	7	0.989894
65	8	0.892068
65	20	0.90283
65	28	0.879239
65	29	0.868989
65	45	0.928628
65	46	0.923934
65	53	0.923997
65	127	2.69407
65	135	2.85488
65	147	0.942318
65	152	0.827418
65	156	0.902226
65	159	0.915136
65	161	1.92667
65	166	2.19245
66	18	0.907508
66	38	0.957475
66	54	0.875233
66	60	0.927173
66	67	0.91193
66	69	0.918428
66	71	0.96508
66	84	0.943398
66	86	0.94324
66	104	2.96361
66	139	0.917474
66	140	0.887177
66	153	0.84917
66	156	1.31755
66	162	0.876642
66	170	2.3739
66	173	2.48401
67	11	0.831879
67	18	0.832994
67	38	0.88296
67	45	0.86384
67	54	0.800719
67	60	0.852658
67	66	0.91193
67	69	0.843914
67	71	0.890565
67	84	0.868883
67	86	0.868725
67	93	0.818086
67	114	2.38864
67	118	3.42598
67	120	1.80928
67	139	0.842959
67	153	0.774655
68	15	0.764903
68	23	0.841543
68	26	0.762263
68	33	0.839685
68	47	0.813428
68	48	0.801325
68	50	0.809448
68	55	0.81614
68	72	0.827347
68	74	0.823432
68	88	0.793273
68	93	0.760174
68	132	1.29452
68	133	0.7053
68	135	0.755467
68	139	0.785047
68	178	5.85519
69	11	0.838377
69	18	0.839491
69	21	0.791189
69	38	0.889458
69	54	0.807217
69	60	0.859156
69	66	0.918428
69	67	0.843914
69	71	0.897063
69	84	0.875381
69	86	0.875223
69	93	0.824584
69	140	0.81916
69	153	0.781153
69	156	2.75469
69	162	0.808625
69	164	3.47237
70	48	2.58346
70	89	0.914978
70	107	1.46421
70	141	0.797029
70	142	0.801726
70	153	0.78037
70	166	0.823582
70	167	0.813454
70	168	0.750402
70	172	0.765091
70	173	0.800326
70	174	0.75785
70	176	0.78042
70	177	0.742458
70	178	0.762735
70	179	0.778472
70	180	0.796426
71	11	0.885028
71	18	0.886143
71	38	0.936109
71	45	0.916989
71	54	0.853868
71	60	0.905808
71	66	0.96508
71	67	0.890565
71	69	0.897063
71	84	0.922033
71	86	0.921875
71	126	2.96133
71	139	0.896108
71	140	0.865811
71	148	0.841711
71	162	0.855277
71	164	1.44293
71	176	4.18953
72	15	0.870658
72	23	0.947298
72	30	0.928089
72	33	0.94544
72	34	0.936197
72	48	0.90708
72	50	0.915203
72	55	0.921895
72	68	0.827347
72	74	0.929187
72	88	0.899028
72	93	0.865929
72	133	0.811055
72	139	0.890802
72	155	3.8702
72	158	3.00675
72	170	1.22236
72	171	1.84534
73	16	0.872135
73	36	0.942968
73	37	0.942037
73	41	0.921162
73	52	0.899482
73	58	0.88578
73	75	0.922439
73	76	0.961854
73	78	0.853144
73	79	0.903234
73	82	0.903338
73	115	1.39173
73	134	2.02053
73	156	0.875556
73	160	1.12027
73	162	0.840246
73	170	0.854449
73	174	5.78319
74	15	0.866743
74	23	0.943383
74	26	0.864102
74	30	0.924174
74	33	0.941524
74	34	0.932282
74	48	0.903165
74	50	0.911288
74	55	0.917979
74	68	0.823432
74	72	0.929187
74	88	0.895112
74	93	0.862013
74	126	1.29792
74	139	0.886887
74	156	0.919993
74	168	5.07364
74	176	2.52612
75	16	0.88092
75	24	0.859932
75	36	0.951753
75	37	0.950823
75	41	0.929948
75	52	0.908268
75	58	0.894566
75	73	0.922439
75	78	0.86193
75	79	0.91202
75	82	0.912124
75	134	1.96048
75	140	1.3117
75	145	1.52096
75	156	0.884342
75	162	0.849032
75	170	0.863235
75	174	5.72314
76	73	0.961854
76	78	0.901346
76	79	0.951435
76	82	0.951539
76	87	0.360574
76	90	0.70552
76	95	0.132498
76	98	0.590934
76	99	0.922885
76	123	0.971559
76	136	0.940962
76	168	0.831008
76	170	0.90265
76	176	0.861026
76	177	0.823064
76	178	0.84334
76	179	0.859078
76	180	0.877031
77	61	0.907138
77	99	0.896702
77	100	0.894308
77	106	0.951046
77	111	0.93688
77	114	1.35296
77	116	0.925537
77	123	0.945375
77	124	0.936758
77	131	0.924657
77	136	0.914778
77	146	2.85221
77	154	2.19575
77	164	0.892812
77	170	0.876466
77	173	2.61334
77	175	0.796938
77	178	0.817156
78	13	0.890699
78	16	0.811626
78	24	0.790638
78	36	0.882459
78	37	0.881528
78	41	0.860653
78	52	0.838973
78	58	0.825272
78	73	0.853144
78	75	0.86193
78	76	0.901346
78	79	0.842725
78	82	0.842829
78	156	0.815048
78	162	0.779737
78	170	0.79394
78	174	5.31484
78	179	2.79637
79	16	0.861715
79	24	0.840727
79	36	0.932549
79	37	0.931618
79	41	0.910743
79	52	0.889063
79	58	0.875361
79	59	1.21022
79	73	0.903234
79	75	0.91202
79	76	0.951435
79	78	0.842725
79	82	0.892919
79	93	2.3732
79	122	1.98011
79	144	2.50242
79	156	0.865137
79	162	0.829827
79	170	0.84403
80	9	0.846009
80	14	0.964515
80	19	0.846135
80	22	0.858402
80	51	0.901034
80	81	0.911997
80	87	0.96855
80	97	0.880843
80	102	0.921704
80	103	1.9215
80	107	0.935226
80	109	0.921496
80	135	0.850547
80	138	1.78765
80	140	0.84983
80	159	0.887516
80	165	2.23689
80	175	0.77397
80	180	3.2885
81	9	0.846254
81	14	0.964759
81	19	0.84638
81	22	0.858647
81	51	0.901278
81	80	0.911997
81	87	0.968794
81	93	2.83026
81	97	0.881087
81	101	0.918127
81	102	0.921948
81	107	0.935471
81	109	0.92174
81	126	0.836097
81	137	1.52088
81	140	0.850075
81	144	2.95948
81	159	0.887761
81	175	0.774215
82	16	0.86182
82	24	0.840831
82	36	0.932653
82	37	0.931722
82	41	0.910847
82	52	0.889167
82	58	0.875465
82	73	0.903338
82	75	0.912124
82	76	0.951539
82	78	0.842829
82	79	0.892919
82	144	1.93797
82	156	0.865241
82	161	2.60894
82	162	0.829931
82	165	2.22267
82	166	2.87472
82	170	0.844134
83	2	0.955012
83	17	0.954025
83	31	0.950666
83	32	0.762339
83	40	0.917634
83	42	0.917051
83	43	0.709902
83	90	0.943927
83	91	0.943471
83	98	0.943114
83	119	2.1879
83	126	0.832997
83	153	0.808967
83	154	0.818941
83	159	0.88466
83	167	2.24095
83	170	2.33232
83	171	0.825312
83	178	0.791332
83	180	3.23807
84	11	0.863346
84	18	0.864461
84	38	0.914427
84	45	0.895307
84	54	0.832186
84	60	0.884126
84	66	0.943398
84	67	0.868883
84	69	0.875381
84	71	0.922033
84	86	0.900193
84	93	0.849553
84	113	1.47878
84	117	1.15942
84	135	2.36241
84	139	0.874426
84	140	0.844129
84	153	0.806122
84	162	0.833595
84	168	6.14925
85	90	0.822423
85	91	0.821967
85	92	4.58633
85	93	0.730894
85	98	0.821611
85	106	0.803719
85	116	0.778209
85	122	0.795077
85	131	0.777329
85	136	0.767451
85	146	0.717796
85	147	0.790339
85	171	0.703808
85	172	0.672185
85	174	0.664944
85	175	0.649611
85	177	0.649553
85	178	0.669829
85	179	0.685567
85	180	0.70352
86	11	0.863188
86	13	1.89269
86	18	0.864303
86	38	0.91427
86	45	0.895149
86	54	0.832028
86	60	0.883968
86	66	0.94324
86	67	0.868725
86	69	0.875223
86	71	0.921875
86	84	0.900193
86	93	0.849395
86	101	1.37324
86	137	1.976
86	139	0.874269
86	140	0.843971
86	153	0.805965
86	156	2.7888
86	162	0.833437
87	9	0.902807
87	19	0.902933
87	22	0.9152
87	51	0.957832
87	76	0.360574
87	80	0.96855
87	81	0.968794
87	97	0.93764
87	102	0.978501
87	104	0.916384
87	107	0.992024
87	109	0.978294
87	125	2.06652
87	129	1.86918
87	135	0.907345
87	140	0.906628
87	159	0.944314
87	161	2.28159
87	163	3.3804
87	175	0.830768
88	15	0.836584
88	23	0.913224
88	26	0.833944
88	30	0.894015
88	33	0.911365
88	34	0.902123
88	47	0.885109
88	48	0.873006
88	50	0.881129
88	55	0.887821
88	68	0.793273
88	72	0.899028
88	74	0.895112
88	93	0.831855
88	132	1.32978
88	133	0.776981
88	135	0.827148
88	139	0.856728
88	145	2.36943
88	167	2.83041
88	173	3.03189
89	7	1.27065
89	18	1.44338
89	64	2.00283
89	70	0.914978
89	122	0.954116
89	146	0.876836
89	149	0.913521
89	155	0.849402
89	157	0.868338
89	159	0.570409
89	165	0.896182
89	168	0.816536
89	169	0.846105
89	171	0.862847
89	172	0.831225
89	173	0.86646
89	174	0.823983
89	176	0.846554
89	177	0.808592
89	179	0.844606
89	180	0.862559
90	2	0.992898
90	17	0.991911
90	31	0.988552
90	32	0.800225
90	40	0.95552
90	42	0.954937
90	43	0.747788
90	76	0.70552
90	83	0.943927
90	85	0.822423
90	91	0.981357
90	98	0.981
90	126	0.870883
90	150	6.87822
90	153	0.846853
90	154	0.856827
90	159	0.922546
90	161	1.78492
90	164	1.20584
90	170	1.54452
90	171	0.863198
90	178	0.829219
91	2	0.992442
91	17	0.991455
91	31	0.988096
91	32	0.799769
91	40	0.955064
91	42	0.954481
91	43	0.747332
91	83	0.943471
91	85	0.821967
91	90	0.981357
91	98	0.980544
91	110	1.42248
91	122	1.3244
91	126	0.870427
91	141	3.68572
91	153	0.846397
91	154	0.856371
91	159	0.92209
91	161	1.6646
91	169	4.06483
91	171	0.862742
91	178	0.828762
92	3	0.897447
92	4	0.894411
92	12	0.993559
92	39	0.95343
92	44	0.868215
92	56	0.91361
92	57	0.926512
92	62	0.903495
92	85	4.58633
92	93	1.39654
92	94	0.908673
92	95	0.908495
92	108	0.94953
92	125	0.889659
92	135	1.91063
92	147	0.940759
92	152	0.825859
92	154	0.847857
92	157	1.72898
92	164	0.895905
92	169	2.35724
92	171	0.854228
93	50	0.84803
93	55	0.854722
93	67	0.818086
93	68	0.760174
93	69	0.824584
93	72	0.865929
93	74	0.862013
93	79	2.3732
93	81	2.83026
93	84	0.849553
93	85	0.730894
93	86	0.849395
93	88	0.831855
93	92	1.39654
93	113	0.895547
93	145	0.845551
93	153	0.755325
93	162	0.782797
93	169	0.754927
93	177	0.717414
93	179	0.753428
93	180	0.771381
94	3	0.842247
94	4	0.839211
94	12	0.938359
94	39	0.89823
94	44	0.813015
94	47	0.879368
94	56	0.85841
94	57	0.871312
94	62	0.848295
94	92	0.908673
94	95	0.853295
94	108	0.89433
94	120	1.47057
94	125	0.834459
94	137	1.25722
94	145	1.69268
94	147	0.885559
94	152	0.770658
94	154	0.792657
94	164	0.840705
94	171	0.799028
94	177	9.59431
95	3	0.842069
95	4	0.839033
95	12	0.93818
95	39	0.898052
95	44	0.812836
95	47	0.87919
95	56	0.858231
95	57	0.871133
95	62	0.848117
95	76	0.132498
95	92	0.908495
95	94	0.853295
95	108	0.894151
95	125	0.834281
95	130	4.89821
95	147	0.88538
95	152	0.77048
95	153	1.80901
95	154	0.792479
95	164	0.840526
95	171	0.79885
95	178	3.62344
96	103	0.847501
96	120	0.897146
96	123	1.16845
96	130	0.784576
96	131	1.5152
96	132	0.914138
96	134	0.835314
96	139	1.18375
96	145	0.872796
96	148	0.903683
96	150	0.768881
96	167	0.815655
96	168	0.752603
96	169	0.782172
96	171	0.798915
96	173	0.802527
96	174	0.76005
96	176	0.782621
96	177	0.744659
96	178	0.764935
96	179	0.780673
96	180	0.798627
97	9	0.8151
97	10	2.65627
97	14	0.933605
97	19	0.815226
97	22	0.827493
97	47	0.877598
97	51	0.870124
97	80	0.880843
97	81	0.881087
97	87	0.93764
97	102	0.890794
97	104	0.828677
97	105	1.69677
97	107	0.904317
97	109	0.890586
97	126	0.804943
97	134	3.28674
97	135	0.819638
97	140	0.818921
97	159	0.856607
97	164	2.02606
97	175	0.743061
98	2	0.992086
98	17	0.991098
98	31	0.98774
98	32	0.799412
98	40	0.954708
98	42	0.954124
98	43	0.746976
98	76	0.590934
98	83	0.943114
98	85	0.821611
98	90	0.981
98	91	0.980544
98	126	0.870071
98	128	0.741736
98	140	1.5873
98	146	2.62052
98	152	4.57542
98	153	0.846041
98	154	0.856014
98	159	0.921734
98	171	0.862385
98	178	0.828406
99	27	0.91465
99	49	1.52489
99	61	0.846151
99	64	0.852469
99	76	0.922885
99	77	0.896702
99	100	0.833321
99	106	0.890059
99	111	0.875894
99	112	4.39505
99	116	0.86455
99	120	1.16465
99	123	0.884389
99	124	0.875771
99	125	0.82558
99	131	0.86367
99	133	0.762361
99	136	0.853791
99	138	2.29918
99	164	0.831825
99	170	0.81548
99	175	0.735952
99	178	0.75617
100	1	0.835612
100	5	0.838379
100	21	0.222638
100	27	0.912256
100	61	0.843758
100	64	0.850076
100	77	0.894308
100	99	0.833321
100	106	0.887666
100	111	0.8735
100	116	0.862157
100	118	3.12956
100	122	2.28962
100	123	0.881995
100	124	0.873378
100	131	0.861276
100	136	0.851398
100	147	0.874286
100	164	0.829432
100	170	0.813086
100	175	0.733558
100	178	0.753776
100	180	4.14823
101	22	1.09464
101	40	1.46119
101	62	2.0528
101	81	0.918127
101	86	1.37324
101	134	0.924623
101	140	0.909886
101	149	0.938897
101	151	0.935861
101	154	0.881852
101	160	0.923814
101	161	0.937404
101	163	0.900602
101	165	0.921558
101	168	0.841912
101	169	0.871481
101	172	0.8566
101	173	0.891835
101	174	0.849359
101	176	0.87193
101	177	0.833968
101	179	0.869982
101	180	0.887935
102	9	0.855961
102	14	0.974466
102	19	0.856087
102	22	0.868354
102	47	0.918459
102	51	0.910985
102	80	0.921704
102	81	0.921948
102	87	0.978501
102	97	0.890794
102	104	0.869538
102	107	0.945178
102	109	0.931447
102	115	1.36387
102	121	2.13731
102	126	0.845804
102	132	1.02038
102	135	0.860499
102	140	0.859782
102	159	0.897468
102	175	0.783922
102	176	2.02419
102	177	8.08959
103	58	2.10705
103	80	1.9215
103	96	0.847501
103	110	0.847289
103	112	0.791782
103	118	0.825479
103	120	0.891401
103	123	1.89825
103	129	0.813152
103	142	0.798182
103	143	0.847485
103	144	0.844942
103	155	0.779724
103	165	0.826504
103	166	0.820038
103	167	0.809909
103	173	0.796782
103	174	0.754305
103	175	0.738972
103	176	0.776876
103	177	0.738914
103	179	0.774928
103	180	0.792881
104	46	1.28388
104	56	2.35251
104	66	2.96361
104	87	0.916384
104	97	0.828677
104	102	0.869538
104	105	0.822392
104	107	0.883061
104	109	0.86933
104	123	0.870242
104	124	0.861624
104	131	0.849523
104	136	0.839644
104	152	0.747632
104	167	0.792742
104	168	0.72969
104	172	0.744379
104	173	0.779614
104	175	0.721805
104	178	0.742023
104	179	0.75776
104	180	0.775714
105	5	2.92265
105	11	2.28058
105	97	1.69677
105	104	0.822392
105	117	0.899928
105	120	0.889204
105	141	0.791288
105	143	0.845289
105	146	0.804961
105	150	0.760939
105	151	0.83861
105	157	0.796464
105	163	0.803351
105	165	0.824307
105	166	0.817841
105	167	0.807713
105	169	0.77423
105	173	0.794585
105	174	0.752108
105	176	0.774679
105	177	0.736717
105	179	0.772731
105	180	0.790685
106	1	0.89235
106	27	0.968994
106	61	0.900496
106	64	0.906814
106	77	0.951046
106	85	0.803719
106	99	0.890059
106	100	0.887666
106	111	0.930238
106	114	1.01805
106	116	0.918895
106	123	0.938733
106	124	0.930116
106	131	0.918014
106	135	2.17207
106	136	0.908136
106	142	3.13756
106	155	3.65129
106	158	2.78784
106	164	0.88617
106	170	0.869824
106	175	0.790296
106	178	0.810514
107	9	0.869484
107	14	0.987989
107	19	0.869609
107	22	0.881877
107	51	0.924508
107	70	1.46421
107	80	0.935226
107	81	0.935471
107	87	0.992024
107	97	0.904317
107	102	0.945178
107	104	0.883061
107	109	0.94497
107	126	0.859327
107	135	0.874021
107	140	0.873304
107	141	3.86168
107	159	0.91099
107	164	1.26148
107	166	2.10633
107	171	2.22313
107	175	0.797445
108	3	0.883104
108	4	0.880068
108	12	0.979215
108	39	0.939087
108	44	0.853871
108	47	0.920225
108	56	0.899266
108	57	0.912168
108	62	0.889152
108	92	0.94953
108	94	0.89433
108	95	0.894151
108	110	2.17793
108	125	0.875316
108	133	4.87448
108	138	1.58454
108	143	2.10593
108	147	0.926415
108	148	1.13538
108	152	0.811515
108	154	0.833514
108	164	0.881561
108	171	0.839885
109	9	0.855753
109	14	0.974258
109	19	0.855879
109	22	0.868146
109	25	2.86766
109	47	0.918252
109	51	0.910778
109	80	0.921496
109	81	0.92174
109	87	0.978294
109	97	0.890586
109	102	0.931447
109	104	0.86933
109	107	0.94497
109	119	1.34159
109	126	0.845597
109	135	0.860291
109	140	0.859574
109	143	1.41229
109	152	3.78988
109	159	0.89726
109	170	1.486
109	175	0.783714
110	10	0.819783
110	91	1.42248
110	103	0.847289
110	108	2.17793
110	118	0.831012
110	136	2.32506
110	144	0.850475
110	146	0.812691
110	151	0.84634
110	155	0.785257
110	160	0.834294
110	161	0.847883
110	163	0.811081
110	167	0.815442
110	169	0.78196
110	172	0.76708
110	173	0.802315
110	174	0.759838
110	176	0.782409
110	177	0.744447
110	178	0.764723
110	179	0.780461
110	180	0.798414
111	1	0.878184
111	5	0.880951
111	61	0.88633
111	64	0.892648
111	77	0.93688
111	99	0.875894
111	100	0.8735
111	106	0.930238
111	116	0.904729
111	123	0.924568
111	124	0.91595
111	131	0.903849
111	136	0.89397
111	139	0.882287
111	147	0.916858
111	148	1.20331
111	154	1.86237
111	164	0.872004
111	165	2.02398
111	170	0.855659
111	175	0.776131
111	176	4.57777
111	178	0.796348
111	180	3.07559
112	63	0.780869
112	99	4.39505
112	103	0.791782
112	115	0.812188
112	116	1.92019
112	118	0.775505
112	126	0.75088
112	127	0.760637
112	128	0.867611
112	129	0.763177
112	142	0.748208
112	143	0.797511
112	145	0.817076
112	154	0.736824
112	160	0.778786
112	163	0.755574
112	165	0.77653
112	169	0.726453
112	172	0.711572
112	173	0.746807
112	174	0.704331
112	176	0.726901
112	177	0.68894
112	179	0.724954
112	180	0.742907
113	34	1.68053
113	53	2.12785
113	84	1.47878
113	93	0.895547
113	124	0.128958
113	138	0.924915
113	145	0.942342
113	146	0.882449
113	148	0.973229
113	150	0.838427
113	155	0.855016
113	158	0.878597
113	159	0.0956253
113	160	0.904052
113	165	0.901796
113	167	0.885201
113	168	0.82215
113	169	0.851719
113	172	0.836838
113	173	0.872073
113	174	0.829597
113	176	0.852167
113	177	0.814206
113	179	0.850219
113	180	0.868173
114	5	2.44035
114	59	0.935269
114	67	2.38864
114	77	1.35296
114	106	1.01805
114	117	0.929781
114	130	0.806486
114	137	0.925137
114	142	0.825838
114	148	0.925593
114	149	0.871499
114	161	0.870006
114	162	0.831953
114	166	0.847694
114	168	0.774514
114	169	0.804083
114	170	0.846156
114	172	0.789203
114	173	0.824438
114	174	0.781961
114	176	0.804532
114	177	0.76657
114	179	0.802584
114	180	0.820537
115	30	1.88287
115	58	2.86152
115	73	1.39173
115	102	1.36387
115	112	0.812188
115	120	0.911807
115	127	0.831018
115	128	0.937992
115	129	0.833558
115	138	0.87003
115	142	0.818589
115	144	0.865348
115	148	0.918344
115	151	0.861214
115	160	0.849167
115	163	0.825955
115	166	0.840444
115	167	0.830316
115	168	0.767265
115	169	0.796834
115	174	0.774712
115	176	0.797283
115	177	0.759321
115	179	0.795335
115	180	0.813288
116	5	0.869608
116	27	0.943485
116	61	0.874986
116	64	0.881305
116	77	0.925537
116	85	0.778209
116	99	0.86455
116	100	0.862157
116	106	0.918895
116	111	0.904729
116	112	1.92019
116	123	0.913224
116	124	0.904607
116	125	0.854415
116	131	0.892505
116	133	0.791197
116	136	0.882627
116	139	0.870944
116	142	2.55353
116	163	1.75865
116	164	0.860661
116	170	0.844315
116	172	4.80599
116	175	0.764787
116	178	0.785005
116	180	1.32517
117	14	1.59584
117	23	1.54376
117	39	1.77434
117	45	1.72663
117	84	1.15942
117	105	0.899928
117	114	0.929781
117	118	0.885848
117	129	0.873521
117	130	0.8392
117	138	0.909992
117	145	0.92742
117	149	0.904212
117	151	0.901176
117	160	0.88913
117	161	0.902719
117	167	0.870278
117	168	0.807227
117	169	0.836796
117	172	0.821916
117	173	0.857151
117	174	0.814674
117	176	0.837245
117	177	0.799283
117	179	0.835297
117	180	0.85325
118	47	1.54446
118	67	3.42598
118	100	3.12956
118	103	0.825479
118	110	0.831012
118	112	0.775505
118	117	0.885848
118	125	0.812324
118	138	0.833346
118	146	0.790881
118	148	0.881661
118	149	0.827566
118	150	0.746858
118	158	0.787028
118	165	0.810227
118	167	0.793632
118	168	0.730581
118	169	0.76015
118	171	0.776893
118	172	0.74527
118	173	0.780505
118	174	0.738028
118	175	0.722695
118	176	0.760599
118	177	0.722637
118	179	0.758651
118	180	0.776604
119	1	2.75753
119	47	1.51298
119	83	2.1879
119	109	1.34159
119	134	0.858475
119	141	0.82239
119	143	0.876392
119	150	0.792042
119	151	0.869713
119	155	0.80863
119	157	0.827566
119	158	0.832211
119	161	0.871257
119	163	0.834454
119	164	0.863752
119	165	0.85541
119	166	0.848944
119	167	0.838815
119	168	0.775764
119	172	0.790453
119	173	0.825688
119	174	0.783211
119	176	0.805782
119	177	0.76782
119	179	0.803834
119	180	0.821787
120	3	2.08383
120	67	1.80928
120	94	1.47057
120	96	0.897146
120	99	1.16465
120	103	0.891401
120	105	0.889204
120	115	0.911807
120	134	0.879214
120	136	0.597142
120	142	0.847827
120	148	0.947582
120	149	0.893488
120	157	0.848305
120	160	0.878405
120	161	0.891995
120	166	0.869682
120	167	0.859554
120	168	0.796503
120	169	0.826072
120	172	0.811191
120	173	0.846426
120	174	0.80395
120	176	0.826521
120	177	0.788559
120	179	0.824573
120	180	0.842526
121	39	2.54825
121	45	2.50054
121	59	0.913011
121	60	1.2139
121	102	2.13731
121	122	0.889837
121	127	0.81601
121	130	0.784229
121	134	0.834967
121	137	0.902879
121	141	0.798882
121	148	0.903336
121	149	0.849241
121	150	0.768534
121	151	0.846205
121	152	0.770198
121	161	0.847749
121	162	0.809696
121	163	0.810946
121	166	0.825436
121	168	0.752256
121	169	0.781825
121	170	0.823899
121	176	0.782274
121	177	0.744312
121	178	0.764588
121	179	0.780326
121	180	0.798279
122	15	1.29745
122	27	1.50842
122	79	1.98011
122	85	0.795077
122	89	0.954116
122	91	1.3244
122	100	2.28962
122	121	0.889837
122	130	0.821513
122	132	0.951075
122	142	0.840864
122	144	0.887624
122	145	0.909733
122	151	0.883489
122	155	0.822406
122	161	0.885033
122	163	0.84823
122	165	0.869186
122	166	0.86272
122	167	0.852592
122	169	0.819109
122	172	0.804229
122	173	0.839464
122	174	0.796988
122	176	0.819558
122	177	0.781596
122	179	0.81761
122	180	0.835564
123	1	0.886679
123	5	0.889446
123	64	0.901143
123	76	0.971559
123	77	0.945375
123	96	1.16845
123	99	0.884389
123	100	0.881995
123	103	1.89825
123	104	0.870242
123	106	0.938733
123	111	0.924568
123	116	0.913224
123	124	0.924445
123	125	0.874254
123	127	3.36731
123	131	0.912344
123	132	1.53583
123	133	0.811035
123	136	0.902465
123	139	0.890782
123	147	0.925353
123	160	2.38125
123	164	0.880499
123	166	2.86569
123	170	0.864154
123	175	0.784626
123	178	0.804843
124	1	0.878062
124	5	0.880829
124	27	0.954706
124	61	0.886208
124	63	1.57254
124	64	0.892526
124	77	0.936758
124	99	0.875771
124	100	0.873378
124	104	0.861624
124	106	0.930116
124	111	0.91595
124	113	0.128958
124	116	0.904607
124	123	0.924445
124	125	0.865636
124	131	0.903726
124	133	0.802418
124	136	0.893848
124	139	0.882165
124	144	1.42443
124	147	0.916736
124	157	3.86737
124	164	0.871882
124	167	1.76362
124	170	0.855536
124	175	0.776008
124	178	0.796226
124	179	4.02119
125	2	2.82895
125	51	1.50439
125	52	2.30013
125	56	0.839396
125	62	0.829281
125	87	2.06652
125	92	0.889659
125	94	0.834459
125	95	0.834281
125	99	0.82558
125	108	0.875316
125	116	0.854415
125	118	0.812324
125	123	0.874254
125	124	0.865636
125	131	0.853535
125	132	0.895237
125	136	0.843657
125	155	0.766569
125	164	0.821691
125	171	0.780014
125	172	0.748391
125	174	0.74115
125	175	0.725817
125	176	0.763721
125	177	0.725759
125	178	0.746035
125	179	0.761773
125	180	0.779726
126	22	0.782503
126	32	0.689295
126	51	0.825135
126	71	2.96133
126	74	1.29792
126	81	0.836097
126	83	0.832997
126	90	0.870883
126	91	0.870427
126	97	0.804943
126	98	0.870071
126	102	0.845804
126	107	0.859327
126	109	0.845597
126	112	0.75088
126	147	3.16061
126	151	0.799906
126	154	0.745897
126	157	0.757759
126	163	0.764647
126	171	0.752268
126	172	0.720646
126	175	0.698071
126	176	0.735975
126	177	0.698013
126	178	0.718289
126	179	0.734027
126	180	0.75198
127	21	0.958328
127	25	0.777568
127	54	2.63862
127	65	2.69407
127	112	0.760637
127	115	0.831018
127	121	0.81601
127	123	3.36731
127	138	0.818479
127	140	0.783687
127	142	0.767037
127	148	0.866793
127	151	0.809662
127	152	0.733655
127	157	0.767516
127	158	0.772161
127	160	0.797616
127	163	0.774403
127	165	0.795359
127	166	0.788893
127	167	0.778765
127	168	0.715713
127	169	0.745282
127	172	0.730402
127	174	0.723161
127	176	0.745731
127	177	0.707769
127	179	0.743783
127	180	0.761737
128	6	2.45607
128	33	0.731868
128	35	0.878208
128	37	0.715764
128	42	1.73049
128	49	0.932466
128	53	2.32408
128	98	0.741736
128	112	0.867611
128	115	0.937992
128	129	0.888981
128	143	0.923315
128	145	0.94288
128	148	0.973767
128	160	0.90459
128	161	0.91818
128	164	0.910675
128	166	0.895867
128	168	0.822687
128	169	0.852256
128	171	0.868999
128	172	0.837376
128	173	0.872611
128	174	0.830134
128	176	0.852705
128	177	0.814743
128	178	0.83502
128	179	0.850757
128	180	0.868711
129	64	3.08207
129	87	1.86918
129	103	0.813152
129	112	0.763177
129	115	0.833558
129	117	0.873521
129	128	0.888981
129	132	0.879789
129	134	0.800965
129	137	0.868877
129	139	2.20282
129	146	0.778554
129	150	0.734531
129	153	0.748221
129	155	0.75112
129	157	0.770056
129	158	0.774701
129	161	0.813746
129	166	0.791434
129	167	0.781305
129	172	0.732943
129	173	0.768178
129	174	0.725701
129	176	0.748272
129	177	0.71031
129	179	0.746324
129	180	0.764277
130	57	4.10179
130	95	4.89821
130	96	0.784576
130	114	0.806486
130	117	0.8392
130	121	0.784229
130	122	0.821513
130	138	0.786698
130	143	0.78456
130	144	0.782016
130	145	0.804125
130	155	0.716798
130	157	0.735735
130	158	0.74038
130	160	0.765835
130	161	0.779425
130	163	0.742622
130	165	0.763578
130	166	0.757112
130	167	0.746984
130	168	0.683933
130	169	0.713501
130	172	0.698621
130	173	0.733856
130	174	0.69138
130	175	0.676047
130	176	0.71395
130	177	0.675988
130	179	0.712002
130	180	0.729956
131	1	0.865961
131	5	0.868728
131	27	0.942605
131	45	0.890944
131	49	1.33687
131	61	0.874106
131	64	0.880424
131	77	0.924657
131	85	0.777329
131	96	1.5152
131	99	0.86367
131	100	0.861276
131	104	0.849523
131	106	0.918014
131	111	0.903849
131	116	0.892505
131	123	0.912344
131	124	0.903726
131	125	0.853535
131	133	0.790316
131	136	0.881746
131	139	0.870064
131	143	2.63254
131	144	2.2757
131	147	0.904635
131	148	0.959597
131	163	4.04548
131	164	0.85978
131	170	0.843435
131	175	0.763907
131	178	0.784125
132	36	1.47838
132	40	2.34111
132	68	1.29452
132	88	1.32978
132	96	0.914138
132	102	1.02038
132	122	0.951075
132	123	1.53583
132	125	0.895237
132	129	0.879789
132	134	0.896206
132	141	0.860121
132	146	0.873795
132	148	0.964574
132	149	0.91048
132	154	0.853435
132	155	0.846361
132	158	0.869942
132	160	0.895397
132	165	0.893141
132	166	0.886675
132	167	0.876546
132	172	0.828184
132	173	0.863419
132	174	0.820942
132	176	0.843513
132	177	0.805551
132	178	0.825827
132	179	0.841565
132	180	0.859518
133	23	0.825251
133	26	0.745971
133	33	0.823392
133	36	4.12552
133	50	0.793156
133	55	0.799847
133	64	0.779115
133	68	0.7053
133	72	0.811055
133	88	0.776981
133	99	0.762361
133	108	4.87448
133	116	0.791197
133	123	0.811035
133	124	0.802418
133	131	0.790316
133	135	0.739175
133	136	0.780438
133	152	0.688426
133	163	0.729174
133	165	0.75013
133	168	0.670484
133	169	0.700053
133	170	0.742126
133	173	0.720408
133	174	0.677931
133	177	0.66254
133	178	0.682816
133	179	0.698554
133	180	0.716507
134	13	0.891629
134	38	1.73225
134	73	2.02053
134	75	1.96048
134	96	0.835314
134	97	3.28674
134	101	0.924623
134	119	0.858475
134	120	0.879214
134	121	0.834967
134	129	0.800965
134	132	0.896206
134	142	0.785995
134	145	0.854864
134	146	0.794971
134	151	0.82862
134	158	0.791118
134	160	0.816574
134	163	0.793361
134	167	0.797722
134	168	0.734671
134	169	0.76424
134	171	0.780982
134	172	0.74936
134	173	0.784595
134	174	0.742118
134	176	0.764689
134	177	0.726727
134	179	0.762741
134	180	0.780694
135	15	0.798778
135	26	0.796138
135	34	0.864317
135	48	0.8352
135	51	0.839829
135	55	0.850015
135	65	2.85488
135	68	0.755467
135	80	0.850547
135	84	2.36241
135	87	0.907345
135	88	0.827148
135	92	1.91063
135	97	0.819638
135	102	0.860499
135	106	2.17207
135	107	0.874021
135	109	0.860291
135	133	0.739175
135	139	0.818922
135	140	0.788625
135	146	0.780951
135	156	0.813401
135	157	0.772453
135	158	0.777098
135	162	0.778091
135	174	0.728098
135	175	0.712765
135	177	0.712707
135	179	0.748721
135	180	0.766674
136	1	0.856082
136	5	0.858849
136	27	0.932726
136	45	0.881066
136	61	0.864228
136	64	0.870546
136	76	0.940962
136	77	0.914778
136	85	0.767451
136	99	0.853791
136	100	0.851398
136	104	0.839644
136	106	0.908136
136	110	2.32506
136	111	0.89397
136	116	0.882627
136	120	0.597142
136	123	0.902465
136	124	0.893848
136	125	0.843657
136	131	0.881746
136	133	0.780438
136	139	0.860185
136	147	0.894756
136	156	1.27043
136	162	2.79635
136	163	3.666
136	164	0.849902
136	170	0.833556
136	171	2.94976
136	175	0.754028
136	178	0.774246
137	6	2.11671
137	40	2.06395
137	63	0.886568
137	81	1.52088
137	86	1.976
137	94	1.25722
137	114	0.925137
137	121	0.902879
137	129	0.868877
137	141	0.849209
137	149	0.899568
137	150	0.81886
137	151	0.896532
137	153	0.83255
137	155	0.835449
137	157	0.854385
137	158	0.85903
137	159	0.767187
137	161	0.898075
137	163	0.861273
137	166	0.875763
137	167	0.865634
137	168	0.802583
137	169	0.832152
