1	2	1.24596
1	36	0.63143
1	59	1.18563
1	94	1.24241
1	106	1.19439
1	118	1.20237
1	119	0.664914
1	124	1.18063
1	130	1.1967
1	171	0.544923
1	177	1.1519
1	180	0.564269
2	1	1.24596
2	65	1.18912
2	71	1.25187
2	106	1.19268
2	110	1.1963
2	124	1.17891
2	130	1.19499
2	166	0.592589
2	173	0.595359
2	177	1.15018
2	178	0.616088
2	180	0.603895
3	10	1.16637
3	39	0.708502
3	40	0.937493
3	50	0.999948
3	60	1.07997
3	62	1.08051
3	74	1.05404
3	90	1.08729
3	95	0.79719
3	167	1.10137
3	170	0.900567
3	173	1.093
4	68	0.628279
4	83	1.21848
4	115	0.676915
4	142	0.531938
4	151	1.2197
4	161	1.17975
4	163	1.1812
4	164	1.23483
4	170	1.18498
4	172	0.555901
4	176	1.19131
4	178	1.18974
5	8	1.265
5	39	0.454585
5	50	1.11979
5	60	1.19981
5	62	1.20034
5	74	1.17388
5	90	1.20713
5	119	0.753038
5	146	0.551763
5	167	1.2212
5	173	1.21284
5	180	0.652393
6	13	1.12979
6	105	1.23191
6	113	1.1896
6	137	0.55585
6	149	0.59996
6	152	1.19563
6	155	0.63175
6	160	1.19453
6	169	1.21188
6	178	0.621289
6	179	1.22049
6	180	1.22617
7	37	1.26523
7	81	1.14744
7	84	1.14469
7	100	0.56838
7	115	0.677508
7	158	1.22259
7	163	1.19789
7	172	0.556494
7	174	0.592145
7	175	1.20771
7	176	1.208
7	178	1.20643
8	5	1.265
8	23	1.22377
8	44	0.679709
8	50	1.11579
8	62	1.19635
8	74	1.16989
8	85	0.571105
8	90	1.20314
8	135	0.592047
8	167	1.21721
8	173	1.20885
8	180	0.566918
9	115	1.16843
9	133	1.20164
9	141	1.18903
9	143	0.600051
9	154	1.2131
9	157	0.583399
9	160	1.19375
9	165	1.20324
9	169	1.2111
9	173	0.602062
9	178	0.622791
9	179	1.21971
10	3	1.16637
10	35	1.33817
10	38	0.673505
10	40	1.07455
10	50	1.137
10	52	0.551271
10	74	1.1911
10	90	1.22434
10	122	0.604356
10	158	0.575153
10	167	1.23842
10	173	1.23006
11	67	0.757294
11	129	0.819306
11	137	1.10958
11	148	1.06454
11	164	1.09251
11	166	1.07053
11	167	0.817857
11	170	1.04266
11	171	1.07509
11	175	1.04869
11	176	1.04899
11	178	1.04741
12	14	1.09158
12	17	0.743877
12	65	0.788123
12	111	1.06386
12	123	1.06678
12	126	1.04519
12	129	1.0924
12	138	1.06321
12	139	1.05634
12	156	1.04767
12	173	1.07295
12	177	0.868992
13	6	1.12979
13	37	0.760143
13	52	1.08585
13	63	0.844256
13	99	0.802823
13	105	1.06276
13	142	1.08452
13	160	1.02539
13	162	1.05434
13	168	1.02982
13	172	1.07618
13	179	1.05134
14	12	1.09158
14	72	1.13472
14	103	0.616338
14	121	1.18407
14	129	1.19477
14	138	1.16558
14	144	1.13021
14	156	1.15005
14	158	0.659172
14	163	0.654063
14	173	1.17532
14	175	0.67986
14	180	1.17368
15	32	1.25821
15	48	1.21043
15	54	1.16705
15	55	1.16079
15	75	1.16382
15	79	1.07572
15	82	1.07572
15	88	0.554011
15	93	1.11248
15	146	1.1758
15	176	0.685947
15	177	0.70369
15	180	0.663614
16	101	1.06645
16	108	0.8309
16	111	0.860548
16	151	1.05074
16	152	0.905019
16	157	1.05843
16	161	1.01079
16	163	1.01224
16	164	1.06587
16	166	1.0439
16	171	1.04846
16	176	1.02235
16	178	1.02078
17	12	0.743877
17	60	1.14921
17	90	1.15653
17	91	0.64124
17	121	0.588473
17	149	1.15298
17	152	1.13006
17	156	0.622987
17	162	1.15792
17	164	1.19062
17	173	1.16224
17	178	1.14553
17	179	1.15492
18	26	0.690962
18	63	0.614967
18	97	0.680353
18	104	1.11867
18	127	1.14577
18	128	1.18758
18	160	1.13956
18	164	0.623668
18	168	1.14399
18	169	1.15691
18	172	1.19035
18	174	1.15166
18	179	1.16551
19	47	1.12007
19	89	1.17342
19	91	1.14599
19	106	1.16715
19	110	1.17077
19	118	1.17512
19	119	0.717387
19	124	1.15338
19	130	1.16946
19	159	0.629911
19	161	0.646022
19	177	1.12465
19	180	0.616741
20	62	0.649838
20	75	1.17342
20	79	1.08532
20	93	1.12209
20	110	0.604648
20	135	1.1684
20	136	1.16931
20	138	0.631915
20	142	1.19553
20	143	1.17063
20	144	0.707427
20	178	1.15296
20	179	1.16235
21	24	1.16754
21	83	1.17177
21	145	0.612165
21	147	1.18066
21	152	0.676133
21	158	1.15919
21	161	1.13304
21	162	0.641964
21	163	1.13449
21	170	1.13827
21	171	1.17071
21	174	0.663014
21	175	1.14431
22	45	0.621057
22	95	0.605956
22	130	0.681368
22	140	1.17851
22	146	1.16599
22	149	1.14099
22	157	1.17119
22	164	1.17863
22	171	1.16122
22	175	1.13481
22	176	1.13511
22	178	1.13354
22	179	0.688775
23	8	1.22377
23	35	1.27971
23	40	1.01609
23	50	1.07855
23	60	1.15857
23	62	1.1591
23	74	1.13264
23	167	1.17996
23	171	0.640107
23	173	1.1716
23	178	0.671645
23	179	0.63315
23	180	0.659452
24	21	1.16754
24	120	0.631245
24	133	0.683041
24	142	0.619739
24	143	1.16544
24	155	1.1483
24	159	1.1579
24	162	0.658303
24	163	1.13923
24	171	1.17545
24	175	1.14904
24	176	1.14934
24	178	1.14777
25	124	0.720503
25	125	1.15713
25	137	0.664485
25	142	1.14603
25	152	1.08799
25	162	1.11585
25	165	1.09639
25	167	1.12854
25	170	0.711988
25	172	1.13769
25	173	0.709196
25	174	1.09899
25	179	1.11285
25	180	1.11853
26	18	0.690962
26	106	0.695568
26	138	0.731055
26	148	1.13189
26	151	1.14472
26	161	1.10477
26	166	1.13788
26	167	0.679434
26	170	1.11
26	171	1.14244
26	175	1.11603
26	176	1.11633
26	177	1.08119
26	178	1.11476
27	28	1.11164
27	57	0.647956
27	97	0.755431
27	98	1.08432
27	115	1.08141
27	145	1.14537
27	150	1.15893
27	160	1.10673
27	164	0.698746
27	166	0.707775
27	168	1.11116
27	169	1.12408
27	172	1.15752
27	174	1.11883
28	27	1.11164
28	37	0.616915
28	100	1.1512
28	105	1.13242
28	139	0.726151
28	154	1.11439
28	165	1.10453
28	166	0.718757
28	168	1.09947
28	169	1.11239
28	172	1.14583
28	174	1.10714
28	178	0.742256
28	179	1.121
29	77	1.07334
29	85	0.693375
29	104	0.743435
29	111	1.12682
29	121	1.14466
29	123	1.12974
29	132	0.697199
29	138	1.12617
29	139	1.1193
29	144	1.0908
29	156	1.11063
29	167	1.14427
29	171	0.669842
29	180	1.13426
30	32	1.3471
30	48	1.29932
30	54	1.25594
30	55	1.24967
30	75	1.25271
30	79	1.1646
30	82	1.16461
30	93	1.20137
30	122	0.578316
30	146	1.26469
30	148	0.547683
30	163	0.544004
30	177	0.589904
30	180	0.549828
31	54	1.14856
31	68	0.750449
31	76	0.665256
31	79	1.05722
31	82	1.05722
31	93	1.09399
31	121	1.15033
31	139	1.12497
31	145	0.662872
31	147	1.16248
31	156	1.1163
31	157	1.16251
31	174	0.713722
31	176	1.12643
32	15	1.25821
32	30	1.3471
32	46	0.483607
32	54	1.26181
32	55	1.25555
32	75	1.25858
32	79	1.17048
32	82	1.17048
32	93	1.20724
32	122	0.595136
32	146	1.27056
32	164	0.546314
32	165	0.570302
32	177	0.606723
33	112	0.689447
33	114	1.14054
33	116	0.749129
33	121	1.13804
33	123	1.12311
33	124	0.681448
33	126	1.10152
33	129	1.14874
33	138	1.11955
33	139	1.11268
33	144	1.08417
33	156	1.10401
33	169	0.678148
33	180	1.12764
34	44	1.07938
34	127	0.739469
34	134	0.673238
34	135	1.12501
34	142	0.659297
34	143	1.12723
34	157	1.14722
34	159	1.1197
34	165	0.720522
34	166	1.13268
34	171	1.13724
34	175	1.11084
34	176	1.11113
34	178	1.10956
35	10	1.33817
35	23	1.27971
35	40	1.10928
35	50	1.17174
35	60	1.25176
35	62	1.2523
35	90	1.25908
35	108	0.523296
35	110	0.554584
35	132	0.590265
35	167	1.27316
35	172	0.548647
35	173	1.2648
35	180	0.582254
36	1	0.63143
36	80	1.15658
36	127	1.10652
36	133	1.1082
36	136	1.13322
36	137	0.698413
36	153	0.745108
36	164	0.731325
36	168	1.10474
36	169	1.11766
36	172	1.1511
36	174	1.11241
36	177	1.08331
36	179	1.12627
37	7	1.26523
37	13	0.760143
37	28	0.616915
37	95	0.46223
37	105	0.584541
37	124	0.574122
37	147	1.21967
37	148	1.19918
37	149	1.1895
37	163	1.17351
37	166	1.20517
37	173	1.19876
37	175	1.18332
37	176	1.18362
37	178	1.18205
38	10	0.673505
38	73	0.819074
38	75	0.719682
38	105	1.09766
38	111	1.08447
38	124	0.784906
38	129	1.11302
38	138	1.08382
38	150	1.11249
38	154	1.07963
38	156	1.06829
38	158	1.09301
38	171	1.10452
38	178	1.07685
38	179	1.08624
39	3	0.708502
39	5	0.454585
39	40	0.939513
39	67	1.25833
39	71	0.45911
39	94	0.429066
39	126	1.17763
39	151	1.21863
39	156	1.18011
39	163	1.18013
39	168	1.17654
39	170	1.18391
39	172	1.2229
39	179	1.19807
39	180	1.20374
40	3	0.937493
40	10	1.07455
40	23	1.01609
40	35	1.10928
40	39	0.939513
40	50	0.908119
40	60	0.988144
40	62	0.988676
40	66	1.00926
40	74	0.962215
40	88	1.02772
40	90	0.995462
40	146	1.03669
40	167	1.00954
40	173	1.00118
41	108	1.20418
41	129	0.567844
41	133	1.18129
41	137	0.565173
41	140	0.602894
41	142	1.23254
41	150	1.2256
41	160	1.1734
41	162	1.20236
41	169	1.19075
41	174	1.1855
41	176	0.640752
41	178	0.630612
41	179	1.19936
41	180	1.20503
42	115	1.15012
42	125	1.24568
42	127	1.18165
42	141	1.17072
42	145	1.21407
42	146	1.22445
42	147	0.551606
42	150	1.22764
42	162	1.2044
42	168	1.17987
42	170	0.596801
42	175	0.622516
42	176	0.624877
42	178	0.614737
42	179	1.2014
43	58	1.22958
43	77	1.15403
43	99	0.544256
43	103	0.571173
43	114	1.22786
43	122	1.2015
43	123	1.21043
43	126	1.18884
43	139	1.19999
43	144	1.17149
43	156	1.19132
43	158	0.614008
43	159	0.627892
43	167	1.22496
43	177	0.654799
44	8	0.679709
44	34	1.07938
44	92	0.789332
44	109	1.03503
44	116	1.04954
44	134	0.753659
44	140	1.13805
44	151	1.12304
44	155	1.0936
44	161	1.08309
44	166	1.11619
44	175	1.09435
44	176	1.09465
44	178	1.09308
44	179	0.770987
45	22	0.621057
45	68	1.1743
45	93	0.653126
45	94	0.532854
45	95	1.27198
45	98	1.16522
45	133	1.19552
45	141	1.18291
45	145	1.22627
45	154	1.20698
45	160	1.18763
45	165	1.19712
45	168	1.19206
45	173	0.581942
45	175	0.61045
46	32	0.483607
46	68	1.16283
46	69	1.173
46	77	0.687229
46	134	1.20505
46	145	1.21479
46	150	1.22836
46	162	1.20512
46	166	0.590152
46	169	1.19351
46	172	1.22695
46	174	1.18826
46	175	0.621429
46	176	0.62379
46	179	1.20212
47	19	1.12007
47	59	1.08527
47	65	1.09048
47	89	1.10031
47	91	1.07288
47	106	1.09404
47	110	1.09766
47	118	1.10201
47	122	0.812053
47	124	1.08027
47	142	0.725994
47	146	0.682935
47	153	1.10547
47	177	1.05154
47	180	0.783565
48	15	1.21043
48	30	1.29932
48	55	1.20776
48	57	1.21999
48	66	0.614817
48	75	1.2108
48	79	1.12269
48	82	1.1227
48	93	1.15946
48	131	1.22407
48	146	1.22278
48	152	0.615266
48	169	0.599577
48	171	0.580759
48	173	0.591569
49	76	1.22947
49	77	0.653596
49	104	1.1531
49	108	1.20476
49	109	0.683983
49	128	1.222
49	140	0.552298
49	143	0.557276
49	145	1.21262
49	153	0.561273
49	162	1.20294
49	165	1.18347
49	174	1.18608
49	179	1.19994
49	180	1.20562
50	3	0.999948
50	5	1.11979
50	8	1.11579
50	10	1.137
50	23	1.07855
50	35	1.17174
50	40	0.908119
50	62	1.05113
50	66	1.07171
50	74	1.02467
50	77	0.870214
50	90	1.05792
50	148	0.782297
50	149	0.775306
50	163	0.778618
50	173	1.06363
51	59	0.639581
51	67	1.24267
51	71	0.596587
51	75	1.19347
51	79	1.10537
51	82	1.10537
51	93	1.14214
51	115	1.13112
51	121	0.613181
51	123	0.640318
51	144	0.699275
51	162	1.1854
51	163	1.16447
51	176	1.17458
51	178	1.17301
51	179	1.1824
52	10	0.551271
52	13	1.08585
52	98	1.12818
52	103	1.21028
52	105	1.18797
52	132	0.667911
52	148	0.657754
52	150	1.2028
52	155	0.682554
52	160	1.1506
52	165	1.16009
52	166	0.648595
52	172	1.20139
52	174	1.16269
52	177	1.13359
52	179	1.17655
53	101	1.19684
53	102	0.704002
53	111	1.15879
53	121	1.17663
53	129	1.18733
53	138	1.15814
53	139	1.15127
53	143	0.634657
53	144	1.12277
53	146	0.544574
53	153	1.17152
53	154	0.638934
53	156	1.1426
53	173	1.16788
53	177	0.68528
53	180	1.16623
54	15	1.16705
54	30	1.25594
54	31	1.14856
54	32	1.26181
54	55	1.16439
54	61	0.545254
54	75	1.16742
54	79	1.07932
54	82	1.07932
54	93	1.11608
54	127	0.674664
54	131	1.18069
54	146	1.17941
54	162	0.633055
54	177	0.692138
54	180	0.652062
55	15	1.16079
55	30	1.24967
55	32	1.25555
55	48	1.20776
55	54	1.16439
55	57	1.17035
55	75	1.16115
55	79	1.07305
55	82	1.07305
55	93	1.10982
55	107	0.627373
55	131	1.17443
55	147	0.597913
55	158	0.648135
55	177	0.688926
55	180	0.648851
56	81	0.702347
56	87	1.1786
56	92	1.14751
56	112	1.15035
56	120	1.17687
56	139	0.614947
56	140	0.603333
56	142	1.20286
56	145	1.18236
56	161	0.648139
56	168	1.14815
56	169	1.16107
56	174	1.15582
56	175	0.63883
56	177	1.12672
56	179	1.16968
57	27	0.647956
57	48	1.21999
57	55	1.17035
57	69	0.683506
57	82	1.08528
57	93	1.12205
57	94	1.20986
57	104	0.66762
57	118	1.16982
57	130	1.16416
57	159	1.16305
57	160	0.631298
57	161	1.14293
57	164	1.19801
57	167	0.561349
57	176	1.15449
58	43	1.22958
58	63	0.622658
58	70	1.12929
58	111	1.16058
58	114	1.18092
58	126	1.1419
58	129	1.18912
58	131	1.18669
58	138	1.15993
58	139	1.15306
58	144	1.12456
58	146	0.551062
58	156	1.14439
58	175	0.671665
58	176	0.674025
58	177	0.691768
59	1	1.18563
59	47	1.08527
59	51	0.639581
59	65	1.1288
59	71	1.19154
59	73	1.09516
59	89	1.13863
59	91	1.11119
59	94	1.18037
59	118	1.14033
59	124	1.11859
59	130	1.13466
59	157	0.672713
59	165	0.703567
59	166	0.688607
59	177	1.08986
59	180	0.699913
60	3	1.07997
60	5	1.19981
60	17	1.14921
60	23	1.15857
60	35	1.25176
60	40	0.988144
60	62	1.13116
60	72	1.10306
60	74	1.1047
60	90	1.13794
60	132	0.688752
60	149	0.671605
60	152	0.695903
60	166	0.669436
60	167	1.15202
60	173	1.14366
60	180	0.680741
61	54	0.545254
61	94	1.28856
61	130	1.24286
61	134	1.24395
61	139	1.23173
61	143	0.567142
61	144	1.20323
61	145	1.25369
61	155	0.600343
61	156	1.22306
61	157	0.55049
61	159	0.590858
61	164	0.557355
61	174	1.22716
61	177	1.19805
61	179	1.24102
61	180	1.24669
62	3	1.08051
62	5	1.20034
62	8	1.19635
62	20	0.649838
62	23	1.1591
62	35	1.2523
62	40	0.988676
62	50	1.05113
62	60	1.13116
62	74	1.10523
62	90	1.13847
62	137	0.648772
62	149	0.692882
62	157	0.674819
62	167	1.15255
62	173	1.14419
62	177	0.742094
63	13	0.844256
63	18	0.614967
63	58	0.622658
63	117	1.15512
63	155	1.12796
63	158	1.14359
63	159	1.13756
63	161	1.11744
63	164	1.17252
63	168	0.685122
63	170	1.12267
63	173	1.14414
63	175	1.1287
63	176	1.129
63	177	1.09386
63	178	1.12743
63	179	0.629161
64	66	0.694562
64	69	0.749983
64	77	1.08219
64	111	1.13567
64	114	1.15602
64	123	1.13859
64	129	1.16421
64	138	1.13502
64	139	1.12815
64	144	1.09965
64	150	0.614775
64	154	0.67358
64	156	1.11948
64	162	0.660842
64	167	1.15312
64	173	1.14476
64	180	1.14312
65	2	1.18912
65	12	0.788123
65	47	1.09048
65	59	1.1288
65	73	1.10036
65	89	1.14384
65	91	1.1164
65	94	1.18557
65	110	1.14118
65	118	1.14554
65	122	0.672193
65	124	1.12379
65	130	1.13987
65	163	0.63788
65	176	0.666038
65	177	1.09506
65	180	0.643705
66	40	1.00926
66	48	0.614817
66	50	1.07171
66	64	0.694562
66	74	1.12581
66	89	0.682281
66	91	0.740992
66	106	0.66332
66	109	1.09001
66	128	1.17952
66	134	1.16039
66	159	1.15819
66	166	1.17117
66	170	1.1433
66	172	1.18229
66	173	1.16477
66	174	1.14359
67	11	0.757294
67	39	1.25833
67	51	1.24267
67	112	1.18299
67	115	1.15103
67	124	0.574682
67	135	0.597039
67	136	1.20927
67	137	0.518664
67	152	1.17745
67	161	0.60119
67	165	1.18585
67	166	0.560605
67	168	1.18079
67	169	1.19371
67	172	1.22715
67	174	1.18845
67	179	1.20231
68	4	0.628279
68	31	0.750449
68	45	1.1743
68	46	1.16283
68	78	0.81624
68	95	1.16114
68	111	0.693959
68	115	1.05147
68	127	1.08301
68	152	1.07789
68	165	1.08629
68	168	1.08123
68	169	1.09415
68	172	1.12759
68	173	0.714733
68	174	1.0889
68	179	1.10276
68	180	1.10843
69	46	1.173
69	57	0.683506
69	64	0.749983
69	113	1.08204
69	115	1.06164
69	117	0.72624
69	129	0.704055
69	136	1.11988
69	140	0.739106
69	160	1.08697
69	162	1.11593
69	165	1.09646
69	168	1.0914
69	169	1.10432
69	172	1.13776
69	174	1.09907
69	179	1.11293
69	180	1.1186
70	58	1.12929
70	77	1.05374
70	103	0.68216
70	114	1.12757
70	121	1.12506
70	123	1.11014
70	126	1.08855
70	129	1.13576
70	131	1.13333
70	139	1.0997
70	144	1.0712
70	151	0.678527
70	153	1.11995
70	156	1.09103
70	159	0.738879
70	175	0.745682
70	177	0.765785
70	180	1.11467
71	2	1.25187
71	39	0.45911
71	51	0.596587
71	59	1.19154
71	73	1.16311
71	89	1.20658
71	91	1.17914
71	94	1.24832
71	106	1.2003
71	110	1.20392
71	118	1.20828
71	124	1.18654
71	130	1.20261
71	132	0.66493
71	146	0.556288
71	161	0.686199
71	166	0.645613
71	177	1.15781
72	14	1.13472
72	60	1.10306
72	90	1.11037
72	99	0.686862
72	123	1.10992
72	144	1.07098
72	147	0.706392
72	151	0.710147
72	154	1.10216
72	156	1.09081
72	159	0.770499
72	167	1.12445
72	169	1.10016
72	171	0.737984
72	172	1.1336
72	173	1.11609
72	174	1.09491
72	179	1.10877
73	38	0.819074
73	59	1.09516
73	65	1.10036
73	71	1.16311
73	89	1.11019
73	91	1.08276
73	94	1.15193
73	106	1.10392
73	110	1.10754
73	118	1.11189
73	124	1.09015
73	127	0.744038
73	130	1.10623
73	146	0.620807
73	153	1.11535
73	177	1.06142
73	179	0.695135
73	180	0.721437
74	3	1.05404
74	5	1.17388
74	8	1.16989
74	10	1.1911
74	23	1.13264
74	40	0.962215
74	50	1.02467
74	60	1.1047
74	62	1.10523
74	66	1.12581
74	90	1.11201
74	143	0.744028
74	145	0.705769
74	146	0.653945
74	163	0.748751
74	167	1.12609
74	173	1.11773
74	180	0.754576
75	15	1.16382
75	20	1.17342
75	30	1.25271
75	32	1.25858
75	38	0.719682
75	48	1.2108
75	51	1.19347
75	54	1.16742
75	55	1.16115
75	79	1.07608
75	82	1.07608
75	93	1.11285
75	103	0.578495
75	131	1.17746
75	141	0.649209
75	146	1.17617
75	159	0.635215
75	171	0.6027
75	180	0.622045
76	31	0.665256
76	49	1.22947
76	125	1.21585
76	134	1.17451
76	140	0.62255
76	141	1.1409
76	152	1.14671
76	153	0.631525
76	157	0.610876
76	160	1.14561
76	162	1.17457
76	165	1.15511
76	169	1.16297
76	172	1.19641
76	173	0.62954
76	174	1.15771
76	177	1.12861
76	178	0.650269
76	179	1.17157
77	29	1.07334
77	43	1.15403
77	46	0.687229
77	49	0.653596
77	50	0.870214
77	64	1.08219
77	70	1.05374
77	111	1.08503
77	114	1.10538
77	126	1.06636
77	129	1.11357
77	138	1.08438
77	139	1.07751
77	144	1.04901
77	156	1.06884
77	173	1.09412
77	177	0.810345
77	178	0.782463
77	180	1.09248
78	68	0.81624
78	108	0.718512
78	116	1.02833
78	140	1.11685
78	143	1.08954
78	146	1.10432
78	147	1.10949
78	155	1.0724
78	159	1.082
78	164	1.11696
78	165	0.781124
78	166	1.09499
78	167	0.725446
78	170	1.06711
78	171	1.09955
78	175	1.07315
78	176	1.07344
78	178	1.07187
78	179	0.751168
79	15	1.07572
79	20	1.08532
79	30	1.1646
79	31	1.05722
79	32	1.17048
79	48	1.12269
79	51	1.10537
79	54	1.07932
79	55	1.07305
79	75	1.07608
79	82	0.987982
79	93	1.02475
79	98	0.794978
79	122	0.768749
79	131	1.08936
79	138	0.739858
79	146	1.08807
79	175	0.760233
79	180	0.740261
80	36	1.15658
80	86	0.632404
80	92	1.15019
80	95	1.23075
80	111	0.617294
80	117	0.618212
80	120	1.17955
80	132	0.654614
80	138	0.6462
80	141	1.14168
80	152	1.1475
80	160	1.1464
80	162	1.17536
80	165	1.1559
80	167	1.18804
80	172	1.1972
80	173	0.638067
80	174	1.1585
80	179	1.17236
81	7	1.14744
81	56	0.702347
81	97	1.04619
81	115	0.855393
81	128	0.729726
81	137	1.12643
81	157	1.10192
81	158	1.08043
81	159	1.0744
81	164	1.10936
81	166	1.08738
81	170	1.05951
81	171	1.09194
81	172	0.734379
81	174	0.770029
81	175	1.06554
81	176	1.06584
81	178	1.06427
81	180	1.07934
82	15	1.07572
82	30	1.16461
82	31	1.05722
82	32	1.17048
82	48	1.1227
82	51	1.10537
82	54	1.07932
82	55	1.07305
82	57	1.08528
82	75	1.07608
82	79	0.987982
82	93	1.02475
82	119	0.83438
82	131	1.08936
82	143	0.723188
82	146	1.08807
82	177	0.773811
82	178	0.745928
82	180	0.733735
83	4	1.21848
83	21	1.17177
83	88	0.562323
83	95	0.562807
83	98	0.726644
83	100	0.650205
83	132	1.16398
83	147	1.18962
83	148	1.16913
83	157	1.18965
83	158	1.16816
83	163	1.14345
83	167	0.619903
83	170	1.14724
83	171	1.17967
83	174	0.67397
83	175	1.15327
83	176	1.15357
83	178	1.152
84	7	1.14469
84	111	0.760811
84	137	1.12368
84	139	0.786209
84	140	1.10649
84	147	1.09914
84	148	1.07864
84	149	1.06897
84	150	0.725046
84	155	1.06204
84	157	1.09917
84	159	1.07165
84	161	1.05152
84	164	1.10661
84	172	0.756514
84	175	1.06279
84	176	1.06309
84	178	1.06151
84	179	0.763819
85	8	0.571105
85	29	0.693375
85	89	0.671756
85	102	1.09856
85	142	0.631115
85	148	1.15686
85	149	1.14719
85	155	1.14026
85	157	1.17739
85	158	1.15589
85	159	1.14987
85	160	0.70661
85	161	1.12974
85	163	1.13119
85	164	1.18483
85	168	0.718344
85	175	1.14101
85	176	1.1413
85	177	1.10617
85	178	1.13973
86	80	0.632404
86	105	0.68349
86	109	1.07646
86	115	0.757705
86	121	0.659314
86	143	1.15217
86	145	0.621492
86	148	1.15163
86	151	1.16446
86	158	1.15066
86	159	1.14463
86	161	1.12451
86	164	1.17959
86	166	1.15762
86	170	1.12974
86	171	1.16218
86	172	0.636691
86	175	1.13578
86	176	1.13607
86	178	1.1345
87	56	1.1786
87	103	1.18469
87	104	1.10412
87	115	1.09968
87	120	1.15815
87	122	1.14318
87	131	0.646807
87	141	1.12029
87	152	1.1261
87	160	1.12501
87	162	1.15396
87	163	0.668429
87	164	0.65392
87	166	0.662948
87	169	1.14236
87	172	1.1758
87	174	1.1371
87	175	0.694226
87	178	0.686447
87	179	1.15096
88	15	0.554011
88	40	1.02772
88	83	0.562323
88	93	0.637543
88	115	1.09461
88	120	1.15308
88	134	1.14883
88	136	1.15285
88	142	1.17907
88	144	0.650004
88	150	1.17214
88	160	1.11994
88	162	1.14889
88	165	1.12943
88	167	1.16158
88	168	1.12437
88	169	1.13729
88	173	0.566359
88	174	1.13203
88	179	1.14589
89	19	1.17342
89	47	1.10031
89	59	1.13863
89	65	1.14384
89	66	0.682281
89	71	1.20658
89	73	1.11019
89	85	0.671756
89	91	1.12623
89	106	1.14739
89	110	1.15101
89	118	1.15537
89	124	1.13362
89	130	1.1497
89	153	1.15882
89	170	0.661825
89	172	0.633962
89	175	0.687541
89	177	1.10489
89	180	0.667569
90	3	1.08729
90	5	1.20713
90	8	1.20314
90	10	1.22434
90	17	1.15653
90	35	1.25908
90	40	0.995462
90	50	1.05792
90	60	1.13794
90	62	1.13847
90	72	1.11037
90	74	1.11201
90	119	0.745289
90	155	0.667298
90	167	1.15933
90	172	0.611037
90	173	1.15097
90	177	0.684719
90	178	0.656837
90	180	0.644644
91	17	0.64124
91	19	1.14599
91	47	1.07288
91	59	1.11119
91	65	1.1164
91	66	0.740992
91	71	1.17914
91	73	1.08276
91	89	1.12623
91	101	1.1567
91	106	1.11995
91	110	1.12357
91	118	1.12793
91	124	1.10619
91	130	1.12226
91	147	0.675342
91	153	1.13138
91	167	0.674256
91	175	0.746252
91	177	1.07746
91	180	0.72628
92	44	0.789332
92	56	1.14751
92	80	1.15019
92	97	0.712892
92	112	1.10055
92	113	1.08899
92	120	1.12706
92	128	1.14194
92	138	0.676138
92	140	0.661016
92	142	1.15306
92	154	1.11327
92	155	0.699195
92	162	1.12288
92	163	0.670717
92	165	1.10341
92	168	1.09835
92	169	1.11127
92	172	1.14471
92	177	1.07692
92	179	1.11988
93	15	1.11248
93	20	1.12209
93	30	1.20137
93	31	1.09399
93	32	1.20724
93	45	0.653126
93	48	1.15946
93	51	1.14214
93	54	1.11608
93	55	1.10982
93	57	1.12205
93	75	1.11285
93	79	1.02475
93	82	1.02475
93	88	0.637543
93	96	0.662327
93	131	1.12612
93	146	1.12483
93	155	0.7698
93	173	0.73861
93	180	0.747146
94	1	1.24241
94	39	0.429066
94	45	0.532854
94	57	1.20986
94	59	1.18037
94	61	1.28856
94	65	1.18557
94	71	1.24832
94	73	1.15193
94	106	1.18913
94	110	1.19275
94	118	1.19711
94	119	0.727519
94	124	1.17536
94	130	1.19144
94	153	1.20056
94	160	0.644799
94	164	0.60654
94	177	1.14663
94	178	0.639068
94	180	0.626874
95	3	0.79719
95	22	0.605956
95	37	0.46223
95	45	1.27198
95	68	1.16114
95	80	1.23075
95	83	0.562807
95	120	1.20762
95	144	0.650487
95	145	1.21311
95	146	1.22349
95	150	1.22668
95	152	1.17557
95	153	0.568827
95	160	1.17447
95	164	0.555044
95	168	1.17891
95	169	1.19182
95	174	1.18657
95	177	1.15747
95	179	1.20043
96	93	0.662327
96	105	0.61287
96	107	1.20185
96	128	0.561419
96	133	0.60541
96	137	1.24521
96	140	1.22802
96	143	1.20071
96	145	0.550873
96	147	1.22067
96	155	1.18357
96	161	1.17305
96	166	1.20616
96	168	0.629338
96	170	1.17829
96	171	1.21072
96	172	0.566072
96	173	1.19976
96	175	1.18432
96	176	1.18462
96	178	1.18304
97	18	0.680353
97	27	0.755431
97	81	1.04619
97	92	0.712892
97	107	1.12399
97	110	0.693179
97	117	1.13287
97	132	1.11716
97	136	0.696258
97	137	1.16734
97	147	1.1428
97	148	1.12231
97	150	0.655775
97	151	1.13514
97	161	1.09519
97	164	1.15027
97	170	1.10042
97	171	1.13286
97	175	1.10645
97	176	1.10675
97	180	1.12025
98	27	1.08432
98	45	1.16522
98	52	1.12818
98	79	0.794978
98	83	0.726644
98	117	0.710824
98	125	1.13795
98	141	1.063
98	142	1.12686
98	150	1.11992
98	152	1.06881
98	153	0.732664
98	154	1.08707
98	157	0.712015
98	160	1.06772
98	162	1.09668
98	165	1.07721
98	169	1.08507
98	172	1.11851
98	173	0.730679
98	174	1.07981
98	179	1.09367
99	13	0.802823
99	43	0.544256
99	72	0.686862
99	109	1.11474
99	111	0.584721
99	112	0.624801
99	135	1.18822
99	149	1.18023
99	151	1.20274
99	155	1.17331
99	158	1.18894
99	161	1.16279
99	163	1.16424
99	166	1.1959
99	167	0.562006
99	170	1.16802
99	171	1.20046
99	175	1.17406
99	176	1.17435
99	177	1.13921
99	178	1.17278
99	179	0.587729
100	7	0.56838
100	28	1.1512
100	83	0.650205
100	106	0.626886
100	110	0.635106
100	120	1.17944
100	125	1.21653
100	129	0.612201
100	133	1.15419
100	134	1.17519
100	136	1.17921
100	140	0.647251
100	142	1.20543
100	148	0.660631
100	154	1.16565
100	162	1.17525
100	165	1.15579
100	168	1.15073
100	169	1.16365
100	172	1.19709
100	174	1.15839
100	179	1.17225
101	16	1.06645
101	53	1.19684
101	91	1.1567
101	110	1.18148
101	117	1.19663
101	118	1.18584
101	121	1.1944
101	124	1.16409
101	129	1.2051
101	130	1.18017
101	138	1.17591
101	141	0.673729
101	145	0.597758
101	150	0.58149
101	154	0.640295
101	156	1.16037
101	157	1.20659
101	161	1.15894
101	162	0.627558
101	169	0.646037
101	176	1.1705
101	179	0.620263
102	53	0.704002
102	85	1.09856
102	107	1.10089
102	117	1.10977
102	128	0.705036
102	137	1.14424
102	140	1.12705
102	149	1.08953
102	154	0.737026
102	155	1.08261
102	158	1.09824
102	159	1.09221
102	160	0.76122
102	161	1.07209
102	164	1.12717
102	168	0.772955
102	171	1.10976
102	172	0.709689
102	173	1.09879
102	175	1.08335
102	176	1.08365
102	178	1.08208
103	14	0.616338
103	43	0.571173
103	52	1.21028
103	70	0.68216
103	75	0.578495
103	87	1.18469
103	106	1.1753
103	112	1.15644
103	118	1.18328
103	124	1.16154
103	126	0.671305
103	130	1.17761
103	138	0.640545
103	139	0.637036
103	145	1.18845
103	163	1.15783
103	171	1.19405
103	175	1.16765
103	176	1.16794
103	177	1.13281
103	178	1.16637
103	179	1.17577
104	18	1.11867
104	29	0.743435
104	49	1.1531
104	57	0.66762
104	87	1.10412
104	134	1.09814
104	136	1.10216
104	145	1.10788
104	152	1.07034
104	159	0.751914
104	161	0.768025
104	162	1.09821
104	165	1.07874
104	166	0.727439
104	167	1.11089
104	168	1.07368
104	169	1.0866
104	172	1.12004
104	174	1.08134
104	178	0.750938
104	179	1.0952
104	180	1.10088
105	6	1.23191
105	13	1.06276
105	28	1.13242
105	37	0.584541
105	38	1.09766
105	52	1.18797
105	86	0.68349
105	96	0.61287
105	114	0.657742
105	125	1.19774
105	134	1.1564
105	141	1.12279
105	145	1.16614
105	150	1.17971
105	152	1.1286
105	153	0.691138
105	158	0.696973
105	160	1.12751
105	165	1.137
105	171	0.678344
105	172	1.1783
105	174	1.13961
105	179	1.15347
106	1	1.19439
106	2	1.19268
106	19	1.16715
106	26	0.695568
106	47	1.09404
106	66	0.66332
106	71	1.2003
106	73	1.10392
106	89	1.14739
106	91	1.11995
106	94	1.18913
106	100	0.626886
106	103	1.1753
106	110	1.14473
106	118	1.14909
106	124	1.12735
106	130	1.14342
106	153	1.15254
106	166	0.637302
106	168	0.678266
106	174	0.650651
106	177	1.09862
106	180	0.648607
107	55	0.627373
107	96	1.20185
107	97	1.12399
107	102	1.10089
107	135	1.15751
107	136	0.638429
107	141	0.690184
107	157	1.17972
107	158	1.15822
107	159	1.15219
107	161	1.13207
107	163	1.13352
107	165	0.666674
107	166	1.16518
107	167	0.610996
107	168	0.692679
107	169	0.662492
107	170	1.1373
107	171	1.16974
107	173	1.15878
107	175	1.14334
107	176	1.14363
107	178	1.14206
108	16	0.8309
108	35	0.523296
108	41	1.20418
108	49	1.20476
108	78	0.718512
108	115	1.09559
108	125	1.19115
108	149	0.616405
108	150	1.17311
108	152	1.12201
108	154	1.14026
108	156	0.649069
108	160	1.12091
108	162	1.14987
108	165	1.13041
108	168	1.12534
108	169	1.13826
108	170	0.619797
108	172	1.17171
108	174	1.13301
108	176	0.647874
108	179	1.14687
108	180	1.15255
109	44	1.03503
109	49	0.683983
109	66	1.09001
109	86	1.07646
109	99	1.11474
109	120	0.754592
109	132	1.0772
109	135	1.08066
109	140	1.11019
109	142	0.743087
109	147	1.10284
109	148	1.08234
109	151	1.09518
109	156	0.824186
109	159	1.07535
109	162	0.78165
109	165	0.804312
109	166	1.08833
109	171	1.09289
109	175	1.06649
109	176	1.06679
109	178	1.06521
109	180	1.08029
110	2	1.1963
110	19	1.17077
110	20	0.604648
110	35	0.554584
110	47	1.09766
110	65	1.14118
110	71	1.20392
110	73	1.10754
110	89	1.15101
110	91	1.12357
110	94	1.19275
110	97	0.693179
110	100	0.635106
110	101	1.18148
110	106	1.14473
110	118	1.15271
110	119	0.757473
110	124	1.13097
110	130	1.14704
110	153	1.15616
110	156	0.680356
110	176	0.679161
110	177	1.10224
111	12	1.06386
111	16	0.860548
111	29	1.12682
111	38	1.08447
111	53	1.15879
111	58	1.16058
111	64	1.13567
111	68	0.693959
111	77	1.08503
111	80	0.617294
111	84	0.760811
111	99	0.584721
111	114	1.15886
111	121	1.15635
111	123	1.14143
111	125	0.586565
111	126	1.11984
111	129	1.16705
111	138	1.13786
111	139	1.13099
111	144	1.10249
111	156	1.12232
111	173	1.1476
111	177	0.695264
112	33	0.689447
112	56	1.15035
112	67	1.18299
112	92	1.10055
112	99	0.624801
112	103	1.15644
112	125	1.167
112	127	1.10297
112	133	1.10465
112	141	1.09204
112	145	1.13539
112	146	1.14577
112	150	1.14896
112	159	0.708438
112	160	1.09676
112	165	1.10625
112	167	1.1384
112	168	1.10119
112	171	0.675923
112	172	1.14755
112	173	0.686733
112	176	0.717602
112	178	0.707462
112	179	1.12272
113	6	1.1896
113	69	1.08204
113	92	1.08899
113	116	0.778404
113	122	1.10338
113	125	1.15544
113	128	1.13323
113	133	1.09309
113	141	1.08048
113	150	1.1374
113	151	0.660768
113	152	1.08629
113	154	1.10455
113	158	0.707235
113	161	0.737231
113	162	1.11416
113	163	0.702126
113	165	1.09469
113	168	1.08963
113	169	1.10255
113	170	0.702208
113	172	1.13599
113	174	1.0973
113	175	0.727923
113	179	1.11116
114	33	1.14054
114	43	1.22786
114	58	1.18092
114	64	1.15602
114	70	1.12757
114	77	1.10538
114	105	0.657742
114	111	1.15886
114	119	1.11912
114	121	1.1767
114	123	1.16178
114	126	1.14018
114	129	1.1874
114	138	1.15821
114	139	1.15134
114	140	0.629026
114	144	1.12284
114	151	0.597369
114	155	0.667205
114	156	1.14267
114	166	0.633246
114	167	1.17631
114	168	0.67421
114	176	0.666884
114	177	0.684627
114	180	1.1663
115	4	0.676915
115	7	0.677508
115	9	1.16843
115	27	1.08141
115	42	1.15012
115	51	1.13112
115	67	1.15103
115	68	1.05147
115	69	1.06164
115	81	0.855393
115	86	0.757705
115	87	1.09968
115	88	1.09461
115	108	1.09559
115	119	1.04925
115	127	1.07102
115	134	1.0937
115	136	1.09772
115	147	0.720966
115	153	0.765354
115	160	1.06481
115	165	1.0743
115	171	0.752559
115	174	1.0769
115	179	1.09076
115	180	1.09644
116	33	0.749129
116	44	1.04954
116	78	1.02833
116	113	0.778404
116	117	1.10742
116	132	1.09171
116	135	1.09516
116	136	0.73036
116	137	1.14188
116	140	1.1247
116	141	0.782115
116	145	0.706145
116	150	0.689877
116	151	1.10968
116	157	1.11738
116	158	1.09588
116	159	1.08985
116	164	1.12481
116	166	1.10284
116	169	0.754423
116	170	1.07496
116	171	1.1074
116	173	1.09644
116	175	1.081
116	176	1.08129
116	178	1.07972
117	63	1.15512
117	69	0.72624
117	80	0.618212
117	97	1.13287
117	98	0.710824
117	101	1.19663
117	102	1.10977
117	116	1.10742
117	134	0.612477
117	142	0.598536
117	149	1.1584
117	151	1.18091
117	155	1.15148
117	157	1.18861
117	158	1.16711
117	159	1.16108
117	162	0.6371
117	163	1.14241
117	170	1.14619
117	171	1.17863
117	173	1.16767
117	174	0.65815
117	175	1.15223
117	176	1.15252
117	178	1.15095
117	179	0.629805
118	1	1.20237
118	19	1.17512
118	47	1.10201
118	57	1.16982
118	59	1.14033
118	65	1.14554
118	71	1.20828
118	73	1.11189
118	89	1.15537
118	91	1.12793
118	94	1.19711
118	101	1.18584
118	103	1.18328
118	106	1.14909
118	110	1.15271
118	122	0.689057
118	124	1.13532
118	130	1.1514
118	136	0.635978
118	151	0.613387
118	155	0.683223
118	162	0.641562
118	163	0.654745
118	172	0.626962
118	177	1.10659
118	180	0.660569
119	1	0.664914
119	5	0.753038
119	19	0.717387
119	82	0.83438
119	90	0.745289
119	94	0.727519
119	110	0.757473
119	114	1.11912
119	115	1.04925
119	121	1.11661
119	127	1.08079
119	138	1.09812
119	142	1.13372
119	144	1.06275
119	152	1.07567
119	156	1.08258
119	158	1.1073
119	159	1.10127
119	161	1.08115
119	162	1.10354
119	168	1.07901
119	171	1.11882
119	175	1.09242
119	178	1.09114
119	179	1.10054
119	180	1.10621
120	24	0.631245
120	56	1.17687
120	80	1.17955
120	87	1.15815
120	88	1.15308
120	92	1.12706
120	95	1.20762
120	100	1.17944
120	109	0.754592
120	128	1.1713
120	133	1.13116
120	136	1.15618
120	141	1.11856
120	142	1.18241
120	143	0.627885
120	152	1.12437
120	154	1.14262
120	156	0.661961
120	157	0.611233
120	158	0.637717
120	161	0.667713
120	168	1.1277
120	169	1.14062
120	171	0.619087
120	172	1.17407
120	179	1.14923
121	14	1.18407
121	17	0.588473
121	29	1.14466
121	31	1.15033
121	33	1.13804
121	51	0.613181
121	53	1.17663
121	70	1.12506
121	86	0.659314
121	101	1.1944
121	111	1.15635
121	114	1.1767
121	119	1.11661
121	138	1.1557
121	139	1.14883
121	142	0.615942
121	144	1.12033
121	153	1.16908
121	156	1.14016
121	159	0.686682
121	164	0.653179
121	167	1.1738
121	169	0.672985
121	173	1.16544
121	177	0.713588
121	180	1.1638
122	10	0.604356
122	30	0.578316
122	32	0.595136
122	43	1.2015
122	47	0.812053
122	65	0.672193
122	79	0.768749
122	87	1.14318
122	113	1.10338
122	118	0.689057
122	126	1.11382
122	129	1.16104
122	130	0.679277
122	133	1.1162
122	142	1.16744
122	143	1.14254
122	144	1.09648
122	156	1.11631
122	162	1.13726
122	164	1.16996
122	166	1.14799
122	168	1.11274
122	170	1.12011
122	172	1.1591
122	175	1.12615
122	178	1.12487
122	180	1.13994
123	12	1.06678
123	29	1.12974
123	33	1.12311
123	43	1.21043
123	51	0.640318
123	64	1.13859
123	70	1.11014
123	72	1.10992
123	111	1.14143
123	114	1.16178
123	126	1.12276
123	131	1.16754
123	137	0.647404
123	138	1.14078
123	139	1.13391
123	144	1.10541
123	146	0.60002
123	153	1.15416
123	155	0.723304
123	156	1.12524
123	161	0.72993
123	167	1.15888
123	171	0.681305
123	172	0.667043
123	173	1.15052
123	176	0.722983
123	180	1.14887
124	1	1.18063
124	2	1.17891
124	19	1.15338
124	25	0.720503
124	33	0.681448
124	37	0.574122
124	38	0.784906
124	47	1.08027
124	59	1.11859
124	65	1.12379
124	67	0.574682
124	71	1.18654
124	73	1.09015
124	89	1.13362
124	91	1.10619
124	94	1.17536
124	101	1.16409
124	103	1.16154
124	106	1.12735
124	110	1.13097
124	118	1.13532
124	130	1.12966
124	153	1.13878
124	169	0.686742
124	174	0.689313
124	177	1.08485
124	180	0.68727
125	25	1.15713
125	42	1.24568
125	76	1.21585
125	98	1.13795
125	100	1.21653
125	105	1.19774
125	108	1.19115
125	111	0.586565
125	112	1.167
125	113	1.15544
125	127	1.16658
125	132	0.623886
125	135	0.641004
125	141	1.15565
125	153	0.609324
125	154	1.17972
125	155	0.638529
125	158	0.615159
125	159	0.629044
125	160	1.16037
125	165	1.16986
125	168	1.1648
125	169	1.17772
125	172	1.21116
125	175	0.635847
125	176	0.638207
125	177	1.14336
125	179	1.18632
126	12	1.04519
126	33	1.10152
126	39	1.17763
126	43	1.18884
126	58	1.1419
126	70	1.08855
126	77	1.06636
126	103	0.671305
126	111	1.11984
126	114	1.14018
126	122	1.11382
126	123	1.12276
126	129	1.14838
126	133	0.720586
126	138	1.11919
126	139	1.11232
126	143	0.704307
126	144	1.08382
126	146	0.614224
126	148	0.712709
126	153	1.13257
126	154	0.708585
126	156	1.10365
126	167	1.13729
126	173	1.12893
126	174	0.716898
126	177	0.75493
126	180	1.12728
127	18	1.14577
127	34	0.739469
127	36	1.10652
127	42	1.18165
127	54	0.674664
127	68	1.08301
127	73	0.744038
127	112	1.10297
127	115	1.07102
127	119	1.08079
127	125	1.16658
127	128	1.14436
127	133	1.10423
127	140	0.691574
127	142	1.15548
127	147	0.656161
127	149	0.697963
127	154	1.11569
127	157	0.6799
127	160	1.09634
127	162	1.1253
127	168	1.10077
127	169	1.11369
127	172	1.14713
127	174	1.10844
127	175	0.727071
127	179	1.1223
127	180	1.12797
128	18	1.18758
128	49	1.222
128	66	1.17952
128	81	0.729726
128	92	1.14194
128	96	0.561419
128	102	0.705036
128	113	1.13323
128	120	1.1713
128	127	1.14436
128	136	1.17106
128	145	1.17679
128	147	0.5953
128	152	1.13925
128	154	1.1575
128	155	0.668892
128	158	0.645522
128	160	1.13815
128	162	1.16711
128	163	0.640413
128	165	1.14765
128	168	1.14258
128	169	1.1555
128	170	0.640494
128	171	0.626892
128	172	1.18895
128	174	1.15025
128	177	1.12115
128	179	1.16411
129	11	0.819306
129	12	1.0924
129	14	1.19477
129	33	1.14874
129	38	1.11302
129	41	0.567844
129	53	1.18733
129	58	1.18912
129	64	1.16421
129	69	0.704055
129	70	1.13576
129	77	1.11357
129	100	0.612201
129	101	1.2051
129	111	1.16705
129	114	1.1874
129	122	1.16104
129	126	1.14838
129	131	1.19316
129	137	0.580676
129	138	1.1664
129	141	0.661086
129	144	1.13103
129	147	0.582985
129	156	1.15086
129	158	0.633207
129	173	1.17614
129	178	0.646116
129	180	1.1745
130	1	1.1967
130	2	1.19499
130	19	1.16946
130	22	0.681368
130	57	1.16416
130	59	1.13466
130	61	1.24286
130	65	1.13987
130	71	1.20261
130	73	1.10623
130	89	1.1497
130	91	1.12226
130	94	1.19144
130	101	1.18017
130	103	1.17761
130	106	1.14342
130	110	1.14704
130	118	1.1514
130	122	0.679277
130	124	1.12966
130	136	0.626198
130	147	0.599852
130	153	1.15485
130	154	0.64452
130	157	0.62359
130	176	0.673123
130	177	1.10093
130	179	0.624488
130	180	0.650789
131	48	1.22407
131	54	1.18069
131	55	1.17443
131	58	1.18669
131	70	1.13333
131	75	1.17746
131	79	1.08936
131	82	1.08936
131	87	0.646807
131	93	1.12612
131	123	1.16754
131	129	1.19316
131	137	1.21916
131	139	1.1571
131	142	0.59948
131	144	1.1286
131	152	0.672213
131	155	1.15752
131	156	1.14843
131	158	1.17315
131	162	0.638044
131	165	0.660705
131	169	0.656523
131	172	0.623444
131	174	0.659094
131	175	1.15827
131	176	1.15856
131	178	1.15699
131	179	0.630749
132	29	0.697199
132	35	0.590265
132	52	0.667911
132	60	0.688752
132	71	0.66493
132	80	0.654614
132	83	1.16398
132	97	1.11716
132	109	1.0772
132	116	1.09171
132	125	0.623886
132	147	1.17286
132	148	1.15237
132	149	1.14269
132	151	1.1652
132	153	1.1556
132	156	0.716038
132	157	1.1729
132	159	1.14537
132	161	1.12525
132	163	1.1267
132	164	1.18034
132	166	1.15836
132	170	1.13048
132	171	1.16292
132	174	0.694552
132	175	1.13652
132	176	1.13681
132	178	1.13524
132	180	1.15031
133	9	1.20164
133	24	0.683041
133	36	1.1082
133	41	1.18129
133	45	1.19552
133	96	0.60541
133	100	1.15419
133	112	1.10465
133	113	1.09309
133	120	1.13116
133	122	1.1162
133	126	0.720586
133	127	1.10423
133	141	1.0933
133	142	1.15716
133	144	0.765338
133	146	1.14703
133	150	1.15022
133	151	0.643047
133	152	1.09911
133	160	1.09802
133	162	1.12698
133	163	0.684404
133	165	1.10751
133	169	1.11537
133	170	0.684486
133	174	1.11012
133	175	0.710201
133	176	0.712562
133	177	1.08102
133	179	1.12398
134	34	0.673238
134	44	0.753659
134	46	1.20505
134	61	1.24395
134	66	1.16039
134	76	1.17451
134	88	1.14883
134	100	1.17519
134	104	1.09814
134	105	1.1564
134	115	1.0937
134	117	0.612477
134	135	0.665997
134	136	1.15193
134	138	0.640465
134	141	1.11431
134	144	0.715977
134	145	1.15766
134	150	1.17123
134	151	0.593686
134	152	1.12012
134	154	1.13837
134	158	0.640152
134	160	1.11902
134	162	1.14798
134	165	1.12852
134	167	1.16066
134	169	1.13637
134	175	0.66084
134	177	1.10202
134	178	0.653061
134	179	1.14498
134	180	1.15066
135	8	0.592047
135	20	1.1684
135	34	1.12501
135	67	0.597039
135	99	1.18822
135	107	1.15751
135	109	1.08066
135	116	1.09516
135	125	0.641004
135	134	0.665997
135	136	0.685036
135	140	1.18368
135	142	0.652056
135	143	1.15637
135	148	1.15583
135	149	1.14615
135	155	1.13923
135	157	1.17636
135	158	1.15486
135	159	1.14883
135	161	1.12871
135	163	1.13016
135	164	1.18379
135	166	1.16182
135	167	0.657603
135	168	0.739286
135	170	1.13394
135	171	1.16638
135	172	0.67602
135	175	1.13998
135	176	1.14027
135	178	1.1387
135	179	0.683325
136	20	1.16931
136	36	1.13322
136	67	1.20927
136	69	1.11988
136	88	1.15285
136	97	0.696258
136	100	1.17921
136	104	1.10216
136	107	0.638429
136	115	1.09772
136	116	0.73036
136	118	0.635978
136	120	1.15618
136	128	1.17106
136	130	0.626198
136	134	1.15193
136	135	0.685036
136	141	1.11832
136	142	1.18218
136	148	0.657761
136	150	1.17524
136	154	1.14239
136	157	0.632707
136	160	1.12304
136	162	1.152
136	163	0.654082
136	165	1.13253
136	168	1.12747
136	169	1.14039
136	172	1.17383
136	173	0.651371
136	174	1.13514
136	180	1.15467
137	6	0.55585
137	11	1.10958
137	25	0.664485
137	36	0.698413
137	41	0.565173
137	62	0.648772
137	67	0.518664
137	81	1.12643
137	84	1.12368
137	96	1.24521
137	97	1.16734
137	102	1.14424
137	116	1.14188
137	123	0.647404
137	129	0.580676
137	131	1.21916
137	147	1.22304
137	151	1.21538
137	155	1.18595
137	158	1.20158
137	160	0.649176
137	161	1.17543
137	163	1.17688
137	164	1.23051
137	165	0.634906
137	166	1.20854
137	169	0.630724
137	170	1.18066
137	171	1.2131
137	175	1.18669
137	176	1.18699
137	177	1.15185
137	178	1.18542
137	180	1.20049
138	12	1.06321
138	14	1.16558
138	20	0.631915
138	26	0.731055
138	29	1.12617
138	33	1.11955
138	38	1.08382
138	53	1.15814
138	58	1.15993
138	64	1.13502
138	77	1.08438
138	79	0.739858
138	80	0.6462
138	92	0.676138
138	101	1.17591
138	103	0.640545
138	111	1.13786
138	114	1.15821
138	119	1.09812
138	121	1.1557
138	123	1.14078
138	126	1.11919
138	129	1.1664
138	134	0.640465
138	139	1.13034
138	144	1.10184
138	153	1.15059
138	156	1.12167
138	162	0.665087
138	167	1.15531
138	173	1.14695
138	176	0.706428
138	177	0.72417
138	180	1.14531
139	12	1.05634
