1	68	0.769278
1	84	0.80604
1	85	0.777157
1	92	0.830657
1	93	0.76019
1	97	1.60501
1	100	0.827201
1	133	0.759548
1	148	1.73921
1	161	0.856982
1	168	2.13649
1	177	0.811544
2	104	1.29758
2	109	1.17343
2	115	0.94937
2	119	0.896037
2	133	0.88298
2	151	1.41972
2	152	0.917086
2	154	0.915616
2	157	0.909204
2	165	0.888362
2	171	1.7585
2	173	0.834677
3	39	0.790277
3	49	0.769238
3	73	1.63028
3	90	0.860933
3	95	0.833376
3	106	0.793833
3	107	0.7946
3	111	0.836111
3	116	2.0996
3	136	1.66202
3	160	0.768321
3	164	0.761843
4	111	1.34267
4	123	1.51828
4	134	0.816395
4	142	1.30754
4	145	0.836384
4	152	0.845387
4	157	0.837505
4	170	0.838861
4	174	0.750108
4	176	0.755029
4	178	0.754972
4	179	0.773665
5	59	0.840113
5	89	1.42658
5	114	1.41165
5	157	1.3358
5	158	0.81128
5	159	0.819415
5	167	0.789913
5	168	0.80051
5	171	0.797993
5	175	0.777243
5	176	0.770847
5	179	0.789483
6	87	1.32829
6	123	1.45769
6	132	1.38424
6	134	0.8248
6	156	0.874205
6	169	0.780151
6	170	0.847266
6	171	0.79058
6	172	0.780788
6	175	0.76983
6	176	0.763433
6	179	0.782069
7	73	1.07255
7	114	0.913018
7	145	0.919919
7	152	0.928922
7	154	0.927452
7	157	0.92104
7	158	1.47352
7	165	0.900198
7	168	1.56612
7	172	1.54731
7	173	0.846513
7	174	0.833643
8	13	0.974707
8	69	0.851714
8	86	1.04137
8	123	1.02312
8	158	0.928385
8	167	0.907018
8	168	0.917614
8	172	0.905307
8	175	0.894348
8	178	0.887895
8	179	0.906588
8	180	0.872723
9	23	0.83064
9	30	0.782469
9	34	0.794769
9	40	0.787112
9	75	0.771382
9	78	0.824854
9	87	0.804
9	91	0.784215
9	109	0.850738
9	135	1.59893
9	159	1.78909
9	175	2.06634
10	60	1.00769
10	77	0.998437
10	89	0.974953
10	145	0.998374
10	151	0.951473
10	153	0.952612
10	162	0.943376
10	167	0.880052
10	172	0.878341
10	175	0.867382
10	176	0.860986
10	179	0.879622
11	39	0.89328
11	95	0.936379
11	102	0.89622
11	106	0.896836
11	107	0.897603
11	111	0.939115
11	148	1.07488
11	160	0.871325
11	164	0.864846
11	172	1.45335
11	175	1.5205
11	176	1.64902
12	49	0.878039
12	69	0.91013
12	83	0.91327
12	95	0.942177
12	106	0.902634
12	107	0.903401
12	121	0.910736
12	139	1.44766
12	160	0.877123
12	164	0.870644
12	172	1.54292
12	176	1.73859
13	8	0.974707
13	30	0.893104
13	34	0.905403
13	40	0.897747
13	75	0.882017
13	78	0.935489
13	87	0.914635
13	91	0.89485
13	118	0.893805
13	148	1.34148
13	168	1.73876
13	170	1.41495
14	105	0.901154
14	117	0.90058
14	124	0.913589
14	145	0.915027
14	154	0.92256
14	156	1.16871
14	157	0.916148
14	165	0.895305
14	170	1.24934
14	173	0.841621
14	176	1.75001
14	179	1.52441
15	19	0.923516
15	39	0.887254
15	90	0.95791
15	102	0.890194
15	106	0.890811
15	111	0.933089
15	137	1.45092
15	158	1.43274
15	160	0.865299
15	164	0.858821
15	165	1.31132
15	179	1.47659
16	98	0.811964
16	122	0.823314
16	142	0.829846
16	144	0.818782
16	146	0.807208
16	147	0.790136
16	149	0.801942
16	150	0.799721
16	158	1.74987
16	173	1.91837
16	179	1.79372
16	180	0.711427
17	99	2.07871
17	144	2.28174
17	153	0.785367
17	168	0.723403
17	169	0.710457
17	170	0.777572
17	171	0.720886
17	172	0.711095
17	175	0.700137
17	176	0.69374
17	178	0.693683
17	179	0.712376
18	49	1.21532
18	117	1.1414
18	122	0.957335
18	150	0.944342
18	155	0.8983
18	163	0.837156
18	168	0.877191
18	170	0.931361
18	172	0.864883
18	175	0.853925
18	176	0.847528
18	178	0.847471
18	179	0.866164
19	15	0.923516
19	33	0.867395
19	77	0.848483
19	102	0.862222
19	106	0.862838
19	107	0.863605
19	111	0.905116
19	136	1.21527
19	139	1.56302
19	160	0.837326
19	162	1.37463
19	164	0.830848
19	174	1.89278
20	50	0.83175
20	123	0.863406
20	130	0.866208
20	141	1.19312
20	142	0.898385
20	147	0.858675
20	149	0.87048
20	150	0.868259
20	161	0.94888
20	162	1.37668
20	167	1.66937
20	176	1.85599
20	180	0.779966
21	41	1.48768
21	138	1.44775
21	155	0.809085
21	157	1.60311
21	166	0.788679
21	167	0.77738
21	169	0.775031
21	170	0.842146
21	172	0.775668
21	175	0.76471
21	176	0.758314
21	178	0.758257
21	179	0.776949
22	94	0.848329
22	130	0.874731
22	132	0.867568
22	136	1.33037
22	142	0.906908
22	146	0.88427
22	147	0.867198
22	149	0.879004
22	150	0.876783
22	155	1.61823
22	156	1.38775
22	160	1.72565
22	180	0.788489
23	9	0.83064
23	30	0.858659
23	36	0.870551
23	40	0.863302
23	43	0.932308
23	75	0.847572
23	87	0.88019
23	91	0.860405
23	118	0.85936
23	126	1.2633
23	155	1.57623
23	170	1.42637
23	173	1.8261
24	99	0.814197
24	124	1.06002
24	127	1.218
24	133	1.27881
24	155	0.900045
24	158	0.889708
24	167	0.868341
24	171	0.876421
24	172	0.866629
24	175	0.855671
24	176	0.849274
24	178	0.849217
24	179	0.86791
25	60	0.897922
25	71	1.47095
25	83	1.42524
25	96	1.45473
25	105	0.871501
25	131	0.875379
25	136	1.61188
25	143	0.858309
25	152	0.894377
25	154	0.892907
25	157	0.886494
25	173	0.811968
25	174	0.799098
26	74	0.923069
26	130	0.860198
26	132	0.853034
26	137	1.56112
26	138	0.889217
26	140	0.901639
26	144	0.88131
26	147	0.852665
26	150	0.862249
26	151	1.28157
26	166	1.60011
26	167	1.62578
26	180	0.773956
27	80	1.11132
27	89	0.841306
27	103	0.859616
27	116	1.71793
27	138	0.897232
27	140	0.909654
27	142	0.90039
27	147	0.86068
27	149	0.872485
27	150	0.870265
27	151	1.38819
27	169	1.80668
27	180	0.781971
28	61	0.85232
28	63	0.858903
28	110	0.864153
28	112	1.35947
28	132	0.827471
28	142	0.866811
28	144	0.855747
28	146	0.844173
28	147	0.827101
28	149	0.838907
28	156	1.50464
28	165	1.69507
28	172	1.89028
28	180	0.748392
29	65	0.885382
29	105	0.842541
29	117	0.841967
29	141	1.28148
29	145	0.856413
29	152	0.865416
29	154	0.863947
29	155	1.59353
29	157	0.857534
29	164	1.79631
29	165	0.836692
29	169	1.83201
29	173	0.783008
29	174	0.770137
30	9	0.782469
30	13	0.893104
30	23	0.858659
30	40	0.815131
30	43	0.884138
30	67	1.35698
30	75	0.799401
30	78	0.852873
30	87	0.832019
30	91	0.812235
30	109	0.878757
30	160	1.712
30	165	1.56452
30	173	1.85445
31	52	2.73571
31	88	2.51969
31	160	0.698609
31	162	0.739724
31	164	0.692131
31	165	0.718968
31	166	0.687699
31	167	0.6764
31	168	0.686997
31	170	0.741166
31	176	0.657334
31	177	0.765581
31	178	0.657277
31	179	0.67597
32	66	1.04942
32	94	1.06167
32	99	0.619951
32	123	0.973601
32	146	0.841695
32	167	0.933189
32	168	0.943786
32	170	0.997955
32	171	0.941269
32	172	0.931478
32	175	0.920519
32	176	0.914123
32	178	0.914066
32	179	0.932759
33	19	0.867395
33	69	0.842186
33	77	0.820335
33	95	0.874233
33	102	0.834074
33	106	0.83469
33	107	0.835457
33	111	0.876968
33	116	1.70961
33	151	1.37988
33	153	1.36536
33	160	0.809178
33	164	0.8027
33	180	1.9806
34	9	0.794769
34	13	0.905403
34	36	0.83468
34	40	0.827431
34	55	0.866097
34	75	0.811701
34	78	0.865173
34	87	0.844319
34	91	0.824534
34	118	0.823489
34	158	1.65517
34	166	1.71234
34	170	1.42395
34	179	1.69902
35	99	0.901319
35	121	1.30898
35	124	0.842663
35	127	0.843026
35	131	0.834106
35	143	0.817036
35	152	0.853103
35	154	0.851633
35	157	0.845221
35	165	0.824379
35	172	1.64061
35	173	0.770694
35	175	1.70775
35	178	1.8156
36	23	0.870551
36	34	0.83468
36	43	0.89603
36	87	0.843912
36	91	0.824127
36	123	0.833626
36	128	1.27731
36	138	0.865447
36	146	0.845967
36	149	0.840701
36	159	1.4806
36	173	1.78542
36	174	1.9252
36	180	0.750186
37	50	0.813508
37	94	0.821563
37	123	0.845163
37	130	0.847965
37	138	0.876984
37	142	0.880142
37	147	0.840432
37	149	0.852238
37	150	0.850017
37	163	1.85826
37	164	1.52189
37	172	1.47426
37	178	1.64925
37	180	0.761723
38	78	1.22143
38	102	1.23119
38	111	1.0755
38	120	0.906075
38	145	1.27309
38	147	0.868699
38	149	0.880505
38	150	0.878284
38	166	0.835585
38	169	0.821937
38	176	0.805219
38	178	0.805162
38	179	0.823855
38	180	0.78999
39	3	0.790277
39	11	0.89328
39	15	0.887254
39	69	0.834072
39	77	0.812221
39	90	0.893676
39	102	0.82596
39	109	1.30529
39	111	0.868855
39	148	1.50827
39	160	0.801065
39	164	0.794586
39	165	1.69153
39	173	1.98146
40	9	0.787112
40	13	0.897747
40	23	0.863302
40	30	0.815131
40	34	0.827431
40	43	0.888781
40	78	0.857516
40	87	0.836663
40	91	0.816878
40	97	1.24169
40	118	0.815833
40	162	1.47071
40	167	1.7634
40	180	2.01991
41	21	1.48768
41	47	0.824826
41	117	0.845508
41	127	0.858881
41	131	0.84996
41	145	0.859955
41	152	0.868958
41	153	1.21105
41	154	0.867488
41	157	0.861076
41	163	1.94473
41	173	0.786549
41	174	0.773679
41	175	1.62787
42	99	0.832561
42	114	0.768442
42	117	0.760896
42	127	0.774269
42	143	0.748278
42	145	0.775343
42	152	0.784346
42	154	0.782876
42	157	0.776464
42	159	1.88954
42	166	2.08303
42	173	0.701937
42	174	0.689067
42	176	2.29531
43	23	0.932308
43	30	0.884138
43	36	0.89603
43	40	0.888781
43	55	0.927447
43	67	1.08282
43	75	0.873051
43	78	0.926523
43	87	0.905669
43	91	0.885884
43	118	0.884839
43	155	1.33043
43	169	1.5689
43	171	1.4892
43	178	1.66057
44	68	0.791432
44	79	1.65951
44	82	0.81656
44	84	0.828195
44	85	0.799311
44	88	0.799164
44	92	0.852812
44	93	0.782345
44	100	0.849355
44	112	1.49505
44	133	0.781703
44	139	1.9306
44	151	1.69069
44	161	0.879136
44	177	0.833699
45	47	1.23008
45	90	0.925413
45	131	0.88994
45	138	0.950751
45	144	0.942845
45	146	0.93127
45	147	0.914199
45	150	0.923783
45	154	0.921019
45	157	0.960122
45	166	0.881085
45	168	0.880382
45	172	0.868074
45	176	0.850719
45	179	0.869355
46	52	0.846597
46	86	0.902604
46	103	0.889645
46	123	0.895441
46	135	1.14935
46	141	1.08242
46	142	0.93042
46	144	0.919355
46	149	0.902515
46	150	0.900294
46	161	0.980915
46	166	1.53301
46	167	1.55867
46	174	1.78413
46	180	0.812001
47	41	0.824826
47	45	1.23008
47	51	2.09584
47	99	0.881357
47	105	0.810266
47	117	0.809692
47	119	0.812093
47	124	0.822701
47	145	0.824139
47	152	0.833142
47	154	0.831672
47	156	1.56048
47	157	0.82526
47	159	1.73601
47	174	0.737863
48	60	0.925074
48	113	0.920511
48	124	0.911088
48	131	0.902531
48	145	0.912525
48	152	0.921528
48	154	0.920059
48	157	0.913646
48	162	1.25919
48	164	1.59046
48	167	1.55188
48	172	1.54283
48	173	0.83912
48	174	0.826249
48	177	1.16829
49	3	0.769238
49	12	0.878039
49	18	1.21532
49	69	0.813033
49	90	0.872637
49	95	0.84508
49	102	0.804921
49	106	0.805537
49	107	0.806304
49	111	0.847816
49	160	0.780026
49	164	0.773547
49	166	1.91036
49	170	1.62197
49	171	1.9306
50	20	0.83175
50	37	0.813508
50	73	1.47134
50	74	0.866997
50	98	0.818421
50	121	1.61447
50	140	0.845567
50	146	0.813665
50	147	0.796593
50	148	1.56763
50	149	0.808399
50	150	0.806178
50	161	0.886798
50	174	2.18061
50	180	0.717884
51	47	2.09584
51	99	1.56445
51	139	0.756646
51	143	0.763843
51	147	1.90636
51	148	0.809902
51	156	0.820324
51	168	0.739215
51	170	0.793384
51	171	0.736699
51	172	0.726907
51	175	0.715949
51	176	0.709552
51	178	0.709495
51	179	0.728188
52	31	2.73571
52	46	0.846597
52	70	0.780117
52	129	1.47509
52	130	0.786938
52	132	0.779775
52	134	1.49611
52	138	0.815957
52	142	0.819115
52	144	0.808051
52	146	0.796477
52	149	0.791211
52	150	0.78899
52	161	0.869611
52	177	1.3374
52	180	0.700696
53	113	0.888714
53	114	0.873828
53	115	0.922016
53	117	0.866282
53	118	0.85704
53	131	0.870734
53	141	1.33353
53	145	0.880729
53	153	1.45105
53	154	0.888262
53	157	0.88185
53	165	0.861008
53	170	1.49572
53	171	1.80435
53	173	0.807323
53	177	1.42618
54	61	0.901498
54	72	0.92993
54	77	0.865232
54	102	0.878971
54	103	0.875215
54	107	0.880354
54	109	0.954823
54	132	0.876649
54	147	0.87628
54	160	0.854075
54	164	0.847597
54	171	1.5399
54	172	1.53628
54	174	1.77078
54	178	1.71127
54	180	0.79757
55	34	0.866097
55	43	0.927447
55	75	0.842711
55	78	0.896183
55	91	0.855544
55	114	0.871287
55	135	0.914361
55	154	0.885721
55	155	1.29714
55	157	0.879308
55	164	1.49992
55	165	0.858466
55	168	1.4711
55	169	1.53561
55	174	0.791911
55	180	1.71785
56	62	1.42034
56	64	0.863227
56	80	1.24993
56	84	0.885476
56	85	0.856593
56	88	0.856446
56	89	0.826839
56	92	0.910093
56	93	0.839626
56	100	0.906637
56	128	1.44858
56	133	0.838984
56	159	1.65187
56	161	0.936418
56	165	1.66676
56	177	0.89098
57	62	1.07222
57	66	0.888309
57	81	2.36284
57	112	0.98305
57	113	0.897227
57	114	0.882341
57	127	0.888168
57	143	0.862178
57	152	0.898245
57	154	0.896775
57	157	0.890363
57	165	0.869521
57	170	1.20885
57	173	0.815836
57	174	0.802966
57	180	1.77942
58	93	1.22529
58	124	0.992197
58	133	1.21099
58	152	0.919107
58	153	0.935749
58	155	0.894893
58	157	1.00781
58	158	0.884555
58	167	0.863188
58	170	0.927954
58	171	0.871268
58	172	0.861477
58	174	0.839201
58	175	0.850518
58	176	0.844122
58	178	0.844065
59	5	0.840113
59	74	1.22735
59	85	1.41816
59	130	1.52481
59	140	1.31545
59	159	0.814393
59	162	0.848215
59	166	0.79619
59	167	0.784891
59	168	0.795487
59	170	0.849657
59	171	0.792971
59	172	0.783179
59	176	0.765824
59	178	0.765767
59	179	0.78446
60	10	1.00769
60	25	0.897922
60	48	0.925074
60	99	0.929035
60	104	1.34236
60	115	0.913104
60	117	0.85737
60	124	0.870379
60	137	1.74406
60	152	0.880819
60	154	0.87935
60	157	0.872937
60	158	1.72588
60	173	0.798411
60	174	0.78554
60	177	1.42512
61	28	0.85232
61	54	0.901498
61	71	1.30444
61	96	1.28822
61	120	0.886112
61	123	0.853467
61	130	0.856269
61	140	0.89771
61	142	0.888446
61	143	1.79548
61	144	0.877382
61	150	0.858321
61	153	1.5387
61	161	0.938941
61	177	1.51383
61	180	0.770027
62	56	1.42034
62	57	1.07222
62	72	1.12828
62	85	1.12094
62	88	1.05429
62	165	0.913914
62	166	0.882645
62	168	0.881943
62	169	0.868997
62	170	0.936112
62	172	0.869635
62	175	0.858676
62	176	0.85228
62	178	0.852223
62	179	0.870916
62	180	0.837051
63	28	0.858903
63	74	0.925724
63	75	0.837718
63	78	0.89119
63	87	0.870336
63	91	0.850551
63	97	1.17866
63	109	0.917073
63	146	0.872391
63	147	0.855319
63	149	0.867125
63	150	0.864904
63	151	1.35617
63	155	1.53618
63	169	1.77465
63	179	1.66139
64	56	0.863227
64	68	0.843033
64	82	0.868161
64	85	0.850912
64	88	0.850766
64	92	0.904413
64	93	0.833946
64	100	0.900957
64	120	0.877908
64	125	1.15734
64	143	1.49344
64	161	0.930738
64	164	1.63397
64	171	1.58997
64	175	1.65349
64	177	0.8853
65	29	0.885382
65	66	0.887303
65	108	1.17788
65	127	0.887163
65	131	0.878242
65	133	0.863133
65	145	0.888237
65	152	0.897239
65	154	0.89577
65	157	0.889357
65	162	1.27611
65	164	1.60738
65	173	0.814831
65	174	0.80196
65	175	1.6269
65	180	1.82531
66	32	1.04942
66	57	0.888309
66	65	0.887303
66	83	1.21454
66	115	0.899622
66	118	0.834646
66	119	0.846289
66	129	1.60733
66	131	0.84834
66	143	0.83127
66	152	0.867338
66	154	0.865868
66	157	0.859456
66	163	2.2282
66	170	1.53919
66	173	0.784929
66	174	0.772059
67	30	1.35698
67	43	1.08282
67	113	1.2653
67	139	0.875126
67	152	1.18469
67	154	1.23429
67	158	0.868466
67	163	0.817661
67	166	0.858399
67	167	0.847099
67	169	0.84475
67	170	0.911865
67	171	0.855179
67	175	0.83443
67	176	0.828033
67	178	0.827976
67	179	0.846669
68	1	0.769278
68	44	0.791432
68	64	0.843033
68	82	0.853648
68	84	0.865282
68	88	0.836252
68	92	0.8899
68	93	0.819432
68	100	0.886443
68	120	0.863395
68	161	0.916224
68	166	1.54694
68	170	1.25855
68	175	1.6307
68	176	1.75922
68	177	0.870786
68	178	1.73855
69	8	0.851714
69	12	0.91013
69	33	0.842186
69	39	0.834072
69	49	0.813033
69	90	0.904728
69	95	0.877171
69	102	0.837012
69	106	0.837629
69	107	0.838395
69	111	0.879907
69	160	0.812117
69	163	1.98096
69	164	0.805638
69	167	1.60601
69	173	1.69168
69	179	1.56702
70	52	0.780117
70	74	0.894633
70	94	0.80536
70	122	0.857407
70	138	0.860781
70	140	0.873203
70	142	0.863939
70	144	0.852875
70	147	0.824229
70	149	0.836034
70	150	0.833814
70	153	1.37033
70	156	1.33438
70	161	0.914434
70	174	1.95451
70	177	1.34546
70	178	1.895
71	25	1.47095
71	61	1.30444
71	103	1.09276
71	107	1.21472
71	120	1.06888
71	151	0.907992
71	153	0.909132
71	159	0.866073
71	163	0.807133
71	167	0.836571
71	168	0.847168
71	170	0.901337
71	171	0.844651
71	175	0.823902
71	176	0.817505
71	178	0.817448
71	179	0.836141
72	54	0.92993
72	62	1.12828
72	96	0.969754
72	122	0.910346
72	123	0.881899
72	130	0.884701
72	132	0.877537
72	136	1.1269
72	138	0.91372
72	140	0.926142
72	144	0.905814
72	146	0.89424
72	149	0.888974
72	161	0.967373
72	163	1.95391
72	166	1.55329
72	179	1.53997
72	180	0.798459
73	3	1.63028
73	7	1.07255
73	50	1.47134
73	145	1.31559
73	147	1.28188
73	148	0.890825
73	151	0.880962
73	155	0.841246
73	162	0.872866
73	166	0.820841
73	167	0.809541
73	168	0.820138
73	170	0.874307
73	171	0.817622
73	172	0.80783
73	175	0.796872
73	176	0.790475
73	178	0.790418
74	26	0.923069
74	50	0.866997
74	59	1.22735
74	63	0.925724
74	70	0.894633
74	103	0.892858
74	110	0.930974
74	123	0.898653
74	129	1.1349
74	132	0.894291
74	142	0.933632
74	149	0.905727
74	150	0.903507
74	163	1.75576
74	165	1.17655
74	173	1.46648
74	178	1.54675
74	180	0.815213
75	9	0.771382
75	13	0.882017
75	23	0.847572
75	30	0.799401
75	34	0.811701
75	43	0.873051
75	55	0.842711
75	63	0.837718
75	78	0.841786
75	87	0.820933
75	91	0.801148
75	101	1.60601
75	109	0.86767
75	118	0.800103
75	155	1.64903
75	175	1.87133
75	177	1.42964
75	179	1.77424
76	101	1.3809
76	113	0.91861
76	114	0.903725
76	115	0.951913
76	124	0.909188
76	127	0.909551
76	145	0.910625
76	151	1.24391
76	152	0.919628
76	154	0.918158
76	157	0.911746
76	158	1.50528
76	160	1.53134
76	162	1.29543
76	165	0.890904
76	166	1.56245
76	173	0.837219
76	174	0.824349
77	10	0.998437
77	19	0.848483
77	33	0.820335
77	39	0.812221
77	54	0.865232
77	90	0.882877
77	95	0.85532
77	102	0.815161
77	106	0.815778
77	107	0.816544
77	111	0.858056
77	116	1.78498
77	121	0.82388
77	155	1.63526
77	159	1.58031
77	160	0.790266
77	164	0.783787
77	180	2.05597
78	9	0.824854
78	13	0.935489
78	30	0.852873
78	34	0.865173
78	38	1.22143
78	40	0.857516
78	43	0.926523
78	55	0.896183
78	63	0.89119
78	75	0.841786
78	79	1.37236
78	87	0.874404
78	91	0.854619
78	109	0.921142
78	118	0.853574
78	135	1.33842
78	141	1.27149
78	162	1.45505
78	174	1.9732
79	44	1.65951
79	78	1.37236
79	101	0.842136
79	114	1.38566
79	120	1.28647
79	124	1.2942
79	151	0.868892
79	156	0.889177
79	162	0.860795
79	163	0.768033
79	168	0.808067
79	169	0.795122
79	170	0.862237
79	171	0.805551
79	172	0.79576
79	176	0.778405
79	178	0.778348
79	179	0.797041
79	180	0.763176
80	27	1.11132
80	56	1.24993
80	114	1.13996
80	122	1.05696
80	128	0.969463
80	147	1.1446
80	154	1.02501
80	159	0.900844
80	166	0.882641
80	167	0.871341
80	168	0.881938
80	169	0.868993
80	171	0.879422
80	172	0.86963
80	173	0.860224
80	174	0.847354
80	175	0.858672
80	178	0.852218
80	179	0.870911
81	57	2.36284
81	129	0.762582
81	137	0.730115
81	138	2.36978
81	152	2.43644
81	155	0.730715
81	156	0.790716
81	158	0.720377
81	163	0.669571
81	166	0.710309
81	168	0.709606
81	169	0.696661
81	170	0.763776
81	172	0.697298
81	173	0.687893
81	175	0.68634
81	176	0.679944
81	178	0.679887
81	179	0.698579
82	44	0.81656
82	64	0.868161
82	68	0.853648
82	84	0.89041
82	85	0.861527
82	88	0.86138
82	92	0.915028
82	93	0.84456
82	100	0.911571
82	120	0.888523
82	125	1.21721
82	133	0.843919
82	158	1.57242
82	161	0.941352
82	165	1.451
82	170	1.3412
82	171	1.64983
82	175	1.71336
82	177	0.895914
83	12	0.91327
83	25	1.42524
83	66	1.21454
83	105	1.06379
83	114	1.12235
83	117	1.22341
83	123	0.904618
83	132	0.900256
83	146	0.916958
83	147	0.899887
83	149	0.911692
83	150	0.909471
83	155	0.887178
83	171	0.863553
83	172	0.853761
83	175	0.842803
83	176	0.836407
83	178	0.83635
83	179	0.855042
84	1	0.80604
84	44	0.828195
84	56	0.885476
84	68	0.865282
84	82	0.89041
84	85	0.873162
84	89	0.843407
84	93	0.856195
84	100	0.923206
84	120	0.900157
84	133	0.855553
84	160	1.42108
84	161	0.952987
84	165	1.2736
84	167	1.47786
84	171	1.47243
84	176	1.66448
84	177	0.907549
84	178	1.6438
85	1	0.777157
85	44	0.799311
85	56	0.856593
85	59	1.41816
85	62	1.12094
85	64	0.850912
85	82	0.861527
85	84	0.873162
85	88	0.844131
85	92	0.897779
85	93	0.827312
85	100	0.894322
85	120	0.871274
85	128	1.14919
85	133	0.82667
85	161	0.924103
85	171	1.56619
85	174	1.79708
85	177	0.878666
85	180	1.82814
86	8	1.04137
86	46	0.902604
86	89	0.816038
86	122	0.868589
86	130	0.842945
86	138	0.871964
86	140	0.884386
86	142	0.875122
86	144	0.864057
86	146	0.852483
86	147	0.835412
86	149	0.847217
86	150	0.844996
86	156	1.40098
86	161	0.925617
86	165	1.59141
86	167	1.79566
86	168	1.80543
86	170	1.48161
86	180	0.756703
87	6	1.32829
87	9	0.804
87	13	0.914635
87	23	0.88019
87	30	0.832019
87	34	0.844319
87	36	0.843912
87	40	0.836663
87	43	0.905669
87	63	0.870336
87	75	0.820933
87	78	0.874404
87	91	0.833766
87	109	0.900288
87	118	0.832721
87	137	1.58337
87	148	1.2605
87	159	1.42887
87	174	1.87348
87	179	1.60903
88	31	2.51969
88	44	0.799164
88	56	0.856446
88	62	1.05429
88	64	0.850766
88	68	0.836252
88	82	0.86138
88	85	0.844131
88	89	0.814377
88	92	0.897632
88	93	0.827165
88	100	0.894175
88	120	0.871127
88	121	1.16429
88	133	0.826523
88	136	1.05291
88	161	0.923956
88	164	1.54355
88	168	1.51474
88	177	0.878519
89	5	1.42658
89	10	0.974953
89	27	0.841306
89	56	0.826839
89	84	0.843407
89	86	0.816038
89	88	0.814377
89	92	0.868024
89	100	0.864568
89	103	0.803079
89	132	0.804513
89	138	0.840696
89	140	0.853118
89	143	1.67402
89	144	0.832789
89	146	0.821215
89	161	0.894349
89	170	1.46192
89	174	2.00143
89	177	0.848911
89	179	1.73699
90	3	0.860933
90	15	0.95791
90	39	0.893676
90	45	0.925413
90	49	0.872637
90	69	0.904728
90	77	0.882877
90	95	0.936775
90	102	0.896616
90	106	0.897233
90	107	0.897999
90	108	1.25957
90	111	0.939511
90	116	1.63601
90	121	0.905334
90	141	1.17424
90	160	0.871721
90	162	1.3578
90	164	0.865242
90	173	1.73616
90	179	1.6115
91	9	0.784215
91	13	0.89485
91	23	0.860405
91	30	0.812235
91	34	0.824534
91	36	0.824127
91	40	0.816878
91	43	0.885884
91	55	0.855544
91	63	0.850551
91	75	0.801148
91	78	0.854619
91	87	0.833766
91	109	0.880503
91	118	0.812936
91	121	1.45444
91	135	1.3858
91	143	1.69317
91	172	1.78607
91	177	1.41153
91	178	1.96107
92	1	0.830657
92	44	0.852812
92	56	0.910093
92	64	0.904413
92	68	0.8899
92	82	0.915028
92	85	0.897779
92	88	0.897632
92	89	0.868024
92	93	0.880812
92	100	0.947823
92	121	1.31036
92	133	0.88017
92	135	1.24172
92	143	1.54909
92	153	1.29231
92	156	1.25636
92	161	0.977604
92	172	1.64199
92	177	0.932166
92	179	1.61205
93	1	0.76019
93	44	0.782345
93	56	0.839626
93	58	1.22529
93	64	0.833946
93	68	0.819432
93	82	0.84456
93	84	0.856195
93	85	0.827312
93	88	0.827165
93	92	0.880812
93	100	0.877356
93	109	1.31218
93	120	0.854307
93	129	1.65678
93	133	0.809703
93	155	1.73848
93	161	0.907137
93	162	1.60999
93	175	1.96078
93	177	0.861699
94	22	0.848329
94	32	1.06167
94	37	0.821563
94	70	0.80536
94	103	0.803584
94	110	0.841701
94	122	0.837826
94	130	0.812182
94	140	0.853623
94	142	0.844358
94	144	0.833294
94	146	0.82172
94	147	0.804649
94	149	0.816454
94	150	0.814233
94	153	1.50676
94	161	0.894854
94	164	1.90407
94	165	1.66123
94	173	1.95115
94	179	1.8265
94	180	0.725939
95	3	0.833376
95	11	0.936379
95	12	0.942177
95	33	0.874233
95	49	0.84508
95	69	0.877171
95	77	0.85532
95	90	0.936775
95	97	1.18809
95	102	0.869059
95	106	0.869675
95	107	0.870442
95	111	0.911954
95	121	0.877777
95	125	1.27176
95	129	1.4639
95	141	1.23356
95	160	0.844164
95	164	0.837685
95	167	1.70981
95	168	1.71957
95	169	1.78409
96	25	1.45473
96	61	1.28822
96	72	0.969754
96	100	0.974365
96	110	0.98766
96	145	1.19019
96	150	1.05585
96	153	0.938306
96	156	0.957452
96	158	0.887113
96	162	0.92907
96	167	0.865746
96	169	0.863397
96	170	0.930512
96	171	0.873826
96	172	0.864034
96	173	0.854629
96	174	0.841758
96	175	0.853076
96	176	0.84668
96	178	0.846623
96	179	0.865315
97	1	1.60501
97	40	1.24169
97	63	1.17866
97	95	1.18809
97	100	1.06185
97	119	1.10393
97	148	0.925058
97	150	1.14334
97	153	0.916335
97	155	0.87548
97	162	0.907099
97	163	0.814336
97	166	0.855074
97	167	0.843775
97	169	0.841426
97	170	0.908541
97	171	0.851855
97	172	0.842063
97	176	0.824708
97	177	0.932956
97	178	0.824651
97	179	0.843344
97	180	0.809479
98	16	0.811964
98	50	0.818421
98	110	0.882397
98	120	0.882721
98	122	0.878523
98	132	0.845714
98	138	0.881897
98	140	0.894319
98	142	0.885055
98	144	0.873991
98	146	0.862417
98	147	0.845345
98	149	0.85715
98	150	0.85493
98	160	1.45411
98	161	0.93555
98	171	1.50547
98	174	1.73635
98	175	1.56899
98	176	1.69751
98	177	1.1273
98	178	1.67684
98	180	0.766636
99	17	2.07871
99	24	0.814197
99	32	0.619951
99	35	0.901319
99	42	0.832561
99	47	0.881357
99	51	1.56445
99	60	0.929035
99	113	0.924471
99	114	0.909586
99	115	0.957774
99	117	0.902039
99	127	0.915412
99	145	0.916486
99	152	0.925489
99	154	0.924019
99	157	0.917607
99	160	1.36699
99	165	0.896765
99	166	1.3981
99	173	0.84308
99	174	0.83021
99	176	1.61039
99	177	1.04017
100	1	0.827201
100	44	0.849355
100	56	0.906637
100	64	0.900957
100	68	0.886443
100	82	0.911571
100	84	0.923206
100	85	0.894322
100	88	0.894175
100	89	0.864568
100	92	0.947823
100	93	0.877356
100	96	0.974365
100	97	1.06185
100	104	1.11722
100	120	0.921318
100	133	0.876714
100	139	1.47926
100	151	1.23936
100	158	1.50073
100	161	0.974147
100	176	1.77019
100	177	0.92871
100	178	1.74951
101	75	1.60601
101	76	1.3809
101	79	0.842136
101	105	1.49527
101	115	1.34283
101	116	0.786332
101	125	0.876953
101	132	1.49675
101	152	1.38928
101	155	0.81106
101	156	0.871061
101	158	0.800722
101	162	0.842679
101	167	0.779355
101	168	0.789951
101	169	0.777006
101	170	0.844121
101	171	0.787435
101	172	0.777644
101	174	0.755368
101	175	0.766685
101	176	0.760289
101	178	0.760232
101	179	0.778925
102	11	0.89622
102	15	0.890194
102	19	0.862222
102	33	0.834074
102	38	1.23119
102	39	0.82596
102	49	0.804921
102	54	0.878971
102	69	0.837012
102	77	0.815161
102	90	0.896616
102	95	0.869059
102	106	0.829516
102	107	0.830283
102	111	0.871795
102	121	0.837618
102	128	1.33506
102	134	1.53261
102	153	1.39877
102	160	0.804005
102	164	0.797526
102	165	1.55324
102	173	1.84317
102	180	2.01401
103	27	0.859616
103	46	0.889645
103	54	0.875215
103	71	1.09276
103	74	0.892858
103	89	0.803079
103	94	0.803584
103	122	0.855631
103	130	0.829986
103	138	0.859005
103	140	0.871427
103	142	0.862163
103	146	0.839525
103	147	0.822453
103	149	0.834259
103	150	0.832038
103	153	1.32701
103	161	0.912659
103	165	1.48148
103	166	1.66008
103	172	1.67669
103	173	1.77141
103	174	1.9112
103	180	0.743744
104	2	1.29758
104	60	1.34236
104	100	1.11722
104	114	1.2947
104	127	1.36123
104	148	0.906772
104	150	1.1987
104	152	1.13015
104	153	0.898049
104	156	0.917194
104	158	0.846855
104	159	0.85499
104	162	0.888812
104	163	0.79605
104	166	0.836788
104	167	0.825488
104	168	0.836085
104	169	0.823139
104	172	0.823777
104	175	0.812818
104	177	0.914669
104	178	0.806365
104	179	0.825058
104	180	0.791193
105	14	0.901154
105	25	0.871501
105	29	0.842541
105	47	0.810266
105	83	1.06379
105	101	1.49527
105	113	0.85338
105	114	0.838494
105	115	0.886682
105	119	0.833349
105	124	0.843957
105	128	1.28005
105	131	0.8354
105	133	0.820292
105	135	0.881568
105	145	0.845395
105	152	0.854398
105	154	0.852928
105	157	0.846516
105	162	1.4098
105	164	1.74107
105	173	0.771989
105	175	1.76059
105	180	1.959
106	3	0.793833
106	11	0.896836
106	12	0.902634
106	15	0.890811
106	19	0.862838
106	33	0.83469
106	49	0.805537
106	69	0.837629
106	77	0.815778
106	90	0.897233
106	95	0.869675
106	102	0.829516
106	107	0.830899
106	111	0.872411
106	121	0.838235
106	128	1.26081
106	159	1.4641
106	160	0.804621
106	164	0.798143
106	167	1.68325
106	169	1.75752
106	170	1.36919
106	171	1.67782
106	180	1.93976
107	3	0.7946
107	11	0.897603
107	12	0.903401
107	19	0.863605
107	33	0.835457
107	49	0.806304
107	54	0.880354
107	69	0.838395
107	71	1.21472
107	77	0.816544
107	90	0.897999
107	95	0.870442
107	102	0.830283
107	106	0.830899
107	108	1.41679
107	111	0.873178
107	121	0.839001
107	129	1.5618
107	141	1.33145
107	160	0.805388
107	164	0.798909
107	167	1.8077
107	171	1.80228
107	172	1.79866
108	65	1.17788
108	90	1.25957
108	107	1.41679
108	118	1.38491
108	139	0.85799
108	146	1.2546
108	151	0.901383
108	152	1.20558
108	153	0.902523
108	156	0.921668
108	158	0.85133
108	161	1.02651
108	163	0.800524
108	169	0.827614
108	170	0.894728
108	171	0.838043
108	172	0.828251
108	173	0.818845
108	174	0.805975
108	175	0.817293
108	176	0.810896
108	177	0.919144
108	178	0.810839
108	180	0.795667
109	2	1.17343
109	9	0.850738
109	30	0.878757
109	39	1.30529
109	54	0.954823
109	63	0.917073
109	75	0.86767
109	78	0.921142
109	87	0.900288
109	91	0.880503
109	93	1.31218
109	110	1.00636
109	117	1.27161
109	118	0.879458
109	122	1.08754
109	142	0.976175
109	148	0.922141
109	151	0.912279
109	162	0.904182
109	167	0.840858
109	170	0.905624
109	172	0.839146
109	175	0.828188
109	177	0.930039
109	178	0.821735
110	28	0.864153
110	74	0.930974
110	94	0.841701
110	96	0.98766
110	98	0.882397
110	109	1.00636
110	120	0.897946
110	122	0.893748
110	123	0.865301
110	132	0.860939
110	138	0.897122
110	140	0.909544
110	142	0.90028
110	144	0.889215
110	146	0.877641
110	147	0.86057
110	150	0.870154
110	156	1.20218
110	158	1.51403
110	161	0.950775
110	166	1.5712
110	167	1.59686
110	173	1.68253
110	176	1.78348
110	180	0.781861
111	3	0.836111
111	4	1.34267
111	11	0.939115
111	15	0.933089
111	19	0.905116
111	33	0.876968
111	38	1.0755
111	39	0.868855
111	49	0.847816
111	69	0.879907
111	77	0.858056
111	90	0.939511
111	95	0.911954
111	102	0.871795
111	106	0.872411
111	107	0.873178
111	121	0.880513
111	126	1.12469
111	143	1.49986
111	156	1.20713
111	158	1.51897
111	160	0.846899
111	164	0.840421
111	173	1.68748
111	180	1.85832
112	28	1.35947
112	44	1.49505
112	57	0.98305
112	113	1.13726
112	129	0.920811
112	133	1.34853
112	142	1.02683
112	144	1.08695
112	151	0.92866
112	158	0.878606
112	160	0.879448
112	161	0.877572
112	163	0.827801
112	165	0.899807
112	166	0.868538
112	167	0.857239
112	168	0.867836
112	169	0.85489
112	170	0.922005
112	171	0.865319
112	174	0.833252
112	175	0.844569
112	176	0.838173
112	178	0.838116
112	179	0.856809
112	180	0.822944
113	48	0.920511
113	53	0.888714
113	57	0.897227
113	67	1.2653
113	76	0.91861
113	99	0.924471
113	105	0.85338
113	112	1.13726
113	117	0.852806
113	119	0.855207
113	126	1.19999
113	127	0.866179
113	131	0.857258
113	143	0.840189
113	145	0.867253
113	152	0.876256
113	154	0.874786
113	156	1.28243
113	157	0.868374
113	158	1.59427
113	163	2.05207
113	165	0.847532
113	170	1.36305
113	173	0.793847
113	174	0.780977
113	178	1.84305
114	5	1.41165
114	7	0.913018
114	42	0.768442
114	53	0.873828
114	55	0.871287
114	57	0.882341
114	76	0.903725
114	79	1.38566
114	80	1.13996
114	83	1.12235
114	99	0.909586
114	104	1.2947
114	105	0.838494
114	118	0.828678
114	119	0.840321
114	124	0.85093
114	127	0.851293
114	136	1.30899
114	143	0.825303
114	145	0.852367
114	152	0.86137
114	154	0.8599
114	157	0.853488
114	165	0.832646
114	172	1.752
114	174	0.766091
114	180	2.01756
115	2	0.94937
115	53	0.922016
115	60	0.913104
115	66	0.899622
115	76	0.951913
115	99	0.957774
115	101	1.34283
115	105	0.886682
115	116	0.845243
115	118	0.876866
115	119	0.888509
115	124	0.899118
115	131	0.89056
115	133	0.875452
115	148	1.16253
115	152	0.909558
115	154	0.908088
115	156	1.15536
115	157	0.901676
115	165	0.880834
115	168	1.55981
115	170	1.23599
115	171	1.54462
115	174	0.814279
115	175	1.60815
115	177	1.16645
115	180	1.80656
116	3	2.0996
116	27	1.71793
116	33	1.70961
116	77	1.78498
116	90	1.63601
116	101	0.786332
116	115	0.845243
116	119	0.79191
116	131	0.793961
116	145	0.803956
116	146	1.63103
116	152	0.812959
116	154	0.811489
116	157	0.805077
116	159	0.771169
116	160	0.763877
116	165	0.784235
116	167	0.741667
116	168	0.752264
116	170	0.806433
116	171	0.749747
116	172	0.739956
116	173	0.73055
116	175	0.728998
116	176	0.722601
116	178	0.722544
116	179	0.741237
117	14	0.90058
117	18	1.1414
117	29	0.841967
117	41	0.845508
117	42	0.760896
117	47	0.809692
117	53	0.866282
117	60	0.85737
117	83	1.22341
117	99	0.902039
117	109	1.27161
117	113	0.852806
117	119	0.832775
117	124	0.843383
117	131	0.834826
117	135	0.880994
117	143	0.817757
117	145	0.844821
117	152	0.853824
117	154	0.852354
117	155	1.69791
117	157	0.845942
117	159	1.64296
117	173	0.771415
117	174	0.758545
117	177	1.47852
117	178	2.02806
117	179	1.82312
118	13	0.893805
118	23	0.85936
118	34	0.823489
118	40	0.815833
118	43	0.884839
118	53	0.85704
118	66	0.834646
118	75	0.800103
118	78	0.853574
118	87	0.832721
118	91	0.812936
118	108	1.38491
118	109	0.879458
118	114	0.828678
118	115	0.876866
118	121	1.43515
118	125	1.33778
118	126	1.29871
118	127	0.834505
118	145	0.835579
118	152	0.844582
118	154	0.843112
118	157	0.8367
118	159	1.55668
118	174	0.749303
118	178	1.94178
118	179	1.73684
118	180	2.03235
119	2	0.896037
119	47	0.812093
119	66	0.846289
119	97	1.10393
119	105	0.833349
119	113	0.855207
119	114	0.840321
119	115	0.888509
119	116	0.79191
119	117	0.832775
119	124	0.845785
119	127	0.846148
119	131	0.837227
119	135	0.883396
119	145	0.847222
119	152	0.856225
119	154	0.854755
119	157	0.848343
119	163	2.0006
119	164	1.66423
119	165	0.827501
119	167	1.62564
119	168	1.63541
119	171	1.62022
119	173	0.773816
119	174	0.760946
119	177	1.24205
119	180	1.88216
120	38	0.906075
120	61	0.886112
120	64	0.877908
120	68	0.863395
120	71	1.06888
120	79	1.28647
120	82	0.888523
120	84	0.900157
120	85	0.871274
120	88	0.871127
120	93	0.854307
120	98	0.882721
120	100	0.921318
120	110	0.897946
120	125	1.22381
120	135	1.25254
120	140	0.909868
120	143	1.55991
120	144	0.889539
120	147	0.860894
120	149	0.872699
120	160	1.60508
120	161	0.951099
120	162	1.36917
120	166	1.63619
120	169	1.73613
120	177	0.905661
120	180	0.782184
121	12	0.910736
121	35	1.30898
121	50	1.61447
121	77	0.82388
121	88	1.16429
121	90	0.905334
121	91	1.45444
121	92	1.31036
121	95	0.877777
121	102	0.837618
121	106	0.838235
121	107	0.839001
121	111	0.880513
121	118	1.43515
121	122	1.33736
121	128	0.888635
121	133	1.54771
121	139	0.818541
121	160	0.812723
121	162	0.853838
121	164	0.806245
121	166	0.801813
121	167	0.790514
121	169	0.788165
121	171	0.798594
121	172	0.788802
121	175	0.777844
121	178	0.77139
121	179	0.790083
122	16	0.823314
122	18	0.957335
122	70	0.857407
122	72	0.910346
122	80	1.05696
122	86	0.868589
122	94	0.837826
122	98	0.878523
122	103	0.855631
122	109	1.08754
122	110	0.893748
122	121	1.33736
122	123	0.861426
122	130	0.864229
122	132	0.857065
122	138	0.893248
122	140	0.90567
122	144	0.885341
122	146	0.873767
122	147	0.856696
122	149	0.868501
122	150	0.86628
122	155	1.51384
122	161	0.946901
122	162	1.38535
122	172	1.66899
122	176	1.86466
122	178	1.84399
122	180	0.777986
123	4	1.51828
123	6	1.45769
123	8	1.02312
123	20	0.863406
123	32	0.973601
123	36	0.833626
123	37	0.845163
123	46	0.895441
123	61	0.853467
123	72	0.881899
123	74	0.898653
123	83	0.904618
123	110	0.865301
123	122	0.861426
123	125	1.33937
123	130	0.835782
123	132	0.828618
123	137	1.71277
123	138	0.864801
123	140	0.877223
123	144	0.856894
123	146	0.84532
123	147	0.828249
123	149	0.840054
123	150	0.837833
123	161	0.918454
123	169	1.85169
123	175	1.83552
123	177	1.39382
123	180	0.74954
124	14	0.913589
124	24	1.06002
124	35	0.842663
124	47	0.822701
124	48	0.911088
124	58	0.992197
124	60	0.870379
124	76	0.909188
124	79	1.2942
124	105	0.843957
124	114	0.85093
124	115	0.899118
124	117	0.843383
124	119	0.845785
124	127	0.856756
124	131	0.847836
124	135	0.894004
124	139	1.56528
124	143	0.830766
124	152	0.866833
124	154	0.865363
124	157	0.858951
124	160	1.61281
124	165	0.838109
124	167	1.66959
124	168	1.67935
124	173	0.784424
124	174	0.771554
124	178	1.83553
124	179	1.6306
125	64	1.15734
125	82	1.21721
125	95	1.27176
125	101	0.876953
125	118	1.33778
125	120	1.22381
125	123	1.33937
125	134	0.874588
125	141	0.945336
125	147	1.32764
125	148	0.913572
125	149	1.20719
125	153	0.904849
125	155	0.863993
125	157	1.24715
125	159	0.86179
125	162	0.895612
125	163	0.80285
125	166	0.843587
125	167	0.832288
125	169	0.829939
125	170	0.897054
125	171	0.840368
125	172	0.830577
125	175	0.819618
125	176	0.813222
125	177	0.921469
125	178	0.813165
125	179	0.831858
125	180	0.797993
126	23	1.2633
126	111	1.12469
126	113	1.19999
126	118	1.29871
126	133	1.41126
126	137	0.866543
126	144	1.14968
126	146	1.16839
126	148	0.916721
126	149	1.16811
126	151	0.906859
126	152	1.11938
126	153	0.907998
126	155	0.867143
126	156	0.927144
126	158	0.856805
126	162	0.898762
126	163	0.805999
126	166	0.846737
126	167	0.835438
126	168	0.846034
126	169	0.833089
126	170	0.900204
126	171	0.843518
126	172	0.833726
126	173	0.824321
126	175	0.822768
126	176	0.816372
126	178	0.816315
126	179	0.835007
127	24	1.218
127	35	0.843026
127	41	0.858881
127	42	0.774269
127	57	0.888168
127	65	0.887163
127	76	0.909551
127	99	0.915412
127	104	1.36123
127	113	0.866179
127	114	0.851293
127	118	0.834505
127	119	0.846148
127	124	0.856756
127	131	0.848199
127	133	0.833091
127	135	0.894367
127	141	1.35132
127	145	0.858194
127	148	1.44006
127	152	0.867197
127	154	0.865727
127	156	1.43289
127	157	0.859315
127	160	1.7708
127	162	1.53488
127	165	0.838473
127	174	0.771918
127	177	1.44398
127	178	1.99352
128	36	1.27731
128	56	1.44858
128	80	0.969463
128	85	1.14919
128	102	1.33506
128	105	1.28005
128	106	1.26081
128	121	0.888635
128	136	0.939834
128	137	0.863917
128	138	1.1074
128	150	1.24261
128	151	0.904233
128	154	1.22366
128	156	0.924518
128	158	0.854179
128	159	0.862314
128	162	0.896136
128	163	0.803373
128	166	0.844111
128	167	0.832812
128	168	0.843408
128	169	0.830463
128	171	0.840892
128	172	0.8311
128	175	0.820142
128	176	0.813746
128	178	0.813689
128	179	0.832381
128	180	0.798516
129	52	1.47509
129	66	1.60733
129	74	1.1349
129	81	0.762582
129	93	1.65678
129	95	1.4639
129	107	1.5618
129	112	0.920811
129	131	1.36911
129	134	0.840562
129	138	1.28393
129	139	0.82629
129	151	0.869683
129	153	0.870823
129	156	0.889968
129	158	0.81963
129	159	0.827765
129	160	0.820472
129	162	0.861587
129	166	0.809562
129	167	0.798263
129	169	0.795914
129	171	0.806343
129	172	0.796551
129	174	0.774275
129	175	0.785593
129	176	0.779196
129	178	0.779139
129	179	0.797832
129	180	0.763967
130	20	0.866208
130	22	0.874731
130	26	0.860198
130	37	0.847965
130	52	0.786938
130	59	1.52481
130	61	0.856269
130	72	0.884701
130	86	0.842945
130	94	0.812182
130	103	0.829986
130	122	0.864229
130	123	0.835782
130	132	0.83142
130	134	1.45338
130	138	0.867603
130	140	0.880025
130	141	1.20202
130	142	0.870761
130	144	0.859697
130	146	0.848122
130	147	0.831051
130	149	0.842856
130	150	0.840635
130	158	1.59544
130	169	1.75255
130	171	1.67284
130	173	1.76394
130	174	1.90373
130	177	1.29468
130	180	0.752342
131	25	0.875379
131	35	0.834106
131	41	0.84996
131	45	0.88994
131	48	0.902531
131	53	0.870734
131	65	0.878242
131	66	0.84834
131	105	0.8354
131	113	0.857258
131	115	0.89056
131	116	0.793961
131	117	0.834826
131	119	0.837227
131	124	0.847836
131	127	0.848199
131	129	1.36911
131	145	0.849273
131	152	0.858276
131	154	0.856806
131	155	1.45082
131	157	0.850394
131	164	1.6536
131	165	0.829552
131	169	1.68929
131	173	0.775867
131	174	0.762997
131	175	1.67312
131	176	1.80163
131	179	1.57603
131	180	1.87153
132	6	1.38424
132	22	0.867568
132	26	0.853034
132	28	0.827471
132	52	0.779775
132	54	0.876649
132	72	0.877537
132	74	0.894291
132	83	0.900256
132	89	0.804513
132	98	0.845714
132	101	1.49675
132	110	0.860939
132	122	0.857065
132	123	0.828618
132	130	0.83142
132	135	1.29465
132	137	1.63932
132	138	0.860439
132	140	0.872861
132	142	0.863597
132	144	0.852533
132	147	0.823887
132	149	0.835692
132	150	0.833471
132	151	1.35976
132	162	1.41128
132	165	1.49971
132	174	1.92942
132	176	1.89059
132	180	0.745178
133	1	0.759548
133	2	0.88298
133	24	1.27881
133	44	0.781703
133	56	0.838984
133	58	1.21099
133	65	0.863133
133	82	0.843919
133	84	0.855553
133	85	0.82667
133	88	0.826523
133	92	0.88017
133	93	0.809703
133	100	0.876714
133	105	0.820292
133	112	1.34853
133	115	0.875452
133	121	1.54771
133	126	1.41126
133	127	0.833091
133	134	1.6635
133	152	0.843168
133	153	1.52966
133	154	0.841698
133	157	0.835286
133	160	1.83161
133	161	0.906495
133	165	0.814443
133	173	0.760759
133	174	0.747889
133	177	0.861057
133	179	1.8494
134	4	0.816395
134	6	0.8248
134	52	1.49611
134	102	1.53261
134	125	0.874588
134	129	0.840562
134	130	1.45338
134	133	1.6635
134	142	1.34179
134	147	1.5408
134	153	0.849551
134	154	1.42121
134	156	0.868696
134	157	1.46031
134	159	0.806493
134	162	0.840315
134	163	0.747552
134	164	0.792721
134	166	0.78829
134	167	0.77699
134	168	0.787587
134	169	0.774642
134	170	0.841756
134	171	0.785071
134	172	0.775279
134	174	0.753003
134	175	0.764321
134	176	0.757924
134	177	0.866172
134	178	0.757867
134	179	0.77656
134	180	0.742695
135	9	1.59893
135	46	1.14935
135	55	0.914361
135	78	1.33842
135	91	1.3858
135	92	1.24172
135	105	0.881568
135	117	0.880994
135	119	0.883396
135	120	1.25254
135	124	0.894004
135	127	0.894367
135	132	1.29465
135	138	1.12052
135	142	1.15736
135	145	0.895441
135	152	0.904444
135	153	0.905713
135	154	0.902974
135	157	0.896562
135	159	0.862655
135	161	1.00811
135	163	0.803714
135	166	0.844452
135	168	0.843749
135	169	0.830804
135	171	0.841233
