1	44	1.13178
1	84	1.21144
1	86	0.714144
1	96	1.22296
1	100	0.770365
1	150	0.709062
1	151	1.2392
1	160	0.701891
1	163	1.20295
1	173	1.18564
1	175	1.20603
1	176	0.712415
2	17	1.19587
2	40	1.01908
2	46	1.23388
2	61	1.17524
2	74	1.25242
2	76	1.26175
2	78	1.26175
2	142	0.730391
2	157	0.711882
2	168	0.732436
2	171	0.735103
2	179	0.69712
3	5	0.639335
3	6	0.829435
3	69	0.658005
3	73	0.786288
3	89	0.681694
3	98	1.15431
3	117	1.16402
3	133	1.19874
3	166	1.21524
3	174	1.21569
3	177	1.22548
3	180	1.22653
4	23	1.16728
4	66	1.14921
4	69	1.23664
4	81	0.741217
4	88	1.20719
4	123	0.739088
4	127	0.672575
4	148	0.731589
4	160	1.2132
4	161	1.2179
4	162	1.20857
4	164	0.720335
5	3	0.639335
5	6	1.09646
5	14	1.17653
5	53	1.21015
5	57	1.21047
5	60	1.28764
5	84	1.21276
5	120	0.75277
5	129	0.793045
5	138	0.71354
5	147	1.20599
5	172	0.70419
6	3	0.829435
6	5	1.09646
6	14	1.01483
6	53	1.04845
6	57	1.04876
6	84	1.05106
6	93	1.01734
6	147	1.04429
6	151	1.07882
6	154	0.898021
6	169	0.945273
6	176	0.926344
7	29	1.17183
7	33	1.25622
7	36	1.24907
7	54	1.1822
7	73	1.09472
7	75	1.22731
7	121	0.767553
7	161	1.21865
7	165	0.719148
7	172	0.699145
7	176	0.731199
7	179	0.689962
8	34	1.13633
8	64	1.17527
8	66	1.16768
8	88	1.22566
8	121	0.739437
8	146	0.712317
8	152	0.708054
8	160	1.23167
8	161	1.23636
8	162	1.22704
8	166	0.722629
8	169	0.722013
9	18	1.01916
9	48	1.04257
9	62	1.12926
9	99	1.0668
9	101	0.9899
9	128	0.950081
9	144	1.04379
9	156	0.874603
9	165	0.886865
9	172	1.05645
9	179	1.05206
9	180	0.894434
10	19	1.16049
10	22	1.17112
10	43	1.24322
10	85	1.19492
10	87	1.19492
10	89	1.19492
10	114	0.736631
10	121	0.744924
10	148	0.722972
10	157	1.24042
10	158	0.710082
10	162	0.689906
11	14	1.15939
11	27	1.1648
11	53	1.19301
11	57	1.19332
11	60	1.2705
11	84	1.19561
11	121	0.755765
11	133	0.752699
11	145	0.708192
11	151	1.22337
11	162	0.700747
11	172	0.687357
12	72	0.71066
12	120	1.1872
12	123	0.741715
12	141	0.714686
12	144	0.717571
12	145	0.708594
12	156	1.22422
12	166	1.19037
12	171	1.19968
12	176	1.20561
12	178	1.19126
12	180	1.20166
13	46	0.72075
13	132	0.752309
13	136	1.23657
13	144	0.693763
13	153	1.20375
13	155	1.18979
13	169	0.714935
13	175	0.711446
13	176	1.19106
13	178	1.17671
13	179	1.215
13	180	1.18712
14	5	1.17653
14	6	1.01483
14	11	1.15939
14	57	1.12884
14	60	1.20602
14	65	0.84443
14	84	1.13114
14	138	0.753592
14	147	1.12436
14	151	1.1589
14	175	0.791737
14	178	0.779112
14	179	0.735059
15	55	0.640855
15	85	0.628133
15	101	0.689383
15	112	0.683727
15	131	1.34698
15	139	0.611394
15	156	1.31425
15	163	0.63844
15	166	1.28041
15	171	1.28972
15	176	1.29565
15	178	1.28129
15	180	1.2917
16	33	1.35486
16	36	1.34771
16	45	1.29442
16	54	1.28084
16	65	0.703126
16	73	1.19335
16	77	0.596525
16	90	0.682822
16	125	0.647163
16	128	0.686157
16	144	1.31153
16	161	1.31729
16	179	0.593756
17	2	1.19587
17	21	1.13084
17	40	0.939776
17	46	1.15458
17	74	1.17311
17	76	1.18245
17	78	1.18245
17	114	0.806125
17	122	0.781526
17	127	0.733452
17	146	1.14093
17	174	0.799808
17	178	0.780879
18	9	1.01916
18	49	1.14519
18	65	0.844235
18	82	1.12545
18	99	1.18704
18	101	1.11014
18	130	0.765059
18	134	0.759275
18	135	0.768998
18	144	1.16403
18	165	0.764051
18	172	1.17669
18	179	1.1723
19	10	1.16049
19	28	1.25471
19	35	1.18148
19	51	1.09645
19	85	1.09034
19	87	1.09034
19	89	1.09034
19	147	0.76711
19	150	0.784456
19	152	0.79278
19	157	1.13585
19	166	0.807355
19	172	0.755755
20	26	1.09653
20	39	1.09423
20	62	1.2204
20	77	0.753062
20	99	1.15794
20	101	1.08104
20	108	1.15906
20	142	0.783563
20	143	0.798888
20	146	0.800764
20	147	0.770831
20	172	1.14759
20	179	1.1432
21	17	1.13084
21	40	0.954053
21	46	1.16885
21	61	1.11021
21	74	1.18739
21	76	1.19672
21	78	1.19672
21	146	1.1552
21	155	0.773941
21	164	0.793815
21	171	0.787413
21	172	0.758613
21	178	0.793482
22	10	1.17112
22	35	1.19211
22	41	1.18029
22	51	1.10708
22	85	1.10097
22	87	1.10097
22	89	1.10097
22	114	0.811986
22	116	0.752739
22	146	0.793158
22	147	0.763226
22	153	0.786493
22	157	1.14648
23	4	1.16728
23	50	1.14788
23	64	1.08847
23	69	1.1683
23	88	1.13885
23	93	1.09943
23	121	0.828751
23	136	0.738756
23	144	0.790154
23	161	1.14956
23	162	1.14023
23	178	0.795212
23	179	0.75116
24	72	1.17811
24	104	1.16801
24	105	1.16801
24	106	1.12909
24	107	1.13322
24	112	1.10075
24	117	1.06981
24	136	0.755944
24	155	0.792858
24	160	1.153
24	164	0.812733
24	172	0.77753
24	179	0.768348
25	104	1.33632
25	105	1.33632
25	106	1.29739
25	107	1.30152
25	112	1.26905
25	117	1.23812
25	146	0.657422
25	153	0.650756
25	157	0.621712
25	160	1.3213
25	163	0.68032
25	167	0.645052
25	176	0.648188
26	20	1.09653
26	30	1.10695
26	48	1.14905
26	58	1.14103
26	82	1.11168
26	99	1.17328
26	142	0.772702
26	153	0.783237
26	157	0.754194
26	163	0.812801
26	170	0.778932
26	172	1.16293
26	179	1.15854
27	11	1.1648
27	61	1.09052
27	67	0.8161
27	76	1.17703
27	78	1.17703
27	84	1.13655
27	109	0.801085
27	152	0.773773
27	155	0.752075
27	171	0.765547
27	173	1.11075
27	174	1.11676
27	177	1.12655
28	19	1.25471
28	43	1.33744
28	51	1.29524
28	85	1.28914
28	87	1.28914
28	89	1.28914
28	108	1.34522
28	151	0.617971
28	168	0.663254
28	171	0.665921
28	176	0.669175
28	179	0.627938
28	180	0.664693
29	7	1.17183
29	31	1.11438
29	33	1.19092
29	45	1.13048
29	73	1.02942
29	75	1.16201
29	138	0.763393
29	144	1.1476
29	146	0.795331
29	152	0.791068
29	160	0.775574
29	161	1.15335
29	180	0.781615
30	26	1.10695
30	82	1.10677
30	99	1.16836
30	101	1.09146
30	108	1.16948
30	141	0.781903
30	144	1.14535
30	156	0.762717
30	157	0.760556
30	169	0.805961
30	172	1.15801
30	178	0.789846
30	179	1.15362
31	29	1.11438
31	33	1.19877
31	45	1.13833
31	51	0.801447
31	54	1.12475
31	73	1.03727
31	75	1.16986
31	94	0.803757
31	144	1.15544
31	159	0.792085
31	161	1.1612
31	172	0.757284
31	179	0.748101
32	38	1.25344
32	42	1.26858
32	56	1.07175
32	63	1.27788
32	70	1.2367
32	83	1.25225
32	96	1.22192
32	154	0.69374
32	155	0.705336
32	162	1.21748
32	171	0.718808
32	172	0.690008
32	179	0.680825
32	180	0.71758
33	7	1.25622
33	16	1.35486
33	29	1.19092
33	31	1.19877
33	54	1.20129
33	73	1.11381
33	75	1.2464
33	102	0.686492
33	121	0.740573
33	127	0.659607
33	148	0.718621
33	161	1.23774
33	171	0.700965
33	180	0.699737
34	8	1.13633
34	50	1.09846
34	64	1.03905
34	66	1.03146
34	69	1.11888
34	88	1.08943
34	108	0.791586
34	127	0.825665
34	147	0.849578
34	152	0.875248
34	160	1.09545
34	161	1.10014
34	162	1.09081
34	180	0.865794
35	19	1.18148
35	22	1.19211
35	41	1.29523
35	51	1.22202
35	85	1.21591
35	87	1.21591
35	89	1.21591
35	121	0.739973
35	125	0.71579
35	138	0.680915
35	147	0.682921
35	157	1.26142
35	177	0.724015
35	179	0.662382
36	7	1.24907
36	16	1.34771
36	45	1.20773
36	54	1.19415
36	73	1.10666
36	75	1.23925
36	123	0.713824
36	138	0.669218
36	144	1.22484
36	146	0.701157
36	161	1.23059
36	174	0.713667
36	175	0.707363
36	178	0.694738
37	98	0.777437
37	110	0.627843
37	115	1.24039
37	118	0.752292
37	122	0.668655
37	133	1.19788
37	152	1.21929
37	156	1.24822
37	171	1.22368
37	175	0.680632
37	176	1.22961
37	177	0.685587
37	178	1.21526
37	180	1.22567
38	32	1.25344
38	42	1.26858
38	56	1.07175
38	63	1.27788
38	70	1.2367
38	83	1.25225
38	96	1.22192
38	153	0.718289
38	162	1.21748
38	164	0.718868
38	165	0.703669
38	168	0.709799
38	172	0.683666
38	179	0.674483
39	20	1.09423
39	48	1.14675
39	49	1.12913
39	99	1.17098
39	101	1.09408
39	132	0.834686
39	138	0.755677
39	144	1.14797
39	157	0.751907
39	162	0.759718
39	172	1.16063
39	177	0.798777
39	179	1.15624
40	2	1.01908
40	17	0.939776
40	21	0.954053
40	46	0.977785
40	61	0.919141
40	74	0.996317
40	76	1.00565
40	77	1.0184
40	78	1.00565
40	108	1.02032
40	146	0.964136
40	151	1.0478
40	162	1.08034
40	179	1.05777
41	22	1.18029
41	35	1.29523
41	43	1.2524
41	51	1.2102
41	85	1.20409
41	87	1.20409
41	89	1.20409
41	97	0.682504
41	117	0.77796
41	142	0.686689
41	146	0.70389
41	157	1.2496
41	159	0.697402
41	179	0.653418
42	32	1.26858
42	38	1.26858
42	44	1.14587
42	56	1.08689
42	63	1.29302
42	83	1.26739
42	96	1.23706
42	114	0.743341
42	119	0.700762
42	127	0.670668
42	130	0.704236
42	131	0.669285
42	162	1.23262
42	164	0.718427
43	10	1.24322
43	28	1.33744
43	41	1.2524
43	85	1.17307
43	87	1.17307
43	89	1.17307
43	108	1.22915
43	146	0.702714
43	152	0.698451
43	153	0.696049
43	157	1.21858
43	173	0.726228
43	176	0.69348
43	180	0.688997
44	1	1.13178
44	42	1.14587
44	56	0.949043
44	70	1.114
44	83	1.12954
44	93	1.05398
44	96	1.09922
44	121	1.0818
44	147	0.835929
44	155	0.839901
44	156	0.832314
44	162	1.09478
44	172	0.824574
44	175	0.872068
45	16	1.29442
45	29	1.13048
45	31	1.13833
45	36	1.20773
45	54	1.14086
45	73	1.05337
45	75	1.18596
45	124	0.785643
45	144	1.17155
45	146	0.767504
45	161	1.1773
45	171	0.755016
45	172	0.726216
45	179	0.717033
45	180	0.753788
46	2	1.23388
46	13	0.72075
46	17	1.15458
46	21	1.16885
46	40	0.977785
46	61	1.13394
46	74	1.21112
46	76	1.22046
46	78	1.22046
46	121	0.800662
46	122	0.76777
46	127	0.719696
46	135	0.757203
46	146	1.17894
46	157	0.737833
47	71	0.737411
47	98	1.09835
47	104	1.20627
47	105	1.20627
47	106	1.16734
47	107	1.17147
47	112	1.139
47	117	1.10807
47	146	0.777488
47	147	0.747555
47	151	1.2073
47	157	0.741778
47	161	1.19594
47	167	0.765118
47	172	0.736199
48	9	1.04257
48	26	1.14905
48	39	1.14675
48	62	1.27292
48	82	1.14886
48	99	1.21046
48	101	1.13356
48	142	0.750246
48	154	0.729891
48	157	0.731738
48	159	0.760959
48	160	0.747689
48	172	1.20011
48	174	0.779957
48	179	1.19572
49	18	1.14519
49	39	1.12913
49	62	1.25529
49	82	1.13124
49	99	1.19283
49	101	1.11593
49	127	0.71725
49	144	1.16982
49	157	0.735386
49	160	0.751338
49	167	0.758725
49	172	1.18248
49	174	0.783605
49	179	1.17809
49	180	0.757379
50	23	1.14788
50	34	1.09846
50	64	1.1374
50	66	1.12981
50	69	1.21723
50	88	1.18778
50	111	0.789166
50	146	0.767268
50	150	0.754681
50	160	1.1938
50	161	1.19849
50	162	1.18916
50	171	0.754779
50	172	0.725979
50	179	0.716796
51	19	1.09645
51	22	1.10708
51	28	1.29524
51	31	0.801447
51	35	1.22202
51	41	1.2102
51	85	1.13088
51	87	1.13088
51	89	1.13088
51	110	0.714324
51	119	0.737155
51	146	0.760907
51	157	1.17638
51	159	0.754419
51	162	0.733009
52	55	0.767191
52	105	0.714452
52	109	1.13856
52	116	1.18263
52	136	1.20314
52	141	0.727516
52	153	1.17032
52	155	1.15636
52	163	0.764776
52	171	1.1517
52	172	1.18596
52	173	0.765392
52	176	1.15763
52	177	0.753039
52	180	1.15369
53	5	1.21015
53	6	1.04845
53	11	1.19301
53	57	1.16246
53	60	1.23964
53	84	1.16476
53	93	1.13103
53	110	0.726415
53	121	0.800118
53	136	0.710123
53	147	1.15798
53	151	1.19252
53	156	0.73945
53	167	0.760628
53	178	0.766579
54	7	1.1822
54	16	1.28084
54	31	1.12475
54	33	1.20129
54	36	1.19415
54	45	1.14086
54	73	1.03979
54	75	1.17239
54	131	0.725715
54	138	0.749005
54	146	0.780944
54	157	0.745234
54	161	1.16373
54	172	0.739655
54	180	0.767227
55	15	0.640855
55	52	0.767191
55	122	1.20495
55	132	1.13575
55	140	1.16598
55	141	1.19564
55	155	0.757385
55	166	0.793657
55	169	1.15769
55	173	1.14945
55	174	1.15546
55	175	1.16984
55	177	1.16525
55	178	0.776927
55	180	0.769629
56	32	1.07175
56	38	1.07175
56	42	1.08689
56	44	0.949043
56	63	1.09619
56	70	1.05501
56	83	1.07056
56	96	1.04023
56	121	1.02281
56	144	0.893478
56	146	0.904955
56	162	1.03579
56	173	0.928468
56	174	0.917465
56	179	0.854483
57	5	1.21047
57	6	1.04876
57	11	1.19332
57	14	1.12884
57	53	1.16246
57	60	1.23995
57	84	1.16507
57	116	0.727326
57	147	1.1583
57	149	0.759435
57	151	1.19283
57	167	0.755375
57	169	0.77744
57	171	0.755256
57	172	0.726457
58	26	1.14103
58	70	1.19507
58	80	0.680042
58	96	1.1803
58	101	1.12553
58	133	0.795083
58	148	0.776197
58	156	0.737481
58	162	1.17585
58	170	1.17239
58	171	0.758541
58	175	1.16336
58	176	0.761795
58	177	1.15877
58	179	1.1877
59	74	0.721243
59	127	1.21321
59	131	1.20866
59	144	0.745123
59	152	1.147
59	153	1.17001
59	155	1.15605
59	159	0.750112
59	170	0.745629
59	171	1.15139
59	175	0.762806
59	176	1.15732
59	177	0.767761
59	178	1.14297
59	180	1.15338
60	5	1.28764
60	11	1.2705
60	14	1.20602
60	53	1.23964
60	57	1.23995
60	65	0.738832
60	81	0.694729
60	84	1.24225
60	93	1.20852
60	120	0.687225
60	121	0.707052
60	125	0.682869
60	138	0.647994
60	147	1.23547
60	151	1.27001
60	162	0.652035
61	2	1.17524
61	21	1.11021
61	27	1.09052
61	40	0.919141
61	46	1.13394
61	74	1.15247
61	76	1.16181
61	77	1.17456
61	78	1.16181
61	81	0.850371
61	102	0.808613
61	127	0.781729
61	146	1.12029
61	147	0.805642
61	151	0.775136
61	179	0.785104
62	9	1.12926
62	20	1.2204
62	48	1.27292
62	49	1.25529
62	75	0.704493
62	82	1.23555
62	99	1.29714
62	101	1.22024
62	127	0.660605
62	138	0.682512
62	147	0.684518
62	153	0.707785
62	155	0.68849
62	157	0.678742
62	172	1.2868
62	179	1.2824
63	32	1.27788
63	38	1.27788
63	42	1.29302
63	56	1.09619
63	70	1.26114
63	83	1.27669
63	96	1.24636
63	121	1.22894
63	127	0.65879
63	157	0.676927
63	160	0.692879
63	162	1.24192
63	164	0.70655
63	170	0.701666
63	172	0.671348
63	180	0.69892
64	8	1.17527
64	23	1.08847
64	34	1.03905
64	50	1.1374
64	66	1.0704
64	69	1.15782
64	88	1.12838
64	127	0.781688
64	131	0.780305
64	155	0.809573
64	160	1.13439
64	161	1.13908
64	162	1.12976
64	171	0.823045
64	178	0.829115
64	179	0.785063
65	14	0.84443
65	16	0.703126
65	18	0.844235
65	60	0.738832
65	66	0.878222
65	76	0.790422
65	107	1.12922
65	112	1.09675
65	117	1.06582
65	165	1.13633
65	168	1.14897
65	174	1.1175
65	175	1.13188
65	177	1.12728
65	178	1.11792
65	180	1.12833
66	4	1.14921
66	8	1.16768
66	34	1.03146
66	50	1.12981
66	64	1.0704
66	65	0.878222
66	69	1.15023
66	72	0.800935
66	88	1.12078
66	110	0.77274
66	138	0.787385
66	157	0.783614
66	160	1.12679
66	161	1.13149
66	162	1.12216
66	172	0.778035
67	27	0.8161
67	90	1.08958
67	120	1.09995
67	136	1.16387
67	137	0.770174
67	139	0.791949
67	152	1.10803
67	153	1.13105
67	155	1.11708
67	156	1.13697
67	168	1.13505
67	169	0.805792
67	175	0.802303
67	177	0.807258
67	178	1.10401
67	180	1.11441
68	86	1.20265
68	99	0.718143
68	125	1.20826
68	126	0.734502
68	135	1.19626
68	140	0.747366
68	148	1.18205
68	152	1.18243
68	154	0.695496
68	158	0.725331
68	159	0.726565
68	165	1.1968
68	166	1.17751
68	171	1.18682
68	177	0.744214
68	178	1.1784
68	180	1.1888
69	3	0.658005
69	4	1.23664
69	23	1.1683
69	34	1.11888
69	50	1.21723
69	64	1.15782
69	66	1.15023
69	88	1.2082
69	98	0.867159
69	108	0.676224
69	135	0.74781
69	136	0.701273
69	160	1.21422
69	161	1.21891
69	162	1.20959
69	165	0.742863
69	179	0.713677
70	32	1.2367
70	38	1.2367
70	44	1.114
70	56	1.05501
70	58	1.19507
70	63	1.26114
70	83	1.23551
70	93	1.15994
70	96	1.20518
70	97	0.718514
70	138	0.70796
70	140	0.754212
70	147	0.709966
70	162	1.20074
70	170	0.728929
70	176	0.730665
70	177	0.75106
71	47	0.737411
71	76	0.691447
71	89	0.74776
71	95	1.20959
71	111	1.16583
71	135	1.19343
71	148	1.17922
71	150	1.19796
71	156	1.20853
71	163	0.740854
71	165	1.19397
71	167	0.705586
71	173	0.74147
71	174	0.730466
71	176	1.18992
71	178	1.17557
71	180	1.18597
72	12	0.71066
72	24	1.17811
72	66	0.800935
72	98	1.12301
72	104	1.23092
72	105	1.23092
72	106	1.19199
72	107	1.19612
72	112	1.16365
72	117	1.13272
72	147	0.709711
72	151	1.23195
72	161	1.2206
72	163	0.762542
72	172	0.698356
72	178	0.733225
72	179	0.689173
73	3	0.786288
73	7	1.09472
73	16	1.19335
73	29	1.02942
73	31	1.03727
73	33	1.11381
73	36	1.10666
73	45	1.05337
73	54	1.03979
73	75	1.0849
73	77	0.844729
73	94	0.897615
73	115	0.84588
73	139	0.888283
73	144	1.07048
73	161	1.07624
73	179	0.84196
74	2	1.25242
74	17	1.17311
74	21	1.18739
74	40	0.996317
74	46	1.21112
74	59	0.721243
74	61	1.15247
74	76	1.23899
74	77	1.25174
74	78	1.23899
74	92	0.76155
74	143	0.7208
74	146	1.19747
74	148	0.727843
74	153	0.71601
74	163	0.745573
74	171	0.710187
75	7	1.22731
75	29	1.16201
75	31	1.16986
75	33	1.2464
75	36	1.23925
75	45	1.18596
75	54	1.17239
75	62	0.704493
75	73	1.0849
75	95	0.72468
75	121	0.775193
75	144	1.20308
75	154	0.710517
75	161	1.20883
75	166	0.758385
75	171	0.735585
75	179	0.697602
76	2	1.26175
76	17	1.18245
76	21	1.19672
76	27	1.17703
76	40	1.00565
76	46	1.22046
76	61	1.16181
76	65	0.790422
76	71	0.691447
76	74	1.23899
76	78	1.24833
76	108	0.643598
76	126	0.732972
76	146	1.20681
76	166	0.741834
76	173	0.755036
76	174	0.744033
77	16	0.596525
77	20	0.753062
77	40	1.0184
77	61	1.17456
77	73	0.844729
77	74	1.25174
77	82	0.737332
77	105	0.682905
77	112	0.778515
77	148	1.20488
77	161	0.703233
77	166	1.20034
77	169	1.20303
77	171	1.20965
77	175	1.21518
77	177	1.21059
77	180	1.21163
78	2	1.26175
78	17	1.18245
78	21	1.19672
78	27	1.17703
78	40	1.00565
78	46	1.22046
78	61	1.16181
78	74	1.23899
78	76	1.24833
78	91	0.785983
78	111	0.763768
78	131	0.686641
78	142	0.724669
78	146	1.20681
78	168	0.726714
78	179	0.691398
78	180	0.728153
79	80	0.709478
79	99	0.785556
79	114	0.819293
79	137	1.18004
79	150	0.787878
79	151	0.740027
79	154	1.17979
79	158	1.14939
79	162	0.772567
79	163	1.13607
79	164	0.794379
79	167	1.16236
79	169	1.12699
79	170	1.14817
79	173	1.11875
79	174	1.12476
79	175	1.13914
79	177	1.13455
80	58	0.680042
80	79	0.709478
80	115	1.26989
80	120	1.2407
80	122	0.661274
80	148	1.24841
80	149	0.658735
80	158	0.659323
80	161	0.659948
80	164	1.25151
80	165	1.26317
80	168	1.2758
80	171	1.25318
80	173	0.690559
80	175	0.673251
80	176	1.25911
80	179	1.28305
80	180	1.25517
81	4	0.741217
81	60	0.694729
81	61	0.850371
81	92	0.811703
81	119	1.1742
81	133	1.10958
81	134	0.746767
81	136	1.18683
81	140	0.787141
81	150	1.14935
81	152	1.13099
81	155	1.14004
81	165	1.14537
81	168	1.158
81	170	0.761858
81	176	1.14132
81	178	1.12696
81	180	1.13737
82	18	1.12545
82	26	1.11168
82	30	1.10677
82	48	1.14886
82	49	1.13124
82	62	1.23555
82	77	0.737332
82	99	1.17309
82	100	0.833751
82	101	1.09619
82	137	0.759111
82	144	1.15008
82	150	0.772447
82	157	0.749325
82	164	0.778948
82	167	0.772664
82	172	1.16274
82	179	1.15835
83	32	1.25225
83	38	1.25225
83	42	1.26739
83	44	1.12954
83	56	1.07056
83	63	1.27669
83	70	1.23551
83	86	0.726052
83	93	1.17549
83	96	1.22073
83	115	0.687006
83	121	1.20331
83	138	0.701618
83	145	0.713104
83	156	0.700009
83	157	0.697848
83	162	1.21629
83	163	0.756455
83	176	0.724323
84	1	1.21144
84	5	1.21276
84	6	1.05106
84	11	1.19561
84	14	1.13114
84	27	1.13655
84	53	1.16476
84	57	1.16507
84	60	1.24225
84	93	1.13364
84	114	0.791571
84	138	0.740805
84	147	1.16059
84	151	1.19512
84	152	0.76848
84	154	0.735187
84	171	0.760255
84	172	0.731455
84	179	0.722272
84	180	0.759027
85	10	1.19492
85	15	0.628133
85	19	1.09034
85	22	1.10097
85	28	1.28914
85	35	1.21591
85	41	1.20409
85	43	1.17307
85	51	1.13088
85	87	1.12477
85	89	1.12477
85	90	0.809219
85	108	1.18085
85	143	0.768748
85	155	0.744663
85	157	1.17028
85	167	0.758254
85	172	0.729335
85	174	0.783134
85	177	0.781785
86	1	0.714144
86	68	1.20265
86	83	0.726052
86	103	0.803552
86	124	0.768665
86	128	1.12602
86	144	0.739051
86	148	1.15654
86	150	1.17527
86	153	1.17993
86	164	1.15964
86	165	1.17129
86	167	0.738158
86	168	1.18393
86	170	0.739557
86	171	1.16131
86	174	0.763037
86	176	1.16724
86	178	1.15289
86	180	1.16329
87	10	1.19492
87	19	1.09034
87	22	1.10097
87	28	1.28914
87	35	1.21591
87	41	1.20409
87	43	1.17307
87	51	1.13088
87	85	1.12477
87	89	1.12477
87	108	1.18085
87	125	0.767274
87	130	0.74406
87	135	0.747999
87	143	0.762462
87	157	1.17028
87	162	0.736439
87	174	0.776847
87	178	0.757918
87	179	0.713866
88	4	1.20719
88	8	1.22566
88	23	1.13885
88	34	1.08943
88	50	1.18778
88	64	1.12838
88	66	1.12078
88	69	1.2082
88	93	1.13934
88	120	0.774434
88	138	0.735203
88	139	0.762994
88	147	0.737209
88	157	0.731433
88	160	1.18477
88	161	1.18947
88	162	1.18014
88	163	0.79004
88	176	0.757908
88	179	0.71667
89	3	0.681694
89	10	1.19492
89	19	1.09034
89	22	1.10097
89	28	1.28914
89	35	1.21591
89	41	1.20409
89	43	1.17307
89	51	1.13088
89	71	0.74776
89	85	1.12477
89	87	1.12477
89	108	1.18085
89	127	0.733991
89	146	0.787837
89	149	0.779526
89	156	0.754289
89	157	1.17028
89	158	0.780114
89	179	0.737365
90	16	0.682822
90	67	1.08958
90	85	0.809219
90	109	1.10949
90	113	0.756376
90	114	1.10525
90	115	1.13934
90	117	0.870698
90	119	1.16145
90	136	1.17407
90	143	1.13966
90	154	0.759071
90	155	1.12728
90	156	1.14717
90	168	1.14525
90	170	0.785656
90	171	1.12263
90	173	0.820141
90	177	0.807788
90	178	1.11421
90	180	1.12461
91	78	0.785983
91	128	0.844076
91	136	0.739271
91	142	0.784945
91	145	1.14239
91	149	1.1484
91	153	0.79548
91	154	1.16498
91	158	1.13457
91	159	1.13741
91	163	1.12125
91	165	0.78086
91	167	1.14755
91	168	0.78699
91	169	1.11217
91	170	1.13336
91	173	1.10393
91	174	1.10994
91	175	1.12432
91	176	0.792912
91	177	1.11973
92	74	0.76155
92	81	0.811703
92	110	1.1788
92	113	1.17153
92	120	0.804199
92	122	1.15453
92	148	0.802075
92	152	0.792644
92	155	0.770946
92	158	1.12966
92	159	1.1325
92	163	1.11634
92	164	0.790821
92	165	0.775621
92	167	1.14264
92	169	1.10726
92	170	1.12845
92	173	1.09902
92	174	1.10503
92	175	1.11941
92	177	1.11482
93	6	1.01734
93	23	1.09943
93	44	1.05398
93	53	1.13103
93	60	1.20852
93	70	1.15994
93	83	1.17549
93	84	1.13364
93	88	1.13934
93	96	1.14516
93	97	0.791364
93	115	0.766199
93	125	0.815686
93	142	0.795549
93	145	0.792296
93	157	0.77704
93	160	1.14535
93	161	1.15005
93	162	1.14072
93	172	0.771461
93	180	0.799033
94	31	0.803757
94	73	0.897615
94	125	1.14127
94	128	1.08453
94	129	0.810783
94	137	0.737294
94	149	0.754906
94	151	1.15853
94	154	0.72566
94	155	1.12448
94	156	1.14436
94	157	1.15498
94	160	1.14248
94	164	1.11815
94	165	1.12981
94	168	1.14244
94	173	0.78673
94	174	0.775726
94	176	1.12576
94	178	1.1114
94	180	1.12181
95	71	1.20959
95	75	0.72468
95	112	0.802823
95	133	1.14527
95	134	0.708577
95	137	0.708715
95	141	0.720276
95	143	1.18811
95	146	1.18098
95	149	0.726328
95	151	1.20978
95	155	1.17573
95	159	0.72815
95	164	1.16941
95	168	1.1937
95	170	0.723667
95	171	1.17108
95	172	1.20534
95	176	1.17701
95	177	0.745799
95	179	1.20094
95	180	1.17306
96	1	1.22296
96	32	1.22192
96	38	1.22192
96	42	1.23706
96	44	1.09922
96	56	1.04023
96	58	1.1803
96	63	1.24636
96	70	1.20518
96	83	1.22073
96	93	1.14516
96	97	0.716744
96	118	0.815996
96	121	1.17298
96	127	0.684284
96	128	0.78006
96	135	0.721791
96	162	1.18596
96	175	0.744335
96	178	0.73171
96	179	0.687658
96	180	0.724413
97	41	0.682504
97	70	0.718514
97	93	0.791364
97	96	0.716744
97	106	0.740122
97	114	1.15574
97	135	1.18256
97	136	1.22456
97	145	0.716193
97	152	1.16872
97	153	1.19173
97	156	1.19765
97	157	1.20827
97	163	0.759545
97	165	1.1831
97	167	0.724277
97	168	1.19573
97	169	0.746342
97	171	1.17312
97	176	1.17904
97	178	1.16469
97	180	1.1751
98	3	1.15431
98	37	0.777437
98	47	1.09835
98	69	0.867159
98	72	1.12301
98	104	1.11291
98	105	1.11291
98	106	1.07398
98	107	1.07811
98	112	1.04564
98	117	1.01471
98	127	1.13706
98	136	0.798167
98	138	1.1346
98	145	0.840589
98	151	1.11394
98	160	1.09789
98	161	1.10258
98	165	0.839757
98	170	0.850072
98	172	0.819754
98	179	0.810571
99	9	1.0668
99	18	1.18704
99	20	1.15794
99	26	1.17328
99	30	1.16836
99	39	1.17098
99	48	1.21046
99	49	1.19283
99	62	1.29714
99	68	0.718143
99	79	0.785556
99	82	1.17309
99	101	1.15778
99	138	0.711184
99	150	0.730535
99	156	0.709575
99	157	0.707413
99	158	0.7354
99	172	1.22434
99	175	0.749328
99	177	0.754284
99	179	1.21995
100	1	0.770365
100	82	0.833751
100	125	1.12897
100	130	0.786471
100	133	1.08172
100	134	0.780688
100	136	1.15896
100	138	1.16688
100	142	1.12309
100	144	0.795272
100	148	1.10275
100	150	1.12149
100	153	1.12614
100	156	1.13206
100	158	0.799026
100	161	0.799651
100	166	1.09821
100	168	1.13014
100	170	0.795778
100	171	1.10752
100	173	0.830262
100	176	1.11345
100	178	1.0991
100	180	1.10951
101	9	0.9899
101	15	0.689383
101	18	1.11014
101	20	1.08104
101	30	1.09146
101	39	1.09408
101	48	1.13356
101	49	1.11593
101	58	1.12553
101	62	1.22024
101	82	1.09619
101	99	1.15778
101	108	1.15891
101	116	0.791454
101	129	0.87944
101	144	1.13477
101	147	0.801941
101	150	0.819286
101	151	0.771435
101	153	0.825208
101	160	0.812116
101	171	0.819385
101	172	1.14744
101	179	1.14304
102	33	0.686492
102	61	0.808613
102	118	1.14232
102	124	1.20945
102	137	1.23825
102	149	1.22142
102	150	0.718483
102	151	0.670632
102	153	0.724405
102	156	0.697523
102	159	1.21043
102	163	1.19427
102	164	0.724984
102	166	0.741382
102	167	1.22057
102	169	1.1852
102	170	1.20638
102	173	1.17696
102	174	1.18297
102	175	1.19735
102	176	0.721837
102	177	1.19275
102	179	1.22168
102	180	0.717354
103	86	0.803552
103	107	0.813606
103	123	1.11136
103	124	1.12417
103	125	0.813994
103	140	1.1082
103	141	1.13787
103	142	0.793856
103	145	1.13013
103	148	0.816225
103	149	1.13614
103	151	0.750619
103	154	1.15272
103	159	1.12515
103	160	0.791299
103	163	1.10899
103	166	0.821369
103	167	1.13529
103	170	1.1211
103	173	1.09167
103	174	1.09768
103	175	1.11206
103	177	1.10747
103	178	0.804638
104	24	1.16801
104	25	1.33632
104	47	1.20627
104	72	1.23092
104	98	1.11291
104	105	1.22082
104	106	1.18189
104	107	1.18603
104	112	1.15356
104	117	1.12262
104	138	1.24251
104	141	0.720334
104	142	0.717495
104	146	0.734696
104	147	0.704763
104	151	1.22185
104	157	0.698987
104	160	1.2058
104	161	1.2105
104	166	0.745007
104	172	0.693408
104	174	0.747206
104	176	0.725462
104	180	0.720979
105	24	1.16801
105	25	1.33632
105	47	1.20627
105	52	0.714452
105	72	1.23092
105	77	0.682905
105	98	1.11291
105	104	1.22082
105	106	1.18189
105	107	1.18603
105	109	0.753656
105	112	1.15356
105	113	0.690356
105	117	1.12262
105	138	1.24251
105	143	0.728731
105	148	0.735775
105	151	1.22185
105	152	0.726344
105	160	1.2058
105	161	1.2105
105	169	0.740302
105	172	0.689318
105	177	0.741768
106	24	1.12909
106	25	1.29739
106	47	1.16734
106	72	1.19199
106	97	0.740122
106	98	1.07398
106	104	1.18189
106	105	1.18189
106	107	1.1471
106	112	1.11463
106	117	1.08369
106	127	1.20604
106	130	0.74123
106	138	1.20358
106	140	0.77582
106	143	0.759632
106	151	1.18293
106	160	1.16688
106	161	1.17157
106	168	0.746352
106	172	0.720219
106	173	0.785021
106	175	0.767713
106	178	0.755088
106	179	0.711036
107	24	1.13322
107	25	1.30152
107	47	1.17147
107	65	1.12922
107	72	1.19612
107	98	1.07811
107	103	0.813606
107	104	1.18603
107	105	1.18603
107	106	1.1471
107	112	1.11876
107	117	1.08782
107	120	0.767873
107	127	1.21017
107	138	1.20771
107	141	0.746219
107	147	0.730648
107	155	0.734621
107	160	1.17101
107	161	1.1757
107	163	0.78348
107	164	0.754495
107	171	0.748093
107	172	0.719293
107	179	0.71011
108	20	1.15906
108	28	1.34522
108	30	1.16948
108	34	0.791586
108	40	1.02032
108	43	1.22915
108	69	0.676224
108	76	0.643598
108	85	1.18085
108	87	1.18085
108	89	1.18085
108	101	1.15891
108	124	0.688246
108	129	0.717674
108	139	0.66596
108	149	0.661798
108	154	0.632551
108	166	1.1819
108	171	1.19121
108	172	1.22546
108	173	0.693621
108	178	1.18278
108	179	1.22107
108	180	1.19319
109	27	0.801085
109	52	1.13856
109	90	1.10949
109	105	0.753656
109	113	0.740831
109	116	1.16326
109	117	0.855152
109	120	1.11986
109	134	0.75502
109	142	1.14791
109	145	0.760628
109	150	1.1463
109	152	1.12794
109	155	1.13699
109	159	0.774594
109	160	1.15499
109	164	1.13066
109	165	1.14232
109	166	1.12303
109	167	0.768711
109	175	0.787287
109	176	1.13827
109	177	0.792242
109	178	1.12391
109	179	1.1622
109	180	1.13432
110	37	0.627843
110	51	0.714324
110	53	0.726415
110	66	0.77274
110	92	1.1788
110	111	0.733348
110	115	0.664898
110	123	1.21522
110	126	1.21897
110	128	0.753379
110	132	1.18183
110	145	1.23398
110	149	1.24
110	152	0.707186
110	158	1.22617
110	163	1.21285
110	165	0.690163
110	166	0.72176
110	167	1.23914
110	169	1.20377
110	170	1.22495
110	171	0.698961
110	173	1.19553
110	174	1.20154
110	175	1.21592
110	177	1.21133
111	50	0.789166
111	71	1.16583
111	78	0.763768
111	110	0.733348
111	116	1.15824
111	128	1.09202
111	129	0.827498
111	130	0.759653
111	136	1.17875
111	142	1.14288
111	143	1.14434
111	145	0.759478
111	147	1.13148
111	152	1.12292
111	159	0.773443
111	164	1.12564
111	165	1.13729
111	166	1.118
111	168	1.14993
111	169	0.789626
111	171	1.12731
111	173	0.803445
111	174	0.792441
111	178	1.11889
111	179	1.15718
111	180	1.12929
112	15	0.683727
112	24	1.10075
112	25	1.26905
112	47	1.139
112	65	1.09675
112	72	1.16365
112	77	0.778515
112	95	0.802823
112	98	1.04564
112	104	1.15356
112	105	1.15356
112	106	1.11463
112	107	1.11876
112	117	1.05535
112	126	0.827666
112	127	1.1777
112	136	0.763342
112	137	0.800294
112	138	1.17524
112	147	0.796284
112	151	1.15459
112	157	0.790508
112	160	1.13854
112	161	1.14323
112	172	0.784929
112	179	0.775746
113	90	0.756376
113	92	1.17153
113	105	0.690356
113	109	0.740831
113	137	1.24955
113	139	1.21904
113	141	1.23445
113	143	0.715906
113	145	1.22671
113	156	0.684234
113	158	1.2189
113	160	0.698024
113	162	0.689883
113	163	1.20557
113	165	0.696496
113	166	0.728093
113	167	1.23187
113	168	0.702626
113	169	1.1965
113	170	1.21768
113	173	1.18826
113	174	1.19427
113	175	1.20865
113	176	0.708548
113	177	1.20405
113	179	1.23298
114	10	0.736631
114	17	0.806125
114	22	0.811986
114	42	0.743341
114	79	0.819293
114	84	0.791571
114	90	1.10525
114	97	1.15574
114	119	1.16691
114	140	0.791172
114	143	1.14513
114	145	0.756406
114	146	1.138
114	147	1.13227
114	151	1.1668
114	152	1.1237
114	153	1.14672
114	158	0.769137
114	161	0.769762
114	165	1.13808
114	166	1.11879
114	168	1.15072
114	171	1.1281
114	176	1.13403
114	178	1.11968
114	180	1.13008
115	37	1.24039
115	73	0.84588
115	80	1.26989
115	83	0.687006
115	90	1.13934
115	93	0.766199
115	110	0.664898
115	116	1.19311
115	118	0.789348
115	122	0.70571
115	124	0.729619
115	131	1.21945
115	133	1.13638
115	148	1.15742
115	151	1.20089
115	156	1.18672
115	163	0.73438
115	164	1.16051
115	165	1.17217
115	166	1.15288
115	168	1.1848
115	169	0.721177
115	174	0.723991
115	176	1.16812
115	177	0.722643
115	178	1.15376
115	180	1.16417
116	22	0.752739
116	52	1.18263
116	57	0.727326
116	101	0.791454
116	109	1.16326
116	111	1.15824
116	115	1.19311
116	117	0.791683
116	128	1.14111
116	131	1.23367
116	132	0.764682
116	133	1.1506
116	137	0.69169
116	138	1.23576
116	140	0.731926
116	144	0.706136
116	153	1.19502
116	154	0.680056
116	155	1.18106
116	156	1.20094
116	164	1.17473
116	166	1.1671
116	169	0.727308
116	171	1.1764
116	175	0.723819
116	178	1.16798
116	180	1.17839
117	3	1.16402
117	24	1.06981
117	25	1.23812
117	41	0.77796
117	47	1.10807
117	65	1.06582
117	72	1.13272
117	90	0.870698
117	98	1.01471
117	104	1.12262
117	105	1.12262
117	106	1.08369
117	107	1.08782
117	109	0.855152
117	112	1.05535
117	116	0.791683
117	119	0.808351
117	127	1.14677
117	138	1.14431
117	147	0.80217
117	151	1.12365
117	160	1.1076
117	161	1.1123
117	162	0.804205
117	164	0.826017
117	172	0.790814
117	179	0.781632
118	37	0.752292
118	96	0.815996
118	102	1.14232
118	115	0.789348
118	119	0.812147
118	124	1.11361
118	126	1.10455
118	134	1.1326
118	137	1.14241
118	140	1.09764
118	145	1.11957
118	149	1.12558
118	152	0.831635
118	154	1.14216
118	155	0.809938
118	159	1.11459
118	163	1.09843
118	168	0.820743
118	169	1.08935
118	170	1.11054
118	173	1.08111
118	174	1.08712
118	175	1.1015
118	176	0.826664
118	177	1.09691
118	178	0.829479
118	180	0.822182
119	42	0.700762
119	51	0.737155
119	81	1.1742
119	90	1.16145
119	114	1.16691
119	117	0.808351
119	118	0.812147
119	125	1.20573
119	128	1.149
119	133	1.15848
119	137	0.708358
119	141	0.719919
119	142	1.19986
119	145	0.713827
119	149	0.725971
119	150	1.19826
119	153	1.20291
119	154	0.696724
119	155	1.18894
119	164	1.18262
119	166	1.17498
119	167	0.721911
119	171	1.18429
119	174	0.746791
119	176	1.19022
119	178	1.17587
119	180	1.18627
120	5	0.75277
120	12	1.1872
120	60	0.687225
120	67	1.09995
120	80	1.2407
120	88	0.774434
120	92	0.804199
120	107	0.767873
120	109	1.11986
120	129	0.812891
120	131	1.19026
120	134	0.739263
120	138	1.19236
120	139	0.761177
120	142	1.14857
120	147	1.13717
120	148	1.12823
120	153	1.15162
120	158	0.757602
120	159	0.758837
120	164	1.13133
120	165	1.14298
120	168	1.15562
120	169	0.77502
120	171	1.133
120	172	1.16726
120	176	1.13893
120	180	1.13498
121	7	0.767553
121	8	0.739437
121	10	0.744924
121	11	0.755765
121	23	0.828751
121	33	0.740573
121	35	0.739973
121	44	1.0818
121	46	0.800662
121	53	0.800118
121	56	1.02281
121	60	0.707052
121	63	1.22894
121	75	0.775193
121	83	1.20331
121	96	1.17298
121	143	1.16755
121	150	1.16448
121	158	1.1663
121	162	1.16854
121	166	1.14121
121	167	1.17927
121	170	1.16508
121	173	1.13566
121	174	1.14167
121	176	1.15645
121	177	1.15146
121	180	1.1525
122	17	0.781526
122	37	0.668655
122	46	0.76777
122	55	1.20495
122	80	0.661274
122	92	1.15453
122	115	0.70571
122	129	1.14672
122	139	1.20203
122	140	1.18778
122	141	1.21745
122	143	0.750385
122	145	1.20971
122	150	0.739674
122	151	0.691822
122	154	1.2323
122	158	1.20189
122	160	0.732503
122	165	0.730975
122	167	1.21487
122	168	0.737105
122	169	1.17949
122	170	1.20068
122	172	1.22037
122	173	1.17125
122	174	1.17727
122	175	1.19164
122	176	0.743027
122	177	1.18705
123	4	0.739088
123	12	0.741715
123	36	0.713824
123	103	1.11136
123	110	1.21522
123	137	1.19674
123	141	1.18164
123	143	0.768824
123	145	1.17389
123	149	1.17991
123	152	0.766436
123	154	1.19649
123	155	0.744738
123	157	1.18546
123	158	1.16608
123	159	1.16891
123	160	0.750941
123	163	1.15276
123	165	0.749413
123	167	1.17905
123	168	0.755544
123	169	1.14368
123	170	1.16486
123	173	1.13544
123	174	1.14145
123	175	1.15583
123	176	0.761465
123	177	1.15124
123	178	0.76428
123	180	0.756982
124	45	0.785643
124	86	0.768665
124	102	1.20945
124	103	1.12417
124	108	0.688246
124	115	0.729619
124	118	1.11361
124	129	1.12371
124	130	1.18438
124	131	0.720941
124	134	1.19973
124	135	0.759832
124	139	1.17902
124	140	1.16477
124	149	1.19271
124	155	0.75021
124	159	1.18172
124	163	1.16556
124	165	0.754885
124	167	1.19186
124	168	0.761015
124	169	1.15648
124	170	1.17767
124	171	0.763682
124	173	1.14824
124	174	1.15425
124	175	1.16863
124	176	0.766936
124	177	1.16404
124	180	0.762454
125	16	0.647163
125	35	0.71579
125	60	0.682869
125	68	1.20826
125	87	0.767274
125	93	0.815686
125	94	1.14127
125	100	1.12897
125	103	0.813994
125	119	1.20573
125	128	1.13163
125	133	1.14111
125	135	1.17636
125	144	0.749492
125	145	0.740515
125	148	1.16215
125	150	1.18088
125	152	1.16252
125	155	1.17157
125	164	1.16525
125	165	1.1769
125	166	1.15761
125	168	1.18954
125	169	0.770664
125	170	0.749998
125	175	0.767175
125	176	1.17285
125	177	0.77213
125	178	1.1585
125	180	1.1689
126	68	0.734502
126	76	0.732972
126	110	1.21897
126	112	0.827666
126	118	1.10455
126	134	1.19068
126	139	1.16997
126	140	1.15572
126	141	1.18539
126	145	1.17765
126	150	0.746894
126	153	0.752815
126	154	1.20024
126	158	1.16983
126	159	1.17267
126	160	0.739723
126	163	1.15651
126	165	0.738195
126	167	1.1828
126	168	0.744325
126	169	1.14743
126	170	1.16862
126	171	0.746992
126	173	1.13919
126	174	1.1452
126	175	1.15958
126	176	0.750247
126	177	1.15499
126	178	0.753062
126	180	0.745764
127	4	0.672575
127	17	0.733452
127	33	0.659607
127	34	0.825665
127	42	0.670668
127	46	0.719696
127	49	0.71725
127	59	1.21321
127	61	0.781729
127	62	0.660605
127	63	0.65879
127	64	0.781688
127	89	0.733991
127	96	0.684284
127	98	1.13706
127	106	1.20604
127	107	1.21017
127	112	1.1777
127	117	1.14677
127	151	1.246
127	154	1.25348
127	157	1.24245
127	163	1.20975
127	164	1.20562
127	165	1.21728
127	173	1.19244
127	174	1.19845
127	175	1.21283
127	176	1.21323
127	177	1.20823
127	180	1.20928
128	9	0.950081
128	16	0.686157
128	86	1.12602
128	91	0.844076
128	94	1.08453
128	96	0.78006
128	110	0.753379
128	111	1.09202
128	116	1.14111
128	119	1.149
128	125	1.13163
128	131	1.16745
128	133	1.08438
128	135	1.11963
128	141	0.7856
128	142	1.12576
128	143	1.12722
128	149	0.791652
128	150	1.12415
128	154	0.762406
128	156	1.13472
128	158	0.79224
128	164	1.10851
128	165	1.12017
128	166	1.10088
128	168	1.1328
128	169	0.809658
128	173	0.823476
128	174	0.812472
128	176	1.11611
128	178	1.10176
128	180	1.11217
129	5	0.793045
129	94	0.810783
129	101	0.87944
129	108	0.717674
129	111	0.827498
129	120	0.812891
129	122	1.14672
129	124	1.12371
129	130	1.12735
129	132	1.07751
129	133	0.829652
129	134	1.1427
129	135	0.78926
129	137	1.15251
129	139	1.12199
129	140	1.10774
129	141	1.13741
129	145	1.12967
129	155	0.779638
129	158	1.12185
129	163	1.10853
129	165	0.784313
129	167	1.13483
129	169	1.09945
129	170	1.12064
129	171	0.79311
129	172	1.14033
129	173	1.09121
129	174	1.09722
129	175	1.1116
129	177	1.10701
129	180	0.791882
130	18	0.765059
130	42	0.704236
130	87	0.74406
130	100	0.786471
130	106	0.74123
130	111	0.759653
130	124	1.18438
130	129	1.12735
130	131	0.682526
130	132	1.13818
130	133	0.761808
130	134	1.20337
130	137	1.21318
130	141	1.19808
130	144	1.18834
130	148	0.742923
130	149	1.19635
130	154	1.21293
130	159	1.18536
130	161	0.730657
130	162	0.709856
130	163	1.1692
130	164	0.731669
130	166	0.748066
130	167	1.1955
130	169	1.16012
130	170	1.18131
130	173	1.15188
130	174	1.1579
130	175	1.17227
130	177	1.16768
130	179	1.19661
131	15	1.34698
131	42	0.669285
131	54	0.725715
131	59	1.20866
131	64	0.780305
131	78	0.686641
131	115	1.21945
131	116	1.23367
131	120	1.19026
131	124	0.720941
131	128	1.16745
131	130	0.682526
131	137	0.67688
131	142	1.21831
131	148	1.19797
131	149	0.694493
131	150	1.21671
131	151	1.24145
131	153	1.22136
131	155	1.2074
131	161	0.695706
131	164	1.20107
131	166	1.19343
131	167	0.690433
131	168	1.22536
131	169	0.712499
131	171	1.20274
131	173	0.726317
131	174	0.715313
131	176	1.20867
131	177	0.713965
131	178	1.19432
131	180	1.20473
132	13	0.752309
132	39	0.834686
132	55	1.13575
132	110	1.18183
132	116	0.764682
132	129	1.07751
132	130	1.13818
132	137	1.16335
132	139	1.13283
132	141	1.14825
132	145	1.1405
132	149	1.14652
132	151	0.744663
132	152	0.800839
132	154	1.1631
132	155	0.779141
132	158	1.13269
132	159	1.13552
132	160	0.785344
132	161	0.798004
132	162	0.777203
132	163	1.11937
132	167	1.14566
132	168	0.789946
132	169	1.11029
132	170	1.13147
132	173	1.10205
132	174	1.10806
132	175	1.12244
132	176	0.795868
132	177	1.11785
132	178	0.798683
132	179	1.14678
132	180	0.791385
133	3	1.19874
133	11	0.752699
133	37	1.19788
133	58	0.795083
133	81	1.10958
133	95	1.14527
133	100	1.08172
133	115	1.13638
133	116	1.1506
133	119	1.15848
133	125	1.14111
133	128	1.08438
133	129	0.829652
133	130	0.761808
133	142	1.13524
133	144	0.770609
133	145	0.761632
133	148	1.1149
133	149	0.773775
133	150	1.13363
133	152	1.11527
133	158	0.774363
133	162	1.13769
133	163	0.804984
133	166	1.11036
133	168	1.14229
133	170	0.771115
133	171	1.11967
133	172	1.15393
133	173	0.805599
133	174	0.794595
133	177	0.793247
133	178	1.11125
133	180	1.12165
134	18	0.759275
134	81	0.746767
134	95	0.708577
134	100	0.780688
134	109	0.75502
134	118	1.1326
134	120	0.739263
134	124	1.19973
134	126	1.19068
134	129	1.1427
134	130	1.20337
134	140	1.18377
134	141	1.21344
134	143	0.730096
134	149	1.21171
134	150	0.719384
134	154	1.22829
134	156	0.698423
134	158	1.19788
134	159	1.20072
134	160	0.712213
134	162	0.704073
134	163	1.18456
134	167	1.21086
134	168	0.716816
134	169	1.17548
134	170	1.19667
134	172	1.21636
134	173	1.16724
134	174	1.17325
134	175	1.18763
134	176	0.722737
134	177	1.18304
134	180	0.718254
135	18	0.768998
135	46	0.757203
135	68	1.19626
135	69	0.74781
135	71	1.19343
135	87	0.747999
135	96	0.721791
135	97	1.18256
135	124	0.759832
135	125	1.17636
135	128	1.11963
135	129	0.78926
135	139	0.737546
135	142	1.17049
135	143	1.17195
135	144	0.730217
135	150	1.16888
135	152	1.15052
135	153	1.17354
135	155	1.15957
135	156	1.17946
135	159	0.735206
135	162	1.17294
135	164	1.15325
135	165	1.1649
135	166	1.14561
135	167	0.729324
135	168	1.17754
135	171	1.15492
135	173	0.765207
135	175	0.747899
135	177	0.752855
135	178	1.1465
135	179	1.18478
135	180	1.1569
136	13	1.23657
136	23	0.738756
136	24	0.755944
136	52	1.20314
136	53	0.710123
136	67	1.16387
136	69	0.701273
136	81	1.18683
136	90	1.17407
136	91	0.739271
136	97	1.22456
136	98	0.798167
136	100	1.15896
136	111	1.17875
136	112	0.763342
136	137	0.669234
136	139	0.691009
136	142	1.21249
136	147	1.20109
136	152	1.19252
136	153	1.21554
136	156	1.22146
136	162	1.21494
136	164	1.19525
136	165	1.2069
136	166	1.18761
136	169	0.704852
136	170	0.684186
136	171	1.19692
136	173	0.718671
136	174	0.707667
136	175	0.701363
136	176	1.20285
136	177	0.706318
136	179	1.22678
136	180	1.1989
137	67	0.770174
137	79	1.18004
137	82	0.759111
137	94	0.737294
137	95	0.708715
137	102	1.23825
137	112	0.800294
137	113	1.24955
137	116	0.69169
137	118	1.14241
137	119	0.708358
137	123	1.19674
137	129	1.15251
137	130	1.21318
137	131	0.67688
137	132	1.16335
137	136	0.669234
137	139	1.20783
137	145	1.2155
137	149	1.22151
137	151	0.671671
137	153	0.725444
137	154	1.2381
137	156	0.698561
137	158	1.20769
