1	20	1.10724
1	29	1.05398
1	75	1.10373
1	145	1.08987
1	146	1.08915
1	147	0.874763
1	152	0.825266
1	164	0.900905
1	168	1.15603
1	176	0.918696
1	180	0.88705
2	24	1.01458
2	38	0.959183
2	62	1.07544
2	74	1.05792
2	82	0.996286
2	96	0.964054
2	150	0.979977
2	158	1.0252
2	159	0.923503
2	167	1.07139
2	174	0.940639
2	175	0.998436
3	47	1.01155
3	48	1.00903
3	93	1.03806
3	101	1.05859
3	115	1.0385
3	137	1.04862
3	142	0.915717
3	147	0.977453
3	155	0.963174
3	161	0.995649
3	162	0.972798
3	173	0.97746
4	56	1.00881
4	59	1.08647
4	113	1.00559
4	118	1.0367
4	127	1.01441
4	129	1.02477
4	132	0.948368
4	135	1.01554
4	152	0.921057
4	154	1.01653
4	155	0.956275
4	163	0.972206
5	50	1.00365
5	83	1.01254
5	113	1.02802
5	116	1.07877
5	117	0.588683
5	127	1.03684
5	129	1.0472
5	135	1.03797
5	151	1.06389
5	158	1.03379
5	160	1.08152
5	177	0.991016
6	45	0.899503
6	78	0.878142
6	84	1.17961
6	141	0.880307
6	145	0.879357
6	148	0.894028
6	149	0.897658
6	155	1.17463
6	167	0.925485
6	168	0.94552
6	172	1.21836
6	176	1.23284
7	17	1.04125
7	33	0.983478
7	51	1.04188
7	91	0.970849
7	96	1.07439
7	115	1.06509
7	137	1.07521
7	140	1.00409
7	144	0.65688
7	161	1.02224
7	174	1.05097
7	179	1.0177
8	80	0.892819
8	102	0.926757
8	135	1.01273
8	137	0.903043
8	138	1.05781
8	172	1.02026
8	175	1.01021
8	176	1.01535
8	177	1.03846
8	178	1.04361
8	179	1.04479
8	180	1.02732
9	49	0.903583
9	54	0.908393
9	79	0.897501
9	113	0.888325
9	127	0.897145
9	129	0.907508
9	135	0.898278
9	151	1.38661
9	152	1.28871
9	154	0.899266
9	167	0.829953
9	169	1.29723
10	11	0.924184
10	24	0.876839
10	38	0.821447
10	40	0.952732
10	55	0.883494
10	74	0.920186
10	116	1.25227
10	121	1.16734
10	158	0.887465
10	167	0.933653
10	170	1.22246
10	179	1.16309
11	10	0.924184
11	40	1.09048
11	55	1.02124
11	82	0.996298
11	105	1.07118
11	133	1.05673
11	155	0.922329
11	158	1.02521
11	166	0.913564
11	167	1.0714
11	175	1.00178
11	177	0.91214
12	64	1.09864
12	85	1.0112
12	94	0.934198
12	109	1.03382
12	112	1.08113
12	119	0.970116
12	122	1.01297
12	124	1.01297
12	126	1.01297
12	136	1.01141
12	168	0.851946
12	171	0.975297
13	18	0.799735
13	28	0.90496
13	30	0.863458
13	35	0.963495
13	72	1.19481
13	77	0.892758
13	84	1.23574
13	89	0.952758
13	131	0.922843
13	134	0.899993
13	168	1.17084
13	169	1.20406
14	23	1.00339
14	27	1.00866
14	53	1.0385
14	67	0.992568
14	81	1.02104
14	90	1.08971
14	98	1.04614
14	152	0.923501
14	162	0.968344
14	164	0.99914
14	168	0.898802
14	176	1.01693
15	34	1.24634
15	50	1.17683
15	68	1.14211
15	86	1.24308
15	139	1.18466
15	140	0.753325
15	158	1.20696
15	160	0.858868
15	170	0.826302
15	173	0.792839
15	174	0.80021
15	178	0.776314
16	42	0.970731
16	113	1.02537
16	118	1.05649
16	120	1.05014
16	129	1.04456
16	135	1.03533
16	145	1.03121
16	154	1.03632
16	166	0.918109
16	175	1.00633
16	177	0.916685
16	179	0.91526
17	7	1.04125
17	69	0.952792
17	93	1.03139
17	101	1.05192
17	107	1.03287
17	117	1.04783
17	134	0.970783
17	137	1.04195
17	166	0.90963
17	170	0.966144
17	172	0.962128
17	175	0.99785
18	13	0.799735
18	22	0.895767
18	28	0.923809
18	35	0.982344
18	60	0.773438
18	77	0.911607
18	89	0.971607
18	131	0.941693
18	152	1.1809
18	177	1.20593
18	178	1.21388
18	179	1.2045
19	45	0.983398
19	48	1.03207
19	67	0.982107
19	81	1.01058
19	98	1.03568
19	99	0.908711
19	137	0.857323
19	138	1.01209
19	176	1.02678
19	177	1.04989
19	179	1.05622
19	180	1.03875
20	1	1.10724
20	75	1.01985
20	78	1.00478
20	109	1.02208
20	111	0.984705
20	132	0.892217
20	133	1.03453
20	143	0.878165
20	145	1.00599
20	146	1.00527
20	168	1.07215
20	175	0.979579
21	49	1.1151
21	84	0.825178
21	118	1.13095
21	120	0.943464
21	127	1.10866
21	129	1.11903
21	133	0.9546
21	135	1.1098
21	145	1.10567
21	154	1.11078
21	164	0.860619
21	168	0.76028
21	172	0.86393
22	18	0.895767
22	28	1.00099
22	30	0.95949
22	35	1.05953
22	60	0.85062
22	77	0.98879
22	89	1.04879
22	97	1.0341
22	134	0.996025
22	153	1.06789
22	165	0.974704
22	174	1.04676
22	176	1.08332
23	14	1.00339
23	45	0.967569
23	73	0.980294
23	78	0.946208
23	90	0.992549
23	98	0.948981
23	145	0.947423
23	157	1.07264
23	168	1.01359
23	176	1.07398
23	178	1.01353
23	179	1.00416
23	180	1.04234
24	2	1.01458
24	10	0.876839
24	36	1.03527
24	38	0.911851
24	74	1.01059
24	82	0.948954
24	140	1.02963
24	158	0.977869
24	165	1.00446
24	167	1.02406
24	168	0.994941
24	175	1.13431
24	179	1.04324
25	87	0.921922
25	95	0.977479
25	102	1.03636
25	112	1.03594
25	119	0.924931
25	122	0.967788
25	124	0.967788
25	126	0.967788
25	159	1.03909
25	168	0.974646
25	170	1.08231
25	172	1.0783
25	178	1.03232
26	88	1.14489
26	95	1.11304
26	112	1.17151
26	119	1.0605
26	122	1.10335
26	124	1.10335
26	126	1.10335
26	154	0.921797
26	163	0.866431
26	164	0.890921
26	166	0.841735
26	178	0.848262
26	179	0.838885
27	14	1.00866
27	61	1.0331
27	67	0.900679
27	72	0.993741
27	73	0.985563
27	81	0.929148
27	90	0.997818
27	98	0.95425
27	131	0.990785
27	170	1.07744
27	172	1.07342
27	173	1.04398
27	179	1.01808
28	13	0.90496
28	18	0.923809
28	22	1.00099
28	60	0.878663
28	77	1.01683
28	84	1.03593
28	89	1.07683
28	104	0.973844
28	134	1.02407
28	151	1.09364
28	159	1.03547
28	166	1.02219
28	179	1.01934
29	1	1.05398
29	45	0.97287
29	75	0.966587
29	78	0.951509
29	111	0.931438
29	145	0.952724
29	146	0.952007
29	147	1.02202
29	157	1.06461
29	160	1.08806
29	168	1.01889
29	177	0.997554
29	180	1.03431
30	13	0.863458
30	22	0.95949
30	35	1.04607
30	77	0.975331
30	84	1.0097
30	89	1.03533
30	104	0.932342
30	131	1.00542
30	134	0.982565
30	154	1.07601
30	157	1.06159
30	162	1.01434
30	164	1.04514
31	71	0.972072
31	99	1.00445
31	109	1.1404
31	125	0.949335
31	128	0.9932
31	144	0.957009
31	148	0.96295
31	149	0.96658
31	164	1.05886
31	167	0.994408
31	168	0.958525
31	173	1.03273
31	178	1.0162
32	91	0.892039
32	93	0.985845
32	101	1.00638
32	107	0.98733
32	115	0.986281
32	117	1.00229
32	137	0.996403
32	160	1.10972
32	161	0.943434
32	163	1.04533
32	164	1.06982
32	165	0.979002
32	169	1.0027
33	7	0.983478
33	44	0.995185
33	47	0.947109
33	51	0.95084
33	107	0.975101
33	115	0.974052
33	117	0.990061
33	123	1.06171
33	137	0.984174
33	166	1.02646
33	178	1.03298
33	179	1.02361
33	180	1.06179
34	15	1.24634
34	43	0.967234
34	58	1.11407
34	68	0.963022
34	83	1.00663
34	86	1.06399
34	136	1.01084
34	146	0.942173
34	150	0.955912
34	158	1.02787
34	170	0.942665
34	176	0.953128
34	178	0.892678
34	180	0.921482
35	13	0.963495
35	18	0.982344
35	22	1.05953
35	30	1.04607
35	77	1.07537
35	89	1.13537
35	104	1.03238
35	131	1.10545
35	146	0.940758
35	150	0.954497
35	169	0.866801
35	171	0.956936
35	172	0.937234
35	176	0.951713
36	24	1.03527
36	38	0.979874
36	55	1.04192
36	62	1.09613
36	82	1.01698
36	105	1.09186
36	151	0.972511
36	158	1.04589
36	165	0.859427
36	167	1.09208
36	171	0.973263
36	176	0.96804
36	179	0.898213
36	180	0.936394
37	38	1.05788
37	45	0.947801
37	74	0.897273
37	88	0.853339
37	108	0.912645
37	148	0.922755
37	152	1.06152
37	160	1.01499
37	163	1.05269
37	173	1.06127
37	176	1.03497
37	178	1.06322
37	179	1.06441
37	180	1.04694
38	2	0.959183
38	10	0.821447
38	24	0.911851
38	36	0.979874
38	37	1.05788
38	40	0.987744
38	74	0.955198
38	82	0.893562
38	142	1.06428
38	146	1.159
38	157	1.16861
38	158	0.922477
38	167	0.968665
38	172	1.15547
39	57	0.906484
39	92	0.975048
39	99	0.988743
39	100	0.902522
39	103	0.909433
39	138	0.892058
39	141	0.933527
39	142	1.05689
39	144	0.941307
39	149	0.950878
39	160	1.18466
39	164	1.14477
39	174	1.12601
39	177	1.09416
40	10	0.952732
40	11	1.09048
40	38	0.987744
40	62	1.104
40	74	1.08648
40	82	1.02485
40	134	1.03461
40	139	0.646749
40	142	0.934768
40	158	1.05376
40	167	1.09995
40	169	0.955524
40	175	1.06168
40	177	0.972036
41	50	1.02402
41	58	1.14035
41	68	0.989305
41	83	1.03291
41	86	1.09028
41	116	0.972626
41	136	1.03712
41	139	1.03186
41	156	0.9707
41	157	0.951935
41	158	1.05416
41	163	0.910996
41	174	0.916722
41	177	0.884876
42	16	0.970731
42	54	0.942378
42	109	0.878133
42	113	0.92231
42	118	0.953421
42	121	1.14032
42	127	0.93113
42	129	0.941493
42	135	0.932263
42	142	1.10023
42	145	0.92814
42	155	1.14768
42	165	1.09728
42	169	1.12098
43	34	0.967234
43	46	0.949793
43	50	0.897721
43	58	1.01405
43	68	0.863002
43	86	0.963975
43	136	0.910817
43	139	0.905554
43	158	0.927855
43	165	1.06899
43	173	1.13368
43	176	1.17761
43	177	1.10921
43	178	1.11716
44	33	0.995185
44	47	1.04985
44	91	0.982555
44	101	1.09689
44	107	1.07785
44	115	1.0768
44	133	1.06856
44	137	1.08692
44	140	0.908928
44	161	1.03395
44	165	0.883755
44	168	0.874238
44	173	0.948442
44	177	0.923966
45	6	0.899503
45	19	0.983398
45	23	0.967569
45	29	0.97287
45	37	0.947801
45	70	1.01881
45	75	1.02262
45	78	1.00755
45	97	1.01065
45	114	1.03816
45	143	0.9797
45	145	1.00876
45	146	1.00804
45	168	1.07492
45	171	1.06509
46	43	0.949793
46	50	0.980299
46	58	1.09663
46	68	0.945581
46	83	0.989187
46	86	1.04655
46	96	1.00024
46	136	0.993395
46	139	0.988132
46	154	1.02646
46	156	1.0308
46	158	1.01043
46	166	0.946401
46	173	0.969452
46	175	1.03462
47	3	1.01155
47	33	0.947109
47	44	1.04985
47	60	0.865034
47	93	1.02828
47	115	1.02872
47	117	1.04473
47	137	1.03884
47	157	1.03574
47	161	0.985874
47	163	0.994805
47	170	1.02662
47	177	0.968686
47	178	0.976636
47	180	1.00544
48	3	1.00903
48	19	1.03207
48	51	1.00299
48	60	0.862516
48	69	0.94717
48	89	0.620782
48	94	1.07266
48	101	1.0463
48	107	1.02725
48	115	1.0262
48	117	1.04221
48	123	1.07682
48	137	1.03632
48	174	1.07199
48	175	1.12978
49	9	0.903583
49	21	1.1151
49	106	0.989761
49	109	0.948035
49	113	0.992212
49	114	0.98568
49	118	1.02332
49	121	0.979511
49	127	1.00103
49	129	1.0114
49	135	1.00216
49	154	1.00315
49	160	1.06719
49	173	1.00116
49	178	0.984637
50	5	1.00365
50	15	1.17683
50	41	1.02402
50	43	0.897721
50	46	0.980299
50	58	1.04455
50	65	1.06717
50	83	0.937115
50	86	0.994481
50	114	0.955856
50	123	0.983543
50	136	0.941323
50	156	1.03269
50	157	1.01392
50	178	0.954813
51	7	1.04188
51	33	0.95084
51	48	1.00299
51	69	0.953421
51	70	0.9754
51	91	0.938211
51	93	1.03202
51	117	1.04846
51	136	1.0578
51	137	1.04257
51	157	1.01512
51	161	0.989606
51	166	0.949486
51	173	0.972537
51	175	1.03771
52	66	1.06503
52	85	0.977376
52	95	0.988839
52	102	1.04772
52	106	0.98652
52	112	1.0473
52	119	0.936291
52	122	0.979148
52	124	0.979148
52	126	0.979148
52	150	1.04463
52	166	0.974868
52	171	1.04707
52	177	0.973445
52	178	0.981395
53	14	1.0385
53	61	1.06294
53	67	0.930523
53	72	0.941212
53	73	1.01541
53	81	0.958992
53	90	1.02766
53	98	0.984094
53	111	0.961249
53	131	1.02063
53	134	1.02955
53	146	1.02442
53	156	1.0528
53	163	0.993093
53	177	0.966974
54	9	0.908393
54	42	0.942378
54	59	1.07791
54	79	1.0062
54	106	1.0035
54	118	1.02813
54	127	1.00584
54	129	1.01621
54	132	0.992711
54	135	1.00697
54	147	1.0149
54	152	0.9654
54	154	1.00796
54	163	1.01655
54	173	1.0149
55	10	0.883494
55	11	1.02124
55	36	1.04192
55	62	1.03477
55	74	1.01724
55	82	0.955608
55	105	1.03049
55	153	1.02429
55	158	0.984524
55	165	0.931104
55	167	1.03071
55	171	1.04494
55	172	1.02524
55	174	1.00316
55	178	0.979266
56	4	1.00881
56	62	0.948376
56	73	1.0321
56	113	1.04309
56	130	1.00896
56	162	0.998823
56	163	0.994667
56	167	0.951921
56	168	1.05044
56	170	0.973674
56	172	0.98185
56	177	1.00005
56	178	1.0052
56	179	1.00638
56	180	0.988913
57	39	0.906484
57	76	0.990995
57	103	0.939378
57	108	0.980464
57	130	0.96794
57	138	0.922003
57	141	0.963471
57	143	1.05461
57	144	0.971251
57	148	0.977192
57	149	0.980822
57	150	1.13756
57	166	1.0678
57	168	1.01665
57	177	1.06638
57	179	1.06495
58	34	1.11407
58	41	1.14035
58	43	1.01405
58	46	1.09663
58	50	1.04455
58	68	1.00984
58	83	1.05344
58	139	1.05239
58	156	0.969513
58	158	1.07469
58	168	0.83396
58	169	0.867177
58	171	0.957312
58	172	0.93761
58	176	0.952089
58	178	0.891639
59	4	1.08647
59	54	1.07791
59	63	1.21305
59	109	1.01366
59	113	1.05784
59	118	1.08895
59	127	1.06666
59	129	1.07703
59	135	1.06779
59	145	1.06367
59	162	0.849712
59	166	0.831322
59	171	0.903522
59	173	0.854374
59	175	0.919543
59	178	0.83785
60	18	0.773438
60	22	0.85062
60	28	0.878663
60	47	0.865034
60	48	0.862516
60	77	0.866461
60	89	0.926461
60	107	0.893027
60	117	0.907987
60	134	0.873696
60	137	0.902099
60	153	1.32467
60	163	1.29781
60	165	1.23148
60	166	1.27312
60	178	1.27965
61	27	1.0331
61	53	1.06294
61	67	1.01701
61	73	1.10189
61	81	1.04548
61	90	1.11415
61	98	1.07058
61	106	0.885476
61	111	1.04774
61	131	1.10712
61	134	0.934977
61	151	0.945272
61	154	0.953887
61	162	0.892214
61	172	0.926323
61	179	0.870975
62	2	1.07544
62	36	1.09613
62	40	1.104
62	55	1.03477
62	56	0.948376
62	74	1.07146
62	82	1.00982
62	105	1.08471
62	142	0.848379
62	158	1.03874
62	163	0.911767
62	167	1.08493
62	170	0.943585
62	174	0.917494
62	176	0.954048
62	179	0.884221
63	59	1.21305
63	75	1.2787
63	92	1.2509
63	133	0.827017
63	137	1.24855
63	138	1.40331
63	147	0.884659
63	151	0.851302
63	165	0.89556
63	171	0.874461
63	174	0.897615
63	175	0.855833
63	176	0.860972
63	178	0.889227
63	179	0.89041
63	180	0.872943
64	12	1.09864
64	70	0.908669
64	87	1.00959
64	95	1.06515
64	102	1.12403
64	112	1.12361
64	114	0.890324
64	119	1.0126
64	122	1.05546
64	124	1.05546
64	126	1.05546
64	151	0.954202
64	164	0.93194
64	171	0.954954
64	178	0.889281
64	179	0.879905
65	50	1.06717
65	68	1.13801
65	76	1.04306
65	128	1.03559
65	156	0.946983
65	161	1.09993
65	166	0.973604
65	167	1.0095
65	169	0.96583
65	170	0.943763
65	175	0.941892
65	176	0.947031
65	177	0.970142
65	178	0.975285
65	179	0.976469
65	180	0.959002
66	52	1.06503
66	70	0.913203
66	87	1.00981
66	88	1.09722
66	102	1.12425
66	112	1.12383
66	119	1.01282
66	122	1.05568
66	124	1.05568
66	126	1.05568
66	152	0.860836
66	155	0.896055
66	156	0.97169
66	169	0.869354
66	175	0.975509
66	180	0.92262
67	14	0.992568
67	19	0.982107
67	27	0.900679
67	53	0.930523
67	61	1.01701
67	73	0.969473
67	81	0.913058
67	90	0.981727
67	98	0.93816
67	131	0.974695
67	153	1.09449
67	164	1.09212
67	168	0.991786
67	176	1.10992
67	177	1.04151
67	180	1.07827
68	15	1.14211
68	34	0.963022
68	41	0.989305
68	43	0.863002
68	46	0.945581
68	58	1.00984
68	65	1.13801
68	83	0.902397
68	86	0.959762
68	120	1.15116
68	139	0.901342
68	155	1.0279
68	158	0.923643
68	163	1.04383
68	164	1.06832
68	165	0.977497
69	17	0.952792
69	48	0.94717
69	51	0.953421
69	91	0.882391
69	97	1.05808
69	101	0.99673
69	107	0.977682
69	115	0.976632
69	117	0.992642
69	137	0.986754
69	153	1.09188
69	155	1.04909
69	156	1.12473
69	161	0.933786
69	178	1.04685
69	179	1.03748
70	45	1.01881
70	51	0.9754
70	64	0.908669
70	66	0.913203
70	79	1.04986
70	107	0.968042
70	147	1.02678
70	158	0.961886
70	166	1.02966
70	172	1.008
70	173	1.02939
70	175	0.997951
70	176	1.00309
70	177	1.0262
70	178	1.03134
70	179	1.03253
70	180	1.01506
71	31	0.972072
71	76	1.04088
71	103	0.989263
71	108	1.03035
71	128	1.05733
71	130	1.01783
71	132	0.948891
71	140	0.93157
71	141	1.01336
71	144	1.02114
71	148	1.02708
71	149	1.03071
71	171	1.02023
71	173	0.971084
71	175	1.03625
71	177	0.946609
71	178	0.95456
72	13	1.19481
72	27	0.993741
72	53	0.941212
72	73	0.943612
72	105	0.869389
72	147	1.02863
72	148	0.940663
72	149	0.911083
72	157	0.99913
72	169	1.02374
72	173	1.03124
72	175	0.9998
72	176	1.00494
72	177	1.02805
72	178	1.03319
72	179	1.03438
72	180	1.01691
73	23	0.980294
73	27	0.985563
73	53	1.01541
73	56	1.0321
73	61	1.10189
73	67	0.969473
73	72	0.943612
73	81	0.997941
73	90	1.06661
73	98	1.02304
73	111	1.0002
73	121	0.972198
73	131	1.05958
73	168	0.919644
73	173	0.993848
73	178	0.977324
73	179	0.967947
74	2	1.05792
74	10	0.920186
74	24	1.01059
74	37	0.897273
74	38	0.955198
74	40	1.08648
74	55	1.01724
74	62	1.07146
74	82	0.9923
74	96	0.996204
74	147	0.965411
74	150	1.01213
74	153	0.993916
74	158	1.02122
74	167	1.0674
74	173	0.965418
74	180	0.977697
75	1	1.10373
75	20	1.01985
75	29	0.966587
75	45	1.02262
75	63	1.2787
75	78	1.00126
75	111	0.98119
75	114	1.03188
75	123	0.932228
75	145	1.00248
75	146	1.00176
75	152	0.870518
75	155	0.905737
75	157	0.962607
75	168	1.06864
75	176	0.963948
75	179	0.894122
76	57	0.990995
76	65	1.04306
76	71	1.04088
76	96	0.978017
76	125	1.01814
76	130	1.02251
76	138	0.976569
76	139	0.994727
76	144	1.02582
76	148	1.03176
76	149	1.03539
76	156	1.00858
76	167	1.06322
76	169	0.906245
76	176	0.991156
76	179	0.92133
76	180	0.95951
77	13	0.892758
77	18	0.911607
77	22	0.98879
77	28	1.01683
77	30	0.975331
77	35	1.07537
77	60	0.866461
77	89	1.06463
77	104	0.961642
77	131	1.03472
77	134	1.01187
77	139	0.728543
77	162	1.07364
77	174	1.08568
77	176	1.12223
77	177	1.05383
77	179	1.0524
77	180	1.09058
78	6	0.878142
78	20	1.00478
78	23	0.946208
78	29	0.951509
78	45	1.00755
78	75	1.00126
78	111	0.966113
78	114	1.0168
78	119	0.791578
78	145	0.987399
78	146	0.986683
78	159	1.08679
78	163	1.0982
78	165	1.03187
78	168	1.05356
78	169	1.05557
78	177	1.07208
78	179	1.07065
79	9	0.897501
79	54	1.0062
79	70	1.04986
79	100	0.961905
79	125	0.993016
79	127	0.99495
79	129	1.00531
79	135	0.996083
79	138	0.951442
79	144	1.00069
79	149	1.01026
79	159	1.03723
79	161	0.982639
79	162	1.04234
79	166	1.02395
79	168	0.972795
79	177	1.02252
79	180	1.05928
80	8	0.892819
80	100	1.04712
80	125	1.07823
80	128	1.1221
80	130	1.0826
80	136	0.964904
80	138	1.03666
80	139	1.05482
80	147	0.879639
80	148	1.09185
80	149	1.09548
80	150	0.926355
80	161	1.06785
80	163	0.881291
80	167	1.1233
80	174	0.887018
80	176	0.923572
80	179	0.853745
81	14	1.02104
81	19	1.01058
81	27	0.929148
81	53	0.958992
81	61	1.04548
81	67	0.913058
81	73	0.997941
81	90	1.0102
81	98	0.966628
81	111	0.943784
81	131	1.00316
81	143	0.992553
81	152	0.979293
81	155	1.01451
81	156	1.09015
81	159	1.01903
81	176	1.07272
81	180	1.04108
82	2	0.996286
82	11	0.996298
82	24	0.948954
82	36	1.01698
82	38	0.893562
82	40	1.02485
82	55	0.955608
82	62	1.00982
82	74	0.9923
82	158	0.95958
82	159	1.00383
82	160	1.07962
82	166	0.990539
82	167	1.00577
82	171	1.06274
82	176	1.05752
82	177	0.989116
82	180	1.02587
83	5	1.01254
83	34	1.00663
83	41	1.03291
83	46	0.989187
83	50	0.937115
83	58	1.05344
83	68	0.902397
83	86	1.00337
83	136	0.950211
83	139	0.944948
83	146	1.06069
83	147	1.02771
83	158	0.967249
83	165	0.963034
83	174	1.03509
83	176	1.07165
83	178	1.0112
83	180	1.04
84	6	1.17961
84	13	1.23574
84	21	0.825178
84	28	1.03593
84	30	1.0097
84	130	0.961398
84	147	0.984781
84	158	0.949718
84	162	0.982974
84	165	0.995682
84	171	0.974582
84	172	0.966001
84	174	0.997737
84	176	0.961094
84	177	0.984205
84	178	0.989348
84	179	0.990532
84	180	0.973064
85	12	1.0112
85	52	0.977376
85	87	0.922156
85	88	1.00956
85	95	0.977712
85	102	1.03659
85	112	1.03618
85	119	0.925164
85	122	0.968022
85	124	0.968022
85	126	0.968022
85	134	1.05436
85	157	1.05884
85	159	1.00649
85	162	1.01159
85	170	1.04972
85	178	0.99973
85	180	1.02853
86	15	1.24308
86	34	1.06399
86	41	1.09028
86	43	0.963975
86	46	1.04655
86	50	0.994481
86	68	0.959762
86	83	1.00337
86	121	0.933397
86	136	1.00758
86	139	1.00231
86	146	0.988018
86	152	0.905543
86	156	1.0164
86	158	1.02461
86	168	0.880843
86	170	0.98851
86	177	0.930572
86	180	0.967327
87	25	0.921922
87	64	1.00959
87	66	1.00981
87	85	0.922156
87	88	0.965464
87	95	0.933619
87	102	0.992498
87	112	0.992082
87	119	0.881071
87	122	0.923928
87	124	0.923928
87	126	0.923928
87	132	1.07325
87	143	1.0592
87	147	1.09544
87	155	1.08116
87	164	1.12158
87	177	1.07097
87	180	1.10773
88	26	1.14489
88	37	0.853339
88	66	1.09722
88	85	1.00956
88	87	0.965464
88	95	1.02102
88	102	1.0799
88	110	1.06851
88	112	1.07948
88	119	0.968473
88	122	1.01133
88	124	1.01133
88	126	1.01133
88	151	0.969879
88	171	0.970631
88	173	0.921483
88	175	0.986652
88	178	0.904959
88	180	0.933762
89	13	0.952758
89	18	0.971607
89	22	1.04879
89	28	1.07683
89	30	1.03533
89	35	1.13537
89	48	0.620782
89	60	0.926461
89	77	1.06463
89	104	1.02164
89	131	1.09472
89	132	0.9559
89	134	1.07187
89	150	1.0248
89	156	1.03944
89	173	0.978093
89	174	0.985464
89	175	1.04326
89	178	0.961568
90	14	1.08971
90	23	0.992549
90	27	0.997818
90	53	1.02766
90	61	1.11415
90	67	0.981727
90	73	1.06661
90	81	1.0102
90	98	1.0353
90	106	0.932826
90	111	1.01245
90	114	0.928745
90	131	1.07183
90	153	0.972725
90	154	1.00124
90	164	0.970361
90	165	0.879539
90	172	0.973673
90	174	0.951598
91	7	0.970849
91	32	0.892039
91	44	0.982555
91	51	0.938211
91	69	0.882391
91	93	0.960987
91	94	1.08355
91	101	0.981521
91	107	0.962472
91	115	0.961423
91	116	1.13878
91	117	0.977432
91	137	0.971545
91	153	1.104
91	161	0.918576
91	164	1.10164
91	169	1.03452
91	178	1.05898
91	180	1.08778
92	39	0.975048
92	63	1.2509
92	99	1.08725
92	108	1.04903
92	125	1.03214
92	132	0.870027
92	136	0.977478
92	138	0.990566
92	141	1.03203
92	144	1.03981
92	148	1.04576
92	149	1.04939
92	159	0.882455
92	161	1.02176
92	164	0.918354
92	166	0.869168
92	167	1.07721
92	171	0.941368
92	174	0.899591
93	3	1.03806
93	17	1.03139
93	32	0.985845
93	47	1.02828
93	51	1.03202
93	91	0.960987
93	101	1.07533
93	107	1.05628
93	115	1.05523
93	117	1.07124
93	136	1.04258
93	137	1.06535
93	140	0.917813
93	147	0.95732
93	152	0.907822
93	165	0.89264
93	168	0.883123
93	172	0.986773
93	175	1.0225
94	12	0.934198
94	48	1.07266
94	91	1.08355
94	113	1.01288
94	126	0.986799
94	149	0.969368
94	157	0.980424
94	161	1.01215
94	167	0.921716
94	169	1.00503
94	170	0.982965
94	172	0.991141
94	173	1.01253
94	174	1.02288
94	175	0.981094
94	176	0.986233
94	177	1.00934
94	178	1.01449
94	179	1.01567
94	180	0.998204
95	25	0.977479
95	26	1.11304
95	52	0.988839
95	64	1.06515
95	85	0.977712
95	87	0.933619
95	88	1.02102
95	102	1.04805
95	106	0.979243
95	119	0.936627
95	122	0.979485
95	124	0.979485
95	126	0.979485
95	132	0.968451
95	136	1.0759
95	154	1.04765
95	162	0.985982
95	173	0.990644
95	174	0.998015
95	179	0.964742
96	2	0.964054
96	7	1.07439
96	46	1.00024
96	74	0.996204
96	76	0.978017
96	99	0.972045
96	136	0.976184
96	143	1.02144
96	145	1.02118
96	158	0.98981
96	169	1.00474
96	170	0.982674
96	171	0.999431
96	173	1.01224
96	175	0.980803
96	176	0.985942
96	177	1.00905
96	178	1.0142
96	179	1.01538
96	180	0.997913
97	22	1.0341
97	45	1.01065
97	69	1.05808
97	105	0.91433
97	113	0.999537
97	117	0.989823
97	127	0.988042
97	132	1.01426
97	161	0.998805
97	162	0.997768
97	165	1.01048
97	168	1.04939
97	170	0.972619
97	174	1.01253
97	175	0.970748
97	176	0.975887
97	177	0.998998
97	178	1.00414
97	179	1.00533
97	180	0.987858
98	14	1.04614
98	19	1.03568
98	23	0.948981
98	27	0.95425
98	53	0.984094
98	61	1.07058
98	67	0.93816
98	73	1.02304
98	81	0.966628
98	90	1.0353
98	111	0.968886
98	131	1.02827
98	163	0.992858
98	168	0.917009
98	170	1.02468
98	172	1.02066
98	174	0.998584
98	175	1.05638
98	176	1.03514
98	179	0.965312
99	19	0.908711
99	31	1.00445
99	39	0.988743
99	92	1.08725
99	96	0.972045
99	108	1.06272
99	121	0.919608
99	128	1.0897
99	130	1.0502
99	138	1.00426
99	141	1.04573
99	142	0.879515
99	144	1.05351
99	147	0.941251
99	148	1.05945
99	149	1.06308
99	167	1.09091
99	172	0.970705
99	176	0.985184
99	177	0.916783
99	179	0.915357
100	39	0.902522
100	79	0.961905
100	80	1.04712
100	104	0.737982
100	108	0.976502
100	125	0.959615
100	128	1.00348
100	132	1.06371
100	133	1.20602
100	138	0.918041
100	141	0.959509
100	144	0.967289
100	148	0.97323
100	149	0.97686
100	151	1.1343
100	161	0.949238
100	166	1.06285
100	167	1.00469
100	169	1.04492
100	179	1.06
100	180	1.09819
101	3	1.05859
101	17	1.05192
101	32	1.00638
101	44	1.09689
101	48	1.0463
101	69	0.99673
101	91	0.981521
101	93	1.07533
101	115	1.07576
101	116	1.01243
101	117	1.09177
101	123	0.961362
101	124	0.576131
101	134	0.987257
101	137	1.08588
101	157	0.99174
101	160	1.01519
101	161	1.03292
101	166	0.926104
101	175	1.01432
101	177	0.924681
102	8	0.926757
102	25	1.03636
102	52	1.04772
102	64	1.12403
102	66	1.12425
102	85	1.03659
102	87	0.992498
102	88	1.0799
102	95	1.04805
102	119	0.995507
102	122	1.03836
102	124	1.03836
102	126	1.03836
102	140	0.87407
102	146	0.946554
102	151	0.96198
102	154	0.970594
102	159	0.903819
102	171	0.962731
102	172	0.94303
102	174	0.920955
103	39	0.909433
103	57	0.939378
103	71	0.989263
103	108	0.983413
103	128	1.01039
103	130	0.97089
103	138	0.924952
103	140	1.00947
103	141	0.96642
103	144	0.9742
103	148	0.980141
103	149	0.983771
103	152	0.999483
103	153	1.07749
103	161	0.956149
103	162	1.04433
103	163	1.05063
103	164	1.07512
103	167	1.0116
103	176	1.09291
103	180	1.06127
104	28	0.973844
104	30	0.932342
104	35	1.03238
104	77	0.961642
104	89	1.02164
104	100	0.737982
104	109	0.903627
104	118	0.978915
104	120	1.18298
104	127	0.956624
104	129	0.966987
104	131	0.991728
104	134	0.968877
104	135	0.957757
104	145	0.953634
104	150	1.12071
104	169	1.03302
104	170	1.10746
104	172	1.10345
104	173	1.074
104	177	1.04953
105	11	1.07118
105	36	1.09186
105	55	1.03049
105	62	1.08471
105	72	0.869389
105	97	0.91433
105	108	1.05247
105	125	1.03558
105	130	1.03994
105	138	0.994003
105	141	1.03547
105	143	0.883381
105	148	1.04919
105	156	0.980975
105	158	1.03446
105	160	0.985655
105	167	1.08065
105	170	0.953088
105	174	0.926997
105	176	0.963551
105	180	0.931905
106	49	0.989761
106	52	0.98652
106	54	1.0035
106	61	0.885476
106	90	0.932826
106	95	0.979243
106	115	0.934545
106	116	0.976955
106	139	1.06076
106	144	1.0238
106	162	1.025
106	164	1.00609
106	170	0.999848
106	171	1.01661
106	173	1.02941
106	174	1.03976
106	175	0.997977
106	176	1.00312
106	177	1.02623
106	178	1.03137
106	179	1.03255
106	180	1.01509
107	17	1.03287
107	32	0.98733
107	33	0.975101
107	44	1.07785
107	48	1.02725
107	60	0.893027
107	69	0.977682
107	70	0.968042
107	91	0.962472
107	93	1.05628
107	115	1.05671
107	117	1.07272
107	120	1.07416
107	136	1.05044
107	137	1.06684
107	143	0.928935
107	153	0.993678
107	155	0.950894
107	161	1.01387
107	168	0.890976
107	171	1.01433
107	179	0.939279
108	37	0.912645
108	57	0.980464
108	71	1.03035
108	92	1.04903
108	99	1.06272
108	100	0.976502
108	103	0.983413
108	105	1.05247
108	130	1.01198
108	133	1.10091
108	139	0.984197
108	140	0.941275
108	141	1.00751
108	143	0.944544
108	144	1.01529
108	147	0.980782
108	148	1.02123
108	149	1.02486
108	166	0.957737
108	176	1.02471
108	179	0.954888
108	180	0.993068
109	12	1.03382
109	20	1.02208
109	31	1.1404
109	42	0.878133
109	49	0.948035
109	59	1.01366
109	104	0.903627
109	113	0.932776
109	119	1.22462
109	122	1.11618
109	135	0.942729
109	141	1.12112
109	142	0.971031
109	149	1.06899
109	150	0.933125
109	154	0.943718
109	158	1.0667
109	171	0.944756
109	176	0.931267
109	177	0.954378
109	178	0.959522
109	180	0.943238
110	88	1.06851
110	121	0.940272
110	122	1.15554
110	127	1.14037
110	129	1.1083
110	131	1.08303
110	137	1.0369
110	145	1.13742
110	159	0.949601
110	160	0.907871
110	164	0.930823
110	167	1.0607
110	169	0.946652
110	171	0.941341
110	172	0.93276
110	173	0.954151
110	174	0.964495
110	176	0.927852
110	177	0.950963
110	178	0.956106
110	179	0.95729
110	180	0.939823
111	20	0.984705
111	29	0.931438
111	53	0.961249
111	61	1.04774
111	73	1.0002
111	75	0.98119
111	78	0.966113
111	81	0.943784
111	90	1.01245
111	98	0.968886
111	114	0.996728
111	131	1.00542
111	136	1.14182
111	140	1.01705
111	141	0.64809
111	142	0.994823
111	143	1.02032
111	146	0.966611
111	160	1.1226
111	168	1.03349
111	170	1.09003
111	171	1.10571
111	180	1.06885
112	12	1.08113
112	25	1.03594
112	26	1.17151
112	52	1.0473
112	64	1.12361
112	66	1.12383
112	85	1.03618
112	87	0.992082
112	88	1.07948
112	114	0.856785
112	119	0.995091
112	120	0.981247
112	122	1.03795
112	124	1.03795
112	126	1.03795
112	134	0.910368
112	136	0.957525
112	146	0.905237
112	150	0.918976
112	153	0.900765
112	154	0.929277
112	157	0.914851
112	160	0.938296
113	4	1.00559
113	5	1.02802
113	9	0.888325
113	16	1.02537
113	42	0.92231
113	49	0.992212
113	56	1.04309
113	59	1.05784
113	94	1.01288
113	97	0.999537
113	109	0.932776
113	114	0.989351
113	116	1.06811
113	118	1.00806
113	127	0.985774
113	129	0.996137
113	135	0.986906
113	143	0.968587
113	145	0.982784
113	154	0.987895
113	160	1.07086
113	170	1.0383
113	180	1.01711
114	45	1.03816
114	49	0.98568
114	50	0.955856
114	64	0.890324
114	75	1.03188
114	78	1.0168
114	90	0.928745
114	111	0.996728
114	112	0.856785
114	113	0.989351
114	118	0.967722
114	139	1.05668
114	145	1.01801
114	146	1.0173
114	148	0.975418
114	161	0.988618
114	165	1.04526
114	168	1.08418
114	175	1.00554
114	176	1.01067
114	177	1.03379
114	178	1.03893
114	179	1.04011
114	180	1.02265
115	3	1.0385
115	7	1.06509
115	32	0.986281
115	33	0.974052
115	44	1.0768
115	47	1.02872
115	48	1.0262
115	69	0.976632
115	91	0.961423
115	93	1.05523
115	101	1.07576
115	106	0.934545
115	107	1.05671
115	137	1.06579
115	143	0.9097
115	146	0.978916
115	154	1.00296
115	161	1.01282
115	171	0.995093
115	172	0.975392
115	174	0.953316
115	175	1.01111
115	177	0.92147
115	178	0.929421
116	5	1.07877
116	10	1.25227
116	41	0.972626
116	91	1.13878
116	101	1.01243
116	106	0.976955
116	113	1.06811
116	122	1.07178
116	133	0.913819
116	143	0.983274
116	149	1.02459
116	156	0.947726
116	157	0.941965
116	159	0.969523
116	163	0.965499
116	164	0.950744
116	166	0.974347
116	167	0.976942
116	170	0.944506
116	176	0.947774
116	177	0.970885
116	178	0.976028
116	179	0.977212
116	180	0.959745
117	5	0.588683
117	17	1.04783
117	32	1.00229
117	33	0.990061
117	47	1.04473
117	48	1.04221
117	51	1.04846
117	60	0.907987
117	69	0.992642
117	91	0.977432
117	93	1.07124
117	97	0.989823
117	101	1.09177
117	107	1.07272
117	121	0.973468
117	123	1.00732
117	137	1.0818
117	140	0.955604
117	142	0.933375
117	146	1.02809
117	154	1.05213
117	157	1.0377
117	161	1.02883
117	171	1.04427
118	4	1.0367
118	16	1.05649
118	21	1.13095
118	42	0.953421
118	49	1.02332
118	54	1.02813
118	59	1.08895
118	104	0.978915
118	113	1.00806
118	114	0.967722
118	122	0.569784
118	127	1.01689
118	129	1.02725
118	134	1.0213
118	135	1.01802
118	142	0.92146
118	145	1.0139
118	151	1.0316
118	154	1.01901
118	157	1.02579
118	170	1.01667
118	171	1.03235
118	176	1.02713
118	180	0.995483
119	12	0.970116
119	25	0.924931
119	26	1.0605
119	52	0.936291
119	64	1.0126
119	66	1.01282
119	78	0.791578
119	85	0.925164
119	87	0.881071
119	88	0.968473
119	95	0.936627
119	102	0.995507
119	109	1.22462
119	112	0.995091
119	122	0.926937
119	124	0.926937
119	126	0.926937
119	142	1.05521
119	143	1.0807
119	152	1.06745
119	164	1.14308
119	165	1.05226
119	166	1.0939
119	178	1.10043
120	16	1.05014
120	21	0.943464
120	68	1.15116
120	104	1.18298
120	107	1.07416
120	112	0.981247
120	141	1.12243
120	142	0.981636
120	147	0.965559
120	158	1.068
120	163	0.959597
120	164	0.944842
120	167	1.02265
120	169	0.960672
120	171	0.955361
120	172	0.94678
120	173	0.968171
120	174	0.978515
120	175	0.936733
120	176	0.941872
120	177	0.964983
120	178	0.970126
120	179	0.97131
120	180	0.953843
121	10	1.16734
121	42	1.14032
121	49	0.979511
121	73	0.972198
121	86	0.933397
121	99	0.919608
121	110	0.940272
121	117	0.973468
121	124	1.02725
121	131	0.914347
121	145	0.968743
121	156	0.986308
121	165	1.02094
121	166	1.01293
121	169	1.00515
121	170	0.983087
121	171	0.999844
121	172	0.991263
121	173	1.01265
121	174	1.023
121	176	0.986355
121	177	1.00947
121	178	1.01461
121	179	1.01579
121	180	0.998326
122	12	1.01297
122	25	0.967788
122	26	1.10335
122	52	0.979148
122	64	1.05546
122	66	1.05568
122	85	0.968022
122	87	0.923928
122	88	1.01133
122	95	0.979485
122	102	1.03836
122	109	1.11618
122	110	1.15554
122	112	1.03795
122	116	1.07178
122	118	0.569784
122	119	0.926937
122	124	0.969794
122	126	0.969794
122	147	1.0085
122	156	1.06986
122	171	1.05765
122	177	0.984032
122	178	0.991982
122	179	0.982606
123	33	1.06171
123	48	1.07682
123	50	0.983543
123	75	0.932228
123	101	0.961362
123	117	1.00732
123	124	1.06111
123	125	1.01376
123	150	0.988018
123	158	0.971229
123	160	0.96618
123	162	1.00804
123	164	0.989131
123	166	1.01273
123	167	0.925873
123	169	1.00496
123	172	0.991069
123	173	1.01246
123	174	1.0228
123	175	0.981022
123	176	0.986161
123	177	1.00927
123	178	1.01442
123	179	1.0156
123	180	0.998132
124	12	1.01297
124	25	0.967788
124	26	1.10335
124	52	0.979148
124	64	1.05546
124	66	1.05568
124	85	0.968022
124	87	0.923928
124	88	1.01133
124	95	0.979485
124	101	0.576131
124	102	1.03836
124	112	1.03795
124	119	0.926937
124	121	1.02725
124	122	0.969794
124	123	1.06111
124	126	0.969794
124	151	1.0973
124	152	0.999397
124	169	1.00791
124	172	1.07835
124	175	1.11407
124	177	1.02443
124	179	1.023
125	31	0.949335
125	76	1.01814
125	79	0.993016
125	80	1.07823
125	92	1.03214
125	100	0.959615
125	105	1.03558
125	123	1.01376
125	138	0.949151
125	139	0.96731
125	141	0.99062
125	144	0.9984
125	148	1.00434
125	149	1.00797
125	161	0.980349
125	162	0.996893
125	167	1.0358
125	168	0.927351
125	169	0.960568
125	171	1.0507
125	172	1.031
125	173	1.00155
125	174	1.00893
125	176	1.04548
125	179	0.975653
126	12	1.01297
126	25	0.967788
126	26	1.10335
126	52	0.979148
126	64	1.05546
126	66	1.05568
126	85	0.968022
126	87	0.923928
126	88	1.01133
126	94	0.986799
126	95	0.979485
126	102	1.03836
126	112	1.03795
126	119	0.926937
126	122	0.969794
126	124	0.969794
126	136	1.06401
126	143	0.942506
126	150	1.02546
126	157	1.02133
126	160	1.04478
126	169	0.937764
126	170	1.01221
126	176	1.02268
126	177	0.954275
127	4	1.01441
127	5	1.03684
127	9	0.897145
127	21	1.10866
127	42	0.93113
127	49	1.00103
127	54	1.00584
127	59	1.06666
127	79	0.99495
127	97	0.988042
127	104	0.956624
127	110	1.14037
127	113	0.985774
127	118	1.01689
127	135	0.995727
127	143	0.957093
127	145	0.991604
127	153	1.02184
127	154	0.996716
127	164	1.01947
127	165	0.928651
127	168	0.919134
127	173	0.993338
127	176	1.03726
127	180	1.00562
128	31	0.9932
128	65	1.03559
128	71	1.05733
128	80	1.1221
128	99	1.0897
128	100	1.00348
128	103	1.01039
128	130	1.03895
128	138	0.993016
128	139	1.01117
128	140	0.900248
128	141	1.03448
128	144	1.04226
128	146	0.972732
128	148	1.0482
128	149	1.05184
128	159	0.929997
128	161	1.02421
128	165	0.875074
128	167	1.07966
128	172	0.969208
128	173	0.939762
128	174	0.947133
128	175	1.00493
128	177	0.915286
128	178	0.923237
129	4	1.02477
129	5	1.0472
129	9	0.907508
129	16	1.04456
129	21	1.11903
129	42	0.941493
129	49	1.0114
129	54	1.01621
129	59	1.07703
129	79	1.00531
129	104	0.966987
129	110	1.1083
129	113	0.996137
129	118	1.02725
129	135	1.00609
129	145	1.00197
129	153	0.989764
129	154	1.00708
129	156	1.02261
129	159	0.951501
129	162	0.956604
129	163	0.96291
129	169	0.920279
129	170	0.994729
129	175	1.02643
129	178	0.944741
129	179	0.935365
130	56	1.00896
130	57	0.96794
130	71	1.01783
130	76	1.02251
130	80	1.0826
130	84	0.961398
130	99	1.0502
130	103	0.97089
130	105	1.03994
130	108	1.01198
130	128	1.03895
130	136	1.05596
130	138	0.953515
130	141	0.994983
130	144	1.00276
130	148	1.0087
130	149	1.01233
130	153	0.999203
130	159	0.96094
130	161	0.984712
130	167	1.04016
130	169	0.929718
130	175	1.03587
130	176	1.01463
130	177	0.946229
130	178	0.95418
130	179	0.944803
131	13	0.922843
131	18	0.941693
131	27	0.990785
131	30	1.00542
131	35	1.10545
131	53	1.02063
131	61	1.10712
131	67	0.974695
131	73	1.05958
131	77	1.03472
131	81	1.00316
131	89	1.09472
131	90	1.07183
131	98	1.02827
131	104	0.991728
131	110	1.08303
131	111	1.00542
131	121	0.914347
131	134	1.04195
131	154	0.993007
131	155	0.921711
131	156	0.997346
131	160	1.00203
131	162	0.931335
131	164	0.962131
131	169	0.89501
131	171	0.985145
131	176	0.979922
131	180	0.948276
132	4	0.948368
132	20	0.892217
132	54	0.992711
132	71	0.948891
132	87	1.07325
132	89	0.9559
132	92	0.870027
132	95	0.968451
132	97	1.01426
132	100	1.06371
132	133	0.978352
132	135	0.977365
132	142	1.05207
132	145	0.9682
132	150	1.01416
132	151	1.00264
132	158	0.93683
132	165	1.04689
132	169	1.03111
132	170	1.00904
132	171	1.0258
132	172	1.01721
132	173	1.03861
132	174	1.04895
132	175	1.00717
132	176	1.01231
132	177	1.03542
132	179	1.04174
132	180	1.02428
133	11	1.05673
133	20	1.03453
133	21	0.9546
133	44	1.06856
133	63	0.827017
133	100	1.20602
133	108	1.10091
133	116	0.913819
133	132	0.978352
133	137	1.00999
133	139	1.19228
133	141	1.13357
133	143	0.97548
133	144	1.15532
133	149	1.08144
133	151	0.93031
133	153	0.926866
133	162	0.961861
133	164	0.942951
133	165	0.974568
133	171	0.953469
133	172	0.944888
133	173	0.966279
133	174	0.976623
133	175	0.934841
133	176	0.93998
133	177	0.963091
133	178	0.968235
133	179	0.969418
133	180	0.951951
134	13	0.899993
134	17	0.970783
134	22	0.996025
134	28	1.02407
134	30	0.982565
134	40	1.03461
134	53	1.02955
134	60	0.873696
134	61	0.934977
134	77	1.01187
134	85	1.05436
134	89	1.07187
134	101	0.987257
134	104	0.968877
134	112	0.910368
134	118	1.0213
134	131	1.04195
134	145	1.02849
134	148	1.029
134	155	1.00843
134	161	1.0422
134	165	1.03111
134	167	0.951768
134	173	1.02282
134	175	0.991378
134	176	0.996517
134	177	1.01963
134	178	1.02477
134	179	1.02596
134	180	1.00849
135	4	1.01554
135	5	1.03797
135	8	1.01273
135	9	0.898278
135	16	1.03533
135	21	1.1098
135	42	0.932263
135	49	1.00216
135	54	1.00697
135	59	1.06779
135	79	0.996083
135	104	0.957757
135	109	0.942729
135	113	0.986906
135	118	1.01802
135	127	0.995727
135	129	1.00609
135	132	0.977365
135	140	0.960045
135	142	0.937815
135	145	0.992737
135	146	1.03253
135	150	1.04627
135	151	1.04795
135	154	0.997848
135	162	0.994897
135	164	1.02569
135	172	1.029
135	177	0.975083
135	179	0.973657
136	12	1.01141
136	34	1.01084
136	41	1.03712
136	43	0.910817
136	46	0.993395
136	50	0.941323
136	51	1.0578
136	80	0.964904
136	83	0.950211
136	86	1.00758
136	92	0.977478
136	93	1.04258
136	95	1.0759
136	96	0.976184
136	107	1.05044
136	111	1.14182
136	112	0.957525
136	126	1.06401
136	130	1.05596
136	139	0.949156
136	156	0.964129
136	158	0.971457
136	166	0.990749
136	167	0.998925
136	171	0.977665
136	172	0.969084
136	174	1.00082
136	177	0.987288
136	178	0.992431
136	179	0.993615
136	180	0.976147
137	3	1.04862
137	7	1.07521
137	8	0.903043
137	17	1.04195
137	19	0.857323
137	32	0.996403
137	33	0.984174
137	44	1.08692
137	47	1.03884
137	48	1.03632
137	51	1.04257
137	60	0.902099
137	63	1.24855
137	69	0.986754
137	91	0.971545
137	93	1.06535
137	101	1.08588
137	107	1.06684
137	110	1.0369
137	115	1.06579
137	117	1.0818
137	133	1.00999
137	151	0.938266
137	154	0.946881
137	161	1.02294
137	163	0.891515
137	173	0.88987
137	174	0.897241
137	175	0.955039
137	176	0.933795
137	180	0.902149
138	8	1.05781
138	19	1.01209
138	39	0.892058
138	57	0.922003
138	63	1.40331
138	76	0.976569
138	79	0.951442
138	80	1.03666
138	92	0.990566
138	99	1.00426
138	100	0.918041
138	103	0.924952
138	105	0.994003
138	125	0.949151
138	128	0.993016
138	130	0.953515
138	139	0.925735
138	141	0.949045
138	142	0.98289
138	144	0.956826
138	148	0.962766
138	149	0.966397
138	155	1.03035
138	161	0.938774
138	162	1.03997
138	166	1.02158
138	167	0.994224
138	169	1.00365
138	170	1.0781
138	174	1.052
138	175	1.1098
138	177	1.02016
139	15	1.18466
139	40	0.646749
139	41	1.03186
139	43	0.905554
139	46	0.988132
139	58	1.05239
139	68	0.901342
139	76	0.994727
139	77	0.728543
139	80	1.05482
139	83	0.944948
139	86	1.00231
139	106	1.06076
139	108	0.984197
139	114	1.05668
139	125	0.96731
139	128	1.01117
139	133	1.19228
139	136	0.949156
139	138	0.925735
139	141	0.967204
139	144	0.974984
139	147	1.07216
139	148	0.980924
139	155	1.05788
139	158	0.966194
139	159	1.0624
139	165	1.00748
139	167	1.01238
139	170	1.10563
139	172	1.10161
139	173	1.07216
139	179	1.04626
140	7	1.00409
140	15	0.753325
140	24	1.02963
140	44	0.908928
140	71	0.93157
140	93	0.917813
140	102	0.87407
140	103	1.00947
140	108	0.941275
140	111	1.01705
140	117	0.955604
140	128	0.900248
140	135	0.960045
140	144	0.995691
140	147	1.05281
140	150	1.03098
140	153	1.01601
140	157	1.02331
140	163	1.04685
140	164	1.03209
140	165	1.06371
140	166	1.05569
140	169	1.04792
140	170	1.02585
140	171	1.04261
140	172	1.03403
140	174	1.06577
140	175	1.02398
140	176	1.02912
140	177	1.05223
140	178	1.05738
140	179	1.05856
140	180	1.04109
141	6	0.880307
141	39	0.933527
141	57	0.963471
141	71	1.01336
141	92	1.03203
141	99	1.04573
141	100	0.959509
141	103	0.96642
141	105	1.03547
141	108	1.00751
141	109	1.12112
141	111	0.64809
141	120	1.12243
141	125	0.99062
141	128	1.03448
141	130	0.994983
141	133	1.13357
141	138	0.949045
141	139	0.967204
141	144	0.998294
141	148	1.00423
141	149	1.00787
141	152	0.963946
141	154	1.07046
141	160	1.07948
141	161	0.980243
141	162	1.00879
141	167	1.03569
141	169	0.972464
141	171	1.0626
141	172	1.0429
141	177	0.988975
141	178	0.996926
142	3	0.915717
142	38	1.06428
142	39	1.05689
142	40	0.934768
142	42	1.10023
142	62	0.848379
142	99	0.879515
142	109	0.971031
142	111	0.994823
142	117	0.933375
142	118	0.92146
142	119	1.05521
142	120	0.981636
142	132	1.05207
142	135	0.937815
142	138	0.98289
142	144	0.973462
142	150	1.01556
142	151	1.00403
142	156	1.01365
142	160	0.993718
142	163	1.03142
142	164	1.01667
142	166	1.04027
