1	48	1.11628
1	71	0.987748
1	81	0.937145
1	93	1.02028
1	106	1.00841
1	107	1.0052
1	121	1.01811
1	150	0.9413
1	158	1.00191
1	161	0.957068
1	163	1.04397
1	175	0.966626
2	95	1.07512
2	110	0.981136
2	135	1.00158
2	143	1.01593
2	152	1.02163
2	157	1.0261
2	160	0.98983
2	164	1.02124
2	167	0.954403
2	172	1.0384
2	173	0.925232
2	174	0.956673
3	11	0.939886
3	27	0.916023
3	45	1.05257
3	90	1.03211
3	104	1.05401
3	106	1.01761
3	120	1.05065
3	149	0.989946
3	163	1.05316
3	165	0.976249
3	173	0.952317
3	177	0.972245
4	28	0.959734
4	38	1.0264
4	43	1.04516
4	76	1.06911
4	79	1.03332
4	89	1.04569
4	96	1.00168
4	143	0.959441
4	147	1.02059
4	151	0.953791
4	155	0.940645
4	168	0.951587
5	63	0.882774
5	70	1.10463
5	92	1.0313
5	94	1.0313
5	98	1.07746
5	99	1.06153
5	129	1.04918
5	142	1.02335
5	150	0.927973
5	174	0.934722
5	176	0.924242
5	180	0.958517
6	23	0.994798
6	61	1.03423
6	67	0.980629
6	75	1.07298
6	84	0.984021
6	108	1.0689
6	111	0.984595
6	152	1.02724
6	155	0.949507
6	158	1.01783
6	161	0.936743
6	169	0.953014
7	17	0.793937
7	62	0.978191
7	98	1.00728
7	130	0.967674
7	134	1.02676
7	138	1.02482
7	139	1.05339
7	144	1.02573
7	161	1.01257
7	170	1.01277
7	172	1.04431
7	173	1.05733
8	101	1.03618
8	111	1.03141
8	119	1.01243
8	140	1.05603
8	141	0.96533
8	144	1.01511
8	146	1.01514
8	162	0.963041
8	171	0.998931
8	172	1.03369
8	173	0.924187
8	174	0.955629
9	71	0.855926
9	90	0.891097
9	93	0.888459
9	100	0.938712
9	114	0.917737
9	120	0.909637
9	121	0.886284
9	132	1.19605
9	163	0.912148
9	168	1.214
9	170	1.1905
9	180	1.20507
10	29	0.946166
10	59	1.04159
10	95	1.07621
10	99	1.06251
10	136	1.00147
10	150	1.0358
10	157	1.02718
10	164	1.02232
10	166	0.937144
10	167	0.933439
10	168	0.995436
10	176	0.925229
11	3	0.939886
11	48	0.968682
11	93	0.87268
11	104	0.897211
11	106	0.86081
11	120	0.893857
11	121	0.870504
11	149	1.19057
11	152	1.22518
11	163	0.896369
11	174	1.18438
11	175	1.20296
12	20	0.980923
12	62	0.934231
12	88	1.02751
12	111	1.04135
12	119	1.02236
12	137	1.05917
12	146	1.02507
12	165	0.952079
12	170	0.96881
12	171	1.00289
12	172	1.04362
12	176	0.949109
13	123	0.99525
13	125	1.06348
13	127	0.990013
13	128	1.03593
13	130	0.968205
13	138	1.02535
13	139	1.05392
13	150	0.94065
13	166	0.948833
13	168	0.980124
13	173	1.05786
13	174	0.947399
14	50	0.94315
14	103	0.985016
14	135	0.961996
14	136	0.960804
14	149	1.04461
14	152	0.982045
14	154	1.06331
14	157	0.986516
14	163	1.02456
14	164	0.981655
14	167	1.03615
14	172	0.998817
14	174	1.03842
15	123	1.08557
15	126	1.12157
15	128	1.12625
15	130	1.05852
15	132	0.861161
15	138	1.11567
15	139	1.14424
15	141	0.856086
15	143	0.886963
15	144	0.905312
15	148	0.824811
15	154	0.871273
15	173	1.14818
16	40	0.963477
16	82	1.09663
16	137	1.00591
16	140	1.01271
16	144	0.971783
16	146	0.971813
16	147	0.9419
16	148	1.02735
16	149	1.05511
16	150	1.04217
16	151	0.942053
16	156	0.985815
16	172	0.99036
17	7	0.793937
17	63	1.19754
17	115	0.824353
17	126	0.788975
17	136	0.835302
17	171	1.10845
17	172	0.753038
17	174	1.11304
17	175	1.10405
17	176	1.1277
17	177	1.12926
17	178	1.11842
17	180	1.09908
18	39	0.987836
18	44	0.869152
18	49	1.0512
18	50	0.943151
18	107	1.10106
18	110	1.02682
18	124	1.01918
18	131	0.975177
18	151	1.03729
18	158	0.972643
18	164	0.981656
18	169	1.02765
18	170	1.01158
19	52	0.968667
19	63	0.82794
19	70	1.0498
19	78	1.00952
19	92	0.976468
19	94	0.976468
19	98	1.02262
19	116	0.974179
19	142	0.968514
19	162	1.06938
19	170	1.07119
19	173	1.03053
19	174	1.06197
20	12	0.980923
20	102	0.959464
20	134	0.961849
20	137	0.994947
20	139	1.02417
20	140	1.00174
20	143	1.06955
20	144	0.960822
20	146	0.960851
20	166	1.0304
20	168	1.06169
20	172	0.979399
20	176	1.01849
21	52	1.08034
21	85	1.05372
21	114	0.998935
21	135	1.04258
21	147	1.01752
21	167	0.989818
21	169	0.967519
21	170	0.976952
21	174	0.974136
21	177	0.99035
21	178	0.979516
21	179	0.96154
21	180	0.96017
22	63	0.983767
22	92	1.13229
22	94	1.13229
22	96	1.09868
22	98	1.17845
22	129	1.15018
22	142	1.12434
22	145	0.926048
22	148	0.82726
22	154	0.873723
22	175	0.867411
22	176	0.838354
22	180	0.872629
23	6	0.994798
23	75	1.02186
23	86	1.0098
23	135	0.956064
23	142	0.946461
23	145	0.969471
23	155	1.05928
23	158	0.96671
23	159	0.968916
23	162	1.04491
23	164	0.975723
23	169	1.06279
23	178	1.03053
24	37	0.985155
24	109	0.948172
24	113	1.06562
24	123	0.94618
24	125	1.01441
24	126	0.982178
24	130	0.919136
24	132	1.0481
24	138	0.976279
24	139	1.00485
24	152	1.07412
24	173	1.00879
24	178	1.02635
25	87	1.08732
25	125	1.07444
25	126	1.0422
25	128	1.04689
25	130	0.979161
25	133	0.947618
25	138	1.0363
25	139	1.06487
25	161	0.92026
25	163	0.897381
25	164	0.973208
25	166	0.912676
25	171	0.954544
25	173	1.06882
26	109	1.02791
26	123	1.02592
26	128	1.0666
26	130	0.998877
26	138	1.05602
26	139	1.08459
26	152	0.973675
26	159	1.05154
26	163	0.919017
26	166	0.934311
26	167	0.930606
26	173	1.08853
26	176	0.922397
26	178	0.925907
27	3	0.916023
27	29	0.87452
27	66	0.95666
27	78	1.06771
27	92	1.03465
27	94	1.03465
27	98	1.0808
27	103	0.918704
27	107	0.962757
27	115	0.966229
27	169	1.04317
27	177	1.066
27	179	1.03719
27	180	1.03582
28	4	0.959734
28	43	0.908882
28	51	0.982161
28	68	0.987692
28	74	0.937918
28	76	0.932832
28	79	0.897048
28	89	0.909415
28	137	1.10301
28	147	0.884318
28	151	1.13895
28	160	1.13718
28	165	1.09652
28	169	1.12931
29	10	0.946166
29	27	0.87452
29	32	1.07695
29	43	1.03245
29	68	1.11126
29	74	1.06148
29	76	1.0564
29	79	1.02061
29	89	1.03298
29	147	1.00788
29	148	0.920682
29	163	0.928396
29	168	0.974981
29	175	0.960833
30	109	0.905188
30	123	0.903196
30	125	0.971427
30	126	0.939193
30	128	0.943878
30	130	0.876151
30	138	0.933294
30	139	0.961865
30	148	1.08478
30	168	1.13908
30	173	0.965809
30	175	1.12493
30	179	1.12798
30	180	1.13015
31	65	0.904831
31	111	0.939661
31	116	1.06749
31	119	0.920676
31	134	0.924386
31	137	0.957484
31	140	0.964281
31	144	0.923358
31	146	0.923388
31	150	1.14852
31	156	1.09216
31	172	0.941935
31	174	1.15527
31	177	1.14376
32	29	1.07695
32	68	1.11762
32	71	1.02352
32	79	1.02697
32	89	1.03934
32	93	0.923864
32	111	0.907074
32	120	0.910506
32	126	0.916991
32	159	0.908961
32	170	1.04219
32	178	1.04475
32	179	1.02678
32	180	1.02541
33	39	0.947658
33	50	0.902973
33	73	1.21533
33	116	1.02122
33	136	0.920627
33	145	0.935226
33	151	1.14394
33	157	0.946339
33	158	0.932465
33	162	1.11642
33	164	0.941478
33	166	1.11044
33	168	0.914592
33	172	0.95864
34	55	1.05178
34	57	1.06969
34	87	0.975515
34	123	0.894405
34	125	0.962637
34	126	0.930402
34	128	0.935087
34	130	0.86736
34	138	0.924503
34	139	0.953074
34	151	1.1708
34	154	1.16076
34	173	0.957018
34	175	1.15445
35	53	0.87189
35	123	1.02167
35	126	1.05767
35	128	1.06235
35	130	0.994626
35	138	1.05177
35	139	1.08034
35	150	0.925385
35	159	1.04729
35	167	0.929863
35	168	0.964859
35	170	0.941355
35	171	0.975436
35	173	1.08428
36	46	1.02135
36	88	1.04794
36	119	1.04279
36	131	0.963024
36	134	1.0465
36	140	1.0864
36	141	0.90914
36	142	1.00333
36	144	1.04547
36	146	1.0455
36	150	0.892689
36	157	0.943912
36	172	1.06405
36	177	0.887925
37	24	0.985155
37	47	1.03136
37	75	1.0812
37	108	1.07712
37	137	1.06778
37	144	1.03366
37	146	1.03369
37	158	1.02606
37	159	1.02826
37	167	0.881363
37	171	0.926936
37	172	1.05223
37	177	0.87212
37	180	0.907429
38	4	1.0264
38	43	0.975549
38	51	1.04883
38	68	1.05436
38	74	1.00458
38	76	0.999499
38	79	0.963715
38	89	0.976081
38	147	0.950984
38	150	0.999014
38	156	0.942655
38	167	1.00349
38	168	1.03849
38	176	0.995284
38	180	1.02956
39	18	0.987836
39	33	0.947658
39	69	0.987041
39	72	1.06747
39	77	0.989292
39	113	1.02158
39	141	0.985799
39	157	1.01881
39	158	1.00494
39	164	1.01395
39	167	0.973827
39	168	0.987066
39	172	1.03111
39	175	0.994675
39	179	0.997719
40	16	0.963477
40	66	1.07377
40	102	0.995278
40	134	0.997663
40	137	1.03076
40	140	1.03756
40	143	1.02176
40	144	0.996635
40	146	0.996665
40	147	0.966752
40	149	0.987364
40	172	1.01521
40	173	0.949736
40	176	0.970698
40	179	1.0028
41	49	0.971524
41	51	0.952016
41	76	0.992354
41	83	0.977729
41	144	1.05131
41	158	1.04624
41	169	0.995867
41	170	1.0053
41	171	0.997894
41	174	1.00248
41	175	0.993492
41	177	1.0187
41	178	1.00786
41	179	0.989888
41	180	0.988517
42	109	0.969008
42	112	0.973276
42	125	1.03525
42	126	1.00301
42	128	1.0077
42	130	0.939971
42	138	0.997114
42	139	1.02569
42	155	1.00935
42	159	0.992634
42	160	1.02073
42	163	0.97371
42	168	1.0203
42	173	1.02963
42	180	1.01137
43	4	1.04516
43	28	0.908882
43	29	1.03245
43	38	0.975549
43	51	1.06758
43	74	1.02334
43	79	0.98247
43	84	1.06855
43	89	0.994836
43	135	1.04731
43	143	0.989307
43	147	0.969739
43	149	0.954915
43	153	0.97231
43	179	0.970349
44	18	0.869152
44	75	0.941401
44	103	0.898627
44	108	0.937316
44	135	0.875608
44	136	0.874416
44	152	0.895657
44	157	0.900127
44	164	0.895267
44	169	1.21988
44	172	0.912429
44	173	1.16315
44	174	1.19459
44	175	1.21317
44	179	1.21621
45	3	1.05257
45	90	0.988006
45	93	0.985368
45	106	0.973498
45	107	0.97029
45	120	1.00655
45	121	0.983192
45	148	1.03147
45	150	0.994539
45	160	1.03445
45	163	1.00906
45	165	0.993779
45	173	0.969847
45	176	0.990809
45	180	1.02508
46	36	1.02135
46	64	0.928914
46	101	1.00189
46	111	0.997126
46	116	0.951505
46	134	0.981851
46	137	1.01495
46	140	1.02175
46	144	0.980824
46	146	0.980854
46	156	0.976184
46	161	1.04831
46	166	1.04073
46	172	0.999401
46	180	1.06309
47	37	1.03136
47	81	1.06862
47	109	0.932306
47	123	0.930314
47	125	0.998546
47	126	0.966312
47	128	0.970996
47	130	0.90327
47	138	0.960412
47	139	0.988984
47	155	1.10131
47	156	1.01641
47	159	0.955933
47	167	1.07725
47	168	1.11225
47	173	0.992927
48	1	1.11628
48	11	0.968682
48	93	1.05827
48	100	1.10852
48	107	1.04319
48	114	1.08755
48	116	0.824941
48	120	1.07945
48	121	1.05609
48	160	0.945885
48	161	0.921747
48	163	1.08196
48	165	0.905218
48	170	0.92195
48	171	0.95603
48	179	0.934349
49	18	1.0512
49	41	0.971524
49	55	0.826856
49	91	1.04817
49	117	0.959801
49	136	1.05647
49	139	0.906143
49	145	1.07107
49	152	1.07771
49	157	1.08218
49	158	1.0683
49	165	0.903433
49	167	0.908673
49	168	1.05043
49	172	1.09448
49	175	0.92952
50	14	0.94315
50	18	0.943151
50	33	0.902973
50	72	1.15257
50	82	1.1089
50	97	0.994968
50	108	1.01132
50	113	0.976898
50	135	0.949608
50	136	0.948415
50	148	1.03963
50	156	0.998092
50	158	0.960254
50	164	0.969267
50	167	1.05893
50	176	1.05072
51	28	0.982161
51	38	1.04883
51	41	0.952016
51	43	1.06758
51	68	1.14639
51	74	1.09662
51	76	1.09153
51	79	1.05575
51	89	1.06812
51	143	0.932014
51	147	1.04302
51	150	0.884685
51	160	0.924592
51	168	0.92416
51	175	0.910011
51	176	0.880955
52	19	0.968667
52	21	1.08034
52	63	0.808828
52	70	1.03069
52	78	0.99041
52	85	0.958549
52	92	0.957356
52	94	0.957356
52	98	1.00351
52	129	0.975238
52	142	0.949401
52	150	1.06139
52	155	1.08993
52	156	1.00503
52	166	1.06958
52	168	1.10087
53	35	0.87189
53	95	0.84337
53	97	0.902047
53	104	0.928399
53	114	0.926492
53	135	0.970134
53	145	0.94877
53	168	1.04897
53	170	1.0725
53	171	1.0651
53	174	1.06969
53	175	1.06069
53	176	1.08435
53	177	1.0859
53	179	1.05709
53	180	1.05572
54	71	1.02716
54	93	1.0597
54	99	1.00081
54	100	1.10995
54	106	1.04783
54	107	1.04462
54	114	1.08897
54	120	1.08087
54	121	1.05752
54	132	0.888788
54	133	0.910387
54	153	0.897593
54	155	0.895794
54	163	1.08338
54	169	0.8993
54	171	0.917313
55	34	1.05178
55	49	0.826856
55	74	1.09247
55	76	1.08738
55	89	1.06397
55	91	0.940967
55	102	0.92027
55	125	0.85724
55	146	0.917547
55	147	1.03887
55	167	1.07968
55	170	1.06681
55	172	0.878562
55	178	1.06938
55	179	1.0514
55	180	1.05003
56	67	0.951739
56	90	1.05449
56	93	1.05185
56	104	1.07638
56	106	1.03998
56	114	1.08113
56	120	1.07303
56	121	1.04967
56	141	0.908536
56	148	1.09795
56	149	0.905022
56	163	1.07554
56	167	0.896564
56	170	0.908056
56	175	0.917411
56	180	0.92263
57	34	1.06969
57	61	0.927894
57	84	0.985438
57	90	0.955257
57	106	0.963871
57	135	0.964198
57	144	0.924547
57	162	1.02223
57	169	1.01579
57	170	1.02522
57	171	1.01782
57	174	1.02241
57	175	1.01342
57	176	1.03707
57	178	1.02779
57	179	1.00981
57	180	1.00844
58	109	0.992306
58	123	0.990314
58	125	1.05855
58	126	1.02631
58	128	1.031
58	130	0.96327
58	138	1.02041
58	139	1.04898
58	141	0.980488
58	156	0.907677
58	159	1.01593
58	168	1.00351
58	172	1.00164
58	173	1.05293
58	176	0.960306
58	177	0.959273
58	180	0.994581
59	10	1.04159
59	66	0.993985
59	82	1.01238
59	96	1.04749
59	103	1.0304
59	116	0.876887
59	125	0.974202
59	131	1.02056
59	136	1.00618
59	145	1.02078
59	152	1.02743
59	157	1.0319
59	164	1.02704
59	165	0.957165
59	168	1.00015
59	177	0.953161
59	179	0.986296
60	88	0.922493
60	102	0.918672
60	111	0.936332
60	116	1.06769
60	119	0.917347
60	134	0.921057
60	137	0.954155
60	140	0.960952
60	144	0.920029
60	146	0.920059
60	149	1.16166
60	151	0.890299
60	163	1.14162
60	172	0.938606
60	176	1.145
60	177	1.14396
60	178	1.14851
61	6	1.03423
61	57	0.927894
61	103	1.01852
61	110	1.01854
61	115	0.996455
61	116	0.906286
61	118	0.990513
61	124	1.05269
61	145	1.00891
61	152	1.01555
61	155	1.01586
61	157	1.02002
61	158	1.00615
61	164	1.01516
61	172	1.03232
61	173	0.962633
61	178	0.987104
62	7	0.978191
62	12	0.934231
62	85	1.01617
62	107	1.00514
62	113	0.938743
62	131	0.970026
62	157	0.950915
62	169	1.01415
62	170	1.02358
62	171	1.01618
62	174	1.02077
62	175	1.01178
62	176	1.03543
62	177	1.03698
62	178	1.02615
62	179	1.00817
62	180	1.0068
63	5	0.882774
63	17	1.19754
63	19	0.82794
63	22	0.983767
63	52	0.808828
63	70	0.889959
63	78	0.849683
63	85	0.817822
63	92	0.816629
63	94	0.816629
63	98	0.862783
63	129	0.834512
63	142	0.808674
63	151	1.44208
63	156	1.34404
63	163	1.39329
63	179	1.42877
64	46	0.928914
64	71	0.994735
64	92	0.911858
64	125	0.830948
64	130	0.959812
64	138	0.864463
64	139	0.81662
64	156	1.09481
64	164	0.883387
64	166	1.08505
64	167	1.09365
64	169	1.07135
64	170	1.08079
64	175	1.06898
64	176	1.09263
64	178	1.08335
64	179	1.06538
64	180	1.06401
65	31	0.904831
65	68	0.96523
65	96	1.11072
65	102	0.985056
65	119	0.983732
65	134	0.987441
65	137	1.02054
65	140	1.02734
65	144	0.986414
65	146	0.986444
65	147	0.956531
65	151	0.956684
65	154	1.05279
65	162	1.03531
65	166	1.02933
65	172	1.00499
65	173	0.996454
65	176	1.01742
66	27	0.95666
66	40	1.07377
66	59	0.993985
66	84	0.931894
66	95	1.0286
66	97	1.00042
66	115	0.956015
66	124	1.01225
66	143	0.969416
66	144	1.08332
66	151	1.05932
66	152	0.97511
66	158	0.965707
66	164	0.97472
66	172	0.991882
66	173	0.992954
66	174	1.0244
66	176	1.01392
67	6	0.980629
67	56	0.951739
67	71	1.15802
67	119	1.0416
67	126	1.05149
67	139	0.979903
67	154	0.975839
67	157	1.02918
67	167	0.996637
67	170	0.983771
67	171	0.976365
67	174	0.980955
67	175	0.971964
67	176	0.995616
67	177	0.997169
67	178	0.986335
67	179	0.968359
67	180	0.966989
68	28	0.987692
68	29	1.11126
68	32	1.11762
68	38	1.05436
68	51	1.14639
68	65	0.96523
68	74	1.10215
68	76	1.09706
68	79	1.06128
68	89	1.07365
68	110	0.893595
68	127	0.911747
68	147	1.04855
68	151	0.904062
68	169	0.894422
68	171	0.912435
68	173	0.837691
68	179	0.890754
69	39	0.987041
69	75	1.027
69	83	1.02788
69	91	0.951711
69	96	1.0958
69	131	0.974382
69	133	1.04935
69	135	0.961202
69	136	0.96001
69	145	0.97461
69	152	0.981251
69	159	0.974054
69	163	0.999116
69	164	0.980861
69	166	1.01441
69	174	1.01298
69	177	1.00146
69	180	1.03677
70	5	1.10463
70	19	1.0498
70	52	1.03069
70	63	0.889959
70	78	1.07154
70	92	1.03849
70	94	1.03849
70	96	1.00487
70	98	1.08464
70	110	0.963464
70	129	1.05637
70	142	1.03053
70	155	0.960785
70	165	0.931492
70	170	0.948223
70	171	0.982304
70	174	0.939001
70	175	0.957578
70	176	0.928522
71	1	0.987748
71	9	0.855926
71	32	1.02352
71	54	1.02716
71	64	0.994735
71	67	1.15802
71	81	1.09421
71	100	0.979988
71	104	0.954267
71	106	0.917866
71	107	0.914657
71	112	1.09082
71	114	0.959013
71	120	0.950913
71	121	0.92756
71	129	0.949062
71	148	0.975838
71	166	1.10655
71	168	1.13784
72	39	1.06747
72	50	1.15257
72	80	1.06518
72	93	1.09683
72	95	0.994984
72	130	1.16156
72	166	0.953239
72	167	0.961845
72	169	0.939546
72	170	0.948979
72	171	0.941573
72	172	1.05402
72	173	0.982521
72	174	0.946163
72	175	0.937171
72	176	0.960823
72	177	0.962377
72	179	0.933567
72	180	0.932197
73	33	1.21533
73	74	1.03244
73	98	1.04185
73	101	1.04299
73	128	1.05571
73	147	1.11164
73	156	0.964773
73	158	1.09198
73	167	0.963613
73	169	0.941314
73	170	0.950746
73	171	0.943341
73	174	0.94793
73	175	0.938939
73	176	0.962591
73	177	0.964144
73	178	0.953311
73	179	0.935335
73	180	0.933965
74	28	0.937918
74	29	1.06148
74	38	1.00458
74	43	1.02334
74	51	1.09662
74	55	1.09247
74	68	1.10215
74	73	1.03244
74	76	1.04729
74	79	1.01151
74	89	1.02387
74	118	0.922553
74	127	0.968728
74	143	0.966693
74	147	0.998775
74	149	0.932301
74	173	0.894672
74	175	0.944691
74	179	0.947735
75	6	1.07298
75	23	1.02186
75	37	1.0812
75	44	0.941401
75	69	1.027
75	84	1.01108
75	91	1.02476
75	103	1.05727
75	117	0.973538
75	118	0.921119
75	131	1.04743
75	133	0.961056
75	145	1.04765
75	146	0.994515
75	149	0.930867
75	150	1.06738
75	171	0.967982
75	177	0.913166
75	179	0.946301
76	4	1.06911
76	28	0.932832
76	29	1.0564
76	38	0.999499
76	41	0.992354
76	51	1.09153
76	55	1.08738
76	68	1.09706
76	74	1.04729
76	79	1.00642
76	89	1.01879
76	122	0.998474
76	143	0.972352
76	147	0.993689
76	161	0.940791
76	173	0.900331
76	174	0.931772
76	177	0.920259
76	179	0.953394
77	39	0.989292
77	104	1.00184
77	115	1.04716
77	134	0.996692
77	140	0.959599
77	152	0.985791
77	159	1.00375
77	164	1.00696
77	165	1.01662
77	166	1.00562
77	169	0.991928
77	170	1.00136
77	171	0.993955
77	174	0.998545
77	175	0.989554
77	176	1.01321
77	177	1.01476
77	178	1.00393
77	179	0.98595
77	180	0.984579
78	19	1.00952
78	27	1.06771
78	52	0.99041
78	63	0.849683
78	70	1.07154
78	81	0.98212
78	85	0.999405
78	92	0.998211
78	94	0.998211
78	96	0.964594
78	98	1.04437
78	129	1.01609
78	142	0.990257
78	150	0.986275
78	151	1.02795
78	154	1.01791
78	171	1.03633
78	174	0.993024
78	177	0.981511
78	178	0.986055
79	4	1.03332
79	28	0.897048
79	29	1.02061
79	32	1.02697
79	38	0.963715
79	43	0.98247
79	51	1.05575
79	68	1.06128
79	74	1.01151
79	76	1.00642
79	89	0.983002
79	99	1.09646
79	147	0.957905
79	151	1.00459
79	153	0.993241
79	160	1.00282
79	168	1.00238
79	169	0.994949
79	170	0.978881
79	173	0.938218
80	72	1.06518
80	83	1.04602
80	85	0.978886
80	91	0.96985
80	103	1.00236
80	108	1.04105
80	127	1.01643
80	135	0.979341
80	145	0.992748
80	150	1.01248
80	154	0.998703
80	158	0.989987
80	162	0.981226
80	164	0.999
80	168	0.972114
80	169	0.999103
80	170	0.983035
80	172	1.01616
80	174	0.973814
80	175	0.992391
81	1	0.937145
81	47	1.06862
81	71	1.09421
81	78	0.98212
81	111	0.977765
81	115	0.98369
81	124	1.03992
81	129	0.976851
81	138	0.963937
81	145	0.996143
81	147	0.994416
81	152	1.00278
81	164	1.00239
81	166	1.0033
81	168	0.975509
81	170	0.99904
81	171	0.991635
81	176	1.01089
81	177	1.01244
81	180	0.982259
82	16	1.09663
82	50	1.1089
82	59	1.01238
82	100	0.987494
82	103	1.03414
82	106	1.07775
82	109	1.0658
82	161	0.975649
82	165	0.984239
82	166	0.973246
82	167	0.981851
82	169	0.959552
82	171	0.961579
82	172	1.01035
82	174	0.966169
82	175	0.957177
82	176	0.980829
82	177	0.982383
82	178	0.971549
82	179	0.953573
82	180	0.952203
83	41	0.977729
83	69	1.02788
83	80	1.04602
83	95	1.10868
83	110	0.941611
83	112	0.902853
83	115	1.03609
83	122	0.98385
83	131	1.04831
83	135	1.03513
83	136	1.03394
83	145	1.04854
83	151	0.952077
83	152	1.05518
83	157	1.05965
83	158	1.04578
83	164	1.05479
83	166	0.918583
83	173	0.885707
83	178	0.910178
83	179	0.938769
84	6	0.984021
84	43	1.06855
84	57	0.985438
84	66	0.931894
84	75	1.01108
84	91	0.935795
84	97	0.990647
84	103	0.968306
84	115	0.94624
84	124	1.00247
84	131	0.958466
84	145	0.958694
84	152	0.965335
84	153	1.0752
84	164	0.964945
84	165	1.04411
84	172	0.982108
84	174	1.05162
84	175	1.07019
84	177	1.0401
84	179	1.07324
85	21	1.05372
85	52	0.958549
85	62	1.01617
85	63	0.817822
85	78	0.999405
85	80	0.978886
85	92	0.96635
85	94	0.96635
85	98	1.0125
85	103	0.991018
85	127	1.08414
85	129	0.984233
85	131	0.981178
85	134	1.09322
85	135	0.967999
85	152	0.988047
85	164	0.987658
85	166	1.04296
85	170	1.05075
85	177	1.03001
85	178	1.03455
86	23	1.0098
86	104	0.960944
86	107	1.00279
86	120	0.964402
86	121	0.996995
86	134	1.01103
86	137	1.04413
86	140	1.05093
86	144	1.01001
86	145	0.981314
86	146	1.01004
86	157	0.948573
86	158	0.957956
86	164	0.966066
86	165	1.02332
86	169	0.998633
86	172	1.02858
86	174	1.00525
86	175	0.996258
86	176	1.01991
86	178	1.01063
86	180	0.991284
87	25	1.08732
87	34	0.975515
87	109	1.02602
87	116	0.849128
87	123	1.02403
87	125	1.09226
87	126	1.06003
87	128	1.06471
87	130	0.996987
87	138	1.05413
87	139	1.0827
87	141	0.946617
87	149	0.943103
87	159	1.04965
87	160	0.970073
87	162	0.944327
87	163	0.923056
87	171	0.980218
87	173	1.08664
87	176	0.926436
87	178	0.929946
88	12	1.02751
88	36	1.04794
88	60	0.922493
88	101	1.02847
88	102	1.00605
88	105	0.987171
88	111	1.02371
88	119	1.00472
88	122	1.02946
88	123	1.05653
88	124	0.946615
88	134	1.00843
88	137	1.04153
88	140	1.04833
88	144	1.0074
88	146	1.00743
88	172	1.02598
88	173	0.931314
88	174	0.962756
88	177	0.951242
88	178	0.955786
88	180	0.986551
89	4	1.04569
89	28	0.909415
89	29	1.03298
89	32	1.03934
89	38	0.976081
89	43	0.994836
89	51	1.06812
89	55	1.06397
89	68	1.07365
89	74	1.02387
89	76	1.01879
89	79	0.983002
89	147	0.970272
89	163	0.959325
89	165	0.965676
89	166	0.97462
89	169	0.998475
89	171	1.01649
89	174	0.973185
89	177	0.961672
89	178	0.966216
89	180	0.996981
90	3	1.03211
90	9	0.891097
90	45	0.988006
90	56	1.05449
90	57	0.955257
90	96	1.10426
90	100	1.01516
90	104	0.989438
90	106	0.953037
90	107	0.949828
90	114	0.994184
90	120	0.986084
90	121	0.962731
90	129	0.984233
90	148	1.01101
90	154	1.04633
90	156	0.958328
90	160	1.05459
90	163	0.988595
90	173	0.989995
90	178	1.01447
90	179	1.04306
90	180	1.04523
91	49	1.04817
91	55	0.940967
91	69	0.951711
91	75	1.02476
91	80	0.96985
91	84	0.935795
91	97	1.00432
91	105	1.04947
91	108	1.02067
91	124	1.01615
91	143	0.973318
91	153	1.04864
91	157	0.983482
91	158	0.969609
91	159	0.971815
91	161	1.03407
91	162	1.03247
91	163	1.01119
91	164	0.978621
91	167	1.02278
91	168	0.951736
91	174	1.02505
91	179	1.04668
92	5	1.0313
92	19	0.976468
92	22	1.13229
92	27	1.03465
92	52	0.957356
92	63	0.816629
92	64	0.911858
92	70	1.03849
92	78	0.998211
92	85	0.96635
92	94	0.965157
92	96	0.93154
92	98	1.01131
92	129	0.98304
92	142	0.957202
92	151	1.05717
92	160	1.05539
92	163	1.00838
92	167	1.01997
92	169	1.04753
92	172	1.05309
92	176	1.01176
92	179	1.04386
93	1	1.02028
93	9	0.888459
93	11	0.87268
93	32	0.923864
93	45	0.985368
93	48	1.05827
93	54	1.0597
93	56	1.05185
93	72	1.09683
93	104	0.986799
93	107	0.94719
93	114	0.991546
93	120	0.983445
93	121	0.960092
93	148	1.00837
93	153	1.02904
93	155	1.02724
93	160	1.03862
93	163	0.985957
93	168	1.03819
93	169	1.03075
93	178	0.99849
93	179	1.02708
94	5	1.0313
94	19	0.976468
94	22	1.13229
94	27	1.03465
94	52	0.957356
94	63	0.816629
94	70	1.03849
94	78	0.998211
94	85	0.96635
94	92	0.965157
94	96	0.93154
94	98	1.01131
94	129	0.98304
94	133	1.03919
94	142	0.957202
94	143	1.04339
94	154	1.0277
94	157	1.04729
94	163	0.988954
94	168	1.03554
94	170	1.01204
94	177	0.991301
94	179	1.02444
95	2	1.07512
95	10	1.07621
95	53	0.84337
95	66	1.0286
95	72	0.994984
95	83	1.10868
95	97	1.08736
95	113	1.06929
95	118	0.900053
95	135	1.042
95	136	1.0408
95	143	1.05635
95	153	0.927196
95	154	0.928503
95	157	1.06652
95	158	1.05264
95	160	0.936771
95	164	1.06166
95	168	1.03477
95	169	0.928903
95	170	0.912836
95	171	0.946916
95	177	0.8921
96	4	1.00168
96	22	1.09868
96	59	1.04749
96	65	1.11072
96	69	1.0958
96	70	1.00487
96	78	0.964594
96	90	1.10426
96	92	0.93154
96	94	0.93154
96	98	0.977694
96	120	1.07492
96	139	1.00982
96	142	0.923585
96	159	1.07338
96	164	1.07659
96	169	0.94006
96	174	0.946677
96	175	0.937685
96	176	0.961337
96	177	0.962891
96	178	0.952057
96	179	0.934081
96	180	0.932711
97	50	0.994968
97	53	0.902047
97	66	1.00042
97	84	0.990647
97	91	1.00432
97	95	1.08736
97	108	1.07552
97	113	1.0411
97	115	1.01477
97	118	0.95873
97	135	1.01381
97	137	0.961276
97	141	0.971992
97	150	1.04695
97	151	0.99722
97	152	1.03386
97	157	1.03833
97	158	1.02446
97	163	0.948431
97	164	1.03347
97	165	0.954781
97	166	0.963725
97	170	0.971512
97	175	0.980867
98	5	1.07746
98	7	1.00728
98	19	1.02262
98	22	1.17845
98	27	1.0808
98	52	1.00351
98	63	0.862783
98	70	1.08464
98	73	1.04185
98	78	1.04437
98	85	1.0125
98	92	1.01131
98	94	1.01131
98	96	0.977694
98	101	0.9404
98	129	1.02919
98	142	1.00336
98	149	0.941716
98	150	0.92878
98	151	0.970458
98	161	0.944548
98	162	0.942941
98	167	0.933259
98	179	0.95715
99	5	1.06153
99	10	1.06251
99	54	1.00081
99	79	1.09646
99	120	1.1189
99	124	1.04246
99	125	1.06813
99	139	1.0538
99	156	0.971573
99	160	0.945019
99	161	0.964211
99	165	0.972801
99	167	0.970414
99	169	0.948114
99	170	0.957547
99	171	0.950142
99	172	1.08945
99	173	0.991089
99	175	0.94574
99	176	0.969392
99	177	0.970945
99	178	0.960111
99	179	0.942136
99	180	0.940765
100	9	0.938712
100	48	1.10852
100	54	1.10995
100	71	0.979988
100	82	0.987494
100	90	1.01516
100	104	1.03705
100	106	1.00065
100	107	0.997443
100	114	1.0418
100	120	1.0337
100	121	1.01035
100	122	1.00649
100	129	1.03185
100	148	1.05862
100	154	0.96468
100	163	1.03621
100	168	0.972516
100	170	0.949012
100	171	0.983093
100	172	0.970641
100	173	0.908349
100	174	0.93979
100	177	0.928277
101	8	1.03618
101	46	1.00189
101	73	1.04299
101	88	1.02847
101	98	0.9404
101	102	1.02465
101	111	1.04231
101	112	0.922375
101	119	1.02333
101	122	1.00337
101	133	0.973046
101	134	1.02704
101	137	1.06014
101	140	1.06693
101	144	1.02601
101	146	1.02604
101	147	0.996128
101	151	0.996281
101	160	0.969827
101	162	0.944082
101	172	1.04459
101	177	0.925157
101	178	0.9297
101	180	0.960465
102	20	0.959464
102	40	0.995278
102	55	0.92027
102	60	0.918672
102	65	0.985056
102	88	1.00605
102	101	1.02465
102	111	1.01989
102	112	0.990063
102	119	1.0009
102	134	1.00461
102	137	1.03771
102	140	1.04451
102	144	1.00358
102	146	1.00361
102	151	0.973854
102	161	1.01338
102	162	1.01177
102	163	0.990498
102	166	1.00579
102	168	1.03708
102	170	1.01358
102	172	1.02216
102	174	1.00436
102	179	1.02598
103	14	0.985016
103	27	0.918704
103	44	0.898627
103	59	1.0304
103	61	1.01852
103	75	1.05727
103	80	1.00236
103	82	1.03414
103	84	0.968306
103	85	0.991018
103	115	0.992427
103	140	1.00105
103	145	1.00488
103	147	1.05996
103	148	0.964866
103	152	1.01152
103	155	1.00822
103	157	1.01599
103	164	1.01113
103	168	0.984246
103	170	0.995661
103	172	1.02829
103	175	1.00502
103	179	1.00806
103	180	1.01023
104	3	1.05401
104	11	0.897211
104	53	0.928399
104	56	1.07638
104	71	0.954267
104	77	1.00184
104	86	0.960944
104	90	0.989438
104	93	0.986799
104	100	1.03705
104	105	1.01306
104	106	0.97493
104	107	0.971721
104	114	1.01608
104	117	1.0375
104	120	1.00798
104	121	0.984624
104	127	1.03126
104	129	1.00613
104	148	1.0329
104	149	0.99483
104	154	1.01353
104	159	1.0474
104	163	1.01049
104	176	0.978163
105	88	0.987171
105	91	1.04947
105	104	1.01306
105	108	0.964866
105	124	0.940073
105	134	1.00791
105	144	1.01514
105	147	1.02974
105	152	0.997013
105	161	1.0047
105	162	0.995045
105	165	1.01329
105	167	1.0109
105	169	0.988601
105	170	0.998034
105	171	0.990628
105	172	0.987065
105	173	1.03158
105	174	0.995218
105	175	0.986227
105	176	1.00988
105	177	1.01143
105	178	1.0006
105	179	0.982622
105	180	0.981252
106	1	1.00841
106	3	1.01761
106	11	0.86081
106	45	0.973498
106	54	1.04783
106	56	1.03998
106	57	0.963871
106	71	0.917866
106	82	1.07775
106	90	0.953037
106	100	1.00065
106	104	0.97493
106	107	0.935321
106	114	0.979677
106	120	0.971576
106	121	0.948223
106	127	1.07266
106	148	0.996501
106	153	1.05363
106	160	1.06321
106	163	0.974088
106	165	1.02254
106	169	1.05534
106	174	1.03005
106	177	1.01854
106	180	1.05385
107	1	1.0052
107	18	1.10106
107	27	0.962757
107	45	0.97029
107	48	1.04319
107	54	1.04462
107	62	1.00514
107	71	0.914657
107	86	1.00279
107	90	0.949828
107	93	0.94719
107	100	0.997443
107	104	0.971721
107	106	0.935321
107	114	0.976468
107	120	0.968368
107	121	0.945015
107	122	1.09719
107	129	0.966517
107	148	0.993293
107	160	1.06365
107	163	0.970879
107	168	1.06322
107	171	1.07379
107	176	1.02001
107	177	1.01898
108	6	1.0689
108	37	1.07712
108	44	0.937316
108	50	1.01132
108	80	1.04105
108	91	1.02067
108	97	1.07552
108	105	0.964866
108	118	0.93689
108	131	1.04334
108	148	0.918877
108	150	1.0633
108	151	0.97538
108	152	1.05021
108	157	1.05468
108	158	1.04081
108	159	1.04301
108	164	1.04982
108	165	0.932941
108	168	1.02294
108	169	0.96574
108	171	0.983753
108	173	0.909009
108	177	0.928937
108	178	0.933481
108	180	0.964246
109	24	0.948172
109	26	1.02791
109	30	0.905188
109	42	0.969008
109	47	0.932306
109	58	0.992306
109	82	1.0658
109	87	1.02602
109	123	0.944913
109	125	1.01314
109	126	0.98091
109	127	1.06071
109	128	0.985595
109	130	0.917868
109	138	0.975011
109	139	1.00358
109	143	1.05867
109	159	0.970531
109	160	1.05125
109	161	1.02711
109	163	1.00423
109	166	1.01953
109	170	1.02731
109	171	1.06139
109	173	1.00753
109	175	1.03667
110	2	0.981136
110	18	1.02682
110	61	1.01854
110	68	0.893595
110	70	0.963464
110	83	0.941611
110	115	1.05843
110	117	1.00181
110	128	0.973844
110	137	0.955247
110	140	0.970868
110	155	1.00479
110	158	1.01012
110	161	1.02025
110	165	1.02884
110	166	1.01785
110	167	1.02645
110	169	1.00415
110	170	1.01359
110	171	1.00618
110	174	1.01077
110	175	1.00178
110	176	1.02543
110	177	1.02698
110	178	1.01615
110	179	0.998175
110	180	0.996805
111	6	0.984595
111	8	1.03141
111	12	1.04135
111	31	0.939661
111	32	0.907074
111	46	0.997126
111	60	0.936332
111	81	0.977765
111	88	1.02371
111	101	1.04231
111	102	1.01989
111	117	1.03753
111	119	1.01856
111	132	1.00345
111	134	1.02227
111	140	1.06217
111	144	1.02124
111	146	1.02127
111	147	0.991361
111	151	0.991514
111	155	1.01045
111	162	0.996081
111	172	1.03982
111	173	0.957228
111	176	0.97819
111	177	0.977156
111	178	0.9817
112	42	0.973276
112	71	1.09082
112	83	0.902853
112	101	0.922375
112	102	0.990063
112	115	1.01967
112	118	1.03525
112	123	1.01128
112	138	0.960547
112	146	0.987339
112	152	0.958303
112	154	1.00458
112	159	0.976262
112	161	1.01918
112	162	1.00953
112	166	1.01678
112	167	1.02538
112	169	1.00308
112	170	1.01252
112	171	1.00511
112	174	1.0097
112	175	1.00071
112	176	1.02436
112	177	1.02591
112	178	1.01508
112	179	0.997104
112	180	0.995734
113	24	1.06562
113	39	1.02158
113	50	0.976898
113	62	0.938743
113	95	1.06929
113	97	1.0411
113	115	0.996698
113	122	1.0308
113	124	1.05293
113	135	0.995744
113	136	0.994552
113	141	0.973802
113	142	0.986141
113	143	1.0101
113	152	1.01579
113	154	0.98899
113	157	1.02026
113	158	1.00639
113	159	1.0086
113	164	1.0154
113	165	0.95659
113	167	0.96183
113	168	0.988517
113	169	0.98939
113	174	0.9641
113	178	0.95713
113	179	0.985722
114	9	0.917737
114	21	0.998935
114	48	1.08755
114	53	0.926492
114	54	1.08897
114	56	1.08113
114	71	0.959013
114	90	0.994184
114	93	0.991546
114	100	1.0418
114	104	1.01608
114	106	0.979677
114	107	0.976468
114	116	0.898948
114	117	1.03559
114	120	1.01272
114	121	0.989371
114	129	1.01087
114	143	1.02731
114	148	1.03765
114	149	0.992922
114	153	1.01032
114	156	0.923627
114	163	1.01523
114	178	0.979765
114	179	1.00836
114	180	1.01053
115	17	0.824353
115	27	0.966229
115	61	0.996455
115	66	0.956015
115	77	1.04716
115	81	0.98369
115	83	1.03609
115	84	0.94624
115	97	1.01477
115	103	0.992427
115	110	1.05843
115	112	1.01967
115	113	0.996698
115	124	1.02659
115	125	1.04349
115	131	0.982587
115	136	0.968215
115	138	1.07701
115	142	0.959804
115	145	0.982815
115	155	1.05575
115	158	0.980054
115	159	0.98226
115	164	0.989066
115	165	1.02645
115	172	1.00623
115	178	1.02699
115	180	1.05776
116	19	0.974179
116	31	1.06749
116	33	1.02122
116	46	0.951505
116	48	0.824941
116	59	0.876887
116	60	1.06769
116	61	0.906286
116	87	0.849128
116	114	0.898948
116	149	1.0475
116	152	0.88481
116	156	1.06353
116	161	1.05617
116	162	1.04651
116	165	1.06476
116	167	1.06237
116	169	1.04007
116	170	1.0495
116	171	1.0421
116	172	0.874862
116	174	1.04669
116	175	1.03769
116	176	1.06135
116	177	1.0629
116	178	1.05207
116	179	1.03409
116	180	1.03272
117	49	0.959801
117	75	0.973538
117	104	1.0375
117	110	1.00181
117	111	1.03753
117	114	1.03559
117	121	1.07355
117	129	1.03661
117	137	0.979643
117	138	1.0237
117	140	0.995264
117	141	1.00735
117	154	0.981349
117	159	1.03941
117	160	0.976753
117	161	0.995945
117	162	0.986293
117	166	0.993542
117	169	0.979849
117	170	0.989281
117	171	0.981876
117	174	0.986465
117	175	0.977474
117	176	1.00113
117	177	1.00268
117	178	0.991846
117	179	0.97387
117	180	0.9725
118	61	0.990513
118	74	0.922553
118	75	0.921119
118	95	0.900053
118	97	0.95873
118	108	0.93689
118	112	1.03525
118	120	0.988541
118	123	1.02201
118	126	0.995026
118	144	0.987166
118	156	1.03782
118	158	0.982095
118	159	0.986996
118	160	1.01126
118	162	1.0208
118	163	1.02808
118	166	1.02805
118	167	1.03666
118	169	1.01436
118	170	1.02379
118	171	1.01639
118	174	1.02098
118	175	1.01198
118	176	1.03564
118	177	1.03719
118	178	1.02636
118	179	1.00838
118	180	1.00701
119	8	1.01243
119	12	1.02236
119	31	0.920676
119	36	1.04279
119	60	0.917347
119	65	0.983732
119	67	1.0416
119	88	1.00472
119	101	1.02333
119	102	1.0009
119	111	1.01856
119	132	1.00348
119	134	1.00329
119	137	1.03639
119	140	1.04318
119	144	1.00226
119	146	1.00229
119	147	0.972376
119	150	0.98195
119	151	0.97253
119	155	1.01048
119	165	0.981189
119	167	0.986429
119	168	1.02142
119	169	1.01399
119	170	0.99792
119	172	1.02084
119	173	0.957257
119	175	1.00728
119	180	1.01249
120	3	1.05065
120	9	0.909637
120	11	0.893857
120	32	0.910506
120	45	1.00655
120	48	1.07945
120	54	1.08087
120	56	1.07303
120	71	0.950913
120	86	0.964402
120	90	0.986084
120	93	0.983445
120	96	1.07492
120	99	1.1189
120	100	1.0337
120	104	1.00798
120	106	0.971576
120	107	0.968368
120	114	1.01272
120	118	0.988541
120	121	0.98127
120	129	1.00277
120	155	1.01388
120	156	0.928993
120	163	1.00713
120	168	1.02483
120	169	1.01739
120	172	1.02295
120	173	0.96066
120	176	0.981622
121	1	1.01811
121	9	0.886284
121	11	0.870504
121	45	0.983192
121	48	1.05609
121	54	1.05752
121	56	1.04967
121	71	0.92756
121	86	0.996995
121	90	0.962731
121	93	0.960092
121	100	1.01035
121	104	0.984624
121	106	0.948223
121	107	0.945015
121	114	0.989371
121	117	1.07355
121	120	0.98127
121	129	0.97942
121	148	1.0062
121	155	1.04648
121	161	1.03371
121	163	0.983781
121	167	1.02242
121	168	1.05742
121	171	1.068
121	173	0.993253
121	176	1.01421
121	177	1.01318
121	179	1.04632
121	180	1.04849
122	76	0.998474
122	83	0.98385
122	88	1.02946
122	100	1.00649
122	101	1.00337
122	107	1.09719
122	113	1.0308
122	124	0.982359
122	129	1.05446
122	135	1.09708
122	138	1.04154
122	146	1.06834
122	149	0.976341
122	155	0.969539
122	156	0.992364
122	160	0.965809
122	161	0.985001
122	162	0.975349
122	165	0.993591
122	166	0.982598
122	169	0.968905
122	170	0.978338
122	171	0.970932
122	173	1.01188
122	174	0.975522
122	175	0.96653
122	176	0.990182
122	177	0.991736
122	178	0.980902
122	179	0.962926
122	180	0.961556
123	13	0.99525
123	15	1.08557
123	24	0.94618
123	26	1.02592
123	30	0.903196
123	34	0.894405
123	35	1.02167
123	47	0.930314
123	58	0.990314
123	87	1.02403
123	88	1.05653
123	109	0.944913
123	112	1.01128
123	118	1.02201
123	125	1.01115
123	126	0.978918
123	128	0.983603
123	130	0.915876
123	138	0.973019
123	139	1.00159
123	149	1.03176
123	155	1.04736
123	156	0.962465
123	159	0.968539
123	169	1.05086
123	170	1.0348
123	171	1.06888
123	172	1.05642
123	173	1.00553
123	178	1.0186
123	180	1.04937
124	18	1.01918
124	61	1.05269
124	66	1.01225
124	81	1.03992
124	84	1.00247
124	88	0.946615
124	91	1.01615
124	99	1.04246
124	105	0.940073
124	113	1.05293
124	115	1.02659
124	122	0.982359
124	127	0.958272
124	131	1.03882
124	135	1.02564
124	142	1.01603
124	145	1.03905
124	147	0.989179
124	151	0.950587
124	152	1.04569
124	157	1.05016
124	158	1.03628
124	162	0.92307
124	164	1.0453
124	168	1.01841
124	169	0.940947
124	170	0.924879
124	171	0.95896
124	172	1.06246
124	174	0.915658
124	179	0.937279
125	13	1.06348
125	24	1.01441
125	25	1.07444
125	30	0.971427
125	34	0.962637
125	42	1.03525
125	47	0.998546
125	55	0.85724
125	58	1.05855
125	59	0.974202
125	64	0.830948
125	87	1.09226
125	99	1.06813
125	109	1.01314
125	115	1.04349
125	123	1.01115
125	126	1.04715
125	128	1.05184
125	130	0.984108
125	133	0.977703
125	138	1.04125
125	139	1.06982
125	143	0.981906
125	148	0.919753
125	159	1.03677
125	161	0.950345
125	165	0.933817
125	168	0.974052
125	173	1.07377
125	178	0.934357
125	180	0.965122
126	15	1.12157
126	17	0.788975
126	24	0.982178
126	25	1.0422
126	30	0.939193
126	32	0.916991
126	34	0.930402
126	35	1.05767
126	42	1.00301
126	47	0.966312
126	58	1.02631
126	67	1.05149
126	87	1.06003
126	109	0.98091
126	118	0.995026
126	123	0.978918
126	125	1.04715
126	128	1.0196
126	130	0.951874
126	138	1.00902
126	139	1.03759
126	141	1.00829
126	159	1.00454
126	160	1.03174
126	162	1.006
126	170	1.00781
126	173	1.04153
126	175	1.01716
126	176	0.988107
126	177	0.987073
126	178	0.991617
126	180	1.02238
127	13	0.990013
127	68	0.911747
127	74	0.968728
127	80	1.01643
127	85	1.08414
127	104	1.03126
127	106	1.07266
127	109	1.06071
127	124	0.958272
127	133	0.990847
127	147	1.04793
127	149	0.988349
127	152	1.01521
127	153	0.983228
127	156	1.00437
127	159	1.03317
127	160	0.977817
127	161	0.997009
127	162	0.987356
127	165	1.0056
127	166	0.994606
127	167	1.00321
127	169	0.980913
127	170	0.990345
127	171	0.98294
127	172	1.00526
127	174	0.987529
127	175	0.978538
127	176	1.00219
127	177	1.00374
127	178	0.99291
127	179	0.974934
127	180	0.973563
128	13	1.03593
128	15	1.12625
128	25	1.04689
128	26	1.0666
128	30	0.943878
128	34	0.935087
128	35	1.06235
128	42	1.0077
128	47	0.970996
128	58	1.031
128	73	1.05571
128	87	1.06471
128	109	0.985595
128	110	0.973844
128	123	0.983603
128	125	1.05184
128	126	1.0196
128	130	0.956558
128	132	0.964158
128	133	0.985757
128	138	1.0137
128	139	1.04227
128	151	0.98431
128	153	0.972963
128	159	1.00922
128	161	0.9584
128	163	0.935521
128	166	0.950816
128	167	0.947111
128	168	0.982107
128	169	0.974671
128	171	0.992683
128	173	1.04622
128	176	0.938901
129	5	1.04918
129	22	1.15018
129	52	0.975238
129	63	0.834512
129	70	1.05637
129	71	0.949062
129	78	1.01609
129	81	0.976851
129	85	0.984233
129	90	0.984233
129	92	0.98304
129	94	0.98304
129	98	1.02919
129	100	1.03185
129	104	1.00613
129	107	0.966517
129	114	1.01087
129	117	1.03661
129	120	1.00277
129	121	0.97942
129	122	1.05446
129	132	1.00253
129	137	0.986741
129	142	0.975085
129	148	1.0277
129	162	0.995167
129	163	1.00528
129	165	0.980245
129	168	1.02048
129	171	1.03106
129	173	0.956314
129	175	1.00633
129	177	0.976241
129	178	0.980785
129	179	1.00938
130	7	0.967674
130	13	0.968205
130	15	1.05852
130	24	0.919136
130	25	0.979161
130	26	0.998877
130	30	0.876151
130	34	0.86736
130	35	0.994626
130	42	0.939971
130	47	0.90327
130	58	0.96327
130	64	0.959812
130	72	1.16156
130	87	0.996987
130	109	0.917868
130	123	0.915876
130	125	0.984108
130	126	0.951874
130	128	0.956558
130	138	0.945975
130	139	0.974546
130	141	1.07989
130	148	1.04862
130	154	1.09508
130	159	0.941495
130	162	1.0776
130	171	1.11349
130	172	1.10104
130	173	0.978489
130	174	1.07019
130	175	1.08877
130	176	1.05971
130	178	1.06322
130	180	1.09399
131	18	0.975177
131	36	0.963024
131	59	1.02056
131	62	0.970026
131	69	0.974382
131	75	1.04743
131	83	1.04831
131	84	0.958466
131	85	0.981178
131	108	1.04334
131	115	0.982587
131	124	1.03882
131	135	0.981633
131	138	1.03843
131	142	0.97203
131	143	0.995988
131	145	0.99504
131	150	1.01477
131	152	1.00168
131	153	1.01897
131	154	1.02027
131	157	1.00615
131	158	0.992279
131	159	0.994485
131	161	1.0044
131	162	1.0028
131	164	1.00129
131	167	0.993114
131	168	0.974406
131	170	1.00461
131	174	0.995384
131	175	1.01396
131	177	0.98387
131	178	0.988414
131	179	1.01701
132	9	1.19605
132	15	0.861161
132	24	1.0481
132	54	0.888788
132	111	1.00345
132	119	1.00348
132	128	0.964158
132	129	1.00253
132	135	1.04515
132	139	0.941776
132	142	1.05047
132	152	0.987374
132	153	0.994129
132	154	0.993313
132	155	0.992447
132	157	0.99105
132	160	0.988717
132	161	1.00791
132	162	0.998257
132	164	1.00854
132	165	1.0165
132	166	1.00551
132	167	1.01411
132	168	0.977714
132	169	0.991813
132	170	1.00125
132	171	0.99384
132	173	1.03479
132	174	0.99843
132	175	0.989438
132	176	1.01309
132	177	1.01464
132	178	1.00381
132	179	0.985834
132	180	0.984464
133	25	0.947618
133	54	0.910387
