1	98	0.786232
1	109	0.820333
1	112	0.803628
1	120	0.801092
1	125	0.787118
1	136	0.791633
1	145	0.794023
1	146	0.794195
1	148	0.814472
1	151	2.27026
1	162	2.49216
1	163	1.68704
2	102	2.66253
2	152	0.777264
2	156	1.30717
2	159	0.752859
2	168	0.737887
2	170	0.726668
2	171	0.715558
2	173	0.736026
2	174	0.67255
2	176	0.704362
2	177	0.692718
2	178	0.705601
3	13	0.713689
3	14	4.8
3	32	0.704754
3	46	0.766044
3	49	0.650811
3	51	0.746236
3	61	0.79971
3	115	0.740264
3	144	0.724616
3	164	0.681654
3	173	1.44994
3	180	0.699044
4	13	0.71253
4	32	0.703595
4	46	0.764885
4	51	0.745077
4	61	0.798551
4	105	0.661474
4	115	0.739105
4	144	0.723457
4	152	2.93673
4	164	0.680495
4	170	2.84944
4	180	0.697885
5	6	0.567435
5	40	0.596901
5	131	0.630727
5	138	0.609878
5	145	0.616241
5	146	0.616413
5	148	0.636689
5	156	0.624451
5	158	0.619882
5	174	0.540002
5	176	0.571814
5	177	0.56017
6	5	0.567435
6	135	0.708151
6	138	0.684502
6	152	0.71934
6	169	0.658107
6	170	0.668744
6	171	0.657633
6	175	0.625697
6	176	0.646438
6	177	0.634793
6	178	0.647677
6	179	4.34266
7	38	0.744559
7	80	0.698959
7	99	0.712936
7	113	0.736192
7	118	0.726478
7	123	0.714878
7	137	0.745951
7	140	0.704572
7	167	2.34177
7	176	3.43813
7	179	0.735993
7	180	0.685274
8	60	0.717717
8	108	0.714974
8	122	0.730975
8	123	0.724222
8	128	0.714145
8	137	0.755295
8	141	0.694685
8	151	0.697358
8	160	2.34414
8	177	3.48769
8	179	0.745336
8	180	0.694618
9	21	0.840735
9	37	0.80115
9	72	0.825983
9	76	0.812924
9	121	0.789169
9	133	0.794507
9	149	1.85761
9	150	1.92557
9	155	0.747332
9	169	2.5408
9	172	0.795236
9	179	0.805881
10	17	0.703384
10	91	0.692
10	108	0.713941
10	113	0.744503
10	122	0.729943
10	123	0.72319
10	137	0.754262
10	140	0.712883
10	153	3.44726
10	166	2.3965
10	179	0.744304
10	180	0.693585
11	104	1.11544
11	132	1.2614
11	161	0.838844
11	162	0.801506
11	168	0.83183
11	170	0.820612
11	172	0.854698
11	174	0.766493
11	175	0.777565
11	176	0.798306
11	177	0.786661
11	178	0.799545
12	50	0.800752
12	72	0.830471
12	76	0.817412
12	78	0.811956
12	121	0.793657
12	133	0.798995
12	152	1.72183
12	161	2.01693
12	164	0.74226
12	172	0.799724
12	179	0.810369
12	180	2.62242
13	3	0.713689
13	4	0.71253
13	32	0.698578
13	46	0.759868
13	51	0.74006
13	61	0.793534
13	84	3.31677
13	92	2.55017
13	101	0.720097
13	144	0.718441
13	164	0.675479
13	180	0.692868
14	3	4.8
14	49	0.618249
14	153	0.644969
14	160	0.679771
14	163	0.688313
14	168	0.686303
14	173	0.684442
14	174	0.620966
14	175	0.632038
14	176	0.652778
14	177	0.641134
14	178	0.654018
15	39	0.728915
15	82	0.727732
15	104	0.739281
15	114	0.723072
15	131	0.718358
15	142	0.706973
15	156	0.712081
15	157	2.70206
15	158	0.707513
15	170	3.0558
15	172	0.713222
15	179	0.723867
16	41	4.12557
16	71	0.645659
16	135	0.70127
16	150	0.698906
16	154	0.670116
16	166	0.658505
16	171	0.650752
16	173	0.67122
16	174	0.607744
16	175	0.618816
16	178	0.640796
16	180	0.65326
17	10	0.703384
17	84	0.708924
17	91	0.686438
17	107	0.759431
17	118	0.729227
17	123	0.717628
17	124	2.64881
17	128	0.70755
17	137	0.7487
17	164	3.23095
17	179	0.738742
17	180	0.688023
18	102	2.59803
18	150	0.758783
18	152	0.772336
18	160	0.726426
18	162	0.702634
18	170	0.72174
18	173	0.731097
18	176	0.699433
18	177	0.687789
18	178	0.700673
18	179	1.45112
18	180	0.713137
19	53	0.714127
19	74	0.746997
19	87	0.734205
19	94	0.718287
19	95	0.727988
19	112	0.71895
19	125	0.70244
19	145	0.709346
19	146	0.709517
19	148	0.729794
19	163	3.08551
19	167	2.69845
20	73	0.691896
20	104	0.745989
20	114	0.72978
20	130	0.73183
20	139	0.695417
20	142	0.71368
20	151	3.58143
20	156	0.718789
20	158	0.71422
20	165	2.25356
20	172	0.71993
20	179	0.730574
21	9	0.840735
21	45	0.814518
21	50	0.804899
21	78	0.816103
21	133	0.803142
21	135	1.71831
21	155	0.755967
21	162	2.75313
21	163	1.94801
21	164	0.746407
21	172	0.803871
21	179	0.814516
22	43	0.897638
22	84	1.0697
22	88	1.23439
22	103	0.884682
22	131	0.912299
22	132	0.903037
22	142	0.900914
22	156	0.906022
22	158	0.901454
22	159	1.09013
22	172	0.907163
22	174	3.52487
23	87	2.03671
23	129	0.774425
23	149	0.740869
23	152	0.75548
23	158	2.10456
23	160	0.709571
23	167	0.739804
23	168	0.716103
23	171	0.693774
23	174	0.650766
23	175	0.661838
23	176	0.682578
23	178	0.683817
24	26	0.68803
24	58	0.70937
24	64	0.692877
24	85	0.740042
24	89	2.91305
24	121	0.721254
24	133	0.726592
24	141	3.46104
24	151	0.689987
24	153	0.665734
24	164	0.669858
24	172	0.727321
24	179	0.737966
25	74	0.810487
25	94	0.781777
25	98	0.765043
25	112	0.78244
25	120	0.779904
25	125	0.765929
25	136	0.770445
25	138	2.3715
25	143	2.16001
25	145	0.772835
25	146	0.773007
25	148	0.793284
25	159	2.37873
26	24	0.68803
26	33	2.15885
26	50	0.720108
26	58	0.701129
26	76	0.736768
26	78	0.731313
26	121	0.713013
26	133	0.718351
26	151	0.681746
26	164	0.661617
26	167	3.62658
26	172	0.71908
26	179	0.729725
27	74	0.734122
27	83	2.91428
27	85	0.718542
27	87	0.721331
27	102	0.691708
27	109	0.72278
27	120	0.70354
27	125	0.689565
27	136	0.69408
27	145	0.696471
27	146	0.696643
27	148	0.716919
27	168	3.41849
28	48	1.43345
28	60	0.778095
28	96	0.792851
28	108	0.775352
28	118	0.796199
28	123	0.7846
28	128	0.774523
28	137	0.815673
28	140	0.774294
28	141	0.755063
28	144	2.08215
28	176	3.23421
28	180	0.754995
29	75	1.90271
29	114	0.907883
29	135	0.834855
29	168	0.806667
29	170	0.795448
29	171	0.784338
29	173	0.804806
29	174	0.74133
29	175	0.752402
29	176	0.773142
29	177	0.761498
29	178	0.774381
29	179	0.923147
30	49	6
30	56	0.946574
30	74	0.735633
30	94	0.706923
30	95	0.716623
30	102	0.693218
30	109	0.724291
30	120	0.70505
30	136	0.695591
30	145	0.697981
30	146	0.698153
30	148	0.718429
30	172	0.707332
31	57	0.692272
31	73	0.68226
31	82	0.724804
31	110	0.723306
31	130	0.722194
31	131	0.715429
31	139	0.685781
31	156	0.709153
31	158	0.704584
31	165	2.68348
31	166	3.47785
31	172	0.710294
31	179	0.720938
32	3	0.704754
32	4	0.703595
32	13	0.698578
32	46	0.750933
32	51	0.731125
32	61	0.784599
32	90	2.27727
32	105	0.647522
32	115	0.725153
32	144	0.709506
32	164	0.666544
32	169	3.93306
32	180	0.683933
33	26	2.15885
33	35	1.53048
33	102	1.32175
33	157	0.811494
33	162	0.758193
33	165	0.810852
33	170	0.777299
33	171	0.766188
33	173	0.786657
33	174	0.723181
33	175	0.734252
33	176	0.754993
33	177	0.743348
33	178	0.756232
34	50	2.13659
34	97	0.74609
34	147	0.716574
34	154	0.716594
34	157	0.742535
34	163	0.721569
34	170	0.708341
34	171	0.69723
34	174	0.654222
34	175	0.665294
34	176	0.686034
34	177	0.67439
34	178	0.687274
34	179	2.45594
35	33	1.53048
35	59	0.753681
35	63	0.749899
35	77	2.37926
35	82	0.786619
35	117	0.770307
35	130	0.784009
35	131	0.777244
35	132	0.767982
35	139	0.747596
35	153	0.710521
35	158	0.766399
35	165	2.64062
35	179	0.782753
36	99	2.18454
36	126	0.71894
36	136	2.29749
36	154	0.720688
36	167	0.747354
36	168	0.723653
36	169	0.701798
36	171	0.701324
36	173	0.721792
36	174	0.658316
36	175	0.669388
36	176	0.690128
36	177	0.678484
36	178	0.691367
37	9	0.80115
37	45	0.774932
37	50	0.765313
37	72	0.795033
37	78	0.776518
37	121	0.758219
37	133	0.763557
37	143	2.17867
37	144	2.09819
37	151	0.726952
37	164	0.706822
37	169	2.86476
37	172	0.764286
37	179	0.774931
38	7	0.744559
38	44	0.782729
38	54	1.69807
38	69	3.42393
38	70	0.755363
38	75	0.750538
38	108	0.757865
38	113	0.788427
38	128	0.757036
38	137	0.798186
38	140	0.756807
38	168	2.06316
38	179	0.788228
38	180	0.737509
39	15	0.728915
39	41	0.782109
39	57	0.756044
39	89	2.20049
39	114	0.783916
39	117	0.772264
39	132	0.769939
39	139	0.749552
39	141	0.734058
39	143	1.9756
39	156	0.772924
39	158	0.768356
39	162	3.143
39	172	0.774065
40	5	0.596901
40	102	0.715568
40	117	0.72788
40	120	0.727399
40	121	2.15941
40	128	2.53988
40	143	0.74176
40	145	0.720331
40	148	0.740779
40	156	0.72854
40	158	0.723972
40	174	0.644092
40	177	0.66426
40	178	0.677143
41	16	4.12557
41	39	0.782109
41	63	0.744206
41	73	0.738382
41	104	0.792475
41	117	0.764614
41	132	0.762289
41	142	0.760166
41	144	0.751914
41	152	1.00215
41	156	0.765275
41	158	0.760706
41	172	0.766416
41	177	2.05109
42	69	0.653439
42	105	0.607724
42	133	5.11483
42	152	0.703334
42	160	0.657424
42	162	0.633632
42	163	0.665966
42	167	0.687658
42	170	0.652738
42	173	0.662095
42	174	0.598619
42	175	0.609691
42	176	0.630431
42	178	0.631671
43	22	0.897638
43	99	0.736434
43	104	0.774905
43	110	0.761859
43	126	1.82802
43	130	0.760746
43	131	0.753982
43	132	0.744719
43	139	0.724333
43	142	0.742597
43	156	0.747705
43	158	0.743137
43	173	1.69187
43	174	3.71257
44	38	0.782729
44	93	1.61879
44	96	0.761299
44	107	0.794852
44	113	0.774362
44	118	0.764648
44	123	0.753048
44	128	0.742971
44	137	0.784121
44	140	0.742742
44	153	3.67111
44	165	1.826
44	179	0.774163
44	180	0.723444
45	21	0.814518
45	37	0.774932
45	58	0.751067
45	76	0.786706
45	99	0.756607
45	121	0.762951
45	133	0.768289
45	141	2.31026
45	152	1.5143
45	153	0.707431
45	155	0.721114
45	172	0.769018
45	177	3.41121
45	179	0.779663
46	3	0.766044
46	4	0.764885
46	13	0.759868
46	32	0.750933
46	49	0.69699
46	51	0.792415
46	61	0.845889
46	101	0.772452
46	119	1.90729
46	141	2.75515
46	144	0.770796
46	154	2.51968
46	164	0.727834
46	180	0.745223
47	57	0.749771
47	63	0.745583
47	110	0.780805
47	131	0.772928
47	132	0.763666
47	139	0.743279
47	142	0.761543
47	144	0.753291
47	158	0.762083
47	168	1.56222
47	172	0.767792
47	177	3.16876
47	178	2.54125
47	179	0.778437
48	28	1.43345
48	91	1.79221
48	140	1.67967
48	161	0.782279
48	163	0.777275
48	168	0.775265
48	169	0.75341
48	170	0.764047
48	171	0.752936
48	173	0.773404
48	174	0.709928
48	175	0.721
48	176	0.74174
48	177	0.730096
48	178	0.74298
49	3	0.650811
49	14	0.618249
49	30	6
49	46	0.69699
49	103	0.647583
49	116	0.646147
49	156	0.668924
49	158	0.664355
49	164	0.612601
49	168	0.649812
49	176	0.616287
49	177	0.604643
49	178	0.617526
49	179	0.680709
49	180	0.62999
50	12	0.800752
50	21	0.804899
50	26	0.720108
50	34	2.13659
50	37	0.765313
50	58	0.741448
50	69	2.97607
50	121	0.753332
50	133	0.75867
50	153	0.697812
50	155	0.711495
50	164	0.701936
50	172	0.759399
50	173	1.98077
50	179	0.770044
51	3	0.746236
51	4	0.745077
51	13	0.74006
51	32	0.731125
51	46	0.792415
51	61	0.826081
51	92	1.4671
51	101	0.752644
51	105	0.689005
51	115	0.766635
51	119	1.96042
51	144	0.750988
51	164	0.708026
51	175	4.1064
51	180	0.725415
52	76	0.789842
52	96	0.769935
52	105	3.97298
52	122	0.768438
52	133	0.771425
52	139	0.747641
52	140	0.751378
52	142	0.765904
52	153	0.710567
52	156	0.771013
52	158	0.766445
52	171	1.56197
52	178	1.92198
52	179	0.782799
53	19	0.714127
53	101	0.740958
53	109	0.770761
53	111	1.98175
53	112	0.754057
53	115	0.754948
53	120	0.751521
53	124	2.53382
53	125	0.737546
53	136	0.742061
53	145	0.744452
53	146	0.744624
53	148	0.7649
53	172	0.753803
53	176	2.88183
54	38	1.69807
54	113	1.70198
54	135	0.791507
54	143	0.795649
54	161	0.770332
54	162	0.732994
54	165	0.785652
54	170	0.7521
54	171	0.740989
54	173	0.761457
54	175	0.709053
54	176	0.729793
54	177	0.718149
54	178	0.731033
54	179	1.56956
55	67	0.798923
55	115	1.3917
55	128	1.95702
55	142	1.30415
55	159	0.784546
55	163	0.771584
55	166	0.754998
55	168	0.769574
55	169	0.747719
55	173	0.767713
55	174	0.704237
55	175	0.715309
55	176	0.736049
55	177	0.724405
55	178	0.737289
56	30	0.946574
56	63	2.0143
56	83	0.752698
56	98	2.14117
56	150	0.779763
56	159	0.768911
56	161	0.760952
56	166	0.739362
56	168	0.753938
56	170	0.74272
56	171	0.73161
56	173	0.752078
56	174	0.688602
56	176	0.720414
56	177	0.70877
56	178	0.721653
57	31	0.692272
57	39	0.756044
57	47	0.749771
57	64	2.82158
57	97	1.466
57	114	0.750201
57	117	0.738549
57	130	0.752251
57	132	0.736224
57	139	0.715837
57	142	0.734101
57	156	0.739209
57	158	0.734641
57	172	0.74035
57	175	3.70984
57	179	0.750995
58	24	0.70937
58	26	0.701129
58	45	0.751067
58	50	0.741448
58	72	0.771168
58	76	0.758108
58	78	0.752653
58	83	2.19673
58	85	0.753142
58	121	0.734354
58	133	0.739691
58	147	2.9049
58	154	2.97106
58	155	0.692516
58	172	0.740421
58	179	0.751065
59	35	0.753681
59	82	0.754454
59	101	0.727099
59	103	0.717463
59	105	4.82702
59	114	0.749794
59	117	0.738143
59	130	0.751844
59	131	0.74508
59	132	0.735817
59	135	1.66228
59	139	0.715431
59	142	0.733695
59	156	0.738803
59	158	0.734235
59	159	1.74842
60	8	0.717717
60	28	0.778095
60	92	1.72237
60	99	0.728985
60	107	0.772731
60	108	0.721679
60	113	0.752241
60	122	0.73768
60	123	0.730927
60	128	0.72085
60	137	0.762
60	140	0.720621
60	155	3.16483
60	171	3.17699
60	179	0.752042
60	180	0.701323
61	3	0.79971
61	4	0.798551
61	13	0.793534
61	32	0.784599
61	46	0.845889
61	51	0.826081
61	62	1.71897
61	101	0.806119
61	105	0.742479
61	115	0.820109
61	144	0.804462
61	159	2.16397
61	164	0.7615
61	168	2.21253
61	173	2.57801
61	180	0.778889
62	61	1.71897
62	71	0.731799
62	101	1.90259
62	148	1.73226
62	154	0.756257
62	161	0.766235
62	165	0.781556
62	167	0.782923
62	169	0.737367
62	173	0.757361
62	174	0.693885
62	175	0.704957
62	176	0.725697
62	177	0.714053
62	178	0.726936
62	180	0.7394
63	35	0.749899
63	41	0.744206
63	47	0.745583
63	56	2.0143
63	68	0.704422
63	110	0.749175
63	114	0.746013
63	117	0.734361
63	130	0.748063
63	132	0.732036
63	156	0.735022
63	158	0.730453
63	168	1.84351
63	172	0.736163
63	175	3.64722
63	179	0.746807
64	24	0.692877
64	57	2.82158
64	87	0.739436
64	133	0.723198
64	146	0.714748
64	148	0.735025
64	153	0.66234
64	156	2.64164
64	172	0.723927
64	174	0.638338
64	175	0.649409
64	176	0.67015
64	177	0.658505
64	178	0.671389
64	179	0.734572
65	74	0.755317
65	87	0.742525
65	90	2.27463
65	94	0.726607
65	95	0.736308
65	102	0.712903
65	109	0.743975
65	112	0.72727
65	120	0.724734
65	125	0.71076
65	136	0.715275
65	145	0.717666
65	146	0.717837
65	148	0.738114
65	165	2.86196
65	170	3.13396
65	172	0.727016
66	122	2.03281
66	146	1.82866
66	152	0.784417
66	154	0.742074
66	163	0.747049
66	165	0.767373
66	166	0.730463
66	167	0.76874
66	169	0.723184
66	170	0.733821
66	171	0.72271
66	174	0.679702
66	175	0.690774
66	176	0.711514
66	177	0.69987
66	178	0.712754
66	179	1.45009
67	55	0.798923
67	131	1.81363
67	133	1.31995
67	138	0.751754
67	152	0.786593
67	157	0.770192
67	159	0.762187
67	163	0.749225
67	168	0.747215
67	169	0.72536
67	171	0.724886
67	174	0.681878
67	175	0.69295
67	177	0.702046
67	178	0.71493
67	179	1.76209
68	63	0.704422
68	82	0.741142
68	103	0.70415
68	104	0.75269
68	110	0.739644
68	114	0.736482
68	117	0.72483
68	130	0.738532
68	131	0.731767
68	142	0.720382
68	144	0.71213
68	150	2.69333
68	156	0.725491
68	157	2.15835
68	158	0.720922
68	179	0.737276
68	180	3.49996
69	38	3.42393
69	42	0.653439
69	50	2.97607
69	135	0.735538
69	144	0.7131
69	163	0.709359
69	165	0.729684
69	166	0.692773
69	170	0.696131
69	171	0.68502
69	174	0.642012
69	175	0.653084
69	176	0.673825
69	177	0.66218
69	178	0.675064
69	180	0.687528
70	38	0.755363
70	80	0.709764
70	91	0.694493
70	107	0.767486
70	113	0.746996
70	118	0.737282
70	122	0.732436
70	123	0.725683
70	127	2.28076
70	128	0.715605
70	137	0.756755
70	140	0.715377
70	141	0.696145
70	159	2.59507
70	178	3.62267
70	179	0.746797
70	180	0.696078
71	16	0.645659
71	62	0.731799
71	83	0.689203
71	88	0.714314
71	96	2.9986
71	115	2.99282
71	124	0.692052
71	149	0.71521
71	153	0.64911
71	154	0.687479
71	165	0.712778
71	171	0.668115
71	173	0.688583
71	175	0.636179
71	176	0.656919
71	177	0.645275
71	178	0.658159
72	9	0.825983
72	12	0.830471
72	37	0.795033
72	58	0.771168
72	78	0.801351
72	89	2.48646
72	90	1.29188
72	115	0.790265
72	121	0.783052
72	133	0.78839
72	153	0.727532
72	155	0.741215
72	164	0.731655
72	169	2.94767
72	170	2.1512
72	172	0.789119
72	179	0.799764
73	20	0.691896
73	31	0.68226
73	41	0.738382
73	82	0.744848
73	84	3.21353
73	103	0.707857
73	114	0.740189
73	132	0.726212
73	134	0.733184
73	139	0.705825
73	142	0.724089
73	153	0.668751
73	156	0.729197
73	157	2.55113
73	158	0.724629
73	170	2.90486
73	172	0.730338
73	179	0.740983
74	19	0.746997
74	25	0.810487
74	27	0.734122
74	30	0.735633
74	65	0.755317
74	102	0.772559
74	112	0.786927
74	116	0.762755
74	125	0.770416
74	136	0.774931
74	145	0.777322
74	146	0.777494
74	148	0.79777
74	151	2.53205
74	153	3.0493
74	167	1.56178
74	172	0.786673
74	173	2.21932
75	29	1.90271
75	38	0.750538
75	80	0.704939
75	91	0.689668
75	96	0.729109
75	108	0.711609
75	113	0.742171
75	118	0.732457
75	122	0.727611
75	123	0.720858
75	128	0.71078
75	137	0.75193
75	140	0.710552
75	144	2.56644
75	151	0.693993
75	176	3.7185
75	179	0.741972
75	180	0.691253
76	9	0.812924
76	12	0.817412
76	26	0.736768
76	45	0.786706
76	52	0.789842
76	58	0.758108
76	78	0.788292
76	100	2.43308
76	116	2.19239
76	121	0.769993
76	133	0.77533
76	151	0.738725
76	152	2.08256
76	155	0.728155
76	163	2.46793
76	164	0.718596
76	172	0.77606
76	179	0.786704
77	35	2.37926
77	132	1.41947
77	154	0.78905
77	156	0.815166
77	159	0.806987
77	165	0.814349
77	166	0.777438
77	168	0.792015
77	169	0.77016
77	170	0.780796
77	171	0.769686
77	172	1.01276
77	173	0.790154
77	174	0.726678
77	175	0.73775
77	176	0.75849
77	177	0.746846
77	178	0.759729
78	12	0.811956
78	21	0.816103
78	26	0.731313
78	37	0.776518
78	58	0.752653
78	72	0.801351
78	76	0.788292
78	115	0.77175
78	121	0.764537
78	133	0.769875
78	143	1.81192
78	149	1.81483
78	151	0.73327
78	153	0.709017
78	172	0.770604
78	178	3.05824
78	179	0.781249
78	180	2.68942
79	120	1.64623
79	123	1.9949
79	135	0.765644
79	147	0.73447
79	150	0.76328
79	158	1.93831
79	161	0.744469
79	162	0.707131
79	165	0.759789
79	169	0.7156
79	170	0.726237
79	171	0.715126
79	173	0.735594
79	174	0.672118
79	175	0.68319
79	176	0.70393
79	177	0.692286
79	178	0.70517
80	7	0.698959
80	70	0.709764
80	75	0.704939
80	84	0.71281
80	91	0.690324
80	96	0.729765
80	107	0.763317
80	116	0.708066
80	118	0.733113
80	122	0.728267
80	128	0.711436
80	137	0.752586
80	140	0.711208
80	155	2.4659
80	175	3.66274
80	176	2.66332
80	179	0.742628
80	180	0.691909
81	107	3.03457
81	129	0.747987
81	130	3.02124
81	147	0.68668
81	154	0.686699
81	162	0.65934
81	165	0.711999
81	167	0.713366
81	168	0.689664
81	169	0.667809
81	170	0.678446
81	173	0.687804
81	174	0.624328
81	175	0.635399
81	176	0.65614
81	177	0.644495
81	178	0.657379
81	180	0.669843
82	15	0.727732
82	31	0.724804
82	35	0.786619
82	59	0.754454
82	68	0.741142
82	73	0.744848
82	101	0.760037
82	130	0.784782
82	131	0.778017
82	142	0.766632
82	150	2.30657
82	153	0.711295
82	156	0.771741
82	158	0.767173
82	161	2.50771
82	163	2.59799
82	167	2.21092
82	172	0.772882
82	179	0.783527
83	27	2.91428
83	56	0.752698
83	58	2.19673
83	71	0.689203
83	97	0.743157
83	126	0.711913
83	129	0.774948
83	139	1.89674
83	154	0.71366
83	157	0.739602
83	159	0.731598
83	160	0.710094
83	167	0.740327
83	170	0.705407
83	171	0.694296
83	175	0.66236
83	176	0.683101
83	177	0.671456
83	178	0.68434
84	13	3.31677
84	17	0.708924
84	22	1.0697
84	73	3.21353
84	80	0.71281
84	98	0.722056
84	125	0.722942
84	136	0.727457
84	140	0.718423
84	145	0.729848
84	146	0.73002
84	151	0.701864
84	159	0.733918
84	163	0.720956
84	175	0.664681
84	177	0.673777
84	178	0.686661
84	179	0.749843
84	180	0.699124
85	24	0.740042
85	27	0.718542
85	58	0.753142
85	86	1.62379
85	103	0.748611
85	117	0.769291
85	121	0.765026
85	133	0.770364
85	139	0.74658
85	145	0.761742
85	146	0.761914
85	148	0.78219
85	149	2.18996
85	156	0.769952
85	158	0.765383
85	161	2.45906
85	172	0.771093
85	178	3.43337
85	179	0.781737
86	85	1.62379
86	94	1.71247
86	104	1.35398
86	120	1.27566
86	138	0.778385
86	147	0.770861
86	149	0.798612
86	163	0.775856
86	165	0.79618
86	167	0.797547
86	168	0.773845
86	170	0.762627
86	171	0.751517
86	173	0.771985
86	174	0.708509
86	175	0.719581
86	176	0.740321
86	177	0.728677
86	178	0.74156
87	19	0.734205
87	23	2.03671
87	27	0.721331
87	64	0.739436
87	65	0.742525
87	94	0.773472
87	109	0.79084
87	112	0.774135
87	120	0.771599
87	125	0.757624
87	135	2.19574
87	136	0.76214
87	143	2.06316
87	145	0.76453
87	146	0.764702
87	148	0.784979
87	155	0.725977
87	172	0.773881
87	180	2.94066
88	22	1.23439
88	71	0.714314
88	127	0.75963
88	128	2.8308
88	142	2.17793
88	150	0.767561
88	162	0.711412
88	163	0.743746
88	168	0.741736
88	169	0.719881
88	170	0.730517
88	171	0.719407
88	173	0.739875
88	174	0.676399
88	175	0.687471
88	176	0.708211
88	177	0.696567
88	178	0.709451
89	24	2.91305
89	39	2.20049
89	72	2.48646
89	119	0.763946
89	126	0.715167
89	147	0.716895
89	149	0.744646
89	150	0.745704
89	157	0.742856
89	159	0.734851
89	160	0.713347
89	167	0.743581
89	171	0.69755
89	173	0.718019
89	174	0.654542
89	175	0.665614
89	176	0.686355
89	177	0.67471
89	178	0.687594
90	32	2.27727
90	65	2.27463
90	72	1.29188
90	139	1.16397
90	143	0.811578
90	153	0.737912
90	154	0.776281
90	157	0.802223
90	159	0.794219
90	161	0.78626
90	162	0.748922
90	169	0.757391
90	170	0.768028
90	171	0.756917
90	174	0.71391
90	175	0.724981
90	176	0.745722
90	177	0.734077
90	178	0.746961
91	10	0.692
91	17	0.686438
91	48	1.79221
91	70	0.694493
91	75	0.689668
91	80	0.690324
91	96	0.714494
91	107	0.748046
91	113	0.727556
91	118	0.717842
91	122	0.712996
91	123	0.706243
91	128	0.696166
91	137	0.737315
91	140	0.695937
91	151	0.679378
91	157	2.05729
91	174	5.17486
91	179	0.727357
91	180	0.676638
92	13	2.55017
92	51	1.4671
92	60	1.72237
92	106	0.78664
92	118	1.69253
92	138	0.766136
92	149	0.786363
92	154	0.758631
92	160	0.755064
92	163	0.763606
92	165	0.783931
92	166	0.74702
92	167	0.785298
92	169	0.739741
92	170	0.750378
92	174	0.696259
92	175	0.707331
92	176	0.728072
92	177	0.716427
92	178	0.729311
93	44	1.61879
93	112	1.62841
93	134	1.67868
93	143	0.797037
93	152	0.804083
93	158	1.54143
93	162	0.734382
93	165	0.78704
93	166	0.750129
93	167	0.788407
93	168	0.764706
93	169	0.742851
93	170	0.753487
93	171	0.742377
93	173	0.762845
93	174	0.699369
93	175	0.710441
93	176	0.731181
93	177	0.719537
93	178	0.73242
94	19	0.718287
94	25	0.781777
94	30	0.706923
94	65	0.726607
94	86	1.71247
94	87	0.773472
94	95	0.767254
94	98	0.74082
94	102	0.743849
94	109	0.774921
94	120	0.755681
94	125	0.741706
94	136	0.746221
94	145	0.748612
94	146	0.748784
94	148	0.76906
94	157	1.81162
94	172	0.757963
94	173	2.9085
94	180	3.15324
95	19	0.727988
95	30	0.716623
95	65	0.736308
95	94	0.767254
95	98	0.750521
95	105	0.691178
95	109	0.784622
95	116	0.743746
95	120	0.765381
95	125	0.751407
95	129	2.04893
95	136	0.755922
95	145	0.758312
95	146	0.758484
95	148	0.778761
95	155	0.719759
95	157	2.04827
95	163	2.87466
95	166	2.92437
95	172	0.767663
96	28	0.792851
96	44	0.761299
96	52	0.769935
96	71	2.9986
96	75	0.729109
96	80	0.729765
96	91	0.714494
96	99	0.743742
96	107	0.787487
96	123	0.745684
96	128	0.735607
96	129	1.44483
96	134	0.758999
96	135	2.04086
96	137	0.776756
96	140	0.735378
96	141	0.716146
96	176	2.97985
96	179	0.766798
96	180	0.716079
97	34	0.74609
97	57	1.466
97	83	0.743157
97	121	1.91449
97	124	0.746006
97	137	1.68621
97	143	0.776729
97	144	0.750148
97	148	1.7857
97	152	0.783775
97	159	0.75937
97	161	0.751411
97	165	0.766732
97	167	0.768099
97	168	0.744397
97	169	0.722543
97	170	0.733179
97	174	0.679061
97	176	0.710873
97	177	0.699229
97	178	0.712112
98	1	0.786232
98	25	0.765043
98	56	2.14117
98	84	0.722056
98	94	0.74082
98	95	0.750521
98	102	0.727116
98	109	0.758188
98	112	0.741483
98	120	0.738947
98	125	0.724973
98	134	0.744075
98	136	0.729488
98	145	0.731879
98	146	0.73205
98	148	0.752327
98	155	0.693325
98	160	2.43336
98	162	2.8705
98	172	0.741229
98	180	2.5806
99	7	0.712936
99	36	2.18454
99	43	0.736434
99	45	0.756607
99	60	0.728985
99	96	0.743742
99	104	0.772019
99	121	0.739893
99	123	0.735491
99	131	0.751096
99	133	0.745231
99	137	0.766563
99	140	0.725185
99	142	0.739711
99	154	2.19842
99	156	0.744819
99	158	0.740251
99	162	2.82842
99	164	0.688496
99	178	2.90733
99	179	0.756605
100	76	2.43308
100	103	2.51308
100	138	0.719841
100	143	0.747633
100	152	0.754679
100	159	0.730274
100	160	0.70877
100	161	0.722315
100	162	0.684978
100	163	0.717312
100	166	0.700725
100	167	0.739003
100	169	0.693447
100	170	0.704083
100	171	0.692973
100	172	1.98393
100	174	0.649965
100	176	0.681777
100	177	0.670133
100	178	0.683016
101	13	0.720097
101	46	0.772452
101	51	0.752644
101	53	0.740958
101	59	0.727099
101	61	0.806119
101	62	1.90259
101	82	0.760037
101	112	0.745781
101	126	2.89778
101	136	0.733785
101	139	0.721014
101	145	0.736176
101	146	0.736348
101	147	2.60011
101	148	0.756624
101	156	0.744386
101	158	0.739817
101	164	0.688063
101	166	2.54086
101	180	0.705453
102	2	2.66253
102	18	2.59803
102	27	0.691708
102	30	0.693218
102	33	1.32175
102	40	0.715568
102	65	0.712903
102	74	0.772559
102	94	0.743849
102	98	0.727116
102	109	0.761217
102	112	0.744512
102	120	0.741976
102	125	0.728002
102	134	0.747104
102	136	0.732517
102	145	0.734907
102	146	0.735079
102	148	0.755356
102	155	0.696354
102	170	2.70389
102	172	0.744258
103	22	0.884682
103	49	0.647583
103	59	0.717463
103	68	0.70415
103	73	0.707857
103	85	0.748611
103	100	2.51308
103	104	0.761949
103	110	0.748903
103	114	0.745741
103	117	0.734089
103	130	0.747791
103	132	0.731764
103	139	0.711377
103	141	0.695884
103	152	2.16256
103	153	0.674303
103	155	3.0598
103	156	0.734749
103	158	0.730181
103	166	2.59763
103	179	0.746535
104	11	1.11544
104	15	0.739281
104	20	0.745989
104	41	0.792475
104	43	0.774905
104	68	0.75269
104	86	1.35398
104	99	0.772019
104	103	0.761949
104	110	0.797444
104	114	0.794281
104	130	0.796331
104	132	0.780304
104	139	0.759918
104	142	0.778181
104	156	0.78329
104	158	0.778721
104	169	2.60333
104	171	2.80356
104	172	0.784431
104	173	2.55001
104	179	0.795075
105	4	0.661474
105	32	0.647522
105	42	0.607724
105	51	0.689005
105	52	3.97298
105	59	4.82702
105	61	0.742479
105	95	0.691178
105	115	0.683033
105	136	0.670146
105	145	0.672536
105	146	0.672708
105	148	0.692984
105	157	0.684611
105	162	0.63131
105	164	0.624423
105	166	0.647058
105	170	0.650416
105	171	0.639305
105	177	0.616465
105	178	0.629349
105	180	0.641813
106	92	0.78664
106	110	2.08454
106	124	0.744518
106	134	2.02275
106	135	0.771099
106	149	0.767677
106	157	0.765887
106	160	0.736378
106	162	0.712586
106	163	0.74492
106	166	0.728334
106	167	0.766612
106	169	0.721055
106	170	0.731692
106	172	1.41098
106	173	0.741049
106	174	0.677573
106	175	0.688645
106	176	0.709385
106	177	0.697741
106	178	0.710625
106	179	1.42184
107	17	0.759431
107	44	0.794852
107	60	0.772731
107	70	0.767486
107	80	0.763317
107	81	3.03457
107	91	0.748046
107	96	0.787487
107	108	0.769988
107	113	0.800549
107	118	0.790835
107	122	0.785989
107	128	0.769159
107	137	0.810309
107	140	0.76893
107	151	0.752372
107	167	1.24786
107	169	1.95874
107	171	2.15896
107	178	2.51896
107	179	0.80035
107	180	0.749631
108	8	0.714974
108	10	0.713941
108	28	0.775352
108	38	0.757865
108	60	0.721679
108	75	0.711609
108	107	0.769988
108	113	0.749498
108	118	0.739784
108	122	0.734938
108	128	0.718107
108	134	0.7415
108	137	0.759257
108	140	0.717878
108	141	0.698647
108	147	2.67526
108	151	0.70132
108	162	3.37142
108	165	1.82164
108	171	3.09033
108	179	0.749299
108	180	0.69858
109	1	0.820333
109	27	0.72278
109	30	0.724291
109	53	0.770761
109	65	0.743975
109	87	0.79084
109	94	0.774921
109	95	0.784622
109	98	0.758188
109	102	0.761217
109	112	0.775584
109	120	0.773049
109	124	2.78344
109	127	1.96429
109	136	0.763589
109	138	2.27136
109	141	2.83275
109	145	0.76598
109	146	0.766151
109	148	0.786428
109	155	0.727426
109	167	2.03509
109	172	0.77533
110	31	0.723306
110	43	0.761859
110	47	0.780805
110	63	0.749175
110	68	0.739644
110	103	0.748903
110	104	0.797444
110	106	2.08454
110	114	0.781235
110	116	2.4168
110	119	2.25507
110	130	0.783285
110	131	0.77652
110	132	0.767258
110	134	0.774231
110	135	2.46263
110	139	0.746872
110	142	0.765135
110	156	0.770244
110	157	1.86594
110	158	0.765675
110	172	0.771385
110	179	0.782029
111	53	1.98175
111	115	2.07399
111	127	0.753099
111	135	0.763393
111	136	1.94547
111	147	0.73222
111	157	0.758181
111	159	0.750176
111	160	0.728672
111	161	0.742218
111	162	0.70488
111	163	0.737214
111	165	0.757539
111	166	0.720628
111	167	0.758906
111	169	0.713349
111	173	0.733344
111	174	0.669867
111	175	0.680939
111	176	0.70168
111	177	0.690035
111	178	0.702919
111	179	1.83885
112	1	0.803628
112	19	0.71895
112	25	0.78244
112	53	0.754057
112	65	0.72727
112	74	0.786927
112	87	0.774135
112	93	1.62841
112	98	0.741483
112	101	0.745781
112	102	0.744512
112	109	0.775584
112	120	0.756344
112	125	0.742369
112	134	0.761472
112	136	0.746884
112	144	2.13751
112	145	0.749275
112	146	0.749447
112	148	0.769723
112	159	2.43671
112	168	2.48527
112	172	0.758626
112	180	3.09549
113	7	0.736192
113	10	0.744503
113	38	0.788427
113	44	0.774362
113	54	1.70198
113	60	0.752241
113	70	0.746996
113	75	0.742171
113	91	0.727556
113	107	0.800549
113	108	0.749498
113	118	0.770345
113	122	0.765499
113	123	0.758746
113	128	0.748669
113	137	0.789819
113	140	0.74844
113	147	2.27102
113	151	0.731881
113	164	3.10548
113	168	2.06706
113	171	2.6861
113	179	0.77986
113	180	0.729141
114	15	0.723072
114	20	0.72978
114	29	0.907883
114	39	0.783916
114	57	0.750201
114	59	0.749794
114	63	0.746013
114	68	0.736482
114	73	0.740189
114	103	0.745741
114	104	0.794281
114	110	0.781235
114	130	0.780122
114	131	0.773358
114	139	0.743709
114	141	0.728215
114	142	0.761973
114	149	1.655
114	156	0.767081
114	165	1.26972
114	172	0.768222
114	174	4.30555
114	177	3.52591
114	179	0.778867
115	3	0.740264
115	4	0.739105
115	32	0.725153
115	51	0.766635
115	53	0.754948
115	55	1.3917
115	61	0.820109
115	71	2.99282
115	72	0.790265
115	78	0.77175
115	105	0.683033
115	111	2.07399
115	119	1.82751
115	121	0.75345
115	133	0.758788
115	136	0.747776
115	145	0.750167
115	146	0.750338
115	148	0.770615
115	155	0.711613
115	160	2.63276
115	164	0.702054
115	172	0.759517
115	179	0.770162
115	180	0.719443
116	49	0.646147
116	74	0.762755
116	76	2.19239
116	80	0.708066
116	95	0.743746
116	110	2.4168
116	118	0.735584
116	122	0.730738
116	125	0.718198
116	132	2.14995
116	136	0.722713
116	137	0.755057
116	138	0.718741
116	140	0.713679
116	145	0.725104
116	146	0.725275
116	148	0.745552
116	149	0.738968
116	158	2.21776
116	173	0.712341
116	174	0.648865
116	175	0.659937
116	177	0.669033
116	178	0.681916
116	179	0.745099
117	35	0.770307
117	39	0.772264
117	40	0.72788
117	41	0.764614
117	57	0.738549
117	59	0.738143
117	63	0.734361
117	68	0.72483
117	85	0.769291
117	103	0.734089
117	127	2.25848
117	130	0.768471
117	131	0.761706
117	132	0.752444
117	134	0.759416
117	139	0.732057
117	141	0.716563
117	142	0.750321
117	149	2.35697
117	156	0.755429
117	158	0.750861
117	160	3.08433
117	168	2.62135
117	170	2.24369
117	172	0.75657
118	7	0.726478
118	17	0.729227
118	28	0.796199
118	44	0.764648
118	70	0.737282
118	75	0.732457
118	80	0.733113
118	91	0.717842
118	92	1.69253
118	107	0.790835
118	108	0.739784
118	113	0.770345
118	116	0.735584
118	122	0.755785
118	123	0.749032
118	128	0.738955
118	134	0.762347
118	137	0.780105
118	140	0.738726
118	152	2.23775
118	168	2.52812
118	170	2.15046
118	178	3.50715
118	179	0.770146
118	180	0.719427
119	46	1.90729
119	51	1.96042
119	89	0.763946
119	110	2.25507
119	115	1.82751
119	147	0.758948
119	152	0.80131
119	159	0.776905
119	160	0.755401
119	161	0.768946
119	162	0.731608
119	163	0.763943
119	165	0.784267
119	166	0.747356
119	167	0.785634
119	169	0.740078
119	170	0.750714
119	171	0.739604
119	173	0.760072
119	174	0.696596
119	175	0.707668
119	176	0.728408
119	177	0.716764
119	178	0.729647
119	179	1.59237
120	1	0.801092
120	25	0.779904
120	27	0.70354
120	30	0.70505
120	40	0.727399
120	53	0.751521
120	65	0.724734
120	79	1.64623
120	86	1.27566
120	87	0.771599
120	94	0.755681
120	95	0.765381
120	98	0.738947
120	102	0.741976
120	109	0.773049
120	112	0.756344
120	125	0.739833
120	136	0.744349
120	145	0.746739
120	146	0.746911
120	148	0.767187
120	153	3.30167
120	164	3.14463
120	166	2.25091
120	172	0.75609
121	9	0.789169
121	12	0.793657
121	24	0.721254
121	26	0.713013
121	37	0.758219
121	40	2.15941
121	45	0.762951
121	50	0.753332
121	58	0.734354
121	72	0.783052
121	76	0.769993
121	78	0.764537
121	85	0.765026
121	97	1.91449
121	99	0.739893
121	115	0.75345
121	133	0.751576
121	147	2.55858
121	150	2.15821
121	151	0.714971
121	153	0.690717
121	155	0.704401
121	169	2.77343
121	172	0.752305
121	179	0.762949
122	8	0.730975
122	10	0.729943
122	52	0.768438
122	60	0.73768
122	66	2.03281
122	70	0.732436
122	75	0.727611
122	80	0.728267
122	91	0.712996
122	107	0.785989
122	108	0.734938
122	113	0.765499
122	116	0.730738
122	118	0.755785
122	123	0.744186
122	126	3.01899
122	128	0.734109
122	134	0.757501
122	137	0.775258
122	138	2.46157
122	140	0.73388
122	151	0.717321
122	170	2.13971
122	173	2.88285
122	179	0.7653
122	180	0.714581
123	7	0.714878
123	8	0.724222
123	10	0.72319
123	17	0.717628
123	28	0.7846
123	44	0.753048
123	60	0.730927
123	70	0.725683
123	75	0.720858
123	79	1.9949
123	91	0.706243
123	96	0.745684
123	99	0.735491
123	113	0.758746
123	118	0.749032
123	122	0.744186
123	128	0.727355
123	134	0.750748
123	135	2.32018
123	137	0.768505
123	140	0.727127
123	151	0.710568
123	154	2.725
123	165	1.80523
123	177	4.06142
123	179	0.758547
123	180	0.707828
124	17	2.64881
124	53	2.53382
124	71	0.692052
124	97	0.746006
124	106	0.744518
124	109	2.78344
124	133	1.94877
124	147	0.71649
124	150	0.745299
124	152	0.758852
124	159	0.734447
124	160	0.712943
124	162	0.68915
124	163	0.721485
124	165	0.741809
124	166	0.704898
124	168	0.719474
124	169	0.697619
124	170	0.708256
124	171	0.697145
124	173	0.717614
124	174	0.654138
124	175	0.665209
124	176	0.68595
124	177	0.674305
124	178	0.687189
125	1	0.787118
125	19	0.70244
125	25	0.765929
125	27	0.689565
125	53	0.737546
125	65	0.71076
125	74	0.770416
125	84	0.722942
125	87	0.757624
125	94	0.741706
125	95	0.751407
125	98	0.724973
125	102	0.728002
125	112	0.742369
125	116	0.718198
125	120	0.739833
125	134	0.744961
125	141	2.64081
125	145	0.732765
125	146	0.732936
125	148	0.753213
125	153	3.33067
125	155	0.694211
125	159	2.08665
125	172	0.742115
125	173	2.5007
125	178	3.11425
126	36	0.71894
126	43	1.82802
126	83	0.711913
126	89	0.715167
126	101	2.89778
126	122	3.01899
126	136	2.54288
126	143	0.745485
126	149	0.73792
126	151	0.696073
126	152	0.752532
126	154	0.710189
126	155	0.685502
126	160	0.706622
126	161	0.720168
126	162	0.68283
126	164	0.675943
126	165	0.735488
126	166	0.698578
126	168	0.713154
126	169	0.691299
126	171	0.690825
126	173	0.711293
126	175	0.658889
126	176	0.679629
126	177	0.667985
126	178	0.680869
127	70	2.28076
127	88	0.75963
127	109	1.96429
127	111	0.753099
127	117	2.25848
127	135	0.763949
127	137	1.76347
127	148	1.86295
127	150	0.761585
127	152	0.775138
127	157	0.758737
127	159	0.750733
127	160	0.729229
127	161	0.742774
127	162	0.705436
127	163	0.737771
127	164	0.698549
127	165	0.758095
127	166	0.721184
127	167	0.759462
127	168	0.73576
127	169	0.713906
127	170	0.724542
127	174	0.670424
127	175	0.681495
127	176	0.702236
127	177	0.690592
127	178	0.703475
128	8	0.714145
128	17	0.70755
128	28	0.774523
128	38	0.757036
128	40	2.53988
128	44	0.742971
128	55	1.95702
128	60	0.72085
128	70	0.715605
128	75	0.71078
128	80	0.711436
128	88	2.8308
128	91	0.696166
128	96	0.735607
128	107	0.769159
128	108	0.718107
128	113	0.748669
128	118	0.738955
128	122	0.734109
128	123	0.727355
128	134	0.740671
128	137	0.758428
128	140	0.717049
128	141	0.697818
128	144	2.38733
128	149	2.47072
128	179	0.74847
128	180	0.697751
129	23	0.774425
129	81	0.747987
129	83	0.774948
129	95	2.04893
129	96	1.44483
129	134	1.80481
129	136	1.31052
129	137	1.3956
129	141	0.756435
129	147	0.773204
129	149	0.800955
129	157	0.799165
129	159	0.791161
129	161	0.783203
129	162	0.745865
129	164	0.738978
129	165	0.798523
129	166	0.761612
129	168	0.776189
129	169	0.754334
129	171	0.75386
129	173	0.774328
129	174	0.710852
129	176	0.742664
129	177	0.73102
129	178	0.743903
129	179	1.2039
129	180	0.756367
130	20	0.73183
130	31	0.722194
130	35	0.784009
130	43	0.760746
130	57	0.752251
130	59	0.751844
130	63	0.748063
130	68	0.738532
130	81	3.02124
130	82	0.784782
130	103	0.747791
130	104	0.796331
130	110	0.783285
130	114	0.780122
130	117	0.768471
130	131	0.775408
130	132	0.766145
130	134	0.773118
130	139	0.745759
130	142	0.764022
130	150	1.33018
130	156	0.769131
130	158	0.764563
130	161	1.53132
130	164	2.56501
130	175	3.3303
130	179	0.780917
130	180	2.13681
131	5	0.630727
131	15	0.718358
131	22	0.912299
131	31	0.715429
131	35	0.777244
131	43	0.753982
131	47	0.772928
131	59	0.74508
131	67	1.81363
131	68	0.731767
131	82	0.778017
131	99	0.751096
131	110	0.77652
131	114	0.773358
131	117	0.761706
131	130	0.775408
131	132	0.759381
131	139	0.738994
131	142	0.757258
131	144	0.749006
131	147	2.19014
131	151	2.66439
131	153	0.70192
131	154	2.2563
131	156	0.762366
131	158	0.757798
131	171	2.60521
131	176	2.79047
131	179	0.774152
132	11	1.2614
132	22	0.903037
132	35	0.767982
132	39	0.769939
132	41	0.762289
132	43	0.744719
132	47	0.763666
132	57	0.736224
132	59	0.735817
132	63	0.732036
132	73	0.726212
132	77	1.41947
132	103	0.731764
132	104	0.780304
132	110	0.767258
132	116	2.14995
132	117	0.752444
132	130	0.766145
132	131	0.759381
132	139	0.729732
132	142	0.747996
132	144	0.739743
132	153	0.692658
132	155	2.93736
132	156	0.753104
132	158	0.748536
132	166	2.47519
132	179	0.76489
132	180	2.9407
133	9	0.794507
133	12	0.798995
133	21	0.803142
133	24	0.726592
133	26	0.718351
133	37	0.763557
133	42	5.11483
133	45	0.768289
133	50	0.75867
133	52	0.771425
133	58	0.739691
133	64	0.723198
133	67	1.31995
133	72	0.78839
133	76	0.77533
133	78	0.769875
133	85	0.770364
133	99	0.745231
133	115	0.758788
133	121	0.751576
133	124	1.94877
133	151	0.720308
133	153	0.696055
133	155	0.709738
133	163	1.58749
133	167	1.20043
133	169	1.9113
133	172	0.757643
133	179	0.768287
134	73	0.733184
134	93	1.67868
134	96	0.758999
134	98	0.744075
134	102	0.747104
134	106	2.02275
134	108	0.7415
134	110	0.774231
134	112	0.761472
134	117	0.759416
134	118	0.762347
134	122	0.757501
134	123	0.750748
134	125	0.744961
134	128	0.740671
134	129	1.80481
134	130	0.773118
134	136	0.749476
134	139	0.736705
134	140	0.740442
134	145	0.751867
134	146	0.752039
134	148	0.772315
134	149	2.27118
134	153	0.69963
134	156	0.760077
134	158	0.755508
134	163	2.63055
134	171	3.15458
134	180	0.721143
135	6	0.708151
135	16	0.70127
135	21	1.71831
135	29	0.834855
135	54	0.791507
135	59	1.66228
135	69	0.735538
135	79	0.765644
135	87	2.19574
135	96	2.04086
135	106	0.771099
135	110	2.46263
135	111	0.763393
135	123	2.32018
135	127	0.763949
135	138	0.750594
135	149	0.770821
135	150	0.771879
135	157	0.769031
135	162	0.715731
135	163	0.748065
135	166	0.731478
135	167	0.769756
135	168	0.746055
135	170	0.734836
135	171	0.723726
135	173	0.744194
135	174	0.680718
135	175	0.69179
135	176	0.71253
135	178	0.713769
136	1	0.791633
136	25	0.770445
136	27	0.69408
136	30	0.695591
136	36	2.29749
136	53	0.742061
136	65	0.715275
136	74	0.774931
136	84	0.727457
136	87	0.76214
136	94	0.746221
136	95	0.755922
136	98	0.729488
136	101	0.733785
136	102	0.732517
136	105	0.670146
136	109	0.763589
136	111	1.94547
136	112	0.746884
136	115	0.747776
136	116	0.722713
136	120	0.744349
136	126	2.54288
136	129	1.31052
136	134	0.749476
136	145	0.73728
136	146	0.737452
136	148	0.757728
136	155	0.698726
136	162	2.94137
136	172	0.746631
136	176	2.84554
137	7	0.745951
137	8	0.755295
137	10	0.754262
137	17	0.7487
137	28	0.815673
137	38	0.798186
137	44	0.784121
137	60	0.762
137	70	0.756755
137	75	0.75193
137	80	0.752586
137	91	0.737315
137	96	0.776756
137	97	1.68621
137	99	0.766563
137	107	0.810309
137	108	0.759257
137	113	0.789819
137	116	0.755057
137	118	0.780105
137	122	0.775258
137	123	0.768505
137	127	1.76347
137	128	0.758428
137	129	1.3956
137	140	0.758199
137	141	0.738968
137	150	1.92992
137	152	1.83597
137	154	2.39645
137	175	3.93005
137	179	0.78962
138	5	0.609878
138	6	0.684502
138	25	2.3715
138	67	0.751754
138	86	0.778385
138	92	0.766136
138	100	0.719841
138	109	2.27136
138	116	0.718741
138	122	2.46157
138	135	0.750594
138	145	2.34069
138	146	2.25742
138	147	0.719421
138	154	0.719441
138	157	0.745382
138	159	0.737378
138	160	0.715874
138	161	0.729419
138	162	0.692081
138	163	0.724416
138	166	0.707829
138	168	0.722405
138	169	0.700551
138	170	0.711187
138	171	0.700077
138	173	0.720545
138	174	0.657069
138	175	0.668141
138	176	0.688881
138	177	0.677237
138	178	0.69012
139	20	0.695417
139	31	0.685781
139	35	0.747596
139	39	0.749552
139	43	0.724333
139	47	0.743279
139	52	0.747641
139	57	0.715837
139	59	0.715431
139	73	0.705825
139	83	1.89674
139	85	0.74658
139	90	1.16397
139	101	0.721014
139	103	0.711377
139	104	0.759918
139	110	0.746872
139	114	0.743709
139	117	0.732057
139	130	0.745759
139	131	0.738994
139	132	0.729732
139	134	0.736705
