1	29	0.753647
1	65	0.843008
1	71	1.81358
1	86	0.876689
1	116	0.784243
1	146	0.871501
1	153	0.870734
1	159	0.857715
1	161	0.801333
1	163	2.3036
1	171	0.876406
1	179	0.864711
2	36	0.957161
2	41	0.960316
2	85	0.935676
2	105	0.950536
2	127	0.926606
2	129	0.914349
2	132	0.936552
2	138	0.92053
2	144	1.95127
2	158	0.844227
2	169	1.63491
2	180	0.897706
3	62	1.73459
3	141	0.874476
3	147	0.83765
3	160	0.854327
3	163	0.878643
3	164	0.841996
3	166	0.815066
3	168	0.84238
3	171	1.31334
3	175	0.81594
3	178	0.818826
3	180	0.817797
4	18	1.13544
4	42	1.55302
4	123	0.194177
4	143	0.915498
4	148	0.977156
4	163	0.976814
4	167	0.927101
4	168	0.940551
4	172	0.921014
4	174	0.907601
4	175	0.914111
4	178	0.916996
5	110	1.48979
5	117	1.53161
5	152	0.843041
5	162	0.84913
5	163	0.883671
5	164	0.847024
5	167	0.833959
5	168	0.847408
5	169	0.827693
5	172	0.827872
5	174	0.814459
5	175	0.820968
6	46	1.32305
6	96	0.863465
6	134	0.857475
6	139	1.69873
6	140	0.830852
6	157	0.878466
6	162	0.842859
6	166	0.813823
6	173	0.872008
6	174	0.808188
6	175	0.814697
6	178	0.817583
7	33	0.888193
7	105	0.851777
7	111	0.885447
7	112	1.34948
7	116	2.83058
7	124	0.831766
7	129	0.81559
7	130	0.814669
7	132	0.837793
7	138	0.821771
7	171	0.85197
7	180	0.798947
8	38	1.12854
8	41	0.904429
8	142	0.915842
8	143	0.913633
8	154	0.965007
8	160	0.950632
8	162	0.940407
8	167	0.925236
8	171	0.74848
8	173	0.969556
8	174	0.905736
8	175	0.912245
9	31	1.87055
9	75	0.860972
9	91	0.831469
9	127	0.828018
9	139	0.832318
9	143	2.299
9	165	0.857742
9	171	0.852141
9	176	0.849273
9	177	0.846584
9	179	0.840446
9	180	0.799118
10	23	0.815396
10	28	0.886966
10	81	0.809495
10	102	0.824186
10	114	0.828898
10	126	0.848961
10	155	0.83745
10	158	1.60143
10	159	0.839238
10	165	0.86353
10	178	2.56952
10	179	0.846234
11	51	3.36917
11	62	0.774154
11	89	0.799948
11	108	0.804108
11	131	0.686441
11	167	0.758616
11	169	0.75235
11	172	0.752528
11	174	0.739116
11	175	0.745625
11	176	0.797636
11	179	0.788809
12	52	1.02594
12	55	0.899446
12	109	0.988916
12	132	0.731075
12	143	0.911842
12	162	0.938616
12	167	0.923445
12	169	0.917179
12	173	0.967766
12	174	0.903945
12	175	0.910455
12	176	0.94858
13	103	0.95384
13	106	0.914419
13	116	0.864177
13	121	0.950421
13	137	0.934475
13	143	1.82062
13	148	0.921203
13	153	0.950667
13	155	0.935861
13	168	1.70291
13	176	0.953472
13	179	0.944645
14	23	0.811231
14	28	0.882801
14	66	1.65195
14	95	0.841774
14	102	0.820021
14	139	0.833941
14	153	0.848091
14	156	0.810151
14	165	0.859365
14	173	2.46283
14	176	0.850896
14	179	0.842069
15	70	0.712602
15	91	1.97929
15	93	0.901474
15	128	0.860695
15	145	0.806109
15	149	0.816637
15	159	0.839566
15	165	0.863857
15	166	0.802503
15	173	0.860689
15	174	0.796868
15	177	0.852699
16	41	0.861347
16	50	2.3197
16	59	1.92805
16	76	0.86362
16	104	0.864253
16	108	0.855364
16	121	0.845841
16	136	0.789012
16	139	0.831937
16	156	0.808148
16	177	0.846203
16	179	0.840065
17	42	0.770738
17	67	0.880389
17	104	0.847766
17	108	0.838878
17	111	0.868751
17	120	1.9221
17	127	0.811151
17	152	2.52854
17	159	0.816583
17	176	0.832406
17	177	0.829717
17	179	0.823578
17	180	0.782251
18	4	1.13544
18	46	0.862292
18	65	0.810544
18	75	0.852773
18	106	0.802021
18	119	0.848484
18	121	0.838023
18	136	0.781194
18	142	3.05325
18	153	0.83827
18	156	0.800329
18	176	0.841074
18	179	0.832247
19	83	1.82705
19	131	0.757526
19	140	0.832866
19	145	0.819443
19	152	0.838784
19	157	0.88048
19	164	0.842767
19	168	0.843151
19	169	0.823435
19	172	0.823614
19	175	0.816711
19	177	1.53951
19	178	0.819596
20	75	1.60377
20	112	0.875907
20	124	1.61944
20	147	0.818704
20	149	0.810254
20	154	0.849755
20	157	0.860763
20	164	0.823049
20	167	0.809984
20	173	0.854305
20	175	0.796993
20	178	0.799879
20	180	0.79885
21	53	1.21961
21	75	0.935582
21	107	0.929551
21	115	0.888648
21	135	0.909034
21	155	0.906272
21	159	0.908061
21	161	0.851678
21	165	0.932352
21	172	1.99355
21	176	0.923884
21	179	0.915056
21	180	1.65038
22	77	1.34352
22	106	0.88055
22	109	0.918622
22	110	0.90711
22	121	0.916552
22	135	0.904753
22	146	0.917566
22	147	1.71937
22	159	0.90378
22	171	0.922471
22	176	0.919603
22	178	1.7299
22	179	0.910776
23	10	0.815396
23	14	0.811231
23	60	0.883385
23	65	0.822554
23	68	0.81741
23	131	0.741889
23	133	1.97448
23	156	0.81234
23	159	0.837262
23	165	0.861553
23	167	2.51721
23	176	0.853085
23	179	0.844257
24	29	0.674656
24	120	0.803547
24	141	0.801073
24	159	3.61058
24	162	0.770698
24	163	0.80524
24	164	0.768593
24	168	0.768977
24	169	0.749261
24	170	0.665792
24	173	0.799848
24	178	0.745422
24	180	0.744393
25	29	0.816442
25	37	0.960189
25	47	0.952166
25	106	0.897281
25	110	0.923841
25	113	0.901152
25	118	1.89334
25	155	0.918723
25	160	1.37152
25	161	0.864128
25	164	1.49353
25	165	0.944803
25	179	0.927507
26	91	0.904468
26	92	0.962622
26	98	0.927375
26	105	0.924947
26	124	0.904936
26	127	0.901017
26	129	0.888759
26	138	0.894941
26	156	2.21015
26	169	1.70166
26	171	0.92514
26	177	0.919582
26	180	0.872117
27	56	0.839199
27	76	1.56408
27	125	0.824305
27	151	0.85667
27	157	0.857346
27	158	0.848489
27	160	0.831963
27	167	0.806567
27	169	0.800301
27	171	1.76819
27	173	0.850888
27	174	0.787067
27	178	0.796462
28	10	0.886966
28	14	0.882801
28	49	1.4441
28	87	0.91589
28	113	0.889472
28	119	0.932064
28	125	2.1621
28	139	0.907699
28	146	0.922617
28	148	1.18881
28	176	0.924654
28	177	0.921965
28	179	0.915827
29	1	0.753647
29	24	0.674656
29	25	0.816442
29	39	3.51255
29	67	0.820841
29	143	0.722234
29	158	0.775759
29	163	0.78355
29	173	0.778158
29	174	0.714337
29	175	0.720846
29	176	0.772858
29	179	0.76403
30	65	0.806535
30	73	0.810439
30	83	0.83709
30	109	0.836084
30	113	0.801884
30	119	0.844475
30	135	0.822216
30	148	2.09536
30	157	2.36038
30	165	0.845534
30	176	0.837066
30	177	0.834376
30	179	0.828238
31	9	1.87055
31	96	0.851639
31	110	1.73532
31	134	0.845649
31	143	0.804259
31	147	0.824581
31	157	0.866641
31	161	0.782677
31	162	0.831033
31	163	0.865574
31	168	0.829311
31	174	0.796362
31	175	0.802871
32	47	0.851193
32	94	0.827964
32	102	0.804487
32	103	0.835729
32	108	0.841833
32	113	0.800179
32	135	0.820511
32	139	0.818406
32	165	0.84383
32	172	2.244
32	176	0.835361
32	178	2.28102
32	179	0.826534
33	7	0.888193
33	43	0.93805
33	124	0.914505
33	127	0.910586
33	129	0.898329
33	130	0.897408
33	133	0.902239
33	138	0.90451
33	161	2.26945
33	171	0.934709
33	172	1.68296
33	177	0.929152
33	180	0.881686
34	42	0.781156
34	54	0.833676
34	105	0.845498
34	111	0.879168
34	124	0.825487
34	129	0.809311
34	132	0.831514
34	138	0.815492
34	161	2.96397
34	171	0.845691
34	173	1.55974
34	177	0.840134
34	180	0.792668
35	42	0.87356
35	85	0.923043
35	117	0.895942
35	124	0.917892
35	129	0.901716
35	132	0.923919
35	136	1.73859
35	138	0.907897
35	156	1.88271
35	167	1.27661
35	171	0.938096
35	177	0.932538
35	180	0.885073
36	2	0.957161
36	43	0.908259
36	80	0.915164
36	124	0.884714
36	127	0.880795
36	129	0.868538
36	130	0.867617
36	132	0.890741
36	138	0.874719
36	143	1.53232
36	161	2.38333
36	162	1.21152
36	177	0.899361
36	180	0.851895
37	25	0.960189
37	101	1.7563
37	102	0.88573
37	103	0.916972
37	115	0.881369
37	117	0.877319
37	136	0.856725
37	137	0.897608
37	147	1.71106
37	153	0.9138
37	170	0.787848
37	174	1.60297
37	176	0.916605
37	179	0.907777
38	8	1.12854
38	110	0.908621
38	114	0.894952
38	123	0.914207
38	136	0.861235
38	137	0.902117
38	146	0.919078
38	151	1.55237
38	161	0.848909
38	164	2.06822
38	165	0.929583
38	170	0.792358
38	177	0.918425
38	179	0.912287
39	29	3.51255
39	84	0.369269
39	85	0.917228
39	88	0.907489
39	124	0.912077
39	127	0.908158
39	130	0.89498
39	132	0.918104
39	138	0.902082
39	166	0.617122
39	171	0.932281
39	177	0.926724
39	180	0.879258
40	97	0.803467
40	118	0.804369
40	122	0.853002
40	144	0.795049
40	146	1.70624
40	152	0.822347
40	160	0.838661
40	164	0.82633
40	165	1.92319
40	166	0.7994
40	172	0.807178
40	173	0.857586
40	174	0.793765
40	175	0.800275
41	2	0.960316
41	8	0.904429
41	16	0.861347
41	94	0.897807
41	111	0.941549
41	115	0.869968
41	116	0.815909
41	123	0.898296
41	132	0.893895
41	173	1.51431
41	176	0.905204
41	177	0.902515
41	178	2.36907
41	180	0.855049
42	4	1.55302
42	17	0.770738
42	34	0.781156
42	35	0.87356
42	51	0.834631
42	92	0.871433
42	124	0.813746
42	127	0.809827
42	130	0.796649
42	138	0.803751
42	154	2.94053
42	171	0.83395
42	177	0.828393
42	180	0.780927
43	33	0.93805
43	36	0.908259
43	52	1.36095
43	54	0.889811
43	82	0.893559
43	85	0.886773
43	105	0.901634
43	122	1.82691
43	130	0.864525
43	138	0.871628
43	151	1.81996
43	171	0.901826
43	177	0.896269
43	180	0.848804
44	67	3.9029
44	147	0.769177
44	150	0.711361
44	151	0.810561
44	160	0.785854
44	161	0.727272
44	168	0.773907
44	170	0.670722
44	172	0.75437
44	173	0.804778
44	174	0.740957
44	175	0.747467
44	178	0.750352
44	180	0.749323
45	89	0.842813
45	123	0.833593
45	126	0.834401
45	135	0.825651
45	141	2.24896
45	156	0.799756
45	159	0.824678
45	161	0.768295
45	162	2.55407
45	165	0.84897
45	170	0.711745
45	176	0.840501
45	177	0.837812
45	179	0.831674
46	6	1.32305
46	18	0.862292
46	87	0.905204
46	107	0.919635
46	131	0.802772
46	135	0.899118
46	137	0.894971
46	139	0.897012
46	145	1.78315
46	153	0.911163
46	155	0.896356
46	159	0.898145
46	174	1.67012
46	176	0.913968
47	25	0.952166
47	32	0.851193
47	65	0.878051
47	120	1.3879
47	123	0.901673
47	140	1.91534
47	153	0.905777
47	155	0.89097
47	165	0.91705
47	170	0.779825
47	171	0.911449
47	173	1.702
47	176	0.908581
47	179	0.899754
48	61	0.713219
48	115	1.55306
48	118	0.861442
48	153	1.29868
48	157	0.921117
48	158	0.91226
48	163	0.92005
48	164	0.883403
48	166	0.856473
48	169	0.864072
48	170	0.780602
48	172	0.864251
48	173	0.914658
48	175	0.857347
48	178	0.860233
49	28	1.4441
49	140	0.87293
49	147	0.878485
49	151	0.919869
49	160	0.895162
49	164	0.882831
49	165	1.28836
49	167	0.869765
49	168	0.883215
49	169	0.863499
49	172	0.863678
49	174	0.850265
49	175	0.856775
49	177	1.20908
49	178	0.85966
50	16	2.3197
50	61	0.791126
50	70	0.85378
50	100	0.779162
50	130	0.795012
50	132	0.818136
50	141	0.83597
50	147	0.799144
50	163	0.840137
50	166	0.77656
50	173	0.834745
50	174	0.770925
50	176	1.8903
50	177	0.826756
50	180	0.77929
51	11	3.36917
51	42	0.834631
51	61	0.857979
51	84	1.17368
51	111	0.932644
51	124	0.878963
51	127	0.875044
51	129	0.862787
51	130	0.861866
51	132	0.88499
51	138	0.868968
51	163	0.509837
51	171	0.899167
51	177	0.893609
51	180	0.846144
52	12	1.02594
52	43	1.36095
52	80	0.707979
52	89	1.0751
52	120	0.965225
52	142	0.907812
52	145	0.906947
52	148	0.96726
52	158	0.959127
52	164	0.93027
52	167	0.917205
52	169	0.910939
52	174	0.897705
52	175	0.904215
52	178	0.9071
52	179	0.794937
53	21	1.21961
53	68	1.57181
53	113	1.36034
53	133	0.903244
53	144	0.837579
53	147	0.864515
53	149	0.856065
53	154	0.895566
53	166	0.84193
53	167	0.855795
53	168	0.869245
53	172	0.849708
53	173	0.900116
53	174	0.836295
53	175	0.842804
53	178	0.84569
54	34	0.833676
54	43	0.889811
54	82	0.878203
54	88	0.861678
54	117	0.844317
54	127	0.862348
54	129	0.85009
54	130	0.849169
54	132	0.872294
54	138	0.856272
54	156	0.797802
54	170	4.58001
54	171	0.88647
54	175	0.505281
54	177	0.880913
54	180	0.833448
55	12	0.899446
55	118	0.781812
55	135	1.9104
55	143	0.779106
55	144	0.772493
55	149	0.790978
55	153	2.31895
55	157	0.841487
55	162	0.80588
55	164	0.803774
55	167	0.790709
55	168	0.804158
55	169	0.784442
55	172	0.784621
55	178	0.780604
55	180	0.779574
56	27	0.839199
56	73	1.41244
56	77	0.847627
56	107	1.47205
56	148	0.897394
56	158	0.889262
56	160	0.872736
56	161	0.814155
56	162	0.862511
56	163	0.897052
56	167	0.84734
56	168	0.860789
56	169	0.841074
56	173	0.89166
56	177	1.09776
56	178	0.837235
57	61	0.840801
57	70	0.903456
57	88	0.857197
57	91	0.861317
57	105	0.881796
57	112	1.52319
57	120	1.61176
57	127	0.857866
57	129	0.845609
57	130	0.844688
57	132	0.867812
57	138	0.85179
57	143	2.47908
57	171	0.881989
57	177	0.876432
57	180	0.828966
58	81	1.6474
58	137	1.21981
58	141	0.897882
58	149	0.852606
58	153	1.10118
58	154	0.892108
58	157	0.903115
58	162	0.867508
58	166	0.838472
58	169	0.84607
58	172	0.846249
58	173	0.896657
58	174	0.832837
58	175	0.839346
58	178	0.842232
58	180	0.841202
59	16	1.92805
59	74	0.90031
59	91	1.23203
59	105	1.19262
59	133	0.886631
59	142	0.829789
59	145	0.828924
59	157	0.889962
59	162	0.854354
59	164	0.852248
59	166	0.825318
59	167	0.839183
59	169	0.832917
59	173	0.883504
59	174	0.819683
59	175	0.826192
59	178	0.829078
60	23	0.883385
60	65	0.89252
60	67	0.971033
60	83	0.923075
60	95	0.913929
60	123	0.916142
60	126	0.91695
60	135	0.9082
60	139	0.906095
60	153	0.920246
60	159	0.907227
60	165	0.931519
60	166	1.90381
60	167	1.41119
60	168	1.26695
60	175	1.72478
60	179	0.914223
61	48	0.713219
61	50	0.791126
61	51	0.857979
61	57	0.840801
61	70	0.878765
61	80	0.867544
61	82	0.849031
61	92	0.894781
61	105	0.857105
61	111	0.890775
61	130	0.819997
61	132	0.843121
61	150	2.92771
61	156	2.16955
61	171	0.857298
61	177	0.851741
61	180	0.804275
62	3	1.73459
62	11	0.774154
62	65	0.838737
62	78	0.828571
62	86	0.872418
62	98	1.68268
62	106	0.830214
62	107	0.874935
62	110	0.856774
62	114	0.843105
62	121	0.866216
62	155	0.851656
62	171	0.872135
62	176	0.869267
62	177	0.866578
62	179	0.86044
62	180	2.25417
63	66	0.918259
63	116	0.792529
63	120	0.890824
63	126	1.62854
63	139	1.23067
63	148	0.892858
63	155	1.41729
63	156	0.841079
63	160	0.8682
63	162	0.857975
63	166	0.828939
63	167	0.842804
63	168	0.856253
63	170	0.753068
63	172	0.836716
63	173	0.887124
63	178	0.832699
64	75	1.14694
64	92	1.39001
64	100	0.836992
64	140	0.851419
64	150	0.799159
64	151	0.898358
64	152	0.857337
64	154	0.888026
64	157	0.899034
64	166	0.83439
64	167	0.848255
64	169	0.841989
64	172	0.842168
64	174	0.828755
64	175	0.835264
64	177	1.64337
64	178	0.83815
65	1	0.843008
65	18	0.810544
65	23	0.822554
65	30	0.806535
65	47	0.878051
65	60	0.89252
65	62	0.838737
65	95	0.853097
65	128	0.867525
65	137	0.843222
65	144	2.30819
65	149	1.74274
65	153	0.859414
65	165	0.870688
65	167	1.89421
65	176	0.862219
65	179	0.853392
66	14	1.65195
66	63	0.918259
66	94	1.23096
66	99	0.956961
66	104	0.862303
66	112	0.956086
66	122	0.9299
66	141	0.935708
66	151	0.940266
66	163	0.939876
66	164	0.903228
66	165	0.568394
66	168	0.903613
66	169	0.883897
66	172	0.884076
66	174	0.870663
66	175	0.877172
67	17	0.880389
67	29	0.820841
67	44	3.9029
67	60	0.971033
67	69	0.450963
67	104	0.956093
67	113	0.90555
67	131	0.829537
67	137	0.921735
67	139	0.923777
67	159	0.924909
67	165	0.949201
67	167	0.768618
67	171	0.9436
67	176	0.940732
67	178	1.04363
67	179	0.931905
68	23	0.81741
68	53	1.57181
68	86	0.860226
68	87	0.848311
68	103	0.857443
68	107	0.862743
68	114	0.830912
68	119	0.864484
68	123	0.850167
68	128	0.862381
68	131	0.745879
68	137	0.838078
68	139	0.84012
68	155	0.839463
68	159	0.841252
68	175	2.42135
68	179	0.848247
68	180	2.00258
69	67	0.450963
69	83	1.62147
69	122	0.929643
69	124	0.853172
69	149	0.890176
69	151	0.94001
69	153	1.6031
69	156	0.888182
69	161	0.856721
69	162	0.905077
69	163	0.939619
69	164	0.902972
69	166	0.876041
69	167	0.889906
69	169	0.88364
69	172	0.883819
69	173	0.934227
69	175	0.876916
70	15	0.712602
70	50	0.85378
70	57	0.903456
70	61	0.878765
70	91	0.899281
70	92	0.957435
70	111	0.95343
70	117	0.877799
70	127	0.89583
70	130	0.882651
70	132	0.905776
70	138	0.889754
70	154	0.465375
70	170	4.69784
70	171	0.919953
70	172	0.547515
70	177	0.914395
70	180	0.86693
71	1	1.81358
71	114	1.17819
71	125	0.905176
71	128	0.907196
71	144	0.869223
71	148	0.937493
71	149	0.887709
71	157	0.938218
71	162	0.90261
71	163	0.937151
71	164	0.900504
71	167	0.887439
71	172	0.881352
71	173	0.93176
71	174	0.867939
71	175	0.874448
71	177	0.693424
71	178	0.877334
72	85	1.55849
72	88	1.50892
72	97	0.822956
72	106	0.832722
72	127	1.3683
72	137	0.852778
72	143	0.821152
72	150	0.783658
72	155	0.854164
72	159	0.855952
72	162	0.847926
72	166	0.81889
72	168	0.846204
72	172	0.826667
72	173	0.877075
72	176	0.871775
72	178	0.822649
72	179	0.862948
73	30	0.810439
73	56	1.41244
73	81	0.820557
73	90	0.853697
73	102	0.835248
73	121	0.863072
73	123	0.859215
73	135	0.851273
73	152	1.90701
73	153	0.863318
73	159	0.8503
73	161	0.793917
73	165	0.874592
73	166	2.68704
73	170	0.737367
73	176	0.866123
73	177	0.863434
73	179	0.857295
74	59	0.90031
74	93	0.82216
74	95	1.6344
74	112	0.941758
74	126	1.30554
74	131	0.80366
74	141	0.921381
74	142	0.866442
74	151	0.925939
74	158	0.917757
74	160	0.901232
74	163	0.925548
74	166	0.861971
74	167	0.875835
74	172	0.869748
74	174	0.856336
74	176	0.861103
74	178	0.86573
74	180	0.864701
75	9	0.860972
75	18	0.852773
75	20	1.60377
75	21	0.935582
75	64	1.14694
75	103	0.904816
75	114	0.878285
75	115	0.869212
75	117	0.865162
75	121	0.901397
75	146	0.902411
75	153	0.901643
75	159	0.888625
75	161	0.832242
75	166	1.87593
75	171	0.907316
75	175	1.69689
75	176	0.904448
75	179	0.895621
76	16	0.86362
76	27	1.56408
76	83	0.907502
76	102	0.876602
76	114	0.881315
76	117	0.868191
76	119	0.914887
76	123	0.900569
76	128	0.912783
76	131	0.796281
76	139	0.890522
76	146	0.90544
76	149	1.58252
76	155	0.889866
76	159	0.891654
76	160	1.36203
76	175	2.04758
76	176	0.907477
76	179	0.89865
77	22	1.34352
77	56	0.847627
77	108	1.88413
77	140	0.81816
77	148	0.86505
77	150	0.765899
77	151	0.865099
77	154	0.854767
77	157	0.865775
77	158	0.856918
77	160	0.840392
77	163	0.864708
77	164	0.828061
77	166	0.801131
77	169	0.80873
77	172	0.808908
77	175	0.802005
77	178	0.804891
77	179	1.90837
78	62	0.828571
78	99	1.61843
78	104	0.867414
78	106	0.813
78	107	0.857721
78	109	0.851072
78	115	0.816817
78	137	0.833056
78	139	0.835098
78	146	0.850016
78	152	2.204
78	155	0.834442
78	161	0.779848
78	165	0.860522
78	170	0.723297
78	171	0.854921
78	176	0.852053
78	178	2.76642
78	179	0.843226
79	104	1.63092
79	119	1.69355
79	136	0.857427
79	138	0.0532184
79	146	1.12005
79	148	0.928341
79	149	0.878556
79	152	0.887368
79	157	0.929065
79	158	0.920208
79	167	0.878286
79	168	0.891736
79	169	0.87202
79	172	0.872199
79	173	0.922607
79	174	0.858786
79	175	0.865295
79	178	0.868181
79	180	0.867152
80	36	0.915164
80	52	0.707979
80	61	0.867544
80	82	0.900465
80	88	0.88394
80	91	0.88806
80	98	1.25611
80	105	0.908539
80	116	2.43146
80	117	0.866578
80	127	0.884609
80	129	0.872351
80	130	0.87143
80	132	0.894555
80	138	0.878533
80	145	2.20222
80	171	0.908732
80	177	0.903174
80	180	0.855709
81	10	0.809495
81	58	1.6474
81	73	0.820557
81	83	0.847208
81	87	0.838419
81	89	0.849495
81	90	0.834758
81	119	0.854593
81	135	0.832333
81	155	0.829572
81	157	2.0342
81	159	0.83136
81	165	0.855652
81	170	0.718427
81	171	0.850051
81	176	0.847183
81	177	0.844494
81	179	0.838356
81	180	2.58994
82	43	0.893559
82	54	0.878203
82	61	0.849031
82	80	0.900465
82	88	0.865427
82	91	0.869547
82	92	0.927701
82	105	0.890026
82	124	0.870015
82	129	0.853838
82	130	0.852917
82	131	3.19937
82	132	0.876042
82	138	0.86002
82	145	1.19616
82	150	2.29099
82	152	0.639314
82	171	0.890219
82	177	0.884661
82	180	0.837196
83	19	1.82705
83	30	0.83709
83	60	0.923075
83	69	1.62147
83	76	0.907502
83	81	0.847208
83	98	1.4906
83	108	0.899246
83	113	0.857592
83	134	1.62222
83	135	0.877924
83	136	0.832894
83	139	0.875819
83	155	0.875163
83	159	0.876951
83	161	0.820568
83	165	0.901243
83	176	0.892774
83	177	0.890085
83	179	0.883947
84	39	0.369269
84	51	1.17368
84	128	2.06106
84	133	0.903783
84	140	0.859499
84	151	0.906437
84	154	0.896105
84	157	0.907113
84	158	0.898256
84	160	0.88173
84	162	0.871505
84	164	0.869399
84	166	0.842469
84	167	0.856334
84	168	0.869784
84	169	0.850068
84	173	0.900655
84	174	0.836834
84	177	1.84729
84	178	0.846229
85	2	0.935676
85	35	0.923043
85	39	0.917228
85	43	0.886773
85	72	1.55849
85	88	0.858641
85	91	0.862761
85	105	0.88324
85	124	0.863229
85	127	0.85931
85	129	0.847052
85	130	0.846131
85	132	0.869256
85	138	0.853234
85	156	2.5447
85	160	1.56664
85	163	1.24231
85	171	0.883433
85	177	0.877875
85	180	0.83041
86	1	0.876689
86	62	0.872418
86	68	0.860226
86	104	0.911261
86	107	0.901568
86	115	0.860664
86	126	0.8898
86	131	0.784704
86	137	0.876903
86	146	0.893863
86	148	1.46545
86	150	0.807783
86	154	1.67114
86	158	1.69833
86	159	0.880077
86	165	0.904369
86	171	0.898768
86	176	0.8959
86	179	0.887073
86	180	2.28621
87	28	0.91589
87	46	0.905204
87	68	0.848311
87	81	0.838419
87	90	0.87156
87	94	0.876588
87	109	0.883004
87	113	0.848804
87	121	0.880934
87	122	1.39281
87	137	0.864988
87	140	1.78524
87	146	0.881949
87	149	2.00017
87	153	0.881181
87	155	0.866374
87	164	1.90169
87	176	0.883986
87	177	0.881296
87	179	0.875158
88	39	0.907489
88	54	0.861678
88	57	0.857197
88	72	1.50892
88	80	0.88394
88	82	0.865427
88	85	0.858641
88	91	0.853022
88	92	0.911176
88	111	0.907171
88	124	0.85349
88	129	0.837313
88	130	0.836392
88	132	0.859517
88	138	0.843495
88	143	1.8625
88	145	2.15846
88	164	1.63908
88	171	0.873694
88	177	0.868136
88	180	0.820671
89	11	0.799948
89	45	0.842813
89	52	1.0751
89	81	0.849495
89	102	0.864187
89	113	0.859879
89	114	0.868899
89	117	0.855776
89	121	0.89201
89	126	0.888961
89	139	0.878106
89	146	0.893024
89	148	1.37395
89	155	0.87745
89	159	0.879238
89	165	0.90353
89	170	0.766305
89	172	2.53789
89	176	0.895061
89	179	0.886234
89	180	2.19471
90	73	0.853697
90	81	0.834758
90	87	0.87156
90	109	0.879343
90	114	0.854161
90	115	0.845088
90	117	0.841038
90	126	0.874223
90	128	0.88563
90	141	1.7927
90	146	0.878287
90	153	0.877519
90	154	1.72488
90	155	0.862713
90	156	0.839579
90	159	0.864501
90	162	2.09781
90	165	0.888793
90	173	1.86539
90	176	0.880324
90	179	0.871497
91	9	0.831469
91	15	1.97929
91	26	0.904468
91	57	0.861317
91	59	1.23203
91	70	0.899281
91	80	0.88806
91	82	0.869547
91	85	0.862761
91	88	0.853022
91	111	0.911291
91	124	0.85761
91	125	1.62355
91	127	0.853691
91	129	0.841434
91	130	0.840512
91	138	0.847615
91	156	2.18231
91	171	0.877814
91	177	0.872256
91	180	0.824791
92	26	0.962622
92	42	0.871433
92	61	0.894781
92	64	1.39001
92	70	0.957435
92	82	0.927701
92	88	0.911176
92	105	0.935776
92	111	0.969445
92	122	0.867545
92	124	0.915764
92	127	0.911846
92	129	0.899588
92	130	0.898667
92	132	0.921791
92	138	0.905769
92	150	2.99065
92	157	0.965459
92	162	1.27905
92	177	0.930411
92	180	0.882945
93	15	0.901474
93	74	0.82216
93	94	0.931437
93	108	0.945306
93	113	0.903653
93	128	0.944141
93	133	1.26116
93	135	0.923985
93	139	0.921879
93	144	2.21786
93	146	0.936798
93	150	0.850718
93	155	0.921223
93	156	0.89809
93	161	0.866629
93	162	1.45656
93	165	0.947303
93	171	0.941703
93	176	0.938835
93	179	0.930007
93	180	1.6987
94	32	0.827964
94	41	0.897807
94	66	1.23096
94	87	0.876588
94	93	0.931437
94	97	2.25523
94	99	1.7486
94	103	0.88572
94	106	0.846299
94	109	0.884371
94	119	0.892762
94	136	0.825472
94	137	0.866355
94	139	0.868397
94	151	1.85579
94	155	0.867741
94	156	0.844607
94	159	0.869529
94	170	0.756596
94	176	0.885352
94	179	0.876525
95	14	0.841774
95	60	0.913929
95	65	0.853097
95	74	1.6344
95	102	0.852753
95	108	0.890099
95	115	0.848392
95	121	0.880577
95	122	1.85729
95	135	0.868778
95	148	1.69017
95	153	0.880823
95	155	0.866016
95	156	0.842883
95	158	1.92305
95	159	0.867805
95	165	0.892096
95	170	0.754871
95	171	0.886496
95	176	0.883628
95	179	0.8748
96	6	0.863465
96	31	0.851639
96	101	0.833446
96	117	1.53417
96	128	1.39557
96	141	0.896031
96	143	0.838882
96	144	0.83227
96	145	0.840227
96	148	0.90054
96	154	0.890257
96	155	1.37808
96	158	0.892407
96	163	0.900198
96	164	0.863551
96	167	0.850485
96	168	0.863935
96	170	0.76075
96	172	0.844398
96	175	0.837495
96	177	1.1818
96	178	0.84038
97	40	0.803467
97	72	0.822956
97	94	2.25523
97	107	1.88767
97	116	0.754635
97	119	1.94921
97	142	0.795516
97	145	0.794651
97	149	0.805179
97	151	0.855013
97	152	0.813992
97	154	0.844681
97	158	0.846832
97	162	0.820081
97	166	0.791045
97	167	0.80491
97	168	0.818359
97	169	0.798644
97	172	0.798822
97	173	0.84923
97	174	0.78541
97	178	0.794805
98	26	0.927375
98	62	1.68268
98	80	1.25611
98	83	1.4906
98	112	0.950844
98	125	0.902658
98	143	0.873318
98	145	0.874662
98	148	0.934975
98	151	0.935024
98	152	0.894003
98	154	0.924692
98	158	0.926843
98	160	0.910317
98	162	0.900092
98	168	0.89837
98	169	0.878655
98	170	0.795185
98	171	1.26143
98	172	0.878833
98	175	0.87193
98	178	0.874816
98	180	0.873787
99	66	0.956961
99	78	1.61843
99	94	1.7486
99	111	0.197301
99	117	1.35913
99	120	0.929526
99	133	0.928955
99	141	0.927051
99	158	0.923428
99	160	0.906902
99	161	0.848321
99	162	0.896677
99	163	0.931219
99	164	0.894571
99	166	0.867641
99	167	0.881506
99	170	0.791771
99	171	1.06512
99	172	0.875419
99	173	0.925827
99	175	0.868515
99	178	0.871401
99	180	0.870372
100	50	0.779162
100	64	0.836992
100	103	2.02392
100	122	0.843182
100	140	0.80661
100	142	0.794052
100	143	0.791842
100	144	0.78523
100	147	0.812165
100	152	0.812527
100	158	0.845367
100	159	1.92973
100	160	0.828842
100	162	0.818616
100	163	0.853158
100	166	0.78958
100	168	0.816895
100	169	0.797179
100	170	0.71371
100	172	0.797358
100	174	0.783945
100	176	2.07506
100	178	0.79334
101	37	1.7563
101	96	0.833446
101	109	2.19289
101	125	0.815406
101	140	0.800833
101	141	0.843214
101	142	0.788275
101	146	2.05179
101	149	0.797938
101	151	0.847772
101	152	0.806751
101	160	0.823065
101	163	0.847381
101	164	0.810734
101	166	0.783804
101	167	0.797669
101	168	0.811118
101	169	0.791402
101	172	0.791581
101	173	0.841989
101	174	0.778169
101	178	0.787564
102	10	0.824186
102	14	0.820021
102	32	0.804487
102	37	0.88573
102	73	0.835248
102	76	0.876602
102	89	0.864187
102	95	0.852753
102	106	0.822822
102	107	0.867543
102	115	0.826639
102	123	0.854967
102	128	0.867181
102	155	0.844263
102	159	0.846052
102	160	1.94299
102	161	0.789669
102	165	0.870344
102	168	2.17072
102	170	0.733119
102	173	1.73521
102	174	2.47135
102	176	0.861875
102	179	0.853047
103	13	0.95384
103	32	0.835729
103	37	0.916972
103	68	0.857443
103	75	0.904816
103	94	0.88572
103	100	2.02392
103	107	0.898785
103	113	0.857935
103	126	0.887017
103	135	0.878267
103	137	0.87412
103	146	0.89108
103	147	2.05618
103	152	1.50428
103	153	0.890312
103	157	1.13077
103	159	0.877294
103	161	0.820911
103	165	0.901586
103	168	1.64745
103	176	0.893117
103	177	0.890428
103	179	0.88429
104	16	0.864253
104	17	0.847766
104	66	0.862303
104	67	0.956093
104	78	0.867414
104	79	1.63092
104	86	0.911261
104	106	0.869057
104	108	0.914582
104	110	0.895617
104	113	0.872928
104	115	0.872874
104	123	0.901202
104	137	0.889113
104	146	0.906073
104	148	1.32698
104	149	2.10146
104	153	0.905305
104	159	0.892287
104	161	0.835904
104	165	0.916579
104	168	2.10869
104	170	0.779354
104	177	0.905421
105	2	0.950536
105	7	0.851777
105	26	0.924947
105	34	0.845498
105	43	0.901634
105	57	0.881796
105	59	1.19262
105	61	0.857105
105	80	0.908539
105	82	0.890026
105	85	0.88324
105	92	0.935776
105	124	0.878089
105	127	0.87417
105	129	0.861913
105	130	0.860992
105	132	0.884116
105	138	0.868094
105	150	2.90107
105	162	1.18947
105	168	1.39256
105	172	1.77479
105	177	0.892736
105	180	0.84527
106	13	0.914419
106	18	0.802021
106	22	0.88055
106	25	0.897281
106	62	0.830214
106	72	0.832722
106	78	0.813
106	94	0.846299
106	102	0.822822
106	104	0.869057
106	121	0.850645
106	137	0.834699
106	139	0.836741
106	142	1.83159
106	155	0.836085
106	156	0.812952
106	159	0.837873
106	166	2.51417
106	169	2.11916
106	170	0.72494
106	171	0.856564
106	176	0.853696
106	179	0.844869
106	180	1.91636
107	21	0.929551
107	46	0.919635
107	56	1.47205
107	62	0.874935
107	68	0.862743
107	78	0.857721
107	86	0.901568
107	97	1.88767
107	102	0.867543
107	103	0.898785
107	110	0.885924
107	115	0.863181
107	123	0.891509
107	146	0.89638
107	150	0.8103
107	153	0.895613
107	154	1.53377
107	155	0.880806
107	158	1.56095
107	159	0.882594
107	160	1.88206
107	161	0.826211
107	170	0.769661
107	177	0.895728
107	179	0.88959
108	11	0.804108
108	16	0.855364
108	17	0.838878
108	32	0.841833
108	77	1.88413
108	83	0.899246
108	93	0.945306
108	95	0.890099
108	104	0.914582
108	109	0.89824
108	114	0.873059
108	119	0.906631
108	126	0.893121
108	139	0.882266
108	146	0.897184
108	150	0.811104
108	151	1.2297
108	157	1.33457
108	159	0.883398
108	165	0.90769
108	170	0.770465
108	175	2.30908
108	176	0.899221
108	179	0.890394
108	180	1.89031
109	12	0.988916
109	22	0.918622
109	30	0.836084
109	78	0.851072
109	87	0.883004
109	90	0.879343
109	94	0.884371
109	101	2.19289
109	108	0.89824
109	114	0.865606
109	115	0.856532
109	121	0.888717
109	123	0.88486
109	125	1.9305
109	126	0.885668
109	146	0.889731
109	151	1.11737
109	155	0.874157
109	159	0.875945
109	165	0.900237
109	170	0.763012
109	175	2.19675
109	176	0.891768
109	177	0.889079
109	179	0.882941
110	5	1.48979
110	22	0.90711
110	25	0.923841
110	31	1.73532
110	38	0.908621
110	62	0.856774
110	104	0.895617
110	107	0.885924
110	114	0.854094
110	115	0.84502
110	119	0.887666
110	131	0.76906
110	135	0.865406
110	141	1.53786
110	146	0.878219
110	150	0.792139
110	153	0.877452
110	155	0.862645
110	159	0.864433
110	161	0.80805
110	162	1.84297
110	165	0.888725
110	176	0.880256
110	177	0.877567
110	179	0.871429
110	180	2.08511
111	7	0.885447
111	17	0.868751
111	34	0.879168
111	41	0.941549
111	51	0.932644
111	61	0.890775
111	70	0.95343
111	88	0.907171
111	91	0.911291
111	92	0.969445
111	99	0.197301
111	117	0.889809
111	124	0.911759
111	127	0.90784
111	129	0.895583
111	130	0.894661
111	132	0.917786
111	136	1.53227
111	138	0.901764
111	141	0.417846
111	147	1.33477
111	170	5.4586
111	171	0.931963
111	173	0.490541
111	177	0.926405
111	180	0.87894
112	7	1.34948
112	20	0.875907
112	57	1.52319
112	66	0.956086
112	74	0.941758
112	98	0.950844
112	120	0.928651
112	125	0.898368
112	126	1.30484
112	134	0.910418
112	139	0.906976
112	143	0.869028
112	148	0.930685
112	149	0.880901
112	152	0.889713
112	160	0.906027
112	162	0.895802
112	164	0.893696
112	166	0.866766
112	167	0.880631
112	168	0.894081
112	169	0.874365
112	173	0.924952
112	174	0.861131
112	176	0.860409
112	178	0.870526
112	179	1.03732
113	25	0.901152
113	28	0.889472
113	30	0.801884
113	32	0.800179
113	53	1.36034
113	67	0.90555
113	83	0.857592
113	87	0.848804
113	89	0.859879
113	93	0.903653
113	103	0.857935
113	104	0.872928
113	119	0.864977
113	121	0.854516
113	123	0.85066
113	128	0.862874
113	135	0.842718
113	137	0.83857
113	141	1.24385
113	146	0.855531
113	147	2.16078
113	165	0.866036
113	166	2.38892
113	171	0.860436
113	176	0.857568
113	178	2.17131
113	179	0.84874
114	10	0.828898
114	38	0.894952
114	62	0.843105
114	68	0.830912
114	71	1.17819
114	75	0.878285
114	76	0.881315
114	89	0.868899
114	90	0.854161
114	108	0.873059
114	109	0.865606
114	110	0.854094
114	126	0.860486
114	131	0.755391
114	135	0.851737
114	139	0.849632
114	146	0.86455
114	150	0.77847
114	153	0.863782
114	155	0.848975
114	158	1.67143
114	159	0.850764
114	163	1.66822
114	165	0.875056
114	169	2.46212
114	171	0.869455
114	174	2.52091
114	179	0.857759
115	21	0.888648
115	37	0.881369
115	41	0.869968
115	48	1.55306
115	75	0.869212
115	78	0.816817
115	86	0.860664
115	90	0.845088
115	95	0.848392
115	102	0.826639
115	104	0.872874
115	107	0.863181
115	109	0.856532
115	110	0.84502
115	117	0.818228
115	121	0.854462
115	128	0.86282
115	136	0.797633
115	140	2.03688
115	153	0.854709
115	158	1.71021
115	159	0.841691
115	162	2.05595
115	164	2.15333
115	165	0.865982
115	176	0.857514
115	177	0.854824
115	179	0.848686
116	1	0.784243
116	7	2.83058
116	13	0.864177
116	41	0.815909
116	63	0.792529
116	80	2.43146
116	97	0.754635
116	119	0.810864
116	126	0.797354
116	130	2.21159
116	133	0.811882
116	139	0.786499
116	140	0.767598
116	146	0.801417
116	147	0.773153
116	158	0.806355
116	159	0.787631
116	160	0.78983
116	165	0.811923
116	168	0.777883
116	169	0.758167
116	173	0.808754
116	174	0.744934
116	176	0.803454
116	178	0.754329
116	179	0.794627
117	5	1.53161
117	35	0.895942
117	37	0.877319
117	54	0.844317
117	70	0.877799
117	75	0.865162
117	76	0.868191
117	80	0.866578
117	89	0.855776
117	90	0.841038
117	96	1.53417
117	99	1.35913
117	111	0.889809
117	115	0.818228
117	124	0.836128
117	126	0.847363
117	129	0.819952
117	132	0.842155
117	153	0.850659
117	155	0.835852
117	159	0.837641
117	165	0.861933
117	167	2.23211
117	169	2.32973
117	171	0.856332
117	176	0.853464
117	177	0.850775
117	180	0.803309
118	25	1.89334
118	40	0.804369
118	48	0.861442
118	55	0.781812
118	125	0.823549
118	132	1.77518
118	139	2.03926
118	142	0.796418
118	147	0.814531
118	149	0.806081
118	151	0.855915
118	152	0.814894
118	157	0.856591
118	158	0.847734
118	160	0.831208
118	161	0.772627
118	162	0.820983
118	163	0.855524
118	166	0.791947
118	167	0.805812
118	168	0.819261
118	170	0.716076
118	171	2.08797
118	172	0.799725
118	173	0.850133
118	174	0.786312
118	175	0.792821
118	178	0.795707
118	180	0.794678
119	18	0.848484
119	28	0.932064
119	30	0.844475
119	68	0.864484
119	76	0.914887
119	79	1.69355
119	81	0.854593
119	94	0.892762
119	97	1.94921
119	108	0.906631
119	110	0.887666
119	113	0.864977
119	116	0.810864
119	135	0.885309
119	137	0.881162
119	139	0.883204
119	146	0.898122
119	150	0.812042
119	151	1.54977
119	153	0.897354
119	156	0.859414
119	157	1.65464
119	158	1.62249
119	159	0.884336
119	163	1.61927
119	165	0.908628
119	170	0.771403
119	171	0.903027
119	176	0.900159
119	179	0.891331
120	17	1.9221
120	24	0.803547
120	47	1.3879
120	52	0.965225
120	57	1.61176
120	63	0.890824
120	99	0.929526
120	112	0.928651
120	122	0.902465
120	142	0.853335
120	145	0.85247
120	150	0.813632
120	154	0.902499
120	156	0.861004
120	157	0.913507
120	158	0.90465
120	160	0.888124
120	162	0.877899
120	164	0.875793
120	165	1.06517
120	167	0.862728
120	168	0.876178
120	169	0.856462
120	170	0.772993
120	171	1.04426
120	172	0.856641
120	173	0.907049
120	175	0.849738
120	178	0.852623
120	179	1.12589
121	13	0.950421
121	16	0.845841
121	18	0.838023
121	22	0.916552
121	62	0.866216
121	73	0.863072
121	75	0.901397
121	87	0.880934
121	89	0.89201
121	95	0.880577
121	106	0.850645
121	109	0.888717
121	113	0.854516
121	115	0.854462
121	131	0.778503
121	134	1.57485
121	135	0.874848
121	137	0.870701
121	145	2.38934
121	146	0.887661
121	155	0.872087
121	157	1.45898
121	158	1.42683
121	159	0.873875
121	163	1.42362
121	165	0.898167
121	175	2.43349
121	176	0.889698
121	177	0.887009
121	179	0.880871
122	40	0.853002
122	43	1.82691
122	66	0.9299
122	69	0.929643
122	87	1.39281
122	92	0.867545
122	95	1.85729
122	100	0.843182
122	120	0.902465
122	140	0.85761
122	145	0.844187
122	148	0.9045
122	149	0.854715
122	151	0.904548
122	154	0.894216
122	155	1.31718
122	157	0.905224
122	158	0.896367
122	160	0.879841
122	163	0.904158
122	164	0.86751
122	166	0.84058
122	167	0.854445
122	168	0.867895
122	171	1.17927
122	173	0.898766
122	174	0.834945
122	175	0.841455
122	178	0.84434
122	180	0.843311
123	4	0.194177
123	38	0.914207
123	41	0.898296
123	45	0.833593
123	47	0.901673
123	60	0.916142
123	68	0.850167
123	73	0.859215
123	76	0.900569
123	102	0.854967
123	104	0.901202
123	107	0.891509
123	109	0.88486
123	113	0.85066
123	128	0.891148
123	135	0.870992
123	137	0.866844
123	139	0.868886
123	140	1.93554
123	147	2.56643
123	149	2.15047
123	153	0.883037
123	155	0.86823
123	160	1.92999
123	163	1.60566
123	170	0.757085
123	171	0.88871
123	176	0.885842
123	177	0.883152
123	179	0.877014
124	7	0.831766
124	20	1.61944
124	26	0.904936
124	33	0.914505
124	34	0.825487
124	35	0.917892
124	36	0.884714
124	39	0.912077
124	42	0.813746
124	51	0.878963
124	69	0.853172
124	82	0.870015
124	85	0.863229
124	88	0.85349
124	91	0.85761
124	92	0.915764
124	105	0.878089
124	111	0.911759
124	117	0.836128
124	127	0.854159
124	129	0.841902
124	130	0.84098
124	131	3.67163
124	132	0.864105
124	138	0.848083
124	157	0.73806
124	161	2.22346
124	169	1.4966
124	171	0.878282
124	177	0.872724
124	180	0.825259
125	27	0.824305
125	28	2.1621
125	71	0.905176
125	91	1.62355
125	98	0.902658
125	101	0.815406
125	109	1.9305
125	112	0.898368
125	118	0.823549
125	136	0.811586
125	138	0.722569
125	142	0.823052
125	143	0.820843
125	144	0.81423
125	151	0.882549
125	156	0.830721
125	161	0.79926
125	162	0.847617
125	163	0.882158
125	164	0.845511
125	166	0.818581
125	168	0.845895
125	169	0.826179
125	172	0.826358
125	173	0.876766
125	174	0.812946
125	175	0.819455
125	176	1.89017
125	178	0.822341
125	180	0.821311
126	10	0.848961
126	45	0.834401
126	60	0.91695
126	63	1.62854
126	74	1.30554
126	86	0.8898
126	89	0.888961
126	90	0.874223
126	103	0.887017
126	108	0.893121
126	109	0.885668
126	112	1.30484
126	114	0.860486
126	116	0.797354
126	117	0.847363
126	128	0.891955
126	135	0.871799
126	146	0.884612
126	150	0.798532
126	151	1.52147
126	153	0.883844
126	155	0.869038
126	156	0.845904
126	159	0.870826
126	160	1.9153
126	161	0.814443
126	165	0.895118
126	174	2.44366
126	176	0.886649
126	177	0.88396
126	179	0.877822
127	2	0.926606
127	9	0.828018
127	17	0.811151
127	26	0.901017
127	33	0.910586
127	36	0.880795
127	39	0.908158
127	42	0.809827
127	51	0.875044
127	54	0.862348
127	57	0.857866
127	70	0.89583
127	72	1.3683
127	80	0.884609
127	85	0.85931
127	91	0.853691
127	92	0.911846
127	105	0.87417
127	111	0.90784
127	124	0.854159
127	129	0.837983
127	130	0.837062
127	136	2.21039
127	138	0.844164
127	142	1.55845
127	161	2.57289
127	162	1.40108
127	167	1.74841
127	171	0.874363
127	177	0.868806
127	180	0.82134
128	15	0.860695
128	65	0.867525
128	68	0.862381
128	71	0.907196
128	76	0.912783
128	84	2.06106
128	90	0.88563
128	93	0.944141
128	96	1.39557
128	102	0.867181
128	113	0.862874
128	115	0.86282
128	123	0.891148
128	126	0.891955
128	131	0.78686
128	133	1.55078
128	135	0.883206
128	136	0.838176
128	137	0.879059
128	144	2.50748
128	150	0.809939
128	153	0.895251
128	155	0.880444
128	156	0.857311
128	159	0.882233
128	160	1.72155
128	161	0.82585
128	170	0.769299
128	176	0.898056
128	177	0.895366
128	179	0.889228
129	2	0.914349
129	7	0.81559
129	26	0.888759
129	33	0.898329
129	34	0.809311
129	35	0.901716
129	36	0.868538
129	51	0.862787
129	54	0.85009
129	57	0.845609
129	80	0.872351
129	82	0.853838
129	85	0.847052
129	88	0.837313
129	91	0.841434
129	92	0.899588
129	105	0.861913
129	111	0.895583
129	117	0.819952
129	124	0.841902
129	127	0.837983
129	130	0.824804
129	132	0.847929
129	134	1.8368
129	136	2.84384
129	138	0.831907
129	141	1.72942
129	148	1.45591
129	152	2.09445
129	163	1.68557
129	171	0.862105
129	177	0.856548
129	180	0.809083
130	7	0.814669
130	33	0.897408
130	36	0.867617
130	39	0.89498
130	42	0.796649
130	43	0.864525
130	50	0.795012
130	51	0.861866
130	54	0.849169
130	57	0.844688
130	61	0.819997
130	70	0.882651
130	80	0.87143
130	82	0.852917
130	85	0.846131
130	88	0.836392
130	91	0.840512
130	92	0.898667
130	105	0.860992
130	111	0.894661
130	116	2.21159
130	124	0.84098
130	127	0.837062
130	129	0.824804
130	132	0.847007
130	133	1.17019
130	136	2.1749
130	138	0.830986
130	161	2.5374
130	164	1.46297
130	166	2.20554
130	171	0.861184
130	177	0.855627
130	180	0.808162
131	11	0.686441
131	19	0.757526
131	23	0.741889
131	46	0.802772
131	67	0.829537
131	68	0.745879
131	74	0.80366
131	76	0.796281
131	82	3.19937
131	86	0.784704
131	110	0.76906
131	114	0.755391
131	121	0.778503
131	124	3.67163
131	128	0.78686
131	134	0.77232
131	138	2.94788
131	144	0.724317
131	147	0.751253
131	151	0.792636
131	154	0.782304
131	157	0.793312
131	163	0.792246
131	164	0.755598
131	165	0.790022
131	168	0.755983
131	169	0.736267
131	171	0.784422
131	173	0.786854
131	174	0.723033
131	175	0.729542
131	176	0.781554
131	178	0.732428
131	179	0.772726
132	2	0.936552
132	7	0.837793
132	12	0.731075
132	34	0.831514
132	35	0.923919
132	36	0.890741
132	39	0.918104
132	41	0.893895
132	50	0.818136
132	51	0.88499
132	54	0.872294
132	57	0.867812
132	61	0.843121
132	70	0.905776
132	80	0.894555
132	82	0.876042
132	85	0.869256
132	88	0.859517
132	92	0.921791
132	105	0.884116
132	111	0.917786
132	117	0.842155
132	118	1.77518
132	124	0.864105
132	129	0.847929
132	130	0.847007
132	138	0.85411
132	150	2.98959
132	154	0.905069
132	156	2.23143
132	161	2.4498
132	171	0.884309
132	173	1.04558
132	177	0.878751
132	180	0.831286
133	23	1.97448
133	33	0.902239
133	53	0.903244
133	59	0.886631
133	84	0.903783
133	93	1.26116
133	99	0.928955
133	116	0.811882
133	128	1.55078
133	130	1.17019
133	134	0.891944
133	143	0.850554
133	144	0.843941
133	145	0.851898
133	147	0.870876
133	148	0.912211
133	149	0.862426
133	152	0.871239
133	153	1.60618
133	154	0.901928
133	158	0.904079
133	160	0.887553
133	162	0.877328
133	163	0.911869
133	164	0.875222
133	167	0.862157
133	168	0.875606
133	169	0.855891
133	172	0.856069
133	173	0.906477
133	174	0.842657
133	175	0.849166
133	178	0.852052
133	179	1.47701
133	180	0.851023
134	6	0.857475
134	31	0.845649
134	83	1.62222
134	112	0.910418
