1	114	0.9965
1	125	0.961093
1	136	0.963356
1	139	0.950577
1	141	0.981024
1	142	0.984092
1	144	1.20447
1	146	0.889582
1	148	0.941475
1	153	0.970411
1	156	0.971177
1	177	1.50745
2	116	0.978741
2	138	1.11726
2	154	0.942698
2	165	0.947408
2	167	1.00151
2	172	0.977759
2	174	0.976674
2	175	0.93243
2	177	0.973428
2	178	0.959812
2	179	0.967278
2	180	0.961989
3	123	1.07492
3	128	1.06171
3	131	1.71668
3	140	1.06746
3	142	1.09669
3	143	1.08539
3	146	1.00218
3	148	1.05408
3	153	1.08301
3	156	1.08378
3	167	0.614083
3	169	0.576164
4	13	1.09745
4	18	1.12125
4	20	0.994036
4	32	1.09802
4	42	1.05091
4	46	1.05054
4	51	1.05008
4	144	1.06416
4	145	0.730941
4	159	1.07109
4	167	0.972319
4	180	1.18602
5	9	0.687666
5	107	0.830351
5	164	0.482258
5	166	1.11229
5	167	1.09675
5	172	1.073
5	173	1.09084
5	175	1.02767
5	177	1.06867
5	178	1.05505
5	179	1.06252
5	180	1.05723
6	84	0.621157
6	97	0.767727
6	108	0.551385
6	169	1.11333
6	171	1.11215
6	173	1.08907
6	174	1.07014
6	175	1.0259
6	177	1.0669
6	178	1.05328
6	179	1.06075
6	180	1.05546
7	15	0.722608
7	35	1.09832
7	50	1.07301
7	53	1.05955
7	63	1.03624
7	71	1.10541
7	78	1.08682
7	145	0.691943
7	146	1.50881
7	157	1.03484
7	158	1.01266
7	170	1.09134
8	87	1.05645
8	106	1.07489
8	107	1.06621
8	108	1.06701
8	111	1.06439
8	119	1.07806
8	132	1.08269
8	134	1.0737
8	138	1.05618
8	147	1.04772
8	169	0.873189
8	174	0.985303
9	5	0.687666
9	49	1.05399
9	60	1.11558
9	72	1.01816
9	77	1.07634
9	82	1.0578
9	86	1.05776
9	93	1.09455
9	94	0.825225
9	159	1.06833
9	164	1.0636
9	171	1.18097
10	138	0.946946
10	148	1.13724
10	160	0.993157
10	163	0.985295
10	171	0.998302
10	172	0.957378
10	173	0.975217
10	174	0.956294
10	177	0.953047
10	178	0.939432
10	179	0.946898
10	180	0.941608
11	47	0.819417
11	93	0.683372
11	140	0.678111
11	166	1.08403
11	171	1.08567
11	172	1.04474
11	173	1.06258
11	174	1.04366
11	175	0.999414
11	177	1.04041
11	178	1.0268
11	179	1.03426
11	180	1.02897
12	47	0.868135
12	100	0.650001
12	163	1.0711
12	166	1.08248
12	169	1.08529
12	170	0.656787
12	172	1.04319
12	174	1.0421
12	175	0.997856
12	177	1.03885
12	178	1.02524
12	179	1.0327
12	180	1.02742
13	4	1.09745
13	18	1.09854
13	20	0.971319
13	32	1.0753
13	42	1.02819
13	46	1.02783
13	51	1.02736
13	120	0.980947
13	135	0.883323
13	144	1.04144
13	147	1.07824
13	159	1.04838
13	179	1.13163
14	30	0.92489
14	45	0.968643
14	58	0.930552
14	62	0.84508
14	66	0.923541
14	70	0.920934
14	83	0.89887
14	89	2.20573
14	91	0.947039
14	99	0.982183
14	100	0.9823
14	105	0.971295
14	176	0.972013
15	7	0.722608
15	77	0.774246
15	119	0.739855
15	165	1.00645
15	166	1.0761
15	167	1.06055
15	168	1.06792
15	169	1.07891
15	172	1.0368
15	174	1.03572
15	177	1.03247
15	179	1.02632
15	180	1.02103
16	43	0.911043
16	116	2.45638
16	134	0.899039
16	149	0.91418
16	152	0.815017
16	157	0.844059
16	158	0.821878
16	164	0.896298
16	170	0.900562
16	173	0.872851
16	177	0.850681
16	179	0.844532
16	180	0.839242
17	37	0.968178
17	49	0.938811
17	60	1.0004
17	72	0.902975
17	77	0.96116
17	82	0.942617
17	86	0.942581
17	93	0.979366
17	94	1.16371
17	152	0.867139
17	159	0.953144
17	164	0.94842
17	174	1.7306
18	4	1.12125
18	13	1.09854
18	20	0.995127
18	32	1.09911
18	42	1.052
18	46	1.05164
18	51	1.05117
18	112	0.535133
18	144	1.06525
18	146	1.11861
18	154	1.26974
18	159	1.07218
19	35	1.07157
19	50	1.04627
19	53	1.03281
19	63	1.00949
19	71	1.07866
19	78	1.06008
19	118	1.03571
19	147	0.99343
19	157	1.00809
19	158	0.985914
19	170	1.0646
19	179	1.04682
19	180	1.07053
20	4	0.994036
20	13	0.971319
20	18	0.995127
20	32	0.971892
20	42	0.924778
20	46	0.924417
20	51	0.923952
20	98	0.932717
20	120	0.877537
20	144	0.938033
20	147	1.51095
20	151	1.43166
20	159	0.944966
21	52	0.934933
21	60	1.00646
21	61	0.91825
21	72	0.90904
21	77	0.967225
21	82	0.948682
21	86	0.948647
21	93	0.985431
21	152	0.873204
21	158	1.66277
21	159	0.959209
21	164	0.954485
21	180	1.2911
22	162	0.951655
22	165	0.837902
22	168	0.899364
22	169	0.910359
22	171	0.909177
22	172	0.868253
22	173	0.886092
22	175	0.822924
22	176	2.24998
22	178	0.850307
22	179	0.857772
22	180	0.852483
23	69	0.906547
23	79	0.961245
23	103	0.958998
23	106	0.947687
23	111	0.937191
23	117	0.96602
23	132	0.955493
23	134	0.946496
23	138	0.928978
23	151	1.55903
23	166	1.36413
23	170	0.948019
23	176	0.952851
24	39	1.04595
24	58	1.01869
24	62	0.965592
24	70	1.00907
24	83	0.987004
24	91	1.03517
24	99	1.07032
24	100	1.07043
24	105	1.05943
24	145	1.05409
24	146	1.31933
24	176	1.06015
24	177	0.853627
25	111	0.580717
25	139	0.9068
25	160	1.07911
25	164	0.64284
25	165	1.01298
25	171	1.08426
25	172	1.04333
25	173	1.06117
25	174	1.04225
25	177	1.039
25	178	1.02538
25	179	1.03285
25	180	1.02756
26	87	1.18708
26	119	1.06376
26	160	0.980887
26	168	0.976219
26	169	0.987215
26	171	0.986032
26	172	0.945108
26	174	0.944023
26	175	0.899779
26	177	0.940777
26	178	0.927162
26	179	0.934627
26	180	0.929338
27	37	1.0683
27	52	1.02899
27	61	1.01231
27	77	1.06128
27	82	1.04274
27	86	1.0427
27	93	1.07949
27	118	1.1825
27	144	0.900211
27	152	0.967262
27	159	1.05327
27	164	1.04854
27	168	1.0007
28	63	1.00497
28	78	1.05556
28	102	1.06104
28	107	1.05107
28	136	1.04947
28	138	1.04103
28	148	1.02759
28	156	1.05729
28	157	1.00357
28	169	0.723544
28	170	1.06007
28	175	1.30018
28	178	1.06072
29	93	1.1665
29	164	1.14153
29	165	0.916773
29	167	0.970872
29	168	0.978235
29	171	0.988047
29	172	0.947124
29	173	0.964962
29	174	0.946039
29	177	0.942792
29	178	0.929177
29	179	0.936643
29	180	0.931353
30	14	0.92489
30	44	0.982576
30	58	0.942182
30	65	0.743085
30	70	0.932564
30	100	0.99393
30	105	0.982925
30	145	0.977589
30	146	1.95841
30	147	0.947266
30	151	0.923538
30	176	0.983643
31	81	0.714161
31	107	0.96979
31	162	1.12638
31	165	1.01263
31	166	1.08227
31	173	1.06082
31	174	1.0419
31	175	0.997653
31	176	0.48224
31	177	1.03865
31	178	1.02504
31	179	1.0325
31	180	1.02721
32	4	1.09802
32	13	1.0753
32	18	1.09911
32	20	0.971892
32	42	1.02876
32	46	1.0284
32	51	1.02794
32	120	0.98152
32	144	1.04202
32	157	1.034
32	158	1.38271
32	159	1.04895
32	168	0.704643
33	45	1.03973
33	58	1.00164
33	66	0.994624
33	70	0.992017
33	74	0.751445
33	83	0.969952
33	91	1.01812
33	99	1.05327
33	100	1.05338
33	105	1.04238
33	147	1.00672
33	152	1.55055
33	173	0.949862
33	176	1.0431
34	142	1.20263
34	156	1.09709
34	160	0.982426
34	165	0.916297
34	167	0.970396
34	169	0.988754
34	171	0.987572
34	173	0.964486
34	175	0.901319
34	177	0.942317
34	178	0.928701
34	179	0.936167
34	180	0.930878
35	7	1.09832
35	19	1.07157
35	43	1.03856
35	50	1.00975
35	53	0.996293
35	63	0.972975
35	71	1.04214
35	78	1.02356
35	89	1.99427
35	121	0.286913
35	154	1.13849
35	157	0.971575
35	158	0.949394
35	170	1.02808
36	50	0.892598
36	83	0.862946
36	87	0.533649
36	160	1.05065
36	163	1.04279
36	165	0.984523
36	169	1.05698
36	171	1.0558
36	173	1.03271
36	174	1.01379
36	177	1.01054
36	178	0.996927
36	179	1.00439
36	180	0.999103
37	17	0.968178
37	27	1.0683
37	41	0.911919
37	61	0.996099
37	72	0.986888
37	77	1.04507
37	82	1.02653
37	86	1.0265
37	93	1.06328
37	94	0.699636
37	152	0.951053
37	159	1.03706
37	164	1.03233
37	165	1.62241
38	55	1.11139
38	109	1.07231
38	116	1.04068
38	136	1.01915
38	139	1.00637
38	140	1.01065
38	141	1.03682
38	142	1.03989
38	146	0.945379
38	153	1.02621
38	156	1.02697
38	162	1.03756
38	164	1.02549
38	176	1.03459
39	24	1.04595
39	44	1.0155
39	66	0.968098
39	83	0.943427
39	91	0.991596
39	99	1.02674
39	100	1.02686
39	105	1.01585
39	118	1.2576
39	145	1.01052
39	147	0.980194
39	151	0.956466
39	160	1.0964
39	173	1.12969
39	176	1.01657
40	69	1.06983
40	70	0.844231
40	148	0.606374
40	160	1.02557
40	162	1.07319
40	163	1.01771
40	167	1.01354
40	169	1.0319
40	171	1.03071
40	172	0.98979
40	174	0.988705
40	175	0.944461
40	177	0.985459
40	178	0.971843
40	180	0.97402
41	37	0.911919
41	139	1.09606
41	163	1.02948
41	165	0.971213
41	167	1.02531
41	168	1.03268
41	171	1.04249
41	172	1.00156
41	173	1.0194
41	174	1.00048
41	175	0.956235
41	176	0.692643
41	177	0.997233
41	179	0.991083
41	180	0.985794
42	4	1.05091
42	13	1.02819
42	18	1.052
42	20	0.924778
42	32	1.02876
42	46	0.981287
42	51	0.980822
42	64	1.02926
42	98	0.989586
42	120	0.934406
42	144	0.994902
42	159	1.00184
42	171	0.969812
42	172	1.20179
42	180	1.32047
43	16	0.911043
43	35	1.03856
43	50	1.01325
43	53	0.999797
43	63	0.976479
43	71	1.04565
43	78	1.02707
43	98	1.01979
43	118	1.00269
43	154	1.64938
43	157	0.97508
43	158	0.952899
43	160	0.85065
43	170	1.03158
43	172	1.01779
44	30	0.982576
44	39	1.0155
44	45	1.02633
44	58	0.988239
44	65	0.93199
44	66	0.981228
44	70	0.978621
44	83	0.956556
44	91	1.00473
44	99	1.03987
44	100	1.03999
44	109	1.25457
44	151	0.969595
44	155	1.23339
44	176	1.0297
45	14	0.968643
45	33	1.03973
45	44	1.02633
45	58	0.985936
45	70	0.976318
45	83	0.954253
45	91	1.00242
45	95	1.03517
45	100	1.03768
45	105	1.02668
45	147	0.99102
45	150	0.720668
45	151	0.967292
45	152	1.6734
45	176	1.0274
46	4	1.05054
46	13	1.02783
46	18	1.05164
46	20	0.924417
46	32	1.0284
46	42	0.981287
46	51	0.980461
46	64	1.0289
46	94	0.771624
46	98	0.989225
46	120	0.934045
46	144	0.994541
46	149	1.1164
46	159	1.00147
46	178	1.56357
47	11	0.819417
47	12	0.868135
47	91	1.00117
47	93	1.04799
47	99	1.03631
47	105	1.02543
47	112	1.26555
47	123	1.00967
47	148	0.988829
47	153	1.01776
47	156	1.01853
47	159	1.02177
47	164	1.01705
47	176	1.02614
48	102	0.848186
48	123	0.892703
48	165	0.970403
48	166	1.04004
48	168	1.03187
48	169	1.04286
48	170	0.785976
48	171	1.04168
48	173	1.01859
48	174	0.999669
48	175	0.955425
48	177	0.996423
48	178	0.982807
48	179	0.990273
48	180	0.984984
49	9	1.05399
49	17	0.938811
49	52	0.983414
49	60	1.05494
49	61	0.966731
49	72	0.957521
49	77	1.01571
49	82	0.997163
49	86	0.997127
49	93	1.03391
49	137	0.959108
49	159	1.00769
49	164	1.00297
49	169	1.18513
49	177	1.33284
50	7	1.07301
50	19	1.04627
50	35	1.00975
50	36	0.892598
50	43	1.01325
50	53	0.970987
50	63	0.947669
50	71	1.01684
50	78	0.998256
50	94	1.04865
50	157	0.94627
50	158	0.924089
50	162	1.08083
50	168	1.34014
50	170	1.00277
51	4	1.05008
51	13	1.02736
51	18	1.05117
51	20	0.923952
51	32	1.02794
51	42	0.980822
51	46	0.980461
51	64	1.02844
51	98	0.98876
51	120	0.93358
51	144	0.994076
51	157	1.3696
51	159	1.00101
51	166	0.995362
51	167	1.13294
52	21	0.934933
52	27	1.02899
52	49	0.983414
52	60	1.045
52	61	0.956788
52	72	0.947578
52	77	1.00576
52	82	0.98722
52	86	0.987184
52	93	1.02397
52	152	0.911742
52	154	1.39427
52	158	1.25302
52	159	0.997747
52	164	0.993023
52	165	1.09772
53	7	1.05955
53	19	1.03281
53	35	0.996293
53	43	0.999797
53	50	0.970987
53	63	0.934213
53	71	1.00338
53	78	0.9848
53	92	1.02362
53	118	0.960428
53	147	1.10571
53	154	1.69573
53	157	0.932814
53	158	0.910633
53	170	0.989317
53	173	0.930284
54	84	0.910873
54	126	0.531126
54	142	0.566056
54	159	0.584784
54	163	1.10045
54	165	1.04219
54	166	1.11183
54	167	1.09628
54	172	1.07254
54	173	1.09038
54	174	1.07145
54	175	1.02721
54	177	1.06821
54	178	1.05459
54	179	1.06206
54	180	1.05677
55	38	1.11139
55	134	1.0109
55	162	1.06233
55	163	1.00685
55	167	1.00268
55	168	1.01004
55	170	0.784011
55	171	1.01985
55	172	0.97893
55	173	0.996769
55	174	0.977845
55	175	0.933601
55	177	0.974599
55	178	0.960983
55	179	0.968449
55	180	0.96316
56	99	0.754574
56	106	0.902312
56	107	1.1084
56	160	1.02307
56	165	0.95694
56	167	1.01104
56	168	1.0184
56	171	1.02821
56	172	0.98729
56	173	1.00513
56	174	0.986206
56	175	0.941961
56	177	0.982959
56	178	0.969344
56	179	0.97681
56	180	0.97152
57	59	1.12283
57	69	0.957069
57	79	1.01177
57	90	0.974122
57	97	0.961013
57	102	0.999505
57	132	1.00601
57	134	0.997018
57	138	0.979499
57	144	0.992068
57	145	1.12293
57	151	1.42163
57	154	0.91793
57	164	0.994277
57	170	0.998541
57	176	1.00337
58	14	0.930552
58	24	1.01869
58	30	0.942182
58	33	1.00164
58	44	0.988239
58	45	0.985936
58	66	0.940834
58	83	0.916162
58	91	0.964331
58	99	0.999475
58	105	0.988587
58	144	1.13791
58	145	0.983252
58	147	0.952929
58	171	1.19415
58	176	0.989305
58	180	1.5448
59	57	1.12283
59	78	1.08554
59	102	0.882914
59	163	0.9996
59	165	0.941332
59	167	0.995431
59	168	1.00279
59	169	1.01379
59	171	1.01261
59	172	0.971683
59	173	0.989521
59	174	0.970598
59	175	0.926354
59	177	0.967352
59	178	0.953736
59	179	0.961202
59	180	0.955913
60	9	1.11558
60	17	1.0004
60	21	1.00646
60	49	1.05494
60	52	1.045
60	61	1.02832
60	72	1.01911
60	82	1.05875
60	86	1.05871
60	93	1.0955
60	152	0.983272
60	158	1.43682
60	159	1.06928
60	163	0.765778
60	164	1.06455
60	166	0.713863
60	178	1.1507
61	21	0.91825
61	27	1.01231
61	37	0.996099
61	49	0.966731
61	52	0.956788
61	60	1.02832
61	72	0.930895
61	77	0.98908
61	82	0.970537
61	86	0.970502
61	93	1.00729
61	104	1.31954
61	150	1.08841
61	152	0.895059
61	159	0.981064
61	164	0.97634
61	169	1.44135
62	14	0.84508
62	24	0.965592
62	81	1.42673
62	160	1.00665
62	163	0.998792
62	165	0.940525
62	166	1.01017
62	168	1.00199
62	171	1.0118
62	172	0.970875
62	173	0.988714
62	174	0.969791
62	175	0.925546
62	177	0.966544
62	178	0.952929
62	179	0.960395
62	180	0.955105
63	7	1.03624
63	19	1.00949
63	28	1.00497
63	35	0.972975
63	43	0.976479
63	50	0.947669
63	53	0.934213
63	71	0.980065
63	78	0.961482
63	92	1.0003
63	94	1.01187
63	146	1.51617
63	157	0.909496
63	158	0.887315
63	169	0.902768
63	170	0.965999
63	175	1.47941
64	42	1.02926
64	46	1.0289
64	51	1.02844
64	99	1.06399
64	100	1.06411
64	105	1.05311
64	124	1.10744
64	141	1.05606
64	143	1.04782
64	144	1.04252
64	153	1.04544
64	156	1.04621
64	159	1.04945
64	160	0.9954
64	161	0.976842
64	166	0.929932
64	176	1.05382
65	30	0.743085
65	44	0.93199
65	72	0.957271
65	78	0.687181
65	108	1.03987
65	111	1.03725
65	126	1.07353
65	132	1.05555
65	142	1.05821
65	143	1.0469
65	153	1.04453
65	156	1.0453
65	163	1.03045
65	173	1.02037
65	175	0.957199
65	176	1.05291
65	179	0.992048
65	180	0.986758
66	14	0.923541
66	33	0.994624
66	39	0.968098
66	44	0.981228
66	58	0.940834
66	70	0.931215
66	83	0.909151
66	91	0.95732
66	99	0.992464
66	100	0.992582
66	105	0.981576
66	137	1.41794
66	145	0.976241
66	147	0.945918
66	150	1.29102
66	151	0.92219
66	162	1.32987
66	176	0.982294
67	93	0.77934
67	130	0.694499
67	141	0.769695
67	160	1.06108
67	164	0.754363
67	165	0.994948
67	166	1.06459
67	167	1.04905
67	168	1.05641
67	169	1.06741
67	171	1.06622
67	173	1.04314
67	174	1.02421
67	175	0.97997
67	177	1.02097
67	178	1.00735
67	179	1.01482
67	180	1.00953
68	89	0.933887
68	115	1.21074
68	126	1.07217
68	133	1.04233
68	139	1.02334
68	140	1.02761
68	141	1.05378
68	142	1.05685
68	143	1.04554
68	144	0.750509
68	148	1.01423
68	153	1.04317
68	154	0.966106
68	156	1.04394
68	164	1.04245
68	170	1.04672
68	174	1.01789
68	178	1.24295
69	23	0.906547
69	40	1.06983
69	57	0.957069
69	80	0.927661
69	88	0.90571
69	90	0.955212
69	97	0.942102
69	103	0.990609
69	106	0.979298
69	108	0.971424
69	111	0.968802
69	117	0.997631
69	119	0.982468
69	132	0.987104
69	137	1.32609
69	138	0.960589
69	161	1.49936
69	176	0.984462
70	14	0.920934
70	24	1.00907
70	30	0.932564
70	33	0.992017
70	40	0.844231
70	44	0.978621
70	45	0.976318
70	66	0.931215
70	83	0.906544
70	91	0.954713
70	99	0.989857
70	100	0.989975
70	105	0.978969
70	147	0.943311
70	151	0.919583
70	154	2.09106
70	162	1.01243
70	176	0.979687
71	7	1.10541
71	19	1.07866
71	35	1.04214
71	43	1.04565
71	50	1.01684
71	53	1.00338
71	63	0.980065
71	78	1.03065
71	94	1.08104
71	98	1.02338
71	109	0.881651
71	118	1.00628
71	157	0.978665
71	158	0.956484
71	161	1.10824
71	163	1.11324
71	168	1.10621
71	170	1.03517
72	9	1.01816
72	17	0.902975
72	21	0.90904
72	37	0.986888
72	49	0.957521
72	52	0.947578
72	60	1.01911
72	61	0.930895
72	65	0.957271
72	77	0.97987
72	82	0.961326
72	86	0.961291
72	93	0.998075
72	135	1.5388
72	144	1.40392
72	152	0.885849
72	159	0.971854
72	164	0.967129
73	79	1.03558
73	87	1.00358
73	90	0.997933
73	103	1.03333
73	106	1.02202
73	107	1.01334
73	111	1.01152
73	117	1.04035
73	119	1.02519
73	127	0.941145
73	134	1.02083
73	138	1.00331
73	147	1.27342
73	152	0.936806
73	164	1.01809
73	166	0.999236
73	170	1.02235
73	176	1.02718
73	177	1.24661
74	33	0.751445
74	126	0.828699
74	132	0.995258
74	156	0.758083
74	160	1.03928
74	162	1.08691
74	163	1.03142
74	166	1.0428
74	167	1.02725
74	168	1.03462
74	169	1.04561
74	172	1.00351
74	173	1.02134
74	174	1.00242
74	175	0.958177
74	177	0.999175
74	178	0.985559
74	179	0.993025
74	180	0.987736
75	128	1.2278
75	160	0.977991
75	162	1.02561
75	165	0.911862
75	166	0.981502
75	167	0.965961
75	168	0.973324
75	169	0.984319
75	170	1.09826
75	171	0.983136
75	172	0.942212
75	173	0.960051
75	174	0.941128
75	175	0.896883
75	176	1.00913
75	177	0.937881
75	178	0.924266
75	179	0.931732
75	180	0.926442
76	116	0.547605
76	122	0.883572
76	141	0.877685
76	148	0.876421
76	162	1.08673
76	163	1.03125
76	166	1.04262
76	167	1.02708
76	168	1.03444
76	169	1.04543
76	171	1.04425
76	172	1.00333
76	173	1.02117
76	174	1.00224
76	175	0.957999
76	177	0.998997
76	178	0.985382
76	179	0.992848
76	180	0.987558
77	9	1.07634
77	15	0.774246
77	17	0.96116
77	21	0.967225
77	27	1.06128
77	37	1.04507
77	49	1.01571
77	52	1.00576
77	61	0.98908
77	72	0.97987
77	82	1.01951
77	86	1.01948
77	93	1.05626
77	118	1.07405
77	152	0.944034
77	158	1.57033
77	159	1.03004
77	163	0.899293
77	164	1.02531
78	7	1.08682
78	19	1.06008
78	28	1.05556
78	35	1.02356
78	43	1.02707
78	50	0.998256
78	53	0.9848
78	59	1.08554
78	63	0.961482
78	65	0.687181
78	71	1.03065
78	92	1.05089
78	98	1.0048
78	118	0.987696
78	145	1.08564
78	157	0.960083
78	158	0.937901
78	160	1.25491
78	170	1.01659
79	23	0.961245
79	57	1.01177
79	73	1.03558
79	80	0.982359
79	87	1.01556
79	97	0.9968
79	102	1.03529
79	107	1.02532
79	111	1.0235
79	117	1.05233
79	134	1.03281
79	138	1.01529
79	147	1.23866
79	151	1.15937
79	152	0.948783
79	168	1.00935
79	169	1.06413
79	170	1.03433
79	176	1.03916
80	69	0.927661
80	79	0.982359
80	87	0.950363
80	88	0.895213
80	102	0.970098
80	106	0.968801
80	107	0.960126
80	111	0.958305
80	117	0.987135
80	132	0.976607
80	134	0.96761
80	138	0.950092
80	146	0.884757
80	154	0.888523
80	157	1.60207
80	167	1.36541
80	170	0.969133
80	173	1.32659
80	176	0.973965
81	31	0.714161
81	62	1.42673
81	84	0.993698
81	92	1.03941
81	125	0.99224
81	136	0.994502
81	139	0.981724
81	140	0.986003
81	141	1.01217
81	142	1.01524
81	143	1.00393
81	148	0.972622
81	153	1.00156
81	156	1.00232
81	159	1.00557
81	164	1.00084
81	168	1.11228
81	170	1.00511
81	171	1.06803
81	176	1.00994
82	9	1.0578
82	17	0.942617
82	21	0.948682
82	27	1.04274
82	37	1.02653
82	49	0.997163
82	52	0.98722
82	60	1.05875
82	61	0.970537
82	72	0.961326
82	77	1.01951
82	86	1.00093
82	93	1.03772
82	98	1.23413
82	137	1.0367
82	144	1.10745
82	152	0.925491
82	159	1.0115
82	161	1.20997
82	164	1.00677
83	14	0.89887
83	24	0.987004
83	33	0.969952
83	36	0.862946
83	39	0.943427
83	44	0.956556
83	45	0.954253
83	58	0.916162
83	66	0.909151
83	70	0.906544
83	91	0.932649
83	99	0.967792
83	100	0.96791
83	105	0.956905
83	145	0.951569
83	146	1.97867
83	147	0.921246
83	151	0.897518
83	172	1.49821
83	176	0.957623
84	6	0.621157
84	54	0.910873
84	81	0.993698
84	114	1.03224
84	118	0.980806
84	122	0.994597
84	123	0.998056
84	126	1.03515
84	130	1.01875
84	133	1.00531
84	139	0.986314
84	140	0.990593
84	142	1.01983
84	148	0.977212
84	153	1.00615
84	156	1.00691
84	157	0.953192
84	159	1.01016
84	160	1.37357
84	173	1.40686
85	107	1.16046
85	136	0.656477
85	140	0.83208
85	160	1.02867
85	162	1.07629
85	163	1.02081
85	165	0.962542
85	167	1.01664
85	168	1.024
85	169	1.035
85	170	0.762039
85	171	1.03382
85	172	0.992893
85	173	1.01073
85	174	0.991808
85	175	0.947564
85	177	0.988561
85	178	0.974946
85	179	0.982412
85	180	0.977122
86	9	1.05776
86	17	0.942581
86	21	0.948647
86	27	1.0427
86	37	1.0265
86	49	0.997127
86	52	0.987184
86	60	1.05871
86	61	0.970502
86	72	0.961291
86	77	1.01948
86	82	1.00093
86	93	1.03768
86	131	2.05962
86	152	0.925455
86	159	1.01146
86	164	1.00674
86	168	0.864323
86	169	0.919101
86	171	0.820073
87	8	1.05645
87	26	1.18708
87	36	0.533649
87	73	1.00358
87	79	1.01556
87	80	0.950363
87	90	0.977913
87	97	0.964804
87	107	0.993324
87	111	0.991504
87	119	1.00517
87	132	1.00981
87	138	0.98329
87	144	0.995859
87	146	0.917955
87	154	0.921721
87	157	1.31054
87	164	0.998068
87	165	1.50397
87	170	1.00233
87	176	1.00716
88	69	0.90571
88	80	0.895213
88	97	0.909654
88	102	0.948146
88	103	0.958161
88	106	0.94685
88	107	0.938174
88	108	0.938975
88	111	0.936354
88	117	0.965183
88	119	0.95002
88	132	0.954656
88	134	0.945659
88	138	0.92814
88	144	0.940709
88	146	0.862805
88	155	1.18278
88	164	0.942918
88	168	1.42852
88	170	0.947182
88	175	2.05994
89	14	2.20573
89	35	1.99427
89	68	0.933887
89	111	0.897445
89	128	0.883419
89	132	0.915747
89	138	0.889231
89	140	0.889171
89	143	0.907098
89	148	0.87579
89	150	0.944634
89	154	0.827663
89	156	0.905492
89	169	0.90483
89	170	0.908273
89	173	0.880562
89	175	0.817394
89	176	0.913105
89	178	0.844777
89	179	0.852243
89	180	0.846953
90	57	0.974122
90	69	0.955212
90	73	0.997933
90	87	0.977913
90	97	0.959156
90	102	0.997648
90	103	1.00766
90	106	0.996352
90	107	0.987676
90	108	0.988477
90	117	1.01469
90	119	0.999522
90	134	0.995161
90	138	0.977642
90	145	0.973886
90	147	1.35187
90	163	1.1296
90	164	0.99242
90	170	0.996684
90	176	1.00152
90	179	1.40526
91	14	0.947039
91	24	1.03517
91	33	1.01812
91	39	0.991596
91	44	1.00473
91	45	1.00242
91	47	1.00117
91	58	0.964331
91	66	0.95732
91	70	0.954713
91	83	0.932649
91	99	1.01596
91	100	1.01608
91	105	1.00507
91	124	1.32845
91	127	1.09285
91	145	0.999739
91	151	0.945687
91	166	1.15094
91	173	1.2497
91	176	1.00579
92	53	1.02362
92	63	1.0003
92	78	1.05089
92	81	1.03941
92	107	1.0464
92	119	1.05824
92	132	1.06288
92	134	1.05388
92	136	1.0448
92	138	1.03636
92	143	1.05423
92	151	1.00013
92	153	1.05186
92	156	1.05262
92	157	0.998899
92	158	0.976718
92	162	0.683643
92	167	1.03565
92	170	1.0554
92	172	1.13068
92	174	1.10984
92	180	1.24936
93	9	1.09455
93	11	0.683372
93	17	0.979366
93	21	0.985431
93	27	1.07949
93	29	1.1665
93	37	1.06328
93	47	1.04799
93	49	1.03391
93	52	1.02397
93	60	1.0955
93	61	1.00729
93	67	0.77934
93	72	0.998075
93	77	1.05626
93	82	1.03772
93	86	1.03768
93	145	0.896109
93	151	1.19481
93	152	0.96224
93	159	1.04824
93	164	1.04352
94	9	0.825225
94	17	1.16371
94	37	0.699636
94	46	0.771624
94	50	1.04865
94	63	1.01187
94	71	1.08104
94	133	1.06259
94	134	0.796382
94	140	1.04788
94	148	1.0345
94	153	1.06343
94	156	1.0642
94	157	1.01048
94	158	0.988294
94	166	1.06072
94	170	1.06698
94	172	1.02143
94	173	1.03927
94	174	1.02034
94	178	1.00348
94	180	1.00566
95	45	1.03517
95	117	0.948565
95	141	1.05148
95	160	1.00291
95	161	1.00476
95	162	1.05054
95	163	0.995051
95	165	0.936784
95	166	1.00642
95	167	0.990883
95	168	0.998246
95	169	1.00924
95	171	1.00806
95	172	0.967134
95	173	0.984973
95	174	0.96605
95	175	0.921805
95	176	0.896691
95	177	0.962803
95	178	0.949188
95	179	0.956654
95	180	0.951364
96	98	0.911856
96	114	1.06
96	122	1.02236
96	123	1.02582
96	125	1.02459
96	128	1.0126
96	133	1.03307
96	136	1.02685
96	139	1.01408
96	140	1.01836
96	141	1.04452
96	143	1.03628
96	148	1.00497
96	151	0.982184
96	153	1.03391
96	154	0.956847
96	156	1.03468
96	160	0.90625
96	162	0.626355
96	165	1.40844
96	170	1.03746
96	175	1.51708
96	176	1.04229
97	6	0.767727
97	57	0.961013
97	69	0.942102
97	79	0.9968
97	87	0.964804
97	88	0.909654
97	90	0.959156
97	106	0.983242
97	107	0.974567
97	108	0.975368
97	111	0.972747
97	117	1.00158
97	119	0.986412
97	121	1.4673
97	132	0.991049
97	134	0.982051
97	138	0.964533
97	145	1.35088
97	152	0.89803
97	163	1.50659
97	164	0.979311
97	170	0.983575
97	176	0.988406
98	20	0.932717
98	42	0.989586
98	43	1.01979
98	46	0.989225
98	51	0.98876
98	71	1.02338
98	78	1.0048
98	82	1.23413
98	96	0.911856
98	104	0.978651
98	144	1.00284
98	158	0.930629
98	159	1.00977
98	164	1.046
98	170	1.00931
98	171	1.00469
98	172	0.963764
98	175	0.918435
98	176	0.906546
98	178	0.945817
98	179	0.953283
98	180	0.947994
99	14	0.982183
99	24	1.07032
99	33	1.05327
99	39	1.02674
99	44	1.03987
99	47	1.03631
99	56	0.754574
99	58	0.999475
99	64	1.06399
99	66	0.992464
99	70	0.989857
99	83	0.967792
99	91	1.01596
99	100	1.05122
99	105	1.04022
99	145	1.03488
99	147	1.00456
99	151	0.980831
99	162	0.754773
99	167	1.10678
99	176	1.04094
99	177	1.21657
99	178	1.40603
100	12	0.650001
100	14	0.9823
100	24	1.07043
100	30	0.99393
100	33	1.05338
100	39	1.02686
100	44	1.03999
100	45	1.03768
100	64	1.06411
100	66	0.992582
100	70	0.989975
100	83	0.96791
100	91	1.01608
100	99	1.05122
100	105	1.04034
100	135	0.997087
100	145	1.035
100	147	1.00468
100	151	0.980949
100	160	0.983287
100	176	1.04105
100	178	1.35465
100	179	1.24539
101	110	1.02358
101	116	1.0476
101	118	1.00778
101	122	1.02158
101	123	1.02503
101	125	1.02381
101	128	1.01182
101	133	1.03229
101	136	1.02607
101	141	1.04374
101	143	1.0355
101	145	1.03545
101	147	1.00513
101	148	1.00419
101	153	1.03313
101	156	1.03389
101	158	0.957989
101	164	1.03241
101	167	1.03875
101	169	1.00083
101	171	0.901806
101	179	1.22875
101	180	1.25246
102	28	1.06104
102	48	0.848186
102	57	0.999505
102	59	0.882914
102	79	1.03529
102	80	0.970098
102	88	0.948146
102	90	0.997648
102	103	1.03305
102	107	1.01306
102	111	1.01124
102	117	1.04007
102	119	1.0249
102	132	1.02954
102	134	1.02054
102	138	1.00303
102	144	1.01559
102	146	0.93769
102	157	1.36106
102	164	1.0178
102	166	0.986815
102	170	1.02207
102	172	1.21943
102	176	1.0269
103	23	0.958998
103	69	0.990609
103	73	1.03333
103	88	0.958161
103	90	1.00766
103	102	1.03305
103	106	1.03175
103	107	1.02307
103	108	1.02388
103	111	1.02125
103	117	1.05008
103	118	0.942233
103	119	1.03492
103	120	1.19497
103	132	1.03956
103	134	1.03056
103	138	1.01304
103	144	1.02561
103	151	0.910457
103	152	0.946537
103	154	0.951471
103	158	1.43851
103	170	1.03208
103	178	1.15239
104	61	1.31954
104	98	0.978651
104	117	0.865196
104	139	1.21674
104	142	0.941136
104	155	1.01803
104	160	0.980669
104	161	0.982512
104	162	1.02829
104	163	0.972808
104	165	0.91454
104	166	0.984181
104	167	0.968639
104	168	0.976002
104	169	0.986997
104	171	0.985815
104	172	0.944891
104	173	0.962729
104	174	0.943806
104	175	0.899562
104	177	0.94056
104	178	0.926944
104	179	0.93441
104	180	0.929121
105	14	0.971295
105	24	1.05943
105	30	0.982925
105	33	1.04238
105	39	1.01585
105	45	1.02668
105	47	1.02543
105	58	0.988587
105	64	1.05311
105	66	0.981576
105	70	0.978969
105	83	0.956905
105	91	1.00507
105	99	1.04022
105	100	1.04034
105	145	1.02399
105	147	0.993672
105	151	0.969944
105	154	1.56133
105	157	1.07137
105	158	1.42009
105	171	0.697765
105	172	0.929745
105	176	1.03005
106	8	1.07489
106	23	0.947687
106	56	0.902312
106	69	0.979298
106	73	1.02202
106	80	0.968801
106	88	0.94685
106	90	0.996352
106	97	0.983242
106	103	1.03175
106	108	1.01256
106	111	1.00994
106	117	1.03877
106	118	1.34361
106	119	1.02361
106	132	1.02824
106	134	1.01925
106	138	1.00173
106	145	1.01314
106	152	0.935225
106	154	0.94016
106	157	1.49118
106	162	0.90251
106	170	1.02077
106	176	1.0256
107	5	0.830351
107	8	1.06621
107	28	1.05107
107	31	0.96979
107	56	1.1084
107	73	1.01334
107	79	1.02532
107	80	0.960126
107	85	1.16046
107	87	0.993324
107	88	0.938174
107	90	0.987676
107	92	1.0464
107	97	0.974567
107	102	1.01306
107	103	1.02307
107	111	1.00127
107	119	1.01493
107	132	1.01957
107	134	1.01057
107	138	0.993053
107	144	1.00562
107	146	0.927718
107	150	1.06974
107	154	0.931485
108	6	0.551385
108	8	1.06701
108	65	1.03987
108	69	0.971424
108	88	0.938975
108	90	0.988477
108	97	0.975368
108	103	1.02388
108	106	1.01256
108	111	1.00207
108	117	1.0309
108	119	1.01573
108	132	1.02037
108	134	1.01137
108	138	0.993854
108	144	1.00642
108	145	1.13453
108	146	0.928519
108	151	1.43323
108	154	0.932286
108	164	1.00863
108	168	1.28321
108	170	1.0129
108	171	1.23896
108	176	1.01773
109	38	1.07231
109	44	1.25457
109	71	0.881651
109	143	0.820908
109	150	1.0642
109	155	1.05543
109	160	1.01807
109	161	1.01991
109	162	1.06569
109	163	1.01021
109	165	0.95194
109	166	1.02158
109	167	1.00604
109	168	1.0134
109	169	1.0244
109	171	1.02321
109	172	0.982291
109	173	1.00013
109	174	0.981206
109	175	0.936961
109	176	0.655796
109	177	0.977959
109	178	0.964344
109	179	0.97181
109	180	0.96652
110	101	1.02358
110	120	0.941036
110	122	0.992907
110	126	1.03346
110	133	1.00362
110	136	0.997402
110	139	0.984624
110	140	0.988903
110	141	1.01507
110	142	1.01814
110	143	1.00683
110	146	0.923628
110	147	0.97646
110	148	0.975522
110	151	0.952732
110	153	1.00446
110	156	1.00522
110	158	0.929321
110	159	1.00847
110	167	1.10938
110	170	1.00801
110	172	1.20441
110	174	1.18357
110	176	1.01284
110	177	1.21917
110	179	1.29937
111	8	1.06439
111	23	0.937191
111	25	0.580717
111	65	1.03725
111	69	0.968802
111	73	1.01152
111	79	1.0235
111	80	0.958305
111	87	0.991504
111	88	0.936354
111	89	0.897445
111	97	0.972747
111	102	1.01124
111	103	1.02125
111	106	1.00994
111	107	1.00127
111	108	1.00207
111	120	1.39222
111	132	1.01775
111	134	1.00875
111	138	0.991233
111	149	0.902469
111	152	0.92473
111	158	1.63576
111	176	1.01511
111	178	1.34964
112	18	0.535133
112	47	1.26555
112	129	0.926769
112	138	0.928295
112	142	1.09288
112	149	1.02361
112	150	1.04636
112	155	1.03759
112	159	1.11161
112	160	1.00022
112	161	1.00207
112	162	1.04785
112	163	0.992362
112	165	0.934094
112	166	1.00374
112	167	0.988194
112	168	0.995556
112	169	1.00655
112	171	1.00537
112	172	0.964445
112	173	0.982284
112	174	0.96336
112	175	0.919116
112	177	0.960114
112	178	0.946499
112	179	0.953964
112	180	0.948675
113	137	0.97201
113	149	0.983284
113	150	1.00603
113	153	1.13474
113	155	0.997257
113	156	1.08848
113	160	0.959895
113	161	0.961738
113	162	1.00752
113	163	0.952034
113	164	1.20567
113	165	0.893766
113	166	0.963407
113	167	0.947865
113	168	0.955228
113	169	0.966223
113	170	1.15534
113	171	0.965041
113	172	0.924117
113	173	0.941955
113	174	0.923032
113	175	0.878788
113	177	0.919786
113	178	0.90617
113	179	0.913636
113	180	0.908347
114	1	0.9965
114	84	1.03224
114	96	1.06
114	115	1.23495
114	122	1.02855
114	123	1.03201
114	124	1.00783
114	125	1.03078
114	128	1.01879
114	130	1.0527
114	133	1.03926
114	136	1.03304
114	137	0.703967
114	139	1.02026
114	140	1.02454
114	141	1.05071
114	143	1.04247
114	147	1.0121
114	148	1.01116
114	153	1.0401
114	156	1.04086
114	158	0.96496
114	164	1.03938
114	165	1.39798
114	166	0.830323
114	170	1.04364
114	179	1.1579
115	68	1.21074
115	114	1.23495
115	130	1.31969
115	135	0.941937
115	137	0.965358
115	149	0.976631
115	150	0.999374
115	155	0.990604
115	160	0.953242
115	161	0.955085
115	162	1.00087
115	163	0.945381
115	165	0.887113
115	166	0.956754
115	167	0.941212
115	168	0.948575
115	169	0.95957
115	170	1.32923
115	171	0.958388
115	172	0.917464
115	173	0.935302
115	174	0.916379
115	175	0.872135
115	177	0.913133
115	178	0.899517
115	179	0.906983
115	180	0.901694
116	2	0.978741
116	16	2.45638
116	38	1.04068
116	76	0.547605
116	101	1.0476
116	120	0.965057
116	123	1.02039
116	125	1.01916
116	128	1.00717
116	136	1.02142
116	139	1.00864
116	140	1.01292
116	141	1.03909
116	142	1.04216
116	143	1.03085
116	144	0.604574
116	145	1.0308
116	148	0.999543
116	153	1.02848
116	156	1.02924
116	157	0.975523
116	158	0.953342
116	159	1.03249
116	161	0.707093
116	164	1.02776
116	170	1.03203
116	173	0.758942
116	176	1.03686
117	23	0.96602
117	69	0.997631
117	73	1.04035
117	79	1.05233
117	80	0.987135
117	88	0.965183
117	90	1.01469
117	95	0.948565
117	97	1.00158
117	102	1.04007
117	103	1.05008
117	104	0.865196
117	106	1.03877
117	108	1.0309
117	119	1.04194
117	121	0.899975
117	132	1.04658
117	134	1.03758
117	138	1.02006
117	144	1.03263
117	146	0.954727
117	154	0.958493
117	164	1.03484
117	170	1.0391
117	174	1.09912
117	176	1.04394
117	179	1.21492
117	180	1.23863
118	19	1.03571
118	27	1.1825
118	39	1.2576
118	43	1.00269
118	53	0.960428
118	71	1.00628
118	77	1.07405
118	78	0.987696
118	84	0.980806
118	101	1.00778
118	103	0.942233
118	106	1.34361
118	126	1.01767
118	128	0.967359
118	140	0.973111
118	142	1.00235
118	148	0.95973
118	156	0.989432
118	157	0.93571
118	158	0.913529
118	165	0.916313
118	166	0.985954
118	170	0.992214
118	173	0.964502
118	174	0.945579
118	175	0.901335
118	178	0.928717
118	179	0.936183
118	180	0.930894
119	8	1.07806
119	15	0.739855
119	26	1.06376
119	69	0.982468
119	73	1.02519
119	87	1.00517
119	88	0.95002
119	90	0.999522
119	92	1.05824
119	97	0.986412
119	102	1.0249
119	103	1.03492
119	106	1.02361
119	107	1.01493
119	108	1.01573
119	117	1.04194
119	132	1.03141
119	134	1.02242
119	138	1.0049
119	146	0.939564
119	152	0.938395
119	154	0.94333
119	157	1.18723
119	164	1.01968
119	165	1.38065
119	170	1.02394
119	174	1.02476
119	176	1.02877
119	177	1.06036
120	13	0.980947
120	20	0.877537
120	32	0.98152
120	42	0.934406
120	46	0.934045
120	51	0.93358
120	103	1.19497
120	110	0.941036
120	111	1.39222
120	116	0.965057
120	128	0.92928
120	134	1.6309
120	138	1.27811
120	142	0.964267
120	144	0.947661
120	146	0.869757
120	148	0.92165
120	153	0.950587
120	156	0.951353
120	159	0.954594
120	160	0.944362
120	168	0.939695
120	172	0.908584
120	175	0.863255
120	176	0.958965
120	177	0.904253
120	178	0.890638
120	179	0.898103
120	180	0.892814
121	35	0.286913
121	97	1.4673
121	117	0.899975
121	135	1.0115
121	136	0.831672
121	137	1.03492
121	138	0.811332
121	143	1.01321
121	149	1.0462
121	150	1.06894
121	155	1.06017
121	160	1.02281
121	161	1.02465
121	162	1.07043
121	163	1.01495
121	165	0.956678
121	166	1.02632
121	167	1.01078
121	168	1.01814
121	169	1.02914
121	171	1.02795
121	172	0.987029
121	173	1.00487
121	174	0.985944
121	175	0.9417
121	177	0.982698
121	178	0.969083
121	179	0.976548
121	180	0.971259
122	76	0.883572
122	84	0.994597
122	96	1.02236
122	101	1.02158
122	110	0.992907
122	114	1.02855
122	123	0.994366
122	125	0.993139
122	126	1.03146
122	128	0.981151
122	130	1.01506
122	133	1.00162
122	136	0.995402
122	139	0.982623
122	140	0.986903
122	141	1.01307
122	142	1.01614
122	143	1.00483
122	148	0.973521
122	153	1.00246
122	156	1.00322
122	157	0.949502
122	159	1.00647
122	163	1.04806
122	164	1.00174
122	173	1.09491
122	174	1.20792
122	176	1.01084
122	177	1.24352
122	179	1.32372
123	3	1.07492
123	47	1.00967
123	48	0.892703
123	84	0.998056
123	96	1.02582
123	101	1.02503
123	114	1.03201
123	116	1.02039
123	122	0.994366
123	125	0.996598
123	128	0.98461
123	130	1.01852
123	136	0.998861
123	139	0.986082
123	140	0.990362
123	141	1.01653
123	142	1.0196
123	143	1.00829
123	146	0.925087
123	148	0.97698
123	152	1.73078
123	153	1.00592
123	154	0.928853
123	155	0.830474
123	156	1.00668
123	157	0.952961
123	162	0.816905
123	169	1.13099
123	176	1.0143
123	180	1.38262
124	64	1.10744
124	91	1.32845
124	114	1.00783
124	129	0.906067
124	131	0.882695
124	135	0.968217
124	137	0.991637
124	149	1.00291
124	150	1.02565
124	155	1.01688
124	160	0.979522
124	161	0.981365
124	162	1.02715
124	163	0.971661
124	164	1.15244
124	165	0.913393
124	166	0.983034
124	167	0.967492
124	168	0.974855
124	169	0.98585
124	170	1.10212
124	171	0.984668
124	172	0.943744
124	173	0.961582
124	174	0.942659
124	175	0.898415
124	177	0.939413
124	178	0.925797
124	179	0.933263
124	180	0.927974
125	1	0.961093
125	81	0.99224
125	96	1.02459
125	101	1.02381
125	114	1.03078
125	116	1.01916
125	122	0.993139
125	123	0.996598
125	126	1.03369
125	127	0.948816
125	128	0.983383
125	130	1.01729
125	133	1.00385
125	136	0.997634
125	139	0.984856
125	140	0.989135
125	141	1.0153
125	142	1.01837
125	143	1.00706
125	148	0.975754
125	149	0.99657
125	153	1.00469
125	156	1.00546
125	158	0.929553
125	159	1.0087
125	165	1.57457
125	169	1.10657
125	170	1.00824
125	171	1.00754
125	179	1.33448
126	54	0.531126
126	65	1.07353
126	68	1.07217
126	74	0.828699
126	84	1.03515
126	110	1.03346
126	118	1.01767
126	122	1.03146
126	125	1.03369
126	128	1.0217
126	129	1.49651
126	130	1.05561
126	136	1.03595
126	139	1.02317
126	140	1.02745
126	141	1.05362
126	142	1.05669
126	143	1.04538
126	145	1.04533
126	146	0.962178
126	147	1.01501
126	148	1.01407
126	153	1.04301
126	156	1.04377
126	158	0.967871
126	160	0.993824
126	170	1.04655
126	171	0.928989
126	173	1.02712
126	176	1.05139
126	177	1.17573
127	73	0.941145
127	91	1.09285
127	125	0.948816
127	129	0.938067
127	131	0.914695
127	132	1.03682
127	135	1.00022
127	137	1.02364
127	149	1.03491
127	150	1.05765
127	153	0.845905
127	155	1.04888
127	160	1.01152
127	161	1.01337
127	162	1.05915
127	163	1.00366
127	165	0.945393
127	166	1.01503
127	167	0.999492
127	168	1.00686
127	169	1.01785
127	170	0.866513
127	171	1.01667
127	172	0.975744
127	173	0.993582
127	174	0.974659
127	175	0.930415
127	177	0.971413
127	178	0.957797
127	179	0.965263
127	180	0.959974
128	3	1.06171
128	75	1.2278
128	89	0.883419
128	96	1.0126
128	101	1.01182
128	114	1.01879
128	116	1.00717
128	118	0.967359
128	120	0.92928
128	122	0.981151
128	123	0.98461
128	125	0.983383
128	126	1.0217
128	130	1.0053
128	133	0.991863
128	140	0.977147
128	141	1.00331
128	142	1.00638
128	143	0.995073
128	147	0.964704
128	148	0.963765
128	151	0.940976
128	153	0.992701
128	154	0.915638
128	155	0.853287
128	156	0.993467
128	159	0.996709
128	166	1.05415
128	170	0.996249
128	172	1.28676
128	179	1.38172
128	180	1.40543
129	112	0.926769
129	124	0.906067
129	126	1.49651
129	127	0.938067
129	131	0.831278
129	133	1.662
129	135	0.916799
129	137	0.94022
129	147	0.906332
129	148	1.55715
129	149	0.951494
129	150	0.974237
129	154	0.857266
129	155	0.965467
129	156	1.4259
129	160	0.928105
129	161	0.929948
129	162	0.975729
129	163	0.920244
129	165	0.861976
129	166	0.931617
129	167	0.916075
129	168	0.923438
129	169	0.934433
129	171	0.93325
129	172	0.892327
129	173	0.910165
129	174	0.891242
129	175	0.846998
129	177	0.887995
129	178	0.87438
129	179	0.881846
129	180	0.876556
130	67	0.694499
130	84	1.01875
130	114	1.0527
130	115	1.31969
130	122	1.01506
130	123	1.01852
130	125	1.01729
130	126	1.05561
130	128	1.0053
130	133	1.02577
130	136	1.01955
130	137	0.78871
130	139	1.00678
130	140	1.01106
130	141	1.03722
130	142	1.04029
130	143	1.02898
130	145	1.02894
130	146	0.94578
130	148	0.997674
130	151	0.974884
130	153	1.02661
130	154	0.949547
130	155	0.714208
130	156	1.02738
130	157	0.973654
130	159	1.03062
130	164	1.02589
130	170	1.03016
130	172	1.14768
130	174	1.12684
130	175	1.59136
130	176	1.03499
131	3	1.71668
131	86	2.05962
131	124	0.882695
131	127	0.914695
131	129	0.831278
131	135	0.893427
131	136	2.05922
131	137	0.916848
131	147	0.88296
131	149	0.928122
131	150	0.950865
131	155	0.942094
131	160	0.904733
131	161	0.906576
131	162	0.952357
131	163	0.896871
131	165	0.838604
131	166	0.908245
131	167	0.892703
131	168	0.900066
131	169	0.911061
131	171	0.909878
131	172	0.868955
131	173	0.886793
131	174	0.86787
131	175	0.823625
131	177	0.864623
131	178	0.851008
131	179	0.858474
131	180	0.853184
132	8	1.08269
132	23	0.955493
132	57	1.00601
132	65	1.05555
132	69	0.987104
132	74	0.995258
132	80	0.976607
132	87	1.00981
132	88	0.954656
132	89	0.915747
132	92	1.06288
132	97	0.991049
132	102	1.02954
132	103	1.03956
132	106	1.02824
132	107	1.01957
132	108	1.02037
132	111	1.01775
132	117	1.04658
132	119	1.03141
132	127	1.03682
132	134	1.02705
132	138	1.00953
132	144	1.0221
132	146	0.9442
132	151	1.28982
132	152	0.943032
132	154	0.947966
132	155	0.894057
132	163	1.14683
132	166	1.09492
132	168	1.1398
132	170	1.02858
132	176	1.03341
133	68	1.04233
133	84	1.00531
133	94	1.06259
133	96	1.03307
133	101	1.03229
133	110	1.00362
133	114	1.03926
133	122	1.00162
133	125	1.00385
133	128	0.991863
133	129	1.662
133	130	1.02577
133	137	0.967485
133	140	0.997615
133	141	1.02378
133	142	1.02685
133	143	1.01554
133	145	1.0155
133	146	0.932341
133	148	0.984234
133	149	1.0835
133	150	0.840562
133	151	0.961444
133	153	1.01317
133	154	0.936107
133	156	1.01394
133	157	0.960214
133	159	1.01718
133	162	0.879414
133	163	1.14576
133	164	1.01245
133	168	1.13872
133	170	1.01672
133	176	1.02155
134	8	1.0737
134	16	0.899039
134	23	0.946496
134	55	1.0109
134	57	0.997018
134	73	1.02083
134	79	1.03281
134	80	0.96761
134	88	0.945659
134	90	0.995161
134	92	1.05388
134	94	0.796382
134	97	0.982051
134	102	1.02054
134	103	1.03056
134	106	1.01925
134	107	1.01057
134	108	1.01137
134	111	1.00875
134	117	1.03758
134	119	1.02242
134	120	1.6309
134	132	1.02705
134	138	1.00054
134	144	1.01311
134	146	0.935203
134	150	0.898215
134	152	0.934035
134	154	0.938969
134	155	0.950636
134	162	0.937067
134	164	1.01532
134	170	1.01958
134	172	1.38411
134	176	1.02441
135	13	0.883323
135	72	1.5388
135	100	0.997087
135	115	0.941937
135	121	1.0115
135	124	0.968217
135	127	1.00022
135	129	0.916799
135	131	0.893427
135	137	1.00237
135	148	1.06827
135	149	1.01364
135	150	1.03639
135	155	1.02762
135	156	0.937008
