1	8	1.08971
1	16	1.08942
1	23	0.912714
1	28	0.908052
1	60	0.902097
1	75	0.937917
1	88	3.33894
1	91	0.975622
1	97	2.05581
1	128	1.52131
1	135	0.803558
1	155	0.815433
2	46	0.869796
2	56	0.930749
2	57	1.28681
2	58	0.924544
2	65	0.913784
2	67	0.914077
2	71	0.981824
2	74	0.965074
2	79	0.965633
2	173	0.924002
2	174	3.10826
2	175	3.21991
3	9	0.84236
3	12	0.965183
3	26	0.929642
3	34	0.806306
3	40	0.875657
3	42	0.84906
3	124	0.859091
3	146	1.92512
3	173	0.834851
3	174	3.85129
3	175	0.764729
4	46	0.998338
4	55	0.933311
4	56	0.918651
4	58	0.912446
4	65	0.901687
4	67	0.901979
4	71	0.969726
4	74	0.952977
4	79	0.953536
4	127	2.1501
4	170	11.7829
4	173	0.603051
5	10	0.817694
5	11	0.818923
5	13	0.804847
5	18	0.884838
5	21	0.884642
5	25	0.888268
5	30	0.86545
5	37	0.843702
5	92	0.878364
5	151	0.763798
5	159	3.18243
5	175	2.86469
6	20	0.874683
6	27	0.864252
6	35	0.862634
6	36	0.844283
6	38	0.843708
6	44	0.843325
6	119	0.837964
6	137	0.780041
6	140	0.828222
6	145	0.85664
6	148	2.3657
6	177	3.69265
7	33	0.802817
7	49	0.935847
7	61	0.908845
7	72	0.822524
7	73	0.872123
7	125	2.09324
7	127	3.81722
7	132	0.874879
7	138	0.872796
7	172	0.788137
7	175	0.76336
7	179	0.783478
8	1	1.08971
8	16	1.23054
8	23	1.05383
8	28	1.04917
8	115	1.92507
8	135	0.944674
8	155	0.95655
8	156	1.19833
8	163	2.95475
9	3	0.84236
9	12	0.965319
9	26	0.929778
9	34	0.806442
9	40	0.875793
9	42	0.849196
9	124	0.859227
9	133	2.21795
9	173	0.834987
9	175	0.764865
9	179	3.15336
10	5	0.817694
10	11	0.827287
10	13	0.813211
10	18	0.893201
10	21	0.893006
10	30	0.873813
10	37	0.852066
10	63	0.913121
10	80	2.79829
10	88	0.783321
10	107	2.31257
10	151	0.772161
11	5	0.818923
11	10	0.827287
11	13	0.814439
11	18	0.89443
11	21	0.894234
11	25	0.897861
11	30	0.875042
11	37	0.853294
11	88	0.784549
11	123	2.11621
11	151	0.77339
11	156	3.28841
12	3	0.965183
12	9	0.965319
12	26	1.0526
12	34	0.929265
12	40	0.998616
12	42	0.972019
12	146	1.89627
12	147	2.72211
12	172	2.16744
12	173	0.95781
12	175	0.887689
13	5	0.804847
13	10	0.813211
13	11	0.814439
13	18	0.880354
13	21	0.880159
13	25	0.883785
13	30	0.860966
13	37	0.839219
13	63	0.900274
13	128	1.98273
13	151	0.759314
13	161	3.82336
14	28	0.730259
14	31	0.753728
14	57	0.783736
14	94	0.723828
14	103	0.711747
14	109	0.748712
14	125	0.746982
14	135	0.625765
14	155	0.63764
14	169	0.692855
14	178	0.630069
14	180	0.618567
15	49	0.238074
15	75	1.21374
15	160	0.831232
15	164	0.867239
15	167	0.857671
15	170	0.799633
15	171	0.838632
15	174	0.841095
15	176	0.867856
15	177	0.84958
15	178	0.815645
15	180	0.804143
16	1	1.08942
16	8	1.23054
16	23	1.05354
16	28	1.04888
16	135	0.944383
16	154	1.9381
16	155	0.956258
16	165	4.64947
16	177	1.56156
17	23	0.970923
17	28	0.966262
17	42	0.960457
17	57	1.39615
17	102	0.973354
17	105	0.971207
17	131	1.86944
17	155	0.873643
17	171	4.40585
17	172	0.900904
17	173	0.946248
17	175	0.876126
18	5	0.884838
18	10	0.893201
18	11	0.89443
18	13	0.880354
18	21	0.960149
18	25	0.963776
18	30	0.940957
18	37	0.919209
18	92	0.953871
18	134	1.46399
18	151	0.839305
18	157	2.01111
18	161	3.58923
19	33	0.879428
19	49	1.01246
19	61	0.985455
19	72	0.899135
19	73	0.948733
19	120	1.86018
19	137	0.877189
19	145	0.953787
19	168	3.30065
19	172	0.864748
19	175	0.83997
19	179	0.860089
19	180	8.25728
20	6	0.874683
20	27	0.940525
20	35	0.938907
20	36	0.920556
20	38	0.91998
20	44	0.919598
20	113	2.62956
20	119	0.914237
20	124	0.913457
20	137	0.856314
20	144	1.81643
20	145	0.932912
20	169	2.8489
21	5	0.884642
21	10	0.893006
21	11	0.894234
21	13	0.880159
21	18	0.960149
21	25	0.96358
21	30	0.940761
21	37	0.919013
21	92	0.953676
21	143	1.46542
21	151	0.839109
21	152	1.59003
21	166	4.33241
22	47	0.897546
22	51	0.813211
22	76	0.84368
22	93	0.848373
22	104	0.838525
22	106	0.833452
22	111	0.827495
22	114	0.806704
22	116	0.830561
22	117	0.830611
22	141	2.9454
22	155	3.42668
22	179	0.750965
23	1	0.912714
23	8	1.05383
23	16	1.05354
23	17	0.970923
23	28	0.872168
23	60	0.866213
23	75	0.902033
23	91	0.939738
23	125	1.61042
23	135	0.767674
23	140	2.36268
23	155	0.779549
23	169	3.22784
24	59	0.906678
24	64	0.906382
24	68	1.18312
24	78	0.943433
24	85	0.910078
24	89	0.972671
24	95	0.947853
24	102	0.93165
24	105	0.929503
24	136	2.27813
24	152	3.27653
24	165	0.811344
24	172	0.859199
25	5	0.888268
25	11	0.897861
25	13	0.883785
25	18	0.963776
25	21	0.96358
25	30	0.944388
25	37	0.92264
25	88	0.853895
25	92	0.957302
25	133	1.75272
25	151	0.842736
25	158	1.51834
25	178	7.01864
26	3	0.929642
26	9	0.929778
26	12	1.0526
26	34	0.893724
26	40	0.963076
26	42	0.936479
26	124	0.946509
26	140	1.31622
26	157	1.3415
26	160	4.17119
26	173	0.922269
26	175	0.852148
27	6	0.864252
27	20	0.940525
27	35	0.928476
27	36	0.910125
27	38	0.909549
27	44	0.909167
27	112	2.00478
27	124	0.903026
27	137	0.845883
27	140	0.894064
27	142	0.79197
27	145	0.922482
27	155	3.31592
27	162	2.29775
28	1	0.908052
28	8	1.04917
28	14	0.730259
28	16	1.04888
28	17	0.966262
28	23	0.872168
28	60	0.861552
28	75	0.897372
28	91	0.935076
28	135	0.763012
28	151	3.09967
28	155	0.774888
28	169	2.25887
28	179	2.14851
29	66	0.854398
29	69	0.85353
29	77	0.845534
29	86	0.817988
29	90	0.817568
29	94	0.806174
29	96	0.860912
29	99	0.833526
29	101	0.833535
29	103	0.794093
29	109	0.831058
29	157	2.84632
29	164	3.41582
29	165	0.699392
30	5	0.86545
30	10	0.873813
30	11	0.875042
30	13	0.860966
30	18	0.940957
30	21	0.940761
30	25	0.944388
30	37	0.899821
30	63	0.960877
30	88	0.831076
30	125	1.36644
30	137	2.83563
30	151	0.819917
30	158	3.34771
31	14	0.753728
31	50	1.38529
31	52	1.42857
31	159	0.819887
31	164	0.84238
31	166	0.79944
31	167	0.832812
31	168	0.854197
31	169	0.853572
31	170	0.774775
31	176	0.842998
31	177	0.824721
31	178	0.790786
31	180	0.779284
32	51	0.882226
32	70	1.13412
32	75	0.919863
32	76	0.912696
32	84	0.890237
32	93	0.917389
32	104	0.90754
32	111	0.89651
32	114	0.87572
32	116	0.899576
32	117	0.899626
32	142	5.40799
32	156	1.61608
32	179	0.819981
33	7	0.802817
33	19	0.879428
33	49	0.89918
33	61	0.872177
33	72	0.785857
33	73	0.835455
33	132	0.838211
33	138	0.836129
33	145	0.840509
33	157	2.66638
33	158	3.87011
33	172	0.75147
33	175	0.726692
33	179	0.74681
34	3	0.806306
34	9	0.806442
34	12	0.929265
34	26	0.893724
34	40	0.839739
34	42	0.813142
34	60	0.812992
34	107	0.871873
34	112	2.96435
34	124	0.823172
34	173	0.798933
34	175	0.728811
34	179	3.08406
35	6	0.862634
35	20	0.938907
35	27	0.928476
35	36	0.908506
35	38	0.907931
35	44	0.907549
35	119	0.902187
35	124	0.901408
35	128	1.836
35	137	0.844265
35	142	0.790352
35	145	0.920863
35	167	3.66584
35	173	2.06941
36	6	0.844283
36	20	0.920556
36	27	0.910125
36	35	0.908506
36	38	0.88958
36	44	0.889197
36	83	1.73141
36	115	3.27025
36	119	0.883836
36	124	0.883056
36	137	0.825913
36	140	0.874094
36	142	0.772001
36	145	0.902512
36	168	2.67107
37	5	0.843702
37	10	0.852066
37	11	0.853294
37	13	0.839219
37	18	0.919209
37	21	0.919013
37	25	0.92264
37	30	0.899821
37	63	0.939129
37	88	0.809328
37	92	0.912736
37	121	1.59349
37	151	0.798169
37	165	5.23622
37	171	1.94032
38	6	0.843708
38	20	0.91998
38	27	0.909549
38	35	0.907931
38	36	0.88958
38	44	0.888622
38	119	0.883261
38	124	0.882481
38	137	0.825338
38	140	0.873519
38	142	0.771425
38	145	0.901937
38	154	2.03044
38	168	1.55287
38	171	4.37359
39	47	0.946453
39	76	0.892587
39	80	1.43916
39	82	0.8734
39	87	0.859825
39	93	0.89728
39	104	0.887431
39	106	0.882359
39	111	0.876401
39	114	0.855611
39	116	0.879468
39	117	0.879518
39	157	2.59514
39	176	3.4049
39	179	0.799872
40	3	0.875657
40	9	0.875793
40	12	0.998616
40	26	0.963076
40	34	0.839739
40	42	0.882493
40	60	0.882344
40	107	0.941224
40	113	2.40477
40	124	0.892524
40	169	2.62411
40	173	0.868284
40	175	0.798162
40	179	2.51374
41	45	1.97272
41	60	0.641753
41	110	0.875146
41	120	0.878322
41	134	0.874698
41	159	0.790131
41	164	0.812625
41	168	0.824441
41	170	0.745019
41	171	0.784017
41	174	0.786481
41	176	0.813242
41	177	0.794965
41	178	0.76103
41	180	0.749529
42	3	0.84906
42	9	0.849196
42	12	0.972019
42	17	0.960457
42	26	0.936479
42	34	0.813142
42	40	0.882493
42	60	0.855747
42	88	2.96106
42	107	0.914627
42	124	0.865927
42	141	2.84561
42	172	2.1429
42	173	0.841687
42	175	0.771565
43	45	1.00825
43	52	1.05818
43	76	0.0174264
43	148	0.915549
43	153	0.905109
43	161	0.869688
43	168	0.903477
43	170	0.824054
43	171	0.863053
43	173	0.920242
43	175	0.85012
43	176	0.892278
43	177	0.874001
43	178	0.840066
43	180	0.828564
44	6	0.843325
44	20	0.919598
44	27	0.909167
44	35	0.907549
44	36	0.889197
44	38	0.888622
44	119	0.882878
44	124	0.882098
44	137	0.824955
44	140	0.873137
44	142	0.771043
44	145	0.901554
44	146	1.26574
44	149	1.8458
44	178	7.72495
45	41	1.97272
45	43	1.00825
45	48	0.864327
45	51	0.859571
45	76	0.890041
45	82	0.870854
45	84	0.867583
45	87	0.857279
45	106	0.879813
45	111	0.873855
45	114	0.853065
45	116	0.876922
45	117	0.876971
45	140	0.862607
45	173	2.88279
45	179	0.797326
46	2	0.869796
46	4	0.998338
46	55	0.794679
46	56	0.78002
46	58	0.773814
46	62	4.8
46	65	0.763055
46	67	0.763347
46	71	0.831094
46	74	0.814345
46	79	0.814904
46	132	0.81467
46	135	1.3851
46	136	2.85756
46	170	7.71712
46	173	0.773272
47	22	0.897546
47	39	0.946453
47	51	0.936298
47	82	0.947581
47	84	0.94431
47	87	0.934006
47	106	0.95654
47	114	0.929792
47	115	2.60468
47	116	0.953648
47	117	0.953698
47	140	0.939334
47	153	2.12672
47	169	2.31293
47	176	2.2828
47	179	0.874053
48	45	0.864327
48	51	0.856718
48	68	1.96033
48	82	0.868001
48	84	0.86473
48	87	0.854425
48	93	0.891881
48	104	0.882032
48	106	0.876959
48	111	0.871002
48	114	0.850212
48	116	0.874068
48	117	0.874118
48	123	1.63207
48	172	3.99278
48	179	0.794473
49	7	0.935847
49	15	0.238074
49	19	1.01246
49	33	0.89918
49	61	1.00521
49	72	0.918887
49	73	0.968485
49	122	4.53203
49	132	0.971241
49	137	0.896941
49	145	0.973539
49	158	2.37988
49	172	0.8845
49	173	1.14705
49	175	0.859722
49	179	0.879841
50	31	1.38529
50	52	0.940295
50	54	0.939877
50	59	0.850105
50	64	0.849808
50	78	0.88686
50	80	1.76255
50	85	0.853505
50	89	0.916098
50	95	0.891279
50	102	0.875076
50	105	0.87293
50	151	0.793363
50	165	0.754771
50	168	3.45099
50	172	0.802626
51	22	0.813211
51	32	0.882226
51	45	0.859571
51	47	0.936298
51	48	0.856718
51	76	0.882432
51	82	0.863245
51	104	0.877277
51	111	0.866247
51	114	0.845456
51	116	0.869313
51	117	0.869363
51	120	2.04634
51	121	2.14205
51	164	3.52386
51	179	0.789717
52	31	1.42857
52	43	1.05818
52	50	0.940295
52	54	1.01171
52	59	0.921937
52	64	0.921641
52	78	0.958692
52	85	0.925337
52	89	0.98793
52	95	0.963112
52	102	0.946909
52	105	0.944762
52	110	1.99618
52	120	2.0538
52	165	0.826603
52	172	0.874458
53	66	0.906524
53	69	0.905656
53	77	0.89766
53	86	0.870114
53	90	0.869694
53	94	0.8583
53	96	0.913038
53	99	0.885652
53	101	0.885661
53	103	0.846219
53	109	0.883184
53	155	0.772112
53	160	3.68671
53	163	3.01832
53	165	0.751518
53	168	1.38947
54	50	0.939877
54	52	1.01171
54	59	0.92152
54	64	0.921223
54	78	0.958275
54	85	0.92492
54	89	0.987512
54	95	0.962694
54	102	0.946491
54	105	0.944345
54	161	2.61717
54	165	0.826186
54	169	1.87893
54	172	0.874041
54	176	1.8488
54	177	3.12127
55	4	0.933311
55	46	0.794679
55	56	0.855632
55	58	0.849426
55	65	0.838667
55	67	0.838959
55	71	0.906706
55	74	0.889957
55	79	0.890516
55	119	0.873904
55	123	1.80697
55	132	0.890282
55	135	0.764404
55	136	3.23023
55	138	2.31624
55	173	0.848884
56	2	0.930749
56	4	0.918651
56	46	0.78002
56	55	0.855632
56	58	0.834767
56	65	0.824008
56	67	0.8243
56	71	0.892047
56	74	0.875298
56	79	0.875857
56	110	2.51855
56	119	0.859245
56	125	2.70664
56	132	0.875623
56	138	2.3697
56	173	0.834225
57	2	1.28681
57	14	0.783736
57	17	1.39615
57	97	0.909701
57	119	1.22445
57	133	0.919797
57	134	0.934461
57	161	0.850415
57	166	0.829447
57	167	0.862819
57	168	0.884204
57	176	0.873005
57	177	0.854728
57	178	0.820793
57	179	0.850966
57	180	0.809292
58	2	0.924544
58	4	0.912446
58	46	0.773814
58	55	0.849426
58	56	0.834767
58	65	0.817803
58	67	0.818095
58	71	0.885842
58	74	0.869093
58	79	0.869651
58	92	0.88798
58	122	4.46797
58	131	1.92886
58	132	0.869417
58	135	0.74354
58	158	2.31581
58	173	0.82802
59	24	0.906678
59	50	0.850105
59	52	0.921937
59	54	0.92152
59	64	0.831451
59	78	0.868502
59	85	0.835147
59	89	0.89774
59	95	0.872922
59	98	4.19405
59	102	0.856719
59	105	0.854572
59	151	0.775006
59	165	0.736413
59	166	3.61363
59	172	0.784268
59	177	2.15556
60	1	0.902097
60	23	0.866213
60	28	0.861552
60	34	0.812992
60	40	0.882344
60	41	0.641753
60	42	0.855747
60	94	0.855121
60	99	0.882473
60	101	0.882481
60	103	0.84304
60	109	0.880005
60	155	0.768933
60	159	4.40227
60	173	0.841537
60	175	0.771416
60	179	2.31043
61	7	0.908845
61	19	0.985455
61	33	0.872177
61	49	1.00521
61	72	0.891884
61	73	0.941483
61	91	0.990425
61	120	1.24317
61	129	3.18732
61	132	0.944239
61	134	1.60408
61	137	0.869938
61	145	0.946537
61	152	2.9491
61	172	0.857497
61	175	0.83272
61	179	0.852838
62	46	4.8
62	80	0.804901
62	108	0.764442
62	112	0.774647
62	121	0.806072
62	134	0.805616
62	148	0.767431
62	159	0.721049
62	162	0.752077
62	164	0.743542
62	171	0.714935
62	174	0.717399
62	176	0.74416
62	177	0.725883
62	178	0.691948
62	180	0.680446
63	10	0.913121
63	13	0.900274
63	30	0.960877
63	37	0.939129
63	85	0.919366
63	99	0.954767
63	101	0.954775
63	103	0.915334
63	105	0.938791
63	109	0.952299
63	144	1.61084
63	151	0.859225
63	156	1.35188
63	163	3.96474
63	165	0.820632
63	169	2.64331
63	172	0.868487
64	24	0.906382
64	50	0.849808
64	52	0.921641
64	54	0.921223
64	59	0.831451
64	78	0.868206
64	85	0.834851
64	89	0.897444
64	95	0.872625
64	102	0.856422
64	105	0.854276
64	128	2.37733
64	134	2.09273
64	147	3.93147
64	151	0.77471
64	165	0.736117
64	172	0.783972
65	2	0.913784
65	4	0.901687
65	46	0.763055
65	55	0.838667
65	56	0.824008
65	58	0.817803
65	67	0.807336
65	71	0.875083
65	74	0.858333
65	79	0.858892
65	92	0.877221
65	119	0.842281
65	132	0.858658
65	135	0.732781
65	144	1.8158
65	162	2.91117
65	163	4.1697
65	173	0.817261
66	29	0.854398
66	53	0.906524
66	69	0.950224
66	77	0.942228
66	86	0.914682
66	90	0.914262
66	94	0.902868
66	96	0.957606
66	99	0.93022
66	101	0.930229
66	103	0.890787
66	109	0.927752
66	133	2.01773
66	139	2.06178
66	154	3.23366
66	155	0.81668
66	157	2.22363
66	165	0.796086
67	2	0.914077
67	4	0.901979
67	46	0.763347
67	55	0.838959
67	56	0.8243
67	58	0.818095
67	65	0.807336
67	71	0.875375
67	74	0.858626
67	79	0.859184
67	92	0.877513
67	119	0.842573
67	125	1.52326
67	132	0.85895
67	135	0.733073
67	153	2.95447
67	173	0.817553
67	177	4.38302
68	24	1.18312
68	48	1.96033
68	72	1.28481
68	110	0.909489
68	129	0.845391
68	139	0.886848
68	156	0.901091
68	157	0.871048
68	159	0.824473
68	162	0.855502
68	163	0.833382
68	166	0.804026
68	170	0.779361
68	174	0.820823
68	176	0.847584
68	178	0.795373
68	179	0.825545
68	180	0.783871
69	29	0.85353
69	53	0.905656
69	66	0.950224
69	77	0.94136
69	86	0.913814
69	90	0.913394
69	94	0.902
69	96	0.956738
69	99	0.929352
69	101	0.929361
69	103	0.889919
69	109	0.926884
69	148	1.7357
69	149	1.77437
69	155	0.815812
69	159	3.80179
69	165	0.795218
69	167	2.54776
70	32	1.13412
70	77	0.89321
70	84	0.299747
70	93	0.117901
70	120	0.977404
70	126	0.946951
70	144	0.964838
70	152	0.928928
70	159	0.889212
70	160	0.875699
70	166	0.868765
70	167	0.902138
70	171	0.883099
70	174	0.885562
70	175	0.870166
70	177	0.894047
70	178	0.860112
70	180	0.84861
71	2	0.981824
71	4	0.969726
71	46	0.831094
71	55	0.906706
71	56	0.892047
71	58	0.885842
71	65	0.875083
71	67	0.875375
71	74	0.926373
71	79	0.926931
71	119	0.91032
71	132	0.926697
71	135	0.80082
71	144	1.66394
71	146	2.32232
71	152	2.65444
71	167	3.42386
71	173	0.8853
72	7	0.822524
72	19	0.899135
72	33	0.785857
72	49	0.918887
72	61	0.891884
72	68	1.28481
72	73	0.855162
72	91	0.904105
72	92	0.876481
72	129	3.61644
72	132	0.857918
72	137	0.783618
72	138	0.855836
72	145	0.860216
72	172	0.771177
72	173	2.55121
72	175	0.746399
72	179	0.766518
73	7	0.872123
73	19	0.948733
73	33	0.835455
73	49	0.968485
73	61	0.941483
73	72	0.855162
73	81	2.89924
73	91	0.953703
73	92	0.926079
73	129	3.09624
73	132	0.907517
73	134	1.51299
73	137	0.833216
73	138	0.905435
73	145	0.909815
73	146	2.52589
73	172	0.820775
73	175	0.795998
73	179	0.816116
74	2	0.965074
74	4	0.952977
74	46	0.814345
74	55	0.889957
74	56	0.875298
74	58	0.869093
74	65	0.858333
74	67	0.858626
74	71	0.926373
74	79	0.910182
74	92	0.928511
74	107	1.31764
74	119	0.89357
74	132	0.909948
74	135	0.78407
74	167	2.47722
74	171	4.26307
74	173	0.868551
74	174	3.30184
75	1	0.937917
75	15	1.21374
75	23	0.902033
75	28	0.897372
75	32	0.919863
75	78	0.916247
75	89	0.945485
75	95	0.920666
75	102	0.904463
75	114	0.883093
75	116	0.90695
75	117	0.907
75	135	0.792877
75	139	1.98996
75	155	0.804753
75	168	2.68427
75	172	0.832013
75	176	2.96157
75	179	0.827354
76	22	0.84368
76	32	0.912696
76	39	0.892587
76	43	0.0174264
76	45	0.890041
76	51	0.882432
76	82	0.893715
76	83	1.51385
76	87	0.88014
76	93	0.917595
76	104	0.907746
76	106	0.902674
76	111	0.896716
76	112	2.53087
76	114	0.875926
76	116	0.899783
76	117	0.899832
76	160	4.75075
76	179	0.820187
77	29	0.845534
77	53	0.89766
77	66	0.942228
77	69	0.94136
77	70	0.89321
77	86	0.905818
77	90	0.905398
77	94	0.894004
77	96	0.948742
77	99	0.921356
77	100	2.4131
77	101	0.921365
77	103	0.881923
77	109	0.918888
77	138	1.74514
77	142	0.793605
77	155	0.807816
77	165	0.787222
77	179	3.58913
78	24	0.943433
78	50	0.88686
78	52	0.958692
78	54	0.958275
78	59	0.868502
78	64	0.868206
78	75	0.916247
78	81	2.80076
78	85	0.871902
78	89	0.934495
78	95	0.909677
78	102	0.893474
78	105	0.891327
78	137	2.65327
78	143	2.63493
78	151	0.811761
78	165	0.773168
78	172	0.821023
78	173	1.93253
79	2	0.965633
79	4	0.953536
79	46	0.814904
79	55	0.890516
79	56	0.875857
79	58	0.869651
79	65	0.858892
79	67	0.859184
79	71	0.926931
79	74	0.910182
79	92	0.929069
79	100	2.04541
79	118	2.7338
79	119	0.894129
79	132	0.910507
79	135	0.784629
79	144	2.29934
79	150	3.02083
79	173	0.869109
80	10	2.79829
80	39	1.43916
80	50	1.76255
80	62	0.804901
80	129	0.830097
80	148	0.855563
80	153	0.845122
80	156	0.885797
80	158	0.841215
80	163	0.818089
80	164	0.831674
80	166	0.788733
80	168	0.84349
80	169	0.842865
80	170	0.764068
80	173	0.860255
80	174	0.80553
80	177	0.814014
80	178	0.780079
80	180	0.768578
81	73	2.89924
81	78	2.80076
81	128	0.846868
81	133	0.830163
81	136	0.803219
81	139	0.822635
81	143	0.82703
81	158	0.792295
81	161	0.760781
81	162	0.791289
81	163	0.769169
81	167	0.773186
81	169	0.793946
81	170	0.715148
81	174	0.75661
81	176	0.783371
81	177	0.765095
81	178	0.73116
81	180	0.719658
82	39	0.8734
82	45	0.870854
82	47	0.947581
82	48	0.868001
82	51	0.863245
82	76	0.893715
82	84	0.871257
82	87	0.860953
82	93	0.898408
82	98	2.40595
82	104	0.888559
82	106	0.883487
82	111	0.877529
82	114	0.856739
82	116	0.880595
82	117	0.880645
82	156	2.83234
82	178	4.01201
82	179	0.801
82	180	7.70517
83	36	1.73141
83	76	1.51385
83	88	0.81832
83	102	1.7115
83	139	0.873067
83	150	0.852233
83	157	0.857267
83	159	0.810692
83	161	0.811213
83	162	0.841721
83	166	0.790245
83	168	0.845003
83	169	0.844377
83	170	0.76558
83	171	0.804578
83	173	0.861767
83	176	0.833803
83	177	0.815527
83	178	0.781591
83	180	0.77009
84	32	0.890237
84	45	0.867583
84	47	0.94431
84	48	0.86473
84	70	0.299747
84	82	0.871257
84	87	0.857682
84	93	0.895137
84	104	0.885288
84	111	0.874258
84	114	0.853468
84	116	0.877324
84	117	0.877374
84	124	0.871971
84	132	0.889129
84	137	2.9578
84	138	0.887047
84	164	2.83566
84	172	3.00311
84	179	0.797729
85	24	0.910078
85	50	0.853505
85	52	0.925337
85	54	0.92492
85	59	0.835147
85	63	0.919366
85	64	0.834851
85	78	0.871902
85	89	0.90114
85	91	0.920597
85	95	0.876322
85	102	0.860119
85	105	0.857973
85	107	0.905953
85	147	2.1228
85	151	0.778406
85	155	2.75213
85	163	2.99249
85	165	0.739814
85	172	0.787669
85	175	3.33479
86	29	0.817988
86	53	0.870114
86	66	0.914682
86	69	0.913814
86	77	0.905818
86	90	0.877852
86	94	0.866458
86	96	0.921196
86	99	0.893811
86	101	0.893819
86	103	0.854378
86	109	0.891342
86	118	1.70586
86	119	0.877895
86	130	2.41321
86	142	0.766059
86	145	0.896571
86	153	2.11767
86	155	0.780271
86	165	0.759676
86	171	4.81717
87	39	0.859825
87	45	0.857279
87	47	0.934006
87	48	0.854425
87	76	0.88014
87	82	0.860953
87	84	0.857682
87	93	0.884833
87	104	0.874984
87	106	0.869911
87	111	0.863954
87	114	0.843164
87	116	0.86702
87	117	0.86707
87	123	1.56548
87	124	0.861667
87	130	3.29596
87	132	0.878825
87	153	3.00041
87	154	3.35677
87	179	0.787425
88	1	3.33894
88	10	0.783321
88	11	0.784549
88	25	0.853895
88	30	0.831076
88	37	0.809328
88	42	2.96106
88	83	0.81832
88	95	0.82734
88	102	0.811137
88	105	0.80899
88	151	0.729424
88	158	0.76499
88	165	0.690831
88	167	0.745881
88	168	0.767266
88	172	0.738686
88	174	0.729306
88	176	0.756067
88	177	0.73779
88	180	0.692353
89	24	0.972671
89	50	0.916098
89	52	0.98793
89	54	0.987512
89	59	0.89774
89	64	0.897444
89	75	0.945485
89	78	0.934495
89	85	0.90114
89	91	0.983189
89	95	0.938915
89	97	2.4879
89	102	0.922712
89	105	0.920565
89	134	1.6688
89	151	0.840999
89	157	2.21592
89	165	0.802406
89	172	0.850261
89	173	2.18682
89	176	3.02567
90	29	0.817568
90	53	0.869694
90	66	0.914262
90	69	0.913394
90	77	0.905398
90	86	0.877852
90	94	0.866038
90	96	0.920776
90	99	0.89339
90	101	0.893399
90	103	0.853957
90	109	0.890922
90	119	0.877474
90	140	1.23495
90	142	0.765639
90	145	0.89615
90	155	0.779851
90	161	2.83836
90	165	0.759256
90	174	3.65218
90	177	3.34245
91	1	0.975622
91	23	0.939738
91	28	0.935076
91	61	0.990425
91	72	0.904105
91	73	0.953703
91	85	0.920597
91	89	0.983189
91	95	0.958371
91	102	0.942168
91	105	0.940022
91	135	0.830582
91	143	2.0053
91	147	2.62362
91	152	2.1299
91	155	0.842457
91	168	1.86446
91	172	0.869718
91	175	0.84494
91	177	3.41422
91	179	0.865059
92	5	0.878364
92	18	0.953871
92	21	0.953676
92	25	0.957302
92	37	0.912736
92	58	0.88798
92	65	0.877221
92	67	0.877513
92	72	0.876481
92	73	0.926079
92	74	0.928511
92	79	0.929069
92	108	1.92903
92	121	2.56985
92	126	1.51795
92	138	0.926753
92	151	0.832831
92	172	0.842094
92	173	0.887438
92	175	0.817316
92	178	5.2444
92	179	0.837435
92	180	8.93755
93	22	0.848373
93	32	0.917389
93	39	0.89728
93	48	0.891881
93	70	0.117901
93	76	0.917595
93	82	0.898408
93	84	0.895137
93	87	0.884833
93	97	2.3563
93	106	0.907367
93	111	0.901409
93	114	0.880619
93	116	0.904475
93	117	0.904525
93	124	0.899123
93	132	0.91628
93	138	0.914198
93	140	0.890161
93	148	2.83958
93	155	4.00526
93	173	2.05521
93	179	0.82488
94	14	0.723828
94	29	0.806174
94	53	0.8583
94	60	0.855121
94	66	0.902868
94	69	0.902
94	77	0.894004
94	86	0.866458
94	90	0.866038
94	96	0.909382
94	99	0.881997
94	101	0.882005
94	103	0.842564
94	108	2.62975
94	109	0.879529
94	119	0.866081
94	126	2.41724
94	142	0.754245
94	145	0.884757
94	155	0.768457
94	165	0.747862
94	173	2.03883
94	174	4.45988
95	24	0.947853
95	50	0.891279
95	52	0.963112
95	54	0.962694
95	59	0.872922
95	64	0.872625
95	75	0.920666
95	78	0.909677
95	85	0.876322
95	88	0.82734
95	89	0.938915
95	91	0.958371
95	100	1.24563
95	102	0.897893
95	105	0.895747
95	107	0.943727
95	139	1.53029
95	149	2.48608
95	151	0.81618
95	159	4.5135
95	165	0.777588
95	172	0.825443
95	179	2.42166
96	29	0.860912
96	53	0.913038
96	66	0.957606
96	69	0.956738
96	77	0.948742
96	86	0.921196
96	90	0.920776
96	94	0.909382
96	99	0.936734
96	100	1.49586
96	101	0.936743
96	103	0.897301
96	109	0.934266
96	119	0.920819
96	138	1.62956
96	142	0.808983
96	145	0.939494
96	150	2.47127
96	155	0.823195
96	156	1.49082
96	165	0.8026
96	166	5.48267
97	1	2.05581
97	57	0.909701
97	89	2.4879
97	93	2.3563
97	113	0.832189
97	129	0.806052
97	134	0.869702
97	156	0.861752
97	157	0.83171
97	159	0.785135
97	160	0.771621
97	161	0.785656
97	163	0.794044
97	166	0.764688
97	167	0.79806
97	168	0.819445
97	169	0.81882
97	170	0.740022
97	174	0.781485
97	176	0.808246
97	177	0.789969
97	178	0.756034
97	180	0.744532
98	59	4.19405
98	82	2.40595
98	135	0.726702
98	147	0.78862
98	149	0.809787
98	150	0.801647
98	157	0.806682
98	160	0.746593
98	161	0.760628
98	162	0.791135
98	163	0.769016
98	164	0.7826
98	166	0.73966
98	167	0.773032
98	168	0.794417
98	169	0.793792
98	170	0.714994
98	171	0.753993
98	176	0.783218
98	177	0.764941
98	178	0.731006
98	180	0.719504
99	29	0.833526
99	53	0.885652
99	60	0.882473
99	63	0.954767
99	66	0.93022
99	69	0.929352
99	77	0.921356
99	86	0.893811
99	90	0.89339
99	94	0.881997
99	96	0.936734
99	101	0.909357
99	103	0.869916
99	109	0.906881
99	119	0.893433
99	138	0.835122
99	142	0.781598
99	143	2.6229
99	145	0.912109
99	148	2.70487
99	151	3.63027
99	155	0.795809
99	165	0.775214
99	179	2.67911
100	77	2.4131
100	79	2.04541
100	95	1.24563
100	96	1.49586
100	108	0.861672
100	112	0.871877
100	118	0.88425
100	122	0.814833
100	123	0.933533
100	130	0.844866
100	153	0.854221
100	156	0.894896
100	160	0.804765
100	161	0.8188
100	164	0.840773
100	166	0.797832
100	167	0.831204
100	168	0.852589
100	169	0.851964
100	171	0.812165
100	174	0.814629
100	177	0.823113
100	179	0.819351
100	180	0.777677
101	29	0.833535
101	53	0.885661
101	60	0.882481
101	63	0.954775
101	66	0.930229
101	69	0.929361
101	77	0.921365
101	86	0.893819
101	90	0.893399
101	94	0.882005
101	96	0.936743
101	99	0.909357
101	103	0.869924
101	107	1.45012
101	109	0.906889
101	119	0.893441
101	121	1.54144
101	142	0.781606
101	145	0.912117
101	155	0.795817
101	161	3.93187
101	165	0.775222
101	168	2.8862
101	172	3.0907
102	17	0.973354
102	24	0.93165
102	50	0.875076
102	52	0.946909
102	54	0.946491
102	59	0.856719
102	64	0.856422
102	75	0.904463
102	78	0.893474
102	83	1.7115
102	85	0.860119
102	88	0.811137
102	89	0.922712
102	91	0.942168
102	95	0.897893
102	105	0.879544
102	107	0.927524
102	135	3.60049
102	138	1.00423
102	140	2.09343
102	151	0.799977
102	165	0.761385
102	172	0.80924
102	176	2.92847
103	14	0.711747
103	29	0.794093
103	53	0.846219
103	60	0.84304
103	63	0.915334
103	66	0.890787
103	69	0.889919
103	77	0.881923
103	86	0.854378
103	90	0.853957
103	94	0.842564
103	96	0.897301
103	99	0.869916
103	101	0.869924
103	109	0.867448
103	119	0.854
103	135	3.21637
103	136	1.53409
103	142	0.742165
103	145	0.872676
103	155	0.756376
103	162	2.63737
103	165	0.735781
103	174	4.12654
104	22	0.838525
104	32	0.90754
104	39	0.887431
104	48	0.882032
104	51	0.877277
104	76	0.907746
104	82	0.888559
104	84	0.885288
104	87	0.874984
104	106	0.897518
104	111	0.891561
104	114	0.87077
104	116	0.894627
104	117	0.894677
104	118	2.11712
104	123	1.06202
104	124	0.889274
104	132	0.906432
104	138	0.904349
104	140	0.880312
104	150	2.40415
104	175	4.37886
104	176	2.68501
104	179	0.815031
105	17	0.971207
105	24	0.929503
105	50	0.87293
105	52	0.944762
105	54	0.944345
105	59	0.854572
105	63	0.938791
105	64	0.854276
105	78	0.891327
105	85	0.857973
105	88	0.80899
105	89	0.920565
105	91	0.940022
105	95	0.895747
105	102	0.879544
105	107	0.925378
105	113	2.76567
105	128	1.88262
105	140	2.11985
105	151	0.797831
105	162	3.04791
105	165	0.759239
105	172	0.807094
105	176	2.95489
106	22	0.833452
106	39	0.882359
106	45	0.879813
106	47	0.95654
106	48	0.876959
106	76	0.902674
106	82	0.883487
106	87	0.869911
106	93	0.907367
106	104	0.897518
106	111	0.886488
106	114	0.865698
106	116	0.889554
106	117	0.889604
106	118	2.14322
106	124	0.884201
106	132	0.901359
106	135	3.38314
106	138	0.899277
106	140	0.87524
106	149	2.69529
106	156	1.44981
106	162	2.80414
106	179	0.809959
107	10	2.31257
107	34	0.871873
107	40	0.941224
107	42	0.914627
107	74	1.31764
107	85	0.905953
107	95	0.943727
107	101	1.45012
107	102	0.927524
107	105	0.925378
107	116	0.571441
107	132	0.257184
107	134	0.93391
107	150	0.890883
107	154	0.879521
107	165	0.807219
107	169	0.883028
107	172	0.855074
107	173	0.900418
107	174	0.845693
107	175	0.830296
107	176	0.872454
107	177	0.854177
107	180	0.808741
108	62	0.764442
108	92	1.92903
108	94	2.62975
108	100	0.861672
108	117	1.92347
108	121	0.853745
108	123	0.883976
108	125	0.856533
108	126	0.82646
108	136	0.81168
108	147	0.797235
108	150	0.810262
108	157	0.815297
108	158	0.800756
108	159	0.768722
108	162	0.79975
108	163	0.77763
108	166	0.748275
108	169	0.802407
108	170	0.723609
108	174	0.765072
108	176	0.791832
108	177	0.773556
108	178	0.739621
108	180	0.728119
109	14	0.748712
109	29	0.831058
109	53	0.883184
109	60	0.880005
109	63	0.952299
109	66	0.927752
109	69	0.926884
109	77	0.918888
109	86	0.891342
109	90	0.890922
109	94	0.879529
109	96	0.934266
109	99	0.906881
109	101	0.906889
109	103	0.867448
109	119	0.890965
109	140	1.67286
109	142	0.779129
109	143	2.37145
109	145	0.909641
109	155	0.793341
109	165	0.772746
109	172	2.4351
109	175	4.20175
109	176	2.5079
110	41	0.875146
110	52	1.99618
110	56	2.51855
110	68	0.909489
110	117	0.396015
110	136	0.853302
110	145	0.481425
110	146	0.88055
110	147	0.838856
110	152	0.850058
110	153	0.846286
110	154	0.840521
110	157	0.856918
110	160	0.79683
110	163	0.819252
110	164	0.832837
110	168	0.844653
110	169	0.844028
110	170	0.765231
110	171	0.804229
110	174	0.806693
110	176	0.833454
110	177	0.815178
110	178	0.781242
110	180	0.769741
111	22	0.827495
111	32	0.89651
111	39	0.876401
111	45	0.873855
111	48	0.871002
111	51	0.866247
111	76	0.896716
111	82	0.877529
111	84	0.874258
111	87	0.863954
111	93	0.901409
111	104	0.891561
111	106	0.886488
111	114	0.85974
111	116	0.883597
111	117	0.883647
111	127	3.03268
111	132	0.895402
111	133	1.88035
111	138	0.893319
111	140	0.869282
111	144	1.89365
111	164	2.65575
111	167	3.65357
111	179	0.804001
112	27	2.00478
112	34	2.96435
112	62	0.774647
112	76	2.53087
112	100	0.871877
112	127	0.810149
112	129	0.799843
112	130	0.805513
112	133	0.848829
112	148	0.825309
112	150	0.820466
112	157	0.825501
112	159	0.778926
112	161	0.779447
112	162	0.809954
112	163	0.787835
112	164	0.80142
112	166	0.758479
112	167	0.791851
112	169	0.812611
112	170	0.733814
112	174	0.775276
112	177	0.78376
112	178	0.749825
112	180	0.738324
113	20	2.62956
113	40	2.40477
113	97	0.832189
113	105	2.76567
113	122	0.768936
113	133	0.842285
113	134	0.856949
113	149	0.822063
113	154	0.80256
113	156	0.848999
113	157	0.818957
113	158	0.804417
113	160	0.758869
113	161	0.772903
113	164	0.794876
113	166	0.751935
113	167	0.785307
113	168	0.806692
113	170	0.72727
113	172	0.778113
113	174	0.768732
113	176	0.795493
113	177	0.777216
113	178	0.743281
113	179	0.773454
113	180	0.73178
114	22	0.806704
114	32	0.87572
114	39	0.855611
114	45	0.853065
114	47	0.929792
114	48	0.850212
114	51	0.845456
114	75	0.883093
114	76	0.875926
114	82	0.856739
114	84	0.853468
114	87	0.843164
114	93	0.880619
114	104	0.87077
114	106	0.865698
114	111	0.85974
114	116	0.862807
114	117	0.862856
114	124	0.857454
114	138	0.872529
114	140	0.848492
114	141	2.6049
114	156	1.77233
114	165	7.81432
114	169	2.00512
114	173	1.13614
114	179	0.783211
115	8	1.92507
115	36	3.27025
115	47	2.60468
115	118	0.839371
115	122	0.769954
115	130	0.799987
115	133	0.843303
115	146	0.843606
115	156	0.850017
115	157	0.819975
115	158	0.805435
115	160	0.759886
115	161	0.773921
115	162	0.804428
115	164	0.795894
115	166	0.752953
115	167	0.786325
115	168	0.80771
115	169	0.807085
115	170	0.728288
115	171	0.767286
115	174	0.76975
115	176	0.796511
115	177	0.778234
115	178	0.744299
115	180	0.732798
116	22	0.830561
116	32	0.899576
116	39	0.879468
116	45	0.876922
116	47	0.953648
116	48	0.874068
116	51	0.869313
116	75	0.90695
116	76	0.899783
116	82	0.880595
116	84	0.877324
116	87	0.86702
116	93	0.904475
116	104	0.894627
116	106	0.889554
116	107	0.571441
116	111	0.883597
116	114	0.862807
116	117	0.886713
116	121	1.45318
116	124	0.88131
116	132	0.898468
116	138	0.896386
116	140	0.872348
116	141	2.70409
116	142	5.69201
116	158	2.46816
116	167	2.83175
116	179	0.807067
117	22	0.830611
117	32	0.899626
117	39	0.879518
117	45	0.876971
117	47	0.953698
117	48	0.874118
117	51	0.869363
117	75	0.907
117	76	0.899832
117	82	0.880645
117	84	0.877374
117	87	0.86707
117	93	0.904525
117	104	0.894677
117	106	0.889604
117	108	1.92347
117	110	0.396015
117	111	0.883647
117	114	0.862856
117	116	0.886713
117	124	0.88136
117	126	1.71096
117	132	0.898518
117	137	2.0533
117	138	0.896436
117	140	0.872398
117	151	3.04232
117	160	4.19135
117	179	0.807117
118	79	2.7338
118	86	1.70586
118	100	0.88425
118	104	2.11712
118	106	2.14322
118	115	0.839371
118	122	0.787853
118	123	0.906553
118	128	0.877906
118	134	0.875866
118	137	0.80947
118	144	0.866924
118	147	0.819812
118	157	0.837874
118	158	0.823333
118	159	0.791299
118	160	0.777785
118	161	0.79182
118	162	0.822327
118	165	0.749174
118	166	0.770852
118	167	0.804224
118	170	0.746186
118	171	0.785185
118	174	0.787649
118	176	0.81441
118	177	0.796133
118	178	0.762198
118	180	0.750696
119	6	0.837964
119	20	0.914237
119	35	0.902187
119	36	0.883836
119	38	0.883261
119	44	0.882878
119	55	0.873904
119	56	0.859245
119	57	1.22445
119	65	0.842281
119	67	0.842573
119	71	0.91032
119	74	0.89357
119	79	0.894129
119	86	0.877895
119	90	0.877474
119	94	0.866081
119	96	0.920819
119	99	0.893433
119	101	0.893441
119	103	0.854
119	109	0.890965
119	120	1.79652
119	126	3.05384
119	134	2.15742
119	139	2.54268
119	142	0.765682
119	145	0.896193
119	149	3.49847
119	173	0.852498
120	19	1.86018
120	41	0.878322
120	51	2.04634
120	52	2.0538
120	61	1.24317
120	70	0.977404
120	119	1.79652
120	127	0.844742
120	131	0.867921
120	139	0.875894
120	140	0.879872
120	148	0.859902
120	153	0.849462
120	157	0.860094
120	158	0.845554
120	160	0.800006
120	161	0.81404
120	162	0.844548
120	164	0.836013
120	167	0.826445
120	168	0.84783
120	169	0.847205
120	170	0.768407
120	171	0.807405
120	174	0.809869
120	176	0.83663
120	177	0.818354
120	178	0.784419
120	179	0.814591
120	180	0.772917
121	37	1.59349
121	51	2.14205
121	62	0.806072
121	92	2.56985
121	101	1.54144
121	108	0.853745
121	116	1.45318
121	123	0.925606
121	133	0.880255
121	136	0.85331
121	137	0.828523
121	141	0.84491
121	143	0.877121
121	147	0.838865
121	148	0.856734
121	152	0.850067
121	156	0.886969
121	158	0.842386
121	159	0.810352
121	160	0.796838
121	161	0.810873
121	162	0.84138
121	163	0.819261
121	164	0.832845
121	166	0.789905
121	169	0.844037
121	171	0.804238
121	174	0.806702
121	177	0.815186
121	178	0.781251
121	180	0.769749
122	49	4.53203
122	58	4.46797
122	100	0.814833
122	113	0.768936
122	115	0.769954
122	118	0.787853
122	129	0.742799
122	133	0.791785
122	136	0.764841
122	139	0.784256
122	143	0.788652
122	147	0.750395
122	148	0.768265
122	149	0.771562
122	153	0.757824
122	154	0.75206
122	158	0.753917
122	162	0.75291
122	164	0.744376
122	165	0.679758
122	166	0.701435
122	167	0.734807
122	168	0.756192
122	169	0.755567
122	171	0.715768
122	174	0.718232
122	176	0.744993
122	177	0.726716
122	178	0.692781
122	180	0.68128
123	11	2.11621
123	48	1.63207
123	55	1.80697
123	87	1.56548
123	100	0.933533
123	104	1.06202
123	108	0.883976
123	118	0.906553
123	121	0.925606
123	124	0.00725089
123	136	0.883541
123	139	0.902957
123	146	0.910789
123	156	0.9172
123	157	0.887157
123	158	0.872617
123	159	0.840582
123	160	0.827069
123	161	0.841103
123	162	0.871611
123	166	0.820135
123	167	0.853508
123	168	0.874893
123	169	0.874268
123	170	0.79547
123	173	0.891657
123	174	0.836932
123	176	0.863693
123	177	0.845417
123	178	0.811482
123	180	0.79998
124	3	0.859091
124	9	0.859227
124	20	0.913457
124	26	0.946509
124	27	0.903026
124	34	0.823172
124	35	0.901408
124	36	0.883056
124	38	0.882481
124	40	0.892524
124	42	0.865927
124	44	0.882098
124	84	0.871971
124	87	0.861667
124	93	0.899123
124	104	0.889274
124	106	0.884201
124	114	0.857454
124	116	0.88131
124	117	0.88136
124	123	0.00725089
124	131	2.44778
124	140	0.866996
124	142	0.764902
124	154	2.64103
124	164	2.20051
124	166	5.17129
124	172	2.36796
124	173	0.851718
124	175	0.781596
124	179	0.801714
125	7	2.09324
125	14	0.746982
125	23	1.61042
125	30	1.36644
125	56	2.70664
125	67	1.52326
125	108	0.856533
125	133	0.883043
125	134	0.897707
125	141	0.847698
125	144	0.888766
125	146	0.883346
125	148	0.859522
125	149	0.86282
125	152	0.852855
125	153	0.849082
125	156	0.889757
125	160	0.799626
125	161	0.813661
125	163	0.822049
125	164	0.835634
125	166	0.792693
125	169	0.846825
125	170	0.768028
125	171	0.807026
125	173	0.864215
125	174	0.80949
125	176	0.836251
125	177	0.817974
125	178	0.784039
125	180	0.772537
126	70	0.946951
126	92	1.51795
126	94	2.41724
126	108	0.82646
126	117	1.71096
126	119	3.05384
126	128	0.869674
126	133	0.85297
126	136	0.826025
126	147	0.81158
126	149	0.832747
126	152	0.822782
126	153	0.819009
126	154	0.813245
126	156	0.859684
126	157	0.829642
126	158	0.815101
126	159	0.783067
126	161	0.783588
126	162	0.814095
126	163	0.791976
126	165	0.740942
126	168	0.817377
126	170	0.737954
126	171	0.776953
126	176	0.806178
126	177	0.787901
126	178	0.753966
126	180	0.742464
127	4	2.1501
127	7	3.81722
127	111	3.03268
127	112	0.810149
127	120	0.844742
127	131	0.810953
127	141	0.791109
127	143	0.823321
127	150	0.798091
127	151	0.753019
127	152	0.796266
127	155	0.735022
127	156	0.833168
127	157	0.803126
127	158	0.788586
127	159	0.756551
127	160	0.743038
127	163	0.76546
127	164	0.779045
127	166	0.736104
127	167	0.769476
127	168	0.790861
127	169	0.790236
127	170	0.711439
127	173	0.807626
127	174	0.752901
127	176	0.779662
127	177	0.761385
127	178	0.72745
127	180	0.715949
128	1	1.52131
128	13	1.98273
128	35	1.836
128	64	2.37733
128	81	0.846868
128	105	1.88262
128	118	0.877906
128	126	0.869674
128	131	0.866337
128	136	0.854894
128	143	0.878705
128	144	0.887561
128	149	0.861616
128	154	0.842113
128	155	0.790406
128	157	0.85851
128	158	0.84397
128	159	0.811935
128	160	0.798422
128	161	0.812456
128	163	0.820844
128	166	0.791488
128	167	0.824861
128	169	0.845621
128	170	0.766823
128	171	0.805822
128	174	0.808285
128	175	0.792889
128	176	0.835046
128	177	0.81677
128	178	0.782835
128	180	0.771333
129	61	3.18732
129	68	0.845391
129	72	3.61644
129	73	3.09624
129	80	0.830097
129	97	0.806052
129	112	0.799843
129	122	0.742799
129	133	0.816148
129	137	0.764417
129	142	0.710504
129	143	0.813015
129	152	0.78596
129	154	0.776423
129	156	0.822862
129	157	0.79282
129	158	0.77828
129	159	0.746245
129	160	0.732732
129	161	0.746766
129	162	0.777274
129	163	0.755154
129	164	0.768739
129	166	0.725798
129	167	0.759171
129	168	0.780556
129	169	0.77993
129	170	0.701133
129	171	0.740131
129	176	0.769356
129	177	0.75108
129	178	0.717144
129	180	0.705643
130	86	2.41321
130	87	3.29596
130	100	0.844866
130	112	0.805513
130	115	0.799987
130	132	2.8481
130	133	0.821818
130	134	0.836482
130	135	0.71851
130	141	0.786473
130	142	0.716174
130	147	0.780428
130	148	0.798297
130	152	0.79163
130	153	0.787857
130	156	0.828532
130	158	0.78395
130	159	0.751915
130	160	0.738401
130	162	0.782943
130	163	0.760824
130	164	0.774409
130	166	0.731468
130	167	0.76484
130	168	0.786225
130	170	0.706803
130	171	0.745801
130	174	0.748265
130	176	0.775026
130	177	0.756749
130	178	0.722814
130	180	0.711312
131	17	1.86944
131	58	1.92886
131	120	0.867921
131	124	2.44778
131	127	0.810953
131	128	0.866337
131	133	0.849633
131	141	0.814287
131	145	2.26383
131	146	0.849936
131	150	0.82127
131	153	0.815672
131	154	0.809908
131	155	0.7582
131	156	0.856347
131	158	0.811764
131	159	0.77973
131	160	0.766216
131	161	0.780251
131	163	0.788639
131	166	0.759283
131	167	0.792655
131	168	0.81404
131	169	0.813415
131	170	0.734617
131	171	0.773616
131	175	0.760683
131	176	0.802841
131	177	0.784564
131	178	0.750629
131	179	0.780801
131	180	0.739127
132	7	0.874879
132	33	0.838211
132	46	0.81467
132	49	0.971241
132	55	0.890282
132	56	0.875623
132	58	0.869417
132	61	0.944239
132	65	0.858658
132	67	0.85895
132	71	0.926697
132	72	0.857918
132	73	0.907517
132	74	0.909948
132	79	0.910507
132	84	0.889129
132	87	0.878825
132	93	0.91628
132	104	0.906432
132	106	0.901359
132	107	0.257184
132	111	0.895402
132	116	0.898468
132	117	0.898518
132	130	2.8481
132	146	2.36467
132	148	2.65415
132	150	2.42779
132	162	2.80166
132	164	2.46839
132	172	0.823531
132	173	0.868875
132	175	0.798754
132	179	0.818872
133	9	2.21795
133	25	1.75272
133	57	0.919797
133	66	2.01773
133	81	0.830163
133	111	1.88035
133	112	0.848829
133	113	0.842285
133	115	0.843303
133	121	0.880255
133	122	0.791785
133	125	0.883043
133	126	0.85297
133	129	0.816148
133	130	0.821818
133	131	0.849633
133	145	1.24116
133	146	0.865438
133	150	0.836772
133	155	0.773702
133	159	0.795231
133	160	0.781718
133	161	0.795752
133	162	0.82626
133	165	0.753107
133	166	0.774784
133	168	0.829541
133	169	0.828916
133	171	0.789117
133	174	0.791581
133	176	0.818342
133	177	0.800065
133	178	0.76613
133	180	0.754629
134	18	1.46399
134	41	0.874698
134	57	0.934461
134	61	1.60408
134	62	0.805616
134	64	2.09273
134	73	1.51299
134	89	1.6688
