1	57	0.986981
1	64	1.10512
1	81	0.996306
1	106	1.0227
1	108	1.02175
1	118	1.01482
1	123	1.05232
1	149	1.00697
1	163	0.985126
1	171	0.927022
1	176	0.950983
1	180	0.936775
2	115	0.958343
2	126	1.01619
2	134	0.938216
2	140	1.06557
2	149	1.00961
2	150	1.01648
2	161	1.01326
2	167	1.03305
2	170	1.02862
2	171	1.02683
2	172	0.940856
2	174	0.960016
3	58	0.945471
3	61	1.10722
3	67	1.06081
3	76	1.02759
3	86	1.04031
3	101	0.971885
3	137	1.04672
3	153	0.998939
3	162	1.02276
3	172	1.00972
3	178	0.941739
3	179	0.831278
4	39	0.951531
4	49	1.0193
4	80	1.13009
4	90	1.04549
4	101	1.00301
4	125	1.053
4	137	1.07785
4	139	0.91849
4	144	0.992979
4	156	1.04982
4	176	0.977016
4	179	0.785808
5	54	1.06578
5	97	0.995625
5	122	0.95528
5	126	1.02394
5	149	1.02976
5	152	1.06235
5	154	1.01991
5	161	1.02101
5	167	1.0408
5	170	1.03637
5	176	0.973775
5	179	0.782567
6	113	1.29972
6	117	0.903349
6	121	0.867326
6	138	1.21602
6	142	0.920805
6	143	0.909322
6	148	0.886487
6	150	0.901634
6	154	0.89731
6	164	1.23608
6	170	0.913768
6	179	1.05394
7	56	0.832415
7	83	1.16055
7	121	0.979339
7	129	0.904833
7	131	1.01249
7	167	0.91551
7	172	1.02965
7	173	1.03656
7	175	1.03277
7	176	1.02615
7	177	1.02976
7	180	1.03261
8	45	0.905736
8	60	0.864849
8	66	0.884444
8	73	0.93899
8	80	0.907092
8	83	0.821905
8	107	1.22117
8	137	0.943109
8	156	1.22571
8	158	0.933876
8	164	1.21398
8	178	1.1423
9	83	1.02225
9	105	1.10554
9	132	0.895148
9	150	1.11493
9	158	1.13423
9	159	1.09598
9	166	0.903338
9	170	1.12707
9	175	0.863036
9	176	0.879887
9	180	0.865678
10	109	0.995493
10	121	0.9978
10	129	1.03946
10	139	0.912128
10	146	1.0111
10	154	1.02778
10	159	1.01315
10	161	1.02889
10	167	1.04868
10	170	1.04424
10	173	0.932319
10	180	0.956446
11	49	1.0017
11	62	1.02241
11	82	0.93026
11	90	1.02789
11	95	1.02242
11	103	1.04287
11	104	1.04731
11	125	1.0354
11	141	0.941101
11	164	0.968263
11	166	1.00078
11	177	0.966609
12	84	1.04449
12	87	1.03762
12	90	1.01433
12	103	1.02931
12	104	1.03375
12	125	1.02184
12	128	1.0106
12	130	0.983805
12	141	0.908675
12	156	1.01866
12	164	0.935837
12	166	0.968355
13	42	1.05296
13	66	1.00405
13	73	1.05859
13	80	1.0267
13	83	0.941509
13	122	0.994644
13	137	1.06271
13	158	1.05348
13	165	0.998774
13	171	0.989177
13	177	1.00242
13	179	0.821931
14	19	0.858921
14	29	1.31388
14	50	0.998895
14	86	1.06009
14	101	0.991664
14	103	0.896197
14	160	1.02108
14	166	1.02383
14	167	0.861753
14	170	0.8614
14	173	1.0542
14	180	1.05025
15	97	1.00135
15	105	1.02056
15	107	0.950272
15	109	0.976986
15	124	0.961637
15	127	1.02576
15	142	1.04912
15	150	1.02995
15	155	0.982998
15	161	1.02673
15	167	1.04652
15	175	0.935296
16	31	1.30339
16	46	1.11252
16	100	0.91848
16	108	1.20615
16	119	1.17281
16	140	0.929707
16	152	0.91874
16	155	0.882369
16	161	0.877403
16	165	0.887345
16	175	0.893058
16	180	0.892898
17	65	0.990681
17	108	1.04852
17	129	1.00725
17	141	0.972505
17	148	0.984752
17	152	1.03802
17	167	1.01647
17	170	1.01203
17	172	0.995969
17	173	0.970399
17	178	1.1508
17	179	0.817526
18	73	1.00144
18	78	0.901252
18	112	0.999035
18	127	0.892156
18	136	1.00661
18	144	1.02976
18	159	0.990942
18	172	1.0337
18	175	1.03682
18	176	1.0302
18	177	1.03381
18	180	1.03666
19	14	0.858921
19	44	1.02038
19	48	0.972802
19	79	1.08509
19	88	0.965851
19	91	1.03916
19	93	1.09274
19	132	1.02398
19	144	1.02285
19	147	0.959053
19	173	0.968548
19	177	0.996161
20	75	1.06345
20	85	0.980904
20	92	0.952482
20	108	0.959348
20	110	0.964757
20	116	0.98008
20	118	0.952425
20	119	1.02008
20	123	0.989925
20	168	1.04337
20	169	1.12516
20	177	1.07777
20	179	0.897282
21	56	0.969697
21	77	0.907486
21	96	0.907219
21	99	0.979593
21	102	0.953372
21	130	1.08783
21	138	1.01979
21	139	0.932127
21	164	1.03986
21	165	1.03456
21	171	1.02496
21	178	1.0744
21	179	1.07611
22	23	1.06232
22	24	1.06304
22	26	0.943189
22	35	1.01983
22	74	0.950934
22	79	0.998924
22	88	0.879688
22	93	1.00658
22	124	1.05557
22	132	0.937814
22	171	1.02211
22	177	1.03535
22	180	1.03187
23	22	1.06232
23	66	1.114
23	103	1.06041
23	119	0.932387
23	141	0.986811
23	149	0.952886
23	154	1.0253
23	157	0.978586
23	172	0.977113
23	173	0.984028
23	174	0.966886
23	176	0.973614
23	180	0.980075
24	22	1.06304
24	43	1.23655
24	48	1.04175
24	79	1.15404
24	88	1.0348
24	91	1.10811
24	93	1.16169
24	112	0.892015
24	113	0.891395
24	146	0.877267
24	155	0.867675
24	166	0.860275
24	175	0.819973
25	74	1.10351
25	97	0.94094
25	105	0.960152
25	126	0.969252
25	129	0.976899
25	140	1.01863
25	155	1.09888
25	161	0.966328
25	167	0.986116
25	168	1.02291
25	169	1.1047
25	170	0.981682
25	179	0.876823
26	22	0.943189
26	44	0.969481
26	48	0.9219
26	74	0.986195
26	79	1.03419
26	88	0.91495
26	91	0.988257
26	93	1.04184
26	144	1.06766
26	153	1.02815
26	160	1.02943
26	166	1.07515
26	168	1.00658
27	39	0.955352
27	58	0.980421
27	61	1.14217
27	67	1.09576
27	74	1.00743
27	76	1.06254
27	82	0.924881
27	86	1.07526
27	101	1.00683
27	137	1.08167
27	158	0.955732
27	163	1.00609
27	173	0.933617
27	179	0.780744
28	105	1.03879
28	112	0.976074
28	117	1.0499
28	122	0.902389
28	128	0.986583
28	130	0.959784
28	148	1.03304
28	152	1.0863
28	154	1.04386
28	159	1.02923
28	168	0.875765
28	170	1.06032
28	171	1.05854
28	172	0.908118
29	14	1.31388
29	117	0.817549
29	136	0.796987
29	139	1.40331
29	140	0.864917
29	148	0.800687
29	152	0.853951
29	160	1.43957
29	161	0.812614
29	167	0.832402
29	170	0.827968
29	171	0.826186
29	178	0.966738
29	180	1.44763
30	52	1.03038
30	72	1.20694
30	90	1.10721
30	112	0.901249
30	123	1.08735
30	143	1.16038
30	153	0.945202
30	157	0.937389
30	164	0.92708
30	172	0.935916
30	173	0.942831
30	175	0.939038
30	176	0.932417
30	180	0.938878
31	16	1.30339
31	40	0.977914
31	45	0.933497
31	60	0.89261
31	66	0.912205
31	73	0.96675
31	80	0.934853
31	83	0.849665
31	113	1.10129
31	122	1.02822
31	137	0.970869
31	149	1.1027
31	158	0.961636
31	166	1.07017
32	71	0.947963
32	84	0.911103
32	96	0.868497
32	102	0.914651
32	103	0.895918
32	104	0.90036
32	125	0.888446
32	153	1.12213
32	165	1.13131
32	168	1.10056
32	173	1.10734
32	176	1.14568
32	178	1.03567
32	179	1.03739
33	92	1.03006
33	106	1.03788
33	108	1.03692
33	110	1.04233
33	116	1.05766
33	118	1.03
33	119	1.09766
33	123	1.0675
33	134	0.932839
33	141	0.912016
33	145	0.952314
33	153	0.924699
33	158	0.932026
33	174	0.954639
34	46	0.930938
34	75	1.11829
34	77	0.867349
34	96	0.867081
34	99	0.939456
34	102	0.913235
34	135	0.919719
34	139	0.89199
34	145	1.1474
34	147	1.0955
34	171	1.11937
34	175	1.12648
34	178	1.03426
34	179	1.03597
35	22	1.01983
35	44	1.04612
35	48	0.99854
35	79	1.11083
35	88	0.99159
35	91	1.0649
35	93	1.11848
35	128	0.989956
35	132	1.04972
35	153	0.90071
35	156	0.926922
35	160	0.901982
35	163	0.958398
35	174	0.93065
36	37	1.05749
36	84	1.06841
36	87	1.06154
36	90	1.03824
36	95	1.03278
36	103	1.05322
36	112	0.96587
36	113	0.96525
36	125	1.04575
36	130	0.94958
36	145	0.914749
36	156	1.04257
36	157	0.918812
36	158	0.89446
37	36	1.05749
37	47	0.878443
37	62	0.995305
37	87	1.02408
37	95	0.995316
37	100	1.03285
37	103	1.01576
37	104	1.0202
37	125	1.00829
37	156	1.00511
37	162	0.995072
37	169	1.03147
37	172	0.982027
37	177	0.984071
37	180	0.980584
38	39	0.908739
38	52	1.0817
38	58	0.933808
38	63	0.986767
38	67	1.04914
38	76	1.01592
38	86	1.02864
38	89	0.984666
38	101	0.960222
38	115	1.01763
38	137	1.03505
38	151	0.999142
38	153	0.989364
38	174	1.0193
38	180	0.998701
39	4	0.951531
39	27	0.955352
39	38	0.908739
39	50	0.852329
39	58	0.818684
39	67	0.934019
39	76	0.900801
39	86	0.91352
39	101	0.845097
39	131	1.22643
39	137	0.919929
39	145	1.20672
39	153	1.17911
39	174	1.20905
39	175	1.1858
40	31	0.977914
40	45	1.01592
40	55	0.993929
40	60	0.97503
40	66	0.994625
40	73	1.04917
40	80	1.01727
40	83	0.932085
40	138	0.983986
40	142	1.07204
40	155	1.04397
40	158	1.04406
40	163	1.04726
40	166	1.03657
40	179	0.821909
41	72	1.03515
41	86	0.976639
41	106	0.979446
41	125	0.992062
41	136	1.02508
41	141	1.01451
41	149	0.980586
41	160	0.978607
41	163	0.990051
41	164	0.995976
41	167	0.98218
41	168	1.01492
41	171	1.00585
41	173	1.01173
41	180	1.00777
42	13	1.05296
42	45	0.999116
42	60	0.958229
42	66	0.977824
42	73	1.03237
42	80	1.00047
42	82	0.949288
42	83	0.915285
42	87	1.04066
42	124	1.00585
42	137	1.03649
42	142	1.05529
42	153	0.972812
42	158	1.02726
42	175	0.979507
43	24	1.23655
43	44	1.10773
43	48	1.06015
43	54	0.937075
43	74	1.12444
43	88	1.0532
43	91	1.12651
43	93	1.18009
43	132	1.11133
43	146	0.885509
43	158	0.828847
43	163	0.879209
43	169	0.881741
43	178	0.76432
43	180	0.830858
44	19	1.02038
44	26	0.969481
44	35	1.04612
44	43	1.10773
44	48	0.912931
44	79	1.02522
44	88	0.90598
44	89	0.961127
44	91	0.979287
44	93	1.03287
44	124	0.998861
44	125	1.09927
44	134	0.973966
44	157	0.997504
44	165	0.975006
45	8	0.905736
45	31	0.933497
45	40	1.01592
45	42	0.999116
45	60	0.930612
45	66	0.950207
45	73	1.00475
45	80	0.972856
45	83	0.887668
45	89	1.08344
45	115	1.11641
45	141	1.07546
45	158	0.999639
45	174	1.11808
45	175	1.09483
45	179	0.920478
46	16	1.11252
46	34	0.930938
46	59	1.01798
46	68	0.843948
46	77	1.02078
46	96	1.02051
46	99	1.09289
46	102	1.06666
46	130	0.894748
46	135	1.07315
46	144	0.871811
46	146	0.89629
46	154	0.955204
46	171	0.831886
46	178	1.18769
46	179	1.1894
47	37	0.878443
47	49	0.833004
47	62	0.85372
47	71	0.926223
47	84	0.889362
47	87	0.882491
47	95	0.85373
47	103	0.874177
47	104	0.878619
47	125	0.866705
47	127	1.31522
47	151	1.27299
47	156	0.863527
47	160	1.26448
47	164	1.27769
47	172	1.27399
48	19	0.972802
48	24	1.04175
48	26	0.9219
48	35	0.99854
48	43	1.06015
48	44	0.912931
48	88	0.8584
48	91	0.931707
48	93	0.985291
48	132	0.916525
48	147	1.03725
48	156	1.08775
48	158	1.06886
48	171	1.06112
48	175	1.06823
48	176	1.08508
49	4	1.0193
49	11	1.0017
49	47	0.833004
49	62	0.949867
49	87	0.978638
49	95	0.949877
49	103	0.970325
49	104	0.974766
49	125	0.962852
49	156	0.959674
49	160	1.05156
49	170	1.1735
49	171	1.04987
49	172	1.06107
49	176	1.07384
49	178	0.99309
50	14	0.998895
50	39	0.852329
50	52	1.02529
50	58	0.877398
50	61	1.03915
50	67	0.992733
50	76	0.959515
50	86	0.972234
50	101	0.903812
50	111	1.09197
50	133	1.04332
50	137	0.978644
50	173	1.04067
50	174	1.0854
50	176	1.07901
50	177	1.06828
51	127	0.937854
51	134	1.05259
51	143	0.949731
51	146	1.10844
51	148	0.926896
51	152	0.980159
51	154	0.937718
51	159	0.923087
51	161	0.938822
51	162	1.06828
51	167	0.958611
51	170	0.954176
51	176	1.068
51	177	1.05728
51	178	1.09295
51	180	1.05379
52	30	1.03038
52	38	1.0817
52	50	1.02529
52	67	1.10698
52	68	0.874232
52	84	1.0907
52	87	1.08383
52	90	1.06053
52	101	1.01806
52	120	0.903555
52	125	1.06804
52	146	0.926574
52	156	1.06487
52	166	0.909582
52	174	0.892526
52	180	0.871923
53	81	1.02927
53	85	1.07627
53	106	1.05566
53	108	1.05471
53	110	1.06012
53	113	0.987843
53	116	1.07544
53	118	1.04779
53	119	1.11544
53	123	1.08529
53	144	0.949235
53	160	0.910998
53	163	0.967414
53	176	0.933272
53	179	0.742065
53	180	0.919064
54	5	1.06578
54	43	0.937075
54	57	1.14797
54	82	1.0098
54	94	1.11136
54	107	0.943451
54	126	1.10162
54	127	1.03017
54	134	0.970925
54	172	0.953777
54	173	0.960692
54	174	0.943551
54	175	0.956899
54	176	0.950279
54	177	0.953887
54	180	0.95674
55	40	0.993929
55	79	1.00872
55	80	0.950867
55	83	0.86568
55	88	0.889486
55	91	0.962793
55	93	1.01638
55	132	0.947612
55	134	1.06663
55	137	0.986883
55	138	1.05291
55	158	0.977651
55	160	1.05976
55	164	1.07297
55	174	1.08843
55	180	1.06783
56	7	0.832415
56	21	0.969697
56	59	1.0166
56	67	0.970669
56	77	1.0194
56	96	1.01913
56	99	1.09151
56	102	1.06529
56	133	0.890933
56	139	1.04404
56	155	0.95747
56	163	0.960761
56	165	0.912254
56	168	0.881501
56	178	1.18631
56	179	1.18802
57	1	0.986981
57	54	1.14797
57	81	0.919607
57	85	0.966603
57	106	0.945999
57	108	0.945047
57	110	0.950456
57	116	0.965779
57	118	0.938124
57	119	1.00578
57	123	0.975624
57	132	1.07122
57	138	1.02683
57	157	1.06409
57	166	1.07941
57	173	1.01762
58	3	0.945471
58	27	0.980421
58	38	0.933808
58	39	0.818684
58	50	0.877398
58	61	1.00551
58	67	0.959088
58	76	0.92587
58	86	0.938589
58	101	0.870167
58	112	1.18164
58	127	1.15492
58	137	0.944998
58	141	1.09022
58	157	1.13458
58	168	1.08133
58	169	1.16312
59	46	1.01798
59	56	1.0166
59	77	0.954393
59	96	0.954125
59	99	1.0265
59	102	1.00028
59	107	0.950085
59	135	1.00676
59	139	0.979034
59	144	0.967923
59	149	1.00794
59	161	1.06807
59	173	0.913625
59	174	0.958354
59	177	0.941238
59	178	1.1213
59	179	1.12302
60	8	0.864849
60	31	0.89261
60	40	0.97503
60	42	0.958229
60	45	0.930612
60	66	0.90932
60	73	0.963865
60	80	0.931968
60	83	0.846781
60	122	1.16904
60	124	1.19702
60	137	0.967984
60	147	1.1397
60	153	1.16399
60	158	0.958752
60	168	1.14242
60	179	0.996326
61	3	1.10722
61	27	1.14217
61	50	1.03915
61	58	1.00551
61	63	1.05847
61	67	1.12084
61	76	1.08762
61	86	1.10034
61	101	1.03192
61	111	0.910499
61	115	0.90226
61	131	0.921318
61	132	0.9128
61	135	0.92861
61	137	1.10675
61	141	0.86131
61	151	0.883771
61	164	0.888471
62	11	1.02241
62	37	0.995305
62	47	0.85372
62	49	0.949867
62	71	1.04309
62	84	1.00622
62	87	0.999354
62	95	0.970593
62	104	0.995482
62	125	0.983568
62	132	1.07467
62	152	1.11251
62	156	0.980389
62	171	1.03545
62	172	1.04665
62	173	1.02108
62	177	1.04869
62	179	0.868203
63	38	0.986767
63	61	1.05847
63	76	0.978829
63	81	0.939302
63	86	0.991549
63	92	0.957876
63	101	0.923126
63	116	0.985474
63	118	0.957819
63	119	1.02547
63	120	1.06326
63	123	0.995319
63	146	1.08628
63	147	0.998007
63	152	1.09893
63	157	1.05397
63	174	1.05223
63	179	0.85463
64	1	1.10512
64	85	1.08475
64	92	1.05632
64	106	1.06414
64	108	1.06319
64	110	1.0686
64	115	0.900279
64	116	1.08392
64	118	1.05627
64	119	1.12392
64	123	1.09377
64	131	0.919337
64	139	0.837031
64	146	0.936
64	156	0.898223
64	164	0.88649
64	169	0.932232
64	174	0.901952
65	17	0.990681
65	121	0.945673
65	127	0.975792
65	139	0.993167
65	143	0.987669
65	146	1.09214
65	150	0.979981
65	151	1.03793
65	152	1.0181
65	154	0.975657
65	159	0.961025
65	160	1.02942
65	161	0.976761
65	167	0.996549
65	168	1.00658
65	170	0.992115
65	173	1.01336
65	180	1.03748
66	8	0.884444
66	13	1.00405
66	23	1.114
66	31	0.912205
66	40	0.994625
66	42	0.977824
66	45	0.950207
66	60	0.90932
66	73	0.983461
66	80	0.951564
66	83	0.866376
66	132	1.11301
66	137	0.98758
66	139	1.03923
66	158	0.978347
66	166	1.1212
66	168	1.05264
66	172	1.08499
66	180	1.08355
67	3	1.06081
67	27	1.09576
67	38	1.04914
67	39	0.934019
67	50	0.992733
67	52	1.10698
67	56	0.970669
67	58	0.959088
67	61	1.12084
67	76	1.04121
67	86	1.05392
67	100	0.991798
67	101	0.985502
67	134	0.938338
67	144	0.969706
67	145	0.957813
67	147	0.905913
67	153	0.930197
67	177	0.943022
68	46	0.843948
68	52	0.874232
68	78	0.935356
68	86	0.992274
68	94	1.00746
68	127	0.92626
68	134	1.0433
68	141	1.03585
68	149	1.00192
68	161	1.0139
68	165	1.02356
68	166	1.00269
68	167	0.997815
68	174	1.01592
68	175	1.02927
68	176	1.02265
68	177	1.02626
68	179	1.16946
68	180	1.02911
69	77	1.1599
69	78	1.00809
69	105	0.930117
69	117	0.941228
69	120	1.09927
69	142	0.958684
69	143	0.947202
69	145	1.08591
69	150	0.939513
69	152	0.97763
69	154	0.935189
69	159	0.920558
69	163	0.934065
69	167	0.956082
69	170	0.951647
69	172	1.06908
69	173	1.04351
69	176	1.08184
69	180	1.06764
70	121	0.990841
70	127	1.02096
70	132	0.993171
70	136	1.0063
70	140	1.07423
70	143	1.03284
70	148	1.01
70	150	1.02515
70	156	0.980576
70	159	1.00619
70	161	1.02193
70	166	1.00136
70	168	0.932792
70	171	1.0355
70	172	0.965145
70	174	0.984305
70	177	0.967189
70	178	1.17605
70	179	0.786703
71	32	0.947963
71	47	0.926223
71	62	1.04309
71	84	1.07873
71	87	1.07186
71	90	1.04856
71	95	1.0431
71	100	0.981355
71	103	1.06354
71	104	1.06798
71	122	0.924807
71	123	0.976709
71	125	1.05607
71	131	0.967081
71	146	0.983744
71	156	1.05289
71	158	0.927082
71	171	0.919339
71	175	0.92645
72	30	1.20694
72	41	1.03515
72	78	1.00115
72	97	0.903966
72	98	0.961245
72	100	0.970431
72	113	1.11726
72	126	0.932278
72	131	1.08647
72	140	0.981658
72	152	0.970691
72	154	0.928251
72	161	0.929354
72	162	1.06297
72	163	0.927126
72	167	0.949143
72	170	0.944709
72	172	1.04992
72	180	1.04848
73	8	0.93899
73	13	1.05859
73	18	1.00144
73	31	0.96675
73	40	1.04917
73	42	1.03237
73	45	1.00475
73	60	0.963865
73	66	0.983461
73	75	1.02241
73	80	1.00611
73	83	0.920921
73	137	1.04213
73	139	0.988922
73	157	1.05558
73	158	1.03289
73	160	1.02517
73	171	1.02349
73	177	1.03673
73	179	0.85624
74	22	0.950934
74	25	1.10351
74	26	0.986195
74	27	1.00743
74	43	1.12444
74	79	1.04193
74	87	0.989476
74	88	0.922695
74	91	0.996002
74	105	1.03754
74	129	1.03452
74	135	0.976247
74	140	0.979597
74	166	0.977422
74	172	1.00088
74	174	0.990655
74	175	1.004
74	177	1.00099
74	178	0.86443
74	180	1.00384
75	20	1.06345
75	34	1.11829
75	73	1.02241
75	78	0.922213
75	90	0.937915
75	110	0.984382
75	111	0.988846
75	120	0.981818
75	142	0.943579
75	145	0.989924
75	161	1.00076
75	164	0.984765
75	169	0.96366
75	172	0.993601
75	174	0.983375
75	175	0.996723
75	176	0.990103
75	177	0.993711
75	179	1.13691
75	180	0.996564
76	3	1.02759
76	27	1.06254
76	38	1.01592
76	39	0.900801
76	50	0.959515
76	58	0.92587
76	61	1.08762
76	63	0.978829
76	67	1.04121
76	86	1.02071
76	97	1.1303
76	101	0.952284
76	137	1.02712
76	139	0.92327
76	146	1.02224
76	153	0.95825
76	156	0.984462
76	163	1.01594
76	166	1.00525
76	172	0.969031
77	21	0.907486
77	34	0.867349
77	46	1.02078
77	56	1.0194
77	59	0.954393
77	69	1.1599
77	96	0.956922
77	99	1.0293
77	102	1.00308
77	114	0.943688
77	135	1.00956
77	139	0.98183
77	157	0.995883
77	163	1.02189
77	164	0.978683
77	171	0.963789
77	172	0.974986
77	175	0.970899
77	178	1.1241
77	179	1.12581
78	18	0.901252
78	68	0.935356
78	69	1.00809
78	72	1.00115
78	75	0.922213
78	111	0.960215
78	115	0.951977
78	120	0.964679
78	121	1.02346
78	133	0.911569
78	136	1.03892
78	140	1.10685
78	142	1.07694
78	143	1.06546
78	148	1.04262
78	154	1.05345
78	158	0.931036
78	159	1.03881
78	167	1.07434
78	170	1.0699
78	175	0.930404
79	19	1.08509
79	22	0.998924
79	24	1.15404
79	26	1.03419
79	35	1.11083
79	44	1.02522
79	55	1.00872
79	74	1.04193
79	88	0.970685
79	91	1.04399
79	93	1.09758
79	109	0.952303
79	132	1.02881
79	146	0.967907
79	151	0.913696
79	154	1.02682
79	158	0.911245
79	160	0.90519
79	171	0.903502
79	177	0.916742
79	180	0.913255
80	4	1.13009
80	8	0.907092
80	13	1.0267
80	31	0.934853
80	40	1.01727
80	42	1.00047
80	45	0.972856
80	55	0.950867
80	60	0.931968
80	66	0.951564
80	73	1.00611
80	83	0.889024
80	114	1.01871
80	137	1.01023
80	153	1.03922
80	157	1.0709
80	158	1.001
80	168	1.01765
80	171	1.03881
80	175	1.04592
80	180	1.04856
81	1	0.996306
81	53	1.02927
81	57	0.919607
81	63	0.939302
81	85	0.975927
81	92	0.947506
81	106	0.955324
81	107	1.05023
81	108	0.954372
81	110	0.959781
81	116	0.975104
81	118	0.947449
81	119	1.0151
81	123	0.984949
81	146	1.09255
81	158	1.03589
81	162	1.05239
81	171	1.02815
81	174	1.0585
81	176	1.05211
81	177	1.04139
82	11	0.93026
82	27	0.924881
82	42	0.949288
82	54	1.0098
82	85	0.951397
82	102	0.923591
82	126	0.962538
82	128	1.03642
82	130	1.0456
82	151	1.05825
82	155	1.05628
82	159	0.989874
82	160	1.03764
82	161	0.978732
82	169	1.0339
82	173	1.07076
82	174	1.05362
82	175	1.06697
82	177	1.06395
82	178	0.781877
82	180	1.06681
83	7	1.16055
83	8	0.821905
83	9	1.02225
83	13	0.941509
83	31	0.849665
83	40	0.932085
83	42	0.915285
83	45	0.887668
83	55	0.86568
83	60	0.846781
83	66	0.866376
83	73	0.920921
83	80	0.889024
83	137	0.92504
83	141	1.21853
83	158	0.915807
83	165	1.24039
83	166	1.27821
83	171	1.23079
83	173	1.21642
83	179	1.06355
84	12	1.04449
84	32	0.911103
84	36	1.06841
84	47	0.889362
84	52	1.0907
84	62	1.00622
84	71	1.07873
84	90	1.0117
84	95	1.00624
84	103	1.02668
84	104	1.03112
84	107	0.956135
84	111	0.97097
84	112	1.0132
84	125	1.01921
84	150	1.05892
84	156	1.01603
84	160	0.935736
84	166	0.98146
84	169	0.994685
84	175	0.941158
84	176	0.95801
85	20	0.980904
85	53	1.07627
85	57	0.966603
85	64	1.08475
85	81	0.975927
85	82	0.951397
85	92	0.994501
85	106	1.00232
85	108	1.00137
85	110	1.00678
85	116	1.0221
85	118	0.994445
85	119	1.0621
85	123	1.03194
85	135	1.02954
85	145	1.00254
85	147	0.950638
85	158	0.982248
85	172	0.985703
85	176	0.998467
85	177	0.987746
85	178	0.917721
86	3	1.04031
86	14	1.06009
86	27	1.07526
86	38	1.02864
86	39	0.91352
86	41	0.976639
86	50	0.972234
86	58	0.938589
86	61	1.10034
86	63	0.991549
86	67	1.05392
86	68	0.992274
86	76	1.02071
86	101	0.965003
86	128	1.06987
86	137	1.03983
86	153	0.980627
86	165	0.989809
86	174	1.01057
86	175	0.987322
86	179	0.812966
86	180	0.989965
87	12	1.03762
87	36	1.06154
87	37	1.02408
87	42	1.04066
87	47	0.882491
87	49	0.978638
87	52	1.08383
87	62	0.999354
87	71	1.07186
87	74	0.989476
87	90	1.00483
87	95	0.999364
87	103	1.01981
87	104	1.02425
87	125	1.01234
87	147	0.906163
87	150	1.0549
87	157	0.962126
87	163	0.988135
87	164	0.944926
87	169	0.990668
87	171	0.930031
88	19	0.965851
88	22	0.879688
88	24	1.0348
88	26	0.91495
88	35	0.99159
88	43	1.0532
88	44	0.90598
88	48	0.8584
88	55	0.889486
88	74	0.922695
88	79	0.970685
88	91	0.924757
88	93	0.97834
88	112	1.15443
88	120	1.11666
88	128	1.16494
88	132	0.909575
88	147	1.05141
88	156	1.1019
88	158	1.08302
88	168	1.05412
88	180	1.08503
89	38	0.984666
89	44	0.961127
89	45	1.08344
89	99	0.89046
89	129	0.970793
89	138	1.02441
89	143	0.987889
89	144	1.015
89	146	1.01831
89	151	1.01335
89	152	0.934545
89	155	1.01138
89	160	0.992741
89	161	0.997558
89	162	1.0041
89	165	1.01636
89	167	0.98147
89	173	1.02586
89	175	1.02207
89	176	1.01545
89	177	1.01906
89	180	1.02191
90	4	1.04549
90	11	1.02789
90	12	1.01433
90	30	1.10721
90	36	1.03824
90	52	1.06053
90	71	1.04856
90	75	0.937915
90	84	1.0117
90	87	1.00483
90	95	0.976067
90	103	0.996514
90	104	1.00096
90	109	0.987796
90	111	0.975918
90	124	0.972447
90	125	0.989042
90	145	0.967027
90	156	0.985863
90	172	0.950192
90	176	0.962957
90	180	0.948749
91	19	1.03916
91	24	1.10811
91	26	0.988257
91	35	1.0649
91	43	1.12651
91	44	0.979287
91	48	0.931707
91	55	0.962793
91	74	0.996002
91	79	1.04399
91	88	0.924757
91	93	1.05165
91	107	0.980375
91	122	0.963755
91	132	0.982882
91	145	0.986319
91	151	0.968482
91	162	0.98253
91	169	1.01892
91	171	0.958288
91	176	0.98225
91	177	0.971528
92	20	0.952482
92	33	1.03006
92	63	0.957876
92	64	1.05632
92	81	0.947506
92	85	0.994501
92	94	0.939155
92	106	0.973898
92	108	0.972946
92	109	1.0319
92	110	0.978355
92	115	1.01179
92	116	0.993678
92	117	1.10137
92	118	0.966023
92	119	1.03368
92	123	1.00352
92	130	1.04596
92	156	1.00973
92	162	1.00734
92	168	0.961946
92	169	1.04374
92	177	0.996343
93	19	1.09274
93	22	1.00658
93	24	1.16169
93	26	1.04184
93	35	1.11848
93	43	1.18009
93	44	1.03287
93	48	0.985291
93	55	1.01638
93	79	1.09758
93	88	0.97834
93	91	1.05165
93	132	1.03647
93	133	0.888244
93	138	0.8948
93	150	1.02484
93	161	1.04004
93	163	0.958072
93	166	0.947381
93	171	0.899968
93	177	0.913208
93	179	0.732722
93	180	0.909721
94	54	1.11136
94	68	1.00746
94	92	0.939155
94	96	0.934442
94	99	1.00682
94	102	0.980596
94	106	0.946973
94	110	0.95143
94	114	0.975294
94	116	0.966753
94	118	0.939098
94	119	1.00675
94	123	0.976598
94	131	1.04314
94	133	0.983671
94	135	0.98708
94	138	0.990227
94	139	0.959351
94	162	1.01964
94	163	1.0535
94	174	1.02575
94	178	1.10162
94	179	1.10333
95	11	1.02242
95	36	1.03278
95	37	0.995316
95	47	0.85373
95	49	0.949877
95	62	0.970593
95	71	1.0431
95	84	1.00624
95	87	0.999364
95	90	0.976067
95	103	0.991051
95	104	0.995492
95	107	1.04958
95	125	0.983578
95	133	1.01577
95	139	0.992929
95	151	1.03769
95	155	1.08231
95	156	0.9804
95	163	1.0856
95	165	1.03709
95	176	1.05145
95	179	0.860248
96	21	0.907219
96	32	0.868497
96	34	0.867081
96	46	1.02051
96	56	1.01913
96	59	0.954125
96	77	0.956922
96	94	0.934442
96	99	1.02903
96	102	1.00281
96	109	1.04612
96	120	1.0387
96	135	1.00929
96	139	0.981563
96	141	0.985052
96	151	1.00751
96	155	1.05213
96	163	1.05542
96	164	1.01221
96	172	1.00852
96	178	1.12383
96	179	1.12555
96	180	1.00707
97	5	0.995625
97	15	1.00135
97	25	0.94094
97	72	0.903966
97	76	1.1303
97	100	0.998446
97	105	0.951193
97	121	0.926282
97	127	0.956401
97	133	1.02251
97	142	0.979761
97	143	0.968278
97	147	1.01036
97	148	0.945444
97	149	1.11418
97	150	0.96059
97	155	1.08904
97	159	0.941634
97	161	0.95737
97	169	1.09487
97	170	0.972724
97	176	1.05819
97	177	1.04747
97	180	1.04398
98	72	0.961245
98	127	1.01368
98	129	1.02522
98	133	0.953571
98	135	1.05423
98	136	0.999022
98	141	0.953027
98	144	1.00522
98	150	1.01787
98	152	1.05599
98	154	1.01355
98	159	0.998913
98	161	1.01465
98	163	1.01242
98	164	0.980189
98	165	0.974892
98	167	1.03444
98	169	1.02593
98	170	1.03
98	172	0.976491
98	173	0.950921
98	174	0.995651
98	178	1.16877
98	179	0.798049
99	21	0.979593
99	34	0.939456
99	46	1.09289
99	56	1.09151
99	59	1.0265
99	77	1.0293
99	89	0.89046
99	94	1.00682
99	96	1.02903
99	102	1.07518
99	124	0.928194
99	130	0.957605
99	135	1.08167
99	138	0.889574
99	139	1.05394
99	154	1.01806
99	157	0.926837
99	171	0.894742
99	172	0.905939
99	173	0.880369
99	176	0.918704
99	178	1.19621
99	179	1.19792
100	16	0.91848
100	37	1.03285
100	67	0.991798
100	71	0.981355
100	72	0.970431
100	97	0.998446
100	120	0.965172
100	127	1.02287
100	136	1.00821
100	140	1.07614
100	150	1.02705
100	152	1.06517
100	154	1.02273
100	155	0.978599
100	157	0.95588
100	159	1.0081
100	163	1.02161
100	165	0.933383
100	167	1.04362
100	168	0.90263
100	170	1.03919
100	175	0.930897
100	177	0.937026
100	178	1.17796
101	3	0.971885
101	4	1.00301
101	14	0.991664
101	27	1.00683
101	38	0.960222
101	39	0.845097
101	50	0.903812
101	52	1.01806
101	58	0.870167
101	61	1.03192
101	63	0.923126
101	67	0.985502
101	76	0.952284
101	86	0.965003
101	132	1.0981
101	133	1.04715
101	137	0.971412
101	141	1.04661
101	161	1.19894
101	162	1.08311
101	169	1.11951
101	171	1.05887
101	175	1.06598
101	179	0.891627
102	21	0.953372
102	32	0.914651
102	34	0.913235
102	46	1.06666
102	56	1.06529
102	59	1.00028
102	77	1.00308
102	82	0.923591
102	94	0.980596
102	96	1.00281
102	99	1.07518
102	114	0.926599
102	122	0.952167
102	135	1.05545
102	138	0.941531
102	139	1.02772
102	144	0.986624
102	152	1.02376
102	158	0.954442
102	162	0.970941
102	176	0.970661
102	177	0.95994
102	178	1.16998
102	179	1.1717
103	11	1.04287
103	12	1.02931
103	14	0.896197
103	23	1.06041
103	32	0.895918
103	36	1.05322
103	37	1.01576
103	47	0.874177
103	49	0.970325
103	71	1.06354
103	84	1.02668
103	87	1.01981
103	90	0.996514
103	95	0.991051
103	104	1.01594
103	114	1.0001
103	125	1.00403
103	139	0.985632
103	153	1.02061
103	156	1.00085
103	157	1.05229
103	163	1.0783
103	172	1.03139
103	177	1.03344
103	179	0.852951
104	11	1.04731
104	12	1.03375
104	32	0.90036
104	37	1.0202
104	47	0.878619
104	49	0.974766
104	62	0.995482
104	71	1.06798
104	84	1.03112
104	87	1.02425
104	90	1.00096
104	95	0.995492
104	103	1.01594
104	125	1.00847
104	139	0.93484
104	141	0.957137
104	147	0.945536
104	148	1.12908
104	155	1.02422
104	156	1.00529
104	162	0.993646
104	163	1.02751
104	169	1.03004
104	171	0.969404
104	174	0.999761
105	9	1.10554
105	15	1.02056
105	25	0.960152
105	28	1.03879
105	69	0.930117
105	74	1.03754
105	97	0.951193
105	108	1.04184
105	112	1.05724
105	123	1.03546
105	126	0.979505
105	127	0.975613
105	136	0.960955
105	149	1.05804
105	150	0.979802
105	152	1.01792
105	155	1.0329
105	159	0.960846
105	165	0.987689
105	167	0.99637
105	168	0.956936
105	170	0.991936
105	172	0.989289
105	178	1.13071
105	179	0.810846
106	1	1.0227
106	33	1.03788
106	41	0.979446
106	53	1.05566
106	57	0.945999
106	64	1.06414
106	81	0.955324
106	85	1.00232
106	92	0.973898
106	94	0.946973
106	107	1.00511
106	108	0.980764
106	110	0.986173
106	116	1.0015
106	118	0.973841
106	119	1.0415
106	123	1.01134
106	147	0.959151
106	149	1.06297
106	163	1.04112
106	171	0.983019
106	173	0.968646
106	174	1.01338
106	176	1.00698
106	180	0.992773
107	8	1.22117
107	15	0.950272
107	54	0.943451
107	59	0.950085
107	81	1.05023
107	84	0.956135
107	91	0.980375
107	95	1.04958
107	106	1.00511
107	145	0.993819
107	151	0.991903
107	157	0.99897
107	166	0.974037
107	168	1.0076
107	169	0.967555
107	170	1.00749
107	172	0.997497
107	173	1.00441
107	174	0.98727
107	175	1.00062
107	176	0.993998
107	177	0.997606
107	178	0.827072
107	179	1.1408
107	180	1.00046
108	1	1.02175
108	16	1.20615
108	17	1.04852
108	20	0.959348
108	33	1.03692
108	53	1.05471
108	57	0.945047
108	64	1.06319
108	81	0.954372
108	85	1.00137
108	92	0.972946
108	105	1.04184
108	106	0.980764
108	110	0.985221
108	116	1.00054
108	118	0.972889
108	119	1.04054
108	123	1.01039
108	129	1.03882
108	132	0.964738
108	149	1.00546
108	168	0.904359
108	171	0.925515
108	175	0.932625
108	177	0.938755
109	10	0.995493
109	15	0.976986
109	79	0.952303
109	90	0.987796
109	92	1.0319
109	96	1.04612
109	112	0.962818
109	119	0.940979
109	126	1.03445
109	128	0.970055
109	130	0.979244
109	131	0.980329
109	133	1.0145
109	138	1.00295
109	142	0.99346
109	146	0.996842
109	153	1.00677
109	164	0.988648
109	167	1.03455
109	169	0.967543
109	172	0.997484
109	176	0.993986
109	177	0.997594
109	179	1.14079
109	180	1.00045
110	20	0.964757
110	33	1.04233
110	53	1.06012
110	57	0.950456
110	64	1.0686
110	75	0.984382
110	81	0.959781
110	85	1.00678
110	92	0.978355
110	94	0.95143
110	106	0.986173
110	108	0.985221
110	116	1.00595
110	118	0.978298
110	119	1.04595
110	123	1.0158
110	134	0.994019
110	146	1.04987
110	147	0.961594
110	149	1.06541
110	154	1.10878
110	155	1.04028
110	165	0.99506
110	175	0.992573
110	179	0.818217
111	50	1.09197
111	61	0.910499
111	75	0.988846
111	78	0.960215
111	84	0.97097
111	90	0.975918
111	116	1.00707
111	119	0.929101
111	130	0.984828
111	145	0.999391
111	147	1.0087
111	148	1.05837
111	155	0.995501
111	159	1.04991
111	161	1.03876
111	162	0.98822
111	165	1.00048
111	168	1.01317
111	172	1.00307
111	173	1.00998
111	174	0.992842
111	175	1.00619
111	176	0.99957
111	177	1.00318
111	180	1.00603
112	18	0.999035
112	24	0.892015
112	28	0.976074
112	30	0.901249
112	36	0.96587
112	58	1.18164
112	84	1.0132
112	88	1.15443
112	105	1.05724
112	109	0.962818
112	118	1.06643
112	142	1.02381
112	149	0.94893
112	151	0.967564
112	153	0.982443
112	155	0.96559
112	160	0.946951
112	165	0.970565
112	167	1.06491
112	168	0.98326
112	172	0.973157
112	174	0.96293
112	176	0.969658
112	177	0.973267
112	179	1.11646
112	180	0.976119
113	6	1.29972
113	24	0.891395
113	31	1.10129
113	36	0.96525
113	53	0.987843
113	72	1.11726
113	114	0.997658
113	120	0.957408
113	131	0.952037
113	137	1.03145
113	148	1.09998
113	152	1.01736
113	155	0.961626
113	156	0.960379
113	157	0.970666
113	164	0.960356
113	165	0.966601
113	168	0.979295
113	169	0.939251
113	173	0.976107
113	174	0.958966
113	176	0.965694
113	177	0.969302
113	178	0.883518
113	179	1.1125
113	180	0.972155
114	77	0.943688
114	80	1.01871
114	94	0.975294
114	102	0.926599
114	103	1.0001
114	113	0.997658
114	122	1.05458
114	126	0.965546
114	140	0.900051
114	151	1.0307
114	152	0.918726
114	159	0.992882
114	160	1.01008
114	164	1.02745
114	165	1.0337
114	166	1.01283
114	170	0.965299
114	172	1.03629
114	173	1.0432
114	174	1.02606
114	175	1.03941
114	176	1.03279
114	177	1.0364
114	178	0.784884
114	179	1.1796
114	180	1.03925
115	2	0.958343
115	38	1.01763
115	45	1.11641
115	61	0.90226
115	64	0.900279
115	78	0.951977
115	92	1.01179
115	124	0.99339
115	134	1.02269
115	136	1.05734
115	147	1.01118
115	149	0.981318
115	151	0.999952
115	157	1.00702
115	161	1.03052
115	162	0.990697
115	164	0.996708
115	167	1.01444
115	168	1.01565
115	172	1.00554
115	173	1.01246
115	174	0.995318
115	175	1.00867
115	176	1.00205
115	178	0.833669
115	179	1.14885
115	180	1.00851
116	20	0.98008
116	33	1.05766
116	53	1.07544
116	57	0.965779
116	63	0.985474
116	64	1.08392
116	81	0.975104
116	85	1.0221
116	92	0.993678
116	94	0.966753
116	106	1.0015
116	108	1.00054
116	110	1.00595
116	111	1.00707
116	118	0.993621
116	119	1.06128
116	120	1.01153
116	123	1.03112
116	124	1.0036
116	131	1.01789
116	132	1.00937
116	160	0.971831
116	163	1.02825
116	172	0.98134
116	174	1.0005
116	179	0.802898
116	180	0.979897
117	6	0.903349
117	28	1.0499
117	29	0.817549
117	69	0.941228
117	92	1.10137
117	127	0.986725
117	128	1.0697
117	129	0.998264
117	142	1.01008
117	143	0.998602
117	144	1.01996
117	145	1.00807
117	148	0.975767
117	149	1.05998
117	150	0.990913
117	152	1.02903
117	154	0.986589
117	155	1.03485
117	158	0.987778
117	159	0.971957
117	161	0.987693
117	164	0.99493
117	167	1.00748
117	168	0.958879
117	170	1.00305
117	172	0.991232
117	175	0.987146
117	178	1.14182
118	1	1.01482
118	20	0.952425
118	33	1.03
118	53	1.04779
118	57	0.938124
118	63	0.957819
118	64	1.05627
118	81	0.947449
118	85	0.994445
118	92	0.966023
118	94	0.939098
118	106	0.973841
118	108	0.972889
118	110	0.978298
118	112	1.06643
118	116	0.993621
118	119	1.03362
118	120	1.02866
118	123	1.00347
118	128	1.07694
118	131	1.03502
118	134	0.995832
118	156	1.0139
118	166	1.03469
118	172	0.998472
118	173	0.972902
118	175	0.994386
118	180	0.997029
119	16	1.17281
119	20	1.02008
119	23	0.932387
119	33	1.09766
119	53	1.11544
119	57	1.00578
119	63	1.02547
119	64	1.12392
119	81	1.0151
119	85	1.0621
119	92	1.03368
119	94	1.00675
119	106	1.0415
119	108	1.04054
119	109	0.940979
119	110	1.04595
119	111	0.929101
119	116	1.06128
119	118	1.03362
119	123	1.07112
119	124	0.925631
119	153	0.892594
119	157	0.924273
119	171	0.892179
119	173	0.877806
119	176	0.916141
119	177	0.905419
119	180	0.901932
120	52	0.903555
120	63	1.06326
120	69	1.09927
120	75	0.981818
120	78	0.964679
120	88	1.11666
120	96	1.0387
120	100	0.965172
120	113	0.957408
120	116	1.01153
120	118	1.02866
120	145	0.992362
120	146	0.995397
120	147	1.00168
120	152	0.980213
120	153	1.00533
120	154	1.02647
120	157	0.997513
120	160	0.969834
120	162	0.981192
120	163	0.981279
120	164	0.987203
120	169	0.966098
120	172	0.99604
120	175	0.999161
120	176	0.992541
120	177	0.996149
120	180	0.999002
121	6	0.867326
121	7	0.979339
121	10	0.9978
121	65	0.945673
121	70	0.990841
121	78	1.02346
121	97	0.926282
121	127	0.950702
121	134	1.05814
121	139	1.01502
121	143	0.962579
121	144	1.08951
121	148	0.939744
121	150	0.95489
121	152	0.993007
121	154	0.950566
121	156	1.07621
121	158	1.05732
121	159	0.935935
121	161	0.95167
121	167	0.971459
121	169	1.11022
121	170	0.967025
121	171	0.965242
121	173	1.03521
121	175	1.05669
121	176	1.07354
121	177	1.06282
121	178	1.1058
122	5	0.95528
122	13	0.994644
122	28	0.902389
122	31	1.02822
122	60	1.16904
122	71	0.924807
122	91	0.963755
122	102	0.952167
122	114	1.05458
122	129	0.980543
122	134	1.04326
122	135	0.92227
122	139	1.02544
122	147	1.03175
122	149	1.00189
122	158	1.03609
122	162	1.01127
122	164	1.01728
122	165	1.02352
122	166	1.00266
122	167	0.99122
122	169	0.996174
122	173	1.03303
122	174	1.01589
122	175	1.02924
122	176	1.02262
122	177	1.02623
122	178	0.810453
122	180	1.02908
123	1	1.05232
123	20	0.989925
123	30	1.08735
123	33	1.0675
123	53	1.08529
123	57	0.975624
123	63	0.995319
123	64	1.09377
123	71	0.976709
123	81	0.984949
123	85	1.03194
123	92	1.00352
123	94	0.976598
123	105	1.03546
123	106	1.01134
123	108	1.01039
123	110	1.0158
123	116	1.03112
123	118	1.00347
123	119	1.07112
123	133	0.907416
123	134	0.927696
123	144	0.959065
123	149	0.999086
123	157	0.951234
123	163	0.977244
123	171	0.91914
123	176	0.943102
123	180	0.928893
124	15	0.961637
124	22	1.05557
124	42	1.00585
124	44	0.998861
124	60	1.19702
124	90	0.972447
124	99	0.928194
124	115	0.99339
124	116	1.0036
124	119	0.925631
124	134	1.01282
124	136	1.06211
124	144	0.991726
124	146	0.995027
124	157	0.997142
124	159	1.04643
124	162	0.980821
124	164	0.986833
124	165	0.993077
124	166	0.972209
124	168	1.00577
124	169	0.965727
124	172	0.995669
124	174	0.985442
124	175	0.998791
124	176	0.99217
124	177	0.995779
124	178	0.838437
124	179	1.13898
124	180	0.998631
125	4	1.053
125	11	1.0354
125	12	1.02184
125	32	0.888446
125	36	1.04575
125	37	1.00829
125	41	0.992062
125	44	1.09927
125	47	0.866705
125	49	0.962852
125	52	1.06804
125	62	0.983568
125	71	1.05607
125	84	1.01921
125	87	1.01234
125	90	0.989042
125	95	0.983578
125	103	1.00403
125	104	1.00847
125	130	1.0585
125	134	1.00419
125	138	0.990466
125	144	1.03556
125	147	0.971766
125	153	0.99605
125	156	0.993375
125	163	1.05374
125	173	0.981261
125	175	1.00275
125	179	0.828389
126	2	1.01619
126	5	1.02394
126	25	0.969252
126	54	1.10162
126	72	0.932278
126	82	0.962538
126	105	0.979505
126	109	1.03445
126	114	0.965546
126	130	1.04851
126	135	1.02527
126	136	0.970055
126	139	0.951083
126	142	1.00807
126	148	0.973755
126	150	0.988902
126	152	1.02702
126	154	0.984578
126	158	0.99339
126	159	0.969946
126	161	0.985682
126	162	1.00989
126	167	1.00547
126	168	0.964491
126	170	1.00104
126	171	0.999254
126	173	0.971274
126	174	1.016
126	175	0.992758
126	178	1.13981
127	15	1.02576
127	18	0.892156
127	47	1.31522
127	51	0.937854
127	54	1.03017
127	58	1.15492
127	65	0.975792
127	68	0.92626
127	70	1.02096
127	97	0.956401
127	98	1.01368
127	100	1.02287
127	105	0.975613
127	117	0.986725
127	121	0.950702
127	128	1.00386
127	129	0.992361
127	131	0.961939
127	140	1.03409
127	148	0.969863
127	151	0.924391
127	152	1.02313
127	156	0.940825
127	163	0.979561
127	165	0.923795
127	166	0.96161
127	167	1.00158
127	169	0.974834
127	170	0.997144
127	178	1.13591
128	12	1.0106
128	28	0.986583
128	35	0.989956
128	82	1.03642
128	86	1.06987
128	88	1.16494
128	109	0.970055
128	117	1.0697
128	118	1.07694
128	127	1.00386
128	137	1.04258
128	138	0.985859
128	140	1.00981
128	145	0.976717
128	146	0.979752
128	149	0.956168
128	151	0.974801
128	153	0.989681
128	160	0.954189
128	163	0.965633
128	165	0.977803
128	168	0.990497
128	169	0.950453
128	170	1.07506
128	172	0.980394
128	173	0.987309
128	175	0.983516
128	176	0.976896
128	177	0.980504
128	178	0.894647
128	180	0.983357
129	7	0.904833
129	10	1.03946
129	17	1.00725
129	25	0.976899
129	74	1.03452
129	89	0.970793
129	98	1.02522
129	108	1.03882
129	117	0.998264
129	122	0.980543
129	127	0.992361
129	130	1.03794
129	131	1.02282
129	132	1.0143
129	136	0.977702
129	140	1.04563
129	142	1.01572
129	143	1.00424
129	148	0.981403
129	150	0.996549
129	153	0.975491
129	154	0.992225
129	156	1.0017
129	159	0.977593
129	161	0.993329
129	162	0.999317
129	166	1.02249
129	167	1.01312
129	170	1.00868
129	171	1.0069
129	178	1.14745
129	179	0.80783
130	12	0.983805
130	21	1.08783
130	28	0.959784
130	36	0.94958
130	46	0.894748
130	82	1.0456
130	92	1.04596
130	99	0.957605
130	109	0.979244
130	111	0.984828
130	125	1.0585
130	126	1.04851
130	129	1.03794
130	133	1.0066
130	134	1.00673
130	144	0.98564
130	147	0.995219
130	149	0.965357
130	154	1.04795
130	155	0.982017
130	157	0.991057
130	158	0.999561
130	159	1.07585
130	162	0.974735
130	165	0.986992
130	169	0.959642
130	170	1.04826
130	172	0.989583
130	173	0.996498
130	174	0.979357
130	175	0.992705
130	176	0.986085
130	180	0.992546
131	7	1.01249
131	39	1.22643
131	61	0.921318
131	64	0.919337
131	71	0.967081
131	72	1.08647
131	94	1.04314
131	109	0.980329
131	113	0.952037
131	116	1.01789
131	118	1.03502
131	127	0.961939
131	129	1.02282
131	132	0.970607
131	140	0.967893
131	142	0.992401
131	144	0.986725
131	149	0.966442
131	150	1.03438
131	153	0.999955
131	155	0.983101
131	156	0.981855
131	162	0.97582
131	164	0.981832
131	166	0.967209
131	169	0.960727
131	172	0.990668
131	173	0.997583
131	174	0.980442
131	175	0.99379
131	177	0.990778
131	179	1.13398
131	180	0.993631
132	9	0.895148
132	19	1.02398
132	22	0.937814
132	35	1.04972
132	43	1.11133
132	48	0.916525
132	55	0.947612
132	57	1.07122
132	61	0.9128
132	62	1.07467
132	66	1.11301
132	70	0.993171
132	79	1.02881
132	88	0.909575
132	91	0.982882
132	93	1.03647
132	101	1.0981
132	108	0.964738
132	116	1.00937
132	129	1.0143
132	131	0.970607
132	137	0.992142
132	141	0.99746
132	143	1.03139
132	150	1.02586
132	162	0.972914
132	165	0.985171
132	168	0.997865
132	174	0.977536
132	175	0.990884
132	176	0.984263
132	177	0.987872
132	180	0.990724
133	50	1.04332
133	56	0.890933
133	78	0.911569
133	93	0.888244
133	94	0.983671
133	95	1.01577
133	97	1.02251
133	98	0.953571
133	101	1.04715
133	109	1.0145
133	123	0.907416
133	130	1.0066
133	134	1.04199
133	138	1.0303
133	145	1.02116
133	148	1.00973
133	153	1.03412
133	154	0.973364
133	155	1.01727
133	157	1.02631
133	160	0.998632
133	162	1.00999
133	164	1.016
133	166	1.00138
133	167	0.974029
133	168	1.03494
133	169	0.994896
133	170	0.973676
133	172	1.02484
133	173	1.03175
133	174	1.01461
133	175	1.02796
133	177	1.02495
133	180	1.0278
134	2	0.938216
134	33	0.932839
134	44	0.973966
134	51	1.05259
134	54	0.970925
134	55	1.06663
134	67	0.938338
134	68	1.0433
134	110	0.994019
134	115	1.02269
134	118	0.995832
134	121	1.05814
134	122	1.04326
