1	24	0.903905
1	61	1.08715
1	124	0.905657
1	149	1.03583
1	153	1.05956
1	159	1.02293
1	168	0.907765
1	169	1.04432
1	170	1.06541
1	175	1.04634
1	176	1.03857
1	179	0.879391
2	14	1.19732
2	19	1.16633
2	24	1.17055
2	31	1.28462
2	32	1.24226
2	69	1.1485
2	106	0.753023
2	116	1.19062
2	132	0.726317
2	170	0.727807
2	173	0.718955
2	178	0.675138
3	31	0.674249
3	111	1.21759
3	125	1.21159
3	130	0.732582
3	156	0.719289
3	157	1.19637
3	158	0.734858
3	160	1.17357
3	163	1.19952
3	166	1.20121
3	174	0.744911
3	177	1.20032
4	5	0.922611
4	11	1.12022
4	14	1.06383
4	19	1.03284
4	24	1.03707
4	31	1.15113
4	69	1.01501
4	82	0.921941
4	114	0.838226
4	116	1.05713
4	167	0.915807
4	176	0.930594
5	4	0.922611
5	6	1.06386
5	11	1.09767
5	19	1.01029
5	24	1.01452
5	31	1.12858
5	50	1.12791
5	54	0.855546
5	114	0.864259
5	116	1.03458
5	156	0.945011
5	167	0.94184
6	5	1.06386
6	11	1.26147
6	24	1.17832
6	28	0.825369
6	32	1.25002
6	38	0.657606
6	41	0.720933
6	50	1.29171
6	69	1.15626
6	115	0.729744
6	116	1.19838
6	135	0.677406
7	35	0.98745
7	40	1.07933
7	56	1.08837
7	85	1.0763
7	122	1.02788
7	129	1.04394
7	132	0.898821
7	140	1.0152
7	145	0.899862
7	147	1.08148
7	151	0.911766
7	157	0.89039
8	90	0.644708
8	121	1.18861
8	152	1.22047
8	158	0.74073
8	163	1.1984
8	164	1.18947
8	166	1.20009
8	169	0.736786
8	171	0.762046
8	172	1.19428
8	173	0.719697
8	179	1.20878
9	91	0.689354
9	94	0.702758
9	102	1.2752
9	111	1.20637
9	120	1.1907
9	133	1.16035
9	140	1.15126
9	147	1.21753
9	155	0.727044
9	171	0.752541
9	179	1.19868
9	180	0.73249
10	83	0.72434
10	90	1.24085
10	112	0.738286
10	117	1.21269
10	141	1.18806
10	142	1.18333
10	143	1.18542
10	146	0.722659
10	150	0.709764
10	160	0.709674
10	177	1.18159
10	178	1.20815
11	4	1.12022
11	5	1.09767
11	6	1.26147
11	14	1.2389
11	19	1.2079
11	32	1.28384
11	54	0.664683
11	69	1.19008
11	92	0.750229
11	114	0.673395
11	159	0.782006
11	172	0.735681
12	97	0.71224
12	108	0.772801
12	117	1.22095
12	137	1.20775
12	141	1.19632
12	142	1.19159
12	168	1.17721
12	169	0.712072
12	171	0.737332
12	177	1.18985
12	178	1.21641
12	179	0.667789
13	14	0.720335
13	32	0.702802
13	56	0.704816
13	99	0.715209
13	115	1.19557
13	150	1.21462
13	151	1.20123
13	159	1.1837
13	163	0.746397
13	169	1.2051
13	174	1.20368
13	180	1.19623
14	2	1.19732
14	4	1.06383
14	11	1.2389
14	13	0.720335
14	31	1.26981
14	32	1.22745
14	50	1.26913
14	69	1.13369
14	109	0.719196
14	148	0.712572
14	173	0.715701
14	180	0.737999
15	51	1.16424
15	110	0.712861
15	111	0.709806
15	126	1.23067
15	159	1.18558
15	160	0.733342
15	164	0.712831
15	168	0.724284
15	171	1.18641
15	173	1.226
15	175	1.20899
15	180	1.1981
16	74	0.717401
16	78	0.741992
16	95	0.66831
16	144	1.20767
16	145	1.20054
16	167	1.20227
16	170	1.21528
16	172	0.731516
16	174	1.19277
16	175	1.19621
16	177	0.734491
16	180	1.18533
17	113	0.913656
17	137	0.896465
17	144	1.06169
17	153	1.06346
17	159	1.02682
17	170	1.0693
17	174	1.04679
17	175	1.05023
17	176	1.04246
17	177	0.909575
17	178	0.875786
17	180	1.03935
18	28	1.13229
18	29	0.689092
18	46	0.741983
18	63	0.700993
18	84	0.73506
18	119	1.21659
18	129	0.729248
18	170	1.23032
18	171	1.18867
18	173	1.22826
18	176	1.20348
18	180	1.20037
19	2	1.16633
19	4	1.03284
19	5	1.01029
19	11	1.2079
19	31	1.23881
19	32	1.19645
19	69	1.10269
19	75	0.841591
19	116	1.14481
19	135	0.743332
19	158	0.79065
19	169	0.786706
19	179	0.742423
20	82	1.14042
20	90	0.727899
20	131	0.786788
20	144	1.1442
20	145	1.13707
20	152	0.772755
20	156	1.13318
20	160	0.813126
20	163	0.793142
20	167	1.1388
20	170	1.15181
20	175	1.13274
20	180	1.12186
21	38	0.728816
21	89	1.0924
21	96	1.20098
21	131	1.1364
21	141	1.12793
21	145	0.783304
21	152	1.14273
21	158	0.795934
21	159	0.808223
21	163	1.12067
21	176	0.79198
21	178	1.14803
21	179	1.13105
22	44	1.13446
22	103	1.11525
22	120	1.14116
22	125	1.15083
22	144	0.785315
22	146	1.13584
22	150	0.778927
22	151	0.788906
22	163	1.13876
22	172	1.13463
22	173	0.768599
22	176	0.785678
22	179	1.14914
23	93	0.648993
23	102	1.3831
23	113	0.657183
23	129	1.28789
23	140	1.25916
23	143	0.677584
23	168	1.28436
23	169	1.29503
23	170	1.31611
23	171	1.27446
23	177	0.653103
23	178	0.619313
23	179	0.635936
24	1	0.903905
24	2	1.17055
24	4	1.03707
24	5	1.01452
24	6	1.17832
24	31	1.24304
24	32	1.20068
24	58	0.716387
24	69	1.10692
24	116	1.14904
24	132	0.756192
24	144	0.765546
24	170	0.757682
25	26	1.2311
25	95	1.35485
25	96	1.36002
25	101	0.645493
25	145	0.641276
25	153	0.657796
25	154	0.673357
25	158	0.653906
25	166	1.28139
25	167	0.635166
25	172	1.27557
25	178	1.30706
25	179	1.29008
26	25	1.2311
26	99	1.15264
26	102	0.713297
26	134	0.813157
26	135	1.14945
26	144	0.790821
26	146	1.09974
26	161	1.12154
26	165	1.12825
26	166	1.10434
26	176	0.791184
26	179	1.11303
26	180	0.796403
27	77	1.13858
27	86	0.796343
27	107	0.740329
27	111	1.15238
27	124	1.11446
27	146	1.1314
27	150	0.784117
27	157	1.13116
27	161	1.1532
27	163	1.13431
27	176	0.790868
27	179	1.14469
27	180	0.796086
28	6	0.825369
28	18	1.13229
28	40	0.848745
28	56	0.821861
28	135	1.11994
28	136	1.08721
28	144	1.08544
28	145	1.07831
28	154	1.06706
28	162	0.851515
28	170	1.09305
28	174	1.07054
28	176	1.06621
28	179	0.845995
29	18	0.689092
29	62	1.22425
29	73	1.25892
29	74	1.25461
29	112	0.745672
29	121	0.696847
29	128	0.683756
29	129	1.19926
29	133	0.714438
29	138	1.25972
29	139	0.666648
29	140	1.17052
29	147	1.2368
29	168	1.19573
30	38	1.29649
30	70	0.625034
30	86	1.21967
30	93	0.701326
30	115	1.20613
30	124	0.714535
30	140	0.757541
30	144	1.22914
30	163	0.705718
30	170	1.23675
30	171	1.1951
30	176	1.20991
30	179	0.68827
30	180	1.20679
31	2	1.28462
31	3	0.674249
31	4	1.15113
31	5	1.12858
31	14	1.26981
31	19	1.23881
31	24	1.24304
31	69	1.22098
31	116	1.2631
31	148	0.708804
31	150	0.722262
31	157	0.710864
31	172	0.69893
31	179	0.684739
32	2	1.24226
32	6	1.25002
32	11	1.28384
32	13	0.702802
32	14	1.22745
32	19	1.19645
32	24	1.20068
32	43	0.743919
32	69	1.17863
32	116	1.22075
32	135	0.671884
32	139	0.657995
32	146	0.721392
32	170	0.707021
33	78	0.721152
33	96	0.641668
33	130	1.22196
33	137	1.24007
33	142	1.22391
33	149	1.21171
33	152	0.693546
33	157	0.72261
33	164	0.713406
33	166	0.699767
33	169	1.2202
33	177	1.22217
33	178	1.24873
33	180	1.21133
34	53	0.647522
34	59	1.22931
34	66	0.741799
34	72	1.25362
34	74	1.25154
34	102	1.29139
34	114	0.629661
34	122	1.18013
34	140	1.16745
34	147	1.23373
34	157	0.703881
34	168	1.19266
34	171	0.747299
34	174	0.736036
35	7	0.98745
35	40	1.11355
35	78	1.08515
35	102	1.17336
35	114	0.780345
35	122	1.06211
35	124	0.854705
35	135	0.829349
35	138	1.13862
35	140	1.04942
35	146	0.878857
35	147	1.1157
35	156	0.861098
35	168	1.07463
36	85	0.805356
36	101	1.09337
36	106	0.85978
36	116	0.844953
36	131	1.09593
36	137	1.09889
36	141	1.08746
36	142	1.08273
36	143	1.08482
36	158	0.846744
36	168	1.06836
36	177	1.08099
36	178	1.10756
36	180	0.848009
37	102	0.634797
37	118	0.728869
37	119	0.710784
37	120	1.22136
37	125	1.23102
37	126	0.706804
37	130	0.714362
37	142	0.708902
37	162	1.22838
37	164	1.21002
37	165	1.24455
37	166	1.22064
37	172	1.21482
37	179	1.22933
38	6	0.657606
38	21	0.728816
38	30	1.29649
38	77	0.701114
38	82	1.23943
38	108	1.17805
38	111	0.692127
38	142	0.718723
38	158	1.22371
38	159	1.20834
38	171	1.20918
38	176	1.22399
38	177	0.695397
38	180	1.22087
39	77	0.707714
39	108	1.1783
39	118	1.23562
39	133	0.719641
39	138	0.665363
39	142	0.725323
39	145	1.23634
39	150	1.23952
39	161	0.670519
39	170	1.25108
39	171	1.20943
39	174	1.22857
39	177	0.701998
39	180	1.22113
40	7	1.07933
40	28	0.848745
40	35	1.11355
40	55	1.19745
40	56	1.21447
40	62	1.19502
40	106	0.761134
40	122	1.15398
40	140	1.1413
40	146	0.750289
40	147	1.20758
40	156	0.732529
40	161	1.19723
40	165	0.694463
40	172	0.714062
41	6	0.720933
41	47	1.24124
41	91	0.747915
41	93	0.754615
41	113	0.762805
41	144	1.16649
41	145	1.15936
41	156	1.15547
41	160	0.77899
41	161	0.727246
41	167	1.16108
41	169	1.15301
41	173	1.17204
41	176	1.14726
41	180	1.14414
42	67	0.780223
42	78	0.751028
42	98	0.72501
42	126	1.18357
42	149	1.15138
42	153	1.17511
42	155	1.17884
42	159	1.13848
42	160	0.763792
42	164	0.743282
42	166	0.729642
42	170	1.18096
42	173	1.1789
42	175	1.16189
42	180	1.151
43	32	0.743919
43	65	0.749392
43	70	0.706831
43	75	1.13311
43	112	1.16612
43	119	1.17983
43	149	1.16399
43	150	1.182
43	159	1.15109
43	165	0.764658
43	166	0.773348
43	170	1.19357
43	176	1.16673
43	178	0.753444
43	180	1.16361
44	22	1.13446
44	58	1.19033
44	114	1.21343
44	122	0.743477
44	131	0.715724
44	134	0.770876
44	139	1.1974
44	150	0.742152
44	153	0.756746
44	163	1.14696
44	164	1.13803
44	171	0.774172
44	177	1.14776
44	178	1.17432
44	179	1.15734
45	48	0.701645
45	49	1.24625
45	65	1.1833
45	81	1.1573
45	103	1.12699
45	140	0.788643
45	145	0.75497
45	156	0.75203
45	163	1.1505
45	165	1.1761
45	166	1.15219
45	172	1.14637
45	173	0.746567
45	176	0.763646
45	179	1.16088
46	18	0.741983
46	59	0.723084
46	61	0.747294
46	101	1.16916
46	105	1.13088
46	117	1.18788
46	131	1.17171
46	135	0.733428
46	137	1.17468
46	141	1.16325
46	142	1.15852
46	143	1.16061
46	146	0.782936
46	176	0.776792
46	178	1.18335
47	41	1.24124
47	107	1.2916
47	120	0.693697
47	123	0.668972
47	143	0.7181
47	144	1.25061
47	158	1.23111
47	161	0.662141
47	162	0.681973
47	167	1.24521
47	168	0.704827
47	169	1.23714
47	174	1.23571
47	175	1.23915
47	178	0.65983
47	180	1.22827
48	45	0.701645
48	66	1.22355
48	102	0.645781
48	103	0.725126
48	120	0.696639
48	128	0.683522
48	130	1.24575
48	144	1.25745
48	145	1.25033
48	151	1.24011
48	154	1.23907
48	161	0.665082
48	165	0.673986
48	173	1.263
48	174	1.24256
48	176	1.23823
49	45	1.24625
49	87	1.24952
49	125	1.25908
49	133	1.21906
49	134	0.704689
49	141	0.661523
49	149	0.708979
49	150	0.675964
49	157	1.24385
49	159	0.698958
49	160	1.22106
49	161	1.26589
49	164	1.23807
49	168	0.666816
49	179	1.25738
49	180	0.687934
50	5	1.12791
50	6	1.29171
50	14	1.26913
50	69	1.22031
50	109	0.689164
50	113	0.679722
50	135	0.659385
50	142	1.25604
50	143	1.25813
50	152	0.655536
50	153	0.710592
50	155	0.702521
50	168	1.24167
50	177	1.2543
50	178	1.28087
50	180	0.707967
51	15	1.16424
51	65	0.776285
51	83	1.12529
51	116	1.11628
51	120	0.814204
51	124	0.823225
51	127	1.15034
51	130	1.10795
51	152	0.79402
51	153	1.12142
51	156	1.10864
51	161	0.782647
51	166	0.800241
51	175	1.1082
51	176	1.10043
51	180	1.09731
52	58	1.15991
52	59	0.787864
52	64	0.783982
52	98	0.795948
52	101	0.837112
52	108	1.06367
52	128	1.14598
52	131	0.808393
52	147	0.7828
52	155	1.13433
52	162	1.12597
52	164	1.10761
52	167	1.12343
52	171	1.0948
52	175	1.11738
52	179	1.12692
53	34	0.647522
53	61	1.28192
53	68	0.718024
53	81	0.686019
53	118	1.24472
53	128	0.671016
53	130	1.24086
53	132	0.701444
53	136	1.25434
53	158	1.23306
53	159	1.21769
53	164	0.683809
53	169	1.23909
53	173	1.25811
53	177	0.684054
53	180	1.23022
54	5	0.855546
54	11	0.664683
54	100	0.629192
54	142	0.680806
54	143	0.681962
54	149	1.23808
54	153	1.2618
54	158	1.24054
54	159	1.22517
54	162	0.645835
54	165	0.634906
54	167	1.25464
54	170	1.26765
54	171	1.226
54	175	1.24858
54	180	1.2377
55	40	1.19745
55	56	1.2065
55	67	0.75256
55	73	1.22172
55	74	1.21741
55	102	1.25727
55	122	1.14601
55	124	0.724963
55	129	1.16206
55	140	1.13333
55	141	0.721778
55	147	1.1996
55	168	1.15853
55	174	0.756978
55	176	0.742971
55	177	0.715864
55	178	0.682074
56	7	1.08837
56	13	0.704816
56	28	0.821861
56	40	1.21447
56	55	1.2065
56	60	0.714247
56	72	1.23652
56	73	1.23873
56	106	0.734251
56	122	1.16303
56	129	1.17908
56	140	1.15034
56	147	1.21662
56	161	1.20627
56	167	0.702474
56	173	0.700182
56	175	0.729953
57	99	0.715461
57	116	1.19424
57	126	1.20783
57	139	0.716222
57	148	1.22804
57	153	1.19938
57	156	1.1866
57	163	0.74665
57	165	0.723794
57	169	1.18414
57	171	1.16358
57	174	1.18271
57	176	1.17838
57	177	0.746368
57	178	0.712579
57	179	0.729202
57	180	1.17527
58	24	0.716387
58	44	1.19033
58	52	1.15991
58	92	0.720612
58	120	1.19704
58	128	1.22408
58	130	0.737824
58	132	1.17357
58	148	0.715938
58	160	1.16869
58	163	1.19463
58	166	1.19632
58	170	0.727919
58	172	1.1905
58	175	0.748838
58	179	1.20501
58	180	0.741365
59	34	1.22931
59	46	0.723084
59	52	0.787864
59	62	1.19275
59	72	1.2252
59	74	1.22312
59	84	1.17054
59	121	0.704906
59	122	1.15172
59	124	0.713952
59	126	0.726081
59	129	1.16777
59	140	1.13903
59	146	0.738104
59	147	1.20531
59	161	1.19496
59	177	0.704853
60	56	0.714247
60	95	0.689366
60	108	1.14625
60	111	0.752277
60	134	1.18494
60	138	0.718912
60	151	1.19407
60	155	1.21691
60	158	1.19192
60	159	1.17655
60	167	1.20602
60	171	1.17738
60	173	1.21697
60	177	0.755547
60	178	0.721757
60	179	0.73838
60	180	1.18908
61	1	1.08715
61	46	0.747294
61	53	1.28192
61	87	0.72762
61	93	0.724953
61	112	1.18537
61	115	1.1822
61	132	0.746453
61	139	0.698917
61	152	0.708957
61	157	0.738022
61	167	1.19981
61	173	1.21076
61	174	1.19031
61	175	1.19375
61	176	1.18598
61	180	1.18286
62	29	1.22425
62	40	1.19502
62	59	1.19275
62	78	1.16662
62	85	1.192
62	101	0.72642
62	102	1.25483
62	106	0.747868
62	129	1.15963
62	140	1.13089
62	142	0.727097
62	146	0.737023
62	147	1.19717
62	161	1.18683
62	163	0.704054
62	171	0.756148
62	172	0.700796
63	18	0.700993
63	66	0.755572
63	79	1.18341
63	95	1.25279
63	121	1.16785
63	124	1.15779
63	139	1.22808
63	143	0.733177
63	145	0.727127
63	161	1.19653
63	163	1.17764
63	164	1.16871
63	166	1.17933
63	167	0.721016
63	173	0.718724
63	174	0.74981
63	179	1.18802
64	52	0.783982
64	92	0.712545
64	97	0.728256
64	98	1.21376
64	101	1.18768
64	126	0.7222
64	131	1.19023
64	137	1.1932
64	141	1.18177
64	142	1.17704
64	143	1.17913
64	144	0.727716
64	165	1.2001
64	166	0.687088
64	174	0.742086
64	177	1.1753
64	178	1.20186
65	43	0.749392
65	45	1.1833
65	51	0.776285
65	77	1.18832
65	79	1.18981
65	109	0.707135
65	112	0.742491
65	113	1.18051
65	123	1.2302
65	132	1.16298
65	148	0.700512
65	164	1.17512
65	165	1.20965
65	166	1.18574
65	167	0.705933
65	179	1.19443
65	180	0.725939
66	34	0.741799
66	48	1.22355
66	63	0.755572
66	103	0.806896
66	104	1.11219
66	125	0.760594
66	127	1.17263
66	130	1.13024
66	148	1.17238
66	153	1.14371
66	166	0.764446
66	168	0.789538
66	169	1.12848
66	172	0.775355
66	173	1.1475
66	174	1.12705
66	176	1.12272
66	180	1.11961
67	42	0.780223
67	55	0.75256
67	68	1.11348
67	80	0.764441
67	99	1.18192
67	102	0.717371
67	123	1.17808
67	128	1.16138
67	133	1.10399
67	139	1.18237
67	153	0.803101
67	156	0.783642
67	157	1.12878
67	162	1.14137
67	166	1.13362
67	177	1.13273
67	179	1.14231
67	180	0.800477
68	53	0.718024
68	67	1.11348
68	96	1.21312
68	99	1.18278
68	106	1.11283
68	107	0.741992
68	121	1.12301
68	122	0.787105
68	137	0.752313
68	139	1.18324
68	145	0.783855
68	154	0.815936
68	162	1.14223
68	164	1.12387
68	172	1.12867
68	175	0.805223
68	177	1.1336
68	179	1.14318
69	2	1.1485
69	4	1.01501
69	6	1.15626
69	11	1.19008
69	14	1.13369
69	19	1.10269
69	24	1.10692
69	31	1.22098
69	32	1.17863
69	50	1.22031
69	90	0.704529
69	94	0.772084
69	116	1.12699
69	146	0.802741
69	159	0.81284
69	160	0.789756
69	165	0.746916
69	177	0.769491
70	30	0.625034
70	43	0.706831
70	82	0.669506
70	89	0.701389
70	103	1.24003
70	104	0.716296
70	124	1.24369
70	127	0.65807
70	133	1.2356
70	152	1.28561
70	160	1.2376
70	162	1.27298
70	164	1.25461
70	166	1.26523
70	170	0.669933
70	173	0.66108
70	178	1.29091
70	179	1.27392
71	73	0.669155
71	76	0.676331
71	83	0.740267
71	92	0.716909
71	109	0.718858
71	121	1.19375
71	123	1.24968
71	125	1.21561
71	128	1.23298
71	160	1.17759
71	162	1.21297
71	164	1.19461
71	166	1.20523
71	168	0.716544
71	172	1.19941
71	176	0.732443
71	177	1.20434
71	179	1.21392
71	180	0.737662
72	34	1.25362
72	56	1.23652
72	59	1.2252
72	84	1.19485
72	106	0.746173
72	110	1.22091
72	122	1.17603
72	129	1.19208
72	135	0.68582
72	140	1.16334
72	143	0.726558
72	147	1.22962
72	161	1.21928
72	162	0.690431
72	164	0.701832
72	168	1.18855
72	170	0.720957
72	174	0.743191
72	179	0.68491
73	29	1.25892
73	55	1.22172
73	56	1.23873
73	71	0.669155
73	78	1.20129
73	84	1.19707
73	122	1.17825
73	123	0.670626
73	129	1.1943
73	132	0.712663
73	140	1.16556
73	147	1.23184
73	153	0.730224
73	156	0.710765
73	158	0.726334
73	161	1.2215
73	168	1.19077
73	171	0.74765
73	174	0.736387
74	16	0.717401
74	29	1.25461
74	34	1.25154
74	55	1.21741
74	59	1.22312
74	78	1.19699
74	114	0.649102
74	115	0.750445
74	122	1.17394
74	129	1.18999
74	140	1.16126
74	147	1.22754
74	152	0.694258
74	153	0.749314
74	161	1.21719
74	168	1.18646
74	177	0.714364
74	178	0.680574
74	180	0.746689
75	19	0.841591
75	43	1.13311
75	89	0.863794
75	100	0.785167
75	129	0.818953
75	149	1.10105
75	151	1.10567
75	152	0.793351
75	153	1.12478
75	154	1.10463
75	158	1.10351
75	159	1.08814
75	165	0.790882
75	166	0.799572
75	169	1.10954
75	171	1.08898
75	173	1.12856
75	175	1.11156
75	180	1.10067
76	71	0.676331
76	88	0.754128
76	101	0.725098
76	104	1.19022
76	111	0.69918
76	114	1.27415
76	115	1.19698
76	134	1.1935
76	138	0.665815
76	140	0.754554
76	153	1.22174
76	168	0.713657
76	171	1.18594
76	173	1.22553
76	174	1.20508
76	175	1.20852
76	176	1.20075
76	177	0.70245
76	180	1.19764
77	27	1.13858
77	38	0.701114
77	39	0.707714
77	65	1.18832
77	100	1.19951
77	110	0.736956
77	124	1.13566
77	139	1.20596
77	145	0.755601
77	149	0.790542
77	159	0.78052
77	161	1.17441
77	163	1.15552
77	164	1.14659
77	165	1.18112
77	166	1.15721
77	169	0.764288
77	172	1.15139
77	179	1.1659
77	180	0.769497
78	16	0.741992
78	33	0.721152
78	35	1.08515
78	42	0.751028
78	62	1.16662
78	73	1.20129
78	74	1.19699
78	102	1.23684
78	110	1.17047
78	128	0.725917
78	129	1.14164
78	138	1.20209
78	140	1.1129
78	146	0.772206
78	147	1.17918
78	148	0.745854
78	156	0.754447
78	161	1.16883
78	168	1.13811
78	171	0.791332
79	63	1.18341
79	65	1.18981
79	94	0.732487
79	98	0.711377
79	108	0.81774
79	109	0.743416
79	113	1.15348
79	139	1.20746
79	144	0.756637
79	160	1.13107
79	162	1.16645
79	163	1.15702
79	164	1.14809
79	166	1.15871
79	167	0.742214
79	169	0.75701
79	170	0.748774
79	172	1.15289
79	178	1.18438
79	179	1.1674
80	67	0.764441
80	86	0.760327
80	89	1.13029
80	90	1.21861
80	105	1.13345
80	130	0.75653
80	131	1.17428
80	136	0.73686
80	137	1.17725
80	141	1.16582
80	142	1.16109
80	143	1.16318
80	152	0.707639
80	155	0.754624
80	165	1.18415
80	168	1.14672
80	175	0.767544
80	177	1.15935
80	178	1.18592
80	180	0.76007
81	45	1.1573
81	53	0.686019
81	92	0.744992
81	93	1.17851
81	95	1.2332
81	108	0.821265
81	120	1.16046
81	131	0.727347
81	133	1.13011
81	136	0.742535
81	156	0.74891
81	159	0.776769
81	160	1.13211
81	163	1.15806
81	165	1.18365
81	172	1.15393
81	176	0.760526
81	177	1.15886
81	178	1.18542
81	179	1.16844
82	4	0.921941
82	20	1.14042
82	38	1.23943
82	70	0.669506
82	85	0.739581
82	112	1.15224
82	118	1.16423
82	123	0.725261
82	132	0.767298
82	138	0.713273
82	150	1.16813
82	155	1.17757
82	158	1.15258
82	161	0.71843
82	166	0.736024
82	167	1.16668
82	169	1.15861
82	173	1.17763
82	176	1.15285
82	180	1.14974
83	10	0.72434
83	51	1.12529
83	71	0.740267
83	125	0.748649
83	130	1.16978
83	145	1.17436
83	148	1.21192
83	155	1.18699
83	156	1.17048
83	158	1.16199
83	159	1.14662
83	160	0.786651
83	161	0.734907
83	162	0.75474
83	166	0.752501
83	167	1.17609
83	171	1.14745
83	175	1.17003
83	179	0.749219
83	180	1.15915
84	18	0.73506
84	59	1.17054
84	72	1.19485
84	73	1.19707
84	102	1.23262
84	110	1.16624
84	122	1.12136
84	125	0.725026
84	129	1.13741
84	138	1.19787
84	140	1.10868
84	147	1.17496
84	152	0.722657
84	153	0.777713
84	158	0.773824
84	161	1.16461
84	168	1.13388
84	172	0.739788
84	175	0.782562
84	177	0.742763
85	7	1.0763
85	36	0.805356
85	62	1.192
85	82	0.739581
85	89	0.771464
85	117	0.697876
85	124	1.15546
85	129	1.16701
85	140	1.13828
85	147	1.20455
85	158	0.752188
85	159	0.764476
85	160	1.14937
85	161	1.19421
85	167	0.733447
85	168	1.16348
85	170	0.740007
85	172	1.17119
85	178	1.20268
85	179	1.1857
86	27	0.796343
86	30	1.21967
86	80	0.760327
86	96	0.692053
86	115	1.14339
86	117	0.740787
86	124	0.773136
86	127	1.19708
86	145	1.15926
86	148	1.19682
86	155	1.17189
86	158	1.14689
86	159	1.13152
86	162	0.752391
86	167	1.16099
86	170	1.174
86	174	1.15149
86	176	1.14716
86	178	0.730248
86	179	0.746871
87	49	1.24952
87	61	0.72762
87	102	0.679232
87	103	1.13027
87	104	0.795255
87	106	1.1338
87	130	0.758796
87	134	0.779092
87	139	1.20422
87	148	0.73691
87	151	0.760346
87	152	1.17584
87	157	1.15063
87	162	1.16321
87	164	1.14485
87	165	1.17937
87	172	1.14965
87	174	0.771125
87	177	1.15457
87	179	1.16416
88	76	0.754128
88	94	0.785726
88	109	0.796654
88	116	0.812402
88	117	1.14879
88	131	1.13262
88	135	1.16369
88	137	1.13559
88	142	1.11943
88	143	1.12152
88	147	0.751468
88	152	1.13896
88	160	1.09095
88	163	1.11689
88	165	1.14249
88	167	0.795452
88	170	0.802012
88	176	0.810239
88	177	1.11769
88	178	1.14426
88	179	1.12727
89	21	1.0924
89	70	0.701389
89	75	0.863794
89	80	1.13029
89	85	0.771464
89	91	1.14358
89	101	1.13617
89	103	0.810357
89	109	0.795313
89	131	1.13872
89	137	1.14169
89	141	1.13026
89	142	1.12553
89	143	1.12762
89	165	1.14859
89	168	1.11116
89	172	0.778816
89	177	1.12379
89	178	1.15035
89	179	0.764625
89	180	0.814117
90	8	0.644708
90	10	1.24085
90	20	0.727899
90	69	0.704529
90	80	1.21861
90	91	1.2319
90	117	1.24321
90	118	0.709785
90	137	1.23001
90	141	1.21858
90	142	1.21385
90	143	1.21594
90	149	0.719864
90	159	0.709842
90	165	1.23691
90	168	1.19948
90	170	0.685373
90	174	0.707607
90	177	1.21211
90	178	1.23868
90	180	0.698818
91	9	0.689354
91	41	0.747915
91	89	1.14358
91	90	1.2319
91	98	1.2111
91	100	0.692355
91	105	1.14674
91	109	0.734166
91	117	1.20374
91	131	1.18757
91	137	1.19054
91	141	1.17911
91	143	1.17647
91	151	0.750979
91	158	0.751705
91	165	1.19744
91	168	1.16
91	169	0.747761
91	170	0.739525
91	177	1.17264
91	178	1.1992
91	180	0.75297
92	11	0.750229
92	58	0.720612
92	64	0.712545
92	71	0.716909
92	81	0.744992
92	93	0.738917
92	99	0.71212
92	107	1.23622
92	112	1.1754
92	121	0.74308
92	130	1.18352
92	150	1.19128
92	151	1.17788
92	158	1.17573
92	159	1.16036
92	168	0.754235
92	169	1.18176
92	170	1.20284
92	171	1.16119
92	173	1.20078
92	174	1.18033
92	180	1.17289
93	23	0.648993
93	30	0.701326
93	41	0.754615
93	61	0.724953
93	81	1.17851
93	92	0.738917
93	100	1.2157
93	124	1.15186
93	126	0.748572
93	128	1.20116
93	139	1.22215
93	152	1.19378
93	155	0.754224
93	157	1.16856
93	162	1.18115
93	163	1.17171
93	164	1.16279
93	165	1.19731
93	166	1.1734
93	171	0.779721
93	176	0.754452
93	179	1.18209
94	9	0.702758
94	69	0.772084
94	79	0.732487
94	88	0.785726
94	121	0.7341
94	123	0.709401
94	124	0.743147
94	130	1.18658
94	134	1.17181
94	147	0.702384
94	149	1.17632
94	153	1.20005
94	154	1.1799
94	155	1.20378
94	158	1.17879
94	165	0.711473
94	167	1.19289
94	169	1.18482
94	174	1.18339
94	175	1.18683
94	176	1.17906
94	180	1.17595
95	16	0.66831
95	25	1.35485
95	60	0.689366
95	63	1.25279
95	81	1.2332
95	118	0.708566
95	120	1.22881
95	121	1.21661
95	129	0.67077
95	133	1.19846
95	144	0.692017
95	148	0.672172
95	149	0.718644
95	152	1.24847
95	155	0.692153
95	157	1.22325
95	162	1.23584
95	163	1.2264
95	164	1.21747
95	175	0.705072
95	176	0.69238
95	177	1.2272
95	179	1.23678
96	21	1.20098
96	25	1.36002
96	33	0.641668
96	68	1.21312
96	86	0.692053
96	121	1.22178
96	140	0.711575
96	150	0.679827
96	151	0.689805
96	154	0.709982
96	160	1.20563
96	161	1.25046
96	163	1.23157
96	164	1.22264
96	166	1.23326
96	168	0.670678
96	171	0.711847
96	172	1.22744
96	174	0.700585
96	175	0.69927
96	177	1.23237
96	178	1.25894
96	179	1.24195
97	12	0.71224
97	64	0.728256
97	99	1.18875
97	101	0.781386
97	115	0.79482
97	127	0.765756
97	128	1.16821
97	133	1.11082
97	139	1.18921
97	148	0.765637
97	152	1.16084
97	157	1.13562
97	158	0.789799
97	162	1.1482
97	163	1.13877
97	164	1.12984
97	166	1.14046
97	168	0.769946
97	172	1.13464
97	175	0.798538
97	177	1.13957
97	178	1.16613
97	179	1.14915
98	42	0.72501
98	52	0.795948
98	64	1.21376
98	79	0.711377
98	91	1.2111
98	101	1.2037
98	105	1.16542
98	110	1.21104
98	114	0.647677
98	117	1.22242
98	125	0.695201
98	131	1.20625
98	132	1.16945
98	139	0.682792
98	141	1.19779
98	143	1.19515
98	154	0.763449
98	165	1.21612
98	168	1.17868
98	176	0.740045
98	177	1.19132
98	178	1.21788
98	179	0.695771
98	180	0.745264
99	13	0.715209
99	26	1.15264
99	57	0.715461
99	67	1.18192
99	68	1.18278
99	92	0.71212
99	97	1.18875
99	104	0.765791
99	111	1.21931
99	128	1.23068
99	132	1.18017
99	145	0.718978
99	147	0.668883
99	151	0.730882
99	152	1.22331
99	162	1.21067
99	164	1.19231
99	165	1.22684
99	167	0.712867
99	169	0.727664
99	172	1.19711
99	175	0.740346
99	177	1.20204
99	179	1.21162
100	54	0.629192
100	75	0.785167
100	77	1.19951
100	91	0.692355
100	93	1.2157
100	111	1.21331
100	113	1.1917
100	123	1.24139
100	125	1.20732
100	133	1.1673
100	134	0.752246
100	136	0.71228
100	144	0.729909
100	151	0.7335
100	153	0.738115
100	157	1.19209
100	160	1.1693
100	164	1.18631
100	166	1.19693
100	167	0.715485
100	170	0.722045
100	172	1.19111
100	178	1.2226
100	179	1.20562
101	25	0.645493
101	36	1.09337
101	46	1.16916
101	52	0.837112
101	62	0.72642
101	64	1.18768
101	76	0.725098
101	89	1.13617
101	97	0.781386
101	98	1.2037
101	102	0.703322
101	105	1.13933
101	113	0.758183
101	131	1.18016
101	134	0.803183
101	135	0.737845
101	137	1.18313
101	141	1.1717
101	142	1.16697
101	143	1.16906
101	151	0.784437
101	165	1.19003
101	168	1.1526
101	177	1.16523
101	178	1.1918
102	9	1.2752
102	23	1.3831
102	26	0.713297
102	34	1.29139
102	35	1.17336
102	37	0.634797
102	48	0.645781
102	55	1.25727
102	62	1.25483
102	67	0.717371
102	78	1.23684
102	84	1.23262
102	87	0.679232
102	101	0.703322
102	114	0.615413
102	122	1.2138
102	129	1.22985
102	135	0.664418
102	140	1.20111
102	147	1.26739
102	155	0.707554
102	161	1.25704
102	167	0.692995
102	168	1.22632
102	171	0.733051
103	22	1.11525
103	45	1.12699
103	48	0.725126
103	66	0.806896
103	70	1.24003
103	87	1.13027
103	89	0.810357
103	113	1.12421
103	124	1.10789
103	125	1.13982
103	129	0.765516
103	138	1.1799
103	145	0.77845
103	147	0.728355
103	149	0.813391
103	157	1.1246
103	160	1.1018
103	162	1.13718
103	163	1.12775
103	165	1.15335
103	166	1.12944
103	167	0.77234
103	171	0.812396
103	172	1.12362
103	179	1.13813
103	180	0.792345
104	66	1.11219
104	70	0.716296
104	76	1.19022
104	87	0.795255
104	99	0.765791
104	113	0.800779
104	115	1.12309
104	117	0.773447
104	118	1.13825
104	134	1.11961
104	143	0.821179
104	144	1.1461
104	153	1.14786
104	154	1.12771
104	155	1.15159
104	156	1.13508
104	161	0.765219
104	164	0.796453
104	169	1.13262
104	170	1.15371
104	171	1.11206
104	172	0.793722
104	173	1.15164
104	175	1.13464
104	178	0.762909
104	180	1.12375
105	46	1.13088
105	80	1.13345
105	91	1.14674
105	98	1.16542
105	101	1.13933
105	107	0.735053
105	110	1.14668
105	117	1.15806
105	131	1.14189
105	132	1.10509
105	133	0.776128
105	137	1.14485
105	141	1.13342
105	142	1.12869
105	143	1.13078
105	146	0.791736
105	155	0.785365
105	158	0.789546
105	166	0.744601
105	168	1.11432
105	169	0.785602
105	171	0.810862
105	175	0.798284
105	177	1.12696
105	178	1.15352
105	180	0.790811
106	2	0.753023
106	36	0.85978
106	40	0.761134
106	56	0.734251
106	62	0.747868
106	68	1.11283
106	72	0.746173
106	87	1.1338
106	109	1.16623
106	111	1.14935
106	116	1.14021
106	123	1.17743
106	127	1.17427
106	129	0.781047
106	140	0.827655
106	142	0.798876
106	152	1.15335
106	154	1.1252
106	157	1.12813
106	158	1.12408
106	164	1.12235
106	168	0.786758
106	169	1.13011
106	171	1.10955
106	177	1.13208
106	180	1.12124
107	27	0.740329
107	47	1.2916
107	68	0.741992
107	92	1.23622
107	105	0.735053
107	111	0.704753
107	136	1.21862
107	138	0.671388
107	145	1.20972
107	149	1.19488
107	150	1.2129
107	152	0.687917
107	153	1.21861
107	154	1.19847
107	156	1.20583
107	157	0.716981
107	159	1.18198
107	160	0.728288
107	161	0.676544
107	166	0.694138
107	167	1.21145
107	173	1.2224
107	175	1.20539
107	176	1.19762
107	179	0.690856
107	180	1.19451
108	12	0.772801
108	38	1.17805
108	39	1.1783
108	52	1.06367
108	60	1.14625
108	79	0.81774
108	81	0.821265
108	118	1.10284
108	126	1.12091
108	127	1.14137
108	132	0.83669
108	144	1.11069
108	149	1.08873
108	151	1.09334
108	154	1.09231
108	155	1.11618
108	157	0.828259
108	158	1.09119
108	161	0.787822
108	164	0.819055
108	169	1.09722
108	175	1.09923
108	176	1.09146
108	177	0.8193
108	178	0.785511
108	179	0.802134
108	180	1.08835
109	14	0.719196
109	50	0.689164
109	65	0.707135
109	71	0.718858
109	79	0.743416
109	88	0.796654
109	89	0.795313
109	91	0.734166
109	106	1.16623
109	125	0.72724
109	134	1.17202
109	137	0.731866
109	146	1.18329
109	150	1.19455
109	151	1.18115
109	153	1.20026
109	154	1.18012
109	156	1.18748
109	158	1.179
109	159	1.16363
109	162	0.73333
109	169	1.18503
109	171	1.16446
109	173	1.20405
109	174	1.1836
109	176	1.17927
109	180	1.17616
110	15	0.712861
110	72	1.22091
110	77	0.736956
110	78	1.17047
110	84	1.16624
110	98	1.21104
110	105	1.14668
110	114	0.665979
110	122	1.14742
110	129	1.16347
110	131	1.18751
110	136	0.740355
110	138	1.22393
110	141	1.17905
110	142	1.17432
110	143	1.17641
110	147	1.20101
110	153	0.76619
110	154	0.781751
110	157	0.740198
110	159	0.774589
110	164	0.730995
110	168	1.15994
110	173	0.741267
110	177	1.17258
110	178	1.19914
110	179	0.714073
111	3	1.21759
111	9	1.20637
111	15	0.709806
111	27	1.15238
111	38	0.692127
111	60	0.752277
111	76	0.69918
111	99	1.21931
111	100	1.21331
111	106	1.14935
111	107	0.704753
111	121	1.15954
111	127	0.735202
111	134	0.777265
111	138	1.22148
111	146	1.16641
111	157	1.16618
111	160	1.14338
111	162	1.17876
111	163	1.16933
111	164	1.1604
111	167	0.740504
111	174	0.769298
111	175	0.767983
111	178	1.19669
111	179	1.17971
111	180	0.76051
112	10	0.738286
112	29	0.745672
112	43	1.16612
112	61	1.18537
112	65	0.742491
112	82	1.15224
112	92	1.1754
112	113	0.784413
112	118	1.14818
112	121	0.780385
112	133	0.797975
112	136	1.15779
112	148	1.18645
112	149	1.13406
112	156	1.14501
112	158	1.13652
112	161	0.748854
112	162	0.768686
112	165	0.757758
112	167	1.15062
112	169	1.14255
112	170	1.16363
112	172	0.777357
112	174	1.14112
112	175	1.14456
112	176	1.13679
112	178	0.746543
112	180	1.13368
113	17	0.913656
113	23	0.657183
113	41	0.762805
113	50	0.679722
113	65	1.18051
113	79	1.15348
113	100	1.1917
113	101	0.758183
113	103	1.12421
113	104	0.800779
113	112	0.784413
113	115	0.771616
113	121	1.13792
113	128	1.17716
113	129	0.741032
113	133	1.11977
113	138	1.19987
113	146	1.1448
113	149	0.788906
113	157	1.14456
113	160	1.12177
113	162	1.15715
113	163	1.14771
113	166	1.1494
113	172	1.14359
113	173	0.745563
113	177	1.14851
113	179	1.15809
114	4	0.838226
114	5	0.864259
114	11	0.673395
114	34	0.629661
114	35	0.780345
114	44	1.21343
114	74	0.649102
114	76	1.27415
114	98	0.647677
114	102	0.615413
114	110	0.665979
114	121	1.20794
114	136	1.2318
114	137	0.653083
114	138	1.26988
114	142	0.689519
114	143	0.690674
114	149	1.20806
114	155	1.23552
114	159	1.19516
114	160	1.19178
114	161	1.23662
114	165	1.24332
114	167	1.22463
114	172	1.2136
114	177	1.21853
114	179	1.22811
114	180	1.20768
115	6	0.729744
115	13	1.19557
115	30	1.20613
115	61	1.1822
115	74	0.750445
115	76	1.19698
115	86	1.14339
115	97	0.79482
115	104	1.12309
115	113	0.771616
115	117	0.744285
115	118	1.14501
115	132	0.784925
115	133	0.785179
115	143	0.792016
115	146	1.13764
115	151	1.13551
115	153	1.15462
115	155	1.15835
115	156	1.14184
115	159	1.11798
115	161	0.736057
115	162	0.75589
115	165	0.744961
115	167	1.14745
115	169	1.13938
115	175	1.14139
115	176	1.13363
116	2	1.19062
116	4	1.05713
116	5	1.03458
116	6	1.19838
116	19	1.14481
116	24	1.14904
116	31	1.2631
116	32	1.22075
116	36	0.844953
116	51	1.11628
116	57	1.19424
116	69	1.12699
116	88	0.812402
116	106	1.14021
116	138	0.724089
116	141	0.766639
116	145	1.16535
116	152	0.740618
116	159	1.13761
116	160	0.78099
116	161	0.729246
116	172	0.757749
116	174	1.15758
116	176	1.15325
116	177	0.760724
116	178	0.726935
116	179	0.743557
116	180	1.15014
117	10	1.21269
117	12	1.22095
117	46	1.18788
117	85	0.697876
117	86	0.740787
117	88	1.14879
117	90	1.24321
117	91	1.20374
117	98	1.22242
117	104	0.773447
117	105	1.15806
117	115	0.744285
117	127	0.715221
117	132	1.16209
117	137	1.20185
117	139	0.678058
117	141	1.19042
117	142	1.18569
117	143	1.18778
117	159	0.751553
117	165	1.20875
117	167	0.720524
117	168	1.17132
117	169	0.735321
117	173	0.718231
117	177	1.18395
117	178	1.21052
117	179	0.691037
117	180	0.74053
118	37	0.728869
118	39	1.23562
118	53	1.24472
118	82	1.16423
118	90	0.709785
118	95	0.708566
118	104	1.13825
118	108	1.10284
118	112	1.14818
118	115	1.14501
118	123	0.7501
118	126	1.17823
118	134	1.14153
118	135	1.20251
118	136	1.16978
118	139	0.744601
118	148	1.19843
118	152	0.754641
118	163	0.775029
118	164	0.774502
118	165	0.752172
118	166	0.760862
118	170	1.17562
118	171	1.13397
118	172	0.771771
118	173	1.17356
118	174	1.15311
118	176	1.14878
118	179	0.75758
118	180	1.14567
119	18	1.21659
119	37	0.710784
119	43	1.17983
119	122	0.778343
119	123	0.732015
119	126	1.17996
119	130	1.15803
119	131	0.75059
119	134	1.14325
119	135	1.20424
119	136	1.17151
119	151	1.15239
119	155	1.17523
119	159	1.13486
119	160	0.776928
119	162	0.745016
119	164	0.756417
119	165	0.734087
119	167	1.16433
119	168	0.76787
119	169	1.15626
119	170	1.17735
119	172	0.753686
119	173	1.17528
119	174	1.15484
119	175	1.15828
119	176	1.15051
119	177	0.756662
119	178	0.722873
119	180	1.14739
120	9	1.1907
120	22	1.14116
120	37	1.22136
120	47	0.693697
120	48	0.696639
120	51	0.814204
120	58	1.19704
120	81	1.16046
120	95	1.22881
120	121	1.14387
120	125	1.16573
120	126	0.75276
120	130	0.760318
120	133	1.12572
120	136	0.740648
120	140	0.783637
120	146	1.15075
120	148	0.738432
120	152	1.17573
120	155	0.758412
120	157	1.15051
120	160	1.12772
120	161	1.17255
120	165	1.17926
120	166	1.15535
120	169	0.75865
120	172	1.14953
120	173	0.74156
120	174	0.772647
120	179	1.16404
121	8	1.18861
121	29	0.696847
121	59	0.704906
121	63	1.16785
121	68	1.12301
121	71	1.19375
121	92	0.74308
121	94	0.7341
121	95	1.21661
121	96	1.22178
121	111	1.15954
121	112	0.780385
121	113	1.13792
121	114	1.20794
121	120	1.14387
121	124	1.12161
121	125	1.15354
121	136	0.740622
121	139	1.19191
121	140	0.783611
121	149	0.784878
121	155	0.758386
121	162	1.1509
121	165	1.16706
121	166	1.14315
121	170	0.750387
121	174	0.772621
121	176	0.758614
121	177	1.14227
121	178	1.16883
122	7	1.02788
122	34	1.18013
122	35	1.06211
122	40	1.15398
122	44	0.743477
122	55	1.14601
122	56	1.16303
122	59	1.15172
122	68	0.787105
122	72	1.17603
122	73	1.17825
122	74	1.17394
122	84	1.12136
122	102	1.2138
122	110	1.14742
122	119	0.778343
122	129	1.11859
122	135	0.736879
122	136	0.762251
122	138	1.17905
122	140	1.08986
122	143	0.777617
122	146	0.786387
122	147	1.15613
122	150	0.773492
122	151	0.783471
122	154	0.803647
122	161	1.14579
122	168	1.11506
122	170	0.772016
122	171	0.805512
123	47	0.668972
123	65	1.2302
123	67	1.17808
123	71	1.24968
123	73	0.670626
123	82	0.725261
123	94	0.709401
123	100	1.24139
123	106	1.17743
123	118	0.7501
123	119	0.732015
123	124	1.17754
123	127	0.713825
123	128	1.22685
123	133	1.16946
123	135	1.2442
123	145	0.725238
123	147	0.675143
123	152	1.21947
123	157	1.19425
123	158	0.737868
123	160	1.17146
123	162	1.20684
123	164	1.18847
123	166	1.19909
123	167	0.719128
123	172	1.19327
123	175	0.746607
123	176	0.733915
123	178	1.22476
123	179	1.20778
124	1	0.905657
124	27	1.11446
124	30	0.714535
124	35	0.854705
124	51	0.823225
124	55	0.724963
124	59	0.713952
124	63	1.15779
124	70	1.24369
124	77	1.13566
124	85	1.15546
124	86	0.773136
124	93	1.15186
124	94	0.743147
124	103	1.10789
124	121	1.12161
124	123	1.17754
124	137	0.727443
124	149	0.793924
124	152	1.15347
124	156	0.756045
124	157	1.12825
124	160	1.10545
124	161	1.15029
124	162	1.14083
124	163	1.1314
124	164	1.12247
124	166	1.13309
124	172	1.12727
124	179	1.14178
124	180	0.772879
125	3	1.21159
125	22	1.15083
125	37	1.23102
125	49	1.25908
125	66	0.760594
125	71	1.21561
125	83	0.748649
125	84	0.725026
125	98	0.695201
125	100	1.20732
125	103	1.13982
125	109	0.72724
125	120	1.16573
125	121	1.15354
125	133	1.13539
125	137	0.700607
125	139	1.21377
125	149	0.767089
125	156	0.729209
125	159	0.757067
125	160	1.13738
125	162	1.17276
125	163	1.16333
125	164	1.1544
125	166	1.16502
125	170	0.732598
125	171	0.766094
125	172	1.1592
125	175	0.753517
125	178	1.19069
125	179	1.17371
125	180	0.746044
126	15	1.23067
126	37	0.706804
126	42	1.18357
126	57	1.20783
126	59	0.726081
126	64	0.7222
126	93	0.748572
126	108	1.12091
126	118	1.17823
126	119	1.17996
126	120	0.75276
126	131	0.74661
126	133	0.770325
126	139	0.722536
126	146	1.17086
126	148	1.2165
126	154	1.16769
126	155	1.19157
126	156	1.17506
126	158	1.16658
126	159	1.15121
126	163	0.752964
126	164	0.752437
126	165	0.730107
126	166	0.738797
126	167	1.18068
126	169	1.17261
126	170	1.19369
126	174	1.17118
126	175	1.17462
126	176	1.16685
126	178	0.718893
127	51	1.15034
127	66	1.17263
127	70	0.65807
127	86	1.19708
127	97	0.765756
127	106	1.17427
127	108	1.14137
127	111	0.735202
127	117	0.715221
127	123	0.713825
127	133	0.756115
127	136	1.20831
127	138	0.701837
127	144	1.20654
127	150	1.20259
127	151	1.18919
127	155	1.21203
127	156	1.19553
127	157	0.747431
127	159	1.17167
127	162	0.726826
127	163	0.738754
127	164	0.738227
127	167	1.20114
127	168	0.74968
127	169	1.19307
127	170	1.21415
127	172	0.735496
127	173	1.21209
127	174	1.19164
127	175	1.19508
127	176	1.18731
127	178	0.704683
127	180	1.1842
128	29	0.683756
128	48	0.683522
128	52	1.14598
128	53	0.671016
128	58	1.22408
128	67	1.16138
128	71	1.23298
128	78	0.725917
128	93	1.20116
128	97	1.16821
128	99	1.23068
128	113	1.17716
128	123	1.22685
128	133	1.15276
128	135	1.2275
128	136	0.727531
128	139	1.23114
128	140	0.77052
128	141	0.72433
128	146	1.17779
128	148	0.725315
128	153	0.753366
128	157	1.17755
128	160	1.15476
128	162	1.19013
128	163	1.1807
128	164	1.17177
128	167	0.730736
128	172	1.17657
128	174	0.75953
128	175	0.758215
128	176	0.745523
128	179	1.19108
128	180	0.750742
129	7	1.04394
129	18	0.729248
129	23	1.28789
129	29	1.19926
129	55	1.16206
129	56	1.17908
129	59	1.16777
129	62	1.15963
129	72	1.19208
129	73	1.1943
129	74	1.18999
129	75	0.818953
129	78	1.14164
129	84	1.13741
129	85	1.16701
129	95	0.67077
129	102	1.22985
129	103	0.765516
129	106	0.781047
129	110	1.16347
129	113	0.741032
129	122	1.11859
129	135	0.720694
129	138	1.1951
129	140	1.10591
129	146	0.770202
129	147	1.17219
129	156	0.752442
129	161	1.16184
129	165	0.714376
129	168	1.13111
129	170	0.755831
129	173	0.746979
129	175	0.77675
129	176	0.764058
130	3	0.732582
130	33	1.22196
130	37	0.714362
130	48	1.24575
130	51	1.10795
130	53	1.24086
130	58	0.737824
130	66	1.13024
130	80	0.75653
130	83	1.16978
130	87	0.758796
130	92	1.18352
130	94	1.18658
130	119	1.15803
130	120	0.760318
130	138	0.723604
130	140	0.812344
130	144	1.16415
130	145	1.15702
130	146	1.14893
130	148	1.19457
130	152	0.740134
130	154	1.14576
130	156	1.15313
130	157	0.769198
130	164	0.759994
130	165	0.737665
130	169	1.15068
130	170	1.17176
130	171	1.13011
130	175	1.15269
130	176	1.14492
130	177	0.760239
130	178	0.72645
130	180	1.14181
131	20	0.786788
131	21	1.1364
131	36	1.09593
131	44	0.715724
131	46	1.17171
131	52	0.808393
131	64	1.19023
131	80	1.17428
131	81	0.727347
131	88	1.13262
131	89	1.13872
131	91	1.18757
131	98	1.20625
131	101	1.18016
131	105	1.14189
131	110	1.18751
131	119	0.75059
131	126	0.74661
131	132	1.14592
131	135	0.709125
131	137	1.18568
131	141	1.17425
131	142	1.16952
131	143	1.17161
131	144	0.752126
131	153	0.760332
131	154	0.775894
131	157	0.734341
131	160	0.745648
131	165	1.19258
131	168	1.15515
131	173	0.73541
131	177	1.16778
131	178	1.19435
131	180	0.757708
132	2	0.726317
132	7	0.898821
132	24	0.756192
132	53	0.701444
132	58	1.17357
132	61	0.746453
132	65	1.16298
132	73	0.712663
132	82	0.767298
132	98	1.16945
132	99	1.18017
132	105	1.10509
132	108	0.83669
132	115	0.784925
132	117	1.16209
132	131	1.14592
132	135	1.17699
132	137	1.14889
132	141	1.13746
132	142	1.13273
132	143	1.13482
132	145	0.767275
132	150	0.7692
132	152	1.15226
132	153	0.783794
132	157	1.12704
132	158	0.779905
132	160	1.10424
132	162	1.13962
132	163	1.13019
132	165	1.15579
132	166	1.13188
132	169	0.775961
132	177	1.13099
132	178	1.15755
132	179	1.14057
133	9	1.16035
133	29	0.714438
133	39	0.719641
133	49	1.21906
133	67	1.10399
133	70	1.2356
133	81	1.13011
133	95	1.19846
133	97	1.11082
133	100	1.1673
133	105	0.776128
133	112	0.797975
133	113	1.11977
133	115	0.785179
133	120	1.12572
133	123	1.16946
133	125	1.13539
133	126	0.770325
133	127	0.756115
133	128	1.15276
133	152	1.14538
133	157	1.12016
133	159	0.792447
133	160	1.09737
133	162	1.13275
133	163	1.12331
