1	58	0.963659
1	66	0.949198
1	86	0.964814
1	93	0.950326
1	111	0.940709
1	125	1.78957
1	133	1.90175
1	145	1.81453
1	154	1.68579
1	162	0.795795
1	164	0.817659
1	180	0.822925
2	3	0.843082
2	10	0.951363
2	29	0.899517
2	47	0.879622
2	48	0.886669
2	116	0.957591
2	141	0.92413
2	151	0.875199
2	153	0.887291
2	157	1.11241
2	163	1.67283
2	179	3.71784
3	2	0.843082
3	16	0.814865
3	35	0.777106
3	47	0.770817
3	48	0.777863
3	116	0.848785
3	124	0.79137
3	141	0.815324
3	153	0.778485
3	161	1.74319
3	172	1.84947
3	176	3.06982
4	88	1.71434
4	122	0.81798
4	131	0.852732
4	141	1.45642
4	152	0.702182
4	156	0.696864
4	158	0.818457
4	167	0.693534
4	176	0.670165
4	177	0.70958
4	179	0.645018
5	20	0.824378
5	42	0.779148
5	54	0.846605
5	67	0.868651
5	88	0.815644
5	122	1.10691
5	129	1.45742
5	146	0.809807
5	147	0.829696
5	149	0.744247
5	173	0.710053
5	179	4.20078
6	58	0.96909
6	93	0.955757
6	111	0.946139
6	121	0.918937
6	142	0.956064
6	157	0.968978
6	159	1.92827
6	162	0.801226
6	164	0.823089
6	171	0.916223
6	179	3.5744
6	180	0.828356
7	17	0.915833
7	72	0.902139
7	94	0.911327
7	97	0.957456
7	101	0.892525
7	123	1.2374
7	127	1.43856
7	143	0.926975
7	148	1.52092
7	171	0.841995
7	178	0.860432
7	180	2.97185
8	25	0.870883
8	76	0.8947
8	93	0.831789
8	111	0.822171
8	116	1.3942
8	121	0.794968
8	123	0.907668
8	147	1.33853
8	162	0.677257
8	164	0.699121
8	175	3.85843
8	180	0.704388
9	39	0.783993
9	62	0.820129
9	92	0.804473
9	96	0.785047
9	98	0.785044
9	99	0.850641
9	104	0.777918
9	119	0.800844
9	142	0.808237
9	145	1.67892
9	149	1.89504
9	163	3.06121
10	2	0.951363
10	29	0.898993
10	35	0.885387
10	47	0.879098
10	48	0.886145
10	108	1.63991
10	124	0.899651
10	125	1.36987
10	141	0.923606
10	150	1.5223
10	153	0.886766
10	177	2.66451
11	52	0.933831
11	63	0.880914
11	71	0.875335
11	74	0.876303
11	78	0.858976
11	80	0.86706
11	84	0.909313
11	85	0.990903
11	130	1.41258
11	133	1.76897
11	145	1.68175
11	172	2.33686
12	21	0.826354
12	22	0.828259
12	46	0.789561
12	53	0.767093
12	73	0.807521
12	75	0.800076
12	77	0.788398
12	82	0.788705
12	130	1.50229
12	143	0.818943
12	167	3.24619
12	170	1.82499
13	102	0.920268
13	107	0.860067
13	110	0.898653
13	114	0.90173
13	115	0.944118
13	117	0.884801
13	123	1.56267
13	125	2.02252
13	128	1.68956
13	134	0.943515
13	154	1.91874
13	170	0.853013
14	36	0.843247
14	57	0.8215
14	76	0.912939
14	111	0.84041
14	121	0.813207
14	129	1.74458
14	142	0.850335
14	162	0.695496
14	164	0.71736
14	169	2.02966
14	176	2.93611
14	180	0.722627
15	51	0.836741
15	62	0.807774
15	90	0.813399
15	92	0.792118
15	96	0.772692
15	98	0.772689
15	99	0.838286
15	119	0.788488
15	137	1.51366
15	142	0.795882
15	160	2.22767
15	166	2.82534
16	3	0.814865
16	29	0.871301
16	35	0.857695
16	47	0.851406
16	48	0.858453
16	61	0.686576
16	116	0.929375
16	124	0.871959
16	141	0.895914
16	144	1.14407
16	153	0.859074
16	173	2.09152
16	175	3.61244
17	7	0.915833
17	19	0.869116
17	31	0.866862
17	33	0.865888
17	87	0.960534
17	94	0.856291
17	97	0.90242
17	126	2.36389
17	146	0.922148
17	152	2.69617
17	160	1.62812
17	171	0.786959
17	178	0.805396
18	21	0.907015
18	46	0.870222
18	53	0.847754
18	73	0.888182
18	75	0.880737
18	77	0.869059
18	82	0.869365
18	91	0.779095
18	143	0.899604
18	161	1.633
18	165	1.31982
18	177	2.35384
18	180	2.33381
19	17	0.869116
19	72	0.855422
19	87	0.968853
19	94	0.86461
19	97	0.910739
19	101	0.845808
19	118	1.30438
19	143	0.880258
19	154	0.793143
19	164	2.37559
19	171	0.795279
19	175	3.12766
19	178	0.813715
20	5	0.824378
20	40	0.868748
20	42	0.871277
20	44	0.860593
20	60	0.899149
20	67	0.960779
20	138	1.86538
20	145	1.9321
20	147	0.921825
20	149	0.836375
20	154	1.80336
20	170	1.98564
20	173	0.802182
21	12	0.826354
21	18	0.907015
21	22	0.899807
21	49	0.940045
21	73	0.87907
21	75	0.871625
21	77	0.859946
21	82	0.860253
21	91	0.769982
21	135	1.00632
21	163	2.67027
21	171	2.05709
21	172	1.94309
22	12	0.828259
22	21	0.899807
22	46	0.863014
22	53	0.840546
22	73	0.880975
22	75	0.873529
22	77	0.861851
22	82	0.862158
22	125	1.16142
22	143	0.892396
22	172	1.84149
22	176	3.06184
22	178	1.57748
23	37	0.829
23	45	0.936962
23	52	0.893007
23	63	0.84009
23	71	0.834511
23	74	0.835478
23	78	0.818151
23	84	0.868488
23	85	0.950078
23	122	2.2934
23	128	1.60207
23	147	1.64587
23	150	2.08745
24	52	0.920459
24	59	0.816935
24	68	0.872321
24	71	0.861962
24	74	0.86293
24	78	0.845603
24	81	0.927659
24	84	0.89594
24	123	0.981404
24	145	1.46621
24	156	2.98829
24	173	2.15108
24	177	0.77644
25	8	0.870883
25	86	0.93462
25	89	0.938327
25	111	0.910514
25	121	0.883311
25	142	0.920438
25	147	1.1886
25	158	1.47437
25	162	0.7656
25	164	0.787464
25	170	1.55626
25	176	3.37818
25	180	0.792731
26	30	1.56433
26	39	0.757278
26	51	0.822381
26	62	0.793414
26	90	0.799039
26	92	0.777759
26	96	0.758332
26	98	0.758329
26	99	0.823926
26	119	0.774129
26	124	0.764928
26	160	2.99452
26	170	2.39479
27	55	0.992484
27	60	0.867283
27	105	1.30572
27	110	1.2715
27	145	0.847964
27	157	0.793588
27	161	0.781874
27	167	0.732178
27	168	0.772382
27	174	0.734153
27	175	0.705841
27	177	0.748224
27	179	0.683662
28	32	0.894294
28	43	0.856459
28	50	0.830812
28	59	0.809386
28	64	0.951505
28	68	0.864771
28	70	0.892489
28	81	0.920109
28	136	1.52584
28	145	1.71725
28	161	2.26608
28	177	0.768891
28	178	2.10835
29	2	0.899517
29	10	0.898993
29	16	0.871301
29	35	0.833541
29	48	0.834299
29	61	1.36651
29	116	0.905221
29	124	0.847805
29	135	1.80493
29	141	0.87176
29	149	2.30271
29	153	0.834921
29	158	2.05824
30	26	1.56433
30	89	0.621358
30	97	0.50842
30	113	0.736577
30	127	1.00997
30	138	0.951504
30	151	0.997986
30	167	0.805221
30	172	0.83991
30	173	0.843395
30	174	0.807196
30	176	0.781852
30	179	0.756706
31	17	0.866862
31	33	0.871953
31	72	0.853167
31	87	0.966598
31	94	0.862356
31	97	0.908484
31	140	1.5149
31	143	0.878004
31	150	1.83758
31	168	2.43031
31	170	1.76365
31	171	0.793024
31	178	0.811461
32	28	0.894294
32	38	0.858396
32	50	0.830928
32	59	0.809501
32	64	0.951621
32	68	0.864887
32	70	0.892605
32	81	0.920225
32	120	1.11826
32	135	1.29454
32	149	1.79232
32	162	3.30045
32	177	0.769006
33	17	0.865888
33	31	0.871953
33	72	0.852194
33	87	0.965625
33	94	0.861382
33	97	0.907511
33	109	1.53336
33	125	1.92323
33	143	0.87703
33	158	1.91984
33	165	2.18384
33	171	0.792051
33	178	0.810487
34	65	0.934025
34	105	0.89642
34	107	0.834139
34	110	0.872725
34	113	0.877524
34	114	0.875802
34	115	0.91819
34	117	0.858873
34	150	0.844869
34	158	1.13721
34	162	2.8898
34	164	2.61926
34	170	0.827085
35	3	0.777106
35	10	0.885387
35	16	0.857695
35	29	0.833541
35	47	0.813646
35	48	0.820693
35	116	0.891615
35	120	1.78407
35	123	1.7572
35	124	0.834199
35	132	2.31856
35	140	2.0468
35	141	0.858154
35	153	0.821315
36	14	0.843247
36	58	0.887589
36	65	1.21988
36	66	0.873128
36	86	0.888745
36	93	0.874257
36	123	0.950136
36	142	0.874564
36	147	1.13729
36	162	0.719725
36	164	0.741589
36	167	2.92614
36	174	2.7208
36	180	0.746856
37	23	0.829
37	45	0.911587
37	52	0.867632
37	63	0.814715
37	71	0.809136
37	74	0.810103
37	78	0.792776
37	84	0.843113
37	85	0.924703
37	106	0.794155
37	120	1.5446
37	131	1.87515
37	148	1.80125
37	173	2.6874
38	32	0.858396
38	41	0.928181
38	43	0.82056
38	50	0.794914
38	59	0.773487
38	64	0.915607
38	68	0.828873
38	70	0.856591
38	81	0.884211
38	112	1.67744
38	123	1.52673
38	160	2.66481
38	170	2.06508
38	177	0.732992
39	9	0.783993
39	26	0.757278
39	51	0.898266
39	90	0.874924
39	92	0.853643
39	96	0.834217
39	98	0.834214
39	99	0.899811
39	104	0.827088
39	119	0.850014
39	123	1.28781
39	147	1.4585
39	169	2.74163
39	171	2.54173
40	20	0.868748
40	44	0.812834
40	60	0.851391
40	67	0.913021
40	88	0.860014
40	119	0.843927
40	127	1.68875
40	144	1.7098
40	146	0.854177
40	147	0.874066
40	149	0.788617
40	158	1.94404
40	172	2.6275
40	173	0.754423
41	38	0.928181
41	43	0.926359
41	50	0.900713
41	59	0.879286
41	64	1.02141
41	68	0.934672
41	70	0.96239
41	81	0.99001
41	103	1.85942
41	139	1.8827
41	144	1.46933
41	147	1.4178
41	153	1.93809
41	177	0.838791
42	5	0.779148
42	20	0.871277
42	54	0.893504
42	56	0.886779
42	60	0.85392
42	88	0.862543
42	146	0.856706
42	147	0.876595
42	149	0.791146
42	151	1.29904
42	157	2.17605
42	172	2.0093
42	173	0.756952
42	180	2.60383
43	28	0.856459
43	38	0.82056
43	41	0.926359
43	50	0.793092
43	59	0.771666
43	64	0.913785
43	68	0.827051
43	70	0.854769
43	81	0.882389
43	108	2.05499
43	120	1.35197
43	165	2.04557
43	173	2.49478
43	177	0.731171
44	20	0.860593
44	40	0.812834
44	54	0.88282
44	56	0.876095
44	67	0.904866
44	88	0.851859
44	116	1.15315
44	146	0.846022
44	147	0.865911
44	149	0.780462
44	161	1.96043
44	164	2.8653
44	172	2.06671
44	173	0.746268
45	23	0.936962
45	37	0.911587
45	63	0.922677
45	71	0.917098
45	74	0.918065
45	78	0.900739
45	84	0.951075
45	85	1.03267
45	106	0.902117
45	132	1.8831
45	140	1.61133
45	147	1.49243
45	148	1.60526
45	150	1.93401
46	12	0.789561
46	18	0.870222
46	22	0.863014
46	49	0.903252
46	53	0.801848
46	73	0.842277
46	75	0.834831
46	77	0.823153
46	82	0.82346
46	143	0.853698
46	155	1.25289
46	170	1.0367
46	178	1.37426
46	179	4.41044
47	2	0.879622
47	3	0.770817
47	10	0.879098
47	16	0.851406
47	35	0.813646
47	48	0.814404
47	116	0.885326
47	124	0.827911
47	133	2.12574
47	135	1.75685
47	137	1.97777
47	141	0.851865
47	153	0.815026
47	170	2.09206
48	2	0.886669
48	3	0.777863
48	10	0.886145
48	16	0.858453
48	29	0.834299
48	35	0.820693
48	47	0.814404
48	124	0.834957
48	141	0.858912
48	151	0.895374
48	152	2.67184
48	153	0.822072
48	163	2.33281
48	180	2.20017
49	21	0.940045
49	46	0.903252
49	53	0.880784
49	73	0.921212
49	75	0.913767
49	77	0.902089
49	80	0.890142
49	82	0.902396
49	91	0.812125
49	103	1.36935
49	133	1.32908
49	143	0.932634
49	170	1.29539
49	177	2.51153
49	180	2.4915
50	28	0.830812
50	32	0.830928
50	38	0.794914
50	41	0.900713
50	43	0.793092
50	59	0.746019
50	64	0.888139
50	68	0.801404
50	70	0.829122
50	81	0.856742
50	140	1.73655
50	147	1.61765
50	148	1.73048
50	163	3.31405
50	177	0.705524
51	15	0.836741
51	26	0.822381
51	39	0.898266
51	62	0.934402
51	92	0.918746
51	96	0.89932
51	98	0.899317
51	99	0.964914
51	124	0.905916
51	128	0.787151
51	142	0.92251
51	159	2.45105
51	171	1.43901
51	176	2.54536
51	180	1.91954
52	11	0.933831
52	23	0.893007
52	24	0.920459
52	37	0.867632
52	63	0.878722
52	71	0.873143
52	74	0.87411
52	78	0.856784
52	84	0.90712
52	85	0.98871
52	123	0.901695
52	125	1.36154
52	159	3.16766
52	170	1.44005
52	171	2.15561
53	12	0.767093
53	18	0.847754
53	22	0.840546
53	46	0.801848
53	49	0.880784
53	73	0.819809
53	75	0.812364
53	77	0.800685
53	80	0.788738
53	82	0.800992
53	116	1.96761
53	128	1.86814
53	143	0.831231
53	154	2.09732
53	155	2.49579
54	5	0.846605
54	42	0.893504
54	44	0.88282
54	60	0.921377
54	67	0.983007
54	88	0.93
54	108	1.27659
54	129	1.71545
54	146	0.924163
54	147	0.944052
54	149	0.858603
54	156	2.55359
54	161	1.58035
54	169	2.00053
54	173	0.824409
55	27	0.992484
55	72	0.920252
55	75	0.847165
55	94	0.38304
55	106	0.12882
55	121	0.69987
55	152	0.880465
55	157	0.933226
55	158	0.996739
55	166	0.883966
55	172	0.906504
55	174	0.873791
55	175	0.845479
55	176	0.848447
55	179	0.8233
56	42	0.886779
56	44	0.876095
56	60	0.914651
56	67	0.976282
56	88	0.923275
56	95	0.885466
56	119	0.907188
56	146	0.917438
56	147	0.937327
56	149	0.851878
56	151	1.14214
56	157	2.01916
56	173	0.817684
56	175	3.40308
56	178	1.5884
57	14	0.8215
57	66	0.851381
57	76	0.915421
57	89	0.870705
57	93	0.85251
57	121	0.815689
57	134	0.880951
57	142	0.852816
57	149	2.03658
57	155	2.09019
57	162	0.697978
57	164	0.719842
57	165	2.05612
57	178	2.21156
57	180	0.725109
58	1	0.963659
58	6	0.96909
58	36	0.887589
58	66	0.893242
58	76	0.957282
58	86	0.908858
58	93	0.89437
58	116	1.22694
58	121	0.85755
58	158	1.45704
58	160	2.13866
58	162	0.739839
58	164	0.761702
58	169	2.4544
58	172	2.1405
58	180	0.766969
59	24	0.816935
59	28	0.809386
59	32	0.809501
59	38	0.773487
59	41	0.879286
59	43	0.771666
59	50	0.746019
59	64	0.866712
59	68	0.779978
59	70	0.807696
59	81	0.835316
59	144	1.80158
59	148	1.86289
59	165	2.29983
59	168	2.78437
59	177	0.684098
60	20	0.899149
60	27	0.867283
60	40	0.851391
60	42	0.85392
60	54	0.921377
60	56	0.914651
60	88	0.890415
60	119	0.874328
60	131	1.0821
60	146	0.884579
60	147	0.904467
60	149	0.819018
60	166	2.46043
60	168	1.92969
60	173	0.784825
60	180	2.45914
61	16	0.686576
61	29	1.36651
61	89	0.678198
61	93	0.922518
61	107	0.986194
61	138	0.988336
61	139	0.95584
61	156	0.845383
61	163	0.846268
61	167	0.842053
61	169	0.867736
61	172	0.876741
61	174	0.844028
61	176	0.818684
61	178	0.911295
61	179	0.793537
62	9	0.820129
62	15	0.807774
62	26	0.793414
62	51	0.934402
62	65	1.09842
62	90	0.91106
62	92	0.88978
62	96	0.870353
62	98	0.870351
62	99	0.935948
62	124	0.87695
62	128	0.972031
62	138	1.26324
62	142	0.893543
62	170	1.38349
62	179	4.75724
63	11	0.880914
63	23	0.84009
63	37	0.814715
63	45	0.922677
63	52	0.878722
63	71	0.820226
63	74	0.821193
63	78	0.803867
63	80	0.811951
63	84	0.854203
63	85	0.935793
63	106	0.805245
63	135	1.34822
63	138	1.56317
63	146	1.57718
63	157	2.45175
63	174	2.89928
64	28	0.951505
64	32	0.951621
64	38	0.915607
64	41	1.02141
64	43	0.913785
64	50	0.888139
64	59	0.866712
64	68	0.922098
64	70	0.949816
64	81	0.977436
64	103	1.59739
64	126	2.85892
64	135	1.18823
64	139	1.62067
64	146	1.41718
64	149	1.68601
64	177	0.826217
65	34	0.934025
65	36	1.21988
65	62	1.09842
65	66	1.31294
65	88	0.995918
65	95	0.930833
65	145	0.910683
65	151	0.987661
65	161	0.844592
65	163	0.799112
65	165	0.876441
65	167	0.794896
65	172	0.829585
65	173	0.83307
65	176	0.771528
65	178	0.864139
65	179	0.746381
66	1	0.949198
66	36	0.873128
66	57	0.851381
66	58	0.893242
66	65	1.31294
66	86	0.894397
66	89	0.898104
66	111	0.870291
66	121	0.843089
66	122	1.87788
66	134	0.908351
66	153	1.75063
66	155	1.81419
66	162	0.725378
66	164	0.747241
66	169	2.51347
66	180	0.752508
67	5	0.868651
67	20	0.960779
67	40	0.913021
67	44	0.904866
67	54	0.983007
67	56	0.976282
67	88	0.952045
67	118	1.45017
67	138	1.00095
67	146	0.946209
67	147	0.966098
67	149	0.880648
67	155	1.3374
67	165	1.30332
67	169	2.03668
67	173	0.846455
67	175	3.27345
68	24	0.872321
68	28	0.864771
68	32	0.864887
68	38	0.828873
68	41	0.934672
68	43	0.827051
68	50	0.801404
68	59	0.779978
68	64	0.922098
68	70	0.863081
68	81	0.890701
68	147	1.19355
68	150	1.63514
68	158	1.47932
68	162	3.23192
68	173	2.19254
68	177	0.739483
69	79	0.821427
69	83	0.902255
69	100	0.894855
69	105	0.867876
69	110	0.844181
69	113	0.848979
69	114	0.847257
69	115	0.889645
69	117	0.830329
69	130	1.33223
69	141	0.868269
69	145	1.6014
69	146	1.54869
69	150	0.816325
69	155	1.87113
69	170	0.798541
69	176	3.47686
70	28	0.892489
70	32	0.892605
70	38	0.856591
70	41	0.96239
70	43	0.854769
70	50	0.829122
70	59	0.807696
70	64	0.949816
70	68	0.863081
70	81	0.918419
70	112	1.1966
70	116	1.27226
70	151	1.47555
70	162	3.25496
70	172	2.18582
70	177	0.767201
71	11	0.875335
71	23	0.834511
71	24	0.861962
71	37	0.809136
71	45	0.917098
71	52	0.873143
71	63	0.820226
71	74	0.815614
71	78	0.798288
71	80	0.806372
71	84	0.848624
71	85	0.930214
71	108	1.87497
71	123	1.14509
71	129	2.31382
71	161	2.17873
71	168	2.3501
72	7	0.902139
72	19	0.855422
72	31	0.853167
72	33	0.852194
72	55	0.920252
72	87	0.946839
72	94	0.842597
72	97	0.888725
72	101	0.823794
72	106	0.809047
72	130	1.63747
72	143	0.858245
72	148	1.70536
72	154	1.7779
72	171	0.773265
72	178	0.791702
72	180	3.15628
73	12	0.807521
73	18	0.888182
73	21	0.87907
73	22	0.880975
73	46	0.842277
73	49	0.921212
73	53	0.819809
73	75	0.852792
73	77	0.841114
73	82	0.84142
73	91	0.751149
73	143	0.871659
73	149	1.47841
73	154	1.13356
73	164	2.716
73	173	1.94716
73	174	2.53169
74	11	0.876303
74	23	0.835478
74	24	0.86293
74	37	0.810103
74	45	0.918065
74	52	0.87411
74	63	0.821193
74	71	0.815614
74	78	0.799255
74	84	0.849592
74	85	0.931181
74	106	0.800634
74	127	0.693873
74	152	2.69883
74	160	1.63078
74	163	2.3598
74	167	2.45225
75	12	0.800076
75	18	0.880737
75	21	0.871625
75	22	0.873529
75	46	0.834831
75	49	0.913767
75	53	0.812364
75	55	0.847165
75	73	0.852792
75	77	0.833669
75	80	0.821721
75	82	0.833975
75	120	1.37561
75	143	0.864214
75	151	1.7784
75	165	2.06921
75	166	3.08449
76	8	0.8947
76	14	0.912939
76	57	0.915421
76	58	0.957282
76	86	0.958437
76	89	0.962144
76	111	0.934331
76	121	0.907129
76	139	1.27796
76	142	0.944256
76	155	1.39691
76	158	1.09883
76	159	2.90834
76	162	0.789418
76	164	0.811281
76	166	2.37812
76	172	1.78229
76	180	0.816548
77	12	0.788398
77	18	0.869059
77	21	0.859946
77	22	0.861851
77	46	0.823153
77	49	0.902089
77	53	0.800685
77	73	0.841114
77	75	0.833669
77	80	0.810043
77	82	0.822297
77	91	0.732026
77	122	1.85481
77	143	0.852536
77	146	1.46869
77	154	1.39266
77	174	2.79079
77	180	2.77104
78	11	0.858976
78	23	0.818151
78	24	0.845603
78	37	0.792776
78	45	0.900739
78	52	0.856784
78	63	0.803867
78	71	0.798288
78	74	0.799255
78	80	0.790012
78	84	0.832265
78	85	0.913855
78	106	0.783307
78	108	1.95354
78	112	1.37437
78	122	2.04188
78	138	1.64176
78	156	3.23054
79	69	0.821427
79	83	0.883516
79	100	0.876116
79	102	0.847056
79	105	0.849137
79	107	0.786855
79	113	0.83024
79	114	0.828518
79	115	0.870906
79	117	0.81159
79	141	0.84953
79	147	1.00802
79	149	1.53825
79	150	0.797586
79	153	1.5283
79	166	2.57307
79	170	0.779802
79	175	3.52792
80	11	0.86706
80	49	0.890142
80	53	0.788738
80	63	0.811951
80	71	0.806372
80	75	0.821721
80	77	0.810043
80	78	0.790012
80	82	0.81035
80	84	0.840349
80	85	0.921939
80	106	0.791391
80	137	1.61285
80	143	0.840588
80	148	1.47231
80	155	1.94332
80	161	2.22242
80	177	2.94327
81	24	0.927659
81	28	0.920109
81	32	0.920225
81	38	0.884211
81	41	0.99001
81	43	0.882389
81	50	0.856742
81	59	0.835316
81	64	0.977436
81	68	0.890701
81	70	0.918419
81	109	0.61267
81	126	2.41653
81	151	0.972346
81	159	2.80865
81	168	1.7477
81	174	2.29689
81	177	0.794821
82	12	0.788705
82	18	0.869365
82	21	0.860253
82	22	0.862158
82	46	0.82346
82	49	0.902396
82	53	0.800992
82	73	0.84142
82	75	0.833975
82	77	0.822297
82	80	0.81035
82	91	0.732333
82	126	2.76066
82	139	1.52241
82	140	1.17642
82	143	0.852842
82	159	3.15278
82	165	1.60728
83	69	0.902255
83	79	0.883516
83	100	0.956945
83	102	0.927885
83	105	0.929965
83	107	0.867684
83	110	0.90627
83	113	0.911069
83	114	0.909347
83	117	0.892418
83	132	1.30057
83	150	0.878414
83	153	1.43018
83	154	1.09528
83	163	2.6063
83	170	0.86063
83	171	1.99312
83	180	2.47366
84	11	0.909313
84	23	0.868488
84	24	0.89594
84	37	0.843113
84	45	0.951075
84	52	0.90712
84	63	0.854203
84	71	0.848624
84	74	0.849592
84	78	0.832265
84	80	0.840349
84	85	0.964192
84	106	0.833644
84	136	1.51167
84	144	1.44048
84	145	1.70307
84	146	1.65036
84	168	2.42327
84	171	2.47218
85	11	0.990903
85	23	0.950078
85	37	0.924703
85	45	1.03267
85	52	0.98871
85	63	0.935793
85	71	0.930214
85	74	0.931181
85	78	0.913855
85	80	0.921939
85	84	0.964192
85	106	0.915234
85	120	1.15286
85	132	1.68735
85	136	1.41939
85	150	1.73826
85	155	1.88053
85	158	1.58245
85	172	2.2659
86	1	0.964814
86	25	0.93462
86	36	0.888745
86	58	0.908858
86	66	0.894397
86	76	0.958437
86	89	0.913721
86	91	2.77031
86	111	0.885907
86	116	1.25784
86	118	1.89879
86	121	0.858705
86	134	0.923967
86	147	1.20217
86	160	2.16955
86	162	0.740994
86	164	0.762858
86	178	1.90739
86	180	0.768124
87	17	0.960534
87	19	0.968853
87	31	0.966598
87	33	0.965625
87	72	0.946839
87	91	2.45084
87	94	0.956027
87	97	1.00216
87	104	0.940642
87	106	0.922478
87	125	1.17186
87	137	1.13608
87	143	0.971675
87	146	1.14411
87	168	1.91702
87	169	2.16583
87	171	0.886696
87	172	1.85193
87	178	0.905133
88	4	1.71434
88	5	0.815644
88	40	0.860014
88	42	0.862543
88	44	0.851859
88	54	0.93
88	56	0.923275
88	60	0.890415
88	65	0.995918
88	67	0.952045
88	119	0.882951
88	137	1.1667
88	146	0.893202
88	147	0.913091
88	149	0.827641
88	153	1.43361
88	173	0.793448
88	176	3.10291
88	178	1.61855
89	25	0.938327
89	30	0.621358
89	57	0.870705
89	61	0.678198
89	66	0.898104
89	76	0.962144
89	86	0.913721
89	93	0.899233
89	111	0.889615
89	121	0.862412
89	123	0.975112
89	136	1.20688
89	140	1.20307
89	142	0.89954
89	162	0.744701
89	164	0.766565
89	166	2.64922
89	175	3.60406
89	180	0.771832
90	15	0.813399
90	26	0.799039
90	39	0.874924
90	62	0.91106
90	92	0.895404
90	96	0.875978
90	98	0.875975
90	99	0.941572
90	101	0.865433
90	104	0.868849
90	118	2.03358
90	119	0.891775
90	124	0.882574
90	127	1.36744
90	130	1.38191
90	135	1.36942
90	142	0.899168
90	146	1.59837
90	162	3.37533
91	18	0.779095
91	21	0.769982
91	49	0.812125
91	73	0.751149
91	77	0.732026
91	82	0.732333
91	86	2.77031
91	87	2.45084
91	100	2.14574
91	126	0.671381
91	130	0.824258
91	143	0.762571
91	145	0.742572
91	158	0.751709
91	162	0.607018
91	169	0.652469
91	174	0.628761
91	175	0.600449
91	176	0.603417
91	179	0.57827
92	9	0.804473
92	15	0.792118
92	26	0.777759
92	39	0.853643
92	51	0.918746
92	62	0.88978
92	90	0.895404
92	96	0.854697
92	98	0.854695
92	99	0.920292
92	101	0.844152
92	104	0.847569
92	124	0.861294
92	131	1.36969
92	142	0.877888
92	157	2.31894
92	158	1.46873
92	169	2.46609
92	172	2.15219
92	178	1.88818
93	1	0.950326
93	6	0.955757
93	8	0.831789
93	36	0.874257
93	57	0.85251
93	58	0.89437
93	61	0.922518
93	89	0.899233
93	111	0.87142
93	121	0.844217
93	134	0.909479
93	142	0.881344
93	151	1.58745
93	152	3.36392
93	154	1.51386
93	158	1.61425
93	162	0.726506
93	164	0.74837
93	178	2.0337
93	180	0.753636
94	7	0.911327
94	17	0.856291
94	19	0.86461
94	31	0.862356
94	33	0.861382
94	55	0.38304
94	72	0.842597
94	87	0.956027
94	97	0.897913
94	101	0.832983
94	104	0.836399
94	106	0.818235
94	143	0.867433
94	150	1.49689
94	153	1.57559
94	164	2.82313
94	168	2.08963
94	171	0.782453
94	177	2.6391
94	178	0.80089
95	56	0.885466
95	65	0.930833
95	106	0.803376
95	114	1.41341
95	142	1.25585
95	143	1.24126
95	150	0.837933
95	151	0.940211
95	158	0.87237
95	159	0.758361
95	163	0.751662
95	165	0.828991
95	168	0.787651
95	169	0.77313
95	172	0.782135
95	174	0.749421
95	175	0.72111
95	176	0.724077
95	178	0.816689
95	179	0.698931
96	9	0.785047
96	15	0.772692
96	26	0.758332
96	39	0.834217
96	51	0.89932
96	62	0.870353
96	90	0.875978
96	92	0.854697
96	98	0.835268
96	99	0.900865
96	101	0.824726
96	104	0.828142
96	116	1.32801
96	119	0.851068
96	124	0.841867
96	136	1.39505
96	142	0.858461
96	144	1.32387
96	170	1.64
96	174	2.85585
96	176	3.46192
97	7	0.957456
97	17	0.90242
97	19	0.910739
97	30	0.50842
97	31	0.908484
97	33	0.907511
97	72	0.888725
97	87	1.00216
97	94	0.897913
97	101	0.879111
97	104	0.882528
97	106	0.864364
97	143	0.913561
97	146	1.23263
97	149	1.50146
97	150	1.41281
97	162	3.00959
97	165	1.521
97	167	2.76008
97	171	0.828582
97	178	0.847019
98	9	0.785044
98	15	0.772689
98	26	0.758329
98	39	0.834214
98	51	0.899317
98	62	0.870351
98	90	0.875975
98	92	0.854695
98	96	0.835268
98	99	0.900863
98	101	0.824723
98	104	0.82814
98	119	0.851065
98	124	0.841864
98	129	1.6711
98	132	1.06372
98	142	0.858458
98	156	2.50924
98	175	3.19296
98	177	2.25685
98	178	1.37828
99	9	0.850641
99	15	0.838286
99	26	0.823926
99	39	0.899811
99	51	0.964914
99	62	0.935948
99	90	0.941572
99	92	0.920292
99	96	0.900865
99	98	0.900863
99	101	0.89032
99	104	0.893737
99	124	0.907462
99	127	1.10546
99	142	0.924056
99	148	1.18782
99	150	1.51657
99	156	2.91117
99	165	1.62476
99	171	2.15821
99	173	2.07397
100	69	0.894855
100	79	0.876116
100	83	0.956945
100	91	2.14574
100	102	0.920485
100	105	0.922565
100	107	0.860284
100	110	0.89887
100	113	0.903668
100	114	0.901947
100	115	0.944335
100	117	0.885018
100	122	1.22513
100	141	0.922958
100	150	0.871014
100	154	0.762975
100	164	2.34542
100	169	1.86072
100	170	0.85323
100	173	1.57658
100	174	2.16111
101	7	0.892525
101	19	0.845808
101	72	0.823794
101	90	0.865433
101	92	0.844152
101	94	0.832983
101	96	0.824726
101	97	0.879111
101	98	0.824723
101	99	0.89032
101	119	0.840522
101	124	0.831322
101	127	1.29471
101	128	1.22044
101	143	0.848631
101	146	1.52565
101	161	2.12719
101	164	3.03206
101	171	0.763651
101	174	2.84775
101	178	0.782088
102	13	0.920268
102	79	0.847056
102	83	0.927885
102	100	0.920485
102	105	0.893506
102	107	0.831224
102	110	0.86981
102	113	0.874609
102	114	0.872887
102	115	0.915275
102	117	0.855958
102	131	1.14378
102	134	0.914673
102	136	1.07976
102	141	0.893899
102	150	0.841955
102	153	1.47733
102	156	2.79324
102	166	2.52211
102	170	0.824171
102	171	2.04028
102	173	1.95603
103	41	1.85942
103	49	1.36935
103	64	1.59739
103	125	0.873259
103	128	0.910987
103	141	1.09702
103	143	1.68059
103	156	0.737607
103	158	0.8592
103	159	0.745191
103	161	0.783972
103	165	0.815821
103	166	0.746427
103	169	0.75996
103	170	0.806979
103	171	0.785082
103	172	0.768964
103	174	0.736251
103	175	0.70794
103	176	0.710907
103	179	0.685761
103	180	0.741639
104	9	0.777918
104	39	0.827088
104	87	0.940642
104	90	0.868849
104	92	0.847569
104	94	0.836399
104	96	0.828142
104	97	0.882528
104	98	0.82814
104	99	0.893737
104	106	0.80285
104	128	1.43027
104	133	1.87541
104	139	1.93897
104	142	0.851333
104	143	0.852047
104	151	1.73304
104	161	2.33702
104	169	2.7572
104	171	0.767068
104	178	0.785505
105	27	1.30572
105	34	0.89642
105	69	0.867876
105	79	0.849137
105	83	0.929965
105	100	0.922565
105	102	0.893506
105	107	0.833304
105	110	0.871891
105	113	0.876689
105	115	0.917355
105	117	0.858039
105	127	1.36428
105	134	0.916753
105	141	0.895979
105	144	1.38534
105	148	1.44664
105	150	0.844035
105	151	1.59277
105	152	3.36924
105	155	1.91765
105	170	0.826251
106	37	0.794155
106	45	0.902117
106	55	0.12882
106	63	0.805245
106	72	0.809047
106	74	0.800634
106	78	0.783307
106	80	0.791391
106	84	0.833644
106	85	0.915234
106	87	0.922478
106	94	0.818235
106	95	0.803376
106	97	0.864364
106	104	0.80285
106	143	0.833883
106	154	0.98647
106	163	2.49749
106	171	0.748904
106	174	2.3846
106	178	0.767341
106	179	4.54249
107	13	0.860067
107	34	0.834139
107	61	0.986194
107	79	0.786855
107	83	0.867684
107	100	0.860284
107	102	0.831224
107	105	0.833304
107	110	0.809609
107	113	0.814408
107	114	0.812686
107	115	0.855074
107	117	0.795757
107	131	1.57889
107	134	0.854472
107	137	1.64553
107	141	0.833698
107	150	0.781753
107	165	1.94193
107	167	3.18101
107	168	2.42647
107	170	0.763969
108	10	1.63991
108	43	2.05499
108	54	1.27659
108	71	1.87497
108	78	1.95354
108	126	0.756079
108	127	0.916236
108	128	0.888195
108	136	0.873404
108	151	0.904248
108	154	0.865417
108	158	0.836407
108	160	0.75718
108	161	0.76118
108	163	0.7157
108	167	0.711484
108	172	0.746172
108	174	0.713459
108	175	0.685147
108	176	0.688115
108	179	0.662968
108	180	0.718847
109	33	1.53336
109	81	0.61267
109	112	0.950262
109	114	1.31042
109	115	0.987253
109	117	0.789951
109	142	1.15286
109	154	0.938414
109	156	0.78781
109	158	0.909404
109	159	0.795395
109	161	0.834176
109	165	0.866025
109	166	0.796631
109	168	0.824684
109	169	0.810164
109	173	0.822654
109	174	0.786455
109	175	0.758143
109	176	0.761111
109	179	0.735965
109	180	0.791843
110	13	0.898653
110	27	1.2715
110	34	0.872725
110	69	0.844181
110	83	0.90627
110	100	0.89887
110	102	0.86981
110	105	0.871891
110	107	0.809609
110	113	0.852994
110	114	0.851272
110	115	0.89366
110	117	0.834344
110	129	2.29763
110	130	1.34454
110	131	1.48632
110	134	0.893058
110	139	1.76449
110	141	0.872284
110	147	1.29959
110	150	0.82034
110	162	3.33796
110	170	0.802556
111	1	0.940709
111	6	0.946139
111	8	0.822171
111	14	0.84041
111	25	0.910514
111	66	0.870291
111	76	0.934331
111	86	0.885907
111	89	0.889615
111	93	0.87142
111	112	1.15743
111	121	0.834599
111	123	0.947299
111	134	0.899861
111	138	1.42482
111	150	1.619
111	151	1.43638
111	162	0.716888
111	164	0.738752
111	168	2.21173
111	173	2.1764
111	176	3.367
111	180	0.744019
112	38	1.67744
112	70	1.1966
112	78	1.37437
112	109	0.950262
112	111	1.15743
112	121	1.35215
112	129	0.860868
112	142	1.23358
112	154	0.931225
112	156	0.780622
112	157	0.838702
112	163	0.781507
112	166	0.789442
112	167	0.777291
112	168	0.817496
112	169	0.802975
112	171	0.828097
112	172	0.81198
112	174	0.779266
112	175	0.750955
112	176	0.753922
112	177	0.793338
112	179	0.728776
113	30	0.736577
113	34	0.877524
113	69	0.848979
113	79	0.83024
113	83	0.911069
113	100	0.903668
113	102	0.874609
113	105	0.876689
113	107	0.814408
113	110	0.852994
113	114	0.856071
113	115	0.898459
113	117	0.839142
113	133	1.60072
113	134	0.897856
113	138	1.44678
113	141	0.877083
113	150	0.825138
113	158	1.48515
113	165	1.74915
113	166	2.76444
113	167	2.98823
113	170	0.807354
114	13	0.90173
114	34	0.875802
114	69	0.847257
114	79	0.828518
114	83	0.909347
114	95	1.41341
114	100	0.901947
114	102	0.872887
114	107	0.812686
114	109	1.31042
114	110	0.851272
114	113	0.856071
114	115	0.896737
114	117	0.83742
114	130	1.45608
114	132	1.8018
114	134	0.896135
114	138	1.65853
114	140	1.53003
114	141	0.875361
114	150	0.823416
114	170	0.805632
114	177	2.99492
115	13	0.944118
115	34	0.91819
115	69	0.889645
115	79	0.870906
115	100	0.944335
115	102	0.915275
115	105	0.917355
115	107	0.855074
115	109	0.987253
115	110	0.89366
115	113	0.898459
115	114	0.896737
115	117	0.879808
115	130	1.13291
115	134	0.938523
115	136	1.21068
115	138	1.33537
115	141	0.917749
115	150	0.865804
115	157	2.22394
115	159	3.18324
115	165	1.63774
115	170	0.84802
115	171	2.17119
116	2	0.957591
116	3	0.848785
116	8	1.3942
116	16	0.929375
116	29	0.905221
116	35	0.891615
116	44	1.15315
116	47	0.885326
116	53	1.96761
116	58	1.22694
116	70	1.27226
116	86	1.25784
116	96	1.32801
116	141	0.929834
116	153	0.892994
116	160	0.833099
116	161	0.837098
116	166	0.799553
116	167	0.787402
116	172	0.82209
116	174	0.789377
116	175	0.761065
116	176	0.764033
116	179	0.738887
117	13	0.884801
117	34	0.858873
117	69	0.830329
117	79	0.81159
117	83	0.892418
117	100	0.885018
117	102	0.855958
117	105	0.858039
117	107	0.795757
117	109	0.789951
117	110	0.834344
117	113	0.839142
117	114	0.83742
117	115	0.879808
117	134	0.879206
117	141	0.858432
117	145	1.20478
117	150	0.806488
117	165	1.44044
117	167	2.67951
117	169	2.17379
117	170	0.788704
117	174	2.47417
117	177	2.47446
118	19	1.30438
118	67	1.45017
118	86	1.89879
118	90	2.03358
118	143	1.93559
118	144	0.900349
118	146	0.866537
118	152	0.737257
118	155	0.825465
118	158	0.853532
118	159	0.739524
118	162	0.708841
118	163	0.732825
118	164	0.730705
118	167	0.728609
118	168	0.768813
118	169	0.754292
118	171	0.779415
118	172	0.763297
118	173	0.766782
118	174	0.730584
118	175	0.702272
118	179	0.680093
119	9	0.800844
119	15	0.788488
119	26	0.774129
119	39	0.850014
119	40	0.843927
119	56	0.907188
119	60	0.874328
119	88	0.882951
119	90	0.891775
119	96	0.851068
119	98	0.851065
119	101	0.840522
119	132	1.94491
119	140	1.67315
119	142	0.874258
119	144	1.60577
119	146	0.877115
119	147	0.897004
119	148	1.66708
119	149	0.811554
119	157	2.69022
119	170	1.9219
119	173	0.777361
119	178	2.25946
120	32	1.11826
120	35	1.78407
120	37	1.5446
120	43	1.35197
120	75	1.37561
120	85	1.15286
120	125	0.928694
120	132	0.900564
120	133	0.88489
120	137	0.917402
120	143	1.09515
120	145	0.905497
120	155	0.886567
120	156	0.793041
120	161	0.839407
120	163	0.793927
120	164	0.791807
120	167	0.789711
120	169	0.815395
120	172	0.824399
120	175	0.763374
120	176	0.766342
120	177	0.805757
120	178	0.858954
120	179	0.741195
121	6	0.918937
121	8	0.794968
121	14	0.813207
121	25	0.883311
121	55	0.69987
121	57	0.815689
121	58	0.85755
121	66	0.843089
121	76	0.907129
121	86	0.858705
121	89	0.862412
121	93	0.844217
121	111	0.834599
121	112	1.35215
121	123	0.920096
121	134	0.872659
121	142	0.844524
121	153	1.89242
121	160	2.33952
121	161	2.23509
121	162	0.689686
121	164	0.711549
121	171	2.45537
121	178	2.07736
121	180	0.716816
122	4	0.81798
122	5	1.10691
122	23	2.2934
122	66	1.87788
122	77	1.85481
122	78	2.04188
122	100	1.22513
122	132	0.84681
122	133	0.831135
122	140	0.865849
122	149	0.808324
122	154	0.88989
122	159	0.746872
122	161	0.785653
122	165	0.817501
122	166	0.748107
122	167	0.735957
122	169	0.76164
122	171	0.786763
122	172	0.770645
122	173	0.774131
122	174	0.737932
122	175	0.70962
122	176	0.712588
122	179	0.687441
122	180	0.743319
123	7	1.2374
123	8	0.907668
123	13	1.56267
123	24	0.981404
123	35	1.7572
123	36	0.950136
123	38	1.52673
123	39	1.28781
123	52	0.901695
123	71	1.14509
123	89	0.975112
123	111	0.947299
123	121	0.920096
123	134	0.985358
123	159	0.833068
123	162	0.802385
123	164	0.824249
123	166	0.834303
123	169	0.847837
123	172	0.856841
123	173	0.860327
123	174	0.824128
123	175	0.795816
123	176	0.798784
123	179	0.773637
123	180	0.829516
124	3	0.79137
124	10	0.899651
124	16	0.871959
124	26	0.764928
124	29	0.847805
124	35	0.834199
124	47	0.827911
124	48	0.834957
124	51	0.905916
124	62	0.87695
124	90	0.882574
124	92	0.861294
124	96	0.841867
124	98	0.841864
124	99	0.907462
124	101	0.831322
124	135	1.4213
124	136	1.51156
124	137	1.64222
124	139	1.85374
124	140	1.50775
124	141	0.872418
124	142	0.865057
124	153	0.835579
124	157	2.52482
124	163	3.08524
124	178	2.09406
125	1	1.78957
125	10	1.36987
125	13	2.02252
125	22	1.16142
125	33	1.92323
125	52	1.36154
125	87	1.17186
125	103	0.873259
125	120	0.928694
125	132	0.861346
125	136	0.912413
125	137	0.878184
125	145	0.866279
125	155	0.847349
125	156	0.753823
125	157	0.811903
125	158	0.875416
125	159	0.761408
125	167	0.750493
125	171	0.801299
125	173	0.788667
125	174	0.752468
125	175	0.724156
125	176	0.727124
125	177	0.766539
125	178	0.819736
125	179	0.701977
126	17	2.36389
126	64	2.85892
126	81	2.41653
126	82	2.76066
126	91	0.671381
126	108	0.756079
126	138	0.802388
126	146	0.794033
126	151	0.848869
126	152	0.664754
126	155	0.752961
126	156	0.659435
126	157	0.717516
126	158	0.781029
126	159	0.66702
126	161	0.705801
126	165	0.73765
126	166	0.668256
126	168	0.696309
126	169	0.681789
126	172	0.690793
126	174	0.65808
126	175	0.629768
126	178	0.725348
126	179	0.60759
126	180	0.663468
127	7	1.43856
127	30	1.00997
127	40	1.68875
127	74	0.693873
127	90	1.36744
127	99	1.10546
127	101	1.29471
127	105	1.36428
127	108	0.916236
127	133	0.911441
127	143	1.26945
127	156	0.819592
127	159	0.827177
127	160	0.861958
127	161	0.865958
127	162	0.796494
127	163	0.820478
127	165	0.897806
127	168	0.856466
127	169	0.841946
127	170	0.888965
127	172	0.85095
127	174	0.818237
127	175	0.789925
127	176	0.792893
127	177	0.832308
127	179	0.767746
128	13	1.68956
128	23	1.60207
128	51	0.787151
128	53	1.86814
128	62	0.972031
128	101	1.22044
128	103	0.910987
128	104	1.43027
128	108	0.888195
128	141	0.611605
128	144	0.959961
128	146	0.926149
128	151	0.980985
128	153	0.893813
128	154	0.942154
128	163	0.792437
128	165	0.869765
128	168	0.828425
128	170	0.860924
128	171	0.839027
128	172	0.822909
128	174	0.790196
128	175	0.761884
128	176	0.764852
128	177	0.804267
128	179	0.739705
128	180	0.795584
129	5	1.45742
129	14	1.74458
129	54	1.71545
129	71	2.31382
129	98	1.6711
129	110	2.29763
129	112	0.860868
129	130	0.892559
129	135	0.887412
129	136	0.857007
129	140	0.824979
129	151	0.887851
129	154	0.84902
129	155	0.791943
129	156	0.698417
129	157	0.756497
129	159	0.706002
129	160	0.740783
129	163	0.699303
129	165	0.776631
129	166	0.707237
129	168	0.735291
129	172	0.729775
129	175	0.66875
129	176	0.671718
129	177	0.711133
129	179	0.646571
129	180	0.70245
130	11	1.41258
130	12	1.50229
130	69	1.33223
130	72	1.63747
130	90	1.38191
130	91	0.824258
130	110	1.34454
130	114	1.45608
130	115	1.13291
130	129	0.892559
130	133	0.904161
130	136	0.970902
130	156	0.812312
130	160	0.854678
130	161	0.858678
130	162	0.789214
130	163	0.813198
130	165	0.890526
130	166	0.821132
130	167	0.808982
130	168	0.849186
130	170	0.881685
130	172	0.84367
130	174	0.810957
130	175	0.782645
130	176	0.785613
130	179	0.760466
130	180	0.816345
131	4	0.852732
131	37	1.87515
131	60	1.0821
131	92	1.36969
131	102	1.14378
131	107	1.57889
131	110	1.48632
131	137	0.8984
131	138	0.916992
131	141	0.842138
131	143	1.4257
131	148	0.898722
131	150	0.861196
131	154	0.924642
131	156	0.774039
131	157	0.832119
131	159	0.781624
131	160	0.816405
131	161	0.820405
131	163	0.774925
131	165	0.852253
131	167	0.770709
131	168	0.810913
131	169	0.796392
131	172	0.805397
131	173	0.808882
131	174	0.772684
131	175	0.744372
131	176	0.74734
131	179	0.722193
132	35	2.31856
132	45	1.8831
132	83	1.30057
132	85	1.68735
132	98	1.06372
132	114	1.8018
132	119	1.94491
132	120	0.900564
132	122	0.84681
132	125	0.861346
132	135	0.914688
132	147	0.88018
132	155	0.819219
132	156	0.725693
132	158	0.847287
132	159	0.733278
132	160	0.768059
132	161	0.772059
132	163	0.726579
132	164	0.724459
132	165	0.803907
132	166	0.734513
132	169	0.748047
132	172	0.757051
132	173	0.760537
132	174	0.724338
132	175	0.696026
132	176	0.698994
132	177	0.738409
132	178	0.791606
133	1	1.90175
133	11	1.76897
133	47	2.12574
133	49	1.32908
133	104	1.87541
133	113	1.60072
133	120	0.88489
133	122	0.831135
133	127	0.911441
133	130	0.904161
133	134	1.17908
133	137	0.83438
133	139	0.820476
133	140	0.83658
133	154	0.860622
133	157	0.768099
133	158	0.831612
133	159	0.717603
133	160	0.752385
133	162	0.686921
133	165	0.788233
133	166	0.718839
133	167	0.706689
133	169	0.732372
133	172	0.741377
133	173	0.744862
133	174	0.708664
133	175	0.680352
133	176	0.68332
133	178	0.775931
133	179	0.658173
134	13	0.943515
134	57	0.880951
134	66	0.908351
134	86	0.923967
134	93	0.909479
134	102	0.914673
134	105	0.916753
134	107	0.854472
134	110	0.893058
134	111	0.899861
134	113	0.897856
134	114	0.896135
134	115	0.938523
134	117	0.879206
134	121	0.872659
134	123	0.985358
134	133	1.17908
134	135	0.810191
134	142	0.909786
134	144	0.829263
134	156	2.61392
134	157	1.91371
134	162	0.754947
134	164	0.776811
134	166	2.34279
134	167	2.56659
134	170	0.847418
134	172	1.74696
134	177	2.36153
134	178	1.48296
134	180	0.782078
135	21	1.00632
135	29	1.80493
135	32	1.29454
135	47	1.75685
135	63	1.34822
135	64	1.18823
135	90	1.36942
135	124	1.4213
135	129	0.887412
135	132	0.914688
135	134	0.810191
135	140	0.933726
135	144	0.975575
135	146	0.941762
135	152	0.812483
135	154	0.957768
135	157	0.865245
135	158	0.928758
135	160	0.849531
135	161	0.85353
135	162	0.784067
135	163	0.80805
135	164	0.805931
135	165	0.885379
135	166	0.815985
135	172	0.838523
135	174	0.805809
135	175	0.777498
135	176	0.780466
135	179	0.755319
136	28	1.52584
136	84	1.51167
136	85	1.41939
136	89	1.20688
136	96	1.39505
136	102	1.07976
136	108	0.873404
136	115	1.21068
136	124	1.51156
136	125	0.912413
136	129	0.857007
136	130	0.970902
136	137	0.901121
136	139	0.887217
136	143	1.36169
136	145	0.889217
136	155	0.870286
136	157	0.834841
136	158	0.898354
136	162	0.753663
136	163	0.777646
136	165	0.854975
136	166	0.785581
136	167	0.77343
136	168	0.813634
136	169	0.799114
136	170	0.846133
136	172	0.808119
136	173	0.811604
136	176	0.750061
136	177	0.789477
136	179	0.724915
137	15	1.51366
137	47	1.97777
137	80	1.61285
137	87	1.13608
137	88	1.1667
137	107	1.64553
137	120	0.917402
137	124	1.64222
137	125	0.878184
137	131	0.8984
137	133	0.83438
137	136	0.901121
137	138	0.885484
137	139	0.852988
137	140	0.869093
137	142	1.50694
137	152	0.74785
137	154	0.893134
137	156	0.742531
137	157	0.800611
137	160	0.784897
137	162	0.719433
137	163	0.743417
137	166	0.751351
137	167	0.739201
137	168	0.779405
137	169	0.764885
137	171	0.790007
137	172	0.773889
137	175	0.712864
137	176	0.715832
137	179	0.690685
138	20	1.86538
138	30	0.951504
138	61	0.988336
138	62	1.26324
138	63	1.56317
138	67	1.00095
138	78	1.64176
138	111	1.42482
138	113	1.44678
138	114	1.65853
138	115	1.33537
138	126	0.802388
138	131	0.916992
138	137	0.885484
138	140	0.887685
138	147	0.915609
138	148	0.885806
138	152	0.766442
138	155	0.854649
138	157	0.819203
138	160	0.803489
138	161	0.807489
138	165	0.839337
138	167	0.757793
138	168	0.797997
138	169	0.783477
138	172	0.792481
138	174	0.759768
138	175	0.731456
138	176	0.734424
138	178	0.827036
138	179	0.709277
138	180	0.765156
139	41	1.8827
139	61	0.95584
139	64	1.62067
139	76	1.27796
139	82	1.52241
139	104	1.93897
139	110	1.76449
139	124	1.85374
139	133	0.820476
139	136	0.887217
139	137	0.852988
139	140	0.855189
139	141	1.12031
139	148	0.85331
139	149	0.797664
139	153	0.830889
139	155	0.822153
139	159	0.736212
139	160	0.770993
139	161	0.774993
139	163	0.729513
139	165	0.806841
139	166	0.737447
139	167	0.725297
139	168	0.765501
139	169	0.750981
139	170	0.798
139	173	0.763471
139	174	0.727272
139	175	0.69896
139	176	0.701928
139	178	0.79454
139	179	0.676781
139	180	0.73266
140	31	1.5149
140	35	2.0468
140	45	1.61133
140	50	1.73655
140	82	1.17642
140	89	1.20307
140	114	1.53003
140	119	1.67315
140	122	0.865849
140	124	1.50775
140	129	0.824979
140	133	0.83658
140	135	0.933726
140	137	0.869093
140	138	0.887685
140	139	0.855189
140	144	0.913142
140	147	0.899218
140	152	0.75005
140	155	0.838258
140	157	0.802812
140	160	0.787098
