1	8	1.18514
1	11	1.2076
1	14	1.16486
1	17	1.17138
1	22	1.15198
1	35	1.24671
1	44	1.25155
1	48	1.22175
1	77	1.28717
1	141	0.642678
1	165	0.834908
1	168	0.80195
2	27	1.13507
2	69	0.662776
2	105	1.18202
2	121	1.01922
2	137	1.15678
2	150	1.19357
2	160	0.653323
2	169	1.22061
2	171	1.21322
2	174	1.23563
2	177	1.23388
2	180	1.24257
3	83	1.03318
3	86	0.946529
3	88	0.973931
3	116	1.05155
3	131	1.05891
3	134	1.07527
3	145	1.06676
3	150	1.04573
3	156	1.33277
3	174	1.08779
3	177	1.08604
3	180	1.09473
4	21	1.15561
4	30	1.18636
4	32	1.15558
4	47	1.24201
4	49	1.13616
4	53	3
4	60	1.20194
4	61	1.27467
4	72	1.24786
4	146	0.580726
4	153	0.562713
4	175	0.474229
5	93	0.288432
5	105	0.455414
5	121	1.24159
5	135	0.298488
5	146	1.20553
5	147	1.30833
5	149	1.18369
5	156	1.24773
5	173	1.15778
5	176	1.104
5	178	1.1513
5	180	0.22302
6	19	0.850247
6	26	0.247968
6	76	0.102824
6	98	1.36111
6	142	1.21674
6	165	1.24413
6	168	1.249
6	170	1.1208
6	172	1.16354
6	176	1.09872
6	178	1.14601
6	180	0.0446041
7	9	0.704441
7	15	1.25612
7	31	1.13478
7	51	1.20336
7	62	1.00511
7	76	1.24701
7	87	0.364991
7	100	2.22561
7	120	0.933678
7	166	1.09694
7	175	0.923114
8	1	1.18514
8	11	1.20756
8	14	1.16482
8	17	1.17134
8	22	1.15193
8	35	1.24667
8	44	1.25151
8	48	1.2217
8	58	0.665302
8	92	1.83569
8	102	0.453997
8	133	0.600555
9	7	0.704441
9	76	1.36403
9	90	1.03067
9	100	0.80827
9	154	0.983431
9	165	0.95623
9	166	0.991807
9	169	1.04344
9	170	0.832907
9	177	1.05672
9	179	0.831123
9	180	1.06541
10	94	0.659103
10	125	1.18218
10	129	1.13055
10	149	1.05075
10	159	1.10341
10	167	1.09432
10	170	0.993148
10	172	1.03589
10	177	0.464439
10	178	1.01836
10	179	0.991363
10	180	0.425711
11	1	1.2076
11	8	1.20756
11	14	1.18729
11	17	1.1938
11	22	1.1744
11	35	1.26913
11	46	0.905771
11	48	1.24417
11	68	1.01064
11	88	0.587475
11	89	1.79703
11	125	0.709686
11	132	0.657322
12	27	0.662456
12	101	0.378402
12	131	0.29055
12	133	1.29179
12	143	1.21031
12	148	1.10099
12	152	1.21176
12	155	1.16178
12	159	1.17643
12	171	1.09114
12	177	0.130822
12	178	1.09137
12	179	1.06438
13	103	1.09379
13	108	1.12117
13	112	1.10275
13	136	0.737195
13	142	0.865483
13	145	1.17269
13	154	0.776509
13	157	1.1561
13	162	1.16713
13	172	1.35851
13	174	1.19371
13	177	1.19196
13	180	1.20066
14	1	1.16486
14	8	1.16482
14	11	1.18729
14	17	1.15106
14	22	1.13166
14	35	1.22639
14	44	1.23123
14	48	1.20143
14	62	0.903722
14	65	0.722887
14	66	3.6
14	100	0.941371
14	156	0.803401
15	7	1.25612
15	31	1.30228
15	42	0.418983
15	51	1.37087
15	76	1.41452
15	120	1.10119
15	144	0.400941
15	151	1.36834
15	166	1.26445
15	172	1.16363
15	175	1.09062
16	97	0.506534
16	123	0.428166
16	129	1.22058
16	138	0.421242
16	160	1.19894
16	165	1.2065
16	167	1.18435
16	168	1.21137
16	170	1.08318
16	171	1.10815
16	172	1.12591
16	174	0.110134
16	176	1.06109
17	1	1.17138
17	8	1.17134
17	11	1.1938
17	14	1.15106
17	22	1.13817
17	35	1.23291
17	44	1.23775
17	48	1.20794
17	53	0.895562
17	65	2.87711
17	84	0.735399
17	111	0.414254
17	164	0.326251
18	51	0.703641
18	106	1.20065
18	148	0.996916
18	156	1.08373
18	159	1.07235
18	160	1.07785
18	162	0.530942
18	165	1.08541
18	170	0.962085
18	173	0.993778
18	176	0.94
18	177	0.514485
18	178	0.987293
19	6	0.850247
19	28	1.00142
19	29	1.02682
19	93	1.08639
19	100	0.835224
19	123	1.05952
19	130	1.03965
19	141	1.27662
19	162	1.05884
19	169	1.07039
19	174	1.08542
19	177	1.08367
19	180	1.09236
20	29	1.08833
20	86	0.876549
20	93	1.1479
20	119	1.09164
20	130	0.820545
20	135	1.12217
20	139	1.0788
20	143	1.05711
20	150	1.10487
20	162	1.12035
20	166	1.175
20	174	1.14693
20	177	1.14518
20	180	1.15387
21	4	1.15561
21	24	1.22499
21	30	1.07796
21	32	1.04719
21	47	1.13361
21	49	1.02776
21	54	1.13373
21	60	1.09354
21	61	1.16627
21	72	1.13947
21	109	1.03857
21	125	1.01287
21	130	0.807255
21	147	1.07127
22	1	1.15198
22	8	1.15193
22	11	1.1744
22	14	1.13166
22	17	1.13817
22	35	1.2135
22	44	1.21834
22	48	1.18854
22	53	0.876162
22	68	0.95501
22	77	0.460773
22	121	0.369545
22	126	2.85181
22	152	0.331591
23	43	1.10368
23	77	0.975495
23	80	1.08271
23	145	0.655158
23	154	1.05257
23	156	1.02369
23	157	0.677773
23	158	1.03549
23	161	0.949597
23	162	0.611667
23	163	1.04789
23	165	1.02537
23	167	1.00322
23	179	0.90026
24	21	1.22499
24	32	1.22497
24	47	1.31139
24	49	1.20554
24	54	1.31151
24	60	1.27132
24	61	1.34405
24	72	1.31724
24	79	0.311669
24	106	0.459265
24	128	0.988901
24	146	0.955925
24	152	0.546155
24	175	2.20526
25	41	0.690825
25	58	0.90757
25	67	1.08928
25	104	1.10436
25	110	1.16207
25	135	1.13895
25	149	1.27301
25	162	1.13713
25	163	1.0701
25	169	1.14869
25	174	1.16371
25	175	0.923226
25	177	1.16196
25	180	1.17065
26	6	0.247968
26	45	0.823473
26	71	1.23152
26	74	1.25042
26	87	0.803501
26	90	1.27534
26	91	0.688105
26	107	1.39302
26	138	1.2665
26	157	1.26552
26	166	1.23648
26	175	1.06265
26	177	1.30139
26	180	1.31008
27	2	1.13507
27	12	0.662456
27	29	1.07942
27	39	0.666714
27	93	1.13899
27	97	1.1323
27	105	1.08441
27	115	1.1146
27	150	1.09596
27	154	1.16011
27	166	1.15882
27	174	1.13802
27	177	1.13627
27	180	1.14496
28	19	1.00142
28	52	1.13518
28	81	1.08623
28	93	1.15555
28	123	1.12868
28	140	1.03524
28	145	1.13356
28	157	1.11696
28	158	0.985416
28	160	0.951868
28	162	1.128
28	163	0.978257
28	177	1.15283
28	180	1.16152
29	19	1.02682
29	20	1.08833
29	27	1.07942
29	40	0.756939
29	83	1.12538
29	101	1.08986
29	103	1.08006
29	144	0.548549
29	169	1.16496
29	171	1.35774
29	174	1.17998
29	177	1.17823
29	178	1.2776
29	180	1.18693
30	4	1.18636
30	21	1.07796
30	32	1.07793
30	33	1.03335
30	49	1.05851
30	54	1.16448
30	60	1.12429
30	61	1.19702
30	72	1.17021
30	88	1.1098
30	114	0.718496
30	120	1.83341
30	163	0.676526
30	167	0.765631
31	7	1.13478
31	15	1.30228
31	51	1.24952
31	76	1.29317
31	77	1.05765
31	84	1.08368
31	89	0.986563
31	120	0.979839
31	143	0.655144
31	155	1.10673
31	161	1.21493
31	166	1.1431
31	167	0.958417
31	175	0.969275
32	4	1.15558
32	21	1.04719
32	24	1.22497
32	30	1.07793
32	47	1.13358
32	49	1.02774
32	54	1.1337
32	60	1.09351
32	61	1.16624
32	68	1.52624
32	72	1.13944
32	77	1.14977
32	154	0.624052
32	156	0.710553
33	30	1.03335
33	47	1.089
33	49	0.983149
33	56	0.746839
33	59	0.731622
33	71	1.02667
33	72	1.09485
33	83	0.673924
33	90	1.07048
33	92	0.880374
33	154	1.02325
33	163	1.01857
33	166	1.03163
33	176	0.850642
33	178	0.897935
34	37	1.26685
34	40	0.40176
34	55	1.34393
34	62	1.33914
34	71	1.19325
34	74	1.21214
34	78	1.34859
34	90	1.23706
34	146	0.903316
34	155	0.706475
34	166	1.1982
35	1	1.24671
35	8	1.24667
35	11	1.26913
35	14	1.22639
35	17	1.23291
35	22	1.2135
35	44	1.31308
35	46	0.944875
35	48	1.28327
35	64	0.339202
35	89	0.989983
35	100	1.02322
35	113	1.43181
35	140	0.413755
35	176	1.30587
36	92	0.935528
36	96	1.05907
36	109	0.900663
36	116	1.1172
36	135	1.12868
36	142	1.11407
36	157	1.11582
36	160	1.09369
36	162	1.12686
36	166	1.0238
36	169	1.13841
36	174	1.15344
36	175	0.912953
36	177	1.15169
36	180	1.16038
37	34	1.26685
37	55	1.31964
37	62	1.15714
37	71	1.16895
37	74	1.18785
37	78	1.3243
37	84	1.40497
37	90	1.21277
37	121	0.626566
37	126	0.945506
37	149	0.489975
37	166	1.17391
38	40	1.29981
38	48	0.00262879
38	67	0.463927
38	83	0.374929
38	85	0.431914
38	136	1.27908
38	137	0.279755
38	146	1.19664
38	161	1.16475
38	163	1.26305
38	164	1.27271
38	170	1.1172
38	173	1.14889
38	178	1.14241
38	179	1.11542
39	27	0.666714
39	70	0.432869
39	81	0.402938
39	117	0.366437
39	139	0.00113765
39	143	1.2527
39	144	1.38683
39	158	1.24199
39	159	1.21882
39	161	1.1561
39	168	1.23674
39	170	1.10855
39	172	1.15129
39	173	1.14024
39	179	1.10677
40	29	0.756939
40	34	0.40176
40	38	1.29981
40	73	1.17477
40	111	1.16495
40	151	1.00576
40	154	1.1206
40	158	1.10352
40	164	1.12559
40	165	1.0934
40	176	0.947996
40	177	0.656168
40	178	0.995288
40	179	0.968296
40	180	0.61744
41	25	0.690825
41	52	0.559044
41	95	1.21017
41	114	1.1368
41	130	1.25303
41	138	0.556849
41	152	1.13668
41	158	1.12452
41	167	1.09225
41	170	0.991075
41	171	1.01605
41	172	1.03381
41	177	0.344188
41	178	1.01628
41	179	0.98929
42	15	0.418983
42	96	0.885305
42	110	0.567977
42	129	1.09841
42	134	0.484641
42	140	1.1074
42	143	1.10515
42	144	1.23928
42	160	1.07676
42	164	1.11651
42	165	1.08433
42	167	1.06218
42	170	0.961004
42	171	0.98598
42	172	1.00374
42	179	0.959219
43	23	1.10368
43	58	1.12591
43	71	0.304433
43	93	0.586934
43	114	1.13483
43	143	1.13325
43	146	1.06854
43	150	0.65325
43	155	1.08472
43	165	1.11243
43	170	0.989103
43	171	1.01408
43	172	1.03184
43	174	0.461805
43	178	1.01431
43	179	0.987319
44	1	1.25155
44	8	1.25151
44	14	1.23123
44	17	1.23775
44	22	1.21834
44	35	1.31308
44	46	0.949715
44	48	1.28811
44	53	0.975735
44	68	1.05458
44	84	0.853128
44	100	1.02806
44	128	5.8
44	141	0.341302
44	147	0.368339
44	175	0.590495
45	26	0.823473
45	58	1.04067
45	65	0.857536
45	94	0.853501
45	97	0.956791
45	114	1.0496
45	133	1.12949
45	155	0.999481
45	160	1.01963
45	163	1.04971
45	168	1.03206
45	171	0.928842
45	172	0.946603
45	173	0.935559
45	176	0.881781
45	178	0.929074
46	11	0.905771
46	35	0.944875
46	44	0.949715
46	48	0.919911
46	89	0.686851
46	90	2.86584
46	98	0.924797
46	145	0.889024
46	154	0.835013
46	156	0.806134
46	162	0.883467
46	167	0.785665
46	172	0.727227
46	173	0.716183
46	177	0.908298
46	180	0.916989
47	4	1.24201
47	21	1.13361
47	24	1.31139
47	32	1.13358
47	33	1.089
47	49	1.11416
47	54	1.22013
47	60	1.17994
47	61	1.25267
47	72	1.22586
47	87	0.339298
47	100	2.17439
47	120	0.76301
47	128	0.897521
47	158	0.327234
47	175	1.28973
48	1	1.22175
48	8	1.2217
48	11	1.24417
48	14	1.20143
48	17	1.20794
48	22	1.18854
48	35	1.28327
48	38	0.00262879
48	44	1.28811
48	46	0.919911
48	68	1.02478
48	92	1.43003
48	98	0.470558
48	100	0.998251
48	120	1.57906
48	151	1.1139
49	4	1.13616
49	21	1.02776
49	24	1.20554
49	30	1.05851
49	32	1.02774
49	33	0.983149
49	47	1.11416
49	54	1.11428
49	60	1.07409
49	61	1.14682
49	72	1.12002
49	128	0.791672
49	152	0.589768
49	163	0.565275
49	175	2.24888
49	178	1.01865
50	65	0.932401
50	69	1.10675
50	117	0.640872
50	123	0.6291
50	125	1.16777
50	147	1.16097
50	148	1.01356
50	156	1.10037
50	162	0.425972
50	163	1.12458
50	165	1.10205
50	168	1.10692
50	171	1.00371
50	178	1.00394
50	179	0.976946
50	180	0.370786
51	7	1.20336
51	15	1.37087
51	18	0.703641
51	31	1.24952
51	66	0.982689
51	69	0.895681
51	76	1.36175
51	77	1.12624
51	84	1.15226
51	89	1.05515
51	120	1.04842
51	143	0.698449
51	155	1.15004
51	165	0.891094
51	166	1.21168
51	175	1.03786
52	28	1.13518
52	41	0.559044
52	53	0.91667
52	80	0.793571
52	106	0.670581
52	108	1.14664
52	127	1.16417
52	134	1.20667
52	145	1.19816
52	150	1.17713
52	158	0.945476
52	162	1.1926
52	173	1.34935
52	174	1.21919
52	177	1.21744
52	180	1.22613
53	4	3
53	17	0.895562
53	22	0.876162
53	44	0.975735
53	52	0.91667
53	100	0.685873
53	113	0.67871
53	124	0.828528
53	139	0.867937
53	144	0.98879
53	153	0.832823
53	159	0.820776
53	172	0.753247
53	174	0.936068
53	180	0.943009
54	21	1.13373
54	24	1.31151
54	30	1.16448
54	32	1.1337
54	47	1.22013
54	49	1.11428
54	60	1.18006
54	61	1.25279
54	72	1.22598
54	88	1.16557
54	95	0.606635
54	128	0.897641
54	136	0.670382
54	161	1.1503
54	166	0.708407
54	179	1.48754
55	34	1.34393
55	37	1.31964
55	71	1.24604
55	74	1.26494
55	78	1.40138
55	90	1.28986
55	113	1.0603
55	126	1.02259
55	144	0.337926
55	151	1.09312
55	158	0.408562
55	164	0.408742
55	166	1.251
55	175	2.08501
56	33	0.746839
56	83	1.10918
56	102	0.746899
56	112	1.07282
56	114	1.1627
56	116	1.12755
56	119	1.1085
56	131	1.1349
56	132	0.823255
56	145	1.14276
56	150	1.12173
56	162	1.1372
56	168	1.06625
56	169	1.14876
56	174	1.16378
56	177	1.16203
56	180	1.17072
57	90	0.0740448
57	91	1.23175
57	105	0.750362
57	127	0.722257
57	152	1.11336
57	158	1.10119
57	163	1.1136
57	164	1.12326
57	165	1.09108
57	168	1.09594
57	170	0.967753
57	171	0.992729
57	172	1.01049
57	174	0.45825
57	178	0.99296
57	179	0.965968
58	8	0.665302
58	25	0.90757
58	43	1.12591
58	45	1.04067
58	82	0.699851
58	102	1.19138
58	118	1.11209
58	129	1.06168
58	141	1.15172
58	163	1.07012
58	164	1.07978
58	167	1.02545
58	172	0.967012
58	176	0.90219
58	177	0.560932
58	178	0.949482
58	179	0.92249
59	33	0.731622
59	63	1.07731
59	83	1.12835
59	89	0.959756
59	108	1.1104
59	122	1.15948
59	130	0.654785
59	136	0.971215
59	150	1.1409
59	154	1.01053
59	157	1.14533
59	159	1.16684
59	162	1.15637
59	169	1.16793
59	174	1.18295
59	177	1.1812
59	180	1.18989
60	4	1.20194
60	21	1.09354
60	24	1.27132
60	30	1.12429
60	32	1.09351
60	47	1.17994
60	49	1.07409
60	54	1.18006
60	61	1.2126
60	68	1.37797
60	72	1.18579
60	88	1.12538
60	89	1.41299
60	91	0.37077
60	128	0.85745
60	163	0.570762
60	170	1.15711
61	4	1.27467
61	21	1.16627
61	24	1.34405
61	30	1.19702
61	32	1.16624
61	47	1.25267
61	49	1.14682
61	54	1.25279
61	60	1.2126
61	72	1.25852
61	88	1.19811
61	92	0.934281
61	126	2.74819
61	128	0.93018
61	141	0.321397
61	146	0.360688
61	148	0.60389
61	166	0.393594
62	7	1.00511
62	14	0.903722
62	34	1.33914
62	37	1.15714
62	76	1.16351
62	128	0.748319
62	153	0.976849
62	166	1.01344
62	169	1.06507
62	171	0.879513
62	172	0.897273
62	173	0.886229
62	174	1.08009
62	175	0.839609
62	177	1.07834
62	178	0.879744
62	180	1.08704
63	59	1.07731
63	82	1.07866
63	94	1.12439
63	106	0.582203
63	117	1.09922
63	127	1.07792
63	131	1.10406
63	135	1.10818
63	138	1.09631
63	145	1.11192
63	161	1.19556
63	163	0.849939
63	164	0.857278
63	169	1.11792
63	174	1.13294
63	177	1.13119
63	179	1.5328
63	180	1.13988
64	35	0.339202
64	122	0.561209
64	123	0.61164
64	124	1.14504
64	130	1.28898
64	138	0.604716
64	146	1.10647
64	159	1.13729
64	161	1.07458
64	163	1.17287
64	164	1.18253
64	167	1.1282
64	171	1.052
64	172	1.06976
64	175	1.0121
64	176	1.00494
64	179	1.02524
64	180	0.353326
65	14	0.722887
65	17	2.87711
65	45	0.857536
65	50	0.932401
65	71	0.895082
65	74	0.913976
65	90	0.938896
65	133	0.966763
65	139	0.898565
65	147	0.923377
65	166	0.900037
65	169	0.951671
65	171	0.766114
65	172	0.783875
65	174	0.966696
65	177	0.964946
65	178	0.766346
65	180	0.973637
66	14	3.6
66	51	0.982689
66	76	1.02634
66	86	0.882975
66	92	0.725019
66	122	0.919454
66	142	0.813305
66	146	0.796812
66	157	0.905311
66	164	0.872878
66	166	0.876271
66	167	0.818546
66	173	0.749065
66	175	0.702444
66	176	0.695287
66	177	0.941179
66	178	0.742579
66	180	0.949871
67	25	1.08928
67	38	0.463927
67	82	1.10987
67	104	1.1048
67	109	0.9174
67	110	1.1625
67	111	1.23216
67	112	1.07318
67	115	1.14073
67	117	1.13043
67	120	0.934229
67	127	1.10913
67	133	0.909541
67	134	1.15164
67	137	1.0853
67	153	1.2518
67	162	1.13757
67	180	1.17109
68	11	1.01064
68	22	0.95501
68	32	1.52624
68	44	1.05458
68	48	1.02478
68	60	1.37797
68	90	0.361633
68	145	0.993892
68	151	0.825042
68	154	0.939882
68	156	0.911002
68	159	0.899625
68	166	0.948258
68	169	0.999892
68	174	1.01492
68	177	1.01317
68	179	0.787574
68	180	1.02186
69	2	0.662776
69	50	1.10675
69	51	0.895681
69	80	1.09615
69	102	1.18259
69	127	0.872085
69	153	1.0378
69	158	1.04893
69	159	1.02575
69	163	1.06133
69	166	1.07438
69	167	1.01666
69	168	1.04368
69	169	0.595319
69	172	0.958222
69	176	0.8934
69	178	0.940693
69	179	0.9137
70	39	0.432869
70	79	0.618611
70	82	1.14061
70	105	1.14128
70	110	1.19325
70	112	1.10393
70	115	1.17147
70	122	1.17142
70	131	1.16601
70	133	0.793975
70	145	1.17387
70	154	0.926263
70	162	1.16831
70	163	1.02125
70	169	1.17987
70	173	1.43229
70	174	1.19489
70	177	1.19314
70	180	1.20183
71	26	1.23152
71	33	1.02667
71	34	1.19325
71	37	1.16895
71	43	0.304433
71	55	1.24604
71	65	0.895082
71	74	1.11425
71	78	1.2507
71	88	1.10312
71	90	1.13917
71	92	0.949059
71	113	0.909612
71	120	1.62452
71	126	0.871907
71	159	0.528963
71	165	0.44612
71	166	1.10031
71	175	2.15124
72	4	1.24786
72	21	1.13947
72	24	1.31724
72	30	1.17021
72	32	1.13944
72	33	1.09485
72	47	1.22586
72	49	1.12002
72	54	1.22598
72	60	1.18579
72	61	1.25852
72	88	1.1713
72	95	0.485098
72	113	1.9672
72	118	0.475926
72	128	0.903376
72	154	0.588159
72	165	0.661623
72	179	1.36601
73	40	1.17477
73	75	0.55285
73	95	1.21124
73	117	0.546849
73	122	0.484647
73	127	0.481052
73	136	1.15403
73	148	1.02698
73	149	1.04975
73	154	1.14268
73	155	1.08777
73	159	1.10242
73	165	1.11548
73	168	1.12034
73	170	0.992153
73	172	1.03489
73	176	0.970068
73	177	0.315492
73	178	1.01736
74	26	1.25042
74	34	1.21214
74	37	1.18785
74	55	1.26494
74	65	0.913976
74	71	1.11425
74	77	1.10229
74	78	1.26959
74	88	1.12201
74	90	1.15806
74	92	0.967953
74	95	0.473503
74	98	0.506832
74	113	0.928506
74	126	0.890801
74	156	0.663065
74	166	1.1192
74	175	2.35515
75	73	0.55285
75	94	1.18415
75	96	1.09833
75	97	1.18699
75	110	1.19106
75	125	0.715706
75	127	1.13768
75	133	0.733544
75	135	1.16794
75	138	1.15607
75	143	0.746652
75	150	1.15065
75	152	0.985312
75	162	1.16612
75	169	1.17768
75	171	1.49433
75	174	1.1927
75	177	1.19095
75	180	1.19964
76	6	0.102824
76	7	1.24701
76	9	1.36403
76	15	1.41452
76	31	1.29317
76	51	1.36175
76	62	1.16351
76	66	1.02634
76	77	1.16989
76	84	1.19592
76	89	1.0988
76	113	1.60099
76	114	0.358912
76	120	1.09207
76	129	0.375452
76	148	0.994406
76	166	1.25534
76	175	1.08151
77	1	1.28717
77	22	0.460773
77	23	0.975495
77	31	1.05765
77	32	1.14977
77	51	1.12624
77	74	1.10229
77	76	1.16989
77	103	0.986548
77	104	1.02713
77	121	0.976422
77	126	0.791414
77	129	0.998323
77	131	1.0576
77	151	0.896602
77	166	1.01982
77	173	0.892611
77	175	0.845991
77	177	1.08473
77	180	1.09342
78	34	1.34859
78	37	1.3243
78	55	1.40138
78	71	1.2507
78	74	1.26959
78	87	0.714751
78	88	1.25846
78	90	1.29451
78	92	1.1044
78	98	0.634627
78	113	1.06495
78	126	1.02725
78	155	1.03677
78	165	0.777824
78	166	1.25565
78	168	0.744866
78	173	1.21038
79	24	0.311669
79	70	0.618611
79	83	0.645179
79	109	1.20576
79	115	0.439151
79	138	0.533483
79	144	1.33735
79	147	1.24131
79	149	1.11666
79	158	1.19251
79	161	1.10662
79	165	1.18239
79	168	1.18726
79	170	1.05907
79	172	1.1018
79	173	1.09076
79	176	1.03698
79	177	0.320821
79	178	1.08427
79	179	1.05728
80	23	1.08271
80	52	0.793571
80	69	1.09615
80	114	1.11387
80	143	1.11228
80	146	1.04758
80	153	1.09045
80	154	1.11866
80	155	1.06375
80	158	1.10158
80	160	1.0839
80	163	1.11398
80	167	1.06931
80	169	0.46751
80	174	0.480269
80	176	0.946053
80	177	0.578715
80	178	0.993345
80	179	0.966353
80	180	0.539987
81	28	1.08623
81	39	0.402938
81	97	1.16451
81	105	1.11662
81	110	1.16858
81	112	1.07926
81	115	1.14681
81	125	0.746206
81	131	1.14135
81	145	1.14921
81	153	1.10631
81	155	1.22874
81	157	1.13261
81	158	0.998477
81	162	1.14365
81	168	0.936838
81	169	1.15521
81	174	1.17023
81	177	1.16848
81	180	1.17717
82	58	0.699851
82	63	1.07866
82	67	1.10987
82	70	1.14061
82	93	1.18527
82	105	1.13069
82	110	1.18266
82	111	0.95772
82	118	0.655159
82	124	0.804082
82	127	1.12929
82	134	1.17179
82	137	1.10546
82	139	1.11617
82	150	1.14225
82	151	1.5541
82	157	1.14669
82	168	0.807898
82	169	1.16928
82	180	1.19125
83	3	1.03318
83	29	1.12538
83	33	0.673924
83	38	0.374929
83	56	1.10918
83	59	1.12835
83	79	0.645179
83	85	1.13695
83	104	1.12463
83	110	1.18233
83	123	1.15808
83	124	0.989521
83	134	1.17146
83	139	1.11585
83	152	1.07231
83	159	1.10914
83	162	1.1574
83	174	1.18398
83	177	1.18223
83	180	1.19092
84	17	0.735399
84	31	1.08368
84	37	1.40497
84	44	0.853128
84	51	1.15226
84	76	1.19592
84	90	0.672343
84	104	1.05316
84	108	1.03996
84	128	0.78073
84	148	0.921778
84	166	1.04585
84	168	1.01514
84	171	0.911923
84	173	0.91864
84	174	1.11251
84	175	0.87202
84	176	0.864862
84	178	0.912155
84	180	1.11945
85	38	0.431914
85	83	1.13695
85	88	0.737478
85	96	1.09719
85	105	1.13795
85	110	1.18991
85	125	0.859689
85	127	1.13654
85	135	1.1668
85	137	1.11271
85	150	1.1495
85	152	1.12929
85	162	1.16498
85	165	1.08328
85	167	1.19391
85	169	1.17653
85	174	1.19156
85	175	0.951073
85	177	1.18981
85	180	1.1985
86	3	0.946529
86	20	0.876549
86	66	0.882975
86	104	0.408495
86	109	1.09976
86	117	0.560091
86	130	1.21503
86	132	1.21079
86	133	1.1787
86	137	0.557917
86	144	1.23135
86	146	1.03251
86	156	1.07471
86	161	1.00062
86	167	1.05425
86	171	0.978047
86	172	0.995808
86	173	0.984764
86	176	0.930986
86	178	0.978279
86	179	0.951287
87	7	0.364991
87	26	0.803501
87	47	0.339298
87	78	0.714751
87	127	0.804425
87	142	1.13907
87	143	1.18728
87	148	1.07797
87	151	1.07882
87	153	1.16545
87	155	1.13875
87	156	1.16478
87	164	1.19864
87	165	1.16646
87	167	1.14431
87	171	1.06811
87	172	1.08587
87	173	1.07483
87	178	1.06834
87	179	1.04135
87	180	0.600136
88	3	0.973931
88	11	0.587475
88	30	1.1098
88	54	1.16557
88	60	1.12538
88	61	1.19811
88	71	1.10312
88	72	1.1713
88	74	1.12201
88	78	1.25846
88	85	0.737478
88	90	1.14694
88	143	1.09332
88	145	0.416085
88	153	1.07149
88	162	0.372594
88	164	1.10468
88	165	1.0725
88	166	1.10808
88	170	0.949177
88	174	0.25769
89	11	1.79703
89	31	0.986563
89	35	0.989983
89	46	0.686851
89	51	1.05515
89	59	0.959756
89	60	1.41299
89	76	1.0988
89	107	0.8395
89	114	0.935558
89	127	0.960368
89	138	0.978752
89	145	0.994362
89	147	0.972068
89	152	0.935431
89	159	0.900095
89	163	0.935674
89	166	0.948727
89	175	0.774901
89	178	0.815036
89	180	1.02233
90	9	1.03067
90	26	1.27534
90	33	1.07048
90	34	1.23706
90	37	1.21277
90	46	2.86584
90	55	1.28986
90	57	0.0740448
90	65	0.938896
90	68	0.361633
90	71	1.13917
90	74	1.15806
90	78	1.29451
90	84	0.672343
90	88	1.14694
90	92	0.992873
90	111	0.361421
90	113	0.953426
90	126	0.915721
90	166	1.14412
90	172	0.489248
91	26	0.688105
91	57	1.23175
91	60	0.37077
91	134	0.542289
91	141	1.27892
91	143	1.19561
91	149	1.10907
91	150	0.616468
91	151	1.08715
91	158	1.18491
91	161	1.09902
91	167	1.15264
91	169	0.412263
91	170	1.05147
91	171	1.07644
91	172	1.0942
91	173	1.08316
91	174	0.425023
91	176	1.02938
91	178	1.07668
91	179	1.04968
92	8	1.83569
92	33	0.880374
92	36	0.935528
92	48	1.43003
92	61	0.934281
92	66	0.725019
92	71	0.949059
92	74	0.967953
92	78	1.1044
92	90	0.992873
92	124	0.913133
92	157	0.983055
92	161	0.842667
92	164	0.950622
92	166	0.954015
92	168	0.923306
92	172	0.837853
92	174	1.02067
92	176	0.773031
92	177	1.01892
92	180	1.02761
93	5	0.288432
93	19	1.08639
93	20	1.1479
93	27	1.13899
93	28	1.15555
93	43	0.586934
93	82	1.18527
93	94	1.231
93	99	1.14078
93	111	0.845485
93	112	1.14859
93	121	1.08965
93	122	1.21608
93	155	0.987566
93	157	1.20194
93	159	0.811465
93	169	1.22453
93	171	1.28365
93	174	1.23955
93	175	0.999069
93	177	1.2378
93	180	1.2465
94	10	0.659103
94	45	0.853501
94	63	1.12439
94	75	1.18415
94	93	1.231
94	96	1.13566
94	99	1.13125
94	100	0.979831
94	133	0.690849
94	137	1.15118
94	138	1.19339
94	139	1.1619
94	141	0.704372
94	145	1.209
94	149	1.12104
94	150	1.18797
94	160	0.891736
94	164	0.925463
94	169	1.215
94	174	1.23003
94	177	1.22828
94	180	1.23697
95	41	1.21017
95	54	0.606635
95	72	0.485098
95	73	1.21124
95	74	0.473503
95	104	0.605173
95	137	0.754596
95	147	1.1888
95	150	0.618412
95	151	1.04224
95	156	1.1282
95	158	1.14
95	159	1.11683
95	160	1.12232
95	166	1.16546
95	168	1.13475
95	171	1.03154
95	172	1.0493
95	173	1.03825
95	176	0.984475
95	178	1.03177
95	179	1.00477
96	36	1.05907
96	42	0.885305
96	75	1.09833
96	85	1.09719
96	94	1.13566
96	97	1.1385
96	104	1.08486
96	115	1.12079
96	122	1.12074
96	130	0.692214
96	137	1.06537
96	142	1.13693
96	144	0.867263
96	150	1.10216
96	157	1.10659
96	160	1.11656
96	165	1.12142
96	169	1.12919
96	174	1.14421
96	175	0.903727
96	177	1.14246
96	180	1.15115
97	16	0.506534
97	27	1.1323
97	45	0.956791
97	75	1.18699
97	81	1.16451
97	96	1.1385
97	101	1.14274
97	104	1.17352
97	119	1.17758
97	122	1.20939
97	132	0.723937
97	134	1.22035
97	135	1.20811
97	139	1.16474
97	144	0.745732
97	147	0.834699
97	152	1.04591
97	163	1.02141
97	169	1.21784
97	175	0.992382
97	177	1.23112
97	180	1.23981
98	6	1.36111
98	46	0.924797
98	48	0.470558
98	74	0.506832
98	78	0.634627
98	99	0.590432
98	110	0.660897
98	119	0.697377
98	121	1.14328
98	140	1.17417
98	142	1.12371
98	148	1.0626
98	159	1.13804
98	161	1.07533
98	163	1.17362
98	168	1.15596
98	171	1.05275
98	172	1.07051
98	173	1.05947
98	176	1.00569
98	178	1.05298
98	179	1.02599
99	93	1.14078
99	94	1.13125
99	98	0.590432
99	112	1.04884
99	115	1.11639
99	116	1.10357
99	117	1.10609
99	129	0.813662
99	132	0.457675
99	134	1.1273
99	135	1.11505
99	137	1.06096
99	138	1.10318
99	150	1.09775
99	169	1.12479
99	171	1.28866
99	172	1.24216
99	174	1.13981
99	175	0.899325
99	177	1.13806
99	179	1.43801
99	180	1.14675
100	7	2.22561
100	9	0.80827
100	14	0.941371
100	19	0.835224
100	35	1.02322
100	44	1.02806
100	47	2.17439
100	48	0.998251
100	53	0.685873
100	94	0.979831
100	120	0.758467
100	126	0.693326
100	151	0.798514
100	153	0.885144
100	155	0.858446
100	161	0.810382
100	162	0.961807
100	164	0.918337
100	168	0.891021
100	174	0.988389
100	176	0.740746
100	180	0.99533
101	12	0.378402
101	29	1.08986
101	97	1.14274
101	103	1.04853
101	104	1.08911
101	105	1.09485
101	119	1.09317
101	135	1.1237
101	138	1.11182
101	139	1.08033
101	145	1.12743
101	150	1.1064
101	158	0.978199
101	159	1.03236
101	166	0.874765
101	168	0.91656
101	169	1.13343
101	174	1.14846
101	175	0.907973
101	177	1.14671
101	179	1.6539
101	180	1.1554
102	8	0.453997
102	56	0.746899
102	58	1.19138
102	69	1.18259
102	112	0.505473
102	118	1.24239
102	124	1.17259
102	130	1.31653
102	134	0.368448
102	142	1.15051
102	149	1.11217
102	150	0.442627
102	154	1.2051
102	155	1.15019
102	158	1.18802
102	168	1.18277
102	170	1.05458
102	171	1.07955
102	173	1.08627
102	176	1.03249
102	177	0.349627
102	179	1.05279
102	180	0.310899
103	13	1.09379
103	29	1.08006
103	77	0.986548
103	101	1.04853
103	105	1.08505
103	117	1.10493
103	123	1.11275
103	127	1.08364
103	131	1.10978
103	137	1.05981
103	145	1.11763
103	153	1.00801
103	157	1.10104
103	162	1.11207
103	163	0.893028
103	164	0.900366
103	166	0.796752
103	169	1.12363
103	172	1.38004
103	175	0.89817
103	177	1.13691
103	178	1.3464
103	180	1.1456
104	25	1.10436
104	67	1.1048
104	77	1.02713
104	83	1.12463
104	84	1.05316
104	86	0.408495
104	95	0.605173
104	96	1.08486
104	97	1.17352
104	101	1.08911
104	109	0.583805
104	115	1.15582
104	117	1.14551
104	119	1.12395
104	123	1.15333
104	146	1.23748
104	162	1.15265
104	164	0.81056
104	169	1.16421
104	171	1.33673
104	174	1.17923
104	177	1.17748
104	178	1.25659
104	180	1.18618
105	2	1.18202
105	5	0.455414
105	27	1.08441
105	57	0.750362
105	70	1.14128
105	81	1.11662
105	82	1.13069
105	85	1.13795
105	101	1.09485
105	103	1.08505
105	117	1.15125
105	125	0.672013
105	126	0.889912
105	135	1.16021
105	138	1.14834
105	142	0.911113
105	147	0.730411
105	157	1.14736
105	169	1.16995
105	173	1.32816
105	174	1.18497
105	177	1.18322
105	178	1.3705
105	180	1.19192
106	18	1.20065
106	24	0.459265
106	52	0.670581
106	63	0.582203
106	114	1.17176
106	118	1.21384
106	125	1.21507
106	130	1.28799
106	135	0.492464
106	138	0.668386
106	141	1.25348
106	149	1.08363
106	151	1.06172
106	159	1.1363
106	160	1.14179
106	161	1.07358
106	163	1.17188
106	169	0.344519
106	171	1.05101
106	173	1.05773
106	176	1.00395
106	177	0.455725
106	178	1.05124
106	179	1.02425
107	26	1.39302
107	89	0.8395
107	115	1.34671
107	120	0.832775
107	121	0.952643
107	139	1.09444
107	140	0.983538
107	141	1.06459
107	142	0.933073
107	143	0.981286
107	147	1.01938
107	148	0.87197
107	153	0.959452
107	160	0.9529
107	164	0.992645
107	166	0.996038
107	168	0.965329
107	171	0.862115
107	172	0.879876
107	176	0.815054
107	178	0.862347
107	179	0.835355
108	13	1.12117
108	52	1.14664
108	59	1.1104
108	84	1.03996
108	117	1.13231
108	118	0.667777
108	119	1.11075
108	123	1.14013
108	127	1.11102
108	130	0.424267
108	134	1.15352
108	138	1.1294
108	139	1.0979
108	147	0.688282
108	149	1.07791
108	150	1.12398
108	157	1.12842
108	167	0.964103
108	169	1.15101
108	171	1.40851
108	174	1.16604
108	177	1.16429
108	179	1.55786
108	180	1.17298
109	21	1.03857
109	36	0.900663
109	67	0.9174
109	79	1.20576
109	86	1.09976
109	104	0.583805
109	111	1.12903
109	116	0.47036
109	132	1.19188
109	133	1.15979
109	136	1.09604
109	141	1.16161
109	146	1.0136
109	148	0.968991
109	149	0.991758
109	152	1.07976
109	158	1.0676
109	159	1.04443
109	160	1.04992
109	162	0.520502
109	171	0.959137
109	172	0.976898
109	176	0.912076
109	178	0.959368
109	179	0.932376
110	25	1.16207
110	42	0.567977
110	67	1.1625
110	70	1.19325
110	75	1.19106
110	81	1.16858
110	82	1.18266
110	83	1.18233
110	85	1.18991
110	98	0.660897
110	116	1.2007
110	127	1.18192
110	131	1.20806
110	137	1.15809
110	139	1.16881
110	140	0.882595
110	144	0.549935
110	157	1.19932
110	160	0.799228
110	162	1.21036
110	166	0.729341
110	173	1.23665
110	175	0.996452
110	178	1.27899
110	180	1.24388
111	17	0.414254
111	40	1.16495
111	67	1.23216
111	82	0.95772
111	90	0.361421
111	93	0.845485
111	109	1.12903
111	128	0.876122
111	141	1.20979
111	142	1.07827
111	155	1.07795
111	156	1.10398
111	157	0.901366
111	160	1.0981
111	163	1.12818
111	165	1.10566
111	167	1.08351
111	170	0.982339
111	171	1.00732
111	172	1.02508
111	173	1.01403
111	175	0.967412
111	176	0.960254
111	178	1.00755
111	179	0.980554
112	13	1.10275
112	56	1.07282
112	67	1.07318
112	70	1.10393
112	81	1.07926
112	93	1.14859
112	99	1.04884
112	102	0.505473
112	116	1.11138
112	117	1.11389
112	126	0.852554
112	131	1.11874
112	132	0.581829
112	134	1.1351
112	137	1.06877
112	139	1.07949
112	157	1.11
112	161	1.22492
112	164	0.886645
112	167	0.968411
112	169	1.13259
112	170	1.46565
112	173	1.29034
112	174	1.14762
112	177	1.14587
112	180	1.15456
113	35	1.43181
113	53	0.67871
113	55	1.0603
113	71	0.909612
113	72	1.9672
113	74	0.928506
113	76	1.60099
113	78	1.06495
113	90	0.953426
113	122	0.957751
113	125	0.944705
113	141	0.983118
113	145	0.960202
113	148	0.790499
113	158	0.889109
113	161	0.80322
113	162	0.954645
113	163	0.901514
113	166	0.914567
113	168	0.883859
113	169	0.966202
113	176	0.733584
113	177	0.979476
113	179	0.753884
113	180	0.988167
114	30	0.718496
114	41	1.1368
114	43	1.13483
114	45	1.0496
114	56	1.1627
114	76	0.358912
114	80	1.11387
114	89	0.935558
114	106	1.17176
114	129	1.0706
114	136	1.09508
114	142	1.02913
114	147	1.11544
114	151	0.96888
114	152	1.0788
114	154	1.08372
114	158	1.06664
114	161	0.980749
114	162	0.781889
114	167	1.03437
114	169	0.654226
114	170	0.933197
114	174	0.666985
114	176	0.911112
114	178	0.958405
114	179	0.931412
115	27	1.1146
115	67	1.14073
115	70	1.17147
115	79	0.439151
115	81	1.14681
115	96	1.12079
115	99	1.11639
115	104	1.15582
115	107	1.34671
115	116	1.17893
115	122	1.19169
115	123	1.18926
115	128	0.88339
115	132	0.544313
115	150	1.17311
115	157	1.17755
115	160	0.815402
115	162	1.18858
115	166	0.745515
115	167	0.930895
115	168	0.787309
115	169	1.20014
115	174	1.21517
115	177	1.21341
115	178	1.29516
115	180	1.22211
116	3	1.05155
116	36	1.1172
116	56	1.12755
116	99	1.10357
116	109	0.47036
116	110	1.2007
116	112	1.11138
116	115	1.17893
116	119	1.14706
116	129	0.748287
116	131	1.17347
116	134	1.18983
116	137	1.1235
116	138	1.16571
116	139	1.13422
116	144	0.414094
116	152	0.714269
116	153	0.804763
116	155	0.927198
116	162	1.17577
116	169	1.18732
116	170	1.27612
116	174	1.20235
116	176	1.84789
116	177	1.2006
116	180	1.20929
117	39	0.366437
117	50	0.640872
117	63	1.09922
117	67	1.13043
117	73	0.546849
117	86	0.560091
117	99	1.10609
117	103	1.10493
117	104	1.14551
117	105	1.15125
117	108	1.13231
117	112	1.11389
117	122	1.18138
117	127	1.14984
117	134	1.19234
117	136	0.820517
117	138	1.16822
117	139	1.13673
117	140	1.0118
117	158	0.961977
117	162	1.17828
117	169	1.18983
117	172	1.44183
117	174	1.20486
117	177	1.20311
117	180	1.2118
118	58	1.11209
118	72	0.475926
118	82	0.655159
118	102	1.24239
118	106	1.21384
118	108	0.667777
118	127	0.681801
118	128	0.869062
118	132	1.233
118	138	0.728902
118	141	1.20273
118	142	1.07121
118	145	0.576189
118	151	1.01096
118	153	1.09759
118	154	1.1258
118	158	1.10872
118	161	1.02283
118	163	1.12112
118	164	1.13079
118	168	1.10347
118	171	1.00026
118	173	1.00697
118	176	0.953194
118	178	1.00049
118	179	0.973495
118	180	0.477512
119	20	1.09164
119	56	1.1085
119	97	1.17758
119	98	0.697377
119	101	1.09317
119	104	1.12395
119	108	1.11075
119	116	1.14706
119	122	1.15982
119	125	0.616983
119	128	0.851522
119	135	1.15854
119	137	1.10445
119	138	1.14666
119	141	0.648344
119	145	1.16227
119	150	1.14124
119	156	0.85361
119	161	1.20771
119	162	1.15672
119	163	0.862096
119	169	1.16827
119	171	1.39561
119	174	1.1833
119	175	0.942812
119	177	1.18155
119	178	1.31547
119	180	1.19024
120	7	0.933678
120	15	1.10119
120	30	1.83341
120	31	0.979839
120	47	0.76301
120	48	1.57906
120	51	1.04842
120	67	0.934229
120	71	1.62452
120	76	1.09207
120	100	0.758467
120	107	0.832775
120	138	0.972028
120	143	0.927251
120	144	1.06138
120	148	0.817934
120	155	0.878719
120	156	0.904748
120	157	0.971043
120	160	0.898865
120	166	0.942003
120	169	0.993637
120	170	0.783104
120	174	1.00866
120	175	0.768176
120	176	0.761019
120	177	1.00691
120	178	0.808312
120	180	1.0156
121	2	1.01922
121	5	1.24159
121	22	0.369545
121	37	0.626566
121	77	0.976422
121	93	1.08965
121	98	1.14328
121	107	0.952643
121	124	1.02099
121	129	1.04038
121	140	1.04937
121	144	1.18125
121	148	0.937802
121	150	1.15597
121	151	0.938654
121	155	0.998586
121	156	1.02461
121	159	1.01324
121	161	0.950523
121	163	1.04882
121	164	1.05848
121	165	1.02629
121	168	1.03116
121	170	0.902971
121	171	0.927948
121	172	0.945709
121	174	0.964522
121	175	0.888044
121	179	0.901187
122	59	1.15948
122	64	0.561209
122	66	0.919454
122	70	1.17142
122	73	0.484647
122	93	1.21608
122	96	1.12074
122	97	1.20939
122	113	0.957751
122	115	1.19169
122	117	1.18138
122	119	1.15982
122	134	1.20259
122	135	1.19035
122	137	1.13626
122	140	0.949594
122	145	1.19408
122	147	0.7059
122	150	1.17305
122	155	1.13004
122	157	1.17749
122	159	0.953936
122	162	1.18853
122	166	0.79634
122	168	0.838135
122	172	1.37963
122	174	1.21511
122	177	1.21336
122	180	1.22205
123	16	0.428166
123	19	1.05952
123	28	1.12868
123	50	0.6291
123	64	0.61164
123	83	1.15808
123	103	1.11275
123	104	1.15333
123	108	1.14013
123	115	1.18926
123	127	1.15766
123	134	1.20017
123	135	1.18792
123	138	1.17605
123	142	0.937034
123	144	0.667365
123	145	1.19166
123	150	1.17062
123	157	1.17506
123	162	1.1861
123	163	0.943047
123	165	0.921524
123	166	0.846771
123	169	1.19766
123	170	1.52939
123	174	1.21268
123	175	0.972196
123	177	1.21093
123	180	1.21962
124	53	0.828528
124	64	1.14504
124	82	0.804082
124	83	0.989521
124	92	0.913133
124	102	1.17259
124	121	1.02099
124	125	1.09452
124	130	1.16744
124	135	0.701903
124	138	0.877825
124	139	0.531221
124	140	1.05188
124	141	1.13293
124	142	1.00142
124	147	1.08772
124	151	0.941168
124	154	1.05601
124	155	1.0011
124	158	1.03893
124	161	0.953037
124	165	1.02881
124	167	1.00666
124	168	1.03368
124	173	0.937178
124	174	0.566717
124	176	0.883401
124	179	0.903701
125	10	1.18218
125	11	0.709686
125	21	1.01287
125	50	1.16777
125	75	0.715706
125	81	0.746206
125	85	0.859689
125	105	0.672013
125	106	1.21507
125	113	0.944705
125	119	0.616983
125	124	1.09452
125	132	1.23423
125	136	1.13839
125	146	1.05595
125	147	1.15874
125	151	1.01219
125	153	1.09882
125	154	1.12703
125	156	1.09815
125	158	1.10995
125	159	1.08677
125	164	1.13201
125	167	1.07768
125	168	1.1047
125	170	0.976505
125	173	1.0082
125	174	0.379902
125	178	1.00171
125	179	0.97472
126	22	2.85181
126	37	0.945506
126	55	1.02259
126	61	2.74819
126	71	0.871907
126	74	0.890801
126	77	0.791414
126	78	1.02725
126	90	0.915721
126	100	0.693326
126	105	0.889912
126	112	0.852554
126	129	0.855368
126	133	0.943589
126	150	0.901464
126	155	0.813578
126	157	0.905903
126	163	0.863809
126	166	0.876862
126	168	0.846154
126	169	0.928497
126	170	0.717963
126	171	0.74294
126	173	0.749656
126	174	0.943521
126	178	0.743171
126	179	0.716179
126	180	0.950463
127	52	1.16417
127	57	0.722257
127	63	1.07792
127	67	1.10913
127	69	0.872085
127	73	0.481052
127	75	1.13768
127	82	1.12929
127	85	1.13654
127	87	0.804425
127	89	0.960368
127	103	1.08364
127	108	1.11102
127	110	1.18192
127	117	1.14984
127	118	0.681801
127	123	1.15766
127	129	0.947531
127	131	1.15469
127	134	1.17105
127	137	1.10472
127	155	1.12644
127	157	1.14595
127	162	1.15698
127	164	0.89636
127	168	0.83454
127	169	1.16854
127	174	1.18357
127	175	0.94308
127	177	1.18182
127	180	1.19051
128	24	0.988901
128	44	5.8
128	47	0.897521
128	49	0.791672
128	54	0.897641
128	60	0.85745
128	61	0.93018
128	62	0.748319
128	72	0.903376
128	84	0.78073
128	111	0.876122
128	115	0.88339
128	118	0.869062
128	119	0.851522
128	134	0.894295
128	140	0.827649
128	141	0.9087
128	145	0.885784
128	147	0.86349
128	161	0.728802
128	162	0.880227
128	170	0.68125
128	171	0.706227
128	172	0.723988
128	175	0.666323
128	176	0.659166
128	177	0.905059
128	179	0.679466
128	180	0.91375
129	10	1.13055
129	16	1.22058
129	42	1.09841
129	58	1.06168
129	76	0.375452
129	77	0.998323
129	99	0.813662
129	114	1.0706
129	116	0.748287
129	121	1.04038
129	126	0.855368
129	127	0.947531
129	142	1.02081
129	143	1.06902
129	144	1.20315
129	145	0.84192
129	147	1.10711
129	148	0.959703
129	149	0.98247
129	150	0.87497
129	151	0.960556
129	152	1.07047
129	154	1.0754
129	156	1.04652
129	165	1.04819
129	167	1.02605
129	170	0.924872
129	173	0.956566
129	178	0.95008
129	179	0.923088
129	180	0.743243
130	19	1.03965
130	20	0.820545
130	21	0.807255
130	41	1.25303
130	59	0.654785
130	64	1.28898
130	86	1.21503
130	96	0.692214
130	102	1.31653
130	106	1.28799
130	108	0.424267
130	124	1.16744
130	132	1.30715
130	139	0.138788
130	142	1.14536
130	143	1.19357
130	146	1.12886
130	148	1.08425
130	149	1.10702
130	151	1.08511
130	152	1.19503
130	153	1.17174
130	154	1.19995
130	162	0.289187
130	165	1.17275
130	169	0.161524
130	170	1.04942
130	173	1.08112
130	176	1.02734
130	178	1.07463
130	179	1.04764
130	180	0.234002
131	3	1.05891
131	12	0.29055
131	56	1.1349
131	63	1.10406
131	70	1.16601
131	77	1.0576
131	81	1.14135
131	103	1.10978
131	110	1.20806
131	112	1.11874
131	116	1.17347
131	127	1.15469
131	132	0.585712
131	133	0.655914
131	135	1.18494
131	137	1.13086
131	138	1.17307
131	139	1.14157
131	141	0.669436
131	145	1.18868
131	146	1.31745
131	148	1.56065
131	157	1.17209
131	158	0.890348
131	162	1.18312
131	164	0.890527
131	167	0.972294
131	169	1.19468
131	172	1.3702
131	174	1.2097
131	175	0.969218
131	177	1.20795
131	180	1.21665
132	11	0.657322
132	56	0.823255
132	86	1.21079
132	97	0.723937
132	99	0.457675
132	109	1.19188
132	112	0.581829
132	115	0.544313
132	118	1.233
132	125	1.23423
132	130	1.30715
132	131	0.585712
132	137	0.655167
132	141	1.27264
132	144	1.32347
132	146	1.12463
132	151	1.08087
132	154	1.19571
132	159	1.15546
132	160	1.16095
132	161	1.09274
132	164	1.2007
132	165	1.16851
132	170	1.04519
132	171	1.07017
132	172	1.08793
132	173	1.07688
132	174	0.327538
132	175	1.03026
132	176	1.02311
132	178	1.0704
132	179	1.04341
132	180	0.387256
133	8	0.600555
133	12	1.29179
133	45	1.12949
133	65	0.966763
133	67	0.909541
133	70	0.793975
133	75	0.733544
133	86	1.1787
133	94	0.690849
133	109	1.15979
133	126	0.943589
133	131	0.655914
133	138	0.708847
133	142	1.10903
133	148	1.04792
133	149	1.07069
133	151	1.04878
133	152	1.1587
133	153	1.13541
133	155	1.10871
133	160	1.12885
133	161	1.06065
133	163	1.15894
133	164	1.1686
133	168	1.14128
133	170	1.01309
133	171	1.03807
133	172	1.05583
133	173	1.04479
133	174	0.39774
133	176	0.991009
133	178	1.0383
133	179	1.01131
133	180	0.457457
134	3	1.07527
134	42	0.484641
134	52	1.20667
134	67	1.15164
134	82	1.17179
134	83	1.17146
134	91	0.542289
134	97	1.22035
134	99	1.1273
134	102	0.368448
134	108	1.15352
134	112	1.1351
134	116	1.18983
134	117	1.19234
134	122	1.20259
134	123	1.20017
134	127	1.17105
134	128	0.894295
134	137	1.14722
134	138	1.18944
134	139	1.15794
134	142	0.736268
134	148	1.41975
134	149	0.945197
134	150	1.18401
134	153	0.857268
134	157	1.18845
134	162	1.19949
134	163	0.742281
134	165	0.720758
134	169	1.21105
134	171	1.27579
134	174	1.22607
134	178	1.19565
134	180	1.23301
135	5	0.298488
135	20	1.12217
135	25	1.13895
135	36	1.12868
135	63	1.10818
135	75	1.16794
135	85	1.1668
135	97	1.20811
135	99	1.11505
135	101	1.1237
135	105	1.16021
135	106	0.492464
135	119	1.15854
135	122	1.19035
135	123	1.18792
135	124	0.701903
135	131	1.18494
135	136	0.6259
135	137	1.13498
135	138	1.17719
135	139	1.14569
135	140	0.817179
135	150	1.17177
135	154	0.665213
135	157	1.17621
135	161	1.10582
135	162	1.18724
135	165	0.738678
135	169	1.1988
135	173	1.17124
135	174	1.21382
135	177	1.21207
135	178	1.21357
135	179	1.44306
135	180	1.22077
136	13	0.737195
136	38	1.27908
136	54	0.670382
136	59	0.971215
136	73	1.15403
136	109	1.09604
136	114	1.09508
136	117	0.820517
136	125	1.13839
136	135	0.6259
136	137	0.818343
136	139	0.455218
136	145	0.649109
136	146	1.02879
136	147	1.13159
136	151	0.985033
136	152	1.09495
136	154	1.09987
136	155	1.04496
