1	19	0.858995
1	85	0.906664
1	108	1.03672
1	135	0.929585
1	157	1.02075
1	158	0.961101
1	159	1.06884
1	164	1.10485
1	165	1.04232
1	167	1.10974
1	173	1.06541
1	177	1.07198
2	53	1.0354
2	54	0.955424
2	60	1.15964
2	85	0.96209
2	87	1.0397
2	108	1.09214
2	122	0.395335
2	141	1.10321
2	145	2.94398
2	153	1.05823
2	175	0.153674
2	176	4.63127
3	24	1.04047
3	50	0.779601
3	123	1.01539
3	149	1.03336
3	152	0.949218
3	163	0.975995
3	165	1.04076
3	170	1.0563
3	171	1.08812
3	172	1.07868
3	173	1.06385
3	177	1.07042
4	28	0.941209
4	46	1.12077
4	74	0.971115
4	99	0.986322
4	126	1.19325
4	149	1.12788
4	168	0.901568
4	171	0.904979
4	174	0.920929
4	178	0.943987
4	179	0.935395
4	180	0.894713
5	106	0.824585
5	111	0.895399
5	154	1.07497
5	157	1.06517
5	158	1.05677
5	165	0.833697
5	169	1.02907
5	173	0.866788
5	174	1.05866
5	175	1.00624
5	179	1.07313
5	180	1.03245
6	135	1.0402
6	137	0.744454
6	151	1.04968
6	154	1.07042
6	158	1.05223
6	159	0.870547
6	169	1.02453
6	171	1.03817
6	173	0.922837
6	174	1.05412
6	177	0.881868
6	179	1.06859
7	30	1.25251
7	69	0.907973
7	103	0.966114
7	149	0.939419
7	150	1.30416
7	155	0.974958
7	159	1.09648
7	170	0.962359
7	172	0.984738
7	173	0.969908
7	176	0.719303
7	177	0.976482
8	30	0.937615
8	63	1.33294
8	79	0.974415
8	131	0.949774
8	136	0.963177
8	138	0.874731
8	147	0.966258
8	164	1.03596
8	171	0.910191
8	172	1.09727
8	175	0.873718
8	178	0.949199
9	57	1.088
9	85	0.940917
9	87	1.01853
9	108	1.07097
9	120	0.944954
9	128	1.05508
9	149	1.06917
9	151	1.06527
9	159	0.849724
9	164	0.813581
9	167	0.818937
9	173	1.09966
10	111	1.02999
10	123	1.01783
10	129	1.03008
10	147	0.929079
10	163	0.907724
10	165	1.0432
10	170	1.05875
10	172	1.08112
10	173	1.06629
10	174	1.00751
10	177	1.07287
10	178	0.952646
11	136	0.942849
11	148	1.0139
11	156	1.0464
11	159	1.03225
11	160	1.04204
11	161	1.0558
11	162	0.97765
11	164	1.06825
11	166	1.07177
11	167	1.07314
11	174	0.979824
11	178	0.924965
12	50	1.00637
12	116	0.920526
12	140	0.928507
12	141	0.957034
12	155	0.979706
12	165	0.951565
12	169	1.3538
12	170	0.967107
12	172	0.989486
12	176	0.724051
12	177	0.98123
12	180	1.38808
13	29	1.11795
13	47	0.568392
13	49	0.735751
13	72	0.532769
13	155	0.850912
13	160	0.859086
13	166	0.888813
13	167	0.89019
13	169	0.786317
13	170	0.838313
13	172	0.860692
13	176	0.595257
14	73	1.64037
14	114	0.819687
14	146	1.85122
14	154	0.869206
14	157	0.859411
14	158	0.851008
14	168	0.833541
14	169	0.823311
14	171	0.836952
14	175	0.800479
14	178	0.87596
14	180	0.826686
15	45	1.15507
15	125	1.1358
15	132	0.90889
15	142	0.902506
15	150	0.930711
15	151	0.931371
15	157	0.942319
15	162	0.93725
15	167	1.156
15	174	0.935811
15	178	0.958869
15	179	0.950277
16	64	1.10842
16	118	1.1773
16	126	0.91269
16	127	0.897192
16	133	0.936003
16	140	0.909539
16	146	0.932579
16	165	0.932596
16	170	0.948138
16	172	0.970517
16	177	0.962261
16	180	1.45502
17	86	0.978028
17	115	0.945595
17	123	1.01909
17	133	1.04787
17	140	1.0214
17	146	1.04444
17	157	0.951516
17	158	0.891864
17	165	1.04446
17	172	1.08238
17	173	1.06755
17	177	1.07412
18	77	0.75804
18	113	1.01886
18	136	1.09393
18	151	1.05246
18	163	1.0701
18	165	0.894274
18	166	0.868528
18	168	1.03753
18	171	1.04095
18	175	1.00447
18	177	0.886397
18	178	1.07995
19	1	0.858995
19	63	1.1516
19	78	1.06892
19	131	1.03445
19	154	1.02712
19	160	0.902542
19	164	0.854622
19	169	0.981227
19	171	0.994868
19	174	1.01082
19	175	0.958395
19	178	1.03388
19	180	0.984602
20	43	0.995135
20	91	0.820255
20	104	1.02612
20	124	1.20359
20	129	1.02933
20	136	1.05516
20	140	1.0194
20	145	0.821704
20	149	1.03506
20	165	1.04245
20	170	1.058
20	177	1.07212
20	179	1.0172
21	29	1.08075
21	44	1.03377
21	53	0.991101
21	54	0.911123
21	60	1.11534
21	85	0.917789
21	87	0.995402
21	108	1.04784
21	151	0.937099
21	153	1.01393
21	163	0.932435
21	174	1.03222
21	175	1.19501
22	81	1.31644
22	107	0.953093
22	109	0.710491
22	115	0.902589
22	141	1.15946
22	154	0.953593
22	157	0.943798
22	158	0.935395
22	160	1.28072
22	174	0.937289
22	175	0.884867
22	178	0.960347
22	180	0.911074
23	71	1.17717
23	105	0.814649
23	118	0.863105
23	119	1.11051
23	129	1.04336
23	135	0.941017
23	144	0.801292
23	149	1.04909
23	165	1.05649
23	170	1.07203
23	172	1.09441
23	173	1.07958
23	177	1.08615
24	3	1.04047
24	26	1.03655
24	123	1.00744
24	127	0.997408
24	131	0.952093
24	139	1.13245
24	147	1.01321
24	149	1.02541
24	163	0.991857
24	172	1.07073
24	173	1.0559
24	176	0.805298
24	177	1.06248
25	43	0.862011
25	46	0.873654
25	91	1.25204
25	104	0.892995
25	106	0.90395
25	133	0.912737
25	150	1.33833
25	165	0.909331
25	170	0.924873
25	172	0.947252
25	173	0.932421
25	177	0.938996
25	179	1.44898
26	24	1.03655
26	67	1.00785
26	97	0.756166
26	116	1.0058
26	154	0.982242
26	157	1.0468
26	162	1.06773
26	165	1.03684
26	170	1.05238
26	172	1.07476
26	173	1.05993
26	177	1.0665
26	178	1.01505
27	35	0.977631
27	74	0.852004
27	95	1.01417
27	114	1.19077
27	130	0.989107
27	149	1.00639
27	153	0.97428
27	165	1.01379
27	170	1.02933
27	172	1.05171
27	174	1.05515
27	177	1.04346
27	178	1.00029
28	4	0.941209
28	60	0.118311
28	103	1.08882
28	110	1.01412
28	118	1.03816
28	125	1.08228
28	132	1.01274
28	164	1.09713
28	168	1.0203
28	169	1.01007
28	175	0.987234
28	178	1.06271
28	180	1.01344
29	13	1.11795
29	21	1.08075
29	44	1.04074
29	53	0.99807
29	54	0.918092
29	58	3.04172
29	85	0.924758
29	87	1.00237
29	92	6
29	108	1.05481
29	141	1.06588
29	153	1.0209
29	176	1.96159
30	7	1.25251
30	8	0.937615
30	95	0.878661
30	125	0.7874
30	158	1.02896
30	162	1.03229
30	166	0.831844
30	169	1.00126
30	171	1.0149
30	175	0.978428
30	178	1.05391
30	179	1.04532
30	180	1.00464
31	41	0.499734
31	47	0.538669
31	64	0.85256
31	81	0.732453
31	108	2.62932
31	114	0.75297
31	138	0.734776
31	159	0.819574
31	163	0.799386
31	166	0.859091
31	167	0.860467
31	172	0.830969
31	177	0.822713
32	35	0.995489
32	126	1.01174
32	131	0.908995
32	149	1.02425
32	165	1.03165
32	170	1.04719
32	172	1.06957
32	173	1.05474
32	175	1.21134
32	176	0.804135
32	177	1.06131
32	178	0.993681
32	179	0.973607
33	51	1.05991
33	77	0.803758
33	120	1.01602
33	151	1.01167
33	152	1.00704
33	157	1.02262
33	168	0.996751
33	170	0.925028
33	173	0.973083
33	174	1.01611
33	175	0.963689
33	179	1.03058
33	180	0.989896
34	60	1.02745
34	87	0.907509
34	108	0.95995
34	113	0.920648
34	126	1.03385
34	149	0.968471
34	157	0.965196
34	159	0.992076
34	161	1.01562
34	164	1.02808
34	167	1.03297
34	172	1.00897
34	174	0.958687
34	177	0.995124
35	27	0.977631
35	32	0.995489
35	88	0.754313
35	91	0.996178
35	95	0.997321
35	107	1.16176
35	129	0.983819
35	133	1.00035
35	135	1.15378
35	150	1.08247
35	170	1.01248
35	172	1.03486
35	173	1.02003
35	177	1.02661
36	72	0.641228
36	73	0.955794
36	85	0.795576
36	87	0.87319
36	89	1.31669
36	108	0.92563
36	148	1.39158
36	156	1.35148
36	169	0.894776
36	172	0.969151
36	173	0.95432
36	177	0.960895
36	179	0.938834
36	180	0.898152
37	83	0.997854
37	115	0.958348
37	118	0.991549
37	133	1.02323
37	139	0.958758
37	149	1.0018
37	152	0.983975
37	157	0.999557
37	161	0.96054
37	166	1.01059
37	174	0.993048
37	175	0.940625
37	179	1.00751
37	180	0.966832
38	81	1.05909
38	123	1.09432
38	127	1.08428
38	136	0.859841
38	139	0.937633
38	140	1.09663
38	154	0.809152
38	155	1.14783
38	168	0.89087
38	169	0.948072
38	170	1.13523
38	173	1.14278
38	176	0.892175
38	177	1.14935
39	96	0.840321
39	120	0.884973
39	128	1.07216
39	141	0.680262
39	147	1.1269
39	148	0.764376
39	150	1.08168
39	154	1.10309
39	159	0.789743
39	169	1.05719
39	174	1.08678
39	178	1.10984
39	179	1.10125
39	180	1.06057
40	50	1.05584
40	134	1.00081
40	135	0.967743
40	151	0.977224
40	159	0.996779
40	162	0.983103
40	168	0.962304
40	171	0.965715
40	172	1.02195
40	175	0.929242
40	177	1.0081
40	178	1.00472
40	179	0.99613
40	180	0.955448
41	31	0.499734
41	97	0.459114
41	128	0.718297
41	144	0.484594
41	155	0.767928
41	156	0.780465
41	161	0.789862
41	164	0.802316
41	168	0.713564
41	170	0.755329
41	172	0.777708
41	174	0.732925
41	177	0.769452
41	179	0.747391
42	73	0.585266
42	105	0.890691
42	111	0.919721
42	114	1.09245
42	148	0.813452
42	152	1.11659
42	158	1.12377
42	161	0.782226
42	162	1.1271
42	168	1.1063
42	170	0.843055
42	174	1.12566
42	175	1.07324
42	179	1.14013
43	20	0.995135
43	25	0.862011
43	46	0.950105
43	48	1.1317
43	64	0.980087
43	82	0.997009
43	103	1.00508
43	127	0.950377
43	152	1.1146
43	154	1.15349
43	155	1.01392
43	170	1.00132
43	173	1.00887
43	177	1.01545
44	21	1.03377
44	29	1.04074
44	53	0.951089
44	54	0.87111
44	58	1.45828
44	60	1.07533
44	68	5.1
44	85	0.877776
44	87	0.95539
44	105	3.0069
44	108	1.00783
44	141	1.0189
44	153	0.973919
44	176	2.06745
45	15	1.15507
45	100	0.895355
45	124	1.15537
45	131	0.904359
45	134	0.942846
45	148	0.958991
45	156	0.991487
45	159	0.977336
45	160	0.987125
45	161	1.00088
45	164	1.01334
45	166	1.01685
45	167	1.01823
45	180	1.12945
46	4	1.12077
46	25	0.873654
46	43	0.950105
46	69	0.95858
46	98	0.975592
46	113	1.02215
46	146	0.997407
46	149	0.990026
46	165	0.997424
46	170	1.01297
46	173	1.02051
46	175	1.21599
46	177	1.02709
46	179	0.97826
47	13	0.568392
47	31	0.538669
47	70	0.522532
47	97	0.498048
47	124	0.710758
47	135	0.757939
47	146	0.778705
47	161	0.828797
47	166	0.844765
47	167	0.846141
47	173	0.801812
47	176	0.551208
47	177	0.808387
47	180	0.745644
48	43	1.1317
48	57	0.989699
48	81	1.01367
48	124	0.924923
48	146	0.92346
48	152	0.976952
48	154	1.00233
48	158	0.98413
48	162	0.987464
48	163	0.999225
48	168	0.966664
48	174	0.986024
48	178	1.00908
48	180	0.959809
49	13	0.735751
49	68	0.686425
49	123	1.37879
49	128	0.924591
49	146	1.33415
49	151	0.934779
49	158	0.937325
49	162	0.940658
49	164	1.34072
49	168	0.919858
49	175	0.886796
49	178	0.962277
49	179	0.953685
49	180	0.913003
50	3	0.779601
50	12	1.00637
50	40	1.05584
50	117	0.728236
50	118	1.09206
50	148	0.754085
50	158	1.09166
50	162	1.09499
50	170	0.783687
50	171	1.0776
50	174	1.09355
50	178	1.11661
50	179	1.10802
50	180	1.06734
51	33	1.05991
51	57	0.841098
51	64	1.12955
51	69	0.924222
51	90	0.999649
51	110	1.03764
51	140	0.837123
51	143	1.02507
51	163	1.07637
51	169	1.03358
51	171	1.04722
51	172	0.842741
51	175	1.01075
51	177	0.828891
51	179	1.07764
52	85	3.39437
52	92	0.51963
52	98	0.750349
52	102	0.734105
52	155	0.800322
52	159	0.798707
52	163	0.778519
52	164	0.834709
52	166	0.838223
52	167	0.8396
52	169	0.735727
52	171	0.749369
52	176	0.544667
52	177	0.801846
52	179	0.779785
53	2	1.0354
53	21	0.991101
53	29	0.99807
53	44	0.951089
53	54	0.82844
53	60	1.03266
53	70	5.1
53	78	1.022
53	85	0.835106
53	87	0.912719
53	105	3.8931
53	108	0.965159
53	153	0.931249
53	157	0.466952
53	176	1.59517
54	2	0.955424
54	21	0.911123
54	29	0.918092
54	44	0.87111
54	53	0.82844
54	60	0.952679
54	61	0.27828
54	85	1.60032
54	87	0.832741
54	108	0.885181
54	141	0.89625
54	142	0.396013
54	144	11.4
54	153	0.85127
54	174	0.364518
55	66	0.852627
55	115	1.01455
55	120	0.917639
55	121	1.06079
55	147	1.08937
55	151	1.04481
55	155	0.846602
55	158	1.04736
55	163	1.06245
55	166	0.815861
55	169	1.01966
55	177	0.83373
55	178	1.07231
55	179	1.06372
55	180	1.02303
56	71	1.34895
56	91	0.955183
56	125	0.9419
56	142	1.25856
56	148	0.955002
56	153	0.90731
56	154	1.1394
56	156	0.987498
56	159	0.973346
56	160	0.983135
56	161	0.996895
56	164	1.00935
56	166	1.01286
56	167	1.01424
56	176	0.719306
57	9	1.088
57	48	0.989699
57	51	0.841098
57	78	0.848026
57	91	0.827277
57	102	1.00645
57	106	1.03915
57	129	1.03141
57	139	1.13997
57	153	1.00502
57	165	1.04453
57	170	1.06007
57	172	1.08245
57	173	1.06762
57	177	1.07419
58	29	3.04172
58	44	1.45828
58	68	0.575399
58	94	0.741795
58	119	0.797452
58	159	0.861582
58	162	0.829633
58	165	0.835056
58	166	0.901099
58	167	0.902475
58	172	0.872977
58	173	0.858146
58	176	0.607542
58	177	0.864721
58	178	0.851252
59	96	0.97939
59	99	0.780592
59	134	1.01116
59	143	1.01468
59	147	0.924258
59	148	1.02731
59	156	1.0598
59	159	1.04565
59	160	1.05544
59	161	1.0692
59	164	1.08165
59	166	1.08517
59	167	1.08654
59	171	1.01503
59	174	1.00268
60	2	1.15964
60	21	1.11534
60	28	0.118311
60	34	1.02745
60	44	1.07533
60	53	1.03266
60	54	0.952679
60	85	0.959345
60	87	1.03696
60	108	1.0894
60	145	3.70705
60	146	0.012715
60	153	1.05549
60	173	0.0602517
60	176	5.39435
61	54	0.27828
61	147	1.1179
61	153	0.991802
61	155	1.01358
61	157	1.08429
61	168	1.05842
61	169	1.04819
61	171	1.06183
61	173	1.04168
61	175	1.02536
61	176	0.857131
61	177	1.00071
61	178	1.10084
61	179	1.09225
61	180	1.05157
62	107	0.9931
62	137	0.999243
62	145	0.763409
62	148	1.09997
62	151	0.972856
62	154	0.9936
62	158	0.975402
62	161	1.06874
62	162	0.978736
62	170	1.12957
62	171	0.961347
62	174	0.977296
62	175	0.924874
62	178	1.00035
62	180	0.951081
63	8	1.33294
63	19	1.1516
63	117	0.885764
63	118	1.14428
63	120	0.876751
63	134	0.896287
63	137	0.950967
63	148	0.912432
63	156	0.944928
63	159	0.930777
63	160	0.940566
63	161	0.954326
63	164	0.966779
63	166	0.970293
63	167	0.97167
63	179	1.26153
64	16	1.10842
64	31	0.85256
64	43	0.980087
64	51	1.12955
64	88	0.849985
64	126	0.864603
64	128	1.07112
64	135	1.07183
64	138	1.03434
64	172	0.839731
64	173	0.866849
64	174	1.08575
64	175	1.03333
64	176	0.865099
64	178	1.10881
64	179	1.10022
65	101	1.03349
65	114	0.994409
65	140	0.911243
65	142	0.994319
65	147	1.06774
65	152	1.01855
65	153	0.894102
65	156	0.826216
65	162	1.02906
65	165	0.910888
65	169	0.998033
65	174	1.02762
65	175	0.975201
65	178	1.05068
65	179	1.04209
65	180	1.00141
66	55	0.852627
66	83	0.935116
66	94	0.896319
66	101	0.932418
66	122	1.1541
66	137	1.0363
66	148	0.997762
66	156	1.03026
66	159	1.01611
66	160	1.0259
66	161	1.03966
66	162	1.10367
66	164	1.05211
66	166	1.05562
66	167	1.057
66	175	1.26864
66	176	0.762067
67	26	1.00785
67	80	1.02846
67	102	0.966032
67	110	1.00404
67	119	1.19694
67	126	0.984201
67	130	0.979423
67	135	1.02745
67	152	1.01516
67	155	1.03225
67	165	1.00411
67	170	1.01965
67	172	1.04203
67	173	1.0272
67	176	0.776593
67	177	1.03377
67	178	1.08686
68	44	5.1
68	49	0.686425
68	58	0.575399
68	132	0.739661
68	144	0.518251
68	160	0.809759
68	164	0.835973
68	166	0.839487
68	167	0.840863
68	170	0.788986
68	172	0.811365
68	173	0.796534
68	176	0.54593
68	177	0.803109
68	178	0.78964
68	179	0.781048
68	180	0.740366
69	7	0.907973
69	46	0.95858
69	51	0.924222
69	79	0.918497
69	104	0.977921
69	111	0.981042
69	129	0.981134
69	135	1.06801
69	136	1.1453
69	146	0.994239
69	155	1.0224
69	165	0.994256
69	169	1.23354
69	170	1.0098
69	172	1.03218
69	173	1.01735
69	177	1.02392
70	47	0.522532
70	53	5.1
70	88	0.534282
70	106	0.77153
70	156	0.817588
70	158	0.768154
70	164	0.839439
70	165	0.77691
70	166	0.842953
70	167	0.84433
70	168	0.750688
70	169	0.740457
70	172	0.814832
70	173	0.800001
70	176	0.549397
70	179	0.784514
70	180	0.743832
71	23	1.17717
71	56	1.34895
71	94	1.32174
71	105	0.72822
71	128	0.948565
71	138	0.911784
71	139	0.928904
71	151	0.958753
71	161	1.14092
71	163	0.976394
71	168	0.943833
71	171	0.947244
71	175	0.910771
71	176	0.742542
71	178	0.986251
71	179	0.97766
71	180	0.936978
72	13	0.532769
72	36	0.641228
72	78	0.794341
72	97	0.462425
72	111	0.729885
72	130	0.718415
72	144	0.487905
72	145	0.522349
72	155	0.77124
72	157	0.742745
72	161	0.793174
72	164	0.805627
72	166	0.809142
72	167	0.810518
72	173	0.766189
72	175	0.683814
72	177	0.772764
72	179	0.750703
73	14	1.64037
73	36	0.955794
73	42	0.585266
73	98	1.03583
73	123	1.03229
73	130	1.03298
73	133	1.06107
73	140	1.03461
73	146	1.05765
73	151	0.726957
73	165	1.05766
73	170	1.07321
73	172	1.09559
73	173	1.08075
73	175	0.984871
73	177	1.08733
73	179	0.74714
73	180	0.907615
74	4	0.971115
74	27	0.852004
74	80	0.766439
74	89	0.772223
74	130	1.00354
74	139	1.03527
74	142	1.03626
74	143	1.03146
74	149	0.85715
74	150	1.06446
74	157	1.07607
74	163	1.08276
74	168	1.0502
74	171	1.05361
74	173	0.924771
74	174	1.06956
74	179	1.08403
74	180	1.04335
75	89	0.945657
75	90	0.915455
75	91	0.998394
75	121	0.990526
75	128	0.964353
75	131	1.00261
75	132	0.95206
75	143	0.940881
75	147	1.0191
75	148	1.02055
75	154	0.995285
75	160	1.05769
75	170	1.05015
75	171	0.963031
75	173	1.0982
75	174	0.978981
75	175	0.926558
75	180	0.952765
76	91	1.00918
76	130	1.13432
76	132	0.962846
76	136	1.0268
76	139	0.955477
76	145	0.775879
76	149	0.987927
76	157	0.996275
76	159	1.00326
76	163	1.00297
76	166	0.99671
76	169	0.960175
76	173	1.05555
76	174	0.989767
76	175	0.937344
76	178	1.01282
76	179	1.00423
76	180	0.963551
77	18	0.75804
77	33	0.803758
77	80	1.06917
77	95	1.04519
77	104	1.02848
77	127	1.00941
77	129	1.03169
77	142	0.990087
77	146	1.0448
77	149	1.03742
77	155	1.07296
77	157	0.935488
77	165	1.04481
77	170	1.06036
77	171	0.970938
77	172	1.08274
77	175	1.12139
77	177	1.07448
78	19	1.06892
78	53	1.022
78	57	0.848026
78	72	0.794341
78	85	0.948689
78	108	1.07874
78	116	0.947947
78	140	0.844052
78	153	1.04483
78	159	1.11087
78	160	1.12066
78	161	1.13442
78	165	0.843697
78	167	1.15176
78	170	0.828733
78	172	0.84967
78	174	1.07748
78	180	1.05126
79	8	0.974415
79	69	0.918497
79	83	1.07246
79	90	1.00412
79	102	0.944954
79	131	1.09128
79	134	0.815871
79	142	1.03435
79	149	0.796513
79	151	1.06321
79	154	1.08395
79	163	1.08085
79	165	0.831043
79	171	1.0517
79	173	0.864134
79	175	1.01523
79	179	1.08212
79	180	1.04143
80	67	1.02846
80	74	0.766439
80	77	1.06917
80	81	0.996861
80	98	1.03562
80	111	1.04424
80	116	1.02642
80	122	1.01784
80	123	1.03208
80	135	0.855312
80	146	1.05744
80	149	1.05006
80	157	0.946481
80	172	1.09538
80	173	1.08055
80	175	1.13238
80	177	1.08712
80	178	0.914726
81	22	1.31644
81	31	0.732453
81	38	1.05909
81	48	1.01367
81	80	0.996861
81	104	0.956171
81	106	0.967125
81	111	0.959292
81	129	0.959384
81	155	1.00065
81	158	1.04037
81	165	0.972506
81	170	0.988048
81	172	1.01043
81	173	0.995596
81	174	1.12313
81	177	1.00217
81	179	1.0482
82	43	0.997009
82	90	1.06774
82	98	1.0225
82	106	1.03895
82	115	0.965506
82	122	1.04278
82	126	1.02442
82	127	1.00892
82	140	1.02127
82	144	0.789135
82	155	1.07247
82	163	0.89475
82	165	1.04433
82	170	1.05987
82	172	1.08225
82	173	1.06742
82	177	1.07399
82	178	0.939672
82	180	1.08007
83	37	0.997854
83	66	0.935116
83	79	1.07246
83	102	1.03801
83	103	0.860444
83	122	1.02109
83	123	0.906829
83	135	1.01026
83	147	1.0643
83	150	1.01908
83	154	1.04049
83	156	0.839424
83	164	0.868755
83	169	0.994591
83	174	1.02418
83	175	0.971759
83	178	1.04724
83	179	1.03865
83	180	0.997966
84	101	0.959215
84	112	0.973708
84	120	0.988878
84	121	0.938926
84	125	1.01146
84	137	1.06309
84	148	1.02456
84	151	0.953339
84	154	0.960792
84	156	1.05706
84	159	1.0429
84	160	1.05269
84	161	1.06645
84	162	1.04628
84	164	1.07891
84	166	1.08242
84	167	1.0838
84	176	0.788864
84	180	1.134
85	1	0.906664
85	2	0.96209
85	9	0.940917
85	21	0.917789
85	29	0.924758
85	36	0.795576
85	44	0.877776
85	52	3.39437
85	53	0.835106
85	54	1.60032
85	60	0.959345
85	78	0.948689
85	87	0.839407
85	108	0.891847
85	109	3.65979
85	114	0.2345
85	141	0.902917
85	145	2.73427
85	147	0.310464
86	17	0.978028
86	107	1.05612
86	108	0.263962
86	113	1.00227
86	114	1.0071
86	117	1.02782
86	138	0.988902
86	140	1.09859
86	142	1.00701
86	152	1.03124
86	156	1.01356
86	158	1.03842
86	163	1.05351
86	168	1.02095
86	169	1.01072
86	173	1.13132
86	174	1.04031
86	175	0.987889
86	179	1.05478
87	2	1.0397
87	9	1.01853
87	21	0.995402
87	29	1.00237
87	34	0.907509
87	36	0.87319
87	44	0.95539
87	53	0.912719
87	54	0.832741
87	60	1.03696
87	85	0.839407
87	108	0.96946
87	136	0.191081
87	141	0.98053
87	153	0.93555
87	154	0.140392
87	174	0.228057
87	176	7.75016
87	180	0.0590096
88	35	0.754313
88	64	0.849985
88	70	0.534282
88	92	0.537922
88	105	0.548636
88	108	4.42932
88	130	0.765788
88	131	0.807244
88	144	0.535279
88	155	0.818614
88	160	0.826788
88	164	0.853001
88	166	0.856515
88	167	0.857892
88	170	0.806015
88	176	0.562959
88	177	0.820137
88	178	0.806668
88	180	0.757394
89	36	1.31669
89	74	0.772223
89	75	0.945657
89	112	0.900621
89	117	0.97802
89	120	0.969007
89	125	0.991587
89	134	0.988543
89	136	0.938394
89	137	1.04322
89	148	1.00469
89	156	1.03718
89	159	1.02303
89	160	1.03282
89	161	1.04658
89	164	1.05904
89	166	1.06255
89	167	1.06393
89	168	0.969423
90	51	0.999649
90	75	0.915455
90	79	1.00412
90	82	1.06774
90	113	0.917811
90	119	0.925108
90	137	1.02274
90	143	0.91775
90	150	0.950751
90	153	1.15125
90	160	1.16061
90	163	0.969051
90	167	1.11805
90	169	0.926259
90	171	0.939901
90	174	0.955851
90	178	0.978909
90	179	0.970317
90	180	0.929635
91	20	0.820255
91	25	1.25204
91	35	0.996178
91	56	0.955183
91	57	0.827277
91	75	0.998394
91	76	1.00918
91	131	1.06242
91	139	1.0045
91	143	1.00069
91	150	1.03369
91	157	1.0453
91	162	1.04023
91	166	0.797201
91	168	1.01943
91	171	1.02284
91	175	0.986366
91	178	1.06185
91	180	1.01257
92	29	6
92	52	0.51963
92	88	0.537922
92	144	0.525357
92	145	0.5598
92	147	0.813805
92	149	0.773151
92	152	0.764615
92	155	0.808691
92	156	0.821228
92	160	0.816865
92	161	0.830625
92	164	0.843078
92	167	0.847969
92	168	0.754327
92	172	0.818471
92	173	0.80364
92	176	0.553036
92	177	0.810215
92	178	0.796746
93	96	0.938305
93	117	0.959552
93	120	0.95054
93	125	0.973119
93	128	1.04034
93	134	0.970075
93	136	1.0718
93	137	1.02475
93	148	0.986221
93	152	0.982219
93	156	1.01872
93	159	1.00457
93	160	1.01435
93	161	1.02811
93	162	1.1066
93	163	1.009
93	164	1.04057
93	166	1.04408
93	167	1.04546
93	174	1.10878
94	58	0.741795
94	66	0.896319
94	71	1.32174
94	117	0.921352
94	125	0.934919
94	134	0.931875
94	137	0.986555
94	148	0.948021
94	156	0.980517
94	159	0.966365
94	160	0.976154
94	161	0.989914
94	163	1.10008
94	164	1.00237
94	166	1.00588
94	167	1.00726
94	175	1.36266
94	176	0.712325
94	179	1.12493
94	180	1.2854
95	27	1.01417
95	30	0.878661
95	35	0.997321
95	77	1.04519
95	101	0.864427
95	116	1.00244
95	126	1.01357
95	144	0.778287
95	145	0.812731
95	146	1.03346
95	149	1.02608
95	150	0.930313
95	165	1.03348
95	169	1.16715
95	170	1.04902
95	172	1.0714
95	173	1.05657
95	174	1.1159
95	177	1.06315
95	180	1.20144
96	39	0.840321
96	59	0.97939
96	93	0.938305
96	125	0.988446
96	134	0.985403
96	137	1.04008
96	147	1.04778
96	148	1.00155
96	156	1.03404
96	159	1.01989
96	160	1.02968
96	161	1.04344
96	162	1.12403
96	164	1.0559
96	166	1.05941
96	167	1.06079
96	174	1.12621
96	176	0.765853
96	178	1.07135
96	179	1.05127
97	26	0.756166
97	41	0.459114
97	47	0.498048
97	72	0.462425
97	116	0.721388
97	139	0.711275
97	144	0.497234
97	147	0.785683
97	160	0.788742
97	161	0.802502
97	162	0.747004
97	164	0.814956
97	166	0.81847
97	167	0.819846
97	170	0.767969
97	171	0.729615
97	172	0.790348
97	174	0.745565
97	176	0.524913
97	179	0.760031
98	46	0.975592
98	52	0.750349
98	73	1.03583
98	80	1.03562
98	82	1.0225
98	105	0.769433
98	106	1.00589
98	113	1.04996
98	124	1.19246
98	127	0.975864
98	133	1.01468
98	136	1.04403
98	140	0.988211
98	141	1.01674
98	143	1.093
98	149	1.00387
98	169	1.13226
98	170	1.02681
98	173	1.03436
98	174	1.081
98	177	1.04093
99	4	0.986322
99	59	0.780592
99	100	0.953754
99	122	1.08168
99	124	1.02367
99	135	1.07085
99	142	1.05146
99	148	0.828168
99	151	1.08033
99	154	1.10107
99	164	0.817392
99	168	1.06541
99	169	1.05518
99	170	0.857771
99	171	1.06882
99	172	0.878707
99	173	0.905826
99	174	1.08477
99	176	0.864118
99	178	1.10783
99	180	1.05855
100	45	0.895355
100	99	0.953754
100	117	0.959159
100	120	0.950147
100	125	0.972726
100	131	1.0363
100	134	0.969682
100	137	1.02436
100	148	0.985828
100	151	1.08073
100	156	1.01832
100	159	1.00417
100	160	1.01396
100	161	1.02772
100	164	1.04017
100	166	1.04369
100	167	1.04507
100	168	1.1699
100	171	1.18819
100	176	0.750133
100	179	1.10091
101	65	1.03349
101	66	0.932418
101	84	0.959215
101	95	0.864427
101	117	0.957451
101	120	0.948439
101	134	0.967974
101	137	1.02265
101	147	1.139
101	148	0.984119
101	152	1.09087
101	156	1.01662
101	159	1.00246
101	160	1.01225
101	161	1.02601
101	164	1.03847
101	166	1.04198
101	167	1.04336
101	174	1.21743
101	176	0.748424
101	179	1.14249
102	52	0.734105
102	57	1.00645
102	67	0.966032
102	79	0.944954
102	83	1.03801
102	103	1.01432
102	110	1.07106
102	111	0.981811
102	116	0.963987
102	127	0.959621
102	129	0.981903
102	135	1.09446
102	149	0.987627
102	155	1.02317
102	165	0.995025
102	168	1.20279
102	170	1.01057
102	172	1.03295
102	173	1.01812
102	177	1.02469
102	179	1.1338
103	7	0.966114
103	28	1.08882
103	43	1.00508
103	83	0.860444
103	102	1.01432
103	106	1.04702
103	107	0.92488
103	111	1.03918
103	116	1.02136
103	123	1.02703
103	128	0.962734
103	140	1.02934
103	146	1.05238
103	149	1.045
103	155	1.08054
103	162	1.029
103	172	1.09032
103	173	1.07549
103	174	1.03117
103	176	0.824883
103	177	1.08206
103	178	0.976314
104	20	1.02612
104	25	0.892995
104	69	0.977921
104	77	1.02848
104	81	0.956171
104	119	1.14959
104	126	0.996859
104	127	0.981361
104	130	0.992081
104	131	0.954824
104	133	1.02017
104	142	1.12586
104	146	1.01675
104	149	1.00937
104	151	0.999252
104	155	1.04491
104	160	0.712876
104	165	1.01677
104	169	1.14562
104	172	1.05469
104	173	1.03986
104	177	1.04643
104	178	1.03951
105	23	0.814649
105	42	0.890691
105	44	3.0069
105	53	3.8931
105	71	0.72822
105	88	0.548636
105	98	0.769433
105	124	0.723301
105	133	0.794671
105	144	0.536071
105	159	0.817791
105	160	0.82758
105	161	0.84134
105	166	0.857307
105	167	0.858684
105	169	0.754811
105	171	0.768453
105	172	0.829186
105	173	0.814355
105	174	0.784402
105	176	0.563751
105	177	0.82093
105	180	0.758187
106	5	0.824585
106	25	0.90395
106	57	1.03915
106	70	0.77153
106	81	0.967125
106	82	1.03895
106	98	1.00589
106	103	1.04702
106	113	1.05467
106	119	1.14093
106	123	1.00235
106	130	1.00304
106	132	1.01409
106	149	1.02032
106	155	1.05586
106	163	0.985934
106	165	1.02772
106	169	1.13697
106	170	1.04326
106	172	1.06564
106	173	1.05081
106	177	1.05738
106	179	1.01078
107	22	0.953093
107	35	1.16176
107	62	0.9931
107	86	1.05612
107	103	0.92488
107	129	0.882185
107	139	1.00089
107	141	0.859853
107	152	1.02611
107	157	1.04169
107	161	0.912741
107	162	1.03662
107	167	0.938546
107	168	1.01582
107	169	1.00559
107	171	1.01923
107	174	1.03518
107	175	0.982757
107	176	0.814528
107	177	0.980656
107	178	1.05824
107	179	1.04965
107	180	1.00896
108	1	1.03672
108	2	1.09214
108	9	1.07097
108	21	1.04784
108	29	1.05481
108	31	2.62932
108	34	0.95995
108	36	0.92563
108	44	1.00783
108	53	0.965159
108	54	0.885181
108	60	1.0894
108	78	1.07874
108	85	0.891847
108	86	0.263962
108	87	0.96946
108	88	4.42932
108	109	2.94021
108	141	1.03297
108	145	2.0147
108	153	0.98799
108	162	0.0894088
108	179	0.401418
109	22	0.710491
109	85	3.65979
109	108	2.94021
109	123	0.774069
109	126	0.779534
109	144	0.544247
109	145	0.578691
109	156	0.840118
109	160	0.835755
109	161	0.849515
109	164	0.861969
109	166	0.865483
109	167	0.866859
109	169	0.762987
109	171	0.776628
109	173	0.822531
109	175	0.740155
109	176	0.571926
109	177	0.829105
109	178	0.815636
109	179	0.807044
109	180	0.766362
110	28	1.01412
110	51	1.03764
110	67	1.00404
110	102	1.07106
110	112	0.97757
110	113	0.955805
110	116	1.0614
110	126	0.987996
110	135	0.979923
110	143	0.955744
110	153	0.940365
110	154	1.01015
110	157	1.00035
110	158	0.99195
110	159	0.937952
110	162	0.995284
110	163	1.00704
110	168	0.974484
110	171	0.977895
110	172	0.963124
110	174	0.993844
110	175	0.941422
110	178	1.0169
110	180	0.967629
111	5	0.895399
111	10	1.02999
111	42	0.919721
111	69	0.981042
111	72	0.729885
111	80	1.04424
111	81	0.959292
111	102	0.981811
111	103	1.03918
111	130	0.995203
111	146	1.01987
111	149	1.01249
111	151	1.06141
111	152	1.02997
111	153	0.980376
111	155	1.04803
111	157	1.13342
111	168	1.15058
111	170	1.03543
111	172	1.05781
111	173	1.04298
111	176	0.792373
111	177	1.04955
111	180	1.24207
112	84	0.973708
112	89	0.900621
112	110	0.97757
112	128	0.988474
112	133	1.00697
112	139	0.968812
112	142	0.969797
112	143	0.965001
112	150	0.998002
112	151	0.998662
112	153	1.00329
112	157	1.00961
112	158	1.00121
112	162	1.00454
112	168	0.983741
112	169	0.97351
112	171	0.987152
112	172	1.02605
112	173	1.05317
112	175	0.950679
112	177	1.0122
112	178	1.02616
112	179	1.01757
112	180	0.976886
113	18	1.01886
113	34	0.920648
113	46	1.02215
113	86	1.00227
113	90	0.917811
113	98	1.04996
113	106	1.05467
113	110	0.955805
113	115	0.946636
113	142	0.948032
113	143	0.943236
113	151	0.976897
113	152	0.972264
113	154	0.99764
113	155	1.06877
113	156	0.979106
113	157	0.987845
113	158	0.979442
113	163	0.994537
113	169	0.951745
113	170	1.04881
113	173	1.09687
113	174	0.981336
113	178	1.00439
113	179	0.995803
114	14	0.819687
114	27	1.19077
114	31	0.75297
114	42	1.09245
114	65	0.994409
114	85	0.2345
114	86	1.0071
114	117	1.16003
114	118	0.984662
114	119	0.955419
114	129	1.1241
114	131	1.00979
114	135	0.97224
114	136	1.0232
114	140	1.2308
114	147	1.02628
114	154	1.00246
114	156	1.14578
114	162	0.9876
114	167	1.18046
114	169	0.95657
114	171	0.970211
114	175	0.933738
114	178	1.00922
114	179	1.00063
115	17	0.945595
115	22	0.902589
115	37	0.958348
115	55	1.01455
115	82	0.965506
115	113	0.946636
115	130	1.17766
115	139	0.950386
115	140	1.06616
115	142	0.951371
115	152	0.975603
115	153	1.04901
115	156	0.981128
115	157	0.991184
115	158	0.982782
115	162	0.986115
115	163	0.997876
115	168	0.965315
115	169	0.955084
115	171	0.968726
115	173	1.09889
115	174	0.984676
115	178	1.00773
115	179	0.999142
115	180	0.95846
116	12	0.920526
116	26	1.0058
116	78	0.947947
116	80	1.02642
116	95	1.00244
116	97	0.721388
116	102	0.963987
116	103	1.02136
116	110	1.0614
116	130	0.977378
116	133	1.00547
116	140	0.979004
116	146	1.00204
116	149	0.994663
116	151	1.10396
116	154	1.11141
116	155	1.0302
116	165	1.00206
116	168	1.19313
116	170	1.0176
116	173	1.02515
116	174	1.19908
116	176	0.774548
116	177	1.03173
116	179	1.12414
117	50	0.728236
117	63	0.885764
117	86	1.02782
117	89	0.97802
117	93	0.959552
117	94	0.921352
117	100	0.959159
117	101	0.957451
117	114	1.16003
117	120	0.987114
117	125	1.00969
117	134	1.00665
117	137	1.06133
117	147	0.945985
117	148	1.0228
117	156	1.05529
117	159	1.04114
117	160	1.05093
117	161	1.06469
117	164	1.07714
117	166	1.08066
117	167	1.08203
117	169	1.07567
117	171	1.03676
117	179	0.949477
117	180	1.10995
118	16	1.1773
118	23	0.863105
118	28	1.03816
118	37	0.991549
118	50	1.09206
118	63	1.14428
118	114	0.984662
118	119	0.987135
118	124	0.956776
118	127	0.931248
118	136	1.05491
118	137	0.75735
118	142	0.984572
118	152	1.0088
118	162	1.01932
118	163	1.03108
118	168	0.998517
118	170	0.887678
118	171	1.00193
118	172	0.908615
118	174	1.01788
118	175	0.965455
118	177	0.894765
118	178	1.04094
118	179	1.03234
118	180	0.991662
119	23	1.11051
119	58	0.797452
119	67	1.19694
119	90	0.925108
119	104	1.14959
119	106	1.14093
119	114	0.955419
119	118	0.987135
119	121	1.00018
119	122	0.985545
119	124	0.927533
119	129	1.0437
119	136	1.02567
119	142	0.955329
119	145	0.774747
119	150	0.983534
119	152	0.979561
119	169	0.959043
119	170	1.13508
119	171	0.972684
119	173	1.18313
119	174	0.988634
119	175	0.936211
119	176	0.767983
119	178	1.01169
119	179	1.0031
119	180	0.962418
120	9	0.944954
120	33	1.01602
120	39	0.884973
120	55	0.917639
120	63	0.876751
120	84	0.988878
120	89	0.969007
120	93	0.95054
120	100	0.950147
120	101	0.948439
120	117	0.987114
120	125	1.00068
120	132	1.09924
120	134	0.997637
120	137	1.05232
120	148	1.01378
120	156	1.04628
120	158	1.0881
120	159	1.03213
120	160	1.04192
120	161	1.05568
120	162	1.16868
120	164	1.06813
120	166	1.07164
120	167	1.07302
120	171	1.1832
120	176	0.778088
121	55	1.06079
121	75	0.990526
121	84	0.938926
121	119	1.00018
121	122	1.02783
121	123	0.968028
121	130	1.09716
121	132	1.004
121	135	1.017
121	136	1.06796
121	138	0.979512
121	139	0.996631
121	140	0.98565
121	144	0.78259
121	161	0.909504
121	162	1.03236
121	163	1.04412
121	164	0.929954
121	168	1.01156
121	170	0.970332
121	171	1.01497
121	174	1.03092
121	175	0.978499
121	176	0.81027
121	177	0.977418
121	179	1.04539
121	180	1.00471
122	2	0.395335
122	66	1.1541
122	80	1.01784
122	82	1.04278
122	83	1.02109
122	99	1.08168
122	119	0.985545
122	121	1.02783
122	124	0.955185
122	128	1.00166
122	138	0.964878
122	141	1.0144
122	143	0.978187
122	144	0.767956
122	147	1.0564
122	150	1.01119
122	152	1.00721
122	161	1.06728
122	163	1.02949
122	166	1.11733
122	167	1.09309
122	169	0.986696
122	171	1.00034
122	175	0.963864
122	178	1.03934
122	179	1.03075
122	180	0.990071
123	3	1.01539
123	10	1.01783
123	17	1.01909
123	24	1.00744
123	38	1.09432
123	49	1.37879
123	73	1.03229
123	80	1.03208
123	83	0.906829
123	103	1.02703
123	106	1.00235
123	109	0.774069
123	121	0.968028
123	126	0.987823
123	130	0.983046
123	140	0.984672
123	150	0.891975
123	165	1.00773
123	168	1.07161
123	170	1.02327
123	171	1.0899
123	172	1.04565
123	173	1.03082
123	176	0.780216
123	177	1.03739
123	178	1.0227
123	179	1.00263
124	20	1.20359
124	45	1.15537
124	47	0.710758
124	48	0.924923
124	98	1.19246
124	99	1.02367
124	105	0.723301
124	118	0.956776
124	119	0.927533
124	122	0.955185
124	136	0.995311
124	148	1.16172
124	150	0.953175
124	151	0.953835
124	152	0.949202
124	157	0.964783
124	158	0.956381
124	163	0.971475
124	164	1.15094
124	167	1.1563
124	168	0.938914
124	169	0.928683
124	171	0.942325
124	174	0.958275
124	175	0.905852
124	177	1.19841
124	178	0.981333
124	179	0.972741
125	15	1.1358
125	28	1.08228
125	30	0.7874
125	56	0.9419
125	84	1.01146
125	89	0.991587
125	93	0.973119
125	94	0.934919
125	96	0.988446
125	100	0.972726
125	117	1.00969
125	120	1.00068
125	134	1.02022
125	137	1.0749
125	142	1.05613
125	147	0.946209
125	148	1.03636
125	150	0.839052
125	156	1.06886
125	159	1.05471
125	160	1.0645
125	161	1.07826
125	163	0.924854
125	164	1.09071
125	166	1.09422
125	167	1.0956
125	174	1.02464
125	175	1.18743
125	176	0.800667
126	4	1.19325
126	16	0.91269
126	32	1.01174
126	34	1.03385
126	64	0.864603
126	67	0.984201
126	82	1.02442
126	95	1.01357
126	104	0.996859
126	109	0.779534
126	110	0.987996
126	123	0.987823
126	127	0.977789
126	129	1.00007
126	130	0.98851
126	133	1.0166
126	140	0.990137
126	146	1.01318
126	147	1.04725
126	149	1.0058
126	150	0.940088
126	155	1.04134
126	165	1.01319
126	170	1.02874
126	171	1.13802
126	172	1.05112
126	173	1.03628
126	174	1.12567
126	176	0.78568
126	177	1.04286
126	180	1.21121
127	16	0.897192
127	24	0.997408
127	38	1.08428
127	43	0.950377
127	77	1.00941
127	82	1.00892
127	98	0.975864
127	102	0.959621
127	104	0.981361
127	118	0.931248
127	126	0.977789
127	133	1.0011
127	139	1.16425
127	140	0.974639
127	141	1.00317
127	146	0.997679
127	149	0.990298
127	151	1.02831
127	154	1.03577
127	155	1.02584
127	158	1.04068
127	163	1.02365
127	165	0.997696
127	168	1.11749
127	170	1.01324
127	171	1.13578
127	172	1.03562
127	173	1.02079
127	176	0.770182
127	177	1.02736
127	180	1.20897
128	9	1.05508
128	39	1.07216
128	41	0.718297
128	49	0.924591
128	64	1.07112
128	71	0.948565
128	75	0.964353
128	93	1.04034
128	103	0.962734
128	112	0.988474
128	122	1.00166
128	134	1.01121
128	136	1.04178
128	138	0.953339
128	143	0.966648
128	147	1.04487
128	148	0.981821
128	150	0.999649
128	151	1.00031
128	152	0.995675
128	153	1.0096
128	156	0.941715
128	163	1.01795
128	164	0.971045
128	165	1.02639
128	168	0.985388
128	171	0.988798
128	172	1.03236
128	175	0.952325
128	178	1.02781
128	180	0.978532
129	10	1.03008
129	20	1.02933
129	23	1.04336
129	35	0.983819
129	57	1.03141
129	69	0.981134
129	77	1.03169
129	81	0.959384
129	102	0.981903
129	107	0.882185
129	114	1.1241
129	119	1.0437
129	126	1.00007
129	130	0.995294
129	133	1.02338
129	140	0.996921
129	141	1.02545
129	143	1.00047
129	146	1.01996
129	149	1.01258
129	151	0.893361
129	155	1.04812
129	157	0.965374
129	162	0.986304
129	165	1.01998
129	168	0.982532
129	170	1.03552
129	171	1.00082
129	172	1.0579
129	173	1.04307
129	177	1.04964
129	180	1.07402
130	27	0.989107
130	67	0.979423
130	72	0.718415
130	73	1.03298
130	74	1.00354
130	76	1.13432
130	88	0.765788
130	104	0.992081
130	106	1.00304
130	111	0.995203
130	115	1.17766
130	116	0.977378
130	121	1.09716
130	123	0.983046
130	126	0.98851
130	129	0.995294
130	132	1.13507
130	133	1.01182
130	135	1.09241
130	140	0.985359
130	145	0.787667
130	146	1.0084
130	149	1.00102
130	155	1.03656
130	162	1.20451
130	164	0.777273
130	165	1.00842
130	170	1.02396
130	172	1.04634
130	173	1.03151
130	177	1.03808
130	179	1.13175
131	8	0.949774
131	19	1.03445
131	24	0.952093
131	32	0.908995
131	45	0.904359
131	75	1.00261
131	79	1.09128
131	88	0.807244
131	91	1.06242
131	100	1.0363
131	104	0.954824
131	114	1.00979
131	138	0.9916
131	139	1.00872
131	141	0.826601
131	142	1.0097
131	143	1.00491
131	147	1.08313
131	151	1.03857
131	152	1.03394
131	153	0.938495
131	155	0.960275
131	163	1.05621
131	164	0.899939
131	169	1.01342
131	171	1.02706
131	173	0.988372
131	174	1.04301
131	175	0.990587
131	178	1.06607
131	179	1.05748
131	180	1.01679
132	15	0.90889
132	28	1.01274
132	68	0.739661
132	75	0.95206
132	76	0.962846
132	106	1.01409
132	120	1.09924
132	121	1.004
132	130	1.13507
132	136	1.02949
132	142	0.959151
132	147	1.03257
132	150	0.987356
132	152	0.983383
132	157	0.998964
132	158	0.990561
132	162	0.993895
132	163	1.00566
132	166	0.997459
132	167	0.973219
132	168	0.973095
132	169	0.962864
132	170	1.00824
132	171	0.976506
132	172	1.02918
132	173	1.0563
132	174	0.992455
132	175	0.940033
132	177	1.01533
132	178	1.01551
132	179	1.00692
132	180	0.96624
133	16	0.936003
133	17	1.04787
133	25	0.912737
133	35	1.00035
133	37	1.02323
133	73	1.06107
133	98	1.01468
133	104	1.02017
133	105	0.794671
133	112	1.00697
133	116	1.00547
133	126	1.0166
133	127	1.0011
133	129	1.02338
133	130	1.01182
133	140	1.01345
133	141	1.04198
133	142	1.11321
133	146	1.03649
133	150	0.896136
133	152	0.955162
133	155	1.06465
133	158	0.998963
133	165	1.03651
133	168	1.07577
133	170	1.05205
133	172	1.07443
133	173	1.0596
133	176	0.808994
133	177	1.06617
133	178	1.02686
133	179	1.00679
133	180	1.16726
134	40	1.00081
134	45	0.942846
134	59	1.01116
134	63	0.896287
134	79	0.815871
134	89	0.988543
134	93	0.970075
134	94	0.931875
134	96	0.985403
134	100	0.969682
134	101	0.967974
134	117	1.00665
134	120	0.997637
134	125	1.02022
134	128	1.01121
134	137	1.07185
134	143	1.09165
134	147	1.00123
134	148	1.03332
134	153	0.985626
134	155	0.710577
134	156	1.06581
134	157	1.05655
134	159	1.05166
134	160	1.06145
134	161	1.07521
134	164	1.08767
134	166	1.09118
134	167	1.09256
134	168	1.07371
134	169	1.13091
134	175	1.24245
134	176	0.797623
135	1	0.929585
135	6	1.0402
135	23	0.941017
135	35	1.15378
135	40	0.967743
135	47	0.757939
135	64	1.07183
135	67	1.02745
135	69	1.06801
135	80	0.855312
135	83	1.01026
135	99	1.07085
135	102	1.09446
135	110	0.979923
135	114	0.97224
135	121	1.017
135	130	1.09241
135	136	1.04249
135	145	0.791568
135	147	1.04557
135	150	1.00036
135	153	0.963768
135	154	1.02176
135	157	1.01196
135	158	1.00356
135	162	1.00689
135	163	1.01866
135	165	0.980554
135	169	0.975864
135	174	1.00546
135	175	0.953032
135	178	1.02851
135	179	1.01992
135	180	0.979239
136	8	0.963177
136	11	0.942849
136	18	1.09393
136	20	1.05516
136	38	0.859841
136	69	1.1453
136	76	1.0268
136	87	0.191081
136	89	0.938394
136	93	1.0718
136	98	1.04403
136	114	1.0232
136	118	1.05491
136	119	1.02567
136	121	1.06796
136	124	0.995311
136	128	1.04178
136	132	1.02949
136	135	1.04249
136	139	1.02212
136	144	0.808082
136	150	1.05131
136	152	1.04734
136	153	1.04106
136	157	1.06292
136	159	1.03865
136	166	1.0321
136	168	1.03705
136	169	1.02682
136	174	1.05641
136	175	1.00399
136	176	0.835761
136	178	1.07947
136	179	1.07088
136	180	1.0302
137	6	0.744454
137	62	0.999243
137	63	0.950967
137	66	1.0363
137	84	1.06309
137	89	1.04322
137	90	1.02274
137	93	1.02475
137	94	0.986555
137	96	1.04008
137	100	1.02436
137	101	1.02265
137	117	1.06133
137	118	0.75735
137	120	1.05232
137	125	1.0749
137	134	1.07185
137	139	0.990351
137	143	0.961526
137	145	0.859067
137	147	0.871108
137	148	1.088
137	153	1.04031
137	156	1.12049
137	159	1.10634
137	160	1.11613
137	161	1.12989
137	164	1.14235
137	166	1.14586
137	167	1.14724
137	169	1.00079
137	171	0.96188
137	174	0.949534
137	176	0.852303
137	178	0.894675
137	180	1.03508
138	8	0.874731
138	31	0.734776
138	64	1.03434
138	71	0.911784
138	86	0.988902
138	121	0.979512
138	122	0.964878
138	128	0.953339
138	131	0.9916
138	139	0.933677
138	141	1.03265
138	143	0.929867
138	144	0.719636
138	146	1.09942
138	147	1.00808
138	150	0.962867
138	152	0.958894
138	154	0.984271
138	155	1.16633
138	156	1.07666
138	158	0.966073
138	159	1.14214
138	162	0.969406
138	163	0.981167
138	164	1.10599
138	166	1.13559
138	168	0.948606
138	169	0.938376
138	170	1.14637
138	171	0.952017
138	172	1.16731
138	174	0.967967
138	175	0.915544
138	179	0.982433
138	180	0.941751
139	24	1.13245
139	37	0.958758
139	38	0.937633
139	57	1.13997
