1	31	1.01358
1	129	1.04211
1	134	1.0358
1	155	1.0275
1	158	0.962184
1	161	0.952012
1	164	1.02504
1	168	1.0323
1	169	1.02368
1	173	0.972119
1	177	0.957398
1	178	0.963526
2	53	1.02346
2	64	0.898146
2	80	0.998768
2	86	0.934457
2	105	1.07304
2	141	1.05434
2	142	1.00343
2	161	0.978398
2	162	1.02614
2	171	1.00643
2	175	0.990048
2	179	1.02083
3	103	0.907399
3	116	0.99478
3	141	0.943573
3	151	1.00268
3	162	0.958803
3	164	0.989698
3	171	1.02008
3	173	1.02813
3	174	1.04528
3	176	1.02647
3	177	1.04053
3	178	1.03683
4	34	0.842252
4	39	0.914048
4	55	0.858993
4	59	0.867253
4	78	1.19521
4	92	0.869518
4	103	0.924064
4	138	0.870751
4	152	1.18515
4	156	1.21904
4	169	1.2044
4	180	1.05312
5	34	0.971379
5	35	0.954985
5	39	1.04317
5	59	0.99638
5	92	0.998645
5	103	1.05319
5	111	0.942204
5	143	0.955458
5	157	0.935901
5	159	0.985371
5	176	0.988606
5	180	1.18225
6	34	0.975508
6	46	1.09081
6	55	0.992249
6	58	0.985266
6	59	1.00051
6	92	1.00277
6	102	0.897996
6	103	1.05732
6	148	0.982009
6	157	0.912077
6	160	0.922075
6	180	1.18638
7	16	0.932886
7	23	1.00074
7	100	0.897178
7	119	1.07348
7	142	1.03854
7	150	1.0638
7	158	0.970683
7	168	1.04958
7	169	1.04096
7	171	0.988539
7	176	0.979123
7	178	0.972025
8	120	1.01778
8	143	0.932663
8	147	1.0192
8	150	1.02475
8	152	0.939368
8	153	1.02298
8	156	0.973258
8	167	0.944475
8	168	1.01053
8	169	1.00191
8	170	1.10374
8	179	1.01689
9	41	1.08821
9	51	1.02181
9	62	0.984583
9	66	1.06861
9	71	0.950143
9	74	1.05638
9	101	1.00699
9	105	1.09188
9	112	0.968402
9	159	0.991169
9	173	0.995898
9	180	0.783652
10	22	0.994634
10	57	0.968331
10	106	0.98517
10	146	0.954636
10	160	0.891664
10	161	1.02446
10	163	1.03515
10	165	1.00764
10	172	1.0402
10	175	1.0279
10	177	1.03418
10	178	1.03048
11	24	1.01354
11	27	1.01364
11	71	0.956159
11	125	0.973353
11	141	1.07919
11	142	1.02828
11	143	0.939755
11	149	1.05819
11	152	0.94646
11	162	1.051
11	171	0.982318
11	175	0.96594
12	78	0.955877
12	109	0.954325
12	121	0.98979
12	130	1.04135
12	131	1.04685
12	146	1.03961
12	151	0.982446
12	154	1.00527
12	162	1.04122
12	166	0.933134
12	171	0.98167
12	179	1.0359
13	82	0.978917
13	88	0.98199
13	114	1.02354
13	130	1.04827
13	141	1.07633
13	161	0.997089
13	162	1.04813
13	163	1.00333
13	166	0.976582
13	171	1.02512
13	179	1.04282
13	180	0.80495
14	15	0.909799
14	36	0.92869
14	57	0.883075
14	67	0.940066
14	70	1.14451
14	72	0.90066
14	81	0.912857
14	96	1.23615
14	123	0.87219
14	133	1.19078
14	142	0.852663
14	151	1.23133
15	14	0.909799
15	23	0.992242
15	24	0.969626
15	36	1.10606
15	54	0.957243
15	57	1.06045
15	81	1.09023
15	95	1.01118
15	109	0.949517
15	135	0.95053
15	142	1.03004
15	151	0.977637
16	7	0.932886
16	23	0.829455
16	36	0.943278
16	45	1.13011
16	57	0.897662
16	72	0.915248
16	81	0.927444
16	110	1.20618
16	123	0.886777
16	142	0.86725
16	162	1.24049
16	166	1.22744
17	54	0.924201
17	59	0.92011
17	82	1.03902
17	114	0.966067
17	116	0.94431
17	152	1.04309
17	156	1.01193
17	159	1.02406
17	166	1.0375
17	167	1.03523
17	171	1.01701
17	175	1.03119
18	37	1.07854
18	88	0.97251
18	91	1.03795
18	95	0.967536
18	121	0.987229
18	126	1.02932
18	150	0.935937
18	157	0.927151
18	160	1.0558
18	162	1.03865
18	168	0.981679
18	171	0.989272
19	50	1.00371
19	127	0.881239
19	139	0.960064
19	142	0.96702
19	161	1.02574
19	168	0.980118
19	171	1.015
19	172	1.04148
19	175	1.02918
19	176	1.02139
19	177	1.03546
19	178	1.03176
20	38	0.997988
20	61	1.06731
20	119	1.00871
20	136	1.06674
20	151	0.945143
20	153	1.05093
20	159	0.969579
20	161	0.973274
20	163	0.983965
20	166	0.983019
20	172	0.989015
20	175	0.976714
20	178	0.979292
21	124	1.04637
21	142	1.07002
21	147	1.06398
21	152	0.982969
21	155	1.06676
21	163	0.978322
21	166	0.977376
21	170	0.94601
21	173	0.964947
21	174	0.982099
21	176	0.963285
21	177	0.977353
21	178	0.97365
22	10	0.994634
22	30	0.928263
22	54	0.958249
22	76	0.940869
22	100	1.00651
22	118	0.99129
22	136	0.963722
22	144	1.07016
22	153	0.973493
22	160	0.989856
22	170	1.05426
22	174	1.05644
22	179	1.07354
23	7	1.00074
23	15	0.992242
23	16	0.829455
23	36	1.01113
23	57	0.965517
23	67	1.02251
23	72	0.983103
23	81	0.995299
23	112	1.01302
23	145	1.08023
23	148	1.05625
23	149	1.00582
23	151	1.04921
24	11	1.01354
24	15	0.969626
24	26	1.05654
24	71	1.11105
24	130	0.981008
24	146	0.979265
24	156	0.949043
24	161	0.964868
24	162	0.980871
24	164	1.03519
24	169	1.02318
24	176	0.960521
24	178	0.970886
25	115	0.951409
25	134	0.965556
25	144	0.97255
25	145	1.08873
25	147	0.97072
25	150	0.976273
25	152	1.02108
25	159	1.04429
25	164	0.954795
25	169	0.953432
25	170	1.05527
25	172	1.00425
25	173	1.04902
26	24	1.05654
26	32	0.93764
26	76	0.947933
26	106	0.930962
26	118	0.998355
26	135	1.03745
26	137	0.946311
26	140	1.00693
26	153	0.980557
26	160	0.99692
26	165	1.06321
26	170	1.06132
26	179	1.03945
27	11	1.01364
27	62	0.920572
27	68	1.04757
27	71	0.886131
27	74	0.992371
27	80	0.953599
27	105	1.02787
27	142	0.958256
27	148	1.07245
27	152	1.02878
27	166	1.0161
27	175	1.04826
27	177	1.042
28	42	1.14101
28	123	1.01826
28	139	1.01937
28	147	1.02029
28	148	0.930727
28	157	0.980746
28	160	0.994896
28	166	0.959236
28	171	0.938754
28	175	0.952932
28	176	0.945145
28	178	0.95551
28	180	1.13695
29	44	1.01769
29	115	0.9594
29	134	0.973547
29	147	0.978712
29	151	1.1011
29	158	1.08247
29	160	1.0482
29	164	0.962787
29	168	0.970044
29	169	0.961424
29	173	1.0924
29	179	0.976402
29	180	0.880156
30	22	0.928263
30	76	0.942037
30	87	0.991063
30	99	1.1204
30	106	0.925066
30	118	0.992459
30	122	1.0578
30	144	1.08052
30	153	0.974661
30	160	0.991024
30	170	1.05543
30	172	1.05553
30	180	0.888054
31	1	1.01358
31	59	1.02844
31	117	0.952351
31	129	0.986089
31	132	0.96354
31	145	1.08394
31	155	0.971477
31	164	0.969022
31	168	0.97628
31	169	0.967659
31	171	1.05215
31	174	1.01073
31	177	1.02951
32	26	0.93764
32	47	0.9602
32	54	0.96173
32	106	0.927379
32	118	0.994771
32	136	0.967204
32	160	0.993337
32	161	1.02968
32	168	1.05011
32	170	1.05774
32	175	1.04133
32	176	1.04829
32	177	1.03506
33	37	1.01256
33	53	1.0415
33	60	1.04643
33	150	1.02295
33	161	0.971944
33	163	0.982635
33	165	0.955125
33	168	1.06869
33	172	0.987685
33	175	0.975385
33	176	0.967598
33	177	0.981665
33	178	0.977962
34	4	0.842252
34	5	0.971379
34	6	0.975508
34	35	0.923116
34	58	0.949269
34	92	0.966776
34	103	1.02132
34	120	1.09415
34	146	1.06245
34	157	0.989476
34	161	1.02357
34	178	1.03508
34	180	1.15038
35	5	0.954985
35	34	0.923116
35	58	0.932874
35	59	0.948117
35	92	0.950382
35	95	1.04343
35	103	1.00493
35	138	0.951615
35	152	1.02931
35	165	1.0646
35	172	1.01247
35	173	1.05725
35	180	1.13398
36	14	0.92869
36	15	1.10606
36	16	0.943278
36	23	1.01113
36	67	1.13633
36	72	1.09693
36	81	1.10912
36	123	1.06845
36	130	0.948444
36	167	0.926772
36	172	0.904827
36	173	0.949601
36	177	0.93488
36	178	0.941009
37	18	1.07854
37	33	1.01256
37	73	1.05177
37	109	0.955957
37	149	1.06541
37	154	1.02228
37	162	1.05822
37	164	1.03929
37	166	0.934767
37	168	1.04655
37	169	1.03793
37	175	0.966925
37	176	0.973887
37	180	0.763135
38	20	0.997988
38	43	1.08031
38	79	0.977421
38	89	1.06709
38	94	1.03432
38	112	1.04711
38	130	1.04463
38	146	1.04288
38	158	0.954834
38	159	0.96004
38	162	1.04449
38	173	0.964769
38	179	1.03918
38	180	0.752523
39	4	0.914048
39	5	1.04317
39	48	0.936242
39	55	1.02805
39	58	1.02106
39	92	1.03857
39	103	1.09312
39	112	0.927889
39	138	1.0398
39	160	0.911185
39	169	0.946703
39	177	0.940664
39	179	0.938978
39	180	1.22217
40	71	1.20335
40	76	1.13115
40	80	1.11595
40	107	1.03568
40	157	0.959577
40	161	0.928323
40	165	0.911504
40	167	0.935804
40	173	0.925639
40	174	0.942791
40	176	0.923976
40	177	0.938044
40	178	0.934341
40	179	1.10776
41	9	1.08821
41	51	1.03839
41	62	1.00116
41	68	1.12815
41	69	1.07021
41	71	0.966721
41	74	1.07296
41	80	1.03419
41	100	0.906248
41	152	0.961751
41	159	0.984958
41	171	0.997609
41	175	0.981231
41	180	0.777441
42	28	1.14101
42	56	1.10489
42	96	0.905995
42	104	0.906188
42	117	0.91014
42	131	1.12069
42	132	0.921329
42	147	0.942736
42	158	1.12316
42	161	1.11298
42	164	0.926811
42	168	0.934069
42	169	0.925449
42	170	1.02728
43	38	1.08031
43	86	0.882966
43	99	1.01068
43	114	1.02956
43	124	1.04542
43	146	1.05255
43	148	0.962747
43	149	1.06134
43	159	0.942285
43	160	1.0713
43	164	0.950343
43	165	0.954366
43	174	0.913508
43	179	1.04884
44	29	1.01769
44	116	1.02858
44	140	0.929717
44	146	0.997417
44	150	1.05686
44	164	1.03538
44	168	1.04264
44	169	1.03402
44	170	1.13585
44	173	0.978645
44	175	0.970189
44	177	0.963924
44	179	1.049
44	180	0.766399
45	16	1.13011
45	97	0.957469
45	113	0.89735
45	119	0.837548
45	159	1.04731
45	165	1.03419
45	168	0.893558
45	171	1.04027
45	173	1.04832
45	174	1.06548
45	176	1.04666
45	177	1.06073
45	178	1.05703
45	179	0.876822
46	6	1.09081
46	54	1.14401
46	85	1.09776
46	124	1.11929
46	128	0.924634
46	153	1.14224
46	165	0.914704
46	167	0.939003
46	171	0.920785
46	172	0.947263
46	173	0.928838
46	174	0.94599
46	177	0.941243
46	178	0.937541
47	32	0.9602
47	76	0.970493
47	87	1.01952
47	106	0.953522
47	111	1.00671
47	118	1.02091
47	122	1.01211
47	137	0.968871
47	144	1.03482
47	153	1.00312
47	159	1.04987
47	160	1.01948
47	164	1.05793
47	170	1.08388
47	180	0.842357
48	39	0.936242
48	58	0.999849
48	61	1.01495
48	88	1.09732
48	105	0.931682
48	145	0.976475
48	165	0.9838
48	166	1.01036
48	167	1.0081
48	168	1.01236
48	172	1.01636
48	173	0.997934
48	175	1.00406
48	176	0.996272
48	178	1.00664
49	75	1.05806
49	88	0.946458
49	121	0.961177
49	131	1.01824
49	138	0.998718
49	139	1.01698
49	141	1.0408
49	149	1.01979
49	154	0.976661
49	162	1.0126
49	172	0.964797
49	174	0.976065
49	176	1.00808
49	178	1.00098
49	179	1.00729
50	19	1.00371
50	78	1.03723
50	89	1.01992
50	107	1.04173
50	114	0.97273
50	130	0.997462
50	131	1.00296
50	154	0.961384
50	160	1.01447
50	162	0.997325
50	165	1.06245
50	166	1.01448
50	175	1.04664
50	179	0.992014
50	180	0.842852
51	9	1.02181
51	41	1.03839
51	62	0.934763
51	68	1.06176
51	69	1.00381
51	80	0.96779
51	101	0.957165
51	105	1.04206
51	125	1.0396
51	128	1.06701
51	142	0.972447
51	157	0.986445
51	165	1.048
51	176	1.03915
51	180	0.828398
52	66	1.07601
52	113	1.0189
52	119	1.02009
52	132	0.983448
52	147	1.00486
52	153	1.00863
52	155	0.991385
52	159	0.998571
52	163	0.989433
52	164	0.98893
52	167	0.98047
52	168	0.996188
52	169	0.987567
52	174	0.969794
52	178	0.994707
53	2	1.02346
53	33	1.0415
53	84	0.958257
53	99	0.972173
53	126	1.00632
53	139	1.02004
53	140	0.955385
53	146	1.01405
53	148	1.02005
53	154	0.979712
53	156	1.01027
53	162	1.01565
53	163	0.990446
53	177	0.989592
53	179	1.01034
54	15	0.957243
54	17	0.924201
54	22	0.958249
54	32	0.96173
54	46	1.14401
54	86	0.955431
54	87	1.02105
54	106	0.955053
54	118	1.02245
54	137	0.970402
54	153	1.00465
54	160	1.02101
54	165	1.02683
54	167	0.99665
54	170	1.08541
55	4	0.858993
55	6	0.992249
55	39	1.02805
55	58	0.96601
55	59	0.981252
55	91	1.03641
55	92	0.983517
55	103	1.03806
55	110	0.949867
55	138	0.98475
55	148	1.02748
55	173	1.01175
55	174	0.978242
55	178	1.00316
55	180	1.16712
56	42	1.10489
56	68	0.905272
56	109	1.00596
56	124	0.966558
56	135	1.00502
56	146	1.02175
56	152	1.00926
56	165	0.977106
56	166	1.00367
56	168	1.00331
56	169	0.994294
56	174	1.00839
56	175	0.997365
56	176	0.989578
56	177	1.00365
57	10	0.968331
57	14	0.883075
57	15	1.06045
57	16	0.897662
57	23	0.965517
57	67	1.09072
57	72	1.05131
57	79	1.07629
57	81	1.06351
57	95	0.984452
57	107	0.975154
57	142	1.00331
57	145	1.10335
57	174	1.03014
57	180	0.851397
58	6	0.985266
58	34	0.949269
58	35	0.932874
58	39	1.02106
58	48	0.999849
58	55	0.96601
58	92	0.976534
58	103	1.03108
58	138	0.977767
58	140	0.970063
58	163	1.00512
58	176	1.0175
58	177	1.00427
58	178	1.0104
58	180	1.16014
59	4	0.867253
59	5	0.99638
59	6	1.00051
59	17	0.92011
59	31	1.02844
59	35	0.948117
59	55	0.981252
59	75	1.06387
59	92	0.991777
59	103	1.04632
59	138	0.99301
59	158	1.00545
59	172	0.970613
59	173	1.01539
59	180	1.17538
60	33	1.04643
60	84	0.946542
60	112	1.00656
60	114	0.979343
60	124	0.9952
60	130	1.00407
60	141	1.03213
60	143	0.974605
60	149	1.01113
60	153	0.995776
60	159	1.00452
60	160	1.02108
60	162	1.00394
60	174	0.975741
60	176	1.00775
61	20	1.06731
61	48	1.01495
61	83	1.03092
61	129	0.993545
61	144	0.994232
61	155	0.978932
61	164	0.976478
61	168	0.983735
61	169	0.975115
61	170	1.07695
61	171	1.04202
61	173	1.0341
61	178	1.0255
61	179	0.990093
61	180	0.82185
62	9	0.984583
62	27	0.920572
62	41	1.00116
62	51	0.934763
62	68	1.02453
62	69	0.96658
62	71	0.863092
62	74	0.969332
62	80	0.93056
62	105	1.00483
62	143	1.04265
62	145	1.117
62	171	1.08521
62	172	1.03251
62	175	1.06883
62	177	1.06257
63	88	0.893357
63	91	0.958797
63	107	1.00391
63	120	1.13307
63	131	0.96514
63	139	0.963883
63	143	1.04795
63	146	0.957894
63	149	0.96669
63	155	1.06656
63	157	1.02839
63	160	0.976643
63	162	0.9595
63	174	1.04908
63	176	1.0811
63	179	0.95419
64	2	0.898146
64	131	0.918416
64	141	0.888022
64	144	0.911034
64	151	1.03754
64	153	0.917348
64	154	0.97441
64	160	0.886618
64	166	1.07542
64	167	1.07316
64	171	1.05494
64	172	1.08142
64	175	1.06911
64	176	1.06133
64	177	1.0754
64	178	1.07169
65	83	1.0041
65	117	0.93298
65	129	0.966718
65	134	0.960412
65	147	0.965576
65	155	0.952106
65	156	1.07795
65	159	1.06727
65	164	0.949651
65	165	1.07935
65	168	0.956908
65	169	0.948288
65	175	1.06354
65	177	1.05728
65	178	1.06341
65	179	0.963266
66	9	1.06861
66	52	1.07601
66	83	1.01782
66	93	1.07875
66	122	0.971813
66	150	1.05847
66	161	0.954655
66	163	0.965346
66	169	1.0952
66	171	0.943917
66	172	0.970396
66	173	0.95197
66	174	0.969122
66	175	0.958096
66	176	0.950308
66	177	0.964376
67	14	0.940066
67	23	1.02251
67	36	1.13633
67	57	1.09072
67	70	0.844919
67	72	1.1083
67	81	1.1205
67	95	1.04144
67	114	0.953213
67	123	1.07983
67	142	1.0603
67	143	0.888403
67	145	0.962754
67	158	0.91311
67	171	0.930966
67	175	0.914588
68	27	1.04757
68	41	1.12815
68	51	1.06176
68	56	0.905272
68	62	1.02453
68	71	0.990085
68	72	0.879759
68	74	1.09633
68	80	1.05755
68	105	1.13182
68	142	1.06221
68	147	0.914666
68	163	0.919605
68	168	0.933801
68	169	0.92479
68	179	0.917065
69	41	1.07021
69	51	1.00381
69	62	0.96658
69	102	0.929274
69	105	1.07388
69	109	0.978129
69	135	0.979142
69	142	1.00426
69	150	1.02953
69	164	1.00805
69	166	0.956938
69	168	1.01531
69	169	1.00669
69	171	1.00547
69	173	0.997553
69	174	0.964047
69	179	1.02167
70	14	1.14451
70	67	0.844919
70	82	1.05617
70	129	0.928062
70	132	0.97265
70	150	0.907637
70	151	0.97178
70	153	0.93958
70	158	1.00474
70	163	1.0106
70	167	1.00739
70	171	0.989173
70	172	1.01565
70	174	1.01438
70	175	1.00335
70	176	0.995564
70	180	1.18737
71	9	0.950143
71	11	0.956159
71	24	1.11105
71	27	0.886131
71	40	1.20335
71	41	0.966721
71	62	0.863092
71	68	0.990085
71	74	0.934891
71	80	0.896119
71	98	1.15325
71	101	0.885494
71	105	0.970389
71	115	1.13926
71	142	0.900776
71	151	1.11906
71	174	1.07685
72	14	0.90066
72	16	0.915248
72	23	0.983103
72	36	1.09693
72	57	1.05131
72	67	1.1083
72	68	0.879759
72	81	1.08109
72	90	0.981981
72	95	1.00204
72	120	1.02794
72	123	1.04042
72	128	1.00383
72	142	1.0209
72	156	0.983417
72	178	0.968871
72	179	0.961056
73	37	1.05177
73	85	1.03883
73	110	0.929156
73	112	0.963541
73	119	1.02412
73	132	0.987477
73	144	1.01071
73	147	1.00888
73	161	0.97093
73	164	0.99296
73	165	0.998389
73	168	1.00022
73	169	0.991597
73	170	1.09343
73	176	0.989543
73	177	0.976316
73	178	0.982445
74	9	1.05638
74	27	0.992371
74	41	1.07296
74	62	0.969332
74	68	1.09633
74	71	0.934891
74	80	1.00236
74	101	0.991734
74	105	1.07663
74	108	0.952913
74	142	1.00702
74	158	0.97813
74	159	0.983336
74	163	0.974197
74	166	0.94745
74	173	0.988064
74	176	0.98657
75	49	1.05806
75	59	1.06387
75	127	1.03433
75	134	0.96867
75	142	1.06689
75	144	0.975664
75	147	0.973834
75	153	0.977614
75	155	0.960364
75	157	1.02546
75	164	0.957909
75	165	1.08701
75	168	0.965167
75	169	0.956547
75	170	1.05838
75	172	1.03489
75	179	0.971524
75	180	0.867416
76	22	0.940869
76	26	0.947933
76	30	0.942037
76	40	1.13115
76	47	0.970493
76	106	0.937672
76	117	1.10722
76	118	1.00506
76	127	1.04398
76	137	0.953021
76	138	1.0273
76	148	1.05389
76	153	0.987267
76	160	1.00363
76	170	1.06803
76	176	1.03666
76	179	1.02175
76	180	0.825911
77	82	0.919069
77	101	1.10835
77	102	1.01001
77	107	1.03269
77	114	0.96369
77	126	0.978952
77	130	0.988422
77	139	0.992668
77	149	0.995475
77	152	1.05035
77	154	0.952344
77	160	1.00543
77	162	0.988285
77	163	1.06442
77	174	1.04478
77	177	1.06357
77	179	0.982974
77	180	0.866041
78	4	1.19521
78	12	0.955877
78	50	1.03723
78	96	0.954716
78	113	1.00551
78	124	0.976886
78	130	1.01215
78	146	1.03208
78	161	0.978455
78	162	0.985738
78	163	0.989146
78	164	0.975533
78	168	0.98279
78	169	0.97417
78	174	0.992923
78	176	0.974109
78	177	0.988177
78	178	0.984474
79	38	0.977421
79	57	1.07629
79	106	1.09313
79	118	0.981968
79	137	0.96067
79	139	1.0241
79	142	1.03106
79	144	0.992966
79	148	0.95937
79	149	1.00913
79	157	1.00939
79	164	0.975211
79	168	0.982469
79	169	0.973848
79	172	0.993875
79	173	0.975449
79	174	0.992601
79	178	0.984152
80	2	0.998768
80	27	0.953599
80	40	1.11595
80	41	1.03419
80	51	0.96779
80	62	0.93056
80	68	1.05755
80	71	0.896119
80	74	1.00236
80	101	0.952962
80	105	1.03786
80	122	0.980462
80	133	0.991101
80	142	0.968244
80	145	1.06267
80	158	1.01302
80	171	1.03088
80	175	1.0145
81	14	0.912857
81	15	1.09023
81	16	0.927444
81	23	0.995299
81	36	1.10912
81	57	1.06351
81	67	1.1205
81	72	1.08109
81	95	1.01423
81	123	1.05262
81	142	1.03309
81	145	0.999303
81	151	0.968291
81	152	0.931657
81	162	0.932028
81	164	0.962923
81	166	0.918979
81	171	0.967515
81	174	0.926088
82	13	0.978917
82	17	1.03902
82	70	1.05617
82	77	0.919069
82	89	0.971715
82	91	0.948413
82	97	0.912188
82	107	0.993524
82	146	0.947511
82	149	0.956306
82	154	0.913176
82	160	0.966259
82	162	0.949117
82	167	1.11147
82	170	0.997516
82	171	1.14222
82	176	1.1328
82	178	1.1257
82	179	0.943806
83	61	1.03092
83	65	1.0041
83	66	1.01782
83	93	0.919978
83	94	0.958562
83	104	1.0143
83	128	0.971484
83	129	1.05199
83	134	1.04569
83	150	1.0564
83	155	1.03738
83	158	0.935182
83	163	0.93125
83	164	1.03493
83	168	1.04218
83	169	1.03356
83	175	0.93666
83	178	0.936524
83	179	1.04854
84	53	0.958257
84	60	0.946542
84	109	1.07625
84	114	0.936342
84	117	1.16475
84	121	0.909512
84	124	0.952199
84	126	0.951604
84	129	1.07069
84	131	0.966576
84	146	0.959331
84	154	0.924996
84	156	1.10163
84	158	1.08574
84	160	0.978079
84	162	0.960937
84	166	1.05506
84	172	1.0509
84	179	0.955626
85	46	1.09776
85	73	1.03883
85	108	0.938079
85	119	1.05751
85	132	1.02087
85	134	1.03711
85	144	1.04411
85	150	1.04783
85	155	1.02881
85	161	0.953123
85	164	1.02635
85	165	0.980582
85	167	0.950401
85	168	1.03361
85	169	1.02499
85	175	0.964774
85	178	0.964638
85	179	1.03997
85	180	0.760984
86	2	0.934457
86	43	0.882966
86	54	0.955431
86	114	0.997297
86	132	0.986728
86	134	0.963281
86	160	0.922929
86	163	1.0446
86	165	1.01709
86	166	1.04366
86	167	1.04139
86	171	1.02317
86	173	1.03123
86	174	1.04838
86	175	1.03735
86	176	1.02956
86	177	1.04363
86	178	1.03993
86	179	0.950722
87	30	0.991063
87	47	1.01952
87	54	1.02105
87	95	0.97899
87	106	0.986698
87	110	0.930923
87	118	1.05409
87	127	1.093
87	136	1.02652
87	137	1.00205
87	153	1.03629
87	160	1.05266
87	163	0.978937
87	164	0.996133
87	169	0.984122
87	170	1.11706
87	177	0.978083
87	179	0.976397
87	180	0.780558
88	13	0.98199
88	18	0.97251
88	48	1.09732
88	49	0.946458
88	63	0.893357
88	122	1.07397
88	124	0.943452
88	132	1.13607
88	139	0.956572
88	140	1.06754
88	141	0.980384
88	146	0.950583
88	148	1.1322
88	149	0.959379
88	154	0.916248
88	162	0.952189
88	170	0.979688
88	173	1.11647
88	179	0.946879
89	38	1.06709
89	50	1.01992
89	82	0.971715
89	90	0.977059
89	99	0.997451
89	102	0.904262
89	107	1.08534
89	124	1.03219
89	126	1.0316
89	139	1.04531
89	141	1.06913
89	146	1.03933
89	162	1.04093
89	163	0.958674
89	167	0.949712
89	172	0.927767
89	173	0.972541
89	175	0.964085
89	177	0.95782
90	72	0.981981
90	89	0.977059
90	103	0.956724
90	112	1.01747
90	129	1.01071
90	145	0.974697
90	147	1.01689
90	150	0.990281
90	153	1.02222
90	156	0.983017
90	159	0.995147
90	163	1.00953
90	165	0.982023
90	166	1.00859
90	168	1.03602
90	172	1.01458
90	174	1.01331
90	175	1.00228
90	176	0.994495
90	178	1.00486
91	18	1.03795
91	55	1.03641
91	63	0.958797
91	82	0.948413
91	97	0.980701
91	114	0.993035
91	122	1.01335
91	124	1.00889
91	126	1.0083
91	130	1.01777
91	134	1.052
91	139	1.02201
91	149	1.02482
91	154	0.981689
91	161	1.03574
91	162	1.01763
91	165	1.0632
91	170	0.919065
91	177	1.04112
91	180	0.843597
92	4	0.869518
92	5	0.998645
92	6	1.00277
92	34	0.966776
92	35	0.950382
92	39	1.03857
92	55	0.983517
92	58	0.976534
92	59	0.991777
92	95	1.00577
92	103	1.04859
92	111	0.971691
92	138	0.995275
92	156	1.02554
92	165	1.02694
92	166	0.978972
92	174	0.986081
92	178	1.01099
92	179	1.00318
92	180	1.17764
93	66	1.07875
93	83	0.919978
93	107	1.0454
93	114	0.976399
93	121	0.949569
93	128	1.0324
93	131	1.00663
93	138	0.995185
93	139	1.00538
93	141	1.02919
93	146	0.999388
93	149	1.00818
93	152	0.978101
93	154	0.965052
93	159	1.00131
93	160	1.01814
93	162	1.00099
93	173	1.00604
93	178	0.997445
93	179	0.995683
94	38	1.03432
94	83	0.958562
94	103	0.965652
94	124	0.999422
94	129	1.01963
94	134	1.04077
94	142	1.03185
94	146	1.00655
94	149	1.01535
94	153	1.03115
94	154	0.972219
94	158	0.996985
94	159	0.988462
94	162	1.00816
94	167	0.999638
94	169	1.03594
94	170	0.907843
94	171	0.98142
94	175	0.995598
94	177	1.00188
95	15	1.01118
95	18	0.967536
95	35	1.04343
95	57	0.984452
95	67	1.04144
95	72	1.00204
95	81	1.01423
95	87	0.97899
95	92	1.00577
95	130	1.01621
95	131	1.00496
95	141	0.974567
95	142	0.95404
95	153	1.00389
95	157	0.992008
95	159	0.957059
95	166	0.970498
95	173	0.958069
95	178	0.966772
95	180	1.14821
96	14	1.23615
96	42	0.905995
96	78	0.954716
96	112	1.01719
96	132	0.954183
96	134	0.970426
96	136	0.9696
96	144	0.97742
96	150	0.981143
96	153	0.97937
96	155	0.96212
96	163	1.03082
96	164	0.959665
96	166	1.00408
96	168	0.966923
96	169	0.958302
96	170	1.06014
96	173	1.04469
96	174	1.01118
96	177	1.02997
96	178	1.0361
97	45	0.957469
97	82	0.912188
97	91	0.980701
97	99	0.937925
97	121	0.929979
97	124	0.972667
97	131	0.987043
97	141	1.0096
97	146	0.979798
97	149	0.988594
97	151	1.10411
97	154	0.945463
97	155	1.07939
97	160	0.998546
97	161	1.07531
97	162	0.981404
97	165	1.10277
97	166	1.0548
97	167	1.07259
97	170	0.958638
97	179	0.976093
98	71	1.15325
98	119	1.01839
98	142	1.0613
98	143	0.973941
98	147	1.05526
98	152	0.978291
98	158	0.967782
98	159	0.959259
98	160	1.02987
98	163	0.973645
98	164	1.0774
98	167	0.970435
98	170	0.937291
98	171	0.952217
98	172	0.978695
98	173	0.96027
98	174	0.977422
98	175	0.966395
98	177	0.972675
98	178	0.968972
98	179	1.05766
99	30	1.1204
99	43	1.01068
99	53	0.972173
99	89	0.997451
99	97	0.937925
99	116	1.05969
99	121	0.923429
99	126	0.965521
99	129	1.02629
99	130	0.974991
99	139	0.979236
99	143	1.01663
99	146	0.973248
99	149	0.982043
99	154	0.938912
99	162	0.974853
99	167	1.02845
99	171	1.0592
99	173	1.05128
99	178	1.04268
99	179	0.969543
100	7	0.897178
100	22	1.00651
100	41	0.906248
100	104	0.994459
100	107	0.859248
100	130	0.94658
100	136	0.950078
100	143	1.04111
100	144	0.927953
100	158	1.03495
100	160	0.903537
100	165	1.0133
100	166	1.03986
100	172	1.04586
100	173	1.02744
100	174	1.04459
100	175	1.03356
100	176	1.02577
100	177	1.03984
100	178	1.03614
100	180	1.21758
101	9	1.00699
101	51	0.957165
101	71	0.885494
101	74	0.991734
101	77	1.10835
101	80	0.952962
101	104	0.940786
101	105	1.02723
101	113	0.991383
101	135	1.04283
101	141	1.01844
101	153	0.981114
101	163	1.04737
101	164	0.961409
101	168	0.968666
101	169	0.960046
101	171	1.06916
101	172	1.01646
101	175	1.05278
101	178	1.05264
101	179	0.975024
102	6	0.897996
102	69	0.929274
102	77	1.01001
102	89	0.904262
102	105	0.882546
102	129	0.937908
102	131	0.950495
102	135	1.0623
102	148	1.03245
102	159	1.04752
102	161	1.05121
102	162	0.935331
102	165	1.03439
102	167	1.05869
102	171	1.04047
102	173	1.04853
102	174	1.06568
102	175	1.05465
102	176	1.04687
102	178	1.05723
102	179	0.94649
103	3	0.907399
103	4	0.924064
103	5	1.05319
103	6	1.05732
103	34	1.02132
103	35	1.00493
103	39	1.09312
103	55	1.03806
103	58	1.03108
103	59	1.04632
103	90	0.956724
103	92	1.04859
103	94	0.965652
103	138	1.04982
103	141	0.909411
103	156	0.95816
103	157	0.898008
103	165	0.959558
103	172	0.907432
103	175	0.94375
103	180	1.23219
104	42	0.906188
104	83	1.0143
104	100	0.994459
104	101	0.940786
104	110	1.01602
104	116	0.953055
104	117	0.943187
104	125	1.07686
104	138	1.06705
104	143	1.04326
104	150	0.981336
104	153	0.979563
104	155	0.962313
104	163	1.06403
104	164	0.959858
104	168	0.967116
104	169	0.958495
104	170	1.06033
104	171	1.08582
104	177	1.06318
104	179	0.973473
105	2	1.07304
105	9	1.09188
105	27	1.02787
105	48	0.931682
105	51	1.04206
105	62	1.00483
105	68	1.13182
105	69	1.07388
105	71	0.970389
105	74	1.07663
105	80	1.03786
105	101	1.02723
105	102	0.882546
105	142	1.04251
105	145	0.990534
105	152	0.922889
105	158	0.940891
105	161	0.930718
105	162	0.923259
105	176	0.949331
105	177	0.936105
106	10	0.98517
106	26	0.930962
106	30	0.925066
106	32	0.927379
106	47	0.953522
106	54	0.955053
106	76	0.937672
106	79	1.09313
106	87	0.986698
106	118	0.988094
106	127	1.02701
106	133	1.04863
106	136	0.960526
106	153	0.970296
106	160	0.98666
106	161	1.06038
106	170	1.05106
106	172	1.03571
106	174	1.04698
106	175	1.07203
106	179	1.06407
107	40	1.03568
107	50	1.04173
107	57	0.975154
107	63	1.00391
107	77	1.03269
107	82	0.993524
107	89	1.08534
107	93	1.0454
107	100	0.859248
107	138	0.931835
107	139	1.06712
107	141	1.09093
107	144	0.922904
107	149	1.06993
107	152	0.914751
107	154	1.0268
107	159	0.937959
107	160	1.07988
107	162	1.06274
107	167	0.919859
107	174	0.909182
108	74	0.952913
108	85	0.938079
108	115	1.02493
108	121	1.08299
108	125	1.00894
108	127	0.897475
108	141	0.95323
108	148	0.993831
108	149	0.961326
108	155	0.979997
108	157	1.04385
108	158	1.01742
108	159	1.0089
108	161	1.01259
108	163	1.02329
108	164	0.999354
108	165	0.995776
108	167	1.02008
108	173	1.00991
108	174	1.02706
108	175	1.01604
108	177	1.02232
109	12	0.954325
109	15	0.949517
109	37	0.955957
109	56	1.00596
109	69	0.978129
109	84	1.07625
109	145	0.974223
109	154	1.05534
109	160	0.967553
109	161	0.998366
109	162	0.984187
109	163	1.00906
109	165	0.981548
109	166	1.00811
109	170	0.874974
109	172	1.01411
109	173	0.995682
109	174	1.01283
109	175	1.00181
109	177	1.00809
109	178	1.00438
109	180	1.18583
110	16	1.20618
110	55	0.949867
110	73	0.929156
110	87	0.930923
110	104	1.01602
110	127	0.870745
110	146	0.988067
110	147	0.950489
110	151	0.988382
110	152	1.03185
110	156	1.00069
110	158	1.02134
110	161	1.01651
110	165	0.999694
110	167	1.02399
110	171	1.00578
110	172	1.03225
110	173	1.01383
110	174	1.03098
110	176	1.01217
110	178	1.02253
110	179	0.952888
111	5	0.942204
111	47	1.00671
111	92	0.971691
111	123	0.962446
111	136	0.985622
111	137	1.00443
111	149	0.948582
111	156	0.996397
111	157	1.04348
111	158	1.01705
111	159	1.00853
111	161	1.01222
111	163	1.02291
111	164	0.98661
111	165	0.995403
111	166	1.02197
111	167	1.0197
111	168	0.98361
111	173	1.00954
111	174	1.02669
111	176	1.00788
111	178	1.01824
112	9	0.968402
112	23	1.01302
112	38	1.04711
112	39	0.927889
112	60	1.00656
112	73	0.963541
112	90	1.01747
112	96	1.01719
112	114	0.996363
112	131	1.0266
112	136	1.00602
112	137	1.02483
112	154	0.985017
112	157	1.03621
112	162	1.02096
112	164	1.00701
112	166	1.0147
112	170	0.866902
112	171	0.994218
112	172	1.0207
112	174	1.01942
112	177	1.01468
113	45	0.89735
113	52	1.0189
113	78	1.00551
113	101	0.991383
113	129	1.02752
113	133	1.00344
113	137	0.995915
113	144	1.02821
113	147	1.02638
113	150	1.03193
113	155	1.01291
113	164	1.01046
113	167	1.01247
113	168	1.01771
113	169	1.00909
113	172	0.990523
113	173	1.0353
113	174	1.00179
113	177	1.02058
113	178	1.0267
113	179	1.02407
113	180	0.823051
114	13	1.02354
114	17	0.966067
114	43	1.02956
114	50	0.97273
114	60	0.979343
114	67	0.953213
114	77	0.96369
114	84	0.936342
114	86	0.997297
114	91	0.993035
114	93	0.976399
114	112	0.996363
114	126	0.984405
114	146	0.992132
114	149	1.00093
114	154	0.957797
114	155	1.04532
114	156	1.0673
114	158	1.05141
114	162	0.993738
114	163	1.04748
114	172	1.01657
114	173	1.06134
115	25	0.951409
115	29	0.9594
115	71	1.13926
115	108	1.02493
115	116	0.970292
115	117	0.960424
115	133	1.02823
115	135	1.04167
115	136	0.98703
115	143	1.02544
115	144	0.994849
115	147	0.99302
115	150	0.998572
115	155	0.97955
115	163	1.04621
115	164	0.977095
115	166	1.01947
115	167	1.03725
115	168	0.984352
115	169	0.975732
115	170	1.07757
115	179	0.99071
115	180	0.847834
116	3	0.99478
116	17	0.94431
116	44	1.02858
116	99	1.05969
116	104	0.953055
116	115	0.970292
116	117	0.957007
116	134	0.984439
116	137	0.959137
116	147	0.989603
116	148	1.05532
116	153	0.993383
116	155	0.976133
116	156	1.04554
116	164	0.973678
116	165	1.04694
116	168	0.980936
116	169	0.972316
116	170	1.07415
116	174	1.00608
116	177	1.02487
116	178	1.031
116	179	0.987293
117	31	0.952351
117	42	0.91014
117	65	0.93298
117	76	1.10722
117	84	1.16475
117	104	0.943187
117	115	0.960424
117	116	0.957007
117	123	0.979546
117	132	0.958328
117	147	0.979735
117	150	0.985288
117	155	0.966265
117	157	1.04604
117	162	1.07268
117	164	0.96381
117	165	1.1076
117	168	0.971068
117	169	0.962447
117	172	1.05547
117	174	1.06674
117	176	1.09875
117	179	0.977425
117	180	0.887998
118	22	0.99129
118	26	0.998355
118	30	0.992459
118	32	0.994771
118	47	1.02091
118	54	1.02245
118	76	1.00506
118	79	0.981968
118	87	1.05409
118	106	0.988094
118	125	0.968273
118	126	0.974274
118	127	1.0944
118	136	1.02792
118	138	0.958463
118	153	1.03769
118	158	0.959381
118	160	1.05405
118	170	1.11845
118	172	0.924542
118	175	0.96086
118	176	0.967822
118	177	0.954595
118	178	0.960724
119	7	1.07348
119	20	1.00871
119	45	0.837548
119	52	1.02009
119	73	1.02412
119	85	1.05751
119	98	1.01839
119	129	1.02871
119	132	1.00616
119	143	0.940854
119	144	1.02939
119	145	1.0152
119	147	1.02756
119	148	0.991229
119	150	1.03312
119	153	1.03134
119	155	1.01409
119	157	0.921296
119	168	1.0189
119	169	1.01028
119	174	0.941989
119	176	0.974001
119	177	0.960775
119	179	1.02525
120	8	1.01778
120	34	1.09415
120	63	1.13307
120	72	1.02794
120	129	1.05666
120	132	1.10125
120	135	0.952791
120	144	1.06187
120	150	1.03624
120	152	0.957036
120	157	0.972953
120	158	0.946527
120	165	0.92488
120	166	0.951444
120	171	0.930961
120	172	0.95744
120	173	0.939014
120	174	0.956166
120	175	0.945139
120	176	0.937352
120	177	0.95142
120	178	0.947717
120	179	1.06524
120	180	1.12916
121	12	0.98979
121	18	0.987229
121	49	0.961177
121	84	0.909512
121	93	0.949569
121	97	0.929979
121	99	0.923429
121	108	1.08299
121	139	0.971291
121	140	1.06921
121	141	0.995103
121	146	0.965302
121	149	0.974098
121	151	1.12684
121	154	0.930967
121	157	1.06394
121	159	1.11341
121	160	0.98405
121	161	1.09804
121	162	0.966908
121	166	1.07753
121	172	1.07337
121	179	0.961597
121	180	0.905896
122	30	1.0578
122	47	1.01211
122	66	0.971813
122	80	0.980462
122	88	1.07397
122	91	1.01335
122	123	0.967847
122	145	0.979342
122	151	0.975355
122	153	0.975211
122	156	0.987661
122	158	1.00831
122	159	0.999791
122	160	0.944481
122	163	1.01418
122	167	1.01097
122	168	0.989011
122	169	0.98
122	171	0.992748
122	172	1.01923
122	173	1.0008
122	174	1.01795
122	176	0.999139
122	177	1.01321
122	178	1.0095
123	14	0.87219
123	16	0.886777
123	28	1.01826
123	36	1.06845
123	67	1.07983
123	72	1.04042
123	81	1.05262
123	111	0.962446
123	117	0.979546
123	122	0.967847
123	133	0.978486
123	134	1.00698
123	139	0.990617
123	142	0.992428
123	150	1.0177
123	154	1.05393
123	155	0.998673
123	164	0.996218
123	165	1.01769
123	167	0.987512
123	168	1.00348
123	169	0.994855
123	171	1.01826
123	173	1.01034
123	179	1.00983
124	21	1.04637
124	43	1.04542
124	46	1.11929
124	56	0.966558
124	60	0.9952
124	78	0.976886
124	84	0.952199
124	88	0.943452
124	89	1.03219
124	91	1.00889
124	94	0.999422
124	97	0.972667
124	125	0.993715
124	126	1.00026
124	130	1.00973
124	131	1.01523
124	141	1.03779
124	144	0.974974
124	154	0.973655
124	156	1.00071
124	162	1.0096
124	167	0.971929
124	173	0.994759
124	174	0.961253
124	179	1.00428
125	11	0.973353
125	51	1.0396
125	104	1.07686
125	108	1.00894
125	118	0.968273
125	124	0.993715
125	147	1.01133
125	155	1.0141
125	158	0.9875
125	159	0.978977
125	161	0.982671
125	162	1.00257
125	163	0.993362
125	166	0.992416
125	167	0.990152
125	169	1.02145
125	170	0.893354
125	171	0.971934
125	172	0.998413
125	173	0.979987
125	175	0.986112
125	176	0.978325
125	177	0.992392
125	178	0.98869
125	180	1.17013
126	18	1.02932
126	53	1.00632
126	77	0.978952
126	84	0.951604
126	89	1.0316
126	91	1.0083
126	99	0.965521
126	114	0.984405
126	118	0.974274
126	124	1.00026
126	136	1.03848
126	139	1.01338
126	141	1.0372
126	146	1.00739
126	154	0.973059
126	155	1.02011
126	156	1.04209
126	159	1.03141
126	161	1.01603
126	162	1.009
126	163	1.02227
126	165	1.04349
126	166	0.99552
126	179	1.00369
126	180	0.823889
127	19	0.881239
127	75	1.03433
127	76	1.04398
127	87	1.093
127	106	1.02701
127	108	0.897475
127	110	0.870745
127	118	1.0944
127	129	1.07397
127	132	1.05142
127	135	0.914216
127	150	1.07838
127	153	1.0766
127	160	1.09297
127	164	1.0569
127	167	0.909797
127	168	1.06416
127	169	1.05554
127	170	1.15737
127	171	0.940548
127	173	0.932626
127	174	0.89912
127	175	0.92417
127	177	0.917906
127	178	0.924034
128	46	0.924634
128	51	1.06701
128	72	1.00383
128	83	0.971484
128	93	1.0324
128	135	0.990531
128	137	1.07869
128	148	0.960675
128	149	1.02284
128	151	0.951308
128	154	1.10114
128	156	0.963614
128	159	0.975744
128	160	1.01334
128	161	0.979439
128	164	1.06087
128	167	0.98692
128	171	0.968702
128	172	0.99518
128	173	0.976755
128	174	0.993907
128	175	0.98288
128	176	0.975092
128	177	0.98916
128	178	0.985457
128	179	1.04114
129	1	1.04211
129	31	0.986089
129	61	0.993545
129	65	0.966718
129	70	0.928062
129	83	1.05199
129	84	1.07069
129	90	1.01071
129	94	1.01963
129	99	1.02629
129	102	0.937908
129	113	1.02752
129	119	1.02871
129	120	1.05666
129	127	1.07397
129	137	0.983008
129	144	1.0153
129	147	1.01347
129	150	1.01903
129	155	1
129	161	0.98608
129	164	0.997549
129	168	1.00481
129	169	0.996186
129	171	1.01411
129	172	0.961413
129	180	0.793941
130	12	1.04135
130	13	1.04827
130	24	0.981008
130	36	0.948444
130	38	1.04463
130	50	0.997462
130	60	1.00407
130	77	0.988422
130	78	1.01215
130	91	1.01777
130	95	1.01621
130	99	0.974991
130	100	0.94658
130	124	1.00973
130	135	1.01161
130	146	1.01686
130	149	1.02566
130	154	0.982529
130	160	1.03561
130	161	1.00991
130	162	1.01847
130	166	0.989405
130	175	1.02156
130	177	1.0153
130	178	1.02143
130	179	1.01316
130	180	0.817773
131	12	1.04685
131	42	1.12069
131	49	1.01824
131	50	1.00296
131	63	0.96514
131	64	0.918416
131	84	0.966576
131	93	1.00663
131	95	1.00496
131	97	0.987043
131	102	0.950495
131	112	1.0266
131	124	1.01523
131	139	1.02836
131	141	1.05217
131	146	1.02237
131	149	1.03116
131	150	0.973361
131	154	0.988031
131	162	1.02397
131	163	1.00491
131	165	1.02613
131	172	0.974
131	175	1.01032
131	176	1.01728
131	179	1.01866
131	180	0.806529
132	31	0.96354
132	42	0.921329
132	52	0.983448
132	70	0.97265
132	73	0.987477
132	85	1.02087
132	86	0.986728
132	88	1.13607
132	96	0.954183
132	117	0.958328
132	119	1.00616
132	120	1.10125
132	127	1.05142
132	134	0.98576
132	140	1.00185
132	144	0.992754
132	147	0.990924
132	155	0.977454
132	156	1.05673
132	157	0.996576
132	164	0.974999
132	167	1.02795
132	168	0.982257
132	169	0.973636
132	170	1.07547
132	175	1.04232
132	176	1.04928
132	180	0.83853
133	14	1.19078
133	80	0.991101
133	106	1.04863
133	113	1.00344
133	115	1.02823
133	123	0.978486
133	150	0.953908
133	151	0.946597
133	152	0.990064
133	153	0.985851
133	154	1.04291
133	156	0.958903
133	157	1.00598
133	158	0.979556
133	161	0.974727
133	162	0.971755
133	165	0.957909
133	166	0.984472
133	167	0.982208
133	168	0.999651
133	171	0.96399
133	172	0.990469
133	174	0.989195
133	175	0.978168
133	176	0.970381
133	177	0.984448
133	178	0.980746
133	180	1.16219
134	1	1.0358
134	25	0.965556
134	29	0.973547
134	65	0.960412
134	75	0.96867
134	83	1.04569
134	85	1.03711
134	86	0.963281
134	91	1.052
134	94	1.04077
134	96	0.970426
134	116	0.984439
134	123	1.00698
134	132	0.98576
134	137	0.976701
134	139	1.0076
134	150	1.01272
134	151	1.03603
134	156	1.03328
134	164	0.991242
134	167	1.0045
134	168	0.9985
134	169	0.989879
134	170	1.09171
134	171	1.03525
134	172	0.982554
134	173	1.02733
134	177	1.01261
134	179	1.00486
134	180	0.815083
135	15	0.95053
135	26	1.03745
135	56	1.00502
135	69	0.979142
135	101	1.04283
135	102	1.0623
135	115	1.04167
135	120	0.952791
135	127	0.914216
135	128	0.990531
135	130	1.01161
135	137	1.03391
135	143	1.00841
135	147	0.99396
135	149	0.978067
135	156	0.981595
135	158	1.00225
135	161	0.997419
135	163	1.00811
135	165	0.980601
135	168	1.0131
135	171	0.986682
135	172	1.01316
135	173	0.994735
135	174	1.01189
135	175	1.00086
135	176	0.993073
135	177	1.00714
135	178	1.00344
135	179	0.996359
136	20	1.06674
136	22	0.963722
136	32	0.967204
136	87	1.02652
136	96	0.9696
136	100	0.950078
136	106	0.960526
136	111	0.985622
136	112	1.00602
136	115	0.98703
136	118	1.02792
136	126	1.03848
136	137	0.975875
136	144	1.00817
136	148	1.04925
136	150	1.01189
136	153	1.01012
136	154	1.07711
136	155	0.992871
136	160	1.02648
136	161	1.01341
136	164	0.990416
136	167	1.01069
136	168	0.997674
136	169	0.989053
136	170	1.09089
136	172	0.988743
136	174	1.00001
136	179	1.00403
136	180	0.821271
137	26	0.946311
137	47	0.968871
137	54	0.970402
137	76	0.953021
137	79	0.96067
137	87	1.00205
137	111	1.00443
137	112	1.02483
137	113	0.995915
137	116	0.959137
137	128	1.07869
137	129	0.983008
137	134	0.976701
137	135	1.03391
137	136	0.975875
137	147	0.981865
137	148	1.06806
137	153	0.985645
137	155	0.968395
137	157	0.998126
137	158	1.04239
137	160	1.00201
137	163	1.03846
137	164	0.96594
137	166	1.01171
137	168	0.973198
137	169	0.964578
137	170	1.06641
137	172	1.00755
137	173	1.05232
137	176	1.05083
138	4	0.870751
138	35	0.951615
138	39	1.0398
138	49	0.998718
138	55	0.98475
138	58	0.977767
138	59	0.99301
138	76	1.0273
138	92	0.995275
138	93	0.995185
138	103	1.04982
138	104	1.06705
138	107	0.931835
138	118	0.958463
138	141	0.977528
138	142	1.00755
138	149	0.985625
138	152	1.00675
138	154	1.06392
138	159	0.987723
138	160	0.976123
138	163	1.00211
138	167	0.998899
138	171	0.98068
138	173	0.988733
138	175	0.994858
138	177	1.00114
138	178	0.997436
138	179	1.00392
138	180	1.17888
139	19	0.960064
139	28	1.01937
139	49	1.01698
139	53	1.02004
139	63	0.963883
139	77	0.992668
139	79	1.0241
139	88	0.956572
139	89	1.04531
139	91	1.02201
139	93	1.00538
139	99	0.979236
139	107	1.06712
139	121	0.971291
139	123	0.990617
139	126	1.01338
139	131	1.02836
139	134	1.0076
139	140	0.962523
139	146	1.02111
139	149	1.02991
139	150	0.966038
139	154	0.986775
139	158	1.00152
139	160	1.03986
139	162	1.02272
139	163	0.997585
139	170	0.874673
139	175	1.003
139	177	0.996731
139	178	1.00286
139	179	1.0174
140	26	1.00693
140	44	0.929717
140	53	0.955385
140	58	0.970063
140	88	1.06754
140	121	1.06921
140	132	1.00185
140	139	0.962523
140	142	0.969479
140	144	0.962464
140	145	0.977947
140	148	0.983327
140	149	0.947549
140	151	0.97396
140	158	1.00692
140	159	0.998396
140	161	1.00209
140	163	1.01278
140	164	0.985577
140	165	0.985272
140	166	1.01184
140	167	1.00957
140	171	0.991354
140	172	1.01783
140	173	0.999406
140	174	1.01656
140	175	1.00553
140	176	0.997744
140	177	1.01181
140	178	1.00811
140	179	0.965841
140	180	1.18955
141	2	1.05434
141	3	0.943573
141	11	1.07919
141	13	1.07633
141	49	1.0408
141	60	1.03213
141	64	0.888022
141	88	0.980384
141	89	1.06913
141	93	1.02919
141	95	0.974567
141	97	1.0096
141	101	1.01844
141	103	0.909411
141	107	1.09093
141	108	0.95323
141	121	0.995103
141	124	1.03779
141	126	1.0372
141	131	1.05217
141	138	0.977528
141	145	1.02809
141	149	1.05372
141	153	0.97491
141	154	1.01059
141	157	0.934182
141	160	1.06367
141	162	1.04653
141	170	0.851602
141	173	0.988381
141	176	0.986887
141	179	1.04122
141	180	0.776135
142	2	1.00343
142	7	1.03854
142	11	1.02828
142	14	0.852663
142	15	1.03004
142	16	0.86725
142	19	0.96702
142	21	1.07002
142	27	0.958256
142	51	0.972447
142	57	1.00331
142	67	1.0603
142	68	1.06221
142	69	1.00426
142	71	0.900776
142	72	1.0209
142	74	1.00702
142	75	1.06689
142	79	1.03106
142	80	0.968244
142	81	1.03309
142	94	1.03185
142	95	0.95404
142	98	1.0613
142	105	1.04251
