1	79	0.848914
1	89	0.830967
1	92	0.821273
1	97	0.854467
1	105	1.59534
1	120	0.784677
1	157	0.752462
1	174	0.827022
1	176	0.815171
1	178	0.84602
1	180	0.755709
2	18	0.751674
2	34	0.794387
2	40	0.713484
2	53	0.69444
2	71	0.724681
2	77	0.715082
2	96	0.685564
2	109	0.706623
2	155	2.59178
2	164	0.700641
2	170	3.11658
2	172	0.712968
3	54	0.702453
3	67	0.701436
3	69	0.755531
3	78	0.732828
3	85	0.757395
3	94	0.748721
3	97	0.733744
3	113	1.28245
3	119	4.46937
3	164	0.710098
3	172	0.722425
3	180	0.634986
4	29	0.815794
4	54	0.776546
4	69	0.829624
4	72	0.809645
4	85	0.831488
4	94	0.822814
4	97	0.807837
4	113	1.58263
4	134	2.70153
4	163	1.84561
4	172	0.796519
4	180	0.709079
5	9	0.706219
5	20	0.768854
5	32	0.731168
5	57	0.715462
5	58	0.709815
5	74	0.751121
5	79	0.732362
5	89	0.714415
5	92	0.704722
5	168	0.664162
5	172	2.09846
5	179	3.58145
6	18	0.844732
6	71	0.817739
6	77	0.80814
6	98	1.30495
6	107	0.73886
6	109	0.799681
6	137	0.812242
6	138	0.768941
6	163	0.803947
6	166	2.0029
6	172	0.806026
6	176	2.83978
7	12	1.40715
7	37	0.802102
7	55	0.789476
7	60	0.783825
7	61	0.835174
7	62	0.783874
7	65	0.835733
7	73	0.826738
7	151	2.00326
7	163	0.796046
7	175	0.745016
7	179	2.7299
8	70	4.31191
8	124	0.654574
8	126	0.598868
8	130	0.643786
8	151	0.667694
8	153	0.6685
8	162	0.698281
8	166	0.653716
8	170	0.673829
8	176	0.639886
8	178	0.670735
8	179	0.630854
9	5	0.706219
9	17	0.699264
9	20	0.766354
9	24	0.7592
9	57	0.712962
9	74	0.748621
9	79	0.729862
9	89	0.711915
9	92	0.702221
9	107	3.42953
9	168	0.661662
9	176	2.37845
10	150	0.66784
10	157	4.36931
10	165	0.679252
10	166	0.656398
10	169	0.685928
10	170	0.676511
10	173	0.599239
10	174	0.654418
10	176	0.642568
10	177	0.630938
10	178	0.673417
10	179	0.633536
11	29	0.7352
11	67	0.694935
11	69	0.74903
11	72	0.729051
11	78	0.726327
11	85	0.750894
11	94	0.74222
11	97	0.727243
11	134	2.97012
11	170	2.78646
11	172	0.715925
11	180	0.628485
12	7	1.40715
12	47	0.754118
12	67	2.98305
12	153	0.740762
12	169	0.755508
12	170	0.746092
12	173	0.668819
12	174	0.723998
12	176	0.712148
12	178	0.742997
12	179	0.703116
12	180	0.652686
13	48	1.52337
13	120	0.736774
13	122	0.737391
13	128	0.713188
13	136	0.73056
13	138	0.687488
13	154	0.742365
13	156	0.735161
13	161	0.74623
13	171	0.734235
13	173	4.19855
13	180	0.637134
14	53	0.766329
14	66	0.760704
14	68	0.813188
14	71	0.79657
14	77	0.786971
14	96	0.757454
14	109	0.778512
14	125	2.48808
14	134	2.21041
14	153	1.8331
14	163	0.782779
14	164	0.77253
14	172	0.784857
15	21	0.672725
15	26	0.732751
15	37	0.712579
15	55	0.699953
15	60	0.694302
15	61	0.745651
15	62	0.694352
15	65	0.74621
15	73	0.737215
15	142	1.67968
15	163	0.706523
15	175	0.655493
15	180	4.5984
16	22	0.659741
16	87	0.726802
16	100	0.714731
16	130	0.705241
16	137	2.04388
16	144	0.729878
16	147	2.34932
16	170	0.735285
16	174	0.713192
16	176	0.701341
16	177	0.689711
16	178	0.73219
16	179	0.692309
17	9	0.699264
17	24	0.754745
17	32	0.724213
17	58	0.70286
17	74	0.744166
17	79	0.725407
17	89	0.707461
17	92	0.697767
17	119	0.653805
17	140	0.731721
17	146	3.32593
17	168	0.657207
17	178	2.74953
18	2	0.751674
18	6	0.844732
18	40	0.783698
18	53	0.764654
18	63	3.38512
18	66	0.759029
18	71	0.794895
18	77	0.785296
18	96	0.755778
18	109	0.776837
18	116	0.524653
18	168	2.85589
18	172	0.783182
19	35	0.789608
19	53	0.768953
19	66	0.763328
19	71	0.799194
19	77	0.789595
19	86	1.90207
19	96	0.760077
19	109	0.781136
19	140	1.55052
19	163	0.785402
19	164	0.775154
19	172	0.787481
19	176	3.13262
20	5	0.768854
20	9	0.766354
20	32	0.791303
20	57	0.775597
20	58	0.76995
20	59	0.832579
20	74	0.811256
20	79	0.792497
20	92	0.764856
20	111	3.29053
20	121	0.73567
20	168	0.724297
20	175	2.92421
21	15	0.672725
21	26	0.732748
21	37	0.712576
21	55	0.69995
21	60	0.694299
21	61	0.745648
21	62	0.694348
21	65	0.746207
21	73	0.737212
21	138	1.83693
21	163	0.70652
21	175	0.65549
21	180	4.5094
22	16	0.659741
22	145	0.673389
22	146	0.656396
22	150	0.672192
22	160	5.1788
22	163	0.672819
22	165	0.683603
22	168	0.612462
22	173	0.603591
22	174	0.65877
22	176	0.646919
22	177	0.635289
22	179	0.637887
22	180	0.587458
23	24	1.14138
23	44	1.6957
23	64	0.77874
23	84	0.751834
23	150	0.785809
23	155	0.772211
23	160	1.41865
23	170	0.794481
23	173	0.717208
23	174	0.772387
23	175	0.735406
23	177	0.748907
23	178	0.791386
23	179	0.751505
24	9	0.7592
24	17	0.754745
24	23	1.14138
24	32	0.784149
24	58	0.762796
24	59	0.825425
24	79	0.785343
24	89	0.767396
24	92	0.757703
24	119	0.713741
24	134	0.771065
24	166	1.84882
24	168	0.717143
24	175	3.56355
25	33	3.69211
25	83	0.749279
25	91	0.734681
25	103	0.76449
25	132	0.770721
25	135	0.768365
25	143	0.775405
25	147	0.74635
25	148	0.76469
25	161	0.779931
25	162	1.26325
25	166	2.10034
25	167	0.778126
25	171	0.767936
26	15	0.732751
26	21	0.732748
26	37	0.772602
26	55	0.759976
26	60	0.754325
26	61	0.805674
26	62	0.754375
26	65	0.806233
26	73	0.797238
26	107	3.13254
26	138	2.70816
26	146	1.29025
26	163	0.766546
26	175	0.715516
27	74	2.66681
27	79	2.11392
27	94	0.738721
27	97	0.723744
27	108	0.71963
27	127	0.709046
27	128	0.70104
27	131	0.696837
27	158	0.718099
27	172	0.712425
27	174	0.696298
27	176	0.684447
27	179	0.675415
27	180	0.624986
28	48	2.6104
28	56	0.742773
28	75	0.768855
28	81	1.93691
28	110	0.75996
28	120	0.775784
28	123	0.77239
28	135	0.773675
28	143	0.780714
28	154	0.781375
28	156	0.774172
28	158	0.769258
28	168	0.701149
28	169	2.36479
29	4	0.815794
29	11	0.7352
29	63	3.41488
29	67	0.742762
29	72	0.776878
29	78	0.774154
29	85	0.798721
29	94	0.790047
29	97	0.77507
29	151	0.884738
29	164	0.751424
29	168	2.88564
29	172	0.763751
29	180	0.676312
30	90	0.772088
30	106	1.43781
30	122	0.76623
30	130	2.26982
30	135	0.763504
30	138	0.716328
30	143	0.770543
30	149	0.76529
30	154	0.771204
30	156	0.764
30	161	0.775069
30	167	0.773265
30	171	0.763074
30	176	3.22829
31	50	1.41932
31	83	1.68269
31	95	1.67688
31	108	0.772571
31	130	0.741289
31	133	0.761386
31	151	0.765197
31	155	0.749063
31	165	0.774073
31	170	0.771333
31	173	0.69406
31	174	0.749239
31	177	0.725759
31	178	0.768238
31	179	0.728357
32	5	0.731168
32	17	0.724213
32	20	0.791303
32	24	0.784149
32	57	0.737911
32	58	0.732264
32	59	0.794893
32	68	0.777377
32	74	0.77357
32	82	1.74612
32	89	0.736864
32	92	0.727171
32	138	3.12035
32	168	0.686611
32	179	2.64022
33	25	3.69211
33	40	1.73391
33	45	0.660127
33	88	0.724495
33	106	0.715847
33	111	0.645581
33	129	0.741147
33	159	0.693861
33	162	0.738948
33	174	0.692402
33	175	0.655421
33	176	0.680552
33	177	0.668922
33	178	0.711401
33	179	0.67152
34	2	0.794387
34	35	0.828022
34	36	0.830147
34	40	0.82641
34	53	0.807366
34	96	0.798491
34	109	0.81955
34	134	1.29494
34	137	0.832111
34	153	0.917629
34	163	0.823816
34	164	0.813567
34	172	0.825895
34	173	3.56809
34	179	2.0114
35	19	0.789608
35	34	0.828022
35	36	0.750855
35	40	0.747119
35	53	0.728075
35	66	0.72245
35	77	0.748717
35	96	0.719199
35	109	0.740258
35	119	4.06143
35	134	1.99342
35	163	0.744524
35	164	0.734276
35	169	1.34578
35	172	0.746603
36	34	0.830147
36	35	0.750855
36	40	0.749243
36	53	0.7302
36	66	0.724575
36	71	0.760441
36	77	0.750842
36	96	0.721324
36	109	0.742383
36	137	0.754944
36	142	2.57265
36	152	0.89024
36	164	0.7364
36	172	0.748728
36	173	3.89546
37	7	0.802102
37	15	0.712579
37	21	0.712576
37	26	0.772602
37	55	0.739804
37	60	0.734153
37	61	0.785502
37	62	0.734203
37	65	0.786061
37	73	0.777066
37	151	1.28023
37	163	0.746374
37	170	1.10675
37	175	0.695344
37	180	5.15947
38	113	0.701912
38	131	5.17429
38	145	0.663537
38	146	0.646544
38	152	0.685639
38	159	0.650377
38	165	0.673751
38	173	0.593739
38	174	0.648918
38	176	0.637067
38	177	0.625437
38	178	0.667916
38	179	0.628035
38	180	0.577606
39	87	2.08704
39	91	0.728216
39	110	0.748185
39	128	0.740424
39	131	0.736221
39	140	0.763888
39	142	0.709494
39	148	0.758225
39	154	0.7696
39	155	2.50576
39	158	0.757483
39	160	0.756062
39	164	2.65372
39	167	0.771661
39	171	0.761471
40	2	0.713484
40	18	0.783698
40	33	1.73391
40	34	0.82641
40	35	0.747119
40	36	0.749243
40	71	0.756704
40	77	0.747106
40	96	0.717588
40	109	0.738647
40	126	3.45252
40	163	0.742913
40	164	0.732664
40	172	0.744991
40	175	1.85686
41	73	1.78568
41	93	0.736471
41	120	1.04122
41	125	0.73301
41	141	0.758673
41	147	1.93394
41	151	0.774219
41	166	0.760241
41	170	0.780354
41	173	0.703082
41	174	0.758261
41	176	0.746411
41	177	0.734781
41	178	0.77726
41	179	0.737379
42	75	0.755907
42	114	2.64319
42	118	0.732038
42	120	0.762836
42	122	0.763453
42	149	0.762513
42	156	0.761223
42	157	0.756848
42	158	0.756309
42	160	0.754888
42	166	2.58602
42	167	0.770488
42	171	0.760297
42	172	2.08648
42	180	0.663196
43	54	0.736763
43	67	0.735746
43	72	0.769862
43	78	0.767139
43	85	0.791706
43	94	0.783031
43	97	0.768054
43	119	3.0692
43	126	4.04458
43	137	0.762952
43	142	0.714421
43	164	0.744409
43	169	0.783081
43	172	0.756736
43	180	0.669296
44	23	1.6957
44	47	2.26948
44	56	0.741179
44	80	0.768508
44	117	0.745845
44	125	2.9478
44	138	0.724905
44	156	0.772578
44	157	0.768202
44	158	0.767664
44	161	0.783647
44	167	0.781842
44	168	0.699555
44	171	0.771652
44	180	0.674551
45	33	0.660127
45	50	3.4941
45	88	0.712038
45	97	1.9979
45	101	0.681323
45	104	0.72061
45	144	0.696632
45	146	0.677572
45	151	0.695903
45	166	0.681925
45	169	0.711455
45	174	0.679945
45	176	0.668095
45	177	0.656465
45	178	0.698944
45	179	0.659063
46	49	0.761419
46	70	0.953362
46	88	0.764495
46	108	0.755735
46	133	0.744549
46	143	2.01077
46	158	2.04832
46	159	0.733861
46	166	0.734383
46	169	0.763912
46	170	0.754496
46	175	0.695421
46	176	0.720552
46	177	0.708922
46	178	0.751401
46	179	0.71152
47	12	0.754118
47	44	2.26948
47	53	0.690382
47	106	0.765785
47	146	0.739966
47	159	0.743799
47	161	2.48116
47	165	0.767173
47	166	0.74432
47	169	0.77385
47	173	0.687161
47	174	0.74234
47	176	0.730489
47	177	0.718859
47	178	0.761338
47	180	0.671028
48	13	1.52337
48	28	2.6104
48	69	1.78364
48	114	0.725959
48	133	0.754487
48	145	0.75696
48	150	0.755763
48	153	0.759105
48	155	0.742164
48	166	0.744321
48	173	0.687162
48	174	0.742341
48	176	0.73049
48	177	0.71886
48	178	0.761339
48	179	0.721459
49	46	0.761419
49	61	1.43228
49	125	0.715986
49	150	0.754659
49	155	0.74106
49	158	1.67912
49	159	0.742696
49	165	0.766071
49	167	1.89306
49	170	0.76333
49	173	0.686058
49	174	0.741237
49	176	0.729387
49	177	0.717757
49	178	0.760235
49	179	0.720355
50	31	1.41932
50	45	3.4941
50	80	0.747487
50	110	0.737344
50	128	0.729584
50	132	0.753415
50	147	0.729045
50	149	0.752846
50	154	0.75876
50	156	0.751557
50	161	0.762626
50	165	1.90295
50	167	0.760821
50	168	0.678534
50	171	0.750631
50	175	0.68786
51	102	0.809741
51	110	0.802943
51	128	0.795182
51	131	0.790979
51	132	0.819014
51	135	0.816658
51	145	1.87157
51	147	0.794643
51	157	0.81278
51	158	0.812241
51	160	0.81082
51	163	1.84451
51	171	0.816229
51	174	2.49871
51	178	1.90271
51	180	0.719128
52	88	1.2984
52	93	2.4306
52	105	0.794698
52	112	0.786251
52	128	0.785624
52	131	0.781421
52	136	0.802996
52	137	0.803226
52	148	0.803425
52	152	1.45655
52	154	0.8148
52	157	0.803221
52	160	0.801262
52	167	0.816861
52	171	0.806671
52	179	2.90508
53	2	0.69444
53	14	0.766329
53	18	0.764654
53	19	0.768953
53	34	0.807366
53	35	0.728075
53	36	0.7302
53	47	0.690382
53	68	0.754278
53	77	0.728062
53	84	1.79119
53	96	0.698544
53	109	0.719603
53	164	0.71362
53	172	0.725947
53	180	4.9601
54	3	0.702453
54	4	0.776546
54	43	0.736763
54	67	0.703513
54	69	0.757608
54	72	0.73763
54	78	0.734906
54	85	0.759473
54	94	0.750798
54	97	0.735822
54	121	2.68169
54	129	2.40419
54	137	0.730719
54	144	2.93947
54	164	0.712176
54	172	0.724503
54	180	0.637064
55	7	0.789476
55	15	0.699953
55	21	0.69995
55	26	0.759976
55	37	0.739804
55	60	0.721527
55	61	0.772876
55	62	0.721576
55	65	0.773435
55	73	0.76444
55	86	2.88462
55	111	0.672878
55	124	2.7094
55	126	0.666831
55	140	2.53306
55	163	0.733748
55	175	0.682718
56	28	0.742773
56	44	0.741179
56	95	0.75479
56	117	0.707519
56	128	0.712278
56	134	0.715151
56	143	0.740794
56	145	2.48955
56	149	0.73554
56	157	0.729875
56	160	0.727916
56	161	0.74532
56	167	0.743515
56	170	3.13475
56	171	0.733325
56	175	0.670555
56	178	2.52069
57	5	0.715462
57	9	0.712962
57	20	0.775597
57	32	0.737911
57	58	0.716558
57	59	0.779187
57	74	0.757864
57	76	0.747478
57	79	0.739105
57	89	0.721158
57	92	0.711465
57	119	0.667503
57	138	2.12818
57	140	0.745419
57	168	0.670905
57	176	1.50148
57	180	4.80066
58	5	0.709815
58	17	0.70286
58	20	0.76995
58	24	0.762796
58	32	0.732264
58	57	0.716558
58	59	0.77354
58	74	0.752217
58	79	0.733458
58	89	0.715511
58	92	0.705817
58	111	3.78963
58	134	0.71918
58	140	0.739772
58	159	1.6972
58	168	0.665258
58	179	2.69204
59	20	0.832579
59	24	0.825425
59	32	0.794893
59	57	0.779187
59	58	0.77354
59	74	0.814846
59	79	0.796087
59	82	0.613049
59	89	0.778141
59	92	0.768447
59	119	0.724485
59	134	0.78181
59	140	0.802401
59	168	0.727887
59	175	2.23842
59	176	1.36058
59	180	4.65976
60	7	0.783825
60	15	0.694302
60	21	0.694299
60	26	0.754325
60	37	0.734153
60	55	0.721527
60	61	0.767225
60	62	0.715926
60	63	0.674025
60	65	0.767784
60	73	0.75879
60	106	2.42746
60	111	0.667227
60	126	0.66118
60	140	2.63584
60	163	0.728097
60	174	3.44634
60	175	0.677067
61	7	0.835174
61	15	0.745651
61	21	0.745648
61	26	0.805674
61	37	0.785502
61	49	1.43228
61	55	0.772876
61	60	0.767225
61	62	0.767274
61	63	0.725373
61	65	0.819133
61	73	0.810138
61	107	3.83793
61	126	0.712529
61	144	1.34789
61	163	0.779446
61	170	2.0333
61	175	0.728416
62	7	0.783874
62	15	0.694352
62	21	0.694348
62	26	0.754375
62	37	0.734203
62	55	0.721576
62	60	0.715926
62	61	0.767274
62	63	0.674074
62	65	0.767833
62	73	0.758839
62	111	0.667276
62	126	0.66123
62	163	0.728147
62	168	3.03386
62	170	0.85948
62	175	0.677116
62	180	4.91221
63	18	3.38512
63	29	3.41488
63	60	0.674025
63	61	0.725373
63	62	0.674074
63	73	0.716938
63	135	0.698415
63	148	0.69474
63	152	0.708918
63	156	0.698912
63	159	0.673656
63	167	0.708176
63	175	0.635215
63	177	0.648716
63	178	0.691195
63	179	0.651314
63	180	0.600885
64	23	0.77874
64	73	2.23125
64	89	1.85828
64	99	0.753067
64	114	0.702191
64	125	0.693323
64	150	0.731996
64	152	0.755295
64	153	0.735338
64	155	0.718397
64	167	1.79744
64	169	0.750084
64	173	0.663395
64	175	0.681592
64	176	0.706723
64	177	0.695093
64	178	0.737572
64	179	0.697691
65	7	0.835733
65	15	0.74621
65	21	0.746207
65	26	0.806233
65	37	0.786061
65	55	0.773435
65	60	0.767784
65	61	0.819133
65	62	0.767833
65	73	0.810697
65	111	0.719135
65	126	0.713088
65	139	1.55512
65	140	1.72327
65	142	3.68583
65	155	2.02703
65	163	0.780005
65	175	0.728975
66	14	0.760704
66	18	0.759029
66	19	0.763328
66	35	0.72245
66	36	0.724575
66	71	0.732036
66	76	2.6722
66	77	0.722437
66	88	2.84223
66	96	0.692919
66	107	0.653157
66	109	0.713978
66	137	0.726539
66	138	0.683237
66	163	0.718244
66	164	0.707995
66	172	0.720323
66	178	2.93473
67	3	0.701436
67	11	0.694935
67	12	2.98305
67	29	0.742762
67	43	0.735746
67	54	0.703513
67	69	0.756591
67	72	0.736612
67	78	0.733889
67	85	0.758456
67	94	0.749781
67	97	0.734804
67	121	2.46248
67	142	0.681171
67	164	0.711159
67	165	2.53659
67	172	0.723486
67	180	0.636046
68	14	0.813188
68	32	0.777377
68	53	0.754278
68	74	0.79733
68	76	0.786943
68	86	2.4883
68	89	0.760624
68	91	0.749213
68	92	0.750931
68	96	0.745403
68	104	1.86768
68	109	0.766461
68	138	0.735721
68	154	0.790597
68	157	0.779018
68	162	2.04488
68	167	0.792658
68	169	2.50133
69	3	0.755531
69	4	0.829624
69	11	0.74903
69	48	1.78364
69	54	0.757608
69	67	0.756591
69	72	0.790707
69	76	1.12542
69	78	0.787983
69	85	0.812551
69	86	1.52501
69	94	0.803876
69	97	0.788899
69	142	0.735266
69	164	0.765254
69	168	4.1764
69	172	0.777581
69	180	0.690141
70	8	4.31191
70	46	0.953362
70	91	0.745127
70	103	0.774936
70	111	0.705771
70	112	0.757961
70	120	0.78092
70	147	0.756795
70	148	0.775135
70	154	0.786511
70	156	0.779307
70	158	0.774393
70	160	0.772972
70	161	0.790376
70	168	0.706284
70	170	1.18519
70	171	0.778381
70	175	0.715611
70	179	2.08531
71	2	0.724681
71	6	0.817739
71	14	0.79657
71	18	0.794895
71	19	0.799194
71	36	0.760441
71	40	0.756704
71	66	0.732036
71	77	0.758303
71	96	0.728785
71	109	0.749844
71	137	0.762405
71	138	0.719103
71	139	2.08071
71	140	2.24886
71	144	2.39201
71	164	0.743861
71	169	2.61344
71	172	0.756189
72	4	0.809645
72	11	0.729051
72	29	0.776878
72	43	0.769862
72	54	0.73763
72	67	0.736612
72	69	0.790707
72	78	0.768005
72	85	0.792572
72	94	0.783897
72	97	0.76892
72	99	1.81577
72	101	2.24479
72	137	0.763818
72	138	3.80638
72	140	1.59757
72	164	0.745275
72	172	0.757602
72	180	0.670162
73	7	0.826738
73	15	0.737215
73	21	0.737212
73	26	0.797238
73	37	0.777066
73	41	1.78568
73	55	0.76444
73	60	0.75879
73	61	0.810138
73	62	0.758839
73	63	0.716938
73	64	2.23125
73	65	0.810697
73	76	2.0513
73	111	0.71014
73	126	0.704094
73	152	2.37949
73	163	0.771011
73	175	0.71998
74	5	0.751121
74	9	0.748621
74	17	0.744166
74	20	0.811256
74	27	2.66681
74	32	0.77357
74	57	0.757864
74	58	0.752217
74	59	0.814846
74	68	0.79733
74	79	0.774764
74	89	0.756817
74	92	0.747123
74	98	1.89925
74	100	2.13028
74	119	0.703162
74	134	0.760486
74	155	2.15574
74	168	0.706564
75	28	0.768855
75	42	0.755907
75	80	0.756264
75	102	0.752919
75	105	0.747435
75	108	2.18489
75	110	0.746122
75	112	0.738987
75	117	0.733601
75	120	0.761946
75	132	0.762193
75	133	2.73817
75	148	0.756162
75	149	0.761623
75	160	0.753998
75	161	0.771403
75	163	2.4727
75	165	2.27588
75	167	0.769598
75	180	0.662307
76	57	0.747478
76	66	2.6722
76	68	0.786943
76	69	1.12542
76	73	2.0513
76	89	0.746431
76	92	0.736737
76	94	1.7297
76	132	0.771059
76	145	0.757104
76	147	0.746688
76	157	0.764825
76	165	0.767319
76	167	0.778464
76	168	0.696177
76	171	0.768274
76	176	0.730635
76	177	0.719005
76	178	0.761484
76	179	0.721603
77	2	0.715082
77	6	0.80814
77	14	0.786971
77	18	0.785296
77	19	0.789595
77	35	0.748717
77	36	0.750842
77	40	0.747106
77	53	0.728062
77	66	0.722437
77	71	0.758303
77	96	0.719186
77	109	0.740245
77	138	0.709505
77	142	3.17292
77	163	0.744511
77	169	1.57494
77	172	0.74659
77	175	3.67031
77	178	1.42485
78	3	0.732828
78	11	0.726327
78	29	0.774154
78	43	0.767139
78	54	0.734906
78	67	0.733889
78	69	0.787983
78	72	0.768005
78	85	0.789848
78	94	0.781174
78	97	0.766197
78	111	3.31984
78	137	0.761094
78	142	0.712563
78	164	0.742551
78	168	3.49651
78	172	0.754878
78	174	1.30407
78	177	1.781
78	180	0.667439
79	1	0.848914
79	5	0.732362
79	9	0.729862
79	17	0.725407
79	20	0.792497
79	24	0.785343
79	27	2.11392
79	57	0.739105
79	58	0.733458
79	59	0.796087
79	74	0.774764
79	89	0.738058
79	92	0.728364
79	116	1.97079
79	119	0.684403
79	134	0.741727
79	140	0.762318
79	141	2.21075
79	168	0.687805
79	179	3.02776
80	44	0.768508
80	50	0.747487
80	75	0.756264
80	84	3.54306
80	95	0.782119
80	112	0.740234
80	120	0.763193
80	122	0.76381
80	126	0.681998
80	127	0.747614
80	128	0.739608
80	129	1.43855
80	135	0.761084
80	141	2.74235
80	148	0.757409
80	156	0.76158
80	163	1.98697
80	167	0.770845
80	171	0.760654
80	175	0.697884
81	28	1.93691
81	98	0.770642
81	100	0.735451
81	115	0.751877
81	136	1.59146
81	138	0.712954
81	142	0.707725
81	146	0.731539
81	151	0.74987
81	155	0.733736
81	156	1.79473
81	161	1.80628
81	162	0.780457
81	165	0.758746
81	166	0.735892
81	169	0.765422
81	170	0.756006
81	174	0.733912
81	177	0.710432
81	178	0.752911
81	179	0.71303
82	32	1.74612
82	59	0.613049
82	84	0.725453
82	87	0.759618
82	92	2.4548
82	100	0.747546
82	130	0.738057
82	138	0.725049
82	139	0.779743
82	141	0.746419
82	145	0.760626
82	156	2.6926
82	164	0.749807
82	166	0.747987
82	172	0.762135
82	173	0.690828
82	174	0.746007
82	175	0.709026
82	177	0.722527
82	178	0.765006
82	179	0.725125
83	25	0.749279
83	31	1.68269
83	105	0.733168
83	122	0.748297
83	127	0.732101
83	128	0.724094
83	130	2.83048
83	131	0.719891
83	132	0.747926
83	136	0.741466
83	147	0.723555
83	149	0.747356
83	150	2.5138
83	154	0.75327
83	157	0.741691
83	158	0.741153
83	160	0.739732
83	161	0.757136
83	164	2.65855
83	167	0.755331
83	171	0.745141
84	23	0.751834
84	53	1.79119
84	80	3.54306
84	82	0.725453
84	107	0.640629
84	113	0.744661
84	115	0.709632
84	124	0.694504
84	125	0.666416
84	130	0.683716
84	150	0.705089
84	151	0.707625
84	153	0.708431
84	155	0.69149
84	157	3.03505
84	170	0.71376
84	173	0.636488
84	174	0.691667
84	176	0.679816
84	177	0.668186
84	178	0.710665
84	179	0.670785
85	3	0.757395
85	4	0.831488
85	11	0.750894
85	29	0.798721
85	43	0.791706
85	54	0.759473
85	67	0.758456
85	69	0.812551
85	72	0.792572
85	78	0.789848
85	94	0.805741
85	97	0.790764
85	134	2.02958
85	137	0.785661
85	142	0.73713
85	150	1.32433
85	151	2.01941
85	164	0.767118
85	166	1.7626
85	168	4.02031
85	172	0.779445
85	180	0.692006
86	19	1.90207
86	55	2.88462
86	68	2.4883
86	69	1.52501
86	100	0.726602
86	101	0.726441
86	113	0.778058
86	116	0.745711
86	139	0.7588
86	145	0.739682
86	153	0.741828
86	159	0.726522
86	165	0.749897
86	166	0.727044
86	169	0.756573
86	170	0.747157
86	174	0.725064
86	175	0.688082
86	176	0.713213
86	177	0.701583
86	178	0.744062
86	179	0.704181
87	16	0.726802
87	39	2.08704
87	82	0.759618
87	108	0.749163
87	110	1.94604
87	116	0.746479
87	128	1.68924
87	133	0.737978
87	137	1.82719
87	144	0.742517
87	153	0.742595
87	159	0.72729
87	162	0.772376
87	166	0.727811
87	169	0.757341
87	170	0.747924
87	173	0.670652
87	174	0.725831
87	176	0.713981
87	177	0.702351
87	178	0.74483
87	179	0.704949
88	33	0.724495
88	45	0.712038
88	46	0.764495
88	52	1.2984
88	66	2.84223
88	100	0.745852
88	136	1.77676
88	137	2.06415
88	144	0.760999
88	145	0.758932
88	151	0.760271
88	159	0.745772
88	168	0.698005
88	169	0.775823
88	173	0.689134
88	174	0.744313
88	175	0.707331
88	176	0.732462
88	177	0.720832
88	178	0.763311
88	179	0.723431
88	180	0.673001
89	1	0.830967
89	5	0.714415
89	9	0.711915
89	17	0.707461
89	24	0.767396
89	32	0.736864
89	57	0.721158
89	58	0.715511
89	59	0.778141
89	64	1.85828
89	68	0.760624
89	74	0.756817
89	76	0.746431
89	79	0.738058
89	92	0.710418
89	119	0.666456
89	134	0.723781
89	140	0.744372
89	142	3.68892
89	146	2.51726
89	168	0.669858
89	169	2.09094
90	30	0.772088
90	103	0.769366
90	117	0.747005
90	120	0.77535
90	121	2.13402
90	127	0.759772
90	129	1.85652
90	132	0.775597
90	139	2.0805
90	143	0.78028
90	148	0.769566
90	149	0.775027
90	154	0.780941
90	156	0.773738
90	157	0.769362
90	158	0.768824
90	159	2.98249
90	160	0.767402
90	161	0.784807
90	165	2.20812
90	167	0.783002
90	171	0.772812
90	180	0.675711
91	25	0.734681
91	39	0.728216
91	68	0.749213
91	70	0.745127
91	95	0.752009
91	102	0.724055
91	112	0.710123
91	117	0.704737
91	130	2.63137
91	131	0.705294
91	132	0.733329
91	135	0.730973
91	136	0.726868
91	145	2.19109
91	156	0.73147
91	158	0.726556
91	160	0.725134
91	161	0.742539
91	167	0.740734
91	168	0.658447
91	171	0.730544
91	174	2.81824
91	177	3.29516
92	1	0.821273
92	5	0.704722
92	9	0.702221
92	17	0.697767
92	20	0.764856
92	24	0.757703
92	32	0.727171
92	57	0.711465
92	58	0.705817
92	59	0.768447
92	68	0.750931
92	74	0.747123
92	76	0.736737
92	79	0.728364
92	82	2.4548
92	89	0.710418
92	98	1.66749
92	119	0.656763
92	134	0.714087
92	140	0.734678
92	159	2.35406
92	168	0.660164
92	175	4.08017
93	41	0.736471
93	52	2.4306
93	99	0.724924
93	116	0.711078
93	119	0.64072
93	130	0.68248
93	142	0.664242
93	148	2.93645
93	149	2.96119
93	151	0.706388
93	153	0.707194
93	155	0.690253
93	159	0.691889
93	162	0.736975
93	165	0.715264
93	166	0.69241
93	169	0.72194
93	173	0.635251
93	176	0.67858
93	177	0.66695
93	178	0.709429
93	179	0.669548
93	180	0.619118
94	3	0.748721
94	4	0.822814
94	11	0.74222
94	27	0.738721
94	29	0.790047
94	43	0.783031
94	54	0.750798
94	67	0.749781
94	69	0.803876
94	72	0.783897
94	76	1.7297
94	78	0.781174
94	85	0.805741
94	97	0.782089
94	108	1.64622
94	137	0.776987
94	142	0.728456
94	145	1.96109
94	159	2.51158
94	164	0.758444
94	172	0.770771
94	177	3.06516
94	180	0.683331
95	31	1.67688
95	56	0.75479
95	80	0.782119
95	91	0.752009
95	110	0.771977
95	123	0.784408
95	124	2.37737
95	127	0.772223
95	128	0.764216
95	131	0.760013
95	136	0.781588
95	144	2.34418
95	147	0.763677
95	148	0.782017
95	156	0.786189
95	157	0.781814
95	160	0.779854
95	161	0.797258
95	162	2.10917
95	168	0.713166
95	171	0.785263
95	178	2.41553
95	180	0.688162
96	2	0.685564
96	14	0.757454
96	18	0.755778
96	19	0.760077
96	34	0.798491
96	35	0.719199
96	36	0.721324
96	40	0.717588
96	53	0.698544
96	66	0.692919
96	68	0.745403
96	71	0.728785
96	77	0.719186
96	107	0.649906
96	109	0.710727
96	114	1.73085
96	137	0.723288
96	138	0.679987
96	163	0.714993
96	164	0.704745
96	168	3.9314
96	172	0.717072
96	175	3.38841
96	176	2.51056
97	1	0.854467
97	3	0.733744
97	4	0.807837
97	11	0.727243
97	27	0.723744
97	29	0.77507
97	43	0.768054
97	45	1.9979
97	54	0.735822
97	67	0.734804
97	69	0.788899
97	72	0.76892
97	78	0.766197
97	85	0.790764
97	94	0.782089
97	126	4.5029
97	133	0.86905
97	137	0.76201
97	142	0.713479
97	164	0.743467
97	170	1.27584
97	172	0.755794
97	175	2.90724
97	180	0.668354
98	6	1.30495
98	74	1.89925
98	81	0.770642
98	92	1.66749
98	101	0.750327
98	113	0.801944
98	115	0.766915
98	121	0.777792
98	124	0.751787
98	133	0.761096
98	137	1.98943
98	141	0.749362
98	144	0.765636
98	152	0.785671
98	155	0.748773
98	161	1.91686
98	162	0.795495
98	165	0.773783
98	173	0.693771
98	174	0.74895
98	176	0.737099
98	177	0.725469
98	178	0.767948
98	179	0.728068
99	64	0.753067
99	72	1.81577
99	93	0.724924
99	110	2.27921
99	113	0.799708
99	129	0.795459
99	131	1.06664
99	133	0.75886
99	141	0.747126
99	146	0.74434
99	152	0.783435
99	157	1.54088
99	159	0.748173
99	160	1.59907
99	162	0.793259
99	165	0.771548
99	166	0.748694
99	170	0.768807
99	173	0.691535
99	174	0.746714
99	176	0.734864
99	177	0.723234
99	178	0.765712
99	179	0.725832
99	180	0.675402
100	16	0.714731
100	74	2.13028
100	81	0.735451
100	82	0.747546
100	86	0.726602
100	88	0.745852
100	108	0.737092
100	113	0.766754
100	115	0.731724
100	128	2.08251
100	144	0.730446
100	153	0.730524
100	155	0.713583
100	161	2.14789
100	164	0.71756
100	167	1.94383
100	168	0.667451
100	169	0.745269
100	173	0.658581
100	174	0.71376
100	176	0.701909
100	177	0.690279
100	178	0.732758
100	179	0.692877
101	45	0.681323
101	72	2.24479
101	86	0.726441
101	98	0.750327
101	115	0.731563
101	119	0.663888
101	120	2.00211
101	124	0.716435
101	125	0.688347
101	128	2.45143
101	133	0.725744
101	146	0.711224
101	150	0.72702
101	152	0.750319
101	160	2.02809
101	162	0.760143
101	163	0.727647
101	166	0.715578
101	170	0.735691
101	173	0.658419
101	174	0.713598
101	176	0.701748
101	177	0.690118
101	178	0.732596
101	179	0.692716
102	51	0.809741
102	75	0.752919
102	91	0.724055
102	105	0.745337
102	112	0.73689
102	117	0.731503
102	118	0.729051
102	120	0.759849
102	123	0.756454
102	135	0.757739
102	143	0.764779
102	147	0.735724
102	149	0.759525
102	156	0.758236
102	157	0.75386
102	158	0.753322
102	159	2.61302
102	160	0.751901
102	162	1.78732
102	164	2.3309
102	167	0.7675
102	169	2.24377
102	171	0.75731
102	175	0.69454
102	177	3.16661
103	25	0.76449
103	70	0.774936
103	90	0.769366
103	107	0.683526
103	112	0.739933
103	117	0.734546
103	123	0.759497
103	127	0.747313
103	129	1.72045
103	132	0.763138
103	135	0.760782
103	144	2.25574
103	147	0.738767
103	154	0.768482
103	156	0.761279
103	157	0.756903
103	158	0.756365
103	160	0.754944
103	161	0.772348
103	162	2.02072
103	167	0.770543
103	171	0.760353
103	178	2.32708
103	179	3.84126
103	180	0.663252
104	45	0.72061
104	68	1.86768
104	114	0.736503
104	121	0.781728
104	122	2.01519
104	129	0.80163
104	133	0.765032
104	140	0.781091
104	141	0.753297
104	144	0.769571
104	147	1.97853
104	151	0.768843
104	153	0.769649
104	155	0.752709
104	157	1.05361
104	165	0.777719
104	167	1.39646
104	173	0.697706
104	174	0.752885
104	175	0.715904
104	176	0.741035
104	177	0.729405
104	178	0.771884
104	179	0.732003
104	180	0.681573
105	1	1.59534
105	52	0.794698
105	75	0.747435
105	83	0.733168
105	102	0.745337
105	112	0.731405
105	114	2.96794
105	119	0.676327
105	123	0.75097
105	127	0.738785
105	128	0.730779
105	129	1.77341
105	131	0.726576
105	132	0.75461
105	136	0.74815
105	137	0.74838
105	148	0.74858
105	154	0.759955
105	156	0.752752
105	160	0.746416
105	161	0.763821
105	163	2.32184
105	167	0.762016
105	171	0.751826
105	175	0.689055
105	177	3.45297
106	30	1.43781
106	33	0.715847
106	47	0.765785
106	60	2.42746
106	108	0.758998
106	112	1.93312
106	130	0.727715
106	133	0.747812
106	139	0.769402
106	141	0.736077
106	145	0.750285
106	150	0.749088
106	151	0.751624
106	156	1.64965
106	159	0.737125
106	162	0.782211
106	165	0.760499
106	166	0.737646
106	169	0.767176
106	170	0.757759
106	171	1.68421
106	173	0.680487
106	176	0.723815
106	177	0.712185
106	178	0.754664
106	179	0.714783
107	6	0.73886
107	9	3.42953
107	26	3.13254
107	61	3.83793
107	66	0.653157
107	84	0.640629
107	96	0.649906
107	103	0.683526
107	109	0.670965
107	115	0.679147
107	137	0.683526
107	149	0.689187
107	151	0.67714
107	154	0.695101
107	157	0.683522
107	158	0.682983
107	161	0.698966
107	162	0.707728
107	163	0.675231
107	164	0.664983
107	169	0.692692
107	171	0.686971
107	172	0.67731
107	176	0.649332
107	178	0.680181
107	179	0.6403
108	27	0.71963
108	31	0.772571
108	46	0.755735
108	75	2.18489
108	87	0.749163
108	94	1.64622
108	100	0.737092
108	106	0.758998
108	116	0.756201
108	122	2.15274
108	123	1.85655
108	124	0.73839
108	143	1.28252
108	151	0.751511
108	155	0.735376
108	162	0.782098
108	165	0.760386
108	166	0.737533
108	169	0.767063
108	170	0.757646
108	173	0.680374
108	174	0.735553
108	176	0.723702
108	177	0.712072
108	178	0.754551
108	179	0.71467
109	2	0.706623
109	6	0.799681
109	14	0.778512
109	18	0.776837
109	19	0.781136
109	34	0.81955
109	35	0.740258
109	36	0.742383
109	40	0.738647
109	53	0.719603
109	66	0.713978
109	68	0.766461
109	71	0.749844
109	77	0.740245
109	96	0.710727
109	107	0.670965
109	116	2.38259
109	137	0.744347
109	138	0.701045
109	140	1.71088
109	145	1.89424
109	163	0.736052
109	164	0.725804
109	172	0.738131
109	174	2.52138
109	175	4.17083
110	28	0.75996
110	39	0.748185
110	50	0.737344
110	51	0.802943
110	75	0.746122
110	87	1.94604
110	95	0.771977
110	99	2.27921
110	122	0.753668
110	126	0.671855
110	127	0.737472
110	132	0.753297
110	136	0.746837
110	149	0.752727
110	150	2.36797
110	154	0.758641
110	156	0.751438
110	157	0.747062
110	158	0.746524
110	161	0.762507
110	166	2.80623
110	167	0.760702
110	171	0.750512
110	172	2.30669
110	175	0.687742
110	180	0.653411
111	20	3.29053
111	33	0.645581
111	55	0.672878
111	58	3.78963
111	60	0.667227
111	62	0.667276
111	65	0.719135
111	70	0.705771
111	73	0.71014
111	78	3.31984
111	116	0.686047
111	119	0.61569
111	132	0.693973
111	147	0.669602
111	152	0.70212
111	154	0.699317
111	157	0.687738
111	159	0.666858
111	163	0.679448
111	167	0.701378
111	169	0.696909
111	171	0.691188
111	174	0.665399
111	175	0.628418
111	178	0.684398
111	179	0.644517
112	52	0.786251
112	70	0.757961
112	75	0.738987
112	80	0.740234
112	91	0.710123
112	102	0.73689
112	103	0.739933
112	105	0.731405
112	106	1.93312
112	117	0.717571
112	123	0.742522
112	127	0.730338
112	128	0.722331
112	136	0.739703
112	143	0.750847
112	145	2.32485
112	147	0.721792
112	154	0.751507
112	155	2.44526
112	156	0.744304
112	158	0.73939
112	161	0.755373
112	167	0.753568
112	171	0.743378
112	172	2.38718
112	177	3.42892
112	180	0.646277
113	3	1.28245
113	4	1.58263
113	38	0.701912
113	84	0.744661
113	86	0.778058
113	98	0.801944
113	99	0.799708
113	100	0.766754
113	121	0.794057
113	133	0.777361
113	135	1.37179
113	149	1.60031
113	152	0.801936
113	153	0.781979
113	154	1.68652
113	162	0.81176
113	165	0.790048
113	166	0.767195
113	167	1.55884
113	169	0.796725
113	170	0.787308
113	173	0.710036
113	174	0.765215
113	176	0.753364
113	177	0.741734
113	178	0.784213
113	179	0.744333
114	42	2.64319
114	48	0.725959
114	64	0.702191
114	96	1.73085
114	104	0.736503
114	105	2.96794
114	121	0.724681
114	130	0.687888
114	141	0.69625
114	144	0.712525
114	146	0.693465
114	147	3.04999
114	150	0.709261
114	151	0.711796
114	152	0.73256
114	155	0.695662
114	159	0.697297
114	162	0.742384
114	165	0.720672
114	169	0.727349
114	170	0.717932
114	174	0.695839
114	176	0.683988
114	177	0.672358
114	178	0.714837
114	179	0.674956
114	180	0.624526
115	81	0.751877
115	84	0.709632
115	98	0.766915
115	100	0.731724
115	101	0.731563
115	107	0.679147
115	122	2.15778
115	129	0.77893
115	130	0.722235
115	137	1.81568
115	144	0.746872
115	145	0.744804
115	150	0.743608
115	152	0.766907
115	155	0.730009
115	156	1.73155
115	160	1.25439
115	164	0.733986
115	165	0.755019
115	166	0.732166
115	169	0.761696
115	171	1.76611
115	174	0.730186
115	176	0.718335
115	177	0.706705
115	178	0.749184
115	179	0.709303
116	18	0.524653
116	79	1.97079
116	86	0.745711
116	87	0.746479
116	93	0.711078
116	108	0.756201
116	109	2.38259
116	111	0.686047
116	125	0.707618
116	129	0.781613
116	139	0.766605
116	146	0.730495
116	153	0.749633
116	155	0.732692
116	156	2.52973
116	161	2.54129
116	162	0.779414
116	164	0.736669
116	165	0.757702
116	166	0.734849
116	170	0.754962
116	174	0.732869
116	175	0.695887
116	176	0.721018
116	177	0.709388
116	178	0.751867
116	179	0.711986
117	44	0.745845
117	56	0.707519
117	75	0.733601
117	90	0.747005
117	91	0.704737
117	102	0.731503
117	103	0.734546
117	112	0.717571
117	118	0.709732
117	120	0.74053
117	127	0.724952
117	128	0.716945
117	131	0.712742
117	147	0.716406
117	148	0.734746
117	151	3.12439
117	154	0.746121
117	155	2.42611
117	156	0.738918
117	157	0.734542
117	158	0.734004
117	160	0.732582
117	161	0.749987
117	165	2.08182
117	167	0.748182
117	171	0.737992
117	177	3.40977
117	178	2.33685
118	42	0.732038
118	102	0.729051
118	117	0.709732
118	120	0.738077
118	122	0.738695
118	123	0.734683
118	131	0.710289
118	132	0.738324
118	135	0.735968
118	136	0.731864
118	143	0.743008
118	147	0.713953
118	148	0.732293
118	149	0.737754
118	154	0.743668
118	156	0.736465
118	157	0.732089
118	158	0.731551
118	160	0.73013
118	161	0.747534
118	163	2.51274
118	164	2.80816
118	165	2.31591
118	166	3.10167
118	167	0.745729
118	171	0.735539
118	172	2.60213
118	175	0.672769
119	3	4.46937
119	17	0.653805
119	24	0.713741
119	35	4.06143
119	43	3.0692
119	57	0.667503
119	59	0.724485
119	74	0.703162
119	79	0.684403
119	89	0.666456
119	92	0.656763
119	93	0.64072
119	101	0.663888
119	105	0.676327
119	111	0.61569
119	142	0.636323
119	147	0.666714
119	148	0.685054
119	153	0.679275
119	154	0.696429
119	160	0.682891
119	169	0.694021
119	170	0.684604
119	171	0.6883
119	173	0.607332
119	176	0.65066
119	177	0.63903
119	178	0.681509
119	179	0.641629
120	1	0.784677
120	13	0.736774
120	28	0.775784
120	41	1.04122
120	42	0.762836
120	70	0.78092
120	75	0.761946
120	80	0.763193
120	90	0.77535
120	101	2.00211
120	102	0.759849
120	117	0.74053
120	118	0.738077
120	122	0.769493
120	128	0.74529
120	132	0.769122
120	135	0.766766
120	136	0.762661
120	141	2.26655
120	149	0.768552
120	156	0.767263
120	158	0.762349
120	161	0.778332
120	167	0.776527
120	171	0.766337
120	173	4.64025
120	174	2.16539
120	175	0.703567
120	180	0.669236
121	20	0.73567
121	54	2.68169
121	67	2.46248
121	90	2.13402
121	98	0.777792
121	104	0.781728
121	113	0.794057
121	114	0.724681
121	124	0.7439
121	130	0.733112
121	135	1.36385
121	139	0.774799
121	141	0.741475
121	145	0.755682
121	146	0.738689
121	150	0.754485
121	151	0.757021
121	152	0.777784
121	153	0.757827
121	155	0.740886
121	159	0.742522
121	162	0.787608
121	170	0.763156
121	171	1.77795
121	173	0.685884
121	174	0.741063
121	176	0.729213
121	177	0.717583
121	178	0.760061
121	179	0.720181
122	13	0.737391
122	30	0.76623
122	42	0.763453
122	80	0.76381
122	83	0.748297
122	104	2.01519
122	108	2.15274
122	110	0.753668
122	115	2.15778
122	118	0.738695
122	120	0.769493
122	129	1.89212
122	131	0.741704
122	134	0.74878
122	135	0.767383
122	136	0.763279
122	138	0.720207
122	143	0.774423
122	145	2.46761
122	148	0.763708
122	150	2.59122
122	156	0.76788
122	157	0.763504
122	158	0.762966
122	160	0.761545
122	161	0.778949
122	167	0.777144
122	168	0.694857
122	175	0.704184
122	180	0.669853
123	28	0.77239
123	95	0.784408
123	102	0.756454
123	103	0.759497
123	105	0.75097
123	108	1.85655
123	112	0.742522
123	118	0.734683
123	126	0.684286
123	131	0.737693
123	132	0.765728
123	136	0.759267
123	143	0.770411
123	147	0.741357
123	148	0.759697
123	149	0.765158
123	153	2.62297
123	156	0.763869
123	157	0.759493
123	158	0.758955
123	160	0.757533
123	161	0.774938
123	163	2.14435
123	165	1.94753
123	167	0.773133
123	170	2.81662
123	171	0.762943
123	174	2.79856
123	175	0.700172
123	180	0.665842
124	8	0.654574
124	55	2.7094
124	84	0.694504
124	95	2.37737
124	98	0.751787
124	101	0.716435
124	108	0.73839
124	121	0.7439
124	132	1.90064
124	133	0.727204
124	135	1.65482
124	139	0.748794
124	146	0.712684
124	151	0.731016
124	152	0.751779
124	153	0.731822
124	162	0.761603
124	163	0.729107
124	165	0.739891
124	166	0.717038
124	168	0.66875
124	169	0.746568
124	170	0.737151
124	171	2.06893
124	173	0.659879
124	174	0.715058
124	176	0.703207
124	177	0.691577
124	178	0.734056
124	179	0.694176
125	14	2.48808
125	41	0.73301
125	44	2.9478
125	49	0.715986
125	64	0.693323
125	84	0.666416
125	101	0.688347
125	116	0.707618
125	130	0.679019
125	141	0.687381
125	143	2.70393
125	144	0.703656
125	149	2.99688
125	150	0.700392
125	152	0.723691
125	153	0.703734
125	159	0.688429
125	162	0.733515
125	165	0.711803
125	166	0.68895
125	169	0.71848
125	170	0.709063
125	172	0.703097
125	173	0.631791
125	174	0.68697
125	176	0.675119
125	177	0.663489
125	178	0.705968
125	179	0.666087
125	180	0.615658
126	8	0.598868
126	40	3.45252
126	43	4.04458
126	55	0.666831
126	60	0.66118
126	61	0.712529
126	62	0.66123
126	65	0.713088
126	73	0.704094
126	80	0.681998
126	97	4.5029
126	110	0.671855
126	123	0.684286
126	141	0.659764
126	144	0.676039
126	157	0.681692
126	160	0.679732
126	161	0.697136
126	163	0.673401
126	167	0.695332
126	168	0.613045
126	170	0.681446
126	171	0.685141
126	172	0.67548
126	173	0.604174
126	175	0.622371
126	176	0.647502
126	177	0.635872
126	178	0.678351
126	179	0.63847
127	27	0.709046
127	80	0.747614
127	83	0.732101
127	90	0.759772
127	95	0.772223
127	103	0.747313
127	105	0.738785
127	110	0.737472
127	112	0.730338
127	117	0.724952
127	128	0.729711
127	132	0.753543
127	135	0.751187
127	142	0.698781
127	143	0.758227
127	147	0.729172
127	149	0.752973
127	150	2.65892
127	152	2.63211
127	154	0.758887
127	156	0.751684
127	157	0.747308
127	158	0.74677
127	160	0.745349
127	162	2.26009
127	163	2.50825
127	167	0.760948
127	168	0.678661
127	169	2.71654
127	171	0.750758
127	175	0.687988
127	178	2.56645
128	13	0.713188
128	27	0.70104
128	39	0.740424
128	50	0.729584
128	51	0.795182
128	52	0.785624
128	56	0.712278
128	80	0.739608
128	83	0.724094
128	87	1.68924
128	95	0.764216
128	100	2.08251
128	101	2.45143
128	105	0.730779
128	112	0.722331
128	117	0.716945
128	120	0.74529
128	127	0.729711
128	131	0.717502
128	143	0.75022
128	147	0.721166
128	149	0.744967
128	151	2.80625
128	154	0.750881
128	157	0.739302
128	158	0.738764
128	160	0.737342
128	161	0.754747
128	167	0.752942
128	171	0.742752
128	177	3.09163
128	178	2.0187
129	33	0.741147
129	54	2.40419
129	80	1.43855
129	90	1.85652
129	99	0.795459
129	103	1.72045
129	104	0.80163
129	105	1.77341
129	115	0.77893
129	116	0.781613
129	122	1.89212
129	133	0.773112
129	139	0.794701
129	140	0.789171
129	141	0.761377
129	145	0.775584
129	146	0.758592
129	151	0.776923
129	155	0.760789
129	159	0.762424
129	163	0.775014
129	165	0.785799
129	166	0.762945
129	167	1.27339
129	168	0.714657
129	169	0.792475
129	170	0.783059
129	173	0.705786
129	174	0.760965
129	176	0.749115
129	178	0.779964
129	179	0.740083
130	8	0.643786
130	16	0.705241
130	30	2.26982
130	31	0.741289
130	82	0.738057
130	83	2.83048
130	84	0.683716
130	91	2.63137
130	93	0.68248
130	106	0.727715
130	114	0.687888
130	115	0.722235
130	121	0.733112
130	125	0.679019
130	146	0.701896
130	150	0.717692
130	152	0.740991
130	155	0.704093
130	158	2.07522
130	159	0.705729
130	162	0.750815
130	165	0.729104
130	166	0.70625
130	169	0.73578
130	170	0.726363
130	171	2.51622
130	172	0.720397
130	174	0.70427
130	176	0.69242
130	177	0.680789
130	178	0.723268
130	179	0.683388
130	180	0.632958
131	27	0.696837
131	38	5.17429
131	39	0.736221
131	51	0.790979
131	52	0.781421
131	83	0.719891
131	91	0.705294
131	95	0.760013
131	99	1.06664
131	105	0.726576
131	117	0.712742
131	118	0.710289
131	122	0.741704
131	123	0.737693
131	128	0.717502
131	135	0.738977
131	136	0.734873
131	137	0.735103
131	141	1.7601
131	143	0.746017
131	149	0.740764
131	152	1.12858
131	154	0.746678
131	156	0.739474
131	157	0.735099
131	158	0.73456
131	160	0.733139
