1	49	1.25374
1	75	0.559821
1	108	1.20914
1	115	1.18267
1	140	1.18152
1	144	1.18569
1	157	0.633814
1	160	1.16775
1	163	0.624142
1	170	1.20022
1	174	0.586163
1	175	1.21944
2	74	0.586425
2	77	1.18943
2	96	0.624046
2	110	1.21501
2	114	0.601685
2	116	1.18072
2	118	1.17514
2	135	1.19285
2	150	1.22489
2	169	1.20797
2	175	1.21388
2	176	0.595765
3	48	1.12834
3	104	0.616004
3	115	0.639616
3	132	0.557083
3	154	1.1923
3	156	0.585597
3	157	1.22224
3	166	1.20271
3	174	1.22321
3	178	1.21281
3	179	1.21145
3	180	1.207
4	29	1.15946
4	119	1.17979
4	127	0.65141
4	145	1.19746
4	159	1.21453
4	166	1.20642
4	167	0.588046
4	175	0.631668
4	177	0.525652
4	178	1.21652
4	179	1.21516
4	180	1.21071
5	90	0.603512
5	107	0.57809
5	117	0.639288
5	120	0.570592
5	149	1.16158
5	170	1.19446
5	171	1.20455
5	172	1.20191
5	176	1.22968
5	178	1.20504
5	179	1.20368
5	180	1.19923
6	19	1.09585
6	53	0.783797
6	112	1.03563
6	124	0.800946
6	126	0.813469
6	142	1.07678
6	143	1.07752
6	158	1.10428
6	163	1.08807
6	168	0.89853
6	172	1.08377
6	177	1.13957
7	36	1.05651
7	60	1.0473
7	74	0.781322
7	106	1.11924
7	120	1.09878
7	123	1.02156
7	137	1.08825
7	160	1.02358
7	169	1.06935
7	172	0.832328
7	175	1.07527
7	176	0.790661
8	23	1.22291
8	26	0.0521564
8	28	1.16921
8	45	1.14293
8	46	1.16921
8	52	1.22222
8	60	0.726543
8	65	1.1602
8	152	1.06587
8	168	1.44581
8	173	1.2378
8	177	1.27555
9	23	1.22291
9	28	1.16921
9	45	1.14293
9	46	1.16921
9	52	1.22222
9	65	1.1602
9	151	1.11794
9	152	0.851877
9	155	1.3056
9	173	1.2378
9	176	0.0380364
9	177	1.27555
10	28	2.13963
10	47	0.698994
10	108	0.890009
10	112	0.840396
10	137	0.913288
10	158	0.909046
10	163	0.892832
10	167	0.887328
10	175	0.900306
10	178	0.891659
10	179	0.890295
10	180	0.885849
11	28	1.22964
11	45	1.20336
11	46	1.22964
11	52	1.28265
11	65	1.22063
11	70	1.84158
11	152	1.13538
11	171	0.0501222
11	173	1.29823
11	176	0.0667423
11	177	1.33598
12	33	1.13339
12	80	1.18427
12	82	1.2553
12	85	1.29273
12	88	1.19645
12	151	0.989083
12	155	1.17674
12	160	1.14582
12	168	1.10296
12	170	1.17829
12	174	0.0523282
12	176	1.2135
13	20	1.08163
13	104	0.806378
13	106	1.10348
13	111	1.05606
13	120	1.08301
13	122	1.03766
13	140	1.02158
13	154	0.814268
13	159	0.780918
13	169	1.05359
13	175	1.0595
13	177	1.10353
14	41	0.559756
14	73	0.632438
14	91	1.13159
14	113	1.18501
14	119	1.17575
14	131	1.23114
14	141	1.23583
14	143	0.635045
14	174	1.22288
14	177	0.57034
14	179	1.21112
14	180	1.20667
15	65	1.16635
15	115	1.20089
15	155	1.0274
15	158	0.582545
15	161	0.593384
15	167	0.600401
15	172	0.624628
15	173	1.24395
15	177	1.2817
15	178	1.22901
15	179	1.22765
15	180	1.2232
16	39	0.273931
16	80	1.23191
16	82	1.30294
16	85	1.34037
16	88	1.24409
16	151	0.996222
16	152	0.730161
16	160	1.19346
16	168	1.1101
16	170	1.22593
16	176	1.26114
17	35	1.03345
17	42	1.04122
17	109	1.06303
17	127	0.837215
17	138	1.09366
17	149	0.791017
17	162	1.07912
17	165	0.768448
17	174	1.08199
17	178	1.07159
17	179	1.07023
17	180	1.06578
18	97	0.554674
18	99	0.585287
18	129	1.1804
18	138	1.22057
18	147	1.21346
18	148	0.592266
18	164	0.665251
18	166	1.1884
18	174	1.2089
18	178	1.1985
18	179	1.19714
18	180	1.19269
19	6	1.09585
19	20	0.622823
19	90	0.629224
19	112	1.12011
19	116	0.74417
19	120	0.596304
19	148	1.19463
19	149	1.12791
19	158	1.18876
19	163	1.17254
19	164	1.1642
19	165	1.16781
19	172	1.16824
20	13	1.08163
20	19	0.622823
20	84	1.14892
20	90	1.20854
20	101	1.12844
20	122	1.18
20	137	1.21482
20	148	0.633034
20	151	1.03979
20	167	0.662235
20	169	1.19592
20	175	1.20184
20	179	0.682133
21	30	1.24274
21	68	0.595
21	98	1.10257
21	99	0.650786
21	107	0.653152
21	129	1.13335
21	146	0.695673
21	147	1.16641
21	166	1.14135
21	173	1.16639
21	178	1.15146
21	179	1.15009
21	180	1.14565
22	68	0.606132
22	78	1.15618
22	128	0.65469
22	138	1.17551
22	143	0.700409
22	145	1.13438
22	147	1.1684
22	159	1.15146
22	162	1.16097
22	177	0.635703
22	178	1.15344
22	179	1.15208
22	180	1.14763
23	8	1.22291
23	9	1.22291
23	28	1.10881
23	45	1.08253
23	46	1.1088
23	52	1.16181
23	65	1.0998
23	70	1.13543
23	151	0.695283
23	155	0.882941
23	168	0.809163
23	173	1.17739
23	177	1.21514
24	99	1.18884
24	105	0.692172
24	107	1.17872
24	111	1.1488
24	117	1.10805
24	133	1.1335
24	138	0.605057
24	153	1.14714
24	169	1.14633
24	175	1.15224
24	176	0.644169
24	177	1.19628
24	180	0.661439
25	83	0.661581
25	94	1.12266
25	95	0.656775
25	117	0.65548
25	154	1.13945
25	157	1.1694
25	159	1.15798
25	162	1.16749
25	165	0.622691
25	174	1.17036
25	178	1.15997
25	179	1.1586
25	180	1.15416
26	8	0.0521564
26	32	1.02986
26	102	1.15846
26	104	1.13639
26	130	1.17332
26	132	1.18123
26	140	0.868383
26	143	1.15532
26	158	1.18208
26	162	0.812172
26	163	1.16586
26	177	1.21737
26	179	0.86669
27	45	1.03651
27	65	1.05378
27	88	1.12403
27	98	0.746522
27	99	1.16168
27	107	1.15156
27	141	0.637674
27	170	1.10587
27	173	1.13138
27	175	1.12509
27	176	1.14108
27	177	1.16912
27	179	0.719482
27	180	0.699413
28	8	1.16921
28	9	1.16921
28	10	2.13963
28	11	1.22964
28	23	1.10881
28	39	0.239117
28	45	1.02883
28	46	1.0551
28	52	1.10811
28	58	0.283569
28	65	1.0461
28	70	0.822988
28	173	1.12369
28	177	1.16144
29	4	1.15946
29	104	0.680185
29	109	1.0968
29	110	0.643502
29	116	0.78081
29	121	1.14539
29	138	1.12742
29	141	1.1287
29	149	0.691422
29	159	1.10337
29	176	1.12999
29	178	1.10536
29	179	1.10399
29	180	1.09955
30	21	1.24274
30	79	0.561316
30	98	1.20481
30	107	0.519518
30	136	0.569831
30	145	1.23464
30	147	1.26865
30	159	1.25171
30	165	0.547928
30	166	1.24359
30	175	0.596954
30	178	1.2537
30	179	1.25233
30	180	1.24789
31	88	1.12988
31	115	1.09417
31	143	0.682067
31	146	0.688463
31	154	1.10178
31	164	0.72354
31	169	1.12503
31	170	1.11172
31	172	0.703982
31	175	1.13094
31	176	1.14693
31	178	1.12229
31	179	1.12093
31	180	1.11648
32	26	1.02986
32	71	1.08398
32	125	1.03403
32	141	0.897574
32	143	1.01822
32	146	1.0039
32	155	0.825979
32	164	1.02042
32	165	1.02403
32	171	1.0271
32	176	1.05223
32	177	1.08027
32	178	0.945648
32	180	0.959314
33	12	1.13339
33	69	0.954312
33	80	1.10233
33	82	1.17337
33	85	1.2108
33	88	1.11452
33	139	1.09175
33	144	1.08183
33	151	1.27193
33	155	1.45959
33	160	1.06389
33	164	0.0302013
33	170	1.09636
33	176	1.13157
34	103	1.09394
34	118	0.705347
34	121	1.15709
34	131	1.1357
34	141	1.1404
34	142	0.665411
34	145	1.09799
34	159	1.11507
34	162	1.12458
34	163	0.733159
34	166	1.10695
34	170	0.693712
34	178	1.11705
34	180	1.11124
35	17	1.03345
35	44	1.17325
35	62	0.656235
35	97	0.692178
35	128	0.715564
35	145	1.10522
35	156	0.734494
35	157	1.13371
35	159	1.12229
35	162	1.1318
35	174	1.13467
35	178	1.12428
35	179	1.12291
35	180	1.11847
36	7	1.05651
36	61	0.621051
36	93	1.14864
36	117	1.11676
36	119	0.742834
36	134	1.13027
36	135	1.13992
36	136	0.73664
36	150	1.17196
36	153	1.15585
36	168	0.96394
36	169	1.15504
36	175	1.16095
36	176	0.702701
37	63	1.17434
37	109	1.1218
37	115	0.713902
37	136	0.70086
37	145	1.1113
37	150	0.654503
37	152	1.02025
37	157	1.13979
37	159	1.12837
37	164	0.728145
37	166	1.12026
37	178	1.13036
37	179	1.129
37	180	1.12455
38	52	1.12288
38	57	0.65508
38	65	1.06086
38	91	0.773286
38	114	0.671099
38	119	0.705312
38	135	1.11114
38	139	1.10834
38	164	1.11636
38	167	1.11919
38	169	1.12626
38	172	1.1204
38	173	1.13846
38	177	1.17621
39	16	0.273931
39	28	0.239117
39	52	0.458428
39	79	1.23039
39	80	0.388143
39	85	0.790919
39	117	1.22056
39	126	1.24593
39	136	1.24021
39	164	1.24893
39	172	1.25298
39	178	1.2561
39	179	1.25474
39	180	1.25029
40	67	1.19289
40	74	1.23642
40	94	1.21977
40	97	0.505384
40	102	0.57234
40	129	1.23897
40	141	1.28042
40	143	0.574489
40	169	0.561738
40	170	0.584179
40	174	1.26747
40	178	1.25707
40	179	1.25571
40	180	1.25126
41	14	0.559756
41	132	1.21742
41	136	1.185
41	144	0.603237
41	148	1.22415
41	160	0.650797
41	161	1.18569
41	163	1.20206
41	164	1.19372
41	165	1.19733
41	166	0.597538
41	167	1.19656
41	171	1.2004
41	172	1.19776
41	178	0.590214
42	17	1.04122
42	49	0.667202
42	54	0.711657
42	70	0.945667
42	122	0.824193
42	151	0.97865
42	154	1.11153
42	159	1.13006
42	162	1.13957
42	166	1.12194
42	170	0.793175
42	174	1.14244
42	178	1.13205
42	179	1.13068
42	180	1.12624
43	67	0.779353
43	87	1.10872
43	112	1.03177
43	128	1.08732
43	147	0.76458
43	148	1.1063
43	158	1.10042
43	159	0.726958
43	163	1.08421
43	164	1.07587
43	165	1.07948
43	171	1.08255
43	176	1.10767
43	177	1.13572
43	178	0.732653
44	35	1.17325
44	119	1.17465
44	126	0.580245
44	129	1.19328
44	135	0.615732
44	154	1.19087
44	157	1.22082
44	162	1.21891
44	163	0.65674
44	165	0.599887
44	166	1.20128
44	177	0.542897
44	178	1.21139
44	179	1.21002
44	180	1.20558
45	8	1.14293
45	9	1.14293
45	11	1.20336
45	23	1.08253
45	27	1.03651
45	28	1.02883
45	46	1.02882
45	52	1.08183
45	60	0.783133
45	65	1.01982
45	155	1.57618
45	168	1.5024
45	173	1.09741
45	177	1.13516
45	179	0.041132
46	8	1.16921
46	9	1.16921
46	11	1.22964
46	23	1.1088
46	28	1.0551
46	45	1.02882
46	47	1.36588
46	50	0.742334
46	52	1.10811
46	65	1.04609
46	151	0.940787
46	152	0.674726
46	173	1.12369
46	177	1.16144
47	10	0.698994
47	46	1.36588
47	50	0.832912
47	82	1.40535
47	139	0.954561
47	150	0.989408
47	155	0.768139
47	164	0.962581
47	165	0.966194
47	172	0.966622
47	174	0.980146
47	175	0.978397
47	178	0.969749
47	179	0.968386
47	180	0.963939
48	3	1.12834
48	51	1.08955
48	121	1.11798
48	129	1.05984
48	141	1.10129
48	161	0.728951
48	162	1.08547
48	165	0.730564
48	171	0.759994
48	174	1.08834
48	175	0.779589
48	176	1.10258
48	178	1.07794
48	179	1.07658
48	180	1.07213
49	1	1.25374
49	42	0.667202
49	79	1.17965
49	101	1.14061
49	103	0.566551
49	104	0.568985
49	112	0.645618
49	116	1.18085
49	117	1.16982
49	120	1.23752
49	124	1.20682
49	125	0.552797
49	153	1.20891
49	169	1.2081
49	175	1.21401
50	46	0.742334
50	47	0.832912
50	80	0.91198
50	88	0.889225
50	153	1.02912
50	156	1.01864
50	158	1.04296
50	167	1.02125
50	168	0.837213
50	174	1.03597
50	175	1.03422
50	177	1.07826
50	178	1.02558
50	179	1.02421
50	180	1.01977
51	48	1.08955
51	93	0.63914
51	113	1.14654
51	114	1.2158
51	139	1.15883
51	145	1.15496
51	154	1.1535
51	162	1.18155
51	164	0.670296
51	165	0.621108
51	167	0.626512
51	170	0.638514
51	174	1.18442
51	178	1.17402
51	179	1.17266
51	180	1.16821
52	8	1.22222
52	9	1.22222
52	11	1.28265
52	23	1.16181
52	28	1.10811
52	38	1.12288
52	39	0.458428
52	45	1.08183
52	46	1.10811
52	60	0.575332
52	65	1.0991
52	69	0.863103
52	152	0.914658
52	168	1.2946
52	173	1.1767
52	177	1.21445
53	6	0.783797
53	67	1.10611
53	99	0.586129
53	103	1.14718
53	146	0.631017
53	154	1.14977
53	157	1.17972
53	162	1.17782
53	166	1.16019
53	170	0.634311
53	174	1.18069
53	176	1.19493
53	177	0.559915
53	178	1.17029
53	179	1.16893
53	180	1.16448
54	42	0.711657
54	83	1.14198
54	86	1.14134
54	112	1.12805
54	115	0.637053
54	143	1.16994
54	144	0.606698
54	147	0.625603
54	156	1.17238
54	161	1.16412
54	163	1.18049
54	164	1.17215
54	165	1.17576
54	167	1.17498
54	171	1.17883
54	174	0.620981
55	128	1.109
55	143	1.09534
55	144	0.754425
55	148	1.12797
55	155	0.903106
55	158	1.1221
55	163	1.10589
55	165	1.10116
55	167	1.10038
55	171	1.10423
55	172	1.10159
55	173	0.716981
55	176	1.12935
55	179	0.775136
55	180	0.755068
56	61	0.573569
56	64	0.613795
56	90	1.18049
56	107	1.20026
56	108	1.16348
56	111	1.17034
56	123	1.12007
56	135	1.15275
56	153	1.16868
56	160	1.12209
56	166	0.666146
56	169	1.16787
56	173	1.18007
56	175	1.17378
56	178	0.658823
56	179	0.692556
57	38	0.65508
57	138	1.18414
57	143	0.6518
57	146	0.658196
57	147	1.17703
57	159	1.16009
57	160	1.11903
57	162	1.1696
57	165	0.644085
57	166	1.15197
57	174	1.17247
57	176	1.18671
57	177	0.587094
57	178	1.16208
57	179	1.16071
57	180	1.15627
58	28	0.283569
58	65	0.791369
58	82	0.470547
58	85	1.0035
58	95	1.09508
58	108	1.10064
58	146	1.0786
58	155	0.900682
58	157	1.11172
58	161	1.0871
58	168	0.913928
58	171	1.10181
58	175	1.11094
58	178	1.10229
58	179	1.10093
58	180	1.09648
59	67	1.18013
59	93	0.579478
59	113	1.21684
59	122	0.609869
59	131	1.26297
59	136	0.583349
59	147	1.25928
59	150	0.536991
59	154	1.2238
59	159	1.24233
59	166	1.23422
59	170	0.578852
59	174	1.25472
59	177	0.504456
59	178	1.24432
59	179	1.24295
59	180	1.23851
60	7	1.0473
60	8	0.726543
60	45	0.783133
60	52	0.575332
60	82	0.374871
60	88	0.482291
60	134	1.12106
60	148	1.16635
60	156	1.13615
60	159	1.1411
60	164	1.13592
60	169	1.14583
60	170	1.13251
60	175	1.15174
60	178	1.14309
60	179	1.14173
60	180	1.13728
61	36	0.621051
61	56	0.573569
61	68	1.26099
61	75	1.18477
61	102	1.19547
61	105	1.17397
61	114	0.566418
61	116	0.684492
61	143	1.19233
61	144	0.577125
61	146	1.17801
61	148	1.22496
61	158	1.21909
61	161	1.1865
61	164	1.19453
61	165	1.19815
61	170	1.19112
61	180	0.577767
62	35	0.656235
62	86	1.17039
62	104	1.18007
62	130	1.21699
62	133	0.609457
62	136	1.19248
62	143	1.19899
62	149	1.1649
62	153	0.56632
62	159	0.55476
62	161	1.19317
62	165	1.20481
62	167	1.20403
62	171	1.20788
62	172	1.20524
62	175	0.617913
62	177	1.26105
62	179	0.594189
63	37	1.17434
63	95	0.614567
63	103	1.18328
63	113	1.17891
63	136	0.602387
63	145	1.18733
63	147	1.22135
63	157	1.21582
63	162	1.21392
63	163	0.637337
63	166	1.19629
63	171	0.609914
63	172	0.610114
63	174	1.21679
63	177	0.523493
63	178	1.20639
63	179	1.20503
63	180	1.20058
64	56	0.613795
64	66	1.23476
64	80	1.19292
64	88	1.20511
64	106	0.564926
64	107	0.58435
64	118	0.641801
64	124	0.580595
64	165	1.19397
64	166	1.18742
64	169	0.607725
64	170	1.18694
64	171	1.19703
64	172	1.19439
64	176	1.22216
64	178	1.19752
64	179	1.19616
64	180	1.19171
65	8	1.1602
65	9	1.1602
65	11	1.22063
65	15	1.16635
65	23	1.0998
65	27	1.05378
65	28	1.0461
65	38	1.06086
65	45	1.01982
65	46	1.04609
65	52	1.0991
65	58	0.791369
65	69	0.983464
65	139	0.0275225
65	151	1.30108
65	168	1.41496
65	173	1.11468
65	177	1.15243
66	64	1.23476
66	84	0.635866
66	105	1.17192
66	113	0.589489
66	114	0.580028
66	135	0.601989
66	136	1.18377
66	146	1.17596
66	156	1.19272
66	158	1.21704
66	161	1.18446
66	165	1.1961
66	167	1.19532
66	169	0.581109
66	171	1.19917
66	172	1.19653
66	177	1.25234
66	179	0.611446
67	40	1.19289
67	43	0.779353
67	53	1.10611
67	59	1.18013
67	91	1.01733
67	125	0.699632
67	128	0.666484
67	129	1.08013
67	138	1.1203
67	162	1.10576
67	166	1.08813
67	169	0.699452
67	173	1.11316
67	174	1.10863
67	175	0.753513
67	178	1.09823
67	179	1.09687
67	180	1.09242
68	21	0.595
68	22	0.606132
68	61	1.26099
68	101	0.675377
68	112	1.17044
68	114	0.573542
68	128	1.22599
68	142	1.21159
68	143	1.21233
68	146	1.19801
68	155	1.02009
68	156	1.21476
68	158	1.23909
68	161	1.2065
68	163	1.22287
68	167	1.21737
68	173	0.546805
68	179	0.60496
69	33	0.954312
69	52	0.863103
69	65	0.983464
69	88	0.770062
69	90	1.04896
69	114	1.07539
69	122	1.02041
69	124	1.03506
69	136	1.01772
69	141	1.05695
69	151	0.88021
69	164	1.02644
69	168	0.845243
69	169	1.03634
69	171	1.03312
69	172	1.03048
69	178	1.03361
69	179	1.03224
69	180	1.0278
70	11	1.84158
70	23	1.13543
70	28	0.822988
70	42	0.945667
70	86	0.938055
70	108	0.974383
70	124	0.977489
70	153	0.97958
70	155	0.774424
70	157	0.985464
70	167	0.971703
70	168	0.78767
70	172	0.972907
70	174	0.986431
70	175	0.984681
70	176	1.00067
70	178	0.976034
70	179	0.97467
70	180	0.970224
71	32	1.08398
71	77	0.60438
71	105	1.19107
71	142	1.20869
71	143	1.20943
71	149	1.17534
71	154	0.635172
71	155	1.01719
71	156	1.21187
71	160	0.668099
71	161	1.20361
71	163	1.21998
71	167	1.21447
71	168	1.03044
71	171	1.21832
71	172	1.21568
71	175	0.664974
71	178	0.607517
71	180	0.621182
72	100	1.18584
72	104	1.16107
72	122	0.643155
72	125	1.19581
72	139	0.676931
72	142	1.17925
72	149	1.1459
72	154	0.613955
72	155	0.987755
72	157	0.661257
72	161	1.17417
72	164	1.1822
72	165	1.18581
72	167	1.18503
72	171	1.18888
72	172	1.18624
72	173	0.561879
72	175	0.643757
72	177	1.24205
73	14	0.632438
73	92	0.651894
73	97	1.17509
73	98	0.72367
73	100	1.1577
73	102	1.155
73	104	1.13293
73	128	1.16551
73	134	0.694205
73	136	1.14534
73	143	1.15186
73	145	0.660795
73	163	1.1624
73	164	1.15406
73	165	1.15767
73	168	0.972864
73	170	1.15065
73	171	1.16074
73	172	1.1581
73	173	0.638475
74	2	0.586425
74	7	0.781322
74	40	1.23642
74	93	0.662876
74	98	1.09287
74	111	0.630059
74	114	1.18354
74	119	1.10503
74	127	0.713612
74	138	1.16383
74	148	0.621046
74	154	1.12124
74	159	1.13977
74	160	1.09872
74	166	1.13166
74	173	1.15669
74	174	1.15216
74	178	1.14176
74	179	1.1404
74	180	1.13595
75	1	0.559821
75	61	1.18477
75	81	1.10381
75	84	0.708474
75	86	1.10751
75	109	0.687959
75	111	0.643967
75	112	1.09422
75	130	1.15411
75	140	0.685746
75	146	1.12179
75	158	1.16287
75	160	0.710903
75	161	1.13029
75	163	1.14666
75	164	1.13832
75	171	1.145
75	172	1.14236
75	176	1.17012
75	177	1.19817
76	105	1.14222
76	128	1.17424
76	139	0.741462
76	143	1.16059
76	145	0.64873
76	148	1.19322
76	155	0.968347
76	156	1.16302
76	159	0.645136
76	161	1.15476
76	163	1.17113
76	165	1.1664
76	167	1.16563
76	168	0.981593
76	171	1.16947
76	172	1.16683
76	173	0.62641
76	174	0.678136
76	177	1.22264
76	180	0.664496
77	2	1.18943
77	71	0.60438
77	84	1.10235
77	89	0.727802
77	95	1.1394
77	115	1.11848
77	124	1.14807
77	126	1.13644
77	134	1.12458
77	136	0.676554
77	140	1.11734
77	147	0.678146
77	150	1.16627
77	153	1.15016
77	160	1.10357
77	165	0.654651
77	167	0.660055
77	169	1.14935
77	175	1.15526
77	177	1.19929
78	22	1.15618
78	89	1.09785
78	92	1.14983
78	128	0.636787
78	138	1.18722
78	142	0.663895
78	145	1.14609
78	148	0.650993
78	154	1.14463
78	155	0.963539
78	159	1.16316
78	161	0.673177
78	162	1.17268
78	166	1.15505
78	169	0.669755
78	172	0.70442
78	174	1.17555
78	178	1.16515
78	179	1.16379
78	180	1.15934
79	30	0.561316
79	39	1.23039
79	49	1.17965
79	84	1.09244
79	93	1.13304
79	101	1.07196
79	106	1.18933
79	107	1.17183
79	117	1.10116
79	127	1.09032
79	129	0.683676
79	137	1.15833
79	143	0.687323
79	150	1.15636
79	153	1.14025
79	169	1.13944
79	174	0.698481
79	175	1.14535
79	176	0.667571
79	179	0.704909
80	12	1.18427
80	16	1.23191
80	33	1.10233
80	39	0.388143
80	50	0.91198
80	64	1.19292
80	82	1.22425
80	85	1.26168
80	88	1.1654
80	96	1.11725
80	139	1.14263
80	144	1.13271
80	152	0.844373
80	155	1.29809
80	157	0.0382958
80	160	1.11477
80	168	1.22431
80	170	1.14724
80	176	1.18245
81	75	1.10381
81	94	0.697591
81	108	0.703551
81	125	1.12718
81	132	1.13728
81	136	1.10485
81	139	0.759191
81	149	1.07728
81	156	1.1138
81	160	0.729144
81	163	1.12191
81	164	1.11357
81	165	1.11718
81	167	1.11641
81	170	1.11016
81	171	1.12025
81	172	1.11761
81	173	0.64414
81	176	1.14538
81	177	1.17342
81	178	0.668561
82	12	1.2553
82	16	1.30294
82	33	1.17337
82	47	1.40535
82	58	0.470547
82	60	0.374871
82	80	1.22425
82	85	1.33271
82	88	1.23643
82	139	1.21366
82	144	1.20374
82	152	0.714196
82	160	1.1858
82	163	0.0214108
82	168	1.09414
82	170	1.21827
82	176	1.25348
83	25	0.661581
83	54	1.14198
83	112	1.07382
83	114	0.698993
83	118	0.73415
83	125	1.13152
83	132	1.14162
83	136	1.10919
83	142	1.11496
83	146	1.10138
83	156	1.11814
83	158	1.14247
83	160	0.75726
83	161	1.10988
83	162	0.675893
83	163	1.12625
83	165	1.12152
83	167	1.12075
83	171	1.12459
83	172	1.12195
83	173	0.672256
84	20	1.14892
84	66	0.635866
84	75	0.708474
84	77	1.10235
84	79	1.09244
84	106	1.17077
84	110	1.12792
84	113	0.719287
84	115	1.09002
84	120	1.15031
84	122	1.10495
84	133	1.10805
84	134	1.09611
84	139	1.10296
84	140	1.08887
84	141	0.659436
84	150	1.13781
84	161	0.714329
84	164	0.76513
84	170	1.10757
84	177	1.17083
85	12	1.29273
85	16	1.34037
85	33	1.2108
85	39	0.790919
85	58	1.0035
85	80	1.26168
85	82	1.33271
85	88	1.27386
85	96	1.22571
85	139	1.25109
85	144	1.24117
85	147	0.040039
85	152	1.24715
85	155	1.70087
85	160	1.22323
85	170	1.2557
85	172	0.0461738
85	175	0.002016
85	176	1.29091
86	54	1.14134
86	62	1.17039
86	70	0.938055
86	75	1.10751
86	104	1.09614
86	135	0.762672
86	138	0.695678
86	141	0.69032
86	142	1.11432
86	143	1.11506
86	144	0.751417
86	145	0.736294
86	146	1.10074
86	148	1.14769
86	155	0.922825
86	161	1.10924
86	163	1.12561
86	164	1.11727
86	165	1.12088
86	171	1.12395
86	174	0.7657
86	176	1.14907
87	43	1.10872
87	98	0.684497
87	100	1.18457
87	112	1.13684
87	114	0.626039
87	120	0.596248
87	130	1.19673
87	142	1.17799
87	146	1.16441
87	149	1.14464
87	150	0.607701
87	156	1.18116
87	158	1.20549
87	161	1.1729
87	162	0.602939
87	163	1.18927
87	164	1.18093
87	167	1.18377
87	171	1.18761
87	172	1.18497
87	173	0.599302
87	175	0.681181
88	12	1.19645
88	16	1.24409
88	27	1.12403
88	31	1.12988
88	33	1.11452
88	50	0.889225
88	60	0.482291
88	64	1.20511
88	69	0.770062
88	80	1.1654
88	82	1.23643
88	85	1.27386
88	96	1.12944
88	116	0.0597475
88	139	1.15481
88	144	1.1449
88	151	1.08768
88	152	0.821617
88	160	1.12696
88	168	1.20156
88	170	1.15942
88	176	1.19464
89	77	0.727802
89	78	1.09785
89	97	0.677982
89	109	1.08655
89	131	1.11377
89	134	0.762248
89	141	1.11846
89	147	1.11007
89	154	1.0746
89	157	1.10454
89	159	1.09313
89	162	1.10264
89	164	0.788559
89	166	1.08501
89	170	0.756777
89	173	1.11005
89	174	1.10551
89	176	1.11975
89	177	0.682381
89	178	1.09511
89	179	1.09375
89	180	1.0893
90	5	0.603512
90	19	0.629224
90	20	1.20854
90	56	1.18049
90	69	1.04896
90	96	0.679477
90	111	1.18298
90	116	1.15326
90	122	1.16458
90	126	1.1676
90	133	1.16767
90	134	1.15573
90	137	1.1994
90	152	1.06766
90	155	0.976159
90	169	1.1805
90	170	1.16719
90	172	0.692862
90	173	1.1927
90	174	0.682106
90	175	1.18642
90	176	0.651196
90	180	0.668466
91	14	1.13159
91	38	0.773286
91	67	1.01733
91	103	1.0584
91	109	1.07295
91	113	1.05403
91	114	1.12329
91	121	1.12155
91	123	0.802688
91	129	1.06341
91	131	1.10017
91	147	1.09647
91	154	1.061
91	156	0.743218
91	157	1.09094
91	159	1.07953
91	161	0.760678
91	174	1.09191
91	175	0.811317
91	177	0.705301
91	178	1.08151
91	179	1.08015
91	180	1.0757
92	73	0.651894
92	78	1.14983
92	102	0.652353
92	104	0.658118
92	114	1.18888
92	119	1.11037
92	126	0.627143
92	136	0.668689
92	139	1.13191
92	141	1.17044
92	144	1.122
92	145	1.12804
92	147	1.16205
92	157	1.15653
92	162	1.15462
92	170	0.664191
92	171	0.676216
92	173	1.16203
92	174	1.15749
92	176	1.17173
92	178	1.1471
92	179	1.14573
92	180	1.14129
93	36	1.14864
93	51	0.63914
93	59	0.579478
93	74	0.662876
93	79	1.13304
93	95	1.15154
93	96	0.700497
93	106	1.21137
93	118	1.12865
93	120	1.19091
93	123	1.11369
93	126	1.14857
93	127	1.11236
93	137	1.18038
93	140	1.12947
93	142	0.673357
93	145	0.673719
93	152	1.04864
93	153	1.16229
93	169	1.16148
93	175	1.16739
93	177	1.21143
93	178	0.675821
94	25	1.12266
94	40	1.21977
94	81	0.697591
94	99	0.656042
94	109	1.11655
94	119	1.08838
94	123	0.727215
94	129	1.10701
94	138	1.14718
94	139	1.10992
94	141	1.14846
94	145	1.10605
94	147	1.14007
94	150	0.662364
94	157	1.13454
94	159	1.12312
94	162	1.13264
94	170	0.704224
94	171	0.716249
94	174	1.13551
94	177	0.629828
94	178	1.12511
94	179	1.12375
94	180	1.1193
95	25	0.656775
95	58	1.09508
95	63	0.614567
95	77	1.1394
95	93	1.15154
95	99	1.20045
95	101	1.09046
95	110	1.16498
95	113	0.703648
95	115	1.12708
95	118	1.12511
95	130	0.681326
95	133	1.14511
95	136	0.722206
95	137	1.17683
95	144	1.1301
95	152	1.0451
95	160	1.11216
95	168	0.966841
95	169	1.15794
95	174	0.719177
95	175	1.16385
95	177	1.20789
95	180	0.705537
96	2	0.624046
96	80	1.11725
96	85	1.22571
96	88	1.12944
96	90	0.679477
96	93	0.700497
96	108	0.709023
96	132	1.13839
96	137	0.692645
96	140	0.709459
96	141	1.1452
96	142	1.11174
96	153	0.679897
96	164	1.11468
96	166	1.11175
96	167	1.11752
96	170	1.11128
96	171	1.12137
96	172	1.11873
96	174	1.13225
96	176	1.14649
96	178	1.12185
96	179	1.12049
96	180	1.11604
97	18	0.554674
97	35	0.692178
97	40	0.505384
97	73	1.17509
97	89	0.677982
97	102	1.17005
97	104	1.14798
97	125	1.18272
97	128	1.18056
97	132	1.19281
97	139	0.687029
97	143	1.1669
97	146	1.15258
97	153	0.602263
97	156	1.16934
97	157	0.671356
97	161	1.16108
97	163	1.17745
97	165	1.17272
97	167	1.17194
97	171	1.17579
97	172	1.17315
97	176	1.20091
97	177	1.22896
97	180	0.610064
98	21	1.10257
98	27	0.746522
98	30	1.20481
98	73	0.72367
98	74	1.09287
98	87	0.684497
98	103	1.09042
98	113	1.08605
98	114	1.15531
98	115	0.753507
98	121	1.15356
98	129	1.09542
98	131	1.13218
98	132	0.670974
98	150	0.694107
98	152	1.00342
98	157	1.12296
98	159	1.11154
98	160	1.07048
98	162	1.12105
98	167	0.723965
98	174	1.12392
98	178	1.11353
98	179	1.11216
98	180	1.10772
99	18	0.585287
99	21	0.650786
99	24	1.18884
99	27	1.16168
99	53	0.586129
99	94	0.656042
99	95	1.20045
99	116	1.18315
99	122	1.19446
99	123	1.16259
99	126	1.19748
99	127	1.16127
99	134	1.18562
99	140	1.17838
99	148	0.611646
99	150	1.22731
99	151	1.05426
99	153	1.2112
99	154	0.654667
99	155	1.00605
99	158	0.622992
99	161	0.633831
99	169	1.21039
99	175	1.2163
99	177	1.26034
100	72	1.18584
100	73	1.1577
100	87	1.18457
100	120	0.598726
100	122	0.683056
100	125	1.16533
100	127	0.703401
100	130	1.16751
100	132	1.17542
100	136	1.143
100	142	1.14877
100	148	1.18214
100	151	1.00549
100	154	0.653857
100	156	1.15195
100	157	0.701159
100	158	1.17627
100	161	1.14369
100	163	1.16006
100	167	1.15455
100	169	0.629598
100	171	1.1584
100	172	1.15576
100	173	0.60178
100	176	1.18352
100	178	0.626202
101	20	1.12844
101	49	1.14061
101	68	0.675377
101	79	1.07196
101	95	1.09046
101	103	0.770837
101	106	1.15029
101	108	1.09602
101	115	1.06954
101	116	1.07316
101	117	1.06212
101	122	1.08447
101	124	1.09912
101	126	1.08749
101	132	0.714351
101	133	1.08757
101	134	1.07563
101	135	1.08528
101	136	0.783841
101	137	1.1193
101	138	0.71079
101	146	0.776049
101	150	1.11732
101	160	1.05462
101	167	0.767342
101	175	1.10631
102	26	1.15846
102	40	0.57234
102	61	1.19547
102	73	1.155
102	92	0.652353
102	97	1.17005
102	107	0.643377
102	110	0.646437
102	132	1.17272
102	136	1.1403
102	140	0.698782
102	144	0.676378
102	146	1.13249
102	148	1.17945
102	149	1.11272
102	150	0.647333
102	156	1.14925
102	158	1.17357
102	159	0.65766
102	161	1.14099
102	163	1.15736
102	164	1.14902
102	165	1.15263
102	167	1.15186
102	171	1.1557
102	172	1.15306
103	34	1.09394
103	49	0.566551
103	53	1.14718
103	63	1.18328
103	91	1.0584
103	98	1.09042
103	101	0.770837
103	105	0.711085
103	109	1.13074
103	131	1.15795
103	136	0.697022
103	138	1.16137
103	141	1.16265
103	145	1.12024
103	147	1.15426
103	148	0.651321
103	156	0.656045
103	157	1.14873
103	159	1.13732
103	165	0.675119
103	166	1.1292
103	169	0.670083
103	174	1.1497
103	176	1.16394
103	178	1.1393
103	179	1.13794
103	180	1.13349
104	3	0.616004
104	13	0.806378
104	26	1.13639
104	29	0.680185
104	49	0.568985
104	62	1.18007
104	72	1.16107
104	73	1.13293
104	86	1.09614
104	92	0.658118
104	97	1.14798
104	118	0.706593
104	125	1.14056
104	129	0.681621
104	136	1.11823
104	149	1.09065
104	158	1.1515
104	161	1.11892
104	163	1.13529
104	164	1.12695
104	167	1.12978
104	170	1.12354
104	171	1.13363
104	172	1.13099
104	176	1.15875
104	177	1.1868
104	180	0.682786
105	24	0.692172
105	61	1.17397
105	66	1.17192
105	71	1.19107
105	76	1.14222
105	103	0.711085
105	107	0.673776
105	111	0.687402
105	124	0.670021
105	130	1.14331
105	132	1.15121
105	142	1.12456
105	146	1.11098
105	147	0.725682
105	148	1.15794
105	151	0.981282
105	152	1.02457
105	155	0.933068
105	157	0.768712
105	158	1.15207
105	161	1.11948
105	163	1.13585
105	165	1.13112
105	167	1.13035
105	171	1.13419
105	172	1.13155
105	173	0.669334
105	176	1.15932
106	7	1.11924
106	13	1.10348
106	64	0.564926
106	79	1.18933
106	84	1.17077
106	93	1.21137
106	101	1.15029
106	116	1.19053
106	120	1.2472
106	123	1.16998
106	124	1.21649
106	126	1.20487
106	131	0.591734
106	133	1.20494
106	139	1.19985
106	140	1.18576
106	147	0.64188
106	152	1.10493
106	153	1.21859
106	154	0.637609
106	163	0.675238
106	166	0.617277
106	168	1.02668
106	169	1.21777
106	171	0.647816
106	176	0.606349
106	177	1.26772
106	180	0.623619
107	5	0.57809
107	21	0.653152
107	24	1.17872
107	27	1.15156
107	30	0.519518
107	56	1.20026
107	64	0.58435
107	79	1.17183
107	102	0.643377
107	105	0.673776
107	111	1.20275
107	117	1.16199
107	120	1.2297
107	126	1.18736
107	127	1.15115
107	135	1.18515
107	140	1.16826
107	144	1.17243
107	150	1.21719
107	153	1.20108
107	160	1.15449
107	163	0.694663
107	168	1.00917
107	169	1.20027
107	175	1.20618
107	176	0.625773
107	177	1.25022
107	178	0.629378
108	1	1.20914
108	10	0.890009
108	56	1.16348
108	58	1.10064
108	70	0.974383
108	81	0.703551
108	96	0.709023
108	101	1.09602
108	110	1.17054
108	111	1.16597
108	120	1.19292
108	124	1.16222
108	134	1.13873
108	137	1.18239
108	139	1.14558
108	140	1.13149
108	141	0.636272
108	143	0.700494
108	149	0.715348
108	151	1.00737
108	157	0.759304
108	159	0.678651
108	167	0.698182
108	168	0.9724
108	169	1.1635
108	170	1.15019
108	175	1.16941
108	177	1.21344
109	17	1.06303
109	29	1.0968
109	37	1.1218
109	75	0.687959
109	89	1.08655
109	91	1.07295
109	94	1.11655
109	103	1.13074
109	119	1.11712
109	122	0.74385
109	131	1.1725
109	142	0.684531
109	143	0.703142
109	147	1.16881
109	151	1.00046
109	152	1.04374
109	154	1.13334
109	159	1.15187
109	162	1.16138
109	166	1.14375
109	167	0.700831
109	170	0.712833
109	171	0.724857
109	174	1.16425
109	177	0.638437
109	178	1.15385
109	179	1.15249
109	180	1.14804
110	2	1.21501
110	29	0.643502
110	84	1.12792
110	95	1.16498
110	102	0.646437
110	108	1.17054
110	116	1.14768
110	117	1.13665
110	118	1.14209
110	119	0.668967
110	120	1.20435
110	123	1.12713
110	124	1.17364
110	126	1.16202
110	131	0.614219
110	133	1.16209
110	135	1.1598
110	145	0.630337
110	150	1.19185
110	153	1.17574
110	159	0.626742
110	166	0.639761
110	168	0.983826
110	170	1.16161
110	172	0.6705
110	173	1.18712
110	175	1.18084
110	177	1.22487
110	179	0.666171
111	13	1.05606
111	24	1.1488
111	56	1.17034
111	74	0.630059
111	75	0.643967
111	90	1.18298
111	105	0.687402
111	107	1.20275
111	108	1.16597
111	116	1.14311
111	120	1.19978
111	123	1.12256
111	124	1.16908
111	126	1.15745
111	127	1.12124
111	130	0.632458
111	133	1.15753
111	135	1.15524
111	137	1.18925
111	139	1.15244
111	142	0.64054
111	150	1.18728
111	153	1.17117
111	156	0.632362
111	165	0.651435
111	169	1.17036
111	175	1.17627
111	176	0.639399
111	178	0.643004
112	6	1.03563
112	10	0.840396
112	19	1.12011
112	43	1.03177
112	49	0.645618
112	54	1.12805
112	68	1.17044
112	75	1.09422
112	83	1.07382
112	87	1.13684
112	116	0.866145
112	117	0.786975
112	125	1.1176
112	128	1.11544
112	130	1.11978
112	132	1.12769
112	134	0.777063
112	138	0.703038
112	143	1.10178
112	148	1.13441
112	152	1.00104
112	156	1.10421
112	158	1.12854
112	161	1.09595
112	162	0.72497
112	164	1.10398
112	165	1.1076
112	171	1.11066
112	173	0.721333
112	174	0.77306
113	14	1.18501
113	51	1.14654
113	59	1.21684
113	63	1.17891
113	66	0.589489
113	84	0.719287
113	91	1.05403
113	95	0.703648
113	98	1.08605
113	114	1.17671
113	121	1.17497
113	140	0.696559
113	141	1.15828
113	144	1.10983
113	145	1.11587
113	146	0.683676
113	147	1.14989
113	149	0.692135
113	150	0.64511
113	156	0.650491
113	157	1.14436
113	159	1.13295
113	162	1.14246
113	166	1.12483
113	174	1.14533
113	176	1.15957
113	177	0.612574
113	178	1.13493
113	179	1.13357
113	180	1.12912
114	2	0.601685
114	38	0.671099
114	51	1.2158
114	61	0.566418
114	66	0.580028
114	68	0.573542
114	69	1.07539
114	74	1.18354
114	83	0.698993
114	87	0.626039
114	91	1.12329
114	92	1.18888
114	98	1.15531
114	113	1.17671
114	119	1.16746
114	121	1.24423
114	130	0.641126
114	138	1.22626
114	145	1.18513
114	148	0.636306
114	154	1.18368
114	157	1.21362
114	162	1.21172
114	166	1.19409
114	168	1.01583
114	173	1.21913
114	174	1.21459
114	177	0.603113
114	178	1.20419
114	179	1.20283
114	180	1.19838
115	1	1.18267
115	3	0.639616
115	15	1.20089
115	31	1.09417
115	37	0.713902
115	54	0.637053
115	77	1.11848
115	84	1.09002
115	95	1.12708
115	98	0.753507
115	101	1.06954
115	116	1.10978
115	117	1.09874
115	118	1.10419
115	120	1.16645
115	122	1.12109
115	127	1.0879
115	132	0.653577
115	133	1.12419
115	135	1.1219
115	140	1.10501
115	153	1.13783
115	159	0.687038
115	165	0.701165
115	169	1.13702
115	170	1.12371
115	173	1.14922
115	175	1.14294
115	176	0.689129
115	177	1.18697
115	179	0.726467
116	2	1.18072
116	19	0.74417
116	29	0.78081
116	49	1.18085
116	61	0.684492
116	88	0.0597475
116	90	1.15326
116	99	1.18315
116	101	1.07316
116	106	1.19053
116	110	1.14768
116	111	1.14311
116	112	0.866145
116	115	1.10978
116	117	1.10236
116	118	1.10781
116	122	1.12471
116	123	1.09284
116	126	1.12773
116	127	1.09152
116	134	1.11587
116	140	1.10863
116	148	0.754381
116	151	0.984508
116	153	1.14145
116	166	0.77707
116	169	1.14064
116	173	1.15284
116	175	1.14655
116	176	0.766142
116	178	0.769747
117	5	0.639288
117	24	1.10805
117	25	0.65548
117	36	1.11676
117	39	1.22056
117	49	1.16982
117	79	1.10116
117	101	1.06212
117	107	1.16199
117	110	1.13665
117	112	0.786975
117	115	1.09874
117	116	1.10236
117	118	1.09677
117	120	1.15903
117	121	0.642047
117	126	1.1167
117	127	1.08048
117	133	1.11677
117	135	1.11448
117	137	1.1485
117	140	1.09759
117	150	1.14653
117	161	0.697395
117	162	0.669792
117	166	0.6979
117	169	1.1296
117	171	0.728439
117	175	1.13552
117	176	0.686972
117	177	1.17955
118	2	1.17514
118	34	0.705347
118	64	0.641801
118	83	0.73415
118	93	1.12865
118	95	1.12511
118	104	0.706593
118	110	1.14209
118	115	1.10419
118	116	1.10781
118	117	1.09677
118	120	1.16448
118	122	1.11912
118	123	1.08725
118	124	1.13377
118	127	1.08593
118	129	0.699329
118	132	0.647673
118	133	1.12222
118	135	1.11993
118	137	1.15395
118	140	1.10304
118	145	0.684727
118	150	1.15197
118	160	1.08927
118	169	1.13505
118	170	1.12174
118	173	1.14725
118	176	0.683224
118	177	1.185
118	180	0.700494
119	4	1.17979
119	14	1.17575
119	36	0.742834
119	38	0.705312
119	44	1.17465
119	74	1.10503
119	92	1.11037
119	94	1.08838
119	109	1.11712
119	110	0.668967
119	114	1.16746
119	120	0.658409
119	124	0.662152
119	138	1.14775
119	144	1.10058
119	145	1.10662
119	146	0.708428
119	147	1.14064
119	149	0.716887
119	152	1.01557
119	154	1.10516
119	157	1.13511
119	161	0.692704
119	162	1.13321
119	173	1.14061
119	174	1.13608
119	176	1.15032
119	177	0.637327
119	178	1.12568
119	179	1.12432
119	180	1.11987
120	5	0.570592
120	7	1.09878
120	13	1.08301
120	19	0.596304
120	49	1.23752
120	84	1.15031
120	87	0.596248
120	93	1.19091
120	100	0.598726
120	106	1.2472
120	107	1.2297
120	108	1.19292
120	110	1.20435
120	111	1.19978
120	115	1.16645
120	117	1.15903
120	118	1.16448
120	119	0.658409
120	122	1.18138
120	123	1.14951
120	124	1.19603
120	131	0.603662
120	135	1.18219
120	147	0.653808
120	150	1.21423
120	158	0.61786
120	160	1.15153
120	169	1.19731
120	171	0.659743
120	174	0.649186
120	175	1.20322
121	29	1.14539
121	34	1.15709
121	48	1.11798
121	91	1.12155
121	98	1.15356
121	113	1.17497
121	114	1.24423
121	117	0.642047
121	129	1.18435
121	130	0.590281
121	131	1.2211
121	133	0.649828
121	137	0.619439
121	138	1.22452
121	147	1.21741
121	149	0.631828
121	153	0.606691
121	154	1.18193
121	157	1.21188
121	159	1.20046
121	162	1.20998
121	164	0.658446
121	166	1.19235
121	167	0.614662
121	168	1.01409
121	170	0.626664
121	176	1.22709
121	177	0.552268
121	178	1.20245
121	179	1.20109
121	180	1.19664
122	13	1.03766
122	20	1.18
122	42	0.824193
122	59	0.609869
122	69	1.02041
122	72	0.643155
122	84	1.10495
122	90	1.16458
122	99	1.19446
122	100	0.683056
122	101	1.08447
122	109	0.74385
122	115	1.12109
122	116	1.12471
122	118	1.11912
122	120	1.18138
122	123	1.10416
122	127	1.10283
122	133	1.13912
122	135	1.13683
122	140	1.11995
122	144	1.12412
122	148	0.690846
122	150	1.16888
122	153	1.15277
122	155	0.94761
122	164	0.763831
122	168	0.960857
122	169	1.15196
122	175	1.15787
122	176	0.702607
122	179	0.739945
123	7	1.02156
123	56	1.12007
123	91	0.802688
123	93	1.11369
123	94	0.727215
123	99	1.16259
123	106	1.16998
123	110	1.12713
123	111	1.12256
123	116	1.09284
123	118	1.08725
123	120	1.14951
123	122	1.10416
123	124	1.11881
123	127	1.07096
123	131	0.679966
123	133	1.10726
123	134	1.09532
123	135	1.10497
123	140	1.08808
123	150	1.13701
123	153	1.1209
123	158	0.694165
123	159	0.692489
123	166	0.705508
123	169	1.12009
123	170	1.10678
123	173	1.13228
123	175	1.126
123	176	0.69458
123	178	0.698185
123	180	0.71185
124	6	0.800946
124	49	1.20682
124	64	0.580595
124	69	1.03506
124	70	0.977489
124	77	1.14807
124	101	1.09912
124	105	0.670021
124	106	1.21649
124	108	1.16222
124	110	1.17364
124	111	1.16908
124	118	1.13377
124	119	0.662152
124	120	1.19603
124	123	1.11881
124	127	1.11748
124	133	1.15377
124	134	1.14184
124	135	1.15148
124	144	1.13877
124	150	1.18353
124	153	1.16742
124	158	0.621603
124	163	0.690908
124	169	1.1666
124	170	1.15329
124	171	0.663485
124	174	0.652928
124	175	1.17252
124	176	0.622018
124	177	1.21655
124	180	0.639288
125	32	1.03403
125	49	0.552797
125	67	0.699632
125	72	1.19581
125	81	1.12718
125	83	1.13152
125	97	1.18272
125	100	1.16533
125	104	1.14056
125	112	1.1176
125	127	0.730133
125	128	1.17314
125	134	0.684242
125	142	1.15874
125	143	1.15949
125	144	0.665955
125	145	0.650832
125	146	1.14516
125	148	1.19212
125	149	1.1254
125	151	1.01546
125	156	1.16192
125	158	1.18625
125	159	0.647237
125	161	1.15366
125	163	1.17003
125	165	1.1653
125	166	0.660256
125	167	1.16453
125	169	0.656329
125	171	1.16837
125	172	1.16573
125	178	0.652933
126	6	0.813469
126	39	1.24593
126	44	0.580245
126	77	1.13644
126	90	1.1676
126	92	0.627143
126	93	1.14857
126	99	1.19748
126	101	1.08749
126	106	1.20487
126	107	1.18736
126	110	1.16202
126	111	1.15745
126	116	1.12773
126	117	1.1167
126	127	1.10585
126	131	0.619927
126	133	1.14214
126	134	1.13021
126	135	1.13985
126	140	1.12297
126	144	1.12714
126	150	1.1719
126	152	1.04213
126	153	1.15579
126	157	0.713103
126	162	0.617362
126	169	1.15498
126	171	0.676008
126	173	1.16717
126	176	0.634542
126	179	0.671879
126	180	0.651811
127	4	0.65141
127	17	0.837215
127	74	0.713612
127	79	1.09032
127	93	1.11236
127	99	1.16127
127	100	0.703401
127	107	1.15115
127	111	1.12124
127	115	1.0879
127	116	1.09152
127	117	1.08048
127	118	1.08593
127	122	1.10283
127	123	1.07096
127	124	1.11748
127	125	0.730133
127	126	1.10585
127	133	1.10593
127	134	1.09399
127	137	1.13766
127	140	1.08675
127	152	1.00592
127	153	1.11957
127	168	0.927662
127	169	1.11876
127	171	0.764418
127	173	1.13096
127	174	0.753861
127	175	1.12467
127	176	0.722951
127	177	1.16871
127	178	0.726556
128	22	0.65469
128	35	0.715564
128	43	1.08732
128	55	1.109
128	67	0.666484
128	68	1.22599
128	73	1.16551
128	76	1.17424
128	78	0.636787
128	97	1.18056
128	112	1.11544
128	125	1.17314
128	130	1.17533
128	139	0.710415
128	143	1.15733
128	146	1.14301
128	148	1.18996
128	149	1.12324
128	152	1.05659
128	155	0.965089
128	156	1.15976
128	158	1.18409
128	160	0.680368
128	163	1.16787
128	165	1.16314
128	166	0.627108
128	167	1.16237
128	169	0.623181
128	171	1.16621
128	172	1.16357
128	176	1.19134
128	179	0.653518
128	180	0.63345
129	18	1.1804
129	21	1.13335
129	40	1.23897
129	44	1.19328
129	48	1.05984
129	67	1.08013
129	79	0.683676
129	91	1.06341
129	94	1.10701
129	98	1.09542
129	104	0.681621
129	118	0.699329
129	121	1.18435
129	131	1.16296
129	132	0.622701
129	139	1.12912
129	140	0.697283
129	141	1.16766
129	142	0.659393
129	145	1.12525
129	147	1.15927
129	157	1.15374
129	160	1.10127
129	161	0.668675
129	164	0.719476
129	168	0.955948
129	169	0.665253
129	172	0.699918
129	173	1.15924
129	174	1.15471
129	176	1.16895
129	178	1.14431
129	179	1.14295
129	180	1.1385
130	26	1.17332
130	62	1.21699
130	75	1.15411
130	87	1.19673
130	95	0.681326
130	100	1.16751
130	105	1.14331
130	111	0.632458
130	112	1.11978
130	114	0.641126
130	121	0.590281
130	128	1.17533
130	132	1.18758
130	136	1.15515
130	138	0.596094
130	141	0.590736
130	142	1.16093
130	143	1.16167
130	146	1.14735
130	149	1.12758
130	156	1.1641
130	158	1.18843
130	160	0.699394
130	161	1.15584
130	163	1.17221
130	164	1.16387
130	165	1.16749
130	166	0.646134
130	167	1.16671
130	171	1.17055
130	172	1.16791
130	173	0.61439
130	176	1.19568
130	178	0.638811
130	179	0.672544
131	14	1.23114
131	34	1.1357
131	59	1.26297
131	89	1.11377
131	91	1.10017
131	98	1.13218
131	103	1.15795
131	106	0.591734
131	109	1.1725
131	110	0.614219
131	120	0.603662
131	121	1.2211
131	123	0.679966
131	126	0.619927
131	129	1.16296
131	135	0.655415
131	138	1.20313
131	141	1.20441
131	143	0.647285
131	145	1.162
131	146	0.65368
131	154	1.16055
131	155	0.979455
131	159	1.17908
131	160	1.13802
131	162	1.18859
131	166	1.17096
131	170	0.656975
131	173	1.196
131	174	1.19146
131	175	0.688595
131	177	0.582579
131	178	1.18106
131	179	1.1797
131	180	1.17525
132	3	0.557083
132	26	1.18123
132	41	1.21742
132	81	1.13728
132	83	1.14162
132	96	1.13839
132	97	1.19281
132	98	0.670974
132	100	1.17542
132	101	0.714351
132	102	1.17272
132	105	1.15121
132	112	1.12769
132	115	0.653577
132	118	0.647673
132	129	0.622701
