1	20	1.19821
1	43	1.14176
1	48	1.20708
1	72	0.638069
1	95	1.14185
1	98	1.2037
1	102	1.31518
1	103	1.26585
1	132	0.612481
1	144	1.16278
1	147	0.793567
1	160	0.68033
2	61	1.41947
2	62	1.42534
2	78	1.44708
2	87	1.37281
2	88	1.38635
2	140	0.492907
2	162	0.400854
2	165	0.545248
2	169	0.721433
2	172	1.23362
2	174	1.31385
2	176	0.66454
3	27	1.21527
3	49	1.22495
3	70	1.23627
3	73	1.18309
3	77	1.20036
3	81	1.15888
3	130	1.23174
3	134	0.519209
3	155	1.20315
3	159	0.749381
3	171	0.724124
3	178	0.744897
4	7	1.51836
4	30	1.44957
4	99	1.45751
4	100	1.45742
4	132	0.426134
4	138	0.52467
4	150	1.49774
4	153	0.592889
4	162	0.43705
4	174	1.4376
4	175	0.633808
5	91	1.59076
5	94	1.65723
5	104	1.57654
5	108	1.63343
5	109	0.604315
5	113	1.64109
5	148	0.356915
5	153	0.487457
5	156	0.39666
5	170	0.457022
5	172	1.50914
5	179	0.59963
6	76	1.25325
6	82	1.45958
6	85	1.40136
6	90	1.3582
6	97	1.37926
6	144	1.3598
6	149	0.523959
6	155	1.40125
6	159	0.667195
6	162	0.396811
6	171	0.641937
6	175	0.593568
7	4	1.51836
7	9	1.41633
7	40	1.43588
7	41	1.24616
7	99	1.3326
7	100	1.33251
7	117	0.533235
7	155	0.468809
7	173	0.471543
7	174	1.31269
7	179	0.66076
7	180	0.679058
8	31	1.20906
8	46	1.2391
8	53	1.16567
8	64	1.25895
8	74	1.20269
8	80	1.28179
8	105	0.416573
8	112	1.18353
8	142	1.13263
8	152	1.09801
8	168	0.585411
8	172	0.628321
9	7	1.41633
9	40	1.45876
9	41	1.26904
9	99	1.35548
9	100	1.35539
9	150	1.39571
9	152	0.471942
9	154	0.56966
9	155	0.545618
9	157	0.622264
9	165	0.613951
9	174	1.33557
10	26	0.472589
10	40	1.48579
10	41	1.29607
10	99	1.3825
10	100	1.38241
10	109	1.25405
10	138	0.526905
10	140	0.531339
10	150	1.42273
10	157	0.591992
10	174	1.3626
10	177	0.692352
11	19	1.46136
11	30	1.35723
11	41	1.27873
11	99	1.36517
11	100	1.36508
11	125	1.42091
11	134	0.480272
11	140	0.532113
11	156	0.505102
11	157	0.592766
11	159	0.710444
11	174	1.34526
12	24	1.50094
12	33	1.39389
12	60	1.39848
12	83	1.37017
12	92	1.31884
12	101	1.27939
12	112	0.439711
12	147	0.504958
12	153	0.490626
12	160	0.936851
12	164	1.36742
12	174	0.45057
13	35	0.282946
13	48	0.388276
13	55	0.383117
13	66	0.518642
13	77	0.410336
13	113	1.4873
13	137	1.42689
13	139	1.49972
13	172	1.35535
13	178	1.27141
13	179	1.28575
13	180	1.25942
14	34	1.11267
14	61	1.27241
14	78	1.30002
14	87	1.22575
14	88	1.23929
14	156	0.561341
14	160	1.19311
14	167	0.840048
14	172	1.08656
14	173	0.575093
14	174	1.16679
14	176	0.759985
15	56	1.34173
15	89	1.23476
15	91	1.16461
15	94	1.23108
15	104	1.1504
15	108	1.20729
15	113	1.21494
15	140	0.690439
15	146	0.639342
15	149	0.725535
15	172	1.08299
15	173	0.677181
16	34	1.43955
16	45	1.38731
16	72	0.452486
16	87	1.55262
16	132	0.426898
16	145	0.523611
16	146	0.47877
16	160	1.51998
16	172	1.41344
16	174	1.49366
16	180	0.724123
17	45	1.24286
17	62	1.46071
17	78	1.48245
17	88	1.42172
17	141	0.500429
17	145	0.54093
17	152	0.457517
17	160	1.37553
17	170	0.580536
17	172	1.26899
17	174	1.34922
17	180	0.741441
18	20	1.20139
18	43	1.14494
18	66	1.10903
18	67	1.22704
18	95	1.14502
18	98	1.20687
18	102	1.31835
18	103	1.26903
18	155	0.639491
18	156	0.628472
18	165	0.707824
18	175	0.760187
19	11	1.46136
19	30	1.35999
19	41	1.2815
19	99	1.36793
19	100	1.36784
19	133	0.529279
19	150	1.40816
19	160	0.536909
19	162	0.479975
19	164	0.355892
19	174	1.34803
19	178	0.745874
20	1	1.19821
20	18	1.20139
20	59	1.41658
20	66	1.23647
20	67	1.35447
20	95	1.27245
20	98	1.33431
20	103	1.39646
20	105	0.517012
20	119	0.533567
20	136	0.579885
20	142	0.643788
20	172	0.72876
21	35	1.40033
21	37	1.22057
21	82	1.35856
21	85	1.30035
21	90	1.25718
21	96	1.32625
21	97	1.27824
21	119	0.459298
21	155	1.30023
21	158	0.563769
21	168	0.611581
21	172	0.654491
21	177	0.727871
22	26	0.470111
22	36	1.22079
22	39	1.37809
22	42	1.23178
22	93	1.34627
22	111	1.29068
22	114	1.34235
22	132	0.999329
22	134	0.47702
22	144	1.27499
22	154	0.536911
22	163	0.527073
22	164	1.3604
23	37	1.24354
23	76	1.1752
23	82	1.38153
23	90	1.28015
23	96	1.34921
23	97	1.30121
23	125	1.34439
23	130	1.35179
23	142	0.544475
23	152	0.452145
23	170	0.575165
23	176	0.713447
23	180	0.73607
24	12	1.50094
24	44	1.49775
24	55	1.42556
24	69	1.51178
24	84	1.48739
24	92	1.51372
24	101	1.47427
24	136	0.456667
24	146	0.466811
24	160	0.482789
24	163	0.51612
24	171	0.670982
24	173	0.50465
25	118	1.36233
25	123	1.29692
25	128	1.33317
25	131	1.30885
25	135	1.26533
25	137	1.2356
25	139	1.30842
25	152	0.471973
25	160	1.2706
25	163	0.559853
25	167	0.813338
25	170	0.594992
25	174	0.585371
26	10	0.472589
26	22	0.470111
26	102	0.461424
26	106	0.463837
26	114	0.483554
26	141	1.53752
26	167	1.25884
26	171	1.28215
26	176	1.27204
26	177	1.27331
26	178	1.25714
26	179	1.27148
26	180	1.24516
27	3	1.21527
27	49	1.37477
27	70	1.38608
27	73	1.33291
27	81	1.3087
27	109	1.18996
27	110	0.518078
27	149	0.642499
27	150	1.35865
27	154	0.615454
27	157	1.26529
27	161	0.654206
27	173	0.594145
28	36	1.23477
28	52	1.25423
28	68	1.23032
28	93	1.36025
28	111	1.30465
28	114	1.35633
28	144	1.28896
28	146	0.518548
28	152	1.38312
28	160	0.534526
28	172	0.657278
28	173	0.556387
28	178	0.743492
29	86	1.34208
29	89	1.3497
29	91	1.27956
29	94	1.34603
29	104	1.26534
29	108	1.32223
29	113	1.32989
29	122	0.563549
29	132	0.593359
29	134	0.644488
29	152	0.60666
29	162	0.604275
29	172	1.19794
30	4	1.44957
30	11	1.35723
30	19	1.35999
30	99	1.2638
30	100	1.26371
30	109	1.13535
30	125	1.31954
30	136	0.544669
30	141	0.559155
30	143	0.553625
30	168	0.650634
30	174	1.2439
30	175	0.710616
31	8	1.20906
31	46	1.3522
31	53	1.27877
31	64	1.37205
31	74	1.31579
31	80	1.3949
31	122	0.448975
31	129	1.29085
31	138	0.577321
31	142	1.24574
31	158	0.578665
31	169	0.81028
31	174	0.605484
32	44	1.27634
32	47	1.27965
32	83	1.34364
32	84	1.26599
32	92	1.29232
32	101	1.25287
32	110	0.476339
32	129	0.569036
32	152	1.34963
32	155	0.549673
32	164	1.34089
32	166	0.612604
32	167	0.817362
33	12	1.39389
33	55	1.31851
33	69	1.40472
33	83	1.45799
33	84	1.38034
33	92	1.40667
33	101	1.36722
33	136	0.4769
33	145	0.531886
33	148	0.471385
33	154	0.546191
33	164	1.45524
33	174	0.561872
33	178	0.711988
34	14	1.11267
34	16	1.43955
34	54	0.512941
34	61	1.28343
34	62	1.28931
34	78	1.31105
34	87	1.23677
34	88	1.25032
34	122	0.561894
34	127	0.60601
34	143	0.642388
34	172	1.09759
34	174	1.17782
34	180	0.88893
35	13	0.282946
35	21	1.40033
35	37	1.36129
35	76	1.29295
35	85	1.44107
35	90	1.3979
35	96	1.46697
35	97	1.41896
35	147	0.539149
35	155	1.44095
35	159	0.639362
35	170	0.494382
35	176	0.632664
35	179	0.63699
36	22	1.22079
36	28	1.23477
36	68	1.14511
36	93	1.27504
36	110	0.500903
36	114	1.27112
36	144	1.20375
36	146	0.539132
36	150	1.25088
36	152	1.29791
36	164	1.28917
36	168	0.634952
36	176	0.761862
36	180	0.784485
37	21	1.22057
37	23	1.24354
37	35	1.36129
37	76	1.11319
37	85	1.26131
37	90	1.21814
37	96	1.28721
37	97	1.2392
37	143	0.529866
37	155	1.26119
37	157	0.642805
37	168	0.626875
37	171	0.735226
37	175	0.686857
38	47	0.539988
38	88	0.465855
38	101	0.470439
38	128	0.421492
38	131	0.486304
38	134	1.44331
38	168	1.27656
38	171	1.19624
38	173	1.3269
38	175	1.22521
38	176	1.18613
38	177	1.1874
38	179	1.18557
38	180	1.15925
39	22	1.37809
39	52	1.32631
39	79	1.3268
39	93	1.43234
39	114	1.42842
39	140	0.510925
39	148	0.444169
39	150	1.40818
39	152	1.45521
39	157	0.571578
39	158	0.507836
39	164	1.44646
39	172	0.598558
39	177	0.671939
40	7	1.43588
40	9	1.45876
40	10	1.48579
40	41	1.28859
40	99	1.37502
40	100	1.37494
40	119	0.46018
40	129	0.57111
40	150	1.41526
40	151	0.548773
40	157	0.628393
40	162	0.475687
40	166	0.614679
40	174	1.35512
41	7	1.24616
41	9	1.26904
41	10	1.29607
41	11	1.27873
41	19	1.2815
41	40	1.28859
41	99	1.1853
41	100	1.18522
41	134	0.596651
41	142	0.651153
41	151	0.629525
41	155	0.6325
41	157	0.709145
41	174	1.1654
42	22	1.23178
42	52	1.18
42	68	1.1561
42	111	1.23043
42	114	1.2821
42	121	1.30163
42	124	1.26357
42	150	1.26187
42	159	0.691824
42	164	1.30015
42	165	0.565834
42	171	0.666566
42	175	0.618198
42	176	0.685126
43	1	1.14176
43	18	1.14494
43	48	1.28124
43	57	0.499893
43	66	1.18002
43	95	1.216
43	98	1.27786
43	102	1.38934
43	103	1.34001
43	117	0.686781
43	144	1.23694
43	146	0.587251
43	156	0.611337
43	178	0.812194
44	24	1.49775
44	32	1.27634
44	47	1.30298
44	55	1.2275
44	83	1.36697
44	92	1.31565
44	101	1.2762
44	127	0.463307
44	147	0.630088
44	152	1.37297
44	153	0.615756
44	156	0.52496
44	164	1.36422
44	173	0.538712
44	178	0.725817
45	16	1.38731
45	17	1.24286
45	50	0.541476
45	62	1.23707
45	78	1.25881
45	87	1.18453
45	88	1.19808
45	112	1.14515
45	147	0.755862
45	148	0.610988
45	160	1.15189
45	163	0.675956
45	172	1.04535
45	174	1.12558
45	177	0.838758
46	8	1.2391
46	31	1.3522
46	53	1.30881
46	64	1.40209
46	74	1.34583
46	80	1.42493
46	105	0.395926
46	109	0.700684
46	124	1.36892
46	129	1.32089
46	142	1.27577
46	143	0.467755
46	172	0.607674
46	175	0.624745
46	179	0.696
47	32	1.27965
47	38	0.539988
47	44	1.30298
47	60	1.39859
47	69	1.31702
47	83	1.37028
47	84	1.29263
47	101	1.27951
47	119	0.513771
47	132	0.518362
47	148	0.554575
47	151	0.602364
47	152	1.37628
47	157	0.681984
47	164	1.36753
48	1	1.20708
48	13	0.388276
48	43	1.28124
48	59	1.42544
48	66	1.24533
48	67	1.36333
48	95	1.28132
48	98	1.34317
48	102	1.45465
48	103	1.40533
48	138	0.561927
48	142	0.569022
48	148	0.499604
48	172	0.653994
48	179	0.74232
49	3	1.22495
49	27	1.37477
49	54	0.386281
49	70	1.39577
49	73	1.34259
49	77	1.35986
49	81	1.31838
49	132	0.465045
49	150	1.36833
49	155	1.36265
49	157	1.27497
49	165	0.620354
49	174	0.591744
49	175	0.672718
49	180	0.76227
50	45	0.541476
50	74	0.38295
50	111	0.438811
50	120	0.381667
50	124	0.46978
50	156	1.43741
50	162	1.53636
50	163	1.41781
50	164	0.362183
50	169	1.23756
50	173	1.38339
50	175	1.2817
50	178	1.22772
50	179	1.24207
50	180	1.21574
51	71	0.363343
51	80	0.375496
51	108	0.360361
51	114	0.349823
51	117	1.50586
51	124	0.413567
51	135	0.374188
51	139	0.376093
51	158	1.5468
51	159	1.40601
51	168	1.46587
51	171	1.38555
51	176	1.37544
51	177	1.37671
51	179	1.37488
51	180	1.34856
52	28	1.25423
52	39	1.32631
52	42	1.18
52	93	1.2945
52	114	1.29057
52	121	1.3101
52	144	1.22321
52	145	0.562878
52	148	0.502377
52	150	1.27034
52	152	1.31737
52	162	0.477081
52	164	1.30862
52	171	0.722207
52	175	0.673838
52	180	0.76339
53	8	1.16567
53	31	1.27877
53	46	1.30881
53	64	1.32866
53	74	1.2724
53	80	1.3515
53	112	1.25324
53	124	1.29549
53	129	1.24746
53	130	1.31671
53	140	0.58189
53	153	0.645676
53	154	0.58994
53	157	0.642543
53	165	0.634231
53	170	0.615241
54	34	0.512941
54	49	0.386281
54	78	0.33501
54	91	0.423311
54	115	0.376351
54	137	0.405551
54	150	0.346899
54	163	1.55893
54	171	1.39386
54	173	1.52451
54	175	1.42282
54	176	1.38374
54	177	1.38502
54	178	1.36884
54	179	1.38319
54	180	1.35686
55	13	0.383117
55	24	1.42556
55	33	1.31851
55	44	1.2275
55	69	1.24153
55	83	1.29479
55	84	1.21714
55	92	1.24347
55	101	1.20402
55	112	0.574073
55	152	1.30079
55	164	1.29204
55	168	0.605925
55	174	0.584932
55	177	0.722215
55	180	0.755458
56	15	1.34173
56	86	1.47436
56	89	1.48198
56	91	1.41184
56	94	1.47831
56	104	1.39763
56	108	1.45452
56	113	1.46217
56	127	0.429208
56	134	0.466031
56	154	0.525922
56	160	0.482753
56	161	0.564674
56	172	1.33022
56	175	0.622577
56	179	0.693831
57	43	0.499893
57	66	0.558272
57	69	0.456248
57	91	0.466589
57	98	0.373867
57	139	0.430118
57	140	1.39975
57	161	1.31543
57	162	1.49997
57	167	1.19303
57	173	1.347
57	175	1.24531
57	177	1.2075
57	178	1.19133
57	179	1.20567
57	180	1.17935
58	65	0.48545
58	103	0.580958
58	106	0.560923
58	143	1.36181
58	144	0.58069
58	145	1.30661
58	147	1.20921
58	150	0.566968
58	163	1.2718
58	167	1.08341
58	175	1.13569
58	176	1.09661
58	177	1.09788
58	178	1.08171
58	179	1.09606
58	180	1.06973
59	20	1.41658
59	48	1.42544
59	66	1.32423
59	67	1.44223
59	72	0.442269
59	95	1.36021
59	98	1.42207
59	102	1.53354
59	103	1.48422
59	144	1.38114
59	149	0.554745
59	157	0.580303
59	160	0.48453
59	163	0.517861
59	173	0.506391
59	179	0.695609
60	12	1.39848
60	47	1.39859
60	69	1.40931
60	72	0.469965
60	83	1.46258
60	84	1.38493
60	92	1.41126
60	101	1.37181
60	152	1.46857
60	158	0.544256
60	160	0.512226
60	162	0.455292
60	164	1.45983
60	166	0.594284
60	172	0.634978
60	174	0.571075
61	2	1.41947
61	14	1.27241
61	34	1.28343
61	78	1.47078
61	87	1.39651
61	88	1.41005
61	105	0.409144
61	112	1.35713
61	119	0.425698
61	136	0.472017
61	147	0.611376
61	149	0.568354
61	160	1.36387
61	167	0.784955
61	172	1.25733
61	174	1.33755
61	176	0.704891
62	2	1.42534
62	17	1.46071
62	34	1.28931
62	45	1.23707
62	87	1.40239
62	88	1.41593
62	112	1.36301
62	136	0.511584
62	151	0.553859
62	154	0.580876
62	155	0.556834
62	156	0.545815
62	160	1.36975
62	166	0.619765
62	168	0.617549
62	172	1.26321
62	174	1.34343
63	109	0.662987
63	115	1.33943
63	116	1.3474
63	120	1.39077
63	123	1.37056
63	126	1.33289
63	128	1.4068
63	131	1.38249
63	135	1.33896
63	137	1.30924
63	139	1.38206
63	145	0.476088
63	155	0.466352
63	163	0.480555
63	165	0.534684
63	169	0.710869
63	179	0.658303
64	8	1.25895
64	31	1.37205
64	46	1.40209
64	53	1.32866
64	74	1.36568
64	80	1.44478
64	124	1.38877
64	129	1.34074
64	130	1.40999
64	142	1.29562
64	149	0.548878
64	154	0.521833
64	155	0.497791
64	161	0.560585
64	169	0.742309
64	173	0.500524
64	175	0.618488
65	58	0.48545
65	115	1.33187
65	116	1.33984
65	118	1.42841
65	120	1.38321
65	126	1.32533
65	127	0.35845
65	131	1.37493
65	135	1.3314
65	137	1.30168
65	139	1.3745
65	152	0.357445
65	162	0.778319
65	164	1.40879
65	169	0.675639
65	177	0.608127
65	180	0.64137
66	13	0.518642
66	18	1.10903
66	20	1.23647
66	43	1.18002
66	48	1.24533
66	57	0.558272
66	59	1.32423
66	95	1.1801
66	98	1.24195
66	102	1.35343
66	103	1.30411
66	122	0.563948
66	129	1.20183
66	144	1.20103
66	152	0.607059
66	173	0.683469
66	175	0.801432
67	18	1.22704
67	20	1.35447
67	48	1.36333
67	59	1.44223
67	95	1.2981
67	98	1.35996
67	102	1.47143
67	103	1.42211
67	129	1.31983
67	134	0.469118
67	141	0.474202
67	144	1.31903
67	146	0.469862
67	161	0.567761
67	175	0.625663
67	177	0.681972
67	179	0.696918
68	28	1.23032
68	36	1.14511
68	42	1.1561
68	79	1.16505
68	93	1.27059
68	114	1.26667
68	121	1.28619
68	122	0.456748
68	124	1.24813
68	138	0.585095
68	145	0.583272
68	150	1.24643
68	152	1.29346
68	164	1.28472
68	176	0.761161
68	177	0.750542
68	178	0.763374
69	24	1.51178
69	33	1.40472
69	47	1.31702
69	55	1.24153
69	57	0.456248
69	60	1.40931
69	84	1.30335
69	92	1.32968
69	101	1.29023
69	134	0.542862
69	142	0.597364
69	149	0.629798
69	152	1.387
69	158	0.591614
69	162	0.50265
69	164	1.37826
69	173	0.581444
70	3	1.23627
70	27	1.38608
70	49	1.39577
70	73	1.3539
70	77	1.37117
70	121	1.4194
70	130	1.40256
70	149	0.562668
70	150	1.37964
70	152	0.437905
70	155	1.37396
70	157	1.28628
70	158	0.524484
70	165	0.579914
70	167	0.77927
70	170	0.560924
70	174	0.551303
71	51	0.363343
71	106	1.35574
71	112	0.568695
71	115	1.29319
71	116	1.30116
71	118	1.38972
71	123	1.32432
71	126	1.28665
71	131	1.33625
71	135	1.29272
71	137	1.263
71	139	1.33582
71	141	0.509067
71	155	0.539832
71	157	1.23846
71	172	0.643456
71	179	0.731783
71	180	0.75008
72	1	0.638069
72	16	0.452486
72	59	0.442269
72	60	0.469965
72	115	0.480703
72	117	1.37412
72	150	0.451251
72	154	1.4142
72	164	0.421071
72	165	1.35733
72	169	1.23864
72	170	1.38378
72	174	1.39297
72	175	1.28278
72	177	1.24497
72	178	1.2288
72	179	1.24315
72	180	1.21682
73	3	1.18309
73	27	1.33291
73	49	1.34259
73	70	1.3539
73	77	1.31799
73	81	1.27652
73	121	1.36623
73	130	1.34938
73	140	0.557642
73	146	0.506545
73	149	0.592737
73	150	1.32646
73	151	0.538675
73	155	1.32079
73	157	1.2331
73	161	0.604444
73	168	0.602365
73	169	0.786167
74	8	1.20269
74	31	1.31579
74	46	1.34583
74	50	0.38295
74	53	1.2724
74	64	1.36568
74	80	1.38852
74	112	1.29026
74	124	1.33251
74	129	1.28448
74	130	1.35373
74	142	1.23936
74	157	0.579871
74	158	0.516129
74	159	0.697549
74	174	0.542948
74	178	0.693064
74	179	0.695177
75	106	1.48425
75	107	1.44761
75	115	1.4217
75	116	1.42967
75	120	1.47304
75	126	1.41516
75	128	1.48907
75	135	1.42123
75	137	1.39151
75	139	1.46433
75	152	0.417635
75	156	0.480293
75	158	0.504215
75	163	0.505515
75	166	0.554243
75	170	0.540655
75	171	0.660377
75	175	0.612008
76	6	1.25325
76	23	1.1752
76	35	1.29295
76	37	1.11319
76	82	1.25118
76	85	1.19297
76	90	1.1498
76	96	1.21887
76	97	1.17086
76	122	0.549602
76	125	1.21404
76	130	1.22144
76	144	1.1514
76	148	0.615625
76	158	0.679293
76	166	0.729321
76	173	0.669123
76	178	0.856228
77	3	1.20036
77	13	0.410336
77	49	1.35986
77	70	1.37117
77	73	1.31799
77	79	1.26235
77	81	1.29379
77	109	1.17505
77	117	0.636854
77	121	1.3835
77	130	1.36665
77	136	0.527179
77	150	1.34373
77	152	0.498752
77	153	0.652207
77	155	1.33805
77	168	0.633144
77	171	0.741494
78	2	1.44708
78	14	1.30002
78	17	1.48245
78	34	1.31105
78	45	1.25881
78	54	0.33501
78	61	1.47078
78	87	1.42412
78	88	1.43767
78	117	0.565176
78	140	0.516743
78	141	0.469986
78	157	0.577396
78	160	1.39148
78	163	0.514955
78	172	1.28494
78	174	1.36517
78	179	0.692702
78	180	0.710999
79	39	1.3268
79	68	1.16505
79	77	1.26235
79	81	1.22088
79	93	1.29498
79	95	1.20276
79	98	1.26462
79	102	1.37609
79	103	1.32677
79	114	1.29106
79	132	0.462671
79	133	0.522891
79	145	0.559384
79	147	0.643757
79	155	1.26514
79	157	1.17746
79	166	0.612579
79	167	0.817336
79	180	0.759896
80	8	1.28179
80	31	1.3949
80	46	1.42493
80	51	0.375496
80	53	1.3515
80	64	1.44478
80	74	1.38852
80	112	1.36936
80	124	1.41161
80	129	1.36358
80	130	1.43283
80	134	0.516136
80	136	0.506735
80	142	1.31847
80	151	0.54901
80	152	0.478308
80	153	0.631762
80	160	0.532857
80	169	0.796502
81	3	1.15888
81	27	1.3087
81	49	1.31838
81	73	1.27652
81	77	1.29379
81	79	1.22088
81	109	1.13357
81	121	1.34202
81	130	1.32517
81	133	0.595534
81	143	0.585997
81	150	1.30226
81	151	0.619316
81	155	1.29658
81	156	0.611272
81	157	1.2089
81	158	0.635194
81	162	0.54623
81	171	0.791356
82	6	1.45958
82	21	1.35856
82	23	1.38153
82	76	1.25118
82	85	1.3993
82	90	1.35613
82	96	1.4252
82	97	1.37719
82	109	0.717723
82	130	1.42777
82	143	0.484794
82	144	1.35773
82	148	0.470324
82	155	1.39918
82	163	0.535292
82	165	0.589421
82	168	0.581803
82	170	0.570431
82	173	0.523821
83	12	1.37017
83	32	1.34364
83	33	1.45799
83	44	1.36697
83	47	1.37028
83	55	1.29479
83	60	1.46258
83	84	1.35662
83	92	1.38295
83	101	1.3435
83	151	0.495133
83	155	0.498107
83	158	0.511011
83	163	0.512311
83	164	1.43152
83	168	0.558822
83	174	0.53783
83	177	0.675113
83	179	0.690059
84	24	1.48739
84	32	1.26599
84	33	1.38034
84	47	1.29263
84	55	1.21714
84	60	1.38493
84	69	1.30335
84	83	1.35662
84	92	1.3053
84	101	1.26585
84	129	0.567155
84	142	0.566446
84	152	1.36261
84	156	0.536774
84	160	0.528666
84	162	0.471732
84	164	1.35387
84	168	0.608508
84	172	0.651418
84	176	0.735418
85	6	1.40136
85	21	1.30035
85	35	1.44107
85	37	1.26131
85	76	1.19297
85	82	1.3993
85	90	1.29791
85	96	1.36698
85	97	1.31898
85	130	1.36956
85	141	0.460912
85	143	0.455382
85	144	1.29952
85	147	0.585786
85	155	1.34096
85	159	0.686
85	163	0.50588
85	167	0.759365
85	170	0.541019
85	179	0.683627
86	29	1.34208
86	56	1.47436
86	89	1.36739
86	91	1.29724
86	94	1.36371
86	104	1.28303
86	108	1.33992
86	110	0.482351
86	111	1.32455
86	113	1.34757
86	121	1.39575
86	141	0.524921
86	142	1.26454
86	143	0.519391
86	148	0.504921
86	168	0.6164
86	170	0.605028
86	172	1.21562
86	175	0.676382
86	178	0.745523
87	2	1.37281
87	14	1.22575
87	16	1.55262
87	34	1.23677
87	45	1.18453
87	61	1.39651
87	62	1.40239
87	78	1.42412
87	88	1.36339
87	138	0.506208
87	147	0.588759
87	148	0.443885
87	155	0.494649
87	160	1.31721
87	163	0.508853
87	167	0.762338
87	172	1.21067
87	174	1.29089
87	176	0.682274
87	178	0.684488
88	2	1.38635
88	14	1.23929
88	17	1.42172
88	34	1.25032
88	38	0.465855
88	45	1.19808
88	61	1.41005
88	62	1.41593
88	78	1.43767
88	87	1.36339
88	122	0.414419
88	145	0.540943
88	158	0.54411
88	160	1.33075
88	163	0.545411
88	166	0.594138
88	169	0.775725
88	172	1.22421
88	174	1.30443
88	177	0.708213
89	15	1.23476
89	29	1.3497
89	56	1.48198
89	86	1.36739
89	91	1.30486
89	94	1.37133
89	104	1.29065
89	108	1.34754
89	112	0.540011
89	113	1.35519
89	121	1.40337
89	142	1.27216
89	154	0.53519
89	159	0.705472
89	160	0.492021
89	162	0.435087
89	170	0.560491
89	172	1.22324
89	177	0.688154
89	180	0.721396
90	6	1.3582
90	21	1.25718
90	23	1.28015
90	35	1.3979
90	37	1.21814
90	76	1.1498
90	82	1.35613
90	85	1.29791
90	96	1.32382
90	97	1.27581
90	110	0.500134
90	125	1.31899
90	138	0.585027
90	140	0.58946
90	144	1.25635
90	148	0.522703
90	155	1.2978
90	160	0.55434
90	174	0.61319
90	176	0.761093
90	177	0.750473
91	5	1.59076
91	15	1.16461
91	29	1.27956
91	54	0.423311
91	56	1.41184
91	57	0.466589
91	86	1.29724
91	89	1.30486
91	94	1.30119
91	104	1.22051
91	108	1.2774
91	113	1.28505
91	125	1.30897
91	132	0.502075
91	142	1.20201
91	147	0.683162
91	153	0.66883
91	156	0.578033
91	157	0.665697
91	172	1.1531
91	175	0.709749
92	12	1.31884
92	24	1.51372
92	32	1.29232
92	33	1.40667
92	44	1.31565
92	55	1.24347
92	60	1.41126
92	69	1.32968
92	83	1.38295
92	84	1.3053
92	101	1.29217
92	117	0.624629
92	119	0.468636
92	141	0.529439
92	146	0.525099
92	147	0.654313
92	152	1.38894
92	156	0.549185
92	160	0.541076
92	164	1.3802
92	173	0.562937
92	175	0.6809
93	22	1.34627
93	28	1.36025
93	36	1.27504
93	39	1.43234
93	52	1.2945
93	68	1.27059
93	79	1.29498
93	114	1.3966
93	121	1.41612
93	124	1.37806
93	129	0.502209
93	133	0.456089
93	144	1.32923
93	150	1.37636
93	157	0.559492
93	160	0.463719
93	164	1.41465
93	169	0.727364
93	172	0.586471
93	174	0.522568
93	177	0.659852
93	179	0.674797
94	5	1.65723
94	15	1.23108
94	29	1.34603
94	56	1.47831
94	86	1.36371
94	89	1.37133
94	91	1.30119
94	104	1.28698
94	108	1.34387
94	113	1.35152
94	125	1.37544
94	142	1.26848
94	151	0.477535
94	152	0.406834
94	167	0.748199
94	170	0.529854
94	172	1.21957
94	173	0.483244
94	174	0.520232
94	176	0.668135
94	177	0.657516
94	178	0.670349
95	1	1.14185
95	18	1.14502
95	20	1.27245
95	43	1.216
95	48	1.28132
95	59	1.36021
95	66	1.1801
95	67	1.2981
95	79	1.20276
95	98	1.27794
95	102	1.38942
95	103	1.3401
95	129	1.23781
95	140	0.599605
95	142	0.602266
95	144	1.23702
95	154	0.607654
95	161	0.646406
95	162	0.507552
95	168	0.644328
95	172	0.687237
95	178	0.773451
96	21	1.32625
96	23	1.34921
96	35	1.46697
96	37	1.28721
96	76	1.21887
96	82	1.4252
96	85	1.36698
96	90	1.32382
96	97	1.34488
96	125	1.38805
96	130	1.39546
96	140	0.520528
96	144	1.32542
96	145	0.514272
96	154	0.528577
96	155	1.36687
96	160	0.485408
96	161	0.567329
96	166	0.567466
96	169	0.749053
96	174	0.544258
96	177	0.681541
97	6	1.37926
97	21	1.27824
97	23	1.30121
97	35	1.41896
97	37	1.2392
97	76	1.17086
97	82	1.37719
97	85	1.31898
97	90	1.27581
97	96	1.34488
97	110	0.457732
97	125	1.34005
97	129	0.550428
97	130	1.34745
97	143	0.494772
97	144	1.27741
97	148	0.480302
97	155	1.31886
97	159	0.725389
97	161	0.59386
97	166	0.593997
97	178	0.720904
97	180	0.741314
98	1	1.2037
98	18	1.20687
98	20	1.33431
98	43	1.27786
98	48	1.34317
98	57	0.373867
98	59	1.42207
98	66	1.24195
98	67	1.35996
98	79	1.26462
98	95	1.27794
98	102	1.45127
98	103	1.40195
98	129	1.29967
98	144	1.29887
98	157	0.572975
98	159	0.690653
98	162	0.420269
98	163	0.510534
98	171	0.665395
98	176	0.683955
98	177	0.673336
98	179	0.688281
99	4	1.45751
99	7	1.3326
99	9	1.35548
99	10	1.3825
99	11	1.36517
99	19	1.36793
99	30	1.2638
99	40	1.37502
99	41	1.1853
99	100	1.27165
99	109	1.14329
99	122	0.481138
99	125	1.32748
99	133	0.571168
99	142	0.616579
99	146	0.56282
99	149	0.649012
99	150	1.31197
99	154	0.621967
99	160	0.578798
99	161	0.660719
99	173	0.600659
99	174	1.25184
100	4	1.45742
100	7	1.33251
100	9	1.35539
100	10	1.38241
100	11	1.36508
100	19	1.36784
100	30	1.26371
100	40	1.37494
100	41	1.18522
100	99	1.27165
100	109	1.1432
100	125	1.3274
100	138	0.562185
100	142	0.56928
100	143	0.514332
100	146	0.515521
100	147	0.644736
100	150	1.31189
100	160	0.531499
100	168	0.611341
100	172	0.654251
100	174	1.25175
100	179	0.742577
101	12	1.27939
101	24	1.47427
101	32	1.25287
101	33	1.36722
101	38	0.470439
101	44	1.2762
101	47	1.27951
101	55	1.20402
101	60	1.37181
101	69	1.29023
101	83	1.3435
101	84	1.26585
101	92	1.29217
101	151	0.532816
101	152	1.34949
101	155	0.53579
101	158	0.548694
101	164	1.34075
101	169	0.780308
101	170	0.585134
101	173	0.538524
101	174	0.575513
101	177	0.712796
102	1	1.31518
102	18	1.31835
102	26	0.461424
102	43	1.38934
102	48	1.45465
102	59	1.53354
102	66	1.35343
102	67	1.47143
102	79	1.37609
102	95	1.38942
102	98	1.45127
102	103	1.51343
102	112	0.533045
102	127	0.43151
102	129	1.41115
102	132	0.417205
102	144	1.41035
102	155	0.504182
102	157	0.580827
102	165	0.572515
102	166	0.567113
102	172	0.607807
102	177	0.681187
103	1	1.26585
103	18	1.26903
103	20	1.39646
103	43	1.34001
103	48	1.40533
103	58	0.580958
103	59	1.48422
103	66	1.30411
103	67	1.42211
103	79	1.32677
103	95	1.3401
103	98	1.40195
103	102	1.51343
103	127	0.453957
103	129	1.36182
103	132	0.439653
103	133	0.499872
103	138	0.538188
103	144	1.36103
103	152	0.452953
103	156	0.515611
103	171	0.695695
103	172	0.630254
103	180	0.736878
104	5	1.57654
104	15	1.1504
104	29	1.26534
104	56	1.39763
104	86	1.28303
104	89	1.29065
104	91	1.22051
104	94	1.28698
104	108	1.26318
104	111	1.24781
104	112	0.605849
104	113	1.27083
104	121	1.31901
104	125	1.29476
104	133	0.550229
104	142	1.1878
104	143	0.540692
104	153	0.656764
104	155	0.576986
104	166	0.639917
104	168	0.637701
104	172	1.13889
104	173	0.57972
104	178	0.766825
105	8	0.416573
105	20	0.517012
105	46	0.395926
105	61	0.409144
105	114	0.41819
105	124	0.481934
105	131	0.443533
105	139	0.444459
105	143	1.56261
105	147	1.41002
105	150	0.404517
105	161	1.40662
105	163	1.4726
105	164	0.374336
105	165	1.41104
105	169	1.29235
105	170	1.43749
105	171	1.30753
105	173	1.43818
105	176	1.29742
105	177	1.29869
105	178	1.28252
105	179	1.29686
105	180	1.27054
106	26	0.463837
106	58	0.560923
106	71	1.35574
106	75	1.48425
106	115	1.3375
106	116	1.34547
106	118	1.43403
106	120	1.38884
106	123	1.36863
106	126	1.33095
106	128	1.40487
106	131	1.38056
106	135	1.33703
106	137	1.3073
106	139	1.38013
106	141	0.47583
106	142	0.525248
106	145	0.516331
106	153	0.586373
106	160	1.34231
106	166	0.569526
106	173	0.509328
106	174	0.546317
106	180	0.716843
107	75	1.44761
107	115	1.30085
107	116	1.30883
107	117	0.659
107	118	1.39739
107	120	1.3522
107	122	0.477787
107	123	1.33199
107	126	1.29431
107	127	0.521902
107	128	1.36823
107	129	0.613936
107	131	1.34392
107	133	0.567817
107	135	1.30039
107	137	1.27066
107	139	1.34349
107	145	0.604311
107	152	0.520898
107	156	0.583555
107	157	1.24612
107	160	1.30567
107	164	1.37777
107	170	0.643917
107	174	0.634296
108	5	1.63343
108	15	1.20729
108	29	1.32223
108	51	0.360361
108	56	1.45452
108	86	1.33992
108	89	1.34754
108	91	1.2774
108	94	1.34387
108	104	1.26318
108	111	1.3047
108	113	1.32772
108	121	1.3759
108	125	1.35165
108	142	1.24469
108	151	0.533875
108	155	0.53685
108	158	0.549753
108	160	0.517723
108	162	0.460789
108	168	0.597565
108	172	1.19578
108	176	0.724475
108	178	0.726688
108	180	0.747098
109	5	0.604315
109	10	1.25405
109	27	1.18996
109	30	1.13535
109	46	0.700684
109	63	0.662987
109	77	1.17505
109	81	1.13357
109	82	0.717723
109	99	1.14329
109	100	1.1432
109	114	0.722948
109	118	0.655858
109	128	0.683479
109	129	1.13719
109	132	1.25196
109	150	1.18352
109	157	1.09016
109	160	1.1497
109	169	0.969047
109	174	1.12338
109	175	1.01319
109	176	0.974112
109	178	0.959212
109	180	0.947231
110	27	0.518078
110	32	0.476339
110	36	0.500903
110	86	0.482351
110	90	0.500134
110	97	0.457732
110	118	0.385889
110	123	0.443711
110	128	0.41351
110	133	1.45892
110	135	0.477343
110	138	1.46218
110	158	1.4198
110	159	1.27901
110	163	1.42363
110	165	1.36207
110	166	1.36473
110	168	1.33887
110	173	1.38921
110	175	1.28752
110	176	1.24844
110	177	1.24971
110	178	1.23354
110	179	1.24788
110	180	1.22156
111	22	1.29068
111	28	1.30465
111	42	1.23043
111	50	0.438811
111	86	1.32455
111	104	1.24781
111	108	1.3047
111	113	1.31235
111	114	1.341
111	120	1.33348
111	124	1.32247
111	128	1.34951
111	129	0.578449
111	132	0.47211
111	135	1.28167
111	136	0.513838
111	137	1.25195
111	139	1.32477
111	151	0.556112
111	152	1.36779
111	159	0.75341
111	170	0.60843
111	171	0.728153
111	172	1.18041
111	173	0.561821
111	176	0.746712
112	8	1.18353
112	12	0.439711
112	45	1.14515
112	53	1.25324
112	55	0.574073
112	61	1.35713
112	62	1.36301
112	71	0.568695
112	74	1.29026
112	80	1.36936
112	89	0.540011
112	102	0.533045
112	104	0.605849
112	117	1.23266
112	121	0.558832
112	123	0.545909
112	130	1.33456
112	131	0.580519
112	165	1.21587
112	169	1.09718
112	170	1.24232
112	172	1.17129
112	174	1.25151
112	178	1.08734
112	179	1.10168
112	180	1.07536
113	5	1.64109
113	13	1.4873
113	15	1.21494
113	29	1.32989
113	56	1.46217
113	86	1.34757
113	89	1.35519
113	91	1.28505
113	94	1.35152
113	104	1.27083
113	108	1.32772
113	111	1.31235
113	121	1.38355
113	125	1.3593
113	129	0.542687
113	142	1.25234
113	143	0.487031
113	148	0.47256
113	157	0.59997
113	158	0.536228
113	161	0.586118
113	162	0.447263
113	168	0.584039
113	172	1.20343
113	175	0.644021
113	176	0.710949
113	178	0.713163
114	22	1.34235
114	26	0.483554
114	28	1.35633
114	36	1.27112
114	39	1.42842
114	42	1.2821
114	51	0.349823
114	52	1.29057
114	68	1.26667
114	79	1.29106
114	93	1.3966
114	105	0.41819
114	109	0.722948
114	111	1.341
114	119	0.434744
114	121	1.4122
114	124	1.37414
114	140	0.542304
114	144	1.32531
114	150	1.37244
114	152	1.41947
114	162	0.450251
114	164	1.41072
114	172	0.629937
114	173	0.529046
114	177	0.703318
114	178	0.716151
115	54	0.376351
115	63	1.33943
115	65	1.33187
115	71	1.29319
115	72	0.480703
115	75	1.4217
115	106	1.3375
115	107	1.30085
115	116	1.28291
115	117	0.606517
115	118	1.37148
115	119	0.450524
115	120	1.32629
115	123	1.30608
115	124	1.31527
115	126	1.2684
115	128	1.34232
115	131	1.31801
115	135	1.27448
115	137	1.24475
115	138	0.55365
115	139	1.31758
115	145	0.551828
115	155	0.542092
115	159	0.736415
115	166	0.605023
115	171	0.711157
115	179	0.734043
116	63	1.3474
116	65	1.33984
116	71	1.30116
116	75	1.42967
116	106	1.34547
116	107	1.30883
116	115	1.28291
116	118	1.37945
116	123	1.31405
116	126	1.27637
116	128	1.35029
116	131	1.32598
116	135	1.28245
116	137	1.25272
116	139	1.32555
116	140	0.556291
116	142	0.558952
116	143	0.504005
116	148	0.489534
116	151	0.537324
116	157	1.22818
116	160	1.28773
116	161	0.603092
116	162	0.464238
116	167	0.807987
116	171	0.709364
116	174	0.580021
116	177	0.717304
117	7	0.533235
117	43	0.686781
117	51	1.50586
117	72	1.37412
117	77	0.636854
117	78	0.565176
117	92	0.624629
117	107	0.659
117	112	1.23266
117	115	0.606517
117	148	1.34962
117	150	0.577065
117	158	1.23517
117	162	1.35755
117	164	0.546884
117	165	1.17744
117	167	1.05061
117	168	1.15424
117	169	1.05875
117	170	1.20389
117	171	1.07392
117	173	1.20458
117	175	1.10289
117	176	1.06381
117	177	1.06508
117	178	1.04891
117	179	1.06325
117	180	1.03693
118	25	1.36233
118	65	1.42841
118	71	1.38972
118	106	1.43403
118	107	1.39739
118	109	0.655858
118	110	0.385889
118	115	1.37148
118	116	1.37945
118	120	1.42283
118	123	1.40261
118	126	1.36494
118	127	0.386551
118	128	1.43886
118	131	1.41454
118	134	0.423374
118	135	1.37102
118	137	1.34129
118	139	1.41411
118	143	0.422929
118	147	0.553332
118	149	0.51031
118	153	0.539001
118	164	1.4484
118	167	0.726911
118	169	0.703741
118	170	0.508566
118	171	0.628288
119	20	0.533567
119	21	0.459298
119	40	0.46018
119	47	0.513771
119	61	0.425698
119	92	0.468636
119	114	0.434744
119	115	0.450524
119	124	0.498488
119	127	1.62346
119	128	0.395276
119	144	0.434794
119	158	1.4488
119	159	1.30801
119	161	1.38664
119	162	1.57117
119	164	0.390891
119	166	1.39373
119	168	1.36787
119	169	1.27237
119	170	1.41751
119	171	1.28755
119	173	1.4182
119	175	1.31651
119	176	1.27744
119	177	1.27871
119	178	1.26254
119	179	1.27688
119	180	1.25056
120	50	0.381667
120	63	1.39077
120	65	1.38321
120	75	1.47304
120	106	1.38884
120	107	1.3522
120	111	1.33348
120	115	1.32629
120	118	1.42283
120	123	1.35742
120	126	1.31975
120	128	1.39366
120	131	1.36935
120	135	1.32582
120	136	0.456694
120	137	1.2961
120	139	1.36892
120	152	0.428267
120	153	0.581721
120	154	0.525985
120	155	0.501943
120	157	1.27156
120	164	1.4032
120	165	0.570276
120	169	0.746461
120	172	0.605568
120	174	0.541666
120	178	0.691782
120	179	0.693894
121	42	1.30163
121	52	1.3101
121	68	1.28619
121	70	1.4194
121	73	1.36623
121	77	1.3835
121	81	1.34202
121	86	1.39575
121	89	1.40337
121	93	1.41612
121	104	1.31901
121	108	1.3759
121	112	0.558832
121	113	1.38355
121	114	1.4122
121	133	0.503212
121	136	0.484719
121	138	0.541528
121	141	0.499205
121	146	0.494864
121	155	1.38629
121	156	0.51895
121	164	1.43025
121	168	0.590684
121	171	0.699034
121	172	1.25161
121	173	0.532702
121	174	0.569691
121	179	0.72192
122	29	0.563549
122	31	0.448975
122	34	0.561894
122	66	0.563948
122	68	0.456748
122	76	0.549602
122	88	0.414419
122	99	0.481138
122	107	0.477787
122	137	0.454505
122	140	1.42325
122	144	0.409574
122	148	1.51554
122	151	1.42564
122	153	1.36458
122	156	1.42451
122	161	1.33893
122	163	1.40492
122	164	0.365671
122	165	1.34336
122	166	1.34602
122	168	1.32016
122	169	1.22467
122	170	1.36981
122	173	1.3705
122	176	1.22973
122	177	1.231
122	178	1.21483
122	179	1.22917
122	180	1.20285
123	25	1.29692
123	63	1.37056
123	71	1.32432
123	106	1.36863
123	107	1.33199
123	110	0.443711
123	112	0.545909
123	115	1.30608
123	116	1.31405
123	118	1.40261
123	120	1.35742
123	126	1.29953
123	128	1.37345
123	131	1.34914
123	135	1.30561
123	137	1.27588
123	138	0.528604
123	139	1.34871
123	143	0.480752
123	147	0.611155
123	149	0.568133
123	157	1.25134
123	160	1.31089
123	161	0.579839
123	164	1.38299
123	165	0.585378
123	170	0.566389
123	171	0.686111
123	174	0.556768
123	177	0.694051
124	42	1.26357
124	46	1.36892
124	50	0.46978
124	51	0.413567
124	53	1.29549
124	64	1.38877
124	68	1.24813
124	74	1.33251
124	80	1.41161
124	93	1.37806
124	105	0.481934
124	111	1.32247
124	114	1.37414
124	115	1.31527
124	119	0.498488
124	126	1.30873
124	131	1.35833
124	133	0.563299
124	135	1.31481
124	137	1.28508
124	139	1.35791
124	141	0.559292
124	142	1.26245
124	146	0.554951
124	162	0.513995
124	163	0.60426
124	164	1.39219
124	165	0.658389
124	170	0.639399
124	175	0.710753
125	11	1.42091
125	23	1.34439
125	30	1.31954
125	76	1.21404
125	90	1.31899
125	91	1.30897
125	94	1.37544
125	96	1.38805
125	97	1.34005
125	99	1.32748
125	100	1.3274
125	104	1.29476
125	108	1.35165
125	113	1.3593
125	127	0.458939
125	129	0.550973
125	130	1.39063
125	141	0.500846
125	149	0.582698
125	150	1.36772
125	154	0.555653
125	162	0.45555
125	163	0.545815
125	165	0.599944
125	166	0.594542
125	172	1.22735
125	174	1.30758
125	176	0.719236
125	178	0.721449
125	179	0.723562
126	63	1.33289
126	65	1.32533
126	71	1.28665
126	75	1.41516
126	106	1.33095
126	107	1.29431
126	115	1.2684
126	116	1.27637
126	118	1.36494
126	120	1.31975
126	123	1.29953
126	124	1.30873
126	127	0.480797
126	128	1.33578
126	129	0.572831
126	131	1.31146
126	135	1.26794
126	137	1.23821
126	139	1.31104
126	148	0.502704
126	152	0.479792
126	153	0.633247
126	157	1.21367
126	160	1.27321
126	162	0.477408
126	165	0.621802
126	171	0.722534
126	172	0.657094
126	173	0.556202
126	176	0.741093
126	180	0.763717
127	34	0.60601
127	44	0.463307
127	56	0.429208
127	65	0.35845
127	102	0.43151
127	103	0.453957
127	107	0.521902
127	118	0.386551
127	119	1.62346
127	125	0.458939
127	126	0.480797
127	130	0.469435
127	138	1.49315
127	139	0.47991
127	156	1.47419
127	159	1.30998
127	161	1.38861
127	162	1.57315
127	163	1.4546
127	164	0.409787
127	168	1.36984
127	169	1.27435
127	170	1.41949
127	171	1.28952
127	173	1.42018
127	175	1.31849
127	176	1.27941
127	177	1.28068
127	178	1.26451
127	179	1.27885
127	180	1.25253
128	25	1.33317
128	38	0.421492
128	63	1.4068
128	75	1.48907
128	106	1.40487
128	107	1.36823
128	109	0.683479
128	110	0.41351
128	111	1.34951
128	115	1.34232
128	116	1.35029
128	118	1.43886
128	119	0.395276
128	120	1.39366
128	123	1.37345
128	126	1.33578
128	131	1.38538
128	135	1.34185
128	137	1.31213
128	139	1.38495
128	146	0.451739
128	149	0.537931
128	153	0.566622
128	160	1.34713
128	161	0.549637
128	164	1.41923
128	165	0.555177
128	169	0.731361
128	170	0.536187
128	172	0.590469
128	174	0.526566
129	31	1.29085
129	32	0.569036
129	40	0.57111
129	46	1.32089
129	53	1.24746
129	64	1.34074
129	66	1.20183
129	67	1.31983
129	74	1.28448
129	80	1.36358
129	84	0.567155
129	93	0.502209
129	95	1.23781
129	97	0.550428
129	98	1.29967
129	102	1.41115
129	103	1.36182
129	107	0.613936
129	109	1.13719
129	111	0.578449
129	113	0.542687
129	125	0.550973
129	126	0.572831
129	154	1.26696
129	164	0.501821
129	165	1.21009
129	175	1.13554
129	176	1.09646
129	177	1.09774
129	179	1.09591
129	180	1.06958
130	3	1.23174
130	23	1.35179
130	53	1.31671
130	64	1.40999
130	70	1.40256
130	73	1.34938
130	74	1.35373
130	76	1.22144
130	77	1.36665
130	80	1.43283
130	81	1.32517
130	82	1.42777
130	85	1.36956
130	96	1.39546
130	97	1.34745
130	112	1.33456
130	125	1.39063
130	127	0.469435
130	141	0.511343
130	142	1.28367
130	145	0.551844
130	157	1.28176
130	158	0.555011
130	160	0.52298
130	162	0.466047
130	165	0.61044
130	166	0.605039
130	170	0.591451
130	172	0.645732
130	173	0.544841
130	174	0.58183
130	180	0.752356
131	25	1.30885
131	38	0.486304
131	63	1.38249
131	65	1.37493
131	71	1.33625
131	105	0.443533
131	106	1.38056
131	107	1.34392
131	112	0.580519
131	115	1.31801
131	116	1.32598
131	118	1.41454
131	120	1.36935
131	123	1.34914
131	124	1.35833
131	126	1.31146
131	128	1.38538
131	132	0.464679
131	135	1.31754
131	137	1.28781
131	139	1.36064
131	141	0.520892
131	142	0.570309
131	145	0.561392
131	149	0.602743
131	154	0.575698
131	157	1.26327
131	162	0.475595
131	164	1.39492
131	170	0.600999
131	174	0.591378
131	180	0.761904
132	1	0.612481
132	4	0.426134
132	16	0.426898
132	22	0.999329
132	29	0.593359
132	47	0.518362
132	49	0.465045
132	79	0.462671
132	91	0.502075
132	102	0.417205
132	103	0.439653
132	109	1.25196
132	111	0.47211
132	131	0.464679
132	136	1.4835
132	142	1.32919
132	143	1.47643
132	147	1.32383
132	153	1.34609
132	159	1.24181
132	162	1.50497
132	166	1.32753
132	167	1.19803
132	168	1.30166
132	169	1.20617
132	170	1.35131
132	171	1.22135
132	173	1.352
132	175	1.25031
132	176	1.21123
132	177	1.21251
132	178	1.19633
132	179	1.21068
132	180	1.18435
133	19	0.529279
133	79	0.522891
133	81	0.595534
133	93	0.456089
133	99	0.571168
133	103	0.499872
133	104	0.550229
133	107	0.567817
133	110	1.45892
133	121	0.503212
133	124	0.563299
133	137	0.544535
133	138	1.35762
133	139	0.525825
133	140	1.33739
133	143	1.40907
133	148	1.42968
133	151	1.33978
133	153	1.27873
133	154	1.31437
133	159	1.17445
133	161	1.25307
133	165	1.2575
133	167	1.13067
133	168	1.2343
133	170	1.28395
133	173	1.28464
133	175	1.18295
133	176	1.14387
133	177	1.14515
133	178	1.12897
133	179	1.14332
133	180	1.11699
134	3	0.519209
134	11	0.480272
134	22	0.47702
134	29	0.644488
134	38	1.44331
134	41	0.596651
134	56	0.466031
134	67	0.469118
134	69	0.542862
134	80	0.516136
134	118	0.423374
134	136	1.46283
134	144	0.490513
134	146	1.43283
134	149	1.3507
134	150	0.476791
134	154	1.36106
134	156	1.38535
134	158	1.36193
134	161	1.29977
134	164	0.44661
134	165	1.30419
134	166	1.30686
134	168	1.28099
134	169	1.1855
134	170	1.33064
134	171	1.20068
134	173	1.33133
134	175	1.22964
134	176	1.19057
134	177	1.19184
134	178	1.17567
134	179	1.19001
134	180	1.16368
135	25	1.26533
135	51	0.374188
135	63	1.33896
135	65	1.3314
135	71	1.29272
135	75	1.42123
135	106	1.33703
135	107	1.30039
135	110	0.477343
135	111	1.28167
135	115	1.27448
135	116	1.28245
135	118	1.37102
135	120	1.32582
135	123	1.30561
135	124	1.31481
135	126	1.26794
135	128	1.34185
135	131	1.31754
135	136	0.505427
135	137	1.24429
135	139	1.31711
135	142	0.56933
135	151	0.547702
135	152	0.477
135	155	0.550677
135	157	1.21975
135	160	1.27929
135	161	0.613471
135	163	0.564881
135	164	1.35139
135	165	0.61901
135	167	0.818365
135	174	0.590399
135	179	0.742628
135	180	0.760925
136	20	0.579885
136	24	0.456667
136	30	0.544669
136	33	0.4769
136	61	0.472017
136	62	0.511584
136	77	0.527179
136	80	0.506735
136	111	0.513838
136	120	0.456694
136	121	0.484719
136	132	1.4835
136	134	1.46283
136	135	0.505427
136	137	0.526043
136	140	1.39917
136	142	1.32362
136	145	1.41565
136	149	1.36579
136	150	0.46739
136	151	1.40156
136	153	1.34051
136	161	1.31486
136	165	1.31929
136	166	1.32195
136	167	1.19246
136	168	1.29609
136	170	1.34574
136	171	1.21577
136	173	1.34642
136	175	1.24474
136	176	1.20566
136	177	1.20693
136	178	1.19076
