1	82	1.07696
1	88	1.06279
1	90	1.05929
1	96	1.04983
1	102	1.09953
1	111	1.06858
1	112	0.761988
1	113	1.0463
1	115	1.09092
1	118	1.08125
1	135	1.61045
1	164	2.67483
2	7	0.925097
2	28	0.995782
2	40	0.979785
2	42	0.870395
2	46	1.11938
2	52	0.941899
2	122	2.49157
2	128	0.965091
2	145	0.972661
2	146	0.980284
2	160	2.62821
2	167	0.883055
3	12	1.04915
3	15	1.14706
3	18	1.02572
3	37	1.11903
3	93	1.36177
3	125	1.00464
3	129	1.09224
3	132	1.07616
3	136	1.09324
3	140	3.21813
3	141	0.987207
3	167	1.01758
4	9	0.943979
4	13	0.944543
4	29	1.04989
4	41	1.00393
4	53	0.953011
4	58	0.952729
4	60	0.952622
4	63	1.01931
4	112	1.62932
4	127	1.71846
4	129	0.974991
4	156	0.84923
5	17	0.958561
5	20	0.93175
5	25	1.0387
5	30	0.931251
5	44	0.912232
5	54	1.06643
5	56	0.970503
5	57	0.970227
5	76	3.8
5	142	0.897434
5	143	1.22427
5	145	0.995035
6	10	0.926346
6	26	1.01442
6	43	0.995112
6	48	0.974565
6	51	0.973896
6	59	1.04618
6	125	0.885089
6	136	0.973689
6	144	2.47193
6	146	0.995256
6	147	1.90233
6	170	0.842605
7	2	0.925097
7	28	1.01407
7	40	0.99807
7	42	0.888679
7	45	0.974644
7	52	0.960183
7	128	0.983375
7	145	0.990945
7	146	0.998568
7	147	2.17324
7	150	2.43153
7	167	0.90134
8	19	0.984254
8	21	0.983116
8	24	0.872298
8	32	0.98458
8	34	1.01815
8	35	0.98331
8	36	0.983979
8	65	1.00377
8	126	1.80487
8	136	0.947273
8	154	2.26807
8	176	0.849483
9	4	0.943979
9	13	0.947158
9	27	1.02361
9	41	1.00654
9	53	0.955626
9	58	0.955344
9	60	0.955237
9	63	1.02193
9	129	0.977605
9	147	2.66155
9	156	0.851845
9	163	1.68363
10	6	0.926346
10	26	1.00401
10	38	0.983537
10	43	0.984701
10	48	0.964154
10	51	0.963485
10	59	1.03577
10	84	0.998072
10	136	0.963278
10	146	0.984845
10	152	3.05133
10	170	0.832194
11	19	0.984254
11	21	0.983116
11	24	0.872298
11	32	0.98458
11	34	1.01815
11	35	0.98331
11	36	0.983979
11	65	1.00377
11	109	1.77001
11	136	0.947273
11	156	3.01788
11	176	0.849483
12	3	1.04915
12	18	0.899014
12	23	1.01151
12	31	1.01054
12	37	0.992316
12	123	1.06092
12	125	0.877933
12	129	0.96553
12	132	0.949452
12	136	0.966532
12	167	0.890871
12	174	3.20783
13	4	0.944543
13	9	0.947158
13	27	1.02417
13	41	1.00711
13	53	0.95619
13	58	0.955907
13	60	0.955801
13	63	1.02249
13	97	1.15046
13	132	0.962091
13	155	2.36292
13	156	0.852408
14	50	1.00059
14	55	0.997316
14	62	0.971908
14	67	0.965447
14	68	0.964904
14	71	1.03951
14	73	0.964472
14	129	0.986437
14	171	0.863939
14	176	0.88965
14	177	3.49852
14	179	1.29219
15	3	1.14706
15	18	0.99692
15	23	1.10942
15	31	1.10845
15	37	1.09022
15	107	0.917916
15	124	3.08491
15	129	1.06344
15	132	1.04736
15	136	1.06444
15	156	2.61757
15	167	0.988778
16	47	1.02343
16	55	1.00352
16	62	0.978108
16	67	0.971647
16	68	0.971104
16	71	1.04571
16	73	0.970672
16	131	2.99793
16	142	0.909982
16	163	1.12805
16	171	0.870139
16	176	0.89585
17	5	0.958561
17	20	0.93875
17	44	0.919232
17	54	1.07343
17	56	0.977502
17	57	0.977227
17	99	4.6
17	119	1.88054
17	128	0.994465
17	142	0.904434
17	144	0.878118
17	145	1.00203
18	3	1.02572
18	12	0.899014
18	15	0.99692
18	23	0.988081
18	31	0.987112
18	37	0.968886
18	117	0.958529
18	125	0.854502
18	129	0.9421
18	132	0.926022
18	136	0.943102
18	149	3.5708
18	167	0.867441
19	8	0.984254
19	11	0.984254
19	21	1.08345
19	24	0.972627
19	32	1.08491
19	34	1.11848
19	35	1.08364
19	36	1.08431
19	134	1.17359
19	136	1.0476
19	152	1.71711
19	176	0.949813
19	179	3.05648
20	5	0.93175
20	17	0.93875
20	30	0.91144
20	54	1.04662
20	56	0.950691
20	57	0.950416
20	107	1.00525
20	128	0.967654
20	142	0.877623
20	144	0.851307
20	145	0.975224
20	161	3.48689
20	163	1.0323
21	8	0.983116
21	11	0.983116
21	19	1.08345
21	24	0.971489
21	32	1.08377
21	34	1.11734
21	35	1.0825
21	36	1.08317
21	93	1.50739
21	110	1.6769
21	135	1.74931
21	136	1.04646
21	176	0.948674
22	81	1.05025
22	95	1.02456
22	100	1.07936
22	105	1.0506
22	111	1.04382
22	113	1.02154
22	115	1.06617
22	118	1.05649
22	146	1.0774
22	162	0.961758
22	171	0.932335
22	172	1.84662
22	179	2.62227
23	12	1.01151
23	15	1.10942
23	18	0.988081
23	31	1.09961
23	37	1.08138
23	125	0.967
23	127	0.562772
23	129	1.0546
23	132	1.03852
23	136	1.0556
23	167	0.979938
23	168	1.25463
23	171	3.2792
24	8	0.872298
24	11	0.872298
24	19	0.972627
24	21	0.971489
24	32	0.972953
24	34	1.00652
24	35	0.971683
24	36	0.972352
24	65	0.992146
24	136	0.935646
24	161	3.14439
24	172	1.45178
24	176	0.837856
25	5	1.0387
25	30	1.01839
25	44	0.999369
25	54	1.15356
25	56	1.05764
25	57	1.05736
25	128	1.0746
25	134	1.1555
25	142	0.984571
25	144	0.958255
25	145	1.08217
25	165	3.08925
25	167	1.65621
26	6	1.01442
26	10	1.00401
26	38	1.07161
26	43	1.07277
26	48	1.05222
26	51	1.05156
26	59	1.12384
26	108	1.22713
26	136	1.05135
26	146	1.07292
26	153	0.85351
26	170	0.920264
26	171	3.62986
27	9	1.02361
27	13	1.02417
27	29	1.12951
27	41	1.08355
27	53	1.03264
27	58	1.03236
27	60	1.03225
27	63	1.09894
27	93	0.942039
27	103	0.867663
27	132	1.03854
27	144	3.46444
27	156	0.928856
28	2	0.995782
28	7	1.01407
28	40	1.06875
28	42	0.959364
28	45	1.04533
28	46	1.20835
28	52	1.03087
28	98	1.41859
28	145	1.06163
28	146	1.06925
28	167	0.972025
28	168	1.96183
28	173	2.46552
29	4	1.04989
29	27	1.12951
29	53	1.06153
29	58	1.06125
29	60	1.06115
29	63	1.12784
29	121	0.879234
29	129	1.08351
29	132	1.06744
29	149	1.98536
29	156	0.957754
29	178	2.08818
30	5	0.931251
30	20	0.91144
30	25	1.01839
30	44	0.891922
30	54	1.04612
30	56	0.950192
30	57	0.949917
30	69	2.57219
30	94	1.18863
30	107	1.00476
30	142	0.877124
30	144	0.850808
30	145	0.974725
31	12	1.01054
31	15	1.10845
31	18	0.987112
31	23	1.09961
31	37	1.08041
31	74	1.21728
31	125	0.96603
31	129	1.05363
31	132	1.03755
31	136	1.05463
31	151	3.13039
31	167	0.978969
31	178	1.59813
32	8	0.98458
32	11	0.98458
32	19	1.08491
32	21	1.08377
32	24	0.972953
32	35	1.08397
32	36	1.08463
32	65	1.10443
32	121	1.19272
32	136	1.04793
32	142	1.51384
32	148	2.90957
32	176	0.950139
33	70	0.997032
33	72	1.06749
33	77	1.04279
33	78	1.04263
33	80	1.04262
33	83	1.03808
33	86	1.08827
33	91	1.08849
33	92	1.08873
33	124	3.11509
33	160	2.56412
33	162	1.98076
33	170	0.916718
34	8	1.01815
34	11	1.01815
34	19	1.11848
34	21	1.11734
34	24	1.00652
34	35	1.11753
34	36	1.1182
34	89	1.18491
34	120	0.91761
34	136	1.0815
34	154	2.34466
34	176	0.983707
35	8	0.98331
35	11	0.98331
35	19	1.08364
35	21	1.0825
35	24	0.971683
35	32	1.08397
35	34	1.11753
35	36	1.08337
35	74	0.852177
35	136	1.04666
35	143	1.036
35	171	3.42284
35	176	0.948869
36	8	0.983979
36	11	0.983979
36	19	1.08431
36	21	1.08317
36	24	0.972352
36	32	1.08463
36	34	1.1182
36	35	1.08337
36	136	1.04733
36	148	2.78379
36	163	1.17709
36	168	1.43391
36	176	0.949538
37	3	1.11903
37	12	0.992316
37	15	1.09022
37	18	0.968886
37	23	1.08138
37	31	1.08041
37	97	0.836972
37	116	0.969624
37	129	1.0354
37	132	1.01932
37	136	1.0364
37	167	0.960743
37	174	3.43645
38	10	0.983537
38	26	1.07161
38	43	1.0523
38	48	1.03176
38	51	1.03109
38	59	1.10337
38	98	0.780357
38	110	1.01013
38	123	1.74961
38	125	0.94228
38	136	1.03088
38	146	1.05245
38	162	2.58236
38	170	0.899796
39	66	0.97497
39	72	0.961039
39	75	0.972522
39	77	0.936336
39	78	0.936177
39	80	0.936171
39	83	0.931633
39	86	0.981818
39	91	0.982043
39	92	0.982277
39	130	1.40064
39	156	0.814588
39	170	0.810268
39	180	3.1423
40	2	0.979785
40	7	0.99807
40	28	1.06875
40	42	0.943367
40	45	1.02933
40	52	1.01487
40	84	1.45964
40	107	1.07566
40	121	1.69718
40	128	1.03806
40	134	1.415
40	145	1.04563
40	146	1.05326
40	167	0.956028
41	4	1.00393
41	9	1.00654
41	13	1.00711
41	27	1.08355
41	53	1.01557
41	58	1.01529
41	60	1.01519
41	63	1.08188
41	114	1.77535
41	129	1.03755
41	132	1.02148
41	141	1.57996
41	143	2.1288
41	156	0.911793
42	2	0.870395
42	7	0.888679
42	28	0.959364
42	40	0.943367
42	45	0.919942
42	46	1.08296
42	52	0.905481
42	107	0.966273
42	117	0.998851
42	128	0.928673
42	145	0.936243
42	146	0.943866
42	159	2.93167
42	167	0.846638
43	6	0.995112
43	10	0.984701
43	26	1.07277
43	38	1.0523
43	48	1.03292
43	51	1.03225
43	59	1.10453
43	125	0.943444
43	136	1.03204
43	146	1.05361
43	152	1.31658
43	157	3.13515
43	168	1.37515
43	170	0.900961
44	5	0.912232
44	17	0.919232
44	25	0.999369
44	30	0.891922
44	54	1.0271
44	56	0.931174
44	57	0.930898
44	107	0.985736
44	110	1.52804
44	128	0.948136
44	142	0.858105
44	144	0.831789
44	145	0.955706
44	175	3.099
45	7	0.974644
45	28	1.04533
45	40	1.02933
45	42	0.919942
45	46	1.16893
45	52	0.991446
45	89	1.31604
45	103	1.16978
45	107	1.05224
45	128	1.01464
45	145	1.02221
45	146	1.02983
45	155	2.11512
45	167	0.932602
46	2	1.11938
46	28	1.20835
46	42	1.08296
46	45	1.16893
46	52	1.15447
46	123	0.894839
46	128	1.17766
46	142	1.32707
46	144	2.66362
46	145	1.18523
46	146	1.19285
46	162	0.993196
46	167	1.09562
47	16	1.02343
47	50	1.05357
47	55	1.05029
47	62	1.02488
47	67	1.01842
47	68	1.01788
47	71	1.09248
47	73	1.01745
47	116	1.22364
47	124	0.924783
47	126	1.67976
47	142	0.956756
47	163	2.49921
47	171	0.916913
47	176	0.942623
48	6	0.974565
48	10	0.964154
48	26	1.05222
48	38	1.03176
48	43	1.03292
48	51	1.0117
48	59	1.08398
48	94	1.16331
48	103	1.74036
48	110	0.990744
48	125	0.922897
48	134	1.50297
48	136	1.0115
48	146	1.03306
48	170	0.880413
49	79	1.12836
49	81	1.1165
49	82	1.11844
49	95	1.09081
49	105	1.11684
49	111	1.11007
49	113	1.08778
49	115	1.13241
49	118	1.12273
49	121	0.922716
49	123	1.58454
49	124	1.00645
49	134	0.640535
49	168	2.79701
49	171	0.99858
50	14	1.00059
50	47	1.05357
50	55	1.03365
50	62	1.00824
50	67	1.00178
50	68	1.00124
50	69	1.02781
50	71	1.07584
50	73	1.00081
50	110	1.00302
50	116	1.24278
50	129	1.02277
50	166	3.6301
50	171	0.900276
50	176	0.925986
51	6	0.973896
51	10	0.963485
51	26	1.05156
51	38	1.03109
51	43	1.03225
51	48	1.0117
51	59	1.08332
51	107	1.46457
51	110	0.990076
51	112	1.32668
51	120	1.63762
51	125	0.922228
51	136	1.01083
51	146	1.0324
51	170	0.879744
52	2	0.941899
52	7	0.960183
52	28	1.03087
52	40	1.01487
52	42	0.905481
52	45	0.991446
52	46	1.15447
52	107	1.03778
52	128	1.00018
52	139	1.49219
52	145	1.00775
52	146	1.01537
52	158	2.11305
52	167	0.918142
52	175	2.21021
53	4	0.953011
53	9	0.955626
53	13	0.95619
53	27	1.03264
53	29	1.06153
53	41	1.01557
53	58	0.964375
53	60	0.964269
53	63	1.03096
53	65	1.04414
53	121	0.83521
53	129	0.986637
53	132	0.970559
53	142	2.66366
53	153	1.95771
53	156	0.860876
54	5	1.06643
54	17	1.07343
54	20	1.04662
54	25	1.15356
54	30	1.04612
54	44	1.0271
54	56	1.08537
54	57	1.08509
54	128	1.10233
54	135	0.840423
54	142	1.0123
54	144	0.985983
54	145	1.1099
54	169	2.96383
54	170	2.66139
54	174	1.20875
55	14	0.997316
55	16	1.00352
55	47	1.05029
55	50	1.03365
55	62	1.00497
55	67	0.998506
55	68	0.997963
55	71	1.07257
55	73	0.997531
55	124	0.904869
55	142	0.936841
55	143	1.5842
55	164	2.02107
55	171	0.896998
55	175	2.45525
55	176	0.922708
56	5	0.970503
56	17	0.977502
56	20	0.950691
56	25	1.05764
56	30	0.950192
56	44	0.931174
56	54	1.08537
56	57	0.989169
56	107	1.04401
56	112	0.739669
56	128	1.00641
56	135	2.10095
56	138	2.24056
56	142	0.916376
56	144	0.89006
56	145	1.01398
57	5	0.970227
57	17	0.977227
57	20	0.950416
57	25	1.05736
57	30	0.949917
57	44	0.930898
57	54	1.08509
57	56	0.989169
57	107	1.04373
57	110	1.06268
57	128	1.00613
57	142	0.9161
57	144	0.889784
57	145	1.0137
57	153	1.37308
57	180	3.35142
58	4	0.952729
58	9	0.955344
58	13	0.955907
58	27	1.03236
58	29	1.06125
58	41	1.01529
58	53	0.964375
58	60	0.963987
58	63	1.03068
58	65	1.04386
58	129	0.986355
58	132	0.970277
58	156	0.860594
58	168	1.47667
58	176	2.48037
58	178	2.14757
59	6	1.04618
59	10	1.03577
59	26	1.12384
59	38	1.10337
59	43	1.10453
59	48	1.08398
59	51	1.08332
59	110	1.06236
59	120	0.741627
59	125	0.994509
59	136	1.08311
59	140	2.21853
59	146	1.10468
59	170	0.952025
59	174	1.83318
59	179	2.17953
60	4	0.952622
60	9	0.955237
60	13	0.955801
60	27	1.03225
60	29	1.06115
60	41	1.01519
60	53	0.964269
60	58	0.963987
60	63	1.03057
60	65	1.04375
60	129	0.986248
60	132	0.97017
60	155	1.48396
60	156	0.860488
60	159	1.77565
60	162	2.07798
61	79	1.01488
61	90	0.987293
61	95	0.977329
61	96	0.977835
61	100	1.03213
61	102	1.02753
61	105	1.00337
61	111	0.99659
61	113	0.974303
61	115	1.01893
61	121	0.872943
61	144	0.898629
61	146	1.03017
61	166	2.67151
61	171	0.885102
61	179	2.4626
62	14	0.971908
62	16	0.978108
62	47	1.02488
62	50	1.00824
62	55	1.00497
62	67	0.973097
62	68	0.972554
62	71	1.04716
62	73	0.972123
62	89	0.832149
62	110	0.974337
62	129	0.994087
62	142	0.911433
62	155	1.63123
62	171	0.87159
62	173	3.10865
62	176	0.8973
63	4	1.01931
63	9	1.02193
63	13	1.02249
63	27	1.09894
63	29	1.12784
63	41	1.08188
63	53	1.03096
63	58	1.03068
63	60	1.03057
63	65	1.11044
63	104	1.68346
63	125	2.56838
63	127	1.16845
63	129	1.05294
63	132	1.03686
63	156	0.92718
63	176	2.63229
64	66	1.07244
64	70	0.988052
64	72	1.05851
64	75	1.06999
64	77	1.03381
64	78	1.03365
64	80	1.03364
64	83	1.0291
64	86	1.07929
64	91	1.07951
64	92	1.07975
64	119	0.998943
64	130	1.75521
64	138	1.42015
64	145	1.05277
64	156	0.912059
64	170	0.907738
64	173	2.77401
65	8	1.00377
65	11	1.00377
65	24	0.992146
65	32	1.10443
65	53	1.04414
65	58	1.04386
65	60	1.04375
65	63	1.11044
65	109	3.22999
65	113	1.03282
65	115	1.07745
65	117	1.03624
65	118	1.06777
65	139	1.66359
65	156	0.940359
65	167	1.9714
65	171	0.943622
65	176	0.969332
66	39	0.97497
66	64	1.07244
66	70	0.99347
66	72	1.06393
66	75	1.07541
66	77	1.03922
66	78	1.03907
66	80	1.03906
66	83	1.03452
66	86	1.08471
66	91	1.08493
66	92	1.08517
66	122	3.70843
66	156	0.917477
66	162	0.943953
66	164	1.39827
66	167	1.42223
66	170	0.913156
67	14	0.965447
67	16	0.971647
67	47	1.01842
67	50	1.00178
67	55	0.998506
67	62	0.973097
67	68	0.966093
67	71	1.0407
67	73	0.965662
67	110	0.967876
67	119	0.95757
67	124	0.872999
67	126	1.71021
67	129	0.987626
67	142	0.904972
67	171	0.865129
67	172	3.29162
67	176	0.890839
68	14	0.964904
68	16	0.971104
68	47	1.01788
68	50	1.00124
68	55	0.997963
68	62	0.972554
68	67	0.966093
68	71	1.04015
68	73	0.965119
68	110	0.967333
68	124	0.872456
68	125	1.31413
68	129	0.987084
68	142	0.904429
68	170	4.03752
68	171	0.864586
68	176	0.890296
68	180	1.60088
69	30	2.57219
69	50	1.02781
69	101	0.892057
69	140	0.902815
69	142	0.905327
69	157	0.888544
69	158	0.922429
69	159	0.933669
69	168	0.936165
69	169	0.861235
69	172	0.903594
69	173	0.892252
69	174	0.89052
69	175	0.902381
69	177	0.862076
69	178	0.893503
69	179	0.893321
69	180	0.88329
70	33	0.997032
70	64	0.988052
70	66	0.99347
70	72	0.979539
70	75	0.991022
70	77	0.954835
70	78	0.954677
70	80	0.954671
70	83	0.950133
70	86	1.00032
70	91	1.00054
70	92	1.00078
70	107	0.823229
70	145	0.973795
70	156	0.833088
70	159	1.68493
70	165	3.89858
70	170	0.828767
71	14	1.03951
71	16	1.04571
71	47	1.09248
71	50	1.07584
71	55	1.07257
71	62	1.04716
71	67	1.0407
71	68	1.04015
71	73	1.03972
71	98	1.06892
71	124	0.947059
71	127	0.988718
71	129	1.06169
71	137	1.50708
71	138	2.40047
71	142	0.979031
71	171	0.939189
71	176	0.964899
72	33	1.06749
72	39	0.961039
72	64	1.05851
72	66	1.06393
72	70	0.979539
72	75	1.06148
72	77	1.02529
72	78	1.02513
72	80	1.02513
72	83	1.02059
72	86	1.07078
72	91	1.071
72	92	1.07124
72	127	1.21198
72	134	1.12762
72	161	3.96872
72	167	1.86952
72	170	0.899225
73	14	0.964472
73	16	0.970672
73	47	1.01745
73	50	1.00081
73	55	0.997531
73	62	0.972123
73	67	0.965662
73	68	0.965119
73	71	1.03972
73	94	0.567423
73	110	0.966902
73	124	0.872025
73	129	0.986652
73	130	1.97026
73	142	0.903997
73	171	0.864154
73	174	3.41981
73	176	0.889865
74	31	1.21728
74	35	0.852177
74	89	1.08088
74	101	0.943188
74	132	0.795048
74	152	0.991378
74	160	0.94904
74	161	0.929037
74	164	0.965021
74	168	0.987296
74	172	0.954725
74	173	0.943382
74	174	0.941651
74	175	0.953512
74	177	0.913207
74	178	0.944634
74	179	0.944452
74	180	0.934421
75	39	0.972522
75	64	1.06999
75	66	1.07541
75	70	0.991022
75	72	1.06148
75	77	1.03678
75	78	1.03662
75	80	1.03661
75	83	1.03207
75	86	1.08226
75	91	1.08248
75	92	1.08272
75	107	0.489173
75	108	0.981901
75	153	1.95055
75	156	0.915029
75	164	2.77694
75	170	0.910708
76	5	3.8
76	82	0.876008
76	83	0.869928
76	86	0.920113
76	91	0.920338
76	92	0.920572
76	99	0.784741
76	100	0.903176
76	102	0.898577
76	118	0.880298
76	135	0.862281
76	146	0.901213
76	151	0.782049
76	170	0.748562
76	172	0.794256
76	174	0.781181
76	175	0.793043
76	178	0.784165
76	180	0.773952
77	33	1.04279
77	39	0.936336
77	64	1.03381
77	66	1.03922
77	70	0.954835
77	72	1.02529
77	75	1.03678
77	78	1.00043
77	80	1.00043
77	83	0.995887
77	86	1.04607
77	91	1.0463
77	92	1.04653
77	97	1.02535
77	127	0.949618
77	137	1.46798
77	145	1.01955
77	156	0.878842
77	163	2.95472
77	170	0.874522
78	33	1.04263
78	39	0.936177
78	64	1.03365
78	66	1.03907
78	70	0.954677
78	72	1.02513
78	75	1.03662
78	77	1.00043
78	80	1.00027
78	83	0.995729
78	86	1.04591
78	91	1.04614
78	92	1.04637
78	104	1.68825
78	137	0.658109
78	145	1.01939
78	151	3.83653
78	156	0.878684
78	167	1.73194
78	170	0.874363
79	49	1.12836
79	61	1.01488
79	81	1.01132
79	88	0.999096
79	90	0.995594
79	95	0.98563
79	96	0.986136
79	100	1.04043
79	102	1.03583
79	105	1.01167
79	111	1.00489
79	113	0.982604
79	114	1.04104
79	115	1.02723
79	117	1.25723
79	118	1.01755
79	124	0.901273
79	148	3.10665
79	171	0.893403
79	176	2.76047
80	33	1.04262
80	39	0.936171
80	64	1.03364
80	66	1.03906
80	70	0.954671
80	72	1.02513
80	75	1.03661
80	77	1.00043
80	78	1.00027
80	83	0.995723
80	86	1.04591
80	91	1.04613
80	92	1.04637
80	120	1.28129
80	135	1.29887
80	145	1.01939
80	156	0.878678
80	168	1.43101
80	169	5.39664
80	170	0.874357
81	22	1.05025
81	49	1.1165
81	79	1.01132
81	82	1.0014
81	88	0.987233
81	89	1.0669
81	95	0.973767
81	96	0.974273
81	100	1.02857
81	105	0.999803
81	111	0.993028
81	113	0.970741
81	115	1.01537
81	116	1.30734
81	118	1.00569
81	124	0.88941
81	144	0.895066
81	146	1.02661
81	154	2.22665
81	162	2.46
81	171	0.88154
82	1	1.07696
82	49	1.11844
82	76	0.876008
82	81	1.0014
82	88	0.989176
82	90	0.985675
82	95	0.97571
82	96	0.976216
82	100	1.03051
82	101	4.6
82	102	1.02591
82	104	1.4283
82	105	1.00175
82	111	0.994971
82	113	0.972684
82	115	1.01731
82	118	1.00763
82	124	0.891354
82	159	1.94084
82	160	2.68187
82	171	0.883483
83	33	1.03808
83	39	0.931633
83	64	1.0291
83	66	1.03452
83	70	0.950133
83	72	1.02059
83	75	1.03207
83	76	0.869928
83	77	0.995887
83	78	0.995729
83	80	0.995723
83	86	1.04137
83	91	1.04159
83	92	1.04183
83	98	0.813434
83	145	1.01485
83	156	0.87414
83	165	2.0055
83	169	4.43953
83	170	0.869819
83	175	0.982676
84	10	0.998072
84	40	1.45964
84	132	0.177344
84	140	0.989307
84	146	0.0735698
84	147	0.988523
84	157	0.975035
84	158	1.00892
84	159	1.02016
84	164	1.00038
84	166	0.962511
84	168	1.02266
84	172	0.990085
84	173	0.978743
84	174	0.977011
84	175	0.988872
84	176	0.977686
84	177	0.948567
84	178	0.979995
84	179	0.979812
84	180	0.969781
85	102	0.203758
85	104	1.03205
85	106	1.02803
85	111	0.115263
85	113	0.852975
85	132	0.504545
85	140	0.977404
85	147	0.976621
85	149	0.979728
85	152	1.01484
85	159	1.00826
85	161	0.952495
85	165	0.96193
85	166	0.950609
85	169	0.935824
85	172	0.978183
85	173	0.966841
85	175	0.97697
85	177	0.936665
85	178	0.968092
85	179	0.96791
85	180	0.957879
86	33	1.08827
86	39	0.981818
86	64	1.07929
86	66	1.08471
86	70	1.00032
86	72	1.07078
86	75	1.08226
86	76	0.920113
86	77	1.04607
86	78	1.04591
86	80	1.04591
86	83	1.04137
86	91	1.09178
86	92	1.09201
86	110	0.932375
86	114	1.27884
86	145	1.06503
86	150	2.97396
86	154	1.38149
86	156	0.924325
86	170	0.920004
86	175	2.50334
87	112	0.964744
87	118	2.96315
87	124	0.793883
87	130	0.874268
87	134	0.944274
87	135	0.892147
87	139	0.874244
87	151	0.811915
87	152	0.860775
87	156	0.78275
87	162	0.856742
87	163	0.855658
87	169	0.781763
87	172	0.824122
87	173	0.81278
87	174	0.811048
87	175	0.822909
87	176	0.811723
87	177	0.782604
87	178	0.814032
87	179	0.813849
87	180	0.803818
88	1	1.06279
88	79	0.999096
88	81	0.987233
88	82	0.989176
88	90	0.971506
88	95	0.961542
88	96	0.962048
88	100	1.01634
88	102	1.01175
88	105	0.987578
88	111	0.980803
88	113	0.958516
88	115	1.00315
88	118	0.993466
88	124	0.877185
88	128	0.999189
88	132	0.975734
88	139	1.43995
88	159	0.967145
88	166	3.1389
88	171	0.869315
88	178	2.32009
89	34	1.18491
89	45	1.31604
89	62	0.832149
89	74	1.08088
89	81	1.0669
89	106	1.01584
89	138	1.00119
89	150	0.973409
89	151	0.953786
89	153	1.02343
89	159	0.996068
89	162	0.998613
89	166	0.938419
89	168	0.998565
89	169	0.923635
89	172	0.965994
89	173	0.954651
89	175	0.964781
89	177	0.924475
89	178	0.955903
89	179	0.955721
89	180	0.94569
90	1	1.05929
90	61	0.987293
90	79	0.995594
90	82	0.985675
90	88	0.971506
90	95	0.95804
90	96	0.958546
90	100	1.01284
90	102	1.00824
90	105	0.984076
90	111	0.977301
90	113	0.955014
90	115	0.999643
90	118	0.989964
90	128	0.995687
90	144	0.87934
90	146	1.01088
90	147	2.26288
90	158	1.9534
90	164	1.61637
90	171	0.865813
90	176	2.54548
91	33	1.08849
91	39	0.982043
91	64	1.07951
91	66	1.08493
91	70	1.00054
91	72	1.071
91	75	1.08248
91	76	0.920338
91	77	1.0463
91	78	1.04614
91	80	1.04613
91	83	1.04159
91	86	1.09178
91	92	1.09224
91	93	0.788801
91	98	0.718705
91	114	1.30477
91	145	1.06526
91	156	0.92455
91	170	0.920229
91	172	2.52565
91	180	3.24705
92	33	1.08873
92	39	0.982277
92	64	1.07975
92	66	1.08517
92	70	1.00078
92	72	1.07124
92	75	1.08272
92	76	0.920572
92	77	1.04653
92	78	1.04637
92	80	1.04637
92	83	1.04183
92	86	1.09201
92	91	1.09224
92	140	2.16334
92	145	1.06549
92	153	0.985169
92	156	0.924784
92	158	1.25515
92	170	0.920463
92	171	2.8681
92	179	2.12433
93	3	1.36177
93	21	1.50739
93	27	0.942039
93	91	0.788801
93	104	1.01344
93	141	1.02877
93	152	0.996222
93	153	1.017
93	158	0.978404
93	160	0.953884
93	161	0.933881
93	163	0.991104
93	164	0.969865
93	168	0.99214
93	169	0.91721
93	172	0.959569
93	173	0.948226
93	174	0.946494
93	175	0.958356
93	177	0.91805
93	178	0.949478
93	179	0.949296
93	180	0.939265
94	30	1.18863
94	48	1.16331
94	73	0.567423
94	106	1.07107
94	111	0.573936
94	130	1.07137
94	138	1.05642
94	146	0.213703
94	147	1.01966
94	150	1.02864
94	158	1.04006
94	164	1.03152
94	165	1.00497
94	166	0.993649
94	167	1.03095
94	169	0.978864
94	172	1.02122
94	174	1.00815
94	175	1.02001
94	177	0.979705
94	178	1.01113
94	179	1.01095
94	180	1.00092
95	22	1.02456
95	49	1.09081
95	61	0.977329
95	79	0.98563
95	81	0.973767
95	82	0.97571
95	88	0.961542
95	90	0.95804
95	96	0.948582
95	100	1.00288
95	102	0.99828
95	113	0.94505
95	115	0.989679
95	118	0.98
95	124	0.863719
95	128	0.985722
95	141	1.33901
95	144	0.869375
95	146	1.00092
95	155	1.27639
95	167	2.34869
95	171	0.855849
95	178	2.92103
96	1	1.04983
96	61	0.977835
96	79	0.986136
96	81	0.974273
96	82	0.976216
96	88	0.962048
96	90	0.958546
96	95	0.948582
96	100	1.00338
96	102	0.998786
96	105	0.974618
96	111	0.967843
96	113	0.945556
96	115	0.990185
96	118	0.980506
96	125	2.51749
96	132	0.962774
96	144	0.869882
96	146	1.00142
96	152	1.51913
96	171	0.856355
96	172	2.08284
96	176	2.5814
97	13	1.15046
97	37	0.836972
97	77	1.02535
97	104	1.01021
97	113	1.04557
97	123	1.05425
97	127	1.0868
97	139	1.00646
97	154	0.989582
97	160	0.950656
97	164	0.966637
97	165	0.940087
97	166	0.928766
97	168	0.988912
97	169	0.913981
97	172	0.95634
97	173	0.944998
97	174	0.943266
97	175	0.955128
97	177	0.914822
97	178	0.94625
97	179	0.946068
97	180	0.936037
98	28	1.41859
98	38	0.780357
98	71	1.06892
98	83	0.813434
98	91	0.718705
98	114	1.0815
98	135	1.0773
98	147	1.00771
98	149	1.01082
98	151	0.997069
98	157	0.994226
98	158	1.02811
98	162	1.0419
98	164	1.01957
98	166	0.981702
98	169	0.966917
98	172	1.00928
98	173	0.997934
98	174	0.996202
98	175	1.00806
98	177	0.967758
98	178	0.999186
98	179	0.999003
98	180	0.988972
99	17	4.6
99	76	0.784741
99	121	0.956107
99	141	0.899525
99	142	0.832058
99	148	0.827917
99	149	0.83187
99	152	0.866978
99	153	0.88776
99	157	0.815275
99	161	0.804637
99	163	0.86186
99	164	0.840621
99	166	0.802751
99	168	0.862896
99	169	0.787966
99	173	0.818983
99	174	0.817251
99	175	0.829112
99	177	0.788807
99	178	0.820234
99	179	0.820052
99	180	0.810021
100	22	1.07936
100	61	1.03213
100	76	0.903176
100	79	1.04043
100	81	1.02857
100	82	1.03051
100	88	1.01634
100	90	1.01284
100	95	1.00288
100	96	1.00338
100	102	1.05308
100	105	1.02891
100	106	1.1011
100	111	1.02214
100	113	0.999852
100	115	1.04448
100	118	1.0348
100	123	0.910092
100	132	1.01707
100	144	0.924178
100	150	1.98519
100	171	0.910651
100	172	1.51094
100	177	4.49292
101	69	0.892057
101	74	0.943188
101	82	4.6
101	135	0.896328
101	140	0.827525
101	142	0.830037
101	148	0.825896
101	155	0.869722
101	157	0.813253
101	160	0.822619
101	161	0.802616
101	162	0.860923
101	164	0.8386
101	165	0.81205
101	166	0.800729
101	172	0.828303
101	173	0.816961
101	174	0.815229
101	175	0.827091
101	177	0.786785
101	178	0.818213
101	179	0.818031
101	180	0.808
102	1	1.09953
102	61	1.02753
102	76	0.898577
102	79	1.03583
102	82	1.02591
102	85	0.203758
102	88	1.01175
102	90	1.00824
102	95	0.99828
102	96	0.998786
102	100	1.05308
102	105	1.02432
102	111	1.01754
102	113	0.995253
102	115	1.03988
102	117	1.02051
102	118	1.0302
102	128	1.03593
102	144	0.919579
102	146	1.05112
102	150	1.60932
102	151	2.83308
102	171	0.906053
102	177	4.11704
103	27	0.867663
103	45	1.16978
103	48	1.74036
103	131	0.943674
103	141	1.02525
103	146	0.266316
103	148	0.953645
103	150	0.963468
103	155	0.997471
103	158	0.974888
103	159	0.986127
103	163	0.987588
103	166	0.928478
103	167	0.965781
103	168	0.988623
103	169	0.913693
103	172	0.956052
103	173	0.94471
103	174	0.942978
103	175	0.95484
103	177	0.914534
103	178	0.945962
103	179	0.94578
103	180	0.935749
104	63	1.68346
104	78	1.68825
104	82	1.4283
104	85	1.03205
104	93	1.01344
104	97	1.01021
104	131	0.881333
104	139	0.943833
104	140	0.892932
104	149	0.895256
104	154	0.926952
104	155	0.935129
104	160	0.888026
104	162	0.92633
104	164	0.904007
104	168	0.926282
104	169	0.851352
104	173	0.882368
104	174	0.880637
104	175	0.892498
104	177	0.852193
104	178	0.88362
104	179	0.883438
104	180	0.873407
105	22	1.0506
105	49	1.11684
105	61	1.00337
105	79	1.01167
105	81	0.999803
105	82	1.00175
105	88	0.987578
105	90	0.984076
105	96	0.974618
105	100	1.02891
105	102	1.02432
105	111	0.993373
105	113	0.971086
105	115	1.01572
105	117	0.528644
105	118	1.00604
105	128	1.01176
105	132	0.988305
105	133	1.87435
105	144	0.895412
105	146	1.02695
105	152	1.2165
105	157	3.03507
105	165	2.80667
105	171	0.881885
106	85	1.02803
106	89	1.01584
106	94	1.07107
106	100	1.1011
106	126	0.945749
106	129	0.480659
106	146	1.42814
106	147	0.888123
106	152	0.926339
106	158	0.908521
106	159	0.91976
106	160	0.884001
106	162	0.922305
106	165	0.873432
106	168	0.922257
106	169	0.847326
106	172	0.889686
106	173	0.878343
106	174	0.876611
106	175	0.888473
106	177	0.848167
106	178	0.879595
106	179	0.879413
106	180	0.869382
107	15	0.917916
107	20	1.00525
107	30	1.00476
107	40	1.07566
107	42	0.966273
107	44	0.985736
107	45	1.05224
107	51	1.46457
107	52	1.03778
107	56	1.04401
107	57	1.04373
107	70	0.823229
107	75	0.489173
107	118	1.01626
107	144	0.944622
107	145	1.06854
107	146	1.07616
107	149	0.97075
107	167	0.978934
107	174	0.956131
107	175	0.967992
107	177	0.927687
107	178	0.959114
107	179	0.958932
107	180	0.948901
108	26	1.22713
108	75	0.981901
108	111	0.77361
108	122	0.952455
108	132	0.568727
108	133	0.97651
108	140	0.952594
108	147	0.95181
108	151	0.941165
108	152	0.990026
108	154	0.986614
108	157	0.938322
108	159	0.983447
108	161	0.927685
108	163	0.984908
108	166	0.925798
108	168	0.985944
108	169	0.911013
108	173	0.94203
108	174	0.940298
108	175	0.95216
108	177	0.911854
108	178	0.943282
108	179	0.9431
108	180	0.933069
109	11	1.77001
109	65	3.22999
109	122	0.855002
109	131	0.843542
109	135	0.923945
109	137	0.943957
109	140	0.855141
109	141	0.92512
109	153	0.913355
109	158	0.874755
109	159	0.885995
109	161	0.830232
109	162	0.888539
109	163	0.887455
109	165	0.839667
109	166	0.828346
109	167	0.865649
109	168	0.888491
109	172	0.85592
109	173	0.844578
109	174	0.842846
109	175	0.854707
109	178	0.845829
109	179	0.845647
109	180	0.835616
110	21	1.6769
110	38	1.01013
110	44	1.52804
110	48	0.990744
110	50	1.00302
110	51	0.990076
110	57	1.06268
110	59	1.06236
110	62	0.974337
110	67	0.967876
110	68	0.967333
110	73	0.966902
110	86	0.932375
110	131	0.8921
110	136	0.989869
110	146	1.01144
110	162	0.937098
110	164	0.914775
110	170	0.858785
110	171	0.866369
110	172	0.904478
110	173	0.893136
110	176	0.892079
110	178	0.894388
110	179	0.894206
110	180	0.884175
111	1	1.06858
111	22	1.04382
111	49	1.11007
111	61	0.99659
111	79	1.00489
111	81	0.993028
111	82	0.994971
111	85	0.115263
111	88	0.980803
111	90	0.977301
111	94	0.573936
111	96	0.967843
111	100	1.02214
111	102	1.01754
111	105	0.993373
111	108	0.77361
111	113	0.96431
111	115	1.00894
111	118	0.999261
111	124	0.88298
111	128	1.00498
111	132	0.981529
111	144	0.888636
111	171	0.87511
111	175	3.00283
111	178	3.16495
112	1	0.761988
112	4	1.62932
112	51	1.32668
112	56	0.739669
112	87	0.964744
112	114	1.05268
112	120	1.11091
112	137	1.0685
112	140	0.979684
112	145	0.584274
112	148	0.978055
112	150	0.987878
112	154	1.0137
112	162	1.01308
112	164	0.990759
112	165	0.964209
112	168	1.01303
112	170	0.934769
112	171	0.942353
112	172	0.980462
112	173	0.96912
112	175	0.97925
112	177	0.938944
112	178	0.970372
112	179	0.97019
112	180	0.960159
113	1	1.0463
113	22	1.02154
113	49	1.08778
113	61	0.974303
113	65	1.03282
113	79	0.982604
113	81	0.970741
113	82	0.972684
113	85	0.852975
113	88	0.958516
113	90	0.955014
113	95	0.94505
113	96	0.945556
113	97	1.04557
113	100	0.999852
113	102	0.995253
113	105	0.971086
113	111	0.96431
113	115	0.986653
113	118	0.976974
113	119	1.40286
113	128	0.982696
113	132	0.959242
113	137	1.4882
113	146	0.997889
113	153	2.47997
113	171	0.852823
114	41	1.77535
114	79	1.04104
114	86	1.27884
114	91	1.30477
114	98	1.0815
114	112	1.05268
114	116	1.03139
114	119	1.03239
114	126	0.968124
114	138	0.947256
114	150	0.919476
114	152	0.948713
114	154	0.945301
114	155	0.953479
114	157	0.89701
114	161	0.886372
114	163	0.943596
114	166	0.884486
114	168	0.944631
114	169	0.869701
114	173	0.900718
114	174	0.898986
114	175	0.910847
114	177	0.870542
114	178	0.90197
114	179	0.901788
114	180	0.891756
115	1	1.09092
115	22	1.06617
115	49	1.13241
115	61	1.01893
115	65	1.07745
115	79	1.02723
115	81	1.01537
115	82	1.01731
115	88	1.00315
115	90	0.999643
115	95	0.989679
115	96	0.990185
115	100	1.04448
115	102	1.03988
115	105	1.01572
115	111	1.00894
115	113	0.986653
115	118	1.0216
115	120	0.620552
115	128	1.02733
115	132	1.00387
115	141	1.07069
115	144	0.910979
115	159	1.29977
115	163	1.725
115	171	0.897452
115	173	2.4855
115	179	3.26261
116	37	0.969624
116	47	1.22364
116	50	1.24278
116	81	1.30734
116	114	1.03139
116	130	1.00931
116	133	0.982303
116	137	1.0472
116	141	1.02836
116	143	1.01432
116	145	0.11336
116	147	0.957603
116	154	0.992406
116	160	0.953481
116	161	0.933478
116	162	0.991785
116	163	0.990701
116	164	0.969462
116	165	0.942912
116	166	0.931591
116	168	0.991737
116	172	0.959165
116	174	0.946091
116	175	0.957953
116	177	0.917647
116	178	0.949075
116	179	0.948893
116	180	0.938862
117	18	0.958529
117	42	0.998851
117	65	1.03624
117	79	1.25723
117	102	1.02051
117	105	0.528644
117	139	1.05351
117	141	1.07258
117	148	1.00098
117	152	1.04004
117	154	1.03663
117	155	1.0448
117	160	0.9977
117	161	0.977697
117	162	1.036
117	163	1.03492
117	165	0.987131
117	168	1.03596
117	169	0.961026
117	171	0.965275
117	172	1.00338
117	173	0.992042
117	174	0.99031
117	175	1.00217
117	176	0.990986
117	177	0.961866
117	178	0.993294
117	179	0.993112
117	180	0.983081
118	1	1.08125
118	22	1.05649
118	49	1.12273
118	65	1.06777
118	76	0.880298
118	79	1.01755
118	81	1.00569
118	82	1.00763
118	87	2.96315
118	88	0.993466
118	90	0.989964
118	95	0.98
118	96	0.980506
118	100	1.0348
118	102	1.0302
118	105	1.00604
118	107	1.01626
118	111	0.999261
118	113	0.976974
118	115	1.0216
118	124	0.895643
118	126	1.00516
118	128	1.01765
118	132	0.994192
118	139	1.85399
118	144	0.901299
118	146	1.03284
118	160	2.52579
118	171	0.887773
118	177	3.49151
119	17	1.88054
119	64	0.998943
119	67	0.95757
119	113	1.40286
119	114	1.03239
119	139	1.0103
119	141	1.02937
119	145	0.402021
119	149	0.96172
119	151	0.947968
119	154	0.993416
119	155	1.00159
119	156	0.918802
119	158	0.97901
119	160	0.95449
119	161	0.934487
119	163	0.99171
119	164	0.970471
119	165	0.943922
119	168	0.992746
119	169	0.917816
119	172	0.960175
119	173	0.948833
119	174	0.947101
119	175	0.958962
119	177	0.918657
119	178	0.950084
119	179	0.949902
119	180	0.939871
120	34	0.91761
120	51	1.63762
120	59	0.741627
120	80	1.28129
120	112	1.11091
120	115	0.620552
120	121	1.09607
120	123	1.06819
120	126	1.02635
120	136	0.166367
120	147	0.968725
120	149	0.971832
120	150	0.977702
120	152	1.00694
120	154	1.00353
120	157	0.955237
120	159	1.00036
120	160	0.964602
120	162	1.00291
120	163	1.00182
120	164	0.980583
120	165	0.954034
120	166	0.942713
120	169	0.927928
120	170	0.924593
120	172	0.970287
120	173	0.958944
120	174	0.957213
120	177	0.928769
120	178	0.960196
120	179	0.960014
120	180	0.949983
121	29	0.879234
121	32	1.19272
121	40	1.69718
121	49	0.922716
121	53	0.83521
121	61	0.872943
121	99	0.956107
121	120	1.09607
121	126	1.02169
121	134	1.08577
121	135	1.03365
121	137	1.05366
121	139	1.01574
121	148	0.963214
121	149	0.967167
121	153	1.02306
121	157	0.950572
121	159	0.995697
121	161	0.939934
121	162	0.998242
121	163	0.997158
121	164	0.975918
121	165	0.949369
121	166	0.938048
121	168	0.998193
121	169	0.923263
121	172	0.965622
121	174	0.952548
121	177	0.924104
121	178	0.955532
121	179	0.95535
121	180	0.945318
122	2	2.49157
122	66	3.70843
122	108	0.952455
122	109	0.855002
122	123	0.93683
122	134	0.959074
122	135	0.906948
122	137	0.92696
122	139	0.889045
122	140	0.838144
122	148	0.836515
122	151	0.826716
122	154	0.872164
122	158	0.857758
122	159	0.868997
122	160	0.833238
122	161	0.813235
122	163	0.870458
122	165	0.822669
122	166	0.811348
122	168	0.871494
122	169	0.796564
122	172	0.838923
122	173	0.82758
122	174	0.825848
122	175	0.83771
122	176	0.826524
122	177	0.797404
122	178	0.828832
122	179	0.82865
122	180	0.818619
123	12	1.06092
123	38	1.74961
123	46	0.894839
123	49	1.58454
123	97	1.05425
123	100	0.910092
123	120	1.06819
123	122	0.93683
123	126	0.993811
123	134	1.0579
123	138	0.972944
123	140	0.936969
123	141	1.00695
123	143	0.992902
123	147	0.936185
123	148	0.93534
123	151	0.92554
123	161	0.91206
123	162	0.970367
123	163	0.969283
123	165	0.921494
123	166	0.910173
123	169	0.895389
123	172	0.937748
123	173	0.926405
123	174	0.924673
123	175	0.936535
123	177	0.896229
123	178	0.927657
123	179	0.927475
123	180	0.917444
124	15	3.08491
124	33	3.11509
124	47	0.924783
124	49	1.00645
124	55	0.904869
124	67	0.872999
124	68	0.872456
124	71	0.947059
124	73	0.872025
124	79	0.901273
124	81	0.88941
124	82	0.891354
124	87	0.793883
124	88	0.877185
124	95	0.863719
124	111	0.88298
124	118	0.895643
124	138	0.844797
124	148	0.807193
124	149	0.811146
124	153	0.867036
124	160	0.803916
124	162	0.842221
124	168	0.842172
124	171	0.771492
124	173	0.798259
124	175	0.808388
124	176	0.797202
124	178	0.799511
124	179	0.799329
124	180	0.789297
125	3	1.00464
125	6	0.885089
125	12	0.877933
125	18	0.854502
125	23	0.967
125	31	0.96603
125	38	0.94228
125	43	0.943444
125	48	0.922897
125	51	0.922228
125	59	0.994509
125	63	2.56838
125	68	1.31413
125	96	2.51749
125	129	0.921019
125	132	0.904941
125	136	0.922021
125	146	0.943588
125	148	0.834223
125	155	0.878049
125	161	0.810943
125	166	0.809056
125	167	0.84636
125	168	0.869202
125	170	0.790937
125	171	0.798521
125	172	0.836631
125	175	0.835418
125	177	0.795112
125	178	0.82654
125	179	0.826358
125	180	0.816327
126	8	1.80487
126	47	1.67976
126	67	1.71021
126	106	0.945749
126	114	0.968124
126	118	1.00516
126	120	1.02635
126	121	1.02169
126	123	0.993811
126	131	0.883526
126	137	0.983941
126	140	0.895125
126	149	0.897449
126	151	0.883697
126	152	0.932557
126	155	0.937322
126	158	0.914739
126	159	0.925979
126	160	0.890219
126	161	0.870216
126	162	0.928523
126	164	0.9062
126	166	0.86833
126	168	0.928475
126	173	0.884562
126	174	0.88283
126	175	0.894691
126	177	0.854386
126	178	0.885813
126	179	0.885631
126	180	0.8756
127	4	1.71846
127	23	0.562772
127	63	1.16845
127	71	0.988718
127	72	1.21198
127	77	0.949618
127	97	1.0868
127	139	1.02042
127	142	0.972032
127	148	0.967891
127	149	0.971844
127	151	0.958091
127	152	1.00695
127	153	1.02773
127	155	1.01172
127	158	0.989134
127	159	1.00037
127	160	0.964614
127	161	0.944611
127	163	1.00183
127	164	0.980595
127	165	0.954045
127	166	0.942724
127	168	1.00287
127	169	0.927939
127	170	0.924605
127	172	0.970299
127	173	0.958956
127	174	0.957224
127	177	0.92878
127	178	0.960208
127	179	0.960026
127	180	0.949995
128	2	0.965091
128	7	0.983375
128	17	0.994465
128	20	0.967654
128	25	1.0746
128	40	1.03806
128	42	0.928673
128	44	0.948136
128	45	1.01464
128	46	1.17766
128	52	1.00018
128	54	1.10233
128	56	1.00641
128	57	1.00613
128	88	0.999189
128	90	0.995687
128	95	0.985722
128	102	1.03593
128	105	1.01176
128	111	1.00498
128	113	0.982696
128	115	1.02733
128	118	1.01765
128	139	1.35028
128	141	1.39299
128	144	0.907022
128	145	1.03094
128	146	1.03856
128	154	0.946454
128	155	1.33038
128	156	4.16455
128	167	0.941334
128	174	2.49397
128	180	2.78607
129	3	1.09224
129	4	0.974991
129	9	0.977605
129	12	0.96553
129	14	0.986437
129	15	1.06344
129	18	0.9421
129	23	1.0546
129	29	1.08351
129	31	1.05363
129	37	1.0354
129	41	1.03755
129	50	1.02277
129	53	0.986637
129	58	0.986355
129	60	0.986248
129	62	0.994087
129	63	1.05294
129	67	0.987626
129	68	0.987084
129	71	1.06169
129	73	0.986652
129	106	0.480659
129	125	0.921019
129	132	0.992539
129	133	1.8372
129	142	0.925962
129	149	1.80599
129	152	1.17935
129	156	0.882856
129	164	1.31251
129	167	0.933957
129	170	4.9011
129	171	0.886119
129	175	1.74669
129	176	0.911829
130	39	1.40064
130	64	1.75521
130	73	1.97026
130	87	0.874268
130	94	1.07137
130	116	1.00931
130	135	0.958011
130	139	0.940108
130	143	0.94514
130	145	1.13063
130	147	0.888424
130	149	0.891531
130	150	0.897401
130	151	0.877779
130	152	0.926639
130	154	0.923227
130	155	0.931404
130	156	0.848613
130	157	0.874936
130	159	0.920061
130	160	0.884301
130	162	0.922605
130	165	0.873733
130	166	0.862412
130	168	0.922557
130	169	0.847627
130	171	0.851877
130	172	0.889986
130	173	0.878644
130	174	0.876912
130	175	0.888773
130	177	0.848468
130	178	0.879895
130	179	0.879713
130	180	0.869682
131	16	2.99793
131	103	0.943674
131	104	0.881333
131	109	0.843542
131	110	0.8921
131	126	0.883526
131	135	0.895487
131	137	0.9155
131	138	0.862658
131	141	0.896662
131	143	0.882616
131	145	3.25881
131	149	0.829007
131	151	0.815255
131	152	0.864115
131	153	0.884897
131	155	0.868881
131	157	0.812412
131	158	0.846297
131	159	0.857537
131	160	0.821777
131	162	0.860082
131	164	0.837758
131	166	0.799888
131	168	0.860033
131	170	0.781769
131	172	0.827462
131	173	0.81612
131	174	0.814388
131	175	0.826249
131	176	0.815063
131	177	0.785944
131	178	0.817372
131	179	0.81719
131	180	0.807158
132	3	1.07616
132	12	0.949452
132	13	0.962091
132	15	1.04736
132	18	0.926022
132	23	1.03852
132	27	1.03854
132	29	1.06744
132	31	1.03755
132	37	1.01932
132	41	1.02148
132	53	0.970559
132	58	0.970277
132	60	0.97017
132	63	1.03686
132	74	0.795048
132	84	0.177344
132	85	0.504545
132	88	0.975734
132	96	0.962774
132	100	1.01707
132	105	0.988305
132	108	0.568727
132	111	0.981529
132	113	0.959242
132	115	1.00387
132	118	0.994192
132	125	0.904941
132	129	0.992539
132	133	2.88845
132	136	0.993541
132	146	1.01511
132	156	0.866778
132	167	0.917879
132	171	0.870041
132	173	2.79285
132	178	2.96006
133	105	1.87435
133	108	0.97651
133	116	0.982303
133	129	1.8372
133	132	2.88845
133	138	0.898174
133	139	0.9131
133	140	0.862199
133	141	0.932178
133	143	0.918132
133	153	0.920413
133	154	0.896219
133	155	0.904396
133	157	0.847928
133	158	0.881813
133	159	0.893053
133	160	0.857293
133	161	0.83729
133	162	0.895597
133	163	0.894513
133	164	0.873274
133	165	0.846725
133	166	0.835404
133	167	0.872707
133	171	0.824869
133	172	0.862978
133	173	0.851636
133	174	0.849904
133	176	0.850579
133	177	0.82146
133	178	0.852887
133	179	0.852705
133	180	0.842674
134	19	1.17359
134	25	1.1555
134	40	1.415
134	48	1.50297
134	49	0.640535
134	72	1.12762
134	87	0.944274
134	121	1.08577
134	122	0.959074
134	123	1.0579
134	135	1.02802
134	137	1.04803
134	138	0.995188
134	140	0.959213
134	143	1.01515
134	146	0.0289236
134	147	0.95843
134	149	0.961537
134	150	0.967407
134	152	0.996645
134	154	0.993233
134	155	1.00141
134	158	0.978827
134	162	0.992611
134	163	0.991527
134	164	0.970288
134	165	0.943739
134	166	0.932417
134	167	0.969721
134	169	0.917633
