1	10	1.26307
1	23	1.12532
1	24	1.23427
1	26	0.51682
1	37	1.32676
1	39	1.17206
1	40	1.17206
1	49	1.14632
1	52	1.14643
1	154	0.769938
1	165	0.89336
1	178	0.923777
2	17	0.998624
2	34	1.08692
2	45	1.01546
2	56	1.2308
2	59	1.09628
2	119	1.04615
2	126	1.08375
2	127	1.08769
2	143	0.670527
2	156	0.97397
2	168	1.24589
2	171	1.01886
3	5	0.904119
3	7	0.917922
3	11	1.04724
3	50	1.04287
3	53	0.887771
3	57	1.00113
3	58	1.00055
3	65	0.958921
3	128	0.959137
3	145	1.38549
3	147	1.38008
3	177	0.931165
4	9	1.10228
4	18	0.986016
4	36	1.03335
4	43	1.03625
4	46	0.998837
4	47	1.11684
4	54	1.08056
4	55	1.08122
4	67	1.16163
4	80	0.842368
4	163	1.20448
4	178	0.862525
5	3	0.904119
5	7	1.03453
5	15	1.2082
5	50	1.15948
5	53	1.00438
5	58	1.11715
5	65	1.07553
5	76	0.816639
5	128	1.07574
5	167	0.911446
5	171	1.19329
5	177	1.04777
6	34	1.09618
6	45	1.02472
6	56	1.24006
6	95	1.21123
6	119	1.05541
6	126	1.09301
6	127	1.09695
6	149	0.899148
6	156	0.98323
6	165	0.939192
6	177	0.899361
7	3	0.917922
7	5	1.03453
7	50	1.17328
7	53	1.01818
7	58	1.13095
7	65	1.08933
7	89	1.09808
7	109	0.889022
7	112	0.874068
7	128	1.08955
7	172	1.158
7	177	1.06157
8	10	1.24292
8	13	1.27601
8	37	1.30661
8	39	1.15191
8	40	1.15191
8	49	1.12616
8	52	1.12628
8	106	1.21464
8	112	0.664031
8	146	0.635448
8	152	0.578992
8	168	1.2114
9	4	1.10228
9	42	1.26729
9	43	1.15609
9	46	1.11868
9	47	1.23668
9	54	1.2004
9	55	1.20107
9	67	1.28148
9	134	0.587229
9	146	0.56428
9	154	0.631061
9	176	1.3236
10	1	1.26307
10	8	1.24292
10	24	1.21348
10	37	1.30598
10	39	1.15127
10	40	1.15127
10	49	1.12553
10	52	1.12565
10	76	0.705123
10	81	0.861745
10	101	0.726996
10	141	0.786922
11	3	1.04724
11	50	1.3026
11	53	1.1475
11	58	1.26027
11	65	1.21865
11	89	1.2274
11	128	1.21886
11	160	0.743973
11	161	0.754858
11	166	0.877375
11	167	0.718704
11	177	1.19089
12	123	1.21901
12	125	1.20279
12	133	0.579262
12	138	1.23034
12	147	1.20791
12	148	1.23376
12	150	1.22226
12	164	1.20836
12	166	0.838405
12	172	0.925171
12	177	0.763029
12	179	1.05991
13	8	1.27601
13	23	1.13762
13	24	1.24657
13	39	1.18436
13	40	1.18436
13	49	1.15862
13	52	1.15873
13	106	1.24709
13	145	0.707915
13	146	0.637012
13	154	0.703792
13	175	1.06714
14	22	0.439606
14	113	1.22427
14	131	1.21619
14	136	1.19748
14	144	1.23258
14	148	1.2325
14	150	1.22099
14	164	1.2071
14	167	0.805064
14	177	0.888358
14	178	0.958606
14	179	1.05864
15	5	1.2082
15	50	1.34696
15	53	1.19186
15	58	1.30463
15	65	1.263
15	81	0.741386
15	103	0.670274
15	128	1.26322
15	149	0.762652
15	161	0.715724
15	177	1.23525
16	21	1.14145
16	41	1.04981
16	48	1.00938
16	63	1.05309
16	68	1.02296
16	73	1.09007
16	74	1.09049
16	95	0.608216
16	118	0.876471
16	119	1.03438
16	130	1.10896
16	179	1.4587
17	2	0.998624
17	29	1.08607
17	34	1.07547
17	56	1.21935
17	59	1.08483
17	119	1.03471
17	126	1.0723
17	127	1.07624
17	152	0.769305
17	156	0.962521
17	158	1.12402
17	178	1.04638
18	4	0.986016
18	31	1.06715
18	36	1.03693
18	43	1.03983
18	46	1.00242
18	47	1.12042
18	54	1.08414
18	55	1.08481
18	67	1.16522
18	140	0.87719
18	159	0.937046
18	178	1.13359
19	76	0.676477
19	86	1.06654
19	124	1.09494
19	136	1.07341
19	139	1.1052
19	144	1.10851
19	148	1.10842
19	150	1.09692
19	158	1.01375
19	172	1.01672
19	173	1.23478
19	179	0.934565
20	54	1.06214
20	72	0.986227
20	77	0.955325
20	79	1.01675
20	83	1.01661
20	124	1.05138
20	137	1.03243
20	147	0.97968
20	167	0.973001
20	171	0.900379
20	178	0.913595
20	180	0.829073
21	16	1.14145
21	32	1.22389
21	48	1.1643
21	63	1.20801
21	68	1.17788
21	73	1.24499
21	74	1.24541
21	100	0.558098
21	119	1.1893
21	145	0.728329
21	171	1.00635
21	177	0.807797
22	14	0.439606
22	39	0.535236
22	55	0.339345
22	72	0.570839
22	157	1.21503
22	160	1.28376
22	168	1.16254
22	174	1.22225
22	175	1.18564
22	176	1.13113
22	178	1.23242
22	180	1.1479
23	1	1.12532
23	13	1.13762
23	24	1.07573
23	37	1.16823
23	39	1.01352
23	40	1.01352
23	49	0.987779
23	52	0.987896
23	106	1.07625
23	158	1.07939
23	162	0.860867
23	166	1.00687
24	1	1.23427
24	10	1.21348
24	13	1.24657
24	23	1.07573
24	39	1.12247
24	40	1.12247
24	49	1.09673
24	52	1.09685
24	106	1.1852
24	133	0.655611
24	143	0.689598
24	152	0.632551
24	179	1.32368
25	75	1.18575
25	98	1.13391
25	107	1.16166
25	117	1.18791
25	121	0.700861
25	123	1.14721
25	125	1.131
25	130	1.19906
25	147	1.13612
25	152	0.702029
25	154	0.825265
25	156	1.05634
25	164	1.13657
26	1	0.51682
26	94	0.568973
26	104	0.592965
26	108	1.26948
26	139	0.399313
26	152	1.27613
26	165	1.19657
26	168	1.08983
26	169	1.15496
26	170	1.10725
26	173	1.10149
26	175	1.11294
26	180	1.07519
27	104	1.1385
27	112	0.671105
27	116	1.21711
27	132	1.19591
27	135	1.16619
27	138	1.17277
27	144	1.17628
27	148	1.1762
27	150	1.16469
27	159	0.666601
27	161	0.745753
27	168	1.21848
27	179	1.00234
28	32	1.16569
28	41	1.14653
28	48	1.1061
28	63	1.14981
28	68	1.11968
28	73	1.18679
28	74	1.18721
28	96	0.695431
28	100	0.520142
28	103	0.67725
28	119	1.1311
28	130	1.20568
28	176	1.37879
29	17	1.08607
29	34	1.17436
29	45	1.10291
29	56	1.31825
29	59	1.18373
29	119	1.1336
29	126	1.17119
29	127	1.17514
29	140	0.772782
29	143	0.809151
29	147	0.874059
29	154	0.87534
29	156	1.06142
30	35	1.15101
30	38	1.13202
30	51	1.22775
30	62	1.15861
30	69	1.12833
30	72	1.14602
30	77	1.11512
30	79	1.17655
30	83	1.1764
30	147	0.596236
30	154	0.597517
30	156	0.828593
30	176	1.29006
31	18	1.06715
31	36	1.11448
31	42	1.22858
31	43	1.11738
31	46	1.07997
31	47	1.19797
31	54	1.16169
31	55	1.16236
31	67	1.24276
31	145	0.713253
31	153	0.70781
31	157	1.03244
31	178	0.862969
32	21	1.22389
32	28	1.16569
32	41	1.13225
32	48	1.09182
32	63	1.13553
32	68	1.1054
32	73	1.17252
32	74	1.17293
32	111	0.558325
32	130	1.19141
32	153	0.741288
32	169	0.969274
32	171	1.02475
33	35	1.0338
33	51	1.11055
33	62	1.04141
33	69	1.01113
33	72	1.02882
33	77	0.99792
33	79	1.05935
33	83	1.0592
33	96	1.01259
33	118	0.834863
33	127	1.05217
33	142	0.901349
33	179	1.4171
34	2	1.08692
34	6	1.09618
34	17	1.07547
34	29	1.17436
34	45	1.0923
34	59	1.17312
34	82	0.810532
34	119	1.123
34	121	0.802956
34	126	1.16059
34	127	1.16453
34	145	0.931484
34	156	1.05081
34	162	0.940322
35	30	1.15101
35	33	1.0338
35	38	1.10959
35	62	1.13618
35	69	1.1059
35	72	1.12359
35	77	1.09269
35	79	1.15412
35	83	1.15397
35	87	0.807324
35	90	0.726517
35	127	1.14694
35	153	0.862848
35	174	1.09904
36	4	1.03335
36	18	1.03693
36	31	1.11448
36	42	1.19837
36	43	1.08717
36	46	1.04975
36	47	1.16775
36	54	1.13148
36	55	1.13214
36	67	1.21255
36	121	0.778876
36	129	1.09443
36	140	0.800723
36	146	0.8365
37	1	1.32676
37	8	1.30661
37	10	1.30598
37	23	1.16823
37	39	1.21497
37	40	1.21497
37	49	1.18922
37	52	1.18934
37	81	0.764529
37	106	1.2777
37	111	0.518133
37	145	0.70654
37	165	0.825839
37	166	0.861384
38	30	1.13202
38	35	1.10959
38	51	1.18633
38	62	1.11719
38	69	1.08691
38	72	1.10461
38	77	1.0737
38	79	1.13513
38	83	1.13498
38	101	0.722598
38	109	0.771992
38	121	0.670831
38	127	1.12795
38	168	1.30441
39	1	1.17206
39	8	1.15191
39	10	1.15127
39	13	1.18436
39	22	0.535236
39	23	1.01352
39	24	1.12247
39	37	1.21497
39	49	1.03452
39	52	1.03464
39	96	0.909578
39	106	1.12299
39	154	0.900397
39	177	0.983988
40	1	1.17206
40	8	1.15191
40	10	1.15127
40	13	1.18436
40	23	1.01352
40	24	1.12247
40	37	1.21497
40	49	1.03452
40	52	1.03464
40	81	0.768039
40	106	1.12299
40	121	0.581523
40	156	0.937002
40	163	1.20172
41	16	1.04981
41	28	1.14653
41	32	1.13225
41	48	1.07266
41	63	1.11637
41	68	1.08624
41	73	1.15335
41	74	1.15377
41	119	1.09766
41	130	1.17224
41	141	0.662531
41	157	0.998555
41	159	0.632541
41	179	1.24313
42	9	1.26729
42	31	1.22858
42	36	1.19837
42	43	1.20127
42	46	1.16385
42	47	1.28185
42	54	1.24558
42	55	1.24624
42	67	1.32665
42	118	0.377168
42	163	0.887305
42	173	0.855305
42	174	0.626382
42	179	0.9594
43	4	1.03625
43	9	1.15609
43	18	1.03983
43	31	1.11738
43	36	1.08717
43	42	1.20127
43	46	1.05265
43	54	1.13438
43	55	1.13504
43	67	1.21545
43	142	0.751597
43	154	0.699455
43	158	0.930938
43	170	1.16533
44	64	1.09301
44	75	1.1185
44	91	1.09749
44	107	1.09441
44	114	1.07703
44	117	1.12066
44	123	1.07996
44	125	1.06375
44	141	1.10747
44	146	1.11565
44	151	0.928652
44	158	0.9566
44	164	1.06932
44	166	0.884084
44	174	0.959987
45	2	1.01546
45	6	1.02472
45	29	1.10291
45	34	1.0923
45	56	1.23619
45	59	1.10166
45	95	1.20735
45	100	0.634031
45	119	1.05154
45	126	1.08913
45	127	1.09308
45	137	0.773438
45	141	0.787427
45	156	0.979356
45	176	1.49268
46	4	0.998837
46	9	1.11868
46	18	1.00242
46	31	1.07997
46	36	1.04975
46	42	1.16385
46	43	1.05265
46	47	1.13324
46	54	1.09696
46	55	1.09763
46	67	1.17804
46	90	0.679625
46	109	0.794033
46	160	0.842842
46	179	1.38516
47	4	1.11684
47	9	1.23668
47	18	1.12042
47	31	1.19797
47	36	1.16775
47	42	1.28185
47	46	1.13324
47	54	1.21496
47	55	1.21563
47	67	1.29604
47	87	0.658488
47	134	0.6715
47	151	0.918867
47	155	0.903275
47	160	0.740898
48	16	1.00938
48	21	1.1643
48	28	1.1061
48	32	1.09182
48	41	1.07266
48	63	1.07594
48	68	1.04581
48	73	1.11292
48	74	1.11334
48	119	1.05723
48	130	1.13182
48	137	0.817693
48	159	0.801693
48	161	0.880844
48	175	1.20775
49	1	1.14632
49	8	1.12616
49	10	1.12553
49	13	1.15862
49	23	0.987779
49	24	1.09673
49	37	1.18922
49	39	1.03452
49	40	1.03452
49	52	1.00889
49	80	1.05558
49	100	0.755788
49	106	1.09725
49	109	0.898652
49	160	0.947461
50	3	1.04287
50	5	1.15948
50	7	1.17328
50	11	1.3026
50	15	1.34696
50	53	1.14313
50	65	1.21428
50	89	1.22303
50	96	0.606281
50	128	1.2145
50	141	0.584389
50	160	0.622666
50	168	1.10628
50	175	0.960453
50	177	1.18652
51	30	1.22775
51	33	1.11055
51	38	1.18633
51	62	1.21292
51	69	1.18264
51	77	1.16943
51	79	1.23086
51	83	1.23071
51	92	1.23321
51	127	1.22368
51	147	0.558573
51	157	0.883166
51	158	0.791337
51	165	0.683277
51	170	1.02573
52	1	1.14643
52	8	1.12628
52	10	1.12565
52	13	1.15873
52	23	0.987896
52	24	1.09685
52	37	1.18934
52	39	1.03464
52	40	1.03464
52	49	1.00889
52	87	0.682482
52	106	1.09737
52	161	0.775777
52	163	1.23512
52	171	1.02147
53	3	0.887771
53	5	1.00438
53	7	1.01818
53	11	1.1475
53	15	1.19186
53	50	1.14313
53	57	1.10139
53	58	1.1008
53	65	1.05918
53	82	0.783029
53	89	1.06793
53	95	0.617258
53	128	1.05939
53	151	1.10339
53	163	1.39565
53	177	1.03142
54	4	1.08056
54	9	1.2004
54	18	1.08414
54	20	1.06214
54	31	1.16169
54	36	1.13148
54	42	1.24558
54	43	1.13438
54	46	1.09696
54	47	1.21496
54	55	1.17935
54	67	1.25976
54	84	0.347131
54	137	0.740235
54	143	0.700747
54	153	0.765616
55	4	1.08122
55	9	1.20107
55	18	1.08481
55	22	0.339345
55	31	1.16236
55	36	1.13214
55	42	1.24624
55	43	1.13504
55	46	1.09763
55	47	1.21563
55	54	1.17935
55	67	1.26042
55	141	0.691795
55	169	0.931171
55	173	1.1683
55	177	0.788097
56	2	1.2308
56	6	1.24006
56	17	1.21935
56	29	1.31825
56	45	1.23619
56	59	1.31701
56	95	1.42269
56	126	1.30448
56	127	1.30842
56	137	0.557324
56	143	0.517836
56	156	1.1947
56	158	0.815508
56	159	0.541324
56	169	0.810691
56	170	1.0499
57	3	1.00113
57	53	1.10139
57	58	1.21416
57	65	1.17254
57	66	1.20596
57	68	1.13707
57	73	1.20418
57	74	1.2046
57	128	1.17275
57	130	1.22307
57	142	0.58705
57	145	0.539031
57	158	0.766391
57	177	1.14478
57	179	1.1028
57	180	1.13363
58	3	1.00055
58	5	1.11715
58	7	1.13095
58	11	1.26027
58	15	1.30463
58	53	1.1008
58	57	1.21416
58	65	1.17195
58	89	1.1807
58	128	1.17217
58	155	0.873261
58	159	0.642616
58	162	0.69828
58	175	1.04867
58	177	1.1442
58	178	0.839157
59	2	1.09628
59	17	1.08483
59	29	1.18373
59	34	1.17312
59	45	1.10166
59	56	1.31701
59	71	0.527202
59	95	1.28817
59	119	1.13236
59	126	1.16995
59	127	1.1739
59	153	0.700281
59	154	0.701602
59	156	1.06018
59	168	1.21078
59	174	0.936471
60	79	0.639258
60	98	0.69457
60	122	0.58692
60	145	1.15052
60	148	0.582849
60	163	1.02832
60	165	1.12386
60	166	1.10263
60	167	1.14641
60	170	1.03455
60	172	1.06839
60	173	1.02878
60	176	0.985717
60	178	1.087
60	179	1.00508
60	180	1.00248
61	88	0.676096
61	99	1.16661
61	138	0.640062
61	150	0.567797
61	159	1.17608
61	164	0.604909
61	167	1.13739
61	169	1.07324
61	171	1.06477
61	172	1.05937
61	173	1.01976
61	175	1.03121
61	176	0.9767
61	178	1.07798
61	179	0.996063
61	180	0.993463
62	30	1.15861
62	33	1.04141
62	35	1.13618
62	38	1.11719
62	51	1.21292
62	69	1.1135
62	72	1.1312
62	77	1.1003
62	79	1.16172
62	83	1.16158
62	96	1.11496
62	109	0.603899
62	127	1.15455
62	141	0.61443
62	161	0.663592
62	179	1.19503
62	180	1.22587
63	16	1.05309
63	21	1.20801
63	28	1.14981
63	32	1.13553
63	41	1.11637
63	48	1.07594
63	66	1.15841
63	68	1.08952
63	73	1.15663
63	74	1.15705
63	87	0.698999
63	97	0.578115
63	119	1.10094
63	130	1.17552
63	134	0.712012
63	149	0.839222
63	176	1.44838
64	44	1.09301
64	78	1.15359
64	85	1.12749
64	97	0.74437
64	102	1.12906
64	107	1.15521
64	109	1.13771
64	114	1.13783
64	117	1.18146
64	123	1.14076
64	125	1.12454
64	133	0.821923
64	134	0.878267
64	137	0.895397
64	147	1.12966
64	164	1.13011
64	167	0.922395
65	3	0.958921
65	5	1.07553
65	7	1.08933
65	11	1.21865
65	15	1.263
65	50	1.21428
65	53	1.05918
65	57	1.17254
65	58	1.17195
65	89	1.13908
65	95	0.536271
65	108	0.703379
65	128	1.13054
65	146	0.75209
65	163	1.31466
65	177	1.10257
65	178	0.972709
66	57	1.20596
66	63	1.15841
66	68	1.12828
66	73	1.19539
66	74	1.1958
66	84	0.742828
66	92	0.361851
66	97	1.24883
66	98	0.530783
66	127	0.514504
66	130	1.21428
66	131	0.434972
66	170	1.0328
66	172	1.06664
66	175	1.03848
66	178	1.08526
66	180	1.00073
67	4	1.16163
67	9	1.28148
67	18	1.16522
67	31	1.24276
67	36	1.21255
67	42	1.32665
67	43	1.21545
67	46	1.17804
67	47	1.29604
67	54	1.25976
67	55	1.26042
67	129	0.759151
67	137	0.541297
67	140	0.465441
67	147	0.566717
67	170	1.03388
67	179	1.13589
68	16	1.02296
68	21	1.17788
68	28	1.11968
68	32	1.1054
68	41	1.08624
68	48	1.04581
68	57	1.13707
68	63	1.08952
68	66	1.12828
68	73	1.1265
68	74	1.12692
68	99	0.830406
68	111	0.72217
68	112	0.868257
68	119	1.07081
68	130	1.1454
68	167	0.906751
68	169	1.13312
69	30	1.12833
69	33	1.01113
69	35	1.1059
69	38	1.08691
69	51	1.18264
69	62	1.1135
69	72	1.10092
69	77	1.07002
69	79	1.13144
69	83	1.1313
69	92	1.1338
69	96	1.08468
69	111	0.692101
69	121	0.75198
69	127	1.12427
69	151	1.07992
69	159	0.833682
69	174	1.11125
70	91	1.21423
70	98	1.1834
70	102	1.18501
70	107	1.21116
70	112	0.731726
70	114	1.19378
70	117	1.23741
70	123	1.19671
70	125	1.18049
70	140	0.667366
70	141	1.22421
70	143	0.703734
70	146	1.2324
70	147	1.18561
70	153	0.768603
70	158	1.00141
70	160	0.795489
70	164	1.18606
71	59	0.527202
71	98	0.619797
71	104	0.671684
71	119	0.467874
71	126	0.60663
71	140	1.27024
71	152	1.22245
71	153	1.16648
71	161	1.15305
71	169	1.10128
71	170	1.05358
71	173	1.04781
71	174	1.09586
71	175	1.05926
71	176	1.00474
71	177	1.15676
71	179	1.02411
71	180	1.02151
72	20	0.986227
72	22	0.570839
72	30	1.14602
72	33	1.02882
72	35	1.12359
72	38	1.10461
72	62	1.1312
72	69	1.10092
72	77	1.08771
72	79	1.14914
72	83	1.14899
72	92	1.15149
72	96	1.10238
72	127	1.14196
72	152	0.812764
72	153	0.934679
72	162	0.948961
72	177	1.01959
73	16	1.09007
73	21	1.24499
73	28	1.18679
73	32	1.17252
73	41	1.15335
73	48	1.11292
73	57	1.20418
73	63	1.15663
73	66	1.19539
73	68	1.1265
73	74	1.19403
73	112	0.764804
73	119	1.13793
73	130	1.21251
73	142	0.855143
73	147	0.80172
73	152	0.679765
73	161	0.839451
73	165	0.926423
74	16	1.09049
74	21	1.24541
74	28	1.18721
74	32	1.17293
74	41	1.15377
74	48	1.11334
74	57	1.2046
74	63	1.15705
74	66	1.1958
74	68	1.12692
74	73	1.19403
74	119	1.13834
74	130	1.21292
74	145	0.564094
74	155	0.747914
74	158	0.791454
74	173	1.02376
74	177	0.643562
74	179	1.12786
75	25	1.18575
75	44	1.1185
75	98	1.15294
75	102	1.15455
75	107	1.1807
75	114	1.16332
75	117	1.20695
75	123	1.16625
75	125	1.15003
75	126	1.18111
75	133	0.535866
75	141	1.19375
75	142	0.688184
75	146	1.20194
75	149	0.71942
75	164	1.1556
75	171	0.918186
75	178	0.789881
75	180	1.23477
76	5	0.816639
76	10	0.705123
76	19	0.676477
76	127	0.683407
76	129	1.10478
76	139	0.557921
76	140	1.26199
76	142	1.17296
76	156	1.08005
76	157	1.0804
76	163	1.03911
76	165	1.13464
76	168	1.02791
76	172	1.07918
76	173	1.03957
76	175	1.05102
76	176	0.996504
76	178	1.09779
76	180	1.01327
77	20	0.955325
77	30	1.11512
77	33	0.99792
77	35	1.09269
77	38	1.0737
77	51	1.16943
77	62	1.1003
77	69	1.07002
77	72	1.08771
77	79	1.11823
77	83	1.11809
77	92	1.12059
77	96	1.07147
77	127	1.11106
77	149	0.754225
77	171	0.952991
77	174	0.905717
77	178	0.824686
77	180	1.26957
78	64	1.15359
78	80	0.953441
78	85	1.12728
78	91	1.15807
78	98	1.12724
78	102	1.12885
78	103	0.81076
78	107	1.155
78	114	1.13762
78	118	0.805415
78	123	1.14055
78	125	1.12433
78	126	1.1554
78	130	1.19239
78	133	0.719584
78	146	1.17624
78	147	1.12945
78	149	0.903138
78	162	0.832721
78	164	1.1299
79	20	1.01675
79	30	1.17655
79	33	1.05935
79	35	1.15412
79	38	1.13513
79	51	1.23086
79	60	0.639258
79	62	1.16172
79	69	1.13144
79	72	1.14914
79	77	1.11823
79	83	1.17951
79	92	1.18202
79	96	1.1329
79	101	0.666247
79	120	0.756069
79	127	1.17249
79	145	0.743007
79	152	0.615648
79	176	1.43142
80	4	0.842368
80	49	1.05558
80	78	0.953441
80	81	1.07898
80	86	0.995788
80	145	1.04901
80	151	1.00495
80	155	1.01652
80	158	0.98276
80	160	1.03683
80	161	1.03251
80	162	1.04388
80	163	0.926813
80	165	1.02235
80	166	1.00112
80	167	1.0449
80	171	0.972277
80	172	0.96688
80	176	0.884208
80	180	0.900972
81	10	0.861745
81	15	0.741386
81	37	0.764529
81	40	0.768039
81	80	1.07898
81	107	0.682908
81	118	1.17382
81	153	1.12728
81	155	1.09786
81	157	1.04944
81	162	1.12522
81	167	1.12624
81	170	1.01438
81	171	1.05362
81	172	1.04822
81	173	1.00861
81	174	1.05667
81	176	0.96555
81	178	1.06683
81	180	0.982313
82	34	0.810532
82	53	0.783029
82	90	1.19056
82	102	0.662244
82	123	0.62019
82	142	1.14041
82	151	1.08469
82	154	1.15253
82	155	1.09626
82	160	1.11658
82	163	1.00656
82	164	0.602829
82	165	1.10209
82	170	1.01278
82	171	1.05202
82	173	1.00701
82	174	1.05507
82	175	1.01846
82	176	0.963951
82	180	0.980714
83	20	1.01661
83	30	1.1764
83	33	1.0592
83	35	1.15397
83	38	1.13498
83	51	1.23071
83	62	1.16158
83	69	1.1313
83	72	1.14899
83	77	1.11809
83	79	1.17951
83	92	1.18187
83	95	0.492739
83	96	1.13275
83	120	0.792524
83	127	1.17234
83	161	0.811789
83	166	0.934306
83	172	1.02107
83	174	1.01021
84	54	0.347131
84	66	0.742828
84	103	0.997241
84	105	1.16388
84	106	1.13651
84	108	0.890749
84	110	1.1888
84	115	1.1858
84	116	1.16317
84	122	1.1288
84	132	1.14197
84	135	1.11225
84	136	1.08725
84	138	1.11884
84	144	1.12235
84	148	1.12226
84	150	1.11075
84	152	0.883005
84	164	1.09686
84	167	1.00654
84	179	0.948402
85	64	1.12749
85	78	1.12728
85	91	1.13196
85	95	0.616361
85	98	1.10113
85	102	1.10275
85	109	1.11139
85	114	1.11151
85	117	1.15514
85	123	1.11444
85	125	1.09822
85	126	1.1293
85	130	1.16628
85	141	1.14194
85	143	0.832771
85	147	1.10334
85	153	0.89764
85	158	1.13044
85	159	0.856259
85	161	0.935411
85	164	1.10379
86	19	1.06654
86	80	0.995788
86	94	1.10015
86	96	0.871288
86	97	0.684378
86	110	1.18188
86	115	1.17888
86	122	1.12188
86	124	1.10185
86	131	1.09903
86	135	1.10533
86	136	1.08032
86	138	1.11191
86	139	1.11212
86	144	1.11542
86	145	1.08692
86	148	1.11534
86	150	1.10383
86	152	0.738871
86	156	1.09318
86	162	0.875068
86	179	0.941477
87	35	0.807324
87	47	0.658488
87	52	0.682482
87	63	0.698999
87	107	0.563951
87	120	1.15947
87	150	0.625701
87	152	1.21611
87	154	1.18698
87	156	1.08195
87	160	1.15103
87	162	1.15807
87	163	1.04101
87	165	1.13654
87	166	1.11531
87	168	1.02981
87	170	1.04723
87	173	1.04146
87	174	1.08952
87	176	0.998401
87	178	1.09969
87	180	1.01516
88	61	0.676096
88	104	1.08513
88	113	1.11461
88	115	1.18637
88	122	1.12937
88	124	1.10934
88	132	1.14254
88	134	0.747012
88	135	1.11282
88	136	1.08782
88	138	1.1194
88	144	1.12292
88	148	1.12283
88	149	1.09073
88	150	1.11132
88	158	1.02816
88	159	0.748142
88	161	0.827294
88	164	1.09743
88	172	1.03658
88	173	1.25464
88	179	0.948969
89	7	1.09808
89	11	1.2274
89	50	1.22303
89	53	1.06793
89	58	1.1807
89	65	1.13908
89	94	0.682323
89	106	0.485825
89	115	0.530285
89	117	0.459666
89	123	0.597251
89	125	0.566119
89	128	1.1393
89	152	1.17701
89	160	1.11193
89	163	1.00191
89	169	1.05584
89	174	1.05042
89	176	0.959304
89	177	1.11132
89	178	1.06059
89	180	0.976068
90	35	0.726517
90	46	0.679625
90	82	1.19056
90	91	0.653932
90	116	0.48233
90	135	0.562225
90	151	1.11812
90	152	1.21509
90	153	1.15912
90	155	1.12969
90	161	1.14568
90	163	1.03999
90	164	0.582006
90	165	1.13552
90	167	1.15807
90	168	1.02879
90	170	1.04621
90	173	1.04044
90	175	1.0519
90	176	0.997382
90	178	1.09867
90	180	1.01415
91	44	1.09749
91	70	1.21423
91	78	1.15807
91	85	1.13196
91	90	0.653932
91	98	1.13193
91	102	1.13354
91	107	1.15968
91	114	1.1423
91	117	1.18593
91	120	0.808768
91	123	1.14524
91	125	1.12902
91	126	1.16009
91	133	0.691407
91	141	1.17274
91	145	0.795706
91	146	1.18092
91	147	1.13414
91	160	0.817148
91	164	1.13459
91	166	0.95055
91	178	0.945421
92	51	1.23321
92	66	0.361851
92	69	1.1338
92	72	1.15149
92	77	1.12059
92	79	1.18202
92	83	1.18187
92	96	1.13526
92	104	1.1331
92	113	1.16257
92	127	1.17484
92	135	1.16078
92	136	1.13578
92	139	1.16758
92	140	0.522706
92	148	1.17079
92	150	1.15929
92	165	0.748686
92	169	0.851929
92	170	1.09114
92	171	0.907407
92	179	0.996937
92	180	1.22399
93	94	1.15576
93	105	1.21257
93	113	1.16273
93	122	1.17749
93	124	1.15746
93	131	1.15464
93	132	1.19066
93	135	1.16094
93	136	1.13594
93	138	1.16753
93	139	1.16773
93	144	1.17104
93	147	0.652174
93	148	1.17095
93	150	1.15944
93	154	0.653455
93	156	0.88453
93	157	0.976767
93	158	1.07628
93	163	1.14925
93	166	0.812422
93	177	0.737046
93	179	0.99709
94	26	0.568973
94	86	1.10015
94	89	0.682323
94	93	1.15576
94	99	0.746043
94	110	1.20858
94	113	1.13381
94	116	1.18294
94	124	1.12855
94	128	1.12881
94	131	1.12573
94	132	1.16175
94	136	1.10702
94	138	1.13861
94	139	1.13882
94	144	1.14212
94	148	1.14203
94	150	1.13053
94	153	0.82077
94	164	1.11663
94	166	0.981058
94	167	0.822388
94	169	1.04876
94	179	0.968177
95	6	1.21123
95	16	0.608216
95	45	1.20735
95	53	0.617258
95	56	1.42269
95	59	1.28817
95	65	0.536271
95	83	0.492739
95	85	0.616361
95	110	0.397204
95	119	1.23805
95	124	0.473586
95	126	1.27564
95	127	1.27958
95	132	0.317748
95	154	1.2709
95	156	1.16586
95	161	1.23062
95	167	1.24301
95	172	1.16499
95	176	1.08232
95	178	1.1836
95	180	1.09908
96	28	0.695431
96	33	1.01259
96	39	0.909578
96	50	0.606281
96	62	1.11496
96	69	1.08468
96	72	1.10238
96	77	1.07147
96	79	1.1329
96	83	1.13275
96	86	0.871288
96	92	1.13526
96	110	0.688985
96	133	1.14668
96	144	0.664603
96	153	1.09019
96	161	1.07676
96	166	1.04537
96	167	1.08915
96	173	0.971519
96	174	1.01958
96	175	0.982971
96	178	1.02974
96	180	0.945222
97	63	0.578115
97	64	0.74437
97	66	1.24883
97	86	0.684378
97	111	1.26786
97	115	0.492324
97	125	0.528158
97	131	0.520656
97	152	1.25334
97	156	1.11918
97	157	1.11953
97	163	1.07824
97	164	0.541928
97	166	1.15255
97	168	1.06705
97	169	1.13217
97	170	1.08447
97	171	1.12371
97	173	1.0787
97	174	1.12676
97	175	1.09015
97	176	1.03564
97	178	1.13692
97	180	1.0524
98	25	1.13391
98	60	0.69457
98	66	0.530783
98	70	1.1834
98	71	0.619797
98	75	1.15294
98	78	1.12724
98	85	1.10113
98	91	1.13193
98	102	1.10271
98	107	1.12885
98	114	1.11147
98	117	1.1551
98	118	0.779851
98	123	1.1144
98	125	1.09818
98	130	1.16625
98	141	1.14191
98	146	1.15009
98	147	1.10331
98	153	0.792875
98	161	0.830646
98	164	1.10376
98	173	1.25799
99	61	1.16661
99	68	0.830406
99	94	0.746043
99	105	0.599152
99	135	0.623828
99	138	0.678762
99	146	1.17485
99	148	0.606426
99	153	1.12242
99	157	1.04459
99	159	1.16007
99	162	1.12036
99	163	1.0033
99	166	1.0776
99	167	1.12138
99	168	0.992101
99	169	1.05723
99	171	1.04876
99	172	1.04336
99	173	1.00375
99	175	1.0152
99	176	0.960691
99	178	1.06198
99	180	0.977455
100	21	0.558098
100	28	0.520142
100	45	0.634031
100	49	0.755788
100	104	0.679975
100	110	0.513696
100	127	0.611809
100	134	1.20996
100	140	1.27526
100	142	1.18623
100	155	1.14208
100	159	1.20915
100	160	1.1624
100	161	1.15807
100	162	1.16944
100	165	1.14791
100	168	1.04118
100	169	1.10631
100	170	1.0586
100	171	1.09784
100	174	1.10089
100	175	1.06429
100	176	1.00977
100	180	1.02654
101	10	0.726996
101	38	0.722598
101	79	0.666247
101	124	0.683549
101	125	0.633249
101	142	1.16605
101	151	1.11033
101	161	1.1379
101	162	1.14926
101	163	1.0322
101	164	0.64702
101	166	1.10651
101	167	1.15029
101	168	1.021
101	169	1.08613
101	171	1.07766
101	172	1.07227
101	173	1.03266
101	174	1.08071
101	175	1.04411
101	176	0.989595
101	178	1.09088
101	180	1.00636
102	64	1.12906
102	70	1.18501
102	75	1.15455
102	78	1.12885
102	82	0.662244
102	85	1.10275
102	91	1.13354
102	98	1.10271
102	107	1.13047
102	108	0.66358
102	109	1.11297
102	114	1.11308
102	117	1.15672
102	123	1.11602
102	125	1.0998
102	126	1.13087
102	141	1.14352
102	146	1.1517
102	151	0.982606
102	160	0.804637
102	164	1.10537
102	166	0.938039
102	167	0.779369
102	174	1.01394
103	15	0.670274
103	28	0.67725
103	78	0.81076
103	84	0.997241
103	112	1.14065
103	119	0.633274
103	129	1.05832
103	137	1.17016
103	142	1.12651
103	144	0.646422
103	159	1.14942
103	160	1.10267
103	161	1.09835
103	163	0.99265
103	165	1.08819
103	167	1.11074
103	168	0.981455
103	169	1.04658
103	172	1.03272
103	173	0.993107
103	177	1.10207
103	178	1.05133
103	179	0.969409
103	180	0.966809
104	26	0.592965
104	27	1.1385
104	71	0.671684
104	88	1.08513
104	92	1.1331
104	100	0.679975
104	105	1.16114
104	113	1.1113
104	115	1.18306
104	116	1.16043
104	122	1.12606
104	129	1.03723
104	131	1.10321
104	135	1.10951
104	138	1.1161
104	139	1.1163
104	144	1.11961
104	146	0.779302
104	148	1.11952
104	149	1.08742
104	150	1.10801
104	162	0.859044
104	164	1.09412
104	172	1.09182
104	179	0.945662
105	84	1.16388
105	93	1.21257
105	99	0.599152
105	104	1.16114
105	108	0.559709
105	110	1.26538
105	124	1.18535
105	131	1.18253
105	132	1.21855
105	135	1.18883
105	136	1.16383
105	137	0.648499
105	139	1.19562
105	144	1.19892
105	145	1.17042
105	148	1.19884
105	150	1.18733
105	158	1.10417
105	164	1.17344
105	165	0.798623
105	172	0.920933
105	174	0.91007
105	175	1.03855
105	177	0.758792
105	179	1.02498
106	8	1.21464
106	13	1.24709
106	23	1.07625
106	24	1.1852
106	37	1.2777
106	39	1.12299
106	40	1.12299
106	49	1.09725
106	52	1.09737
106	84	1.13651
106	89	0.485825
106	109	0.602349
106	115	1.23501
106	124	1.15799
106	131	1.15516
106	132	1.19118
106	135	1.16146
106	139	1.16825
106	147	0.624311
106	150	1.15996
106	151	0.829127
106	165	0.749015
106	170	1.09147
106	172	0.871325
106	179	0.997613
106	180	1.22432
107	25	1.16166
107	44	1.09441
107	64	1.15521
107	70	1.21116
107	75	1.1807
107	78	1.155
107	81	0.682908
107	87	0.563951
107	91	1.15968
107	98	1.12885
107	102	1.13047
107	114	1.13923
107	117	1.18286
107	125	1.12594
107	126	1.15702
107	130	1.194
107	134	0.576964
107	141	1.16966
107	146	1.17785
107	147	1.13106
107	149	0.704174
107	163	1.11659
107	164	1.13151
107	172	0.866529
107	175	0.984149
107	178	0.774635
108	26	1.26948
108	65	0.703379
108	84	0.890749
108	102	0.66358
108	105	0.559709
108	120	1.1429
108	128	0.675118
108	129	1.0901
108	145	1.14664
108	148	0.566983
108	159	1.18121
108	160	1.13446
108	161	1.13013
108	162	1.1415
108	164	0.604166
108	165	1.11997
108	169	1.07837
108	171	1.0699
108	172	1.0645
108	173	1.02489
108	174	1.07295
108	175	1.03634
108	176	0.981829
108	178	1.08311
108	179	1.00119
108	180	0.998592
109	7	0.889022
109	38	0.771992
109	46	0.794033
109	49	0.898652
109	62	0.603899
109	64	1.13771
109	85	1.11139
109	102	1.11297
109	106	0.602349
109	117	1.16536
109	123	1.12466
109	125	1.10844
109	142	1.12266
109	146	1.16035
109	147	1.11357
109	148	0.659231
109	155	1.07851
109	160	1.09882
109	164	1.11402
109	166	1.06311
109	170	0.995027
109	171	1.03427
109	172	1.02887
109	174	1.03732
109	176	0.946197
109	178	1.04748
109	180	0.96296
110	84	1.1888
110	86	1.18188
110	94	1.20858
110	95	0.397204
110	96	0.688985
110	100	0.513696
110	105	1.26538
110	113	1.21554
110	124	1.21028
110	131	1.20745
110	132	1.24348
110	135	1.21375
110	136	1.18875
110	138	1.22034
110	139	1.22054
110	141	0.667093
110	142	0.731946
110	144	1.22385
110	147	0.678523
110	148	1.22376
110	149	1.19166
110	150	1.21226
110	158	1.12909
110	169	0.906469
110	173	1.1436
110	177	0.763395
110	179	1.0499
111	32	0.558325
111	37	0.518133
111	68	0.72217
111	69	0.692101
111	97	1.26786
111	114	0.597385
111	134	1.20318
111	138	0.570526
111	143	1.2356
111	150	0.498262
111	154	1.19158
111	158	1.10155
111	159	1.20238
111	161	1.1513
111	162	1.16267
111	164	0.535374
111	165	1.14114
111	167	1.16369
111	168	1.03441
111	169	1.09954
111	171	1.09107
111	172	1.08567
111	174	1.09412
111	175	1.05751
111	177	1.15502
111	178	1.10428
111	180	1.01976
112	7	0.874068
112	8	0.664031
112	27	0.671105
112	68	0.868257
112	70	0.731726
112	73	0.764804
112	103	1.14065
112	134	1.16156
112	140	1.22687
112	143	1.19398
112	149	1.1225
112	150	0.644348
112	154	1.14996
112	160	1.114
112	161	1.10968
112	165	1.09952
112	166	1.07829
112	168	0.992787
112	170	1.01021
112	171	1.04945
112	172	1.04405
112	173	1.00444
112	174	1.0525
112	175	1.01589
112	176	0.961377
112	178	1.06266
112	180	0.978141
113	14	1.22427
113	88	1.11461
113	92	1.16257
113	93	1.16273
113	94	1.13381
113	104	1.1113
113	110	1.21554
113	122	1.15554
113	129	0.938943
113	131	1.13269
113	132	1.16871
113	135	1.13899
113	136	1.11399
113	138	1.14557
113	139	1.14578
113	140	0.645234
113	141	0.73508
113	144	1.14909
113	148	1.149
113	150	1.13749
113	157	1.0711
113	158	1.05433
113	160	0.773357
113	167	0.748088
113	171	1.02993
113	178	0.90163
113	179	0.97514
114	44	1.07703
114	64	1.13783
114	70	1.19378
114	75	1.16332
114	78	1.13762
114	85	1.11151
114	91	1.1423
114	98	1.11147
114	102	1.11308
114	107	1.13923
114	111	0.597385
114	117	1.16548
114	120	0.798853
114	123	1.12478
114	125	1.10856
114	126	1.13963
114	129	0.972821
114	130	1.17662
114	137	0.754967
114	141	1.15228
114	143	0.715479
114	146	1.16047
114	147	1.11368
114	149	0.865046
114	162	0.79463
114	164	1.11413
114	175	1.14502
115	84	1.1858
115	86	1.17888
115	88	1.18637
115	89	0.530285
115	97	0.492324
115	104	1.18306
115	106	1.23501
115	116	1.26167
115	122	1.2273
115	128	1.20753
115	131	1.20445
115	135	1.21075
115	136	1.18575
115	138	1.21734
115	139	1.21754
115	144	1.22085
115	146	0.603272
115	148	1.22076
115	150	1.20925
115	155	0.857996
115	159	0.627351
115	160	0.695618
115	164	1.19536
115	167	0.670349
115	173	1.13385
115	175	1.03341
115	179	1.0469
116	27	1.21711
116	84	1.16317
116	90	0.48233
116	94	1.18294
116	104	1.16043
116	115	1.26167
116	122	1.20467
116	128	1.1849
116	132	1.21784
116	135	1.18812
116	136	1.16312
116	138	1.1947
116	139	1.19491
116	141	0.60727
116	144	1.19822
116	146	0.553201
116	148	1.19813
116	149	1.16603
116	150	1.18662
116	156	0.851057
116	157	0.943294
116	158	1.10346
116	164	1.17273
116	165	0.743404
116	170	1.08586
116	173	1.08377
116	177	0.703572
116	179	1.02427
117	25	1.18791
117	44	1.12066
117	64	1.18146
117	70	1.23741
117	75	1.20695
117	85	1.15514
117	89	0.459666
117	91	1.18593
117	98	1.1551
117	102	1.15672
117	107	1.18286
117	109	1.16536
117	114	1.16548
117	123	1.16841
117	125	1.15219
117	126	1.18327
117	130	1.22025
117	141	1.19591
117	142	0.651575
117	146	1.2041
117	159	0.556732
117	162	0.612395
117	163	1.09523
117	164	1.15776
117	167	0.59973
117	169	0.826099
117	173	1.06323
117	179	1.16732
118	16	0.876471
118	33	0.834863
118	42	0.377168
118	78	0.805415
118	81	1.17382
118	98	0.779851
118	123	0.722674
118	130	0.645595
118	142	1.15551
118	151	1.09979
118	154	1.16763
118	156	1.0626
118	157	1.06295
118	160	1.13168
118	161	1.12735
118	163	1.02166
118	166	1.09596
118	167	1.13974
118	168	1.01046
118	170	1.02788
118	171	1.06712
118	172	1.06172
118	173	1.02211
118	174	1.07017
118	176	0.979051
118	178	1.08034
118	180	0.995814
119	2	1.04615
119	6	1.05541
119	16	1.03438
119	17	1.03471
119	21	1.1893
119	28	1.1311
119	29	1.1336
119	34	1.123
119	41	1.09766
119	45	1.05154
119	48	1.05723
119	59	1.13236
119	63	1.10094
119	68	1.07081
119	71	0.467874
119	73	1.13793
119	74	1.13834
119	95	1.23805
119	103	0.633274
119	126	1.11983
119	127	1.12377
119	130	1.15682
119	156	1.01005
119	165	0.765696
119	166	0.80124
119	169	0.868938
119	176	1.33481
119	178	0.796112
119	179	1.21016
120	79	0.756069
120	83	0.792524
120	87	1.15947
120	91	0.808768
120	108	1.1429
120	114	0.798853
120	136	0.689022
120	139	0.669616
120	140	1.19734
120	151	1.05259
120	152	1.14956
120	153	1.09358
120	155	1.06416
120	157	1.01574
120	161	1.08015
120	162	1.09152
120	164	0.736842
120	166	1.04876
120	167	1.09254
120	168	0.96326
120	169	1.02839
120	170	0.98068
120	171	1.01992
120	172	1.01452
120	173	0.974911
120	174	1.02297
120	175	0.986363
120	178	1.03313
120	180	0.948613
121	25	0.700861
121	34	0.802956
121	36	0.778876
121	38	0.670831
121	40	0.581523
121	69	0.75198
121	124	0.631781
121	130	0.535535
121	133	1.22007
121	134	1.20203
121	142	1.17831
121	151	1.12259
121	155	1.13415
121	156	1.08539
121	159	1.20122
121	161	1.15015
121	165	1.13999
121	166	1.11876
121	168	1.03326
121	169	1.09838
121	170	1.05068
121	171	1.08991
121	173	1.04491
121	174	1.09296
121	175	1.05636
121	176	1.00185
121	178	1.10313
121	179	1.02121
121	180	1.01861
122	60	0.58692
122	84	1.1288
122	86	1.12188
122	88	1.12937
122	93	1.17749
122	104	1.12606
122	113	1.15554
122	115	1.2273
122	116	1.20467
122	124	1.15028
122	131	1.14745
122	135	1.15375
122	136	1.12875
122	138	1.16034
122	139	1.16054
122	140	0.583988
122	144	1.16385
122	145	1.13535
122	148	1.16376
122	150	1.15225
122	151	0.890081
122	154	0.686546
122	155	0.874489
122	157	1.00986
122	158	1.06909
122	162	0.699507
122	164	1.13836
122	166	0.845513
122	179	0.989903
122	180	1.28527
123	12	1.21901
123	25	1.14721
123	44	1.07996
123	64	1.14076
123	70	1.19671
123	75	1.16625
123	78	1.14055
123	82	0.62019
123	85	1.11444
123	89	0.597251
123	91	1.14524
123	98	1.1144
123	102	1.11602
123	109	1.12466
123	114	1.12478
123	117	1.16841
123	118	0.722674
123	125	1.11149
123	126	1.14257
123	130	1.17955
123	141	1.15521
123	146	1.1634
123	147	1.11661
123	149	0.820396
123	152	0.613783
123	162	0.74998
123	164	1.11706
123	165	0.860441
123	167	0.737315
123	180	1.33574
124	19	1.09494
124	20	1.05138
124	86	1.10185
124	88	1.10934
124	93	1.15746
124	94	1.12855
124	95	0.473586
124	101	0.683549
124	105	1.18535
124	106	1.15799
124	110	1.21028
124	121	0.631781
124	122	1.15028
124	129	0.947338
124	131	1.12742
124	132	1.16345
124	133	0.65601
124	135	1.13372
124	136	1.10872
124	138	1.14031
124	139	1.14052
124	142	0.808327
124	144	1.14382
124	145	1.11532
124	148	1.14373
124	150	1.13223
124	158	1.04906
124	164	1.11833
124	172	1.00192
124	177	0.839777
124	179	0.969875
125	12	1.20279
125	25	1.131
125	44	1.06375
125	64	1.12454
125	70	1.18049
125	75	1.15003
125	78	1.12433
125	85	1.09822
125	89	0.566119
125	91	1.12902
125	97	0.528158
125	98	1.09818
125	101	0.633249
125	102	1.0998
125	107	1.12594
125	109	1.10844
125	114	1.10856
125	117	1.15219
125	123	1.11149
125	126	1.12635
125	130	1.16334
125	134	0.662055
125	141	1.139
125	146	1.14718
125	147	1.1004
125	149	0.789264
125	156	0.936962
125	159	0.663185
125	164	1.10085
125	168	1.21506
125	179	1.27377
126	2	1.08375
126	6	1.09301
126	17	1.0723
126	29	1.17119
126	34	1.16059
126	45	1.08913
126	56	1.30448
126	59	1.16995
126	71	0.60663
126	75	1.18111
126	78	1.1554
126	85	1.1293
126	91	1.16009
126	95	1.27564
126	102	1.13087
126	107	1.15702
126	114	1.13963
126	117	1.18327
126	119	1.11983
126	123	1.14257
126	125	1.12635
126	127	1.16137
126	137	0.754329
126	140	0.678472
126	143	0.714841
126	145	0.785153
126	155	0.968973
126	156	1.04764
126	158	1.01251
126	160	0.806596
126	164	1.13192
126	172	1.02676
126	177	0.864621
127	2	1.08769
127	6	1.09695
127	17	1.07624
127	29	1.17514
127	33	1.05217
127	34	1.16453
127	35	1.14694
127	38	1.12795
127	45	1.09308
127	51	1.22368
127	56	1.30842
127	59	1.1739
127	62	1.15455
127	66	0.514504
127	69	1.12427
127	72	1.14196
127	76	0.683407
127	77	1.11106
127	79	1.17249
127	83	1.17234
127	92	1.17484
127	95	1.27958
127	100	0.611809
127	119	1.12377
127	126	1.16137
127	134	0.734085
127	142	0.830058
127	156	1.05159
127	159	0.735215
127	160	0.803482
127	162	0.790878
127	169	1.00458
127	175	1.14127
128	3	0.959137
128	5	1.07574
128	7	1.08955
128	11	1.21886
128	15	1.26322
128	50	1.2145
128	53	1.05939
128	57	1.17275
128	58	1.17217
128	65	1.13054
128	89	1.1393
128	94	1.12881
128	108	0.675118
128	115	1.20753
128	116	1.1849
128	132	1.1637
128	136	1.10898
128	138	1.14057
128	139	1.14077
128	142	0.842752
128	144	1.14408
128	146	0.723829
128	148	1.14399
128	150	1.13248
128	152	0.667374
128	154	0.79061
128	157	1.11392
128	159	0.747908
128	162	0.803571
128	164	1.11859
128	167	0.790906
128	170	1.25649
128	177	1.10279
128	179	0.970131
129	36	1.09443
129	67	0.759151
129	76	1.10478
129	103	1.05832
129	104	1.03723
129	108	1.0901
129	113	0.938943
129	114	0.972821
129	124	0.947338
129	133	1.09728
129	136	0.862989
129	140	1.14454
129	143	1.11166
129	147	1.04642
129	153	1.04079
129	154	1.06763
129	156	0.962597
129	159	1.07843
129	161	1.02735
129	162	1.03872
129	163	0.921657
129	166	0.995965
129	168	0.910462
129	169	0.975589
129	170	0.927883
129	171	0.967121
129	172	0.961724
129	173	0.922113
129	174	0.970171
129	175	0.933565
129	177	1.03107
129	178	0.980337
129	179	0.898415
129	180	0.895816
130	16	1.10896
130	25	1.19906
130	28	1.20568
130	32	1.19141
130	41	1.17224
130	48	1.13182
130	57	1.22307
130	63	1.17552
130	66	1.21428
130	68	1.1454
130	73	1.21251
130	74	1.21292
130	78	1.19239
130	85	1.16628
130	98	1.16625
130	107	1.194
130	114	1.17662
130	117	1.22025
130	118	0.645595
130	119	1.15682
130	121	0.535535
130	123	1.17955
130	125	1.16334
130	140	0.557381
130	146	1.21524
130	149	0.743317
130	151	0.863474
130	160	0.685505
130	161	0.696389
130	164	1.16891
130	167	0.660236
130	168	1.16912
130	171	0.942083
130	174	0.894809
131	14	1.21619
131	66	0.434972
131	86	1.09903
131	93	1.15464
131	94	1.12573
131	97	0.520656
131	104	1.10321
131	105	1.18253
131	106	1.15516
131	110	1.20745
131	113	1.13269
131	115	1.20445
131	122	1.14745
131	124	1.12742
131	132	1.16062
131	135	1.1309
131	136	1.1059
131	137	0.671684
131	138	1.13749
131	139	1.13769
131	144	1.141
131	145	1.11249
131	148	1.14091
131	150	1.1294
131	152	0.575149
131	158	1.04624
131	164	1.11551
131	165	0.821808
131	166	0.857352
131	169	0.92505
131	173	1.16218
131	176	1.39092
131	178	0.852224
131	179	0.967051
132	27	1.19591
132	84	1.14197
132	88	1.14254
132	93	1.19066
132	94	1.16175
132	95	0.317748
132	105	1.21855
132	106	1.19118
132	110	1.24348
132	113	1.16871
132	116	1.21784
132	124	1.16345
132	128	1.1637
132	131	1.16062
132	135	1.16692
132	136	1.14192
132	138	1.17351
132	139	1.17371
132	140	0.49779
132	141	0.587637
132	144	1.17702
132	145	1.14852
132	148	1.17693
132	149	1.14483
132	150	1.16543
132	151	0.803883
132	159	0.557646
132	164	1.15153
132	168	1.10952
132	170	1.06623
132	171	0.882492
132	174	0.835218
132	175	0.963701
132	179	1.00307
132	180	1.19907
133	12	0.579262
133	24	0.655611
133	64	0.821923
133	75	0.535866
133	78	0.719584
133	91	0.691407
133	96	1.14668
133	121	1.22007
133	124	0.65601
133	129	1.09728
133	134	1.18918
133	135	0.5997
133	137	1.20912
133	140	1.25449
133	143	1.22161
133	150	0.58237
133	153	1.15074
133	155	1.12131
133	157	1.0729
133	159	1.18838
133	160	1.14163
133	162	1.14867
133	164	0.619481
133	166	1.10592
133	167	1.14969
133	168	1.02041
133	169	1.08554
133	172	1.07167
133	173	1.03206
133	174	1.08012
133	175	1.04352
133	176	0.989003
133	177	1.14102
133	178	1.09029
133	180	1.00577
134	9	0.587229
134	47	0.6715
134	63	0.712012
134	64	0.878267
134	88	0.747012
134	100	1.20996
134	107	0.576964
134	111	1.20318
134	112	1.16156
134	121	1.20203
134	125	0.662055
134	127	0.734085
134	133	1.18918
134	135	0.656045
134	137	1.19108
134	144	0.61159
134	152	1.18866
134	153	1.13269
134	154	1.15954
134	157	1.05485
134	159	1.17034
134	162	1.13063
134	165	1.1091
134	166	1.08787
134	167	1.13165
134	168	1.00237
134	169	1.0675
134	171	1.05903
134	172	1.05363
134	173	1.01402
134	174	1.06208
134	175	1.02547
134	176	0.970959
134	177	1.12298
134	178	1.07224
134	180	0.987722
135	27	1.16619
135	84	1.11225
135	86	1.10533
135	88	1.11282
135	90	0.562225
135	92	1.16078
135	93	1.16094
135	99	0.623828
135	104	1.10951
135	105	1.18883
135	106	1.16146
135	110	1.21375
135	113	1.13899
135	115	1.21075
135	116	1.18812
135	122	1.15375
135	124	1.13372
135	131	1.1309
135	132	1.16692
135	133	0.5997
135	134	0.656045
135	136	1.1122
135	138	1.14379
135	139	1.14399
135	142	0.752018
135	144	1.1473
135	146	0.633096
135	148	1.14721
135	149	1.11511
135	150	1.1357
135	155	0.88782
135	158	1.05254
135	168	1.20905
135	172	0.945609
135	174	0.934746
135	178	0.853715
135	179	0.973351
136	14	1.19748
