1	78	0.955788
1	130	1.08488
1	151	1.04721
1	154	0.992968
1	156	1.0437
1	159	0.983688
1	161	0.944578
1	163	0.958296
1	170	1.03818
1	172	1.02422
1	173	1.00604
1	180	0.924688
2	4	0.923442
2	56	1.00408
2	73	1.05794
2	81	1.01645
2	91	1.04061
2	95	1.0244
2	104	1.04258
2	114	1.01396
2	138	0.991894
2	143	0.970167
2	175	0.944185
2	177	0.972994
3	129	1.17356
3	137	0.887878
3	144	1.18874
3	148	0.891341
3	149	0.895715
3	153	0.909501
3	154	0.888608
3	163	0.904006
3	165	1.20911
3	168	0.896187
3	169	0.926767
3	178	1.23475
4	2	0.923442
4	71	0.995945
4	95	0.914991
4	115	0.984559
4	155	0.963674
4	156	1.05176
4	157	1.00453
4	158	1.04036
4	160	1.03071
4	170	1.04624
4	172	1.03228
4	173	1.0141
5	66	0.969942
5	85	0.871022
5	98	0.884737
5	110	0.919514
5	118	0.872837
5	126	0.886951
5	134	0.909881
5	149	1.2207
5	161	1.19613
5	163	1.20985
5	171	1.17642
5	175	0.885107
6	24	1.05547
6	29	0.875645
6	62	0.925405
6	64	0.915062
6	135	1.06717
6	163	1.02479
6	164	1.03332
6	165	1.04674
6	176	1.01081
6	177	1.00112
6	178	1.02244
6	179	1.01844
7	89	1.19997
7	124	0.921509
7	137	0.885734
7	138	0.876057
7	152	0.90998
7	157	0.870369
7	169	0.924623
7	174	1.17567
7	175	0.904846
7	176	1.20569
7	177	1.22489
7	180	0.906879
8	48	1.18868
8	143	1.21254
8	144	0.919706
8	147	0.910171
8	151	1.17833
8	153	1.21574
8	159	0.860214
8	165	0.924276
8	174	0.911044
8	177	0.878658
8	178	0.899981
8	179	0.895975
9	34	0.899184
9	88	1.02025
9	104	0.90777
9	157	0.997906
9	164	1.04266
9	166	1.02435
9	167	0.966875
9	174	1.04285
9	176	1.02016
9	177	1.01046
9	178	1.03179
9	179	1.02778
10	11	0.932718
10	23	1.01375
10	26	1.01375
10	37	0.924884
10	70	0.992339
10	94	1.09059
10	102	1.01173
10	114	0.985557
10	162	1.0325
10	171	1.04537
10	175	0.980509
10	180	0.97876
11	10	0.932718
11	56	0.974983
11	149	0.959441
11	154	0.983259
11	159	0.993232
11	165	1.05729
11	167	0.946449
11	174	1.04406
11	175	1.02208
11	176	1.02137
11	178	1.033
11	179	1.02899
12	40	0.88409
12	98	0.980296
12	99	0.963354
12	148	0.994062
12	159	0.99472
12	163	0.9753
12	165	1.05878
12	174	1.04555
12	176	1.02286
12	177	1.01316
12	178	1.03449
12	179	1.03048
13	143	1.02834
13	144	0.905971
13	148	1.02033
13	153	1.03849
13	154	1.01759
13	155	0.980788
13	157	1.0015
13	164	0.935642
13	169	1.05575
13	173	1.01874
13	179	0.963525
13	180	1.03801
14	70	1.03641
14	86	1.029
14	134	0.942915
14	142	0.996822
14	156	1.05104
14	162	1.03269
14	165	0.907535
14	166	0.969904
14	170	1.04552
14	172	1.03155
14	173	1.01338
14	179	0.944718
15	23	1.01375
15	26	1.01375
15	42	0.951247
15	70	0.992339
15	92	0.950494
15	94	1.09059
15	102	1.01173
15	109	0.964999
15	162	1.0325
15	171	1.04537
15	174	0.960647
15	180	0.97931
16	39	0.976764
16	49	1.04779
16	55	1.04781
16	67	1.05858
16	68	0.99806
16	75	1.07062
16	84	1.02039
16	100	1.03868
16	119	0.899451
16	152	0.96641
16	169	0.949857
16	174	0.930259
17	23	1.00403
17	31	1.01326
17	41	1.10501
17	62	0.871281
17	74	0.953679
17	94	0.904055
17	155	1.01519
17	173	0.996655
17	174	1.04907
17	176	1.02638
17	177	1.01668
17	179	1.034
18	107	1.03711
18	119	0.909567
18	138	1.01083
18	144	0.905869
18	148	1.02397
18	153	1.04213
18	157	1.00515
18	163	1.03664
18	172	1.00253
18	175	1.03962
18	178	0.951882
18	180	1.04166
19	92	1.02355
19	105	0.944751
19	133	0.987668
19	150	1.0329
19	156	0.985553
19	159	1.08638
19	160	0.964498
19	170	0.980032
19	171	1.02756
19	172	0.966067
19	173	0.947889
19	175	1.02912
19	179	1.03176
20	46	1.05138
20	62	1.01512
20	73	1.01125
20	88	0.928169
20	91	0.993915
20	109	1.01904
20	114	0.967271
20	121	0.977981
20	139	0.952369
20	167	1.06482
20	176	1.04471
20	178	1.02619
20	180	0.953924
21	53	0.959243
21	56	0.967298
21	64	0.986985
21	79	1.0254
21	91	1.00383
21	104	1.0058
21	108	0.970091
21	109	1.04879
21	121	0.987895
21	161	0.941997
21	170	1.08035
21	175	1.06485
21	180	0.963838
22	78	1.14632
22	85	0.960314
22	98	0.974029
22	118	0.962129
22	121	0.960174
22	125	0.974671
22	126	0.976242
22	134	0.999173
22	141	0.991749
22	154	1.05117
22	157	1.04539
22	167	0.979029
22	175	0.974399
23	10	1.01375
23	15	1.01375
23	17	1.00403
23	26	0.944789
23	70	0.92338
23	94	1.02163
23	102	0.942768
23	123	1.03742
23	159	1.087
23	161	1.04789
23	162	0.963544
23	171	0.976408
23	175	1.02974
24	6	1.05547
24	140	0.994081
24	148	0.967361
24	153	0.985522
24	154	0.964629
24	155	1.04696
24	157	0.948534
24	163	0.980027
24	166	1.05488
24	167	0.987641
24	168	0.972208
24	178	1.01816
24	179	1.0297
25	29	0.953268
25	59	1.05331
25	81	0.98303
25	92	1.03999
25	95	0.990989
25	108	0.973453
25	111	0.972241
25	114	0.980547
25	122	0.987172
25	132	1.0682
25	155	1.09045
25	161	0.945359
25	180	0.9672
26	10	1.01375
26	15	1.01375
26	23	0.944789
26	70	0.92338
26	85	1.06671
26	94	1.02163
26	102	0.942768
26	155	1.04739
26	162	0.963544
26	171	0.976408
26	175	1.02749
26	176	1.03711
26	180	1.02574
27	58	0.897117
27	63	1.08385
27	112	0.857413
27	125	0.860162
27	133	1.14509
27	142	1.08876
27	158	1.13157
27	160	1.12192
27	163	0.892659
27	172	1.12349
27	173	1.10531
27	174	0.840387
27	180	0.859051
28	36	0.841014
28	38	0.820056
28	83	0.938143
28	117	0.810075
28	145	1.11428
28	146	0.895911
28	150	1.10595
28	155	1.09412
28	162	0.883003
28	164	1.12781
28	174	1.128
28	178	1.11693
28	179	1.11293
29	6	0.875645
29	25	0.953268
29	41	0.807469
29	50	0.881876
29	145	0.841154
29	148	1.1104
29	151	0.839007
29	154	1.10767
29	157	1.09157
29	161	1.10624
29	163	1.12306
29	168	1.11524
29	169	1.14582
30	49	1.06992
30	53	1.06675
30	94	0.992207
30	110	1.01877
30	135	1.01378
30	144	0.988773
30	165	0.993343
30	170	1.04245
30	171	0.964901
30	176	0.957418
30	177	0.947725
30	178	0.969048
30	179	0.965042
31	17	1.01326
31	112	1.03559
31	136	0.904755
31	141	1.04609
31	146	1.00656
31	148	1.0896
31	158	0.987168
31	160	0.977521
31	167	0.990949
31	170	0.993055
31	172	0.979089
31	173	0.960911
31	174	1.01857
32	43	0.992084
32	52	1.05583
32	89	0.960258
32	94	1.00562
32	162	1.06733
32	164	0.9914
32	167	1.07008
32	174	0.991587
32	176	0.968895
32	177	0.959202
32	178	0.980525
32	179	0.976519
32	180	0.971643
33	61	1.2074
33	73	1.04194
33	75	1.09562
33	94	0.973311
33	102	0.894446
33	110	0.955725
33	133	1.10021
33	134	0.946092
33	140	1.14916
33	171	0.928086
33	175	0.921318
33	176	0.920603
33	178	0.932233
33	179	0.928227
34	9	0.899184
34	61	1.03117
34	105	1.0238
34	130	1.10577
34	152	0.942287
34	156	1.0646
34	160	1.04354
34	166	0.95437
34	170	1.05908
34	172	1.04511
34	173	1.02693
34	176	0.936163
34	177	0.955358
34	178	0.917643
35	74	1.04809
35	92	1.10339
35	96	0.939549
35	131	1.03875
35	142	1.01117
35	148	0.938585
35	151	1.06889
35	160	1.04433
35	161	0.906105
35	170	1.05987
35	172	1.0459
35	173	1.02772
35	179	0.890599
35	180	0.886214
36	28	0.841014
36	65	1.00768
36	123	1.05627
36	128	1.09607
36	149	1.03616
36	150	0.95327
36	152	1.05257
36	162	0.97646
36	165	0.914946
36	168	1.03663
36	169	1.06721
36	175	1.04743
36	177	0.978303
36	178	0.940589
37	10	0.924884
37	69	1.01318
37	115	1.00265
37	124	0.948716
37	151	1.07336
37	156	1.06986
37	158	1.05845
37	160	1.0488
37	170	1.06433
37	171	0.907327
37	172	1.05037
37	173	1.03219
37	178	0.899988
37	179	0.911529
38	28	0.820056
38	71	0.980706
38	87	0.992919
38	99	1.05664
38	109	0.912477
38	120	1.04718
38	131	1.03893
38	151	1.06907
38	158	1.05416
38	168	0.971509
38	170	1.06004
38	172	1.04608
38	173	1.0279
38	175	0.928536
39	16	0.976764
39	49	0.937201
39	55	0.93722
39	58	0.939887
39	68	0.887473
39	75	0.960031
39	84	0.909803
39	87	0.923605
39	93	1.1838
39	100	0.928091
39	125	1.10246
39	167	1.13282
39	174	1.08268
39	180	1.10135
40	12	0.88409
40	75	0.878386
40	102	1.01374
40	120	0.963284
40	141	1.06107
40	143	1.04741
40	152	1.06018
40	154	1.03666
40	155	0.925066
40	157	1.02057
40	166	0.932989
40	168	1.04424
40	169	1.07482
40	175	1.05505
41	17	1.10501
41	29	0.807469
41	68	1.02955
41	82	0.917835
41	84	1.05188
41	98	0.961607
41	100	1.07017
41	102	1.03332
41	113	0.919256
41	136	0.990847
41	159	1.04356
41	163	0.956611
41	173	1.047
41	177	1.062
42	15	0.951247
42	47	1.05561
42	57	1.05264
42	58	0.971025
42	82	0.92779
42	91	0.920711
42	108	0.905678
42	122	0.91876
42	127	1.02941
42	168	1.04743
42	173	1.03283
42	177	1.04783
42	178	1.06915
42	179	1.06514
43	32	0.992084
43	46	0.932519
43	85	1.03105
43	98	1.04476
43	110	1.07954
43	116	0.953149
43	118	1.03286
43	126	1.04698
43	134	1.06991
43	164	0.890992
43	167	1.04976
43	171	0.914673
43	175	1.04513
43	176	0.925854
44	104	0.956979
44	105	0.986748
44	114	0.99141
44	127	0.986466
44	136	0.933729
44	137	1.05096
44	146	1.03554
44	151	1.03106
44	157	1.04711
44	160	1.00649
44	170	1.02203
44	172	1.00806
44	173	0.989886
44	174	0.96595
44	175	0.986362
45	98	0.995984
45	117	0.913165
45	135	1.04738
45	136	1.14404
45	155	0.979834
45	161	0.971928
45	163	0.990988
45	164	1.01353
45	167	0.98885
45	169	0.958314
45	174	1.01371
45	176	0.991021
45	177	0.981328
45	178	1.00265
45	179	0.998645
46	20	1.05138
46	43	0.932519
46	94	1.04903
46	102	0.970164
46	111	0.977596
46	118	1.0205
46	123	1.00588
46	160	1.01638
46	163	0.994052
46	168	0.986233
46	170	0.996298
46	171	1.0038
46	176	0.996321
46	177	0.986628
46	178	1.00795
47	42	1.05561
47	71	0.952162
47	128	1.0405
47	131	1.04537
47	140	1.00293
47	150	0.976483
47	152	0.996995
47	157	0.957384
47	162	0.999673
47	163	0.988877
47	169	1.01164
47	172	1.01445
47	177	1.00152
47	178	0.963802
47	180	0.993894
48	8	1.18868
48	66	1.07026
48	87	0.9787
48	98	0.985059
48	110	1.01984
48	118	0.973159
48	126	0.987272
48	129	0.896546
48	134	1.0102
48	138	1.01435
48	161	0.984783
48	167	0.990058
48	171	0.965075
48	175	0.985429
48	178	0.957736
49	16	1.04779
49	30	1.06992
49	39	0.937201
49	55	1.00824
49	58	1.01091
49	68	0.958496
49	75	1.03105
49	84	0.980826
49	100	0.999114
49	112	1.0264
49	135	0.935054
49	144	0.952568
49	155	1.02739
49	176	1.0171
49	180	1.00574
50	29	0.881876
50	67	1.10706
50	86	0.992205
50	99	1.00532
50	131	0.987604
50	151	1.01775
50	156	1.01424
50	158	1.00283
50	170	1.00872
50	172	0.994756
50	173	0.976578
50	175	0.999158
50	177	1.02797
50	178	0.990253
50	179	1.00179
51	63	1.08733
51	122	0.962143
51	128	0.951266
51	147	1.00771
51	150	0.98653
51	162	1.00505
51	164	1.00839
51	165	1.02181
51	166	0.990082
51	167	1.00781
51	169	0.977275
51	174	1.00858
51	176	0.985889
51	178	0.997519
51	179	0.993512
52	32	1.05583
52	89	0.983871
52	92	0.949417
52	100	0.999097
52	124	1.01885
52	131	1.05264
52	141	1.00821
52	153	1.00469
52	154	0.9838
52	157	0.967705
52	163	0.999198
52	168	0.991379
52	169	1.02196
52	174	0.95957
52	180	1.00422
53	21	0.959243
53	30	1.06675
53	56	0.997421
53	59	0.987071
53	62	1.05516
53	82	1.00602
53	88	0.968207
53	91	1.03395
53	122	1.01393
53	130	0.96293
53	147	0.982075
53	161	0.972121
53	171	1.00275
53	175	1.00431
53	180	0.993962
54	65	0.969919
54	77	1.10728
54	99	0.987555
54	137	0.990564
54	140	1.02075
54	143	1.00204
54	149	0.998401
54	152	1.01481
54	157	0.975199
54	165	0.933094
54	166	0.995462
54	168	0.998873
54	169	1.02945
54	172	1.00938
54	179	0.970277
55	16	1.04781
55	39	0.93722
55	49	1.00824
55	58	1.01093
55	68	0.958516
55	75	1.03107
55	80	1.02626
55	84	0.980845
55	100	0.999133
55	118	1.02987
55	123	0.997851
55	161	1.00832
55	169	0.989361
55	175	0.990175
55	180	0.988427
56	2	1.00408
56	11	0.974983
56	21	0.967298
56	53	0.997421
56	60	1.00903
56	111	1.00706
56	117	0.976811
56	121	1.02607
56	122	1.02199
56	132	1.02043
56	161	0.980175
56	162	0.993887
56	164	0.997527
56	179	1.02541
56	180	1.00202
57	42	1.05264
57	78	1.1323
57	128	1.03753
57	134	0.971452
57	143	0.98125
57	150	0.974396
57	152	0.994025
57	153	0.991401
57	154	0.970509
57	163	0.985906
57	165	0.936071
57	166	0.99844
57	168	0.978087
57	169	1.00867
57	170	0.986119
58	27	0.897117
58	39	0.939887
58	42	0.971025
58	49	1.01091
58	55	1.01093
58	68	0.961183
58	75	1.03374
58	80	1.02893
58	84	0.983512
58	100	1.0018
58	112	1.02909
58	157	1.06159
58	166	1.02866
58	168	1.04381
58	171	0.99927
59	25	1.05331
59	53	0.987071
59	65	1.02831
59	69	0.958039
59	71	0.961005
59	84	1.00703
59	111	0.944073
59	126	0.975639
59	144	1.03134
59	165	1.03591
59	166	1.00418
59	176	0.999988
59	177	0.990295
59	178	1.01162
59	179	1.00761
60	56	1.00903
60	101	0.971494
60	105	1.02414
60	124	0.990593
60	145	1.0043
60	152	0.966509
60	155	0.984133
60	157	1.01152
60	165	1.03125
60	168	0.993743
60	174	1.01801
60	176	0.99532
60	177	0.985627
60	178	1.00695
60	179	1.00294
61	33	1.2074
61	34	1.03117
61	66	0.969846
61	115	0.918372
61	134	1.05035
61	136	0.891755
61	142	0.931357
61	151	0.989084
61	152	1.06525
61	156	0.985577
61	158	0.974169
61	160	0.964522
61	172	0.96609
61	173	0.947912
61	176	1.05913
61	180	1.04777
62	6	0.925405
62	17	0.871281
62	20	1.01512
62	53	1.05516
62	69	1.00128
62	73	1.11708
62	82	1.07181
62	88	1.034
62	95	1.08354
62	121	1.08381
62	122	1.07972
62	140	0.923757
62	165	0.862449
62	171	0.895431
62	177	0.925806
62	180	1.05975
63	27	1.08385
63	51	1.08733
63	76	0.991439
63	125	1.07312
63	133	0.961993
63	135	1.00132
63	136	0.866056
63	146	0.967866
63	151	0.963385
63	158	0.94847
63	161	1.0919
63	166	1.10158
63	170	0.954357
63	172	0.940391
63	173	0.922213
63	174	1.05335
64	6	0.915062
64	21	0.986985
64	76	0.872666
64	96	0.938239
64	125	1.07078
64	135	0.81422
64	146	0.926527
64	148	1.05486
64	153	1.07302
64	157	1.03603
64	163	1.06752
64	168	1.05971
64	169	1.09029
64	171	1.07728
64	173	0.944506
64	175	1.07051
65	36	1.00768
65	54	0.969919
65	59	1.02831
65	93	0.911867
65	99	1.06546
65	127	1.11314
65	128	1.00337
65	137	0.935621
65	143	0.947093
65	145	1.03947
65	149	0.943458
65	155	1.06545
65	163	0.951749
65	169	0.97451
65	172	1.08729
65	175	0.954734
66	5	0.969942
66	48	1.07026
66	61	0.969846
66	85	1.06524
66	96	0.936435
66	98	1.07895
66	103	0.912508
66	118	1.06705
66	126	1.08117
66	132	0.882502
66	134	1.1041
66	166	0.912671
66	167	1.08395
66	168	0.927823
66	174	0.864438
66	175	1.07932
67	16	1.05858
67	50	1.10706
67	70	0.923417
67	92	1.04186
67	102	0.942805
67	133	1.05022
67	134	1.07325
67	148	0.954027
67	151	1.06419
67	154	0.951295
67	155	0.957775
67	169	0.989454
67	171	0.976445
67	176	0.968962
67	177	0.959269
67	179	0.976586
68	16	0.99806
68	39	0.887473
68	41	1.02955
68	49	0.958496
68	55	0.958516
68	58	0.961183
68	75	0.981327
68	84	0.931098
68	87	0.944901
68	100	0.949387
68	103	1.10665
68	122	1.06305
68	135	1.00656
68	151	1.07076
68	171	1.07743
68	175	1.07899
69	37	1.01318
69	59	0.958039
69	62	1.00128
69	76	1.05482
69	97	1.09444
69	145	0.960087
69	150	0.951754
69	157	1.12956
69	163	1.10067
69	165	0.987037
69	166	0.955305
69	174	0.973804
69	176	0.951112
69	177	0.941419
69	178	0.962742
69	179	0.958736
70	10	0.992339
70	14	1.03641
70	15	0.992339
70	23	0.92338
70	26	0.92338
70	67	0.923417
70	82	1.05193
70	94	1.00022
70	102	0.921359
70	117	1.02643
70	159	1.11609
70	162	0.942135
70	165	1.0243
70	171	0.954999
70	173	1.1167
70	180	1.05709
71	4	0.995945
71	38	0.980706
71	47	0.952162
71	59	0.961005
71	85	0.940707
71	105	1.09006
71	110	0.989199
71	127	1.08428
71	134	0.979566
71	136	1.2016
71	143	0.947152
71	152	0.959926
71	155	0.94289
71	158	1.03926
71	178	0.965707
71	179	0.961701
72	86	0.9633
72	91	0.871871
72	114	0.890914
72	140	0.912627
72	150	1.06382
72	158	0.908439
72	159	1.03504
72	164	1.08568
72	166	1.06737
72	167	0.915588
72	172	0.927607
72	174	1.08587
72	176	1.06318
72	177	1.05348
72	178	1.07481
72	179	1.0708
73	2	1.05794
73	20	1.01125
73	33	1.04194
73	62	1.11708
73	104	1.09784
73	108	1.06213
73	111	1.06092
73	114	1.06923
73	122	1.07585
73	149	0.926765
73	153	0.913232
73	162	1.04775
73	164	0.858805
73	167	0.913774
73	174	0.86364
73	175	0.884052
74	17	0.953679
74	35	1.04809
74	89	0.911726
74	108	1.09562
74	138	1.17235
74	140	1.15141
74	142	1.21046
74	151	1.11642
74	155	0.909175
74	159	0.892225
74	164	0.942867
74	165	0.956288
74	174	0.943055
74	176	0.920363
74	177	0.91067
74	178	0.931993
74	179	0.927986
75	16	1.07062
75	33	1.09562
75	39	0.960031
75	40	0.878386
75	49	1.03105
75	55	1.03107
75	58	1.03374
75	68	0.981327
75	80	1.04907
75	84	1.00366
75	87	1.01746
75	100	1.02194
75	101	1.0055
75	161	0.955879
75	166	0.965557
75	167	0.967458
75	180	0.935988
76	63	0.991439
76	64	0.872666
76	69	1.05482
76	83	1.03315
76	107	1.02686
76	119	0.899311
76	124	0.990354
76	125	0.949893
76	132	1.05111
76	136	0.956744
76	142	0.996346
76	146	1.05855
76	157	1.01128
76	158	1.03916
76	160	1.02951
76	172	1.03108
76	173	1.0129
77	54	1.10728
77	93	1.18486
77	101	0.890335
77	106	0.962305
77	128	1.07733
77	129	0.958955
77	137	1.16876
77	148	1.15478
77	165	0.950087
77	166	0.918355
77	169	1.10334
77	174	0.936854
77	176	0.914162
77	177	0.904469
77	178	0.925792
77	179	0.921786
77	180	0.91691
78	1	0.955788
78	22	1.14632
78	57	1.1323
78	92	0.969092
78	103	1.15386
78	130	0.972263
78	142	0.87687
78	145	1.12012
78	151	0.934598
78	156	0.93109
78	158	0.919682
78	160	0.910035
78	170	0.925569
78	172	0.911604
78	173	0.893426
78	179	1.12883
78	180	1.12445
79	21	1.0254
79	97	0.950703
79	105	0.998436
79	119	1.06911
79	126	0.953432
79	158	0.947641
79	159	0.982681
79	160	0.960645
79	162	0.952033
79	164	1.03332
79	166	1.01501
79	174	1.03351
79	176	1.01082
79	177	1.00113
79	178	1.02245
79	179	1.01844
79	180	1.01357
80	55	1.02626
80	58	1.02893
80	75	1.04907
80	90	1.00302
80	100	1.01713
80	149	1.0081
80	153	1.02189
80	155	0.985242
80	163	1.01639
80	164	0.940096
80	170	1.02611
80	172	1.01215
80	173	0.993969
80	174	0.944931
80	176	0.974958
80	177	0.994152
80	179	0.967979
81	2	1.01645
81	25	0.98303
81	82	1.02644
81	88	0.988631
81	91	1.05438
81	95	1.03817
81	108	1.02064
81	111	1.01943
81	121	1.03844
81	144	0.92135
81	148	1.02689
81	163	1.00813
81	164	0.951022
81	174	0.955857
81	175	0.976269
81	178	0.967363
81	180	1.01439
82	41	0.917835
82	42	0.92779
82	53	1.00602
82	62	1.07181
82	70	1.05193
82	81	1.02644
82	83	1.03971
82	88	0.984858
82	108	1.01687
82	111	1.01565
82	121	1.03467
82	122	1.03058
82	132	0.955254
82	162	1.00248
82	165	0.923054
82	177	0.986411
82	180	1.01061
83	28	0.938143
83	76	1.03315
83	82	1.03971
83	112	1.04324
83	123	1.0543
83	131	0.97495
83	136	0.907767
83	142	0.947368
83	146	1.00958
83	151	1.0051
83	156	1.00159
83	160	0.980533
83	165	1.01208
83	167	0.993961
83	172	0.982102
83	173	0.963924
83	177	1.07543
83	180	1.04488
84	16	1.02039
84	39	0.909803
84	41	1.05188
84	49	0.980826
84	55	0.980845
84	58	0.983512
84	59	1.00703
84	68	0.931098
84	75	1.00366
84	87	0.96723
84	100	0.971716
84	111	1.02108
84	112	0.999003
84	156	1.04314
84	161	1.04242
84	177	1.05309
84	178	1.01537
84	180	1.02253
85	5	0.871022
85	22	0.960314
85	26	1.06671
85	43	1.03105
85	66	1.06524
85	71	0.940707
85	110	1.01481
85	118	0.968135
85	126	0.982249
85	132	1.00139
85	134	1.00518
85	139	0.980883
85	147	0.981501
85	159	1.06099
85	173	1.06159
85	175	0.980405
85	177	1.03255
85	180	1.00199
86	14	1.029
86	50	0.992205
86	72	0.9633
86	120	0.978587
86	127	0.955883
86	142	0.942747
86	151	1.00047
86	155	1.06185
86	156	0.996967
86	160	0.975912
86	164	1.0167
86	170	0.991446
86	172	0.977481
86	173	0.959303
86	175	1.04195
86	176	1.05157
86	178	1.03305
86	180	1.0402
87	38	0.992919
87	39	0.923605
87	48	0.9787
87	68	0.944901
87	75	1.01746
87	84	0.96723
87	94	1.03975
87	100	0.985519
87	102	0.96089
87	128	1.00208
87	134	1.01254
87	148	1.07952
87	160	1.06448
87	162	0.981666
87	164	1.00365
87	175	0.987762
87	176	1.03852
87	178	1.02
88	9	1.02025
88	20	0.928169
88	53	0.968207
88	62	1.034
88	81	0.988631
88	82	0.984858
88	95	0.99659
88	108	0.979054
88	114	0.986149
88	121	0.996858
88	129	0.977514
88	130	1.00623
88	162	0.964672
88	165	1.01306
88	172	1.08935
88	175	1.04761
88	179	1.05025
88	180	0.972802
89	7	1.19997
89	32	0.960258
89	52	0.983871
89	74	0.911726
89	94	0.93366
89	103	0.962348
89	116	0.970168
89	138	1.01612
89	142	1.05423
89	162	0.995373
89	164	1.00693
89	165	1.02035
89	166	0.988617
89	168	1.01138
89	174	1.00712
89	176	0.984424
89	178	0.996054
89	179	0.992048
90	80	1.00302
90	103	0.956737
90	105	1.07556
90	107	0.945406
90	110	0.994006
90	134	1.00302
90	147	1.00063
90	152	1.01793
90	154	1.06872
90	159	0.950676
90	164	1.00132
90	165	1.01474
90	166	0.983006
90	167	1.03191
90	174	1.00151
90	177	0.96912
90	178	0.990443
90	179	0.986437
91	2	1.04061
91	20	0.993915
91	21	1.00383
91	42	0.920711
91	53	1.03395
91	72	0.871871
91	81	1.05438
91	95	1.06234
91	104	1.08051
91	108	1.0448
91	127	1.01811
91	150	0.954299
91	156	0.96938
91	161	1.01671
91	162	1.03042
91	164	0.925276
91	171	0.948957
91	172	0.992264
91	180	1.03855
92	15	0.950494
92	19	1.02355
92	25	1.03999
92	35	1.10339
92	52	0.949417
92	67	1.04186
92	78	0.969092
92	99	1.04808
92	119	0.882734
92	128	0.907131
92	142	1.00279
92	151	1.06051
92	158	1.0456
92	162	1.03865
92	165	0.899406
92	170	1.05149
92	171	0.932388
92	172	1.03752
92	173	1.01934
93	39	1.1838
93	65	0.911867
93	77	1.18486
93	113	0.984589
93	124	0.968287
93	138	0.922835
93	139	1.06019
93	140	0.962693
93	145	1.03914
93	147	1.02298
93	148	0.935974
93	149	0.940348
93	153	0.954135
93	163	0.94864
93	165	1.01067
93	168	0.940821
93	169	0.971401
93	171	0.958392
93	173	1.10307
94	10	1.09059
94	15	1.09059
94	17	0.904055
94	23	1.02163
94	26	1.02163
94	30	0.992207
94	32	1.00562
94	33	0.973311
94	46	1.04903
94	70	1.00022
94	87	1.03975
94	89	0.93366
94	102	1.01961
94	138	0.97748
94	145	0.923689
94	162	1.04039
94	171	1.05325
94	174	0.909359
94	177	0.95858
95	2	1.0244
95	4	0.914991
95	25	0.990989
95	62	1.08354
95	81	1.03817
95	88	0.99659
95	91	1.06234
95	104	1.06431
95	108	1.0286
95	121	1.0464
95	122	1.04232
95	123	0.943408
95	145	0.929651
95	148	0.986355
95	153	0.964913
95	166	0.963554
95	177	0.964542
95	179	0.938369
95	180	1.02235
96	35	0.939549
96	64	0.938239
96	66	0.936435
96	124	1.05593
96	135	1.04847
96	140	1.04286
96	145	1.00109
96	150	0.992753
96	152	1.03184
96	155	0.980923
96	156	1.03496
96	166	0.996304
96	169	1.01529
96	174	1.0148
96	175	0.992826
96	176	0.992111
96	177	0.982418
96	178	1.00374
96	179	0.999734
96	180	0.994859
97	69	1.09444
97	79	0.950703
97	127	0.980038
97	130	1.0623
97	136	0.927301
97	142	0.966903
97	146	1.02911
97	147	0.967915
97	156	1.02112
97	158	1.00971
97	160	1.00007
97	161	1.0083
97	162	1.00277
97	170	1.0156
97	171	0.988588
97	172	1.00164
97	173	0.983458
97	177	1.01896
97	179	0.99279
97	180	0.988405
98	5	0.884737
98	12	0.980296
98	22	0.974029
98	41	0.961607
98	43	1.04476
98	45	0.995984
98	48	0.985059
98	66	1.07895
98	109	1.01433
98	110	1.02853
98	118	0.981851
98	126	0.995964
98	132	0.999026
98	134	1.01889
98	145	0.995292
98	149	1.04409
98	167	0.99875
98	175	0.994121
98	177	1.03018
98	180	0.999625
99	12	0.963354
99	38	1.05664
99	50	1.00532
99	54	0.987555
99	65	1.06546
99	92	1.04808
99	105	0.969277
99	115	0.942874
99	131	0.983441
99	146	1.01807
99	148	1.03505
99	156	1.01008
99	158	0.998671
99	161	1.00257
99	169	0.983618
99	170	1.00456
99	172	0.990592
99	173	0.972414
99	175	0.984432
99	180	0.982683
100	16	1.03868
100	39	0.928091
100	41	1.07017
100	49	0.999114
100	52	0.999097
100	55	0.999133
100	58	1.0018
100	68	0.949387
100	75	1.02194
100	80	1.01713
100	84	0.971716
100	87	0.985519
100	110	0.975449
100	112	1.01729
100	147	0.961395
100	159	1.04088
100	173	1.04149
100	176	0.993248
100	177	1.01244
100	180	0.981884
101	60	0.971494
101	75	1.0055
101	77	0.890335
101	108	1.00325
101	135	1.02559
101	138	1.07999
101	149	1.075
101	150	0.969876
101	153	1.06146
101	155	0.958047
101	159	0.941097
101	163	1.06414
101	164	0.991739
101	166	0.973428
101	168	1.07526
101	169	1.03147
101	174	0.991927
101	176	0.969234
101	177	0.959541
101	178	0.980864
101	179	0.976858
102	10	1.01173
102	15	1.01173
102	23	0.942768
102	26	0.942768
102	33	0.894446
102	40	1.01374
102	41	1.03332
102	46	0.970164
102	67	0.942805
102	70	0.921359
102	87	0.96089
102	94	1.01961
102	106	0.99212
102	117	1.04582
102	132	1.07074
102	133	1.05089
102	145	1.06701
102	162	0.961522
102	167	1.10281
102	171	0.974386
102	175	1.07309
103	66	0.912508
103	68	1.10665
103	78	1.15386
103	89	0.962348
103	90	0.956737
103	107	0.937578
103	116	0.956729
103	132	0.9845
103	137	1.05678
103	142	1.078
103	145	0.97996
103	148	1.0428
103	155	0.959797
103	163	1.02404
103	166	0.975178
103	167	1.0219
103	174	0.993677
103	176	0.970984
103	177	0.961292
103	178	0.982614
103	179	0.978608
104	2	1.04258
104	9	0.90777
104	21	1.0058
104	44	0.956979
104	73	1.09784
104	91	1.08051
104	95	1.06431
104	108	1.04677
104	111	1.04556
104	112	0.931749
104	113	0.92964
104	114	1.05387
104	121	1.06458
104	125	0.934497
104	139	1.03896
104	145	0.929053
104	147	0.912896
104	161	1.01868
104	176	0.944749
104	177	0.963944
104	180	1.04052
105	19	0.944751
105	34	1.0238
105	44	0.986748
105	60	1.02414
105	71	1.09006
105	79	0.998436
105	90	1.07556
105	99	0.969277
105	112	1.0345
105	120	0.959822
105	131	0.951565
105	141	1.045
105	146	0.98619
105	156	0.978202
105	157	1.09864
105	160	0.957147
105	167	0.970575
105	170	0.972682
105	172	0.958716
105	173	0.940538
105	180	1.03614
106	77	0.962305
106	102	0.99212
106	119	1.09949
106	128	0.856726
106	140	0.91031
106	142	0.969368
106	144	1.07256
106	146	0.923422
106	147	1.06302
106	148	0.934171
106	150	1.04185
106	154	0.95008
106	165	1.07713
106	166	1.0454
106	167	0.913271
106	173	0.941402
106	174	1.0639
106	176	1.0412
106	177	1.03151
106	178	1.05283
106	179	1.04883
107	18	1.03711
107	76	1.02686
107	90	0.945406
107	103	0.937578
107	108	1.01181
107	117	0.99488
107	135	1.01601
107	145	0.96863
107	146	1.08072
107	150	0.960296
107	158	1.06342
107	160	1.07642
107	164	0.982159
107	165	0.995579
107	166	0.963848
107	173	1.0987
107	174	0.982347
107	176	0.959654
107	177	0.949961
107	178	0.971284
107	179	0.967278
108	21	0.970091
108	25	0.973453
108	42	0.905678
108	73	1.06213
108	74	1.09562
108	81	1.02064
108	82	1.01687
108	88	0.979054
108	91	1.0448
108	95	1.0286
108	101	1.00325
108	104	1.04677
108	107	1.01181
108	111	1.00985
108	114	1.01816
108	119	0.88427
108	122	1.02478
108	140	0.962251
108	154	1.00202
108	159	0.992742
108	176	0.945104
108	180	1.00481
109	15	0.964999
109	20	1.01904
109	21	1.04879
109	38	0.912477
109	98	1.01433
109	111	0.945257
109	126	1.01654
109	139	1.01518
109	147	1.03581
109	149	1.00343
109	151	0.94023
109	152	1.01984
109	156	0.967316
109	157	0.980224
109	169	1.03448
109	172	0.9902
109	173	1.00631
109	175	1.0147
109	176	1.01399
109	177	1.00429
109	178	1.02562
109	179	1.02161
110	5	0.919514
110	30	1.01877
110	33	0.955725
110	43	1.07954
110	48	1.01984
110	71	0.989199
110	85	1.01481
110	90	0.994006
110	98	1.02853
110	100	0.975449
110	118	1.01663
110	126	1.03074
110	130	0.91495
110	132	0.953986
110	134	1.05367
110	139	1.02938
110	148	1.00696
110	149	0.999048
110	162	0.9833
110	167	1.03353
110	175	1.0289
110	180	0.954585
111	25	0.972241
111	46	0.977596
111	56	1.00706
111	59	0.944073
111	73	1.06092
111	81	1.01943
111	82	1.01565
111	84	1.02108
111	104	1.04556
111	108	1.00985
111	109	0.945257
111	114	1.01694
111	121	1.02765
111	122	1.02357
111	139	1.00204
111	162	0.995468
111	166	0.989137
111	167	0.991038
111	171	0.95975
111	172	1.00306
111	176	0.970931
111	180	1.0036
112	27	0.857413
112	31	1.03559
112	49	1.0264
112	58	1.02909
112	83	1.04324
112	84	0.999003
112	100	1.01729
112	104	0.931749
112	105	1.0345
112	133	0.938935
112	154	1.00115
112	156	0.979989
112	159	0.990682
112	160	0.996709
112	163	1.01655
112	168	1.00873
112	170	0.976631
112	171	1.0263
112	176	1.01882
112	177	1.00913
112	178	1.03045
112	179	1.02644
113	41	0.919256
113	93	0.984589
113	104	0.92964
113	115	1.08804
113	137	1.00834
113	138	0.998667
113	148	1.01181
113	149	1.01618
113	150	0.962799
113	152	1.03259
113	153	1.02997
113	154	1.00907
113	157	0.992978
113	162	0.985989
113	163	1.02447
113	166	0.986844
113	168	1.01665
113	169	1.04723
113	170	0.974522
113	172	1.00076
113	175	1.02746
113	178	0.950118
114	2	1.01396
114	10	0.985557
114	20	0.967271
114	25	0.980547
114	44	0.99141
114	72	0.890914
114	73	1.06923
114	88	0.986149
114	104	1.05387
114	108	1.01816
114	111	1.01694
114	116	1.00648
114	121	1.03596
114	122	1.03188
114	139	1.01035
114	158	0.99214
114	162	1.00377
114	168	1.01254
114	170	0.985066
114	171	0.968
114	175	0.969566
114	180	1.0119
115	4	0.984559
115	37	1.00265
115	61	0.918372
115	99	0.942874
115	113	1.08804
115	125	1.0929
115	130	0.992972
115	131	0.925161
115	136	0.857978
115	138	1.14124
115	146	0.959787
115	150	1.09731
115	156	0.951799
115	158	0.940391
115	160	0.930744
115	161	1.11168
115	170	0.946278
115	171	1.09197
115	172	0.932313
115	173	0.914135
115	179	1.09617
115	180	1.09179
116	43	0.953149
116	89	0.970168
116	103	0.956729
116	114	1.00648
116	119	1.03709
116	120	1.05954
116	126	1.02979
116	129	1.0236
116	141	1.00854
116	145	0.98778
116	147	1.00062
116	150	0.979447
116	155	0.967617
116	158	1.024
116	159	0.950667
116	163	1.03329
116	167	1.03115
116	168	1.0444
116	174	1.0015
116	176	0.978805
116	177	0.969112
116	178	0.990435
116	179	0.986429
117	28	0.810075
117	45	0.913165
117	56	0.976811
117	70	1.02643
117	102	1.04582
117	107	0.99488
117	126	0.94692
117	133	1.08706
117	143	1.06505
117	146	1.09294
117	149	1.06142
117	150	0.922332
117	154	1.05431
117	157	1.03821
117	158	1.07354
117	162	1.0666
117	164	0.893308
117	168	1.06189
117	171	1.07946
117	173	1.04728
117	174	0.898143
117	176	0.92817
117	179	0.921191
118	5	0.872837
118	22	0.962129
118	43	1.03286
118	46	1.0205
118	48	0.973159
118	55	1.02987
118	66	1.06705
118	85	0.968135
118	98	0.981851
118	110	1.01663
118	125	0.982492
118	126	0.984064
118	134	1.00699
118	137	1.06882
118	139	0.982699
118	154	1.07075
118	164	0.978969
118	167	0.98685
118	175	0.982221
118	177	1.03303
118	178	0.995311
118	179	1.00685
118	180	1.00247
119	16	0.899451
119	18	0.909567
119	76	0.899311
119	79	1.06911
119	92	0.882734
119	106	1.09949
119	108	0.88427
119	116	1.03709
119	124	0.953121
119	144	1.08271
119	145	1.06033
119	150	1.05199
119	153	0.942478
119	156	0.932155
119	158	0.935872
119	159	1.02321
119	164	1.07386
119	165	1.08728
119	172	0.955039
119	176	1.05135
119	177	1.04166
119	178	1.06298
119	179	1.05897
120	38	1.04718
120	40	0.963284
120	86	0.978587
120	105	0.959822
120	116	1.05954
120	127	0.95954
120	129	0.952539
120	133	1.00274
120	139	1.03761
120	142	0.946404
120	151	1.00413
120	154	1.08917
120	155	1.04253
120	156	1.00062
120	158	0.989216
120	160	0.979569
120	167	0.992997
120	170	0.995103
120	171	1.02107
120	172	0.981138
120	173	0.96296
120	175	1.02263
120	180	1.02089
121	20	0.977981
121	21	0.987895
121	22	0.960174
121	56	1.02607
121	62	1.08381
121	81	1.03844
121	82	1.03467
121	88	0.996858
121	95	1.0464
121	104	1.06458
121	111	1.02765
121	114	1.03596
121	122	1.04258
121	132	0.937708
121	133	0.917858
121	147	0.917817
121	154	1.00659
121	157	1.00081
121	159	0.997307
121	162	1.01448
121	166	0.967877
121	177	0.968865
121	178	0.93115
121	180	1.02261
122	25	0.987172
122	42	0.91876
122	51	0.962143
122	53	1.01393
122	56	1.02199
122	62	1.07972
122	68	1.06305
122	73	1.07585
122	82	1.03058
122	95	1.04232
122	108	1.02478
122	111	1.02357
122	114	1.03188
122	121	1.04258
122	132	0.946224
122	147	0.926333
122	150	0.952348
122	160	0.984149
122	161	0.996687
122	162	1.0104
122	165	0.914024
122	168	0.991545
122	171	0.947006
122	180	1.01853
123	23	1.03742
123	36	1.05627
123	46	1.00588
123	55	0.997851
123	83	1.0543
123	95	0.943408
123	125	1.0036
123	132	1.01613
123	134	0.973026
123	138	0.974541
123	140	1.0144
123	143	0.99569
123	146	1.01207
123	149	0.992054
123	153	1.00584
123	154	0.984948
123	155	0.992092
123	157	0.968853
123	161	0.983521
123	163	1.00035
123	166	1.00001
123	168	0.992527
123	170	0.987693
123	177	1.001
123	180	1.00536
124	7	0.921509
124	37	0.948716
124	52	1.01885
124	60	0.990593
124	76	0.990354
124	93	0.968287
124	96	1.05593
124	119	0.953121
124	137	0.992041
124	138	0.982365
124	139	1.01931
124	141	1.01718
124	143	1.00351
124	152	1.01629
124	153	1.01366
124	154	0.992771
124	166	1.03216
124	168	1.00035
124	169	1.03093
124	171	1.01792
124	175	1.01115
124	176	1.01396
124	178	0.995435
124	179	1.00698
124	180	1.01319
125	22	0.974671
125	27	0.860162
125	39	1.10246
125	63	1.07312
125	64	1.07078
125	76	0.949893
125	104	0.934497
125	115	1.0929
125	118	0.982492
125	123	1.0036
125	126	0.996606
125	134	1.01954
125	143	0.987122
125	144	1.0254
125	146	1.00375
125	151	0.955652
125	160	0.999458
125	161	0.974954
125	163	0.991778
125	166	0.998241
125	173	1.02173
125	175	0.994762
125	176	0.994047
125	177	0.984354
125	179	1.00167
126	5	0.886951
126	22	0.976242
126	43	1.04698
126	48	0.987272
126	59	0.975639
126	66	1.08117
126	79	0.953432
126	85	0.982249
126	98	0.995964
126	109	1.01654
126	110	1.03074
126	116	1.02979
126	117	0.94692
126	118	0.984064
126	125	0.996606
126	134	1.02111
126	137	1.05748
126	139	0.996812
126	150	0.996659
126	159	1.05013
126	161	1.01102
126	167	1.00096
126	175	0.996334
126	179	0.995518
126	180	0.991134
127	42	1.02941
127	44	0.986466
127	65	1.11314
127	71	1.08428
127	86	0.955883
127	91	1.01811
127	97	0.980038
127	120	0.95954
127	129	0.962012
127	130	1.01909
127	146	0.985908
127	147	1.00987
127	151	0.981428
127	156	0.97792
127	158	0.966513
127	160	0.956865
127	162	0.959567
127	167	0.970293
127	168	1.07508
127	170	0.9724
127	172	0.958434
127	173	0.940256
127	175	1.03211
127	177	1.06092
127	178	1.0232
127	180	1.03036
128	36	1.09607
128	47	1.0405
128	51	0.951266
128	57	1.03753
128	65	1.00337
128	77	1.07733
128	87	1.00208
128	92	0.907131
128	106	0.856726
128	129	0.8676
128	137	1.02402
128	138	1.01434
128	139	0.952667
128	142	1.02351
128	148	1.02748
128	152	1.04826
128	153	1.04564
128	154	1.02475
128	165	0.903147
128	167	1.04776
128	168	1.03233
128	169	1.06291
128	171	1.0499
128	174	0.917283
128	176	0.94731
128	180	1.04516
129	3	1.17356
129	48	0.896546
129	77	0.958955
129	88	0.977514
129	116	1.0236
129	120	0.952539
129	127	0.962012
129	128	0.8676
129	141	0.901535
129	144	1.06921
129	145	1.04683
129	150	1.0385
129	153	0.923603
129	155	1.02667
129	164	1.06036
129	165	1.07378
129	166	1.04205
129	168	0.937396
129	169	0.893609
129	170	0.909922
129	174	1.06055
129	175	1.03857
129	176	1.03785
129	177	1.02816
129	178	1.04948
129	179	1.04548
130	1	1.08488
130	34	1.10577
130	53	0.96293
130	78	0.972263
130	88	1.00623
130	97	1.0623
130	110	0.91495
130	115	0.992972
130	127	1.01909
130	133	1.06229
130	136	0.966356
130	139	0.938106
130	143	0.949116
130	146	1.06817
130	149	0.965848
130	156	1.06018
130	158	1.04877
130	159	0.980386
130	160	1.03912
130	170	1.05466
130	171	0.921568
130	172	1.04069
130	173	1.02251
130	175	0.923134
130	179	0.92577
130	180	0.921385
131	35	1.03875
131	38	1.03893
131	47	1.04537
131	50	0.987604
131	52	1.05264
131	83	0.97495
131	99	0.983441
131	105	0.951565
131	115	0.925161
131	136	0.898545
131	142	0.938147
131	143	1.06316
131	144	0.982261
131	146	1.00035
131	151	0.995874
131	153	1.06636
131	155	1.05708
131	158	0.980959
131	160	0.971311
131	164	1.01193
131	166	1.065
131	170	0.986846
131	172	0.97288
131	173	0.954702
131	174	1.01677
131	176	1.04679
132	25	1.0682
132	56	1.02043
132	66	0.882502
132	76	1.05111
132	82	0.955254
132	85	1.00139
132	98	0.999026
132	102	1.07074
132	103	0.9845
132	110	0.953986
132	121	0.937708
132	122	0.946224
132	123	1.01613
132	134	0.963003
132	140	1.01836
132	152	1.01243
132	153	1.0098
132	156	1.01955
132	169	1.02707
132	170	1.01403
132	172	1.00006
132	173	0.981884
132	174	1.02927
132	176	1.00658
132	177	0.996884
132	178	1.01821
132	179	1.0142
133	19	0.987668
133	27	1.14509
133	33	1.10021
133	63	0.961993
133	67	1.05022
133	102	1.05089
133	112	0.938935
133	117	1.08706
133	120	1.00274
133	121	0.917858
133	130	1.06229
133	136	0.927298
133	142	0.966899
133	143	0.968302
133	145	0.936239
133	151	1.02463
133	152	0.958059
133	156	1.02112
133	158	1.00971
133	159	0.999572
133	160	1.00006
133	162	1.00277
133	170	1.0156
133	171	0.940755
133	172	1.00163
133	173	0.983455
133	179	0.944956
134	5	0.909881
134	14	0.942915
134	22	0.999173
134	33	0.946092
134	43	1.06991
134	48	1.0102
134	57	0.971452
134	61	1.05035
134	66	1.1041
134	67	1.07325
134	71	0.979566
134	85	1.00518
134	87	1.01254
134	90	1.00302
134	98	1.01889
134	110	1.05367
134	118	1.00699
134	123	0.973026
134	125	1.01954
134	126	1.02111
134	132	0.963003
134	144	0.910432
134	167	1.02389
134	175	1.01926
134	177	0.99416
134	178	0.956445
134	179	0.967986
135	6	1.06717
135	30	1.01378
135	45	1.04738
135	49	0.935054
135	63	1.00132
135	64	0.81422
135	68	1.00656
135	96	1.04847
135	101	1.02559
135	107	1.01601
135	147	1.07124
135	150	1.05006
135	154	0.958617
135	158	0.914659
135	160	0.927663
135	163	0.923945
135	164	1.07192
135	168	0.935058
135	169	0.891271
135	171	1.0569
135	172	0.933826
135	173	0.949938
135	174	1.07211
135	176	1.04942
135	177	1.03973
135	178	1.06105
135	179	1.05704
135	180	1.05217
136	31	0.904755
136	41	0.990847
136	44	0.933729
136	45	1.14404
136	61	0.891755
136	63	0.866056
136	71	1.2016
136	76	0.956744
136	83	0.907767
136	97	0.927301
136	115	0.857978
136	130	0.966356
136	131	0.898545
136	133	0.927298
136	138	1.19714
136	142	0.870963
136	146	0.933171
136	147	1.1272
136	151	0.928691
136	152	1.16517
136	156	0.925183
136	161	1.16758
136	170	0.919662
136	171	1.14787
136	172	0.905696
136	173	0.887519
136	174	1.12902
136	177	1.17824
136	179	1.15207
137	3	0.887878
137	7	0.885734
137	44	1.05096
137	54	0.990564
137	65	0.935621
137	77	1.16876
137	103	1.05678
137	113	1.00834
137	118	1.06882
137	124	0.992041
137	126	1.05748
137	128	1.02402
137	141	0.981403
137	144	0.9742
137	148	0.959729
137	149	0.964103
137	152	0.980513
137	153	0.977889
137	154	0.956996
137	157	0.940901
137	160	1.0647
137	163	0.972394
137	164	1.00387
137	168	0.964575
137	169	0.995155
137	171	0.982146
137	173	1.08697
137	176	1.03873
137	179	1.03175
138	2	0.991894
138	7	0.876057
138	18	1.01083
138	48	1.01435
138	74	1.17235
138	89	1.01612
138	93	0.922835
138	94	0.97748
138	101	1.07999
138	113	0.998667
138	115	1.14124
138	123	0.974541
138	124	0.982365
138	128	1.01434
138	136	1.19714
138	141	0.971727
138	144	0.957308
138	148	0.950052
138	152	0.970836
138	153	0.968213
138	161	0.945894
138	162	1.03919
138	163	0.962718
138	167	0.970332
138	168	0.954899
138	169	0.985479
138	171	0.97247
138	179	1.01486
138	180	0.967735
139	20	0.952369
139	85	0.980883
139	93	1.06019
139	104	1.03896
139	109	1.01518
139	110	1.02938
139	111	1.00204
139	114	1.01035
139	118	0.982699
139	120	1.03761
139	124	1.01931
139	126	0.996812
139	128	0.952667
139	130	0.938106
139	141	0.986602
139	147	1.01607
139	148	1.03011
139	151	0.971262
139	152	0.995229
139	158	1.00206
139	161	0.97516
139	167	0.999598
139	168	1.02246
139	169	0.978676
139	174	1.01695
139	176	0.994254
139	177	0.984561
139	178	1.00588
139	179	1.00188
139	180	0.997002
140	24	0.994081
140	33	1.14916
140	47	1.00293
140	54	1.02075
140	62	0.923757
140	72	0.912627
140	74	1.15141
140	93	0.962693
140	96	1.04286
140	106	0.91031
140	108	0.962251
140	123	1.0144
140	132	1.01836
140	141	1.01159
140	145	0.985197
140	148	0.98991
140	149	0.994284
140	152	1.01069
140	153	1.00807
140	154	0.987178
140	157	0.971083
140	161	0.985752
140	163	1.00258
140	164	0.966032
140	168	0.994757
140	169	1.02534
140	175	1.00556
140	176	1.00089
140	177	1.02009
140	178	0.982373
141	22	0.991749
141	31	1.04609
141	40	1.06107
141	52	1.00821
141	105	1.045
141	116	1.00854
141	124	1.01718
141	129	0.901535
141	137	0.981403
141	138	0.971727
141	139	0.986602
141	140	1.01159
141	142	1.05745
141	148	0.984866
141	149	0.98924
141	152	1.00565
141	153	1.00303
141	154	0.982134
141	155	0.991529
141	156	0.990488
141	157	0.966038
141	159	1.02888
141	163	0.997531
141	168	0.989712
141	169	1.02029
141	171	1.00728
141	175	1.00052
141	176	0.981245
141	179	0.974266
141	180	1.00255
142	14	0.996822
142	27	1.08876
142	35	1.01117
142	61	0.931357
142	74	1.21046
142	76	0.996346
142	78	0.87687
142	83	0.947368
142	86	0.942747
142	89	1.05423
142	92	1.00279
142	97	0.966903
142	103	1.078
142	106	0.969368
142	120	0.946404
142	128	1.02351
142	131	0.938147
142	133	0.966899
142	136	0.870963
142	141	1.05745
142	146	0.972772
142	149	1.09305
142	151	0.968292
142	157	1.11109
142	160	0.943729
142	161	1.06848
142	170	0.959264
142	172	0.945298
142	173	0.92712
142	175	1.05034
142	178	1.04143
142	180	1.04859
143	2	0.970167
143	8	1.21254
143	13	1.02834
143	40	1.04741
143	54	1.00204
143	57	0.98125
143	65	0.947093
143	71	0.947152
143	117	1.06505
143	123	0.99569
143	124	1.00351
143	125	0.987122
143	130	0.949116
143	131	1.06316
143	133	0.968302
143	148	0.971201
143	153	0.989361
143	154	0.968468
143	156	1.00936
143	157	0.952373
143	160	1.02608
143	161	0.967042
143	162	1.01747
143	163	0.983866
143	164	0.965253
143	167	0.99148
143	168	0.976047
143	169	1.00663
143	173	1.04835
143	174	0.970088
143	177	1.01931
143	178	0.981594
143	180	0.988884
144	3	1.18874
144	8	0.919706
144	13	0.905971
144	18	0.905869
144	30	0.988773
144	49	0.952568
144	59	1.03134
144	81	0.92135
144	106	1.07256
144	119	1.08271
144	125	1.0254
