1	3	0.776079
1	4	0.785514
1	13	0.757404
1	15	0.858684
1	17	0.839743
1	18	0.829836
1	24	0.815782
1	25	0.815507
1	137	1.89541
1	147	2.38853
1	150	0.762064
1	172	5.64012
2	10	0.754271
2	23	0.813918
2	34	0.804659
2	38	0.8132
2	42	0.813384
2	44	0.85908
2	142	1.69542
2	154	0.813485
2	155	0.801618
2	157	0.734464
2	165	2.14068
2	168	5.16961
3	1	0.776079
3	4	0.699203
3	13	0.671093
3	15	0.772373
3	17	0.753433
3	18	0.743526
3	24	0.729472
3	25	0.729196
3	93	3.84542
3	94	0.682808
3	140	3.18398
3	150	0.675753
4	1	0.785514
4	3	0.699203
4	13	0.680528
4	15	0.781808
4	17	0.762867
4	18	0.75296
4	24	0.738906
4	25	0.738631
4	97	2.89568
4	107	3.8894
4	150	0.685188
5	10	0.754271
5	23	0.813918
5	34	0.804659
5	38	0.8132
5	42	0.813384
5	44	0.85908
5	134	1.69627
5	144	2.76638
5	154	0.813485
5	155	0.801618
5	157	0.734464
5	162	5.10396
6	8	0.807202
6	14	0.87595
6	27	0.784797
6	31	0.851219
6	32	0.83917
6	33	0.839185
6	41	0.839218
6	105	1.48253
6	126	3.38716
6	158	0.776656
6	164	3.65818
7	10	0.754271
7	23	0.813918
7	34	0.804659
7	38	0.8132
7	42	0.813384
7	44	0.85908
7	92	1.76965
7	154	0.813485
7	155	0.801618
7	157	0.734464
7	179	2.13451
7	180	5.57039
8	6	0.807202
8	11	0.76755
8	14	0.75564
8	16	0.683354
8	27	0.664487
8	31	0.730909
8	32	0.71886
8	33	0.718875
8	41	0.718909
8	142	3.1912
8	158	0.656346
8	164	4.64676
9	29	0.810223
9	39	0.789876
9	43	0.761814
9	47	0.848106
9	49	0.760639
9	50	0.787182
9	55	0.810193
9	109	2.31387
9	138	2.76717
9	158	0.718434
9	167	0.826871
9	171	4.43663
9	174	0.725054
10	2	0.754271
10	5	0.754271
10	7	0.754271
10	23	0.699662
10	34	0.690402
10	38	0.698943
10	42	0.699127
10	44	0.744824
10	102	9.6
10	140	3.85905
10	154	0.699228
10	155	0.687361
10	157	0.620208
11	8	0.76755
11	16	0.764011
11	27	0.745144
11	31	0.811566
11	32	0.799517
11	33	0.799532
11	41	0.799566
11	115	0.775465
11	129	3.3118
11	141	0.814052
11	149	2.65317
11	158	0.737003
11	176	3.94404
12	46	0.727639
12	48	0.741841
12	51	0.669076
12	56	0.715066
12	57	0.715024
12	58	0.715094
12	59	0.715258
12	60	0.71549
12	61	0.71576
12	63	0.777594
12	145	2.6723
12	163	4.40433
13	1	0.757404
13	3	0.671093
13	4	0.680528
13	15	0.753698
13	17	0.734758
13	18	0.724851
13	24	0.710797
13	25	0.710521
13	84	0.750754
13	94	0.664132
13	105	3.31268
13	136	4.62039
13	150	0.657078
14	6	0.87595
14	8	0.75564
14	16	0.752101
14	27	0.733235
14	31	0.799657
14	32	0.787607
14	33	0.787622
14	41	0.787656
14	110	2.23775
14	111	3.27138
14	129	4.14631
14	141	0.802142
14	158	0.725093
15	1	0.858684
15	3	0.772373
15	4	0.781808
15	13	0.753698
15	17	0.836037
15	18	0.82613
15	24	0.812076
15	25	0.811801
15	109	1.66102
15	149	3.20294
15	150	0.758358
15	176	4.4938
16	8	0.683354
16	11	0.764011
16	14	0.752101
16	27	0.660949
16	31	0.727371
16	32	0.715321
16	33	0.715336
16	41	0.71537
16	115	0.691269
16	137	5.26004
16	141	0.729856
16	146	2.77718
16	158	0.652807
17	1	0.839743
17	3	0.753433
17	4	0.762867
17	13	0.734758
17	15	0.836037
17	18	0.80719
17	24	0.793136
17	25	0.79286
17	94	0.746472
17	108	1.65864
17	133	4.57094
17	150	0.739417
17	165	3.0856
18	1	0.829836
18	3	0.743526
18	4	0.75296
18	13	0.724851
18	15	0.82613
18	17	0.80719
18	24	0.783229
18	25	0.782954
18	84	0.823186
18	137	3.39344
18	150	0.729511
18	161	1.79827
18	173	4.45463
19	26	0.744034
19	46	0.714244
19	48	0.728447
19	51	0.655682
19	56	0.701672
19	57	0.701629
19	58	0.701699
19	59	0.701864
19	60	0.702096
19	61	0.702366
19	63	0.7642
19	138	2.44871
19	178	5.72136
20	22	0.840075
20	35	0.791166
20	36	0.809859
20	37	0.823496
20	40	0.789414
20	54	0.843575
20	88	2.78363
20	92	3.00835
20	115	3.22779
20	150	0.751314
20	167	0.841782
20	174	0.739965
21	28	0.865987
21	45	0.751904
21	52	0.750261
21	53	0.749672
21	62	0.813173
21	64	0.7435
21	65	0.743319
21	68	0.7894
21	111	2.42287
21	145	2.02219
21	154	0.767969
21	155	0.756102
21	162	0.707896
21	172	6.68014
22	20	0.840075
22	35	0.790351
22	36	0.809043
22	37	0.822681
22	40	0.788599
22	54	0.84276
22	150	0.750499
22	153	2.26233
22	167	0.840967
22	170	4.14147
22	171	3.79594
22	174	0.739149
23	2	0.813918
23	5	0.813918
23	7	0.813918
23	10	0.699662
23	34	0.75005
23	38	0.75859
23	42	0.758775
23	44	0.804471
23	107	2.31692
23	117	1.93262
23	154	0.758876
23	155	0.747009
23	157	0.679855
23	168	5.90827
24	1	0.815782
24	3	0.729472
24	4	0.738906
24	13	0.710797
24	15	0.812076
24	17	0.793136
24	18	0.783229
24	25	0.7689
24	84	0.809132
24	88	2.50295
24	94	0.722511
24	135	5.41608
24	150	0.715457
24	151	1.67778
25	1	0.815507
25	3	0.729196
25	4	0.738631
25	13	0.710521
25	15	0.811801
25	17	0.79286
25	18	0.782954
25	24	0.7689
25	84	0.808857
25	94	0.722235
25	107	3.39368
25	140	1.77729
25	150	0.715181
25	165	3.9561
26	19	0.744034
26	46	0.773235
26	48	0.787437
26	51	0.714673
26	56	0.760663
26	57	0.76062
26	58	0.76069
26	59	0.760855
26	60	0.761087
26	61	0.761357
26	63	0.823191
26	92	1.8351
26	157	4.51853
26	158	3.63265
27	6	0.784797
27	8	0.664487
27	11	0.745144
27	14	0.733235
27	16	0.660949
27	31	0.708504
27	32	0.696454
27	33	0.696469
27	41	0.696503
27	73	4.11217
27	89	5.03725
27	115	0.672402
27	141	0.710989
27	158	0.63394
28	21	0.865987
28	45	0.840395
28	52	0.838752
28	53	0.838163
28	64	0.831991
28	65	0.83181
28	68	0.877892
28	92	2.1869
28	148	2.58277
28	151	1.137
28	154	0.85646
28	155	0.844594
28	162	0.796387
28	166	5.03623
29	9	0.810223
29	39	0.789029
29	43	0.760967
29	47	0.847259
29	49	0.759792
29	50	0.786335
29	55	0.809346
29	133	2.89853
29	158	0.717588
29	167	0.826025
29	171	2.97109
29	173	3.74771
29	174	0.724208
30	45	0.766433
30	52	0.764789
30	53	0.764201
30	62	0.827701
30	64	0.758029
30	65	0.757847
30	68	0.803929
30	74	1.95987
30	117	1.68831
30	135	0.709754
30	154	0.782498
30	155	0.770631
30	157	5.65107
30	162	0.722425
31	6	0.851219
31	8	0.730909
31	11	0.811566
31	14	0.799657
31	16	0.727371
31	27	0.708504
31	32	0.762876
31	33	0.762892
31	41	0.762925
31	141	0.777411
31	153	1.51659
31	158	0.700363
31	164	2.29946
31	172	6.30719
32	6	0.83917
32	8	0.71886
32	11	0.799517
32	14	0.787607
32	16	0.715321
32	27	0.696454
32	31	0.762876
32	33	0.750842
32	41	0.750876
32	115	0.726775
32	139	2.62133
32	141	0.765362
32	148	1.89114
32	158	0.688313
32	169	5.73631
33	6	0.839185
33	8	0.718875
33	11	0.799532
33	14	0.787622
33	16	0.715336
33	27	0.696469
33	31	0.762892
33	32	0.750842
33	41	0.750891
33	115	0.72679
33	137	2.65111
33	141	0.765377
33	158	0.688328
33	159	4.18662
33	178	4.53888
34	2	0.804659
34	5	0.804659
34	7	0.804659
34	10	0.690402
34	23	0.75005
34	38	0.749331
34	42	0.749515
34	44	0.795212
34	81	0.689016
34	103	2.44759
34	149	3.8067
34	154	0.749616
34	155	0.737749
34	157	0.670596
34	174	4.27368
35	20	0.791166
35	22	0.790351
35	36	0.760134
35	37	0.773772
35	40	0.73969
35	54	0.793851
35	84	0.795265
35	94	0.708644
35	100	2.33285
35	115	3.15429
35	129	0.678169
35	150	0.70159
35	152	4.74447
35	167	0.792057
35	174	0.69024
36	20	0.809859
36	22	0.809043
36	35	0.760134
36	37	0.792464
36	40	0.758382
36	54	0.812543
36	94	0.727337
36	129	0.696862
36	150	0.720282
36	151	2.12651
36	167	0.81075
36	174	0.708933
36	177	5.36529
36	178	3.76202
37	20	0.823496
37	22	0.822681
37	35	0.773772
37	36	0.792464
37	40	0.77202
37	54	0.826181
37	74	1.53479
37	129	0.710499
37	150	0.73392
37	153	2.07564
37	156	5.44086
37	167	0.824387
37	174	0.72257
38	2	0.8132
38	5	0.8132
38	7	0.8132
38	10	0.698943
38	23	0.75859
38	34	0.749331
38	42	0.758056
38	44	0.803752
38	106	1.65384
38	131	3.37291
38	154	0.758157
38	155	0.74629
38	157	0.679137
38	177	5.65944
39	9	0.789876
39	29	0.789029
39	43	0.74062
39	47	0.826912
39	49	0.739445
39	50	0.765988
39	55	0.788999
39	74	2.66771
39	89	3.36275
39	141	0.774289
39	158	0.69724
39	167	0.805677
39	174	0.70386
39	180	5.86906
40	20	0.789414
40	22	0.788599
40	35	0.73969
40	36	0.758382
40	37	0.77202
40	54	0.792099
40	84	0.793514
40	94	0.706892
40	108	2.05508
40	129	0.676417
40	150	0.699838
40	165	3.48204
40	167	0.790306
40	174	0.688488
40	179	4.60516
41	6	0.839218
41	8	0.718909
41	11	0.799566
41	14	0.787656
41	16	0.71537
41	27	0.696503
41	31	0.762925
41	32	0.750876
41	33	0.750891
41	105	2.97115
41	115	0.726824
41	141	0.765411
41	146	2.92696
41	148	3.91921
41	158	0.688362
42	2	0.813384
42	5	0.813384
42	7	0.813384
42	10	0.699127
42	23	0.758775
42	34	0.749515
42	38	0.758056
42	44	0.803937
42	94	3.76886
42	134	1.65821
42	154	0.758341
42	155	0.746474
42	157	0.679321
42	171	5.10097
43	9	0.761814
43	29	0.760967
43	39	0.74062
43	47	0.79885
43	49	0.711383
43	50	0.737926
43	55	0.760937
43	92	0.740993
43	97	0.729737
43	101	1.8684
43	141	0.746228
43	153	2.75562
43	158	0.669179
43	167	0.777616
43	170	5.73911
43	174	0.675799
44	2	0.85908
44	5	0.85908
44	7	0.85908
44	10	0.744824
44	23	0.804471
44	34	0.795212
44	38	0.803752
44	42	0.803937
44	81	0.743437
44	101	1.40137
44	128	2.75001
44	132	2.93497
44	154	0.804038
44	155	0.792171
44	157	0.725017
44	164	4.37895
45	21	0.751904
45	28	0.840395
45	30	0.766433
45	52	0.724669
45	53	0.72408
45	62	0.787581
45	64	0.717908
45	65	0.717727
45	68	0.763809
45	81	3.16251
45	135	0.669634
45	136	2.63337
45	154	0.742377
45	155	0.730511
45	156	4.77616
45	162	0.682304
46	12	0.727639
46	19	0.714244
46	26	0.773235
46	48	0.757648
46	51	0.684884
46	56	0.730874
46	57	0.730831
46	58	0.730901
46	59	0.731065
46	60	0.731298
46	61	0.731567
46	63	0.793401
46	138	3.10745
46	141	0.761671
46	147	2.6329
46	160	8.34599
47	9	0.848106
47	29	0.847259
47	39	0.826912
47	43	0.79885
47	49	0.797675
47	50	0.824218
47	55	0.847229
47	87	1.76717
47	128	2.27992
47	141	0.832519
47	158	0.755471
47	167	0.863908
47	170	3.53198
47	174	0.76209
47	177	6.39291
48	12	0.741841
48	19	0.728447
48	26	0.787437
48	46	0.757648
48	51	0.699086
48	56	0.745076
48	57	0.745033
48	58	0.745103
48	59	0.745267
48	60	0.7455
48	61	0.74577
48	63	0.807603
48	96	4.16307
48	162	2.75211
48	166	3.58062
49	9	0.760639
49	29	0.759792
49	39	0.739445
49	43	0.711383
49	47	0.797675
49	50	0.736751
49	55	0.759762
49	81	4.83749
49	92	0.739818
49	97	0.728561
49	134	1.22676
49	141	0.745052
49	158	0.668003
49	163	3.78733
49	167	0.77644
49	174	0.674623
50	9	0.787182
50	29	0.786335
50	39	0.765988
50	43	0.737926
50	47	0.824218
50	49	0.736751
50	55	0.786305
50	141	0.771596
50	144	1.92603
50	158	0.694547
50	167	0.802984
50	174	0.701167
50	175	5.39817
50	179	2.72261
51	12	0.669076
51	19	0.655682
51	26	0.714673
51	46	0.684884
51	48	0.699086
51	56	0.672311
51	57	0.672269
51	58	0.672339
51	59	0.672503
51	60	0.672735
51	61	0.673005
51	63	0.734839
51	112	0.696565
51	117	4.39871
51	141	0.703109
51	145	4.1805
52	21	0.750261
52	28	0.838752
52	30	0.764789
52	45	0.724669
52	53	0.722437
52	62	0.785938
52	64	0.716265
52	65	0.716084
52	68	0.762165
52	106	2.2722
52	130	3.60799
52	133	0.677327
52	154	0.740734
52	155	0.728867
52	162	0.680661
52	166	5.16516
53	21	0.749672
53	28	0.838163
53	30	0.764201
53	45	0.72408
53	52	0.722437
53	62	0.785349
53	64	0.715676
53	65	0.715495
53	68	0.761577
53	115	2.01853
53	126	3.15154
53	133	0.676739
53	154	0.740145
53	155	0.728278
53	162	0.680072
53	178	5.57334
54	20	0.843575
54	22	0.84276
54	35	0.793851
54	36	0.812543
54	37	0.826181
54	40	0.792099
54	84	0.847675
54	94	0.761053
54	97	1.96588
54	118	2.66146
54	126	4.2613
54	129	0.730578
54	146	2.31247
54	150	0.753999
54	167	0.844466
54	174	0.742649
55	9	0.810193
55	29	0.809346
55	39	0.788999
55	43	0.760937
55	47	0.847229
55	49	0.759762
55	50	0.786305
55	92	0.789372
55	97	0.778116
55	109	3.40901
55	118	3.11332
55	140	1.79505
55	141	0.794606
55	142	3.5286
55	158	0.717558
55	167	0.825995
55	174	0.724177
56	12	0.715066
56	19	0.701672
56	26	0.760663
56	46	0.730874
56	48	0.745076
56	51	0.672311
56	57	0.718259
56	58	0.718329
56	59	0.718493
56	60	0.718726
56	61	0.718995
56	63	0.780829
56	87	2.94205
56	101	3.43957
56	112	0.742555
56	141	0.749099
56	151	3.7438
57	12	0.715024
57	19	0.701629
57	26	0.76062
57	46	0.730831
57	48	0.745033
57	51	0.672269
57	56	0.718259
57	58	0.718286
57	59	0.71845
57	60	0.718683
57	61	0.718953
57	63	0.780786
57	112	0.742512
57	141	0.749056
57	152	2.99082
57	156	4.07951
57	166	4.03052
58	12	0.715094
58	19	0.701699
58	26	0.76069
58	46	0.730901
58	48	0.745103
58	51	0.672339
58	56	0.718329
58	57	0.718286
58	59	0.71852
58	60	0.718753
58	61	0.719023
58	63	0.780856
58	112	0.742582
58	116	5.46761
58	141	0.749126
58	173	3.66726
58	174	2.7768
59	12	0.715258
59	19	0.701864
59	26	0.760855
59	46	0.731065
59	48	0.745267
59	51	0.672503
59	56	0.718493
59	57	0.71845
59	58	0.71852
59	60	0.718917
59	61	0.719187
59	63	0.781021
59	112	0.742747
59	128	3.24371
59	132	3.42866
59	141	0.749291
59	165	3.86235
60	12	0.71549
60	19	0.702096
60	26	0.761087
60	46	0.731298
60	48	0.7455
60	51	0.672735
60	56	0.718726
60	57	0.718683
60	58	0.718753
60	59	0.718917
60	61	0.719419
60	63	0.781253
60	112	0.742979
60	129	4.14189
60	141	0.749523
60	158	3.69058
60	164	3.51649
61	12	0.71576
61	19	0.702366
61	26	0.761357
61	46	0.731567
61	48	0.74577
61	51	0.673005
61	56	0.718995
61	57	0.718953
61	58	0.719023
61	59	0.719187
61	60	0.719419
61	63	0.781523
61	112	0.743249
61	125	11.2
61	134	2.85967
61	141	0.749793
61	159	2.63744
62	21	0.813173
62	30	0.827701
62	45	0.787581
62	52	0.785938
62	53	0.785349
62	64	0.779177
62	65	0.778996
62	68	0.825078
62	115	1.9994
62	133	0.74024
62	135	0.730902
62	154	0.803646
62	155	0.791779
62	159	3.75098
62	162	0.743573
62	169	4.57002
62	176	3.21008
63	12	0.777594
63	19	0.7642
63	26	0.823191
63	46	0.793401
63	48	0.807603
63	51	0.734839
63	56	0.780829
63	57	0.780786
63	58	0.780856
63	59	0.781021
63	60	0.781253
63	61	0.781523
63	114	2.68727
63	141	0.811627
63	161	2.21668
63	165	2.53853
63	173	4.87304
64	21	0.7435
64	28	0.831991
64	30	0.758029
64	45	0.717908
64	52	0.716265
64	53	0.715676
64	62	0.779177
64	65	0.709323
64	68	0.755405
64	110	4.45416
64	127	3.36166
64	133	0.670567
64	135	0.66123
64	145	2.61634
64	154	0.733973
64	155	0.722106
64	162	0.6739
65	21	0.743319
65	28	0.83181
65	30	0.757847
65	45	0.717727
65	52	0.716084
65	53	0.715495
65	62	0.778996
65	64	0.709323
65	68	0.755224
65	127	3.97567
65	133	0.670386
65	134	2.40181
65	135	0.661048
65	151	3.67798
65	154	0.733792
65	155	0.721925
65	162	0.673719
66	67	0.713249
66	72	0.768734
66	75	0.704545
66	76	0.781524
66	78	0.753331
66	79	0.753068
66	80	0.738968
66	83	0.738534
66	85	0.741815
66	86	0.745826
66	90	0.782657
66	99	0.760305
66	135	3.34848
66	162	2.6809
66	166	0.664808
66	175	5.07192
67	66	0.713249
67	72	0.747246
67	75	0.683056
67	76	0.760036
67	78	0.731842
67	79	0.731579
67	80	0.71748
67	83	0.717046
67	85	0.720326
67	86	0.724338
67	90	0.761169
67	99	0.738816
67	112	0.729285
67	145	1.97418
67	154	0.725101
67	163	3.70622
67	166	0.64332
67	179	5.208
68	21	0.7894
68	28	0.877892
68	30	0.803929
68	45	0.763809
68	52	0.762165
68	53	0.761577
68	62	0.825078
68	64	0.755405
68	65	0.755224
68	88	2.31342
68	97	1.59516
68	114	3.30004
68	133	0.716467
68	135	0.70713
68	154	0.779874
68	155	0.768007
68	162	0.719801
68	166	5.38747
69	70	0.739361
69	71	0.691865
69	92	0.727175
69	95	0.750886
69	98	0.704432
69	104	0.734566
69	113	0.732331
69	119	0.74668
69	121	0.715674
69	122	0.750416
69	123	0.743941
69	124	0.708194
69	134	1.36753
69	148	4.08947
69	155	0.709816
69	166	0.639901
69	167	0.763798
69	179	5.42988
70	69	0.739361
70	71	0.746302
70	77	0.781374
70	95	0.805323
70	98	0.758869
70	104	0.789003
70	113	0.786768
70	119	0.801117
70	121	0.770111
70	122	0.804853
70	123	0.798378
70	124	0.762631
70	129	0.704347
70	143	5.30843
70	144	2.41798
70	153	2.26784
70	157	0.697099
70	161	3.02605
70	162	0.716047
71	69	0.691865
71	70	0.746302
71	77	0.733878
71	95	0.757827
71	98	0.711373
71	104	0.741507
71	108	2.14196
71	119	0.753621
71	121	0.722615
71	122	0.757357
71	123	0.750883
71	124	0.715135
71	133	0.665218
71	135	0.65588
71	153	2.48886
71	155	0.716757
71	162	0.668551
71	166	0.646843
71	169	7.1968
72	66	0.768734
72	67	0.747246
72	75	0.738542
72	76	0.815521
72	78	0.787328
72	79	0.787065
72	80	0.772965
72	83	0.772531
72	85	0.775812
72	86	0.779823
72	90	0.816655
72	96	4.63693
72	97	0.774823
72	99	0.794302
72	118	2.12993
72	156	4.10348
72	166	0.698805
72	179	2.94145
73	27	4.11217
73	107	0.698862
73	116	0.648978
73	118	0.708568
73	125	0.627198
73	134	0.773086
73	140	0.725938
73	141	1.82673
73	143	0.656101
73	144	0.721349
73	164	0.671395
73	170	0.666517
73	172	0.634256
73	173	0.659913
73	175	0.644022
73	177	0.637914
73	178	0.643969
73	179	0.660717
73	180	0.637438
74	30	1.95987
74	37	1.53479
74	39	2.66771
74	100	0.827152
74	114	0.768298
74	130	0.77605
74	140	0.8064
74	148	0.772532
74	159	0.74841
74	161	0.780302
74	163	0.759012
74	164	0.751857
74	165	0.767149
74	167	0.0480634
74	175	0.724484
74	176	0.734572
74	178	0.724431
74	179	0.741179
74	180	0.7179
75	66	0.704545
75	67	0.683056
75	72	0.738542
75	76	0.751332
75	78	0.723138
75	79	0.722875
75	80	0.708776
75	81	0.655797
75	83	0.708341
75	84	0.761721
75	85	0.711622
75	86	0.715634
75	90	0.752465
75	99	0.730112
75	109	2.6161
75	110	2.90809
75	154	0.716397
75	166	0.634616
75	168	6.20988
76	66	0.781524
76	67	0.760036
76	72	0.815521
76	75	0.751332
76	78	0.800118
76	79	0.799855
76	80	0.785755
76	82	3.02086
76	83	0.785321
76	85	0.788602
76	86	0.792613
76	90	0.829444
76	99	0.807092
76	100	1.53281
76	136	1.93993
76	166	0.711595
76	180	6.35657
77	70	0.781374
77	71	0.733878
77	94	3.45749
77	95	0.7929
77	98	0.746446
77	104	0.776579
77	106	2.57492
77	112	0.76788
77	113	0.774344
77	119	0.788693
77	121	0.757687
77	122	0.792429
77	123	0.785955
77	124	0.750207
77	142	2.78644
77	157	0.684676
77	162	0.703623
77	167	0.805812
77	171	4.78961
78	66	0.753331
78	67	0.731842
78	72	0.787328
78	75	0.723138
78	76	0.800118
78	79	0.771661
78	80	0.757562
78	83	0.757128
78	85	0.760408
78	86	0.76442
78	90	0.801251
78	99	0.778898
78	112	0.769367
78	140	1.40762
78	150	3.27233
78	154	0.765183
78	161	3.26458
78	166	0.683402
78	179	4.70956
79	66	0.753068
79	67	0.731579
79	72	0.787065
79	75	0.722875
79	76	0.799855
79	78	0.771661
79	80	0.757299
79	83	0.756865
79	85	0.760145
79	86	0.764157
79	90	0.800988
79	94	1.57365
79	99	0.778635
79	112	0.769104
79	154	0.76492
79	157	3.41814
79	166	0.683139
79	171	2.90576
79	180	5.90687
80	66	0.738968
80	67	0.71748
80	72	0.772965
80	75	0.708776
80	76	0.785755
80	78	0.757562
80	79	0.757299
80	83	0.742765
80	84	0.796144
80	85	0.746046
80	86	0.750057
80	90	0.786888
80	93	2.608
80	97	0.745057
80	99	0.764536
80	127	2.75999
80	150	3.81126
80	154	0.750821
80	163	3.7467
80	166	0.669039
81	34	0.689016
81	44	0.743437
81	45	3.16251
81	49	4.83749
81	75	0.655797
81	86	0.697079
81	90	0.73391
81	99	0.711557
81	147	0.653194
81	149	0.669466
81	154	0.697842
81	155	0.685975
81	157	0.618822
81	161	0.678832
81	166	0.616061
81	168	0.617439
81	175	0.623014
81	177	0.616905
81	179	0.639708
81	180	0.616429
82	76	3.02086
82	88	0.727253
82	118	0.708796
82	125	0.627426
82	126	0.67513
82	130	0.695815
82	131	0.669501
82	136	0.697614
82	146	0.725018
82	155	3.56425
82	156	0.657521
82	169	0.640213
82	171	0.658919
82	172	0.634484
82	173	0.660141
82	176	0.654338
82	177	0.638142
82	178	0.644197
82	179	0.660945
82	180	0.637665
83	66	0.738534
83	67	0.717046
83	72	0.772531
83	75	0.708341
83	76	0.785321
83	78	0.757128
83	79	0.756865
83	80	0.742765
83	84	0.79571
83	85	0.745611
83	86	0.749623
83	90	0.786454
83	99	0.764102
83	112	0.75457
83	142	1.61507
83	154	0.750387
83	159	2.58758
83	160	9.65401
83	166	0.668605
83	170	1.68217
84	13	0.750754
84	18	0.823186
84	24	0.809132
84	25	0.808857
84	35	0.795265
84	40	0.793514
84	54	0.847675
84	75	0.761721
84	80	0.796144
84	83	0.79571
84	90	0.839834
84	91	3.89629
84	99	0.817481
84	105	1.83363
84	120	1.93115
84	150	0.755414
84	161	2.67713
84	162	4.40663
84	167	0.845881
84	174	0.744064
85	66	0.741815
85	67	0.720326
85	72	0.775812
85	75	0.711622
85	76	0.788602
85	78	0.760408
85	79	0.760145
85	80	0.746046
85	83	0.745611
85	86	0.752904
85	90	0.789735
85	97	0.747903
85	99	0.767382
85	112	0.75785
85	116	4.93239
85	138	2.25461
85	154	0.753667
85	166	0.671886
85	174	2.24157
85	180	5.35653
86	66	0.745826
86	67	0.724338
86	72	0.779823
86	75	0.715634
86	76	0.792613
86	78	0.76442
86	79	0.764157
86	80	0.750057
86	81	0.697079
86	83	0.749623
86	85	0.752904
86	90	0.793746
86	97	0.751915
86	99	0.771394
86	143	4.30251
86	146	2.31448
86	154	0.757679
86	157	4.41226
86	162	3.74964
86	166	0.675897
87	47	1.76717
87	56	2.94205
87	97	0.794361
87	111	0.77067
87	113	0.0250401
87	120	0.798829
87	121	0.348417
87	126	0.756177
87	132	0.768301
87	145	0.798412
87	160	0.701256
87	161	0.781114
87	171	0.739966
87	172	0.715531
87	175	0.725296
87	176	0.735384
87	177	0.719188
87	178	0.725243
87	179	0.741991
87	180	0.718712
88	20	2.78363
88	24	2.50295
88	68	2.31342
88	82	0.727253
88	108	0.800775
88	137	0.736083
88	159	0.715714
88	160	0.667748
88	161	0.747606
88	163	0.726316
88	169	0.687752
88	171	0.706458
88	172	0.682022
88	173	0.707679
88	176	0.701876
88	177	0.68568
88	178	0.691735
88	179	0.708483
88	180	0.685204
89	27	5.03725
89	39	3.36275
89	91	0.665606
89	93	0.708014
89	106	0.728409
89	125	0.623661
89	127	0.697019
89	131	0.665736
89	136	0.69385
89	146	0.721254
89	160	0.616445
89	165	0.683149
89	170	0.66298
89	172	0.630719
89	173	0.656376
89	175	0.640485
89	176	0.650573
89	177	0.634377
89	178	0.640432
89	179	0.65718
89	180	0.633901
90	66	0.782657
90	67	0.761169
90	72	0.816655
90	75	0.752465
90	76	0.829444
90	78	0.801251
90	79	0.800988
90	80	0.786888
90	81	0.73391
90	83	0.786454
90	84	0.839834
90	85	0.789735
90	86	0.793746
90	99	0.808225
90	117	1.61427
90	139	3.01848
90	150	2.19147
90	154	0.79451
90	158	3.68997
90	166	0.712728
90	176	4.77351
91	84	3.89629
91	89	0.665606
91	101	0.727771
91	104	2.92585
91	127	0.69044
91	128	0.693145
91	131	0.659158
91	136	0.687271
91	137	0.678202
91	140	0.715823
91	147	0.664087
91	163	0.668435
91	165	0.676571
91	171	0.648576
91	172	0.624141
91	175	0.633907
91	176	0.643995
91	177	0.627798
91	178	0.633854
91	179	0.650601
91	180	0.627322
92	7	1.76965
92	20	3.00835
92	26	1.8351
92	28	2.1869
92	43	0.740993
92	49	0.739818
92	55	0.789372
92	69	0.727175
92	119	0.788932
92	122	0.792668
92	123	0.786193
92	124	0.750446
92	129	0.692162
92	158	0.697613
92	164	0.716479
92	167	0.80605
92	169	0.68507
92	172	0.679341
92	174	0.704233
92	176	0.699194
92	179	0.705801
92	180	0.682522
93	3	3.84542
93	80	2.608
93	89	0.708014
93	103	0.727819
93	117	0.773443
93	145	0.74943
93	146	0.757083
93	149	0.722766
93	154	0.565942
93	160	0.652275
93	168	0.670739
93	169	0.672278
93	170	0.698809
93	172	0.666549
93	173	0.692206
93	174	0.691441
93	176	0.686402
93	177	0.670206
93	178	0.676261
93	179	0.693009
93	180	0.66973
94	3	0.682808
94	13	0.664132
94	17	0.746472
94	24	0.722511
94	25	0.722235
94	35	0.708644
94	36	0.727337
94	40	0.706892
94	42	3.76886
94	54	0.761053
94	77	3.45749
94	79	1.57365
94	118	0.706862
94	128	0.701554
94	147	0.672497
94	150	0.668792
94	167	0.75926
94	168	0.636741
94	174	0.657443
94	176	0.652404
94	179	0.659011
94	180	0.635731
95	69	0.750886
95	70	0.805323
95	71	0.757827
95	77	0.7929
95	98	0.770395
95	100	1.87405
95	104	0.800529
95	113	0.798293
95	119	0.812642
95	121	0.781636
95	122	0.816378
95	123	0.809904
95	124	0.774156
95	135	0.714902
95	139	3.60211
95	144	2.15929
95	150	2.77511
95	155	0.775779
95	162	0.727572
95	166	0.705864
95	167	0.829761
95	173	5.42373
96	48	4.16307
96	72	4.63693
96	105	0.715429
96	111	0.671073
96	130	0.677265
96	140	0.707615
96	145	0.698815
96	147	0.65588
96	149	0.672151
96	153	0.722716
96	156	0.638971
96	164	0.653072
96	165	0.668364
96	169	0.621663
96	170	0.648194
96	173	0.641591
96	174	0.640826
96	175	0.625699
96	176	0.635787
96	178	0.625646
96	179	0.642394
96	180	0.619115
97	4	2.89568
97	43	0.729737
97	49	0.728561
97	54	1.96588
97	55	0.778116
97	68	1.59516
97	72	0.774823
97	80	0.745057
97	85	0.747903
97	86	0.751915
97	87	0.794361
97	99	0.766393
97	123	1.37857
97	126	0.70873
97	158	0.686357
97	166	0.670897
97	167	0.794794
97	172	0.668085
97	173	0.693741
97	174	0.692977
97	178	0.677797
97	179	0.694545
97	180	0.671266
98	69	0.704432
98	70	0.758869
98	71	0.711373
98	77	0.746446
98	95	0.770395
98	104	0.754075
98	111	4.30575
98	113	0.751839
98	119	0.766188
98	121	0.735183
98	122	0.769925
98	123	0.76345
98	124	0.727703
98	128	2.92635
98	129	0.669419
98	135	0.668448
98	144	2.61507
98	155	0.729325
98	157	0.662171
98	162	0.681119
98	166	0.65941
98	167	0.783307
98	174	4.98904
99	66	0.760305
99	67	0.738816
99	72	0.794302
99	75	0.730112
99	76	0.807092
99	78	0.778898
99	79	0.778635
99	80	0.764536
99	81	0.711557
99	83	0.764102
99	84	0.817481
99	85	0.767382
99	86	0.771394
99	90	0.808225
99	97	0.766393
99	112	0.77634
99	132	3.0115
99	133	4.93053
99	139	3.95808
99	144	2.51526
99	145	1.33449
99	154	0.772157
99	166	0.690376
100	35	2.33285
100	74	0.827152
100	76	1.53281
100	95	1.87405
100	102	0.70192
100	121	1.59806
100	142	0.788691
100	143	0.723532
100	145	0.784569
100	147	0.741634
100	156	0.724724
100	160	0.687413
100	161	0.767271
100	164	0.738826
100	168	0.705878
100	169	0.707417
100	171	0.726123
100	172	0.701688
100	176	0.721541
100	177	0.705345
100	179	0.728148
100	180	0.704869
101	43	1.8684
101	44	1.40137
101	56	3.43957
101	91	0.727771
101	103	0.754155
101	108	0.811637
101	122	1.16633
101	125	0.685826
101	138	0.763147
101	139	0.739277
101	145	0.775766
101	153	0.799667
101	160	0.67861
101	166	0.695697
101	168	0.697075
101	171	0.717319
101	173	0.718541
101	175	0.70265
101	176	0.712738
101	177	0.696542
101	178	0.702597
101	179	0.719345
101	180	0.696066
102	10	9.6
102	100	0.70192
102	107	0.654092
102	111	0.644626
102	125	0.582429
102	133	0.610674
102	135	0.601337
102	140	0.681168
102	142	0.67649
102	147	0.629433
102	151	0.681322
102	153	0.696269
102	159	0.623178
102	160	0.575212
102	164	0.626625
102	168	0.593677
102	169	0.595216
102	170	0.621747
102	172	0.589487
102	175	0.599252
102	177	0.593144
102	178	0.599199
102	179	0.615947
102	180	0.592668
103	34	2.44759
103	93	0.727819
103	101	0.754155
103	122	2.75157
103	128	0.719529
103	131	0.685542
103	143	0.672369
103	145	0.733406
103	149	0.706742
103	153	0.757307
103	163	0.694818
103	164	0.687663
103	167	1.28694
103	168	0.654715
103	169	0.656254
103	170	0.682785
103	173	0.676182
103	175	0.66029
103	176	0.670378
103	177	0.654182
103	178	0.660237
103	179	0.676985
103	180	0.653706
104	69	0.734566
104	70	0.789003
104	71	0.741507
104	77	0.776579
104	91	2.92585
104	95	0.800529
104	98	0.754075
104	113	0.781973
104	115	0.743465
104	119	0.796322
104	121	0.765316
104	122	0.800058
104	123	0.793584
104	124	0.757836
104	133	0.707919
104	142	1.58328
104	143	3.98907
104	149	3.00561
104	155	0.759458
104	157	0.692305
104	159	4.83738
104	162	0.711252
104	166	0.689544
104	167	0.813441
105	6	1.48253
105	13	3.31268
105	41	2.97115
105	84	1.83363
105	96	0.715429
105	106	0.78644
105	111	0.743889
105	118	0.763061
105	147	0.728696
105	156	0.711786
105	159	0.722441
105	164	0.725888
105	165	0.74118
105	169	0.694479
105	170	0.72101
105	171	0.713185
105	172	0.68875
105	173	0.714406
105	175	0.698515
105	176	0.708603
105	177	0.692407
105	178	0.698462
105	179	0.71521
105	180	0.691931
106	38	1.65384
106	52	2.2722
106	77	2.57492
106	89	0.728409
106	105	0.78644
106	116	0.701665
106	120	0.770243
106	132	0.739715
106	148	0.744757
106	155	1.68416
106	156	0.709981
106	159	0.720636
106	161	0.752528
106	163	0.731238
106	168	0.691135
106	169	0.692673
106	171	0.711379
106	172	0.686944
106	173	0.712601
106	175	0.69671
106	176	0.706798
106	178	0.696657
106	179	0.713404
106	180	0.690125
107	4	3.8894
107	23	2.31692
107	25	3.39368
107	73	0.698862
107	102	0.654092
107	108	0.772612
107	120	0.737158
107	126	0.694505
107	139	0.700252
107	149	0.710077
107	156	0.676896
107	159	0.687551
107	162	0.67838
107	163	0.698153
107	165	0.706289
107	166	0.656672
107	168	0.65805
107	169	0.659589
107	175	0.663625
107	176	0.673713
107	177	0.657517
107	178	0.663572
107	179	0.68032
107	180	0.657041
108	17	1.65864
108	40	2.05508
108	71	2.14196
108	88	0.800775
108	101	0.811637
108	107	0.772612
108	119	0.127561
108	130	0.769338
108	137	0.762067
108	138	0.77827
108	148	0.76582
108	151	0.799842
108	155	0.913998
108	156	0.731044
108	163	0.7523
108	164	0.745145
108	168	0.712197
108	169	0.713736
108	171	0.732442
108	173	0.733664
108	176	0.72786
108	177	0.711664
108	178	0.717719
108	179	0.734467
108	180	0.711188
109	9	2.31387
109	15	1.66102
109	55	3.40901
109	75	2.6161
109	111	0.73547
109	116	0.695052
109	120	0.763629
109	135	0.692181
109	137	0.734391
109	140	0.772012
109	151	0.772166
109	152	0.713753
109	160	0.666056
109	162	0.704852
109	163	0.724624
109	165	0.73276
109	170	0.712591
109	171	0.704766
109	173	0.705987
109	175	0.690096
109	176	0.700184
109	177	0.683988
109	178	0.690043
109	179	0.706791
109	180	0.683512
110	14	2.23775
110	64	4.45416
110	75	2.90809
110	114	0.710897
110	132	0.710089
110	135	0.669169
110	137	0.711379
110	145	0.7402
110	152	0.690741
110	156	0.680355
110	163	0.701612
110	164	0.694457
110	169	0.663048
110	170	0.689579
110	171	0.681754
110	172	0.657318
110	173	0.682975
110	174	0.682211
110	175	0.667084
110	176	0.677172
110	177	0.660976
110	178	0.667031
110	179	0.683779
110	180	0.6605
111	14	3.27138
111	21	2.42287
111	87	0.77067
111	96	0.671073
111	98	4.30575
111	102	0.644626
111	105	0.743889
111	109	0.73547
111	130	0.705725
111	133	0.665581
111	148	0.702206
111	156	0.66743
111	158	0.662666
111	159	0.678085
111	161	0.709977
111	163	0.688687
111	168	0.648584
111	169	0.650123
111	171	0.668829
111	173	0.67005
111	176	0.664247
111	177	0.648051
111	178	0.654106
111	179	0.670854
111	180	0.647575
112	51	0.696565
112	56	0.742555
112	57	0.742512
112	58	0.742582
112	59	0.742747
112	60	0.742979
112	61	0.743249
112	67	0.729285
112	77	0.76788
112	78	0.769367
112	79	0.769104
112	83	0.75457
112	85	0.75785
112	99	0.77634
112	113	0.773273
112	119	0.787622
112	121	0.756617
112	122	0.791359
112	124	0.749137
112	130	1.86058
112	131	3.65941
112	134	1.58975
112	166	0.680844
112	175	4.98026
112	180	5.74058
113	69	0.732331
113	70	0.786768
113	77	0.774344
113	87	0.0250401
113	95	0.798293
113	98	0.751839
113	104	0.781973
113	112	0.773273
113	115	0.74123
113	119	0.794087
113	121	0.763081
113	123	0.791348
113	124	0.755601
113	129	0.697317
113	131	4.96768
113	133	0.705684
113	135	0.696346
113	147	4.25629
113	155	0.757223
113	157	0.690069
113	162	0.709017
113	164	3.50015
113	166	0.687308
113	167	0.811205
113	174	3.9339
114	63	2.68727
114	68	3.30004
114	74	0.768298
114	110	0.710897
114	126	0.683479
114	129	0.655654
114	132	0.695603
114	136	0.705963
114	142	0.729836
114	144	0.729925
114	147	0.682779
114	148	0.700646
114	149	0.69905
114	154	2.23205
114	159	0.676525
114	164	0.679971
114	165	0.695263
114	166	0.645645
114	169	0.648562
114	170	0.675094
114	175	0.652599
114	177	0.64649
114	179	0.669293
114	180	0.646014
115	11	0.775465
115	16	0.691269
115	20	3.22779
115	27	0.672402
115	32	0.726775
115	33	0.72679
115	35	3.15429
115	41	0.726824
115	53	2.01853
115	62	1.9994
115	104	0.743465
115	113	0.74123
115	119	0.755579
115	121	0.724573
115	122	0.759315
115	123	0.752841
115	124	0.717093
115	125	0.63893
115	138	0.716251
115	142	0.732991
115	158	0.664261
115	165	0.698418
115	171	0.670423
115	178	0.655701
115	179	0.672449
115	180	0.64917
116	58	5.46761
116	73	0.648978
116	85	4.93239
116	106	0.701665
116	109	0.695052
116	130	0.665306
116	136	0.667106
116	140	0.695657
116	142	0.690978
116	144	0.691067
116	146	0.694509
116	147	0.643922
116	153	0.710758
116	160	0.589701
116	163	0.648269
116	164	0.641114
116	168	0.608166
116	169	0.609705
116	170	0.636236
116	171	0.62841
116	173	0.629632
116	176	0.623829
116	177	0.607633
116	178	0.613688
116	179	0.630436
116	180	0.607157
117	23	1.93262
117	30	1.68831
117	51	4.39871
117	90	1.61427
117	93	0.773443
117	127	0.762448
117	134	0.834978
117	142	0.783151
117	143	0.717993
117	151	0.787984
117	152	0.729571
117	153	0.802931
117	159	0.72984
117	160	0.681874
117	161	0.761732
117	167	0.822881
117	168	0.700339
117	170	0.728409
117	171	0.720584
117	172	0.696149
117	173	0.721805
117	175	0.705914
117	176	0.716002
117	177	0.699806
117	178	0.705861
117	179	0.722609
117	180	0.69933
118	54	2.66146
118	55	3.11332
118	72	2.12993
118	73	0.708568
118	82	0.708796
118	94	0.706862
118	105	0.763061
118	128	0.732569
118	132	0.716336
118	136	0.726696
118	138	0.733828
118	144	0.750658
118	145	0.746447
118	151	0.755401
118	155	1.48041
118	159	0.697257
118	160	0.649291
118	163	0.707859
118	168	0.667756
118	169	0.669295
118	170	0.695826
118	172	0.663566
118	175	0.673331
118	176	0.683419
118	178	0.673278
118	179	0.690026
118	180	0.666747
119	69	0.74668
119	70	0.801117
119	71	0.753621
119	77	0.788693
119	92	0.788932
119	95	0.812642
119	98	0.766188
119	104	0.796322
119	108	0.127561
119	112	0.787622
119	113	0.794087
119	115	0.755579
119	121	0.77743
119	122	0.812172
119	123	0.805697
119	124	0.76995
119	127	1.50267
119	129	0.711666
119	149	2.53158
119	155	0.771572
119	157	0.704418
119	161	2.54825
119	162	0.723366
119	166	0.701657
119	167	0.825554
119	172	6.57255
119	177	6.31888
120	84	1.93115
120	87	0.798829
120	106	0.770243
120	107	0.737158
120	109	0.763629
120	122	2.06578
120	127	0.738852
120	138	0.742815
120	143	0.694397
120	148	0.730366
120	155	1.27312
120	163	0.716846
120	164	0.709691
120	167	0.601153
120	170	0.704813
120	171	0.696988
120	172	0.672553
120	173	0.698209
120	174	0.697445
120	175	0.682318
120	176	0.692406
120	177	0.67621
120	178	0.682265
120	179	0.699013
120	180	0.675734
121	69	0.715674
121	70	0.770111
121	71	0.722615
121	77	0.757687
121	87	0.348417
121	95	0.781636
121	98	0.735183
121	100	1.59806
121	104	0.765316
121	112	0.756617
121	113	0.763081
121	115	0.724573
121	119	0.77743
121	122	0.781166
121	123	0.774692
121	124	0.738944
121	129	0.68066
121	130	3.49223
121	133	0.689027
121	135	0.679689
121	152	4.00969
121	155	0.740566
121	157	0.673413
121	162	0.69236
121	166	0.670652
121	167	0.794549
121	178	5.97432
122	69	0.750416
122	70	0.804853
122	71	0.757357
122	77	0.792429
122	92	0.792668
122	95	0.816378
122	98	0.769925
122	101	1.16633
122	103	2.75157
122	104	0.800058
122	112	0.791359
122	115	0.759315
122	119	0.812172
122	120	2.06578
122	121	0.781166
122	123	0.809434
122	124	0.773686
122	129	0.715402
122	135	0.714432
122	138	3.02206
122	151	1.47056
122	155	0.775308
122	157	0.708155
122	162	0.727102
122	166	0.705394
122	167	0.829291
122	179	4.25674
123	69	0.743941
123	70	0.798378
123	71	0.750883
123	77	0.785955
123	92	0.786193
123	95	0.809904
123	97	1.37857
123	98	0.76345
123	104	0.793584
123	113	0.791348
123	115	0.752841
123	119	0.805697
123	121	0.774692
123	122	0.809434
123	124	0.767212
123	129	0.708928
123	133	0.717294
123	135	0.707957
123	148	2.71741
123	153	1.85464
123	155	0.768834
123	157	0.70168
123	158	4.1191
123	162	0.720628
123	165	2.9347
123	166	0.698919
123	167	0.822816
123	176	5.20264
124	69	0.708194
124	70	0.762631
124	71	0.715135
124	77	0.750207
124	92	0.750446
124	95	0.774156
124	98	0.727703
124	104	0.757836
124	112	0.749137
124	113	0.755601
124	115	0.717093
124	119	0.76995
124	121	0.738944
124	122	0.773686
124	123	0.767212
124	129	0.67318
124	133	0.681547
124	135	0.67221
124	146	2.61988
124	151	2.16637
124	155	0.733086
124	157	0.665933
124	161	3.50757
124	162	0.68488
124	163	3.45076
124	166	0.663172
124	167	0.787069
124	170	5.73285
125	61	11.2
125	73	0.627198
125	82	0.627426
125	89	0.623661
125	101	0.685826
125	102	0.582429
125	115	0.63893
125	128	0.6512
125	133	0.603384
125	145	0.665077
125	146	0.67273
125	150	0.618438
125	151	0.674031
125	156	0.605233
125	161	0.64778
125	163	0.62649
125	164	0.619334
125	165	0.634626
125	169	0.587925
125	170	0.614457
125	171	0.606631
125	172	0.582196
125	173	0.607853
125	175	0.591962
125	176	0.602049
125	177	0.585853
125	178	0.591908
125	180	0.585377
126	6	3.38716
126	53	3.15154
126	54	4.2613
126	82	0.67513
126	87	0.756177
126	97	0.70873
126	107	0.694505
126	114	0.683479
126	134	0.76873
126	135	0.641751
126	147	0.669846
126	151	0.721735
126	153	0.736683
126	157	0.635474
126	159	0.663592
126	160	0.615626
126	163	0.674194
126	164	0.667038
126	165	0.68233
126	168	0.634091
126	170	0.662161
126	173	0.655557
126	175	0.639666
126	176	0.649754
126	177	0.633557
126	179	0.656361
126	180	0.633081
127	64	3.36166
127	65	3.97567
127	80	2.75999
127	89	0.697019
127	91	0.69044
127	117	0.762448
127	119	1.50267
127	120	0.738852
127	130	0.716884
127	132	0.708324
127	138	0.725816
127	140	0.747235
127	143	0.677398
127	146	0.746087
127	147	0.6955
127	152	0.688976
127	156	0.67859
127	160	0.641279
127	161	0.721137
127	164	0.692692
127	165	0.707983
127	168	0.659744
127	171	0.679988
127	173	0.68121
127	175	0.665319
127	177	0.659211
127	178	0.665266
127	179	0.682014
127	180	0.658735
128	44	2.75001
128	47	2.27992
128	59	3.24371
128	91	0.693145
128	94	0.701554
128	98	2.92635
128	103	0.719529
128	118	0.732569
128	125	0.6512
128	132	0.711029
128	133	0.679446
128	134	0.797088
128	143	0.680103
128	147	0.698204
128	149	0.714476
128	151	0.750093
128	153	0.765041
128	160	0.643984
128	161	0.723842
128	164	0.695396
128	165	0.710688
128	168	0.662449
128	170	0.690519
128	171	0.682693
128	177	0.661915
128	178	0.667971
128	179	0.684718
128	180	0.661439
129	11	3.3118
129	14	4.14631
129	35	0.678169
129	36	0.696862
129	37	0.710499
129	40	0.676417
129	54	0.730578
129	60	4.14189
129	70	0.704347
129	92	0.692162
129	98	0.669419
129	113	0.697317
129	114	0.655654
129	119	0.711666
129	121	0.68066
129	122	0.715402
129	123	0.708928
129	124	0.67318
129	130	0.663406
129	136	0.665205
129	156	0.625112
129	160	0.587801
129	163	0.646369
129	166	0.604888
129	167	0.728785
129	172	0.602075
129	173	0.627732
129	174	0.626967
129	180	0.605256
130	52	3.60799
130	74	0.77605
130	82	0.695815
130	96	0.677265
130	108	0.769338
130	111	0.705725
130	112	1.86058
130	116	0.665306
130	121	3.49223
130	127	0.716884
130	129	0.663406
130	134	0.789415
130	141	1.37811
130	144	0.737677
130	151	0.74242
130	156	0.673622
130	157	0.656159
130	159	0.684277
130	160	0.636311
130	163	0.694879
130	165	0.703015
130	168	0.654776
130	169	0.656314
130	171	0.67502
130	173	0.676242
130	176	0.670439
130	177	0.654243
130	178	0.660298
130	179	0.677046
130	180	0.653766
131	38	3.37291
131	82	0.669501
131	89	0.665736
131	91	0.659158
131	103	0.685542
131	112	3.65941
131	113	4.96768
131	134	0.763101
131	138	0.694534
131	142	0.711274
131	145	0.707152
131	146	0.714805
131	148	0.682084
131	149	0.680488
131	152	0.657693
131	158	0.642544
131	160	0.609997
131	161	0.689855
131	162	0.648792
131	164	0.661409
131	165	0.676701
131	169	0.63
131	170	0.656532
131	171	0.648706
131	175	0.634037
131	176	0.644124
131	177	0.627928
131	178	0.633984
131	179	0.650731
131	180	0.627452
132	44	2.93497
132	59	3.42866
132	87	0.768301
132	99	3.0115
132	106	0.739715
132	110	0.710089
132	114	0.695603
132	118	0.716336
132	127	0.708324
132	128	0.711029
132	138	0.712287
132	146	0.732559
132	147	0.681971
132	148	0.699838
132	149	0.698242
132	151	0.73386
132	152	0.675447
132	159	0.675716
132	160	0.62775
132	161	0.707608
132	164	0.679163
132	165	0.694454
132	167	1.2353
132	168	0.646215
132	170	0.674285
132	171	0.66646
132	172	0.642025
132	176	0.661878
132	179	0.668485
132	180	0.645206
133	17	4.57094
133	29	2.89853
133	52	0.677327
133	53	0.676739
133	62	0.74024
133	64	0.670567
133	65	0.670386
133	68	0.716467
133	71	0.665218
133	99	4.93053
133	102	0.610674
133	104	0.707919
133	111	0.665581
133	113	0.705684
133	121	0.689027
133	123	0.717294
133	124	0.681547
133	125	0.603384
133	128	0.679446
133	155	0.683169
133	162	0.634963
133	167	0.737151
133	169	0.616171
133	170	0.642702
133	171	0.634877
133	172	0.610442
133	174	0.635334
133	175	0.620207
133	178	0.620154
133	179	0.636902
133	180	0.613623
134	5	1.69627
134	42	1.65821
134	49	1.22676
134	61	2.85967
134	65	2.40181
134	69	1.36753
134	73	0.773086
134	112	1.58975
134	117	0.834978
134	126	0.76873
134	128	0.797088
134	130	0.789415
134	131	0.763101
134	139	0.774477
134	142	0.815087
134	143	0.749928
134	144	0.815176
134	153	0.834866
134	159	0.761775
134	160	0.713809
134	161	0.793667
134	165	0.780514
134	168	0.732274
134	170	0.760344
134	171	0.752519
134	172	0.728084
134	175	0.737849
134	176	0.747937
134	177	0.731741
134	178	0.737796
134	179	0.754544
134	180	0.731265
135	24	5.41608
135	30	0.709754
135	45	0.669634
135	62	0.730902
135	64	0.66123
135	65	0.661048
135	66	3.34848
135	68	0.70713
135	71	0.65588
135	95	0.714902
135	98	0.668448
135	102	0.601337
135	109	0.692181
135	110	0.669169
135	113	0.696346
135	121	0.679689
135	122	0.714432
135	123	0.707957
135	124	0.67221
135	126	0.641751
135	137	0.655165
135	141	2.77435
135	154	0.685699
135	157	0.606678
135	162	0.625626
135	164	0.638243
135	169	0.606834
135	170	0.633365
135	174	0.625997
135	176	0.620958
135	177	0.604762
135	178	0.610817
135	180	0.604286
136	13	4.62039
