1	70	1.1259
1	75	1.32372
1	82	1.17649
1	105	1.18323
1	111	1.16201
1	129	1.22459
1	149	0.782807
1	154	0.719173
1	158	1.20405
1	162	0.739831
1	169	0.712278
1	175	0.678157
2	13	0.733436
2	48	1.20935
2	50	1.19605
2	53	1.20916
2	116	1.19579
2	124	0.697823
2	130	1.24272
2	132	1.15083
2	155	0.713876
2	167	0.74772
2	171	0.738914
2	179	1.1961
3	81	1.18747
3	82	1.18489
3	102	1.2343
3	104	1.19831
3	105	1.19163
3	111	1.17041
3	129	1.23299
3	142	0.762421
3	164	0.737548
3	172	0.720573
3	175	0.693514
3	178	0.718261
4	30	0.739277
4	44	1.27836
4	83	1.17441
4	88	1.1443
4	109	1.18208
4	110	1.18208
4	130	1.24269
4	135	0.714736
4	142	0.735049
4	167	0.720297
4	170	0.72301
4	179	1.19607
5	42	1.08514
5	56	1.12414
5	79	1.2797
5	80	1.16893
5	87	1.2797
5	89	1.23893
5	120	0.723316
5	125	0.76874
5	160	0.700337
5	164	0.715749
5	175	1.22346
5	179	0.724219
6	43	1.11622
6	47	1.21595
6	55	1.15446
6	61	1.29373
6	76	1.17997
6	90	1.24997
6	124	0.690508
6	133	0.703717
6	154	0.727267
6	161	1.18971
6	168	0.767721
6	170	0.743119
7	8	1.29663
7	15	1.22938
7	26	1.0653
7	32	1.16537
7	34	1.14308
7	51	1.2595
7	74	1.24074
7	119	0.644757
7	139	0.77465
7	147	0.725733
7	163	0.752413
7	167	0.734853
8	7	1.29663
8	26	1.04799
8	32	1.14805
8	34	1.12576
8	63	1.33184
8	74	1.22343
8	117	0.688323
8	124	0.680093
8	125	0.77286
8	139	0.769787
8	157	1.2263
8	171	0.721184
9	14	1.18078
9	70	1.12897
9	92	0.691826
9	94	1.28698
9	103	1.21753
9	104	1.19298
9	111	1.16508
9	129	1.22767
9	142	0.739232
9	162	0.731999
9	163	0.742039
9	170	0.727193
10	11	1.16963
10	40	1.22439
10	54	1.31916
10	72	1.18331
10	113	1.18759
10	134	1.17805
10	148	1.13787
10	163	0.743173
10	165	0.715232
10	171	0.716808
10	179	0.723963
10	180	0.733122
11	10	1.16963
11	40	1.24027
11	54	1.33504
11	64	1.09865
11	72	1.19919
11	113	1.20347
11	148	1.15375
11	162	0.742785
11	169	0.715232
11	171	0.72646
11	172	0.708169
11	174	0.739691
12	46	0.719013
12	136	1.19773
12	137	1.17551
12	141	0.779748
12	144	1.21992
12	149	0.767401
12	150	1.18103
12	152	1.21147
12	153	1.2114
12	156	1.20294
12	175	0.662751
12	177	0.703355
13	2	0.733436
13	51	0.748346
13	61	0.690565
13	64	0.966586
13	151	1.12245
13	153	0.736892
13	165	1.1494
13	170	1.1184
13	171	1.15418
13	176	1.1454
13	177	1.14799
13	178	1.13652
13	180	1.12565
14	9	1.18078
14	57	1.09757
14	62	1.24056
14	70	1.04597
14	102	1.14596
14	103	1.13452
14	104	1.10998
14	129	1.14466
14	154	0.777745
14	168	0.818199
14	172	0.763787
14	174	0.795309
14	177	0.777332
15	7	1.22938
15	19	1.15486
15	26	0.980738
15	32	1.08081
15	34	1.05852
15	51	1.17493
15	63	1.2646
15	74	1.15618
15	124	0.736194
15	139	0.825888
15	142	0.800843
15	164	0.775971
15	180	0.7936
16	70	0.939912
16	74	1.02661
16	111	0.976024
16	112	1.00599
16	129	1.03861
16	136	0.965402
16	139	0.981978
16	152	0.943829
16	156	0.958854
16	157	1.02948
16	171	1.03699
16	173	1.06193
16	180	1.00847
17	43	1.04788
17	47	1.14761
17	55	1.08612
17	61	1.22539
17	76	1.11163
17	90	1.18163
17	120	0.809652
17	138	1.17835
17	161	1.12138
17	166	0.792972
17	171	0.8034
17	173	0.76813
17	175	0.75805
18	23	0.802078
18	40	1.17307
18	54	1.26783
18	64	1.03145
18	72	1.13199
18	73	1.12599
18	113	1.13627
18	122	0.773387
18	133	0.763063
18	134	1.12672
18	135	1.10669
18	164	0.789631
18	174	0.804176
19	15	1.15486
19	26	0.990784
19	32	1.09085
19	34	1.06856
19	51	1.18498
19	63	1.27464
19	68	0.72429
19	74	1.16622
19	157	1.1691
19	163	0.828124
19	165	0.800182
19	170	0.813278
19	173	0.766489
20	42	1.02786
20	56	1.06687
20	79	1.22242
20	80	1.11166
20	87	1.22242
20	89	1.18166
20	148	1.10093
20	155	0.771798
20	166	0.786408
20	167	0.805642
20	175	1.16618
20	177	0.792091
20	178	0.776234
21	45	1.13065
21	59	1.06485
21	93	1.11914
21	96	1.08337
21	97	1.11914
21	99	1.18278
21	106	1.20003
21	107	1.20003
21	155	0.764734
21	163	0.816137
21	164	0.788457
21	169	0.778544
21	176	0.784487
22	80	0.996916
22	88	0.98944
22	89	1.06692
22	98	0.986566
22	111	0.982031
22	132	0.958035
22	137	0.966827
22	153	0.93578
22	173	1.04429
22	175	1.05144
22	178	1.0017
22	179	1.00331
22	180	0.990826
23	18	0.802078
23	52	0.770862
23	103	0.757796
23	126	0.722443
23	140	0.82175
23	162	1.1241
23	171	1.15279
23	172	1.15435
23	174	1.11875
23	176	1.14401
23	177	1.1466
23	178	1.13513
23	180	1.12426
24	41	1.2336
24	65	1.11486
24	83	1.12325
24	88	1.09315
24	109	1.13093
24	110	1.13093
24	117	0.739377
24	146	0.785958
24	149	0.831539
24	161	1.12838
24	168	0.80836
24	176	0.766953
24	179	1.14491
25	57	0.80372
25	89	0.743901
25	100	0.757247
25	118	0.78651
25	149	1.09495
25	156	0.776089
25	168	1.11711
25	173	1.18464
25	174	1.12566
25	176	1.15092
25	177	1.15351
25	178	1.14204
25	180	1.13117
26	7	1.0653
26	8	1.04799
26	15	0.980738
26	19	0.990784
26	32	0.91673
26	51	1.01086
26	63	1.10052
26	74	0.992102
26	115	0.940813
26	151	0.992695
26	155	0.979836
26	157	0.994978
26	179	1.01203
27	67	0.843425
27	75	0.716191
27	93	0.780325
27	126	0.740831
27	136	0.786772
27	147	1.1332
27	151	1.12282
27	164	1.1632
27	167	1.11788
27	173	1.17949
27	174	1.1205
27	178	1.13689
27	180	1.12602
28	59	1.22637
28	93	1.28067
28	96	1.24489
28	97	1.28067
28	99	1.3443
28	106	1.36155
28	107	1.36155
28	117	0.623727
28	143	0.671675
28	164	0.655273
28	176	0.651303
28	179	0.663743
28	180	0.672902
29	42	1.02786
29	56	1.06687
29	79	1.22242
29	80	1.11166
29	87	1.22242
29	89	1.18166
29	148	1.10093
29	154	0.781972
29	159	0.78564
29	165	0.784728
29	171	0.786304
29	175	1.16618
29	179	0.79346
30	4	0.739277
30	50	0.775287
30	113	0.75783
30	116	0.809176
30	148	0.792423
30	163	1.12983
30	164	1.16613
30	167	1.12081
30	168	1.11488
30	169	1.14829
30	177	1.15129
30	178	1.13982
30	180	1.12895
31	77	1.01404
31	96	1.09356
31	106	1.21023
31	107	1.21023
31	118	1.14607
31	141	0.845513
31	146	0.787585
31	153	1.12764
31	156	1.11919
31	169	0.762637
31	172	0.755575
31	175	1.17905
31	179	0.78102
32	7	1.16537
32	8	1.14805
32	15	1.08081
32	19	1.09085
32	26	0.91673
32	34	0.994508
32	51	1.11092
32	63	1.20059
32	74	1.09217
32	149	0.90177
32	162	0.858794
32	166	0.832041
32	171	0.842468
32	175	0.797119
33	45	1.082
33	59	1.0162
33	85	0.870816
33	93	1.07049
33	96	1.03472
33	97	1.07049
33	99	1.13413
33	106	1.15138
33	107	1.15138
33	140	1.0892
33	162	0.86365
33	172	0.829035
33	176	0.84204
33	178	0.826723
34	7	1.14308
34	8	1.12576
34	15	1.05852
34	19	1.06856
34	32	0.994508
34	51	1.08863
34	63	1.1783
34	68	0.795333
34	74	1.06988
34	151	0.860623
34	157	1.07276
34	170	0.88432
34	172	0.85451
34	173	0.837532
35	77	1.12469
35	95	1.1991
35	100	1.27254
35	112	1.18532
35	118	1.25672
35	124	0.68054
35	125	0.773308
35	134	0.690477
35	157	1.2501
35	160	0.704905
35	170	1.22183
35	172	0.703341
35	173	0.686362
35	175	1.2897
36	80	0.721558
36	93	0.673343
36	94	0.613345
36	116	0.703927
36	120	1.19882
36	127	0.702817
36	132	0.745935
36	167	1.20747
36	168	1.20154
36	172	1.24569
36	173	1.26907
36	176	1.23535
36	178	1.22647
36	180	1.2156
37	43	1.13538
37	47	1.23511
37	55	1.17362
37	61	1.31289
37	76	1.19913
37	90	1.26913
37	121	0.830056
37	138	1.26585
37	146	0.693353
37	161	1.20888
37	163	0.705999
37	164	0.678319
37	173	0.644364
37	179	0.686789
38	40	0.679249
38	61	0.660076
38	101	0.714986
38	102	1.25563
38	112	1.18043
38	123	0.700768
38	129	1.25433
38	152	0.699711
38	153	0.706403
38	158	1.23378
38	167	1.21605
38	170	1.21694
38	174	1.21867
38	180	1.22419
39	77	0.984431
39	95	1.05884
39	100	1.13228
39	112	1.04506
39	118	1.11646
39	120	0.822271
39	121	0.966442
39	122	1.13349
39	133	0.788136
39	158	1.09842
39	170	1.08157
39	175	1.14944
39	179	0.823174
39	180	0.832333
40	10	1.22439
40	11	1.24027
40	18	1.17307
40	38	0.679249
40	64	1.15342
40	72	1.25396
40	73	1.24796
40	113	1.25824
40	134	1.24869
40	151	0.703037
40	162	0.731541
40	164	0.713901
40	176	0.709931
40	178	0.694614
41	24	1.2336
41	60	0.649057
41	65	1.21486
41	83	1.22325
41	88	1.19315
41	109	1.23093
41	110	1.23093
41	131	0.707288
41	134	0.686642
41	141	0.789445
41	154	0.713465
41	155	0.692759
41	161	1.22838
41	179	1.24491
42	5	1.08514
42	20	1.02786
42	29	1.02786
42	56	1.01486
42	68	0.779593
42	79	1.17041
42	80	1.05964
42	87	1.17041
42	89	1.12964
42	120	0.863313
42	169	0.845833
42	174	0.870292
42	175	1.11417
42	180	0.873375
43	6	1.11622
43	17	1.04788
43	37	1.13538
43	47	1.07591
43	55	1.01442
43	61	1.15369
43	76	1.03993
43	90	1.10993
43	115	1.00203
43	138	1.10664
43	140	0.0737916
43	170	1.07761
43	175	1.02074
43	178	1.04548
44	4	1.27836
44	65	1.20846
44	83	1.21685
44	88	1.18675
44	91	0.702797
44	109	1.22453
44	110	1.22453
44	128	0.725031
44	149	0.7602
44	161	1.22199
44	164	0.699584
44	175	0.655549
44	176	0.695614
44	179	1.23852
45	21	1.13065
45	33	1.082
45	59	1.11028
45	93	1.16457
45	96	1.1288
45	97	1.16457
45	99	1.22821
45	106	1.24546
45	107	1.24546
45	124	0.716013
45	128	0.781237
45	143	0.772192
45	168	0.793226
45	175	0.711755
45	179	0.764259
46	12	0.719013
46	61	0.706956
46	118	0.772038
46	129	0.761451
46	139	1.12642
46	152	0.746591
46	156	0.761617
46	169	1.17225
46	172	1.18299
46	173	1.20637
46	174	1.14739
46	176	1.17265
46	177	1.17524
46	178	1.16378
46	180	1.15291
47	6	1.21595
47	17	1.14761
47	37	1.23511
47	43	1.07591
47	55	1.11415
47	76	1.13966
47	90	1.20966
47	115	0.697106
47	130	1.21256
47	131	0.750657
47	139	0.809769
47	159	0.760502
47	161	1.1494
47	162	0.777492
47	172	0.742876
48	2	1.20935
48	50	1.16943
48	98	1.15273
48	116	1.16917
48	117	1.17792
48	132	1.1242
48	142	0.774806
48	157	1.17801
48	164	0.749934
48	167	0.760055
48	169	0.740021
48	170	1.14974
48	177	0.746503
48	179	1.16947
48	180	0.767563
49	92	0.736543
49	126	1.211
49	136	1.1557
49	137	1.13349
49	144	1.1779
49	145	1.18314
49	150	1.13901
49	151	0.748212
49	152	1.16945
49	153	1.16938
49	156	1.16092
49	165	0.758814
49	168	0.796512
49	173	0.725121
49	174	0.773621
50	2	1.19605
50	30	0.775287
50	48	1.16943
50	84	1.14534
50	94	1.23315
50	116	1.15587
50	124	0.706409
50	132	1.11091
50	138	1.19662
50	142	0.771058
50	151	0.735322
50	168	0.783622
50	170	1.13645
50	174	0.760731
50	179	1.15618
51	7	1.2595
51	13	0.748346
51	15	1.17493
51	19	1.18498
51	26	1.01086
51	32	1.11092
51	34	1.08863
51	63	1.29471
51	74	1.1863
51	135	0.75707
51	157	1.18917
51	163	0.78019
51	166	0.743397
51	178	0.733223
51	180	0.770139
52	23	0.770862
52	66	0.685373
52	84	1.16477
52	98	1.15887
52	101	1.19655
52	116	1.17531
52	132	1.13034
52	148	1.1585
52	149	0.819031
52	157	1.18415
52	165	0.758154
52	170	1.15588
52	171	0.759729
52	178	0.739127
52	179	1.17562
53	2	1.20916
53	84	1.15844
53	98	1.15254
53	101	1.19021
53	116	1.16898
53	124	0.729071
53	132	1.12401
53	157	1.17782
53	170	1.14955
53	174	0.783393
53	175	0.724813
53	177	0.765417
53	178	0.74956
53	179	1.16928
53	180	0.786477
54	10	1.31916
54	11	1.33504
54	18	1.26783
54	64	1.24818
54	71	0.626328
54	73	1.34272
54	113	1.35301
54	115	1.33078
54	146	0.667052
54	148	1.30328
54	164	0.652017
54	165	0.651756
54	173	0.618062
54	179	0.660487
54	180	0.669646
55	6	1.15446
55	17	1.08612
55	37	1.17362
55	43	1.01442
55	47	1.11415
55	61	1.19192
55	76	1.07817
55	90	1.14817
55	130	1.15107
55	135	0.808571
55	143	0.820413
55	147	0.805012
55	160	0.788599
55	161	1.08791
55	165	0.80375
55	179	0.812481
56	5	1.12414
56	20	1.06687
56	29	1.06687
56	42	1.01486
56	79	1.20942
56	80	1.09865
56	87	1.20942
56	89	1.16865
56	134	0.780775
56	148	1.08793
56	154	0.807597
56	162	0.828255
56	170	0.823449
56	175	1.15318
56	177	0.807184
56	178	0.791327
57	14	1.09757
57	25	0.80372
57	62	1.24035
57	70	1.04576
57	81	1.09892
57	103	1.13431
57	104	1.10977
57	105	1.10309
57	111	1.08187
57	125	0.830011
57	129	1.14445
57	135	0.78158
57	139	0.826938
57	140	1.14392
57	163	0.8047
57	179	0.78549
58	101	1.25612
58	116	1.23488
58	117	1.24363
58	122	1.26737
58	125	0.739213
58	130	1.28181
58	132	1.18991
58	138	1.27563
58	142	0.711094
58	160	0.67081
58	165	0.685961
58	170	1.21546
58	173	0.652268
58	176	0.682252
58	179	1.23519
58	180	0.703851
59	21	1.06485
59	28	1.22637
59	33	1.0162
59	45	1.11028
59	93	1.09878
59	96	1.063
59	97	1.09878
59	99	1.16241
59	106	1.17967
59	107	1.17967
59	131	0.79173
59	168	0.838361
59	170	0.813759
59	173	0.76697
59	179	0.809395
59	180	0.818554
60	41	0.649057
60	73	0.69364
60	75	0.61793
60	99	0.626474
60	112	0.729096
60	147	1.23742
60	148	0.695896
60	158	0.749313
60	162	1.23007
60	168	1.21617
60	171	1.25876
60	173	1.2837
60	176	1.24998
60	177	1.25257
60	178	1.2411
60	180	1.23023
61	6	1.29373
61	13	0.690565
61	17	1.22539
61	37	1.31289
61	38	0.660076
61	43	1.15369
61	46	0.706956
61	55	1.19192
61	76	1.21744
61	90	1.28744
61	130	1.29033
61	146	0.709763
61	155	0.671005
61	161	1.22718
61	171	0.696043
61	177	0.691298
62	14	1.24056
62	57	1.24035
62	70	1.18875
62	81	1.24191
62	103	1.2773
62	104	1.25276
62	105	1.24608
62	111	1.22486
62	115	0.629084
62	129	1.28744
62	135	0.69639
62	159	0.69248
62	168	0.729266
62	176	0.68786
62	179	0.7003
62	180	0.709459
63	8	1.33184
63	15	1.2646
63	19	1.27464
63	26	1.10052
63	32	1.20059
63	34	1.1783
63	51	1.29471
63	74	1.27596
63	146	0.709297
63	157	1.27884
63	160	0.678851
63	166	0.68515
63	168	0.731699
63	172	0.677287
63	173	0.660308
63	179	0.702733
64	11	1.09865
64	13	0.966586
64	18	1.03145
64	40	1.15342
64	54	1.24818
64	72	1.11234
64	73	1.10634
64	113	1.11662
64	115	1.0944
64	117	0.939204
64	124	1.15157
64	135	1.08704
64	158	5.34546e-05
64	159	0.9714
64	171	0.972065
64	179	0.97922
65	24	1.11486
65	41	1.21486
65	44	1.20846
65	83	1.10451
65	88	1.0744
65	109	1.11219
65	110	1.11219
65	121	1.02273
65	142	0.826317
65	155	0.777721
65	161	1.10964
65	162	0.819084
65	170	0.814278
65	178	0.782157
65	179	1.12617
65	180	0.819073
66	52	0.685373
66	106	0.630833
66	112	0.72348
66	118	0.686768
66	148	0.69028
66	153	0.668014
66	154	1.23675
66	156	0.676347
66	159	1.24546
66	163	1.24182
66	167	1.2328
66	168	1.22687
66	169	1.26028
66	177	1.26328
66	178	1.25181
66	180	1.24094
67	27	0.843425
67	114	1.1141
67	126	1.16499
67	136	1.10969
67	137	1.08748
67	144	1.13188
67	145	1.13713
67	150	1.093
67	152	1.12344
67	153	1.12337
67	156	1.11491
67	167	0.822711
67	172	0.795615
67	175	0.768556
67	176	0.80862
67	178	0.793303
68	19	0.72429
68	34	0.795333
68	42	0.779593
68	80	0.721553
68	101	0.673485
68	103	0.669196
68	104	0.710633
68	109	1.17461
68	110	1.17461
68	144	1.19384
68	153	1.18532
68	156	1.17686
68	171	1.20464
68	173	1.22958
68	176	1.19586
68	179	1.18859
68	180	1.17611
69	85	0.739265
69	91	0.717672
69	123	1.20296
69	126	1.23289
69	136	1.1776
69	137	1.15539
69	139	0.764376
69	144	1.19979
69	145	1.20503
69	147	0.715459
69	150	1.16091
69	152	1.19134
69	153	1.19128
69	156	1.18282
69	162	0.732099
69	167	0.724579
69	168	0.751895
70	1	1.1259
70	9	1.12897
70	14	1.04597
70	16	0.939912
70	57	1.04576
70	62	1.18875
70	75	1.19198
70	104	1.05817
70	105	1.05149
70	111	1.03027
70	119	0.788789
70	129	1.09285
70	134	0.838925
70	135	0.873325
70	149	0.929381
70	169	0.858852
70	178	0.849478
71	54	0.626328
71	83	0.766501
71	119	1.24048
71	129	0.723535
71	132	0.796394
71	144	0.714741
71	149	1.13796
71	152	0.708675
71	157	0.724884
71	162	1.17402
71	165	1.19793
71	167	1.16605
71	171	1.20271
71	173	1.22766
71	176	1.19393
71	178	1.18506
71	180	1.17419
72	10	1.18331
72	11	1.19919
72	18	1.13199
72	40	1.25396
72	64	1.11234
72	113	1.21716
72	115	1.19494
72	124	1.2521
72	135	1.18758
72	148	1.16744
72	163	0.773573
72	172	0.728917
72	173	0.711938
72	174	0.760438
72	175	0.701858
72	176	0.741923
72	178	0.726606
73	18	1.12599
73	40	1.24796
73	54	1.34272
73	60	0.69364
73	64	1.10634
73	113	1.21116
73	117	0.729519
73	121	1.07511
73	124	1.2461
73	134	1.20161
73	135	1.18158
73	148	1.16143
73	172	0.74409
73	173	0.727111
73	175	0.717031
73	177	0.757635
73	179	0.769536
74	7	1.24074
74	8	1.22343
74	15	1.15618
74	16	1.02661
74	19	1.16622
74	26	0.992102
74	32	1.09217
74	34	1.06988
74	51	1.1863
74	63	1.27596
74	122	0.761329
74	124	0.737796
74	141	0.850535
74	151	0.766709
74	157	1.17042
74	167	0.787693
74	169	0.767659
74	176	0.773603
75	1	1.32372
75	27	0.716191
75	60	0.61793
75	70	1.19198
75	81	1.24515
75	82	1.24257
75	102	1.29198
75	103	1.28054
75	104	1.25599
75	105	1.24931
75	111	1.22809
75	129	1.29067
75	131	0.676161
75	139	0.735273
75	173	0.651401
75	177	0.681925
75	178	0.666068
75	179	0.693826
76	6	1.17997
76	17	1.11163
76	37	1.19913
76	43	1.03993
76	47	1.13966
76	55	1.07817
76	61	1.21744
76	90	1.17368
76	119	0.706741
76	128	0.812165
76	130	1.17658
76	138	1.17039
76	161	1.11342
76	167	0.796838
76	170	0.799551
76	175	0.742683
76	176	0.782747
76	180	0.804346
77	31	1.01404
77	35	1.12469
77	39	0.984431
77	100	1.07033
77	118	1.05451
77	127	1.02427
77	138	1.07979
77	140	1.05648
77	151	0.908802
77	155	0.895943
77	157	1.04789
77	158	1.03646
77	166	0.910553
77	170	1.01962
77	173	0.885711
77	175	1.08749
77	178	0.900379
77	180	0.937295
78	120	0.686812
78	123	1.27296
78	126	1.30289
78	128	0.704693
78	136	1.2476
78	137	1.22539
78	144	1.26979
78	145	1.27503
78	150	1.23091
78	152	1.26134
78	153	1.26128
78	155	0.655522
78	156	1.25282
78	160	0.663833
78	165	0.678984
78	170	0.692079
78	174	0.693791
78	177	0.675815
79	5	1.2797
79	20	1.22242
79	29	1.22242
79	42	1.17041
79	56	1.20942
79	80	1.25421
79	87	1.36498
79	89	1.32421
79	148	1.24349
79	149	0.731582
79	159	0.671616
79	160	0.655554
79	171	0.67228
79	174	0.685511
79	175	1.30874
79	176	0.666995
79	179	0.679436
79	180	0.688595
80	5	1.16893
80	20	1.11166
80	22	0.996916
80	29	1.11166
80	36	0.721558
80	42	1.05964
80	56	1.09865
80	68	0.721553
80	79	1.25421
80	87	1.25421
80	89	1.21344
80	92	0.775173
80	147	0.798707
80	148	1.13272
80	162	0.815346
80	169	0.787793
80	174	0.812251
80	175	1.19797
81	3	1.18747
81	57	1.09892
81	62	1.24191
81	75	1.24515
81	82	1.09791
81	102	1.14732
81	103	1.13588
81	104	1.11133
81	105	1.10465
81	111	1.08343
81	129	1.14602
81	135	0.789551
81	159	0.785641
81	160	0.769579
81	170	0.797825
81	172	0.768015
81	175	0.740956
81	179	0.793461
82	1	1.17649
82	3	1.18489
82	75	1.24257
82	81	1.09791
82	102	1.14474
82	103	1.1333
82	104	1.10876
82	105	1.10208
82	122	0.751034
82	125	0.820268
82	129	1.14344
82	140	1.14291
82	146	0.782312
82	158	1.12289
82	160	0.751866
82	162	0.784918
82	168	0.804714
82	172	0.750302
83	4	1.17441
83	24	1.12325
83	41	1.22325
83	44	1.21685
83	65	1.10451
83	71	0.766501
83	88	1.0828
83	109	1.12058
83	110	1.12058
83	130	1.18119
83	143	0.808593
83	161	1.11803
83	165	0.791929
83	166	0.783077
83	169	0.782277
83	173	0.758236
83	175	0.748156
83	179	1.13456
84	50	1.14534
84	52	1.16477
84	53	1.15844
84	98	1.12864
84	101	1.16631
84	115	0.743194
84	116	1.14508
84	130	1.19201
84	132	1.10011
84	133	0.779371
84	148	1.12827
84	160	0.790528
84	169	0.796026
84	170	1.12565
84	173	0.771985
84	175	0.761905
84	176	0.801969
84	179	1.14538
85	33	0.870816
85	69	0.739265
85	92	1.12983
85	102	0.841912
85	112	0.821328
85	114	0.787154
85	128	1.10082
85	153	0.765862
85	158	0.841545
85	163	1.09747
85	166	1.12053
85	167	1.08846
85	168	1.08252
85	169	1.11593
85	171	1.12512
85	176	1.11634
85	177	1.11893
85	178	1.10746
85	180	1.09659
86	114	1.20183
86	123	1.22278
86	126	1.25271
86	128	0.741409
86	136	1.19742
86	137	1.1752
86	144	1.21961
86	145	1.22485
86	146	0.730996
86	150	1.18072
86	151	0.705097
86	152	1.21116
86	153	1.21109
86	156	1.20263
86	159	0.716611
86	162	0.733601
86	171	0.717276
86	173	0.682006
86	179	0.724431
87	5	1.2797
87	20	1.22242
87	29	1.22242
87	42	1.17041
87	56	1.20942
87	79	1.36498
87	80	1.25421
87	89	1.32421
87	115	0.631156
87	133	0.667333
87	148	1.24349
87	160	0.67849
87	166	0.684789
87	169	0.683988
87	170	0.706736
87	174	0.708447
87	175	1.30874
87	177	0.690471
88	4	1.1443
88	22	0.98944
88	24	1.09315
88	41	1.19315
88	44	1.18675
88	65	1.0744
88	83	1.0828
88	109	1.09048
88	110	1.09048
88	121	1.00102
88	130	1.15109
88	131	0.785522
88	143	0.811119
88	161	1.08793
88	167	0.804837
88	169	0.784803
88	175	0.750682
88	179	1.10446
88	180	0.812346
89	5	1.23893
89	20	1.18166
89	22	1.06692
89	25	0.743901
89	29	1.18166
89	42	1.12964
89	56	1.16865
89	79	1.32421
89	80	1.21344
89	87	1.32421
89	135	0.721761
89	147	0.718202
89	148	1.20272
89	155	0.693478
89	166	0.708089
89	168	0.754638
89	169	0.707288
89	175	1.26797
89	178	0.697914
90	6	1.24997
90	17	1.18163
90	37	1.26913
90	43	1.10993
90	47	1.20966
90	55	1.14817
90	61	1.28744
90	76	1.17368
90	122	0.708777
90	130	1.24658
90	138	1.24039
90	161	1.18342
90	163	0.752701
90	166	0.715908
90	170	0.737855
90	171	0.726335
90	172	0.708045
90	175	0.680986
90	176	0.721051
91	44	0.702797
91	69	0.717672
91	101	0.752852
91	109	0.79051
91	130	0.719574
91	138	0.739397
91	157	0.753787
91	161	0.784508
91	162	1.14899
91	164	1.18634
91	165	1.1729
91	167	1.14102
91	169	1.1685
91	172	1.17924
91	174	1.14364
91	175	1.20977
91	176	1.1689
91	177	1.1715
91	178	1.16003
91	180	1.14916
92	9	0.691826
92	49	0.736543
92	80	0.775173
92	85	1.12983
92	96	0.760014
92	109	0.764764
92	125	1.14255
92	141	1.11038
92	145	0.718445
92	147	1.17168
92	156	0.726856
92	158	0.794206
92	164	1.20168
92	167	1.15636
92	169	1.18384
92	173	1.21797
92	174	1.15898
92	177	1.18684
92	178	1.17537
92	180	1.1645
93	21	1.11914
93	27	0.780325
93	28	1.28067
93	33	1.07049
93	36	0.673343
93	45	1.16457
93	59	1.09878
93	96	1.11729
93	97	1.15307
93	99	1.21671
93	106	1.23396
93	107	1.23396
93	127	1.13957
93	140	1.17178
93	149	0.810106
93	163	0.777171
93	166	0.740377
93	169	0.739577
93	171	0.750805
93	180	0.767119
94	9	1.28698
94	36	0.613345
94	50	1.23315
94	95	1.19073
94	100	1.26417
94	103	1.24072
94	105	1.20949
94	112	1.17696
94	116	1.23289
94	121	0.84123
94	132	1.18792
94	134	0.659653
94	143	0.705895
94	146	0.704528
94	149	0.750109
94	158	1.23031
94	164	0.689493
94	166	0.68038
94	170	1.21347
94	179	1.2332
94	180	0.707122
95	35	1.1991
95	39	1.05884
95	94	1.19073
95	100	1.14474
95	112	1.05752
95	117	0.760181
95	118	1.12892
95	122	1.14595
95	133	0.765159
95	138	1.1542
95	140	1.13089
95	141	0.86469
95	157	1.1223
95	158	1.11087
95	164	0.791727
95	169	0.781814
95	170	1.09403
95	174	0.806272
95	175	1.1619
95	178	0.77244
95	180	0.809356
96	21	1.08337
96	28	1.24489
96	31	1.09356
96	33	1.03472
96	45	1.1288
96	59	1.063
96	92	0.760014
96	93	1.11729
96	97	1.11729
96	99	1.18093
96	106	1.19818
96	107	1.19818
96	121	0.934284
96	127	1.10379
96	140	1.136
96	142	0.807419
96	147	0.783548
96	166	0.773434
96	169	0.772633
96	172	0.765571
96	173	0.748592
97	21	1.11914
97	28	1.28067
97	33	1.07049
97	45	1.16457
97	59	1.09878
97	93	1.15307
97	96	1.11729
97	99	1.21671
97	106	1.23396
97	107	1.23396
97	125	0.800257
97	127	1.13957
97	133	0.720698
97	140	1.17178
97	143	0.763669
97	149	0.807882
97	164	0.747266
97	175	0.703232
97	177	0.743836
97	180	0.764895
98	22	0.986566
98	48	1.15273
98	52	1.15887
98	53	1.15254
98	84	1.12864
98	101	1.16041
98	116	1.13918
98	117	1.14793
98	119	0.729847
98	122	1.17167
98	132	1.09421
98	134	0.779983
98	142	0.834696
98	157	1.14802
98	159	0.810473
98	160	0.794411
98	167	0.819944
98	170	1.11975
98	173	0.775869
98	177	0.806393
98	179	1.13948
99	21	1.18278
99	28	1.3443
99	33	1.13413
99	45	1.22821
99	59	1.16241
99	60	0.626474
99	93	1.21671
99	96	1.18093
99	97	1.21671
99	106	1.2976
99	107	1.2976
99	121	0.845637
99	122	0.677656
99	125	0.746891
99	127	1.20321
99	140	1.23542
99	159	0.69455
99	168	0.731336
99	172	0.676924
99	175	0.649865
99	179	0.70237
100	25	0.757247
100	35	1.27254
100	39	1.13228
100	77	1.07033
100	94	1.26417
100	95	1.14474
100	112	1.13096
100	118	1.20236
100	127	1.17212
100	131	0.721353
100	134	0.700708
100	138	1.22764
100	147	0.731548
100	154	0.72753
100	157	1.19574
100	158	1.18431
100	163	0.758228
100	168	0.767984
100	170	1.16747
100	175	1.23534
100	179	0.739018
100	180	0.748177
101	38	0.714986
101	52	1.19655
101	53	1.19021
101	58	1.25612
101	68	0.673485
101	84	1.16631
101	91	0.752852
101	98	1.16041
101	115	0.686893
101	116	1.17685
101	128	0.775086
101	130	1.22378
101	132	1.13188
101	138	1.21759
101	148	1.16004
101	157	1.18569
101	159	0.750288
101	168	0.787074
101	170	1.15742
101	178	0.730351
101	179	1.17715
101	180	0.767267
102	3	1.2343
102	14	1.14596
102	38	1.25563
102	75	1.29198
102	81	1.14732
102	82	1.14474
102	85	0.841912
102	103	1.18271
102	104	1.15816
102	105	1.15148
102	111	1.13026
102	129	1.19285
102	133	0.790538
102	139	0.867023
102	140	1.19232
102	150	0.00151112
102	158	1.1723
102	168	0.854542
102	170	0.82994
102	171	0.818421
102	176	0.813136
102	180	0.834735
103	9	1.21753
103	14	1.13452
103	23	0.757796
103	57	1.13431
103	62	1.2773
103	68	0.669196
103	75	1.28054
103	81	1.13588
103	82	1.1333
103	94	1.24072
103	102	1.18271
103	105	1.14004
103	129	1.18141
103	140	1.18088
103	147	0.74635
103	158	1.16086
103	165	0.745088
103	170	0.758183
103	171	0.746664
103	177	0.741918
103	178	0.726062
103	179	0.753819
104	3	1.19831
104	9	1.19298
104	14	1.10998
104	57	1.10977
104	62	1.25276
104	68	0.710633
104	70	1.05817
104	75	1.25599
104	81	1.11133
104	82	1.10876
104	102	1.15816
104	111	1.09428
104	119	0.706811
104	128	0.812234
104	129	1.15686
104	140	1.15633
104	143	0.803189
104	155	0.763063
104	158	1.13631
104	164	0.786786
104	167	0.796907
104	178	0.767499
104	180	0.804415
105	1	1.18323
105	3	1.19163
105	57	1.10309
105	62	1.24608
105	70	1.05149
105	75	1.24931
105	81	1.10465
105	82	1.10208
105	94	1.20949
105	102	1.15148
105	103	1.14004
105	111	1.0876
105	122	0.764466
105	129	1.15018
105	134	0.75087
105	147	0.781711
105	158	1.12963
105	159	0.78136
105	160	0.765298
105	165	0.780449
105	174	0.795255
105	177	0.777279
105	178	0.761423
106	21	1.20003
106	28	1.36155
106	31	1.21023
106	33	1.15138
106	45	1.24546
106	59	1.17967
106	66	0.630833
106	93	1.23396
106	96	1.19818
106	97	1.23396
106	99	1.2976
106	107	1.31485
106	127	1.22046
106	135	0.708435
106	140	1.25267
106	142	0.728747
106	162	0.721515
106	166	0.694762
106	171	0.70519
106	172	0.686899
106	175	0.65984
106	177	0.700444
106	180	0.721504
107	21	1.20003
107	28	1.36155
107	31	1.21023
107	33	1.15138
107	45	1.24546
107	59	1.17967
107	93	1.23396
107	96	1.19818
107	97	1.23396
107	99	1.2976
107	106	1.31485
107	127	1.22046
107	131	0.687585
107	133	0.670211
107	140	1.25267
107	164	0.69678
107	165	0.696518
107	166	0.687667
107	167	0.7069
107	170	0.709614
107	174	0.711325
107	176	0.692809
107	179	0.70525
108	114	1.26546
108	123	1.28642
108	126	1.31635
108	131	0.666393
108	136	1.26105
108	137	1.23884
108	144	1.28324
108	145	1.28849
108	150	1.24436
108	152	1.27479
108	153	1.27473
108	156	1.26627
108	163	0.703268
108	165	0.675326
108	166	0.666475
108	169	0.665674
108	170	0.688422
108	171	0.676902
108	175	0.631553
108	179	0.684058
109	4	1.18208
109	24	1.13093
109	41	1.23093
109	44	1.22453
109	65	1.11219
109	68	1.17461
109	83	1.12058
109	88	1.09048
109	91	0.79051
109	92	0.764764
109	110	1.12826
109	117	0.75575
109	121	1.03881
109	124	1.20979
109	130	1.18887
109	147	0.788297
109	151	0.776433
109	160	0.771885
109	161	1.12571
109	172	0.770321
109	175	0.743262
109	177	0.783866
109	179	1.14224
110	4	1.18208
110	24	1.13093
110	41	1.23093
110	44	1.22453
110	65	1.11219
110	68	1.17461
110	83	1.12058
110	88	1.09048
110	109	1.12826
110	117	0.743184
110	121	1.03881
110	124	1.20979
110	130	1.18887
110	139	0.824648
110	143	0.791133
110	161	1.12571
110	164	0.77473
110	165	0.774469
110	175	0.730696
110	177	0.7713
110	178	0.755443
110	179	1.14224
110	180	0.792359
111	1	1.16201
111	3	1.17041
111	9	1.16508
111	16	0.976024
111	22	0.982031
111	57	1.08187
111	62	1.22486
111	70	1.03027
111	75	1.22809
111	81	1.08343
111	102	1.13026
111	104	1.09428
111	105	1.0876
111	115	0.724562
111	117	0.755761
111	129	1.12896
111	131	0.778113
111	139	0.837225
111	140	1.12843
111	158	1.10841
111	164	0.787307
111	165	0.787046
111	167	0.797428
111	174	0.801853
112	16	1.00599
112	35	1.18532
112	38	1.18043
112	39	1.04506
112	60	0.729096
112	66	0.72348
112	85	0.821328
112	94	1.17696
112	95	1.05752
112	100	1.13096
112	117	0.764975
112	118	1.11514
112	122	1.13217
112	127	1.08491
112	138	1.14042
112	140	1.11712
112	146	0.811557
112	157	1.10852
112	158	1.0971
112	166	0.787409
112	170	1.08025
112	174	0.811067
112	175	1.14812
112	178	0.777235
113	10	1.18759
113	11	1.20347
113	18	1.13627
113	30	0.75783
113	40	1.25824
113	54	1.35301
113	64	1.11662
113	72	1.21716
113	73	1.21116
113	115	1.19922
113	121	1.0854
113	124	1.25639
113	134	1.2119
113	135	1.19186
113	148	1.17172
113	155	0.705005
113	169	0.718815
113	171	0.730043
113	174	0.743274
113	175	0.684694
113	177	0.725298
113	178	0.709441
113	179	0.737199
113	180	0.746358
114	67	1.1141
114	85	0.787154
114	86	1.20183
114	108	1.26546
114	122	0.746104
114	123	1.15211
114	126	1.18204
114	136	1.12674
114	137	1.10453
114	143	0.778751
114	144	1.14893
114	145	1.15418
114	150	1.11005
114	152	1.14049
114	153	1.14042
114	156	1.13196
114	159	0.762998
114	161	1.12716
114	164	0.762348
114	165	0.762087
114	167	0.772469
114	168	0.799784
114	180	0.779977
115	26	0.940813
115	43	1.00203
115	47	0.697106
115	54	1.33078
115	62	0.629084
115	64	1.0944
115	72	1.19494
115	84	0.743194
115	87	0.631156
115	101	0.686893
115	111	0.724562
115	113	1.19922
115	121	1.06317
115	129	0.686478
115	140	0.746557
115	145	1.1771
115	150	1.13297
115	152	1.16341
115	153	1.16334
115	156	1.15488
115	167	1.14599
115	172	1.18421
115	177	1.17647
115	178	1.165
115	180	1.15413
116	2	1.19579
116	30	0.809176
116	36	0.703927
116	48	1.16917
116	50	1.15587
116	52	1.17531
116	53	1.16898
116	58	1.23488
116	84	1.14508
116	94	1.23289
116	98	1.13918
116	101	1.17685
116	119	0.700099
116	132	1.11065
116	133	0.753507
116	134	0.750235
116	148	1.1388
116	154	0.777057
116	157	1.16445
116	170	1.13619
116	172	0.763099
116	175	0.736041
116	178	0.760788
116	179	1.15592
116	180	0.797704
117	8	0.688323
117	24	0.739377
117	28	0.623727
117	48	1.17792
117	58	1.24363
117	64	0.939204
117	73	0.729519
117	95	0.760181
117	98	1.14793
117	109	0.75575
117	110	0.743184
117	111	0.755761
117	112	0.764975
117	123	1.17309
117	132	1.1194
117	145	1.17516
117	150	1.13103
117	152	1.16147
117	156	1.15294
117	171	1.18072
117	172	1.18228
117	177	1.17453
117	178	1.16306
117	179	1.16467
117	180	1.15219
118	25	0.78651
118	31	1.14607
118	35	1.25672
118	39	1.11646
118	46	0.772038
118	66	0.686768
118	77	1.05451
118	95	1.12892
118	100	1.20236
118	112	1.11514
118	120	0.767377
118	122	1.20357
118	127	1.15631
118	134	0.72997
118	138	1.21182
118	140	1.18852
118	154	0.756792
118	157	1.17992
118	158	1.1685
118	162	0.77745
118	166	0.750697
118	170	1.15165
118	171	0.761125
118	175	1.21952
118	177	0.756379
119	7	0.644757
119	70	0.788789
119	71	1.24048
119	76	0.706741
119	98	0.729847
119	104	0.706811
119	116	0.700099
119	131	1.22679
119	132	0.742107
119	138	0.656207
119	152	0.654388
119	154	1.19336
119	158	0.736763
119	161	0.701319
119	164	1.23474
119	165	1.2213
119	166	1.22149
119	167	1.18942
119	168	1.18349
119	171	1.22608
119	172	1.22764
119	174	1.19204
119	176	1.2173
119	177	1.21989
119	178	1.20842
119	180	1.19755
120	5	0.723316
120	17	0.809652
120	36	1.19882
120	39	0.822271
120	42	0.863313
120	78	0.686812
120	118	0.767377
120	127	0.786531
120	129	0.75679
120	140	0.81687
120	151	1.11128
120	152	0.74193
120	163	1.11536
120	164	1.15166
120	165	1.13822
120	168	1.10041
120	169	1.13382
120	171	1.143
120	172	1.14456
120	173	1.16795
120	174	1.10896
120	175	1.17509
120	176	1.13422
120	177	1.13682
120	178	1.12535
120	180	1.11448
121	37	0.830056
121	39	0.966442
121	65	1.02273
121	73	1.07511
121	88	1.00102
121	94	0.84123
121	96	0.934284
121	99	0.845637
121	109	1.03881
121	110	1.03881
121	113	1.0854
121	115	1.06317
121	124	1.12034
121	138	0.887921
121	142	1.0476
121	148	1.03567
121	150	0.980046
121	152	0.886101
121	157	0.902311
121	161	1.03626
121	168	1.02624
121	170	1.03306
121	171	1.06884
121	177	1.06265
121	178	1.05118
121	179	1.05279
121	180	1.04031
122	18	0.773387
122	39	1.13349
122	58	1.26737
122	74	0.761329
122	82	0.751034
122	90	0.708777
122	95	1.14595
122	98	1.17167
122	99	0.677656
122	105	0.764466
122	112	1.13217
122	114	0.746104
122	118	1.20357
122	126	0.693752
122	132	1.14314
122	136	0.739693
122	145	0.724734
122	148	1.1713
122	156	0.733145
122	164	1.21311
122	168	1.16186
122	174	1.17041
122	175	1.23655
122	177	1.19827
122	178	1.1868
122	179	1.18841
122	180	1.17593
123	38	0.700768
123	69	1.20296
123	78	1.27296
123	86	1.22278
123	108	1.28642
123	114	1.15211
123	117	1.17309
123	126	1.20299
123	131	0.726225
123	136	1.1477
123	137	1.12549
123	141	0.808383
123	144	1.16989
123	145	1.17513
123	150	1.131
123	151	0.724556
123	152	1.16144
123	153	1.16137
123	156	1.15292
123	158	1.16175
123	162	0.75306
123	163	0.7631
123	170	0.748254
123	171	0.736735
123	172	0.718444
123	177	0.731989
123	180	0.753049
124	2	0.697823
124	6	0.690508
124	8	0.680093
124	15	0.736194
124	35	0.68054
124	45	0.716013
124	50	0.706409
124	53	0.729071
124	64	1.15157
124	72	1.2521
124	73	1.2461
124	74	0.737796
124	109	1.20979
124	110	1.20979
124	113	1.25639
124	121	1.12034
124	136	0.71616
124	138	0.696407
124	139	1.18481
124	166	1.23523
124	167	1.20316
124	171	1.23982
124	177	1.23364
124	178	1.22217
124	179	1.22378
124	180	1.2113
125	5	0.76874
125	8	0.77286
125	35	0.773308
125	57	0.830011
125	58	0.739213
125	82	0.820268
125	92	1.14255
125	97	0.800257
125	99	0.746891
125	127	0.831955
125	128	1.11354
125	139	1.08283
125	143	1.10724
125	144	0.793421
125	157	0.803564
125	160	1.15561
125	162	1.10915
125	165	1.13306
125	166	1.13325
125	167	1.10118
125	169	1.12866
125	171	1.13784
125	172	1.1394
125	173	1.16278
125	175	1.16993
125	177	1.13166
125	178	1.12019
125	179	1.1218
125	180	1.10932
126	23	0.722443
126	27	0.740831
126	49	1.211
126	67	1.16499
126	69	1.23289
126	78	1.30289
126	86	1.25271
126	108	1.31635
126	114	1.18204
126	122	0.693752
126	123	1.20299
126	136	1.17763
126	137	1.15542
126	141	0.782959
126	143	0.726398
126	144	1.19982
126	145	1.20507
126	150	1.16094
126	152	1.19137
126	153	1.19131
126	155	0.686273
126	156	1.18285
126	158	1.19169
126	159	0.710646
126	161	1.17804
126	162	0.727636
126	164	0.709996
126	171	0.711311
126	176	0.706026
126	179	0.718466
126	180	0.727625
127	36	0.702817
127	77	1.02427
127	93	1.13957
127	96	1.10379
127	97	1.13957
127	99	1.20321
127	100	1.17212
127	106	1.22046
127	107	1.22046
127	112	1.08491
127	118	1.15631
127	120	0.786531
127	125	0.831955
127	131	0.76977
127	137	1.10199
127	140	1.15828
127	145	1.15164
127	147	0.779965
127	150	1.10751
127	151	0.768101
127	152	1.13794
127	153	1.13788
127	156	1.12942
127	163	0.806645
127	164	0.778965
127	165	0.778703
127	168	0.816401
127	170	1.12141
127	173	0.74501
127	174	0.79351
127	175	1.18928
128	44	0.725031
128	45	0.781237
128	76	0.812165
128	78	0.704693
128	85	1.10082
128	86	0.741409
128	101	0.775086
128	104	0.812234
128	125	1.11354
128	129	0.774671
128	140	0.834751
128	141	1.08137
128	143	1.13341
128	144	0.765878
128	145	0.766425
128	146	1.1473
128	154	1.1313
128	156	0.774837
128	159	1.14001
128	164	1.17267
128	165	1.15924
128	166	1.15942
128	169	1.15483
128	170	1.12824
128	171	1.16402
128	173	1.18896
128	174	1.12997
128	176	1.15523
128	177	1.15783
128	178	1.14636
128	180	1.13549
129	1	1.22459
129	3	1.23299
129	9	1.22767
129	14	1.14466
129	16	1.03861
129	38	1.25433
129	46	0.761451
129	57	1.14445
129	62	1.28744
129	70	1.09285
129	71	0.723535
129	75	1.29067
129	81	1.14602
129	82	1.14344
129	102	1.19285
129	103	1.18141
129	104	1.15686
129	105	1.15018
129	111	1.12896
129	115	0.686478
129	120	0.75679
129	128	0.774671
129	134	0.719384
129	135	0.753783
129	140	1.19102
129	158	1.171
129	160	0.733812
129	165	0.748962
129	167	0.759344
129	177	0.745793
129	178	0.729936
129	179	0.757694
130	2	1.24272
130	4	1.24269
130	47	1.21256
130	55	1.15107
130	58	1.28181
130	61	1.29033
130	76	1.17658
130	83	1.18119
130	84	1.19201
130	88	1.15109
130	90	1.24658
130	91	0.719574
130	101	1.22378
130	109	1.18887
130	110	1.18887
130	132	1.15758
130	135	0.72092
130	142	0.741233
130	143	0.732763
130	151	0.705497
130	160	0.700948
130	161	1.18632
130	162	0.734
130	167	0.726481
130	168	0.753796
130	170	1.18312
130	171	0.717675
130	172	0.699384
130	176	0.71239
130	177	0.71293
130	179	1.20285
131	41	0.707288
131	47	0.750657
131	59	0.79173
131	75	0.676161
131	88	0.785522
131	100	0.721353
131	107	0.687585
131	108	0.666393
131	111	0.778113
131	119	1.22679
131	123	0.726225
131	127	0.76977
131	133	1.19214
131	142	1.16779
131	143	1.15842
131	146	1.17231
131	148	0.754127
131	155	1.17634
131	160	1.20679
131	161	0.7721
131	162	1.16033
131	164	1.19768
131	165	1.18425
131	166	1.18443
131	167	1.15236
131	169	1.17984
131	172	1.19059
131	174	1.15498
131	176	1.18025
131	177	1.18284
131	178	1.17137
131	180	1.1605
132	2	1.15083
132	22	0.958035
132	36	0.745935
132	48	1.1242
132	50	1.11091
132	52	1.13034
132	53	1.12401
132	58	1.18991
132	71	0.796394
132	84	1.10011
132	94	1.18792
132	98	1.09421
132	101	1.13188
132	116	1.11065
132	117	1.1194
132	119	0.742107
132	122	1.14314
132	130	1.15758
132	135	0.826643
132	138	1.15139
132	148	1.09384
132	154	0.819065
132	157	1.11949
132	160	0.806671
132	166	0.81297
132	167	0.832204
132	170	1.09122
132	174	0.836628
132	176	0.818113
132	177	0.818652
132	178	0.802796
132	179	1.11095
133	6	0.703717
133	18	0.763063
133	39	0.788136
133	84	0.779371
133	87	0.667333
133	95	0.765159
133	97	0.720698
133	102	0.790538
133	107	0.670211
133	116	0.753507
133	131	1.19214
133	138	0.709615
133	143	1.16082
133	146	1.17471
133	147	1.17008
133	153	0.714488
133	155	1.17874
133	159	1.16742
133	161	0.754727
133	164	1.20008
133	166	1.18684
133	168	1.14883
133	169	1.18224
133	171	1.19143
133	172	1.19299
133	173	1.21637
133	174	1.15738
133	176	1.18265
133	177	1.18524
133	178	1.17377
133	179	1.17538
133	180	1.1629
134	10	1.17805
134	18	1.12672
134	35	0.690477
134	40	1.24869
134	41	0.686642
134	56	0.780775
134	70	0.838925
134	73	1.20161
134	94	0.659653
134	98	0.779983
134	100	0.700708
134	105	0.75087
134	113	1.2119
134	116	0.750235
134	118	0.72997
134	129	0.719384
134	135	1.18231
134	137	1.14013
134	140	0.779463
134	144	1.18453
134	149	1.13058
134	150	1.14565
134	152	1.17608
134	153	1.17602
134	156	1.16756
134	157	0.720733
134	160	1.2131
134	172	1.19689
134	176	1.18655
134	177	1.18914
134	178	1.17768
134	180	1.1668
135	4	0.714736
135	18	1.10669
135	51	0.75707
135	55	0.808571
135	57	0.78158
135	62	0.69639
135	64	1.08704
135	70	0.873325
135	72	1.18758
135	73	1.18158
135	81	0.789551
135	89	0.721761
135	106	0.708435
135	113	1.19186
135	129	0.753783
135	130	0.72092
135	132	0.826643
135	134	1.18231
135	136	1.14231
135	138	0.740743
135	144	1.1645
135	145	1.16974
135	150	1.12561
135	152	1.15605
135	153	1.15598
135	156	1.14752
135	163	1.14765
135	165	1.17052
135	168	1.1327
135	172	1.17686
135	177	1.16911
135	178	1.15764
135	180	1.14677
136	12	1.19773
136	16	0.965402
136	27	0.786772
136	49	1.1557
136	67	1.10969
136	69	1.1776
136	78	1.2476
136	86	1.19742
136	108	1.26105
136	114	1.12674
136	122	0.739693
136	123	1.1477
136	124	0.71616
136	126	1.17763
136	135	1.14231
136	137	1.10012
136	144	1.14453
136	145	1.14977
136	146	0.770971
136	150	1.10564
136	152	1.13608
136	153	1.13601
136	156	1.12755
136	158	1.13639
136	161	1.12275
136	167	0.766057
136	173	0.721982
136	175	0.711902
136	176	0.751967
136	177	0.752506
136	178	0.736649
136	179	0.764407
136	180	0.773566
137	12	1.17551
137	22	0.966827
137	49	1.13349
137	67	1.08748
137	69	1.15539
137	78	1.22539
137	86	1.1752
137	108	1.23884
137	114	1.10453
137	123	1.12549
137	126	1.15542
137	127	1.10199
137	134	1.14013
137	136	1.10012
137	141	0.845066
137	143	0.788505
137	144	1.12231
137	145	1.12756
137	150	1.08343
137	152	1.11386
137	153	1.1138
137	154	0.769085
137	156	1.10534
137	158	1.11418
137	161	1.10054
137	163	0.799783
137	165	0.771842
137	169	0.762189
137	171	0.773417
137	172	0.755127
137	173	0.738148
137	174	0.786648
137	176	0.768133
137	178	0.752815
138	17	1.17835
138	37	1.26585
138	43	1.10664
138	50	1.19662
138	58	1.27563
138	76	1.17039
138	77	1.07979
138	90	1.24039
138	91	0.739397
138	95	1.1542
138	100	1.22764
138	101	1.21759
138	112	1.14042
138	118	1.21182
138	119	0.656207
138	121	0.887921
138	124	0.696407
138	132	1.15139
138	133	0.709615
138	135	0.740743
138	147	0.737184
138	148	1.17955
138	157	1.2052
138	159	0.736833
138	161	1.18013
138	164	0.736183
138	166	0.72707
138	170	1.17693
138	173	0.702229
138	175	1.2448
138	176	0.732213
138	177	0.732753
138	178	0.716896
138	179	1.19666
139	7	0.77465
139	8	0.769787
139	15	0.825888
139	16	0.981978
139	46	1.12642
139	47	0.809769
139	57	0.826938
139	69	0.764376
139	75	0.735273
139	102	0.867023
139	110	0.824648
139	111	0.837225
139	124	1.18481
139	125	1.08283
139	148	0.81324
139	149	1.06855
139	151	1.10158
139	157	0.800491
139	160	1.15107
139	161	0.831212
139	163	1.10566
139	164	1.14196
139	166	1.12871
139	167	1.09664
139	168	1.09071
139	169	1.12412
139	171	1.1333
139	172	1.13486
139	173	1.15824
139	174	1.09926
139	176	1.12452
139	177	1.12711
139	178	1.11565
139	179	1.11726
