1	14	1.01925
1	17	0.89954
1	24	0.888218
1	29	0.953043
1	32	0.954423
1	41	0.93678
1	82	1.40276
1	128	0.928271
1	152	2.51229
1	153	0.884877
1	161	0.977094
1	163	2.54616
2	10	1.07727
2	28	0.958401
2	33	1.02059
2	48	0.9822
2	64	1.32055
2	141	1.27016
2	151	0.902983
2	152	0.940403
2	165	0.93326
2	176	0.920649
2	180	3.39413
3	7	0.835744
3	46	0.852157
3	47	0.85961
3	53	0.839784
3	61	0.893496
3	65	0.893441
3	66	0.869692
3	151	0.761966
3	156	3.02901
3	158	0.836422
3	163	2.48577
3	176	0.779632
4	51	0.679418
4	79	0.760524
4	104	0.738356
4	117	0.704012
4	155	0.722872
4	164	0.723881
4	169	0.687012
4	173	0.707441
4	175	0.653515
4	178	0.676679
4	179	0.666584
4	180	0.682974
5	11	0.834061
5	16	0.826743
5	20	0.822359
5	23	0.827027
5	31	0.880185
5	42	0.871656
5	85	0.841601
5	127	0.894906
5	136	2.78886
5	144	0.871048
5	149	2.59336
5	174	0.773761
6	13	0.820525
6	25	0.915389
6	46	0.836399
6	47	0.843851
6	53	0.824026
6	61	0.877738
6	65	0.877683
6	66	0.853934
6	96	2.33347
6	107	2.88848
6	158	0.820664
6	176	0.763874
7	3	0.835744
7	47	0.859213
7	53	0.839388
7	61	0.893099
7	65	0.893044
7	66	0.869295
7	126	2.61682
7	128	0.834922
7	134	2.69911
7	151	0.76157
7	158	0.836025
7	176	0.779236
8	34	0.943317
8	45	0.919377
8	62	1.0167
8	75	0.935016
8	87	0.916526
8	97	0.940779
8	106	0.966123
8	110	0.918939
8	129	1.35855
8	152	2.30511
8	165	0.87595
8	174	3.05158
9	38	0.876981
9	63	0.884556
9	74	1.84314
9	84	0.845571
9	100	0.861531
9	101	0.85811
9	111	0.831191
9	115	0.885264
9	120	0.862595
9	160	3.44139
9	174	0.777997
9	177	0.735507
10	2	1.07727
10	22	0.920943
10	33	0.979681
10	39	1.21224
10	48	0.941292
10	126	0.962421
10	129	2.24888
10	151	0.862075
10	152	0.899494
10	165	0.892352
10	171	3.3845
10	176	0.879741
11	5	0.834061
11	16	0.825327
11	20	0.820944
11	23	0.825611
11	27	0.909889
11	31	0.87877
11	42	0.87024
11	85	0.840186
11	144	0.869632
11	145	1.54122
11	172	4.43266
11	174	0.772346
12	17	0.938696
12	24	0.927374
12	29	0.992199
12	32	0.993579
12	41	0.975936
12	59	2.40795
12	67	1.23314
12	128	0.967427
12	153	0.924033
12	161	1.01625
12	179	3.62871
13	6	0.820525
13	46	0.852301
13	47	0.859753
13	53	0.839927
13	61	0.893639
13	65	0.893584
13	66	0.869835
13	148	1.80285
13	151	0.76211
13	158	0.836565
13	169	3.72063
13	176	0.779775
14	1	1.01925
14	17	0.896749
14	24	0.885427
14	29	0.950252
14	41	0.933989
14	124	0.954601
14	128	0.92548
14	144	1.43428
14	153	0.882086
14	161	0.974303
14	170	2.16527
14	171	2.94376
15	81	2.63981
15	90	0.854345
15	94	0.722628
15	157	0.784757
15	163	0.779688
15	168	0.755521
15	170	0.793229
15	172	0.725193
15	175	0.726694
15	178	0.749858
15	179	0.739763
15	180	0.756153
16	5	0.826743
16	11	0.825327
16	20	0.813625
16	23	0.818293
16	27	0.90257
16	31	0.871451
16	42	0.862922
16	127	0.886172
16	144	0.862314
16	147	2.68432
16	159	2.79178
16	174	0.765027
17	1	0.89954
17	12	0.938696
17	14	0.896749
17	24	0.765714
17	29	0.830539
17	41	0.814276
17	52	0.840753
17	128	0.805767
17	139	3.32084
17	153	0.762373
17	158	2.32431
17	161	0.85459
18	59	0.843107
18	61	0.000774057
18	97	1.20178
18	138	0.848492
18	141	0.892256
18	150	0.851036
18	162	0.827894
18	166	0.823559
18	170	0.836202
18	171	0.816682
18	175	0.769666
18	179	0.782735
18	180	0.799125
19	22	0.909187
19	28	0.905737
19	33	0.967926
19	48	0.929536
19	108	0.98651
19	126	0.950665
19	151	0.850319
19	152	0.887738
19	160	1.22748
19	165	0.880596
19	174	2.31269
19	176	0.867985
19	179	3.51465
20	5	0.822359
20	11	0.820944
20	16	0.813625
20	23	0.813909
20	27	0.898187
20	31	0.867068
20	42	0.858538
20	94	0.730853
20	119	1.99945
20	127	0.881788
20	144	0.85793
20	173	3.5958
20	174	0.760644
21	38	0.303901
21	66	0.238065
21	88	0.659525
21	156	0.909971
21	159	0.952709
21	169	0.909359
21	170	0.942397
21	171	0.922877
21	172	0.87436
21	175	0.875861
21	178	0.899025
21	179	0.88893
21	180	0.90532
22	10	0.920943
22	19	0.909187
22	28	0.802079
22	33	0.864268
22	48	0.825878
22	108	0.882852
22	117	2.53341
22	126	0.847007
22	151	0.746661
22	152	0.784081
22	165	0.776938
22	168	3.22891
22	176	0.764327
23	5	0.827027
23	11	0.825611
23	16	0.818293
23	20	0.813909
23	27	0.902854
23	31	0.871735
23	42	0.863206
23	85	0.833151
23	94	0.73552
23	123	2.96727
23	139	3.13733
23	144	0.862598
23	174	0.765311
24	1	0.888218
24	12	0.927374
24	14	0.885427
24	17	0.765714
24	29	0.819217
24	32	0.820597
24	41	0.802954
24	124	0.823566
24	128	0.794445
24	142	3.17882
24	153	0.751051
24	157	2.74339
24	161	0.843268
25	6	0.915389
25	46	0.947164
25	49	1.42531
25	53	0.934791
25	61	0.988503
25	65	0.988448
25	66	0.964699
25	119	1.54282
25	151	0.856973
25	158	0.931429
25	169	3.82762
25	176	0.874639
26	93	0.67499
26	116	0.782592
26	150	0.742392
26	157	0.719085
26	166	0.714914
26	167	0.684724
26	169	0.694519
26	171	0.708037
26	172	0.65952
26	175	0.661022
26	178	0.684185
26	179	0.67409
26	180	0.69048
27	11	0.909889
27	16	0.90257
27	20	0.898187
27	23	0.902854
27	31	0.956013
27	42	0.947483
27	94	0.819798
27	127	0.970733
27	144	0.946875
27	146	1.25381
27	167	3.34059
27	168	2.32976
27	174	0.849589
28	2	0.958401
28	19	0.905737
28	22	0.802079
28	33	0.860817
28	48	0.822427
28	96	0.852175
28	126	0.843556
28	144	1.98004
28	151	0.74321
28	152	0.78063
28	165	0.773488
28	169	3.85337
28	176	0.760876
29	1	0.953043
29	12	0.992199
29	14	0.950252
29	17	0.830539
29	24	0.819217
29	32	0.885422
29	41	0.867779
29	89	0.909608
29	116	1.58464
29	124	0.888391
29	153	0.815876
29	161	0.908093
29	162	2.97113
29	164	2.58582
30	55	0.86475
30	69	0.834598
30	103	0.829803
30	109	0.84968
30	118	0.807046
30	121	0.834106
30	122	0.826679
30	125	0.823819
30	130	0.841235
30	131	0.809992
30	132	0.810019
30	137	1.14121
30	177	0.70019
30	179	5.0311
31	5	0.880185
31	11	0.87877
31	16	0.871451
31	20	0.867068
31	23	0.871735
31	27	0.956013
31	42	0.916364
31	56	2.20068
31	85	0.88631
31	127	0.939614
31	139	2.1495
31	144	0.915756
31	156	3.00171
31	174	0.81847
32	1	0.954423
32	12	0.993579
32	24	0.820597
32	29	0.885422
32	41	0.869159
32	52	0.895635
32	89	0.910987
32	124	0.889771
32	128	0.86065
32	141	1.26064
32	152	2.91143
32	153	0.817256
32	161	0.909473
32	162	2.9579
33	2	1.02059
33	10	0.979681
33	19	0.967926
33	22	0.864268
33	28	0.860817
33	48	0.884616
33	78	1.89328
33	96	0.914363
33	151	0.805399
33	152	0.842819
33	155	3.03699
33	159	2.26108
33	165	0.835676
33	176	0.823065
34	8	0.943317
34	62	0.956463
34	73	0.886567
34	80	0.903316
34	81	0.91404
34	83	0.909601
34	87	0.85629
34	97	0.880543
34	106	0.905888
34	113	0.879965
34	119	1.34467
34	144	1.75615
34	165	0.815714
34	168	3.78108
35	60	0.949647
35	84	0.906093
35	85	0.90636
35	91	0.933119
35	94	0.808729
35	101	0.918633
35	111	0.891713
35	115	0.945787
35	120	0.923118
35	141	1.64862
35	149	2.0101
35	155	3.41734
35	174	0.83852
35	177	0.796029
36	66	1.00896
36	91	1.00796
36	104	2.61311
36	116	1.26525
36	120	0.997963
36	125	0.994504
36	130	1.01192
36	131	0.980677
36	132	0.980704
36	133	1.93268
36	158	0.975694
36	164	2.26643
36	174	0.913365
36	176	0.918904
37	40	0.821416
37	58	0.779405
37	73	0.82718
37	77	0.851558
37	87	0.796903
37	97	0.821156
37	105	0.817941
37	106	0.8465
37	110	0.799316
37	113	0.820578
37	126	2.90029
37	127	0.859321
37	137	3.04906
37	158	0.800505
38	9	0.876981
38	21	0.303901
38	54	0.873189
38	68	0.893075
38	88	0.927831
38	100	0.894563
38	101	0.891142
38	111	0.864223
38	112	0.902194
38	115	0.918296
38	120	0.895627
38	170	2.54502
38	174	0.811029
38	176	3.59871
38	177	0.768539
39	10	1.21224
39	70	0.836142
39	115	0.740361
39	141	0.954351
39	154	0.872093
39	160	0.927686
39	166	0.885654
39	167	0.855464
39	171	0.878777
39	172	0.83026
39	173	0.885687
39	175	0.831761
39	178	0.854925
39	179	0.84483
39	180	0.86122
40	37	0.821416
40	75	0.872501
40	77	0.908667
40	80	0.901038
40	83	0.907323
40	105	0.87505
40	106	0.903609
40	110	0.856425
40	113	0.877687
40	124	0.885632
40	127	0.91643
40	128	2.17013
40	138	2.8792
40	146	2.28252
40	165	0.813436
41	1	0.93678
41	12	0.975936
41	14	0.933989
41	17	0.814276
41	24	0.802954
41	29	0.867779
41	32	0.869159
41	89	0.893345
41	124	0.872128
41	126	1.57482
41	128	0.843007
41	140	2.67544
41	153	0.799613
41	161	0.89183
41	165	3.08348
42	5	0.871656
42	11	0.87024
42	16	0.862922
42	20	0.858538
42	23	0.863206
42	27	0.947483
42	31	0.916364
42	76	3.15009
42	85	0.87778
42	94	0.780149
42	127	0.931084
42	129	1.60163
42	144	0.907227
42	171	2.73725
42	174	0.80994
43	51	5.1
43	71	0.893809
43	102	0.88986
43	118	0.866881
43	121	0.893941
43	122	0.886514
43	124	0.892863
43	125	0.883654
43	130	0.901071
43	131	0.869827
43	132	0.869854
43	146	1.37352
43	161	0.912565
43	170	1.33592
43	177	0.760025
44	73	0.893111
44	118	1.04012
44	137	0.953743
44	161	0.741999
44	166	0.874829
44	167	0.844639
44	168	0.849764
44	169	0.854434
44	170	0.887472
44	171	0.867952
44	172	0.819435
44	173	0.874862
44	175	0.820936
44	178	0.8441
44	179	0.834005
44	180	0.850395
45	8	0.919377
45	58	0.814852
45	62	0.932523
45	73	0.862627
45	75	0.85084
45	81	0.8901
45	83	0.885661
45	89	0.885187
45	106	0.881947
45	110	0.834763
45	113	0.856025
45	135	0.848086
45	144	1.50827
45	155	2.94663
45	165	0.791774
45	174	3.57516
46	3	0.852157
46	6	0.836399
46	13	0.852301
46	25	0.947164
46	47	0.875626
46	53	0.855801
46	61	0.909513
46	65	0.909458
46	66	0.885709
46	128	0.851336
46	151	0.777983
46	158	0.852439
46	159	1.32814
46	163	2.06779
46	176	0.795649
46	177	5.75876
47	3	0.85961
47	6	0.843851
47	7	0.859213
47	13	0.859753
47	46	0.875626
47	53	0.863253
47	61	0.916965
47	65	0.91691
47	66	0.893161
47	128	0.858788
47	129	1.54553
47	151	0.785435
47	152	2.4921
47	158	0.859891
47	176	0.803101
47	178	3.87277
48	2	0.9822
48	10	0.941292
48	19	0.929536
48	22	0.825878
48	28	0.822427
48	33	0.884616
48	96	0.875974
48	108	0.9032
48	126	0.867355
48	151	0.767009
48	152	0.804429
48	159	1.75508
48	160	1.06006
48	165	0.797287
48	176	0.784675
48	177	6.25839
49	25	1.42531
49	55	0.632508
49	64	0.984655
49	108	0.0648241
49	115	0.873026
49	139	0.927113
49	157	0.93064
49	159	0.949425
49	162	0.930805
49	166	0.92647
49	167	0.896279
49	168	0.901404
49	172	0.871076
49	175	0.872577
49	178	0.895741
49	179	0.885646
49	180	0.902036
50	90	0.863322
50	108	1.65524
50	117	0.786167
50	122	1.55402
50	123	0.804806
50	138	0.814496
50	146	0.889011
50	160	0.831595
50	163	0.788665
50	164	0.806036
50	166	0.789563
50	172	0.73417
50	173	0.789596
50	175	0.735671
50	178	0.758834
50	179	0.74874
50	180	0.76513
51	4	0.679418
51	43	5.1
51	99	0.814866
51	129	0.805399
51	141	0.809089
51	147	0.768626
51	155	0.755856
51	159	0.763347
51	162	0.744727
51	164	0.756865
51	166	0.740392
51	167	0.710201
51	171	0.733515
51	175	0.686499
51	178	0.709663
51	179	0.699568
51	180	0.715958
52	17	0.840753
52	32	0.895635
52	84	0.978365
52	95	0.903955
52	100	1.18846
52	106	0.251812
52	122	0.892256
52	131	0.875569
52	132	0.875596
52	151	0.79613
52	153	0.826089
52	161	0.918306
52	166	0.836425
52	176	0.813796
52	178	0.805696
52	179	0.795601
52	180	0.811991
53	3	0.839784
53	6	0.824026
53	7	0.839388
53	13	0.839927
53	25	0.934791
53	46	0.855801
53	47	0.863253
53	61	0.897139
53	65	0.897085
53	66	0.873336
53	126	1.05769
53	128	0.838963
53	151	0.76561
53	158	0.840066
53	174	2.97225
53	176	0.783276
53	179	4.17421
54	38	0.873189
54	57	0.894455
54	63	0.880763
54	91	0.868804
54	100	0.857738
54	101	0.854318
54	111	0.827398
54	112	0.865369
54	116	2.36099
54	119	1.9691
54	120	0.858803
54	127	0.895349
54	135	0.848667
54	145	3.51148
54	161	0.884254
54	174	0.774205
54	177	0.731714
55	30	0.86475
55	49	0.632508
55	71	0.925408
55	95	0.929813
55	102	0.921459
55	109	0.941115
55	114	1.2845
55	118	0.898481
55	121	0.925541
55	122	0.918114
55	125	0.915254
55	130	0.93267
55	131	0.901427
55	132	0.901454
55	151	3.43456
55	152	0.859408
55	172	4.97404
55	177	0.791625
56	31	2.20068
56	122	2.24689
56	137	0.859478
56	144	0.849683
56	145	0.806992
56	147	0.808798
56	157	0.784735
56	160	0.822596
56	162	0.784899
56	163	0.779665
56	166	0.780564
56	168	0.755499
56	170	0.793207
56	171	0.773687
56	172	0.72517
56	178	0.749835
56	179	0.73974
56	180	0.75613
57	54	0.894455
57	60	0.943424
57	68	0.914341
57	84	0.899869
57	85	0.900136
57	91	0.926896
57	101	0.912409
57	111	0.885489
57	112	0.92346
57	115	0.939563
57	120	0.916894
57	126	1.26367
57	160	1.99898
57	161	0.942345
57	165	2.77234
57	166	3.19045
57	174	0.832296
57	177	0.789805
58	37	0.779405
58	45	0.814852
58	59	2.99205
58	62	0.912173
58	73	0.842278
58	75	0.83049
58	77	0.866655
58	81	0.86975
58	87	0.812
58	105	0.833039
58	106	0.861598
58	108	0.877338
58	113	0.835676
58	127	0.874418
58	135	0.827737
58	158	0.815603
58	166	2.10092
58	178	3.64505
59	12	2.40795
59	18	0.843107
59	58	2.99205
59	76	0.78124
59	148	0.883665
59	149	0.845412
59	150	0.815408
59	163	0.787031
59	164	0.804403
59	170	0.800573
59	171	0.781053
59	172	0.732536
59	173	0.787963
59	175	0.734037
59	177	0.717271
59	178	0.757201
59	179	0.747106
59	180	0.763496
60	35	0.949647
60	57	0.943424
60	68	0.905218
60	84	0.890747
60	88	0.939975
60	100	0.906707
60	101	0.903286
60	111	0.876366
60	112	0.914337
60	115	0.93044
60	120	0.907771
60	127	0.944318
60	134	1.25045
60	158	1.98676
60	170	2.66896
60	173	3.12285
60	174	0.823173
60	177	0.780682
61	3	0.893496
61	6	0.877738
61	7	0.893099
61	13	0.893639
61	18	0.000774057
61	25	0.988503
61	46	0.909513
61	47	0.916965
61	53	0.897139
61	65	0.950796
61	66	0.927047
61	94	6.9
61	128	0.892674
61	139	1.2513
61	151	0.819322
61	158	0.893777
61	166	1.29566
61	176	0.836988
62	8	1.0167
62	34	0.956463
62	45	0.932523
62	58	0.912173
62	73	0.959949
62	77	0.984326
62	80	0.976697
62	87	0.929671
62	97	0.953925
62	104	1.186
62	105	0.95071
62	108	0.995009
62	110	0.932085
62	113	0.953347
62	119	1.52785
62	145	1.79141
62	165	0.889096
62	176	1.64241
62	177	6.15742
63	9	0.884556
63	54	0.880763
63	68	0.900649
63	84	0.886177
63	88	0.935406
63	93	7.2
63	100	0.902137
63	101	0.898717
63	111	0.871797
63	112	0.909768
63	115	0.925871
63	120	0.903202
63	135	0.893067
63	151	1.93468
63	155	1.18081
63	161	0.928653
63	164	2.27024
63	174	0.818604
63	177	0.776113
64	2	1.32055
64	49	0.984655
64	87	1.74419
64	124	0.790977
64	146	0.926015
64	155	0.84203
64	157	0.830737
64	163	0.825668
64	164	0.84304
64	166	0.826567
64	169	0.806171
64	170	0.83921
64	171	0.81969
64	172	0.771173
64	174	0.798399
64	175	0.772674
64	178	0.795838
64	179	0.785743
64	180	0.802133
65	3	0.893441
65	6	0.877683
65	7	0.893044
65	13	0.893584
65	25	0.988448
65	46	0.909458
65	47	0.91691
65	53	0.897085
65	61	0.950796
65	66	0.926993
65	128	0.89262
65	144	1.22716
65	151	0.819267
65	158	0.893722
65	160	1.19264
65	176	0.836933
65	178	3.92826
65	180	3.02077
66	3	0.869692
66	6	0.853934
66	7	0.869295
66	13	0.869835
66	21	0.238065
66	25	0.964699
66	36	1.00896
66	46	0.885709
66	47	0.893161
66	53	0.873336
66	61	0.927047
66	65	0.926993
66	128	0.868871
66	151	0.795518
66	158	0.869974
66	160	1.71368
66	162	3.11509
66	176	0.813184
66	180	3.5418
67	12	1.23314
67	77	1.30117
67	101	0.277904
67	119	0.957311
67	124	0.303045
67	149	0.944001
67	154	0.872958
67	156	0.866736
67	164	0.902992
67	166	0.886519
67	167	0.856329
67	168	0.861453
67	170	0.899162
67	172	0.831125
67	173	0.886552
67	175	0.832626
67	177	0.81586
67	178	0.85579
67	179	0.845695
67	180	0.862085
68	38	0.893075
68	57	0.914341
68	60	0.905218
68	63	0.900649
68	84	0.861664
68	88	0.910893
68	91	0.88869
68	101	0.874204
68	111	0.847284
68	112	0.885255
68	115	0.901358
68	120	0.878689
68	123	1.97095
68	139	2.14102
68	144	0.891377
68	155	2.53405
68	161	0.90414
68	174	0.794091
68	177	0.7516
68	178	3.79679
69	30	0.834598
69	76	3.44991
69	86	0.92755
69	92	0.909194
69	103	0.891086
69	109	0.910963
69	118	0.868329
69	121	0.895389
69	122	0.887962
69	125	0.885102
69	126	0.892183
69	130	0.902519
69	131	0.871275
69	132	0.871302
69	133	2.17542
69	135	0.878426
69	139	0.832774
69	145	2.65848
69	158	1.57638
69	177	0.761473
70	39	0.836142
70	71	0.890808
70	72	0.882646
70	86	0.923101
70	92	0.904746
70	95	0.895213
70	103	0.886638
70	109	0.906515
70	121	0.890941
70	122	0.883514
70	125	0.880654
70	126	0.887735
70	130	0.89807
70	131	0.866827
70	132	0.866854
70	136	2.38221
70	153	0.817347
70	158	2.20438
70	173	3.34047
70	177	0.757024
71	43	0.893809
71	55	0.925408
71	70	0.890808
71	92	0.90857
71	103	0.890461
71	109	0.910338
71	118	0.867704
71	121	0.894764
71	122	0.887337
71	125	0.884477
71	130	0.901894
71	131	0.87065
71	132	0.870677
71	150	1.48416
71	152	0.828632
71	153	0.821171
71	154	2.65072
71	164	1.86901
71	167	3.92318
71	177	0.760848
72	70	0.882646
72	86	0.918763
72	92	0.900408
72	95	0.890874
72	102	0.882521
72	103	0.8823
72	109	0.902177
72	118	0.859542
72	121	0.886602
72	122	0.879176
72	125	0.876315
72	130	0.893732
72	131	0.862489
72	132	0.862515
72	137	1.14822
72	140	1.09662
72	151	4.68357
72	161	0.905226
72	177	0.752686
72	178	3.46691
73	34	0.886567
73	37	0.82718
73	44	0.893111
73	45	0.862627
73	58	0.842278
73	62	0.959949
73	75	0.878266
73	80	0.906802
73	81	0.917526
73	83	0.913087
73	85	0.868889
73	87	0.859776
73	97	0.884029
73	106	0.909373
73	113	0.883451
73	139	0.82986
73	146	1.48119
73	156	3.54608
73	163	3.00284
73	165	0.8192
74	9	1.84314
74	75	0.514549
74	100	0.859826
74	118	0.1628
74	137	0.949144
74	143	0.889316
74	146	0.969678
74	159	0.893185
74	160	0.912261
74	162	0.874565
74	166	0.87023
74	167	0.84004
74	168	0.845164
74	169	0.849835
74	170	0.882873
74	172	0.814836
74	173	0.870263
74	178	0.839501
74	179	0.829406
74	180	0.845796
75	8	0.935016
75	40	0.872501
75	45	0.85084
75	58	0.83049
75	73	0.878266
75	74	0.514549
75	77	0.902643
75	80	0.895014
75	83	0.9013
75	87	0.847988
75	97	0.872242
75	105	0.869027
75	110	0.850401
75	113	0.871664
75	124	0.879609
75	133	2.79514
75	139	0.818073
75	147	2.7023
75	153	3.11126
75	158	0.851591
75	165	0.807413
76	42	3.15009
76	59	0.78124
76	69	3.44991
76	79	0.814808
76	116	0.829369
76	117	0.758296
76	129	0.826699
76	140	0.813986
76	145	0.78812
76	146	0.86114
76	155	0.777155
76	164	0.778165
76	168	0.736626
76	169	0.741296
76	170	0.774335
76	171	0.754815
76	172	0.706298
76	173	0.761725
76	175	0.707799
76	178	0.730963
76	179	0.720868
76	180	0.737258
77	37	0.851558
77	40	0.908667
77	58	0.866655
77	62	0.984326
77	67	1.30117
77	75	0.902643
77	80	0.931179
77	81	0.941903
77	83	0.937465
77	87	0.884153
77	97	0.908407
77	105	0.905192
77	106	0.933751
77	107	1.93009
77	110	0.886566
77	113	0.907829
77	127	0.946571
77	139	0.854238
77	140	2.39988
77	146	1.90172
77	158	0.887756
77	170	2.80007
78	33	1.89328
78	81	1.09458
78	93	0.774703
78	135	1.72717
78	143	0.833713
78	148	0.910362
78	150	0.842104
78	154	0.801066
78	155	0.830091
78	156	0.794844
78	160	0.856658
78	162	0.818962
78	163	0.813728
78	167	0.784436
78	168	0.789561
78	169	0.794231
78	171	0.80775
78	173	0.81466
78	175	0.760734
78	178	0.783898
78	179	0.773803
78	180	0.790193
79	4	0.760524
79	76	0.814808
79	83	1.37877
79	121	0.994852
79	127	1.24879
79	146	0.920945
79	150	0.848975
79	154	0.807936
79	156	0.801714
79	163	0.820598
79	164	0.83797
79	167	0.791307
79	168	0.796432
79	170	0.83414
79	171	0.81462
79	172	0.766103
79	173	0.82153
79	174	0.793329
79	175	0.767604
79	178	0.790768
79	179	0.780673
79	180	0.797063
80	34	0.903316
80	40	0.901038
80	62	0.976697
80	73	0.906802
80	75	0.895014
80	77	0.931179
80	81	0.934274
80	83	0.929836
80	87	0.876524
80	89	0.929362
80	97	0.900778
80	105	0.897563
80	106	0.926122
80	113	0.9002
80	119	1.51611
80	124	0.908145
80	144	1.10706
80	156	3.0046
80	157	2.42137
80	158	0.880127
80	165	0.835949
80	167	4.14282
81	15	2.63981
81	34	0.91404
81	45	0.8901
81	58	0.86975
81	73	0.917526
81	77	0.941903
81	78	1.09458
81	80	0.934274
81	83	0.94056
81	87	0.887248
81	97	0.911502
81	105	0.908287
81	106	0.936846
81	108	0.952586
81	110	0.889661
81	113	0.910924
81	124	0.918869
81	139	0.857333
81	143	2.09005
81	145	1.93081
81	153	1.76388
81	165	0.846673
82	1	1.40276
82	122	1.36128
82	130	1.66161
82	137	0.900153
82	154	0.807678
82	157	0.825409
82	159	0.844194
82	160	0.86327
82	163	0.82034
82	164	0.837711
82	168	0.796173
82	169	0.800843
82	170	0.833881
82	171	0.814362
82	172	0.765845
82	173	0.821271
82	175	0.767346
82	176	0.79861
82	178	0.79051
82	179	0.780415
82	180	0.796805
83	34	0.909601
83	40	0.907323
83	45	0.885661
83	73	0.913087
83	75	0.9013
83	77	0.937465
83	79	1.37877
83	80	0.929836
83	81	0.94056
83	87	0.88281
83	89	0.935647
83	97	0.907063
83	105	0.903849
83	106	0.932407
83	110	0.885223
83	113	0.906485
83	139	0.852894
83	148	1.41321
83	153	2.42161
83	157	2.77197
83	158	0.886412
83	164	2.43925
84	9	0.845571
84	35	0.906093
84	52	0.978365
84	57	0.899869
84	60	0.890747
84	63	0.886177
84	68	0.861664
84	88	0.896421
84	91	0.874219
84	94	0.749828
84	98	3.81887
84	100	0.863152
84	101	0.859732
84	111	0.832812
84	112	0.870783
84	115	0.886886
84	120	0.864217
84	127	0.900763
84	134	1.59496
84	150	2.87923
84	174	0.779619
84	177	0.737128
85	5	0.841601
85	11	0.840186
85	23	0.833151
85	31	0.88631
85	35	0.90636
85	42	0.87778
85	57	0.900136
85	73	0.868889
85	100	0.863419
85	105	0.859651
85	110	0.841025
85	113	0.862287
85	115	0.887152
85	120	0.864483
85	127	0.90103
85	134	1.68798
85	138	2.80483
85	153	3.33945
85	158	0.842214
85	160	2.34098
85	174	0.779885
85	177	0.737395
86	69	0.92755
86	70	0.923101
86	72	0.918763
86	92	0.940863
86	95	0.931329
86	102	0.922976
86	109	0.942632
86	118	0.899997
86	121	0.927057
86	122	0.919631
86	125	0.91677
86	130	0.934187
86	131	0.902944
86	132	0.902971
86	146	1.28343
86	149	1.4819
86	152	0.860925
86	153	0.853464
86	162	2.81768
86	163	2.80508
86	171	2.96027
86	177	0.793141
87	8	0.916526
87	34	0.85629
87	37	0.796903
87	58	0.812
87	62	0.929671
87	64	1.74419
87	73	0.859776
87	75	0.847988
87	77	0.884153
87	80	0.876524
87	81	0.887248
87	83	0.88281
87	89	0.882336
87	97	0.853752
87	105	0.850537
87	110	0.831911
87	113	0.853174
87	116	2.00457
87	139	0.799583
87	154	3.78746
87	160	1.98965
87	165	0.788923
88	21	0.659525
88	38	0.927831
88	60	0.939975
88	63	0.935406
88	68	0.910893
88	84	0.896421
88	91	0.923447
88	100	0.912381
88	101	0.90896
88	111	0.882041
88	112	0.920012
88	115	0.936114
88	120	0.913445
88	134	1.48213
88	135	0.90331
88	144	0.926134
88	150	2.7664
88	160	2.13514
88	161	0.938897
88	166	3.32662
88	174	0.828847
88	177	0.786357
89	29	0.909608
89	32	0.910987
89	41	0.893345
89	45	0.885187
89	80	0.929362
89	83	0.935647
89	87	0.882336
89	106	0.931933
89	110	0.884749
89	111	0.876803
89	112	0.914774
89	115	0.930876
89	120	0.908207
89	124	0.913956
89	146	1.34487
89	148	1.46777
89	153	0.841442
89	154	3.27552
89	157	2.82653
89	161	0.933659
89	163	2.86651
89	174	0.823609
89	177	0.781119
90	15	0.854345
90	50	0.863322
90	119	0.912932
90	120	1.2174
90	124	0.431819
90	125	0.76244
90	127	0.688542
90	140	0.894434
90	146	0.941588
90	147	0.870374
90	150	0.869617
90	162	0.846475
90	163	0.841241
90	166	0.84214
90	167	0.811949
90	168	0.817074
90	169	0.821744
90	171	0.835263
90	172	0.786746
90	173	0.842173
90	178	0.811411
90	179	0.801316
90	180	0.817706
91	35	0.933119
91	36	1.00796
91	54	0.868804
91	57	0.926896
91	68	0.88869
91	84	0.874219
91	88	0.923447
91	100	0.890179
91	101	0.886758
91	111	0.859838
91	112	0.897809
91	115	0.913912
91	120	0.891243
91	123	2.66544
91	127	0.92779
91	136	2.0168
91	144	0.903932
91	148	1.74573
91	159	2.45263
91	161	0.916694
91	166	2.94714
91	174	0.806645
91	177	0.764155
92	69	0.909194
92	70	0.904746
92	71	0.90857
92	72	0.900408
92	86	0.940863
92	96	1.79148
92	102	0.904621
92	103	0.904399
92	109	0.924276
92	118	0.881642
92	121	0.908702
92	122	0.901275
92	125	0.898415
92	130	0.915832
92	131	0.884588
92	132	0.884615
92	137	1.86443
92	141	2.15511
92	144	2.48547
92	153	0.835109
92	161	0.927326
92	170	3.21646
92	177	0.774786
93	26	0.67499
93	63	7.2
93	78	0.774703
93	137	0.807372
93	141	0.797154
93	142	0.727422
93	148	0.824193
93	149	0.78594
93	152	0.725583
93	155	0.743921
93	156	0.708675
93	162	0.732793
93	163	0.727559
93	164	0.74493
93	167	0.698267
93	168	0.703392
93	169	0.708062
93	171	0.721581
93	172	0.673064
93	173	0.72849
93	175	0.674565
93	178	0.697728
93	179	0.687634
93	180	0.704024
94	15	0.722628
94	20	0.730853
94	23	0.73552
94	27	0.819798
94	35	0.808729
94	42	0.780149
94	61	6.9
94	84	0.749828
94	111	0.735448
94	112	0.773419
94	120	0.766853
94	128	0.743481
94	143	0.729509
94	144	0.779541
94	157	0.714593
94	164	0.726895
94	167	0.680232
94	170	0.723065
94	174	0.682255
94	177	0.639764
94	178	0.679693
94	179	0.669599
94	180	0.685989
95	52	0.903955
95	55	0.929813
95	70	0.895213
95	72	0.890874
95	86	0.931329
95	102	0.895087
95	103	0.894866
95	109	0.914743
95	118	0.872109
95	121	0.899169
95	122	0.891742
95	125	0.888882
95	130	0.906298
95	131	0.875055
95	132	0.875082
95	148	1.42712
95	152	0.833036
95	153	0.825575
95	161	0.917792
95	163	2.82586
95	165	2.21042
95	170	2.20256
95	177	0.765253
95	180	3.26518
96	6	2.33347
96	28	0.852175
96	33	0.914363
96	48	0.875974
96	92	1.79148
96	111	0.862076
96	112	0.900047
96	115	0.91615
96	120	0.893481
96	121	0.379744
96	130	0.756718
96	151	0.796757
96	152	0.834176
96	165	0.827034
96	169	0.816656
96	170	0.849694
96	172	0.781657
96	173	0.837084
96	174	0.808883
96	176	0.814422
96	177	0.766393
96	178	0.806322
96	179	0.796227
96	180	0.812617
97	8	0.940779
97	18	1.20178
97	34	0.880543
97	37	0.821156
97	62	0.953925
97	73	0.884029
97	75	0.872242
97	77	0.908407
97	80	0.900778
97	81	0.911502
97	83	0.907063
97	87	0.853752
97	105	0.87479
97	106	0.903349
97	108	0.919089
97	110	0.856165
97	113	0.877427
97	114	1.93875
97	135	0.869488
97	152	2.66013
97	158	0.857354
97	159	2.00216
97	165	0.813176
97	168	3.36463
98	84	3.81887
98	107	0.824528
98	112	2.3349
98	114	0.802711
98	119	0.830709
98	141	0.828614
98	145	0.786345
98	147	0.788151
98	149	0.817399
98	154	0.746356
98	155	0.775381
98	156	0.740134
98	157	0.764088
98	160	0.801948
98	167	0.729727
98	168	0.734851
98	169	0.739521
98	171	0.75304
98	172	0.704523
98	173	0.75995
98	175	0.706024
98	177	0.689258
98	178	0.729188
98	180	0.735483
99	51	0.814866
99	118	1.3273
99	127	0.859422
99	135	0.964257
99	140	0.89515
99	142	0.84182
99	145	0.869284
99	147	0.87109
99	149	0.900338
99	154	0.829295
99	156	0.823073
99	161	0.284068
99	162	0.847191
99	163	0.841957
99	164	0.859328
99	166	0.842856
99	170	0.855499
99	171	0.835979
99	172	0.787462
99	173	0.842889
99	175	0.788963
99	178	0.812127
99	179	0.802032
99	180	0.818422
100	9	0.861531
100	38	0.894563
100	52	1.18846
100	54	0.857738
100	60	0.906707
100	63	0.902137
100	74	0.859826
100	84	0.863152
100	85	0.863419
100	88	0.912381
100	91	0.890179
100	101	0.875692
100	111	0.848772
100	112	0.886743
100	115	0.902846
100	120	0.880177
100	127	0.916723
100	129	2.86644
100	135	0.870042
100	141	2.16222
100	144	0.892866
100	161	0.905628
100	165	3.23143
100	174	0.795579
100	177	0.753088
101	9	0.85811
101	35	0.918633
101	38	0.891142
101	54	0.854318
101	57	0.912409
101	60	0.903286
101	63	0.898717
101	67	0.277904
101	68	0.874204
101	84	0.859732
101	88	0.90896
101	91	0.886758
101	100	0.875692
101	111	0.845352
101	112	0.883323
101	115	0.899426
101	120	0.876757
101	142	2.79554
101	144	0.889445
101	155	2.48417
101	161	0.902208
101	164	2.0274
101	167	4.08157
101	174	0.792159
101	177	0.749668
102	43	0.88986
102	55	0.921459
102	72	0.882521
102	86	0.922976
102	92	0.904621
102	95	0.895087
102	103	0.886512
102	107	1.55455
102	109	0.906389
102	118	0.863755
102	121	0.890815
102	122	0.883389
102	125	0.880528
102	130	0.897945
102	131	0.866701
102	132	0.866728
102	139	0.828201
102	152	0.824683
102	153	0.817222
102	158	1.74233
102	161	0.909439
102	164	2.67512
102	165	2.43239
102	177	0.756899
102	180	3.48715
103	30	0.829803
103	69	0.891086
103	70	0.886638
103	71	0.890461
103	72	0.8823
103	92	0.904399
103	95	0.894866
103	102	0.886512
103	109	0.906168
103	118	0.863534
103	121	0.890594
103	122	0.883167
103	125	0.880307
103	126	0.887388
103	128	1.69098
103	130	0.897723
103	131	0.86648
103	132	0.866507
103	149	2.00184
103	150	2.56746
103	153	0.817001
103	158	2.01951
103	161	0.909217
103	176	3.7554
103	177	0.756678
104	4	0.738356
104	36	2.61311
104	62	1.186
104	117	0.795933
104	123	0.814571
104	130	2.77898
104	134	0.881952
104	138	0.824262
104	143	0.818415
104	145	0.825757
104	147	0.827563
104	154	0.785768
104	159	0.822284
104	162	0.803664
104	163	0.79843
104	164	0.815802
104	168	0.774264
104	169	0.778934
104	170	0.811972
104	171	0.792452
104	172	0.743935
104	175	0.745436
104	178	0.7686
104	179	0.758505
104	180	0.774895
105	37	0.817941
105	40	0.87505
105	58	0.833039
105	62	0.95071
105	75	0.869027
105	77	0.905192
105	80	0.897563
105	81	0.908287
105	83	0.903849
105	85	0.859651
105	87	0.850537
105	97	0.87479
105	106	0.900135
105	110	0.85295
105	113	0.874213
105	124	0.882158
105	127	0.912955
105	129	1.17897
105	135	0.866273
105	142	2.55484
105	147	1.3601
105	150	1.40185
105	158	0.85414
105	165	0.809961
105	172	6.26233
106	8	0.966123
106	34	0.905888
106	37	0.8465
106	40	0.903609
106	45	0.881947
106	52	0.251812
106	58	0.861598
106	73	0.909373
106	77	0.933751
106	80	0.926122
106	81	0.936846
106	83	0.932407
106	89	0.931933
106	97	0.903349
106	105	0.900135
106	107	1.42688
106	108	0.944434
106	110	0.881509
106	113	0.902771
106	124	0.910716
106	127	0.941514
106	149	1.59699
106	158	0.882698
106	162	2.09263
106	173	1.91061
106	177	7.02543
107	6	2.88848
107	77	1.93009
107	98	0.824528
107	102	1.55455
107	106	1.42688
107	126	0.893044
107	133	0.865662
107	149	0.890475
107	150	0.86047
107	157	0.837163
107	162	0.837328
107	163	0.832094
107	164	0.849465
107	166	0.832993
107	167	0.802802
107	168	0.807927
107	170	0.845635
107	171	0.826116
107	172	0.777599
107	173	0.833026
107	174	0.804825
107	175	0.7791
107	177	0.762334
107	178	0.802264
107	179	0.792169
107	180	0.808559
108	19	0.98651
108	22	0.882852
108	48	0.9032
108	49	0.0648241
108	50	1.65524
108	58	0.877338
108	62	0.995009
108	81	0.952586
108	97	0.919089
108	106	0.944434
108	118	0.900475
108	121	0.927535
108	122	0.920109
108	130	0.934665
108	131	0.903421
108	132	0.903448
108	135	0.910572
108	147	1.80661
108	151	0.823983
108	152	0.861403
108	157	2.56591
108	161	0.946159
108	165	0.85426
108	169	3.12493
108	173	2.43648
108	176	0.841649
109	30	0.84968
109	55	0.941115
109	69	0.910963
109	70	0.906515
109	71	0.910338
109	72	0.902177
109	86	0.942632
109	92	0.924276
109	95	0.914743
109	102	0.906389
109	103	0.906168
109	118	0.883411
109	121	0.910471
109	122	0.903044
109	125	0.900184
109	130	0.9176
109	131	0.886357
109	132	0.886384
109	135	0.893508
109	140	1.06024
109	143	2.01957
109	151	4.64719
109	161	0.929094
109	171	2.23892
109	173	1.91432
109	177	0.776555
109	180	2.52305
110	8	0.918939
110	37	0.799316
110	40	0.856425
110	45	0.834763
110	62	0.932085
110	75	0.850401
110	77	0.886566
110	81	0.889661
110	83	0.885223
110	85	0.841025
110	87	0.831911
110	89	0.884749
110	97	0.856165
110	105	0.85295
110	106	0.881509
110	113	0.855587
110	116	2.08456
110	124	0.863532
110	127	0.894329
110	135	0.847648
110	139	0.801996
110	141	1.7738
110	147	2.65916
110	150	2.7009
110	158	0.835514
110	165	0.791336
110	171	3.61364
111	9	0.831191
111	35	0.891713
111	38	0.864223
111	54	0.827398
111	57	0.885489
111	60	0.876366
111	63	0.871797
111	68	0.847284
111	84	0.832812
111	88	0.882041
111	89	0.876803
111	91	0.859838
111	94	0.735448
111	96	0.862076
111	100	0.848772
111	101	0.845352
111	112	0.856403
111	115	0.872506
111	120	0.849837
111	128	1.8054
111	135	0.839701
111	136	2.31176
111	140	2.41594
111	144	0.862525
111	161	0.875288
111	164	3.06673
111	174	0.765239
111	177	0.722748
111	180	3.87875
112	38	0.902194
112	54	0.865369
112	57	0.92346
112	60	0.914337
112	63	0.909768
112	68	0.885255
112	84	0.870783
112	88	0.920012
112	89	0.914774
112	91	0.897809
112	94	0.773419
112	96	0.900047
112	98	2.3349
112	100	0.886743
112	101	0.883323
112	111	0.856403
112	115	0.910477
112	120	0.887808
112	127	0.924354
112	128	1.3438
112	135	0.877672
112	137	1.20657
112	144	0.900496
112	152	2.11894
112	158	1.67694
112	161	0.913259
112	174	0.80321
112	175	5.51409
112	177	0.760719
113	34	0.879965
113	37	0.820578
113	40	0.877687
113	45	0.856025
113	58	0.835676
113	62	0.953347
113	73	0.883451
113	75	0.871664
113	77	0.907829
113	80	0.9002
113	81	0.910924
113	83	0.906485
113	85	0.862287
113	87	0.853174
113	97	0.877427
113	105	0.874213
113	106	0.902771
113	110	0.855587
113	124	0.884794
113	127	0.915592
113	135	0.86891
113	139	0.823258
113	153	1.94003
113	158	0.856776
113	162	2.34297
113	165	0.812598
113	166	2.13304
113	167	4.01184
113	169	2.84941
113	170	1.70707
114	55	1.2845
114	97	1.93875
114	98	0.802711
114	117	0.807779
114	127	1.92672
114	131	1.88501
114	137	0.890089
114	138	0.836108
114	142	0.81014
114	143	0.830262
114	147	0.839409
114	154	0.797615
114	155	0.826639
114	156	0.791393
114	159	0.834131
114	160	0.853207
114	162	0.815511
114	163	0.810276
114	166	0.811175
114	167	0.780985
114	168	0.78611
114	169	0.79078
114	170	0.823818
114	171	0.804298
114	172	0.755781
114	173	0.811208
114	175	0.757283
114	177	0.740517
114	178	0.780446
114	180	0.786742
115	9	0.885264
115	35	0.945787
115	38	0.918296
115	39	0.740361
115	49	0.873026
115	57	0.939563
115	60	0.93044
115	63	0.925871
115	68	0.901358
115	84	0.886886
115	85	0.887152
115	88	0.936114
115	89	0.930876
115	91	0.913912
115	96	0.91615
115	100	0.902846
115	101	0.899426
115	111	0.872506
115	112	0.910477
115	120	0.903911
115	127	0.940457
115	135	0.893775
115	137	1.43877
115	141	1.72945
115	144	0.916599
115	148	2.01536
115	153	3.02376
115	161	0.929362
115	168	4.08474
115	174	0.819313
115	177	0.776822
116	26	0.782592
116	29	1.58464
116	36	1.26525
116	54	2.36099
116	76	0.829369
116	87	2.00457
116	110	2.08456
116	129	0.901066
116	142	0.835023
116	145	0.862487
116	146	0.935506
116	147	0.864293
116	154	0.822498
116	156	0.816276
116	157	0.840229
116	159	0.859014
116	160	0.87809
116	163	0.83516
116	164	0.852531
116	166	0.836059
116	167	0.805868
116	168	0.810993
116	169	0.815663
116	170	0.848701
116	171	0.829182
116	172	0.780665
116	173	0.836092
116	175	0.782166
116	178	0.80533
116	179	0.795235
116	180	0.811625
117	4	0.704012
117	22	2.53341
117	50	0.786167
117	76	0.758296
117	104	0.795933
117	114	0.807779
117	119	0.835778
117	124	2.40038
117	125	2.731
117	133	0.797654
117	137	0.843899
117	138	0.789918
117	140	0.81728
117	142	0.76395
117	143	0.784072
117	146	0.864433
117	154	0.751424
117	156	0.745203
117	160	0.807017
117	162	0.76932
117	163	0.764086
117	164	0.781458
117	166	0.764985
117	167	0.734795
117	169	0.74459
117	170	0.777628
117	171	0.758108
117	172	0.709591
117	173	0.765018
117	175	0.711093
117	179	0.724161
117	180	0.740551
118	30	0.807046
118	43	0.866881
118	44	1.04012
118	55	0.898481
118	69	0.868329
118	71	0.867704
118	72	0.859542
118	74	0.1628
118	86	0.899997
118	92	0.881642
118	95	0.872109
118	99	1.3273
118	102	0.863755
118	103	0.863534
118	108	0.900475
118	109	0.883411
118	121	0.867837
118	122	0.86041
118	124	0.866758
118	125	0.85755
118	126	0.864631
118	130	0.874966
118	131	0.843723
118	132	0.84375
118	135	0.850874
118	139	0.805222
118	143	3.08568
118	152	0.801704
118	153	0.794243
118	161	0.88646
118	176	3.58023
118	177	0.73392
118	180	3.58917
119	20	1.99945
119	25	1.54282
119	34	1.34467
119	54	1.9691
119	62	1.52785
119	67	0.957311
119	80	1.51611
119	90	0.912932
119	98	0.830709
119	117	0.835778
119	134	0.921797
119	142	0.838138
119	145	0.865602
119	146	0.938621
119	147	0.867408
119	148	0.934909
119	155	0.854637
119	156	0.819391
119	157	0.843344
119	159	0.862129
119	160	0.881205
119	162	0.843509
119	163	0.838275
119	164	0.855646
119	166	0.839174
119	168	0.814108
119	169	0.818778
119	170	0.851816
119	173	0.839206
119	175	0.785281
119	178	0.808445
119	179	0.79835
119	180	0.81474
120	9	0.862595
120	35	0.923118
120	36	0.997963
120	38	0.895627
120	54	0.858803
120	57	0.916894
120	60	0.907771
120	63	0.903202
120	68	0.878689
120	84	0.864217
120	85	0.864483
120	88	0.913445
120	89	0.908207
120	90	1.2174
120	91	0.891243
120	94	0.766853
120	96	0.893481
120	100	0.880177
120	101	0.876757
120	111	0.849837
120	112	0.887808
120	115	0.903911
120	126	1.08671
120	127	0.917788
120	135	0.871106
120	138	2.28586
120	144	0.89393
120	157	3.17084
120	159	2.51899
120	161	0.906693
120	165	2.59538
120	166	3.01349
120	174	0.796644
120	177	0.754153
121	30	0.834106
121	43	0.893941
121	55	0.925541
121	69	0.895389
121	70	0.890941
121	71	0.894764
121	72	0.886602
121	79	0.994852
121	86	0.927057
121	92	0.908702
121	95	0.899169
121	96	0.379744
121	102	0.890815
121	103	0.890594
121	108	0.927535
121	109	0.910471
121	118	0.867837
121	122	0.88747
121	124	0.893818
121	125	0.884609
121	130	0.902026
121	131	0.870783
121	132	0.87081
121	135	0.877934
121	136	1.30036
121	139	0.832282
121	143	2.36387
121	148	1.0293
121	152	0.828764
121	153	0.821303
121	154	2.83704
121	161	0.91352
121	172	6.53097
121	177	0.76098
122	30	0.826679
122	43	0.886514
122	50	1.55402
122	52	0.892256
122	55	0.918114
122	56	2.24689
122	69	0.887962
122	70	0.883514
122	71	0.887337
122	72	0.879176
122	82	1.36128
122	86	0.919631
122	92	0.901275
122	95	0.891742
122	102	0.883389
122	103	0.883167
122	108	0.920109
122	109	0.903044
122	118	0.86041
122	121	0.88747
122	124	0.886391
122	125	0.877183
122	130	0.8946
122	131	0.863356
122	132	0.863383
122	133	1.79822
122	135	0.870507
122	138	1.57971
122	139	0.824855
122	152	0.821337
122	153	0.813877
122	161	0.906094
122	171	2.65986
122	174	3.21728
122	177	0.753554
123	23	2.96727
123	50	0.804806
123	68	1.97095
123	91	2.66544
123	104	0.814571
123	126	0.843675
123	134	0.866247
123	136	0.821319
123	140	0.835918
123	141	0.85232
123	142	0.782588
123	143	0.80271
123	144	0.852742
123	145	0.810052
123	147	0.811857
123	151	0.743329
123	157	0.787794
123	159	0.806579
123	160	0.825655
123	161	1.62759
123	162	0.787959
123	163	0.782724
123	164	0.800096
123	167	0.753433
123	168	0.758558
123	169	0.763228
123	170	0.796266
123	171	0.776746
123	172	0.728229
123	173	0.783656
123	175	0.729731
123	178	0.752894
123	179	0.7428
123	180	0.75919
124	14	0.954601
124	24	0.823566
124	29	0.888391
124	32	0.889771
124	40	0.885632
124	41	0.872128
124	43	0.892863
124	64	0.790977
124	67	0.303045
124	75	0.879609
124	80	0.908145
124	81	0.918869
124	89	0.913956
124	90	0.431819
124	105	0.882158
124	106	0.910716
124	110	0.863532
124	113	0.884794
124	117	2.40038
124	118	0.866758
124	121	0.893818
124	122	0.886391
124	125	0.883531
124	128	0.863618
124	130	0.900948
124	131	0.869704
124	132	0.869731
124	134	1.01561
124	139	0.831203
124	153	0.820225
124	161	0.912442
124	165	0.820543
124	173	2.25583
124	175	5.78653
125	30	0.823819
125	36	0.994504
125	43	0.883654
125	55	0.915254
125	69	0.885102
125	70	0.880654
125	71	0.884477
125	72	0.876315
125	86	0.91677
125	90	0.76244
125	92	0.898415
125	95	0.888882
125	102	0.880528
125	103	0.880307
125	109	0.900184
125	117	2.731
125	118	0.85755
125	121	0.884609
125	122	0.877183
125	124	0.883531
125	126	0.881403
125	130	0.891739
125	131	0.860496
125	132	0.860523
125	135	0.867647
125	139	0.821995
125	144	1.40157
125	148	1.35713
125	152	0.818477
125	153	0.811016
125	161	0.903233
125	173	2.58645
125	174	3.46846
125	176	3.18625
125	177	0.750693
126	7	2.61682
126	10	0.962421
126	19	0.950665
126	22	0.847007
126	28	0.843556
126	37	2.90029
126	41	1.57482
126	48	0.867355
126	53	1.05769
126	57	1.26367
126	69	0.892183
126	70	0.887735
126	103	0.887388
126	107	0.893044
126	118	0.864631
126	120	1.08671
126	123	0.843675
126	125	0.881403
126	130	0.89882
126	131	0.867577
126	132	0.867604
126	151	0.788138
126	152	0.825558
126	163	0.827534
126	165	0.818416
126	167	0.798242
126	171	0.821556
126	172	0.773039
126	173	0.828466
126	175	0.77454
126	176	0.805804
126	177	0.757774
126	178	0.797704
126	179	0.787609
126	180	0.803999
127	5	0.894906
127	16	0.886172
127	20	0.881788
127	27	0.970733
127	31	0.939614
127	37	0.859321
127	40	0.91643
127	42	0.931084
127	54	0.895349
127	58	0.874418
127	60	0.944318
127	77	0.946571
127	79	1.24879
127	84	0.900763
127	85	0.90103
127	90	0.688542
127	91	0.92779
127	99	0.859422
127	100	0.916723
127	105	0.912955
127	106	0.941514
127	110	0.894329
127	112	0.924354
127	113	0.915592
127	114	1.92672
127	115	0.940457
127	120	0.917788
127	144	0.930477
127	146	1.16032
127	158	0.895519
127	159	1.99014
127	170	2.05867
127	174	0.83319
127	177	0.790699
127	179	4.59653
128	1	0.928271
128	7	0.834922
128	12	0.967427
128	14	0.92548
128	17	0.805767
128	24	0.794445
128	32	0.86065
128	40	2.17013
128	41	0.843007
128	46	0.851336
128	47	0.858788
128	53	0.838963
128	61	0.892674
128	65	0.89262
128	66	0.868871
128	94	0.743481
128	103	1.69098
128	111	1.8054
128	112	1.3438
128	124	0.863618
128	131	1.00622
128	135	1.15277
128	146	0.900887
128	150	0.828917
128	151	0.761145
128	153	0.791104
128	157	0.80561
128	158	0.8356
128	160	0.843471
128	161	0.883321
128	162	0.805775
128	169	0.781044
128	171	0.794563
128	172	0.746046
128	176	0.778811
128	179	0.760616
