1	14	0.854403
1	21	0.747468
1	25	0.826933
1	36	0.805786
1	47	0.792708
1	53	0.792861
1	68	0.776673
1	72	2.71265
1	75	2.00364
1	94	2.45192
1	142	0.815186
1	175	0.841682
2	32	0.77078
2	41	0.683181
2	69	0.721034
2	88	0.754186
2	90	0.741547
2	91	0.698519
2	102	0.75674
2	105	0.779747
2	147	0.659581
2	157	2.99946
2	176	4.31446
2	180	0.667823
3	6	0.797492
3	8	0.692488
3	19	0.702295
3	39	0.676776
3	40	0.756145
3	44	0.734232
3	61	0.784398
3	79	0.706737
3	136	0.642098
3	142	0.743425
3	161	2.60844
3	171	4.9433
4	10	0.795175
4	12	0.900823
4	16	1.32923
4	18	0.901045
4	28	0.76962
4	38	0.746416
4	50	0.800466
4	63	0.854456
4	84	2.07714
4	134	0.861027
4	166	4.00851
5	62	0.713594
5	118	0.715003
5	122	0.716166
5	127	0.737419
5	130	0.716672
5	131	0.724102
5	135	0.711917
5	140	0.729889
5	145	0.723032
5	146	3.13168
5	152	0.704176
5	164	3.83679
6	3	0.797492
6	8	0.785642
6	19	0.795449
6	39	0.76993
6	44	0.827386
6	61	0.877552
6	79	0.799891
6	132	3.07492
6	136	0.735252
6	142	0.836579
6	158	2.9798
6	180	3.12047
7	11	0.84758
7	15	0.772087
7	22	0.771703
7	23	0.846535
7	26	5.2
7	45	0.846569
7	54	0.787962
7	59	0.787311
7	64	0.841208
7	104	2.38545
7	138	1.6707
7	147	0.726744
8	3	0.692488
8	6	0.785642
8	19	0.690446
8	29	0.710878
8	39	0.664926
8	40	0.744295
8	44	0.722382
8	61	0.772548
8	79	0.694887
8	142	0.731576
8	173	4.13614
8	177	2.9713
9	102	1.61894
9	160	0.729228
9	161	0.72378
9	163	0.752638
9	165	0.697687
9	169	0.722763
9	174	0.690412
9	175	0.881401
9	176	0.721117
9	177	0.737377
9	178	0.716452
9	179	0.716609
10	4	0.795175
10	12	0.793959
10	18	0.794181
10	28	0.662756
10	38	0.639552
10	50	0.693602
10	63	0.747592
10	76	0.730638
10	134	0.754163
10	144	3.29218
10	155	3.32275
11	7	0.84758
11	15	0.771763
11	22	0.771379
11	23	0.846211
11	45	0.846245
11	54	0.787638
11	59	0.786987
11	64	0.840884
11	141	3.31146
11	147	0.72642
11	159	2.24329
11	162	2.53915
12	4	0.900823
12	10	0.793959
12	18	0.899829
12	28	0.768404
12	38	0.7452
12	50	0.79925
12	63	0.85324
12	134	0.859811
12	138	1.78072
12	164	2.79426
12	166	3.20038
13	56	0.650714
13	82	0.669074
13	87	0.658702
13	96	0.649787
13	103	0.676312
13	106	0.618002
13	108	0.618101
13	109	0.676655
13	110	0.639288
13	116	0.651758
13	175	0.690561
13	178	5.94483
14	1	0.854403
14	21	0.754011
14	25	0.833476
14	36	0.81233
14	47	0.799252
14	53	0.799404
14	68	0.783216
14	141	0.773173
14	161	2.84295
14	175	0.848226
14	176	2.34212
14	180	3.6752
15	7	0.772087
15	11	0.771763
15	22	0.695886
15	23	0.770718
15	45	0.770752
15	54	0.712145
15	59	0.711494
15	64	0.765391
15	100	1.80161
15	147	0.650926
15	156	5.82794
16	4	1.32923
16	93	1.26028
16	114	0.147717
16	153	0.808649
16	161	0.814965
16	165	0.788871
16	171	0.78174
16	173	0.80805
16	174	0.781597
16	176	0.812302
16	178	0.807637
16	179	0.807794
17	38	0.841437
17	50	0.895487
17	63	0.949478
17	102	0.945991
17	129	0.888094
17	138	1.30602
17	148	0.924571
17	152	0.908594
17	155	1.86494
17	177	2.55392
17	179	3.65433
17	180	0.857074
18	4	0.901045
18	10	0.794181
18	12	0.899829
18	28	0.768626
18	38	0.745422
18	50	0.799472
18	63	0.853463
18	134	0.860033
18	137	2.73001
18	142	1.89734
18	163	3.08291
19	3	0.702295
19	6	0.795449
19	8	0.690446
19	39	0.674734
19	40	0.754102
19	44	0.732189
19	61	0.782355
19	79	0.704694
19	136	0.640056
19	142	0.741383
19	177	3.23615
19	178	3.79765
20	22	2.85475
20	28	0.69078
20	38	0.667575
20	40	0.776155
20	44	0.754242
20	50	0.721625
20	63	0.775616
20	79	0.726747
20	122	0.767851
20	171	0.666773
20	174	0.666629
20	177	0.713595
20	179	0.692826
21	1	0.747468
21	14	0.754011
21	25	0.726541
21	36	0.705395
21	47	0.692317
21	53	0.692469
21	68	0.676281
21	98	0.708782
21	112	2.69201
21	141	0.666238
21	142	0.714794
21	154	4.74952
21	175	0.741291
22	7	0.771703
22	11	0.771379
22	15	0.695886
22	20	2.85475
22	23	0.770334
22	24	2.16253
22	45	0.770368
22	54	0.711762
22	59	0.71111
22	64	0.765007
22	147	0.650543
23	7	0.846535
23	11	0.846211
23	15	0.770718
23	22	0.770334
23	45	0.8452
23	54	0.786593
23	59	0.785942
23	64	0.839839
23	147	0.725374
23	155	3.10482
23	159	2.34416
23	162	2.64003
24	22	2.16253
24	40	0.988792
24	61	0.687438
24	164	0.808298
24	167	0.763109
24	169	0.787632
24	170	0.768545
24	173	0.781734
24	174	0.755281
24	176	0.785986
24	177	0.802246
24	178	0.781321
24	179	0.781478
25	1	0.826933
25	14	0.833476
25	21	0.726541
25	36	0.78486
25	47	0.771782
25	53	0.771934
25	68	0.755746
25	77	6.4
25	132	2.10358
25	141	0.745703
25	142	0.794259
25	163	1.40839
25	175	0.820756
26	7	5.2
26	70	0.576096
26	71	0.665572
26	155	0.695202
26	160	0.65719
26	162	0.716754
26	170	0.631638
26	173	0.644827
26	174	0.618374
26	176	0.649079
26	177	0.665339
26	178	0.644414
26	179	0.644571
27	35	0.814021
27	41	0.745321
27	52	1.40359
27	69	0.783174
27	88	0.816326
27	90	0.803687
27	91	0.760659
27	102	0.818879
27	105	0.841887
27	107	3.41538
27	136	5.48632
27	147	0.721721
27	180	0.729962
28	4	0.76962
28	10	0.662756
28	12	0.768404
28	18	0.768626
28	20	0.69078
28	29	0.68916
28	38	0.613997
28	50	0.668047
28	63	0.722038
28	76	0.705083
28	97	3.29343
28	134	0.728608
28	143	4.33736
29	8	0.710878
29	28	0.68916
29	38	0.665956
29	40	0.774535
29	50	0.720005
29	63	0.773996
29	79	0.725127
29	127	0.851211
29	140	1.84662
29	172	0.701444
29	176	0.695714
29	178	0.691049
29	179	0.691206
30	42	2.18148
30	48	0.765132
30	80	0.790357
30	82	0.796005
30	98	2.35382
30	103	0.803243
30	106	0.744933
30	108	0.745033
30	109	0.803586
30	110	0.76622
30	116	0.778689
30	175	0.817492
30	178	4.19357
31	39	0.665715
31	54	0.705118
31	59	0.704467
31	61	0.773337
31	64	0.758364
31	79	0.695676
31	131	0.723588
31	140	0.729375
31	147	0.643899
31	148	0.719638
31	152	0.703661
31	163	3.30418
31	173	4.35317
32	2	0.77078
32	35	0.809082
32	41	0.740381
32	69	0.778235
32	88	0.811387
32	90	0.798747
32	91	0.75572
32	102	0.81394
32	105	0.836948
32	117	3.55369
32	124	2.81459
32	169	2.45631
32	180	0.725023
33	116	4.4188
33	124	0.664874
33	153	0.639227
33	157	0.706882
33	164	0.665191
33	165	0.619449
33	168	0.629658
33	169	0.644526
33	172	0.648609
33	173	0.638627
33	174	0.612174
33	177	0.65914
33	178	0.638214
33	179	0.638371
34	47	0.782478
34	68	0.766442
34	93	0.786674
34	106	0.758893
34	108	0.758992
34	111	0.76789
34	116	0.792649
34	131	0.796179
34	138	2.1709
34	152	0.776252
34	160	4.23599
34	162	2.26503
34	175	0.831452
35	27	0.814021
35	32	0.809082
35	41	0.721483
35	52	2.08981
35	69	0.759336
35	84	1.69939
35	88	0.792488
35	90	0.779849
35	91	0.736821
35	102	0.795041
35	105	0.818049
35	147	0.697883
35	170	5.25981
35	180	0.706124
36	1	0.805786
36	14	0.81233
36	21	0.705395
36	25	0.78486
36	42	1.42447
36	47	0.750636
36	53	0.750788
36	68	0.7346
36	98	0.767101
36	141	0.724557
36	142	0.773113
36	168	4.11855
36	175	0.799609
36	180	4.08392
37	60	0.76452
37	85	0.733515
37	101	0.735878
37	122	0.760299
37	125	0.755474
37	134	0.795762
37	135	0.75605
37	137	3.66368
37	140	0.774022
37	148	0.764285
37	152	0.748309
37	159	2.45109
37	162	2.74696
37	175	0.803508
38	4	0.746416
38	10	0.639552
38	12	0.7452
38	17	0.841437
38	18	0.745422
38	20	0.667575
38	28	0.613997
38	29	0.665956
38	50	0.644843
38	63	0.698834
38	76	0.681879
38	121	2.74621
38	134	0.705404
38	170	5.09649
39	3	0.676776
39	6	0.76993
39	8	0.664926
39	19	0.674734
39	31	0.665715
39	40	0.728583
39	44	0.70667
39	61	0.756836
39	65	0.755011
39	79	0.679175
39	136	0.614536
39	142	0.715863
39	167	4.24025
39	180	4.08473
40	3	0.756145
40	8	0.744295
40	19	0.754102
40	20	0.776155
40	24	0.988792
40	29	0.774535
40	39	0.728583
40	44	0.786039
40	61	0.836205
40	79	0.758544
40	136	0.693905
40	142	0.795232
40	155	3.17187
40	164	3.62649
41	2	0.683181
41	27	0.745321
41	32	0.740381
41	35	0.721483
41	69	0.690636
41	88	0.723788
41	90	0.711148
41	91	0.668121
41	102	0.726341
41	105	0.749349
41	139	5.19375
41	147	0.629183
41	170	2.84354
41	180	0.637424
42	30	2.18148
42	36	1.42447
42	152	0.743777
42	153	0.771079
42	167	0.751856
42	168	0.76151
42	169	0.776379
42	170	0.757291
42	171	0.744171
42	173	0.77048
42	174	0.744027
42	176	0.774732
42	177	0.790993
42	178	0.770067
43	45	1.06154
43	60	2.35018
43	149	0.683868
43	151	0.758026
43	158	0.696287
43	163	0.732786
43	165	0.677835
43	170	0.683824
43	173	0.697013
43	174	0.67056
43	176	0.701265
43	177	0.717526
43	178	0.6966
43	179	0.696757
44	3	0.734232
44	6	0.827386
44	8	0.722382
44	19	0.732189
44	20	0.754242
44	39	0.70667
44	40	0.786039
44	61	0.814291
44	65	0.812467
44	79	0.736631
44	142	0.773319
44	164	2.56349
44	176	3.68719
44	177	2.79786
45	7	0.846569
45	11	0.846245
45	15	0.770752
45	22	0.770368
45	23	0.8452
45	43	1.06154
45	54	0.786627
45	59	0.785976
45	64	0.839873
45	147	0.725409
45	169	3.45362
45	178	2.69096
46	118	0.752949
46	123	0.751111
46	125	0.749287
46	127	0.775365
46	129	0.721622
46	131	0.762048
46	135	0.749863
46	140	0.767835
46	142	1.94524
46	145	0.760978
46	148	0.758098
46	152	0.742122
46	166	3.18672
46	173	4.1798
46	180	0.690601
47	1	0.792708
47	14	0.799252
47	21	0.692317
47	25	0.771782
47	34	0.782478
47	36	0.750636
47	53	0.73771
47	68	0.721522
47	73	0.692835
47	141	0.711479
47	142	0.760035
47	156	5.48574
47	157	1.62973
47	174	3.08514
47	175	0.786532
48	30	0.765132
48	76	2.4855
48	82	0.761659
48	86	0.755785
48	87	0.751287
48	96	0.742372
48	103	0.768897
48	106	0.710587
48	108	0.710686
48	109	0.76924
48	110	0.731873
48	116	0.744343
48	157	3.23829
48	175	0.783146
48	177	3.66395
49	56	0.746508
49	80	0.759219
49	86	0.758993
49	87	0.754495
49	96	0.74558
49	103	0.772105
49	106	0.713795
49	108	0.713895
49	109	0.772448
49	110	0.735082
49	116	0.747551
49	138	2.35249
49	162	2.44663
49	175	0.786354
49	179	4.70081
50	4	0.800466
50	10	0.693602
50	12	0.79925
50	17	0.895487
50	18	0.799472
50	20	0.721625
50	28	0.668047
50	29	0.720005
50	38	0.644843
50	63	0.752883
50	76	0.735929
50	134	0.759454
50	146	2.3095
50	155	2.55999
50	169	4.57314
51	58	2.78015
51	149	0.676438
51	159	0.770626
51	166	0.70773
51	167	0.670959
51	168	0.680614
51	169	0.695482
51	170	0.676395
51	173	0.689584
51	174	0.663131
51	175	1.0738
51	176	0.693836
51	177	0.710096
51	178	0.689171
51	179	0.689328
52	27	1.40359
52	35	2.08981
52	109	1.54758
52	154	0.771367
52	164	0.777995
52	165	0.732253
52	166	0.769578
52	168	0.742461
52	170	0.738242
52	171	0.725122
52	174	0.724978
52	176	0.755683
52	177	0.771943
52	178	0.751018
52	179	0.751175
53	1	0.792861
53	14	0.799404
53	21	0.692469
53	25	0.771934
53	36	0.750788
53	47	0.73771
53	68	0.721675
53	73	0.692987
53	98	0.754175
53	141	0.711631
53	142	0.760188
53	162	1.78566
53	164	2.70506
53	175	0.786684
53	180	5.16184
54	7	0.787962
54	11	0.787638
54	15	0.712145
54	22	0.711762
54	23	0.786593
54	31	0.705118
54	45	0.786627
54	59	0.727369
54	64	0.781266
54	65	0.794414
54	76	0.750493
54	92	2.28828
54	146	1.96078
54	147	0.666802
54	167	5.27818
55	58	0.767665
55	81	0.735768
55	93	0.756733
55	101	0.733882
55	115	1.33795
55	129	0.725812
55	131	0.766238
55	135	0.754054
55	145	0.765168
55	148	0.762289
55	152	0.746312
55	175	0.801511
55	177	3.56944
55	178	4.13094
55	180	0.694791
56	13	0.650714
56	49	0.746508
56	86	0.768298
56	87	0.7638
56	96	0.754885
56	103	0.78141
56	106	0.723101
56	108	0.7232
56	109	0.781753
56	110	0.744387
56	116	0.756856
56	159	1.88403
56	175	0.795659
56	176	4.223
56	177	3.33367
57	98	1.68003
57	101	0.801012
57	111	0.80508
57	114	0.829313
57	118	0.824269
57	123	0.822431
57	129	0.792942
57	130	0.825939
57	135	0.821184
57	145	0.832298
57	146	2.01881
57	148	0.829419
57	152	0.813442
57	164	2.72391
57	179	4.05869
58	51	2.78015
58	55	0.767665
58	73	0.707962
58	83	3.00109
58	92	2.5654
58	111	0.738098
58	114	0.762331
58	118	0.757287
58	127	0.779703
58	129	0.72596
58	140	0.772174
58	145	0.765316
58	148	0.762437
58	152	0.74646
58	180	0.694939
59	7	0.787311
59	11	0.786987
59	15	0.711494
59	22	0.71111
59	23	0.785942
59	31	0.704467
59	45	0.785976
59	54	0.727369
59	64	0.780615
59	65	0.793763
59	76	0.749841
59	141	2.86213
59	147	0.66615
59	164	3.00922
59	166	3.41534
60	37	0.76452
60	43	2.35018
60	93	0.75174
60	95	0.758714
60	113	0.762835
60	127	0.774562
60	129	0.720819
60	130	0.753816
60	140	0.767033
60	145	0.760175
60	148	0.757296
60	152	0.741319
60	162	2.26433
60	166	3.58985
60	180	0.689798
61	3	0.784398
61	6	0.877552
61	8	0.772548
61	19	0.782355
61	24	0.687438
61	31	0.773337
61	39	0.756836
61	40	0.836205
61	44	0.814291
61	65	0.862633
61	79	0.786797
61	107	5.38462
61	136	0.722158
61	142	0.823485
61	153	3.2134
61	180	3.28538
62	5	0.713594
62	81	0.723982
62	95	0.75192
62	113	0.756041
62	114	0.750397
62	127	0.767769
62	129	0.714025
62	130	0.747022
62	131	0.754452
62	140	0.760239
62	145	0.753382
62	152	0.734526
62	158	4.08326
62	169	3.32569
62	176	2.89085
62	180	0.683005
63	4	0.854456
63	10	0.747592
63	12	0.85324
63	17	0.949478
63	18	0.853463
63	20	0.775616
63	28	0.722038
63	29	0.773996
63	38	0.698834
63	50	0.752883
63	76	0.789919
63	97	2.09214
63	98	1.58535
63	134	0.813444
63	154	3.32555
63	161	4.25377
64	7	0.841208
64	11	0.840884
64	15	0.765391
64	22	0.765007
64	23	0.839839
64	31	0.758364
64	45	0.839873
64	54	0.781266
64	59	0.780615
64	65	0.84766
64	76	0.803738
64	141	3.09777
64	144	2.75967
64	147	0.720047
64	157	3.05357
64	159	2.02959
65	39	0.755011
65	44	0.812467
65	54	0.794414
65	59	0.793763
65	61	0.862633
65	64	0.84766
65	73	2.62584
65	79	0.784972
65	83	1.3893
65	106	0.775598
65	108	0.775697
65	116	0.809354
65	147	0.733196
65	172	2.71666
65	174	4.68377
65	175	0.848157
66	130	2.41914
66	141	0.699845
66	152	1.62726
66	162	0.749976
66	163	0.713822
66	165	0.65887
66	166	0.696195
66	168	0.669079
66	170	0.66486
66	172	0.68803
66	173	0.678048
66	174	0.651596
66	176	0.6823
66	177	0.698561
66	178	0.677635
66	179	0.677792
67	71	3.7587
67	78	0.7292
67	114	0.744303
67	119	0.74438
67	122	0.740422
67	123	0.737421
67	127	0.761675
67	128	3.09157
67	129	0.707932
67	131	0.748358
67	145	0.747288
67	148	0.744409
67	151	2.70207
67	152	0.728432
67	175	0.783631
67	180	0.676911
68	1	0.776673
68	14	0.783216
68	21	0.676281
68	25	0.755746
68	34	0.766442
68	36	0.7346
68	47	0.721522
68	53	0.721675
68	73	0.676799
68	98	0.737987
68	141	0.695443
68	142	0.744
68	147	3.16568
68	153	3.62555
68	175	0.770496
68	180	3.69754
69	2	0.721034
69	27	0.783174
69	32	0.778235
69	35	0.759336
69	41	0.690636
69	88	0.761641
69	90	0.749002
69	91	0.705974
69	94	1.12993
69	102	0.764194
69	105	0.787202
69	134	0.774252
69	147	0.667036
69	153	4.11844
69	174	5.0862
69	180	0.675277
70	26	0.576096
70	91	0.593903
70	102	0.652123
70	104	0.587084
70	105	0.675131
70	111	0.606364
70	123	0.623716
70	125	0.621892
70	145	0.633583
70	152	0.614727
70	154	0.593013
70	171	0.546767
70	172	0.583058
70	176	0.577328
70	177	0.593589
70	178	0.572663
70	180	0.563206
71	26	0.665572
71	67	3.7587
71	99	0.707363
71	143	0.704882
71	149	0.649407
71	157	0.730807
71	162	0.73448
71	163	0.698326
71	168	0.653583
71	170	0.649364
71	172	0.672534
71	173	0.662553
71	175	1.92572
71	176	0.666805
71	177	0.683065
71	178	0.66214
71	179	0.662297
72	1	2.71265
72	93	2.19364
72	112	0.792063
72	154	0.737582
72	155	0.768021
72	163	0.753419
72	165	0.698468
72	166	0.735793
72	167	0.699022
72	168	0.708676
72	169	0.723545
72	174	0.691193
72	175	0.740215
72	176	0.721898
72	177	0.738159
72	178	0.717233
72	179	0.71739
73	47	0.692835
73	53	0.692987
73	58	0.707962
73	65	2.62584
73	68	0.676799
73	87	3.01982
73	140	0.712323
73	145	0.705466
73	148	0.702586
73	152	0.686609
73	153	0.645559
73	170	0.631771
73	175	0.741809
73	176	0.649211
73	177	0.665472
73	178	0.644546
73	179	0.644703
74	93	1.86723
74	105	1.04025
74	123	0.853919
74	153	0.726691
74	159	0.807133
74	161	0.733006
74	164	0.752655
74	165	0.706913
74	168	0.717122
74	170	0.712903
74	171	0.699782
74	173	0.726091
74	174	0.699638
74	176	0.730343
74	177	0.746604
74	178	0.725678
74	179	0.725835
75	1	2.00364
75	79	2.43016
75	109	0.633606
75	154	0.736397
75	157	0.784716
75	158	0.715735
75	159	0.797503
75	161	0.723376
75	166	0.734608
75	168	0.707491
75	169	0.72236
75	170	0.703273
75	171	0.690152
75	173	0.716461
75	177	0.736974
75	178	0.716048
75	179	0.716205
76	10	0.730638
76	28	0.705083
76	38	0.681879
76	48	2.4855
76	50	0.735929
76	54	0.750493
76	59	0.749841
76	63	0.789919
76	64	0.803738
76	88	1.79669
76	147	0.689274
76	166	0.725532
76	172	0.717367
76	175	0.292573
76	176	0.711638
76	178	0.706973
76	179	0.70713
77	25	6.4
77	143	0.66621
77	159	0.704923
77	160	0.636245
77	162	0.695809
77	163	0.659654
77	164	0.650445
77	165	0.604703
77	170	0.610693
77	171	0.597572
77	172	0.633863
77	173	0.623881
77	176	0.628133
77	177	0.644394
77	178	0.623468
77	179	0.623625
78	67	0.7292
78	81	0.715332
78	89	1.742
78	93	0.736297
78	101	0.713445
78	113	0.747391
78	119	0.741823
78	123	0.734865
78	129	0.705375
78	131	0.745802
78	140	0.751589
78	145	0.744732
78	148	0.741852
78	152	0.725876
78	154	3.05972
78	174	5.71596
78	180	0.674355
79	3	0.706737
79	6	0.799891
79	8	0.694887
79	19	0.704694
79	20	0.726747
79	29	0.725127
79	31	0.695676
79	39	0.679175
79	40	0.758544
79	44	0.736631
79	61	0.786797
79	65	0.784972
79	75	2.43016
79	115	2.48184
79	136	0.644497
79	142	0.745824
79	146	3.77385
80	30	0.790357
80	49	0.759219
80	82	0.786884
80	86	0.78101
80	87	0.776511
80	96	0.767596
80	103	0.794121
80	106	0.735812
80	108	0.735911
80	109	0.794464
80	110	0.757098
80	116	0.769567
80	133	1.55443
80	141	0.733318
80	143	2.14099
80	165	4.70878
80	175	0.80837
80	180	4.09093
81	55	0.735768
81	62	0.723982
81	78	0.715332
81	85	0.69977
81	114	0.730434
81	119	0.730511
81	122	0.726554
81	123	0.723552
81	127	0.747807
81	129	0.694063
81	135	0.722305
81	137	4.03858
81	145	0.733419
81	148	0.73054
81	151	3.6737
81	152	0.714563
81	159	2.82599
81	180	0.663042
82	13	0.669074
82	30	0.796005
82	48	0.761659
82	80	0.786884
82	83	2.80961
82	86	0.786658
82	87	0.78216
82	96	0.773245
82	97	2.21443
82	103	0.79977
82	106	0.74146
82	108	0.74156
82	109	0.800113
82	110	0.762747
82	116	0.775216
82	142	1.91617
82	170	4.7867
82	175	0.814019
83	58	3.00109
83	65	1.3893
83	82	2.80961
83	146	0.77463
83	151	0.770548
83	155	0.759911
83	158	0.708809
83	164	0.7361
83	165	0.690357
83	167	0.690911
83	169	0.715434
83	170	0.696347
83	172	0.719517
83	174	0.683083
83	176	0.713788
83	177	0.730048
83	178	0.709123
83	179	0.70928
84	4	2.07714
84	35	1.69939
84	87	0.19994
84	90	0.889284
84	157	0.829699
84	162	0.833373
84	163	0.797218
84	165	0.742267
84	166	0.779592
84	169	0.767344
84	170	0.748257
84	171	0.735136
84	172	0.771427
84	174	0.734992
84	176	0.765697
84	177	0.781958
84	178	0.761032
84	179	0.761189
85	37	0.733515
85	81	0.69977
85	93	0.720735
85	98	2.7808
85	111	0.701951
85	119	0.726262
85	122	0.722304
85	125	0.717479
85	130	0.72281
85	135	0.718056
85	140	0.736028
85	145	0.72917
85	148	0.726291
85	152	0.710314
85	159	2.60941
85	173	5.22388
85	175	0.765513
85	180	0.658793
86	48	0.755785
86	49	0.758993
86	56	0.768298
86	80	0.78101
86	82	0.786658
86	87	0.776286
86	89	2.17295
86	96	0.767371
86	103	0.793896
86	106	0.735586
86	108	0.735685
86	109	0.794239
86	110	0.756872
86	116	0.769342
86	120	3.17195
86	138	1.78082
86	147	4.71927
86	175	0.808145
87	13	0.658702
87	48	0.751287
87	49	0.754495
87	56	0.7638
87	73	3.01982
87	80	0.776511
87	82	0.78216
87	84	0.19994
87	86	0.776286
87	96	0.762873
87	103	0.789397
87	106	0.731088
87	108	0.731187
87	109	0.789741
87	110	0.752374
87	116	0.764844
87	165	4.79981
87	175	0.803647
87	177	1.95956
88	2	0.754186
88	27	0.816326
88	32	0.811387
88	35	0.792488
88	41	0.723788
88	69	0.761641
88	76	1.79669
88	90	0.782154
88	91	0.739126
88	98	0.78264
88	102	0.797346
88	105	0.820354
88	134	0.807404
88	147	0.700188
88	162	1.82136
88	164	2.74077
88	169	4.2993
88	180	0.708429
89	78	1.742
89	86	2.17295
89	140	2.10717
89	155	0.758015
89	159	0.788681
89	162	0.779567
89	163	0.743413
89	164	0.734204
89	165	0.688461
89	167	0.689015
89	168	0.69867
89	171	0.68133
89	173	0.70764
89	174	0.681187
89	176	0.711892
89	177	0.728152
89	178	0.707227
89	179	0.707384
90	2	0.741547
90	27	0.803687
90	32	0.798747
90	35	0.779849
90	41	0.711148
90	69	0.749002
90	84	0.889284
90	88	0.782154
90	91	0.726487
90	97	0.746312
90	98	0.770001
90	102	0.784707
90	105	0.807715
90	128	2.43647
90	134	0.794765
90	147	0.687549
90	154	3.11084
90	170	4.4497
90	180	0.69579
91	2	0.698519
91	27	0.760659
91	32	0.75572
91	35	0.736821
91	41	0.668121
91	69	0.705974
91	70	0.593903
91	88	0.739126
91	90	0.726487
91	97	0.703284
91	98	0.726973
91	102	0.741679
91	105	0.764687
91	134	0.751737
91	147	0.644521
91	155	2.18828
91	160	3.69445
91	167	5.25519
91	180	0.652762
92	54	2.28828
92	58	2.5654
92	148	1.41856
92	155	0.753421
92	156	0.683593
92	161	0.709961
92	162	0.774974
92	163	0.738819
92	164	0.72961
92	167	0.684422
92	169	0.708945
92	170	0.689858
92	171	0.676737
92	172	0.713028
92	173	0.703046
92	176	0.707298
92	177	0.723559
92	178	0.702633
92	179	0.70279
93	16	1.26028
93	34	0.786674
93	55	0.756733
93	60	0.75174
93	72	2.19364
93	74	1.86723
93	78	0.736297
93	85	0.720735
93	101	0.723098
93	113	0.757044
93	118	0.746355
93	119	0.751476
93	122	0.747519
93	130	0.748025
93	135	0.74327
93	145	0.754385
93	148	0.751505
93	152	0.735528
93	175	0.790728
93	177	3.76781
94	1	2.45192
94	69	1.12993
94	111	1.17435
94	114	0.820342
94	149	0.729326
94	151	0.803485
94	158	0.741746
94	159	0.823514
94	160	0.754835
94	163	0.778245
94	167	0.723847
94	168	0.733502
94	169	0.74837
94	171	0.716163
94	173	0.742472
94	174	0.716019
94	176	0.746724
94	177	0.762984
94	178	0.742059
94	179	0.742216
95	60	0.758714
95	62	0.75192
95	99	3.74382
95	101	0.730072
95	111	0.734139
95	112	2.72585
95	113	0.764018
95	114	0.758373
95	115	2.08992
95	119	0.75845
95	122	0.754492
95	123	0.751491
95	125	0.749667
95	127	0.775745
95	130	0.754998
95	140	0.768216
95	142	3.25169
95	148	0.758479
95	152	0.742502
95	180	0.690981
96	13	0.649787
96	48	0.742372
96	49	0.74558
96	56	0.754885
96	80	0.767596
96	82	0.773245
96	86	0.767371
96	87	0.762873
96	103	0.780482
96	106	0.722173
96	108	0.722272
96	109	0.780826
96	110	0.743459
96	116	0.755929
96	128	2.04074
96	136	7.31368
96	141	0.719679
96	151	1.52932
96	165	3.76134
96	175	0.794731
97	28	3.29343
97	63	2.09214
97	82	2.21443
97	90	0.746312
97	91	0.703284
97	102	0.761505
97	105	0.784512
97	113	0.745624
97	127	0.757352
97	130	0.736605
97	152	0.724108
97	153	0.683058
97	172	0.69244
97	174	0.656005
97	176	0.68671
97	177	0.702971
97	178	0.682045
97	179	0.682202
97	180	0.672588
98	21	0.708782
98	30	2.35382
98	36	0.767101
98	53	0.754175
98	57	1.68003
98	63	1.58535
98	68	0.737987
98	85	2.7808
98	88	0.78264
98	90	0.770001
98	91	0.726973
98	102	0.785194
98	105	0.808202
98	169	0.712046
98	172	0.716129
98	173	0.706147
98	175	0.802997
98	177	0.72666
98	178	0.705734
98	179	0.705891
98	180	0.696277
99	71	0.707363
99	95	3.74382
99	119	1.96247
99	150	0.671278
99	154	0.706553
99	159	0.767659
99	161	0.693532
99	162	0.758544
99	164	0.713181
99	166	0.704763
99	167	0.667992
99	168	0.677647
99	169	0.692515
99	170	0.673428
99	171	0.660307
99	172	0.696598
99	173	0.686617
99	174	0.660164
99	175	0.893425
99	176	0.690869
99	178	0.686204
99	179	0.686361
100	15	1.80161
100	118	1.77645
100	120	0.716842
100	143	0.733402
100	148	2.45954
100	150	0.675734
100	153	0.691672
100	154	0.711009
100	156	0.671619
100	160	0.703436
100	161	0.697987
100	163	0.726846
100	165	0.671894
100	168	0.682103
100	169	0.696971
100	171	0.664763
100	172	0.701054
100	174	0.664619
100	176	0.695324
100	177	0.711585
100	178	0.690659
100	179	0.690816
101	37	0.735878
101	55	0.733882
101	57	0.801012
101	78	0.713445
101	93	0.723098
101	95	0.730072
101	111	0.704315
101	118	0.723504
101	119	0.728625
101	120	2.81939
101	123	0.721666
101	127	0.74592
101	130	0.725174
101	133	2.36207
101	135	0.720419
101	140	0.738391
101	145	0.731533
101	148	0.728654
101	152	0.712677
101	167	5.05409
101	175	0.767876
101	176	3.56549
102	2	0.75674
102	9	1.61894
102	17	0.945991
102	27	0.818879
102	32	0.81394
102	35	0.795041
102	41	0.726341
102	69	0.764194
102	70	0.652123
102	88	0.797346
102	90	0.784707
102	91	0.741679
102	97	0.761505
102	98	0.785194
102	105	0.822907
102	134	0.809957
102	147	0.702741
102	150	5.48051
102	157	1.7829
102	163	2.32441
102	166	2.38032
102	180	0.710982
103	13	0.676312
103	30	0.803243
103	48	0.768897
103	49	0.772105
103	56	0.78141
103	80	0.794121
103	82	0.79977
103	86	0.793896
103	87	0.789397
103	96	0.780482
103	106	0.748698
103	108	0.748797
103	109	0.807351
103	110	0.769984
103	116	0.782454
103	141	0.746204
103	142	1.39324
103	154	2.9249
103	157	2.0373
103	165	5.30321
103	175	0.821256
103	178	3.02446
104	7	2.38545
104	70	0.587084
104	109	5.45552
104	112	0.730231
104	146	0.720909
104	147	0.637702
104	149	0.642669
104	156	0.636361
104	157	0.724068
104	160	0.668177
104	165	0.636636
104	166	0.673961
104	167	0.637189
104	169	0.661712
104	170	0.642625
104	171	0.629505
104	172	0.665796
104	173	0.655814
104	176	0.660066
104	177	0.676326
104	178	0.655401
104	179	0.655558
105	2	0.779747
105	27	0.841887
105	32	0.836948
105	35	0.818049
105	41	0.749349
105	69	0.787202
105	70	0.675131
105	74	1.04025
105	88	0.820354
105	90	0.807715
105	91	0.764687
105	97	0.784512
105	98	0.808202
105	102	0.822907
105	121	2.39134
105	134	0.832965
105	144	2.22126
105	147	0.725749
105	160	3.758
105	178	3.50232
105	180	0.73399
106	13	0.618002
106	30	0.744933
106	34	0.758893
106	48	0.710587
106	49	0.713795
106	56	0.723101
106	65	0.775598
106	80	0.735812
106	82	0.74146
106	86	0.735586
106	87	0.731088
106	96	0.722173
106	103	0.748698
106	108	0.690488
106	109	0.749041
106	110	0.711675
106	116	0.724144
106	137	2.36773
106	141	0.687894
106	146	1.6653
106	149	6.27467
106	160	3.42196
106	175	0.762947
107	27	3.41538
107	61	5.38462
107	112	0.721107
107	151	0.707702
107	154	0.666626
107	155	0.697065
107	156	0.627237
107	159	0.727732
107	163	0.682463
107	164	0.673254
107	165	0.627511
107	167	0.628065
107	169	0.652588
107	170	0.633501
107	171	0.62038
107	172	0.656671
107	173	0.64669
107	174	0.620237
107	176	0.650942
107	177	0.667202
107	178	0.646277
107	179	0.646434
108	13	0.618101
108	30	0.745033
108	34	0.758992
108	48	0.710686
108	49	0.713895
108	56	0.7232
108	65	0.775697
108	80	0.735911
108	82	0.74156
108	86	0.735685
108	87	0.731187
108	96	0.722272
108	103	0.748797
108	106	0.690488
108	109	0.74914
108	110	0.711774
108	116	0.724243
108	141	0.687994
108	142	2.1031
108	143	2.31055
108	171	5.7631
108	174	5.15626
108	175	0.763046
109	13	0.676655
109	30	0.803586
109	48	0.76924
109	49	0.772448
109	52	1.54758
109	56	0.781753
109	75	0.633606
109	80	0.794464
109	82	0.800113
109	86	0.794239
109	87	0.789741
109	96	0.780826
109	103	0.807351
109	104	5.45552
109	106	0.749041
109	108	0.74914
109	110	0.770327
109	115	1.42468
109	116	0.782797
109	121	2.3673
109	141	0.746547
109	175	0.8216
110	13	0.639288
110	30	0.76622
110	48	0.731873
110	49	0.735082
110	56	0.744387
110	80	0.757098
110	82	0.762747
110	86	0.756872
110	87	0.752374
110	96	0.743459
110	103	0.769984
110	106	0.711675
110	108	0.711774
110	109	0.770327
110	112	1.51227
110	116	0.74543
110	141	0.709181
110	166	3.27959
110	175	0.784233
110	176	3.99716
110	179	4.20824
111	34	0.76789
111	57	0.80508
111	58	0.738098
111	70	0.606364
111	85	0.701951
111	94	1.17435
111	95	0.734139
111	101	0.704315
111	113	0.73826
111	114	0.732616
111	125	0.72391
111	127	0.749988
111	130	0.729241
111	131	0.736671
111	135	0.724486
111	140	0.742458
111	145	0.735601
111	148	0.732721
111	152	0.716745
111	161	4.39942
111	163	3.1251
111	169	4.33342
111	180	0.665224
112	21	2.69201
112	72	0.792063
112	95	2.72585
112	104	0.730231
112	107	0.721107
112	110	1.51227
112	123	1.15893
112	143	0.758553
112	151	0.777236
112	153	0.716823
112	157	0.784478
112	158	0.715497
112	165	0.697046
112	167	0.697599
112	168	0.707254
112	171	0.689914
112	172	0.726205
112	173	0.716224
112	174	0.689771
112	176	0.720476
112	177	0.736736
112	178	0.715811
112	179	0.715968
113	60	0.762835
113	62	0.756041
113	78	0.747391
113	93	0.757044
113	95	0.764018
113	97	0.745624
113	111	0.73826
113	114	0.762494
113	118	0.75745
113	119	0.762571
113	122	0.758613
113	125	0.753788
113	129	0.726123
113	134	0.794077
113	135	0.754364
113	140	0.772336
113	145	0.765479
113	148	0.7626
113	152	0.746623
113	161	3.05001
113	171	5.38487
113	176	2.54917
113	178	2.22134
113	179	2.76025
114	16	0.147717
114	57	0.829313
114	58	0.762331
114	62	0.750397
114	67	0.744303
114	81	0.730434
114	94	0.820342
114	95	0.758373
114	111	0.732616
114	113	0.762494
114	122	0.752969
114	123	0.749967
114	125	0.748143
114	127	0.774222
114	129	0.720478
114	130	0.753475
114	135	0.74872
114	139	6.80625
114	140	0.766692
114	148	0.756955
114	152	0.740978
114	161	4.04541
114	162	1.50147
114	175	0.796177
115	55	1.33795
115	79	2.48184
115	95	2.08992
115	109	1.42468
115	124	0.768814
115	125	1.08227
115	156	0.723114
115	157	0.810822
115	159	0.823609
115	160	0.754931
115	162	0.814495
115	163	0.77834
115	164	0.769131
115	166	0.760714
115	168	0.733597
115	169	0.748466
115	170	0.729379
115	171	0.716258
115	172	0.752549
115	174	0.716114
115	176	0.746819
115	177	0.76308
115	178	0.742154
115	179	0.742311
116	13	0.651758
116	30	0.778689
116	33	4.4188
116	34	0.792649
116	48	0.744343
116	49	0.747551
116	56	0.756856
116	65	0.809354
116	80	0.769567
116	82	0.775216
116	86	0.769342
116	87	0.764844
116	96	0.755929
116	103	0.782454
116	106	0.724144
116	108	0.724243
116	109	0.782797
116	110	0.74543
116	141	0.72165
116	143	2.75202
116	146	1.54007
116	157	2.05389
116	172	3.63063
116	175	0.796703
117	32	3.55369
117	119	4.96161
117	121	0.707021
117	139	0.637369
117	149	0.639156
117	157	0.720556
117	158	0.651575
117	160	0.664665
117	161	0.659217
117	165	0.633124
117	166	0.670448
117	167	0.633677
117	168	0.643332
117	169	0.6582
117	170	0.639113
117	171	0.625993
117	172	0.662283
117	173	0.652302
117	174	0.625849
117	176	0.656554
117	177	0.672814
117	178	0.651889
117	179	0.652046
117	180	0.642431
118	5	0.715003
118	46	0.752949
118	57	0.824269
118	58	0.757287
118	93	0.746355
118	100	1.77645
118	101	0.723504
118	113	0.75745
118	119	0.751882
118	122	0.747925
118	123	0.744923
118	125	0.743099
118	127	0.769178
118	130	0.748431
118	131	0.755861
118	135	0.743676
118	136	0.66331
118	145	0.75479
118	148	0.751911
118	152	0.735934
118	158	3.42918
118	171	5.07247
118	172	2.49853
118	175	0.791133
118	179	2.44786
119	67	0.74438
119	78	0.741823
119	81	0.730511
119	85	0.726262
119	93	0.751476
119	95	0.75845
119	99	1.96247
119	101	0.728625
119	113	0.762571
119	117	4.96161
119	118	0.751882
119	122	0.753045
119	123	0.750044
119	125	0.74822
119	130	0.753551
119	131	0.760981
119	135	0.748796
119	140	0.766769
119	145	0.759911
119	148	0.757032
119	151	1.93814
119	157	2.1144
119	175	0.796254
119	177	2.54007
119	180	0.689534
120	86	3.17195
120	100	0.716842
120	101	2.81939
120	123	2.89772
120	139	0.652643
120	144	0.727485
120	156	0.648123
120	157	0.73583
120	159	0.748618
120	162	0.739503
120	163	0.703349
120	164	0.69414
120	165	0.648398
120	166	0.685722
120	167	0.648951
120	169	0.673474
120	170	0.654387
120	171	0.641267
120	172	0.677557
120	173	0.667576
120	174	0.641123
120	176	0.671828
120	177	0.688088
120	178	0.667163
120	179	0.66732
121	38	2.74621
121	105	2.39134
121	109	2.3673
121	117	0.707021
121	137	0.723282
121	146	0.76162
121	152	1.64489
121	153	0.697125
121	157	0.76478
121	158	0.6958
121	159	0.777568
121	160	0.708889
121	161	0.703441
121	164	0.72309
121	165	0.677348
121	166	0.714672
121	167	0.677901
121	169	0.702424
121	170	0.683337
121	172	0.706507
121	173	0.696526
121	174	0.670073
121	176	0.700778
121	177	0.717038
121	178	0.696113
121	179	0.69627
122	5	0.716166
122	20	0.767851
122	37	0.760299
122	67	0.740422
122	81	0.726554
122	85	0.722304
122	93	0.747519
122	95	0.754492
122	113	0.758613
122	114	0.752969
122	118	0.747925
122	119	0.753045
122	129	0.716597
122	130	0.749594
122	131	0.757024
122	134	0.784551
122	136	0.664473
122	145	0.755954
122	147	4.63825
122	148	0.753074
122	152	0.737097
122	159	1.49806
122	163	3.06355
122	168	5.20474
122	175	0.792297
122	180	0.685577
123	46	0.751111
123	57	0.822431
123	67	0.737421
123	70	0.623716
123	74	0.853919
123	78	0.734865
123	81	0.723552
123	95	0.751491
123	101	0.721666
123	112	1.15893
123	114	0.749967
123	118	0.744923
123	119	0.750044
123	120	2.89772
123	125	0.741261
123	127	0.76734
123	130	0.746593
123	131	0.754023
123	135	0.741838
123	140	0.75981
123	148	0.750073
123	151	2.15257
123	152	0.734096
123	174	5.87268
123	175	0.789295
123	180	0.682575
124	32	2.81459
124	33	0.664874
124	115	0.768814
124	143	0.710382
124	145	1.88139
124	156	0.6486
124	157	0.736307
124	160	0.680417
124	161	0.674968
124	163	0.703826
124	164	0.694617
124	165	0.648875
124	166	0.6862
124	167	0.649429
124	168	0.659083
124	169	0.673952
124	170	0.654864
124	171	0.641744
124	172	0.678035
124	173	0.668053
124	175	3.15346
124	176	0.672305
124	177	0.688565
124	178	0.66764
124	179	0.667797
124	180	0.658182
125	37	0.755474
125	46	0.749287
125	70	0.621892
125	85	0.717479
125	95	0.749667
125	111	0.72391
125	113	0.753788
125	114	0.748143
125	115	1.08227
125	118	0.743099
125	119	0.74822
125	123	0.741261
125	127	0.765516
125	130	0.744769
125	131	0.752199
125	133	2.99966
125	135	0.740014
125	136	0.659648
125	140	0.757986
125	145	0.751128
125	148	0.748249
125	152	0.732272
125	158	5.39549
125	159	1.86411
125	172	4.46483
125	175	0.787471
125	180	0.680751
126	139	0.59687
126	143	0.654132
126	144	0.671712
126	145	9.36503
126	147	0.593691
126	150	0.596464
126	151	0.672815
126	156	0.59235
126	157	0.680057
126	160	0.624166
126	161	0.618718
126	162	0.68373
126	163	0.647576
126	164	0.638367
126	166	0.629949
126	167	0.593178
126	168	0.602833
126	169	0.617701
126	170	0.598614
126	171	0.585493
126	172	0.621784
126	173	0.611803
126	174	0.58535
126	176	0.616055
126	177	0.632315
126	178	0.61139
126	179	0.611547
127	5	0.737419
127	29	0.851211
127	46	0.775365
127	58	0.779703
127	60	0.774562
127	62	0.767769
127	67	0.761675
127	81	0.747807
127	95	0.775745
127	97	0.757352
127	101	0.74592
127	111	0.749988
127	114	0.774222
127	118	0.769178
127	123	0.76734
127	125	0.765516
127	129	0.73785
127	133	1.65344
127	135	0.766092
127	145	0.777207
127	148	0.774327
127	152	0.758351
127	154	2.42947
127	156	7.48632
127	166	2.13929
127	175	0.81355
127	179	3.06794
127	180	0.70683
128	67	3.09157
128	90	2.43647
128	96	2.04074
128	134	2.52823
128	138	0.798972
128	144	0.740468
128	150	0.66522
128	154	0.700495
128	155	0.730934
128	157	0.748813
128	159	0.761601
128	162	0.752486
128	163	0.716332
128	164	0.707123
128	165	0.661381
128	166	0.698705
128	167	0.661934
128	168	0.671589
128	169	0.686457
128	170	0.66737
128	171	0.65425
128	172	0.69054
128	173	0.680559
128	174	0.654106
128	176	0.684811
128	177	0.701071
128	178	0.680146
128	179	0.680303
129	17	0.888094
129	46	0.721622
129	55	0.725812
129	57	0.792942
129	58	0.72596
129	60	0.720819
129	62	0.714025
129	67	0.707932
129	78	0.705375
129	81	0.694063
129	113	0.726123
129	114	0.720478
129	122	0.716597
129	127	0.73785
129	130	0.717104
129	131	0.724533
129	135	0.712349
129	136	0.631983
129	140	0.730321
129	141	1.96944
129	145	0.723463
129	148	0.720584
129	150	5.62285
129	152	0.704607
129	172	3.50198
129	173	3.51573
129	175	0.759806
129	178	2.9124
129	180	0.653086
130	5	0.716672
130	57	0.825939
130	60	0.753816
130	62	0.747022
130	66	2.41914
130	85	0.72281
130	93	0.748025
130	95	0.754998
130	97	0.736605
130	101	0.725174
130	111	0.729241
130	114	0.753475
130	118	0.748431
130	119	0.753551
130	122	0.749594
130	123	0.746593
130	125	0.744769
130	129	0.717104
130	131	0.75753
130	135	0.745345
130	138	1.73834
130	140	0.763317
130	145	0.75646
130	147	4.6768
130	148	0.75358
130	152	0.737604
130	162	1.83248
130	175	0.792803
130	177	2.98625
130	179	4.08666
131	5	0.724102
131	31	0.723588
131	34	0.796179
131	46	0.762048
131	55	0.766238
131	62	0.754452
131	67	0.748358
131	78	0.745802
131	111	0.736671
131	118	0.755861
131	119	0.760981
131	122	0.757024
131	123	0.754023
131	125	0.752199
131	129	0.724533
131	130	0.75753
131	133	2.11059
131	135	0.752775
131	136	0.672409
131	140	0.770747
131	145	0.76389
131	148	0.76101
131	150	5.69663
131	151	1.82275
131	152	0.745033
131	155	1.73569
131	160	3.24186
131	168	4.68172
131	175	0.800233
131	180	0.693513
132	6	3.07492
132	25	2.10358
132	137	0.697914
132	144	0.731067
132	149	0.658012
132	152	4.37122
132	153	0.671757
132	154	0.691094
132	156	0.651704
132	158	0.670431
132	160	0.683521
132	161	0.678072
132	163	0.706931
132	164	0.697721
132	165	0.651979
132	166	0.689304
132	167	0.652533
132	168	0.662188
132	169	0.677056
132	170	0.657969
132	171	0.644848
132	173	0.671157
132	174	0.644705
132	176	0.675409
132	177	0.69167
132	178	0.670744
132	179	0.670901
133	80	1.55443
133	101	2.36207
133	125	2.99966
133	127	1.65344
133	131	2.11059
133	139	0.721867
133	145	1.03012
133	146	0.801894
133	150	0.721461
133	151	0.797812
133	153	0.737399
133	155	0.787174
133	157	0.805054
133	158	0.736073
133	159	0.817841
133	161	0.743714
133	162	0.808727
133	165	0.717621
133	166	0.754946
133	167	0.718175
133	168	0.72783
133	170	0.723611
133	171	0.71049
133	172	0.746781
133	173	0.736799
133	174	0.710346
133	176	0.741051
133	177	0.757312
133	178	0.736386
133	179	0.736543
134	4	0.861027
134	10	0.754163
134	12	0.859811
134	18	0.860033
134	28	0.728608
134	37	0.795762
134	38	0.705404
134	50	0.759454
134	63	0.813444
134	69	0.774252
134	88	0.807404
134	90	0.794765
134	91	0.751737
134	102	0.809957
134	105	0.832965
134	113	0.794077
134	122	0.784551
134	128	2.52823
134	141	2.3592
134	144	2.0211
134	145	0.791417
134	148	0.788538
134	151	2.13873
134	152	0.772561
134	155	2.05167
134	172	3.89173
134	175	0.82776
134	176	3.62998
134	180	0.72104
135	5	0.711917
135	37	0.75605
135	46	0.749863
135	55	0.754054
135	57	0.821184
135	81	0.722305
135	85	0.718056
135	93	0.74327
135	101	0.720419
135	111	0.724486
135	113	0.754364
135	114	0.74872
135	118	0.743676
135	119	0.748796
135	123	0.741838
135	125	0.740014
135	127	0.766092
135	129	0.712349
135	130	0.745345
135	131	0.752775
135	140	0.758562
135	145	0.751705
135	152	0.732849
135	153	4.06166
135	157	1.48558
135	169	3.23541
135	171	5.63627
135	173	3.07608
135	175	0.788048
135	176	2.80057
135	180	0.681328
136	3	0.642098
136	6	0.735252
136	19	0.640056
136	27	5.48632
136	39	0.614536
136	40	0.693905
136	61	0.722158
136	79	0.644497
136	96	7.31368
136	118	0.66331
136	122	0.664473
136	125	0.659648
136	129	0.631983
136	131	0.672409
136	142	0.681185
136	148	0.668459
136	149	0.597687
136	150	0.595494
136	151	0.671845
136	152	0.652483
136	153	0.611432
136	158	0.610106
136	163	0.646606
136	166	0.628979
136	167	0.592208
136	170	0.597644
136	173	0.610833
136	174	0.58438
136	176	0.615084
136	177	0.631345
136	179	0.610576
136	180	0.600962
137	18	2.73001
137	37	3.66368
137	81	4.03858
137	106	2.36773
137	121	0.723282
137	132	0.697914
137	138	0.786976
137	147	0.650451
137	150	0.653224
137	151	0.729576
137	155	0.718938
137	156	0.64911
137	157	0.736817
137	158	0.667837
137	159	0.749605
137	160	0.680927
137	162	0.740491
137	164	0.695127
137	165	0.649385
137	166	0.68671
137	167	0.649938
137	168	0.659593
137	169	0.674462
137	170	0.655374
137	171	0.642254
137	172	0.678545
137	173	0.668563
137	174	0.64211
137	176	0.672815
137	177	0.689075
137	178	0.66815
137	179	0.668307
138	7	1.6707
138	12	1.78072
138	17	1.30602
138	34	2.1709
138	49	2.35249
138	86	1.78082
138	128	0.798972
138	130	1.73834
138	137	0.786976
138	150	0.744881
138	153	0.760819
138	154	0.780156
138	155	0.810594
138	158	0.759493
138	160	0.772583
138	161	0.767134
138	162	0.832147
138	163	0.795993
138	165	0.741041
138	166	0.778366
138	167	0.741595
138	168	0.75125
138	169	0.766118
138	170	0.747031
138	171	0.73391
138	172	0.770201
138	173	0.760219
138	174	0.733766
138	176	0.764471
138	177	0.780732
138	178	0.759806
138	179	0.759963
139	41	5.19375
139	114	6.80625
139	117	0.637369
139	120	0.652643
139	126	0.59687
139	133	0.721867
139	146	0.691969
139	153	0.627473
139	154	0.64681
139	155	0.677249
139	156	0.607421
139	157	0.695128
139	158	0.626148
139	159	0.707916
139	161	0.633789
139	162	0.698802
139	164	0.653438
139	166	0.645021
139	168	0.617904
139	169	0.632773
139	170	0.613685
139	171	0.600565
139	172	0.636856
139	173	0.626874
139	174	0.600421
139	176	0.631126
139	177	0.647387
139	178	0.626461
139	179	0.626618
139	180	0.617003
140	5	0.729889
140	29	1.84662
140	31	0.729375
140	37	0.774022
140	46	0.767835
140	58	0.772174
140	60	0.767033
140	62	0.760239
140	73	0.712323
140	78	0.751589
140	85	0.736028
140	89	2.10717
140	95	0.768216
140	101	0.738391
140	111	0.742458
140	113	0.772336
140	114	0.766692
140	119	0.766769
140	123	0.75981
140	125	0.757986
140	129	0.730321
140	130	0.763317
140	131	0.770747
140	135	0.758562
140	142	1.89322
140	145	0.769677
140	148	0.766798
140	152	0.750821
140	159	1.51331
140	163	3.07879
140	170	4.76375
