1	107	0.674615
1	129	0.758129
1	134	1.19164
1	141	1.16675
1	142	1.22848
1	143	1.20175
1	144	1.20175
1	145	1.20175
1	159	0.744464
1	171	0.710984
1	177	1.20787
1	179	0.718797
2	61	0.879228
2	80	0.943075
2	83	0.858315
2	98	1.027
2	99	1.027
2	114	1.03131
2	130	0.913034
2	154	1.07557
2	165	1.06002
2	175	1.04645
2	178	1.0828
2	179	1.04984
3	47	0.674197
3	63	1.24944
3	64	1.10104
3	76	1.25686
3	112	0.724332
3	116	1.18255
3	121	1.18164
3	122	1.22883
3	130	1.19964
3	153	0.752386
3	157	0.751216
3	177	0.705162
4	42	1.22432
4	44	1.21193
4	53	1.17401
4	101	0.753434
4	119	0.683548
4	124	0.691936
4	132	1.20542
4	140	1.17154
4	156	1.2028
4	162	0.725306
4	170	1.20997
4	174	0.752616
5	55	1.16992
5	89	1.01477
5	90	1.01477
5	94	0.986234
5	97	0.986234
5	110	1.09393
5	170	1.04539
5	171	0.912031
5	176	0.917544
5	177	0.916891
5	178	1.08875
5	180	0.859167
6	7	0.850444
6	92	1.22327
6	134	1.18907
6	141	1.16419
6	142	1.22591
6	143	1.19919
6	144	1.19919
6	145	1.19919
6	165	0.691946
6	174	0.70409
6	176	0.679092
6	179	0.681393
7	6	0.850444
7	65	0.874471
7	98	0.916597
7	139	1.03116
7	156	0.95431
7	157	1.04359
7	163	1.08007
7	165	1.06691
7	166	1.05043
7	168	1.01207
7	173	1.05704
7	176	1.05872
8	14	1.09835
8	35	1.05437
8	63	1.07715
8	66	1.06762
8	116	1.01026
8	121	1.00934
8	122	1.05654
8	125	1.02637
8	160	0.878643
8	163	0.877691
8	164	0.936502
8	165	0.912839
9	16	1.17801
9	46	1.17968
9	62	1.21048
9	108	1.15438
9	111	1.2048
9	113	1.19863
9	158	0.747588
9	160	0.686097
9	166	0.739754
9	169	0.690298
9	170	0.743056
9	180	1.27402
10	12	1.23709
10	69	1.17353
10	104	1.23776
10	117	1.16431
10	118	1.16356
10	128	1.22617
10	147	0.678111
10	153	0.766722
10	175	1.19758
10	176	0.720151
10	177	0.719499
10	179	0.722452
11	68	1.17554
11	79	1.24554
11	85	1.18365
11	87	1.18365
11	91	1.24728
11	98	1.18217
11	99	1.18217
11	112	0.734735
11	152	0.697097
11	170	0.751835
11	172	0.737576
11	178	0.685695
12	10	1.23709
12	104	1.2387
12	115	0.736212
12	117	1.16525
12	118	1.16449
12	120	1.16885
12	128	1.2271
12	129	0.756716
12	175	1.19851
12	176	0.715083
12	177	0.71443
12	178	0.684561
13	58	0.687236
13	81	0.800027
13	89	1.18191
13	90	1.18191
13	94	1.15337
13	97	1.15337
13	101	0.712433
13	110	1.26106
13	162	0.684305
13	164	0.723134
13	170	1.21252
13	178	1.25588
14	8	1.09835
14	35	1.23908
14	58	0.705011
14	86	1.2006
14	116	1.19497
14	122	1.24125
14	126	0.777355
14	130	1.21206
14	136	1.21369
14	153	0.750962
14	167	0.727661
14	180	0.646014
15	34	1.10793
15	37	1.19863
15	61	1.20762
15	65	1.23316
15	95	1.22353
15	96	1.22353
15	131	0.740442
15	147	0.680332
15	150	0.739508
15	160	0.701031
15	167	0.745642
15	175	1.2056
16	9	1.17801
16	17	1.06056
16	59	0.717282
16	71	1.23162
16	78	1.17461
16	108	1.06023
16	111	1.11064
16	113	1.10447
16	127	0.796121
16	144	0.7175
16	146	0.837676
16	172	0.833377
16	180	1.17986
17	16	1.06056
17	60	1.12288
17	71	1.20834
17	78	1.15132
17	108	1.03694
17	111	1.08735
17	131	0.780554
17	147	0.720444
17	151	1.27604
17	153	0.809055
17	168	0.83754
17	173	0.759359
17	180	1.15657
18	34	1.03535
18	37	1.12605
18	45	1.11337
18	57	1.22183
18	95	1.15095
18	96	1.15095
18	138	1.16848
18	155	0.794186
18	163	0.75662
18	167	0.802183
18	173	0.775789
18	175	1.13302
18	177	0.778261
19	81	0.751062
19	100	1.26294
19	101	0.663468
19	102	1.26294
19	103	1.31679
19	105	1.31679
19	114	1.2913
19	115	0.658781
19	162	0.63534
19	169	0.620512
19	175	1.30644
19	178	1.3428
19	180	0.579275
20	42	1.14951
20	53	1.09921
20	106	1.19263
20	107	0.780719
20	119	0.778531
20	132	1.13061
20	133	1.16816
20	140	1.09674
20	144	0.728082
20	156	1.12799
20	170	1.13516
20	178	0.792078
20	179	0.824902
21	22	1.09082
21	31	1.19835
21	48	1.2004
21	80	1.02696
21	83	1.15554
21	115	0.850481
21	133	1.139
21	148	0.804941
21	151	0.610009
21	163	0.807058
21	177	1.11748
21	179	0.831653
21	180	1.17145
22	21	1.09082
22	31	1.22214
22	80	1.05075
22	83	1.17934
22	140	1.09137
22	152	0.760282
22	155	0.794674
22	161	1.12908
22	164	0.815919
22	169	0.762261
22	171	0.773889
22	177	1.14127
22	180	1.19524
23	48	1.39028
23	51	1.2213
23	80	1.21684
23	83	1.34543
23	119	0.613664
23	136	0.587386
23	140	1.25746
23	150	0.674868
23	153	0.704304
23	158	0.697882
23	177	1.30736
23	178	0.627211
23	180	1.36133
24	56	1.2149
24	84	1.23864
24	101	0.781192
24	116	1.08606
24	121	1.08514
24	122	1.13234
24	124	1.1376
24	125	1.10217
24	130	1.10315
24	168	0.830432
24	169	0.738235
24	172	0.776734
24	174	0.780374
25	27	0.856185
25	59	1.17372
25	67	1.1231
25	77	0.727401
25	104	1.17874
25	117	1.10529
25	118	1.10454
25	120	1.1089
25	128	1.16715
25	129	0.80487
25	154	0.758275
25	173	0.760112
25	175	1.13856
26	40	1.31966
26	89	1.28072
26	90	1.28072
26	94	1.25218
26	97	1.25218
26	106	0.631722
26	110	1.35987
26	134	0.60375
26	149	0.715951
26	156	0.612454
26	171	0.665763
26	178	1.35469
26	179	0.673577
27	25	0.856185
27	40	0.832138
27	58	1.12413
27	76	0.796948
27	82	0.897646
27	96	0.812317
27	159	1.07971
27	165	1.09566
27	166	1.07918
27	167	1.07132
27	169	1.11273
27	171	1.08862
27	172	1.06316
27	179	1.08549
28	51	1.15537
28	70	1.25665
28	80	1.15091
28	83	1.27949
28	124	0.657004
28	139	0.716272
28	140	1.19153
28	146	0.718343
28	161	1.22923
28	163	0.670392
28	170	0.728303
28	174	0.717684
28	177	1.24142
28	180	1.2954
29	71	0.691551
29	82	1.04208
29	123	1.11291
29	134	1.08378
29	141	1.0589
29	142	1.12062
29	143	1.0939
29	144	1.0939
29	145	1.0939
29	158	0.920943
29	169	0.863653
29	173	0.877669
29	177	1.10001
29	178	0.850272
30	72	0.708079
30	92	1.246
30	123	1.24092
30	128	0.59808
30	134	1.2118
30	141	1.18691
30	142	1.24864
30	143	1.22191
30	144	1.22191
30	145	1.22191
30	152	0.693281
30	164	0.748919
30	166	0.744716
30	176	0.712401
31	21	1.19835
31	22	1.22214
31	51	1.16274
31	80	1.15828
31	112	0.717032
31	133	1.27032
31	135	0.737135
31	147	0.656475
31	161	1.2366
31	169	0.681374
31	171	0.693002
31	174	0.723513
31	177	1.2488
31	180	1.30277
32	47	0.675026
32	59	1.26229
32	69	1.20308
32	104	1.26732
32	115	0.727772
32	117	1.19387
32	118	1.19311
32	120	1.19747
32	128	1.25572
32	137	0.696983
32	164	0.743161
32	169	0.689503
32	175	1.22713
32	178	0.676121
33	54	1.18513
33	68	1.05849
33	75	1.03421
33	79	1.12849
33	85	1.0666
33	87	1.0666
33	88	0.807704
33	91	1.13023
33	98	1.06512
33	99	1.06512
33	146	0.845721
33	149	0.86474
33	165	0.832918
33	170	0.855682
34	15	1.10793
34	18	1.03535
34	37	1.05436
34	49	1.14345
34	57	1.15014
34	65	1.0889
34	95	1.07927
34	96	1.07927
34	106	0.810713
34	160	0.828925
34	168	0.925322
34	175	1.06133
34	176	0.850266
34	180	0.791889
35	8	1.05437
35	14	1.23908
35	64	1.06948
35	84	1.30356
35	116	1.15099
35	121	1.15007
35	122	1.19727
35	125	1.1671
35	130	1.16808
35	137	0.726782
35	153	0.783014
35	155	0.751715
35	159	0.76441
35	165	0.749297
35	173	0.733317
36	92	1.18733
36	123	1.18225
36	134	1.15313
36	141	1.12824
36	142	1.18997
36	143	1.16324
36	144	1.16324
36	145	1.16324
36	160	0.740285
36	162	0.759315
36	163	0.739333
36	166	0.793942
36	169	0.744486
36	177	1.16936
36	178	0.731104
37	15	1.19863
37	18	1.12605
37	34	1.05436
37	49	1.23414
37	57	1.24083
37	61	1.15405
37	95	1.16996
37	96	1.16996
37	132	0.705472
37	133	0.7585
37	149	0.799902
37	170	0.790844
37	175	1.15203
37	177	0.754573
37	180	0.696849
38	73	1.1576
38	88	0.76172
38	123	1.18597
38	134	1.15684
38	141	1.13196
38	142	1.19368
38	143	1.16696
38	144	1.16696
38	145	1.16696
38	147	0.732041
38	161	0.77012
38	162	0.771769
38	169	0.75694
38	177	1.17308
38	180	0.715704
39	74	1.16968
39	93	1.32524
39	100	1.10652
39	102	1.10652
39	103	1.16037
39	105	1.16037
39	114	1.13488
39	148	0.738656
39	163	0.740773
39	170	0.798685
39	173	0.759942
39	175	1.15002
39	178	1.18638
39	179	0.765368
39	180	0.70469
40	26	1.31966
40	27	0.832138
40	89	1.1227
40	90	1.1227
40	94	1.09416
40	97	1.09416
40	110	1.20185
40	120	0.689461
40	127	0.723291
40	152	1.1948
40	154	0.734228
40	170	1.15331
40	172	0.760547
40	174	0.764188
40	178	1.19667
41	59	1.21148
41	67	1.16086
41	69	1.15227
41	117	1.14305
41	118	1.1423
41	120	1.14666
41	128	1.20491
41	133	0.765485
41	156	1.16215
41	172	0.783569
41	173	0.759086
41	175	1.17632
41	178	0.731689
41	179	0.764512
41	180	0.703834
42	4	1.22432
42	20	1.14951
42	44	1.16129
42	53	1.12337
42	106	1.2168
42	124	0.715903
42	133	1.19232
42	140	1.1209
42	156	1.15216
42	164	0.788102
42	166	0.7839
42	170	1.15933
42	173	0.74846
42	177	0.750932
42	178	0.721062
43	60	1.18469
43	62	1.15485
43	78	1.21313
43	108	1.09875
43	109	0.80437
43	111	1.14916
43	113	1.143
43	124	1.18543
43	136	1.1526
43	146	0.767594
43	164	0.778455
43	169	0.724797
43	170	0.777555
43	175	0.652915
43	180	1.21839
44	4	1.21193
44	42	1.16129
44	53	1.11099
44	72	1.20234
44	106	1.20441
44	115	0.758463
44	126	0.810297
44	132	1.14239
44	133	1.17994
44	146	0.762991
44	156	1.13977
44	162	0.735022
44	170	1.14694
44	174	0.762332
44	180	0.678957
45	18	1.11337
45	49	1.22147
45	57	1.22816
45	61	1.14137
45	65	1.16691
45	95	1.15728
45	96	1.15728
45	131	0.772797
45	132	0.704974
45	138	1.17481
45	150	0.771863
45	162	0.752416
45	174	0.779726
45	175	1.13935
45	178	0.724205
46	9	1.17968
46	60	1.14784
46	71	1.2333
46	78	1.17628
46	108	1.0619
46	111	1.11231
46	113	1.10615
46	151	1.301
46	159	0.771992
46	165	0.756878
46	166	0.776339
46	177	0.743371
46	178	0.713502
46	179	0.746325
46	180	1.18154
47	3	0.674197
47	32	0.675026
47	84	0.641368
47	86	0.731947
47	111	0.718387
47	135	1.2356
47	141	0.761172
47	151	0.59082
47	153	1.21172
47	157	1.23671
47	159	1.24408
47	164	1.21733
47	174	1.24795
47	176	1.25184
47	179	1.24986
47	180	1.3049
48	21	1.2004
48	23	1.39028
48	51	1.16479
48	80	1.16033
48	83	1.28892
48	88	0.659903
48	109	0.734696
48	118	0.639337
48	131	0.690333
48	140	1.20095
48	159	0.700231
48	161	1.23866
48	165	0.685117
48	174	0.697261
48	177	1.25085
48	180	1.30482
49	34	1.14345
49	37	1.23414
49	45	1.22147
49	57	1.32992
49	61	1.24314
49	65	1.26868
49	95	1.25905
49	96	1.25905
49	112	0.71497
49	127	0.680555
49	137	0.686792
49	148	0.672042
49	174	0.721451
49	175	1.24111
49	177	0.6958
49	180	0.638076
50	82	1.19764
50	115	0.694601
50	123	1.26846
50	134	1.23934
50	141	1.21445
50	142	1.27618
50	143	1.24945
50	144	1.24945
50	145	1.24945
50	155	0.688744
50	157	0.718874
50	159	0.70144
50	164	0.70999
50	170	0.70909
50	175	0.58445
50	177	1.25557
51	23	1.2213
51	28	1.15537
51	31	1.16274
51	48	1.16479
51	70	1.0971
51	80	0.991357
51	83	1.11994
51	124	0.765816
51	158	0.841647
51	161	1.06968
51	164	0.838015
51	167	0.824767
51	172	0.822856
51	175	0.712476
51	177	1.08187
51	180	1.13585
52	68	1.20143
52	77	0.620701
52	79	1.27143
52	85	1.20954
52	87	1.20954
52	91	1.27318
52	98	1.20807
52	99	1.20807
52	126	0.7295
52	151	1.40542
52	156	1.21333
52	157	0.701939
52	159	0.684505
52	161	0.652576
52	166	0.688852
52	168	0.731593
53	4	1.17401
53	20	1.09921
53	42	1.12337
53	44	1.11099
53	72	1.16443
53	132	1.10448
53	133	1.14202
53	135	0.840949
53	140	1.0706
53	152	0.783209
53	156	1.10186
53	163	0.780035
53	166	0.834644
53	167	0.825598
53	170	1.10903
53	180	0.743952
54	33	1.18513
54	68	1.23349
54	75	1.20921
54	79	1.30349
54	85	1.2416
54	87	1.2416
54	91	1.30523
54	98	1.24012
54	99	1.24012
54	109	0.721029
54	126	0.73156
54	133	0.661871
54	149	0.703272
54	162	0.656285
54	169	0.641456
54	170	0.694214
55	5	1.16992
55	81	0.788095
55	88	0.662324
55	89	1.2389
55	90	1.2389
55	94	1.21036
55	97	1.21036
55	110	1.31806
55	133	0.677959
55	140	1.23109
55	153	0.721256
55	154	0.669723
55	170	1.26952
55	177	0.674032
55	178	1.31288
55	180	0.616308
56	24	1.2149
56	63	1.30261
56	64	1.15421
56	66	1.29308
56	86	1.24134
56	121	1.2348
56	125	1.25183
56	130	1.2528
56	133	0.685703
56	136	1.25443
56	154	0.677467
56	167	0.705698
56	168	0.757485
56	171	0.676916
56	176	0.682429
56	180	0.624052
57	18	1.22183
57	34	1.15014
57	37	1.24083
57	45	1.22816
57	49	1.32992
57	61	1.24983
57	95	1.26574
57	96	1.26574
57	129	0.714076
57	152	0.653322
57	155	0.687715
57	161	0.668482
57	164	0.70896
57	166	0.704758
57	175	1.24781
57	176	0.672442
58	13	0.687236
58	14	0.705011
58	27	1.12413
58	67	0.74955
58	68	0.799506
58	69	0.778909
58	115	1.20713
58	125	0.750562
58	151	0.623057
58	153	1.1663
58	168	1.15977
58	171	1.20757
58	172	1.18211
58	173	1.20474
58	176	1.20642
58	178	1.2374
58	179	1.20444
59	16	0.717282
59	25	1.17372
59	32	1.26229
59	41	1.21148
59	69	1.17011
59	88	0.734683
59	117	1.16089
59	118	1.16014
59	120	1.16449
59	128	1.22275
59	145	0.686007
59	156	1.17998
59	157	0.792445
59	167	0.770313
59	175	1.19416
59	178	0.716521
59	180	0.688666
60	17	1.12288
60	43	1.18469
60	46	1.14784
60	71	1.29395
60	78	1.23693
60	102	0.670836
60	108	1.12255
60	111	1.17296
60	113	1.16679
60	124	1.20923
60	137	0.716982
60	148	0.702232
60	154	0.721681
60	158	0.766792
60	168	0.801699
60	176	0.726642
60	180	1.24218
61	2	0.879228
61	15	1.20762
61	37	1.15405
61	45	1.14137
61	49	1.24314
61	57	1.24983
61	65	1.18858
61	95	1.17895
61	96	1.17895
61	133	0.707531
61	138	1.19648
61	160	0.682916
61	168	0.779313
61	170	0.739875
61	175	1.16102
61	178	0.673735
61	180	0.64588
62	9	1.21048
62	43	1.15485
62	64	0.742894
62	71	1.2641
62	78	1.20709
62	81	0.830999
62	108	1.0927
62	111	1.14312
62	113	1.13695
62	119	0.673519
62	136	1.14655
62	139	0.741174
62	151	1.33181
62	156	0.658767
62	173	0.714463
62	174	0.742586
62	180	1.21234
63	3	1.24944
63	8	1.07715
63	56	1.30261
63	64	1.09226
63	66	1.23113
63	106	0.687193
63	116	1.17377
63	121	1.17285
63	122	1.22005
63	125	1.18988
63	130	1.19086
63	164	0.763264
63	169	0.709606
63	172	0.748104
63	173	0.723621
63	174	0.751745
63	177	0.726093
64	3	1.10104
64	35	1.06948
64	56	1.15421
64	62	0.742894
64	63	1.09226
64	76	1.09967
64	84	1.17794
64	88	0.854725
64	116	1.02536
64	121	1.02445
64	122	1.07165
64	125	1.04148
64	130	1.04246
64	147	0.825045
64	153	0.913656
64	158	0.907235
64	161	0.863125
65	7	0.874471
65	15	1.23316
65	34	1.0889
65	45	1.16691
65	49	1.26868
65	61	1.18858
65	75	1.13621
65	95	1.20449
65	96	1.20449
65	138	1.22202
65	152	0.683999
65	163	0.680825
65	165	0.715973
65	168	0.778175
65	175	1.18656
65	177	0.702466
65	178	0.672597
66	8	1.06762
66	56	1.29308
66	63	1.23113
66	76	1.23855
66	86	1.16986
66	116	1.16424
66	121	1.16332
66	122	1.21052
66	125	1.18035
66	130	1.18133
66	149	0.749957
66	155	0.720553
66	165	0.718135
66	166	0.737596
66	167	0.728551
66	168	0.780337
66	178	0.674759
67	25	1.1231
67	41	1.16086
67	58	0.74955
67	69	1.11949
67	104	1.18372
67	118	1.10952
67	120	1.11387
67	126	1.11677
67	128	1.17213
67	138	1.17899
67	152	1.17801
67	157	0.794332
67	159	0.776898
67	166	0.781245
67	170	0.784548
67	172	0.770288
67	175	1.14354
67	179	0.751231
68	11	1.17554
68	33	1.05849
68	52	1.20143
68	54	1.23349
68	58	0.799506
68	79	1.17685
68	85	1.11495
68	87	1.11495
68	91	1.17859
68	98	1.11348
68	99	1.11348
68	103	0.67981
68	117	0.745479
68	133	0.802161
68	152	0.779767
68	156	1.11875
68	161	0.794926
68	179	0.801188
69	10	1.17353
69	32	1.20308
69	41	1.15227
69	58	0.778909
69	59	1.17011
69	67	1.11949
69	104	1.17513
69	117	1.10168
69	118	1.10093
69	120	1.10528
69	128	1.16354
69	148	0.753878
69	155	0.793561
69	162	0.775977
69	175	1.13495
69	177	0.777636
69	178	0.747767
69	179	0.78059
70	28	1.25665
70	51	1.0971
70	77	0.694149
70	84	1.30521
70	111	1.16791
70	113	1.16174
70	114	0.657941
70	116	1.15263
70	125	1.16874
70	130	1.16972
70	157	0.775387
70	159	0.757953
70	166	0.7623
70	173	0.72686
70	177	1.18316
70	179	0.732286
70	180	1.23713
71	16	1.23162
71	17	1.20834
71	29	0.691551
71	46	1.2333
71	60	1.29395
71	62	1.2641
71	78	1.32239
71	108	1.208
71	111	1.25842
71	113	1.25225
71	115	0.673666
71	135	0.691157
71	155	0.667809
71	157	0.697938
71	162	0.650225
71	166	0.684852
71	176	0.652537
71	180	1.32764
72	30	0.708079
72	44	1.20234
72	53	1.16443
72	78	0.707227
72	80	1.12134
72	99	0.762002
72	100	0.772345
72	129	1.16843
72	145	0.776422
72	151	0.618115
72	168	1.16612
72	170	1.20038
72	172	1.18847
72	175	0.748436
72	177	1.21186
72	179	1.21079
72	180	1.26583
73	38	1.1576
73	82	1.09452
73	92	1.17043
73	101	0.788851
73	123	1.16535
73	134	1.13622
73	135	0.801655
73	141	1.11134
73	142	1.17307
73	143	1.14634
73	144	1.14634
73	145	1.14634
73	155	0.778307
73	162	0.760723
73	171	0.757522
73	173	0.75991
73	176	0.763035
73	177	1.15246
74	39	1.16968
74	77	0.713305
74	79	0.617164
74	93	1.35387
74	100	1.13516
74	102	1.13516
74	103	1.189
74	105	1.189
74	114	1.16352
74	127	0.733243
74	147	0.707101
74	158	0.78929
74	161	1.17093
74	167	0.77241
74	174	0.774139
74	175	1.17866
74	178	1.21501
75	33	1.03421
75	54	1.20921
75	65	1.13621
75	94	1.04249
75	95	1.12658
75	96	1.12658
75	97	1.04249
75	98	1.0892
75	99	1.0892
75	101	0.840451
75	110	1.15018
75	119	0.770565
75	124	0.778953
75	139	0.838221
75	148	0.790224
75	149	0.85931
75	150	0.83177
75	175	1.10865
75	178	1.145
76	3	1.25686
76	27	0.796948
76	64	1.09967
76	66	1.23855
76	84	1.33376
76	86	1.18681
76	97	0.688767
76	112	0.722517
76	116	1.18118
76	121	1.18027
76	122	1.22746
76	125	1.19729
76	127	0.688102
76	130	1.19827
76	136	1.1999
76	161	0.700039
76	170	0.739617
76	172	0.725358
76	180	0.645623
77	25	0.727401
77	52	0.620701
77	70	0.694149
77	74	0.713305
77	100	0.740831
77	101	1.19889
77	111	0.714169
77	118	0.773017
77	119	1.25998
77	144	0.711425
77	149	1.17125
77	153	1.17851
77	154	1.24238
77	161	1.20553
77	164	1.18412
77	167	1.20249
77	169	1.24389
77	172	1.19433
77	176	1.21863
78	16	1.17461
78	17	1.15132
78	43	1.21313
78	46	1.17628
78	60	1.23693
78	62	1.20709
78	71	1.32239
78	72	0.707227
78	107	0.669667
78	108	1.15099
78	111	1.2014
78	113	1.19523
78	131	0.729618
78	155	0.726821
78	159	0.739516
78	161	0.707588
78	167	0.734818
78	169	0.694408
78	180	1.27062
79	11	1.24554
79	33	1.12849
79	52	1.27143
79	54	1.30349
79	68	1.17685
79	74	0.617164
79	85	1.18495
79	87	1.18495
79	91	1.24859
79	98	1.18348
79	99	1.18348
79	101	0.735619
79	126	0.782766
79	131	0.727872
79	154	0.704841
79	155	0.725075
79	156	1.18875
79	171	0.70429
79	179	0.712104
80	2	0.943075
80	21	1.02696
80	22	1.05075
80	23	1.21684
80	28	1.15091
80	31	1.15828
80	48	1.16033
80	51	0.991357
80	72	1.12134
80	83	1.11548
80	88	0.755744
80	129	0.809738
80	133	1.09894
80	164	0.804622
80	168	0.843161
80	171	0.762592
80	172	0.789463
80	177	1.07741
80	180	1.13139
81	13	0.800027
81	19	0.751062
81	55	0.788095
81	62	0.830999
81	138	0.82698
81	139	1.07925
81	142	0.832808
81	146	1.09069
81	157	1.09168
81	163	1.12816
81	167	1.09066
81	169	1.13207
81	171	1.10795
81	173	1.10513
81	174	1.10292
81	175	0.866168
81	176	1.10681
81	179	1.10483
81	180	1.15987
82	27	0.897646
82	29	1.04208
82	50	1.19764
82	73	1.09452
82	92	1.12797
82	123	1.12289
82	129	0.846331
82	134	1.09377
82	139	0.828284
82	141	1.06888
82	142	1.13061
82	143	1.10388
82	144	1.10388
82	145	1.10388
82	152	0.785577
82	156	0.745876
82	167	0.827967
82	177	1.11
82	178	0.774175
83	2	0.858315
83	21	1.15554
83	22	1.17934
83	23	1.34543
83	28	1.27949
83	48	1.28892
83	51	1.11994
83	80	1.11548
83	135	0.721964
83	137	0.673684
83	140	1.1561
83	157	0.728746
83	161	1.1938
83	163	0.661051
83	172	0.704702
83	174	0.708343
83	177	1.206
83	178	0.652822
83	180	1.25997
84	24	1.23864
84	35	1.30356
84	47	0.641368
84	64	1.17794
84	70	1.30521
84	76	1.33376
84	86	1.26508
84	116	1.25945
84	121	1.25854
84	122	1.30573
84	125	1.27556
84	130	1.27654
84	132	0.623232
84	158	0.713135
84	163	0.650692
84	172	0.694344
84	174	0.697984
84	176	0.672986
84	177	0.672333
84	178	0.642464
85	11	1.18365
85	33	1.0666
85	52	1.20954
85	54	1.2416
85	68	1.11495
85	79	1.18495
85	87	1.12306
85	91	1.1867
85	98	1.12159
85	99	1.12159
85	115	0.771326
85	133	0.753471
85	137	0.740536
85	150	0.767333
85	151	1.31894
85	156	1.12685
85	165	0.763051
85	167	0.773467
85	176	0.750197
85	180	0.69182
86	14	1.2006
86	47	0.731947
86	56	1.24134
86	66	1.16986
86	76	1.18681
86	84	1.26508
86	107	0.721683
86	116	1.1125
86	121	1.11158
86	122	1.15878
86	124	1.16404
86	125	1.12861
86	130	1.12959
86	136	1.13121
86	163	0.74127
86	164	0.800082
86	171	0.758052
86	174	0.788562
86	177	0.762911
86	180	0.705187
87	11	1.18365
87	33	1.0666
87	52	1.20954
87	54	1.2416
87	68	1.11495
87	79	1.18495
87	85	1.12306
87	91	1.1867
87	98	1.12159
87	99	1.12159
87	129	0.767901
87	133	0.729541
87	135	0.764888
87	146	0.751925
87	151	1.31894
87	155	0.74154
87	156	1.12685
87	168	0.801323
87	177	0.725615
87	179	0.728569
88	33	0.807704
88	38	0.76172
88	48	0.659903
88	55	0.662324
88	59	0.734683
88	64	0.854725
88	80	0.755744
88	107	1.20264
88	112	1.16714
88	127	1.19092
88	134	0.761894
88	154	1.1921
88	158	1.13324
88	164	1.13384
88	165	1.17654
88	166	1.16006
88	172	1.14404
88	173	1.16667
88	174	1.16446
88	176	1.16835
89	5	1.01477
89	13	1.18191
89	26	1.28072
89	40	1.1227
89	55	1.2389
89	90	1.08376
89	94	1.05522
89	97	1.05522
89	110	1.16291
89	140	1.07594
89	149	0.837897
89	152	1.15585
89	154	0.78826
89	159	0.821189
89	160	0.77188
89	169	0.776081
89	170	1.11437
89	171	0.787709
89	176	0.793222
89	178	1.15773
89	180	0.734845
90	5	1.01477
90	13	1.18191
90	26	1.28072
90	40	1.1227
90	55	1.2389
90	89	1.08376
90	94	1.05522
90	97	1.05522
90	101	0.809062
90	110	1.16291
90	112	0.801763
90	139	0.806832
90	140	1.07594
90	150	0.800381
90	152	1.15585
90	161	0.779285
90	167	0.806515
90	170	1.11437
90	177	0.782593
90	178	1.15773
90	180	0.724869
91	11	1.24728
91	33	1.13023
91	52	1.27318
91	54	1.30523
91	68	1.17859
91	79	1.24859
91	85	1.1867
91	87	1.1867
91	98	1.18522
91	99	1.18522
91	149	0.741598
91	150	0.714058
91	151	1.38257
91	156	1.19049
91	159	0.72489
91	160	0.675581
91	163	0.674629
91	166	0.729237
91	167	0.720192
91	173	0.693797
91	180	0.638545
92	6	1.22327
92	30	1.246
92	36	1.18733
92	73	1.17043
92	82	1.12797
92	109	0.790558
92	123	1.19879
92	125	0.636289
92	134	1.16967
92	141	1.14478
92	142	1.20651
92	143	1.17978
92	144	1.17978
92	145	1.17978
92	150	0.745262
92	158	0.768275
92	164	0.764644
92	167	0.751395
92	173	0.725001
92	177	1.1859
92	178	0.697604
92	179	0.730427
93	39	1.32524
93	74	1.35387
93	100	1.29071
93	102	1.29071
93	103	1.34456
93	105	1.34456
93	114	1.31907
93	131	0.625199
93	135	0.645749
93	153	0.653701
93	154	0.602168
93	161	1.32649
93	164	0.643647
93	165	0.619984
93	167	0.630399
93	168	0.682185
93	175	1.33421
93	178	1.37057
93	179	0.60943
94	5	0.986234
94	13	1.15337
94	26	1.25218
94	40	1.09416
94	55	1.21036
94	75	1.04249
94	89	1.05522
94	90	1.05522
94	97	1.02668
94	106	0.79297
94	110	1.13437
94	124	0.796842
94	129	0.874157
94	137	0.822863
94	140	1.0474
94	147	0.790483
94	152	1.12731
94	158	0.872673
94	161	0.828563
94	170	1.08583
94	176	0.832523
94	178	1.12919
95	15	1.22353
95	18	1.15095
95	34	1.07927
95	37	1.16996
95	45	1.15728
95	49	1.25905
95	57	1.26574
95	61	1.17895
95	65	1.20449
95	75	1.12658
95	96	1.19487
95	138	1.21239
95	154	0.715585
95	160	0.699204
95	161	0.716585
95	167	0.743815
95	168	0.795602
95	170	0.756163
95	172	0.741904
95	175	1.17693
95	176	0.720546
95	179	0.722847
96	15	1.22353
96	18	1.15095
96	27	0.812317
96	34	1.07927
96	37	1.16996
96	45	1.15728
96	49	1.25905
96	57	1.26574
96	61	1.17895
96	65	1.20449
96	75	1.12658
96	95	1.19487
96	119	0.675299
96	129	0.761002
96	138	1.21239
96	139	0.742955
96	153	0.76594
96	165	0.732223
96	171	0.713856
96	175	1.17693
96	177	0.718716
96	178	0.688846
97	5	0.986234
97	13	1.15337
97	26	1.25218
97	40	1.09416
97	55	1.21036
97	75	1.04249
97	76	0.688767
97	89	1.05522
97	90	1.05522
97	94	1.02668
97	110	1.13437
97	112	0.845064
97	140	1.0474
97	149	0.871222
97	152	1.12731
97	159	0.854514
97	168	0.901602
97	170	1.08583
97	174	0.851545
97	178	1.12919
97	179	0.828848
97	180	0.76817
98	2	1.027
98	7	0.916597
98	11	1.18217
98	33	1.06512
98	52	1.20807
98	54	1.24012
98	68	1.11348
98	75	1.0892
98	79	1.18348
98	85	1.12159
98	87	1.12159
98	91	1.18522
98	99	1.12011
98	106	0.705691
98	109	0.807677
98	133	0.748519
98	151	1.31746
98	152	0.726125
98	156	1.12538
98	164	0.781762
98	171	0.739732
98	174	0.770243
98	178	0.714723
99	2	1.027
99	11	1.18217
99	33	1.06512
99	52	1.20807
99	54	1.24012
99	68	1.11348
99	72	0.762002
99	75	1.0892
99	79	1.18348
99	85	1.12159
99	87	1.12159
99	91	1.18522
99	98	1.12011
99	139	0.789911
99	148	0.741913
99	151	1.31746
99	153	0.812895
99	154	0.761363
99	156	1.12538
99	164	0.802842
99	176	0.766324
99	177	0.765671
99	180	0.707947
100	19	1.26294
100	39	1.10652
100	72	0.772345
100	74	1.13516
100	77	0.740831
100	93	1.29071
100	102	1.072
100	103	1.12584
100	105	1.12584
100	114	1.10036
100	127	0.760769
100	132	1.10394
100	133	0.779941
100	136	1.10815
100	137	0.767006
100	145	0.715631
100	146	0.802324
100	151	1.2934
100	160	0.755325
100	161	1.10777
100	164	0.813184
100	175	1.1155
100	178	1.15185
101	4	0.753434
101	13	0.712433
101	19	0.663468
101	24	0.781192
101	73	0.788851
101	75	0.840451
101	77	1.19889
101	79	0.735619
101	90	0.809062
101	117	0.814188
101	154	1.17375
101	155	1.14561
101	158	1.1149
101	161	1.1369
101	162	1.16598
101	166	1.14172
101	168	1.10335
101	169	1.17526
101	171	1.15115
101	173	1.14833
101	174	1.14612
101	176	1.15001
101	179	1.14803
102	19	1.26294
102	39	1.10652
102	60	0.670836
102	74	1.13516
102	93	1.29071
102	100	1.072
102	103	1.12584
102	105	1.12584
102	114	1.10036
102	119	0.741904
102	124	0.750292
102	132	1.10394
102	136	1.10815
102	148	0.761563
102	151	1.2934
102	161	1.10777
102	170	0.821591
102	172	0.807332
102	173	0.782849
102	175	1.1155
102	176	0.785973
102	178	1.15185
102	179	0.788275
103	19	1.31679
103	39	1.16037
103	68	0.67981
103	74	1.189
103	93	1.34456
103	100	1.12584
103	102	1.12584
103	105	1.17969
103	114	1.1542
103	132	1.15779
103	136	1.162
103	147	0.680663
103	151	1.34725
103	152	0.703583
103	154	0.717742
103	158	0.762852
103	161	1.16162
103	163	0.700409
103	166	0.755018
103	167	0.745972
103	172	0.744061
103	175	1.16934
103	177	0.72205
103	178	1.2057
104	10	1.23776
104	12	1.2387
104	25	1.17874
104	32	1.26732
104	67	1.18372
104	69	1.17513
104	112	0.747811
104	117	1.16591
104	118	1.16516
104	120	1.16952
104	126	1.17241
104	128	1.22777
104	137	0.719633
104	152	1.23366
104	156	1.18501
104	159	0.757261
104	160	0.707952
104	161	0.725333
104	173	0.726169
104	175	1.19918
104	177	0.728641
104	178	0.698771
104	179	0.731595
104	180	0.670917
105	19	1.31679
105	39	1.16037
105	74	1.189
105	93	1.34456
105	100	1.12584
105	102	1.12584
105	103	1.17969
105	114	1.1542
105	132	1.15779
105	136	1.162
105	140	0.702529
105	142	0.620359
105	146	0.768398
105	148	0.71833
105	151	1.34725
105	152	0.723621
105	158	0.78289
105	161	1.16162
105	169	0.7256
105	173	0.739616
105	175	1.16934
105	176	0.74274
105	178	1.2057
105	180	0.684364
106	20	1.19263
106	26	0.631722
106	34	0.810713
106	42	1.2168
106	44	1.20441
106	63	0.687193
106	94	0.79297
106	98	0.705691
106	114	0.730182
106	122	0.6938
106	125	0.710389
106	130	0.69851
106	136	0.73188
106	140	1.16403
106	141	1.17281
106	143	1.20781
106	144	1.20781
106	145	1.20781
106	155	1.21044
106	167	1.19869
106	170	1.20245
106	172	1.19053
106	174	1.21095
106	179	1.21286
107	1	0.674615
107	20	0.780719
107	78	0.669667
107	86	0.721683
107	88	1.20264
107	113	0.703451
107	116	0.732083
107	123	0.701215
107	127	1.22662
107	129	1.1597
107	140	0.759687
107	145	0.738863
107	146	1.18792
107	147	1.23923
107	153	1.16392
107	157	1.18891
107	163	1.22539
107	166	1.19575
107	167	1.1879
107	171	1.20519
107	172	1.17974
107	175	0.710876
107	178	1.23502
107	179	1.20206
108	9	1.15438
108	16	1.06023
108	17	1.03694
108	43	1.09875
108	46	1.0619
108	60	1.12255
108	62	1.0927
108	71	1.208
108	78	1.15099
108	111	1.08702
108	113	1.08085
108	124	1.12328
108	127	0.794151
108	136	1.09045
108	147	0.768009
108	150	0.827185
108	151	1.27571
108	162	0.807738
108	169	0.792909
108	171	0.804537
108	172	0.831407
108	173	0.806924
108	178	0.779527
108	180	1.15624
109	43	0.80437
109	48	0.734696
109	54	0.721029
109	92	0.790558
109	98	0.807677
109	116	0.836397
109	120	0.854484
109	126	1.10058
109	139	1.10517
109	140	0.864001
109	142	0.78183
109	146	1.11661
109	150	1.12578
109	155	1.12833
109	157	1.1176
109	158	1.09762
109	159	1.12497
109	167	1.11658
109	171	1.13388
109	172	1.10842
109	173	1.13105
109	174	1.12884
109	176	1.13273
109	177	1.13182
110	5	1.09393
110	13	1.26106
110	26	1.35987
110	40	1.20185
110	55	1.31806
110	75	1.15018
110	89	1.16291
110	90	1.16291
110	94	1.13437
110	97	1.13437
110	119	0.668999
110	135	0.751688
110	137	0.703407
110	140	1.1551
110	148	0.688657
110	150	0.730204
110	152	1.23501
110	165	0.725922
110	167	0.736338
110	168	0.788124
110	170	1.19352
110	171	0.707556
110	176	0.713068
110	178	1.23688
111	9	1.2048
111	16	1.11064
111	17	1.08735
111	43	1.14916
111	46	1.11231
111	47	0.718387
111	60	1.17296
111	62	1.14312
111	70	1.16791
111	71	1.25842
111	77	0.714169
111	78	1.2014
111	108	1.08702
111	113	1.13126
111	136	1.14087
111	139	0.773591
111	151	1.32612
111	153	0.796576
111	165	0.762859
111	166	0.78232
111	171	0.744492
111	173	0.74688
111	178	0.719482
111	179	0.752306
111	180	1.20665
112	3	0.724332
112	11	0.734735
112	31	0.717032
112	49	0.71497
112	76	0.722517
112	88	1.16714
112	90	0.801763
112	97	0.845064
112	104	0.747811
112	129	1.12421
112	130	0.756581
112	138	0.732087
112	147	1.20374
112	149	1.12116
112	153	1.12843
112	160	1.18408
112	162	1.18452
112	163	1.1899
112	164	1.13404
112	169	1.19381
112	171	1.1697
112	172	1.14424
112	173	1.16687
112	179	1.16657
112	180	1.22161
113	9	1.19863
113	16	1.10447
113	43	1.143
113	46	1.10615
113	60	1.16679
113	62	1.13695
113	70	1.16174
113	71	1.25225
113	78	1.19523
113	107	0.703451
113	108	1.08085
113	111	1.13126
113	124	1.16753
113	126	0.818296
113	136	1.1347
113	137	0.735672
113	151	1.31995
113	152	0.726212
113	154	0.740371
113	155	0.760605
113	160	0.723991
113	166	0.777648
113	170	0.78095
113	176	0.745332
113	180	1.20049
114	2	1.03131
114	19	1.2913
114	39	1.13488
114	70	0.657941
114	74	1.16352
114	93	1.31907
114	100	1.10036
114	102	1.10036
114	103	1.1542
114	105	1.1542
114	106	0.730182
114	131	0.787805
114	132	1.1323
114	136	1.13651
114	137	0.760075
114	139	0.793322
114	147	0.727695
114	151	1.32177
114	161	1.13613
114	164	0.806253
114	173	0.766611
114	175	1.14386
114	176	0.769735
114	178	1.18021
114	180	0.711359
115	12	0.736212
115	19	0.658781
115	21	0.850481
115	32	0.727772
115	44	0.758463
115	50	0.694601
115	58	1.20713
115	71	0.673666
115	85	0.771326
115	140	0.822697
115	146	1.15434
115	148	1.18327
115	150	1.16352
115	153	1.13035
115	156	0.804087
115	162	1.18644
115	163	1.19182
115	164	1.13596
115	167	1.15432
115	171	1.17161
115	172	1.14616
115	174	1.16658
115	176	1.17047
115	177	1.16955
115	179	1.16849
116	3	1.18255
116	8	1.01026
116	14	1.19497
116	24	1.08606
116	35	1.15099
116	63	1.17377
116	64	1.02536
116	66	1.16424
116	70	1.15263
116	76	1.18118
116	84	1.25945
116	86	1.1125
116	107	0.732083
116	109	0.836397
116	121	1.10596
116	122	1.15315
116	125	1.12298
116	130	1.12396
116	135	0.812584
116	139	0.797551
116	150	0.7911
116	152	0.754844
116	171	0.768452
116	173	0.770839
116	176	0.773964
116	177	0.773311
117	10	1.16431
117	12	1.16525
117	25	1.10529
117	32	1.19387
117	41	1.14305
117	59	1.16089
117	68	0.745479
117	69	1.10168
117	101	0.814188
117	104	1.16591
117	118	1.09171
117	119	0.744303
117	120	1.09607
117	126	1.09896
117	128	1.15432
117	138	1.16119
117	152	1.16021
117	156	1.11156
117	166	0.820687
117	171	0.782859
117	172	0.80973
117	173	0.785247
117	175	1.12573
117	177	0.787719
117	179	0.790673
117	180	0.729995
118	10	1.16356
118	12	1.16449
118	25	1.10454
118	32	1.19311
118	41	1.1423
118	48	0.639337
118	59	1.16014
118	67	1.10952
118	69	1.10093
118	77	0.773017
118	104	1.16516
118	117	1.09171
118	120	1.09531
118	124	0.773171
118	128	1.15357
118	138	1.16043
118	152	1.15945
118	153	0.855424
118	156	1.1108
118	169	0.791713
118	172	0.830211
118	175	1.12498
118	177	0.8082
118	178	0.778331
118	179	0.811154
118	180	0.750476
119	4	0.683548
119	20	0.778531
119	23	0.613664
119	62	0.673519
119	75	0.770565
119	77	1.25998
119	96	0.675299
119	102	0.741904
119	110	0.668999
119	117	0.744303
119	127	1.23368
119	147	1.24629
119	149	1.16372
119	150	1.20416
119	155	1.20671
119	156	0.738889
119	160	1.22663
119	162	1.22708
119	166	1.20282
119	167	1.19496
119	168	1.16445
119	174	1.20722
119	175	0.708688
119	176	1.21111
119	178	1.24208
119	179	1.20912
120	12	1.16885
120	25	1.1089
120	32	1.19747
120	40	0.689461
120	41	1.14666
120	59	1.16449
120	67	1.11387
120	69	1.10528
120	104	1.16952
120	109	0.854484
120	117	1.09607
120	118	1.09531
120	126	1.10257
120	128	1.15792
120	138	1.16479
120	152	1.16381
120	156	1.11516
120	160	0.77071
120	161	0.788091
120	163	0.769758
120	165	0.804906
120	171	0.786539
120	175	1.12933
120	177	0.791399
120	178	0.761529
120	179	0.794353
121	3	1.18164
121	8	1.00934
121	24	1.08514
121	35	1.15007
121	56	1.2348
121	63	1.17285
121	64	1.02445
121	66	1.16332
121	76	1.18027
121	84	1.25854
121	86	1.11158
121	116	1.10596
121	122	1.15224
121	125	1.12207
121	126	0.849001
121	130	1.12305
121	136	1.12467
121	140	0.735827
121	157	0.82144
121	161	0.772077
121	165	0.788892
121	166	0.808353
121	172	0.797396
121	177	0.775385
121	178	0.745516
121	180	0.717661
122	3	1.22883
122	8	1.05654
122	14	1.24125
122	24	1.13234
122	35	1.19727
122	63	1.22005
122	64	1.07165
122	66	1.21052
122	76	1.22746
122	84	1.30573
122	86	1.15878
122	106	0.6938
122	116	1.15315
122	121	1.15224
122	124	1.2047
122	125	1.16926
122	126	0.806317
122	127	0.717455
122	130	1.17024
122	157	0.778755
122	159	0.761321
122	161	0.729392
122	162	0.731041
122	163	0.71106
122	169	0.716213
122	177	0.7327
122	179	0.735654
123	29	1.11291
123	30	1.24092
123	36	1.18225
123	38	1.18597
123	50	1.26846
123	73	1.16535
123	82	1.12289
123	92	1.19879
123	107	0.701215
123	124	0.707415
123	134	1.16459
123	138	1.21181
123	141	1.1397
123	142	1.20143
123	143	1.1747
123	144	1.1747
123	145	1.1747
123	150	0.760232
123	157	0.788498
123	161	0.739136
123	165	0.755951
123	170	0.778714
123	171	0.737584
123	175	0.654075
123	176	0.743096
123	177	1.18082
123	179	0.745398
124	4	0.691936
124	24	1.1376
124	28	0.657004
124	42	0.715903
124	43	1.18543
124	51	0.765816
124	60	1.20923
124	75	0.778953
124	86	1.16404
124	94	0.796842
124	102	0.750292
124	108	1.12328
124	113	1.16753
124	118	0.773171
124	122	1.2047
124	123	0.707415
124	125	1.17453
124	130	1.17551
124	143	0.712878
124	156	0.747276
124	168	1.1432
124	169	1.21512
124	171	1.191
124	173	1.18818
124	176	1.18986
124	179	1.18788
124	180	1.24292
125	8	1.02637
125	24	1.10217
125	35	1.1671
125	56	1.25183
125	58	0.750562
125	63	1.18988
125	64	1.04148
125	66	1.18035
125	70	1.16874
125	76	1.19729
125	84	1.27556
125	86	1.12861
125	92	0.636289
125	106	0.710389
125	116	1.12298
125	121	1.12207
125	122	1.16926
125	124	1.17453
125	126	0.822906
125	130	1.14007
125	135	0.788563
125	136	1.1417
125	158	0.790092
125	166	0.782258
125	168	0.824998
125	170	0.78556
125	171	0.74443
125	174	0.774941
126	14	0.777355
126	44	0.810297
126	52	0.7295
126	54	0.73156
126	67	1.11677
126	79	0.782766
126	104	1.17241
126	109	1.10058
126	113	0.818296
126	117	1.09896
126	120	1.10257
126	121	0.849001
126	122	0.806317
126	125	0.822906
126	128	1.16082
126	134	1.12046
126	140	0.874532
126	141	1.09558
126	142	1.15731
126	143	1.13058
126	144	1.13058
126	145	1.13058
126	151	0.695401
126	163	1.15896
126	166	1.12932
126	168	1.09095
126	174	1.13372
126	175	1.13223
126	176	1.13761
127	16	0.796121
127	40	0.723291
127	49	0.680555
127	74	0.733243
127	76	0.688102
127	88	1.19092
127	100	0.760769
127	107	1.22662
127	108	0.794151
127	119	1.23368
127	122	0.717455
127	134	0.758356
127	135	1.17609
127	142	0.7035
127	143	0.732662
127	146	1.17621
127	150	1.18538
127	151	0.606539
127	153	1.15221
127	158	1.15722
127	159	1.18457
127	162	1.2083
127	166	1.18404
127	169	1.21759
127	173	1.19065
127	174	1.18844
127	176	1.19233
127	179	1.19035
127	180	1.24539
128	10	1.22617
128	12	1.2271
128	25	1.16715
128	30	0.59808
128	32	1.25572
128	41	1.20491
128	59	1.22275
128	67	1.17213
128	69	1.16354
128	104	1.22777
128	117	1.15432
128	118	1.15357
128	120	1.15792
128	126	1.16082
128	138	1.22305
128	139	0.751045
128	149	0.772134
128	150	0.744594
128	152	1.22207
128	156	1.17341
128	159	0.755426
128	162	0.725147
128	163	0.705165
128	165	0.740312
128	168	0.802514
128	173	0.724333
128	175	1.18759
128	176	0.727458
128	180	0.669081
129	1	0.758129
129	12	0.756716
129	25	0.80487
129	57	0.714076
129	72	1.16843
129	80	0.809738
129	82	0.846331
129	87	0.767901
129	94	0.874157
129	96	0.761002
129	107	1.1597
129	112	1.12421
129	133	1.14602
129	134	0.815887
129	144	0.788895
129	146	1.10929
129	150	1.11847
129	154	1.14916
129	159	1.11766
129	160	1.14094
129	162	1.14139
129	165	1.13361
129	166	1.11713
129	168	1.07876
129	172	1.10111
129	173	1.12373
129	174	1.12153
129	176	1.12542
129	179	1.12343
130	2	0.913034
130	3	1.19964
130	14	1.21206
130	24	1.10315
130	35	1.16808
130	56	1.2528
130	63	1.19086
130	64	1.04246
130	66	1.18133
130	70	1.16972
130	76	1.19827
130	84	1.27654
130	86	1.12959
130	106	0.69851
130	112	0.756581
130	116	1.12396
130	121	1.12305
130	122	1.17024
130	124	1.17551
130	125	1.14007
130	136	1.14268
130	147	0.696023
130	149	0.782739
130	155	0.753336
130	165	0.750918
130	169	0.720923
130	171	0.732551
130	174	0.763062
130	177	0.737411
130	178	0.707541
131	15	0.740442
131	17	0.780554
131	45	0.772797
131	48	0.690333
131	78	0.729618
131	79	0.727872
131	93	0.625199
131	114	0.787805
131	132	0.810096
131	134	0.792324
131	135	1.16348
131	139	1.15215
131	142	0.737468
131	153	1.13959
131	155	1.17531
131	156	0.801028
131	157	1.16458
131	158	1.14461
131	159	1.17196
131	160	1.19524
131	163	1.20106
131	164	1.1452
131	165	1.1879
131	166	1.17142
131	167	1.16356
131	168	1.13306
131	172	1.15541
131	173	1.17803
131	176	1.17971
131	179	1.17773
132	4	1.20542
132	20	1.13061
132	37	0.705472
132	44	1.14239
132	45	0.704974
132	53	1.10448
132	84	0.623232
132	100	1.10394
132	102	1.10394
132	103	1.15779
132	105	1.15779
132	114	1.1323
132	131	0.810096
132	134	1.13568
132	135	0.830646
132	139	0.815612
132	141	1.11079
132	142	1.17252
132	143	1.14579
132	144	1.14579
132	145	1.14579
132	154	0.787064
132	155	0.807298
132	156	1.13327
132	164	0.828543
132	170	1.14044
132	173	0.788901
132	174	0.817024
132	175	1.14744
132	176	0.792026
132	178	1.1838
133	20	1.16816
133	21	1.139
133	31	1.27032
133	37	0.7585
133	41	0.765485
133	42	1.19232
133	44	1.17994
133	53	1.14202
133	54	0.661871
133	55	0.677959
133	56	0.685703
133	61	0.707531
133	68	0.802161
133	80	1.09894
133	85	0.753471
133	87	0.729541
133	98	0.748519
133	100	0.779941
133	129	1.14602
133	136	0.774707
133	143	0.751834
133	154	1.21411
133	156	1.17081
133	158	1.15526
133	161	1.17726
133	162	1.20634
133	167	1.17422
133	170	1.17798
133	172	1.16606
133	177	1.18945
133	179	1.18838
133	180	1.24343
134	1	1.19164
134	6	1.18907
134	26	0.60375
134	29	1.08378
134	30	1.2118
134	36	1.15313
134	38	1.15684
134	50	1.23934
134	73	1.13622
134	82	1.09377
134	88	0.761894
134	92	1.16967
134	123	1.16459
134	126	1.12046
134	127	0.758356
134	129	0.815887
134	131	0.792324
134	132	1.13568
134	138	1.18269
134	141	1.11058
134	142	1.17231
134	143	1.14558
134	144	1.14558
134	145	1.14558
134	146	0.799911
134	148	0.749843
134	152	0.755134
134	159	0.802222
134	163	0.75196
134	171	0.768742
134	176	0.774254
134	177	1.1517
134	179	0.776555
135	31	0.737135
135	47	1.2356
135	53	0.840949
135	71	0.691157
135	73	0.801655
135	83	0.721964
135	87	0.764888
135	93	0.645749
135	110	0.751688
135	116	0.812584
135	125	0.788563
135	127	1.17609
135	131	1.16348
135	132	0.830646
135	137	1.17541
135	138	0.75219
135	142	0.758018
135	147	1.18871
135	149	1.10613
135	157	1.13839
135	158	1.11841
135	160	1.16905
135	162	1.16949
135	163	1.17487
135	164	1.11901
135	168	1.10687
135	169	1.17878
135	170	1.14113
135	171	1.15467
135	172	1.12921
135	174	1.14963
135	176	1.15352
135	179	1.15154
136	14	1.21369
136	23	0.587386
136	43	1.1526
136	56	1.25443
136	62	1.14655
136	76	1.1999
136	86	1.13121
136	100	1.10815
136	102	1.10815
136	103	1.162
136	105	1.162
136	106	0.73188
136	108	1.09045
136	111	1.14087
136	113	1.1347
136	114	1.13651
136	121	1.12467
136	125	1.1417
136	130	1.14268
136	133	0.774707
136	146	0.79709
136	148	0.747022
136	149	0.816108
136	157	0.816835
136	165	0.784287
136	169	0.754293
136	171	0.765921
136	172	0.792791
136	175	1.15165
136	176	0.771433
136	178	1.18801
136	179	0.773734
136	180	1.21009
137	32	0.696983
137	35	0.726782
137	49	0.686792
137	60	0.716982
137	83	0.673684
137	85	0.740536
137	94	0.822863
137	100	0.767006
137	104	0.719633
137	110	0.703407
137	113	0.735672
137	114	0.760075
137	135	1.17541
137	138	0.703909
137	146	1.17552
137	150	1.1847
137	154	1.21539
137	155	1.18725
137	158	1.15654
137	159	1.18389
137	160	1.20718
137	163	1.213
137	165	1.19984
137	167	1.1755
137	168	1.14499
137	169	1.2169
137	171	1.19279
137	172	1.16734
137	173	1.18997
137	174	1.18776
137	175	0.743097
137	176	1.19165
137	179	1.18967
137	180	1.24471
138	18	1.16848
