1	6	1.40096
1	86	0.775222
1	96	1.59777
1	119	0.79025
1	143	0.801132
1	160	0.80237
1	170	1.79395
1	173	0.845
1	174	0.793377
1	176	0.798593
1	179	0.799528
1	180	0.794528
2	14	0.856183
2	16	0.794164
2	35	1.60424
2	51	0.743405
2	90	1.5081
2	126	0.818951
2	129	0.794984
2	133	0.813272
2	153	0.797094
2	157	0.804181
2	158	0.777766
2	179	1.68999
3	70	1.56747
3	103	0.931576
3	112	1.15159
3	118	0.883162
3	153	1.1588
3	159	0.903741
3	161	0.895173
3	176	0.897087
3	177	0.898216
3	178	0.916392
3	179	0.898022
3	180	0.893022
4	63	1.0975
4	113	0.898385
4	140	0.900703
4	141	1.27941
4	157	0.915477
4	169	0.870677
4	170	0.872969
4	171	0.876848
4	172	0.892467
4	175	1.20122
4	177	1.23018
4	178	0.972474
5	44	0.903104
5	54	0.951357
5	58	0.862522
5	60	0.882005
5	79	1.19749
5	95	0.874368
5	104	0.931537
5	117	0.896265
5	154	1.17983
5	166	1.15746
5	171	0.898841
5	176	1.2682
6	1	1.40096
6	15	0.898983
6	37	0.954918
6	78	0.868186
6	81	0.868186
6	87	0.848442
6	91	0.848442
6	92	1.23056
6	152	1.06606
6	156	1.10885
6	173	0.941151
6	178	0.971693
7	63	1.09487
7	119	1.32487
7	140	0.904437
7	142	1.20009
7	145	1.18547
7	147	0.913769
7	151	0.877685
7	169	0.874412
7	170	0.876704
7	171	0.880583
7	172	0.896201
7	178	0.976209
8	34	1.27063
8	44	0.881663
8	59	1.03377
8	95	0.852927
8	104	0.910096
8	109	0.854575
8	117	0.874824
8	122	0.914746
8	134	1.25101
8	161	1.15218
8	171	0.8774
8	176	1.13484
9	11	0.851586
9	29	0.843758
9	45	1.27805
9	85	0.888512
9	103	1.14949
9	107	0.938562
9	114	0.922942
9	120	0.910725
9	128	0.933823
9	138	1.165
9	150	0.91009
9	163	1.21594
10	56	0.819572
10	66	0.791325
10	69	0.79546
10	72	0.767577
10	90	1.42372
10	126	0.822152
10	129	0.798185
10	133	0.816473
10	158	0.780966
10	164	0.808289
10	167	1.77626
10	179	1.60561
11	9	0.851586
11	71	0.81852
11	76	0.782937
11	83	0.832937
11	102	0.771836
11	112	0.803564
11	114	0.779985
11	120	0.767769
11	128	0.790866
11	159	1.56601
11	160	1.63108
11	177	1.60868
12	39	0.797272
12	93	0.8271
12	118	0.791077
12	136	1.61967
12	150	1.55588
12	155	0.777252
12	167	0.795637
12	171	1.61882
12	174	0.799786
12	176	0.805002
12	179	0.805937
12	180	0.800937
13	18	0.88855
13	19	0.898557
13	56	0.930819
13	61	0.92383
13	66	0.902572
13	67	0.895582
13	72	0.878824
13	89	1.165
13	150	0.881266
13	162	1.25078
13	175	1.18423
13	180	1.20772
14	2	0.856183
14	40	1.12668
14	51	0.891588
14	70	0.861582
14	99	0.876785
14	115	0.911578
14	119	1.30305
14	133	0.961456
14	145	0.914878
14	158	0.925949
14	168	1.16944
14	177	1.20572
15	6	0.898983
15	19	1.30946
15	49	0.833947
15	57	0.901242
15	61	1.21632
15	78	0.838141
15	81	0.838141
15	87	0.818396
15	91	0.818396
15	121	1.27002
15	154	1.40012
15	173	0.911106
15	178	0.941648
16	2	0.794164
16	53	0.920903
16	77	0.855885
16	127	1.26537
16	129	0.881148
16	130	0.860218
16	133	0.899436
16	139	0.841058
16	153	0.883258
16	158	0.863929
16	161	1.34751
16	175	1.26471
16	176	1.33017
17	70	0.809573
17	93	1.26882
17	99	0.824775
17	125	1.35461
17	126	0.915125
17	129	0.891158
17	130	0.870229
17	139	0.851069
17	145	0.862869
17	152	1.34938
17	158	0.87394
17	164	0.901262
17	180	1.23576
18	13	0.88855
18	19	0.850211
18	25	0.962531
18	61	0.875485
18	66	0.854226
18	67	0.847237
18	69	0.858361
18	72	0.830479
18	150	0.832921
18	172	1.31523
18	173	1.28144
18	175	1.47815
18	178	1.1252
19	13	0.898557
19	15	1.30946
19	18	0.850211
19	56	0.892481
19	61	0.885492
19	66	0.864234
19	67	0.857244
19	69	0.868368
19	72	0.840486
19	123	1.21773
19	137	1.42805
19	138	1.25053
19	150	0.842928
20	27	1.12935
20	38	1.40177
20	47	0.847544
20	129	1.38809
20	143	0.870218
20	153	1.2733
20	154	0.864875
20	162	0.867819
20	168	0.878544
20	175	0.869965
20	177	0.868808
20	179	0.868614
20	180	0.863614
21	44	1.30626
21	66	1.20149
21	103	0.907564
21	111	0.841599
21	117	1.35776
21	154	0.870271
21	155	0.845325
21	156	0.842657
21	158	1.32653
21	175	0.875362
21	177	0.874204
21	179	0.87401
21	180	0.86901
22	35	0.969476
22	52	0.944937
22	90	0.846443
22	141	1.13504
22	143	1.1689
22	146	0.975913
22	148	0.95802
22	149	0.997706
22	167	1.19898
22	169	0.976622
22	170	0.978914
22	172	0.998411
22	173	0.860131
23	31	1.32472
23	132	0.866977
23	133	1.21318
23	134	0.857433
23	151	1.43109
23	155	0.846033
23	161	0.871869
23	162	0.873923
23	164	1.22292
23	167	0.864418
23	177	0.874912
23	179	0.874718
23	180	0.869718
24	67	0.854235
24	69	0.865359
24	71	0.891305
24	72	0.837477
24	74	0.927083
24	102	0.844621
24	112	0.87635
24	128	0.863652
24	142	1.32609
24	150	0.839919
24	159	1.31089
24	163	1.33054
24	171	1.23678
25	18	0.962531
25	36	0.880009
25	56	1.0048
25	61	0.997811
25	66	0.976553
25	67	0.969563
25	69	0.980688
25	72	0.952805
25	134	1.19148
25	139	1.17976
25	150	0.955247
25	165	0.975518
25	179	0.981339
26	47	0.84431
26	63	0.909619
26	73	0.852805
26	105	0.879325
26	108	0.889659
26	125	0.839294
26	130	1.37602
26	145	1.46876
26	149	1.22162
26	174	0.859229
26	178	1.12893
26	179	0.86538
26	180	0.86038
27	20	1.12935
27	31	0.897833
27	34	1.35586
27	58	0.856371
27	59	1.04906
27	60	0.875853
27	72	1.19154
27	95	0.868216
27	109	0.869864
27	117	0.890113
27	171	0.892689
27	179	1.1261
28	50	0.834819
28	61	1.17081
28	67	1.22975
28	95	1.50027
28	106	0.886393
28	119	0.860974
28	160	0.873094
28	162	0.869456
28	170	1.29035
28	176	0.869317
28	177	0.870446
28	179	0.870251
28	180	0.865251
29	9	0.843758
29	30	0.775269
29	31	1.68061
29	71	0.810692
29	81	1.77911
29	85	0.737728
29	88	0.742054
29	102	0.764008
29	107	0.787777
29	112	0.795736
29	120	0.759941
29	128	0.783038
29	166	1.73444
30	29	0.775269
30	68	1.40676
30	80	0.847658
30	85	0.820024
30	88	0.82435
30	102	0.846304
30	107	0.870073
30	112	0.878032
30	114	0.854453
30	120	0.842237
30	126	1.28655
30	150	0.841601
30	169	1.37803
30	174	1.5312
31	23	1.32472
31	27	0.897833
31	29	1.68061
31	44	0.832513
31	48	0.853405
31	54	0.880766
31	60	0.811414
31	95	0.803776
31	104	0.860946
31	109	0.805425
31	117	0.825674
31	159	1.29627
31	168	1.30266
31	171	0.828249
32	43	1.14327
32	87	1.40493
32	95	1.58721
32	98	0.86889
32	115	1.45665
32	146	0.822412
32	156	0.817552
32	161	0.846055
32	168	0.858835
32	169	0.823122
32	170	0.825414
32	172	0.844911
32	179	0.848905
32	180	0.843904
33	41	1.41982
33	53	0.8925
33	65	0.77314
33	105	1.30971
33	115	0.821155
33	129	0.852744
33	132	1.4485
33	133	0.871032
33	139	0.812654
33	145	0.824454
33	153	0.854854
33	157	0.861941
33	158	0.835526
33	175	1.42987
34	8	1.27063
34	27	1.35586
34	46	1.22227
34	65	1.74633
34	89	0.871895
34	138	0.857242
34	144	0.859279
34	155	0.808397
34	162	0.836287
34	163	0.833679
34	167	0.826781
34	177	0.837276
34	179	0.837082
34	180	0.832082
35	2	1.60424
35	22	0.969476
35	86	1.37452
35	113	0.831325
35	121	0.862173
35	146	0.802907
35	147	0.842974
35	151	0.80689
35	164	0.849324
35	169	0.803617
35	170	0.805909
35	172	0.825406
35	176	1.3603
35	179	1.26633
36	25	0.880009
36	55	1.07689
36	87	1.21972
36	89	0.967386
36	112	1.1615
36	114	1.25403
36	138	0.952733
36	155	0.903888
36	163	0.92917
36	167	0.922272
36	176	0.931638
36	177	0.932767
36	179	0.932573
36	180	0.927573
37	6	0.954918
37	57	0.957178
37	78	0.894076
37	81	0.894076
37	84	1.32099
37	87	0.874332
37	91	0.874332
37	116	0.986464
37	135	1.03999
37	141	1.08724
37	143	1.1211
37	173	0.967042
37	177	1.03801
37	178	0.997583
38	20	1.40177
38	46	0.907373
38	63	1.32332
38	106	1.46183
38	110	0.847509
38	121	0.858981
38	140	0.830451
38	149	0.82151
38	168	1.41972
38	169	0.800426
38	170	0.802717
38	171	0.806596
38	172	0.822215
38	178	0.902222
39	12	0.797272
39	46	1.23731
39	70	0.781898
39	110	1.35412
39	125	0.827579
39	126	0.887451
39	143	0.855268
39	153	0.865594
39	158	0.846265
39	166	0.836344
39	171	1.53756
39	172	1.46247
39	179	0.853664
39	180	0.848664
40	14	1.12668
40	86	1.4387
40	136	0.823562
40	140	0.851938
40	146	0.821203
40	147	0.86127
40	148	0.803311
40	151	0.825185
40	156	1.53892
40	167	1.50115
40	169	0.821913
40	170	0.824205
40	172	0.843702
40	178	0.92371
41	33	1.41982
41	43	1.07787
41	77	1.31069
41	87	0.817187
41	91	0.817187
41	132	0.856683
41	145	1.38594
41	159	0.870143
41	173	0.909897
41	177	0.864618
41	178	0.940438
41	179	0.864424
41	180	0.859424
42	59	1.03267
42	93	0.85614
42	108	0.859256
42	135	1.55286
42	151	1.52916
42	154	0.831238
42	158	1.47968
42	160	0.837819
42	161	0.832128
42	165	0.848688
42	167	0.824677
42	168	0.844907
42	177	0.835171
42	180	0.829977
43	32	1.14327
43	41	1.07787
43	70	0.875856
43	77	0.932179
43	97	0.970397
43	99	0.891059
43	106	1.1227
43	115	0.925852
43	133	0.97573
43	145	0.929152
43	153	0.959551
43	158	0.940223
43	174	1.17403
43	175	1.08791
44	5	0.903104
44	8	0.881663
44	21	1.30626
44	31	0.832513
44	48	0.852524
44	60	0.810533
44	95	0.802895
44	104	0.860064
44	108	1.37374
44	109	0.804544
44	117	0.824792
44	134	1.52823
44	160	1.39796
44	171	0.827368
45	9	1.27805
45	46	0.921411
45	72	1.51408
45	77	1.38878
45	128	1.41338
45	135	0.823505
45	154	0.836507
45	167	0.829946
45	169	0.814463
45	171	0.820634
45	172	0.836252
45	175	0.841598
45	177	0.84044
45	180	0.835246
46	34	1.22227
46	38	0.907373
46	39	1.23731
46	45	0.921411
46	96	0.964239
46	110	0.964795
46	149	0.938795
46	161	1.10382
46	166	0.926174
46	169	0.917711
46	170	0.920003
46	172	0.9395
46	177	1.04998
46	179	0.99251
47	20	0.847544
47	26	0.84431
47	99	1.58715
47	161	0.83841
47	162	0.840464
47	163	0.837857
47	164	1.25301
47	167	0.830959
47	169	1.38688
47	171	1.36611
47	175	0.842611
47	176	0.840325
47	179	0.84126
47	180	0.836259
48	31	0.853405
48	44	0.852524
48	58	0.811942
48	60	0.831425
48	94	0.826578
48	95	0.823788
48	104	0.880957
48	109	0.825436
48	117	0.845685
48	119	1.52228
48	123	1.3182
48	144	1.30604
48	171	0.848261
48	176	1.46146
49	15	0.833947
49	57	0.866252
49	78	0.80315
49	81	0.80315
49	87	0.783406
49	91	0.783406
49	116	0.895538
49	122	0.848378
49	130	1.27902
49	132	1.40351
49	134	1.56651
49	173	0.876116
49	178	0.906657
49	179	1.35637
50	28	0.834819
50	67	1.44592
50	70	0.755131
50	108	0.851175
50	135	1.62464
50	139	0.796626
50	145	0.808426
50	146	1.48781
50	147	1.43636
50	153	0.838826
50	158	0.819498
50	174	0.820745
50	176	0.825962
50	179	0.826897
50	180	0.821896
51	2	0.743405
51	14	0.891588
51	97	0.843345
51	101	1.35681
51	129	0.830389
51	130	0.80946
51	139	0.7903
51	145	0.8021
51	153	0.832499
51	154	1.52525
51	158	0.813171
51	163	1.5541
51	164	0.840493
51	166	0.80325
51	180	1.57165
52	22	0.944937
52	121	0.837634
52	135	0.78812
52	136	0.780727
52	142	1.56476
52	149	0.800162
52	151	0.782351
52	154	1.54035
52	157	0.823878
52	169	0.779078
52	170	0.78137
52	172	0.800867
52	173	1.36655
52	178	0.880875
52	179	1.53475
53	16	0.920903
53	33	0.8925
53	65	0.84212
53	108	1.15882
53	126	0.945691
53	130	0.900794
53	134	1.3133
53	139	0.881634
53	145	0.893434
53	153	0.923834
53	155	1.28536
53	158	0.904505
53	165	1.09734
53	166	0.894584
53	180	1.15516
54	5	0.951357
54	31	0.880766
54	58	0.839303
54	59	1.03199
54	90	0.935652
54	95	0.851148
54	104	0.908318
54	105	1.06192
54	109	0.852797
54	111	1.39929
54	117	0.873046
54	128	1.1183
54	148	1.2169
54	171	0.875621
54	180	1.20556
55	36	1.07689
55	79	1.20148
55	89	1.1875
55	113	0.907527
55	136	0.881468
55	146	0.87911
55	148	0.861217
55	149	0.900903
55	157	0.924619
55	159	1.19302
55	167	1.34886
55	169	0.879819
55	170	0.882111
55	172	0.901609
55	178	0.981616
56	10	0.819572
56	13	0.930819
56	19	0.892481
56	25	1.0048
56	61	0.917755
56	66	0.896496
56	67	0.889506
56	69	0.900631
56	72	0.872749
56	82	1.14237
56	150	0.87519
56	155	1.32544
56	160	1.22312
56	163	1.17769
56	165	1.13742
57	15	0.901242
57	37	0.957178
57	49	0.866252
57	78	0.870445
57	81	0.870445
57	84	1.45611
57	87	0.850701
57	91	0.850701
57	103	1.08366
57	122	0.915673
57	141	1.22237
57	157	1.03323
57	162	1.21071
57	173	0.943411
57	178	0.973952
58	5	0.862522
58	27	0.856371
58	48	0.811942
58	54	0.839303
58	59	0.943157
58	60	0.769951
58	95	0.762313
58	104	0.819483
58	109	0.763962
58	117	0.784211
58	145	1.53115
58	171	0.786786
58	173	1.34756
58	176	1.60973
58	179	1.51576
59	8	1.03377
59	27	1.04906
59	42	1.03267
59	54	1.03199
59	58	0.943157
59	81	0.919232
59	104	1.01217
59	109	0.956651
59	117	0.9769
59	122	1.01682
59	156	1.09975
59	167	1.06198
59	171	0.979476
59	177	0.948808
59	180	0.943335
60	5	0.882005
60	27	0.875853
60	31	0.811414
60	44	0.810533
60	48	0.831425
60	58	0.769951
60	95	0.781796
60	105	1.34526
60	109	0.783445
60	111	1.68263
60	117	0.803694
60	122	0.843616
60	161	1.54821
60	165	1.43108
60	171	0.806269
61	13	0.92383
61	15	1.21632
61	18	0.875485
61	19	0.885492
61	25	0.997811
61	28	1.17081
61	56	0.917755
61	66	0.889507
61	67	0.882517
61	69	0.893642
61	72	0.865759
61	141	1.28058
61	144	1.11243
61	150	0.868201
61	180	1.22588
62	64	1.43505
62	94	0.78025
62	110	1.45764
62	113	1.53247
62	152	0.797936
62	154	0.817806
62	159	0.827264
62	160	0.824387
62	167	0.811245
62	172	1.56598
62	173	0.867018
62	174	0.815394
62	176	0.82061
62	179	0.821545
62	180	0.816545
63	4	1.0975
63	7	1.09487
63	26	0.909619
63	38	1.32332
63	78	1.26241
63	84	0.862741
63	124	0.932332
63	142	0.906864
63	152	0.88296
63	156	0.875215
63	168	0.916499
63	170	1.21821
63	176	0.905634
63	179	0.906568
63	180	0.901568
64	62	1.43505
64	80	0.898651
64	85	0.871017
64	88	0.875343
64	102	0.897297
64	107	0.921067
64	112	0.929026
64	114	0.905447
64	120	0.89323
64	128	0.916328
64	150	0.892595
64	152	1.25236
64	167	1.25738
64	173	0.918529
64	177	1.14421
65	33	0.77314
65	34	1.74633
65	53	0.84212
65	97	0.81532
65	99	0.735982
65	123	0.820634
65	126	0.826331
65	129	0.802364
65	133	0.820653
65	139	0.762275
65	153	0.804474
65	157	0.811561
65	158	0.785146
65	177	1.57405
65	179	1.51657
65	180	1.56857
66	10	0.791325
66	13	0.902572
66	18	0.854226
66	19	0.864234
66	21	1.20149
66	25	0.976553
66	56	0.896496
66	61	0.889507
66	67	0.861259
66	69	0.872384
66	72	0.844501
66	89	1.22259
66	94	1.56837
66	121	1.08881
66	150	0.846943
66	161	1.32461
67	13	0.895582
67	18	0.847237
67	19	0.857244
67	24	0.854235
67	25	0.969563
67	28	1.22975
67	50	1.44592
67	56	0.889506
67	61	0.882517
67	66	0.861259
67	69	0.865394
67	72	0.837511
67	126	1.10279
67	150	0.839953
67	152	1.39844
67	165	1.22699
68	30	1.40676
68	103	0.902384
68	118	0.85397
68	122	1.22409
68	128	1.30701
68	136	1.28381
68	159	0.874549
68	162	0.868035
68	164	1.16986
68	165	0.882541
68	168	0.87876
68	175	0.870182
68	176	0.867895
68	177	0.869024
68	179	0.86883
68	180	0.86383
69	10	0.79546
69	18	0.858361
69	19	0.868368
69	24	0.865359
69	25	0.980688
69	56	0.900631
69	61	0.893642
69	66	0.872384
69	67	0.865394
69	72	0.848636
69	93	1.28574
69	119	1.35546
69	150	0.851078
69	174	1.3153
69	179	1.20067
69	180	1.25267
70	3	1.56747
70	14	0.861582
70	17	0.809573
70	39	0.781898
70	43	0.875856
70	50	0.755131
70	79	1.70198
70	115	0.768794
70	124	1.68493
70	129	0.800383
70	130	0.779453
70	145	0.772093
70	149	1.44696
70	153	0.802493
70	157	0.80958
70	158	0.783164
71	11	0.81852
71	24	0.891305
71	29	0.810692
71	84	1.43762
71	85	0.855446
71	88	0.859772
71	92	1.4273
71	106	1.16047
71	107	0.905496
71	112	0.913455
71	114	0.889876
71	118	1.29307
71	120	0.877659
71	128	0.900757
71	150	0.877024
71	165	1.09135
72	10	0.767577
72	13	0.878824
72	18	0.830479
72	19	0.840486
72	24	0.837477
72	25	0.952805
72	27	1.19154
72	45	1.51408
72	56	0.872749
72	61	0.865759
72	66	0.844501
72	67	0.837511
72	69	0.848636
72	150	0.823195
72	165	1.4117
72	168	1.43871
72	173	1.24932
73	26	0.852805
73	82	1.47653
73	87	1.44638
73	96	1.22256
73	125	0.823669
73	138	0.869915
73	145	1.49279
73	152	0.826146
73	160	0.852597
73	161	0.846906
73	167	0.839454
73	173	0.895227
73	176	0.84882
73	177	0.849949
73	178	1.15296
73	179	0.849755
73	180	0.844755
74	24	0.927083
74	76	0.928605
74	83	0.978605
74	85	0.891224
74	88	0.89555
74	93	1.13121
74	107	0.941274
74	112	0.949233
74	114	0.925654
74	120	0.913437
74	128	0.936535
74	143	1.1867
74	144	0.984692
74	150	0.912802
74	155	1.22834
74	162	1.14119
74	176	1.14011
75	89	1.1068
75	100	0.921088
75	124	1.10373
75	132	1.14466
75	135	0.916089
75	136	0.908697
75	140	0.937073
75	147	0.946405
75	148	0.888446
75	149	0.928132
75	158	1.08379
75	160	1.1774
75	169	0.907048
75	170	0.90934
75	172	0.928837
75	176	1.19149
75	178	1.00884
76	11	0.782937
76	74	0.928605
76	80	0.847497
76	85	0.819863
76	88	0.824189
76	102	0.846143
76	107	0.869913
76	112	0.877872
76	114	0.854292
76	120	0.842076
76	128	0.865174
76	150	0.84144
76	163	1.4164
76	165	1.37612
76	166	1.36517
76	173	1.21374
76	180	1.43395
77	16	0.855885
77	41	1.31069
77	43	0.932179
77	45	1.38878
77	97	0.869661
77	99	0.790323
77	115	0.825116
77	126	0.880673
77	130	0.835776
77	139	0.816616
77	153	0.858815
77	156	1.50064
77	157	0.865902
77	158	0.839487
77	166	0.829566
77	168	1.31342
77	179	1.29222
78	6	0.868186
78	15	0.838141
78	37	0.894076
78	49	0.80315
78	57	0.870445
78	63	1.26241
78	79	1.36088
78	81	0.807343
78	87	0.787599
78	91	0.787599
78	116	0.899731
78	122	0.852571
78	135	1.39707
78	165	1.33179
78	173	0.880309
78	174	1.45225
78	178	0.91085
79	5	1.19749
79	55	1.20148
79	70	1.70198
79	78	1.36088
79	105	0.868309
79	119	0.845087
79	134	0.837079
79	154	0.850625
79	155	0.825679
79	160	0.857206
79	167	0.844064
79	168	0.864295
79	169	1.33679
79	174	0.848213
79	175	0.855716
79	179	0.854364
79	180	0.849364
80	30	0.847658
80	64	0.898651
80	76	0.847497
80	83	0.897497
80	85	0.810116
80	88	0.814442
80	102	0.836397
80	107	0.860166
80	112	0.868125
80	120	0.832329
80	128	0.855427
80	133	1.18718
80	150	0.831694
80	162	1.46439
80	165	1.36351
80	179	1.36933
80	180	1.42133
81	6	0.868186
81	15	0.838141
81	29	1.77911
81	37	0.894076
81	49	0.80315
81	57	0.870445
81	59	0.919232
81	78	0.807343
81	86	1.48817
81	87	0.787599
81	91	0.787599
81	105	1.28833
81	116	0.899731
81	122	0.852571
81	123	1.33069
81	173	0.880309
81	178	0.91085
82	56	1.14237
82	73	1.47653
82	98	0.878358
82	100	0.846631
82	135	0.841632
82	136	0.834239
82	140	0.862616
82	144	1.28975
82	146	0.831881
82	147	0.871948
82	160	1.43108
82	165	0.872084
82	169	0.83259
82	170	0.834882
82	171	0.838761
82	172	0.854379
82	174	1.46584
83	11	0.832937
83	74	0.978605
83	80	0.897497
83	85	0.869863
83	88	0.874189
83	92	1.43868
83	102	0.896143
83	107	0.919913
83	112	0.927872
83	114	0.904292
83	120	0.892076
83	121	0.984049
83	124	1.11476
83	128	0.915174
83	143	1.24911
83	150	0.89144
83	161	1.21986
83	176	1.20252
84	37	1.32099
84	57	1.45611
84	63	0.862741
84	71	1.43762
84	101	0.862549
84	124	0.844266
84	127	0.82887
84	130	1.61518
84	143	0.820105
84	144	0.840698
84	159	0.824221
84	168	0.828432
84	175	0.819853
84	176	0.817567
84	177	0.818696
84	178	1.36809
84	179	0.818502
84	180	0.813501
85	9	0.888512
85	29	0.737728
85	30	0.820024
85	64	0.871017
85	71	0.855446
85	74	0.891224
85	76	0.819863
85	80	0.810116
85	83	0.869863
85	88	0.786808
85	101	1.26179
85	114	0.816912
85	120	0.804695
85	128	0.827793
85	132	1.47178
85	161	1.53594
85	163	1.45909
85	177	1.48211
86	1	0.775222
86	35	1.37452
86	40	1.4387
86	81	1.48817
86	111	0.805612
86	119	0.828746
86	129	1.49304
86	131	0.830321
86	137	0.818929
86	140	1.40176
86	142	0.838318
86	162	0.837228
86	163	0.83462
86	173	0.883496
86	175	0.839375
86	176	0.837088
86	179	0.838023
86	180	0.833023
87	6	0.848442
87	15	0.818396
87	32	1.40493
87	36	1.21972
87	37	0.874332
87	41	0.817187
87	49	0.783406
87	57	0.850701
87	73	1.44638
87	78	0.787599
87	81	0.787599
87	91	0.767855
87	92	1.65118
87	116	0.879987
87	122	0.832827
87	137	1.48209
87	173	0.860565
87	178	0.891106
88	29	0.742054
88	30	0.82435
88	64	0.875343
88	71	0.859772
88	74	0.89555
88	76	0.824189
88	80	0.814442
88	83	0.874189
88	85	0.786808
88	102	0.813088
88	103	1.4303
88	107	0.836858
88	114	0.821238
88	128	0.832119
88	130	1.38495
88	144	1.40086
88	159	1.47711
88	180	1.51431
89	13	1.165
89	34	0.871895
89	36	0.967386
89	55	1.1875
89	66	1.22259
89	75	1.1068
89	100	1.2867
89	101	0.94119
89	118	0.882282
89	137	0.878049
89	138	0.917303
89	156	0.865789
89	172	1.22695
89	174	0.890991
89	175	0.898494
89	177	0.897337
89	179	0.897142
89	180	0.892142
90	2	1.5081
90	10	1.42372
90	22	0.846443
90	54	0.935652
90	104	0.915831
90	109	0.860311
90	114	1.17347
90	117	0.88056
90	122	0.920482
90	140	1.11167
90	161	0.899898
90	169	1.13164
90	171	0.883135
90	174	0.896596
90	175	0.904099
90	177	0.902942
90	179	0.902747
90	180	0.897747
91	6	0.848442
91	15	0.818396
91	37	0.874332
91	41	0.817187
91	49	0.783406
91	57	0.850701
91	78	0.787599
91	81	0.787599
91	87	0.767855
91	111	1.56495
91	116	0.879987
91	122	0.832827
91	137	1.48026
91	155	1.50141
91	160	1.39909
91	171	1.25991
91	173	0.860565
91	178	0.891106
92	6	1.23056
92	71	1.4273
92	83	1.43868
92	87	1.65118
92	125	0.804808
92	129	0.840713
92	133	0.859001
92	144	0.85309
92	145	0.812423
92	149	1.45045
92	153	0.842822
92	158	0.823494
92	166	0.813573
92	175	0.832245
92	176	0.829958
92	177	0.831087
92	179	0.830893
92	180	0.825893
93	12	0.8271
93	17	1.26882
93	42	0.85614
93	69	1.28574
93	74	1.13121
93	96	1.1823
93	132	0.875751
93	142	0.883787
93	144	0.905689
93	152	0.859883
93	155	0.854807
93	158	1.42341
93	161	0.880642
93	162	0.882697
93	172	1.30274
93	173	0.928964
93	176	0.882557
93	179	0.883492
93	180	0.878492
94	48	0.826578
94	62	0.78025
94	66	1.56837
94	95	0.776949
94	104	0.834118
94	109	0.778597
94	110	1.46439
94	116	1.3759
94	117	0.798846
94	122	0.838769
94	124	0.846798
94	138	0.841194
94	161	0.818185
94	164	1.53473
94	170	1.64848
94	171	0.801422
94	177	0.821228
94	179	0.821034
94	180	0.816034
95	5	0.874368
95	8	0.852927
95	27	0.868216
95	28	1.50027
95	31	0.803776
95	32	1.58721
95	44	0.802895
95	48	0.823788
95	54	0.851148
95	58	0.762313
95	60	0.781796
95	94	0.776949
95	104	0.831328
95	109	0.775807
95	117	0.796056
95	123	1.45405
95	127	1.5325
95	171	0.798632
95	175	1.53185
96	1	1.59777
96	46	0.964239
96	73	1.22256
96	93	1.1823
96	110	0.904375
96	111	1.34297
96	113	0.884999
96	123	1.04795
96	134	0.865789
96	135	0.866333
96	136	0.858941
96	147	0.896649
96	148	0.83869
96	151	0.860564
96	169	0.857292
96	170	0.859584
96	171	0.863462
96	172	0.879081
96	174	1.21187
97	43	0.970397
97	51	0.843345
97	65	0.81532
97	77	0.869661
97	115	0.863335
97	129	0.894924
97	130	0.873995
97	137	1.37391
97	139	0.854835
97	142	1.24288
97	145	0.866635
97	153	0.897034
97	158	0.877706
97	159	1.22767
97	163	1.24732
97	164	0.905028
97	166	0.867784
97	176	1.30684
97	179	1.21287
98	32	0.86889
98	82	0.878358
98	100	0.870572
98	103	1.19171
98	105	1.13207
98	110	0.903615
98	118	1.41961
98	135	0.865573
98	146	0.855822
98	148	0.83793
98	155	1.40591
98	159	1.23852
98	164	0.902238
98	166	0.864995
98	169	0.856532
98	170	0.858824
98	172	0.878321
98	178	0.958329
98	179	1.22371
99	14	0.876785
99	17	0.824775
99	43	0.891059
99	47	1.58715
99	65	0.735982
99	77	0.790323
99	116	1.18255
99	123	0.833856
99	126	0.839553
99	129	0.815586
99	139	0.775496
99	145	0.787296
99	153	0.817695
99	155	1.696
99	157	0.824782
99	158	0.798367
99	161	1.62511
99	166	0.788446
99	179	1.5138
100	75	0.921088
100	82	0.846631
100	89	1.2867
100	98	0.870572
100	101	1.11458
100	121	0.88336
100	125	1.44828
100	135	0.833846
100	136	0.826453
100	140	0.85483
100	147	0.864161
100	149	0.845888
100	151	0.828077
100	152	1.44305
100	161	1.38873
100	169	0.824804
100	170	0.827096
100	172	0.846593
100	178	0.926601
100	180	1.32942
101	51	1.35681
101	84	0.862549
101	85	1.26179
101	89	0.94119
101	100	1.11458
101	131	0.898675
101	140	1.13072
101	144	0.928573
101	151	1.22499
101	152	0.882768
101	155	0.877692
101	156	0.875023
101	166	1.17246
101	167	0.896076
101	168	0.916307
101	170	1.13057
101	174	0.900225
101	175	0.907728
101	176	0.905442
101	179	0.906377
101	180	0.901376
102	11	0.771836
102	24	0.844621
102	29	0.764008
102	30	0.846304
102	64	0.897297
102	76	0.846143
102	80	0.836397
102	83	0.896143
102	88	0.813088
102	107	0.858812
102	112	0.866771
102	114	0.843192
102	120	0.830975
102	128	0.854073
102	138	1.31158
102	139	1.52648
102	141	1.43477
102	150	0.83034
102	162	1.42311
102	177	1.38554
102	179	1.32806
103	3	0.931576
103	9	1.14949
103	21	0.907564
103	57	1.08366
103	68	0.902384
103	88	1.4303
103	98	1.19171
103	105	0.909828
103	138	0.916043
103	152	0.872274
103	153	1.23805
103	158	1.30635
103	159	0.901602
103	160	0.898725
103	163	0.892481
103	174	0.889732
103	176	0.894948
103	177	0.896077
103	178	0.995635
103	179	0.895883
103	180	0.890883
104	5	0.931537
104	8	0.910096
104	31	0.860946
104	44	0.860064
104	48	0.880957
104	54	0.908318
104	58	0.819483
104	59	1.01217
104	90	0.915831
104	94	0.834118
104	95	0.831328
104	109	0.832976
104	111	1.39323
104	117	0.853225
104	122	0.893148
104	134	1.35764
104	142	1.17751
104	148	1.21084
104	167	1.31814
104	171	0.855801
104	177	1.20497
104	179	1.1475
105	26	0.879325
105	33	1.30971
105	54	1.06192
105	60	1.34526
105	79	0.868309
105	81	1.28833
105	98	1.13207
105	103	0.909828
105	119	0.866997
105	137	0.857181
105	139	1.45885
105	141	0.882679
105	143	0.877878
105	163	0.872872
105	168	0.886205
105	170	1.20177
105	173	0.921747
105	175	0.877626
105	176	0.875339
105	177	0.876468
105	179	0.876274
105	180	0.871274
106	28	0.886393
106	38	1.46183
106	43	1.1227
106	71	1.16047
106	108	0.90275
106	112	1.32614
106	133	1.23323
106	137	0.859377
106	142	0.878766
106	144	0.900668
106	156	0.847118
106	160	0.881313
106	163	0.875068
106	165	0.892182
106	166	1.39861
106	168	0.888401
106	175	0.879822
106	176	0.877536
106	177	0.878665
106	178	1.09094
106	179	0.878471
106	180	0.873471
107	9	0.938562
107	29	0.787777
107	30	0.870073
107	64	0.921067
107	71	0.905496
107	74	0.941274
107	76	0.869913
107	80	0.860166
107	83	0.919913
107	88	0.836858
107	102	0.858812
107	112	0.89054
107	114	0.866961
107	120	0.854745
107	127	1.21312
107	128	0.877843
107	131	1.3317
107	137	1.345
107	138	1.16747
107	154	1.18956
107	156	1.39238
107	158	1.17023
108	26	0.889659
108	42	0.859256
108	44	1.37374
108	50	0.851175
108	53	1.15882
108	106	0.90275
108	125	0.860523
108	127	0.896976
108	133	1.22558
108	149	1.17598
108	155	0.857923
108	159	0.892327
108	161	0.883759
108	162	0.885813
108	163	0.883206
108	164	1.23532
108	171	1.34843
108	172	1.27333
108	174	0.880457
108	175	0.88796
108	179	0.886608
108	180	0.881608
109	8	0.854575
109	27	0.869864
109	31	0.805425
109	44	0.804544
109	48	0.825436
109	54	0.852797
109	58	0.763962
109	59	0.956651
109	60	0.783445
109	90	0.860311
109	94	0.778597
109	95	0.775807
109	104	0.832976
109	117	0.797704
109	122	0.837627
109	125	1.59898
109	146	1.35075
109	165	1.42231
109	171	0.80028
109	176	1.5221
109	177	1.4856
109	179	1.42813
110	38	0.847509
110	39	1.35412
110	46	0.964795
110	62	1.45764
110	94	1.46439
110	96	0.904375
110	98	0.903615
110	113	0.885555
110	124	1.11554
110	136	0.859496
110	140	0.887873
110	148	0.839245
110	149	0.878931
110	151	0.86112
110	159	1.12413
110	164	0.903554
110	166	0.86631
110	168	1.13052
110	169	0.857847
110	170	0.860139
110	172	0.879636
110	180	1.16133
111	21	0.841599
111	54	1.39929
111	60	1.68263
111	86	0.805612
111	91	1.56495
111	96	1.34297
111	104	1.39323
111	118	0.815058
111	127	0.840286
111	133	1.41565
111	137	0.810824
111	141	0.836323
111	142	0.830213
111	152	0.806309
111	154	0.826179
111	162	0.829123
111	167	0.819618
111	174	0.823767
111	175	0.83127
111	176	0.828983
111	179	0.829918
111	180	0.824918
112	3	1.15159
112	11	0.803564
112	24	0.87635
112	29	0.795736
112	30	0.878032
112	36	1.1615
112	64	0.929026
112	71	0.913455
112	74	0.949233
112	76	0.877872
112	80	0.868125
112	83	0.927872
112	102	0.866771
112	106	1.32614
112	107	0.89054
112	114	0.87492
112	120	0.862704
112	127	1.292
112	128	0.885801
112	157	1.1804
112	174	1.37746
112	180	1.31483
113	4	0.898385
113	35	0.831325
113	55	0.907527
113	62	1.53247
113	96	0.884999
113	110	0.885555
113	139	1.38257
113	143	1.32472
113	147	0.877829
113	148	0.819869
113	149	0.859555
113	151	0.841744
113	154	1.18975
113	161	1.29546
113	162	1.27921
113	164	0.884178
113	165	0.877965
113	166	0.846934
113	168	1.20535
113	169	0.838471
113	170	0.840763
113	171	0.844642
113	172	0.86026
114	9	0.922942
114	11	0.779985
114	30	0.854453
114	36	1.25403
114	64	0.905447
114	71	0.889876
114	74	0.925654
114	76	0.854292
114	83	0.904292
114	85	0.816912
114	88	0.821238
114	90	1.17347
114	102	0.843192
114	107	0.866961
114	112	0.87492
114	115	1.37606
114	120	0.839125
114	123	1.30608
114	128	0.862222
114	150	0.838489
114	159	1.37017
114	169	1.31682
114	180	1.40736
115	14	0.911578
115	32	1.45665
115	33	0.821155
115	43	0.925852
115	70	0.768794
115	77	0.825116
115	97	0.863335
115	114	1.37606
115	126	0.874346
115	129	0.850379
115	130	0.82945
115	132	1.41991
115	133	0.868668
115	139	0.81029
115	145	0.82209
115	146	1.29539
115	153	0.852489
115	157	0.859576
115	158	0.833161
115	164	0.860483
115	165	1.36695
115	166	0.823239
115	170	1.31411
115	179	1.37277
116	37	0.986464
116	49	0.895538
116	78	0.899731
116	81	0.899731
116	87	0.879987
116	91	0.879987
116	94	1.3759
116	99	1.18255
116	120	1.06349
116	137	1.18187
116	146	0.900731
116	148	0.882839
116	149	0.922525
116	151	0.904714
116	159	1.03563
116	160	1.10071
116	161	1.13214
116	164	0.947148
116	169	0.901441
116	172	0.92323
116	173	0.972697
116	174	1.13547
116	178	1.00324
117	5	0.896265
117	8	0.874824
117	21	1.35776
117	27	0.890113
117	31	0.825674
117	44	0.824792
117	48	0.845685
117	54	0.873046
117	58	0.784211
117	59	0.9769
117	60	0.803694
117	90	0.88056
117	94	0.798846
117	95	0.796056
117	104	0.853225
117	109	0.797704
117	122	0.857876
117	135	1.42904
117	138	1.3531
117	160	1.44946
117	168	1.39078
117	171	0.820529
117	173	1.20138
117	177	1.42706
118	3	0.883162
118	12	0.791077
118	68	0.85397
118	71	1.29307
118	89	0.882282
118	98	1.41961
118	111	0.815058
118	124	0.873233
118	126	1.41795
118	131	0.839767
118	134	0.830184
118	142	0.847764
118	149	1.31622
118	159	0.853188
118	160	0.850311
118	162	0.846674
118	167	0.837169
118	168	0.8574
118	169	1.50943
118	172	1.41356
118	175	0.848821
118	178	1.22353
118	179	0.847469
118	180	0.842469
119	1	0.79025
119	7	1.32487
119	14	1.30305
119	28	0.860974
119	48	1.52228
119	69	1.35546
119	79	0.845087
119	86	0.828746
119	105	0.866997
119	121	1.38237
119	124	0.878816
119	125	0.826966
119	137	0.833958
119	141	0.859457
119	163	0.849649
119	164	1.33446
119	167	0.842751
119	168	0.862982
119	172	1.37246
119	174	0.846901
119	176	0.852117
119	177	0.853246
119	179	0.853052
119	180	0.848052
120	9	0.910725
120	11	0.767769
120	29	0.759941
120	30	0.842237
120	64	0.89323
120	71	0.877659
120	74	0.913437
120	76	0.842076
120	80	0.832329
120	83	0.892076
120	85	0.804695
120	102	0.830975
120	107	0.854745
120	112	0.862704
120	114	0.839125
120	116	1.06349
120	123	1.34545
120	128	0.850006
120	150	0.826273
120	152	1.56036
120	156	1.60316
120	165	1.38891
120	173	1.22653
120	175	1.42324
121	15	1.27002
121	35	0.862173
121	38	0.858981
121	52	0.837634
121	66	1.08881
121	83	0.984049
121	100	0.88336
121	119	1.38237
121	124	1.23379
121	135	0.878361
121	136	0.870968
121	140	0.899345
121	146	0.86861
121	147	0.908677
121	148	0.850717
121	149	0.890403
121	151	0.872592
121	160	1.30745
121	164	0.915026
121	167	1.39822
121	169	0.869319
121	170	0.871611
121	172	0.891108
121	174	1.34221
121	178	0.971116
122	8	0.914746
122	49	0.848378
122	57	0.915673
122	59	1.01682
122	60	0.843616
122	68	1.22409
122	78	0.852571
122	81	0.852571
122	87	0.832827
122	90	0.920482
122	91	0.832827
122	94	0.838769
122	104	0.893148
122	109	0.837627
122	117	0.857876
122	124	1.24011
122	132	1.28104
122	159	1.2487
122	163	1.26835
122	168	1.25509
122	171	0.860452
122	173	0.925537
122	175	1.2624
122	178	0.956078
122	179	1.23389
123	19	1.21773
123	48	1.3182
123	65	0.820634
123	81	1.33069
123	95	1.45405
123	96	1.04795
123	99	0.833856
123	114	1.30608
123	120	1.34545
123	126	0.924205
123	130	0.879309
123	139	0.860149
123	141	0.896824
123	145	0.871949
123	152	0.86681
123	156	0.859066
123	158	0.88302
123	159	0.896138
123	164	0.910343
123	168	0.900349
123	173	0.935891
123	174	0.884268
123	175	0.891771
123	178	0.97835
123	180	0.885419
124	63	0.932332
124	70	1.68493
124	75	1.10373
124	83	1.11476
124	84	0.844266
124	94	0.846798
124	110	1.11554
124	118	0.873233
124	119	0.878816
124	121	1.23379
124	122	1.24011
124	130	1.28094
124	141	0.894498
124	143	0.889697
124	156	0.85674
124	159	0.893812
124	160	0.890936
124	161	0.885244
124	162	0.887298
124	163	0.884691
124	172	1.22388
124	174	0.881942
124	175	0.889445
124	176	0.887159
124	180	0.883093
125	17	1.35461
125	26	0.839294
125	39	0.827579
125	73	0.823669
125	92	0.804808
125	100	1.44828
125	108	0.860523
125	109	1.59898
125	119	0.826966
125	142	0.836539
125	146	1.44555
125	154	0.832505
125	160	0.839086
125	161	0.833394
125	163	0.832841
125	167	0.825943
125	168	0.846174
125	169	1.48439
125	171	1.46362
125	174	0.830093
125	175	0.837595
125	176	0.835309
125	177	0.836438
125	178	1.19849
125	180	0.831243
126	2	0.818951
126	10	0.822152
126	17	0.915125
126	30	1.28655
126	39	0.887451
126	53	0.945691
126	65	0.826331
126	67	1.10279
126	77	0.880673
126	99	0.839553
126	115	0.874346
126	118	1.41795
126	123	0.924205
126	128	1.1868
126	130	0.885006
126	133	0.924224
126	138	1.20557
126	139	0.865846
126	145	0.877646
126	151	1.25781
126	153	0.908045
126	154	1.22766
126	158	0.888717
126	164	0.91604
126	176	1.31603
127	16	1.26537
127	84	0.82887
127	95	1.5325
127	107	1.21312
127	108	0.896976
127	111	0.840286
127	112	1.292
127	131	0.864995
127	148	1.44459
127	152	0.849089
127	154	0.868958
127	155	0.844012
127	156	0.841344
127	159	0.878416
127	160	0.875539
127	161	0.869848
127	162	0.871902
127	169	1.3427
127	172	1.24683
127	173	0.91817
127	174	0.866546
127	176	0.871763
127	177	0.872891
127	178	1.0568
127	179	0.872697
127	180	0.867697
128	9	0.933823
128	11	0.790866
128	24	0.863652
128	29	0.783038
128	45	1.41338
128	54	1.1183
128	64	0.916328
128	68	1.30701
128	71	0.900757
128	74	0.936535
128	76	0.865174
128	80	0.855427
128	83	0.915174
128	85	0.827793
128	88	0.832119
128	102	0.854073
128	107	0.877843
128	112	0.885801
128	114	0.862222
128	120	0.850006
128	126	1.1868
128	132	1.36396
128	144	1.25537
128	150	0.84937
128	162	1.41187
128	163	1.35127
129	2	0.794984
129	10	0.798185
129	16	0.881148
129	17	0.891158
129	20	1.38809
129	33	0.852744
129	51	0.830389
129	65	0.802364
129	70	0.800383
129	86	1.49304
129	92	0.840713
129	97	0.894924
129	99	0.815586
129	115	0.850379
129	130	0.861039
129	133	0.900257
129	145	0.853679
129	153	0.884078
129	154	1.39044
129	157	0.891165
129	158	0.86475
129	164	0.892073
129	165	1.37902
129	173	1.21664
129	177	1.44232
129	178	1.0604
129	180	1.43684
130	16	0.860218
130	17	0.870229
130	26	1.37602
130	49	1.27902
130	51	0.80946
130	53	0.900794
130	70	0.779453
130	77	0.835776
130	84	1.61518
130	88	1.38495
130	97	0.873995
130	115	0.82945
130	123	0.879309
130	124	1.28094
130	126	0.885006
130	129	0.861039
130	133	0.879327
130	139	0.820949
130	145	0.832749
130	153	0.863148
130	157	0.870236
130	158	0.84382
130	164	0.871143
130	166	0.833899
130	169	1.23618
130	175	1.30323
130	180	1.32673
131	86	0.830321
131	101	0.898675
131	107	1.3317
131	118	0.839767
131	127	0.864995
131	136	1.44135
131	142	0.854923
131	143	0.856231
131	147	1.37099
131	149	1.26806
131	152	0.831019
131	153	1.41779
131	155	0.825943
131	156	0.823274
131	157	1.41738
131	159	0.860346
131	160	0.85747
131	162	0.853832
131	163	0.851225
131	167	0.844327
131	172	1.36541
131	173	0.9001
131	174	0.848476
131	177	0.854822
131	178	1.17537
131	179	0.854627
131	180	0.849627
132	23	0.866977
132	33	1.4485
132	41	0.856683
132	49	1.40351
132	75	1.14466
132	85	1.47178
132	93	0.875751
132	115	1.41991
132	122	1.28104
132	128	1.36396
132	137	0.835495
132	142	0.854884
132	143	0.856192
132	152	0.83098
132	154	0.850849
132	155	0.825904
132	159	0.860308
132	160	0.857431
132	163	0.851186
132	167	0.844288
132	168	0.864519
132	172	1.26481
132	175	0.85594
132	176	0.853654
132	177	0.854783
132	179	0.854589
132	180	0.849588
133	2	0.813272
133	10	0.816473
133	14	0.961456
133	16	0.899436
133	23	1.21318
133	33	0.871032
133	43	0.97573
133	65	0.820653
133	80	1.18718
133	92	0.859001
133	106	1.23323
133	108	1.22558
133	111	1.41565
133	115	0.868668
133	126	0.924224
133	129	0.900257
133	130	0.879327
133	139	0.860167
133	145	0.871967
133	153	0.902366
133	156	1.37834
133	157	0.909454
133	158	0.883038
133	160	1.2498
133	162	1.26498
133	164	0.910361
133	166	0.873117
133	172	1.03551
134	8	1.25101
134	23	0.857433
134	25	1.19148
134	44	1.52823
134	49	1.56651
134	53	1.3133
134	79	0.837079
134	96	0.865789
134	104	1.35764
134	118	0.830184
134	146	0.818552
134	147	0.858619
134	150	1.43997
134	151	0.822534
134	156	0.813691
134	157	0.864061
134	158	1.54849
134	160	0.847886
134	161	0.842195
134	162	0.844249
134	165	0.858755
134	169	0.819261
134	170	0.821553
134	171	0.825432
134	172	0.84105
134	175	0.846396
134	177	0.845238
134	180	0.840044
135	37	1.03999
135	42	1.55286
135	45	0.823505
135	50	1.62464
135	52	0.78812
135	75	0.916089
135	78	1.39707
135	82	0.841632
135	96	0.866333
135	98	0.865573
135	100	0.833846
135	117	1.42904
135	121	0.878361
135	136	0.821454
135	146	0.819095
135	147	0.859162
135	148	0.801203
135	151	0.823078
135	162	1.50658
135	164	0.865512
135	165	0.859299
135	166	0.828268
135	169	0.819805
135	170	0.822097
135	171	0.825976
135	172	0.841594
135	173	1.24333
135	179	1.41153
136	12	1.61967
136	40	0.823562
136	52	0.780727
136	55	0.881468
136	68	1.28381
136	75	0.908697
136	82	0.834239
136	96	0.858941
136	100	0.826453
136	110	0.859496
136	121	0.870968
136	131	1.44135
136	135	0.821454
136	139	1.49203
136	140	0.842438
136	144	1.23217
136	146	0.811703
136	147	0.85177
136	149	0.833497
136	151	0.815685
136	156	1.50203
136	157	0.857212
136	165	0.851906
136	166	0.820875
136	168	1.31481
136	170	0.814704
136	172	0.834202
136	175	1.32212
137	19	1.42805
137	86	0.818929
137	87	1.48209
137	89	0.878049
137	91	1.48026
137	97	1.37391
137	105	0.857181
137	106	0.859377
137	107	1.345
137	111	0.810824
137	116	1.18187
137	119	0.833958
137	132	0.835495
137	142	0.843531
137	152	0.819627
137	153	1.43109
137	155	0.814551
137	156	0.811883
137	160	0.846078
137	167	0.832935
137	169	1.47457
137	173	0.888708
137	174	0.837084
137	175	0.844587
137	176	0.842301
137	177	0.84343
137	179	0.843236
137	180	0.838235
138	9	1.165
138	19	1.25053
138	34	0.857242
138	36	0.952733
138	73	0.869915
138	89	0.917303
138	94	0.841194
138	102	1.31158
138	103	0.916043
138	107	1.16747
138	117	1.3531
138	126	1.20557
138	142	0.882785
138	144	0.904686
138	147	1.20677
138	150	1.21335
138	154	0.87875
138	156	0.851136
138	158	1.32187
138	159	0.888209
138	160	0.885332
138	161	0.87964
138	167	0.872189
138	174	0.876338
138	175	0.883841
138	177	0.882684
138	179	0.88249
138	180	0.877489
139	16	0.841058
139	17	0.851069
139	25	1.17976
139	33	0.812654
139	50	0.796626
139	51	0.7903
139	53	0.881634
139	65	0.762275
139	77	0.816616
139	97	0.854835
139	99	0.775496
139	102	1.52648
139	105	1.45885
139	113	1.38257
139	115	0.81029
139	123	0.860149
139	126	0.865846
139	130	0.820949
139	133	0.860167
139	136	1.49203
139	142	1.58051
139	145	0.813589
139	153	0.843988
139	157	0.851076
139	158	0.82466
139	164	0.851983
139	166	0.814739
139	173	1.38229
139	180	1.6025
140	4	0.900703
140	7	0.904437
140	38	0.830451
140	40	0.851938
140	75	0.937073
140	82	0.862616
140	86	1.40176
140	90	1.11167
140	100	0.85483
140	101	1.13072
140	110	0.887873
140	121	0.899345
140	136	0.842438
140	143	1.43413
140	146	0.840079
140	148	0.822187
140	149	0.861873
140	157	0.885588
140	162	1.38862
140	165	0.880283
140	166	0.849252
140	169	0.840789
140	170	0.843081
140	172	0.862578
140	173	1.12536
140	175	1.32207
140	177	1.35104
140	178	0.942586
140	180	1.34556
141	4	1.27941
141	22	1.13504
141	37	1.08724
141	57	1.22237
141	61	1.28058
141	102	1.43477
141	105	0.882679
141	111	0.836323
141	119	0.859457
141	123	0.896824
141	124	0.894498
141	143	0.870338
141	144	0.890931
141	150	1.33653
141	152	0.845126
141	153	1.37676
141	156	0.837381
141	162	0.867939
141	163	0.865332
141	166	1.44201
141	167	0.858434
141	168	0.878665
141	173	0.914207
141	174	0.862583
141	175	0.870086
141	176	0.8678
141	177	0.868929
141	179	0.868734
141	180	0.863734
142	7	1.20009
142	24	1.32609
142	52	1.56476
142	63	0.906864
142	86	0.838318
142	93	0.883787
142	97	1.24288
142	104	1.17751
142	106	0.878766
142	111	0.830213
142	118	0.847764
142	125	0.836539
142	131	0.854923
142	132	0.854884
142	137	0.843531
142	138	0.882785
142	139	1.58051
142	148	1.44543
142	154	0.858885
142	155	0.83394
142	156	0.831271
142	164	1.20967
142	167	0.852324
142	172	1.24768
142	174	0.856473
142	175	0.863976
142	176	0.86169
142	177	0.862819
142	179	0.862625
142	180	0.857624
143	1	0.801132
143	20	0.870218
143	22	1.1689
143	37	1.1211
143	39	0.855268
143	74	1.1867
143	83	1.24911
143	84	0.820105
143	105	0.877878
143	113	1.32472
143	124	0.889697
143	131	0.856231
143	132	0.856192
143	140	1.43413
143	141	0.870338
143	148	1.55599
143	154	0.860194
143	155	0.835248
143	156	0.83258
