1	9	0.910234
1	90	0.95428
1	101	0.930994
1	110	0.936937
1	127	0.966586
1	148	1.3422
1	156	0.880764
1	157	0.945003
1	162	0.943404
1	171	0.931728
1	173	1.09172
1	180	1.99438
2	21	2.09549
2	105	0.848902
2	106	0.85078
2	108	1.94823
2	129	0.8551
2	131	0.846548
2	153	0.847501
2	157	0.842455
2	162	0.840856
2	168	0.795627
2	171	0.82918
2	172	0.8471
3	96	0.829912
3	102	0.8219
3	124	0.877063
3	132	0.849694
3	136	2.12626
3	141	0.847631
3	146	0.835846
3	154	0.856719
3	159	0.85702
3	160	0.848209
3	165	2.05263
3	175	0.774411
4	7	0.892978
4	87	0.848373
4	125	1.79758
4	140	0.834894
4	144	0.825662
4	150	0.821025
4	151	0.822777
4	155	0.841166
4	159	0.842869
4	160	0.834057
4	171	2.37496
4	172	0.837355
5	19	0.812703
5	48	0.877826
5	49	0.798338
5	108	1.45404
5	117	0.852926
5	144	0.842073
5	145	0.870866
5	155	0.857577
5	158	2.75383
5	159	0.859279
5	172	0.853766
5	175	0.77667
6	34	0.85991
6	110	1.35812
6	116	1.73317
6	126	0.823532
6	161	0.859029
6	164	0.824902
6	165	0.880354
6	173	0.853198
6	174	0.866882
6	178	0.824519
6	179	0.805128
6	180	0.802493
7	4	0.892978
7	22	0.968738
7	101	1.14801
7	132	0.931883
7	141	0.92982
7	145	0.950796
7	147	1.79324
7	151	0.919118
7	154	0.938909
7	160	0.930398
7	164	1.56858
7	172	0.933696
8	154	0.869996
8	157	1.07688
8	160	0.801172
8	165	0.98933
8	167	0.949624
8	170	0.890904
8	173	0.962175
8	176	0.922291
8	177	0.933251
8	178	0.933495
8	179	0.914104
8	180	0.911469
9	1	0.910234
9	13	3.6
9	31	0.624551
9	118	0.881359
9	131	0.838107
9	133	0.832535
9	136	0.842555
9	153	0.83906
9	156	0.769775
9	157	0.834013
9	162	0.832414
9	171	0.820738
10	29	0.905624
10	106	0.821499
10	135	0.769073
10	142	1.22604
10	146	0.955454
10	155	0.974926
10	163	0.967449
10	170	0.883752
10	172	0.971115
10	176	0.915139
10	178	0.926344
10	180	0.904317
11	52	0.866077
11	75	0.82718
11	115	0.858882
11	119	0.842896
11	125	1.39108
11	133	0.845109
11	140	0.848772
11	150	0.834902
11	159	0.856746
11	160	0.847934
11	175	0.774137
11	180	2.77749
12	68	1.74494
12	89	0.93674
12	90	0.952938
12	110	0.935596
12	126	1.52667
12	142	0.936516
12	157	0.943661
12	162	0.942063
12	164	0.903918
12	168	0.896833
12	172	0.948307
12	174	1.18612
13	9	3.6
13	92	0.720775
13	139	0.824868
13	165	0.811417
13	167	0.771711
13	170	0.712991
13	173	0.784261
13	174	0.797946
13	177	0.755338
13	178	0.755582
13	179	0.736191
13	180	0.733556
14	20	0.793269
14	32	0.88796
14	35	0.871501
14	58	0.830842
14	63	0.829358
14	72	0.88457
14	76	0.818199
14	80	0.806685
14	93	0.83022
14	109	0.852455
14	166	1.60759
14	180	2.56441
15	42	0.853514
15	51	0.928973
15	76	0.816412
15	80	0.804898
15	93	0.828434
15	123	0.880726
15	146	0.828708
15	159	0.849883
15	160	0.841071
15	171	1.94055
15	175	0.767273
15	178	2.23084
16	64	0.907575
16	65	0.900921
16	70	0.957309
16	105	0.912519
16	106	0.914397
16	137	0.901543
16	153	0.911118
16	157	0.906071
16	162	0.904473
16	163	1.2879
16	169	1.1965
16	171	0.892797
16	179	2.25671
17	57	0.928951
17	115	1.26326
17	120	0.951736
17	135	0.851506
17	165	0.951931
17	167	0.912225
17	173	0.924775
17	174	0.938459
17	176	0.884892
17	177	0.895852
17	178	0.896096
17	179	0.876705
17	180	0.87407
18	35	0.940956
18	42	0.924755
18	76	0.887654
18	77	1.50617
18	86	0.918171
18	93	0.899675
18	137	0.906437
18	139	0.841437
18	142	0.903819
18	162	0.909366
18	171	0.89769
18	172	0.91561
18	175	2.40095
19	5	0.812703
19	44	2.28392
19	52	0.851856
19	91	0.84047
19	97	0.825279
19	115	0.84466
19	119	0.828674
19	132	0.835198
19	151	0.822433
19	155	0.840822
19	159	0.842524
19	174	2.17759
19	175	0.759915
20	14	0.793269
20	41	0.838916
20	51	0.90979
20	55	0.8257
20	58	0.809873
20	63	0.808389
20	72	0.8636
20	80	0.785715
20	86	0.827747
20	93	0.809251
20	109	0.831485
20	156	2.73443
20	166	1.75599
21	2	2.09549
21	32	1.62893
21	138	0.856623
21	163	0.855004
21	165	0.869734
21	167	0.830028
21	173	0.842579
21	174	0.856263
21	175	0.781575
21	177	0.813655
21	178	0.813899
21	179	0.794508
21	180	0.791873
22	7	0.968738
22	29	0.847624
22	34	1.39154
22	113	0.889474
22	133	0.906991
22	141	0.909239
22	144	0.901422
22	145	0.930215
22	154	0.918327
22	159	0.918628
22	160	0.909817
22	164	1.60946
22	168	1.75452
23	61	1.45571
23	65	1.13479
23	100	0.927531
23	122	0.976243
23	152	0.952041
23	154	0.546217
23	166	0.924763
23	169	0.939257
23	176	0.876401
23	177	0.887361
23	178	0.887605
23	179	0.868214
23	180	0.865579
24	118	1.22011
24	122	0.979991
24	125	0.941865
24	131	1.03617
24	145	0.825977
24	163	0.932457
24	167	0.907481
24	168	0.88465
24	174	0.933716
24	177	0.891108
24	178	0.891352
24	179	0.871961
24	180	0.869326
25	33	3.4689
25	138	0.793185
25	147	0.75343
25	152	0.814898
25	167	0.766591
25	170	0.707871
25	173	0.779141
25	174	0.792826
25	176	0.739258
25	177	0.750218
25	178	0.750462
25	179	0.731071
25	180	0.728436
26	48	0.963245
26	55	1.23539
26	126	0.903928
26	128	0.916074
26	150	0.926435
26	164	0.905298
26	167	0.921044
26	173	0.933594
26	174	0.947279
26	177	0.904671
26	178	0.904915
26	179	0.885524
26	180	0.882889
27	43	1.70509
27	116	0.864688
27	126	0.814202
27	144	1.59681
27	148	0.838456
27	157	0.855315
27	162	0.853716
27	164	0.815572
27	171	0.84204
27	177	0.814945
27	178	0.815189
27	179	0.795798
27	180	0.793163
28	52	1.31374
28	61	1.53446
28	70	0.352119
28	99	0.901942
28	138	0.941858
28	163	0.940239
28	166	0.936293
28	174	0.941498
28	176	0.88793
28	177	0.89889
28	178	0.899134
28	179	0.879743
28	180	0.877108
29	10	0.905624
29	22	0.847624
29	38	0.839244
29	69	0.79287
29	71	0.858542
29	94	1.87607
29	132	0.81077
29	140	0.810122
29	141	0.808706
29	146	0.796922
29	159	0.818096
29	161	2.5591
29	172	0.812582
30	89	0.907334
30	105	0.920703
30	107	1.96385
30	116	0.923629
30	131	0.91835
30	142	0.90711
30	143	0.608851
30	153	0.919302
30	157	0.914256
30	158	0.86187
30	162	0.912657
30	172	0.918901
30	175	2.16883
31	9	0.624551
31	112	0.917439
31	127	1.38424
31	144	0.931617
31	150	0.92698
31	154	0.948522
31	160	0.940012
31	162	1.35009
31	176	0.887334
31	177	0.898294
31	178	0.898538
31	179	0.879147
31	180	0.876512
32	14	0.88796
32	21	1.62893
32	41	0.933606
32	55	0.920391
32	58	0.904564
32	59	1.5741
32	63	0.90308
32	72	0.958291
32	76	0.89192
32	80	0.880406
32	86	0.922438
32	93	0.903942
32	122	1.16031
33	25	3.4689
33	56	0.904926
33	96	0.898884
33	112	0.894608
33	113	0.896837
33	117	0.919638
33	132	0.918665
33	144	0.908785
33	145	0.937578
33	146	0.904817
33	158	0.613166
33	167	0.433765
33	172	0.920478
34	6	0.85991
34	22	1.39154
34	95	0.817796
34	129	2.24359
34	166	0.861079
34	170	0.78133
34	173	0.852601
34	174	0.866285
34	176	0.812717
34	177	0.823677
34	178	0.823921
34	179	0.80453
34	180	0.801895
35	14	0.871501
35	18	0.940956
35	51	0.988022
35	55	0.903932
35	58	0.888105
35	72	0.941832
35	80	0.863948
35	86	0.905979
35	93	0.887483
35	109	0.909717
35	136	1.29099
35	152	1.27146
35	168	2.19209
36	53	2.11239
36	88	0.902422
36	89	0.881813
36	106	0.89706
36	116	0.898107
36	129	0.90138
36	135	0.886486
36	137	0.884206
36	142	0.881589
36	153	0.893781
36	162	0.887135
36	165	1.3421
36	172	0.893379
36	173	1.58138
37	95	0.876822
37	118	1.10289
37	137	1.10965
37	157	1.18511
37	161	0.917457
37	168	0.876245
37	169	0.9346
37	173	0.911627
37	174	0.925311
37	176	0.871743
37	177	0.882703
37	178	0.882947
37	179	0.863556
37	180	0.860921
38	29	0.839244
38	97	0.893002
38	102	0.875127
38	124	0.930291
38	125	1.39094
38	136	1.70903
38	140	0.902274
38	141	0.900858
38	154	0.909947
38	155	0.908546
38	159	0.910248
38	160	0.901436
38	171	1.96832
38	175	0.827639
39	40	0.909887
39	48	0.911517
39	69	0.867744
39	85	0.900627
39	113	0.863815
39	119	0.87912
39	121	1.80329
39	123	0.923814
39	138	1.15866
39	145	0.904557
39	147	2.12896
39	151	0.872879
39	160	0.884158
39	172	0.887456
40	39	0.909887
40	68	1.14815
40	73	0.881916
40	112	0.874633
40	114	0.883777
40	141	0.896627
40	146	0.884842
40	150	0.884173
40	153	0.900904
40	159	0.906017
40	162	0.894259
40	170	2.44628
40	171	0.882583
40	179	1.494
41	20	0.838916
41	32	0.933606
41	42	0.900947
41	51	0.976406
41	55	0.892316
41	63	0.875005
41	76	0.863846
41	80	0.852332
41	86	0.894363
41	93	0.875867
41	109	0.898101
41	120	1.12885
41	148	1.70611
41	168	2.19108
42	15	0.853514
42	18	0.924755
42	41	0.900947
42	51	0.971822
42	55	0.887731
42	58	0.871904
42	72	0.925632
42	76	0.859261
42	80	0.847747
42	86	0.889778
42	93	0.871282
42	121	1.33637
42	168	1.58245
42	175	2.16042
43	27	1.70509
43	95	1.89346
43	132	0.892195
43	140	0.891547
43	141	0.890132
43	144	0.882315
43	150	0.877678
43	151	0.87943
43	154	0.89922
43	155	0.897819
43	159	0.899521
43	160	0.89071
43	172	0.894008
43	173	1.1663
44	19	2.28392
44	125	0.847251
44	135	1.64236
44	152	0.861174
44	163	0.837843
44	165	0.852573
44	167	0.812868
44	173	0.825418
44	174	0.839102
44	176	0.785534
44	177	0.796494
44	178	0.796738
44	179	0.777347
44	180	0.774712
45	52	1.68097
45	77	0.919021
45	79	0.977129
45	118	1.11685
45	126	0.88046
45	144	0.642224
45	170	0.838855
45	173	0.910126
45	174	0.92381
45	176	0.870242
45	177	0.881203
45	178	0.881447
45	179	0.862056
45	180	0.859421
46	74	0.888727
46	84	2.85792
46	106	0.914754
46	109	1.12715
46	129	0.919074
46	137	0.901901
46	142	0.899283
46	152	1.07236
46	153	0.911475
46	156	0.84219
46	157	0.906429
46	158	0.854043
46	162	0.90483
46	168	0.8596
47	74	2.03954
47	110	1.64222
47	128	0.815282
47	152	0.86856
47	165	0.859958
47	169	0.855776
47	170	0.761532
47	173	0.832803
47	174	0.846487
47	176	0.792919
47	177	0.80388
47	178	0.804124
47	179	0.784733
47	180	0.782098
48	5	0.877826
48	26	0.963245
48	39	0.911517
48	119	0.893797
48	140	0.899673
48	150	0.885803
48	151	0.887556
48	154	0.907346
48	159	0.907647
48	160	0.898835
48	171	1.94615
48	172	0.902133
48	173	1.85252
48	175	0.825038
49	5	0.798338
49	97	0.810913
49	112	0.796775
49	115	0.830295
49	117	0.821806
49	130	2.37455
49	144	0.810953
49	145	0.839746
49	150	0.806315
49	151	0.808068
49	155	0.826457
49	159	0.828159
49	165	2.38212
49	172	0.822645
50	89	0.878226
50	114	0.873066
50	116	0.89452
50	122	1.27069
50	131	0.889241
50	139	1.64251
50	142	0.878002
50	153	0.890194
50	156	0.820909
50	157	0.885147
50	162	0.883549
50	164	0.845405
50	171	0.871873
50	172	0.889793
50	177	2.36885
51	15	0.928973
51	20	0.90979
51	35	0.988022
51	41	0.976406
51	42	0.971822
51	58	0.947364
51	62	1.98958
51	63	0.94588
51	72	1.00109
51	80	0.923206
51	83	1.12499
51	86	0.965238
51	93	0.946742
51	111	0.760326
51	176	1.64939
52	11	0.866077
52	19	0.851856
52	28	1.31374
52	45	1.68097
52	102	0.863311
52	119	0.884581
52	120	1.76999
52	132	0.891105
52	140	0.890457
52	150	0.876588
52	151	0.87834
52	154	0.89813
52	160	0.88962
52	172	0.892918
52	175	0.815823
53	36	2.11239
53	100	0.837617
53	133	2.11219
53	148	0.820957
53	165	0.853525
53	166	0.834849
53	168	0.790988
53	169	0.849343
53	170	0.755099
53	173	0.82637
53	176	0.786486
53	177	0.797447
53	178	0.797691
53	179	0.7783
53	180	0.775665
54	105	1.41596
54	118	1.23053
54	126	0.860804
54	143	0.938332
54	152	0.926228
54	163	0.902897
54	166	0.89895
54	170	0.8192
54	172	1.06949
54	174	0.904155
54	176	0.850587
54	177	0.861548
54	178	0.861792
54	179	0.8424
54	180	0.839766
55	20	0.8257
55	26	1.23539
55	32	0.920391
55	35	0.903932
55	41	0.892316
55	42	0.887731
55	58	0.863273
55	63	0.861789
55	72	0.917001
55	76	0.85063
55	80	0.839116
55	81	1.2813
55	86	0.881147
55	93	0.862651
55	178	2.50859
56	33	0.904926
56	96	0.840927
56	97	0.850789
56	117	0.861681
56	124	0.888078
56	141	0.858645
56	144	0.850828
56	146	0.84686
56	150	0.846191
56	151	0.847943
56	154	0.867733
56	155	0.866333
56	159	0.868035
56	163	1.54065
56	166	1.60264
56	179	2.50946
57	17	0.928951
57	75	0.847114
57	101	1.8353
57	112	0.845296
57	115	0.878816
57	132	0.869354
57	141	0.867291
57	145	0.888267
57	150	0.854837
57	151	0.856589
57	154	0.876379
57	155	0.874978
57	158	2.66873
57	159	0.87668
57	160	0.867868
57	175	0.794071
58	14	0.830842
58	20	0.809873
58	32	0.904564
58	35	0.888105
58	42	0.871904
58	51	0.947364
58	55	0.863273
58	63	0.845962
58	76	0.834803
58	80	0.823289
58	86	0.86532
58	93	0.846824
58	109	0.869059
58	121	1.93637
58	156	2.37128
58	174	1.39499
59	32	1.5741
59	112	0.862418
59	133	0.882165
59	140	0.885828
59	144	0.876596
59	145	0.905389
59	153	1.26217
59	155	0.8921
59	162	1.42838
59	169	0.89517
59	173	0.872196
59	175	0.811193
59	176	0.832313
59	178	0.843517
59	179	0.824126
59	180	0.821491
60	106	2.27248
60	130	0.822864
60	152	0.851655
60	164	0.787601
60	165	0.843053
60	166	0.824377
60	167	0.803348
60	170	0.744627
60	172	2.00362
60	173	0.815898
60	174	0.829582
60	176	0.776014
60	177	0.786975
60	178	0.787219
60	179	0.767827
60	180	0.765192
61	23	1.45571
61	28	1.53446
61	70	0.907049
61	88	0.8695
61	90	0.865089
61	110	0.847746
61	116	0.865184
61	129	0.868457
61	131	0.859905
61	135	0.853564
61	137	0.851284
61	139	2.07139
61	142	0.848666
61	153	0.860858
61	157	0.855812
61	162	0.854213
62	51	1.98958
62	118	2.56511
62	128	0.797252
62	143	0.862634
62	147	0.789061
62	152	0.850529
62	161	0.820603
62	166	0.823251
62	170	0.743502
62	173	0.814773
62	174	0.828457
62	176	0.774889
62	177	0.785849
62	178	0.786093
62	179	0.766702
62	180	0.764067
63	14	0.829358
63	20	0.808389
63	32	0.90308
63	41	0.875005
63	51	0.94588
63	55	0.861789
63	58	0.845962
63	72	0.89969
63	76	0.833319
63	80	0.821805
63	86	0.863837
63	93	0.84534
63	109	0.867575
63	139	1.40199
63	171	1.74172
63	179	2.50074
64	16	0.907575
64	92	0.795353
64	103	1.77531
64	126	2.17899
64	127	0.89187
64	129	0.882932
64	133	0.868808
64	135	0.868038
64	137	0.865758
64	157	0.870286
64	158	0.8179
64	162	0.868687
64	164	0.830543
64	165	1.65118
64	171	0.857011
64	172	0.874931
65	16	0.900921
65	23	1.13479
65	73	0.84969
65	106	0.871958
65	114	0.851551
65	116	0.873005
65	129	0.876278
65	131	0.867726
65	137	0.859104
65	138	1.8413
65	142	0.856487
65	157	0.863632
65	162	0.862033
65	164	0.823889
65	171	0.850357
65	178	2.38048
66	102	0.834399
66	113	0.840365
66	114	1.60582
66	115	0.871655
66	119	0.855669
66	124	0.889563
66	130	1.44593
66	141	0.86013
66	144	0.852313
66	145	0.881106
66	146	0.848345
66	154	0.869218
66	155	0.867817
66	159	0.869519
66	160	0.860708
66	180	2.59545
67	71	0.920591
67	132	0.872818
67	136	0.878528
67	141	0.870755
67	142	0.86284
67	144	0.862938
67	146	0.85897
67	155	0.878443
67	157	0.869985
67	162	0.868387
67	164	0.830243
67	166	1.38776
67	168	0.823157
67	175	0.797536
67	177	1.92216
67	180	2.34458
68	12	1.74494
68	40	1.14815
68	70	1.64195
68	107	0.832451
68	148	0.870672
68	149	0.916637
68	161	0.881915
68	166	0.884563
68	169	0.899057
68	170	0.804813
68	173	0.876084
68	174	0.889768
68	177	0.847161
68	178	0.847405
68	179	0.828014
68	180	0.825379
69	29	0.79287
69	39	0.867744
69	96	0.836766
69	112	0.83249
69	117	0.857521
69	125	1.43576
69	140	0.8559
69	141	0.854485
69	145	0.875461
69	146	0.8427
69	150	0.842031
69	154	0.863573
69	159	0.863874
69	160	0.855062
69	166	1.86534
69	168	2.65495
69	172	0.858361
70	16	0.957309
70	28	0.352119
70	61	0.907049
70	68	1.64195
70	88	0.933707
70	89	0.913098
70	114	0.907938
70	127	0.941603
70	129	0.932665
70	131	0.924113
70	135	0.917771
70	156	0.855781
70	157	0.920019
70	162	0.918421
70	167	1.64646
70	168	0.873191
70	180	2.0378
71	29	0.858542
71	67	0.920591
71	102	0.894426
71	119	0.915696
71	124	0.94959
71	144	0.91234
71	146	0.908372
71	149	1.18431
71	150	0.907703
71	154	0.929245
71	155	0.927844
71	159	0.929546
71	160	0.920735
71	166	1.34889
71	167	1.91437
71	172	0.924033
71	178	1.78698
72	14	0.88457
72	20	0.8636
72	32	0.958291
72	35	0.941832
72	42	0.925632
72	51	1.00109
72	55	0.917001
72	63	0.89969
72	76	0.88853
72	80	0.877016
72	86	0.919048
72	93	0.900552
72	109	0.922786
72	136	1.45427
72	161	1.51557
72	171	1.71355
72	174	1.56791
73	40	0.881916
73	65	0.84969
73	92	0.779907
73	116	0.864213
73	118	0.902186
73	125	1.76232
73	127	0.876424
73	129	0.867486
73	133	0.853362
73	153	0.859887
73	157	0.85484
73	158	0.802455
73	163	2.12993
73	168	0.808012
73	169	2.03852
73	171	0.841566
73	172	0.859486
74	46	0.888727
74	47	2.03954
74	88	0.864769
74	110	0.843015
74	118	0.898426
74	127	0.872664
74	129	0.863726
74	133	0.849603
74	135	0.848833
74	137	0.846553
74	142	0.843935
74	143	1.67909
74	156	0.786842
74	157	0.851081
74	158	0.798695
74	162	0.849482
74	173	1.92565
75	11	0.82718
75	57	0.847114
75	113	0.83038
75	115	0.86167
75	122	1.58405
75	124	0.879577
75	141	0.850145
75	144	0.842328
75	146	0.83836
75	151	0.839443
75	154	0.859233
75	155	0.857832
75	159	0.859534
75	160	0.850723
75	161	2.09761
75	172	0.854021
75	173	2.20196
76	14	0.818199
76	15	0.816412
76	18	0.887654
76	32	0.89192
76	41	0.863846
76	42	0.859261
76	55	0.85063
76	58	0.834803
76	63	0.833319
76	72	0.88853
76	80	0.810646
76	86	0.852677
76	93	0.834181
76	109	0.856415
76	158	2.2463
76	174	1.19105
76	175	2.55648
77	18	1.50617
77	45	0.919021
77	96	1.73131
77	101	0.852222
77	145	1.55715
77	161	0.860615
77	166	0.863263
77	169	0.877758
77	170	0.783514
77	171	0.852956
77	173	0.854784
77	174	0.868469
77	175	0.793781
77	176	0.814901
77	177	0.825861
77	178	0.826105
77	179	0.806714
77	180	0.804079
78	117	2.34094
78	139	0.839457
78	149	0.839403
78	156	0.746058
78	157	2.49456
78	163	0.811276
78	165	0.826006
78	167	0.7863
78	169	0.821823
78	170	0.727579
78	171	0.797022
78	173	0.79885
78	174	0.812534
78	176	0.758967
78	177	0.769927
78	178	0.770171
78	179	0.75078
78	180	0.748145
79	45	0.977129
79	95	0.878087
79	129	1.2914
79	137	0.959689
79	140	1.20274
79	143	0.960753
79	147	0.887181
79	149	0.953444
79	159	0.825883
79	161	0.918723
79	170	0.841621
79	173	0.912892
79	174	0.926576
79	175	0.851888
79	177	0.883969
79	178	0.884213
79	179	0.864821
79	180	0.862186
80	14	0.806685
80	15	0.804898
80	20	0.785715
80	32	0.880406
80	35	0.863948
80	41	0.852332
80	42	0.847747
80	51	0.923206
80	55	0.839116
80	58	0.823289
80	63	0.821805
80	72	0.877016
80	76	0.810646
80	86	0.841163
80	93	0.822667
80	149	1.72041
80	169	1.73161
80	179	2.79181
81	55	1.2813
81	86	1.09256
81	126	0.883318
81	129	1.02775
81	142	1.20165
81	143	0.960846
81	152	0.948741
81	161	0.918815
81	166	0.921464
81	167	0.900435
81	169	0.935958
81	170	0.841714
81	174	0.926669
81	176	0.873101
81	177	0.884061
81	178	0.884305
81	179	0.864914
81	180	0.862279
82	105	0.898162
82	116	0.901088
82	118	0.939061
82	127	0.913299
82	130	1.61641
82	133	0.890237
82	135	0.889467
82	136	0.900257
82	137	0.887187
82	142	0.88457
82	149	1.64452
82	153	0.896762
82	158	0.839329
82	162	0.890116
82	163	1.74712
82	164	0.851972
82	168	0.844887
82	171	0.87844
82	174	1.81126
83	51	1.12499
83	100	0.851536
83	107	0.796656
83	108	0.879213
83	126	0.810623
83	127	1.83451
83	130	0.847255
83	134	0.86779
83	139	0.880895
83	142	2.21288
83	161	0.84612
83	166	0.848768
83	167	0.827739
83	173	0.840289
83	176	0.800406
83	177	0.811366
83	178	0.81161
83	179	0.792219
83	180	0.789584
84	46	2.85792
84	88	2.54395
84	99	0.771011
84	103	0.802409
84	130	0.803849
84	147	0.771172
84	152	0.832639
84	163	0.809308
84	165	0.824038
84	166	0.805362
84	167	0.784333
84	169	0.819856
84	170	0.725612
84	173	0.796883
84	175	0.735879
84	176	0.756999
84	178	0.768203
84	179	0.748812
84	180	0.746177
85	39	0.900627
85	87	0.902262
85	90	1.31201
85	108	1.24318
85	115	0.898894
85	117	0.890404
85	132	0.889431
85	145	0.908344
85	146	0.875583
85	150	0.874914
85	151	0.876666
85	154	0.896456
85	155	0.895056
85	159	0.896758
85	160	0.887946
85	168	2.27517
85	172	0.891244
85	175	0.814148
85	177	2.01997
86	18	0.918171
86	20	0.827747
86	32	0.922438
86	35	0.905979
86	41	0.894363
86	42	0.889778
86	51	0.965238
86	55	0.881147
86	58	0.86532
86	63	0.863837
86	72	0.919048
86	76	0.852677
86	80	0.841163
86	81	1.09256
86	93	0.864698
86	109	0.886933
86	161	1.83158
86	169	1.72838
86	174	1.88392
87	4	0.848373
87	85	0.902262
87	96	0.867497
87	98	0.943555
87	111	0.778507
87	112	0.863221
87	140	0.886631
87	141	0.885215
87	144	0.877399
87	145	0.906192
87	150	0.872761
87	151	0.874514
87	154	0.894304
87	155	0.892903
87	158	1.97855
87	159	0.894605
87	160	0.885793
87	170	2.78025
87	178	1.35924
88	36	0.902422
88	61	0.8695
88	70	0.933707
88	74	0.864769
88	84	2.54395
88	101	0.868461
88	105	0.888917
88	110	0.874404
88	118	0.929816
88	123	0.923473
88	135	0.880222
88	153	0.887517
88	157	0.88247
88	158	0.830084
88	162	0.880871
88	172	0.887116
88	174	0.891559
88	178	1.3275
88	179	1.79622
89	12	0.93674
89	30	0.907334
89	36	0.881813
89	50	0.878226
89	70	0.913098
89	94	1.11287
89	105	0.868308
89	118	0.909206
89	122	1.28234
89	127	0.883444
89	131	0.865954
89	133	0.860382
89	137	0.857332
89	142	0.854715
89	153	0.866907
89	162	0.860262
89	168	0.815032
89	171	0.848586
89	177	2.3805
89	178	2.28418
90	1	0.95428
90	12	0.952938
90	61	0.865089
90	85	1.31201
90	106	0.886384
90	124	1.05207
90	137	0.873531
90	142	0.870913
90	150	1.588
90	153	0.883106
90	157	0.878059
90	159	1.17789
90	161	0.872443
90	163	0.879038
90	165	0.893768
90	169	0.889586
90	177	0.837689
90	178	0.837933
90	179	0.818542
90	180	0.815907
91	19	0.84047
91	103	1.8378
91	112	0.855662
91	115	0.889182
91	132	0.87972
91	141	0.877656
91	142	0.869741
91	145	0.898633
91	151	0.866955
91	153	0.881934
91	154	0.886745
91	155	0.885344
91	156	0.812648
91	157	0.876887
91	158	0.824501
91	163	1.8368
91	164	0.837144
91	168	0.830059
91	169	1.7454
91	172	0.881532
91	173	1.95295
92	13	0.720775
92	64	0.795353
92	73	0.779907
92	104	0.785752
92	118	0.841195
92	131	0.797943
92	132	3.01104
92	135	0.791601
92	137	0.789321
92	139	0.823009
92	144	2.68649
92	161	0.788233
92	162	0.79225
92	170	0.711132
92	171	0.780574
92	174	0.796087
92	176	0.742519
92	177	0.753479
92	178	0.753723
92	179	0.734332
92	180	0.731697
93	14	0.83022
93	15	0.828434
93	18	0.899675
93	20	0.809251
93	32	0.903942
93	35	0.887483
93	41	0.875867
93	42	0.871282
93	51	0.946742
93	55	0.862651
93	58	0.846824
93	63	0.84534
93	72	0.900552
93	76	0.834181
93	80	0.822667
93	86	0.864698
93	98	1.38558
93	109	0.868437
93	138	1.94658
93	152	1.91664
93	173	2.10183
94	29	1.87607
94	89	1.11287
94	95	0.897759
94	107	0.88893
94	116	1.11599
94	138	0.946608
94	152	0.96832
94	157	0.82748
94	160	0.551773
94	161	0.938394
94	163	0.944989
94	166	0.941042
94	167	0.920013
94	169	0.955537
94	170	0.861293
94	173	0.932564
94	174	0.946248
94	176	0.89268
94	178	0.903884
94	179	0.884493
94	180	0.881858
95	34	0.817796
95	37	0.876822
95	43	1.89346
95	79	0.878087
95	94	0.897759
95	102	1.81192
95	130	0.818051
95	134	0.838586
95	135	2.3152
95	158	0.770145
95	161	0.816915
95	163	0.82351
95	167	0.798535
95	169	0.834058
95	170	0.739814
95	173	0.811085
95	174	0.824769
95	176	0.771201
95	177	0.782161
95	178	0.782405
95	179	0.763014
95	180	0.760379
96	3	0.829912
96	33	0.898884
96	56	0.840927
96	69	0.836766
96	77	1.73131
96	87	0.867497
96	117	0.855639
96	119	0.848142
96	124	0.882036
96	128	1.62122
96	132	0.854666
96	140	0.854018
96	145	0.873579
96	146	0.840818
96	150	0.840149
96	151	0.841901
96	154	0.861691
96	156	2.23696
96	159	0.861992
96	160	0.853181
96	164	1.90306
96	172	0.856479
97	19	0.825279
97	38	0.893002
97	49	0.810913
97	56	0.850789
97	101	1.99645
97	117	0.865501
97	140	0.86388
97	141	0.862465
97	144	0.854648
97	145	0.883441
97	146	0.85068
97	150	0.850011
97	151	0.851763
97	154	0.871553
97	155	0.870153
97	159	0.871855
97	160	0.863043
97	164	2.41703
97	165	1.58736
97	172	0.866341
97	174	1.77463
97	175	0.789246
98	87	0.943555
98	93	1.38558
98	106	0.924221
98	116	1.18713
98	129	1.15487
98	140	0.930076
98	146	0.916876
98	150	0.916207
98	151	0.917959
98	155	0.936349
98	160	0.929239
98	162	0.916244
98	167	0.903895
98	170	0.845174
98	171	0.914617
98	172	0.932537
98	174	0.930129
98	176	0.876562
98	177	0.887522
98	178	0.887766
98	179	0.868375
98	180	0.86574
99	28	0.901942
99	84	0.771011
99	134	0.847518
99	138	0.834061
99	141	2.00101
99	145	1.71881
99	152	0.855774
99	153	2.04658
99	158	0.779078
99	163	0.832443
99	165	0.847173
99	166	0.828496
99	169	0.842991
99	170	0.748746
99	173	0.820017
99	174	0.833701
99	175	0.759014
99	176	0.780134
99	177	0.791094
99	178	0.791338
99	179	0.771947
99	180	0.769312
100	23	0.927531
100	53	0.837617
100	83	0.851536
100	111	0.921726
100	116	1.60001
100	125	0.87897
100	127	1.36328
100	134	0.884637
100	143	0.904997
100	146	1.41539
100	153	1.16292
100	158	0.816197
100	165	0.884291
100	166	0.865615
100	167	0.844586
100	170	0.785865
100	173	0.857136
100	174	0.87082
100	177	0.828213
100	178	0.828457
100	179	0.809066
100	180	0.806431
101	1	0.930994
101	7	1.14801
101	57	1.8353
101	77	0.852222
101	88	0.868461
101	97	1.99645
101	117	1.63106
101	123	0.895776
101	135	0.852525
101	142	0.847628
101	152	0.879083
101	157	0.854773
101	162	0.853174
101	165	0.870482
101	169	0.8663
101	170	0.772056
101	171	0.841498
101	172	0.859419
101	174	0.857011
101	176	0.803443
101	177	0.814403
101	179	0.795256
101	180	0.792621
102	3	0.8219
102	38	0.875127
102	52	0.863311
102	66	0.834399
102	71	0.894426
102	95	1.81192
102	113	0.824825
102	117	0.847626
102	124	0.874023
102	132	0.846653
102	134	1.08879
102	140	0.846005
102	141	0.84459
102	145	0.865566
102	151	0.833888
102	154	0.853678
102	155	0.852278
102	159	0.85398
102	160	0.845168
102	170	2.88971
102	172	0.848466
102	175	0.77137
102	180	1.98743
103	64	1.77531
103	84	0.802409
103	91	1.8378
103	126	0.821749
103	134	0.878916
103	143	0.899276
103	148	0.846003
103	149	0.891968
103	150	1.70056
103	152	0.887172
103	153	1.35114
103	165	0.87857
103	166	0.859894
103	168	0.816033
103	169	0.874388
103	170	0.780144
103	173	0.851415
103	174	0.865099
103	175	0.790412
103	176	0.811532
103	177	0.822492
103	178	0.822736
103	179	0.803345
103	180	0.80071
104	92	0.785752
104	111	0.913829
104	120	0.876199
104	127	1.65701
104	147	0.823527
104	152	0.884995
104	153	1.45666
104	154	1.39836
104	157	1.60524
104	161	0.855069
104	163	0.861664
104	164	0.820942
104	165	0.876394
104	166	0.857717
104	167	0.836688
104	169	0.872212
104	170	0.777968
104	173	0.849238
104	174	0.862923
104	176	0.809355
104	177	0.820315
104	178	0.820559
104	179	0.801168
104	180	0.798533
105	2	0.848902
105	16	0.912519
105	30	0.920703
105	54	1.41596
105	82	0.898162
105	88	0.888917
105	89	0.868308
105	106	0.883555
105	110	0.867163
105	118	0.922575
105	121	0.853111
105	126	2.00661
105	129	0.887875
105	133	0.873751
105	134	1.72211
105	135	0.872981
105	136	0.883771
105	148	1.96857
105	149	1.49934
105	153	0.880276
105	158	0.822843
105	162	0.87363
105	164	0.835486
105	168	0.828401
105	172	0.879875
106	2	0.85078
106	10	0.821499
106	16	0.914397
106	36	0.89706
106	46	0.914754
106	60	2.27248
106	65	0.871958
106	90	0.886384
106	98	0.924221
106	105	0.883555
106	116	0.88648
106	129	0.889753
106	131	0.881201
106	135	0.87486
106	136	0.88565
106	137	0.872579
106	148	1.89096
106	153	0.882154
106	156	0.812869
106	157	0.877107
106	158	0.824722
106	162	0.875509
106	164	0.837365
106	167	2.15179
106	172	0.881753
107	30	1.96385
107	68	0.832451
107	83	0.796656
107	94	0.88893
107	130	0.809222
107	131	2.45715
107	147	0.776545
107	148	0.796843
107	154	2.51643
107	158	0.761316
107	161	0.808087
107	163	0.814682
107	165	0.829411
107	166	0.810735
107	167	0.789706
107	169	0.825229
107	170	0.730985
107	171	0.800428
107	173	0.802256
107	174	0.81594
107	176	0.762372
107	177	0.773333
107	178	0.773577
107	179	0.754185
107	180	0.75155
108	2	1.94823
108	5	1.45404
108	83	0.879213
108	85	1.24318
108	117	1.16469
108	126	0.855146
108	134	0.912314
108	138	0.898857
108	143	0.932674
108	147	0.859102
108	149	0.925365
108	159	1.10906
108	161	0.890643
108	165	0.911968
108	169	0.907786
108	170	0.813542
108	171	0.882984
108	173	0.884813
108	174	0.898497
108	175	0.823809
108	176	0.844929
108	177	0.855889
108	178	0.856133
108	179	0.836742
108	180	0.834107
109	14	0.852455
109	20	0.831485
109	35	0.909717
109	41	0.898101
109	46	1.12715
109	58	0.869059
109	63	0.867575
109	72	0.922786
109	76	0.856415
109	86	0.886933
109	93	0.868437
109	119	1.53104
109	131	1.21831
109	136	0.888268
109	141	1.29032
109	152	0.904037
109	161	0.874111
109	162	1.50211
109	163	0.880706
109	173	0.86828
109	174	0.881964
109	176	0.828396
109	177	0.839357
109	178	0.839601
109	179	0.82021
109	180	0.817575
110	1	0.936937
110	6	1.35812
110	12	0.935596
110	47	1.64222
110	61	0.847746
110	74	0.843015
110	88	0.874404
110	105	0.867163
110	118	0.908062
110	127	0.8823
110	129	0.873362
110	131	0.86481
110	135	0.858468
110	136	0.869258
110	137	0.856188
110	142	0.853571
110	153	0.865763
110	157	0.860716
110	162	0.859117
110	164	0.820973
110	166	1.47417
110	168	0.813888
110	169	1.32078
110	171	0.847442
110	172	0.865362
110	175	2.84175
111	51	0.760326
111	87	0.778507
111	100	0.921726
111	104	0.913829
111	112	1.48885
111	122	0.970439
111	123	1.39978
111	130	0.917446
111	148	0.905067
111	151	1.31088
111	158	0.86954
111	159	1.2088
111	161	0.91631
111	163	0.922905
111	165	0.937635
111	166	0.918959
111	167	0.89793
111	169	0.933453
111	170	0.839209
111	173	0.91048
111	174	0.924164
111	175	0.849476
111	176	0.870596
111	177	0.881556
111	178	0.8818
111	179	0.862409
111	180	0.859774
112	31	0.917439
112	33	0.894608
112	40	0.874633
112	49	0.796775
112	57	0.845296
112	59	0.862418
112	69	0.83249
112	87	0.863221
112	91	0.855662
112	111	1.48885
112	123	0.88856
112	132	0.85039
112	140	0.849742
112	141	0.848327
112	144	0.84051
112	145	0.869303
112	146	0.836542
112	150	0.835873
112	151	0.837625
112	154	0.857415
112	155	0.856014
112	159	0.857716
112	160	0.848905
112	164	2.27603
112	171	1.77928
112	174	1.63364
112	175	0.775107
112	176	2.37791
113	22	0.889474
113	33	0.896837
113	39	0.863815
113	66	0.840365
113	75	0.83038
113	102	0.824825
113	115	0.862082
113	117	0.853592
113	124	0.879989
113	130	1.71905
113	132	0.852619
113	133	0.848308
113	140	0.851971
113	141	0.850556
113	144	0.842739
113	145	0.871532
113	146	0.838771
113	150	0.838102
113	152	1.78072
113	154	0.859644
113	155	0.858244
113	159	0.859946
113	160	0.851134
113	164	2.55629
113	169	1.75835
113	172	0.854432
113	173	1.9659
113	175	0.777336
114	40	0.883777
114	50	0.873066
114	65	0.851551
114	66	1.60582
114	70	0.907938
114	116	0.866074
114	118	0.904046
114	124	1.19281
114	135	0.854453
114	136	0.865243
114	140	1.69549
114	141	1.33374
114	143	0.893116
114	147	0.819544
114	150	1.72874
114	157	0.856701
114	162	0.855102
114	163	0.85768
114	164	0.816958
114	165	0.87241
114	166	0.853733
114	167	0.832704
114	168	0.809873
114	170	0.773984
114	171	0.843426
114	176	0.805371
114	177	0.816331
114	179	0.797184
114	180	0.794549
115	11	0.858882
115	17	1.26326
115	19	0.84466
115	49	0.830295
115	57	0.878816
115	66	0.871655
115	75	0.86167
115	85	0.898894
115	91	0.889182
115	113	0.862082
115	119	0.877386
115	124	0.91128
115	133	0.879599
115	136	1.83415
115	138	1.84455
115	139	1.7537
115	140	0.883262
115	141	0.881847
115	143	1.75324
115	144	0.87403
115	145	0.902823
115	146	0.870062
115	151	0.871145
115	154	0.890935
115	155	0.889534
115	159	0.891236
115	160	0.882425
115	172	0.885723
115	174	1.94779
115	175	0.808627
116	6	1.73317
116	27	0.864688
116	30	0.923629
116	36	0.898107
116	50	0.89452
116	61	0.865184
116	65	0.873005
116	73	0.864213
116	82	0.901088
116	94	1.11599
116	98	1.18713
116	100	1.60001
116	106	0.88648
116	114	0.866074
116	121	0.856036
116	122	1.28546
116	123	0.919158
116	127	0.899738
116	135	0.875907
116	137	0.873627
116	142	0.871009
116	153	0.883201
116	156	0.813916
116	157	0.878155
116	162	0.876556
116	164	0.838412
116	168	0.831327
116	171	0.86488
116	172	0.8828
116	176	2.59563
117	5	0.852926
117	33	0.919638
117	49	0.821806
117	56	0.861681
117	69	0.857521
117	78	2.34094
117	85	0.890404
117	96	0.855639
117	97	0.865501
117	101	1.63106
117	102	0.847626
117	108	1.16469
117	113	0.853592
117	119	0.868897
117	123	0.91359
117	124	0.90279
117	132	0.875421
117	133	0.87111
117	141	0.873357
117	144	0.86554
117	146	0.861572
117	150	0.860903
117	151	0.862655
117	155	0.881045
117	159	0.882747
117	160	0.873935
117	165	1.22196
117	172	0.877233
117	175	0.800138
117	177	1.94149
117	178	1.84517
118	9	0.881359
118	24	1.22011
118	37	1.10289
118	45	1.11685
118	54	1.23053
118	62	2.56511
118	73	0.902186
118	74	0.898426
118	82	0.939061
118	88	0.929816
118	89	0.909206
118	92	0.841195
118	105	0.922575
118	110	0.908062
118	114	0.904046
118	127	0.937711
118	129	0.928773
118	131	0.920221
118	135	0.91388
118	136	0.92467
118	137	0.9116
118	142	0.908982
118	143	1.28609
118	153	0.921174
118	156	0.851889
118	157	0.916127
118	158	0.863742
118	164	0.876385
118	168	0.869299
118	169	1.3251
118	172	0.920773
119	11	0.842896
119	19	0.828674
119	39	0.87912
119	48	0.893797
119	52	0.884581
119	66	0.855669
119	71	0.915696
119	96	0.848142
119	109	1.53104
119	115	0.877386
119	117	0.868897
119	121	2.1508
119	123	0.906094
119	124	0.895293
119	132	0.867924
119	133	0.863613
119	138	1.50617
119	140	0.867276
119	141	0.86586
119	144	0.858044
119	145	0.886837
119	146	0.854076
119	150	0.853406
119	154	0.874949
119	155	0.873548
119	159	0.87525
119	160	0.866438
119	161	1.55707
119	165	1.42215
119	175	0.792641
119	180	2.56409
120	17	0.951736
120	41	1.12885
120	52	1.76999
120	104	0.876199
120	130	0.879816
120	134	0.900351
120	138	0.886894
120	139	0.913456
120	140	1.45568
120	141	1.09394
120	142	1.71824
120	147	0.847139
120	148	0.867437
120	149	0.913403
120	155	1.01862
120	158	0.831911
120	163	0.885276
120	165	0.900005
120	166	0.881329
120	167	0.8603
120	169	0.895823
120	170	0.801579
120	171	0.871022
120	173	0.87285
120	174	0.886534
120	175	0.811846
120	176	0.832966
120	177	0.843927
120	178	0.844171
120	179	0.82478
120	180	0.822145
121	39	1.80329
121	42	1.33637
121	58	1.93637
121	105	0.853111
121	116	0.856036
121	119	2.1508
121	124	1.76916
121	127	0.868247
121	128	0.817696
121	129	0.859309
121	131	0.850757
121	134	0.862718
121	136	0.855205
121	142	0.839518
121	143	0.883078
121	148	0.829804
121	153	0.85171
121	156	0.782425
121	157	0.846663
121	162	0.845065
121	163	0.847643
121	164	0.80692
121	168	0.799835
121	169	0.85819
121	171	0.833389
121	173	0.835217
121	174	0.848901
121	176	0.795333
121	177	0.806294
121	179	0.787147
121	180	0.784512
122	23	0.976243
122	24	0.979991
122	32	1.16031
122	50	1.27069
122	75	1.58405
122	89	1.28234
122	111	0.970439
122	116	1.28546
122	128	0.888328
122	130	0.912815
122	134	0.93335
122	138	0.919893
122	139	0.946455
122	142	1.4271
122	148	0.900436
122	156	0.853056
122	163	0.918274
122	166	0.914327
122	167	0.893298
122	168	0.870467
122	169	0.928822
122	170	0.834578
122	171	0.90402
122	172	0.753695
122	173	0.905849
122	174	0.919533
122	176	0.865965
122	177	0.876925
122	178	0.877169
122	179	0.857778
122	180	0.855143
123	15	0.880726
123	39	0.923814
123	88	0.923473
123	101	0.895776
123	111	1.39978
123	112	0.88856
123	116	0.919158
123	117	0.91359
123	119	0.906094
123	129	0.92243
123	131	0.913879
123	135	0.907537
123	139	1.35048
123	142	0.902639
123	144	0.902738
123	148	1.84706
123	149	1.37783
123	151	0.899853
123	153	0.914831
123	154	0.919643
123	155	0.918242
123	158	0.857399
123	159	0.919944
123	160	0.911132
123	162	0.908186
123	163	1.48043
123	167	2.1079
123	169	1.38903
123	171	0.89651
123	172	0.91443
123	175	0.837335
124	3	0.877063
124	38	0.930291
124	56	0.888078
124	66	0.889563
124	71	0.94959
124	75	0.879577
124	90	1.05207
124	96	0.882036
124	102	0.874023
124	113	0.879989
124	114	1.19281
124	115	0.91128
124	117	0.90279
124	119	0.895293
124	121	1.76916
124	134	1.28381
124	140	0.901169
124	141	0.899754
124	144	0.891937
124	145	0.92073
124	146	0.887969
124	147	2.09483
124	150	0.8873
124	151	0.889052
124	154	0.908842
124	155	0.907441
124	159	0.909143
124	160	0.900332
124	168	2.01523
124	171	1.37341
124	172	0.90363
124	175	0.826534
125	4	1.79758
125	11	1.39108
125	24	0.941865
125	38	1.39094
125	44	0.847251
125	69	1.43576
125	73	1.76232
125	100	0.87897
125	128	0.850202
125	138	0.881767
125	139	0.908329
125	142	1.56127
125	143	0.915584
125	147	0.842012
125	149	0.908275
125	163	0.880149
125	164	0.839426
125	165	0.894878
125	166	0.876202
125	167	0.855173
125	168	0.832341
125	169	0.890696
125	170	0.796452
125	171	0.865895
125	173	0.867723
125	174	0.881407
125	175	0.806719
125	176	0.827839
125	177	0.8388
125	178	0.839044
125	179	0.819652
125	180	0.817017
126	6	0.823532
126	12	1.52667
126	26	0.903928
126	27	0.814202
126	45	0.88046
126	54	0.860804
126	64	2.17899
126	81	0.883318
126	83	0.810623
126	103	0.821749
126	105	2.00661
126	108	0.855146
126	134	0.843724
126	138	0.830267
126	139	0.856829
126	141	1.70924
126	143	0.864084
126	147	0.790512
126	149	0.856775
126	161	0.822053
126	162	1.92103
126	163	0.828648
126	165	0.843378
126	166	0.824702
126	170	0.744952
126	171	0.814394
126	173	0.816223
126	174	0.829907
126	176	0.776339
126	177	0.787299
126	178	0.787543
126	179	0.768152
126	180	0.765517
127	1	0.966586
127	31	1.38424
127	64	0.89187
127	70	0.941603
127	73	0.876424
127	74	0.872664
127	82	0.913299
127	83	1.83451
127	89	0.883444
127	100	1.36328
127	104	1.65701
127	110	0.8823
127	116	0.899738
127	118	0.937711
127	121	0.868247
127	129	0.903011
127	130	1.41979
127	131	0.89446
127	133	0.888888
127	135	0.888118
127	136	0.898908
127	137	0.885838
127	153	0.895412
127	156	0.826127
127	157	0.890366
127	158	0.83798
127	162	0.888767
127	164	0.850623
127	166	1.61248
127	168	0.843538
127	169	1.45909
127	171	0.877091
127	172	0.895011
128	26	0.916074
128	47	0.815282
128	62	0.797252
128	96	1.62122
128	121	0.817696
128	122	0.888328
128	125	0.850202
128	133	1.88972
128	139	0.868975
128	143	0.87623
128	147	0.802658
128	148	0.822956
128	149	0.868921
128	152	0.864125
128	155	1.65395
128	158	0.787429
128	161	0.834199
128	162	1.94105
128	163	0.840794
128	164	0.800072
128	166	0.836847
128	168	0.792987
128	169	0.851342
128	170	0.757098
128	171	0.82654
128	172	1.68016
128	173	0.828369
128	174	0.842053
128	175	0.767365
128	176	0.788485
128	178	0.799689
128	179	0.780298
128	180	0.777663
129	2	0.8551
129	34	2.24359
129	36	0.90138
129	46	0.919074
129	61	0.868457
129	64	0.882932
129	65	0.876278
129	70	0.932665
129	73	0.867486
129	74	0.863726
129	79	1.2914
129	81	1.02775
129	98	1.15487
129	105	0.887875
129	106	0.889753
129	110	0.873362
129	118	0.928773
129	121	0.859309
129	123	0.92243
129	127	0.903011
129	130	1.62427
129	131	0.885522
129	135	0.87918
129	137	0.8769
129	142	0.874282
129	153	0.886474
129	156	0.817189
129	157	0.881428
129	162	0.879829
129	168	0.8346
129	171	0.868153
129	172	0.886073
129	173	1.87112
129	174	1.81911
130	49	2.37455
130	60	0.822864
130	66	1.44593
130	82	1.61641
130	83	0.847255
130	84	0.803849
130	95	0.818051
130	107	0.809222
130	111	0.917446
130	113	1.71905
130	120	0.879816
130	122	0.912815
130	127	1.41979
130	129	1.62427
130	134	0.880356
130	139	0.893462
130	143	0.900717
130	148	0.847443
130	149	0.893408
130	152	0.888612
130	161	0.858686
130	163	0.865281
130	165	0.880011
130	166	0.861334
130	167	0.840305
130	169	0.875828
130	170	0.781584
130	174	0.866539
130	175	0.791852
130	176	0.812972
130	177	0.823932
130	178	0.824176
130	179	0.804785
130	180	0.80215
131	2	0.846548
131	9	0.838107
131	24	1.03617
131	30	0.91835
131	50	0.889241
131	61	0.859905
131	65	0.867726
131	70	0.924113
131	89	0.865954
131	92	0.797943
131	106	0.881201
131	107	2.45715
131	109	1.21831
131	110	0.86481
131	118	0.920221
131	121	0.850757
131	123	0.913879
131	127	0.89446
131	129	0.885522
131	133	0.871398
131	135	0.870628
131	136	0.881418
131	137	0.868348
131	138	1.19345
131	142	0.86573
131	153	0.877922
131	156	0.808637
131	157	0.872876
131	158	0.82049
131	162	0.871277
131	164	0.833133
131	165	1.10942
131	171	0.859601
131	172	0.877521
131	175	2.66212
131	180	2.25136
132	3	0.849694
132	7	0.931883
132	19	0.835198
132	29	0.81077
132	33	0.918665
132	43	0.892195
132	52	0.891105
132	57	0.869354
132	67	0.872818
132	85	0.889431
132	91	0.87972
132	92	3.01104
132	96	0.854666
132	102	0.846653
132	112	0.85039
132	113	0.852619
132	117	0.875421
132	119	0.867924
132	136	1.21692
132	140	0.8738
132	144	0.864568
132	145	0.893361
132	146	0.860599
132	147	2.19762
132	149	1.16383
132	150	0.85993
132	151	0.861683
132	154	0.881473
132	155	0.880072
132	159	0.881774
132	160	0.872962
132	171	1.47621
132	172	0.87626
132	173	1.38258
132	175	0.799165
132	176	2.07483
133	9	0.832535
133	11	0.845109
133	22	0.906991
133	53	2.11219
133	59	0.882165
133	64	0.868808
133	73	0.853362
133	74	0.849603
133	82	0.890237
133	89	0.860382
133	105	0.873751
133	113	0.848308
133	115	0.879599
133	117	0.87111
133	119	0.863613
133	127	0.888888
133	128	1.88972
133	131	0.871398
133	137	0.862776
133	140	0.869489
133	144	0.860257
133	150	0.855619
133	151	0.857372
133	152	1.39599
133	155	0.875761
133	157	0.867304
133	159	0.877463
133	160	0.868651
133	161	1.47682
133	162	0.865705
133	163	1.46503
133	164	0.827561
133	167	2.09249
133	171	0.854029
133	172	0.871949
133	175	0.794854
133	177	2.06142
134	83	0.86779
134	95	0.838586
134	99	0.847518
134	100	0.884637
134	102	1.08879
134	103	0.878916
134	105	1.72211
134	108	0.912314
