1	80	1.00587
1	92	0.981158
1	106	1.05625
1	114	1.02741
1	117	1.06549
1	123	1.042
1	129	1.01636
1	163	1.01243
1	168	0.999852
1	176	0.967475
1	177	0.905639
1	180	1.14559
2	37	0.966625
2	81	1.04158
2	98	1.03069
2	104	1.04151
2	116	1.04791
2	121	1.05603
2	125	1.06027
2	164	0.913877
2	176	1.01052
2	178	1.15714
2	179	0.959311
2	180	0.99839
3	30	1.09856
3	62	0.971029
3	83	1.02559
3	86	1.02938
3	87	1.02842
3	93	1.07391
3	111	0.874646
3	164	1.00198
3	167	0.981234
3	175	1.07767
3	176	1.09862
3	180	0.987229
4	13	1.06405
4	52	0.978833
4	57	0.964177
4	65	1.04762
4	141	1.01545
4	144	0.989691
4	149	1.0987
4	150	1.03635
4	152	0.982724
4	159	1.0139
4	160	1.00571
4	173	1.04964
5	51	1.06919
5	59	0.946459
5	72	0.97277
5	74	1.07905
5	144	0.915714
5	161	0.970775
5	162	1.00373
5	174	1.05777
5	175	1.05983
5	177	1.08366
5	179	1.02958
5	180	1.06866
6	114	1.0042
6	117	1.04228
6	123	1.0188
6	129	0.993158
6	151	1.07742
6	156	0.953743
6	157	1.02412
6	166	1.02591
6	168	0.956162
6	169	1.04436
6	171	1.02633
6	174	1.0458
7	92	0.896346
7	102	1.11088
7	114	1.00688
7	117	1.04496
7	123	1.02148
7	124	1.24336
7	129	0.995835
7	154	1.0213
7	163	0.927622
7	167	0.955519
7	174	1.04848
7	176	0.946951
8	86	1.24341
8	94	1.14514
8	102	1.09036
8	146	0.914845
8	155	0.910463
8	160	0.940736
8	166	0.908904
8	167	0.942313
8	169	1.12839
8	172	0.869294
8	178	0.811407
8	179	0.889862
9	32	1.04445
9	62	0.972759
9	83	1.02732
9	87	1.03015
9	91	0.972979
9	93	1.07564
9	135	1.01315
9	157	1.07626
9	168	1.01465
9	177	0.920438
9	179	1.12131
9	180	0.988959
10	14	1.06891
10	107	1.00626
10	118	1.02199
10	119	1.01925
10	122	1.05202
10	132	1.00866
10	137	1.04013
10	153	1.0442
10	162	1.02649
10	170	1.00328
10	171	1.05902
10	177	0.894633
11	69	0.99819
11	71	1.0811
11	76	1.08739
11	78	1.13935
11	96	1.12267
11	147	0.890884
11	150	0.893475
11	161	0.943497
11	170	0.91007
11	177	1.17555
11	179	1.0023
12	102	1.10691
12	106	1.03176
12	117	1.041
12	123	1.01752
12	129	0.991873
12	144	0.946246
12	145	1.09378
12	155	1.01112
12	170	0.96788
12	171	1.02362
12	174	1.04452
12	176	0.942989
13	4	1.06405
13	16	1.03155
13	17	1.02687
13	28	1.11464
13	34	0.959093
13	57	0.984392
13	65	1.06784
13	97	0.914601
13	143	1.06275
13	148	0.983986
13	160	0.963592
13	176	1.11264
14	10	1.06891
14	107	0.996898
14	109	1.07483
14	111	0.855947
14	118	1.01263
14	119	1.00989
14	122	1.04265
14	132	0.999295
14	134	1.05244
14	176	1.07992
14	177	0.827842
14	178	1.22654
15	88	1.18196
15	100	0.89802
15	105	0.958857
15	108	0.882642
15	115	0.858843
15	141	0.896367
15	155	1.23911
15	163	0.90499
15	164	1.24267
15	165	0.852799
15	174	0.944232
15	180	1.32718
16	13	1.03155
16	17	0.974161
16	28	1.06193
16	34	0.906385
16	52	0.946339
16	57	0.931684
16	65	1.01513
16	126	1.05257
16	141	0.982958
16	148	1.08289
16	154	1.15994
16	175	1.19059
16	177	0.959464
17	13	1.02687
17	16	0.974161
17	28	1.05725
17	34	0.901702
17	52	0.941655
17	57	0.927
17	65	1.01045
17	143	1.13812
17	148	1.05936
17	150	0.999171
17	163	1.04272
17	165	1.15763
17	170	1.04458
18	77	1.06111
18	98	0.947674
18	103	0.99267
18	104	0.958489
18	111	1.02549
18	121	0.973009
18	125	0.977253
18	162	0.947632
18	165	1.16379
18	169	1.00024
18	171	1.10647
18	175	1.17322
18	177	0.942087
19	31	0.803874
19	41	0.882842
19	113	0.886016
19	119	1.08031
19	121	1.11293
19	122	1.11308
19	125	1.11718
19	132	1.06972
19	158	0.940404
19	164	0.940585
19	174	1.1416
19	177	1.16749
19	180	1.0251
20	80	0.946973
20	106	0.99735
20	111	1.00342
20	114	0.968508
20	123	0.983107
20	129	0.957462
20	156	1.06711
20	169	1.00867
20	174	1.01011
20	176	0.908578
20	177	0.975319
20	179	1.17619
20	180	1.21527
21	40	0.962252
21	50	0.997371
21	60	0.981503
21	68	0.927263
21	73	0.933806
21	79	0.986788
21	149	1.03126
21	154	1.12737
21	166	1.09085
21	168	1.02111
21	169	0.994431
21	173	1.07385
21	179	1.12777
22	53	1.06432
22	62	1.12165
22	80	0.978135
22	103	0.908517
22	105	0.895925
22	116	0.957873
22	118	0.982727
22	119	0.979983
22	129	0.988624
22	132	0.969391
22	177	1.06715
22	178	0.877145
22	179	0.9556
23	71	0.952168
23	76	0.958451
23	78	1.01041
23	96	0.993738
23	124	0.866269
23	136	1.01947
23	146	1.0988
23	158	1.07652
23	159	1.03248
23	165	0.929295
23	167	1.05596
23	176	1.17334
23	177	1.04661
24	40	1.13108
24	45	1.00285
24	50	1.1662
24	68	1.09609
24	73	1.10263
24	79	1.15561
24	145	0.977692
24	161	0.885218
24	163	0.849939
24	166	0.907101
24	167	0.877837
24	169	1.16326
24	172	0.992152
25	36	1.02061
25	69	0.869798
25	71	0.952711
25	78	1.01095
25	88	0.97683
25	96	0.994281
25	144	1.00227
25	145	1.14981
25	163	1.02205
25	165	0.929837
25	177	1.04716
25	179	1.11613
25	180	1.15521
26	55	0.870619
26	102	1.022
26	106	0.946844
26	114	0.918001
26	117	0.956081
26	123	0.932601
26	129	0.906955
26	139	1.09962
26	149	1.10332
26	155	1.20275
26	163	1.15766
26	165	1.27257
26	174	0.9596
26	176	0.858072
27	44	0.894324
27	82	1.0638
27	101	1.09057
27	128	1.05607
27	130	1.03262
27	131	1.0319
27	133	1.06625
27	151	1.01157
27	161	0.938174
27	163	1.06001
27	168	0.890314
27	171	0.960482
27	178	1.1948
27	180	0.990273
28	13	1.11464
28	16	1.06193
28	17	1.05725
28	34	0.98947
28	52	1.02942
28	57	1.01477
28	137	0.992615
28	138	1.02298
28	139	0.895874
28	141	1.06604
28	144	0.934133
28	145	1.08167
28	150	1.08694
28	170	0.955767
29	100	0.930359
29	105	0.991197
29	111	1.08392
29	112	0.948724
29	115	0.891183
29	120	0.922747
29	126	1.14892
29	144	0.969357
29	148	0.926748
29	152	1.13586
29	163	0.93733
29	165	0.885139
29	171	1.2202
29	179	1.25669
30	3	1.09856
30	39	1.05842
30	42	1.05619
30	54	1.12773
30	83	1.01452
30	86	1.01831
30	93	1.06285
30	127	0.968783
30	144	0.955935
30	149	0.92137
30	163	0.975718
30	166	1.03288
30	171	1.03331
30	180	0.976162
31	19	0.803874
31	45	1.1289
31	46	0.898682
31	103	0.850878
31	126	1.09573
31	133	0.855541
31	135	1.07479
31	164	1.03896
31	167	1.07933
31	170	1.07349
31	173	1.06175
31	174	0.819486
31	178	0.948421
31	179	1.02688
32	9	1.04445
32	42	1.00035
32	54	1.07189
32	75	0.928576
32	83	0.958685
32	86	0.962474
32	87	0.961519
32	124	0.874847
32	135	1.00962
32	158	1.07217
32	178	1.31561
32	179	1.11778
32	180	0.920324
33	40	0.940031
33	45	0.811808
33	60	0.959282
33	68	0.905042
33	73	0.911585
33	79	0.964567
33	135	1.11646
33	137	0.941488
33	145	1.2583
33	149	1.00904
33	169	0.97221
33	171	1.18813
33	175	1.25488
33	177	1.02375
34	13	0.959093
34	16	0.906385
34	17	0.901702
34	28	0.98947
34	52	0.87388
34	65	0.942671
34	141	0.910499
34	142	1.06082
34	149	0.99375
34	150	0.931395
34	159	1.12611
34	161	1.15697
34	165	1.2366
34	172	1.2639
35	36	1.10801
35	69	0.957202
35	76	1.0464
35	78	1.09836
35	96	1.08168
35	97	0.917062
35	124	0.954215
35	143	1.06521
35	148	0.986448
35	149	0.915465
35	159	0.974237
35	164	1.01846
35	165	1.01724
35	177	1.13456
36	25	1.02061
36	35	1.10801
36	44	0.93206
36	71	1.01358
36	76	1.01986
36	78	1.07182
36	96	1.05515
36	111	0.861941
36	127	0.933696
36	165	0.990707
36	170	0.942483
36	173	0.980799
36	177	1.10802
36	178	1.23254
37	2	0.966625
37	81	0.921613
37	98	0.910726
37	103	0.955722
37	104	0.921541
37	116	0.927944
37	121	0.936061
37	125	0.940305
37	144	1.14791
37	147	1.15036
37	150	1.15295
37	164	1.21634
37	169	0.963287
37	170	1.16954
38	90	1.09222
38	128	1.06431
38	130	1.04086
38	131	1.04014
38	133	1.07448
38	140	0.944735
38	151	1.04177
38	160	0.929335
38	163	1.06825
38	165	1.048
38	170	0.934947
38	171	0.990682
38	176	1.00597
38	180	0.998512
39	30	1.05842
39	42	1.02712
39	62	0.930895
39	83	0.985456
39	86	0.989245
39	87	0.98829
39	93	1.03378
39	146	1.06648
39	148	1.01238
39	156	0.980741
39	157	1.03439
39	166	1.0529
39	171	1.05333
39	175	1.12008
39	180	0.947095
40	21	0.962252
40	24	1.13108
40	33	0.940031
40	45	0.887337
40	50	1.05068
40	68	0.980571
40	73	0.987114
40	124	1.29612
40	135	0.9663
40	137	1.01702
40	144	0.9606
40	159	0.984806
40	168	0.967802
40	169	1.04774
40	180	1.11354
41	19	0.882842
41	66	0.951967
41	72	1.00547
41	82	1.02154
41	100	0.994831
41	158	1.02329
41	160	1.03631
41	161	1.02791
41	164	0.997516
41	167	1.03788
41	169	0.897255
41	171	0.994894
41	172	0.964864
41	178	0.906977
41	179	0.985432
42	30	1.05619
42	32	1.00035
42	39	1.02712
42	62	0.928666
42	86	0.987016
42	87	0.986061
42	93	1.03155
42	127	0.966858
42	145	1.10155
42	157	1.03217
42	158	1.02226
42	159	0.978216
42	175	1.09813
42	176	1.11908
42	180	0.944866
43	63	1.01851
43	88	1.0464
43	100	0.994927
43	105	1.05577
43	108	0.97955
43	112	1.01329
43	115	0.955751
43	120	0.987315
43	140	1.0701
43	146	1.12921
43	156	1.04346
43	157	1.01946
43	163	1.0019
43	168	1.04588
43	177	0.951669
44	27	0.894324
44	36	0.93206
44	46	0.978176
44	107	1.03042
44	112	0.965239
44	141	1.01233
44	158	1.02199
44	159	1.03492
44	160	1.035
44	166	1.00317
44	168	1.0319
44	171	0.993591
44	175	0.967638
44	178	0.905674
44	179	0.984128
45	24	1.00285
45	31	1.1289
45	33	0.811808
45	40	0.887337
45	60	0.906588
45	68	0.852348
45	73	0.858891
45	79	0.911873
45	124	1.5327
45	137	0.888794
45	149	0.956344
45	156	1.20196
45	163	1.21696
45	169	0.919516
45	177	1.11017
46	31	0.898682
46	44	0.978176
46	100	1.0048
46	105	1.06564
46	108	0.989426
46	112	1.02317
46	115	0.965626
46	120	0.997191
46	141	1.00315
46	148	1.00119
46	155	1.03184
46	164	1.03539
46	165	0.959583
46	175	1.11108
46	176	1.13203
47	51	1.1032
47	59	0.980464
47	72	1.00678
47	74	1.11305
47	91	0.884798
47	136	1.09052
47	147	0.921718
47	150	1.06481
47	151	1.04772
47	152	0.912302
47	162	1.03773
47	163	0.939051
47	167	0.966949
47	174	1.09178
47	175	1.06339
47	177	1.11767
48	80	1.03685
48	106	1.08722
48	114	1.05838
48	117	1.09646
48	123	1.07298
48	129	1.04734
48	140	0.955793
48	142	0.883285
48	149	0.889804
48	157	1.0783
48	158	0.992617
48	160	0.940392
48	172	1.08636
48	173	0.98432
48	174	1.09998
48	176	0.998451
49	56	1.03407
49	94	0.978406
49	99	0.942547
49	107	0.926757
49	109	1.00469
49	118	0.94249
49	119	0.939746
49	122	0.972513
49	132	0.929154
49	134	1.22543
49	139	1.04958
49	153	1.15039
49	155	1.15271
49	162	0.946987
49	170	1.10947
49	177	1.00083
50	21	0.997371
50	24	1.1662
50	40	1.05068
50	60	1.06993
50	68	1.01569
50	73	1.02223
50	79	1.07522
50	134	0.997545
50	149	1.11969
50	151	0.988412
50	158	0.928204
50	161	0.915019
50	169	1.08286
50	170	0.881592
50	175	1.00408
50	176	1.02503
51	5	1.06919
51	47	1.1032
51	59	0.982904
51	72	1.00922
51	74	1.11549
51	126	0.875224
51	142	0.828043
51	148	0.905544
51	150	1.06725
51	153	0.931682
51	162	1.04017
51	165	1.00382
51	174	1.09422
51	177	1.12011
51	178	1.18081
51	180	1.02207
52	4	0.978833
52	16	0.946339
52	17	0.941655
52	28	1.02942
52	34	0.87388
52	57	0.899178
52	65	0.982624
52	139	0.98897
52	141	0.950452
52	147	1.02968
52	149	1.0337
52	150	0.971349
52	153	1.08978
52	170	1.04886
52	176	1.1923
52	178	1.33892
53	22	1.06432
53	58	0.953037
53	67	0.918357
53	85	1.04209
53	128	0.977151
53	130	0.953699
53	131	0.952978
53	133	0.987326
53	137	0.988173
53	138	1.16381
53	148	1.11138
53	152	1.06799
53	153	1.13752
53	160	1.09098
53	176	0.918808
53	180	0.911354
54	30	1.12773
54	32	1.07189
54	62	1.00021
54	77	0.92373
54	83	1.05477
54	86	1.05856
54	87	1.0576
54	93	1.10309
54	127	0.904571
54	135	0.897423
54	143	1.0069
54	149	0.857157
54	157	1.1037
54	167	0.939403
54	178	1.20341
54	180	1.0164
55	26	0.870619
55	105	1.00844
55	108	0.93223
55	109	0.997476
55	118	0.935277
55	123	0.96682
55	132	0.921941
55	135	1.09345
55	138	1.17659
55	142	1.04666
55	147	1.0902
55	157	0.972136
55	159	1.11195
55	169	0.992378
55	171	1.16512
55	174	0.993819
56	49	1.03407
56	94	1.09321
56	95	1.08628
56	99	1.05735
56	107	1.04156
56	109	1.1195
56	113	0.914297
56	118	1.0573
56	122	1.08732
56	132	1.04396
56	154	1.0139
56	159	0.924644
56	160	0.916461
56	163	0.920221
56	171	0.977808
56	176	1.06551
57	4	0.964177
57	13	0.984392
57	16	0.931684
57	17	0.927
57	28	1.01477
57	52	0.899178
57	65	0.967969
57	134	1.15188
57	141	0.935797
57	149	1.01905
57	150	0.956694
57	153	1.07684
57	161	1.06935
57	163	1.03407
57	170	1.03592
57	178	1.32598
58	53	0.953037
58	82	0.980046
58	85	1.03726
58	110	0.953821
58	128	0.972316
58	130	0.948864
58	131	0.948143
58	133	0.982491
58	158	1.15024
58	159	1.1062
58	165	1.21668
58	167	1.12967
58	168	1.0892
58	176	0.913973
58	177	0.994982
58	180	0.906519
59	5	0.946459
59	47	0.980464
59	51	0.982904
59	72	0.886481
59	74	0.992755
59	89	1.04615
59	111	1.02901
59	127	1.10076
59	136	0.970223
59	138	1.17676
59	146	1.17844
59	150	0.944517
59	162	0.91744
59	173	1.14787
59	174	0.971485
59	177	0.99737
60	21	0.981503
60	33	0.959282
60	45	0.906588
60	50	1.06993
60	68	0.999822
60	73	1.00636
60	79	1.05935
60	111	0.91887
60	137	1.03627
60	140	1.0092
60	149	1.10382
60	150	0.982818
60	159	1.00198
60	164	1.04621
60	169	1.06699
60	173	1.03773
60	180	1.13072
61	84	0.930319
61	94	1.04472
61	95	1.03778
61	99	1.00886
61	107	0.993067
61	109	1.071
61	118	1.0088
61	119	1.00606
61	122	1.03882
61	132	0.995464
61	161	0.960922
61	162	1.0133
61	166	0.982805
61	173	0.96581
61	178	1.21755
61	179	1.01972
61	180	1.0588
62	3	0.971029
62	9	0.972759
62	22	1.12165
62	39	0.930895
62	42	0.928666
62	54	1.00021
62	83	0.886998
62	86	0.890787
62	87	0.889831
62	93	0.935321
62	143	1.24747
62	157	0.935936
62	168	1.1395
62	171	1.20966
62	175	1.27641
62	177	1.04528
62	180	0.848636
63	43	1.01851
63	97	0.917584
63	100	1.01396
63	105	1.0748
63	108	0.998585
63	112	1.03233
63	115	0.974785
63	120	1.00635
63	143	1.06573
63	148	1.01035
63	163	1.02093
63	167	0.998233
63	170	0.972187
63	173	1.0105
63	174	1.06017
63	179	1.06441
63	180	1.10349
64	81	1.00994
64	92	0.961853
64	98	0.999056
64	103	1.04405
64	104	1.00987
64	116	1.01627
64	121	1.02439
64	125	1.02864
64	136	1.0518
64	139	0.935087
64	145	1.12088
64	159	0.997552
64	162	0.999013
64	163	0.993129
64	164	1.04177
64	169	1.05162
64	179	1.08721
65	4	1.04762
65	13	1.06784
65	16	1.01513
65	17	1.01045
65	34	0.942671
65	52	0.982624
65	57	0.967969
65	139	0.902358
65	141	1.01924
65	147	0.943066
65	149	1.10249
65	150	1.04014
65	152	0.93365
65	172	1.10261
65	176	1.10568
65	179	1.05448
65	180	1.09356
66	41	0.951967
66	70	1.02105
66	85	1.09375
66	101	1.06331
66	110	1.01032
66	124	1.2768
66	128	1.02881
66	130	1.00536
66	131	1.00464
66	133	1.03899
66	149	0.906716
66	153	1.00384
66	167	0.988962
66	172	1.10328
66	176	0.97047
66	177	0.85427
66	180	0.963016
67	53	0.918357
67	90	0.965542
67	101	0.972136
67	110	0.919141
67	128	0.937636
67	130	0.914184
67	131	0.913463
67	133	0.947811
67	135	1.1106
67	137	0.948658
67	139	1.06665
67	142	1.06382
67	172	1.2669
67	173	1.16485
67	176	0.879292
67	178	1.41659
67	180	0.871839
68	21	0.927263
68	24	1.09609
68	33	0.905042
68	40	0.980571
68	45	0.852348
68	50	1.01569
68	60	0.999822
68	73	0.952125
68	79	1.00511
68	89	0.975308
68	113	1.03093
68	149	1.04958
68	161	1.07213
68	164	1.0855
68	167	1.06475
68	169	1.01275
68	179	1.13093
68	180	1.17001
69	11	0.99819
69	25	0.869798
69	35	0.957202
69	71	0.86277
69	76	0.869053
69	78	0.921013
69	88	0.886889
69	96	0.90434
69	124	0.776871
69	127	1.18903
69	136	0.930067
69	160	1.19221
69	165	0.839896
69	166	1.25313
69	168	1.18339
69	172	1.33818
69	177	0.957214
69	180	1.32913
70	66	1.02105
70	82	0.996392
70	90	1.01657
70	101	1.02316
70	110	0.970167
70	128	0.988662
70	130	0.96521
70	131	0.964489
70	133	0.998837
70	161	1.07655
70	164	1.08992
70	166	1.09844
70	167	1.06917
70	171	1.09886
70	175	1.16561
70	176	0.930319
70	177	0.93448
70	180	0.922865
71	11	1.0811
71	23	0.952168
71	25	0.952711
71	36	1.01358
71	69	0.86277
71	76	0.951965
71	78	1.00393
71	84	1.06911
71	91	1.01018
71	96	0.987252
71	136	1.01298
71	156	1.04944
71	161	1.09972
71	163	1.06444
71	165	0.922809
71	168	1.05186
71	175	1.18877
71	177	1.04013
72	5	0.97277
72	41	1.00547
72	47	1.00678
72	51	1.00922
72	59	0.886481
72	74	1.01907
72	88	0.953356
72	136	0.996535
72	139	0.956527
72	143	1.10996
72	147	0.997234
72	150	0.970828
72	162	0.943752
72	165	1.12948
72	174	0.997796
72	175	1.1389
72	177	1.02368
72	180	1.14773
73	21	0.933806
73	24	1.10263
73	33	0.911585
73	40	0.987114
73	45	0.858891
73	50	1.02223
73	60	1.00636
73	68	0.952125
73	79	1.01165
73	137	0.988571
73	153	1.03809
73	159	0.999746
73	160	0.991562
73	163	0.995322
73	169	1.01929
73	176	1.14061
73	178	1.28723
73	179	1.0894
74	5	1.07905
74	47	1.11305
74	51	1.11549
74	59	0.992755
74	72	1.01907
74	75	0.809663
74	127	0.897855
74	136	1.10281
74	138	0.973851
74	150	1.0771
74	156	0.889789
74	159	0.909213
74	162	1.05003
74	165	1.0197
74	174	1.10407
74	175	1.02913
74	176	1.05007
74	177	1.12996
75	32	0.928576
75	74	0.809663
75	78	0.85746
75	100	0.908802
75	121	0.875867
75	128	0.894632
75	136	0.831257
75	158	1.10221
75	160	1.11523
75	164	1.07644
75	166	1.08339
75	168	1.11212
75	170	1.11097
75	171	1.07381
75	174	0.812424
75	175	1.04786
75	178	0.985897
75	179	1.06435
76	11	1.08739
76	23	0.958451
76	35	1.0464
76	36	1.01986
76	69	0.869053
76	71	0.951965
76	78	1.01021
76	96	0.993535
76	124	0.866066
76	126	1.00906
76	150	1.008
76	154	1.11643
76	163	1.02274
76	165	0.929092
76	173	1.06291
76	176	1.16803
76	177	1.04641
76	180	1.1559
77	18	1.06111
77	54	0.92373
77	86	1.0336
77	108	0.973773
77	117	0.931468
77	120	0.981537
77	125	0.991354
77	131	1.06539
77	133	0.955831
77	145	0.938268
77	160	1.00057
77	162	0.981318
77	163	0.996121
77	167	1.00214
77	174	1.03536
77	177	1.06125
77	178	0.871238
77	179	0.949693
78	11	1.13935
78	23	1.01041
78	25	1.01095
78	35	1.09836
78	36	1.07182
78	69	0.921013
78	71	1.00393
78	75	0.85746
78	76	1.01021
78	96	1.0455
78	138	1.02165
78	142	0.891719
78	147	0.935253
78	155	0.997677
78	165	0.981052
78	172	1.0948
78	177	1.09837
78	179	1.04667
78	180	1.08575
79	21	0.986788
79	24	1.15561
79	33	0.964567
79	45	0.911873
79	50	1.07522
79	60	1.05935
79	68	1.00511
79	73	1.01165
79	126	0.938978
79	135	0.938581
79	137	1.04155
79	149	1.1091
79	158	1.00113
79	161	0.987942
79	167	0.980561
79	169	1.07228
79	171	1.01025
79	179	1.04674
79	180	1.08582
80	1	1.00587
80	20	0.946973
80	22	0.978135
80	48	1.03685
80	89	1.01619
80	102	1.08206
80	106	1.00691
80	114	0.978067
80	117	1.01615
80	129	0.967021
80	142	1.01687
80	150	1.06299
80	156	1.06274
80	161	1.11302
80	168	1.06516
80	169	1.01823
80	170	1.07959
80	174	1.01967
80	176	0.918138
80	177	0.970943
81	2	1.04158
81	37	0.921613
81	64	1.00994
81	98	0.985682
81	103	1.03068
81	104	0.996497
81	111	1.0635
81	116	1.0029
81	121	1.01102
81	125	1.01526
81	134	1.13372
81	143	0.963849
81	144	0.996133
81	158	1.06438
81	160	1.01216
81	162	0.98564
81	163	1.01592
81	177	0.909121
81	179	1.11
81	180	1.14907
82	27	1.0638
82	41	1.02154
82	58	0.980046
82	70	0.996392
82	90	1.03207
82	97	0.977889
82	110	0.985665
82	111	1.07116
82	126	1.01695
82	128	1.00416
82	130	0.980708
82	131	0.979987
82	133	1.01433
82	144	1.01086
82	153	1.07341
82	161	1.06592
82	165	1.14555
82	170	1.03249
82	176	0.945816
82	180	0.938363
83	3	1.02559
83	9	1.02732
83	30	1.01452
83	32	0.958685
83	39	0.985456
83	54	1.05477
83	62	0.886998
83	86	0.945348
83	87	0.944393
83	92	1.04274
83	93	0.989882
83	124	0.857721
83	143	1.16941
83	146	1.14476
83	148	1.09065
83	154	1.1677
83	157	0.990497
83	163	1.07401
83	171	1.1316
83	177	0.96722
83	180	0.903197
84	61	0.930319
84	71	1.06911
84	86	1.02605
84	108	1.05103
84	110	1.0736
84	112	0.978487
84	119	1.04926
84	124	0.883768
84	133	0.948283
84	147	1.01652
84	155	0.973159
84	158	0.990419
84	159	1.00335
84	161	0.995034
84	171	0.962019
84	172	0.931989
84	173	0.987431
84	175	0.936067
84	177	1.06411
84	178	0.874103
84	179	0.952557
85	53	1.04209
85	58	1.03726
85	66	1.09375
85	101	1.09587
85	110	1.04287
85	128	1.06137
85	130	1.03792
85	131	1.0372
85	133	1.07154
85	134	1.06961
85	150	0.937063
85	153	0.994577
85	154	1.04549
85	155	0.996895
85	159	0.956229
85	163	1.06531
85	166	1.00897
85	167	0.979703
85	176	1.00303
85	177	0.845011
85	180	0.995572
86	3	1.02938
86	8	1.24341
86	30	1.01831
86	32	0.962474
86	39	0.989245
86	42	0.987016
86	54	1.05856
86	62	0.890787
86	77	1.0336
86	83	0.945348
86	84	1.02605
86	87	0.948182
86	93	0.993671
86	111	0.942683
86	124	0.86151
86	138	1.09043
86	142	0.960505
86	157	0.994286
86	159	1.0258
86	178	1.31328
86	180	0.906986
87	3	1.02842
87	9	1.03015
87	32	0.961519
87	39	0.98829
87	42	0.986061
87	54	1.0576
87	62	0.889831
87	83	0.944393
87	86	0.948182
87	93	0.992716
87	113	1.02894
87	124	0.860555
87	144	1.01508
87	147	1.01753
87	150	1.02012
87	157	0.99333
87	160	1.0311
87	170	1.03671
87	172	1.17708
87	174	1.36028
87	180	0.906031
88	15	1.18196
88	25	0.97683
88	43	1.0464
88	69	0.886889
88	72	0.953356
88	95	0.939698
88	115	1.09639
88	116	0.976236
88	121	0.958931
88	123	0.977731
88	134	0.957213
88	151	0.951132
88	157	0.93709
88	162	0.984316
88	165	0.946928
88	166	0.971733
88	172	0.932123
88	173	0.987565
88	174	1.03836
88	175	0.936201
88	177	1.06425
89	59	1.04615
89	68	0.975308
89	80	1.01619
89	93	0.944095
89	106	0.876513
89	125	0.917585
89	140	1.0668
89	141	0.959353
89	153	1.02011
89	156	1.05324
89	159	1.04701
89	162	0.922754
89	164	1.0083
89	166	1.01526
89	167	1.04867
89	168	1.04399
89	171	1.00568
89	172	0.975652
89	174	0.846006
89	175	0.97973
89	178	0.917766
89	179	0.99622
90	38	1.09222
90	67	0.965542
90	70	1.01657
90	82	1.03207
90	101	1.05884
90	110	1.00584
90	113	0.913419
90	121	1.30821
90	128	1.02434
90	130	1.00088
90	131	1.00016
90	133	1.03451
90	135	0.90526
90	139	0.861301
90	151	1.02801
90	163	1.02828
90	165	1.03425
90	172	1.06156
90	176	0.965993
90	177	0.812548
90	178	1.21125
90	180	0.958539
91	9	0.972979
91	47	0.884798
91	71	1.01018
91	114	0.889832
91	116	0.934046
91	119	0.990329
91	129	0.954149
91	130	0.985373
91	142	1.09558
91	151	0.994903
91	153	1.02035
91	157	0.8949
91	160	1.04734
91	163	1.04289
91	166	1.0155
91	168	1.04423
91	170	1.04308
91	171	1.00592
91	172	0.975894
91	175	0.979972
91	178	0.918007
91	179	0.996462
92	1	0.981158
92	7	0.896346
92	64	0.961853
92	83	1.04274
92	99	0.980591
92	105	0.895076
92	124	0.940178
92	128	0.958483
92	145	0.997542
92	153	1.03285
92	156	1.06599
92	159	1.05976
92	162	0.953023
92	164	1.02105
92	167	1.06142
92	168	1.05673
92	171	1.01843
92	172	0.988399
92	174	0.876275
92	175	0.992477
92	178	0.930512
92	179	1.00897
93	3	1.07391
93	9	1.07564
93	30	1.06285
93	39	1.03378
93	42	1.03155
93	54	1.10309
93	62	0.935321
93	83	0.989882
93	86	0.993671
93	87	0.992716
93	89	0.944095
93	124	0.906045
93	137	1.04434
93	147	0.988306
93	150	0.990897
93	157	1.03882
93	161	1.04092
93	166	1.0628
93	171	1.06323
93	176	1.15092
93	177	0.898845
93	180	0.951521
94	8	1.14514
94	49	0.978406
94	56	1.09321
94	61	1.04472
94	95	1.03062
94	99	1.00169
94	107	0.9859
94	109	1.06383
94	118	1.00163
94	119	0.998888
94	122	1.03166
94	124	1.23884
94	132	0.988296
94	143	0.984338
94	148	0.939738
94	153	0.965876
94	159	0.927528
94	161	0.958383
94	162	1.00613
94	171	0.980692
94	173	0.963272
94	176	1.06839
95	56	1.08628
95	61	1.03778
95	88	0.939698
95	94	1.03062
95	99	0.994756
95	107	0.978967
95	109	1.0569
95	118	0.994699
95	119	0.991955
95	122	1.02472
95	132	0.981363
95	143	0.977405
95	144	1.04603
95	152	0.925011
95	159	0.956184
95	162	0.999197
95	165	1.06667
95	168	0.939179
95	170	0.953612
95	175	1.0761
95	178	1.24367
95	180	1.08492
96	11	1.12267
96	23	0.993738
96	25	0.994281
96	35	1.08168
96	36	1.05515
96	69	0.90434
96	71	0.987252
96	76	0.993535
96	78	1.0455
96	124	0.901353
96	136	1.05455
96	137	1.03864
96	148	1.01658
96	149	0.945593
96	152	0.973192
96	158	1.04841
96	163	0.999941
96	165	0.964379
96	168	0.98736
96	175	1.12428
96	177	1.0817
96	179	1.09402
97	13	0.914601
97	35	0.917062
97	63	0.917584
97	82	0.977889
97	107	0.986238
97	110	1.01617
97	115	1.0557
97	154	0.992567
97	155	1.01382
97	159	1.04401
97	160	1.04409
97	161	1.03569
97	162	0.931548
97	167	1.04566
97	168	1.04098
97	170	1.03983
97	171	1.00268
97	173	1.02809
97	174	0.8548
97	175	0.976724
97	178	0.91476
97	179	0.993214
98	2	1.03069
98	18	0.947674
98	37	0.910726
98	64	0.999056
98	81	0.985682
98	103	1.01979
98	104	0.98561
98	116	0.992014
98	121	1.00013
98	125	1.00437
98	127	1.0565
98	143	0.952962
98	148	0.978974
98	150	1.04869
98	151	1.1721
98	158	1.1119
98	162	0.974753
98	163	1.06343
98	168	1.05085
98	169	1.02736
98	170	1.06528
98	173	1.1036
98	177	0.956638
99	49	0.942547
99	56	1.05735
99	61	1.00886
99	92	0.980591
99	94	1.00169
99	95	0.994756
99	107	0.950041
99	109	1.02797
99	111	0.933176
99	118	0.965773
99	119	0.963029
99	122	0.995797
99	132	0.952437
99	143	0.948479
99	144	1.0171
99	153	1.05464
99	159	1.01629
99	162	0.970271
99	165	1.12677
99	171	1.06945
99	176	1.15715
99	179	1.10595
99	180	1.14503
100	15	0.89802
100	29	0.930359
100	41	0.994831
100	43	0.994927
100	46	1.0048
100	63	1.01396
100	75	0.908802
100	105	1.05121
100	108	0.974999
100	112	1.00874
100	115	0.951199
100	120	0.982763
100	140	1.01557
100	147	0.986595
100	157	1.01491
100	163	0.997347
100	165	0.945156
100	167	1.03183
100	170	1.00578
100	172	1.14614
100	174	1.03659
100	176	1.14921
100	178	1.29583
101	27	1.09057
101	66	1.06331
101	67	0.972136
101	70	1.02316
101	85	1.09587
101	90	1.05884
101	110	1.01243
101	124	1.26708
101	128	1.03093
101	130	1.00748
101	131	1.00676
101	133	1.0411
101	137	1.04195
101	139	0.8933
101	142	0.890474
101	144	0.931559
101	148	0.967976
101	165	1.06625
101	168	0.93876
101	172	1.09355
101	173	0.991509
101	176	0.972586
101	179	1.04542
101	180	0.965133
102	7	1.11088
102	8	1.09036
102	12	1.10691
102	26	1.022
102	80	1.08206
102	106	1.13244
102	114	1.1036
102	117	1.14168
102	123	1.1182
102	127	0.861388
102	129	1.09255
102	137	0.907023
102	149	0.813975
102	150	0.85358
102	151	0.976995
102	155	0.913413
102	156	0.853322
102	157	1.12351
102	167	0.896221
102	169	1.14376
102	173	0.908491
102	174	1.1452
102	175	0.99266
102	176	1.04367
103	18	0.99267
103	22	0.908517
103	31	0.850878
103	37	0.955722
103	64	1.04405
103	81	1.03068
103	98	1.01979
103	104	1.03061
103	116	1.03701
103	121	1.04513
103	125	1.04937
103	136	1.07253
103	140	0.950584
103	141	1.02593
103	143	0.997957
103	148	1.02397
103	166	0.996106
103	169	1.07235
103	172	1.08116
103	173	0.979111
103	176	1.08423
103	177	0.832149
103	178	1.23085
103	180	1.0721
104	2	1.04151
104	18	0.958489
104	37	0.921541
104	64	1.00987
104	81	0.996497
104	98	0.98561
104	103	1.03061
104	116	1.00283
104	121	1.01095
104	125	1.01519
104	126	0.986725
104	136	1.03835
104	143	0.963777
104	144	0.980629
104	148	0.989789
104	151	1.10908
104	153	1.04318
104	158	1.04888
104	162	0.985568
104	169	1.03817
104	170	1.00226
104	173	1.04058
104	177	0.893617
104	178	1.29232
104	179	1.09449
105	15	0.958857
105	22	0.895925
105	29	0.991197
105	43	1.05577
105	46	1.06564
105	55	1.00844
105	63	1.0748
105	92	0.895076
105	100	1.05121
105	108	1.03584
105	112	1.06958
105	115	1.01204
105	120	1.0436
105	124	1.24209
105	126	0.912665
105	142	0.865484
105	146	0.997095
105	150	0.911609
105	157	1.07574
105	163	1.05818
105	165	1.00599
105	170	0.928203
105	172	1.06856
105	174	1.09743
105	175	1.05069
105	176	1.07164
106	1	1.05625
106	12	1.03176
106	20	0.99735
106	26	0.946844
106	48	1.08722
106	80	1.00691
106	89	0.876513
106	102	1.13244
106	114	1.02844
106	117	1.06652
106	123	1.04304
106	129	1.0174
106	140	0.949699
106	143	1.03345
106	146	1.0088
106	150	0.923315
106	154	1.03174
106	157	1.04836
106	163	0.938058
106	169	1.0686
106	171	0.995646
106	172	1.08027
106	173	0.978225
106	174	1.07004
106	175	1.06239
106	176	0.968515
107	10	1.00626
107	14	0.996898
107	44	1.03042
107	49	0.926757
107	56	1.04156
107	61	0.993067
107	94	0.9859
107	95	0.978967
107	97	0.986238
107	99	0.950041
107	109	1.01218
107	113	1.03307
107	118	0.949984
107	119	0.94724
107	122	0.980007
107	126	1.0253
107	132	0.936648
107	137	1.07769
107	143	0.93269
107	144	1.00131
107	145	1.16674
107	162	0.954481
107	168	1.02641
107	173	1.07916
107	176	1.18427
107	180	1.17215
108	15	0.882642
108	43	0.97955
108	46	0.989426
108	55	0.93223
108	63	0.998585
108	77	0.973773
108	84	1.05103
108	100	0.974999
108	105	1.03584
108	112	0.993363
108	115	0.935822
108	120	0.967386
108	135	1.03227
108	137	1.08505
108	141	0.973347
108	144	1.014
108	149	0.992007
108	150	1.03161
108	153	1.08913
108	157	0.999528
108	165	0.929778
108	167	1.07425
108	170	1.04821
108	173	1.08652
108	174	1.02121
108	178	1.33826
109	14	1.07483
109	49	1.00469
109	55	0.997476
109	56	1.1195
109	61	1.071
109	94	1.06383
109	95	1.0569
109	99	1.02797
109	107	1.01218
109	118	1.02792
109	119	1.02517
109	122	1.05794
109	132	1.01458
109	134	1.06623
109	143	1.01062
109	146	1.01917
109	152	0.921678
109	156	0.933427
109	162	1.03241
109	168	0.935847
109	171	1.00602
109	172	1.09064
109	173	0.988595
109	177	0.841633
109	179	1.04251
109	180	1.08159
110	58	0.953821
110	66	1.01032
110	67	0.919141
110	70	0.970167
110	82	0.985665
110	84	1.0736
110	85	1.04287
110	90	1.00584
110	97	1.01617
110	101	1.01243
110	127	1.06199
110	128	0.977935
110	130	0.954483
110	131	0.953762
110	133	0.98811
110	137	0.988957
110	148	1.08556
110	154	1.1626
110	155	1.11401
110	156	1.05392
110	163	0.981879
110	164	1.11757
110	171	1.12651
110	176	0.919591
110	177	0.962128
110	180	0.912138
111	3	0.874646
111	14	0.855947
111	18	1.02549
111	20	1.00342
111	29	1.08392
111	36	0.861941
111	59	1.02901
111	60	0.91887
111	81	1.0635
111	82	1.07116
111	86	0.942683
111	99	0.933176
111	116	1.06983
111	121	1.07795
111	130	1.03998
111	131	1.03925
111	132	0.981026
111	133	1.0736
111	139	1.10941
111	154	1.0203
111	166	1.03998
111	172	1.00037
111	174	0.82886
111	178	0.942488
111	179	1.02094
111	180	0.99763
112	29	0.948724
112	43	1.01329
112	44	0.965239
112	46	1.02317
112	63	1.03233
112	84	0.978487
112	100	1.00874
112	105	1.06958
112	108	0.993363
112	115	0.969564
112	120	1.00113
112	138	1.04287
112	141	1.00709
112	143	1.0692
112	144	1.04774
112	148	1.00513
112	149	0.919462
112	157	1.03327
112	158	1.02227
112	160	0.97005
112	161	1.00909
112	163	1.01571
112	165	0.96352
112	166	1.03097
112	174	1.05495
112	175	1.09815
112	176	1.1191
113	19	0.886016
113	56	0.914297
113	68	1.03093
113	87	1.02894
113	90	0.913419
113	107	1.03307
113	122	0.937292
113	131	1.04724
113	142	1.08878
113	151	0.9881
113	156	1.04668
113	160	1.04053
113	161	1.03213
113	162	0.978375
113	165	0.983895
113	166	1.0087
113	167	1.04211
113	168	1.03743
113	169	0.900429
113	170	1.03627
113	171	0.999121
113	173	1.02453
113	174	0.901627
113	175	0.973168
113	178	0.911204
113	179	0.989658
113	180	0.966345
114	1	1.02741
114	6	1.0042
114	7	1.00688
114	20	0.968508
114	26	0.918001
114	48	1.05838
114	80	0.978067
114	91	0.889832
114	102	1.1036
114	106	1.02844
114	117	1.03768
114	123	1.0142
114	129	0.988557
114	137	0.982785
114	140	0.955726
114	145	1.07184
114	154	1.03777
114	155	0.989175
114	157	1.01952
114	158	0.99255
114	164	0.992732
114	169	1.03976
114	172	1.0863
114	174	1.0412
114	176	0.939673
114	178	1.23599
114	179	1.03816
115	15	0.858843
115	29	0.891183
115	43	0.955751
115	46	0.965626
115	63	0.974785
115	88	1.09639
115	97	1.0557
115	100	0.951199
115	105	1.01204
115	108	0.935822
115	112	0.969564
115	120	0.943586
115	139	1.05041
115	141	0.949547
115	144	0.990196
115	147	1.09112
115	148	0.947587
115	152	1.0817
115	157	0.975728
115	163	0.95817
115	164	1.1571
115	165	0.905979
115	168	1.09587
115	171	1.16604
115	173	1.14862
115	174	0.997411
115	175	1.23279
116	2	1.04791
116	22	0.957873
116	37	0.927944
116	64	1.01627
116	81	1.0029
116	88	0.976236
116	91	0.934046
116	98	0.992014
116	103	1.03701
116	104	1.00283
116	111	1.06983
116	121	1.01735
116	125	1.02159
116	136	1.04475
116	141	0.998152
116	143	0.97018
116	148	0.996192
116	149	0.933951
116	151	1.09697
116	161	1.02358
116	162	0.991972
116	163	0.988299
116	164	1.03695
116	167	1.0162
116	169	1.04457
116	176	1.13358
116	179	1.08238
117	1	1.06549
117	6	1.04228
117	7	1.04496
117	12	1.041
117	26	0.956081
117	48	1.09646
117	77	0.931468
117	80	1.01615
117	102	1.14168
117	106	1.06652
117	114	1.03768
117	123	1.05228
117	124	1.23498
117	129	1.02664
117	140	0.930884
117	143	1.01464
117	149	0.864896
117	152	0.892494
117	157	1.0576
117	158	0.967708
117	160	0.915484
117	165	1.03415
117	168	0.906663
117	169	1.07784
117	171	0.976831
117	174	1.07928
117	176	0.977753
117	180	1.0524
118	10	1.02199
118	14	1.01263
118	22	0.982727
118	49	0.94249
118	55	0.935277
118	56	1.0573
118	61	1.0088
118	94	1.00163
118	95	0.994699
118	99	0.965773
118	107	0.949984
118	109	1.02792
118	119	0.962972
118	122	0.99574
118	132	0.95238
118	144	1.01704
118	145	1.1426
118	150	1.0001
118	152	0.988096
118	153	1.05762
118	155	1.05993
118	156	0.999844
118	160	1.01109
118	162	0.970213
118	166	1.07201
118	175	1.13918
118	179	1.10892
118	180	1.148
119	10	1.01925
119	14	1.00989
119	19	1.08031
119	22	0.979983
119	49	0.939746
119	61	1.00606
119	84	1.04926
119	91	0.990329
119	94	0.998888
119	95	0.991955
119	99	0.963029
119	107	0.94724
119	109	1.02517
119	118	0.962972
119	122	0.992996
119	132	0.949637
119	134	1.16239
119	139	0.986541
119	140	1.05622
119	143	0.945678
119	144	1.0143
119	147	1.02725
119	149	0.990234
119	151	1.15325
119	152	1.01783
119	155	1.08967
119	162	0.96747
119	166	1.10174
120	29	0.922747
120	43	0.987315
120	46	0.997191
120	63	1.00635
120	77	0.981537
120	100	0.982763
120	105	1.0436
120	108	0.967386
120	112	1.00113
120	115	0.943586
120	126	1.01693
120	137	1.06931
120	141	0.981111
120	144	1.02176
120	145	1.15837
120	148	0.979152
120	151	1.13928
120	155	1.0757
120	157	1.00729
120	160	1.02685
120	161	1.06589
120	163	0.989734
120	165	0.937543
120	167	1.05851
120	173	1.07078
120	174	1.02898
120	177	0.923818
120	179	1.12469
121	2	1.05603
121	18	0.973009
121	19	1.11293
121	37	0.936061
121	64	1.02439
121	75	0.875867
121	81	1.01102
121	88	0.958931
121	90	1.30821
121	98	1.00013
121	103	1.04513
121	104	1.01095
121	111	1.07795
121	116	1.01735
121	125	1.02971
121	126	0.957308
121	127	0.964059
121	136	1.05287
121	141	1.00627
121	143	0.978297
121	149	0.916646
121	153	1.01377
121	158	1.01946
121	162	1.00009
121	166	1.02816
121	169	1.05269
121	173	1.01116
121	176	1.11628
121	177	0.864199
122	10	1.05202
122	14	1.04265
122	19	1.11308
122	49	0.972513
122	56	1.08732
122	61	1.03882
122	94	1.03166
122	95	1.02472
122	99	0.995797
122	107	0.980007
122	109	1.05794
122	113	0.937292
122	118	0.99574
122	119	0.992996
122	132	0.982404
122	134	1.06102
122	138	1.01228
122	143	0.978446
122	144	1.04707
122	146	1.01396
122	154	1.0369
122	158	0.99168
122	162	1.00024
122	164	0.991861
122	165	1.05812
122	167	0.971113
122	168	0.930634
122	179	1.03729
122	180	1.07637
123	1	1.042
123	6	1.0188
123	7	1.02148
123	12	1.01752
123	20	0.983107
123	26	0.932601
123	48	1.07298
123	55	0.96682
123	88	0.977731
123	102	1.1182
123	106	1.04304
123	114	1.0142
123	117	1.05228
123	129	1.00316
123	142	0.928926
123	143	1.08519
123	148	1.00643
123	150	0.975051
123	154	1.08348
123	155	1.03488
123	156	0.974793
123	157	1.03412
123	163	0.989794
123	166	1.04696
123	168	0.977212
123	169	1.05436
123	171	1.04738
123	174	1.0558
123	176	0.954272
124	7	1.24336
124	23	0.866269
124	32	0.874847
124	35	0.954215
124	40	1.29612
124	45	1.5327
124	66	1.2768
124	69	0.776871
124	76	0.866066
124	83	0.857721
124	84	0.883768
124	86	0.86151
124	87	0.860555
124	92	0.940178
124	93	0.906045
124	94	1.23884
124	96	0.901353
124	101	1.26708
124	105	1.24209
124	117	1.23498
124	160	0.893547
124	171	0.852135
124	173	0.877546
124	174	1.22328
124	175	0.826182
124	177	0.954228
124	178	0.764218
124	179	0.842673
124	180	0.81936
125	2	1.06027
125	18	0.977253
125	19	1.11718
125	37	0.940305
125	64	1.02864
125	77	0.991354
125	81	1.01526
125	89	0.917585
125	98	1.00437
125	103	1.04937
125	104	1.01519
125	116	1.02159
125	121	1.02971
125	136	1.05712
125	139	0.921088
125	141	1.01051
125	143	0.982541
125	148	1.00855
125	152	0.95238
125	154	1.07281
125	162	1.00433
125	165	1.09404
125	166	1.03629
125	167	1.00703
125	169	1.05694
125	173	1.0193
125	176	1.12441
125	177	0.872335
125	179	1.07321
126	16	1.05257
126	29	1.14892
126	31	1.09573
126	51	0.875224
126	76	1.00906
126	79	0.938978
126	82	1.01695
126	104	0.986725
126	105	0.912665
126	107	1.0253
126	120	1.01693
126	121	0.957308
126	139	1.06878
126	141	1.00721
126	145	0.968892
126	146	1.0053
126	161	1.02279
126	164	0.992401
126	166	0.999359
126	167	1.03277
126	168	1.02808
126	170	1.02693
126	171	0.989779
126	172	0.959749
126	173	1.01519
126	175	0.963827
126	176	0.964458
126	178	0.901862
126	179	0.980317
126	180	0.957004
127	30	0.968783
127	36	0.933696
127	42	0.966858
127	54	0.904571
127	59	1.10076
127	69	1.18903
127	74	0.897855
127	98	1.0565
127	102	0.861388
127	110	1.06199
127	121	0.964059
127	132	1.05278
127	140	1.05551
127	145	0.973509
127	146	1.00992
127	151	0.983375
127	153	1.00882
127	154	0.984286
127	155	1.00554
127	156	1.04195
127	159	1.03573
127	160	1.03581
127	164	0.997018
127	170	1.03155
127	171	0.994396
127	172	0.964366
127	173	1.01981
127	175	0.968444
127	178	0.906479
127	179	0.984934
128	27	1.05607
128	38	1.06431
128	53	0.977151
128	58	0.972316
128	66	1.02881
128	67	0.937636
128	70	0.988662
128	75	0.894632
128	82	1.00416
128	85	1.06137
128	90	1.02434
128	92	0.958483
128	101	1.03093
128	110	0.977935
128	130	0.972978
128	133	1.0066
128	137	1.00745
128	144	0.969976
128	151	1.09843
128	156	0.974758
128	160	0.985998
128	163	1.00037
128	165	1.10467
128	166	1.04692
128	170	0.99161
128	171	1.04735
128	172	1.13197
128	176	0.938086
128	178	1.28166
128	180	0.930633
129	1	1.01636
129	6	0.993158
129	7	0.995835
129	12	0.991873
129	20	0.957462
129	22	0.988624
129	26	0.906955
129	48	1.04734
129	80	0.967021
129	91	0.954149
129	102	1.09255
129	106	1.0174
129	114	0.988557
129	117	1.02664
129	123	1.00316
129	140	1.02004
129	148	1.02504
129	149	0.954055
129	154	1.10209
129	156	0.993402
129	157	1.00847
129	164	1.05705
129	165	1.12331
129	166	1.06556
129	169	1.02871
129	170	1.01025
129	171	1.06599
129	172	1.15062
129	174	1.03016
129	176	0.928627
130	27	1.03262
130	38	1.04086
130	53	0.953699
130	58	0.948864
130	66	1.00536
130	67	0.914184
130	70	0.96521
130	82	0.980708
130	85	1.03792
130	90	1.00088
130	91	0.985373
130	101	1.00748
130	110	0.954483
130	111	1.03998
130	128	0.972978
130	131	0.948805
130	133	0.983153
130	142	0.978759
130	148	1.05626
130	150	1.02488
130	152	1.01288
130	154	1.13331
130	158	1.08809
130	159	1.04405
130	160	1.03587
130	161	1.07491
130	163	0.976922
130	175	1.16396
130	176	0.914634
130	178	1.33153
130	180	0.907181
131	27	1.0319
131	38	1.04014
131	53	0.952978
131	58	0.948143
131	66	1.00464
131	67	0.913463
131	70	0.964489
131	77	1.06539
131	82	0.979987
131	85	1.0372
131	90	1.00016
131	101	1.00676
131	110	0.953762
131	111	1.03925
131	113	1.04724
131	130	0.948805
131	133	0.982432
131	135	1.03908
131	137	0.983279
131	142	0.992296
131	146	1.12391
131	148	1.0698
131	149	0.998815
131	156	1.03816
131	160	1.0494
131	163	0.976201
131	164	1.10181
131	165	1.16807
131	175	1.1775
131	176	0.913914
131	180	0.90646
132	10	1.00866
132	14	0.999295
132	19	1.06972
132	22	0.969391
132	49	0.929154
132	55	0.921941
132	56	1.04396
132	61	0.995464
132	94	0.988296
132	95	0.981363
132	99	0.952437
132	107	0.936648
132	109	1.01458
132	111	0.981026
132	118	0.95238
132	119	0.949637
132	122	0.982404
132	127	1.05278
132	137	1.09842
132	138	1.12878
132	140	1.07136
132	143	0.935086
132	144	1.00371
132	156	1.04472
132	160	1.05596
132	162	0.956878
132	164	1.10836
132	166	1.11688
132	170	1.06157
132	177	0.952922
132	180	1.19288
133	27	1.06625
133	31	0.855541
133	38	1.07448
133	53	0.987326
133	58	0.982491
133	66	1.03899
133	67	0.947811
133	70	0.998837
133	77	0.955831
133	82	1.01433
133	84	0.948283
133	85	1.07154
133	90	1.03451
133	101	1.0411
133	110	0.98811
133	111	1.0736
133	128	1.0066
133	130	0.983153
133	131	0.982432
133	143	1.039
133	145	1.07136
133	151	1.05228
133	163	1.01055
133	165	1.05851
133	168	0.931025
133	170	0.945458
133	172	1.08582
133	175	1.06794
133	176	0.948261
133	178	1.23551
133	179	1.03769
133	180	0.940808
134	14	1.05244
134	49	1.22543
134	50	0.997545
134	57	1.15188
134	81	1.13372
134	85	1.06961
134	88	0.957213
134	109	1.06623
134	119	1.16239
134	122	1.06102
134	136	1.04419
134	138	0.930625
134	142	1.01511
134	145	0.904558
134	146	0.940967
134	147	0.979946
134	151	0.914425
134	152	0.995261
134	153	0.939869
134	154	0.915336
134	156	0.973004
134	157	1.06696
134	167	0.968434
134	168	0.963751
134	169	1.02416
134	170	0.962598
134	171	0.925446
134	172	0.895416
134	173	0.950857
134	175	0.899493
134	177	1.02754
134	178	0.837529
134	179	0.915983
135	9	1.01315
135	31	1.07479
135	32	1.00962
135	33	1.11646
135	40	0.9663
135	54	0.897423
135	55	1.09345
135	67	1.1106
135	79	0.938581
135	90	0.90526
135	108	1.03227
135	131	1.03908
135	139	1.04784
135	140	1.02995
135	141	1.00682
135	148	0.995221
135	151	0.957817
135	153	0.983261
135	154	0.958728
135	155	0.979977
135	156	1.0164
135	158	0.997237
135	159	1.01017
135	161	1.00185
135	162	0.970216
135	166	0.978417
135	168	1.00714
135	170	1.00599
135	171	0.968838
135	172	0.938808
135	173	0.994249
135	178	0.880921
