1	7	0.934013
1	9	1.01284
1	17	0.919721
1	18	0.926373
1	19	0.884918
1	22	0.909614
1	40	0.979763
1	42	0.979807
1	83	2.02665
1	95	1.5495
1	134	3.79587
1	171	0.82053
2	11	0.823316
2	13	0.736534
2	14	0.968454
2	16	0.82166
2	28	0.911348
2	31	0.804896
2	33	0.874652
2	43	0.874464
2	92	0.860011
2	153	2.37819
2	169	0.756024
2	177	3.67199
3	7	0.836649
3	9	0.915474
3	17	0.822357
3	18	0.829009
3	19	0.787554
3	22	0.81225
3	40	0.8824
3	42	0.882443
3	81	0.873532
3	140	1.38664
3	162	5.19148
3	171	0.723166
4	6	0.795758
4	32	0.869797
4	34	0.841206
4	45	0.824469
4	61	0.882829
4	62	0.866473
4	70	0.866653
4	118	0.853781
4	145	3.24416
4	148	2.75512
4	149	0.878769
4	174	0.751797
5	8	0.878302
5	15	0.987385
5	29	0.954827
5	37	4.2
5	38	0.856771
5	39	0.938735
5	52	0.920595
5	55	0.984446
5	59	0.984652
5	83	1.77894
5	86	0.907243
5	177	1.7688
6	4	0.795758
6	32	0.883676
6	35	0.769765
6	36	0.85315
6	45	0.838347
6	62	0.880351
6	70	0.880531
6	118	0.867659
6	149	0.892647
6	170	2.45544
6	174	0.765676
6	178	4.81922
7	1	0.934013
7	3	0.836649
7	17	0.82647
7	18	0.833123
7	19	0.791667
7	22	0.816363
7	40	0.886513
7	42	0.886556
7	81	0.877646
7	130	1.794
7	157	3.92415
7	171	0.727279
8	5	0.878302
8	15	0.873427
8	24	0.855928
8	29	0.840869
8	30	0.85504
8	38	0.742813
8	39	0.824777
8	52	0.806637
8	55	0.870488
8	59	0.870694
8	154	2.85101
8	179	3.52928
9	1	1.01284
9	3	0.915474
9	17	0.905295
9	18	0.911947
9	19	1.04146
9	22	0.895187
9	40	0.965337
9	42	0.965381
9	95	1.86934
9	138	1.92744
9	143	2.659
9	171	0.806103
10	12	0.895127
10	21	0.889573
10	23	0.996121
10	25	0.995712
10	27	0.887879
10	41	0.957078
10	113	0.927109
10	126	0.95561
10	131	0.935669
10	142	2.31364
10	156	1.46013
10	178	5.61358
11	2	0.823316
11	13	0.741141
11	14	0.973061
11	16	0.826267
11	28	0.915955
11	31	0.809504
11	33	0.87926
11	43	0.879071
11	107	0.817007
11	121	2.02093
11	163	6.46985
11	169	0.760631
12	10	0.895127
12	21	0.785752
12	23	0.8923
12	25	0.891891
12	27	0.784057
12	41	0.853257
12	69	3.31244
12	79	0.830221
12	113	0.823287
12	126	0.851789
12	129	2.9144
12	131	0.831848
13	2	0.736534
13	11	0.741141
13	14	0.886279
13	16	0.739485
13	28	0.829172
13	31	0.722721
13	33	0.792477
13	43	0.792289
13	92	0.777836
13	107	0.730225
13	154	5.00342
13	169	0.673848
14	2	0.968454
14	11	0.973061
14	13	0.886279
14	16	0.971405
14	31	0.954641
14	33	1.0244
14	43	1.02421
14	73	2.15788
14	109	3.78155
14	116	1.81431
14	169	0.905769
15	5	0.987385
15	8	0.873427
15	29	0.949952
15	38	0.851896
15	39	0.93386
15	52	0.91572
15	55	0.979572
15	59	0.979777
15	110	0.925723
15	143	1.28448
15	169	4.19322
15	177	1.83734
16	2	0.82166
16	11	0.826267
16	13	0.739485
16	14	0.971405
16	28	0.914299
16	31	0.807848
16	33	0.877603
16	43	0.877415
16	63	2.49084
16	107	0.815351
16	156	3.04754
16	169	0.758975
17	1	0.919721
17	3	0.822357
17	7	0.82647
17	9	0.905295
17	18	0.81883
17	22	0.80207
17	40	0.87222
17	42	0.872264
17	81	0.863353
17	128	3.12579
17	143	2.58149
17	171	0.712986
18	1	0.926373
18	3	0.829009
18	7	0.833123
18	9	0.911947
18	17	0.81883
18	19	0.784027
18	22	0.808723
18	40	0.878873
18	42	0.878916
18	153	3.19443
18	155	2.58663
18	171	0.719639
19	1	0.884918
19	3	0.787554
19	7	0.791667
19	9	1.04146
19	18	0.784027
19	22	0.767267
19	40	0.837417
19	42	0.837461
19	145	2.9501
19	158	2.40015
19	171	1.66075
19	172	7.43261
20	29	0.113203
20	30	0.220305
20	45	0.0871797
20	105	0.924604
20	159	0.948082
20	162	0.916585
20	163	0.898041
20	168	0.909317
20	173	0.955047
20	175	0.939488
20	177	0.955819
20	179	0.934669
21	10	0.889573
21	12	0.785752
21	23	0.886747
21	25	0.886337
21	27	0.778504
21	41	0.847704
21	46	0.742492
21	79	0.824668
21	113	0.817734
21	126	0.846236
21	131	0.826295
21	150	4.28901
21	174	2.52336
22	1	0.909614
22	3	0.81225
22	7	0.816363
22	9	0.895187
22	17	0.80207
22	18	0.808723
22	19	0.767267
22	40	0.862113
22	42	0.862157
22	81	0.853246
22	153	2.69025
22	167	3.57259
22	171	0.702879
23	10	0.996121
23	12	0.8923
23	21	0.886747
23	25	0.992885
23	27	0.885052
23	41	0.954251
23	113	0.924282
23	126	0.952783
23	131	0.932842
23	140	1.27785
23	156	1.79405
23	180	5.24486
24	8	0.855928
24	29	0.932454
24	30	0.946625
24	38	0.834397
24	39	0.916362
24	52	0.898222
24	55	0.962073
24	59	0.962279
24	79	2.47487
24	86	0.88487
24	110	0.908224
24	170	2.70528
24	178	5.06907
25	10	0.995712
25	12	0.891891
25	21	0.886337
25	23	0.992885
25	27	0.884642
25	41	0.953842
25	95	0.856128
25	113	0.923873
25	126	0.952374
25	131	0.932433
25	132	3.10749
25	160	2.89524
26	44	0.921082
26	58	0.904887
26	65	0.888789
26	66	0.889039
26	71	0.885492
26	72	0.952192
26	75	0.874978
26	78	0.993511
26	80	0.925386
26	121	3.50078
26	131	1.50893
26	143	0.892236
26	167	3.21535
27	10	0.887879
27	12	0.784057
27	21	0.778504
27	23	0.885052
27	25	0.884642
27	41	0.846009
27	46	0.740797
27	79	0.822973
27	113	0.816039
27	126	0.844541
27	131	0.8246
27	160	3.21417
27	167	3.28634
28	2	0.911348
28	11	0.915955
28	13	0.829172
28	16	0.914299
28	31	0.897535
28	33	0.967291
28	43	0.967103
28	92	0.95265
28	105	6.3
28	107	0.905039
28	165	2.27677
28	169	0.848663
28	180	2.92623
29	5	0.954827
29	8	0.840869
29	15	0.949952
29	20	0.113203
29	24	0.932454
29	30	0.931566
29	38	0.819338
29	52	0.883162
29	55	0.947014
29	59	0.947219
29	110	0.893165
29	128	2.27431
29	175	3.81046
30	8	0.85504
30	20	0.220305
30	24	0.946625
30	29	0.931566
30	38	0.833509
30	39	0.915473
30	52	0.897333
30	55	0.961185
30	59	0.961391
30	86	0.883982
30	110	0.907336
30	138	1.82738
30	166	4.02761
31	2	0.804896
31	11	0.809504
31	13	0.722721
31	14	0.954641
31	16	0.807848
31	28	0.897535
31	33	0.86084
31	43	0.860652
31	92	0.846199
31	107	0.798587
31	131	2.04702
31	133	4.22358
31	169	0.742211
32	4	0.869797
32	6	0.883676
32	34	0.929123
32	35	0.843804
32	45	0.912386
32	61	0.970746
32	62	0.95439
32	70	0.95457
32	85	1.54225
32	125	1.88338
32	149	0.966686
32	152	7.06837
32	174	0.839715
33	2	0.874652
33	11	0.87926
33	13	0.792477
33	14	1.0244
33	16	0.877603
33	28	0.967291
33	31	0.86084
33	43	0.930407
33	92	0.915955
33	107	0.868343
33	120	3.30498
33	140	1.25628
33	158	3.66668
33	169	0.811967
34	4	0.841206
34	32	0.929123
34	35	0.815213
34	36	0.898598
34	45	0.883795
34	61	0.942155
34	62	0.925799
34	70	0.925979
34	81	0.90753
34	149	0.938095
34	159	2.71027
34	161	1.61831
34	174	0.811124
34	180	4.18862
35	6	0.769765
35	32	0.843804
35	34	0.815213
35	36	0.813278
35	45	0.798475
35	61	0.856835
35	62	0.840479
35	70	0.840659
35	81	0.822211
35	118	0.827787
35	135	2.76721
35	149	0.852775
35	152	6.73163
35	174	0.725804
36	6	0.85315
36	34	0.898598
36	35	0.813278
36	45	0.88186
36	61	0.940221
36	62	0.923865
36	70	0.924045
36	81	0.905596
36	118	0.911173
36	149	0.936161
36	151	3.43807
36	156	1.25773
36	173	3.09759
36	174	0.809189
37	5	4.2
37	99	0.705619
37	134	0.763989
37	151	0.764855
37	155	0.813107
37	156	0.815379
37	167	0.762606
37	170	0.738171
37	175	0.743616
37	176	0.731394
37	177	0.759947
37	178	0.721997
37	179	0.738796
37	180	0.729462
38	5	0.856771
38	8	0.742813
38	15	0.851896
38	24	0.834397
38	29	0.819338
38	30	0.833509
38	39	0.803246
38	52	0.785106
38	55	0.848957
38	59	0.849163
38	86	0.771754
38	110	0.795109
38	121	2.57828
38	150	5.21069
39	5	0.938735
39	8	0.824777
39	15	0.93386
39	24	0.916362
39	30	0.915473
39	38	0.803246
39	52	0.86707
39	55	0.930921
39	59	0.931127
39	86	0.853718
39	110	0.877073
39	148	2.15187
39	161	1.95309
39	174	3.95529
40	1	0.979763
40	3	0.8824
40	7	0.886513
40	9	0.965337
40	17	0.87222
40	18	0.878873
40	19	0.837417
40	22	0.862113
40	42	0.932307
40	81	0.923396
40	149	0.819901
40	155	1.76325
40	158	4.69869
40	171	0.773029
41	10	0.957078
41	12	0.853257
41	21	0.847704
41	23	0.954251
41	25	0.953842
41	27	0.846009
41	46	0.809997
41	79	0.892173
41	108	3.27828
41	113	0.885239
41	126	0.91374
41	131	0.893799
41	137	2.11707
41	151	2.98107
42	1	0.979807
42	3	0.882443
42	7	0.886556
42	9	0.965381
42	17	0.872264
42	18	0.878916
42	19	0.837461
42	22	0.862157
42	40	0.932307
42	81	0.923439
42	154	3.48512
42	155	1.94816
42	171	0.773073
42	174	3.55404
43	2	0.874464
43	11	0.879071
43	13	0.792289
43	14	1.02421
43	16	0.877415
43	28	0.967103
43	31	0.860652
43	33	0.930407
43	92	0.915766
43	107	0.868155
43	145	2.67871
43	161	1.99089
43	169	0.811779
43	177	3.25236
44	26	0.921082
44	56	0.869676
44	58	0.868402
44	65	0.852304
44	66	0.852554
44	67	0.92358
44	68	0.851993
44	72	0.915707
44	75	0.838493
44	80	0.888901
44	118	0.90514
44	143	0.855751
44	146	2.6728
44	168	4.27107
44	180	2.28371
45	4	0.824469
45	6	0.838347
45	20	0.0871797
45	32	0.912386
45	34	0.883795
45	35	0.798475
45	36	0.88186
45	61	0.925418
45	62	0.909062
45	70	0.909242
45	118	0.89637
45	139	3.21237
45	149	0.921358
45	167	3.74743
45	174	0.794386
46	21	0.742492
46	27	0.740797
46	41	0.809997
46	73	0.766892
46	80	3.23639
46	114	0.770009
46	126	0.808529
46	131	0.788588
46	145	0.762361
46	152	0.701342
46	167	0.74244
46	176	0.711228
46	177	0.739781
46	178	0.701831
46	179	0.71863
47	53	0.913645
47	76	0.869596
47	77	0.879676
47	82	0.912785
47	84	0.904333
47	88	0.899344
47	91	0.899055
47	93	0.898633
47	95	2.32503
47	97	0.942264
47	99	6.6
47	150	0.800274
47	164	0.802388
47	178	3.15832
47	180	0.814692
48	87	0.960768
48	89	0.849989
48	96	1.06535
48	98	0.932798
48	100	0.824955
48	101	0.926938
48	102	0.817045
48	103	0.826308
48	110	0.860472
48	112	0.859606
48	115	3.62867
48	119	0.839837
48	124	0.898752
48	143	1.32426
48	173	3.04589
49	54	0.876522
49	74	0.845612
49	89	0.877473
49	90	0.868561
49	94	0.863069
49	98	0.960282
49	99	0.786548
49	100	0.852439
49	101	0.954421
49	119	0.867321
49	124	0.926236
49	129	1.80657
49	140	0.874428
49	148	1.50343
49	180	5.15658
50	56	0.872179
50	58	0.870905
50	63	2.30916
50	65	0.854807
50	66	0.855058
50	68	0.854497
50	71	0.85151
50	72	0.91821
50	75	0.840996
50	78	0.959529
50	80	0.891404
50	116	2.02874
50	117	3.22334
50	118	0.907643
50	143	0.858254
51	60	0.989433
51	74	0.82139
51	89	0.853251
51	96	1.06861
51	98	0.93606
51	100	0.828217
51	101	0.9302
51	102	0.820307
51	103	0.829571
51	113	0.856901
51	119	0.843099
51	124	0.902015
51	127	2.29761
51	131	1.8666
51	132	3.71311
52	5	0.920595
52	8	0.806637
52	15	0.91572
52	24	0.898222
52	29	0.883162
52	30	0.897333
52	38	0.785106
52	39	0.86707
52	55	0.912781
52	59	0.912987
52	86	0.835578
52	110	0.858933
52	149	1.61634
52	173	3.48376
52	177	3.49521
53	47	0.913645
53	57	0.897188
53	76	0.867662
53	82	0.910851
53	84	0.902399
53	88	0.89741
53	91	0.897121
53	93	0.896699
53	97	0.94033
53	140	2.16175
53	150	0.798339
53	164	0.800454
53	170	4.82941
53	175	2.76615
53	180	0.812758
54	49	0.876522
54	74	0.815157
54	85	1.22892
54	90	0.838107
54	94	0.832614
54	96	1.06238
54	98	0.929828
54	100	0.821985
54	102	0.814074
54	103	0.823338
54	110	0.857502
54	112	0.856635
54	114	3.32361
54	119	0.836866
54	124	0.895782
54	130	3.04113
55	5	0.984446
55	8	0.870488
55	15	0.979572
55	24	0.962073
55	29	0.947014
55	30	0.961185
55	38	0.848957
55	39	0.930921
55	52	0.912781
55	59	0.976839
55	79	1.43478
55	86	0.89943
55	110	0.922784
55	170	4.44914
55	175	2.38588
55	177	2.0385
56	44	0.869676
56	50	0.872179
56	58	0.85348
56	65	0.837382
56	66	0.837633
56	67	0.908658
56	68	0.837072
56	71	0.834085
56	72	0.900785
56	75	0.823572
56	78	0.942104
56	80	0.873979
56	143	0.840829
56	147	5.03189
56	165	2.15352
56	176	2.33561
57	53	0.897188
57	76	0.853139
57	77	0.863219
57	82	0.896328
57	84	0.887875
57	88	0.882887
57	91	0.882598
57	93	0.882176
57	97	0.925806
57	120	3.04827
57	126	0.897468
57	137	1.84115
57	150	0.783816
57	164	0.78593
57	165	4.37294
57	180	0.798235
58	26	0.904887
58	44	0.868402
58	50	0.870905
58	56	0.85348
58	65	0.836109
58	66	0.836359
58	67	0.907384
58	68	0.835798
58	71	0.832812
58	75	0.822298
58	78	0.940831
58	80	0.872706
58	125	4.30588
58	140	2.48398
58	143	0.839556
58	155	1.95894
59	5	0.984652
59	8	0.870694
59	15	0.979777
59	24	0.962279
59	29	0.947219
59	30	0.961391
59	38	0.849163
59	39	0.931127
59	52	0.912987
59	55	0.976839
59	85	1.88913
59	86	0.899635
59	106	6.9
59	110	0.92299
59	155	1.86933
59	173	2.18307
60	51	0.989433
60	69	1.48756
60	74	0.952289
60	89	0.98415
60	90	0.975239
60	94	0.969746
60	96	0.503606
60	100	0.959116
60	102	0.951206
60	112	0.993767
60	119	0.973998
60	124	1.03291
60	127	1.17023
60	140	0.981105
60	160	2.38967
60	168	6.4269
61	4	0.882829
61	32	0.970746
61	34	0.942155
61	35	0.856835
61	36	0.940221
61	45	0.925418
61	62	0.967422
61	70	0.967602
61	79	1.79035
61	81	0.949153
61	118	0.95473
61	122	1.4784
61	149	0.979718
61	159	2.40678
61	162	5.02729
61	174	0.852746
62	4	0.866473
62	6	0.880351
62	32	0.95439
62	34	0.925799
62	35	0.840479
62	36	0.923865
62	45	0.909062
62	61	0.967422
62	70	0.951246
62	81	0.932797
62	117	1.1985
62	118	0.938374
62	127	2.48023
62	146	4.47347
62	149	0.963362
62	150	4.00031
62	174	0.836391
63	16	2.49084
63	50	2.30916
63	115	0.796064
63	125	0.823821
63	155	0.863125
63	157	0.799843
63	165	0.792017
63	167	0.812624
63	170	0.788189
63	172	0.750462
63	173	0.809193
63	175	0.793634
63	176	0.781413
63	177	0.809965
63	178	0.772015
63	179	0.788815
64	110	2.36289
64	112	0.204435
64	116	0.887126
64	136	0.78215
64	147	0.767975
64	150	0.763564
64	152	0.770029
64	159	0.800731
64	164	0.765679
64	167	0.811127
64	170	0.786692
64	173	0.807696
64	175	0.792137
64	176	0.779916
64	177	0.808468
64	178	0.770519
64	179	0.787318
65	26	0.888789
65	44	0.852304
65	50	0.854807
65	56	0.837382
65	58	0.836109
65	66	0.820261
65	67	0.891286
65	68	0.8197
65	71	0.816714
65	72	0.883414
65	75	0.8062
65	78	0.924733
65	80	0.856608
65	129	3.24935
65	143	0.823457
65	148	2.94621
65	161	2.74743
66	26	0.889039
66	44	0.852554
66	50	0.855058
66	56	0.837633
66	58	0.836359
66	65	0.820261
66	67	0.891537
66	68	0.819951
66	71	0.816964
66	75	0.80645
66	78	0.924983
66	80	0.856858
66	111	1.9356
66	118	0.873097
66	138	1.15969
66	143	0.823708
66	168	7.00203
67	44	0.92358
67	56	0.908658
67	58	0.907384
67	65	0.891286
67	66	0.891537
67	68	0.890976
67	71	0.887989
67	72	0.954689
67	75	0.877476
67	78	0.996008
67	80	0.927883
67	111	1.58158
67	118	0.944122
67	139	2.36922
67	143	0.894733
67	147	6.96811
67	149	1.42505
68	44	0.851993
68	50	0.854497
68	56	0.837072
68	58	0.835798
68	65	0.8197
68	66	0.819951
68	67	0.890976
68	71	0.816403
68	72	0.883103
68	75	0.80589
68	78	0.924422
68	80	0.856297
68	118	0.872536
68	131	1.85603
68	143	0.823147
68	161	2.71244
68	173	3.96246
69	12	3.31244
69	60	1.48756
69	128	0.848439
69	140	0.847433
69	150	0.768978
69	152	0.775443
69	159	0.806145
69	165	0.795934
69	167	0.816541
69	168	0.767379
69	175	0.797551
69	176	0.785329
69	177	0.813882
69	178	0.775932
69	179	0.792731
69	180	0.783396
70	4	0.866653
70	6	0.880531
70	32	0.95457
70	34	0.925979
70	35	0.840659
70	36	0.924045
70	45	0.909242
70	61	0.967602
70	62	0.951246
70	81	0.932977
70	116	1.10685
70	118	0.938554
70	128	2.40003
70	149	0.963542
70	171	7.46454
70	173	2.20919
70	174	0.836571
71	26	0.885492
71	50	0.85151
71	56	0.834085
71	58	0.832812
71	65	0.816714
71	66	0.816964
71	67	0.887989
71	68	0.816403
71	72	0.880117
71	75	0.802903
71	78	0.921436
71	80	0.853311
71	118	0.869549
71	135	1.37753
71	143	0.82016
71	176	4.30342
71	179	3.4746
72	26	0.952192
72	44	0.915707
72	50	0.91821
72	56	0.900785
72	65	0.883414
72	67	0.954689
72	68	0.883103
72	71	0.880117
72	75	0.869603
72	78	0.988136
72	80	0.920011
72	114	1.6127
72	118	0.936249
72	135	2.12424
72	143	0.886861
72	148	1.80853
72	165	4.86803
73	14	2.15788
73	46	0.766892
73	98	1.829
73	122	0.841694
73	132	0.811731
73	135	0.854173
73	143	0.827952
73	147	0.761395
73	150	0.756984
73	162	0.762653
73	168	0.755385
73	170	0.780112
73	172	0.742384
73	173	0.801115
73	175	0.785557
73	177	0.801888
73	178	0.763938
73	179	0.780737
74	49	0.845612
74	51	0.82139
74	54	0.815157
74	60	0.952289
74	86	0.803237
74	87	0.926887
74	94	0.801704
74	96	1.03147
74	100	0.791074
74	101	0.893057
74	102	0.783164
74	103	0.792427
74	112	0.825724
74	119	0.805956
74	120	1.74675
74	124	0.864871
74	136	4.46226
74	164	3.88905
75	26	0.874978
75	44	0.838493
75	50	0.840996
75	56	0.823572
75	58	0.822298
75	65	0.8062
75	66	0.80645
75	67	0.877476
75	68	0.80589
75	71	0.802903
75	72	0.869603
75	78	0.910922
75	80	0.842797
75	111	2.39692
75	118	0.859036
75	130	2.64686
75	143	0.809647
75	160	3.70424
76	47	0.869596
76	53	0.867662
76	57	0.853139
76	77	0.833693
76	82	0.866802
76	84	0.85835
76	88	0.853361
76	91	0.853072
76	93	0.85265
76	97	0.896281
76	116	0.877852
76	126	0.867943
76	146	4.85373
76	150	0.754291
76	159	2.98628
76	164	0.756405
76	175	2.22156
76	180	0.768709
77	47	0.879676
77	57	0.863219
77	76	0.833693
77	82	0.876882
77	84	0.86843
77	88	0.863441
77	91	0.863152
77	92	0.872544
77	93	0.86273
77	97	0.906361
77	104	0.754159
77	111	1.58591
77	126	0.878023
77	150	0.764371
77	164	0.766485
77	174	4.11759
77	177	3.37686
77	180	0.778789
78	26	0.993511
78	50	0.959529
78	56	0.942104
78	58	0.940831
78	65	0.924733
78	66	0.924983
78	67	0.996008
78	68	0.924422
78	71	0.921436
78	72	0.988136
78	75	0.910922
78	80	0.96133
78	118	0.977568
78	122	2.42214
78	134	2.33778
78	143	0.928179
78	151	2.09024
78	156	1.57876
78	171	6.93546
79	12	0.830221
79	21	0.824668
79	24	2.47487
79	27	0.822973
79	41	0.892173
79	55	1.43478
79	61	1.79035
79	113	0.862203
79	126	0.890705
79	131	0.870763
79	140	0.855508
79	147	0.781463
79	150	0.777052
79	151	0.826864
79	161	0.848967
79	176	0.793404
79	177	0.821957
79	178	0.784007
79	179	0.800806
80	26	0.925386
80	44	0.888901
80	46	3.23639
80	50	0.891404
80	56	0.873979
80	58	0.872706
80	65	0.856608
80	66	0.856858
80	67	0.927883
80	68	0.856297
80	71	0.853311
80	72	0.920011
80	75	0.842797
80	78	0.96133
80	118	0.909443
80	129	1.32968
80	143	0.860054
80	145	1.51558
80	179	3.43931
81	3	0.873532
81	7	0.877646
81	17	0.863353
81	22	0.853246
81	34	0.90753
81	35	0.822211
81	36	0.905596
81	40	0.923396
81	42	0.923439
81	61	0.949153
81	62	0.932797
81	70	0.932977
81	83	2.19441
81	139	2.3483
81	144	1.77447
81	149	0.945093
81	163	9.73015
81	171	0.764162
81	174	0.818122
82	47	0.912785
82	53	0.910851
82	57	0.896328
82	76	0.866802
82	77	0.876882
82	84	0.901539
82	88	0.89655
82	91	0.896262
82	93	0.895839
82	97	0.93947
82	104	0.787268
82	116	0.921041
82	126	0.911132
82	127	1.3639
82	132	2.7794
82	149	1.15796
82	150	0.79748
82	164	0.799594
82	176	5.22968
82	180	0.811898
83	1	2.02665
83	5	1.77894
83	81	2.19441
83	104	0.783542
83	131	0.887464
83	144	0.863278
83	151	0.843565
83	157	0.828535
83	160	0.848022
83	162	0.799423
83	168	0.792155
83	170	0.816881
83	172	0.779154
83	173	0.837885
83	175	0.822326
83	176	0.810105
83	177	0.838658
83	178	0.800708
83	179	0.817507
83	180	0.808172
84	47	0.904333
84	53	0.902399
84	57	0.887875
84	76	0.85835
84	77	0.86843
84	82	0.901539
84	88	0.888098
84	91	0.887809
84	92	0.8972
84	93	0.887387
84	97	0.931018
84	116	0.912589
84	126	0.902679
84	138	1.49496
84	150	0.789027
84	153	2.6658
84	155	2.05801
84	164	0.791141
84	175	4.30698
84	180	0.803446
85	32	1.54225
85	54	1.22892
85	59	1.88913
85	110	0.15387
85	154	0.87531
85	155	0.943887
85	161	0.917738
85	162	0.851492
85	165	0.872779
85	166	0.897223
85	167	0.893386
85	168	0.844224
85	170	0.868951
85	171	0.810236
85	172	0.831224
85	173	0.889954
85	175	0.874396
85	176	0.862174
85	178	0.852777
85	179	0.869576
86	5	0.907243
86	24	0.88487
86	30	0.883982
86	38	0.771754
86	39	0.853718
86	52	0.835578
86	55	0.89943
86	59	0.899635
86	74	0.803237
86	87	0.945876
86	90	0.826186
86	96	1.05046
86	101	0.912046
86	110	0.845581
86	112	0.844714
86	116	1.21301
86	119	0.824945
86	124	0.883861
86	142	2.86646
86	151	3.22967
86	158	3.93448
87	48	0.960768
87	74	0.926887
87	86	0.945876
87	89	0.958748
87	90	0.949836
87	94	0.944344
87	96	0.539934
87	99	0.867823
87	100	0.933714
87	101	1.0357
87	102	0.925804
87	103	0.935067
87	112	0.968364
87	117	1.51397
87	119	0.948596
87	124	1.00751
87	125	2.21074
87	137	2.47219
87	140	0.955703
87	159	2.87749
87	178	6.53981
88	47	0.899344
88	53	0.89741
88	57	0.882887
88	76	0.853361
88	77	0.863441
88	82	0.89655
88	84	0.888098
88	91	0.88282
88	92	0.892211
88	93	0.882398
88	97	0.926029
88	104	0.773827
88	116	0.9076
88	126	0.897691
88	140	3.1335
88	149	1.66511
88	150	0.784039
88	156	2.65874
88	161	3.24858
88	164	0.786153
88	180	0.798457
89	48	0.849989
89	49	0.877473
89	51	0.853251
89	60	0.98415
89	87	0.958748
89	90	0.839057
89	94	0.833565
89	98	0.930778
89	99	0.757044
89	100	0.822935
89	101	0.924917
89	102	0.815025
89	103	0.824288
89	107	2.13403
89	110	0.858452
89	112	0.857585
89	124	0.896732
89	127	1.98803
89	135	2.92792
89	140	0.844924
89	175	4.02228
90	49	0.868561
90	54	0.838107
90	60	0.975239
90	86	0.826186
90	87	0.949836
90	89	0.839057
90	96	1.05442
90	100	0.814024
90	101	0.916006
90	102	0.806114
90	103	0.815377
90	110	0.849541
90	112	0.848674
90	113	0.842708
90	119	0.828905
90	124	0.887821
90	140	0.836013
90	144	2.06262
90	164	4.80576
90	167	1.57985
90	179	3.3414
91	47	0.899055
91	53	0.897121
91	57	0.882598
91	76	0.853072
91	77	0.863152
91	82	0.896262
91	84	0.887809
91	88	0.88282
91	92	0.891923
91	93	0.882109
91	97	0.92574
91	104	0.773538
91	109	3.41845
91	116	0.907312
91	126	0.897402
91	137	1.81945
91	150	0.78375
91	155	1.60729
91	164	0.785864
91	176	4.53333
91	180	0.798169
92	2	0.860011
92	13	0.777836
92	28	0.95265
92	31	0.846199
92	33	0.915955
92	43	0.915766
92	77	0.872544
92	84	0.8972
92	88	0.892211
92	91	0.891923
92	93	0.891501
92	97	0.935131
92	107	0.853702
92	130	1.818
92	135	1.3031
92	136	5.43774
92	150	0.793141
92	164	0.795255
92	169	0.797326
92	170	4.46073
92	180	0.80756
93	47	0.898633
93	53	0.896699
93	57	0.882176
93	76	0.85265
93	77	0.86273
93	82	0.895839
93	84	0.887387
93	88	0.882398
93	91	0.882109
93	92	0.891501
93	97	0.925318
93	104	0.773116
93	116	0.906889
93	126	0.89698
93	138	1.20477
93	150	0.783328
93	164	0.785442
93	166	2.4455
93	167	2.29844
93	169	5.06578
93	180	0.797746
94	49	0.863069
94	54	0.832614
94	60	0.969746
94	74	0.801704
94	87	0.944344
94	89	0.833565
94	96	1.04892
94	98	0.916374
94	99	0.74264
94	100	0.808531
94	101	0.910513
94	102	0.800621
94	103	0.809884
94	107	2.78464
94	112	0.843181
94	113	0.837215
94	116	1.63709
94	119	0.823413
94	124	0.882328
94	140	0.83052
94	143	2.59244
94	144	4.39683
95	1	1.5495
95	9	1.86934
95	25	0.856128
95	47	2.32503
95	121	0.87781
95	144	0.885399
95	148	0.889451
95	153	0.883777
95	159	0.853042
95	161	0.88779
95	164	0.817989
95	166	0.867275
95	167	0.863438
95	168	0.814276
95	170	0.839003
95	173	0.860006
95	174	0.834249
95	175	0.844448
95	176	0.832227
95	177	0.860779
95	178	0.822829
95	179	0.839629
96	48	1.06535
96	51	1.06861
96	54	1.06238
96	60	0.503606
96	74	1.03147
96	86	1.05046
96	87	0.539934
96	90	1.05442
96	94	1.04892
96	98	0.448534
96	100	1.03829
96	101	0.34614
96	102	1.03038
96	103	1.03965
96	104	6.9
96	112	1.07295
96	113	1.06698
96	119	1.05318
96	123	8.4
96	124	0.354047
96	155	1.50838
96	172	11.7674
97	47	0.942264
97	53	0.94033
97	57	0.925806
97	76	0.896281
97	77	0.906361
97	82	0.93947
97	84	0.931018
97	88	0.926029
97	91	0.92574
97	92	0.935131
97	93	0.925318
97	104	0.816747
97	116	0.95052
97	122	1.57585
97	126	0.940611
97	133	2.55021
97	144	2.56284
97	150	0.826958
97	160	2.0079
97	164	0.829073
97	176	4.67043
97	180	0.841377
98	48	0.932798
98	49	0.960282
98	51	0.93606
98	54	0.929828
98	73	1.829
98	89	0.930778
98	94	0.916374
98	96	0.448534
98	100	0.905744
98	101	1.00773
98	102	0.897834
98	103	0.907098
98	110	0.941261
98	112	0.940395
98	113	0.934428
98	119	0.920626
98	124	0.979541
98	128	1.19987
98	140	0.927733
98	149	1.37471
98	154	3.06045
98	179	3.73873
99	37	0.705619
99	47	6.6
99	49	0.786548
99	87	0.867823
99	89	0.757044
99	94	0.74264
99	101	0.833993
99	109	0.716711
99	112	0.766661
99	119	0.746892
99	124	0.805808
99	140	0.754
99	141	0.665183
99	143	0.746512
99	165	0.7025
99	166	0.726944
99	171	0.639958
99	172	0.660945
99	175	0.704117
99	177	0.720448
99	178	0.682498
99	179	0.699298
100	48	0.824955
100	49	0.852439
100	51	0.828217
100	54	0.821985
100	60	0.959116
100	74	0.791074
100	87	0.933714
100	89	0.822935
100	90	0.814024
100	94	0.808531
100	96	1.03829
100	98	0.905744
100	101	0.899884
100	103	0.799255
100	112	0.832552
100	119	0.812783
100	122	3.22362
100	124	0.871698
100	131	2.02142
100	140	0.81989
100	149	1.29436
100	175	4.48668
101	48	0.926938
101	49	0.954421
101	51	0.9302
101	74	0.893057
101	86	0.912046
101	87	1.0357
101	89	0.924917
101	90	0.916006
101	94	0.910513
101	96	0.34614
101	98	1.00773
101	99	0.833993
101	100	0.899884
101	102	0.891974
101	103	0.901237
101	119	0.914765
101	124	0.973681
101	140	0.921873
101	143	1.85833
101	149	1.6361
101	153	2.29761
101	157	4.18054
101	177	3.59141
102	48	0.817045
102	51	0.820307
102	54	0.814074
102	60	0.951206
102	74	0.783164
102	87	0.925804
102	89	0.815025
102	90	0.806114
102	94	0.800621
102	96	1.03038
102	98	0.897834
102	101	0.891974
102	103	0.791344
102	110	0.825508
102	112	0.824641
102	113	0.818675
102	119	0.804873
102	124	0.863788
102	139	1.5259
102	140	0.81198
102	141	11.4
102	160	1.98879
102	166	2.04797
103	48	0.826308
103	51	0.829571
103	54	0.823338
103	74	0.792427
103	87	0.935067
103	89	0.824288
103	90	0.815377
103	94	0.809884
103	96	1.03965
103	98	0.907098
103	100	0.799255
103	101	0.901237
103	102	0.791344
103	110	0.834772
103	112	0.833905
103	113	0.827939
103	119	0.814136
103	124	0.873052
103	139	1.94422
103	140	0.821244
103	142	2.85656
103	161	1.62927
103	164	5.70519
104	77	0.754159
104	82	0.787268
104	83	0.783542
104	88	0.773827
104	91	0.773538
104	93	0.773116
104	96	6.9
104	97	0.816747
104	106	0.689262
104	117	0.774694
104	128	0.754218
104	139	0.763386
104	140	0.753212
104	150	0.674757
104	151	0.724569
104	152	0.681222
104	164	0.676871
104	172	0.660157
104	175	0.70333
104	177	0.719661
104	178	0.681711
104	179	0.69851
104	180	0.689175
105	20	0.924604
105	28	6.3
105	130	0.77601
105	132	0.753404
105	136	0.717243
105	141	0.688295
105	152	0.705122
105	154	0.728144
105	158	0.734004
105	160	0.752925
105	163	0.685782
105	166	0.750057
105	167	0.74622
105	170	0.721785
105	172	0.684057
105	175	0.72723
105	176	0.715008
105	177	0.743561
105	178	0.705611
105	179	0.72241
105	180	0.713075
106	59	6.9
106	104	0.689262
106	123	0.699109
106	132	0.754221
106	133	0.741872
106	140	0.777929
106	145	0.766958
106	146	0.730288
106	147	0.703885
106	151	0.749286
106	153	0.767376
106	158	0.734821
106	160	0.753742
106	161	0.771389
106	168	0.697875
106	170	0.722602
106	172	0.684875
106	173	0.743605
106	174	0.717847
106	176	0.715825
106	177	0.744378
106	178	0.706428
106	179	0.723227
107	11	0.817007
107	13	0.730225
107	16	0.815351
107	28	0.905039
107	31	0.798587
107	33	0.868343
107	43	0.868155
107	89	2.13403
107	92	0.853702
107	94	2.78464
107	119	0.968123
107	128	0.824991
107	142	0.792636
107	145	0.813013
107	153	0.813432
107	154	0.775016
107	165	0.772485
107	168	0.743931
107	169	0.749715
107	175	0.774102
107	176	0.761881
107	177	0.790434
107	178	0.752484
107	179	0.769283
108	41	3.27828
108	112	1.97486
108	139	0.816847
108	144	0.797742
108	147	0.732629
108	149	0.873563
108	153	0.79612
108	156	0.828554
108	160	0.782486
108	163	0.715343
108	165	0.755174
108	166	0.779618
108	168	0.726619
108	169	0.732403
108	170	0.751346
108	173	0.772349
108	174	0.746592
108	175	0.756791
108	176	0.74457
108	177	0.773122
108	178	0.735172
108	179	0.751972
109	14	3.78155
109	91	3.41845
109	99	0.716711
109	127	0.831581
109	131	0.819846
109	134	0.775082
109	139	0.814764
109	141	0.715774
109	143	0.797103
109	144	0.795659
109	146	0.756949
109	152	0.7326
109	155	0.824199
109	157	0.760917
109	163	0.713261
109	165	0.753091
109	167	0.773698
109	170	0.749263
109	171	0.690549
109	173	0.770267
109	175	0.754708
109	177	0.771039
109	178	0.733089
109	179	0.749889
110	15	0.925723
110	24	0.908224
110	29	0.893165
110	30	0.907336
110	38	0.795109
110	39	0.877073
110	48	0.860472
110	52	0.858933
110	54	0.857502
110	55	0.922784
110	59	0.92299
110	64	2.36289
110	85	0.15387
110	86	0.845581
110	89	0.858452
110	90	0.849541
110	98	0.941261
110	102	0.825508
110	103	0.834772
110	112	0.868069
110	119	0.8483
110	124	0.907215
110	149	1.61048
110	159	4.61918
110	166	3.24267
111	66	1.9356
111	67	1.58158
111	75	2.39692
111	77	1.58591
111	122	0.879167
111	136	0.813042
111	146	0.82527
111	148	0.868032
111	153	0.862359
111	156	0.894792
111	157	0.829238
111	160	0.848724
111	161	0.866371
111	165	0.821412
111	166	0.845856
111	168	0.792858
111	169	0.798642
111	172	0.779857
111	173	0.838588
111	174	0.81283
111	175	0.823029
111	176	0.810808
111	177	0.839361
111	178	0.801411
111	179	0.81821
112	48	0.859606
112	54	0.856635
112	60	0.993767
112	64	0.204435
112	74	0.825724
112	86	0.844714
112	87	0.968364
112	89	0.857585
112	90	0.848674
112	94	0.843181
112	96	1.07295
112	98	0.940395
112	99	0.766661
112	100	0.832552
112	102	0.824641
112	103	0.833905
112	108	1.97486
112	110	0.868069
112	113	0.861236
112	117	2.16419
112	119	0.847433
112	124	0.906349
112	140	0.854541
112	162	5.08124
112	176	3.52753
113	10	0.927109
113	12	0.823287
113	21	0.817734
113	23	0.924282
113	25	0.923873
113	27	0.816039
113	41	0.885239
113	51	0.856901
113	79	0.862203
113	90	0.842708
113	94	0.837215
113	96	1.06698
113	98	0.934428
113	102	0.818675
113	103	0.827939
113	112	0.861236
113	119	0.841467
113	124	0.900382
113	126	0.883771
113	131	0.86383
113	133	2.82621
113	153	1.47373
113	166	2.50313
113	177	2.76753
113	179	4.11761
114	46	0.770009
114	54	3.32361
114	72	1.6127
114	119	1.25048
114	127	0.865547
114	137	0.857739
114	141	0.749739
114	145	0.827584
114	147	0.764512
114	148	0.833676
114	151	0.809913
114	154	0.789587
114	159	0.797267
114	160	0.814369
114	162	0.76577
114	165	0.787056
114	167	0.807664
114	172	0.745501
114	173	0.804232
114	174	0.778474
114	175	0.788674
114	176	0.776452
114	177	0.805005
114	178	0.767055
114	179	0.783854
115	48	3.62867
115	63	0.796064
115	124	2.60326
115	134	0.764917
115	137	0.81361
115	138	0.861062
115	140	0.794426
115	144	0.785495
115	148	0.789547
115	151	0.765783
115	160	0.770239
115	163	0.703096
115	165	0.742927
115	166	0.767371
115	167	0.763534
115	168	0.714372
115	169	0.720156
115	170	0.739099
115	173	0.760102
115	175	0.744544
115	176	0.732322
115	177	0.760875
115	178	0.722925
115	179	0.739724
115	180	0.73039
116	14	1.81431
116	50	2.02874
116	64	0.887126
116	70	1.10685
116	76	0.877852
116	82	0.921041
116	84	0.912589
116	86	1.21301
116	88	0.9076
116	91	0.907312
116	93	0.906889
116	94	1.63709
116	97	0.95052
116	127	0.913976
116	150	0.80853
116	151	0.858342
116	161	0.880444
116	163	0.795655
116	164	0.810644
116	173	0.852661
116	175	0.837103
116	176	0.824881
116	177	0.853434
116	178	0.815484
116	179	0.832283
116	180	0.822948
117	50	3.22334
117	62	1.1985
117	87	1.51397
117	104	0.774694
117	112	2.16419
117	125	0.843665
117	148	0.858481
117	151	0.834717
117	153	0.852808
117	155	0.882969
117	156	0.885241
117	159	0.822072
117	160	0.839173
117	161	0.85682
117	163	0.772031
117	165	0.811861
117	168	0.783307
117	169	0.789091
117	170	0.808033
117	172	0.770306
117	173	0.829037
117	174	0.803279
117	175	0.813478
117	176	0.801257
117	177	0.829809
117	178	0.79186
117	179	0.808659
118	4	0.853781
118	6	0.867659
118	35	0.827787
118	36	0.911173
118	44	0.90514
118	45	0.89637
118	50	0.907643
118	61	0.95473
118	62	0.938374
118	66	0.873097
118	67	0.944122
118	68	0.872536
118	70	0.938554
118	71	0.869549
118	72	0.936249
118	75	0.859036
118	78	0.977568
118	80	0.909443
118	137	2.25014
118	138	1.29631
118	143	0.876293
118	145	2.21146
118	149	0.95067
118	156	1.95684
118	157	3.37425
118	169	5.14099
118	174	0.823699
119	48	0.839837
119	49	0.867321
119	51	0.843099
119	54	0.836866
119	60	0.973998
119	74	0.805956
119	86	0.824945
119	87	0.948596
119	90	0.828905
119	94	0.823413
119	96	1.05318
119	98	0.920626
119	99	0.746892
119	100	0.812783
119	101	0.914765
119	102	0.804873
119	103	0.814136
119	107	0.968123
119	110	0.8483
119	112	0.847433
119	113	0.841467
119	114	1.25048
119	124	0.88658
119	140	0.834772
119	173	2.49755
119	174	3.24973
119	179	3.85908
120	33	3.30498
120	57	3.04827
120	74	1.74675
120	123	0.753056
120	129	0.833653
120	132	0.808168
120	139	0.84205
120	144	0.822945
120	145	0.820905
120	146	0.784234
120	150	0.753421
120	154	0.782908
120	158	0.788768
120	159	0.790588
120	160	0.807689
120	161	0.825335
120	163	0.740546
120	165	0.780376
120	167	0.800984
120	168	0.751822
120	172	0.738821
120	173	0.797552
120	176	0.769772
120	177	0.798325
120	178	0.760375
120	179	0.777174
120	180	0.767839
121	11	2.02093
121	26	3.50078
121	38	2.57828
121	95	0.87781
121	128	0.826365
121	129	0.827135
121	141	0.736542
121	145	0.814387
121	148	0.820479
121	149	0.892248
121	151	0.796715
121	152	0.753368
121	157	0.781685
121	160	0.801171
121	162	0.752573
121	165	0.773859
121	166	0.798303
121	168	0.745304
121	170	0.770031
121	171	0.711317
121	173	0.791034
121	175	0.775476
121	176	0.763255
121	177	0.791807
121	178	0.753857
121	179	0.770657
121	180	0.761322
122	61	1.4784
122	73	0.841694
122	78	2.42214
122	97	1.57585
122	100	3.22362
122	111	0.879167
122	141	0.759317
122	143	0.840647
122	145	0.837162
122	148	0.843254
122	151	0.819491
122	155	0.867743
122	156	0.870014
122	161	0.841593
122	162	0.775348
122	164	0.771793
122	165	0.796634
122	166	0.821079
122	167	0.817242
122	168	0.76808
122	172	0.755079
122	173	0.81381
122	174	0.788052
122	175	0.798252
122	176	0.78603
122	177	0.814583
122	178	0.776633
122	179	0.793432
122	180	0.784097
123	96	8.4
123	106	0.699109
123	120	0.753056
123	129	0.764836
123	132	0.73935
123	134	0.73355
123	135	0.781792
123	137	0.782242
123	145	0.752087
123	146	0.715417
123	148	0.758179
123	153	0.752506
123	157	0.719385
123	158	0.719951
123	161	0.756518
123	163	0.671729
123	165	0.711559
123	166	0.736004
123	167	0.732166
123	169	0.688789
123	172	0.670004
123	173	0.728735
123	174	0.702977
123	176	0.700955
123	177	0.729508
123	178	0.691558
123	179	0.708357
123	180	0.699022
124	48	0.898752
124	49	0.926236
124	51	0.902015
124	54	0.895782
124	60	1.03291
124	74	0.864871
124	86	0.883861
124	87	1.00751
124	89	0.896732
124	90	0.887821
124	94	0.882328
124	96	0.354047
124	98	0.979541
124	99	0.805808
124	100	0.871698
124	101	0.973681
124	102	0.863788
124	103	0.873052
124	110	0.907215
124	112	0.906349
124	113	0.900382
124	115	2.60326
124	119	0.88658
124	140	0.893687
124	144	2.10324
124	151	2.36096
124	157	2.62107
124	165	4.02874
124	173	2.02048
125	32	1.88338
125	58	4.30588
125	63	0.823821
125	87	2.21074
125	117	0.843665
125	130	0.821081
125	137	0.841367
125	138	0.888819
125	141	0.733367
125	146	0.774542
125	148	0.817304
125	151	0.79354
125	152	0.750193
125	154	0.773215
125	157	0.77851
125	162	0.749398
125	163	0.730854
125	164	0.745842
125	165	0.770684
125	166	0.795128
125	167	0.791291
125	170	0.766856
125	172	0.729129
125	173	0.78786
125	175	0.772301
125	176	0.76008
125	177	0.788632
125	179	0.767482
126	10	0.95561
126	12	0.851789
126	21	0.846236
126	23	0.952783
126	25	0.952374
126	27	0.844541
126	41	0.91374
126	46	0.808529
126	57	0.897468
126	76	0.867943
126	77	0.878023
126	79	0.890705
126	82	0.911132
126	84	0.902679
126	88	0.897691
126	91	0.897402
126	93	0.89698
126	97	0.940611
126	113	0.883771
126	131	0.892331
126	134	4.06635
126	138	1.88945
126	142	3.36334
126	148	2.33484
126	150	0.79862
126	156	1.54621
126	164	0.800735
126	166	3.13312
126	180	0.813039
127	51	2.29761
127	60	1.17023
127	62	2.48023
127	82	1.3639
127	89	1.98803
127	109	0.831581
127	114	0.865547
127	116	0.913976
127	130	0.867767
127	132	0.845161
127	145	0.857898
127	149	0.935759
127	150	0.790414
127	152	0.796879
127	155	0.888478
127	156	0.89075
127	159	0.827581
127	163	0.77754
127	165	0.81737
127	166	0.841814
127	167	0.837977
127	168	0.788816
127	169	0.7946
127	170	0.813542
127	172	0.775815
127	173	0.834546
127	175	0.818987
127	176	0.806766
127	177	0.835318
127	178	0.797369
127	179	0.814168
128	17	3.12579
128	29	2.27431
128	69	0.848439
128	70	2.40003
128	98	1.19987
128	104	0.754218
128	107	0.824991
128	121	0.826365
128	135	0.861619
128	136	0.783015
128	137	0.862068
128	143	0.835398
128	144	0.833954
128	146	0.795243
128	154	0.793917
128	155	0.862494
128	156	0.864765
128	157	0.799211
128	160	0.818698
128	161	0.836344
128	165	0.791385
128	168	0.762831
128	171	0.728843
128	172	0.74983
128	173	0.808561
128	175	0.793003
128	176	0.780781
128	177	0.809334
128	178	0.771384
128	179	0.788183
129	12	2.9144
129	49	1.80657
129	65	3.24935
129	80	1.32968
129	120	0.833653
129	121	0.827135
129	123	0.764836
129	133	0.807598
129	139	0.853829
129	143	0.836168
129	145	0.832684
129	147	0.769611
129	153	0.833103
129	154	0.794687
129	155	0.863264
129	157	0.799982
129	160	0.819468
129	161	0.837115
129	162	0.77087
129	165	0.792156
129	166	0.8166
129	168	0.763602
129	169	0.769385
129	172	0.750601
129	173	0.809332
129	175	0.793773
129	176	0.781552
129	177	0.810104
129	178	0.772154
129	179	0.788954
129	180	0.779619
130	7	1.794
130	54	3.04113
130	75	2.64686
130	92	1.818
130	105	0.77601
130	125	0.821081
130	127	0.867767
130	133	0.804719
130	134	0.811268
130	135	0.85951
130	137	0.85996
130	139	0.85095
130	142	0.809428
130	145	0.829805
130	146	0.793135
130	153	0.830223
130	155	0.860385
130	162	0.767991
130	163	0.749447
130	165	0.789277
130	166	0.813721
130	168	0.760722
130	170	0.785449
130	172	0.747722
130	173	0.806452
130	175	0.790894
130	176	0.778673
130	177	0.807225
130	178	0.769275
130	179	0.786075
130	180	0.77674
131	10	0.935669
131	12	0.831848
131	21	0.826295
131	23	0.932842
131	25	0.932433
131	26	1.50893
131	27	0.8246
131	31	2.04702
131	41	0.893799
131	46	0.788588
131	51	1.8666
131	68	1.85603
131	79	0.870763
131	83	0.887464
131	100	2.02142
131	109	0.819846
131	113	0.86383
131	126	0.892331
131	142	0.825786
131	152	0.785144
131	157	0.813461
131	163	0.765805
131	165	0.805635
131	167	0.826242
131	168	0.77708
131	172	0.76408
131	173	0.822811
131	174	0.797053
131	175	0.807252
131	176	0.795031
131	178	0.785633
132	25	3.10749
132	51	3.71311
132	73	0.811731
132	82	2.7794
132	105	0.753404
132	106	0.754221
132	120	0.808168
132	123	0.73935
132	127	0.845161
132	136	0.758301
132	139	0.828344
132	140	0.81817
132	142	0.786822
132	145	0.807199
132	147	0.744126
132	150	0.739715
132	153	0.807617
132	158	0.775062
132	159	0.776882
132	160	0.793983
132	161	0.81163
132	162	0.745385
132	163	0.72684
132	165	0.766671
132	170	0.762843
132	171	0.704128
132	172	0.725116
132	174	0.758089
132	175	0.768288
132	176	0.756066
132	178	0.746669
132	180	0.754134
133	31	4.22358
133	97	2.55021
133	106	0.741872
133	113	2.82621
133	129	0.807598
133	130	0.804719
133	134	0.776313
133	137	0.825005
133	138	0.872457
133	145	0.79485
133	148	0.800942
133	150	0.727366
133	152	0.733831
133	153	0.795268
133	154	0.756853
133	155	0.82543
133	156	0.827702
133	158	0.762714
133	159	0.764533
133	160	0.781634
133	163	0.714492
133	165	0.754322
133	166	0.778766
133	168	0.725767
133	169	0.731551
133	170	0.750494
133	173	0.771497
133	175	0.755939
133	176	0.743718
133	177	0.77227
133	178	0.73432
133	179	0.75112
134	1	3.79587
134	37	0.763989
134	78	2.33778
134	109	0.775082
134	115	0.764917
134	123	0.73355
134	126	4.06635
134	130	0.811268
134	133	0.776313
134	136	0.7525
134	138	0.879005
134	142	0.781022
134	146	0.764728
134	147	0.738326
134	148	0.80749
134	153	0.801817
134	154	0.763402
134	155	0.831979
134	157	0.768696
134	158	0.769262
134	159	0.771082
134	161	0.805829
134	162	0.739584
134	163	0.72104
134	166	0.785315
134	168	0.732316
134	169	0.7381
134	171	0.698328
134	172	0.719315
134	175	0.762488
134	176	0.750266
134	177	0.778819
134	178	0.740869
134	179	0.757668
135	35	2.76721
135	71	1.37753
135	72	2.12424
135	73	0.854173
135	89	2.92792
135	92	1.3031
135	123	0.781792
135	128	0.861619
135	130	0.85951
135	145	0.849641
135	146	0.812971
135	148	0.855733
135	151	0.831969
135	156	0.882493
135	158	0.817505
135	159	0.819324
135	160	0.836425
135	161	0.854072
135	162	0.787827
135	163	0.769283
135	164	0.784271
135	165	0.809113
135	166	0.833557
135	168	0.780558
135	169	0.786342
135	170	0.805285
135	171	0.746571
135	172	0.767558
135	173	0.826289
135	174	0.800531
135	175	0.81073
135	176	0.798509
135	177	0.827061
135	178	0.789111
135	179	0.805911
136	64	0.78215
136	74	4.46226
136	92	5.43774
136	105	0.717243
136	111	0.813042
136	128	0.783015
136	132	0.758301
136	134	0.7525
136	142	0.750661
136	144	0.773078
136	145	0.771038
136	146	0.734368
136	151	0.753366
136	155	0.801618
136	156	0.80389
136	159	0.740721
136	161	0.775469
136	162	0.709223
136	163	0.690679
136	164	0.705668
136	165	0.73051
136	167	0.751117
136	168	0.701955
136	169	0.707739
136	170	0.726682
136	173	0.747685
136	174	0.721927
136	175	0.732127
136	176	0.719905
136	177	0.748458
136	178	0.710508
136	179	0.727307
136	180	0.717973
137	41	2.11707
137	57	1.84115
137	87	2.47219
137	91	1.81945
137	114	0.857739
137	115	0.81361
137	118	2.25014
137	123	0.782242
137	125	0.841367
137	128	0.862068
137	130	0.85996
137	133	0.825005
