1	28	0.861789
1	37	0.785145
1	44	0.851563
1	48	0.842158
1	59	0.886286
1	77	0.848297
1	97	0.816019
1	104	0.809364
1	105	0.860398
1	106	0.861184
1	152	2.40835
1	166	2.55584
2	43	0.789495
2	47	0.781592
2	83	0.87015
2	92	0.871402
2	114	0.814399
2	117	0.862978
2	118	0.851747
2	120	0.852018
2	138	0.847319
2	145	3.22176
2	156	0.857307
2	171	1.98964
3	86	0.934482
3	109	0.99017
3	110	0.949188
3	122	1.18474
3	125	1.01418
3	126	0.926226
3	127	0.965891
3	132	1.76438
3	134	2.28914
3	156	0.988171
3	170	0.915022
4	13	0.894621
4	16	0.996449
4	30	0.882764
4	39	0.942988
4	51	0.928502
4	53	1.02248
4	56	0.928576
4	133	0.896025
4	161	0.924444
4	167	2.85235
4	169	1.29359
4	171	1.84738
5	12	0.811236
5	13	0.810782
5	16	0.91261
5	19	0.821142
5	30	0.798924
5	51	0.844662
5	53	0.938641
5	56	0.844737
5	133	0.812186
5	146	1.4615
5	161	0.840605
5	179	3.67073
6	70	0.899067
6	89	0.866445
6	103	0.829114
6	110	0.818894
6	111	0.820171
6	125	0.883883
6	126	0.795932
6	127	0.835597
6	155	0.855973
6	170	0.784729
6	176	1.73634
6	179	3.41786
7	25	0.895001
7	41	0.88225
7	60	0.837359
7	62	0.847955
7	68	0.819974
7	79	0.807169
7	93	0.868025
7	100	0.835577
7	155	0.853435
7	158	1.48427
7	163	3.79715
7	178	0.74783
8	34	0.900272
8	35	0.985396
8	67	0.925598
8	68	0.926973
8	79	0.914168
8	93	0.975025
8	100	0.942576
8	107	1.43462
8	140	0.909062
8	155	0.960435
8	175	3.28304
8	178	0.854829
9	26	0.856124
9	44	0.853443
9	65	0.815511
9	77	0.850178
9	96	0.823991
9	97	0.8179
9	104	0.811244
9	105	0.862279
9	106	0.863065
9	150	0.835689
9	171	1.89576
9	174	3.44526
10	54	0.894098
10	95	0.895905
10	117	0.879669
10	119	0.877529
10	127	1.36158
10	152	0.853408
10	157	0.779724
10	163	0.796963
10	175	0.801362
10	176	0.851594
10	179	0.807653
10	180	0.838489
11	84	1.63691
11	135	0.931852
11	156	0.674132
11	157	0.788908
11	166	0.851059
11	169	0.869366
11	172	0.857615
11	174	0.810814
11	175	0.810546
11	177	0.821597
11	178	0.794582
11	180	0.847673
12	5	0.811236
12	13	0.804483
12	16	0.906312
12	30	0.792626
12	39	0.85285
12	51	0.838364
12	53	0.932343
12	56	0.838438
12	133	0.805888
12	161	0.834307
12	170	2.02338
12	175	3.16456
13	4	0.894621
13	5	0.810782
13	12	0.804483
13	30	0.792171
13	39	0.852395
13	51	0.837909
13	53	0.931888
13	56	0.837984
13	133	0.805433
13	160	2.36444
13	161	0.833852
13	169	2.72818
14	40	0.887029
14	54	0.863848
14	63	0.845016
14	71	0.83949
14	73	0.833906
14	88	0.829416
14	95	0.865654
14	138	0.852669
14	149	1.4097
14	152	0.823158
14	163	0.766712
14	179	3.77612
15	63	0.945697
15	71	0.940171
15	73	0.934586
15	81	0.931334
15	88	0.930096
15	95	0.966335
15	102	2.01071
15	138	0.95335
15	147	2.08473
15	152	0.923838
15	163	0.867393
15	178	2.39506
16	4	0.996449
16	5	0.91261
16	12	0.906312
16	19	0.916218
16	39	0.954224
16	51	0.939738
16	56	0.939812
16	78	1.48953
16	133	0.907261
16	150	1.62164
16	161	0.935681
16	166	2.45963
17	26	0.988928
17	67	1.091
17	94	0.878565
17	101	0.925161
17	140	0.873319
17	154	0.866291
17	160	0.843934
17	170	0.809969
17	173	0.825735
17	176	0.841804
17	180	0.8287
18	21	0.801346
18	66	0.827234
18	76	0.868661
18	84	0.868353
18	91	0.855376
18	94	0.842532
18	101	0.889128
18	132	0.826708
18	141	2.03675
18	151	2.81573
18	154	0.830259
18	176	0.805771
19	5	0.821142
19	16	0.916218
19	30	0.802532
19	39	0.862756
19	51	0.84827
19	53	0.942249
19	56	0.848344
19	133	0.815794
19	145	2.57
19	161	0.844213
19	179	2.39692
20	37	0.800921
20	59	0.902061
20	65	0.829406
20	77	0.864073
20	96	0.837887
20	97	0.831795
20	102	0.772981
20	104	0.82514
20	105	0.876174
20	130	2.59964
20	150	0.849584
20	173	2.59809
21	18	0.801346
21	22	0.812657
21	66	0.829752
21	76	0.871178
21	84	0.87087
21	91	0.857893
21	94	0.845049
21	101	0.891645
21	149	1.41144
21	154	0.832776
21	167	3.72379
21	176	0.808289
22	21	0.812657
22	23	0.797725
22	50	0.850006
22	91	0.866687
22	94	0.853843
22	101	0.90044
22	132	0.83802
22	137	0.834042
22	154	0.84157
22	173	1.90858
22	174	3.39456
22	176	0.817083
23	22	0.797725
23	50	0.826279
23	66	0.814819
23	76	0.856246
23	84	0.855938
23	87	2.73937
23	91	0.842961
23	94	0.830117
23	101	0.876713
23	107	2.39574
23	137	0.810316
23	154	0.817844
23	176	0.793357
24	86	0.875554
24	108	0.937308
24	109	0.931243
24	111	0.891538
24	116	1.41232
24	125	0.955249
24	126	0.867299
24	127	0.906964
24	155	0.927339
24	156	0.929244
24	170	0.856095
24	176	2.05462
24	180	2.53374
25	7	0.895001
25	35	0.958059
25	60	0.917022
25	67	0.898262
25	68	0.899636
25	79	0.886832
25	93	0.947688
25	100	0.91524
25	140	2.03323
25	151	1.80935
25	155	0.933098
25	165	2.0431
25	178	0.827493
26	9	0.856124
26	17	0.988928
26	58	0.893643
26	59	0.960105
26	77	0.922117
26	96	0.89593
26	97	0.889839
26	104	0.883183
26	105	0.934218
26	106	0.935003
26	143	2.1228
26	148	2.09845
26	150	0.907628
27	64	0.65385
27	115	0.67546
27	133	0.715129
27	146	0.75439
27	159	0.727302
27	160	0.720198
27	164	0.712399
27	168	0.701897
27	169	0.726655
27	177	0.678887
27	178	0.651871
27	179	0.674127
27	180	0.704963
28	1	0.861789
28	58	0.901188
28	65	0.894996
28	77	0.929662
28	96	0.903476
28	97	0.897384
28	104	0.890729
28	105	0.941763
28	106	0.942549
28	122	1.73969
28	135	1.692
28	150	0.915173
28	176	2.43366
29	34	0.914537
29	42	0.912685
29	60	0.958624
29	67	0.939863
29	68	0.941238
29	79	0.928433
29	100	0.956841
29	136	1.56928
29	155	0.9747
29	177	2.38458
29	178	0.869095
29	180	1.75511
30	4	0.882764
30	5	0.798924
30	12	0.792626
30	13	0.792171
30	19	0.802532
30	39	0.840538
30	51	0.826052
30	53	0.920031
30	56	0.826127
30	133	0.793576
30	158	3.01085
30	159	2.24318
30	161	0.821995
31	40	0.876202
31	63	0.83419
31	71	0.828663
31	73	0.823079
31	81	0.819827
31	88	0.818589
31	95	0.854828
31	131	0.83606
31	138	0.841843
31	152	0.812331
31	161	1.84641
31	163	0.755886
31	170	3.50795
32	49	0.915352
32	52	1.72013
32	72	0.885374
32	75	0.873151
32	83	0.938085
32	114	0.882333
32	117	0.930912
32	118	0.919682
32	120	0.919953
32	135	1.38463
32	138	0.915253
32	156	0.925241
32	173	2.8123
33	111	3.23992
33	137	0.799916
33	163	0.728325
33	165	0.802608
33	166	0.773238
33	167	0.740811
33	168	0.766786
33	171	0.766998
33	174	0.732993
33	175	0.732725
33	178	0.71676
33	179	0.739016
33	180	0.769852
34	8	0.900272
34	29	0.914537
34	35	0.856332
34	38	2.28254
34	42	0.769356
34	60	0.815294
34	62	0.82589
34	68	0.797909
34	93	0.84596
34	100	0.813512
34	146	2.84363
34	155	0.83137
34	178	0.725765
35	8	0.985396
35	25	0.958059
35	34	0.856332
35	41	0.945309
35	62	0.911013
35	67	0.881658
35	93	0.931084
35	100	0.898635
35	141	0.929492
35	155	0.916494
35	158	2.59017
35	162	2.40543
35	178	0.810889
36	43	0.777654
36	46	0.86298
36	72	0.805599
36	75	0.793376
36	92	0.859562
36	114	0.802558
36	117	0.851137
36	118	0.839907
36	120	0.840177
36	130	3.0587
36	131	0.829695
36	156	0.845466
36	162	2.38204
37	1	0.785145
37	20	0.800921
37	44	0.856284
37	58	0.824545
37	59	0.891007
37	65	0.818352
37	96	0.826832
37	102	0.761926
37	104	0.814085
37	106	0.865905
37	150	0.83853
37	160	2.24912
37	171	3.16664
38	34	2.28254
38	108	1.00815
38	153	0.822681
38	158	0.833899
38	159	0.851157
38	164	0.836254
38	165	0.861575
38	171	0.825964
38	173	0.825854
38	175	0.791691
38	177	0.802742
38	179	0.797982
38	180	0.828818
39	4	0.942988
39	12	0.85285
39	13	0.852395
39	16	0.954224
39	19	0.862756
39	30	0.840538
39	51	0.886276
39	53	0.980255
39	56	0.88635
39	133	0.8538
39	135	1.44065
39	139	2.06192
39	153	2.80971
39	161	0.882219
40	14	0.887029
40	31	0.876202
40	54	0.920905
40	63	0.902073
40	71	0.896547
40	73	0.890963
40	88	0.886473
40	95	0.922712
40	98	1.19545
40	138	0.909726
40	152	0.880215
40	163	0.823769
40	168	2.61344
40	169	2.4049
41	7	0.88225
41	35	0.945309
41	42	0.858333
41	60	0.904271
41	62	0.914867
41	67	0.885511
41	68	0.886886
41	79	0.874081
41	100	0.902489
41	155	0.920347
41	162	1.34287
41	175	3.24378
41	178	0.814742
41	180	1.8111
42	29	0.912685
42	34	0.769356
42	41	0.858333
42	60	0.813442
42	61	0.811915
42	62	0.824037
42	68	0.796056
42	79	0.783252
42	93	0.844108
42	100	0.81166
42	133	2.69427
42	150	2.74732
42	155	0.829518
42	178	0.723913
43	2	0.789495
43	36	0.777654
43	45	0.844994
43	92	0.841626
43	99	0.812369
43	114	0.784623
43	117	0.833202
43	118	0.821971
43	120	0.822242
43	128	2.45143
43	131	0.81176
43	138	0.817543
43	156	0.82753
43	165	3.05394
44	1	0.851563
44	9	0.853443
44	37	0.856284
44	58	0.890962
44	65	0.884769
44	77	0.919435
44	96	0.893249
44	97	0.887157
44	104	0.880502
44	105	0.931536
44	106	0.932322
44	115	3.27932
44	132	1.19975
44	180	1.79321
45	43	0.844994
45	46	0.93032
45	47	0.837091
45	75	0.860716
45	83	0.92565
45	85	0.928986
45	114	0.869898
45	118	0.907247
45	120	0.907518
45	124	1.94745
45	131	0.897036
45	156	0.912806
45	170	1.67681
45	174	3.07817
46	36	0.86298
46	45	0.93032
46	47	0.837142
46	72	0.87299
46	75	0.860766
46	85	0.929036
46	114	0.869948
46	117	0.918528
46	118	0.907297
46	120	0.907568
46	137	1.67093
46	156	0.912856
46	158	2.08147
46	170	2.65646
47	2	0.781592
47	45	0.837091
47	46	0.837142
47	49	0.809739
47	85	0.835808
47	92	0.833723
47	114	0.77672
47	117	0.825299
47	118	0.814068
47	120	0.814339
47	131	0.803857
47	141	2.0592
47	156	0.819628
47	172	3.42288
48	1	0.842158
48	58	0.881557
48	59	0.94802
48	77	0.910031
48	96	0.883845
48	97	0.877753
48	98	2.00008
48	102	0.818939
48	104	0.871098
48	105	0.922132
48	106	0.922918
48	141	1.6758
48	144	2.30808
48	150	0.895543
49	32	0.915352
49	47	0.809739
49	72	0.845587
49	83	0.898297
49	85	0.901633
49	114	0.842545
49	117	0.891125
49	118	0.879894
49	120	0.880165
49	131	0.869683
49	138	0.875465
49	144	1.48475
49	156	0.885453
49	158	2.51315
49	166	2.51869
50	22	0.850006
50	23	0.826279
50	66	0.8671
50	76	0.908526
50	84	0.908219
50	91	0.895241
50	94	0.882398
50	101	0.928994
50	129	2.05314
50	132	0.866574
50	136	2.42301
50	137	0.862596
50	154	0.870124
50	169	2.19841
50	176	0.845637
51	4	0.928502
51	5	0.844662
51	12	0.838364
51	13	0.837909
51	16	0.939738
51	19	0.84827
51	30	0.826052
51	39	0.886276
51	53	0.965769
51	56	0.871865
51	102	4.28929
51	133	0.839314
51	135	0.975251
51	143	1.58309
51	161	0.867733
52	32	1.72013
52	99	2.13387
52	112	0.865995
52	149	0.862158
52	153	0.798751
52	157	0.746124
52	162	0.829237
52	166	0.808274
52	169	0.826581
52	172	0.814831
52	173	0.801924
52	175	0.767762
52	177	0.778813
52	179	0.774053
52	180	0.804889
53	4	1.02248
53	5	0.938641
53	12	0.932343
53	13	0.931888
53	19	0.942249
53	30	0.920031
53	39	0.980255
53	51	0.965769
53	56	0.965843
53	133	0.933293
53	142	2.13187
53	151	1.26049
53	152	2.00023
53	161	0.961712
53	172	1.84518
54	10	0.894098
54	14	0.863848
54	40	0.920905
54	63	0.878892
54	71	0.873366
54	73	0.867782
54	78	1.27941
54	88	0.863292
54	95	0.89953
54	131	0.880762
54	138	0.886545
54	152	0.857034
54	163	0.800588
54	174	3.45469
54	179	2.96423
55	69	0.931648
55	103	0.861352
55	108	0.89818
55	109	0.892114
55	110	0.851132
55	111	0.852409
55	125	0.916121
55	126	0.82817
55	127	0.867835
55	151	0.878839
55	154	0.873289
55	155	0.888211
55	170	0.816967
55	173	2.2509
55	174	3.73688
56	4	0.928576
56	5	0.844737
56	12	0.838438
56	13	0.837984
56	16	0.939812
56	19	0.848344
56	30	0.826127
56	39	0.88635
56	51	0.871865
56	53	0.965843
56	133	0.839388
56	149	1.4748
56	161	0.867807
56	164	2.64912
56	168	2.43693
57	58	0.90813
57	93	2.06799
57	102	0.769844
57	110	0.811538
57	111	0.812816
57	123	0.866282
57	125	0.876527
57	126	0.788576
57	154	0.833695
57	166	0.799489
57	170	0.777373
57	172	0.806046
57	174	0.759245
57	177	0.770028
57	180	0.796104
58	26	0.893643
58	28	0.901188
58	37	0.824545
58	44	0.890962
58	48	0.881557
58	57	0.90813
58	65	0.85303
58	96	0.86151
58	97	0.855418
58	104	0.848763
58	105	0.899797
58	106	0.900583
58	150	0.873208
58	167	2.60297
58	179	2.65703
59	1	0.886286
59	20	0.902061
59	26	0.960105
59	37	0.891007
59	48	0.94802
59	77	0.954159
59	96	0.927972
59	97	0.921881
59	104	0.915225
59	105	0.96626
59	106	0.967045
59	146	1.50365
59	150	0.93967
59	164	2.52077
59	165	1.57905
59	172	1.93
60	7	0.837359
60	25	0.917022
60	29	0.958624
60	34	0.815294
60	41	0.904271
60	42	0.813442
60	62	0.869976
60	67	0.84062
60	79	0.82919
60	93	0.890047
60	100	0.857598
60	143	2.20696
60	155	0.875457
60	169	2.40948
60	176	2.34078
60	178	0.769852
61	42	0.811915
61	76	0.89741
61	79	0.827663
61	84	0.897102
61	91	0.884125
61	93	0.88852
61	94	0.871281
61	100	0.856071
61	101	0.917877
61	154	0.859008
61	155	0.87393
61	159	1.62591
61	160	1.9029
61	176	0.834521
61	177	3.30654
61	178	0.768324
62	7	0.847955
62	34	0.82589
62	35	0.911013
62	41	0.914867
62	42	0.824037
62	60	0.869976
62	67	0.851216
62	68	0.85259
62	79	0.839786
62	93	0.900642
62	98	1.99161
62	100	0.868194
62	128	2.07755
62	155	0.886052
62	159	2.56034
62	178	0.780447
63	14	0.845016
63	15	0.945697
63	31	0.83419
63	40	0.902073
63	54	0.878892
63	71	0.854534
63	73	0.84895
63	74	2.39223
63	88	0.84446
63	95	0.880699
63	131	0.861931
63	138	0.867714
63	152	0.838202
63	153	2.30934
63	163	0.781757
63	164	2.17135
64	27	0.65385
64	71	0.766643
64	88	0.756569
64	95	0.792808
64	103	4.16533
64	112	0.796499
64	124	0.742192
64	131	0.77404
64	140	0.780012
64	152	0.750311
64	163	0.693866
64	165	0.768149
64	166	0.738778
64	171	0.732538
64	175	0.698265
64	180	0.735392
65	9	0.815511
65	20	0.829406
65	28	0.894996
65	37	0.818352
65	44	0.884769
65	58	0.85303
65	77	0.881504
65	96	0.855317
65	97	0.849226
65	104	0.84257
65	105	0.893605
65	106	0.89439
65	150	0.867015
65	165	1.63187
65	173	2.77018
65	180	2.5633
66	18	0.827234
66	21	0.829752
66	23	0.814819
66	50	0.8671
66	76	0.897067
66	84	0.896759
66	91	0.883782
66	94	0.870938
66	101	0.917534
66	123	2.10147
66	129	2.72361
66	132	0.855114
66	137	0.851137
66	154	0.858665
66	161	1.90926
66	176	0.834178
67	8	0.925598
67	17	1.091
67	25	0.898262
67	29	0.939863
67	35	0.881658
67	41	0.885511
67	60	0.84062
67	62	0.851216
67	68	0.823235
67	79	0.81043
67	93	0.871286
67	100	0.838838
67	152	2.41238
67	155	0.856696
67	168	2.63592
67	178	0.751091
68	7	0.819974
68	8	0.926973
68	25	0.899636
68	29	0.941238
68	34	0.797909
68	41	0.886886
68	42	0.796056
68	62	0.85259
68	67	0.823235
68	79	0.811805
68	93	0.872661
68	100	0.840212
68	113	2.35149
68	140	2.42716
68	150	2.25254
68	155	0.858071
68	178	0.752466
69	55	0.931648
69	78	1.23881
69	86	0.883185
69	103	0.908111
69	108	0.944939
69	109	0.938873
69	110	0.897891
69	111	0.899168
69	125	0.96288
69	126	0.874929
69	127	0.914594
69	134	2.41816
69	146	1.48002
69	153	2.63512
69	154	0.920048
69	156	0.936875
69	170	0.863726
70	6	0.899067
70	89	0.945099
70	103	0.907768
70	108	0.944596
70	109	0.93853
70	110	0.897548
70	111	0.898826
70	124	2.55766
70	126	0.874586
70	127	0.914252
70	134	1.92683
70	152	1.57009
70	154	0.919705
70	155	0.934627
70	156	0.936532
70	168	1.79363
70	170	0.863383
71	14	0.83949
71	15	0.940171
71	31	0.828663
71	40	0.896547
71	54	0.873366
71	63	0.854534
71	64	0.766643
71	73	0.843424
71	88	0.838934
71	95	0.875173
71	131	0.856405
71	137	1.72053
71	138	0.862187
71	152	0.832676
71	163	0.77623
71	177	3.04404
71	180	2.41456
72	32	0.885374
72	36	0.805599
72	46	0.87299
72	49	0.845587
72	75	0.803386
72	83	0.868319
72	85	0.871656
72	92	0.869571
72	114	0.812568
72	117	0.861147
72	118	0.849916
72	120	0.850187
72	138	0.845488
72	141	1.55478
72	156	0.855476
72	161	2.1289
72	168	3.29704
73	14	0.833906
73	15	0.934586
73	31	0.823079
73	40	0.890963
73	54	0.867782
73	63	0.84895
73	71	0.843424
73	81	0.834588
73	88	0.83335
73	95	0.869588
73	131	0.850821
73	138	0.856603
73	139	1.78717
73	152	0.827092
73	163	0.770646
73	171	2.53005
73	177	3.01617
74	63	2.39223
74	101	2.29447
74	141	0.856566
74	144	0.828294
74	149	0.835533
74	158	0.783343
74	164	0.785698
74	166	0.781649
74	167	0.749221
74	169	0.799955
74	171	0.775408
74	172	0.788205
74	173	0.775298
74	174	0.741404
74	176	0.791367
74	177	0.752187
74	179	0.747427
74	180	0.778263
75	32	0.873151
75	36	0.793376
75	45	0.860716
75	46	0.860766
75	72	0.803386
75	83	0.856096
75	85	0.859432
75	92	0.857348
75	99	0.828091
75	114	0.800344
75	117	0.848924
75	118	0.837693
75	119	1.47309
75	120	0.837964
75	138	0.833264
75	147	4.43305
75	156	0.843252
75	176	1.78665
76	18	0.868661
76	21	0.871178
76	23	0.856246
76	50	0.908526
76	61	0.89741
76	66	0.897067
76	84	0.938185
76	91	0.925208
76	94	0.912364
76	101	0.95896
76	122	1.85428
76	132	0.896541
76	133	1.8584
76	137	0.892563
76	154	0.900091
76	161	1.65734
76	162	2.55915
76	176	0.875604
77	1	0.848297
77	9	0.850178
77	20	0.864073
77	26	0.922117
77	28	0.929662
77	44	0.919435
77	48	0.910031
77	59	0.954159
77	65	0.881504
77	90	1.7233
77	96	0.889984
77	97	0.883892
77	104	0.877237
77	105	0.928271
77	106	0.929057
77	170	2.44037
77	172	1.56838
77	177	2.77835
78	16	1.48953
78	54	1.27941
78	69	1.23881
78	116	0.964919
78	118	0.566682
78	143	0.933782
78	144	0.956568
78	157	0.847772
78	163	0.86501
78	168	0.903471
78	170	0.887806
78	171	0.903683
78	172	0.916479
78	174	0.869678
78	175	0.86941
78	177	0.880461
78	179	0.875701
78	180	0.906537
79	7	0.807169
79	8	0.914168
79	25	0.886832
79	29	0.928433
79	41	0.874081
79	42	0.783252
79	60	0.82919
79	61	0.827663
79	62	0.839786
79	67	0.81043
79	68	0.811805
79	93	0.859856
79	100	0.827408
79	128	1.03623
79	133	1.4012
79	155	0.845266
79	157	4.83052
79	178	0.739661
80	84	0.691514
80	85	1.14315
80	120	0.343856
80	127	0.784406
80	160	0.919578
80	162	0.928691
80	164	0.911779
80	165	0.9371
80	167	0.875302
80	168	0.901277
80	169	0.926036
80	171	0.901489
80	173	0.901379
80	174	0.867484
80	175	0.867216
80	178	0.851252
80	179	0.873507
80	180	0.904343
81	15	0.931334
81	31	0.819827
81	73	0.834588
81	88	0.830098
81	95	0.866336
81	108	0.871403
81	110	0.824355
81	126	0.801393
81	127	0.841059
81	131	0.847568
81	132	2.35132
81	136	2.75895
81	152	0.82384
81	154	0.846512
81	156	0.863339
81	163	0.767394
81	170	0.79019
81	172	2.36429
82	102	0.759135
82	120	2.35977
82	137	0.815459
82	143	0.81264
82	149	0.842665
82	156	1.74464
82	160	0.80063
82	165	0.818151
82	167	0.756354
82	169	0.807087
82	171	0.782541
82	172	0.795337
82	173	0.78243
82	174	0.748536
82	175	0.748268
82	177	0.759319
82	179	0.754559
82	180	0.785395
83	2	0.87015
83	32	0.938085
83	45	0.92565
83	49	0.898297
83	72	0.868319
83	75	0.856096
83	85	0.924366
83	92	0.922282
83	99	0.893025
83	114	0.865278
83	117	0.913858
83	118	0.902627
83	120	0.902898
83	130	2.14166
83	156	0.908186
83	162	1.465
83	169	1.5228
83	175	3.36591
84	11	1.63691
84	18	0.868353
84	21	0.87087
84	23	0.855938
84	50	0.908219
84	61	0.897102
84	66	0.896759
84	76	0.938185
84	80	0.691514
84	91	0.9249
84	94	0.912056
84	101	0.958653
84	132	0.896233
84	137	0.892255
84	146	1.72624
84	154	0.899783
84	176	0.875296
84	180	2.73307
85	45	0.928986
85	46	0.929036
85	47	0.835808
85	49	0.901633
85	72	0.871656
85	75	0.859432
85	80	1.14315
85	83	0.924366
85	92	0.925618
85	99	0.896361
85	114	0.868614
85	117	0.917194
85	118	0.905963
85	120	0.906234
85	137	2.49068
85	144	1.87282
85	156	0.911522
85	161	1.81466
86	3	0.934482
86	24	0.875554
86	69	0.883185
86	89	0.85022
86	103	0.812889
86	108	0.849717
86	109	0.843651
86	110	0.802669
86	111	0.803946
86	123	0.742478
86	125	0.867658
86	126	0.779707
86	127	0.819372
86	155	0.839748
86	156	0.841653
86	163	3.9497
86	167	3.06864
86	170	0.768504
87	23	2.73937
87	136	0.813374
87	147	0.755099
87	149	0.848028
87	154	1.97238
87	158	0.795839
87	159	0.813097
87	163	0.749232
87	165	0.823515
87	166	0.794144
87	171	0.787904
87	172	0.8007
87	173	0.787794
87	174	0.753899
87	177	0.764682
87	178	0.737667
87	179	0.759922
87	180	0.790758
88	14	0.829416
88	15	0.930096
88	31	0.818589
88	40	0.886473
88	54	0.863292
88	63	0.84446
88	64	0.756569
88	71	0.838934
88	73	0.83335
88	81	0.830098
88	95	0.865098
88	131	0.846331
88	138	0.852113
88	149	1.98166
88	152	0.822602
88	160	2.37152
88	163	0.766156
88	171	3.28904
89	6	0.866445
89	70	0.945099
89	86	0.85022
89	103	0.875146
89	108	0.911973
89	109	0.905908
89	110	0.864925
89	111	0.866203
89	125	0.929914
89	126	0.841964
89	127	0.881629
89	132	1.36352
89	150	0.84106
89	154	0.887083
89	155	0.902004
89	156	0.903909
89	157	4.21733
89	164	1.96727
89	170	0.83076
90	77	1.7233
90	101	1.63773
90	110	0.572011
90	124	0.842689
90	130	0.831161
90	144	0.885921
90	148	0.849155
90	157	0.777124
90	159	0.858228
90	162	0.860237
90	164	0.843325
90	170	0.817159
90	173	0.832925
90	175	0.798762
90	176	0.848994
90	177	0.809813
90	178	0.782798
90	179	0.805053
90	180	0.835889
91	18	0.855376
91	21	0.857893
91	22	0.866687
91	23	0.842961
91	50	0.895241
91	61	0.884125
91	66	0.883782
91	76	0.925208
91	84	0.9249
91	94	0.899079
91	101	0.945676
91	121	1.93742
91	132	0.883256
91	137	0.879278
91	154	0.886806
91	162	1.95076
91	164	2.42928
91	166	2.14105
91	176	0.862319
92	2	0.871402
92	36	0.859562
92	43	0.841626
92	47	0.833723
92	72	0.869571
92	75	0.857348
92	83	0.922282
92	85	0.925618
92	114	0.86653
92	117	0.91511
92	118	0.903879
92	119	2.30344
92	120	0.90415
92	131	0.893668
92	138	0.89945
92	144	1.78424
92	156	0.909438
92	159	2.04497
92	165	2.16469
93	7	0.868025
93	8	0.975025
93	25	0.947688
93	34	0.84596
93	35	0.931084
93	42	0.844108
93	57	2.06799
93	60	0.890047
93	61	0.88852
93	62	0.900642
93	67	0.871286
93	68	0.872661
93	79	0.859856
93	100	0.888264
93	112	1.59526
93	132	2.02104
93	148	1.97721
93	155	0.906123
93	178	0.800518
94	17	0.878565
94	18	0.842532
94	21	0.845049
94	22	0.853843
94	23	0.830117
94	50	0.882398
94	61	0.871281
94	66	0.870938
94	76	0.912364
94	84	0.912056
94	91	0.899079
94	101	0.932832
94	132	0.870412
94	137	0.866434
94	139	1.28591
94	154	0.873962
94	169	1.475
94	170	2.17693
94	176	0.849475
94	178	4.36303
95	10	0.895905
95	14	0.865654
95	15	0.966335
95	31	0.854828
95	40	0.922712
95	54	0.89953
95	63	0.880699
95	64	0.792808
95	71	0.875173
95	73	0.869588
95	81	0.866336
95	88	0.865098
95	112	1.30735
95	131	0.882569
95	138	0.888352
95	150	1.21068
95	152	0.85884
95	163	0.802395
95	170	2.6181
95	175	3.75928
96	9	0.823991
96	20	0.837887
96	26	0.89593
96	28	0.903476
96	37	0.826832
96	44	0.893249
96	48	0.883845
96	58	0.86151
96	59	0.927972
96	65	0.855317
96	77	0.889984
96	97	0.857706
96	104	0.85105
96	105	0.902085
96	106	0.902871
96	123	1.16964
96	150	0.875495
96	163	3.62618
96	169	1.18636
96	178	4.07439
97	1	0.816019
97	9	0.8179
97	20	0.831795
97	26	0.889839
97	28	0.897384
97	44	0.887157
97	48	0.877753
97	58	0.855418
97	59	0.921881
97	65	0.849226
97	77	0.883892
97	96	0.857706
97	102	0.7928
97	104	0.844959
97	105	0.895993
97	106	0.896779
97	113	1.78696
97	144	1.49205
97	150	0.869403
97	159	1.75277
97	167	3.95226
98	40	1.19545
98	48	2.00008
98	62	1.99161
98	135	0.941453
98	144	0.907305
98	148	0.87054
98	152	0.872193
98	154	0.424617
98	157	0.798509
98	162	0.881622
98	165	0.89003
98	166	0.860659
98	168	0.854208
98	169	0.878966
98	171	0.854419
98	173	0.854309
98	174	0.820415
98	176	0.870378
98	177	0.831198
98	179	0.826438
98	180	0.857274
99	43	0.812369
99	52	2.13387
99	75	0.828091
99	83	0.893025
99	85	0.896361
99	103	0.851417
99	108	0.888245
99	112	1.99992
99	114	0.837273
99	117	0.885852
99	118	0.874622
99	120	0.874892
99	125	0.906186
99	126	0.818235
99	127	0.8579
99	139	2.41964
99	149	1.85514
99	154	0.863354
99	155	0.878276
99	156	0.880181
99	170	0.807032
100	7	0.835577
100	8	0.942576
100	25	0.91524
100	29	0.956841
100	34	0.813512
100	35	0.898635
100	41	0.902489
100	42	0.81166
100	60	0.857598
100	61	0.856071
100	62	0.868194
100	67	0.838838
100	68	0.840212
100	79	0.827408
100	93	0.888264
100	142	2.4822
100	155	0.873674
100	160	2.00183
100	165	1.84456
100	178	0.768069
100	180	2.776
101	17	0.925161
101	18	0.889128
101	21	0.891645
101	22	0.90044
101	23	0.876713
101	50	0.928994
101	61	0.917877
101	66	0.917534
101	74	2.29447
101	76	0.95896
101	84	0.958653
101	90	1.63773
101	91	0.945676
101	94	0.932832
101	129	1.50761
101	132	0.917008
101	137	0.913031
101	154	0.920558
101	165	1.13187
101	166	1.78536
101	176	0.896071
102	15	2.01071
102	20	0.772981
102	37	0.761926
102	48	0.818939
102	51	4.28929
102	57	0.769844
102	82	0.759135
102	97	0.7928
102	104	0.786144
102	105	0.837179
102	106	0.837965
102	146	0.809672
102	150	0.810589
102	157	0.701481
102	158	0.765326
102	171	0.757391
102	173	0.757281
102	174	0.723387
102	175	0.723119
102	179	0.72941
102	180	0.760246
103	6	0.829114
103	55	0.861352
103	64	4.16533
103	69	0.908111
103	70	0.907768
103	86	0.812889
103	89	0.875146
103	99	0.851417
103	108	0.874643
103	109	0.868577
103	110	0.827595
103	111	0.828872
103	125	0.892584
103	126	0.804633
103	127	0.844298
103	143	1.61291
103	150	1.10993
103	154	0.849752
103	155	0.864674
103	156	0.866579
103	170	0.79343
103	176	1.74673
104	1	0.809364
104	9	0.811244
104	20	0.82514
104	26	0.883183
104	28	0.890729
104	37	0.814085
104	44	0.880502
104	48	0.871098
104	58	0.848763
104	59	0.915225
104	65	0.84257
104	77	0.877237
104	96	0.85105
104	97	0.844959
104	102	0.786144
104	105	0.889338
104	106	0.890124
104	147	4.28222
104	150	0.862748
104	152	1.68951
104	172	1.53447
104	180	2.11495
105	1	0.860398
105	9	0.862279
105	20	0.876174
105	26	0.934218
105	28	0.941763
105	44	0.931536
105	48	0.922132
105	58	0.899797
105	59	0.96626
105	65	0.893605
105	77	0.928271
105	96	0.902085
105	97	0.895993
105	102	0.837179
105	104	0.889338
105	106	0.941158
105	113	1.64395
105	135	1.44013
105	148	2.02362
105	150	0.913782
105	162	2.19269
105	180	2.66092
106	1	0.861184
106	9	0.863065
106	26	0.935003
106	28	0.942549
106	37	0.865905
106	44	0.932322
106	48	0.922918
106	58	0.900583
106	59	0.967045
106	65	0.89439
106	77	0.929057
106	96	0.902871
106	97	0.896779
106	102	0.837965
106	104	0.890124
106	105	0.941158
106	116	1.7703
106	149	1.7277
106	150	0.914568
106	161	1.52168
106	166	2.61378
106	169	2.48129
107	8	1.43462
107	23	2.39574
107	108	2.16033
107	141	0.886598
107	145	0.788007
107	147	0.772635
107	148	0.82156
107	149	0.865564
107	151	0.858039
107	157	0.74953
107	162	0.832643
107	164	0.81573
107	166	0.81168
107	168	0.805228
107	169	0.829987
107	172	0.818237
107	173	0.80533
107	174	0.771436
107	175	0.771168
107	177	0.782218
107	179	0.777458
107	180	0.808295
108	24	0.937308
108	38	1.00815
108	55	0.89818
108	69	0.944939
108	70	0.944596
108	81	0.871403
108	86	0.849717
108	89	0.911973
108	99	0.888245
108	103	0.874643
108	107	2.16033
108	109	0.905405
108	111	0.8657
108	119	1.78339
108	125	0.929411
108	126	0.841461
108	127	0.881126
108	154	0.88658
108	155	0.901501
108	156	0.903406
108	159	1.52492
108	168	2.37418
108	170	0.830257
109	3	0.99017
109	24	0.931243
109	55	0.892114
109	69	0.938873
109	70	0.93853
109	86	0.843651
109	89	0.905908
109	103	0.868577
109	108	0.905405
109	110	0.858357
109	111	0.859634
109	123	1.52576
109	125	0.923346
109	126	0.835395
109	127	0.87506
109	142	2.40979
109	149	1.53956
109	154	0.880514
109	155	0.895436
109	156	0.897341
109	158	2.4201
109	166	2.42565
109	170	0.824192
110	3	0.949188
110	6	0.818894
110	55	0.851132
110	57	0.811538
110	69	0.897891
110	70	0.897548
110	81	0.824355
110	86	0.802669
110	89	0.864925
110	90	0.572011
110	103	0.827595
110	109	0.858357
110	111	0.818652
110	125	0.882364
110	126	0.794413
110	127	0.834078
110	154	0.839532
110	155	0.854454
110	156	0.856358
110	163	3.02698
110	170	0.78321
110	174	2.69044
110	178	3.47519
111	6	0.820171
111	24	0.891538
111	33	3.23992
111	55	0.852409
111	57	0.812816
111	69	0.899168
111	70	0.898826
111	86	0.803946
111	89	0.866203
111	103	0.828872
111	108	0.8657
111	109	0.859634
111	110	0.818652
111	125	0.883641
111	126	0.79569
111	127	0.835356
111	139	2.04536
111	151	1.4797
111	152	2.21944
111	154	0.840809
111	155	0.855731
111	156	0.857636
111	170	0.784487
112	52	0.865995
112	64	0.796499
112	93	1.59526
112	95	1.30735
112	99	1.99992
112	120	1.36616
112	122	0.888051
112	132	0.881654
112	146	0.897039
112	153	0.841475
112	159	0.869952
112	160	0.862847
112	165	0.880369
112	167	0.818571
112	169	0.869305
112	171	0.844758
112	172	0.857554
112	174	0.810754
112	175	0.810486
112	177	0.821536
112	178	0.794521
112	179	0.816776
112	180	0.847612
113	68	2.35149
113	97	1.78696
113	105	1.64395
113	115	0.815104
113	121	0.862774
113	134	0.860525
113	142	0.843911
113	146	0.894033
113	147	0.808947
113	149	0.901876
113	156	0.753317
113	157	0.785842
113	158	0.849687
113	160	0.859841
113	165	0.877363
113	168	0.841541
113	169	0.866299
113	173	0.841642
113	174	0.807748
113	175	0.80748
113	177	0.81853
113	178	0.791515
113	179	0.813771
113	180	0.844607
114	2	0.814399
114	32	0.882333
114	36	0.802558
114	43	0.784623
114	45	0.869898
114	46	0.869948
114	47	0.77672
114	49	0.842545
114	72	0.812568
114	75	0.800344
114	83	0.865278
114	85	0.868614
114	92	0.86653
114	99	0.837273
114	117	0.858106
114	118	0.846875
114	120	0.847146
114	131	0.836664
114	138	0.842447
114	151	2.23388
114	156	0.852434
114	159	2.34791
114	165	2.46763
114	172	2.81857
115	27	0.67546
115	44	3.27932
115	113	0.815104
115	129	0.786899
115	136	0.779619
115	141	0.835307
115	142	0.756307
115	144	0.807034
115	146	0.80643
115	156	3.2564
115	162	0.781351
115	163	0.715476
115	164	0.764439
115	165	0.789759
115	167	0.727962
115	168	0.753937
115	171	0.754149
115	172	0.766945
115	173	0.754038
115	175	0.719876
115	176	0.770108
115	177	0.730927
115	179	0.726167
115	180	0.757003
116	24	1.41232
116	78	0.964919
116	106	1.7703
116	117	1.22263
116	121	0.863055
116	151	0.894632
116	153	0.838751
116	155	1.02932
116	157	0.786123
116	158	0.849968
116	159	0.867227
116	160	0.860123
116	162	0.869236
116	163	0.803362
116	165	0.877645
116	167	0.815847
116	172	0.85483
116	173	0.841924
116	174	0.808029
116	177	0.818812
116	178	0.791796
116	179	0.814052
116	180	0.844888
117	2	0.862978
117	10	0.879669
117	32	0.930912
117	36	0.851137
117	43	0.833202
117	46	0.918528
117	47	0.825299
117	49	0.891125
117	72	0.861147
117	75	0.848924
117	83	0.913858
117	85	0.917194
117	92	0.91511
117	99	0.885852
117	114	0.858106
117	116	1.22263
117	118	0.895455
117	120	0.895726
117	131	0.885243
117	138	0.891026
117	156	0.901014
117	171	2.4874
117	173	2.55093
117	180	2.34405
118	2	0.851747
118	32	0.919682
118	36	0.839907
118	43	0.821971
118	45	0.907247
118	46	0.907297
118	47	0.814068
118	49	0.879894
118	72	0.849916
118	75	0.837693
118	78	0.566682
118	83	0.902627
118	85	0.905963
118	92	0.903879
118	99	0.874622
118	114	0.846875
118	117	0.895455
118	120	0.884495
118	131	0.874013
118	138	0.879795
118	153	1.96299
118	156	0.889783
118	165	0.883287
118	178	4.29232
118	179	3.01712
119	10	0.877529
119	75	1.47309
119	92	2.30344
119	108	1.78339
119	144	0.875577
119	145	0.805258
119	146	0.874972
119	147	0.789886
119	151	0.875289
119	152	0.840464
119	153	0.819408
119	154	1.25182
119	158	0.830626
119	160	0.84078
119	162	0.849893
119	164	0.832981
119	165	0.858302
119	166	0.828931
119	170	0.806815
119	171	0.822691
119	172	0.835487
119	174	0.788686
119	175	0.788418
119	179	0.794709
119	180	0.825545
120	2	0.852018
120	32	0.919953
120	36	0.840177
120	43	0.822242
120	45	0.907518
120	46	0.907568
120	47	0.814339
120	49	0.880165
120	72	0.850187
120	75	0.837964
120	80	0.343856
120	82	2.35977
120	83	0.902898
120	85	0.906234
120	92	0.90415
120	99	0.874892
120	112	1.36616
120	114	0.847146
120	117	0.895726
120	118	0.884495
120	131	0.874284
120	138	0.880066
120	156	0.890054
120	172	1.80492
120	177	3.01489
121	91	1.93742
121	113	0.862774
121	116	0.863055
121	125	1.88978
121	129	0.834569
121	148	0.817939
121	153	0.798536
121	155	1.66918
121	157	0.745908
121	162	0.829021
121	164	0.812108
121	166	0.808059
121	168	0.801607
121	169	0.826365
121	170	0.785942
121	171	0.801818
121	172	0.814615
121	173	0.801708
121	174	0.767814
121	175	0.767546
121	178	0.751581
121	179	0.773837
121	180	0.804673
122	3	1.18474
122	28	1.73969
122	76	1.85428
122	112	0.888051
122	131	2.11503
122	142	0.826248
122	146	0.876371
122	148	0.84021
122	151	0.876688
122	152	0.841863
122	153	0.820807
122	158	0.832024
122	162	0.851292
122	164	0.834379
122	165	0.8597
122	166	0.83033
122	167	0.797902
122	171	0.82409
122	172	0.836886
122	173	0.823979
122	174	0.790085
122	175	0.789817
122	177	0.800868
122	179	0.796108
122	180	0.826944
123	57	0.866282
123	66	2.10147
123	86	0.742478
123	96	1.16964
123	109	1.52576
123	127	1.64813
123	130	0.851955
123	139	0.888785
123	143	0.883929
123	149	0.913954
123	151	0.906428
123	153	0.850546
123	159	0.879023
123	161	0.895269
123	164	0.864119
123	165	0.88944
123	166	0.860069
123	169	0.878376
123	170	0.837953
123	171	0.853829
123	172	0.866626
123	173	0.853719
123	175	0.819557
123	177	0.830608
123	179	0.825848
123	180	0.856684
124	45	1.94745
124	64	0.742192
124	70	2.55766
124	90	0.842689
124	140	0.837925
124	149	0.850575
124	153	0.787168
124	154	2.60664
124	157	0.73454
124	160	0.80854
124	162	0.817653
124	164	0.800741
124	165	0.826062
124	166	0.796691
124	167	0.764264
124	169	0.814997
124	170	0.774575
124	171	0.790451
124	173	0.790341
124	174	0.756446
124	175	0.756178
124	176	0.80641
124	177	0.767229
124	178	0.740213
124	179	0.762469
124	180	0.793305
125	3	1.01418
125	6	0.883883
125	24	0.955249
125	55	0.916121
125	57	0.876527
125	69	0.96288
125	86	0.867658
125	89	0.929914
125	99	0.906186
125	103	0.892584
125	108	0.929411
125	109	0.923346
125	110	0.882364
125	111	0.883641
125	121	1.88978
125	126	0.859402
125	127	0.899067
125	129	1.81565
125	137	1.67732
125	154	0.904521
125	155	0.919443
125	156	0.921347
125	160	1.59718
125	164	2.38163
125	170	0.848199
125	176	1.89222
126	3	0.926226
126	6	0.795932
126	24	0.867299
126	55	0.82817
126	57	0.788576
126	69	0.874929
126	70	0.874586
126	81	0.801393
126	86	0.779707
126	89	0.841964
126	99	0.818235
126	103	0.804633
126	108	0.841461
126	109	0.835395
126	110	0.794413
126	111	0.79569
126	125	0.859402
126	127	0.811116
126	146	1.78496
126	154	0.81657
126	155	0.831492
126	156	0.833397
126	157	5.05214
126	161	1.42175
126	170	0.760248
126	172	2.2113
127	3	0.965891
127	6	0.835597
127	10	1.36158
127	24	0.906964
127	55	0.867835
127	69	0.914594
127	70	0.914252
127	80	0.784406
127	81	0.841059
127	86	0.819372
127	89	0.881629
127	99	0.8579
127	103	0.844298
127	108	0.881126
127	109	0.87506
127	110	0.834078
127	111	0.835356
127	123	1.64813
127	125	0.899067
127	126	0.811116
127	140	1.88466
127	154	0.856235
127	155	0.871157
127	156	0.873062
127	170	0.799913
127	177	3.45544
128	43	2.45143
128	62	2.07755
128	79	1.03623
128	130	0.853258
128	134	0.873905
128	142	0.857291
128	143	0.885232
128	146	0.907414
128	147	0.822327
128	151	0.907731
128	154	0.510556
128	155	0.616796
128	158	0.863067
128	159	0.880326
128	162	0.882335
128	166	0.861373
128	167	0.828945
128	168	0.854921
128	169	0.879679
128	170	0.839256
128	171	0.855132
128	172	0.867929
128	174	0.821128
128	175	0.82086
128	177	0.831911
128	179	0.827151
128	180	0.857987
129	50	2.05314
129	66	2.72361
129	101	1.50761
129	115	0.786899
129	121	0.834569
129	125	1.81565
129	136	0.839018
129	139	0.848503
129	145	0.796114
129	149	0.873671
129	158	0.821482
129	159	0.838741
129	160	0.831636
129	162	0.84075
129	164	0.823837
129	165	0.849158
129	166	0.819787
129	167	0.78736
129	168	0.813336
129	169	0.838094
129	171	0.813547
129	172	0.826344
129	173	0.813437
129	174	0.779543
129	177	0.790326
129	179	0.785566
129	180	0.816402
130	20	2.59964
130	36	3.0587
130	83	2.14166
130	90	0.831161
130	123	0.851955
130	128	0.853258
130	135	0.865956
130	140	0.826397
130	144	0.831808
130	147	0.746118
130	152	0.796696
130	158	0.786857
130	159	0.804116
130	163	0.74025
130	166	0.785163
130	168	0.778711
130	169	0.803469
130	170	0.763046
130	171	0.778923
130	172	0.791719
130	173	0.778812
130	174	0.744918
130	175	0.74465
130	177	0.755701
130	178	0.728685
130	180	0.781777
131	31	0.83606
131	36	0.829695
131	43	0.81176
131	45	0.897036
131	47	0.803857
131	49	0.869683
131	54	0.880762
131	63	0.861931
131	64	0.77404
131	71	0.856405
131	73	0.850821
131	81	0.847568
131	88	0.846331
131	92	0.893668
131	95	0.882569
131	114	0.836664
131	117	0.885243
131	118	0.874013
131	120	0.874284
131	122	2.11503
131	135	2.06735
131	138	0.869584
131	141	1.34397
131	148	2.65084
131	152	0.840072
131	156	0.879572
131	163	0.783627
131	176	2.80901
132	3	1.76438
132	18	0.826708
132	22	0.83802
132	44	1.19975
132	50	0.866574
132	66	0.855114
132	76	0.896541
132	81	2.35132
132	84	0.896233
132	89	1.36352
132	91	0.883256
132	93	2.02104
132	94	0.870412
132	101	0.917008
132	112	0.881654
132	137	0.850611
132	148	0.833813
132	154	0.858139
132	160	0.835782
132	164	0.827983
132	165	0.853303
132	166	0.823933
132	167	0.791505
132	168	0.817481
132	173	0.817582
132	174	0.783688
132	176	0.833651
132	179	0.789711
132	180	0.820547
133	4	0.896025
133	5	0.812186
133	12	0.805888
133	13	0.805433
133	16	0.907261
133	19	0.815794
133	27	0.715129
133	30	0.793576
133	39	0.8538
133	42	2.69427
133	51	0.839314
133	53	0.933293
133	56	0.839388
133	76	1.8584
133	79	1.4012
133	138	1.81821
133	139	0.828773
133	145	0.776384
133	161	0.835257
133	162	0.82102
133	165	0.829428
133	167	0.76763
133	168	0.793605
133	169	0.818364
133	174	0.759813
133	177	0.770595
133	179	0.765835
133	180	0.796672
134	3	2.28914
134	69	2.41816
134	70	1.92683
134	113	0.860525
134	128	0.873905
134	136	0.82504
134	141	0.880728
134	144	0.852456
134	145	0.782137
134	147	0.766765
134	150	0.852768
134	151	0.852168
134	152	0.817343
134	156	1.70159
134	157	0.743659
134	160	0.817659
134	162	0.826772
134	163	0.760898
134	165	0.835181
134	166	0.80581
134	167	0.773383
134	168	0.799358
134	170	0.783694
134	174	0.765565
134	175	0.765297
134	176	0.815529
134	177	0.776348
134	178	0.749333
134	179	0.771588
134	180	0.802424
135	11	0.931852
135	28	1.692
135	32	1.38463
135	39	1.44065
135	51	0.975251
135	98	0.941453
135	105	1.44013
135	130	0.865956
135	131	2.06735
135	143	0.89793
135	147	0.835025
135	149	0.927955
135	151	0.920429
135	158	0.875765
135	162	0.895033
135	163	0.829158
135	164	0.87812
135	165	0.903441
135	167	0.841643
135	168	0.867619
135	169	0.892377
135	171	0.86783
135	172	0.880627
135	173	0.86772
135	174	0.833826
135	175	0.833558
135	177	0.844609
135	178	0.817593
135	179	0.839849
135	180	0.870685
136	29	1.56928
136	50	2.42301
136	81	2.75895
136	87	0.813374
136	115	0.779619
136	129	0.839018
136	134	0.82504
136	137	0.839185
136	142	0.808426
136	153	0.802984
136	156	1.58446
136	157	0.750357
136	158	0.814202
136	159	0.831461
136	160	0.824356
136	162	0.83347
136	164	0.816557
136	165	0.841878
136	167	0.78008
136	168	0.806056
136	169	0.830814
136	171	0.806267
136	172	0.819064
136	174	0.772263
136	175	0.771995
136	176	0.822226
136	177	0.783046
136	178	0.75603
136	179	0.778286
136	180	0.809122
137	22	0.834042
137	23	0.810316
137	33	0.799916
137	46	1.67093
137	50	0.862596
137	66	0.851137
137	71	1.72053
137	76	0.892563
137	82	0.815459
137	84	0.892255
137	85	2.49068
137	91	0.879278
137	94	0.866434
137	101	0.913031
137	125	1.67732
137	132	0.850611
137	136	0.839185
137	143	0.843814
137	153	0.810432
137	154	0.854161
137	156	1.07626
137	168	0.813503
137	169	0.838262
137	171	0.813715
137	173	0.813605
137	174	0.779711
137	175	0.779443
137	176	0.829674
137	177	0.790493
137	179	0.785733
137	180	0.816569
138	2	0.847319
138	14	0.852669
138	15	0.95335
138	31	0.841843
138	32	0.915253
138	40	0.909726
138	43	0.817543
138	49	0.875465
138	54	0.886545
138	63	0.867714
138	71	0.862187
138	72	0.845488
138	73	0.856603
138	75	0.833264
138	88	0.852113
138	92	0.89945
138	95	0.888352
138	114	0.842447
138	117	0.891026
138	118	0.879795
138	120	0.880066
138	131	0.869584
138	133	1.81821
138	140	2.04589
138	143	2.37424
138	148	2.34989
138	151	1.82201
138	152	0.845855
138	156	0.885354
138	160	2.21302
138	163	0.789409
139	39	2.06192
139	73	1.78717
139	94	1.28591
139	99	2.41964
139	111	2.04536
139	123	0.888785
139	129	0.848503
139	133	0.828773
139	141	0.89691
139	144	0.868638
139	146	0.868034
139	148	0.831873
139	149	0.875877
139	152	0.833526
139	153	0.81247
139	157	0.759842
139	158	0.823687
139	159	0.840946
139	160	0.833842
139	162	0.842955
139	164	0.826043
139	166	0.821993
139	167	0.789565
139	169	0.840299
139	170	0.799876
139	171	0.815753
139	172	0.828549
139	173	0.815642
139	177	0.792531
139	178	0.765515
139	179	0.787771
139	180	0.818607
140	8	0.909062
140	17	0.873319
140	25	2.03323
140	64	0.780012
140	68	2.42716
140	124	0.837925
140	127	1.88466
140	130	0.826397
140	138	2.04589
140	141	0.909429
140	142	0.83043
140	143	0.85837
140	144	0.881156
140	148	0.844391
140	153	0.824988
140	157	0.77236
140	160	0.84636
140	161	0.86971
140	162	0.855473
140	166	0.834511
140	167	0.802084
140	168	0.828059
140	169	0.852818
140	171	0.828271
140	172	0.841067
140	174	0.794266
140	175	0.793998
140	176	0.84423
140	177	0.805049
140	179	0.800289
140	180	0.831125
141	18	2.03675
141	35	0.929492
141	47	2.0592
141	48	1.6758
141	72	1.55478
141	74	0.856566
141	107	0.886598
141	115	0.835307
141	131	1.34397
141	134	0.880728
141	139	0.89691
141	140	0.909429
141	145	0.844522
141	147	0.82915
141	149	0.922079
141	157	0.806044
141	162	0.889157
141	164	0.872245
141	165	0.897566
141	167	0.835768
141	168	0.861743
