1	8	0.825008
1	37	0.877021
1	40	0.795279
1	42	0.875569
1	44	0.858812
1	51	0.858728
1	56	0.858639
1	111	1.82345
1	125	4.45834
1	130	0.789658
1	147	0.802386
1	161	0.8617
2	13	0.826844
2	40	0.817421
2	42	0.897711
2	44	0.880954
2	51	0.880869
2	56	0.880781
2	130	0.8118
2	141	3.24023
2	146	2.16569
2	147	0.824528
2	161	0.883841
3	4	1.03007
3	26	0.992633
3	45	0.975477
3	46	0.921654
3	49	0.923563
3	52	0.925391
3	103	1.03536
3	115	2.33898
3	147	3.81115
3	171	0.885036
3	173	0.844162
3	180	0.865538
4	3	1.03007
4	24	1.04064
4	45	0.980741
4	46	0.926918
4	49	0.928827
4	52	0.930655
4	114	2.44322
4	136	1.27339
4	171	0.890301
4	173	0.849426
4	178	3.79602
4	180	0.870802
5	22	0.782272
5	23	0.88601
5	33	0.865095
5	38	0.852438
5	50	0.848448
5	53	0.848378
5	86	0.826073
5	104	0.854696
5	105	0.817548
5	122	0.82102
5	162	3.04577
5	171	3.15957
6	27	0.787334
6	29	0.787265
6	39	0.875903
6	43	0.866647
6	48	0.850564
6	54	0.850467
6	55	0.8504
6	62	0.913999
6	105	0.824987
6	115	1.6904
6	130	4.86269
6	163	0.80051
7	19	0.896332
7	27	0.887589
7	29	0.887519
7	43	0.966902
7	48	0.950818
7	54	0.950721
7	55	0.950654
7	62	1.01425
7	144	3.00053
7	146	1.59259
7	153	2.88375
7	163	0.900765
8	1	0.825008
8	13	0.81264
8	37	0.88496
8	40	0.803217
8	44	0.86675
8	51	0.866666
8	56	0.866578
8	130	0.797596
8	132	1.57944
8	147	0.810324
8	156	4.42069
8	161	0.869638
9	11	0.836152
9	16	0.906296
9	17	0.906308
9	25	0.975908
9	32	0.975746
9	34	0.975614
9	88	1.03573
9	118	3.11783
9	122	0.935212
9	162	0.931885
9	165	0.959049
9	167	3.51607
10	28	0.945275
10	36	0.93515
10	41	0.864099
10	61	0.909491
10	66	0.967813
10	67	0.96781
10	123	0.979664
10	126	0.969361
10	127	0.867282
10	142	3.25327
10	155	2.02692
10	163	2.92416
11	9	0.836152
11	16	0.713233
11	17	0.713244
11	18	0.813863
11	21	0.735921
11	25	0.782845
11	32	0.782682
11	34	0.78255
11	122	0.742148
11	153	4.87841
11	162	0.738822
11	165	0.765986
12	24	0.333809
12	26	0.740059
12	45	0.566913
12	46	1.12679
12	49	1.1287
12	52	1.13053
12	108	1.14623
12	128	0.980263
12	143	10.8
12	164	5.16934
12	171	1.09018
12	173	1.0493
12	180	1.07068
13	2	0.826844
13	8	0.81264
13	37	0.864654
13	40	0.782912
13	42	0.863202
13	44	0.846445
13	51	0.84636
13	56	0.846272
13	130	0.77729
13	141	2.43059
13	147	0.790018
13	161	0.849332
13	167	3.73579
14	28	0.920199
14	30	0.925539
14	36	0.910075
14	41	0.839023
14	61	0.884415
14	66	0.942737
14	67	0.942734
14	88	0.832292
14	123	0.954588
14	126	0.944285
14	127	0.842207
14	159	4.18373
14	168	2.61687
15	28	0.836213
15	30	0.841552
15	35	0.839941
15	36	0.826088
15	41	0.755037
15	61	0.800429
15	66	0.858751
15	67	0.858748
15	123	0.870602
15	126	0.860298
15	127	0.75822
15	132	1.31991
15	172	5.17952
16	9	0.906296
16	11	0.713233
16	17	0.783388
16	18	0.884006
16	21	0.806065
16	25	0.852989
16	32	0.852826
16	34	0.852694
16	122	0.812292
16	147	3.26339
16	162	0.808966
16	165	0.836129
16	171	3.19454
17	9	0.906308
17	11	0.713244
17	16	0.783388
17	18	0.884018
17	21	0.806077
17	25	0.853
17	32	0.852838
17	34	0.852706
17	122	0.812304
17	132	2.01398
17	158	5.18405
17	162	0.808977
17	165	0.836141
18	11	0.813863
18	16	0.884006
18	17	0.884018
18	21	0.906695
18	25	0.953618
18	32	0.953456
18	34	0.953324
18	92	1.25049
18	107	2.27776
18	122	0.912922
18	149	4.69349
18	162	0.909595
18	165	0.936759
19	7	0.896332
19	27	0.767701
19	29	0.767632
19	39	0.85627
19	43	0.847014
19	48	0.830931
19	54	0.830834
19	55	0.830767
19	62	0.894366
19	105	0.805354
19	133	3.2011
19	163	0.780877
19	165	3.09885
20	22	0.868424
20	23	0.972163
20	33	0.951248
20	38	0.938591
20	50	0.9346
20	53	0.93453
20	85	0.778486
20	86	0.912226
20	105	0.903701
20	115	1.83566
20	122	0.907173
20	161	1.29191
20	166	4.23648
21	11	0.735921
21	16	0.806065
21	17	0.806077
21	18	0.906695
21	25	0.875677
21	32	0.875515
21	34	0.875383
21	122	0.834981
21	154	3.86379
21	161	1.9342
21	162	0.831654
21	165	0.858818
22	5	0.782272
22	20	0.868424
22	23	0.867449
22	33	0.846534
22	38	0.833877
22	50	0.829886
22	53	0.829816
22	86	0.807512
22	104	0.836135
22	105	0.798987
22	118	2.23317
22	122	0.802459
22	149	4.25813
23	5	0.88601
23	20	0.972163
23	22	0.867449
23	33	0.950272
23	38	0.937616
23	50	0.933625
23	53	0.933555
23	85	0.777511
23	104	0.939874
23	122	0.906198
23	124	3.65675
23	129	2.62409
23	136	2.05651
24	4	1.04064
24	12	0.333809
24	26	1.0032
24	45	0.986046
24	46	0.932223
24	49	0.934132
24	52	0.93596
24	88	1.65143
24	103	1.12135
24	108	0.951655
24	171	0.895606
24	173	0.854731
24	178	5.54
24	180	0.876107
25	9	0.975908
25	11	0.782845
25	16	0.852989
25	17	0.853
25	18	0.953618
25	21	0.875677
25	32	0.922438
25	34	0.922306
25	122	0.881904
25	136	1.32061
25	162	0.878578
25	165	0.905742
25	167	3.4984
25	171	3.10598
26	3	0.992633
26	12	0.740059
26	24	1.0032
26	45	0.9433
26	46	0.889477
26	49	0.891387
26	52	0.893215
26	108	0.90891
26	145	1.60861
26	159	3.88324
26	171	0.85286
26	172	3.2083
26	173	0.811985
26	180	0.833362
27	6	0.787334
27	7	0.887589
27	19	0.767701
27	29	0.758888
27	39	0.847526
27	43	0.83827
27	48	0.822187
27	54	0.82209
27	55	0.822023
27	62	0.885622
27	105	0.796611
27	127	3.02765
27	150	3.56714
27	163	0.772133
28	10	0.945275
28	14	0.920199
28	15	0.836213
28	30	0.907874
28	35	0.906263
28	41	0.821359
28	61	0.866751
28	66	0.925073
28	67	0.92507
28	126	0.92662
28	127	0.824542
28	144	2.81808
28	155	1.44075
28	158	3.69099
29	6	0.787265
29	7	0.887519
29	19	0.767632
29	27	0.758888
29	39	0.847457
29	43	0.838201
29	48	0.822118
29	54	0.822021
29	55	0.821954
29	62	0.885553
29	105	0.796541
29	131	5.15151
29	160	1.58628
29	163	0.772064
30	14	0.925539
30	15	0.841552
30	28	0.907874
30	35	0.911602
30	36	0.897749
30	41	0.826698
30	61	0.87209
30	66	0.930412
30	67	0.930409
30	68	0.857934
30	120	4.27221
30	126	0.93196
30	127	0.829881
30	138	2.01603
31	63	0.881647
31	84	0.84397
31	86	0.887814
31	92	0.841665
31	93	0.878458
31	94	4.20319
31	95	0.880113
31	99	0.917722
31	108	0.890839
31	112	0.893195
31	116	0.924533
31	119	0.882091
31	121	0.915422
31	161	2.10644
32	9	0.975746
32	11	0.782682
32	16	0.852826
32	17	0.852838
32	18	0.953456
32	21	0.875515
32	25	0.922438
32	34	0.922144
32	122	0.881742
32	137	4.70245
32	140	2.20943
32	147	1.73025
32	162	0.878415
32	165	0.905579
33	5	0.865095
33	20	0.951248
33	22	0.846534
33	23	0.950272
33	38	0.9167
33	50	0.91271
33	53	0.91264
33	85	0.756595
33	86	0.890335
33	104	0.918959
33	122	0.885282
33	156	1.93869
33	157	3.14658
33	163	2.79968
34	9	0.975614
34	11	0.78255
34	16	0.852694
34	17	0.852706
34	18	0.953324
34	21	0.875383
34	25	0.922306
34	32	0.922144
34	122	0.88161
34	123	1.77314
34	125	3.64166
34	157	3.19382
34	162	0.878283
34	165	0.905447
35	15	0.839941
35	28	0.906263
35	30	0.911602
35	36	0.896138
35	41	0.825087
35	61	0.870479
35	66	0.928801
35	67	0.928798
35	123	0.940652
35	126	0.930349
35	127	0.82827
35	154	2.5247
35	160	1.91331
35	163	3.36154
36	10	0.93515
36	14	0.910075
36	15	0.826088
36	30	0.897749
36	35	0.896138
36	41	0.811234
36	61	0.856626
36	66	0.914948
36	67	0.914945
36	123	0.926799
36	126	0.916496
36	151	3.17439
36	162	1.96299
36	166	3.0743
37	1	0.877021
37	8	0.88496
37	13	0.864654
37	40	0.855231
37	42	0.935521
37	44	0.918764
37	51	0.91868
37	56	0.918591
37	88	0.838619
37	130	0.84961
37	145	2.9826
37	147	0.862338
37	161	0.921652
37	180	4.01209
38	5	0.852438
38	20	0.938591
38	22	0.833877
38	23	0.937616
38	33	0.9167
38	50	0.900053
38	53	0.899983
38	86	0.877679
38	102	1.30567
38	104	0.906302
38	105	0.869154
38	106	1.962
38	122	0.872626
38	179	6.31068
39	6	0.875903
39	19	0.85627
39	27	0.847526
39	29	0.847457
39	43	0.926839
39	48	0.910756
39	54	0.910659
39	55	0.910592
39	62	0.974191
39	105	0.88518
39	147	1.99521
39	163	0.860703
39	168	2.98123
39	180	3.30293
40	1	0.795279
40	2	0.817421
40	8	0.803217
40	13	0.782912
40	37	0.855231
40	42	0.853779
40	44	0.837022
40	51	0.836937
40	56	0.836849
40	130	0.767867
40	138	1.95734
40	147	0.780595
40	161	0.839909
40	173	5.65306
41	10	0.864099
41	14	0.839023
41	15	0.755037
41	28	0.821359
41	30	0.826698
41	35	0.825087
41	36	0.811234
41	61	0.785575
41	66	0.843896
41	67	0.843894
41	81	3.01713
41	103	3.24659
41	126	0.845444
41	127	0.743366
42	1	0.875569
42	2	0.897711
42	13	0.863202
42	37	0.935521
42	40	0.853779
42	44	0.917311
42	51	0.917227
42	56	0.917139
42	130	0.848157
42	141	1.9824
42	147	0.860885
42	161	0.920199
42	169	4.69044
42	170	2.55876
43	6	0.866647
43	7	0.966902
43	19	0.847014
43	27	0.83827
43	29	0.838201
43	39	0.926839
43	48	0.9015
43	54	0.901403
43	55	0.901336
43	62	0.964935
43	101	3.64777
43	163	0.851447
43	166	4.48551
43	175	13.2965
44	1	0.858812
44	2	0.880954
44	8	0.86675
44	13	0.846445
44	37	0.918764
44	40	0.837022
44	42	0.917311
44	51	0.90047
44	56	0.900382
44	88	1.94192
44	130	0.8314
44	140	2.78497
44	147	0.844128
44	159	4.85867
44	161	0.903442
45	3	0.975477
45	4	0.980741
45	12	0.566913
45	24	0.986046
45	26	0.9433
45	46	0.872321
45	49	0.87423
45	52	0.876058
45	108	0.891753
45	128	1.13326
45	149	3.94838
45	171	0.835704
45	173	0.794829
45	174	3.38298
45	180	0.816205
46	3	0.921654
46	4	0.926918
46	12	1.12679
46	24	0.932223
46	26	0.889477
46	45	0.872321
46	49	0.820407
46	52	0.822235
46	106	0.808649
46	108	0.83793
46	171	0.781881
46	173	0.741006
46	176	5.05183
46	178	2.44706
46	180	0.762382
47	58	0.915531
47	65	0.920691
47	69	0.872875
47	70	0.845846
47	72	0.84713
47	74	0.848362
47	77	0.899541
47	79	0.900664
47	80	0.901732
47	82	0.902743
47	145	2.99798
47	165	1.60149
47	168	0.825724
47	174	4.10463
47	178	0.814428
48	6	0.850564
48	7	0.950818
48	19	0.830931
48	27	0.822187
48	29	0.822118
48	39	0.910756
48	43	0.9015
48	54	0.88532
48	55	0.885253
48	62	0.948852
48	91	3.40385
48	105	0.85984
48	118	2.449
48	144	2.70804
48	163	0.835363
49	3	0.923563
49	4	0.928827
49	12	1.1287
49	24	0.934132
49	26	0.891387
49	45	0.87423
49	46	0.820407
49	52	0.824144
49	103	1.49671
49	108	0.839839
49	123	1.42863
49	150	5.17044
49	171	0.78379
49	173	0.742915
49	180	0.764291
50	5	0.848448
50	20	0.9346
50	22	0.829886
50	23	0.933625
50	33	0.91271
50	38	0.900053
50	53	0.895992
50	85	0.739948
50	86	0.873688
50	92	2.00839
50	104	0.902311
50	105	0.865163
50	122	0.868635
50	123	1.63503
50	179	7.24699
51	1	0.858728
51	2	0.880869
51	8	0.866666
51	13	0.84636
51	37	0.91868
51	40	0.836937
51	42	0.917227
51	44	0.90047
51	56	0.900297
51	117	3.23638
51	127	1.90679
51	130	0.831316
51	134	3.58066
51	147	0.844044
51	161	0.903358
52	3	0.925391
52	4	0.930655
52	12	1.13053
52	24	0.93596
52	26	0.893215
52	45	0.876058
52	46	0.822235
52	49	0.824144
52	108	0.841667
52	139	2.44082
52	168	2.41561
52	170	3.55202
52	171	0.785618
52	173	0.744743
52	180	0.766119
53	5	0.848378
53	20	0.93453
53	22	0.829816
53	23	0.933555
53	33	0.91264
53	38	0.899983
53	50	0.895992
53	81	1.12316
53	85	0.739878
53	86	0.873618
53	104	0.902241
53	105	0.865093
53	122	0.868565
53	141	3.14678
53	160	3.43069
54	6	0.850467
54	7	0.950721
54	19	0.830834
54	27	0.82209
54	29	0.822021
54	39	0.910659
54	43	0.901403
54	48	0.88532
54	55	0.885156
54	62	0.948755
54	71	2.06796
54	105	0.859743
54	163	0.835266
54	166	2.22457
54	173	4.86201
55	6	0.8504
55	7	0.950654
55	19	0.830767
55	27	0.822023
55	29	0.821954
55	39	0.910592
55	43	0.901336
55	48	0.885253
55	54	0.885156
55	62	0.948688
55	64	4.8
55	75	1.81241
55	105	0.859676
55	151	2.11488
55	163	0.835199
56	1	0.858639
56	2	0.880781
56	8	0.866578
56	13	0.846272
56	37	0.918591
56	40	0.836849
56	42	0.917139
56	44	0.900382
56	51	0.900297
56	129	2.1037
56	130	0.831228
56	147	0.843955
56	156	2.37571
56	157	3.5836
56	161	0.903269
57	58	0.61824
57	59	0.85572
57	65	0.300605
57	69	0.664832
57	70	1.03488
57	72	1.03617
57	74	1.0374
57	77	1.08858
57	79	1.0897
57	80	1.09077
57	82	1.09178
57	123	1.00072
57	152	13.5
57	164	5.37697
57	168	1.01476
57	178	1.00347
58	47	0.915531
58	57	0.61824
58	65	0.924549
58	68	2.31294
58	69	0.876733
58	70	0.849703
58	72	0.850988
58	74	0.85222
58	77	0.903398
58	79	0.904522
58	80	0.90559
58	82	0.9066
58	128	2.43304
58	164	7.15369
58	168	0.829581
58	178	0.818285
59	57	0.85572
59	65	0.903512
59	69	0.855696
59	70	0.828667
59	72	0.829951
59	74	0.831184
59	77	0.882362
59	79	0.883485
59	80	0.884553
59	82	0.885564
59	126	0.914011
59	129	2.41718
59	159	2.37435
59	168	0.808545
59	178	0.797249
59	179	5.86043
60	78	0.896803
60	84	0.883789
60	89	0.928255
60	93	0.918277
60	96	0.97062
60	98	0.960517
60	99	0.957541
60	100	0.910434
60	110	0.939198
60	116	0.964352
60	119	0.92191
60	121	0.955241
60	133	1.37807
60	162	2.32787
60	171	2.44167
60	180	3.81825
61	10	0.909491
61	14	0.884415
61	15	0.800429
61	28	0.866751
61	30	0.87209
61	35	0.870479
61	36	0.856626
61	41	0.785575
61	66	0.889289
61	67	0.889286
61	123	0.90114
61	126	0.890836
61	127	0.788758
61	167	2.04532
61	170	3.84418
61	174	3.10664
62	6	0.913999
62	7	1.01425
62	19	0.894366
62	27	0.885622
62	29	0.885553
62	39	0.974191
62	43	0.964935
62	48	0.948852
62	54	0.948755
62	55	0.948688
62	105	0.923276
62	156	1.86981
62	162	1.79764
62	163	0.898799
62	167	2.30386
62	170	4.10272
63	31	0.881647
63	71	1.16375
63	78	0.814316
63	83	0.864775
63	96	0.888134
63	97	0.880942
63	99	0.875054
63	100	0.827947
63	104	0.87377
63	110	0.856712
63	112	0.850528
63	113	5.06567
63	116	0.881866
63	119	0.839424
63	121	0.872755
63	160	2.24194
64	55	4.8
64	87	0.782311
64	94	0.763486
64	113	0.762551
64	131	0.747942
64	151	0.777193
64	156	0.775954
64	157	0.74997
64	159	0.747683
64	160	0.789575
64	164	0.711537
64	169	0.71879
64	171	0.746002
64	176	0.720242
64	177	0.69876
64	179	0.710277
65	47	0.920691
65	57	0.300605
65	58	0.924549
65	59	0.903512
65	69	0.881893
65	70	0.854864
65	72	0.856148
65	74	0.85738
65	77	0.908558
65	79	0.909682
65	80	0.91075
65	82	0.91176
65	134	3.862
65	144	2.01405
65	168	0.834741
65	172	3.70761
65	178	0.823445
66	10	0.967813
66	14	0.942737
66	15	0.858751
66	28	0.925073
66	30	0.930412
66	35	0.928801
66	36	0.914948
66	41	0.843896
66	61	0.889289
66	67	0.947608
66	111	2.67746
66	123	0.959462
66	126	0.949158
66	127	0.84708
66	136	1.91286
66	146	1.71092
66	171	3.69824
67	10	0.96781
67	14	0.942734
67	15	0.858748
67	28	0.92507
67	30	0.930409
67	35	0.928798
67	36	0.914945
67	41	0.843894
67	61	0.889286
67	66	0.947608
67	102	1.35854
67	109	3.60473
67	123	0.959459
67	126	0.949155
67	127	0.847077
67	146	1.49747
67	178	3.88249
68	30	0.857934
68	58	2.31294
68	93	0.772589
68	115	0.923246
68	124	0.871224
68	128	0.959824
68	139	0.861257
68	160	0.887811
68	164	0.809774
68	169	0.817027
68	170	0.841283
68	171	0.844239
68	172	0.82373
68	176	0.818479
68	177	0.796997
68	178	0.830198
68	179	0.808514
69	47	0.872875
69	57	0.664832
69	58	0.876733
69	59	0.855696
69	65	0.881893
69	70	0.807048
69	72	0.808332
69	74	0.809564
69	77	0.860743
69	79	0.861866
69	80	0.862934
69	82	0.863944
69	106	2.25219
69	126	0.892391
69	132	1.40822
69	168	0.786926
69	177	8.5496
69	178	0.77563
70	47	0.845846
70	57	1.03488
70	58	0.849703
70	59	0.828667
70	65	0.854864
70	69	0.807048
70	72	0.781303
70	74	0.782535
70	77	0.833713
70	79	0.834837
70	80	0.835905
70	82	0.836915
70	107	2.40267
70	126	0.865362
70	151	3.89685
70	167	3.19167
70	168	0.759896
70	178	0.7486
71	54	2.06796
71	63	1.16375
71	75	0.852286
71	81	0.911407
71	96	1.06483
71	133	0.905095
71	140	0.854577
71	142	0.833748
71	146	0.907219
71	149	0.816752
71	160	0.869581
71	166	0.83672
71	168	0.823264
71	169	0.798797
71	170	0.823052
71	176	0.800249
71	177	0.778767
71	179	0.790283
72	47	0.84713
72	57	1.03617
72	58	0.850988
72	59	0.829951
72	65	0.856148
72	69	0.808332
72	70	0.781303
72	74	0.783819
72	77	0.834998
72	79	0.836121
72	80	0.837189
72	82	0.8382
72	126	0.866647
72	128	1.68945
72	142	4.04411
72	150	3.86242
72	168	0.761181
72	178	0.749885
73	76	3.70866
73	94	0.760814
73	113	0.759879
73	117	0.735214
73	134	0.764104
73	140	0.771898
73	143	0.713409
73	154	0.752765
73	157	0.747298
73	159	0.745011
73	160	0.786903
73	167	0.75236
73	169	0.716119
73	170	0.740374
73	174	0.738269
73	176	0.71757
73	177	0.696088
73	179	0.707605
74	47	0.848362
74	57	1.0374
74	58	0.85222
74	59	0.831184
74	65	0.85738
74	69	0.809564
74	70	0.782535
74	72	0.783819
74	77	0.83623
74	79	0.837353
74	80	0.838421
74	82	0.839432
74	126	0.867879
74	135	6.02314
74	137	3.08241
74	166	2.53977
74	168	0.762413
74	178	0.751117
75	55	1.81241
75	71	0.852286
75	114	0.808571
75	119	2.44274
75	135	0.765426
75	138	0.842557
75	146	0.852751
75	150	0.765369
75	153	0.770888
75	158	0.773212
75	159	0.773222
75	160	0.815113
75	167	0.78057
75	168	0.768796
75	174	0.766479
75	176	0.745781
75	177	0.724299
75	178	0.7575
75	179	0.735816
76	73	3.70866
76	78	0.845068
76	83	0.895527
76	89	0.876521
76	93	0.866543
76	95	0.868198
76	96	0.918886
76	97	0.911694
76	98	0.908783
76	99	0.905807
76	100	0.8587
76	110	0.887464
76	112	0.88128
76	113	2.43433
76	116	0.912618
76	119	0.870176
76	121	0.903507
76	129	1.85503
76	144	1.75931
77	47	0.899541
77	57	1.08858
77	58	0.903398
77	59	0.882362
77	65	0.908558
77	69	0.860743
77	70	0.833713
77	72	0.834998
77	74	0.83623
77	79	0.888532
77	80	0.8896
77	82	0.89061
77	126	0.919057
77	130	1.77236
77	145	1.89183
77	168	0.813591
77	176	1.84843
77	177	7.30775
77	178	0.802295
78	60	0.896803
78	63	0.814316
78	76	0.845068
78	83	0.840111
78	84	0.776639
78	89	0.821105
78	93	0.811127
78	95	0.812782
78	97	0.856278
78	98	0.853366
78	100	0.803284
78	110	0.832048
78	112	0.825864
78	114	3.65602
78	116	0.857202
78	119	0.81476
78	121	0.848091
78	133	1.30715
78	180	4.67368
79	47	0.900664
79	57	1.0897
79	58	0.904522
79	59	0.883485
79	65	0.909682
79	69	0.861866
79	70	0.834837
79	72	0.836121
79	74	0.837353
79	77	0.888532
79	80	0.890723
79	82	0.891734
79	106	2.17715
79	126	0.920181
79	128	1.7127
79	132	1.98186
79	155	3.74063
79	168	0.814715
79	178	0.803419
80	47	0.901732
80	57	1.09077
80	58	0.90559
80	59	0.884553
80	65	0.91075
80	69	0.862934
80	70	0.835905
80	72	0.837189
80	74	0.838421
80	77	0.8896
80	79	0.890723
80	82	0.892801
80	111	1.54927
80	114	1.70076
80	126	0.921248
80	166	2.33936
80	168	0.815782
80	176	5.65834
80	178	0.804486
81	41	3.01713
81	53	1.12316
81	71	0.911407
81	91	0.861668
81	108	0.401871
81	129	0.868414
81	142	0.838401
81	148	0.810462
81	153	0.830009
81	154	0.840097
81	161	0.911195
81	166	0.841373
81	172	0.810153
81	173	0.789787
81	174	0.8256
81	175	0.778673
81	176	0.804902
81	177	0.78342
81	179	0.794937
82	47	0.902743
82	57	1.09178
82	58	0.9066
82	59	0.885564
82	65	0.91176
82	69	0.863944
82	70	0.836915
82	72	0.8382
82	74	0.839432
82	77	0.89061
82	79	0.891734
82	80	0.892801
82	92	0.838002
82	126	0.922259
82	160	2.20497
82	168	0.816793
82	174	3.03944
82	176	5.90219
82	178	0.805497
83	63	0.864775
83	76	0.895527
83	78	0.840111
83	84	0.827098
83	86	0.870942
83	89	0.871564
83	95	0.863241
83	97	0.906737
83	99	0.900849
83	100	0.853742
83	108	0.873966
83	110	0.882507
83	112	0.876323
83	116	0.907661
83	119	0.865219
83	121	0.89855
83	124	3.4121
83	140	3.2411
83	153	2.82952
83	155	1.56896
84	31	0.84397
84	60	0.883789
84	78	0.776639
84	83	0.827098
84	89	0.808092
84	93	0.798113
84	95	0.799769
84	96	0.850456
84	97	0.843265
84	98	0.840353
84	99	0.837377
84	100	0.79027
84	110	0.819034
84	112	0.812851
84	116	0.844189
84	119	0.801747
84	121	0.835078
84	139	4.7942
84	155	2.59
84	161	1.76704
85	20	0.778486
85	23	0.777511
85	33	0.756595
85	50	0.739948
85	53	0.739878
85	104	0.746197
85	105	0.709049
85	120	0.667985
85	122	0.712521
85	127	0.665191
85	131	0.666488
85	134	0.685323
85	143	0.634627
85	146	0.745759
85	151	0.695739
85	156	0.6945
85	159	0.66623
85	174	0.659487
85	176	0.638789
85	179	0.628823
86	5	0.826073
86	20	0.912226
86	22	0.807512
86	31	0.887814
86	33	0.890335
86	38	0.877679
86	50	0.873688
86	53	0.873618
86	83	0.870942
86	93	0.841957
86	98	0.884197
86	105	0.842789
86	112	0.856694
86	116	0.888033
86	119	0.845591
86	121	0.878922
86	122	0.846261
86	133	1.5669
86	146	1.56954
86	155	2.43274
86	172	5.50364
87	64	0.782311
87	108	2.69398
87	119	1.00333
87	130	0.790064
87	131	0.783512
87	142	0.789312
87	153	0.78092
87	159	0.783254
87	165	0.853382
87	166	0.792284
87	167	0.790602
87	169	0.754361
87	170	0.778616
87	171	0.781572
87	172	0.761063
87	173	0.740697
87	175	0.729583
87	176	0.755813
87	177	0.73433
87	179	0.745847
87	180	0.762074
88	9	1.03573
88	14	0.832292
88	24	1.65143
88	37	0.838619
88	44	1.94192
88	120	0.916191
88	128	1.02834
88	129	0.950507
88	141	0.947877
88	145	0.948394
88	153	0.912103
88	161	0.993288
88	167	0.921785
88	169	0.885543
88	170	0.909799
88	172	0.892246
88	174	0.907694
88	175	0.860766
88	176	0.886995
88	177	0.865513
88	179	0.87703
89	60	0.928255
89	76	0.876521
89	78	0.821105
89	83	0.871564
89	84	0.808092
89	93	0.842579
89	95	0.844235
89	96	0.894922
89	97	0.887731
89	98	0.884819
89	99	0.881843
89	100	0.834736
89	110	0.863501
89	112	0.857317
89	116	0.888655
89	119	0.846213
89	121	0.879544
89	160	2.0758
89	165	1.60232
89	168	3.75953
89	174	4.15841
90	101	0.792791
90	103	0.859877
90	104	3.07014
90	109	0.771138
90	116	1.5132
90	118	0.814308
90	142	0.773775
90	146	0.847245
90	152	0.720299
90	154	0.77547
90	158	0.767707
90	160	0.809608
90	166	0.776747
90	167	0.775065
90	169	0.738824
90	170	0.763079
90	172	0.745526
90	176	0.740275
90	178	0.751994
90	179	0.73031
90	180	0.746537
91	48	3.40385
91	81	0.861668
91	110	1.86117
91	131	0.778209
91	137	0.796677
91	141	0.811392
91	142	0.784009
91	152	0.730534
91	154	0.785705
91	159	0.777951
91	164	0.741805
91	166	0.786981
91	167	0.785299
91	168	0.773525
91	169	0.749058
91	172	0.75576
91	174	0.771208
91	175	0.72428
91	176	0.75051
91	177	0.729027
91	178	0.762229
91	179	0.740544
92	18	1.25049
92	31	0.841665
92	50	2.00839
92	82	0.838002
92	105	0.279209
92	117	0.902604
92	120	0.914156
92	146	0.99193
92	149	0.901463
92	155	0.947587
92	159	0.912402
92	160	0.954293
92	164	0.876256
92	166	0.921432
92	167	0.91975
92	169	0.883509
92	172	0.890211
92	174	0.905659
92	175	0.858731
92	176	0.884961
92	177	0.863478
92	179	0.874995
93	31	0.878458
93	60	0.918277
93	68	0.772589
93	76	0.866543
93	78	0.811127
93	84	0.798113
93	86	0.841957
93	89	0.842579
93	95	0.834256
93	96	0.884944
93	97	0.877753
93	98	0.874841
93	99	0.871865
93	100	0.824758
93	110	0.853522
93	112	0.847338
93	116	0.878677
93	117	4.86362
93	119	0.836235
93	121	0.869566
93	138	1.93069
93	160	2.47785
94	31	4.20319
94	64	0.763486
94	73	0.760814
94	106	0.849381
94	110	1.06183
94	118	0.81102
94	120	0.766183
94	123	0.875772
94	140	0.791315
94	143	0.732826
94	144	0.796422
94	151	0.793938
94	152	0.717012
94	157	0.766715
94	164	0.728282
94	165	0.834557
94	169	0.735536
94	170	0.759791
94	173	0.721872
94	174	0.757686
94	177	0.715505
94	179	0.727022
95	31	0.880113
95	76	0.868198
95	78	0.812782
95	83	0.863241
95	84	0.799769
95	89	0.844235
95	93	0.834256
95	96	0.886599
95	97	0.879408
95	98	0.876496
95	99	0.87352
95	100	0.826413
95	104	0.872236
95	110	0.855177
95	112	0.848994
95	116	0.880332
95	119	0.83789
95	121	0.871221
95	133	1.84678
95	146	1.84942
95	154	3.81926
95	156	3.79511
96	60	0.97062
96	63	0.888134
96	71	1.06483
96	76	0.918886
96	84	0.850456
96	89	0.894922
96	93	0.884944
96	95	0.886599
96	97	0.930095
96	98	0.927184
96	99	0.924208
96	100	0.877101
96	102	1.9171
96	108	0.897325
96	110	0.905865
96	112	0.899681
96	116	0.931019
96	119	0.888577
96	121	0.921909
96	145	3.11898
96	153	2.90833
96	168	3.82676
97	63	0.880942
97	76	0.911694
97	78	0.856278
97	83	0.906737
97	84	0.843265
97	89	0.887731
97	93	0.877753
97	95	0.879408
97	96	0.930095
97	98	0.919992
97	99	0.917016
97	100	0.869909
97	104	0.915732
97	110	0.898674
97	112	0.89249
97	116	0.923828
97	119	0.881386
97	121	0.914717
97	128	1.05129
97	142	3.20263
97	161	1.21873
97	172	4.00094
97	174	3.5079
98	60	0.960517
98	76	0.908783
98	78	0.853366
98	84	0.840353
98	86	0.884197
98	89	0.884819
98	93	0.874841
98	95	0.876496
98	96	0.927184
98	97	0.919992
98	100	0.866998
98	104	0.91282
98	108	0.887221
98	110	0.895762
98	112	0.889578
98	116	0.920916
98	119	0.878474
98	121	0.911805
98	136	1.52436
98	138	2.1337
98	154	3.29225
98	157	4.476
98	165	1.21752
99	31	0.917722
99	60	0.957541
99	63	0.875054
99	76	0.905807
99	83	0.900849
99	84	0.837377
99	89	0.881843
99	93	0.871865
99	95	0.87352
99	96	0.924208
99	97	0.917016
99	100	0.864022
99	108	0.884245
99	110	0.892786
99	112	0.886602
99	116	0.91794
99	119	0.875498
99	121	0.908829
99	137	2.41514
99	163	1.84801
99	165	2.13076
99	169	3.69706
99	179	5.48189
100	60	0.910434
100	63	0.827947
100	76	0.8587
100	78	0.803284
100	83	0.853742
100	84	0.79027
100	89	0.834736
100	93	0.824758
100	95	0.826413
100	96	0.877101
100	97	0.869909
100	98	0.866998
100	99	0.864022
100	108	0.837139
100	110	0.845679
100	111	1.74983
100	112	0.839495
100	116	0.870833
100	119	0.828391
100	121	0.861722
100	123	1.39309
100	162	2.65681
100	169	7.09357
101	43	3.64777
101	90	0.792791
101	117	0.763903
101	119	1.80738
101	131	0.773959
101	140	0.800587
101	145	0.807658
101	147	0.793238
101	148	0.751819
101	149	0.762762
101	152	0.726283
101	155	0.808886
101	158	0.773691
101	164	0.737554
101	166	0.782731
101	167	0.781049
101	170	0.769063
101	172	0.75151
101	174	0.766958
101	176	0.746259
101	177	0.724777
101	179	0.736294
101	180	0.75252
102	38	1.30567
102	67	1.35854
102	96	1.9171
102	104	1.03887
102	106	0.916328
102	118	0.877968
102	132	0.946865
102	136	0.934986
102	138	0.900711
102	141	0.864817
102	142	0.837435
102	151	0.860886
102	154	0.83913
102	157	0.833663
102	167	0.838725
102	169	0.802483
102	170	0.826739
102	172	0.809186
102	174	0.824634
102	176	0.803935
102	177	0.782453
102	179	0.79397
102	180	0.810196
103	3	1.03536
103	24	1.12135
103	41	3.24659
103	49	1.49671
103	90	0.859877
103	115	0.918112
103	123	0.95213
103	133	0.918192
103	135	0.832991
103	153	0.838453
103	156	0.869057
103	157	0.843074
103	164	0.804641
103	165	0.910915
103	167	0.848135
103	170	0.836149
103	172	0.818597
103	174	0.834044
103	175	0.787117
103	176	0.813346
103	177	0.791864
103	179	0.80338
103	180	0.819607
104	5	0.854696
104	22	0.836135
104	23	0.939874
104	33	0.918959
104	38	0.906302
104	50	0.902311
104	53	0.902241
104	63	0.87377
104	85	0.746197
104	90	3.07014
104	95	0.872236
104	97	0.915732
104	98	0.91282
104	102	1.03887
104	105	0.871412
104	110	0.891502
104	112	0.885318
104	116	0.916656
104	119	0.874214
104	120	3.82779
104	121	0.907545
104	122	0.874884
104	132	1.29658
104	165	1.53759
105	5	0.817548
105	6	0.824987
105	19	0.805354
105	20	0.903701
105	22	0.798987
105	27	0.796611
105	29	0.796541
105	38	0.869154
105	39	0.88518
105	48	0.85984
105	50	0.865163
105	53	0.865093
105	54	0.859743
105	55	0.859676
105	62	0.923276
105	85	0.709049
105	86	0.842789
105	92	0.279209
105	104	0.871412
105	122	0.837736
105	158	3.47612
105	163	0.809787
105	165	1.28985
105	173	5.98494
106	38	1.962
106	46	0.808649
106	69	2.25219
106	79	2.17715
106	94	0.849381
106	102	0.916328
106	129	0.869649
106	140	0.860465
106	144	0.865572
106	146	0.913107
106	153	0.831244
106	155	0.868764
106	156	0.861849
106	160	0.875469
106	164	0.797432
106	166	0.842609
106	169	0.804685
106	170	0.828941
106	172	0.811388
106	175	0.779908
106	176	0.806137
106	177	0.784655
106	178	0.817856
106	180	0.812398
107	18	2.27776
107	70	2.40267
107	126	1.01988
107	135	0.798247
107	137	0.824769
107	144	0.838036
107	145	0.84
107	148	0.784162
107	150	0.79819
107	151	0.835552
107	154	0.813797
107	157	0.80833
107	160	0.847934
107	163	0.824385
107	164	0.769897
107	167	0.813391
107	169	0.77715
107	170	0.801405
107	172	0.783853
107	175	0.752373
107	176	0.778602
107	177	0.75712
107	178	0.790321
107	179	0.768637
108	12	1.14623
108	24	0.951655
108	26	0.90891
108	31	0.890839
108	45	0.891753
108	46	0.83793
108	49	0.839839
108	52	0.841667
108	81	0.401871
108	83	0.873966
108	87	2.69398
108	96	0.897325
108	98	0.887221
108	99	0.884245
108	100	0.837139
108	110	0.865903
108	112	0.859719
108	115	1.93495
108	119	0.848615
108	121	0.881946
108	127	3.76557
108	138	2.16224
108	171	0.801313
108	173	0.760438
108	180	0.781814
109	67	3.60473
109	90	0.771138
109	111	0.833634
109	112	2.32993
109	115	0.829374
109	117	0.742251
109	132	0.867537
109	136	0.855658
109	142	0.758106
109	143	0.720445
109	149	0.74111
109	157	0.754335
109	159	0.752048
109	161	0.8309
109	162	0.795012
109	164	0.715902
109	169	0.723155
109	170	0.747411
109	171	0.750367
109	172	0.729858
109	174	0.745305
109	175	0.698378
109	176	0.724607
109	177	0.703125
109	179	0.714642
110	60	0.939198
110	63	0.856712
110	76	0.887464
110	78	0.832048
110	83	0.882507
110	84	0.819034
110	89	0.863501
110	91	1.86117
110	93	0.853522
110	94	1.06183
110	95	0.855177
110	96	0.905865
110	97	0.898674
110	98	0.895762
110	99	0.892786
110	100	0.845679
110	104	0.891502
110	108	0.865903
110	112	0.868259
110	116	0.899598
110	119	0.857156
110	121	0.890487
110	124	1.63116
110	131	3.84849
110	170	3.10342
111	1	1.82345
111	66	2.67746
111	80	1.54927
111	100	1.74983
111	109	0.833634
111	114	0.865561
111	127	0.829174
111	129	0.866283
111	143	0.79861
111	144	0.862206
111	151	0.859722
111	153	0.827879
111	154	0.837966
111	157	0.832499
111	159	0.830212
111	160	0.872104
111	164	0.794066
111	165	0.900341
111	167	0.837561
111	169	0.80132
111	173	0.787656
111	175	0.776542
111	176	0.802771
111	177	0.781289
111	179	0.792806
111	180	0.809033
112	31	0.893195
112	63	0.850528
112	76	0.88128
112	78	0.825864
112	83	0.876323
112	84	0.812851
112	86	0.856694
112	89	0.857317
112	93	0.847338
112	95	0.848994
112	96	0.899681
112	97	0.89249
112	98	0.889578
112	99	0.886602
112	100	0.839495
112	104	0.885318
112	108	0.859719
112	109	2.32993
112	110	0.868259
112	116	0.893414
112	119	0.850972
112	121	0.884303
112	130	2.66495
112	151	1.99357
112	160	1.46915
112	169	5.21894
113	63	5.06567
113	64	0.762551
113	73	0.759879
113	76	2.43433
113	117	0.753696
113	129	0.799565
113	138	0.832829
113	139	0.778831
113	142	0.769552
113	149	0.752556
113	150	0.755641
113	151	0.793003
113	153	0.76116
113	157	0.765781
113	158	0.763484
113	160	0.805385
113	164	0.727348
113	166	0.772524
113	167	0.770842
113	172	0.741304
113	174	0.756751
113	175	0.709824
113	176	0.736053
113	177	0.714571
113	179	0.726088
114	4	2.44322
114	75	0.808571
114	78	3.65602
114	80	1.70076
114	111	0.865561
114	118	0.830567
114	132	0.899464
114	135	0.776179
114	139	0.799312
114	146	0.863504
114	151	0.813484
114	153	0.781641
114	154	0.791729
114	159	0.783975
114	164	0.747829
114	165	0.854103
114	166	0.793005
114	167	0.791323
114	169	0.755082
114	172	0.761785
114	173	0.741419
114	174	0.777232
114	175	0.730305
114	176	0.756534
114	177	0.735052
114	179	0.746568
115	3	2.33898
115	6	1.6904
115	20	1.83566
115	68	0.923246
115	103	0.918112
115	108	1.93495
115	109	0.829374
115	117	0.816154
115	125	0.834624
115	137	0.844678
115	140	0.852838
115	150	0.818099
115	152	0.778535
115	154	0.833706
115	156	0.854222
115	157	0.828238
115	158	0.825942
115	160	0.867843
115	164	0.789806
115	167	0.8333
115	172	0.803761
115	174	0.819209
115	175	0.772281
115	176	0.798511
115	177	0.777028
115	179	0.788545
116	31	0.924533
116	60	0.964352
116	63	0.881866
116	76	0.912618
116	78	0.857202
116	83	0.907661
116	84	0.844189
116	86	0.888033
116	89	0.888655
116	90	1.5132
116	93	0.878677
116	95	0.880332
116	96	0.931019
116	97	0.923828
116	98	0.920916
116	99	0.91794
116	100	0.870833
116	104	0.916656
116	110	0.899598
116	112	0.893414
116	119	0.88231
116	121	0.915641
116	134	1.85734
116	135	3.57686
116	136	1.81227
116	139	2.36498
116	175	7.40354
117	51	3.23638
117	73	0.735214
117	92	0.902604
117	93	4.86362
117	101	0.763903
117	109	0.742251
117	113	0.753696
117	115	0.816154
117	123	0.850172
117	125	0.747501
117	132	0.854317
117	136	0.842438
117	148	0.716947
117	151	0.768338
117	153	0.736495
117	156	0.767099
117	166	0.747859
117	168	0.734402
117	169	0.709936
117	170	0.734191
117	171	0.737147
117	172	0.716638
117	174	0.732086
117	175	0.685158
117	176	0.711388
117	177	0.689905
117	179	0.701422
118	9	3.11783
118	22	2.23317
118	48	2.449
118	90	0.814308
118	94	0.81102
118	102	0.877968
118	114	0.830567
118	143	0.763615
118	144	0.827211
118	149	0.784279
118	150	0.787365
118	155	0.830404
118	157	0.797504
118	159	0.795218
118	164	0.759072
118	166	0.804248
118	167	0.802566
118	168	0.790792
118	169	0.766325
118	172	0.773027
118	174	0.788475
118	175	0.741548
118	176	0.767777
118	177	0.746295
118	178	0.779496
118	179	0.757811
119	31	0.882091
119	60	0.92191
119	63	0.839424
119	75	2.44274
119	76	0.870176
119	78	0.81476
119	83	0.865219
119	84	0.801747
119	86	0.845591
119	87	1.00333
119	89	0.846213
119	93	0.836235
119	95	0.83789
119	96	0.888577
119	97	0.881386
119	98	0.878474
119	99	0.875498
119	100	0.828391
119	101	1.80738
119	104	0.874214
119	108	0.848615
119	110	0.857156
119	112	0.850972
119	116	0.88231
119	121	0.873199
119	161	1.44697
119	170	3.8389
120	30	4.27221
120	85	0.667985
120	88	0.916191
120	92	0.914156
120	94	0.766183
120	104	3.82779
120	133	0.827786
120	134	0.769474
120	137	0.769107
120	141	0.783822
120	149	0.739442
120	152	0.702964
120	154	0.758135
120	156	0.778651
120	159	0.750381
120	163	0.768723
120	164	0.714235
120	166	0.759411
120	167	0.757729
120	170	0.745743
120	172	0.72819
120	173	0.707825
120	174	0.743638
120	175	0.696711
120	176	0.72294
120	177	0.701458
120	179	0.712974
121	31	0.915422
121	60	0.955241
121	63	0.872755
121	76	0.903507
121	78	0.848091
121	83	0.89855
121	84	0.835078
121	86	0.878922
121	89	0.879544
121	93	0.869566
121	95	0.871221
121	96	0.921909
121	97	0.914717
121	98	0.911805
121	99	0.908829
121	100	0.861722
121	104	0.907545
121	108	0.881946
121	110	0.890487
121	112	0.884303
121	116	0.915641
121	119	0.873199
121	151	2.62032
121	158	2.64884
121	161	1.84883
121	162	1.40892
121	176	5.83921
121	178	3.23443
122	5	0.82102
122	9	0.935212
122	11	0.742148
122	16	0.812292
122	17	0.812304
122	18	0.912922
122	20	0.907173
122	21	0.834981
122	22	0.802459
122	23	0.906198
122	25	0.881904
122	32	0.881742
122	33	0.885282
122	34	0.88161
122	38	0.872626
122	50	0.868635
122	53	0.868565
122	85	0.712521
122	86	0.846261
122	104	0.874884
122	105	0.837736
122	123	1.16939
122	146	2.21437
122	148	4.47519
122	162	0.837881
122	163	2.86662
122	165	0.865045
122	177	8.14265
123	10	0.979664
123	14	0.954588
123	15	0.870602
123	34	1.77314
123	35	0.940652
123	36	0.926799
123	49	1.42863
123	50	1.63503
123	57	1.00072
123	61	0.90114
123	66	0.959462
123	67	0.959459
123	94	0.875772
123	100	1.39309
123	103	0.95213
123	117	0.850172
123	122	1.16939
123	126	0.961009
123	127	0.858931
123	131	0.860228
123	134	0.879062
123	152	0.812552
123	159	0.859969
123	164	0.823823
123	167	0.867318
123	170	0.855332
123	177	0.811046
123	178	0.844247
124	23	3.65675
124	68	0.871224
124	83	3.4121
124	110	1.63116
124	130	0.78074
124	131	0.774188
124	132	0.889419
124	135	0.766134
124	137	0.792656
124	139	0.789267
124	141	0.807371
124	142	0.779988
124	143	0.742327
124	144	0.805923
124	145	0.807887
124	148	0.752048
124	155	0.809116
124	156	0.8022
124	157	0.776216
124	158	0.77392
124	160	0.815821
124	164	0.737784
124	166	0.78296
124	167	0.781278
124	169	0.745037
124	172	0.751739
124	175	0.72026
124	177	0.725007
124	179	0.736523
125	1	4.45834
125	34	3.64166
125	115	0.834624
125	117	0.747501
125	134	0.776392
125	135	0.749503
125	137	0.776025
125	139	0.772636
125	142	0.763357
125	143	0.725696
125	144	0.789292
125	150	0.749446
125	151	0.786808
125	152	0.709882
125	154	0.765053
125	156	0.785569
125	164	0.721153
125	165	0.827427
125	166	0.766329
125	167	0.764647
125	170	0.752661
125	172	0.735109
125	174	0.750556
125	175	0.703629
125	176	0.729858
125	177	0.708376
125	179	0.719892
126	10	0.969361
126	14	0.944285
126	15	0.860298
126	28	0.92662
126	30	0.93196
126	35	0.930349
126	36	0.916496
126	41	0.845444
126	59	0.914011
126	61	0.890836
126	66	0.949158
126	67	0.949155
126	69	0.892391
126	70	0.865362
126	72	0.866647
126	74	0.867879
126	77	0.919057
126	79	0.920181
126	80	0.921248
126	82	0.922259
126	107	1.01988
126	123	0.961009
126	127	0.848628
126	140	1.96449
126	148	7.52481
126	161	1.88587
126	165	1.62162
126	167	1.80889
126	168	0.84524
126	178	0.833944
126	180	2.79304
127	10	0.867282
127	14	0.842207
127	15	0.75822
127	27	3.02765
127	28	0.824542
127	30	0.829881
127	35	0.82827
127	41	0.743366
127	51	1.90679
127	61	0.788758
127	66	0.84708
127	67	0.847077
127	85	0.665191
127	108	3.76557
127	111	0.829174
127	123	0.858931
127	126	0.848628
127	129	0.783658
127	135	0.739792
127	138	0.816923
127	142	0.753646
127	150	0.739735
127	158	0.747578
127	170	0.74295
127	174	0.740845
127	176	0.720147
127	177	0.698664
127	179	0.710181
127	180	0.726408
128	12	0.980263
128	45	1.13326
128	58	2.43304
128	68	0.959824
128	72	1.68945
128	79	1.7127
128	88	1.02834
128	97	1.05129
128	134	0.881623
128	136	0.96614
128	144	0.894523
128	146	0.942058
128	148	0.840648
128	151	0.892039
128	153	0.860196
128	158	0.86252
128	159	0.86253
128	160	0.904421
128	166	0.87156
128	167	0.869878
128	170	0.857892
128	171	0.860848
128	172	0.840339
128	173	0.819973
128	174	0.855787
128	175	0.808859
128	176	0.835089
128	177	0.813606
128	179	0.825123
128	180	0.84135
129	23	2.62409
129	56	2.1037
129	59	2.41718
129	76	1.85503
129	81	0.868414
129	88	0.950507
129	106	0.869649
129	111	0.866283
129	113	0.799565
129	127	0.783658
129	131	0.784955
129	132	0.900186
129	137	0.803423
129	144	0.81669
129	146	0.864225
129	151	0.814206
129	155	0.819882
129	156	0.812967
129	158	0.784687
129	160	0.826588
129	162	0.827661
129	169	0.755804
129	170	0.780059
129	172	0.762506
129	174	0.777954
129	175	0.731026
129	176	0.757256
129	177	0.735773
129	179	0.74729
129	180	0.763517
130	1	0.789658
130	2	0.8118
130	6	4.86269
130	8	0.797596
130	13	0.77729
130	37	0.84961
130	40	0.767867
130	42	0.848157
130	44	0.8314
130	51	0.831316
130	56	0.831228
130	77	1.77236
130	87	0.790064
130	112	2.66495
130	124	0.78074
130	142	0.761494
130	143	0.723833
130	147	0.774974
130	148	0.733555
130	149	0.744498
130	158	0.755427
130	161	0.834288
130	166	0.764467
130	167	0.762784
130	169	0.726543
130	170	0.750799
130	172	0.733246
130	174	0.748693
130	176	0.727995
130	179	0.71803
130	180	0.734256
131	29	5.15151
131	64	0.747942
131	85	0.666488
131	87	0.783512
131	91	0.778209
131	101	0.773959
131	110	3.84849
131	123	0.860228
131	124	0.774188
131	129	0.784955
131	140	0.775771
131	142	0.754943
131	149	0.737946
131	152	0.701468
131	153	0.746551
131	154	0.756639
131	155	0.78407
131	156	0.777155
131	157	0.751171
131	160	0.790776
131	166	0.757915
131	169	0.719992
131	170	0.744247
131	174	0.742142
131	175	0.695214
131	176	0.721444
131	177	0.699961
131	178	0.733163
131	179	0.711478
131	180	0.727705
132	8	1.57944
132	15	1.31991
132	17	2.01398
132	69	1.40822
132	79	1.98186
132	102	0.946865
132	104	1.29658
132	109	0.867537
132	114	0.899464
132	117	0.854317
132	124	0.889419
132	129	0.900186
132	134	0.883208
132	140	0.891002
132	148	0.842234
132	149	0.853177
132	152	0.816698
132	155	0.899301
132	157	0.866402
132	160	0.906006
132	163	0.882457
132	164	0.827969
132	167	0.871463
132	169	0.835222
132	170	0.859478
132	172	0.841925
132	173	0.821559
132	174	0.857372
132	175	0.810445
132	176	0.836674
132	177	0.815192
132	179	0.826709
133	19	3.2011
133	60	1.37807
133	71	0.905095
133	78	1.30715
133	86	1.5669
133	95	1.84678
133	103	0.918192
133	120	0.827786
133	138	0.895366
133	145	0.859988
133	148	0.80415
133	149	0.815093
133	152	0.778614
133	153	0.823697
133	155	0.861217
133	156	0.854302
133	158	0.826021
133	160	0.867922
133	161	0.904883
133	162	0.868995
133	164	0.789885
133	165	0.896159
133	167	0.833379
133	169	0.797138
133	170	0.821394
133	172	0.803841
133	174	0.819288
133	175	0.772361
133	176	0.79859
133	177	0.777108
133	179	0.788625
134	51	3.58066
134	65	3.862
134	73	0.764104
134	85	0.685323
134	116	1.85734
134	120	0.769474
134	123	0.879062
134	125	0.776392
134	128	0.881623
134	132	0.883208
134	135	0.759923
134	142	0.773777
134	144	0.799712
134	145	0.801676
134	156	0.795989
134	157	0.770006
134	160	0.80961
134	161	0.846571
134	164	0.731573
134	166	0.776749
134	167	0.775067
134	168	0.763293
134	169	0.738826
134	170	0.763081
134	172	0.745529
134	175	0.714049
134	176	0.740278
134	177	0.718796
134	178	0.751997
134	179	0.730312
134	180	0.746539
135	74	6.02314
135	75	0.765426
135	103	0.832991
135	107	0.798247
135	114	0.776179
135	116	3.57686
135	124	0.766134
135	125	0.749503
135	127	0.739792
135	134	0.759923
135	138	0.810165
135	139	0.756168
135	143	0.709227
135	148	0.718949
135	150	0.732977
135	151	0.770339
135	154	0.748584
135	155	0.776016
135	157	0.743117
135	165	0.810958
135	166	0.749861
135	169	0.711937
135	170	0.736193
135	171	0.739149
135	172	0.71864
135	174	0.734087
135	175	0.68716
135	176	0.713389
135	177	0.691907
135	178	0.725108
135	179	0.703424
135	180	0.71965
136	4	1.27339
136	23	2.05651
136	25	1.32061
136	66	1.91286
136	98	1.52436
136	102	0.934986
136	109	0.855658
136	116	1.81227
136	117	0.842438
136	128	0.96614
136	140	0.879123
136	143	0.820633
136	144	0.884229
136	150	0.844383
