1	70	0.427719
1	141	1.3707
1	151	0.488869
1	160	0.51126
1	161	1.35433
1	162	0.501716
1	163	1.38529
1	164	1.37038
1	166	1.36269
1	170	1.37033
1	172	1.38705
1	176	0.47299
2	20	1.42356
2	39	1.25514
2	45	1.25511
2	53	1.35511
2	81	1.47912
2	92	1.42858
2	106	0.486772
2	121	0.487481
2	133	0.471813
2	134	0.450877
2	159	0.506428
2	176	1.40424
3	71	1.35523
3	79	0.471615
3	120	1.36868
3	125	1.33991
3	127	1.36686
3	135	1.37
3	137	0.491814
3	140	1.40212
3	148	1.3977
3	157	0.466411
3	165	0.476391
3	166	0.498831
4	10	0.476886
4	17	1.40231
4	83	0.455796
4	110	0.50505
4	134	1.38125
4	136	1.35144
4	151	1.38865
4	168	0.486859
4	171	1.34835
4	174	1.36388
4	176	0.47387
4	178	1.36404
5	18	0.571642
5	111	0.609546
5	128	1.27223
5	131	1.1884
5	159	1.15648
5	167	0.603199
5	168	1.18074
5	174	0.616605
5	175	1.20353
5	176	1.22742
5	177	1.19879
5	179	1.17281
6	75	1.18144
6	95	0.573202
6	96	1.21895
6	121	0.6082
6	126	1.20068
6	164	1.17989
6	167	1.20546
6	168	0.602914
6	170	1.17984
6	172	1.19657
6	173	0.613991
6	180	1.23727
7	109	1.3715
7	122	0.490489
7	128	0.464778
7	133	0.468523
7	146	1.39624
7	149	0.485694
7	161	1.34524
7	164	1.36129
7	167	1.38685
7	170	1.36124
7	172	1.37796
7	178	0.490116
8	86	0.485064
8	123	1.40201
8	126	0.483106
8	133	0.467633
8	149	1.38232
8	151	1.38293
8	169	1.37851
8	171	1.34263
8	173	1.35318
8	175	0.485597
8	177	0.478193
8	178	1.35832
9	77	0.416731
9	92	1.41056
9	103	0.522603
9	110	1.31811
9	135	1.34317
9	148	1.37087
9	156	1.4081
9	162	0.491119
9	171	0.49598
9	172	1.36313
9	176	1.38622
9	177	0.475559
10	4	0.476886
10	24	1.52356
10	39	1.23847
10	45	1.23844
10	53	1.33844
10	81	1.46245
10	92	1.41192
10	120	0.52287
10	145	0.453794
10	176	1.38758
10	177	0.488106
10	180	0.459215
11	108	0.479217
11	117	1.38214
11	127	1.36907
11	141	0.475553
11	148	1.39991
11	159	1.34432
11	161	0.479725
11	164	0.484486
11	172	0.479714
11	173	1.36982
11	174	1.3748
11	179	1.36066
12	100	0.600521
12	113	0.578322
12	118	1.2023
12	155	1.21773
12	165	1.21418
12	168	0.615922
12	169	1.2135
12	171	1.17762
12	173	1.18817
12	174	1.19315
12	176	0.602934
12	178	1.19331
13	80	0.450909
13	120	0.494166
13	121	1.36349
13	127	0.502204
13	149	0.466014
13	154	1.39209
13	157	1.37564
13	162	1.36445
13	166	0.480263
13	168	1.36443
13	177	1.38248
13	179	1.3565
14	18	0.450503
14	24	0.443274
14	93	0.486506
14	110	1.34104
14	134	1.38606
14	142	0.517858
14	161	1.35333
14	164	1.36937
14	167	1.39494
14	169	0.497112
14	170	1.36932
14	172	1.38605
15	74	0.496734
15	99	1.37555
15	114	0.507032
15	117	1.363
15	123	0.468265
15	133	1.38449
15	165	0.47969
15	175	1.37223
15	176	1.39612
15	177	1.36749
15	179	1.34151
15	180	0.452378
16	41	0.462616
16	48	1.35853
16	60	1.29734
16	62	0.523251
16	67	1.38837
16	72	1.33696
16	78	0.50056
16	97	1.39546
16	104	1.4022
16	112	0.436374
16	155	0.484463
16	180	1.41807
17	4	1.40231
17	42	0.544815
17	123	1.3862
17	138	1.36982
17	152	1.37178
17	156	0.438249
17	170	0.466103
17	171	1.32682
17	175	0.473694
17	178	1.34251
17	179	0.477126
17	180	1.40041
18	5	0.571642
18	14	0.450503
18	65	1.39836
18	136	1.34635
18	139	1.38518
18	147	1.37946
18	159	0.474548
18	164	0.453362
18	169	1.37915
18	173	1.35381
18	174	1.35879
18	177	0.450492
19	34	0.445986
19	131	0.504568
19	139	1.3875
19	151	1.38588
19	154	0.481148
19	163	0.474713
19	165	1.38214
19	169	1.38146
19	171	1.34558
19	173	1.35613
19	178	1.36127
19	179	0.491958
20	2	1.42356
20	39	1.25504
20	45	1.25501
20	53	1.35502
20	81	1.47903
20	92	1.42849
20	151	0.475902
20	155	0.475779
20	160	0.498293
20	169	0.472035
20	175	0.480593
20	176	1.40415
21	56	1.16272
21	112	0.586658
21	116	1.23834
21	120	1.19451
21	125	1.16574
21	127	1.19268
21	135	1.19583
21	140	1.22795
21	143	0.616836
21	145	0.597844
21	148	1.22353
21	158	0.607387
22	26	0.452852
22	127	0.468989
22	142	1.46835
22	144	1.48488
22	152	0.415124
22	154	1.50503
22	155	0.428777
22	159	1.45312
22	176	1.52406
22	177	1.49543
22	178	0.437221
22	179	1.46945
22	180	0.397296
23	38	0.393344
23	82	1.25083
23	101	0.524822
23	116	1.3337
23	125	1.26111
23	127	1.28805
23	134	0.551631
23	135	1.2912
23	140	1.32332
23	143	0.567807
23	148	1.3189
23	157	0.571568
23	176	1.33425
24	10	1.52356
24	14	0.443274
24	39	1.37171
24	41	0.424007
24	45	1.37168
24	53	1.47168
24	81	1.5957
24	92	1.54516
24	143	0.427944
24	157	0.431705
24	160	0.468369
24	176	1.52082
24	180	0.414374
25	131	1.29735
25	133	1.32473
25	135	0.547405
25	136	0.53495
25	141	0.511864
25	144	1.29718
25	162	1.2897
25	165	0.516348
25	168	1.28968
25	175	1.31247
25	177	1.30773
25	179	1.28175
25	180	0.489036
26	22	0.452852
26	94	0.51355
26	103	1.25199
26	109	0.517471
26	129	0.568959
26	139	1.3075
26	147	1.30177
26	149	1.30527
26	158	1.33309
26	166	0.545781
26	174	1.2811
26	178	1.28127
26	180	1.33917
27	47	0.520373
27	57	0.500687
27	61	1.39747
27	76	1.27617
27	83	0.494686
27	110	0.54394
27	123	1.32664
27	153	1.26264
27	165	1.30383
27	171	1.26727
27	174	1.28279
27	178	1.28296
27	179	0.536762
28	111	0.512849
28	133	0.512148
28	139	1.30753
28	144	0.523201
28	145	1.34152
28	149	1.3053
28	151	1.30591
28	169	1.30149
28	173	1.27616
28	174	1.28114
28	175	0.530112
28	177	0.522708
28	178	1.2813
29	36	0.420209
29	58	0.544304
29	80	1.33866
29	99	0.527279
29	102	1.3324
29	103	0.577821
29	116	1.30705
29	127	1.2614
29	135	1.26455
29	140	1.29667
29	148	1.29225
29	176	1.3076
29	177	0.530777
30	41	1.37864
30	62	1.26323
30	77	0.484223
30	93	1.34207
30	129	1.24418
30	146	0.524961
30	161	0.541159
30	163	0.536642
30	168	1.28455
30	175	1.30734
30	177	1.3026
30	179	1.27662
30	180	0.51416
31	32	1.32281
31	40	0.531958
31	67	0.553031
31	79	0.557602
31	130	1.26117
31	141	1.22491
31	143	1.21136
31	149	0.570569
31	159	0.588012
31	163	1.2395
31	164	1.22458
31	167	1.25015
31	170	1.22453
31	172	1.24126
32	31	1.32281
32	38	0.301931
32	109	1.41374
32	110	1.37519
32	122	0.503121
32	136	0.508737
32	151	0.494427
32	156	1.46518
32	164	1.40353
32	166	1.39584
32	170	1.40348
32	171	0.512136
32	172	1.4202
32	176	0.478549
33	58	0.563638
33	84	0.604079
33	89	1.32061
33	117	1.2244
33	119	1.22771
33	128	1.30234
33	140	0.559159
33	154	1.2385
33	160	1.22096
33	169	0.548957
33	175	1.23363
33	177	1.22889
33	179	1.20292
33	180	0.52122
34	19	0.445986
34	92	1.44437
34	103	0.510164
34	123	0.450117
34	147	0.469941
34	150	1.42194
34	152	0.452058
34	164	1.38026
34	170	1.38021
34	172	1.39693
34	176	1.42003
34	177	1.3914
34	178	0.474154
34	179	1.36542
35	110	0.47451
35	127	0.499298
35	129	1.35151
35	133	1.42693
35	139	0.459656
35	142	1.38285
35	158	0.431727
35	162	1.3919
35	170	0.456309
35	171	0.476917
35	175	1.41467
35	176	1.43856
35	177	1.40993
35	179	1.38395
36	29	0.420209
36	44	0.366694
36	84	1.52232
36	103	0.434732
36	140	0.396736
36	147	0.394508
36	151	0.390401
36	164	1.60525
36	168	1.59834
36	170	1.6052
36	173	0.398587
36	177	1.61639
36	179	1.59041
36	180	1.66263
37	41	0.46484
37	116	1.42881
37	120	1.38498
37	125	1.35621
37	127	1.38315
37	135	1.3863
37	140	1.41842
37	145	0.449785
37	148	1.414
37	164	0.486967
37	165	0.482518
37	167	0.46789
37	176	1.42935
37	180	0.455206
38	23	0.393344
38	32	0.301931
38	48	1.38257
38	60	1.32138
38	72	1.361
38	91	1.46729
38	97	1.4195
38	104	1.42624
38	121	1.37688
38	134	0.717577
38	142	0.328064
38	143	0.733752
38	166	0.329333
38	180	1.44211
39	2	1.25514
39	10	1.23847
39	20	1.25504
39	24	1.37171
39	45	1.08659
39	49	0.566737
39	53	1.18659
39	81	1.31061
39	92	1.26007
39	119	0.570546
39	143	0.550343
39	157	0.554104
39	161	0.563772
39	176	1.23573
40	31	0.531958
40	57	1.46995
40	64	1.46934
40	86	0.473128
40	104	1.40267
40	113	0.42848
40	156	0.438217
40	163	0.459848
40	170	0.46607
40	173	1.35549
40	174	1.36047
40	175	1.37704
40	179	1.34633
40	180	1.41854
41	16	0.462616
41	24	0.424007
41	30	1.37864
41	37	0.46484
41	81	0.44702
41	135	0.508476
41	140	0.488047
41	151	1.41656
41	156	1.45412
41	168	1.38556
41	172	1.40915
41	173	1.3868
41	174	1.39178
41	179	1.37764
42	17	0.544815
42	76	0.572197
42	91	0.540242
42	98	1.28209
42	105	1.25543
42	122	1.23187
42	138	0.563921
42	150	1.27347
42	162	1.2249
42	168	1.22488
42	170	0.576594
42	175	1.24767
42	177	1.24293
42	179	1.21695
43	66	0.464716
43	111	1.36791
43	146	1.42356
43	152	0.457608
43	155	0.471261
43	156	1.45025
43	158	0.443902
43	161	1.37255
43	162	0.484231
43	163	1.40352
43	164	1.3886
43	170	1.38855
43	172	1.40528
43	179	0.479508
44	36	0.366694
44	59	0.423134
44	86	0.484133
44	88	1.36076
44	125	0.523188
44	131	0.500708
44	137	1.38286
44	149	1.42596
44	153	1.38164
44	165	1.42283
44	166	0.498122
44	169	1.42215
44	174	1.4018
44	178	1.40196
45	2	1.25511
45	10	1.23844
45	20	1.25501
45	24	1.37168
45	39	1.08659
45	53	1.18656
45	59	0.524177
45	81	1.31058
45	92	1.26004
45	95	0.548416
45	102	0.566699
45	137	0.592149
45	157	0.566746
45	176	1.2357
46	47	0.481866
46	73	0.502909
46	84	0.541386
46	86	0.494289
46	117	1.34734
46	122	1.34077
46	129	1.29341
46	132	0.490039
46	144	1.34128
46	159	1.30952
46	161	0.485527
46	168	1.33378
46	175	1.35657
46	177	1.35183
46	179	1.32586
47	27	0.520373
47	46	0.481866
47	65	0.484749
47	86	1.32441
47	117	0.504665
47	141	1.32105
47	146	1.35568
47	161	1.30467
47	162	0.508263
47	166	1.31303
47	167	1.34629
47	170	1.32067
47	172	1.3374
47	175	0.500108
47	180	1.3781
48	16	1.35853
48	38	1.38257
48	67	1.33081
48	72	1.2794
48	84	1.22021
48	91	1.38569
48	97	1.33791
48	104	1.34465
48	118	0.515588
48	134	0.476989
48	145	0.474173
48	164	0.511355
48	177	0.508485
48	179	0.519321
48	180	1.36051
49	39	0.566737
49	51	1.32791
49	89	0.467503
49	93	0.487569
49	103	1.28586
49	112	1.39158
49	123	1.35883
49	131	0.522775
49	147	1.33565
49	155	1.33956
49	156	0.471288
49	167	0.483122
49	169	1.33533
49	173	1.31
49	178	1.31515
50	56	0.545012
50	64	0.459043
50	69	0.507722
50	103	1.29403
50	138	1.35061
50	152	1.35258
50	153	1.30299
50	156	0.468301
50	165	1.34418
50	166	0.517203
50	168	0.496165
50	169	1.3435
50	171	1.30762
50	178	1.32331
50	180	1.38121
51	49	1.32791
51	83	0.476345
51	94	0.496215
51	108	0.505186
51	119	0.512467
51	149	1.34101
51	151	1.34162
51	158	1.36883
51	165	1.33788
51	169	1.3372
51	173	1.31186
51	174	1.31684
51	175	0.514989
51	176	0.49442
51	178	1.31701
52	75	0.512916
52	77	0.44416
52	94	0.491618
52	98	1.37142
52	114	0.528751
52	115	1.26078
52	128	1.4057
52	142	1.30518
52	148	0.50955
52	150	1.3628
52	154	1.34187
52	168	1.31421
52	177	1.33226
52	178	0.514022
52	179	1.30628
53	2	1.35511
53	10	1.33844
53	20	1.35502
53	24	1.47168
53	39	1.18659
53	45	1.18656
53	81	1.41058
53	85	0.477706
53	92	1.36004
53	129	0.547504
53	131	0.526912
53	143	0.488146
53	150	0.487625
53	176	1.3357
53	180	0.474575
54	87	0.530235
54	106	0.496645
54	111	1.29855
54	123	0.479242
54	130	1.35582
54	156	1.38089
54	160	0.51735
54	163	1.33415
54	164	1.31924
54	166	1.31155
54	167	1.34481
54	170	1.31919
54	172	1.33591
54	175	0.49965
54	176	0.47908
55	96	0.500746
55	109	0.50142
55	113	0.471092
55	149	1.33827
55	151	1.33888
55	152	1.34354
55	157	1.31909
55	158	1.36608
55	161	0.506978
55	170	0.508683
55	171	1.29858
55	173	1.30912
55	177	0.508869
55	178	1.31427
55	180	1.37217
56	21	1.16272
56	50	0.545012
56	80	1.33974
56	101	0.48862
56	102	1.33347
56	118	0.554029
56	120	1.26431
56	127	1.26248
56	132	0.549546
56	135	1.26562
56	140	1.29775
56	145	0.512613
56	148	1.29333
56	160	1.27211
56	176	1.30868
56	178	0.557959
57	27	0.500687
57	40	1.46995
57	60	1.35073
57	67	1.44176
57	72	1.39035
57	84	1.33115
57	89	0.441191
57	91	1.49664
57	104	1.45559
57	114	1.39066
57	130	0.460115
57	143	0.457697
57	145	0.438704
57	157	0.461458
57	158	0.448247
57	180	1.47146
58	29	0.544304
58	33	0.563638
58	79	1.25539
58	110	0.529797
58	116	0.516425
58	124	1.31635
58	136	1.2541
58	139	1.29293
58	142	0.531375
58	155	1.29112
58	158	1.31852
58	165	1.28757
58	168	0.511606
58	171	1.25101
58	174	1.26654
58	178	1.2667
59	44	0.423134
59	45	0.524177
59	120	1.41372
59	137	0.457972
59	140	1.44716
59	144	1.41891
59	148	1.44274
59	151	0.44684
59	159	1.38714
59	163	1.43323
59	165	0.442548
59	166	1.41063
59	167	1.44389
59	169	0.442974
59	171	0.464549
59	179	1.40348
60	16	1.29734
60	38	1.32138
60	57	1.35073
60	67	1.26962
60	72	1.21821
60	84	1.15902
60	91	1.3245
60	97	1.27671
60	104	1.28345
60	112	0.509908
60	134	0.523911
60	143	0.540086
60	146	0.537317
60	157	0.543847
60	177	0.555406
60	180	1.29932
61	27	1.39747
61	99	0.456008
61	119	0.464389
61	121	0.464615
61	146	0.441417
61	147	1.43926
61	149	1.44276
61	152	1.44804
61	153	1.39844
61	169	1.43895
61	170	0.45932
61	171	1.40307
61	173	1.41362
61	175	0.466911
61	176	0.446341
61	178	1.41876
62	16	0.523251
62	30	1.26323
62	98	1.32736
62	108	0.537235
62	129	1.22979
62	131	1.27782
62	150	1.31875
62	162	1.27018
62	164	0.542503
62	168	1.27016
62	174	0.536834
62	175	1.29295
62	177	1.28821
62	178	0.550667
62	179	1.26223
62	180	0.510743
63	88	1.37422
63	94	0.435474
63	105	0.45019
63	129	0.490883
63	137	1.39632
63	139	1.44165
63	142	0.466436
63	151	1.44004
63	155	1.43984
63	158	1.46724
63	163	0.440436
63	166	0.467705
63	168	0.446668
63	173	1.41028
63	174	1.41526
63	178	1.41543
64	40	1.46934
64	50	0.459043
64	95	1.45265
64	96	0.452834
64	142	1.39753
64	144	1.41406
64	147	0.467777
64	150	1.45515
64	159	1.3823
64	168	1.40656
64	169	0.459803
64	173	0.471856
64	174	0.458157
64	177	1.42461
64	179	1.39864
64	180	0.432066
65	18	1.39836
65	47	0.484749
65	70	1.4682
65	88	1.30244
65	105	0.493646
65	114	1.32075
65	146	0.472211
65	152	1.37292
65	153	1.32332
65	155	1.36806
65	164	0.49317
65	169	1.36383
65	172	0.488398
65	173	1.3385
65	176	0.477135
65	177	0.490301
65	178	1.34364
66	43	0.464716
66	87	1.32603
66	99	1.36236
66	105	1.3668
66	133	1.37129
66	147	0.50112
66	150	1.38483
66	154	1.3639
66	158	0.469531
66	165	0.492721
66	167	0.478093
66	174	0.4915
66	175	1.35903
66	176	1.38292
66	177	1.35429
66	178	0.505334
66	179	1.32832
67	16	1.38837
67	31	0.553031
67	48	1.33081
67	57	1.44176
67	60	1.26962
67	68	1.37146
67	84	1.25005
67	91	1.41553
67	97	1.36774
67	104	1.37448
67	134	0.455834
67	145	0.453017
67	155	0.489919
67	157	0.47577
67	172	0.485427
67	175	0.494734
67	180	1.39035
68	67	1.37146
68	97	1.37855
68	104	1.38529
68	105	0.484924
68	119	0.486461
68	141	1.34411
68	154	0.481605
68	162	0.497139
68	166	1.33609
68	172	1.36046
68	173	1.33811
68	174	1.34309
68	175	0.488983
68	176	0.468414
68	178	1.34326
68	179	0.492415
68	180	1.40116
69	50	0.507722
69	111	1.27516
69	130	1.33244
69	146	1.33081
69	152	0.498573
69	156	1.3575
69	160	0.53474
69	161	1.27981
69	163	1.31077
69	164	1.29585
69	165	0.508057
69	166	1.28816
69	167	1.32142
69	170	1.2958
69	171	0.530057
69	172	1.31253
69	174	0.506836
69	175	0.51704
70	1	0.427719
70	65	1.4682
70	87	0.477808
70	100	0.424241
70	125	0.485745
70	131	0.463266
70	137	1.4097
70	153	1.40848
70	155	1.45322
70	158	1.48062
70	165	1.44967
70	169	1.44899
70	170	0.439632
70	173	1.42366
70	174	1.42864
70	176	0.426654
70	178	1.4288
70	179	0.450656
71	3	1.35523
71	80	1.35808
71	82	1.2436
71	102	1.35181
71	116	1.32647
71	120	1.28265
71	127	1.28082
71	134	0.487271
71	135	1.28396
71	140	1.31609
71	144	0.51926
71	148	1.31166
71	150	0.502926
71	160	1.29045
71	165	0.517187
71	168	0.51859
71	171	0.539188
71	177	0.518766
72	16	1.33696
72	38	1.361
72	48	1.2794
72	57	1.39035
72	60	1.21821
72	84	1.19864
72	91	1.36412
72	97	1.31633
72	101	0.460102
72	104	1.32307
72	117	0.530368
72	121	1.27371
72	135	0.547885
72	143	0.503087
72	154	0.518433
72	157	0.506848
72	166	0.539268
72	180	1.33894
73	46	0.502909
73	96	1.33549
73	105	0.517093
73	109	1.30665
73	126	1.31722
73	133	0.503187
73	140	0.522795
73	141	1.29676
73	144	0.51424
73	156	1.35809
73	161	1.28039
73	163	1.31135
73	164	1.29644
73	166	1.28875
73	170	1.29639
73	172	1.31311
73	177	0.513747
73	179	0.524583
74	15	0.496734
74	104	0.507352
74	117	0.525682
74	118	1.30815
74	130	0.500819
74	136	1.28656
74	138	1.32647
74	141	0.507658
74	142	0.533313
74	149	1.32316
74	151	1.32377
74	153	1.27884
74	169	1.31935
74	171	1.28347
74	173	1.29402
74	178	1.29916
74	179	0.524557
74	180	1.35706
75	6	1.18144
75	52	0.512916
75	99	0.504685
75	107	0.515715
75	113	1.36687
75	117	0.520145
75	137	0.522028
75	141	1.30717
75	161	1.2908
75	163	1.32176
75	164	1.30685
75	166	1.29916
75	167	1.33242
75	170	1.3068
75	172	1.32352
75	173	0.519083
75	174	0.505384
75	180	1.36422
76	27	1.27617
76	42	0.572197
76	121	0.49878
76	123	1.34114
76	129	0.537709
76	135	0.523149
76	138	1.32476
76	151	1.32207
76	152	1.32673
76	155	1.32187
76	165	1.31833
76	170	0.493484
76	171	1.28176
76	172	0.491769
76	173	1.29231
76	174	1.29729
76	176	0.480506
76	178	1.29746
77	9	0.416731
77	30	0.484223
77	52	0.44416
77	99	0.435929
77	115	0.495471
77	116	0.44407
77	123	1.47043
77	151	1.45136
77	152	1.45602
77	153	1.40643
77	155	1.45116
77	158	1.47856
77	171	1.41106
77	172	0.437525
77	173	1.4216
77	174	1.42658
77	177	0.439427
77	178	1.42675
78	16	0.50056
78	83	1.37167
78	87	1.28305
78	118	0.524046
78	134	1.31685
78	142	1.28423
78	150	1.34185
78	152	0.50588
78	160	1.30337
78	161	0.515052
78	162	1.29328
78	165	0.515364
78	168	1.29326
78	173	0.527842
78	174	0.514143
78	175	1.31605
78	177	1.31131
78	179	1.28533
79	3	0.471615
79	31	0.557602
79	58	1.25539
79	81	1.4081
79	82	0.550888
79	92	1.35756
79	108	0.489502
79	120	0.526664
79	122	1.29353
79	137	1.27382
79	163	0.485492
79	166	0.512761
79	174	1.29276
79	175	1.30933
79	176	1.33322
79	177	1.30459
79	178	1.29293
79	179	1.27862
80	13	0.450909
80	29	1.33866
80	56	1.33974
80	71	1.35808
80	98	0.491615
80	101	0.431458
80	102	1.4407
80	110	0.507777
80	116	1.41536
80	120	1.37153
80	124	0.469337
80	125	1.34276
80	132	0.492384
80	135	1.37285
80	140	1.40497
80	148	1.40055
80	150	0.473922
80	174	0.486963
80	176	1.4159
81	2	1.47912
81	10	1.46245
81	20	1.47903
81	24	1.5957
81	39	1.31061
81	41	0.44702
81	45	1.31058
81	53	1.41058
81	79	1.4081
81	92	1.48405
81	112	0.420779
81	134	0.434782
81	139	0.469438
81	146	0.448188
81	148	0.47284
81	157	0.454718
81	163	0.459869
81	176	1.45971
82	23	1.25083
82	71	1.2436
82	79	0.550888
82	102	1.32621
82	114	1.23822
82	120	1.25705
82	125	1.22828
82	127	1.25522
82	130	0.544341
82	135	1.25836
82	140	1.29049
82	145	0.52293
82	148	1.28606
82	150	0.541402
82	152	0.54618
82	157	0.545684
82	160	1.26485
82	174	0.554443
82	176	1.30142
83	4	0.455796
83	27	0.494686
83	51	0.476345
83	78	1.37167
83	85	1.44506
83	99	1.39599
83	125	0.512942
83	129	1.32951
83	144	1.37738
83	148	0.473578
83	154	1.39754
83	158	0.442247
83	162	1.3699
83	168	1.36988
83	172	0.465114
83	173	0.477915
83	175	1.39267
83	177	1.38793
83	179	1.36195
84	33	0.604079
84	36	1.52232
84	46	0.541386
84	48	1.22021
84	57	1.33115
84	60	1.15902
84	67	1.25005
84	72	1.19864
84	91	1.30492
84	97	1.25714
84	104	1.26388
84	106	0.556623
84	111	0.542364
84	112	0.506725
84	114	1.19895
84	121	1.21452
84	145	0.517911
84	157	0.540664
84	180	1.27975
85	53	0.477706
85	83	1.44506
85	105	1.39721
85	115	1.31322
85	131	1.37432
85	137	0.48634
85	138	0.459636
85	147	0.479316
85	148	0.479058
85	149	0.479108
85	150	1.41524
85	159	1.34239
85	162	1.36667
85	172	0.470593
85	174	0.469695
85	175	1.38944
85	176	1.41333
85	177	1.3847
85	179	1.35873
86	8	0.485064
86	40	0.473128
86	44	0.484133
86	46	0.494289
86	47	1.32441
86	90	1.37912
86	94	1.34527
86	103	0.552171
86	107	0.512658
86	108	1.31856
86	126	1.32977
86	130	1.34557
86	152	0.494064
86	154	0.505153
86	156	1.37064
86	161	1.29294
86	163	1.3239
86	167	1.33456
86	170	1.30894
86	172	1.32566
87	54	0.530235
87	66	1.32603
87	70	0.477808
87	78	1.28305
87	88	0.554701
87	111	0.526386
87	117	1.29482
87	129	1.24089
87	131	1.28893
87	144	1.28876
87	150	1.32985
87	154	1.30891
87	161	0.534353
87	162	1.28128
87	168	1.28126
87	170	0.536058
87	172	0.534342
87	175	1.30405
87	177	1.29931
87	179	1.27333
87	180	0.507354
88	44	1.36076
88	63	1.37422
88	65	1.30244
88	87	0.554701
88	93	0.504952
88	137	1.24393
88	139	1.28926
88	140	0.52576
88	147	1.28354
88	151	1.28765
88	154	0.516738
88	155	1.28745
88	158	1.31486
88	159	0.540767
88	161	0.514821
88	168	0.516535
88	169	1.28323
88	171	1.24735
88	174	1.26287
88	175	0.524116
88	178	1.26304
89	33	1.32061
89	49	0.467503
89	57	0.441191
89	99	1.42735
89	107	1.426
89	109	0.45898
89	115	1.34781
89	133	1.43629
89	142	1.39221
89	159	1.37698
89	160	1.41135
89	162	1.40126
89	163	0.460021
89	166	0.487291
89	169	0.465276
89	172	0.464528
89	173	0.477329
89	176	1.44792
89	177	1.41929
89	178	0.477464
89	179	1.39331
90	86	1.37912
90	113	1.43546
90	124	0.440612
90	128	0.446733
90	130	1.41201
90	136	0.47806
90	141	1.37576
90	146	1.41039
90	149	0.46765
90	153	0.47394
90	156	1.43708
90	159	0.485093
90	161	1.35938
90	162	0.476597
90	163	1.39035
90	167	1.401
90	170	1.37538
90	172	1.39211
90	177	0.461037
90	178	0.472071
90	180	1.43281
91	38	1.46729
91	42	0.540242
91	48	1.38569
91	57	1.49664
91	60	1.3245
91	67	1.41553
91	72	1.36412
91	84	1.30492
91	97	1.42262
91	104	1.42936
91	106	0.466115
91	112	0.416218
91	114	1.36443
91	121	1.38
91	143	0.446396
91	145	0.427404
91	159	0.485771
91	160	0.48682
91	173	0.472615
91	175	0.46912
91	180	1.44523
92	2	1.42858
92	9	1.41056
92	10	1.41192
92	20	1.42849
92	24	1.54516
92	34	1.44437
92	39	1.26007
92	45	1.26004
92	53	1.36004
92	79	1.35756
92	81	1.48405
92	109	0.460035
92	129	0.511523
92	135	0.496962
92	143	0.452164
92	145	0.433172
92	157	0.455925
92	160	0.492589
92	172	0.465582
92	176	1.40918
92	180	0.438594
93	14	0.486506
93	30	1.34207
93	49	0.487569
93	88	0.504952
93	107	1.37376
93	116	0.491138
93	122	1.35599
93	129	1.30863
93	133	1.38404
93	138	0.473636
93	144	1.3565
93	151	0.489209
93	153	0.499398
93	154	1.37665
93	159	1.32473
93	162	1.34902
93	167	0.470289
93	168	1.349
93	173	0.497395
93	175	1.37179
93	177	1.36705
93	179	1.34107
94	26	0.51355
94	51	0.496215
94	52	0.491618
94	63	0.435474
94	86	1.34527
94	96	1.38064
94	108	1.35116
94	110	1.31324
94	126	1.36237
94	144	0.487379
94	146	1.37654
94	149	0.493497
94	156	1.40323
94	160	0.51199
94	161	1.32553
94	164	1.34158
94	166	1.33389
94	167	1.36715
94	170	1.34153
94	172	1.35826
94	176	0.47372
94	178	0.497919
95	6	0.573202
95	45	0.548416
95	64	1.45265
95	117	1.35112
95	118	0.47547
95	121	1.33662
95	122	1.34455
95	129	1.29719
95	133	1.37261
95	139	0.471527
95	142	1.32853
95	149	0.474979
95	150	1.38615
95	151	0.471079
95	154	1.36522
95	155	0.470956
95	162	1.33758
95	168	1.33756
95	175	1.36035
95	178	0.4794
95	179	1.32963
95	180	0.439476
96	6	1.21895
96	55	0.500746
96	64	0.452834
96	73	1.33549
96	94	1.38064
96	108	1.35393
96	123	0.477129
96	138	0.477272
96	145	1.40405
96	154	0.490158
96	156	1.406
96	160	0.515236
96	161	1.3283
96	163	1.35927
96	166	1.33666
96	167	1.36992
96	170	1.3443
96	172	1.36103
96	173	0.501032
96	174	0.487332
96	179	0.500969
96	180	1.40173
97	16	1.39546
97	38	1.4195
97	48	1.33791
97	60	1.27671
97	67	1.36774
97	68	1.37855
97	72	1.31633
97	84	1.25714
97	91	1.42262
97	104	1.38158
97	112	0.440602
97	114	1.31664
97	117	0.498061
97	121	1.33222
97	123	0.473096
97	131	0.509546
97	149	0.492712
97	157	0.474541
97	159	0.510155
97	160	0.511204
97	179	0.496936
97	180	1.39744
98	42	1.28209
98	52	1.37142
98	62	1.32736
98	80	0.491615
98	105	1.37923
98	116	0.50475
98	122	1.35567
98	130	0.487206
98	139	0.503268
98	154	1.37633
98	156	0.472067
98	157	1.35989
98	158	0.475339
98	159	1.32442
98	162	1.3487
98	165	0.498529
98	174	0.497308
98	175	1.37147
98	176	1.39536
98	177	1.36673
98	179	1.34075
98	180	0.471217
99	15	1.37555
99	29	0.527279
99	61	0.456008
99	66	1.36236
99	75	0.504685
99	77	0.435929
99	83	1.39599
99	89	1.42735
99	115	1.26416
99	117	1.33114
99	122	1.32457
99	128	1.40908
99	133	1.35263
99	139	0.497918
99	150	1.36618
99	153	0.50766
99	168	1.31759
99	171	0.515179
99	174	0.491957
99	176	1.36427
99	179	1.30966
99	180	0.465867
100	12	0.600521
100	70	0.424241
100	115	1.29053
100	122	1.35094
100	125	1.3175
100	126	1.37165
100	139	0.485838
100	140	1.37971
100	144	1.35146
100	148	1.37529
100	155	0.485267
100	158	0.457908
100	164	1.35087
100	165	0.481098
100	166	1.34318
100	167	1.37643
100	169	0.481523
100	173	0.493577
100	175	1.36674
100	176	1.39064
100	178	0.493711
100	179	1.33603
101	23	0.524822
101	56	0.48862
101	72	0.460102
101	80	0.431458
101	102	0.428345
101	104	0.433582
101	116	0.444593
101	127	0.482752
101	131	1.41507
101	140	0.448999
101	146	1.44927
101	147	1.43429
101	148	0.446513
101	159	1.38314
101	161	1.39827
101	165	1.43466
101	166	1.40662
101	168	1.4074
101	171	1.3981
101	172	1.43099
101	174	1.41362
101	175	1.43019
101	179	1.39948
102	29	1.3324
102	45	0.566699
102	56	1.33347
102	71	1.35181
102	80	1.4407
102	82	1.32621
102	101	0.428345
102	111	0.476791
102	116	1.40909
102	120	1.36526
102	125	1.33649
102	127	1.36344
102	134	0.455154
102	135	1.36658
102	140	1.3987
102	145	0.452337
102	147	0.49347
102	148	1.39428
102	149	0.493262
102	157	0.475091
102	159	0.510705
102	160	1.37306
102	176	1.40963
102	180	0.457759
103	9	0.522603
103	26	1.25199
103	29	0.577821
103	34	0.510164
103	36	0.434732
103	49	1.28586
103	50	1.29403
103	86	0.552171
103	114	1.25207
103	118	1.28395
103	124	1.32461
103	137	1.25586
103	142	0.564892
103	153	1.25464
103	158	1.32678
103	163	0.538891
103	165	1.29584
103	168	0.545123
103	169	1.29515
103	171	1.25927
103	173	1.26982
103	174	1.2748
103	175	0.552704
103	178	1.27496
104	16	1.4022
104	38	1.42624
104	40	1.40267
104	48	1.34465
104	57	1.45559
104	60	1.28345
104	67	1.37448
104	68	1.38529
104	72	1.32307
104	74	0.507352
104	84	1.26388
104	91	1.42936
104	97	1.38158
104	101	0.433582
104	112	0.446389
104	114	1.32338
104	134	0.460391
104	137	0.505731
104	142	0.511479
104	145	0.457574
104	162	0.507447
104	165	0.490308
104	174	0.489087
104	180	1.40418
105	42	1.25543
105	63	0.45019
105	65	0.493646
105	66	1.3668
105	68	0.484924
105	73	0.517093
105	85	1.39721
105	98	1.37923
105	114	0.527365
105	119	1.33889
105	129	1.28166
105	133	1.35708
105	136	0.518624
105	142	1.313
105	150	1.37062
105	159	1.29776
105	162	1.32205
105	166	0.522462
105	168	1.32203
105	170	0.501414
105	175	1.34482
105	177	1.34008
105	178	0.512635
105	179	1.3141
105	180	0.472711
106	2	0.486772
106	54	0.496645
106	84	0.556623
106	91	0.466115
106	108	0.500256
106	111	0.492796
106	117	1.33187
106	125	1.29185
106	127	1.31879
106	132	1.32503
106	135	1.32194
106	140	1.35406
106	144	1.32581
106	147	1.3452
106	148	1.34964
106	155	1.34911
106	157	1.32951
106	161	0.500764
106	163	0.496246
106	170	0.502468
106	172	0.500753
106	175	1.3411
106	178	1.32469
106	179	1.31038
106	180	1.3826
107	75	0.515715
107	86	0.512658
107	89	1.426
107	93	1.37376
107	113	0.46801
107	129	1.27587
107	131	1.3239
107	133	1.35129
107	139	0.508947
107	142	1.3072
107	150	1.36483
107	152	0.494724
107	154	1.34389
107	157	1.32744
107	159	1.29197
107	161	0.503896
107	162	1.31626
107	167	0.48958
107	168	1.31624
107	169	0.504633
107	171	0.526208
107	175	1.33903
107	177	1.33429
107	179	1.30831
107	180	0.476896
108	11	0.479217
108	51	0.505186
108	62	0.537235
108	79	0.489502
108	86	1.31856
108	94	1.35116
108	96	1.35393
108	106	0.500256
108	110	1.28653
108	113	1.3749
108	130	1.35146
108	146	1.34983
108	154	0.495883
108	156	1.37652
108	161	1.29883
108	163	1.32979
108	164	1.31487
108	166	1.30718
108	167	1.34044
108	168	0.49568
108	169	0.494703
108	170	1.31482
108	172	1.33155
108	177	0.495856
108	178	0.50689
109	7	1.3715
109	26	0.517471
109	32	1.41374
109	55	0.50142
109	73	1.30665
109	89	0.45898
109	92	0.460035
109	110	1.28717
109	114	0.516569
109	115	0.546849
109	118	0.497909
109	126	1.33629
109	136	0.507828
109	141	1.31583
109	146	1.35046
109	155	0.493395
109	156	1.37716
109	161	1.29946
109	163	1.33042
109	164	1.31551
109	166	1.30782
109	167	1.34108
109	170	1.31546
109	172	1.33218
109	179	0.501642
110	4	0.50505
110	9	1.31811
110	14	1.34104
110	27	0.54394
110	32	1.37519
110	35	0.47451
110	58	0.529797
110	80	0.507777
110	94	1.31324
110	108	1.28653
110	109	1.28717
110	111	1.25627
110	113	1.33698
110	130	1.31354
110	132	0.518891
110	141	1.27728
110	144	0.516763
110	160	0.541374
110	161	1.26091
110	163	1.29187
110	166	1.26927
110	167	1.30253
110	170	1.27691
110	171	0.536691
110	172	1.29363
110	178	0.527304
111	5	0.609546
111	28	0.512849
111	43	1.36791
111	54	1.29855
111	69	1.27516
111	84	0.542364
111	87	0.526386
111	102	0.476791
111	106	0.492796
111	110	1.25627
111	120	0.52316
111	126	1.30539
111	130	1.32119
111	137	0.502241
111	141	1.28493
111	146	1.31956
111	156	1.34625
111	160	0.513501
111	161	1.26856
111	163	1.29952
111	164	1.2846
111	166	1.27691
111	167	1.31017
111	170	1.28455
111	172	1.30128
111	179	0.499233
112	16	0.436374
112	21	0.586658
112	49	1.39158
112	60	0.509908
112	81	0.420779
112	84	0.506725
112	91	0.416218
112	97	0.440602
112	104	0.446389
112	119	1.39116
112	120	0.487521
112	131	1.38196
112	135	0.482235
112	140	0.461806
112	142	1.36526
112	155	1.40509
112	159	1.35003
112	163	1.39612
112	166	1.37351
112	167	1.40677
112	170	1.38115
112	172	1.39788
112	173	1.37553
112	174	1.38051
112	179	1.36637
112	180	1.43858
113	12	0.578322
113	40	0.42848
113	55	0.471092
113	75	1.36687
113	90	1.43546
113	107	0.46801
113	108	1.3749
113	110	1.33698
113	118	0.467582
113	126	1.38611
113	145	1.42502
113	146	1.40028
113	149	0.467091
113	156	1.42697
113	160	0.485583
113	161	1.34928
113	163	1.38024
113	166	1.35763
113	167	1.39089
113	168	0.460302
113	170	1.36527
113	172	1.382
113	175	0.467883
113	176	0.447313
113	177	0.460478
113	180	1.4227
114	15	0.507032
114	52	0.528751
114	57	1.39066
114	65	1.32075
114	82	1.23822
114	84	1.19895
114	91	1.36443
114	97	1.31664
114	103	1.25207
114	104	1.32338
114	105	0.527365
114	109	0.516569
114	122	0.535425
114	127	1.27545
114	135	1.27859
114	140	1.31071
114	148	1.30629
114	150	0.508178
114	156	0.495978
114	161	0.522128
114	162	0.539579
114	163	0.51761
114	165	1.30222
114	169	1.30154
114	178	1.28135
114	180	1.33925
115	52	1.26078
115	77	0.495471
115	85	1.31322
115	89	1.34781
115	99	1.26416
115	100	1.29053
115	109	0.546849
115	119	1.25491
115	124	0.533874
115	128	1.32954
115	141	0.548236
115	144	1.24555
115	145	1.30465
115	150	1.28664
115	154	1.2657
115	155	0.556889
115	159	1.21378
115	161	0.552408
115	162	1.23807
115	167	0.538092
115	168	1.23804
115	169	0.553145
115	174	0.551499
115	175	1.26083
115	177	1.2561
115	179	1.23012
115	180	0.525408
116	21	1.23834
116	23	1.3337
116	29	1.30705
116	37	1.42881
116	58	0.516425
116	71	1.32647
116	77	0.44407
116	80	1.41536
116	93	0.491138
116	98	0.50475
116	101	0.444593
116	102	1.40909
116	120	1.33992
116	121	1.33667
116	125	1.31115
116	126	0.507811
116	127	1.33809
116	135	1.34124
116	138	0.490038
116	140	1.37336
116	143	0.487578
116	148	1.36894
116	157	0.491339
116	160	1.34772
116	173	0.513797
116	176	1.38429
116	178	0.513932
117	11	1.38214
117	15	1.363
117	33	1.2244
117	46	1.34734
117	47	0.504665
117	72	0.530368
117	74	0.525682
117	75	0.520145
117	87	1.29482
117	95	1.35112
117	97	0.498061
117	99	1.33114
117	106	1.33187
117	118	0.51732
117	129	1.26466
117	131	1.3127
117	138	0.497357
117	142	1.296
117	146	0.492127
117	151	0.51293
117	153	0.523119
117	154	1.33269
117	160	1.31514
117	162	1.30505
117	175	1.32782
117	177	1.32308
117	179	1.2971
117	180	0.481326
118	12	1.2023
118	48	0.515588
118	56	0.554029
118	74	1.30815
118	78	0.524046
118	95	0.47547
118	103	1.28395
118	109	0.497909
118	113	0.467582
118	117	0.51732
118	121	0.510467
118	124	1.36288
118	136	1.30063
118	137	1.29413
118	140	0.514407
118	149	1.33724
118	152	1.34251
118	153	1.29292
118	155	1.33765
118	158	1.36505
118	165	1.33411
118	169	1.33342
118	170	0.505172
118	173	1.30809
118	174	1.31307
118	178	1.31323
118	179	0.516195
118	180	1.37114
119	33	1.22771
119	39	0.570546
119	51	0.512467
119	61	0.464389
119	68	0.486461
119	105	1.33889
119	112	1.39116
119	115	1.25491
119	122	1.31533
119	127	0.545939
119	131	1.316
119	133	1.34338
119	142	1.2993
119	143	1.30202
119	144	1.31584
119	145	1.37494
119	153	0.51604
119	154	1.33599
119	155	0.505728
119	160	1.31845
119	163	0.496729
119	167	0.486931
119	168	1.30834
119	174	0.500338
119	175	1.33113
119	177	1.32639
119	178	0.514172
119	179	1.30041
120	3	1.36868
120	10	0.52287
120	13	0.494166
120	21	1.19451
120	37	1.38498
120	56	1.26431
120	59	1.41372
120	71	1.28265
120	79	0.526664
120	80	1.37153
120	82	1.25705
120	102	1.36526
120	111	0.52316
120	112	0.487521
120	116	1.33992
120	125	1.26733
120	127	1.29427
120	134	0.501524
120	135	1.29741
120	138	0.520159
120	140	1.32954
120	145	0.498707
120	148	1.32512
120	157	0.52146
120	158	0.50825
120	160	1.3039
120	176	1.34047
120	180	0.504128
121	2	0.487481
121	6	0.6082
121	13	1.36349
121	38	1.37688
121	61	0.464615
121	72	1.27371
121	76	0.49878
121	84	1.21452
121	91	1.38
121	95	1.33662
121	97	1.33222
121	116	1.33667
121	118	0.510467
121	125	1.26408
121	131	1.2982
121	133	1.32558
121	135	1.29416
121	147	0.510184
121	148	1.32186
121	151	0.506077
121	156	0.475324
121	169	0.50221
121	171	0.523785
121	173	0.514263
121	176	1.33722
121	177	1.30859
121	179	1.28261
121	180	1.35482
122	7	0.490489
122	32	0.503121
122	42	1.23187
122	46	1.34077
122	79	1.29353
122	93	1.35599
122	95	1.34455
122	98	1.35567
122	99	1.32457
122	100	1.35094
122	114	0.535425
122	119	1.31533
122	131	1.30613
122	134	1.32206
122	144	1.30596
122	147	0.516482
122	151	0.512375
122	153	0.522564
122	154	1.32612
122	155	0.512252
122	167	0.493455
122	168	1.29846
122	171	0.530083
122	174	0.506862
122	175	1.32125
122	177	1.31651
122	179	1.29054
122	180	0.480771
123	8	1.40201
123	15	0.468265
123	17	1.3862
123	27	1.32664
123	34	0.450117
123	49	1.35883
123	54	0.479242
123	76	1.34114
123	77	1.47043
123	96	0.477129
123	97	0.473096
123	124	1.39758
123	131	0.508698
123	136	1.33533
123	137	1.32883
123	147	1.36843
123	152	1.3772
123	154	0.485278
123	161	0.483361
123	164	0.488121
123	165	1.3688
123	166	0.506112
123	169	1.36812
123	171	1.33224
123	172	0.48335
123	173	1.34279
123	174	1.34777
123	178	1.34793
123	179	0.496088
124	58	1.31635
124	80	0.469337
124	90	0.440612
124	103	1.32461
124	115	0.533874
124	118	1.36288
124	123	1.39758
124	126	0.482743
124	132	1.35423
124	133	0.46727
124	137	1.33478
124	138	1.3812
124	139	1.38012
124	140	0.486878
124	144	0.478323
124	151	1.3785
124	152	1.38316
124	153	1.33357
124	154	0.477856
124	158	1.40571
124	159	0.501885
124	165	1.37476
124	166	0.498691
124	169	1.37408
124	171	1.3382
124	172	0.475928
124	173	1.34874
124	175	0.485234
124	180	1.41179
125	3	1.33991
125	21	1.16574
125	23	1.26111
125	37	1.35621
125	44	0.523188
125	70	0.485745
125	80	1.34276
125	82	1.22828
125	83	0.512942
125	100	1.3175
125	102	1.33649
125	106	1.29185
125	116	1.31115
125	120	1.26733
125	121	1.26408
125	127	1.2655
125	132	0.546802
125	134	0.512686
125	135	1.26864
125	140	1.30077
125	141	0.538118
125	145	0.509869
125	148	1.29634
125	155	0.546771
125	157	0.532622
125	160	1.27513
125	176	1.31169
125	177	0.544181
125	179	0.555018
126	6	1.20068
126	8	0.483106
126	73	1.31722
126	86	1.32977
126	94	1.36237
126	100	1.37165
126	109	1.33629
126	111	1.30539
126	113	1.38611
126	116	0.507811
126	124	0.482743
126	133	0.492609
126	141	1.32641
126	142	0.52276
126	146	1.36104
126	150	0.487328
126	152	0.492106
126	153	0.516071
126	157	1.33038
126	161	1.31003
126	163	1.341
126	164	1.32608
126	165	0.501589
126	166	1.31839
126	167	1.35165
126	169	0.502014
126	171	0.523589
126	172	1.34276
126	176	0.490003
126	180	1.38346
127	3	1.36686
127	11	1.36907
127	13	0.502204
127	21	1.19268
127	22	0.468989
127	23	1.28805
127	29	1.2614
127	35	0.499298
127	37	1.38315
127	56	1.26248
127	71	1.28082
127	82	1.25522
127	101	0.482752
127	102	1.36344
127	106	1.31879
127	114	1.27545
127	116	1.33809
127	119	0.545939
127	120	1.29427
127	125	1.2655
127	135	1.29559
127	140	1.32771
127	143	0.525737
127	145	0.506745
127	148	1.32329
127	151	0.54377
127	153	0.553959
127	157	0.529498
127	174	0.538257
127	176	1.33864
127	180	0.512167
128	5	1.27223
128	7	0.464778
128	33	1.30234
128	52	1.4057
128	90	0.446733
128	99	1.40908
128	115	1.32954
128	129	1.3426
128	131	1.39063
128	133	1.41801
128	144	1.39047
128	147	0.490772
128	153	0.496854
128	154	1.41062
128	155	0.486541
128	156	0.455911
128	159	1.3587
128	160	1.39308
128	162	1.38299
128	165	0.482372
128	167	0.467745
128	168	1.38297
128	169	0.482797
128	170	0.483764
128	173	0.494851
128	175	1.40576
128	176	1.42965
128	177	1.40102
128	178	0.494985
128	179	1.37504
128	180	0.455061
129	26	0.568959
129	30	1.24418
129	35	1.35151
129	46	1.29341
129	53	0.547504
129	62	1.22979
129	63	0.490883
129	76	0.537709
129	83	1.32951
129	87	1.24089
129	92	0.511523
129	93	1.30863
129	95	1.29719
129	105	1.28166
129	107	1.27587
129	117	1.26466
129	128	1.3426
129	138	0.529434
129	148	0.548856
129	150	1.29969
129	154	1.27876
129	158	0.517525
129	159	1.22684
129	165	0.540715
129	168	1.2511
129	170	0.542107
129	175	1.27389
129	176	1.29778
129	177	1.26915
129	178	0.553328
129	179	1.24318
129	180	0.513403
130	31	1.26117
130	54	1.35582
130	57	0.460115
130	69	1.33244
130	74	0.500819
130	82	0.544341
130	86	1.34557
130	90	1.41201
130	98	0.487206
130	108	1.35146
130	110	1.31354
130	111	1.32119
130	133	0.474794
130	134	1.35856
130	141	1.3422
130	144	0.485847
130	146	1.37683
130	156	1.40353
130	160	0.510458
130	161	1.32583
130	163	1.35679
130	164	1.34188
130	166	1.33419
130	167	1.36745
130	169	0.4842
130	170	1.34183
130	172	1.35855
130	173	0.496253
130	175	0.492758
130	176	0.472189
130	178	0.496388
130	179	0.49619
131	5	1.1884
131	19	0.504568
131	25	1.29735
131	44	0.500708
131	49	0.522775
131	53	0.526912
131	62	1.27782
131	70	0.463266
131	85	1.37432
131	87	1.28893
131	97	0.509546
131	101	1.41507
131	107	1.3239
131	112	1.38196
131	117	1.3127
131	119	1.316
131	121	1.2982
131	122	1.30613
131	123	0.508698
131	128	1.39063
131	132	0.524323
131	144	1.30664
131	145	1.36574
131	146	0.503613
131	147	0.528522
131	154	1.32679
131	158	0.496933
131	168	1.29914
131	172	0.5198
131	175	1.32193
131	177	1.31719
131	179	1.29121
131	180	0.492811
132	46	0.490039
132	56	0.549546
132	80	0.492384
132	106	1.32503
132	110	0.518891
132	124	1.35423
132	125	0.546802
132	131	0.524323
132	136	1.29198
132	137	1.28548
132	138	1.33189
132	139	1.33081
132	146	0.482787
132	149	1.32858
132	151	1.32919
132	152	1.33386
132	153	1.28426
132	155	1.329
132	156	0.472836
132	157	1.3094
132	158	1.3564
132	162	0.516436
132	165	1.32546
132	167	0.48467
132	168	0.5007
132	169	1.32477
132	171	1.28889
132	173	1.29944
132	174	1.30442
132	175	0.508281
132	178	1.30458
132	179	0.511713
132	180	1.36249
133	2	0.471813
133	7	0.468523
133	8	0.467633
133	15	1.38449
133	25	1.32473
133	28	0.512148
133	35	1.42693
133	66	1.37129
133	73	0.503187
133	89	1.43629
133	93	1.38404
133	95	1.37261
133	99	1.35263
133	105	1.35708
133	107	1.35129
133	119	1.34338
133	121	1.32558
133	124	0.46727
133	126	0.492609
133	128	1.41801
133	130	0.474794
133	142	1.31749
133	143	1.32021
133	147	0.494516
133	150	1.37511
133	152	0.476633
133	164	0.490565
133	166	0.508556
133	168	1.32652
133	169	0.486542
133	172	0.485794
133	175	1.34931
133	177	1.34457
133	179	1.3186
134	2	0.450877
134	4	1.38125
134	14	1.38606
134	23	0.551631
134	38	0.717577
134	48	0.476989
134	60	0.523911
134	67	0.455834
134	71	0.487271
134	78	1.31685
134	81	0.434782
134	102	0.455154
134	104	0.460391
134	120	0.501524
134	122	1.32206
134	125	0.512686
134	130	1.35856
134	135	0.496237
134	137	1.30235
134	138	1.34876
134	142	1.30603
134	148	0.473322
134	156	1.38363
134	158	1.37327
134	159	1.2908
134	161	1.30593
134	162	1.31509
134	164	1.32198
134	166	1.31429
134	170	1.32193
134	171	1.30576
134	175	1.33786
134	178	1.32145
134	179	1.30714
134	180	1.37936
135	3	1.37
135	9	1.34317
135	21	1.19583
135	23	1.2912
135	25	0.547405
135	29	1.26455
135	37	1.3863
135	41	0.508476
135	56	1.26562
135	71	1.28396
135	72	0.547885
135	76	0.523149
135	80	1.37285
135	82	1.25836
135	92	0.496962
135	102	1.36658
135	106	1.32194
135	112	0.482235
135	114	1.27859
135	116	1.34124
135	120	1.29741
135	121	1.29416
135	125	1.26864
135	127	1.29559
135	134	0.496237
135	140	1.33085
135	143	0.512413
135	145	0.493421
135	148	1.32643
135	152	0.51667
135	154	0.527759
135	160	1.30521
135	168	0.527556
135	169	0.526579
135	176	1.34178
135	180	0.498842
136	4	1.35144
136	18	1.34635
136	25	0.53495
136	32	0.508737
136	58	1.2541
136	74	1.28656
136	90	0.47806
136	105	0.518624
136	109	0.507828
136	118	1.30063
136	123	1.33533
136	132	1.29198
136	138	1.31895
136	142	0.53487
136	147	1.31214
136	149	1.31564
136	150	0.499438
136	151	1.31625
136	152	1.32091
136	153	1.27132
136	155	1.31606
136	158	1.34346
136	159	0.539333
136	163	0.508869
136	165	1.31251
136	167	0.499071
136	168	0.515101
136	169	1.31183
136	171	1.27595
136	172	0.513376
136	173	1.2865
136	174	1.29148
136	177	0.515278
136	178	1.29164
136	179	0.526114
136	180	1.34954
137	3	0.491814
137	44	1.38286
137	45	0.592149
137	59	0.457972
137	63	1.39632
137	70	1.4097
137	75	0.522028
