1	79	1.02595
1	91	0.994914
1	124	1.00548
1	125	1.0383
1	129	1.0285
1	131	1.06008
1	150	0.941951
1	153	1.04677
1	162	0.96392
1	169	1.00198
1	175	0.940416
1	176	0.958064
2	38	0.880065
2	77	0.9718
2	81	0.973433
2	130	1.03408
2	139	1.04589
2	142	1.02144
2	144	1.04672
2	153	1.01264
2	156	1.03673
2	169	0.998467
2	175	1.04333
2	179	0.939739
3	23	0.995044
3	29	0.802163
3	41	1.09567
3	75	1.03181
3	81	1.02402
3	94	1.019
3	104	1.01881
3	110	1.05693
3	159	1.02
3	169	0.982746
3	170	0.972975
3	175	0.987488
4	5	0.942425
4	25	0.884156
4	93	1.1544
4	115	0.909357
4	139	0.897871
4	146	0.886727
4	156	0.888709
4	167	1.18815
4	169	1.27602
4	171	1.18664
4	175	0.895309
4	176	0.895447
5	4	0.942425
5	130	1.0389
5	134	0.936746
5	139	1.05071
5	142	1.02626
5	146	1.03956
5	153	1.01418
5	156	1.04155
5	164	1.0606
5	165	0.911922
5	169	1
5	179	0.941276
6	37	1.08021
6	124	1.01075
6	126	0.998911
6	127	0.950662
6	129	1.03377
6	131	1.06535
6	142	1.02204
6	147	0.837355
6	156	1.03733
6	161	1.03416
6	169	0.996596
6	174	0.937652
7	76	1.05086
7	132	0.945897
7	142	1.00741
7	144	1.03269
7	146	1.02072
7	156	1.0227
7	162	0.978676
7	170	1.03618
7	174	0.9702
7	176	1.02944
7	179	0.958012
7	180	0.953665
8	35	0.937145
8	62	0.921856
8	64	1.04985
8	94	0.984516
8	126	0.979797
8	144	1.02828
8	145	1.02864
8	152	0.970613
8	156	1.01829
8	172	1.02932
8	178	1.0215
8	180	1.02412
9	17	0.987701
9	67	0.949562
9	144	0.932841
9	156	0.959243
9	161	0.965316
9	171	1.03539
9	172	1.03684
9	174	1.01851
9	177	1.02344
9	178	1.02902
9	179	1.02515
9	180	1.03164
10	18	0.880285
10	64	1.05039
10	96	1.019
10	105	1.02097
10	113	1.02284
10	122	0.93364
10	140	0.974226
10	145	1.02917
10	155	1.04199
10	161	1.01565
10	163	0.999719
10	174	1.01872
11	105	0.895883
11	116	1.19101
11	128	0.915181
11	137	0.874987
11	143	0.925923
11	145	0.904089
11	160	0.895419
11	161	0.890565
11	167	1.20314
11	171	1.20163
11	173	0.897953
11	178	1.20944
12	25	1.20992
12	55	1.23765
12	65	1.16155
12	126	0.910092
12	139	1.18496
12	152	0.905708
12	155	0.915524
12	160	0.894036
12	161	0.889182
12	178	0.895572
12	179	0.891701
12	180	0.898184
13	24	1.01437
13	73	1.03513
13	97	1.0213
13	128	1.04115
13	145	1.03006
13	166	1.01526
13	170	1.03319
13	172	0.922651
13	173	1.02392
13	174	0.958158
13	176	0.960778
13	177	0.9506
14	27	1.13755
14	71	1.04026
14	106	0.999773
14	121	1.01626
14	136	0.960384
14	138	1.02554
14	140	0.938642
14	149	0.964701
14	152	1.02024
14	163	0.964135
14	175	0.968104
14	179	0.970944
15	23	1.17385
15	145	1.19389
15	146	1.20545
15	159	0.888876
15	162	0.898657
15	163	0.903186
15	166	1.22239
15	174	0.894811
15	177	0.899745
15	178	0.905328
15	179	0.901458
15	180	0.90794
16	50	1.0288
16	96	1.02353
16	105	1.02549
16	122	0.932037
16	140	0.972623
16	143	1.05553
16	147	0.916816
16	161	1.02018
16	165	0.975572
16	166	1.0189
16	173	1.02756
16	177	1.00956
17	9	0.987701
17	102	0.980111
17	105	0.96598
17	111	0.998356
17	125	1.04017
17	126	1.10251
17	128	0.985278
17	154	1.04388
17	160	0.965516
17	166	0.95939
17	170	0.977319
17	173	0.96805
17	179	1.02906
18	10	0.880285
18	60	0.816414
18	126	0.857032
18	128	0.867697
18	160	0.899664
18	171	1.12111
18	172	1.12255
18	173	0.873661
18	174	1.10422
18	177	1.10916
18	178	1.11474
18	179	1.11087
18	180	1.11735
19	67	0.993984
19	98	0.978938
19	119	0.993456
19	121	0.975693
19	136	0.919822
19	152	0.979675
19	157	1.05466
19	159	1.05229
19	164	0.985373
19	169	1.08135
19	176	0.973058
19	178	0.99978
19	180	1.01828
20	96	0.973773
20	113	0.977612
20	123	0.947405
20	128	0.995036
20	145	0.983944
20	148	0.945289
20	151	1.07174
20	156	1.10734
20	157	1.0486
20	160	0.975274
20	166	0.969148
20	173	0.977808
20	176	1.03137
21	32	0.913891
21	41	1.02893
21	57	1.04944
21	85	0.943358
21	89	1.00613
21	90	1.09349
21	104	0.952063
21	110	0.990185
21	143	1.05349
21	151	1.06159
21	169	0.916004
21	170	0.989058
21	179	1.00641
22	26	0.965869
22	50	0.98351
22	53	0.991796
22	92	0.935479
22	118	0.964616
22	134	1.05125
22	143	1.01024
22	161	0.974882
22	166	0.973609
22	167	1.02665
22	171	1.02514
22	176	1.07059
22	178	1.03294
23	3	0.995044
23	15	1.17385
23	32	0.916548
23	62	1.04548
23	75	0.967721
23	89	1.00879
23	94	0.954913
23	110	0.992842
23	155	1.02397
23	166	1.08055
23	169	0.91866
23	170	0.953566
23	175	0.96808
24	13	1.01437
24	110	1.02333
24	144	1.0426
24	163	0.972369
24	164	1.04689
24	168	0.990112
24	172	0.982326
24	173	1.0683
24	174	0.963994
24	177	0.968928
24	178	0.97451
24	179	0.97064
24	180	0.977122
25	4	0.884156
25	12	1.20992
25	80	0.971401
25	95	0.997397
25	139	0.992439
25	144	0.993272
25	146	0.981295
25	149	0.997236
25	154	1.01829
25	156	0.983277
25	170	0.996763
25	178	0.980637
25	180	0.999132
26	22	0.965869
26	104	1.10305
26	105	0.977793
26	113	0.979667
26	123	0.94946
26	151	1.07132
26	155	0.998818
26	160	0.977329
26	166	0.971203
26	173	0.979862
26	177	1.02077
26	178	0.993297
26	179	1.01614
27	14	1.13755
27	56	0.916588
27	108	1.07809
27	117	1.1155
27	121	1.12787
27	136	1.072
27	138	1.13715
27	144	0.901892
27	152	1.13185
27	167	0.808379
27	171	0.806872
27	173	0.927592
27	177	0.842147
28	120	0.935965
28	130	0.975849
28	139	0.987658
28	142	0.96321
28	144	0.988492
28	148	0.989286
28	149	1.05432
28	156	0.978496
28	172	1.03724
28	175	0.985096
28	176	0.985234
28	177	1.06519
28	179	1.06056
29	3	0.802163
29	32	0.97395
29	89	0.785604
29	91	0.912378
29	109	0.875457
29	129	0.843881
29	138	1.12782
29	152	1.12252
29	161	1.10599
29	173	1.11338
29	177	1.1068
29	179	1.10851
29	180	1.11499
30	82	0.969785
30	120	1.00848
30	122	0.868135
30	132	0.928909
30	139	1.06017
30	142	1.03573
30	144	1.06101
30	146	1.04903
30	149	0.93478
30	151	0.9962
30	156	1.05101
30	164	1.07007
30	170	1.0645
30	171	0.910378
31	47	0.936965
31	86	0.98585
31	88	0.85515
31	106	0.955546
31	164	0.918785
31	165	1.06095
31	168	1.06338
31	171	1.05414
31	173	0.940197
31	174	1.03726
31	177	1.04219
31	178	1.04778
31	179	1.04391
31	180	1.05039
32	21	0.913891
32	23	0.916548
32	29	0.97395
32	33	0.868387
32	85	0.931605
32	89	0.99438
32	104	0.94031
32	110	0.978432
32	133	1.18528
32	149	0.952197
32	163	1.15531
32	169	0.90425
32	171	1.13147
32	175	1.15928
33	32	0.868387
33	41	0.983422
33	57	1.00393
33	62	0.997319
33	94	0.906752
33	100	1.17034
33	104	0.906559
33	110	0.944681
33	132	1.1122
33	149	0.918446
33	169	0.870499
33	172	1.101
33	175	1.12148
33	178	1.10147
34	86	1.02123
34	111	1.07278
34	125	0.948285
34	134	0.932647
34	135	1.05532
34	143	1.07044
34	153	1.05297
34	158	0.923893
34	160	1.03994
34	168	0.913952
34	173	1.04247
34	175	1.04486
34	176	0.951985
34	179	0.937176
35	8	0.937145
35	67	1.07465
35	98	1.0596
35	106	1.03987
35	117	1.04399
35	121	1.05635
35	122	0.867734
35	126	1.06472
35	136	1.00048
35	152	1.06034
35	162	0.961287
35	169	0.99935
35	170	0.923269
35	178	0.91778
36	76	1.07014
36	86	1.05661
36	115	1.06262
36	139	1.05114
36	142	1.02669
36	144	1.05197
36	146	1.04
36	149	0.914641
36	156	1.04198
36	158	0.9076
36	163	0.914075
36	165	0.891531
36	170	1.05546
36	179	0.920884
37	6	1.08021
37	64	1.10503
37	94	1.14274
37	128	1.14869
37	155	1.11763
37	163	0.928133
37	167	0.937004
37	168	0.945876
37	171	0.936641
37	172	0.93809
37	177	0.924692
37	178	0.930274
37	179	0.926404
37	180	0.932886
38	2	0.880065
38	51	0.934768
38	57	0.882254
38	109	1.0221
38	129	1.04489
38	131	1.07647
38	136	1.04445
38	138	0.910872
38	145	1.0588
38	156	0.94093
38	166	1.044
38	178	1.05167
38	179	1.0478
38	180	1.05428
39	52	1.04761
39	63	0.895368
39	97	1.04518
39	99	1.09494
39	137	1.02484
39	145	1.05394
39	158	0.92026
39	159	0.963212
39	160	1.04527
39	161	1.04042
39	162	0.954208
39	163	0.926734
39	173	1.0478
39	176	0.948352
40	61	1.02723
40	73	1.05872
40	122	0.87588
40	123	1.01711
40	128	1.06474
40	135	1.06035
40	148	0.877492
40	155	1.06647
40	160	1.04498
40	161	1.04012
40	167	0.91963
40	173	1.04751
40	176	0.963577
40	180	0.944422
41	3	1.09567
41	21	1.02893
41	33	0.983422
41	75	1.06835
41	76	0.980597
41	94	1.05554
41	104	1.05534
41	110	1.09347
41	125	0.92088
41	154	0.924586
41	157	0.941807
41	162	0.930435
41	169	1.01929
41	175	0.906931
42	57	0.872003
42	121	0.906507
42	135	0.928248
42	136	1.0342
42	145	0.921039
42	157	1.03275
42	158	1.06524
42	162	1.04627
42	163	1.0508
42	173	0.929977
42	177	1.04736
42	178	1.05294
42	179	1.04907
42	180	1.05556
43	79	1.01259
43	83	1.02158
43	87	1.00477
43	89	0.9604
43	96	0.999421
43	161	0.993307
43	163	0.997701
43	167	1.00657
43	171	1.00621
43	172	1.00766
43	174	0.989326
43	177	0.99426
43	178	0.999843
43	179	0.995973
43	180	1.00246
44	57	0.943151
44	65	0.956327
44	77	1.14289
44	126	0.984497
44	155	0.9641
44	156	1.00183
44	162	0.99296
44	165	1.0128
44	171	1.006
44	172	1.00745
44	174	0.989114
44	177	0.994048
44	178	0.999631
44	179	0.995761
44	180	1.00224
45	61	1.08837
45	66	0.955749
45	83	1.00536
45	84	1.00649
45	100	0.990545
45	109	0.984772
45	124	0.984541
45	129	1.00757
45	131	1.03914
45	132	0.997797
45	148	0.938635
45	149	1.00367
45	153	1.02583
45	170	0.992558
45	178	0.987069
46	57	1.08605
46	82	1.04798
46	87	0.989976
46	94	0.988868
46	104	0.988675
46	115	1.014
46	141	0.938106
46	156	0.993349
46	158	1.00593
46	166	0.988906
46	168	0.995989
46	169	0.952615
46	171	0.988568
46	173	0.997565
46	174	1.0314
47	31	0.936965
47	65	1.03107
47	80	0.986241
47	87	0.994744
47	100	1.04269
47	127	1.02187
47	130	0.99547
47	132	0.984557
47	139	1.00728
47	142	0.982831
47	144	1.00811
47	146	0.996135
47	154	1.01149
47	156	0.998117
47	174	1.00886
48	73	0.974973
48	76	1.0196
48	103	0.993809
48	105	1.03848
48	117	0.98844
48	138	1.01009
48	143	0.957748
48	146	0.989453
48	152	1.00479
48	160	1.02675
48	170	1.00492
48	173	1.00075
48	178	0.994654
48	179	0.990784
48	180	0.997266
49	73	1.00261
49	86	0.970156
49	88	1.07842
49	106	1.11193
49	122	0.933613
49	135	1.00425
49	140	0.974199
49	145	0.997538
49	160	0.988869
49	161	0.984015
49	166	0.982743
49	168	0.983276
49	173	0.991402
49	174	1.01869
49	178	0.983659
50	16	1.0288
50	22	0.98351
50	93	0.952373
50	96	0.993469
50	107	1.01915
50	113	0.997308
50	117	1.10341
50	134	1.01073
50	141	0.934154
50	143	1.02547
50	160	0.99497
50	161	0.990117
50	165	0.985909
50	166	0.988844
50	173	0.997504
51	38	0.934768
51	56	1.07351
51	63	0.956267
51	108	0.959108
51	117	0.996514
51	119	1.02665
51	121	1.00888
51	134	0.989913
51	136	0.953011
51	138	1.01817
51	152	1.01286
51	164	1.01856
51	169	1.05317
51	176	1.00625
51	177	0.999072
52	39	1.04761
52	61	1.0817
52	64	1.02342
52	102	1.00814
52	149	0.999071
52	161	0.988687
52	163	0.996427
52	166	0.987414
52	167	0.974098
52	169	0.951124
52	171	0.972591
52	172	0.979917
52	173	0.996074
52	175	0.998457
52	179	1.00324
53	22	0.991796
53	96	1.00175
53	100	1.02734
53	102	1.01785
53	105	1.00372
53	123	0.975387
53	150	0.980017
53	156	1.0721
53	161	0.998402
53	163	0.974513
53	166	0.99713
53	172	0.958003
53	173	1.00579
53	174	0.99351
53	175	1.00817
54	68	0.983536
54	118	0.942699
54	123	0.92995
54	145	0.966489
54	155	0.979307
54	157	1.10018
54	158	1.05486
54	160	0.957819
54	161	0.952965
54	163	1.06133
54	164	0.97519
54	166	0.951693
54	172	1.04482
54	173	0.960352
54	176	1.08295
54	180	1.06379
55	12	1.23765
55	66	0.911795
55	72	1.01216
55	83	0.961409
55	84	0.962532
55	91	0.930021
55	109	0.940818
55	124	0.940586
55	129	0.963611
55	131	0.99519
55	151	1.08639
55	153	0.981879
55	163	1.0244
55	170	1.01386
55	177	1.03584
55	178	1.00837
56	27	0.916588
56	51	1.07351
56	94	1.06706
56	108	1.1393
56	109	1.14269
56	121	1.0555
56	139	0.963962
56	142	0.939514
56	143	0.986987
56	156	0.9548
56	166	0.950357
56	167	0.964748
56	172	0.965835
56	173	0.959017
56	179	0.954149
56	180	0.960631
57	21	1.04944
57	33	1.00393
57	38	0.882254
57	42	0.872003
57	44	0.943151
57	46	1.08605
57	85	1.06715
57	94	1.07605
57	104	1.07586
57	110	1.11398
57	112	0.912596
57	149	1.08774
57	169	1.0398
57	172	0.91861
57	175	0.939089
57	180	0.937582
58	66	0.907004
58	72	1.00737
58	78	1.00565
58	83	0.956619
58	91	0.92523
58	109	0.936027
58	124	0.935796
58	129	0.95882
58	131	0.990399
58	153	0.977088
58	163	1.0502
58	164	1.12567
58	174	1.0692
58	175	1.05417
58	176	1.07182
58	178	1.03417
59	92	0.922384
59	113	0.968977
59	133	1.10768
59	137	0.946208
59	141	1.00341
59	145	0.975309
59	155	0.988128
59	160	0.96664
59	166	0.960514
59	169	0.924223
59	170	0.978443
59	171	1.05387
59	173	0.969173
59	174	1.09671
59	178	1.06168
59	179	1.08452
60	18	0.816414
60	73	1.08071
60	101	0.840114
60	119	0.997244
60	132	1.07115
60	145	1.07564
60	157	0.974693
60	160	1.06697
60	166	1.06084
60	168	0.919432
60	169	1.02455
60	170	1.07877
60	172	0.919338
60	173	1.0695
60	175	1.07188
60	180	0.93831
61	40	1.02723
61	45	1.08837
61	52	1.0817
61	139	1.05698
61	158	0.970603
61	161	1.08514
61	162	0.951632
61	164	1.05695
61	167	0.965032
61	168	0.973905
61	171	0.96467
61	174	0.947786
61	177	0.95272
61	178	0.958303
61	179	0.954433
61	180	0.960915
62	8	0.921856
62	23	1.04548
62	33	0.997319
62	70	0.908176
62	75	1.08224
62	85	1.06054
62	89	1.12331
62	94	1.06943
62	110	1.10736
62	148	0.854057
62	149	1.08113
62	157	0.957369
62	163	0.918524
62	169	1.03318
62	170	0.90798
62	176	0.940142
63	39	0.895368
63	51	0.956267
63	75	1.02445
63	89	1.06552
63	92	1.07737
63	124	0.98954
63	129	1.01256
63	131	1.04414
63	135	0.959999
63	142	0.981064
63	152	0.935915
63	158	1.03164
63	160	0.987731
63	169	0.975387
63	178	1.01934
63	179	1.01547
63	180	1.02195
64	8	1.04985
64	10	1.05039
64	37	1.10503
64	52	1.02342
64	74	0.955422
64	92	0.976823
64	96	1.01958
64	103	1.03911
64	149	1.02661
64	154	0.965096
64	155	1.04257
64	159	0.979949
64	161	1.01623
64	168	0.927056
64	171	0.919635
64	176	0.965089
64	180	0.945934
65	12	1.16155
65	44	0.956327
65	47	1.03107
65	95	1.0349
65	97	0.945969
65	120	0.978251
65	130	1.01813
65	142	1.0055
65	144	1.03078
65	146	1.0188
65	156	1.02078
65	158	0.94182
65	165	0.925751
65	170	1.03427
65	171	0.924459
65	176	1.02752
65	180	0.950757
66	45	0.955749
66	55	0.911795
66	58	0.907004
66	78	0.975728
66	79	0.926344
66	83	0.9267
66	91	0.895312
66	109	0.906109
66	124	0.905877
66	129	0.928902
66	131	0.960481
66	132	1.10623
66	164	1.187
66	169	1.17707
66	170	1.10099
66	175	1.1155
66	179	1.11834
67	9	0.949562
67	19	0.993984
67	35	1.07465
67	108	0.975093
67	119	1.04263
67	121	1.02487
67	136	0.968996
67	138	1.03415
67	147	0.902814
67	152	1.02885
67	158	0.977639
67	159	1.02059
67	164	1.03455
67	170	0.97357
67	175	0.988083
67	176	1.02223
67	177	0.995553
68	54	0.983536
68	86	0.998199
68	93	0.915641
68	111	1.04975
68	140	0.946229
68	145	1.02558
68	155	1.0384
68	157	1.01057
68	160	1.01691
68	161	1.01206
68	164	1.03428
68	173	1.01945
68	174	0.990718
68	175	1.02183
68	176	0.993339
68	179	0.978531
68	180	0.974184
69	98	0.936618
69	106	0.91689
69	108	0.883598
69	119	0.951136
69	126	0.941739
69	134	1.13508
69	136	0.877502
69	138	0.942659
69	152	0.937355
69	153	0.938712
69	154	1.15443
69	159	1.16928
69	164	0.943053
69	167	1.11047
69	170	1.12226
69	172	1.11629
69	176	0.930737
70	62	0.908176
70	83	1.01779
70	102	0.974509
70	145	0.973807
70	155	0.94572
70	157	0.999379
70	161	0.989519
70	162	1.0129
70	165	1.03274
70	168	1.03517
70	171	1.02594
70	172	1.02738
70	173	0.982746
70	174	1.00905
70	178	1.01957
70	179	1.0157
70	180	1.02218
71	14	1.04026
71	93	0.928132
71	106	1.0141
71	108	0.980807
71	117	1.01821
71	121	1.03058
71	126	1.03895
71	127	1.01622
71	136	0.97471
71	138	1.03987
71	149	0.984778
71	152	1.03456
71	165	0.961667
71	167	0.961882
71	175	0.988181
71	176	1.02795
71	178	0.968179
72	55	1.01216
72	58	1.00737
72	79	1.02671
72	83	1.02707
72	84	1.02819
72	91	0.995677
72	109	1.00647
72	124	1.00624
72	129	1.02927
72	131	1.06085
72	132	0.948927
72	134	0.956512
72	151	1.01622
72	169	1.01977
72	170	0.943689
72	175	0.958202
72	177	0.965672
73	13	1.03513
73	40	1.05872
73	48	0.974973
73	49	1.00261
73	60	1.08071
73	113	1.00727
73	114	0.973994
73	125	0.985238
73	128	1.0247
73	137	0.984504
73	161	1.00008
73	166	0.99881
73	168	0.950904
73	173	1.00747
73	177	0.978759
73	179	0.974129
73	180	0.969782
74	64	0.955422
74	85	0.910477
74	94	0.919375
74	101	1.07196
74	104	0.919182
74	113	0.927876
74	126	0.941595
74	135	0.940916
74	136	0.877358
74	138	0.942515
74	148	1.10322
74	152	0.937211
74	163	1.16769
74	165	1.14515
74	167	1.14536
74	173	0.928072
74	179	1.1745
75	3	1.03181
75	23	0.967721
75	41	1.06835
75	62	1.08224
75	63	1.02445
75	89	1.04555
75	104	0.991483
75	110	1.0296
75	112	0.953801
75	149	1.00337
75	158	0.969851
75	165	0.953781
75	169	0.955423
75	170	0.965781
75	175	0.980294
75	176	0.997943
75	177	0.987764
76	7	1.05086
76	36	1.07014
76	41	0.980597
76	48	1.0196
76	80	1.00411
76	81	1.01435
76	107	0.984542
76	112	0.951321
76	120	0.973459
76	132	0.96854
76	139	1.02515
76	142	1.0007
76	144	1.02599
76	146	1.01401
76	156	1.01599
76	165	0.951301
76	172	0.957335
77	2	0.9718
77	44	1.14289
77	87	0.919527
77	115	0.943548
77	120	0.88037
77	130	0.920253
77	142	0.907614
77	144	0.932896
77	149	1.13543
77	150	1.14037
77	154	1.15649
77	156	0.9229
77	164	0.941954
77	165	1.11232
77	175	0.9295
77	176	0.929638
77	178	1.11883
78	58	1.00565
78	66	0.975728
78	79	1.02499
78	83	1.02534
78	91	0.993954
78	124	1.00452
78	125	1.03734
78	129	1.02754
78	131	1.05912
78	149	0.956145
78	153	1.04581
78	162	0.983052
78	169	1.02112
78	170	0.945035
78	175	0.959548
78	176	0.977196
78	177	0.967018
79	1	1.02595
79	43	1.01259
79	66	0.926344
79	72	1.02671
79	78	1.02499
79	83	0.975959
79	84	0.977082
79	91	0.94457
79	97	1.01682
79	109	0.955367
79	124	0.955136
79	129	0.97816
79	131	1.00974
79	133	1.04912
79	162	1.04662
79	163	1.01915
79	175	1.02312
79	176	1.04076
80	25	0.971401
80	47	0.986241
80	76	1.00411
80	95	0.990074
80	115	0.996601
80	116	1.01018
80	127	1.07664
80	130	0.973307
80	132	1.03933
80	139	0.985116
80	141	0.970338
80	142	0.960668
80	146	0.973972
80	148	0.98017
80	156	0.975954
80	167	1.02231
80	169	1.11017
80	175	0.982553
81	2	0.973433
81	3	1.02402
81	76	1.01435
81	87	1.05183
81	95	1.01935
81	118	0.963563
81	119	1.00414
81	121	0.986373
81	129	1.06574
81	130	1.04652
81	152	0.990355
81	160	0.978682
81	161	0.973829
81	172	0.988034
81	173	0.981216
81	177	0.974635
81	179	0.976348
81	180	0.98283
82	30	0.969785
82	46	1.04798
82	129	1.06081
82	131	1.01156
82	142	1.048
82	157	0.9626
82	159	0.966337
82	164	1.00725
82	165	0.995958
82	166	1.04822
82	167	0.989519
82	168	0.998391
82	172	0.990605
82	174	0.972273
82	177	0.977207
82	178	0.982789
82	179	0.978919
82	180	0.985402
83	43	1.02158
83	45	1.00536
83	55	0.961409
83	58	0.956619
83	66	0.9267
83	70	1.01779
83	72	1.02707
83	78	1.02534
83	79	0.975959
83	84	0.977438
83	124	0.955492
83	129	0.978516
83	131	1.0101
83	162	1.05561
83	168	1.01172
83	170	1.0176
83	174	1.04714
83	179	1.03495
84	45	1.00649
84	55	0.962532
84	72	1.02819
84	79	0.977082
84	83	0.977438
84	91	0.946049
84	109	0.956846
84	119	1.0657
84	124	0.956615
84	129	0.979639
84	131	1.01122
84	153	0.997907
84	154	1.02593
84	155	1.06416
84	165	0.981757
84	169	1.06984
84	175	1.00827
84	178	0.988268
85	21	0.943358
85	32	0.931605
85	57	1.06715
85	62	1.06054
85	74	0.910477
85	89	1.02385
85	94	0.969969
85	97	1.02284
85	104	0.969776
85	110	1.0079
85	140	0.999678
85	149	0.981664
85	157	1.06402
85	162	1.05264
85	168	1.00875
85	169	0.933717
85	170	1.01463
85	176	1.04679
86	31	0.98585
86	34	1.02123
86	36	1.05661
86	49	0.970156
86	68	0.998199
86	111	1.00532
86	118	0.957363
86	133	1.06872
86	135	0.987859
86	137	0.95205
86	148	0.974281
86	155	0.993971
86	160	0.972482
86	163	1.03875
86	166	0.966356
86	172	1.02224
86	173	0.975016
86	176	1.06037
87	43	1.00477
87	46	0.989976
87	47	0.994744
87	77	0.919527
87	81	1.05183
87	95	0.998577
87	130	0.98181
87	139	0.993619
87	142	0.969171
87	144	0.994452
87	146	0.982475
87	148	0.946864
87	156	0.984456
87	161	1.11499
87	168	0.994915
87	169	1.07687
87	176	0.991194
87	180	1.01379
88	31	0.85515
88	49	1.07842
88	113	1.08309
88	133	0.938016
88	137	1.06032
88	143	1.11125
88	148	0.84358
88	151	0.970033
88	155	1.10224
88	161	1.0759
88	165	0.885503
88	166	1.07462
88	169	1.03833
88	170	1.09255
88	172	0.891537
88	173	1.08328
88	179	0.914856
88	180	0.910509
89	21	1.00613
89	23	1.00879
89	29	0.785604
89	32	0.99438
89	43	0.9604
89	62	1.12331
89	63	1.06552
89	75	1.04555
89	85	1.02385
89	94	1.03275
89	104	1.03255
89	110	1.07067
89	151	1.02895
89	169	0.996493
89	170	0.956416
89	171	0.943124
89	175	0.970929
89	176	0.988578
89	179	0.97377
90	21	1.09349
90	109	1.1507
90	110	1.04201
90	121	1.06351
90	124	1.1241
90	137	0.929461
90	138	1.05763
90	139	0.957373
90	146	0.946228
90	152	1.06117
90	155	0.971382
90	156	0.94821
90	160	0.949893
90	166	0.943767
90	175	0.95481
90	177	0.945846
90	178	0.951429
90	179	0.947559
90	180	0.954041
91	1	0.994914
91	29	0.912378
91	55	0.930021
91	58	0.92523
91	66	0.895312
91	72	0.995677
91	78	0.993954
91	79	0.94457
91	84	0.946049
91	109	0.924335
91	124	0.924104
91	129	0.947128
91	131	0.978707
91	150	1.09924
91	168	1.07732
91	173	1.19062
91	174	1.11273
91	175	1.0977
91	176	1.11535
92	22	0.935479
92	59	0.922384
92	63	1.07737
92	64	0.976823
92	123	0.919071
92	135	0.962317
92	141	1.03444
92	143	0.977443
92	154	1.13036
92	155	0.968428
92	158	1.10227
92	160	0.946939
92	161	0.942086
92	165	1.0862
92	166	0.940813
92	170	0.958743
92	171	1.0849
92	172	1.09223
92	173	0.949473
93	4	1.1544
93	50	0.952373
93	68	0.915641
93	71	0.928132
93	99	0.864667
93	138	0.907657
93	158	1.04891
93	159	1.02016
93	163	1.03447
93	164	0.915602
93	166	0.956568
93	167	1.04334
93	171	1.04298
93	172	1.04443
93	174	1.0261
93	177	1.03103
93	178	1.03661
93	179	1.03274
93	180	1.03922
94	3	1.019
94	8	0.984516
94	23	0.954913
94	33	0.906752
94	37	1.14274
94	41	1.05554
94	46	0.988868
94	56	1.06706
94	57	1.07605
94	62	1.06943
94	74	0.919375
94	85	0.969969
94	89	1.03275
94	110	1.0168
94	147	0.899884
94	149	0.990562
94	159	1.01766
94	167	0.958855
94	170	0.97064
94	178	0.965152
95	25	0.997397
95	65	1.0349
95	80	0.990074
95	81	1.01935
95	87	0.998577
95	100	1.03167
95	114	0.985517
95	120	0.959419
95	130	0.999303
95	139	1.01111
95	140	0.953351
95	142	0.986664
95	144	1.01195
95	146	0.999968
95	156	1.00195
95	161	1.0825
95	176	1.00869
95	177	0.990283
95	178	0.962811
95	180	0.981306
96	10	1.019
96	16	1.02353
96	20	0.973773
96	43	0.999421
96	50	0.993469
96	53	1.00175
96	64	1.01958
96	126	1.08624
96	143	1.0202
96	145	0.998364
96	147	0.924681
96	158	0.999507
96	160	0.989695
96	161	0.984841
96	166	0.983569
96	171	0.982145
96	172	0.989472
96	173	0.992228
96	177	1.01742
96	180	1.00844
97	13	1.0213
97	39	1.04518
97	65	0.945969
97	79	1.01682
97	85	1.02284
97	109	1.05449
97	110	0.945797
97	117	0.986433
97	129	1.02291
97	135	1.00649
97	136	0.94293
97	138	1.00809
97	143	1.02161
97	146	0.993389
97	152	1.00278
97	156	0.991469
97	171	0.999014
97	174	0.98213
97	179	0.988776
97	180	0.995259
98	19	0.978938
98	35	1.0596
98	69	0.936618
98	108	0.960047
98	119	1.02758
98	121	1.00982
98	126	1.01819
98	136	0.95395
98	138	1.01911
98	149	1.00032
98	152	1.0138
98	153	1.01516
98	157	1.0386
98	165	0.977214
98	168	0.983342
98	170	0.989214
98	175	1.00373
98	176	1.00719
98	177	1.0112
98	179	1.00657
99	39	1.09494
99	93	0.864667
99	102	1.05546
99	103	1.0589
99	111	1.0737
99	114	0.927421
99	117	1.0157
99	125	0.938666
99	133	0.950717
99	137	1.02043
99	143	1.07137
99	145	1.04953
99	150	0.926252
99	159	0.957225
99	160	1.04086
99	164	1.05823
99	166	1.03474
99	168	0.904332
99	169	0.998446
99	173	1.0434
99	180	0.92321
100	33	1.17034
100	45	0.990545
100	47	1.04269
100	53	1.02734
100	95	1.03167
100	109	0.940905
100	115	1.01171
100	129	0.963698
100	131	0.995277
100	136	0.920756
100	145	1.03699
100	152	0.980609
100	153	0.981966
100	155	1.0089
100	166	1.06548
100	167	0.977202
100	176	0.973992
100	177	0.96489
100	178	0.970473
100	179	0.966602
100	180	0.973085
101	60	0.840114
101	74	1.07196
101	113	0.892166
101	118	0.964536
101	123	0.973381
101	136	1.00158
101	143	0.854362
101	150	1.05292
101	157	1.03183
101	159	1.03557
101	162	1.04535
101	164	0.875948
101	165	1.06519
101	166	0.916914
101	167	1.05875
101	168	1.06762
101	174	1.04151
101	177	1.04644
101	178	1.05202
101	179	1.04815
101	180	1.05463
102	17	0.980111
102	52	1.00814
102	53	1.01785
102	70	0.974509
102	99	1.05546
102	103	1.02382
102	111	1.03863
102	114	0.991531
102	123	0.977922
102	128	1.02555
102	135	1.02117
102	143	1.03629
102	147	0.903558
102	158	0.978383
102	159	1.02134
102	160	1.00579
102	161	1.00094
102	167	0.962528
102	172	0.968348
102	173	1.00832
102	174	1.00385
102	176	1.00647
103	48	0.993809
103	64	1.03911
103	99	1.0589
103	102	1.02382
103	105	1.00969
103	135	1.02461
103	137	0.988796
103	141	0.911858
103	145	1.0179
103	149	1.01476
103	154	1.00778
103	162	1.01363
103	164	1.0266
103	166	1.0031
103	168	0.96974
103	169	0.966812
103	171	0.96232
103	172	0.969647
103	173	1.01176
103	175	1.01414
103	179	0.992965
103	180	0.988618
104	3	1.01881
104	21	0.952063
104	26	1.10305
104	32	0.94031
104	33	0.906559
104	41	1.05534
104	46	0.988675
104	57	1.07586
104	74	0.919182
104	75	0.991483
104	85	0.969776
104	89	1.03255
104	110	1.0166
104	127	1.02194
104	132	0.984627
104	149	0.990369
104	153	1.06964
104	165	0.967388
104	166	1.10637
104	169	0.942422
104	171	0.966096
104	175	0.993902
104	180	0.992395
105	10	1.02097
105	11	0.895883
105	16	1.02549
105	17	0.96598
105	26	0.977793
105	48	1.03848
105	53	1.00372
105	103	1.00969
105	116	0.996371
105	137	0.971227
105	141	0.956532
105	144	1.10201
105	145	1.00033
105	148	0.966363
105	155	1.01315
105	157	1.06968
105	161	0.986805
105	163	1.03083
105	166	0.985533
105	169	0.949242
105	173	0.994192
105	178	1.0148
105	180	1.03329
106	14	0.999773
106	31	0.955546
106	35	1.03987
106	49	1.11193
106	69	0.91689
106	71	1.0141
106	108	0.940319
106	117	0.977726
106	119	1.00786
106	121	0.990094
106	126	0.99846
106	127	1.04045
106	134	1.01072
106	136	0.934222
106	138	0.99938
106	152	0.994076
106	164	0.999774
106	167	0.986114
106	169	1.07398
106	170	0.997899
106	175	1.01241
106	176	0.987458
106	177	1.01988
107	50	1.01915
107	76	0.984542
107	120	1.09584
107	136	1.10801
107	139	0.982402
107	143	0.960793
107	146	1.00641
107	151	0.959829
107	157	0.966902
107	158	0.999391
107	159	0.970639
107	161	1.01056
107	165	1.00026
107	166	1.02334
107	167	0.993821
107	168	1.00269
107	171	0.993458
107	172	0.994907
107	174	0.976575
107	177	0.981509
107	178	0.987091
107	179	0.983221
107	180	0.989704
108	27	1.07809
108	51	0.959108
108	56	1.1393
108	67	0.975093
108	69	0.883598
108	71	0.980807
108	98	0.960047
108	106	0.940319
108	114	1.06009
108	117	0.944434
108	119	0.974565
108	121	0.956802
108	126	0.965168
108	136	0.90093
108	138	0.966088
108	149	1.05399
108	152	0.960784
108	168	1.037
108	169	1.11896
108	170	1.04288
108	176	0.954166
108	177	1.06486
108	178	1.03739
108	180	1.05588
109	29	0.875457
109	38	1.0221
109	45	0.984772
109	55	0.940818
109	56	1.14269
109	58	0.936027
109	66	0.906109
109	72	1.00647
109	79	0.955367
109	84	0.956846
109	90	1.1507
109	91	0.924335
109	97	1.05449
109	100	0.940905
109	114	1.06349
109	124	0.934901
109	125	0.967726
109	129	0.957925
109	131	0.989504
109	152	1.12788
109	153	0.976193
109	158	1.05034
109	175	1.06078
109	176	1.07843
110	3	1.05693
110	21	0.990185
110	23	0.992842
110	24	1.02333
110	32	0.978432
110	33	0.944681
110	41	1.09347
110	57	1.11398
110	62	1.10736
110	75	1.0296
110	85	1.0079
110	89	1.07067
110	90	1.04201
110	94	1.0168
110	97	0.945797
110	104	1.0166
110	134	0.950403
110	147	0.866824
110	157	0.986968
110	169	0.980544
110	170	0.937579
110	172	0.931614
110	176	0.969741
110	179	0.954933
111	17	0.998356
111	34	1.07278
111	68	1.04975
111	86	1.00532
111	99	1.0737
111	102	1.03863
111	112	0.938254
111	123	0.996166
111	125	0.978697
111	134	0.963058
111	135	1.03941
111	142	1.077
111	147	0.879479
111	150	0.966283
111	155	1.04552
111	160	1.02404
111	161	1.01918
111	168	0.944363
111	169	0.981619
111	171	0.936942
111	172	0.944269
111	173	1.02657
111	175	1.02895
111	176	0.982396
112	57	0.912596
112	75	0.953801
112	76	0.951321
112	111	0.938254
112	120	1.06262
112	131	0.953463
112	135	0.968841
112	143	0.927572
112	154	1.0083
112	155	0.933544
112	157	1.01079
112	159	1.01452
112	162	1.0243
112	165	1.04414
112	166	0.990124
112	167	1.03771
112	168	1.04658
112	171	1.03734
112	172	1.03879
112	174	1.02046
112	177	1.02539
112	178	1.03098
112	179	1.02711
112	180	1.03359
113	10	1.02284
113	20	0.977612
113	26	0.979667
113	50	0.997308
113	59	0.968977
113	73	1.00727
113	74	0.927876
113	88	1.08309
113	101	0.892166
113	142	1.10412
113	143	1.02404
113	145	1.0022
113	155	1.01502
113	156	1.08549
113	161	0.988679
113	162	1.01537
113	164	1.0109
113	165	0.965356
113	168	0.971484
113	173	0.996067
113	174	1.0069
113	175	0.99845
113	177	0.999339
113	178	0.971867
113	179	0.994709
114	73	0.973994
114	95	0.985517
114	99	0.927421
114	102	0.991531
114	108	1.06009
114	109	1.06349
114	115	0.965551
114	146	1.00239
114	154	0.977795
114	157	0.980281
114	158	1.01277
114	160	1.02577
114	162	0.993799
114	163	0.998329
114	165	1.01364
114	167	1.0072
114	168	1.01607
114	171	1.00684
114	172	1.00829
114	173	0.999768
114	174	0.989954
114	177	0.994888
114	178	1.00047
114	179	0.9966
114	180	1.00308
115	4	0.909357
115	36	1.06262
115	46	1.014
115	77	0.943548
115	80	0.996601
115	100	1.01171
115	114	0.965551
115	120	0.965946
115	130	1.00583
115	134	0.961157
115	137	1.0939
115	139	1.01764
115	142	0.993191
115	144	1.01847
115	146	1.0065
115	149	0.959444
115	156	1.00848
115	157	0.997723
115	164	1.02753
115	169	1.02441
115	173	1.05576
115	175	1.01508
115	176	1.01521
115	177	0.970317
115	179	0.965687
116	11	1.19101
116	80	1.01018
116	105	0.996371
116	120	1.05068
116	121	0.935165
116	154	0.977545
116	155	0.921609
116	158	1.01252
116	159	0.983769
116	160	0.984638
116	161	0.965409
116	162	0.99355
116	163	0.998079
116	165	1.01339
116	166	0.978189
116	167	1.00695
116	168	1.01582
116	171	1.00659
116	172	1.00804
116	173	0.958635
116	174	0.989704
116	177	0.994638
116	178	1.00022
116	179	0.996351
116	180	1.00283
117	27	1.1155
117	35	1.04399
117	48	0.98844
117	50	1.10341
117	51	0.996514
117	71	1.01821
117	97	0.986433
117	99	1.0157
117	106	0.977726
117	108	0.944434
117	126	1.00257
117	132	0.9907
117	136	0.938337
117	138	1.00349
117	141	0.916866
117	152	0.99819
117	154	1.01279
117	163	0.991164
117	164	1.00389
117	167	0.968835
117	174	1.01016
117	175	0.995133
117	176	0.991572
117	177	1.0026
117	180	0.993626
118	22	0.964616
118	54	0.942699
118	81	0.963563
118	86	0.957363
118	101	0.964536
118	123	0.948207
118	135	0.991453
118	137	0.955644
118	141	0.985971
118	143	1.00658
118	145	0.984745
118	147	0.97897
118	149	0.981606
118	150	1.06577
118	155	0.997564
118	158	1.0538
118	160	0.976076
118	164	0.993446
118	166	0.96995
118	170	0.987879
118	173	0.978609
118	174	1.07927
118	176	1.08189
118	177	1.07171
118	179	1.06708
118	180	1.06273
119	19	0.993456
119	51	1.02665
119	60	0.997244
119	67	1.04263
119	69	0.951136
119	81	1.00414
119	84	1.0657
119	98	1.02758
119	106	1.00786
119	108	0.974565
119	121	1.02434
119	126	1.03271
119	132	1.02083
119	136	0.968468
119	138	1.03363
119	152	1.02832
119	153	1.02968
119	157	0.99645
119	159	0.994083
119	162	0.985079
119	164	1.03402
119	165	0.935061
119	169	1.02314
119	170	0.947061
119	175	0.961575
119	178	0.941573
119	179	0.964415
120	28	0.935965
120	30	1.00848
120	65	0.978251
120	76	0.973459
120	77	0.88037
120	95	0.959419
120	107	1.09584
120	112	1.06262
120	115	0.965946
120	116	1.05068
120	122	1.01906
120	130	0.942652
120	139	0.954461
120	142	0.930013
120	143	1.13903
120	144	0.955294
120	146	0.943317
120	156	0.945299
120	157	1.12399
120	164	0.964352
120	165	1.0626
120	170	0.958785
120	172	1.06863
120	175	0.951898
120	176	0.952036
120	177	1.09658
120	180	1.0876
121	14	1.01626
121	19	0.975693
121	27	1.12787
121	35	1.05635
121	42	0.906507
121	51	1.00888
121	56	1.0555
121	67	1.02487
121	71	1.03058
121	81	0.986373
121	90	1.06351
121	98	1.00982
121	106	0.990094
121	108	0.956802
121	116	0.935165
121	119	1.02434
121	126	1.01494
121	136	0.950705
121	137	1.10465
121	138	1.01586
121	147	0.888324
121	152	1.01056
121	162	0.997098
121	163	0.969624
121	170	0.95908
121	175	0.973593
121	178	0.953591
122	10	0.93364
122	16	0.932037
122	30	0.868135
122	35	0.867734
122	40	0.87588
122	49	0.933613
122	120	1.01906
122	130	0.939934
122	136	1.03124
122	145	0.918077
122	151	1.02668
122	154	1.03127
122	156	0.927716
122	157	1.03375
122	159	1.03749
122	162	1.04727
122	163	1.0518
122	165	1.06711
122	166	0.946569
122	167	1.06067
122	168	1.06954
122	171	1.06031
122	172	1.06176
122	174	1.04343
122	177	1.04836
122	178	1.05394
122	179	1.05007
122	180	1.05655
123	20	0.947405
123	26	0.94946
123	40	1.01711
123	53	0.975387
123	54	0.92995
123	92	0.919071
123	101	0.973381
123	102	0.977922
123	111	0.996166
123	118	0.948207
123	125	1.08703
123	135	0.978704
123	137	0.942894
123	140	1.04362
123	143	0.99383
123	145	0.971996
123	147	0.987815
123	154	1.09074
123	155	0.984815
123	160	0.963326
123	162	1.09659
123	164	0.980697
123	166	0.9572
123	168	1.0527
123	173	0.96586
123	177	1.08055
123	178	1.05308
123	179	1.07592
123	180	1.07158
124	1	1.00548
124	6	1.01075
124	45	0.984541
124	55	0.940586
124	58	0.935796
124	63	0.98954
124	66	0.905877
124	72	1.00624
124	78	1.00452
124	79	0.955136
124	83	0.955492
124	84	0.956615
124	90	1.1241
124	91	0.924104
124	109	0.934901
124	125	0.967494
124	127	1.06222
124	129	0.957693
124	131	0.989272
124	153	0.975961
124	156	1.1278
124	163	1.03021
124	169	1.09575
124	170	1.01967
124	172	1.0137
124	175	1.03418
124	176	1.05183
124	178	1.01418
124	179	1.03702
125	1	1.0383
125	17	1.04017
125	34	0.948285
125	41	0.92088
125	73	0.985238
125	78	1.03734
125	99	0.938666
125	109	0.967726
125	111	0.978697
125	123	1.08703
125	124	0.967494
125	129	0.990518
125	131	1.0221
125	135	1.00928
125	137	1.04915
125	138	0.981655
125	142	0.978789
125	144	1.00407
125	146	0.992092
125	156	0.994074
125	160	1.03702
125	161	1.01779
125	164	1.01313
125	168	1.01289
125	172	1.00511
125	174	0.986776
125	175	1.00067
125	177	0.99171
125	178	0.997293
125	180	0.999905
126	6	0.998911
126	8	0.979797
126	12	0.910092
126	17	1.10251
126	18	0.857032
126	35	1.06472
126	44	0.984497
126	69	0.941739
126	71	1.03895
126	74	0.941595
126	96	1.08624
126	98	1.01819
126	106	0.99846
126	108	0.965168
126	117	1.00257
126	119	1.03271
126	121	1.01494
126	132	1.01143
126	136	0.959071
126	138	1.02423
126	150	0.98197
126	152	1.01892
126	153	1.02028
126	164	1.02462
126	169	1.042
126	170	0.965921
126	171	0.952629
126	173	1.07335
126	175	0.980434
126	176	1.01231
127	6	0.950662
127	47	1.02187
127	71	1.01622
127	80	1.07664
127	104	1.02194
127	106	1.04045
127	124	1.06222
127	136	1.12932
127	145	1.01616
127	148	1.03197
127	150	0.97967
127	151	0.951511
127	153	1.00793
127	154	0.956097
127	156	1.0258
127	157	0.958583
127	158	0.991072
127	159	0.962321
127	162	0.972101
127	163	0.976631
127	165	0.991941
127	167	0.985502
127	168	0.994374
127	171	0.98514
127	172	0.986588
127	173	1.0251
127	174	0.968256
127	177	0.97319
127	178	0.978772
127	179	0.974902
127	180	0.981385
128	11	0.915181
128	13	1.04115
128	17	0.985278
128	18	0.867697
128	20	0.995036
128	37	1.14869
128	40	1.06474
128	73	1.0247
128	102	1.02555
128	132	1.01514
128	135	1.02633
128	137	0.990526
128	141	0.912832
128	153	1.02399
128	155	1.03245
128	157	1.02598
128	158	0.980656
128	161	1.0061
128	163	0.987131
128	164	1.02833
128	165	0.964587
128	166	1.00483
128	167	0.964802
128	169	0.968541
128	170	1.02276
128	173	1.01349
128	175	1.01587
128	176	1.00875
128	177	0.99857
128	178	0.971098
128	179	0.99394
128	180	0.989593
129	1	1.0285
129	6	1.03377
129	29	0.843881
129	38	1.04489
129	45	1.00757
129	55	0.963611
129	58	0.95882
129	63	1.01256
129	66	0.928902
129	72	1.02927
129	78	1.02754
129	79	0.97816
129	81	1.06574
129	82	1.06081
129	83	0.978516
129	84	0.979639
129	91	0.947128
129	97	1.02291
129	100	0.963698
129	109	0.957925
129	124	0.957693
129	125	0.990518
129	131	1.0123
129	132	1.01993
129	144	1.09642
129	153	0.998986
129	168	1.00882
129	170	1.01469
129	171	1.0014
129	172	1.00873
129	175	1.02921
129	178	1.0092
129	180	1.0277
130	2	1.03408
130	5	1.0389
130	28	0.975849
130	47	0.99547
130	65	1.01813
130	77	0.920253
130	80	0.973307
130	81	1.04652
130	87	0.98181
130	95	0.999303
130	115	1.00583
130	120	0.942652
130	122	0.939934
130	139	0.994345
130	142	0.969897
130	144	0.995178
130	146	0.983201
130	147	0.924714
130	149	1.00658
130	153	1.08573
130	156	0.985182
130	157	1.04486
130	159	1.04249
130	162	1.03349
130	164	1.00424
130	167	0.983684
130	169	1.07155
130	170	0.998669
130	174	1.02501
130	175	0.991782
130	176	0.99192
130	177	1.01745
130	178	0.989981
131	1	1.06008
131	6	1.06535
131	38	1.07647
131	45	1.03914
131	55	0.99519
131	58	0.990399
131	63	1.04414
131	66	0.960481
131	72	1.06085
131	78	1.05912
131	79	1.00974
131	82	1.01156
131	83	1.0101
131	84	1.01122
131	91	0.978707
131	100	0.995277
131	109	0.989504
131	112	0.953463
131	124	0.989272
131	125	1.0221
131	129	1.0123
131	141	0.901688
131	148	0.911519
131	149	0.976553
131	150	0.981491
131	153	1.03056
131	158	0.969512
131	169	1.04152
131	170	0.965442
131	172	0.959477
131	175	0.979956
131	176	0.997604
131	177	0.987425
131	180	0.978449
132	7	0.945897
132	30	0.928909
132	33	1.1122
132	45	0.997797
132	47	0.984557
132	60	1.07115
132	66	1.10623
132	72	0.948927
132	76	0.96854
132	80	1.03933
132	104	0.984627
132	117	0.9907
132	119	1.02083
132	126	1.01143
132	128	1.01514
132	129	1.01993
132	136	0.947197
132	137	0.974946
132	138	1.01235
132	142	1.00712
132	144	0.962088
132	145	1.00405
132	146	0.99041
132	152	1.00705
132	160	0.995377
132	162	0.990242
132	166	0.989252
132	172	1.00473
132	173	0.997911
132	174	0.986397
132	176	1.00043
132	177	0.991331
132	178	0.996913
132	179	0.993043
132	180	0.999526
133	32	1.18528
133	59	1.10768
133	79	1.04912
133	86	1.06872
133	88	0.938016
133	99	0.950717
133	135	1.02133
133	139	1.00168
133	140	0.993738
133	141	1.02101
133	142	1.0424
133	145	1.01413
133	146	1.02568
133	147	1.04828
133	148	1.02865
133	150	0.976352
133	151	0.948193
133	152	0.997251
133	154	0.952779
133	155	0.986038
133	157	0.955265
133	158	0.987755
133	159	0.959003
133	162	0.968784
133	163	0.973313
133	164	1.00165
133	165	0.988624
133	167	0.982184
133	168	0.991057
133	171	0.981822
133	172	0.983271
133	174	0.964938
133	177	0.969872
133	178	0.975455
133	179	0.971585
133	180	0.978067
134	5	0.936746
134	22	1.05125
134	34	0.932647
134	50	1.01073
134	51	0.989913
134	69	1.13508
134	72	0.956512
134	106	1.01072
134	110	0.950403
134	111	0.963058
134	115	0.961157
134	140	1.02101
134	141	1.04828
134	145	0.986435
134	147	1.07556
134	148	1.05592
134	150	1.00362
134	151	0.975466
134	153	0.978201
134	154	0.980052
134	155	0.958348
134	157	0.982538
134	158	1.01503
134	159	0.986276
134	162	0.996056
134	163	1.00059
134	164	0.973962
134	165	1.0159
134	167	1.00946
134	168	1.01833
134	171	1.00909
134	172	1.01054
134	174	0.992211
134	177	0.997145
134	178	1.00273
134	179	0.998858
134	180	1.00534
135	34	1.05532
135	40	1.06035
135	42	0.928248
135	49	1.00425
135	63	0.959999
135	74	0.940916
135	86	0.987859
135	92	0.962317
135	97	1.00649
135	102	1.02117
135	103	1.02461
135	111	1.03941
135	112	0.968841
135	118	0.991453
135	123	0.978704
135	125	1.00928
135	128	1.02633
135	133	1.02133
135	137	0.98614
135	143	1.03708
135	147	0.910065
135	149	1.0121
135	151	1.05335
135	153	1.0196
135	155	1.02806
135	158	0.98489
135	160	1.00657
135	161	1.00172
135	162	1.01884
135	166	1.00045
135	171	0.967529
135	173	1.00911
135	174	1.01036
135	176	1.01298
135	178	0.975332
135	179	0.998174
135	180	0.993827
136	14	0.960384
136	19	0.919822
136	27	1.072
136	35	1.00048
136	38	1.04445
136	42	1.0342
136	51	0.953011
136	67	0.968996
136	69	0.877502
136	71	0.97471
136	74	0.877358
136	97	0.94293
136	98	0.95395
136	100	0.920756
136	101	1.00158
136	106	0.934222
136	107	1.10801
136	108	0.90093
136	117	0.938337
136	119	0.968468
136	121	0.950705
136	122	1.03124
136	126	0.959071
136	127	1.12932
136	132	0.947197
136	138	0.959991
136	149	1.09788
136	152	0.954687
136	153	0.956043
136	159	1.13379
136	164	0.960385
136	167	1.07499
136	169	1.16285
136	170	1.08677
136	175	1.10129
136	176	0.948069
136	179	1.10413
136	180	1.09978
137	11	0.874987
137	39	1.02484
137	59	0.946208
137	73	0.984504
137	86	0.95205
137	88	1.06032
137	90	0.929461
137	99	1.02043
137	103	0.988796
137	105	0.971227
137	115	1.0939
137	118	0.955644
137	121	1.10465
137	123	0.942894
137	125	1.04915
137	128	0.990526
137	132	0.974946
137	135	0.98614
137	140	1.00574
137	151	1.09322
137	153	0.983792
137	154	1.05286
137	155	0.992252
137	158	1.02476
137	160	0.970763
137	161	0.96591
137	163	1.03123
137	164	0.988134
137	165	1.00869
137	166	0.964637
137	168	1.01482
137	170	0.982567
137	171	1.00739
137	172	1.01472
137	173	0.973297
137	175	0.97568
137	177	1.04267
137	179	1.03804
137	180	1.03369
138	14	1.02554
