1	3	0.686797
1	7	0.685986
1	12	0.688451
1	47	0.68679
1	48	0.733684
1	55	0.777478
1	57	0.653953
1	110	0.744354
1	117	0.684101
1	135	0.756217
1	151	3.15679
1	164	4.40189
2	10	0.721827
2	84	0.751172
2	108	0.686612
2	111	0.707426
2	120	0.749996
2	122	0.750006
2	128	1.44898
2	149	0.73207
2	150	0.73577
2	153	0.729543
2	169	6.39833
2	172	0.629303
3	1	0.686797
3	12	0.69021
3	33	0.737252
3	40	0.752206
3	47	0.688549
3	55	0.779237
3	57	0.655712
3	89	0.71083
3	104	2.05027
3	117	0.68586
3	135	0.757976
3	159	4.56865
4	19	0.691538
4	28	0.697496
4	30	0.756586
4	35	0.752041
4	51	0.742967
4	53	0.738212
4	61	0.726896
4	102	0.713569
4	129	6.13624
4	147	1.45663
4	171	0.694494
4	176	0.68602
5	8	0.699132
5	28	0.695016
5	30	0.754106
5	35	0.749561
5	42	0.750486
5	51	0.740487
5	61	0.724416
5	76	3.8439
5	102	0.711089
5	104	2.72793
5	171	0.692014
5	176	0.68354
6	52	0.740144
6	64	0.720134
6	100	1.64302
6	108	0.683849
6	110	0.75644
6	111	0.704662
6	120	0.747233
6	122	0.747243
6	133	0.746758
6	149	0.729307
6	172	0.626539
6	174	6.47531
7	1	0.685986
7	12	0.689399
7	33	0.736441
7	40	0.751395
7	47	0.687738
7	48	0.734632
7	55	0.778426
7	57	0.654901
7	104	2.80376
7	117	0.685049
7	135	0.757165
7	142	3.8295
8	5	0.699132
8	28	0.692305
8	30	0.751395
8	35	0.74685
8	42	0.747774
8	44	4.14206
8	51	0.737775
8	53	0.73302
8	61	0.721704
8	130	3.10517
8	171	0.689302
8	176	0.680829
9	62	3.07996
9	67	0.672027
9	71	0.718172
9	78	0.718168
9	130	0.725764
9	138	0.666715
9	164	0.633227
9	171	0.655925
9	173	0.604998
9	177	0.589009
9	178	0.587874
9	180	0.627752
10	2	0.721827
10	66	0.78057
10	83	0.658899
10	86	2.25806
10	108	0.693702
10	111	0.714516
10	120	0.757087
10	122	0.757096
10	149	0.73916
10	153	0.736633
10	158	4.40141
10	172	0.636393
11	15	0.690572
11	22	0.679004
11	37	0.743901
11	56	0.711777
11	67	0.705778
11	69	0.836128
11	71	0.751922
11	78	0.751919
11	140	2.85021
11	143	4.47525
11	164	0.666978
11	180	0.661502
12	1	0.688451
12	3	0.69021
12	7	0.689399
12	40	0.645311
12	47	1.19065
12	48	0.628547
12	57	0.657366
12	74	0.623747
12	110	0.747767
12	135	0.651081
12	166	3.28992
12	177	9.02119
13	18	0.722953
13	21	0.716456
13	24	0.715142
13	26	0.726016
13	31	0.708691
13	39	0.786566
13	43	0.763091
13	49	0.655607
13	58	0.70279
13	62	0.702782
13	119	0.797953
13	121	5.62172
14	18	0.717544
14	21	0.711048
14	24	0.709733
14	31	0.703282
14	36	0.774798
14	39	0.781157
14	43	0.757682
14	49	0.650198
14	58	0.697381
14	62	0.697373
14	136	2.84996
14	165	4.86037
15	11	0.690572
15	37	0.737306
15	41	0.732202
15	56	0.705182
15	67	0.699183
15	69	0.829533
15	71	0.745327
15	72	4.26212
15	78	0.745324
15	86	2.39713
15	164	0.660383
15	180	0.654907
16	18	0.783581
16	21	0.777084
16	24	0.77577
16	26	0.786644
16	31	0.769319
16	36	0.840835
16	43	0.823719
16	49	0.716235
16	58	0.763418
16	62	0.76341
16	112	1.90284
16	135	2.52939
16	172	6.73149
17	29	0.703985
17	70	0.649983
17	100	0.745505
17	103	3.4389
17	156	0.637289
17	160	0.653208
17	161	0.690082
17	169	0.629585
17	174	0.629515
17	175	0.619739
17	177	0.608393
17	178	0.607258
17	179	0.623892
18	13	0.722953
18	14	0.717544
18	16	0.783581
18	24	0.692096
18	26	0.702971
18	31	0.685645
18	39	0.76352
18	43	0.740045
18	49	0.632561
18	58	0.679744
18	62	0.679736
18	75	4.43459
18	162	4.02063
19	4	0.691538
19	28	0.68223
19	30	0.74132
19	35	0.736775
19	42	0.7377
19	51	0.727701
19	53	0.722946
19	61	0.71163
19	102	0.698303
19	117	3.93346
19	138	4.01476
19	171	0.679228
19	176	0.670754
20	70	0.65311
20	83	4.57493
20	118	0.715549
20	125	0.652408
20	144	0.624577
20	158	0.701191
20	161	0.693209
20	169	0.632712
20	170	0.630783
20	175	0.622866
20	177	0.61152
20	178	0.610385
20	180	0.650263
21	13	0.716456
21	14	0.711048
21	16	0.777084
21	24	0.685599
21	26	0.696474
21	36	0.750665
21	39	0.757023
21	43	0.733548
21	49	0.626064
21	58	0.673248
21	62	0.67324
21	136	2.84661
21	180	5.4218
22	11	0.679004
22	34	0.715268
22	37	0.725738
22	41	0.720634
22	56	0.693615
22	67	0.687615
22	69	0.817965
22	71	0.73376
22	78	0.733756
22	118	3.78174
22	159	3.4027
22	164	0.648815
22	180	0.64334
23	54	0.710913
23	63	0.70259
23	65	0.705337
23	73	0.74079
23	96	0.727596
23	106	0.701528
23	107	0.751618
23	114	0.722417
23	116	0.711769
23	128	3.42555
23	138	0.689388
23	147	4.178
23	167	0.635244
24	13	0.715142
24	14	0.709733
24	16	0.77577
24	18	0.692096
24	21	0.685599
24	26	0.695159
24	31	0.677834
24	36	0.74935
24	39	0.755709
24	58	0.671933
24	62	0.671925
24	74	2.61959
24	180	6.00466
25	50	0.77852
25	59	0.770526
25	85	0.799479
25	88	0.791151
25	96	0.798415
25	99	1.76615
25	105	0.819417
25	114	0.793236
25	116	0.782588
25	138	0.760207
25	151	4.73229
25	158	2.78556
25	167	0.706063
26	13	0.726016
26	16	0.786644
26	18	0.702971
26	21	0.696474
26	24	0.695159
26	31	0.688708
26	36	0.760225
26	43	0.743109
26	49	0.635624
26	58	0.682808
26	62	0.6828
26	99	1.28799
26	167	6.37668
27	91	0.756776
27	92	0.791758
27	94	0.792013
27	95	0.792284
27	98	0.792936
27	128	1.92026
27	149	0.791074
27	150	0.794774
27	152	2.55277
27	153	0.788547
27	156	6.1145
27	159	0.767708
27	179	0.706047
28	4	0.697496
28	5	0.695016
28	8	0.692305
28	19	0.68223
28	30	0.747279
28	42	0.743658
28	51	0.73366
28	53	0.728905
28	61	0.717589
28	137	3.11
28	142	3.63874
28	171	0.685186
28	176	0.676713
29	17	0.703985
29	33	2.54539
29	110	0.0222519
29	121	0.746127
29	132	0.718172
29	141	0.742984
29	142	0.758101
29	143	0.752785
29	160	0.688759
29	169	0.665137
29	173	0.659933
29	174	0.665066
29	175	0.65529
29	178	0.642809
30	4	0.756586
30	5	0.754106
30	8	0.751395
30	19	0.74132
30	28	0.747279
30	35	0.801824
30	42	0.802748
30	53	0.787994
30	61	0.776678
30	143	2.17429
30	164	3.46043
30	165	5.22679
30	171	0.744276
30	176	0.735803
31	13	0.708691
31	14	0.703282
31	16	0.769319
31	18	0.685645
31	24	0.677834
31	26	0.688708
31	36	0.742899
31	39	0.749258
31	43	0.725783
31	49	0.618298
31	58	0.665482
31	62	0.665474
31	123	5.62206
31	148	2.93647
32	82	0.655119
32	91	0.775389
32	92	0.705893
32	94	0.706148
32	95	0.706418
32	97	0.720559
32	98	0.707071
32	143	1.32583
32	149	0.705209
32	150	0.708908
32	153	0.702681
32	159	0.681843
32	169	7.33969
32	179	0.620182
33	3	0.737252
33	7	0.736441
33	29	2.54539
33	40	0.800903
33	48	0.784139
33	55	0.827933
33	57	0.704409
33	74	0.779338
33	87	1.60312
33	89	0.759526
33	110	0.79481
33	117	0.734556
33	135	0.806672
33	141	3.64939
34	22	0.715268
34	37	0.780165
34	41	0.775061
34	56	0.748041
34	67	0.742042
34	69	0.872392
34	71	0.788186
34	78	0.788182
34	87	1.52944
34	101	0.789792
34	141	3.5757
34	161	4.13551
34	164	0.703242
34	180	0.697766
35	4	0.752041
35	5	0.749561
35	8	0.74685
35	19	0.736775
35	30	0.801824
35	42	0.798203
35	51	0.788205
35	53	0.78345
35	61	0.772134
35	100	1.66474
35	101	1.69717
35	167	6.65161
35	171	0.739731
35	176	0.731258
36	14	0.774798
36	16	0.840835
36	21	0.750665
36	24	0.74935
36	26	0.760225
36	31	0.742899
36	39	0.820774
36	43	0.797299
36	49	0.689815
36	58	0.736998
36	62	0.73699
36	137	1.45448
36	142	1.98322
36	152	4.99015
37	11	0.743901
37	15	0.737306
37	22	0.725738
37	34	0.780165
37	56	0.758511
37	67	0.752512
37	69	0.882862
37	71	0.798656
37	78	0.798653
37	126	6.86912
37	159	1.8433
37	164	0.713712
37	166	1.57272
37	180	0.708236
38	44	1.85794
38	60	0.780309
38	83	0.700772
38	84	0.800135
38	108	0.735576
38	111	0.756389
38	120	0.79896
38	122	0.798969
38	124	3.30183
38	127	4.85914
38	149	0.781034
38	150	0.784733
38	153	0.778506
38	172	0.678266
39	13	0.786566
39	14	0.781157
39	18	0.76352
39	21	0.757023
39	24	0.755709
39	31	0.749258
39	36	0.820774
39	43	0.803658
39	49	0.696174
39	58	0.743357
39	62	0.743349
39	101	2.14038
39	117	3.4428
39	176	3.9652
40	3	0.752206
40	7	0.751395
40	12	0.645311
40	33	0.800903
40	48	0.799093
40	55	0.842887
40	57	0.719363
40	74	0.794293
40	89	0.774481
40	117	0.749511
40	118	2.59227
40	131	3.68198
40	135	0.821626
40	143	3.0041
41	15	0.732202
41	22	0.720634
41	34	0.775061
41	56	0.753407
41	67	0.747408
41	69	0.877758
41	71	0.793552
41	78	0.793549
41	101	0.795158
41	132	3.67579
41	142	1.63696
41	159	3.12961
41	164	0.708608
41	180	0.703132
42	5	0.750486
42	8	0.747774
42	19	0.7377
42	28	0.743658
42	30	0.802748
42	35	0.798203
42	51	0.789129
42	53	0.784374
42	61	0.773058
42	100	3.00546
42	131	3.9512
42	158	2.38775
42	171	0.740656
42	176	0.732182
43	13	0.763091
43	14	0.757682
43	16	0.823719
43	18	0.740045
43	21	0.733548
43	26	0.743109
43	31	0.725783
43	36	0.797299
43	39	0.803658
43	49	0.672699
43	58	0.719882
43	62	0.719874
43	157	3.77073
43	165	3.20677
43	180	3.77155
44	8	4.14206
44	38	1.85794
44	75	0.69803
44	99	0.8151
44	100	0.768618
44	123	0.670306
44	130	0.76826
44	157	0.676406
44	162	0.67427
44	165	0.672993
44	168	0.677821
44	169	0.652698
44	173	0.647495
44	178	0.630371
44	179	0.647005
45	82	0.713825
45	91	0.729617
45	92	0.764599
45	94	0.764854
45	95	0.765125
45	97	0.779266
45	98	0.765778
45	149	0.763916
45	150	0.767615
45	153	0.761388
45	159	0.740549
45	171	2.20109
45	175	7.4093
45	176	2.65254
45	179	0.678888
46	82	0.713825
46	91	0.729617
46	92	0.764599
46	94	0.764854
46	95	0.765125
46	97	0.779266
46	98	0.765778
46	99	1.73485
46	149	0.763916
46	150	0.767615
46	153	0.761388
46	156	6.86229
46	159	0.740549
46	161	2.34939
46	179	0.678888
47	1	0.68679
47	3	0.688549
47	7	0.687738
47	12	1.19065
47	48	0.735436
47	55	0.77923
47	57	0.655706
47	74	0.730635
47	89	0.710823
47	110	0.746106
47	117	0.685853
47	135	0.757969
47	141	1.48083
47	145	2.62474
47	175	6.70807
48	1	0.733684
48	7	0.734632
48	12	0.628547
48	33	0.784139
48	40	0.799093
48	47	0.735436
48	55	0.826124
48	57	0.702599
48	89	0.757717
48	110	0.793
48	117	0.732747
48	119	1.97435
48	135	0.804863
48	137	2.75163
48	140	3.93883
49	13	0.655607
49	14	0.650198
49	16	0.716235
49	18	0.632561
49	21	0.626064
49	26	0.635624
49	31	0.618298
49	36	0.689815
49	39	0.696174
49	43	0.672699
49	58	1.20348
49	62	1.20347
49	115	2.79175
49	119	2.45018
49	177	9.08707
50	25	0.77852
50	65	0.738025
50	80	0.721077
50	85	0.761349
50	90	0.755237
50	96	0.760285
50	104	1.21804
50	105	0.781287
50	106	0.734216
50	107	0.784306
50	114	0.755105
50	133	0.762348
50	164	4.87991
50	166	3.60801
50	167	0.667932
51	4	0.742967
51	5	0.740487
51	8	0.737775
51	19	0.727701
51	28	0.73366
51	35	0.788205
51	42	0.789129
51	53	0.774375
51	61	0.763059
51	102	0.749732
51	125	4.10414
51	130	1.36038
51	136	4.47468
51	171	0.730657
51	176	0.722184
52	6	0.740144
52	66	0.80165
52	83	0.679979
52	84	0.779342
52	86	1.99703
52	93	0.760504
52	111	0.735596
52	113	5.12167
52	120	0.778167
52	122	0.778176
52	138	4.03567
52	149	0.760241
52	150	0.76394
52	153	0.757713
52	172	0.657473
53	4	0.738212
53	8	0.73302
53	19	0.722946
53	28	0.728905
53	30	0.787994
53	35	0.78345
53	42	0.784374
53	51	0.774375
53	61	0.758304
53	102	0.744977
53	124	1.74648
53	126	5.13088
53	155	3.96709
53	171	0.725902
53	176	0.717429
54	23	0.710913
54	73	0.776691
54	88	0.756233
54	90	0.75845
54	96	0.763497
54	103	0.745741
54	106	0.737428
54	107	0.787518
54	114	0.758317
54	116	0.747669
54	123	5.57794
54	138	0.725289
54	140	1.26072
54	144	0.66064
54	167	0.671144
54	168	3.58325
55	1	0.777478
55	3	0.779237
55	7	0.778426
55	33	0.827933
55	40	0.842887
55	47	0.77923
55	48	0.826124
55	57	0.746393
55	89	0.801511
55	110	0.836794
55	117	0.776541
55	134	2.05745
55	135	0.848657
55	154	5.30896
55	168	3.34324
55	176	1.36565
56	11	0.711777
56	15	0.705182
56	22	0.693615
56	34	0.748041
56	37	0.758511
56	41	0.753407
56	67	0.720389
56	69	0.850739
56	71	0.766533
56	78	0.766529
56	101	0.768139
56	158	2.06767
56	161	4.04459
56	164	0.681588
56	166	3.98761
56	180	0.676113
57	1	0.653953
57	3	0.655712
57	7	0.654901
57	12	0.657366
57	33	0.704409
57	40	0.719363
57	47	0.655706
57	48	0.702599
57	55	0.746393
57	74	0.697799
57	89	0.677987
57	109	4.83786
57	110	0.71327
57	117	0.653017
57	135	0.725133
57	147	4.023
58	13	0.70279
58	14	0.697381
58	16	0.763418
58	18	0.679744
58	21	0.673248
58	24	0.671933
58	26	0.682808
58	31	0.665482
58	36	0.736998
58	39	0.743357
58	43	0.719882
58	49	1.20348
58	62	0.659573
58	151	2.83469
58	158	1.9368
58	167	6.49253
59	25	0.770526
59	63	0.727283
59	65	0.73003
59	80	0.713082
59	85	0.753354
59	90	0.747243
59	96	0.75229
59	103	0.734534
59	105	0.773292
59	114	0.74711
59	116	0.736462
59	133	0.754353
59	134	1.85293
59	135	1.62188
59	163	7.45337
59	167	0.659938
60	38	0.780309
60	64	0.739506
60	68	0.789289
60	81	0.764007
60	83	0.668417
60	93	0.748942
60	108	0.703221
60	111	0.724034
60	120	0.766605
60	122	0.766615
60	149	0.748679
60	150	0.752378
60	161	2.75741
60	162	4.52286
60	172	0.645911
60	176	3.25546
61	4	0.726896
61	5	0.724416
61	8	0.721704
61	19	0.71163
61	28	0.717589
61	30	0.776678
61	35	0.772134
61	42	0.773058
61	51	0.763059
61	53	0.758304
61	102	0.733661
61	135	1.68099
61	146	3.38669
61	171	0.714586
61	176	0.706113
61	179	5.55825
62	9	3.07996
62	13	0.702782
62	14	0.697373
62	16	0.76341
62	18	0.679736
62	21	0.67324
62	24	0.671925
62	26	0.6828
62	31	0.665474
62	36	0.73699
62	39	0.743349
62	43	0.719874
62	49	1.20347
62	58	0.659573
62	168	2.68336
62	174	5.14505
63	23	0.70259
63	59	0.727283
63	80	0.715965
63	85	0.756237
63	90	0.750126
63	96	0.755173
63	100	2.08678
63	103	0.737417
63	105	0.776175
63	106	0.729104
63	114	0.749993
63	116	0.739345
63	125	0.680147
63	138	0.716965
63	167	0.662821
63	171	4.89085
63	176	3.94404
64	6	0.720134
64	60	0.739506
64	66	0.78164
64	81	0.755559
64	83	0.659969
64	93	0.740494
64	108	0.694773
64	111	0.715586
64	112	2.88644
64	119	0.923053
64	120	0.758157
64	122	0.758167
64	133	0.757682
64	149	0.740231
64	153	0.737703
64	172	0.637463
64	176	6.10197
65	23	0.705337
65	50	0.738025
65	59	0.73003
65	80	0.718712
65	88	0.750656
65	90	0.752873
65	99	2.36503
65	103	0.740164
65	105	0.778922
65	106	0.731851
65	114	0.75274
65	132	4.88696
65	133	0.759983
65	137	2.3194
65	138	0.719712
65	144	0.655063
65	167	0.665568
66	10	0.78057
66	52	0.80165
66	64	0.78164
66	68	0.831424
66	81	0.806142
66	83	0.710552
66	84	0.809915
66	93	0.791077
66	120	0.80874
66	122	0.808749
66	139	2.75868
66	144	6.4479
66	147	2.19387
66	149	0.790814
66	153	0.788286
66	154	3.17082
66	172	0.688046
67	9	0.672027
67	11	0.705778
67	15	0.699183
67	22	0.687615
67	34	0.742042
67	37	0.752512
67	41	0.747408
67	56	0.720389
67	69	0.844739
67	71	0.760533
67	78	0.76053
67	101	0.76214
67	127	2.31623
67	131	1.35159
67	164	0.675589
67	173	7.45285
67	180	0.670113
68	60	0.789289
68	66	0.831424
68	81	0.805343
68	83	0.709752
68	93	0.790278
68	110	0.817148
68	111	0.76537
68	120	0.80794
68	122	0.80795
68	125	3.0343
68	133	0.807465
68	135	1.94789
68	150	0.793714
68	152	2.06606
68	153	0.787487
68	168	4.90962
68	172	0.687247
69	11	0.836128
69	15	0.829533
69	22	0.817965
69	34	0.872392
69	37	0.882862
69	41	0.877758
69	56	0.850739
69	67	0.844739
69	71	0.890884
69	78	0.89088
69	129	2.91419
69	138	1.92998
69	139	3.35642
69	154	3.76856
69	164	0.805939
69	179	2.8281
69	180	0.800464
70	17	0.649983
70	20	0.65311
70	81	5.39456
70	115	0.673263
70	121	0.692125
70	143	0.698784
70	155	0.63892
70	156	0.618838
70	163	0.627074
70	165	0.631429
70	166	0.655329
70	168	0.636258
70	170	0.609206
70	173	0.605931
70	174	0.611064
70	175	0.601288
70	177	0.589942
70	179	0.605441
71	9	0.718172
71	11	0.751922
71	15	0.745327
71	22	0.73376
71	34	0.788186
71	37	0.798656
71	41	0.793552
71	56	0.766533
71	67	0.760533
71	69	0.890884
71	78	0.806674
71	87	2.52744
71	101	0.808284
71	119	1.30495
71	158	3.15659
71	164	0.721733
71	166	5.07653
71	180	0.716258
72	15	4.26212
72	115	0.712553
72	122	1.38584
72	123	0.668032
72	124	0.750889
72	126	0.660745
72	137	0.747973
72	143	0.738074
72	148	0.687773
72	162	0.671997
72	168	0.675548
72	170	0.648496
72	174	0.650354
72	175	0.640579
72	176	0.687675
72	177	0.629233
72	178	0.628097
73	23	0.74079
73	54	0.776691
73	85	0.794438
73	88	0.786109
73	90	0.788326
73	96	0.793374
73	103	0.775618
73	105	0.814376
73	107	0.817395
73	114	0.788194
73	116	0.777546
73	138	0.755166
73	140	1.4979
73	144	0.690517
73	148	3.98806
73	161	2.20333
73	165	5.1846
73	167	0.701021
74	12	0.623747
74	24	2.61959
74	33	0.779338
74	40	0.794293
74	47	0.730635
74	57	0.697799
74	78	0.560477
74	110	0.788199
74	117	0.727946
74	120	1.49588
74	135	0.800062
74	158	0.750211
74	162	0.703304
74	163	0.697672
74	166	0.725927
74	175	0.671886
74	177	0.66054
74	178	0.659405
75	18	4.43459
75	44	0.69803
75	89	0.707252
75	102	0.700867
75	134	0.737008
75	143	0.723718
75	146	0.690028
75	152	0.723392
75	153	0.911276
75	156	0.643772
75	163	0.652008
75	166	0.680263
75	168	0.661192
75	173	0.630865
75	174	0.635998
75	175	0.626222
75	176	0.673319
75	177	0.614876
76	5	3.8439
76	77	0.713617
76	122	0.356494
76	140	0.821459
76	149	0.158485
76	155	0.727196
76	156	0.707114
76	160	0.723033
76	162	0.720982
76	163	0.71535
76	165	0.719705
76	166	0.743605
76	169	0.69941
76	170	0.697481
76	173	0.694207
76	174	0.699339
76	176	0.73666
76	177	0.678218
77	76	0.713617
77	85	5.23511
77	121	0.685934
77	128	0.702972
77	130	0.720506
77	159	0.660911
77	163	0.620883
77	165	0.625238
77	166	0.649138
77	169	0.604944
77	170	0.603015
77	171	0.650667
77	173	0.59974
77	175	0.595097
77	177	0.583751
77	178	0.582616
77	179	0.59925
78	9	0.718168
78	11	0.751919
78	15	0.745324
78	22	0.733756
78	34	0.788182
78	37	0.798653
78	41	0.793549
78	56	0.766529
78	67	0.76053
78	69	0.89088
78	71	0.806674
78	74	0.560477
78	101	0.80828
78	131	1.35702
78	137	2.06874
78	164	0.72173
78	175	8.71531
78	180	0.716254
79	82	0.81836
79	91	0.779731
79	92	0.869134
79	94	0.86939
79	95	0.86966
79	97	0.883801
79	98	0.870313
79	124	2.02897
79	130	2.44683
79	138	2.17067
79	146	1.65221
79	149	0.868451
79	150	0.87215
79	153	0.865923
79	159	0.845084
79	172	9.1959
79	179	0.783423
80	50	0.721077
80	59	0.713082
80	63	0.715965
80	65	0.718712
80	88	0.733708
80	90	0.735925
80	96	0.740972
80	105	0.761974
80	106	0.714903
80	107	0.764994
80	112	1.21378
80	114	0.735792
80	116	0.725144
80	125	0.665946
80	138	0.702764
80	159	2.04906
80	167	0.64862
80	179	7.43217
81	60	0.764007
81	64	0.755559
81	66	0.806142
81	68	0.805343
81	70	5.39456
81	83	0.684471
81	84	0.783834
81	93	0.764996
81	108	0.719274
81	110	0.791866
81	113	2.01909
81	120	0.782659
81	122	0.782668
81	149	0.764732
81	150	0.768432
81	153	0.762205
81	159	1.80669
81	172	0.661965
81	174	4.12683
82	32	0.655119
82	45	0.713825
82	46	0.713825
82	79	0.81836
82	91	0.769494
82	92	0.699997
82	94	0.700253
82	95	0.700523
82	97	0.714664
82	98	0.701176
82	135	2.52152
82	149	0.699314
82	150	0.703013
82	153	0.696786
82	159	0.675947
82	163	4.00349
82	167	2.07918
82	175	6.76732
82	179	1.40593
83	10	0.658899
83	20	4.57493
83	38	0.700772
83	52	0.679979
83	60	0.668417
83	64	0.659969
83	66	0.710552
83	68	0.709752
83	81	0.684471
83	84	0.688244
83	108	0.623684
83	111	0.644498
83	119	3.7495
83	120	0.687068
83	122	0.687078
83	133	0.686593
83	150	0.672842
83	153	0.666615
83	172	0.566375
84	2	0.751172
84	38	0.800135
84	52	0.779342
84	66	0.809915
84	81	0.783834
84	83	0.688244
84	93	0.768769
84	108	0.723048
84	111	0.743861
84	120	0.786432
84	122	0.786441
84	141	2.19932
84	149	0.768506
84	150	0.772205
84	153	0.765978
84	160	3.3276
84	170	8.15352
84	171	1.41967
84	172	0.665738
85	25	0.799479
85	50	0.761349
85	59	0.753354
85	63	0.756237
85	73	0.794438
85	77	5.23511
85	87	1.94
85	88	0.773979
85	90	0.776196
85	105	0.802245
85	106	0.755175
85	107	0.805265
85	116	0.765416
85	125	0.706218
85	129	2.94957
85	133	0.783307
85	144	0.678387
85	167	0.688891
85	179	2.86348
86	10	2.25806
86	15	2.39713
86	52	1.99703
86	106	0.702744
86	126	0.766629
86	162	0.77788
86	164	0.779335
86	165	0.776603
86	166	0.800503
86	168	0.781431
86	169	0.756309
86	170	0.75438
86	172	0.732875
86	173	0.751105
86	174	0.756238
86	175	0.746462
86	177	0.735116
86	178	0.733981
86	179	0.750615
87	33	1.60312
87	34	1.52944
87	71	2.52744
87	85	1.94
87	119	0.873806
87	123	0.744163
87	126	0.736875
87	128	0.824584
87	131	0.805389
87	141	0.804403
87	148	0.763903
87	151	0.781819
87	160	0.750178
87	168	0.751678
87	169	0.726555
87	172	0.703121
87	173	0.721352
87	177	0.705363
87	178	0.704227
88	25	0.791151
88	54	0.756233
88	65	0.750656
88	73	0.786109
88	80	0.733708
88	85	0.773979
88	90	0.767868
88	103	0.75516
88	105	0.793917
88	106	0.746847
88	107	0.796937
88	116	0.757088
88	121	2.16659
88	133	0.774979
88	138	0.734707
88	160	2.55832
88	163	4.75751
88	167	0.680563
88	174	5.54048
89	3	0.71083
89	33	0.759526
89	40	0.774481
89	47	0.710823
89	48	0.757717
89	55	0.801511
89	57	0.677987
89	75	0.707252
89	91	1.18365
89	98	3.3684
89	105	0.027541
89	127	0.696885
89	135	0.78025
89	156	0.669624
89	166	0.706115
89	173	0.656717
89	174	0.66185
89	175	0.652074
89	177	0.640728
89	178	0.639593
90	50	0.755237
90	54	0.75845
90	59	0.747243
90	63	0.750126
90	65	0.752873
90	73	0.788326
90	80	0.735925
90	85	0.776196
90	88	0.767868
90	103	0.757377
90	106	0.749064
90	114	0.769953
90	116	0.759305
90	118	1.85615
90	133	0.777196
90	140	1.68253
90	144	0.672276
90	152	2.99141
90	160	6.71212
90	167	0.68278
91	27	0.756776
91	32	0.775389
91	45	0.729617
91	46	0.729617
91	79	0.779731
91	82	0.769494
91	89	1.18365
91	92	0.71579
91	94	0.716045
91	95	0.716315
91	97	0.730456
91	98	0.716968
91	118	2.56983
91	149	0.76769
91	150	0.718805
91	153	0.765163
91	159	0.796218
91	170	5.471
91	178	9.76246
91	179	0.787142
92	27	0.791758
92	32	0.705893
92	45	0.764599
92	46	0.764599
92	79	0.869134
92	82	0.699997
92	91	0.71579
92	94	0.751027
92	95	0.751297
92	97	0.765438
92	98	0.75195
92	131	2.4582
92	149	0.750088
92	150	0.753787
92	153	0.74756
92	154	4.55167
92	156	4.62321
92	157	3.65555
92	159	0.726721
92	179	0.66506
93	52	0.760504
93	60	0.748942
93	64	0.740494
93	66	0.791077
93	68	0.790278
93	81	0.764996
93	84	0.768769
93	108	0.704209
93	111	0.725023
93	120	0.767593
93	122	0.767603
93	127	5.22463
93	133	0.767118
93	140	1.60515
93	149	0.749667
93	150	0.753367
93	153	0.74714
93	161	3.32998
93	166	3.273
93	172	0.6469
94	27	0.792013
94	32	0.706148
94	45	0.764854
94	46	0.764854
94	79	0.86939
94	82	0.700253
94	91	0.716045
94	92	0.751027
94	95	0.751552
94	97	0.765693
94	98	0.752205
94	139	4.89034
94	141	1.58156
94	145	5.09361
94	149	0.750343
94	150	0.754042
94	153	0.747815
94	159	0.726976
94	162	2.62658
94	179	0.665316
95	27	0.792284
95	32	0.706418
95	45	0.765125
95	46	0.765125
95	79	0.86966
95	82	0.700523
95	91	0.716315
95	92	0.751297
95	94	0.751552
95	97	0.765964
95	98	0.752476
95	101	2.93447
95	125	4.86156
95	128	2.41618
95	132	2.92521
95	149	0.750614
95	150	0.754313
95	153	0.748086
95	159	0.727247
95	179	0.665586
96	23	0.727596
96	25	0.798415
96	50	0.760285
96	54	0.763497
96	59	0.75229
96	63	0.755173
96	73	0.793374
96	80	0.740972
96	103	0.762424
96	106	0.754111
96	114	0.775
96	116	0.764352
96	125	0.705154
96	133	0.782243
96	135	1.7504
96	142	0.901776
96	144	0.677323
96	164	4.46548
96	167	0.687827
96	168	5.7262
97	32	0.720559
97	45	0.779266
97	46	0.779266
97	79	0.883801
97	82	0.714664
97	91	0.730456
97	92	0.765438
97	94	0.765693
97	95	0.765964
97	98	0.766616
97	124	2.99865
97	134	2.61285
97	146	3.99065
97	149	0.764754
97	150	0.768453
97	153	0.762227
97	159	0.741388
97	171	4.10617
97	179	0.679727
98	27	0.792936
98	32	0.707071
98	45	0.765778
98	46	0.765778
98	79	0.870313
98	82	0.701176
98	89	3.3684
98	91	0.716968
98	92	0.75195
98	94	0.752205
98	95	0.752476
98	97	0.766616
98	115	4.31986
98	130	2.1376
98	140	1.56466
98	149	0.751266
98	150	0.754966
98	153	0.748739
98	159	0.7279
98	179	0.666239
99	25	1.76615
99	26	1.28799
99	44	0.8151
99	46	1.73485
99	65	2.36503
99	107	0.960319
99	126	0.763459
99	130	0.868701
99	141	0.830986
99	142	0.846103
99	154	0.785003
99	158	0.821617
99	161	0.813636
99	166	0.797333
99	170	0.75121
99	171	0.798862
99	173	0.747935
99	174	0.753068
99	175	0.743292
99	177	0.731946
99	178	0.730811
100	6	1.64302
100	17	0.745505
100	35	1.66474
100	42	3.00546
100	44	0.768618
100	63	2.08678
100	115	0.768785
100	124	0.807121
100	147	0.772353
100	151	0.761921
100	152	0.79398
100	155	0.734442
100	156	0.71436
100	157	0.730364
100	161	0.767154
100	168	0.73178
100	173	0.701453
100	174	0.706586
100	177	0.685465
100	178	0.684329
100	180	0.724207
101	34	0.789792
101	35	1.69717
101	39	2.14038
101	41	0.795158
101	56	0.768139
101	67	0.76214
101	71	0.808284
101	78	0.80828
101	95	2.93447
101	114	0.00347572
101	125	0.720009
101	161	0.76081
101	164	0.723339
101	165	0.720608
101	166	0.744508
101	168	0.725436
101	170	0.698385
101	174	0.700242
101	177	0.679121
101	178	0.677986
101	180	0.717864
102	4	0.713569
102	5	0.711089
102	19	0.698303
102	51	0.749732
102	53	0.744977
102	61	0.733661
102	75	0.700867
102	116	0.178965
102	119	0.802786
102	133	2.45024
102	137	0.753083
102	149	0.769723
102	157	0.679243
102	162	0.677107
102	163	0.671475
102	169	0.655536
102	171	0.701259
102	175	0.645689
102	176	0.692786
102	177	0.634343
102	178	0.633208
103	17	3.4389
103	54	0.745741
103	59	0.734534
103	63	0.737417
103	65	0.740164
103	73	0.775618
103	88	0.75516
103	90	0.757377
103	96	0.762424
103	105	0.783426
103	106	0.736355
103	107	0.786446
103	114	0.757244
103	116	0.746596
103	125	0.687398
103	133	0.764487
103	144	0.659567
103	155	2.56408
103	161	1.57979
103	167	0.670072
103	173	5.51972
104	3	2.05027
104	5	2.72793
104	7	2.80376
104	50	1.21804
104	109	0.754371
104	127	0.745163
104	131	0.789033
104	147	0.775895
104	148	0.747547
104	152	0.797522
104	158	0.778678
104	163	0.726139
104	167	0.712568
104	168	0.735322
104	169	0.710199
104	173	0.704996
104	174	0.710128
104	175	0.700353
104	177	0.689007
104	178	0.687871
104	179	0.704505
104	180	0.727749
105	25	0.819417
105	50	0.781287
105	59	0.773292
105	63	0.776175
105	65	0.778922
105	73	0.814376
105	80	0.761974
105	85	0.802245
105	88	0.793917
105	89	0.027541
105	103	0.783426
105	106	0.775113
105	107	0.825203
105	114	0.796002
105	116	0.785354
105	121	1.08308
105	125	0.726156
105	144	0.698325
105	155	5.01582
105	165	3.92146
105	167	0.708829
105	180	4.48623
106	23	0.701528
106	50	0.734216
106	54	0.737428
106	63	0.729104
106	65	0.731851
106	80	0.714903
106	85	0.755175
106	86	0.702744
106	88	0.746847
106	90	0.749064
106	96	0.754111
106	103	0.736355
106	105	0.775113
106	107	0.778133
106	114	0.748931
106	116	0.738283
106	133	0.756174
106	144	0.651254
106	167	0.661759
106	171	4.06197
106	176	3.11515
106	179	6.11801
107	23	0.751618
107	50	0.784306
107	54	0.787518
107	73	0.817395
107	80	0.764994
107	85	0.805265
107	88	0.796937
107	99	0.960319
107	103	0.786446
107	105	0.825203
107	106	0.778133
107	112	1.5622
107	114	0.799022
107	115	3.28839
107	116	0.788374
107	125	0.729176
107	133	0.806265
107	138	0.765993
107	143	2.15823
107	144	0.701345
107	157	6.79481
107	167	0.711849
108	2	0.686612
108	6	0.683849
108	10	0.693702
108	38	0.735576
108	60	0.703221
108	64	0.694773
108	81	0.719274
108	83	0.623684
108	84	0.723048
108	93	0.704209
108	110	0.731079
108	111	0.679301
108	120	0.721872
108	122	0.721882
108	128	2.38903
108	133	0.721397
108	150	0.707645
108	153	0.701418
108	169	3.9854
108	170	5.86491
108	172	1.24691
108	173	4.71747
109	57	4.83786
109	104	0.754371
109	121	0.7159
109	124	0.735374
109	126	0.64523
109	130	0.750471
109	133	2.18014
109	145	0.666451
109	154	0.666774
109	160	0.658532
109	163	0.650849
109	165	0.655204
109	166	0.679104
109	168	0.660032
109	170	0.63298
109	172	0.611475
109	174	0.634838
109	175	0.625063
109	177	0.613717
109	178	0.612581
109	179	0.629216
110	1	0.744354
110	6	0.75644
110	12	0.747767
110	29	0.0222519
110	33	0.79481
110	47	0.746106
110	48	0.793
110	55	0.836794
110	57	0.71327
110	68	0.817148
110	74	0.788199
110	81	0.791866
110	108	0.731079
110	111	0.751893
110	117	0.743417
110	120	0.794463
110	122	0.794473
110	138	1.84892
110	139	2.19456
110	150	0.780237
110	171	2.69802
110	172	0.67377
110	178	10.6355
111	2	0.707426
111	6	0.704662
111	10	0.714516
111	38	0.756389
111	52	0.735596
111	60	0.724034
111	64	0.715586
111	68	0.76537
111	83	0.644498
111	84	0.743861
111	93	0.725023
111	108	0.679301
111	110	0.751893
111	120	0.742685
111	122	0.742695
111	133	0.74221
111	134	2.00072
111	145	6.28166
111	149	0.724759
111	150	0.728459
111	153	0.722232
111	160	5.40197
111	166	1.9922
111	172	0.621992
112	16	1.90284
112	64	2.88644
112	80	1.21378
112	107	1.5622
112	116	0.504759
112	123	0.734723
112	128	0.815144
112	130	0.832677
112	132	0.770151
112	134	0.818054
112	137	0.814663
112	146	0.771075
112	154	0.74898
112	157	0.740822
112	162	0.738687
112	167	0.719484
112	170	0.715186
112	171	0.762839
112	173	0.711912
112	174	0.717044
112	175	0.707269
112	176	0.754365
112	177	0.695923
112	178	0.694787
112	180	0.734666
113	52	5.12167
113	81	2.01909
113	114	0.834738
113	121	0.740868
113	126	0.670198
113	134	0.760817
113	136	0.710154
113	148	0.697226
113	151	0.715142
113	156	0.667581
113	158	0.728357
113	160	0.6835
113	161	0.720375
113	162	0.68145
113	163	0.675818
113	164	0.682904
113	165	0.680172
113	166	0.704073
113	170	0.657949
113	172	0.636444
113	174	0.659807
113	175	0.650032
113	177	0.638686
113	178	0.63755
114	23	0.722417
114	25	0.793236
114	50	0.755105
114	54	0.758317
114	59	0.74711
114	63	0.749993
114	65	0.75274
114	73	0.788194
114	80	0.735792
114	90	0.769953
114	96	0.775
114	101	0.00347572
114	103	0.757244
114	105	0.796002
114	106	0.748931
114	107	0.799022
114	113	0.834738
114	116	0.759172
114	125	0.699974
114	138	0.736792
114	141	2.3132
114	144	0.672143
114	167	0.682648
114	172	9.67261
114	180	3.23785
115	49	2.79175
115	70	0.673263
115	72	0.712553
115	98	4.31986
115	100	0.768785
115	107	3.28839
115	127	0.687829
115	132	0.705901
115	134	0.753804
115	139	0.706727
115	145	0.684407
115	148	0.690213
115	154	0.68473
115	162	0.674437
115	163	0.668805
115	164	0.675891
115	165	0.673159
115	169	0.652865
115	170	0.650936
115	171	0.698588
115	172	0.629431
115	173	0.647661
115	174	0.652794
115	175	0.643019
115	177	0.631673
115	178	0.630537
116	23	0.711769
116	25	0.782588
116	54	0.747669
116	59	0.736462
116	63	0.739345
116	73	0.777546
116	80	0.725144
116	85	0.765416
116	88	0.757088
116	90	0.759305
116	96	0.764352
116	102	0.178965
116	103	0.746596
116	105	0.785354
116	106	0.738283
116	107	0.788374
116	112	0.504759
116	114	0.759172
116	124	1.92407
116	125	0.689326
116	133	0.766415
116	134	2.90157
116	138	0.726144
116	144	0.661495
116	167	0.672
116	177	12.2917
117	1	0.684101
117	3	0.68586
117	7	0.685049
117	19	3.93346
117	33	0.734556
117	39	3.4428
117	40	0.749511
117	47	0.685853
117	48	0.732747
117	55	0.776541
117	57	0.653017
117	74	0.727946
117	110	0.743417
117	135	0.75528
117	144	0.628815
117	150	1.65434
117	166	0.681145
117	170	0.635022
117	172	0.613517
117	173	0.631747
117	174	0.636879
117	175	0.627104
117	176	0.674201
117	177	0.615758
117	178	0.614623
117	179	0.631257
118	20	0.715549
118	22	3.78174
118	40	2.59227
118	90	1.85615
118	91	2.56983
118	128	0.771602
118	135	0.791903
118	142	0.766537
118	144	0.665438
118	148	0.710921
118	151	0.728837
118	154	0.705438
118	155	0.701358
118	156	0.681276
118	158	0.742052
118	160	0.697195
118	161	0.73407
118	162	0.695145
118	164	0.696599
118	166	0.717768
118	168	0.698696
118	169	0.673573
118	174	0.673502
118	175	0.663727
118	177	0.652381
118	178	0.651245
118	179	0.667879
119	13	0.797953
119	48	1.97435
119	49	2.45018
119	64	0.923053
119	71	1.30495
119	83	3.7495
119	87	0.873806
119	102	0.802786
119	127	0.772952
119	141	0.815836
119	144	0.729853
119	155	0.765773
119	157	0.761695
119	159	0.793955
119	160	0.76161
119	162	0.759559
119	163	0.753927
119	165	0.758282
119	166	0.782182
119	168	0.763111
119	169	0.737988
119	170	0.736059
119	174	0.737917
119	175	0.728141
119	176	0.775238
119	177	0.716795
119	178	0.71566
119	180	0.755538
120	2	0.749996
120	6	0.747233
120	10	0.757087
120	38	0.79896
120	52	0.778167
120	60	0.766605
120	64	0.758157
120	66	0.80874
120	68	0.80794
120	74	1.49588
120	81	0.782659
120	83	0.687068
120	84	0.786432
120	93	0.767593
120	108	0.721872
120	110	0.794463
120	111	0.742685
120	122	0.785266
120	133	0.784781
120	137	1.89576
120	143	1.66231
120	144	7.5521
120	149	0.76733
120	150	0.771029
120	153	0.764803
120	157	3.37891
120	163	5.38564
120	172	0.664563
121	13	5.62172
121	29	0.746127
121	70	0.692125
121	77	0.685934
121	88	2.16659
121	105	1.08308
121	109	0.7159
121	113	0.740868
121	123	0.689335
121	125	0.691423
121	139	0.725589
121	142	0.764692
121	153	0.474467
121	155	0.699512
121	157	0.695434
121	158	0.740206
121	161	0.732224
121	162	0.693299
121	164	0.694753
121	165	0.692022
121	166	0.715922
121	169	0.671727
121	170	0.669798
121	174	0.671656
121	175	0.661881
121	176	0.708977
121	177	0.650535
121	178	0.649399
122	2	0.750006
122	6	0.747243
122	10	0.757096
122	38	0.798969
122	52	0.778176
122	60	0.766615
122	64	0.758167
122	66	0.808749
122	68	0.80795
122	72	1.38584
122	76	0.356494
122	81	0.782668
122	83	0.687078
122	84	0.786441
122	93	0.767603
122	108	0.721882
122	110	0.794473
122	111	0.742695
122	120	0.785266
122	133	0.784791
122	146	4.97046
122	147	2.5485
122	149	0.76734
122	150	0.771039
122	153	0.764812
122	158	1.66421
122	162	5.40658
122	172	0.664572
123	31	5.62206
123	44	0.670306
123	54	5.57794
123	72	0.668032
123	87	0.744163
123	112	0.734723
123	121	0.689335
123	125	0.62804
123	128	0.706373
123	134	0.709283
123	141	0.686192
123	142	0.701309
123	144	0.600209
123	145	0.639886
123	154	0.640209
123	157	0.632052
123	162	0.629916
123	163	0.624284
123	165	0.628639
123	166	0.652539
123	168	0.633467
123	169	0.608344
123	170	0.606415
123	172	0.58491
123	174	0.608273
123	175	0.598498
123	177	0.587152
123	178	0.586017
124	38	3.30183
124	53	1.74648
124	72	0.750889
124	79	2.02897
124	97	2.99865
124	100	0.807121
124	109	0.735374
124	116	1.92407
124	127	0.726166
124	129	0.737435
124	130	0.806763
124	136	0.741478
124	139	0.745063
124	144	0.683066
124	151	0.746465
124	162	0.712773
124	163	0.707141
124	164	0.714227
124	165	0.711496
124	168	0.716324
124	169	0.691201
124	170	0.689272
124	171	0.736925
124	173	0.685998
124	174	0.69113
124	176	0.728451
124	177	0.670009
124	178	0.668873
124	179	0.685508
124	180	0.708752
125	20	0.652408
125	51	4.10414
125	63	0.680147
125	68	3.0343
125	80	0.665946
125	85	0.706218
125	95	4.86156
125	96	0.705154
125	101	0.720009
125	103	0.687398
125	105	0.726156
125	107	0.729176
125	114	0.699974
125	116	0.689326
125	121	0.691423
125	123	0.62804
125	127	0.645397
125	133	0.707217
125	134	0.711372
125	141	0.68828
125	142	0.703397
125	144	0.602297
125	146	0.664392
125	154	0.642297
125	161	0.67093
125	167	0.612802
125	172	0.586999
125	173	0.605229
125	177	0.58924
125	178	0.588105
126	37	6.86912
126	53	5.13088
126	72	0.660745
126	86	0.766629
126	87	0.736875
126	99	0.763459
126	109	0.64523
126	113	0.670198
126	134	0.701996
126	140	0.723106
126	144	0.592922
126	145	0.632599
126	146	0.655017
126	148	0.638405
126	154	0.632922
126	160	0.62468
126	161	0.661554
126	163	0.616997
126	164	0.624083
126	165	0.621352
126	168	0.62618
126	169	0.601057
126	170	0.599128
126	173	0.595854
126	174	0.600986
126	175	0.591211
126	176	0.638307
126	177	0.579865
126	178	0.578729
126	180	0.618608
127	38	4.85914
127	67	2.31623
127	89	0.696885
127	93	5.22463
127	104	0.745163
127	115	0.687829
127	119	0.772952
127	124	0.726166
127	125	0.645397
127	131	0.704536
127	132	0.678737
127	136	0.675978
127	147	0.691398
127	152	0.713025
127	155	0.653487
127	156	0.633405
127	157	0.649409
127	161	0.686198
127	163	0.641641
127	165	0.645996
127	166	0.669896
127	167	0.62807
127	168	0.650824
127	169	0.625701
127	170	0.623772
127	173	0.620498
127	175	0.615855
127	176	0.662952
127	177	0.604509
127	178	0.603374
127	180	0.643252
128	2	1.44898
128	23	3.42555
128	27	1.92026
128	77	0.702972
128	87	0.824584
128	95	2.41618
128	108	2.38903
128	112	0.815144
128	118	0.771602
128	123	0.706373
128	130	0.804328
128	134	0.789704
128	137	0.786313
128	151	0.74403
128	157	0.712473
128	160	0.712388
128	161	0.749262
128	162	0.710337
128	169	0.688766
128	170	0.686837
128	171	0.734489
128	172	0.665332
128	173	0.683562
128	174	0.688695
128	175	0.678919
128	176	0.726016
128	177	0.667573
128	178	0.666438
128	179	0.683072
129	4	6.13624
129	69	2.91419
129	85	2.94957
129	124	0.737435
129	134	0.737909
129	136	0.687247
129	139	0.690832
129	141	0.714818
129	145	0.668512
129	151	0.692235
129	154	0.668835
129	155	0.664755
129	156	0.644674
129	159	0.692937
129	160	0.660593
129	161	0.697467
129	162	0.658542
129	163	0.65291
129	165	0.657265
129	166	0.681165
129	168	0.662093
129	169	0.63697
129	170	0.635041
129	174	0.636899
129	175	0.627124
129	176	0.67422
129	177	0.615778
129	178	0.614642
129	179	0.631277
129	180	0.654521
130	8	3.10517
130	9	0.725764
130	44	0.76826
130	51	1.36038
130	77	0.720506
130	79	2.44683
130	98	2.1376
130	99	0.868701
130	109	0.750471
130	112	0.832677
130	124	0.806763
130	128	0.804328
130	131	0.785133
130	133	0.314454
130	136	0.756575
130	139	0.760161
130	147	0.771995
130	149	1.31406
130	156	0.714002
130	157	0.730006
130	160	0.729921
130	162	0.727871
130	164	0.729325
130	168	0.731422
130	169	0.706299
130	170	0.70437
130	173	0.701096
130	174	0.706228
130	175	0.696453
130	177	0.685107
130	178	0.683971
131	40	3.68198
131	42	3.9512
131	67	1.35159
131	78	1.35702
131	87	0.805389
131	92	2.4582
131	104	0.789033
131	127	0.704536
131	130	0.785133
131	135	0.787901
131	139	0.723433
131	140	0.79162
131	142	0.762536
131	143	0.75722
131	145	0.701113
131	147	0.735268
131	154	0.701436
131	156	0.677275
131	157	0.693278
131	159	0.725538
131	164	0.692597
131	165	0.689866
131	167	0.67194
131	169	0.669571
131	170	0.667642
131	171	0.715295
131	173	0.664368
131	174	0.6695
131	175	0.659725
131	177	0.648379
131	178	0.647243
131	179	0.663877
132	29	0.718172
132	41	3.67579
132	65	4.88696
132	95	2.92521
132	112	0.770151
132	115	0.705901
132	127	0.678737
132	134	0.744712
132	137	0.741321
132	141	0.721621
132	143	0.731422
132	146	0.697732
132	148	0.68112
132	150	0.342657
132	151	0.699037
132	152	0.731096
132	155	0.671558
132	156	0.651476
132	157	0.66748
132	158	0.712251
132	161	0.70427
132	162	0.665344
132	164	0.666799
132	165	0.664067
132	168	0.668896
132	169	0.643773
132	170	0.641844
132	172	0.620339
132	173	0.638569
132	174	0.643702
132	175	0.633926
132	178	0.621445
132	180	0.661323
133	6	0.746758
133	50	0.762348
133	59	0.754353
133	64	0.757682
133	65	0.759983
133	68	0.807465
133	83	0.686593
133	85	0.783307
133	88	0.774979
133	90	0.777196
133	93	0.767118
133	96	0.782243
133	102	2.45024
133	103	0.764487
133	106	0.756174
133	107	0.806265
133	108	0.721397
133	109	2.18014
133	111	0.74221
133	116	0.766415
133	120	0.784781
133	122	0.784791
133	125	0.707217
133	130	0.314454
133	136	3.42876
133	138	0.744035
133	148	4.24264
133	149	0.766855
133	150	0.770554
133	151	2.42771
133	153	0.764328
133	162	4.22335
133	167	0.689891
133	172	0.664088
134	55	2.05745
134	59	1.85293
134	75	0.737008
134	97	2.61285
134	111	2.00072
134	112	0.818054
134	113	0.760817
134	115	0.753804
134	116	2.90157
134	123	0.709283
134	125	0.711372
134	126	0.701996
134	128	0.789704
134	129	0.737909
134	132	0.744712
134	136	0.741952
134	139	0.745538
134	141	0.769524
134	147	0.757372
134	153	0.320338
134	155	0.719461
134	156	0.699379
134	158	0.760154
134	161	0.752173
134	162	0.713248
134	165	0.71197
134	166	0.73587
134	169	0.691676
134	170	0.689747
134	171	0.737399
134	173	0.686472
134	175	0.68183
134	177	0.670484
134	178	0.669348
135	1	0.756217
135	3	0.757976
135	7	0.757165
135	12	0.651081
135	16	2.52939
135	33	0.806672
135	40	0.821626
135	47	0.757969
135	48	0.804863
135	55	0.848657
135	57	0.725133
135	59	1.62188
135	61	1.68099
135	68	1.94789
135	74	0.800062
135	82	2.52152
135	89	0.78025
135	96	1.7504
135	117	0.75528
135	118	0.791903
135	131	0.787901
135	138	0.76558
135	141	0.786914
135	143	0.796715
135	150	0.178539
135	154	0.740931
135	165	0.729361
135	168	0.734189
135	171	0.75479
135	173	0.703863
135	174	0.708995
135	175	0.69922
135	177	0.687874
135	178	0.686739
136	14	2.84996
136	21	2.84661
136	51	4.47468
136	113	0.710154
136	124	0.741478
136	127	0.675978
136	129	0.687247
136	130	0.756575
136	133	3.42876
136	134	0.741952
136	140	0.763062
136	141	0.718861
136	145	0.672555
136	147	0.70671
136	148	0.678361
136	151	0.696277
136	152	0.728336
136	156	0.648717
136	157	0.66472
136	160	0.664636
136	161	0.70151
136	163	0.656953
136	165	0.661308
136	166	0.685208
136	168	0.666136
136	169	0.641013
136	170	0.639084
136	171	0.686737
136	174	0.640942
136	175	0.631167
136	177	0.619821
136	178	0.618685
136	179	0.635319
136	180	0.658564
137	28	3.11
137	36	1.45448
137	48	2.75163
137	65	2.3194
137	72	0.747973
137	78	2.06874
137	102	0.753083
137	112	0.814663
137	120	1.89576
137	128	0.786313
137	132	0.741321
137	139	0.742147
137	141	0.766133
137	142	0.781249
137	143	0.775934
137	145	0.719827
137	146	0.742244
137	147	0.753981
137	148	0.725632
137	155	0.71607
137	158	0.756763
137	160	0.711907
137	162	0.709857
137	163	0.704224
137	166	0.732479
137	169	0.688285
