1	36	0.626159
1	63	1.24626
1	89	1.20276
1	105	1.24842
1	125	0.553602
1	131	0.581082
1	141	0.633566
1	150	1.17488
1	165	1.18616
1	177	1.18363
1	179	1.17844
1	180	1.17945
2	9	1.11152
2	21	1.2236
2	22	1.23029
2	25	1.23549
2	27	1.20219
2	48	1.18735
2	61	1.17145
2	66	1.23811
2	98	0.649171
2	152	0.569912
2	165	0.592605
2	180	0.595747
3	32	0.775936
3	37	1.02949
3	44	1.03454
3	54	1.08026
3	56	0.971072
3	59	1.11653
3	62	1.00819
3	158	1.10073
3	163	1.11139
3	171	0.806095
3	173	1.1478
3	174	0.823503
4	15	0.563339
4	140	0.619235
4	142	1.20757
4	149	0.619084
4	160	1.20776
4	164	1.1948
4	165	1.20123
4	170	0.592537
4	177	1.19871
4	178	1.2019
4	179	1.19351
4	180	1.19452
5	9	0.990578
5	17	0.980987
5	21	1.10266
5	22	1.10935
5	27	1.08125
5	29	1.1011
5	48	1.0664
5	61	1.0505
5	66	1.11717
5	97	0.738668
5	109	0.78481
5	156	0.87909
6	33	0.591014
6	40	1.26391
6	44	1.15538
6	56	1.09191
6	59	1.23736
6	62	1.12902
6	73	0.554928
6	103	0.64676
6	158	1.22157
6	163	1.23222
6	173	1.26863
6	176	0.615562
7	37	1.02949
7	44	1.03454
7	54	1.08026
7	56	0.971072
7	59	1.11653
7	62	1.00819
7	158	1.10073
7	162	0.828615
7	163	1.11139
7	171	0.775105
7	173	1.1478
7	178	0.801437
8	43	1.03907
8	77	1.0106
8	111	1.10656
8	114	1.04907
8	116	1.08418
8	121	1.10463
8	128	1.01996
8	131	1.109
8	142	0.78687
8	155	0.819791
8	170	1.07692
8	174	0.799064
9	2	1.11152
9	5	0.990578
9	21	1.06545
9	22	1.07214
9	25	1.07734
9	33	0.780132
9	38	1.14607
9	61	1.01329
9	66	1.07996
9	71	1.04366
9	134	0.834401
9	175	0.791488
10	96	1.05252
10	117	1.08978
10	124	1.04984
10	132	1.05384
10	137	1.07978
10	139	1.05637
10	141	1.08133
10	143	1.07267
10	155	0.822718
10	158	0.760168
10	172	1.06387
10	179	0.822676
11	70	0.573227
11	96	0.657924
11	118	0.578341
11	144	1.19215
11	153	1.20809
11	156	1.17916
11	157	1.20233
11	167	1.20028
11	168	1.19342
11	169	1.20333
11	171	1.22123
11	179	0.594877
12	51	0.569887
12	68	0.572056
12	94	1.17957
12	99	1.23593
12	126	1.21698
12	145	1.19488
12	147	1.19557
12	155	1.19276
12	166	0.639968
12	169	0.613602
12	179	1.19165
12	180	1.19267
13	89	0.609165
13	94	0.597694
13	130	0.639397
13	133	1.18704
13	153	1.20153
13	159	1.19496
13	163	1.25397
13	166	1.18513
13	167	1.19373
13	168	1.18687
13	169	1.19677
13	175	0.561421
14	75	0.574869
14	87	1.19372
14	90	1.17949
14	102	1.22835
14	111	1.22692
14	116	1.20455
14	128	1.14032
14	131	1.22937
14	135	0.617301
14	162	0.625508
14	170	1.19729
14	174	0.589406
15	4	0.563339
15	100	0.617808
15	109	0.615618
15	124	1.18209
15	127	1.19953
15	132	1.18609
15	137	1.21203
15	139	1.18862
15	141	1.21358
15	143	1.20493
15	170	1.21312
15	171	0.605614
16	41	1.11601
16	50	1.18332
16	51	0.665678
16	60	1.19641
16	73	0.603034
16	102	1.18077
16	114	1.12185
16	121	1.17741
16	128	1.09274
16	131	1.18178
16	145	0.688742
16	170	1.1497
16	171	0.647795
17	5	0.980987
17	25	1.06775
17	48	1.0196
17	61	1.0037
17	66	1.07037
17	119	0.893154
17	153	0.880527
17	163	0.820688
17	173	1.12902
17	176	1.04633
17	178	1.03267
17	179	1.02428
17	180	1.0253
18	81	1.18507
18	112	0.712373
18	138	1.15146
18	152	0.638599
18	154	1.15966
18	159	1.15024
18	161	0.621989
18	166	1.14041
18	167	1.14901
18	168	1.14215
18	169	1.15205
18	171	1.16995
18	178	0.630864
19	49	0.761613
19	98	1.12232
19	113	0.585662
19	130	1.13545
19	143	0.600898
19	168	0.645317
19	173	1.24417
19	175	1.16425
19	176	1.16148
19	177	1.14463
19	178	1.14783
19	179	1.13943
19	180	1.14045
20	21	0.701719
20	72	0.621319
20	120	0.617276
20	121	0.651599
20	130	1.14406
20	145	1.15127
20	161	1.16055
20	164	1.14933
20	174	1.14636
20	175	1.17286
20	176	1.17009
20	178	1.15643
20	180	1.14905
21	2	1.2236
21	5	1.10266
21	9	1.06545
21	20	0.701719
21	22	1.18422
21	25	1.18942
21	29	1.17597
21	48	1.14127
21	61	1.12537
21	66	1.19204
21	79	0.625837
21	108	0.580465
21	180	0.697825
22	2	1.23029
22	5	1.10935
22	9	1.07214
22	21	1.18422
22	27	1.16281
22	48	1.14796
22	61	1.13206
22	66	1.19873
22	71	1.16243
22	128	0.76029
22	135	0.650958
22	173	0.527741
22	180	0.665557
23	32	1.17208
23	63	1.20801
23	104	0.622296
23	115	0.626905
23	142	1.15425
23	147	1.1441
23	149	0.674519
23	151	0.669368
23	165	1.1479
23	174	1.13851
23	177	1.14538
23	178	1.14858
23	180	1.1412
24	34	0.951222
24	36	0.683137
24	77	1.11855
24	87	1.1813
24	111	1.2145
24	116	1.19213
24	121	1.21257
24	122	0.627027
24	126	0.628964
24	128	1.1279
24	131	1.21695
24	170	1.18487
24	172	0.665275
25	2	1.23549
25	9	1.07734
25	17	1.06775
25	21	1.18942
25	27	1.16801
25	48	1.15316
25	61	1.13726
25	66	1.20393
25	71	1.16763
25	75	0.662445
25	173	0.581661
25	174	0.676983
25	178	0.685907
26	71	0.674857
26	87	0.614034
26	123	1.14262
26	129	1.16532
26	140	0.682238
26	147	1.1498
26	153	0.622168
26	164	1.14717
26	171	1.17491
26	176	1.16793
26	177	1.15108
26	178	1.15428
26	180	1.1469
27	2	1.20219
27	5	1.08125
27	22	1.16281
27	25	1.16801
27	29	1.15456
27	35	0.839704
27	38	1.23674
27	48	1.11986
27	61	1.10396
27	66	1.17063
27	122	0.567787
27	147	0.615957
27	178	0.584792
28	43	0.691031
28	86	0.631693
28	121	0.586146
28	124	0.68205
28	153	1.16569
28	161	1.16231
28	166	1.14928
28	167	1.15788
28	168	1.15102
28	177	1.155
28	178	1.1582
28	179	1.1498
28	180	1.15082
29	5	1.1011
29	21	1.17597
29	27	1.15456
29	61	1.12381
29	66	1.19048
29	83	0.632681
29	137	1.17076
29	139	1.14735
29	141	1.17231
29	143	1.16366
29	162	0.680327
29	175	0.629498
29	179	0.66491
30	62	0.736891
30	108	0.560328
30	148	1.15606
30	149	1.15738
30	150	0.663697
30	151	1.15428
30	156	1.13964
30	159	1.162
30	166	1.15216
30	167	1.16076
30	168	1.1539
30	169	1.16381
30	178	0.644118
31	100	0.6117
31	130	1.13752
31	136	0.62485
31	149	0.69231
31	152	1.17679
31	158	1.19917
31	165	1.14922
31	170	0.665763
31	174	1.13982
31	176	1.16355
31	178	1.1499
31	179	1.1415
31	180	1.14252
32	3	0.775936
32	23	1.17208
32	57	0.635664
32	119	0.583908
32	134	1.15482
32	145	1.1495
32	164	1.14756
32	169	0.599995
32	172	1.15673
32	175	1.17109
32	178	1.15466
32	179	1.14627
32	180	1.14728
33	6	0.591014
33	9	0.780132
33	109	1.15039
33	117	0.611691
33	138	0.613813
33	158	1.19921
33	161	1.15405
33	165	1.14926
33	175	1.16636
33	177	1.14673
33	178	1.14993
33	179	1.14154
33	180	1.14255
34	24	0.951222
34	52	0.98864
34	87	0.932074
34	102	0.966709
34	105	1.23131
34	111	0.965277
34	114	0.907792
34	116	0.942901
34	121	0.963346
34	128	0.878675
34	131	0.967722
34	167	1.36918
34	170	0.935642
35	27	0.839704
35	111	0.846759
35	117	1.05936
35	133	0.909757
35	134	1.03154
35	139	1.02595
35	143	1.04225
35	147	1.02691
35	152	1.05828
35	170	1.05044
35	172	1.03345
35	175	1.04781
35	180	1.024
36	1	0.626159
36	24	0.683137
36	86	1.16135
36	124	1.13891
36	127	1.15635
36	132	1.14291
36	139	1.14544
36	141	1.1704
36	143	1.16175
36	170	1.16994
36	171	0.633993
36	172	1.15295
36	178	0.660325
37	3	1.02949
37	7	1.02949
37	40	1.20082
37	54	1.13801
37	56	1.02882
37	59	1.17427
37	60	0.635295
37	62	1.06594
37	95	0.757893
37	97	0.670396
37	158	1.15848
37	163	1.16913
37	173	1.20555
37	179	0.744627
38	9	1.14607
38	27	1.23674
38	61	1.206
38	62	1.1917
38	66	1.27266
38	71	1.23636
38	126	0.523969
38	130	0.593361
38	142	0.517919
38	158	1.28425
38	163	1.2949
38	165	0.569465
38	168	0.601308
38	173	1.33131
39	106	1.12745
39	129	0.696999
39	136	1.13816
39	146	1.12035
39	149	1.11958
39	156	1.10184
39	166	1.11436
39	167	1.12296
39	168	1.1161
39	169	1.12601
39	174	1.1132
39	175	0.683047
39	177	0.720849
39	178	0.706699
40	6	1.26391
40	37	1.20082
40	54	1.25159
40	56	1.1424
40	59	1.28786
40	62	1.17952
40	78	0.647724
40	132	0.568385
40	158	1.27206
40	160	0.532509
40	163	1.28272
40	165	0.525139
40	173	1.31913
40	180	0.528281
41	16	1.11601
41	43	1.09775
41	77	1.06928
41	90	1.1178
41	102	1.16666
41	114	1.10775
41	116	1.14286
41	128	1.07863
41	131	1.16768
41	142	0.696373
41	161	0.708616
41	170	1.1356
41	174	0.708566
41	175	0.693838
42	63	0.617234
42	103	0.715702
42	130	0.749287
42	138	1.12191
42	144	1.11132
42	148	1.11476
42	149	1.11608
42	154	1.13011
42	165	0.725391
42	166	1.11086
42	167	1.11946
42	168	1.1126
42	169	1.1225
42	171	1.1404
43	8	1.03907
43	28	0.691031
43	41	1.09775
43	87	1.12787
43	102	1.16251
43	108	0.63523
43	111	1.16107
43	114	1.10359
43	116	1.1387
43	128	1.07447
43	131	1.16352
43	152	0.726755
43	170	1.13144
43	180	0.75259
44	3	1.03454
44	6	1.15538
44	7	1.03454
44	54	1.14306
44	56	1.03387
44	59	1.17932
44	62	1.07099
44	158	1.16353
44	163	1.17418
44	164	0.724885
44	165	0.717371
44	173	1.21059
44	174	0.678019
44	178	0.686944
45	60	0.668533
45	68	1.14214
45	99	0.720418
45	117	1.13794
45	124	1.09799
45	127	1.11543
45	137	1.12793
45	139	1.10452
45	141	1.12948
45	143	1.12083
45	157	1.11169
45	172	1.11203
45	173	0.661857
45	174	0.75718
46	63	0.508224
46	83	0.565484
46	92	1.26172
46	93	0.535526
46	145	0.600567
46	146	1.24321
46	148	1.24112
46	159	1.24705
46	166	1.23721
46	167	1.24581
46	168	1.23896
46	169	1.24886
46	174	1.23606
46	177	0.600103
47	54	0.661654
47	77	0.772114
47	83	1.15025
47	91	0.697678
47	102	0.659988
47	123	1.10495
47	135	1.11157
47	160	1.12247
47	175	1.13304
47	176	1.13026
47	177	1.11341
47	178	1.11661
47	179	1.10821
47	180	1.10923
48	2	1.18735
48	5	1.0664
48	17	1.0196
48	21	1.14127
48	22	1.14796
48	25	1.15316
48	27	1.11986
48	61	1.08912
48	66	1.15578
48	71	1.11949
48	147	0.717951
48	164	0.724727
48	174	0.677861
48	178	0.686786
49	19	0.761613
49	80	0.749341
49	108	0.715997
49	113	1.13301
49	138	1.0928
49	142	0.778669
49	148	1.08565
49	153	1.09815
49	156	1.06923
49	159	1.09159
49	166	1.08175
49	167	1.09035
49	168	1.08349
49	169	1.09339
49	174	1.08059
50	16	1.18332
50	87	1.19934
50	90	1.18511
50	106	0.648331
50	111	1.23254
50	114	1.17506
50	116	1.21017
50	121	1.23061
50	128	1.14594
50	131	1.23499
50	158	0.537102
50	162	0.615027
50	164	0.625791
50	170	1.20291
50	174	0.578925
51	12	0.569887
51	16	0.665678
51	91	1.19149
51	120	1.24513
51	127	1.19321
51	137	1.20572
51	139	1.18231
51	140	1.17999
51	141	1.20726
51	143	1.19861
51	157	1.18948
51	159	0.668671
51	170	1.20681
51	173	0.508524
51	175	0.589118
52	34	0.98864
52	64	1.25231
52	70	1.22965
52	71	0.60861
52	77	1.15597
52	111	1.25192
52	116	1.22955
52	121	1.24999
52	128	1.16532
52	130	0.603693
52	131	1.25437
52	146	0.625034
52	162	0.576546
52	164	0.58731
52	170	1.22229
53	85	1.10119
53	106	1.09394
53	107	0.734738
53	118	0.743392
53	125	1.13727
53	129	0.738468
53	146	1.08685
53	149	1.08608
53	156	1.06833
53	159	1.09069
53	166	1.08086
53	168	1.0826
53	169	1.0925
53	170	0.788092
53	174	1.0797
54	3	1.08026
54	7	1.08026
54	37	1.13801
54	40	1.25159
54	44	1.14306
54	47	0.661654
54	56	1.07959
54	59	1.22504
54	62	1.11671
54	98	0.701743
54	142	0.593631
54	158	1.20925
54	163	1.21991
54	172	0.635994
54	173	1.25632
54	178	0.61475
55	59	0.573948
55	104	0.650659
55	113	0.639026
55	131	0.630439
55	142	1.16778
55	151	0.697731
55	155	1.15483
55	160	1.16798
55	165	1.16144
55	172	1.16418
55	175	1.17854
55	176	1.17577
55	177	1.15892
55	178	1.16211
55	179	1.15372
55	180	1.15473
56	3	0.971072
56	6	1.09191
56	7	0.971072
56	37	1.02882
56	40	1.1424
56	44	1.03387
56	54	1.07959
56	59	1.11585
56	62	1.00752
56	69	0.857572
56	150	0.798114
56	158	1.10006
56	163	1.11071
56	171	0.752203
56	172	0.799779
56	173	1.14713
57	32	0.635664
57	78	1.08026
57	82	1.15629
57	84	0.724439
57	88	1.13979
57	120	1.18206
57	127	1.13014
57	132	1.1167
57	136	0.691166
57	137	1.14264
57	139	1.11924
57	141	1.14419
57	143	1.13554
57	157	1.1264
57	171	0.665823
57	172	1.12674
57	174	0.68323
58	68	0.654535
58	118	1.13499
58	152	1.14727
58	154	0.691805
58	159	0.716716
58	161	1.12449
58	162	1.12297
58	163	0.607528
58	164	1.11327
58	168	0.723086
58	171	1.141
58	173	1.21671
58	175	1.1368
58	177	1.11717
58	178	1.12037
58	179	1.11198
58	180	1.11299
59	3	1.11653
59	6	1.23736
59	7	1.11653
59	37	1.17427
59	40	1.28786
59	44	1.17932
59	54	1.22504
59	55	0.573948
59	56	1.11585
59	62	1.15297
59	92	0.606049
59	98	0.645751
59	158	1.24552
59	160	0.596555
59	162	0.585935
59	163	1.25617
59	164	0.596699
59	173	1.29258
60	16	1.19641
60	37	0.635295
60	45	0.668533
60	90	1.19819
60	114	1.18814
60	121	1.2437
60	127	0.584376
60	128	1.15902
60	133	0.557273
60	144	0.593227
60	154	0.554639
60	160	1.20279
60	170	1.21599
60	175	1.21336
60	176	1.21058
60	177	1.19373
60	179	1.18854
60	180	1.18955
61	2	1.17145
61	5	1.0505
61	9	1.01329
61	17	1.0037
61	21	1.12537
61	22	1.13206
61	25	1.13726
61	27	1.10396
61	29	1.12381
61	38	1.206
61	48	1.08912
61	66	1.13988
61	71	1.10359
61	107	0.700695
61	135	0.733096
61	172	0.73537
61	178	0.714126
61	179	0.725886
62	3	1.00819
62	6	1.12902
62	7	1.00819
62	30	0.736891
62	37	1.06594
62	38	1.1917
62	40	1.17952
62	44	1.07099
62	54	1.11671
62	56	1.00752
62	59	1.15297
62	80	0.663546
62	116	0.715858
62	158	1.13718
62	162	0.74117
62	163	1.14783
62	173	1.18424
62	180	0.747562
63	1	1.24626
63	23	1.20801
63	42	0.617234
63	46	0.508224
63	78	0.696503
63	105	1.25218
63	109	1.19105
63	135	1.18556
63	141	0.590003
63	150	1.17865
63	155	1.18332
63	159	0.599391
63	161	1.19471
63	170	0.583415
63	176	1.20425
63	178	1.1906
63	179	1.1822
63	180	1.18322
64	52	1.25231
64	77	1.13299
64	87	1.19575
64	89	0.614009
64	90	1.18151
64	95	0.614944
64	102	1.23038
64	111	1.22895
64	114	1.17146
64	116	1.20657
64	121	1.22702
64	128	1.14235
64	131	1.23139
64	152	0.597651
64	162	0.617094
64	170	1.19931
64	171	0.563585
64	177	0.604067
65	88	0.67328
65	89	1.11762
65	106	0.733541
65	118	1.11631
65	144	0.742637
65	145	1.09652
65	149	0.73953
65	154	0.70405
65	155	1.09441
65	158	1.15097
65	161	1.10581
65	164	1.09459
65	165	1.10102
65	175	1.11812
65	176	1.11534
65	178	1.10169
65	179	1.0933
65	180	1.09431
66	2	1.23811
66	5	1.11717
66	9	1.07996
66	17	1.07037
66	21	1.19204
66	22	1.19873
66	25	1.20393
66	27	1.17063
66	29	1.19048
66	38	1.27266
66	48	1.15578
66	61	1.13988
66	71	1.17025
66	89	0.648303
66	160	0.662008
66	162	0.651388
66	171	0.597878
66	174	0.615286
66	179	0.635971
67	87	0.764952
67	98	1.05681
67	105	1.14391
67	119	0.785713
67	123	1.07066
67	125	0.733083
67	134	1.08248
67	138	0.794135
67	142	1.08799
67	155	1.07504
67	160	1.08818
67	163	0.713247
67	164	1.07521
67	165	1.08165
67	171	1.10295
67	175	1.09875
67	177	1.07912
67	178	1.08232
67	180	1.07494
68	12	0.572056
68	45	1.14214
68	58	0.654535
68	96	1.15407
68	112	1.1408
68	115	0.633798
68	117	1.19133
68	120	1.22073
68	123	0.667802
68	124	1.15138
68	132	1.15538
68	137	1.18132
68	138	0.642541
68	139	1.15791
68	141	1.18287
68	143	1.17422
68	170	1.18241
68	172	1.16542
68	177	0.62909
69	56	0.857572
69	97	1.12287
69	102	0.692121
69	107	1.07968
69	118	1.08929
69	133	0.733881
69	148	0.746784
69	150	1.06272
69	152	1.10157
69	155	1.06739
69	164	1.06757
69	168	0.762528
69	172	1.07674
69	173	1.17101
69	174	1.0646
69	176	1.08832
69	178	1.07467
69	179	1.06628
69	180	1.06729
70	11	0.573227
70	52	1.22965
70	87	1.17309
70	98	1.13208
70	101	0.622239
70	113	0.613946
70	121	1.20436
70	128	1.11969
70	131	1.20873
70	135	1.15256
70	152	1.18449
70	154	0.64232
70	159	0.66723
70	161	1.16171
70	168	0.673601
70	170	1.17665
70	178	1.15759
70	179	1.1492
70	180	1.15021
71	9	1.04366
71	22	1.16243
71	25	1.16763
71	26	0.674857
71	38	1.23636
71	48	1.11949
71	52	0.60861
71	61	1.10359
71	66	1.17025
71	91	1.13631
71	126	0.665393
71	127	1.13803
71	132	1.12459
71	137	1.15053
71	141	1.15208
71	143	1.14343
71	155	0.692263
71	161	0.671586
71	170	1.15162
71	177	0.694611
72	20	0.621319
72	85	1.20866
72	113	1.2396
72	115	1.22153
72	119	1.20499
72	123	0.636718
72	147	0.615022
72	149	1.19355
72	151	1.19045
72	152	0.59159
72	153	1.20474
72	156	1.17581
72	158	0.533108
72	159	1.19817
72	166	1.18833
72	167	1.19693
72	168	1.19007
72	169	1.19998
72	174	1.18717
72	179	0.595616
72	180	0.617426
73	6	0.554928
73	16	0.603034
73	84	0.58241
73	85	0.607622
73	106	0.610608
73	109	1.20201
73	122	1.24019
73	123	1.1899
73	130	1.18918
73	139	0.620487
73	147	1.19708
73	150	1.18961
73	164	1.19445
73	165	1.20088
73	168	0.612397
73	174	1.19148
73	175	1.21798
73	177	1.19836
73	178	1.20155
73	179	1.19316
73	180	1.19418
74	82	0.691744
74	88	0.68522
74	89	1.12467
74	93	1.16463
74	125	0.651548
74	138	0.7126
74	143	0.702852
74	145	1.10357
74	147	1.10427
74	152	1.13564
74	158	1.15802
74	160	1.11461
74	164	1.10164
74	168	0.747271
74	171	1.12938
74	175	1.12517
74	176	1.1224
74	177	1.10555
74	178	1.10874
74	179	1.10035
74	180	1.10136
75	14	0.574869
75	25	0.662445
75	93	1.22371
75	100	1.20328
75	112	0.679267
75	116	0.599623
75	123	1.15617
75	136	1.18271
75	137	0.618535
75	138	1.16997
75	141	0.64427
75	143	0.61561
75	159	1.16875
75	161	1.17194
75	166	1.15891
75	167	1.16751
75	169	1.17056
75	174	1.15775
75	175	1.18425
75	177	1.16463
75	179	1.15943
75	180	1.16044
76	85	1.18063
76	93	0.572572
76	95	0.648027
76	100	1.20467
76	125	1.21672
76	126	0.607932
76	133	1.16222
76	135	0.64197
76	136	1.1841
76	138	1.17136
76	144	1.16077
76	148	1.16421
76	149	1.16552
76	150	0.642578
76	151	1.16242
76	153	1.17671
76	156	1.14778
76	167	1.1689
76	168	1.16204
76	169	1.17195
76	172	0.644244
76	180	0.65657
77	8	1.0106
77	24	1.11855
77	41	1.06928
77	47	0.772114
77	52	1.15597
77	64	1.13299
77	87	1.0994
77	90	1.08517
77	102	1.13404
77	111	1.1326
77	112	1.06136
77	114	1.07512
77	116	1.11023
77	121	1.13067
77	126	0.710143
77	128	1.046
77	131	1.13505
77	147	0.756376
77	170	1.10297
77	174	0.716286
77	176	0.714751
77	177	0.73936
78	40	0.647724
78	57	1.08026
78	63	0.696503
78	88	1.10187
78	90	1.08801
78	102	1.13688
78	107	0.760802
78	111	1.13545
78	114	1.07796
78	121	1.13352
78	124	1.07478
78	128	1.04884
78	131	1.13789
78	137	1.10472
78	139	1.08131
78	141	1.10627
78	143	1.09762
78	161	0.765358
78	170	1.10581
78	172	1.08882
78	175	0.75058
78	179	0.785993
79	21	0.625837
79	95	1.15988
79	101	0.593711
79	103	1.18666
79	129	1.18116
79	135	1.16508
79	138	0.610403
79	145	1.16495
79	156	0.660754
79	157	0.632576
79	160	1.17598
79	161	1.17424
79	165	1.16945
79	166	0.644434
79	170	0.622726
79	171	1.19075
79	175	1.18655
79	176	1.18377
79	177	1.16692
79	178	1.17012
79	179	1.16173
79	180	1.16274
80	49	0.749341
80	62	0.663546
80	101	0.581682
80	108	1.222
80	110	0.647883
80	120	0.529366
80	126	1.18507
80	129	1.17917
80	130	1.15575
80	143	0.588625
80	147	1.16366
80	160	1.17399
80	162	1.17073
80	165	1.16746
80	168	0.633044
80	171	1.18877
80	174	1.15806
80	176	1.18179
80	177	1.16494
80	178	1.16813
80	179	1.15974
80	180	1.16075
81	18	1.18507
81	94	0.643185
81	110	1.15313
81	125	1.21441
81	136	1.1818
81	138	1.16906
81	144	1.15846
81	147	0.661729
81	151	1.16012
81	153	1.17441
81	154	1.17725
81	156	1.14548
81	163	1.22684
81	166	1.158
81	167	1.1666
81	168	1.15974
81	169	1.16964
81	172	0.651807
81	173	0.526317
81	176	0.620104
81	177	0.644713
81	180	0.664133
82	57	1.15629
82	74	0.691744
82	86	1.17325
82	88	1.1779
82	91	1.16653
82	103	0.648703
82	117	1.19076
82	120	1.22017
82	132	1.15481
82	137	1.18075
82	139	1.15735
82	140	1.15503
82	141	1.1823
82	143	1.17365
82	157	1.16451
82	162	0.655142
82	167	0.618098
82	170	1.18184
82	172	1.16485
82	173	0.523718
82	177	0.642114
82	178	0.627964
83	29	0.632681
83	46	0.565484
83	47	1.15025
83	93	1.2207
83	106	0.661232
83	108	1.21868
83	126	1.18174
83	131	0.594779
83	134	1.16497
83	140	0.667373
83	150	1.15286
83	153	0.607302
83	160	1.17067
83	166	0.662383
83	171	1.18544
83	174	1.15474
83	175	1.18124
83	176	1.17846
83	177	1.16161
83	178	1.16481
83	179	1.15641
83	180	1.15743
84	57	0.724439
84	73	0.58241
84	100	1.17631
84	101	1.17961
84	113	1.1832
84	116	0.65537
84	133	1.13385
84	134	0.672766
84	140	1.13309
84	146	1.13793
84	148	1.13584
84	151	1.13405
84	153	1.14834
84	157	1.14258
84	159	1.14177
84	162	1.14344
84	163	1.20078
84	166	1.13194
84	168	1.13368
84	169	1.14358
84	172	0.674748
84	175	0.629852
84	177	0.667654
85	53	1.10119
85	72	1.20866
85	73	0.607622
85	76	1.18063
85	105	0.530976
85	106	1.14676
85	113	1.18494
85	115	1.16687
85	130	0.73304
85	144	1.13413
85	145	0.69333
85	146	1.13966
85	149	1.13889
85	154	1.15293
85	159	1.14351
85	162	1.14518
85	166	1.13367
85	167	1.14227
85	168	1.13541
85	169	1.14532
85	175	0.655064
85	178	0.678716
85	180	0.712286
86	28	0.631693
86	36	1.16135
86	82	1.17325
86	88	1.15675
86	96	1.13235
86	99	0.613997
86	112	1.11909
86	120	1.19902
86	123	0.712544
86	124	1.12967
86	127	1.14711
86	132	1.13367
86	137	1.15961
86	139	1.1362
86	140	1.13388
86	141	1.16116
86	143	1.1525
86	145	0.674297
86	170	1.1607
86	172	1.1437
86	175	0.63603
86	176	0.649223
86	180	0.693252
87	14	1.19372
87	24	1.1813
87	26	0.614034
87	34	0.932074
87	43	1.12787
87	50	1.19934
87	64	1.19575
87	67	0.764952
87	70	1.17309
87	77	1.0994
87	102	1.19679
87	112	1.12411
87	114	1.13787
87	116	1.17298
87	121	1.19343
87	128	1.10875
87	131	1.1978
87	147	0.650804
87	154	0.650628
87	159	0.675539
87	170	1.16572
87	171	0.593306
87	180	0.653208
88	57	1.13979
88	65	0.67328
88	74	0.68522
88	78	1.10187
88	82	1.1779
88	86	1.15675
88	91	1.15003
88	96	1.137
88	117	1.17426
88	124	1.13431
88	132	1.13832
88	133	0.655065
88	137	1.16426
88	139	1.14085
88	141	1.1658
88	143	1.15715
88	152	0.629175
88	156	0.699393
88	157	1.14802
88	162	0.648618
88	170	1.16534
88	172	1.14835
88	176	0.610981
89	1	1.20276
89	13	0.609165
89	64	0.614009
89	65	1.11762
89	66	0.648303
89	74	1.12467
89	92	0.692603
89	103	1.16364
89	111	0.615939
89	127	0.706039
89	147	1.14262
89	151	0.706633
89	161	1.15121
89	162	1.14969
89	164	1.13999
89	165	1.14642
89	171	1.16773
89	175	1.16352
89	176	1.16075
89	177	1.1439
89	178	1.14709
89	179	1.1387
89	180	1.13971
90	14	1.17949
90	41	1.1178
90	50	1.18511
90	60	1.19819
90	64	1.18151
90	77	1.08517
90	78	1.08801
90	102	1.18256
90	108	0.592446
90	111	1.18112
90	112	1.10988
90	114	1.12364
90	116	1.15875
90	121	1.17919
90	128	1.09452
90	129	0.666536
90	131	1.18357
90	155	0.688039
90	158	0.625489
90	170	1.15149
90	172	0.69748
90	174	0.667312
90	178	0.676237
91	47	0.697678
91	51	1.19149
91	71	1.13631
91	82	1.16653
91	88	1.15003
91	109	0.634446
91	110	0.727884
91	117	1.16289
91	120	1.1923
91	124	1.12294
91	126	0.635706
91	127	1.14038
91	132	1.12695
91	137	1.15289
91	139	1.12948
91	141	1.15443
91	142	0.629656
91	143	1.14578
91	152	0.658508
91	157	1.13665
91	170	1.15397
91	171	0.624442
91	172	1.13698
92	46	1.26172
92	59	0.606049
92	89	0.692603
92	93	0.618083
92	110	1.13297
92	118	0.663735
92	119	1.1545
92	129	0.65881
92	138	1.1489
92	144	1.1383
92	146	1.14383
92	148	1.14174
92	151	1.13996
92	153	1.15425
92	156	1.12532
92	157	1.14849
92	166	1.13784
92	167	1.14644
92	168	1.13958
92	169	1.14949
92	174	1.13668
92	178	0.668511
92	180	0.70208
93	46	0.535526
93	74	1.16463
93	75	1.22371
93	76	0.572572
93	83	1.2207
93	92	0.618083
93	97	1.23526
93	102	0.562656
93	107	1.19206
93	126	1.20399
93	127	0.63152
93	130	1.17468
93	134	1.18722
93	144	0.64037
93	150	1.17511
93	157	0.620567
93	162	1.18965
93	170	0.610717
93	173	1.2834
93	175	1.20348
93	176	1.20071
93	178	1.18706
93	179	1.17866
93	180	1.17968
94	12	1.17957
94	13	0.597694
94	81	0.643185
94	96	0.708649
94	97	1.15889
94	106	0.694323
94	122	1.14932
94	126	1.12763
94	128	0.762143
94	129	1.12173
94	132	0.707515
94	135	1.10565
94	141	0.680353
94	147	1.10621
94	150	1.09874
94	158	1.15997
94	165	1.11002
94	173	1.20703
94	175	1.12712
94	176	1.12434
94	177	1.10749
94	178	1.11069
94	179	1.10229
94	180	1.10331
95	37	0.757893
95	64	0.614944
95	76	0.648027
95	79	1.15988
95	103	1.13747
95	127	0.706974
95	129	1.13197
95	133	0.679871
95	141	0.692759
95	147	1.11645
95	148	0.692773
95	150	1.10898
95	155	1.11365
95	162	1.12352
95	165	1.12026
95	172	1.123
95	173	1.21727
95	174	1.11086
95	175	1.13736
95	176	1.13458
95	177	1.11773
95	178	1.12093
95	179	1.11253
95	180	1.11355
96	10	1.05252
96	11	0.657924
96	68	1.15407
96	86	1.13235
96	88	1.137
96	94	0.708649
96	118	0.691252
96	120	1.17927
96	122	1.16051
96	124	1.10991
96	127	1.12735
96	132	1.11391
96	137	1.13985
96	139	1.11645
96	140	1.11413
96	141	1.1414
96	143	1.13275
96	157	1.12362
96	158	0.645279
96	167	0.686161
96	170	1.14094
96	172	1.12395
96	174	0.687103
96	180	0.729597
97	5	0.738668
97	37	0.670396
97	69	1.12287
97	93	1.23526
97	94	1.15889
97	114	0.646626
97	123	1.16771
97	135	1.17433
97	139	0.629111
97	145	1.1742
97	147	1.17489
97	150	1.16742
97	153	0.565302
97	159	0.61465
97	162	1.18196
97	163	0.505462
97	164	1.17226
97	165	1.17869
97	168	0.621021
97	171	1.2
97	176	1.19302
97	177	1.17617
97	178	1.17937
97	179	1.17097
97	180	1.17199
98	2	0.649171
98	19	1.12232
98	54	0.701743
98	59	0.645751
98	67	1.05681
98	70	1.13208
98	105	1.16724
98	109	1.10611
98	129	1.1167
98	152	1.13255
98	155	1.09837
98	157	0.757987
98	160	1.11152
98	164	1.09855
98	165	1.10498
98	166	0.769845
98	167	0.698347
98	168	0.770484
98	172	1.10772
98	175	1.12208
98	176	1.11931
98	177	1.10246
98	178	1.10566
98	179	1.09726
98	180	1.09828
99	12	1.23593
99	45	0.720418
99	86	0.613997
99	107	1.17206
99	119	0.594713
99	136	0.574546
99	139	0.645895
99	142	1.17271
99	147	1.16257
99	151	0.636855
99	155	1.15977
99	158	1.21633
99	160	1.17291
99	161	1.17116
99	165	1.16637
99	166	0.637167
99	167	0.565668
99	171	1.18768
99	172	1.16912
99	175	1.18347
99	176	1.1807
99	177	1.16385
99	178	1.16705
99	179	1.15865
99	180	1.15967
100	15	0.617808
100	31	0.6117
100	75	1.20328
100	76	1.20467
100	84	1.17631
100	101	1.20539
100	123	0.659943
100	136	1.18151
100	138	1.16877
100	141	0.653594
100	144	1.15818
100	148	1.16161
100	151	1.15983
100	154	1.17697
100	159	1.16755
100	161	0.598207
100	163	1.22656
100	166	1.15771
100	167	1.16631
100	168	1.15945
100	169	1.16936
100	174	1.15655
100	178	0.607081
100	179	0.618842
100	180	0.640651
101	70	0.622239
101	79	0.593711
101	80	0.581682
101	84	1.17961
101	100	1.20539
101	104	1.18557
101	125	1.21743
101	137	0.652906
101	138	1.17207
101	144	1.16148
101	146	1.16701
101	149	1.16624
101	152	0.639863
101	153	1.17742
101	154	1.18027
101	156	1.1485
101	159	1.17086
101	161	0.623254
101	162	1.17253
101	164	0.67007
101	167	1.16962
101	168	1.16276
101	169	1.17266
101	171	1.19057
101	176	0.621669
102	14	1.22835
102	16	1.18077
102	34	0.966709
102	41	1.16666
102	43	1.16251
102	47	0.659988
102	64	1.23038
102	69	0.692121
102	77	1.13404
102	78	1.13688
102	87	1.19679
102	90	1.18256
102	93	0.562656
102	111	1.22999
102	114	1.17251
102	116	1.20762
102	121	1.22806
102	122	0.596079
102	128	1.14339
102	131	1.23244
102	134	0.632345
102	155	0.624886
102	169	0.64835
102	170	1.20036
102	175	0.589431
103	6	0.64676
103	42	0.715702
103	79	1.18666
103	82	0.648703
103	89	1.16364
103	95	1.13747
103	113	0.644575
103	120	0.600551
103	123	1.13605
103	129	1.15875
103	138	0.669559
103	145	1.14254
103	155	1.14043
103	160	1.15357
103	161	1.15183
103	163	0.588671
103	164	1.1406
103	165	1.14704
103	169	0.677224
103	173	1.24405
103	175	1.16414
103	176	1.16136
103	177	1.14451
103	178	1.14771
103	179	1.13932
103	180	1.14033
104	23	0.622296
104	55	0.650659
104	101	1.18557
104	116	0.637333
104	119	1.15455
104	125	1.19431
104	133	1.13981
104	136	1.16169
104	138	1.14895
104	144	1.13836
104	146	1.14389
104	147	0.666634
104	149	1.14311
104	151	1.14001
104	152	0.643203
104	153	1.1543
104	159	1.14773
104	160	0.673265
104	163	1.20674
104	165	0.665896
104	166	1.13789
104	167	1.14649
104	168	1.13963
104	169	1.14954
104	171	1.16744
104	177	0.649618
105	1	1.24842
105	34	1.23131
105	63	1.25218
105	67	1.14391
105	85	0.530976
105	98	1.16724
105	108	1.24662
105	126	1.20969
105	127	0.534207
105	135	1.18772
105	142	1.19842
105	146	0.549144
105	150	1.1808
105	151	0.5348
105	152	1.21965
105	156	0.551431
105	157	0.523254
105	163	0.420192
105	164	1.18565
105	165	1.19208
105	170	0.513404
105	175	1.20918
105	176	1.20641
105	177	1.18956
105	178	1.19275
105	179	1.18436
105	180	1.18537
106	39	1.12745
106	50	0.648331
106	53	1.09394
106	65	0.733541
106	73	0.610608
106	83	0.661232
106	85	1.14676
106	94	0.694323
106	115	1.15963
106	125	1.18284
106	138	1.13748
106	144	1.12689
106	146	1.13242
106	148	1.13033
106	151	1.12854
106	153	1.14283
106	154	1.14568
106	159	1.13626
106	161	0.672827
106	166	1.12643
106	167	1.13503
106	168	1.12817
106	169	1.13807
106	171	1.15597
106	172	0.702946
106	174	1.12527
106	178	0.681702
107	53	0.734738
107	61	0.700695
107	69	1.07968
107	78	0.760802
107	93	1.19206
107	99	1.17206
107	115	0.626646
107	116	0.609654
107	130	1.1238
107	131	0.601818
107	134	1.13633
107	135	1.13114
107	142	1.14184
107	145	1.13101
107	147	1.1317
107	149	0.67426
107	155	1.12889
107	156	0.685741
107	162	1.13877
107	164	1.12907
107	165	1.1355
107	175	1.1526
107	176	1.14983
107	177	1.13298
107	178	1.13617
107	179	1.12778
107	180	1.12879
108	21	0.580465
108	30	0.560328
108	43	0.63523
108	49	0.715997
108	80	1.222
108	83	1.21868
108	90	0.592446
108	105	1.24662
108	110	0.614539
108	126	1.20197
108	129	1.19608
108	135	1.18
108	141	0.583942
108	145	1.17987
108	148	0.583957
108	150	1.17309
108	152	1.21193
108	161	1.18915
108	164	1.17793
108	167	0.527563
108	173	1.28138
108	175	1.20146
108	176	1.19869
108	177	1.18184
108	178	1.18503
108	179	1.17664
108	180	1.17765
109	5	0.78481
109	15	0.615618
109	33	1.15039
109	63	1.19105
109	73	1.20201
109	91	0.634446
109	98	1.10611
109	124	0.693711
109	130	1.11924
109	135	1.12659
109	144	0.67447
109	145	1.12645
109	151	0.666212
109	155	1.12434
109	157	0.654666
109	160	1.13748
109	161	1.13574
109	164	1.12452
109	166	0.666524
109	172	1.13369
109	174	1.12155
109	175	1.14805
109	176	1.14528
109	177	1.12843
109	178	1.13162
109	179	1.12323
109	180	1.12424
110	80	0.647883
110	81	1.15313
110	91	0.727884
110	92	1.13297
110	108	0.614539
110	115	1.14167
110	117	0.723809
110	119	1.12514
110	133	1.11039
110	144	1.10894
110	145	0.712944
110	146	1.11447
110	148	1.11238
110	149	1.1137
110	152	0.706064
110	153	1.12488
110	154	1.12773
110	156	1.09595
110	157	1.11912
110	159	1.11831
110	160	0.736127
110	164	0.736271
110	166	1.10847
110	167	1.11707
110	168	1.11021
110	169	1.12012
110	171	1.13802
110	174	1.10732
111	8	1.10656
111	14	1.22692
111	24	1.2145
111	34	0.965277
111	35	0.846759
111	43	1.16107
111	50	1.23254
111	52	1.25192
111	64	1.22895
111	77	1.1326
111	78	1.13545
111	89	0.615939
111	90	1.18112
111	102	1.22999
111	112	1.15732
111	114	1.17107
111	116	1.20618
111	121	1.22663
111	128	1.14196
111	131	1.231
111	145	0.606461
111	147	0.623012
111	168	0.654118
111	170	1.19892
111	171	0.565515
111	173	0.4876
111	177	0.605996
111	179	0.603607
112	18	0.712373
112	68	1.1408
112	75	0.679267
112	77	1.06136
112	86	1.11909
112	87	1.12411
112	90	1.10988
112	111	1.15732
112	114	1.09983
112	116	1.13494
112	117	1.1366
112	121	1.15539
112	127	1.11409
112	128	1.07072
112	131	1.15976
112	132	1.10065
112	137	1.12659
112	139	1.10318
112	141	1.12814
112	143	1.11949
112	150	0.722308
112	157	1.11035
112	165	0.733157
112	170	1.12768
112	171	0.676397
112	174	0.693805
112	175	0.679077
112	179	0.71449
113	19	0.585662
113	49	1.13301
113	55	0.639026
113	70	0.613946
113	72	1.2396
113	84	1.1832
113	85	1.18494
113	103	0.644575
113	115	1.1978
113	122	0.606832
113	136	1.1884
113	137	0.644613
113	138	1.17566
113	144	1.16507
113	148	1.16851
113	154	1.18386
113	156	1.15208
113	159	1.17444
113	162	1.17611
113	163	1.23345
113	166	1.1646
113	167	1.1732
113	168	1.16635
113	169	1.17625
113	174	1.16345
113	175	0.600184
113	176	0.613376
113	180	0.657406
114	8	1.04907
114	16	1.12185
114	34	0.907792
114	41	1.10775
114	43	1.10359
114	50	1.17506
114	60	1.18814
114	64	1.17146
114	77	1.07512
114	78	1.07796
114	87	1.13787
114	90	1.12364
114	97	0.646626
114	102	1.17251
114	111	1.17107
114	112	1.09983
114	116	1.1487
114	121	1.16914
114	123	0.761958
114	128	1.08447
114	131	1.17352
114	143	0.726949
114	157	0.75887
114	170	1.14144
114	171	0.682764
114	173	0.60485
114	174	0.700172
114	177	0.723246
115	23	0.626905
115	68	0.633798
115	72	1.22153
115	85	1.16687
115	106	1.15963
115	107	0.626646
115	110	1.14167
115	113	1.1978
115	116	0.641942
115	135	0.659047
115	136	1.17034
115	138	1.15759
115	146	1.15253
115	148	1.15044
115	149	1.15176
115	153	1.16294
115	154	1.16579
115	156	1.13402
115	157	1.15718
115	159	1.15638
115	160	0.677874
115	166	1.14654
115	167	1.15514
115	168	1.14828
115	169	1.15818
115	172	0.661321
115	174	1.14538
115	176	0.629618
115	179	0.651837
116	8	1.08418
116	14	1.20455
116	24	1.19213
116	34	0.942901
116	41	1.14286
116	43	1.1387
116	50	1.21017
116	52	1.22955
116	62	0.715858
116	64	1.20657
116	75	0.599623
116	77	1.11023
116	84	0.65537
116	87	1.17298
116	90	1.15875
116	102	1.20762
116	104	0.637333
116	107	0.609654
116	111	1.20618
116	112	1.13494
116	114	1.1487
116	115	0.641942
116	121	1.20425
116	128	1.11958
116	131	1.20863
116	166	0.684717
116	170	1.17655
116	172	0.644329
116	176	0.612625
117	10	1.08978
117	33	0.611691
117	35	1.05936
117	45	1.13794
117	68	1.19133
117	82	1.19076
117	88	1.17426
117	91	1.16289
117	110	0.723809
117	112	1.1366
117	120	1.21653
117	122	1.19778
117	124	1.14718
117	127	1.16462
117	132	1.15118
117	137	1.17712
117	139	1.15371
117	141	1.17867
117	143	1.17001
117	144	0.716277
117	147	0.677865
117	150	0.666278
117	152	0.654434
117	157	1.16088
117	158	0.595951
117	170	1.17821
117	171	0.620367
117	172	1.16121
117	173	0.542453
118	11	0.578341
118	53	0.743392
118	58	1.13499
118	65	1.11631
118	69	1.08929
118	92	0.663735
118	96	0.691252
118	123	1.13413
118	124	0.705264
118	125	0.582992
118	126	1.16272
118	129	1.15682
118	130	1.1334
118	135	1.14075
118	142	1.15145
118	146	0.692109
118	147	1.14131
118	151	0.677765
118	155	1.1385
118	158	1.19506
118	164	1.13868
118	165	1.14511
118	170	0.656368
118	174	1.13571
118	175	1.16221
118	176	1.15943
118	177	1.14258
118	178	1.14578
118	179	1.13739
118	180	1.1384
119	17	0.893154
119	32	0.583908
119	67	0.785713
119	72	1.20499
119	92	1.1545
119	99	0.594713
119	104	1.15455
119	110	1.12514
119	129	0.630698
119	133	1.13192
119	136	1.1538
119	144	1.13047
119	146	1.136
119	148	1.1339
119	149	1.13522
119	150	0.659977
119	151	1.13212
119	153	1.14641
119	154	1.14926
119	158	0.589651
119	159	1.13984
119	161	0.631524
119	162	1.14151
119	166	1.13
119	167	1.1386
119	168	1.13174
119	169	1.14165
119	171	1.15955
119	174	1.12884
119	178	0.640399
120	20	0.617276
120	51	1.24513
120	57	1.18206
120	68	1.22073
120	80	0.529366
120	82	1.22017
120	86	1.19902
120	91	1.1923
120	96	1.17927
120	103	0.600551
120	117	1.21653
120	122	1.22718
120	124	1.17658
120	127	1.19402
120	132	1.18058
120	137	1.20652
120	139	1.18311
120	140	1.18079
120	141	1.20807
120	143	1.19942
120	149	0.646284
120	157	1.19028
120	160	0.61761
120	168	0.642084
120	170	1.20761
120	171	0.553481
120	172	1.19062
120	177	0.593963
120	179	0.591573
120	180	0.613382
121	8	1.10463
121	16	1.17741
121	20	0.651599
121	24	1.21257
121	28	0.586146
121	34	0.963346
121	50	1.23061
121	52	1.24999
121	60	1.2437
121	64	1.22702
121	70	1.20436
121	77	1.13067
121	78	1.13352
121	87	1.19343
121	90	1.17919
121	102	1.22806
121	111	1.22663
121	112	1.15539
121	114	1.16914
121	116	1.20425
121	128	1.14003
121	131	1.22907
121	139	0.684496
121	150	0.633714
121	158	0.563387
121	165	0.644563
121	170	1.19699
121	171	0.587803
121	174	0.605211
121	177	0.628285
121	179	0.625896
122	24	0.627027
122	27	0.567787
122	73	1.24019
122	94	1.14932
122	96	1.16051
122	102	0.596079
122	113	0.606832
122	117	1.19778
122	120	1.22718
122	124	1.15783
122	127	1.17527
122	132	1.16183
122	139	1.16436
122	141	1.18932
122	143	1.18067
122	150	1.15785
122	156	0.682167
122	159	0.660116
122	161	1.17391
122	163	0.550928
122	164	1.16269
122	166	0.665848
122	167	0.594349
122	169	0.639481
122	172	1.17186
122	173	1.26614
122	175	1.18622
122	176	1.18345
122	178	1.1698
122	179	1.1614
122	180	1.16242
123	26	1.14262
123	47	1.10495
123	67	1.07066
123	68	0.667802
123	72	0.636718
123	73	1.1899
123	75	1.15617
123	86	0.712544
123	97	1.16771
123	100	0.659943
123	103	1.13605
123	114	0.761958
123	118	1.13413
123	136	0.673093
123	142	1.12518
123	143	0.691934
123	145	1.11434
123	150	1.10756
123	152	1.14641
123	153	0.680633
123	155	1.11223
123	160	1.12537
123	161	1.12363
123	164	1.1124
123	165	1.11884
123	169	0.709348
123	175	1.13594
123	176	1.13316
123	178	1.11951
123	179	1.11112
123	180	1.11213
124	10	1.04984
124	15	1.18209
124	28	0.68205
124	36	1.13891
124	45	1.09799
124	68	1.15138
124	78	1.07478
124	86	1.12967
124	88	1.13431
124	91	1.12294
124	96	1.10991
124	109	0.693711
124	117	1.14718
124	118	0.705264
124	120	1.17658
124	122	1.15783
124	127	1.12467
124	132	1.11123
124	134	0.729301
124	137	1.13717
124	139	1.11376
124	140	1.11144
124	141	1.13872
124	143	1.13007
124	170	1.13826
124	171	0.683707
124	172	1.12127
124	173	0.605793
124	174	0.701115
124	176	0.69958
124	178	0.71004
125	1	0.553602
125	53	1.13727
125	67	0.733083
125	74	0.651548
125	76	1.21672
125	81	1.21441
125	101	1.21743
125	104	1.19431
125	106	1.18284
125	118	0.582992
125	129	0.578068
125	130	0.642092
125	133	1.17167
125	134	0.60703
125	135	0.606739
125	144	1.17022
125	148	1.17366
125	149	1.17497
125	151	1.17187
125	153	1.18616
125	154	1.18901
125	156	1.15723
125	157	1.1804
125	159	1.17959
125	162	1.18126
125	164	0.625709
125	166	1.16975
125	167	1.17835
125	168	1.17149
125	169	1.1814
125	170	0.627692
126	12	1.21698
126	24	0.628964
126	38	0.523969
126	71	0.665393
126	76	0.607932
126	77	0.710143
126	80	1.18507
126	83	1.18174
126	91	0.635706
126	93	1.20399
126	94	1.12763
126	105	1.20969
126	108	1.20197
126	118	1.16272
126	140	0.672774
126	150	1.13615
126	152	1.175
126	156	0.684104
126	160	1.15396
126	164	1.141
126	165	1.14743
126	167	0.596286
126	168	0.668423
126	171	1.16874
126	172	1.15017
126	174	1.13803
126	175	1.16453
126	176	1.16176
126	177	1.14491
126	178	1.1481
126	179	1.13971
126	180	1.14072
127	15	1.19953
127	36	1.15635
127	45	1.11543
127	51	1.19321
127	57	1.13014
127	60	0.584376
127	71	1.13803
127	86	1.14711
127	89	0.706039
127	91	1.14038
127	93	0.63152
127	95	0.706974
127	96	1.12735
127	105	0.534207
127	112	1.11409
127	117	1.16462
127	120	1.19402
127	122	1.17527
127	124	1.12467
127	132	1.12867
127	137	1.15461
127	139	1.1312
127	140	1.12888
127	141	1.15616
127	143	1.14751
127	148	0.728474
127	157	1.13837
127	161	0.673072
127	162	0.709124
127	170	1.1557
127	172	1.1387
127	174	0.673023
127	175	0.658295
128	8	1.01996
128	14	1.14032
128	16	1.09274
128	22	0.76029
128	24	1.1279
128	34	0.878675
128	41	1.07863
128	43	1.07447
128	50	1.14594
128	52	1.16532
128	60	1.15902
128	64	1.14235
128	70	1.11969
128	77	1.046
128	78	1.04884
128	87	1.10875
128	90	1.09452
128	94	0.762143
128	102	1.14339
128	111	1.14196
128	112	1.07072
128	114	1.08447
128	116	1.11958
128	121	1.14003
128	131	1.1444
128	136	0.748534
128	145	0.764136
128	163	0.696235
128	170	1.11232
128	173	0.645276
128	175	0.72587
128	176	0.739063
128	177	0.763672
129	26	1.16532
129	39	0.696999
129	53	0.738468
129	79	1.18116
129	80	1.17917
129	90	0.666536
129	92	0.65881
129	94	1.12173
129	95	1.13197
129	98	1.1167
129	103	1.15875
129	108	1.19608
129	118	1.15682
129	119	0.630698
129	125	0.578068
129	134	1.14237
129	135	1.13717
129	142	1.14788
129	146	0.687184
129	152	1.16911
129	155	1.13493
129	157	0.661294
129	161	1.14633
129	164	1.1351
129	165	1.14154
129	166	0.673152
129	167	0.601653
129	174	1.13214
129	176	1.15586
129	177	1.13901
129	178	1.14221
129	179	1.13382
129	180	1.13483
130	13	0.639397
130	19	1.13545
130	20	1.14406
130	31	1.13752
130	38	0.593361
130	42	0.749287
130	52	0.603693
130	73	1.18918
130	80	1.15575
130	85	0.73304
130	93	1.17468
130	107	1.1238
130	109	1.11924
130	118	1.1334
130	125	0.642092
130	132	0.749218
130	134	1.11895
130	138	0.703144
130	142	1.12446
130	145	1.11362
130	155	1.11151
130	160	1.12465
130	161	1.1229
130	164	1.11168
130	165	1.11812
130	167	0.665677
130	170	0.715468
130	172	1.12086
130	173	1.21513
130	175	1.13522
130	176	1.13244
130	177	1.11559
130	179	1.11039
130	180	1.11141
131	1	0.581082
131	8	1.109
131	14	1.22937
131	16	1.18178
131	24	1.21695
131	34	0.967722
131	41	1.16768
131	43	1.16352
131	50	1.23499
131	52	1.25437
131	55	0.630439
131	64	1.23139
131	70	1.20873
131	77	1.13505
131	78	1.13789
131	83	0.594779
131	87	1.1978
131	90	1.18357
131	102	1.23244
131	107	0.601818
131	111	1.231
131	112	1.15976
131	114	1.17352
131	116	1.20863
131	121	1.22907
131	128	1.1444
131	134	0.63451
131	151	0.676569
131	154	0.646239
131	161	0.606373
131	164	0.653189
131	170	1.20137
131	171	0.588916
131	175	0.591596
132	10	1.05384
132	15	1.18609
132	36	1.14291
132	40	0.568385
132	57	1.1167
132	68	1.15538
132	71	1.12459
132	82	1.15481
132	86	1.13367
132	88	1.13832
132	91	1.12695
132	94	0.707515
132	96	1.11391
132	112	1.10065
132	117	1.15118
132	120	1.18058
132	122	1.16183
132	124	1.11123
132	127	1.12867
132	130	0.749218
132	137	1.14117
132	139	1.11776
132	140	1.11544
132	141	1.14272
132	143	1.13407
132	145	0.709508
132	153	0.701446
132	162	0.722071
132	170	1.14226
132	171	0.668562
132	172	1.12527
132	173	0.590648
132	176	0.684434
132	179	0.706654
133	13	1.18704
133	35	0.909757
133	60	0.557273
133	69	0.733881
