1	4	1.3878
1	7	0.228646
1	22	1.32281
1	71	1.33114
1	81	1.35916
1	86	1.42737
1	91	1.38279
1	157	1.3887
1	169	0.627264
1	170	0.173179
1	173	0.677084
1	179	0.68996
2	27	1.30238
2	30	0.427403
2	44	1.38976
2	73	1.50172
2	75	1.44934
2	103	0.476827
2	147	0.405176
2	161	0.417142
2	169	1.53209
2	172	0.469233
2	177	1.62489
3	34	1.12545
3	51	1.34293
3	53	1.15101
3	65	1.12336
3	67	1.18877
3	80	1.22196
3	112	0.617004
3	131	1.20511
3	135	1.23742
3	152	0.54432
3	167	0.616758
3	172	0.618667
4	1	1.3878
4	22	1.323
4	71	1.33133
4	81	1.35935
4	86	1.42755
4	91	1.38298
4	127	0.526226
4	135	0.460405
4	157	1.38889
4	161	0.435286
4	165	0.496318
4	179	0.478231
5	12	1.21482
5	15	1.43089
5	72	1.36444
5	127	1.37242
5	134	1.37589
5	150	1.3641
5	156	0.793464
5	157	0.284987
5	158	0.731418
5	168	0.303174
5	169	1.47124
5	178	0.283223
6	47	1.30086
6	63	1.39091
6	77	1.28733
6	82	1.3582
6	93	1.33471
6	94	0.554026
6	99	1.39621
6	126	0.452302
6	156	0.454551
6	171	0.471247
6	177	1.53197
6	180	0.464243
7	1	0.228646
7	36	0.545546
7	64	0.476062
7	94	1.31246
7	121	0.573597
7	151	0.57934
7	172	1.37306
7	175	1.37622
7	176	1.39614
7	178	1.3777
7	179	1.37768
7	180	1.39145
8	32	1.41188
8	63	1.37997
8	77	1.27639
8	87	1.3017
8	93	1.32377
8	99	1.38527
8	109	0.465306
8	112	0.485785
8	156	0.470339
8	171	0.487035
8	172	0.487448
8	177	1.52103
9	79	0.503565
9	102	1.37648
9	104	1.44533
9	119	1.32205
9	123	1.34901
9	125	1.34893
9	129	1.38827
9	149	0.424937
9	156	0.487418
9	164	0.479497
9	170	1.37382
9	174	0.500964
10	21	0.509619
10	124	0.465332
10	138	1.33963
10	141	1.39116
10	148	1.37228
10	151	1.36389
10	160	1.37906
10	163	1.39358
10	164	0.459832
10	166	1.36172
10	172	0.48486
10	179	0.475714
11	18	1.18739
11	35	1.21262
11	48	0.56161
11	50	1.27617
11	61	1.20837
11	72	1.13253
11	76	1.21254
11	142	0.560115
11	150	1.13219
11	169	1.23932
11	170	0.643325
11	180	0.631458
12	5	1.21482
12	15	1.19631
12	50	1.2735
12	61	1.2057
12	72	1.12986
12	76	1.20987
12	127	1.13784
12	161	0.565765
12	169	1.23665
12	174	0.614295
12	175	0.601546
12	176	0.615391
13	34	0.539211
13	56	0.390687
13	81	0.469335
13	139	0.520117
13	160	0.48399
13	172	1.36302
13	173	1.37716
13	174	1.36502
13	176	1.38611
13	178	1.36766
13	179	1.36764
13	180	1.38141
14	92	0.483457
14	99	0.460719
14	106	0.444795
14	143	0.497201
14	155	0.517589
14	172	1.36587
14	173	1.38
14	174	1.36786
14	175	1.36902
14	178	1.37051
14	179	1.37048
14	180	1.38425
15	5	1.43089
15	12	1.19631
15	18	1.4008
15	48	0.45919
15	72	1.34594
15	76	1.42595
15	135	0.509481
15	150	1.3456
15	154	0.429001
15	158	0.457299
15	169	1.45273
15	170	0.540905
16	34	1.09133
16	42	1.25246
16	51	1.30881
16	67	1.15465
16	80	1.18785
16	89	1.22994
16	107	1.19755
16	131	1.171
16	142	0.572201
16	154	0.543507
16	175	0.63465
16	178	0.646501
17	44	1.49205
17	49	1.59178
17	73	1.60401
17	75	1.55163
17	127	0.44553
17	134	0.391418
17	146	0.364083
17	164	0.381653
17	169	1.63438
17	171	0.406269
17	172	0.406682
17	177	1.72718
18	11	1.18739
18	15	1.4008
18	35	1.41445
18	61	1.41019
18	72	1.33435
18	76	1.41437
18	112	0.498203
18	122	0.521989
18	146	0.457268
18	147	0.435808
18	156	0.482757
18	169	1.44114
19	28	1.27366
19	71	1.34758
19	81	1.37559
19	86	1.4438
19	91	1.39923
19	114	1.35867
19	122	0.517669
19	134	0.480282
19	135	0.468572
19	157	1.40514
19	161	0.443454
19	179	0.486398
20	27	1.30411
20	33	1.49015
20	49	1.49122
20	73	1.50345
20	75	1.45107
20	127	0.415531
20	135	0.349709
20	160	0.697421
20	168	0.392174
20	169	1.53382
20	174	0.37312
20	177	1.62663
20	180	0.369266
21	10	0.509619
21	26	0.583022
21	125	0.557721
21	144	0.528575
21	172	1.29238
21	173	1.30652
21	174	1.29438
21	175	1.29554
21	176	1.31547
21	177	0.424762
21	178	1.29702
21	179	1.297
21	180	1.31077
22	1	1.32281
22	4	1.323
22	28	1.19243
22	71	1.26634
22	81	1.29436
22	86	1.36256
22	91	1.31799
22	147	0.471436
22	156	0.518384
22	157	1.3239
22	165	0.544434
22	172	0.535493
22	179	0.526346
23	85	1.46382
23	95	0.459597
23	102	1.50572
23	119	1.45129
23	121	1.50968
23	123	1.47825
23	125	1.47817
23	129	1.5175
23	156	0.422959
23	161	0.387977
23	165	0.449008
23	167	0.438158
23	176	0.437602
24	98	1.34658
24	105	0.564209
24	136	1.30161
24	137	1.28755
24	139	1.28159
24	151	1.29128
24	152	0.482291
24	154	0.449186
24	155	1.28177
24	163	1.32097
24	165	0.565579
24	166	1.28911
24	173	0.534615
25	68	0.546669
25	104	1.36755
25	111	1.34141
25	119	1.24428
25	121	1.30267
25	123	1.27124
25	125	1.27116
25	129	1.31049
25	135	0.512878
25	169	0.468008
25	170	1.29605
25	174	0.536289
25	180	0.532434
26	21	0.583022
26	32	1.34312
26	74	0.520573
26	77	1.20763
26	82	1.2785
26	87	1.23294
26	93	1.25501
26	99	1.31651
26	118	1.31322
26	142	0.479506
26	154	0.450811
26	170	0.562715
26	177	1.45227
27	2	1.30238
27	20	1.30411
27	33	1.21969
27	44	1.12104
27	49	1.22076
27	73	1.23299
27	75	1.18061
27	78	0.615588
27	112	0.555875
27	162	0.511343
27	167	0.555629
27	169	1.26336
27	172	0.557538
27	177	1.35617
28	19	1.27366
28	22	1.19243
28	71	1.20075
28	81	1.22877
28	86	1.29698
28	91	1.25241
28	112	1.2321
28	118	1.26371
28	142	0.511242
28	152	0.515653
28	157	1.25832
28	168	0.605492
28	172	0.59
28	175	0.57369
29	55	1.44366
29	58	0.444127
29	84	1.44893
29	92	1.37392
29	106	1.43261
29	107	1.39677
29	116	1.34966
29	135	0.846192
29	156	1.39432
29	157	0.375337
29	167	0.376122
29	170	1.36018
29	172	0.378032
29	176	0.375567
30	2	0.427403
30	108	0.483082
30	115	0.504245
30	143	0.479915
30	144	0.461987
30	145	0.4473
30	168	1.39608
30	171	1.41502
30	172	1.39407
30	174	1.39606
30	175	1.39722
30	178	1.39871
30	179	1.39868
30	180	1.41245
31	122	0.57575
31	131	0.561103
31	132	1.22304
31	138	1.21624
31	139	1.2308
31	140	1.26861
31	141	1.26777
31	155	1.23098
31	160	1.25567
31	163	1.27019
31	166	1.23833
31	170	0.558078
31	174	0.550065
31	176	0.551161
32	8	1.41188
32	26	1.34312
32	77	1.32489
32	82	1.39575
32	87	1.3502
32	93	1.37227
32	99	1.43377
32	156	0.455064
32	157	0.469478
32	159	0.466452
32	164	0.447144
32	168	0.487664
32	176	0.469707
32	177	1.56953
33	20	1.49015
33	27	1.21969
33	44	1.30708
33	49	1.4068
33	73	1.41903
33	75	1.36665
33	149	0.412362
33	150	0.488245
33	162	0.445756
33	169	1.4494
33	170	0.496403
33	173	0.469928
33	177	1.54221
33	179	0.482805
34	3	1.12545
34	13	0.539211
34	16	1.09133
34	42	1.33281
34	51	1.38917
34	53	1.19725
34	67	1.23501
34	80	1.2682
34	107	1.27791
34	127	0.602155
34	134	0.548044
34	135	1.28367
34	175	0.546997
34	176	0.560842
35	11	1.21262
35	18	1.41445
35	50	1.50322
35	61	1.43542
35	76	1.4396
35	89	0.458014
35	118	0.467063
35	134	1.37102
35	150	1.35924
35	156	0.45737
35	159	0.468758
35	169	1.46637
35	170	0.47893
35	179	0.465332
36	7	0.545546
36	83	0.467998
36	130	1.43464
36	132	1.38089
36	136	1.40868
36	137	1.39462
36	138	1.37409
36	150	0.481922
36	151	1.39835
36	154	0.378175
36	160	1.41352
36	162	0.439432
36	166	1.39618
36	176	0.483163
37	47	1.179
37	63	1.26905
37	68	0.584159
37	77	1.16547
37	82	1.23633
37	87	1.19077
37	93	1.21285
37	99	1.27434
37	107	1.26283
37	134	0.562077
37	157	0.574646
37	169	0.505498
37	177	1.41011
37	180	0.569925
38	39	1.14961
38	64	1.43441
38	69	1.1967
38	92	1.23339
38	106	1.29207
38	114	1.2126
38	116	1.20913
38	156	1.25379
38	157	0.582073
38	158	0.505613
38	170	1.21965
38	173	0.562744
38	175	0.568458
38	180	0.577351
39	38	1.14961
39	54	1.17546
39	69	1.21796
39	74	0.536554
39	84	1.32966
39	88	1.26651
39	103	0.581839
39	105	0.581815
39	106	1.31334
39	116	1.23039
39	117	0.573041
39	156	1.27505
39	161	0.522154
39	170	1.24091
40	78	0.468616
40	118	0.403151
40	128	1.58687
40	134	1.59172
40	139	1.5823
40	145	1.62026
40	153	0.305938
40	160	1.60717
40	163	1.62168
40	166	1.58983
40	168	0.426059
40	173	0.388543
40	175	0.394257
40	176	0.408102
41	89	0.568635
41	115	1.25055
41	136	1.24787
41	137	1.23381
41	139	1.22784
41	143	1.24663
41	144	1.28574
41	148	1.24593
41	149	0.505511
41	155	1.22802
41	166	1.23537
41	167	0.583191
41	173	0.563077
41	179	0.575954
42	16	1.25246
42	34	1.33281
42	51	1.55029
42	53	1.35838
42	67	1.39614
42	80	1.42933
42	107	1.43903
42	135	1.44479
42	156	0.455514
42	157	0.469928
42	164	0.447594
42	165	0.481563
42	172	0.472623
42	178	0.468164
43	94	0.601744
43	136	1.33529
43	137	1.32123
43	139	1.31526
43	140	1.35307
43	142	0.440618
43	144	1.37316
43	146	0.476778
43	151	1.32496
43	155	1.31544
43	160	1.34013
43	166	1.32279
43	169	0.447533
43	176	0.516911
43	180	0.51196
44	2	1.38976
44	17	1.49205
44	27	1.12104
44	33	1.30708
44	49	1.30815
44	73	1.32038
44	75	1.268
44	83	0.498621
44	135	0.489278
44	152	0.441904
44	165	0.525192
44	168	0.531743
44	169	1.35075
44	177	1.44355
44	180	0.508835
45	64	0.436394
45	88	0.458392
45	114	0.537739
45	132	0.559356
45	144	0.524067
45	163	0.488649
45	171	1.34526
45	172	1.32431
45	173	1.33844
45	174	1.3263
45	175	1.32746
45	176	1.34739
45	178	1.32895
45	179	1.32892
45	180	1.34269
46	96	1.34708
46	108	1.34282
46	128	1.30195
46	130	1.34337
46	131	0.52796
46	140	1.33519
46	142	0.441725
46	143	1.31617
46	144	1.35528
46	150	0.516778
46	160	1.32225
46	162	0.474288
46	163	1.33677
46	167	0.518574
46	178	0.516024
47	6	1.30086
47	37	1.179
47	63	1.30651
47	77	1.20293
47	82	1.2738
47	87	1.22824
47	93	1.25031
47	99	1.31181
47	107	1.3003
47	126	0.525422
47	167	0.542869
47	173	0.522756
47	175	0.528469
47	177	1.44757
47	178	0.54032
47	179	0.535632
48	11	0.56161
48	15	0.45919
48	72	0.460108
48	138	0.446229
48	139	0.466949
48	148	0.418621
48	163	0.391135
48	168	1.41495
48	171	1.43389
48	173	1.42707
48	174	1.41493
48	175	1.41609
48	176	1.43602
48	178	1.41758
48	179	1.41755
48	180	1.43132
49	17	1.59178
49	20	1.49122
49	27	1.22076
49	33	1.4068
49	44	1.30815
49	73	1.4201
49	75	1.36772
49	131	0.483001
49	135	0.448552
49	149	0.395935
49	159	0.469804
49	169	1.45047
49	174	0.471963
49	175	0.459215
49	177	1.54328
49	179	0.466378
50	11	1.27617
50	12	1.2735
50	35	1.50322
50	72	1.42312
50	76	1.50314
50	122	0.480695
50	127	1.4311
50	134	1.43457
50	135	0.431599
50	150	1.42278
50	159	0.452851
50	167	0.456662
50	169	1.52992
50	171	0.458159
50	172	0.458571
50	176	0.456106
51	3	1.34293
51	16	1.30881
51	34	1.38917
51	42	1.55029
51	53	1.41473
51	65	1.38709
51	67	1.45249
51	74	0.389479
51	80	1.48568
51	127	0.466018
51	128	0.730237
51	131	1.46883
51	156	0.410061
51	167	0.42526
51	169	0.355327
51	180	0.419754
52	81	1.26502
52	84	1.34388
52	88	1.28074
52	91	1.28865
52	111	1.3005
52	116	1.24462
52	121	1.26176
52	129	1.26958
52	142	0.432363
52	148	0.819659
52	157	1.29456
52	161	0.45903
52	170	1.25514
52	173	0.489098
52	175	0.494811
52	179	0.501974
53	3	1.15101
53	34	1.19725
53	42	1.35838
53	51	1.41473
53	65	1.19517
53	67	1.26057
53	80	1.29377
53	89	1.33586
53	113	0.534578
53	117	0.540804
53	131	1.27692
53	135	1.30923
53	156	0.5249
53	162	0.495813
53	168	0.557501
53	171	0.541596
54	39	1.17546
54	64	1.46025
54	69	1.22255
54	79	0.550877
54	84	1.33424
54	88	1.27109
54	92	1.25924
54	106	1.31792
54	116	1.23498
54	135	0.524865
54	156	1.27964
54	162	0.505643
54	164	0.526809
54	170	1.2455
54	172	0.551838
54	175	0.535528
55	29	1.44366
55	69	1.37148
55	84	1.48317
55	88	1.42002
55	92	1.40816
55	106	1.46685
55	109	0.467608
55	116	1.38391
55	152	0.415402
55	154	0.382297
55	156	1.42856
55	170	1.39443
55	171	0.489337
55	172	0.48975
55	173	0.467726
55	180	0.482333
56	13	0.390687
56	60	1.43987
56	105	0.422353
56	118	0.407367
56	128	1.40718
56	134	1.41202
56	137	1.40857
56	143	1.4214
56	144	1.4605
56	151	1.4123
56	160	1.42747
56	164	0.389754
56	166	1.41013
56	169	0.751281
56	170	0.419234
56	171	0.414371
57	103	0.48037
57	108	1.42954
57	115	1.40681
57	117	0.471571
57	132	1.37634
57	138	1.36954
57	141	1.42107
57	155	1.38428
57	158	0.393621
57	160	1.40897
57	163	1.42349
57	171	0.472363
57	173	0.450752
57	174	0.469214
57	175	0.456465
57	177	1.58168
58	29	0.444127
58	59	0.517213
58	61	0.544589
58	75	1.27088
58	86	0.551034
58	116	0.566952
58	121	0.579774
58	138	1.2343
58	155	1.24905
58	166	1.25639
58	169	1.35363
58	172	1.24183
58	177	1.44644
58	178	1.24647
58	179	1.24644
58	180	1.26021
59	58	0.517213
59	85	1.32683
59	101	1.3115
59	104	1.43757
59	111	1.41143
59	119	1.3143
59	121	1.37269
59	123	1.34126
59	124	0.43159
59	125	1.34118
59	129	1.38051
59	145	0.752901
59	161	0.399027
59	162	0.404922
59	170	1.36607
59	174	0.447556
59	180	0.443702
60	56	1.43987
60	100	1.2849
60	139	1.3208
60	141	1.35777
60	148	1.33889
60	151	1.33049
60	152	0.447109
60	153	0.416828
60	155	1.32098
60	159	0.515736
60	163	1.36019
60	166	1.32833
60	169	0.449614
60	170	0.525908
60	172	0.521457
60	174	0.517895
60	177	1.51838
61	11	1.20837
61	12	1.2057
61	18	1.41019
61	35	1.43542
61	58	0.544589
61	72	1.35532
61	76	1.43534
61	105	0.486064
61	127	1.3633
61	134	1.36677
61	150	1.35498
61	156	0.461385
61	157	0.475799
61	159	0.472773
61	169	1.46212
61	172	0.478494
61	176	0.476029
62	110	1.37388
62	130	1.38377
62	132	1.33001
62	133	1.34291
62	137	1.34374
62	143	1.35657
62	145	1.37573
62	148	1.35586
62	150	0.491177
62	160	1.36264
62	163	1.37716
62	165	0.503824
62	169	0.42304
62	170	0.499335
62	171	0.494471
62	176	0.492418
62	178	0.490424
63	6	1.39091
63	8	1.37997
63	37	1.26905
63	47	1.30651
63	77	1.29298
63	82	1.36385
63	87	1.31829
63	89	0.485692
63	93	1.34036
63	99	1.40186
63	156	0.485048
63	158	0.423002
63	170	0.506608
63	171	0.501745
63	176	0.499692
63	177	1.53762
63	179	0.49301
64	7	0.476062
64	38	1.43441
64	45	0.436394
64	54	1.46025
64	69	1.50276
64	74	0.378453
64	78	0.474193
64	88	1.5513
64	92	1.53945
64	116	1.51519
64	134	0.40088
64	150	1.50963
64	156	1.55985
64	170	1.52571
64	176	0.413679
64	179	0.406997
64	180	0.408728
65	3	1.12336
65	51	1.38709
65	53	1.19517
65	80	1.26612
65	111	1.2846
65	123	1.21443
65	125	1.21435
65	137	0.588362
65	138	0.603386
65	145	0.569023
65	148	0.575777
65	160	0.587978
65	176	1.24157
65	177	0.479896
65	178	1.22313
65	179	1.22311
65	180	1.23688
66	101	1.30741
66	102	1.36464
66	104	1.43349
66	111	1.40734
66	119	1.31021
66	121	1.3686
66	123	1.33717
66	125	1.33709
66	129	1.37643
66	134	0.464977
66	158	0.401086
66	161	0.428149
66	170	1.36198
66	171	0.479828
66	173	0.458217
66	177	0.692897
66	179	0.471093
67	3	1.18877
67	16	1.15465
67	34	1.23501
67	42	1.39614
67	51	1.45249
67	53	1.26057
67	80	1.33153
67	89	1.37362
67	107	1.34123
67	131	1.31467
67	135	1.34699
67	150	0.538003
67	152	0.467361
67	156	0.5246
67	159	0.535988
67	169	0.469866
67	173	0.519686
67	176	0.539244
68	25	0.546669
68	37	0.584159
68	136	0.540593
68	141	0.515892
68	148	0.502703
68	165	1.29922
68	166	0.506873
68	168	1.30385
68	171	1.32279
68	172	1.30184
68	173	1.31597
68	174	1.30383
68	175	1.30499
68	176	1.32492
68	177	0.406822
68	178	1.30648
68	179	1.30645
68	180	1.32022
69	38	1.1967
69	39	1.21796
69	54	1.22255
69	55	1.37148
69	64	1.50276
69	84	1.37674
69	88	1.3136
69	103	0.528872
69	106	1.36042
69	116	1.27748
69	126	0.501921
69	127	0.560126
69	150	1.27192
69	169	0.449435
69	170	1.288
69	171	0.520866
69	172	0.521278
69	179	0.512131
70	133	1.29214
70	136	1.30704
70	137	1.29298
70	141	1.32398
70	144	1.34491
70	145	1.32497
70	149	0.450034
70	151	1.2967
70	155	1.28719
70	159	0.523902
70	160	1.31188
70	163	1.32639
70	166	1.29454
70	167	0.527713
70	170	0.534075
70	175	0.513313
70	178	0.525164
70	179	0.520476
71	1	1.33114
71	4	1.33133
71	19	1.34758
71	22	1.26634
71	28	1.20075
71	81	1.30269
71	86	1.37089
71	91	1.32632
71	112	1.30601
71	114	1.28576
71	134	0.518354
71	135	0.506645
71	157	1.33223
71	161	0.481527
71	164	0.508589
71	170	0.538069
71	173	0.511594
71	174	0.530056
72	5	1.36444
72	11	1.13253
72	12	1.12986
72	15	1.34594
72	18	1.33435
72	48	0.460108
72	50	1.42312
72	61	1.35532
72	76	1.3595
72	79	0.53641
72	117	0.536167
72	127	1.28747
72	149	0.457782
72	150	1.27914
72	157	0.534677
72	169	1.38628
72	172	0.537371
72	178	0.532912
73	2	1.50172
73	17	1.60401
73	20	1.50345
73	27	1.23299
73	33	1.41903
73	44	1.32038
73	49	1.4201
73	74	0.448554
73	75	1.37995
73	95	0.505774
73	147	0.422187
73	153	0.381616
73	158	0.40709
73	164	0.461216
73	167	0.484335
73	169	1.4627
73	174	0.482683
73	177	1.55551
74	26	0.520573
74	39	0.536554
74	51	0.389479
74	64	0.378453
74	73	0.448554
74	75	0.408189
74	81	0.45574
74	84	0.464392
74	101	1.4001
74	119	1.40291
74	129	1.46912
74	139	1.44097
74	163	1.48035
74	166	1.4485
74	174	1.43592
74	178	1.43857
74	179	1.43855
74	180	1.45231
75	2	1.44934
75	17	1.55163
75	20	1.45107
75	27	1.18061
75	33	1.36665
75	44	1.268
75	49	1.36772
75	58	1.27088
75	73	1.37995
75	74	0.408189
75	112	0.444217
75	126	0.426523
75	165	0.454821
75	166	0.758588
75	169	1.41032
75	173	0.423857
75	177	1.50313
75	178	0.441421
75	180	0.438464
76	11	1.21254
76	12	1.20987
76	15	1.42595
76	18	1.41437
76	35	1.4396
76	50	1.50314
76	61	1.43534
76	72	1.3595
76	112	0.481541
76	118	0.475788
76	131	0.49068
76	134	1.37094
76	146	0.440606
76	150	1.35916
76	156	0.466095
76	169	1.46629
76	174	0.479642
76	176	0.480739
76	178	0.478744
77	6	1.28733
77	8	1.27639
77	26	1.20763
77	32	1.32489
77	37	1.16547
77	47	1.20293
77	63	1.29298
77	82	1.26027
77	87	1.21471
77	93	1.23678
77	99	1.29828
77	112	0.514574
77	134	0.500973
77	158	0.437082
77	163	0.797289
77	170	0.520688
77	176	0.513772
77	177	1.43404
77	178	0.511778
78	27	0.615588
78	40	0.468616
78	64	0.474193
78	107	0.558944
78	116	0.558906
78	155	0.600182
78	163	0.526448
78	165	1.25702
78	167	1.26453
78	168	1.26164
78	171	1.28058
78	172	1.25963
78	173	1.27377
78	174	1.26163
78	175	1.26279
78	176	1.28272
78	178	1.26427
78	179	1.26425
78	180	1.27802
79	9	0.503565
79	54	0.550877
79	72	0.53641
79	97	0.495026
79	119	0.522369
79	141	0.508112
79	145	0.488169
79	165	1.32368
79	167	1.3312
79	168	1.32831
79	171	1.34725
79	172	1.3263
79	173	1.34043
79	174	1.32829
79	175	1.32946
79	176	1.34938
79	177	0.399042
79	178	1.33094
79	179	1.33092
79	180	1.34468
80	3	1.22196
80	16	1.18785
80	34	1.2682
80	42	1.42933
80	51	1.48568
80	53	1.29377
80	65	1.26612
80	67	1.33153
80	89	1.40681
80	107	1.37442
80	131	1.34787
80	134	0.508015
80	135	1.38018
80	146	0.48068
80	149	0.443689
80	157	0.520584
80	173	0.501255
80	175	0.506969
80	178	0.518819
80	179	0.514132
81	1	1.35916
81	4	1.35935
81	13	0.469335
81	19	1.37559
81	22	1.29436
81	28	1.22877
81	52	1.26502
81	71	1.30269
81	74	0.45574
81	86	1.39891
81	91	1.35434
81	94	0.575798
81	112	1.33403
81	118	1.36564
81	146	0.450833
81	156	0.476323
81	157	1.36025
81	161	0.44134
81	169	0.421588
81	177	0.706088
82	6	1.3582
82	26	1.2785
82	32	1.39575
82	37	1.23633
82	47	1.2738
82	63	1.36385
82	77	1.26027
82	87	1.28557
82	93	1.30765
82	99	1.36915
82	118	1.36585
82	152	0.455777
82	154	0.422672
82	156	0.513016
82	164	0.505096
82	168	0.545617
82	173	0.508101
82	177	1.50491
82	179	0.520978
82	180	0.522709
83	36	0.467998
83	44	0.498621
83	87	0.537501
83	90	0.535831
83	120	0.495324
83	121	0.496049
83	145	0.4715
83	151	0.501792
83	165	1.32368
83	167	1.3312
83	168	1.32831
83	171	1.34725
83	172	1.3263
83	173	1.34043
83	174	1.32829
83	175	1.32946
83	176	1.34938
83	178	1.33094
83	179	1.33092
83	180	1.34468
84	29	1.44893
84	39	1.32966
84	52	1.34388
84	54	1.33424
84	55	1.48317
84	69	1.37674
84	74	0.464392
84	88	1.42529
84	92	1.41343
84	106	1.47212
84	109	0.479941
84	116	1.38917
84	146	0.459484
84	150	1.38362
84	153	0.397454
84	157	0.499388
84	158	0.422928
84	164	0.477054
84	167	0.500173
84	170	1.39969
84	179	0.492936
85	23	1.46382
85	59	1.32683
85	95	0.572787
85	101	1.21714
85	102	1.27437
85	104	1.34321
85	111	1.31707
85	119	1.21994
85	121	1.27833
85	123	1.2469
85	125	1.24682
85	129	1.28615
85	134	0.537994
85	146	0.510659
85	153	0.448628
85	157	1.31113
85	159	0.547536
85	169	0.481414
85	170	1.27171
85	176	0.550792
85	179	0.54411
86	1	1.42737
86	4	1.42755
86	19	1.4438
86	22	1.36256
86	28	1.29698
86	58	0.551034
86	71	1.37089
86	81	1.39891
86	91	1.42254
86	112	1.40224
86	114	1.38198
86	118	1.43385
86	131	0.492415
86	142	0.40618
86	156	0.46783
86	157	1.42845
86	158	0.405784
86	168	0.500431
86	169	0.413096
86	174	0.481377
86	179	0.475792
87	8	1.3017
87	26	1.23294
87	32	1.3502
87	37	1.19077
87	47	1.22824
87	63	1.31829
87	77	1.21471
87	82	1.28557
87	83	0.537501
87	93	1.26209
87	99	1.32359
87	107	1.31207
87	112	0.553467
87	118	1.3203
87	124	0.535602
87	134	0.539867
87	149	0.475541
87	153	0.450501
87	174	0.551569
87	177	1.45935
87	178	0.550671
88	39	1.26651
88	45	0.458392
88	52	1.28074
88	54	1.27109
88	55	1.42002
88	64	1.5513
88	69	1.3136
88	84	1.42529
88	92	1.35029
88	106	1.40897
88	114	1.3295
88	116	1.32603
88	122	0.460266
88	130	0.738117
88	150	1.32047
88	154	0.33069
88	168	0.453635
88	170	1.33655
88	171	0.43773
88	172	0.438143
88	177	0.6508
88	179	0.428996
89	16	1.22994
89	35	0.458014
89	41	0.568635
89	53	1.33586
89	63	0.485692
89	67	1.37362
89	80	1.40681
89	91	0.462357
89	96	0.474015
89	101	1.32536
89	110	0.468552
89	121	1.38655
89	123	1.35512
89	125	1.35504
89	128	0.473948
89	144	0.487352
89	155	0.525667
89	173	1.37332
89	175	1.36234
89	178	1.36382
89	179	1.3638
89	180	1.37757
90	83	0.535831
90	97	1.28614
90	113	0.54603
90	127	1.22835
90	130	1.26839
90	131	0.560937
90	132	1.21464
90	133	1.22753
90	139	1.2224
90	141	1.25937
90	144	1.2803
90	150	0.549755
90	151	1.23209
90	155	1.22258
90	157	0.550766
90	160	1.24727
90	163	1.26178
90	166	1.22993
90	170	0.557912
90	177	1.41997
90	178	0.549002
90	179	0.544314
91	1	1.38279
91	4	1.38298
91	19	1.39923
91	22	1.31799
91	28	1.25241
91	52	1.28865
91	71	1.32632
91	81	1.35434
91	86	1.42254
91	89	0.462357
91	110	0.776493
91	112	1.35767
91	114	1.33741
91	118	1.38927
91	127	0.51767
91	149	0.399233
91	156	0.461713
91	157	1.38388
91	158	0.399667
91	162	0.432626
91	178	0.474363
91	180	0.471406
92	14	0.483457
92	29	1.37392
92	38	1.23339
92	54	1.25924
92	55	1.40816
92	64	1.53945
92	84	1.41343
92	88	1.35029
92	106	1.39711
92	113	0.50057
92	114	1.31764
92	116	1.31417
92	122	0.530125
92	142	0.429243
92	150	1.30861
92	152	0.433653
92	156	1.35883
92	159	0.50228
92	167	0.506091
92	170	1.32469
92	171	0.507589
92	180	0.500585
93	6	1.33471
93	8	1.32377
93	26	1.25501
93	32	1.37227
93	37	1.21285
93	47	1.25031
93	63	1.34036
93	77	1.23678
93	82	1.30765
93	87	1.26209
93	99	1.34566
93	107	1.33414
93	118	1.34237
93	124	0.52584
93	147	0.481311
93	150	0.541662
93	153	0.44074
93	164	0.52034
93	169	0.473526
93	172	0.545368
93	173	0.523345
93	177	1.48142
93	178	0.540909
94	6	0.554026
94	7	1.31246
94	43	0.601744
94	81	0.575798
94	119	0.605697
94	137	0.590836
94	141	0.591441
94	151	0.601789
94	159	1.23344
94	164	1.26334
94	165	1.20624
94	167	1.21375
94	168	1.21086
94	171	1.2298
94	172	1.20885
94	173	1.22299
94	174	1.21085
94	175	1.21201
94	176	1.23194
94	177	0.482371
94	178	1.21349
94	179	1.21347
94	180	1.22724
95	23	0.459597
95	73	0.505774
95	85	0.572787
95	100	0.569928
95	114	0.537019
95	120	0.532483
95	159	1.32719
95	163	0.487928
95	164	1.35709
95	165	1.29998
95	166	0.519584
95	167	1.3075
95	168	1.30461
95	171	1.32355
95	172	1.3026
95	173	1.31673
95	174	1.30459
95	175	1.30576
95	176	1.32568
95	177	0.419533
95	178	1.30724
95	179	1.30722
95	180	1.32099
96	46	1.34708
96	89	0.474015
96	97	1.39697
96	120	1.34917
96	128	1.33781
96	130	1.37923
96	131	0.497956
96	137	1.3392
96	141	1.37021
96	143	1.35203
96	144	1.39113
96	147	0.426422
96	148	1.35132
96	151	1.34293
96	157	0.487785
96	159	0.484759
96	163	1.37262
96	164	0.465451
96	166	1.34076
96	167	0.48857
96	170	0.494931
96	171	0.490067
96	177	1.53081
96	180	0.483063
97	79	0.495026
97	90	1.28614
97	96	1.39697
97	98	1.41227
97	133	1.35241
97	137	1.35324
97	141	1.38424
97	143	1.36607
97	144	1.40517
97	145	1.38523
97	148	1.36536
97	150	0.492281
97	151	1.35697
97	152	0.42164
97	156	1.39512
97	157	0.493293
97	163	1.38666
97	166	1.3548
97	167	0.494077
97	168	0.511479
97	169	0.424144
97	170	0.500439
97	173	0.473964
97	179	0.48684
98	24	1.34658
98	97	1.41227
98	113	0.491746
98	115	1.37124
98	118	0.491761
98	128	1.3531
98	133	1.35367
98	137	1.3545
98	140	1.38634
98	144	1.40643
98	145	1.38649
98	147	0.43512
98	148	1.36662
98	154	0.391724
98	155	1.34871
98	159	0.493456
98	160	1.3734
98	163	1.38792
98	165	0.508117
98	166	1.35606
98	170	0.503628
98	178	0.494718
98	179	0.49003
98	180	0.491761
99	6	1.39621
99	8	1.38527
99	14	0.460719
99	26	1.31651
99	32	1.43377
99	37	1.27434
99	47	1.31181
99	63	1.40186
99	77	1.29828
99	82	1.36915
99	87	1.32359
99	93	1.34566
99	107	1.39564
99	118	1.40387
99	126	0.465905
99	127	0.524111
99	134	0.469999
99	156	0.468154
99	165	0.494203
99	175	0.468953
99	176	0.482797
99	177	1.54292
99	178	0.480803
99	180	0.477846
100	60	1.2849
100	95	0.569928
100	108	1.29308
100	109	0.528257
100	115	1.27035
100	133	1.25277
100	136	1.26767
100	138	1.23308
100	140	1.28545
100	145	1.2856
100	147	0.486341
100	148	1.26573
100	149	0.470809
100	151	1.25733
100	155	1.24782
100	157	0.547704
100	160	1.27251
100	163	1.28703
100	165	0.559339
100	166	1.25517
100	172	0.550398
100	174	0.546837
100	175	0.534088
100	177	1.44521
101	59	1.3115
101	66	1.30741
101	74	1.4001
101	85	1.21714
101	89	1.32536
101	102	1.25904
101	104	1.32788
101	109	0.542414
101	111	1.30174
101	113	0.557125
101	119	1.20461
101	121	1.263
101	123	1.23157
101	125	1.23149
101	129	1.27082
101	146	0.521957
101	147	0.500498
101	150	0.560849
101	153	0.459927
101	156	0.547447
101	157	1.2958
101	170	1.25638
101	173	0.542532
101	178	0.560096
102	9	1.37648
102	23	1.50572
102	66	1.36464
102	85	1.27437
102	101	1.25904
102	104	1.38511
102	111	1.35897
102	119	1.26184
102	121	1.32023
102	123	1.2888
102	125	1.28872
102	127	0.541547
102	129	1.32805
102	131	1.32364
102	135	0.475726
102	149	0.42311
102	153	0.39807
102	154	0.395246
102	157	1.35303
102	163	0.783751
102	164	0.47767
102	168	0.518191
102	170	1.31361
102	173	0.480676
102	176	0.500234
103	2	0.476827
103	39	0.581839
103	57	0.48037
103	69	0.528872
103	128	0.498008
103	138	0.531088
103	140	0.520368
103	148	0.503479
103	159	1.34169
103	162	1.39673
103	163	0.475993
103	164	1.37159
103	165	1.31449
103	167	1.322
103	168	1.31911
103	171	1.33805
103	172	1.3171
103	173	1.33124
103	174	1.31909
103	175	1.32026
103	176	1.34018
103	177	0.407598
103	178	1.32174
103	179	1.32172
103	180	1.33549
104	9	1.44533
104	25	1.36755
104	59	1.43757
104	66	1.43349
104	85	1.34321
104	101	1.32788
104	102	1.38511
104	111	1.42782
104	112	0.453053
104	119	1.33069
104	121	1.38907
104	123	1.35764
104	125	1.35757
104	127	0.493564
104	129	1.3969
104	135	0.427743
104	142	0.375957
104	157	1.42187
104	159	0.448995
104	161	0.402625
104	166	0.767423
104	168	0.470208
104	170	1.38245
104	174	0.451154
104	176	0.45225
104	178	0.450256
105	24	0.564209
105	39	0.581815
105	56	0.422353
105	61	0.486064
105	114	0.52506
105	119	0.5309
105	123	0.538726
105	125	0.540533
105	130	0.494891
105	140	0.520344
105	159	1.30317
105	161	1.37745
105	162	1.35821
105	164	1.33307
105	165	1.27597
105	167	1.28348
105	168	1.28059
105	171	1.29953
105	172	1.27858
105	173	1.29272
105	174	1.28057
105	175	1.28174
105	176	1.30167
105	178	1.28322
105	179	1.2832
105	180	1.29697
106	14	0.444795
106	29	1.43261
106	38	1.29207
106	39	1.31334
106	54	1.31792
106	55	1.46685
106	69	1.36042
106	84	1.47212
106	88	1.40897
106	92	1.39711
106	107	1.41996
106	112	0.467676
106	114	1.37632
106	116	1.37285
106	135	0.442366
106	147	0.405281
106	150	1.3673
106	156	1.41751
106	157	0.466644
106	158	0.390184
106	165	0.478279
106	168	0.484831
106	170	1.38337
106	176	0.466874
106	177	0.681996
106	178	0.464879
107	16	1.19755
107	29	1.39677
107	34	1.27791
107	37	1.26283
107	42	1.43903
107	47	1.3003
107	67	1.34123
107	78	0.558944
107	80	1.37442
107	87	1.31207
107	93	1.33414
107	99	1.39564
107	106	1.41996
107	116	1.33702
107	117	0.49969
107	134	0.485631
107	149	0.421305
107	150	1.33146
107	159	0.495174
107	162	0.454699
107	165	0.509835
107	170	1.34754
107	174	0.497333
107	175	0.484585
107	177	1.53141
107	179	0.491748
107	180	0.493478
108	30	0.483082
108	46	1.34282
108	57	1.42954
108	100	1.29308
108	120	1.34491
108	132	1.32121
108	139	1.32898
108	141	1.36594
108	143	1.34777
108	144	1.38687
108	145	1.36693
108	146	0.482314
108	147	0.460855
108	148	1.34706
108	151	1.33867
108	153	0.420283
108	155	1.32916
108	159	0.519191
108	160	1.35384
108	163	1.36836
108	166	1.3365
108	169	0.453069
108	172	0.524912
108	173	0.502889
108	174	0.52135
108	175	0.508602
108	179	0.515765
109	8	0.465306
109	55	0.467608
109	84	0.479941
109	100	0.528257
109	101	0.542414
109	123	0.509014
109	128	0.468272
109	129	0.499018
109	132	0.516965
109	144	0.481676
109	159	1.35317
109	161	1.42745
109	162	1.40821
109	163	0.446258
109	164	1.38307
109	165	1.32597
109	167	1.33348
109	168	1.33059
109	171	1.34953
109	172	1.32858
109	173	1.34272
109	174	1.33057
109	175	1.33174
109	176	1.35167
109	178	1.33322
109	179	1.3332
109	180	1.34697
110	62	1.37388
110	89	0.468552
110	91	0.776493
110	124	0.465489
110	127	1.3256
110	132	1.31188
110	136	1.33967
110	138	1.30508
110	139	1.31964
110	140	1.35745
110	141	1.35661
110	143	1.33843
110	145	1.3576
110	148	1.33773
110	149	0.405428
110	150	0.481311
110	151	1.32933
110	160	1.34451
110	163	1.35903
110	164	0.459988
110	165	0.493958
110	166	1.32717
110	169	0.413174
110	175	0.468707
110	176	0.482552
110	177	1.51722
110	180	0.477601
111	25	1.34141
111	52	1.3005
111	59	1.41143
111	65	1.2846
111	66	1.40734
111	85	1.31707
111	101	1.30174
111	102	1.35897
111	104	1.42782
111	119	1.30455
111	121	1.36293
111	123	1.3315
111	124	0.486967
111	125	1.33142
111	127	0.545343
111	129	1.37076
111	150	0.502789
111	153	0.401866
111	156	0.489386
111	157	1.39573
111	159	0.500774
111	161	0.454404
111	168	0.521987
111	170	1.35631
111	172	0.506495
111	173	0.484471
111	179	0.497348
112	3	0.617004
112	8	0.485785
112	18	0.498203
112	27	0.555875
112	28	1.2321
112	71	1.30601
112	75	0.444217
112	76	0.481541
112	77	0.514574
112	81	1.33403
112	86	1.40224
112	87	0.553467
112	91	1.35767
112	104	0.453053
112	106	0.467676
112	114	1.31711
112	123	0.529492
112	133	1.31558
112	138	1.29589
112	148	1.32854
112	155	1.31063
112	160	1.33532
112	172	1.30341
112	175	1.30656
112	176	1.32649
112	178	1.30805
112	179	1.30803
112	180	1.32179
113	53	0.534578
113	90	0.54603
113	92	0.50057
113	98	0.491746
113	101	0.557125
113	120	0.505523
113	123	0.523724
113	125	0.525532
113	155	0.534702
113	158	1.42699
113	159	1.31394
113	161	1.38822
113	162	1.36898
113	164	1.34384
113	165	1.28674
113	166	0.492624
113	167	1.29425
113	168	1.29136
113	171	1.31031
113	172	1.28935
113	173	1.30349
113	174	1.29135
113	175	1.29251
113	176	1.31244
113	177	0.392573
113	178	1.294
113	179	1.29397
113	180	1.30774
114	19	1.35867
114	38	1.2126
114	45	0.537739
114	71	1.28576
114	86	1.38198
114	88	1.3295
114	91	1.33741
114	92	1.31764
114	95	0.537019
114	105	0.52506
114	106	1.37632
114	112	1.31711
114	115	1.3129
114	116	1.29338
114	117	0.516286
114	138	1.27563
114	151	1.29989
114	155	1.29037
114	156	1.33804
114	157	1.34332
114	158	0.438335
114	159	0.511769
114	162	0.471294
114	163	1.32958
114	165	0.52643
114	167	0.51558
114	175	0.50118
114	178	0.513031
115	30	0.504245
115	41	1.25055
115	57	1.40681
115	98	1.37124
115	100	1.27035
115	114	1.3129
115	126	0.526718
115	132	1.29849
115	134	1.31566
115	136	1.32627
115	137	1.31221
115	138	1.29168
115	139	1.30625
115	143	1.32504
115	151	1.31594
115	152	0.471727
115	153	0.441446
115	155	1.30643
115	157	0.54338
115	158	0.46692
115	160	1.33111
115	163	1.34563
115	166	1.31378
115	169	0.474232
115	171	0.545663
115	174	0.542513
115	179	0.536928
115	180	0.538659
116	29	1.34966
116	38	1.20913
116	39	1.23039
116	52	1.24462
116	54	1.23498
116	55	1.38391
116	58	0.566952
116	64	1.51519
116	69	1.27748
116	78	0.558906
116	84	1.38917
116	88	1.32603
116	92	1.31417
116	106	1.37285
116	107	1.33702
116	114	1.29338
116	118	0.49344
116	134	0.485593
116	138	0.837003
116	150	1.28436
116	152	0.426509
116	154	0.393403
116	156	1.33457
116	161	0.448765
116	162	0.454661
116	169	0.429013
116	170	1.30043
116	171	0.500444
117	39	0.573041
117	53	0.540804
117	57	0.471571
117	72	0.536167
117	107	0.49969
117	114	0.516286
117	128	0.489209
117	137	0.507264
117	141	0.507869
117	148	0.49468
117	158	1.42699
117	159	1.31394
117	161	1.38822
117	162	1.36898
117	163	0.467195
117	164	1.34384
117	165	1.28674
117	167	1.29425
117	168	1.29136
117	171	1.31031
117	172	1.28935
117	173	1.30349
117	174	1.29135
117	175	1.29251
117	176	1.31244
117	178	1.294
117	179	1.29397
117	180	1.30774
118	26	1.31322
118	28	1.26371
118	35	0.467063
118	40	0.403151
118	56	0.407367
118	76	0.475788
118	81	1.36564
118	82	1.36585
118	86	1.43385
118	87	1.3203
118	91	1.38927
118	93	1.34237
118	98	0.491761
118	99	1.40387
118	116	0.49344
118	125	0.525547
118	128	0.482998
118	138	0.516077
118	139	0.536796
118	151	0.512006
118	157	1.39518
118	166	0.492638
118	171	1.35597
118	172	1.33502
118	173	1.34915
118	177	1.53963
118	178	1.33966
118	179	1.33963
118	180	1.3534
119	9	1.32205
119	23	1.45129
119	25	1.24428
119	59	1.3143
119	66	1.31021
119	74	1.40291
119	79	0.522369
119	85	1.21994
119	94	0.605697
119	101	1.20461
119	102	1.26184
119	104	1.33069
119	105	0.5309
119	111	1.30455
119	121	1.2658
119	123	1.23437
119	124	0.503802
119	125	1.23429
119	127	0.562178
119	129	1.27363
119	131	1.26922
119	150	0.519624
119	156	0.506221
119	157	1.2986
119	170	1.25918
119	173	0.501307
119	175	0.50702
119	176	0.520865
119	179	0.514183
120	83	0.495324
120	95	0.532483
120	96	1.34917
120	108	1.34491
120	113	0.505523
120	124	0.493425
120	133	1.3046
120	136	1.3195
120	137	1.30544
120	139	1.29947
120	140	1.33728
120	141	1.33644
120	143	1.31826
120	144	1.35737
120	145	1.33743
120	148	1.31756
120	151	1.30916
120	152	0.438606
120	155	1.29965
120	160	1.32434
120	163	1.33886
120	166	1.307
120	172	0.512953
120	173	0.49093
120	174	0.509392
120	175	0.496644
120	177	1.49705
120	178	0.508494
120	179	0.503807
120	180	0.505537
121	7	0.573597
121	23	1.50968
121	25	1.30267
121	52	1.26176
121	58	0.579774
121	59	1.37269
121	66	1.3686
121	83	0.496049
121	85	1.27833
121	89	1.38655
121	101	1.263
121	102	1.32023
121	104	1.38907
121	111	1.36293
121	119	1.2658
121	123	1.29276
121	125	1.29268
121	129	1.33201
121	131	1.3276
121	153	0.40905
121	157	1.35699
121	162	0.467483
121	164	0.48865
121	165	0.522619
121	167	0.511769
121	169	0.441836
121	170	1.31757
121	171	0.513267
121	173	0.491656
121	175	0.497369
122	18	0.521989
122	19	0.517669
122	31	0.57575
122	50	0.480695
122	88	0.460266
122	92	0.530125
122	141	0.531197
122	144	0.525941
122	148	0.518008
122	152	1.37767
122	154	1.50484
122	158	1.3985
122	159	1.28545
122	160	0.530209
122	161	1.35973
122	162	1.34049
122	163	0.490523
122	164	1.31535
122	165	1.25824
122	166	0.522178
122	167	1.26576
122	168	1.26287
122	171	1.28181
122	172	1.26086
122	173	1.27499
122	174	1.26285
122	175	1.26402
122	176	1.28394
122	178	1.2655
122	179	1.26548
122	180	1.27925
123	9	1.34901
123	23	1.47825
123	25	1.27124
123	59	1.34126
123	65	1.21443
123	66	1.33717
123	85	1.2469
123	89	1.35512
123	101	1.23157
123	102	1.2888
123	104	1.35764
123	105	0.538726
123	109	0.509014
123	111	1.3315
123	112	0.529492
123	113	0.523724
123	119	1.23437
123	121	1.29276
123	125	1.26125
123	126	0.511798
123	129	1.30058
123	131	1.29617
123	142	0.452397
123	157	1.32556
123	162	0.48496
123	165	0.540096
123	170	1.28614
123	172	0.531155
123	178	0.526696
123	179	0.522008
123	180	0.523739
124	10	0.465332
124	59	0.43159
124	87	0.535602
124	93	0.52584
124	110	0.465489
124	111	0.486967
124	119	0.503802
124	120	0.493425
124	145	0.469602
124	148	0.476357
124	152	1.46133
124	158	1.48216
124	159	1.36912
124	160	0.488557
124	161	1.4434
124	162	1.42416
124	164	1.39902
124	165	1.34191
124	166	0.480527
124	167	1.34942
124	168	1.34654
124	171	1.36548
124	172	1.34453
124	173	1.35866
124	174	1.34652
124	175	1.34768
124	176	1.36761
124	177	0.380476
124	178	1.34917
124	179	1.34915
124	180	1.36291
125	9	1.34893
125	21	0.557721
125	23	1.47817
125	25	1.27116
125	59	1.34118
125	65	1.21435
125	66	1.33709
125	85	1.24682
125	89	1.35504
125	101	1.23149
125	102	1.28872
125	104	1.35757
125	105	0.540533
125	111	1.33142
125	113	0.525532
125	118	0.525547
125	119	1.23429
125	121	1.29268
125	123	1.26125
125	129	1.30051
125	131	1.2961
125	135	0.50599
125	147	0.468906
125	157	1.32548
125	161	0.480872
125	162	0.486767
125	170	1.28606
125	174	0.529401
125	175	0.516653
125	176	0.530498
125	180	0.525547
126	6	0.452302
126	47	0.525422
126	69	0.501921
126	75	0.426523
126	99	0.465905
126	115	0.526718
126	123	0.511798
126	139	0.524856
126	145	0.469773
126	152	1.46133
126	158	1.48216
126	159	1.36912
126	160	0.488728
126	161	1.4434
126	162	1.42416
126	163	0.449042
126	164	1.39902
126	165	1.34191
126	166	0.480698
126	167	1.34942
126	168	1.34654
126	171	1.36548
126	172	1.34453
126	173	1.35866
126	174	1.34652
126	175	1.34768
126	176	1.36761
126	177	0.380647
126	178	1.34917
126	179	1.34915
126	180	1.36291
127	4	0.526226
127	5	1.37242
127	12	1.13784
127	17	0.44553
127	20	0.415531
127	34	0.602155
127	50	1.4311
127	51	0.466018
127	61	1.3633
127	69	0.560126
127	72	1.28747
127	90	1.22835
127	91	0.51767
127	99	0.524111
127	102	0.541547
127	104	0.493564
127	110	1.3256
127	111	0.545343
127	119	0.562178
127	138	1.27493
127	140	1.3273
127	160	1.31436
127	166	1.29702
127	169	1.39426
127	171	1.3034
127	174	1.28444
127	175	1.28561
127	176	1.30553
127	178	1.28709
127	179	1.28707
127	180	1.30084
128	40	1.58687
128	46	1.30195
128	51	0.730237
128	56	1.40718
128	89	0.473948
128	96	1.33781
128	98	1.3531
128	103	0.498008
128	109	0.468272
128	117	0.489209
128	118	0.482998
128	130	1.3341
128	140	1.32591
128	141	1.32508
128	143	1.3069
128	144	1.346
128	145	1.32606
128	146	0.447816
128	148	1.30619
128	149	0.410824
128	151	1.2978
128	155	1.28829
128	156	1.33595
128	160	1.31297
128	163	1.32749
128	166	1.29563
128	167	0.488504
128	168	0.505906
128	169	0.418571
128	171	0.490001
128	172	0.490414
128	177	1.48568
129	9	1.38827
129	23	1.5175
129	25	1.31049
129	52	1.26958
129	59	1.38051
129	66	1.37643
129	74	1.46912
129	85	1.28615
129	101	1.27082
129	102	1.32805
129	104	1.3969
129	109	0.499018
129	111	1.37076
129	119	1.27363
129	121	1.33201
129	123	1.30058
129	125	1.30051
129	131	1.33543
129	134	0.505896
129	153	0.41653
129	157	1.36481
129	158	0.442005
129	159	0.515439
129	161	0.469068
129	162	0.474964
129	170	1.32539
129	171	0.520747
129	173	0.499136
129	174	0.517598
129	175	0.504849
129	179	0.512012
129	180	0.513743
130	36	1.43464
130	46	1.34337
130	62	1.38377
130	88	0.738117
130	90	1.26839
130	96	1.37923
130	105	0.494891
130	128	1.3341
130	132	1.32176
130	138	1.31496
130	139	1.32953
130	140	1.36734
130	141	1.3665
130	142	0.408563
130	144	1.38742
130	145	1.36748
130	148	1.34762
130	151	1.33922
130	152	0.412974
130	155	1.32971
130	157	0.484627
130	159	0.481601
130	160	1.35439
130	163	1.36891
130	166	1.33705
130	169	0.415478
130	171	0.486909
130	173	0.465298
130	174	0.48376
130	175	0.471011
130	176	0.484856
130	177	1.5271
130	178	0.482862
130	180	0.479905
131	3	1.20511
131	16	1.171
131	31	0.561103
131	46	0.52796
131	49	0.483001
131	51	1.46883
131	53	1.27692
131	67	1.31467
131	76	0.49068
131	80	1.34787
131	86	0.492415
131	90	0.560937
131	96	0.497956
131	102	1.32364
131	119	1.26922
131	121	1.3276
131	123	1.29617
131	125	1.2961
131	129	1.33543
131	135	1.36333
131	137	0.515945
131	140	0.52025
131	143	0.529221
131	151	0.526898
131	160	0.515562
131	163	0.475875
131	166	0.507531
131	170	1.32098
131	171	1.32119
131	172	1.30024
131	173	1.31437
131	174	1.30223
131	176	1.32332
131	178	1.30488
131	179	1.30485
131	180	1.31862
132	31	1.22304
132	36	1.38089
132	45	0.559356
132	57	1.37634
132	62	1.33001
132	90	1.21464
132	108	1.32121
132	109	0.516965
132	110	1.31188
132	115	1.29849
132	130	1.32176
132	133	1.28091
132	135	1.33183
132	136	1.2958
132	138	1.26121
132	140	1.31358
132	141	1.31274
132	143	1.29456
132	145	1.31373
132	149	0.459517
132	150	0.5354
132	151	1.28547
132	152	0.464759
132	154	0.431654
132	155	1.27596
132	158	0.459952
132	160	1.30064
132	165	0.548047
132	166	1.2833
132	167	0.537197
132	168	0.554599
132	172	0.539107
132	173	0.517083
132	174	0.535545
132	177	1.47335
132	180	0.53169
133	62	1.34291
133	70	1.29214
133	90	1.22753
133	97	1.35241
133	98	1.35367
133	100	1.25277
133	112	1.31558
133	120	1.3046
133	132	1.28091
133	134	1.29809
133	135	1.34472
133	137	1.29464
133	139	1.28867
133	140	1.32648
133	143	1.30746
133	144	1.34657
133	145	1.32663
133	148	1.30676
133	153	0.440101
133	154	0.437277
133	155	1.28885
133	156	1.33652
133	158	0.465575
133	160	1.31354
133	161	0.492639
133	165	0.55367
133	166	1.2962
133	168	0.560222
133	169	0.472887
133	170	0.549181
133	171	0.544317
133	172	0.54473
133	173	0.522706
133	175	0.52842
133	178	0.54027
133	180	0.537313
134	5	1.37589
134	17	0.391418
134	19	0.480282
134	34	0.548044
134	35	1.37102
134	37	0.562077
134	40	1.59172
134	50	1.43457
134	56	1.41202
134	61	1.36677
134	64	0.40088
134	66	0.464977
134	71	0.518354
134	76	1.37094
