1	63	0.854268
1	115	1.07846
1	123	0.74366
1	143	1.08215
1	154	0.744084
1	166	1.09276
1	173	1.0446
1	174	1.05058
1	175	1.0555
1	178	1.06732
1	179	1.06295
1	180	1.06447
2	12	1.18297
2	17	1.13637
2	27	0.987442
2	36	1.08936
2	59	1.0472
2	80	1.09422
2	141	0.73533
2	152	1.11413
2	168	1.15195
2	176	0.766748
2	177	0.761282
3	82	1.18959
3	112	1.21411
3	134	0.551676
3	142	1.21834
3	152	1.22834
3	154	1.17502
3	155	1.2072
3	159	0.616828
3	161	1.19847
3	169	1.16755
3	173	0.667728
3	180	0.64053
4	10	1.12996
4	24	1.26218
4	107	1.2271
4	112	1.21409
4	138	0.616588
4	151	0.676847
4	152	1.22832
4	154	1.17501
4	161	1.19846
4	169	1.16754
4	174	0.60637
4	176	0.585235
5	49	1.1498
5	56	1.25562
5	74	1.19692
5	102	1.17527
5	116	1.19194
5	132	1.24597
5	154	1.16538
5	157	1.22311
5	159	0.619851
5	165	0.684098
5	172	0.53665
5	178	0.643154
6	19	1.09119
6	41	1.03603
6	67	1.08655
6	93	1.09185
6	95	1.06376
6	104	1.09308
6	124	1.03096
6	129	1.05669
6	151	0.866478
6	158	1.06091
6	173	0.828382
6	177	0.7694
7	26	0.576214
7	93	0.585596
7	137	1.16509
7	145	0.607297
7	151	1.18287
7	157	0.546525
7	170	1.21722
7	171	1.21336
7	175	1.19589
7	177	1.21723
7	179	1.20335
7	180	1.20487
8	33	1.18592
8	41	1.18569
8	73	1.19965
8	95	1.21342
8	104	1.24275
8	105	1.16173
8	108	1.21113
8	113	1.21044
8	135	0.610918
8	140	0.606368
8	173	0.646712
8	180	0.619514
9	39	0.507995
9	55	1.13696
9	83	0.573857
9	109	1.20532
9	117	0.743705
9	127	1.20555
9	134	0.63016
9	136	1.19545
9	142	1.20534
9	144	1.24593
9	145	1.18688
9	146	1.21813
10	4	1.12996
10	20	0.803268
10	65	1.09015
10	82	1.03962
10	107	1.07714
10	112	1.06414
10	152	1.07837
10	155	1.05723
10	161	1.0485
10	163	0.791094
10	169	1.01758
10	179	0.8576
11	29	1.21306
11	69	1.21747
11	94	0.769015
11	112	1.20873
11	117	1.15725
11	143	0.592617
11	155	1.20182
11	161	1.19309
11	163	0.520064
11	169	1.16217
11	170	0.593392
11	172	1.24472
12	2	1.18297
12	27	1.11889
12	34	1.19572
12	59	1.17865
12	61	1.17533
12	80	1.22567
12	83	0.507092
12	103	0.694267
12	152	1.24557
12	168	1.28339
12	177	0.620463
12	180	0.652248
13	27	1.06877
13	34	1.1456
13	36	1.17069
13	59	1.12853
13	61	1.12521
13	79	1.16634
13	80	1.17555
13	94	0.793192
13	135	0.624765
13	152	1.19545
13	168	1.23327
13	170	0.617568
13	171	0.64253
14	75	0.659711
14	85	0.65019
14	95	0.583588
14	103	1.13593
14	154	0.63154
14	162	1.08782
14	163	1.18858
14	168	1.22524
14	173	1.13658
14	174	1.14256
14	176	1.16542
14	178	1.1593
14	180	1.15646
15	22	0.963181
15	68	1.0922
15	82	1.03103
15	107	1.06855
15	112	1.05554
15	142	1.05978
15	152	1.06977
15	154	1.01645
15	156	0.919811
15	161	1.0399
15	169	1.00898
15	172	0.818119
15	180	0.925021
16	45	1.21022
16	54	1.0896
16	64	1.17614
16	75	1.14271
16	81	1.21217
16	84	1.10663
16	86	1.08456
16	100	1.20952
16	148	0.664649
16	153	0.721922
16	160	1.17348
16	163	0.604024
16	164	0.692327
17	2	1.13637
17	27	1.07229
17	34	1.14912
17	36	1.17421
17	58	0.660785
17	59	1.13205
17	61	1.12873
17	80	1.17907
17	152	1.19897
17	168	1.23679
17	169	0.745002
17	174	0.634747
17	180	0.639929
18	30	1.05391
18	38	1.14837
18	44	1.10709
18	56	1.21889
18	102	1.13854
18	116	1.15521
18	126	0.660648
18	132	1.20924
18	157	1.18638
18	160	1.18797
18	172	0.609852
18	175	0.726125
18	177	0.684969
19	6	1.09119
19	33	1.14675
19	72	1.15983
19	93	1.20235
19	95	1.17426
19	105	1.12256
19	108	1.17197
19	113	1.17128
19	120	0.650968
19	158	1.1714
19	162	0.81219
19	163	0.56419
19	164	0.652493
20	10	0.803268
20	90	0.556491
20	98	0.627829
20	114	0.557057
20	143	1.16995
20	165	1.13279
20	166	1.18056
20	167	1.15484
20	174	1.13838
20	177	1.16463
20	178	1.15512
20	179	1.15075
20	180	1.15227
21	30	1.06551
21	37	1.14301
21	44	1.11868
21	47	1.14401
21	49	1.12466
21	60	1.26688
21	97	1.17775
21	102	1.15013
21	120	0.674821
21	132	1.22083
21	166	0.658391
21	170	0.66137
21	171	0.686332
22	15	0.963181
22	68	1.09256
22	82	1.03139
22	107	1.06891
22	119	0.862148
22	142	1.06014
22	152	1.07014
22	154	1.01682
22	155	1.049
22	161	1.04027
22	169	1.00935
22	174	0.908929
22	179	0.891498
23	91	0.619351
23	109	1.15973
23	119	0.656144
23	123	1.12614
23	128	1.16747
23	131	1.12263
23	136	1.14986
23	142	1.15975
23	144	1.20034
23	145	1.14129
23	146	1.17254
23	156	0.702898
23	174	0.702925
24	4	1.26218
24	65	1.22237
24	82	1.17184
24	107	1.20936
24	112	1.19635
24	147	0.691348
24	152	1.21058
24	161	1.18072
24	164	0.630679
24	168	0.531389
24	169	1.1498
24	178	0.631097
25	28	1.15975
25	52	0.598975
25	54	1.0956
25	64	1.18214
25	75	1.14871
25	81	1.21817
25	84	1.11262
25	86	1.09055
25	100	1.21551
25	151	0.737507
25	160	1.17948
25	173	0.699411
25	176	0.645895
26	7	0.576214
26	32	1.13494
26	42	1.13352
26	45	1.22781
26	54	1.10718
26	75	1.1603
26	84	1.12421
26	86	1.10214
26	100	1.2271
26	130	0.6592
26	137	0.755512
26	160	1.19106
26	180	0.668855
27	2	0.987442
27	12	1.11889
27	13	1.06877
27	17	1.07229
27	36	1.02528
27	59	0.983122
27	61	0.979802
27	80	1.03014
27	83	0.818316
27	152	1.05004
27	163	0.874352
27	168	1.08786
27	174	0.958289
28	25	1.15975
28	32	1.11287
28	42	1.11146
28	45	1.20575
28	64	1.17166
28	71	1.1727
28	76	0.643884
28	84	1.10215
28	92	0.707268
28	100	1.20504
28	111	0.693292
28	160	1.169
28	170	0.622366
29	11	1.21306
29	63	1.06675
29	106	1.16265
29	119	0.635148
29	125	1.17947
29	150	1.13528
29	155	1.1457
29	157	1.17125
29	161	1.13697
29	164	0.686296
29	166	0.668341
29	171	0.696281
29	172	1.1886
30	18	1.05391
30	21	1.06551
30	47	0.999121
30	49	0.97977
30	60	1.12199
30	74	1.02689
30	102	1.00524
30	116	1.02191
30	132	1.07594
30	160	1.05467
30	172	0.814824
30	173	0.948924
30	179	0.899111
31	40	1.13348
31	85	1.11519
31	122	1.1422
31	128	1.17723
31	131	1.13238
31	136	1.15962
31	144	1.2101
31	145	1.15105
31	146	1.1823
31	168	0.599538
31	170	0.683851
31	178	0.699246
31	180	0.699644
32	26	1.13494
32	28	1.11287
32	64	1.13526
32	71	1.1363
32	75	1.10183
32	81	1.17129
32	84	1.06575
32	86	1.04367
32	100	1.16864
32	148	0.70545
32	158	0.724705
32	160	1.1326
32	170	0.718152
32	180	0.733945
33	8	1.18592
33	19	1.14675
33	104	1.14865
33	105	1.06763
33	108	1.11704
33	113	1.11635
33	124	1.08653
33	129	1.11226
33	134	0.663327
33	137	0.838837
33	150	1.10272
33	158	1.11647
33	159	0.728479
33	172	0.645278
34	12	1.19572
34	13	1.1456
34	17	1.14912
34	36	1.10211
34	59	1.05995
34	61	1.05663
34	79	1.09777
34	80	1.10697
34	152	1.12688
34	164	0.747331
34	168	1.1647
34	172	0.641246
34	173	0.775346
34	176	0.72183
35	99	1.22635
35	106	1.25203
35	114	1.2861
35	118	0.584353
35	121	1.2142
35	150	1.22466
35	153	0.577917
35	155	1.23507
35	156	0.543929
35	157	1.26063
35	161	1.22635
35	169	0.654212
35	172	1.27798
35	174	0.543956
36	2	1.08936
36	13	1.17069
36	17	1.17421
36	27	1.02528
36	34	1.10211
36	59	1.08504
36	61	1.08172
36	80	1.13206
36	135	0.682921
36	137	0.778175
36	152	1.15197
36	164	0.690701
36	165	0.732063
36	168	1.18979
37	21	1.14301
37	47	1.07662
37	49	1.05727
37	51	1.05038
37	56	1.16309
37	60	1.19949
37	116	1.09941
37	132	1.15344
37	157	1.13059
37	160	1.13217
37	163	0.655175
37	164	0.743479
37	174	0.739112
37	178	0.743897
38	18	1.14837
38	44	1.06824
38	51	1.06733
38	74	1.12135
38	91	0.678461
38	97	1.12731
38	116	1.11636
38	132	1.17039
38	154	1.08981
38	157	1.14754
38	160	1.14912
38	164	0.766402
38	172	0.660316
38	175	0.776589
39	9	0.507995
39	84	0.577388
39	87	0.625205
39	142	0.508853
39	161	0.503132
39	167	1.2462
39	170	1.25599
39	173	1.22376
39	174	1.22974
39	176	1.25259
39	177	1.25599
39	178	1.24648
39	179	1.24211
39	180	1.24363
40	31	1.13348
40	90	1.14724
40	109	1.12069
40	123	1.0871
40	127	1.12092
40	131	1.08359
40	136	1.11082
40	144	1.1613
40	145	1.10225
40	146	1.1335
40	166	0.706596
40	167	0.726412
40	178	0.724969
40	180	0.725367
41	6	1.03603
41	8	1.18569
41	53	1.18736
41	57	1.17899
41	95	1.1191
41	105	1.0674
41	108	1.11681
41	110	0.690231
41	113	1.11612
41	124	1.0863
41	129	1.11203
41	149	0.685305
41	162	0.881507
41	168	0.622521
42	26	1.13352
42	28	1.11146
42	45	1.16793
42	54	1.04731
42	64	1.13385
42	75	1.10042
42	81	1.16988
42	86	1.04226
42	100	1.16723
42	158	0.708868
42	160	1.13119
42	165	0.758654
42	166	0.699337
42	178	0.71771
43	87	1.19813
43	94	0.726566
43	122	1.23635
43	123	1.23005
43	127	1.26387
43	131	1.22654
43	135	1.27203
43	136	1.25377
43	138	0.57177
43	145	1.2452
43	146	1.27646
43	171	0.575904
43	172	0.459833
43	180	0.566735
44	18	1.10709
44	21	1.11868
44	38	1.06824
44	47	1.0523
44	49	1.03295
44	60	1.17517
44	74	1.08007
44	102	1.05842
44	116	1.07509
44	132	1.12911
44	137	0.857142
44	148	0.74199
44	160	1.10785
44	176	0.744167
44	177	0.7387
45	16	1.21022
45	26	1.22781
45	28	1.20575
45	42	1.16793
45	54	1.14159
45	81	1.26416
45	84	1.15862
45	86	1.13655
45	92	0.688197
45	100	1.26151
45	140	0.605942
45	148	0.590594
45	160	1.22547
45	164	0.618272
45	179	0.596473
46	113	0.581996
46	117	1.16908
46	146	0.550018
46	154	0.605358
46	160	0.562006
46	161	0.596921
46	164	1.20615
46	167	1.20638
46	173	1.18394
46	174	1.18992
46	176	1.21278
46	177	1.21618
46	178	1.20666
46	179	1.2023
46	180	1.20382
47	21	1.14401
47	30	0.999121
47	37	1.07662
47	44	1.0523
47	51	1.05138
47	102	1.08375
47	116	1.10041
47	119	0.719867
47	132	1.15444
47	154	1.07386
47	157	1.13159
47	159	0.74813
47	160	1.13318
47	162	0.930712
47	163	0.682712
48	55	1.14288
48	87	1.14572
48	88	1.23884
48	89	0.618552
48	120	0.656912
48	127	1.21147
48	128	1.21898
48	131	1.17413
48	136	1.20137
48	144	1.25185
48	145	1.1928
48	146	1.22405
48	170	0.643461
48	172	0.552352
48	177	0.627469
49	5	1.1498
49	21	1.12466
49	30	0.97977
49	37	1.05727
49	44	1.03295
49	51	1.03203
49	56	1.14474
49	60	1.18115
49	132	1.13509
49	141	0.73362
49	154	1.05451
49	156	0.786146
49	157	1.11224
49	175	0.800726
49	176	0.765038
50	70	1.02576
50	78	0.640741
50	80	0.776969
50	89	1.13255
50	112	0.736157
50	128	1.11033
50	136	1.09272
50	144	1.1432
50	145	1.08415
50	160	0.755302
50	175	1.07266
50	176	1.0906
50	178	1.08448
50	179	1.08011
50	180	1.08163
51	37	1.05038
51	38	1.06733
51	47	1.05138
51	49	1.03203
51	53	1.15425
51	60	1.17425
51	102	1.0575
51	116	1.07417
51	132	1.1282
51	157	1.10534
51	158	0.797102
51	159	0.78264
51	160	1.10693
51	164	0.805525
51	172	0.699439
52	25	0.598975
52	57	0.575379
52	109	0.623951
52	114	0.560765
52	144	0.56339
52	149	1.2208
52	156	1.19615
52	165	1.18071
52	174	1.1863
52	175	1.19122
52	176	1.20916
52	177	1.21256
52	178	1.20304
52	179	1.19867
52	180	1.20019
53	41	1.18736
53	51	1.15425
53	72	1.20067
53	91	0.552622
53	102	1.18661
53	110	0.608984
53	113	1.21212
53	124	1.1823
53	129	1.20803
53	132	1.25731
53	137	0.728036
53	153	0.670157
53	154	1.17673
53	160	1.23604
53	168	0.541273
54	16	1.0896
54	25	1.0956
54	26	1.10718
54	42	1.04731
54	45	1.14159
54	75	1.07408
54	81	1.14354
54	84	1.038
54	86	1.01592
54	100	1.14089
54	140	0.771386
54	143	0.767965
54	160	1.10485
54	176	0.758214
54	180	0.784532
55	9	1.13696
55	48	1.14288
55	85	1.03404
55	87	1.02283
55	88	1.11595
55	90	1.11489
55	123	1.05475
55	134	0.716067
55	136	1.07847
55	143	0.788353
55	144	1.12896
55	145	1.06991
55	146	1.10116
55	149	0.767599
55	174	0.799737
56	5	1.25562
56	18	1.21889
56	37	1.16309
56	49	1.14474
56	74	1.19187
56	116	1.18688
56	132	1.24091
56	133	0.628643
56	154	1.16033
56	157	1.21806
56	160	1.21964
56	166	0.600207
56	167	0.620022
56	171	0.628147
56	175	0.628348
57	41	1.17899
57	52	0.575379
57	66	1.22573
57	93	1.23482
57	104	1.23605
57	105	1.15503
57	108	1.20443
57	110	0.616222
57	124	1.17393
57	129	1.19966
57	137	0.735274
57	149	0.611296
57	150	1.19012
57	158	1.20387
57	172	0.541715
58	17	0.660785
58	72	0.700278
58	87	0.857079
58	147	1.08303
58	150	0.722702
58	156	1.0894
58	159	1.09854
58	171	1.10194
58	173	1.07357
58	174	1.07955
58	175	1.08447
58	177	1.1058
58	178	1.09629
58	179	1.09192
58	180	1.09344
59	2	1.0472
59	12	1.17865
59	13	1.12853
59	17	1.13205
59	27	0.983122
59	34	1.05995
59	36	1.08504
59	61	1.03956
59	80	1.0899
59	120	0.74939
59	152	1.10981
59	153	0.78051
59	165	0.792277
59	168	1.14763
59	175	0.761102
60	21	1.26688
60	30	1.12199
60	37	1.19949
60	44	1.17517
60	49	1.18115
60	51	1.17425
60	102	1.20662
60	116	1.22329
60	138	0.619136
60	154	1.19673
60	156	0.608892
60	157	1.25446
60	165	0.654647
60	170	0.598309
60	171	0.623271
61	12	1.17533
61	13	1.12521
61	17	1.12873
61	27	0.979802
61	34	1.05663
61	36	1.08172
61	59	1.03956
61	79	1.07738
61	80	1.08658
61	92	0.842678
61	117	0.798261
61	134	0.684716
61	149	0.736248
61	152	1.10649
61	168	1.14431
62	74	0.650312
62	103	1.14819
62	104	0.598479
62	127	0.613219
62	131	0.653241
62	132	0.573454
62	148	1.18807
62	162	1.10008
62	164	1.17106
62	171	1.17722
62	173	1.14885
62	176	1.17768
62	177	1.18108
62	178	1.17157
62	179	1.1672
62	180	1.16872
63	1	0.854268
63	29	1.06675
63	96	1.05455
63	97	1.06083
63	98	1.05419
63	101	1.11291
63	114	1.10653
63	121	1.03463
63	125	1.08928
63	133	1.03685
63	150	1.04509
63	161	1.04678
63	167	0.833817
63	168	0.732666
63	171	0.841941
63	172	1.09841
64	16	1.17614
64	25	1.18214
64	28	1.17166
64	32	1.13526
64	42	1.13385
64	71	1.19509
64	75	1.16062
64	84	1.12454
64	86	1.10246
64	100	1.22742
64	133	0.679033
64	156	0.664158
64	160	1.19139
64	166	0.650596
64	176	0.643049
64	178	0.668969
65	10	1.09015
65	24	1.22237
65	68	1.21094
65	82	1.14977
65	103	0.682531
65	107	1.18729
65	112	1.17428
65	141	0.582775
65	142	1.17852
65	147	0.700364
65	154	1.1352
65	155	1.16737
65	161	1.15865
65	162	0.799392
65	168	0.540405
65	169	1.12772
66	57	1.22573
66	67	1.18863
66	72	1.15141
66	73	1.15206
66	95	1.16583
66	104	1.19516
66	105	1.11414
66	108	1.16354
66	118	0.676697
66	124	1.13304
66	129	1.15877
66	139	0.653855
66	140	0.628337
66	151	0.706778
66	158	1.16298
66	178	0.641085
67	6	1.08655
67	66	1.18863
67	73	1.15585
67	77	1.16127
67	93	1.19772
67	104	1.19895
67	108	1.16733
67	113	1.16665
67	120	0.591614
67	129	1.16256
67	147	0.653809
67	150	1.15302
67	158	1.16677
67	162	0.752837
67	169	0.699029
67	171	0.603125
68	15	1.0922
68	22	1.09256
68	65	1.21094
68	94	0.812086
68	107	1.19793
68	112	1.18492
68	126	0.59615
68	142	1.18916
68	149	0.614934
68	152	1.19915
68	154	1.14583
68	155	1.17801
68	161	1.16929
68	169	1.13836
68	177	0.620471
68	178	0.651857
69	11	1.21747
69	89	0.594696
69	98	1.14878
69	106	1.16705
69	114	1.20112
69	121	1.12922
69	125	1.18387
69	133	1.13144
69	147	0.695251
69	150	1.13968
69	155	1.1501
69	158	0.626158
69	161	1.14137
69	169	0.740471
69	172	1.193
69	175	0.644769
70	50	1.02576
70	85	1.02557
70	87	1.01436
70	88	1.10748
70	90	1.10642
70	122	1.05259
70	123	1.04628
70	127	1.0801
70	136	1.07
70	141	0.786363
70	144	1.12049
70	145	1.06144
70	146	1.09269
70	165	0.884644
70	168	0.743993
70	173	0.871297
71	28	1.1727
71	32	1.1363
71	64	1.19509
71	81	1.23111
71	86	1.1035
71	107	1.1852
71	140	0.669967
71	141	0.625377
71	149	0.645792
71	154	1.13311
71	155	1.16529
71	160	1.19243
71	161	1.15656
71	169	1.12564
71	174	0.67793
71	180	0.683113
72	19	1.15983
72	53	1.20067
72	58	0.700278
72	66	1.15141
72	73	1.11863
72	95	1.1324
72	104	1.16173
72	105	1.08071
72	113	1.12943
72	124	1.09961
72	129	1.12534
72	135	0.670827
72	148	0.650929
72	150	1.1158
72	158	1.12955
72	169	0.784496
72	174	0.67424
73	8	1.19965
73	66	1.15206
73	67	1.15585
73	72	1.11863
73	93	1.16115
73	105	1.08136
73	108	1.13076
73	113	1.13008
73	124	1.10026
73	129	1.12599
73	150	1.11645
73	151	0.770696
73	158	1.1302
73	170	0.68961
73	172	0.5985
73	173	0.7326
73	175	0.714773
74	5	1.19692
74	30	1.02689
74	38	1.12135
74	44	1.08007
74	56	1.19187
74	62	0.650312
74	97	1.13914
74	102	1.11152
74	116	1.12819
74	132	1.18222
74	154	1.10163
74	157	1.15936
74	159	0.695161
74	160	1.16095
74	170	0.70307
74	174	0.713679
74	180	0.718862
75	14	0.659711
75	16	1.14271
75	25	1.14871
75	26	1.1603
75	32	1.10183
75	42	1.10042
75	54	1.07408
75	64	1.16062
75	81	1.19665
75	84	1.09111
75	86	1.06904
75	100	1.194
75	153	0.779536
75	160	1.15796
75	168	0.650652
75	172	0.643856
75	180	0.750758
76	28	0.643884
76	114	0.639729
76	123	0.727889
76	128	0.667554
76	156	1.12753
76	157	0.644891
76	165	1.11208
76	166	1.15985
76	167	1.13413
76	170	1.14392
76	171	1.14006
76	174	1.11767
76	175	1.12259
76	177	1.14393
76	178	1.13441
76	179	1.13004
76	180	1.13156
77	67	1.16127
77	88	1.17102
77	95	1.13848
77	105	1.08679
77	117	0.741315
77	122	1.11613
77	124	1.10568
77	129	1.13142
77	131	1.10631
77	134	0.62777
77	139	0.728994
77	144	1.18403
77	145	1.12498
77	146	1.15623
77	150	1.12188
77	166	0.697852
77	179	0.694008
78	50	0.640741
78	96	1.2194
78	98	1.21904
78	99	1.21164
78	101	1.27777
78	106	1.23731
78	114	1.27138
78	121	1.19948
78	125	1.25413
78	150	1.20994
78	151	0.629968
78	157	1.24591
78	166	0.545903
78	172	1.26326
78	173	0.591872
78	177	0.532889
78	180	0.564674
79	13	1.16634
79	34	1.09777
79	61	1.07738
79	80	1.12771
79	89	0.695172
79	123	1.10401
79	128	1.14535
79	130	0.726218
79	131	1.1005
79	144	1.17822
79	145	1.11917
79	146	1.15042
79	152	1.14762
79	168	1.18544
79	172	0.628972
79	175	0.745244
79	177	0.704089
80	2	1.09422
80	12	1.22567
80	13	1.17555
80	17	1.17907
80	27	1.03014
80	34	1.10697
80	36	1.13206
80	50	0.776969
80	59	1.0899
80	61	1.08658
80	79	1.12771
80	152	1.15682
80	153	0.729681
80	166	0.682132
80	167	0.701948
80	168	1.19464
80	172	0.594001
81	16	1.21217
81	25	1.21817
81	32	1.17129
81	42	1.16988
81	45	1.26416
81	54	1.14354
81	71	1.23111
81	75	1.19665
81	84	1.16056
81	86	1.13849
81	100	1.26345
81	143	0.584106
81	160	1.22742
81	165	0.641218
81	169	0.705746
81	170	0.58488
81	174	0.59549
81	175	0.610043
82	3	1.18959
82	10	1.03962
82	15	1.03103
82	22	1.03139
82	24	1.17184
82	65	1.14977
82	107	1.13676
82	112	1.12375
82	133	0.792217
82	138	0.787587
82	152	1.13798
82	154	1.08467
82	155	1.11685
82	161	1.10812
82	168	0.682447
82	169	1.0772
82	170	0.76676
82	172	0.67565
83	9	0.573857
83	12	0.507092
83	27	0.818316
83	123	0.577008
83	142	0.574715
83	157	0.494009
83	159	1.2001
83	164	1.19734
83	166	1.22329
83	170	1.20736
83	171	1.2035
83	174	1.18111
83	175	1.18603
83	176	1.20396
83	177	1.20736
83	178	1.19785
83	179	1.19348
83	180	1.195
84	16	1.10663
84	25	1.11262
84	26	1.12421
84	28	1.10215
84	32	1.06575
84	39	0.577388
84	45	1.15862
84	54	1.038
84	64	1.12454
84	75	1.09111
84	81	1.16056
84	86	1.03295
84	100	1.15791
84	149	0.751085
84	160	1.12187
84	175	0.797776
84	178	0.788008
84	179	0.765791
85	14	0.65019
85	31	1.11519
85	55	1.03404
85	70	1.02557
85	87	1.03688
85	88	1.13
85	101	0.873183
85	109	1.1024
85	122	1.07511
85	123	1.06881
85	127	1.10263
85	128	1.11014
85	130	0.731582
85	131	1.06529
85	136	1.09253
85	142	1.10242
85	144	1.14301
85	169	0.84631
85	178	0.740839
86	16	1.08456
86	25	1.09055
86	26	1.10214
86	32	1.04367
86	42	1.04226
86	45	1.13655
86	54	1.01592
86	64	1.10246
86	71	1.1035
86	75	1.06904
86	81	1.13849
86	84	1.03295
86	100	1.13584
86	126	0.718935
86	160	1.0998
86	166	0.75627
86	167	0.776086
86	169	0.880114
86	174	0.769858
87	39	0.625205
87	43	1.19813
87	48	1.14572
87	55	1.02283
87	58	0.857079
87	70	1.01436
87	85	1.03688
87	109	1.09118
87	123	1.05759
87	127	1.09141
87	128	1.09893
87	131	1.05408
87	136	1.08131
87	144	1.1318
87	145	1.07274
87	146	1.104
87	163	0.747104
87	170	0.820431
87	176	0.809905
88	48	1.23884
88	55	1.11595
88	70	1.10748
88	77	1.17102
88	85	1.13
88	90	1.21085
88	109	1.1843
88	117	0.691933
88	122	1.15702
88	127	1.18453
88	131	1.1472
88	136	1.17443
88	142	1.18433
88	146	1.19712
88	164	0.666425
88	165	0.707786
88	166	0.64847
88	172	0.560339
88	179	0.644626
89	48	0.618552
89	50	1.13255
89	69	0.594696
89	79	0.695172
89	114	0.593301
89	140	1.19254
89	143	1.18339
89	146	0.626545
89	148	1.18506
89	149	1.18632
89	152	0.610282
89	165	1.14623
89	170	1.17807
89	173	1.14584
89	176	1.17467
89	177	1.17807
89	178	1.16856
89	179	1.16419
89	180	1.16571
90	20	0.556491
90	40	1.14724
90	55	1.11489
90	70	1.10642
90	88	1.21085
90	109	1.18325
90	115	0.629174
90	122	1.15596
90	123	1.14966
90	128	1.19099
90	136	1.17338
90	142	1.18327
90	144	1.22386
90	145	1.16481
90	146	1.19606
90	162	0.792318
90	164	0.632621
90	173	0.660635
90	178	0.633039
91	23	0.619351
91	38	0.678461
91	53	0.552622
91	99	0.621961
91	107	0.603918
91	124	0.665005
91	140	1.19324
91	153	1.16263
91	163	1.19853
91	165	1.14692
91	166	1.19469
91	169	1.13659
91	174	1.15251
91	175	1.15743
91	176	1.17537
91	177	1.17877
91	178	1.16925
91	179	1.16489
91	180	1.16641
92	28	0.707268
92	45	0.688197
92	61	0.842678
92	139	1.0996
92	149	1.10756
92	155	0.737336
92	156	1.08291
92	161	0.783259
92	162	1.01831
92	163	1.11907
92	171	1.09545
92	173	1.06708
92	174	1.07306
92	175	1.07798
92	176	1.09591
92	177	1.09931
92	178	1.0898
92	179	1.08543
92	180	1.08695
93	6	1.09185
93	7	0.585596
93	19	1.20235
93	57	1.23482
93	67	1.19772
93	73	1.16115
93	104	1.20425
93	105	1.12323
93	108	1.17263
93	113	1.17195
93	124	1.14213
93	129	1.16786
93	133	0.687902
93	138	0.683272
93	150	1.15832
93	158	1.17207
93	165	0.718783
93	166	0.659466
93	172	0.571335
94	11	0.769015
94	13	0.793192
94	43	0.726566
94	68	0.812086
94	123	0.881994
94	137	1.03258
94	151	1.05036
94	162	1.00372
94	164	1.0747
94	165	1.05288
94	166	1.10064
94	170	1.08471
94	172	1.12509
94	173	1.05249
94	174	1.05847
94	175	1.06338
94	176	1.08132
94	178	1.0752
94	179	1.07084
94	180	1.07236
95	6	1.06376
95	8	1.21342
95	14	0.583588
95	19	1.17426
95	41	1.1191
95	66	1.16583
95	72	1.1324
95	77	1.13848
95	104	1.17615
95	108	1.14454
95	113	1.14385
95	124	1.11403
95	129	1.13976
95	150	1.13022
95	153	0.703412
95	158	1.14397
95	162	0.833515
95	167	0.675679
95	170	0.658842
95	176	0.648316
96	63	1.05455
96	78	1.2194
96	97	1.13882
96	98	1.13218
96	99	1.12477
96	101	1.1909
96	114	1.18452
96	117	1.08892
96	121	1.11261
96	125	1.16726
96	130	0.692157
96	141	0.644077
96	151	0.767106
96	155	1.13349
96	157	1.15904
96	161	1.12476
96	163	0.612693
96	172	1.1764
96	173	0.72901
96	179	0.679198
97	21	1.17775
97	38	1.12731
97	63	1.06083
97	74	1.13914
97	96	1.13882
97	99	1.13106
97	116	1.13416
97	125	1.17355
97	132	1.18818
97	135	0.691475
97	148	0.671577
97	154	1.1076
97	155	1.13978
97	160	1.16692
97	161	1.13105
97	171	0.70924
97	172	1.18268
97	176	0.673753
97	179	0.677456
97	180	0.700071
98	20	0.627829
98	63	1.05419
98	69	1.14878
98	78	1.21904
98	96	1.13218
98	99	1.12442
98	101	1.19055
98	106	1.15009
98	111	0.759909
98	121	1.11226
98	125	1.16691
98	133	1.11448
98	143	0.688208
98	155	1.13314
98	157	1.15869
98	161	1.12441
98	163	0.615656
98	172	1.17604
98	173	0.731973
98	177	0.672991
99	35	1.22635
99	78	1.21164
99	91	0.621961
99	96	1.12477
99	97	1.13106
99	98	1.12442
99	106	1.14269
99	111	0.765852
99	114	1.17676
99	115	0.706455
99	117	1.08116
99	121	1.10485
99	140	0.697572
99	150	1.11532
99	155	1.12573
99	157	1.15128
99	161	1.117
99	163	0.621599
99	172	1.16864
99	176	0.6844
100	16	1.20952
100	25	1.21551
100	26	1.2271
100	28	1.20504
100	32	1.16864
100	42	1.16723
100	45	1.26151
100	54	1.14089
100	64	1.22742
100	75	1.194
100	81	1.26345
100	84	1.15791
100	86	1.13584
100	119	0.566505
100	158	0.609229
100	160	1.22476
100	169	0.723542
100	173	0.645667
100	174	0.613286
100	176	0.592151
100	179	0.595854
101	63	1.11291
101	78	1.27777
101	85	0.873183
101	96	1.1909
101	98	1.19055
101	106	1.20882
101	114	1.24289
101	121	1.17098
101	125	1.22563
101	133	1.17321
101	135	0.551126
101	150	1.18145
101	155	1.19186
101	157	1.21741
101	161	1.18313
101	165	0.600267
101	166	0.540951
101	167	0.560767
101	169	0.664795
101	172	1.23477
101	176	0.533404
102	5	1.17527
102	18	1.13854
102	21	1.15013
102	30	1.00524
102	44	1.05842
102	47	1.08375
102	51	1.0575
102	53	1.18661
102	60	1.20662
102	74	1.11152
102	111	0.789481
102	116	1.10654
102	132	1.16057
102	148	0.705853
102	154	1.07998
102	157	1.13771
102	159	0.710646
102	160	1.1393
102	168	0.634241
102	170	0.718554
102	173	0.761545
103	12	0.694267
103	14	1.13593
103	62	1.14819
103	65	0.682531
103	111	1.06143
103	131	0.763812
103	141	1.12411
103	145	0.741958
103	155	0.710246
103	159	1.09937
103	160	0.721256
103	162	1.02563
103	167	1.09683
103	170	1.10663
103	171	1.10277
103	172	1.147
103	173	1.0744
103	175	1.0853
103	177	1.10663
103	178	1.09712
103	179	1.09275
103	180	1.09427
104	6	1.09308
104	8	1.24275
104	33	1.14865
104	57	1.23605
104	62	0.598479
104	66	1.19516
104	67	1.19895
104	72	1.16173
104	93	1.20425
104	95	1.17615
104	105	1.12446
104	108	1.17386
104	113	1.17317
104	124	1.14336
104	129	1.16909
104	141	0.609293
104	150	1.15955
104	151	0.732323
104	153	0.695807
104	164	0.666213
104	167	0.668074
104	172	0.560127
105	8	1.16173
105	19	1.12256
105	33	1.06763
105	41	1.0674
105	57	1.15503
105	66	1.11414
105	72	1.08071
105	73	1.08136
105	77	1.08679
105	93	1.12323
105	104	1.12446
105	108	1.09284
105	124	1.06234
105	129	1.08807
105	150	1.07853
105	158	1.09228
105	163	0.682243
105	167	0.772407
105	171	0.780532
105	174	0.766179
105	175	0.780733
105	177	0.739578
106	29	1.16265
106	35	1.25203
106	69	1.16705
106	78	1.23731
106	98	1.15009
106	99	1.14269
106	101	1.20882
106	114	1.20243
106	115	0.635238
106	121	1.13053
106	125	1.18518
106	133	1.13275
106	139	0.651872
106	150	1.14099
106	155	1.15141
106	161	1.14268
106	169	0.744574
106	170	0.623709
106	172	1.19431
106	177	0.607717
106	178	0.639103
106	180	0.639501
107	4	1.2271
107	10	1.07714
107	15	1.06855
107	22	1.06891
107	24	1.20936
107	65	1.18729
107	68	1.19793
107	71	1.1852
107	82	1.13676
107	91	0.603918
107	112	1.16127
107	115	0.688413
107	139	0.705046
107	142	1.16551
107	152	1.1755
107	154	1.12219
107	155	1.15436
107	159	0.668974
107	161	1.14564
107	167	0.69372
107	169	1.11471
107	179	0.670061
107	180	0.692675
108	8	1.21113
108	19	1.17197
108	33	1.11704
108	41	1.11681
108	57	1.20443
108	66	1.16354
108	67	1.16733
108	73	1.13076
108	93	1.17263
108	95	1.14454
108	104	1.17386
108	105	1.09284
108	113	1.14156
108	124	1.11174
108	129	1.13747
108	148	0.653455
108	153	0.710727
108	156	0.67674
108	158	1.14169
108	173	0.709147
108	175	0.69132
108	176	0.655631
108	177	0.650165
109	9	1.20532
109	23	1.15973
109	40	1.12069
109	52	0.623951
109	85	1.1024
109	87	1.09118
109	88	1.1843
109	90	1.18325
109	122	1.12941
109	123	1.12311
109	126	0.641083
109	127	1.15693
109	128	1.16444
109	131	1.11959
109	142	1.15672
109	144	1.19731
109	145	1.13826
109	146	1.16951
109	147	0.757042
109	158	0.687949
109	163	0.608069
109	171	0.706358
109	180	0.697189
110	41	0.690231
110	53	0.608984
110	57	0.616222
110	121	0.700902
110	140	1.17055
110	146	0.634852
110	152	0.618589
110	160	0.646841
110	162	1.07508
110	163	1.17584
110	164	1.14606
110	166	1.172
110	167	1.14628
110	170	1.15607
110	171	1.15221
110	172	1.19645
110	174	1.12983
110	175	1.13474
110	176	1.15268
110	177	1.15608
110	178	1.14656
110	179	1.1422
110	180	1.14372
111	28	0.693292
111	98	0.759909
111	99	0.765852
111	102	0.789481
111	103	1.06143
111	131	0.776926
111	139	1.0946
111	141	1.1118
111	142	0.775005
111	151	1.05995
111	156	1.07791
111	158	1.09512
111	164	1.08429
111	167	1.08452
111	170	1.09431
111	171	1.09045
111	173	1.06208
111	174	1.06806
111	175	1.07298
111	177	1.09431
111	178	1.0848
111	179	1.08043
111	180	1.08195
112	3	1.21411
112	4	1.21409
112	10	1.06414
112	11	1.20873
112	15	1.05554
112	24	1.19635
112	50	0.736157
112	65	1.17428
112	68	1.18492
112	82	1.12375
112	107	1.16127
112	137	0.746747
112	140	0.646944
112	142	1.1525
112	152	1.1625
112	154	1.10918
112	155	1.14136
112	161	1.13263
112	164	0.659274
112	169	1.10171
112	175	0.669461
112	177	0.628305
112	179	0.637476
113	8	1.21044
113	19	1.17128
113	33	1.11635
113	41	1.11612
113	46	0.581996
113	53	1.21212
113	67	1.16665
113	72	1.12943
113	73	1.13008
113	93	1.17195
113	95	1.14385
113	104	1.17317
113	108	1.14156
113	124	1.11105
113	126	0.64312
113	129	1.13679
113	133	0.708891
113	138	0.70426
113	143	0.682659
113	150	1.12725
113	156	0.694016
113	158	1.141
113	171	0.708395
114	20	0.557057
114	35	1.2861
114	52	0.560765
114	63	1.10653
114	69	1.20112
114	76	0.639729
114	78	1.27138
114	89	0.593301
114	96	1.18452
114	99	1.17676
114	101	1.24289
114	106	1.20243
114	118	0.669216
114	121	1.1646
114	125	1.21925
114	133	1.16682
114	135	0.625407
114	150	1.17506
114	155	1.18548
114	157	1.21103
114	161	1.17675
114	167	0.635048
114	172	1.22838
114	177	0.602218
115	1	1.07846
115	90	0.629174
115	99	0.706455
115	106	0.635238
115	107	0.688413
115	138	1.1402
115	140	1.15561
115	147	1.11837
115	150	0.697584
115	153	1.125
115	154	0.718324
115	155	0.663964
115	163	1.1609
115	164	1.13112
115	170	1.14114
115	171	1.13728
115	173	1.10891
115	174	1.11489
115	175	1.11981
115	176	1.13774
115	177	1.14114
115	178	1.13163
115	179	1.12726
115	180	1.12878
116	5	1.19194
116	18	1.15521
116	30	1.02191
116	37	1.09941
116	38	1.11636
116	44	1.07509
116	47	1.10041
116	51	1.07417
116	56	1.18688
116	60	1.22329
116	74	1.12819
116	97	1.13416
116	102	1.10654
116	132	1.17723
116	138	0.732092
116	143	0.71049
116	154	1.09665
116	157	1.15438
116	160	1.15596
116	163	0.637938
116	170	0.711265
116	174	0.721875
116	176	0.700739
116	178	0.726659
117	9	0.743705
117	11	1.15725
117	46	1.16908
117	61	0.798261
117	77	0.741315
117	88	0.691933
117	96	1.08892
117	99	1.08116
117	121	1.069
117	125	1.12365
117	132	0.666697
117	136	0.717148
117	161	1.08115
117	164	1.08239
117	166	1.10834
117	167	1.08262
117	171	1.08855
117	172	1.13279
117	177	1.09241
117	178	1.0829
117	179	1.07853
117	180	1.08005
118	35	0.584353
118	66	0.676697
118	114	0.669216
118	125	0.691549
118	144	0.671841
118	156	1.12879
118	157	0.674378
118	159	1.13792
118	161	0.749363
118	162	1.06419
118	163	1.16494
118	165	1.11334
118	166	1.16111
118	167	1.13539
118	169	1.103
118	170	1.14518
118	173	1.11295
118	174	1.11893
118	175	1.12385
118	176	1.14179
118	177	1.14519
118	178	1.13567
118	179	1.1313
118	180	1.13282
119	22	0.862148
119	23	0.656144
119	29	0.635148
119	47	0.719867
119	100	0.566505
119	124	0.701798
119	140	1.15424
119	148	1.14676
119	149	1.14801
119	153	1.12363
119	155	0.616262
119	156	1.12337
119	158	1.14057
119	162	1.05877
119	169	1.09759
119	170	1.13976
119	172	1.18014
119	173	1.10753
119	175	1.11843
119	176	1.13637
119	177	1.13977
119	178	1.13025
119	179	1.12589
119	180	1.12741
120	19	0.650968
120	21	0.674821
120	48	0.656912
120	59	0.74939
120	67	0.591614
120	133	1.12092
120	134	1.17052
120	142	0.717529
120	143	1.14742
120	147	1.11934
120	153	1.12597
120	154	0.720245
120	162	1.06111
120	163	1.16187
120	165	1.11027
120	170	1.1421
120	171	1.13824
120	173	1.10987
120	175	1.12077
120	176	1.13871
120	177	1.14211
120	178	1.13259
120	179	1.12823
120	180	1.12975
121	35	1.2142
121	63	1.03463
121	69	1.12922
121	78	1.19948
121	96	1.11261
121	98	1.11226
121	99	1.10485
121	101	1.17098
121	106	1.13053
121	110	0.700902
121	114	1.1646
121	117	1.069
121	125	1.14734
121	130	0.723642
121	133	1.09492
121	134	0.644444
121	155	1.11357
121	157	1.13912
121	158	0.724058
121	159	0.709596
121	161	1.10484
121	172	1.15648
121	177	0.701513
121	179	0.710683
122	31	1.1422
122	43	1.23635
122	70	1.05259
122	77	1.11613
122	85	1.07511
122	88	1.15702
122	90	1.15596
122	109	1.12941
122	123	1.09582
122	128	1.13715
122	131	1.09231
122	135	1.13779
122	136	1.11954
122	139	0.708728
122	142	1.12943
122	144	1.17002
122	145	1.11097
122	146	1.14222
122	147	0.75621
122	156	0.691147
122	174	0.691174
122	175	0.705728
122	178	0.695959
122	180	0.696357
123	1	0.74366
123	23	1.12614
123	40	1.0871
123	43	1.23005
123	55	1.05475
123	70	1.04628
123	76	0.727889
123	79	1.10401
123	83	0.577008
123	85	1.06881
123	87	1.05759
123	90	1.14966
123	94	0.881994
123	109	1.12311
123	122	1.09582
123	127	1.12334
123	128	1.13085
123	131	1.086
123	136	1.11324
123	144	1.16372
123	145	1.10467
123	146	1.13592
123	162	0.881044
123	163	0.633044
123	172	0.615261
124	6	1.03096
124	33	1.08653
124	41	1.0863
124	53	1.1823
124	57	1.17393
124	66	1.13304
124	72	1.09961
124	73	1.10026
124	77	1.10568
124	91	0.665005
124	93	1.14213
124	95	1.11403
124	104	1.14336
124	105	1.06234
124	108	1.11174
124	113	1.11105
124	119	0.701798
124	129	1.10697
124	138	0.758797
124	150	1.09743
124	158	1.11118
124	159	0.730061
124	165	0.794308
124	177	0.721977
124	179	0.731148
125	29	1.17947
125	63	1.08928
125	69	1.18387
125	78	1.25413
125	96	1.16726
125	97	1.17355
125	98	1.16691
125	101	1.22563
125	106	1.18518
125	114	1.21925
125	117	1.12365
125	118	0.691549
125	121	1.14734
125	133	1.14957
125	155	1.16822
125	157	1.19377
125	161	1.15949
125	165	0.696882
125	168	0.55623
125	172	1.21113
125	176	0.630018
125	177	0.624551
125	178	0.655938
125	179	0.633722
125	180	0.656336
126	18	0.660648
126	68	0.59615
126	86	0.718935
126	109	0.641083
126	113	0.64312
126	130	1.1536
126	136	0.63635
126	142	0.663765
126	144	0.580522
126	149	1.17628
126	156	1.15164
126	159	1.16078
126	162	1.08704
126	163	1.1878
126	165	1.1362
126	166	1.18396
126	167	1.15824
126	170	1.16803
126	171	1.16417
126	173	1.13581
126	174	1.14179
126	175	1.1467
126	176	1.16464
126	177	1.16804
126	178	1.15852
126	180	1.15568
127	9	1.20555
127	40	1.12092
127	43	1.26387
127	48	1.21147
127	62	0.613219
127	70	1.0801
127	85	1.10263
127	87	1.09141
127	88	1.18453
127	109	1.15693
127	123	1.12334
127	128	1.16467
127	131	1.11982
127	135	1.16531
127	136	1.14706
127	139	0.69414
127	140	0.668623
127	142	1.15695
127	144	1.19754
127	145	1.13849
127	146	1.16974
127	151	0.747063
127	164	0.680953
127	168	0.581664
127	173	0.708967
127	176	0.655451
128	23	1.16747
128	31	1.17723
128	48	1.21898
128	50	1.11033
128	76	0.667554
128	79	1.14535
128	85	1.11014
128	87	1.09893
128	90	1.19099
128	109	1.16444
128	122	1.13715
128	123	1.13085
128	127	1.16467
128	130	0.652172
128	131	1.12734
128	135	1.17283
128	136	1.15457
128	144	1.20506
128	145	1.146
128	146	1.17726
128	147	0.721681
128	158	0.652588
128	164	0.661011
128	174	0.656645
128	175	0.671198
128	180	0.661828
129	6	1.05669
129	33	1.11226
129	41	1.11203
129	53	1.20803
129	57	1.19966
129	66	1.15877
129	67	1.16256
129	72	1.12534
129	73	1.12599
129	77	1.13142
129	93	1.16786
129	95	1.13976
129	104	1.16909
129	105	1.08807
129	108	1.13747
129	113	1.13679
129	124	1.10697
129	137	0.760276
129	147	0.733472
129	149	0.636298
129	150	1.12316
129	158	1.13691
129	159	0.649918
129	169	0.778692
129	171	0.682789
129	176	0.647301
129	178	0.673221
130	26	0.6592
130	79	0.726218
130	85	0.731582
130	96	0.692157
130	121	0.723642
130	126	1.1536
130	128	0.652172
130	134	1.15348
130	136	0.682801
130	140	1.13954
130	141	1.14256
130	150	0.692191
130	151	1.09071
130	153	1.10893
130	159	1.11781
130	167	1.11528
130	169	1.08289
130	170	1.12507
130	171	1.12121
130	172	1.16545
130	173	1.09284
130	174	1.09882
130	175	1.10374
130	176	1.12167
130	177	1.12507
130	178	1.11556
130	179	1.11119
130	180	1.11271
131	23	1.12263
131	31	1.13238
131	40	1.08359
131	43	1.22654
131	48	1.17413
131	62	0.653241
131	77	1.10631
131	79	1.1005
131	85	1.06529
131	87	1.05408
131	88	1.1472
131	103	0.763812
131	109	1.11959
131	111	0.776926
131	122	1.09231
131	123	1.086
131	127	1.11982
131	128	1.12734
131	135	1.12798
131	142	1.11962
131	144	1.16021
131	145	1.10116
131	146	1.13241
131	153	0.75057
131	168	0.621686
131	174	0.716609
131	175	0.731162
131	177	0.690007
132	5	1.24597
132	18	1.20924
132	21	1.22083
132	30	1.07594
132	37	1.15344
132	38	1.17039
132	44	1.12911
132	47	1.15444
132	49	1.13509
132	51	1.1282
132	53	1.25731
132	56	1.24091
132	62	0.573454
132	74	1.18222
132	97	1.18818
132	102	1.16057
132	116	1.17723
132	117	0.666697
132	140	0.628858
132	141	0.584269
132	143	0.625438
132	149	0.604683
132	154	1.15068
132	157	1.20841
132	160	1.20999
132	167	0.64305
132	169	0.747077
132	173	0.669202
133	56	0.628643
133	63	1.03685
133	64	0.679033
133	69	1.13144
133	82	0.792217
133	93	0.687902
133	98	1.11448
133	101	1.17321
133	106	1.13275
133	113	0.708891
133	114	1.16682
133	120	1.12092
133	121	1.09492
133	125	1.14957
133	136	0.702121
133	140	1.1328
133	146	0.676913
133	147	1.09556
133	152	0.660649
133	157	1.14135
133	161	1.10707
133	171	1.11447
133	172	1.1587
133	174	1.09208
133	176	1.11493
133	178	1.10882
133	179	1.10445
133	180	1.10597
134	3	0.551676
134	9	0.63016
134	33	0.663327
134	55	0.716067
134	61	0.684716
134	77	0.62777
134	120	1.17052
134	121	0.644444
134	130	1.15348
134	138	1.16698
134	141	1.18541
134	142	0.631017
134	150	0.612993
134	153	1.15179
134	159	1.16066
134	162	1.08693
134	163	1.18768
134	164	1.1579
134	165	1.13608
134	166	1.18385
134	168	1.22435
134	170	1.16792
134	171	1.16406
134	173	1.13569
134	174	1.14167
134	175	1.14659
134	177	1.16793
134	179	1.15404
134	180	1.15556
135	8	0.610918
135	13	0.624765
135	36	0.682921
135	43	1.27203
135	72	0.670827
135	97	0.691475
135	101	0.551126
135	114	0.625407
135	122	1.13779
135	127	1.16531
135	128	1.17283
135	131	1.12798
135	136	1.15521
135	142	1.1651
135	144	1.2057
135	145	1.14665
135	146	1.1779
135	157	0.630569
135	160	0.670639
135	164	1.14647
135	166	1.17242
135	167	1.1467
135	171	1.15263
135	173	1.12426
135	174	1.13024
135	176	1.15309
135	177	1.15649
135	179	1.14261
135	180	1.14413
136	9	1.19545
136	23	1.14986
136	31	1.15962
136	40	1.11082
136	43	1.25377
136	48	1.20137
136	50	1.09272
136	55	1.07847
136	70	1.07
136	85	1.09253
136	87	1.08131
136	88	1.17443
136	90	1.17338
136	117	0.717148
136	122	1.11954
136	123	1.11324
136	126	0.63635
136	127	1.14706
136	128	1.15457
136	130	0.682801
136	133	0.702121
136	135	1.15521
136	141	0.63472
136	144	1.18744
136	145	1.12839
136	146	1.15964
136	156	0.687246
136	158	0.683216
136	178	0.692058
136	179	0.669841
137	7	1.16509
137	26	0.755512
137	33	0.838837
137	36	0.778175
137	44	0.857142
137	53	0.728036
137	57	0.735274
137	94	1.03258
137	112	0.746747
137	129	0.760276
137	139	1.08767
137	141	1.10486
137	148	1.09437
137	149	1.09562
137	153	1.07124
137	159	1.08012
137	162	1.00638
137	163	1.10714
137	165	1.05553
137	166	1.1033
137	169	1.04519
137	170	1.08737
137	171	1.08351
137	173	1.05514
137	174	1.06112
137	175	1.06604
137	176	1.08398
137	177	1.08738
137	178	1.07786
137	179	1.0735
137	180	1.07502
138	4	0.616588
138	43	0.57177
138	60	0.619136
138	82	0.787587
138	93	0.683272
138	113	0.70426
138	115	1.1402
138	116	0.732092
138	124	0.758797
138	134	1.16698
138	139	1.13886
138	143	1.14389
138	147	1.1158
138	150	0.706881
138	156	1.12217
138	158	1.13938
138	159	1.13131
138	162	1.05757
138	164	1.12855
138	165	1.10673
138	166	1.1545
138	167	1.12878
138	171	1.13471
138	173	1.10634
138	174	1.11232
138	175	1.11724
138	176	1.13517
138	177	1.13857
138	178	1.12906
138	179	1.12469
138	180	1.12621
139	66	0.653855
139	77	0.728994
139	92	1.0996
139	106	0.651872
139	107	0.705046
139	111	1.0946
139	122	0.708728
139	127	0.69414
139	137	1.08767
139	138	1.13886
139	141	1.15729
139	146	0.679618
139	147	1.11703
139	152	0.663355
139	157	0.651536
139	159	1.13254
139	164	1.12978
139	166	1.15573
139	167	1.13001
139	169	1.09762
139	170	1.1398
139	171	1.13594
139	172	1.18018
139	173	1.10757
139	174	1.11355
139	175	1.11847
139	176	1.1364
139	177	1.13981
139	178	1.13029
139	179	1.12592
139	180	1.12744
140	8	0.606368
140	45	0.605942
140	54	0.771386
140	66	0.628337
140	71	0.669967
140	89	1.19254
140	91	1.19324
140	99	0.697572
140	110	1.17055
140	112	0.646944
140	115	1.15561
140	119	1.15424
140	127	0.668623
140	130	1.13954
140	132	0.628858
140	133	1.1328
140	151	1.11963
140	153	1.13785
140	155	0.65508
140	163	1.17375
140	164	1.14396
140	165	1.12215
140	167	1.14419
140	170	1.15398
140	171	1.15012
140	173	1.12175
140	174	1.12773
140	175	1.13265
140	176	1.15059
140	177	1.15399
140	178	1.14447
140	179	1.14011
140	180	1.14163
141	2	0.73533
141	49	0.73362
141	65	0.582775
141	70	0.786363
141	71	0.625377
141	96	0.644077
141	103	1.12411
141	104	0.609293
141	111	1.1118
141	130	1.14256
141	132	0.584269
141	134	1.18541
141	136	0.63472
141	137	1.10486
141	139	1.15729
141	145	0.642202
141	149	1.16524
141	153	1.14086
141	158	1.1578
141	159	1.14974
141	163	1.17676
141	164	1.14698
141	165	1.12516
141	167	1.1472
141	170	1.15699
141	172	1.19737
141	173	1.12477
141	175	1.13566
141	176	1.1536
141	177	1.157
141	178	1.14749
141	179	1.14312
141	180	1.14464
142	3	1.21834
142	9	1.20534
142	15	1.05978
142	22	1.06014
142	23	1.15975
142	39	0.508853
142	65	1.17852
142	68	1.18916
142	83	0.574715
142	85	1.10242
142	88	1.18433
142	90	1.18327
142	107	1.16551
142	109	1.15672
142	111	0.775005
142	112	1.1525
142	120	0.717529
142	122	1.12943
142	126	0.663765
142	127	1.15695
142	131	1.11962
142	134	0.631017
142	135	1.1651
142	145	1.13828
142	146	1.16953
142	154	1.11342
142	155	1.1456
142	159	0.696169
142	161	1.13687
142	169	1.10595
142	175	0.729241
142	177	0.688086
142	179	0.697256
143	1	1.08215
143	11	0.592617
143	20	1.16995
143	54	0.767965
143	55	0.788353
143	81	0.584106
143	89	1.18339
143	98	0.688208
143	113	0.682659
143	116	0.71049
143	120	1.14742
143	132	0.625438
143	138	1.14389
143	147	1.12206
143	151	1.11047
143	156	1.12843
143	157	0.622598
143	159	1.13757
143	161	0.697583
143	162	1.06383
143	163	1.16459
143	164	1.13481
143	165	1.11299
143	166	1.16076
143	167	1.13503
