1	15	1.00028
1	27	0.876259
1	118	1.06943
1	121	1.02622
1	132	1.06439
1	138	0.860531
1	146	1.03299
1	148	1.0473
1	159	1.03527
1	165	1.02657
1	179	1.09783
1	180	0.871658
2	49	0.728882
2	76	1.17104
2	104	1.26553
2	122	1.17572
2	126	1.14979
2	130	0.767307
2	153	1.17638
2	157	1.19105
2	169	0.715743
2	172	1.27048
2	174	0.691627
2	177	0.704415
3	13	1.0743
3	43	0.671827
3	78	1.19471
3	86	1.16337
3	88	1.26294
3	96	1.24392
3	129	1.21506
3	130	0.765802
3	159	0.738037
3	166	0.726403
3	175	1.24569
3	177	0.702909
4	46	1.14042
4	70	0.868345
4	78	1.03624
4	86	1.0049
4	87	1.01266
4	94	1.02184
4	96	1.08545
4	113	1.01126
4	166	0.938041
4	167	0.885156
4	175	1.08722
4	177	0.914548
5	18	1.22435
5	81	1.18048
5	108	1.1489
5	124	0.731105
5	125	1.29873
5	126	1.15406
5	133	1.21283
5	147	0.768989
5	153	1.18064
5	167	0.700208
5	176	0.714082
5	179	0.688215
6	55	0.728456
6	74	1.16382
6	82	1.17093
6	84	0.713554
6	115	1.14962
6	116	1.24542
6	142	1.19662
6	162	0.749163
6	174	0.704262
6	175	1.22589
6	179	1.24771
6	180	0.713533
7	48	1.22583
7	117	0.69254
7	123	0.772764
7	127	1.17217
7	142	0.722027
7	151	1.19312
7	152	1.17215
7	156	0.718628
7	160	1.1896
7	161	1.19698
7	172	1.25015
7	174	0.70031
8	36	0.957941
8	50	1.03572
8	85	0.975536
8	89	1.01052
8	91	1.03917
8	134	0.884391
8	151	0.943926
8	172	1.11033
8	173	1.17364
8	174	0.903558
8	175	0.871847
8	179	1.09715
9	21	0.740493
9	64	1.12334
9	70	0.688388
9	82	1.16887
9	116	1.24336
9	124	1.20037
9	142	1.19457
9	170	0.748928
9	172	0.693294
9	175	1.22384
9	177	0.73459
9	179	1.24565
10	26	1.12311
10	30	1.11864
10	39	1.23339
10	50	0.740569
10	63	1.26148
10	79	1.15243
10	100	1.19268
10	148	0.746971
10	154	0.699487
10	171	0.715905
10	173	1.31828
10	174	0.699614
11	40	0.656895
11	83	0.72606
11	99	0.784278
11	135	0.727
11	149	0.696146
11	163	1.19179
11	167	1.21678
11	169	1.1971
11	174	1.19952
11	176	1.20587
11	178	1.18774
11	180	1.20121
12	28	0.632871
12	64	1.12615
12	73	1.20482
12	115	1.15037
12	116	1.24617
12	142	1.19738
12	149	0.758087
12	159	0.774405
12	167	0.709885
12	174	0.726489
12	175	1.22665
12	179	1.24846
13	3	1.0743
13	46	1.11961
13	56	0.92453
13	78	1.01543
13	86	0.984086
13	87	0.991854
13	88	1.08366
13	96	1.06464
13	163	0.911433
13	174	0.886582
13	175	1.06641
13	176	0.883852
14	71	0.715431
14	75	1.25885
14	86	0.790761
14	100	1.18051
14	118	0.696217
14	124	0.695199
14	157	1.16336
14	160	0.693923
14	166	1.15871
14	173	1.30611
14	178	1.15951
14	180	1.17297
15	1	1.00028
15	18	0.79162
15	35	0.943132
15	158	0.858911
15	168	1.06881
15	169	1.04729
15	170	1.04421
15	171	1.0461
15	176	1.05606
15	177	1.04822
15	178	1.03793
15	180	1.0514
16	25	1.05708
16	42	0.982134
16	52	1.06388
16	57	1.07236
16	105	1.05543
16	119	0.858578
16	129	1.0536
16	134	0.901461
16	141	0.958225
16	154	1.06952
16	155	1.04598
16	175	0.888917
17	26	1.14735
17	30	1.14287
17	79	1.17667
17	100	1.21691
17	113	1.16824
17	134	0.691428
17	140	0.724174
17	143	1.20545
17	154	0.710469
17	170	0.737722
17	173	1.34251
17	178	0.744551
18	5	1.22435
18	15	0.79162
18	25	0.735863
18	44	1.23588
18	95	0.723088
18	124	1.19892
18	141	0.691326
18	142	1.19312
18	157	1.17795
18	160	1.19684
18	165	1.17295
18	180	0.662999
19	53	0.760821
19	129	0.729039
19	146	0.749665
19	162	1.1889
19	166	1.19134
19	167	1.22118
19	170	1.19842
19	172	0.675952
19	177	1.20243
19	178	1.19214
19	179	0.675864
19	180	1.20561
20	37	0.955255
20	38	1.12311
20	105	1.03559
20	106	0.862337
20	116	1.08392
20	142	1.03513
20	144	0.919342
20	152	1.02139
20	161	1.04622
20	167	0.892236
20	169	0.932956
20	172	1.09939
21	9	0.740493
21	42	0.864352
21	71	0.755822
21	108	0.790849
21	158	0.739711
21	163	1.12795
21	167	1.15294
21	168	1.15477
21	169	1.13326
21	174	1.13567
21	177	1.13418
21	178	1.12389
21	180	1.13736
22	126	0.836968
22	133	0.772514
22	146	0.796101
22	160	0.763913
22	166	1.12507
22	168	1.15674
22	169	1.13523
22	174	1.13764
22	176	1.144
22	177	1.13615
22	178	1.12587
22	179	0.7223
22	180	1.13933
23	52	1.15255
23	57	1.16103
23	82	0.814374
23	102	1.12254
23	105	1.1441
23	114	1.08468
23	129	1.14227
23	141	0.811217
23	154	1.15819
23	155	1.13465
23	172	0.745112
23	179	0.745024
23	180	0.782891
24	57	0.791014
24	81	1.12284
24	94	1.11673
24	108	1.09126
24	109	1.11225
24	125	1.24108
24	133	1.15518
24	153	1.123
24	154	0.771746
24	155	0.795101
24	157	1.13767
24	166	0.808155
24	175	0.740162
25	16	1.05708
25	18	0.735863
25	37	1.1015
25	42	1.10854
25	102	1.16028
25	105	1.18184
25	114	1.12243
25	128	0.804885
25	154	1.19593
25	155	1.17239
25	169	0.808856
25	172	0.756231
25	177	0.797528
26	10	1.12311
26	17	1.14735
26	39	1.15437
26	63	1.18246
26	79	1.07341
26	87	1.06639
26	96	0.763458
26	100	1.11365
26	130	0.836792
26	132	0.784209
26	170	0.788237
26	173	1.23926
26	175	0.7294
27	1	0.876259
27	100	0.739061
27	145	0.765383
27	146	0.761681
27	152	0.751251
27	167	1.1544
27	170	1.13163
27	171	1.13353
27	174	1.13714
27	176	1.14349
27	177	1.13565
27	178	1.12536
27	180	1.13882
28	12	0.632871
28	102	0.676752
28	113	0.668337
28	128	1.29743
28	151	0.649355
28	157	0.641821
28	160	0.622004
28	171	1.2983
28	174	1.3019
28	176	1.30826
28	177	1.30041
28	178	1.29012
28	180	1.30359
29	33	1.38641
29	71	1.27036
29	95	0.672976
29	109	0.693286
29	115	1.23381
29	124	1.28661
29	142	1.28082
29	158	0.62203
29	162	0.648517
29	170	0.630742
29	175	1.31009
29	178	0.637572
29	179	1.3319
30	10	1.11864
30	17	1.14287
30	39	1.14989
30	63	1.17798
30	79	1.06894
30	100	1.10918
30	143	1.09772
30	156	0.787935
30	162	0.814518
30	171	0.785907
30	173	1.23478
30	175	0.737906
30	177	0.782405
31	44	0.757699
31	158	0.793433
31	161	0.795662
31	164	0.797829
31	166	1.1242
31	167	1.15404
31	168	1.15588
31	169	1.13436
31	170	1.13128
31	172	0.746511
31	174	1.13678
31	178	1.125
31	180	1.13847
32	65	1.15833
32	92	1.12861
32	103	1.11904
32	104	1.20512
32	108	1.08423
32	109	1.10522
32	126	1.08938
32	136	0.799782
32	154	0.772565
32	170	0.799817
32	172	1.21007
32	177	0.78548
32	179	0.744095
33	29	1.38641
33	56	0.689221
33	64	1.21363
33	70	0.617859
33	71	1.2744
33	112	0.667285
33	124	1.29065
33	142	1.28485
33	151	0.691641
33	173	0.574473
33	175	1.31413
33	177	0.664061
33	179	1.33594
34	99	0.8445
34	113	0.78412
34	151	0.765137
34	152	0.759544
34	160	0.737786
34	167	1.15425
34	169	1.13457
34	170	1.13148
34	174	1.13699
34	176	1.14334
34	177	1.1355
34	178	1.12521
34	180	1.13868
35	15	0.943132
35	107	0.785833
35	131	1.09274
35	136	1.101
35	137	0.869578
35	149	1.0734
35	151	1.09017
35	158	1.07884
35	159	1.07145
35	164	1.08245
35	165	1.06275
35	168	0.793912
35	172	1.14719
35	180	0.814511
36	8	0.957941
36	54	1.07516
36	66	1.09009
36	70	0.821218
36	85	1.02061
36	89	1.05559
36	91	1.08425
36	167	0.838029
36	171	0.870923
36	172	1.1554
36	173	1.21872
36	174	0.854632
36	175	0.822921
36	179	1.14223
37	20	0.955255
37	25	1.1015
37	38	1.18738
37	42	1.02656
37	52	1.10831
37	57	1.11678
37	105	1.09986
37	152	0.856093
37	154	1.11395
37	155	1.0904
37	171	0.837609
37	174	0.821319
37	177	0.834107
37	178	0.855274
38	20	1.12311
38	37	1.18738
38	42	1.19442
38	52	1.27616
38	57	1.28464
38	71	0.708511
38	105	1.26772
38	114	1.2083
38	130	0.749667
38	134	0.654819
38	137	0.738323
38	152	0.708761
38	155	1.25826
38	175	0.642275
39	10	1.23339
39	26	1.15437
39	30	1.14989
39	63	1.29274
39	65	0.699913
39	79	1.18369
39	100	1.22393
39	114	0.728264
39	143	1.21247
39	163	0.706724
39	166	0.718155
39	168	0.670544
39	173	1.34953
39	176	0.679143
40	11	0.656895
40	69	1.23609
40	117	0.687182
40	121	1.20669
40	136	1.24529
40	146	1.21346
40	149	1.21768
40	156	0.713271
40	158	1.22312
40	160	1.23093
40	162	0.739853
40	164	1.22674
40	177	0.707741
40	180	0.704223
41	48	0.740885
41	98	0.871904
41	109	1.07541
41	157	1.10083
41	160	0.746121
41	164	0.755914
41	165	0.777221
41	172	1.18027
41	173	1.24359
41	176	1.11511
41	177	1.10727
41	179	1.16709
41	180	1.11044
42	16	0.982134
42	21	0.864352
42	25	1.10854
42	37	1.02656
42	38	1.19442
42	52	1.11534
42	57	1.12382
42	99	1.03723
42	105	1.10689
42	107	0.826254
42	129	1.10506
42	138	0.843805
42	140	0.859239
42	175	0.81395
43	3	0.671827
43	71	0.718836
43	81	0.743545
43	91	0.7164
43	100	1.21706
43	104	0.658452
43	116	0.681602
43	148	1.21563
43	160	1.21879
43	165	1.1949
43	169	1.20541
43	173	1.34266
43	178	1.19605
43	180	1.20952
44	18	1.23588
44	31	0.757699
44	60	1.30245
44	97	0.676337
44	103	1.19526
44	122	1.19152
44	125	1.31027
44	126	1.1656
44	140	0.698864
44	153	1.19218
44	156	0.703604
44	157	1.20685
44	175	0.653574
44	178	0.719241
45	69	0.728621
45	75	0.657391
45	158	0.718258
45	165	0.743961
45	166	1.21271
45	168	1.24439
45	171	1.22169
45	172	0.671336
45	174	1.22529
45	176	1.23165
45	177	1.2238
45	178	1.21351
45	179	0.671248
45	180	1.22698
46	4	1.14042
46	13	1.11961
46	49	0.725422
46	78	1.24002
46	86	1.20868
46	88	1.30825
46	96	1.28923
46	114	1.20278
46	134	0.668998
46	143	0.692063
46	148	0.735523
46	164	0.710975
46	167	0.671562
46	175	1.291
47	66	1.28054
47	85	1.21106
47	89	1.24604
47	91	1.27469
47	117	0.627595
47	159	0.683281
47	161	0.656008
47	164	0.658175
47	166	0.671647
47	172	1.34585
47	173	1.40916
47	175	0.603654
47	179	1.33267
48	7	1.22583
48	41	0.740885
48	140	0.723964
48	148	1.21977
48	158	1.21512
48	159	1.20773
48	161	1.23031
48	163	0.735237
48	164	1.21873
48	165	1.19903
48	167	0.693782
48	172	1.28347
48	173	0.633586
48	175	0.678674
49	2	0.728882
49	46	0.725422
49	135	0.802314
49	137	1.14128
49	138	1.17541
49	157	0.772695
49	160	0.752878
49	170	1.16559
49	171	1.16749
49	172	0.711353
49	174	1.17109
49	176	1.17745
49	177	1.16961
49	178	1.15932
49	180	1.17278
50	8	1.03572
50	10	0.740569
50	51	0.782512
50	54	1.15294
50	66	1.16787
50	85	1.09839
50	89	1.13337
50	91	1.16203
50	134	0.724393
50	161	0.764203
50	172	1.23318
50	173	1.2965
50	176	0.740831
50	179	1.22
50	180	0.752831
51	50	0.782512
51	67	0.738285
51	92	0.782609
51	141	1.15513
51	150	1.13768
51	161	0.7622
51	162	1.1621
51	169	1.1747
51	171	1.17351
51	172	0.713049
51	174	1.17712
51	177	1.17563
51	178	1.16534
51	179	0.71296
51	180	1.17881
52	16	1.06388
52	23	1.15255
52	37	1.10831
52	38	1.27616
52	42	1.11534
52	57	1.20557
52	105	1.18864
52	129	1.18681
52	130	0.800738
52	145	0.773964
52	154	1.20273
52	165	0.769175
52	172	0.69655
52	174	0.725058
52	180	0.734329
53	19	0.760821
53	72	1.18871
53	93	0.758504
53	107	0.739559
53	127	1.15747
53	146	1.15743
53	148	1.17174
53	151	1.17842
53	152	1.15745
53	158	1.16709
53	164	1.1707
53	165	1.151
53	168	0.747637
53	171	0.775257
53	175	0.727255
54	36	1.07516
54	50	1.15294
54	66	1.16224
54	70	0.690733
54	85	1.09276
54	89	1.12774
54	91	1.15639
54	110	0.793822
54	128	0.744293
54	129	0.748727
54	165	0.768264
54	172	1.22755
54	173	1.29086
54	178	0.758103
54	179	1.21437
55	6	0.728456
55	89	0.780588
55	101	0.776372
55	131	0.742268
55	151	0.767167
55	163	1.16279
55	166	1.15794
55	170	1.16501
55	171	1.16691
55	174	1.17052
55	176	1.17687
55	177	1.16903
55	178	1.15874
55	179	0.698202
55	180	1.17221
56	13	0.92453
56	33	0.689221
56	62	0.700666
56	160	0.753571
56	162	1.15489
56	164	0.763363
56	166	1.15733
56	168	1.18901
56	170	1.16441
56	171	1.16631
56	173	0.663754
56	174	1.16991
56	177	1.16842
56	178	1.15813
56	180	1.1716
57	16	1.07236
57	23	1.16103
57	24	0.791014
57	37	1.11678
57	38	1.28464
57	42	1.12382
57	52	1.20557
57	95	0.791106
57	99	1.12745
57	105	1.19712
57	143	0.725643
57	153	0.770762
57	154	1.21121
57	172	0.693238
57	180	0.731017
58	72	1.18568
58	118	1.19083
58	120	1.14589
58	121	1.14762
58	132	1.18579
58	144	0.74454
58	156	0.752356
58	157	0.766871
58	159	1.15667
58	160	1.17186
58	164	1.16767
58	165	1.14797
58	170	0.761163
58	171	0.750328
58	176	0.731308
59	110	0.781262
59	123	0.784042
59	127	1.1573
59	131	1.18082
59	146	1.15726
59	150	0.768716
59	158	1.16691
59	159	1.15953
59	160	1.17472
59	161	1.1821
59	162	0.756488
59	164	1.17053
59	165	1.15083
59	168	0.700258
59	180	0.720858
60	44	1.30245
60	73	0.671425
60	107	0.642171
60	108	1.1981
60	109	1.21909
60	111	1.1863
60	122	1.22918
60	126	1.20326
60	141	0.699175
60	150	0.718707
60	153	1.22984
60	157	1.24451
60	166	0.69786
60	169	0.685694
60	173	1.38727
60	178	0.695533
61	62	1.17638
61	81	1.07475
61	104	1.16407
61	109	1.06417
61	117	0.784258
61	119	0.729978
61	122	1.07426
61	126	1.04833
61	133	1.1071
61	139	0.821286
61	147	0.844205
61	157	1.08958
61	172	1.16902
61	173	1.23234
61	177	0.804816
61	178	0.825983
62	56	0.700666
62	61	1.17638
62	69	0.691494
62	103	1.22411
62	111	1.1775
62	125	1.33912
62	126	1.19445
62	130	0.738398
62	133	1.25323
62	153	1.22104
62	154	0.662591
62	157	1.23571
62	171	0.679008
62	173	1.37846
62	178	0.696673
62	179	0.634121
63	10	1.26148
63	26	1.18246
63	30	1.17798
63	39	1.29274
63	72	0.675949
63	79	1.21178
63	100	1.25202
63	112	0.673734
63	113	1.20335
63	130	0.733402
63	137	0.722058
63	143	1.24056
63	147	0.709899
63	173	1.37762
63	175	0.62601
63	180	0.666992
64	9	1.12334
64	12	1.12615
64	33	1.21363
64	68	0.75564
64	74	1.07523
64	82	1.08234
64	115	1.06103
64	123	0.859585
64	124	1.11383
64	142	1.10803
64	148	0.834487
64	160	0.800147
64	167	0.770527
64	175	1.13731
64	176	0.784401
64	179	1.15912
65	32	1.15833
65	39	0.699913
65	76	1.15659
65	94	1.15567
65	103	1.16501
65	104	1.25109
65	122	1.16128
65	133	1.19413
65	150	0.777775
65	153	1.16194
65	155	0.743874
65	157	1.17661
65	169	0.744762
65	171	0.736936
65	173	1.31936
65	175	0.688935
65	176	0.717917
66	36	1.09009
66	47	1.28054
66	50	1.16787
66	54	1.16224
66	85	1.10769
66	89	1.14267
66	91	1.17133
66	134	0.699058
66	146	0.76343
66	149	0.749824
66	154	0.718099
66	155	0.741454
66	167	0.701622
66	172	1.24248
66	173	1.3058
66	177	0.731014
66	179	1.2293
67	51	0.738285
67	78	1.15551
67	93	0.698872
67	96	1.20472
67	100	0.721918
67	113	1.13053
67	123	0.771788
67	124	1.18302
67	142	1.17722
67	153	1.14738
67	157	1.16204
67	162	0.744235
67	173	1.3048
67	174	0.699334
67	175	1.20649
67	178	0.733289
67	179	1.2283
68	64	0.75564
68	88	0.668478
68	94	0.757913
68	99	0.790846
68	133	0.692733
68	157	0.70395
68	159	0.719032
68	166	1.17648
68	167	1.20632
68	168	1.20816
68	170	1.18355
68	171	1.18545
68	174	1.18906
68	176	1.19541
68	177	1.18757
68	178	1.17728
68	180	1.19074
69	40	1.23609
69	45	0.728621
69	62	0.691494
69	83	1.16279
69	112	0.747394
69	135	1.16061
69	151	1.19538
69	152	1.1744
69	158	1.18404
69	160	1.19185
69	164	1.18766
69	165	1.16796
69	174	0.731382
69	175	0.699671
69	177	0.744171
69	178	0.765337
69	179	1.23922
70	4	0.868345
70	9	0.688388
70	33	0.617859
70	36	0.821218
70	54	0.690733
70	78	0.720834
70	103	1.17195
70	133	1.20106
70	142	0.690909
70	149	1.18919
70	157	1.18354
70	158	1.19462
70	159	1.18724
70	174	1.19147
70	176	1.19782
70	177	1.18998
70	180	1.19315
71	14	0.715431
71	21	0.755822
71	29	1.27036
71	33	1.2744
71	38	0.708511
71	43	0.718836
71	73	1.17624
71	74	1.136
71	115	1.1218
71	119	0.67508
71	124	1.1746
71	142	1.16881
71	155	1.15982
71	162	0.782031
71	175	1.19808
71	177	0.749919
71	179	1.21989
72	53	1.18871
72	58	1.18568
72	63	0.675949
72	79	0.757646
72	132	1.21444
72	135	1.16927
72	143	0.72473
72	152	1.18306
72	155	0.744061
72	158	1.1927
72	159	1.18532
72	161	1.20789
72	164	1.19632
72	165	1.17662
72	166	0.757115
72	167	0.70423
72	169	0.74495
73	12	1.20482
73	60	0.671425
73	71	1.17624
73	82	1.16101
73	107	0.693045
73	115	1.1397
73	116	1.2355
73	124	1.1925
73	130	1.14978
73	139	0.74171
73	142	1.1867
73	145	0.761358
73	149	0.74405
73	151	0.75282
73	169	0.736568
73	175	1.21597
73	179	1.23779
74	6	1.16382
74	64	1.07523
74	71	1.136
74	82	1.12077
74	115	1.09946
74	116	1.19526
74	124	1.15226
74	134	0.740677
74	139	0.789103
74	140	0.773423
74	142	1.14646
74	150	0.816974
74	154	0.759718
74	155	1.13747
74	168	0.748516
74	169	0.783961
74	175	1.17573
74	179	1.19755
75	14	1.25885
75	45	0.657391
75	77	0.634288
75	81	1.22957
75	92	1.24238
75	96	0.662499
75	122	1.22907
75	126	1.20315
75	128	0.680297
75	134	1.25184
75	139	0.68941
75	141	0.697749
75	151	0.70052
75	153	1.22973
75	157	1.2444
75	163	0.685003
75	172	1.32384
75	173	1.38716
76	2	1.17104
76	65	1.15659
76	81	1.11407
76	92	1.12687
76	119	0.724676
76	122	1.11357
76	125	1.23232
76	126	1.08765
76	133	1.14642
76	153	1.11423
76	154	0.786599
76	155	0.809954
76	157	1.1289
76	168	0.775397
76	172	1.20834
76	175	0.755015
76	177	0.799515
76	179	0.75813
77	75	0.634288
77	80	0.735979
77	104	0.650882
77	136	0.703832
77	153	0.725757
77	160	0.689758
77	163	1.25281
77	168	1.27964
77	169	1.25812
77	170	1.25504
77	171	1.25693
77	172	0.648233
77	173	0.599942
77	174	1.26054
77	176	1.2669
77	177	1.25905
77	178	1.24876
77	180	1.26223
78	3	1.19471
78	4	1.03624
78	13	1.01543
78	46	1.24002
78	67	1.15551
78	70	0.720834
78	83	0.815761
78	86	1.1045
78	88	1.20407
78	94	1.12144
78	96	1.18505
78	115	0.807989
78	118	0.769559
78	129	1.15619
78	143	0.758145
78	155	0.777476
78	175	1.18683
78	176	0.751519
79	10	1.15243
79	17	1.17667
79	26	1.07341
79	30	1.06894
79	39	1.18369
79	63	1.21178
79	72	0.757646
79	87	1.09571
79	94	0.826216
79	100	1.14297
79	113	1.0943
79	143	1.13151
79	147	0.791596
79	152	0.774193
79	158	0.757832
79	173	1.26858
79	174	0.739419
79	177	0.752207
80	77	0.735979
80	94	1.10608
80	107	0.742436
80	110	0.831518
80	120	1.11994
80	132	1.15984
80	145	1.12303
80	152	1.12846
80	160	1.1459
80	161	1.15329
80	163	0.786695
80	164	1.14172
80	165	1.12202
80	168	0.750515
80	170	0.788969
80	172	1.20645
80	177	0.774632
80	179	1.19328
81	5	1.18048
81	24	1.12284
81	43	0.743545
81	61	1.07475
81	75	1.22957
81	76	1.11407
81	108	1.08767
81	109	1.10867
81	129	0.786418
81	133	1.1516
81	153	1.11942
81	154	0.761712
81	157	1.13408
81	162	0.80674
81	163	0.78669
81	168	0.75051
81	173	1.27684
81	180	0.77111
82	6	1.17093
82	9	1.16887
82	23	0.814374
82	64	1.08234
82	73	1.16101
82	74	1.12077
82	99	1.08437
82	115	1.10656
82	116	1.20236
82	117	0.735589
82	128	0.763505
82	141	0.780956
82	142	1.15357
82	147	0.795537
82	155	1.14458
82	166	0.779641
82	176	0.74063
82	179	1.20465
83	11	0.72606
83	69	1.16279
83	78	0.815761
83	94	1.1178
83	97	0.755169
83	101	1.1361
83	120	1.13166
83	129	1.15255
83	136	1.17198
83	142	0.785835
83	145	1.13475
83	152	1.14018
83	161	1.16501
83	164	1.15344
83	165	1.13374
83	167	0.747514
83	177	0.776906
83	178	0.798073
84	6	0.713554
84	96	0.714245
84	116	0.709189
84	127	0.744836
84	145	0.760804
84	158	0.730311
84	162	1.19458
84	166	1.19702
84	167	1.22686
84	168	1.2287
84	170	1.2041
84	171	1.20599
84	173	0.635098
84	174	1.2096
84	176	1.21596
84	177	1.20811
84	178	1.19782
84	179	0.683301
84	180	1.21129
85	8	0.975536
85	36	1.02061
85	47	1.21106
85	50	1.09839
85	54	1.09276
85	66	1.10769
85	89	1.07319
85	91	1.10185
85	114	1.04979
85	134	0.777883
85	143	0.800947
85	150	0.85418
85	156	0.815369
85	164	0.81986
85	172	1.173
85	173	1.23632
85	177	0.809839
85	178	0.831006
85	179	1.15982
86	3	1.16337
86	4	1.0049
86	13	0.984086
86	14	0.790761
86	46	1.20868
86	78	1.1045
86	87	1.08092
86	88	1.17273
86	96	1.15371
86	97	0.803512
86	113	1.07952
86	114	1.06726
86	129	1.12484
86	138	0.810605
86	154	0.812334
86	163	0.837312
86	165	0.856578
86	167	0.795857
86	175	1.15548
87	4	1.01266
87	13	0.991854
87	26	1.06639
87	79	1.09571
87	86	1.08092
87	100	1.13595
87	120	0.848874
87	131	0.814314
87	142	0.820563
87	152	0.83362
87	157	0.831679
87	171	1.12312
87	172	0.770337
87	173	1.26156
87	175	1.16325
87	177	1.12524
87	178	1.11495
87	179	0.770249
87	180	1.12841
88	3	1.26294
88	13	1.08366
88	46	1.30825
88	68	0.668478
88	78	1.20407
88	86	1.17273
88	94	1.18967
88	96	1.25328
88	113	1.17909
88	114	1.16683
88	129	1.22442
88	144	0.710471
88	145	0.748874
88	154	0.699841
88	169	0.724084
88	170	0.727093
88	171	0.716258
88	175	1.25505
88	177	0.712756
89	8	1.01052
89	36	1.05559
89	47	1.24604
89	50	1.13337
89	54	1.12774
89	55	0.780588
89	66	1.14267
89	85	1.07319
89	91	1.13682
89	134	0.737227
89	147	0.808572
89	161	0.777037
89	170	0.78352
89	172	1.20798
89	173	1.27129
89	176	0.753665
89	179	1.1948
89	180	0.765665
90	108	0.799318
90	118	0.745076
90	121	0.770203
90	136	0.756857
90	149	0.761364
90	150	1.13277
90	161	0.750409
90	162	1.15719
90	166	1.15963
90	167	1.18948
90	169	1.1698
90	170	1.16671
90	171	1.16861
90	172	0.701258
90	174	1.17221
90	176	1.17857
90	177	1.17072
90	178	1.16043
90	179	0.701169
90	180	1.1739
91	8	1.03917
91	36	1.08425
91	43	0.7164
91	47	1.27469
91	50	1.16203
91	54	1.15639
91	66	1.17133
91	85	1.10185
91	89	1.13682
91	110	0.804369
91	112	0.750707
91	114	1.11342
91	134	0.715527
91	144	0.745198
91	162	0.779595
91	172	1.23663
91	173	1.29995
91	176	0.731965
91	178	0.76865
91	179	1.22346
92	32	1.12861
92	51	0.782609
92	75	1.24238
92	76	1.12687
92	103	1.13529
92	109	1.12147
92	122	1.13156
92	133	1.16441
92	134	1.15433
92	143	0.747554
92	153	1.13222
92	154	0.743531
92	157	1.14689
92	162	0.788558
92	172	1.22632
92	173	1.28964
92	174	0.743658
92	175	0.711946
92	176	0.740928
92	180	0.752928
93	53	0.758504
93	67	0.698872
93	98	0.840942
93	99	0.821874
93	104	0.676284
93	128	1.16079
93	129	0.726722
93	131	0.717613
93	148	0.7495
93	156	1.16707
93	167	1.18252
93	168	1.18436
93	169	1.16284
93	170	1.15975
93	171	1.16165
93	174	1.16525
93	176	1.17161
93	177	1.16377
93	178	1.15348
93	180	1.16694
94	4	1.02184
94	24	1.11673
94	65	1.15567
94	68	0.757913
94	78	1.12144
94	79	0.826216
94	80	1.10608
94	83	1.1178
94	88	1.18967
94	96	1.17065
94	119	0.727353
94	143	0.793299
94	148	1.14371
94	153	1.11331
94	155	0.812631
94	157	1.12798
94	164	1.14268
94	166	0.825684
94	168	0.778074
94	174	0.789403
94	175	1.17243
95	18	0.723088
95	29	0.672976
95	57	0.791106
95	107	1.16775
95	108	0.841517
95	113	0.831315
95	156	1.12903
95	159	0.819881
95	162	1.1122
95	164	0.794775
95	165	0.816082
95	166	1.11464
95	167	1.14449
95	168	1.14632
95	169	1.12481
95	170	1.12172
95	171	1.12362
95	174	1.12722
95	176	1.13358
95	177	1.12573
95	180	1.12891
96	3	1.24392
96	4	1.08545
96	13	1.06464
96	26	0.763458
96	46	1.28923
96	67	1.20472
96	75	0.662499
96	78	1.18505
96	84	0.714245
96	86	1.15371
96	88	1.25328
96	94	1.17065
96	113	1.16007
96	114	1.14782
96	129	1.2054
96	130	0.780633
96	135	0.767405
96	137	0.769289
96	167	0.688349
96	171	0.721243
96	175	1.23604
96	178	0.738908
97	44	0.676337
97	83	0.755169
97	86	0.803512
97	113	0.753007
97	115	0.747397
97	120	0.743686
97	127	0.726596
97	136	0.720748
97	144	1.20176
97	162	1.16843
97	163	1.17572
97	167	1.20071
97	168	1.20255
97	169	1.18103
97	170	1.17795
97	171	1.17984
97	174	1.18345
97	176	1.18981
97	177	1.18196
97	178	1.17167
97	179	0.66506
97	180	1.18514
98	41	0.871904
98	93	0.840942
98	99	1.03047
98	101	1.08186
98	118	1.12236
98	125	0.773338
98	132	1.11731
98	136	1.11774
98	145	1.0805
98	148	1.10023
98	151	1.10691
98	154	1.11423
98	159	1.08819
98	161	1.11077
98	164	1.09919
98	165	1.07949
98	168	0.830076
98	173	0.764605
98	175	0.809693
98	176	0.838675
98	178	0.87536
98	179	1.15075
99	11	0.784278
99	34	0.8445
99	42	1.03723
99	57	1.12745
99	68	0.790846
99	82	1.08437
99	93	0.821874
99	98	1.03047
99	114	1.05111
99	116	1.15886
99	137	0.886673
99	138	0.82048
99	142	1.11006
99	148	1.11062
99	154	1.12462
99	155	1.10107
99	160	1.11377
99	161	1.12116
99	163	0.847187
99	165	1.08988
99	168	0.811007
99	175	1.13933
100	10	1.19268
100	14	1.18051
100	17	1.21691
100	26	1.11365
100	27	0.739061
100	30	1.10918
100	39	1.22393
100	43	1.21706
100	63	1.25202
100	67	0.721918
100	79	1.14297
100	87	1.13595
100	113	1.13455
100	140	0.738768
100	143	1.17176
100	154	0.725063
100	163	0.750041
100	166	0.761471
100	171	0.74148
100	173	1.30882
100	179	0.696593
100	180	0.73446
101	55	0.776372
101	83	1.1361
101	98	1.08186
101	125	0.684112
101	127	1.14774
101	136	1.17952
101	137	0.816516
101	145	1.14229
101	148	1.16201
101	149	1.15192
101	151	1.16869
101	152	1.14772
101	158	1.15736
101	159	1.14998
101	161	1.17255
101	163	0.77703
101	164	1.16098
101	165	1.14128
101	166	0.78846
101	168	0.74085
101	170	0.779304
101	178	0.786134
101	180	0.761449
102	23	1.12254
102	25	1.16028
102	28	0.676752
102	105	1.15863
102	108	1.09658
102	111	1.08478
102	118	1.18085
102	119	0.70832
102	128	0.790515
102	129	1.1568
102	133	1.16051
102	141	0.807967
102	146	1.14441
102	151	1.1654
102	153	1.12832
102	155	1.14918
102	161	1.16926
102	162	0.815271
102	170	0.797495
102	172	1.22243
102	174	0.77037
102	176	0.76764
102	180	0.77964
103	32	1.11904
103	44	1.19526
103	62	1.22411
103	65	1.16501
103	70	1.17195
103	92	1.13529
103	109	1.1119
103	111	1.07911
103	122	1.12199
103	127	0.7908
103	128	0.778007
103	133	1.15484
103	134	1.14476
103	140	0.77144
103	144	0.768365
103	153	1.12265
103	154	0.757735
103	157	1.13732
103	168	0.746532
103	171	0.774152
103	172	1.21676
103	174	0.757862
103	180	0.767132
104	2	1.26553
104	32	1.20512
104	43	0.658452
104	61	1.16407
104	65	1.25109
104	77	0.650882
104	93	0.676284
104	109	1.19798
104	111	1.16519
104	125	1.32682
104	126	1.18215
104	130	0.752427
104	133	1.24092
104	139	0.706005
104	148	0.724103
104	153	1.20873
104	154	0.67662
104	157	1.2234
104	169	0.700863
104	172	1.30284
104	173	1.36615
104	174	0.676747
104	180	0.686017
105	16	1.05543
105	20	1.03559
105	23	1.1441
105	25	1.18184
105	37	1.09986
105	38	1.26772
105	42	1.10689
105	52	1.18864
105	57	1.19712
105	102	1.15863
105	114	1.12078
105	129	1.17836
105	141	0.79805
105	154	1.19429
105	155	1.17074
105	156	0.778771
105	164	0.783262
105	167	0.743849
105	170	0.787578
105	174	0.760453
105	175	0.728742
105	176	0.757723
105	177	0.773241
106	20	0.862337
106	115	0.709844
106	126	0.742175
106	135	0.718556
106	136	0.683195
106	140	1.20309
106	150	1.16424
106	151	0.696472
106	152	0.690878
106	156	1.20549
106	159	0.70402
106	162	1.18866
106	163	1.19595
106	164	0.678913
106	165	0.70022
106	166	1.1911
106	167	1.22095
106	168	1.22278
106	170	1.19818
106	171	1.20007
106	176	1.21004
106	177	1.20219
106	178	1.1919
106	180	1.20537
107	35	0.785833
107	42	0.826254
107	53	0.739559
107	60	0.642171
107	73	0.693045
107	80	0.742436
107	95	1.16775
107	123	1.16586
107	125	0.615131
107	133	0.704816
107	148	0.730555
107	149	0.714796
107	155	1.20356
107	162	1.19028
107	167	1.22256
107	168	1.2244
107	169	1.20288
107	170	1.19979
107	171	1.20169
107	174	1.20529
107	176	1.21165
107	177	1.20381
107	178	1.19352
107	180	1.20698
108	5	1.1489
108	21	0.790849
108	24	1.09126
108	32	1.08423
108	60	1.1981
108	81	1.08767
108	90	0.799318
108	95	0.841517
108	102	1.09658
108	109	1.07708
108	111	1.0443
108	122	1.08718
108	125	1.20592
108	126	1.06125
108	130	0.847838
108	153	1.08784
108	155	0.795386
108	156	0.790476
108	157	1.1025
108	162	0.817059
108	167	0.755554
108	172	1.18194
108	173	1.24526
108	174	0.772158
109	24	1.11225
109	29	0.693286
109	32	1.10522
109	41	1.07541
109	60	1.21909
109	61	1.06417
109	81	1.10867
109	92	1.12147
109	103	1.1119
109	104	1.19798
109	108	1.07708
109	111	1.06529
109	114	0.838666
109	125	1.22691
109	126	1.08224
109	135	0.854728
109	153	1.10883
109	154	0.792149
109	157	1.12349
109	160	0.805292
109	169	0.816392
109	171	0.808566
109	174	0.792276
109	180	0.801546
110	54	0.793822
110	59	0.781262
110	80	0.831518
110	91	0.804369
110	111	0.863689
110	118	0.787591
110	133	0.793898
110	144	1.13937
110	147	1.09841
110	156	1.12287
110	158	0.790694
110	162	1.10604
110	163	1.11333
110	166	1.10848
110	167	1.13832
110	168	1.14016
110	170	1.11555
110	171	1.11745
110	172	0.743772
110	174	1.12106
110	176	1.12741
110	177	1.11957
110	178	1.10928
110	180	1.12274
111	60	1.1863
111	62	1.1775
111	102	1.08478
111	103	1.07911
111	104	1.16519
111	108	1.0443
111	109	1.06529
111	110	0.863689
111	119	0.731965
111	122	1.07538
111	125	1.19412
111	126	1.04945
111	133	1.10823
111	150	0.851144
111	153	1.07604
111	156	0.812333
111	157	1.09071
111	167	0.777411
111	169	0.818131
111	172	1.17014
111	173	1.23346
111	174	0.794015
111	175	0.762304
111	180	0.803285
112	33	0.667285
112	63	0.673734
112	69	0.747394
112	91	0.750707
112	135	0.78107
112	139	1.20208
112	142	0.740335
112	147	1.18032
112	156	1.20478
112	158	0.737031
112	163	1.19524
112	165	0.762734
112	166	1.19039
112	167	1.22023
112	169	1.20055
112	170	1.19746
112	171	1.19936
112	173	0.641818
112	174	1.20297
112	176	1.20932
112	177	1.20148
112	178	1.19119
112	179	0.690021
112	180	1.20465
113	4	1.01126
113	17	1.16824
113	28	0.668337
113	34	0.78412
113	63	1.20335
113	67	1.13053
113	79	1.0943
113	86	1.07952
113	88	1.17909
113	95	0.831315
113	96	1.16007
113	97	0.753007
113	100	1.13455
113	115	0.815696
113	123	0.83441
113	140	0.775534
113	144	0.772459
113	147	0.814133
113	149	1.12304
113	158	1.12848
113	159	1.12109
113	164	1.13209
113	165	1.11239
113	173	1.26015
113	175	1.16184
113	176	0.759226
114	23	1.08468
114	25	1.12243
114	38	1.2083
114	39	0.728264
114	46	1.20278
114	85	1.04979
114	86	1.06726
114	88	1.16683
114	91	1.11342
114	96	1.14782
114	99	1.05111
114	105	1.12078
114	109	0.838666
114	130	0.824677
114	137	0.813333
114	138	0.74714
114	147	0.801174
114	155	1.11133
114	156	0.767315
114	166	0.785278
114	172	1.18458
114	173	1.24789
114	174	0.748996
114	175	1.14959
114	179	1.1714
114	180	0.758267
115	6	1.14962
115	12	1.15037
115	29	1.23381
115	64	1.06103
115	71	1.1218
115	73	1.1397
115	74	1.09946
115	78	0.807989
115	82	1.10656
115	97	0.747397
115	106	0.709844
115	113	0.815696
115	116	1.18105
115	120	0.806375
115	121	0.796783
115	124	1.13806
115	130	1.09533
115	142	1.13226
115	143	1.12278
115	147	0.808523
115	155	1.12327
115	170	0.783472
115	171	0.772636
115	175	1.16153
115	176	0.753617
115	179	1.18334
116	6	1.24542
116	9	1.24336
116	12	1.24617
116	20	1.08392
116	43	0.681602
116	73	1.2355
116	74	1.19526
116	82	1.20236
116	84	0.709189
116	99	1.15886
116	115	1.18105
116	124	1.23386
116	130	1.19113
116	138	0.698041
116	141	0.737494
116	142	1.22806
116	143	1.21858
116	151	0.740265
116	153	0.748912
116	167	0.683293
116	169	0.724013
116	170	0.727022
116	173	0.623097
116	175	1.25733
116	178	0.733852
116	179	1.27914
117	7	0.69254
117	40	0.687182
117	47	0.627595
117	61	0.784258
117	82	0.735589
117	136	0.721926
117	139	1.21734
117	142	0.716553
117	150	1.17878
117	156	1.22003
117	157	0.72767
117	158	0.713249
117	162	1.2032
117	163	1.2105
117	164	0.717645
117	166	1.20565
117	167	1.23549
117	169	1.21581
117	170	1.21272
117	171	1.21462
117	172	0.666327
117	174	1.21822
117	176	1.22458
117	177	1.21673
117	178	1.20645
117	180	1.21991
118	1	1.06943
118	14	0.696217
118	58	1.19083
118	78	0.769559
118	90	0.745076
118	98	1.12236
118	102	1.18085
118	110	0.787591
118	121	1.18143
118	129	1.20058
118	135	1.17442
118	136	1.22002
118	144	0.728419
118	145	1.18278
118	148	1.20251
118	149	1.19242
118	152	1.18822
118	155	0.741144
118	158	1.19786
118	161	1.21305
118	164	1.20147
118	165	1.18177
118	170	0.745042
118	171	0.734207
118	174	0.717916
118	176	0.715187
118	177	0.730705
119	16	0.858578
119	61	0.729978
119	71	0.67508
119	76	0.724676
119	94	0.727353
119	102	0.70832
119	111	0.731965
119	135	0.703008
119	139	1.22828
119	140	1.22857
119	141	1.20718
119	150	1.18973
119	156	1.23098
119	157	0.67339
119	162	1.21415
119	165	0.684672
119	166	1.21659
119	167	1.24643
119	168	1.24827
119	170	1.22366
119	171	1.22556
119	172	0.612047
119	173	0.563756
119	174	1.22917
119	176	1.23552
119	177	1.22768
119	178	1.21739
119	180	1.23085
120	58	1.14589
120	80	1.11994
120	83	1.13166
120	87	0.848874
120	97	0.743686
120	115	0.806375
120	121	1.13649
120	125	0.684568
120	131	1.16682
120	135	1.12948
120	136	1.17508
120	138	0.750779
120	146	1.14326
120	147	0.804812
120	149	1.14748
120	151	1.16425
120	152	1.14328
120	158	1.15291
120	160	1.16072
120	161	1.16811
120	164	1.15653
120	165	1.13683
120	167	0.736031
120	170	0.77976
120	171	0.768925
120	172	1.22127
120	175	0.720924
120	177	0.765423
121	1	1.02622
121	40	1.20669
121	58	1.14762
121	90	0.770203
121	115	0.796783
121	118	1.18143
121	120	1.13649
121	123	0.815497
121	131	1.16855
121	132	1.17639
121	135	1.13121
121	138	0.741187
121	145	1.13957
121	146	1.14499
121	156	0.761361
121	158	1.15464
121	159	1.14726
121	160	1.16245
121	161	1.16984
121	162	0.787944
121	164	1.15826
121	165	1.13856
121	166	0.779325
121	171	0.759333
121	175	0.711332
121	176	0.740313
121	179	1.20982
121	180	0.752313
122	2	1.17572
122	44	1.19152
122	60	1.22918
122	61	1.07426
122	65	1.16128
122	75	1.22907
122	76	1.11357
122	92	1.13156
122	103	1.12199
122	108	1.08718
122	111	1.07538
122	125	1.237
122	126	1.09233
122	131	0.764061
122	133	1.15111
122	144	0.759094
122	148	0.795948
122	153	1.11892
122	157	1.13359
122	165	0.792708
122	169	0.772708
122	170	0.775717
122	171	0.764882
122	173	1.27634
122	175	0.71688
122	177	0.76138
122	178	0.782547
122	179	0.719995
123	7	0.772764
123	59	0.784042
123	64	0.859585
123	67	0.771788
123	107	1.16586
123	113	0.83441
123	121	0.815497
123	144	1.14364
123	147	1.10268
123	154	1.14714
123	156	1.12714
123	158	0.793474
123	162	1.11031
123	163	1.1176
123	164	0.797869
123	165	0.819177
123	166	1.11275
123	167	1.14259
123	168	1.14443
123	169	1.12291
123	170	1.11983
123	171	1.12172
123	173	0.69826
123	174	1.12533
123	176	1.13168
123	177	1.12384
123	178	1.11355
123	179	0.746463
123	180	1.12702
124	5	0.731105
124	9	1.20037
124	14	0.695199
124	18	1.19892
124	29	1.28661
124	33	1.29065
124	64	1.11383
124	67	1.18302
124	71	1.1746
124	73	1.1925
124	74	1.15226
124	115	1.13806
124	116	1.23386
124	130	1.14813
124	131	0.732368
124	134	0.697731
124	139	0.746157
124	142	1.18506
124	143	1.17558
124	144	0.727402
124	155	1.17607
124	158	0.735312
124	162	0.7618
124	170	0.744024
124	171	0.733189
124	172	0.688391
124	175	1.21433
124	176	0.714169
124	179	1.23614
125	5	1.29873
125	24	1.24108
125	44	1.31027
125	62	1.33912
125	76	1.23232
125	98	0.773338
125	101	0.684112
125	104	1.32682
125	107	0.615131
125	108	1.20592
125	109	1.22691
125	111	1.19412
125	120	0.684568
125	122	1.237
125	126	1.21108
125	134	1.25977
125	136	0.66163
125	137	0.698876
125	144	0.645042
125	153	1.23766
125	157	1.25233
125	162	0.67944
125	163	0.65939
125	166	0.670821
125	168	0.62321
125	172	1.33177
125	173	1.39509
125	177	0.647327
125	178	0.668494
126	2	1.14979
126	5	1.15406
126	22	0.836968
126	32	1.08938
126	44	1.1656
126	60	1.20326
126	61	1.04833
126	62	1.19445
126	75	1.20315
126	76	1.08765
126	104	1.18215
126	106	0.742175
126	108	1.06125
126	109	1.08224
126	111	1.04945
126	122	1.09233
126	125	1.21108
126	133	1.12518
126	139	0.817935
126	140	0.802255
126	153	1.09299
126	154	0.78855
126	157	1.10766
126	168	0.777347
126	169	0.812793
126	170	0.815802
126	175	0.756965
126	177	0.801465
126	179	0.76008
127	7	1.17217
127	53	1.15747
127	59	1.1573
127	84	0.744836
127	97	0.726596
127	101	1.14774
127	103	0.7908
127	131	1.17537
127	132	1.1832
127	133	0.757162
127	135	1.13802
127	138	0.733688
127	144	0.746048
127	145	1.14639
127	149	1.15602
127	151	1.17279
127	152	1.15182
127	156	0.753863
127	158	1.16146
127	159	1.15408
127	160	1.16927
127	164	1.16508
127	165	1.14538
127	169	0.759661
127	171	0.751835
127	172	1.22982
127	176	0.732815
127	178	0.7695
127	179	1.21664
127	180	0.744815
128	25	0.804885
128	28	1.29743
128	54	0.744293
128	75	0.680297
128	82	0.763505
128	93	1.16079
128	102	0.790515
128	103	0.778007
128	132	0.745848
128	137	1.13048
128	138	1.16461
128	144	1.17861
128	152	0.757525
128	159	0.770667
128	162	1.14527
128	163	1.15257
128	165	0.766868
128	166	1.14772
128	167	1.17756
128	168	1.17939
128	169	1.15788
128	170	1.15479
128	171	1.15669
128	172	0.694243
128	174	1.16029
128	176	1.16665
128	177	1.15881
128	178	1.14852
128	179	0.694154
128	180	1.16198
129	3	1.21506
129	16	1.0536
129	19	0.729039
129	23	1.14227
129	42	1.10506
129	52	1.18681
129	54	0.748727
129	78	1.15619
129	81	0.786418
129	83	1.15255
129	86	1.12484
129	88	1.22442
129	93	0.726722
129	96	1.2054
129	102	1.1568
129	105	1.17836
129	118	1.20058
129	137	0.791521
129	141	0.764782
129	150	0.784314
129	151	1.18514
129	159	1.16642
129	160	1.18161
129	165	1.15772
129	167	0.710581
129	169	0.751301
129	171	0.743475
129	175	1.20717
129	177	0.739973
129	180	0.736455
130	2	0.767307
130	3	0.765802
130	26	0.836792
130	38	0.749667
130	52	0.800738
130	62	0.738398
130	63	0.733402
130	73	1.14978
130	96	0.780633
130	104	0.752427
130	108	0.847838
130	114	0.824677
130	115	1.09533
130	116	1.19113
130	124	1.14813
130	131	1.15215
130	142	1.14234
130	146	1.12859
130	148	1.14289
130	149	1.13281
130	160	1.14605
130	165	1.12216
130	167	1.15235
130	169	1.13267
130	173	0.701486
130	174	1.13509
130	176	1.14144
130	177	1.1336
130	178	1.12331
130	179	1.19342
130	180	1.13678
131	35	1.09274
131	55	0.742268
131	59	1.18082
131	87	0.814314
131	93	0.717613
131	120	1.16682
131	121	1.16855
131	122	0.764061
131	124	0.732368
131	127	1.17537
131	130	1.15215
131	132	1.20672
131	134	1.18134
131	136	1.20715
131	139	0.747333
131	142	0.739792
131	145	1.16991
131	146	1.17532
131	149	1.17954
131	152	1.17534
131	159	1.1776
131	160	1.19279
131	161	1.20017
131	164	1.1886
131	165	1.1689
131	167	0.701471
131	168	0.706746
131	169	0.742191
131	171	0.734365
131	176	0.715345
131	178	0.75203
131	179	1.24016
132	1	1.06439
132	26	0.784209
132	58	1.18579
132	72	1.21444
132	80	1.15984
132	98	1.11731
132	121	1.17639
132	127	1.1832
132	128	0.745848
132	131	1.20672
132	135	1.16938
132	141	0.7633
132	146	1.18316
132	148	1.19747
132	149	1.18738
132	151	1.20415
132	152	1.18317
132	153	0.774718
132	155	0.748931
132	159	1.18543
132	160	1.20062
132	161	1.20801
132	163	0.750554
132	164	1.19643
132	165	1.17673
132	166	0.761984
132	167	0.709099
132	168	0.714374
132	170	0.752828
132	173	0.648903
132	176	0.722973
132	180	0.734973
133	5	1.21283
133	22	0.772514
133	24	1.15518
133	61	1.1071
133	62	1.25323
133	65	1.19413
133	68	0.692733
133	70	1.20106
133	76	1.14642
133	81	1.1516
133	92	1.16441
133	102	1.16051
133	103	1.15484
133	104	1.24092
133	107	0.704816
133	110	0.793898
133	111	1.10823
133	122	1.15111
133	126	1.12518
133	127	0.757162
133	147	0.776401
133	150	0.781352
133	153	1.15177
133	157	1.16643
133	163	0.749074
133	167	0.70762
133	172	1.24587
133	173	1.30919
133	174	0.724223
133	176	0.721494
133	179	0.695627
133	180	0.733494
134	8	0.884391
134	16	0.901461
134	17	0.691428
134	38	0.654819
134	46	0.668998
134	50	0.724393
134	66	0.699058
134	74	0.740677
134	75	1.25184
134	85	0.777883
134	89	0.737227
134	91	0.715527
134	92	1.15433
134	103	1.14476
134	124	0.697731
134	125	1.25977
134	131	1.18134
134	136	1.1896
134	142	0.705155
134	157	1.15635
134	158	1.16743
134	159	1.16005
134	160	1.17524
134	163	1.15655
134	164	1.17105
134	168	1.18338
134	171	1.16067
134	172	1.23579
134	176	1.17063
134	177	1.16279
134	178	1.1525
134	180	1.16596
135	11	0.727
135	49	0.802314
135	69	1.16061
135	72	1.16927
135	96	0.767405
135	106	0.718556
135	109	0.854728
135	112	0.78107
135	118	1.17442
135	119	0.703008
135	120	1.12948
135	121	1.13121
135	127	1.13802
135	132	1.16938
135	144	0.775561
135	145	1.13257
135	146	1.13798
135	148	1.15229
135	151	1.15897
135	152	1.138
135	158	1.14764
135	159	1.14026
135	160	1.15545
135	161	1.16283
135	164	1.15126
135	165	1.13156
135	166	0.80134
135	167	0.748455
135	172	1.216
135	173	0.688258
135	174	0.765058
135	179	1.20282
135	180	0.774329
136	32	0.799782
136	35	1.101
136	40	1.24529
136	77	0.703832
136	83	1.17198
136	90	0.756857
136	97	0.720748
136	98	1.11774
136	101	1.17952
136	106	0.683195
136	117	0.721926
136	118	1.22002
136	120	1.17508
136	125	0.66163
136	131	1.20715
136	134	1.1896
136	143	0.733593
136	145	1.17817
136	148	1.19789
136	149	1.1878
136	151	1.20457
136	158	1.19324
136	159	1.18586
136	160	1.20105
136	161	1.20843
136	164	1.19686
136	165	1.17716
136	166	0.765978
136	168	0.718367
136	170	0.756822
136	172	1.2616
136	175	0.697985
136	176	0.726967
136	178	0.763652
137	35	0.869578
137	38	0.738323
137	49	1.14128
137	63	0.722058
137	96	0.769289
137	99	0.886673
137	101	0.816516
137	114	0.813333
137	125	0.698876
137	128	1.13048
137	129	0.791521
137	138	1.13926
137	140	1.13435
137	142	0.78866
137	147	1.1123
137	149	0.79854
137	150	1.09551
137	156	1.13676
137	162	1.11993
137	163	1.12722
137	165	0.811059
137	166	1.12237
137	167	1.15221
137	168	1.15405
137	169	1.13253
137	170	1.12944
137	171	1.13134
137	173	0.690143
137	174	1.13495
137	175	1.17147
137	176	1.1413
137	177	1.13346
137	178	1.12317
137	180	1.13663
138	1	0.860531
138	42	0.843805
138	49	1.17541
138	86	0.810605
138	99	0.82048
138	114	0.74714
138	116	0.698041
138	120	0.750779
138	121	0.741187
138	127	0.733688
138	128	1.16461
138	137	1.13926
138	140	1.16848
138	141	1.14708
138	142	0.722467
138	147	1.14643
138	148	0.748106
138	156	1.17088
138	161	0.721392
138	162	1.15406
138	163	1.16135
138	166	1.1565
138	167	1.18634
138	168	1.18818
138	169	1.16666
138	170	1.16357
138	171	1.16547
138	173	0.62395
138	174	1.16907
138	175	1.2056
138	176	1.17543
138	177	1.16759
138	178	1.1573
138	179	0.672153
138	180	1.17076
139	61	0.821286
139	73	0.74171
139	74	0.789103
139	75	0.68941
139	104	0.706005
139	112	1.20208
139	117	1.21734
139	119	1.22828
139	124	0.746157
