1	43	0.809731
1	44	0.910107
1	121	0.905617
1	125	0.689821
1	140	0.991684
1	143	1.00183
1	158	0.939596
1	159	0.91775
1	169	0.931077
1	175	0.867074
1	176	0.861546
1	179	0.857621
2	42	1.09573
2	71	0.652661
2	131	0.709631
2	148	1.10157
2	155	0.666847
2	160	1.08952
2	162	0.657363
2	167	1.01672
2	168	0.987463
2	175	0.957543
2	176	0.952015
2	180	0.481366
3	35	1.25267
3	37	0.72674
3	106	1.16242
3	133	1.12731
3	141	0.874952
3	142	0.59293
3	144	0.663547
3	171	0.628358
3	173	0.849425
3	176	0.991919
3	177	0.944959
3	179	0.556551
4	57	1.1611
4	125	0.840995
4	143	1.153
4	150	0.666384
4	162	0.686006
4	168	1.04817
4	171	0.684088
4	175	1.01825
4	176	1.01272
4	177	0.96576
4	179	0.612281
4	180	0.510009
5	27	0.910014
5	29	0.916256
5	38	0.773613
5	41	0.77444
5	56	0.95086
5	59	0.724266
5	79	1.38898
5	90	0.607926
5	106	0.88542
5	107	0.594688
5	123	0.810415
5	173	6.44384
6	119	1.13855
6	123	1.15267
6	129	1.05076
6	131	1.04018
6	161	1.3154
6	167	1.36986
6	170	1.51982
6	171	1.08451
6	172	1.08389
6	173	0.737612
6	179	1.10163
6	180	1.10163
7	21	0.859893
7	104	0.970168
7	110	0.972431
7	113	1.04232
7	115	0.878346
7	140	0.943527
7	152	0.840398
7	162	0.922497
7	167	0.878095
7	177	0.766429
7	178	0.766988
7	179	0.848772
8	33	0.720038
8	60	0.517271
8	66	0.457287
8	106	4.45939
8	114	0.814359
8	118	0.770031
8	125	0.401316
8	171	0.777441
8	175	0.578569
8	176	0.57304
8	179	0.794565
8	180	0.794564
9	14	1.05296
9	16	0.770404
9	40	1.04357
9	89	1.48852
9	136	0.874415
9	158	0.802641
9	161	0.821464
9	164	0.730826
9	166	0.738691
9	170	0.740496
9	174	1.27672
9	177	0.677631
10	85	1.00677
10	122	1.05574
10	145	0.903243
10	152	0.953031
10	162	0.909842
10	170	1.72144
10	171	0.949658
10	173	0.602762
10	174	0.948125
10	177	2.32989
10	179	0.966781
10	180	0.966781
11	48	0.946738
11	63	1.23224
11	79	0.486671
11	98	0.820153
11	134	1.09843
11	146	0.632581
11	151	1.08279
11	164	0.969375
11	165	0.93158
11	175	0.968668
11	178	0.916738
11	179	0.589235
12	81	0.909264
12	103	0.789682
12	105	1.02746
12	112	1.04523
12	140	1.21275
12	152	1.0293
12	154	1.40173
12	162	0.986109
12	171	1.02592
12	177	2.13242
12	179	1.04305
12	180	1.04305
13	97	0.835361
13	104	1.13899
13	131	1.00066
13	137	1.09106
13	153	1.01496
13	155	1.01054
13	158	1.49532
13	162	1.00518
13	166	1.8685
13	172	1.04438
13	179	1.06212
13	180	1.06212
14	9	1.05296
14	148	0.96729
14	150	1.01423
14	153	1.00696
14	162	0.997178
14	163	1.291
14	166	1.3794
14	171	1.03699
14	172	1.03638
14	175	1.44379
14	179	1.05412
14	180	1.05412
15	25	0.878497
15	37	0.65534
15	72	1.17718
15	93	1.13225
15	99	1.06674
15	110	1.07069
15	111	0.602866
15	155	0.56836
15	156	0.970422
15	164	0.91788
15	174	0.466496
15	178	0.865243
16	9	0.770404
16	47	1.34827
16	70	0.840948
16	107	0.582785
16	135	1.21747
16	144	0.876256
16	146	1.2565
16	170	0.718922
16	174	0.905885
16	177	0.656057
16	179	0.924541
16	180	0.924541
17	56	1.03355
17	85	1.07312
17	105	0.960107
17	110	0.982899
17	149	0.977649
17	159	0.88006
17	162	0.837317
17	165	0.792297
17	169	0.893387
17	176	0.823856
17	177	0.776897
17	180	0.66132
18	85	0.992896
18	99	1.31518
18	103	0.973277
18	134	1.31231
18	150	1.01423
18	153	1.00696
18	157	1.87281
18	162	0.997178
18	171	1.03699
18	172	1.03638
18	179	1.05412
18	180	1.05412
19	46	0.899561
19	80	1.13076
19	102	0.679923
19	126	0.646291
19	139	0.283461
19	151	1.15347
19	165	1.00226
19	166	1.04792
19	171	0.642869
19	173	0.89132
19	177	0.986855
19	178	0.987413
20	28	0.910164
20	65	1.01894
20	90	1.11958
20	106	1.07372
20	114	0.589151
20	129	0.623594
20	160	1.04073
20	163	0.984425
20	171	0.558621
20	174	1.10609
20	178	0.856818
20	179	0.486814
21	7	0.859893
21	61	1.03785
21	73	0.8426
21	86	1.14155
21	127	0.844082
21	141	0.586741
21	153	1.44071
21	160	0.841214
21	164	0.709943
21	167	0.768413
21	175	0.709236
21	180	1.23584
22	26	0.366012
22	32	1.16567
22	39	1.16838
22	65	0.932253
22	70	0.954462
22	75	0.641991
22	83	2.66
22	101	0.960934
22	122	0.997663
22	165	1.79823
22	169	1.04133
22	174	1.0194
23	40	1.21757
23	84	1.13033
23	105	0.793934
23	120	0.760841
23	121	0.645415
23	153	0.700023
23	154	1.00944
23	162	0.671143
23	164	0.904827
23	165	0.867032
23	170	0.914497
23	175	0.90412
23	178	0.85219
24	57	0.960458
24	62	0.904493
24	68	0.900679
24	104	0.858098
24	112	1.0111
24	115	0.983462
24	156	1.42244
24	171	0.9918
24	172	0.991186
24	175	1.65199
24	178	1.93843
24	179	1.00892
24	180	1.00892
25	15	0.878497
25	55	1.00945
25	84	1.00558
25	144	0.958056
25	145	0.942803
25	153	0.959183
25	156	1.85
25	159	1.76074
25	162	0.949402
25	171	0.989217
25	172	0.988604
25	179	1.00634
25	180	1.00634
26	22	0.366012
26	41	0.46833
26	72	1.25664
26	108	0.868239
26	109	1.23515
26	115	0.700639
26	148	1.14065
26	158	1.06915
26	160	1.12861
26	168	1.02655
26	174	0.65241
26	177	0.944139
26	180	0.568793
27	5	0.910014
27	29	1.05364
27	35	1.11305
27	36	1.0385
27	41	0.911819
27	56	1.08824
27	79	0.664029
27	106	1.0228
27	109	0.380555
27	117	5.40974
27	119	0.380582
27	140	0.450619
27	167	0.611893
28	20	0.910164
28	89	0.91045
28	105	0.989677
28	116	1.29402
28	132	1.4627
28	136	1.44792
28	150	0.965378
28	160	1.4249
28	162	0.948323
28	171	0.988138
28	172	0.987524
28	179	1.00526
28	180	1.00526
29	5	0.916256
29	27	1.05364
29	35	1.11929
29	36	1.04474
29	38	0.917235
29	66	4.00428
29	79	0.670271
29	83	1.90252
29	106	1.02904
29	137	1.05572
29	148	0.421526
29	163	0.470878
29	168	0.372758
30	69	1.1531
30	107	0.701508
30	151	0.941392
30	155	1.01367
30	156	0.880517
30	160	0.959245
30	162	1.00418
30	165	0.79018
30	168	0.857187
30	170	0.837645
30	171	1.00227
30	172	0.869648
30	173	0.679245
31	73	1.20695
31	75	1.22331
31	87	0.686875
31	128	0.659299
31	153	0.597636
31	164	1.07429
31	167	1.13276
31	172	0.434221
31	174	0.476376
31	175	1.07358
31	176	1.06805
31	177	1.02109
31	180	0.392759
32	22	1.16567
32	39	1.35819
32	65	1.12206
32	70	1.14427
32	99	0.361383
32	110	0.6491
32	117	1.92055
32	165	0.485054
32	173	4.82307
32	174	1.20921
33	8	0.720038
33	64	0.936703
33	103	1.04037
33	120	1.03252
33	128	1.03336
33	144	0.976093
33	148	0.953755
33	152	0.860722
33	156	0.862979
33	167	0.868907
33	168	0.83965
33	170	0.820107
33	178	0.7578
34	42	0.911181
34	51	1.09267
34	54	1.18549
34	89	1.12501
34	95	0.921993
34	109	1.01152
34	117	0.639941
34	145	1.05703
34	160	0.904973
34	164	0.773702
34	165	0.735907
34	169	0.836997
34	175	0.772995
34	177	0.720507
35	3	1.25267
35	27	1.11305
35	29	1.11929
35	38	0.976651
35	41	0.977477
35	64	0.702887
35	77	1.14289
35	79	0.729687
35	80	0.682739
35	106	1.08846
35	147	0.647868
35	161	0.485714
35	164	0.403752
35	173	7.12208
36	27	1.0385
36	29	1.04474
36	38	0.9021
36	41	0.902926
36	56	1.07935
36	63	0.800227
36	79	0.655136
36	106	1.01391
36	107	0.723174
36	134	1.06852
36	137	1.04059
36	159	1.38416
36	164	1.91347
36	177	2.07222
37	3	0.72674
37	15	0.65534
37	64	1.67024
37	86	1.01194
37	96	0.964149
37	115	1.0622
37	138	1.02188
37	145	1.02413
37	152	1.07391
37	158	1.41883
37	162	1.03073
37	167	1.46725
37	179	1.08767
37	180	1.08767
38	5	0.773613
38	29	0.917235
38	35	0.976651
38	36	0.9021
38	41	0.775418
38	56	0.951838
38	60	1.83889
38	66	2.39572
38	79	1.30361
38	106	0.886399
38	136	0.359814
38	137	0.913078
38	141	3.27867
38	158	0.617391
39	22	1.16838
39	32	1.35819
39	63	0.420921
39	64	0.433501
39	65	1.12477
39	70	1.14698
39	83	0.715844
39	122	1.19018
39	157	0.545698
39	173	6.39622
39	174	1.21192
39	176	0.622487
40	9	1.04357
40	23	1.21757
40	98	0.799329
40	118	0.20315
40	129	0.705191
40	130	1.10481
40	141	0.859215
40	144	0.675407
40	148	1.12574
40	153	0.671015
40	168	1.01163
40	169	1.04571
40	170	0.992088
40	179	0.568411
41	5	0.77444
41	26	0.46833
41	27	0.911819
41	35	0.977477
41	36	0.902926
41	38	0.775418
41	56	0.952665
41	78	3.36239
41	79	1.30443
41	106	0.887225
41	119	0.384288
41	137	0.913904
41	141	3.86077
41	154	0.603966
42	2	1.09573
42	34	0.911181
42	46	1.12965
42	57	0.949304
42	65	0.398581
42	71	0.870178
42	82	1.10129
42	124	0.803376
42	133	0.825177
42	151	0.920571
42	156	0.859696
42	160	0.938425
42	164	0.807154
42	170	0.816824
43	1	0.809731
43	90	0.829492
43	92	1.08659
43	98	1.06155
43	130	0.850886
43	133	1.0355
43	135	1.11942
43	139	1.15672
43	146	1.08015
43	164	1.84882
43	167	1.24917
43	173	0.75761
43	174	1.10297
43	176	1.64115
44	1	0.910107
44	54	0.913708
44	77	0.969586
44	96	0.846446
44	108	0.919751
44	114	0.985967
44	128	0.916681
44	133	0.880044
44	137	0.941828
44	146	0.92469
44	148	1.26219
44	165	2.15577
44	174	0.947516
44	176	1.74152
45	60	0.826026
45	94	0.94885
45	140	1.01381
45	142	1.05544
45	144	1.05504
45	151	0.964168
45	158	1.12667
45	171	1.0862
45	172	1.08558
45	174	1.08466
45	176	1.56706
45	177	1.93348
45	179	1.10332
45	180	1.10332
46	19	0.899561
46	42	1.12965
46	110	1.16958
46	138	0.900578
46	144	0.918076
46	147	1.77353
46	150	0.926477
46	155	0.914787
46	161	1.5711
46	162	0.909422
46	171	0.949237
46	172	0.948623
46	179	0.966361
46	180	0.96636
47	16	1.34827
47	67	1.10196
47	82	0.762322
47	84	0.747358
47	92	1.0849
47	108	1.07352
47	114	1.13973
47	118	1.0954
47	128	1.07045
47	146	1.07845
47	148	1.34483
47	151	1.22127
47	173	0.755918
47	175	1.82133
48	11	0.946738
48	71	0.939445
48	97	0.946186
48	111	0.961527
48	137	1.20189
48	145	0.883632
48	152	0.93342
48	168	1.7928
48	171	0.930047
48	172	0.929433
48	174	0.928514
48	175	2.04371
48	179	0.94717
48	180	0.94717
49	76	0.943922
49	92	0.690643
49	97	1.08841
49	100	1.02442
49	109	1.05837
49	119	1.05479
49	126	0.756429
49	127	0.95469
49	146	0.724546
49	155	0.764408
49	158	0.892366
49	165	0.782756
49	172	0.620388
50	112	0.713788
50	117	0.78461
50	125	0.740411
50	132	1.06132
50	135	0.77549
50	143	1.05242
50	153	0.873771
50	154	1.02299
50	155	0.854376
50	158	0.990186
50	164	0.918371
50	174	0.752511
50	175	0.917664
50	176	0.912135
51	34	1.09267
51	71	0.794589
51	106	0.141539
51	108	0.92274
51	117	0.854885
51	130	1.11103
51	135	0.729889
51	146	0.768913
51	157	1.01053
51	166	0.996511
51	168	1.01786
51	170	0.998316
51	172	0.664755
51	176	0.982411
51	178	0.936009
52	60	0.779969
52	88	0.922479
52	119	1.3458
52	132	1.3194
52	144	1.00898
52	153	1.01011
52	154	1.60482
52	155	1.00569
52	158	1.5287
52	160	1.28161
52	162	1.00032
52	171	1.04014
52	172	1.03953
52	179	1.05726
52	180	1.05726
53	65	0.347142
53	107	0.73713
53	112	1.06473
53	134	0.992655
53	139	0.834504
53	152	1.11373
53	154	0.968215
53	157	0.885481
53	158	0.935412
53	159	0.913566
53	161	0.954235
53	164	0.863597
53	168	0.89281
53	172	1.06129
53	176	0.857362
54	34	1.18549
54	44	0.913708
54	90	1.13101
54	92	1.01275
54	98	0.987711
54	110	1.09471
54	113	0.937362
54	114	1.06758
54	118	1.02325
54	128	0.998296
54	132	1.29297
54	133	0.961658
54	146	1.0063
54	174	1.02913
54	176	1.94266
55	25	1.00945
55	72	1.181
55	92	0.625545
55	99	1.07055
55	110	1.0745
55	121	0.664098
55	128	0.780369
55	130	1.04408
55	162	0.689826
55	166	0.929562
55	169	0.984993
55	170	0.931367
55	174	0.597446
55	176	0.915462
55	178	0.86906
56	5	0.95086
56	17	1.03355
56	27	1.08824
56	36	1.07935
56	38	0.951838
56	41	0.952665
56	59	1.26368
56	77	1.11808
56	79	0.704875
56	88	0.912383
56	106	1.06365
56	134	1.32171
56	137	1.09032
56	143	1.23356
56	157	1.88221
57	4	1.1611
57	24	0.960458
57	42	0.949304
57	63	1.07469
57	86	0.798116
57	92	1.00411
57	103	1.04176
57	142	1.03105
57	154	0.916442
57	167	0.870295
57	173	0.663094
57	176	0.805589
57	177	0.758629
57	178	0.759187
57	180	0.892398
58	92	1.02482
58	102	1.02869
58	107	3.60492
58	108	1.01344
58	109	0.484813
58	123	0.562513
58	124	1.0727
58	128	1.01037
58	139	1.09495
58	146	1.01837
58	147	0.927674
58	164	1.37935
58	173	0.695838
58	174	1.0412
58	175	1.16885
59	5	0.724266
59	56	1.26368
59	65	0.92728
59	70	0.94949
59	97	1.08565
59	104	0.968338
59	106	0.409695
59	118	0.628462
59	124	0.995944
59	142	0.9852
59	146	1.03707
59	157	0.839678
59	174	1.01443
59	177	0.764599
59	179	1.03308
59	180	1.03308
60	8	0.517271
60	38	1.83889
60	45	0.826026
60	52	0.779969
60	65	0.717155
60	70	0.739365
60	78	0.469863
60	80	0.698382
60	139	4.22239
60	141	0.484467
60	158	0.679484
60	163	0.682639
60	174	0.804302
60	178	0.555032
60	179	0.822958
60	180	0.822958
61	21	1.03785
61	70	0.0136083
61	100	1.20145
61	102	0.681087
61	128	0.736494
61	136	1.14117
61	152	0.563852
61	155	0.655435
61	158	1.0694
61	160	1.12885
61	161	1.08822
61	164	0.997582
61	171	0.644033
61	176	0.991346
61	177	0.944387
61	180	0.469954
62	24	0.904493
62	82	0.992533
62	91	1.01025
62	113	1.04907
62	129	0.944948
62	136	1.3899
62	138	0.930039
62	140	1.50112
62	144	0.947537
62	153	0.948664
62	155	0.944248
62	167	1.6624
62	170	1.81235
62	172	0.978085
62	179	0.995822
62	180	0.995822
63	11	1.23224
63	36	0.800227
63	39	0.420921
63	57	1.07469
63	70	0.413257
63	88	1.18868
63	113	1.15524
63	138	0.882568
63	146	0.826809
63	151	1.04596
63	154	1.03716
63	167	0.99101
63	169	0.995835
63	172	0.722651
63	174	0.764807
63	177	0.879345
64	33	0.936703
64	35	0.702887
64	37	1.67024
64	39	0.433501
64	116	0.948169
64	123	0.994565
64	143	0.929988
64	154	0.900558
64	163	0.87091
64	166	0.803805
64	168	0.825153
64	170	0.80561
64	172	1.43924
64	175	0.795233
64	176	0.789704
64	179	1.50005
65	20	1.01894
65	22	0.932253
65	32	1.12206
65	39	1.12477
65	42	0.398581
65	53	0.347142
65	59	0.92728
65	60	0.717155
65	70	0.910856
65	72	0.630502
65	73	0.6559
65	78	3.83761
65	101	0.917328
65	122	0.954057
65	141	4.33599
65	174	0.975793
66	8	0.457287
66	29	4.00428
66	38	2.39572
66	71	0.755249
66	94	0.663127
66	99	0.696542
66	133	0.676845
66	139	0.798069
66	140	0.671588
66	146	0.721492
66	148	0.691003
66	156	0.600228
66	159	0.597654
66	171	0.745851
66	179	0.762974
66	180	0.762974
67	47	1.10196
67	88	1.10179
67	103	1.17208
67	108	1.03586
67	117	0.733231
67	123	1.53923
67	127	1.48021
67	128	1.03279
67	133	0.996151
67	135	1.08007
67	139	1.11737
67	140	1.59515
67	141	0.743789
67	146	1.0408
67	160	1.46092
67	173	0.718262
68	24	0.900679
68	87	0.928194
68	111	1.00637
68	132	1.09941
68	142	0.944126
68	144	0.943724
68	148	1.26977
68	152	0.978258
68	155	0.940435
68	157	1.67231
68	163	1.59348
68	167	1.35713
68	169	1.40645
68	172	0.974272
68	179	0.992009
68	180	0.992008
69	30	1.1531
69	84	1.2203
69	111	0.635553
69	128	0.682106
69	130	1.11719
69	142	0.554217
69	144	0.624835
69	147	1.08194
69	150	0.571941
69	158	1.06662
69	167	1.05327
69	168	1.02401
69	171	0.589646
69	172	0.457028
69	177	0.941606
69	178	0.942165
70	16	0.840948
70	22	0.954462
70	32	1.14427
70	39	1.14698
70	59	0.94949
70	60	0.739365
70	61	0.0136083
70	63	0.413257
70	65	0.910856
70	101	0.939537
70	107	1.49708
70	117	3.46971
70	122	0.976267
70	141	3.32458
70	174	0.998002
70	178	0.661308
71	2	0.652661
71	42	0.870178
71	48	0.939445
71	51	0.794589
71	66	0.755249
71	72	0.737026
71	86	1.0168
71	91	1.10696
71	95	1.07561
71	140	1.20481
71	144	1.04424
71	155	1.04095
71	162	1.03559
71	165	2.17231
71	166	1.69085
71	179	1.09253
71	180	1.09253
72	15	1.17718
72	26	1.25664
72	55	1.181
72	65	0.630502
72	71	0.737026
72	93	1.14335
72	107	0.802512
72	114	0.77034
72	120	0.831424
72	131	0.793995
72	135	0.672325
72	161	1.01962
72	162	0.741727
72	164	0.928979
72	170	0.938649
72	177	0.875784
72	178	0.876342
73	21	0.8426
73	31	1.20695
73	65	0.6559
73	91	1.10297
73	94	0.917773
73	125	0.624372
73	142	1.09485
73	146	1.10182
73	147	0.889473
73	148	0.945649
73	149	0.949888
73	154	0.906949
73	162	1.1322
73	164	0.802331
73	165	0.764536
73	178	0.749695
74	87	0.673432
74	98	0.712507
74	101	0.845014
74	130	1.10877
74	131	0.607582
74	140	1.11028
74	143	1.12043
74	144	0.588585
74	145	0.606752
74	157	1.00826
74	166	0.994243
74	168	1.01559
74	170	0.996048
74	176	0.980143
74	177	0.933183
74	178	0.933741
74	179	0.481589
75	22	0.641991
75	31	1.22331
75	100	1.02256
75	107	0.692226
75	110	0.9715
75	111	1.06476
75	112	0.889664
75	136	0.962282
75	157	0.840577
75	159	0.868661
75	160	0.949964
75	162	1.02077
75	166	0.826558
75	168	0.847905
75	170	0.828363
75	171	1.01885
75	174	0.928388
75	178	0.766056
76	49	0.943922
76	79	0.287109
76	88	1.04919
76	105	1.33232
76	144	1.2428
76	149	0.940602
76	159	0.843014
76	161	0.883683
76	163	0.868015
76	164	0.793045
76	165	0.755251
76	167	0.851516
76	172	1.07499
76	175	0.792338
76	177	0.73985
76	178	0.740409
76	180	1.03353
77	35	1.14289
77	44	0.969586
77	56	1.11808
77	106	1.05264
77	124	1.11651
77	138	0.76442
77	139	1.13876
77	142	0.701693
77	150	0.719417
77	155	0.748524
77	168	0.917589
77	171	0.737122
77	173	0.739646
77	175	0.887669
77	176	0.882141
77	177	0.835181
77	179	0.665315
77	180	0.563042
78	41	3.36239
78	60	0.469863
78	65	3.83761
78	108	0.700736
78	120	0.731686
78	123	0.730494
78	124	0.760003
78	127	0.666008
78	130	0.654256
78	132	0.674815
78	135	0.744945
78	139	0.782252
78	149	0.679426
78	152	0.733407
78	169	0.595164
78	173	0.383139
78	179	0.747158
78	180	0.747157
79	5	1.38898
79	11	0.486671
79	27	0.664029
79	29	0.670271
79	35	0.729687
79	36	0.655136
79	38	1.30361
79	41	1.30443
79	56	0.704875
79	76	0.287109
79	106	1.50177
79	107	1.21104
79	125	10.4
79	127	0.779192
79	137	0.666114
79	168	0.586597
79	173	2.81479
79	176	0.810496
80	19	1.13076
80	35	0.682739
80	60	0.698382
80	93	0.974759
80	97	1.02825
80	118	0.733801
80	129	1.23584
80	132	0.903334
80	134	0.889446
80	140	0.884291
80	145	1.22422
80	148	0.903706
80	159	0.810356
80	160	0.891659
80	167	0.818858
80	174	1.08041
80	175	0.759681
80	177	0.707193
80	180	0.99679
81	12	0.909264
81	85	1.11734
81	110	1.02712
81	140	0.998214
81	142	0.868679
81	144	0.939296
81	157	0.896195
81	159	0.924279
81	163	0.949281
81	166	0.882176
81	169	0.937606
81	170	0.883981
81	171	0.904107
81	172	0.77149
81	174	0.813645
81	175	0.873604
81	176	0.868075
81	177	0.821116
81	178	0.821674
81	179	0.8323
82	42	1.10129
82	47	0.762322
82	62	0.992533
82	87	0.819043
82	101	0.990625
82	121	0.675197
82	140	1.08771
82	157	0.985691
82	159	1.01378
82	163	1.03878
82	166	0.971672
82	167	1.02228
82	169	1.0271
82	170	0.973477
82	172	0.566389
82	174	0.608545
82	176	0.957571
82	177	0.910612
82	178	0.91117
82	179	0.6272
83	22	2.66
83	29	1.90252
83	39	0.715844
83	102	0.831781
83	106	2.38103
83	107	0.521193
83	117	0.513899
83	119	0.881897
83	135	0.860737
83	139	0.898044
83	146	0.821467
83	153	0.815792
83	160	0.778931
83	164	0.64766
83	169	0.710956
83	171	0.845826
83	173	0.49893
83	175	0.646953
83	179	0.862949
83	180	0.862949
84	23	1.13033
84	25	1.00558
84	47	0.747358
84	69	1.2203
84	101	0.97566
84	126	0.687465
84	132	1.03812
84	134	1.02423
84	138	0.711341
84	140	1.01908
84	143	1.02922
84	148	1.03849
84	155	0.695445
84	157	0.917057
84	169	0.958469
84	174	0.59358
84	175	0.894466
84	176	0.888938
84	177	0.841978
84	179	0.612236
85	10	1.00677
85	17	1.07312
85	18	0.992896
85	81	1.11734
85	103	1.14264
85	106	0.14831
85	116	1.06494
85	124	0.734559
85	126	0.807566
85	127	1.04685
85	145	0.8575
85	160	1.04398
85	163	0.987677
85	165	0.874912
85	167	0.971178
85	171	0.804144
85	172	0.671526
85	175	0.912
85	176	0.906472
85	177	0.859512
86	21	1.14155
86	37	1.01194
86	57	0.798116
86	71	1.0168
86	89	0.929715
86	111	1.03888
86	122	0.584753
86	142	0.976644
86	150	0.984643
86	152	1.01078
86	160	0.805
86	162	0.967588
86	171	1.0074
86	172	1.00679
86	175	1.48965
86	176	1.49248
86	177	1.8589
86	178	1.77608
86	179	1.02453
86	180	1.02453
87	31	0.686875
87	68	0.928194
87	74	0.673432
87	82	0.819043
87	90	1.06923
87	121	1.02502
87	122	0.973151
87	129	0.985564
87	131	0.974985
87	142	0.988554
87	152	1.02269
87	155	0.984864
87	159	1.55924
87	162	0.979499
87	168	1.62714
87	171	1.01931
87	172	1.0187
87	177	2.2473
87	179	1.03644
87	180	1.03644
88	52	0.922479
88	56	0.912383
88	63	1.18868
88	67	1.10179
88	76	1.04919
88	90	1.13594
88	92	0.651869
88	108	0.839599
88	116	1.07804
88	145	0.767589
88	156	0.978357
88	158	0.99763
88	161	1.01645
88	164	0.925815
88	165	0.88802
88	166	0.93368
88	170	0.935485
88	174	0.62377
88	178	0.873178
88	180	0.540153
89	9	1.48852
89	28	0.91045
89	34	1.12501
89	86	0.929715
89	93	0.897491
89	111	1.0198
89	112	1.00762
89	122	0.974449
89	136	1.21771
89	138	0.939658
89	143	1.15674
89	145	0.941903
89	152	0.99169
89	153	0.958283
89	155	0.953867
89	158	1.44179
89	162	0.948502
89	164	2.08985
89	172	0.987704
89	179	1.00544
89	180	1.00544
90	5	0.607926
90	20	1.11958
90	43	0.829492
90	54	1.13101
90	87	1.06923
90	88	1.13594
90	99	1.02865
90	104	1.03034
90	137	1.07074
90	152	0.869008
90	157	0.90168
90	158	0.951612
90	161	0.970435
90	166	0.887662
90	168	0.909009
90	170	0.889467
90	171	0.949189
90	174	0.858727
90	175	0.87909
90	177	0.826602
90	180	0.77511
91	62	1.01025
91	71	1.10696
91	73	1.10297
91	131	1.05323
91	137	0.888877
91	142	1.0668
91	143	1.00809
91	149	1.17224
91	153	1.06752
91	154	1.36927
91	155	1.06311
91	160	1.04605
91	161	1.2871
91	162	1.05774
91	169	1.39088
91	171	1.09756
91	172	1.09694
91	173	0.750663
91	176	1.73353
91	179	1.11468
91	180	1.11468
92	43	1.08659
92	47	1.0849
92	49	0.690643
92	54	1.01275
92	55	0.625545
92	57	1.00411
92	58	1.02482
92	88	0.651869
92	114	1.08501
92	119	1.07519
92	124	1.07806
92	128	1.01573
92	133	0.979089
92	134	1.0612
92	135	1.06301
92	139	1.10031
92	146	1.02374
92	163	1.54286
92	165	2.11273
92	169	1.35582
92	174	1.04656
93	15	1.13225
93	72	1.14335
93	80	0.974759
93	89	0.897491
93	116	1.03628
93	120	0.867772
93	129	0.84113
93	132	1.02699
93	140	1.00795
93	143	1.01809
93	152	0.695976
93	161	0.974684
93	162	0.778075
93	164	0.884046
93	165	0.846251
93	170	0.893716
93	172	0.643539
93	174	0.685695
93	177	0.830851
93	178	0.831409
93	179	0.70435
94	45	0.94885
94	66	0.663127
94	73	0.917773
94	96	1.00774
94	98	1.30174
94	116	0.937345
94	138	1.16993
94	142	1.10721
94	149	0.932673
94	151	0.898533
94	155	1.15404
94	156	0.837658
94	159	0.835085
94	161	0.875754
94	165	0.747321
94	166	0.792981
94	169	0.848412
94	170	0.794786
94	176	0.77888
94	178	0.732479
94	179	1.07083
95	34	0.921993
95	71	1.07561
95	100	0.743403
95	126	1.03488
95	129	1.03247
95	131	1.02189
95	143	0.953722
95	148	1.19983
95	150	1.04346
95	151	1.07627
95	153	1.03618
95	155	1.03177
95	160	0.991678
95	162	1.0264
95	168	1.42542
95	171	1.06622
95	174	1.06468
95	176	1.67916
95	177	2.04558
95	179	1.08334
95	180	1.08334
96	37	0.964149
96	44	0.846446
96	94	1.00774
96	97	1.16016
96	115	0.823534
96	124	0.796181
96	129	0.93074
96	136	1.03589
96	141	0.769096
96	145	0.919122
96	151	1.00572
96	154	0.996916
96	161	0.982936
96	162	0.867684
96	163	0.967268
96	165	0.854504
96	166	0.900164
96	169	0.955594
96	176	0.886063
96	177	0.839103
96	178	0.839662
96	180	0.691687
97	13	0.835361
97	48	0.946186
97	49	1.08841
97	59	1.08565
97	80	1.02825
97	96	1.16016
97	98	0.819601
97	111	0.706398
97	120	0.752105
97	127	1.07167
97	146	0.63203
97	149	1.08509
97	157	0.959416
97	158	1.00935
97	162	0.662408
97	165	0.899737
97	167	0.996002
97	169	1.00083
97	171	0.66049
97	176	0.931296
97	178	0.884895
97	180	0.486411
98	11	0.820153
98	40	0.799329
98	43	1.06155
98	54	0.987711
98	74	0.712507
98	94	1.30174
98	97	0.819601
98	101	0.963054
98	108	0.993754
98	113	0.914657
98	114	1.05997
98	118	1.01564
98	124	1.05302
98	125	0.646927
98	128	0.990684
98	133	0.954047
98	135	1.03796
98	137	1.01583
98	146	0.998693
98	149	1.35866
98	169	1.5773
98	174	1.02152
98	178	2.20356
99	15	1.06674
99	18	1.31518
99	32	0.361383
99	55	1.07055
99	66	0.696542
99	90	1.02865
99	100	1.0224
99	129	1.1914
99	132	0.961477
99	133	1.07864
99	141	0.695329
99	155	1.13783
99	156	0.871073
99	160	0.949802
99	162	1.12834
99	165	0.780736
99	166	0.826396
99	169	0.881826
99	175	0.817824
99	177	0.765336
99	178	0.765894
99	180	0.952345
100	49	1.02442
100	61	1.20145
100	75	1.02256
100	95	0.743403
100	99	1.0224
100	106	0.169253
100	109	1.11136
100	115	0.782854
100	127	1.00768
100	142	0.789659
100	150	0.807383
100	151	0.986957
100	153	0.855884
100	154	0.978157
100	155	0.836489
100	156	0.926082
100	158	0.945355
100	159	0.923508
100	163	0.94851
100	166	0.881405
100	171	0.825087
100	178	0.820903
100	179	0.75328
101	22	0.960934
101	65	0.917328
101	70	0.939537
101	74	0.845014
101	82	0.990625
101	84	0.97566
101	98	0.963054
101	103	1.07614
101	113	1.04716
101	128	0.973639
101	130	1.2622
101	134	1.41518
101	135	1.02092
101	138	0.957348
101	139	1.05823
101	140	1.49921
101	146	0.981648
101	155	0.971557
101	172	1.00539
101	174	1.00447
101	176	2.05246
101	179	1.02313
101	180	1.02313
102	19	0.679923
102	58	1.02869
102	61	0.681087
102	83	0.831781
102	108	1.02266
102	114	1.08888
102	117	0.720034
102	118	1.04455
102	123	1.18873
102	124	1.08193
102	133	0.982955
102	135	1.06687
102	137	1.04474
102	139	1.10418
102	146	1.0276
102	149	1.2366
102	154	1.43363
102	156	1.56552
102	166	1.73068
102	168	1.54415
102	169	1.45524
102	173	0.705065
102	174	1.05043
103	12	0.789682
103	18	0.973277
103	33	1.04037
103	57	1.04176
103	67	1.17208
103	85	1.14264
103	101	1.07614
103	122	1.0745
103	123	1.09823
103	124	0.71494
103	128	0.876986
103	132	1.04255
103	143	1.03366
103	152	0.704345
103	159	0.949575
103	168	0.928819
103	169	0.962902
103	172	0.651908
103	175	0.8989
103	176	0.893371
103	177	0.846412
103	178	0.84697
103	180	0.610446
104	7	0.970168
104	13	1.13899
104	24	0.858098
104	59	0.968338
104	90	1.03034
104	115	0.921885
104	128	1.05658
104	137	1.01116
104	147	0.90736
104	149	0.967775
104	150	0.946413
104	151	0.933635
104	153	0.994915
104	158	0.892033
104	161	0.910856
104	164	0.820218
104	165	0.782423
104	166	0.828083
104	167	0.878688
104	168	0.84943
104	169	0.883513
104	172	0.8315
104	177	0.767023
104	179	0.892311
105	12	1.02746
105	17	0.960107
105	23	0.793934
105	28	0.989677
105	76	1.33232
105	110	1.0376
105	111	1.09902
105	120	1.0692
105	122	0.977823
105	127	1.21737
105	130	1.09529
105	138	1.01888
105	140	1.3323
105	147	1.64155
105	150	1.04478
105	155	1.03309
105	161	1.43912
105	162	1.02773
105	171	1.06754
105	172	1.06693
105	173	0.720649
105	174	1.06601
105	179	1.08467
105	180	1.08467
106	3	1.16242
106	5	0.88542
106	8	4.45939
106	20	1.07372
106	27	1.0228
106	29	1.02904
106	35	1.08846
106	36	1.01391
106	38	0.886399
106	41	0.887225
106	51	0.141539
106	56	1.06365
106	59	0.409695
106	77	1.05264
106	79	1.50177
106	83	2.38103
106	85	0.14831
106	100	0.169253
106	107	0.707473
106	123	0.495844
106	134	0.467728
106	137	1.02488
106	163	0.949386
106	164	1.31268
107	5	0.594688
107	16	0.582785
107	30	0.701508
107	36	0.723174
107	53	0.73713
107	58	3.60492
107	70	1.49708
107	72	0.802512
107	75	0.692226
107	79	1.21104
107	83	0.521193
107	106	0.707473
107	118	3.75702
107	136	0.686797
107	138	0.692714
107	153	0.711339
107	159	0.593176
107	166	0.551073
107	171	0.741373
107	175	0.542501
107	178	0.490571
107	179	0.758497
107	180	0.758496
108	26	0.868239
108	44	0.919751
108	47	1.07352
108	51	0.92274
108	58	1.01344
108	67	1.03586
108	78	0.700736
108	88	0.839599
108	98	0.993754
108	102	1.02266
108	114	1.07362
108	118	1.0293
108	119	1.26293
108	123	1.27704
108	124	1.06668
108	127	1.21803
108	128	1.00434
108	133	0.967702
108	135	1.05162
108	136	1.22174
108	146	1.01235
108	158	1.44582
108	159	1.56457
108	163	1.73059
108	174	1.03517
109	26	1.23515
109	27	0.380555
109	34	1.01152
109	49	1.05837
109	58	0.484813
109	100	1.11136
109	115	0.817612
109	124	0.79026
109	136	1.05108
109	138	0.887144
109	143	1.04154
109	145	0.913201
109	147	0.994634
109	151	1.02091
109	160	1.03876
109	163	0.982462
109	169	0.970788
109	170	0.917162
109	171	0.859845
109	173	0.758762
109	174	0.769383
109	175	0.906785
109	176	0.901256
109	179	0.788038
109	180	0.685766
110	7	0.972431
110	15	1.07069
110	17	0.982899
110	32	0.6491
110	46	1.16958
110	54	1.09471
110	55	1.0745
110	75	0.9715
110	81	1.02712
110	105	1.0376
110	113	1.04518
110	123	1.02111
110	130	0.944869
110	131	0.967076
110	135	0.845406
110	153	0.943687
110	156	0.875024
110	158	0.894296
110	161	0.913119
110	163	0.897451
110	165	0.784687
110	168	0.851694
110	173	0.673752
110	174	0.822428
110	179	0.841083
111	15	0.602866
111	48	0.961527
111	68	1.00637
111	69	0.635553
111	75	1.06476
111	86	1.03888
111	89	1.0198
111	97	0.706398
111	105	1.09902
111	119	1.18347
111	137	0.962098
111	138	1.04883
111	142	1.06673
111	144	1.06632
111	145	1.05107
111	153	1.06745
111	158	1.36636
111	161	1.36032
111	163	1.65113
111	167	1.41478
111	171	1.09749
111	172	1.09687
111	173	0.75059
111	175	1.80392
111	179	1.11461
111	180	1.11461
112	12	1.04523
112	24	1.0111
112	50	0.713788
112	53	1.06473
112	75	0.889664
112	89	1.00762
112	115	1.07697
112	117	0.753384
112	120	1.08696
112	122	0.723929
112	126	1.05398
112	129	1.05156
112	131	1.04098
112	132	0.98197
112	137	0.787004
112	138	1.03665
112	150	1.06255
112	156	1.39928
112	157	1.55487
112	168	1.37791
112	172	1.0847
112	174	1.08378
112	175	1.62883
112	178	1.91526
112	179	1.10243
112	180	1.10243
113	7	1.04232
113	54	0.937362
113	62	1.04907
113	63	1.15524
113	98	0.914657
113	101	1.04716
113	110	1.04518
113	114	0.786076
113	123	1.091
113	133	0.707761
113	134	1.02143
113	135	0.688062
113	137	1.08332
113	138	0.782844
113	147	0.979517
113	149	1.03993
113	150	0.737841
113	153	0.786343
113	157	0.914259
113	159	0.942343
113	164	0.892375
113	165	0.85458
113	168	0.921587
113	175	0.891668
113	176	0.886139
113	178	0.839738
114	8	0.814359
114	20	0.589151
114	44	0.985967
114	47	1.13973
114	54	1.06758
114	72	0.77034
114	92	1.08501
114	98	1.05997
114	102	1.08888
114	108	1.07362
114	113	0.786076
114	116	0.973011
114	118	1.09551
114	119	1.16809
114	128	1.07055
114	133	1.03392
114	137	1.0957
114	139	1.15514
114	146	1.07856
114	149	1.23008
114	159	1.46973
114	160	1.10389
114	161	1.34494
114	170	1.54935
114	173	0.756027
114	178	2.07498
115	7	0.878346
115	24	0.983462
115	26	0.700639
115	37	1.0622
115	96	0.823534
115	100	0.782854
115	104	0.921885
115	109	0.817612
115	112	1.07697
115	121	1.06338
115	137	0.873957
115	138	1.00901
115	142	1.02691
115	145	1.01125
115	150	1.03491
115	151	1.11572
115	153	1.02763
115	155	1.02322
115	160	1.03113
115	162	1.01785
115	171	1.05767
115	174	1.05613
115	177	2.08503
115	178	2.00221
115	179	1.07479
115	180	1.07479
116	28	1.29402
116	64	0.948169
116	85	1.06494
116	88	1.07804
116	93	1.03628
116	94	0.937345
116	114	0.973011
116	121	0.91867
116	124	0.872895
116	131	0.996666
116	132	0.96485
116	133	0.894696
116	136	0.965493
116	150	0.924776
116	151	0.935321
116	156	0.874446
116	157	0.843788
116	160	0.953175
116	164	0.821904
116	166	0.829769
116	168	0.851116
116	169	0.885199
116	173	0.673174
116	177	0.768709
116	178	0.769267
116	179	0.870673
116	180	0.768401
117	27	5.40974
117	32	1.92055
117	34	0.639941
117	50	0.78461
117	51	0.854885
117	67	0.733231
117	70	3.46971
117	83	0.513899
117	102	0.720034
117	112	0.753384
117	119	0.77015
117	130	0.658301
117	135	0.74899
117	137	0.726858
117	139	0.786297
117	141	0.412711
117	142	0.70332
117	148	0.679231
117	159	0.585882
117	163	0.610883
117	164	0.535914
117	171	0.734079
117	172	0.733465
117	176	0.529678
117	177	0.482718
117	179	0.751203
117	180	0.751202
118	8	0.770031
118	40	0.20315
118	47	1.0954
118	54	1.02325
118	59	0.628462
118	80	0.733801
118	98	1.01564
118	102	1.04455
118	107	3.75702
118	108	1.0293
118	114	1.09551
118	122	1.03533
118	124	1.08856
118	128	1.02623
118	132	0.674088
118	133	0.989589
118	135	1.07351
118	139	1.11081
118	143	0.598339
118	146	1.03424
118	149	0.762483
118	157	1.24699
118	165	1.73803
118	170	1.08176
118	173	0.711699
118	174	1.05706
118	177	1.6902
119	6	1.13855
119	27	0.380582
119	41	0.384288
119	49	1.05479
119	52	1.3458
119	83	0.881897
119	92	1.07519
119	108	1.26293
119	111	1.18347
119	114	1.16809
119	117	0.77015
119	127	1.03805
119	136	1.0475
119	148	1.04723
119	151	1.01733
119	156	0.956453
119	157	0.925795
119	159	0.95388
119	160	1.03518
119	161	0.994549
119	164	0.903911
119	166	0.911776
119	170	0.913581
119	171	1.13756
119	176	0.897676
119	178	0.851274
119	179	1.06575
120	23	0.760841
120	33	1.03252
120	72	0.831424
120	78	0.731686
120	93	0.867772
120	97	0.752105
120	105	1.0692
120	112	1.08696
120	129	1.03391
120	134	1.21518
120	138	1.019
120	141	0.74629
120	142	1.0369
120	144	1.0365
120	145	1.02124
120	148	1.37313
120	150	1.0449
120	151	1.24957
120	153	1.03762
120	155	1.03321
120	168	1.59871
120	169	1.5098
120	170	1.61044
120	172	1.06704
120	174	1.06612
120	179	1.08478
120	180	1.08478
121	1	0.905617
121	23	0.645415
121	55	0.664098
121	82	0.675197
121	87	1.02502
121	115	1.06338
121	116	0.91867
121	126	1.04038
121	129	1.03796
121	131	1.02738
121	138	1.02305
121	142	1.04095
121	143	1.0116
121	144	1.04055
121	145	1.0253
121	150	1.04895
121	151	1.13414
121	152	1.07509
121	159	1.41539
121	161	1.2906
121	162	1.0319
121	167	1.34506
121	168	1.48329
121	171	1.07171
121	172	1.0711
121	178	2.02064
121	179	1.08884
121	180	1.08884
122	10	1.05574
122	22	0.997663
122	39	1.19018
122	65	0.954057
122	70	0.976267
122	86	0.584753
122	87	0.973151
122	89	0.974449
122	103	1.0745
122	105	0.977823
122	112	0.723929
122	118	1.03533
122	124	1.07271
122	133	0.973731
122	135	1.05765
122	139	1.09495
122	145	0.906471
122	146	1.01838
122	150	0.83541
122	153	0.883912
122	155	0.864517
122	167	0.903041
122	168	0.873784
122	169	0.907867
122	174	1.0412
122	176	0.838335
122	177	0.791376
122	179	0.781308
123	5	0.810415
123	6	1.15267
123	58	0.562513
123	64	0.994565
123	67	1.53923
123	78	0.730494
123	102	1.18873
123	103	1.09823
123	106	0.495844
123	108	1.27704
123	110	1.02111
123	113	1.091
123	134	0.997357
123	140	0.992202
123	149	1.01586
123	154	0.972917
123	156	0.920842
123	158	0.940114
123	163	0.943269
123	165	0.830505
123	166	0.876164
123	170	0.87797
123	171	1.15168
123	174	1.06122
123	175	0.867592
123	177	0.815104
123	178	0.815663
123	180	0.977599
124	42	0.803376
124	58	1.0727
124	59	0.995944
124	77	1.11651
124	78	0.760003
124	85	0.734559
124	92	1.07806
124	96	0.796181
124	98	1.05302
124	102	1.08193
124	103	0.71494
124	108	1.06668
124	109	0.79026
124	116	0.872895
124	118	1.08856
124	122	1.07271
124	125	0.719849
124	128	1.06361
124	133	1.02697
124	135	1.11089
124	139	1.14819
124	141	0.774606
124	146	1.07162
124	161	1.24483
124	163	1.53563
124	166	1.62404
124	170	1.44924
124	174	1.09444
124	175	1.68843
125	1	0.689821
125	4	0.840995
125	8	0.401316
125	50	0.740411
125	73	0.624372
125	79	10.4
125	98	0.646927
125	124	0.719849
125	126	0.658549
125	131	0.645551
125	133	0.620875
125	137	0.682659
125	139	0.742098
125	140	0.615618
125	147	0.578857
125	149	0.639272
125	154	0.596332
125	156	0.544257
125	169	0.55501
125	172	0.689267
125	173	0.342985
125	174	0.688347
125	176	0.485479
125	177	0.43852
125	179	0.707004
125	180	0.707003
126	19	0.646291
126	49	0.756429
126	84	0.687465
126	85	0.807566
126	95	1.03488
126	112	1.05398
126	121	1.04038
126	125	0.658549
126	129	1.00092
126	131	0.990345
126	136	1.0998
126	137	0.919612
126	138	0.986015
126	144	1.00351
126	145	0.988259
126	147	1.52026
126	149	1.20297
126	152	1.03805
126	153	1.00464
126	155	1.00022
126	162	0.994859
126	169	1.42161
126	171	1.03467
126	172	1.03406
126	174	1.03314
126	175	1.76144
126	176	1.76427
126	178	2.04787
126	179	1.0518
126	180	1.0518
127	21	0.844082
127	49	0.95469
127	67	1.48021
127	78	0.666008
127	79	0.779192
127	85	1.04685
127	97	1.07167
127	100	1.00768
127	105	1.21737
127	108	1.21803
127	119	1.03805
127	128	1.18512
127	130	0.926201
127	139	0.733253
127	141	0.680612
127	145	1.14602
127	149	0.951371
127	151	0.917231
127	155	1.10406
127	156	0.856356
127	159	0.853782
127	160	0.935084
127	165	0.766019
127	167	0.862284
127	170	0.813484
127	171	1.09266
127	173	0.655084
127	175	0.803107
127	178	0.751177
128	31	0.659299
128	33	1.03336
128	44	0.916681
128	47	1.07045
128	54	0.998296
128	55	0.780369
128	58	1.01037
128	61	0.736494
128	67	1.03279
128	69	0.682106
128	92	1.01573
128	98	0.990684
128	101	0.973639
128	103	0.876986
128	104	1.05658
128	108	1.00434
128	114	1.07055
128	118	1.02623
128	124	1.06361
128	127	1.18512
128	133	0.964632
128	135	1.04855
128	139	1.08586
128	146	1.00928
128	148	1.37397
128	168	1.59956
128	169	1.51065
128	173	0.686742
128	174	1.0321
128	175	1.85047
129	6	1.05076
129	20	0.623594
129	40	0.705191
129	62	0.944948
129	80	1.23584
129	87	0.985564
129	93	0.84113
129	95	1.03247
129	96	0.93074
129	99	1.1914
129	112	1.05156
129	120	1.03391
129	121	1.03796
129	126	1.00092
129	136	1.16135
129	143	1.10038
129	145	0.98584
129	148	1.34649
129	152	1.03563
129	153	1.00222
129	154	1.46155
129	155	0.997805
129	162	0.99244
129	170	1.5838
129	171	1.03226
129	172	1.03164
129	173	0.68536
129	175	1.82299
129	179	1.04938
129	180	1.04938
130	40	1.10481
130	43	0.850886
130	51	1.11103
130	55	1.04408
130	69	1.11719
130	74	1.10877
130	78	0.654256
130	101	1.2622
130	105	1.09529
130	110	0.944869
130	117	0.658301
130	127	0.926201
130	135	0.903099
130	142	0.935155
130	143	0.92611
130	144	1.00577
130	148	0.93538
130	150	0.952878
130	151	0.905479
130	159	0.842031
130	161	0.8827
130	162	0.972501
130	163	0.867032
130	164	0.792062
130	166	0.799927
130	167	0.850532
130	172	0.837965
130	175	0.791355
130	177	0.738867
130	179	0.898776
131	2	0.709631
131	6	1.04018
131	13	1.00066
131	72	0.793995
131	74	0.607582
131	87	0.974985
131	91	1.05323
131	95	1.02189
131	110	0.967076
131	112	1.04098
131	116	0.996666
131	121	1.02738
131	125	0.645551
131	126	0.990345
131	144	0.990515
131	145	0.975262
131	147	1.57102
131	149	1.25374
131	150	0.998916
131	152	1.02505
131	154	1.45076
131	156	1.58265
131	157	1.73824
131	161	1.3686
131	163	1.65941
131	171	1.02168
131	172	1.02106
131	173	0.674781
131	174	1.02014
131	179	1.0388
131	180	1.0388
132	28	1.4627
132	50	1.06132
132	52	1.3194
132	54	1.29297
132	68	1.09941
132	78	0.674815
132	80	0.903334
132	84	1.03812
132	93	1.02699
132	99	0.961477
132	103	1.04255
132	112	0.98197
132	116	0.96485
132	118	0.674088
132	140	0.936524
132	142	1.07573
132	155	1.12256
132	158	0.884436
132	159	0.862589
132	161	0.903259
132	163	0.887591
132	167	0.871091
132	168	0.841833
132	169	0.875916
132	170	0.822291
132	173	0.663891
132	174	1.02069
132	175	0.811914
132	176	0.806385
132	178	0.759984
132	179	1.03935
133	3	1.12731
133	42	0.825177
133	43	1.0355
133	44	0.880044
133	54	0.961658
133	66	0.676845
133	67	0.996151
133	92	0.979089
133	98	0.954047
133	99	1.07864
133	102	0.982955
133	108	0.967702
133	113	0.707761
133	114	1.03392
133	116	0.894696
133	118	0.989589
133	122	0.973731
133	124	1.02697
133	125	0.620875
133	128	0.964632
133	135	1.01191
133	136	1.04859
133	139	1.04922
133	146	0.972641
133	154	1.34879
133	158	1.27267
133	161	1.26663
133	164	1.92073
133	169	1.3704
133	174	0.995467
133	175	1.71023
133	178	1.99666
134	11	1.09843
134	18	1.31231
134	36	1.06852
134	53	0.992655
134	56	1.32171
134	80	0.889446
134	84	1.02423
134	92	1.0612
134	101	1.41518
134	106	0.467728
134	113	1.02143
134	120	1.21518
134	123	0.997357
134	135	1.05608
134	136	0.942322
134	140	0.922635
134	143	0.932781
134	144	1.15875
134	147	0.885874
134	148	0.94205
134	156	0.851275
134	158	0.870547
134	161	0.88937
134	165	0.760938
134	168	0.827945
134	169	0.862028
134	175	0.798025
134	177	0.745537
134	178	0.746096
134	180	0.949483
135	16	1.21747
135	43	1.11942
135	50	0.77549
135	51	0.729889
135	67	1.08007
135	72	0.672325
135	78	0.744945
135	83	0.860737
135	92	1.06301
135	98	1.03796
135	101	1.02092
135	102	1.06687
135	108	1.05162
135	110	0.845406
135	113	0.688062
135	117	0.74899
135	118	1.07351
135	122	1.05765
135	124	1.11089
135	128	1.04855
135	130	0.903099
135	133	1.01191
135	134	1.05608
135	137	1.0737
135	141	0.759549
135	146	1.05656
135	148	1.21403
135	154	1.32909
135	158	1.25297
135	165	2.10761
135	173	0.734021
135	174	1.07938
135	177	2.05978
136	9	0.874415
136	28	1.44792
136	38	0.359814
136	61	1.14117
136	62	1.3899
136	75	0.962282
136	89	1.21771
136	96	1.03589
136	107	0.686797
136	108	1.22174
136	109	1.05108
136	116	0.965493
136	119	1.0475
136	126	1.0998
136	129	1.16135
136	133	1.04859
136	134	0.942322
136	138	1.12367
136	140	0.937167
136	143	0.947312
136	147	0.900406
136	151	0.926681
136	152	1.01619
136	153	1.12717
136	156	0.865806
136	159	0.863232
136	160	0.944534
136	165	0.775469
136	167	0.871734
136	169	0.876559
136	173	0.664534
136	177	0.760069
136	178	0.760627
137	13	1.09106
137	29	1.05572
137	36	1.04059
137	38	0.913078
137	41	0.913904
137	44	0.941828
137	48	1.20189
137	56	1.09032
137	79	0.666114
137	90	1.07074
137	91	0.888877
137	98	1.01583
137	102	1.04474
137	104	1.01116
137	106	1.02488
137	111	0.962098
137	112	0.787004
137	113	1.08332
137	114	1.0957
137	115	0.873957
137	117	0.726858
137	125	0.682659
137	126	0.919612
137	135	1.0737
137	138	0.943488
137	146	1.03443
137	147	0.947761
137	150	0.898485
137	162	0.918108
137	165	0.822824
137	168	0.889831
137	171	0.91619
137	172	0.783572
137	176	0.854383
137	179	0.844383
138	37	1.02188
138	46	0.900578
138	62	0.930039
138	63	0.882568
138	77	0.76442
138	84	0.711341
138	89	0.939658
138	94	1.16993
138	101	0.957348
138	105	1.01888
138	107	0.692714
138	109	0.887144
138	111	1.04883
138	112	1.03665
138	113	0.782844
138	115	1.00901
