1	51	0.407098
1	117	0.483422
1	131	0.526403
1	141	1.29437
1	156	0.344335
1	164	1.2357
1	168	1.1277
1	170	1.22623
1	176	1.20497
1	177	1.23677
1	179	1.14372
1	180	1.12937
2	11	0.994313
2	37	1.18544
2	47	1.05473
2	48	1.0454
2	53	1.00865
2	58	1.12724
2	72	1.07516
2	76	1.05685
2	104	1.05598
2	149	1.02194
2	162	0.948516
2	163	0.906542
3	27	0.529923
3	56	1.24246
3	63	1.21611
3	64	1.1783
3	66	1.17457
3	74	1.17822
3	75	0.571528
3	127	1.15058
3	156	1.25014
3	159	1.21246
3	172	0.897106
3	173	1.00929
4	29	0.996786
4	65	1.08888
4	70	1.08366
4	80	1.07364
4	92	1.10037
4	98	1.05215
4	124	1.07914
4	130	0.755424
4	144	1.1101
4	146	1.06492
4	171	1.06785
4	177	1.00844
5	88	0.494096
5	117	1.17368
5	128	1.18627
5	133	1.20806
5	134	1.26191
5	135	1.20462
5	136	1.23941
5	137	1.23941
5	146	0.71773
5	169	0.862282
5	175	1.08661
5	176	0.947778
6	87	1.00606
6	97	1.01394
6	106	1.03878
6	109	1.15198
6	112	1.08285
6	115	1.03907
6	116	1.10218
6	119	1.08133
6	121	0.918579
6	159	1.08046
6	171	1.07943
6	174	0.878445
7	14	0.359615
7	79	1.1905
7	90	1.22482
7	99	1.22731
7	110	1.23684
7	111	1.23917
7	113	1.2149
7	114	1.21497
7	168	1.05308
7	177	0.67753
7	178	0.898786
7	179	1.09216
8	35	1.18026
8	56	1.2523
8	64	1.18814
8	68	1.18148
8	81	1.15874
8	108	0.625146
8	127	1.16042
8	144	0.829
8	156	1.25998
8	159	1.2223
8	160	0.767364
8	169	0.815624
9	22	1.22095
9	72	0.698399
9	81	0.59444
9	129	1.03482
9	135	0.635893
9	150	1.12683
9	164	1.07169
9	170	1.06221
9	172	1.06669
9	177	1.07276
9	179	0.97971
9	180	0.965357
10	52	0.955127
10	117	1.13071
10	147	0.988804
10	158	0.980826
10	162	1.01703
10	163	1.03683
10	168	0.886457
10	176	0.963727
10	177	0.995534
10	178	0.940255
10	179	0.902482
10	180	0.888128
11	2	0.994313
11	34	1.17459
11	37	1.18151
11	47	1.05079
11	48	1.04146
11	53	1.00471
11	76	1.05291
11	104	1.05204
11	124	1.04963
11	166	0.792906
11	175	1.08099
11	178	1.0023
12	54	0.448379
12	73	0.52716
12	115	0.484056
12	119	0.335162
12	141	1.29643
12	161	1.18284
12	169	1.23294
12	173	1.18697
12	177	1.23884
12	178	1.18356
12	179	1.14578
12	180	1.13143
13	35	1.18852
13	66	1.19266
13	68	1.18974
13	74	1.19632
13	81	1.167
13	108	0.706921
13	127	1.16868
13	130	0.556102
13	156	1.26824
13	159	1.23056
13	163	0.784455
13	176	0.982894
14	7	0.359615
14	73	0.642581
14	133	0.462536
14	134	0.468322
14	138	1.22862
14	142	1.2676
14	145	1.26732
14	163	1.24092
14	164	1.19855
14	177	1.19962
14	179	1.10657
14	180	1.09221
15	75	0.66386
15	88	0.657173
15	102	1.18877
15	106	1.15701
15	109	1.27021
15	112	1.20108
15	115	1.1573
15	116	1.22041
15	119	1.19956
15	140	0.999023
15	159	1.19869
15	174	0.687163
16	43	0.576645
16	115	0.502115
16	116	0.363722
16	119	0.353221
16	139	1.30575
16	157	1.20349
16	161	1.16388
16	169	1.21398
16	172	1.21381
16	173	1.16801
16	177	1.21988
16	180	1.11247
17	66	0.58265
17	80	0.772766
17	98	0.567805
17	126	1.14005
17	143	1.07812
17	144	1.08488
17	155	1.14454
17	158	1.06277
17	169	1.07158
17	170	1.06693
17	179	0.984426
17	180	0.970072
18	56	1.20433
18	63	1.17798
18	66	1.13644
18	68	1.13351
18	74	1.14009
18	81	1.11077
18	121	0.644828
18	127	1.11245
18	150	0.806752
18	155	0.762525
18	156	1.21201
18	157	1.02315
18	159	1.17433
19	47	1.17644
19	53	1.13036
19	76	1.17856
19	93	0.764757
19	100	0.741057
19	117	1.14999
19	124	1.17528
19	128	1.16258
19	132	1.18193
19	133	1.18437
19	153	0.79002
19	172	0.93721
19	175	1.06292
20	37	0.430355
20	42	0.603366
20	61	0.402836
20	107	0.523597
20	150	1.22168
20	152	1.12197
20	153	1.22437
20	164	1.16655
20	165	1.1529
20	170	1.15707
20	172	1.16155
20	176	1.13581
20	180	1.06021
21	41	1.15974
21	78	1.15757
21	79	1.15391
21	107	1.15555
21	110	1.20025
21	111	1.20258
21	113	1.17832
21	114	1.17838
21	139	0.645801
21	165	0.856454
21	168	1.01649
21	171	0.694675
21	175	1.04355
22	9	1.22095
22	52	0.382854
22	101	1.22903
22	102	0.562275
22	111	0.468905
22	122	0.557667
22	155	1.23606
22	164	1.16793
22	170	1.15846
22	176	1.1372
22	178	1.11373
22	179	1.07595
22	180	1.0616
23	50	1.25614
23	52	1.20469
23	57	1.1917
23	65	1.13595
23	91	1.14218
23	92	1.14744
23	93	0.632015
23	98	1.09923
23	146	1.11199
23	150	0.704252
23	152	1.04675
23	170	0.85819
23	171	1.11492
24	122	1.08773
24	123	1.05224
24	128	1.01478
24	130	0.812524
24	132	1.03413
24	133	1.03657
24	134	1.09041
24	135	1.03313
24	136	1.06791
24	137	1.06792
24	153	0.970709
24	175	0.915116
24	178	1.28679
25	59	0.322694
25	69	1.29447
25	82	1.26474
25	83	1.26467
25	120	1.34366
25	127	1.26559
25	131	1.31333
25	164	0.66449
25	167	1.25256
25	169	0.70311
25	172	0.667188
25	174	1.40587
25	179	1.02946
26	43	0.626188
26	64	0.408494
26	122	0.449718
26	128	0.505609
26	142	1.23113
26	160	1.18758
26	162	1.18465
26	166	1.20065
26	169	1.15726
26	173	1.11129
26	177	1.16315
26	178	1.10788
26	180	1.05575
27	3	0.529923
27	41	0.531376
27	54	0.566896
27	124	0.504548
27	140	1.20326
27	147	1.1907
27	161	1.14143
27	164	1.19636
27	170	1.18688
27	173	1.14556
27	178	1.14215
27	179	1.10437
27	180	1.09002
28	123	1.17305
28	128	1.1356
28	132	1.15495
28	133	1.15739
28	134	1.21123
28	135	1.15394
28	136	1.18873
28	137	1.18873
28	145	0.711007
28	147	0.90447
28	153	0.714722
28	169	0.897833
28	175	1.03593
29	4	0.996786
29	50	1.15645
29	80	1.02103
29	88	1.08831
29	91	1.04249
29	92	1.04776
29	98	0.999545
29	124	1.02653
29	139	0.823619
29	146	1.01231
29	161	1.23339
29	170	1.0275
29	171	1.01524
30	117	1.01076
30	123	1.06081
30	126	0.729905
30	128	1.02335
30	132	1.0427
30	133	1.04514
30	134	1.09899
30	135	1.0417
30	136	1.07649
30	137	1.07649
30	147	1.01181
30	175	0.923687
30	179	1.33152
31	44	1.11291
31	55	1.09351
31	84	1.20691
31	102	1.1551
31	106	1.12334
31	109	1.23654
31	115	1.12363
31	116	1.18673
31	119	1.16589
31	158	0.774725
31	170	0.679139
31	178	0.794309
31	179	0.987685
32	62	0.519744
32	82	0.495036
32	109	0.451697
32	137	0.503332
32	141	1.20755
32	155	1.21701
32	165	1.13524
32	166	1.18744
32	173	1.09809
32	174	1.30573
32	177	1.14995
32	179	1.0569
32	180	1.04255
33	52	1.30481
33	57	1.29182
33	65	1.23607
33	70	1.23085
33	91	1.2423
33	92	1.24756
33	108	0.586602
33	121	0.479018
33	124	1.22633
33	146	1.21211
33	160	0.72882
33	166	0.700662
33	171	1.21504
33	179	1.10343
34	11	1.17459
34	37	1.36573
34	47	1.23501
34	48	1.22568
34	53	1.18893
34	58	1.30752
34	76	1.23713
34	104	1.23626
34	124	1.23385
34	144	0.692136
34	148	0.710458
34	171	0.541551
34	175	0.890422
34	176	0.764256
35	8	1.18026
35	13	1.18852
35	64	1.09937
35	66	1.09564
35	68	1.09271
35	74	1.09929
35	81	1.06997
35	125	0.606719
35	127	1.07165
35	143	0.861444
35	148	0.931824
35	156	1.17121
35	159	1.13354
35	178	1.0331
36	78	1.1113
36	86	1.11106
36	96	1.18299
36	99	1.14445
36	107	1.10928
36	110	1.15398
36	111	1.15632
36	113	1.13205
36	114	1.13211
36	155	0.68262
36	167	0.838914
36	168	0.970219
36	171	0.725775
36	179	1.18933
37	2	1.18544
37	11	1.18151
37	20	0.430355
37	34	1.36573
37	48	1.23259
37	53	1.19585
37	58	1.31443
37	76	1.24404
37	104	1.24317
37	124	1.24076
37	139	0.634097
37	153	0.637069
37	170	0.837981
37	173	0.896439
38	60	1.26385
38	67	1.22417
38	93	0.534222
38	97	1.19691
38	102	1.25352
38	105	1.22933
38	115	1.22204
38	116	1.28515
38	119	1.2643
38	154	0.575069
38	158	0.855983
38	159	1.26344
38	161	0.966284
38	166	0.666178
39	139	1.02153
39	145	1.00335
39	147	0.928926
39	149	0.944972
39	152	0.890008
39	155	1.00271
39	156	1.26062
39	159	1.22026
39	162	0.957149
39	163	0.976955
39	172	0.929585
39	178	0.880377
39	179	0.842603
39	180	0.82825
40	117	1.09076
40	123	1.14081
40	128	1.10335
40	132	1.1227
40	133	1.12514
40	134	1.17899
40	135	1.1217
40	136	1.15649
40	137	1.15649
40	149	0.86173
40	167	0.835207
40	174	0.521083
40	175	1.00369
40	180	1.21871
41	21	1.15974
41	27	0.531376
41	51	1.18591
41	54	1.19494
41	95	1.15588
41	107	1.08497
41	110	1.12968
41	111	1.13201
41	113	1.10774
41	114	1.10781
41	151	0.58719
41	162	0.863511
41	168	0.945914
41	180	1.29391
42	20	0.603366
42	61	1.15019
42	69	1.10081
42	82	1.07108
42	83	1.071
42	85	1.18583
42	120	1.14999
42	131	1.11966
42	138	1.08543
42	142	0.806489
42	167	1.0589
42	172	0.95727
42	174	1.2122
42	177	0.904907
43	16	0.576645
43	26	0.626188
43	61	1.15498
43	69	1.1056
43	82	1.07586
43	83	1.07579
43	85	1.19061
43	88	0.712022
43	120	1.15478
43	127	1.07671
43	138	1.09021
43	151	1.19332
43	167	1.06369
43	174	1.21699
44	31	1.11291
44	102	1.11354
44	105	1.08936
44	106	1.08178
44	109	1.19498
44	112	1.12585
44	115	1.08207
44	116	1.14518
44	119	1.12433
44	125	0.588556
44	155	0.701599
44	159	1.12346
44	165	0.906533
44	180	1.24139
45	122	1.16773
45	123	1.13224
45	128	1.09478
45	132	1.11413
45	133	1.11657
45	134	1.17041
45	135	1.11313
45	136	1.14791
45	137	1.14792
45	161	1.00042
45	163	0.663794
45	171	0.639527
45	175	0.995116
45	180	1.13616
46	67	1.09422
46	97	1.06697
46	102	1.12357
46	105	1.09939
46	106	1.09181
46	109	1.20502
46	112	1.13588
46	115	1.0921
46	116	1.15521
46	119	1.13436
46	146	0.928399
46	151	0.72566
46	172	1.03703
46	174	0.734755
47	2	1.05473
47	11	1.05079
47	19	1.17644
47	34	1.23501
47	48	1.10188
47	53	1.06513
47	58	1.18371
47	76	1.11333
47	103	0.874192
47	104	1.11246
47	124	1.11005
47	167	0.976918
47	174	0.662794
47	177	0.912704
48	2	1.0454
48	11	1.04146
48	34	1.22568
48	37	1.23259
48	47	1.10188
48	53	1.0558
48	58	1.17438
48	72	1.12231
48	76	1.10399
48	124	1.10071
48	125	0.653955
48	160	0.899102
48	174	0.609166
48	179	1.27371
49	62	0.707462
49	102	0.721383
49	108	1.13233
49	129	1.00669
49	135	0.699669
49	139	1.13051
49	152	0.998983
49	155	1.11169
49	162	1.06612
49	172	1.03856
49	173	0.992768
49	178	0.989352
49	180	0.937225
50	23	1.25614
50	29	1.15645
50	57	1.30429
50	62	1.26866
50	88	1.30058
50	91	1.25477
50	98	1.21182
50	140	0.784784
50	142	0.624417
50	146	1.22458
50	155	0.630755
50	160	0.76286
50	167	0.787049
50	171	1.22751
51	1	0.407098
51	41	1.18591
51	95	1.25263
51	96	1.25543
51	99	1.2169
51	107	1.18172
51	110	1.22643
51	111	1.22876
51	113	1.20449
51	114	1.20456
51	138	0.709975
51	144	0.841555
51	149	0.830632
51	165	0.85275
51	168	1.04267
52	10	0.955127
52	22	0.382854
52	23	1.20469
52	33	1.30481
52	62	1.21721
52	70	1.19188
52	80	1.18186
52	92	1.20858
52	98	1.16037
52	124	1.18736
52	146	1.17313
52	162	0.657955
52	171	1.17606
52	174	0.390729
52	180	1.08835
53	2	1.00865
53	11	1.00471
53	19	1.13036
53	34	1.18893
53	37	1.19585
53	47	1.06513
53	48	1.0558
53	58	1.13764
53	72	1.08556
53	76	1.06725
53	124	1.06397
53	143	0.969632
53	147	1.01495
53	172	0.972392
53	174	0.670119
54	12	0.448379
54	27	0.566896
54	41	1.19494
54	86	1.19254
54	90	1.22344
54	95	1.26166
54	99	1.22593
54	107	1.19075
54	110	1.23546
54	113	1.21352
54	114	1.21359
54	130	0.628704
54	167	0.94593
54	168	1.0517
54	177	0.881715
55	31	1.09351
55	84	1.14596
55	87	1.02966
55	102	1.09414
55	105	1.06996
55	106	1.06238
55	112	1.10645
55	115	1.06267
55	116	1.12578
55	119	1.10493
55	145	0.898572
55	151	0.738107
55	159	1.10406
55	164	1.04678
55	171	0.948188
56	3	1.24246
56	8	1.2523
56	18	1.20433
56	63	1.20922
56	64	1.17141
56	66	1.16767
56	68	1.16475
56	81	1.14201
56	103	0.575532
56	120	0.4917
56	152	0.908691
56	156	1.24325
56	159	1.20557
56	176	0.787825
56	179	1.02868
57	23	1.1917
57	33	1.29182
57	50	1.30429
57	62	1.20422
57	65	1.1841
57	80	1.16887
57	91	1.19033
57	98	1.14738
57	121	0.601239
57	138	0.781095
57	146	1.16014
57	150	0.763164
57	162	0.828331
57	166	0.822882
57	171	1.16307
58	2	1.12724
58	34	1.30752
58	37	1.31443
58	47	1.18371
58	48	1.17438
58	53	1.13764
58	72	1.20415
58	76	1.18583
58	94	0.528164
58	104	1.18496
58	124	1.18255
58	150	0.660616
58	157	0.877013
58	166	0.720334
58	175	1.00841
59	25	0.322694
59	60	0.615338
59	114	0.598086
59	116	0.486868
59	132	1.2616
59	135	1.26059
59	136	1.29538
59	137	1.29538
59	159	0.34464
59	169	1.20502
59	173	1.15905
59	175	1.14258
59	178	1.15563
59	179	1.11786
59	180	1.10351
60	38	1.26385
60	59	0.615338
60	67	1.13671
60	87	1.10158
60	97	1.10946
60	105	1.14188
60	106	1.1343
60	109	1.24751
60	112	1.17838
60	115	1.13459
60	119	1.17685
60	121	0.697693
60	145	0.808928
60	154	0.828227
60	159	1.17599
60	163	0.882811
61	20	0.402836
61	42	1.15019
61	43	1.15498
61	69	1.15897
61	82	1.12923
61	83	1.12916
61	85	1.24398
61	127	1.13008
61	131	1.17782
61	138	1.14358
61	141	0.673533
61	153	0.60955
61	167	1.11706
61	168	1.21836
61	174	1.27036
61	178	0.925633
62	32	0.519744
62	49	0.707462
62	50	1.26866
62	52	1.21721
62	57	1.20422
62	65	1.14847
62	70	1.14326
62	80	1.13324
62	91	1.1547
62	92	1.15996
62	98	1.11175
62	124	1.13874
62	165	0.918994
62	171	1.12744
62	173	0.970683
62	174	0.556229
63	3	1.21611
63	18	1.17798
63	56	1.20922
63	64	1.14506
63	66	1.14132
63	68	1.1384
63	74	1.14498
63	81	1.11566
63	100	0.740434
63	127	1.11734
63	143	0.933826
63	146	0.827957
63	151	0.625218
63	156	1.2169
63	159	1.17922
63	163	0.859565
64	3	1.1783
64	8	1.18814
64	26	0.408494
64	35	1.09937
64	56	1.17141
64	63	1.14506
64	66	1.10351
64	72	1.12966
64	74	1.10717
64	81	1.07785
64	103	0.735716
64	127	1.07953
64	156	1.17909
64	159	1.14141
64	169	0.862513
64	175	1.07418
64	176	0.94801
65	4	1.08888
65	23	1.13595
65	33	1.23607
65	57	1.1841
65	62	1.14847
65	70	1.12314
65	80	1.11312
65	91	1.13458
65	92	1.13985
65	98	1.09163
65	143	0.780769
65	144	0.832827
65	146	1.1044
65	152	1.02581
65	154	0.651924
65	171	1.10733
65	176	0.904948
66	3	1.17457
66	13	1.19266
66	17	0.58265
66	18	1.13644
66	35	1.09564
66	56	1.16767
66	63	1.14132
66	64	1.10351
66	68	1.09685
66	74	1.10343
66	81	1.07411
66	150	0.735708
66	156	1.17535
66	157	0.952106
66	159	1.13768
66	174	0.53365
66	180	1.23127
67	38	1.22417
67	46	1.09422
67	60	1.13671
67	97	1.06978
67	105	1.1022
67	106	1.09462
67	109	1.20782
67	112	1.13869
67	115	1.09491
67	116	1.15802
67	119	1.13717
67	141	0.698372
67	143	0.778819
67	144	0.830877
67	148	0.849199
67	159	1.1363
67	161	1.04119
68	8	1.18148
68	13	1.18974
68	18	1.13351
68	35	1.09271
68	56	1.16475
68	63	1.1384
68	66	1.09685
68	72	1.123
68	74	1.10051
68	81	1.07119
68	151	0.520209
68	152	1.07386
68	155	0.687135
68	156	1.17243
68	159	1.13475
68	172	0.831578
68	175	1.07916
69	25	1.29447
69	42	1.10081
69	43	1.1056
69	61	1.15897
69	82	1.07985
69	83	1.07978
69	85	1.1946
69	127	1.0807
69	131	1.12844
69	138	1.0942
69	154	0.734276
69	155	0.721439
69	165	0.926373
69	166	0.825385
69	167	1.06767
69	174	1.22098
69	176	0.987299
70	4	1.08366
70	33	1.23085
70	52	1.19188
70	62	1.14326
70	65	1.12314
70	80	1.10791
70	88	1.17518
70	91	1.12937
70	92	1.13463
70	98	1.08642
70	142	0.681564
70	146	1.09918
70	147	0.874903
70	150	0.73213
70	152	1.07463
70	164	0.829646
70	171	1.10211
71	117	1.09353
71	118	1.19424
71	122	1.17908
71	123	1.14358
71	126	0.670949
71	128	1.10613
71	132	1.12548
71	133	1.12792
71	134	1.18176
71	135	1.12447
71	136	1.15926
71	137	1.15926
71	145	0.759393
71	148	0.977917
71	166	0.869801
71	172	0.910297
71	175	1.00646
72	2	1.07516
72	9	0.698399
72	48	1.12231
72	53	1.08556
72	58	1.20415
72	64	1.12966
72	68	1.123
72	74	1.12958
72	76	1.13376
72	81	1.10026
72	124	1.13048
72	125	0.655731
72	156	1.2015
72	159	1.16382
72	160	0.900879
72	161	1.17283
72	174	0.610943
73	12	0.52716
73	14	0.642581
73	117	1.09353
73	118	1.19424
73	122	1.17908
73	123	1.14358
73	128	1.10613
73	132	1.12548
73	133	1.12792
73	134	1.18176
73	135	1.12447
73	136	1.15926
73	137	1.15926
73	138	0.930576
73	146	0.904229
73	155	0.868416
73	175	1.00646
74	3	1.17822
74	13	1.19632
74	18	1.14009
74	35	1.09929
74	63	1.14498
74	64	1.10717
74	66	1.10343
74	68	1.10051
74	72	1.12958
74	88	0.595116
74	103	0.836505
74	127	1.07945
74	143	0.92462
74	147	0.969939
74	156	1.17901
74	159	1.14133
74	163	0.850359
75	3	0.571528
75	15	0.66386
75	80	0.700462
75	119	0.495285
75	132	0.505268
75	150	1.20894
75	160	1.1793
75	163	1.19617
75	165	1.14016
75	166	1.19236
75	168	1.04579
75	169	1.14897
75	176	1.12306
75	177	1.15487
75	178	1.09959
75	179	1.06182
75	180	1.04747
76	2	1.05685
76	11	1.05291
76	19	1.17856
76	34	1.23713
76	37	1.24404
76	47	1.11333
76	48	1.10399
76	53	1.06725
76	58	1.18583
76	72	1.13376
76	104	1.11457
76	124	1.11216
76	147	0.869943
76	153	0.680195
76	160	0.815047
76	170	0.881107
76	176	0.948802
77	78	1.09403
77	79	1.09037
77	86	1.0938
77	90	1.12469
77	95	1.16292
77	96	1.16572
77	99	1.12719
77	107	1.09201
77	110	1.13672
77	111	1.13905
77	113	1.11478
77	114	1.11485
77	145	0.695667
77	154	0.714966
77	162	0.811524
77	168	0.952955
77	173	0.958752
77	179	1.20884
78	21	1.15757
78	36	1.1113
78	77	1.09403
78	90	1.11548
78	95	1.15371
78	96	1.15651
78	99	1.11798
78	107	1.0828
78	110	1.12751
78	111	1.12984
78	113	1.10557
78	114	1.10564
78	129	0.956309
78	142	0.650941
78	166	0.761226
78	168	0.943744
78	175	1.04931
78	178	0.970615
79	7	1.1905
79	21	1.15391
79	77	1.09037
79	86	1.08093
79	90	1.11182
79	95	1.15005
79	96	1.15285
79	107	1.07914
79	110	1.12385
79	111	1.12618
79	113	1.10191
79	114	1.10198
79	125	0.809472
79	126	0.827608
79	150	0.966742
79	151	0.755588
79	162	1.03191
79	168	0.940085
80	4	1.07364
80	17	0.772766
80	29	1.02103
80	52	1.18186
80	57	1.16887
80	62	1.13324
80	65	1.11312
80	70	1.10791
80	75	0.700462
80	91	1.11935
80	92	1.12461
80	93	0.853587
80	98	1.0764
80	124	1.10339
80	146	1.08916
80	164	1.02334
80	171	1.09209
80	174	0.723766
81	8	1.15874
81	9	0.59444
81	13	1.167
81	18	1.11077
81	35	1.06997
81	56	1.14201
81	63	1.11566
81	64	1.07785
81	66	1.07411
81	68	1.07119
81	72	1.10026
81	127	1.05013
81	129	0.963844
81	156	1.14969
81	159	1.11201
81	166	0.768761
81	173	0.921438
81	178	0.97815
82	25	1.26474
82	32	0.495036
82	42	1.07108
82	43	1.07586
82	61	1.12923
82	69	1.07985
82	83	1.05005
82	85	1.16487
82	120	1.12904
82	127	1.05097
82	131	1.09871
82	138	1.06447
82	152	1.07608
82	164	0.831096
82	167	1.03794
82	170	0.887517
82	173	0.945974
82	174	1.19125
83	25	1.26467
83	42	1.071
83	43	1.07579
83	61	1.12916
83	69	1.07978
83	82	1.05005
83	85	1.1648
83	120	1.12897
83	127	1.05089
83	131	1.09863
83	138	1.0644
83	158	0.83381
83	162	0.649454
83	164	0.681803
83	167	1.03787
83	168	1.14612
83	174	1.19118
83	180	1.07985
84	31	1.20691
84	55	1.14596
84	87	1.14306
84	97	1.15094
84	102	1.20754
84	105	1.18336
84	109	1.28899
84	112	1.21986
84	115	1.17607
84	116	1.23918
84	119	1.21833
84	120	0.529565
84	148	0.771892
84	159	1.21747
84	163	0.627251
84	172	0.704272
84	173	0.816452
84	180	1.09962
85	42	1.18583
85	43	1.19061
85	61	1.24398
85	69	1.1946
85	82	1.16487
85	83	1.1648
85	120	1.24379
85	121	0.561009
85	127	1.16572
85	131	1.21346
85	138	1.17922
85	139	0.672988
85	154	0.691544
85	158	0.972458
85	166	0.782653
85	167	1.15269
85	170	0.876872
85	174	1.306
86	36	1.11106
86	54	1.19254
86	77	1.0938
86	79	1.08093
86	95	1.15347
86	96	1.15628
86	99	1.11774
86	107	1.08257
86	110	1.12727
86	111	1.1296
86	113	1.10534
86	114	1.1054
86	144	0.873955
86	151	0.513289
86	168	0.943508
86	170	0.87838
86	176	0.946075
86	179	1.18693
87	6	1.00606
87	55	1.02966
87	60	1.10158
87	84	1.14306
87	97	1.03464
87	102	1.09125
87	105	1.06706
87	106	1.05948
87	109	1.17269
87	112	1.10356
87	115	1.05977
87	116	1.12288
87	119	1.10203
87	157	1.00008
87	159	1.10117
87	160	0.871557
87	165	0.944386
87	167	0.895746
87	172	0.883895
88	5	0.494096
88	15	0.657173
88	29	1.08831
88	43	0.712022
88	50	1.30058
88	70	1.17518
88	74	0.595116
88	92	1.19188
88	97	0.603693
88	98	1.14367
88	125	1.21566
88	127	0.623413
88	146	1.15644
88	163	1.16793
88	165	1.11191
88	166	1.16412
88	171	1.15937
88	173	1.07476
88	179	1.03357
88	180	1.01922
89	117	1.12506
89	118	1.22577
89	122	1.2106
89	123	1.17511
89	128	1.13765
89	132	1.157
89	133	1.15944
89	134	1.21329
89	135	1.156
89	136	1.19079
89	137	1.19079
89	138	0.595974
89	156	1.22137
89	157	0.794439
89	161	0.937866
89	170	0.73198
89	175	1.03799
89	177	0.625894
89	180	1.07361
90	7	1.22482
90	54	1.22344
90	77	1.12469
90	78	1.11548
90	79	1.11182
90	95	1.18437
90	96	1.18717
90	99	1.14864
90	107	1.11346
90	110	1.15817
90	111	1.1605
90	113	1.13623
90	114	1.1363
90	146	0.695187
90	155	0.659375
90	165	0.864309
90	166	0.763321
90	168	0.974405
90	173	0.915998
90	175	1.0514
91	23	1.14218
91	29	1.04249
91	33	1.2423
91	50	1.25477
91	57	1.19033
91	62	1.1547
91	65	1.13458
91	70	1.12937
91	80	1.11935
91	92	1.14607
91	98	1.09786
91	124	1.12485
91	145	0.647587
91	146	1.11062
91	160	0.786154
91	161	1.0581
91	164	0.795794
91	165	0.858984
91	167	0.810343
91	171	1.11355
92	4	1.10037
92	23	1.14744
92	29	1.04776
92	33	1.24756
92	52	1.20858
92	62	1.15996
92	65	1.13985
92	70	1.13463
92	80	1.12461
92	88	1.19188
92	91	1.14607
92	93	0.64166
92	98	1.10312
92	124	1.13011
92	154	0.682507
92	158	0.963422
92	165	0.874604
92	168	1.27574
92	171	1.11882
92	174	0.511839
93	19	0.764757
93	23	0.632015
93	38	0.534222
93	80	0.853587
93	92	0.64166
93	136	0.614197
93	140	1.13294
93	143	1.12775
93	151	1.24951
93	154	1.19417
93	158	1.1124
93	162	1.1486
93	166	1.1646
93	167	1.12958
93	169	1.12121
93	173	1.07524
93	176	1.0953
93	177	1.12711
93	178	1.07183
93	179	1.03405
93	180	1.0197
94	58	0.528164
94	109	0.557789
94	110	0.637193
94	115	0.737089
94	121	1.23576
94	141	1.17415
94	153	1.1733
94	154	1.18362
94	156	0.496829
94	157	1.10016
94	159	0.456469
94	162	1.13805
94	166	1.15405
94	168	1.00748
94	170	1.10601
94	171	1.14929
94	172	1.11048
94	176	1.08475
94	177	1.11655
94	178	1.06128
94	180	1.00915
95	41	1.15588
95	51	1.25263
95	54	1.26166
95	77	1.16292
95	78	1.15371
95	79	1.15005
95	86	1.15347
95	90	1.18437
95	96	1.2254
95	99	1.18686
95	107	1.15169
95	111	1.19872
95	113	1.17446
95	114	1.17452
95	120	0.576003
95	153	0.60352
95	160	0.738372
95	161	1.01032
95	168	1.01263
95	169	0.786632
95	170	0.804433
95	175	0.998294
96	36	1.18299
96	51	1.25543
96	77	1.16572
96	78	1.15651
96	79	1.15285
96	86	1.15628
96	90	1.18717
96	95	1.2254
96	99	1.18967
96	101	0.600594
96	107	1.15449
96	110	1.1992
96	111	1.20153
96	113	1.17726
96	114	1.17733
96	120	0.689753
96	146	0.75583
96	155	0.720017
96	158	1.01377
96	168	1.01543
96	169	0.900382
96	177	0.812097
97	6	1.01394
97	38	1.19691
97	46	1.06697
97	60	1.10946
97	67	1.06978
97	84	1.15094
97	87	1.03464
97	88	0.603693
97	102	1.09913
97	105	1.07494
97	106	1.06736
97	109	1.18057
97	112	1.11144
97	115	1.06765
97	116	1.13076
97	119	1.10991
97	130	0.630582
97	159	1.10905
97	162	0.90091
97	170	0.98968
97	175	1.18354
97	177	0.883593
98	4	1.05215
98	17	0.567805
98	23	1.09923
98	29	0.999545
98	50	1.21182
98	52	1.16037
98	57	1.14738
98	62	1.11175
98	65	1.09163
98	70	1.08642
98	80	1.0764
98	88	1.14367
98	91	1.09786
98	92	1.10312
98	124	1.0819
98	138	0.738795
98	146	1.06767
98	149	0.859452
98	152	1.06336
98	162	0.786032
98	171	1.07061
98	179	1.18335
99	7	1.22731
99	36	1.14445
99	51	1.2169
99	54	1.22593
99	77	1.12719
99	78	1.11798
99	86	1.11774
99	90	1.14864
99	95	1.18686
99	96	1.18967
99	100	0.657099
99	107	1.11596
99	110	1.16066
99	111	1.16299
99	113	1.13873
99	114	1.13879
99	120	0.678545
99	139	0.70309
99	148	0.920871
99	157	0.969434
99	162	0.818204
99	168	0.976898
99	173	0.965432
100	19	0.741057
100	63	0.740434
100	99	0.657099
100	103	1.1242
100	113	0.669061
100	128	0.727554
100	136	0.590496
100	142	1.13932
100	145	1.13904
100	149	1.08066
100	151	1.19375
100	154	1.13841
100	157	1.05496
100	158	1.05664
100	160	1.09577
100	162	1.09284
100	163	1.11264
100	164	1.07027
100	173	1.01948
100	176	1.03954
100	177	1.07134
100	178	1.01607
100	180	0.963939
101	22	1.22903
101	96	0.600594
101	104	0.738251
101	115	0.705889
101	117	0.604716
101	122	0.603949
101	130	1.2061
101	134	0.574734
101	154	1.1479
101	157	1.06445
101	160	1.10527
101	161	1.02485
101	163	1.12214
101	165	1.06613
101	166	1.11833
101	171	1.11358
101	172	1.07477
101	175	1.01251
101	176	1.04903
101	177	1.08084
101	178	1.02556
101	179	0.987788
101	180	0.973434
102	15	1.18877
102	22	0.562275
102	31	1.1551
102	38	1.25352
102	44	1.11354
102	46	1.12357
102	49	0.721383
102	55	1.09414
102	84	1.20754
102	87	1.09125
102	97	1.09913
102	105	1.13155
102	106	1.12397
102	108	0.717868
102	112	1.16804
102	115	1.12426
102	116	1.18737
102	119	1.16652
102	139	0.722262
102	144	0.921721
102	159	1.16565
102	165	0.932915
102	177	0.82006
103	47	0.874192
103	56	0.575532
103	64	0.735716
103	74	0.836505
103	100	1.1242
103	119	0.729986
103	132	0.73997
103	142	1.14165
103	143	1.07432
103	145	1.14137
103	148	1.07948
103	153	1.13043
103	154	1.14074
103	158	1.05897
103	161	1.01768
103	164	1.07261
103	166	1.11117
103	168	0.9646
103	172	1.06761
103	176	1.04187
103	177	1.07368
103	178	1.0184
103	179	0.980625
103	180	0.966272
104	2	1.05598
104	11	1.05204
104	34	1.23626
104	37	1.24317
104	47	1.11246
104	58	1.18496
104	76	1.11457
104	101	0.738251
104	117	1.086
104	122	1.17155
104	124	1.1113
104	126	0.762769
104	132	1.11795
104	133	1.12039
104	134	1.17423
104	135	1.11694
104	136	1.15173
104	137	1.15173
104	138	0.919834
104	145	0.851213
104	151	0.690749
104	155	0.857675
104	163	0.925096
104	175	0.998931
105	38	1.22933
105	44	1.08936
105	46	1.09939
105	55	1.06996
105	60	1.14188
105	67	1.1022
105	84	1.18336
105	87	1.06706
105	97	1.07494
105	102	1.13155
105	106	1.09979
105	109	1.21299
105	112	1.14386
105	115	1.10007
105	116	1.16318
105	119	1.14233
105	144	0.867833
105	149	0.85691
105	150	0.718321
105	159	1.14147
105	166	0.77804
105	171	0.717248
105	177	0.766173
105	180	1.21389
106	6	1.03878
106	15	1.15701
106	31	1.12334
106	44	1.08178
106	46	1.09181
106	55	1.06238
106	60	1.1343
106	67	1.09462
106	87	1.05948
106	97	1.06736
106	102	1.12397
106	105	1.09979
106	109	1.20541
106	112	1.13628
106	115	1.0925
106	116	1.1556
106	119	1.13476
106	130	0.614442
106	138	0.837534
106	151	0.608448
106	155	0.775374
106	159	1.13389
106	172	0.919817
106	173	1.032
106	180	1.31517
107	20	0.523597
107	21	1.15555
107	36	1.10928
107	41	1.08497
107	51	1.18172
107	54	1.19075
107	77	1.09201
107	78	1.0828
107	79	1.07914
107	86	1.08257
107	90	1.11346
107	95	1.15169
107	96	1.15449
107	99	1.11596
107	108	0.722945
107	110	1.12549
107	111	1.12782
107	113	1.10355
107	114	1.10362
107	141	0.794293
107	147	0.920059
107	165	0.937992
107	168	0.941724
107	170	0.931223
107	175	1.12508
108	8	0.625146
108	13	0.706921
108	33	0.586602
108	49	1.13233
108	102	0.717868
108	107	0.722945
108	125	1.19756
108	128	0.769151
108	131	0.757008
108	150	1.16259
108	152	1.06287
108	153	1.16527
108	158	1.09381
108	160	1.13295
108	165	1.09381
108	166	1.14601
108	168	0.999445
108	169	1.10262
108	170	1.09797
108	172	1.10245
108	173	1.05666
108	176	1.07672
108	177	1.10852
108	178	1.05324
108	179	1.01547
108	180	1.00112
109	6	1.15198
109	15	1.27021
109	31	1.23654
109	32	0.451697
109	44	1.19498
109	46	1.20502
109	60	1.24751
109	67	1.20782
109	84	1.28899
109	87	1.17269
109	94	0.557789
109	97	1.18057
109	105	1.21299
109	106	1.20541
109	112	1.24949
109	115	1.2057
109	116	1.26881
109	119	1.24796
109	149	0.828829
109	153	0.643265
109	159	1.2471
109	160	0.778117
109	163	0.713434
109	171	0.689167
109	176	0.911873
109	177	0.738092
110	7	1.23684
110	21	1.20025
110	36	1.15398
110	41	1.12968
110	51	1.22643
110	54	1.23546
110	77	1.13672
110	78	1.12751
110	79	1.12385
110	86	1.12727
110	90	1.15817
110	94	0.637193
110	96	1.1992
110	99	1.16066
110	107	1.12549
110	111	1.17252
110	113	1.14826
110	114	1.14832
110	140	0.879446
110	141	0.786652
110	142	0.719079
110	143	0.867099
110	154	0.738254
110	168	0.986427
110	169	0.905781
110	171	0.768572
111	7	1.23917
111	21	1.20258
111	22	0.468905
111	36	1.15632
111	41	1.13201
111	51	1.22876
111	77	1.13905
111	78	1.12984
111	79	1.12618
111	86	1.1296
111	90	1.1605
111	95	1.19872
111	96	1.20153
111	99	1.16299
111	107	1.12782
111	110	1.17252
111	113	1.15059
111	114	1.15065
111	138	0.69677
111	141	0.695846
111	147	0.821612
111	157	0.895236
111	168	0.988761
111	170	0.832777
111	177	0.72669
111	180	1.1744
112	6	1.08285
112	15	1.20108
112	44	1.12585
112	46	1.13588
112	55	1.10645
112	60	1.17838
112	67	1.13869
112	84	1.21986
112	87	1.10356
112	97	1.11144
112	102	1.16804
112	105	1.14386
112	106	1.13628
112	109	1.24949
112	115	1.13657
112	116	1.19968
112	119	1.17883
112	139	0.696325
112	140	0.856073
112	146	0.737857
112	148	0.914107
112	159	1.17796
112	162	0.81144
112	169	0.882409
112	174	0.544213
112	178	1.01538
113	7	1.2149
113	21	1.17832
113	36	1.13205
113	41	1.10774
113	51	1.20449
113	54	1.21352
113	77	1.11478
113	78	1.10557
113	79	1.10191
113	86	1.10534
113	90	1.13623
113	95	1.17446
113	96	1.17726
113	99	1.13873
113	100	0.669061
113	107	1.10355
113	110	1.14826
113	111	1.15059
113	114	1.12639
113	120	0.690506
113	142	0.714432
113	165	0.925705
113	168	0.964494
113	169	0.901135
113	171	0.763925
113	172	0.865213
113	173	0.977393
114	7	1.21497
114	21	1.17838
114	36	1.13211
114	41	1.10781
114	51	1.20456
114	54	1.21359
114	59	0.598086
114	77	1.11485
114	78	1.10564
114	79	1.10198
114	86	1.1054
114	90	1.1363
114	95	1.17452
114	96	1.17733
114	99	1.13879
114	107	1.10362
114	110	1.14832
114	111	1.15065
114	113	1.12639
114	121	0.68044
114	141	0.859373
114	149	0.980954
114	163	0.865559
114	164	0.939882
114	168	0.964557
114	172	0.942581
114	174	0.640307
115	6	1.03907
115	12	0.484056
115	15	1.1573
115	16	0.502115
115	31	1.12363
115	38	1.22204
115	44	1.08207
115	46	1.0921
115	55	1.06267
115	60	1.13459
115	67	1.09491
115	84	1.17607
115	87	1.05977
115	94	0.737089
115	97	1.06765
115	101	0.705889
115	102	1.12426
115	105	1.10007
115	106	1.0925
115	109	1.2057
115	112	1.13657
115	116	1.15589
115	119	1.13504
115	129	1.12434
115	147	1.01231
115	153	0.822566
115	154	0.83815
115	159	1.13418
116	6	1.10218
116	15	1.22041
116	16	0.363722
116	31	1.18673
116	38	1.28515
116	44	1.14518
116	46	1.15521
116	55	1.12578
116	59	0.486868
116	67	1.15802
116	84	1.23918
116	87	1.12288
116	97	1.13076
116	102	1.18737
116	105	1.16318
116	106	1.1556
116	109	1.26881
116	112	1.19968
116	115	1.15589
116	119	1.19815
116	130	0.525988
116	139	0.681201
116	142	0.680581
116	159	1.19729
116	163	0.754341
116	167	0.843214
116	168	1.29299
116	175	1.07895
117	1	0.483422
117	5	1.17368
117	10	1.13071
117	19	1.14999
117	30	1.01076
117	40	1.09076
117	71	1.09353
117	73	1.09353
117	89	1.12506
117	101	0.604716
117	104	1.086
117	118	1.15901
117	122	1.14385
117	123	1.10835
117	128	1.0709
117	131	1.1028
117	132	1.09025
117	133	1.09268
117	134	1.14653
117	135	1.08924
117	136	1.12403
117	137	1.12403
117	150	0.768368
117	156	1.15461
117	157	0.984765
117	171	0.767295
117	175	0.971229
117	177	0.816219
117	178	1.03748
118	71	1.19424
118	73	1.19424
118	89	1.22577
118	117	1.15901
118	122	1.24455
118	123	1.20905
118	128	1.1716
118	129	0.842088
118	131	1.2035
118	132	1.19095
118	133	1.19339
118	134	1.24723
118	135	1.18994
118	136	1.22473
118	137	1.22473
118	141	0.604294
118	146	0.578872
118	156	1.25532
118	163	0.61048
118	168	1.14913
118	169	0.723423
118	172	0.687502
118	175	1.07193
118	178	0.856394
119	6	1.08133
119	12	0.335162
119	15	1.19956
119	16	0.353221
119	31	1.16589
119	38	1.2643
119	44	1.12433
119	46	1.13436
119	55	1.10493
119	60	1.17685
119	67	1.13717
119	75	0.495285
119	84	1.21833
119	87	1.10203
119	97	1.10991
119	102	1.16652
119	103	0.729986
119	105	1.14233
119	106	1.13476
119	109	1.24796
119	112	1.17883
119	115	1.13504
119	116	1.19815
119	140	0.830448
119	158	0.970171
119	159	1.17644
119	164	0.818163
119	168	1.28249
119	177	0.768498
120	25	1.34366
120	42	1.14999
120	43	1.15478
120	56	0.4917
120	82	1.12904
120	83	1.12897
120	84	0.529565
120	85	1.24379
120	95	0.576003
120	96	0.689753
120	99	0.678545
120	113	0.690506
120	124	0.697024
120	127	1.12988
120	132	0.656138
120	138	1.14339
120	139	1.20027
120	153	1.17114
120	154	1.18145
120	159	0.514428
120	166	1.15188
120	167	1.11686
120	171	1.14713
120	172	1.10832
120	173	1.06253
120	174	1.27016
120	176	1.08258
120	178	1.05911
120	179	1.02134
120	180	1.00698
121	6	0.918579
121	18	0.644828
121	33	0.479018
121	57	0.601239
121	60	0.697693
121	85	0.561009
121	94	1.23576
121	114	0.68044
121	123	0.509106
121	135	0.58857
121	139	1.2259
121	142	1.208
121	143	1.14067
121	152	1.09438
121	153	1.19677
121	160	1.16445
121	161	1.08403
121	162	1.16152
121	165	1.12531
121	169	1.13413
121	170	1.12948
121	171	1.17277
121	172	1.13396
121	173	1.08816
121	174	1.2958
121	176	1.10822
121	177	1.14003
121	178	1.08475
121	179	1.04697
121	180	1.03262
122	22	0.557667
122	24	1.08773
122	26	0.449718
122	45	1.16773
122	71	1.17908
122	73	1.17908
122	89	1.2106
122	101	0.603949
122	104	1.17155
122	117	1.14385
122	118	1.24455
122	123	1.19389
122	126	0.628467
122	128	1.15644
122	131	1.18834
122	132	1.17579
122	133	1.17823
122	134	1.23207
122	135	1.17478
122	136	1.20957
122	137	1.20957
122	140	0.877402
122	141	0.784608
122	145	0.716911
122	156	1.24016
122	158	1.01712
122	169	0.903737
122	175	1.05677
123	24	1.05224
123	28	1.17305
123	30	1.06081
123	40	1.14081
123	45	1.13224
123	71	1.14358
123	73	1.14358
123	89	1.17511
123	117	1.10835
123	118	1.20905
123	121	0.509106
123	122	1.19389
123	128	1.12094
123	131	1.15285
123	132	1.14029
123	133	1.14273
123	134	1.19658
123	135	1.13929
123	136	1.17408
123	137	1.17408
123	149	0.80962
123	151	0.459877
123	155	0.626804
123	156	1.20466
123	160	0.758909
123	161	1.03086
123	167	0.783098
123	175	1.02128
123	179	1.13351
123	180	1.1666
124	4	1.07914
124	11	1.04963
124	19	1.17528
124	27	0.504548
124	29	1.02653
124	33	1.22633
124	34	1.23385
124	37	1.24076
124	47	1.11005
124	48	1.10071
124	52	1.18736
124	53	1.06397
124	58	1.18255
124	62	1.13874
124	72	1.13048
124	76	1.11216
124	80	1.10339
124	91	1.12485
124	92	1.13011
124	98	1.0819
124	104	1.1113
124	120	0.697024
124	138	0.789448
124	139	0.72157
124	142	0.72095
124	146	1.09466
124	167	0.883582
124	169	0.907653
124	171	1.09759
124	177	0.819368
124	180	1.26708
125	35	0.606719
125	44	0.588556
125	48	0.653955
125	72	0.655731
125	79	0.809472
125	88	1.21566
125	108	1.19756
125	127	0.698192
125	130	1.23512
125	135	0.593225
125	136	0.529164
125	141	1.16745
125	145	1.17755
125	149	1.11917
125	151	1.23226
125	152	1.06421
125	153	1.16661
125	155	1.17691
125	158	1.09515
125	159	0.43165
125	160	1.13428
125	162	1.13135
125	168	1.00078
125	169	1.10396
125	170	1.09931
125	171	1.1426
125	172	1.10379
125	176	1.07805
125	177	1.10986
125	178	1.05458
125	180	1.00245
126	17	1.14005
126	30	0.729905
126	71	0.670949
126	79	0.827608
126	104	0.762769
126	122	0.628467
126	127	0.716329
126	129	1.04545
126	133	0.593466
126	134	0.599252
126	139	1.16927
126	143	1.08404
126	144	1.09079
126	149	1.09271
126	150	1.13746
126	151	1.2058
126	153	1.14014
126	154	1.15046
126	155	1.15045
126	157	1.06701
126	161	1.0274
126	163	1.12469
126	164	1.08232
126	165	1.06868
126	169	1.0775
126	172	1.07733
126	173	1.03153
126	177	1.08339
126	179	0.990343
126	180	0.975989
127	3	1.15058
127	8	1.16042
127	13	1.16868
127	18	1.11245
127	25	1.26559
127	35	1.07165
127	43	1.07671
127	61	1.13008
127	63	1.11734
127	64	1.07953
127	69	1.0807
127	74	1.07945
127	81	1.05013
127	82	1.05097
127	83	1.05089
127	85	1.16572
127	88	0.623413
127	120	1.12988
127	125	0.698192
127	126	0.716329
127	131	1.09955
127	138	1.06531
127	142	0.804896
127	148	1.0233
127	151	0.644308
127	153	0.808488
127	156	1.15137
127	159	1.11369
127	167	1.03879
127	174	1.19209
127	177	0.903314
127	178	1.12457
128	5	1.18627
128	19	1.16258
128	24	1.01478
128	26	0.505609
128	28	1.1356
128	30	1.02335
128	40	1.10335
128	45	1.09478
128	71	1.10613
128	73	1.10613
128	89	1.13765
128	100	0.727554
128	108	0.769151
128	117	1.0709
128	118	1.1716
128	122	1.15644
128	123	1.12094
128	131	1.11539
128	132	1.10284
128	133	1.10528
128	134	1.15912
128	135	1.10183
128	136	1.13662
128	137	1.13662
128	156	1.16721
128	163	0.846685
128	164	0.921009
128	173	1.03589
128	174	0.621433
128	175	0.983822
128	176	1.04512
128	177	0.871343
129	9	1.03482
129	49	1.00669
129	78	0.956309
129	81	0.963844
129	115	1.12434
129	118	0.842088
129	126	1.04545
129	130	1.10814
129	135	1.0053
129	137	0.996676
129	142	1.05085
129	145	1.05057
129	148	0.988676
129	150	1.03694
129	151	1.10528
129	152	0.937229
129	157	0.966487
129	158	0.968169
129	160	1.0073
129	161	0.926884
129	163	1.02418
129	164	0.981806
129	165	0.968162
129	166	1.02037
129	169	0.97698
129	172	0.976807
129	176	0.951071
129	177	0.982877
129	178	0.927599
129	179	0.889825
129	180	0.875472
130	4	0.755424
130	13	0.556102
130	24	0.812524
130	54	0.628704
130	97	0.630582
130	101	1.2061
130	106	0.614442
130	116	0.525988
130	125	1.23512
130	129	1.10814
130	132	0.52547
130	135	0.545335
130	137	0.536715
130	140	1.15192
130	142	1.21406
130	144	1.15348
130	148	1.15188
130	151	1.26849
130	153	1.20283
130	155	1.21314
130	160	1.17051
130	161	1.09009
130	162	1.16758
130	163	1.18738
130	165	1.13137
130	172	1.14001
130	173	1.09422
130	175	1.07775
130	176	1.11428
130	177	1.14608
130	178	1.09081
130	179	1.05303
130	180	1.03868
131	1	0.526403
131	25	1.31333
131	42	1.11966
131	61	1.17782
131	69	1.12844
131	82	1.09871
131	83	1.09863
131	85	1.21346
131	108	0.757008
131	117	1.1028
131	118	1.2035
131	122	1.18834
131	123	1.15285
131	127	1.09955
131	128	1.11539
131	132	1.13474
131	133	1.13718
131	134	1.19102
131	135	1.13373
131	136	1.16852
131	137	1.16852
131	138	1.11306
131	140	0.921149
131	142	0.760782
131	149	0.949937
131	150	0.811348
131	151	0.600194
131	154	0.779958
131	167	1.08653
131	169	0.947485
131	171	0.810276
131	174	1.23983
131	175	1.01572
132	19	1.18193
132	24	1.03413
132	28	1.15495
132	30	1.0427
132	40	1.1227
132	45	1.11413
132	59	1.2616
132	71	1.12548
132	73	1.12548
132	75	0.505268
132	89	1.157
132	103	0.73997
132	104	1.11795
132	117	1.09025
132	118	1.19095
132	120	0.656138
132	122	1.17579
132	123	1.14029
132	128	1.10284
132	130	0.52547
132	131	1.13474
132	133	1.12463
132	134	1.17847
132	135	1.12118
132	136	1.15597
132	137	1.15597
132	141	0.747637
132	153	0.683655
132	156	1.18656
132	160	0.818507
132	164	0.828147
132	168	1.29247
132	175	1.00317
132	176	0.952263
133	5	1.20806
133	14	0.462536
133	19	1.18437
133	24	1.03657
133	28	1.15739
133	30	1.04514
133	40	1.12514
133	45	1.11657
133	71	1.12792
133	73	1.12792
133	89	1.15944
133	104	1.12039
133	117	1.09268
133	118	1.19339
133	122	1.17823
133	123	1.14273
133	126	0.593466
133	128	1.10528
133	131	1.13718
133	132	1.12463
133	134	1.18091
133	135	1.12362
133	136	1.15841
133	137	1.15841
133	145	0.68191
133	148	0.900434
133	150	0.732599
133	154	0.701208
133	156	1.189
133	157	0.948997
133	162	0.797767
133	168	1.29444
133	175	1.00561
133	176	0.954232
134	5	1.26191
134	14	0.468322
134	24	1.09041
134	28	1.21123
134	30	1.09899
134	40	1.17899
134	45	1.17041
134	71	1.18176
134	73	1.18176
134	89	1.21329
134	101	0.574734
134	104	1.17423
134	117	1.14653
134	118	1.24723
134	122	1.23207
134	123	1.19658
134	126	0.599252
134	128	1.15912
134	131	1.19102
134	132	1.17847
134	133	1.18091
134	135	1.17746
134	136	1.21225
134	137	1.21226
134	141	0.755393
134	143	0.83584
134	154	0.706995
134	156	1.24284
134	157	0.954783
134	164	0.835902
134	174	0.536327
134	175	1.05945
134	177	0.786237
134	178	1.00749
135	5	1.20462
135	9	0.635893
135	24	1.03313
135	28	1.15394
135	30	1.0417
135	40	1.1217
135	45	1.11313
135	49	0.699669
135	59	1.26059
135	71	1.12447
135	73	1.12447
135	89	1.156
135	104	1.11694
135	117	1.08924
135	118	1.18994
135	121	0.58857
135	122	1.17478
135	123	1.13929
135	125	0.593225
135	128	1.10183
135	129	1.0053
135	130	0.545335
135	131	1.13373
135	132	1.12118
135	133	1.12362
135	134	1.17746
135	136	1.15496
135	137	1.15497
135	143	0.84795
135	155	0.706267
135	156	1.18555
135	158	1.00002
135	166	0.810214
135	175	1.00216
136	5	1.23941
136	24	1.06791
136	28	1.18873
136	30	1.07649
136	40	1.15649
136	45	1.14791
136	59	1.29538
136	71	1.15926
136	73	1.15926
136	89	1.19079
136	93	0.614197
136	100	0.590496
136	104	1.15173
136	117	1.12403
136	118	1.22473
136	122	1.20957
136	123	1.17408
136	125	0.529164
136	128	1.13662
136	131	1.16852
136	132	1.15597
136	133	1.15841
136	134	1.21225
136	135	1.15496
136	137	1.18976
136	142	0.635868
136	156	1.22034
136	160	0.774311
136	163	0.709628
136	164	0.783951
136	168	1.24827
136	171	0.685361
136	172	0.786649
136	175	1.03695
136	176	0.908067
137	5	1.23941
137	24	1.06792
137	28	1.18873
137	30	1.07649
137	32	0.503332
137	40	1.15649
137	45	1.14792
137	59	1.29538
137	71	1.15926
137	73	1.15926
137	89	1.19079
137	104	1.15173
137	117	1.12403
137	118	1.22473
137	122	1.20957
137	123	1.17408
137	128	1.13662
137	129	0.996676
137	130	0.536715
137	131	1.16852
137	132	1.15597
137	133	1.15841
137	134	1.21226
137	135	1.15497
137	136	1.18976
137	140	0.851676
137	145	0.691185
137	146	0.73346
137	153	0.6949
137	156	1.22034
137	171	0.740802
137	173	0.95427
137	174	0.539816
137	175	1.03696
137	178	1.01098
138	14	1.22862
138	42	1.08543
138	43	1.09021
138	51	0.709975
138	57	0.781095
138	61	1.14358
138	69	1.0942
138	73	0.930576
138	82	1.06447
138	83	1.0644
138	85	1.17922
138	89	0.595974
138	98	0.738795
138	104	0.919834
138	106	0.837534
138	111	0.69677
138	120	1.14339
138	124	0.789448
138	127	1.06531
138	131	1.11306
138	144	1.05722
138	147	1.04309
