1	8	1.02135
1	10	0.912608
1	31	0.966719
1	36	0.974427
1	39	0.965623
1	54	0.94658
1	72	1.01964
1	129	0.926599
1	155	1.2953
1	156	0.987376
1	175	0.906045
1	179	2.24707
2	3	1.13355
2	13	1.01411
2	23	1.08991
2	26	1.08949
2	27	1.10311
2	29	1.10107
2	41	1.07826
2	44	1.07778
2	88	1.15481
2	95	0.941788
2	146	1.05645
2	157	1.49488
3	2	1.13355
3	13	1.01433
3	23	1.09013
3	26	1.08971
3	27	1.10333
3	29	1.10129
3	41	1.07848
3	44	1.078
3	66	0.916544
3	79	0.879094
3	95	0.942009
3	172	2.01613
4	48	0.971694
4	50	0.554684
4	52	0.965255
4	67	0.970343
4	73	3.2
4	76	1.02055
4	119	0.997558
4	144	0.956545
4	146	1.01862
4	149	0.885206
4	151	0.957409
4	173	0.852739
5	40	1.01516
5	67	0.981691
5	68	0.981748
5	84	1.03499
5	100	0.929626
5	104	0.990369
5	134	0.894009
5	135	0.96763
5	149	0.896554
5	151	0.968757
5	173	0.864087
5	180	2.58042
6	100	0.93247
6	108	0.967654
6	116	0.995147
6	118	1.00613
6	119	1.01175
6	132	0.962942
6	135	0.970474
6	138	1.64761
6	149	0.899398
6	151	0.971601
6	162	1.77122
6	173	0.866931
7	9	1.13684
7	16	1.00588
7	20	1.09148
7	22	1.0923
7	28	0.98994
7	45	1.06161
7	46	1.07538
7	51	1.0493
7	64	1.12238
7	87	0.911179
7	150	1.34191
7	169	1.56499
8	1	1.02135
8	24	1.00674
8	31	1.08956
8	38	0.762395
8	39	1.08846
8	54	1.06942
8	72	1.14248
8	90	0.811736
8	129	1.04944
8	156	1.11021
8	168	2.17275
8	175	1.02888
9	7	1.13684
9	16	1.0178
9	25	1.00525
9	28	1.00186
9	45	1.07353
9	46	1.0873
9	51	1.06122
9	64	1.1343
9	121	0.953338
9	137	1.07772
9	152	1.56047
9	171	1.38836
10	1	0.912608
10	24	0.897994
10	31	0.980812
10	36	0.98852
10	39	0.979715
10	54	0.960673
10	72	1.03374
10	129	0.940691
10	156	1.00147
10	166	1.37097
10	175	0.920138
10	180	2.10677
11	16	1.02189
11	20	1.1075
11	22	1.10832
11	25	1.00934
11	28	1.00595
11	45	1.07763
11	51	1.06531
11	64	1.1384
11	82	1.02598
11	101	1.25895
11	136	1.36688
11	137	1.08181
12	32	1.07832
12	37	0.992244
12	43	1.09789
12	48	1.06494
12	52	1.0585
12	55	1.06266
12	76	1.11379
12	136	0.45058
12	144	1.04979
12	146	1.11186
12	171	1.11834
12	178	2.23871
13	2	1.01411
13	3	1.01433
13	23	0.970694
13	26	0.97027
13	27	0.983887
13	29	0.981847
13	41	0.959039
13	44	0.958562
13	60	0.956209
13	95	0.822569
13	152	1.69647
13	162	1.73469
14	81	1.03908
14	94	1.07392
14	123	1.01265
14	124	1.06905
14	125	1.06375
14	140	1.05358
14	141	1.09707
14	143	1.04152
14	145	1.07879
14	148	1.07375
14	152	1.36262
14	158	1.52123
15	69	0.954495
15	82	0.700247
15	106	0.953468
15	125	0.959474
15	127	0.955614
15	131	0.994317
15	139	0.966198
15	140	0.949307
15	142	0.953994
15	143	0.937248
15	148	0.969481
15	174	2.60615
16	7	1.00588
16	9	1.0178
16	11	1.02189
16	20	0.97244
16	25	0.874284
16	28	0.870896
16	46	0.956338
16	51	0.930256
16	64	1.00334
16	134	1.78193
16	137	0.946752
16	157	1.58016
17	60	0.982734
17	65	0.970054
17	77	1.02746
17	98	0.983024
17	108	0.952121
17	113	0.991411
17	132	0.947409
17	135	0.954941
17	144	1.66262
17	151	0.956068
17	167	1.66304
17	173	0.851398
18	22	0.732094
18	71	0.845383
18	154	0.845103
18	159	0.970952
18	161	0.847617
18	169	0.906586
18	171	0.916499
18	174	0.845504
18	175	0.89022
18	176	0.835535
18	178	0.830858
18	179	0.82457
18	180	0.818719
19	70	1.02896
19	86	1.29744
19	94	1.04717
19	106	1.03099
19	120	1.21701
19	124	1.0423
19	131	1.07184
19	137	1.0491
19	140	1.02683
19	142	1.03152
19	143	1.01477
19	145	1.05204
19	179	1.84582
20	7	1.09148
20	11	1.1075
20	16	0.97244
20	22	1.05887
20	25	0.959892
20	45	1.02817
20	46	1.04195
20	51	1.01586
20	64	1.08895
20	79	1.11658
20	136	1.07809
20	137	1.03236
20	167	1.65315
21	71	0.937563
21	84	1.22631
21	107	0.977927
21	122	1.03545
21	135	0.542416
21	164	0.933641
21	165	1.01198
21	174	0.937683
21	176	0.927715
21	177	0.877567
21	178	0.923037
21	179	0.91675
21	180	0.910898
22	7	1.0923
22	11	1.10832
22	18	0.732094
22	20	1.05887
22	25	0.960709
22	28	0.957321
22	45	1.02899
22	46	1.04276
22	51	1.01668
22	64	1.08977
22	137	1.03318
22	150	1.05565
22	177	4.64038
23	2	1.08991
23	3	1.09013
23	13	0.970694
23	26	1.04607
23	27	1.05969
23	29	1.05765
23	41	1.03484
23	44	1.03437
23	60	1.03201
23	68	1.01834
23	133	0.946029
23	144	1.05538
23	174	2.04573
24	8	1.00674
24	10	0.897994
24	31	0.952106
24	36	0.959814
24	39	0.951009
24	47	0.930088
24	54	0.931967
24	72	1.00503
24	80	1.58852
24	129	0.911985
24	147	1.83899
24	156	0.972762
24	175	0.891432
25	9	1.00525
25	11	1.00934
25	16	0.874284
25	20	0.959892
25	22	0.960709
25	28	0.858348
25	45	0.930019
25	46	0.943789
25	51	0.917708
25	64	0.990791
25	120	1.40763
25	137	0.934204
25	170	2.40625
26	2	1.08949
26	3	1.08971
26	13	0.97027
26	23	1.04607
26	27	1.05927
26	29	1.05723
26	41	1.03442
26	44	1.03394
26	60	1.03159
26	68	1.01791
26	87	1.46866
26	114	1.13839
26	130	1.1634
27	2	1.10311
27	3	1.10333
27	13	0.983887
27	23	1.05969
27	26	1.05927
27	29	1.07084
27	41	1.04803
27	44	1.04756
27	68	1.03153
27	82	1.05544
27	95	0.911565
27	136	1.39635
27	146	1.36968
28	7	0.98994
28	9	1.00186
28	11	1.00595
28	16	0.870896
28	22	0.957321
28	25	0.858348
28	45	0.926631
28	46	0.940401
28	51	0.91432
28	64	0.987403
28	83	1.10215
28	137	0.930816
28	172	2.47509
29	2	1.10107
29	3	1.10129
29	13	0.981847
29	23	1.05765
29	26	1.05723
29	27	1.07084
29	41	1.04599
29	44	1.04552
29	60	1.04316
29	93	0.839854
29	95	0.909524
29	134	1.58249
29	167	1.54401
30	92	1.06436
30	94	1.05429
30	106	1.03811
30	114	0.727293
30	125	1.04411
30	126	1.88541
30	140	1.03395
30	142	1.03863
30	143	1.02189
30	145	1.05916
30	148	1.05412
30	153	0.987254
30	170	2.27691
31	1	0.966719
31	8	1.08956
31	10	0.980812
31	24	0.952106
31	36	1.04263
31	39	1.03383
31	54	1.01478
31	72	1.08785
31	129	0.994803
31	136	0.717937
31	156	1.05558
31	172	1.48239
31	175	0.97425
31	179	2.42977
32	12	1.07832
32	35	1.07842
32	37	0.933453
32	43	1.0391
32	48	1.00615
32	52	0.999707
32	55	1.00387
32	76	1.055
32	79	1.00956
32	136	0.590165
32	144	0.990997
32	146	1.05307
32	162	1.46826
32	166	2.15432
33	43	1.2829
33	57	0.105361
33	99	1.02672
33	122	0.99251
33	134	0.960999
33	159	1.02019
33	160	0.925493
33	165	0.969035
33	166	0.891203
33	167	0.941401
33	177	0.834626
33	178	0.880096
33	179	0.873808
33	180	0.867957
34	81	0.989205
34	85	1.03174
34	87	1.22016
34	122	1.4391
34	123	1.52834
34	124	1.01917
34	127	1.01001
34	137	1.02597
34	140	1.0037
34	141	1.04719
34	142	1.00839
34	143	0.991642
34	145	1.02891
34	148	1.02388
35	32	1.07842
35	37	0.992347
35	43	1.09799
35	48	1.06504
35	52	1.0586
35	55	1.06277
35	76	1.11389
35	144	1.04989
35	146	1.11197
35	153	1.38678
35	172	0.856661
35	179	1.80404
36	1	0.974427
36	10	0.98852
36	24	0.959814
36	31	1.04263
36	39	1.04153
36	47	1.02061
36	54	1.02249
36	72	1.09555
36	111	0.941904
36	129	1.00251
36	156	1.06329
36	165	1.54499
36	167	1.64964
36	175	0.981957
37	12	0.992244
37	32	0.933453
37	35	0.992347
37	43	0.953026
37	48	0.920072
37	52	0.913634
37	55	0.9178
37	63	0.860229
37	76	0.968928
37	79	0.923492
37	122	2.01283
37	144	0.904924
37	146	0.966999
37	177	4.87868
38	8	0.762395
38	70	0.446937
38	83	1.15169
38	91	1.11291
38	117	1.04791
38	126	1.00326
38	134	1.02549
38	136	1.1167
38	139	0.617845
38	162	1.00061
38	172	0.968227
38	177	0.899114
38	179	0.938297
38	180	0.932445
39	1	0.965623
39	8	1.08846
39	10	0.979715
39	24	0.951009
39	31	1.03383
39	36	1.04153
39	54	1.01369
39	72	1.08675
39	122	0.870292
39	129	0.993706
39	156	1.05448
39	157	0.881402
39	163	2.58444
39	175	0.973153
40	5	1.01516
40	61	1.02606
40	65	1.02459
40	77	1.08199
40	98	1.03756
40	104	1.03221
40	108	1.00665
40	110	1.06698
40	115	1.03658
40	117	0.774396
40	151	1.0106
40	160	1.53615
40	173	0.90593
40	178	2.01005
41	2	1.07826
41	3	1.07848
41	13	0.959039
41	23	1.03484
41	26	1.03442
41	27	1.04803
41	29	1.04599
41	42	0.606878
41	44	1.02271
41	60	1.02036
41	68	1.00668
41	95	0.886716
41	130	0.7456
41	173	3.60082
42	41	0.606878
42	92	0.385184
42	117	1.08225
42	145	0.914667
42	159	1.11902
42	160	1.02432
42	165	1.06787
42	167	1.04023
42	172	1.00257
42	174	0.993572
42	177	0.933456
42	178	0.978926
42	179	0.972639
42	180	0.966787
43	12	1.09789
43	32	1.0391
43	33	1.2829
43	35	1.09799
43	37	0.953026
43	48	1.02572
43	52	1.01928
43	55	1.02345
43	76	1.07457
43	144	1.01057
43	146	1.07264
43	172	1.59474
43	177	4.88094
44	2	1.07778
44	3	1.078
44	13	0.958562
44	23	1.03437
44	26	1.03394
44	27	1.04756
44	29	1.04552
44	41	1.02271
44	60	1.01988
44	68	1.00621
44	95	0.88624
44	158	0.625333
44	173	2.95401
44	175	0.973861
45	7	1.06161
45	9	1.07353
45	11	1.07763
45	20	1.02817
45	22	1.02899
45	25	0.930019
45	28	0.926631
45	46	1.01207
45	51	0.985991
45	64	1.05907
45	107	1.99152
45	137	1.00249
45	168	1.42105
45	169	0.984392
46	7	1.07538
46	9	1.0873
46	16	0.956338
46	20	1.04195
46	22	1.04276
46	25	0.943789
46	28	0.940401
46	45	1.01207
46	51	0.999761
46	64	1.07285
46	83	0.603482
46	137	1.01626
46	161	2.16344
46	167	1.37594
47	24	0.930088
47	36	1.02061
47	54	0.992767
47	72	1.06583
47	81	0.962017
47	89	1.09456
47	111	0.787986
47	112	1.02246
47	131	1.02152
47	139	0.993404
47	141	1.02
47	143	0.964454
47	156	1.03356
47	161	2.28322
47	175	0.952232
48	4	0.971694
48	12	1.06494
48	32	1.00615
48	35	1.06504
48	37	0.920072
48	43	1.02572
48	52	0.986326
48	55	0.990492
48	58	0.708098
48	63	0.932921
48	76	1.04162
48	93	0.943409
48	144	0.977616
48	146	1.03969
48	166	2.63666
49	110	0.705837
49	115	0.61436
49	134	1.03051
49	137	0.205546
49	152	1.01358
49	155	0.998689
49	157	1.05365
49	159	1.08971
49	162	1.00564
49	165	1.03855
49	167	1.01092
49	176	0.954289
49	177	0.904141
49	179	0.943324
49	180	0.937472
50	4	0.554684
50	59	1.03451
50	103	0.481296
50	110	0.980369
50	155	1.02004
50	160	1.01636
50	164	0.981567
50	166	0.982071
50	167	1.03227
50	168	0.982463
50	171	1.0566
50	174	0.985609
50	176	0.97564
50	179	0.964676
50	180	0.958824
51	7	1.0493
51	9	1.06122
51	11	1.06531
51	16	0.930256
51	20	1.01586
51	22	1.01668
51	25	0.917708
51	28	0.91432
51	45	0.985991
51	46	0.999761
51	64	1.04676
51	133	0.530955
51	137	0.990176
51	174	1.63065
51	176	2.47582
52	4	0.965255
52	12	1.0585
52	32	0.999707
52	35	1.0586
52	37	0.913634
52	43	1.01928
52	48	0.986326
52	55	0.984054
52	76	1.03518
52	79	0.989745
52	99	0.998852
52	128	1.29739
52	144	0.971178
52	146	1.03325
52	168	2.0997
53	102	0.805715
53	126	0.890419
53	138	0.899013
53	148	2.56121
53	150	0.940939
53	153	0.868692
53	160	0.877139
53	161	0.848502
53	168	0.843243
53	169	0.907471
53	172	0.855385
53	177	0.786272
53	178	0.831742
53	179	0.825455
53	180	0.819603
54	1	0.94658
54	8	1.06942
54	10	0.960673
54	24	0.931967
54	31	1.01478
54	36	1.02249
54	39	1.01369
54	47	0.992767
54	72	1.06771
54	85	1.297
54	129	0.974664
54	156	1.03544
54	159	1.3896
54	171	1.80287
54	175	0.95411
55	12	1.06266
55	32	1.00387
55	35	1.06277
55	37	0.9178
55	43	1.02345
55	48	0.990492
55	52	0.984054
55	63	0.930649
55	76	1.03935
55	79	0.993912
55	91	0.722613
55	105	2.05315
55	144	0.975344
55	146	1.03742
55	171	1.5333
56	62	1.08595
56	65	1.00826
56	108	0.990323
56	110	1.05065
56	113	1.02961
56	116	1.01782
56	118	1.0288
56	132	0.985611
56	135	0.993143
56	144	1.43895
56	149	0.922067
56	151	0.99427
56	162	1.74239
56	165	1.33473
56	173	0.8896
57	33	0.105361
57	70	0.994105
57	74	0.999481
57	78	0.981407
57	81	0.977482
57	95	3.8
57	124	1.00745
57	139	1.00887
57	140	0.991978
57	141	1.03547
57	142	0.996665
57	143	0.979919
57	145	1.01719
57	148	1.01215
57	176	0.766985
58	48	0.708098
58	65	0.465905
58	67	0.99684
58	147	1.09362
58	155	1.01865
58	159	1.10967
58	164	0.980176
58	167	1.03088
58	170	0.964223
58	172	0.993215
58	176	0.97425
58	177	0.924102
58	178	0.969573
58	179	0.963285
58	180	0.957433
59	50	1.03451
59	77	1.12712
59	87	0.993051
59	93	1.05678
59	96	0.268719
59	105	0.899677
59	133	0.983158
59	157	0.962432
59	158	0.935579
59	170	0.853048
59	173	0.838399
59	176	0.863074
59	178	0.858397
59	179	0.85211
59	180	0.846258
60	13	0.956209
60	17	0.982734
60	23	1.03201
60	26	1.03159
60	29	1.04316
60	41	1.02036
60	44	1.01988
60	67	1.0038
60	100	0.95173
60	108	0.986914
60	132	0.982202
60	151	0.990862
60	162	1.42048
60	169	1.37793
60	172	1.71792
61	40	1.02606
61	65	0.993642
61	67	0.99259
61	96	1.01434
61	98	1.00661
61	99	0.874936
61	114	1.03591
61	115	1.00563
61	118	1.01418
61	132	0.970997
61	135	0.978529
61	146	0.676916
61	149	0.907454
61	151	0.979657
61	154	3.13869
61	173	0.874986
62	56	1.08595
62	65	1.06986
62	67	1.06881
62	96	1.09056
62	101	0.717949
62	104	1.07749
62	113	1.09122
62	115	1.08185
62	116	1.07942
62	119	1.09603
62	135	1.05475
62	151	1.05588
62	156	1.20978
62	159	1.08036
62	160	2.14011
62	173	0.951207
63	37	0.860229
63	48	0.932921
63	55	0.930649
63	76	0.981776
63	90	1.06216
63	129	1.30404
63	144	0.917772
63	146	0.979847
63	148	0.966822
63	154	0.84821
63	157	0.937999
63	158	0.911146
63	170	0.828615
63	171	0.919605
63	174	0.84861
63	180	0.821825
64	7	1.12238
64	9	1.1343
64	11	1.1384
64	16	1.00334
64	20	1.08895
64	22	1.08977
64	25	0.990791
64	28	0.987403
64	45	1.05907
64	46	1.07285
64	51	1.04676
64	126	1.1072
64	137	1.06326
64	154	1.4411
64	171	0.727959
64	173	2.33315
65	17	0.970054
65	40	1.02459
65	56	1.00826
65	58	0.465905
65	61	0.993642
65	62	1.06986
65	67	0.991115
65	98	1.00514
65	104	0.999793
65	116	1.00173
65	123	1.32021
65	135	0.977054
65	149	0.905978
65	151	0.978181
65	173	0.87351
65	174	2.39531
66	3	0.916544
66	83	1.14003
66	99	1.07955
66	128	1.02713
66	140	0.957471
66	143	0.260814
66	160	0.978319
66	163	0.943255
66	166	0.94403
66	169	1.00865
66	172	0.956565
66	175	0.992285
66	176	0.937599
66	178	0.932922
66	179	0.926635
66	180	0.920783
67	4	0.970343
67	5	0.981691
67	58	0.99684
67	60	1.0038
67	61	0.99259
67	62	1.06881
67	65	0.991115
67	90	1.27243
67	96	1.01182
67	100	0.937998
67	116	1.00067
67	117	1.91373
67	118	1.01166
67	135	0.976002
67	151	0.977129
67	173	0.872459
68	5	0.981748
68	23	1.01834
68	26	1.01791
68	27	1.03153
68	41	1.00668
68	44	1.00621
68	95	0.870212
68	97	1.68296
68	98	1.00414
68	107	1.80848
68	113	1.01253
68	119	1.01733
68	135	0.976059
68	151	0.977186
68	153	1.67147
68	173	0.872516
69	15	0.954495
69	81	0.952829
69	92	0.997741
69	94	0.987664
69	97	1.91704
69	112	1.01328
69	124	0.982796
69	125	0.977492
69	131	1.01234
69	141	1.01081
69	142	0.972012
69	143	0.955266
69	145	0.992535
69	148	0.9875
69	156	0.583797
69	176	2.61006
70	19	1.02896
70	38	0.446937
70	57	0.994105
70	78	0.953693
70	103	0.989182
70	106	0.968425
70	121	0.817834
70	127	0.970572
70	131	1.00927
70	139	0.981156
70	140	0.964265
70	141	1.00775
70	143	0.952205
70	145	0.989474
70	148	0.984439
70	154	3.02021
71	18	0.845383
71	21	0.937563
71	96	2.41598
71	128	0.903579
71	134	0.890279
71	147	0.933428
71	160	0.854773
71	169	0.885104
71	170	0.804027
71	171	0.895017
71	172	0.833018
71	174	0.824022
71	176	0.814053
71	177	0.763905
71	179	0.803088
71	180	0.797237
72	1	1.01964
72	8	1.14248
72	10	1.03374
72	24	1.00503
72	31	1.08785
72	36	1.09555
72	39	1.08675
72	47	1.06583
72	54	1.06771
72	117	1.3664
72	129	1.04773
72	146	0.787258
72	155	1.98507
72	156	1.1085
72	159	1.06841
72	175	1.02717
73	4	3.2
73	75	0.893028
73	82	1.01207
73	105	0.845732
73	150	0.913649
73	158	0.881634
73	163	0.814785
73	167	0.865756
73	169	0.88018
73	171	0.890093
73	174	0.819098
73	176	0.809129
73	177	0.758981
73	178	0.804452
73	179	0.798164
73	180	0.792313
74	57	0.999481
74	92	1.00006
74	125	0.979807
74	127	0.975948
74	130	1.06959
74	131	1.01465
74	139	0.986531
74	140	0.96964
74	141	1.01313
74	142	0.974327
74	143	0.957581
74	145	0.99485
74	146	1.16645
74	148	0.989814
74	153	0.922946
74	155	2.36426
75	73	0.893028
75	79	0.985804
75	92	1.81024
75	118	0.233561
75	128	0.977631
75	165	0.972366
75	168	0.894928
75	169	0.959156
75	172	0.90707
75	174	0.898073
75	175	0.94279
75	176	0.888104
75	177	0.837957
75	178	0.883427
75	179	0.87714
75	180	0.871288
76	4	1.02055
76	12	1.11379
76	32	1.055
76	35	1.11389
76	37	0.968928
76	43	1.07457
76	48	1.04162
76	52	1.03518
76	55	1.03935
76	63	0.981776
76	79	1.04504
76	82	0.618337
76	105	2.14685
76	130	0.83571
76	133	1.42454
76	144	1.02647
76	146	1.08855
77	17	1.02746
77	40	1.08199
77	59	1.12712
77	84	1.10181
77	100	0.996451
77	110	1.09196
77	113	1.07092
77	116	1.05913
77	118	1.07011
77	122	0.677779
77	129	1.03083
77	132	1.02692
77	135	1.03446
77	149	0.963379
77	151	1.03558
77	163	1.3251
77	164	2.06676
78	57	0.981407
78	70	0.953693
78	103	0.976484
78	112	0.997516
78	114	0.932042
78	125	0.961733
78	127	0.957874
78	131	0.996576
78	139	0.968457
78	140	0.951566
78	141	0.995056
78	142	0.956253
78	143	0.939507
78	145	0.976776
78	148	0.97174
78	156	1.46448
78	168	2.35278
79	3	0.879094
79	20	1.11658
79	32	1.00956
79	37	0.923492
79	52	0.989745
79	55	0.993912
79	75	0.985804
79	76	1.04504
79	86	0.950829
79	132	0.905604
79	144	0.981035
79	146	1.04311
79	147	1.02128
79	152	0.961196
79	174	0.911873
79	178	0.897227
79	180	0.885088
80	24	1.58852
80	126	0.992487
80	130	1.10368
80	140	0.755791
80	148	0.187024
80	157	1.03784
80	163	0.944143
80	164	0.944413
80	165	1.02275
80	167	0.995114
80	168	0.94531
80	169	1.00954
80	173	0.913812
80	177	0.888339
80	178	0.93381
80	179	0.927522
80	180	0.921671
81	14	1.03908
81	34	0.989205
81	47	0.962017
81	57	0.977482
81	69	0.952829
81	90	0.672243
81	103	0.972559
81	127	0.953949
81	131	0.992651
81	139	0.964533
81	141	0.991131
81	142	0.952328
81	145	0.972851
81	148	0.967816
81	150	1.37352
81	153	0.900947
81	179	2.88397
82	11	1.02598
82	15	0.700247
82	27	1.05544
82	73	1.01207
82	76	0.618337
82	91	1.17079
82	102	0.976438
82	114	1.14339
82	123	1.10631
82	157	1.1065
82	165	1.0914
82	166	1.01357
82	172	1.02611
82	177	0.956995
82	178	1.00247
82	179	0.996178
82	180	0.990326
83	28	1.10215
83	38	1.15169
83	46	0.603482
83	66	1.14003
83	86	1.05556
83	104	0.306499
83	127	0.300174
83	138	1.06923
83	157	1.10599
83	158	1.07914
83	160	1.04735
83	170	0.996606
83	176	1.00663
83	177	0.956485
83	178	1.00196
83	179	0.995668
83	180	0.989816
84	5	1.03499
84	21	1.22631
84	77	1.10181
84	91	1.06027
84	96	1.06511
84	98	1.05738
84	110	1.08681
84	111	1.07053
84	113	1.06577
84	115	1.0564
84	116	1.05397
84	118	1.06495
84	129	1.02567
84	132	1.02177
84	147	1.32794
84	151	1.03043
84	173	0.925755
85	34	1.03174
85	54	1.297
85	92	1.0206
85	124	1.00565
85	127	0.996489
85	135	0.681193
85	139	1.00707
85	140	0.990181
85	148	1.01036
85	149	0.919007
85	151	0.545867
85	157	1.01057
85	161	0.923297
85	170	0.901189
85	177	0.861067
85	178	0.906538
85	179	0.90025
85	180	0.894399
86	19	1.29744
86	79	0.950829
86	83	1.05556
86	137	1.78664
86	144	0.932261
86	152	0.912422
86	155	0.89753
86	158	0.925634
86	161	0.865212
86	163	0.858785
86	165	0.937391
86	166	0.85956
86	168	0.859953
86	170	0.843103
86	171	0.934094
86	176	0.85313
86	178	0.848452
86	180	0.836313
87	7	0.911179
87	26	1.46866
87	34	1.22016
87	59	0.993051
87	150	1.0387
87	152	0.993474
87	161	0.946264
87	167	0.990809
87	168	0.941005
87	169	1.00523
87	170	0.924155
87	172	0.953147
87	174	0.944151
87	175	0.988867
87	177	0.884034
87	178	0.929505
87	179	0.923217
87	180	0.917366
88	2	1.15481
88	98	0.71488
88	110	0.784097
88	134	1.01057
88	159	1.06976
88	160	0.975061
88	163	0.939996
88	167	0.990968
88	169	1.00539
88	170	0.924314
88	172	0.953306
88	173	0.909666
88	174	0.944309
88	175	0.989026
88	177	0.884193
88	178	0.929664
88	179	0.923376
88	180	0.917524
89	47	1.09456
89	110	0.886302
89	117	1.02648
89	128	1.01736
89	141	0.728153
89	147	1.04721
89	154	0.937407
89	161	0.939921
89	162	0.979188
89	166	0.934268
89	168	0.934661
89	169	0.998889
89	171	1.0088
89	176	0.927838
89	177	0.87769
89	178	0.923161
89	179	0.916873
89	180	0.911022
90	8	0.811736
90	63	1.06216
90	67	1.27243
90	81	0.672243
90	102	0.997016
90	113	0.28319
90	155	1.07212
90	163	1.03338
90	164	1.03365
90	166	1.03415
90	168	1.03454
90	170	1.01769
90	172	1.04669
90	173	1.00305
90	174	1.03769
90	177	0.977573
90	179	1.01676
90	180	1.0109
91	38	1.11291
91	55	0.722613
91	82	1.17079
91	84	1.06027
91	106	0.538334
91	116	0.496988
91	123	1.06702
91	158	1.04036
91	161	0.979937
91	165	1.05212
91	166	0.974285
91	167	1.02448
91	169	1.03891
91	170	0.957828
91	176	0.967854
91	177	0.917707
91	178	0.963177
91	179	0.95689
91	180	0.951038
92	30	1.06436
92	42	0.385184
92	69	0.997741
92	74	1.00006
92	75	1.81024
92	85	1.0206
92	103	1.01747
92	112	1.0385
92	125	1.00272
92	127	0.99886
92	139	1.00944
92	140	0.992553
92	141	1.03604
92	142	0.99724
92	143	0.980493
92	145	1.01776
92	148	1.01273
92	156	0.83884
92	160	1.76918
93	29	0.839854
93	48	0.943409
93	59	1.05678
93	116	0.510823
93	119	0.51981
93	152	1.0572
93	161	1.00999
93	162	1.04926
93	163	1.00357
93	168	1.00473
93	169	1.06896
93	170	0.987885
93	172	1.01688
93	174	1.00788
93	176	0.997912
93	177	0.947764
93	178	0.993235
93	179	0.986947
93	180	0.981095
94	14	1.07392
94	19	1.04717
94	30	1.05429
94	69	0.987664
94	106	0.986637
94	112	1.02843
94	124	0.997947
94	131	1.02749
94	139	0.999368
94	140	0.982476
94	141	1.02597
94	142	0.987163
94	143	0.970417
94	145	1.00769
94	148	1.00265
94	150	1.07591
94	159	0.717938
94	169	1.299
94	180	2.76341
95	2	0.941788
95	3	0.942009
95	13	0.822569
95	27	0.911565
95	29	0.909524
95	41	0.886716
95	44	0.88624
95	57	3.8
95	68	0.870212
95	120	0.850682
95	152	0.836518
95	160	0.817945
95	167	0.833853
95	170	0.767199
95	171	0.85819
95	173	0.75255
95	178	0.772548
95	179	0.766261
95	180	0.760409
96	59	0.268719
96	61	1.01434
96	62	1.09056
96	67	1.01182
96	71	2.41598
96	84	1.06511
96	100	0.959749
96	104	1.02049
96	108	0.994933
96	109	0.851384
96	113	1.03422
96	115	1.02486
96	116	1.02243
96	118	1.03341
96	119	1.03903
96	132	0.990222
96	151	0.998881
96	164	2.00723
96	173	0.894211
97	68	1.68296
97	69	1.91704
97	105	0.89791
97	126	0.915307
97	133	0.981391
97	152	0.920599
97	158	0.933812
97	159	0.996725
97	162	0.912657
97	164	0.867234
97	171	0.942271
97	174	0.871276
97	175	0.915992
97	176	0.861307
97	177	0.811159
97	178	0.85663
97	179	0.850342
97	180	0.844491
98	17	0.983024
98	40	1.03756
98	61	1.00661
98	65	1.00514
98	68	1.00414
98	84	1.05738
98	88	0.71488
98	99	0.814534
98	100	0.952019
98	104	1.01276
98	110	1.04753
98	115	1.01713
98	119	1.0313
98	129	0.986395
98	132	0.982492
98	135	0.990024
98	151	0.991151
98	157	1.05495
98	173	0.886481
98	180	2.94314
99	33	1.02672
99	52	0.998852
99	61	0.874936
99	66	1.07955
99	98	0.814534
99	101	1.09513
99	111	1.12372
99	129	0.821334
99	154	0.955724
99	157	1.04551
99	160	0.986875
99	161	0.958238
99	165	1.03042
99	170	0.936129
99	171	1.02712
99	172	0.965121
99	176	0.946155
99	178	0.941478
99	179	0.93519
99	180	0.929339
100	5	0.929626
100	6	0.93247
100	60	0.95173
100	67	0.937998
100	77	0.996451
100	96	0.959749
100	98	0.952019
100	110	0.981446
100	115	0.95104
100	116	0.948609
100	118	0.959589
100	119	0.965212
100	126	2.40738
100	129	0.920307
100	132	0.916405
100	135	0.923937
100	151	0.925064
100	165	0.776596
100	173	0.820393
100	180	2.60613
101	11	1.25895
101	62	0.717949
101	99	1.09513
101	113	0.264082
101	136	1.12062
101	138	1.01577
101	142	0.735854
101	156	1.0892
101	158	1.02568
101	161	0.965263
101	162	1.00453
101	166	0.95961
101	167	1.00981
101	168	0.960003
101	171	1.03414
101	174	0.963149
101	177	0.903032
101	178	0.948503
101	179	0.942215
101	180	0.936364
102	53	0.805715
102	82	0.976438
102	90	0.997016
102	117	0.872145
102	118	3.13784
102	123	0.872667
102	150	0.878021
102	156	0.909516
102	157	0.872858
102	159	0.908918
102	162	0.82485
102	164	0.779427
102	166	0.779931
102	169	0.844552
102	174	0.783469
102	175	0.828186
102	177	0.723353
102	179	0.762536
102	180	0.756684
103	50	0.481296
103	70	0.989182
103	78	0.976484
103	81	0.972559
103	92	1.01747
103	106	0.991216
103	109	1.28699
103	112	1.03301
103	124	1.00253
103	125	0.997222
103	127	0.993363
103	139	1.00395
103	140	0.987055
103	141	1.03054
103	142	0.991742
103	143	0.974996
103	145	1.01226
103	148	1.00723
103	149	2.0388
103	160	1.52756
104	5	0.990369
104	40	1.03221
104	62	1.07749
104	65	0.999793
104	83	0.306499
104	96	1.02049
104	98	1.01276
104	108	0.98186
104	110	1.04219
104	113	1.02115
104	115	1.01178
104	116	1.00935
104	119	1.02596
104	132	0.977148
104	138	1.25837
104	149	0.913604
104	151	0.985807
104	171	1.17165
104	173	0.881137
104	176	2.91406
105	55	2.05315
105	59	0.899677
105	73	0.845732
105	76	2.14685
105	97	0.89791
105	120	0.914264
105	123	0.939974
105	130	1.006
105	147	0.960183
105	165	0.92507
105	167	0.897435
105	168	0.847631
105	169	0.911859
105	170	0.830781
105	171	0.921772
105	172	0.859773
105	174	0.850776
105	177	0.79066
105	178	0.836131
105	179	0.829843
105	180	0.823991
106	15	0.953468
106	19	1.03099
106	30	1.03811
106	70	0.968425
106	91	0.538334
106	94	0.986637
106	103	0.991216
106	111	0.548596
106	120	2.17536
106	124	0.981768
106	125	0.976465
106	127	0.972605
106	131	1.01131
106	139	0.983189
106	140	0.966298
106	141	1.00979
106	142	0.970985
106	143	0.954239
106	145	0.991508
106	148	0.986472
106	178	2.4694
107	21	0.977927
107	45	1.99152
107	68	1.80848
107	121	0.982834
107	136	1.02186
107	154	0.863986
107	158	0.926922
107	161	0.8665
107	162	0.905767
107	163	0.860073
107	164	0.860344
107	166	0.860848
107	169	0.925469
107	170	0.844391
107	171	0.935382
107	176	0.854417
107	177	0.80427
107	179	0.843453
107	180	0.837601
108	6	0.967654
108	17	0.952121
108	40	1.00665
108	56	0.990323
108	60	0.986914
108	96	0.994933
108	104	0.98186
108	110	1.01663
108	113	0.99559
108	115	0.986224
108	116	0.983793
108	118	0.994773
108	119	1.0004
108	128	1.21636
108	129	0.955491
108	132	0.951589
108	135	0.95912
108	149	0.888045
108	151	0.960248
108	152	1.58633
108	153	2.45211
108	165	1.21688
109	96	0.851384
109	103	1.28699
109	141	1.62792
109	147	1.01147
109	154	0.901661
109	155	0.936493
109	156	1.02811
109	159	1.02751
109	161	0.904175
109	163	0.897748
109	164	0.898019
109	165	0.976355
109	168	0.898916
109	169	0.963144
109	171	0.973057
109	172	0.911058
109	175	0.946778
109	177	0.841945
109	178	0.887416
109	179	0.881128
109	180	0.875277
110	40	1.06698
110	49	0.705837
110	50	0.980369
110	56	1.05065
110	77	1.09196
110	84	1.08681
110	88	0.784097
110	89	0.886302
110	98	1.04753
110	100	0.981446
110	104	1.04219
110	108	1.01663
110	113	1.05592
110	115	1.04655
110	116	1.04412
110	118	1.0551
110	129	1.01582
110	132	1.01192
110	135	1.01945
110	151	1.02058
110	169	1.54794
110	173	0.915907
111	36	0.941904
111	47	0.787986
111	84	1.07053
111	99	1.12372
111	106	0.548596
111	114	1.11802
111	121	1.11019
111	122	1.08951
111	145	0.851754
111	162	1.03312
111	166	0.988204
111	167	1.0384
111	168	0.988597
111	169	1.05283
111	170	0.971747
111	172	1.00074
111	174	0.991743
111	175	1.03646
111	176	0.981774
111	177	0.931626
111	178	0.977097
111	179	0.970809
111	180	0.964958
112	47	1.02246
112	69	1.01328
112	78	0.997516
112	92	1.0385
112	94	1.02843
112	103	1.03301
112	124	1.02356
112	127	1.01439
112	130	0.68863
112	131	1.0531
112	137	1.03035
112	139	1.02498
112	140	1.00809
112	141	1.05158
112	142	1.01277
112	143	0.996028
112	145	1.0333
112	146	0.785495
112	148	1.02826
112	153	0.961393
112	158	1.81065
112	165	1.28258
112	166	2.37632
113	17	0.991411
113	56	1.02961
113	62	1.09122
113	68	1.01253
113	77	1.07092
113	84	1.06577
113	90	0.28319
113	96	1.03422
113	101	0.264082
113	104	1.02115
113	108	0.99559
113	110	1.05592
113	115	1.02551
113	116	1.02308
113	118	1.03406
113	119	1.03969
113	132	0.990879
113	135	0.998411
113	151	0.999538
113	158	1.3705
113	173	0.894867
113	175	1.71903
113	180	2.67196
114	26	1.13839
114	30	0.727293
114	61	1.03591
114	78	0.932042
114	82	1.14339
114	111	1.11802
114	115	1.04643
114	116	1.04399
114	118	1.05497
114	119	1.0606
114	132	1.01179
114	140	0.732983
114	141	0.405708
114	149	0.948246
114	151	1.02045
114	160	0.981174
114	165	1.02472
114	167	0.997081
114	168	0.947277
114	173	0.915779
114	174	0.950423
114	175	0.995139
114	178	0.935777
114	180	0.923638
115	40	1.03658
115	49	0.61436
115	61	1.00563
115	62	1.08185
115	84	1.0564
115	96	1.02486
115	98	1.01713
115	100	0.95104
115	104	1.01178
115	108	0.986224
115	110	1.04655
115	113	1.02551
115	114	1.04643
115	118	1.0247
115	119	1.03032
115	129	0.985415
115	132	0.981513
115	135	0.989045
115	151	0.990172
115	156	1.00482
115	163	2.73573
115	167	1.19598
115	171	1.28868
115	173	0.885501
116	6	0.995147
116	56	1.01782
116	62	1.07942
116	65	1.00173
116	67	1.00067
116	77	1.05913
116	84	1.05397
116	91	0.496988
116	93	0.510823
116	96	1.02243
116	100	0.948609
116	104	1.00935
116	108	0.983793
116	110	1.04412
116	113	1.02308
116	114	1.04399
116	118	1.02227
116	119	1.02789
116	128	1.10981
116	132	0.979082
116	151	0.987741
116	163	2.75473
116	169	1.47546
116	173	0.88307
117	38	1.04791
117	40	0.774396
117	42	1.08225
117	67	1.91373
117	72	1.3664
117	89	1.02648
117	102	0.872145
117	118	0.0833154
117	126	0.956849
117	136	1.07029
117	138	0.965442
117	146	1.04405
117	158	0.975354
117	162	0.954198
117	167	0.959476
117	169	0.9739
117	171	0.983813
117	172	0.921814
117	174	0.912818
117	176	0.902849
117	177	0.852701
117	178	0.898172
117	179	0.891884
117	180	0.886033
118	6	1.00613
118	56	1.0288
118	61	1.01418
118	67	1.01166
118	75	0.233561
118	77	1.07011
118	84	1.06495
118	96	1.03341
118	100	0.959589
118	102	3.13784
118	108	0.994773
118	110	1.0551
118	113	1.03406
118	114	1.05497
118	115	1.0247
118	116	1.02227
118	117	0.0833154
118	132	0.990062
118	135	0.997594
118	149	0.926518
118	151	0.998721
118	173	0.894051
118	175	0.775774
118	176	1.83892
119	4	0.997558
119	6	1.01175
119	62	1.09603
119	68	1.01733
119	93	0.51981
119	96	1.03903
119	98	1.0313
119	100	0.965212
119	104	1.02596
119	108	1.0004
119	113	1.03969
119	114	1.0606
119	115	1.03032
119	116	1.02789
119	123	1.1388
119	129	0.999587
119	132	0.995685
119	135	1.00322
119	149	0.932141
119	151	1.00434
119	157	1.06067
119	171	1.31666
119	173	0.899673
119	179	2.77182
120	19	1.21701
120	25	1.40763
120	95	0.850682
120	105	0.914264
120	106	2.17536
120	128	0.967187
120	133	0.997744
120	150	0.982181
120	155	0.922061
120	157	0.977019
120	159	1.01308
120	160	0.918381
120	161	0.889743
120	164	0.883587
120	165	0.961923
120	166	0.884091
120	169	0.948712
120	170	0.867635
120	174	0.88763
120	176	0.877661
120	177	0.827513
120	178	0.872984
120	179	0.866696
120	180	0.860845
121	9	0.953338
121	70	0.817834
121	107	0.982834
121	111	1.11019
121	122	1.04036
121	125	1.06624
121	127	0.730307
121	152	0.991913
121	154	0.94219
121	155	0.977021
121	157	1.03198
121	161	0.944704
121	163	0.938277
121	164	0.938548
121	165	1.01688
121	167	0.989249
121	168	0.939444
121	174	0.94259
121	176	0.932621
121	177	0.882473
121	178	0.927944
121	179	0.921656
121	180	0.915805
122	21	1.03545
122	33	0.99251
122	34	1.4391
122	37	2.01283
122	39	0.870292
122	77	0.677779
122	111	1.08951
122	121	1.04036
122	155	0.956342
122	162	0.963291
122	163	0.917597
122	164	0.917868
122	165	0.996204
122	167	0.968569
122	170	0.901915
122	171	0.992906
122	172	0.930907
122	173	0.887267
122	174	0.92191
122	175	0.966627
122	176	0.911942
122	177	0.861794
122	178	0.907265
122	179	0.900977
122	180	0.895125
123	14	1.01265
123	34	1.52834
123	65	1.32021
123	82	1.10631
123	91	1.06702
123	102	0.872667
123	105	0.939974
123	119	1.1388
123	150	1.00789
123	152	0.962663
123	153	0.935643
123	154	0.91294
123	156	1.03939
123	157	1.00273
123	160	0.944091
123	161	0.915453
123	166	0.909801
123	167	0.959998
123	169	0.974422
123	171	0.984335
123	176	0.903371
123	177	0.853223
123	178	0.898694
123	179	0.892406
123	180	0.886555
124	14	1.06905
124	19	1.0423
124	34	1.01917
124	57	1.00745
124	69	0.982796
124	85	1.00565
124	94	0.997947
124	103	1.00253
124	106	0.981768
124	112	1.02356
124	125	0.987775
124	127	0.983915
124	139	0.994499
124	140	0.977608
124	141	1.0211
124	142	0.982295
124	143	0.965548
124	145	1.00282
124	148	0.997782
124	150	1.10706
124	153	0.930913
124	156	0.878503
124	157	0.90637
124	174	2.0596
124	179	2.61751
125	14	1.06375
125	15	0.959474
125	30	1.04411
125	69	0.977492
125	74	0.979807
125	78	0.961733
125	92	1.00272
125	103	0.997222
125	106	0.976465
125	121	1.06624
125	124	0.987775
125	127	0.978612
125	131	1.01731
125	137	0.994572
125	138	1.58799
125	139	0.989196
125	140	0.972304
125	141	1.01579
125	142	0.976991
125	143	0.960245
125	145	0.997514
125	147	0.958244
125	148	0.992479
125	150	1.44596
125	153	0.92561
125	175	2.18052
126	30	1.88541
126	38	1.00326
126	53	0.890419
126	64	1.1072
126	80	0.992487
126	97	0.915307
126	100	2.40738
126	117	0.956849
126	138	0.920799
126	150	0.962725
126	152	0.917497
126	153	0.890477
126	155	0.902605
126	160	0.898925
126	161	0.870287
126	163	0.86386
126	164	0.864131
126	166	0.864635
126	168	0.865028
126	169	0.929256
126	170	0.848179
126	171	0.939169
126	172	0.87717
126	176	0.858205
126	178	0.853528
126	179	0.84724
126	180	0.841389
127	15	0.955614
127	34	1.01001
127	70	0.970572
127	74	0.975948
127	78	0.957874
127	81	0.953949
127	83	0.300174
127	85	0.996489
127	92	0.99886
127	103	0.993363
127	106	0.972605
127	112	1.01439
127	121	0.730307
127	124	0.983915
127	125	0.978612
127	131	1.01345
127	139	0.985336
127	140	0.968445
127	141	1.01193
127	142	0.973132
127	143	0.956386
127	145	0.993654
127	148	0.988619
127	153	0.921751
127	166	2.06173
127	174	2.06257
127	175	1.84459
128	52	1.29739
128	66	1.02713
128	71	0.903579
128	75	0.977631
128	89	1.01736
128	108	1.21636
128	116	1.10981
128	120	0.967187
128	130	1.05893
128	138	0.956325
128	142	1.31368
128	154	0.9033
128	157	0.993089
128	158	0.966236
128	161	0.905813
128	162	0.945081
128	164	0.899658
128	165	0.977993
128	166	0.900161
128	171	0.974695
128	172	0.912697
128	174	0.9037
128	176	0.893731
128	177	0.843583
128	178	0.889054
128	179	0.882766
128	180	0.876915
129	1	0.926599
129	8	1.04944
129	10	0.940691
129	24	0.911985
129	31	0.994803
129	36	1.00251
129	39	0.993706
129	54	0.974664
129	63	1.30404
129	72	1.04773
129	77	1.03083
129	84	1.02567
129	98	0.986395
129	99	0.821334
129	100	0.920307
129	108	0.955491
129	110	1.01582
129	115	0.985415
129	119	0.999587
129	132	0.95078
129	135	0.958312
129	144	1.22463
129	151	0.959439
129	156	1.01546
129	165	1.1204
129	175	0.934129
129	178	2.43812
130	26	1.1634
130	41	0.7456
130	74	1.06959
130	76	0.83571
130	80	1.10368
130	105	1.006
130	112	0.68863
130	128	1.05893
130	133	1.08949
130	134	1.04563
130	139	0.632473
130	150	1.07392
130	154	0.97897
130	156	1.10542
130	159	1.10482
130	162	1.02075
130	163	0.975057
130	165	1.05366
130	167	1.02603
130	168	0.976225
130	170	0.959375
130	171	1.05037
130	172	0.988367
130	173	0.944726
130	176	0.969402
130	177	0.919254
130	179	0.958437
130	180	0.952585
131	15	0.994317
131	19	1.07184
131	47	1.02152
131	69	1.01234
131	70	1.00927
131	74	1.01465
131	78	0.996576
131	81	0.992651
131	94	1.02749
131	106	1.01131
131	112	1.0531
131	125	1.01731
131	127	1.01345
131	137	1.02941
131	139	1.02404
131	140	1.00715
131	141	1.05064
131	142	1.01183
131	143	0.995088
131	145	1.03236
131	147	0.478031
131	148	1.02732
131	153	0.960453
131	155	0.999355
131	164	2.68468
131	175	1.17523
131	178	1.61635
131	180	2.12817
132	6	0.962942
132	17	0.947409
132	56	0.985611
132	60	0.982202
132	61	0.970997
132	77	1.02692
132	79	0.905604
132	84	1.02177
132	96	0.990222
132	98	0.982492
132	100	0.916405
132	104	0.977148
132	108	0.951589
132	110	1.01192
132	113	0.990879
132	114	1.01179
132	115	0.981513
132	116	0.979082
132	118	0.990062
132	119	0.995685
132	129	0.95078
132	135	0.954409
132	151	0.955536
132	156	1.25101
132	159	1.12159
132	169	1.70265
132	173	0.850866
132	178	2.65524
133	23	0.946029
133	51	0.530955
133	59	0.983158
133	76	1.42454
133	97	0.981391
133	120	0.997744
133	130	1.08949
133	135	0.984608
133	136	1.09173
133	147	1.04366
133	148	0.778057
133	150	1.02881
133	158	0.996793
133	159	1.05971
133	164	0.930215
133	165	1.00855
133	166	0.930719
133	167	0.980916
133	168	0.931112
133	170	0.914262
133	172	0.943254
133	174	0.934257
133	175	0.978974
133	176	0.924289
133	177	0.874141
133	178	0.919611
133	179	0.913324
133	180	0.907472
134	5	0.894009
134	16	1.78193
134	29	1.58249
134	33	0.960999
134	38	1.02549
134	49	1.03051
134	71	0.890279
134	88	1.01057
134	130	1.04563
134	137	0.825647
134	149	0.888223
134	150	0.984951
134	156	1.01645
134	157	0.979789
134	160	0.921151
134	162	0.931781
134	163	0.886087
134	164	0.886357
134	167	0.937058
134	169	0.951482
134	172	0.899397
134	173	0.855756
134	175	0.935116
134	176	0.880431
134	177	0.830283
134	178	0.875754
134	179	0.869466
134	180	0.863615
135	5	0.96763
135	6	0.970474
135	17	0.954941
135	21	0.542416
135	56	0.993143
135	61	0.978529
135	62	1.05475
135	65	0.977054
135	67	0.976002
135	68	0.976059
135	77	1.03446
135	85	0.681193
135	98	0.990024
135	100	0.923937
135	108	0.95912
135	110	1.01945
135	113	0.998411
135	115	0.989045
135	118	0.997594
135	119	1.00322
135	129	0.958312
135	132	0.954409
135	133	0.984608
135	149	0.890865
135	151	0.963068
135	158	1.5178
135	170	3.01202
135	173	0.858398
136	11	1.36688
136	12	0.45058
136	20	1.07809
136	27	1.39635
136	31	0.717937
136	32	0.590165
136	38	1.1167
136	101	1.12062
136	107	1.02186
136	117	1.07029
136	133	1.09173
136	147	1.09102
136	150	1.07616
136	154	0.981212
136	161	0.983726
136	162	1.02299
136	163	0.977299
136	165	1.05591
136	166	0.978073
136	168	0.978466
136	171	1.05261
136	172	0.990609
136	174	0.981612
136	176	0.971643
136	177	0.921495
136	178	0.966966
136	179	0.960678
136	180	0.954827
137	9	1.07772
137	11	1.08181
137	16	0.946752
137	19	1.0491
137	20	1.03236
137	22	1.03318
137	25	0.934204
137	28	0.930816
137	34	1.02597
137	45	1.00249
137	46	1.01626
137	49	0.205546
137	51	0.990176
137	64	1.06326
137	86	1.78664
137	112	1.03035
137	125	0.994572
137	131	1.02941
137	134	0.825647
137	139	1.0013
137	141	1.02789
137	142	0.989092
137	143	0.972346
137	145	1.00961
137	148	1.00458
137	153	0.937711
137	167	0.78717
137	169	1.04765
137	170	2.70482
138	6	1.64761
138	53	0.899013
138	83	1.06923
138	101	1.01577
138	104	1.25837
138	117	0.965442
138	125	1.58799
138	126	0.920799
138	128	0.956325
138	148	1.06724
138	150	0.971318
138	152	0.926091
138	154	0.876367
138	155	0.911199
138	156	1.00281
138	157	0.966156
138	158	0.939303
138	160	0.907518
138	161	0.878881
138	163	0.872454
138	165	0.951061
138	166	0.873229
138	168	0.873622
138	169	0.93785
138	171	0.947763
138	172	0.885764
138	174	0.876767
138	176	0.866799
138	177	0.816651
138	180	0.849982
139	15	0.966198
139	38	0.617845
139	47	0.993404
139	57	1.00887
139	70	0.981156
139	74	0.986531
139	78	0.968457
139	81	0.964533
139	85	1.00707
139	92	1.00944
139	94	0.999368
139	103	1.00395
139	106	0.983189
139	112	1.02498
139	124	0.994499
139	125	0.989196
139	127	0.985336
139	130	0.632473
139	131	1.02404
139	137	1.0013
139	140	0.979029
139	141	1.02252
139	142	0.983716
139	143	0.966969
139	145	1.00424
139	148	0.999203
139	149	2.58148
139	153	0.932335
139	158	1.75449
139	165	1.22643
139	167	1.33107
140	14	1.05358
140	15	0.949307
140	19	1.02683
140	30	1.03395
140	34	1.0037
140	57	0.991978
140	66	0.957471
140	70	0.964265
140	74	0.96964
140	78	0.951566
140	80	0.755791
140	85	0.990181
140	92	0.992553
140	94	0.982476
140	103	0.987055
140	106	0.966298
140	112	1.00809
140	114	0.732983
140	124	0.977608
140	125	0.972304
140	127	0.968445
140	131	1.00715
140	139	0.979029
140	141	1.00563
140	142	0.966824
140	143	0.950078
140	145	0.987347
140	148	0.982312
140	153	0.915443
140	159	1.13601
140	168	2.15372
140	172	2.05706
141	14	1.09707
141	34	1.04719
141	47	1.02
141	57	1.03547
141	69	1.01081
141	70	1.00775
141	74	1.01313
141	78	0.995056
141	81	0.991131
141	89	0.728153
141	92	1.03604
141	94	1.02597
141	103	1.03054
141	106	1.00979
141	109	1.62792
141	112	1.05158
141	114	0.405708
141	124	1.0211
141	125	1.01579
141	127	1.01193
141	131	1.05064
141	137	1.02789
141	139	1.02252
141	140	1.00563
141	142	1.01031
141	143	0.993568
141	145	1.03084
141	148	1.0258
141	149	2.37972
141	152	1.39412
141	157	0.966018
141	159	0.808731
142	15	0.953994
142	19	1.03152
142	30	1.03863
142	34	1.00839
142	57	0.996665
142	69	0.972012
142	74	0.974327
142	78	0.956253
142	81	0.952328
142	92	0.99724
142	94	0.987163
142	101	0.735854
142	103	0.991742
142	106	0.970985
142	112	1.01277
142	124	0.982295
142	125	0.976991
142	127	0.973132
142	128	1.31368
142	131	1.01183
142	137	0.989092
142	139	0.983716
142	140	0.966824
142	141	1.01031
142	143	0.954765
142	144	1.41843
142	145	0.992034
142	148	0.986999
142	153	0.92013
142	157	1.25555
142	161	2.20635
142	165	1.31421
143	14	1.04152
143	15	0.937248
143	19	1.01477
143	30	1.02189
143	34	0.991642
143	47	0.964454
143	57	0.979919
143	66	0.260814
143	69	0.955266
143	70	0.952205
143	74	0.957581
143	78	0.939507
143	92	0.980493
143	94	0.970417
143	103	0.974996
143	106	0.954239
143	112	0.996028
143	124	0.965548
143	125	0.960245
143	127	0.956386
143	131	0.995088
143	137	0.972346
143	139	0.966969
143	140	0.950078
143	141	0.993568
143	142	0.954765
143	145	0.975288
143	148	0.970252
143	153	0.903384
143	155	1.35601
143	156	0.568769
143	162	1.06296
143	164	3.04134
143	173	3.51203
144	4	0.956545
144	12	1.04979
144	17	1.66262
