1	12	1.22637
1	22	0.78134
1	61	0.654819
1	67	0.713726
1	111	1.18675
1	117	1.24159
1	123	0.725374
1	130	1.17806
1	147	0.71401
1	166	1.18309
1	167	1.20953
1	169	1.17462
2	13	1.20318
2	72	1.28105
2	87	0.72032
2	150	0.712604
2	152	1.1597
2	157	0.718012
2	169	0.745187
2	170	1.19161
2	171	1.19206
2	172	0.704603
2	178	1.1967
2	179	1.17571
3	104	0.714482
3	120	1.23527
3	127	0.738585
3	144	1.18136
3	151	0.713068
3	162	1.18679
3	163	0.712737
3	167	1.20745
3	171	0.715067
3	174	1.1883
3	176	1.20313
3	177	1.19772
4	73	1.29723
4	93	1.14624
4	100	1.15765
4	101	1.17455
4	112	1.18745
4	147	1.20088
4	148	0.75162
4	153	1.23596
4	155	0.731631
4	156	0.698405
4	159	0.714377
4	171	0.709281
5	6	1.22906
5	116	1.19335
5	137	1.16852
5	146	0.738455
5	156	1.21641
5	161	1.20234
5	164	1.20922
5	169	1.18106
5	172	0.702953
5	173	0.73506
5	179	0.723038
5	180	0.702967
6	5	1.22906
6	100	0.741486
6	116	1.19018
6	134	1.19446
6	158	1.2214
6	160	1.18783
6	161	1.19917
6	167	0.715508
6	169	1.1779
6	173	0.730814
6	178	0.715515
6	180	0.69872
7	27	1.18004
7	50	1.20855
7	52	0.733483
7	81	1.15375
7	89	1.17334
7	127	1.20022
7	135	1.21287
7	140	1.27119
7	142	0.700332
7	156	0.717048
7	178	0.735147
7	180	0.718352
8	70	0.669622
8	74	0.745511
8	82	1.23463
8	100	1.15454
8	122	1.24511
8	155	0.747371
8	161	1.18736
8	165	1.20461
8	174	0.728985
8	177	0.716797
8	178	1.1974
8	179	1.17641
9	54	0.742614
9	90	1.16013
9	119	1.2615
9	129	1.1653
9	158	1.22354
9	161	1.20132
9	164	1.2082
9	167	0.720885
9	169	1.18004
9	172	0.704083
9	173	0.736191
9	180	0.704097
10	43	0.854422
10	149	0.913743
10	151	1.05399
10	154	0.916252
10	157	0.917804
10	165	1.06463
10	166	1.03457
10	170	1.05232
10	171	1.05277
10	178	1.05741
10	179	1.03642
10	180	1.048
11	62	1.06597
11	69	0.868938
11	92	1.00727
11	99	0.87948
11	101	1.02189
11	122	1.09555
11	123	1.0474
11	147	1.04822
11	152	0.933859
11	153	1.08329
11	159	0.922366
11	163	1.03039
12	1	1.22637
12	26	1.15799
12	69	0.67291
12	131	0.764441
12	156	1.217
12	161	0.717084
12	166	1.19013
12	175	0.737101
12	177	0.713018
12	178	1.21297
12	179	1.19198
12	180	1.20355
13	2	1.20318
13	60	0.649701
13	83	0.780012
13	117	1.23467
13	145	0.749387
13	149	0.711649
13	165	1.20623
13	166	1.17617
13	168	1.20275
13	174	0.71585
13	178	1.19901
13	179	1.17802
14	113	1.19726
14	132	0.715798
14	134	1.20222
14	140	0.688432
14	149	0.721599
14	154	1.20595
14	160	1.19559
14	163	1.19952
14	164	1.21381
14	169	1.18565
14	173	0.744359
14	179	0.732336
15	42	1.26112
15	49	1.19184
15	89	1.14831
15	99	0.694344
15	107	1.20961
15	114	0.731478
15	118	1.15509
15	135	1.18784
15	140	1.24617
15	156	0.721259
15	167	0.739351
15	180	0.722563
16	70	0.671281
16	105	0.755021
16	107	0.708412
16	151	1.2042
16	166	1.18478
16	168	1.21136
16	170	1.20253
16	171	1.20298
16	174	0.730645
16	175	0.74254
16	178	1.20762
16	179	1.18663
17	45	0.989942
17	49	1.07312
17	59	0.838587
17	77	1.07298
17	81	1.01001
17	97	1.00086
17	113	0.91759
17	127	1.05647
17	135	1.06913
17	140	1.12745
17	171	0.927198
17	180	0.917626
18	102	1.03969
18	106	1.04093
18	110	1.05607
18	112	0.899532
18	139	0.888922
18	149	1.04104
18	158	0.882118
18	162	1.04593
18	166	0.923909
18	167	1.06659
18	174	1.04744
18	176	1.06228
19	33	0.806579
19	62	1.16871
19	65	1.03364
19	73	1.24732
19	92	1.11002
19	93	1.09632
19	99	0.752314
19	100	1.10773
19	107	0.771835
19	123	1.15014
19	130	0.804784
19	153	1.18604
19	165	0.770892
20	55	0.763338
20	116	1.11124
20	119	1.18041
20	126	1.20044
20	141	0.808565
20	154	1.11925
20	158	1.14245
20	161	1.12022
20	164	1.12711
20	169	1.09895
20	178	0.781665
20	179	0.784941
20	180	0.76487
21	25	0.732228
21	61	0.744656
21	63	0.799189
21	121	1.11878
21	133	1.13719
21	134	0.808066
21	163	1.13645
21	164	0.807057
21	170	1.14881
21	175	1.12424
21	177	1.14776
21	178	1.1539
21	179	1.13291
22	1	0.78134
22	89	1.1116
22	97	1.08285
22	99	0.758828
22	118	1.11838
22	127	1.13847
22	135	1.15113
22	140	1.20945
22	143	1.14687
22	144	0.794323
22	156	0.785743
22	160	1.14126
22	180	0.787047
23	52	0.765501
23	94	0.801777
23	148	0.80228
23	149	0.759704
23	152	1.10978
23	163	1.12934
23	165	1.154
23	168	1.15052
23	170	1.1417
23	171	1.14215
23	175	0.7758
23	178	1.14678
23	179	1.12579
24	80	0.73104
24	83	0.847413
24	107	0.761018
24	109	1.14095
24	146	1.1154
24	157	0.78311
24	159	0.784382
24	165	1.15556
24	166	1.1255
24	170	1.14326
24	171	1.1437
24	178	1.14834
24	179	1.12735
25	21	0.732228
25	41	0.643772
25	43	0.598111
25	54	0.686615
25	72	0.599193
25	76	1.27312
25	113	1.30112
25	129	1.27477
25	158	1.33302
25	161	1.31079
25	164	1.31767
25	169	1.28952
25	180	0.648098
26	12	1.15799
26	31	0.828077
26	80	0.731926
26	91	0.818664
26	96	0.757214
26	142	1.14366
26	151	1.13414
26	165	1.14477
26	170	1.13247
26	171	1.13292
26	177	0.771948
26	178	1.13756
26	179	1.11657
27	7	1.18004
27	42	1.20996
27	45	1.0575
27	50	1.13236
27	75	0.789951
27	89	1.09716
27	118	1.10394
27	127	1.12403
27	140	1.19501
27	171	0.772063
27	173	0.794585
27	179	0.782563
27	180	0.762492
28	58	0.919653
28	59	0.673689
28	96	0.739343
28	103	0.794837
28	128	1.12642
28	130	0.77698
28	166	1.12898
28	168	1.15556
28	170	1.14673
28	171	1.14718
28	173	1.11256
28	178	1.15182
28	179	1.13083
29	82	1.179
29	88	0.822986
29	117	0.734259
29	149	1.11981
29	153	0.766526
29	155	1.13255
29	168	0.778077
29	172	1.15365
29	174	1.12621
29	175	1.11211
29	176	1.14104
29	177	1.13563
29	178	0.793142
30	69	0.74981
30	79	0.747286
30	90	0.828515
30	126	0.739882
30	145	0.835643
30	151	1.13984
30	165	1.15048
30	166	1.12043
30	168	1.14701
30	170	1.13818
30	171	1.13863
30	178	1.14326
30	179	1.12228
31	26	0.828077
31	74	1.11388
31	79	1.19329
31	102	1.1205
31	117	0.738744
31	138	1.15127
31	142	0.762812
31	145	1.11441
31	155	1.13459
31	160	0.785898
31	164	0.780403
31	177	1.13767
31	180	1.1344
32	41	1.32171
32	56	0.634111
32	70	1.37312
32	76	0.670538
32	95	0.627822
32	98	0.717718
32	108	0.614054
32	130	1.26802
32	144	1.2734
32	162	1.27883
32	176	1.29517
32	177	1.28976
32	178	0.627038
33	19	0.806579
33	40	0.83614
33	112	0.748098
33	114	1.14506
33	115	0.766828
33	136	1.14272
33	139	0.737488
33	155	1.13561
33	157	1.14005
33	162	1.12776
33	174	1.12927
33	176	1.14411
33	180	1.13542
34	60	1.16696
34	75	0.855281
34	101	0.83926
34	114	1.09385
34	125	1.02551
34	151	0.835395
34	155	1.0844
34	157	1.08884
34	165	0.818181
34	172	1.1055
34	174	1.07806
34	175	1.06397
34	176	1.0929
34	179	0.847893
35	47	1.18964
35	68	1.24598
35	122	1.2722
35	131	0.734249
35	134	0.68206
35	143	0.707617
35	147	1.22487
35	152	0.707639
35	153	1.25994
35	163	1.20704
35	173	1.18524
35	176	0.68935
35	177	0.682827
35	180	1.21508
36	72	1.30604
36	110	0.691638
36	139	1.21125
36	142	1.2278
36	144	0.692194
36	162	0.705715
36	166	1.19886
36	169	0.725488
36	170	1.21661
36	171	1.21706
36	174	0.698454
36	176	0.692789
36	178	1.2217
36	179	1.20071
37	78	0.740184
37	98	0.78206
37	108	0.678396
37	117	0.632497
37	150	1.22271
37	156	1.24059
37	157	1.23177
37	162	1.21948
37	165	0.664944
37	174	1.22099
37	175	1.2069
37	177	1.23042
37	179	0.694656
37	180	1.22714
38	63	0.67266
38	100	0.723722
38	115	0.698383
38	151	1.23824
38	152	1.20466
38	155	0.712878
38	157	0.694352
38	166	1.21882
38	167	0.697745
38	170	1.23658
38	171	1.23703
38	173	1.20241
38	178	1.24166
38	179	1.22067
39	62	1.25639
39	70	0.64628
39	88	1.17037
39	110	0.698828
39	121	1.20314
39	123	1.23782
39	137	0.736637
39	147	1.23864
39	153	1.27372
39	157	0.705503
39	163	1.22081
39	173	1.19901
39	174	0.705643
39	175	0.717538
40	33	0.83614
40	66	0.908875
40	72	1.16231
40	82	1.1152
40	86	0.817123
40	111	0.814685
40	151	1.07454
40	165	1.08518
40	168	1.0817
40	170	1.07288
40	171	1.07332
40	174	0.823629
40	178	1.07796
40	179	1.05697
41	25	0.643772
41	32	1.32171
41	70	1.29556
41	75	1.18011
41	81	1.14771
41	86	0.726058
41	116	0.735563
41	118	1.17408
41	119	0.681111
41	122	0.696707
41	140	1.26515
41	153	0.709208
41	178	1.21834
41	179	1.19735
42	15	1.26112
42	27	1.20996
42	72	0.653339
42	96	0.688858
42	97	1.17452
42	118	1.21004
42	127	1.23013
42	135	1.24279
42	143	1.23853
42	160	1.23292
42	163	0.709485
42	167	0.719032
42	170	0.720647
42	176	0.710115
43	10	0.854422
43	25	0.598111
43	44	1.14493
43	151	0.680941
43	155	1.23725
43	159	1.22566
43	161	0.678782
43	170	0.691771
43	172	1.25835
43	174	1.23092
43	175	1.21682
43	176	1.24575
43	177	1.24034
43	179	0.693439
44	43	1.14493
44	147	0.831556
44	150	1.07715
44	159	1.07017
44	160	0.840261
44	162	1.07392
44	163	0.842435
44	165	0.825554
44	167	1.09458
44	172	1.10286
44	175	1.06133
44	176	1.09026
44	177	1.08485
44	179	0.855265
45	17	0.989942
45	27	1.0575
45	63	1.11965
45	110	0.851158
45	117	1.13749
45	120	0.800046
45	140	1.14865
45	150	0.852425
45	164	1.09868
45	169	1.07052
45	170	1.09675
45	174	0.857973
45	177	0.845786
45	179	1.08084
46	83	0.880817
46	87	0.818822
46	97	0.883963
46	104	1.06632
46	136	0.805529
46	152	1.06467
46	165	1.10889
46	166	1.07883
46	168	1.10541
46	170	1.09659
46	171	1.09703
46	176	0.81099
46	178	1.10167
46	179	1.08068
47	35	1.18964
47	64	1.17403
47	66	0.822825
47	67	1.15417
47	68	1.17917
47	100	1.11483
47	101	1.13173
47	122	1.20539
47	147	1.15806
47	153	1.19314
47	154	0.735886
47	156	0.722739
47	157	0.737438
47	170	0.742446
47	178	0.740838
48	112	0.73194
48	114	1.18043
48	130	1.15232
48	138	1.18766
48	145	1.1508
48	163	0.740485
48	167	1.18379
48	169	0.773813
48	170	0.751647
48	171	0.742815
48	173	1.14095
48	175	1.15054
48	176	1.17947
48	177	1.17406
48	179	0.753315
49	15	1.19184
49	17	1.07312
49	50	1.16918
49	82	0.706801
49	101	0.763701
49	107	1.19527
49	118	1.14076
49	127	1.16086
49	135	1.17351
49	140	1.23183
49	160	1.16364
49	161	0.757677
49	172	0.75225
49	178	0.769058
49	180	0.752263
50	7	1.20855
50	27	1.13236
50	49	1.16918
50	82	0.708128
50	111	0.758182
50	118	1.13244
50	127	1.15254
50	135	1.16519
50	140	1.22351
50	143	1.16093
50	160	1.15532
50	164	0.753162
50	174	0.767126
50	176	0.761462
50	177	0.754938
51	60	0.697247
51	71	0.769311
51	90	1.14624
51	94	1.16403
51	98	1.11204
51	115	1.17659
51	129	1.15141
51	154	1.18645
51	158	1.20965
51	161	1.18743
51	169	1.16615
51	171	0.759432
51	172	0.749847
51	173	0.781954
51	180	0.74986
52	7	0.733483
52	23	0.765501
52	64	0.728207
52	82	1.21438
52	93	0.797637
52	102	1.15384
52	138	1.18461
52	140	0.714653
52	148	1.13139
52	150	1.16331
52	157	1.17236
52	174	1.16159
52	175	1.14749
52	177	1.17101
52	178	0.755281
53	77	1.17646
53	78	1.10931
53	83	0.780131
53	97	0.783277
53	125	0.777675
53	145	0.749506
53	152	1.14711
53	165	1.19133
53	166	1.16127
53	168	1.18785
53	171	1.17947
53	176	0.710304
53	177	0.703781
53	178	1.18411
53	179	1.16312
54	9	0.742614
54	25	0.686615
54	115	0.779299
54	135	0.77611
54	146	1.14648
54	153	1.21488
54	158	0.743155
54	161	0.767286
54	168	1.18316
54	173	1.14017
54	174	1.16386
54	175	1.14977
54	177	1.17328
54	179	1.15843
54	180	1.17001
55	20	0.763338
55	58	0.888747
55	73	0.661298
55	105	1.14809
55	157	1.1756
55	159	1.15957
55	160	0.72689
55	162	1.16332
55	167	1.18398
55	168	0.723553
55	171	0.731394
55	174	1.16483
55	175	1.15073
55	176	1.17966
55	177	1.17425
56	32	0.634111
56	85	0.7562
56	108	1.19199
56	128	1.14826
56	138	0.759417
56	145	0.794296
56	148	0.799134
56	165	1.18087
56	166	1.15081
56	167	0.764012
56	170	1.16857
56	171	1.16901
56	178	1.17365
56	179	1.15266
56	180	1.16424
57	61	0.678615
57	108	1.19294
57	125	0.816687
57	146	1.14166
57	149	0.750779
57	152	1.1376
57	161	0.746858
57	165	1.18182
57	168	1.17834
57	170	1.16952
57	171	1.16996
57	175	0.766875
57	177	0.742793
57	178	1.1746
57	179	1.15361
58	28	0.919653
58	55	0.888747
58	94	1.02514
58	98	0.973146
58	104	0.899265
58	119	1.10872
58	126	1.12875
58	137	1.01472
58	154	1.04756
58	158	1.07076
58	161	1.04854
58	164	1.05542
58	169	1.02726
58	174	0.903814
58	180	0.890279
59	17	0.838587
59	28	0.673689
59	68	1.26944
59	108	0.648127
59	115	1.22707
59	123	1.24751
59	124	0.652888
59	147	1.24833
59	151	0.651888
59	161	1.23791
59	166	0.667389
59	167	1.25154
59	169	1.21664
59	170	0.662719
59	172	1.25983
59	177	1.24181
60	13	0.649701
60	34	1.16696
60	51	0.697247
60	96	1.26254
60	120	1.29728
60	141	1.21618
60	149	1.24391
60	150	1.25203
60	160	0.675808
60	166	0.693815
60	169	0.711311
60	171	0.680313
60	175	1.23621
60	176	1.26514
60	177	1.25973
60	178	0.687537
61	1	0.654819
61	21	0.744656
61	57	0.678615
61	71	1.23505
61	81	1.20628
61	89	1.22587
61	97	1.19713
61	118	1.23265
61	127	1.25274
61	133	0.678852
61	135	1.2654
61	140	1.32372
61	143	1.26114
61	145	0.707599
61	170	0.678929
61	180	0.660526
62	11	1.06597
62	19	1.16871
62	39	1.25639
62	67	1.20715
62	92	1.17009
62	95	1.2019
62	108	0.717693
62	109	0.740829
62	132	0.717415
62	137	0.758411
62	138	0.726075
62	147	1.21104
62	153	1.24611
62	157	0.727277
62	168	0.715612
62	173	1.17141
62	180	1.20125
63	21	0.799189
63	38	0.67266
63	45	1.11965
63	84	1.19635
63	113	1.19063
63	115	1.18946
63	134	1.19559
63	139	0.703145
63	154	1.19932
63	158	1.22253
63	161	1.2003
63	164	1.20718
63	167	0.731847
63	169	1.17903
63	173	0.747152
63	177	0.716406
63	178	0.731854
64	47	1.17403
64	52	0.728207
64	65	1.09193
64	73	1.30561
64	92	1.16831
64	93	1.15461
64	95	1.20012
64	101	1.18293
64	123	1.20843
64	130	0.737327
64	132	0.71661
64	137	0.757606
64	153	1.24433
64	156	0.711772
64	173	1.16962
64	174	0.726612
64	178	0.729871
65	19	1.03364
65	64	1.09193
65	68	1.09708
65	73	1.17232
65	80	0.807362
65	93	1.02132
65	95	1.06683
65	121	1.04047
65	122	1.1233
65	144	0.853313
65	147	1.07596
65	153	1.11104
65	167	0.862825
65	170	0.86444
65	175	0.871467
65	177	0.847384
65	180	1.06617
66	40	0.908875
66	47	0.822825
66	78	0.887736
66	79	1.143
66	94	0.873544
66	117	0.780049
66	125	1.02541
66	130	1.06564
66	144	1.07102
66	145	1.06412
66	155	1.0843
66	164	0.821708
66	167	1.09711
66	172	1.1054
66	175	1.06386
66	176	1.09279
66	177	1.08738
67	1	0.713726
67	47	1.15417
67	62	1.20715
67	73	1.28575
67	93	1.13476
67	95	1.18027
67	101	1.16307
67	123	1.18858
67	133	1.17231
67	143	0.745571
67	147	1.1894
67	153	1.22448
67	167	0.736221
67	172	0.71942
67	175	0.744864
67	176	0.727305
67	177	0.720781
68	35	1.24598
68	47	1.17917
68	59	1.26944
68	65	1.09708
68	88	1.14613
68	93	1.15976
68	95	1.20527
68	99	0.690743
68	121	1.1789
68	123	1.21358
68	137	0.763491
68	156	0.717658
68	168	0.720692
68	174	0.732497
68	175	0.744393
68	179	0.739033
68	180	1.20461
69	11	0.868938
69	12	0.67291
69	30	0.74981
69	75	0.712054
69	114	1.20787
69	141	1.15795
69	148	1.16188
69	149	1.18568
69	154	0.696438
69	155	1.19842
69	162	1.19057
69	167	1.21123
69	170	0.702998
69	171	0.694166
69	175	1.17798
69	176	1.20692
69	177	1.2015
70	8	0.669622
70	16	0.671281
70	32	1.37312
70	39	0.64628
70	41	1.29556
70	103	1.23381
70	105	1.23746
70	113	0.677491
70	125	1.20164
70	127	0.710616
70	139	0.665614
70	144	1.24726
70	149	1.2478
70	153	0.667707
70	163	0.684769
70	174	1.25419
70	175	1.2401
70	176	1.26903
71	51	0.769311
71	61	1.23505
71	90	0.782751
71	118	1.10642
71	121	0.798556
71	123	0.750532
71	129	0.763487
71	135	1.13917
71	140	1.19749
71	146	1.11773
71	155	1.14145
71	164	0.742378
71	169	0.783376
71	173	1.11142
71	175	1.12102
71	176	1.14995
71	178	1.15067
71	179	1.12969
72	2	1.28105
72	25	0.599193
72	36	1.30604
72	40	1.16231
72	42	0.653339
72	87	0.690153
72	104	1.24153
72	107	0.665753
72	144	0.681726
72	145	0.721523
72	152	1.23987
72	165	1.28409
72	168	1.28062
72	169	0.71502
72	170	1.27179
72	177	0.675798
72	178	1.27688
72	179	1.25589
73	4	1.29723
73	19	1.24732
73	55	0.661298
73	64	1.30561
73	65	1.17232
73	67	1.28575
73	93	1.235
73	95	1.28051
73	100	1.2464
73	106	0.710686
73	107	0.654133
73	109	0.689777
73	143	0.688968
73	150	0.670817
73	156	0.661526
73	173	1.25001
73	176	0.670701
73	180	1.27985
74	8	0.745511
74	31	1.11388
74	85	1.15194
74	93	0.812567
74	100	0.796182
74	103	1.12666
74	132	1.17933
74	148	1.11684
74	159	1.14178
74	163	0.760658
74	165	0.743776
74	170	0.77182
74	171	0.762988
74	172	1.17448
74	174	1.14704
74	175	1.13295
74	176	1.16188
74	180	1.15319
75	27	0.789951
75	34	0.855281
75	41	1.18011
75	69	0.712054
75	96	0.737429
75	102	0.781326
75	115	0.768241
75	139	1.14385
75	146	1.12135
75	152	1.11729
75	161	0.756228
75	165	1.16151
75	166	1.13146
75	168	1.15804
75	170	1.14921
75	171	1.14966
75	178	1.15429
75	179	1.13331
76	25	1.27312
76	32	0.670538
76	83	1.07394
76	84	1.13084
76	94	1.11139
76	115	1.12394
76	116	1.1258
76	126	1.215
76	139	0.771737
76	143	0.809789
76	151	0.791224
76	154	1.13381
76	158	1.15701
76	164	1.14167
76	169	1.11351
76	176	0.791522
76	177	0.784998
76	180	0.783651
77	17	1.07298
77	53	1.17646
77	81	1.11425
77	86	0.776754
77	93	1.13061
77	96	0.756338
77	97	1.1051
77	134	0.770306
77	135	1.17337
77	136	0.772134
77	150	0.777711
77	164	0.769296
77	166	1.16204
77	171	1.18024
77	173	1.14562
77	176	0.777596
77	179	1.16389
77	180	1.17547
78	37	0.740184
78	53	1.10931
78	66	0.887736
78	109	1.11034
78	125	0.864197
78	128	1.09233
78	146	1.08479
78	155	0.820876
78	156	1.12177
78	165	1.12495
78	166	1.09489
78	168	1.12147
78	170	1.11265
78	171	1.11309
78	172	0.788941
78	175	0.814386
78	177	0.790303
78	178	1.11773
78	179	1.09674
79	30	0.747286
79	31	1.19329
79	66	1.143
79	93	0.741221
79	95	0.69965
79	128	0.708387
79	131	1.18186
79	137	1.19815
79	144	1.21951
79	146	0.717558
79	149	1.22005
79	150	1.22817
79	153	0.67225
79	164	0.681642
79	169	0.72264
79	174	1.22645
79	175	1.21235
79	176	1.24128
79	177	1.23587
80	24	0.73104
80	26	0.731926
80	65	0.807362
80	107	1.24086
80	125	1.16249
80	131	1.17046
80	135	0.698918
80	140	0.660847
80	141	1.18092
80	144	1.20811
80	154	0.696524
80	157	1.22582
80	158	0.665963
80	162	1.21354
80	172	1.24248
80	175	1.20095
80	176	1.22988
80	177	1.22447
80	178	0.701476
81	7	1.15375
81	17	1.01001
81	41	1.14771
81	61	1.20628
81	77	1.11425
81	82	0.760058
81	89	1.07086
81	97	1.04212
81	118	1.07765
81	127	1.09774
81	133	0.823847
81	135	1.1104
81	137	0.85005
81	140	1.16872
81	160	1.10052
81	163	0.812762
81	173	0.837614
81	174	0.819056
81	180	0.80552
82	8	1.23463
82	29	1.179
82	40	1.1152
82	49	0.706801
82	50	0.708128
82	52	1.21438
82	81	0.760058
82	92	0.735293
82	95	0.695472
82	118	0.734044
82	123	0.685619
82	139	1.21932
82	153	0.668072
82	161	1.21972
82	164	1.22661
82	176	1.22904
82	177	1.22362
82	178	1.22976
82	179	1.20877
83	13	0.780012
83	24	0.847413
83	46	0.880817
83	53	0.780131
83	76	1.07394
83	108	0.804864
83	121	1.08653
83	123	1.1212
83	141	1.07196
83	142	0.783034
83	153	1.1571
83	154	1.11063
83	157	1.11686
83	164	1.11849
83	167	1.12524
83	169	1.09033
83	177	1.11551
83	179	0.821124
83	180	1.11223
84	63	1.19635
84	76	1.13084
84	94	1.14511
84	102	0.757044
84	103	0.76864
84	105	0.764445
84	115	1.15766
84	116	1.15952
84	119	1.22869
84	129	1.13248
84	138	0.738726
84	149	0.735867
84	154	1.16753
84	158	1.19073
84	161	1.1685
84	162	0.747329
84	164	1.17539
84	169	1.14723
84	173	0.758626
84	174	0.740068
85	56	0.7562
85	74	1.15194
85	108	0.736143
85	110	1.17494
85	128	0.758649
85	143	1.1661
85	144	1.15937
85	146	0.76782
85	148	1.1361
85	157	1.17708
85	159	1.16104
85	160	0.737399
85	163	0.739573
85	165	0.722692
85	167	1.18546
85	169	0.772902
85	172	1.19374
85	174	1.1663
85	175	1.15221
85	177	1.17573
86	40	0.817123
86	41	0.726058
86	77	0.776754
86	87	1.17563
86	90	1.13244
86	98	1.09824
86	111	1.16448
86	115	1.16279
86	126	1.25384
86	129	1.13761
86	136	0.732795
86	154	1.17265
86	157	0.74378
86	158	1.19585
86	161	1.17363
86	164	1.18051
86	169	1.15235
86	172	0.730371
86	178	0.74718
86	180	0.730384
87	2	0.72032
87	46	0.818822
87	72	0.690153
87	86	1.17563
87	94	1.15106
87	98	1.09907
87	111	1.16531
87	115	1.16362
87	126	1.25468
87	129	1.13844
87	130	0.763309
87	133	0.757384
87	134	1.16975
87	143	0.765196
87	154	1.17348
87	159	0.753726
87	161	1.17446
87	164	1.18134
87	169	1.15318
87	180	0.739058
88	29	0.822986
88	39	1.17037
88	68	1.14613
88	114	0.778909
88	121	1.08952
88	126	1.19482
88	150	0.77798
88	151	1.12122
88	153	1.1601
88	155	0.801915
88	161	1.1146
88	162	0.790791
88	164	1.12149
88	165	1.13186
88	168	1.12838
88	169	1.09333
88	172	0.76998
88	175	0.795425
88	177	0.771342
88	178	1.12464
88	179	1.10365
89	7	1.17334
89	15	1.14831
89	22	1.1116
89	27	1.09716
89	61	1.22587
89	81	1.07086
89	97	1.06171
89	118	1.09723
89	126	0.728618
89	127	1.11733
89	132	1.15822
89	135	1.12998
89	140	1.1883
89	141	0.821001
89	160	1.12011
89	166	0.80038
89	168	0.779036
89	172	0.777293
89	173	0.8094
89	175	0.802737
89	176	0.785178
90	9	1.16013
90	30	0.828515
90	51	1.14624
90	71	0.782751
90	86	1.13244
90	94	1.10787
90	102	0.793811
90	111	1.12211
90	113	1.12159
90	114	0.772215
90	134	1.12655
90	146	0.798788
90	154	1.13028
90	158	1.15349
90	160	1.11992
90	161	1.13126
90	164	1.13815
90	169	1.10999
90	173	0.795393
90	176	0.771171
90	180	0.7633
91	26	0.818664
91	105	1.10882
91	106	1.11905
91	110	1.13419
91	113	0.771383
91	114	1.14135
91	120	1.17253
91	134	0.772
91	144	1.11862
91	148	1.09536
91	152	0.797579
91	154	0.783262
91	160	0.776486
91	163	0.77866
91	166	0.794493
91	167	1.14471
91	172	1.15299
91	174	1.12556
91	175	1.11146
91	176	1.14039
91	177	1.13498
92	11	1.00727
92	19	1.11002
92	62	1.17009
92	64	1.16831
92	82	0.735293
92	93	1.0977
92	100	1.1091
92	101	1.12601
92	121	1.11684
92	122	1.19967
92	136	0.783165
92	143	0.806893
92	147	1.15234
92	149	0.790089
92	153	1.18742
92	160	0.785822
92	162	0.801552
92	170	0.799158
92	173	1.11271
92	179	0.800826
92	180	1.14255
93	4	1.14624
93	19	1.09632
93	52	0.797637
93	64	1.15461
93	65	1.02132
93	67	1.13476
93	68	1.15976
93	73	1.235
93	74	0.812567
93	77	1.13061
93	79	0.741221
93	92	1.0977
93	101	1.11232
93	147	1.13864
93	153	1.17372
93	156	0.781202
93	160	0.787573
93	168	0.784236
93	173	1.09901
93	175	0.807937
93	176	0.790377
94	23	0.801777
94	51	1.16403
94	58	1.02514
94	66	0.873544
94	76	1.11139
94	84	1.14511
94	87	1.15106
94	90	1.10787
94	111	1.13991
94	113	1.13939
94	114	0.783677
94	120	0.730371
94	124	0.783335
94	129	1.11304
94	151	0.782335
94	154	1.14808
94	158	1.17128
94	164	1.15594
94	169	1.12778
94	172	0.774749
94	180	0.774762
95	32	0.627822
95	62	1.2019
95	64	1.20012
95	65	1.06683
95	67	1.18027
95	68	1.20527
95	73	1.28051
95	79	0.69965
95	82	0.695472
95	100	1.14092
95	121	1.14865
95	122	1.23148
95	137	0.785464
95	147	1.18415
95	150	0.748921
95	153	1.21923
95	156	0.73963
95	162	0.761731
95	163	1.16633
95	169	0.781504
95	175	0.766365
95	180	1.17436
96	26	0.757214
96	28	0.739343
96	42	0.688858
96	60	1.26254
96	75	0.737429
96	77	0.756338
96	109	0.736916
96	114	1.18943
96	120	1.22061
96	131	1.12906
96	145	1.1598
96	146	0.745457
96	155	1.17998
96	157	1.18442
96	159	1.16838
96	160	0.715036
96	171	0.719541
96	172	1.20108
96	174	1.17364
96	175	1.15954
96	176	1.18848
96	177	1.18306
97	17	1.00086
97	22	1.08285
97	42	1.17452
97	46	0.883963
97	53	0.783277
97	61	1.19713
97	77	1.1051
97	81	1.04212
97	89	1.06171
97	118	1.06849
97	127	1.08859
97	130	0.82845
97	132	1.12948
97	135	1.10124
97	140	1.15956
97	143	1.09698
97	148	0.85611
97	151	0.811772
97	156	0.802895
97	160	1.09137
97	173	0.836293
97	180	0.804199
98	32	0.717718
98	37	0.78206
98	51	1.11204
98	58	0.973146
98	86	1.09824
98	87	1.09907
98	113	1.08739
98	119	1.15724
98	126	1.17728
98	131	0.883601
98	134	1.09235
98	154	1.09608
98	156	1.11114
98	158	1.11929
98	161	1.09706
98	162	0.851628
98	164	1.10394
98	165	0.82119
98	166	0.853905
98	169	1.07579
98	173	0.862924
98	180	0.830831
99	11	0.87948
99	15	0.694344
99	19	0.752314
99	22	0.758828
99	68	0.690743
99	105	1.16694
99	121	0.750887
99	122	0.672815
99	135	0.709374
99	152	1.16223
99	153	0.685316
99	154	1.18821
99	159	1.17841
99	161	1.18919
99	163	1.18178
99	164	1.19607
99	168	1.20297
99	170	1.19415
99	175	1.16957
99	177	1.19309
99	178	1.19923
99	179	1.17824
100	4	1.15765
100	6	0.741486
100	8	1.15454
100	19	1.10773
100	38	0.723722
100	47	1.11483
100	73	1.2464
100	74	0.796182
100	92	1.1091
100	95	1.14092
100	121	1.11455
100	122	1.19738
100	123	1.14923
100	136	0.768531
100	143	0.792259
100	144	0.773396
100	147	1.15005
100	153	1.18513
100	156	0.764817
100	159	0.780788
100	163	1.13223
100	177	0.767468
100	180	1.14026
101	4	1.17455
101	11	1.02189
101	34	0.83926
101	47	1.13173
101	49	0.763701
101	64	1.18293
101	67	1.16307
101	92	1.12601
101	93	1.11232
101	106	0.782649
101	112	1.15353
101	122	1.21429
101	123	1.16614
101	137	0.779323
101	142	0.716774
101	147	1.16696
101	148	0.786704
101	153	1.20204
101	156	0.733489
101	162	0.75559
101	167	0.751581
101	173	1.12733
101	180	1.15717
102	18	1.03969
102	31	1.1205
102	52	1.15384
102	75	0.781326
102	84	0.757044
102	90	0.793811
102	114	1.16945
102	117	0.711779
102	128	0.780183
102	130	1.14134
102	136	1.16711
102	149	1.14726
102	156	1.17326
102	159	1.1484
102	164	0.753438
102	167	1.17281
102	170	0.77227
102	172	1.1811
102	174	1.15366
102	176	1.1685
102	177	1.16308
102	178	0.770662
102	179	0.773938
103	28	0.794837
103	70	1.23381
103	74	1.12666
103	84	0.76864
103	119	0.727546
103	126	0.716775
103	138	1.16405
103	144	1.13409
103	148	1.11083
103	149	1.13463
103	154	0.777307
103	155	1.14737
103	162	1.13952
103	167	1.16018
103	168	0.767193
103	170	0.783867
103	171	0.775035
103	172	1.16846
103	175	1.12693
103	176	1.15586
103	177	1.15045
103	178	0.782259
103	180	1.14718
104	3	0.714482
104	46	1.06632
104	58	0.899265
104	72	1.24153
104	106	0.780197
104	108	1.17552
104	124	1.1591
104	125	0.807584
104	128	1.13178
104	138	0.744535
104	139	1.14674
104	140	0.708508
104	144	0.739617
104	145	0.779414
104	151	1.15376
104	152	1.12018
104	165	1.1644
104	166	1.13434
104	168	1.16092
104	170	1.15209
104	177	0.733689
104	178	1.15718
104	179	1.13619
105	16	0.755021
105	55	1.14809
105	70	1.23746
105	84	0.764445
105	91	1.10882
105	99	1.16694
105	109	0.788215
105	138	1.1677
105	141	1.11055
105	153	0.751447
105	157	1.15545
105	159	1.13941
105	162	1.14316
105	163	0.768509
105	165	0.751627
105	168	0.762997
105	171	0.770839
105	172	1.17211
105	173	1.12098
105	174	1.14467
105	175	1.13058
105	177	1.1541
105	179	0.781339
106	18	1.04093
106	73	0.710686
106	91	1.11905
106	101	0.782649
106	104	0.780197
106	110	1.16353
106	116	0.787745
106	117	0.729123
106	120	1.20187
106	136	1.16835
106	145	1.14106
106	148	1.1247
106	156	1.17449
106	158	0.752493
106	159	1.14964
106	160	0.776278
106	162	1.15339
106	165	0.761571
106	167	1.17405
106	169	0.811781
106	174	1.1549
106	176	1.16973
106	177	1.16432
107	15	1.20961
107	16	0.708412
107	19	0.771835
107	24	0.761018
107	49	1.19527
107	72	0.665753
107	73	0.654133
107	80	1.24086
107	132	1.21951
107	134	1.18804
107	135	1.19128
107	140	1.2496
107	141	1.1531
107	151	0.722231
107	152	0.740818
107	158	1.21497
107	164	1.19963
107	165	0.705018
107	167	1.20638
107	169	1.17147
107	170	0.733061
107	174	1.18722
107	175	1.17313
107	179	0.734729
108	32	0.614054
108	37	0.678396
108	56	1.19199
108	57	1.19294
108	59	0.648127
108	62	0.717693
108	83	0.804864
108	85	0.736143
108	104	1.17552
108	124	1.21279
108	128	1.18547
108	139	1.20043
108	148	0.779077
108	151	1.20745
108	155	0.759088
108	157	0.740561
108	165	1.21809
108	166	1.18803
108	168	1.21461
108	170	1.20578
108	171	1.20623
108	172	0.727153
108	178	1.21087
108	179	1.18988
109	24	1.14095
109	62	0.740829
109	73	0.689777
109	78	1.11034
109	96	0.736916
109	105	0.788215
109	110	0.757023
109	122	0.727981
109	128	1.15974
109	139	1.17469
109	142	1.19124
109	143	1.16937
109	144	0.757579
109	145	0.797375
109	146	1.1522
109	150	0.758289
109	152	1.14813
109	165	1.19235
109	166	1.1623
109	168	1.18888
109	170	1.18005
109	171	1.1805
109	177	0.75165
109	178	1.18514
109	179	1.16415
110	18	1.05607
110	36	0.691638
110	39	0.698828
110	45	0.851158
110	85	1.17494
110	91	1.13419
110	106	1.16353
110	109	0.757023
110	120	1.21701
110	123	0.737801
110	128	0.756392
110	129	0.750756
110	145	1.1562
110	155	1.17638
110	162	1.16853
110	166	0.753149
110	167	1.18919
110	170	0.748478
110	172	1.19748
110	174	1.17004
110	175	1.15594
110	176	1.18488
110	177	1.17946
110	178	0.74687
110	180	1.17619
111	1	1.18675
111	40	0.814685
111	50	0.758182
111	86	1.16448
111	87	1.16531
111	90	1.12211
111	94	1.13991
111	113	1.15363
111	115	1.15246
111	119	1.22349
111	126	1.24352
111	132	0.73148
111	134	1.15859
111	142	0.709927
111	145	0.775019
111	154	1.16232
111	159	0.742614
111	160	1.15196
111	161	1.1633
111	164	1.17018
111	169	1.14203
111	173	0.76004
111	175	0.753377
111	176	0.735818
111	180	0.727946
112	4	1.18745
112	18	0.899532
112	33	0.748098
112	48	0.73194
112	101	1.15353
112	113	1.15977
112	120	0.67766
112	130	0.746303
112	134	1.16473
112	147	1.17986
112	149	0.731386
112	152	1.14248
112	154	1.16846
112	155	0.753973
112	162	0.742849
112	163	1.16203
112	164	1.17632
112	169	1.14817
112	170	1.1744
112	171	1.17484
112	175	0.747482
112	176	0.729923
112	178	1.17948
112	179	1.15849
112	180	1.17007
113	14	1.19726
113	17	0.91759
113	25	1.30112
113	63	1.19063
113	70	0.677491
113	90	1.12159
113	91	0.771383
113	94	1.13939
113	98	1.08739
113	111	1.15363
113	112	1.15977
113	124	0.731892
113	132	0.726852
113	134	1.15807
113	153	0.713498
113	156	1.17685
113	158	1.185
113	161	1.16278
113	162	0.744116
113	163	1.15537
113	164	1.16966
113	169	1.14151
113	170	0.741722
113	173	0.755413
113	180	0.723319
114	15	0.731478
114	33	1.14506
114	34	1.09385
114	48	1.18043
114	69	1.20787
114	88	0.778909
114	90	0.772215
114	91	1.14135
114	94	0.783677
114	96	1.18943
114	102	1.16945
114	131	1.13262
114	134	0.732851
114	140	0.708437
114	141	1.14307
114	154	0.744113
114	157	1.18797
114	159	1.17194
114	160	0.737337
114	166	0.755344
114	172	1.20463
114	174	1.1772
114	175	1.1631
114	176	1.19203
114	178	0.749065
115	33	0.766828
115	38	0.698383
115	51	1.17659
115	54	0.779299
115	59	1.22707
115	63	1.18946
115	75	0.768241
115	76	1.12394
115	84	1.15766
115	86	1.16279
115	87	1.16362
115	111	1.15246
115	116	1.15262
115	119	1.22179
115	129	1.12559
115	136	0.743192
115	152	0.766942
115	154	1.16063
115	158	1.18384
115	161	1.16161
115	167	0.75757
115	168	0.742512
115	169	1.14034
115	172	0.740768
115	180	0.740782
116	5	1.19335
116	6	1.19018
116	20	1.11124
116	41	0.735563
116	76	1.1258
116	84	1.15952
116	106	0.787745
116	115	1.15262
116	119	1.22365
116	120	0.695498
116	126	1.24368
116	129	1.12744
116	133	0.758216
116	134	1.15875
116	136	0.742299
116	158	1.18569
116	160	1.15212
116	161	1.16346
116	164	1.17035
116	169	1.14219
116	173	0.771983
116	174	0.753425
116	175	0.76532
116	179	0.75996
116	180	0.739889
117	1	1.24159
117	13	1.23467
117	29	0.734259
117	31	0.738744
117	37	0.632497
117	45	1.13749
117	66	0.780049
117	102	0.711779
117	106	0.729123
117	118	0.737419
117	128	1.20279
117	136	0.683678
117	138	0.693461
117	142	1.23428
117	146	1.19524
117	151	1.22476
117	152	1.19118
117	158	0.66255
117	166	1.20534
117	167	0.698056
117	168	1.23192
117	170	1.2231
117	171	1.22355
117	178	1.22818
117	179	1.20719
117	180	1.21877
118	15	1.15509
118	22	1.11838
118	27	1.10394
118	41	1.17408
118	42	1.21004
118	49	1.14076
118	50	1.13244
118	61	1.23265
118	71	1.10642
118	81	1.07765
118	82	0.734044
118	89	1.09723
118	97	1.06849
118	117	0.737419
118	124	0.788079
118	127	1.12411
118	133	0.797833
118	135	1.13676
118	140	1.19509
118	152	0.805667
118	154	0.79135
118	160	1.12689
118	165	0.769866
118	173	0.8116
118	176	0.787378
118	180	0.779507
119	9	1.2615
119	20	1.18041
119	41	0.681111
119	58	1.10872
119	84	1.22869
119	98	1.15724
119	103	0.727546
119	111	1.22349
119	115	1.22179
119	116	1.22365
119	121	0.741187
119	129	1.19661
119	132	0.688971
119	133	0.703764
119	134	1.22792
119	141	0.729132
119	145	0.73251
119	154	1.23166
119	158	1.25486
119	161	1.23263
119	164	1.23952
119	169	1.21136
119	173	0.717531
119	174	0.698973
119	178	0.702232
119	180	0.685437
120	3	1.23527
120	45	0.800046
120	60	1.29728
120	91	1.17253
120	94	0.730371
120	96	1.22061
120	106	1.20187
120	110	1.21701
120	112	0.67766
120	116	0.695498
120	121	0.734714
120	124	0.687536
120	131	1.1638
120	145	1.19454
120	151	0.686536
120	152	0.705124
120	159	1.20312
120	164	0.678535
120	166	0.702037
120	172	1.23581
120	174	1.20838
120	175	1.19428
120	176	1.22321
120	177	1.2178
120	178	0.695759
120	180	1.21453
121	21	1.11878
121	39	1.20314
121	65	1.04047
121	68	1.1789
121	71	0.798556
121	83	1.08653
121	88	1.08952
121	92	1.11684
121	95	1.14865
121	99	0.750887
121	100	1.11455
121	119	0.741187
121	120	0.734714
121	122	1.20512
121	133	1.1407
121	137	0.823635
121	142	0.761086
121	145	0.826178
121	147	1.15779
121	149	0.78844
121	153	1.19287
121	156	0.777801
121	163	1.13996
121	173	1.11816
121	175	0.804536
121	180	1.148
122	8	1.24511
122	11	1.09555
122	35	1.2722
122	41	0.696707
122	47	1.20539
122	65	1.1233
122	92	1.19967
122	95	1.23148
122	99	0.672815
122	100	1.19738
122	101	1.21429
122	109	0.727981
122	121	1.20512
122	123	1.2398
122	133	1.22353
122	147	1.24062
122	152	0.727194
122	153	1.2757
122	156	0.699729
122	157	0.714428
122	159	0.715701
122	168	0.702763
122	172	0.70102
122	175	0.726464
122	179	0.721104
122	180	1.23083
123	1	0.725374
123	11	1.0474
123	19	1.15014
123	39	1.23782
123	59	1.24751
123	64	1.20843
123	67	1.18858
123	68	1.21358
123	71	0.750532
123	82	0.685619
123	83	1.1212
123	100	1.14923
123	101	1.16614
123	110	0.737801
123	122	1.2398
123	137	0.77561
123	147	1.19247
123	153	1.22754
123	156	0.729777
123	157	0.744476
123	163	1.17464
123	168	0.732811
123	173	1.15283
123	174	0.744617
123	177	0.732429
123	178	0.747876
123	180	1.18268
124	59	0.652888
124	94	0.783335
124	104	1.1591
124	108	1.21279
124	113	0.731892
124	118	0.788079
124	120	0.687536
124	128	1.16905
124	139	1.18401
124	142	1.20055
124	146	1.16151
124	152	1.15744
124	156	1.19848
124	157	0.745323
124	159	0.746595
124	164	0.731499
124	166	1.17161
124	167	0.748716
124	168	1.19819
124	170	1.18936
124	171	1.18981
124	172	0.731914
124	173	1.1552
124	175	0.757359
124	178	1.19445
124	179	1.17346
124	180	1.18504
125	34	1.02551
125	53	0.777675
125	57	0.816687
125	66	1.02541
125	70	1.20164
125	78	0.864197
125	80	1.16249
125	104	0.807584
125	130	1.09654
125	134	0.799178
125	136	1.12231
125	138	1.13188
125	145	1.09502
125	148	1.07866
125	150	1.11058
125	151	0.80617
125	155	1.1152
125	157	1.11963
125	160	0.803664
125	165	0.788957
125	166	0.821671
125	167	1.12801
125	171	0.808169
125	172	1.1363
125	174	1.10886
125	176	1.12369
125	177	1.11828
126	20	1.20044
126	30	0.739882
126	58	1.12875
126	76	1.215
126	86	1.25384
126	87	1.25468
126	88	1.19482
126	89	0.728618
126	98	1.17728
126	103	0.716775
126	111	1.24352
126	116	1.24368
126	129	1.21665
126	133	0.692993
126	137	1.21885
126	143	0.700805
126	155	0.706588
126	158	1.27489
126	160	1.24133
126	163	1.24526
126	164	1.25955
126	168	0.676396
126	169	1.2314
126	172	0.674653
126	173	0.70676
126	175	0.700098
126	178	0.691462
126	180	0.674667
127	3	0.738585
127	7	1.20022
127	17	1.05647
127	22	1.13847
127	27	1.12403
127	42	1.23013
127	49	1.16086
127	50	1.15254
127	61	1.25274
127	70	0.710616
127	81	1.09774
127	89	1.11733
127	97	1.08859
127	118	1.12411
127	132	1.1851
127	133	0.774771
127	135	1.15686
127	136	0.758854
127	140	1.21518
127	141	0.800139
127	143	1.1526
127	150	0.764431
127	160	1.14699
127	167	0.773232
127	170	0.774847
127	173	0.788538
127	174	0.76998
127	180	0.756444
128	28	1.12642
128	56	1.14826
128	78	1.09233
128	79	0.708387
128	85	0.758649
128	102	0.780183
128	104	1.13178
128	108	1.18547
128	109	1.15974
128	110	0.756392
128	117	1.20279
128	124	1.16905
128	131	0.802442
128	142	1.17323
128	147	0.746034
128	148	0.801582
128	152	1.13013
128	155	0.781593
128	166	1.14429
128	168	1.17087
128	170	1.16205
128	171	1.16249
128	173	1.12788
128	174	0.763207
128	176	0.757543
128	177	0.75102
128	178	1.16713
128	179	1.14614
129	9	1.1653
129	25	1.27477
129	51	1.15141
129	71	0.763487
129	84	1.13248
129	86	1.13761
129	87	1.13844
129	94	1.11304
129	110	0.750756
129	115	1.12559
129	116	1.12744
129	119	1.19661
129	126	1.21665
129	131	0.796807
129	133	0.762363
129	134	1.13172
129	141	0.787731
129	144	0.751312
129	154	1.13545
129	158	1.15866
129	159	0.758704
129	161	1.13643
129	164	1.14331
129	169	1.11516
129	170	0.762439
129	173	0.77613
129	174	0.757572
129	180	0.744036
130	1	1.17806
130	19	0.804784
130	28	0.77698
130	32	1.26802
130	48	1.15232
130	64	0.737327
130	66	1.06564
130	87	0.763309
130	97	0.82845
130	102	1.14134
130	112	0.746303
130	125	1.09654
130	133	1.14795
130	139	0.735693
130	141	1.11497
130	149	1.1427
130	156	1.16869
130	157	1.15987
130	158	0.728889
130	162	1.14758
130	167	1.16825
130	168	0.749336
130	171	0.757178
130	172	1.17653
130	174	1.14909
130	176	1.16393
130	177	1.15851
130	179	0.767677
131	12	0.764441
131	35	0.734249
131	79	1.18186
131	80	1.17046
131	96	1.12906
131	98	0.883601
131	114	1.13262
131	120	1.1638
131	128	0.802442
131	129	0.796807
131	135	0.790363
131	136	1.13028
131	141	1.0827
131	148	1.08663
131	149	1.11043
131	157	1.1276
131	158	0.757408
131	159	1.11157
131	160	0.781192
131	162	1.11532
131	167	1.13598
131	170	0.794529
131	172	1.14426
131	174	1.11683
131	175	1.10273
131	176	1.13166
131	177	1.12625
131	178	0.792921
131	179	0.796197
132	14	0.715798
132	62	0.717415
132	64	0.71661
132	74	1.17933
132	89	1.15822
132	97	1.12948
132	107	1.21951
132	111	0.73148
132	113	0.726852
132	119	0.688971
132	127	1.1851
132	139	1.19881
132	140	1.25607
132	146	1.17632
132	147	0.72325
132	150	1.19542
132	154	0.738732
132	158	0.708171
132	160	1.18788
132	161	0.732302
132	164	0.72646
132	168	1.213
132	169	0.767458
132	170	1.20417
132	171	1.20462
132	172	1.22113
132	175	1.1796
132	177	1.20312
132	179	1.18827
133	21	1.13719
133	61	0.678852
133	67	1.17231
133	81	0.823847
133	87	0.757384
133	116	0.758216
133	118	0.797833
133	119	0.703764
133	121	1.1407
133	122	1.22353
133	126	0.692993
133	127	0.774771
133	129	0.762363
133	130	1.14795
133	147	1.1762
133	158	0.722964
133	162	1.15875
133	163	1.15838
133	164	0.741253
133	165	1.18304
133	168	1.17956
133	169	0.782251
133	171	1.17118
133	172	1.1877
133	173	1.13657
133	174	1.16026
133	177	1.16968
133	178	1.17582
133	179	1.15483
133	180	1.16641
134	6	1.19446
134	14	1.20222
134	21	0.808066
134	35	0.68206
134	63	1.19559
134	77	0.770306
134	87	1.16975
134	90	1.12655
134	91	0.772
134	98	1.09235
134	107	1.18804
134	111	1.15859
134	112	1.16473
134	113	1.15807
134	114	0.732851
134	116	1.15875
134	119	1.22792
134	125	0.799178
134	129	1.13172
134	143	0.750075
134	154	1.16676
134	158	1.18997
134	161	1.16774
134	163	1.16033
134	166	0.74701
134	167	0.740725
134	169	1.14647
134	172	0.723923
134	173	0.75603
134	180	0.723936
135	7	1.21287
135	15	1.18784
135	17	1.06913
135	22	1.15113
135	42	1.24279
135	49	1.17351
135	50	1.16519
135	54	0.77611
135	61	1.2654
135	71	1.13917
135	77	1.17337
135	80	0.698918
135	81	1.1104
135	89	1.12998
135	97	1.10124
135	99	0.709374
135	107	1.19128
135	118	1.13676
135	127	1.15686
135	131	0.790363
135	140	1.22784
135	141	0.781287
135	143	1.16526
135	156	0.736289
135	159	0.75226
135	163	0.744834
135	171	0.747164
135	173	0.769686
135	175	0.763023
135	180	0.737593
136	33	1.14272
136	46	0.805529
136	77	0.772134
136	86	0.732795
136	92	0.783165
136	100	0.768531
136	102	1.16711
136	106	1.16835
136	115	0.743192
136	116	0.742299
136	117	0.683678
136	125	1.12231
136	127	0.758854
136	131	1.13028
136	141	1.14073
136	144	1.16792
136	145	1.16102
136	148	1.14466
136	155	1.1812
136	156	1.19445
136	162	1.17335
136	165	0.716125
136	166	0.748839
136	167	1.19401
136	172	1.2023
136	174	1.17486
136	175	1.16076
136	176	1.18969
136	177	1.18428
136	178	0.74256
137	5	1.16852
137	39	0.736637
137	58	1.01472
137	62	0.758411
137	64	0.757606
137	68	0.763491
137	79	1.19815
137	81	0.85005
137	95	0.785464
137	101	0.779323
137	121	0.823635
137	123	0.77561
137	126	1.21885
137	140	0.744051
137	147	0.764246
137	151	1.14525
137	153	0.758064
137	154	1.13766
137	164	1.14552
137	165	1.15589
137	166	1.12583
137	167	1.15227
137	169	1.11736
137	171	1.14404
137	172	1.16055
137	173	1.10942
137	176	1.14795
137	177	1.14254
137	178	1.14867
137	179	1.12768
137	180	1.13926
138	31	1.15127
138	48	1.18766
138	52	1.18461
138	56	0.759417
138	62	0.726075
138	84	0.738726
138	103	1.16405
138	104	0.744535
138	105	1.1677
138	117	0.693461
138	125	1.13188
138	141	1.15031
138	144	1.17749
138	145	1.17059
138	147	0.731911
138	150	1.18615
138	157	1.19521
138	159	1.17917
138	161	0.740962
138	163	0.74279
138	165	0.725908
138	167	1.20359
138	168	0.737278
138	171	0.74512
138	172	1.21187
138	174	1.18443
138	175	1.17034
138	176	1.19927
138	177	1.19385
138	178	0.752344
138	179	0.75562
138	180	1.19058
139	18	0.888922
139	33	0.737488
139	36	1.21125
139	63	0.703145
139	70	0.665614
139	75	1.14385
139	76	0.771737
139	82	1.21932
139	104	1.14674
139	108	1.20043
139	109	1.17469
139	124	1.18401
139	130	0.735693
139	132	1.19881
139	142	1.18819
139	146	1.14914
139	151	1.17866
139	155	0.743363
139	156	1.18612
139	165	1.1893
139	166	1.15925
139	167	0.72823
139	169	0.752011
139	170	1.177
