1	23	1.16798
1	118	1.25566
1	133	0.896394
1	137	0.921653
1	144	0.932267
1	147	0.912628
1	152	0.945439
1	155	0.932276
1	157	0.952851
1	158	0.948521
1	159	0.960545
1	164	1.28384
2	89	1.19303
2	137	0.917254
2	144	0.927869
2	147	0.908229
2	152	0.94104
2	153	0.931865
2	155	0.927878
2	157	0.948452
2	158	0.944122
2	159	0.956147
2	164	1.24744
2	172	1.27119
3	27	0.971523
3	28	0.927884
3	78	1.09178
3	84	0.952727
3	95	0.898211
3	126	0.872253
3	128	0.963444
3	129	0.916887
3	130	0.951472
3	134	0.945633
3	177	1.21118
3	179	1.40691
4	15	1.08841
4	56	1.03911
4	71	1.01992
4	77	0.984568
4	81	1.08684
4	85	1.12961
4	99	0.997791
4	143	0.998457
4	165	0.814028
4	166	0.979244
4	175	1.0534
4	180	0.961485
5	76	0.864678
5	122	1.06271
5	135	0.840804
5	138	1.02636
5	147	1.02277
5	150	0.914342
5	152	1.05558
5	155	1.04242
5	157	1.06299
5	158	1.05866
5	159	1.07069
5	180	1.13106
6	15	1.07236
6	98	0.921989
6	105	1.24618
6	130	1.16555
6	145	0.980277
6	152	0.960452
6	154	0.887816
6	157	0.967864
6	166	0.896077
6	168	0.946362
6	178	0.949694
6	179	0.892252
7	17	1.07024
7	55	1.06765
7	93	1.09738
7	105	1.02967
7	126	0.980694
7	128	1.07189
7	129	1.02533
7	130	1.05991
7	162	0.705208
7	173	0.840997
7	179	1.10598
7	180	1.09788
8	84	1.0759
8	93	1.11211
8	95	1.02138
8	126	0.995425
8	128	1.08662
8	129	1.04006
8	130	1.07464
8	143	0.996672
8	150	0.835023
8	166	1.0695
8	173	0.794851
8	180	1.05174
9	11	1.11809
9	28	1.04669
9	32	0.866508
9	66	0.870535
9	95	1.01702
9	105	1.04004
9	126	0.991062
9	128	1.08225
9	129	1.0357
9	130	1.07028
9	154	0.986475
9	166	1.02647
10	52	0.787792
10	100	0.825352
10	122	1.07371
10	132	0.91027
10	146	0.92674
10	152	1.06657
10	153	1.0574
10	173	1.07793
10	174	1.03053
10	177	1.04995
10	178	1.05582
10	180	0.992055
11	9	1.11809
11	93	1.09956
11	95	1.00883
11	101	1.00552
11	105	1.03185
11	123	0.838044
11	126	0.982877
11	128	1.07407
11	129	1.02751
11	130	1.0621
11	166	1.06636
11	175	0.840962
12	55	1.07581
12	93	1.10553
12	95	1.01481
12	105	1.03782
12	126	0.988848
12	128	1.08004
12	129	1.03348
12	130	1.06807
12	148	0.84986
12	160	0.778823
12	166	1.12993
12	176	0.992828
13	48	1.00116
13	54	1.06819
13	94	1.10685
13	97	1.08084
13	111	1.10669
13	112	1.02641
13	120	0.952759
13	161	0.935673
13	162	0.825653
13	174	1.02553
13	178	1.03468
13	180	0.987055
14	62	1.16485
14	136	1.19065
14	158	1.13506
14	167	0.945248
14	168	0.939858
14	170	0.917611
14	171	0.955885
14	173	0.965302
14	176	0.918273
14	177	0.937322
14	178	0.94319
14	179	0.885748
15	4	1.08841
15	6	1.07236
15	38	1.1319
15	56	1.03088
15	70	1.02368
15	71	1.01169
15	82	0.978829
15	92	1.0897
15	163	0.757482
15	166	1.04251
15	175	1.04517
15	178	0.841105
16	29	1.19702
16	73	0.992777
16	119	0.982961
16	139	0.908151
16	140	0.905067
16	141	0.952303
16	142	0.954433
16	146	0.921258
16	163	1.18061
16	174	0.911724
16	176	1.32853
16	180	0.873251
17	7	1.07024
17	27	1.04466
17	84	1.02587
17	95	0.971352
17	105	0.994368
17	126	0.945395
17	128	1.03659
17	129	0.990029
17	130	1.02461
17	149	0.875896
17	162	0.875171
17	171	1.03069
17	180	1.26785
18	63	1.07521
18	75	0.817361
18	107	1.06424
18	122	0.84183
18	126	0.93903
18	128	1.03022
18	130	1.01825
18	141	1.02312
18	146	0.992076
18	147	1.01043
18	173	1.02994
18	177	1.00196
18	178	1.00783
19	26	0.988426
19	52	1.12647
19	56	1.07103
19	70	1.06384
19	77	1.01649
19	82	1.01899
19	99	1.02972
19	156	0.891876
19	165	0.986173
19	173	0.876742
19	174	0.997056
19	175	1.08533
20	26	0.932048
20	52	1.07009
20	71	0.995469
20	77	0.960116
20	82	0.962609
20	85	1.10516
20	92	1.07348
20	99	0.973339
20	143	1.17233
20	164	0.892806
20	165	0.987901
20	170	1.00003
20	175	1.02895
21	50	0.871682
21	113	0.85622
21	146	0.965005
21	147	1.05378
21	167	1.01922
21	168	1.01383
21	171	1.02985
21	172	1.02598
21	173	1.03927
21	176	0.992242
21	177	1.01129
21	178	1.01716
21	179	0.959717
22	133	0.976946
22	137	1.00221
22	138	0.996773
22	144	1.01282
22	147	0.99318
22	153	1.01682
22	157	1.0334
22	158	1.02907
22	159	1.0411
22	163	0.94101
22	167	1.01384
22	174	1.07171
22	178	1.02463
23	1	1.16798
23	57	0.839513
23	67	0.850552
23	155	0.933883
23	168	1.01692
23	170	0.994669
23	171	1.03294
23	172	1.02907
23	173	1.04236
23	176	0.995331
23	177	1.01438
23	178	1.02025
23	179	0.962806
24	35	1.37712
24	48	0.962809
24	54	1.02984
24	78	0.830038
24	94	1.0685
24	97	1.04249
24	111	1.06834
24	112	0.988061
24	136	1.00633
24	151	0.909752
24	174	0.987178
24	175	0.929438
24	180	0.948706
25	32	1.13257
25	42	0.979626
25	69	0.998726
25	72	0.965095
25	75	1.03318
25	88	1.00694
25	103	1.01042
25	109	1.05797
25	113	1.03512
25	114	1.0147
25	131	0.978524
25	162	0.882099
25	172	1.05597
26	19	0.988426
26	20	0.932048
26	70	0.891773
26	71	0.879779
26	77	0.844426
26	82	0.846918
26	85	0.989465
26	92	0.957787
26	99	0.857649
26	166	1.42601
26	171	1.17109
26	175	0.913258
26	179	1.41634
27	3	0.971523
27	17	1.04466
27	28	1.01075
27	84	1.03559
27	105	1.00409
27	106	1.05925
27	126	0.955121
27	128	1.04631
27	129	0.999755
27	130	1.03434
27	166	1.13313
27	168	0.934835
27	169	0.925527
28	3	0.927884
28	9	1.04669
28	27	1.01075
28	79	1.21543
28	84	0.991955
28	93	1.02816
28	95	0.937439
28	108	1.08183
28	126	0.911481
28	128	1.00267
28	129	0.956115
28	130	0.9907
28	131	0.999031
28	156	1.05353
29	16	1.19702
29	62	0.960052
29	121	0.948108
29	132	0.988798
29	164	0.986957
29	167	0.989856
29	170	0.962219
29	171	1.00049
29	172	0.996621
29	173	1.00991
29	176	0.96288
29	177	0.981929
29	178	0.987798
29	179	0.930356
30	32	1.18831
30	121	0.997038
30	122	0.990665
30	135	1.04026
30	137	0.959744
30	147	0.950719
30	152	0.98353
30	153	0.974354
30	155	0.970367
30	157	0.990942
30	158	0.986612
30	159	0.998636
30	161	1.04786
30	173	1.07363
31	73	1.14616
31	125	0.822623
31	132	1.10051
31	139	1.06153
31	140	1.05845
31	141	1.10569
31	142	1.10782
31	145	1.12098
31	146	1.07464
31	150	0.87627
31	161	0.810331
31	169	0.90314
31	176	0.973641
31	180	1.02663
32	9	0.866508
32	25	1.13257
32	30	1.18831
32	52	0.97497
32	165	0.968994
32	167	0.989364
32	168	0.983974
32	171	1
32	172	0.99613
32	173	1.00942
32	176	0.962389
32	177	0.981438
32	178	0.987306
32	179	0.929864
33	132	1.38251
33	145	1.31847
33	150	0.907796
33	153	1.38939
33	164	0.898898
33	165	0.881427
33	167	0.901798
33	168	0.896408
33	169	0.90183
33	172	0.908563
33	176	0.874822
33	177	0.893871
33	178	0.89974
33	179	0.842298
34	73	0.710924
34	99	0.894723
34	104	0.821961
34	112	1.08875
34	116	0.81102
34	132	0.777056
34	133	1.07487
34	158	1.127
34	159	1.13902
34	165	1.09485
34	170	1.08758
34	174	1.08787
34	179	1.05572
34	180	1.0494
35	24	1.37712
35	91	1.41435
35	119	1.33306
35	154	0.842549
35	167	0.906486
35	168	0.901096
35	169	0.906518
35	170	0.878848
35	171	0.917122
35	173	0.926539
35	176	0.87951
35	177	0.898559
35	178	0.904428
35	179	0.846985
36	112	0.975888
36	126	0.931493
36	128	1.02268
36	129	0.976127
36	130	1.01071
36	147	0.978241
36	153	1.00188
36	155	0.99789
36	161	0.987584
36	165	1.12278
36	168	1.0897
36	174	0.975005
36	176	1.15089
36	180	0.936533
37	87	1.05828
37	137	0.96608
37	138	0.960648
37	144	0.976694
37	147	0.957055
37	148	0.987465
37	152	0.989865
37	153	0.98069
37	155	0.976703
37	157	0.997278
37	158	0.992948
37	159	1.00497
37	167	1.05533
37	180	1.24978
38	15	1.1319
38	56	1.0826
38	70	1.0754
38	77	1.02806
38	82	1.03055
38	85	1.1731
38	87	0.889535
38	90	0.845352
38	92	1.14142
38	99	1.04128
38	123	0.870478
38	149	0.689081
38	175	1.09689
38	179	1.08912
39	72	1.05537
39	77	1.02887
39	110	0.918906
39	147	1.04359
39	167	0.987357
39	168	0.981967
39	169	0.987389
39	171	0.997993
39	172	0.994122
39	173	1.00741
39	176	0.960381
39	177	0.97943
39	178	0.985299
39	179	0.927856
40	73	1.04171
40	98	0.958239
40	106	1.22185
40	116	1.00818
40	132	0.996058
40	140	0.953999
40	141	1.00123
40	145	1.01653
40	146	0.970189
40	160	0.944622
40	166	0.932328
40	177	1.09033
40	178	1.09432
40	180	0.922183
41	64	1.23405
41	80	0.928457
41	100	1.01463
41	107	1.02736
41	119	1.0169
41	124	1.14298
41	132	0.981064
41	139	0.942089
41	142	0.98837
41	145	1.00153
41	146	0.955195
41	162	0.891245
41	174	0.945661
41	175	1.07629
42	25	0.979626
42	65	0.989197
42	72	0.931033
42	75	0.999118
42	88	0.972873
42	91	0.947342
42	103	0.976353
42	109	1.0239
42	113	1.00106
42	114	0.980641
42	118	0.944135
42	166	1.23263
42	174	1.0783
42	176	1.09553
43	45	0.805712
43	133	1.0184
43	138	1.03823
43	147	1.03464
43	152	1.06745
43	153	1.05827
43	155	1.05429
43	157	1.07486
43	158	1.07053
43	159	1.08256
43	164	0.850721
43	166	1.00307
43	174	0.956699
43	176	0.973928
43	179	1.10136
44	98	0.922609
44	104	0.951102
44	107	1.00672
44	116	0.972553
44	132	0.960428
44	139	0.921452
44	140	0.918368
44	141	0.965604
44	142	0.967734
44	145	0.980897
44	146	0.934559
44	167	1.16205
44	170	1.22117
44	171	1.11934
44	175	1.14886
45	43	0.805712
45	46	0.861725
45	56	0.882558
45	107	0.847336
45	144	0.952148
45	168	1.05475
45	169	1.06017
45	170	1.0325
45	171	1.07077
45	172	1.0669
45	173	1.08019
45	176	1.03316
45	177	1.05221
45	178	1.05808
45	179	1.00064
46	45	0.861725
46	53	0.99061
46	59	1.05681
46	61	1.06467
46	72	1.00822
46	89	1.06405
46	91	1.02452
46	103	1.05354
46	109	1.10109
46	113	1.07824
46	114	1.05782
46	127	0.958782
46	134	0.966647
46	151	0.921966
46	175	0.941651
47	59	1.38824
47	130	1.43028
47	146	1.56846
47	151	0.887236
47	167	0.883094
47	168	0.877704
47	169	0.883126
47	170	0.855457
47	171	0.89373
47	172	0.889859
47	173	0.903148
47	176	0.856118
47	177	0.875167
47	178	0.881036
47	179	0.823594
48	13	1.00116
48	24	0.962809
48	54	0.961165
48	94	0.999831
48	97	0.97382
48	111	0.999664
48	112	0.919388
48	118	1.10658
48	124	0.906032
48	135	0.977683
48	165	1.22986
48	173	1.12043
48	174	0.918505
48	178	1.19367
48	180	0.880033
49	98	1.03036
49	107	1.11447
49	132	1.06818
49	134	0.965249
49	139	1.0292
49	140	1.02612
49	142	1.07548
49	145	1.08865
49	146	1.04231
49	164	0.905336
49	168	0.96735
49	171	0.91073
49	174	1.03277
49	175	0.940254
49	180	0.994301
50	21	0.871682
50	117	1.05939
50	137	1.03241
50	138	1.02698
50	144	1.04303
50	152	1.0562
50	153	1.04702
50	155	1.04304
50	157	1.06361
50	158	1.05928
50	159	1.0713
50	162	0.770125
50	165	1.01534
50	167	0.968358
50	174	1.02623
51	78	0.847205
51	89	0.857282
51	102	1.05834
51	108	0.94079
51	118	0.883504
51	137	1.03169
51	144	1.04231
51	147	1.02267
51	152	1.05548
51	153	1.04631
51	157	1.06289
51	158	1.05856
51	159	1.07059
51	175	1.05308
51	180	1.15424
52	10	0.787792
52	19	1.12647
52	20	1.07009
52	32	0.97497
52	56	1.03701
52	70	1.02982
52	77	0.982472
52	82	0.984965
52	85	1.12751
52	92	1.09583
52	99	0.995696
52	163	0.849904
52	164	0.874624
52	175	1.05131
52	179	1.12527
53	46	0.99061
53	59	0.947494
53	61	0.955349
53	69	0.932529
53	75	0.966983
53	88	0.940738
53	91	0.915207
53	103	0.944217
53	109	0.991768
53	113	0.968927
53	114	0.948506
53	154	1.28238
53	165	1.15716
53	169	1.11477
53	175	1.09699
54	13	1.06819
54	24	1.02984
54	48	0.961165
54	66	1.04683
54	94	1.06686
54	97	1.04085
54	111	1.06669
54	112	0.986417
54	135	1.04471
54	136	1.00468
54	169	0.995162
54	172	0.966206
54	174	0.985534
54	175	0.977373
54	178	1.00136
54	180	0.947061
55	7	1.06765
55	12	1.07581
55	81	1.05341
55	84	1.02328
55	93	1.05949
55	105	0.991783
55	126	0.94281
55	128	1.034
55	129	0.987444
55	130	1.02203
55	143	0.944058
55	148	0.977226
55	151	1.01222
55	160	0.906188
55	163	0.972266
55	176	1.12019
56	4	1.03911
56	15	1.03088
56	19	1.07103
56	38	1.0826
56	45	0.882558
56	52	1.03701
56	71	0.962386
56	82	0.929526
56	85	1.07207
56	92	1.04039
56	99	0.940257
56	124	1.02918
56	165	1.02266
56	174	1.03354
56	175	0.995866
56	177	0.982475
57	23	0.839513
57	60	1.04278
57	61	1.03336
57	90	0.962249
57	103	1.02223
57	108	1.00215
57	114	1.02652
57	125	0.927565
57	139	0.986526
57	140	0.983442
57	146	0.999632
57	157	1.03356
57	158	1.02923
57	159	1.04125
57	177	1.01028
57	179	1.20602
58	83	1.08586
58	110	1.00981
58	117	1.03128
58	133	0.979047
58	144	1.01492
58	147	0.995281
58	151	0.931994
58	152	1.02809
58	153	1.01892
58	155	1.01493
58	157	1.0355
58	158	1.03117
58	159	1.0432
58	169	0.969468
58	170	1.02398
58	178	0.975665
59	46	1.05681
59	47	1.38824
59	53	0.947494
59	61	1.02155
59	65	1.02326
59	75	1.03318
59	83	1.00245
59	88	1.00694
59	89	1.02093
59	91	0.981408
59	109	1.05797
59	113	1.03513
59	114	1.01471
59	163	0.808633
59	172	0.857103
59	178	0.892256
60	57	1.04278
60	62	1.04458
60	80	0.97835
60	119	1.06679
60	134	1.07348
60	139	0.991982
60	140	0.988898
60	141	1.03613
60	142	1.03826
60	145	1.05143
60	146	1.00509
60	149	0.864173
60	164	1.01357
60	172	1.03732
60	173	0.999237
60	180	0.957082
61	46	1.06467
61	53	0.955349
61	57	1.03336
61	59	1.02155
61	72	0.972954
61	88	1.01479
61	91	0.989263
61	103	1.01827
61	109	1.06582
61	113	1.04298
61	114	1.02256
61	143	1.15554
61	148	0.85625
61	154	1.09632
61	165	0.971106
61	175	0.910928
62	14	1.16485
62	29	0.960052
62	60	1.04458
62	86	0.770585
62	98	0.989481
62	104	1.01797
62	116	1.03943
62	119	1.06313
62	139	0.988325
62	140	0.985241
62	141	1.03248
62	145	1.04777
62	146	1.00143
62	172	0.992106
62	174	0.991897
62	177	1.02327
63	18	1.07521
63	110	0.928224
63	122	0.953642
63	133	0.897462
63	137	0.922721
63	138	0.917289
63	143	1.44664
63	144	0.933336
63	147	0.913696
63	153	0.937332
63	155	0.933345
63	157	0.953919
63	158	0.949589
63	159	0.961614
63	169	1.21983
63	171	1.17251
64	41	1.23405
64	107	1.08502
64	116	1.22375
64	121	1.14909
64	164	0.940873
64	165	0.923402
64	168	0.938383
64	169	0.943805
64	170	0.916136
64	171	0.954409
64	172	0.950538
64	173	0.963827
64	176	0.916797
64	177	0.935846
64	178	0.941715
64	179	0.884273
65	42	0.989197
65	59	1.02326
65	69	1.0083
65	72	0.974667
65	75	1.04275
65	79	1.08266
65	88	1.01651
65	91	0.990976
65	103	1.01999
65	109	1.06754
65	113	1.0447
65	114	1.02428
65	135	0.872263
65	148	0.900204
65	166	1.18028
65	175	0.954882
66	9	0.870535
66	54	1.04683
66	73	1.03534
66	92	0.966271
66	142	1.06992
66	164	0.998755
66	165	0.981284
66	167	1.00165
66	169	1.00169
66	170	0.974017
66	171	1.01229
66	172	1.00842
66	173	1.02171
66	176	0.974679
66	177	0.993728
66	178	0.999597
66	179	0.942154
67	23	0.850552
67	110	0.985509
67	117	1.00698
67	137	0.980006
67	138	0.974574
67	143	1.24594
67	144	0.990621
67	153	0.994617
67	155	0.99063
67	157	1.0112
67	158	1.00687
67	159	1.0189
67	161	0.926311
67	166	0.939418
67	169	1.01912
67	175	1.00139
67	180	1.20897
68	81	1.22741
68	97	1.17565
68	112	1.22598
68	140	1.32139
68	163	0.958167
68	164	0.925092
68	165	0.907621
68	166	0.872316
68	167	0.927991
68	169	0.928024
68	170	0.900354
68	171	0.938627
68	172	0.934756
68	176	0.901015
68	177	0.920065
68	178	0.925933
68	179	0.868491
69	25	0.998726
69	53	0.932529
69	65	1.0083
69	72	0.950134
69	75	1.01822
69	88	0.991974
69	91	0.966443
69	103	0.995453
69	108	0.975374
69	109	1.043
69	113	1.02016
69	114	0.999742
69	125	1.06137
69	131	1.03548
69	162	0.939053
69	167	1.13729
69	172	1.11293
70	15	1.02368
70	19	1.06384
70	26	0.891773
70	38	1.0754
70	52	1.02982
70	71	0.955194
70	76	0.983036
70	77	0.919841
70	82	0.922334
70	85	1.06488
70	92	1.0332
70	99	0.933064
70	164	1.00686
70	167	1.05497
70	170	1.11409
70	175	0.988674
70	176	1.13007
71	4	1.01992
71	15	1.01169
71	20	0.995469
71	26	0.879779
71	56	0.962386
71	70	0.955194
71	77	0.907846
71	78	1.03886
71	82	0.910339
71	85	1.05289
71	89	0.985682
71	92	1.02121
71	99	0.92107
71	127	1.15539
71	134	1.16325
71	161	1.06324
71	168	1.16535
71	175	0.976679
72	25	0.965095
72	39	1.05537
72	42	0.931033
72	46	1.00822
72	61	0.972954
72	65	0.974667
72	69	0.950134
72	75	0.984588
72	88	0.958343
72	91	0.932812
72	103	0.961822
72	109	1.00937
72	113	0.986532
72	114	0.966111
72	162	0.964
72	172	1.13787
72	174	1.2201
72	178	1.17303
73	16	0.992777
73	31	1.14616
73	34	0.710924
73	40	1.04171
73	66	1.03534
73	80	1.00672
73	104	1.05001
73	132	1.05933
73	136	1.04308
73	140	1.01727
73	141	1.06451
73	142	1.06664
73	145	1.0798
73	146	1.03346
73	162	0.780847
73	167	0.97908
73	176	1.05418
73	178	0.989874
74	86	0.988016
74	102	0.981431
74	106	0.927127
74	117	0.981766
74	121	0.992085
74	122	0.985712
74	144	0.965405
74	147	0.945766
74	152	0.978577
74	155	0.965414
74	157	0.985989
74	158	0.981659
74	159	0.993683
74	161	1.14568
74	162	1.03566
74	166	0.914202
74	173	1.17145
74	178	1.24469
75	18	0.817361
75	25	1.03318
75	42	0.999118
75	53	0.966983
75	59	1.03318
75	65	1.04275
75	69	1.01822
75	72	0.984588
75	88	1.02643
75	91	1.0009
75	103	1.02991
75	109	1.07746
75	113	1.05462
75	114	1.0342
75	134	0.969187
75	168	0.971288
75	174	1.01525
75	177	0.964183
75	180	1.15183
76	5	0.864678
76	70	0.983036
76	104	1.01818
76	119	0.82664
76	152	0.942202
76	158	0.914736
76	163	1.06015
76	164	1.02708
76	165	1.00961
76	167	1.02998
76	169	1.03001
76	170	1.00234
76	171	1.04061
76	172	1.03674
76	173	1.05003
76	176	1.003
76	177	1.02205
76	178	1.02792
76	179	0.970477
77	4	0.984568
77	19	1.01649
77	20	0.960116
77	26	0.844426
77	38	1.02806
77	39	1.02887
77	52	0.982472
77	70	0.919841
77	71	0.907846
77	82	0.874986
77	85	1.01753
77	89	0.950329
77	92	0.985855
77	99	0.885717
77	124	1.18924
77	166	1.34794
77	173	1.0733
77	175	0.941326
77	176	1.21084
78	3	1.09178
78	24	0.830038
78	51	0.847205
78	71	1.03886
78	145	0.868578
78	146	0.94909
78	163	1.05903
78	164	1.02595
78	167	1.02885
78	168	1.02346
78	169	1.02888
78	170	1.00121
78	171	1.03949
78	172	1.03561
78	173	1.0489
78	176	1.00187
78	177	1.02092
78	178	1.02679
78	179	0.96935
79	28	1.21543
79	65	1.08266
79	109	1.01915
79	110	1.14036
79	142	1.12824
79	163	0.987014
79	164	0.953939
79	165	0.936468
79	167	0.956838
79	168	0.951448
79	169	0.95687
79	170	0.929201
79	171	0.967474
79	172	0.963603
79	173	0.976892
79	176	0.929862
79	177	0.948911
79	178	0.95478
79	179	0.897338
80	41	0.928457
80	60	0.97835
80	73	1.00672
80	98	0.923254
80	104	0.951748
80	106	1.30498
80	116	0.973198
80	132	0.961073
80	139	0.922098
80	140	0.919014
80	141	0.966249
80	142	0.968379
80	145	0.981543
80	146	0.935204
80	160	1.02775
80	164	1.11855
80	165	1.21365
80	170	1.22577
80	180	0.887198
81	4	1.08684
81	55	1.05341
81	68	1.22741
81	92	1.08813
81	99	0.987993
81	105	1.01542
81	111	1.09112
81	112	1.01084
81	123	1.00436
81	126	0.966448
81	129	1.01108
81	143	0.967696
81	149	0.822966
81	156	0.973163
81	160	0.881567
81	171	0.977759
81	174	1.00996
81	175	1.0436
81	180	0.971488
82	15	0.978829
82	19	1.01899
82	20	0.962609
82	26	0.846918
82	38	1.03055
82	52	0.984965
82	56	0.929526
82	70	0.922334
82	71	0.910339
82	77	0.874986
82	85	1.02003
82	92	0.988348
82	99	0.888209
82	163	1.10061
82	165	1.22043
82	168	1.18735
82	170	1.23256
82	172	1.14908
82	175	0.943819
83	58	1.08586
83	59	1.00245
83	98	1.27961
83	121	1.12551
83	159	1.09673
83	163	0.987014
83	164	0.953939
83	165	0.936468
83	167	0.956838
83	168	0.951448
83	169	0.95687
83	170	0.929201
83	171	0.967474
83	172	0.963603
83	173	0.976892
83	176	0.929862
83	177	0.948911
83	178	0.95478
83	179	0.897338
84	3	0.952727
84	8	1.0759
84	17	1.02587
84	27	1.03559
84	28	0.991955
84	55	1.02328
84	93	1.05301
84	95	0.962282
84	105	0.985297
84	106	1.1403
84	115	0.883863
84	123	0.985875
84	126	0.936325
84	128	1.02752
84	129	0.980959
84	130	1.01554
84	143	0.937572
84	170	1.0611
84	171	0.959271
84	180	1.19643
85	4	1.12961
85	20	1.10516
85	26	0.989465
85	38	1.1731
85	52	1.12751
85	56	1.07207
85	70	1.06488
85	71	1.05289
85	77	1.01753
85	82	1.02003
85	92	1.13089
85	99	1.03076
85	131	0.747473
85	163	0.776452
85	166	1.06148
85	168	0.863186
85	174	0.90715
85	175	1.08637
85	177	0.85608
85	179	1.05182
86	62	0.770585
86	74	0.988016
86	95	1.059
86	112	1.07744
86	116	0.833294
86	126	1.03304
86	128	1.12423
86	129	1.07767
86	130	1.11226
86	133	0.937186
86	152	0.768258
86	157	0.775531
86	158	0.740793
86	169	1.10393
86	170	1.07626
86	172	1.11067
86	174	1.07655
86	176	1.07692
86	179	1.0444
86	180	1.03808
87	37	1.05828
87	38	0.889535
87	91	0.982813
87	96	0.957231
87	100	0.96324
87	128	0.997891
87	163	1.03701
87	164	1.00394
87	165	0.986468
87	167	1.00684
87	168	1.00145
87	169	1.00687
87	170	0.979201
87	171	1.01747
87	172	1.0136
87	173	1.02689
87	176	0.979862
87	177	0.998911
87	178	1.00478
87	179	0.947338
88	25	1.00694
88	42	0.972873
88	53	0.940738
88	59	1.00694
88	61	1.01479
88	65	1.01651
88	69	0.991974
88	72	0.958343
88	75	1.02643
88	91	0.974652
88	101	1.16599
88	103	1.00366
88	109	1.05121
88	113	1.02837
88	114	1.00795
88	150	0.992346
88	167	1.01462
88	168	1.02852
88	170	1.07373
88	173	0.952175
89	2	1.19303
89	46	1.06405
89	51	0.857282
89	59	1.02093
89	71	0.985682
89	77	0.950329
89	91	0.988642
89	99	0.963552
89	110	0.923258
89	113	1.04236
89	114	1.02194
89	145	0.878654
89	147	1.04794
89	153	0.949576
89	170	0.98523
89	172	1.01963
89	175	1.01916
89	176	0.985891
89	177	1.00494
89	179	0.953367
90	38	0.845352
90	57	0.962249
90	95	1.11833
90	121	0.963285
90	128	0.953708
90	153	1.01085
90	163	1.03701
90	164	1.00394
90	165	0.986468
90	167	1.00684
90	168	1.00145
90	169	1.00687
90	170	0.979201
90	171	1.01747
90	172	1.0136
90	173	1.02689
90	176	0.979862
90	177	0.998911
90	178	1.00478
90	179	0.947338
91	35	1.41435
91	42	0.947342
91	46	1.02452
91	53	0.915207
91	59	0.981408
91	61	0.989263
91	65	0.990976
91	69	0.966443
91	72	0.932812
91	75	1.0009
91	87	0.982813
91	88	0.974652
91	89	0.988642
91	103	0.978131
91	109	1.02568
91	113	1.00284
91	114	0.98242
91	156	0.932556
91	167	0.979866
91	175	0.966675
91	180	1.17431
92	15	1.0897
92	20	1.07348
92	26	0.957787
92	38	1.14142
92	52	1.09583
92	56	1.04039
92	66	0.966271
92	70	1.0332
92	71	1.02121
92	77	0.985855
92	81	1.08813
92	82	0.988348
92	85	1.13089
92	99	0.999078
92	108	0.890999
92	125	0.834086
92	161	0.821794
92	166	1.12221
92	174	0.967875
92	175	1.05469
92	178	0.9208
93	7	1.09738
93	8	1.11211
93	11	1.09956
93	12	1.10553
93	28	1.02816
93	55	1.05949
93	84	1.05301
93	101	1.05177
93	105	1.02151
93	126	0.972534
93	128	1.06373
93	129	1.01717
93	130	1.05175
93	134	1.04591
93	143	0.973782
93	160	0.761495
93	172	0.876042
93	173	0.837958
93	174	0.958271
93	176	0.9755
93	179	1.10294
94	13	1.10685
94	24	1.0685
94	48	0.999831
94	54	1.06686
94	97	1.07952
94	111	1.10536
94	112	1.02508
94	120	0.850031
94	124	1.01173
94	135	1.08338
94	136	1.04335
94	160	0.78225
94	165	0.968144
94	166	1.13336
94	172	0.896798
94	174	1.0242
94	176	0.996255
94	180	0.985728
95	3	0.898211
95	8	1.02138
95	9	1.01702
95	11	1.00883
95	12	1.01481
95	17	0.971352
95	28	0.937439
95	84	0.962282
95	86	1.059
95	90	1.11833
95	105	0.930781
95	115	1.04144
95	126	0.881809
95	128	0.973
95	129	0.926443
95	130	0.961027
95	134	0.955188
95	143	0.883056
95	160	1.02066
95	163	1.08674
95	177	1.16637
95	180	1.35401
96	87	0.957231
96	121	1.05304
96	122	1.04667
96	133	0.990485
96	137	1.01574
96	138	1.01031
96	144	1.02636
96	147	1.00672
96	152	1.03953
96	153	1.03035
96	155	1.02637
96	156	0.906974
96	157	1.04694
96	158	1.04261
96	159	1.05464
96	160	0.815378
96	165	1.00127
96	166	0.975156
96	168	0.96819
96	175	1.03713
96	176	1.02938
96	180	1.14873
97	13	1.08084
97	24	1.04249
97	48	0.97382
97	54	1.04085
97	68	1.17565
97	94	1.07952
97	106	0.982788
97	111	1.07935
97	112	0.999072
97	123	0.952596
97	124	0.985716
97	135	1.05737
97	136	1.01734
97	148	0.900837
97	169	0.973303
97	173	0.906262
97	174	0.998189
97	178	0.9795
97	180	0.959717
98	6	0.921989
98	40	0.958239
98	44	0.922609
98	49	1.03036
98	62	0.989481
98	80	0.923254
98	83	1.27961
98	100	1.00943
98	116	0.987986
98	124	1.21213
98	132	0.975862
98	139	0.936886
98	140	0.933802
98	141	0.981038
98	142	0.983168
98	145	0.996331
98	146	0.949993
98	160	1.01972
98	162	0.960395
98	175	1.14544
98	178	1.16942
98	180	0.901986
99	4	0.997791
99	19	1.02972
99	20	0.973339
99	26	0.857649
99	34	0.894723
99	38	1.04128
99	52	0.995696
99	56	0.940257
99	70	0.933064
99	71	0.92107
99	77	0.885717
99	81	0.987993
99	82	0.888209
99	85	1.03076
99	89	0.963552
99	92	0.999078
99	124	1.21638
99	135	1.06707
99	164	1.11477
99	166	1.37508
99	171	1.12016
99	175	0.95455
100	10	0.825352
100	41	1.01463
100	87	0.96324
100	98	1.00943
100	106	1.09861
100	107	1.09354
100	116	1.05938
100	119	1.08308
100	132	1.04725
100	139	1.00828
100	140	1.00519
100	141	1.05243
100	143	0.969584
100	145	1.06772
100	146	1.02138
100	166	0.983521
100	169	0.96489
100	170	1.01941
100	174	1.01185
100	175	0.947102
100	178	0.971088
100	180	0.973376
101	11	1.00552
101	88	1.16599
101	93	1.05177
101	129	1.16459
101	139	1.26126
101	158	1.13804
101	160	0.998486
101	161	0.969584
101	162	1.01973
101	163	0.973502
101	164	0.940427
101	165	0.922956
101	167	0.943326
101	168	0.937936
101	169	0.943359
101	170	0.915689
101	171	0.953962
101	172	0.950091
101	173	0.96338
101	176	0.91635
101	177	0.9354
101	178	0.941268
101	179	0.883826
102	51	1.05834
102	74	0.981431
102	110	0.99954
102	117	1.02101
102	120	0.952043
102	122	1.02496
102	133	0.968779
102	135	0.927358
102	137	0.994038
102	144	1.00465
102	147	0.985013
102	152	1.01782
102	153	1.00865
102	155	1.00466
102	157	1.02524
102	158	1.02091
102	159	1.03293
102	166	0.953449
102	168	1.03707
102	171	0.980454
102	173	0.960725
102	174	1.08104
102	179	1.2257
103	25	1.01042
103	42	0.976353
103	46	1.05354
103	53	0.944217
103	57	1.02223
103	61	1.01827
103	65	1.01999
103	69	0.995453
103	72	0.961822
103	75	1.02991
103	88	1.00366
103	91	0.978131
103	108	0.987063
103	109	1.05469
103	113	1.03185
103	114	1.01143
103	124	1.05321
103	131	0.897901
103	134	1.01151
103	163	0.926879
103	166	1.21191
103	169	1.00431
103	174	1.05758
104	34	0.821961
104	44	0.951102
104	62	1.01797
104	73	1.05001
104	76	1.01818
104	80	0.951748
104	116	1.01648
104	131	0.988309
104	132	1.00436
104	135	1.02813
104	136	0.988103
104	139	0.96538
104	140	0.962296
104	141	1.00953
104	142	1.01166
104	145	1.02482
104	146	0.978486
104	150	1.06784
104	166	0.940625
104	168	1.10402
104	169	1.09471
104	174	0.968952
104	179	1.29265
104	180	0.93048
105	6	1.24618
105	7	1.02967
105	9	1.04004
105	11	1.03185
105	12	1.03782
105	17	0.994368
105	27	1.00409
105	55	0.991783
105	81	1.01542
105	84	0.985297
105	93	1.02151
105	95	0.930781
105	126	0.904824
105	128	0.996015
105	129	0.949458
105	130	0.984043
105	134	0.978203
105	143	0.906071
105	163	0.931304
105	167	1.00413
105	168	1.01804
105	169	1.00873
105	177	1.01093
105	179	1.20667
106	27	1.05925
106	40	1.22185
106	74	0.927127
106	80	1.30498
106	84	1.1403
106	97	0.982788
106	100	1.09861
106	111	1.00863
106	112	0.928355
106	119	1.0369
106	148	0.976736
106	153	0.954344
106	155	0.950357
106	157	0.970932
106	159	0.978627
106	170	0.927183
106	171	0.965456
106	174	0.927472
106	176	0.927844
106	177	0.946893
106	178	0.952762
106	179	0.89532
106	180	0.889
107	18	1.06424
107	41	1.02736
107	44	1.00672
107	45	0.847336
107	49	1.11447
107	64	1.08502
107	100	1.09354
107	116	1.0721
107	119	1.09581
107	132	1.05997
107	139	1.021
107	140	1.01791
107	141	1.06515
107	142	1.06728
107	145	1.08044
107	146	1.0341
107	161	0.852242
107	166	0.996241
107	171	0.897739
107	172	0.916095
107	175	0.927262
107	177	0.947253
107	178	0.951248
107	180	0.986096
108	28	1.08183
108	51	0.94079
108	57	1.00215
108	69	0.975374
108	92	0.890999
108	103	0.987063
108	109	1.03461
108	113	1.01177
108	114	0.991351
108	119	1.02617
108	129	0.994215
108	132	0.990332
108	137	1.115
108	138	1.07011
108	142	0.997638
108	145	1.0108
108	146	0.964463
108	159	0.956738
108	167	0.982277
108	173	1.00233
108	176	0.955301
108	177	0.97435
108	178	0.980219
108	179	0.922776
109	25	1.05797
109	42	1.0239
109	46	1.10109
109	53	0.991768
109	59	1.05797
109	61	1.06582
109	65	1.06754
109	69	1.043
109	72	1.00937
109	75	1.07746
109	79	1.01915
109	88	1.05121
109	91	1.02568
109	103	1.05469
109	108	1.03461
109	113	1.0794
109	114	1.05898
109	163	0.831732
109	168	0.918466
109	171	0.861846
109	172	0.880202
109	174	0.96243
109	175	0.89137
109	180	1.099
110	39	0.918906
110	58	1.00981
110	63	0.928224
110	67	0.985509
110	79	1.14036
110	89	0.923258
110	102	0.99954
110	121	1.01019
110	122	1.00382
110	137	0.9729
110	138	0.967468
110	144	0.983514
110	147	0.963875
110	152	0.996686
110	153	0.98751
110	155	0.983523
110	157	1.0041
110	158	0.999768
110	159	1.01179
110	167	1.02577
110	168	1.03968
110	174	1.08364
110	175	0.994281
110	180	1.22022
111	13	1.10669
111	24	1.06834
111	48	0.999664
111	54	1.06669
111	81	1.09112
111	94	1.10536
111	97	1.07935
111	106	1.00863
111	112	1.02492
111	124	1.01156
111	135	1.08321
111	136	1.04318
111	164	0.834914
111	166	1.09523
111	168	0.896927
111	170	0.942136
111	171	0.840308
111	174	1.02403
111	175	0.869831
111	179	1.08556
111	180	0.98556
112	13	1.02641
112	24	0.988061
112	34	1.08875
112	36	0.975888
112	48	0.919388
112	54	0.986417
112	68	1.22598
112	81	1.01084
112	86	1.07744
112	94	1.02508
112	97	0.999072
112	106	0.928355
112	111	1.02492
112	124	0.931284
112	135	1.00293
112	136	0.962908
112	150	0.99677
112	151	0.986165
112	169	1.02364
112	171	0.976328
112	172	0.994683
112	174	0.943757
112	179	1.22158
112	180	0.905285
113	21	0.85622
113	25	1.03512
113	42	1.00106
113	46	1.07824
113	53	0.968927
113	59	1.03513
113	61	1.04298
113	65	1.0447
113	69	1.02016
113	72	0.986532
113	75	1.05462
113	88	1.02837
113	89	1.04236
113	91	1.00284
113	103	1.03185
113	108	1.01177
113	109	1.0794
113	114	1.03614
113	127	0.956835
113	134	0.9647
113	143	1.18431
113	162	0.754664
113	172	0.928537
113	178	0.963691
113	179	1.15543
114	25	1.0147
114	42	0.980641
114	46	1.05782
114	53	0.948506
114	57	1.02652
114	59	1.01471
114	61	1.02256
114	65	1.02428
114	69	0.999742
114	72	0.966111
114	75	1.0342
114	88	1.00795
114	89	1.02194
114	91	0.98242
114	103	1.01143
114	108	0.991351
114	109	1.05898
114	113	1.03614
114	134	1.01173
114	135	0.90411
114	143	1.23134
114	163	0.927092
114	165	1.04691
114	170	1.05904
114	173	0.937478
114	175	0.98673
115	84	0.883863
115	95	1.04144
115	116	0.961053
115	122	0.86373
115	139	0.991768
115	140	0.996326
115	153	0.933968
115	156	1.01382
115	157	0.90329
115	160	1.06235
115	161	1.03344
115	162	1.08359
115	163	1.03736
115	164	1.00429
115	165	0.986816
115	167	1.00719
115	168	1.0018
115	169	1.00722
115	170	0.979549
115	171	1.01782
115	172	1.01395
115	173	1.02724
115	176	0.98021
115	177	0.999259
115	178	1.00513
115	179	0.947686
116	34	0.81102
116	40	1.00818
116	44	0.972553
116	62	1.03943
116	64	1.22375
116	80	0.973198
116	86	0.833294
116	98	0.987986
116	100	1.05938
116	104	1.01648
116	107	1.0721
116	115	0.961053
116	119	1.06164
116	132	1.02581
116	139	0.98683
116	140	0.983746
116	141	1.03098
116	142	1.03311
116	145	1.04627
116	148	1.01131
116	156	1.03187
116	161	0.990964
116	166	0.962075
116	174	0.990402
116	177	1.08598
116	180	0.95193
117	50	1.05939
117	58	1.03128
117	67	1.00698
117	74	0.981766
117	102	1.02101
117	121	1.03167
117	133	0.969114
117	137	0.994373
117	138	0.988941
117	143	1.26765
117	144	1.00499
117	147	0.985348
117	152	1.01816
117	153	1.00898
117	155	1.005
117	157	1.02557
117	158	1.02124
117	159	1.03327
117	160	0.897325
117	162	0.837999
117	163	0.963403
117	165	1.08322
117	167	1.03623
117	173	0.973788
117	175	1.01575
117	177	1.04303
118	1	1.25566
118	42	0.944135
118	48	1.10658
118	51	0.883504
118	129	0.93693
118	130	0.84721
118	140	1.03816
118	142	0.937362
118	154	0.930424
118	156	1.00099
118	160	1.04952
118	161	1.02062
118	162	1.07076
118	163	1.02454
118	164	0.991461
118	165	0.97399
118	167	0.99436
118	168	0.98897
118	169	0.994393
118	170	0.966723
118	171	1.005
118	172	1.00113
118	173	1.01441
118	176	0.967385
118	177	0.986434
118	178	0.992302
118	179	0.93486
119	16	0.982961
119	35	1.33306
119	41	1.0169
119	60	1.06679
119	62	1.06313
119	76	0.82664
119	100	1.08308
119	106	1.0369
119	107	1.09581
119	108	1.02617
119	116	1.06164
119	127	0.902516
119	134	0.910381
119	136	1.03326
119	139	1.01054
119	140	1.00745
119	141	1.05469
119	142	1.05682
119	143	0.971847
119	145	1.06998
119	146	1.02365
119	166	0.985784
119	167	0.898577
119	170	0.957691
119	171	0.855863
119	174	1.01411
119	177	0.905377
119	180	0.975639
120	13	0.952759
120	94	0.850031
120	102	0.952043
120	129	0.942096
120	136	0.97114
120	139	1.03876
120	145	0.910043
120	150	1.02031
120	152	0.943013
120	154	0.95038
120	156	1.02095
120	158	0.915548
120	160	1.06948
120	161	1.04057
120	162	1.09072
120	163	1.04449
120	164	1.01142
120	165	0.993946
120	167	1.01432
120	168	1.00893
120	169	1.01435
120	170	0.986679
120	171	1.02495
120	172	1.02108
120	173	1.03437
120	176	0.98734
120	177	1.00639
120	178	1.01226
120	179	0.954816
121	29	0.948108
121	30	0.997038
121	64	1.14909
121	74	0.992085
121	83	1.12551
121	90	0.963285
121	96	1.05304
121	110	1.01019
121	117	1.03167
121	122	1.03561
121	133	0.979432
121	134	1.0223
121	137	1.00469
121	138	0.999259
121	144	1.01531
121	147	0.995666
121	149	0.807014
121	152	1.02848
121	153	1.0193
121	155	1.01531
121	157	1.03589
121	158	1.03156
121	159	1.04358
121	161	0.916309
121	164	0.956413
121	166	0.964102
121	169	1.00912
121	175	1.02607
121	177	1.01132
122	5	1.06271
122	10	1.07371
122	18	0.84183
122	30	0.990665
122	63	0.953642
122	74	0.985712
122	96	1.04667
122	102	1.02496
122	110	1.00382
122	115	0.86373
122	121	1.03561
122	133	0.973059
122	137	0.998318
122	144	1.00893
122	147	0.989293
122	152	1.0221
122	153	1.01293
122	155	1.00894
122	157	1.02952
122	158	1.02519
122	159	1.03721
122	169	0.986449
122	170	1.04097
122	172	0.957493
122	174	1.03972
122	175	1.0197
122	176	1.05695
122	178	0.992646
122	179	1.18439
123	11	0.838044
123	38	0.870478
123	81	1.00436
123	84	0.985875
123	97	0.952596
123	126	1.13841
123	136	1.02616
123	150	1.00512
123	151	1.00326
123	152	0.998029
123	153	1.03598
123	154	0.935181
123	156	1.00575
123	160	1.05428
123	161	1.02538
123	162	1.07552
123	163	1.02929
123	164	0.996218
123	165	0.978748
123	167	0.999118
123	168	0.993728
123	169	0.99915
123	170	0.971481
123	171	1.00975
123	172	1.00588
123	173	1.01917
123	176	0.972142
123	177	0.991191
123	178	0.99706
123	179	0.939618
124	41	1.14298
124	48	0.906032
124	56	1.02918
124	77	1.18924
124	94	1.01173
124	97	0.985716
124	98	1.21213
124	99	1.21638
124	103	1.05321
124	111	1.01156
124	112	0.931284
124	128	1.04844
124	145	1.03467
124	147	0.933638
124	148	0.979665
124	152	0.966449
124	153	0.957273
124	155	0.953286
124	157	0.973861
124	158	0.969531
124	159	0.981555
124	169	0.957781
124	171	0.968385
124	172	0.964514
124	174	0.930401
124	176	0.930773
124	177	0.949822
124	178	0.955691
124	179	0.898249
124	180	0.891929
125	31	0.822623
125	57	0.927565
125	69	1.06137
125	92	0.834086
125	133	1.10715
125	137	1.05809
125	145	0.905249
125	147	1.07454
125	150	1.00512
125	151	1.00326
125	154	0.935181
125	155	1.02193
125	156	1.00575
125	160	1.05428
125	161	1.02538
125	162	1.07552
125	163	1.02929
125	164	0.996218
125	165	0.978748
125	167	0.999118
125	168	0.993728
125	169	0.99915
125	170	0.971481
125	171	1.00975
125	172	1.00588
125	173	1.01917
125	176	0.972142
125	177	0.991191
125	178	0.99706
125	179	0.939618
126	3	0.872253
126	7	0.980694
126	8	0.995425
126	9	0.991062
126	11	0.982877
126	12	0.988848
126	17	0.945395
126	18	0.93903
126	27	0.955121
126	28	0.911481
126	36	0.931493
126	55	0.94281
126	81	0.966448
126	84	0.936325
126	86	1.03304
126	93	0.972534
126	95	0.881809
126	105	0.904824
126	123	1.13841
126	128	0.947042
126	129	0.900485
126	130	0.93507
126	134	0.929231
126	143	0.857098
126	150	1.13224
126	164	1.10641
126	166	1.36672
126	170	1.21363
126	174	1.21239
126	176	1.22961
126	178	1.16531
127	46	0.958782
127	71	1.15539
127	113	0.956835
127	119	0.902516
127	144	1.0492
127	146	1.06562
127	149	1.07664
127	150	0.987138
127	151	0.985281
127	152	1.01808
127	154	0.917203
127	156	0.987774
127	157	1.02535
127	159	0.979684
127	160	1.0363
127	161	1.0074
127	162	1.05754
127	163	1.01132
127	164	0.978241
127	165	0.96077
127	167	0.98114
127	168	0.97575
127	169	0.981172
127	170	0.953503
127	171	0.991776
127	172	0.987905
127	173	1.00119
127	176	0.954164
127	177	0.973213
127	178	0.979082
127	179	0.92164
128	3	0.963444
128	7	1.07189
128	8	1.08662
128	9	1.08225
128	11	1.07407
128	12	1.08004
128	17	1.03659
128	18	1.03022
128	27	1.04631
128	28	1.00267
128	36	1.02268
128	55	1.034
128	84	1.02752
128	86	1.12423
128	87	0.997891
128	90	0.953708
128	93	1.06373
128	95	0.973
128	105	0.996015
128	124	1.04844
128	126	0.947042
128	129	0.991676
128	130	1.02626
128	134	1.02042
128	149	0.797437
128	150	0.972672
128	151	0.962067
128	160	0.856038
128	163	0.922116
128	175	0.981753
128	176	1.07004
129	3	0.916887
129	7	1.02533
129	8	1.04006
129	9	1.0357
129	11	1.02751
129	12	1.03348
129	17	0.990029
129	27	0.999755
129	28	0.956115
129	36	0.976127
129	55	0.987444
129	81	1.01108
129	84	0.980959
129	86	1.07767
129	93	1.01717
129	95	0.926443
129	101	1.16459
129	105	0.949458
129	108	0.994215
129	118	0.93693
129	120	0.942096
129	126	0.900485
129	128	0.991676
129	130	0.979704
129	134	0.973865
129	143	0.901732
129	154	1.18543
129	156	0.965912
129	174	1.07109
129	177	1.02002
129	180	1.20767
130	3	0.951472
130	6	1.16555
130	7	1.05991
130	8	1.07464
130	9	1.07028
130	11	1.0621
130	12	1.06807
130	17	1.02461
130	18	1.01825
130	27	1.03434
130	28	0.9907
130	36	1.01071
130	47	1.43028
130	55	1.02203
130	84	1.01554
130	86	1.11226
130	93	1.05175
130	95	0.961027
130	105	0.984043
130	118	0.84721
130	126	0.93507
130	128	1.02626
130	129	0.979704
130	134	1.00845
130	143	0.936317
130	149	0.725994
130	167	0.923502
130	170	0.982615
130	172	0.899142
130	173	0.861058
130	175	0.91031
130	180	1.11795
131	25	0.978524
131	28	0.999031
131	69	1.03548
131	85	0.747473
131	103	0.897901
131	104	0.988309
131	132	0.943404
131	137	1.0322
131	141	0.917088
131	142	0.911847
131	149	1.10845
131	150	1.01896
131	151	1.0171
131	154	0.949022
131	156	1.01959
131	160	1.06812
131	161	1.03922
131	162	1.08936
131	163	1.04313
131	164	1.01006
131	165	0.992588
131	167	1.01296
131	168	1.00757
131	169	1.01299
131	170	0.985321
131	171	1.02359
131	172	1.01972
131	173	1.03301
131	176	0.985982
131	177	1.00503
131	178	1.0109
131	179	0.953458
132	10	0.91027
132	29	0.988798
132	31	1.10051
132	33	1.38251
132	34	0.777056
132	40	0.996058
132	41	0.981064
132	44	0.960428
132	49	1.06818
132	73	1.05933
132	80	0.961073
132	98	0.975862
132	100	1.04725
132	104	1.00436
132	107	1.05997
132	108	0.990332
132	116	1.02581
132	131	0.943404
132	136	0.997429
132	139	0.974705
132	140	0.971621
132	141	1.01886
132	142	1.02099
132	143	0.936013
132	145	1.03415
132	146	0.987812
132	154	1.21742
132	160	0.906305
132	161	0.957
132	163	0.972383
132	166	0.94995
132	174	0.978277
132	175	1.03202
133	1	0.896394
133	22	0.976946
133	34	1.07487
133	43	1.0184
133	58	0.979047
133	63	0.897462
133	86	0.937186
133	96	0.990485
133	102	0.968779
133	117	0.969114
133	121	0.979432
133	122	0.973059
133	125	1.10715
133	135	1.08726
133	136	0.949028
133	137	0.942138
133	138	0.936706
133	144	0.952753
133	147	0.933113
133	152	0.965924
133	153	0.956749
133	154	1.35527
133	155	0.952761
133	157	0.973336
133	158	0.969006
133	159	0.981031
133	162	0.984835
133	166	0.901549
133	171	1.14035
133	173	1.12062
133	174	1.24094
133	175	0.963519
133	177	1.18987
134	3	0.945633
134	46	0.966647
134	49	0.965249
134	60	1.07348
134	71	1.16325
134	75	0.969187
134	93	1.04591
134	95	0.955188
134	103	1.01151
134	105	0.978203
134	113	0.9647
134	114	1.01173
134	119	0.910381
134	121	1.0223
134	126	0.929231
134	128	1.02042
134	129	0.973865
134	130	1.00845
134	138	0.979572
134	140	1.12625
134	144	0.995618
134	152	1.00879
134	155	0.995627
134	157	1.0162
134	158	1.01187
134	159	1.0239
134	164	0.99719
134	165	0.97972
134	168	0.9947
134	169	1.00012
134	173	1.02014
134	176	0.973114
134	177	0.992163
134	179	0.94059
135	5	0.840804
135	30	1.04026
135	48	0.977683
135	54	1.04471
135	65	0.872263
135	94	1.08338
135	97	1.05737
135	99	1.06707
135	102	0.927358
135	104	1.02813
135	111	1.08321
135	112	1.00293
135	114	0.90411
135	133	1.08726
135	139	0.99848
135	140	0.995396
135	144	0.949454
135	145	1.05792
135	146	1.01159
135	152	0.918328
135	159	0.879934
135	166	0.973725
135	169	1.02943
135	170	1.00176
135	171	1.04004
135	172	1.03616
135	174	1.00205
135	176	1.00242
135	177	1.02147
135	178	1.02734
135	179	0.969899
135	180	0.96358
136	14	1.19065
136	24	1.00633
136	54	1.00468
136	73	1.04308
136	94	1.04335
136	97	1.01734
136	104	0.988103
136	111	1.04318
136	112	0.962908
136	119	1.03326
136	120	0.97114
136	123	1.02616
136	132	0.997429
136	133	0.949028
136	138	0.968855
136	139	0.958453
136	142	1.00473
136	146	0.97156
136	148	0.974397
136	151	1.00939
136	152	0.998073
136	153	0.988898
136	155	0.98491
136	157	1.00549
136	158	1.00116
136	159	1.01318
136	164	0.994158
136	165	1.08925
136	166	0.933698
136	167	1.04227
136	174	0.962025
136	176	1.11736
136	177	1.04907
136	180	0.923553
137	1	0.921653
137	2	0.917254
137	22	1.00221
137	30	0.959744
137	37	0.96608
137	50	1.03241
137	51	1.03169
137	63	0.922721
137	67	0.980006
137	96	1.01574
137	102	0.994038
137	108	1.115
137	110	0.9729
137	117	0.994373
137	121	1.00469
137	122	0.998318
137	125	1.05809
137	131	1.0322
