1	3	0.700161
1	29	0.690833
1	50	0.732689
1	69	0.699287
1	72	0.786093
1	80	0.749075
1	85	0.739092
1	128	3.07566
1	138	0.735619
1	159	2.5781
1	164	0.655529
1	175	0.740957
2	120	0.816446
2	138	1.87483
2	139	0.810355
2	141	0.811449
2	142	0.809572
2	146	0.808249
2	155	0.819451
2	157	0.817077
2	167	1.86458
2	171	0.758563
2	176	0.735169
2	180	2.27751
3	1	0.700161
3	9	2.04021
3	29	0.690342
3	50	0.732197
3	69	0.698796
3	72	0.785602
3	80	0.748584
3	85	0.7386
3	138	0.735127
3	164	0.655038
3	175	0.740466
3	177	3.46851
4	13	2.84342
4	94	0.709574
4	119	0.68638
4	124	0.775926
4	131	0.710638
4	141	0.71548
4	142	0.713602
4	146	0.71228
4	153	0.727914
4	155	0.723482
4	157	0.721107
4	166	2.80656
5	105	1.99844
5	109	0.692484
5	111	0.757839
5	122	2.12105
5	159	0.746735
5	164	0.677068
5	172	0.733921
5	174	0.725386
5	177	0.728755
5	178	0.687486
5	179	0.710897
5	180	0.737138
6	12	0.762223
6	14	0.57735
6	25	0.742994
6	32	0.72023
6	58	0.770174
6	61	0.742849
6	71	0.672068
6	93	0.758762
6	98	0.705415
6	102	0.740559
6	144	2.91137
6	161	2.71308
7	31	0.732182
7	46	0.716657
7	48	0.649164
7	59	0.789838
7	62	0.748387
7	68	0.690135
7	73	0.735926
7	76	0.735598
7	125	1.90244
7	148	4.2424
7	152	0.720591
7	162	0.715768
8	49	0.632341
8	58	0.696811
8	98	0.632052
8	102	0.667196
8	121	0.638052
8	123	0.671544
8	126	0.665044
8	127	0.664913
8	146	0.638604
8	153	0.654239
8	157	0.647431
8	159	5.24803
9	3	2.04021
9	84	1.27657
9	117	0.791396
9	151	0.803832
9	154	0.834641
9	157	0.705952
9	172	0.807713
9	174	0.799178
9	177	0.802546
9	178	0.761277
9	179	0.784689
9	180	0.81093
10	17	0.725789
10	95	1.81088
10	122	2.23323
10	128	0.717769
10	143	0.704435
10	154	0.747644
10	158	0.727319
10	163	0.722586
10	168	0.710266
10	174	0.712181
10	179	0.697692
10	180	0.723933
11	68	0.693662
11	69	0.695721
11	73	0.739453
11	76	0.739125
11	84	0.742655
11	85	0.735526
11	86	2.23988
11	99	0.751944
11	104	0.738944
11	173	0.652589
11	175	0.737391
11	180	3.20536
12	6	0.762223
12	32	0.80545
12	37	0.794825
12	49	0.790923
12	58	0.855393
12	61	0.828069
12	65	1.40564
12	71	0.757288
12	98	0.790635
12	102	0.825779
12	171	2.59364
12	179	2.08292
13	4	2.84342
13	33	1.45372
13	107	0.704636
13	144	0.707494
13	151	0.712225
13	154	0.743034
13	161	0.756032
13	167	0.751255
13	169	0.722961
13	170	0.704078
13	178	0.66967
13	180	0.719323
14	6	0.57735
14	80	0.637597
14	85	0.627613
14	87	0.540337
14	98	0.605761
14	102	0.640905
14	117	0.584587
14	170	0.588875
14	175	0.629479
14	177	0.595737
14	179	0.57788
14	180	0.604121
15	35	2.19697
15	51	0.503778
15	87	3.75692
15	119	0.777003
15	139	0.805008
15	141	0.806102
15	142	0.804225
15	153	0.818537
15	155	0.814104
15	157	0.81173
15	175	0.820068
15	176	0.729822
16	46	2.30901
16	60	0.659253
16	138	0.762048
16	153	1.67916
16	164	0.681958
16	166	0.752064
16	170	0.726783
16	174	0.730276
16	176	0.677139
16	177	0.733644
16	179	0.715787
16	180	0.742028
17	10	0.725789
17	75	2.30631
17	88	0.742445
17	126	1.75241
17	143	0.712904
17	144	0.720572
17	169	0.73604
17	170	0.717156
17	177	0.724018
17	178	0.682749
17	179	0.70616
17	180	0.732401
18	27	0.748759
18	69	0.680605
18	80	0.730393
18	85	0.720409
18	86	3.01515
18	93	2.70751
18	103	0.696128
18	116	0.710876
18	153	0.720743
18	155	0.71631
18	157	0.713936
18	171	0.655423
18	175	0.722274
19	81	1.72449
19	89	0.777235
19	108	0.789505
19	120	0.790986
19	139	0.784895
19	141	0.785989
19	146	0.782789
19	153	0.798424
19	155	0.793991
19	157	0.791616
19	163	2.733
19	167	1.91006
19	176	0.709708
20	77	1.66012
20	119	0.750121
20	120	0.784218
20	122	0.793905
20	131	0.774379
20	133	2.36145
20	141	0.779221
20	142	0.777343
20	146	0.776021
20	153	0.791656
20	155	0.787223
20	157	0.784848
20	158	2.38763
21	40	0.682112
21	56	0.713968
21	57	0.722778
21	75	0.702367
21	82	0.74142
21	101	0.704686
21	103	0.712712
21	116	0.727459
21	150	0.721564
21	158	2.18258
21	162	0.720763
21	171	0.672006
21	173	3.90537
22	100	2.5564
22	127	1.93139
22	137	0.742787
22	149	0.655363
22	154	0.739598
22	160	0.737278
22	166	0.725923
22	168	0.702219
22	174	0.704134
22	177	0.707502
22	178	0.666234
22	179	0.689645
22	180	0.715886
23	55	0.697267
23	100	0.699018
23	105	0.724465
23	110	0.719356
23	121	0.707229
23	123	0.740721
23	126	0.73422
23	127	0.734089
23	129	2.98147
23	165	0.711567
23	172	3.0137
23	175	0.724946
23	176	0.6347
24	49	0.709722
24	71	0.676086
24	91	1.85659
24	98	0.709434
24	99	2.53664
24	102	0.744578
24	139	0.718091
24	155	0.727187
24	157	0.724813
24	167	0.739726
24	178	0.658141
24	179	0.681552
24	180	0.707793
25	6	0.742994
25	32	0.786221
25	37	0.775595
25	49	0.771694
25	58	0.836164
25	61	0.80884
25	71	0.738059
25	98	0.771406
25	102	0.80655
25	133	0.771963
25	154	1.59513
25	161	1.59872
25	173	3.37784
26	50	2.77413
26	61	0.737906
26	65	0.705228
26	91	1.69861
26	98	0.700472
26	102	0.735616
26	121	0.706472
26	126	0.733463
26	127	0.733332
26	161	0.735541
26	178	0.649179
26	179	0.67259
26	180	0.698831
27	18	0.748759
27	45	0.798816
27	56	0.782857
27	57	0.791667
27	74	0.770784
27	82	0.810308
27	96	0.841718
27	101	0.773575
27	116	0.796347
27	158	2.17379
27	164	0.722318
27	166	2.06642
27	172	2.18566
28	65	0.71449
28	77	0.756043
28	89	2.28918
28	159	0.71769
28	161	0.744802
28	162	2.1711
28	169	0.711731
28	170	0.692848
28	174	0.696341
28	177	0.699709
28	178	0.658441
28	179	0.681852
28	180	0.708093
29	1	0.690833
29	3	0.690342
29	41	3.03062
29	50	0.72287
29	69	0.689468
29	72	0.776274
29	80	0.739256
29	85	0.729273
29	129	0.696183
29	132	2.72872
29	133	0.707978
29	164	0.64571
29	175	0.731138
30	36	0.707847
30	47	0.771081
30	54	0.758804
30	64	0.809521
30	70	0.785502
30	78	0.736165
30	84	0.788975
30	91	0.806651
30	99	0.798264
30	104	0.785264
30	115	1.23629
30	143	2.05954
30	173	0.698909
30	176	3.64242
31	7	0.732182
31	42	0.792089
31	46	0.762374
31	48	0.694881
31	59	0.835556
31	62	0.794104
31	68	0.735852
31	73	0.781643
31	76	0.781315
31	106	1.64285
31	152	0.766308
31	156	1.7923
31	162	0.761485
31	171	3.46705
32	6	0.72023
32	12	0.80545
32	25	0.786221
32	37	0.752832
32	49	0.74893
32	58	0.8134
32	61	0.786076
32	71	0.715295
32	98	0.748642
32	102	0.783786
32	113	1.27837
32	133	0.7492
32	168	2.26797
32	173	3.40541
33	13	1.45372
33	36	0.707123
33	44	0.766104
33	54	0.75808
33	70	0.784778
33	84	0.788251
33	91	0.805926
33	99	0.797539
33	104	0.78454
33	114	1.24645
33	150	0.765692
33	165	0.769607
33	173	0.698185
33	176	3.89191
34	56	0.770573
34	57	0.779383
34	74	0.758501
34	75	0.758972
34	87	0.706321
34	96	0.829434
34	101	0.761291
34	103	0.769316
34	106	1.93936
34	116	0.784064
34	162	0.777367
34	171	0.728611
34	177	2.48593
34	180	2.36519
35	15	2.19697
35	53	2.87099
35	135	0.639985
35	149	0.652397
35	154	0.736631
35	158	0.716306
35	159	0.722517
35	161	0.749629
35	168	0.699252
35	170	0.697674
35	177	0.704536
35	178	0.663267
35	179	0.686679
35	180	0.71292
36	30	0.707847
36	33	0.707123
36	47	0.692768
36	54	0.680491
36	64	0.731208
36	84	0.710662
36	91	0.728338
36	97	0.734202
36	99	0.719951
36	104	0.706951
36	150	0.688104
36	166	2.03448
36	173	0.620596
36	176	4.50954
37	12	0.794825
37	25	0.775595
37	32	0.752832
37	49	0.738305
37	51	0.806561
37	58	0.802775
37	61	0.77545
37	71	0.704669
37	98	0.738016
37	102	0.77316
37	128	2.0931
37	133	0.738574
37	144	2.19179
37	163	2.55556
38	90	0.72314
38	107	0.690196
38	117	0.68535
38	157	2.50571
38	158	0.708269
38	159	0.714481
38	161	0.741593
38	166	0.71492
38	168	0.691216
38	170	0.689638
38	175	2.2776
38	178	0.655231
38	179	0.678643
38	180	0.704884
39	63	1.56658
39	80	0.944593
39	114	0.798476
39	136	0.801281
39	145	0.741559
39	153	1.82082
39	163	0.773431
39	164	0.714708
39	169	0.778416
39	172	0.771561
39	174	0.763026
39	178	0.725126
39	179	0.748537
39	180	0.774778
40	21	0.682112
40	57	0.708437
40	74	0.687555
40	75	0.688025
40	96	0.758488
40	101	0.690345
40	103	0.69837
40	116	0.713118
40	135	4.56374
40	150	0.707222
40	152	0.711244
40	154	2.02623
40	162	0.706421
40	171	0.657664
41	29	3.03062
41	49	0.702566
41	71	0.66893
41	98	0.702278
41	102	0.737422
41	141	0.712029
41	146	0.708829
41	155	0.720031
41	157	0.717657
41	162	2.2117
41	163	0.69929
41	178	0.650985
41	179	0.674396
41	180	0.700637
42	31	0.792089
42	46	0.776564
42	48	0.709071
42	59	0.849745
42	62	0.808294
42	68	0.750042
42	73	0.795833
42	76	0.795505
42	152	0.780498
42	160	2.0766
42	162	0.775675
42	167	1.77124
42	168	2.6738
43	53	0.736719
43	55	0.73998
43	90	1.6516
43	100	0.741732
43	105	0.767179
43	110	0.76207
43	121	0.749943
43	123	0.783434
43	126	0.776934
43	127	0.776803
43	133	1.94865
43	162	0.749565
43	173	3.69762
43	175	0.76766
43	176	0.677413
44	33	0.766104
44	47	0.75175
44	70	0.766171
44	78	0.716833
44	84	0.769643
44	91	0.787319
44	97	0.793183
44	99	0.778932
44	104	0.765932
44	130	0.700306
44	154	2.37913
44	159	1.98476
44	165	0.751
44	168	3.0244
44	173	0.679577
45	27	0.798816
45	56	0.747442
45	60	6
45	74	0.73537
45	82	0.774894
45	96	0.806304
45	101	0.73816
45	103	0.746185
45	111	1.36546
45	116	0.760933
45	148	2.05855
45	150	0.755038
45	162	0.754236
45	164	0.686904
45	171	0.70548
46	7	0.716657
46	16	2.30901
46	31	0.762374
46	42	0.776564
46	48	0.679356
46	59	0.820031
46	62	0.77858
46	68	0.720327
46	73	0.766118
46	76	0.76579
46	115	0.744406
46	137	2.4805
46	152	0.750783
46	159	2.10069
46	162	0.74596
47	30	0.771081
47	36	0.692768
47	44	0.75175
47	54	0.743726
47	64	0.794442
47	91	0.791572
47	97	0.797436
47	99	0.783185
47	104	0.770185
47	136	1.59453
47	148	0.680405
47	165	0.755253
47	167	1.5432
47	173	0.68383
47	176	4.2281
48	7	0.649164
48	31	0.694881
48	42	0.709071
48	46	0.679356
48	59	0.752538
48	62	0.711086
48	68	0.652834
48	73	0.698625
48	76	0.698297
48	93	0.726192
48	114	2.5946
48	115	0.676912
48	152	0.68329
48	162	0.678467
48	171	4.36647
49	8	0.632341
49	12	0.790923
49	24	0.709722
49	25	0.771694
49	32	0.74893
49	37	0.738305
49	41	0.702566
49	58	0.798874
49	61	0.771549
49	71	0.700768
49	98	0.734115
49	102	0.769259
49	133	0.734673
49	144	2.00986
49	172	1.87977
49	178	3.78426
50	1	0.732689
50	3	0.732197
50	26	2.77413
50	29	0.72287
50	69	0.731323
50	72	0.81813
50	77	1.4237
50	80	0.781112
50	85	0.771128
50	129	0.738038
50	133	0.749833
50	138	0.767655
50	164	0.687565
50	174	2.60213
50	175	0.772993
51	15	0.503778
51	37	0.806561
51	64	1.39138
51	69	0.784419
51	71	0.769024
51	80	0.834207
51	85	0.824223
51	98	0.802371
51	102	0.837515
51	131	1.86
51	142	1.57914
51	145	0.767511
51	151	0.793633
51	175	0.826088
51	179	0.774489
51	180	0.800731
52	83	0.734621
52	94	0.721721
52	95	0.77188
52	108	0.731143
52	118	0.744785
52	120	0.732623
52	124	0.788073
52	129	2.28657
52	130	2.99376
52	139	0.726532
52	141	0.727626
52	142	0.725749
52	153	0.740061
52	155	0.735628
52	169	2.26671
52	175	0.741592
53	35	2.87099
53	43	0.736719
53	63	0.770332
53	100	0.724392
53	105	0.74984
53	110	0.74473
53	121	0.732603
53	123	0.766095
53	126	0.759594
53	127	0.759463
53	137	1.32733
53	162	0.732225
53	165	0.736941
53	173	3.1246
53	175	0.75032
53	176	0.660074
54	30	0.758804
54	33	0.75808
54	36	0.680491
54	47	0.743726
54	64	0.782165
54	70	0.758147
54	78	0.708809
54	84	0.761619
54	97	0.785159
54	99	0.770908
54	104	0.757908
54	130	0.692282
54	133	1.76557
54	164	3.67378
54	173	0.671553
54	174	2.24268
55	23	0.697267
55	43	0.73998
55	63	0.773594
55	100	0.727654
55	105	0.753101
55	110	0.747992
55	121	0.735865
55	123	0.769356
55	126	0.762856
55	127	0.762725
55	156	1.82618
55	161	1.95052
55	164	3.88888
55	165	0.740203
55	175	0.753582
55	176	0.663335
56	21	0.713968
56	27	0.782857
56	34	0.770573
56	45	0.747442
56	75	0.719881
56	96	0.790344
56	101	0.722201
56	103	0.730226
56	106	1.46342
56	107	2.06856
56	116	0.744973
56	129	0.721417
56	135	4.27112
56	150	0.739078
56	162	0.738277
56	164	0.670944
57	21	0.722778
57	27	0.791667
57	34	0.779383
57	40	0.708437
57	74	0.728221
57	82	0.767744
57	101	0.731011
57	103	0.739036
57	116	0.753784
57	137	2.18791
57	140	2.42388
57	150	0.747888
57	152	0.75191
57	164	0.679754
57	170	3.02597
57	171	0.69833
58	6	0.770174
58	8	0.696811
58	12	0.855393
58	25	0.836164
58	32	0.8134
58	37	0.802775
58	49	0.798874
58	61	0.836019
58	71	0.765238
58	98	0.798585
58	102	0.833729
58	115	1.99896
58	128	2.08068
58	133	0.799143
58	152	2.03506
58	154	1.97749
59	7	0.789838
59	31	0.835556
59	42	0.849745
59	46	0.820031
59	48	0.752538
59	62	0.851761
59	68	0.793509
59	73	0.8393
59	76	0.838972
59	152	0.823965
59	162	0.819142
59	163	1.18723
59	170	1.44509
59	171	2.17559
59	176	3.04919
60	16	0.659253
60	45	6
60	114	0.671468
60	144	0.635942
60	148	0.584901
60	151	0.640673
60	156	0.671177
60	160	0.669162
60	167	0.679703
60	170	0.632525
60	174	0.636018
60	177	0.639387
60	178	0.598118
60	179	0.621529
60	180	0.647771
61	6	0.742849
61	12	0.828069
61	25	0.80884
61	26	0.737906
61	32	0.786076
61	37	0.77545
61	49	0.771549
61	58	0.836019
61	71	0.737914
61	93	0.824608
61	98	0.771261
61	102	0.806405
61	125	2.39021
61	133	0.771818
61	136	1.56133
61	145	2.79905
61	169	1.78698
62	7	0.748387
62	31	0.794104
62	42	0.808294
62	46	0.77858
62	48	0.711086
62	59	0.851761
62	68	0.752057
62	73	0.797848
62	76	0.79752
62	88	2.3744
62	93	0.825415
62	106	1.94382
62	115	0.776136
62	138	1.96697
62	152	0.782513
62	162	0.77769
62	166	2.16657
63	39	1.56658
63	53	0.770332
63	55	0.773594
63	88	1.77135
63	100	0.775345
63	105	0.800793
63	110	0.795683
63	121	0.783556
63	123	0.817048
63	126	0.810547
63	127	0.810416
63	161	1.61456
63	162	0.783178
63	165	0.787894
63	171	3.16498
63	175	0.801273
63	176	0.711027
64	30	0.809521
64	36	0.731208
64	47	0.794442
64	51	1.39138
64	54	0.782165
64	65	2.45894
64	70	0.808863
64	78	0.759526
64	91	0.830012
64	97	0.835876
64	99	0.821625
64	104	0.808625
64	148	0.718845
64	150	0.789778
64	156	1.97218
64	169	2.11262
64	173	0.72227
65	12	1.40564
65	26	0.705228
65	28	0.71449
65	64	2.45894
65	77	0.784893
65	90	0.755199
65	107	0.722255
65	145	0.703723
65	150	2.57116
65	163	0.735595
65	166	0.746979
65	169	0.740581
65	174	0.72519
65	177	0.728559
65	178	0.68729
65	179	0.710701
65	180	0.736943
66	68	3.20985
66	97	2.80255
66	121	0.681877
66	123	0.715369
66	126	0.708868
66	127	0.708737
66	139	0.684534
66	146	0.682428
66	153	0.698063
66	155	0.69363
66	163	0.672889
66	171	0.632742
66	175	0.699594
66	177	0.665853
66	178	0.624584
66	179	0.647995
66	180	0.674236
67	108	0.79228
67	113	1.31103
67	119	0.759665
67	120	0.793761
67	131	0.783922
67	141	0.788764
67	145	2.68713
67	146	0.785564
67	150	0.785436
67	153	0.801199
67	155	0.796766
67	157	0.794391
67	163	2.22101
67	165	0.789351
67	168	2.30063
67	173	0.717928
67	175	0.80273
68	7	0.690135
68	11	0.693662
68	31	0.735852
68	42	0.750042
68	46	0.720327
68	48	0.652834
68	59	0.793509
68	62	0.752057
68	66	3.20985
68	73	0.739596
68	76	0.739268
68	93	0.767163
68	115	0.717883
68	152	0.724261
68	162	0.719438
68	168	2.40733
68	177	2.03844
69	1	0.699287
69	3	0.698796
69	11	0.695721
69	18	0.680605
69	29	0.689468
69	50	0.731323
69	51	0.784419
69	72	0.784728
69	80	0.74771
69	85	0.737727
69	129	0.704637
69	133	0.716432
69	138	0.734253
69	148	4.87695
69	159	1.51969
69	164	0.654164
69	168	2.55932
69	175	0.739592
70	30	0.785502
70	33	0.784778
70	44	0.766171
70	54	0.758147
70	64	0.808863
70	78	0.735507
70	84	0.788317
70	91	0.805993
70	97	0.811857
70	99	0.797606
70	104	0.784606
70	115	1.52326
70	130	0.71898
70	140	1.72321
70	149	3.95946
70	165	0.769674
70	172	1.57358
70	173	0.698251
71	6	0.672068
71	12	0.757288
71	24	0.676086
71	25	0.738059
71	32	0.715295
71	37	0.704669
71	41	0.66893
71	49	0.700768
71	51	0.769024
71	58	0.765238
71	61	0.737914
71	77	2.23042
71	93	0.753827
71	98	0.70048
71	102	0.735624
71	107	3.23294
71	117	2.96075
71	133	0.701037
72	1	0.786093
72	3	0.785602
72	29	0.776274
72	50	0.81813
72	69	0.784728
72	80	0.834517
72	85	0.824533
72	86	0.985421
72	129	0.791443
72	130	2.54202
72	132	1.60207
72	133	0.803238
72	138	0.82106
72	164	0.74097
72	170	2.61878
72	175	0.826398
73	7	0.735926
73	11	0.739453
73	31	0.781643
73	42	0.795833
73	46	0.766118
73	48	0.698625
73	59	0.8393
73	62	0.797848
73	68	0.739596
73	76	0.785059
73	93	0.812954
73	114	1.44537
73	115	0.763675
73	152	0.770052
73	158	1.72315
73	162	0.765229
73	174	2.17408
73	178	3.6395
74	27	0.770784
74	34	0.758501
74	40	0.687555
74	45	0.73537
74	57	0.728221
74	75	0.707809
74	82	0.746862
74	87	0.655158
74	101	0.710129
74	103	0.718154
74	116	0.732901
74	129	0.709345
74	147	2.29002
74	150	0.727006
74	151	2.2872
74	152	0.731028
74	171	0.677448
74	173	3.87181
75	17	2.30631
75	21	0.702367
75	34	0.758972
75	40	0.688025
75	56	0.719881
75	74	0.707809
75	82	0.747333
75	96	0.778743
75	101	0.710599
75	103	0.718624
75	106	2.61056
75	116	0.733372
75	147	3.08167
75	150	0.727477
75	152	0.731499
75	162	0.726675
75	164	0.659343
75	171	0.677919
76	7	0.735598
76	11	0.739125
76	31	0.781315
76	42	0.795505
76	46	0.76579
76	48	0.698297
76	59	0.838972
76	62	0.79752
76	68	0.739268
76	73	0.785059
76	93	0.812626
76	115	0.763346
76	152	0.769724
76	159	0.895013
76	162	0.764901
76	173	2.61735
76	176	3.26225
76	178	2.81091
77	20	1.66012
77	28	0.756043
77	50	1.4237
77	65	0.784893
77	71	2.23042
77	108	1.45697
77	112	0.800886
77	137	0.805397
77	154	0.802207
77	163	0.777149
77	169	0.782134
77	172	0.775279
77	174	0.766744
77	176	0.713607
77	177	0.770112
77	178	0.728843
77	179	0.752255
77	180	0.778496
78	30	0.736165
78	44	0.716833
78	54	0.708809
78	64	0.759526
78	70	0.735507
78	84	0.73898
78	91	0.756656
78	97	0.76252
78	99	0.748269
78	104	0.735269
78	130	0.669643
78	148	0.645488
78	150	0.716422
78	152	2.71987
78	165	0.720336
78	172	2.73409
78	173	0.648914
78	177	2.93867
79	83	0.719451
79	89	0.703702
79	94	0.70655
79	113	2.66905
79	115	3.03485
79	117	3.07613
79	118	0.729615
79	122	0.72714
79	124	0.772903
79	131	0.707615
79	135	0.62813
79	139	0.711362
79	141	0.712456
79	142	0.710579
79	146	0.709256
79	153	0.724891
79	155	0.720458
79	157	0.718084
79	165	0.713043
80	1	0.749075
80	3	0.748584
80	14	0.637597
80	18	0.730393
80	29	0.739256
80	39	0.944593
80	50	0.781112
80	51	0.834207
80	69	0.74771
80	72	0.834517
80	85	0.787515
80	109	2.56031
80	129	0.754425
80	133	0.76622
80	138	0.784042
80	164	0.703952
80	175	0.78938
80	176	3.41659
80	179	2.03228
81	19	1.72449
81	90	0.784658
81	100	1.96284
81	118	1.38547
81	128	0.760239
81	132	0.786093
81	140	0.763864
81	145	0.733183
81	149	0.705879
81	153	1.42234
81	160	0.787794
81	161	0.803111
81	166	0.776438
81	169	0.77004
81	170	0.751157
81	174	0.75465
81	178	0.71675
81	179	0.740161
81	180	0.766402
82	21	0.74142
82	27	0.810308
82	45	0.774894
82	57	0.767744
82	74	0.746862
82	75	0.747333
82	96	0.817796
82	101	0.749652
82	103	0.757677
82	112	2.33334
82	116	0.772425
82	128	2.36219
82	129	0.748869
82	150	0.76653
82	162	0.765728
82	164	0.698396
82	167	2.00171
82	171	0.716972
82	177	2.53537
83	52	0.734621
83	79	0.719451
83	89	0.751571
83	108	0.763841
83	117	2.24664
83	119	0.731225
83	122	0.775008
83	124	0.820771
83	131	0.755483
83	134	2.1839
83	139	0.75923
83	142	0.758447
83	146	0.757124
83	153	0.772759
83	155	0.768326
83	156	2.06315
83	157	0.765952
83	174	2.69474
83	175	0.77429
84	9	1.27657
84	11	0.742655
84	30	0.788975
84	33	0.788251
84	36	0.710662
84	44	0.769643
84	54	0.761619
84	70	0.788317
84	78	0.73898
84	91	0.809466
84	97	0.81533
84	104	0.788079
84	112	2.50284
84	130	0.722453
84	148	0.698299
84	165	0.773147
84	169	2.44819
84	173	0.701724
84	180	2.58414
85	1	0.739092
85	3	0.7386
85	11	0.735526
85	14	0.627613
85	18	0.720409
85	29	0.729273
85	50	0.771128
85	51	0.824223
85	69	0.737727
85	72	0.824533
85	80	0.787515
85	87	4.64308
85	129	0.744442
85	133	0.756237
85	137	1.53946
85	138	0.774058
85	154	1.55402
85	164	0.693968
85	174	2.06487
85	175	0.779396
86	11	2.23988
86	18	3.01515
86	72	0.985421
86	88	0.761723
86	113	0.774248
86	134	0.763053
86	136	0.778182
86	147	0.74028
86	149	0.691156
86	150	1.3953
86	151	0.744582
86	152	0.763765
86	154	0.775391
86	158	0.755065
86	167	0.783612
86	169	0.755318
86	177	0.743295
86	178	0.702027
86	179	0.725438
86	180	0.751679
87	14	0.540337
87	15	3.75692
87	34	0.706321
87	74	0.655158
87	85	4.64308
87	96	0.726092
87	103	0.665973
87	110	0.68653
87	116	0.680721
87	121	0.674402
87	123	0.707894
87	126	0.701394
87	127	0.701263
87	152	0.678848
87	171	0.625268
87	172	0.663545
87	173	0.607318
87	177	0.658378
87	178	0.617109
87	179	0.640521
87	180	0.666762
88	17	0.742445
88	62	2.3744
88	63	1.77135
88	86	0.761723
88	91	1.17615
88	113	0.763158
88	117	0.721055
88	123	2.25275
88	132	0.76028
88	147	0.729189
88	156	0.763996
88	159	0.750186
88	161	0.777298
88	164	0.680519
88	166	0.750625
88	167	0.772522
88	169	0.744227
88	170	0.725344
88	178	0.690937
88	179	0.714348
88	180	0.740589
89	19	0.777235
89	28	2.28918
89	79	0.703702
89	83	0.751571
89	94	0.73867
89	95	0.78883
89	108	0.748092
89	111	2.48085
89	118	0.761735
89	122	0.75926
89	139	0.743482
89	141	0.744576
89	142	0.742698
89	148	0.670314
89	150	0.741248
89	153	0.757011
89	155	0.752578
89	156	2.10034
89	157	0.750203
89	173	0.67374
89	174	2.73193
90	38	0.72314
90	43	1.6516
90	65	0.755199
90	81	0.784658
90	106	0.775577
90	108	1.86125
90	109	0.704147
90	128	0.742638
90	136	0.775304
90	146	1.85283
90	147	0.737402
90	149	0.688279
90	161	0.785511
90	162	1.83971
90	163	0.747455
90	166	0.758838
90	168	0.735134
90	172	0.745585
90	173	0.689358
90	178	0.699149
90	180	0.748802
91	24	1.85659
91	26	1.69861
91	30	0.806651
91	33	0.805926
91	36	0.728338
91	44	0.787319
91	47	0.791572
91	64	0.830012
91	70	0.805993
91	78	0.756656
91	84	0.809466
91	88	1.17615
91	97	0.833006
91	99	0.818754
91	104	0.805755
91	148	0.715974
91	149	3.47343
91	150	0.786907
91	161	1.01936
91	165	0.790822
91	173	0.7194
92	106	0.772126
92	118	1.41436
92	119	1.92841
92	127	1.36672
92	128	0.739187
92	131	2.14757
92	136	0.771854
92	144	0.733522
92	145	0.712132
92	158	0.748737
92	160	0.766743
92	166	0.755387
92	168	0.731684
92	169	0.748989
92	170	0.730106
92	172	0.742134
92	174	0.733599
92	177	0.736967
92	178	0.695698
92	179	0.71911
92	180	0.745351
93	6	0.758762
93	18	2.70751
93	48	0.726192
93	61	0.824608
93	62	0.825415
93	68	0.767163
93	71	0.753827
93	73	0.812954
93	76	0.812626
93	98	0.787174
93	99	0.578325
93	102	0.822318
93	121	1.34756
93	122	1.16768
93	139	1.10027
93	154	0.809245
93	167	0.817466
93	168	0.771866
93	172	0.782316
93	178	0.735881
93	180	0.785533
94	4	0.709574
94	52	0.721721
94	79	0.70655
94	89	0.73867
94	95	0.791678
94	108	0.75094
94	124	0.807871
94	131	0.742582
94	138	1.58176
94	139	0.74633
94	141	0.747424
94	142	0.745546
94	146	0.744224
94	152	1.88638
94	153	0.759859
94	155	0.755426
94	157	0.753052
94	171	0.694538
94	173	0.676588
94	178	3.80508
94	179	2.87211
95	10	1.81088
95	52	0.77188
95	89	0.78883
95	94	0.791678
95	112	1.93715
95	118	0.814742
95	119	0.768484
95	120	0.802581
95	122	0.812267
95	131	0.792742
95	136	1.65686
95	139	0.796489
95	141	0.797583
95	142	0.795706
95	153	0.810018
95	154	1.86282
95	155	0.805585
95	157	0.803211
95	173	0.726748
95	176	0.721303
95	179	2.90611
96	27	0.841718
96	34	0.829434
96	40	0.758488
96	45	0.806304
96	56	0.790344
96	75	0.778743
96	82	0.817796
96	87	0.726092
96	101	0.781062
96	103	0.789087
96	111	1.68739
96	112	1.50196
96	116	0.803835
96	129	0.780279
96	135	3.96514
96	152	0.801961
96	160	1.4757
96	162	0.797138
96	163	1.99327
96	164	0.729806
96	171	0.748382
97	36	0.734202
97	44	0.793183
97	47	0.797436
97	54	0.785159
97	64	0.835876
97	66	2.80255
97	70	0.811857
97	78	0.76252
97	84	0.81533
97	91	0.833006
97	99	0.824619
97	104	0.811619
97	129	1.39433
97	130	0.745993
97	132	1.16156
97	143	2.19949
97	145	2.38653
97	148	0.721838
97	150	0.792772
97	165	0.796687
97	173	0.725264
98	6	0.705415
98	8	0.632052
98	12	0.790635
98	14	0.605761
98	24	0.709434
98	25	0.771406
98	26	0.700472
98	32	0.748642
98	37	0.738016
98	41	0.702278
98	49	0.734115
98	51	0.802371
98	58	0.798585
98	61	0.771261
98	71	0.70048
98	93	0.787174
98	102	0.768971
98	107	1.39415
98	133	0.734384
98	148	4.0221
98	171	2.61322
98	178	3.03548
99	11	0.751944
99	24	2.53664
99	30	0.798264
99	33	0.797539
99	36	0.719951
99	44	0.778932
99	47	0.783185
99	54	0.770908
99	64	0.821625
99	70	0.797606
99	78	0.748269
99	91	0.818754
99	93	0.578325
99	97	0.824619
99	104	0.797368
99	111	1.95558
99	125	2.31874
99	148	0.707587
99	150	0.77852
99	165	0.782435
99	173	0.711013
99	179	2.73911
100	22	2.5564
100	23	0.699018
100	43	0.741732
100	53	0.724392
100	55	0.727654
100	63	0.775345
100	81	1.96284
100	105	0.754852
100	110	0.749743
100	121	0.737616
100	123	0.771108
100	126	0.764607
100	127	0.764476
100	130	0.69126
100	135	0.657041
100	138	0.749995
100	147	2.60662
100	158	2.46563
100	162	0.737238
100	165	0.741954
100	175	0.755333
100	176	0.665087
101	21	0.704686
101	27	0.773575
101	34	0.761291
101	40	0.690345
101	45	0.73816
101	56	0.722201
101	57	0.731011
101	74	0.710129
101	75	0.710599
101	82	0.749652
101	96	0.781062
101	103	0.720944
101	116	0.735692
101	129	0.712135
101	136	2.37021
101	150	0.729796
101	152	0.733818
101	158	2.63609
101	162	0.728995
101	163	3.14181
101	164	0.661662
101	171	0.680238
101	180	2.7318
102	6	0.740559
102	8	0.667196
102	12	0.825779
102	14	0.640905
102	24	0.744578
102	25	0.80655
102	26	0.735616
102	32	0.783786
102	37	0.77316
102	41	0.737422
102	49	0.769259
102	51	0.837515
102	58	0.833729
102	61	0.806405
102	71	0.735624
102	93	0.822318
102	98	0.768971
102	133	0.769528
102	134	1.75148
102	152	1.80905
102	166	1.70403
102	168	2.39674
102	178	3.72775
103	18	0.696128
103	21	0.712712
103	34	0.769316
103	40	0.69837
103	45	0.746185
103	56	0.730226
103	57	0.739036
103	74	0.718154
103	75	0.718624
103	82	0.757677
103	87	0.665973
103	96	0.789087
103	101	0.720944
103	116	0.743717
103	117	2.51648
103	150	0.737821
103	152	0.741843
103	162	0.73702
103	164	0.669687
103	167	2.19643
103	171	0.688263
103	179	3.49702
103	180	2.60936
104	11	0.738944
104	30	0.785264
104	33	0.78454
104	36	0.706951
104	44	0.765932
104	47	0.770185
104	54	0.757908
104	64	0.808625
104	70	0.784606
104	78	0.735269
104	84	0.788079
104	91	0.805755
104	97	0.811619
104	99	0.797368
104	112	1.72471
104	125	2.2733
104	130	0.718742
104	148	0.694587
104	150	0.765521
104	160	1.69845
104	164	3.59233
104	165	0.769435
104	174	2.16122
105	5	1.99844
105	23	0.724465
105	43	0.767179
105	53	0.74984
105	55	0.753101
105	63	0.800793
105	100	0.754852
105	110	0.775191
105	115	0.761131
105	121	0.763064
105	123	0.796555
105	126	0.790055
105	127	0.789924
105	130	0.716708
105	135	0.682488
105	138	0.775442
105	144	2.36443
105	152	2.22012
105	160	2.21062
105	162	0.762685
105	165	0.767402
105	175	0.780781
105	176	0.690534
105	177	2.43893
106	31	1.64285
106	34	1.93936
106	56	1.46342
106	62	1.94382
106	75	2.61056
106	90	0.775577
106	92	0.772126
106	132	0.777012
106	137	0.784222
106	145	0.724102
106	149	0.696798
106	156	0.780728
106	158	0.760707
106	161	0.79403
106	163	0.755974
106	166	0.767357
106	167	0.789254
106	168	0.743654
106	169	0.760959
106	172	0.754104
106	174	0.745569
106	178	0.707669
106	179	0.73108
106	180	0.757321
107	13	0.704636
107	38	0.690196
107	56	2.06856
107	65	0.722255
107	71	3.23294
107	98	1.39415
107	111	0.736559
107	132	0.735549
107	134	0.727233
107	136	0.742361
107	137	0.742759
107	150	2.54009
107	156	0.739265
107	160	0.73725
107	161	0.752568
107	166	0.725895
107	167	0.747791
107	170	0.700613
107	172	0.712641
107	174	0.704106
107	177	0.707475
107	178	0.666206
107	179	0.689617
107	180	0.715859
108	19	0.789505
108	52	0.731143
108	67	0.79228
108	77	1.45697
108	83	0.763841
108	89	0.748092
108	90	1.86125
108	94	0.75094
108	118	0.774005
108	119	0.727747
108	120	0.761843
108	122	0.77153
108	131	0.752004
108	141	0.756846
108	142	0.754968
108	146	0.753646
108	153	0.769281
108	155	0.764848
108	157	0.762474
108	166	2.0771
108	168	2.76981
108	171	0.70396
108	173	0.68601
108	176	0.680565
108	179	3.16784
109	5	0.692484
109	80	2.56031
109	90	0.704147
109	113	0.70846
109	128	0.679728
109	134	0.697265
109	143	0.666393
109	151	0.678793
109	153	3.43654
109	154	0.709602
109	156	0.709298
109	158	0.689277
109	160	0.707283
109	163	0.684544
109	167	0.717824
109	168	0.672224
109	170	0.670646
109	171	0.644397
109	174	0.674139
109	175	3.2011
109	176	0.621002
109	177	0.677507
109	178	0.636239
109	179	0.65965
109	180	0.685891
110	23	0.719356
110	43	0.76207
110	53	0.74473
110	55	0.747992
110	63	0.795683
110	87	0.68653
110	100	0.749743
110	105	0.775191
110	115	0.756022
110	121	0.757954
110	123	0.791446
110	126	0.784945
110	127	0.784814
110	130	0.711598
110	135	0.677379
110	138	0.770333
110	143	3.11989
110	144	2.47704
110	159	1.8808
110	162	0.757576
110	165	0.762292
110	167	2.01787
110	175	0.775671
110	176	0.685425
110	177	2.55154
111	5	0.757839
111	45	1.36546
111	89	2.48085
111	96	1.68739
111	99	1.95558
111	107	0.736559
111	114	0.774944
111	117	0.731712
111	125	0.753209
111	138	0.771266
111	143	0.731748
111	144	0.739417
111	156	0.774653
111	157	2.11764
111	160	0.772638
111	163	0.749899
111	166	0.761283
111	167	0.783179
111	168	0.737579
111	169	0.754884
111	174	0.739494
111	177	0.742862
111	178	0.701594
111	179	0.725005
111	180	0.751246
112	77	0.800886
112	82	2.33334
112	84	2.50284
112	95	1.93715
112	96	1.50196
112	104	1.72471
112	128	0.746773
112	136	0.779439
112	144	0.741107
112	147	0.741537
112	149	0.692413
112	158	0.756322
112	159	0.762533
112	163	0.751589
112	166	0.762972
112	167	0.784869
112	168	0.739269
112	169	0.756574
112	170	0.737691
112	172	0.749719
112	174	0.741184
112	177	0.744552
112	178	0.703284
112	179	0.726695
112	180	0.752936
113	32	1.27837
113	67	1.31103
113	79	2.66905
113	86	0.774248
113	88	0.763158
113	109	0.70846
113	121	2.12071
113	125	0.755078
113	135	0.68018
113	140	0.750577
113	150	1.86082
113	151	0.746017
113	154	0.776826
113	156	0.776522
113	158	0.756501
113	160	0.774507
113	161	0.789824
113	166	0.763151
113	169	0.756753
113	172	0.749898
113	174	0.741363
113	177	0.744731
113	178	0.703462
113	179	0.726874
113	180	0.753115
114	33	1.24645
114	39	0.798476
114	48	2.5946
114	60	0.671468
114	73	1.44537
114	111	0.774944
114	121	2.24719
114	136	0.780746
114	137	0.781144
114	143	0.734746
114	144	0.742414
114	145	0.721024
114	151	0.747146
114	160	0.775635
114	163	0.752896
114	165	1.63329
114	166	0.76428
114	167	0.786176
114	169	0.757881
114	171	0.712749
114	172	0.751026
114	177	0.745859
114	178	0.704591
114	179	0.728002
114	180	0.754243
115	30	1.23629
115	46	0.744406
115	48	0.676912
115	58	1.99896
115	62	0.776136
115	68	0.717883
115	70	1.52326
115	73	0.763675
115	76	0.763346
115	79	3.03485
115	105	0.761131
115	110	0.756022
115	121	0.743894
115	123	0.777386
115	126	0.770886
115	127	0.770755
115	137	0.763154
115	139	2.23923
115	143	0.716756
115	156	0.759661
115	160	0.757645
115	162	0.743516
115	174	0.724502
115	176	0.671365
115	179	0.710013
115	180	0.736254
116	18	0.710876
116	21	0.727459
116	27	0.796347
116	34	0.784064
116	40	0.713118
116	45	0.760933
116	56	0.744973
116	57	0.753784
116	74	0.732901
116	75	0.733372
116	82	0.772425
116	87	0.680721
116	96	0.803835
116	101	0.735692
116	103	0.743717
116	129	0.734908
116	133	2.26917
116	137	2.22087
116	140	2.45684
116	145	3.26719
116	150	0.752569
116	152	0.756591
116	160	2.2835
116	162	0.751768
116	164	0.684435
116	171	0.703011
117	9	0.791396
117	14	0.584587
117	38	0.68535
117	71	2.96075
117	79	3.07613
117	83	2.24664
117	88	0.721055
117	103	2.51648
117	111	0.731712
117	144	0.699183
117	149	0.650489
117	151	0.703914
117	154	0.734723
117	156	0.734419
117	158	0.714398
117	159	0.720609
117	163	0.709665
117	164	0.650942
117	166	0.721048
117	167	0.742944
117	168	0.697344
117	169	0.71465
117	174	0.69926
117	177	0.702628
117	178	0.661359
117	179	0.684771
117	180	0.711012
118	52	0.744785
118	79	0.729615
118	81	1.38547
118	89	0.761735
118	92	1.41436
118	95	0.814742
118	108	0.774005
118	119	0.741389
118	122	0.785172
118	124	0.830935
118	130	2.57509
118	131	0.765647
118	135	0.686162
118	139	0.769394
118	141	0.770488
118	142	0.768611
118	145	2.8601
118	146	0.767288
118	150	0.76716
118	153	0.782923
118	155	0.77849
118	156	1.70759
118	157	0.776116
118	165	0.771075
118	171	0.717602
118	175	0.784454
118	176	0.694208
118	179	2.87163
119	4	0.68638
119	15	0.777003
119	20	0.750121
119	67	0.759665
119	83	0.731225
119	92	1.92841
119	95	0.768484
119	108	0.727747
119	118	0.741389
119	120	0.729227
119	122	0.738914
119	124	0.784677
119	130	3.08913
119	131	0.719389
119	136	2.13642
119	139	0.723136
119	141	0.72423
119	142	0.722353
119	146	0.72103
119	153	0.736665
119	155	0.732232
119	157	0.729858
119	165	0.724817
119	170	3.16589
119	171	0.671344
119	175	0.738196
119	176	0.64795
119	180	2.49802
120	2	0.816446
120	19	0.790986
120	20	0.784218
120	52	0.732623
120	67	0.793761
120	95	0.802581
120	108	0.761843
120	119	0.729227
120	122	0.773011
120	124	0.818774
120	131	0.753485
120	139	0.757233
120	142	0.756449
120	146	0.755127
120	147	1.9882
120	148	0.684065
120	150	0.754999
120	152	1.84485
120	153	0.770762
120	155	0.766329
120	157	0.763954
120	159	1.39292
120	165	0.758913
120	175	0.772293
120	176	0.682046
120	178	3.76355
120	179	2.83058
120	180	1.94292
121	8	0.638052
121	23	0.707229
121	26	0.706472
121	43	0.749943
121	53	0.732603
121	55	0.735865
121	63	0.783556
121	66	0.681877
121	87	0.674402
121	93	1.34756
121	100	0.737616
121	105	0.763064
121	110	0.757954
121	113	2.12071
121	114	2.24719
121	115	0.743894
121	123	0.779319
121	126	0.772818
121	127	0.772687
121	130	0.699471
121	132	2.27184
121	135	0.665252
121	138	0.758206
121	162	0.745449
121	165	0.750165
121	171	4.01905
121	175	0.763544
121	176	0.673298
122	5	2.12105
122	10	2.23323
122	20	0.793905
122	79	0.72714
122	83	0.775008
122	89	0.75926
122	93	1.16768
122	95	0.812267
122	108	0.77153
122	118	0.785172
122	119	0.738914
122	120	0.773011
122	124	0.828461
122	128	2.38836
122	131	0.763172
122	135	0.683687
122	139	0.76692
122	142	0.766136
122	146	0.764814
122	148	0.693752
122	150	0.764686
122	153	0.780448
122	155	0.776016
122	156	2.16442
122	157	0.773641
122	169	2.30487
122	173	0.697178
122	175	0.78198
123	8	0.671544
123	23	0.740721
123	43	0.783434
123	53	0.766095
123	55	0.769356
123	63	0.817048
123	66	0.715369
123	87	0.707894
123	88	2.25275
123	100	0.771108
123	105	0.796555
123	110	0.791446
123	115	0.777386
123	121	0.779319
123	125	2.7153
123	126	0.80631
123	127	0.806179
123	130	0.732963
123	133	2.12612
123	135	0.698743
123	137	2.07781
123	138	0.791698
123	161	2.09596
123	162	0.778941
123	165	0.783657
123	169	2.11207
123	175	0.797036
123	176	0.706789
124	4	0.775926
124	52	0.788073
124	79	0.772903
124	83	0.820771
124	94	0.807871
124	118	0.830935
124	119	0.784677
124	120	0.818774
124	122	0.828461
124	131	0.808935
124	134	1.96573
124	135	0.72945
124	136	1.75976
124	138	1.71867
124	139	0.812682
124	141	0.813777
124	142	0.811899
124	146	0.810577
124	153	0.826211
124	155	0.821779
124	157	0.819404
124	161	1.96931
124	163	2.53137
124	165	0.814363
124	167	1.70843
124	173	0.742941
124	174	2.47657
124	176	0.737496
125	7	1.90244
125	61	2.39021
125	99	2.31874
125	104	2.2733
125	111	0.753209
125	113	0.755078
125	123	2.7153
125	129	0.722912
125	132	0.752199
125	134	0.743883
125	136	0.759011
125	143	0.713011
125	144	0.72068
125	147	0.721109
125	149	0.671986
125	151	0.725411
125	152	0.744595
125	156	0.755916
125	160	0.7539
125	161	0.769218
125	170	0.717263
125	171	0.691015
125	172	0.729292
125	173	0.673065
125	176	0.66762
125	177	0.724125
125	178	0.682856
125	179	0.706268
125	180	0.732509
126	8	0.665044
126	17	1.75241
126	23	0.73422
126	26	0.733463
126	43	0.776934
126	53	0.759594
126	55	0.762856
126	63	0.810547
126	66	0.708868
126	87	0.701394
126	100	0.764607
126	105	0.790055
126	110	0.784945
126	115	0.770886
126	121	0.772818
126	123	0.80631
126	127	0.799679
126	130	0.726463
126	135	0.692243
126	136	2.1209
126	138	0.785197
126	156	2.20611
126	162	0.77244
126	165	0.777156
126	166	2.27941
126	174	2.8377
126	175	0.790536
126	176	0.700289
126	180	2.48249
127	8	0.664913
127	22	1.93139
127	23	0.734089
127	26	0.733332
127	43	0.776803
127	53	0.759463
127	55	0.762725
127	63	0.810416
127	66	0.708737
127	87	0.701263
127	92	1.36672
127	100	0.764476
127	105	0.789924
127	110	0.784814
127	115	0.770755
127	121	0.772687
127	123	0.806179
127	126	0.799679
127	130	0.726332
127	135	0.692112
127	137	1.76613
127	138	0.785066
127	147	1.98161
127	149	4.23836
127	162	0.772309
127	165	0.777025
127	175	0.790405
127	176	0.700158
127	180	1.93633
128	1	3.07566
128	10	0.717769
128	37	2.0931
128	58	2.08068
128	81	0.760239
128	82	2.36219
128	90	0.742638
128	92	0.739187
128	109	0.679728
128	112	0.746773
128	122	2.38836
128	136	0.750885
128	137	0.751283
128	145	0.691163
128	156	0.747789
128	159	0.733979
128	160	0.745774
128	164	0.664312
128	166	0.734418
128	167	0.756315
128	168	0.710715
128	169	0.72802
128	170	0.709137
128	172	0.721165
128	173	0.664938
128	176	0.659493
128	177	0.715998
128	178	0.67473
128	179	0.698141
128	180	0.724382
129	23	2.98147
129	29	0.696183
129	50	0.738038
129	52	2.28657
129	56	0.721417
129	69	0.704637
129	72	0.791443
129	74	0.709345
129	80	0.754425
129	82	0.748869
129	85	0.744442
129	96	0.780279
129	97	1.39433
129	101	0.712135
129	116	0.734908
129	125	0.722912
129	140	0.718411
129	146	2.15569
129	152	0.733035
129	155	1.94279
129	164	0.660879
129	167	0.752881
129	170	0.705703
129	174	0.709197
129	175	0.746307
129	177	0.712565
129	178	0.671296
129	179	0.694708
129	180	0.720949
130	44	0.700306
130	52	2.99376
130	54	0.692282
130	70	0.71898
130	72	2.54202
130	78	0.669643
130	84	0.722453
130	97	0.745993
130	100	0.69126
130	104	0.718742
130	105	0.716708
130	110	0.711598
130	118	2.57509
130	119	3.08913
130	121	0.699471
130	123	0.732963
130	126	0.726463
130	127	0.726332
130	147	0.680431
130	150	0.699895
130	161	0.72854
130	163	0.690483
130	166	0.701867
130	168	0.678163
130	176	0.626942
130	178	0.642178
130	179	0.66559
130	180	0.691831
131	4	0.710638
131	20	0.774379
131	51	1.86
131	67	0.783922
131	79	0.707615
131	83	0.755483
131	92	2.14757
131	94	0.742582
131	95	0.792742
131	108	0.752004
131	118	0.765647
131	119	0.719389
131	120	0.753485
131	122	0.763172
131	124	0.808935
131	132	2.36834
131	139	0.747394
131	141	0.748488
131	142	0.746611
131	146	0.745288
131	148	0.674227
131	153	0.760923
131	155	0.75649
131	157	0.754116
131	167	2.30425
131	169	2.58124
131	171	0.695602
131	172	2.63333
131	173	0.677652
131	175	0.762454
131	176	0.672207
132	29	2.72872
132	72	1.60207
132	81	0.786093
132	88	0.76028
132	97	1.16156
132	106	0.777012
132	107	0.735549
132	121	2.27184
132	125	0.752199
132	131	2.36834
132	144	0.738407
132	147	0.738837
132	149	0.689713
132	151	0.743139
132	154	0.773948
132	158	0.753622
132	159	0.759833
132	162	1.9098
132	163	0.748889
132	164	0.690166
132	166	0.760273
132	167	0.782169
132	168	0.736569
132	169	0.753875
132	170	0.734991
132	172	0.747019
132	176	0.685348
132	177	0.741852
132	178	0.700584
132	179	0.723995
132	180	0.750236
133	20	2.36145
133	25	0.771963
133	29	0.707978
133	32	0.7492
133	37	0.738574
133	43	1.94865
133	49	0.734673
133	50	0.749833
133	54	1.76557
133	58	0.799143
133	61	0.771818
133	69	0.716432
133	71	0.701037
133	72	0.803238
133	80	0.76622
133	85	0.756237
133	98	0.734384
133	102	0.769528
133	116	2.26917
133	123	2.12612
133	137	0.759644
133	141	1.90484
133	147	0.721344
133	149	0.672221
133	164	0.672674
133	167	0.764676
133	170	0.717498
133	172	0.729526
133	175	0.758102
133	178	0.683091
133	179	0.706503
133	180	0.732744
134	83	2.1839
134	86	0.763053
134	102	1.75148
134	107	0.727233
134	109	0.697265
134	124	1.96573
134	125	0.743883
134	137	0.76882
134	140	0.739382
134	142	2.28069
134	143	0.722422
134	144	0.730091
134	145	0.7087
134	148	0.67905
134	149	0.681397
134	150	2.20516
134	151	0.734822
134	154	0.765631
134	156	0.765326
134	158	0.745306
134	159	0.751517
134	160	0.763311
134	163	0.740572
134	168	0.728252
134	169	0.745558
134	170	0.726674
134	172	0.738702
134	174	0.730167
134	175	1.62978
134	177	0.733536
134	178	0.692267
134	179	0.715679
134	180	0.74192
135	35	0.639985
135	40	4.56374
135	56	4.27112
135	79	0.62813
135	96	3.96514
135	100	0.657041
135	105	0.682488
135	110	0.677379
135	113	0.68018
135	118	0.686162
135	121	0.665252
135	122	0.683687
135	123	0.698743
135	124	0.72945
135	126	0.692243
135	127	0.692112
135	140	0.655073
135	142	0.667126
135	145	0.624392
135	149	0.597088
135	153	0.681438
135	154	0.681322
135	155	0.677005
135	157	0.674631
135	162	0.664874
135	163	0.656264
135	164	0.597541
135	168	0.643944
135	175	0.682969
135	176	0.592722
135	178	0.607959
135	180	0.657611
136	39	0.801281
136	47	1.59453
136	61	1.56133
136	86	0.778182
136	90	0.775304
136	92	0.771854
136	95	1.65686
136	101	2.37021
136	107	0.742361
136	112	0.779439
136	114	0.780746
136	119	2.13642
136	124	1.75976
136	125	0.759011
136	126	2.1209
136	128	0.750885
136	147	0.745649
136	149	0.696525
136	156	0.780455
136	158	0.760434
136	159	0.766645
