1	16	1.1545
1	19	1.12481
1	31	1.27598
1	49	1.11557
1	52	1.28744
1	53	1.12329
1	63	1.2688
1	72	1.24961
1	154	0.590109
1	163	0.653636
1	165	0.573371
1	171	0.749576
2	6	1.35316
2	69	1.18579
2	103	1.12953
2	109	1.2676
2	121	1.0334
2	151	1.21382
2	156	0.614524
2	164	1.19896
2	165	0.599792
2	174	0.655824
2	176	1.21775
2	180	0.696257
3	6	0.401654
3	78	0.44943
3	104	0.47462
3	131	1.44716
3	146	1.32274
3	161	1.4176
3	164	0.442858
3	174	1.36375
3	176	0.42571
3	177	1.35058
3	178	1.31481
3	179	1.38336
4	8	0.461969
4	52	0.389132
4	59	0.454518
4	101	0.442957
4	135	0.442258
4	156	1.36472
4	162	1.38172
4	168	1.4041
4	170	1.36704
4	172	1.41854
4	175	1.32166
4	179	1.34223
5	30	1.1329
5	55	0.581957
5	116	1.29264
5	119	1.21894
5	120	1.21261
5	122	1.18824
5	129	1.25543
5	152	0.696015
5	159	0.600587
5	163	0.686863
5	176	1.22431
5	180	1.07493
6	2	1.35316
6	3	0.401654
6	26	1.54495
6	94	1.49013
6	103	1.41804
6	108	0.412063
6	137	0.455456
6	146	0.590438
6	162	0.505811
6	164	1.48746
6	176	1.50626
7	16	1.30449
7	18	1.5108
7	19	1.2748
7	31	1.42597
7	49	1.26556
7	63	1.41878
7	72	1.3996
7	132	0.501049
7	152	0.560333
7	157	0.45161
7	174	0.526947
7	180	0.567381
8	4	0.461969
8	36	1.2943
8	54	1.2943
8	65	1.2702
8	71	1.41515
8	77	1.4943
8	127	0.497673
8	144	0.540333
8	149	0.512972
8	151	1.35388
8	156	0.550423
8	173	1.47787
9	36	1.2943
9	54	1.2943
9	65	1.2702
9	71	1.41515
9	77	1.4943
9	127	0.462702
9	151	1.35388
9	169	0.545283
9	172	0.462109
9	173	1.47787
9	179	0.537983
9	180	0.597184
10	20	1.28238
10	33	1.42172
10	47	1.43758
10	57	1.36891
10	58	1.35946
10	60	1.35946
10	112	0.497073
10	124	0.588642
10	132	0.523268
10	150	1.37048
10	154	0.509874
10	159	0.487124
11	38	1.3575
11	116	1.45548
11	117	0.577139
11	120	1.37545
11	129	1.41827
11	142	0.475429
11	164	1.36836
11	172	0.43507
11	176	1.38716
11	177	0.541701
11	178	0.577659
11	180	1.23777
12	16	1.12315
12	19	1.09346
12	31	1.24464
12	48	1.46903
12	49	1.08423
12	52	1.2561
12	53	1.09194
12	63	1.23745
12	141	0.647207
12	157	0.59827
12	158	0.680383
12	162	0.638585
13	51	1.24993
13	62	1.32728
13	79	1.30866
13	80	1.30952
13	104	1.2478
13	110	1.36209
13	113	1.32219
13	123	0.58829
13	127	0.464205
13	148	0.476535
13	159	1.27252
13	171	0.678427
13	180	0.598687
14	88	0.54737
14	125	1.36315
14	126	0.518687
14	134	1.31764
14	135	1.29914
14	138	1.27812
14	139	1.34221
14	147	1.32391
14	153	0.534074
14	159	0.565778
14	176	1.3126
14	177	0.63981
14	180	1.16322
15	43	1.30744
15	80	1.30791
15	86	1.31146
15	102	1.23934
15	104	1.24619
15	110	1.36047
15	113	1.32058
15	152	0.592286
15	157	1.30662
15	158	0.565677
15	165	0.50287
15	178	0.606849
15	179	0.540134
16	1	1.1545
16	7	1.30449
16	12	1.12315
16	48	1.57804
16	52	1.36511
16	53	1.20096
16	63	1.34647
16	72	1.32728
16	159	0.538375
16	162	0.565395
16	166	0.545945
16	170	0.551387
16	175	0.605086
17	56	1.36588
17	75	1.51133
17	87	1.42566
17	92	1.48582
17	100	1.50548
17	142	0.392455
17	146	0.496343
17	160	1.49082
17	162	0.411715
17	171	0.566911
17	173	1.61501
17	178	0.494685
17	180	0.487171
18	7	1.5108
18	19	1.40879
18	49	1.39955
18	52	1.57142
18	53	1.40727
18	72	1.53359
18	98	1.56857
18	112	0.488656
18	118	0.449141
18	144	0.489361
18	157	0.465412
18	162	0.505728
18	172	0.446109
19	1	1.12481
19	7	1.2748
19	12	1.09346
19	18	1.40879
19	48	1.54835
19	52	1.33542
19	63	1.31678
19	72	1.29759
19	108	0.474823
19	142	0.549311
19	165	0.547561
19	178	0.651541
19	179	0.584825
20	10	1.28238
20	25	1.33415
20	33	1.33166
20	47	1.34752
20	57	1.27885
20	58	1.2694
20	60	1.2694
20	66	0.435529
20	101	1.28664
20	123	0.635071
20	141	0.578635
20	172	0.510394
20	180	0.645468
21	29	0.42995
21	32	0.51142
21	86	0.532822
21	120	0.566043
21	135	0.55046
21	141	1.2517
21	165	1.33057
21	170	1.29101
21	171	1.13728
21	174	1.24658
21	175	1.24562
21	177	1.23341
21	178	1.19764
21	179	1.26619
22	50	1.35749
22	119	1.42788
22	120	1.42154
22	122	1.39717
22	129	1.46436
22	131	0.485893
22	144	0.491556
22	156	0.501645
22	159	0.480902
22	164	1.41445
22	169	0.531477
22	176	1.43324
22	177	0.554934
22	180	1.28386
23	37	1.23705
23	56	1.12487
23	75	1.27033
23	87	1.18465
23	92	1.24482
23	100	1.26447
23	151	1.25001
23	159	0.553857
23	160	1.24981
23	167	0.560674
23	173	1.374
23	174	0.615899
23	175	0.620568
23	180	0.656332
24	59	1.42642
24	62	1.42756
24	81	1.39903
24	102	1.34123
24	104	1.34809
24	110	1.46237
24	113	1.42248
24	136	0.459109
24	137	0.453615
24	142	0.484709
24	146	0.588597
24	159	1.37281
24	165	0.48296
24	180	0.579425
25	20	1.33415
25	47	1.48935
25	57	1.42068
25	58	1.41123
25	60	1.41123
25	89	1.35965
25	112	0.510814
25	130	0.494737
25	143	1.35146
25	145	0.475324
25	150	1.42225
25	163	0.587141
25	166	0.508436
25	172	0.468267
26	6	1.54495
26	70	1.36926
26	94	1.39341
26	96	1.31143
26	103	1.32131
26	109	1.45938
26	112	0.521739
26	145	0.486249
26	149	0.495083
26	159	0.51179
26	161	0.511563
26	164	1.39074
26	167	0.518607
26	176	1.40953
27	106	1.34501
27	125	1.45147
27	131	0.475467
27	133	0.46773
27	134	1.40596
27	135	1.38746
27	138	1.36643
27	139	1.43053
27	147	1.41223
27	154	0.493226
27	169	0.521051
27	171	0.652692
27	172	0.437878
27	176	1.40091
28	78	1.38935
28	105	1.4389
28	107	1.36677
28	111	1.4249
28	114	1.38942
28	132	0.508696
28	140	0.458461
28	141	0.508194
28	157	1.40587
28	159	1.37016
28	160	1.41463
28	163	0.558828
28	166	0.480123
28	174	0.534594
29	21	0.42995
29	36	1.40859
29	54	1.40859
29	65	1.38448
29	71	1.52943
29	77	1.60859
29	126	0.342368
29	151	1.46817
29	162	0.416481
29	167	0.396277
29	172	0.757615
29	173	1.59215
29	177	0.463492
30	5	1.1329
30	50	1.20367
30	74	0.561996
30	116	1.34775
30	119	1.27406
30	122	1.24335
30	129	1.31054
30	150	1.27826
30	162	0.600783
30	167	0.580579
30	176	1.27942
30	177	0.647794
30	179	0.617037
30	180	1.13004
31	1	1.27598
31	7	1.42597
31	12	1.24464
31	48	1.69953
31	49	1.31473
31	53	1.32244
31	63	1.46795
31	72	1.44876
31	123	0.533523
31	149	0.424737
31	163	0.52772
31	174	0.503487
31	175	0.508156
31	178	0.551435
32	21	0.51142
32	61	1.43247
32	70	1.38358
32	96	1.32576
32	103	1.33564
32	109	1.47371
32	130	0.464801
32	144	0.481583
32	151	1.41992
32	154	0.493679
32	158	0.539748
32	164	1.40506
32	176	1.42386
32	179	0.514205
33	10	1.42172
33	20	1.33166
33	57	1.41819
33	58	1.40873
33	60	1.40873
33	73	1.44225
33	112	0.479707
33	143	1.34897
33	150	1.41976
33	153	0.438055
33	155	0.476489
33	175	0.53647
33	177	0.543791
33	180	0.572235
34	38	0.517659
34	53	0.57271
34	57	0.450125
34	92	0.516339
34	103	0.533173
34	111	1.29572
34	114	1.26023
34	139	1.31919
34	140	1.29591
34	147	1.30089
34	166	1.26607
34	177	1.17878
34	178	1.14301
34	180	1.14019
35	46	1.27882
35	82	1.34211
35	116	1.42292
35	119	1.34923
35	120	1.34289
35	121	0.682399
35	122	1.31852
35	129	1.38571
35	154	0.524894
35	159	0.502145
35	161	0.501918
35	162	0.529166
35	165	0.508156
35	176	1.35459
35	180	1.20521
36	8	1.2943
36	9	1.2943
36	29	1.40859
36	54	1.24382
36	65	1.21972
36	67	0.491163
36	71	1.36467
36	77	1.44382
36	151	1.3034
36	165	0.523036
36	166	0.524596
36	167	0.523842
36	173	1.42738
36	178	0.627015
36	179	0.5603
37	23	1.23705
37	56	1.22487
37	75	1.37033
37	87	1.28465
37	92	1.34482
37	100	1.36447
37	124	0.601902
37	145	0.474842
37	151	1.35001
37	159	0.500384
37	160	1.34981
37	161	0.500157
37	173	1.474
37	175	0.567095
37	180	0.60286
38	11	1.3575
38	34	0.517659
38	116	1.40951
38	119	1.33581
38	120	1.32948
38	129	1.3723
38	148	0.498567
38	150	1.34002
38	154	0.540993
38	164	1.32239
38	168	0.508182
38	174	0.580286
38	176	1.34118
38	179	0.561519
38	180	1.1918
39	59	0.479372
39	75	0.447653
39	90	0.450607
39	92	0.474067
39	124	1.30567
39	125	0.436501
39	139	0.461421
39	153	1.43996
39	161	1.37829
39	165	1.40843
39	169	1.34129
39	171	1.21514
39	174	1.32444
39	177	1.31127
39	178	1.2755
40	56	1.21988
40	66	0.573861
40	75	1.36533
40	87	1.27965
40	92	1.33982
40	100	1.35948
40	112	0.691273
40	127	0.649318
40	137	0.657991
40	143	1.277
40	151	1.34502
40	160	1.34482
40	172	0.648726
40	173	1.469
40	176	0.00880237
41	82	1.33578
41	116	1.41659
41	119	1.34289
41	120	1.33656
41	122	1.31219
41	129	1.37938
41	130	0.644276
41	134	0.0124859
41	155	0.657135
41	157	0.637109
41	159	0.650405
41	164	1.32947
41	172	0.617806
41	176	1.34826
41	180	1.19888
42	51	1.28863
42	67	0.496533
42	79	1.34736
42	81	1.33745
42	86	1.35177
42	102	1.27965
42	104	1.28651
42	110	1.40079
42	113	1.3609
42	132	0.558539
42	154	0.545144
42	157	1.34693
42	167	0.529212
42	170	0.535408
42	174	0.584437
43	15	1.30744
43	59	1.36379
43	80	1.34717
43	81	1.3364
43	86	1.35072
43	102	1.2786
43	113	1.35984
43	130	0.517524
43	133	0.520906
43	142	0.531413
43	144	0.534306
43	152	0.61908
43	157	1.34588
43	159	1.31017
43	161	0.523426
44	85	1.35003
44	105	1.38178
44	107	1.30965
44	111	1.36779
44	114	1.3323
44	121	0.644817
44	131	0.469554
44	150	1.36049
44	152	1.22741
44	159	1.31305
44	160	1.35751
44	162	0.491583
44	163	0.550839
44	174	0.526605
44	180	0.567039
45	68	1.33352
45	78	1.3322
45	85	1.34999
45	93	1.37579
45	105	1.38174
45	107	1.30962
45	114	1.33227
45	136	0.494911
45	141	0.548393
45	144	0.523404
45	152	1.22738
45	160	1.35748
45	167	0.519568
45	174	0.574793
45	177	0.586783
46	35	1.27882
46	82	1.28257
46	116	1.36339
46	119	1.28969
46	120	1.28336
46	122	1.25899
46	129	1.32618
46	144	0.68492
46	145	0.648725
46	151	0.0102136
46	164	1.27627
46	168	0.664204
46	169	0.724841
46	170	0.687279
46	176	1.29506
46	180	1.14568
47	10	1.43758
47	20	1.34752
47	25	1.48935
47	57	1.43405
47	58	1.4246
47	60	1.4246
47	101	1.44184
47	121	0.641168
47	143	1.36483
47	148	0.441238
47	149	0.444207
47	150	1.43562
47	161	0.460688
47	166	0.468485
47	169	0.511489
47	174	0.522957
48	12	1.46903
48	16	1.57804
48	19	1.54835
48	31	1.69953
48	49	1.53911
48	52	1.71098
48	53	1.54683
48	98	1.70813
48	124	0.509473
48	128	0.389671
48	158	0.476773
48	162	0.434975
48	163	0.494231
48	165	0.413966
48	167	0.414772
48	168	0.397893
49	1	1.11557
49	7	1.26556
49	12	1.08423
49	18	1.39955
49	31	1.31473
49	48	1.53911
49	53	1.16203
49	63	1.30754
49	72	1.28835
49	98	1.32333
49	137	0.520563
49	142	0.551658
49	157	0.530602
49	161	0.543671
49	178	0.653888
49	180	0.646373
50	22	1.35749
50	30	1.20367
50	116	1.36342
50	119	1.28972
50	120	1.28338
50	122	1.25901
50	129	1.32621
50	130	0.562796
50	137	0.54559
50	156	0.589667
50	161	0.568697
50	164	1.2763
50	168	0.558862
50	169	0.619499
50	176	1.29509
50	180	1.14571
51	13	1.24993
51	42	1.28863
51	79	1.28717
51	81	1.27727
51	86	1.29159
51	97	0.490601
51	104	1.22632
51	110	1.3406
51	113	1.30071
51	146	0.648003
51	153	0.504651
51	155	0.543086
51	157	1.28675
51	159	1.25104
51	163	0.622631
51	180	0.638831
52	1	1.28744
52	4	0.389132
52	12	1.2561
52	16	1.36511
52	18	1.57142
52	19	1.33542
52	48	1.71098
52	53	1.3339
52	63	1.47941
52	72	1.46022
52	130	0.450714
52	144	0.467496
52	152	0.55227
52	158	0.525661
52	163	0.543118
52	174	0.518885
53	1	1.12329
53	12	1.09194
53	16	1.20096
53	18	1.40727
53	31	1.32244
53	34	0.57271
53	48	1.54683
53	49	1.16203
53	52	1.3339
53	55	0.554665
53	63	1.31526
53	72	1.29607
53	126	0.526203
53	140	0.559203
53	148	0.553618
53	175	0.640006
54	8	1.2943
54	9	1.2943
54	29	1.40859
54	36	1.24382
54	65	1.21972
54	71	1.36467
54	77	1.44382
54	124	0.613221
54	148	0.492027
54	151	1.3034
54	152	0.607131
54	157	0.498408
54	166	0.519274
54	167	0.51852
54	173	1.42738
55	5	0.581957
55	53	0.554665
55	84	0.487842
55	98	0.437729
55	134	0.532095
55	140	1.33158
55	153	1.34315
55	161	1.28148
55	162	1.28674
55	165	1.31162
55	169	1.24448
55	170	1.27205
55	172	1.32355
55	173	0.44275
55	175	1.22667
55	178	1.17868
56	17	1.36588
56	23	1.12487
56	37	1.22487
56	40	1.21988
56	87	1.17247
56	92	1.23264
56	100	1.25229
56	143	1.16982
56	151	1.23783
56	160	1.23763
56	163	0.621237
56	168	0.524899
56	171	0.717177
56	172	0.502363
56	173	1.36182
56	178	0.644952
56	180	0.637437
57	10	1.36891
57	20	1.27885
57	25	1.42068
57	33	1.41819
57	34	0.450125
57	47	1.43405
57	58	1.35593
57	60	1.35593
57	89	1.30435
57	121	0.630963
57	143	1.29616
57	146	0.562357
57	149	0.434002
57	150	1.36695
57	169	0.501284
57	175	0.51742
57	180	0.553185
58	10	1.35946
58	20	1.2694
58	25	1.41123
58	33	1.40873
58	47	1.4246
58	57	1.35593
58	60	1.34647
58	73	1.37999
58	97	0.484597
58	108	0.463624
58	132	0.566495
58	142	0.538112
58	143	1.2867
58	145	0.50481
58	150	1.3575
58	153	0.498647
58	180	0.632827
59	4	0.454518
59	24	1.42642
59	39	0.479372
59	43	1.36379
59	79	1.36339
59	80	1.36425
59	88	0.50382
59	102	1.29568
59	104	1.30253
59	110	1.41682
59	113	1.37692
59	124	0.623746
59	133	0.519482
59	153	0.490524
59	157	1.36296
59	159	1.32725
59	170	0.535241
60	10	1.35946
60	20	1.2694
60	25	1.41123
60	33	1.40873
60	47	1.4246
60	57	1.35593
60	58	1.34647
60	73	1.37999
60	118	0.570789
60	140	0.586265
60	141	0.635998
60	142	0.608117
60	143	1.2867
60	150	1.3575
60	158	0.669174
60	159	0.600356
60	164	0.0138041
61	32	1.43247
61	69	1.3475
61	70	1.33918
61	94	1.36333
61	96	1.28135
61	103	1.29123
61	109	1.42931
61	126	0.48393
61	136	0.513182
61	140	0.516931
61	144	0.541676
61	151	1.37552
61	162	0.558043
61	164	1.36066
61	165	0.537033
61	167	0.537839
61	176	1.37945
62	13	1.32728
62	24	1.42756
62	79	1.36453
62	80	1.36539
62	81	1.35462
62	102	1.29682
62	104	1.30367
62	110	1.41796
62	113	1.37806
62	142	0.51666
62	148	0.489222
62	156	0.529642
62	157	1.3641
62	163	0.595175
62	168	0.498837
62	172	0.4763
62	177	0.582931
63	1	1.2688
63	7	1.41878
63	12	1.23745
63	16	1.34647
63	19	1.31678
63	31	1.46795
63	49	1.30754
63	52	1.47941
63	53	1.31526
63	72	1.44157
63	108	0.543745
63	153	0.578768
63	155	0.617202
63	157	0.597177
63	170	0.623485
63	173	0.00555724
63	178	0.720462
64	69	1.37123
64	70	1.36292
64	94	1.38706
64	96	1.30509
64	103	1.31497
64	109	1.45304
64	121	1.21884
64	137	0.463039
64	151	1.39926
64	162	0.513393
64	164	1.3844
64	166	0.493943
64	174	0.548415
64	175	0.553084
64	176	1.40319
64	179	0.529648
64	180	0.588848
65	8	1.2702
65	9	1.2702
65	29	1.38448
65	36	1.21972
65	54	1.21972
65	71	1.34056
65	73	1.30456
65	77	1.41972
65	101	1.28828
65	121	0.675998
65	130	0.489616
65	131	0.500735
65	145	0.470203
65	151	1.27929
65	152	0.591172
65	157	0.482449
65	171	0.67796
65	173	1.40328
66	20	0.435529
66	40	0.573861
66	86	0.384868
66	109	0.36276
66	110	0.388705
66	122	0.393875
66	131	1.52175
66	138	0.414022
66	139	0.396814
66	156	1.48044
66	158	1.42836
66	161	1.49219
66	171	1.32903
66	174	1.43834
66	175	1.43738
66	177	1.42517
66	178	1.38939
66	179	1.45795
67	36	0.491163
67	42	0.496533
67	84	0.480609
67	135	0.484107
67	150	0.468062
67	153	1.38216
67	160	0.477114
67	162	1.32575
67	164	0.494132
67	165	1.35062
67	168	1.34812
67	169	1.28348
67	170	1.31106
67	172	1.36256
67	174	1.26664
67	175	1.26568
67	178	1.21769
67	179	1.28625
68	45	1.33352
68	78	1.31333
68	85	1.33112
68	93	1.35693
68	107	1.29075
68	111	1.34889
68	114	1.3134
68	132	0.523333
68	143	1.27079
68	149	0.470482
68	152	1.20851
68	156	0.507932
68	159	1.29415
68	160	1.33861
68	163	0.573465
68	171	0.669405
68	174	0.549232
68	178	0.59718
69	2	1.18579
69	61	1.3475
69	64	1.37123
69	70	1.29861
69	94	1.32276
69	96	1.24078
69	103	1.25066
69	109	1.38874
69	115	0.589063
69	151	1.33495
69	152	0.591448
69	156	0.516763
69	164	1.32009
69	165	0.502031
69	168	0.485958
69	176	1.33888
69	178	0.60601
69	180	0.598496
70	26	1.36926
70	32	1.38358
70	61	1.33918
70	64	1.36292
70	69	1.29861
70	94	1.31444
70	96	1.23247
70	103	1.24234
70	109	1.38042
70	121	1.14622
70	141	0.555217
70	153	0.48787
70	162	0.546595
70	167	0.526392
70	169	0.57015
70	174	0.581617
70	176	1.33057
70	180	0.62205
71	8	1.41515
71	9	1.41515
71	29	1.52943
71	36	1.36467
71	54	1.36467
71	65	1.34056
71	77	1.56467
71	101	1.43323
71	117	0.564581
71	136	0.43727
71	142	0.462871
71	151	1.42424
71	156	0.475854
71	157	0.441815
71	173	1.54823
71	175	0.521822
71	177	0.529143
71	179	0.498386
72	1	1.24961
72	7	1.3996
72	16	1.32728
72	18	1.53359
72	19	1.29759
72	31	1.44876
72	49	1.28835
72	52	1.46022
72	53	1.29607
72	63	1.44157
72	98	1.45737
72	121	0.645285
72	130	0.458902
72	132	0.501175
72	154	0.48778
72	157	0.451736
72	163	0.551307
72	174	0.527073
72	179	0.508306
73	33	1.44225
73	58	1.37999
73	60	1.37999
73	65	1.30456
73	101	1.39722
73	122	1.35609
73	129	1.42329
73	136	0.471554
73	149	0.472687
73	151	1.38824
73	152	0.584821
73	153	0.457689
73	163	0.575669
73	164	1.37338
73	166	0.496964
73	169	0.539969
73	173	1.51222
73	179	0.532669
73	180	1.24279
74	30	0.561996
74	114	0.491412
74	122	0.489572
74	130	1.32541
74	133	1.32526
74	135	0.498203
74	138	0.509719
74	158	1.22188
74	160	0.491209
74	161	1.28571
74	162	1.29097
74	164	0.508228
74	167	1.30474
74	168	1.31334
74	169	1.24871
74	175	1.2309
74	177	1.21869
74	178	1.18292
74	179	1.25147
75	17	1.51133
75	23	1.27033
75	37	1.37033
75	39	0.447653
75	40	1.36533
75	87	1.31792
75	92	1.37809
75	100	1.39775
75	128	0.472226
75	130	0.484381
75	143	1.31527
75	151	1.38329
75	156	0.511253
75	157	0.477214
75	160	1.38309
75	168	0.480448
75	169	0.541085
75	171	0.672726
75	173	1.50727
76	90	1.29485
76	97	0.518121
76	106	1.23636
76	125	1.34282
76	131	0.568866
76	134	1.29731
76	135	1.2788
76	138	1.25778
76	139	1.32188
76	141	0.599518
76	147	1.30358
76	152	1.15803
76	157	0.55058
76	161	0.563649
76	163	0.650151
76	164	1.27347
76	176	1.29226
76	177	0.637908
76	180	1.14288
77	8	1.4943
77	9	1.4943
77	29	1.60859
77	36	1.44382
77	54	1.44382
77	65	1.41972
77	71	1.56467
77	133	0.452415
77	140	0.44107
77	142	0.462922
77	144	0.465815
77	151	1.5034
77	152	0.550589
77	157	0.441866
77	168	0.445099
77	170	0.468174
77	173	1.62738
78	3	0.44943
78	28	1.38935
78	45	1.3322
78	68	1.31333
78	93	1.3556
78	105	1.36155
78	107	1.28943
78	111	1.34756
78	112	0.536515
78	114	1.31208
78	137	0.503232
78	144	0.53722
78	150	1.34026
78	154	0.549315
78	155	0.533296
78	157	1.32853
78	159	1.29282
78	160	1.33729
78	170	0.539579
78	178	0.636556
79	13	1.30866
79	42	1.34736
79	51	1.28717
79	59	1.36339
79	62	1.36453
79	80	1.34677
79	86	1.35032
79	102	1.2782
79	104	1.28505
79	110	1.39934
79	113	1.35944
79	124	0.608295
79	148	0.4871
79	152	0.602205
79	153	0.475073
79	156	0.52752
79	159	1.30977
79	167	0.513594
79	174	0.568819
79	179	0.550052
80	13	1.30952
80	15	1.30791
80	43	1.34717
80	59	1.36425
80	62	1.36539
80	79	1.34677
80	81	1.33686
80	102	1.27906
80	104	1.28591
80	110	1.4002
80	126	0.48213
80	128	0.510938
80	137	0.505887
80	157	1.34634
80	159	1.31063
80	162	0.556242
80	170	0.542234
80	172	0.496623
80	177	0.603253
80	180	0.631697
81	24	1.39903
81	42	1.33745
81	43	1.3364
81	51	1.27727
81	62	1.35462
81	80	1.33686
81	86	1.34041
81	102	1.26829
81	104	1.27514
81	110	1.38943
81	113	1.34953
81	117	0.615369
81	127	0.473892
81	128	0.487615
81	136	0.488058
81	142	0.513659
81	154	0.528648
81	157	1.33557
81	178	0.615889
81	180	0.608374
82	35	1.34211
82	41	1.33578
82	46	1.28257
82	89	1.29459
82	115	0.620266
82	116	1.42668
82	118	0.497656
82	119	1.35298
82	120	1.34665
82	122	1.32228
82	129	1.38947
82	136	0.509383
82	157	0.513928
82	158	0.596041
82	161	0.526996
82	164	1.33956
82	172	0.494624
82	176	1.35835
82	179	0.570498
82	180	1.20897
83	91	1.3527
83	106	1.29788
83	134	1.35883
83	135	1.34033
83	137	0.504796
83	138	1.31931
83	139	1.3834
83	147	1.3651
83	152	1.21956
83	160	1.34965
83	164	1.335
83	166	0.5357
83	167	0.534947
83	168	0.518068
83	169	0.578705
83	172	0.495531
83	173	1.47384
83	174	0.590172
83	179	0.571405
83	180	1.2044
84	55	0.487842
84	67	0.480609
84	90	1.35459
84	99	1.30086
84	106	1.2961
84	117	0.615941
84	125	1.40256
84	134	1.35705
84	135	1.33855
84	136	0.488631
84	138	1.31752
84	139	1.38162
84	147	1.36332
84	156	0.527214
84	159	0.506471
84	163	0.592747
84	164	1.33321
84	176	1.352
84	179	0.549746
84	180	1.20262
85	44	1.35003
85	45	1.34999
85	68	1.33112
85	88	0.489864
85	93	1.3734
85	105	1.37935
85	107	1.30722
85	111	1.36536
85	114	1.32987
85	128	0.489989
85	133	0.505526
85	143	1.28727
85	152	1.22499
85	157	1.34632
85	160	1.35508
85	163	0.594548
85	172	0.475674
85	175	0.574983
85	177	0.582304
85	178	0.618263
86	15	1.31146
86	21	0.532822
86	42	1.35177
86	43	1.35072
86	51	1.29159
86	66	0.384868
86	79	1.35032
86	81	1.34041
86	102	1.28261
86	104	1.28946
86	110	1.40375
86	113	1.36385
86	157	1.34989
86	158	0.56115
86	159	1.31418
86	162	0.519352
86	174	0.554374
86	177	0.566364
86	179	0.535607
86	180	0.594807
87	17	1.42566
87	23	1.18465
87	37	1.28465
87	40	1.27965
87	56	1.17247
87	75	1.31792
87	92	1.29241
87	95	1.28432
87	100	1.31207
87	121	0.679723
87	132	0.535613
87	143	1.22959
87	146	0.611117
87	151	1.29761
87	152	0.594897
87	160	1.29741
87	165	0.505481
87	169	0.550044
87	170	0.512482
87	173	1.4216
87	179	0.542745
88	14	0.54737
88	59	0.50382
88	85	0.489864
88	125	0.460949
88	130	1.36924
88	134	0.532316
88	138	0.503077
88	150	0.475515
88	158	1.26572
88	161	1.32954
88	163	1.26171
88	166	1.34981
88	167	1.34857
88	168	1.35717
88	169	1.29254
88	171	1.16639
88	175	1.27473
88	176	0.484438
88	177	1.26252
88	178	1.22675
88	179	1.2953
89	25	1.35965
89	57	1.30435
89	82	1.29459
89	108	0.466659
89	115	0.62643
89	122	1.27101
89	129	1.3382
89	134	1.31213
89	135	1.29363
89	138	1.2726
89	139	1.3367
89	143	1.23513
89	147	1.3184
89	150	1.30592
89	155	0.540117
89	159	0.533387
89	167	0.540204
89	169	0.583962
89	174	0.595429
89	178	0.643377
89	180	1.1577
90	39	0.450607
90	76	1.29485
90	84	1.35459
90	99	1.32229
90	106	1.31752
90	117	0.602934
90	118	0.463897
90	134	1.37847
90	135	1.35997
90	138	1.33894
90	139	1.40304
90	147	1.38474
90	154	0.516213
90	158	0.562282
90	159	0.493464
90	163	0.57974
90	164	1.35463
90	170	0.506477
90	173	1.49348
90	174	0.555506
90	176	1.37343
90	180	1.22404
91	83	1.3527
91	106	1.31384
91	125	1.4203
91	131	0.498675
91	134	1.37479
91	135	1.35629
91	138	1.33527
91	139	1.39936
91	145	0.468143
91	147	1.38106
91	152	1.23552
91	154	0.516434
91	158	0.562503
91	164	1.35096
91	165	0.499695
91	170	0.506697
91	173	1.4898
91	174	0.555727
91	175	0.560396
91	176	1.36975
91	178	0.603675
91	180	1.22036
92	17	1.48582
92	23	1.24482
92	34	0.516339
92	37	1.34482
92	39	0.474067
92	40	1.33982
92	56	1.23264
92	75	1.37809
92	87	1.29241
92	98	1.42246
92	100	1.37224
92	137	0.493589
92	141	0.552565
92	143	1.28976
92	151	1.35778
92	155	0.523654
92	160	1.35758
92	161	0.516696
92	166	0.524494
92	168	0.506861
92	173	1.48176
92	174	0.578966
93	45	1.37579
93	68	1.35693
93	78	1.3556
93	85	1.3734
93	105	1.40515
93	107	1.33302
93	111	1.39116
93	114	1.35567
93	143	1.31307
93	149	0.476825
93	152	1.25079
93	153	0.461828
93	154	0.516282
93	155	0.500263
93	157	1.37212
93	159	1.33642
93	160	1.38088
93	161	0.493305
93	168	0.48347
93	171	0.675748
93	175	0.560244
93	178	0.603523
94	6	1.49013
94	26	1.39341
94	61	1.36333
94	64	1.38706
94	69	1.32276
94	70	1.31444
94	96	1.25661
94	101	1.35977
94	103	1.26649
94	109	1.40457
94	133	0.524638
94	136	0.509544
94	142	0.535145
94	149	0.510677
94	151	1.35078
94	153	0.49568
94	157	0.514089
94	164	1.33592
94	166	0.534955
94	168	0.517322
94	176	1.35472
94	180	0.62986
95	87	1.28432
95	96	1.25551
95	100	1.36414
95	108	0.467559
95	109	1.40347
95	134	1.35866
95	135	1.34016
95	136	0.516446
95	138	1.31913
95	139	1.38323
95	140	0.520195
95	147	1.36493
95	148	0.514609
95	151	1.34968
95	160	1.34948
95	162	0.561306
95	166	0.541857
95	170	0.547299
95	172	0.501687
95	173	1.47367
95	175	0.600997
95	176	1.35362
96	26	1.31143
96	32	1.32576
96	61	1.28135
96	64	1.30509
96	69	1.24078
96	70	1.23247
96	94	1.25661
96	95	1.25551
96	103	1.18452
96	109	1.32259
96	112	0.579412
96	121	1.08839
96	123	0.661542
96	130	0.563335
96	133	0.566717
96	151	1.26881
96	155	0.576194
96	164	1.25395
96	166	0.577034
96	169	0.620038
96	170	0.582476
96	176	1.27274
97	51	0.490601
97	58	0.484597
97	76	0.518121
97	110	0.450414
97	113	0.474355
97	114	0.457425
97	129	0.49947
97	134	0.504971
97	151	0.476939
97	155	1.33693
97	159	1.34372
97	161	1.34854
97	163	1.28071
97	166	1.36881
97	168	1.37617
97	170	1.33911
97	171	1.18539
97	172	1.39061
97	174	1.29469
97	175	1.29373
97	177	1.28152
97	178	1.24575
97	179	1.3143
98	18	1.56857
98	48	1.70813
98	49	1.32333
98	55	0.437729
98	72	1.45737
98	92	1.42246
98	100	1.44212
98	108	0.389632
98	131	0.46135
98	134	1.43664
98	135	1.41814
98	138	1.39711
98	147	1.44291
98	159	0.456359
98	165	0.46237
98	166	0.46393
98	167	0.463176
98	170	0.469372
98	171	0.638575
98	173	1.55165
98	176	1.43159
98	177	0.530391
99	84	1.30086
99	90	1.32229
99	106	1.2638
99	125	1.37026
99	127	0.520231
99	134	1.32475
99	135	1.30625
99	136	0.534398
99	138	1.28522
99	139	1.34932
99	141	0.58788
99	145	0.526696
99	147	1.33102
99	154	0.574987
99	160	1.31557
99	164	1.30091
99	166	0.559808
99	168	0.542176
99	169	0.602813
99	172	0.519639
99	173	1.43975
99	176	1.3197
99	180	1.17032
100	17	1.50548
100	23	1.26447
100	37	1.36447
100	40	1.35948
100	56	1.25229
100	75	1.39775
100	87	1.31207
100	92	1.37224
100	95	1.36414
100	98	1.44212
100	112	0.499933
100	115	0.583028
100	118	0.460418
100	123	0.582063
100	124	0.591502
100	127	0.457978
100	131	0.494975
100	133	0.487238
100	143	1.30941
100	151	1.37743
100	159	0.489984
100	160	1.37723
100	173	1.50142
100	177	0.564016
101	4	0.442957
101	20	1.28664
101	47	1.44184
101	65	1.28828
101	71	1.43323
101	73	1.39722
101	94	1.35977
101	103	1.28767
101	109	1.42575
101	118	0.481101
101	123	0.602746
101	126	0.463576
101	131	0.515659
101	143	1.30394
101	145	0.485126
101	146	0.622316
101	149	0.493961
101	150	1.37474
101	151	1.37196
101	164	1.3571
101	172	0.478069
101	173	1.49595
101	176	1.3759
101	177	0.5847
102	15	1.23934
102	24	1.34123
102	42	1.27965
102	43	1.2786
102	59	1.29568
102	62	1.29682
102	79	1.2782
102	80	1.27906
102	81	1.26829
102	86	1.28261
102	104	1.21734
102	110	1.33163
102	113	1.29173
102	133	0.531492
102	141	0.569881
102	153	0.502534
102	155	0.540969
102	157	1.27777
102	159	1.24206
102	161	0.534012
102	163	0.620514
102	170	0.547252
102	171	0.716454
102	177	0.608271
103	2	1.12953
103	6	1.41804
103	26	1.32131
103	32	1.33564
103	34	0.533173
103	61	1.29123
103	64	1.31497
103	69	1.25066
103	70	1.24234
103	94	1.26649
103	96	1.18452
103	101	1.28767
103	109	1.33247
103	126	0.486666
103	149	0.51705
103	151	1.27869
103	161	0.533531
103	163	0.620033
103	164	1.26383
103	167	0.540574
103	171	0.715973
103	176	1.28262
103	177	0.607789
103	179	0.577032
104	3	0.47462
104	13	1.2478
104	15	1.24619
104	24	1.34809
104	42	1.28651
104	51	1.22632
104	59	1.30253
104	62	1.30367
104	79	1.28505
104	80	1.28591
104	81	1.27514
104	86	1.28946
104	102	1.21734
104	110	1.33848
104	113	1.29858
104	132	0.5879
104	137	0.528422
104	152	0.647184
104	159	1.24892
104	167	0.558573
104	168	0.541694
104	172	0.519158
104	175	0.618467
104	180	0.654232
105	28	1.4389
105	44	1.38178
105	45	1.38174
105	78	1.36155
105	85	1.37935
105	93	1.40515
105	107	1.33897
105	111	1.39711
105	114	1.36162
105	146	0.652203
105	148	0.520878
105	150	1.38981
105	152	1.25674
105	157	1.37808
105	159	1.34237
105	160	1.38683
105	162	0.567575
105	167	0.547372
105	168	0.530493
105	170	0.553568
105	173	0.00507566
105	174	0.602597
105	178	0.650545
105	179	0.58383
106	27	1.34501
106	76	1.23636
106	83	1.29788
106	84	1.2961
106	90	1.31752
106	91	1.31384
106	99	1.2638
106	125	1.36549
106	128	0.531771
106	132	0.586198
106	134	1.31998
106	135	1.30148
106	138	1.28045
106	139	1.34455
106	147	1.32625
106	148	0.530378
106	153	0.51835
106	159	0.550055
106	160	1.3108
106	166	0.557625
106	172	0.517456
106	174	0.612097
106	175	0.616766
106	176	1.31494
106	179	0.59333
106	180	1.16555
107	28	1.36677
107	44	1.30965
107	45	1.30962
107	68	1.29075
107	78	1.28943
107	85	1.30722
107	93	1.33302
107	105	1.33897
107	111	1.32498
107	114	1.2895
107	123	0.684442
107	143	1.24689
107	148	0.572687
107	150	1.31768
107	152	1.18461
107	155	0.599094
107	157	1.30595
107	158	0.661182
107	159	1.27024
107	160	1.31471
107	161	0.592137
107	168	0.582302
107	172	0.559765
107	175	0.659075
107	176	0.00519199
107	180	0.69484
108	6	0.412063
108	19	0.474823
108	58	0.463624
108	63	0.543745
108	89	0.466659
108	95	0.467559
108	98	0.389632
108	111	0.452206
108	120	0.458826
108	142	1.45265
108	143	0.476669
108	150	0.427196
108	153	1.47843
108	155	1.40515
108	157	1.44764
108	158	1.35293
108	161	1.41676
108	163	1.34893
108	166	1.43703
108	167	1.43579
108	171	1.2536
108	174	1.36291
108	175	1.36195
108	177	1.34974
108	178	1.31396
108	179	1.38252
109	2	1.2676
109	26	1.45938
109	32	1.47371
109	61	1.42931
109	64	1.45304
109	66	0.36276
109	69	1.38874
109	70	1.38042
109	94	1.40457
109	95	1.40347
109	96	1.32259
109	101	1.42575
109	103	1.33247
109	121	1.23635
109	144	0.480877
109	152	0.565651
109	156	0.490967
109	159	0.470224
109	164	1.4019
109	165	0.476235
109	170	0.483237
109	171	0.652439
109	175	0.536935
109	176	1.42069
109	178	0.580214
109	179	0.513499
110	13	1.36209
110	15	1.36047
110	24	1.46237
110	42	1.40079
110	51	1.3406
110	59	1.41682
110	62	1.41796
110	66	0.388705
110	79	1.39934
110	80	1.4002
110	81	1.38943
110	86	1.40375
110	97	0.450414
110	102	1.33163
110	104	1.33848
110	113	1.41287
110	121	0.676422
110	140	0.482077
110	145	0.470627
110	155	0.502899
110	159	1.3632
110	162	0.523189
110	165	0.502179
110	169	0.546743
110	172	0.46357
110	175	0.56288
111	28	1.4249
111	34	1.29572
111	44	1.36779
111	68	1.34889
111	78	1.34756
111	85	1.36536
111	93	1.39116
111	105	1.39711
111	107	1.32498
111	108	0.452206
111	114	1.34763
111	128	0.50065
111	143	1.30503
111	148	0.499257
111	150	1.37582
111	152	1.24275
111	153	0.48723
111	157	1.36408
111	159	1.32838
111	160	1.37284
111	162	0.545954
111	165	0.524945
111	166	0.526504
111	168	0.508872
111	175	0.585645
111	179	0.562209
111	180	0.62141
112	10	0.497073
112	18	0.488656
112	25	0.510814
112	26	0.521739
112	33	0.479707
112	40	0.691273
112	78	0.536515
112	96	0.579412
112	100	0.499933
112	119	1.31269
112	120	1.30636
112	121	1.13371
112	122	1.28199
112	129	1.34918
112	134	1.32311
112	138	1.28358
112	139	1.34768
112	143	0.553345
112	147	1.32938
112	165	1.30442
112	168	1.30192
112	174	1.22044
112	176	1.31806
112	177	1.20727
112	178	1.17149
112	179	1.24005
112	180	1.16868
113	13	1.32219
113	15	1.32058
113	24	1.42248
113	42	1.3609
113	43	1.35984
113	51	1.30071
113	59	1.37692
113	62	1.37806
113	79	1.35944
113	81	1.34953
113	86	1.36385
113	97	0.474355
113	102	1.29173
113	104	1.29858
113	110	1.41287
113	127	0.488102
113	131	0.525099
113	140	0.506018
113	148	0.500432
113	149	0.503402
113	153	0.488405
113	157	1.35901
113	159	1.32331
113	161	0.519882
113	168	0.510047
113	171	0.702324
113	177	0.594141
114	28	1.38942
114	34	1.26023
114	44	1.3323
114	45	1.33227
114	68	1.3134
114	74	0.491412
114	78	1.31208
114	85	1.32987
114	93	1.35567
114	97	0.457425
114	105	1.36162
114	107	1.2895
114	111	1.34763
114	132	0.539323
114	137	0.479845
114	143	1.26954
114	150	1.34033
114	152	1.20726
114	154	0.525928
114	157	1.3286
114	159	1.29289
114	160	1.33736
114	166	0.510749
114	167	0.509996
114	169	0.553754
114	171	0.685394
114	178	0.613169
114	180	0.605655
115	69	0.589063
115	82	0.620266
115	89	0.62643
115	100	0.583028
115	123	1.12082
115	139	0.597321
115	141	1.16448
115	146	1.11836
115	149	1.28689
115	151	0.615736
115	154	1.21932
115	160	0.596019
115	161	1.21322
115	162	1.21848
115	163	1.14539
115	164	0.613038
115	166	1.23349
115	168	1.24085
115	169	1.17621
115	170	1.20379
115	171	1.05006
115	172	1.25529
115	173	0.554423
115	174	1.15937
115	175	1.15841
115	177	1.1462
115	178	1.11042
115	179	1.17898
116	5	1.29264
116	11	1.45548
116	30	1.34775
116	35	1.42292
116	38	1.40951
116	41	1.41659
116	46	1.36339
116	50	1.36342
116	82	1.42668
116	119	1.4338
116	120	1.42746
116	122	1.40309
116	126	0.437989
116	127	0.453074
116	129	1.47028
116	130	0.478952
116	132	0.521225
116	150	1.43801
116	152	0.580509
116	154	0.50783
116	157	0.471786
116	158	0.553899
116	163	0.571357
116	165	0.491092
116	168	0.475019
116	175	0.551792
116	176	1.43917
116	180	1.28979
117	11	0.577139
117	71	0.564581
117	81	0.615369
117	84	0.615941
117	90	0.602934
117	122	0.610809
117	137	1.24911
117	138	0.630956
117	150	0.603394
117	152	1.11652
117	156	1.19523
117	158	1.14316
117	160	0.612446
117	161	1.20698
117	162	1.21224
117	163	1.13915
117	165	1.23712
117	166	1.22725
117	167	1.22601
117	168	1.23461
117	170	1.19755
117	171	1.04383
117	172	1.24905
117	174	1.15313
117	175	1.15217
117	177	1.13996
117	178	1.10419
117	179	1.17274
118	18	0.449141
118	60	0.570789
118	82	0.497656
118	90	0.463897
118	100	0.460418
118	101	0.481101
118	120	0.495986
118	125	0.449791
118	127	1.40636
118	142	1.38274
118	143	0.51383
118	148	1.38789
118	149	1.42051
118	150	0.464357
118	156	1.3351
118	161	1.34685
118	163	1.27902
118	165	1.37698
118	166	1.36712
118	167	1.36588
118	170	1.33742
118	171	1.18369
118	172	1.38891
118	173	0.431813
118	174	1.293
118	175	1.29204
118	176	0.473279
118	177	1.27983
118	178	1.24405
118	179	1.31261
119	5	1.21894
119	22	1.42788
119	30	1.27406
119	35	1.34923
119	38	1.33581
119	41	1.34289
119	46	1.28969
119	50	1.28972
119	82	1.35298
119	112	1.31269
119	116	1.4338
119	120	1.35377
119	122	1.3294
119	129	1.39659
119	140	0.496118
119	148	0.490532
119	150	1.36431
119	152	0.605636
119	153	0.478504
119	156	0.530952
119	157	0.496913
119	158	0.579027
119	164	1.34668
119	166	0.517779
119	171	0.692424
119	172	0.47761
119	175	0.57692
119	176	1.36547
119	179	0.553484
119	180	1.21609
120	5	1.21261
120	11	1.37545
120	21	0.566043
120	22	1.42154
120	35	1.34289
120	38	1.32948
120	41	1.33656
120	46	1.28336
120	50	1.28338
120	82	1.34665
120	108	0.458826
120	112	1.30636
120	116	1.42746
120	118	0.495986
120	119	1.35377
120	122	1.32306
120	128	0.50727
120	129	1.39025
120	131	0.530544
120	136	0.507713
120	141	0.561195
120	150	1.35797
120	154	0.548302
120	161	0.525326
120	164	1.34034
120	166	0.533124
120	170	0.538566
120	176	1.35913
120	177	0.599585
120	180	1.20975
121	2	1.0334
121	35	0.682399
121	44	0.644817
121	47	0.641168
121	57	0.630963
121	64	1.21884
121	65	0.675998
121	70	1.14622
121	72	0.645285
121	87	0.679723
121	96	1.08839
121	109	1.23635
121	110	0.676422
121	112	1.13371
121	122	0.681593
121	124	1.0701
121	125	1.23705
121	135	1.17303
121	138	1.15201
121	139	1.21611
121	147	1.19781
121	156	1.13097
121	163	1.07489
121	169	1.10571
121	173	1.30654
121	174	1.08887
121	175	1.08791
121	176	1.18649
121	177	1.0757
121	178	1.03992
122	5	1.18824
122	22	1.39717
122	30	1.24335
122	35	1.31852
122	41	1.31219
122	46	1.25899
122	50	1.25901
122	66	0.393875
122	73	1.35609
122	74	0.489572
122	82	1.32228
122	89	1.27101
122	112	1.28199
122	116	1.40309
122	117	0.610809
122	119	1.3294
122	120	1.32306
122	121	0.681593
122	124	0.602857
122	127	0.469333
122	129	1.36588
122	141	0.536981
122	150	1.33361
122	157	0.488044
122	158	0.570157
122	164	1.31597
122	165	0.50735
122	175	0.56805
122	176	1.33477
122	178	0.611329
122	180	1.18538
123	13	0.58829
123	20	0.635071
123	31	0.533523
123	96	0.661542
123	100	0.582063
123	101	0.602746
123	107	0.684442
123	115	1.12082
123	131	1.22045
123	133	1.23044
123	136	1.25499
123	140	1.24099
123	147	0.582839
123	148	1.23194
123	149	1.26456
123	153	1.25256
123	155	1.17928
123	158	1.12707
123	161	1.19089
123	164	0.612073
123	166	1.21116
123	168	1.21852
123	169	1.15389
123	171	1.02774
123	172	1.23296
123	174	1.13704
123	175	1.13608
123	176	0.594925
123	177	1.12387
123	178	1.0881
123	179	1.15665
124	10	0.588642
124	37	0.601902
124	39	1.30567
124	48	0.509473
124	54	0.613221
124	59	0.623746
124	79	0.608295
124	100	0.591502
124	121	1.0701
124	122	0.602857
124	125	0.580875
124	132	1.21176
124	144	1.23042
124	145	1.26671
124	147	0.592278
124	148	1.25172
124	149	1.28434
124	153	1.27234
124	154	1.21677
124	156	1.19892
124	158	1.14685
124	161	1.21067
124	162	1.21593
124	163	1.14284
124	166	1.23094
124	167	1.2297
124	169	1.17367
124	173	0.562897
124	174	1.15682
124	175	1.15586
124	177	1.14365
124	178	1.10788
124	179	1.17643
125	14	1.36315
125	27	1.45147
125	39	0.436501
125	76	1.34282
125	84	1.40256
125	88	0.460949
125	91	1.4203
125	99	1.37026
125	106	1.36549
125	118	0.449791
125	121	1.23705
125	124	0.580875
125	134	1.42644
125	135	1.40794
125	138	1.38691
125	139	1.45101
125	140	0.465267
125	142	0.487118
125	147	1.43271
125	152	1.28716
125	156	0.500101
125	158	0.548176
125	160	1.41726
125	164	1.4026
125	165	0.485369
125	169	0.529932
125	172	0.446759
125	173	1.54145
125	175	0.546069
125	176	1.4214
125	177	0.55339
125	179	0.522633
125	180	1.27201
126	14	0.518687
126	29	0.342368
126	53	0.526203
126	61	0.48393
126	80	0.48213
126	101	0.463576
126	103	0.486666
126	116	0.437989
126	129	0.498133
126	134	0.503633
126	140	1.4246
126	143	0.496305
126	145	1.43053
126	149	1.44816
126	150	0.446832
126	153	1.43616
126	154	1.38059
126	156	1.36274
126	158	1.31067
126	161	1.37449
126	163	1.30666
126	165	1.40463
126	167	1.39352
126	168	1.40212
126	169	1.33749
126	171	1.21134
126	172	1.41656
126	173	0.414288
126	174	1.32064
126	175	1.31968
126	176	0.455754
126	177	1.30747
126	178	1.2717
126	179	1.34025
127	8	0.497673
127	9	0.462702
127	13	0.464205
127	40	0.649318
127	81	0.473892
127	99	0.520231
127	100	0.457978
127	113	0.488102
127	116	0.453074
127	118	1.40636
127	122	0.469333
127	128	1.41595
127	133	1.38236
127	143	0.51139
127	144	1.36255
127	152	1.25235
127	154	1.34891
127	156	1.33106
127	158	1.27898
127	161	1.34281
127	162	1.34807
127	164	0.487988
127	165	1.37294
127	167	1.36184
127	168	1.37044
127	169	1.3058
127	170	1.33338
127	172	1.38488
127	173	0.429373
127	174	1.28896
127	175	1.288
127	176	0.47084
127	177	1.27579
127	178	1.24001
127	179	1.30857
128	48	0.389671
128	75	0.472226
128	80	0.510938
128	81	0.487615
128	85	0.489989
128	106	0.531771
128	111	0.50065
128	120	0.50727
128	127	1.41595
128	136	1.42053
128	137	1.39856
128	141	1.3077
128	146	1.26158
128	147	0.472477
128	150	0.47564
128	151	0.504409
128	155	1.34482
128	156	1.34469
128	160	0.484692
128	161	1.35644
128	163	1.28861
128	166	1.37671
128	167	1.37547
128	168	1.38407
128	169	1.31943
128	170	1.34701
128	171	1.19328
128	172	1.3985
128	173	0.443096
128	174	1.30259
128	175	1.30163
128	176	0.484563
128	177	1.28942
128	179	1.3222
128	180	1.25083
129	5	1.25543
129	11	1.41827
129	22	1.46436
129	30	1.31054
129	35	1.38571
129	38	1.3723
129	41	1.37938
129	46	1.32618
129	50	1.32621
129	73	1.42329
129	82	1.38947
129	89	1.3382
129	97	0.49947
129	112	1.34918
129	116	1.47028
129	119	1.39659
129	120	1.39025
129	122	1.36588
129	126	0.498133
129	136	0.527384
129	137	0.52189
129	148	0.525548
129	150	1.4008
129	152	0.640652
129	153	0.51352
129	155	0.551955
129	158	0.614043
129	159	0.545224
129	160	0.00954109
129	161	0.544998
129	164	1.38316
129	168	0.535162
129	176	1.40196
129	177	0.619256
129	179	0.588499
129	180	1.25257
130	25	0.494737
130	32	0.464801
130	41	0.644276
130	43	0.517524
130	50	0.562796
130	52	0.450714
130	65	0.489616
130	72	0.458902
130	74	1.32541
130	75	0.484381
130	88	1.36924
130	96	0.563335
130	116	0.478952
130	132	1.32408
130	138	0.515357
130	144	1.34273
130	146	1.22813
130	148	1.36403
130	153	1.38466
130	154	1.32908
130	155	1.31137
130	158	1.25916
130	161	1.32299
130	162	1.32824
130	165	1.35312
130	166	1.34326
130	167	1.34202
130	170	1.31356
130	171	1.15983
130	172	1.36505
130	173	0.455251
130	174	1.26914
130	176	0.496718
130	177	1.25597
130	178	1.22019
130	179	1.28875
131	3	1.44716
131	22	0.485893
131	27	0.475467
131	44	0.469554
131	65	0.500735
131	66	1.52175
131	76	0.568866
131	91	0.498675
131	98	0.46135
131	100	0.494975
131	101	0.515659
131	113	0.525099
131	120	0.530544
131	123	1.22045
131	133	1.3524
131	135	0.51496
131	137	1.35497
131	140	1.36295
131	141	1.26411
131	144	1.3326
131	151	0.527683
131	160	0.507966
131	162	1.31811
131	163	1.24502
131	165	1.34299
131	166	1.33312
131	167	1.33188
131	168	1.34048
131	169	1.27585
131	171	1.1497
131	172	1.35492
131	174	1.259
131	175	1.25804
131	177	1.24583
131	178	1.21006
131	179	1.27861
132	7	0.501049
132	10	0.523268
132	28	0.508696
132	42	0.558539
132	58	0.566495
132	68	0.523333
132	72	0.501175
132	87	0.535613
132	104	0.5879
132	106	0.586198
132	114	0.539323
132	116	0.521225
132	124	1.21176
132	130	1.32408
132	142	1.32028
132	145	1.34042
132	147	0.526904
132	153	1.34605
132	154	1.29048
132	155	1.27277
132	156	1.27263
132	158	1.22056
132	161	1.28438
132	162	1.28964
132	163	1.21655
132	165	1.31452
132	166	1.30465
132	168	1.31201
132	169	1.24738
132	170	1.27495
132	171	1.12123
132	172	1.32645
132	174	1.23053
132	175	1.22957
132	176	0.53899
132	177	1.21736
132	178	1.18159
132	179	1.25014
133	27	0.46773
133	43	0.520906
133	59	0.519482
133	74	1.32526
133	77	0.452415
133	85	0.505526
133	94	0.524638
133	96	0.566717
133	100	0.487238
133	102	0.531492
133	123	1.23044
133	127	1.38236
133	131	1.3524
133	135	0.507223
133	137	1.36497
133	138	0.518739
133	150	0.491177
133	154	1.32894
133	155	1.31123
133	156	1.31109
133	158	1.25902
133	159	1.31802
133	160	0.500229
133	161	1.32284
133	162	1.3281
