1	75	0.78731
1	116	1.0472
1	125	1.05013
1	147	0.861235
1	159	1.07791
1	165	1.08317
1	168	1.06432
1	169	1.07024
1	172	1.06624
1	173	1.05882
1	174	1.08205
1	178	0.745554
2	21	1.21189
2	45	1.21255
2	58	1.17822
2	60	1.17958
2	78	1.17889
2	85	1.25751
2	99	1.19417
2	114	0.647766
2	128	0.548967
2	150	0.647205
2	161	1.18718
2	165	0.550217
3	102	0.588258
3	105	1.23511
3	109	1.13113
3	130	0.623421
3	163	1.19958
3	165	1.20325
3	166	1.19237
3	168	0.593783
3	172	0.602762
3	177	1.18143
3	178	1.28573
3	179	1.1714
4	64	0.546405
4	92	1.13368
4	93	1.21622
4	95	1.13368
4	96	1.21785
4	97	1.21622
4	100	1.18701
4	132	0.619176
4	163	0.603562
4	171	1.19554
4	176	0.625355
4	178	1.29984
5	69	1.15257
5	82	1.19768
5	89	1.17303
5	94	1.23018
5	98	1.14271
5	107	1.21035
5	154	0.656634
5	162	0.610013
5	167	1.20989
5	176	0.612744
5	178	0.516524
5	180	1.28346
6	133	1.18303
6	148	0.718691
6	155	1.19804
6	158	1.21838
6	163	0.605513
6	168	1.19612
6	169	1.20204
6	172	1.19803
6	173	1.19061
6	174	1.21385
6	178	0.531087
6	180	0.537462
7	52	0.558087
7	89	0.608925
7	95	0.640864
7	98	0.591351
7	113	1.18979
7	124	1.20162
7	169	1.20457
7	173	1.19315
7	174	1.21638
7	175	1.21328
7	177	1.19568
7	179	1.18566
8	44	0.873217
8	115	0.777936
8	132	0.745242
8	158	1.08012
8	159	1.07145
8	160	1.06247
8	165	1.0767
8	168	1.05786
8	169	1.06378
8	172	1.05977
8	173	1.05236
8	174	1.07559
9	36	0.533351
9	102	0.619409
9	142	1.21313
9	150	1.20307
9	157	1.18471
9	159	0.619852
9	164	1.19702
9	166	1.20683
9	172	0.633912
9	175	1.21349
9	177	1.19589
9	179	1.18587
10	76	1.33283
10	78	1.30132
10	99	1.3166
10	104	1.28873
10	116	0.750172
10	135	0.450068
10	142	0.389093
10	154	0.408615
10	176	1.348
10	180	1.41249
11	129	1.05312
11	146	1.0399
11	152	0.827437
11	155	0.783248
11	156	1.08421
11	162	1.07442
11	166	1.07133
11	169	0.795596
11	170	1.08829
11	175	1.07799
11	177	1.06039
11	179	1.05037
12	24	0.639571
12	98	0.908933
12	121	1.06563
12	128	1.07558
12	133	0.853015
12	144	1.03974
12	162	1.05818
12	167	1.0621
12	170	1.07205
12	177	1.04415
12	178	1.14846
12	179	1.03413
13	14	1.22135
13	20	1.1874
13	42	1.22813
13	68	0.518819
13	104	1.1395
13	115	0.657776
13	167	1.18968
13	171	1.17174
13	176	1.19877
13	178	0.535042
13	179	0.683714
13	180	1.26325
14	13	1.22135
14	65	1.17562
14	83	1.18146
14	90	0.570032
14	104	1.15124
14	150	0.694279
14	165	0.597291
14	167	1.20142
14	171	1.18347
14	176	1.21051
14	178	0.533985
14	180	1.27499
15	34	1.18289
15	70	1.1599
15	105	1.25299
15	106	1.23859
15	109	1.14901
15	113	1.19341
15	124	1.20524
15	151	0.610278
15	154	1.21789
15	161	0.642948
15	175	0.569228
15	176	0.572971
16	58	1.18053
16	104	1.21996
16	106	0.997067
16	109	0.907486
16	124	0.963722
16	148	0.933223
16	166	0.968719
16	170	0.985678
16	172	0.962669
16	173	0.95525
16	174	0.978483
16	179	0.947756
17	23	0.638507
17	56	0.62235
17	92	1.13368
17	93	1.21622
17	95	1.13368
17	96	1.21785
17	97	1.21622
17	100	1.18701
17	144	0.605197
17	165	0.529493
17	171	1.19554
17	178	1.29984
18	24	1.27447
18	26	1.11805
18	30	1.27448
18	37	1.27449
18	40	1.07306
18	114	0.631174
18	163	1.16517
18	165	1.16884
18	166	0.577791
18	176	0.566539
18	178	1.25132
18	179	0.618991
19	70	1.16468
19	74	1.14935
19	105	1.25777
19	106	1.24337
19	109	1.15379
19	113	1.19819
19	124	1.21002
19	135	0.644617
19	154	1.22267
19	161	0.62925
19	164	0.562684
19	176	0.559274
20	13	1.1874
20	51	1.06836
20	59	1.14476
20	83	1.14752
20	104	1.1173
20	136	0.622681
20	146	0.686676
20	154	0.666865
20	167	1.16748
20	171	1.14953
20	175	0.619231
20	176	1.17657
20	180	1.24105
21	2	1.21189
21	45	1.16122
21	58	1.12689
21	60	1.12825
21	76	1.15908
21	78	1.12756
21	85	1.20618
21	99	1.14285
21	156	0.668423
21	161	1.13585
21	176	0.656652
21	178	0.560433
21	179	0.709105
22	66	1.11945
22	105	0.612329
22	119	1.1984
22	135	1.13099
22	148	1.13421
22	151	1.14636
22	152	0.673264
22	170	1.18667
22	172	0.671255
22	173	0.650341
22	175	1.17637
22	177	1.15877
22	179	1.14875
23	17	0.638507
23	77	1.16042
23	97	0.655348
23	104	0.604308
23	135	1.1369
23	146	1.14419
23	148	1.14012
23	149	1.13793
23	162	1.17871
23	174	0.704973
23	175	1.18228
23	177	1.16468
23	179	1.15465
24	12	0.639571
24	18	1.27447
24	26	1.23233
24	30	1.38876
24	37	1.38877
24	40	1.18734
24	148	0.526115
24	154	0.478621
24	156	0.446501
24	161	0.504707
24	163	1.27945
24	165	1.28312
24	178	1.3656
25	55	1.12438
25	80	1.19558
25	92	1.04367
25	93	1.12621
25	95	1.04367
25	96	1.12784
25	97	1.12621
25	100	1.097
25	141	0.684807
25	147	0.733255
25	151	0.7511
25	171	1.10553
25	178	1.20983
25	180	0.623949
26	18	1.11805
26	24	1.23233
26	30	1.23234
26	37	1.23235
26	40	1.03092
26	103	1.09489
26	150	0.699425
26	163	1.12303
26	164	0.638761
26	165	1.1267
26	170	0.624026
26	175	0.631607
26	178	1.20918
27	45	1.25399
27	58	1.21966
27	60	1.22102
27	76	1.25184
27	78	1.22033
27	85	1.29895
27	99	1.23562
27	141	1.26971
27	144	0.578878
27	150	0.600163
27	156	0.547858
27	161	1.22862
27	162	0.533357
27	175	0.532344
28	46	1.14078
28	70	1.07797
28	72	1.15302
28	74	1.06263
28	103	0.733301
28	105	1.17105
28	106	1.15665
28	109	1.06707
28	113	1.11148
28	124	1.12331
28	138	0.676559
28	154	1.13596
28	162	0.66506
28	179	0.720243
29	127	0.711671
29	139	0.676888
29	145	1.11134
29	151	0.715164
29	152	1.09676
29	158	1.1387
29	159	1.13002
29	160	1.12105
29	166	0.689109
29	168	1.11643
29	169	1.12235
29	172	1.11835
29	173	1.11093
29	174	1.13416
30	18	1.27448
30	24	1.38876
30	26	1.23234
30	37	1.38878
30	40	1.18735
30	150	0.536586
30	153	0.528054
30	154	0.516401
30	161	0.542488
30	163	1.27946
30	165	1.28313
30	176	0.472511
30	178	1.36561
31	85	1.15727
31	86	1.08565
31	99	1.09393
31	107	1.1167
31	130	0.74087
31	141	1.12802
31	155	0.67803
31	169	0.690378
31	170	1.12619
31	173	0.699297
31	175	1.11589
31	177	1.09829
31	179	1.08827
31	180	1.18982
32	77	0.683614
32	78	1.0915
32	89	1.09224
32	94	1.14938
32	99	1.10679
32	133	1.10103
32	148	0.768584
32	161	1.09979
32	162	0.67447
32	170	0.665876
32	172	1.11603
32	173	1.10861
32	174	1.13185
32	180	1.20267
33	61	1.11208
33	74	1.05666
33	77	0.71416
33	113	1.10551
33	124	1.11734
33	153	0.763289
33	160	1.11899
33	167	1.12935
33	172	1.11629
33	173	1.10887
33	174	1.1321
33	175	0.704003
33	178	0.611527
33	180	1.20292
34	15	1.18289
34	70	1.07804
34	74	1.0627
34	105	1.17112
34	106	1.15672
34	109	1.06714
34	113	1.11155
34	124	1.12338
34	126	1.11028
34	154	1.13603
34	163	0.667233
34	171	0.696676
34	176	0.689026
34	179	0.741478
35	51	1.03637
35	54	1.13349
35	59	1.11278
35	65	1.10969
35	83	1.11553
35	104	1.08531
35	144	0.711279
35	150	0.732563
35	167	1.13549
35	171	1.11755
35	175	0.664744
35	176	1.14458
35	177	0.685826
35	180	1.20907
36	9	0.533351
36	38	1.17416
36	64	0.489588
36	80	1.33034
36	92	1.17843
36	93	1.26097
36	95	1.17843
36	97	1.26097
36	100	1.23176
36	141	0.539551
36	154	0.612428
36	171	1.24029
36	178	1.34459
36	179	0.62099
37	18	1.27449
37	24	1.38877
37	26	1.23235
37	30	1.38878
37	40	1.18736
37	90	0.45746
37	123	0.521948
37	150	0.581708
37	163	1.27947
37	165	1.28314
37	170	0.506308
37	171	0.525282
37	178	1.36562
38	36	1.17416
38	52	1.09036
38	80	1.15778
38	88	0.795459
38	92	1.00588
38	93	1.08842
38	95	1.00588
38	96	1.09005
38	97	1.08842
38	100	1.05921
38	154	0.788609
38	156	0.75649
38	171	1.06774
38	178	1.17204
38	180	0.654874
39	61	1.08192
39	63	1.07756
39	82	1.08698
39	86	1.0686
39	89	1.06233
39	94	1.11948
39	98	1.03201
39	107	1.09965
39	132	0.738989
39	153	0.800711
39	162	0.742438
39	163	1.09939
39	165	0.712255
39	167	1.09919
39	180	1.17276
40	18	1.07306
40	24	1.18734
40	26	1.03092
40	30	1.18735
40	37	1.18736
40	68	1.15995
40	75	0.665711
40	103	1.04991
40	141	0.691188
40	163	1.07804
40	165	1.08171
40	170	0.70885
40	171	0.727824
40	178	1.1642
41	49	1.11217
41	53	0.788563
41	67	0.720838
41	104	0.689135
41	123	1.08681
41	128	1.11441
41	129	1.0757
41	153	1.07512
41	163	1.10113
41	164	1.08411
41	166	1.09392
41	173	0.809114
41	175	1.10057
41	177	1.08298
41	179	1.07295
42	13	1.22813
42	48	1.21267
42	51	1.10908
42	54	1.2062
42	83	1.18824
42	104	1.15802
42	136	0.582829
42	153	0.638665
42	164	0.586533
42	165	0.550209
42	167	1.2082
42	171	1.19026
42	176	1.21729
42	179	0.635575
42	180	1.28177
43	47	1.0274
43	110	0.659568
43	125	1.08469
43	134	1.088
43	138	0.7762
43	140	1.07723
43	143	1.0958
43	157	0.7935
43	159	1.11247
43	168	1.09889
43	169	1.10481
43	172	1.1008
43	173	1.09338
43	174	1.11662
43	175	0.763688
44	8	0.873217
44	63	0.747316
44	66	1.04104
44	84	0.640095
44	101	1.09515
44	103	1.07038
44	144	1.07595
44	153	1.07251
44	156	1.10418
44	158	0.741458
44	175	1.09796
44	176	1.10741
44	177	1.08036
44	178	1.18467
44	179	1.07034
45	2	1.21255
45	21	1.16122
45	27	1.25399
45	58	1.12755
45	60	1.12891
45	76	1.15974
45	78	1.12822
45	85	1.20684
45	99	1.14351
45	101	0.607465
45	103	0.690293
45	126	1.1407
45	142	0.649151
45	161	1.13651
45	162	0.622052
45	176	0.624783
46	28	1.14078
46	64	0.585088
46	70	1.11787
46	72	1.19292
46	74	1.10253
46	105	1.21095
46	106	1.19655
46	109	1.10697
46	110	1.24077
46	113	1.15138
46	124	1.16321
46	142	0.688406
46	154	1.17586
46	176	0.664038
46	177	0.681376
46	180	0.574193
47	43	1.0274
47	62	1.06358
47	101	0.784718
47	102	1.08828
47	108	1.08636
47	116	1.05119
47	128	0.767873
47	129	0.84025
47	145	1.06322
47	152	1.04864
47	154	1.08392
47	168	1.06831
47	172	1.07022
47	173	1.0628
47	174	1.08604
47	175	0.798293
48	42	1.21267
48	51	1.0751
48	54	1.17222
48	59	1.15151
48	65	1.14843
48	83	1.15427
48	104	1.12405
48	110	0.551943
48	127	0.693619
48	165	0.626892
48	166	0.671057
48	167	1.17422
48	170	0.648481
48	171	1.15628
48	176	1.18332
48	180	1.2478
49	41	1.11217
49	62	0.660145
49	83	0.666438
49	118	0.629941
49	129	1.15577
49	148	1.13849
49	156	1.18686
49	157	1.15186
49	158	0.617186
49	163	1.18119
49	164	1.16418
49	165	1.18486
49	169	0.63679
49	170	1.19094
49	175	1.18064
49	179	1.15302
50	72	1.08597
50	82	1.05606
50	86	1.03767
50	107	1.06872
50	113	1.04442
50	124	1.05625
50	130	0.84109
50	136	1.0724
50	137	0.789661
50	155	0.778249
50	170	1.07821
50	173	0.799516
50	175	1.06791
50	177	1.05031
50	179	1.04029
50	180	1.14184
51	20	1.06836
51	35	1.03637
51	42	1.10908
51	48	1.0751
51	59	1.04792
51	65	1.04483
51	83	1.05067
51	104	1.02045
51	136	0.796369
51	139	0.795694
51	154	0.840553
51	165	0.763749
51	167	1.07063
51	171	1.05269
51	176	1.07972
51	180	1.1442
52	7	0.558087
52	38	1.09036
52	55	1.17535
52	68	0.558386
52	80	1.24654
52	92	1.09463
52	93	1.17717
52	95	1.09463
52	96	1.17881
52	97	1.17717
52	100	1.14797
52	136	0.670536
52	161	0.740805
52	171	1.15649
52	176	0.670829
52	178	1.26079
53	41	0.788563
53	112	1.15189
53	128	0.593471
53	143	1.15358
53	149	0.672747
53	158	1.17894
53	159	1.17026
53	160	1.16129
53	163	0.605841
53	168	1.15667
53	169	1.16259
53	172	1.15859
53	173	1.15117
53	174	1.1744
53	176	1.18074
53	178	0.531415
54	35	1.13349
54	42	1.2062
54	48	1.17222
54	59	1.14504
54	65	1.14196
54	83	1.1478
54	104	1.11757
54	136	0.618386
54	146	0.682381
54	165	0.585766
54	167	1.16775
54	171	1.14981
54	176	1.17685
54	177	0.636018
54	179	0.671132
54	180	1.24133
55	25	1.12438
55	52	1.17535
55	80	1.24277
55	92	1.09086
55	93	1.1734
55	95	1.09086
55	96	1.17504
55	97	1.1734
55	100	1.14419
55	119	0.617555
55	157	0.690908
55	163	0.643045
55	171	1.15272
55	176	0.664839
55	178	1.25702
55	180	0.574994
56	17	0.62235
56	93	0.655509
56	131	1.12478
56	142	1.13786
56	147	1.10262
56	151	1.10821
56	156	1.14444
56	157	1.10944
56	158	0.679606
56	165	1.14244
56	168	0.720065
56	170	1.14852
56	172	0.729044
56	175	1.13822
56	177	1.12063
56	179	1.1106
56	180	1.21215
57	79	1.14117
57	108	1.15608
57	111	1.08957
57	130	1.09241
57	131	0.686978
57	135	0.763045
57	138	0.68647
57	140	1.11637
57	159	1.15161
57	160	1.14264
57	168	1.13802
57	169	1.14395
57	170	0.666377
57	172	1.13994
57	173	1.13252
57	174	1.15575
57	180	0.587857
58	2	1.17822
58	16	1.18053
58	21	1.12689
58	27	1.21966
58	45	1.12755
58	60	1.09458
58	76	1.12541
58	78	1.09389
58	85	1.17251
58	99	1.10918
58	126	1.10638
58	141	1.14327
58	161	1.10218
58	171	0.49643
58	173	0.840059
58	176	0.488781
58	178	0.392561
59	20	1.14476
59	35	1.11278
59	48	1.15151
59	51	1.04792
59	54	1.14504
59	65	1.12124
59	83	1.12708
59	90	0.628198
59	104	1.09686
59	132	0.682192
59	164	0.691781
59	167	1.14704
59	171	1.12909
59	175	0.684627
59	176	1.15613
59	177	0.705709
59	180	1.22061
60	2	1.17958
60	21	1.12825
60	27	1.22102
60	45	1.12891
60	58	1.09458
60	76	1.12677
60	78	1.09525
60	85	1.17387
60	88	1.09277
60	99	1.11054
60	110	0.584227
60	122	0.687377
60	136	0.691797
60	141	1.14463
60	142	0.716458
60	147	0.711552
60	161	1.10354
61	33	1.11208
61	39	1.08192
61	63	1.13085
61	69	1.09517
61	86	1.12189
61	89	1.11563
61	94	1.17277
61	98	1.0853
61	107	1.15294
61	126	0.706356
61	151	0.69965
61	154	0.706233
61	163	1.15268
61	165	0.62943
61	167	1.15248
61	170	0.651019
61	180	1.22606
62	47	1.06358
62	49	0.660145
62	118	1.17794
62	125	1.12088
62	140	1.11342
62	145	1.12998
62	153	0.718164
62	160	1.13969
62	164	0.666032
62	166	0.673873
62	167	0.674704
62	168	1.13507
62	169	1.14099
62	172	1.13699
62	173	1.12957
62	174	1.1528
62	176	1.15914
63	39	1.07756
63	44	0.747316
63	61	1.13085
63	69	1.0908
63	82	1.13592
63	89	1.11127
63	94	1.16841
63	98	1.08094
63	107	1.14858
63	135	0.710864
63	150	1.13735
63	154	0.669411
63	163	1.14832
63	167	1.14812
63	176	0.62552
63	177	0.642858
63	180	1.2217
64	4	0.546405
64	36	0.489588
64	46	0.585088
64	66	1.1992
64	124	0.606056
64	134	0.587492
64	139	1.23938
64	146	1.21803
64	156	1.26234
64	161	1.22717
64	162	1.25255
64	164	1.23965
64	171	1.23853
64	172	0.59015
64	175	1.25612
64	177	1.23852
64	179	1.22849
65	14	1.17562
65	35	1.10969
65	48	1.14843
65	51	1.04483
65	54	1.14196
65	59	1.12124
65	83	1.124
65	101	0.681677
65	104	1.09378
65	119	0.651712
65	121	0.69265
65	128	0.664832
65	139	0.698027
65	167	1.14395
65	171	1.12601
65	176	1.15305
65	180	1.21753
66	22	1.11945
66	44	1.04104
66	64	1.1992
66	84	0.633281
66	93	0.710546
66	106	0.713747
66	119	1.13415
66	130	0.804741
66	131	1.09868
66	132	1.10627
66	139	1.09539
66	153	1.08667
66	166	1.10547
66	170	1.12243
66	174	0.743854
66	175	1.11212
66	177	1.09453
66	179	1.0845
67	41	0.720838
67	126	0.603923
67	133	1.18287
67	142	0.584278
67	152	1.17629
67	155	1.19789
67	158	1.21823
67	159	1.20955
67	160	1.20058
67	163	0.538116
67	165	1.21481
67	166	0.571162
67	167	0.571993
67	168	1.19596
67	169	1.20188
67	172	1.19788
67	173	1.19046
67	174	1.21369
68	13	0.518819
68	40	1.15995
68	52	0.558386
68	78	0.594432
68	89	0.609224
68	94	0.550019
68	124	0.572563
68	137	1.24177
68	149	1.20716
68	152	1.21721
68	163	1.25206
68	165	1.25573
68	172	1.2388
68	173	1.23138
68	177	1.23391
68	178	1.33821
68	179	1.22388
69	5	1.15257
69	61	1.09517
69	63	1.0908
69	82	1.10023
69	86	1.08185
69	89	1.07558
69	94	1.13273
69	98	1.04526
69	107	1.11289
69	141	0.680119
69	150	1.10167
69	163	1.11263
69	167	1.11243
69	171	0.716755
69	176	0.709106
69	177	0.726444
69	179	0.761558
69	180	1.18601
70	15	1.1599
70	19	1.16468
70	28	1.07797
70	34	1.07804
70	46	1.11787
70	72	1.1301
70	74	1.03972
70	90	0.692919
70	105	1.14814
70	106	1.13374
70	109	1.04416
70	113	1.08856
70	119	0.705808
70	124	1.10039
70	136	1.11654
70	147	0.772553
70	164	0.756502
70	180	0.663247
71	77	0.638442
71	112	1.16344
71	121	0.625682
71	131	0.641304
71	140	1.14656
71	143	1.16513
71	146	0.69573
71	152	1.14855
71	155	1.17014
71	156	0.643799
71	158	1.19048
71	159	1.1818
71	160	1.17283
71	168	1.16822
71	169	1.17414
71	172	1.17013
71	173	1.16271
71	174	1.18595
71	180	0.542183
72	28	1.15302
72	46	1.19292
72	50	1.08597
72	70	1.1301
72	74	1.11477
72	105	1.22319
72	106	1.20879
72	109	1.11921
72	110	1.253
72	113	1.16361
72	114	0.680537
72	124	1.17544
72	127	0.649715
72	136	1.19159
72	141	0.586915
72	150	0.679977
72	154	1.18809
72	179	0.668354
72	180	0.526057
73	116	1.15264
73	118	1.21263
73	121	0.633731
73	125	1.15557
73	130	1.12415
73	140	1.1481
73	155	1.17169
73	157	0.666147
73	158	1.19202
73	160	1.17438
73	167	0.652161
73	168	1.16976
73	169	1.17568
73	170	0.628753
73	172	1.17168
73	173	1.16426
73	174	1.18749
73	177	0.657416
73	180	0.550233
74	19	1.14935
74	28	1.06263
74	33	1.05666
74	34	1.0627
74	46	1.10253
74	70	1.03972
74	72	1.11477
74	105	1.1328
74	106	1.1184
74	109	1.02882
74	113	1.07322
74	124	1.08506
74	126	1.07195
74	128	0.741763
74	136	1.1012
74	162	0.773196
74	163	0.754133
74	164	0.779337
74	165	0.743013
75	1	0.78731
75	40	0.665711
75	79	0.630871
75	87	1.14862
75	91	0.555697
75	121	1.1884
75	131	1.17108
75	138	1.16686
75	144	1.16251
75	146	1.14643
75	164	1.16805
75	166	1.17786
75	170	1.19482
75	171	1.16693
75	173	0.593723
75	174	0.574409
75	175	1.18452
75	177	1.16692
75	179	1.1569
76	10	1.33283
76	21	1.15908
76	27	1.25184
76	45	1.15974
76	58	1.12541
76	60	1.12677
76	77	0.629415
76	78	1.12608
76	85	1.2047
76	88	1.1236
76	99	1.14136
76	126	1.13856
76	136	0.622708
76	141	1.17545
76	148	0.714385
76	161	1.13437
76	176	0.623001
76	178	0.526782
76	179	0.675453
77	23	1.16042
77	32	0.683614
77	33	0.71416
77	71	0.638442
77	76	0.629415
77	102	0.66101
77	110	1.21309
77	121	1.15107
77	138	1.12952
77	147	1.11158
77	148	1.10503
77	149	1.10284
77	152	0.677522
77	153	1.12173
77	162	1.14362
77	164	1.13072
77	175	1.14719
77	177	1.12959
77	178	1.23389
77	179	1.11956
78	2	1.17889
78	10	1.30132
78	21	1.12756
78	27	1.22033
78	32	1.0915
78	45	1.12822
78	58	1.09389
78	60	1.09525
78	68	0.594432
78	76	1.12608
78	85	1.17318
78	90	0.646703
78	99	1.10985
78	126	1.10704
78	139	0.705906
78	141	1.14394
78	161	1.10285
78	162	0.704145
78	177	0.724213
78	180	0.61703
79	57	1.14117
79	75	0.630871
79	116	1.12583
79	120	1.17972
79	130	1.09734
79	134	1.13206
79	137	1.14783
79	143	1.13986
79	155	1.14487
79	157	0.711403
79	159	1.15653
79	167	0.697417
79	168	1.14295
79	169	1.14887
79	170	0.67401
79	172	1.14486
79	173	1.13744
79	174	1.16068
79	175	0.681591
79	180	0.595489
80	25	1.19558
80	36	1.33034
80	38	1.15778
80	52	1.24654
80	55	1.24277
80	92	1.16205
80	93	1.24459
80	95	1.16205
80	96	1.24623
80	97	1.24459
80	100	1.21539
80	129	0.577958
80	142	0.564112
80	161	0.60972
80	167	0.551827
80	171	1.22391
80	175	0.536
80	177	0.557082
80	178	1.32821
80	179	0.592196
81	116	1.127
81	119	0.609091
81	121	0.650029
81	130	1.09851
81	140	1.12246
81	148	0.747759
81	152	1.12445
81	155	1.14604
81	157	0.682444
81	158	1.16638
81	159	1.1577
81	160	1.14873
81	163	0.634581
81	168	1.14412
81	169	1.15004
81	171	0.664024
81	172	1.14603
81	173	1.13861
81	174	1.16185
81	176	1.16819
82	5	1.19768
82	39	1.08698
82	50	1.05606
82	63	1.13592
82	69	1.10023
82	84	1.2026
82	86	1.12696
82	88	0.691833
82	89	1.12069
82	94	1.17784
82	98	1.09037
82	107	1.15801
82	126	0.685106
82	161	0.71107
82	162	0.638363
82	163	1.15775
82	165	0.60818
82	167	1.15755
82	177	0.658432
82	180	1.23112
83	14	1.18146
83	20	1.14752
83	35	1.11553
83	42	1.18824
83	48	1.15427
83	49	0.666438
83	51	1.05067
83	54	1.1478
83	59	1.12708
83	65	1.124
83	104	1.09962
83	115	0.695428
83	119	0.621631
83	149	0.714026
83	165	0.636001
83	167	1.14979
83	170	0.65759
83	171	1.13185
83	176	1.15889
83	180	1.22337
84	44	0.640095
84	66	0.633281
84	82	1.2026
84	86	1.18422
84	88	0.569039
84	98	1.14763
84	103	0.58381
84	104	1.16463
84	106	1.23614
84	107	1.21527
84	109	1.14656
84	113	1.19096
84	114	0.582935
84	124	1.2028
84	161	0.588276
84	171	1.19686
84	176	1.2239
84	180	1.28838
85	2	1.25751
85	21	1.20618
85	27	1.29895
85	31	1.15727
85	45	1.20684
85	58	1.17251
85	60	1.17387
85	76	1.2047
85	78	1.17318
85	88	1.1707
85	90	0.535213
85	99	1.18847
85	126	1.18566
85	135	0.68073
85	136	0.595093
85	139	0.594417
85	141	1.22256
85	161	1.18147
85	164	0.598797
85	175	0.591643
85	176	0.595386
86	31	1.08565
86	39	1.0686
86	50	1.03767
86	61	1.12189
86	69	1.08185
86	82	1.12696
86	84	1.18422
86	89	1.10231
86	94	1.15945
86	98	1.07198
86	107	1.13962
86	110	0.595423
86	136	0.702993
86	149	0.748398
86	150	1.12839
86	161	0.773262
86	163	1.13936
86	165	0.670373
86	167	1.13916
86	176	0.703286
86	180	1.21274
87	75	1.14862
87	115	1.11758
87	117	0.667314
87	128	1.14698
87	134	0.728418
87	135	1.08777
87	137	0.700306
87	146	1.09507
87	151	1.10314
87	153	1.1077
87	155	0.688895
87	157	1.10437
87	159	0.717015
87	162	1.12958
87	163	1.1337
87	164	1.11668
87	166	1.12649
87	170	1.14345
87	173	0.710162
87	175	1.13315
87	179	1.10553
88	38	0.795459
88	60	1.09277
88	76	1.1236
88	82	0.691833
88	84	0.569039
88	85	1.1707
88	99	1.10737
88	106	0.649505
88	107	0.71625
88	109	0.781262
88	115	1.11376
88	158	1.13696
88	161	1.10037
88	166	1.12266
88	169	1.12062
88	170	1.13962
88	172	1.11661
88	173	1.1092
88	174	1.13243
88	177	1.11173
88	179	1.1017
89	5	1.17303
89	7	0.608925
89	32	1.09224
89	39	1.06233
89	61	1.11563
89	63	1.11127
89	68	0.609224
89	69	1.07558
89	82	1.12069
89	86	1.10231
89	94	1.15319
89	98	1.06572
89	107	1.13336
89	123	0.725983
89	150	1.12213
89	157	0.747736
89	161	0.791644
89	163	1.13309
89	167	1.1329
89	170	0.710343
89	180	1.20647
90	14	0.570032
90	37	0.45746
90	59	0.628198
90	70	0.692919
90	78	0.646703
90	85	0.535213
90	98	1.13889
90	107	1.20653
90	109	0.67035
90	143	1.188
90	163	1.20627
90	166	1.19906
90	169	1.19701
90	170	1.21602
90	172	1.19301
90	173	1.18559
90	174	1.20882
90	176	1.21516
90	177	1.18812
90	179	1.17809
90	180	1.27964
91	75	0.555697
91	108	1.21294
91	110	0.502297
91	118	1.23775
91	134	1.18399
91	138	0.618929
91	143	1.19179
91	150	1.19909
91	152	1.17521
91	153	0.665702
91	155	1.19681
91	159	1.20847
91	160	1.1995
91	162	0.60743
91	167	0.622243
91	168	1.19488
91	169	1.2008
91	171	0.61781
91	172	1.1968
91	173	1.18938
91	174	1.21261
92	4	1.13368
92	17	1.13368
92	25	1.04367
92	36	1.17843
92	38	1.00588
92	52	1.09463
92	55	1.09086
92	80	1.16205
92	93	1.09269
92	95	1.01015
92	96	1.09432
92	97	1.09269
92	100	1.06348
92	103	0.767525
92	110	1.1555
92	127	0.735828
92	136	0.701721
92	141	0.673028
92	144	0.744806
92	161	0.771991
92	171	1.07201
92	178	1.1763
93	4	1.21622
93	17	1.21622
93	25	1.12621
93	36	1.26097
93	38	1.08842
93	52	1.17717
93	55	1.1734
93	56	0.655509
93	66	0.710546
93	80	1.24459
93	92	1.09269
93	95	1.09269
93	96	1.17686
93	97	1.17523
93	100	1.14602
93	141	0.566578
93	150	0.65964
93	157	0.621634
93	170	0.58424
93	171	1.15455
93	176	0.595565
93	178	1.25884
94	5	1.23018
94	32	1.14938
94	39	1.11948
94	61	1.17277
94	63	1.16841
94	68	0.550019
94	69	1.13273
94	82	1.17784
94	86	1.15945
94	89	1.15319
94	98	1.12286
94	107	1.1905
94	138	0.671231
94	141	0.633476
94	150	1.17927
94	163	1.19024
94	165	0.629549
94	167	1.19004
94	176	0.662462
94	177	0.679801
94	178	0.566243
94	180	1.26362
95	4	1.13368
95	7	0.640864
95	17	1.13368
95	25	1.04367
95	36	1.17843
95	38	1.00588
95	52	1.09463
95	55	1.09086
95	80	1.16205
95	92	1.01015
95	93	1.09269
95	96	1.09432
95	97	1.09269
95	100	1.06348
95	110	1.1555
95	165	0.720693
95	166	0.764858
95	170	0.742282
95	171	1.07201
95	176	0.753607
95	177	0.770945
95	178	1.1763
96	4	1.21785
96	17	1.21785
96	25	1.12784
96	38	1.09005
96	52	1.17881
96	55	1.17504
96	80	1.24623
96	92	1.09432
96	93	1.17686
96	95	1.09432
96	97	1.17686
96	100	1.14765
96	103	0.660691
96	110	1.23967
96	132	0.589002
96	136	0.594888
96	153	0.650723
96	154	0.639071
96	161	0.665157
96	171	1.15618
96	176	0.595181
96	178	1.26048
97	4	1.21622
97	17	1.21622
97	23	0.655348
97	25	1.12621
97	36	1.26097
97	38	1.08842
97	52	1.17717
97	55	1.1734
97	80	1.24459
97	92	1.09269
97	93	1.17523
97	95	1.09269
97	96	1.17686
97	100	1.14602
97	103	0.644758
97	141	0.550261
97	148	0.670631
97	161	0.649224
97	167	0.59133
97	171	1.15455
97	178	1.25884
97	179	0.631699
98	5	1.14271
98	7	0.591351
98	12	0.908933
98	39	1.03201
98	61	1.0853
98	63	1.08094
98	69	1.04526
98	82	1.09037
98	84	1.14763
98	86	1.07198
98	89	1.06572
98	90	1.13889
98	94	1.12286
98	107	1.10303
98	150	1.0918
98	154	0.747983
98	161	0.77407
98	163	1.10277
98	165	0.67118
98	167	1.10257
98	176	0.704093
98	180	1.17615
99	2	1.19417
99	10	1.3166
99	21	1.14285
99	27	1.23562
99	31	1.09393
99	32	1.10679
99	45	1.14351
99	58	1.10918
99	60	1.11054
99	76	1.14136
99	78	1.10985
99	85	1.18847
99	88	1.10737
99	110	0.544725
99	126	1.12233
99	139	0.651619
99	141	1.15923
99	153	0.708131
99	154	0.696478
99	156	0.664359
99	161	1.11814
99	166	0.66384
99	171	0.660238
100	4	1.18701
100	17	1.18701
100	25	1.097
100	36	1.23176
100	38	1.05921
100	52	1.14797
100	55	1.14419
100	80	1.21539
100	92	1.06348
100	93	1.14602
100	95	1.06348
100	96	1.14765
100	97	1.14602
100	110	1.20883
100	119	0.596896
100	144	0.686971
100	150	0.708255
100	162	0.641449
100	166	0.655431
100	167	0.656263
100	171	1.12534
100	176	0.64418
100	178	1.22964
101	44	1.09515
101	45	0.607465
101	47	0.784718
101	65	0.681677
101	120	0.608233
101	122	1.16641
101	123	1.15248
101	126	1.14148
101	133	0.630857
101	142	1.16588
101	147	1.13064
101	148	1.12408
101	151	1.13623
101	156	1.17246
101	164	1.14977
101	166	1.15958
101	168	0.642803
101	170	1.17654
101	172	0.651782
101	175	1.16624
101	176	1.17569
101	177	1.14864
101	179	1.13862
102	3	0.588258
102	9	0.619409
102	47	1.08828
102	77	0.66101
102	111	1.11132
102	116	1.14265
102	120	1.19655
102	130	1.11416
102	133	1.14668
102	134	1.14888
102	135	0.73994
102	140	1.13811
102	143	1.15668
102	147	0.674058
102	159	1.17336
102	160	1.16439
102	167	0.666679
102	168	1.15977
102	169	1.16569
102	170	0.643272
102	172	1.16169
102	173	1.15427
102	174	1.1775
103	26	1.09489
103	28	0.733301
103	40	1.04991
103	44	1.07038
103	45	0.690293
103	84	0.58381
103	92	0.767525
103	96	0.660691
103	97	0.644758
103	113	0.720271
103	128	1.1553
103	158	1.1491
103	162	1.1379
103	163	1.14202
103	165	1.14569
103	166	1.13481
103	168	1.12684
103	169	1.13276
103	172	1.12876
103	173	1.12134
103	174	1.14457
103	177	1.12387
103	178	1.22817
103	179	1.11384
104	10	1.28873
104	13	1.1395
104	14	1.15124
104	16	1.21996
104	20	1.1173
104	23	0.604308
104	35	1.08531
104	41	0.689135
104	42	1.15802
104	48	1.12405
104	51	1.02045
104	54	1.11757
104	59	1.09686
104	65	1.09378
104	83	1.09962
104	84	1.16463
104	146	0.591909
104	150	0.592282
104	154	0.572097
104	162	0.525477
104	167	1.11957
104	171	1.10163
104	176	1.12867
104	180	1.19315
105	3	1.23511
105	15	1.25299
105	19	1.25777
105	22	0.612329
105	28	1.17105
105	34	1.17112
105	46	1.21095
105	70	1.14814
105	72	1.22319
105	74	1.1328
105	106	1.22682
105	109	1.13724
105	110	1.27103
105	113	1.18164
105	115	0.636689
105	124	1.19347
105	126	1.18037
105	154	1.20612
105	156	0.621945
105	161	0.680151
105	165	0.577261
105	177	0.627513
105	178	0.513955
105	180	0.52033
106	15	1.23859
106	16	0.997067
106	19	1.24337
106	28	1.15665
106	34	1.15672
106	46	1.19655
106	66	0.713747
106	70	1.13374
106	72	1.20879
106	74	1.1184
106	84	1.23614
106	88	0.649505
106	105	1.22682
106	109	1.12284
106	110	1.25664
106	113	1.16724
106	124	1.17908
106	126	1.16597
106	136	1.19523
106	163	0.576972
106	165	0.565852
106	167	0.610848
106	171	0.606415
106	177	0.616103
106	179	0.651217
107	5	1.21035
107	31	1.1167
107	39	1.09965
107	50	1.06872
107	61	1.15294
107	63	1.14858
107	69	1.11289
107	82	1.15801
107	84	1.21527
107	86	1.13962
107	88	0.71625
107	89	1.13336
107	90	1.20653
107	94	1.1905
107	98	1.10303
107	128	0.631346
107	141	0.636523
107	150	1.15944
107	163	1.17041
107	165	0.632597
107	166	0.676762
107	167	1.17021
107	175	0.661767
107	176	0.66551
107	178	0.56929
107	180	1.24379
108	47	1.08636
108	57	1.15608
108	91	1.21294
108	111	1.1094
108	115	0.661802
108	117	1.20095
108	125	1.14366
108	128	0.601124
108	130	1.11224
108	138	0.644057
108	143	1.15476
108	144	0.678079
108	147	0.65475
108	150	1.16206
108	152	1.13818
108	157	0.661357
108	158	1.18012
108	159	1.17144
108	160	1.16247
108	168	1.15785
108	169	1.16378
108	172	1.15977
108	173	1.15235
108	174	1.17558
108	175	0.631545
108	177	0.652626
109	3	1.13113
109	15	1.14901
109	16	0.907486
109	19	1.15379
109	28	1.06707
109	34	1.06714
109	46	1.10697
109	70	1.04416
109	72	1.11921
109	74	1.02882
109	84	1.14656
109	88	0.781262
109	90	0.67035
109	105	1.13724
109	106	1.12284
109	110	1.16706
109	113	1.07766
109	124	1.0895
109	126	1.07639
109	136	1.10564
109	141	0.701536
109	151	0.767829
109	154	1.10214
109	161	0.800499
109	164	0.733933
109	171	0.738172
110	43	0.659568
110	46	1.24077
110	48	0.551943
110	60	0.584227
110	72	1.253
110	77	1.21309
110	86	0.595423
110	91	0.502297
110	92	1.1555
110	95	1.1555
110	96	1.23967
110	99	0.544725
110	100	1.20883
110	105	1.27103
110	106	1.25664
110	109	1.16706
110	111	0.661577
110	124	1.22329
110	134	0.558579
110	157	1.20617
110	159	0.547177
110	166	1.22829
110	171	1.21736
110	175	1.23495
110	178	1.32166
110	179	1.20733
111	57	1.08957
111	102	1.11132
111	108	1.1094
111	110	0.661577
111	118	1.13421
111	123	0.773755
111	130	1.04573
111	133	1.07825
111	142	0.793808
111	143	1.08825
111	145	1.08625
111	150	1.09555
111	152	1.07167
111	155	1.09327
111	158	1.11361
111	160	1.09596
111	162	0.766709
111	163	0.747646
111	164	0.77285
111	165	1.11019
111	168	1.09134
111	169	1.09726
111	172	1.09326
111	173	1.08584
111	174	1.10907
111	178	0.67322
112	53	1.15189
112	71	1.16344
112	115	0.6964
112	117	1.17811
112	123	0.674201
112	130	1.08941
112	133	1.12193
112	134	1.12413
112	137	1.1399
112	140	1.11336
112	143	1.13192
112	144	0.712676
112	145	1.12993
112	152	1.11534
112	157	0.695955
112	158	1.15728
112	159	1.1486
112	160	1.13963
112	162	0.667155
112	167	0.681968
112	168	1.13501
112	169	1.14094
112	171	0.677535
112	172	1.13693
112	173	1.12951
112	174	1.15274
112	180	0.580041
113	7	1.18979
113	15	1.19341
113	19	1.19819
113	28	1.11148
113	33	1.10551
113	34	1.11155
113	46	1.15138
113	50	1.04442
113	70	1.08856
113	72	1.16361
113	74	1.07322
113	84	1.19096
113	103	0.720271
113	105	1.18164
113	106	1.16724
113	109	1.07766
113	124	1.1339
113	126	1.1208
113	127	0.688575
113	136	1.15005
113	138	0.66353
113	150	0.718836
113	154	1.14655
113	161	0.724738
113	171	0.662411
113	176	0.654761
113	178	0.558542
114	2	0.647766
114	18	0.631174
114	72	0.680537
114	84	0.582935
114	115	1.13498
114	135	1.10517
114	136	1.15504
114	138	1.13288
114	139	1.13381
114	143	0.727181
114	146	1.11246
114	147	1.11494
114	148	1.10839
114	151	1.12053
114	153	1.12509
114	157	1.12177
114	159	0.719675
114	162	1.14698
114	164	1.13408
114	166	1.14389
114	167	1.1509
114	168	0.724757
114	170	1.16085
114	174	0.693508
114	175	1.15055
114	179	1.12292
114	180	1.22447
115	8	0.777936
115	13	0.657776
115	83	0.695428
115	87	1.11758
115	88	1.11376
115	105	0.636689
115	108	0.661802
115	112	0.6964
115	114	1.13498
115	117	0.631852
115	123	1.13972
115	135	1.1081
115	144	1.13147
115	146	1.1154
115	149	1.10914
115	151	1.12347
115	153	1.12803
115	157	1.1247
115	158	0.646177
115	162	1.14991
115	163	1.15403
115	164	1.13701
115	166	1.14682
115	170	1.16378
115	177	1.13588
115	178	1.24019
115	179	1.12586
116	1	1.0472
116	10	0.750172
116	47	1.05119
116	73	1.15264
116	79	1.12583
116	81	1.127
116	102	1.14265
116	118	1.16555
116	125	1.10849
116	135	0.767698
116	137	1.12757
116	139	0.681386
116	140	1.10102
116	144	0.725146
116	145	1.11759
116	152	1.10301
116	155	1.1246
116	158	1.14494
116	160	1.12729
116	166	0.693607
116	167	0.694438
116	168	1.12268
116	169	1.1286
116	171	0.690005
116	172	1.12459
116	173	1.11718
116	174	1.14041
116	178	0.586135
117	87	0.667314
117	108	1.20095
117	112	1.17811
117	115	0.631852
117	122	0.600625
117	125	1.1687
117	130	1.13728
117	132	0.599159
117	133	1.1698
117	134	1.172
117	137	1.18778
117	140	1.16123
117	142	0.629706
117	143	1.1798
117	145	1.1778
117	152	1.16322
117	155	1.18482
117	157	0.631407
117	159	1.19648
117	160	1.18751
117	164	0.608749
117	166	0.616589
117	168	1.18289
117	169	1.18881
117	172	1.18481
117	173	1.17739
117	174	1.20062
117	175	0.601595
118	49	0.629941
118	62	1.17794
118	73	1.21263
118	91	1.23775
118	111	1.13421
118	116	1.16555
118	125	1.16847
118	129	0.670631
118	130	1.13706
118	132	0.626238
118	133	1.16958
118	137	1.18755
118	140	1.16101
118	151	0.669724
118	152	1.163
118	156	0.644188
118	159	1.19625
118	160	1.18728
118	161	1.16834
118	167	0.6445
118	168	1.18267
118	169	1.18859
118	170	0.621093
118	172	1.18458
118	173	1.17716
118	174	1.2004
118	178	0.536198
118	180	0.542572
119	22	1.1984
119	55	0.617555
119	65	0.651712
119	66	1.13415
119	70	0.705808
119	81	0.609091
119	83	0.621631
119	100	0.596896
119	127	1.15275
119	129	1.1662
119	135	1.1457
119	139	1.17434
119	142	1.19072
119	143	0.615262
119	149	1.14673
119	156	1.1973
119	157	1.1623
119	160	0.606192
119	163	1.19163
119	164	1.17461
119	166	1.18442
119	170	1.20137
119	171	1.17348
119	174	0.581589
119	175	1.19107
119	177	1.17348
119	178	1.27778
119	179	1.16345
120	79	1.17972
120	101	0.608233
120	102	1.19655
120	125	1.16238
120	134	1.16568
120	137	1.18146
120	140	1.15491
120	143	1.17348
120	144	0.668342
120	145	1.17148
120	147	0.645013
120	149	0.670663
120	152	1.1569
120	155	1.1785
120	158	1.19883
120	160	1.18119
120	164	0.628962
120	165	1.19541
120	168	1.17657
120	169	1.18249
120	172	1.17849
120	173	1.17107
120	174	1.1943
120	175	0.621808
120	176	1.20064
120	178	0.529332
120	179	0.678004
120	180	0.535707
121	12	1.06563
121	65	0.69265
121	71	0.625682
121	73	0.633731
121	75	1.1884
121	77	1.15107
121	81	0.650029
121	122	1.1731
121	125	0.65521
121	127	1.1346
121	132	1.16707
121	135	1.12755
121	138	1.15526
121	139	1.15619
121	148	1.13077
121	150	1.16251
121	156	1.17915
121	158	0.613316
121	162	1.16936
121	164	1.15646
121	166	1.16627
121	168	0.653775
121	170	1.18322
121	172	0.662754
121	174	0.622526
121	175	1.17292
121	177	1.15533
121	178	1.25963
121	179	1.1453
122	60	0.687377
122	101	1.16641
122	117	0.600625
122	121	1.1731
122	123	1.15546
122	128	1.18305
122	138	1.15156
122	139	1.15249
122	140	0.679779
122	143	0.657832
122	144	1.14721
122	146	1.13113
122	148	1.12706
122	149	1.12487
122	151	1.13921
122	155	0.622205
122	156	1.17544
122	162	1.16565
122	164	1.15275
122	165	1.17344
122	166	1.16256
122	169	0.634553
122	172	0.664386
122	173	0.643473
122	174	0.624159
122	175	1.16922
122	177	1.15162
122	178	1.25593
122	179	1.1416
123	37	0.521948
123	41	1.08681
123	89	0.725983
123	101	1.15248
123	111	0.773755
123	112	0.674201
123	115	1.13972
123	122	1.15546
123	125	0.665872
123	131	1.14184
123	132	1.14943
123	141	1.16742
123	142	1.15493
123	143	0.666861
123	144	1.13328
123	146	1.1172
123	147	1.11968
123	153	1.12983
123	156	1.16151
123	157	1.1265
123	161	1.12633
123	164	1.13882
123	166	1.14862
123	168	0.664437
123	169	0.643582
123	172	0.673415
123	175	1.15528
123	177	1.13769
123	179	1.12766
123	180	1.22921
124	7	1.20162
124	15	1.20524
124	16	0.963722
124	19	1.21002
124	28	1.12331
124	33	1.11734
124	34	1.12338
124	46	1.16321
124	50	1.05625
124	64	0.606056
124	68	0.572563
124	70	1.10039
124	72	1.17544
124	74	1.08506
124	84	1.2028
124	105	1.19347
124	106	1.17908
124	109	1.0895
124	110	1.22329
124	113	1.1339
124	126	1.13263
124	136	1.16188
124	141	0.656019
124	142	0.709374
124	144	0.727797
124	150	0.749081
124	154	1.15838
124	171	0.692656
124	175	0.681263
124	180	0.595161
125	1	1.05013
125	43	1.08469
125	62	1.12088
125	73	1.15557
125	108	1.14366
125	116	1.10849
125	117	1.1687
125	118	1.16847
125	120	1.16238
125	121	0.65521
125	123	0.665872
125	126	0.705569
125	132	0.655377
125	133	1.11251
125	135	0.7469
125	137	1.13049
125	143	1.12251
125	145	1.12051
125	149	0.706668
125	151	0.698863
125	152	1.10593
125	157	0.687625
125	158	1.14787
125	159	1.13919
125	160	1.13022
125	161	1.11128
125	164	0.664967
125	168	1.1256
125	172	1.12752
125	173	1.1201
125	174	1.14333
126	34	1.11028
126	45	1.1407
126	58	1.10638
126	61	0.706356
126	67	0.603923
126	74	1.07195
126	76	1.13856
126	78	1.10704
126	82	0.685106
126	85	1.18566
126	99	1.12233
126	101	1.14148
126	105	1.18037
126	106	1.16597
126	109	1.07639
126	113	1.1208
126	124	1.13263
126	125	0.705569
126	129	1.11941
126	133	0.692187
126	135	1.09891
126	139	1.12755
126	140	0.728505
126	145	0.704644
126	155	0.670931
126	156	1.15051
126	161	1.11534
126	172	0.713112
126	175	1.14429
126	177	1.12669
126	179	1.11666
127	29	0.711671
127	48	0.693619
127	72	0.649715
127	92	0.735828
127	113	0.688575
127	119	1.15275
127	121	1.1346
127	128	1.14455
127	132	1.12487
127	138	1.11306
127	139	1.11399
127	142	1.13036
127	143	0.696359
127	146	1.09263
127	147	1.09511
127	148	1.08856
127	151	1.10071
127	153	1.10527
127	157	1.10194
127	160	0.687289
127	162	1.12715
127	166	1.12406
127	170	1.14102
127	173	0.681999
127	174	0.662686
127	175	1.13072
127	176	1.14017
127	177	1.11312
127	178	1.21743
127	179	1.1031
127	180	1.20465
128	2	0.548967
128	12	1.07558
128	41	1.11441
128	47	0.767873
128	53	0.593471
128	65	0.664832
128	74	0.741763
128	87	1.14698
128	103	1.1553
128	107	0.631346
128	108	0.601124
128	122	1.18305
128	127	1.14455
128	129	1.158
128	133	0.614011
128	139	1.16614
128	140	0.650329
128	142	1.18252
128	148	1.14072
128	149	1.13853
128	155	0.592755
128	157	1.1541
128	162	1.17931
128	163	1.18343
128	164	1.16641
128	170	1.19318
128	171	1.16529
128	175	1.18287
128	176	1.19232
128	177	1.16528
128	179	1.15525
128	180	1.2568
129	11	1.05312
129	41	1.0757
129	47	0.84025
129	49	1.15577
129	80	0.577958
129	118	0.670631
129	119	1.1662
129	126	1.11941
129	128	1.158
129	132	1.13832
129	134	0.704656
129	138	1.12651
129	139	1.12744
129	140	0.722707
129	144	1.12217
129	148	1.10202
129	149	1.09983
129	151	1.11416
129	154	1.14516
129	155	0.665133
129	162	1.1406
129	164	1.12771
129	165	1.14839
129	166	1.13751
129	169	0.677481
129	170	1.15447
129	173	0.6864
129	174	0.667087
129	175	1.14417
129	177	1.12658
129	179	1.11655
130	3	0.623421
130	31	0.74087
130	50	0.84109
130	57	1.09241
130	66	0.804741
130	73	1.12415
130	79	1.09734
130	81	1.09851
130	102	1.11416
130	108	1.11224
130	111	1.04573
130	112	1.08941
130	117	1.13728
130	118	1.13706
130	132	0.68358
130	134	1.0833
130	137	1.09908
130	141	1.12095
130	143	1.0911
130	145	1.0891
130	146	0.753461
130	149	0.734871
130	152	1.07452
130	155	1.09611
130	159	1.10777
130	160	1.0988
130	167	0.701842
130	168	1.09419
130	169	1.10011
130	172	1.0961
130	173	1.08868
130	174	1.11192
130	177	0.707097
131	56	1.12478
131	57	0.686978
131	66	1.09868
131	71	0.641304
131	75	1.17108
131	123	1.14184
131	132	1.14975
131	137	0.647607
131	139	1.13887
131	140	0.693769
131	142	1.15525
131	145	0.669907
131	147	1.12
131	148	1.11345
131	149	1.11126
131	153	1.13015
131	154	1.15659
131	156	1.16183
131	157	1.12682
131	160	0.662752
131	162	1.15203
131	164	1.13914
131	166	1.14894
131	168	0.669398
131	169	0.648543
131	170	1.1659
131	173	0.657462
131	174	0.638149
131	175	1.1556
131	177	1.13801
131	178	1.24231
131	179	1.12798
131	180	1.22953
132	4	0.619176
132	8	0.745242
132	39	0.738989
132	59	0.682192
132	66	1.10627
132	96	0.589002
132	117	0.599159
132	118	0.626238
132	121	1.16707
132	123	1.14943
132	125	0.655377
132	127	1.12487
132	129	1.13832
132	130	0.68358
132	131	1.14975
132	135	1.11782
132	142	1.16284
132	144	1.14119
132	147	1.12759
132	149	1.11885
132	151	1.13318
132	153	1.13774
132	157	1.13441
132	162	1.15963
132	164	1.14673
132	166	1.15653
132	170	1.17349
132	172	0.662921
132	175	1.16319
132	176	1.17264
132	177	1.1456
132	179	1.13557
132	180	1.23712
133	6	1.18303
133	12	0.853015
133	32	1.10103
133	67	1.18287
133	101	0.630857
133	102	1.14668
133	111	1.07825
133	112	1.12193
133	117	1.1698
133	118	1.16958
133	125	1.11251
133	126	0.692187
133	128	0.614011
133	134	1.11582
133	137	1.1316
133	143	1.12362
133	144	0.690966
133	145	1.12162
133	146	0.711876
133	149	0.693287
133	152	1.10704
133	155	1.12863
133	158	1.14897
133	159	1.14029
133	161	1.11238
133	168	1.12671
133	169	1.13263
133	172	1.12862
133	173	1.1212
133	174	1.14444
133	175	0.644432
133	176	1.15078
133	179	0.700627
133	180	0.55833
134	43	1.088
134	64	0.587492
134	79	1.13206
134	87	0.728418
134	91	1.18399
134	102	1.14888
134	110	0.558579
134	112	1.12413
134	117	1.172
134	120	1.16568
134	129	0.704656
134	130	1.0833
134	133	1.11582
134	139	0.665473
134	140	1.10725
134	141	1.15567
134	142	0.69081
134	145	1.12382
134	146	0.730144
134	152	1.10924
134	153	0.721984
134	155	1.13083
134	158	1.15117
134	159	1.14249
134	160	1.13352
134	161	1.11458
134	168	1.12891
134	169	1.13483
134	172	1.13082
134	173	1.12341
134	174	1.14664
134	176	1.15298
134	177	0.68378
134	179	0.718894
135	10	0.450068
135	19	0.644617
135	22	1.13099
135	23	1.1369
135	57	0.763045
135	63	0.710864
135	85	0.68073
135	87	1.08777
135	102	0.73994
135	114	1.10517
135	115	1.1081
135	116	0.767698
135	119	1.1457
135	121	1.12755
135	125	0.7469
135	126	1.09891
135	132	1.11782
135	136	1.12816
135	144	1.10166
135	149	1.07933
135	151	1.09366
135	153	1.09822
135	157	1.09489
135	162	1.1201
135	164	1.1072
135	166	1.11701
135	168	0.745465
135	170	1.13397
135	172	0.754443
135	175	1.12367
135	176	1.13312
135	177	1.10607
135	178	1.21038
135	179	1.09605
135	180	1.1976
136	20	0.622681
136	42	0.582829
136	50	1.0724
136	51	0.796369
