1	30	0.760985
1	46	0.651976
1	98	0.75357
1	138	0.691927
1	158	0.733701
1	159	1.19076
1	167	1.168
1	168	1.17379
1	172	1.16389
1	175	1.35934
1	177	1.17399
1	179	1.17024
2	69	0.766216
2	74	1.17436
2	86	1.21247
2	89	1.21247
2	92	1.14085
2	135	0.736847
2	142	1.213
2	143	0.684791
2	147	1.2232
2	158	0.745775
2	173	1.22364
2	178	0.668795
3	5	1.01267
3	31	1.0951
3	55	1.13495
3	56	1.17298
3	89	0.787372
3	102	0.703014
3	115	0.718223
3	172	0.71752
3	174	1.29907
3	175	1.36208
3	176	1.32315
3	178	0.675924
4	22	1.10376
4	31	1.07258
4	46	1.1945
4	55	1.11243
4	150	0.698333
4	151	0.759352
4	159	0.728817
4	160	0.727511
4	165	0.694406
4	174	1.27655
4	175	1.33956
4	176	1.30063
5	3	1.01267
5	22	0.958887
5	46	1.04963
5	73	0.952356
5	100	0.87391
5	101	0.903035
5	105	0.944356
5	111	0.90815
5	168	0.920893
5	174	1.13167
5	175	1.19468
5	176	1.15575
6	130	0.70692
6	134	0.742665
6	154	1.19305
6	157	0.772042
6	162	1.22764
6	166	1.19728
6	167	1.19448
6	170	0.737291
6	172	1.19037
6	177	1.20047
6	179	1.19673
6	180	0.632321
7	14	0.689826
7	29	1.16838
7	111	0.709199
7	138	0.731553
7	143	1.17877
7	150	1.20952
7	152	0.768596
7	162	1.23283
7	166	1.20247
7	173	1.2061
7	178	0.696347
7	179	1.20191
8	81	0.711021
8	117	0.668497
8	132	0.706834
8	143	1.15552
8	148	0.753789
8	159	1.19918
8	163	0.751597
8	166	1.17921
8	167	1.17641
8	168	1.18221
8	176	1.32882
8	179	1.17866
9	37	1.11433
9	58	1.2154
9	93	0.793522
9	105	1.15794
9	109	1.15125
9	113	1.2051
9	117	1.29704
9	124	1.25894
9	144	0.737235
9	172	0.738087
9	173	0.699172
9	174	0.634841
10	52	1.18181
10	71	1.29179
10	88	1.1654
10	114	1.15955
10	120	1.21906
10	129	0.722072
10	134	0.764791
10	141	0.692305
10	146	0.728062
10	147	1.19097
10	171	0.694846
10	173	1.19141
11	26	1.16068
11	54	0.726523
11	108	1.2153
11	110	0.806849
11	111	0.68019
11	116	0.640555
11	140	1.19783
11	162	1.22775
11	170	0.738519
11	173	1.20102
11	177	1.20058
11	179	1.19683
12	27	0.735719
12	69	0.753237
12	91	1.14423
12	122	1.19974
12	132	1.15927
12	138	1.20332
12	145	1.15718
12	158	0.732796
12	163	0.731395
12	165	0.645515
12	178	1.25917
12	180	1.27709
13	77	0.848545
13	128	1.06472
13	131	1.06498
13	134	1.02012
13	145	0.961421
13	152	1.00867
13	153	0.884623
13	157	1.01492
13	169	1.03762
13	170	1.04414
13	179	0.909287
13	180	1.1448
14	7	0.689826
14	67	0.79739
14	116	1.24829
14	129	1.19113
14	131	1.19544
14	147	0.712397
14	155	1.1833
14	163	1.15638
14	169	1.16809
14	172	0.707562
14	177	0.69156
14	178	1.25735
15	61	0.958368
15	65	0.924542
15	75	1.03615
15	86	1.05698
15	89	1.05698
15	109	0.996045
15	113	1.04989
15	117	1.14183
15	124	1.10374
15	162	0.883548
15	171	0.890056
15	179	0.910495
16	91	0.820517
16	109	0.8698
16	139	1.11995
16	153	0.73797
16	157	1.10568
16	158	1.11684
16	162	0.735687
16	163	1.11666
16	164	1.14206
16	169	1.12838
16	170	1.13489
16	173	0.738268
16	180	1.23555
17	24	1.28194
17	30	0.747124
17	49	0.655391
17	92	1.23657
17	114	1.2875
17	117	0.635338
17	120	1.34701
17	142	1.30872
17	147	1.31891
17	160	0.665663
17	168	0.668454
17	173	1.31935
17	175	0.529312
18	44	1.3854
18	48	1.22617
18	78	1.35739
18	83	1.28682
18	87	1.29862
18	97	1.2487
18	153	0.655791
18	158	1.29695
18	163	0.728987
18	168	0.679002
18	175	0.539861
18	179	0.680455
18	180	0.619618
19	28	0.696805
19	61	0.893212
19	82	0.796311
19	84	0.716534
19	140	1.13911
19	151	1.12825
19	152	0.784849
19	160	1.13756
19	161	1.13696
19	167	1.13587
19	173	1.1423
19	177	1.14186
19	179	1.13811
20	22	1.06727
20	31	1.03608
20	37	0.880066
20	55	1.07594
20	64	0.792143
20	73	1.06074
20	105	1.05274
20	121	0.787307
20	173	0.713237
20	174	1.24005
20	175	1.30306
20	176	1.26413
20	177	0.736151
21	37	1.01251
21	50	0.806965
21	109	1.04943
21	113	1.10327
21	124	1.15712
21	147	0.822685
21	167	0.803853
21	170	1.11696
21	174	1.24343
21	176	0.669017
21	178	1.1997
21	179	0.8033
21	180	1.21761
22	4	1.10376
22	5	0.958887
22	20	1.06727
22	55	1.08117
22	65	0.780371
22	73	1.06597
22	99	0.839472
22	154	0.779087
22	171	0.745885
22	174	1.24529
22	175	1.3083
22	176	1.26937
22	179	0.766323
23	47	1.05007
23	64	1.07485
23	82	1.10726
23	93	0.886555
23	122	1.16177
23	133	1.12649
23	145	1.11922
23	156	0.846183
23	175	0.675977
23	176	0.682288
23	177	0.815119
23	178	1.22121
23	180	1.23913
24	17	1.28194
24	67	1.07863
24	70	0.75787
24	88	1.11087
24	98	1.06449
24	120	1.16452
24	128	0.818168
24	142	1.12623
24	147	1.13643
24	153	0.788671
24	160	0.809092
24	173	1.13687
24	174	0.724637
25	34	1.09221
25	67	0.867818
25	82	0.820104
25	101	1.10666
25	126	0.742294
25	139	0.784401
25	144	1.07788
25	159	1.137
25	171	1.14396
25	174	0.674743
25	175	1.30557
25	177	1.12022
25	179	1.11648
26	11	1.16068
26	48	0.85532
26	75	0.857309
26	76	0.759319
26	138	0.744878
26	159	1.15026
26	161	1.1286
26	165	1.14655
26	167	1.1275
26	168	1.13329
26	172	1.12339
26	179	1.12974
26	180	0.675883
27	12	0.735719
27	56	0.718692
27	71	1.24084
27	88	1.11446
27	92	1.05768
27	107	0.8093
27	114	1.1086
27	120	1.16811
27	135	0.820442
27	142	1.12982
27	147	1.14002
27	169	0.821086
27	173	1.14046
28	19	0.696805
28	43	0.798635
28	118	1.15293
28	121	0.733443
28	130	1.18891
28	132	1.15824
28	133	1.16342
28	138	1.20229
28	168	0.682286
28	172	0.698288
28	178	1.25814
28	180	1.27606
29	7	1.16838
29	38	0.933629
29	114	1.1047
29	124	0.761055
29	131	0.779355
29	142	1.12592
29	147	1.13612
29	171	1.15985
29	173	1.13656
29	174	0.678429
29	177	1.13612
29	178	0.740079
29	179	1.13237
30	1	0.760985
30	17	0.747124
30	115	1.0876
30	129	1.13017
30	132	0.807568
30	140	0.782973
30	155	1.12234
30	163	1.09542
30	164	1.12082
30	167	0.804352
30	169	1.10713
30	174	1.24012
30	178	1.19639
31	3	1.0951
31	4	1.07258
31	20	1.03608
31	46	1.13206
31	73	1.03479
31	101	0.770916
31	112	0.795287
31	137	0.764167
31	167	0.79078
31	174	1.2141
31	175	1.27711
31	176	1.23818
31	177	0.788774
32	59	1.22964
32	60	1.16198
32	61	1.04218
32	72	1.16198
32	74	1.10268
32	75	1.11996
32	77	0.741432
32	86	1.1408
32	89	1.1408
32	143	0.791123
32	155	0.830479
32	165	0.764825
32	173	0.777808
33	41	0.874502
33	111	1.12016
33	127	0.747344
33	130	1.12087
33	133	1.09538
33	136	1.14313
33	138	1.13424
33	145	1.08811
33	161	0.799524
33	174	0.698998
33	177	0.786243
33	178	1.1901
33	180	1.20801
34	25	1.09221
34	61	0.91503
34	103	0.804623
34	116	0.707634
34	141	1.1394
34	151	1.13178
34	155	0.78977
34	160	1.14109
34	167	1.13939
34	171	1.16912
34	174	0.672768
34	177	1.14538
34	179	1.14163
35	84	1.32321
35	88	1.21297
35	92	1.15618
35	98	1.16659
35	114	1.20711
35	120	1.26662
35	133	0.739339
35	142	1.22833
35	150	0.65643
35	153	0.665188
35	155	0.718156
35	160	0.685609
35	170	0.733985
35	173	1.23897
36	38	1.14712
36	50	0.717674
36	56	0.653264
36	110	1.16067
36	138	0.722168
36	139	1.23541
36	148	1.2273
36	149	1.27779
36	164	1.25752
36	169	1.24383
36	170	1.25034
36	173	0.689643
36	177	0.712557
36	179	0.714009
37	9	1.11433
37	20	0.880066
37	21	1.01251
37	45	0.989555
37	68	1.30088
37	95	1.10282
37	98	0.938846
37	109	0.993146
37	113	1.04699
37	117	1.13893
37	124	1.10084
37	174	0.780347
37	176	0.734761
37	177	0.867592
38	29	0.933629
38	36	1.14712
38	81	1.10027
38	116	1.13558
38	125	1.0602
38	139	1.04696
38	146	0.905861
38	155	1.0706
38	157	1.03269
38	165	0.855736
38	170	1.0619
38	175	0.75249
38	176	0.758801
38	178	1.14464
39	62	1.06261
39	78	1.1488
39	83	1.07823
39	87	1.09003
39	96	0.911916
39	97	1.04011
39	102	0.860124
39	106	1.0839
39	121	1.0741
39	141	0.837101
39	149	1.13385
39	150	0.826659
39	158	1.08836
39	174	0.771383
40	76	1.24874
40	89	0.793078
40	93	1.13896
40	120	0.738221
40	128	1.24457
40	152	1.18852
40	158	1.20593
40	164	1.23115
40	168	0.707224
40	169	1.21747
40	173	0.684311
40	176	0.574393
40	179	0.708677
40	180	1.32464
41	33	0.874502
41	96	1.00878
41	132	0.817156
41	153	1.0883
41	154	1.06622
41	156	1.05007
41	157	0.892271
41	165	1.08671
41	170	0.857521
41	171	1.09738
41	175	1.259
41	177	1.07365
41	179	1.0699
41	180	0.752551
42	53	1.23176
42	63	1.17574
42	110	1.14519
42	116	1.30854
42	121	0.733684
42	126	1.26744
42	145	0.736114
42	152	1.19939
42	155	1.24355
42	156	0.713593
42	162	0.657034
42	167	0.684533
42	169	1.22834
42	179	0.683981
43	28	0.798635
43	122	0.839869
43	139	0.862438
43	149	0.856407
43	156	1.0517
43	161	1.07039
43	162	1.10244
43	164	0.834139
43	166	1.07209
43	167	1.06929
43	172	1.06518
43	173	1.07572
43	176	1.2217
43	179	1.07153
44	18	1.3854
44	48	1.1467
44	62	1.19173
44	83	1.20735
44	87	1.21915
44	92	0.808005
44	97	1.16923
44	99	0.745633
44	120	0.702029
44	127	0.632133
44	149	1.26297
44	158	1.21748
44	159	0.669547
44	178	0.645437
45	37	0.989555
45	54	1.0673
45	58	1.09062
45	79	1.10313
45	95	1.13615
45	100	0.816605
45	107	0.894904
45	109	1.02648
45	113	1.08032
45	117	1.17226
45	124	1.13417
45	165	0.827693
45	168	0.863589
45	180	0.804204
46	1	0.651976
46	4	1.1945
46	5	1.04963
46	31	1.13206
46	55	1.17192
46	64	0.749329
46	73	1.15671
46	107	0.724652
46	143	0.683739
46	154	0.707553
46	168	0.693337
46	174	1.33603
46	175	1.39904
46	176	1.36011
47	23	1.05007
47	80	0.814131
47	91	1.04453
47	101	0.817861
47	118	1.05426
47	132	1.05957
47	135	0.878176
47	136	1.1125
47	142	0.859841
47	145	1.05748
47	150	1.08472
47	167	0.837724
47	178	1.15947
47	180	1.17739
48	18	1.22617
48	26	0.85532
48	44	1.1467
48	62	1.03251
48	78	1.1187
48	87	1.05992
48	97	1.01
48	121	1.04399
48	129	0.85197
48	136	0.840784
48	149	1.10375
48	150	0.81176
48	158	1.05825
48	160	0.840939
49	17	0.655391
49	78	0.730674
49	123	1.15457
49	131	1.22939
49	139	1.19361
49	153	0.687403
49	157	1.17933
49	159	0.70913
49	163	1.19032
49	167	0.71262
49	168	0.710614
49	170	1.20855
49	174	1.33502
49	180	1.30921
50	21	0.806965
50	36	0.717674
50	127	1.16944
50	130	0.744008
50	147	0.749631
50	159	1.15665
50	160	1.13558
50	162	1.16704
50	169	0.771895
50	172	1.12977
50	173	1.14031
50	175	1.32522
50	177	1.13987
50	178	0.703199
50	179	1.13613
51	104	1.16735
51	115	0.760042
51	128	0.749623
51	151	1.15405
51	161	1.16276
51	162	1.19482
51	163	0.793322
51	166	1.16446
51	168	1.16745
51	170	0.788923
51	172	1.15755
51	177	1.16765
51	178	0.717743
51	179	1.16391
51	180	0.683953
52	10	1.18181
52	67	1.10645
52	71	1.26507
52	77	0.708298
52	84	1.24893
52	92	1.0819
52	112	0.774101
52	114	1.13283
52	140	0.748214
52	142	1.15405
52	147	1.16425
52	160	0.764797
52	171	0.748601
52	173	1.16469
52	177	0.767588
53	42	1.23176
53	63	1.10291
53	90	0.773081
53	106	0.781054
53	124	0.748253
53	150	0.720903
53	152	1.12657
53	153	0.729661
53	155	1.17073
53	158	1.14398
53	163	1.1438
53	169	1.15552
53	170	1.16203
53	177	0.752872
53	180	1.26269
54	11	0.726523
54	45	1.0673
54	58	1.13504
54	68	1.37863
54	79	1.14754
54	95	1.18057
54	109	1.07089
54	111	0.744522
54	113	1.12474
54	117	1.21668
54	124	1.17859
54	127	0.718367
54	146	0.771495
54	151	0.786316
54	167	0.759271
55	3	1.13495
55	4	1.11243
55	20	1.07594
55	22	1.08117
55	46	1.17192
55	59	0.76236
55	66	0.721685
55	70	0.711686
55	73	1.07464
55	115	0.782404
55	154	0.779915
55	173	0.742785
55	174	1.25396
55	175	1.31697
55	176	1.27804
56	3	1.17298
56	27	0.718692
56	36	0.653264
56	76	0.688435
56	82	0.7225
56	122	0.664228
56	157	0.74472
56	161	1.16476
56	167	1.16366
56	174	1.29199
56	175	1.355
56	176	1.31607
56	177	1.16965
56	179	1.1659
57	107	1.11815
57	111	0.762471
57	128	1.179
57	144	0.790363
57	152	1.12295
57	157	1.1292
57	163	1.14018
57	169	1.1519
57	170	1.15841
57	172	0.791216
57	173	0.752301
57	175	0.636072
57	177	0.775214
57	178	1.24115
57	180	1.25907
58	9	1.2154
58	45	1.09062
58	54	1.13504
58	79	1.17086
58	95	1.20388
58	109	1.09421
58	113	1.14806
58	117	1.24
58	124	1.2019
58	125	0.809652
58	141	0.746981
58	156	0.799573
58	167	0.770514
58	173	0.745595
58	176	0.635677
59	32	1.22964
59	55	0.76236
59	60	1.26198
59	61	1.14218
59	72	1.26197
59	74	1.20268
59	75	1.21996
59	86	1.24079
59	89	1.24079
59	155	0.750095
59	157	0.800674
59	159	0.718853
59	175	0.581196
59	176	0.587507
60	32	1.16198
60	59	1.26198
60	61	1.07451
60	72	1.19431
60	74	1.13501
60	75	1.15229
60	86	1.17313
60	89	1.17313
60	119	1.17365
60	137	0.747375
60	139	0.794395
60	172	0.787983
60	174	0.684737
60	179	0.773434
60	180	0.712597
61	15	0.958368
61	19	0.893212
61	32	1.04218
61	34	0.91503
61	59	1.14218
61	60	1.07451
61	72	1.07451
61	74	1.01522
61	75	1.03249
61	86	1.05333
61	89	1.05333
61	119	1.05386
61	121	0.92985
61	140	0.85932
61	156	0.909758
62	39	1.06261
62	44	1.19173
62	48	1.03251
62	66	1.21023
62	78	1.16373
62	83	1.09316
62	87	1.10495
62	121	1.08902
62	146	0.825507
62	148	0.863454
62	149	1.14878
62	158	1.10328
62	159	0.809793
62	171	0.792291
62	173	0.788363
62	174	0.724032
63	42	1.17574
63	53	1.10291
63	105	0.867833
63	115	1.07996
63	116	1.17969
63	123	1.05203
63	126	1.13859
63	150	0.784974
63	151	0.845993
63	157	1.07679
63	161	0.830224
63	169	1.09949
63	170	1.10601
63	173	0.79403
63	176	0.684112
63	178	1.18875
64	20	0.792143
64	23	1.07485
64	46	0.749329
64	97	0.894016
64	114	0.795778
64	129	0.787909
64	130	1.11502
64	145	1.08226
64	160	1.10135
64	164	0.773783
64	167	1.09965
64	168	1.10545
64	171	1.12938
64	177	1.10564
64	178	1.18425
64	180	1.20217
65	15	0.924542
65	22	0.780371
65	114	0.755286
65	123	0.821688
65	126	0.719483
65	133	1.08557
65	134	0.790136
65	136	1.13332
65	138	1.12443
65	140	1.09893
65	151	1.08808
65	172	1.09158
65	177	1.10168
65	178	1.18029
65	179	1.09793
65	180	1.1982
66	55	0.721685
66	62	1.21023
66	83	1.22585
66	84	1.34285
66	88	1.2326
66	97	1.18773
66	142	1.24797
66	147	1.25816
66	151	0.708713
66	158	1.23598
66	166	0.697539
66	167	0.681668
66	169	0.722764
66	170	0.725248
66	173	1.2586
66	176	0.546831
67	14	0.79739
67	24	1.07863
67	25	0.867818
67	52	1.10645
67	71	1.21643
67	84	1.20029
67	92	1.03326
67	114	1.08419
67	120	1.1437
67	141	0.807979
67	142	1.1054
67	146	0.843736
67	147	1.1156
67	165	0.793611
67	173	1.11604
67	176	0.696675
68	37	1.30088
68	54	1.37863
68	79	1.41445
68	95	1.44748
68	108	0.602671
68	109	1.3378
68	113	1.39165
68	117	1.48359
68	124	1.4455
68	137	0.575453
68	156	0.631124
68	161	0.613341
68	166	0.617937
68	171	0.581074
68	172	0.616061
68	178	0.574465
69	2	0.766216
69	12	0.753237
69	73	0.832004
69	129	0.803743
69	132	0.800724
69	153	1.11206
69	161	1.09251
69	162	1.12457
69	167	1.09142
69	168	1.09721
69	169	0.838604
69	171	1.12114
69	172	1.08731
69	175	1.28276
69	177	1.09741
69	179	1.09366
70	24	0.75787
70	55	0.711686
70	85	1.23144
70	93	1.16953
70	101	0.651806
70	125	1.25286
70	134	1.23054
70	136	0.666718
70	148	1.23151
70	151	0.698714
70	152	1.21909
70	164	1.26173
70	169	1.24804
70	171	0.650677
70	177	0.669664
70	180	1.35522
71	10	1.29179
71	27	1.24084
71	52	1.26507
71	67	1.21643
71	92	1.19188
71	98	1.20229
71	114	1.24281
71	131	0.705944
71	135	0.73472
71	137	0.667656
71	147	1.27422
71	149	0.708645
71	151	0.721313
71	154	0.706479
71	173	1.27466
71	176	0.559431
72	32	1.16198
72	59	1.26197
72	60	1.19431
72	61	1.07451
72	74	1.13501
72	75	1.15229
72	86	1.17313
72	88	0.791113
72	89	1.17313
72	119	1.17365
72	140	0.713134
72	144	0.747656
72	146	0.746737
72	164	0.726621
72	169	0.775608
73	5	0.952356
73	20	1.06074
73	22	1.06597
73	31	1.03479
73	46	1.15671
73	55	1.07464
73	69	0.832004
73	105	1.05144
73	107	0.791493
73	113	0.822616
73	121	0.811334
73	158	0.811563
73	162	0.734684
73	174	1.23876
73	175	1.30177
73	176	1.26284
74	2	1.17436
74	32	1.10268
74	59	1.20268
74	60	1.13501
74	61	1.01522
74	72	1.13501
74	75	1.093
74	86	1.11383
74	89	1.11383
74	106	0.810965
74	119	1.11436
74	139	0.805197
74	140	0.76341
74	156	0.813848
74	170	0.828369
74	177	0.782784
75	15	1.03615
75	26	0.857309
75	32	1.11996
75	59	1.21996
75	60	1.15229
75	61	1.03249
75	72	1.15229
75	74	1.093
75	86	1.13111
75	89	1.13111
75	94	0.812188
75	106	0.8739
75	119	1.13163
75	175	0.706576
75	176	0.712887
75	177	0.845718
76	26	0.759319
76	40	1.24874
76	56	0.688435
76	82	0.805844
76	93	1.10486
76	134	1.16587
76	139	1.17494
76	148	1.16684
76	149	1.21733
76	155	1.19857
76	157	1.16067
76	163	1.17165
76	172	0.76373
76	173	0.724815
76	176	0.614897
76	177	0.747728
76	180	1.29054
77	13	0.848545
77	32	0.741432
77	52	0.708298
77	106	1.15797
77	118	0.733501
77	146	1.14961
77	153	1.19928
77	154	1.17719
77	156	1.16104
77	161	1.17973
77	163	0.714372
77	167	1.17863
77	170	0.709973
77	176	1.33104
77	177	1.18462
77	178	0.638792
77	179	1.18087
78	18	1.35739
78	39	1.1488
78	48	1.1187
78	49	0.730674
78	62	1.16373
78	83	1.17934
78	87	1.19114
78	97	1.14122
78	121	1.17521
78	149	1.23497
78	153	0.720525
78	158	1.18947
78	166	0.761613
78	177	0.743737
78	178	0.718142
78	179	0.745189
78	180	0.684352
79	45	1.10313
79	54	1.14754
79	58	1.17086
79	68	1.41445
79	83	0.79336
79	95	1.21639
79	105	1.1134
79	109	1.10672
79	113	1.16056
79	115	0.761771
79	117	1.2525
79	124	1.21441
79	127	0.706168
79	150	0.713097
79	154	0.759283
79	166	0.762943
79	176	0.612235
80	47	0.814131
80	113	0.764527
80	139	0.724502
80	144	1.13693
80	150	1.18313
80	152	0.748744
80	160	1.17497
80	167	1.17328
80	168	1.17907
80	170	0.747675
80	171	1.203
80	172	1.16917
80	174	0.614844
80	176	1.32569
80	177	1.17927
80	178	0.676494
80	179	1.17552
81	8	0.711021
81	38	1.10027
81	108	0.735697
81	123	1.14952
81	129	1.22002
81	134	1.17948
81	146	0.747315
81	152	1.16803
81	163	1.18527
81	164	1.21067
81	167	0.735091
81	169	1.19698
81	170	1.2035
81	171	0.714099
81	177	0.733085
81	178	1.28624
81	179	0.734538
82	19	0.796311
82	23	1.10726
82	25	0.820104
82	56	0.7225
82	76	0.805844
82	90	1.09876
82	118	1.11145
82	121	0.832949
82	130	1.14743
82	132	1.11676
82	133	1.12194
82	136	1.16969
82	138	1.1608
82	145	1.11467
82	164	0.775906
82	176	0.648962
82	178	1.21666
82	180	1.23458
83	18	1.28682
83	39	1.07823
83	44	1.20735
83	62	1.09316
83	66	1.22585
83	78	1.17934
83	79	0.79336
83	87	1.12057
83	88	0.830577
83	94	0.73844
83	97	1.07065
83	106	1.11444
83	121	1.10464
83	143	0.762372
83	158	1.1189
83	169	0.815072
83	173	0.749057
83	180	0.712586
84	19	0.716534
84	35	1.32321
84	52	1.24893
84	66	1.34285
84	67	1.20029
84	98	1.18615
84	107	0.73333
84	119	1.24788
84	120	1.28618
84	142	1.24789
84	147	1.25808
84	153	0.678804
84	158	0.7534
84	159	0.700531
84	173	1.25852
84	174	0.61477
84	175	0.562873
84	180	0.642631
85	70	1.23144
85	93	1.05698
85	101	0.762246
85	108	0.782716
85	109	0.888723
85	116	1.21569
85	125	1.1403
85	129	1.15853
85	134	1.11799
85	139	1.12707
85	155	1.1507
85	161	0.793385
85	163	1.12378
85	165	0.744208
85	166	0.797981
85	169	1.13549
85	170	1.142
85	175	0.640963
86	2	1.21247
86	15	1.05698
86	32	1.1408
86	59	1.24079
86	60	1.17313
86	61	1.05333
86	72	1.17313
86	74	1.11383
86	75	1.13111
86	89	1.15195
86	106	0.798928
86	110	0.884662
86	117	0.73763
86	119	1.15247
86	127	0.731848
86	164	0.76486
86	168	0.770746
86	180	0.711362
87	18	1.29862
87	39	1.09003
87	44	1.21915
87	48	1.05992
87	62	1.10495
87	78	1.19114
87	83	1.12057
87	94	0.76359
87	97	1.08245
87	104	0.79393
87	106	1.12623
87	138	0.806731
87	149	1.17619
87	158	1.1307
87	160	0.79433
87	166	0.814997
87	171	0.778134
87	175	0.657978
88	10	1.1654
88	24	1.11087
88	27	1.11446
88	35	1.21297
88	66	1.2326
88	72	0.791113
88	83	0.830577
88	98	1.0759
88	100	0.735299
88	114	1.11642
88	119	1.13764
88	142	1.13764
88	147	1.14783
88	154	0.796499
88	165	0.746387
88	173	1.14827
88	179	0.783735
88	180	0.722899
89	2	1.21247
89	3	0.787372
89	15	1.05698
89	32	1.1408
89	40	0.793078
89	59	1.24079
89	60	1.17313
89	61	1.05333
89	72	1.17313
89	74	1.11383
89	75	1.13111
89	86	1.15195
89	115	0.826235
89	119	1.15247
89	163	0.859514
89	171	0.790544
89	175	0.670388
89	176	0.676699
90	53	0.773081
90	82	1.09876
90	111	1.14278
90	118	1.1075
90	130	1.14348
90	132	1.11281
90	133	1.11799
90	134	0.794844
90	135	0.786343
90	136	1.16574
90	138	1.15686
90	145	1.11072
90	146	0.758115
90	152	0.790539
90	154	0.758101
90	160	0.741095
90	178	1.21271
90	180	1.23063
91	12	1.14423
91	16	0.820517
91	47	1.04453
91	111	1.14573
91	122	1.15623
91	132	1.11577
91	133	1.12095
91	136	1.1687
91	145	1.11368
91	150	1.14092
91	158	0.834398
91	160	0.780223
91	164	0.777127
91	171	0.764027
91	175	0.643871
91	177	0.783013
91	178	1.21567
91	180	1.23359
92	2	1.14085
92	17	1.23657
92	27	1.05768
92	35	1.15618
92	44	0.808005
92	52	1.0819
92	67	1.03326
92	71	1.19188
92	98	1.01912
92	120	1.11915
92	142	1.08086
92	144	0.875799
92	147	1.09105
92	172	0.876652
92	173	1.09149
92	175	0.721508
92	176	0.727819
92	178	0.835055
92	179	0.862103
93	9	0.793522
93	23	0.886555
93	40	1.13896
93	70	1.16953
93	76	1.10486
93	85	1.05698
93	103	1.0917
93	118	0.864227
93	128	1.10069
93	131	1.10094
93	144	0.810262
93	154	0.809329
93	155	1.0888
93	162	0.769619
93	164	1.08727
93	169	1.07359
93	170	1.0801
93	173	0.772199
93	174	1.20658
94	75	0.812188
94	83	0.73844
94	87	0.76359
94	96	1.13767
94	108	1.21726
94	115	0.706851
94	138	0.699757
94	149	0.706528
94	156	1.17896
94	160	1.19824
94	167	1.19655
94	168	1.20234
94	171	1.22628
94	172	1.19244
94	174	0.602901
94	176	1.34896
94	177	1.20254
94	178	0.664551
94	179	1.19879
95	37	1.10282
95	45	1.13615
95	54	1.18057
95	58	1.20388
95	68	1.44748
95	79	1.21639
95	96	0.771055
95	105	1.14643
95	109	1.13974
95	113	1.19359
95	117	1.28553
95	124	1.24743
95	140	0.698394
95	150	0.685798
95	170	0.763353
95	173	0.694854
95	177	0.717767
95	179	0.71922
95	180	0.658383
96	39	0.911916
96	41	1.00878
96	94	1.13767
96	95	0.771055
96	108	1.12325
96	128	0.78325
96	133	0.827904
96	140	1.10578
96	159	1.1253
96	161	1.10364
96	162	1.1357
96	163	0.826949
96	166	1.10534
96	169	0.820065
96	171	1.13227
96	173	1.10897
96	177	1.10853
96	178	0.75137
96	179	1.10478
97	18	1.2487
97	39	1.04011
97	44	1.16923
97	48	1.01
97	64	0.894016
97	66	1.18773
97	78	1.14122
97	83	1.07065
97	87	1.08245
97	106	1.07631
97	121	1.06651
97	137	0.813417
97	143	0.828425
97	149	1.12627
97	154	0.85224
97	158	1.08078
97	165	0.802128
97	176	0.705192
97	178	0.812429
98	1	0.75357
98	24	1.06449
98	35	1.16659
98	37	0.938846
98	71	1.20229
98	84	1.18615
98	88	1.0759
98	92	1.01912
98	102	0.796426
98	114	1.07004
98	119	1.09126
98	120	1.12955
98	123	0.877442
98	127	0.756032
98	131	0.808612
98	137	0.770324
98	142	1.09126
98	147	1.10146
98	173	1.1019
99	22	0.839472
99	44	0.745633
99	102	1.09621
99	103	0.842887
99	108	1.12765
99	110	0.912193
99	115	0.814982
99	122	0.798121
99	140	1.11018
99	143	1.08604
99	146	1.07792
99	151	1.09933
99	154	1.1055
99	159	1.12971
99	160	1.10864
99	171	1.13667
99	177	1.11293
99	179	1.10919
99	180	0.738893
100	5	0.87391
100	45	0.816605
100	88	0.735299
100	109	0.785312
100	125	0.717837
100	141	1.16214
100	144	1.12578
100	153	1.18278
100	156	1.14454
100	159	1.1849
100	162	1.19529
100	163	0.726678
100	165	1.18119
100	166	1.16493
100	168	1.16793
100	169	0.719794
100	172	1.15802
100	177	1.16812
100	179	1.16438
100	180	0.617309
101	5	0.903035
101	25	1.10666
101	31	0.770916
101	47	0.817861
101	70	0.651806
101	85	0.762246
101	119	0.771101
101	150	1.1637
101	154	1.15241
101	156	1.13625
101	160	1.15554
101	164	0.699932
101	165	1.1729
101	166	1.15664
101	171	1.18357
101	172	1.14973
101	173	1.16027
101	174	0.618574
101	176	1.30625
101	179	1.15609
102	3	0.703014
102	39	0.860124
102	98	0.796426
102	99	1.09621
102	112	1.17637
102	149	0.741554
102	151	1.14307
102	153	1.17133
102	155	0.754929
102	156	1.13309
102	159	1.17345
102	162	1.18384
102	166	1.15348
102	168	1.15647
102	170	0.770758
102	176	1.30309
102	177	1.15667
102	178	0.699578
102	179	1.15293
102	180	0.665788
103	34	0.804623
103	93	1.0917
103	99	0.842887
103	104	0.765096
103	110	1.08706
103	126	1.20931
103	128	1.19731
103	138	0.777898
103	139	1.16179
103	152	1.14126
103	155	1.18542
103	157	1.14751
103	159	0.766802
103	163	1.1585
103	164	1.1839
103	166	0.786163
103	170	1.17673
103	175	0.629145
103	176	0.635455
103	178	1.25947
104	51	1.16735
104	87	0.79393
104	103	0.765096
104	131	0.734168
104	132	0.725708
104	134	0.771446
104	141	1.16711
104	143	1.14621
104	146	1.13808
104	148	0.772663
104	154	1.16567
104	156	1.14951
104	165	1.18616
104	167	1.1671
104	170	0.766072
104	171	1.19683
104	173	1.17353
104	177	1.17309
104	179	1.16935
104	180	0.661102
105	5	0.944356
105	9	1.15794
105	20	1.05274
105	63	0.867833
105	73	1.05144
105	79	1.1134
105	95	1.14643
105	109	1.03675
105	112	0.78108
105	113	1.0906
105	117	1.18254
105	124	1.14445
105	132	0.779787
105	135	0.817024
105	165	0.73867
105	168	0.774566
105	174	1.23076
105	175	1.29377
105	176	1.25484
105	177	0.774566
105	179	0.776019
106	39	1.0839
106	53	0.781054
106	74	0.810965
106	75	0.8739
106	77	1.15797
106	83	1.11444
106	86	0.798928
106	87	1.12623
106	97	1.07631
106	139	0.774271
106	149	1.17006
106	151	1.13314
106	154	1.13932
106	155	0.781615
106	158	1.12456
106	160	1.14245
106	161	1.14185
106	164	0.745972
106	177	1.14675
106	178	0.726263
106	179	1.143
107	27	0.8093
107	45	0.894904
107	46	0.724652
107	57	1.11815
107	73	0.791493
107	84	0.73333
107	114	0.771101
107	123	1.07088
107	133	0.805932
107	138	0.764603
107	144	1.08666
107	154	1.12157
107	157	1.09565
107	162	1.15616
107	166	1.12581
107	167	1.12301
107	170	1.12486
107	172	1.1189
107	178	1.2076
107	179	1.12525
107	180	1.22552
108	11	1.2153
108	68	0.602671
108	81	0.735697
108	85	0.782716
108	94	1.21726
108	96	1.12325
108	99	1.12765
108	123	0.808799
108	125	0.767432
108	127	1.21767
108	135	1.12358
108	136	0.723342
108	142	0.75041
108	153	1.20277
108	159	1.20489
108	164	0.720402
108	165	1.20117
108	167	1.18212
108	171	1.21185
108	177	1.18811
108	178	0.700693
108	179	1.18436
109	9	1.15125
109	15	0.996045
109	16	0.8698
109	21	1.04943
109	37	0.993146
109	45	1.02648
109	54	1.07089
109	58	1.09421
109	68	1.3378
109	79	1.10672
109	85	0.888723
109	95	1.13974
109	100	0.785312
109	105	1.03675
109	113	1.08391
109	117	1.17585
109	124	1.13776
109	141	0.810768
109	143	0.822697
109	153	0.809084
109	171	0.813309
109	173	0.809382
110	11	0.806849
110	36	1.16067
110	42	1.14519
110	86	0.884662
110	99	0.912193
110	103	1.08706
110	123	1.02148
110	126	1.10804
110	127	0.798693
110	128	1.09604
110	129	1.09198
110	137	1.07878
110	148	1.05241
110	155	1.08415
110	163	1.05723
110	164	1.08263
110	172	0.853594
110	173	0.814679
110	175	0.69845
110	178	1.1582
110	179	0.839045
110	180	1.17611
111	5	0.90815
111	7	0.709199
111	11	0.68019
111	33	1.12016
111	54	0.744522
111	57	0.762471
111	90	1.14278
111	91	1.14573
111	118	1.15546
111	122	1.20123
111	130	1.19144
111	132	1.16077
111	133	1.16595
111	135	0.753391
111	136	1.2137
111	138	1.20482
111	145	1.15868
111	159	0.709449
111	167	0.712939
111	174	0.623688
111	178	1.26067
111	180	1.27859
112	31	0.795287
112	52	0.774101
112	102	1.17637
112	105	0.78108
112	117	0.697074
112	131	0.743871
112	135	1.12856
112	141	1.18711
112	148	0.782367
112	151	1.17949
112	156	1.16951
112	165	1.20615
112	166	1.1899
112	167	1.1871
112	171	1.21683
112	172	1.18299
112	173	1.19353
112	174	0.642945
112	177	1.19309
112	178	0.704595
112	179	1.18935
112	180	0.670806
113	9	1.2051
113	15	1.04989
113	21	1.10327
113	37	1.04699
113	45	1.08032
113	54	1.12474
113	58	1.14806
113	68	1.39165
113	73	0.822616
113	79	1.16056
113	80	0.764527
113	95	1.19359
113	105	1.0906
113	109	1.08391
113	117	1.2297
113	124	1.19161
113	141	0.764587
113	148	0.838291
113	159	0.78463
113	161	0.799396
113	168	0.786115
113	174	0.69887
113	175	0.646973
114	10	1.15955
114	17	1.2875
114	27	1.1086
114	29	1.1047
114	35	1.20711
114	52	1.13283
114	64	0.795778
114	65	0.755286
114	67	1.08419
114	71	1.24281
114	88	1.11642
114	98	1.07004
114	107	0.771101
114	120	1.17008
114	123	0.822297
114	142	1.13178
114	147	1.14198
114	160	0.736996
114	167	0.741791
114	169	0.782887
114	172	0.755787
114	173	1.14242
114	179	0.741238
115	3	0.718223
115	30	1.0876
115	51	0.760042
115	55	0.782404
115	63	1.07996
115	79	0.761771
115	89	0.826235
115	94	0.706851
115	99	0.814982
115	116	1.21276
115	120	0.771378
115	126	1.17166
115	130	0.755596
115	131	1.15992
115	134	1.11507
115	148	1.11604
115	149	1.16653
115	152	1.10362
115	157	1.10987
115	169	1.13257
115	170	1.13908
115	174	1.26556
115	180	1.23974
116	11	0.640555
116	14	1.24829
116	34	0.707634
116	38	1.13558
116	42	1.30854
116	63	1.17969
116	85	1.21569
116	115	1.21276
116	119	0.73658
116	122	0.671141
116	134	1.21479
116	145	0.724884
116	155	1.2475
116	156	0.702362
116	157	1.20959
116	163	1.22058
116	164	1.24598
116	166	0.689174
116	168	0.671297
116	172	0.687299
116	178	1.32155
116	179	0.67275
116	180	1.33947
117	8	0.668497
117	9	1.29704
117	15	1.14183
117	17	0.635338
117	37	1.13893
117	45	1.17226
117	54	1.21668
117	58	1.24
117	68	1.48359
117	79	1.2525
117	86	0.73763
117	95	1.28553
117	105	1.18254
117	109	1.17585
117	112	0.697074
117	113	1.2297
117	124	1.28355
117	130	0.705775
117	150	0.658591
117	166	0.708437
117	169	0.733662
117	177	0.690561
117	178	0.664966
118	28	1.15293
118	47	1.05426
118	77	0.733501
118	82	1.11145
118	90	1.1075
118	93	0.864227
118	111	1.15546
118	122	1.16596
118	129	0.801031
118	130	1.15616
118	132	1.12549
118	133	1.13068
118	136	1.17843
118	138	1.16954
118	145	1.12341
118	152	0.839445
118	162	0.767296
118	168	0.792791
118	175	0.653649
118	176	0.659959
118	177	0.792791
118	178	1.2254
118	180	1.24331
119	60	1.17365
119	61	1.05386
119	72	1.17365
119	74	1.11436
119	75	1.13163
119	84	1.24788
119	86	1.15247
119	88	1.13764
119	89	1.15247
119	98	1.09126
119	101	0.771101
119	116	0.73658
119	120	1.19129
119	135	0.831417
119	142	1.153
119	147	1.1632
119	156	0.820024
119	159	0.787475
119	160	0.786169
119	173	1.16364
119	176	0.656128
119	179	0.790412
119	180	0.729575
120	10	1.21906
120	17	1.34701
120	24	1.16452
120	27	1.16811
120	35	1.26662
120	40	0.738221
120	44	0.702029
120	67	1.1437
120	84	1.28618
120	92	1.11915
120	98	1.12955
120	114	1.17008
120	115	0.771378
120	119	1.19129
120	137	0.730067
120	142	1.1913
120	147	1.20149
120	162	0.72918
120	169	0.797775
120	173	1.20193
120	174	0.667429
120	175	0.615532
120	179	0.756126
120	180	0.695289
121	20	0.787307
121	28	0.733443
121	39	1.0741
121	42	0.733684
121	48	1.04399
121	61	0.92985
121	62	1.08902
121	73	0.811334
121	78	1.17521
121	82	0.832949
121	83	1.10464
121	97	1.06651
121	147	0.79567
121	149	1.16026
121	153	1.1516
121	157	0.855169
121	158	1.11476
121	161	1.13206
121	165	1.15001
121	167	1.13096
121	168	1.13675
121	177	1.13695
121	179	1.1332
121	180	0.715449
122	12	1.19974
122	23	1.16177
122	43	0.839869
122	56	0.664228
122	91	1.15623
122	99	0.798121
122	111	1.20123
122	116	0.671141
122	118	1.16596
122	130	1.20194
122	132	1.17127
122	133	1.17645
122	136	1.2242
122	138	1.21532
122	145	1.16918
122	150	1.19643
122	151	0.752571
122	154	0.737737
122	161	0.736802
122	173	0.700607
122	175	0.584379
122	178	1.27117
122	179	0.724973
122	180	1.28909
123	49	1.15457
123	63	1.05203
123	65	0.821688
123	81	1.14952
123	98	0.877442
123	107	1.07088
123	108	0.808799
123	110	1.02148
123	114	0.822297
123	129	1.12767
123	148	1.0881
123	155	1.11984
123	157	1.08193
123	158	1.0931
123	161	0.819469
123	163	1.09292
123	165	0.770292
123	167	0.808193
123	169	1.10463
123	174	1.23762
123	176	0.673357
123	178	1.19389
123	179	0.80764
123	180	1.21181
124	9	1.25894
124	15	1.10374
124	21	1.15712
124	29	0.761055
124	37	1.10084
124	45	1.13417
124	53	0.748253
124	54	1.17859
124	58	1.2019
124	68	1.4455
124	79	1.21441
124	95	1.24743
124	105	1.14445
124	109	1.13776
124	113	1.19161
124	117	1.28355
124	128	0.725343
124	146	0.733287
124	159	0.717573
124	160	0.716267
124	162	0.693564
124	164	0.713171
124	172	0.735059
124	180	0.659673
125	38	1.0602
125	58	0.809652
125	70	1.25286
125	85	1.1403
125	100	0.717837
125	108	0.767432
125	126	1.19601
125	128	1.18401
125	139	1.14849
125	142	0.788942
125	143	0.755222
125	144	0.779969
125	148	1.14038
125	153	0.741609
125	155	1.17212
125	157	1.13421
125	158	1.14538
125	163	1.1452
125	164	1.1706
125	169	1.15691
125	170	1.16342
125	172	0.780822
125	173	0.741907
125	174	1.2899
125	175	0.625678
126	25	0.742294
126	42	1.26744
126	63	1.13859
126	65	0.719483
126	103	1.20931
126	110	1.10804
126	115	1.17166
126	125	1.19601
126	131	1.21854
126	141	0.682456
126	149	1.22515
126	154	0.718199
126	156	0.735048
126	157	1.16849
126	159	0.702499
126	161	0.717264
126	164	1.20488
126	165	0.668087
126	166	0.72186
126	167	0.705989
126	168	0.703983
126	169	1.19119
126	170	1.19771
126	174	1.32418
126	178	1.28045
126	180	1.29837
127	33	0.747344
127	44	0.632133
127	50	1.16944
127	54	0.718367
127	79	0.706168
127	86	0.731848
127	98	0.756032
127	108	1.21767
127	110	0.798693
127	128	0.691064
127	140	1.20021
127	141	1.19698
127	143	1.17607
127	151	1.18935
127	153	1.21761
127	158	0.736163
127	160	1.19866
127	161	1.19806
127	164	0.678892
127	165	1.21602
127	168	1.20276
127	171	1.22669
127	174	0.597533
127	175	1.38831
127	177	1.20296
127	179	1.19921
128	13	1.06472
128	24	0.818168
128	40	1.24457
128	51	0.749623
128	57	1.179
128	93	1.10069
128	96	0.78325
128	103	1.19731
128	110	1.09604
128	124	0.725343
128	125	1.18401
128	127	0.691064
128	131	1.20655
128	133	0.780902
128	134	1.1617
128	137	1.18903
128	148	1.16267
128	151	0.759012
128	152	1.15024
128	160	0.727172
128	161	0.743243
128	169	1.1792
128	170	1.18571
128	174	1.31218
128	176	0.597131
128	179	0.731415
128	180	1.28637
129	10	0.722072
129	14	1.19113
129	30	1.13017
129	48	0.85197
129	64	0.787909
129	69	0.803743
129	81	1.22002
129	85	1.15853
129	110	1.09198
129	118	0.801031
129	123	1.12767
129	139	1.16671
129	148	1.15861
129	149	1.2091
129	151	0.760967
129	153	0.708706
129	155	1.19035
129	163	1.16342
129	164	1.18882
129	169	1.17514
129	170	1.18165
129	172	0.747918
129	175	0.592775
129	176	0.599086
129	178	1.26439
129	179	0.733369
129	180	1.28231
130	6	0.70692
130	28	1.18891
130	33	1.12087
130	50	0.744008
130	64	1.11502
130	82	1.14743
130	90	1.14348
130	111	1.19144
130	115	0.755596
130	117	0.705775
130	118	1.15616
130	122	1.20194
130	132	1.16147
130	133	1.16666
130	135	0.781349
130	136	1.21441
130	138	1.20552
130	145	1.15939
130	150	1.18663
130	159	0.737407
130	161	0.752172
130	162	0.713397
130	166	0.756768
130	168	0.738891
130	171	0.719905
130	178	1.26138
130	180	1.27929
131	13	1.06498
131	14	1.19544
131	29	0.779355
131	49	1.22939
131	71	0.705944
131	93	1.10094
131	98	0.808612
131	104	0.734168
131	112	0.743871
131	115	1.15992
131	126	1.21854
131	128	1.20655
131	139	1.17102
131	148	1.16292
131	150	0.705389
131	155	1.19466
131	157	1.15675
131	158	1.16791
131	164	1.19313
131	165	0.701462
131	168	0.737358
131	169	1.17945
131	170	1.18596
131	171	0.718372
131	174	1.31244
131	177	0.737358
131	179	0.738811
132	8	0.706834
132	12	1.15927
132	28	1.15824
132	30	0.807568
132	41	0.817156
132	47	1.05957
132	69	0.800724
132	82	1.11676
132	90	1.11281
132	91	1.11577
132	104	0.725708
132	105	0.779787
132	111	1.16077
132	118	1.12549
132	122	1.17127
132	130	1.16147
132	133	1.13599
132	135	0.771355
132	136	1.18374
132	138	1.17485
132	145	1.12871
132	150	1.15596
132	151	0.757948
132	163	0.778882
132	177	0.728898
132	178	1.23071
132	179	0.73035
132	180	1.24862
133	23	1.12649
133	28	1.16342
133	33	1.09538
133	35	0.739339
133	65	1.08557
133	82	1.12194
133	90	1.11799
133	91	1.12095
133	96	0.827904
133	107	0.805932
133	111	1.16595
133	118	1.13068
133	122	1.17645
133	128	0.780902
133	130	1.16666
133	132	1.13599
133	136	1.18892
133	137	0.75001
133	138	1.18003
133	145	1.1339
133	151	0.803667
133	165	0.738721
133	166	0.792493
133	171	0.75563
133	176	0.641785
133	178	1.23589
133	179	0.776069
133	180	1.25381
134	6	0.742665
134	10	0.764791
134	13	1.02012
134	65	0.790136
134	70	1.23054
134	76	1.16587
134	81	1.17948
134	85	1.11799
134	90	0.794844
134	104	0.771446
134	115	1.11507
134	116	1.21479
134	128	1.1617
134	136	0.77169
134	139	1.12617
134	148	1.11807
134	154	0.788852
134	156	0.8057
134	157	1.1119
134	163	1.12288
134	164	1.14828
134	169	1.1346
134	170	1.14111
134	172	0.790637
134	173	0.751722
134	174	1.26759
134	175	0.635494
134	178	1.22385
135	2	0.736847
135	27	0.820442
135	47	0.878176
135	71	0.73472
135	90	0.786343
135	105	0.817024
135	108	1.12358
135	111	0.753391
135	112	1.12856
135	119	0.831417
135	130	0.781349
135	132	0.771355
135	147	0.786971
135	148	1.08169
135	149	1.13218
135	154	1.10144
135	157	1.07552
135	160	1.10457
135	163	1.0865
135	164	1.1119
135	165	1.12193
135	168	1.10867
135	169	1.09822
135	170	1.10473
135	172	1.09877
135	174	1.23121
135	175	1.29422
135	177	1.10887
135	178	1.18747
136	33	1.14313
136	47	1.1125
136	48	0.840784
136	65	1.13332
136	70	0.666718
136	82	1.16969
136	90	1.16574
136	91	1.1687
136	108	0.723342
136	111	1.2137
136	118	1.17843
136	122	1.2242
136	130	1.21441
136	132	1.18374
136	133	1.18892
136	134	0.77169
136	137	0.696124
136	138	1.22778
136	145	1.18165
136	146	0.734961
136	149	0.737113
136	150	1.20889
136	161	0.734012
136	163	0.770715
136	176	0.5879
136	177	0.720731
136	178	1.28364
136	179	0.722184
136	180	1.30156
137	31	0.764167
137	60	0.747375
137	68	0.575453
137	71	0.667656
137	97	0.813417
137	98	0.770324
137	110	1.07878
137	120	0.730067
137	128	1.18903
137	133	0.75001
137	136	0.696124
137	138	0.708681
137	144	1.13024
137	145	0.752656
137	147	0.719907
137	156	1.149
137	157	1.13924
137	162	1.19975
137	164	1.17562
137	169	1.16194
137	170	1.16845
137	171	1.19632
137	173	1.17302
137	175	1.35793
137	176	1.319
137	177	1.17258
137	178	1.25119
137	179	1.16884
137	180	1.26911
138	1	0.691927
138	7	0.731553
138	12	1.20332
138	26	0.744878
138	28	1.20229
138	33	1.13424
138	36	0.722168
138	65	1.12443
138	82	1.1608
138	87	0.806731
138	90	1.15686
138	94	0.699757
138	103	0.777898
138	107	0.764603
138	111	1.20482
138	118	1.16954
138	122	1.21532
138	130	1.20552
138	132	1.17485
138	133	1.18003
138	136	1.22778
138	137	0.708681
138	144	0.748437
138	145	1.17276
138	150	1.20001
138	171	0.714302
138	175	0.594146
138	178	1.27475
138	180	1.29267
139	16	1.11995
139	25	0.784401
139	36	1.23541
139	38	1.04696
139	43	0.862438
139	49	1.19361
139	60	0.794395
139	74	0.805197
139	76	1.17494
139	80	0.724502
139	85	1.12707
139	103	1.16179
139	106	0.774271
139	125	1.14849
139	129	1.16671
139	131	1.17102
139	134	1.12617
139	150	0.714121
139	152	1.11472
139	155	1.15888
139	169	1.14367
139	170	1.15019
139	171	0.727104
139	173	0.723176
139	174	1.27666
139	175	0.606948
139	177	0.74609
139	178	1.23293
139	179	0.747542
139	180	1.25084
140	11	1.19783
140	19	1.13911
140	30	0.782973
140	52	0.748214
140	61	0.85932
140	65	1.09893
140	72	0.713134
140	74	0.76341
140	95	0.698394
140	96	1.10578
140	99	1.11018
140	127	1.20021
140	141	1.16467
140	146	1.13563
140	148	0.75648
140	149	0.720685
140	152	0.750958
140	156	1.14706
140	159	1.18742
140	161	1.16575
140	164	0.698417
140	166	1.16745
140	168	1.17045
140	169	0.747404
140	170	0.749889
140	171	1.19438
140	172	1.16055
140	176	1.31706
140	177	1.17065
140	179	1.1669
141	10	0.692305
141	34	1.1394
141	39	0.837101
141	58	0.746981
141	67	0.807979
141	100	1.16214
141	104	1.16711
141	109	0.810768
141	112	1.18711
141	113	0.764587
141	126	0.682456
141	127	1.19698
141	140	1.16467
141	146	1.1324
141	149	0.718532
141	151	1.15381
141	153	1.18207
141	157	0.782485
141	158	0.753535
141	160	1.16312
141	161	1.16252
141	163	0.752134
141	165	1.18048
141	167	1.16142
141	168	1.16722
141	171	1.19115
141	172	1.15732
141	177	1.16742
141	179	1.16367
141	180	0.642765
142	2	1.213
142	17	1.30872
142	24	1.12623
142	27	1.12982
142	29	1.12592
142	35	1.22833
142	47	0.859841
142	52	1.15405
142	66	1.24797
142	67	1.1054
142	84	1.24789
142	88	1.13764
142	92	1.08086
142	98	1.09126
142	108	0.75041
142	114	1.13178
142	119	1.153
142	120	1.1913
142	125	0.788942
142	144	0.762948
142	147	1.1632
142	154	0.762015
142	157	0.828135
142	162	0.722305
142	172	0.7638
142	173	1.16364
142	175	0.608657
142	177	0.747799
142	178	0.722204
142	180	0.688414
143	2	0.684791
143	7	1.17877
143	8	1.15552
143	32	0.791123
143	46	0.683739
143	83	0.762372
143	97	0.828425
143	99	1.08604
143	104	1.14621
143	109	0.822697
143	125	0.755222
143	127	1.17607
143	146	1.11149
143	152	0.760733
143	154	1.13908
143	157	0.794414
143	158	0.765464
143	159	1.16328
143	162	1.17367
143	165	1.15957
143	166	1.14332
143	168	1.14631
143	171	1.17024
143	172	1.13641
143	175	1.33186
143	176	1.29293
143	177	1.14651
143	178	0.688484
143	179	1.14276
143	180	0.654694
144	9	0.737235
144	25	1.07788
144	57	0.790363
144	72	0.747656
144	80	1.13693
144	92	0.875799
144	93	0.810262
144	100	1.12578
144	107	1.08666
144	125	0.779969
144	137	1.13024
144	138	0.748437
144	142	0.762948
144	146	1.09604
144	151	1.11745
144	152	0.78548
144	153	1.14571
144	156	1.10747
144	157	0.819162
144	159	1.14783
144	165	1.14412
144	167	1.12506
144	168	1.13086
144	170	0.784411
144	171	1.15479
144	172	1.12095
144	174	0.651581
144	175	1.3164
144	176	1.27747
144	177	1.13105
144	179	1.12731
145	12	1.15718
145	13	0.961421
145	23	1.11922
145	33	1.08811
145	42	0.736114
145	47	1.05748
145	64	1.08226
145	82	1.11467
145	90	1.11072
145	91	1.11368
145	111	1.15868
145	116	0.724884
145	118	1.12341
145	122	1.16918
145	130	1.15939
145	132	1.12871
