1	72	1.68297
1	88	0.694842
1	90	0.744429
1	104	0.714129
1	107	0.709061
1	110	0.750165
1	113	0.749428
1	139	2.38562
1	157	0.688306
1	168	0.747355
1	174	0.71395
1	180	0.688916
2	70	0.696277
2	75	0.693138
2	76	0.745373
2	88	0.685589
2	93	0.725929
2	94	0.720612
2	102	0.750629
2	107	0.699808
2	110	0.740912
2	112	0.741504
2	124	3.05412
2	175	2.50453
3	18	0.694427
3	37	0.671894
3	40	0.761221
3	43	0.726522
3	48	0.741638
3	152	0.690706
3	159	0.693931
3	161	0.73305
3	164	2.9916
3	166	2.51661
3	169	0.73915
3	172	0.745963
4	20	0.676641
4	32	0.732169
4	42	0.71628
4	66	0.75615
4	74	0.734707
4	77	0.73311
4	92	0.718001
4	134	3.08101
4	161	0.720892
4	165	2.44225
4	166	0.68768
4	170	0.72262
5	24	0.740675
5	44	0.717046
5	90	0.726681
5	97	0.703507
5	100	0.741011
5	104	0.696381
5	106	0.741016
5	113	0.731679
5	168	0.729607
5	173	0.672231
5	176	2.24609
5	180	3.26301
6	46	2.15397
6	84	0.716414
6	119	2.03043
6	126	0.757881
6	144	0.750485
6	151	0.696767
6	165	0.731576
6	171	0.732309
6	175	0.713954
6	177	0.707836
6	179	0.701612
6	180	0.691155
7	11	0.692198
7	12	0.695863
7	13	0.697061
7	36	0.744483
7	47	0.730606
7	51	0.729588
7	55	0.71835
7	64	0.768341
7	153	0.71266
7	162	0.709666
7	169	2.45448
7	175	3.09507
8	53	1.47768
8	54	0.796919
8	56	2.85798
8	80	0.781897
8	111	0.834109
8	162	1.48071
8	166	0.788246
8	170	0.823186
8	172	0.834372
8	173	0.769287
8	176	0.787756
8	177	0.784905
9	68	0.77249
9	71	3.31153
9	73	0.710208
9	80	0.696206
9	111	0.748417
9	161	2.18324
9	166	0.702555
9	170	0.737494
9	172	0.74868
9	173	0.683595
9	176	0.702065
9	177	0.699213
10	26	0.829601
10	34	0.747658
10	58	0.788884
10	63	0.838926
10	69	0.83895
10	137	4.22074
10	149	0.808385
10	150	0.743849
10	168	0.820188
10	175	0.543836
10	176	0.781282
10	179	1.18229
11	7	0.692198
11	21	0.682743
11	36	0.744834
11	47	0.730956
11	51	0.729939
11	55	0.718701
11	59	1.59471
11	64	0.768691
11	134	0.708701
11	153	0.71301
11	162	0.710016
11	180	3.89362
12	7	0.695863
12	13	0.701076
12	15	0.696937
12	47	0.734622
12	51	0.733604
12	55	0.722366
12	64	0.772356
12	115	2.51338
12	134	0.712366
12	142	2.98417
12	153	0.716675
12	162	0.713682
13	7	0.697061
13	12	0.701076
13	15	0.698134
13	21	0.687606
13	36	0.749696
13	47	0.735819
13	55	0.723563
13	64	0.773554
13	153	0.717873
13	162	0.714879
13	163	2.72148
13	176	2.77593
14	44	0.721221
14	57	0.703119
14	90	0.730855
14	97	0.707682
14	100	0.745185
14	104	0.700555
14	106	0.745191
14	113	0.735854
14	154	2.60467
14	158	2.89874
14	168	0.733781
14	173	0.676406
15	12	0.696937
15	13	0.698134
15	21	0.683466
15	36	0.745557
15	47	0.731679
15	51	0.730662
15	55	0.719423
15	59	2.40694
15	64	0.769414
15	123	3.07096
15	153	0.713733
15	162	0.710739
16	60	0.756404
16	75	0.68984
16	88	0.682291
16	93	0.722631
16	94	0.717313
16	102	0.747331
16	107	0.696509
16	110	0.737613
16	112	0.738206
16	143	2.74925
16	163	0.711855
16	169	2.77466
17	57	0.783266
17	90	0.811003
17	97	0.78783
17	100	0.825333
17	104	0.780703
17	105	1.99335
17	106	0.825339
17	113	0.816001
17	168	0.813929
17	173	0.756554
17	177	1.59577
17	179	2.31129
18	3	0.694427
18	37	0.671955
18	40	0.761281
18	43	0.726583
18	48	0.741699
18	152	0.690766
18	159	0.693991
18	160	2.61553
18	161	0.73311
18	166	2.88145
18	169	0.73921
18	172	0.746024
19	26	0.829601
19	34	0.747658
19	58	0.788884
19	63	0.838926
19	69	0.83895
19	124	2.37501
19	147	1.95492
19	149	0.808385
19	150	0.743849
19	168	0.820188
19	174	1.54869
19	176	0.781282
20	4	0.676641
20	32	0.738759
20	66	0.762739
20	67	0.700575
20	74	0.741296
20	92	0.72459
20	109	2.6888
20	137	0.624823
20	149	0.720882
20	152	0.685137
20	166	0.694269
20	170	0.729209
20	177	3.2514
21	11	0.682743
21	13	0.687606
21	15	0.683466
21	36	0.735028
21	47	0.721151
21	51	0.720134
21	55	0.708895
21	64	0.758886
21	85	3.10762
21	134	0.698895
21	153	0.703205
21	162	0.700211
21	166	2.81534
22	25	0.662522
22	38	0.655633
22	62	0.746914
22	65	0.684471
22	72	0.746979
22	82	0.794117
22	86	0.730681
22	153	0.699607
22	159	0.679619
22	160	2.42324
22	162	0.696613
22	163	0.700992
22	173	3.47967
23	46	0.724407
23	68	0.76004
23	73	0.697759
23	80	0.683756
23	111	0.735967
23	130	2.99782
23	166	0.690105
23	170	0.725045
23	172	0.736231
23	173	0.671145
23	176	0.689615
23	177	0.686764
23	180	2.91858
24	5	0.740675
24	27	0.808233
24	90	0.790282
24	97	0.767109
24	100	0.804613
24	104	0.759982
24	106	0.804618
24	108	1.41046
24	113	0.795281
24	168	0.793208
24	171	1.95931
24	173	0.735833
24	180	2.89235
25	22	0.662522
25	38	0.652413
25	62	0.743694
25	65	0.681251
25	72	0.743759
25	82	0.790898
25	86	0.727462
25	149	0.708918
25	153	0.696387
25	157	3.01208
25	162	0.693393
25	163	0.697772
25	175	2.91371
26	10	0.829601
26	19	0.829601
26	34	0.719023
26	58	0.760249
26	63	0.810292
26	69	0.810315
26	146	1.83085
26	149	0.77975
26	150	0.715214
26	159	1.82136
26	168	0.791553
26	176	0.752647
26	180	2.60657
27	24	0.808233
27	29	0.736755
27	57	0.766502
27	97	0.771066
27	100	0.808569
27	104	0.763939
27	106	0.808575
27	113	0.799237
27	120	2.38123
27	123	1.4426
27	168	0.797165
27	173	0.739789
27	177	2.47177
28	50	0.776342
28	70	0.754519
28	75	0.75138
28	79	0.799135
28	94	0.778854
28	102	0.808871
28	107	0.75805
28	110	0.799154
28	112	0.799746
28	158	1.9927
28	163	0.773395
28	169	1.86451
28	177	2.42803
29	27	0.736755
29	57	0.691067
29	90	0.718804
29	97	0.69563
29	100	0.733134
29	104	0.688504
29	106	0.733139
29	113	0.723802
29	134	0.693086
29	146	2.8743
29	168	0.721729
29	173	0.664354
29	178	3.04547
30	50	2.48058
30	101	0.752168
30	142	0.685483
30	148	0.721776
30	160	0.720159
30	163	0.700863
30	166	0.685397
30	167	0.702789
30	170	2.40891
30	171	0.706527
30	175	0.688172
30	178	0.695899
30	179	0.675831
30	180	0.665373
31	99	0.746883
31	119	0.762799
31	120	2.11788
31	127	0.738188
31	129	0.764704
31	133	0.773663
31	135	2.12042
31	138	0.759472
31	141	0.78073
31	145	0.774133
31	169	0.782102
31	170	0.77773
31	173	2.46052
31	177	0.739449
32	4	0.732169
32	20	0.738759
32	42	0.778398
32	66	0.818267
32	67	0.756103
32	74	0.796825
32	92	0.780119
32	125	2.13595
32	137	0.680351
32	140	1.73892
32	157	2.77152
32	161	0.78301
32	166	0.749798
32	170	0.784737
33	91	0.763333
33	118	0.767387
33	119	0.7635
33	127	0.738889
33	138	0.760173
33	139	0.784585
33	141	0.781431
33	145	0.774834
33	150	0.705567
33	168	0.781907
33	170	0.778431
33	171	1.90299
33	173	2.48241
33	175	2.30737
34	10	0.747658
34	19	0.747658
34	26	0.719023
34	58	0.678306
34	63	0.728348
34	69	0.728372
34	105	0.652381
34	109	0.686348
34	149	0.697807
34	150	0.633271
34	157	3.37946
34	162	2.92153
34	168	0.70961
34	176	0.670704
35	91	1.50077
35	111	1.25465
35	117	1.81483
35	123	0.796165
35	136	0.757689
35	151	0.751628
35	156	0.712527
35	160	0.800802
35	164	0.762539
35	174	0.771049
35	175	0.768815
35	178	0.776541
35	179	0.756473
35	180	0.746016
36	7	0.744483
36	11	0.744834
36	13	0.749696
36	15	0.745557
36	21	0.735028
36	47	0.783242
36	51	0.782224
36	55	0.770986
36	64	0.820976
36	132	3.15491
36	134	0.760986
36	143	1.66923
36	158	1.82283
36	162	0.762302
37	3	0.671894
37	18	0.671955
37	40	0.738748
37	43	0.70405
37	48	0.719166
37	103	0.696478
37	128	0.707115
37	140	2.70223
37	152	0.668233
37	159	0.671458
37	161	0.710577
37	169	0.716677
37	172	0.72349
37	175	3.63646
38	22	0.655633
38	25	0.652413
38	62	0.736805
38	65	0.674362
38	72	0.73687
38	82	0.784009
38	86	0.720573
38	149	0.702029
38	151	3.23512
38	153	0.689498
38	159	0.66951
38	162	0.686504
38	163	0.690883
38	178	3.0862
39	58	2.37532
39	61	2.53681
39	120	0.744053
39	132	0.671131
39	146	0.701349
39	156	0.646382
39	162	0.710983
39	167	0.717287
39	171	0.721025
39	174	0.704905
39	175	0.70267
39	178	0.710397
39	179	0.690329
39	180	0.679871
40	3	0.761221
40	18	0.761281
40	37	0.738748
40	43	0.793376
40	48	0.808492
40	151	2.47662
40	152	0.75756
40	155	1.87534
40	159	0.760785
40	161	0.799904
40	169	0.806004
40	172	0.812817
40	176	1.91533
41	72	2.11526
41	108	0.744082
41	122	0.671678
41	147	0.698657
41	157	0.675053
41	158	0.714708
41	165	0.716084
41	167	0.713079
41	168	2.76706
41	174	0.700697
41	175	0.698462
41	178	0.706189
41	179	0.686121
41	180	0.675663
42	4	0.71628
42	32	0.778398
42	52	0.763302
42	66	0.802378
42	67	0.740214
42	74	0.780935
42	85	2.0682
42	92	0.764229
42	124	0.717991
42	137	0.664462
42	150	2.71101
42	161	0.76712
42	166	0.733908
42	170	0.768848
42	177	2.31431
43	3	0.726522
43	18	0.726583
43	37	0.70405
43	40	0.793376
43	48	0.773793
43	103	0.751106
43	128	0.761743
43	152	0.722861
43	159	0.726086
43	161	0.765205
43	164	2.11738
43	169	0.771305
43	172	0.778118
43	177	2.18079
43	180	2.78651
44	5	0.717046
44	14	0.721221
44	57	0.738917
44	90	0.766654
44	97	0.74348
44	100	0.780984
44	104	0.736354
44	106	0.780989
44	113	0.771652
44	128	0.760914
44	137	5.30912
44	154	0.825752
44	168	0.769579
44	169	0.991627
44	173	0.712204
45	46	0.766168
45	54	0.740539
45	68	0.801801
45	73	0.73952
45	80	0.725517
45	111	0.777729
45	146	2.49121
45	163	2.19556
45	166	0.731866
45	167	2.37567
45	170	0.766806
45	172	0.777992
45	173	0.712907
45	176	0.731376
45	177	0.728525
46	6	2.15397
46	23	0.724407
46	45	0.766168
46	54	0.748283
46	73	0.747264
46	77	1.8207
46	80	0.733261
46	111	0.785473
46	159	2.67482
46	166	0.73961
46	170	0.77455
46	172	0.785736
46	173	0.720651
46	176	0.73912
46	177	0.736269
47	7	0.730606
47	11	0.730956
47	12	0.734622
47	13	0.735819
47	15	0.731679
47	21	0.721151
47	36	0.783242
47	51	0.768347
47	55	0.757108
47	64	0.807099
47	84	2.41891
47	142	2.41951
47	153	0.751418
47	162	0.748424
47	165	2.19434
48	3	0.741638
48	18	0.741699
48	37	0.719166
48	40	0.808492
48	43	0.773793
48	53	2.46941
48	114	1.82759
48	128	0.776859
48	152	0.737977
48	158	2.3196
48	159	0.741202
48	161	0.780321
48	169	0.786421
48	172	0.793234
49	95	0.732475
49	132	0.658643
49	136	0.679057
49	144	0.726714
49	149	2.60447
49	156	0.633895
49	160	0.72217
49	162	0.698495
49	167	0.704799
49	168	2.71171
49	171	0.708538
49	174	0.692417
49	178	0.697909
49	179	0.677841
49	180	0.667384
50	28	0.776342
50	30	2.48058
50	75	0.717173
50	76	0.769408
50	79	0.764929
50	88	0.709625
50	93	0.749965
50	94	0.744647
50	102	0.774664
50	107	0.723843
50	110	0.764947
50	112	0.765539
50	163	0.739188
50	167	2.07045
50	174	2.15632
51	7	0.729588
51	11	0.729939
51	12	0.733604
51	15	0.730662
51	21	0.720134
51	36	0.782224
51	47	0.768347
51	55	0.756091
51	64	0.806082
51	126	2.11422
51	134	0.746091
51	153	0.750401
51	162	0.747407
51	169	2.36142
51	171	2.59763
52	42	0.763302
52	66	0.803172
52	67	0.741008
52	74	0.781729
52	89	0.769413
52	92	0.765023
52	98	2.09808
52	124	0.718785
52	136	2.48624
52	137	0.665256
52	149	0.761315
52	152	0.72557
52	166	0.734702
52	170	0.769642
52	176	2.42121
53	8	1.47768
53	48	2.46941
53	128	2.09216
53	130	0.705513
53	132	0.702282
53	140	0.777935
53	144	0.770353
53	147	0.734016
53	154	0.774979
53	157	0.710413
53	160	0.765809
53	167	0.748438
53	174	0.736056
53	178	0.741548
53	179	0.72148
53	180	0.711023
54	8	0.796919
54	45	0.740539
54	46	0.748283
54	68	0.783916
54	73	0.721634
54	80	0.707631
54	111	0.759843
54	142	2.62288
54	160	2.15026
54	166	0.713981
54	167	2.66905
54	170	0.74892
54	172	0.760106
54	173	0.695021
54	176	0.713491
54	177	0.710639
55	7	0.71835
55	11	0.718701
55	12	0.722366
55	13	0.723563
55	15	0.719423
55	21	0.708895
55	36	0.770986
55	47	0.757108
55	51	0.756091
55	64	0.794843
55	125	2.42423
55	134	0.734853
55	153	0.739162
55	154	2.15496
55	162	0.736169
55	177	2.88436
56	8	2.85798
56	114	0.739435
56	122	0.662536
56	135	0.704921
56	137	0.617098
56	149	3.20544
56	154	0.730478
56	156	0.633032
56	157	0.665912
56	160	0.721308
56	167	0.703937
56	174	0.691555
56	175	0.689321
56	178	0.697047
56	179	0.676979
56	180	0.666522
57	14	0.703119
57	17	0.783266
57	27	0.766502
57	29	0.691067
57	44	0.738917
57	90	0.748551
57	97	0.725378
57	100	0.762882
57	104	0.718252
57	106	0.762887
57	113	0.75355
57	143	2.30583
57	146	2.72477
57	163	2.42912
57	168	0.751477
57	173	0.694102
58	10	0.788884
58	19	0.788884
58	26	0.760249
58	34	0.678306
58	39	2.37532
58	63	0.769575
58	69	0.769598
58	89	0.747131
58	105	0.693608
58	109	0.727574
58	131	2.65878
58	149	0.739033
58	150	0.674497
58	158	2.05827
58	168	0.750836
58	176	0.71193
59	11	1.59471
59	15	2.40694
59	111	1.06481
59	131	0.78856
59	135	0.809199
59	136	0.782473
59	144	0.83013
59	148	0.827202
59	165	0.811221
59	167	0.808215
59	172	0.643577
59	174	0.795833
59	175	0.793599
59	178	0.801325
59	179	0.781257
59	180	0.7708
60	16	0.756404
60	70	0.761914
60	75	0.758775
60	76	0.811011
60	79	0.806531
60	88	0.751227
60	93	0.791567
60	94	0.786249
60	102	0.816266
60	107	0.765445
60	110	0.806549
60	112	0.807142
60	147	2.33039
60	155	1.67265
60	163	0.780791
60	167	1.83829
60	173	2.37593
61	39	2.53681
61	78	0.759376
61	116	0.733193
61	117	0.698613
61	118	0.728758
61	119	0.724871
61	127	0.70026
61	129	0.726776
61	133	0.735735
61	138	0.721544
61	139	0.745956
61	141	0.742803
61	143	2.06616
61	145	0.736205
61	168	0.743278
61	173	2.9072
61	177	0.701521
62	22	0.746914
62	25	0.743694
62	38	0.736805
62	65	0.765642
62	72	0.82815
62	82	0.875289
62	86	0.811853
62	120	1.42563
62	128	0.796447
62	137	5.27014
62	140	0.659008
62	149	0.793309
62	153	0.780778
62	159	0.76079
62	162	0.777785
62	163	0.782163
62	169	0.952647
63	10	0.838926
63	19	0.838926
63	26	0.810292
63	34	0.728348
63	58	0.769575
63	69	0.81964
63	84	2.39878
63	89	0.797174
63	101	1.3515
63	105	0.74365
63	109	0.777616
63	136	2.3849
63	144	2.00028
63	149	0.789075
63	150	0.724539
63	168	0.800878
63	176	0.761973
64	7	0.768341
64	11	0.768691
64	12	0.772356
64	13	0.773554
64	15	0.769414
64	21	0.758886
64	36	0.820976
64	47	0.807099
64	51	0.806082
64	55	0.794843
64	134	0.784843
64	148	1.51142
64	152	2.69598
64	153	0.789153
64	162	0.786159
64	171	1.84858
64	178	2.17707
65	22	0.684471
65	25	0.681251
65	38	0.674362
65	62	0.765642
65	72	0.765707
65	77	0.749684
65	82	0.812846
65	86	0.74941
65	123	2.30553
65	128	0.734004
65	149	0.730866
65	153	0.718335
65	159	0.698347
65	162	0.715342
65	163	0.71972
65	166	2.7963
65	169	2.77118
66	4	0.75615
66	20	0.762739
66	32	0.818267
66	42	0.802378
66	52	0.803172
66	67	0.780084
66	74	0.820805
66	92	0.804099
66	137	0.704331
66	149	0.800391
66	152	0.764646
66	154	1.77695
66	159	2.32686
66	166	0.773778
66	169	1.94282
66	170	0.808718
66	171	2.17903
67	20	0.700575
67	32	0.756103
67	42	0.740214
67	52	0.741008
67	66	0.780084
67	74	0.758641
67	92	0.741935
67	101	2.01556
67	124	0.695697
67	126	2.58441
67	137	0.642167
67	149	0.738227
67	152	0.702482
67	159	3.21564
67	161	0.744826
67	166	0.711614
67	170	0.746554
68	9	0.77249
68	23	0.76004
68	45	0.801801
68	54	0.783916
68	73	0.782897
68	80	0.768894
68	111	0.821106
68	124	2.22996
68	152	2.12339
68	166	0.775243
68	170	0.810183
68	172	0.821369
68	173	0.756284
68	176	0.774753
68	177	0.771902
68	178	1.60448
68	179	2.31882
69	10	0.83895
69	19	0.83895
69	26	0.810315
69	34	0.728372
69	58	0.769598
69	63	0.81964
69	89	0.797197
69	105	0.743673
69	109	0.77764
69	134	2.05735
69	149	0.789099
69	150	0.724562
69	164	1.91205
69	167	1.68992
69	168	0.800902
69	176	0.761996
69	180	2.58118
70	2	0.696277
70	28	0.754519
70	60	0.761914
70	75	0.69535
70	76	0.747585
70	79	0.743105
70	88	0.687802
70	93	0.728141
70	94	0.722824
70	102	0.752841
70	103	0.721012
70	107	0.70202
70	110	0.743124
70	112	0.743716
70	154	1.99667
70	162	2.44358
70	179	3.44159
71	9	3.31153
71	109	0.686857
71	142	0.67179
71	147	0.674674
71	148	0.708083
71	153	3.12704
71	155	0.719071
71	157	0.65107
71	164	0.668204
71	165	0.692101
71	167	0.689096
71	171	0.692834
71	174	0.676714
71	175	0.674479
71	178	0.682206
71	179	0.662138
71	180	0.65168
72	1	1.68297
72	22	0.746979
72	25	0.743759
72	38	0.73687
72	41	2.11526
72	62	0.82815
72	65	0.765707
72	82	0.875354
72	86	0.811918
72	128	0.796512
72	134	1.64799
72	149	0.793375
72	152	2.08619
72	153	0.780844
72	159	0.760855
72	162	0.77785
72	163	0.782229
73	9	0.710208
73	23	0.697759
73	45	0.73952
73	46	0.747264
73	54	0.721634
73	68	0.782897
73	80	0.706613
73	111	0.758824
73	155	1.66216
73	156	4.39008
73	162	1.83086
73	166	0.712962
73	170	0.747902
73	172	0.759087
73	173	0.694002
73	176	0.712472
73	177	0.70962
74	4	0.734707
74	20	0.741296
74	32	0.796825
74	42	0.780935
74	52	0.781729
74	66	0.820805
74	67	0.758641
74	77	0.797766
74	85	2.02418
74	92	0.782656
74	109	1.7077
74	124	0.736418
74	142	1.9386
74	152	0.743203
74	161	0.785547
74	166	0.752335
74	170	0.787275
74	179	2.98582
75	2	0.693138
75	16	0.68984
75	28	0.75138
75	50	0.717173
75	60	0.758775
75	70	0.69535
75	76	0.744447
75	79	0.739967
75	85	0.697208
75	88	0.684663
75	93	0.725003
75	102	0.749702
75	107	0.698881
75	112	0.740578
75	140	2.47114
75	148	2.66383
75	163	0.714227
75	174	3.12864
76	2	0.745373
76	50	0.769408
76	60	0.811011
76	70	0.747585
76	75	0.744447
76	79	0.792202
76	88	0.736898
76	93	0.777238
76	94	0.77192
76	102	0.801938
76	107	0.751117
76	110	0.79222
76	112	0.792813
76	126	1.37445
76	131	2.35035
76	152	2.70526
76	163	0.766462
76	178	2.18635
77	4	0.73311
77	46	1.8207
77	65	0.749684
77	74	0.797766
77	81	1.4976
77	82	0.859331
77	86	0.795895
77	101	0.81751
77	119	1.69716
77	136	0.742389
77	162	0.761827
77	163	0.766205
77	166	0.750739
77	167	0.768131
77	168	1.18429
77	170	0.785678
77	179	0.741173
77	180	0.730715
78	61	0.759376
78	83	0.797936
78	96	0.76936
78	99	0.763914
78	117	0.753572
78	118	0.783717
78	121	0.782585
78	126	1.36906
78	129	0.781735
78	132	3.07653
78	133	0.790694
78	137	0.690375
78	138	0.776503
78	139	0.800915
78	145	0.791164
78	174	1.98012
78	177	0.75648
78	178	2.18096
79	28	0.799135
79	50	0.764929
79	60	0.806531
79	70	0.743105
79	75	0.739967
79	76	0.792202
79	88	0.732418
79	93	0.772758
79	94	0.767441
79	102	0.797458
79	107	0.746637
79	110	0.787741
79	112	0.788333
79	135	1.88835
79	147	2.18291
79	163	0.761982
79	178	1.97753
79	180	2.58207
80	8	0.781897
80	9	0.696206
80	23	0.683756
80	45	0.725517
80	46	0.733261
80	54	0.707631
80	68	0.768894
80	73	0.706613
80	111	0.744821
80	150	3.29843
80	162	2.61925
80	165	2.34487
80	166	0.698959
80	170	0.733899
80	172	0.745085
80	173	0.679999
80	176	0.698469
80	177	0.695618
81	77	1.4976
81	83	0.791731
81	87	0.791343
81	116	0.781946
81	117	0.747366
81	118	0.777512
81	125	2.07108
81	127	0.749014
81	131	2.69638
81	133	0.784489
81	137	0.684169
81	138	0.770298
81	139	0.79471
81	141	0.791556
81	145	0.784959
81	165	1.97434
81	172	0.799741
81	177	0.750274
82	22	0.794117
82	25	0.790898
82	38	0.784009
82	62	0.875289
82	65	0.812846
82	72	0.875354
82	77	0.859331
82	86	0.859057
82	115	1.31178
82	124	2.74092
82	128	0.843651
82	135	2.02626
82	144	1.38347
82	149	0.840513
82	153	0.827982
82	159	0.807994
82	163	0.829367
82	169	1.55074
83	78	0.797936
83	81	0.791731
83	87	0.78115
83	96	0.752962
83	117	0.737174
83	118	0.767319
83	121	0.766187
83	133	0.774296
83	138	0.760105
83	139	0.784517
83	141	0.781363
83	145	0.774766
83	155	1.50774
83	156	4.23566
83	161	1.387
83	163	1.49328
83	172	0.789549
83	177	0.740082
84	6	0.716414
84	47	2.41891
84	63	2.39878
84	108	0.75894
84	110	2.02946
84	120	0.754703
84	130	0.685011
84	131	0.708282
84	148	0.746924
84	158	0.729566
84	164	0.707045
84	165	0.730942
84	171	0.731675
84	174	0.715555
84	175	0.71332
84	176	0.710054
84	179	0.700979
84	180	0.690521
85	21	3.10762
85	42	2.0682
85	74	2.02418
85	75	0.697208
85	93	0.73
85	107	0.703878
85	110	0.744982
85	112	0.745574
85	138	0.720438
85	139	0.74485
85	141	0.741697
85	145	0.735099
85	157	0.683123
85	169	0.743069
85	171	0.724887
85	174	0.708767
85	179	0.694191
85	180	0.683733
86	22	0.730681
86	25	0.727462
86	38	0.720573
86	62	0.811853
86	65	0.74941
86	72	0.811918
86	77	0.795895
86	82	0.859057
86	109	2.034
86	128	0.780215
86	148	1.93212
86	149	0.777077
86	153	0.764546
86	159	0.744558
86	162	0.761553
86	163	0.765931
86	169	2.03307
86	175	2.67366
87	81	0.791343
87	83	0.78115
87	91	0.762877
87	99	0.747128
87	118	0.766931
87	121	0.765799
87	127	0.738433
87	129	0.764949
87	130	2.71701
87	133	0.773908
87	139	0.784129
87	141	0.780975
87	145	0.774378
87	161	1.46012
87	170	0.777975
87	171	1.70472
87	172	0.789161
87	179	2.74756
88	1	0.694842
88	2	0.685589
88	16	0.682291
88	50	0.709625
88	60	0.751227
88	70	0.687802
88	75	0.684663
88	76	0.736898
88	79	0.732418
88	93	0.717454
88	94	0.712137
88	101	1.96312
88	102	0.742154
88	107	0.691333
88	110	0.732437
88	112	0.733029
88	150	3.7394
88	163	0.706678
88	176	2.93151
89	52	0.769413
89	58	0.747131
89	63	0.797174
89	69	0.797197
89	92	0.77034
89	103	1.09407
89	108	0.788415
89	139	1.56158
89	152	0.730887
89	153	1.86349
89	163	0.755486
89	166	0.740019
89	168	0.778435
89	170	0.774959
89	171	0.76115
89	172	1.62959
89	176	0.739529
89	179	0.730454
89	180	0.719996
90	1	0.744429
90	5	0.726681
90	14	0.730855
90	17	0.811003
90	24	0.790282
90	29	0.718804
90	44	0.766654
90	57	0.748551
90	95	1.98822
90	97	0.753115
90	100	0.790618
90	104	0.745988
90	106	0.790624
90	108	2.00238
90	113	0.781286
90	161	2.30662
90	168	0.779214
90	173	0.721839
90	174	2.67887
91	33	0.763333
91	35	1.50077
91	87	0.762877
91	96	0.734689
91	99	0.729243
91	116	0.75348
91	117	0.7189
91	119	0.745159
91	127	0.720548
91	129	0.747064
91	138	0.741832
91	139	0.766244
91	141	0.76309
91	145	0.756493
91	161	2.43221
91	165	2.44726
91	169	0.764462
91	170	0.76009
91	171	2.67681
91	172	0.771276
92	4	0.718001
92	20	0.72459
92	32	0.780119
92	42	0.764229
92	52	0.765023
92	66	0.804099
92	67	0.741935
92	74	0.782656
92	89	0.77034
92	124	0.719712
92	137	0.666183
92	149	0.762242
92	152	0.726497
92	158	2.09291
92	161	0.768841
92	164	2.46484
92	166	0.735629
92	170	0.770569
92	174	2.32858
92	178	2.52942
93	2	0.725929
93	16	0.722631
93	50	0.749965
93	60	0.791567
93	70	0.728141
93	75	0.725003
93	76	0.777238
93	79	0.772758
93	85	0.73
93	88	0.717454
93	94	0.752477
93	102	0.782494
93	107	0.731673
93	110	0.772777
93	112	0.773369
93	134	2.64261
93	140	1.70356
93	146	2.39073
93	151	2.71082
93	163	0.747018
94	2	0.720612
94	16	0.717313
94	28	0.778854
94	50	0.744647
94	60	0.786249
94	70	0.722824
94	76	0.77192
94	79	0.767441
94	88	0.712137
94	93	0.752477
94	102	0.777176
94	103	0.745347
94	107	0.726355
94	110	0.767459
94	112	0.768051
94	130	3.31287
94	148	1.96342
94	163	0.7417
94	166	2.0895
94	169	2.06438
95	49	0.732475
95	90	1.98822
95	109	0.76553
95	112	1.69741
95	119	1.84045
95	132	0.721613
95	142	0.750463
95	151	0.735965
95	157	0.729743
95	162	0.761464
95	164	0.746877
95	165	0.770774
95	167	0.767769
95	171	0.771507
95	172	1.44645
95	174	0.755387
95	175	0.753152
95	177	0.747035
95	178	0.760879
95	180	0.730353
96	78	0.76936
96	83	0.752962
96	91	0.734689
96	98	2.14302
96	116	0.743177
96	118	0.738743
96	121	0.737611
96	127	0.710244
96	129	0.73676
96	133	0.74572
96	138	0.731529
96	139	0.755941
96	141	0.752787
96	144	2.14656
96	145	0.74619
96	153	0.728929
96	164	2.81394
96	169	0.754159
96	170	0.749787
96	174	2.67769
96	177	0.711505
97	5	0.703507
97	14	0.707682
97	17	0.78783
97	24	0.767109
97	27	0.771066
97	29	0.69563
97	44	0.74348
97	57	0.725378
97	90	0.753115
97	100	0.767445
97	104	0.722815
97	106	0.76745
97	113	0.758113
97	128	0.747375
97	134	0.727397
97	162	2.52695
97	166	2.27103
97	168	0.75604
97	173	0.698665
97	174	2.60977
97	176	2.39824
98	52	2.09808
98	96	2.14302
98	107	2.32147
98	114	0.77539
98	115	0.764338
98	132	0.693737
98	142	0.722586
98	146	0.723954
98	150	0.684576
98	154	0.766434
98	159	0.716593
98	160	0.757263
98	162	0.733588
98	165	0.742898
98	167	0.739892
98	169	0.761812
98	170	1.54999
98	171	0.743631
98	175	0.725276
98	178	0.733002
98	179	0.712934
98	180	0.702477
99	31	0.746883
99	78	0.763914
99	87	0.747128
99	91	0.729243
99	116	0.737732
99	117	0.703152
99	118	0.733297
99	121	0.732166
99	124	0.693484
99	127	0.704799
99	129	0.731315
99	133	0.740274
99	138	0.726083
99	139	0.750495
99	141	0.747342
99	145	0.740744
99	151	2.78137
99	153	0.723483
99	159	2.45178
99	166	2.09287
99	168	0.747817
99	173	2.88337
100	5	0.741011
100	14	0.745185
100	17	0.825333
100	24	0.804613
100	27	0.808569
100	29	0.733134
100	44	0.780984
100	57	0.762882
100	90	0.790618
100	97	0.767445
100	104	0.760318
100	106	0.804954
100	113	0.795617
100	115	1.65228
100	128	0.784878
100	134	0.764901
100	162	2.17227
100	168	0.793544
100	173	0.736169
100	174	2.2551
100	176	2.04357
100	177	2.45476
101	30	0.752168
101	63	1.3515
101	67	2.01556
101	77	0.81751
101	88	1.96312
101	117	1.93861
101	120	0.816239
101	131	0.769817
101	136	0.76373
101	146	0.773534
101	151	0.757669
101	154	0.816014
101	156	0.718568
101	165	0.792478
101	167	0.789472
101	168	0.838321
101	171	0.793211
101	173	0.75312
101	174	0.77709
101	175	0.774856
101	178	0.782582
101	180	0.752057
102	2	0.750629
102	16	0.747331
102	28	0.808871
102	50	0.774664
102	60	0.816266
102	70	0.752841
102	75	0.749702
102	76	0.801938
102	79	0.797458
102	88	0.742154
102	93	0.782494
102	94	0.777176
102	103	0.775364
102	107	0.756372
102	110	0.797476
102	112	0.798069
102	150	2.39867
102	152	2.52207
102	163	0.771718
102	169	1.43846
102	173	2.25408
102	177	2.00198
103	37	0.696478
103	43	0.751106
103	70	0.721012
103	89	1.09407
103	94	0.745347
103	102	0.775364
103	107	0.724543
103	110	0.765647
103	111	0.770284
103	112	0.766239
103	120	1.7107
103	122	2.62154
103	156	4.07798
103	159	0.718515
103	161	0.757634
103	166	0.724421
103	169	0.763733
103	172	0.770547
103	173	0.705462
103	176	0.723931
103	177	0.72108
104	1	0.714129
104	5	0.696381
104	14	0.700555
104	17	0.780703
104	24	0.759982
104	27	0.763939
104	29	0.688504
104	44	0.736354
104	57	0.718252
104	90	0.745988
104	97	0.722815
104	100	0.760318
104	105	2.99953
104	106	0.760324
104	113	0.750986
104	128	0.740248
104	134	0.72027
104	135	2.51395
104	167	2.31641
104	168	0.748914
104	173	0.691539
104	174	2.40228
105	17	1.99335
105	34	0.652381
105	58	0.693608
105	63	0.74365
105	69	0.743673
105	104	2.99953
105	111	0.732358
105	138	3.05572
105	150	0.648572
105	155	0.733864
105	168	0.724911
105	170	0.721435
105	171	0.707626
105	172	0.732621
105	173	0.667536
105	175	0.689271
105	176	0.686006
105	177	0.683154
105	178	0.696998
105	179	0.67693
105	180	0.666472
106	5	0.741016
106	14	0.745191
106	17	0.825339
106	24	0.804618
106	27	0.808575
106	29	0.733139
106	44	0.780989
106	57	0.762887
106	90	0.790624
106	97	0.76745
106	100	0.804954
106	104	0.760324
106	113	0.795622
106	120	2.36456
106	128	0.784884
106	134	0.764906
106	154	1.72571
106	165	1.89823
106	167	2.16957
106	168	0.793549
106	173	0.736174
106	177	2.4551
107	1	0.709061
107	2	0.699808
107	16	0.696509
107	28	0.75805
107	50	0.723843
107	60	0.765445
107	70	0.70202
107	75	0.698881
107	76	0.751117
107	79	0.746637
107	85	0.703878
107	88	0.691333
107	93	0.731673
107	94	0.726355
107	98	2.32147
107	102	0.756372
107	103	0.724543
107	110	0.746655
107	112	0.747248
107	114	2.12845
107	144	2.325
107	150	3.45249
107	163	0.720896
108	24	1.41046
108	41	0.744082
108	84	0.75894
108	89	0.788415
108	90	2.00238
108	140	0.800592
108	141	1.65794
108	145	1.67086
108	151	0.739292
108	154	0.797637
108	155	0.801072
108	158	0.772725
108	160	0.788467
108	164	0.750204
108	165	0.774101
108	170	1.40815
108	171	0.774834
108	174	0.758714
108	175	0.756479
108	176	0.753214
108	178	0.764206
108	179	0.744138
108	180	0.73368
109	20	2.6888
109	34	0.686348
109	58	0.727574
109	63	0.777616
109	69	0.77764
109	71	0.686857
109	74	1.7077
109	86	2.034
109	95	0.76553
109	111	0.766324
109	153	2.00807
109	166	0.720462
109	167	0.737854
109	168	0.758878
109	171	0.741593
109	172	0.766587
109	173	0.701502
109	174	0.725472
109	175	0.723238
109	176	0.719972
109	177	0.71712
109	180	0.700439
110	1	0.750165
110	2	0.740912
110	16	0.737613
110	28	0.799154
110	50	0.764947
110	60	0.806549
110	70	0.743124
110	76	0.79222
110	79	0.787741
110	84	2.02946
110	85	0.744982
110	88	0.732437
110	93	0.772777
110	94	0.767459
110	102	0.797476
110	103	0.765647
110	107	0.746655
110	112	0.788351
110	151	2.51185
110	158	1.92642
110	161	1.78983
110	163	0.762
110	177	2.36175
111	8	0.834109
111	9	0.748417
111	23	0.735967
111	35	1.25465
111	45	0.777729
111	46	0.785473
111	54	0.759843
111	59	1.06481
111	68	0.821106
111	73	0.758824
111	80	0.744821
111	103	0.770284
111	105	0.732358
111	109	0.766324
111	122	3.5783
111	143	2.16907
111	161	2.18608
111	166	0.751171
111	170	0.78611
111	172	0.797296
111	173	0.732211
111	176	0.750681
111	177	0.747829
112	2	0.741504
112	16	0.738206
112	28	0.799746
112	50	0.765539
112	60	0.807142
112	70	0.743716
112	75	0.740578
112	76	0.792813
112	79	0.788333
112	85	0.745574
112	88	0.733029
112	93	0.773369
112	94	0.768051
112	95	1.69741
112	102	0.798069
112	103	0.766239
112	107	0.747248
112	110	0.788351
112	134	2.66962
112	163	0.762593
112	165	2.03086
112	166	2.04933
112	176	2.17654
113	1	0.749428
113	5	0.731679
113	14	0.735854
113	17	0.816001
113	24	0.795281
113	27	0.799237
113	29	0.723802
113	44	0.771652
113	57	0.75355
113	90	0.781286
113	97	0.758113
113	100	0.795617
113	104	0.750986
113	106	0.795622
113	115	1.5331
113	128	0.775547
113	134	0.755569
113	135	2.24759
113	165	1.77872
113	168	0.784212
113	173	0.726837
113	175	2.41265
113	179	3.05111
114	48	1.82759
114	56	0.739435
114	98	0.77539
114	107	2.12845
114	125	0.772242
114	131	0.755936
114	136	0.749849
114	144	0.797506
114	145	1.61967
114	147	0.761169
114	148	0.794578
114	149	1.18331
114	151	0.743787
114	155	0.805567
114	164	0.754699
114	165	0.778596
114	167	0.775591
114	171	0.779329
114	172	1.40942
114	175	0.760974
114	178	0.768701
114	179	0.748633
114	180	0.738175
115	12	2.51338
115	82	1.31178
115	98	0.764338
115	100	1.65228
115	113	1.5331
115	125	0.76119
115	127	2.24853
115	136	0.738797
115	140	0.794035
115	142	0.747233
115	147	0.750117
115	151	0.732735
115	154	0.79108
115	155	0.794515
115	157	0.726513
115	158	0.766168
115	160	0.78191
115	164	0.743647
115	165	0.767544
115	171	0.768277
115	175	0.749922
115	178	0.757649
115	179	0.737581
115	180	0.727123
116	61	0.733193
116	81	0.781946
116	91	0.75348
116	96	0.743177
116	99	0.737732
116	118	0.757534
116	119	0.753647
116	121	0.756403
116	127	0.729036
116	129	0.755552
116	131	2.29959
116	132	3.03116
116	133	0.764512
116	138	0.75032
116	139	0.774732
116	141	0.771579
116	145	0.764981
116	153	0.74772
116	159	1.95493
116	163	1.66878
116	168	0.772054
116	169	0.772951
116	172	0.779764
116	173	2.38652
117	35	1.81483
117	61	0.698613
117	78	0.753572
117	81	0.747366
117	83	0.737174
117	91	0.7189
117	99	0.703152
117	101	1.93861
117	118	0.722955
117	119	0.719067
117	121	0.721823
117	127	0.694456
117	129	0.720972
117	133	0.729932
117	137	0.629612
117	138	0.71574
117	139	0.740152
117	141	0.736999
117	145	0.730402
117	169	0.738371
117	171	2.99087
117	172	0.745184
117	173	3.57029
117	177	0.695717
118	33	0.767387
118	61	0.728758
118	78	0.783717
118	81	0.777512
118	83	0.767319
118	87	0.766931
118	96	0.738743
118	99	0.733297
118	116	0.757534
118	117	0.722955
118	119	0.749213
118	125	2.46374
118	127	0.724602
118	129	0.751118
118	133	0.760077
118	136	2.5777
118	137	0.659757
118	138	0.745886
118	139	0.770298
118	140	2.06671
118	141	0.767144
118	145	0.760547
118	158	2.48854
118	160	2.11955
118	168	0.76762
119	6	2.03043
119	31	0.762799
119	33	0.7635
119	61	0.724871
119	77	1.69716
119	91	0.745159
119	95	1.84045
119	116	0.753647
119	117	0.719067
119	118	0.749213
119	121	0.748081
119	127	0.720715
119	129	0.747231
119	133	0.75619
119	138	0.741999
119	139	0.766411
119	141	0.763257
119	145	0.75666
119	147	2.93733
119	166	2.19237
119	168	0.763733
119	169	0.764629
119	170	0.760257
119	172	0.771442
119	177	0.721975
120	27	2.38123
120	31	2.11788
120	39	0.744053
120	62	1.42563
120	84	0.754703
120	101	0.816239
120	103	1.7107
120	106	2.36456
120	123	0.779593
120	126	0.796171
120	130	0.723934
120	134	0.759239
120	136	0.741117
120	137	0.68002
120	151	0.735056
120	156	0.695955
120	157	0.728834
120	161	0.782679
120	164	0.745968
120	165	0.769865
120	171	0.770598
120	174	0.754477
120	175	0.752243
120	179	0.739901
120	180	0.729444
121	78	0.782585
121	83	0.766187
121	87	0.765799
121	96	0.737611
121	99	0.732166
121	116	0.756403
121	117	0.721823
121	119	0.748081
121	122	3.40017
121	127	0.72347
121	129	0.749986
121	133	0.758945
121	138	0.744754
121	139	0.769166
121	141	0.766012
121	145	0.759415
121	150	0.690149
121	160	1.77555
121	163	2.11423
121	167	2.29434
121	168	0.766488
121	170	0.763012
121	172	0.774198
121	176	2.16868
121	177	0.724731
122	41	0.671678
122	56	0.662536
122	103	2.62154
122	111	3.5783
122	121	3.40017
122	130	0.655767
122	132	0.652537
122	140	0.728189
122	142	0.681386
122	144	0.720607
122	146	0.682754
122	151	0.666889
122	154	0.725234
122	158	0.700321
122	163	0.696767
122	164	0.6778
122	166	0.6813
122	167	0.698692
122	171	0.702431
122	174	0.68631
122	175	0.684076
122	178	0.691802
122	179	0.671734
122	180	0.661277
123	15	3.07096
123	27	1.4426
123	35	0.796165
123	65	2.30553
123	120	0.779593
123	125	0.749478
123	130	0.709902
123	131	0.733172
123	132	0.706671
123	138	1.62897
123	139	1.23958
123	143	0.762194
123	146	0.736889
123	147	0.738405
123	148	0.771814
123	154	0.779368
123	156	0.681923
123	161	0.768647
123	164	0.731935
123	165	0.755833
123	174	0.740445
123	175	0.738211
123	177	0.732093
123	178	0.745937
123	179	0.725869
123	180	0.715412
124	2	3.05412
124	19	2.37501
124	42	0.717991
124	52	0.718785
124	67	0.695697
124	68	2.22996
124	74	0.736418
124	82	2.74092
124	92	0.719712
124	99	0.693484
124	138	0.706073
124	139	0.730485
124	141	0.727331
124	145	0.720734
124	149	0.716004
124	153	0.703473
124	154	0.733325
124	155	0.736759
124	157	0.668758
124	161	0.722603
124	170	0.724331
124	174	0.694401
124	177	0.686049
124	178	0.699893
124	179	0.679825
124	180	0.669368
125	32	2.13595
125	55	2.42423
125	81	2.07108
125	114	0.772242
125	115	0.76119
125	118	2.46374
125	123	0.749478
125	130	0.693819
125	135	0.737728
125	136	0.711002
125	143	0.746111
125	148	0.755731
125	152	0.71022
125	157	0.698719
125	158	0.738373
125	160	0.754115
125	163	0.734819
125	164	0.715852
125	165	0.73975
125	167	0.736744
125	168	1.75777
125	171	0.740483
125	174	0.724362
125	175	0.722128
125	176	0.718862
125	178	0.729854
125	179	0.709786
125	180	0.699329
126	6	0.757881
126	51	2.11422
126	67	2.58441
126	76	1.37445
126	78	1.36906
126	120	0.796171
126	131	0.749749
126	143	0.778771
126	144	0.791319
126	146	0.753466
126	147	0.754982
126	149	1.29993
126	153	1.75994
126	154	0.795945
126	155	0.79938
126	156	0.6985
126	158	0.771033
126	163	0.767479
126	164	0.748512
126	165	0.77241
126	166	0.752012
126	169	0.791324
126	171	0.773143
126	174	0.757022
126	175	0.754788
126	178	0.762514
126	179	0.742446
126	180	0.731989
127	31	0.738188
127	33	0.738889
127	61	0.70026
127	81	0.749014
127	87	0.738433
127	91	0.720548
127	96	0.710244
127	99	0.704799
127	115	2.24853
127	116	0.729036
127	117	0.694456
127	118	0.724602
127	119	0.720715
127	121	0.72347
127	129	0.722619
127	133	0.731579
127	136	2.70484
127	138	0.717388
127	139	0.7418
127	141	0.738646
127	142	2.71931
127	145	0.732049
127	150	0.662782
127	154	2.32161
127	164	2.9876
127	168	0.739122
127	169	0.740018
127	170	0.735646
127	172	0.746831
128	37	0.707115
128	43	0.761743
128	44	0.760914
128	48	0.776859
128	53	2.09216
128	62	0.796447
128	65	0.734004
128	72	0.796512
128	82	0.843651
128	86	0.780215
128	97	0.747375
128	100	0.784878
128	104	0.740248
128	106	0.784884
128	113	0.775547
128	134	0.744831
128	143	1.78874
128	144	1.64689
128	155	1.92649
128	159	0.729152
128	161	0.76827
128	162	0.746146
128	163	0.750525
128	169	0.77437
128	172	0.781184
128	173	0.716099
128	175	2.45474
128	179	3.0932
129	31	0.764704
129	61	0.726776
129	78	0.781735
129	87	0.764949
129	91	0.747064
129	96	0.73676
129	99	0.731315
129	116	0.755552
129	117	0.720972
129	118	0.751118
129	119	0.747231
129	121	0.749986
129	127	0.722619
129	133	0.758095
129	137	0.657775
129	138	0.743904
129	139	0.768316
129	141	0.765162
129	144	2.10281
129	145	0.758565
129	150	0.689298
129	153	0.741304
129	155	2.38242
129	161	2.26168
129	166	2.2952
129	168	0.765637
129	169	0.766534
129	170	0.762162
129	174	2.63394
129	177	0.72388
129	178	2.83478
130	23	2.99782
130	53	0.705513
130	84	0.685011
130	87	2.71701
130	94	3.31287
130	120	0.723934
130	122	0.655767
130	123	0.709902
130	125	0.693819
130	131	0.677513
130	134	0.689547
130	135	0.698151
130	136	0.671425
130	140	0.726664
130	142	0.679862
130	146	0.68123
130	148	0.716155
130	154	0.723709
130	155	0.727143
130	156	0.626263
130	157	0.659142
130	158	0.698796
130	162	0.690863
130	164	0.676276
130	166	0.679775
130	171	0.700906
130	172	3.02174
130	175	0.682551
130	178	0.690278
130	179	0.67021
130	180	0.659752
131	58	2.65878
131	59	0.78856
131	76	2.35035
131	81	2.69638
131	84	0.708282
131	101	0.769817
131	114	0.755936
131	116	2.29959
131	123	0.733172
131	126	0.749749
131	130	0.677513
131	136	0.694696
131	137	0.633599
131	139	2.43392
131	143	0.729805
131	146	0.7045
131	147	0.706016
131	148	0.739425
131	150	0.665122
131	151	0.688634
131	152	0.693914
131	156	0.649533
131	157	0.682412
131	158	0.722067
131	165	0.723443
131	167	0.720438
131	169	0.742358
131	171	0.724176
131	174	0.708056
131	178	0.713548
131	179	0.69348
131	180	0.683022
132	36	3.15491
132	39	0.671131
132	49	0.658643
132	53	0.702282
132	78	3.07653
132	95	0.721613
132	98	0.693737
132	116	3.03116
132	122	0.652537
132	123	0.706671
132	136	0.668195
132	140	0.723434
132	142	0.676631
132	143	0.703304
132	146	0.677999
132	147	0.679515
132	154	0.720479
132	155	0.723913
132	156	0.623033
132	158	0.695566
132	160	0.711308
132	164	0.673045
132	165	0.696943
132	167	0.693937
132	170	3.18106
132	171	0.697676
132	173	0.657585
132	174	0.681555
132	175	0.679321
132	178	0.687047
132	179	0.666979
132	180	0.656522
133	31	0.773663
133	61	0.735735
133	78	0.790694
133	81	0.784489
133	83	0.774296
133	87	0.773908
133	96	0.74572
133	99	0.740274
133	116	0.764512
133	117	0.729932
133	118	0.760077
133	119	0.75619
133	121	0.758945
133	127	0.731579
133	129	0.758095
133	134	1.90142
133	137	0.666735
133	138	0.752863
133	139	0.777275
133	141	0.774121
133	145	0.767524
133	150	0.698258
133	153	0.750263
133	156	4.09627
133	168	0.774597
133	169	0.775493
133	170	0.771121
133	171	1.49222
133	172	0.782307
133	175	1.8966
133	177	0.73284
133	178	1.82071
133	179	2.53505
133	180	2.42525
134	4	3.08101
134	11	0.708701
134	12	0.712366
134	21	0.698895
134	29	0.693086
134	36	0.760986
134	51	0.746091
134	55	0.734853
134	64	0.784843
134	69	2.05735
134	72	1.64799
134	93	2.64261
134	97	0.727397
134	100	0.764901
134	104	0.72027
134	106	0.764906
134	112	2.66962
134	113	0.755569
134	120	0.759239
134	128	0.744831
134	130	0.689547
134	133	1.90142
134	142	0.715167
134	150	0.677157
134	153	0.729162
134	156	0.661568
134	162	0.726169
134	164	0.711581
134	168	0.753496
134	173	0.696121
134	174	0.720091
134	175	0.717856
134	178	0.725583
134	179	0.705515
134	180	0.695057
135	31	2.12042
135	56	0.704921
135	59	0.809199
135	79	1.88835
135	82	2.02626
135	104	2.51395
135	113	2.24759
135	125	0.737728
135	130	0.698151
135	136	0.715334
135	137	0.654238
135	142	0.723771
135	143	0.750444
135	145	2.45902
135	146	0.725139
135	147	0.726654
135	148	0.760064
135	154	0.767618
135	155	0.771052
135	156	0.670172
135	157	0.703051
135	158	0.742705
135	160	0.758447
135	164	0.720185
135	165	0.744082
135	167	0.741076
135	171	0.744815
135	173	0.704725
135	174	0.728695
135	175	0.72646
135	177	0.720343
135	178	0.734187
135	179	0.714119
135	180	0.703661
136	35	0.757689
136	49	0.679057
136	52	2.48624
136	59	0.782473
136	63	2.3849
136	77	0.742389
136	101	0.76373
136	114	0.749849
136	115	0.738797
136	118	2.5777
136	120	0.741117
136	125	0.711002
136	127	2.70484
136	130	0.671425
136	131	0.694696
136	132	0.668195
136	135	0.715334
136	140	0.743847
136	143	0.723718
136	144	0.736265
136	145	2.20085
136	147	0.699929
136	149	1.76449
136	150	0.659035
136	154	0.740892
136	155	0.744326
136	157	0.676325
136	160	0.731721
136	161	0.73017
136	165	0.717356
136	167	0.714351
136	174	0.701969
136	175	0.699734
136	177	0.693617
136	178	0.707461
136	179	0.687393
136	180	0.676935
137	10	4.22074
137	20	0.624823
137	32	0.680351
137	42	0.664462
137	44	5.30912
137	52	0.665256
137	56	0.617098
137	62	5.27014
137	66	0.704331
137	67	0.642167
137	78	0.690375
137	81	0.684169
137	92	0.666183
137	117	0.629612
137	118	0.659757
137	120	0.68002
137	129	0.657775
137	131	0.633599
137	133	0.666735
137	135	0.654238
137	138	0.652543
137	139	0.676955
137	141	0.673802
137	145	0.667204
137	151	0.62145
137	156	0.582349
137	160	0.670625
137	161	0.669074
137	166	0.635862
137	169	0.675174
137	170	0.670801
137	173	0.616902
137	174	0.640872
137	175	0.638637
137	178	0.646364
137	179	0.626296
137	180	0.615838
138	31	0.759472
138	33	0.760173
138	61	0.721544
138	78	0.776503
138	81	0.770298
138	83	0.760105
138	85	0.720438
138	91	0.741832
138	96	0.731529
138	99	0.726083
138	105	3.05572
138	116	0.75032
138	117	0.71574
138	118	0.745886
138	119	0.741999
