1	41	0.74503
1	79	1.1971
1	102	0.654631
1	106	1.15637
1	115	1.22943
1	116	1.22952
1	117	1.22963
1	145	0.723873
1	148	0.738678
1	167	1.19369
1	178	1.15899
1	179	0.86439
2	66	1.18596
2	82	1.27041
2	98	1.19646
2	101	1.19631
2	140	1.16061
2	150	0.822291
2	155	1.19655
2	160	0.766922
2	165	0.698116
2	169	1.19125
2	176	0.764712
2	180	0.767024
3	6	0.672015
3	25	0.750357
3	110	0.668798
3	155	0.659726
3	157	1.14807
3	165	1.24849
3	168	1.20527
3	170	1.20335
3	172	1.20082
3	177	1.16683
3	179	0.640812
3	180	1.21294
4	111	1.24168
4	112	1.24633
4	119	1.21272
4	124	1.16586
4	128	1.17849
4	133	0.717884
4	134	0.761967
4	135	1.20053
4	150	0.785637
4	159	0.70283
4	162	0.858863
4	178	1.1535
5	31	0.671405
5	56	1.19268
5	100	0.693079
5	122	1.18997
5	132	1.22113
5	138	1.20006
5	141	0.777745
5	146	1.22015
5	147	1.20365
5	152	1.20132
5	157	0.85421
5	178	0.80891
6	3	0.672015
6	63	1.22197
6	81	1.18791
6	87	1.13736
6	90	1.32124
6	93	1.20004
6	137	0.792907
6	144	0.73773
6	150	0.844507
6	155	1.22649
6	162	1.1153
6	163	0.730325
7	123	1.25641
7	124	1.18381
7	128	1.19645
7	135	1.21848
7	136	0.710869
7	141	0.767909
7	148	0.830514
7	158	1.1906
7	164	0.797578
7	165	0.704645
7	174	1.11621
7	179	1.22363
8	63	1.22197
8	81	1.18791
8	87	1.13736
8	90	1.32124
8	93	1.20004
8	102	0.719787
8	155	1.22649
8	156	0.780367
8	162	1.1153
8	167	0.734365
8	173	0.74101
8	174	0.84464
9	15	0.626528
9	42	0.704849
9	120	0.712434
9	137	1.18657
9	168	1.20698
9	169	0.670439
9	173	1.19712
9	175	1.20355
9	176	1.2173
9	177	1.16854
9	179	0.668885
9	180	1.21466
10	63	1.12197
10	81	1.08791
10	87	1.03736
10	90	1.22124
10	93	1.10004
10	143	0.860113
10	155	1.12649
10	158	0.818924
10	162	1.0153
10	164	0.86542
10	174	0.939162
11	12	1.22117
11	29	1.22642
11	38	1.25339
11	39	1.25975
11	53	1.18248
11	62	1.13404
11	142	1.16455
11	144	0.70877
11	153	0.837171
11	168	0.755447
11	173	0.754418
11	175	0.766846
12	11	1.22117
12	38	1.25517
12	46	1.20402
12	51	1.19226
12	53	1.18425
12	76	1.19426
12	142	1.16632
12	153	0.804414
12	158	0.705053
12	161	0.743467
12	174	0.825291
12	178	0.753045
13	25	1.17421
13	44	1.217
13	55	1.21214
13	86	1.26205
13	94	1.22489
13	131	1.17299
13	142	0.719196
13	148	1.14807
13	156	0.752353
13	157	0.789679
13	162	0.84735
13	168	0.714025
14	58	0.659552
14	74	1.21827
14	112	1.23255
14	119	1.19895
14	123	1.22467
14	133	0.780613
14	135	1.18675
14	142	0.793438
14	168	0.788267
14	170	0.799696
14	178	1.13973
14	179	1.19189
15	9	0.626528
15	106	1.23553
15	110	1.29634
15	115	1.30858
15	116	1.30868
15	117	1.30879
15	136	0.652998
15	145	0.757838
15	175	0.722248
15	176	0.713369
15	178	1.23815
16	25	1.14559
16	31	0.656925
16	44	1.18838
16	73	1.22702
16	77	1.29797
16	86	1.23343
16	94	1.19627
16	141	0.763265
16	145	0.811065
16	148	1.11945
16	156	0.802404
16	175	0.775475
17	127	1.19911
17	132	1.21981
17	143	0.75415
17	146	1.21883
17	147	1.20233
17	152	1.2
17	158	0.712961
17	161	1.17466
17	162	0.863924
17	164	0.759457
17	170	0.742028
17	179	1.20079
18	42	1.20351
18	96	0.756019
18	97	1.14523
18	121	1.24486
18	125	1.21652
18	126	1.21635
18	141	0.756352
18	145	0.804152
18	158	0.739526
18	169	1.20335
18	176	0.759683
18	179	1.20176
19	79	1.04505
19	91	1.01561
19	110	1.06512
19	115	1.07737
19	116	1.07747
19	117	1.07757
19	158	0.927672
19	159	0.922602
19	161	1.03297
19	173	0.94428
19	177	0.986317
19	178	1.00694
20	29	1.3375
20	76	1.30356
20	124	1.26939
20	128	1.28203
20	135	1.30406
20	136	0.618471
20	143	0.699873
20	147	1.31074
20	152	1.30841
20	159	0.653614
20	160	0.681052
20	162	0.809647
20	164	0.70518
21	32	1.06116
21	34	0.726065
21	55	1.12983
21	73	1.17333
21	77	1.24428
21	86	1.17974
21	94	1.14258
21	96	1.11177
21	148	1.06575
21	163	0.808915
21	165	0.798923
21	171	0.830272
21	174	0.965599
22	33	1.21956
22	47	1.30747
22	97	1.27379
22	118	0.708073
22	120	1.31437
22	125	1.34508
22	126	1.34491
22	149	0.714902
22	151	0.654458
22	161	0.711304
22	164	0.719386
22	171	0.657801
22	179	1.33032
23	41	0.87222
23	52	0.741902
23	107	1.1875
23	111	1.18554
23	119	1.15659
23	124	1.10972
23	128	1.12235
23	135	1.14439
23	148	0.865868
23	149	0.828449
23	167	0.7964
23	174	1.04212
23	179	1.14953
24	56	0.787103
24	64	0.75097
24	69	0.721089
24	105	0.748721
24	123	0.707401
24	156	1.11506
24	165	1.18004
24	170	1.13489
24	171	1.17223
24	175	1.13339
24	177	1.09837
24	178	1.1042
24	180	1.14449
25	3	0.750357
25	13	1.17421
25	16	1.14559
25	73	1.15094
25	77	1.22189
25	86	1.15735
25	94	1.12019
25	131	1.06829
25	148	1.04337
25	149	0.887125
25	151	0.826682
25	163	0.808667
25	165	0.798675
26	43	1.15177
26	45	1.15127
26	48	1.15106
26	67	1.07796
26	80	1.14752
26	92	1.21689
26	96	0.776732
26	114	0.920424
26	137	0.786375
26	140	1.13663
26	150	1.09424
26	157	0.853529
26	180	0.782707
27	58	0.561771
27	105	1.29727
27	138	1.31407
27	146	1.33416
27	147	1.31766
27	152	1.31533
27	162	0.82381
27	171	0.657759
27	172	0.704673
27	174	1.20871
27	176	0.693005
27	178	0.720839
27	179	1.31612
28	35	1.17785
28	61	1.28342
28	66	1.20386
28	82	1.28831
28	98	1.21435
28	101	1.21421
28	141	0.730987
28	155	1.21445
28	161	0.752574
28	169	1.20915
28	173	0.730768
28	175	0.743197
28	176	0.734318
28	177	0.772804
29	11	1.22642
29	20	1.3375
29	38	1.26041
29	39	1.26677
29	46	1.20927
29	51	1.1975
29	62	1.14107
29	76	1.1995
29	114	0.861588
29	159	0.696331
29	161	0.739816
29	170	0.730468
29	176	0.721559
29	180	0.723871
30	43	1.41378
30	45	1.41327
30	48	1.41306
30	57	0.532633
30	67	1.33997
30	80	1.40953
30	92	1.47889
30	145	0.672764
30	150	1.35624
30	156	0.664102
30	161	0.646551
30	168	0.625774
30	174	0.728375
30	175	0.637173
31	5	0.671405
31	16	0.656925
31	128	0.699741
31	147	0.671359
31	152	0.681047
31	163	1.25018
31	164	1.21154
31	172	1.22216
31	173	1.21675
31	175	1.22319
31	176	1.23693
31	177	1.18817
31	179	0.646055
31	180	1.23429
32	21	1.06116
32	44	1.08157
32	73	1.12021
32	77	1.19115
32	86	1.12661
32	94	1.08945
32	96	1.05864
32	118	0.905874
32	131	1.03755
32	148	1.01263
32	151	0.852259
32	159	0.865621
32	167	0.880655
32	178	0.918682
33	22	1.21956
33	54	0.923215
33	104	1.06734
33	121	1.1092
33	125	1.08086
33	126	1.08069
33	137	0.882632
33	139	1.04828
33	155	1.07299
33	166	0.853743
33	167	0.866459
33	169	1.06768
33	173	0.873103
33	179	1.06609
34	21	0.726065
34	43	0.649352
34	64	0.672304
34	86	0.623707
34	116	0.632666
34	136	1.29073
34	138	0.668706
34	154	1.1926
34	159	1.23847
34	163	1.24292
34	168	1.21935
34	173	1.20948
34	177	1.1809
34	180	1.22702
35	28	1.17785
35	36	1.05978
35	66	1.14345
35	98	1.15394
35	101	1.15379
35	102	0.786514
35	140	1.1181
35	143	0.832317
35	153	0.89049
35	155	1.15404
35	166	0.788377
35	169	1.14873
35	172	0.822954
36	35	1.05978
36	61	1.16536
36	82	1.17024
36	98	1.09629
36	99	0.773651
36	101	1.09614
36	114	0.968858
36	140	1.06045
36	143	0.913976
36	155	1.09639
36	167	0.882751
36	169	1.09108
36	177	0.931432
36	178	0.920779
37	81	1.21021
37	87	1.15966
37	93	1.22233
37	98	1.24869
37	101	1.24854
37	143	0.72946
37	147	1.24343
37	152	1.2411
37	153	0.787633
37	157	0.781563
37	169	1.24348
37	170	0.717338
37	176	0.708429
37	177	0.746916
38	11	1.25339
38	12	1.25517
38	29	1.26041
38	53	1.21647
38	62	1.16803
38	76	1.22647
38	96	1.19832
38	118	0.732076
38	142	1.19854
38	143	0.738081
38	159	0.691823
38	161	0.735307
38	174	0.817131
38	177	0.755537
39	11	1.25975
39	29	1.26677
39	51	1.23083
39	53	1.22282
39	62	1.17439
39	76	1.23283
39	130	1.19844
39	136	0.692131
39	142	1.20489
39	150	0.810081
39	159	0.727274
39	166	0.729592
39	168	0.749981
39	180	0.754814
40	107	1.13415
40	119	1.10323
40	123	1.12896
40	124	1.05637
40	128	1.069
40	133	0.891985
40	135	1.09104
40	140	0.875154
40	158	1.06316
40	160	0.904369
40	163	0.845556
40	178	1.04401
40	179	1.09618
40	180	0.904471
41	1	0.74503
41	23	0.87222
41	67	1.01344
41	80	1.083
41	89	0.795475
41	92	1.15236
41	125	0.830548
41	138	1.0991
41	146	1.11919
41	152	1.10036
41	168	1.08161
41	169	0.822906
41	172	1.07715
41	180	1.08928
42	9	0.704849
42	18	1.20351
42	97	1.12208
42	104	1.17985
42	120	1.16266
42	121	1.22171
42	125	1.19337
42	126	1.1932
42	140	0.764684
42	145	0.836159
42	153	1.09014
42	160	0.7939
42	175	0.800569
42	178	0.819523
42	179	1.17861
43	26	1.15177
43	30	1.41378
43	34	0.649352
43	45	1.14855
43	48	1.14834
43	67	1.07524
43	80	1.1448
43	92	1.21417
43	118	0.803831
43	140	1.13391
43	150	1.09152
43	162	0.91961
43	166	0.765896
43	168	0.786285
43	170	0.797714
44	13	1.217
44	16	1.18838
44	32	1.08157
44	52	0.749381
44	55	1.15023
44	77	1.26469
44	86	1.20014
44	94	1.16298
44	96	1.13217
44	143	0.835104
44	148	1.08616
44	158	0.793915
44	163	0.75747
44	173	0.810524
44	180	0.816385
45	26	1.15127
45	30	1.41327
45	43	1.14855
45	48	1.14783
45	67	1.07474
45	80	1.1443
45	92	1.21366
45	131	0.769714
45	140	1.1334
45	150	1.09101
45	162	0.904753
45	164	0.800286
45	166	0.751038
45	167	0.763754
45	170	0.782857
46	12	1.20402
46	29	1.20927
46	51	1.17333
46	53	1.16532
46	62	1.11689
46	76	1.17532
46	96	1.14717
46	130	1.14094
46	142	1.14739
46	154	0.804333
46	159	0.745683
46	161	0.789167
46	164	0.797249
46	167	0.760717
46	174	0.870991
47	22	1.30747
47	97	1.09747
47	104	1.15524
47	120	1.13805
47	121	1.1971
47	125	1.16877
47	126	1.16859
47	141	0.776238
47	164	0.805908
47	167	0.769375
47	169	1.15559
47	175	0.788448
47	177	0.818056
47	178	0.807403
47	179	1.154
48	26	1.15106
48	30	1.41306
48	43	1.14834
48	45	1.14783
48	67	1.07452
48	80	1.14409
48	92	1.21345
48	114	0.918654
48	134	0.812534
48	140	1.13319
48	142	0.781275
48	143	0.799656
48	150	1.0908
48	151	0.740036
48	163	0.722022
49	67	0.968173
49	80	1.03773
49	92	1.1071
49	113	0.970866
49	122	1.04375
49	125	1.07065
49	138	1.05383
49	144	0.91937
49	146	1.07393
49	152	1.05509
49	163	0.911964
49	169	1.05748
49	171	0.933321
49	172	0.980235
49	179	1.05588
50	52	0.719867
50	71	1.21277
50	78	1.14178
50	88	1.12752
50	102	0.759786
50	103	1.37958
50	114	0.924587
50	148	1.11146
50	153	1.10281
50	158	1.15825
50	162	1.08698
50	167	0.774365
50	169	1.19287
50	172	0.796226
50	173	0.781009
51	12	1.19226
51	29	1.1975
51	39	1.23083
51	46	1.17333
51	53	1.15356
51	62	1.10512
51	76	1.16356
51	96	1.13541
51	130	1.12917
51	133	0.742277
51	150	0.81003
51	156	0.788259
51	162	0.883256
51	172	0.764119
51	178	0.780285
52	23	0.741902
52	44	0.749381
52	50	0.719867
52	82	0.635305
52	88	0.793586
52	120	0.734583
52	136	1.23417
52	149	1.12863
52	168	1.16279
52	171	1.19821
52	172	1.15834
52	173	1.15293
52	176	1.17311
52	177	1.12435
52	180	1.17047
53	11	1.18248
53	12	1.18425
53	38	1.21647
53	39	1.22282
53	46	1.16532
53	51	1.15356
53	62	1.09712
53	76	1.15556
53	130	1.12117
53	136	0.728878
53	145	0.833718
53	151	0.75066
53	161	0.807505
53	177	0.827736
53	178	0.817083
54	33	0.923215
54	67	0.961628
54	101	0.812913
54	127	0.84114
54	141	1.05403
54	156	1.03255
54	162	0.969551
54	165	1.09752
54	171	1.08972
54	172	1.04985
54	175	1.05087
54	176	1.06462
54	177	1.01586
54	179	0.802288
54	180	1.06198
55	13	1.21214
55	21	1.12983
55	44	1.15023
55	73	1.18887
55	77	1.25982
55	86	1.19528
55	94	1.15812
55	114	0.90669
55	131	1.10622
55	140	0.739656
55	148	1.0813
55	149	0.788516
55	151	0.728072
55	154	0.800084
55	156	0.802469
56	5	1.19268
56	24	0.787103
56	58	0.716655
56	99	0.728596
56	105	1.14857
56	122	1.15529
56	127	1.16574
56	132	1.18644
56	138	1.16537
56	146	1.18547
56	147	1.16896
56	152	1.16663
56	160	0.8501
56	165	0.781294
56	176	0.84789
57	30	0.532633
57	80	0.696792
57	82	0.604335
57	92	0.670839
57	132	0.684821
57	137	1.23219
57	149	1.21844
57	155	0.678978
57	156	1.23085
57	169	0.661618
57	171	1.28802
57	172	1.24816
57	175	1.24918
57	176	1.26293
57	177	1.21416
57	180	1.26028
58	14	0.659552
58	27	0.561771
58	56	0.716655
58	74	0.651391
58	78	1.23281
58	87	1.20007
58	93	1.26274
58	106	0.716907
58	130	0.704461
58	139	1.26448
58	162	1.178
58	163	1.28633
58	169	1.28389
58	177	1.22431
58	179	0.624491
58	180	1.27043
59	65	1.15981
59	91	1.08659
59	106	1.0753
59	110	1.1361
59	115	1.14835
59	116	1.14845
59	117	1.14856
59	131	0.832515
59	134	0.870658
59	158	0.816591
59	161	1.10395
59	167	1.11261
59	170	0.845657
59	177	0.875235
59	178	1.07792
59	180	0.839061
60	68	0.751646
60	85	1.28469
60	111	1.28977
60	114	0.84641
60	119	1.26081
60	123	1.28654
60	128	1.22658
60	135	1.24862
60	137	0.71236
60	161	0.724638
60	167	0.696187
60	171	0.671135
60	174	1.14635
60	178	1.20159
60	179	1.25376
60	180	0.708693
61	28	1.28342
61	36	1.16536
61	66	1.24903
61	82	1.33347
61	98	1.25952
61	101	1.25937
61	114	1.13209
61	134	0.749685
61	155	1.25962
61	157	0.78891
61	160	0.717987
61	161	0.734033
61	166	0.692867
61	167	0.705583
61	169	1.25431
61	170	0.724685
62	11	1.13404
62	29	1.14107
62	38	1.16803
62	39	1.17439
62	46	1.11689
62	51	1.10512
62	53	1.09712
62	76	1.10712
62	113	0.826521
62	130	1.07274
62	142	1.07919
62	157	0.897357
62	159	0.798995
62	171	0.788977
62	174	0.924303
62	176	0.824223
63	6	1.22197
63	8	1.22197
63	10	1.12197
63	81	1.14754
63	87	1.09699
63	90	1.28087
63	93	1.15966
63	140	0.793254
63	155	1.18612
63	158	0.800102
63	161	0.838516
63	162	1.07493
63	163	0.763656
63	165	0.753664
63	176	0.82026
64	24	0.75097
64	34	0.672304
64	65	1.16037
64	79	1.11659
64	91	1.08715
64	106	1.07586
64	110	1.13667
64	115	1.14891
64	116	1.14901
64	117	1.14912
64	134	0.845666
64	161	1.10451
64	175	0.820636
64	176	0.811757
64	178	1.07848
64	179	0.996743
65	59	1.15981
65	64	1.16037
65	79	1.19253
65	106	1.1518
65	110	1.2126
65	115	1.22485
65	116	1.22495
65	117	1.22506
65	141	0.773726
65	142	0.779707
65	160	0.779267
65	163	0.720453
65	167	1.18911
65	172	0.788724
65	175	0.785936
65	178	1.15442
65	180	0.779368
66	2	1.18596
66	28	1.20386
66	35	1.14345
66	61	1.24903
66	82	1.25391
66	98	1.17996
66	101	1.17981
66	134	0.782907
66	137	0.754978
66	140	1.14412
66	149	0.770853
66	150	0.806578
66	155	1.18006
66	156	0.784807
66	158	0.728841
66	169	1.17475
66	177	0.787485
67	26	1.07796
67	30	1.33997
67	41	1.01344
67	43	1.07524
67	45	1.07474
67	48	1.07452
67	49	0.968173
67	54	0.961628
67	80	1.07099
67	92	1.14036
67	99	0.795771
67	140	1.0601
67	150	1.0177
67	158	0.894908
67	161	0.933322
67	163	0.858462
67	171	0.879819
68	60	0.751646
68	82	0.745261
68	120	0.844539
68	130	0.88096
68	139	0.836312
68	144	1.12221
68	147	0.826294
68	157	1.02321
68	159	1.09953
68	164	1.06534
68	166	1.08759
68	168	1.08041
68	171	1.11582
68	175	1.07698
68	176	1.09073
68	177	1.04196
68	180	1.08808
69	24	0.721089
69	85	1.22232
69	96	0.778212
69	107	1.22936
69	112	1.23205
69	123	1.22417
69	124	1.15158
69	128	1.16421
69	129	0.709888
69	135	1.18625
69	158	1.15837
69	167	0.771682
69	168	0.779355
69	177	0.820363
69	178	1.13922
69	179	1.19139
69	180	0.784188
70	76	0.752895
70	87	0.859597
70	101	0.794055
70	105	0.837212
70	113	1.05021
70	126	0.81018
70	136	1.1608
70	143	1.07949
70	153	1.0205
70	160	1.09613
70	169	0.784984
70	170	1.08749
70	172	1.08497
70	175	1.08599
70	176	1.09974
70	177	1.05097
70	180	1.09709
71	50	1.21277
71	72	1.23129
71	75	1.11092
71	78	1.14885
71	88	1.13458
71	89	1.25415
71	103	1.38664
71	133	0.771293
71	144	0.73227
71	148	1.11853
71	154	0.81489
71	158	1.16532
71	166	0.758558
71	169	1.19993
71	170	0.790376
71	171	0.746221
71	172	0.793135
72	71	1.23129
72	75	1.12238
72	78	1.16031
72	88	1.14604
72	89	1.26561
72	103	1.39811
72	140	0.746874
72	142	0.77653
72	144	0.724682
72	145	0.818348
72	150	0.831458
72	153	1.12134
72	158	1.17678
72	162	1.10551
72	169	1.21139
72	171	0.738633
72	176	0.773879
73	16	1.22702
73	21	1.17333
73	25	1.15094
73	32	1.12021
73	55	1.18887
73	77	1.30333
73	86	1.23878
73	94	1.20162
73	118	0.7745
73	131	1.14972
73	148	1.1248
73	156	0.795282
73	163	0.702871
73	167	0.74928
73	174	0.859554
73	175	0.768353
73	180	0.761786
74	14	1.21827
74	58	0.651391
74	111	1.23924
74	119	1.21029
74	123	1.23601
74	124	1.16342
74	128	1.17605
74	135	1.19809
74	157	0.85576
74	166	0.759717
74	171	0.74738
74	173	0.779077
74	174	1.09582
74	176	0.782626
74	178	1.15107
74	179	1.20323
74	180	0.784938
75	71	1.11092
75	72	1.12238
75	88	1.02567
75	89	1.14523
75	99	0.779676
75	103	1.27773
75	139	1.07161
75	148	1.00961
75	149	0.920825
75	153	1.00096
75	158	1.05641
75	161	0.917227
75	162	0.985133
75	165	0.832375
75	169	1.09102
75	172	0.910638
75	174	0.99905
76	12	1.19426
76	20	1.30356
76	29	1.1995
76	38	1.22647
76	39	1.23283
76	46	1.17532
76	51	1.16356
76	53	1.15556
76	62	1.10712
76	70	0.752895
76	142	1.13763
76	157	0.798324
76	161	0.743447
76	162	0.855995
76	172	0.736858
76	178	0.753025
76	180	0.727503
77	16	1.29797
77	21	1.24428
77	25	1.22189
77	32	1.19115
77	44	1.26469
77	55	1.25982
77	73	1.30333
77	86	1.30973
77	94	1.27257
77	131	1.22067
77	151	0.690133
77	158	0.708564
77	164	0.75506
77	165	0.662126
77	167	0.718528
77	175	0.737601
77	178	0.756556
77	180	0.731034
78	50	1.14178
78	58	1.23281
78	71	1.14885
78	72	1.16031
78	88	1.0636
78	89	1.18316
78	102	0.775977
78	103	1.31566
78	139	1.10954
78	142	0.8034
78	150	0.858328
78	158	1.09434
78	162	1.02306
78	166	0.77784
78	169	1.12895
78	171	0.765503
78	174	0.90083
78	178	0.828583
79	1	1.1971
79	19	1.04505
79	64	1.11659
79	65	1.19253
79	91	1.11931
79	102	0.787737
79	106	1.10802
79	110	1.16882
79	115	1.18107
79	116	1.18117
79	117	1.18127
79	145	0.856978
79	149	0.834364
79	154	0.845932
79	156	0.848317
79	165	0.745914
79	171	0.777263
79	178	1.11064
80	26	1.14752
80	30	1.40953
80	41	1.083
80	43	1.1448
80	45	1.1443
80	48	1.14409
80	49	1.03773
80	57	0.696792
80	67	1.07099
80	92	1.20992
80	114	0.932483
80	134	0.826363
80	140	1.12966
80	150	1.08726
80	162	0.923259
80	163	0.735851
80	170	0.801363
80	171	0.757207
81	6	1.18791
81	8	1.18791
81	10	1.08791
81	37	1.21021
81	63	1.14754
81	87	1.06293
81	90	1.24681
81	93	1.12561
81	99	0.70199
81	108	1.15775
81	133	0.81111
81	155	1.15206
81	156	0.857092
81	157	0.894418
81	162	1.04087
81	166	0.798375
81	168	0.818764
81	176	0.821284
82	2	1.27041
82	28	1.28831
82	36	1.17024
82	52	0.635305
82	57	0.604335
82	61	1.33347
82	66	1.25391
82	68	0.745261
82	96	0.696333
82	98	1.2644
82	101	1.26425
82	140	1.22856
82	154	0.733419
82	155	1.2645
82	160	0.702207
82	169	1.25919
82	174	0.800077
82	176	0.699997
83	84	1.06394
83	105	1.09764
83	109	1.12618
83	122	1.10436
83	127	1.11481
83	132	1.13551
83	138	1.11444
83	146	1.13454
83	147	1.11803
83	149	0.857225
83	152	1.1157
83	157	0.908504
83	164	0.861709
83	167	1.09902
83	170	0.844279
83	173	0.831821
83	175	0.844249
83	178	0.863204
83	179	1.11649
84	83	1.06394
84	96	0.866882
84	105	1.10545
84	108	0.789409
84	109	1.13399
84	122	1.11217
84	127	1.12262
84	129	0.798559
84	132	1.14332
84	138	1.12225
84	146	1.14235
84	147	1.12584
84	152	1.12351
84	153	0.94975
84	154	0.903969
84	168	0.868026
84	171	0.8353
84	174	1.01689
84	179	1.1243
85	60	1.28469
85	69	1.22232
85	107	1.24576
85	111	1.2438
85	112	1.24845
85	119	1.21484
85	124	1.16798
85	133	0.767546
85	135	1.20265
85	140	0.750714
85	149	0.799574
85	163	0.721116
85	165	0.711124
85	166	0.75481
85	167	0.767526
85	173	0.77417
85	174	1.10038
85	178	1.15562
85	179	1.20779
86	13	1.26205
86	16	1.23343
86	21	1.17974
86	25	1.15735
86	32	1.12661
86	34	0.623707
86	44	1.20014
86	55	1.19528
86	73	1.23878
86	77	1.30973
86	94	1.20803
86	96	1.17722
86	142	0.765811
86	145	0.80763
86	149	0.785015
86	163	0.706557
86	168	0.76064
86	178	0.790995
86	180	0.765473
87	6	1.13736
87	8	1.13736
87	10	1.03736
87	37	1.15966
87	58	1.20007
87	63	1.09699
87	70	0.859597
87	81	1.06293
87	90	1.19627
87	93	1.07506
87	108	1.1072
87	153	0.911096
87	155	1.10152
87	161	0.85015
87	162	0.990325
87	167	0.821699
87	170	0.840802
87	176	0.831893
87	178	0.859727
88	50	1.12752
88	52	0.793586
88	71	1.13458
88	72	1.14604
88	75	1.02567
88	78	1.0636
88	89	1.16889
88	103	1.30139
88	129	0.78629
88	139	1.09527
88	141	0.854946
88	142	0.860928
88	153	1.02463
88	158	1.08007
88	161	0.876534
88	162	1.0088
88	166	0.835368
88	169	1.11468
88	174	0.958358
89	41	0.795475
89	71	1.25415
89	72	1.26561
89	75	1.14523
89	78	1.18316
89	88	1.16889
89	103	1.42096
89	113	0.732147
89	139	1.21484
89	148	1.15284
89	153	1.14419
89	158	1.19963
89	162	1.12836
89	167	0.719655
89	170	0.738758
89	171	0.694602
89	172	0.741517
89	174	0.829929
89	178	0.757683
90	6	1.32124
90	8	1.32124
90	10	1.22124
90	63	1.28087
90	81	1.24681
90	87	1.19627
90	93	1.25894
90	108	1.29108
90	129	0.642125
90	142	0.716764
90	153	0.793316
90	155	1.2854
90	162	1.17421
90	170	0.723022
90	171	0.678866
90	177	0.7526
90	178	0.741947
90	180	0.716425
91	19	1.01561
91	59	1.08659
91	64	1.08715
91	79	1.11931
91	106	1.07858
91	110	1.13938
91	115	1.15163
91	116	1.15173
91	117	1.15184
91	131	0.853499
91	144	0.808536
91	149	0.879588
91	154	0.891156
91	161	1.10723
91	167	1.11589
91	168	0.855213
91	170	0.866642
91	173	0.854184
91	178	1.0812
92	26	1.21689
92	30	1.47889
92	41	1.15236
92	43	1.21417
92	45	1.21366
92	48	1.21345
92	49	1.1071
92	57	0.670839
92	67	1.14036
92	80	1.20992
92	108	0.685363
92	131	0.762266
92	136	0.706129
92	140	1.19902
92	150	1.15663
92	159	0.741272
92	172	0.778168
92	174	0.86658
92	177	0.804987
93	6	1.20004
93	8	1.20004
93	10	1.10004
93	37	1.22233
93	58	1.26274
93	63	1.15966
93	81	1.12561
93	87	1.07506
93	90	1.25894
93	99	0.691971
93	108	1.16987
93	151	0.772677
93	155	1.16419
93	160	0.813476
93	162	1.053
93	167	0.801072
93	170	0.820174
93	172	0.822933
93	175	0.820145
93	180	0.813578
94	13	1.22489
94	16	1.19627
94	21	1.14258
94	25	1.12019
94	32	1.08945
94	44	1.16298
94	55	1.15812
94	73	1.20162
94	77	1.27257
94	86	1.20803
94	131	1.11897
94	140	0.763789
94	148	1.09405
94	150	0.848374
94	154	0.824217
94	158	0.770637
94	161	0.809051
94	170	0.799703
94	171	0.755548
94	180	0.793107
95	105	1.12805
95	113	0.827749
95	118	0.840477
95	122	1.13477
95	127	1.14522
95	131	0.821217
95	132	1.16592
95	134	1.09954
95	138	1.14485
95	140	0.798446
95	146	1.16495
95	147	1.14844
95	148	0.884725
95	152	1.14611
95	161	1.12077
95	166	0.802542
95	167	1.12943
95	173	0.821902
95	174	1.03949
95	178	0.853285
95	179	1.1469
96	18	0.756019
96	21	1.11177
96	26	0.776732
96	32	1.05864
96	38	1.19832
96	44	1.13217
96	46	1.14717
96	51	1.13541
96	69	0.778212
96	82	0.696333
96	84	0.866882
96	86	1.17722
96	119	0.754962
96	130	1.10302
96	152	0.787054
96	171	1.15892
96	172	1.11906
96	176	1.13383
96	177	1.08506
96	179	0.752062
96	180	1.13118
97	18	1.14523
97	22	1.27379
97	42	1.12208
97	47	1.09747
97	100	0.717742
97	108	1.1329
97	120	1.10437
97	121	1.16342
97	125	1.13509
97	126	1.13491
97	150	0.863319
97	153	1.03186
97	155	1.12722
97	159	0.780512
97	160	0.80795
97	162	0.936544
97	167	0.795546
97	169	1.12191
97	174	0.90582
97	177	0.844226
97	179	1.12032
98	2	1.19646
98	28	1.21435
98	35	1.15394
98	36	1.09629
98	37	1.24869
98	61	1.25952
98	66	1.17996
98	82	1.2644
98	101	1.1903
98	102	0.752527
98	114	1.06302
98	140	1.15461
98	142	0.77995
98	145	0.821768
98	148	0.836573
98	151	0.73871
98	155	1.19055
98	160	0.779509
98	165	0.710703
98	169	1.18524
98	172	0.788967
98	180	0.779611
99	36	0.773651
99	56	0.728596
99	67	0.795771
99	75	0.779676
99	81	0.70199
99	93	0.691971
99	104	0.699188
99	141	1.18376
99	147	0.661735
99	154	1.15729
99	156	1.16228
99	159	1.20316
99	160	1.19075
99	165	1.22725
99	166	1.19122
99	170	1.18211
99	173	1.17417
99	175	1.18061
99	176	1.19436
99	177	1.14559
99	179	0.636431
99	180	1.19171
100	5	0.693079
100	97	0.717742
100	101	0.678353
100	110	0.695714
100	118	1.15857
100	120	0.711277
100	123	0.680191
100	130	0.747698
100	137	1.16645
100	139	0.70305
100	149	1.1527
100	159	1.20599
100	163	1.21044
100	166	1.19405
100	168	1.18687
100	170	1.18495
100	172	1.18242
100	173	1.17701
100	175	1.18344
100	176	1.19719
100	179	0.667728
100	180	1.19454
101	2	1.19631
101	28	1.21421
101	35	1.15379
101	36	1.09614
101	37	1.24854
101	54	0.812913
101	61	1.25937
101	66	1.17981
101	70	0.794055
101	82	1.26425
101	98	1.1903
101	100	0.678353
101	108	0.685213
101	114	1.06287
101	140	1.15446
101	155	1.1904
101	160	0.768561
101	165	0.699755
101	169	1.18509
101	174	0.866431
101	178	0.794184
101	180	0.768663
102	1	0.654631
102	8	0.719787
102	35	0.786514
102	50	0.759786
102	78	0.775977
102	79	0.787737
102	98	0.752527
102	130	0.810923
102	137	1.13596
102	139	0.766275
102	149	1.1222
102	156	1.13461
102	157	1.09917
102	159	1.17549
102	165	1.19959
102	166	1.16356
102	168	1.15637
102	170	1.15445
102	173	1.14651
102	175	1.15294
102	176	1.16669
102	177	1.11793
102	180	1.16404
103	50	1.37958
103	71	1.38664
103	72	1.39811
103	75	1.27773
103	78	1.31566
103	88	1.30139
103	89	1.42096
103	134	0.696497
103	136	0.602217
103	139	1.34734
103	144	0.61339
103	148	1.28534
103	150	0.720167
103	154	0.696011
103	158	1.33213
103	162	1.26086
103	163	0.605985
103	169	1.36674
103	172	0.674256
103	174	0.762668
103	176	0.662588
103	178	0.690422
103	180	0.6649
104	33	1.06734
104	42	1.17985
104	47	1.15524
104	99	0.699188
104	114	1.05746
104	120	1.16214
104	121	1.22119
104	125	1.19286
104	126	1.19269
104	130	1.13806
104	134	1.13073
104	136	0.758111
104	139	1.16028
104	153	1.08963
104	165	0.751887
104	167	0.808288
104	169	1.17968
104	170	0.827391
104	174	0.918563
104	175	0.827361
104	176	0.818482
104	178	0.846316
104	179	1.17809
105	24	0.748721
105	27	1.29727
105	56	1.14857
105	70	0.837212
105	83	1.09764
105	84	1.10545
105	95	1.12805
105	109	1.16769
105	113	0.811806
105	122	1.14586
105	132	1.17702
105	133	0.799334
105	138	1.15595
105	141	0.806177
105	146	1.17604
105	147	1.15954
105	152	1.15721
105	159	0.78428
105	165	0.742912
105	172	0.821175
105	174	1.05059
105	177	0.847994
105	179	1.158
106	1	1.15637
106	15	1.23553
106	58	0.716907
106	59	1.0753
106	64	1.07586
106	65	1.1518
106	79	1.10802
106	91	1.07858
106	110	1.12809
106	115	1.14034
106	116	1.14043
106	117	1.14054
106	118	0.863168
106	130	1.08203
106	131	0.843908
106	141	0.844811
106	148	0.907416
106	150	0.905721
106	161	1.09594
106	165	0.781547
106	166	0.825233
106	167	1.1046
106	175	0.857021
106	178	1.0699
107	23	1.1875
107	40	1.13415
107	69	1.22936
107	85	1.24576
107	111	1.25083
107	112	1.25548
107	123	1.2476
107	124	1.17501
107	128	1.18765
107	134	0.775847
107	135	1.20968
107	142	0.744589
107	150	0.799517
107	151	0.703349
107	153	0.821142
107	158	1.1818
107	162	0.872743
107	168	0.739418
107	171	0.706692
107	173	0.738389
107	174	1.10741
107	175	0.750817
107	178	1.16266
107	179	1.21482
108	81	1.15775
108	84	0.789409
108	87	1.1072
108	90	1.29108
108	92	0.685363
108	93	1.16987
108	97	1.1329
108	101	0.685213
108	115	0.691275
108	120	1.17349
108	122	0.729816
108	124	0.741372
108	125	1.2042
108	126	1.20403
108	128	0.728275
108	138	0.727023
108	146	0.692284
108	152	0.709581
108	156	1.14814
108	162	1.08514
108	170	1.16797
108	173	1.16003
108	177	1.13145
108	179	1.18943
108	180	1.17757
109	83	1.12618
109	84	1.13399
109	105	1.16769
109	122	1.17441
109	127	1.18486
109	129	0.727549
109	132	1.20556
109	136	0.739166
109	138	1.18449
109	139	1.16873
109	142	1.15296
109	146	1.20459
109	147	1.18808
109	152	1.18575
109	153	0.87874
109	156	0.835345
109	158	0.779379
109	163	0.742934
109	167	1.16907
109	174	1.07913
109	175	0.808416
109	176	0.799537
109	177	0.838023
109	179	1.18654
109	180	0.801849
110	3	0.668798
110	15	1.29634
110	19	1.06512
110	59	1.1361
110	64	1.13667
110	65	1.2126
110	79	1.16882
110	91	1.13938
110	100	0.695714
110	106	1.12809
110	114	0.92374
110	115	1.20114
110	116	1.20124
110	117	1.20135
110	130	1.14284
110	134	0.81762
110	140	0.756706
110	161	1.15674
110	165	0.717116
110	167	1.1654
110	173	0.780162
110	174	0.883792
110	175	0.79259
110	177	0.822198
110	178	1.13071
111	4	1.24168
111	23	1.18554
111	60	1.28977
111	74	1.23924
111	85	1.2438
111	107	1.25083
111	112	1.25352
111	119	1.21992
111	123	1.24564
111	124	1.17305
111	128	1.18568
111	129	0.673215
111	135	1.20772
111	143	0.766233
111	144	0.696005
111	154	0.778625
111	158	1.17984
111	159	0.719974
111	160	0.747413
111	162	0.876007
111	172	0.75687
111	173	0.741653
111	174	1.10545
111	177	0.783689
111	178	1.1607
111	180	0.747514
112	4	1.24633
112	14	1.23255
112	69	1.23205
112	85	1.24845
112	107	1.25548
112	111	1.25352
112	114	0.865424
112	119	1.22457
112	123	1.25029
112	124	1.1777
112	128	1.19033
112	129	0.653407
112	131	1.16262
112	134	0.759303
112	135	1.21237
112	137	0.731374
112	145	0.769864
112	161	0.743651
112	162	0.856199
112	172	0.737062
112	173	0.721845
112	174	1.1101
112	176	0.725395
112	178	1.16535
112	179	1.21751
112	180	0.727707
113	49	0.970866
113	62	0.826521
113	70	1.05021
113	89	0.732147
113	95	0.827749
113	105	0.811806
113	124	0.824807
113	127	0.796875
113	132	0.78278
113	136	1.16994
113	137	1.07814
113	143	1.08863
113	149	1.06439
113	157	1.04136
113	160	1.10527
113	164	1.08349
113	165	1.14177
113	170	1.09663
113	171	1.13397
113	173	1.08869
113	175	1.09513
113	176	1.10888
113	177	1.06011
113	179	0.758024
113	180	1.10623
114	26	0.920424
114	29	0.861588
114	36	0.968858
114	48	0.918654
114	50	0.924587
114	55	0.90669
114	60	0.84641
114	61	1.13209
114	80	0.932483
114	98	1.06302
114	101	1.06287
114	104	1.05746
114	110	0.92374
114	112	0.865424
114	120	1.04027
114	121	1.09932
114	126	1.07081
114	144	1.07847
114	149	1.00251
114	160	1.04339
114	168	1.03668
114	169	1.05781
114	171	1.07209
114	172	1.03222
114	177	0.99823
114	179	1.05622
114	180	1.04435
115	1	1.22943
115	15	1.30858
115	19	1.07737
115	59	1.14835
115	64	1.14891
115	65	1.22485
115	79	1.18107
115	91	1.15163
115	106	1.14034
115	108	0.691275
115	110	1.20114
115	116	1.21349
115	117	1.21359
115	118	0.787438
115	130	1.15509
115	134	0.806321
115	136	0.712042
115	137	0.778392
115	142	0.775063
115	156	0.80822
115	159	0.747185
115	161	1.16899
115	162	0.903217
115	167	1.17765
115	168	0.769892
115	173	0.768863
115	178	1.14296
116	1	1.22952
116	15	1.30868
116	19	1.07747
116	34	0.632666
116	59	1.14845
116	64	1.14901
116	65	1.22495
116	79	1.18117
116	91	1.15173
116	106	1.14043
116	110	1.20124
116	115	1.21349
116	117	1.21369
116	130	1.15519
116	148	0.831394
116	150	0.829699
116	153	0.851323
116	154	0.805542
116	158	0.751962
116	161	1.16909
116	163	0.715516
116	164	0.798458
116	167	1.17775
116	168	0.769599
116	170	0.781028
116	175	0.780999
116	178	1.14306
117	1	1.22963
117	15	1.30879
117	19	1.07757
117	59	1.14856
117	64	1.14912
117	65	1.22506
117	79	1.18127
117	91	1.15184
117	106	1.14054
117	110	1.20135
117	115	1.21359
117	116	1.21369
117	130	1.15529
117	143	0.784454
117	144	0.714225
117	145	0.807892
117	158	0.743265
117	161	1.16919
117	162	0.894228
117	167	1.17785
117	168	0.760903
117	170	0.772332
117	172	0.775091
117	175	0.772302
117	177	0.80191
117	178	1.14316
117	180	0.765735
118	22	0.708073
118	32	0.905874
118	38	0.732076
118	43	0.803831
118	73	0.7745
118	95	0.840477
118	100	1.15857
118	106	0.863168
118	115	0.787438
118	128	0.824438
118	133	1.107
118	143	1.09954
118	145	1.0945
118	154	1.08271
118	160	1.11617
118	164	1.09439
118	165	1.15268
118	166	1.11665
118	168	1.10946
118	169	0.772306
118	170	1.10754
118	171	1.14488
118	173	1.0996
118	175	1.10604
118	176	1.11978
118	177	1.07102
118	180	1.11714
119	4	1.21272
119	14	1.19895
119	23	1.15659
119	40	1.10323
119	60	1.26081
119	74	1.21029
119	85	1.21484
119	96	0.754962
119	111	1.21992
119	112	1.22457
119	123	1.21669
119	124	1.1441
119	128	1.15673
119	134	0.792535
119	135	1.17877
119	141	0.755295
119	148	0.8179
119	154	0.792048
119	157	0.831759
119	160	0.760836
119	167	0.748432
119	170	0.767535
119	173	0.755076
119	174	1.0765
119	178	1.13174
119	179	1.18391
119	180	0.760938
120	9	0.712434
120	22	1.31437
120	42	1.16266
120	47	1.13805
120	52	0.734583
120	68	0.844539
120	97	1.10437
120	100	0.711277
120	104	1.16214
120	108	1.17349
120	114	1.04027
120	121	1.204
120	125	1.17567
120	126	1.1755
120	130	1.12087
120	134	1.11354
120	139	1.14309
120	142	0.801925
120	153	1.07244
120	155	1.1678
120	156	0.835083
120	157	0.872408
120	158	0.779117
120	160	0.801485
120	164	0.825613
120	169	1.16249
120	173	0.795725
120	179	1.1609
121	18	1.24486
121	33	1.1092
121	42	1.22171
121	47	1.1971
121	97	1.16342
121	104	1.22119
121	114	1.09932
121	120	1.204
121	125	1.23472
121	126	1.23455
121	130	1.17992
121	134	1.17259
121	137	0.753577
121	139	1.20214
121	141	0.744267
121	148	0.806872
121	150	0.805177
121	153	1.13149
121	155	1.22685
121	156	0.783406
121	164	0.773937
121	167	0.737404
121	169	1.22154
121	170	0.756507
121	172	0.759266
121	177	0.786085
121	178	0.775432
121	179	1.21995
121	180	0.74991
122	5	1.18997
122	49	1.04375
122	56	1.15529
122	83	1.10436
122	84	1.11217
122	95	1.13477
122	105	1.14586
122	108	0.729816
122	109	1.17441
122	127	1.16303
122	131	0.806719
122	132	1.18374
122	134	1.11735
122	138	1.16267
122	140	0.783947
122	144	0.761755
122	146	1.18276
122	147	1.16626
122	152	1.16393
122	153	0.890156
122	159	0.785725
122	161	1.13858
122	162	0.941757
122	166	0.788043
122	167	1.14725
122	173	0.807403
122	174	1.05731
122	176	0.810953
122	177	0.849439
122	178	0.838786
122	179	1.16472
123	7	1.25641
123	14	1.22467
123	24	0.707401
123	40	1.12896
123	60	1.28654
123	69	1.22417
123	74	1.23601
123	100	0.680191
123	107	1.2476
123	111	1.24564
123	112	1.25029
123	119	1.21669
123	124	1.16982
123	128	1.18245
123	131	1.15474
123	134	0.802097
123	135	1.20449
123	140	0.741183
123	151	0.729599
123	153	0.847392
123	158	1.17661
123	159	0.742961
123	163	0.711585
123	167	0.757995
123	171	0.732942
123	173	0.764639
123	174	1.10222
123	177	0.806675
123	178	1.15747
123	179	1.20963
123	180	0.7705
124	4	1.16586
124	7	1.18381
124	20	1.26939
124	23	1.10972
124	40	1.05637
124	69	1.15158
124	74	1.16342
124	85	1.16798
124	107	1.17501
124	108	0.741372
124	111	1.17305
124	112	1.1777
124	113	0.824807
124	119	1.1441
124	123	1.16982
124	128	1.10986
124	131	1.08215
124	135	1.1319
124	140	0.795503
124	149	0.844364
124	151	0.78392
124	153	0.901712
124	163	0.765906
124	168	0.819988
124	171	0.787262
124	174	1.02963
124	175	0.831388
124	176	0.822509
124	178	1.08488
124	179	1.13704
124	180	0.824821
125	18	1.21652
125	22	1.34508
125	33	1.08086
125	41	0.830548
125	42	1.19337
125	47	1.16877
125	49	1.07065
125	97	1.13509
125	104	1.19286
125	108	1.2042
125	120	1.17567
125	121	1.23472
125	126	1.20621
125	130	1.15158
125	131	0.760688
125	134	1.14425
125	139	1.1738
125	151	0.726333
125	153	1.10315
125	154	0.798344
125	155	1.19851
125	157	0.838055
125	160	0.767132
125	163	0.708319
125	168	0.762401
125	169	1.19321
125	170	0.773831
125	171	0.729675
125	174	0.865002
125	177	0.803408
125	179	1.19162
125	180	0.767234
126	18	1.21635
126	22	1.34491
126	33	1.08069
126	42	1.1932
126	47	1.16859
126	70	0.81018
126	97	1.13491
126	104	1.19269
126	108	1.20403
126	114	1.07081
126	120	1.1755
126	121	1.23455
126	125	1.20621
126	130	1.15141
126	131	0.778242
126	133	0.772302
126	134	1.14408
126	139	1.17363
126	144	0.733278
126	149	0.80433
126	151	0.743887
126	153	1.10298
126	155	1.19834
126	166	0.759566
126	167	0.772282
126	168	0.779955
126	169	1.19303
126	171	0.747229
126	172	0.794143
126	177	0.820962
126	178	0.81031
126	179	1.19144
127	17	1.19911
127	54	0.84114
127	56	1.16574
127	83	1.11481
127	84	1.12262
127	95	1.14522
127	109	1.18486
127	113	0.796875
127	122	1.16303
127	129	0.72259
127	132	1.19419
127	134	1.1278
127	136	0.734206
127	137	0.800556
127	138	1.17312
127	139	1.15735
127	142	1.14159
127	145	0.839046
127	146	1.19321
127	147	1.17671
127	148	0.853851
127	150	1.10373
127	152	1.17438
127	161	1.14904
127	165	0.727982
127	167	1.1577
127	172	0.806245
127	174	1.06776
127	175	0.803456
127	177	0.833064
127	178	0.822411
127	179	1.17517
127	180	0.796889
128	4	1.17849
128	7	1.19645
128	20	1.28203
128	23	1.12235
128	31	0.699741
128	40	1.069
128	60	1.22658
128	69	1.16421
128	74	1.17605
128	107	1.18765
128	108	0.728275
128	111	1.18568
128	112	1.19033
128	118	0.824438
128	119	1.15673
128	123	1.18245
128	124	1.10986
128	129	0.737425
128	131	1.09478
128	135	1.14453
128	144	0.760215
128	151	0.770823
128	153	0.888616
128	157	0.882546
128	158	1.11665
128	168	0.806892
128	173	0.805863
128	174	1.04226
128	175	0.818291
128	176	0.809412
128	178	1.09751
128	179	1.14967
128	180	0.811724
129	69	0.709888
129	84	0.798559
129	88	0.78629
129	90	0.642125
129	109	0.727549
129	111	0.673215
129	112	0.653407
129	127	0.72259
129	128	0.737425
129	138	0.736172
129	145	1.17188
129	146	0.701434
129	151	1.21579
129	152	0.718731
129	154	1.16009
129	158	1.17336
129	159	1.20597
129	160	1.19355
129	163	1.21041
129	164	1.17177
129	165	1.23006
129	166	1.19403
129	168	1.18684
129	169	0.685292
129	170	1.18492
129	171	1.22226
129	172	1.18239
129	173	1.17698
129	175	1.18341
129	176	1.19716
129	177	1.1484
129	178	1.15422
129	179	0.683738
129	180	1.19452
130	39	1.19844
130	46	1.14094
130	51	1.12917
130	53	1.12117
130	58	0.704461
130	62	1.07274
130	68	0.88096
130	96	1.10302
130	100	0.747698
130	102	0.810923
130	104	1.13806
130	106	1.08203
130	110	1.14284
130	115	1.15509
130	116	1.15519
130	117	1.15529
130	120	1.12087
130	121	1.17992
130	125	1.15158
130	126	1.15141
130	136	0.775325
130	142	1.10324
130	144	0.786498
130	158	0.815538
130	164	0.862034
130	166	0.812786
130	167	1.11935
130	168	0.833175
130	169	1.13841
130	171	0.800449
130	173	0.832146
130	174	0.935776
130	178	1.08465
130	179	1.13682
131	13	1.17299
131	25	1.06829
131	32	1.03755
131	45	0.769714
131	55	1.10622
131	59	0.832515
131	73	1.14972
131	77	1.22067
131	91	0.853499
131	92	0.762266
131	94	1.11897
131	95	0.821217
131	106	0.843908
131	112	1.16262
131	122	0.806719
131	123	1.15474
131	124	1.08215
131	125	0.760688
131	126	0.778242
131	128	1.09478
131	132	0.776248
131	135	1.11682
131	145	1.08745
131	152	0.786485
131	155	0.770405
131	169	0.753046
131	170	1.1005
131	171	1.13783
131	172	1.09797
131	173	1.09256
131	176	1.11274
131	177	1.06397
131	178	1.0698
131	179	1.12196
131	180	1.11009
132	5	1.22113
132	17	1.21981
132	56	1.18644
132	57	0.684821
132	83	1.13551
132	84	1.14332
132	95	1.16592
132	105	1.17702
132	109	1.20556
132	113	0.78278
132	122	1.18374
132	127	1.19419
132	131	0.776248
132	134	1.1485
132	136	0.720111
132	138	1.19382
132	139	1.17805
132	142	1.16229
132	143	0.801513
132	146	1.21391
132	147	1.19741
132	150	1.12443
132	152	1.19508
132	153	0.859686
132	156	0.81629
132	159	0.755254
132	161	1.16974
132	164	0.806821
132	165	0.713887
132	167	1.1784
132	171	0.745236
132	172	0.79215
132	174	1.08846
132	175	0.789361
132	176	0.780482
132	178	0.808316
132	179	1.19587
133	4	0.717884
133	14	0.780613
133	40	0.891985
133	51	0.742277
133	71	0.771293
133	81	0.81111
133	85	0.767546
133	105	0.799334
133	118	1.107
133	126	0.772302
133	135	0.762618
133	138	0.797986
133	141	1.13503
133	144	1.1771
133	145	1.12034
133	147	0.770856
133	149	1.10113
133	151	1.16425
133	153	1.06638
133	157	1.0781
133	159	1.15442
133	160	1.14201
133	162	1.05055
133	163	1.15887
133	164	1.12023
133	165	1.17852
133	166	1.14248
133	169	0.747106
133	171	1.17071
133	172	1.13085
133	173	1.12544
133	174	1.04743
133	175	1.13187
133	176	1.14562
133	177	1.09686
133	179	0.745552
133	180	1.14297
134	4	0.761967
134	48	0.812534
134	59	0.870658
134	61	0.749685
134	64	0.845666
134	66	0.782907
134	80	0.826363
134	95	1.09954
134	103	0.696497
134	104	1.13073
134	107	0.775847
134	110	0.81762
134	112	0.759303
134	115	0.806321
134	119	0.792535
134	120	1.11354
134	121	1.17259
134	122	1.11735
134	123	0.802097
134	125	1.14425
134	126	1.14408
134	127	1.1278
134	132	1.1485
134	141	1.10967
134	146	1.14753
134	147	1.13103
134	152	1.12869
134	155	1.13638
134	159	1.12907
134	164	1.09487
134	169	1.13108
134	170	1.10802
134	171	1.14536
134	175	1.10652
134	177	1.0715
134	179	1.12949
134	180	1.11762
135	4	1.20053
135	7	1.21848
135	14	1.18675
135	20	1.30406
135	23	1.14439
135	40	1.09104
135	60	1.24862
135	69	1.18625
135	74	1.19809
135	85	1.20265
135	107	1.20968
135	111	1.20772
135	112	1.21237
135	119	1.17877
135	123	1.20449
135	124	1.1319
135	128	1.14453
135	131	1.11682
135	133	0.762618
135	141	0.769461
135	142	0.775443
135	148	0.832066
135	151	0.734203
135	158	1.13869
135	159	0.747564
135	160	0.775002
135	161	0.791049
135	162	0.903597
135	164	0.799131
135	166	0.749883
135	171	0.737546
135	172	0.78446
135	174	1.0643
135	175	0.781671
135	176	0.772792
135	178	1.11955
135	179	1.17171
136	7	0.710869
136	15	0.652998
136	20	0.618471
136	34	1.29073
136	39	0.692131
136	52	1.23417
136	53	0.728878
136	70	1.1608
136	92	0.706129
136	103	0.602217
136	104	0.758111
136	109	0.739166
136	113	1.16994
136	115	0.712042
136	127	0.734206
136	130	0.775325
136	132	0.720111
136	139	0.730677
136	141	1.20888
136	145	1.19418
136	151	1.2381
136	156	1.18739
136	157	1.15195
136	159	1.22827
136	160	1.21586
136	161	1.20256
136	164	1.19408
136	165	1.25237
136	166	1.21633
136	168	1.20915
136	169	0.696909
136	170	1.20722
136	172	1.2047
136	175	1.20572
136	176	1.21947
136	177	1.1707
136	179	0.695355
136	180	1.21682
137	6	0.792907
137	9	1.18657
137	26	0.786375
137	33	0.882632
137	57	1.23219
137	60	0.71236
137	66	0.754978
137	100	1.16645
137	102	1.13596
137	112	0.731374
137	113	1.07814
