1	25	0.970634
1	58	0.970359
1	60	1.07689
1	63	1.07674
1	65	1.00998
1	81	0.982757
1	82	1.01978
1	88	0.899944
1	90	1.03729
1	147	0.985956
1	158	1.04915
1	175	1.2106
2	15	1.07595
2	17	1.0153
2	21	1.01187
2	33	0.96616
2	93	1.0953
2	96	1.01323
2	106	1.02762
2	143	0.881434
2	149	0.928127
2	169	1.00647
2	175	1.2178
2	178	1.05899
3	37	1.06645
3	41	0.857276
3	77	0.963344
3	80	1.06115
3	87	1.01738
3	98	1.07204
3	99	0.982342
3	155	1.03613
3	168	1.02319
3	169	1.06282
3	170	0.995153
3	176	1.15062
4	86	0.819733
4	111	0.899932
4	119	0.925692
4	126	0.872968
4	129	1.25909
4	135	0.899066
4	141	0.917603
4	161	0.934145
4	162	0.930642
4	170	1.19173
4	178	1.31191
4	180	1.27106
5	60	0.858147
5	91	0.924158
5	98	0.896484
5	128	0.97447
5	132	0.852675
5	173	1.03435
5	174	1.01633
5	175	1.00195
5	177	1.04609
5	178	1.04966
5	179	1.00138
5	180	1.06034
6	21	1.1729
6	40	1.23691
6	125	1.11167
6	161	1.04329
6	167	0.956735
6	172	0.934683
6	174	0.866935
6	176	0.891389
6	177	0.896697
6	178	0.900272
6	179	0.85199
6	180	0.910944
7	53	0.856493
7	125	1.03326
7	128	0.984068
7	132	1.04625
7	134	0.977954
7	138	1.05356
7	140	1.03509
7	144	1.05789
7	157	1.00728
7	159	1.08501
7	161	1.07082
7	169	1.07808
8	13	0.863012
8	18	0.982976
8	31	0.799953
8	95	0.990787
8	152	0.875148
8	171	1.06809
8	174	1.00395
8	175	0.989571
8	176	1.0284
8	177	1.03371
8	178	1.03728
8	180	1.04796
9	28	0.906925
9	48	0.859978
9	77	0.94362
9	78	0.957969
9	135	0.842112
9	154	1.14453
9	175	0.979436
9	176	1.01826
9	177	1.02357
9	178	1.02715
9	179	0.978865
9	180	1.03782
10	29	0.948779
10	103	0.959107
10	118	0.844337
10	125	0.891648
10	126	1.04001
10	152	0.864814
10	161	1.10118
10	162	1.09768
10	168	1.05818
10	176	0.976307
10	179	0.936907
10	180	0.995862
11	74	1.00287
11	112	1.02839
11	113	1.06619
11	120	0.98348
11	124	1.01884
11	147	1.04201
11	148	1.12497
11	149	0.976984
11	152	1.05501
11	154	0.940029
11	163	1.0088
11	170	1.04287
12	39	1.08108
12	56	0.977124
12	77	0.968979
12	80	1.06678
12	98	1.07767
12	99	0.987977
12	127	1.04417
12	147	0.969073
12	155	1.04176
12	159	0.989319
12	171	1.02047
12	176	1.0702
13	8	0.863012
13	78	0.964371
13	111	1.02585
13	119	1.05161
13	126	0.998886
13	141	1.04352
13	157	0.940718
13	161	1.06006
13	162	1.05656
13	164	0.96507
13	178	1.06404
13	179	1.20063
14	80	0.884399
14	111	1.08334
14	114	0.906928
14	119	1.1091
14	126	1.05638
14	131	0.915752
14	136	0.908474
14	140	0.9037
14	176	0.992678
14	178	1.00156
14	179	0.953278
14	180	1.01223
15	2	1.07595
15	17	1.0054
15	27	1.0106
15	72	1.03133
15	79	0.978653
15	93	1.0854
15	106	1.01773
15	129	0.944591
15	153	0.980968
15	170	0.877231
15	175	1.15622
15	179	1.134
16	68	1.05698
16	121	1.04919
16	122	1.0244
16	130	0.9984
16	133	1.0138
16	136	1.01384
16	137	1.04381
16	166	0.924855
16	168	0.950588
16	171	1.02829
16	172	1.01009
16	179	1.17932
17	2	1.0153
17	15	1.0054
17	36	1.02657
17	48	0.97231
17	72	0.970672
17	79	0.917997
17	96	0.94268
17	106	0.957072
17	145	1.05482
17	149	1.03596
17	164	1.06785
17	168	1.07468
17	174	1.26157
18	8	0.982976
18	23	0.85312
18	44	0.927896
18	54	0.960407
18	67	1.03966
18	88	1.03216
18	91	1.00689
18	97	0.975076
18	103	1.02509
18	152	1.01883
18	158	1.12279
18	163	1.08496
18	177	1.20819
19	125	0.979617
19	131	0.966652
19	132	0.992609
19	134	0.924314
19	138	0.999918
19	140	0.981451
19	142	1.06342
19	148	0.94069
19	162	1.01368
19	167	1.00977
19	173	1.18761
19	174	1.18345
19	180	1.04784
20	104	1.11113
20	109	0.774636
20	121	1.13718
20	122	1.11239
20	129	0.87638
20	130	1.08639
20	133	1.10179
20	135	1.12718
20	136	1.10183
20	137	1.1318
20	170	0.80902
20	173	1.02811
20	177	0.953383
21	2	1.01187
21	6	1.1729
21	29	0.964721
21	72	0.967242
21	79	0.914566
21	93	1.02132
21	96	0.939249
21	108	0.942253
21	139	1.04029
21	157	1.04092
21	163	1.0652
21	165	1.10841
21	166	1.04637
22	105	0.960823
22	110	0.991638
22	112	0.972486
22	113	1.01029
22	120	0.927576
22	124	0.962933
22	127	1.10948
22	155	0.982057
22	158	1.03899
22	163	1.00117
22	170	0.986972
22	171	1.08577
22	175	1.25902
23	18	0.85312
23	46	0.872153
23	54	0.827506
23	67	0.906759
23	71	0.851402
23	91	0.873987
23	97	0.842175
23	101	1.2272
23	103	0.892191
23	152	0.885931
23	159	1.40341
23	169	1.39648
23	180	1.40814
24	42	0.978375
24	58	0.916544
24	60	1.02307
24	63	1.02293
24	65	0.956169
24	81	0.928942
24	90	0.983479
24	147	1.09489
24	157	1.0374
24	158	0.995334
24	163	1.06168
24	166	1.04285
24	174	1.25548
25	1	0.970634
25	83	0.927713
25	99	1.09512
25	117	0.99561
25	162	0.977124
25	169	1.0214
25	173	0.968614
25	174	0.950593
25	176	0.975048
25	177	0.980356
25	178	0.983931
25	179	0.935648
25	180	0.994603
26	39	1.01066
26	41	0.98267
26	69	1.046
26	77	0.898567
26	80	0.996368
26	87	0.952605
26	88	1.08888
26	98	1.00726
26	99	0.917565
26	139	1.08447
26	155	0.971349
26	163	1.14169
26	169	1.18821
27	15	1.0106
27	33	0.900806
27	72	0.97587
27	79	0.923195
27	93	1.02994
27	106	0.962269
27	108	0.950881
27	139	1.04892
27	154	0.984575
27	156	1.02811
27	158	1.09117
27	171	1.13795
27	173	1.2513
28	9	0.906925
28	84	0.993282
28	94	0.954505
28	121	1.00088
28	122	0.976098
28	130	0.950095
28	133	0.965497
28	136	0.965534
28	137	0.995504
28	169	1.14073
28	170	1.07306
28	172	1.16061
28	180	1.15239
29	10	0.948779
29	21	0.964721
29	33	0.919014
29	72	0.994078
29	79	0.941403
29	96	0.966085
29	106	0.980477
29	108	0.969089
29	139	1.06713
29	143	0.98259
29	148	1.17727
29	160	1.21751
29	169	1.10763
30	34	1.03854
30	83	1.14318
30	110	1.13944
30	113	1.15809
30	120	1.07538
30	123	0.808304
30	124	1.11073
30	148	0.940771
30	159	0.878058
30	170	1.13477
30	175	1.08246
30	176	0.958936
30	180	0.882793
31	8	0.799953
31	81	1.07206
31	90	1.1266
31	130	1.0966
31	133	1.112
31	136	1.11204
31	137	1.14201
31	144	0.928271
31	158	1.13846
31	165	0.945145
31	166	0.883108
31	168	0.908842
31	177	1.02516
32	38	1.02129
32	44	0.905126
32	46	0.982284
32	71	0.961533
32	75	0.947306
32	91	0.984119
32	97	0.952306
32	103	1.00232
32	152	0.996062
32	164	1.11337
32	165	1.1565
32	166	1.09447
32	172	1.1797
33	2	0.96616
33	27	0.900806
33	29	0.919014
33	48	0.923172
33	72	0.921534
33	93	0.975608
33	96	0.893541
33	106	0.907933
33	115	1.2136
33	139	0.994582
33	149	1.13266
33	156	1.13924
33	167	1.1846
33	180	1.22267
34	30	1.03854
34	105	0.904994
34	112	0.916657
34	113	0.954461
34	120	0.871747
34	124	0.907104
34	152	0.943276
34	155	0.926228
34	156	1.12435
34	159	1.20305
34	164	1.14967
34	166	1.13076
34	170	0.931142
34	176	1.28393
35	59	1.06101
35	105	1.03985
35	110	1.07067
35	112	1.05152
35	120	1.00661
35	124	1.04196
35	150	0.871294
35	155	1.06109
35	156	0.904386
35	163	0.929628
35	164	0.929699
35	170	1.066
35	173	1.12758
35	175	1.18748
36	17	1.02657
36	48	1.05414
36	79	0.999823
36	93	1.10657
36	96	1.0245
36	106	1.0389
36	108	1.02751
36	139	1.12555
36	146	0.95698
36	157	0.932534
36	158	0.994638
36	169	1.00334
36	171	1.04142
36	172	1.02322
37	3	1.06645
37	53	0.785609
37	56	0.983238
37	69	1.12252
37	80	1.07289
37	87	1.02913
37	98	1.08379
37	99	0.994092
37	123	0.944372
37	155	1.04787
37	163	0.960671
37	166	0.94184
37	173	1.15863
37	174	1.15447
38	32	1.02129
38	46	1.0631
38	54	1.01845
38	71	1.04235
38	91	1.06493
38	97	1.03312
38	103	1.08314
38	152	1.07688
38	160	1.04967
38	166	0.874426
38	170	0.872119
38	171	0.977861
38	173	1.09121
38	174	1.08705
39	12	1.08108
39	26	1.01066
39	69	1.13151
39	77	0.984082
39	87	1.03812
39	98	1.09278
39	99	1.00308
39	107	0.837796
39	139	0.884398
39	155	1.05686
39	160	1.09802
39	164	0.941683
39	169	0.98814
39	175	1.19946
40	6	1.23691
40	61	0.958392
40	70	0.903495
40	92	0.934895
40	119	0.946494
40	126	0.89377
40	129	1.17544
40	135	0.919869
40	141	0.938405
40	154	1.06044
40	161	0.954947
40	162	0.951445
40	170	1.10808
40	177	1.25244
41	3	0.857276
41	26	0.98267
41	47	0.839904
41	103	0.912412
41	114	0.849191
41	119	1.11043
41	120	0.925154
41	126	1.05771
41	161	1.11888
41	162	1.11538
41	163	1.0801
41	175	0.955178
41	179	0.954607
41	180	1.01356
42	24	0.978375
42	58	0.916305
42	60	1.02284
42	63	1.02269
42	65	0.95593
42	81	0.928703
42	90	0.98324
42	158	0.995095
42	167	1.03328
42	170	0.992025
42	174	1.20696
42	176	1.1475
42	178	1.11221
43	52	1.00991
43	57	0.9497
43	84	0.934885
43	94	0.896108
43	121	0.942485
43	122	0.917701
43	133	0.9071
43	136	0.907137
43	137	0.937107
43	143	1.11456
43	146	1.19324
43	154	1.1243
43	157	1.16879
43	178	1.29212
44	18	0.927896
44	32	0.905126
44	67	0.981535
44	71	0.926178
44	91	0.948763
44	97	0.916951
44	102	0.86882
44	103	0.966966
44	152	0.960707
44	167	1.08959
44	168	1.07638
44	172	1.13588
44	174	1.26327
44	175	1.32733
45	46	0.9652
45	90	0.914444
45	120	0.994403
45	128	0.991675
45	130	1.01879
45	131	0.927264
45	133	1.03419
45	136	1.03423
45	137	1.0642
45	138	0.863385
45	174	0.945325
45	176	0.96978
45	177	0.975088
45	178	0.978663
45	180	0.989335
46	23	0.872153
46	32	0.982284
46	38	1.0631
46	45	0.9652
46	54	0.97944
46	71	1.00334
46	91	1.02592
46	97	0.994109
46	101	0.932219
46	103	1.04413
46	142	1.12873
46	152	1.03787
46	153	1.13756
46	164	1.05504
46	167	1.07508
47	41	0.839904
47	105	0.983082
47	110	1.0139
47	112	0.994745
47	113	1.03255
47	120	0.949836
47	124	0.985192
47	129	1.04514
47	152	1.02136
47	155	1.00432
47	156	0.973679
47	170	1.00923
47	172	1.06533
47	176	1.13325
47	179	1.23455
48	9	0.859978
48	17	0.97231
48	33	0.923172
48	36	1.05414
48	72	0.998236
48	93	1.05231
48	96	0.970243
48	106	0.984635
48	108	0.973247
48	139	1.07128
48	143	0.968744
48	144	1.07359
48	148	1.16342
48	156	1.02201
48	160	1.20366
49	52	0.828462
49	63	0.931437
49	87	0.976314
49	105	1.01908
49	119	0.905
49	124	0.986562
49	164	1.06818
49	168	1.06487
49	171	1.02269
49	175	0.944166
49	176	0.982994
49	177	0.988302
49	178	0.991877
49	179	0.943595
49	180	1.00255
50	56	0.977257
50	58	0.960356
50	77	0.969112
50	81	0.972754
50	87	1.02315
50	90	1.02729
50	99	0.98811
50	143	0.949119
50	145	1.01467
50	155	1.04189
50	157	1.00335
50	158	1.03915
50	163	1.02763
50	172	1.09404
50	179	1.26326
51	89	0.980702
51	114	0.969612
51	117	0.979848
51	118	0.985415
51	125	0.961179
51	128	0.91199
51	131	0.948214
51	134	0.905876
51	138	0.981481
51	140	0.963014
51	153	1.13327
51	156	1.02543
51	162	0.995243
51	163	1.05067
51	173	1.24863
51	175	1.30853
52	43	1.00991
52	49	0.828462
52	57	1.10455
52	94	1.05096
52	121	1.09734
52	122	1.07255
52	123	0.86005
52	130	1.04655
52	133	1.06195
52	136	1.06199
52	137	1.09196
52	158	0.914173
52	174	1.07014
52	175	1.1342
52	176	1.01068
52	180	0.93454
53	7	0.856493
53	37	0.785609
53	54	0.984383
53	105	0.8919
53	134	0.937695
53	135	0.854326
53	152	0.802072
53	169	1.11749
53	173	1.06471
53	174	1.04669
53	175	1.03232
53	176	1.07115
53	177	1.07645
53	178	1.08003
53	179	1.03175
53	180	1.0907
54	18	0.960407
54	23	0.827506
54	38	1.01845
54	46	0.97944
54	53	0.984383
54	67	1.01405
54	71	0.958689
54	76	1.07849
54	97	0.949462
54	102	0.901331
54	103	0.999478
54	107	1.05563
54	123	1.14315
54	151	1.16818
54	152	0.993218
54	178	1.25849
55	61	0.998738
55	78	0.8996
55	86	0.880881
55	92	0.97524
55	101	0.991793
55	111	0.961079
55	119	0.986839
55	126	0.934115
55	141	0.978751
55	151	1.12327
55	161	0.995292
55	162	0.99179
55	164	1.11461
55	168	1.12144
55	170	1.0934
55	174	1.30833
56	12	0.977124
56	37	0.983238
56	50	0.977257
56	69	1.02756
56	77	0.88013
56	80	0.977931
56	87	0.934167
56	98	0.988823
56	99	0.899128
56	142	1.13311
56	151	1.06807
56	154	0.990571
56	155	0.952911
56	167	1.07946
56	177	1.18257
56	179	1.29498
57	43	0.9497
57	52	1.10455
57	121	1.03712
57	122	1.01234
57	130	0.986337
57	133	1.00174
57	135	1.02713
57	136	1.00178
57	137	1.03175
57	141	1.04566
57	144	0.986137
57	150	0.901472
57	169	1.00633
57	174	1.1536
57	177	1.08303
57	178	1.05885
57	180	1.018
58	1	0.970359
58	24	0.916544
58	42	0.916305
58	50	0.960356
58	60	0.961004
58	63	0.960857
58	65	0.894099
58	76	1.10253
58	81	0.866872
58	90	0.921408
58	108	0.900547
58	150	1.12515
58	154	1.11471
58	158	0.933263
58	159	1.23694
58	172	1.24989
58	176	1.31782
59	35	1.06101
59	83	1.03079
59	104	1.18564
59	105	0.996238
59	110	1.02705
59	113	1.04571
59	120	0.962991
59	124	0.998348
59	146	0.904831
59	152	1.03452
59	153	0.987263
59	155	1.01747
59	160	1.06107
59	170	1.02239
59	176	1.039
59	177	1.02789
59	178	1.00371
60	1	1.07689
60	5	0.858147
60	24	1.02307
60	42	1.02284
60	58	0.961004
60	63	1.06739
60	65	1.00063
60	81	0.973402
60	90	1.02794
60	108	1.00708
60	150	0.906785
60	158	1.03979
60	165	1.00832
60	177	1.08834
60	178	1.06416
60	179	1.20075
60	180	1.02331
61	40	0.958392
61	55	0.998738
61	78	0.987825
61	86	0.969105
61	102	0.977416
61	107	0.919359
61	111	1.0493
61	116	0.972094
61	119	1.07506
61	126	1.02234
61	139	0.965961
61	144	1.04951
61	154	0.954401
61	161	1.08352
61	162	1.08001
61	165	1.06638
61	175	1.28103
62	89	1.07415
62	94	0.988749
62	121	1.03513
62	122	1.01034
62	130	0.984339
62	133	0.999741
62	135	1.02513
62	136	0.999778
62	137	1.02975
62	141	1.04367
62	142	1.03971
62	151	0.974676
62	160	1.12236
62	163	0.965946
62	171	1.05055
62	172	1.03235
62	180	1.02414
63	1	1.07674
63	24	1.02293
63	42	1.02269
63	49	0.931437
63	58	0.960857
63	60	1.06739
63	65	1.00048
63	81	0.973256
63	90	1.02779
63	108	1.00693
63	158	1.03965
63	163	0.979323
63	164	0.979395
63	167	0.999442
63	172	1.04573
63	173	1.17728
63	180	1.03751
64	100	1.02078
64	115	1.02362
64	118	1.04305
64	128	0.969621
64	131	1.00585
64	132	1.0318
64	134	0.963507
64	138	1.03911
64	140	1.02064
64	142	1.04826
64	149	0.942677
64	157	0.950214
64	160	1.1309
64	161	1.05638
64	162	1.05287
64	172	1.0409
64	178	1.07354
65	1	1.00998
65	24	0.956169
65	42	0.95593
65	58	0.894099
65	60	1.00063
65	63	1.00048
65	75	0.961644
65	81	0.906497
65	90	0.961034
65	108	0.940172
65	144	1.15397
65	147	1.16084
65	156	1.10239
65	158	0.972888
65	169	1.17416
65	172	1.19404
66	114	1.03174
66	117	1.04197
66	118	1.04754
66	125	1.0233
66	128	0.974116
66	131	1.01034
66	132	1.0363
66	134	0.968002
66	138	1.04361
66	140	1.02514
66	143	0.86395
66	145	0.929504
66	171	1.02706
66	174	1.13626
66	176	1.07679
66	179	1.17809
66	180	1.00065
67	18	1.03966
67	23	0.906759
67	44	0.981535
67	54	1.01405
67	71	1.03794
67	89	0.916247
67	91	1.06053
67	97	1.02872
67	102	0.980584
67	103	1.07873
67	129	1.03244
67	146	0.986385
67	152	1.07247
67	159	1.03967
67	170	0.96508
67	179	1.22185
67	180	1.04441
68	16	1.05698
68	94	0.991325
68	121	1.0377
68	122	1.01292
68	130	0.986914
68	133	1.00232
68	135	1.0277
68	136	1.00235
68	137	1.03232
68	139	0.894487
68	141	1.04624
68	159	1.00516
68	160	1.10811
68	165	0.994905
68	174	1.14549
68	178	1.05074
68	180	1.00989
69	26	1.046
69	37	1.12252
69	39	1.13151
69	56	1.02756
69	75	0.796701
69	77	1.01941
69	80	1.11722
69	87	1.07345
69	98	1.12811
69	99	1.03841
69	109	0.90717
69	116	0.911612
69	154	0.893919
69	155	1.0922
69	167	0.982811
69	172	1.0291
69	177	1.08592
69	178	1.06173
70	40	0.903495
70	78	0.932927
70	86	0.914207
70	92	1.00857
70	111	0.994406
70	119	1.02017
70	123	1.03624
70	126	0.967442
70	135	0.993541
70	141	1.01208
70	148	1.1687
70	150	0.994201
70	153	1.13513
70	157	1.02825
70	161	1.02862
70	162	1.02512
70	165	1.09574
70	178	1.15158
71	23	0.851402
71	32	0.961533
71	38	1.04235
71	44	0.926178
71	46	1.00334
71	54	0.958689
71	67	1.03794
71	91	1.00517
71	97	0.973358
71	103	1.02337
71	152	1.01711
71	159	1.03547
71	169	1.02854
71	171	1.06661
71	174	1.1758
71	176	1.11634
71	177	1.10524
71	178	1.08105
72	15	1.03133
72	17	0.970672
72	21	0.967242
72	27	0.97587
72	29	0.994078
72	33	0.921534
72	48	0.998236
72	79	0.943923
72	93	1.05067
72	96	0.968606
72	106	0.982998
72	145	0.979929
72	158	1.03071
72	165	1.03609
72	171	1.07749
72	174	1.18668
72	175	1.25074
72	180	1.05108
73	114	0.988364
73	118	1.00417
73	125	0.979931
73	128	0.930742
73	131	0.966966
73	132	0.992922
73	134	0.924628
73	138	1.00023
73	140	0.981765
73	149	1.02264
73	150	0.996126
73	156	1.02922
73	161	1.0175
73	162	1.01399
73	166	1.03563
73	169	1.10099
73	175	1.31231
73	180	1.11265
74	11	1.00287
74	83	0.995782
74	105	0.961224
74	110	0.992039
74	112	0.972888
74	113	1.01069
74	120	0.927978
74	124	0.963335
74	148	1.11006
74	152	0.999506
74	153	1.07649
74	155	0.982459
74	163	0.993894
74	164	0.993966
74	170	0.987373
74	171	1.0785
74	176	1.12823
74	179	1.22953
75	32	0.947306
75	65	0.961644
75	69	0.796701
75	98	0.837464
75	103	0.905437
75	121	0.804009
75	130	0.86297
75	162	0.793247
75	167	1.14313
75	172	1.12107
75	173	1.07135
75	174	1.05333
75	175	1.03895
75	176	1.07778
75	177	1.08309
75	178	1.08666
75	179	1.03838
75	180	1.09734
76	54	1.07849
76	58	1.10253
76	80	0.904725
76	86	1.07948
76	110	0.912781
76	122	0.907313
76	131	0.936078
76	143	1.12375
76	164	1.04852
76	172	1.00663
76	173	0.956898
76	174	0.938877
76	175	0.924503
76	176	0.963332
76	177	0.96864
76	178	0.972215
76	179	0.923932
76	180	0.982887
77	3	0.963344
77	9	0.94362
77	12	0.968979
77	26	0.898567
77	39	0.984082
77	50	0.969112
77	56	0.88013
77	69	1.01941
77	80	0.969786
77	87	0.926022
77	89	1.06092
77	98	0.980678
77	99	0.890983
77	104	1.41187
77	143	1.05239
77	155	0.944766
77	167	1.15101
77	168	1.1378
77	180	1.18909
78	9	0.957969
78	13	0.964371
78	55	0.8996
78	61	0.987825
78	70	0.932927
78	86	0.869968
78	92	0.964327
78	111	0.950166
78	119	0.975926
78	126	0.923202
78	141	0.967838
78	154	1.07647
78	161	0.984379
78	162	0.980877
78	166	1.12641
78	168	1.15215
78	170	1.12411
78	177	1.26847
78	178	1.24429
79	15	0.978653
79	17	0.917997
79	21	0.914566
79	27	0.923195
79	29	0.941403
79	36	0.999823
79	72	0.943923
79	93	0.997997
79	96	0.915931
79	106	0.930322
79	108	0.918935
79	116	1.07772
79	139	1.01697
79	143	1.05029
79	145	1.11585
79	157	1.10452
79	163	1.1288
79	171	1.21341
79	174	1.3226
80	3	1.06115
80	12	1.06678
80	14	0.884399
80	26	0.996368
80	37	1.07289
80	56	0.977931
80	69	1.11722
80	76	0.904725
80	77	0.969786
80	87	1.02382
80	89	0.915706
80	98	1.07848
80	99	0.988784
80	143	0.907167
80	145	0.972722
80	155	1.04257
80	169	1.03221
80	177	1.1089
80	179	1.22131
81	1	0.982757
81	24	0.928942
81	31	1.07206
81	42	0.928703
81	50	0.972754
81	58	0.866872
81	60	0.973402
81	63	0.973256
81	65	0.906497
81	90	0.933807
81	101	0.962807
81	108	0.912945
81	153	1.16815
81	158	0.945661
81	170	1.06442
81	174	1.27935
81	177	1.20878
81	178	1.1846
81	180	1.14374
82	1	1.01978
82	90	1.07124
82	110	1.06076
82	117	1.04475
82	122	0.997341
82	127	0.98488
82	130	0.971338
82	132	1.02668
82	133	0.98674
82	136	0.986777
82	137	1.01675
82	138	1.02018
82	155	1.00893
82	174	0.897874
82	175	0.8835
82	177	0.927637
82	178	0.931212
82	179	0.882929
82	180	0.941884
83	25	0.927713
83	30	1.14318
83	59	1.03079
83	74	0.995782
83	110	1.04045
83	112	1.0213
83	113	1.0591
83	120	0.97639
83	124	1.01175
83	146	0.909993
83	152	1.04792
83	155	1.03087
83	159	0.963282
83	160	1.06624
83	163	0.909826
83	169	0.956355
83	170	1.03578
83	173	1.10778
83	175	1.16768
84	28	0.993282
84	43	0.934885
84	89	1.06133
84	94	0.975933
84	121	1.02231
84	122	0.997525
84	130	0.971522
84	133	0.986924
84	135	1.01231
84	136	0.986961
84	137	1.01693
84	141	1.03085
84	148	1.11663
84	149	0.968639
84	156	0.975215
84	160	1.15687
84	164	1.00053
84	171	1.08506
84	172	1.06686
84	178	1.0995
85	95	1.00953
85	112	1.04374
85	114	1.05544
85	116	0.923494
85	120	0.998827
85	124	1.03418
85	131	1.03404
85	134	0.9917
85	138	1.0673
85	140	1.04884
85	146	0.97474
85	155	1.05331
85	157	0.950294
85	163	0.974574
85	166	0.955743
85	168	0.981476
85	170	1.05822
85	177	1.0978
85	179	1.21021
86	4	0.819733
86	55	0.880881
86	61	0.969105
86	70	0.914207
86	76	1.07948
86	78	0.869968
86	88	1.10763
86	92	0.945607
86	111	0.931447
86	119	0.957207
86	126	0.904483
86	135	0.930581
86	141	0.949118
86	154	1.09166
86	161	0.96566
86	162	0.962157
86	164	1.16051
86	176	1.29477
86	179	1.39607
86	180	1.21862
87	3	1.01738
87	26	0.952605
87	37	1.02913
87	39	1.03812
87	49	0.976314
87	50	1.02315
87	56	0.934167
87	69	1.07345
87	77	0.926022
87	80	1.02382
87	98	1.03472
87	99	0.945021
87	149	0.992383
87	151	1.03293
87	155	0.998804
87	159	1.07766
87	167	1.04432
87	169	1.07073
87	172	1.09061
87	178	1.12324
88	1	0.899944
88	18	1.03216
88	26	1.08888
88	86	1.10763
88	93	0.853677
88	118	0.903854
88	136	0.95695
88	152	0.924331
88	159	1.02791
88	165	1.03623
88	166	1.07745
88	169	1.02206
88	171	1.01541
88	172	1.01901
88	175	0.936887
88	176	0.975715
88	177	0.981023
88	178	0.984598
88	179	0.936316
88	180	0.995271
89	51	0.980702
89	62	1.07415
89	67	0.916247
89	77	1.06092
89	80	0.915706
89	84	1.06133
89	92	0.971136
89	103	1.00146
89	117	0.907752
89	120	1.0142
89	130	1.01815
89	133	1.03355
89	136	1.03358
89	137	1.06355
89	173	0.962702
89	174	0.944682
89	175	0.930307
89	176	0.969136
89	179	0.929737
89	180	0.988691
90	1	1.03729
90	24	0.983479
90	31	1.1266
90	42	0.98324
90	45	0.914444
90	50	1.02729
90	58	0.921408
90	60	1.02794
90	63	1.02779
90	65	0.961034
90	81	0.933807
90	82	1.07124
90	108	0.967482
90	143	0.9257
90	148	1.12038
90	156	0.978969
90	158	1.0002
90	164	1.00428
90	174	1.19801
90	176	1.13854
91	5	0.924158
91	18	1.00689
91	23	0.873987
91	32	0.984119
91	38	1.06493
91	44	0.948763
91	46	1.02592
91	67	1.06053
91	71	1.00517
91	97	0.995944
91	102	0.947813
91	103	1.04596
91	145	1.01817
91	148	1.1473
91	152	1.0397
91	154	0.962357
91	156	1.00589
91	160	1.18754
91	170	1.00999
91	177	1.15435
92	40	0.934895
92	55	0.97524
92	70	1.00857
92	78	0.964327
92	86	0.945607
92	89	0.971136
92	102	0.953918
92	111	1.02581
92	115	1.09023
92	119	1.05157
92	123	1.02481
92	126	0.998842
92	135	1.02494
92	142	1.11487
92	161	1.06002
92	162	1.05652
92	164	1.04118
92	168	1.04801
92	170	1.01997
92	180	1.0993
93	2	1.0953
93	15	1.0854
93	21	1.02132
93	27	1.02994
93	33	0.975608
93	36	1.10657
93	48	1.05231
93	72	1.05067
93	79	0.997997
93	88	0.853677
93	96	1.02268
93	104	1.18745
93	106	1.03707
93	139	1.12372
93	147	0.939689
93	157	0.8822
93	165	0.949686
93	168	0.913383
93	173	1.10444
93	177	1.02971
93	178	1.00552
94	28	0.954505
94	43	0.896108
94	52	1.05096
94	62	0.988749
94	68	0.991325
94	84	0.975933
94	121	0.983532
94	122	0.958748
94	130	0.932745
94	133	0.948147
94	136	0.948184
94	137	0.978154
94	141	0.992072
94	147	1.11991
94	150	1.02837
94	154	1.01793
94	163	1.0867
94	165	1.12991
94	166	1.06787
94	168	1.0936
94	179	1.32233
95	8	0.990787
95	85	1.00953
95	101	0.970026
95	114	0.975898
95	117	0.986133
95	118	0.9917
95	125	0.967465
95	128	0.918275
95	131	0.9545
95	132	0.980456
95	134	0.912161
95	140	0.969299
95	144	1.11911
95	148	0.928538
95	151	1.1015
95	161	1.00503
95	162	1.00153
95	164	1.09285
95	165	1.13598
95	167	1.11289
95	174	1.28657
96	2	1.01323
96	17	0.94268
96	21	0.939249
96	29	0.966085
96	33	0.893541
96	36	1.0245
96	48	0.970243
96	72	0.968606
96	79	0.915931
96	93	1.02268
96	106	0.955005
96	108	0.943617
96	115	1.1169
96	127	1.17608
96	139	1.04165
96	144	1.09411
96	150	1.00945
96	157	1.0435
96	160	1.22419
96	167	1.0879
96	169	1.11431
97	18	0.975076
97	23	0.842175
97	32	0.952306
97	38	1.03312
97	44	0.916951
97	46	0.994109
97	54	0.949462
97	67	1.02872
97	71	0.973358
97	91	0.995944
97	102	0.916
97	103	1.01415
97	127	1.17554
97	147	1.10044
97	151	1.07596
97	152	1.00789
97	157	1.04295
97	165	1.11044
97	170	1.04609
97	177	1.19046
97	180	1.12542
98	3	1.07204
98	5	0.896484
98	12	1.07767
98	26	1.00726
98	37	1.08379
98	39	1.09278
98	56	0.988823
98	69	1.12811
98	75	0.837464
98	77	0.980678
98	80	1.07848
98	87	1.03472
98	99	0.999676
98	139	0.946242
98	146	1.00362
98	151	1.01219
98	155	1.05346
98	156	0.978214
98	167	1.02357
98	170	0.982318
98	177	1.12668
99	3	0.982342
99	12	0.987977
99	25	1.09512
99	26	0.917565
99	37	0.994092
99	39	1.00308
99	50	0.98811
99	56	0.899128
99	69	1.03841
99	77	0.890983
99	80	0.988784
99	87	0.945021
99	98	0.999676
99	107	0.973415
99	149	1.04541
99	155	0.963765
99	157	1.05295
99	160	1.23364
99	167	1.09735
99	178	1.17627
99	180	1.13542
100	64	1.02078
100	107	1.08352
100	114	1.01534
100	117	1.02558
100	125	1.00691
100	128	0.957719
100	131	0.993943
100	132	1.0199
100	134	0.951605
100	138	1.02721
100	140	1.00874
100	143	0.883239
100	147	0.994958
100	158	0.999574
100	161	1.04447
100	162	1.04097
100	164	0.961821
100	165	1.00496
100	172	1.02816
100	173	1.15971
100	176	1.09608
100	179	1.19738
101	23	1.2272
101	46	0.932219
101	55	0.991793
101	81	0.962807
101	95	0.970026
101	112	0.886288
101	132	0.836899
101	133	0.919143
101	162	0.836491
101	163	1.07868
101	166	1.09432
101	167	1.05793
101	168	1.07446
101	169	1.03893
101	173	0.986149
101	174	0.968129
101	175	0.953754
101	176	0.992583
101	177	0.997891
101	178	1.00147
101	179	0.953184
101	180	1.01214
102	44	0.86882
102	54	0.901331
102	61	0.977416
102	67	0.980584
102	91	0.947813
102	92	0.953918
102	97	0.916
102	103	0.966016
102	111	0.939758
102	119	0.965517
102	126	0.912794
102	135	0.938892
102	146	1.11794
102	148	1.23395
102	152	0.959756
102	153	1.20038
102	158	1.1556
102	159	1.17123
102	162	0.970468
102	164	1.11785
102	170	1.09664
102	180	1.17597
103	10	0.959107
103	18	1.02509
103	23	0.892191
103	32	1.00232
103	38	1.08314
103	41	0.912412
103	44	0.966966
103	46	1.04413
103	54	0.999478
103	67	1.07873
103	71	1.02337
103	75	0.905437
103	89	1.00146
103	91	1.04596
103	97	1.01415
103	102	0.966016
103	116	1.02035
103	151	1.08016
103	152	1.0579
103	163	1.07143
103	167	1.09155
103	170	1.05029
104	20	1.11113
104	59	1.18564
104	77	1.41187
104	93	1.18745
104	122	1.26924
104	132	1.24062
104	154	0.974518
104	155	1.22287
104	164	0.933433
104	165	0.908762
104	166	0.949985
104	167	0.913594
104	168	0.930122
104	171	0.88794
104	173	0.841814
104	174	0.823794
104	175	0.80942
104	176	0.848248
104	177	0.853556
104	178	0.857131
104	179	0.808849
104	180	0.867804
105	22	0.960823
105	34	0.904994
105	35	1.03985
105	47	0.983082
105	49	1.01908
105	53	0.8919
105	59	0.996238
105	74	0.961224
105	110	1.00589
105	112	0.986742
105	113	1.02455
105	120	0.941833
105	123	1.05066
105	124	0.977189
105	147	1.10017
105	152	1.01336
105	155	0.996314
105	156	1.04172
105	157	1.04268
105	165	1.11017
105	170	1.00123
105	171	1.15157
105	176	1.2013
106	2	1.02762
106	15	1.01773
106	17	0.957072
106	27	0.962269
106	29	0.980477
106	33	0.907933
106	36	1.0389
106	48	0.984635
106	72	0.982998
106	79	0.930322
106	93	1.03707
106	96	0.955005
106	108	0.958009
106	139	1.05605
106	144	1.01579
106	146	0.989629
106	160	1.14587
106	163	0.989462
106	164	0.989534
106	169	1.03599
106	173	1.18742
106	175	1.24731
106	176	1.1238
107	39	0.837796
107	54	1.05563
107	61	0.919359
107	99	0.973415
107	100	1.08352
107	108	0.945045
107	110	0.889919
107	117	1.10022
107	124	0.930634
107	128	1.03237
107	132	1.09455
107	133	0.938075
107	134	1.02625
107	135	0.925573
107	138	1.10186
107	140	1.08339
107	155	0.838081
107	174	0.969789
107	175	0.955415
107	176	0.994244
107	177	0.999551
107	178	1.00313
107	179	0.954844
107	180	1.0138
108	21	0.942253
108	27	0.950881
108	29	0.969089
108	36	1.02751
108	48	0.973247
108	58	0.900547
108	60	1.00708
108	63	1.00693
108	65	0.940172
108	79	0.918935
108	81	0.912945
108	90	0.967482
108	96	0.943617
108	106	0.958009
108	107	0.945045
108	129	1.09508
108	158	0.979337
108	159	1.10232
108	165	1.09207
108	168	1.05576
108	169	1.09539
108	171	1.13346
108	174	1.24266
108	175	1.30671
109	20	0.774636
109	69	0.90717
109	112	0.953513
109	119	0.897365
109	130	0.973439
109	133	0.986368
109	136	0.954231
109	138	0.89763
109	157	1.10011
109	159	1.055
109	161	0.880071
109	162	0.903716
109	164	1.08799
109	165	1.06332
109	167	1.06815
109	171	1.0425
109	172	1.0461
109	173	0.996371
109	174	0.97835
109	175	0.963976
109	177	1.00811
109	178	1.01169
109	179	0.963405
109	180	1.02236
110	22	0.991638
110	30	1.13944
110	35	1.07067
110	47	1.0139
110	59	1.02705
110	74	0.992039
110	76	0.912781
110	82	1.06076
110	83	1.04045
110	105	1.00589
110	107	0.889919
110	112	1.01756
110	113	1.05536
110	120	0.972647
110	124	1.008
110	142	1.0675
110	143	0.915224
110	151	1.00246
110	155	1.02713
110	158	1.03156
110	165	1.03694
110	167	1.01385
110	170	1.03204
110	171	1.07834
111	4	0.899932
111	13	1.02585
111	14	1.08334
111	55	0.961079
111	61	1.0493
111	70	0.994406
111	78	0.950166
111	86	0.931447
111	92	1.02581
111	102	0.939758
111	119	1.03741
111	126	0.984682
111	139	0.947686
111	141	1.02932
111	146	1.00507
111	151	1.01363
111	157	0.980619
111	161	1.04586
111	162	1.04236
111	164	1.00497
111	169	1.05143
111	172	1.07131
111	176	1.13923
111	177	1.12812
111	179	1.24053
112	11	1.02839
112	22	0.972486
112	34	0.916657
112	35	1.05152
112	47	0.994745
112	74	0.972888
112	83	1.0213
112	85	1.04374
112	101	0.886288
112	105	0.986742
112	109	0.953513
112	110	1.01756
112	120	0.953496
112	124	0.988852
112	139	0.951822
112	149	0.977217
112	152	1.02502
112	153	1.09163
112	155	1.00798
112	166	0.990204
112	169	1.05556
112	170	1.01289
112	171	1.09364
112	174	1.20283
112	175	1.26689
113	11	1.06619
113	22	1.01029
113	30	1.15809
113	34	0.954461
113	47	1.03255
113	59	1.04571
113	74	1.01069
113	83	1.0591
113	105	1.02455
113	110	1.05536
113	115	1.00447
113	116	0.904265
113	120	0.9913
113	124	1.02666
113	145	0.942389
113	148	1.07151
113	150	0.897011
113	152	1.06283
113	154	0.886572
113	155	1.04578
113	168	0.962247
113	170	1.0507
113	173	1.1533
113	176	1.08968
113	177	1.07857
113	178	1.05439
114	14	0.906928
114	41	0.849191
114	51	0.969612
114	66	1.03174
114	73	0.988364
114	85	1.05544
114	95	0.975898
114	100	1.01534
114	117	1.03204
114	118	1.03761
114	123	0.991907
114	128	0.964183
114	129	1.05443
114	131	1.00041
114	132	1.02636
114	134	0.958069
114	138	1.03367
114	140	1.01521
114	143	0.929696
114	146	1.00837
114	159	1.06166
114	161	1.05094
114	162	1.04744
114	164	1.00828
114	173	1.20616
114	179	1.24384
114	180	1.0664
115	33	1.2136
115	64	1.02362
115	92	1.09023
115	96	1.1169
115	113	1.00447
115	136	1.05887
115	138	1.00227
115	152	1.02626
115	155	0.991018
115	156	1.02214
115	160	0.949388
115	161	0.984715
115	163	1.00646
115	164	1.00555
115	166	1.0221
115	167	0.985709
115	168	1.00224
115	169	0.966711
115	171	0.960056
115	173	0.91393
115	174	0.895909
115	175	0.881535
115	176	0.920364
115	177	0.925671
115	178	0.929246
115	179	0.880964
115	180	0.939919
116	61	0.972094
116	69	0.911612
116	79	1.07772
116	85	0.923494
116	103	1.02035
116	113	0.904265
116	120	1.03309
116	140	0.953899
116	141	0.915186
116	155	0.890817
116	156	1.07581
116	157	1.07134
116	162	0.908158
116	163	1.06013
116	165	1.03455
116	166	1.07577
116	168	1.05591
116	169	1.02038
116	171	1.01373
116	172	1.01733
116	173	0.9676
116	174	0.94958
116	176	0.974035
116	177	0.979342
116	178	0.982917
116	179	0.934635
116	180	0.99359
117	25	0.99561
117	51	0.979848
117	66	1.04197
117	82	1.04475
117	89	0.907752
117	95	0.986133
117	100	1.02558
117	107	1.10022
117	114	1.03204
117	118	1.04784
117	125	1.02361
117	127	1.08603
117	128	0.974418
117	131	1.01064
117	132	1.0366
117	134	0.968304
117	138	1.04391
117	139	0.920511
117	140	1.02544
117	148	0.984681
117	158	1.01555
117	161	1.06117
117	162	1.05767
117	166	0.958893
117	167	0.997842
117	168	0.984626
117	170	0.956586
117	172	1.04413
117	179	1.21336
118	10	0.844337
118	51	0.985415
118	64	1.04305
118	66	1.04754
118	73	1.00417
118	88	0.903854
118	95	0.9917
118	114	1.03761
118	117	1.04784
118	125	1.02917
118	128	0.979985
118	129	1.00288
118	131	1.01621
118	132	1.04217
118	134	0.973871
118	138	1.04948
118	139	0.899445
118	140	1.03101
118	142	1.03042
118	148	0.990248
118	153	1.03926
118	161	1.06674
118	162	1.06324
118	166	0.937826
118	171	1.04126
118	172	1.02307
118	175	1.21451
118	178	1.0557
118	179	1.19229
119	4	0.925692
119	13	1.05161
119	14	1.1091
119	40	0.946494
119	41	1.11043
119	49	0.905
119	55	0.986839
119	61	1.07506
119	70	1.02017
119	78	0.975926
119	86	0.957207
119	92	1.05157
119	102	0.965517
119	109	0.897365
119	111	1.03741
119	126	1.01044
119	135	1.03654
119	142	1.02665
119	146	0.953053
119	148	1.06905
119	158	0.990711
119	161	1.07162
119	162	1.06812
119	165	0.996092
119	167	0.973005
119	168	0.959789
119	173	1.15084
119	175	1.21074
119	178	1.05193
120	11	0.98348
120	22	0.927576
120	30	1.07538
120	34	0.871747
120	35	1.00661
120	41	0.925154
120	45	0.994403
120	47	0.949836
120	59	0.962991
120	74	0.927978
120	83	0.97639
120	85	0.998827
120	89	1.0142
120	105	0.941833
120	110	0.972647
120	112	0.953496
120	113	0.9913
120	116	1.03309
120	124	0.943943
120	152	0.980114
120	155	0.963067
120	159	1.13763
120	163	1.08417
120	166	1.06534
120	168	1.09107
120	170	0.967981
120	171	1.16877
120	174	1.27796
120	176	1.2185
121	16	1.04919
121	20	1.13718
121	28	1.00088
121	43	0.942485
121	52	1.09734
121	57	1.03712
121	62	1.03513
121	68	1.0377
121	75	0.804009
121	84	1.02231
121	94	0.983532
121	122	1.00512
121	123	0.953701
121	129	1.01622
121	130	0.979121
121	133	0.994524
121	135	1.01991
121	136	0.99456
121	137	1.02453
121	141	1.03845
121	147	1.00321
121	153	1.0526
121	163	0.97
121	166	0.951169
121	168	0.976902
121	171	1.0546
121	175	1.22785
121	179	1.20563
121	180	1.02819
122	16	1.0244
122	20	1.11239
122	28	0.976098
122	43	0.917701
122	52	1.07255
122	57	1.01234
122	62	1.01034
122	68	1.01292
122	76	0.907313
122	82	0.997341
122	84	0.997525
122	94	0.958748
122	104	1.26924
122	121	1.00512
122	130	0.954338
122	133	0.96974
122	135	0.995128
122	136	0.969777
122	137	0.999747
122	141	1.01366
122	143	0.909756
122	154	0.919494
122	163	0.988266
122	166	0.969435
122	167	1.00838
122	170	0.967128
122	173	1.18622
122	176	1.1226
122	177	1.11149
122	179	1.2239
123	30	0.808304
123	37	0.944372
123	52	0.86005
123	54	1.14315
123	70	1.03624
123	92	1.02481
123	105	1.05066
123	114	0.991907
123	121	0.953701
123	128	1.06514
123	133	1.02559
123	157	1.06262
123	161	0.919294
123	163	1.05141
123	164	1.0505
123	165	1.02583
123	166	1.06705
123	167	1.03066
123	168	1.04719
123	169	1.01166
123	171	1.00501
123	172	1.00861
123	173	0.95888
123	174	0.940859
123	175	0.926485
123	176	0.965314
123	177	0.970622
123	178	0.974197
123	179	0.925914
123	180	0.984869
124	11	1.01884
124	22	0.962933
124	30	1.11073
124	34	0.907104
124	35	1.04196
124	47	0.985192
124	49	0.986562
124	59	0.998348
124	74	0.963335
124	83	1.01175
124	85	1.03418
124	105	0.977189
124	107	0.930634
124	110	1.008
124	112	0.988852
124	113	1.02666
124	120	0.943943
124	144	1.06078
124	145	1.02149
124	147	1.06766
124	152	1.01547
124	155	0.998424
124	165	1.07765
124	166	1.01562
124	167	1.05457
124	168	1.04135
124	170	1.00334
124	172	1.10086
124	178	1.13349
124	180	1.09264
125	6	1.11167
125	7	1.03326
125	10	0.891648
125	19	0.979617
125	51	0.961179
125	66	1.0233
125	73	0.979931
125	95	0.967465
125	100	1.00691
125	117	1.02361
125	118	1.02917
125	127	1.11227
125	128	0.95575
125	131	0.991974
125	132	1.01793
125	134	0.949636
125	138	1.02524
125	140	1.00677
125	148	0.966012
125	151	1.0127
125	160	1.16038
125	161	1.04251
125	162	1.039
125	166	0.985138
125	167	1.02409
125	168	1.01087
125	169	1.0505
125	170	0.982831
125	176	1.1383
125	178	1.10301
126	4	0.872968
126	10	1.04001
126	13	0.998886
126	14	1.05638
126	40	0.89377
126	41	1.05771
126	55	0.934115
126	61	1.02234
126	70	0.967442
126	78	0.923202
126	86	0.904483
126	92	0.998842
126	102	0.912794
126	111	0.984682
126	119	1.01044
126	135	0.983816
126	141	1.00235
126	147	1.07922
126	148	1.16218
126	149	1.0142
126	150	0.987682
126	157	1.02174
126	159	1.09947
126	161	1.01889
126	162	1.01539
126	166	1.02718
126	170	1.02488
126	171	1.13062
126	177	1.16924
126	179	1.28165
126	180	1.10421
127	12	1.04417
127	22	1.10948
127	82	0.98488
127	96	1.17608
127	97	1.17554
127	117	1.08603
127	125	1.11227
127	128	1.18975
127	137	1.05534
127	153	0.950035
127	155	1.0502
127	159	0.945062
127	161	1.0439
127	162	1.06754
127	164	0.978052
127	165	0.953381
127	166	0.994604
127	167	0.958213
127	168	0.974741
127	169	0.939215
127	170	0.991397
127	171	0.932559
127	172	0.936161
127	173	0.886433
127	174	0.868413
127	175	0.854038
127	176	0.892867
127	177	0.898175
127	178	0.90175
127	179	0.853468
127	180	0.912422
128	5	0.97447
128	7	0.984068
128	45	0.991675
128	51	0.91199
128	64	0.969621
128	66	0.974116
128	73	0.930742
128	95	0.918275
128	100	0.957719
128	107	1.03237
128	114	0.964183
128	117	0.974418
128	118	0.979985
128	123	1.06514
128	125	0.95575
128	127	1.18975
128	131	0.942785
128	132	0.968741
128	134	0.900446
128	138	0.976051
128	139	1.02423
128	140	0.957584
128	145	1.06849
128	148	0.916823
128	151	1.09017
128	153	1.16404
128	158	1.11927
128	161	0.993316
128	162	0.989813
128	165	1.12465
128	179	1.31708
128	180	1.13963
129	4	1.25909
129	15	0.944591
129	20	0.87638
129	40	1.17544
129	47	1.04514
129	67	1.03244
129	108	1.09508
129	114	1.05443
129	118	1.00288
129	121	1.01622
129	134	1.15898
129	146	1.04725
129	152	1.02336
129	159	0.9755
129	160	0.95233
129	163	1.0094
129	164	1.00849
129	165	0.983819
129	166	1.02504
129	167	0.988651
129	168	1.00518
129	169	0.969653
129	171	0.962998
129	172	0.966599
129	173	0.916872
129	174	0.898851
129	175	0.884477
129	176	0.923306
129	177	0.928614
129	178	0.932189
129	179	0.883906
129	180	0.942861
130	16	0.9984
130	20	1.08639
130	28	0.950095
130	31	1.0966
130	45	1.01879
130	52	1.04655
130	57	0.986337
130	62	0.984339
130	68	0.986914
130	75	0.86297
130	82	0.971338
130	84	0.971522
130	89	1.01815
130	94	0.932745
130	109	0.973439
130	121	0.979121
130	122	0.954338
130	133	0.943737
130	135	0.969124
130	136	0.943774
130	137	0.973743
130	141	0.987661
130	145	1.016
130	147	1.06217
130	154	0.960188
130	157	1.00468
130	164	1.02903
130	166	1.01013
130	172	1.09537
130	173	1.22692
130	175	1.28681
130	176	1.16329
130	177	1.15219
131	14	0.915752
131	19	0.966652
131	45	0.927264
131	51	0.948214
131	64	1.00585
131	66	1.01034
131	73	0.966966
131	76	0.936078
131	85	1.03404
131	95	0.9545
131	100	0.993943
131	114	1.00041
131	117	1.01064
131	118	1.01621
131	125	0.991974
131	128	0.942785
131	132	1.00497
131	134	0.936671
131	138	1.01228
131	139	0.959818
131	140	0.993808
131	142	1.09079
131	148	0.953047
131	155	1.17087
131	156	0.991789
131	161	1.02954
131	162	1.02604
131	164	1.0171
131	167	1.03715
131	173	1.21499
131	176	1.15136
131	177	1.14026
131	178	1.11607
132	5	0.852675
132	7	1.04625
132	19	0.992609
132	64	1.0318
132	66	1.0363
132	73	0.992922
132	82	1.02668
132	95	0.980456
132	100	1.0199
132	101	0.836899
132	104	1.24062
132	107	1.09455
132	114	1.02636
132	117	1.0366
132	118	1.04217
132	125	1.01793
132	128	0.968741
132	131	1.00497
132	134	0.962627
132	138	1.03823
132	139	0.902433
132	140	1.01976
132	145	0.94669
132	148	0.979004
132	149	0.927828
132	158	0.99747
132	159	1.0131
132	161	1.0555
132	162	1.05199
132	164	0.959718
132	174	1.15344
132	175	1.2175
132	176	1.09398
132	180	1.01784
133	16	1.0138
133	20	1.10179
133	28	0.965497
133	31	1.112
133	43	0.9071
133	45	1.03419
133	52	1.06195
133	57	1.00174
133	62	0.999741
133	68	1.00232
133	82	0.98674
133	84	0.986924
133	89	1.03355
133	94	0.948147
133	101	0.919143
133	107	0.938075
133	109	0.986368
133	121	0.994524
133	122	0.96974
133	123	1.02559
133	130	0.943737
133	135	0.984527
133	136	0.959176
133	137	0.989146
133	139	0.984677
133	141	1.00306
133	151	1.05062
133	154	0.973118
133	158	1.07971
133	167	1.06201
133	170	1.02075
133	171	1.12649
133	176	1.17622
133	178	1.14093
133	180	1.10008
134	7	0.977954
134	19	0.924314
134	51	0.905876
134	53	0.937695
134	64	0.963507
134	66	0.968002
134	73	0.924628
134	85	0.9917
134	95	0.912161
134	100	0.951605
134	107	1.02625
134	114	0.958069
134	117	0.968304
134	118	0.973871
134	125	0.949636
134	128	0.900446
134	129	1.15898
134	131	0.936671
134	132	0.962627
134	138	0.969937
134	139	1.05554
134	140	0.95147
134	144	1.13909
134	148	0.910709
134	150	1.05442
134	153	1.19536
134	156	1.08752
134	161	0.987202
134	162	0.983699
134	165	1.15596
134	168	1.11966
134	170	1.09162
134	171	1.19736
134	177	1.23598
134	178	1.2118
135	4	0.899066
135	9	0.842112
135	20	1.12718
135	40	0.919869
135	53	0.854326
135	57	1.02713
135	62	1.02513
135	68	1.0277
135	70	0.993541
135	84	1.01231
135	86	0.930581
135	92	1.02494
135	102	0.938892
135	107	0.925573
135	119	1.03654
135	121	1.01991
135	122	0.995128
135	126	0.983816
135	130	0.969124
135	133	0.984527
135	136	0.984564
135	137	1.01453
135	144	1.05572
135	149	0.99757
135	154	0.960615
135	156	1.00415
135	161	1.04499
135	162	1.04149
135	166	1.01056
135	168	1.03629
135	173	1.22734
135	174	1.22318
135	177	1.15261
135	179	1.26502
135	180	1.08758
136	14	0.908474
136	16	1.01384
136	20	1.10183
136	28	0.965534
136	31	1.11204
136	43	0.907137
136	45	1.03423
136	52	1.06199
136	57	1.00178
136	62	0.999778
136	68	1.00235
136	82	0.986777
136	84	0.986961
136	88	0.95695
136	89	1.03358
136	94	0.948184
136	109	0.954231
136	115	1.05887
136	121	0.99456
136	122	0.969777
136	130	0.943774
136	133	0.959176
136	135	0.984564
136	137	0.989183
136	141	1.0031
136	150	0.95142
136	151	1.01848
136	158	1.04758
136	165	1.05296
136	168	1.01666
136	169	1.05628
136	172	1.07616
136	173	1.20771
136	176	1.14409
136	177	1.13298
137	16	1.04381
137	20	1.1318
137	28	0.995504
137	31	1.14201
137	43	0.937107
