1	74	1.04282
1	80	1.01273
1	86	1.04914
1	88	1.04296
1	94	1.07603
1	95	1.08287
1	98	1.03613
1	101	1.05357
1	144	0.917773
1	146	1.24515
1	171	1.00254
1	180	1.28395
2	24	0.942667
2	38	0.893257
2	50	0.973655
2	60	0.928306
2	65	0.937637
2	66	0.937155
2	82	0.938661
2	98	0.91265
2	125	1.14263
2	130	0.946946
2	135	1.24437
2	179	1.85892
3	18	0.669429
3	41	0.974084
3	53	1.0443
3	55	1.06022
3	57	1.00975
3	67	0.989149
3	81	1.12563
3	122	0.856622
3	155	1.0689
3	166	1.10952
3	168	1.26836
3	177	1.61763
4	31	0.858082
4	39	0.930295
4	51	0.909756
4	72	0.944944
4	74	0.948403
4	80	0.918309
4	86	0.954718
4	94	0.98161
4	101	0.959149
4	126	1.6366
4	131	1.17084
4	176	1.40037
5	24	1.05992
5	38	1.01051
5	50	1.09091
5	60	1.04556
5	63	0.760484
5	65	1.05489
5	66	1.05441
5	82	1.05591
5	93	1.04036
5	105	1.12009
5	167	0.936742
5	179	1.61991
6	15	1.00538
6	23	0.97368
6	45	0.915328
6	59	0.950281
6	61	0.963426
6	87	0.937576
6	119	1.0883
6	142	0.993129
6	162	1.65244
6	165	1.47846
6	175	0.880884
6	180	0.844723
7	124	1.23585
7	133	0.909845
7	136	0.951419
7	140	1.39034
7	145	0.918505
7	149	0.953037
7	154	0.961603
7	158	0.927769
7	159	0.930125
7	160	0.939925
7	171	1.6056
7	176	0.891149
8	40	1.04044
8	76	1.02102
8	78	1.01821
8	110	1.05002
8	118	1.03542
8	120	1.09282
8	123	1.02119
8	128	1.05624
8	144	0.822689
8	155	1.10558
8	168	1.20601
8	179	1.37495
9	68	1.03645
9	69	0.975725
9	111	1.05005
9	118	1.02905
9	123	1.01483
9	128	1.04987
9	141	1.09397
9	147	1.0793
9	154	1.08877
9	158	1.05493
9	160	1.06709
9	175	1.31643
10	32	1.00438
10	44	1.07919
10	53	1.03638
10	57	1.00183
10	67	0.981227
10	81	1.11771
10	83	0.914485
10	141	0.928122
10	153	1.03481
10	155	1.06098
10	166	1.10159
10	179	1.54615
11	27	1.05648
11	149	0.98496
11	159	0.918392
11	161	1.00888
11	169	0.986902
11	170	0.914983
11	172	0.950827
11	173	0.963754
11	174	0.880158
11	177	0.874514
11	178	0.918109
11	179	0.889016
12	31	0.847937
12	39	0.92015
12	72	0.9348
12	80	0.908164
12	86	0.944573
12	88	0.938397
12	94	0.971466
12	95	0.97831
12	97	1.11663
12	101	0.949004
12	172	1.28303
12	177	1.82549
13	95	0.797743
13	96	0.978831
13	146	1.24763
13	148	1.04338
13	149	1.07286
13	152	0.727549
13	158	1.04759
13	159	1.04994
13	160	1.05974
13	166	1.13249
13	176	1.01097
13	177	1.65285
14	38	0.894295
14	50	0.974693
14	60	0.929344
14	65	0.938675
14	66	0.938193
14	70	1.65839
14	82	0.939699
14	93	0.924145
14	98	0.913687
14	130	0.947984
14	171	1.26884
14	175	1.34076
15	6	1.00538
15	17	0.995623
15	59	1.08319
15	87	1.07048
15	124	1.13802
15	142	1.12604
15	169	0.93599
15	172	1.09517
15	175	1.01379
15	176	0.959967
15	179	1.45729
15	180	0.977632
16	20	1.04271
16	21	1.06157
16	34	0.988903
16	47	1.10171
16	62	1.01967
16	84	1.12983
16	121	1.04088
16	142	0.783453
16	153	0.979579
16	164	1.05304
16	176	0.993593
16	177	1.67125
17	15	0.995623
17	23	0.963925
17	30	0.943962
17	61	0.953671
17	87	0.927821
17	131	0.95317
17	134	1.31211
17	142	0.983374
17	167	1.12774
17	175	0.871129
17	179	1.8109
17	180	0.834968
18	3	0.669429
18	26	0.884563
18	117	0.843092
18	147	1.13468
18	153	1.11091
18	165	1.04105
18	166	0.595443
18	172	1.05131
18	173	1.06424
18	174	0.980642
18	178	1.01859
18	179	0.9895
19	35	1.16736
19	50	0.974805
19	65	0.938787
19	66	0.938305
19	82	0.939811
19	145	0.905166
19	151	1.48964
19	154	0.948263
19	158	0.91443
19	159	0.916786
19	160	0.926585
19	171	1.56681
20	16	1.04271
20	21	1.04967
20	42	0.969198
20	47	1.0898
20	83	1.02258
20	84	1.11793
20	90	1.06017
20	97	1.12572
20	108	1.00309
20	121	1.02897
20	164	1.04114
20	175	1.25867
21	16	1.06157
21	20	1.04967
21	34	0.995859
21	42	0.988061
21	47	1.10866
21	62	1.02663
21	84	1.13679
21	115	1.0177
21	147	1.10801
21	164	1.06
21	167	1.05755
21	176	1.24339
22	34	0.882055
22	75	1.31255
22	84	1.02299
22	121	0.934027
22	154	0.954503
22	158	0.920669
22	159	0.923025
22	160	0.932825
22	164	0.946196
22	165	1.47727
22	175	1.40968
22	176	0.884049
23	6	0.97368
23	17	0.963925
23	30	1.05493
23	49	0.979806
23	87	1.03879
23	104	0.801286
23	131	1.06414
23	141	1.00107
23	142	1.09434
23	173	1.20193
23	174	1.7657
23	175	0.982094
23	180	0.945934
24	2	0.942667
24	5	1.05992
24	45	1.00869
24	60	1.04483
24	82	1.05519
24	98	1.02917
24	122	1.20861
24	131	1.05629
24	152	1.04432
24	157	1.18026
24	175	0.974245
24	176	1.29196
24	180	0.938084
25	32	0.986694
25	41	0.94848
25	49	0.941166
25	55	1.03461
25	57	0.984145
25	67	0.963545
25	81	1.10002
25	134	1.16523
25	136	1.01981
25	155	1.0433
25	164	1.01204
25	166	1.08391
25	170	1.55876
26	18	0.884563
26	42	0.976741
26	47	1.09734
26	62	1.01531
26	84	1.12547
26	85	1.0381
26	90	1.06772
26	121	1.03651
26	132	1.16864
26	147	1.01973
26	164	1.04868
26	176	1.15511
27	11	1.05648
27	33	1.0269
27	64	1.03656
27	92	1.09463
27	99	1.01765
27	103	1.00115
27	111	1.00594
27	118	0.984948
27	120	1.04235
27	123	0.970721
27	128	1.00577
27	169	1.11354
27	172	1.27272
28	77	0.987955
28	99	1.01936
28	103	1.00287
28	111	1.00766
28	118	0.986663
28	120	1.04407
28	123	0.972437
28	124	0.835379
28	128	1.00748
28	144	1.12036
28	151	1.12795
28	155	1.05682
28	179	1.67262
29	77	0.987955
29	99	1.01936
29	103	1.00287
29	111	1.00766
29	118	0.986663
29	120	1.04407
29	123	0.972437
29	128	1.00748
29	132	0.926935
29	155	1.05682
29	172	1.0486
29	174	1.55733
29	180	1.22464
30	17	0.943962
30	23	1.05493
30	59	1.03153
30	61	1.04467
30	87	1.01882
30	104	1.04112
30	108	1.20779
30	124	1.08636
30	131	1.04417
30	167	1.17577
30	169	1.33764
30	175	0.962132
30	180	0.925971
31	4	0.858082
31	12	0.847937
31	51	0.88357
31	74	0.922217
31	80	0.892124
31	86	0.928532
31	88	0.922356
31	94	0.955425
31	95	0.962269
31	101	0.932964
31	144	1.45316
31	169	1.48412
31	175	1.60984
32	10	1.00438
32	25	0.986694
32	49	0.93025
32	55	1.0237
32	57	0.973229
32	67	0.952629
32	81	1.08911
32	105	1.1819
32	122	1.10104
32	140	0.998966
32	155	1.03238
32	166	1.07299
32	178	1.45831
33	27	1.0269
33	78	0.973406
33	95	1.16256
33	99	1.02332
33	102	1.05585
33	103	1.00682
33	111	1.01161
33	118	0.990615
33	123	0.976388
33	128	1.01143
33	150	1.161
33	155	1.06078
33	171	1.36984
34	16	0.988903
34	21	0.995859
34	22	0.882055
34	35	0.999382
34	42	0.91539
34	47	1.03599
34	62	0.953955
34	84	1.06412
34	90	1.00637
34	115	1.14332
34	121	0.97516
34	164	0.98733
34	167	1.18317
34	168	1.69739
35	19	1.16736
35	34	0.999382
35	87	0.780901
35	111	0.840035
35	132	1.03829
35	162	0.961384
35	168	0.965152
35	169	1.02343
35	171	0.996009
35	173	1.00028
35	176	1.01551
35	177	0.911038
35	178	0.954634
35	179	0.92554
36	51	0.947422
36	72	0.982611
36	74	0.986069
36	80	0.955976
36	86	0.992384
36	88	0.986208
36	89	0.955728
36	94	1.01928
36	98	0.979378
36	101	0.996815
36	140	0.906846
36	150	0.913265
36	170	1.48433
36	174	1.7362
37	56	0.797479
37	72	0.885555
37	99	0.941769
37	130	0.738141
37	147	1.06001
37	157	1.0611
37	168	0.954433
37	171	0.98529
37	172	0.976633
37	173	0.98956
37	176	1.00479
37	177	0.900319
37	178	0.943915
37	179	0.914822
38	2	0.893257
38	5	1.01051
38	14	0.894295
38	60	0.995421
38	65	1.00475
38	66	1.00427
38	82	1.00578
38	83	1.30976
38	93	0.990222
38	98	0.979764
38	119	1.22329
38	130	1.01406
38	152	1.19646
38	167	1.25826
39	4	0.930295
39	12	0.92015
39	51	0.955783
39	72	0.990972
39	74	0.99443
39	86	1.00075
39	88	0.994569
39	94	1.02764
39	98	0.98774
39	101	1.00518
39	121	1.12525
39	124	0.973051
39	176	1.31297
39	180	1.62421
40	8	1.04044
40	76	0.93927
40	85	0.994498
40	99	0.986375
40	103	0.96988
40	111	0.974667
40	118	0.953674
40	120	1.01108
40	123	0.939448
40	128	0.974492
40	136	1.14528
40	165	1.46152
40	167	1.10634
40	171	1.32201
41	3	0.974084
41	25	0.94848
41	44	1.01238
41	49	0.892036
41	53	0.96957
41	55	0.985482
41	67	0.914415
41	81	1.05089
41	134	1.11907
41	155	0.994166
41	166	1.03478
41	167	0.934703
41	173	1.2007
41	177	1.7982
42	20	0.969198
42	21	0.988061
42	26	0.976741
42	34	0.91539
42	47	1.02819
42	62	0.946156
42	84	1.05632
42	85	0.96895
42	121	0.967362
42	124	0.985521
42	138	1.15992
42	164	0.979531
42	169	1.30146
42	178	1.59936
43	113	1.08244
43	137	1.09845
43	139	1.10019
43	140	0.7833
43	143	1.07429
43	147	0.833348
43	148	1.07972
43	149	1.10919
43	158	1.08393
43	159	1.08628
43	160	1.09608
43	168	1.29711
43	176	1.04731
43	178	1.24264
44	10	1.07919
44	41	1.01238
44	53	1.0826
44	55	1.09851
44	57	1.04804
44	67	1.02744
44	81	1.16392
44	104	0.481831
44	155	1.10719
44	156	1.52624
44	166	1.14781
44	169	0.778344
44	170	1.19438
44	179	1.29965
45	6	0.915328
45	24	1.00869
45	59	0.993141
45	61	1.00629
45	87	0.980435
45	124	1.04798
45	131	1.00578
45	136	1.02161
45	142	1.03599
45	157	1.05681
45	172	1.30371
45	175	0.923743
45	179	1.66583
45	180	0.887582
46	68	1.05673
46	74	0.719208
46	97	1.0385
46	128	0.837453
46	134	1.00578
46	155	0.767243
46	156	0.9059
46	161	1.04473
46	167	1.06895
46	169	1.02275
46	174	0.916004
46	177	0.910359
46	178	0.953955
46	179	0.924862
47	16	1.10171
47	20	1.0898
47	21	1.10866
47	26	1.09734
47	34	1.03599
47	42	1.02819
47	62	1.06676
47	84	1.17692
47	93	0.938017
47	147	0.801461
47	162	1.28015
47	164	1.10013
47	173	1.01699
47	178	1.21075
48	117	1.06232
48	126	1.33186
48	133	1.01544
48	137	1.04788
48	141	0.974924
48	149	1.05863
48	150	0.916623
48	154	1.0672
48	158	1.03336
48	159	1.03572
48	160	1.04552
48	164	0.94096
48	166	1.11826
48	176	0.996743
48	178	1.36955
49	23	0.979806
49	25	0.941166
49	32	0.93025
49	41	0.892036
49	81	1.04358
49	83	1.31939
49	87	0.943702
49	121	1.26602
49	142	0.999256
49	150	1.27473
49	153	1.43972
49	155	0.986852
49	166	1.02747
49	175	0.88701
49	180	0.85085
50	2	0.973655
50	5	1.09091
50	14	0.974693
50	19	0.974805
50	60	1.07582
50	65	1.08515
50	66	1.08467
50	82	1.08617
50	92	1.09065
50	98	1.06016
50	102	0.849381
50	130	1.09446
50	167	0.947699
50	172	1.26874
50	178	1.40746
51	4	0.909756
51	31	0.88357
51	36	0.947422
51	39	0.955783
51	72	0.970432
51	74	0.973891
51	80	0.943797
51	88	0.97403
51	89	0.94355
51	94	1.0071
51	101	0.984637
51	167	0.966771
51	174	1.79654
51	176	1.15261
51	178	1.42653
52	76	1.02046
52	78	1.01766
52	99	1.06756
52	103	1.05107
52	109	0.924164
52	118	1.03486
52	120	1.09227
52	123	1.02064
52	128	1.05568
52	134	1.01508
52	138	0.951858
52	140	0.931956
52	155	1.10503
52	170	1.50944
52	172	1.25258
53	3	1.0443
53	10	1.03638
53	41	0.96957
53	44	1.0826
53	55	1.0557
53	57	1.00524
53	67	0.984635
53	79	1.57554
53	81	1.12111
53	142	0.7868
53	153	0.982927
53	155	1.06439
53	157	0.885243
53	166	1.105
53	180	1.30818
54	109	1.05003
54	113	1.35696
54	114	0.948501
54	116	0.933155
54	137	0.970356
54	143	0.946198
54	145	0.94657
54	148	0.951624
54	152	0.995606
54	154	0.989668
54	158	0.955834
54	159	0.95819
54	160	0.96799
54	176	0.919214
54	177	1.92091
55	3	1.06022
55	25	1.03461
55	32	1.0237
55	41	0.985482
55	44	1.09851
55	53	1.0557
55	57	1.02115
55	67	1.00055
55	106	1.16367
55	108	0.952517
55	150	0.927337
55	155	1.0803
55	166	1.12091
55	176	1.10634
55	178	1.38026
56	37	0.797479
56	73	0.990918
56	91	0.990548
56	106	1.13728
56	121	0.892237
56	133	0.991978
56	139	1.02617
56	143	1.00027
56	148	1.00569
56	154	1.04374
56	158	1.0099
56	159	1.01226
56	160	1.02206
56	162	1.42327
56	166	1.0948
56	180	1.39119
57	3	1.00975
57	10	1.00183
57	25	0.984145
57	32	0.973229
57	44	1.04804
57	53	1.00524
57	55	1.02115
57	67	0.95008
57	81	1.08656
57	112	1.15836
57	131	0.98344
57	142	1.00283
57	146	1.48542
57	155	1.02983
57	166	1.07045
57	176	1.21297
58	74	1.01982
58	93	0.99269
58	101	0.981187
58	135	0.993932
58	137	1.06455
58	140	1.01665
58	161	0.976141
58	165	0.907825
58	166	0.871714
58	168	0.895885
58	169	0.95416
58	171	0.926742
58	173	0.931011
58	177	0.841771
58	178	0.885367
58	179	0.856274
59	6	0.950281
59	15	1.08319
59	30	1.03153
59	45	0.993141
59	61	1.04124
59	87	1.01539
59	102	0.945447
59	124	1.08293
59	131	1.04074
59	135	1.11237
59	142	1.07094
59	151	1.18226
59	153	1.21559
59	165	1.39894
59	175	0.958696
59	180	0.922535
60	2	0.928306
60	5	1.04556
60	14	0.929344
60	24	1.04483
60	38	0.995421
60	50	1.07582
60	65	1.0398
60	66	1.03932
60	69	0.803803
60	82	1.04082
60	98	1.01481
60	130	1.04911
60	157	0.931058
60	163	1.7002
60	173	1.12291
60	178	1.31667
61	6	0.963426
61	17	0.953671
61	30	1.04467
61	45	1.00629
61	59	1.04124
61	70	1.5627
61	87	1.02853
61	124	1.09607
61	131	1.05388
61	135	1.02609
61	142	1.08409
61	153	1.12931
61	164	0.988657
61	171	1.17315
61	175	0.971841
61	180	0.93568
62	16	1.01967
62	21	1.02663
62	26	1.01531
62	34	0.953955
62	42	0.946156
62	47	1.06676
62	84	1.09489
62	85	1.00751
62	90	1.03713
62	108	0.8045
62	121	1.00593
62	153	0.944311
62	156	1.68224
62	164	1.0181
62	165	1.12766
62	168	1.28671
63	5	0.760484
63	96	1.11686
63	116	0.692344
63	141	1.11744
63	153	1.07954
63	154	0.622049
63	158	0.76728
63	163	0.951781
63	169	1.05602
63	171	1.0286
63	173	1.03287
63	175	1.02916
63	177	0.94363
63	178	0.987226
63	179	0.958132
63	180	0.993
64	27	1.03656
64	76	0.985872
64	78	0.983067
64	85	1.0411
64	93	1.21571
64	111	1.02127
64	118	1.00028
64	120	1.05768
64	123	0.986049
64	128	1.02109
64	134	0.980489
64	144	1.15959
64	153	1.20051
64	155	1.07044
64	157	1.10283
64	169	1.19055
65	2	0.937637
65	5	1.05489
65	14	0.938675
65	19	0.938787
65	38	1.00475
65	50	1.08515
65	60	1.0398
65	66	1.04865
65	82	1.05016
65	93	1.0346
65	130	1.05844
65	141	1.08579
65	147	1.07112
65	169	1.18252
65	175	1.30824
65	176	1.20649
66	2	0.937155
66	5	1.05441
66	14	0.938193
66	19	0.938305
66	38	1.00427
66	50	1.08467
66	60	1.03932
66	65	1.04865
66	82	1.04967
66	93	1.03412
66	130	1.05796
66	134	1.1866
66	140	1.00265
66	167	1.00224
66	168	1.51646
66	169	1.1641
67	3	0.989149
67	10	0.981227
67	25	0.963545
67	32	0.952629
67	41	0.914415
67	44	1.02744
67	53	0.984635
67	55	1.00055
67	57	0.95008
67	81	1.06596
67	129	1.08123
67	140	1.15552
67	152	1.0933
67	155	1.00923
67	161	1.28465
67	165	1.51028
67	166	1.04985
68	9	1.03645
68	46	1.05673
68	100	0.980838
68	127	0.98198
68	129	1.09191
68	135	1.23438
68	139	0.9982
68	143	0.972296
68	148	0.977722
68	149	1.0072
68	152	1.10397
68	154	1.01577
68	158	0.981933
68	159	0.984289
68	160	0.994088
68	173	1.43177
68	176	0.945312
69	9	0.975725
69	60	0.803803
69	87	0.911575
69	123	0.987101
69	159	0.760472
69	161	1.06697
69	162	0.98295
69	165	0.998658
69	168	0.986718
69	169	1.04499
69	170	0.973074
69	172	1.00892
69	174	0.938249
69	175	1.01814
69	177	0.932605
69	178	0.9762
69	179	0.947107
70	14	1.65839
70	61	1.5627
70	75	0.913764
70	85	1.35582
70	113	0.9192
70	150	0.979221
70	156	0.79256
70	162	0.847365
70	163	0.80517
70	169	0.909408
70	170	0.837489
70	173	0.88626
70	177	0.79702
70	178	0.840615
70	179	0.811522
70	180	0.84639
71	114	0.982843
71	116	0.967497
71	131	1.06889
71	139	1.00644
71	143	0.98054
71	145	0.980912
71	148	0.985966
71	149	1.01544
71	152	1.05078
71	154	1.02401
71	158	0.990176
71	159	0.992532
71	160	1.00233
71	161	1.24213
71	164	1.14375
71	176	0.953556
71	180	1.60966
72	4	0.944944
72	12	0.9348
72	36	0.982611
72	37	0.885555
72	39	0.990972
72	51	0.970432
72	74	1.00908
72	80	0.978986
72	86	1.01539
72	88	1.00922
72	94	1.04229
72	98	1.00239
72	101	1.01983
72	126	1.40426
72	136	1.02113
72	146	1.44047
72	176	1.16803
73	56	0.990918
73	79	1.67432
73	107	0.943606
73	112	1.0411
73	113	1.20943
73	117	1.01039
73	127	0.981479
73	143	0.971795
73	149	1.0067
73	154	1.01527
73	158	0.981432
73	159	0.983788
73	160	0.993587
73	161	1.03943
73	166	1.06633
73	173	1.17587
73	176	0.944811
74	1	1.04282
74	4	0.948403
74	31	0.922217
74	36	0.986069
74	39	0.99443
74	46	0.719208
74	51	0.973891
74	58	1.01982
74	72	1.00908
74	80	0.982444
74	86	1.01885
74	88	1.01268
74	89	0.982196
74	101	1.02328
74	146	1.28653
74	151	0.966743
74	156	1.73801
75	22	1.31255
75	70	0.913764
75	81	1.04341
75	144	0.965131
75	149	1.07061
75	151	0.976094
75	155	1.06675
75	157	0.99576
75	162	0.885326
75	163	0.843131
75	165	0.901034
75	169	0.947369
75	170	0.87545
75	171	0.919951
75	173	0.924221
75	178	0.878576
75	179	0.849483
76	8	1.02102
76	40	0.93927
76	52	1.02046
76	64	0.985872
76	77	0.935547
76	85	0.97508
76	93	0.959759
76	103	0.950462
76	105	0.956085
76	111	0.955249
76	118	0.934256
76	120	0.991658
76	123	0.92003
76	128	0.955074
76	155	1.00442
76	162	1.3019
76	174	1.60251
76	177	1.63624
77	28	0.987955
77	29	0.987955
77	76	0.935547
77	78	0.932742
77	99	0.982652
77	102	1.21967
77	103	0.966157
77	111	0.970944
77	118	0.949952
77	120	1.00735
77	123	0.935725
77	124	1.16391
77	125	1.28487
77	128	0.970769
77	134	0.930165
77	155	1.02011
77	161	1.44754
77	164	1.34916
78	8	1.01821
78	33	0.973406
78	52	1.01766
78	64	0.983067
78	77	0.932742
78	99	0.964151
78	103	0.947657
78	111	0.952444
78	118	0.931451
78	119	1.15054
78	120	0.988853
78	123	0.917225
78	128	0.952269
78	140	1.18593
78	142	1.16121
78	155	1.00161
78	165	1.54069
78	171	1.40118
79	53	1.57554
79	73	1.67432
79	137	1.63742
79	150	0.940712
79	151	0.899624
79	157	0.91929
79	161	0.892881
79	162	0.808856
79	167	0.917105
79	169	0.870899
79	171	0.843481
79	172	0.834825
79	174	0.764155
79	175	0.844042
79	177	0.758511
79	178	0.802106
79	179	0.773013
80	1	1.01273
80	4	0.918309
80	12	0.908164
80	31	0.892124
80	36	0.955976
80	51	0.943797
80	72	0.978986
80	74	0.982444
80	86	0.988759
80	88	0.982583
80	94	1.01565
80	95	1.0225
80	101	0.993191
80	113	1.5163
80	131	1.17305
80	136	1.25569
80	150	1.22358
80	164	1.24791
81	3	1.12563
81	10	1.11771
81	25	1.10002
81	32	1.08911
81	41	1.05089
81	44	1.16392
81	49	1.04358
81	53	1.12111
81	57	1.08656
81	67	1.06596
81	75	1.04341
81	95	0.861345
81	122	0.955442
81	136	0.891897
81	144	0.983856
81	150	0.859788
81	155	1.14571
81	166	1.18632
81	168	1.36718
82	2	0.938661
82	5	1.05591
82	14	0.939699
82	19	0.939811
82	24	1.05519
82	38	1.00578
82	50	1.08617
82	60	1.04082
82	65	1.05016
82	66	1.04967
82	93	1.03563
82	98	1.02517
82	112	0.983402
82	130	1.05946
82	157	0.92632
82	170	1.43007
82	171	1.06785
82	176	1.03802
82	179	1.53534
83	10	0.914485
83	20	1.02258
83	38	1.30976
83	49	1.31939
83	108	1.01763
83	115	1.01013
83	129	1.0462
83	140	1.02268
83	150	1.03
83	155	0.927786
83	156	0.843344
83	164	1.01442
83	169	0.960192
83	170	0.888273
83	171	0.932774
83	172	0.924117
83	177	0.847803
83	178	0.891399
83	179	0.862306
84	16	1.12983
84	20	1.11793
84	21	1.13679
84	22	1.02299
84	26	1.12547
84	34	1.06412
84	42	1.05632
84	47	1.17692
84	62	1.09489
84	85	1.11768
84	93	1.07067
84	95	0.892046
84	121	1.11609
84	134	1.06802
84	141	0.948789
84	142	0.859352
84	146	1.34194
84	151	1.02214
84	164	1.12826
85	26	1.0381
85	40	0.994498
85	42	0.96895
85	62	1.00751
85	64	1.0411
85	70	1.35582
85	76	0.97508
85	84	1.11768
85	90	1.05993
85	111	1.01048
85	120	1.04689
85	123	0.975258
85	124	0.596522
85	128	1.0103
85	136	0.789546
85	162	1.27976
85	164	1.04089
85	165	1.10578
85	177	1.6141
86	1	1.04914
86	4	0.954718
86	12	0.944573
86	31	0.928532
86	36	0.992384
86	39	1.00075
86	72	1.01539
86	74	1.01885
86	80	0.988759
86	88	1.01899
86	89	0.988512
86	94	1.05206
86	98	1.01216
86	101	1.0296
86	104	0.954996
86	105	1.27299
86	135	1.15826
86	138	1.10997
86	161	1.2192
86	178	1.5494
87	6	0.937576
87	15	1.07048
87	17	0.927821
87	23	1.03879
87	30	1.01882
87	35	0.780901
87	45	0.980435
87	49	0.943702
87	59	1.01539
87	61	1.02853
87	69	0.911575
87	124	1.07022
87	131	1.02803
87	142	1.05824
87	157	1.03883
87	164	0.995859
87	172	1.28573
87	175	0.94599
87	177	1.82819
87	180	0.90983
88	1	1.04296
88	12	0.938397
88	31	0.922356
88	36	0.986208
88	39	0.994569
88	51	0.97403
88	72	1.00922
88	74	1.01268
88	80	0.982583
88	86	1.01899
88	89	0.982336
88	94	1.04588
88	95	1.05273
88	101	1.02342
88	126	1.30887
88	138	0.907115
88	146	1.34508
88	157	0.960939
88	161	1.01634
88	174	1.71656
89	36	0.955728
89	51	0.94355
89	74	0.982196
89	86	0.988512
89	88	0.982336
89	92	1.07154
89	94	1.0154
89	101	0.992943
89	132	1.12796
89	137	0.990658
89	143	0.966499
89	145	0.966872
89	148	0.971926
89	154	1.00997
89	159	0.978492
89	160	0.988292
89	161	1.05814
89	163	1.77188
89	171	1.14426
89	176	0.939515
89	178	1.38835
90	20	1.06017
90	26	1.06772
90	34	1.00637
90	62	1.03713
90	85	1.05993
90	92	0.851639
90	106	0.951853
90	110	1.06692
90	121	1.05834
90	122	0.811176
90	133	1.02706
90	137	1.0595
90	143	1.03534
90	145	1.03572
90	158	1.04498
90	159	1.04734
90	160	1.05714
90	164	1.07051
90	168	1.22291
90	170	1.28658
90	177	1.57219
91	56	0.990548
91	97	1.19657
91	100	0.979967
91	110	1.40017
91	114	0.973728
91	116	0.958382
91	117	1.01002
91	119	1.00696
91	127	0.981109
91	133	0.963137
91	143	0.971425
91	145	0.971798
91	148	0.976851
91	149	1.00633
91	150	1.04877
91	158	0.981061
91	159	0.983418
91	160	0.993217
91	162	1.57109
91	173	1.30793
91	176	0.944441
92	27	1.09463
92	50	1.09065
92	89	1.07154
92	90	0.851639
92	95	1.05061
92	104	1.12052
92	130	0.977729
92	153	0.999318
92	157	1.02419
92	158	1.08649
92	161	0.997775
92	167	1.022
92	168	0.917519
92	169	0.975794
92	170	0.903875
92	171	0.948376
92	172	0.939719
92	173	0.952646
92	174	0.86905
92	177	0.863405
92	178	0.907001
92	179	0.877908
93	5	1.04036
93	14	0.924145
93	38	0.990222
93	47	0.938017
93	58	0.99269
93	64	1.21571
93	65	1.0346
93	66	1.03412
93	76	0.959759
93	82	1.03563
93	84	1.07067
93	100	1.13651
93	130	1.04391
93	165	0.935208
93	166	0.867167
93	170	0.909624
93	171	0.954125
93	172	0.945468
93	174	0.874798
93	177	0.869154
93	178	0.91275
93	179	0.883657
94	1	1.07603
94	4	0.98161
94	12	0.971466
94	31	0.955425
94	36	1.01928
94	39	1.02764
94	51	1.0071
94	72	1.04229
94	80	1.01565
94	86	1.05206
94	88	1.04588
94	89	1.0154
94	95	1.0858
94	98	1.03905
94	101	1.05649
94	136	0.940955
94	141	0.967147
94	151	1.0405
94	156	1.81177
94	161	1.03156
94	175	1.1896
94	176	1.08785
95	1	1.08287
95	12	0.97831
95	13	0.797743
95	31	0.962269
95	33	1.16256
95	80	1.0225
95	81	0.861345
95	84	0.892046
95	88	1.05273
95	92	1.05061
95	94	1.0858
95	98	1.0459
95	101	1.06334
95	109	1.08566
95	116	0.876994
95	156	0.90098
95	159	0.821977
95	160	0.825928
95	168	0.959552
95	172	0.981753
95	173	0.994679
95	177	0.905439
95	179	0.919941
96	13	0.978831
96	63	1.11686
96	106	1.53628
96	114	0.924326
96	117	0.960616
96	127	0.931706
96	130	0.965326
96	133	0.913735
96	137	0.946181
96	138	1.31343
96	139	0.947926
96	142	1.26881
96	145	0.922395
96	147	1.34358
96	148	0.927449
96	149	0.956927
96	154	0.965493
96	157	1.36726
96	158	0.931659
96	159	0.934016
96	160	0.943815
96	166	1.01656
96	176	0.895039
97	12	1.11663
97	20	1.12572
97	46	1.0385
97	91	1.19657
97	115	1.0087
97	127	1.04411
97	146	0.917982
97	150	1.02858
97	151	0.987489
97	152	1.03307
97	154	0.952943
97	157	1.00716
97	162	0.896721
97	166	0.834783
97	167	1.00497
97	169	0.958764
97	170	0.886845
97	172	0.922689
97	173	0.935616
97	174	0.85202
97	177	0.846376
97	178	0.889971
97	179	0.860878
98	1	1.03613
98	2	0.91265
98	14	0.913687
98	24	1.02917
98	36	0.979378
98	38	0.979764
98	39	0.98774
98	50	1.06016
98	60	1.01481
98	72	1.00239
98	82	1.02517
98	86	1.01216
98	94	1.03905
98	95	1.0459
98	101	1.01659
98	110	1.38878
98	124	0.876469
98	130	1.03345
98	141	1.09568
98	144	1.16145
98	172	1.35159
98	173	1.29654
98	176	1.21639
99	27	1.01765
99	28	1.01936
99	29	1.01936
99	33	1.02332
99	37	0.941769
99	40	0.986375
99	52	1.06756
99	77	0.982652
99	78	0.964151
99	103	0.997566
99	111	1.00235
99	118	0.981361
99	120	1.03876
99	123	0.967134
99	128	1.00218
99	134	0.961574
99	152	0.976602
99	155	1.05152
99	157	1.11255
99	162	1.56756
99	164	1.06958
99	171	1.25407
99	176	1.22424
100	68	0.980838
100	91	0.979967
100	93	1.13651
100	124	0.795407
100	127	0.999369
100	129	0.875618
100	133	0.981398
100	137	1.01384
100	139	1.01559
100	142	0.925187
100	143	0.989685
100	145	0.990058
100	146	1.40777
100	148	0.995112
100	149	1.02459
100	154	1.03316
100	158	0.999322
100	159	1.00168
100	160	1.01148
100	163	1.79277
100	166	1.08422
100	173	1.21548
100	176	0.962702
101	1	1.05357
101	4	0.959149
101	12	0.949004
101	31	0.932964
101	36	0.996815
101	39	1.00518
101	51	0.984637
101	58	0.981187
101	72	1.01983
101	74	1.02328
101	80	0.993191
101	86	1.0296
101	88	1.02342
101	89	0.992943
101	94	1.05649
101	95	1.06334
101	98	1.01659
101	138	0.809939
101	168	1.30384
101	169	0.951482
101	170	1.36752
101	179	1.47279
101	180	1.2867
102	33	1.05585
102	50	0.849381
102	59	0.945447
102	77	1.21967
102	118	0.902966
102	126	0.985512
102	133	0.833904
102	138	1.07914
102	146	0.978612
102	148	0.740574
102	151	1.04812
102	153	1.04292
102	161	1.04138
102	162	0.957352
102	163	0.915157
102	167	1.0656
102	168	0.96112
102	169	1.01939
102	170	0.947476
102	171	0.991977
102	177	0.907006
102	178	0.950602
102	179	0.921508
102	180	0.956377
103	27	1.00115
103	28	1.00287
103	29	1.00287
103	33	1.00682
103	40	0.96988
103	52	1.05107
103	76	0.950462
103	77	0.966157
103	78	0.947657
103	99	0.997566
103	111	0.985859
103	112	1.08513
103	118	0.964866
103	120	1.02227
103	123	0.95064
103	128	0.985684
103	129	0.88004
103	131	0.910214
103	134	0.945079
103	136	0.992853
103	155	1.03503
103	170	1.53181
103	177	1.81741
103	180	1.45099
104	23	0.801286
104	30	1.04112
104	44	0.481831
104	86	0.954996
104	92	1.12052
104	107	0.919659
104	117	0.793145
104	135	1.12751
104	144	1.1055
104	147	1.13504
104	154	0.663655
104	156	0.970893
104	159	0.678933
104	162	1.0257
104	165	1.04141
104	167	1.13395
104	170	1.01582
104	172	1.05167
104	173	1.06459
104	174	0.980996
104	177	0.975352
104	178	1.01895
104	179	0.989854
104	180	1.02472
105	5	1.12009
105	32	1.1819
105	76	0.956085
105	86	1.27299
105	106	0.952372
105	110	0.915759
105	111	1.20717
105	120	1.05916
105	122	0.975257
105	126	0.914246
105	138	1.00787
105	151	0.976854
105	152	1.02243
105	164	1.00236
105	165	0.901794
105	167	0.994335
105	168	0.889854
105	169	0.948129
105	170	0.876209
105	171	0.920711
105	173	0.92498
105	177	0.83574
105	178	0.879336
105	179	0.850242
106	55	1.16367
106	56	1.13728
106	90	0.951853
106	96	1.53628
106	105	0.952372
106	109	1.01509
106	110	0.914887
106	129	1.03327
106	146	0.906474
106	151	0.975982
106	152	1.02156
106	153	0.970781
106	159	1.05675
106	161	0.969238
106	162	0.885214
106	163	0.843019
106	165	0.900922
106	166	0.923313
106	167	0.993463
106	169	0.947257
106	174	0.840512
106	177	0.834868
106	178	0.878464
106	180	0.884238
107	73	0.943606
107	104	0.919659
107	116	0.939911
107	117	0.991547
107	127	0.962638
107	130	0.996257
107	133	0.944666
107	134	1.23868
107	135	1.12292
107	137	0.977113
107	139	0.978857
107	143	0.952954
107	145	0.953327
107	148	0.95838
107	149	0.987858
107	154	0.996424
107	157	1.12845
107	158	0.96259
107	159	0.964947
107	160	0.974746
107	162	1.58347
107	166	1.04749
107	167	1.05431
107	176	0.92597
107	179	1.73748
108	20	1.00309
108	30	1.20779
108	55	0.952517
108	62	0.8045
108	83	1.01763
108	110	0.968081
108	118	1.0333
108	131	1.05563
108	148	0.870907
108	150	1.07026
108	152	1.07475
108	156	0.883603
108	158	0.975552
108	161	1.02243
108	163	0.896213
108	165	0.954116
108	167	1.04666
108	168	0.942176
108	170	0.928532
108	171	0.973033
108	172	0.964376
108	173	0.977302
108	174	0.893706
108	177	0.888062
108	179	0.902564
109	52	0.924164
109	54	1.05003
109	95	1.08566
109	106	1.01509
109	114	0.998504
109	116	0.861225
109	134	0.993884
109	137	0.865604
109	144	1.02861
109	146	0.970065
109	153	1.03437
109	154	0.79093
109	156	0.893999
109	157	1.05924
109	158	0.936161
109	163	0.906609
109	168	0.952572
109	169	1.01085
109	170	0.938928
109	171	0.983429
109	174	0.904102
109	177	0.898458
109	178	0.942054
109	179	0.912961
109	180	0.947829
110	8	1.05002
110	90	1.06692
110	91	1.40017
110	98	1.38878
110	105	0.915759
110	106	0.914887
110	108	0.968081
110	115	0.960581
110	116	1.22683
110	119	0.97296
110	125	0.963816
110	141	0.972067
110	149	1.23838
110	152	0.984946
110	157	0.959034
110	161	0.932625
110	165	0.864308
110	167	0.956849
110	169	0.910643
110	172	0.874568
110	173	0.887495
110	174	0.803899
110	175	0.883786
110	177	0.798255
110	178	0.84185
110	179	0.812757
111	9	1.05005
111	27	1.00594
111	28	1.00766
111	29	1.00766
111	33	1.01161
111	35	0.840035
111	40	0.974667
111	64	1.02127
111	76	0.955249
111	77	0.970944
111	78	0.952444
111	85	1.01048
111	99	1.00235
111	103	0.985859
111	105	1.20717
111	115	0.983971
111	118	0.969653
111	120	1.02705
111	123	0.955427
111	128	0.990471
111	134	0.949866
111	138	1.04414
111	150	1.03066
111	151	1.16231
111	155	1.03981
111	163	1.86711
111	176	1.20966
112	57	1.15836
112	73	1.0411
112	82	0.983402
112	103	1.08513
112	118	1.13251
112	125	1.01808
112	135	1.00468
112	142	1.05029
112	145	1.09254
112	146	0.924123
112	150	1.03472
112	152	1.03921
112	153	0.98843
112	156	0.848058
112	160	0.948759
112	162	0.902863
112	163	0.860668
112	165	0.918571
112	167	1.01111
112	169	0.964906
112	171	0.937488
112	173	0.941757
112	174	0.858161
112	175	0.938048
112	177	0.852517
112	178	0.896113
112	179	0.867019
113	43	1.08244
113	54	1.35696
113	70	0.9192
113	73	1.20943
113	80	1.5163
113	119	1.01512
113	133	1.23178
113	146	0.912022
113	151	0.98153
113	156	0.835957
113	163	0.848567
113	164	1.00703
113	165	0.90647
113	166	0.979702
113	168	0.89453
113	169	0.952805
113	170	0.880886
113	171	0.925387
113	172	0.91673
113	173	0.929656
113	174	0.84606
113	175	0.925948
113	177	0.840416
113	178	0.884012
113	179	0.854919
113	180	0.889787
114	54	0.948501
114	71	0.982843
114	91	0.973728
114	96	0.924326
114	109	0.998504
114	116	0.970404
114	117	1.02204
114	119	0.970902
114	127	0.99313
114	130	1.02675
114	133	0.975159
114	139	1.00935
114	142	0.981579
114	143	0.983446
114	145	0.983819
114	149	1.01835
114	151	1.14437
114	154	1.02692
114	158	0.993083
114	159	0.995439
114	160	1.00524
114	166	1.07798
114	169	1.16774
114	170	1.58378
114	171	1.22155
114	176	0.956463
114	180	1.50296
115	21	1.0177
115	34	1.14332
115	83	1.01013
115	97	1.0087
115	110	0.960581
115	111	0.983971
115	117	0.887946
115	118	0.961433
115	119	1.05527
115	122	1.02008
115	130	0.794925
115	138	1.05269
115	141	1.05437
115	147	1.04025
115	150	1.06276
115	158	0.903687
115	161	1.01493
115	163	0.888713
115	165	0.946616
115	166	0.640296
115	167	1.03916
115	170	0.921032
115	171	0.965533
115	172	0.956876
115	174	0.886206
115	177	0.880562
115	178	0.924158
115	179	0.895064
116	54	0.933155
116	63	0.692344
116	71	0.967497
116	91	0.958382
116	95	0.876994
116	107	0.939911
116	109	0.861225
116	110	1.22683
116	114	0.970404
116	117	1.00669
116	127	0.977784
116	133	0.959813
116	136	1.00139
116	137	0.992259
116	139	0.994004
116	143	0.9681
116	145	0.968473
116	148	0.973527
116	149	1.003
116	153	1.04043
116	158	0.977737
116	159	0.980093
116	160	0.989893
116	163	1.71189
116	166	1.06263
116	173	1.13459
116	174	1.69837
116	176	0.941117
117	18	0.843092
117	48	1.06232
117	73	1.01039
117	91	1.01002
117	96	0.960616
117	104	0.793145
117	107	0.991547
117	114	1.02204
117	115	0.887946
117	116	1.00669
117	133	1.01145
117	137	1.04389
117	138	0.948114
117	139	1.04564
117	140	0.928212
117	143	1.01974
117	145	1.02011
117	147	0.97826
117	148	1.02516
117	149	1.05464
117	154	1.06321
117	158	1.02937
117	159	1.03173
117	160	1.04153
117	165	1.28297
117	166	1.11427
117	172	1.24884
117	174	1.75756
118	8	1.03542
118	9	1.02905
118	27	0.984948
118	28	0.986663
118	29	0.986663
118	33	0.990615
118	40	0.953674
118	52	1.03486
118	64	1.00028
118	76	0.934256
118	77	0.949952
118	78	0.931451
118	99	0.981361
118	102	0.902966
118	103	0.964866
118	108	1.0333
118	111	0.969653
118	112	1.13251
118	115	0.961433
118	120	1.00606
118	123	0.934434
118	128	0.969478
118	134	0.928873
118	155	1.01882
118	168	1.51551
118	169	1.16315
118	171	1.21695
118	172	1.32233
119	6	1.0883
119	38	1.22329
119	78	1.15054
119	91	1.00696
119	110	0.97296
119	113	1.01512
119	114	0.970902
119	115	1.05527
119	127	0.854494
119	144	1.02309
119	146	0.964548
119	147	1.05263
119	155	0.841309
119	156	0.888482
119	157	1.05372
119	161	1.02731
119	162	0.943287
119	166	0.645169
119	167	1.05154
119	168	0.947055
119	170	0.933411
119	171	0.977912
119	172	0.969255
119	173	0.982182
119	175	0.978473
119	177	0.892941
119	178	0.936537
119	179	0.907444
120	8	1.09282
120	27	1.04235
120	28	1.04407
120	29	1.04407
120	40	1.01108
120	52	1.09227
120	64	1.05768
120	76	0.991658
120	77	1.00735
120	78	0.988853
120	85	1.04689
120	99	1.03876
120	103	1.02227
120	105	1.05916
120	111	1.02705
120	118	1.00606
120	121	0.873934
120	123	0.991835
120	128	1.02688
120	134	0.986275
120	151	1.0143
120	155	1.07622
120	165	1.23099
120	172	1.19685
120	173	1.1418
120	175	1.1634
120	176	1.06165
120	178	1.33557
121	16	1.04088
121	20	1.02897
121	22	0.934027
121	26	1.03651
121	34	0.97516
121	39	1.12525
121	42	0.967362
121	49	1.26602
121	56	0.892237
121	62	1.00593
121	84	1.11609
121	90	1.05834
121	120	0.873934
121	123	1.03834
121	134	0.968109
121	149	0.878275
121	156	0.868225
121	158	0.94166
121	160	0.815658
121	164	1.0393
121	165	0.938738
121	168	0.926797
121	170	0.913153
121	171	0.957655
121	172	0.948998
121	174	0.878328
121	177	0.872684
121	178	0.91628
121	179	0.887186
122	3	0.856622
122	24	1.20861
122	32	1.10104
122	81	0.955442
122	90	0.811176
122	105	0.975257
122	115	1.02008
122	123	1.1427
122	129	1.05615
122	132	0.985004
122	135	1.00991
122	138	1.02989
122	140	1.03263
122	144	0.987903
122	152	1.04444
122	158	1.04603
122	160	0.920025
122	165	0.923807
122	167	1.01635
122	168	0.911866
122	169	0.970142
122	170	0.898222
122	171	0.942723
122	172	0.934067
122	173	0.946993
122	176	0.962223
122	177	0.857753
122	178	0.901349
122	179	0.872255
123	8	1.02119
123	9	1.01483
123	27	0.970721
123	28	0.972437
123	29	0.972437
123	33	0.976388
123	40	0.939448
123	52	1.02064
123	64	0.986049
123	69	0.987101
123	76	0.92003
123	77	0.935725
123	78	0.917225
123	85	0.975258
123	99	0.967134
123	103	0.95064
123	111	0.955427
123	118	0.934434
123	120	0.991835
123	121	1.03834
123	122	1.1427
123	128	0.955252
123	134	0.914647
123	155	1.00459
123	167	1.04021
123	169	1.20208
123	170	1.61811
123	176	1.22605
123	178	1.49997
124	7	1.23585
124	15	1.13802
124	28	0.835379
124	30	1.08636
124	39	0.973051
124	42	0.985521
124	45	1.04798
124	59	1.08293
124	61	1.09607
124	77	1.16391
124	85	0.596522
124	87	1.07022
124	98	0.876469
124	100	0.795407
124	127	0.735391
124	142	1.12578
124	161	1.06237
124	162	0.978345
124	167	1.08659
124	168	0.982113
124	169	1.04039
124	172	1.00431
124	174	0.933644
124	175	1.01353
124	177	0.927999
124	178	0.971595
124	179	0.942502
124	180	0.97737
125	2	1.14263
125	77	1.28487
125	110	0.963816
125	112	1.01808
125	126	0.962304
125	128	0.913376
125	130	0.801654
125	139	0.855726
125	140	1.05868
125	145	0.928193
125	149	0.847031
125	153	1.01971
125	156	0.879339
125	161	1.01817
125	162	0.934143
125	163	0.891949
125	164	1.05042
125	166	0.647025
125	167	1.04239
125	168	0.937911
125	169	0.996187
125	172	0.960112
125	173	0.973038
125	174	0.889442
125	175	0.969329
125	176	0.988268
125	177	0.883798
125	178	0.927394
125	179	0.8983
126	4	1.6366
126	48	1.33186
126	72	1.40426
126	88	1.30887
126	102	0.985512
126	105	0.914246
126	125	0.962304
126	127	1.31154
126	132	0.923993
126	151	0.937856
126	152	0.983434
126	155	1.29836
126	156	0.792283
126	157	0.957522
126	161	0.931112
126	162	0.847088
126	163	0.804893
126	165	0.862796
126	168	0.850856
126	169	0.909131
126	170	0.837211
126	171	0.881713
126	173	0.885982
126	174	0.802386
126	176	0.901212
126	177	0.796742
126	178	0.840338
126	179	0.811244
126	180	0.846112
127	68	0.98198
127	73	0.981479
127	91	0.981109
127	96	0.931706
127	97	1.04411
127	100	0.999369
127	107	0.962638
127	114	0.99313
127	116	0.977784
127	119	0.854494
127	124	0.735391
127	126	1.31154
127	132	1.08884
127	136	1.02411
127	137	1.01499
127	139	1.01673
127	143	0.990827
127	145	0.9912
127	147	0.939935
127	148	0.996253
127	149	1.02573
127	154	1.0343
127	156	1.79923
127	158	1.00046
127	159	1.00282
127	160	1.01262
127	166	1.08536
127	171	1.10514
127	175	1.17706
127	176	0.963843
128	8	1.05624
128	9	1.04987
128	27	1.00577
128	28	1.00748
128	29	1.00748
128	33	1.01143
128	40	0.974492
128	46	0.837453
128	52	1.05568
128	64	1.02109
128	76	0.955074
128	77	0.970769
128	78	0.952269
128	85	1.0103
128	99	1.00218
128	103	0.985684
128	111	0.990471
128	118	0.969478
128	120	1.02688
128	123	0.955252
128	125	0.913376
128	134	0.949691
128	135	1.01511
128	153	1.11832
128	155	1.03964
128	162	1.47566
128	170	1.52439
128	173	1.21249
128	175	1.23408
128	176	1.13234
129	67	1.08123
129	68	1.09191
129	83	1.0462
129	100	0.875618
129	103	0.88004
129	106	1.03327
129	122	1.05615
129	137	0.799111
129	139	0.814978
129	147	1.07632
129	150	1.09884
129	154	0.724437
129	155	0.802417
129	156	0.912177
129	157	1.07742
129	158	0.869668
129	162	0.966982
129	163	0.924787
129	167	1.07523
129	169	1.02902
129	170	0.957105
129	171	1.00161
129	172	0.99295
129	173	1.00588
129	174	0.92228
129	176	1.02111
129	177	0.916636
129	178	0.960232
129	179	0.931138
129	180	0.966006
130	2	0.946946
130	14	0.947984
130	37	0.738141
130	38	1.01406
130	50	1.09446
130	60	1.04911
130	65	1.05844
130	66	1.05796
130	82	1.05946
130	92	0.977729
130	93	1.04391
130	96	0.965326
130	98	1.03345
130	107	0.996257
130	114	1.02675
130	115	0.794925
130	125	0.801654
130	135	0.903385
130	148	1.02987
130	149	1.05935
130	154	1.06792
130	156	1.74453
130	158	1.03408
130	159	1.03644
130	160	1.04624
130	161	0.964324
130	166	1.11898
130	169	0.996638
130	175	1.12236
130	176	0.997463
130	179	1.51794
131	4	1.17084
131	17	0.95317
131	23	1.06414
131	24	1.05629
131	30	1.04417
131	45	1.00578
131	57	0.98344
131	59	1.04074
131	61	1.05388
131	71	1.06889
131	80	1.17305
131	87	1.02803
131	103	0.910214
131	108	1.05563
131	137	0.829285
131	139	0.845152
131	142	1.08358
131	149	0.836457
131	157	1.04659
131	163	0.893959
131	166	0.636452
131	170	0.926277
131	171	0.970779
131	172	0.962122
131	173	0.975048
131	174	0.891452
131	175	0.971339
131	177	0.885808
131	178	0.929404
131	179	0.90031
131	180	0.935178
132	26	1.16864
132	29	0.926935
132	35	1.03829
132	89	1.12796
132	122	0.985004
132	126	0.923993
132	127	1.08884
132	138	1.01762
132	140	1.02037
132	141	1.0193
132	145	1.16069
132	151	0.986601
132	155	1.07566
132	156	0.841028
132	157	1.00627
132	160	1.01691
132	161	0.979857
132	162	0.895833
132	165	0.911541
132	166	0.87952
132	167	1.00408
132	168	0.899601
132	169	0.957876
132	170	0.885957
132	171	0.930458
132	172	0.921801
132	174	0.851131
132	175	0.931018
132	176	0.949957
132	177	0.845487
132	179	0.859989
133	7	0.909845
133	48	1.01544
133	56	0.991978
133	90	1.02706
133	91	0.963137
133	96	0.913735
133	100	0.981398
133	102	0.833904
133	107	0.944666
133	113	1.23178
133	114	0.975159
133	116	0.959813
133	117	1.01145
133	137	0.997014
133	139	0.998759
133	143	0.972855
133	145	0.973228
133	148	0.978282
133	149	1.00776
133	154	1.01633
133	158	0.982492
133	159	0.984848
133	160	0.994648
133	161	1.06177
133	163	1.77551
133	164	0.963393
133	165	1.2874
133	166	1.06739
133	167	0.932222
133	168	1.44645
133	175	1.21981
134	17	1.31211
134	25	1.16523
134	41	1.11907
134	46	1.00578
134	52	1.01508
134	64	0.980489
134	66	1.1866
134	77	0.930165
134	84	1.06802
134	99	0.961574
134	103	0.945079
134	107	1.23868
134	109	0.993884
134	111	0.949866
134	118	0.928873
134	120	0.986275
134	121	0.968109
134	123	0.914647
134	128	0.949691
134	139	1.07321
134	141	0.987474
134	153	0.949574
134	155	0.999034
134	157	0.974441
134	160	1.0019
134	162	0.864007
134	170	0.854131
134	173	0.902901
134	174	0.819305
134	177	0.813661
134	178	0.857257
134	179	0.828163
135	2	1.24437
135	58	0.993932
135	59	1.11237
135	61	1.02609
135	68	1.23438
135	86	1.15826
135	104	1.12751
135	107	1.12292
135	112	1.00468
135	122	1.00991
135	128	1.01511
135	130	0.903385
135	141	1.04421
135	144	1.00055
135	152	1.05709
135	153	1.00631
135	154	0.866915
135	156	0.865938
135	163	0.878548
135	165	0.936451
135	167	1.02899
135	168	0.924511
135	169	0.982786
135	170	0.910867
135	171	0.955368
135	172	0.946711
135	173	0.959637
135	174	0.876041
135	175	0.955928
135	177	0.870397
135	178	0.913993
135	179	0.884899
135	180	0.919768
136	7	0.951419
136	25	1.01981
136	40	1.14528
136	45	1.02161
136	72	1.02113
136	80	1.25569
136	81	0.891897
136	85	0.789546
136	94	0.940955
136	103	0.992853
136	116	1.00139
136	127	1.02411
136	137	1.03859
136	139	1.04033
136	141	1.05679
136	145	1.0148
136	148	1.01986
136	149	1.04933
136	151	1.02409
136	152	1.06967
136	155	0.91523
136	158	1.02407
136	159	1.02642
136	160	1.03622
136	162	0.933321
136	163	0.891126
136	167	1.04157
136	168	0.937089
136	170	0.923445
136	172	0.959289
136	173	0.972216
136	177	0.882976
136	178	0.926571
136	179	0.897478
137	43	1.09845
137	48	1.04788
137	54	0.970356
137	58	1.06455
137	79	1.63742
137	89	0.990658
137	90	1.0595
137	96	0.946181
137	100	1.01384
137	107	0.977113
137	109	0.865604
137	116	0.992259
137	117	1.04389
137	127	1.01499
137	129	0.799111
137	131	0.829285
137	133	0.997014
137	136	1.03859
137	139	1.03121
137	142	0.848679
137	143	1.0053
137	145	1.00567
137	148	1.01073
137	149	1.04021
137	154	1.04877
137	157	0.947122
137	158	1.01494
137	159	1.01729
137	160	1.02709
137	164	0.904152
137	166	1.09984
137	168	1.3872
137	173	1.13897
