1	56	0.976334
1	63	0.947294
1	71	0.957225
1	82	1.00459
1	84	0.925506
1	92	0.920781
1	108	0.957797
1	117	0.937605
1	120	0.970656
1	132	1.38799
1	164	1.36626
1	173	1.00849
2	64	0.865459
2	74	1.03163
2	85	1.07878
2	116	1.08594
2	126	0.542471
2	140	1.05708
2	144	1.05389
2	148	1.05174
2	158	1.05976
2	162	1.06244
2	179	1.11287
2	180	1.50379
3	121	1.01377
3	128	0.945305
3	130	0.971151
3	137	0.982855
3	146	1.20782
3	150	0.997636
3	154	0.940197
3	158	0.965228
3	162	0.967909
3	168	0.890041
3	171	1.54729
3	175	0.898751
4	38	0.740642
4	129	1.28729
4	130	1.06782
4	140	1.05921
4	144	1.05602
4	148	1.05387
4	158	1.06189
4	162	1.06457
4	172	0.916451
4	173	1.10525
4	175	0.995416
4	179	1.115
5	17	0.992347
5	23	0.983988
5	30	0.988079
5	42	0.958766
5	62	0.941139
5	71	0.939404
5	89	0.972716
5	109	1.35387
5	112	0.919083
5	143	0.968572
5	149	1.39007
5	156	0.967221
6	10	1.0407
6	48	1.01476
6	59	1.08679
6	72	1.07075
6	118	1.01202
6	119	1.05474
6	142	1.08237
6	145	1.1216
6	155	1.21552
6	169	0.743802
6	170	0.992007
6	176	1.12752
7	37	0.968317
7	49	0.962466
7	58	0.951591
7	103	0.94598
7	127	0.96049
7	133	0.929239
7	134	0.924297
7	135	0.96459
7	141	0.972341
7	168	1.66412
7	177	1.13511
7	179	1.00131
8	10	0.931107
8	14	0.941234
8	28	1.02644
8	48	0.905174
8	59	0.977196
8	72	0.961163
8	118	0.902432
8	142	0.972783
8	145	1.01201
8	152	1.00427
8	175	1.8082
8	176	1.01793
9	24	0.826275
9	46	1.16256
9	88	1.06042
9	124	1.02021
9	127	1.05984
9	133	1.02859
9	134	1.02365
9	138	1.12687
9	141	1.07169
9	160	0.956669
9	167	1.04783
9	179	1.10067
10	6	1.0407
10	8	0.931107
10	18	1.23298
10	28	1.01117
10	48	0.889906
10	59	0.961928
10	72	0.945895
10	110	1.38555
10	118	0.887164
10	142	0.957514
10	145	0.996744
10	176	1.00266
11	42	0.996813
11	51	1.00035
11	93	0.894957
11	121	1.02513
11	143	1.00662
11	156	1.00527
11	158	1.05109
11	164	0.977816
11	174	0.933601
11	177	0.95054
11	178	0.934986
11	180	0.909526
12	61	1.30275
12	85	0.767299
12	138	0.966331
12	147	0.967508
12	151	0.986227
12	163	0.973057
12	164	0.97124
12	169	1.00244
12	171	0.949487
12	177	0.943963
12	178	0.92841
12	180	0.902949
13	99	0.825788
13	164	0.903495
13	166	0.907542
13	168	0.835856
13	170	0.901812
13	171	0.881742
13	172	0.909293
13	173	2.22749
13	174	0.859279
13	177	0.876218
13	178	0.860665
13	180	0.835204
14	8	0.941234
14	28	1.0213
14	48	0.900033
14	59	0.972055
14	72	0.956022
14	113	1.17922
14	118	0.897291
14	119	0.940007
14	142	0.967641
14	145	1.00687
14	154	1.55333
14	176	1.01279
15	16	1.01156
15	83	1.02436
15	88	1.08313
15	106	0.726475
15	124	1.04293
15	129	1.3738
15	134	1.04637
15	135	1.08666
15	141	1.09441
15	146	0.845356
15	167	1.07054
15	179	1.12338
16	15	1.01156
16	34	0.961958
16	83	0.886585
16	86	0.968801
16	124	0.905155
16	125	1.3064
16	127	0.944787
16	133	0.913537
16	134	0.908595
16	141	0.956638
16	167	0.932772
16	176	1.61958
16	179	0.985611
17	5	0.992347
17	23	1.07292
17	42	1.0477
17	62	1.03007
17	66	1.01349
17	75	1.07612
17	80	0.890752
17	89	1.06165
17	112	1.00802
17	143	1.05751
17	156	1.05615
17	163	0.902227
17	180	1.38984
18	10	1.23298
18	82	0.721148
18	153	1.05617
18	157	1.05074
18	159	1.07946
18	164	1.0515
18	166	1.05554
18	170	1.04981
18	171	1.02974
18	173	0.343174
18	177	1.02422
18	178	1.00867
18	180	0.983206
19	137	2.41336
19	149	0.90486
19	160	0.90755
19	163	0.88001
19	164	0.878193
19	168	0.810554
19	171	0.85644
19	172	0.883991
19	174	0.833977
19	176	0.934876
19	177	0.850916
19	178	0.835363
19	180	0.809902
20	22	0.933755
20	95	0.98609
20	134	1.24609
20	155	0.929717
20	157	0.967028
20	164	0.967783
20	169	0.998988
20	171	0.94603
20	172	0.973581
20	175	0.908855
20	177	0.940506
20	178	0.924953
20	180	0.899492
21	50	1.05151
21	83	0.989478
21	88	1.04825
21	124	1.00805
21	127	1.04768
21	133	1.01643
21	134	1.01149
21	135	1.05178
21	141	1.05953
21	152	0.571844
21	168	1.57956
21	177	1.05055
21	179	1.0885
22	20	0.933755
22	66	1.33377
22	78	1.00136
22	82	1.02459
22	125	0.997874
22	128	0.929723
22	144	0.943772
22	145	0.99286
22	158	0.949646
22	162	0.952328
22	171	0.920345
22	178	0.899268
22	180	0.873808
23	5	0.983988
23	17	1.07292
23	30	1.06866
23	42	1.03934
23	62	1.02171
23	75	1.06776
23	89	1.05329
23	112	0.999658
23	143	1.04915
23	146	0.675712
23	156	1.0478
23	163	1.10475
23	175	1.39581
24	9	0.826275
24	38	1.10083
24	91	0.909763
24	137	0.512326
24	159	1.08052
24	168	0.984919
24	169	1.08376
24	170	1.05088
24	171	1.0308
24	172	1.05836
24	174	1.00834
24	178	1.00973
24	180	0.984267
25	100	1.02957
25	121	1.07478
25	122	1.02012
25	128	1.00631
25	143	1.04749
25	144	1.02036
25	148	1.01821
25	150	1.05864
25	151	1.11116
25	162	1.02892
25	166	1.00294
25	172	1.01976
25	179	1.07934
26	95	0.953779
26	122	0.93911
26	130	0.951148
26	137	0.962853
26	144	0.939351
26	147	1.52908
26	158	0.945225
26	162	0.947907
26	165	1.44783
26	168	0.870039
26	173	0.988581
26	175	0.878749
26	179	0.998334
27	93	0.889649
27	143	1.16073
27	148	1.0888
27	153	0.977187
27	155	0.934443
27	165	0.952793
27	169	1.00371
27	171	0.950756
27	172	0.978307
27	174	0.928293
27	177	0.945232
27	178	0.929679
27	180	0.904218
28	8	1.02644
28	10	1.01117
28	14	1.0213
28	48	0.985241
28	59	1.05726
28	72	1.04123
28	119	1.02522
28	136	0.684189
28	142	1.05285
28	145	1.09208
28	169	0.785242
28	176	1.098
28	180	1.67925
29	74	1.01745
29	85	1.0646
29	95	1.05413
29	126	0.880162
29	140	1.0429
29	148	1.03756
29	150	1.07799
29	158	1.04558
29	159	0.889865
29	163	1.35387
29	168	0.970394
29	175	0.979104
29	179	1.09869
30	5	0.988079
30	23	1.06866
30	42	1.04343
30	51	1.04697
30	62	1.02581
30	75	1.07186
30	89	1.05738
30	112	1.00375
30	143	1.05324
30	156	1.05189
30	170	0.806245
30	175	1.25549
30	178	1.12831
31	55	0.951216
31	121	0.986013
31	128	0.917549
31	137	0.955099
31	140	0.934792
31	144	0.931598
31	145	1.43261
31	150	0.969881
31	152	1.56379
31	158	0.937472
31	162	0.940154
31	173	0.980828
31	175	0.870996
32	70	0.985108
32	72	0.969707
32	103	1.09674
32	142	0.981326
32	145	1.02056
32	161	0.929461
32	174	0.925579
32	176	1.02648
32	177	0.942517
32	178	0.926964
32	179	0.953718
32	180	0.901503
33	68	1.07209
33	88	1.01704
33	124	0.976834
33	127	1.01647
33	133	0.985216
33	134	0.980274
33	135	1.02057
33	141	1.02832
33	142	1.00817
33	167	1.00445
33	171	1.17331
33	176	0.754148
33	178	1.42676
33	179	1.05729
34	16	0.961958
34	36	1.02016
34	83	0.97476
34	86	1.05698
34	103	1.01845
34	124	0.99333
34	133	1.00171
34	134	0.996769
34	135	1.03706
34	136	1.1272
34	141	1.04481
34	145	0.990599
34	169	1.22825
34	179	1.07379
35	75	0.664955
35	148	0.837627
35	153	1.0313
35	157	1.02587
35	158	0.802315
35	160	1.05598
35	163	1.02844
35	166	1.03067
35	168	0.958987
35	170	1.02494
35	176	1.08331
35	177	0.999349
35	178	0.983796
35	180	0.958335
36	34	1.02016
36	46	1.10571
36	68	1.05862
36	103	0.988482
36	124	0.963359
36	127	1.00299
36	133	0.97174
36	135	1.00709
36	141	1.01484
36	151	1.09784
36	152	0.765015
36	167	0.990975
36	174	1.52406
36	179	1.04381
37	7	0.968317
37	49	1.0256
37	86	1.04763
37	124	0.983987
37	127	1.02362
37	133	0.992368
37	134	0.987426
37	135	1.02772
37	136	0.716492
37	141	1.03547
37	155	1.28926
37	161	1.34027
37	167	1.0116
37	179	1.06444
38	4	0.740642
38	24	1.10083
38	81	1.11089
38	110	1.03808
38	141	0.562028
38	149	1.05106
38	155	0.986332
38	163	1.02622
38	166	1.02845
38	169	1.0556
38	174	0.980183
38	175	0.96547
38	177	0.997121
38	180	0.956107
39	52	1.04897
39	56	1.03049
39	63	1.00145
39	67	0.998902
39	69	1.09881
39	73	1.00507
39	79	0.993125
39	84	0.979658
39	117	0.991757
39	118	1.36732
39	120	1.02481
39	151	0.780457
39	173	1.06265
39	174	1.20668
40	43	0.961326
40	45	0.881895
40	106	1.28113
40	128	0.918804
40	130	0.94465
40	132	0.923029
40	137	0.956354
40	138	0.92627
40	144	0.932853
40	148	0.930705
40	155	1.89438
40	162	0.941409
40	168	0.863541
40	179	0.991836
41	63	0.784521
41	93	0.962628
41	130	0.793157
41	151	1.06048
41	156	0.663628
41	157	1.04473
41	161	1.00515
41	166	1.04954
41	171	1.02373
41	172	1.05129
41	174	1.00127
41	177	1.01821
41	178	1.00266
41	180	0.977197
42	5	0.958766
42	11	0.996813
42	17	1.0477
42	23	1.03934
42	30	1.04343
42	51	1.01766
42	62	0.996492
42	75	1.04254
42	89	1.02807
42	136	1.01549
42	143	1.02393
42	156	1.02257
42	165	1.20462
42	169	1.11654
43	40	0.961326
43	55	1.02756
43	57	1.03607
43	95	1.02237
43	144	1.00795
43	145	0.733164
43	148	1.0058
43	150	1.04623
43	162	1.0165
43	166	1.08895
43	173	1.05718
43	175	0.947344
43	178	1.54109
43	179	1.06693
44	83	0.964853
44	86	1.04707
44	103	1.00855
44	110	1.09422
44	113	0.979989
44	124	0.983423
44	127	1.02306
44	134	0.986862
44	135	1.02716
44	141	1.03491
44	142	1.01475
44	159	1.18098
44	167	1.01104
44	179	1.06388
45	40	0.881895
45	57	0.95664
45	91	0.954023
45	130	0.940312
45	140	0.931709
45	150	0.966798
45	158	0.934389
45	159	1.50498
45	162	0.937071
45	165	1.65067
45	168	0.859202
45	173	0.977745
45	175	0.867913
45	179	0.987497
46	9	1.16256
46	36	1.10571
46	88	1.11908
46	103	1.104
46	133	1.08725
46	134	1.08231
46	135	1.12261
46	141	1.13036
46	149	0.648235
46	157	0.851144
46	167	1.10649
46	170	0.829234
46	174	1.2336
46	179	1.15933
47	51	1.03925
47	55	0.772475
47	75	1.06414
47	83	0.733877
47	89	1.04966
47	134	0.719196
47	143	1.04552
47	156	1.04417
47	166	1.02076
47	170	1.01503
47	172	1.02252
47	177	0.989441
47	178	0.973887
47	180	0.948427
48	6	1.01476
48	8	0.905174
48	10	0.889906
48	14	0.900033
48	28	0.985241
48	59	0.935995
48	72	0.919962
48	118	0.861231
48	119	0.903947
48	139	1.62714
48	142	0.931582
48	145	0.970811
48	170	1.53501
48	176	0.976732
49	7	0.962466
49	37	1.0256
49	68	1.07339
49	127	1.01777
49	133	0.986517
49	134	0.981575
49	135	1.02187
49	138	1.11371
49	141	1.02962
49	142	1.00947
49	149	1.0709
49	153	1.18153
49	167	1.00575
49	179	1.05859
50	21	1.05151
50	88	1.02019
50	103	1.00511
50	124	0.979988
50	127	1.01962
50	133	0.988369
50	134	0.983427
50	135	1.02372
50	141	1.03147
50	151	1.01397
50	163	1.19401
50	167	1.0076
50	177	1.15985
50	179	1.06044
51	11	1.00035
51	30	1.04697
51	42	1.01766
51	47	1.03925
51	62	1.00003
51	66	0.983442
51	71	0.998295
51	75	1.04608
51	89	1.03161
51	143	1.02746
51	156	1.02611
51	160	1.10272
51	167	1.15687
51	176	1.06057
52	39	1.04897
52	66	0.99814
52	73	1.00669
52	82	1.06035
52	84	0.981274
52	92	0.976549
52	97	1.05654
52	98	1.02646
52	108	1.01357
52	117	0.993373
52	120	1.02642
52	166	1.12639
52	172	1.14321
52	173	1.06426
53	54	1.00911
53	55	1.00894
53	57	1.01745
53	114	0.972289
53	116	1.02138
53	126	1.08168
53	128	0.975277
53	137	1.01283
53	158	0.995201
53	162	0.997882
53	167	1.14296
53	172	1.28395
53	173	1.03856
53	175	0.928724
53	179	1.04831
54	53	1.00911
54	74	0.977002
54	76	0.986799
54	90	0.964941
54	95	1.01369
54	100	1.00847
54	140	1.00246
54	144	0.999262
54	145	0.629966
54	150	1.03754
54	162	1.00782
54	168	0.929949
54	174	1.52019
54	178	1.43789
54	179	1.05824
55	31	0.951216
55	43	1.02756
55	47	0.772475
55	53	1.00894
55	57	1.02722
55	100	1.0083
55	128	0.985042
55	137	1.02259
55	140	1.00228
55	147	1.22674
55	148	0.996943
55	156	1.02487
55	158	1.00497
55	171	1.37424
55	175	0.938489
56	1	0.976334
56	39	1.03049
56	67	0.98203
56	79	0.976252
56	81	1.04863
56	82	1.04187
56	84	0.962786
56	92	0.958061
56	108	0.995077
56	117	0.974884
56	120	1.00794
56	152	0.772176
56	153	1.05649
56	173	1.04577
56	180	1.77266
57	43	1.03607
57	45	0.95664
57	53	1.01745
57	55	1.02722
57	95	1.02203
57	96	1.14859
57	122	1.00736
57	125	0.947017
57	148	1.00545
57	154	0.988442
57	158	1.01347
57	162	1.01615
57	164	1.39923
57	168	0.938286
57	175	0.946996
58	7	0.951591
58	86	1.03091
58	103	0.992383
58	113	0.975205
58	124	0.967261
58	127	1.00689
58	133	0.975642
58	134	0.9707
58	135	1.01099
58	141	1.01874
58	142	0.998592
58	154	1.34932
58	160	1.17362
58	167	0.994877
58	179	1.04772
59	6	1.08679
59	8	0.977196
59	10	0.961928
59	14	0.972055
59	28	1.05726
59	48	0.935995
59	72	0.991984
59	118	0.933253
59	119	0.975969
59	123	1.26688
59	142	1.0036
59	145	1.04283
59	147	0.993788
59	155	1.29618
59	176	1.04875
60	78	1.04828
60	114	0.973656
60	116	1.02275
60	128	0.976644
60	129	1.47311
60	137	1.01419
60	140	0.993887
60	144	0.990693
60	150	1.02898
60	156	1.01647
60	158	0.996567
60	162	0.999249
60	168	0.921381
60	170	1.21552
60	176	0.86497
61	12	1.30275
61	63	0.983979
61	67	0.981435
61	73	0.987605
61	79	0.975657
61	81	1.04803
61	82	1.04127
61	92	0.957466
61	98	1.00737
61	108	0.994482
61	117	0.97429
61	120	1.00734
61	172	1.1449
61	173	1.04518
61	176	0.907604
62	5	0.941139
62	17	1.03007
62	23	1.02171
62	30	1.02581
62	42	0.996492
62	51	1.00003
62	71	0.97713
62	75	1.02491
62	89	1.01044
62	97	1.06905
62	112	0.956808
62	138	1.13077
62	143	1.0063
62	156	1.00495
62	171	1.33758
63	1	0.947294
63	39	1.00145
63	41	0.784521
63	61	0.983979
63	69	1.05289
63	73	0.959159
63	81	1.01959
63	82	1.01282
63	84	0.933745
63	97	1.07541
63	98	0.978928
63	108	0.966036
63	117	0.945844
63	120	0.978896
63	173	1.01673
63	175	1.72458
64	2	0.865459
64	75	0.975906
64	78	1.04412
64	123	0.967581
64	136	1.03923
64	152	1.04108
64	153	0.992315
64	157	0.986882
64	167	0.995454
64	171	0.965884
64	172	0.993435
64	174	0.943421
64	176	1.04432
64	177	0.96036
64	178	0.944807
64	180	0.919346
65	86	0.561097
65	88	0.749413
65	126	1.11311
65	144	0.677432
65	154	1.0591
65	156	0.490389
65	161	1.03625
65	164	1.07658
65	165	1.05686
65	169	1.10778
65	170	1.0749
65	171	1.05483
65	174	1.03236
65	176	1.13326
65	178	1.03375
65	180	1.00829
66	17	1.01349
66	22	1.33377
66	51	0.983442
66	52	0.99814
66	73	0.954238
66	75	1.00833
66	79	0.94229
66	81	1.01467
66	89	0.993854
66	92	0.924099
66	98	0.974007
66	125	0.911761
66	126	1.25997
66	143	0.989711
66	156	0.988359
66	173	1.01181
67	39	0.998902
67	56	0.98203
67	61	0.981435
67	69	1.05035
67	73	0.956616
67	81	1.01704
67	94	0.918556
67	98	0.976384
67	108	0.963493
67	113	1.0156
67	117	0.9433
67	119	1.20255
67	120	0.976352
67	170	1.21376
67	173	1.01419
67	177	1.33779
68	33	1.07209
68	36	1.05862
68	49	1.07339
68	90	1.01336
68	124	1.03179
68	127	1.07142
68	133	1.04017
68	134	1.03523
68	135	1.07552
68	141	1.08327
68	142	1.06312
68	147	1.00204
68	166	0.950843
68	167	1.0594
68	172	0.967668
68	179	1.11224
69	39	1.09881
69	63	1.05289
69	67	1.05035
69	79	1.04457
69	80	0.975407
69	84	1.03111
69	94	1.01846
69	98	1.07629
69	108	1.0634
69	113	1.11551
69	117	1.0432
69	120	1.07626
69	153	0.758322
69	163	0.986882
69	173	1.11409
69	175	1.27794
70	32	0.985108
70	98	1.06628
70	106	1.01412
70	140	0.857581
70	146	1.02021
70	147	0.987707
70	159	1.0194
70	160	1.0208
70	164	0.991439
70	171	0.969686
70	172	0.997237
70	173	0.740674
70	174	0.947224
70	177	0.964163
70	178	0.948609
70	180	0.923149
71	1	0.957225
71	5	0.939404
71	51	0.998295
71	62	0.97713
71	75	1.02318
71	79	0.957143
71	81	1.02952
71	89	1.00871
71	92	0.938952
71	105	1.13857
71	108	0.975968
71	115	1.26617
71	117	0.955776
71	156	1.00321
71	166	1.28301
71	173	1.02666
72	6	1.07075
72	8	0.961163
72	10	0.945895
72	14	0.956022
72	28	1.04123
72	32	0.969707
72	48	0.919962
72	59	0.991984
72	118	0.91722
72	119	0.959936
72	142	0.987571
72	145	1.0268
72	154	1.28083
72	164	1.20201
72	165	1.2534
72	176	1.03272
73	39	1.00507
73	52	1.00669
73	61	0.987605
73	63	0.959159
73	66	0.954238
73	67	0.956616
73	81	1.02321
73	92	0.932647
73	98	0.982555
73	113	1.02177
73	117	0.94947
73	120	0.982522
73	139	1.46675
73	154	1.24192
73	173	1.02036
73	176	1.02407
74	2	1.03163
74	29	1.01745
74	54	0.977002
74	94	0.910811
74	121	1.01163
74	137	0.980715
74	140	0.960407
74	144	0.957214
74	148	0.955066
74	153	0.936469
74	162	0.96577
74	168	0.887901
74	173	1.00644
74	174	1.4112
74	175	0.896612
74	179	1.0162
74	180	1.65264
75	17	1.07612
75	23	1.06776
75	30	1.07186
75	35	0.664955
75	42	1.04254
75	47	1.06414
75	51	1.04608
75	62	1.02491
75	64	0.975906
75	66	1.00833
75	71	1.02318
75	89	1.05649
75	112	1.00286
75	115	0.821521
75	143	1.05235
75	156	1.051
75	178	1.2905
76	54	0.986799
76	85	0.991908
76	90	0.932689
76	102	0.982254
76	121	1.02143
76	128	0.952962
76	137	0.990512
76	140	0.970204
76	143	0.99414
76	144	0.967011
76	145	1.0397
76	162	0.975567
76	167	1.27131
76	168	0.897698
76	173	1.01624
76	175	0.906408
76	177	1.64958
77	125	0.975932
77	141	1.28514
77	147	0.916425
77	158	1.53985
77	160	0.949514
77	165	0.900441
77	166	0.924204
77	168	0.852518
77	169	0.951362
77	170	0.918474
77	172	0.925955
77	174	0.875941
77	176	0.97684
77	177	0.89288
77	178	0.877327
77	180	0.851866
78	22	1.00136
78	60	1.04828
78	64	1.04412
78	91	1.06257
78	105	0.762126
78	116	1.06912
78	122	1.03682
78	140	1.04025
78	148	1.03491
78	149	0.85565
78	150	1.07534
78	155	1.26016
78	156	1.06284
78	158	1.04293
78	162	1.04561
78	168	0.967747
78	179	1.09604
79	39	0.993125
79	56	0.976252
79	61	0.975657
79	66	0.94229
79	69	1.04457
79	71	0.957143
79	82	1.0045
79	84	0.925424
79	92	0.920699
79	98	0.970607
79	108	0.957715
79	117	0.937522
79	120	0.970574
79	164	1.18831
79	165	1.23969
79	173	1.00841
79	177	1.52385
80	17	0.890752
80	69	0.975407
80	90	0.955218
80	104	0.962733
80	125	1.04364
80	129	0.95137
80	143	1.35976
80	147	0.984133
80	157	0.98711
80	159	1.01583
80	161	0.947532
80	170	0.986182
80	172	0.993663
80	174	0.943649
80	177	0.960588
80	178	0.945035
80	180	0.919574
81	38	1.11089
81	56	1.04863
81	61	1.04803
81	63	1.01959
81	66	1.01467
81	67	1.01704
81	71	1.02952
81	73	1.02321
81	92	0.993075
81	94	0.985154
81	98	1.04298
81	108	1.03009
81	117	1.0099
81	120	1.04295
81	125	0.736228
81	152	1.04527
81	165	1.23983
81	173	1.08079
82	1	1.00459
82	18	0.721148
82	22	1.02459
82	52	1.06035
82	56	1.04187
82	61	1.04127
82	63	1.01282
82	79	1.0045
82	84	0.991037
82	94	0.978392
82	98	1.03622
82	108	1.02333
82	113	1.07544
82	117	1.00314
82	120	1.03619
82	151	1.24444
82	160	0.957906
82	173	1.07402
83	15	1.02436
83	16	0.886585
83	21	0.989478
83	34	0.97476
83	44	0.964853
83	47	0.733877
83	86	0.981603
83	124	0.917957
83	127	0.957589
83	133	0.926339
83	134	0.921397
83	135	0.96169
83	141	0.96944
83	142	0.949289
83	167	0.945574
83	174	1.67139
83	178	1.58909
83	179	0.998413
84	1	0.925506
84	39	0.979658
84	52	0.981274
84	56	0.962786
84	63	0.933745
84	69	1.03111
84	79	0.925424
84	82	0.991037
84	92	0.907233
84	94	0.899313
84	98	0.957141
84	108	0.944249
84	113	0.996361
84	120	0.957108
84	132	1.15587
84	166	1.21559
84	173	0.994945
84	175	1.79491
85	2	1.07878
85	12	0.767299
85	29	1.0646
85	76	0.991908
85	87	1.52521
85	97	0.798995
85	107	0.991797
85	114	0.987334
85	116	1.03643
85	121	1.05879
85	122	1.00413
85	130	1.01617
85	137	1.02787
85	148	1.00222
85	150	1.04265
85	158	1.01024
85	162	1.01293
85	179	1.06335
86	16	0.968801
86	34	1.05698
86	37	1.04763
86	44	1.04707
86	58	1.03091
86	65	0.561097
86	83	0.981603
86	124	1.00017
86	133	1.00855
86	134	1.00361
86	135	1.04391
86	138	1.08696
86	141	1.05166
86	142	1.0315
86	151	1.20329
86	167	1.02779
86	171	1.29377
86	179	1.08063
87	85	1.52521
87	118	0.849063
87	138	0.902972
87	151	0.922868
87	157	0.907127
87	158	1.90831
87	159	0.935842
87	163	0.909699
87	165	0.888165
87	166	0.911929
87	169	0.939086
87	170	0.906198
87	171	0.886128
87	174	0.863666
87	176	0.964564
87	177	0.880605
87	178	0.865051
87	180	0.839591
88	9	1.06042
88	15	1.08313
88	21	1.04825
88	33	1.01704
88	46	1.11908
88	50	1.02019
88	65	0.749413
88	112	0.975846
88	124	0.976734
88	133	0.985115
88	134	0.980173
88	135	1.02047
88	141	1.02822
88	145	0.927607
88	167	1.00435
88	169	1.16526
88	172	1.30021
88	179	1.05719
89	5	0.972716
89	17	1.06165
89	23	1.05329
89	30	1.05738
89	42	1.02807
89	47	1.04966
89	51	1.03161
89	62	1.01044
89	66	0.993854
89	71	1.00871
89	75	1.05649
89	112	0.988386
89	113	0.800842
89	119	1.29644
89	143	1.03788
89	154	1.17496
89	156	1.03652
89	160	0.999256
90	54	0.964941
90	68	1.01336
90	76	0.932689
90	80	0.955218
90	92	1.28509
90	126	0.98001
90	132	0.935328
90	133	1.11975
90	150	0.983435
90	157	0.942724
90	158	0.951026
90	159	0.971439
90	165	0.923762
90	172	0.949277
90	173	0.994382
90	177	0.916202
90	178	0.900648
90	179	1.00413
90	180	0.875188
91	24	0.909763
91	45	0.954023
91	78	1.06257
91	100	1.01419
91	122	1.00474
91	128	0.990932
91	130	1.01678
91	138	0.998398
91	140	1.00817
91	146	1.0777
91	148	1.00283
91	150	1.04326
91	158	1.01086
91	162	1.01354
91	169	1.10035
91	172	1.2353
91	173	1.05421
91	175	0.944379
91	179	1.06396
92	1	0.920781
92	52	0.976549
92	56	0.958061
92	61	0.957466
92	66	0.924099
92	71	0.938952
92	73	0.932647
92	79	0.920699
92	81	0.993075
92	84	0.907233
92	90	1.28509
92	96	0.890501
92	98	0.952416
92	108	0.939524
92	113	0.991636
92	117	0.919332
92	120	0.952383
92	168	2.00568
92	173	0.99022
93	11	0.894957
93	27	0.889649
93	41	0.962628
93	140	1.65962
93	147	0.889534
93	149	0.919933
93	151	0.908253
93	152	0.94671
93	154	0.875783
93	162	1.77253
93	165	0.87355
93	166	0.897313
93	169	0.924471
93	170	0.891583
93	171	0.871513
93	172	0.899064
93	177	0.865989
93	178	0.850436
93	180	0.824975
94	67	0.918556
94	69	1.01846
94	74	0.910811
94	81	0.985154
94	82	0.978392
94	84	0.899313
94	102	0.948313
94	111	1.81453
94	117	0.911411
94	120	0.944463
94	122	0.932829
94	128	0.919021
94	149	1.29253
94	150	0.971353
94	154	0.913913
94	156	0.958848
94	167	1.21928
94	173	0.9823
94	179	0.992053
95	20	0.98609
95	26	0.953779
95	29	1.05413
95	43	1.02237
95	54	1.01369
95	57	1.02203
95	119	0.98113
95	140	0.997095
95	143	1.02103
95	144	0.993902
95	148	0.991754
95	154	0.974745
95	156	1.01968
95	158	0.999776
95	162	1.00246
95	167	0.738102
95	173	1.04313
95	179	1.05288
95	180	1.63815
96	57	1.14859
96	92	0.890501
96	99	0.944378
96	126	1.05862
96	135	0.843694
96	140	0.543085
96	149	1.04875
96	153	1.02676
96	155	0.984019
96	157	1.02133
96	164	1.02208
96	166	1.02613
96	169	1.05329
96	170	1.0204
96	174	0.977869
96	176	1.07877
96	177	0.994808
96	178	0.979254
96	180	0.953794
97	52	1.05654
97	62	1.06905
97	63	1.07541
97	85	0.798995
97	110	1.0245
97	139	0.976534
97	153	1.01549
97	155	0.972749
97	159	1.03877
97	160	1.04017
97	161	0.970481
97	163	1.01263
97	165	0.991099
97	169	1.04202
97	170	1.00913
97	172	1.01661
97	174	0.966599
97	177	0.983538
97	178	0.967985
97	180	0.942524
98	52	1.02646
98	61	1.00737
98	63	0.978928
98	66	0.974007
98	67	0.976384
98	69	1.07629
98	70	1.06628
98	73	0.982555
98	79	0.970607
98	81	1.04298
98	82	1.03622
98	84	0.957141
98	92	0.952416
98	108	0.989432
98	117	0.969239
98	120	1.00229
98	136	0.864679
98	154	1.08124
98	173	1.04013
98	178	1.536
99	13	0.825788
99	96	0.944378
99	107	0.870426
99	131	0.891729
99	142	1.80016
99	146	0.927193
99	149	0.925086
99	152	0.951863
99	161	0.858086
99	164	0.898419
99	165	0.878703
99	169	0.929624
99	170	0.896736
99	171	0.876666
99	172	0.904217
99	174	0.854204
99	177	0.871143
99	178	0.855589
99	179	1.80117
99	180	0.830129
100	25	1.02957
100	54	1.00847
100	55	1.0083
100	91	1.01419
100	114	0.971642
100	121	1.04309
100	122	0.988437
100	126	0.964107
100	128	0.97463
100	130	1.00048
100	140	0.991873
100	143	1.01581
100	144	0.988679
100	150	1.02696
100	158	0.994553
100	162	0.997235
100	164	1.06811
100	170	1.27963
100	175	0.928077
100	177	1.40365
101	109	1.02315
101	123	0.990521
101	128	1.18461
101	139	0.976296
101	142	0.64759
101	157	1.00982
101	159	1.03854
101	161	0.970243
101	163	1.01239
101	165	0.99086
101	166	1.01462
101	169	1.04178
101	170	1.00889
101	171	0.988823
101	172	1.01637
101	173	0.748039
101	177	0.983299
101	178	0.967746
101	179	0.648602
101	180	0.942285
102	76	0.982254
102	94	0.948313
102	106	1.05726
102	114	0.977679
102	116	1.02677
102	123	1.64121
102	125	0.783272
102	128	0.980667
102	130	1.00651
102	132	0.984892
102	138	0.988133
102	143	1.02185
102	144	0.994716
102	150	1.033
102	158	1.00059
102	162	1.00327
102	168	0.925404
102	169	1.19879
102	173	1.04395
102	179	1.0537
103	7	0.94598
103	32	1.09674
103	34	1.01845
103	36	0.988482
103	44	1.00855
103	46	1.104
103	50	1.00511
103	58	0.992383
103	111	1.27292
103	112	0.960762
103	123	1.12613
103	124	0.96165
103	127	1.00128
103	133	0.970031
103	134	0.965089
103	135	1.00538
103	139	1.02405
103	141	1.01313
103	167	0.989266
103	179	1.04211
104	80	0.962733
104	115	0.958002
104	121	1.19162
104	122	1.29894
104	139	0.916713
104	152	1.00444
104	159	0.978954
104	161	0.91066
104	163	0.952811
104	164	0.950994
104	166	0.955041
104	168	0.883355
104	169	0.982199
104	170	0.949311
104	172	0.956792
104	173	1.00011
104	174	0.906778
104	177	0.923717
104	178	0.908164
104	180	0.882703
105	71	1.13857
105	78	0.762126
105	109	1.00674
105	130	1.00945
105	143	0.938521
105	147	0.990441
105	152	1.04762
105	153	0.998851
105	157	0.993419
105	163	0.995991
105	165	0.974457
105	166	0.998221
105	169	1.02538
105	170	0.992491
105	171	0.97242
105	174	0.949958
105	175	0.935245
105	176	1.05086
105	177	0.966897
105	178	0.951343
105	180	0.925883
106	15	0.726475
106	40	1.28113
106	70	1.01412
106	102	1.05726
106	128	0.935163
106	151	1.01379
106	157	0.998047
106	161	0.958469
106	163	1.00062
106	164	0.998802
106	165	0.979086
106	169	1.03001
106	170	0.997119
106	171	0.977049
106	172	1.0046
106	174	0.954586
106	175	0.939874
106	176	1.05548
106	177	0.971525
106	178	0.955972
106	180	0.930511
107	85	0.991797
107	99	0.870426
107	122	1.45626
107	125	1.00391
107	147	0.944401
107	153	0.95281
107	154	0.930649
107	155	0.910067
107	159	0.976093
107	162	1.38724
107	163	0.94995
107	165	0.928417
107	166	0.95218
107	169	0.979337
107	171	0.926379
107	172	0.953931
107	174	0.903917
107	175	0.889204
107	177	0.920856
107	178	0.905302
107	180	0.879842
108	1	0.957797
108	52	1.01357
108	56	0.995077
108	61	0.994482
108	63	0.966036
108	67	0.963493
108	69	1.0634
108	71	0.975968
108	79	0.957715
108	81	1.03009
108	82	1.02333
108	84	0.944249
108	92	0.939524
108	98	0.989432
108	117	0.956347
108	120	0.989399
108	167	0.995159
108	172	1.13615
108	173	1.02724
108	176	0.898856
108	180	1.8952
109	5	1.35387
109	101	1.02315
109	105	1.00674
109	121	0.862643
109	127	0.883267
109	152	1.04214
109	155	0.95063
109	159	1.01666
109	161	0.948362
109	164	0.988695
109	165	0.968979
109	166	0.992743
109	169	1.0199
109	170	0.987013
109	171	0.966942
109	172	0.994494
109	176	1.04538
109	177	0.961419
109	178	0.945865
109	179	0.571699
109	180	0.920405
110	10	1.38555
110	38	1.03808
110	44	1.09422
110	97	1.0245
110	129	0.953312
110	136	1.0414
110	140	0.612653
110	148	0.748528
110	153	0.994485
110	157	0.989053
110	159	1.01777
110	163	0.991625
110	166	0.993855
110	169	1.02101
110	170	0.988125
110	171	0.968054
110	172	0.995606
110	174	0.945592
110	177	0.962531
110	178	0.946977
110	180	0.921517
111	94	1.81453
111	103	1.27292
111	118	0.875205
111	125	0.989799
111	131	0.927333
111	139	0.899743
111	149	0.96069
111	151	0.949011
111	153	0.938701
111	155	0.895958
111	164	0.934023
111	165	0.914308
111	169	0.965229
111	170	0.932341
111	171	0.912271
111	172	0.939822
111	174	0.889808
111	176	0.990706
111	177	0.906747
111	178	0.891193
111	179	1.12989
111	180	0.865733
112	5	0.919083
112	17	1.00802
112	23	0.999658
112	30	1.00375
112	62	0.956808
112	75	1.00286
112	88	0.975846
112	89	0.988386
112	103	0.960762
112	127	0.975272
112	133	0.944021
112	134	0.939079
112	141	0.987123
112	142	0.966971
112	143	0.984242
112	147	1.36786
112	156	0.98289
112	164	1.23523
112	166	1.31666
112	167	0.963256
112	169	1.19854
112	179	1.0161
113	14	1.17922
113	44	0.979989
113	58	0.975205
113	67	1.0156
113	69	1.11551
113	73	1.02177
113	82	1.07544
113	84	0.996361
113	89	0.800842
113	92	0.991636
113	120	1.04151
113	125	1.08422
113	131	1.02175
113	146	1.05722
113	160	1.0578
113	171	1.00669
113	173	1.07935
113	176	1.08513
113	177	1.00117
113	178	0.985615
113	179	0.282082
113	180	0.960154
114	53	0.972289
114	60	0.973656
114	85	0.987334
114	100	0.971642
114	102	0.977679
114	116	0.994494
114	121	1.01685
114	125	0.915322
114	128	0.948387
114	131	1.51801
114	137	0.985938
114	138	0.955853
114	140	0.96563
114	143	0.989566
114	144	0.962436
114	146	1.30819
114	148	0.960288
114	162	0.970992
114	167	1.32481
114	173	1.01167
114	175	0.901834
114	179	1.02142
115	71	1.26617
115	75	0.821521
115	104	0.958002
115	124	1.0378
115	129	0.946639
115	131	0.976444
115	134	1.10543
115	146	1.01191
115	151	0.998121
115	153	0.987812
115	155	0.945068
115	157	0.982379
115	159	1.01109
115	160	1.01249
115	161	0.942801
115	165	0.963418
115	170	0.981451
115	172	0.988932
115	174	0.938919
115	175	0.924206
115	177	0.955857
115	178	0.940304
115	180	0.914843
116	2	1.08594
116	53	1.02138
116	60	1.02275
116	78	1.06912
116	85	1.03643
116	102	1.02677
116	114	0.994494
116	131	1.19545
116	137	1.03503
116	140	1.01472
116	143	1.03866
116	144	1.01153
116	148	1.00938
116	150	1.04981
116	154	0.992374
116	156	1.03731
116	158	1.01741
116	166	1.12641
116	168	0.942219
116	169	1.00828
116	170	1.25649
116	175	0.950929
116	176	0.905941
117	1	0.937605
117	39	0.991757
117	52	0.993373
117	56	0.974884
117	61	0.97429
117	63	0.945844
117	67	0.9433
117	69	1.0432
117	71	0.955776
117	73	0.94947
117	79	0.937522
117	81	1.0099
117	82	1.00314
117	92	0.919332
117	94	0.911411
117	98	0.969239
117	108	0.956347
117	120	0.969207
117	132	1.21685
117	160	1.09825
117	169	1.15844
117	173	1.00704
117	175	1.85589
118	6	1.01202
118	8	0.902432
118	10	0.887164
118	14	0.897291
118	39	1.36732
118	48	0.861231
118	59	0.933253
118	72	0.91722
118	87	0.849063
118	111	0.875205
118	125	0.973083
118	142	0.92884
118	145	0.96807
118	146	0.946082
118	156	1.71945
118	161	0.876974
118	166	0.921355
118	170	0.915625
118	171	0.895555
118	172	0.923106
118	176	0.97399
118	177	0.890031
118	179	1.3539
118	180	0.849017
119	6	1.05474
119	14	0.940007
119	28	1.02522
119	48	0.903947
119	59	0.975969
119	67	1.20255
119	72	0.959936
119	89	1.29644
119	95	0.98113
119	142	0.971556
119	145	1.01079
119	156	1.14323
119	161	0.91969
119	163	0.961841
119	164	0.960023
119	166	0.964071
119	167	0.967841
119	170	0.958341
119	171	0.93827
119	174	0.915808
119	176	1.01671
119	177	0.932747
119	178	0.917193
119	180	0.891733
120	1	0.970656
120	39	1.02481
120	52	1.02642
120	56	1.00794
120	61	1.00734
120	63	0.978896
120	67	0.976352
120	69	1.07626
120	73	0.982522
120	79	0.970574
120	81	1.04295
120	82	1.03619
120	84	0.957108
120	92	0.952383
120	94	0.944463
120	98	1.00229
120	108	0.989399
120	113	1.04151
120	117	0.969207
120	138	1.17404
120	145	0.82637
120	159	1.00641
120	168	1.96526
120	173	1.0401
120	176	0.961683
121	3	1.01377
121	11	1.02513
121	25	1.07478
121	31	0.986013
121	74	1.01163
121	76	1.02143
121	85	1.05879
121	100	1.04309
121	104	1.19162
121	109	0.862643
121	114	1.01685
121	122	1.03365
121	130	1.04568
121	137	1.05739
121	143	1.06102
121	144	1.03389
121	146	0.808979
121	148	1.03174
121	150	1.07217
121	156	1.05967
121	158	1.03976
121	162	1.04244
121	164	0.868321
121	172	0.966582
121	175	0.973286
121	179	1.09287
122	25	1.02012
122	26	0.93911
122	57	1.00736
122	78	1.03682
122	85	1.00413
122	91	1.00474
122	94	0.932829
122	100	0.988437
122	104	1.29894
122	107	1.45626
122	121	1.03365
122	130	0.991029
122	137	1.00273
122	140	0.982425
122	147	1.10828
122	148	0.977084
122	150	1.01751
122	152	0.832476
122	154	0.960075
122	158	0.985106
122	162	0.987788
122	168	0.909919
122	172	1.07391
122	173	1.02846
122	175	0.918629
122	179	1.03821
123	59	1.26688
123	64	0.967581
123	101	0.990521
123	102	1.64121
123	103	1.12613
123	125	1.01185
123	132	0.94792
123	139	0.92179
123	149	0.982737
123	157	0.955316
123	161	0.915737
123	163	0.957888
123	164	0.95607
123	165	0.936354
123	166	0.960118
123	168	0.888432
123	169	0.987275
123	170	0.954387
123	171	0.934317
123	172	0.961868
123	174	0.911855
123	175	0.897142
123	177	0.928794
123	178	0.91324
123	179	0.983106
123	180	0.88778
124	9	1.02021
124	15	1.04293
124	16	0.905155
124	21	1.00805
124	33	0.976834
124	34	0.99333
124	36	0.963359
124	37	0.983987
124	44	0.983423
124	50	0.979988
124	58	0.967261
124	68	1.03179
124	83	0.917957
124	86	1.00017
124	88	0.976734
124	103	0.96165
124	115	1.0378
124	127	0.976159
124	132	0.994926
124	133	0.944909
124	135	0.98026
124	141	0.98801
124	165	1.02459
124	167	0.964144
124	171	1.25334
124	179	1.01698
124	180	1.83052
125	16	1.3064
125	22	0.997874
125	57	0.947017
125	66	0.911761
125	77	0.975932
125	80	1.04364
125	81	0.736228
125	102	0.783272
125	107	1.00391
125	111	0.989799
125	113	1.08422
125	114	0.915322
125	118	0.973083
125	123	1.01185
125	136	1.0835
125	146	1.06068
125	147	1.02817
125	151	1.04689
125	155	0.993836
125	160	1.06126
125	165	1.01219
125	166	1.03595
125	171	1.01015
125	172	1.0377
125	174	0.987686
125	177	1.00462
125	178	0.989071
125	180	0.963611
126	2	0.542471
126	29	0.880162
126	53	1.08168
126	65	1.11311
126	66	1.25997
126	90	0.98001
126	96	1.05862
126	100	0.964107
126	129	0.976162
126	143	0.897524
126	146	1.04143
126	147	1.00893
126	153	1.01734
126	155	0.974592
126	157	1.0119
126	159	1.04062
126	160	1.04201
126	164	1.01266
126	165	0.992942
126	166	1.0167
126	167	1.02047
126	168	0.945019
126	169	1.04386
126	171	0.990905
126	172	1.01846
126	174	0.968442
126	177	0.985381
126	178	0.969827
126	180	0.944367
127	7	0.96049
127	9	1.05984
127	16	0.944787
127	21	1.04768
127	33	1.01647
127	36	1.00299
127	37	1.02362
127	44	1.02306
127	49	1.01777
127	50	1.01962
127	58	1.00689
127	68	1.07142
127	83	0.957589
127	103	1.00128
127	109	0.883267
127	112	0.975272
127	124	0.976159
127	133	0.984541
127	134	0.979599
127	135	1.01989
127	141	1.02764
127	142	1.00749
127	146	0.829603
127	157	1.12237
127	161	1.37498
127	166	0.970381
127	167	1.00378
127	175	1.54971
127	179	1.05661
128	3	0.945305
128	22	0.929723
128	25	1.00631
128	31	0.917549
128	40	0.918804
128	53	0.975277
128	55	0.985042
128	60	0.976644
128	76	0.952962
128	91	0.990932
128	94	0.919021
128	100	0.97463
128	101	1.18461
128	102	0.980667
128	106	0.935163
128	114	0.948387
128	132	0.9556
128	143	0.992554
128	144	0.965424
128	148	0.963277
128	150	1.00371
128	156	0.991202
128	158	0.971299
128	162	0.97398
128	167	1.07066
128	168	0.896112
128	174	1.72926
128	177	1.44892
128	179	1.02441
129	4	1.28729
129	15	1.3738
129	60	1.47311
129	80	0.95137
129	110	0.953312
129	115	0.946639
129	126	0.976162
129	139	0.90535
129	145	0.990392
129	149	0.966297
129	150	1.27859
129	151	0.954617
129	152	0.993074
129	155	0.901565
129	157	0.938876
129	160	0.968987
129	161	0.899297
129	165	0.919914
129	166	0.943678
129	168	0.871992
129	169	0.970835
129	170	0.937947
129	171	0.917877
129	174	0.895415
129	175	0.880702
129	177	0.912354
129	178	0.8968
129	180	0.87134
130	3	0.971151
130	4	1.06782
130	26	0.951148
130	40	0.94465
130	41	0.793157
130	45	0.940312
130	85	1.01617
130	91	1.01678
130	100	1.00048
130	102	1.00651
130	105	1.00945
130	121	1.04568
130	122	0.991029
130	132	0.981446
130	137	1.01477
130	138	0.984687
130	140	0.994464
130	148	0.989123
130	150	1.02955
130	153	1.2136
130	154	0.972113
130	156	1.01705
130	158	0.997145
130	160	0.975576
130	161	1.55849
130	162	0.999826
130	172	1.17072
130	173	1.0405
130	175	0.930668
130	179	1.05025
131	99	0.891729
131	111	0.927333
131	113	1.02175
131	114	1.51801
131	115	0.976444
131	116	1.19545
131	137	0.890077
131	139	0.935155
131	141	0.79005
131	146	0.998209
131	147	0.965703
131	151	0.984423
131	152	1.02288
131	158	1.04476
131	159	0.997396
131	160	0.998793
131	161	0.929102
131	163	0.971253
131	166	0.973483
131	167	0.977253
131	168	0.901797
131	169	1.00064
131	170	0.967753
131	171	0.947682
131	172	0.975234
131	174	0.92522
131	175	0.910507
131	177	0.942159
131	178	0.926605
131	180	0.901145
132	1	1.38799
132	40	0.923029
132	84	1.15587
132	90	0.935328
132	102	0.984892
132	117	1.21685
132	123	0.94792
132	124	0.994926
132	128	0.9556
132	130	0.981446
132	134	1.06255
132	137	0.99315
132	148	0.967501
132	154	0.950492
132	158	0.975523
132	160	0.997332
132	161	0.927642
132	162	0.978205
132	164	0.967975
132	167	0.975792
132	169	0.99918
132	170	0.966292
132	171	0.946222
132	172	0.973773
132	173	1.01888
132	174	0.92376
132	175	0.909047
132	177	0.940699
132	178	0.925145
132	180	0.899685
133	7	0.929239
133	9	1.02859
133	16	0.913537
133	21	1.01643
133	33	0.985216
133	34	1.00171
133	36	0.97174
133	37	0.992368
133	46	1.08725
133	49	0.986517
133	50	0.988369
133	58	0.975642
133	68	1.04017
133	83	0.926339
133	86	1.00855
133	88	0.985115
133	90	1.11975
133	103	0.970031
133	112	0.944021
133	124	0.944909
133	127	0.984541
133	134	0.948348
133	135	0.988641
133	141	0.996392
133	142	0.97624
133	153	1.11694
133	157	1.20922
133	160	0.878917
133	167	0.972525
133	168	1.84035
133	170	1.18731
133	179	1.02536
134	7	0.924297
134	9	1.02365
134	15	1.04637
134	16	0.908595
134	20	1.24609
134	21	1.01149
134	33	0.980274
134	34	0.996769
134	37	0.987426
134	44	0.986862
134	46	1.08231
134	47	0.719196
134	49	0.981575
134	50	0.983427
134	58	0.9707
134	68	1.03523
134	83	0.921397
134	86	1.00361
134	88	0.980173
134	103	0.965089
134	112	0.939079
134	115	1.10543
134	127	0.979599
134	132	1.06255
134	133	0.948348
134	135	0.983699
134	141	0.99145
134	142	0.971298
134	157	1.27426
134	167	0.967583
134	177	1.37637
134	179	1.02042
135	7	0.96459
135	15	1.08666
135	21	1.05178
135	33	1.02057
135	34	1.03706
135	36	1.00709
135	37	1.02772
135	44	1.02716
135	46	1.12261
135	49	1.02187
135	50	1.02372
135	58	1.01099
135	68	1.07552
135	83	0.96169
135	86	1.04391
135	88	1.02047
135	96	0.843694
135	103	1.00538
135	124	0.98026
135	127	1.01989
135	133	0.988641
135	134	0.983699
135	138	1.16765
135	141	1.03174
135	142	1.01159
135	145	0.819984
135	149	1.12484
135	153	1.23547
135	167	1.00788
135	171	1.37446
135	176	0.955297
135	179	1.06072
136	28	0.684189
136	34	1.1272
136	37	0.716492
136	42	1.01549
136	64	1.03923
136	98	0.864679
136	110	1.0414
136	125	1.0835
136	139	0.99344
136	143	0.863787
136	146	1.05649
136	147	1.02399
136	149	1.05439
136	153	1.0324
136	154	1.01024
136	155	0.989655
136	159	1.05568
136	160	1.05708
136	161	0.987387
136	162	0.768887
136	164	1.02772
136	165	1.008
136	169	1.05893
136	170	1.02604
136	171	1.00597
136	172	1.03352
136	174	0.983505
136	175	0.968792
136	176	1.0844
136	177	1.00044
136	178	0.984891
136	180	0.95943
137	3	0.982855
137	19	2.41336
137	24	0.512326
137	26	0.962853
137	31	0.955099
137	40	0.956354
137	53	1.01283
137	55	1.02259
137	60	1.01419
137	74	0.980715
137	76	0.990512
137	85	1.02787
137	114	0.985938
137	116	1.03503
137	121	1.05739
137	122	1.00273
137	130	1.01477
137	131	0.890077
137	132	0.99315
137	143	1.0301
137	144	1.00297
137	148	1.00083
137	150	1.04126
137	154	0.983818
137	156	1.02875
137	158	1.00885
137	162	1.01153
137	169	0.702912
137	173	1.0522
137	174	1.35548
137	175	0.942372
137	176	0.60057
137	177	1.07514
137	179	1.06196
138	9	1.12687
138	12	0.966331
138	40	0.92627
138	49	1.11371
138	62	1.13077
138	86	1.08696
138	87	0.902972
138	91	0.998398
138	102	0.988133
138	114	0.955853
138	120	1.17404
138	130	0.984687
138	135	1.16765
138	139	0.936936
138	140	0.976084
138	144	0.97289
138	148	0.970743
138	149	0.997883
138	152	1.02466
138	158	0.978765
138	160	1.00057
138	162	0.981446
138	164	0.971217
138	165	0.951501
138	169	1.00242
138	172	0.977015
138	173	1.02212
138	174	0.927001
138	175	0.912288
138	176	1.0279
138	177	0.94394
138	178	0.928386
138	179	1.03187
138	180	0.902926
139	48	1.62714
139	73	1.46675
139	97	0.976534
139	101	0.976296
139	103	1.02405
139	104	0.916713
139	111	0.899743
139	123	0.92179
139	129	0.90535
139	131	0.935155
139	136	0.99344
139	138	0.936936
139	144	1.43362
139	147	0.938113
139	151	0.956832
139	152	0.995289
139	153	0.946523
139	160	0.971202
139	161	0.901512
139	163	0.943663
139	164	0.941845
139	165	0.922129
139	166	0.945893
139	169	0.97305
139	170	0.940162
139	171	0.920092
139	172	0.947644
139	174	0.89763
139	175	0.882917
139	176	0.998528
139	177	0.914569
139	178	0.899015
139	179	0.881022
139	180	0.873555
140	2	1.05708
140	4	1.05921
140	29	1.0429
140	31	0.934792
140	45	0.931709
140	54	1.00246
140	55	1.00228
140	60	0.993887
140	70	0.857581
140	74	0.960407
140	76	0.970204
140	78	1.04025
140	91	1.00817
140	93	1.65962
140	95	0.997095
140	96	0.543085
140	100	0.991873
140	110	0.612653
140	114	0.96563
140	116	1.01472
140	122	0.982425
140	130	0.994464
140	138	0.976084
140	144	0.982667
140	148	0.980519
140	150	1.02095
140	154	0.96351
140	158	0.988541
140	161	1.27975
140	162	0.991223
140	163	1.16342
140	168	0.913355
140	173	1.0319
140	175	0.922065
140	179	1.04165
140	180	1.65104
141	7	0.972341
141	9	1.07169
141	15	1.09441
141	16	0.956638
141	21	1.05953
141	33	1.02832
141	34	1.04481
141	36	1.01484
141	37	1.03547
141	38	0.562028
141	44	1.03491
141	46	1.13036
141	49	1.02962
141	50	1.03147
141	58	1.01874
141	68	1.08327
141	77	1.28514
141	83	0.96944
141	86	1.05166
141	88	1.02822
141	103	1.01313
141	112	0.987123
141	124	0.98801
141	127	1.02764
141	131	0.79005
141	133	0.996392
141	134	0.99145
141	135	1.03174
141	142	1.01934
141	147	0.772208
141	154	0.718395
141	167	1.01563
141	168	1.50412
141	174	1.25545
141	175	1.30034
141	179	1.06847
142	6	1.08237
142	8	0.972783
142	10	0.957514
142	14	0.967641
142	28	1.05285
142	32	0.981326
142	33	1.00817
142	44	1.01475
