1	32	2.34796
1	98	0.139664
1	105	0.299805
1	161	0.979116
1	169	0.945707
1	172	0.958212
1	173	0.920555
1	174	0.88178
1	175	0.95147
1	178	0.931768
1	179	0.906891
1	180	0.924612
2	17	0.813162
2	34	0.791382
2	56	0.853912
2	66	0.918076
2	67	0.852144
2	95	0.848117
2	99	0.823337
2	122	1.70192
2	124	0.853066
2	135	0.848419
2	167	2.60293
2	177	0.799001
3	17	0.82102
3	22	0.903127
3	74	0.893415
3	75	0.819039
3	86	0.825803
3	87	0.865797
3	99	0.831194
3	102	0.826203
3	120	0.845183
3	135	0.856276
3	166	3.50764
3	177	0.806859
4	89	0.958008
4	91	0.918415
4	126	0.624358
4	148	0.964583
4	154	0.967077
4	169	0.944859
4	171	0.935829
4	172	0.957364
4	173	0.919707
4	174	0.880932
4	179	0.906043
4	180	0.923764
5	6	0.830669
5	27	0.824201
5	52	1.45098
5	66	0.92708
5	80	2.64275
5	88	0.85694
5	99	0.832342
5	102	0.82735
5	114	0.789522
5	120	0.84633
5	135	0.857424
5	177	0.808006
6	5	0.830669
6	32	0.813939
6	61	0.802016
6	87	0.870609
6	91	0.862961
6	102	0.831015
6	111	0.866255
6	120	0.849995
6	135	0.861089
6	150	1.03281
6	166	3.338
6	177	0.811671
7	17	0.775694
7	90	0.862693
7	94	0.860157
7	118	0.849705
7	133	0.896952
7	139	0.859369
7	162	2.3134
7	171	0.821584
7	172	0.843119
7	173	0.805463
7	179	0.791798
7	180	0.809519
8	16	0.64217
8	138	0.729795
8	147	0.750313
8	149	0.742679
8	153	0.718867
8	156	0.727888
8	165	0.700965
8	167	0.684393
8	172	0.698641
8	175	0.6919
8	179	0.64732
8	180	0.665041
9	21	0.784635
9	62	0.836105
9	72	1.74073
9	98	0.887861
9	107	2.53793
9	112	0.836602
9	138	0.844228
9	144	0.820099
9	149	0.857111
9	156	0.842321
9	162	0.850476
9	170	0.840955
10	88	3.25011
10	112	0.79563
10	147	0.823774
10	150	0.771551
10	155	0.805009
10	163	0.801816
10	170	0.799984
10	174	0.69567
10	176	0.701869
10	178	0.745659
10	179	0.720781
10	180	0.738502
11	92	1.17686
11	94	0.802748
11	139	0.634907
11	157	0.980475
11	159	0.977812
11	164	0.936363
11	172	0.950009
11	174	0.873577
11	175	0.943268
11	178	0.923565
11	179	0.898688
11	180	0.916409
12	40	0.849134
12	83	0.877665
12	96	2.02232
12	112	0.841631
12	117	0.836331
12	142	2.29942
12	145	0.836259
12	149	0.862141
12	162	0.855505
12	163	0.847817
12	170	0.845984
12	176	0.74787
13	21	2.06958
13	156	0.907019
13	157	0.89179
13	164	0.847678
13	165	0.863648
13	172	0.861324
13	173	0.823668
13	174	0.784892
13	175	0.854583
13	178	0.83488
13	179	0.810003
13	180	0.827724
14	30	1.80351
14	36	1.11096
14	121	0.87907
14	136	0.890164
14	142	0.850354
14	150	0.85012
14	161	0.871576
14	174	0.774239
14	175	0.84393
14	178	0.824228
14	179	0.79935
14	180	0.817071
15	78	0.9972
15	129	0.761865
15	154	0.97468
15	161	0.985871
15	163	0.798957
15	173	0.92731
15	174	0.888535
15	176	0.894733
15	177	0.945442
15	178	0.938523
15	179	0.913646
15	180	0.931367
16	8	0.64217
16	94	0.788625
16	119	0.820834
16	123	0.80624
16	129	3.26153
16	132	0.792238
16	133	0.825419
16	139	0.787837
16	173	0.73393
16	178	0.745143
16	179	0.720266
16	180	0.737987
17	2	0.813162
17	3	0.82102
17	7	0.775694
17	71	4.8
17	88	0.852103
17	95	0.852284
17	99	0.827504
17	104	0.879894
17	120	0.841493
17	124	0.857234
17	135	0.852586
17	177	0.803169
18	29	0.694591
18	59	1.42726
18	136	0.993087
18	157	0.98406
18	162	0.537726
18	167	0.939347
18	169	0.94109
18	173	0.915938
18	174	0.877163
18	178	0.927151
18	179	0.902274
18	180	0.919995
19	35	0.874743
19	58	0.844129
19	65	0.825341
19	90	0.839242
19	92	0.832595
19	94	0.836705
19	118	0.826253
19	123	0.854321
19	134	0.830613
19	139	0.835918
19	172	2.12564
19	175	2.18262
20	85	0.910257
20	107	1.13076
20	112	0.943285
20	115	0.93586
20	147	0.971428
20	153	0.939983
20	155	0.952663
20	158	1.43465
20	163	0.949471
20	164	2.07623
20	170	0.947638
20	176	0.849523
21	9	0.784635
21	13	2.06958
21	68	0.86601
21	78	0.84963
21	98	0.874405
21	108	2.15001
21	112	0.823146
21	117	0.817846
21	156	0.828865
21	160	0.761974
21	162	0.83702
21	163	0.829332
21	170	0.827499
22	3	0.903127
22	34	0.877657
22	87	0.944215
22	88	0.934211
22	99	0.909612
22	102	0.904621
22	111	0.93986
22	114	0.866792
22	135	0.934694
22	141	1.46873
22	150	1.80525
22	165	1.70116
22	177	0.885276
23	42	1.56561
23	101	0.881864
23	128	1.60222
23	158	0.892986
23	164	0.829554
23	165	0.845524
23	167	0.828952
23	169	0.830695
23	173	0.805544
23	174	0.766768
23	178	0.816756
23	179	0.791879
23	180	0.8096
24	70	0.901051
24	138	0.924237
24	144	0.900108
24	146	0.944147
24	153	0.913309
24	154	1.11006
24	155	0.92599
24	156	0.92233
24	162	0.930485
24	166	0.81763
24	168	0.901429
24	170	0.920964
24	174	2.96565
25	78	0.851228
25	83	0.860778
25	109	0.831495
25	138	0.832371
25	142	1.89287
25	149	0.845254
25	153	0.821442
25	155	0.834123
25	156	0.830464
25	162	0.838618
25	166	0.725763
25	170	0.829098
25	173	2.73764
26	33	2.11763
26	85	0.807718
26	125	0.816962
26	128	0.850088
26	146	0.868282
26	148	2.50369
26	153	0.837444
26	156	0.846465
26	160	0.779574
26	162	0.85462
26	163	0.846932
26	170	0.845099
26	176	0.746984
27	5	0.824201
27	86	0.824148
27	88	0.854138
27	91	0.856494
27	95	0.854318
27	102	0.824547
27	120	0.843528
27	122	0.730475
27	124	0.859268
27	135	0.854621
27	176	3.59867
27	177	0.805203
28	32	0.796652
28	72	1.73748
28	86	0.813328
28	87	0.853322
28	91	0.845674
28	95	0.843499
28	102	0.813728
28	104	0.871109
28	111	0.848968
28	114	0.7759
28	135	0.843802
28	158	2.83857
28	177	0.794384
29	18	0.694591
29	37	0.923052
29	67	0.925489
29	84	2.94453
29	105	0.916596
29	125	0.891616
29	128	0.924741
29	147	0.943542
29	153	0.912097
29	156	0.921118
29	162	0.929273
29	166	0.816417
29	170	0.919752
30	14	1.80351
30	41	0.832909
30	47	0.848453
30	92	0.81541
30	106	0.832414
30	113	0.815583
30	118	0.809068
30	123	0.837136
30	133	0.856315
30	134	0.813428
30	139	0.818733
30	145	0.820638
30	148	2.45925
31	45	1.35766
31	58	0.887919
31	140	1.00174
31	150	0.932555
31	166	0.857653
31	167	0.918859
31	170	0.665333
31	171	0.911572
31	172	0.933107
31	174	0.856675
31	178	0.906663
31	179	0.881786
31	180	0.899507
32	1	2.34796
32	6	0.813939
32	28	0.796652
32	52	1.75431
32	86	0.81022
32	88	0.84021
32	91	0.842566
32	95	0.840391
32	102	0.81062
32	104	0.868001
32	111	0.845859
32	135	0.840693
32	177	0.791276
33	26	2.11763
33	50	0.788348
33	143	0.842491
33	149	1.42472
33	165	0.852126
33	168	0.894339
33	172	0.849802
33	173	0.812146
33	175	0.843061
33	176	0.779569
33	178	0.823359
33	179	0.798481
33	180	0.816202
34	2	0.791382
34	22	0.877657
34	38	1.4716
34	67	0.834531
34	86	0.800333
34	87	0.840326
34	95	0.830503
34	104	0.858113
34	111	0.835972
34	120	0.819713
34	135	0.830806
34	171	3.08623
34	177	0.781388
35	19	0.874743
35	36	0.932782
35	41	0.91356
35	73	0.94175
35	90	0.902707
35	118	0.889719
35	133	0.936965
35	134	0.894079
35	139	0.899383
35	141	0.914281
35	157	1.45948
35	159	1.53796
35	178	1.95661
36	14	1.11096
36	35	0.932782
36	77	0.918798
36	92	0.890635
36	119	0.926954
36	123	0.91236
36	133	0.931539
36	134	0.888653
36	139	0.893957
36	141	0.908855
36	143	1.80798
36	145	0.895863
36	175	1.6792
37	29	0.923052
37	66	1.05049
37	140	0.97781
37	152	0.934713
37	156	1.25997
37	165	0.911505
37	168	0.953718
37	171	0.887646
37	172	0.909181
37	175	0.902439
37	177	0.889656
37	179	0.85786
37	180	0.875581
38	34	1.4716
38	47	1.03207
38	83	0.732042
38	110	0.958637
38	148	0.919372
38	158	0.961939
38	164	0.898506
38	168	0.956689
38	173	0.874496
38	175	0.905411
38	178	0.885709
38	179	0.860831
38	180	0.878553
39	59	0.840471
39	100	0.878673
39	108	2.02234
39	117	0.839362
39	128	0.854004
39	144	0.828159
39	146	0.872198
39	152	2.52586
39	160	0.78349
39	162	0.858536
39	166	0.745681
39	170	0.849015
39	176	0.7509
40	12	0.849134
40	73	0.917705
40	78	0.9091
40	94	0.876126
40	119	0.908336
40	123	0.893742
40	133	0.912921
40	139	0.875338
40	153	0.879314
40	155	0.891995
40	165	0.867746
40	170	0.886969
40	174	2.56706
40	179	1.84202
41	30	0.832909
41	35	0.91356
41	49	0.891279
41	73	0.917101
41	77	0.899575
41	106	0.888416
41	119	0.907732
41	123	0.893138
41	133	0.912317
41	134	0.86943
41	139	0.874734
41	140	0.399672
41	151	2.97515
41	179	1.92883
42	23	1.56561
42	79	1.3958
42	113	0.887682
42	125	0.874327
42	138	0.905736
42	144	0.881608
42	146	0.925646
42	153	0.894808
42	155	0.907489
42	162	0.911984
42	163	0.904296
42	170	0.902463
42	176	0.804349
42	180	1.97093
43	101	1.90651
43	107	1.32884
43	112	0.884571
43	124	0.895583
43	125	0.860788
43	138	0.892197
43	147	0.912715
43	149	0.905081
43	153	0.881269
43	156	0.89029
43	162	0.898445
43	163	0.890757
43	170	0.888924
43	175	2.0559
44	105	0.902311
44	129	0.891586
44	136	1.39379
44	144	0.884611
44	146	0.928649
44	147	0.929257
44	149	0.921623
44	155	0.910492
44	159	1.71926
44	162	0.914987
44	163	0.907299
44	166	0.802132
44	176	0.807352
44	178	2.1379
45	31	1.35766
45	73	0.919926
45	77	0.9024
45	82	0.909536
45	94	0.878347
45	97	1.45532
45	106	0.891241
45	113	0.874409
45	118	0.867895
45	119	0.910556
45	123	0.895962
45	134	0.872255
45	137	2.07562
45	139	0.877559
46	51	0.895433
46	105	0.891719
46	125	0.866739
46	126	0.894434
46	129	0.880995
46	136	1.47297
46	140	1.5661
46	145	0.88515
46	149	0.911032
46	153	0.88722
46	156	0.896241
46	163	0.896708
46	170	0.894875
46	178	2.21709
47	30	0.848453
47	38	1.03207
47	58	0.89849
47	65	0.879701
47	77	0.915119
47	92	0.886956
47	94	0.891066
47	106	0.90396
47	123	0.908681
47	131	1.91169
47	134	0.884974
47	136	1.93775
47	139	0.890278
47	145	0.892184
48	65	0.869679
48	66	0.963555
48	80	1.02854
48	113	0.877105
48	118	0.870591
48	133	0.917838
48	134	0.874951
48	139	0.880256
48	144	0.871031
48	145	0.882161
48	157	1.98804
48	162	0.901407
48	170	0.891887
48	175	2.17089
49	41	0.891279
49	73	0.919469
49	77	0.901942
49	90	0.880426
49	92	0.873779
49	118	0.867437
49	119	0.910099
49	133	0.914684
49	134	0.871797
49	139	0.877102
49	141	0.892
49	166	2.51645
49	176	2.0644
49	180	0.76544
50	33	0.788348
50	138	3.8367
50	148	0.773822
50	161	0.787508
50	164	0.752957
50	167	0.752355
50	168	0.81114
50	172	0.766603
50	173	0.728947
50	174	0.690171
50	175	0.759862
50	178	0.740159
50	179	0.715282
50	180	0.733003
51	46	0.895433
51	61	2.17322
51	78	0.906508
51	112	0.880024
51	126	0.883936
51	128	0.889366
51	138	0.88765
51	146	0.90756
51	156	0.885743
51	158	0.744168
51	162	0.893898
51	163	0.88621
51	170	0.884377
51	179	2.35979
52	5	1.45098
52	32	1.75431
52	70	0.718338
52	132	0.924895
52	154	0.913958
52	157	0.93471
52	165	0.906568
52	167	0.889997
52	169	0.891739
52	171	0.882709
52	172	0.904244
52	174	0.827812
52	179	0.852923
52	180	0.870644
53	80	0.99753
53	115	0.875643
53	126	0.886979
53	141	2.12562
53	144	0.866565
53	147	0.911211
53	149	0.903577
53	153	0.879765
53	155	0.892446
53	156	0.888786
53	160	0.821895
53	162	0.896941
53	164	2.35829
53	170	0.88742
53	176	0.789306
54	68	1.26533
54	131	0.935964
54	142	0.879709
54	152	0.905558
54	156	1.32421
54	158	0.929812
54	163	0.863884
54	165	0.88235
54	168	0.924563
54	169	0.867521
54	173	0.84237
54	174	0.803594
54	178	0.853583
54	179	0.828705
54	180	0.846426
55	104	1.79375
55	128	1.98158
55	141	0.8469
55	143	0.808441
55	157	0.846218
55	159	0.843555
55	161	0.836657
55	167	0.801504
55	168	0.860289
55	169	0.803247
55	173	0.778096
55	174	0.73932
55	178	0.789308
55	179	0.764431
55	180	0.782152
56	2	0.853912
56	74	1.91834
56	86	0.862863
56	88	0.892853
56	91	0.895209
56	96	1.47861
56	99	0.868254
56	102	0.863263
56	104	0.920644
56	111	0.898502
56	114	0.825434
56	120	0.882243
56	135	0.893336
56	177	0.843918
56	178	2.21939
57	59	1.49082
57	92	1.6189
57	137	0.923143
57	146	0.420729
57	148	0.891672
57	154	0.894166
57	161	0.905357
57	169	0.871948
57	171	0.862918
57	172	0.884452
57	173	0.846796
57	175	0.877711
57	178	0.858009
57	179	0.833132
57	180	0.850853
58	19	0.844129
58	31	0.887919
58	47	0.89849
58	89	0.870733
58	92	0.865447
58	103	2.20479
58	106	0.88245
58	118	0.859105
58	123	0.887172
58	132	2.07858
58	133	0.906351
58	134	0.863465
58	139	0.868769
58	141	0.883667
58	145	0.870675
59	18	1.42726
59	39	0.840471
59	57	1.49082
59	100	0.904933
59	117	0.865622
59	126	0.874834
59	130	1.91146
59	144	0.85442
59	146	0.898458
59	153	0.86762
59	155	0.880301
59	156	0.876642
59	162	0.884796
59	163	0.877108
59	170	0.875275
60	86	1.49213
60	107	0.934883
60	135	1.08696
60	143	0.878837
60	148	0.893367
60	165	0.888472
60	167	0.8719
60	170	0.85689
60	171	0.864613
60	172	0.886148
60	173	0.848492
60	175	0.879407
60	177	0.866623
60	179	0.834827
60	180	0.852548
61	6	0.802016
61	51	2.17322
61	79	0.828849
61	95	0.828468
61	102	0.798697
61	111	0.833937
61	112	2.281
61	120	0.817677
61	121	0.827277
61	158	0.848664
61	165	0.801202
61	172	0.798877
61	174	0.722446
61	177	0.779353
61	179	0.747557
61	180	0.765278
62	9	0.836105
62	109	0.881368
62	112	0.874617
62	126	0.878529
62	128	0.883959
62	144	0.858114
62	151	0.794487
62	154	2.1596
62	155	0.883995
62	156	0.880336
62	158	1.67453
62	162	0.888491
62	163	0.880803
62	170	0.87897
62	172	2.04072
62	176	0.780855
63	81	0.897219
63	113	1.22488
63	144	1.04327
63	149	1.44586
63	157	0.912366
63	159	0.909703
63	167	0.867652
63	171	0.860365
63	172	0.8819
63	173	0.844244
63	174	0.805468
63	175	0.875159
63	176	0.811666
63	178	0.855456
63	179	0.830579
63	180	0.8483
64	98	1.17764
64	103	0.860811
64	105	1.33778
64	139	1.31528
64	151	0.827406
64	159	0.911811
64	164	0.870361
64	165	0.886331
64	169	0.871502
64	171	0.862472
64	172	0.884007
64	174	0.807575
64	175	0.877266
64	178	0.857564
64	179	0.832686
64	180	0.850407
65	19	0.825341
65	47	0.879701
65	48	0.869679
65	82	0.881958
65	89	0.851944
65	92	0.846659
65	94	0.850769
65	118	0.840317
65	119	0.882978
65	123	0.868384
65	133	0.887563
65	139	0.849981
65	141	0.864879
65	152	1.53489
65	169	2.27682
65	172	2.02284
66	2	0.918076
66	5	0.92708
66	37	1.05049
66	48	0.963555
66	99	0.932418
66	102	0.927427
66	109	0.957886
66	120	0.946407
66	129	0.941607
66	137	1.46409
66	152	1.28149
66	162	0.965009
66	169	2.02342
66	170	0.955488
66	176	0.857373
66	177	0.908082
67	2	0.852144
67	29	0.925489
67	34	0.834531
67	104	0.918876
67	114	0.823666
67	120	0.880475
67	127	2.06783
67	144	0.868701
67	151	0.805074
67	153	0.881901
67	163	0.891389
67	166	0.786222
67	170	0.889556
67	172	1.29052
67	177	0.84215
67	179	2.53995
68	21	0.86601
68	54	1.26533
68	70	0.902417
68	75	0.887105
68	100	0.951988
68	113	0.907549
68	117	0.912677
68	122	1.28422
68	129	0.90845
68	144	0.901474
68	147	0.946121
68	148	2.06451
68	149	0.938487
68	158	1.55385
68	162	0.931851
68	163	0.924163
68	170	0.92233
69	74	1.36509
69	105	0.924218
69	109	0.929771
69	128	0.932363
69	129	0.913493
69	146	0.950556
69	147	0.951164
69	153	0.919718
69	155	0.932399
69	162	0.936894
69	163	0.929206
69	166	0.824039
69	170	0.927374
69	172	1.29488
69	176	0.829259
69	177	1.68732
69	180	2.2283
70	24	0.901051
70	52	0.718338
70	68	0.902417
70	83	0.895587
70	115	0.852129
70	125	0.83577
70	130	2.53228
70	147	0.887697
70	151	0.779424
70	152	2.50754
70	153	0.856251
70	155	0.868932
70	156	0.865272
70	163	0.865739
70	166	0.760572
70	170	0.863906
70	176	0.765792
71	17	4.8
71	127	0.730715
71	137	0.780264
71	144	0.748599
71	146	0.792637
71	147	0.793245
71	156	0.770821
71	162	0.778975
71	164	0.727927
71	169	0.729069
71	170	0.769455
71	172	0.741573
71	173	0.703917
71	175	0.734832
71	179	0.690252
71	180	0.707973
72	9	1.74073
72	28	1.73748
72	74	0.99882
72	78	0.249551
72	124	0.687187
72	130	0.953349
72	152	0.938974
72	161	0.934347
72	164	0.899796
72	168	0.957979
72	171	0.891907
72	172	0.913442
72	173	0.875786
72	175	0.906701
72	178	0.886999
72	179	0.862121
72	180	0.879842
73	35	0.94175
73	40	0.917705
73	41	0.917101
73	45	0.919926
73	49	0.919469
73	89	0.904888
73	94	0.903712
73	106	0.916606
73	108	1.03685
73	119	0.935922
73	122	1.3925
73	134	0.89762
73	139	0.902924
73	140	1.74859
73	141	0.917823
73	145	0.90483
73	165	2.30347
74	3	0.893415
74	56	1.91834
74	69	1.36509
74	72	0.99882
74	132	0.934086
74	133	0.859017
74	143	0.906124
74	158	0.963221
74	169	0.90093
74	171	0.8919
74	172	0.913435
74	173	0.875778
74	174	0.837003
74	175	0.906693
74	176	0.843201
74	178	0.886991
74	179	0.862114
74	180	0.879835
75	3	0.819039
75	68	0.887105
75	88	0.850123
75	99	0.825524
75	110	1.68289
75	111	0.855772
75	115	0.836816
75	120	0.839513
75	128	0.853583
75	135	0.850606
75	149	0.86475
75	151	0.764111
75	155	0.853619
75	163	0.850427
75	169	2.48038
75	170	0.848594
75	175	2.28338
75	177	0.801188
76	91	0.970144
76	94	1.31576
76	102	1.02223
76	111	0.705852
76	116	0.849366
76	130	0.961421
76	148	0.928734
76	165	0.923839
76	166	0.846061
76	168	0.966051
76	171	0.899979
76	172	0.921514
76	173	0.883858
76	175	0.914773
76	176	0.851281
76	178	0.895071
76	179	0.870193
76	180	0.887915
77	36	0.918798
77	41	0.899575
77	45	0.9024
77	47	0.915119
77	49	0.901942
77	82	0.917376
77	89	0.887362
77	90	0.888722
77	94	0.886186
77	118	0.875734
77	119	0.918395
77	133	0.922981
77	134	0.880094
77	139	0.885398
77	140	1.32819
77	148	1.7524
77	167	1.87312
77	169	1.8619
78	15	0.9972
78	21	0.84963
78	25	0.851228
78	40	0.9091
78	51	0.906508
78	72	0.249551
78	115	0.894173
78	143	1.90259
78	144	0.885095
78	146	0.929133
78	147	0.929741
78	153	0.898295
78	155	0.910976
78	156	0.907316
78	162	0.915471
78	163	0.907783
78	170	0.90595
78	179	2.96626
79	42	1.3958
79	61	0.828849
79	114	0.820019
79	143	0.850717
79	144	1.622
79	146	1.66287
79	154	0.867742
79	161	0.878933
79	165	0.860352
79	168	0.902565
79	171	0.836493
79	173	0.820372
79	174	0.781596
79	175	0.851287
79	177	0.838503
79	178	0.831585
79	179	0.806707
79	180	0.824428
80	5	2.64275
80	48	1.02854
80	53	0.99753
80	148	0.923312
80	154	0.925807
80	158	0.965879
80	162	0.399764
80	164	0.902447
80	165	0.918417
80	167	0.901845
80	169	0.903588
80	171	0.894558
80	173	0.878437
80	174	0.839661
80	175	0.909352
80	178	0.88965
80	179	0.864772
80	180	0.882493
81	63	0.897219
81	87	0.965928
81	126	1.56857
81	136	0.882868
81	140	0.912005
81	149	1.74591
81	150	0.842824
81	164	0.82973
81	167	0.829128
81	168	0.887913
81	169	0.830871
81	171	0.821841
81	172	0.843376
81	174	0.766944
81	175	0.836635
81	178	0.816933
81	179	0.792055
81	180	0.809776
82	45	0.909536
82	65	0.881958
82	77	0.917376
82	89	0.894498
82	90	0.895859
82	106	0.906216
82	113	0.889385
82	118	0.882871
82	123	0.910938
82	133	0.930117
82	134	0.88723
82	139	0.892535
82	141	0.907433
82	145	0.894441
82	164	1.84607
82	167	1.83587
82	168	1.48092
82	175	1.62765
83	12	0.877665
83	25	0.860778
83	38	0.732042
83	70	0.895587
83	105	0.912344
83	110	1.46708
83	112	0.911147
83	126	0.915059
83	129	0.90162
83	138	0.918773
83	142	1.91816
83	155	0.920526
83	156	0.916866
83	162	0.925021
83	163	0.917333
83	166	0.812166
83	170	0.9155
83	171	2.34667
84	29	2.94453
84	101	0.826854
84	131	0.844127
84	132	0.80884
84	133	2.09134
84	150	0.787638
84	157	0.818655
84	158	0.837975
84	159	0.815993
84	161	0.809094
84	164	0.774543
84	171	0.766654
84	172	0.788189
84	173	0.750533
84	176	0.717956
84	178	0.761746
84	179	0.736868
84	180	0.754589
85	20	0.910257
85	26	0.807718
85	97	1.61289
85	98	0.893345
85	115	0.834661
85	117	0.836785
85	122	1.90274
85	125	0.818302
85	126	0.845997
85	128	0.851428
85	146	0.869621
85	149	0.862595
85	153	0.838783
85	160	0.780913
85	162	0.855959
85	170	0.846439
85	176	0.748324
85	177	2.931
86	3	0.825803
86	27	0.824148
86	28	0.813328
86	32	0.81022
86	34	0.800333
86	56	0.862863
86	60	1.49213
86	88	0.856887
86	91	0.859243
86	95	0.857068
86	99	0.832288
86	104	0.884678
86	120	0.846277
86	124	0.862017
86	135	0.85737
86	161	2.30328
86	172	2.32389
86	177	0.807952
87	3	0.865797
87	6	0.870609
87	22	0.944215
87	28	0.853322
87	34	0.840326
87	81	0.965928
87	88	0.896881
87	91	0.899237
87	95	0.897061
87	99	0.872282
87	104	0.924671
87	111	0.90253
87	120	0.886271
87	124	0.902011
87	135	0.897364
87	148	1.0308
87	151	3.18207
87	173	1.63868
87	177	0.847946
88	5	0.85694
88	10	3.25011
88	17	0.852103
88	22	0.934211
88	27	0.854138
88	32	0.84021
88	56	0.892853
88	75	0.850123
88	86	0.856887
88	87	0.896881
88	91	0.889233
88	95	0.887058
88	102	0.857287
88	104	0.914668
88	111	0.892526
88	130	0.554793
88	135	0.88736
88	165	1.29315
88	177	0.837942
88	180	1.95142
89	4	0.958008
89	58	0.870733
89	65	0.851944
89	73	0.904888
89	77	0.887362
89	82	0.894498
89	90	0.865845
89	92	0.859199
89	94	0.863309
89	106	0.876202
89	118	0.852857
89	119	0.895518
89	123	0.880924
89	133	0.900103
89	134	0.857217
89	139	0.862521
89	141	0.877419
89	168	1.73286
89	172	1.82261
89	173	2.57497
90	7	0.862693
90	19	0.839242
90	35	0.902707
90	49	0.880426
90	77	0.888722
90	82	0.895859
90	89	0.865845
90	94	0.864669
90	106	0.877563
90	118	0.854217
90	119	0.896879
90	123	0.882285
90	133	0.901464
90	134	0.858577
90	139	0.863882
90	145	0.865787
90	160	2.41434
90	165	1.71766
90	171	1.7786
90	175	1.49949
91	4	0.918415
91	6	0.862961
91	27	0.856494
91	28	0.845674
91	32	0.842566
91	56	0.895209
91	76	0.970144
91	86	0.859243
91	87	0.899237
91	88	0.889233
91	95	0.889413
91	99	0.864634
91	102	0.859643
91	104	0.917023
91	108	0.791553
91	111	0.894882
91	124	0.894363
91	135	0.889716
91	176	4.0154
91	177	0.840298
92	11	1.17686
92	19	0.832595
92	30	0.81541
92	36	0.890635
92	47	0.886956
92	49	0.873779
92	57	1.6189
92	58	0.865447
92	65	0.846659
92	89	0.859199
92	93	2.6213
92	94	0.858023
92	97	1.57709
92	106	0.870917
92	119	0.890232
92	123	0.875639
92	133	0.894818
92	134	0.851931
92	139	0.857235
92	141	0.872134
92	145	0.859141
93	92	2.6213
93	102	1.95366
93	104	1.00484
93	140	0.88636
93	148	0.824951
93	150	0.81718
93	154	0.827445
93	157	0.848197
93	158	0.867517
93	159	0.845535
93	164	0.804085
93	167	0.803484
93	168	0.862268
93	169	0.805227
93	171	0.796196
93	172	0.817731
93	174	0.741299
93	175	0.81099
93	178	0.791288
93	179	0.76641
93	180	0.784131
94	7	0.860157
94	11	0.802748
94	16	0.788625
94	19	0.836705
94	40	0.876126
94	45	0.878347
94	47	0.891066
94	65	0.850769
94	73	0.903712
94	76	1.31576
94	77	0.886186
94	89	0.863309
94	90	0.864669
94	92	0.858023
94	106	0.875027
94	113	0.858195
94	118	0.851681
94	119	0.894342
94	145	0.863251
94	164	2.40403
94	171	2.46473
95	2	0.848117
95	17	0.852284
95	27	0.854318
95	28	0.843499
95	32	0.840391
95	34	0.830503
95	61	0.828468
95	86	0.857068
95	87	0.897061
95	88	0.887058
95	91	0.889413
95	99	0.862459
95	104	0.914848
95	111	0.892707
95	120	0.876448
95	135	0.887541
95	141	1.24086
95	166	3.88257
95	168	1.10838
95	171	1.53423
95	177	0.838123
96	12	2.02232
96	56	1.47861
96	107	0.919885
96	142	0.870833
96	152	0.896682
96	154	0.880864
96	155	0.989843
96	157	0.901616
96	158	0.920936
96	161	0.892055
96	162	1.11561
96	164	0.857504
96	167	0.856902
96	169	0.858645
96	171	0.849615
96	173	0.833494
96	174	0.794718
96	175	0.864409
96	178	0.844707
96	179	0.819829
96	180	0.83755
97	45	1.45532
97	85	1.61289
97	92	1.57709
97	99	0.311004
97	101	0.948726
97	117	0.922735
97	152	0.935594
97	158	0.959848
97	159	0.937865
97	161	0.930967
97	165	0.912386
97	167	0.895814
97	168	0.954598
97	169	0.897557
97	171	0.888527
97	172	0.910062
97	173	0.872405
97	174	0.83363
97	175	0.90332
97	178	0.883618
97	179	0.858741
97	180	0.876462
98	1	0.139664
98	9	0.887861
98	21	0.874405
98	64	1.17764
98	85	0.893345
98	115	0.918948
98	129	0.916845
98	132	1.99049
98	138	0.933999
98	144	0.90987
98	145	0.921
98	146	0.953908
98	149	0.946882
98	153	0.92307
98	156	0.932092
98	160	0.8652
98	163	0.932558
98	164	2.09855
98	166	0.827391
98	170	0.930726
98	176	0.832611
98	177	2.2156
99	2	0.823337
99	3	0.831194
99	5	0.832342
99	17	0.827504
99	22	0.909612
99	56	0.868254
99	66	0.932418
99	75	0.825524
99	86	0.832288
99	87	0.872282
99	91	0.864634
99	95	0.862459
99	97	0.311004
99	102	0.832688
99	104	0.890069
99	111	0.867927
99	120	0.851668
99	135	0.862761
99	148	1.38114
99	151	3.53241
99	177	0.813343
99	179	2.4861
100	39	0.878673
100	59	0.904933
100	68	0.951988
100	117	0.903824
100	125	0.885341
100	128	0.918466
100	138	0.91675
100	142	1.6127
100	145	0.903752
100	146	0.93666
100	147	0.937268
100	149	0.929634
100	155	0.918503
100	158	1.33894
100	160	0.847952
100	161	1.68451
100	162	0.922998
100	163	0.91531
100	167	1.97032
100	170	0.913477
100	175	1.76211
100	176	0.815363
101	23	0.881864
101	43	1.90651
101	84	0.826854
101	97	0.948726
101	106	0.90987
101	107	0.915456
101	123	1.07849
101	134	1.57271
101	150	0.86617
101	151	0.81012
101	158	0.916507
101	164	0.853075
101	169	0.854217
101	171	0.845186
101	172	0.866721
101	173	0.829065
101	174	0.790289
101	175	0.85998
101	177	0.847197
101	178	0.840278
101	179	0.8154
101	180	0.833121
102	3	0.826203
102	5	0.82735
102	6	0.831015
102	22	0.904621
102	27	0.824547
102	28	0.813728
102	32	0.81062
102	56	0.863263
102	61	0.798697
102	66	0.927427
102	76	1.02223
102	88	0.857287
102	91	0.859643
102	93	1.95366
102	99	0.832688
102	104	0.885077
102	111	0.862936
102	120	0.846677
102	124	0.862417
102	135	0.85777
102	160	2.80694
102	172	1.8351
102	177	0.808352
103	58	2.20479
103	64	0.860811
103	108	0.863531
103	132	0.825512
103	136	0.844354
103	137	0.843552
103	139	2.25435
103	147	1.7489
103	152	0.830393
103	154	0.814575
103	157	0.835327
103	161	0.825766
103	166	0.729408
103	168	0.849398
103	169	0.792357
103	171	0.783326
103	172	0.804861
103	173	0.767205
103	174	0.728429
103	175	0.79812
103	178	0.778418
103	179	0.75354
103	180	0.771261
104	17	0.879894
104	28	0.871109
104	32	0.868001
104	34	0.858113
104	55	1.79375
104	56	0.920644
104	67	0.918876
104	86	0.884678
104	87	0.924671
104	88	0.914668
104	91	0.917023
104	93	1.00484
104	95	0.914848
104	99	0.890069
104	102	0.885077
104	111	0.920317
104	114	0.847249
104	120	0.904058
104	135	0.915151
104	159	0.838896
104	171	1.22238
104	176	3.11867
104	177	0.865733
105	1	0.299805
105	29	0.916596
105	44	0.902311
105	46	0.891719
105	64	1.33778
105	69	0.924218
105	83	0.912344
105	109	0.883061
105	115	0.868886
105	125	0.852527
105	126	0.880222
105	138	0.883937
105	146	0.903846
105	147	0.904454
105	153	0.873008
105	155	0.885689
105	156	0.88203
105	162	0.890184
105	163	0.882496
105	168	1.89354
105	170	0.880664
105	176	0.782549
105	177	2.37574
105	178	2.35455
106	30	0.832414
106	41	0.888416
106	45	0.891241
106	47	0.90396
106	58	0.88245
106	73	0.916606
106	82	0.906216
106	89	0.876202
106	90	0.877563
106	92	0.870917
106	94	0.875027
106	101	0.90987
106	113	0.871089
106	118	0.864575
106	119	0.907236
106	123	0.892642
106	127	1.7796
106	133	0.911821
106	134	0.868935
106	139	0.874239
106	141	0.889137
106	172	1.00228
106	173	1.75463
106	176	3.23466
107	9	2.53793
107	20	1.13076
107	43	1.32884
107	60	0.934883
107	96	0.919885
107	101	0.915456
107	113	0.775244
107	116	0.804643
107	134	0.995041
107	137	0.915482
107	158	0.926578
107	159	0.904595
107	161	0.897697
107	165	0.879116
107	167	0.862544
107	168	0.921329
107	171	0.855257
107	172	0.876792
107	173	0.839136
107	174	0.80036
107	175	0.870051
107	177	0.857267
107	178	0.850349
107	179	0.825471
107	180	0.843192
108	21	2.15001
108	39	2.02234
108	73	1.03685
108	91	0.791553
108	103	0.863531
108	124	1.163
108	140	0.955356
108	142	0.88641
108	150	0.886175
108	152	0.912259
108	154	0.896441
108	157	0.917193
108	164	0.873081
108	166	0.811273
108	167	0.872479
108	168	0.931264
108	169	0.874222
108	171	0.865192
108	173	0.849071
108	174	0.810295
108	175	0.879986
108	177	0.867202
108	178	0.860283
108	179	0.835406
108	180	0.853127
109	25	0.831495
109	62	0.881368
109	66	0.957886
109	69	0.929771
109	105	0.883061
109	112	0.881864
109	121	1.70316
109	126	0.885776
109	128	0.891206
109	129	0.872337
109	141	1.76062
109	143	1.90366
109	144	0.865362
109	146	0.9094
109	149	0.902374
109	150	2.09714
109	151	0.801735
109	153	0.878562
109	154	1.83678
109	156	0.887583
109	162	0.895738
109	163	0.88805
109	166	0.782883
109	170	0.886217
109	176	0.788103
110	38	0.958637
110	75	1.68289
110	83	1.46708
110	115	1.39321
110	121	0.90294
110	127	0.863683
110	134	1.12162
110	137	0.913232
110	142	0.874224
110	146	0.761074
110	154	0.884255
110	158	0.924327
110	159	0.902345
110	161	0.895446
110	165	0.876866
110	168	0.919078
110	169	0.862037
110	171	0.853006
110	173	0.836885
110	174	0.798109
110	175	0.8678
110	177	0.855017
110	178	0.848098
110	179	0.82322
110	180	0.840941
111	6	0.866255
111	22	0.93986
111	28	0.848968
111	32	0.845859
111	34	0.835972
111	56	0.898502
111	61	0.833937
111	75	0.855772
111	76	0.705852
111	87	0.90253
111	88	0.892526
111	91	0.894882
111	95	0.892707
111	99	0.867927
111	102	0.862936
111	104	0.920317
111	114	0.825107
111	120	0.881916
111	124	0.897656
111	130	1.05552
111	135	0.893009
111	158	1.15254
111	160	2.49056
111	174	3.49319
111	177	0.843591
112	9	0.836602
112	10	0.79563
112	12	0.841631
112	20	0.943285
112	21	0.823146
112	43	0.884571
112	51	0.880024
112	61	2.281
112	62	0.874617
112	83	0.911147
112	109	0.881864
112	129	0.865586
112	131	0.819209
112	138	0.882739
112	144	0.858611
112	146	0.902649
112	147	0.903257
112	155	0.884492
112	156	0.880832
112	157	1.09226
112	162	0.888987
112	163	0.881299
112	164	1.49353
112	170	0.879466
112	174	3.1926
113	30	0.815583
113	42	0.887682
113	45	0.874409
113	48	0.877105
113	63	1.22488
113	68	0.907549
113	82	0.889385
113	94	0.858195
113	106	0.871089
113	107	0.775244
113	115	0.857261
113	118	0.847743
113	119	0.890405
113	123	0.875811
113	134	0.852103
113	139	0.857407
113	145	0.859313
113	146	0.892221
113	147	0.892829
113	151	0.784556
113	156	0.870405
113	158	1.07914
113	163	0.870871
113	170	0.869038
113	174	3.41979
113	180	2.37874
114	5	0.789522
114	22	0.866792
114	28	0.7759
114	56	0.825434
114	67	0.823666
114	79	0.820019
114	104	0.847249
114	111	0.825107
114	116	0.717899
114	117	2.37092
114	118	2.24204
114	120	0.808848
114	135	0.819941
114	146	1.82711
114	150	0.789496
114	152	0.81558
114	157	0.820514
114	159	0.817852
114	161	0.810953
114	164	0.776402
114	176	0.719815
114	177	0.770523
114	178	0.763605
114	179	0.738727
114	180	0.756448
115	20	0.93586
115	53	0.875643
115	70	0.852129
115	75	0.836816
115	78	0.894173
115	85	0.834661
115	98	0.918948
115	105	0.868886
115	110	1.39321
115	113	0.857261
115	138	0.875315
115	144	0.851186
115	145	0.862317
115	147	0.895832
115	149	0.888199
115	155	0.877067
115	156	0.873408
115	157	1.81084
115	160	0.806517
115	162	0.881563
115	163	0.873875
115	164	2.21211
115	166	0.768707
115	168	1.84696
115	170	0.872042
115	172	1.93671
116	76	0.849366
116	107	0.804643
116	114	0.717899
116	132	0.776559
116	140	0.824537
116	143	0.748597
116	144	3.5914
116	148	0.763128
116	151	0.699307
116	152	0.78144
116	154	0.765622
116	157	0.786374
116	158	0.805694
116	159	0.783712
116	161	0.776813
116	162	3.81282
116	164	0.742262
116	167	0.741661
116	168	0.800445
116	169	0.743404
116	173	0.718252
116	174	0.679476
116	175	0.749167
116	176	0.685675
116	178	0.729465
116	179	0.704587
116	180	0.722308
117	12	0.836331
117	21	0.817846
117	39	0.839362
117	59	0.865622
117	68	0.912677
117	85	0.836785
117	97	0.922735
117	100	0.903824
117	114	2.37092
117	125	0.84603
117	126	0.873725
117	130	1.38519
117	144	0.85331
117	146	0.897349
117	147	0.897957
117	149	0.890323
117	150	2.22763
117	151	0.789683
117	153	0.866511
117	155	0.879192
117	156	0.875532
117	160	0.808641
117	162	0.883687
117	163	0.875999
117	170	0.874166
117	176	0.776051
117	177	2.24084
118	7	0.849705
118	19	0.826253
118	30	0.809068
118	35	0.889719
118	45	0.867895
118	48	0.870591
118	49	0.867437
118	58	0.859105
118	65	0.840317
118	77	0.875734
118	82	0.882871
118	89	0.852857
118	90	0.854217
118	94	0.851681
118	106	0.864575
118	113	0.847743
118	114	2.24204
118	119	0.88389
118	123	0.869297
118	133	0.888476
118	134	0.845589
118	139	0.850893
118	140	1.43978
118	145	0.852799
118	157	1.59364
118	173	2.47187
118	175	1.77649
119	16	0.820834
119	36	0.926954
119	40	0.908336
119	41	0.907732
119	45	0.910556
119	49	0.910099
119	65	0.882978
119	73	0.935922
119	77	0.918395
119	89	0.895518
119	90	0.896879
119	92	0.890232
119	94	0.894342
119	106	0.907236
119	113	0.890405
119	118	0.88389
119	123	0.911958
119	127	2.35368
119	131	1.17744
119	133	0.931137
119	134	0.88825
119	139	0.893555
119	145	0.895461
119	152	1.08842
119	159	1.52897
119	161	1.55575
119	180	2.50978
120	3	0.845183
120	5	0.84633
120	6	0.849995
120	17	0.841493
120	27	0.843528
120	34	0.819713
120	56	0.882243
120	61	0.817677
120	66	0.946407
120	67	0.880475
120	75	0.839513
120	86	0.846277
120	87	0.886271
120	95	0.876448
120	99	0.851668
120	102	0.846677
120	104	0.904058
120	111	0.881916
120	114	0.808848
120	124	0.881397
120	135	0.87675
120	151	3.21037
120	154	1.03351
120	161	0.894012
120	173	1.66698
120	176	3.14701
120	177	0.827332
121	14	0.87907
121	61	0.827277
121	109	1.70316
121	110	0.90294
121	125	1.52393
121	127	0.845598
121	128	1.05938
121	131	0.912394
121	132	0.877107
121	136	0.895948
121	138	1.17061
121	154	0.86617
121	157	0.886922
121	159	0.88426
121	163	1.50385
121	164	0.84281
121	165	0.85878
121	167	0.842209
121	169	0.843951
121	171	0.834921
121	172	0.856456
121	173	0.8188
121	174	0.780024
121	175	0.849715
121	177	0.836931
121	178	0.830013
121	179	0.805135
121	180	0.822856
122	2	1.70192
122	27	0.730475
122	68	1.28422
122	73	1.3925
122	85	1.90274
122	130	0.934493
122	142	0.894269
122	143	0.887276
122	148	0.901806
122	149	1.03049
122	150	0.894035
122	152	0.920118
122	157	0.925052
122	158	0.944372
122	159	0.92239
122	160	0.856942
122	165	0.896911
122	167	0.880339
122	168	0.939123
122	169	0.882082
122	171	0.873051
122	172	0.894586
122	174	0.818155
122	175	0.887845
122	177	0.875062
122	178	0.868143
122	179	0.843265
122	180	0.860986
123	16	0.80624
123	19	0.854321
123	30	0.837136
123	36	0.91236
123	40	0.893742
123	41	0.893138
123	45	0.895962
123	47	0.908681
123	58	0.887172
123	65	0.868384
123	82	0.910938
123	89	0.880924
123	90	0.882285
123	92	0.875639
123	101	1.07849
123	106	0.892642
123	113	0.875811
123	118	0.869297
123	119	0.911958
123	133	0.916543
123	134	0.873656
123	137	0.865546
123	139	0.878961
123	141	0.893859
123	145	0.880867
123	166	3.85533
123	168	1.08115
123	178	1.54215
123	180	2.10432
124	2	0.853066
124	17	0.857234
124	27	0.859268
124	43	0.895583
124	72	0.687187
124	86	0.862017
124	87	0.902011
124	91	0.894363
124	102	0.862417
124	108	1.163
124	111	0.897656
124	120	0.881397
124	125	0.862342
124	126	0.890037
124	131	1.75554
124	135	0.89249
124	137	1.84911
124	138	0.893752
124	145	0.880753
124	146	0.913661
124	149	0.906635
124	153	0.882823
124	155	0.895504
124	156	0.891845
124	159	2.10707
124	163	0.892311
124	170	0.890479
124	177	0.843073
124	178	2.52572
125	26	0.816962
125	29	0.891616
125	42	0.874327
125	43	0.860788
125	46	0.866739
125	70	0.83577
125	85	0.818302
125	100	0.885341
125	105	0.852527
125	117	0.84603
125	121	1.52393
125	124	0.862342
125	126	0.855242
125	138	0.858956
125	143	1.72443
125	145	0.845958
125	146	0.878866
125	147	0.879474
125	149	0.87184
125	151	0.7712
125	153	0.848028
125	156	0.857049
125	163	0.857516
125	166	0.752349
125	168	1.44892
125	170	0.855683
125	174	3.51313
125	176	0.757568
125	178	1.90992
126	4	0.624358
126	46	0.894434
126	51	0.883936
126	53	0.886979
126	59	0.874834
126	62	0.878529
126	81	1.56857
126	83	0.915059
126	85	0.845997
126	105	0.880222
126	109	0.885776
126	117	0.873725
126	124	0.890037
126	125	0.855242
126	129	0.869498
126	138	0.886652
126	144	0.862523
126	147	0.907169
126	149	0.899535
126	153	0.875723
126	155	0.888404
126	156	0.884745
126	161	1.46835
126	162	0.892899
126	163	0.885211
126	170	0.883378
126	171	1.82506
126	173	2.24132
126	180	2.42238
127	67	2.06783
127	71	0.730715
127	106	1.7796
127	110	0.863683
127	119	2.35368
127	121	0.845598
127	132	0.83785
127	141	0.848347
127	143	0.809888
127	148	0.824418
127	154	0.826912
127	155	2.13668
127	157	0.847664
127	158	0.866985
127	159	0.845002
127	161	0.838103
127	164	0.803552
127	165	0.819523
127	166	0.741745
127	168	0.861735
127	169	0.804694
127	171	0.795663
127	172	0.817198
127	173	0.779542
127	174	0.740767
127	175	0.810457
127	178	0.790755
127	179	0.765877
127	180	0.783599
128	23	1.60222
128	26	0.850088
128	29	0.924741
128	39	0.854004
128	51	0.889366
128	55	1.98158
128	62	0.883959
128	69	0.932363
128	75	0.853583
128	85	0.851428
128	100	0.918466
128	109	0.891206
128	121	1.05938
128	129	0.874928
128	132	1.24146
128	141	1.11684
128	146	0.911991
128	147	0.912599
128	149	0.904965
128	151	0.804326
128	153	0.881153
128	155	0.893834
128	156	0.890175
128	160	0.823283
128	162	0.898329
128	163	0.890641
128	166	0.785474
128	170	0.888809
128	174	3.04858
128	176	0.790694
129	15	0.761865
129	16	3.26153
129	44	0.891586
129	46	0.880995
129	66	0.941607
129	68	0.90845
129	69	0.913493
129	83	0.90162
129	98	0.916845
129	109	0.872337
129	112	0.865586
129	126	0.869498
129	128	0.874928
129	132	1.64883
129	138	0.873212
129	144	0.849083
129	146	0.893122
129	147	0.893729
129	149	0.886095
129	153	0.862284
129	155	0.874964
129	156	0.871305
129	159	1.4341
129	162	0.87946
129	163	0.871772
129	166	0.766604
129	169	1.73548
129	170	0.869939
129	175	1.53847
129	176	0.771824
130	59	1.91146
130	70	2.53228
130	72	0.953349
130	76	0.961421
130	88	0.554793
130	111	1.05552
130	117	1.38519
130	122	0.934493
130	132	0.888615
130	137	0.906654
130	149	1.2031
130	150	0.867412
130	152	0.893496
130	154	0.877678
130	157	0.89843
130	158	0.91775
130	159	0.895767
130	160	0.83032
130	165	0.870288
130	167	0.853716
130	168	0.912501
130	171	0.846429
130	172	0.867964
130	173	0.830308
130	174	0.791532
130	175	0.861223
130	177	0.848439
130	178	0.841521
130	179	0.816643
130	180	0.834364
131	47	1.91169
131	54	0.935964
131	84	0.844127
131	112	0.819209
131	119	1.17744
131	121	0.912394
131	124	1.75554
131	136	0.923487
131	143	0.876684
131	150	0.883443
131	154	0.893708
131	156	1.57999
131	157	0.91446
131	158	0.933781
131	159	0.911798
131	160	0.846351
131	162	1.08621
131	165	0.886319
131	167	0.869747
131	169	0.87149
131	171	0.86246
131	172	0.883994
131	173	0.846338
131	174	0.807563
131	175	0.877253
131	176	0.813761
131	177	0.86447
131	178	0.857551
131	179	0.832674
131	180	0.850395
132	16	0.792238
132	52	0.924895
132	58	2.07858
132	74	0.934086
132	84	0.80884
132	98	1.99049
132	103	0.825512
132	116	0.776559
132	121	0.877107
132	127	0.83785
132	128	1.24146
132	129	1.64883
132	130	0.888615
132	137	0.887399
132	150	0.848156
132	157	0.879174
132	159	0.876512
132	163	1.68593
132	164	0.835062
132	166	0.773255
132	168	0.893245
132	169	0.836203
132	172	0.848708
132	174	0.772276
132	175	0.841967
132	176	0.778475
132	177	0.829183
132	178	0.822265
132	179	0.797387
132	180	0.815108
133	7	0.896952
133	16	0.825419
133	30	0.856315
133	35	0.936965
133	36	0.931539
133	40	0.912921
133	41	0.912317
133	48	0.917838
133	49	0.914684
133	58	0.906351
133	65	0.887563
133	74	0.859017
133	77	0.922981
133	82	0.930117
133	84	2.09134
133	89	0.900103
133	90	0.901464
133	92	0.894818
133	106	0.911821
133	118	0.888476
133	119	0.931137
133	123	0.916543
133	134	0.892835
133	139	0.89814
133	141	0.913038
133	145	0.900046
133	160	1.76064
133	169	1.04279
133	171	1.1249
133	176	3.02119
133	177	1.18125
134	19	0.830613
134	30	0.813428
134	35	0.894079
134	36	0.888653
134	41	0.86943
134	45	0.872255
134	47	0.884974
134	48	0.874951
134	49	0.871797
134	58	0.863465
134	73	0.89762
134	77	0.880094
134	82	0.88723
134	89	0.857217
134	90	0.858577
134	92	0.851931
134	101	1.57271
134	106	0.868935
134	107	0.995041
134	110	1.12162
134	113	0.852103
134	118	0.845589
134	119	0.88825
134	123	0.873656
134	133	0.892835
134	139	0.855253
134	141	0.870151
134	145	0.857159
134	160	2.63695
134	161	1.6445
134	173	2.41747
135	2	0.848419
135	3	0.856276
135	5	0.857424
135	6	0.861089
135	17	0.852586
135	22	0.934694
135	27	0.854621
135	28	0.843802
135	32	0.840693
135	34	0.830806
135	56	0.893336
135	60	1.08696
135	75	0.850606
135	86	0.85737
135	87	0.897364
135	88	0.88736
135	91	0.889716
135	95	0.887541
135	99	0.862761
135	102	0.85777
135	104	0.915151
135	111	0.893009
135	114	0.819941
135	120	0.87675
135	124	0.89249
135	136	1.54586
135	140	1.639
135	154	2.0376
135	159	1.87133
135	160	2.89056
135	177	0.838425
136	14	0.890164
136	18	0.993087
136	44	1.39379
136	46	1.47297
136	47	1.93775
136	81	0.882868
136	103	0.844354
136	121	0.895948
136	131	0.923487
136	135	1.54586
136	142	0.867232
136	143	0.860239
136	146	0.931716
136	148	0.874769
136	150	0.866998
136	157	0.898015
136	159	0.895353
136	161	0.888454
136	165	0.869874
136	167	0.853302
136	168	0.912086
136	170	1.31579
136	171	0.846014
136	172	0.867549
136	173	0.829893
136	174	0.791117
136	175	0.860808
136	176	0.797316
136	178	0.841106
136	179	0.816228
136	180	0.833949
137	45	2.07562
137	57	0.923143
137	66	1.46409
137	71	0.780264
137	103	0.843552
137	107	0.915482
137	110	0.913232
137	123	0.865546
137	124	1.84911
137	130	0.906654
137	132	0.887399
137	142	0.86643
137	143	0.859437
137	150	0.866196
137	152	0.892279
137	153	1.25666
137	159	0.894551
137	161	0.887652
137	165	0.869072
137	167	0.8525
137	168	0.911284
137	169	0.854243
137	170	1.3833
137	171	0.845212
137	172	0.866747
137	173	0.829091
137	174	0.790316
137	175	0.860006
137	176	0.796514
137	178	0.840304
137	179	0.815426
