1	6	1.29615
1	11	1.29064
1	58	1.10586
1	75	1.27982
1	76	1.15403
1	95	1.18676
1	120	0.679461
1	134	1.18425
1	147	0.669753
1	155	0.623328
1	166	1.09575
1	176	0.661885
2	94	1.34924
2	98	0.457114
2	101	1.42277
2	148	0.57985
2	151	0.479903
2	159	0.516136
2	166	1.28959
2	170	1.39573
2	171	1.42325
2	176	1.3545
2	177	1.36319
2	179	0.661675
3	64	1.50575
3	68	0.426652
3	74	1.39206
3	90	1.53734
3	94	1.43836
3	129	0.516105
3	148	0.521313
3	150	0.51572
3	158	0.510883
3	170	1.48486
3	176	1.44363
4	118	1.42949
4	122	1.4542
4	132	0.496514
4	134	0.509431
4	135	1.41189
4	137	1.46636
4	144	1.38139
4	147	0.529909
4	158	0.564451
4	164	0.594327
4	175	1.23506
4	180	1.22184
5	34	1.35011
5	61	0.507232
5	113	1.41385
5	114	1.33643
5	130	1.41649
5	131	1.45313
5	133	1.38639
5	152	0.519463
5	157	0.474332
5	175	1.24497
5	176	0.512685
5	180	0.67942
6	1	1.29615
6	58	1.3232
6	75	1.49716
6	76	1.37137
6	95	1.40409
6	134	1.40159
6	147	0.534879
6	152	0.533789
6	165	0.49503
6	166	1.31309
6	168	0.596859
6	177	0.534152
7	56	1.50226
7	88	1.35404
7	97	0.485369
7	120	0.522037
7	128	1.43209
7	135	1.36666
7	137	1.42113
7	144	1.33615
7	165	0.472481
7	166	0.569941
7	174	0.642448
7	175	1.18983
8	86	0.475901
8	113	1.38887
8	116	1.39892
8	127	0.564149
8	130	1.3915
8	131	1.42814
8	133	1.3614
8	152	0.559554
8	155	0.514218
8	161	1.41286
8	173	0.579722
8	175	1.21999
9	19	0.451088
9	101	1.43468
9	109	1.38825
9	117	0.557645
9	131	1.43792
9	133	1.37118
9	144	1.37609
9	151	0.484392
9	164	0.603786
9	168	0.601348
9	177	1.3751
9	180	1.21654
10	113	1.40127
10	114	1.32384
10	130	1.4039
10	131	1.44054
10	133	1.3738
10	156	1.42607
10	158	0.571068
10	159	0.517783
10	160	0.540713
10	175	1.23239
10	176	0.528657
10	177	0.535799
11	1	1.29064
11	43	1.42733
11	58	1.31768
11	75	1.49164
11	76	1.36586
11	86	0.472203
11	95	1.39858
11	141	0.555608
11	147	0.556945
11	166	1.30758
11	172	0.556206
11	177	0.556219
12	46	1.3845
12	47	1.36192
12	63	1.2723
12	70	1.50177
12	84	1.37445
12	151	0.460888
12	161	1.38084
12	165	0.476016
12	171	0.463717
12	175	0.670951
12	176	1.32462
12	178	0.62464
13	106	0.433686
13	123	1.37411
13	136	1.37529
13	139	1.38626
13	141	0.541365
13	142	1.35476
13	143	1.35035
13	146	1.38139
13	158	0.577245
13	166	0.600314
13	170	1.37507
13	177	0.541977
14	32	1.30626
14	33	1.30799
14	48	1.21019
14	53	1.14305
14	65	1.17241
14	67	1.17247
14	140	0.596927
14	153	0.776089
14	154	0.605053
14	166	1.07978
14	169	0.657263
14	171	1.21344
15	41	1.35381
15	62	1.42143
15	63	1.26687
15	70	1.49633
15	84	1.36902
15	86	0.44686
15	134	0.511124
15	150	0.570981
15	151	0.476626
15	161	1.37541
15	176	1.31918
15	180	0.690468
16	39	1.40041
16	48	1.41239
16	53	1.34526
16	65	1.37462
16	67	1.37467
16	117	0.494867
16	160	0.480777
16	166	1.28198
16	171	1.41564
16	174	0.606708
16	177	0.475863
16	180	0.635456
17	46	1.2095
17	62	1.25186
17	63	1.09729
17	70	1.32676
17	84	1.19944
17	127	1.15995
17	150	0.663149
17	154	0.561337
17	160	0.627957
17	161	1.20583
17	176	1.14961
17	180	0.782636
18	74	1.40264
18	78	1.54172
18	90	1.54792
18	94	1.44894
18	140	0.393455
18	156	1.51125
18	165	0.424165
18	170	1.49544
18	171	0.411866
18	173	0.483091
18	175	0.6191
18	176	1.45421
18	180	0.62288
19	9	0.451088
19	58	0.546394
19	84	0.457659
19	116	0.448826
19	130	0.457994
19	145	1.39482
19	151	1.44722
19	167	1.3198
19	168	1.28837
19	174	1.24909
19	178	1.25222
19	179	1.24589
19	180	1.20342
20	52	1.44107
20	59	1.54205
20	66	1.47257
20	77	1.39973
20	83	1.51072
20	85	1.51074
20	134	0.441405
20	138	0.401415
20	153	0.570486
20	171	1.52635
20	172	0.461143
20	175	0.61697
20	177	0.461156
21	82	1.3553
21	115	0.49152
21	118	1.34891
21	128	1.39674
21	137	1.38578
21	144	1.30081
21	148	0.599192
21	153	1.17401
21	162	0.568241
21	172	0.553481
21	177	1.29981
21	179	0.681016
21	180	1.14126
22	46	1.31215
22	47	1.28957
22	62	1.35452
22	63	1.19995
22	70	1.42942
22	84	1.3021
22	127	1.2626
22	165	0.479422
22	171	0.467124
22	175	0.674358
22	176	1.25227
22	178	0.628047
22	179	0.646067
23	108	1.33185
23	110	1.30969
23	117	0.591099
23	121	1.33393
23	123	1.28577
23	125	0.65411
23	136	1.28695
23	139	1.29792
23	143	1.26201
23	146	1.29305
23	154	0.510389
23	158	0.607364
23	165	0.532973
24	96	1.35701
24	105	0.506855
24	107	1.37718
24	121	1.35452
24	136	1.30755
24	138	0.507898
24	139	1.31852
24	142	1.28701
24	143	1.28261
24	164	0.632784
24	177	0.567639
24	178	0.677141
24	180	1.11623
25	36	1.595
25	79	1.52001
25	80	0.545089
25	87	1.45605
25	91	1.45606
25	98	0.388426
25	101	1.48725
25	163	0.450618
25	170	1.46021
25	172	0.465452
25	173	0.48527
25	175	0.621278
25	177	1.42767
26	40	1.25307
26	52	1.18184
26	55	1.36526
26	59	1.28281
26	66	1.21333
26	77	1.14049
26	83	1.25148
26	85	1.25151
26	103	0.587137
26	115	0.60204
26	126	0.603805
26	134	0.644262
26	169	0.654517
26	171	1.26711
27	28	1.35798
27	37	1.35798
27	87	1.43914
27	91	1.43915
27	93	0.611468
27	97	0.395447
27	101	1.47034
27	125	0.503696
27	153	1.28495
27	164	0.486827
27	170	1.4433
27	175	0.577495
27	177	1.41076
27	180	0.581275
28	27	1.35798
28	50	1.27951
28	79	1.29945
28	87	1.23549
28	91	1.23549
28	101	1.26669
28	153	1.0813
28	164	0.606829
28	165	0.502562
28	167	0.586977
28	170	1.23965
28	175	0.697497
28	177	1.2071
28	180	0.701277
29	89	1.39157
29	113	1.40579
29	114	1.32836
29	116	1.41584
29	130	1.40842
29	131	1.44506
29	133	1.37832
29	155	0.457037
29	161	1.42978
29	163	0.487889
29	167	0.548029
29	169	0.49324
29	172	0.502723
29	180	0.662329
30	68	0.458599
30	111	1.44906
30	112	1.41841
30	136	1.42519
30	139	1.43615
30	141	0.50695
30	142	1.40465
30	143	1.40024
30	146	1.43129
30	162	0.522309
30	163	0.492715
30	167	0.552855
30	178	0.617064
30	180	1.23387
31	42	0.448957
31	81	0.426934
31	104	1.42084
31	123	1.42704
31	136	1.42822
31	139	1.43919
31	141	0.535432
31	142	1.40768
31	143	1.40328
31	145	0.535214
31	146	1.43432
31	174	0.666888
31	177	0.536043
31	180	1.2369
32	14	1.30626
32	35	1.35084
32	48	1.46959
32	53	1.40245
32	65	1.43181
32	67	1.43187
32	125	0.575933
32	126	0.433709
32	148	0.539616
32	166	1.33917
32	171	1.47284
32	174	0.624763
32	176	0.486776
32	177	0.493918
33	14	1.30799
33	35	1.35257
33	39	1.45934
33	51	0.515183
33	53	1.40419
33	65	1.43355
33	67	1.4336
33	149	0.498199
33	159	0.502656
33	164	0.585817
33	166	1.34091
33	169	0.511175
33	171	1.47457
33	173	0.540476
34	5	1.35011
34	69	1.26943
34	97	0.635829
34	113	1.24323
34	116	1.25329
34	119	0.599285
34	130	1.24587
34	131	1.28251
34	133	1.21577
34	140	0.592231
34	161	1.26723
34	171	0.610643
34	175	1.07436
34	176	0.654922
35	32	1.35084
35	33	1.35257
35	39	1.24278
35	48	1.25476
35	53	1.18763
35	65	1.21699
35	67	1.21704
35	81	0.53574
35	126	0.584639
35	150	0.684954
35	160	0.649762
35	166	1.12435
35	171	1.25801
35	176	0.637706
36	25	1.595
36	79	1.51956
36	87	1.4556
36	91	1.45561
36	101	1.48681
36	117	0.486793
36	152	0.467426
36	155	0.42209
36	170	1.45976
36	173	0.487594
36	176	0.460647
36	177	1.42722
36	180	0.627382
37	27	1.35798
37	50	1.27951
37	79	1.29945
37	81	0.526981
37	87	1.23549
37	91	1.23549
37	101	1.26669
37	152	0.635726
37	153	1.0813
37	157	0.590594
37	167	0.681382
37	170	1.23965
37	173	0.655894
37	177	1.2071
38	104	1.33678
38	107	1.41379
38	123	1.34298
38	136	1.34416
38	139	1.35513
38	146	1.35026
38	151	0.445577
38	156	1.35975
38	157	0.454332
38	166	0.558165
38	170	1.34394
38	174	0.630672
38	175	0.65564
38	178	0.609329
38	180	1.15284
39	16	1.40041
39	33	1.45934
39	35	1.24278
39	48	1.36153
39	53	1.2944
39	65	1.32376
39	67	1.32381
39	141	0.507816
39	162	0.523174
39	166	1.23112
39	167	0.55372
39	168	0.571134
39	171	1.36478
39	173	0.528232
39	180	0.66802
40	26	1.25307
40	55	1.46412
40	59	1.38167
40	66	1.31219
40	77	1.23935
40	83	1.35034
40	85	1.35036
40	92	0.43831
40	147	1.28743
40	149	0.488052
40	162	0.525272
40	171	1.36597
40	174	0.64137
40	178	0.620027
40	179	0.638047
41	15	1.35381
41	46	1.33704
41	47	1.31445
41	62	1.3794
41	63	1.22483
41	70	1.4543
41	84	1.32698
41	150	0.556733
41	158	0.551896
41	161	1.33337
41	165	0.477505
41	171	0.465207
41	176	1.27715
41	178	0.62613
41	180	0.67622
42	31	0.448957
42	43	1.39927
42	55	0.402605
42	59	0.482867
42	87	0.452892
42	94	1.33917
42	95	1.37052
42	109	0.489746
42	139	0.429716
42	149	1.39729
42	166	1.27952
42	170	1.38566
42	176	1.34444
42	178	1.24337
42	179	1.23703
43	11	1.42733
43	42	1.39927
43	51	0.516909
43	54	1.31771
43	58	1.24254
43	75	1.4165
43	76	1.29072
43	95	1.32344
43	115	1.35402
43	141	0.521787
43	149	0.499926
43	165	0.483276
43	166	1.23244
43	179	0.649921
43	180	0.681991
44	71	1.35125
44	89	1.32281
44	97	0.542037
44	113	1.33703
44	114	1.2596
44	116	1.34708
44	119	0.505494
44	127	0.572504
44	130	1.33966
44	131	1.3763
44	133	1.30956
44	134	0.548521
44	145	0.567443
44	148	0.61397
44	161	1.36102
45	77	1.52841
45	102	0.440383
45	103	0.308395
45	105	0.735933
45	108	1.67263
45	112	1.62096
45	143	1.60279
45	149	0.362799
45	152	0.384908
45	166	1.52137
45	171	1.65503
45	179	0.512793
46	12	1.3845
46	17	1.2095
46	22	1.31215
46	41	1.33704
46	47	1.33971
46	51	0.528534
46	62	1.40466
46	84	1.35224
46	97	0.507789
46	134	0.514272
46	150	0.574129
46	161	1.35864
46	176	1.30241
46	177	0.534023
46	180	0.693616
47	12	1.36192
47	22	1.28957
47	41	1.31445
47	46	1.33971
47	70	1.45697
47	84	1.32965
47	92	0.481349
47	124	0.572316
47	127	1.29016
47	140	0.483732
47	148	0.599262
47	152	0.553201
47	161	1.33605
47	176	1.27982
47	178	0.663066
48	14	1.21019
48	16	1.41239
48	32	1.46959
48	35	1.25476
48	39	1.36153
48	65	1.33574
48	67	1.33579
48	103	0.466144
48	119	0.480242
48	166	1.2431
48	168	0.605727
48	169	0.533524
48	171	1.37676
48	173	0.562825
48	180	0.702613
49	60	1.37451
49	64	1.35522
49	74	1.24154
49	78	1.38062
49	90	1.38682
49	94	1.28784
49	120	0.554752
49	127	0.54855
49	153	0.653648
49	155	0.498618
49	156	1.35015
49	165	0.505196
49	167	0.589611
49	170	1.33434
49	176	1.29311
50	28	1.27951
50	37	1.27951
50	79	1.42464
50	87	1.36068
50	91	1.36069
50	101	1.39188
50	145	0.540289
50	153	1.20649
50	157	0.495623
50	160	0.546032
50	170	1.36484
50	172	0.541104
50	175	0.696931
50	176	0.533976
50	177	1.33229
51	33	0.515183
51	43	0.516909
51	46	0.528534
51	65	0.535339
51	70	0.438466
51	78	0.486782
51	80	1.20758
51	135	1.32473
51	137	1.3792
51	142	1.30546
51	144	1.29423
51	146	1.3321
51	159	1.3306
51	164	1.2303
51	168	1.21963
51	179	1.17715
52	20	1.44107
52	26	1.18184
52	55	1.39289
52	59	1.31044
52	66	1.24096
52	77	1.16812
52	83	1.27911
52	85	1.27913
52	129	0.599634
52	132	0.526476
52	140	0.489312
52	147	1.2162
52	171	1.29474
52	172	0.559131
52	174	0.689989
52	179	0.686667
53	14	1.14305
53	16	1.34526
53	32	1.40245
53	33	1.40419
53	35	1.18763
53	39	1.2944
53	65	1.26861
53	67	1.26866
53	106	0.467042
53	129	0.615823
53	154	0.513626
53	160	0.580247
53	164	0.640478
53	166	1.17597
53	171	1.30963
53	180	0.734926
54	43	1.31771
54	76	1.25625
54	81	0.527299
54	95	1.28897
54	99	1.26481
54	114	1.21769
54	118	1.32065
54	130	1.29775
54	133	1.26765
54	135	1.30306
54	138	0.576666
54	144	1.27256
54	149	0.613935
54	155	0.590708
54	167	0.6817
54	170	0.446347
55	26	1.36526
55	40	1.46412
55	42	0.402605
55	52	1.39289
55	66	1.42439
55	77	1.35154
55	83	1.46253
55	85	1.46256
55	124	0.508442
55	145	0.488861
55	147	1.39963
55	159	0.471674
55	168	0.552397
55	169	0.480194
55	171	1.47816
55	180	0.649283
56	7	1.50226
56	80	0.608978
56	99	1.42023
56	122	1.50079
56	132	0.496685
56	135	1.45848
56	137	1.51295
56	138	0.469613
56	144	1.42798
56	150	0.569459
56	154	0.467647
56	171	0.477933
56	175	1.28165
56	176	0.522212
56	177	1.42698
56	180	1.26843
57	61	0.532689
57	96	1.41844
57	108	1.41388
57	110	1.39173
57	111	1.39286
57	136	1.36899
57	141	0.544672
57	142	1.34845
57	143	1.34404
57	146	1.37509
57	160	0.550197
57	168	0.60799
57	169	0.535787
57	170	1.36877
57	171	0.493863
57	177	0.545283
57	180	1.17767
58	1	1.10586
58	6	1.3232
58	11	1.31768
58	19	0.546394
58	43	1.24254
58	72	1.38691
58	75	1.30686
58	76	1.18108
58	95	1.2138
58	127	1.19805
58	134	1.21129
58	148	0.679646
58	151	0.579698
58	152	0.633584
58	159	0.615931
58	160	0.638861
58	166	1.1228
59	20	1.54205
59	26	1.28281
59	40	1.38167
59	42	0.482867
59	52	1.31044
59	66	1.34194
59	77	1.26909
59	83	1.38008
59	85	1.38011
59	98	0.492914
59	126	0.509744
59	127	0.574185
59	147	1.31718
59	155	0.524253
59	159	0.551937
59	167	0.615246
59	171	1.39571
60	49	1.37451
60	64	1.38604
60	74	1.27236
60	78	1.41144
60	90	1.41763
60	94	1.31866
60	105	0.499776
60	140	0.490728
60	141	1.35334
60	156	1.38096
60	166	0.618898
60	169	0.551064
60	170	1.36515
60	171	0.50914
60	172	0.560547
60	173	0.580365
60	176	1.32393
61	5	0.507232
61	57	0.532689
61	86	1.39757
61	89	0.573444
61	127	1.29272
61	129	1.26515
61	133	0.53211
61	139	0.504207
61	148	1.24513
61	156	0.515859
61	158	1.25664
61	164	1.22813
61	173	1.28379
61	175	1.14573
61	178	1.18131
61	179	1.17498
61	180	1.13251
62	15	1.42143
62	17	1.25186
62	22	1.35452
62	41	1.3794
62	46	1.40466
62	63	1.29246
62	84	1.39461
62	102	0.569681
62	127	1.35511
62	129	0.55506
62	152	0.514207
62	159	0.496554
62	161	1.401
62	162	0.529317
62	163	0.499723
62	176	1.34477
62	179	0.642092
63	12	1.2723
63	15	1.26687
63	17	1.09729
63	22	1.19995
63	41	1.22483
63	62	1.29246
63	70	1.36736
63	84	1.24004
63	127	1.20054
63	154	0.559072
63	158	0.656047
63	161	1.24643
63	165	0.581657
63	169	0.611282
63	171	0.569358
63	175	0.776592
63	176	1.19021
64	3	1.50575
64	49	1.35522
64	60	1.38604
64	68	0.482479
64	74	1.25307
64	78	1.39215
64	90	1.39834
64	94	1.29937
64	126	0.471233
64	134	0.511691
64	156	1.36167
64	160	0.536356
64	166	0.58978
64	170	1.34586
64	175	0.687256
64	176	1.30464
64	177	0.531442
65	14	1.17241
65	16	1.37462
65	32	1.43181
65	33	1.43355
65	35	1.21699
65	39	1.32376
65	48	1.33574
65	51	0.535339
65	53	1.26861
65	67	1.29802
65	119	0.47805
65	125	0.622843
65	138	0.481087
65	151	0.486579
65	153	0.650158
65	166	1.20533
65	171	1.33899
65	180	0.700421
66	20	1.47257
66	26	1.21333
66	40	1.31219
66	52	1.24096
66	55	1.42439
66	59	1.34194
66	77	1.19962
66	83	1.3106
66	85	1.31063
66	115	0.479725
66	147	1.2477
66	152	0.541335
66	163	0.526851
66	166	0.600036
66	171	1.32624
66	177	0.541698
66	178	0.651201
66	179	0.669221
67	14	1.17247
67	16	1.37467
67	32	1.43187
67	33	1.4336
67	35	1.21704
67	39	1.32381
67	48	1.33579
67	53	1.26866
67	65	1.29802
67	117	0.543103
67	127	0.528332
67	159	0.506084
67	163	0.509253
67	164	0.589245
67	166	1.20538
67	171	1.33904
67	179	0.651622
67	180	0.683693
68	3	0.426652
68	30	0.458599
68	64	0.482479
68	89	0.537075
68	100	0.502634
68	140	1.43545
68	155	1.40315
68	156	0.47949
68	159	1.37937
68	160	1.32827
68	161	0.478413
68	162	1.34295
68	166	1.2684
68	168	1.2684
68	169	1.3372
68	178	1.23225
68	179	1.22592
68	180	1.18345
69	34	1.26943
69	71	1.3474
69	80	0.666559
69	89	1.31896
69	113	1.33318
69	114	1.25575
69	116	1.34323
69	130	1.33581
69	131	1.37245
69	132	0.554267
69	133	1.30571
69	138	0.527194
69	151	0.532686
69	156	1.35798
69	165	0.547813
69	168	0.649642
69	171	0.535515
69	175	1.1643
70	12	1.50177
70	15	1.49633
70	17	1.32676
70	22	1.42942
70	41	1.4543
70	47	1.45697
70	51	0.438466
70	63	1.36736
70	84	1.46951
70	93	0.633742
70	129	0.484445
70	132	0.411286
70	145	0.443126
70	159	0.425939
70	161	1.4759
70	176	1.41967
70	179	0.571477
70	180	0.603548
71	44	1.35125
71	69	1.3474
71	89	1.30699
71	114	1.24378
71	116	1.33126
71	130	1.32384
71	131	1.36048
71	133	1.29374
71	140	0.502742
71	153	0.681904
71	156	1.34601
71	158	0.607843
71	160	0.577488
71	161	1.3452
71	162	0.587321
71	165	0.533452
71	171	0.521154
71	175	1.15233
72	58	1.38691
72	92	0.455228
72	95	1.46781
72	98	0.450404
72	105	0.466659
72	112	1.47639
72	128	1.54733
72	135	1.4819
72	141	0.526831
72	142	1.46263
72	143	1.45823
72	144	1.4514
72	149	0.50497
72	154	0.465736
72	158	0.562711
72	166	1.37681
72	178	0.636945
72	180	1.29185
73	100	1.40821
73	102	0.613486
73	109	1.30794
73	118	1.34388
73	119	0.495597
73	122	1.36859
73	128	1.39171
73	135	1.32628
73	137	1.38075
73	140	0.488543
73	144	1.29578
73	150	0.59848
73	151	0.504125
73	164	0.62352
73	175	1.14945
73	177	1.29478
73	179	0.685897
73	180	1.13623
74	3	1.39206
74	18	1.40264
74	49	1.24154
74	60	1.27236
74	64	1.25307
74	78	1.27847
74	80	0.669515
74	90	1.28466
74	94	1.18569
74	126	0.529682
74	141	1.22037
74	147	0.590617
74	156	1.24799
74	163	0.575044
74	170	1.23218
74	171	0.53847
74	174	0.720736
74	176	1.19095
74	177	0.589891
75	1	1.27982
75	6	1.49716
75	11	1.49164
75	43	1.4165
75	58	1.30686
75	76	1.35504
75	95	1.38776
75	98	0.457026
75	115	1.41834
75	127	1.37201
75	134	1.38525
75	145	0.533236
75	147	0.534791
75	159	0.516049
75	163	0.519218
75	166	1.29676
75	172	0.534051
75	177	0.534065
75	178	0.643567
76	1	1.15403
76	6	1.37137
76	11	1.36586
76	43	1.29072
76	54	1.25625
76	58	1.18108
76	75	1.35504
76	95	1.26198
76	115	1.29256
76	119	0.496359
76	126	0.498928
76	127	1.24623
76	134	1.25947
76	148	0.604835
76	149	0.536665
76	166	1.17097
76	178	0.668639
76	179	0.686659
76	180	0.71873
77	20	1.39973
77	26	1.14049
77	40	1.23935
77	45	1.52841
77	52	1.16812
77	55	1.35154
77	59	1.26909
77	66	1.19962
77	83	1.23776
77	85	1.23779
77	93	0.717825
77	140	0.458206
77	147	1.17486
77	168	0.590744
77	171	1.25339
77	173	0.547842
77	175	0.683851
77	177	0.528038
77	180	0.687631
78	18	1.54172
78	49	1.38062
78	51	0.486782
78	60	1.41144
78	64	1.39215
78	74	1.27847
78	90	1.42374
78	94	1.32477
78	141	1.35945
78	147	0.492998
78	156	1.38707
78	163	0.477424
78	169	0.482775
78	170	1.37126
78	173	0.512076
78	175	0.648085
78	176	1.33003
78	177	0.492271
78	179	0.619794
79	25	1.52001
79	28	1.29945
79	36	1.51956
79	37	1.29945
79	50	1.42464
79	87	1.38061
79	91	1.38062
79	101	1.41182
79	105	0.452976
79	124	0.532512
79	145	0.512931
79	153	1.22642
79	155	0.468061
79	160	0.518674
79	168	0.576467
79	170	1.38477
79	173	0.533565
79	177	1.35223
79	180	0.673353
80	25	0.545089
80	51	1.20758
80	56	0.608978
80	69	0.666559
80	74	0.669515
80	83	1.21867
80	85	1.21869
80	95	0.622868
80	136	1.207
80	137	0.568871
80	143	1.18206
80	146	1.2131
80	150	1.12689
80	160	1.1605
80	162	1.17518
80	167	1.13206
80	171	1.2343
80	178	1.06448
80	179	1.05815
81	31	0.426934
81	35	0.53574
81	37	0.526981
81	54	0.527299
81	82	0.461752
81	95	0.434135
81	103	1.41139
81	107	0.422821
81	132	1.39366
81	146	0.428058
81	160	1.33084
81	162	1.34552
81	163	1.37016
81	164	1.28164
81	165	1.40378
81	167	1.30239
81	169	1.33976
81	172	1.35934
81	178	1.23482
81	179	1.22849
82	21	1.3553
82	81	0.461752
82	100	1.42879
82	109	1.32853
82	117	0.589864
82	118	1.36446
82	122	1.38918
82	128	1.4123
82	135	1.34687
82	137	1.40134
82	144	1.31637
82	153	1.18957
82	155	0.525161
82	157	0.525366
82	159	0.552844
82	163	0.556013
82	166	0.629198
82	172	0.570847
82	177	1.31537
82	180	1.15682
83	20	1.51072
83	26	1.25148
83	40	1.35034
83	52	1.27911
83	55	1.46253
83	59	1.38008
83	66	1.3106
83	77	1.23776
83	80	1.21867
83	85	1.34878
83	93	0.700885
83	106	0.402807
83	125	0.593112
83	132	0.478429
83	147	1.28584
83	153	0.620427
83	162	0.525845
83	171	1.36438
83	174	0.641943
83	177	0.511098
84	12	1.37445
84	15	1.36902
84	17	1.19944
84	19	0.457659
84	22	1.3021
84	41	1.32698
84	46	1.35224
84	47	1.32965
84	62	1.39461
84	63	1.24004
84	70	1.46951
84	150	0.585318
84	159	0.527196
84	161	1.34858
84	165	0.50609
84	167	0.590505
84	172	0.545199
84	176	1.29236
84	177	0.545213
84	178	0.654715
85	20	1.51074
85	26	1.25151
85	40	1.35036
85	52	1.27913
85	55	1.46256
85	59	1.38011
85	66	1.31063
85	77	1.23779
85	80	1.21869
85	83	1.34878
85	102	0.589126
85	141	0.533403
85	145	0.533185
85	147	1.28587
85	158	0.569282
85	163	0.519167
85	171	1.36441
85	173	0.553819
85	176	0.526872
85	178	0.643516
86	8	0.475901
86	11	0.472203
86	15	0.44686
86	61	1.39757
86	109	0.492816
86	125	1.28871
86	130	0.461532
86	131	0.457242
86	132	1.41548
86	146	0.45315
86	156	0.444437
86	158	1.33196
86	162	1.36733
86	165	1.4256
86	168	1.29278
86	169	1.36158
86	173	1.35912
86	174	1.2535
86	178	1.25664
86	179	1.2503
87	25	1.45605
87	27	1.43914
87	28	1.23549
87	36	1.4556
87	37	1.23549
87	42	0.452892
87	50	1.36068
87	79	1.38061
87	91	1.31666
87	97	0.513743
87	101	1.34786
87	124	0.55873
87	152	0.539615
87	153	1.16246
87	162	0.554725
87	167	0.585271
87	170	1.32081
87	174	0.670823
87	176	0.532836
87	177	1.28827
88	7	1.35404
88	99	1.27201
88	100	1.39218
88	109	1.29192
88	118	1.32786
88	122	1.35257
88	125	0.63988
88	135	1.31026
88	137	1.36473
88	144	1.27976
88	151	0.503616
88	152	0.557502
88	158	0.593134
88	161	1.32631
88	164	0.62301
88	165	0.518743
88	166	0.616203
88	168	0.620572
88	175	1.13343
88	177	1.27876
88	180	1.12021
89	29	1.39157
89	44	1.32281
89	61	0.573444
89	68	0.537075
89	69	1.31896
89	71	1.30699
89	92	0.513824
89	113	1.29276
89	114	1.21534
89	116	1.30282
89	124	0.60479
89	130	1.2954
89	131	1.33203
89	133	1.2653
89	147	0.586765
89	149	0.563566
89	154	0.524332
89	156	1.31757
89	161	1.31676
89	168	0.648745
89	175	1.12388
90	3	1.53734
90	18	1.54792
90	49	1.38682
90	60	1.41763
90	64	1.39834
90	74	1.28466
90	78	1.42374
90	92	0.479171
90	94	1.33096
90	98	0.474347
90	119	0.488608
90	126	0.491177
90	134	0.531635
90	141	1.36564
90	153	0.660716
90	156	1.39326
90	165	0.512264
90	169	0.54189
90	170	1.37746
90	176	1.33623
90	177	0.551386
91	25	1.45606
91	27	1.43915
91	28	1.23549
91	36	1.45561
91	37	1.23549
91	50	1.36069
91	79	1.38062
91	87	1.31666
91	101	1.34786
91	103	0.520101
91	106	0.488686
91	119	0.534199
91	120	0.607411
91	151	0.542728
91	153	1.16247
91	160	0.601891
91	165	0.557855
91	170	1.32082
91	173	0.616782
91	177	1.28828
92	40	0.43831
92	47	0.481349
92	72	0.455228
92	89	0.513824
92	90	0.479171
92	119	1.43236
92	122	0.455231
92	131	0.469043
92	137	0.417032
92	138	1.45753
92	147	1.34861
92	154	1.43617
92	155	1.42824
92	161	0.455162
92	162	1.36803
92	164	1.30415
92	167	1.32491
92	169	1.36228
92	172	1.38186
92	174	1.2542
92	178	1.25734
92	179	1.251
93	27	0.611468
93	70	0.633742
93	77	0.717825
93	83	0.700885
93	124	1.12497
93	137	0.679034
93	143	0.738751
93	149	1.18137
93	150	1.08985
93	155	1.19835
93	160	1.12347
93	162	1.13814
93	165	1.19641
93	166	1.0636
93	171	1.19726
93	172	1.15197
93	173	1.12992
93	174	1.02431
93	177	1.13719
93	178	1.02744
93	179	1.02111
94	2	1.34924
94	3	1.43836
94	18	1.44894
94	42	1.33917
94	49	1.28784
94	60	1.31866
94	64	1.29937
94	74	1.18569
94	78	1.32477
94	90	1.33096
94	105	0.504032
94	115	0.502842
94	141	1.26667
94	149	0.542344
94	150	0.604921
94	156	1.29429
94	160	0.56973
94	164	0.629961
94	165	0.525694
94	169	0.55532
94	170	1.27848
94	176	1.23725
94	179	0.692338
95	1	1.18676
95	6	1.40409
95	11	1.39858
95	42	1.37052
95	43	1.32344
95	54	1.28897
95	58	1.2138
95	72	1.46781
95	75	1.38776
95	76	1.26198
95	80	0.622868
95	81	0.434135
95	115	1.32528
95	127	1.27895
95	134	1.29219
95	145	0.542415
95	162	0.557991
95	166	1.20369
95	169	0.533748
95	172	0.543231
95	175	0.699057
95	176	0.536102
95	177	0.543244
96	24	1.35701
96	57	1.41844
96	104	1.36749
96	108	1.41977
96	110	1.39761
96	121	1.42185
96	123	1.37369
96	132	0.507908
96	136	1.37487
96	139	1.38584
96	142	1.35433
96	146	1.38097
96	149	0.518105
96	150	0.580682
96	152	0.540214
96	155	0.494878
96	156	1.39046
96	157	0.495082
96	169	0.531081
96	170	1.37465
96	171	0.489157
96	175	0.696391
96	176	0.533435
96	180	1.18355
97	7	0.485369
97	27	0.395447
97	34	0.635829
97	44	0.542037
97	46	0.507789
97	87	0.513743
97	98	1.43138
97	99	0.56308
97	101	0.503858
97	126	1.34809
97	140	1.38937
97	141	1.31666
97	155	1.35708
97	159	1.33329
97	164	1.233
97	166	1.22233
97	170	0.484177
97	172	1.3107
97	173	1.28866
97	174	1.18304
97	176	1.28724
97	178	1.18618
97	179	1.17984
97	180	1.13737
98	2	0.457114
98	25	0.388426
98	59	0.492914
98	72	0.450404
98	75	0.457026
98	90	0.474347
98	97	1.43138
98	102	1.35669
98	123	0.490534
98	136	0.465661
98	142	0.462157
98	148	1.3494
98	149	1.43951
98	150	1.34799
98	155	1.45649
98	158	1.36091
98	163	1.42093
98	164	1.33241
98	165	1.45455
98	170	0.433373
98	172	1.41011
98	174	1.28245
98	178	1.28559
98	179	1.27925
99	54	1.26481
99	56	1.42023
99	88	1.27201
99	97	0.56308
99	100	1.36656
99	106	0.481024
99	109	1.26629
99	118	1.30223
99	122	1.32694
99	125	0.67133
99	128	1.35006
99	135	1.28463
99	137	1.3391
99	144	1.25413
99	155	0.543616
99	157	0.54382
99	161	1.30068
99	168	0.652022
99	169	0.579819
99	171	0.537895
99	175	1.10781
99	177	1.25314
99	178	0.698817
99	180	1.09458
100	68	0.502634
100	73	1.40821
100	82	1.42879
100	88	1.39218
100	99	1.36656
100	109	1.38646
100	120	0.562031
100	122	1.44711
100	128	1.47023
100	132	0.518928
100	135	1.4048
100	137	1.45927
100	138	0.491856
100	144	1.3743
100	149	0.529124
100	153	1.2475
100	157	0.506102
100	162	0.566344
100	167	0.59689
100	171	0.500176
100	172	0.551583
100	175	1.22797
100	177	1.3733
100	180	1.21475
101	2	1.42277
101	9	1.43468
101	25	1.48725
101	27	1.47034
101	28	1.26669
101	36	1.48681
101	37	1.26669
101	50	1.39188
101	79	1.41182
101	87	1.34786
101	91	1.34786
101	97	0.503858
101	105	0.469309
101	124	0.548844
101	149	0.50762
101	150	0.570198
101	151	0.475843
101	153	1.19367
101	165	0.49097
101	170	1.35202
101	173	0.549897
101	176	0.522951
101	177	1.31947
101	180	0.689685
102	45	0.440383
102	62	0.569681
102	73	0.613486
102	85	0.589126
102	98	1.35669
102	110	0.588937
102	113	0.612037
102	125	1.14357
102	135	0.603728
102	148	1.17531
102	149	1.26542
102	151	1.30648
102	159	1.25861
102	164	1.15831
102	167	1.17906
102	168	1.14764
102	169	1.21644
102	170	0.565524
102	172	1.23601
102	173	1.21397
102	174	1.10836
102	177	1.22124
102	178	1.11149
102	179	1.10516
103	26	0.587137
103	45	0.308395
103	48	0.466144
103	81	1.41139
103	91	0.520101
103	107	0.455053
103	111	0.474023
103	113	0.480049
103	123	0.490696
103	126	1.37887
103	149	1.37088
103	151	1.41195
103	154	1.39579
103	157	1.38526
103	159	1.36407
103	160	1.31297
103	161	0.4505
103	163	1.3523
103	169	1.3219
103	170	0.433536
103	172	1.34148
103	173	1.31943
103	174	1.21382
103	178	1.21695
103	179	1.21062
104	31	1.42084
104	38	1.33678
104	96	1.36749
104	107	1.38766
104	110	1.34077
104	111	1.34191
104	112	1.31126
104	120	0.572709
104	123	1.31685
104	127	0.566507
104	134	1.30016
104	136	1.31803
104	138	0.502534
104	139	1.329
104	140	0.492443
104	142	1.29749
104	143	1.29309
104	146	1.32413
104	151	0.508026
104	154	0.500569
104	157	0.51678
104	164	0.62742
104	170	1.31781
104	173	0.58208
104	175	0.718088
105	24	0.506855
105	45	0.735933
105	60	0.499776
105	72	0.466659
105	79	0.452976
105	94	0.504032
105	101	0.469309
105	120	1.28574
105	142	0.478412
105	145	1.33784
105	149	1.34917
105	152	1.34218
105	154	1.37408
105	156	0.46767
105	157	1.36355
105	162	1.30594
105	163	1.33059
105	165	1.36421
105	167	1.26281
105	169	1.30019
105	170	0.449628
105	172	1.31976
105	173	1.29772
105	174	1.19211
105	178	1.19524
105	179	1.18891
106	13	0.433686
106	53	0.467042
106	83	0.402807
106	91	0.488686
106	99	0.481024
106	107	0.423638
106	130	0.437257
106	131	0.432966
106	132	1.44445
106	135	0.440326
106	138	1.4858
106	149	1.43953
106	150	1.34801
106	156	0.420162
106	161	0.419085
106	162	1.3963
106	163	1.42095
106	165	1.45457
106	168	1.32175
106	169	1.39055
106	171	1.45542
106	172	1.41013
106	173	1.38809
106	174	1.28247
106	178	1.28561
106	179	1.27927
107	24	1.37718
107	38	1.41379
107	81	0.422821
107	103	0.455053
107	104	1.38766
107	106	0.423638
107	110	1.41779
107	111	1.41892
107	112	1.38827
107	115	0.469956
107	121	1.44202
107	123	1.39386
107	136	1.39504
107	139	1.40601
107	142	1.37451
107	143	1.3701
107	145	0.5311
107	146	1.40115
107	153	0.641259
107	154	0.470223
107	156	1.41063
107	157	0.486434
107	167	0.577222
107	172	0.531916
107	179	0.659451
107	180	1.20372
108	23	1.33185
108	45	1.67263
108	57	1.41388
108	96	1.41977
108	110	1.39305
108	111	1.39419
108	121	1.41729
108	123	1.36913
108	127	0.525866
108	136	1.37031
108	139	1.38128
108	140	0.451802
108	142	1.34977
108	143	1.34537
108	146	1.37641
108	148	0.567332
108	154	0.459927
108	155	0.475934
108	156	1.3859
108	163	0.506787
108	166	0.579971
108	167	0.566927
108	173	0.541438
108	174	0.652479
108	176	0.514492
108	180	1.17899
109	9	1.38825
109	42	0.489746
109	73	1.30794
109	82	1.32853
109	86	0.492816
109	88	1.29192
109	99	1.26629
109	100	1.38646
109	118	1.32213
109	122	1.34685
109	128	1.36997
109	135	1.30454
109	137	1.35901
109	144	1.27403
109	147	0.577558
109	153	1.14723
109	158	0.6121
109	161	1.32058
109	163	0.561985
109	165	0.53771
109	169	0.567335
109	172	0.576818
109	176	0.56969
109	177	1.27304
109	178	0.686334
109	180	1.11448
110	23	1.30969
110	57	1.39173
110	96	1.39761
110	102	0.588937
110	104	1.34077
110	107	1.41779
110	108	1.39305
110	111	1.37203
110	112	1.34138
110	115	0.471852
110	121	1.39513
110	123	1.34697
110	127	0.538057
110	132	0.501157
110	136	1.34816
110	139	1.35913
110	142	1.32762
110	146	1.35426
110	157	0.488331
110	169	0.524329
110	170	1.34794
110	171	0.482405
110	175	0.689639
110	176	0.526684
110	177	0.533826
110	178	0.643328
110	180	1.15684
111	30	1.44906
111	57	1.39286
111	103	0.474023
111	104	1.34191
111	107	1.41892
111	108	1.39419
111	110	1.37203
111	112	1.34252
111	115	0.488926
111	123	1.34811
111	132	0.518231
111	134	1.33143
111	136	1.34929
111	139	1.36026
111	143	1.32435
111	145	0.550071
111	146	1.35539
111	147	1.29805
111	151	0.49665
111	156	1.36488
111	157	0.505405
111	162	0.565646
111	168	0.613606
111	171	0.499479
111	173	0.570704
111	175	0.706713
111	180	1.15797
112	30	1.41841
112	45	1.62096
112	72	1.47639
112	104	1.31126
112	107	1.38827
112	110	1.34138
112	111	1.34252
112	119	0.457686
112	121	1.36561
112	123	1.31746
112	136	1.31864
112	138	0.460723
112	141	0.519853
112	142	1.2981
112	143	1.2937
112	145	0.519635
112	146	1.32474
112	153	0.629794
112	156	1.33423
112	158	0.555732
112	164	0.585609
112	166	0.578801
112	167	0.565757
112	170	1.31842
112	172	0.520451
112	174	0.651309
112	180	1.12732
113	5	1.41385
113	8	1.38887
113	10	1.40127
113	29	1.40579
113	34	1.24323
113	44	1.33703
113	69	1.33318
113	89	1.29276
113	102	0.612037
113	103	0.480049
113	114	1.22956
113	115	1.33142
113	116	1.31704
113	127	0.561157
113	129	0.597415
113	130	1.30962
113	131	1.34625
113	133	1.27952
113	134	0.537174
113	138	0.497184
113	141	1.30417
113	156	1.33179
113	166	0.615263
113	170	0.366865
113	171	0.505505
113	175	1.1381
113	177	0.556925
113	179	0.684447
114	5	1.33643
114	10	1.32384
114	29	1.32836
114	44	1.2596
114	54	1.21769
114	69	1.25575
114	71	1.24378
114	89	1.21534
114	113	1.22956
114	115	1.25399
114	116	1.23961
114	126	0.527933
114	130	1.23219
114	131	1.26883
114	133	1.20209
114	141	1.22674
114	153	0.697471
114	155	0.542442
114	156	1.25436
114	157	0.542647
114	161	1.25355
114	163	0.573294
114	168	0.650848
114	169	0.578645
114	173	0.607946
114	174	0.718986
114	175	1.06068
114	180	0.747734
115	21	0.49152
115	26	0.60204
115	43	1.35402
115	66	0.479725
115	75	1.41834
115	76	1.29256
115	94	0.502842
115	95	1.32528
115	107	0.469956
115	110	0.471852
115	111	0.488926
115	113	1.33142
115	114	1.25399
115	116	1.34147
115	118	0.502407
115	125	1.2302
115	127	1.30953
115	130	1.33405
115	131	1.37069
115	133	1.30395
115	137	0.427273
115	143	0.486991
115	151	1.39311
115	159	1.34524
115	170	0.448438
115	173	1.3006
115	177	1.30787
115	179	1.19179
116	8	1.39892
116	19	0.448826
116	29	1.41584
116	34	1.25329
116	44	1.34708
116	69	1.34323
116	71	1.33126
116	89	1.30282
116	113	1.31704
116	114	1.23961
116	115	1.34147
116	125	0.618394
116	130	1.31967
116	131	1.35631
116	133	1.28957
116	141	1.31422
116	147	0.537106
116	152	0.536017
116	156	1.34184
116	159	0.518364
116	161	1.34103
116	164	0.601525
116	165	0.497258
116	172	0.536366
116	173	0.556184
116	175	1.14816
116	178	0.645882
116	180	0.695973
117	9	0.557645
117	16	0.494867
117	23	0.591099
117	36	0.486793
117	67	0.543103
117	82	0.589864
117	121	0.524139
117	129	1.24763
117	132	1.32263
117	137	0.508251
117	148	1.2276
117	150	1.22619
117	151	1.35878
117	153	1.14773
117	156	0.547457
117	157	1.33209
117	158	1.23911
117	159	1.31091
117	162	1.27448
117	164	1.21061
117	168	1.19993
117	170	0.529416
117	172	1.28831
117	173	1.26627
117	174	1.16065
117	177	1.27354
117	178	1.16379
117	179	1.15745
118	4	1.42949
118	21	1.34891
118	54	1.32065
118	73	1.34388
118	82	1.36446
118	88	1.32786
118	99	1.30223
118	109	1.32213
118	115	0.502407
118	120	0.574815
118	122	1.38278
118	128	1.4059
118	134	0.544629
118	135	1.34047
118	137	1.39494
118	140	0.494549
118	144	1.30997
118	147	0.565107
118	153	1.18317
118	155	0.518681
118	163	0.549534
118	166	0.622718
118	172	0.564367
118	175	1.16365
118	176	0.557239
118	177	1.30898
118	179	0.691903
118	180	1.15042
119	34	0.599285
119	44	0.505494
119	48	0.480242
119	65	0.47805
119	73	0.495597
119	76	0.496359
119	90	0.488608
119	91	0.534199
119	92	1.43236
119	112	0.457686
119	133	0.481927
119	138	1.41561
119	145	1.35801
119	148	1.27923
119	150	1.27782
119	155	1.38631
119	161	0.464598
119	162	1.32611
119	163	1.35076
119	164	1.26223
119	165	1.38438
119	168	1.25156
119	169	1.32036
119	171	1.38523
119	172	1.33993
119	174	1.21228
119	178	1.21541
119	179	1.20908
120	1	0.679461
120	7	0.522037
120	49	0.554752
120	91	0.607411
120	100	0.562031
120	104	0.572709
120	105	1.28574
120	118	0.574815
120	137	0.499681
120	141	1.26137
120	145	1.27348
120	149	1.28481
120	150	1.19329
120	152	1.27782
120	157	1.29919
120	158	1.20621
120	161	0.53781
120	163	1.26623
120	164	1.1777
120	165	1.29985
120	167	1.19846
120	170	0.520846
120	173	1.23337
120	174	1.12775
120	175	1.0953
120	176	1.23195
120	177	1.24063
120	178	1.13088
120	179	1.12455
121	23	1.33393
121	24	1.35452
121	96	1.42185
121	107	1.44202
121	108	1.41729
121	110	1.39513
121	112	1.36561
121	117	0.524139
121	123	1.3712
121	129	0.545625
121	136	1.37239
121	139	1.38336
121	142	1.35185
121	143	1.34745
121	146	1.37849
121	147	1.32115
121	151	0.450886
121	153	0.614465
121	155	0.459436
121	156	1.38798
121	160	0.510049
121	162	0.519882
121	166	0.563473
121	167	0.550428
121	170	1.37217
121	171	0.453715
121	174	0.63598
121	178	0.614638
121	180	1.18107
122	4	1.4542
122	56	1.50079
122	73	1.36859
122	82	1.38918
122	88	1.35257
122	92	0.455231
122	99	1.32694
122	100	1.44711
122	109	1.34685
122	118	1.38278
122	128	1.43062
122	135	1.36519
122	137	1.41966
122	140	0.457613
122	144	1.33469
122	148	0.573143
122	154	0.465739
122	157	0.481951
122	161	1.38124
122	162	0.542192
122	166	0.585783
122	167	0.572738
122	171	0.476025
122	174	0.65829
122	175	1.18836
122	176	0.520304
122	177	1.33369
122	179	0.654968
122	180	1.17514
123	13	1.37411
123	23	1.28577
123	31	1.42704
123	38	1.34298
123	96	1.37369
123	98	0.490534
123	103	0.490696
123	104	1.31685
123	107	1.39386
123	108	1.36913
123	110	1.34697
123	111	1.34811
123	112	1.31746
123	121	1.3712
123	132	0.534904
123	134	1.30637
123	139	1.3352
123	142	1.30369
123	146	1.33033
123	149	0.5451
123	154	0.505866
123	155	0.521873
123	159	0.549556
123	163	0.552725
123	165	0.52845
123	168	0.630279
123	170	1.32401
123	176	0.56043
123	178	0.677075
123	180	1.13291
124	47	0.572316
124	55	0.508442
124	79	0.532512
124	87	0.55873
124	89	0.60479
124	93	1.12497
124	101	0.548844
124	127	1.24932
124	129	1.22175
124	133	0.563457
124	135	0.567369
124	139	0.535553
124	144	0.572781
124	145	1.28051
124	150	1.20032
124	157	1.30621
124	159	1.28503
124	162	1.24861
124	163	1.27325
124	164	1.18473
124	165	1.30687
124	167	1.20548
124	168	1.17406
124	172	1.26243
124	173	1.24039
124	174	1.13477
124	176	1.23898
124	178	1.13791
124	179	1.13158
125	23	0.65411
125	27	0.503696
125	32	0.575933
125	65	0.622843
125	83	0.593112
125	86	1.28871
125	88	0.63988
125	99	0.67133
125	102	1.14357
125	115	1.2302
125	116	0.618394
125	128	0.575656
125	133	0.626719
125	138	1.27266
125	147	1.16374
125	148	1.13628
125	151	1.26745
125	152	1.2194
125	154	1.2513
125	155	1.24336
125	160	1.16848
125	162	1.18316
125	163	1.20781
125	165	1.24143
125	169	1.17741
125	172	1.19698
125	174	1.06932
125	175	1.03688
125	176	1.17353
125	178	1.07246
125	179	1.06613
126	26	0.603805
126	32	0.433709
126	35	0.584639
126	59	0.509744
126	64	0.471233
126	74	0.529682
126	76	0.498928
126	90	0.491177
126	97	1.34809
126	103	1.37887
126	114	0.527933
126	128	0.433432
126	136	0.48249
126	139	0.456592
126	140	1.4055
126	148	1.26612
126	150	1.26471
126	151	1.39729
126	154	1.38114
126	157	1.3706
126	158	1.27762
126	160	1.29832
126	162	1.313
126	163	1.33764
126	168	1.23845
126	172	1.32682
126	173	1.30478
126	174	1.19916
126	176	1.30337
126	178	1.2023
126	179	1.19597
127	8	0.564149
127	17	1.15995
127	22	1.2626
127	44	0.572504
127	47	1.29016
127	49	0.54855
127	58	1.19805
127	59	0.574185
127	61	1.29272
127	62	1.35511
127	63	1.20054
127	67	0.528332
127	75	1.37201
127	76	1.24623
127	95	1.27895
127	104	0.566507
127	108	0.525866
127	110	0.538057
127	113	0.561157
127	115	1.30953
127	124	1.24932
127	130	0.54978
127	135	0.552849
127	163	1.28714
127	166	1.18794
127	168	1.18794
127	173	1.25427
127	175	1.11621
127	176	1.25286
127	178	1.15179
127	179	1.14546
128	7	1.43209
128	21	1.39674
128	72	1.54733
128	73	1.39171
128	82	1.4123
128	99	1.35006
128	100	1.47023
128	109	1.36997
128	118	1.4059
128	122	1.43062
128	125	0.575656
128	126	0.433432
128	135	1.38831
128	137	1.44278
128	144	1.35781
128	148	0.539339
128	153	1.23101
128	157	0.448146
128	160	0.498555
128	161	1.40436
128	162	0.508388
128	163	0.478794
128	164	0.558786
128	166	0.551979
128	172	0.493628
128	173	0.513446
128	174	0.624486
128	175	1.21148
128	177	1.35681
128	179	0.621163
128	180	1.19826
129	3	0.516105
129	52	0.599634
129	53	0.615823
129	61	1.26515
129	62	0.55506
129	70	0.484445
129	113	0.597415
129	117	1.24763
129	121	0.545625
129	124	1.22175
129	131	0.581748
129	138	1.32442
129	139	0.557291
129	148	1.18804
129	151	1.31921
129	152	1.27116
129	156	0.568943
129	158	1.19954
129	160	1.22024
129	162	1.23492
129	163	1.25957
129	165	1.29319
129	167	1.19179
129	168	1.16037
129	169	1.22917
129	170	0.550902
129	171	1.29404
129	172	1.24874
129	174	1.12109
129	178	1.12422
129	179	1.11789
129	180	1.07542
130	5	1.41649
130	8	1.3915
130	10	1.4039
130	19	0.457994
130	29	1.40842
130	34	1.24587
130	44	1.33966
130	54	1.29775
130	69	1.33581
130	71	1.32384
130	86	0.461532
130	89	1.2954
130	106	0.437257
130	113	1.30962
130	114	1.23219
130	115	1.33405
130	116	1.31967
130	127	0.54978
130	131	1.34889
130	132	0.512879
130	133	1.28215
130	141	1.3068
130	153	0.654878
130	155	0.499849
130	156	1.33442
130	158	0.580817
130	159	0.527532
130	161	1.33361
130	166	0.603886
130	167	0.590841
130	175	1.14074
130	177	0.545548
130	180	0.705141
131	5	1.45313
131	8	1.42814
131	9	1.43792
131	10	1.44054
131	29	1.44506
131	34	1.28251
131	44	1.3763
131	69	1.37245
131	71	1.36048
131	86	0.457242
131	89	1.33203
131	92	0.469043
131	106	0.432966
131	113	1.34625
131	114	1.26883
131	115	1.37069
131	116	1.35631
131	129	0.581748
131	130	1.34889
131	133	1.31879
131	138	0.481517
131	141	1.34344
131	147	0.541984
131	148	0.586956
131	156	1.37106
131	159	0.523242
131	160	0.546172
131	161	1.37025
131	163	0.526411
131	168	0.603964
131	172	0.541244
131	173	0.561062
131	175	1.17737
131	176	0.534116
132	4	0.496514
132	52	0.526476
132	56	0.496685
132	69	0.554267
132	70	0.411286
132	81	1.39366
132	83	0.478429
132	86	1.41548
132	96	0.507908
132	100	0.518928
132	106	1.44445
132	110	0.501157
132	111	0.518231
132	117	1.32263
132	123	0.534904
132	130	0.512879
132	139	0.484132
132	145	1.34183
132	148	1.26304
132	149	1.35315
132	150	1.26163
132	151	1.39422
132	154	1.37806
132	157	1.36753
132	158	1.27455
132	160	1.29525
132	163	1.33457
132	165	1.36819
132	168	1.23537
132	172	1.32375
132	173	1.30171
132	179	1.19289
132	180	1.15042
133	5	1.38639
133	8	1.3614
133	9	1.37118
133	10	1.3738
133	29	1.37832
133	34	1.21577
133	44	1.30956
133	54	1.26765
133	61	0.53211
133	69	1.30571
133	71	1.29374
133	89	1.2653
133	113	1.27952
133	114	1.20209
133	115	1.30395
133	116	1.28957
133	119	0.481927
133	124	0.563457
133	125	0.626719
133	130	1.28215
133	131	1.31879
133	134	0.524954
133	141	1.2767
133	147	0.545431
133	156	1.30432
133	159	0.526689
133	161	1.30351
133	163	0.529858
133	164	0.60985
133	171	0.493284
133	175	1.11064
133	176	0.537563
133	178	0.654207
133	180	0.704298
134	1	1.18425
134	4	0.509431
134	6	1.40159
134	15	0.511124
134	20	0.441405
134	26	0.644262
134	44	0.548521
134	46	0.514272
134	58	1.21129
134	64	0.511691
134	75	1.38525
134	76	1.25947
134	90	0.531635
134	95	1.29219
134	104	1.30016
134	111	1.33143
134	113	0.537174
134	118	0.544629
134	123	1.30637
134	133	0.524954
134	135	0.528866
134	141	1.29552
134	142	1.28701
134	143	1.28261
134	144	0.534278
134	146	1.31365
134	147	1.25631
134	150	1.22744
134	162	1.27573
134	163	1.30038
134	165	1.334
134	166	1.20119
134	167	1.23261
134	178	1.16503
134	179	1.1587
135	4	1.41189
135	7	1.36666
135	51	1.32473
135	54	1.30306
135	56	1.45848
135	72	1.4819
135	73	1.32628
135	82	1.34687
135	88	1.31026
135	99	1.28463
