1	14	0.964529
1	40	1.03952
1	57	1.05083
1	78	1.02863
1	117	0.966021
1	140	1.02478
1	154	0.986229
1	164	1.04957
1	166	0.965236
1	167	1.10484
1	168	0.975138
1	179	0.98337
2	5	1.02878
2	24	0.969003
2	26	1.03107
2	56	0.964145
2	77	1.04756
2	112	1.06566
2	113	1.01813
2	120	1.01022
2	155	0.914879
2	160	0.922025
2	166	1.02456
2	178	1.14542
3	32	0.964081
3	33	0.970957
3	35	0.987332
3	37	0.984025
3	64	1.06578
3	71	1.03309
3	156	1.03203
3	163	1.06358
3	166	1.05556
3	170	0.943027
3	172	1.19609
3	178	0.840631
4	16	1.00208
4	24	0.988923
4	45	0.947195
4	56	0.984064
4	63	1.05049
4	68	0.964127
4	77	1.06748
4	120	1.05186
4	155	0.956512
4	170	0.953658
4	175	1.00999
4	178	1.16534
5	2	1.02878
5	16	0.984293
5	26	1.0332
5	45	0.929404
5	63	1.0327
5	77	1.04969
5	115	0.974619
5	159	1.02551
5	165	1.09504
5	171	1.0294
5	172	0.812676
5	178	1.14755
6	103	1.02238
6	106	1.02236
6	109	1.0602
6	111	0.988788
6	114	1.03162
6	115	0.949217
6	116	1.03159
6	125	0.956356
6	157	1.0448
6	158	0.980222
6	159	1.0001
6	180	1.05464
7	27	1.0349
7	59	0.971107
7	62	1.07753
7	66	0.970993
7	69	1.03106
7	72	1.03115
7	99	0.897398
7	123	1.0574
7	135	1.08528
7	152	1.01895
7	173	0.992885
7	176	0.969291
8	18	0.835749
8	48	1.03506
8	49	1.03485
8	74	1.00352
8	138	0.946761
8	141	1.05971
8	142	1.03649
8	155	0.989983
8	163	1.10768
8	168	1.10956
8	170	1.08689
8	178	0.884733
9	38	1.10586
9	59	0.959123
9	60	1.06692
9	66	0.959009
9	68	0.959063
9	69	1.01907
9	72	1.01916
9	135	1.0733
9	140	1.12067
9	148	0.999986
9	174	1.00855
9	178	0.846198
10	49	0.968494
10	67	0.917294
10	104	0.987938
10	135	0.938808
10	161	0.856692
10	173	1.00381
10	174	1.06121
10	175	1.06203
10	176	1.02652
10	177	1.03662
10	179	1.01007
10	180	0.999539
11	85	1.04404
11	99	0.920843
11	101	1.02998
11	105	1.02994
11	117	0.960612
11	138	1.11504
11	149	1.0442
11	152	0.988109
11	156	0.947556
11	157	1.04527
11	166	1.0204
11	176	0.992737
12	31	0.960435
12	48	0.898054
12	49	0.897842
12	74	0.866515
12	138	0.809758
12	140	1.29723
12	141	0.922707
12	142	0.89949
12	146	1.2423
12	155	1.128
12	162	1.23938
12	170	0.949888
13	14	0.838629
13	40	0.913616
13	44	0.906692
13	47	0.856521
13	61	0.883999
13	78	0.902733
13	93	1.11206
13	159	1.29034
13	160	1.17852
13	164	0.923675
13	167	0.97894
13	173	1.3263
14	1	0.964529
14	13	0.838629
14	57	1.01653
14	61	0.975596
14	78	0.99433
14	117	0.931718
14	164	1.01527
14	165	1.16804
14	167	1.07054
14	175	1.03301
14	178	0.874283
14	179	1.10734
14	180	1.15304
15	52	0.965889
15	68	1.01361
15	79	0.948723
15	101	0.98504
15	105	0.984997
15	149	0.999257
15	152	0.943168
15	157	1.00033
15	164	1.00084
15	166	0.975456
15	170	1.00314
15	176	1.13733
15	180	1.17951
16	4	1.00208
16	5	0.984293
16	24	0.924512
16	45	0.882785
16	56	0.919654
16	63	0.986082
16	77	1.00307
16	117	1.07852
16	159	1.09828
16	163	1.09701
16	170	0.976459
16	177	1.08439
16	178	1.10093
17	103	0.953896
17	106	0.953873
17	107	1.07968
17	109	0.991719
17	111	0.920304
17	114	0.963138
17	116	0.963103
17	148	1.01807
17	154	1.10021
17	157	0.976311
17	159	1.08851
17	174	1.02664
17	176	1.10087
18	8	0.835749
18	20	0.903758
18	74	0.872306
18	97	0.820382
18	114	0.809263
18	134	0.832916
18	136	1.14252
18	171	1.12669
18	173	1.09483
18	176	1.11753
18	177	1.12763
18	179	1.10108
18	180	1.09056
19	60	1.1515
19	144	1.33494
19	151	1.31054
19	157	1.3045
19	158	0.877035
19	159	0.870942
19	165	0.855757
19	173	0.846785
19	175	0.905007
19	176	0.869489
19	177	0.87959
19	179	0.853042
19	180	0.842512
20	18	0.903758
20	25	0.922839
20	73	0.941667
20	86	0.966024
20	87	0.966015
20	88	0.966057
20	90	1.02069
20	141	0.994651
20	161	1.02242
20	164	1.05284
20	169	1.17278
20	172	0.964133
20	173	1.21292
21	33	0.870474
21	37	0.883542
21	39	1.07178
21	55	1.02565
21	64	0.965302
21	71	0.93261
21	113	0.959357
21	148	1.0725
21	156	1.11011
21	172	1.0956
21	175	1.07744
21	176	1.15529
21	178	0.91871
22	79	0.933934
22	85	0.984307
22	101	0.970251
22	105	0.970208
22	112	1.18948
22	135	1.01436
22	149	0.984468
22	157	0.985544
22	159	1.15767
22	166	0.960667
22	167	0.951685
22	172	0.944839
22	175	1.09217
23	28	0.935972
23	73	0.940006
23	86	0.964363
23	87	0.964354
23	88	0.964396
23	89	0.97643
23	90	1.01903
23	102	1.10722
23	118	1.08452
23	141	0.99299
23	161	1.02076
23	170	1.01753
23	179	1.1482
24	2	0.969003
24	4	0.988923
24	16	0.924512
24	51	0.959987
24	56	0.906493
24	63	0.972922
24	77	0.98991
24	113	0.960479
24	140	1.12205
24	158	1.05191
24	168	1.07241
24	178	1.08777
24	180	1.12634
25	20	0.922839
25	42	1.00345
25	86	0.955767
25	87	0.955758
25	88	0.955799
25	90	1.01043
25	125	1.02027
25	141	0.984393
25	146	1.05934
25	152	1.12603
25	161	1.01216
25	169	1.05983
25	179	1.07286
26	2	1.03107
26	5	1.0332
26	45	0.931692
26	56	0.968562
26	63	1.03499
26	77	1.05198
26	102	0.991928
26	128	1.01156
26	136	0.95452
26	140	1.07432
26	164	0.89994
26	178	1.14983
27	7	1.0349
27	59	0.902527
27	60	1.01033
27	62	1.00895
27	66	0.902413
27	69	0.962478
27	72	0.962568
27	92	1.05625
27	118	1.04395
27	135	1.0167
27	164	0.974654
27	179	1.10762
27	180	1.15332
28	23	0.935972
28	50	0.956584
28	73	0.946205
28	86	0.970561
28	87	0.970552
28	88	0.970594
28	90	1.02522
28	115	1.05501
28	140	1.15616
28	161	1.02695
28	169	1.10172
28	173	1.14186
28	178	0.88168
29	94	0.932259
29	97	0.982153
29	124	1.08879
29	132	0.967471
29	147	0.997689
29	150	0.990152
29	151	0.946274
29	152	1.10898
29	153	0.973568
29	154	1.05867
29	160	1.00883
29	166	1.03767
29	169	1.04278
30	38	1.04772
30	59	0.900985
30	60	1.00878
30	62	1.0074
30	66	0.900871
30	69	0.960935
30	72	0.961026
30	89	0.944397
30	124	1.14915
30	135	1.01516
30	139	1.03672
30	158	1.08744
30	179	1.11617
31	12	0.960435
31	48	1.06928
31	49	1.06907
31	74	1.03774
31	93	0.815026
31	138	0.980984
31	141	1.09393
31	142	1.07072
31	148	0.922872
31	152	1.05532
31	163	0.992031
31	170	1.12112
31	175	0.92781
31	180	1.04784
32	3	0.964081
32	33	0.824964
32	37	0.838032
32	39	1.02627
32	55	0.980135
32	64	0.919791
32	71	0.887099
32	113	0.913847
32	120	1.13958
32	136	1.09366
32	166	1.15391
32	172	1.05009
32	176	1.17557
32	179	1.17204
33	3	0.970957
33	21	0.870474
33	32	0.824964
33	37	0.844908
33	39	1.03315
33	51	1.08106
33	55	0.987012
33	71	0.893976
33	84	1.1068
33	113	0.920723
33	115	1.14199
33	172	1.05697
33	176	1.20524
33	179	1.20171
34	79	1.01958
34	85	1.06995
34	101	1.0559
34	105	1.05585
34	117	1.01767
34	137	1.04745
34	149	1.07011
34	152	1.01402
34	156	1.00461
34	157	1.07119
34	166	1.04631
34	167	0.831448
34	178	0.813211
34	179	1.04627
35	3	0.987332
35	54	0.964277
35	64	0.943043
35	71	0.910351
35	100	1.04331
35	110	1.19873
35	153	1.15133
35	157	1.10494
35	172	1.07335
35	173	0.880758
35	174	0.938155
35	176	0.903463
35	179	0.887015
35	180	0.876485
36	80	1.03222
36	94	1.00172
36	95	1.08638
36	97	1.05161
36	100	1.08631
36	121	1.3672
36	136	0.832871
36	149	1.04962
36	151	1.01573
36	154	0.914116
36	160	1.07829
36	168	0.903025
36	170	0.780591
36	176	0.914778
37	3	0.984025
37	21	0.883542
37	32	0.838032
37	33	0.844908
37	55	1.00008
37	64	0.939735
37	71	0.907043
37	113	0.933791
37	163	1.18595
37	167	0.981244
37	172	1.07004
37	174	1.12536
37	176	1.19959
37	180	1.24177
38	9	1.10586
38	30	1.04772
38	59	0.985476
38	60	1.09327
38	62	1.09189
38	66	0.985362
38	69	1.04543
38	72	1.04552
38	92	0.96749
38	124	1.05184
38	139	0.939415
38	162	1.00243
38	167	0.804034
38	177	0.996123
39	21	1.07178
39	32	1.02627
39	33	1.03315
39	55	1.18832
39	64	1.12797
39	68	0.860749
39	71	1.09528
39	99	0.912573
39	160	0.86028
39	164	0.847979
39	171	0.975996
39	172	1.25828
39	175	0.90661
40	1	1.03952
40	13	0.913616
40	44	1.07328
40	47	1.02311
40	61	1.05058
40	65	1.26899
40	78	1.06932
40	98	1.04874
40	155	0.772834
40	163	0.890531
40	164	1.09026
40	167	1.14552
40	168	0.892415
40	169	0.887622
41	102	0.942216
41	110	1.01051
41	127	1.04531
41	132	1.04497
41	143	1.04004
41	145	1.06673
41	147	1.07519
41	148	0.90392
41	150	1.06765
41	153	1.05107
41	163	0.973079
41	169	0.97017
41	173	1.01031
41	177	0.960459
42	25	1.00345
42	50	1.03266
42	73	1.02228
42	86	1.04664
42	87	1.04663
42	88	1.04667
42	90	1.1013
42	128	0.95744
42	159	0.969942
42	161	1.10303
42	170	0.848116
42	176	0.982304
42	179	0.978782
42	180	1.02448
43	80	0.912904
43	83	0.955863
43	94	0.882397
43	95	0.967063
43	97	0.932291
43	100	0.966987
43	119	1.19708
43	149	0.930304
43	151	0.896413
43	155	1.12534
43	160	0.958967
43	167	1.03833
43	170	1.12249
43	179	1.25315
44	13	0.906692
44	40	1.07328
44	47	1.01618
44	57	1.08459
44	61	1.04366
44	78	1.06239
44	155	0.84885
44	158	0.947939
44	164	1.08334
44	166	0.958529
44	167	1.1386
44	173	1.00378
44	176	0.980184
44	180	1.02236
45	4	0.947195
45	5	0.929404
45	16	0.882785
45	26	0.931692
45	56	0.864766
45	63	0.931194
45	77	0.948182
45	113	0.918752
45	152	1.22251
45	160	1.04867
45	166	1.15121
45	174	1.09863
45	178	1.04604
45	180	1.21504
46	80	0.97957
46	83	1.02253
46	94	0.949064
46	95	1.03373
46	97	0.998958
46	99	0.969143
46	100	1.03365
46	149	0.996971
46	151	0.963079
46	160	1.02563
46	162	1.02108
46	165	1.09821
46	168	1.02928
46	175	0.963179
46	180	1.08321
47	13	0.856521
47	40	1.02311
47	44	1.01618
47	57	1.03442
47	61	0.993488
47	78	1.01222
47	117	0.94961
47	128	1.01483
47	138	1.162
47	164	1.03316
47	167	1.08843
47	168	1.02794
47	170	0.905507
47	177	1.01344
47	179	1.03617
48	8	1.03506
48	12	0.898054
48	31	1.06928
48	49	1.00669
48	74	0.975361
48	124	1.10471
48	138	0.918603
48	141	1.03155
48	142	1.00834
48	148	0.992453
48	160	0.951062
48	170	1.05873
48	171	1.06678
48	175	0.997391
48	177	1.04899
49	8	1.03485
49	10	0.968494
49	12	0.897842
49	31	1.06907
49	48	1.00669
49	74	0.975149
49	112	1.11945
49	138	0.918392
49	141	1.03134
49	142	1.00812
49	164	0.963506
49	170	1.05852
49	173	1.12359
49	178	0.863411
49	179	1.09647
50	28	0.956584
50	42	1.03266
50	73	0.960618
50	86	0.984975
50	87	0.984965
50	88	0.985007
50	90	1.03964
50	112	1.06536
50	141	1.0136
50	148	0.963115
50	159	1.03355
50	161	1.04137
50	168	1.03416
50	169	1.02937
50	171	1.03744
51	24	0.959987
51	33	1.08106
51	97	0.981778
51	121	0.956235
51	127	0.969368
51	130	0.95239
51	136	1.00683
51	140	0.95854
51	155	1.05852
51	170	1.06595
51	175	1.01735
51	176	0.981835
51	177	0.991936
51	179	0.965387
51	180	0.954858
52	15	0.965889
52	79	0.923404
52	85	0.973776
52	101	0.95972
52	105	0.959677
52	120	1.16823
52	135	1.00383
52	149	0.973937
52	152	0.917848
52	157	0.975013
52	158	1.17198
52	166	0.950137
52	167	0.985875
52	172	0.979029
52	174	1.12999
52	175	1.12636
53	101	0.968901
53	103	0.961779
53	105	0.968858
53	106	0.961756
53	111	0.928186
53	114	0.971021
53	116	0.970985
53	136	1.09267
53	137	1.17223
53	152	0.927029
53	157	0.984194
53	160	1.05039
53	166	0.959318
53	169	1.15803
53	177	1.14832
53	178	0.937995
54	35	0.964277
54	76	1.01314
54	103	1.05216
54	106	1.05213
54	107	1.17794
54	109	1.08998
54	111	1.01856
54	114	1.0614
54	116	1.06136
54	138	1.0338
54	146	0.894464
54	154	0.910838
54	157	1.07457
54	162	0.891547
54	165	0.968672
54	168	0.899747
55	21	1.02565
55	32	0.980135
55	33	0.987012
55	37	1.00008
55	39	1.18832
55	64	1.08184
55	71	1.04915
55	113	1.0759
55	115	0.875612
55	146	0.921825
55	152	0.988516
55	154	0.938199
55	163	0.925224
55	172	1.21214
55	173	0.962455
55	180	0.981037
56	2	0.964145
56	4	0.984064
56	16	0.919654
56	24	0.906493
56	26	0.968562
56	45	0.864766
56	63	0.968063
56	77	0.985051
56	102	1.14236
56	113	0.955621
56	164	1.05037
56	167	0.968513
56	170	1.05267
56	177	1.1606
56	178	1.08291
56	179	1.18334
57	1	1.05083
57	14	1.01653
57	44	1.08459
57	47	1.03442
57	61	1.0619
57	78	1.08064
57	96	0.889182
57	117	1.01802
57	137	1.03517
57	148	0.954722
57	164	1.10158
57	167	1.15684
57	170	0.90333
57	172	0.812325
57	175	0.95966
57	179	1.034
58	98	1.13103
58	122	0.978464
58	129	1.05954
58	131	1.00852
58	133	1.00627
58	143	1.00735
58	144	1.01267
58	145	1.03403
58	147	1.04249
58	150	1.03496
58	152	1.03611
58	153	1.01837
58	155	0.855125
58	165	1.04363
58	168	0.974705
58	176	0.986458
58	177	0.960201
59	7	0.971107
59	9	0.959123
59	27	0.902527
59	30	0.900985
59	38	0.985476
59	60	0.946535
59	62	0.945156
59	66	0.838623
59	69	0.898688
59	72	0.898778
59	120	1.18771
59	135	0.95291
59	158	1.19145
59	162	1.20374
59	173	1.24729
59	175	1.14584
59	178	0.987112
60	9	1.06692
60	19	1.1515
60	27	1.01033
60	30	1.00878
60	38	1.09327
60	59	0.946535
60	62	1.05295
60	66	0.946422
60	69	1.00649
60	72	1.00658
60	123	0.987282
60	135	1.06071
60	137	0.896822
60	161	1.25938
60	168	0.887417
60	174	0.824939
60	176	0.89917
61	13	0.883999
61	14	0.975596
61	40	1.05058
61	44	1.04366
61	47	0.993488
61	57	1.0619
61	78	1.0397
61	117	0.977088
61	124	1.04549
61	138	1.13833
61	148	0.933236
61	155	0.884699
61	162	0.996079
61	164	1.06064
61	167	1.11591
61	169	0.999487
61	177	0.989775
62	7	1.07753
62	27	1.00895
62	30	1.0074
62	38	1.09189
62	59	0.945156
62	60	1.05295
62	66	0.945042
62	69	1.00511
62	72	1.0052
62	89	0.915826
62	135	1.05933
62	136	1.00921
62	140	1.12901
62	152	1.14077
62	155	0.959782
62	160	0.966928
62	172	0.865923
63	4	1.05049
63	5	1.0327
63	16	0.986082
63	24	0.972922
63	26	1.03499
63	45	0.931194
63	56	0.968063
63	77	1.05148
63	113	1.02205
63	128	1.03016
63	156	1.00985
63	165	1.1122
63	166	1.03337
63	167	0.836681
63	170	0.92084
63	171	1.04656
63	178	1.14934
64	3	1.06578
64	21	0.965302
64	32	0.919791
64	35	0.943043
64	37	0.939735
64	39	1.12797
64	55	1.08184
64	71	0.988803
64	113	1.01555
64	139	0.990963
64	160	0.949741
64	168	1.06218
64	170	0.939741
64	172	1.1518
64	174	0.999697
64	175	0.996071
64	177	1.04767
65	40	1.26899
65	75	1.26457
65	103	1.38662
65	105	1.43429
65	109	1.33528
65	137	0.854232
65	162	0.845119
65	165	0.831377
65	166	0.853794
65	169	0.853676
65	171	0.854265
65	174	0.879802
65	175	0.880627
65	176	0.845109
65	177	0.85521
65	179	0.828661
65	180	0.818132
66	7	0.970993
66	9	0.959009
66	27	0.902413
66	30	0.900871
66	38	0.985362
66	59	0.838623
66	60	0.946422
66	62	0.945042
66	69	0.898574
66	72	0.898664
66	117	1.17345
66	123	1.29369
66	135	0.952796
66	163	1.19194
66	165	1.26275
66	170	1.07139
66	178	0.968993
67	10	0.917294
67	74	0.990995
67	98	1.19337
67	129	1.05731
67	138	0.934238
67	139	0.965829
67	141	1.04719
67	142	1.02397
67	143	1.00512
67	144	1.01044
67	147	1.04026
67	153	1.01614
67	163	1.03516
67	170	1.07437
67	172	0.823602
67	174	0.974563
67	176	1.04879
68	4	0.964127
68	9	0.959063
68	15	1.01361
68	39	0.860749
68	133	0.986767
68	139	1.04554
68	144	0.958888
68	153	0.974834
68	162	1.0143
68	163	1.02703
68	173	0.991584
68	174	1.04898
68	175	1.04981
68	176	1.01429
68	177	1.02439
68	179	0.997841
68	180	0.987311
69	7	1.03106
69	9	1.01907
69	27	0.962478
69	30	0.960935
69	38	1.04543
69	59	0.898688
69	60	1.00649
69	62	1.00511
69	66	0.898574
69	72	0.958729
69	84	0.990157
69	135	1.01286
69	152	1.13825
69	165	1.14577
69	171	1.08012
69	172	0.863402
69	176	1.08859
69	179	1.08507
70	74	1.05883
70	89	0.83106
70	109	1.10706
70	111	1.03564
70	114	1.07848
70	115	0.9431
70	116	1.07844
70	138	1.00207
70	141	1.11502
70	142	1.09181
70	155	0.875016
70	157	1.09165
70	160	0.882163
70	162	0.986397
70	164	0.869862
70	170	1.14221
70	177	0.980093
70	180	1.04853
71	3	1.03309
71	21	0.93261
71	32	0.887099
71	33	0.893976
71	35	0.910351
71	37	0.907043
71	39	1.09528
71	55	1.04915
71	64	0.988803
71	113	0.982859
71	165	1.14805
71	167	0.872536
71	168	1.07913
71	169	1.07434
71	172	1.11911
71	173	1.11448
71	175	1.01302
71	179	1.08736
72	7	1.03115
72	9	1.01916
72	27	0.962568
72	30	0.961026
72	38	1.04552
72	59	0.898778
72	60	1.00658
72	62	1.0052
72	66	0.898664
72	69	0.958729
72	135	1.01295
72	136	1.0338
72	138	1.23801
72	139	1.03274
72	155	0.984375
72	172	0.890516
72	176	1.11571
72	177	1.08945
73	20	0.941667
73	23	0.940006
73	28	0.946205
73	42	1.02228
73	50	0.960618
73	86	0.974595
73	87	0.974586
73	88	0.974628
73	90	1.02926
73	112	1.15298
73	115	1.07028
73	139	1.05057
73	141	1.00322
73	156	1.08835
73	161	1.03099
73	162	1.11358
73	167	0.915188
73	170	0.999346
74	8	1.00352
74	12	0.866515
74	18	0.872306
74	31	1.03774
74	48	0.975361
74	49	0.975149
74	67	0.990995
74	70	1.05883
74	89	0.982584
74	93	0.967232
74	123	1.24599
74	138	0.887064
74	139	1.07491
74	141	1.00001
74	142	0.976797
74	170	1.02719
74	174	1.08364
74	177	1.13162
75	65	1.26457
75	76	1.01314
75	103	1.05216
75	106	1.05213
75	107	1.17794
75	109	1.08998
75	111	1.01856
75	114	1.0614
75	116	1.06136
75	117	0.867629
75	119	0.84016
75	157	1.07457
75	163	0.886118
75	165	0.956927
75	166	0.8781
75	177	0.873497
76	54	1.01314
76	75	1.01314
76	103	0.925611
76	106	0.925588
76	107	1.05139
76	108	1.10738
76	109	0.963434
76	111	0.892018
76	114	0.934853
76	116	0.934817
76	148	1.03973
76	157	0.948026
76	162	1.10257
76	168	1.11077
76	169	1.10598
76	177	1.09627
77	2	1.04756
77	4	1.06748
77	5	1.04969
77	16	1.00307
77	24	0.98991
77	26	1.05198
77	45	0.948182
77	56	0.985051
77	63	1.05148
77	113	1.03904
77	148	0.958702
77	165	1.09867
77	167	0.823151
77	169	1.02495
77	172	0.816305
77	174	0.967266
77	176	1.0415
77	178	1.16632
77	180	1.08367
78	1	1.02863
78	13	0.902733
78	14	0.99433
78	40	1.06932
78	44	1.06239
78	47	1.01222
78	57	1.08064
78	61	1.0397
78	96	0.88645
78	117	0.995821
78	128	1.00992
78	136	0.952878
78	138	1.15709
78	164	1.07938
78	167	1.13464
78	172	0.809594
78	174	0.960554
78	177	1.00853
78	179	1.03126
79	15	0.948723
79	22	0.933934
79	34	1.01958
79	52	0.923404
79	84	1.05472
79	85	0.95661
79	101	0.942555
79	105	0.942511
79	112	1.17261
79	119	1.09356
79	135	0.98666
79	138	1.27546
79	149	0.956771
79	152	0.900683
79	156	1.10798
79	157	0.957847
79	166	0.932971
79	173	1.17675
79	178	0.916574
80	36	1.03222
80	43	0.912904
80	46	0.97957
80	82	1.11292
80	83	1.01546
80	92	1.01286
80	94	0.941997
80	95	1.02666
80	97	0.991891
80	100	1.02659
80	139	0.984784
80	148	0.984954
80	149	0.989904
80	151	0.956012
80	160	1.01857
80	169	1.0512
80	171	1.05928
80	173	1.09134
80	175	0.989892
80	177	1.04149
81	93	0.890469
81	98	1.22568
81	99	1.00922
81	121	1.0314
81	127	0.990806
81	130	1.00767
81	131	0.986711
81	132	0.990468
81	133	0.984464
81	134	0.986504
81	136	0.999203
81	137	1.07876
81	143	0.985542
81	145	1.01223
81	147	1.02069
81	150	1.01315
81	153	0.996566
81	158	1.04887
81	172	0.855918
81	173	1.1047
82	80	1.11292
82	83	1.15588
82	94	1.08242
82	95	1.16708
82	97	1.13231
82	100	1.16701
82	120	0.85883
82	149	1.13032
82	151	1.09643
82	154	0.894156
82	160	1.15899
82	163	0.881182
82	165	0.951991
82	168	0.883065
82	170	0.760631
82	173	0.918412
82	177	0.868561
83	43	0.955863
83	46	1.02253
83	80	1.01546
83	82	1.15588
83	94	0.984956
83	95	1.06962
83	97	1.03485
83	100	1.06955
83	115	0.947014
83	120	0.974276
83	136	0.928356
83	140	1.04816
83	149	1.03286
83	151	0.998971
83	159	0.997902
83	160	1.06153
83	163	0.996627
83	169	0.993718
83	175	0.932406
84	33	1.1068
84	69	0.990157
84	79	1.05472
84	126	0.985279
84	131	0.936927
84	141	0.962393
84	148	1.02378
84	150	0.942219
84	158	0.987218
84	161	0.889755
84	166	0.988356
84	171	0.988827
84	173	0.956967
84	174	1.01436
84	175	1.01519
84	176	0.979672
84	177	0.989773
84	178	1.14059
84	179	0.963224
84	180	0.952694
85	11	1.04404
85	22	0.984307
85	34	1.06995
85	52	0.973776
85	79	0.95661
85	93	0.840701
85	101	0.992927
85	105	0.992884
85	124	1.0608
85	125	0.975233
85	128	1.00648
85	131	1.43872
85	135	1.03703
85	149	1.00714
85	152	0.951055
85	157	1.00822
85	166	0.983343
85	172	0.806151
85	176	1.03134
85	177	1.00509
86	20	0.966024
86	23	0.964363
86	25	0.955767
86	28	0.970561
86	42	1.04664
86	50	0.984975
86	73	0.974595
86	87	0.998943
86	88	0.998985
86	90	1.05362
86	125	1.00341
86	141	1.02758
86	146	1.04248
86	154	1.05885
86	160	0.935328
86	161	1.05535
86	166	1.03786
86	175	0.981657
86	176	1.05951
86	180	1.10169
87	20	0.966015
87	23	0.964354
87	25	0.955758
87	28	0.970552
87	42	1.04663
87	50	0.984965
87	73	0.974586
87	86	0.998943
87	88	0.998976
87	90	1.05361
87	92	1.0579
87	118	1.04559
87	125	1.05668
87	141	1.02757
87	146	1.09575
87	161	1.05534
87	166	1.09113
87	172	0.887593
87	178	0.876202
87	179	1.10926
88	20	0.966057
88	23	0.964396
88	25	0.955799
88	28	0.970594
88	42	1.04667
88	50	0.985007
88	73	0.974628
88	86	0.998985
88	87	0.998976
88	90	1.05365
88	118	1.03738
88	120	1.06858
88	141	1.02761
88	148	1.02178
88	161	1.05538
88	162	1.08462
88	164	0.968084
88	169	1.08803
88	177	1.07831
88	178	0.867988
89	23	0.97643
89	30	0.944397
89	62	0.915826
89	70	0.83106
89	74	0.982584
89	93	1.10916
89	132	0.924363
89	134	0.943194
89	135	0.895019
89	143	0.877226
89	163	1.03673
89	165	1.01026
89	168	1.04413
89	171	1.03315
89	174	1.05869
89	175	1.05951
89	176	1.02399
89	177	1.03409
89	178	1.18492
89	179	1.00755
89	180	0.997016
90	20	1.02069
90	23	1.01903
90	25	1.01043
90	28	1.02522
90	42	1.1013
90	50	1.03964
90	73	1.02926
90	86	1.05362
90	87	1.05361
90	88	1.05365
90	124	1.02255
90	139	0.910126
90	141	1.08224
90	146	0.976055
90	159	0.980729
90	161	1.11001
90	163	0.979454
90	165	1.05026
90	166	0.971436
90	171	0.98462
90	172	0.767899
91	108	1.02309
91	119	0.978639
91	120	1.03681
91	122	1.01696
91	127	1.05111
91	131	1.04702
91	133	1.04477
91	134	1.04681
91	143	1.04585
91	145	1.07253
91	146	1.0212
91	147	1.08099
91	150	1.07346
91	151	1.02958
91	153	1.05687
91	155	0.9069
91	170	0.904046
91	174	0.964002
91	177	1.01198
91	178	0.80165
91	179	1.03471
92	27	1.05625
92	38	0.96749
92	80	1.01286
92	87	1.0579
92	94	1.06285
92	122	1.08311
92	134	1.06359
92	139	0.988075
92	150	0.985766
92	159	0.958274
92	162	0.956831
92	168	0.976954
92	170	1.04094
92	171	0.965977
92	173	0.934117
92	174	0.991514
92	175	0.992339
92	176	0.956821
92	177	0.966922
92	179	0.940373
92	180	0.929844
93	13	1.11206
93	31	0.815026
93	74	0.967232
93	81	0.890469
93	85	0.840701
93	89	1.10916
93	105	0.878828
93	110	0.955314
93	121	0.889765
93	122	0.94736
93	158	1.03505
93	163	1.04024
93	167	1.16176
93	168	1.04763
93	173	1.0048
93	174	1.06219
93	175	1.06302
93	176	1.0275
93	177	1.0376
93	179	1.01105
93	180	1.00052
94	29	0.932259
94	36	1.00172
94	43	0.882397
94	46	0.949064
94	80	0.941997
94	82	1.08242
94	83	0.984956
94	92	1.06285
94	95	0.996157
94	97	0.961385
94	100	0.996081
94	120	1.08175
94	149	0.959397
94	151	0.925506
94	160	0.988061
94	171	1.10927
94	173	1.14134
94	175	1.03988
94	178	0.881159
94	179	1.11422
94	180	1.15992
95	36	1.08638
95	43	0.967063
95	46	1.03373
95	80	1.02666
95	82	1.16708
95	83	1.06962
95	94	0.996157
95	97	1.04605
95	100	1.08075
95	112	1.03515
95	149	1.04406
95	151	1.01017
95	158	0.983457
95	160	1.07273
95	169	0.999156
95	170	0.881514
95	172	0.79051
95	174	0.94147
95	175	0.937844
95	176	1.0157
95	180	1.05788
96	57	0.889182
96	78	0.88645
96	116	0.894412
96	117	1.0423
96	129	0.887608
96	133	0.96215
96	144	0.934272
96	147	0.892358
96	149	0.910179
96	153	0.950218
96	163	1.0596
96	165	1.03313
96	168	1.067
96	169	1.05543
96	173	1.02416
96	174	1.08156
96	175	1.08238
96	176	1.04686
96	177	1.05696
96	179	1.03041
96	180	1.01989
97	18	0.820382
97	29	0.982153
97	36	1.05161
97	43	0.932291
97	46	0.998958
97	51	0.981778
97	80	0.991891
97	82	1.13231
97	83	1.03485
97	94	0.961385
97	95	1.04605
97	100	1.04598
97	137	1.1036
97	139	1.02298
97	146	1.08891
97	148	1.02315
97	149	1.00929
97	151	0.9754
97	159	1.09359
97	160	1.03795
97	164	0.969461
97	172	0.880758
98	40	1.04874
98	58	1.13103
98	67	1.19337
98	81	1.22568
98	108	0.882551
98	113	1.17519
98	122	1.28258
98	134	1.26306
98	146	0.899285
98	156	0.901641
98	163	0.891155
98	167	1.01268
98	169	0.886986
98	170	0.962536
98	173	0.855714
98	174	0.913111
98	175	0.913936
98	176	0.878419
98	177	0.88852
98	179	0.861971
98	180	0.851441
99	7	0.897398
99	11	0.920843
99	39	0.912573
99	46	0.969143
99	81	1.00922
99	127	1.02165
99	129	0.96405
99	140	0.983644
99	150	0.968762
99	153	1.02666
99	155	1.08362
99	159	1.00839
99	163	1.01967
99	168	1.02707
99	171	1.01609
99	173	0.984234
99	174	1.04163
99	175	1.04246
99	176	1.00694
99	177	1.01704
99	179	0.990491
99	180	0.979961
100	35	1.04331
100	36	1.08631
100	43	0.966987
100	46	1.03365
100	80	1.02659
100	82	1.16701
100	83	1.06955
100	94	0.996081
100	95	1.08075
100	97	1.04598
100	102	0.946036
100	137	0.988187
100	149	1.04399
100	151	1.0101
100	155	0.859202
100	160	1.07265
100	165	1.04771
100	169	0.97399
100	170	0.856348
100	171	0.982065
100	174	0.916305
101	11	1.02998
101	15	0.98504
101	22	0.970251
101	34	1.0559
101	52	0.95972
101	53	0.968901
101	79	0.942555
101	85	0.992927
101	105	0.978828
101	135	1.02298
101	137	1.08449
101	138	1.20914
101	146	1.06981
101	149	0.993088
101	152	0.936999
101	157	0.994164
101	159	1.07448
101	160	0.962654
101	162	1.06689
101	166	0.969288
101	170	0.952654
101	174	1.01261
101	175	1.00898
102	23	1.10722
102	26	0.991928
102	41	0.942216
102	56	1.14236
102	100	0.946036
102	107	0.895796
102	125	1.00577
102	129	0.991443
102	133	1.06599
102	140	0.944303
102	154	0.991267
102	156	0.990821
102	157	1.00767
102	169	0.976165
102	171	0.976753
102	173	0.944893
102	174	1.00229
102	175	1.00312
102	176	0.967598
102	177	0.977699
102	178	1.12852
102	179	0.95115
102	180	0.940621
103	6	1.02238
103	17	0.953896
103	53	0.961779
103	54	1.05216
103	65	1.38662
103	75	1.05216
103	76	0.925611
103	106	0.964603
103	107	1.09041
103	109	1.00245
103	111	0.931034
103	114	0.973868
103	116	0.973832
103	118	0.954606
103	123	0.910343
103	156	0.976619
103	157	0.987041
103	165	1.07897
103	166	1.00015
103	171	1.01333
103	174	0.947569
103	177	0.995543
103	180	1.06398
104	10	0.987938
104	121	1.01272
104	126	0.982698
104	127	0.972126
104	130	0.988991
104	131	0.968031
104	132	0.971788
104	133	0.965784
104	134	0.967824
104	136	1.03753
104	144	0.972185
104	145	0.993547
104	147	1.00201
104	150	0.994469
104	153	0.977886
104	158	1.08719
104	161	1.0367
104	164	0.98295
104	167	0.901093
104	174	1.04521
104	177	1.09318
104	179	1.11592
104	180	1.16161
105	11	1.02994
105	15	0.984997
105	22	0.970208
105	34	1.05585
105	52	0.959677
105	53	0.968858
105	65	1.43429
105	79	0.942511
105	85	0.992884
105	93	0.878828
105	101	0.978828
105	135	1.02293
105	137	1.06712
105	149	0.993044
105	152	0.936956
105	154	1.06881
105	157	0.994121
105	158	1.03722
105	166	0.969244
105	172	0.844277
105	174	0.995238
105	175	0.991612
105	176	1.06947
106	6	1.02236
106	17	0.953873
106	53	0.961756
106	54	1.05213
106	75	1.05213
106	76	0.925588
106	103	0.964603
106	107	1.09038
106	109	1.00243
106	111	0.931011
106	114	0.973845
106	116	0.97381
106	123	0.91032
106	146	1.05785
106	157	0.987018
106	163	1.06124
106	164	0.938393
106	168	1.06313
106	169	1.05834
106	171	1.06641
106	176	1.07488
106	177	1.04862
106	179	1.07136
107	17	1.07968
107	54	1.17794
107	75	1.17794
107	76	1.05139
107	102	0.895796
107	103	1.09041
107	106	1.09038
107	109	1.12823
107	111	1.05681
107	114	1.09965
107	116	1.09961
107	123	1.03612
107	125	0.884187
107	137	0.937948
107	140	0.978189
107	157	1.11282
107	162	0.920343
107	165	0.997469
107	168	0.928543
107	171	0.931826
107	174	0.866065
107	178	0.703713
108	76	1.10738
108	91	1.02309
108	98	0.882551
108	116	1.0276
108	131	1.02022
108	139	0.977721
108	149	1.04337
108	150	1.02551
108	151	1.04307
108	153	1.08341
108	156	0.969689
108	157	1.03702
108	158	0.954013
108	163	0.959203
108	169	0.955034
108	171	0.955622
108	173	0.923762
108	174	0.981159
108	175	0.981984
108	176	0.946467
108	177	0.956568
108	178	1.10739
108	179	0.930019
108	180	0.919489
109	6	1.0602
109	17	0.991719
109	54	1.08998
109	65	1.33528
109	70	1.10706
109	75	1.08998
109	76	0.963434
109	103	1.00245
109	106	1.00243
109	107	1.12823
109	111	0.968857
109	114	1.01169
109	116	1.01166
109	123	0.948166
109	138	1.09277
109	157	1.02486
109	158	0.938219
109	160	0.846276
109	166	0.948809
109	168	0.95871
109	172	0.745271
109	173	0.994057
109	176	0.970463
109	180	1.01264
110	35	1.19873
110	41	1.01051
110	93	0.955314
110	120	0.933487
110	121	0.988381
110	126	0.95836
110	129	0.994716
110	131	0.943692
110	132	0.947449
110	133	0.941446
110	143	0.942523
110	144	0.947846
110	145	0.969208
110	147	0.977668
110	150	0.970131
110	151	0.926253
110	153	0.953547
110	159	1.13359
110	165	1.20313
110	169	1.12941
110	174	1.07172
110	175	1.0681
110	177	1.1197
110	178	0.909372
111	6	0.988788
111	17	0.920304
111	53	0.928186
111	54	1.01856
111	70	1.03564
111	75	1.01856
111	76	0.892018
111	103	0.931034
111	106	0.931011
111	107	1.05681
111	109	0.968857
111	114	0.940276
111	116	0.94024
111	117	1.12807
111	118	1.093
111	123	0.876751
111	128	1.13533
111	136	1.07829
111	155	1.02886
111	157	0.953449
111	159	1.14783
111	166	1.13854
111	167	0.941847
111	171	1.15172
112	2	1.06566
112	22	1.18948
112	49	1.11945
112	50	1.06536
112	73	1.15298
112	79	1.17261
112	95	1.03515
112	143	1.07197
112	146	0.941591
112	154	0.944393
112	156	0.943947
112	157	1.07162
112	159	0.922177
112	163	0.933461
112	165	0.906992
112	166	0.929409
112	171	0.92988
112	172	1.09061
112	173	0.89802
112	174	0.955417
112	175	0.956242
112	176	0.920724
112	177	0.930825
112	179	0.904277
112	180	0.893747
113	2	1.01813
113	21	0.959357
113	24	0.960479
113	32	0.913847
113	33	0.920723
113	37	0.933791
113	45	0.918752
113	55	1.0759
113	56	0.955621
113	63	1.02205
113	64	1.01555
113	71	0.982859
113	77	1.03904
113	98	1.17519
113	123	1.11872
113	137	1.02826
113	154	1.02995
113	163	1.01698
113	167	0.812266
113	171	1.02214
113	172	1.14585
113	173	1.05421
113	174	0.956381
113	178	1.13689
113	179	1.02709
114	6	1.03162
114	17	0.963138
114	18	0.809263
114	53	0.971021
114	54	1.0614
114	70	1.07848
114	75	1.0614
114	76	0.934853
114	103	0.973868
114	106	0.973845
114	107	1.09965
114	109	1.01169
114	111	0.940276
114	116	0.983075
114	123	0.919585
114	136	1.01292
114	138	1.21713
114	157	0.996283
114	158	1.06259
114	160	0.970643
114	162	1.07488
114	168	1.08308
114	175	1.01697
114	178	0.858247
114	180	1.13701
115	5	0.974619
115	6	0.949217
115	28	1.05501
115	33	1.14199
115	55	0.875612
115	70	0.9431
115	73	1.07028
115	83	0.947014
115	132	1.0364
115	140	0.959581
115	145	0.951425
115	148	1.02699
115	154	1.00654
115	162	0.982886
115	163	0.995613
115	165	0.969144
115	169	0.991444
115	171	0.992032
115	174	1.01757
115	175	1.01839
115	176	0.982876
115	177	0.992977
115	178	1.1438
115	179	0.966428
115	180	0.955899
116	6	1.03159
116	17	0.963103
116	53	0.970985
116	54	1.06136
116	70	1.07844
116	75	1.06136
116	76	0.934817
116	96	0.894412
116	103	0.973832
116	106	0.97381
116	107	1.09961
116	108	1.0276
116	109	1.01166
116	111	0.94024
116	114	0.983075
116	117	1.01062
116	120	1.00676
116	123	0.91955
116	157	0.996248
116	158	1.0105
116	171	1.03428
116	173	1.06634
116	176	1.04275
116	179	1.03923
116	180	1.08492
117	1	0.966021
117	11	0.960612
117	14	0.931718
117	16	1.07852
117	34	1.01767
117	47	0.94961
117	57	1.01802
117	61	0.977088
117	66	1.17345
117	75	0.867629
117	78	0.995821
117	96	1.0423
117	111	1.12807
117	116	1.01062
117	141	1.02871
117	149	1.02639
117	151	1.02609
117	164	1.01676
117	167	1.07203
117	168	0.957905
117	169	0.946339
117	174	0.972465
117	175	0.97329
117	177	0.947873
117	179	0.921324
117	180	0.910795
118	23	1.08452
118	27	1.04395
118	87	1.04559
118	88	1.03738
118	103	0.954606
118	111	1.093
118	126	1.01652
118	128	0.975831
118	134	1.05129
118	140	0.936104
118	146	0.980265
118	148	1.00351
118	150	0.973461
118	151	0.991019
118	162	0.959409
118	163	0.972135
118	165	0.945666
118	168	0.979531
118	173	0.936694
118	174	0.994091
118	175	0.994916
118	176	0.959398
118	177	0.969499
118	178	1.12032
118	179	0.942951
118	180	0.932421
119	43	1.19708
119	75	0.84016
119	79	1.09356
119	91	0.978639
119	133	1.05089
119	139	1.00266
119	140	0.948106
119	142	0.98998
119	143	0.992922
119	145	0.95508
119	147	0.981099
119	148	1.01551
119	151	0.99862
119	156	0.994624
119	158	0.978947
119	159	0.972854
119	161	0.928598
119	162	0.971411
119	168	0.991534
119	169	0.979968
119	173	0.948697
119	174	1.00609
119	175	1.00692
119	176	0.971401
119	177	0.981502
119	178	1.13232
119	179	0.954953
119	180	0.944424
120	2	1.01022
120	4	1.05186
120	32	1.13958
120	52	1.16823
120	59	1.18771
120	82	0.85883
120	83	0.974276
120	88	1.06858
120	91	1.03681
120	94	1.08175
120	110	0.933487
120	116	1.00676
120	134	0.963989
120	141	1.02484
120	144	0.968349
120	147	0.998171
120	148	0.992274
120	150	0.990634
120	151	0.946756
120	153	0.974051
120	161	1.03286
120	165	0.93443
120	171	0.957318
120	173	0.925458
120	175	0.98368
120	176	0.948162
120	177	0.958264
120	179	0.931715
120	180	0.921185
121	36	1.3672
121	51	0.956235
121	81	1.0314
121	93	0.889765
121	104	1.01272
121	110	0.988381
121	122	0.989035
121	123	1.16852
121	126	1.03376
121	130	1.04005
121	132	1.02285
121	133	1.01684
121	134	1.01888
121	139	0.997441
121	142	1.03677
121	143	1.01792
121	144	1.02324
121	145	1.0446
121	147	1.05306
121	148	0.997611
121	150	1.04553
121	151	1.00165
121	153	1.02894
121	155	0.949073
121	164	0.943918
121	167	0.862061
121	172	0.855214
121	174	1.00618
121	178	0.843823
122	58	0.978464
122	91	1.01696
122	92	1.08311
122	93	0.94736
122	98	1.28258
122	121	0.989035
122	126	0.959014
122	127	0.948441
122	129	0.99537
122	131	0.944346
122	132	0.948104
122	133	0.9421
122	134	0.944139
122	142	0.962032
122	143	0.943177
122	144	0.9485
122	145	0.969862
122	147	0.978322
122	150	0.970785
122	153	0.954201
122	161	1.01302
122	166	1.11635
122	171	1.12953
122	172	0.91281
122	174	1.06377
122	175	1.06014
122	176	1.138
122	178	0.901419
122	180	1.18018
123	7	1.0574
123	60	0.987282
123	66	1.29369
123	74	1.24599
123	103	0.910343
123	106	0.91032
123	107	1.03612
123	109	0.948166
123	111	0.876751
123	113	1.11872
123	114	0.919585
123	116	0.91955
123	121	1.16852
123	133	1.1986
123	137	0.90832
123	138	0.843184
123	144	1.17072
123	145	1.10279
123	151	1.14633
123	157	0.932758
123	164	0.978189
123	171	0.908353
123	173	0.876493
123	174	0.93389
123	175	0.934715
123	176	0.899197
123	177	0.909298
123	179	0.882749
123	180	0.87222
124	29	1.08879
124	30	1.14915
124	38	1.05184
124	48	1.10471
124	61	1.04549
124	85	1.0608
124	90	1.02255
124	128	0.939066
124	132	1.12911
124	140	0.899339
124	142	1.07904
124	149	1.08798
124	150	1.07012
124	156	0.945856
124	158	0.930179
124	159	0.924086
124	162	0.922644
124	163	0.93537
124	168	0.942766
124	169	0.931201
124	170	1.00675
124	171	0.931789
124	172	1.09252
124	173	0.899929
124	174	0.957326
124	176	0.922633
124	177	0.932734
124	178	1.08356
124	179	0.906186
124	180	0.895656
125	6	0.956356
125	25	1.02027
125	85	0.975233
125	86	1.00341
125	87	1.05668
125	102	1.00577
125	107	0.884187
125	129	0.979834
125	135	1.0142
125	137	0.989629
125	143	0.996406
125	145	0.958565
125	147	0.984584
125	149	1.0024
125	154	1.00418
125	158	0.988053
125	159	0.981959
125	162	0.980517
125	165	0.966774
125	168	1.00064
125	170	1.06462
125	171	0.989662
125	172	1.15039
125	173	0.957802
125	174	1.0152
125	175	1.01602
125	176	0.980507
125	177	0.990608
125	179	0.964059
125	180	0.953529
126	84	0.985279
126	104	0.982698
126	110	0.95836
126	118	1.01652
126	121	1.03376
126	122	0.959014
126	127	0.993163
126	129	1.04009
126	130	1.01003
126	131	0.989068
126	133	0.986821
126	134	0.988861
126	140	1.12161
126	143	0.987899
126	144	0.993222
126	145	1.01458
126	147	1.02304
126	150	1.01551
126	151	0.971628
126	152	1.13337
126	153	0.998923
126	156	1.03854
126	160	0.959529
126	161	1.05774
126	166	1.06206
126	170	0.949529
126	172	0.858524
126	175	1.00586
126	177	1.05746
126	179	1.0802
127	41	1.04531
127	51	0.969368
127	81	0.990806
127	91	1.05111
127	99	1.02165
127	104	0.972126
127	122	0.948441
127	126	0.993163
127	128	1.06868
127	129	1.02952
127	130	0.999455
127	131	0.978495
127	132	0.982252
127	142	0.996181
127	143	0.977326
127	144	0.982649
127	145	1.00401
127	147	1.01247
127	150	1.00493
127	152	1.14319
127	153	0.98835
127	155	0.962207
127	161	1.04716
127	163	1.0799
127	169	1.07699
127	171	1.08507
127	172	0.868348
127	173	1.11713
127	174	1.01931
127	178	0.856957
128	26	1.01156
128	42	0.95744
128	47	1.01483
128	63	1.03016
128	78	1.00992
128	85	1.00648
128	111	1.13533
128	118	0.975831
128	124	0.939066
128	127	1.06868
128	139	0.990021
128	141	1.03597
128	142	1.02471
128	146	0.979633
128	149	1.03365
128	155	1.03545
128	156	0.98199
128	159	0.960219
128	161	0.963329
128	163	0.971503
128	165	0.945035
128	168	0.9789
128	169	0.967334
128	171	0.967922
128	174	0.993459
128	175	0.994284
128	176	0.958767
128	177	0.968868
128	178	1.11969
128	179	0.942319
128	180	0.93179
129	58	1.05954
129	67	1.05731
129	96	0.887608
129	99	0.96405
129	102	0.991443
129	110	0.994716
129	122	0.99537
129	125	0.979834
129	126	1.04009
129	127	1.02952
129	130	1.04638
129	131	1.02542
129	132	1.02918
129	133	1.02318
129	134	1.02522
129	142	1.04311
129	144	1.02958
129	145	1.05094
129	147	1.0594
129	150	1.05186
129	151	1.00798
129	153	1.03528
129	156	0.990762
129	160	0.911756
129	164	0.899455
129	165	1.09312
129	167	0.817598
129	171	1.02747
129	176	1.03594
129	177	1.00969
129	179	1.03242
130	51	0.95239
130	81	1.00767
130	104	0.988991
130	121	1.04005
130	126	1.01003
130	127	0.999455
130	129	1.04638
130	131	0.995361
130	132	0.999118
130	133	0.993114
130	134	0.995154
130	142	1.01305
130	143	0.994191
130	144	0.999514
130	145	1.02088
130	147	1.02934
130	150	1.0218
130	151	0.977921
130	152	1.12622
130	153	1.00522
130	156	1.03138
130	161	1.06403
130	167	0.858216
130	168	1.06481
130	169	1.06002
130	170	0.942374
130	174	1.00233
130	175	0.998705
130	176	1.07656
130	177	1.05031
130	178	0.839979
130	180	1.11874
131	58	1.00852
131	81	0.986711
131	84	0.936927
131	85	1.43872
131	91	1.04702
131	104	0.968031
131	108	1.02022
131	110	0.943692
131	122	0.944346
131	126	0.989068
131	127	0.978495
131	129	1.02542
131	130	0.995361
131	132	0.978158
131	133	0.972154
131	134	0.974193
131	138	1.15767
131	140	1.07326
131	143	0.973231
131	144	0.978554
131	145	0.999916
131	146	1.01833
131	147	1.00838
131	150	1.00084
131	153	0.984255
131	156	0.990183
131	158	1.00312
131	161	1.04307
131	162	1.01541
131	168	1.02361
131	175	0.957507
131	176	1.03536
131	178	0.798781
132	29	0.967471
132	41	1.04497
132	81	0.990468
132	89	0.924363
132	104	0.971788
132	110	0.947449
132	115	1.0364
132	121	1.02285
132	122	0.948104
132	124	1.12911
132	127	0.982252
132	129	1.02918
132	130	0.999118
132	131	0.978158
132	133	0.975911
132	134	0.977951
132	140	1.13754
132	143	0.976989
132	144	0.982311
132	145	1.00367
132	146	1.08262
132	148	1.01686
132	150	1.0046
132	151	0.960718
132	153	0.988013
132	154	1.09899
132	158	1.06741
132	161	1.04683
132	162	1.0797
132	166	1.078
132	167	0.881306
132	177	1.0734
132	178	0.863069
133	58	1.00627
133	68	0.986767
133	81	0.984464
133	91	1.04477
133	96	0.96215
133	102	1.06599
133	104	0.965784
133	110	0.941446
133	119	1.05089
133	121	1.01684
133	122	0.9421
133	123	1.1986
133	126	0.986821
133	129	1.02318
133	130	0.993114
133	131	0.972154
133	132	0.975911
133	134	0.971947
133	143	0.970985
133	144	0.976308
133	145	0.99767
133	147	1.00613
133	150	0.998592
133	153	0.982009
133	156	1.0653
133	158	1.07824
133	160	0.986298
133	161	1.04082
133	167	0.89214
133	173	1.13408
133	174	1.03625
133	177	1.08423
133	178	0.873902
134	18	0.832916
134	81	0.986504
134	89	0.943194
134	91	1.04681
134	92	1.06359
134	98	1.26306
134	104	0.967824
134	118	1.05129
134	120	0.963989
134	121	1.01888
134	122	0.944139
134	126	0.988861
134	129	1.02522
134	130	0.995154
134	131	0.974193
134	132	0.977951
134	133	0.971947
134	142	0.991879
134	143	0.973024
134	144	0.978347
134	147	1.00817
134	150	1.00063
134	151	0.956754
134	153	0.984048
134	161	1.04286
134	164	0.981995
134	172	0.893291
134	173	1.14208
134	174	1.04425
134	175	1.04063
134	178	0.8819
134	179	1.11496
134	180	1.16066
135	7	1.08528
135	9	1.0733
135	10	0.938808
135	22	1.01436
135	27	1.0167
135	30	1.01516
135	52	1.00383
135	59	0.95291
135	60	1.06071
135	62	1.05933
135	66	0.952796
135	69	1.01286
135	72	1.01295
135	79	0.98666
135	85	1.03703
135	89	0.895019
135	101	1.02298
135	105	1.02293
135	125	1.0142
135	149	1.03719
135	152	0.981105
135	156	1.02513
135	157	1.03827
135	160	0.946121
135	164	0.93382
135	166	1.01339
135	168	1.05856
135	170	0.936121
135	173	1.0939
135	175	0.992451
135	176	1.07031
135	177	1.04405
135	178	0.833725
135	180	1.11248
136	18	1.14252
136	26	0.95452
136	32	1.09366
136	36	0.832871
136	51	1.00683
136	53	1.09267
136	62	1.00921
136	72	1.0338
136	78	0.952878
136	81	0.999203
136	83	0.928356
136	104	1.03753
136	111	1.07829
136	114	1.01292
136	139	0.998579
136	147	0.958786
136	150	0.958748
136	155	1.04401
136	158	0.974871
136	159	0.968777
136	162	0.967335
136	163	0.980061
136	164	1.04632
136	165	0.953592
136	169	0.975892
136	170	1.05144
136	171	0.97648
136	173	0.94462
136	174	1.00202
136	175	1.00284
136	176	0.967325
136	177	0.977426
136	178	1.12825
136	179	0.950877
136	180	0.940348
137	34	1.04745
137	53	1.17223
137	57	1.03517
137	60	0.896822
137	65	0.854232
137	81	1.07876
137	97	1.1036
137	100	0.988187
137	101	1.08449
137	105	1.06712
137	107	0.937948
137	113	1.02826
137	123	0.90832
137	125	0.989629
137	151	1.05587
137	154	0.975125
137	155	1.02814
