1	75	0.681766
1	106	3.66579
1	141	0.674576
1	168	0.675882
1	170	0.654088
1	173	0.619879
1	174	0.665559
1	175	0.657635
1	176	0.650361
1	178	0.648486
1	179	0.627825
1	180	0.643197
2	73	0.706858
2	84	3.73152
2	123	0.71224
2	133	0.711965
2	166	0.632244
2	167	0.640925
2	170	0.636115
2	172	0.634952
2	174	0.647586
2	176	0.632388
2	179	0.609852
2	180	0.625224
3	105	1.35138
3	115	1.33084
3	147	0.774954
3	157	0.781222
3	167	0.713234
3	170	0.708424
3	174	0.719895
3	175	0.711971
3	176	0.704697
3	178	0.702821
3	179	0.682161
3	180	0.697533
4	14	0.87363
4	49	0.814928
4	50	0.815841
4	52	0.815152
4	64	0.786481
4	66	0.786572
4	121	3.7032
4	137	1.80432
4	139	2.58268
4	161	0.742802
4	163	0.719815
4	177	0.850212
5	16	0.703306
5	20	0.687692
5	24	0.686923
5	55	0.728766
5	58	0.710322
5	65	0.75961
5	132	4.3732
5	133	0.739708
5	144	0.749306
5	154	0.747845
5	158	0.715949
5	172	2.82765
6	69	0.69157
6	73	3.03861
6	89	0.708669
6	103	0.724227
6	112	0.714684
6	116	0.708537
6	119	0.738134
6	124	0.713914
6	130	0.739982
6	131	0.709548
6	162	3.81827
6	177	0.753501
7	39	0.754636
7	41	0.753382
7	72	0.812476
7	143	3.55056
7	152	0.697052
7	154	0.755649
7	158	0.723754
7	159	0.744422
7	163	4.07984
7	164	0.641437
7	165	0.683966
7	171	0.646082
8	11	1.63615
8	37	1.11557
8	139	0.727963
8	141	0.739697
8	160	0.729991
8	166	0.715339
8	170	0.719209
8	174	0.73068
8	176	0.715483
8	178	0.713607
8	179	0.692947
8	180	0.708319
9	103	0.728793
9	107	0.723346
9	112	0.71925
9	119	0.742701
9	124	0.718481
9	130	0.744549
9	131	0.714115
9	135	3.3075
9	139	0.670201
9	152	3.49609
9	160	0.672229
9	177	0.758067
10	106	3.26579
10	129	0.685201
10	167	0.667843
10	169	0.673941
10	172	0.66187
10	173	0.628824
10	174	0.674504
10	176	0.659306
10	178	0.657431
10	179	0.63677
10	180	0.652142
11	8	1.63615
11	34	0.775835
11	57	0.72999
11	79	0.753657
11	86	0.738347
11	110	0.730589
11	114	0.712724
11	117	0.752461
11	136	0.734364
11	148	4.32669
11	161	0.660151
11	171	0.645361
12	25	0.762953
12	60	0.77835
12	68	0.753416
12	82	0.722051
12	88	0.716707
12	104	0.723051
12	106	0.722931
12	129	3.44705
12	139	0.672724
12	152	0.689359
12	162	0.68607
12	174	3.64666
13	57	2.19412
13	85	0.592132
13	142	0.788716
13	150	0.716651
13	151	0.735921
13	166	0.710801
13	170	0.714672
13	175	0.718219
13	176	0.710945
13	178	0.70907
13	179	0.688409
13	180	0.703781
14	4	0.87363
14	45	0.813727
14	50	0.81453
14	54	0.81406
14	64	0.78517
14	66	0.785261
14	94	2.1312
14	139	3.17894
14	142	2.61033
14	161	0.741492
14	163	0.718504
14	177	0.848902
15	45	0.739143
15	49	0.739034
15	50	0.739947
15	52	0.739258
15	54	0.739477
15	64	0.710587
15	66	0.710678
15	129	3.58047
15	146	3.56512
15	161	0.666908
15	163	0.643921
15	177	0.774318
16	5	0.703306
16	20	0.695527
16	24	0.694758
16	26	0.690245
16	55	0.7366
16	58	0.718156
16	65	0.767444
16	144	0.75714
16	150	2.33513
16	154	0.75568
16	158	0.723784
16	164	4.92405
17	83	0.782395
17	89	0.786189
17	103	0.801746
17	111	0.790412
17	115	0.819562
17	124	0.791433
17	130	0.817502
17	131	0.787067
17	137	1.3905
17	143	5.1814
17	158	1.95149
17	177	0.83102
18	31	1.78021
18	136	0.598234
18	150	0.726025
18	160	0.734828
18	169	0.734954
18	170	0.724046
18	172	0.722883
18	173	0.689836
18	175	0.727593
18	176	0.720319
18	179	0.697783
18	180	0.713155
19	57	2.32792
19	87	0.758761
19	96	0.830195
19	156	0.693023
19	159	0.838541
19	167	0.700938
19	169	0.707036
19	172	0.694965
19	173	0.661918
19	175	0.699675
19	176	0.692401
19	179	0.669865
19	180	0.685237
20	5	0.687692
20	16	0.695527
20	24	0.679144
20	26	0.674631
20	55	0.720986
20	58	0.702542
20	65	0.75183
20	133	0.731928
20	144	0.741526
20	154	0.740065
20	157	2.74617
20	158	0.70817
20	167	4.66472
21	36	5.6
21	45	0.821054
21	49	0.820944
21	52	0.821168
21	54	0.821387
21	64	0.792497
21	66	0.792588
21	80	1.9655
21	143	2.51899
21	161	0.748818
21	163	0.725831
21	177	0.856228
22	23	5.2
22	31	0.698722
22	35	0.680661
22	42	0.683477
22	43	0.684089
22	46	0.729489
22	51	0.738388
22	56	0.739574
22	63	0.716252
22	76	0.740551
22	159	0.738603
22	160	3.14471
22	165	0.678148
23	22	5.2
23	111	0.672659
23	124	0.67368
23	131	0.669314
23	136	0.68007
23	153	0.640722
23	154	0.700634
23	156	0.613542
23	166	0.612776
23	170	0.616647
23	177	0.713267
23	179	0.590384
23	180	0.605756
24	5	0.686923
24	16	0.694758
24	20	0.679144
24	26	0.673862
24	55	0.720217
24	58	0.701773
24	65	0.751061
24	133	0.73116
24	144	0.740757
24	154	0.739297
24	158	0.707401
24	160	3.66879
24	161	4.24967
25	12	0.762953
25	33	0.819658
25	82	0.789308
25	85	0.788536
25	88	0.783965
25	91	0.779165
25	94	1.63909
25	104	0.790308
25	106	0.790189
25	152	0.756617
25	162	0.753327
25	168	3.21094
25	175	3.58407
26	16	0.690245
26	20	0.674631
26	24	0.673862
26	55	0.715704
26	58	0.69726
26	65	0.746548
26	105	0.718211
26	129	3.26603
26	133	0.726646
26	144	0.736244
26	154	0.734783
26	158	0.702888
26	176	4.29121
27	108	0.688127
27	113	3.2134
27	117	0.754474
27	122	4.13857
27	124	0.729987
27	130	0.756056
27	131	0.725621
27	136	0.736377
27	159	0.745714
27	161	0.662164
27	164	0.642729
27	165	0.685258
27	171	0.647374
28	67	0.746365
28	131	1.01168
28	147	0.847219
28	159	0.282682
28	163	0.746911
28	168	0.802483
28	173	0.746479
28	174	0.792159
28	175	0.784235
28	176	0.776961
28	178	0.775086
28	179	0.754425
28	180	0.769797
29	56	1.52503
29	70	0.685511
29	132	0.680757
29	142	0.765484
29	145	0.804807
29	149	0.753289
29	166	0.687569
29	170	0.69144
29	174	0.702911
29	177	1.39984
29	178	0.685838
29	179	0.665177
29	180	0.680549
30	31	0.692084
30	42	0.676839
30	43	0.677451
30	51	0.731749
30	53	0.729188
30	56	0.732935
30	59	0.718358
30	63	0.709614
30	73	1.97584
30	76	0.733912
30	159	0.731965
30	165	0.671509
30	173	6.75576
31	18	1.78021
31	22	0.698722
31	30	0.692084
31	35	0.67994
31	42	0.682756
31	46	0.728768
31	51	0.737667
31	59	0.724276
31	63	0.715531
31	76	0.73983
31	159	0.737882
31	160	4.90999
31	165	0.677427
32	76	0.859822
32	81	1.41651
32	107	0.847014
32	130	0.868217
32	131	0.837782
32	149	2.32541
32	159	0.857875
32	164	0.75489
32	165	0.797419
32	169	3.82825
32	171	0.759535
33	25	0.819658
33	62	0.756312
33	74	0.792548
33	82	0.778756
33	85	0.777984
33	88	0.773413
33	91	0.768613
33	104	0.779756
33	106	0.779637
33	133	1.88054
33	144	0.806123
33	174	3.15034
33	175	3.45051
34	11	0.775835
34	86	0.804544
34	93	0.782003
34	95	0.831051
34	101	0.811077
34	114	0.778921
34	117	0.818658
34	128	3.19598
34	136	0.800561
34	146	3.01556
34	152	2.35376
34	163	0.703361
34	171	0.711558
35	22	0.680661
35	31	0.67994
35	43	0.665307
35	46	0.710707
35	51	0.719605
35	53	0.717044
35	56	0.720791
35	59	0.706214
35	63	0.69747
35	76	0.721768
35	139	4.64888
35	145	2.82779
35	159	0.719821
35	165	0.659365
36	21	5.6
36	90	0.724566
36	113	0.710856
36	142	0.705159
36	143	0.632072
36	168	0.65291
36	172	0.629953
36	173	0.596906
36	174	0.642586
36	175	0.634663
36	176	0.627389
36	178	0.625513
36	179	0.604852
36	180	0.620225
37	8	1.11557
37	40	0.773778
37	83	0.749679
37	111	0.757696
37	115	0.786846
37	116	0.753341
37	119	0.782938
37	124	0.758717
37	131	0.754352
37	158	2.77676
37	159	0.774444
37	160	0.712466
37	175	3.89138
37	177	0.798304
38	66	4.38241
38	147	0.706796
38	151	0.661515
38	155	0.656573
38	157	0.713064
38	167	0.645076
38	172	0.639103
38	173	0.606056
38	174	0.651736
38	176	0.636539
38	178	0.634663
38	179	0.614003
38	180	0.629375
39	7	0.754636
39	41	0.796937
39	72	0.856031
39	87	2.8534
39	99	2.28769
39	126	3.7733
39	133	0.791068
39	152	0.740607
39	154	0.799204
39	158	0.767309
39	159	0.787977
39	164	0.684992
39	165	0.727521
39	171	0.689637
40	37	0.773778
40	83	0.752332
40	89	0.756126
40	115	0.7895
40	116	0.755994
40	119	0.785591
40	124	0.761371
40	127	2.89532
40	130	0.787439
40	131	0.757005
40	133	3.0069
40	149	3.06173
40	164	0.674113
40	177	0.800958
41	7	0.753382
41	39	0.796937
41	72	0.854778
41	75	3.82377
41	133	0.789814
41	152	0.739353
41	154	0.797951
41	158	0.766055
41	159	0.786724
41	164	0.683739
41	165	0.726268
41	167	2.77115
41	171	0.688384
41	174	2.4847
42	22	0.683477
42	30	0.676839
42	31	0.682756
42	43	0.668123
42	53	0.719861
42	56	0.723608
42	59	0.709031
42	63	0.700286
42	76	0.724585
42	105	0.717292
42	159	0.722637
42	165	0.662182
42	166	3.76863
42	171	4.63718
43	22	0.684089
43	30	0.677451
43	35	0.665307
43	42	0.668123
43	51	0.723034
43	53	0.720473
43	56	0.72422
43	59	0.709643
43	63	0.700898
43	76	0.725197
43	138	3.48276
43	153	4.29021
43	159	0.723249
43	165	0.662794
44	84	0.770638
44	94	2.85061
44	97	0.744877
44	101	0.778025
44	102	0.768429
44	108	0.719259
44	110	0.763733
44	117	0.785606
44	136	0.767509
44	145	2.07725
44	152	3.61865
44	154	0.788073
44	162	0.726186
44	177	0.800706
45	14	0.813727
45	15	0.739143
45	21	0.821054
45	50	0.755938
45	52	0.755249
45	54	0.755468
45	64	0.726578
45	66	0.726669
45	105	0.761104
45	128	3.47152
45	129	3.30645
45	152	2.6293
45	161	0.6829
45	163	0.659912
45	177	0.790309
46	22	0.729489
46	31	0.728768
46	35	0.710707
46	51	0.768434
46	53	0.765873
46	56	0.76962
46	59	0.755043
46	63	0.746298
46	76	0.770597
46	105	0.763304
46	141	2.2042
46	159	0.76865
46	160	2.64182
46	164	5.1817
46	165	0.708194
47	61	1.09361
47	104	1.34538
47	144	0.217293
47	150	0.754354
47	166	0.748504
47	168	0.774169
47	169	0.763283
47	172	0.751212
47	173	0.718166
47	174	0.763846
47	175	0.755922
47	176	0.748648
47	178	0.746772
47	179	0.726112
47	180	0.741484
48	62	0.733149
48	68	0.786959
48	74	0.769385
48	77	0.76975
48	82	0.755593
48	85	0.754822
48	91	0.74545
48	98	2.29928
48	104	0.756593
48	106	0.756474
48	139	0.706267
48	144	0.78296
48	145	2.12468
48	152	0.722902
48	174	4.54284
49	4	0.814928
49	15	0.739034
49	21	0.820944
49	50	0.755829
49	52	0.75514
49	54	0.755359
49	64	0.726469
49	66	0.72656
49	98	1.56068
49	105	0.760995
49	142	2.63857
49	161	0.68279
49	163	0.659803
49	177	0.7902
49	178	5.10314
50	4	0.815841
50	14	0.81453
50	15	0.739947
50	45	0.755938
50	49	0.755829
50	52	0.756053
50	54	0.756272
50	64	0.727382
50	66	0.727473
50	120	1.51306
50	128	3.75205
50	141	4.17806
50	161	0.683703
50	163	0.660716
50	177	0.791113
51	22	0.738388
51	30	0.731749
51	31	0.737667
51	35	0.719605
51	43	0.723034
51	46	0.768434
51	53	0.774772
51	59	0.763941
51	63	0.755197
51	76	0.779495
51	121	2.7399
51	159	0.777548
51	162	2.02925
51	165	0.717092
51	171	5.05605
52	4	0.815152
52	15	0.739258
52	21	0.821168
52	45	0.755249
52	49	0.75514
52	50	0.756053
52	54	0.755582
52	64	0.726692
52	66	0.726783
52	90	1.97923
52	123	2.54285
52	161	0.683014
52	163	0.660026
52	175	4.45338
52	177	0.790424
53	30	0.729188
53	35	0.717044
53	42	0.719861
53	43	0.720473
53	46	0.765873
53	51	0.774772
53	56	0.775958
53	59	0.76138
53	63	0.752636
53	76	0.776934
53	126	1.98082
53	152	1.6416
53	159	0.774987
53	165	0.714531
53	179	5.79567
54	14	0.81406
54	15	0.739477
54	21	0.821387
54	45	0.755468
54	49	0.755359
54	50	0.756272
54	52	0.755582
54	64	0.726911
54	66	0.727003
54	96	1.6928
54	138	3.01702
54	148	4.4912
54	161	0.683233
54	163	0.660245
54	177	0.790643
55	5	0.728766
55	16	0.7366
55	20	0.720986
55	24	0.720217
55	26	0.715704
55	58	0.743616
55	65	0.792904
55	105	0.764567
55	133	0.773002
55	134	2.68102
55	144	0.7826
55	154	0.781139
55	158	0.749243
55	161	3.52192
55	178	3.41086
56	22	0.739574
56	29	1.52503
56	30	0.732935
56	35	0.720791
56	42	0.723608
56	43	0.72422
56	46	0.76962
56	53	0.775958
56	59	0.765128
56	63	0.756383
56	76	0.780682
56	151	2.47477
56	159	0.778734
56	165	0.718279
56	180	4.28181
57	11	0.72999
57	13	2.19412
57	19	2.32792
57	61	0.783655
57	79	0.774009
57	101	0.765232
57	109	0.77834
57	114	0.733076
57	117	0.772813
57	118	0.773676
57	125	2.41265
57	136	0.754716
57	154	0.77528
57	162	0.713393
57	163	0.657515
58	5	0.710322
58	16	0.718156
58	20	0.702542
58	24	0.701773
58	26	0.69726
58	55	0.743616
58	65	0.77446
58	67	0.798374
58	87	2.39854
58	105	0.746123
58	133	0.754558
58	144	0.764156
58	154	0.762695
58	158	0.730799
58	162	3.66878
58	168	3.78303
59	30	0.718358
59	31	0.724276
59	35	0.706214
59	42	0.709031
59	43	0.709643
59	46	0.755043
59	51	0.763941
59	53	0.76138
59	56	0.765128
59	63	0.741806
59	76	0.766104
59	159	0.764157
59	161	3.12288
59	165	0.703701
59	166	3.68396
59	180	3.3948
60	12	0.77835
60	68	0.83607
60	74	0.818497
60	77	0.818861
60	80	2.85624
60	85	0.803933
60	88	0.799362
60	91	0.794562
60	104	0.805705
60	106	0.805586
60	120	1.30635
60	144	0.832072
60	152	0.772014
60	160	3.34424
60	162	0.768724
60	166	4.48619
61	47	1.09361
61	57	0.783655
61	86	0.792013
61	92	0.781842
61	102	0.78895
61	108	0.73978
61	109	0.811654
61	110	0.784254
61	114	0.766389
61	117	0.806127
61	118	0.80699
61	136	0.78803
61	139	3.02596
61	142	2.45736
61	162	0.746707
61	165	3.46355
61	177	0.821227
62	33	0.756312
62	48	0.733149
62	68	0.757327
62	74	0.739753
62	77	0.740118
62	78	0.733344
62	82	0.725961
62	85	0.725189
62	88	0.720618
62	91	0.715818
62	100	3.00866
62	104	0.726961
62	106	0.726842
62	120	2.56057
62	144	0.753328
62	153	4.38228
62	162	0.68998
63	22	0.716252
63	30	0.709614
63	31	0.715531
63	35	0.69747
63	42	0.700286
63	43	0.700898
63	46	0.746298
63	51	0.755197
63	53	0.752636
63	56	0.756383
63	59	0.741806
63	105	0.750067
63	138	2.80153
63	157	2.4287
63	159	0.755413
63	165	0.694957
63	176	4.88637
64	4	0.786481
64	14	0.78517
64	15	0.710587
64	21	0.792497
64	45	0.726578
64	49	0.726469
64	50	0.727382
64	52	0.726692
64	54	0.726911
64	66	0.698113
64	100	2.51489
64	105	0.732547
64	147	3.31599
64	151	4.21519
64	161	0.654343
64	163	0.631355
64	177	0.761753
65	5	0.75961
65	16	0.767444
65	20	0.75183
65	24	0.751061
65	26	0.746548
65	55	0.792904
65	58	0.77446
65	67	0.847662
65	99	1.14572
65	105	0.79541
65	125	1.79616
65	133	0.803846
65	144	0.813444
65	154	0.811983
65	158	0.780087
65	164	5.73457
65	178	3.6645
66	4	0.786572
66	14	0.785261
66	15	0.710678
66	21	0.792588
66	38	4.38241
66	45	0.726669
66	49	0.72656
66	50	0.727473
66	52	0.726783
66	54	0.727003
66	64	0.698113
66	105	0.732639
66	122	2.72146
66	123	1.62486
66	161	0.654434
66	163	0.631447
66	177	0.761844
67	28	0.746365
67	58	0.798374
67	65	0.847662
67	111	0.807922
67	112	0.809713
67	130	0.835012
67	131	0.804578
67	138	2.59342
67	154	0.835897
67	157	2.2206
67	158	0.804002
67	159	0.82467
67	164	0.721685
67	165	0.764214
67	167	4.13916
67	171	0.72633
68	12	0.753416
68	48	0.786959
68	60	0.83607
68	62	0.757327
68	74	0.793563
68	77	0.793927
68	82	0.779771
68	85	0.778999
68	91	0.769628
68	94	2.17909
68	99	1.80074
68	104	0.780771
68	106	0.780652
68	125	2.2456
68	128	0.732906
68	139	0.730444
68	161	5.23386
68	162	0.74379
69	6	0.69157
69	103	0.734279
69	107	0.728832
69	112	0.724736
69	115	0.752095
69	116	0.71859
69	119	0.748187
69	124	0.723966
69	130	0.750035
69	131	0.719601
69	134	3.91574
69	139	0.675687
69	159	0.739693
69	160	0.677715
69	162	3.15947
69	164	0.636708
69	169	3.63453
69	177	0.763553
70	29	0.685511
70	73	0.697058
70	146	0.657471
70	149	0.688164
70	150	0.628295
70	156	0.623211
70	159	6.05492
70	161	0.615525
70	166	0.622444
70	169	0.637223
70	170	0.626315
70	172	0.625152
70	173	0.592106
70	175	0.629862
70	176	0.622588
70	178	0.620713
70	179	0.600052
70	180	0.615424
71	89	0.714419
71	103	0.729976
71	107	0.724529
71	111	0.718642
71	112	0.720433
71	115	0.747792
71	116	0.714287
71	119	0.743884
71	124	0.719664
71	130	0.745732
71	131	0.715298
71	140	4.85439
71	145	2.36514
71	157	3.1512
71	159	0.73539
71	160	0.673412
71	164	0.632405
71	177	0.75925
72	7	0.812476
72	39	0.856031
72	41	0.854778
72	75	3.77623
72	80	2.77826
72	133	0.848908
72	140	2.50825
72	152	0.798448
72	154	0.857045
72	158	0.825149
72	159	0.845818
72	162	2.24996
72	164	0.742833
72	165	0.785362
72	171	0.747478
73	2	0.706858
73	6	3.03861
73	30	1.97584
73	70	0.697058
73	113	0.782728
73	126	0.766693
73	140	0.733961
73	148	0.719898
73	153	0.727063
73	169	0.713895
73	172	0.701824
73	173	0.668778
73	174	0.714458
73	175	0.706534
73	176	0.699261
73	177	1.50786
73	178	0.697385
73	179	0.676724
73	180	0.692096
74	33	0.792548
74	48	0.769385
74	60	0.818497
74	62	0.739753
74	68	0.793563
74	77	0.776354
74	82	0.762197
74	85	0.761426
74	88	0.756854
74	91	0.752054
74	104	0.763197
74	106	0.763078
74	139	0.712871
74	142	1.53761
74	146	2.48832
74	152	0.729506
74	162	0.726217
74	163	5.64803
74	168	2.63033
75	1	0.681766
75	41	3.82377
75	72	3.77623
75	128	0.671138
75	137	0.751648
75	155	0.67623
75	157	0.732721
75	167	0.664733
75	168	0.681717
75	169	0.670831
75	170	0.659922
75	171	0.634342
75	172	0.65876
75	173	0.625713
75	174	0.671393
75	175	0.66347
75	178	0.65432
75	179	0.633659
75	180	0.649032
76	22	0.740551
76	30	0.733912
76	31	0.73983
76	32	0.859822
76	35	0.721768
76	42	0.724585
76	43	0.725197
76	46	0.770597
76	51	0.779495
76	53	0.776934
76	56	0.780682
76	59	0.766104
76	105	0.774366
76	113	1.92639
76	137	1.98987
76	159	0.779711
76	165	0.719255
76	169	3.65316
76	172	4.53612
77	48	0.76975
77	60	0.818861
77	62	0.740118
77	68	0.793927
77	74	0.776354
77	82	0.762562
77	85	0.76179
77	88	0.757219
77	91	0.752419
77	104	0.763562
77	106	0.763443
77	127	2.15262
77	128	0.715697
77	139	0.713235
77	144	0.789929
77	152	0.729871
77	157	1.9019
77	165	3.37452
77	172	4.70482
78	62	0.733344
78	91	0.745645
78	93	0.742572
78	103	0.765053
78	104	0.756788
78	106	0.756669
78	109	0.784755
78	112	0.755511
78	118	0.780091
78	119	0.778961
78	130	0.780809
78	131	0.750375
78	136	0.76113
78	146	2.41536
78	162	0.719807
78	165	2.47084
78	175	2.9305
78	177	0.794328
78	180	4.31222
79	11	0.753657
79	57	0.774009
79	84	0.781513
79	92	0.772195
79	97	0.755751
79	100	1.08077
79	102	0.779304
79	108	0.730133
79	109	0.802007
79	110	0.774607
79	114	0.756742
79	136	0.778383
79	151	2.78107
79	156	4.9755
79	160	0.725742
79	162	0.73706
79	163	0.681182
79	169	3.19408
79	177	0.81158
80	21	1.9655
80	60	2.85624
80	72	2.77826
80	84	0.737896
80	102	0.735687
80	109	0.758391
80	115	0.756506
80	116	0.723
80	117	0.752863
80	130	0.754445
80	131	0.724011
80	154	0.75533
80	157	0.744142
80	161	0.660554
80	164	0.641118
80	174	0.682814
80	176	0.667617
80	179	0.645081
80	180	0.660453
81	32	1.41651
81	104	1.75092
81	113	0.818065
81	115	1.24474
81	125	0.82506
81	126	0.802031
81	132	0.727642
81	155	0.754632
81	166	0.734454
81	167	0.743135
81	168	0.760119
81	170	0.738325
81	173	0.704116
81	174	0.749796
81	175	0.741872
81	176	0.734598
81	177	0.350849
81	178	0.732722
81	179	0.712062
81	180	0.727434
82	12	0.722051
82	25	0.789308
82	33	0.778756
82	48	0.755593
82	62	0.725961
82	68	0.779771
82	74	0.762197
82	77	0.762562
82	85	0.747634
82	88	0.743062
82	91	0.738263
82	104	0.749406
82	106	0.749287
82	140	1.82062
82	144	0.775773
82	152	0.715714
82	160	2.57862
82	162	0.712425
82	167	2.03598
82	173	6.84171
83	17	0.782395
83	37	0.749679
83	40	0.752332
83	89	0.732028
83	103	0.747585
83	107	0.742137
83	111	0.736251
83	112	0.738042
83	115	0.765401
83	116	0.731896
83	119	0.761492
83	124	0.737272
83	130	0.76334
83	131	0.732906
83	140	2.47086
83	147	1.37542
83	159	0.752999
83	163	5.34452
83	170	3.66247
83	177	0.776859
84	2	3.73152
84	44	0.770638
84	79	0.781513
84	80	0.737896
84	92	0.756032
84	95	0.792709
84	97	0.739588
84	101	0.772736
84	108	0.71397
84	110	0.758445
84	114	0.74058
84	122	2.322
84	133	1.56595
84	136	0.76222
84	144	0.784245
84	160	0.709579
84	162	0.720897
84	171	0.673217
84	176	3.66132
84	177	0.795417
85	13	0.592132
85	25	0.788536
85	33	0.777984
85	48	0.754822
85	60	0.803933
85	62	0.725189
85	68	0.778999
85	74	0.761426
85	77	0.76179
85	82	0.747634
85	88	0.742291
85	91	0.737491
85	104	0.748634
85	106	0.748515
85	139	0.698307
85	152	0.714943
85	158	1.5745
85	162	0.711653
85	178	3.68785
85	179	5.66625
86	11	0.738347
86	34	0.804544
86	61	0.792013
86	93	0.744515
86	95	0.793563
86	96	1.76315
86	97	0.740441
86	102	0.763994
86	108	0.714823
86	110	0.759298
86	117	0.78117
86	136	0.763073
86	144	0.785098
86	150	4.24573
86	161	0.68886
86	163	0.665873
86	167	3.75213
86	171	0.67407
86	174	3.46567
86	177	0.79627
87	19	0.758761
87	39	2.8534
87	58	2.39854
87	130	1.58225
87	134	0.714022
87	147	0.761408
87	149	0.756726
87	151	0.716127
87	161	0.684088
87	166	0.691007
87	168	0.716672
87	169	0.705786
87	172	0.693715
87	173	0.660669
87	174	0.706349
87	175	0.698425
87	176	0.691151
87	178	0.689275
87	179	0.668615
87	180	0.683987
88	12	0.716707
88	25	0.783965
88	33	0.773413
88	60	0.799362
88	62	0.720618
88	74	0.756854
88	77	0.757219
88	82	0.743062
88	85	0.742291
88	91	0.732919
88	104	0.744062
88	106	0.743943
88	128	0.696197
88	139	0.693736
88	143	5.54905
88	144	0.770429
88	145	1.69223
88	148	3.34849
88	152	0.710371
88	162	0.707082
88	175	3.43376
89	6	0.708669
89	17	0.786189
89	40	0.756126
89	71	0.714419
89	83	0.732028
89	107	0.745932
89	112	0.741836
89	113	2.18331
89	115	0.769195
89	116	0.73569
89	119	0.765286
89	124	0.741066
89	130	0.767135
89	131	0.7367
89	159	0.756793
89	160	0.694815
89	162	3.43502
89	164	0.653808
89	165	3.46275
89	169	3.91009
89	177	0.780653
90	36	0.724566
90	52	1.97923
90	95	1.38664
90	105	1.21518
90	123	0.801819
90	125	0.812429
90	138	0.772765
90	144	0.572743
90	146	0.75685
90	153	0.74977
90	155	0.742002
90	156	0.72259
90	167	0.730504
90	169	0.736602
90	170	0.725694
90	172	0.724531
90	174	0.737165
90	175	0.729242
90	178	0.720092
90	179	0.699431
90	180	0.714803
91	25	0.779165
91	33	0.768613
91	48	0.74545
91	60	0.794562
91	62	0.715818
91	68	0.769628
91	74	0.752054
91	77	0.752419
91	78	0.745645
91	82	0.738263
91	85	0.737491
91	88	0.732919
91	104	0.739262
91	106	0.739143
91	128	0.691397
91	137	1.59338
91	139	0.688936
91	160	2.51183
91	162	0.702282
91	171	4.52233
91	179	4.96005
92	61	0.781842
92	79	0.772195
92	84	0.756032
92	93	0.734344
92	95	0.783392
92	97	0.73027
92	108	0.704652
92	109	0.776527
92	110	0.749127
92	117	0.770999
92	118	0.771862
92	127	2.15491
92	136	0.752902
92	138	2.27701
92	148	3.7512
92	160	0.700261
92	162	0.711579
92	163	0.655702
92	171	0.663899
92	177	0.786099
92	178	4.8352
93	34	0.782003
93	78	0.742572
93	86	0.744515
93	92	0.734344
93	97	0.7179
93	108	0.692282
93	109	0.764156
93	110	0.736757
93	114	0.718892
93	117	0.758629
93	118	0.759492
93	127	2.20932
93	133	2.32091
93	136	0.740532
93	144	0.762557
93	154	0.761096
93	157	1.95861
93	160	0.687891
93	161	0.666319
93	163	0.643332
93	164	6.95968
93	177	0.773729
94	14	2.1312
94	25	1.63909
94	44	2.85061
94	68	2.17909
94	141	0.748172
94	146	0.75884
94	150	0.729664
94	156	0.72458
94	157	0.800483
94	166	0.723814
94	167	0.732495
94	168	0.749479
94	169	0.738593
94	170	0.727685
94	172	0.726522
94	173	0.693476
94	174	0.739156
94	175	0.731232
94	176	0.723958
94	178	0.722082
94	179	0.701422
94	180	0.716794
95	34	0.831051
95	84	0.792709
95	86	0.793563
95	90	1.38664
95	92	0.783392
95	101	0.800096
95	102	0.7905
95	108	0.74133
95	109	0.813204
95	114	0.767939
95	117	0.807677
95	118	0.80854
95	123	1.95026
95	136	0.78958
95	139	2.96354
95	158	2.74616
95	160	0.736939
95	161	0.715367
95	163	0.692379
95	171	0.700577
95	175	3.86078
95	177	0.822777
96	19	0.830195
96	54	1.6928
96	86	1.76315
96	102	0.839336
96	116	0.849975
96	129	0.78848
96	132	0.755629
96	137	0.858037
96	138	0.813383
96	140	0.797286
96	144	0.163223
96	151	0.787561
96	155	0.78262
96	163	0.732534
96	167	0.771122
96	170	0.766312
96	173	0.732103
96	175	0.769859
96	176	0.762585
96	178	0.76071
96	179	0.740049
96	180	0.755421
97	44	0.744877
97	79	0.755751
97	84	0.739588
97	86	0.740441
97	92	0.73027
97	93	0.7179
97	101	0.746975
97	102	0.737379
97	109	0.760083
97	117	0.754555
97	118	0.755418
97	128	3.18045
97	136	0.736458
97	144	0.758483
97	147	2.19064
97	154	0.757022
97	162	0.695135
97	163	0.639258
97	165	3.05551
97	166	5.18603
97	171	0.647455
97	177	0.769655
98	48	2.29928
98	49	1.56068
98	102	0.761393
98	108	0.712223
98	109	0.784097
98	111	1.33929
98	118	0.779432
98	124	1.81815
98	136	0.760472
98	154	0.781036
98	158	0.749141
98	159	0.769809
98	164	0.666824
98	165	0.709353
98	168	0.718844
98	169	0.707957
98	171	0.671469
98	173	0.66284
98	175	0.700597
98	177	0.793669
98	178	0.691447
98	179	0.670786
98	180	0.686158
99	39	2.28769
99	65	1.14572
99	68	1.80074
99	101	1.30857
99	137	0.849793
99	143	0.759024
99	146	0.789223
99	149	0.819916
99	156	0.754963
99	166	0.754197
99	167	0.762878
99	168	0.779862
99	169	0.768976
99	170	0.758067
99	172	0.756905
99	173	0.723858
99	174	0.769538
99	175	0.761615
99	176	0.754341
99	177	0.451579
99	178	0.752465
99	179	0.731805
99	180	0.747177
100	62	3.00866
100	64	2.51489
100	79	1.08077
100	115	1.54317
100	126	0.774698
100	129	0.73316
100	142	0.785036
100	143	0.711948
100	145	0.824359
100	146	0.742148
100	148	0.727903
100	150	0.712972
100	151	0.732241
100	167	0.715802
100	169	0.7219
100	170	0.710992
100	173	0.676783
100	174	0.722463
100	175	0.714539
100	176	0.707266
100	178	0.70539
100	179	0.684729
100	180	0.700101
101	34	0.811077
101	44	0.778025
101	57	0.765232
101	84	0.772736
101	95	0.800096
101	97	0.746975
101	99	1.30857
101	108	0.721357
101	109	0.793231
101	114	0.747966
101	118	0.788567
101	122	2.81797
101	132	6.04808
101	136	0.769606
101	144	0.791631
101	149	2.11674
101	154	0.790171
101	157	1.69962
101	160	0.716966
101	161	0.695394
101	162	0.728284
101	163	0.672406
101	171	0.680604
101	177	0.802804
102	44	0.768429
102	61	0.78895
102	79	0.779304
102	80	0.735687
102	86	0.763994
102	95	0.7905
102	96	0.839336
102	97	0.737379
102	98	0.761393
102	108	0.711761
102	109	0.783635
102	114	0.738371
102	117	0.778108
102	118	0.778971
102	127	2.04144
102	136	0.760011
102	141	3.81429
102	144	0.782036
102	150	4.20288
102	160	0.70737
102	161	0.685798
102	163	0.66281
102	171	0.671008
102	175	3.723
102	177	0.793208
103	6	0.724227
103	9	0.728793
103	17	0.801746
103	69	0.734279
103	71	0.729976
103	78	0.765053
103	83	0.747585
103	107	0.761489
103	111	0.755602
103	112	0.757393
103	116	0.751247
103	119	0.780843
103	124	0.756623
103	130	0.782692
103	131	0.752257
103	139	0.708344
103	153	2.21374
103	157	2.05394
103	159	0.77235
103	160	0.710372
103	164	0.669365
103	166	4.63661
103	171	5.50516
103	174	2.66556
103	177	0.79621
104	12	0.723051
104	25	0.790308
104	33	0.779756
104	47	1.34538
104	48	0.756593
104	60	0.805705
104	62	0.726961
104	68	0.780771
104	74	0.763197
104	77	0.763562
104	78	0.756788
104	81	1.75092
104	82	0.749406
104	85	0.748634
104	88	0.744062
104	91	0.739262
104	106	0.750286
104	128	0.70254
104	139	0.700079
104	140	3.94589
104	144	0.776772
104	152	0.716714
104	157	2.2427
104	162	0.713425
104	167	4.16125
105	3	1.35138
105	26	0.718211
105	42	0.717292
105	45	0.761104
105	46	0.763304
105	49	0.760995
105	55	0.764567
105	58	0.746123
105	63	0.750067
105	64	0.732547
105	65	0.79541
105	66	0.732639
105	76	0.774366
105	90	1.21518
105	144	0.785106
105	153	2.93732
105	154	0.783646
105	158	0.75175
105	159	0.772418
105	161	0.688869
105	163	0.665881
105	165	0.711963
105	167	3.6756
105	176	4.21472
105	177	0.796279
106	1	3.66579
106	10	3.26579
106	12	0.722931
106	25	0.790189
106	33	0.779637
106	48	0.756474
106	60	0.805586
106	62	0.726842
106	68	0.780652
106	74	0.763078
106	77	0.763443
106	78	0.756669
106	82	0.749287
106	85	0.748515
106	88	0.743943
106	91	0.739143
106	104	0.750286
106	113	1.38803
106	128	0.702421
106	135	1.82744
106	139	0.69996
106	144	0.776653
106	152	0.716595
106	156	4.0529
106	162	0.713306
107	9	0.723346
107	32	0.847014
107	69	0.728832
107	71	0.724529
107	83	0.742137
107	89	0.745932
107	103	0.761489
107	111	0.750155
107	112	0.751946
107	115	0.779305
107	116	0.7458
107	119	0.775396
107	120	1.70366
107	123	2.36685
107	124	0.751176
107	128	0.705358
107	130	0.777244
107	131	0.74681
107	145	1.55903
107	151	3.85204
107	159	0.766902
107	160	0.704925
107	164	0.663918
107	177	0.790763
107	180	5.65909
108	27	0.688127
108	44	0.719259
108	61	0.73978
108	79	0.730133
108	84	0.71397
108	86	0.714823
108	92	0.704652
108	93	0.692282
108	95	0.74133
108	98	0.712223
108	101	0.721357
108	102	0.711761
108	110	0.707065
108	114	0.6892
108	117	0.728937
108	118	0.729801
108	136	0.71084
108	137	2.09496
108	154	0.731404
108	160	0.658199
108	162	0.669517
108	171	0.621837
108	173	7.44282
108	176	3.17621
108	177	0.744037
108	178	3.64955
109	57	0.77834
109	61	0.811654
109	78	0.784755
109	79	0.802007
109	80	0.758391
109	92	0.776527
109	93	0.764156
109	95	0.813204
109	97	0.760083
109	98	0.784097
109	101	0.793231
109	102	0.783635
109	110	0.778939
109	114	0.761074
109	117	0.800812
109	118	0.801675
109	133	1.9732
109	136	0.782714
109	145	1.67914
109	155	3.60753
109	158	2.42856
109	162	0.741392
109	168	3.17005
109	171	0.693712
109	177	0.815912
109	180	4.9249
110	11	0.730589
110	44	0.763733
110	61	0.784254
110	79	0.774607
110	84	0.758445
110	86	0.759298
110	92	0.749127
110	93	0.736757
110	108	0.707065
110	109	0.778939
110	114	0.733675
110	118	0.774275
110	136	0.755315
110	138	1.82826
110	144	0.77734
110	150	3.86759
110	151	2.96239
110	154	0.775879
110	155	3.45206
110	160	0.702674
110	161	0.681102
110	162	0.713992
110	163	0.658114
110	171	0.666312
110	176	3.91311
110	177	0.788512
111	17	0.790412
111	23	0.672659
111	37	0.757696
111	67	0.807922
111	71	0.718642
111	83	0.736251
111	98	1.33929
111	103	0.755602
111	107	0.750155
111	112	0.746059
111	115	0.773418
111	116	0.739913
111	119	0.76951
111	124	0.745289
111	128	0.699472
111	130	0.771358
111	131	0.740924
111	137	2.20742
111	139	0.69701
111	147	2.5585
111	149	2.36787
111	159	0.761016
111	160	0.699038
111	163	6.5276
111	164	0.658031
111	177	0.784876
112	6	0.714684
112	9	0.71925
112	67	0.809713
112	69	0.724736
112	71	0.720433
112	78	0.755511
112	83	0.738042
112	89	0.741836
112	103	0.757393
112	107	0.751946
112	111	0.746059
112	115	0.775209
112	116	0.741704
112	119	0.7713
112	124	0.74708
112	128	0.701263
112	130	0.773149
112	131	0.742714
112	134	3.68117
112	135	2.04675
112	160	0.700829
112	162	2.92489
112	164	0.659822
112	168	3.03914
112	170	4.3748
112	177	0.786667
113	27	3.2134
113	36	0.710856
113	73	0.782728
113	76	1.92639
113	81	0.818065
113	89	2.18331
113	106	1.38803
113	135	0.766384
113	137	0.80371
113	138	0.759056
113	142	0.786029
113	148	0.728896
113	150	0.713964
113	154	0.93354
113	155	0.728293
113	157	0.784784
113	166	0.708114
113	167	0.716795
113	168	0.733779
113	169	0.722893
113	171	0.686405
113	172	0.710822
113	174	0.723456
113	175	0.715532
113	178	0.706383
113	179	0.685722
113	180	0.701094
114	11	0.712724
114	34	0.778921
114	57	0.733076
114	61	0.766389
114	79	0.756742
114	84	0.74058
114	93	0.718892
114	95	0.767939
114	101	0.747966
114	102	0.738371
114	108	0.6892
114	109	0.761074
114	110	0.733675
114	117	0.755547
114	118	0.75641
114	126	2.01198
114	136	0.73745
114	144	0.759475
114	154	0.758014
114	156	4.6188
114	160	0.684809
114	161	0.663237
114	168	2.47657
114	171	0.648447
114	172	3.72034
114	177	0.770647
114	178	3.84843
115	3	1.33084
115	17	0.819562
115	37	0.786846
115	40	0.7895
115	69	0.752095
115	71	0.747792
115	80	0.756506
115	81	1.24474
115	83	0.765401
115	89	0.769195
115	100	1.54317
115	107	0.779305
115	111	0.773418
115	112	0.775209
115	116	0.769063
115	119	0.79866
115	124	0.774439
115	128	0.728622
115	130	0.800508
115	131	0.770073
115	149	2.15363
115	150	4.14867
115	155	3.73314
115	159	0.790166
115	160	0.728188
115	164	0.687181
115	177	0.814026
116	6	0.708537
116	37	0.753341
116	40	0.755994
116	69	0.71859
116	71	0.714287
116	80	0.723
116	83	0.731896
116	89	0.73569
116	96	0.849975
116	103	0.751247
116	107	0.7458
116	111	0.739913
116	112	0.741704
116	115	0.769063
116	119	0.765154
116	121	3.95691
116	124	0.740934
116	130	0.767003
116	131	0.736568
116	139	0.692655
116	153	2.98164
116	159	0.756661
116	160	0.694683
116	164	0.653676
116	168	3.36051
116	176	4.25903
116	177	0.780521
117	11	0.752461
117	27	0.754474
117	34	0.818658
117	44	0.785606
117	57	0.772813
117	61	0.806127
117	80	0.752863
117	86	0.78117
117	92	0.770999
117	93	0.758629
117	95	0.807677
117	97	0.754555
117	102	0.778108
117	108	0.728937
117	109	0.800812
117	114	0.755547
117	118	0.796147
117	136	0.777187
117	149	1.95879
117	158	2.35933
117	160	0.724546
117	162	0.735864
117	163	0.679987
117	165	3.01429
117	168	3.10082
117	171	0.688184
117	172	4.34459
117	174	3.17377
118	57	0.773676
118	61	0.80699
118	78	0.780091
118	92	0.771862
118	93	0.759492
118	95	0.80854
118	97	0.755418
118	98	0.779432
118	101	0.788567
118	102	0.778971
118	108	0.729801
118	109	0.801675
118	110	0.774275
118	114	0.75641
118	117	0.796147
118	136	0.77805
118	141	1.85899
118	144	0.800075
118	148	1.68243
118	156	3.53681
118	157	1.59655
118	160	0.725409
118	161	0.703837
118	162	0.736727
118	163	0.68085
118	166	3.43857
118	171	0.689047
118	173	6.55971
119	6	0.738134
119	9	0.742701
119	37	0.782938
119	40	0.785591
119	69	0.748187
119	71	0.743884
119	78	0.778961
119	83	0.761492
119	89	0.765286
119	103	0.780843
119	107	0.775396
119	111	0.76951
119	112	0.7713
119	115	0.79866
119	116	0.765154
119	124	0.770531
119	126	1.52481
119	130	0.796599
119	131	0.766165
119	132	4.77871
119	139	0.722251
119	155	2.42687
119	160	0.724279
119	164	0.683272
119	169	2.35021
119	170	3.32505
119	177	0.810117
119	180	3.74424
120	50	1.51306
120	60	1.30635
120	62	2.56057
120	107	1.70366
120	122	0.788078
120	124	1.78818
120	132	0.741796
120	137	0.844204
120	141	0.772966
120	148	0.76939
120	150	0.754458
120	151	0.773728
120	153	0.776554
120	156	0.749374
120	157	0.825277
120	166	0.748608
120	167	0.757289
120	168	0.774273
120	169	0.763387
120	172	0.751316
120	173	0.71827
120	174	0.76395
120	175	0.756026
120	176	0.748752
120	177	0.201191
120	178	0.746876
120	179	0.726216
120	180	0.741588
121	4	3.7032
121	51	2.7399
121	116	3.95691
121	135	0.719435
121	138	0.712107
121	140	0.69601
121	143	0.665992
121	147	0.731567
121	148	0.681947
121	149	0.726885
121	151	0.686285
121	153	0.689112
121	155	0.681344
121	166	0.661166
121	167	0.669846
121	168	0.686831
121	169	0.675944
121	170	0.665036
121	172	0.663873
121	173	0.630827
121	174	0.676507
121	175	0.668583
121	176	0.66131
121	178	0.659434
121	179	0.638773
121	180	0.654145
122	27	4.13857
122	66	2.72146
122	84	2.322
122	101	2.81797
122	120	0.788078
122	123	0.743969
122	129	0.690011
122	132	0.657161
122	134	0.686988
122	135	0.722242
122	137	0.759569
122	138	0.714914
122	141	0.688331
122	142	0.741887
122	147	0.734374
122	153	0.691919
122	157	0.740642
122	165	0.680147
122	166	0.663973
122	167	0.672654
122	168	0.689638
122	170	0.667843
122	172	0.666681
122	173	0.633634
122	174	0.679314
122	175	0.671391
122	176	0.664117
122	178	0.662241
122	179	0.641581
122	180	0.656953
123	2	0.71224
123	52	2.54285
123	66	1.62486
123	90	0.801819
123	95	1.95026
123	107	2.36685
123	122	0.743969
123	131	2.50767
123	132	0.697686
123	135	0.762768
123	142	0.782413
123	143	0.709326
123	146	0.739525
123	150	0.710349
123	153	0.732445
123	155	0.724677
123	156	0.705265
123	166	0.704499
123	167	0.713179
123	168	0.730164
123	169	0.719278
123	170	0.708369
123	172	0.707207
123	173	0.67416
123	174	0.71984
123	175	0.711917
123	176	0.704643
123	178	0.702767
123	179	0.682106
123	180	0.697479
124	6	0.713914
124	9	0.718481
124	17	0.791433
124	23	0.67368
124	27	0.729987
124	37	0.758717
124	40	0.761371
124	69	0.723966
124	71	0.719664
124	83	0.737272
124	89	0.741066
124	98	1.81815
124	103	0.756623
124	107	0.751176
124	111	0.745289
124	112	0.74708
124	115	0.774439
124	116	0.740934
124	119	0.770531
124	120	1.78818
124	128	0.700493
124	130	0.772379
124	131	0.741945
124	135	2.99636
124	139	0.698031
124	145	1.64355
124	152	3.18495
124	159	0.762037
124	160	0.700059
124	161	5.47168
124	164	0.659052
124	177	0.785897
125	57	2.41265
125	65	1.79616
125	68	2.2456
125	81	0.82506
125	90	0.812429
125	132	0.708296
125	136	1.32065
125	141	0.739467
125	142	0.793023
125	143	0.719935
125	145	0.832346
125	146	0.750135
125	148	0.73589
125	149	0.780828
125	150	0.720959
125	151	0.740228
125	154	0.794169
125	155	0.735287
125	156	0.715875
125	166	0.715109
125	168	0.740774
125	169	0.729887
125	170	0.718979
125	172	0.717816
125	173	0.68477
125	174	0.73045
125	175	0.722526
125	176	0.715253
125	177	0.896442
125	178	0.713377
125	179	0.692716
125	180	0.708088
126	39	3.7733
126	53	1.98082
126	73	0.766693
126	81	0.802031
126	100	0.774698
126	114	2.01198
126	119	1.52481
126	127	0.775423
126	132	0.685267
126	141	0.716438
126	143	0.696906
126	146	0.727106
126	149	0.757798
126	151	0.717199
126	152	0.721339
126	155	0.712258
126	156	0.692846
126	157	0.768749
126	159	1.96402
126	164	0.665725
126	167	0.70076
126	168	0.717745
126	169	0.706858
126	170	0.69595
126	172	0.694787
126	173	0.661741
126	175	0.699497
126	176	0.692223
126	178	0.690348
126	179	0.669687
126	180	0.685059
127	40	2.89532
127	77	2.15262
127	92	2.15491
127	93	2.20932
127	102	2.04144
127	126	0.775423
127	129	0.733885
127	134	0.730861
127	137	0.803442
127	141	0.732205
127	143	0.712673
127	145	0.825084
127	146	0.742873
127	148	0.728628
127	150	0.713696
127	151	0.732966
127	154	0.991068
127	155	0.728025
127	156	0.708613
127	157	0.784516
127	160	0.722499
127	166	0.707846
127	167	0.716527
127	168	0.733511
127	169	0.722625
127	170	0.711717
127	172	0.710554
127	173	0.677508
127	174	0.723188
127	175	0.715264
127	176	0.70799
127	178	0.706115
127	179	0.685454
127	180	0.700826
128	34	3.19598
128	45	3.47152
128	50	3.75205
128	68	0.732906
128	75	0.671138
128	77	0.715697
128	88	0.696197
128	91	0.691397
128	97	3.18045
128	104	0.70254
128	106	0.702421
128	107	0.705358
128	111	0.699472
128	112	0.701263
128	115	0.728622
128	124	0.700493
128	130	0.726561
128	131	0.696127
128	143	0.644416
128	152	0.668849
128	156	0.640355
128	159	0.716219
128	162	0.66556
128	168	0.665254
128	169	0.654368
128	170	0.64346
128	172	0.642297
128	174	0.654931
128	175	0.647007
128	176	0.639733
128	177	0.74008
128	178	0.637858
128	179	0.617197
128	180	0.632569
129	10	0.685201
129	12	3.44705
129	15	3.58047
129	26	3.26603
129	45	3.30645
129	96	0.78848
129	100	0.73316
129	122	0.690011
129	127	0.733885
129	132	0.643729
129	134	0.673556
129	135	0.708811
129	138	0.701483
129	140	0.685386
129	145	0.767779
129	147	0.720943
129	151	0.675661
129	153	0.678487
129	156	0.651308
129	157	0.727211
129	160	0.665194
129	166	0.650541
129	167	0.659222
129	168	0.676207
129	169	0.66532
129	170	0.654412
129	172	0.653249
129	173	0.620203
129	174	0.665883
129	175	0.657959
129	176	0.650685
129	178	0.64881
129	179	0.628149
129	180	0.643521
130	6	0.739982
130	9	0.744549
130	17	0.817502
130	27	0.756056
130	32	0.868217
130	40	0.787439
130	67	0.835012
130	69	0.750035
130	71	0.745732
130	78	0.780809
130	80	0.754445
130	83	0.76334
130	87	1.58225
130	89	0.767135
130	103	0.782692
130	107	0.777244
130	111	0.771358
130	112	0.773149
130	115	0.800508
130	116	0.767003
130	119	0.796599
130	124	0.772379
130	128	0.726561
130	131	0.768013
130	133	1.76989
130	139	0.7241
130	142	1.87402
130	147	2.01534
130	151	2.91454
130	158	2.22524
130	159	0.788106
130	160	0.726128
130	164	0.685121
130	170	4.30239
130	171	5.87928
130	177	0.811966
131	6	0.709548
131	9	0.714115
131	17	0.787067
131	23	0.669314
131	27	0.725621
131	28	1.01168
131	32	0.837782
131	37	0.754352
131	40	0.757005
131	67	0.804578
131	69	0.719601
131	71	0.715298
131	78	0.750375
131	80	0.724011
131	83	0.732906
131	89	0.7367
131	103	0.752257
131	107	0.74681
131	111	0.740924
131	112	0.742714
131	115	0.770073
131	116	0.736568
131	119	0.766165
131	123	2.50767
131	124	0.741945
131	128	0.696127
131	130	0.768013
131	137	2.74258
131	139	0.693665
131	147	3.09367
131	149	2.90304
131	159	0.757671
131	160	0.695693
131	164	0.654686
131	165	3.95854
131	174	4.11802
131	177	0.781531
132	5	4.3732
132	29	0.680757
132	81	0.727642
132	96	0.755629
132	101	6.04808
132	119	4.77871
132	120	0.741796
132	122	0.657161
132	123	0.697686
132	125	0.708296
132	126	0.685267
132	129	0.643729
132	135	0.67596
132	137	0.713287
132	141	0.642049
132	143	0.622517
132	145	0.734928
132	148	0.638472
132	150	0.623541
132	151	0.64281
132	153	0.645637
132	155	0.637869
132	156	0.618457
132	157	0.69436
132	160	0.632343
132	164	0.591336
132	166	0.617691
132	169	0.632469
132	170	0.621561
132	171	0.595981
132	172	0.620398
132	173	0.587352
132	174	0.633032
132	175	0.625109
132	176	0.617835
132	178	0.615959
132	179	0.595298
132	180	0.61067
133	2	0.711965
133	5	0.739708
133	20	0.731928
133	24	0.73116
133	26	0.726646
133	33	1.88054
133	39	0.791068
133	40	3.0069
133	41	0.789814
133	55	0.773002
133	58	0.754558
133	65	0.803846
133	72	0.848908
133	84	1.56595
133	93	2.32091
133	109	1.9732
133	130	1.76989
133	144	0.793542
133	147	0.774625
133	152	0.733484
133	153	0.73217
133	154	0.792081
133	158	0.760186
133	159	0.780854
133	164	0.677869
133	165	0.720398
133	167	0.712904
133	168	0.729889
133	171	0.682514
133	172	0.706931
133	173	0.673885
133	175	0.711641
133	176	0.704368
133	177	1.20492
133	178	0.702492
133	179	0.681831
133	180	0.697203
134	55	2.68102
134	69	3.91574
134	87	0.714022
134	112	3.68117
134	122	0.686988
134	127	0.730861
134	129	0.673556
134	138	0.698459
134	139	0.660143
134	140	0.682362
