1	10	0.982344
1	23	1.13088
1	52	0.891712
1	95	0.96503
1	103	0.912182
1	112	0.975795
1	129	0.947644
1	139	0.900096
1	148	1.23663
1	153	1.23906
1	163	0.919301
1	176	0.905897
2	6	1.10772
2	112	0.856739
2	128	1.02781
2	138	0.847512
2	148	1.03837
2	169	0.938364
2	171	1.04653
2	173	1.03139
2	174	1.03935
2	177	1.05226
2	178	0.949951
2	179	1.05656
3	12	0.870756
3	42	0.81753
3	126	1.07771
3	133	1.04375
3	144	1.04246
3	146	0.913216
3	147	1.03254
3	148	1.03773
3	150	1.05649
3	161	1.06909
3	176	1.04022
3	177	1.0074
4	11	0.96857
4	32	1.05107
4	34	1.04299
4	58	1.09353
4	61	1.0946
4	67	1.06548
4	76	1.03768
4	77	0.959625
4	101	1.04607
4	146	0.866603
4	148	0.957402
4	172	0.824417
5	56	1.08341
5	90	1.06018
5	94	0.955877
5	113	0.832862
5	127	1.07431
5	150	0.889636
5	151	1.04646
5	152	1.03646
5	163	1.03992
5	169	0.91316
5	173	1.01705
5	179	1.04222
6	2	1.10772
6	13	1.0961
6	85	1.00668
6	131	1.02135
6	132	1.06748
6	155	1.0318
6	166	0.847246
6	170	0.811559
6	171	1.05497
6	176	1.0493
6	177	1.0607
6	180	0.838411
7	56	0.823591
7	66	1.05658
7	122	1.04184
7	136	1.0261
7	149	1.06473
7	151	0.917017
7	158	0.949465
7	169	1.04442
7	175	1.05942
7	176	0.918439
7	178	1.04758
7	180	1.05932
8	51	1.03677
8	104	1.06542
8	111	1.04107
8	124	1.05035
8	133	1.05154
8	138	0.82016
8	144	1.05025
8	147	1.04033
8	149	0.96452
8	150	1.06428
8	163	0.931077
8	166	0.883567
9	21	1.07879
9	63	1.05109
9	132	0.875771
9	141	1.05693
9	156	1.03133
9	159	1.04696
9	161	0.894841
9	170	1.0541
9	173	0.928163
9	175	1.04045
9	179	0.909484
9	180	1.04035
10	1	0.982344
10	23	0.831426
10	52	1.04469
10	56	0.866187
10	82	1.02293
10	103	1.06516
10	125	0.974265
10	129	1.10063
10	139	1.05308
10	148	0.937179
10	163	1.07228
10	176	1.05888
11	4	0.96857
11	19	1.13276
11	31	0.916676
11	50	1.00982
11	58	0.958842
11	67	0.930794
11	76	0.902997
11	99	0.936105
11	101	0.911386
11	105	0.864813
11	163	1.27604
11	170	1.19285
12	3	0.870756
12	32	0.877744
12	80	0.838091
12	81	1.01719
12	95	1.10128
12	110	1.0077
12	139	1.03634
12	166	1.06368
12	174	1.04064
12	176	1.04215
12	178	1.04349
12	180	1.05523
13	6	1.0961
13	141	0.947205
13	146	0.956183
13	152	1.19799
13	155	1.3097
13	156	0.921607
13	164	0.927398
13	165	0.92297
13	170	0.944381
13	175	0.930732
13	178	0.91889
13	180	0.930634
14	28	0.869106
14	33	1.04998
14	57	1.0069
14	69	1.04042
14	94	0.87514
14	125	1.05488
14	157	1.04491
14	163	1.05809
14	173	1.03523
14	177	1.05609
14	178	0.84401
14	179	1.06039
15	22	0.987822
15	46	1.22905
15	113	1.14176
15	115	0.910754
15	128	0.907024
15	137	0.935735
15	151	0.940008
15	158	0.923677
15	163	0.933469
15	169	1.22206
15	171	0.92574
15	179	0.93577
16	54	0.969853
16	55	0.921827
16	106	0.892197
16	135	1.03897
16	139	0.821286
16	141	1.06975
16	156	1.04415
16	159	1.05978
16	162	1.03111
16	166	1.06163
16	178	1.04143
16	180	1.05318
17	65	1.16307
17	81	0.900654
17	96	0.912987
17	130	0.952473
17	151	0.945549
17	152	0.935549
17	156	1.23727
17	167	0.943188
17	171	0.931281
17	175	1.19446
17	177	0.937007
17	179	0.941311
18	74	1.314
18	115	0.916597
18	116	0.914295
18	117	1.15621
18	125	0.936103
18	137	0.941578
18	140	1.12394
18	152	0.935851
18	168	0.945071
18	171	0.931583
18	177	0.937309
18	179	0.941612
19	11	1.13276
19	24	1.05599
19	110	0.907854
19	119	0.767334
19	135	0.786842
19	155	1.03027
19	157	1.04798
19	158	1.05138
19	171	1.05344
19	173	1.0383
19	177	1.05917
19	179	1.06347
20	26	1.06041
20	39	1.02181
20	41	1.02351
20	60	0.996156
20	65	1.06889
20	73	0.812626
20	148	0.938787
20	153	0.94122
20	161	1.07604
20	167	0.915828
20	168	1.06633
20	172	1.08686
21	9	1.07879
21	97	0.973318
21	121	1.04774
21	127	0.857012
21	164	1.04381
21	165	1.03938
21	167	0.878712
21	170	1.06079
21	175	1.04714
21	178	1.0353
21	179	0.899272
21	180	1.04704
22	15	0.987822
22	94	0.976638
22	117	0.819346
22	130	1.07706
22	135	0.940136
22	149	1.06868
22	155	1.03269
22	157	1.05041
22	159	0.854361
22	171	1.05586
22	177	1.06159
22	179	1.06589
23	1	1.13088
23	10	0.831426
23	43	1.02564
23	101	0.908515
23	125	1.01379
23	144	1.00584
23	145	1.00551
23	147	0.995923
23	150	1.01987
23	172	1.04329
23	173	0.994137
23	178	1.00494
23	180	1.01669
24	19	1.05599
24	55	0.980757
24	94	1.02669
24	107	1.05576
24	113	0.903671
24	115	0.981349
24	130	1.01753
24	149	1.00915
24	164	0.977014
24	167	1.00824
24	169	0.983969
24	174	0.989155
24	177	1.00206
25	56	0.992398
25	70	0.846593
25	119	1.01345
25	130	1.03922
25	136	0.984142
25	152	1.02623
25	159	1.02397
25	165	1.0097
25	166	1.02581
25	169	1.00247
25	175	1.01746
25	178	1.00562
25	180	1.01737
26	20	1.06041
26	36	1.06041
26	39	0.970321
26	41	0.972021
26	60	0.944668
26	65	1.01741
26	71	0.979812
26	109	0.984184
26	153	0.95909
26	161	1.02455
26	168	1.01484
26	172	1.03537
26	174	0.985697
27	53	0.987866
27	54	0.993397
27	106	0.986744
27	107	1.06219
27	156	0.964687
27	157	0.997309
27	166	0.950399
27	167	1.01467
27	172	1.03678
27	173	0.987626
27	177	1.00849
27	178	0.98943
27	179	1.01279
28	14	0.869106
28	52	1.04878
28	60	1.04945
28	89	0.9309
28	118	1.02511
28	122	0.9993
28	145	1.00561
28	154	1.02819
28	159	1.02339
28	162	0.994709
28	169	1.00188
28	178	1.00504
28	180	1.01678
29	50	0.893499
29	64	1.01727
29	120	1.02905
29	125	1.01495
29	132	1.02295
29	135	1.03949
29	138	0.942427
29	143	1.0072
29	152	1.0147
29	155	0.987265
29	160	1.01242
29	173	0.995297
29	177	1.01616
30	52	1.04384
30	74	0.97881
30	104	1.01183
30	112	0.853966
30	130	1.02129
30	132	1.01261
30	139	1.01782
30	140	1.04157
30	147	0.986744
30	150	1.01069
30	167	1.012
30	178	0.995764
30	180	1.00751
31	11	0.916676
31	34	0.991097
31	37	1.00567
31	42	1.09469
31	50	1.09261
31	76	0.985791
31	99	1.0189
31	101	0.994179
31	142	1.00039
31	146	0.964291
31	148	1.05509
31	163	0.965266
31	172	0.922104
32	4	1.05107
32	12	0.877744
32	34	0.990808
32	37	1.00538
32	58	1.04134
32	67	1.0133
32	76	0.985501
32	99	1.01861
32	101	0.993889
32	109	1.03853
32	142	1.0001
32	149	0.954621
32	176	1.03486
33	14	1.04998
33	73	1.08046
33	129	0.951143
33	134	1.00071
33	138	0.947582
33	143	0.990163
33	158	0.991329
33	161	1.01659
33	166	1.01099
33	171	0.993393
33	173	0.978255
33	175	0.982466
33	177	0.999119
34	4	1.04299
34	31	0.991097
34	32	0.990808
34	37	0.997294
34	50	1.08424
34	67	1.00522
34	99	1.01053
34	101	0.985807
34	114	1.04907
34	122	0.876264
34	142	0.992021
34	148	0.952447
34	155	1.027
35	37	0.952145
35	68	1.08102
35	95	0.89579
35	99	0.962053
35	124	1.00313
35	144	1.00304
35	150	1.01706
35	158	1.00441
35	170	1.02763
35	177	1.0122
35	178	1.00214
35	179	1.0165
35	180	1.01388
36	26	1.06041
36	39	1.02181
36	41	1.02351
36	60	0.996156
36	65	1.06889
36	84	0.89159
36	149	0.92354
36	153	0.982354
36	161	1.07604
36	168	1.06633
36	170	0.8069
36	172	1.08686
37	31	1.00567
37	32	1.00538
37	34	0.997294
37	35	0.952145
37	58	1.04783
37	67	1.01978
37	76	0.991987
37	99	1.0251
37	101	1.00038
37	109	0.992593
37	142	1.00659
37	153	0.967499
37	174	0.994106
38	42	0.830783
38	68	0.988552
38	92	0.990017
38	95	1.05301
38	105	1.15964
38	112	1.06378
38	114	0.97468
38	129	1.03563
38	139	0.988079
38	149	1.01237
38	172	0.884282
38	173	1.03355
38	176	0.993881
39	20	1.02181
39	26	0.970321
39	36	1.02181
39	41	0.933417
39	48	1.07388
39	60	0.906064
39	61	1.00883
39	65	0.978802
39	161	0.985948
39	163	0.977757
39	168	0.976237
39	171	1.09056
39	172	0.996764
39	179	1.06518
40	71	0.976239
40	108	0.968622
40	111	0.969798
40	124	0.979074
40	126	1.01423
40	144	0.978983
40	146	1.07033
40	147	0.969061
40	148	0.974253
40	150	0.993004
40	163	1.0713
40	175	0.995267
40	176	0.976738
40	178	1.06282
41	20	1.02351
41	26	0.972021
41	36	1.02351
41	39	0.933417
41	60	0.907765
41	65	0.980502
41	106	1.11433
41	117	0.995228
41	134	1.065
41	146	0.980284
41	161	0.987648
41	167	1.04812
41	168	0.977937
41	172	0.998464
42	3	0.81753
42	31	1.09469
42	38	0.830783
42	53	1.06333
42	81	1.06122
42	95	0.722226
42	97	1.07078
42	99	1.11412
42	101	1.0894
42	108	0.935766
42	147	0.88739
42	168	1.10533
42	179	1.10187
42	180	1.09926
43	23	1.02564
43	48	0.951757
43	68	0.957718
43	82	0.927098
43	95	1.02218
43	112	1.03294
43	129	1.00479
43	139	0.957245
43	146	1.00168
43	149	0.981536
43	153	1.13383
43	166	0.994061
43	168	1.04842
43	176	0.963047
44	81	0.952229
44	97	0.961787
44	98	1.08718
44	140	0.956825
44	141	1.03282
44	143	0.979626
44	151	0.997124
44	155	0.959687
44	160	0.98484
44	161	1.00606
44	176	0.977182
44	177	0.988583
44	178	1.11525
44	179	0.992886
45	52	0.96057
45	76	0.969594
45	87	1.13955
45	99	1.0027
45	101	0.977983
45	103	0.981039
45	135	0.973632
45	139	0.968953
45	151	1.03583
45	167	0.990433
45	170	1.00159
45	174	1.04243
45	178	0.976098
45	180	0.987841
46	15	1.22905
46	90	0.989213
46	132	0.984612
46	135	0.965437
46	140	1.01371
46	156	0.97062
46	159	0.986252
46	161	1.00368
46	162	0.957575
46	168	0.985722
46	170	0.993393
46	175	0.979744
46	178	0.967903
46	180	0.979646
47	79	0.976229
47	117	1.00133
47	132	1.05025
47	136	0.944741
47	140	1.01203
47	143	1.09224
47	145	0.966793
47	164	0.974729
47	166	0.986413
47	170	0.991713
47	175	0.978064
47	177	1.08975
47	178	0.966222
47	180	0.977965
48	39	1.07388
48	43	0.951757
48	76	1.04766
48	124	1.10244
48	126	0.971109
48	129	1.01289
48	130	0.99801
48	139	0.965342
48	165	0.976566
48	169	0.969329
48	177	0.982544
48	178	0.972486
48	179	0.986847
48	180	0.98423
49	78	0.956217
49	98	1.10672
49	117	1.00863
49	130	1.00161
49	140	0.976369
49	150	1.09969
49	155	0.957249
49	157	0.974963
49	171	0.980418
49	172	1.01443
49	173	0.96528
49	174	0.973237
49	177	0.986144
49	179	0.990447
50	11	1.00982
50	29	0.893499
50	31	1.09261
50	34	1.08424
50	58	1.13478
50	67	1.10673
50	76	1.07893
50	99	1.11204
50	101	1.08732
50	107	0.802634
50	136	0.840302
50	142	1.09353
50	153	0.876386
50	168	0.790978
51	8	1.03677
51	59	0.930775
51	93	0.977763
51	111	0.964255
51	124	0.97353
51	126	1.00869
51	144	0.973439
51	147	0.963518
51	161	1.00007
51	163	1.07388
51	168	1.08073
51	172	1.03072
51	176	0.971195
51	180	1.01754
52	1	0.891712
52	10	1.04469
52	28	1.04878
52	30	1.04384
52	45	0.96057
52	68	0.962919
52	103	0.974532
52	112	1.03815
52	129	1.01
52	139	0.962446
52	148	1.12198
52	149	0.986738
52	172	0.988999
52	176	0.968248
53	27	0.987866
53	42	1.06333
53	55	1.09664
53	75	0.956738
53	100	0.975207
53	116	1.10454
53	134	1.01767
53	154	0.984094
53	156	0.963655
53	164	0.969445
53	166	0.981129
53	175	0.972779
53	178	0.960938
53	180	0.972681
54	16	0.969853
54	27	0.993397
54	85	0.936127
54	116	0.967127
54	158	0.982352
54	159	1.05508
54	160	0.986398
54	167	0.996321
54	170	1.07151
54	171	0.984415
54	173	0.969277
54	177	0.990141
54	179	0.994444
54	180	1.09836
55	16	0.921827
55	24	0.980757
55	53	1.09664
55	60	1.19553
55	95	0.981592
55	97	0.957133
55	127	1.02032
55	128	0.959486
55	131	0.944581
55	158	0.976139
55	167	0.990109
55	172	1.01222
55	174	0.971022
55	179	0.988232
56	5	1.08341
56	7	0.823591
56	10	0.866187
56	25	0.992398
56	141	0.871895
56	145	0.941815
56	152	1.04927
56	157	1.03955
56	158	1.04294
56	167	1.05691
56	171	1.045
56	174	1.03782
56	176	1.03933
56	177	1.05073
56	179	1.05503
57	14	1.0069
57	133	1.1187
57	140	0.987866
57	154	0.965217
57	162	0.931733
57	164	0.950568
57	165	0.946141
57	166	0.962252
57	167	1.16525
57	169	0.938904
57	170	0.967551
57	175	0.953902
57	176	1.21206
57	178	0.942061
57	180	0.953804
58	4	1.09353
58	11	0.958842
58	32	1.04134
58	37	1.04783
58	50	1.13478
58	64	0.810972
58	67	1.05575
58	71	0.960025
58	76	1.02796
58	99	1.06106
58	101	1.03634
58	114	1.03349
58	142	1.04256
58	163	0.847046
58	168	0.853896
59	51	0.930775
59	70	1.03643
59	104	0.959418
59	108	0.933896
59	110	0.942491
59	111	0.935073
59	126	0.979504
59	133	0.94554
59	144	0.944257
59	147	0.934336
59	150	0.958279
59	163	1.15372
59	168	1.16057
59	172	1.11056
59	175	1.07769
60	20	0.996156
60	26	0.944668
60	28	1.04945
60	36	0.996156
60	39	0.906064
60	41	0.907765
60	55	1.19553
60	65	0.953149
60	89	0.995249
60	96	0.918802
60	160	1.12009
60	161	0.960296
60	168	0.950584
60	172	0.971111
60	173	1.13893
61	4	1.0946
61	39	1.00883
61	99	1.06214
61	101	1.03742
61	143	0.887111
61	151	0.903672
61	155	0.955795
61	165	1.03961
61	168	1.05335
61	172	1.07388
61	175	1.04737
61	177	0.884626
61	178	1.03553
61	179	0.878838
61	180	1.04727
62	84	1.06494
62	104	0.965016
62	108	0.939494
62	110	0.948089
62	124	0.949946
62	126	0.985101
62	133	0.951137
62	144	0.949855
62	147	0.939933
62	149	1.09689
62	150	0.963876
62	153	0.959942
62	171	1.17625
62	173	1.16955
62	176	0.947611
63	9	1.05109
63	83	0.914581
63	89	0.880523
63	142	1.01569
63	145	1.00817
63	152	0.962881
63	155	1.07459
63	162	0.997268
63	164	1.0161
63	166	1.02779
63	167	0.977077
63	169	1.00444
63	170	1.03309
63	175	1.01944
63	178	1.0076
63	180	1.01934
64	29	1.01727
64	58	0.810972
64	98	0.995056
64	122	1.00707
64	152	0.960568
64	159	1.03115
64	162	1.00248
64	164	1.02131
64	166	1.033
64	169	1.00965
64	170	1.03829
64	175	1.02465
64	176	1.02158
64	178	1.0128
64	179	0.995324
64	180	1.02455
65	17	1.16307
65	20	1.06889
65	26	1.01741
65	36	1.06889
65	39	0.978802
65	41	0.980502
65	60	0.953149
65	96	0.991539
65	117	1.04061
65	120	0.907105
65	156	0.803329
65	158	0.981256
65	161	1.03303
65	168	1.02332
65	171	0.949357
65	172	1.04385
66	7	1.05658
66	113	1.02603
66	115	1.01877
66	123	1.04755
66	127	0.908425
66	137	0.950549
66	141	1.02244
66	159	1.01247
66	165	0.998203
66	166	1.01431
66	169	0.990966
66	170	1.01961
66	171	0.976067
66	175	1.00596
66	177	0.956473
66	180	1.00587
67	4	1.06548
67	11	0.930794
67	32	1.0133
67	34	1.00522
67	37	1.01978
67	50	1.10673
67	58	1.05575
67	76	0.999909
67	99	1.03302
67	101	1.0083
67	105	0.961724
67	115	1.05409
67	149	0.932026
67	167	0.965447
67	176	1.01226
67	180	0.842238
68	35	1.08102
68	38	0.988552
68	43	0.957718
68	52	0.962919
68	74	0.969559
68	82	0.941155
68	83	1.04152
68	89	1.04093
68	103	0.983388
68	109	1.12147
68	112	1.047
68	129	1.01885
68	139	0.971302
68	154	0.928833
68	168	1.01097
68	172	0.960957
68	176	0.977104
69	14	1.04042
69	86	1.13411
69	88	0.950862
69	97	0.962771
69	103	1.02892
69	142	1.01486
69	143	0.980611
69	155	0.960671
69	158	0.981778
69	159	0.960725
69	160	0.985824
69	161	1.00704
69	167	0.995747
69	171	0.983841
69	172	1.01786
69	177	0.989567
69	179	0.99387
70	25	0.846593
70	59	1.03643
70	80	1.12807
70	84	0.818494
70	93	1.08342
70	108	1.06873
70	110	1.07733
70	111	1.06991
70	114	1.00345
70	126	1.11434
70	133	1.08038
70	144	1.0791
70	146	0.816026
70	147	1.06917
70	149	0.850444
70	150	1.09312
70	172	0.773839
71	26	0.979812
71	40	0.976239
71	58	0.960025
71	76	1.06451
71	92	1.05184
71	101	1.03742
71	113	1.01519
71	120	1.00622
71	124	0.984269
71	140	1.02908
71	147	0.974256
71	150	0.998199
71	152	0.991876
71	155	0.964438
71	176	0.981934
71	178	0.983277
71	180	0.99502
72	97	1.0778
72	113	1.01016
72	133	0.936645
72	135	0.975781
72	140	1.02405
72	145	0.978818
72	151	1.02859
72	154	1.0014
72	163	0.990307
72	165	0.982327
72	169	0.97509
72	170	1.00374
72	171	1.02913
72	174	1.03519
72	175	0.990089
72	178	0.978247
72	180	0.98999
73	20	0.812626
73	33	1.08046
73	106	1.06483
73	117	0.772996
73	118	0.870381
73	137	1.09084
73	143	1.07762
73	148	1.07269
73	152	1.08512
73	156	0.874415
73	157	1.07539
73	160	1.08283
73	162	0.907868
73	167	1.09276
73	177	1.08658
73	179	1.09088
73	180	0.851291
74	18	1.314
74	30	0.97881
74	68	0.969559
74	82	0.938939
74	89	1.03871
74	92	0.971025
74	103	0.981173
74	112	1.04479
74	129	1.01664
74	139	0.969087
74	146	1.01352
74	149	0.993378
74	163	0.988292
74	168	0.973977
74	172	0.923966
74	176	0.974888
74	180	0.910782
75	53	0.956738
75	85	1.119
75	116	1.05032
75	121	0.993362
75	140	1.02672
75	142	0.989017
75	143	0.97541
75	154	1.00408
75	156	0.983636
75	159	0.999268
75	164	0.989426
75	169	0.977762
75	170	1.00641
75	174	0.998577
75	178	0.980919
75	179	0.967137
75	180	0.992662
76	4	1.03768
76	11	0.902997
76	31	0.985791
76	32	0.985501
76	37	0.991987
76	45	0.969594
76	48	1.04766
76	50	1.07893
76	58	1.02796
76	67	0.999909
76	71	1.06451
76	99	1.00522
76	101	0.980501
76	105	0.933927
76	148	1.04136
76	153	1.04379
76	172	0.908372
77	4	0.959625
77	86	1.10978
77	106	0.972631
77	115	0.973665
77	120	1.00727
77	127	1.03077
77	142	0.990532
77	143	0.985421
77	145	1.01503
77	151	1.00292
77	160	0.990635
77	169	1.01596
77	171	0.988651
77	173	0.973513
77	174	0.98147
77	177	0.994377
77	179	0.99868
78	49	0.956217
78	79	1.02781
78	87	0.920296
78	97	0.948511
78	106	0.953561
78	116	0.952293
78	120	0.988195
78	121	1.08364
78	140	0.977747
78	160	0.971564
78	161	0.99278
78	165	1.1327
78	167	0.981487
78	170	1.06146
78	171	0.969581
78	174	0.9624
78	177	0.975307
78	178	1.13618
79	47	0.976229
79	78	1.02781
79	128	1.03329
79	142	0.878177
79	143	1.04878
79	151	1.06628
79	153	1.05867
79	154	0.848381
79	158	1.04995
79	160	1.05399
79	164	0.896645
79	166	0.876155
79	168	1.0655
79	171	1.05201
79	173	1.03687
79	174	1.04483
79	178	0.915187
79	179	1.06204
80	12	0.838091
80	70	1.12807
80	104	1.05105
80	107	0.90003
80	108	1.02553
80	124	1.03598
80	126	1.07114
80	133	1.03718
80	142	1.04309
80	144	1.03589
80	146	0.88055
80	147	1.02597
80	150	1.04991
80	152	0.934193
80	161	1.06252
80	163	0.881525
80	176	1.03365
80	177	0.974737
81	12	1.01719
81	17	0.900654
81	42	1.06122
81	44	0.952229
81	88	1.01952
81	90	0.99115
81	103	1.09758
81	132	0.975668
81	148	0.954994
81	155	0.939985
81	163	0.970883
81	166	1.0815
81	171	0.963154
81	173	0.948017
81	174	0.955973
81	177	0.96888
81	178	1.12053
81	180	1.07267
82	10	1.02293
82	43	0.927098
82	68	0.941155
82	74	0.938939
82	84	0.984855
82	87	1.22201
82	92	0.94262
82	95	1.00562
82	112	1.01638
82	129	0.988231
82	139	0.940682
82	143	1.10172
82	146	0.98512
82	163	0.959887
82	165	0.994068
82	169	0.985956
82	176	0.946484
82	177	1.09923
83	63	0.914581
83	68	1.04152
83	92	1.04299
83	108	1.03873
83	113	0.847978
83	119	0.914983
83	129	1.0886
83	139	1.04105
83	144	1.04909
83	147	1.03917
83	150	1.06311
83	158	1.05046
83	162	0.948573
83	173	1.03739
83	174	1.04534
83	175	0.872309
83	179	1.06255
83	180	0.891997
84	36	0.89159
84	62	1.06494
84	70	0.818494
84	82	0.984855
84	92	1.01694
84	97	1.00541
84	100	1.03642
84	103	1.02709
84	108	1.03392
84	111	1.00924
84	126	0.876477
84	139	1.015
84	160	1.02846
84	164	1.03065
84	170	1.04764
84	174	1.0193
84	177	1.0322
84	178	1.02215
84	180	1.03389
85	6	1.00668
85	54	0.936127
85	75	1.119
85	109	0.94214
85	120	0.964108
85	130	0.966686
85	137	0.955489
85	143	0.942264
85	148	0.937334
85	155	0.922324
85	157	0.940039
85	160	0.947477
85	162	1.18349
85	164	1.15624
85	171	0.945494
85	174	0.938313
85	175	1.10723
85	179	0.955523
85	180	1.12691
86	69	1.13411
86	77	1.10978
86	100	0.957596
86	115	1.17324
86	118	0.963397
86	131	1.18415
86	136	0.921847
86	149	0.960474
86	156	0.946044
86	160	1.10499
86	162	0.933
86	164	0.951835
86	165	0.947407
86	166	0.963519
86	168	0.961146
86	169	0.94017
86	175	0.955169
86	178	0.943327
86	180	0.95507
87	45	1.13955
87	78	0.920296
87	82	1.22201
87	91	0.957316
87	125	0.949017
87	127	0.986618
87	134	0.951817
87	137	0.954492
87	145	1.13897
87	146	0.977459
87	148	0.936337
87	159	1.06033
87	164	1.13294
87	167	0.956403
87	173	0.929359
87	174	0.937316
87	176	0.938822
87	177	0.950223
87	179	0.954526
88	69	0.950862
88	81	1.01952
88	90	0.892798
88	121	1.02509
88	128	0.995601
88	135	1.01018
88	140	1.05845
88	145	1.01321
88	154	1.0358
88	156	1.01536
88	162	1.00232
88	168	1.03046
88	169	1.00949
88	170	1.03813
88	175	1.02448
88	177	0.927697
88	178	1.01264
88	179	0.921909
88	180	1.02439
89	28	0.9309
89	60	0.995249
89	63	0.880523
89	68	1.04093
89	74	1.03871
89	92	1.0424
89	93	0.940309
89	103	1.05254
89	132	1.06445
89	139	1.04046
89	142	0.868795
89	161	1.07513
89	166	0.866774
89	168	1.06542
89	172	1.08595
89	173	1.0368
89	178	0.905805
89	179	1.06196
90	5	1.06018
90	46	0.989213
90	81	0.99115
90	88	0.892798
90	120	1.04039
90	125	1.0263
90	131	0.988156
90	137	1.03177
90	152	1.02605
90	154	0.927002
90	162	1.00252
90	166	0.954776
90	167	1.03368
90	171	1.02178
90	173	1.00664
90	174	1.0146
90	175	0.926253
90	177	1.0275
90	179	1.03181
91	87	0.957316
91	115	0.991615
91	116	0.989313
91	122	1.03478
91	128	0.987884
91	151	1.02087
91	155	0.983431
91	156	0.987922
91	158	1.00454
91	165	1.00919
91	167	1.01851
91	168	1.02009
91	169	1.00108
91	171	1.0066
91	173	0.991463
91	174	0.99942
91	175	0.94511
91	177	1.01233
91	178	1.01266
91	179	1.01663
92	38	0.990017
92	71	1.05184
92	74	0.971025
92	82	0.94262
92	83	1.04299
92	84	1.01694
92	89	1.0424
92	95	1.0377
92	103	0.984854
92	112	1.04847
92	114	0.959369
92	122	0.952501
92	129	1.02032
92	139	0.972768
92	148	1.02868
92	163	0.991973
92	171	1.05167
92	172	0.895699
92	176	0.978569
92	179	1.02628
93	51	0.977763
93	70	1.08342
93	89	0.940309
93	108	0.980885
93	109	0.991322
93	110	0.989479
93	111	0.982061
93	114	1.15644
93	124	0.991337
93	126	1.02649
93	133	0.992528
93	144	0.991246
93	146	0.969025
93	147	0.981324
93	150	1.00527
93	161	1.01787
93	168	0.976849
93	170	0.886802
93	173	1.0761
93	176	0.989002
94	5	0.955877
94	14	0.87514
94	22	0.976638
94	24	1.02669
94	135	0.992604
94	136	0.973589
94	145	0.995641
94	154	1.01823
94	156	0.997786
94	157	1.09712
94	159	1.01342
94	162	0.984742
94	164	1.00358
94	165	0.99915
94	169	0.991913
94	170	1.02056
94	173	1.07273
94	175	1.00691
94	178	0.995069
94	180	1.00681
95	1	0.96503
95	12	1.10128
95	35	0.89579
95	38	1.05301
95	42	0.722226
95	43	1.02218
95	55	0.981592
95	82	1.00562
95	92	1.0377
95	103	1.04785
95	109	0.936239
95	112	1.11146
95	129	1.08331
95	139	1.03576
95	146	1.0802
95	149	1.06006
95	153	0.911144
95	157	0.949385
95	163	1.05497
95	176	1.04157
95	177	0.912099
96	17	0.912987
96	60	0.918802
96	65	0.991539
96	101	1.04538
96	104	1.05416
96	112	0.963224
96	118	0.991225
96	123	1.02458
96	124	1.12726
96	126	0.995925
96	132	0.988
96	147	1.10499
96	161	0.998686
96	168	0.988974
96	170	0.996646
96	171	0.975487
96	172	1.0095
96	174	0.968306
96	177	0.981213
96	178	0.971155
96	180	0.982899
97	21	0.973318
97	42	1.07078
97	44	0.961787
97	55	0.957133
97	69	0.962771
97	72	1.0778
97	78	0.948511
97	84	1.00541
97	137	0.982707
97	141	1.01453
97	151	0.986979
97	156	1.07222
97	157	0.967257
97	158	0.970648
97	160	0.974695
97	162	1.10568
97	167	0.984618
97	174	0.965531
97	177	0.978438
97	179	0.982741
97	180	1.0491
98	44	1.08718
98	49	1.10672
98	64	0.995056
98	113	0.99928
98	131	1.07383
98	141	0.995685
98	145	0.967942
98	148	0.963542
98	154	0.990527
98	156	0.970087
98	163	0.979431
98	164	0.975878
98	165	0.971451
98	166	0.987562
98	169	0.964214
98	170	0.992861
98	173	1.01352
98	174	1.02628
98	177	1.00063
98	178	0.96737
98	180	0.979114
99	11	0.936105
99	31	1.0189
99	32	1.01861
99	34	1.01053
99	35	0.962053
99	37	1.0251
99	42	1.11412
99	45	1.0027
99	50	1.11204
99	58	1.06106
99	61	1.06214
99	67	1.03302
99	76	1.00522
99	101	1.01361
99	105	0.967035
99	109	1.0025
99	142	1.01982
99	153	0.977407
99	155	1.04953
99	163	0.88515
99	168	0.892
99	172	0.841989
100	53	0.975207
100	84	1.03642
100	86	0.957596
100	107	0.913757
100	116	1.06586
100	121	1.01183
100	130	0.960904
100	134	0.978995
100	139	0.957415
100	141	1.0277
100	145	0.99996
100	154	1.02255
100	156	1.00211
100	157	1.02575
100	162	0.989061
100	164	1.0079
100	165	1.00347
100	166	1.01958
100	170	1.02488
100	175	1.01123
100	176	1.00893
100	178	0.999388
100	180	1.01113
101	4	1.04607
101	11	0.911386
101	23	0.908515
101	31	0.994179
101	32	0.993889
101	34	0.985807
101	37	1.00038
101	42	1.0894
101	45	0.977983
101	50	1.08732
101	58	1.03634
101	61	1.03742
101	67	1.0083
101	71	1.03742
101	76	0.980501
101	96	1.04538
101	99	1.01361
101	105	0.942316
101	130	0.990096
101	142	0.995103
101	149	0.957887
101	151	1.0367
101	168	0.931294
102	114	0.977899
102	119	1.00627
102	138	1.03634
102	145	0.999014
102	154	1.0216
102	155	1.03797
102	156	1.00116
102	157	1.00408
102	158	1.01829
102	159	1.01679
102	161	0.946367
102	162	0.988115
102	163	1.0105
102	164	1.00695
102	165	1.00252
102	166	1.01863
102	167	0.940451
102	169	0.995286
102	173	0.97969
102	175	1.01028
102	176	0.987266
102	178	0.998443
102	180	1.01019
103	1	0.912182
103	10	1.06516
103	45	0.981039
103	52	0.974532
103	68	0.983388
103	69	1.02892
103	74	0.981173
103	81	1.09758
103	84	1.02709
103	89	1.05254
103	92	0.984854
103	95	1.04785
103	112	1.05862
103	129	1.03046
103	139	0.982916
103	146	1.02735
103	148	1.00237
103	153	1.0048
103	163	1.00212
103	164	0.885525
103	167	0.979409
103	176	0.988717
103	178	0.904066
104	8	1.06542
104	30	1.01183
104	59	0.959418
104	62	0.965016
104	80	1.05105
104	96	1.05416
104	105	1.16542
104	108	0.991722
104	110	1.00032
104	111	0.992898
104	124	1.00217
104	126	1.03733
104	133	1.00336
104	141	0.842311
104	142	1.00928
104	144	1.00208
104	147	0.992161
104	150	1.0161
104	155	1.0976
104	163	0.933222
104	165	0.921269
104	172	0.890061
104	176	0.999838
105	11	0.864813
105	38	1.15964
105	67	0.961724
105	76	0.933927
105	99	0.967035
105	101	0.942316
105	104	1.16542
105	127	0.986883
105	129	1.06881
105	144	1.15045
105	147	1.21625
105	150	1.13258
105	157	0.939307
105	163	0.952491
105	164	0.948938
105	165	0.944511
105	167	0.956669
105	170	0.965921
105	174	0.937581
105	177	0.950488
105	178	0.940431
105	179	0.954791
105	180	0.952174
106	16	0.892197
106	27	0.986744
106	41	1.11433
106	73	1.06483
106	77	0.972631
106	78	0.953561
106	107	1.03719
106	134	0.985082
106	136	1.13322
106	137	0.987756
106	141	0.986138
106	144	1.05133
106	151	0.992029
106	152	0.98203
106	153	0.984418
106	155	0.954592
106	158	0.975698
106	170	0.993851
106	171	0.977762
106	172	1.01178
106	173	0.962624
106	177	0.983488
106	179	0.987791
106	180	1.0207
107	24	1.05576
107	27	1.06219
107	50	0.802634
107	80	0.90003
107	100	0.913757
107	106	1.03719
107	128	1.03449
107	129	0.855123
107	131	1.01959
107	134	1.06053
107	137	1.0632
107	142	0.916991
107	145	0.941488
107	155	1.03004
107	157	1.04775
107	160	1.05519
107	167	1.06512
107	171	1.05321
107	174	1.04603
107	176	1.04753
107	177	1.05893
107	178	0.954001
107	179	1.06324
107	180	0.906134
108	40	0.968622
108	42	0.935766
108	59	0.933896
108	62	0.939494
108	70	1.06873
108	80	1.02553
108	83	1.03873
108	84	1.03392
108	93	0.980885
108	104	0.991722
108	110	0.974794
108	124	0.976652
108	126	1.01181
108	133	0.977843
108	137	1.11972
108	144	0.97656
108	146	1.03145
108	147	0.966639
108	149	1.06587
108	150	0.990582
108	161	1.00319
108	163	1.03243
108	172	0.989266
108	176	0.974316
109	26	0.984184
109	32	1.03853
109	37	0.992593
109	68	1.12147
109	85	0.94214
109	93	0.991322
109	95	0.936239
109	99	1.0025
109	110	0.985231
109	127	1.03255
109	133	0.98828
109	136	0.964616
109	139	1.12349
109	144	0.986998
109	147	0.977076
109	150	1.00102
109	154	1.00925
109	155	0.967258
109	162	0.975769
109	175	0.997938
109	177	0.996154
109	178	0.986097
109	179	1.00046
109	180	0.99784
110	12	1.0077
110	19	0.907854
110	59	0.942491
110	62	0.948089
110	70	1.07733
110	93	0.989479
110	104	1.00032
110	108	0.974794
110	109	0.985231
110	111	0.97597
110	117	1.01936
110	119	1.01778
110	122	1.06478
110	124	0.985246
110	133	0.986437
110	142	0.992352
110	144	0.985155
110	147	0.975233
110	148	0.980425
110	150	0.999176
110	160	1.1384
110	168	1.05798
110	172	1.00797
110	176	0.982911
111	8	1.04107
111	40	0.969798
111	51	0.964255
111	59	0.935073
111	70	1.06991
111	84	1.00924
111	93	0.982061
111	104	0.992898
111	110	0.97597
111	117	1.01195
111	131	1.17416
111	133	0.979019
111	144	0.977737
111	147	0.967815
111	148	0.973007
111	149	1.04119
111	150	0.991758
111	153	0.987824
111	161	1.00437
111	163	1.00774
111	165	0.995789
111	168	1.01459
111	172	0.964581
111	176	0.975493
112	1	0.975795
112	2	0.856739
112	30	0.853966
112	38	1.06378
112	43	1.03294
112	52	1.03815
112	68	1.047
112	74	1.04479
112	82	1.01638
112	92	1.04847
112	95	1.11146
112	96	0.963224
112	103	1.05862
112	114	1.03313
112	129	1.09408
112	130	0.907935
112	139	1.04653
112	148	0.932108
112	149	1.07082
112	153	0.934541
112	161	0.915065
112	162	0.842515
112	163	1.06573
112	176	1.05233
113	5	0.832862
113	15	1.14176
113	24	0.903671
113	66	1.02603
113	71	1.01519
113	72	1.01016
113	83	0.847978
113	98	0.99928
113	119	1.02486
113	123	1.07045
113	138	1.05492
113	140	1.06283
113	154	1.04019
113	160	0.930871
113	162	1.0067
113	165	1.02111
113	166	1.03722
113	169	1.01387
113	170	1.04252
113	174	0.962474
113	175	1.02887
113	176	0.957289
113	178	1.01703
113	179	0.931034
113	180	1.02877
114	34	1.04907
114	38	0.97468
114	58	1.03349
114	70	1.00345
114	92	0.959369
114	93	1.15644
114	102	0.977899
114	112	1.03313
114	125	0.973427
114	126	1.06143
114	129	1.00498
114	131	0.935285
114	139	0.957431
114	144	1.1047
114	150	1.08683
114	151	0.983174
114	162	0.954248
114	164	0.973083
114	166	0.984767
114	171	0.968907
114	173	0.953769
114	174	0.961726
114	176	0.963232
114	178	0.964575
114	180	0.976319
115	15	0.910754
115	18	0.916597
115	24	0.981349
115	66	1.01877
115	67	1.05409
115	77	0.973665
115	86	1.17324
115	91	0.991615
115	120	0.99741
115	128	0.960079
115	130	0.999988
115	143	0.975565
115	154	1.0242
115	155	0.955626
115	157	0.97334
115	158	0.976732
115	160	0.980779
115	166	1.05198
115	167	0.990702
115	169	1.07942
115	171	0.978795
115	173	0.963658
115	177	0.984521
115	178	1.09101
115	179	0.988825
116	18	0.914295
116	53	1.10454
116	54	0.967127
116	75	1.05032
116	78	0.952293
116	91	0.989313
116	100	1.06586
116	119	1.08123
116	128	0.957777
116	131	0.942872
116	142	1.0691
116	143	0.973264
116	149	0.989309
116	151	0.990761
116	152	0.980762
116	159	1.01496
116	160	0.978477
116	167	0.9884
116	168	0.989981
116	171	0.976494
116	174	0.969313
116	176	0.970819
116	177	0.98222
116	178	1.10611
116	179	0.986523
117	18	1.15621
117	22	0.819346
117	41	0.995228
117	47	1.00133
117	49	1.00863
117	65	1.04061
117	73	0.772996
117	110	1.01936
117	111	1.01195
117	125	0.936243
117	126	1.05638
117	144	1.02113
117	147	1.01121
117	150	1.03515
117	151	0.921591
117	157	0.93983
117	158	0.954038
117	159	1.03858
117	161	1.04776
117	166	1.04042
117	168	1.03805
117	172	1.05857
117	175	1.03207
117	178	1.02023
117	180	1.03197
118	28	1.02511
118	73	0.870381
118	86	0.963397
118	96	0.991225
118	119	1.01302
118	121	1.01763
118	122	0.999452
118	123	1.05861
118	132	0.96043
118	134	0.990461
118	141	1.0335
118	145	1.00576
118	156	1.00791
118	160	0.993979
118	161	0.979499
118	162	0.994861
118	164	1.0137
118	165	1.00927
118	166	1.02538
118	169	1.00203
118	174	1.02558
118	175	1.01703
118	177	0.99993
118	178	1.00519
118	179	0.994142
118	180	1.01693
119	19	0.767334
119	25	1.01345
119	83	0.914983
119	102	1.00627
119	110	1.01778
119	113	1.02486
119	116	1.08123
119	118	1.01302
119	122	0.987212
119	123	1.04637
119	138	1.03084
119	140	1.03875
119	141	1.02126
119	143	1.00631
119	156	0.995666
119	160	0.997875
119	164	1.00146
119	165	0.997029
119	166	1.01314
119	169	0.989792
119	170	1.01844
119	175	1.00479
119	176	1.02429
119	178	0.992949
119	179	0.998039
119	180	1.00469
120	29	1.02905
120	65	0.907105
120	71	1.00622
120	77	1.00727
120	78	0.988195
120	85	0.964108
120	90	1.04039
120	115	0.99741
120	121	0.953514
120	132	1.02491
120	133	1.03484
120	145	0.993537
120	149	1.02521
120	151	1.02666
120	155	0.989226
120	158	1.01033
120	161	1.0356
120	166	0.967017
120	169	0.994463
120	170	0.931331
120	171	1.0124
120	173	0.997258
120	174	1.00522
120	177	1.01812
120	178	1.00605
120	179	1.02243
121	21	1.04774
121	75	0.993362
121	78	1.08364
121	88	1.02509
121	100	1.01183
121	118	1.01763
121	120	0.953514
121	123	1.05099
121	127	0.928125
121	132	0.936672
121	134	0.966704
121	136	0.976082
121	137	0.970248
121	143	0.978658
121	151	0.995218
121	154	1.02072
121	156	1.00028
121	159	1.01591
121	162	0.987235
121	165	1.00164
121	166	1.01775
121	169	0.994406
121	170	1.02305
121	175	1.0094
121	178	0.997562
121	180	1.00931
122	7	1.04184
122	28	0.9993
122	34	0.876264
122	64	1.00707
122	91	1.03478
122	92	0.952501
122	110	1.06478
122	118	0.999452
122	119	0.987212
122	136	0.957902
122	138	1.01728
122	143	1.05331
122	145	0.979954
122	153	0.990371
122	154	1.00254
122	161	1.0304
122	162	0.969055
122	164	0.98789
122	166	0.999574
122	169	0.976226
122	170	1.00487
122	172	1.01773
122	175	0.991224
122	177	1.05083
122	178	0.979383
122	179	1.04504
122	180	0.991126
123	66	1.04755
123	96	1.02458
123	113	1.07045
123	118	1.05861
123	119	1.04637
123	121	1.05099
123	127	0.847841
123	135	1.03608
123	137	0.889965
123	145	1.03912
123	146	1.07584
123	149	1.05569
123	157	0.933174
123	158	0.947382
123	160	0.889937
123	162	1.02822
123	165	1.04262
123	166	1.05874
123	169	1.03539
123	170	1.06403
123	171	0.915483
123	172	1.07689
123	173	0.90878
123	177	0.895889
123	178	1.03854
123	179	0.890101
123	180	1.05029
124	8	1.05035
124	35	1.00313
124	40	0.979074
124	48	1.10244
124	51	0.97353
124	62	0.949946
124	71	0.984269
124	80	1.03598
124	93	0.991337
124	96	1.12726
124	104	1.00217
124	108	0.976652
124	110	0.985246
124	126	1.02226
124	133	0.988295
124	140	0.83941
124	142	0.99421
124	144	0.987012
124	146	1.00534
124	147	0.977091
124	150	1.00103
124	152	1.05899
124	161	1.01364
124	163	1.00632
124	168	1.01317
124	176	0.984768
124	180	0.949971
125	10	0.974265
125	14	1.05488
125	18	0.936103
125	23	1.01379
125	29	1.01495
125	87	0.949017
125	90	1.0263
125	114	0.973427
125	117	0.936243
125	128	0.979585
125	131	0.96468
125	134	1.00562
125	135	1.05703
125	143	0.995072
125	144	1.04516
125	151	1.01257
125	154	0.995599
125	155	0.975132
125	157	0.992846
125	160	1.00029
125	162	1.07112
125	167	1.01021
125	173	0.983164
125	175	0.99485
125	177	1.00403
125	179	1.00833
125	180	1.01454
126	3	1.07771
126	40	1.01423
126	48	0.971109
126	51	1.00869
126	59	0.979504
126	62	0.985101
126	70	1.11434
126	80	1.07114
126	84	0.876477
126	93	1.02649
126	96	0.995925
126	104	1.03733
126	108	1.01181
126	114	1.06143
126	117	1.05638
126	124	1.02226
126	133	1.02345
126	144	1.02217
126	147	1.01225
126	149	0.908427
126	150	1.03619
126	153	1.03225
126	161	1.0488
126	163	0.874984
126	168	0.881834
126	176	1.01992
126	177	0.968196
126	178	0.866505
127	5	1.07431
127	21	0.857012
127	55	1.02032
127	66	0.908425
127	77	1.03077
127	87	0.986618
127	105	0.986883
127	109	1.03255
127	121	0.928125
127	123	0.847841
127	130	1.05709
127	132	1.04842
127	136	1.04531
127	137	1.0459
127	143	1.03267
127	145	0.968147
127	152	1.04017
127	155	1.01273
127	157	1.03045
127	158	1.03384
127	159	0.889512
127	165	0.977185
127	169	0.969073
127	173	1.02076
127	174	1.02872
127	176	1.03023
127	177	1.04163
127	179	1.04593
128	2	1.02781
128	15	0.907024
128	55	0.959486
128	79	1.03329
128	88	0.995601
128	91	0.987884
128	107	1.03449
128	115	0.960079
128	116	0.957777
128	125	0.979585
128	134	0.982386
128	138	0.994173
128	141	1.01418
128	144	1.07937
128	151	0.989333
128	155	0.951895
128	156	1.07187
128	157	0.96961
128	158	0.973002
128	160	0.977048
128	162	1.10532
128	164	1.07807
128	167	0.986972
128	168	0.988553
128	174	0.967884
128	177	0.980791
128	179	0.985094
128	180	1.04874
129	1	0.947644
129	10	1.10063
129	33	0.951143
129	38	1.03563
129	43	1.00479
129	48	1.01289
129	52	1.01
129	68	1.01885
129	74	1.01664
129	82	0.988231
129	83	1.0886
129	92	1.02032
129	95	1.08331
129	103	1.03046
129	105	1.06881
129	107	0.855123
129	112	1.09408
129	114	1.00498
129	139	1.01838
129	146	1.06282
129	153	0.928875
129	158	0.981323
129	161	0.909399
129	163	1.03758
129	168	0.843468
129	171	0.949424
129	176	1.02418
129	179	0.924043
130	17	0.952473
130	22	1.07706
130	24	1.01753
130	25	1.03922
130	30	1.02129
130	48	0.99801
130	49	1.00161
130	85	0.966686
130	100	0.960904
130	101	0.990096
130	112	0.907935
130	115	0.999988
130	127	1.05709
130	132	1.02749
130	137	1.02497
130	145	0.988635
130	152	1.01924
130	154	0.934341
130	157	1.00952
130	160	1.01696
130	163	1.0227
130	164	0.982606
130	167	1.02688
130	171	1.01497
130	173	0.999836
130	175	0.933592
130	177	1.0207
130	179	1.025
130	180	0.95328
131	6	1.02135
131	55	0.944581
131	86	1.18415
131	90	0.988156
131	98	1.07383
131	107	1.01959
131	111	1.17416
131	114	0.935285
131	116	0.942872
131	125	0.96468
131	134	0.967481
131	142	1.0649
131	151	0.974428
131	152	0.964428
131	155	0.936991
131	157	0.954705
131	159	1.01076
131	160	0.962144
131	161	0.983359
131	167	0.972067
131	168	0.973648
131	170	1.02719
131	171	0.96016
131	173	0.945022
131	174	0.952979
131	177	0.965886
131	178	1.10191
131	179	0.970189
131	180	1.05404
132	6	1.06748
132	9	0.875771
132	29	1.02295
132	30	1.01261
132	46	0.984612
132	47	1.05025
132	81	0.975668
132	89	1.06445
132	96	0.988
132	118	0.96043
132	120	1.02491
132	121	0.936672
132	127	1.04842
132	130	1.02749
132	137	1.01629
132	145	0.976695
132	155	0.983125
132	157	1.00084
132	158	1.00423
132	163	1.01402
132	169	0.97762
132	171	1.0063
132	172	1.04031
132	173	0.991157
132	174	0.999114
132	176	1.00062
132	177	1.01202
132	178	0.989207
132	180	0.94134
133	3	1.04375
133	8	1.05154
133	57	1.1187
133	59	0.94554
133	62	0.951137
133	70	1.08038
133	72	0.936645
133	80	1.03718
133	93	0.992528
133	104	1.00336
133	108	0.977843
133	109	0.98828
133	110	0.986437
133	111	0.979019
133	120	1.03484
133	124	0.988295
133	126	1.02345
133	144	0.988204
133	147	0.978282
133	148	0.983474
133	150	1.00222
133	153	0.99829
133	161	1.01483
133	163	0.96429
133	165	0.952337
133	167	1.03115
133	168	0.97114
133	171	1.0771
133	172	0.921129
133	176	0.98596
134	33	1.00071
134	41	1.065
134	53	1.01767
134	87	0.951817
134	100	0.978995
134	106	0.985082
134	107	1.06053
134	118	0.990461
134	121	0.966704
134	125	1.00562
134	128	0.982386
134	131	0.967481
134	137	1.0111
134	143	0.997872
134	151	1.01537
134	152	1.00537
134	157	0.995647
134	158	0.999039
134	165	1.01576
134	166	0.980207
134	167	1.01301
134	168	1.01459
134	169	1.00765
134	171	1.0011
134	173	0.985964
134	174	0.993921
134	176	0.995428
134	177	1.00683
134	179	1.01113
134	180	0.971372
135	16	1.03897
135	19	0.786842
135	22	0.940136
135	29	1.03949
135	45	0.973632
135	46	0.965437
135	72	0.975781
135	88	1.01018
135	94	0.992604
135	123	1.03608
135	125	1.05703
135	138	1.02055
135	140	1.02846
135	141	1.01097
135	146	1.01995
135	153	0.993641
135	157	1.06062
135	159	1.001
135	162	0.972326
135	164	0.991161
135	165	0.986734
135	166	1.00285
135	170	1.00814
135	173	1.03623
135	174	1.04899
135	175	0.994495
135	177	1.02333
135	178	0.982653
135	179	1.01755
135	180	0.994397
136	7	1.0261
136	25	0.984142
136	47	0.944741
136	50	0.840302
136	86	0.921847
136	94	0.973589
136	106	1.13322
136	109	0.964616
136	121	0.976082
136	122	0.957902
136	127	1.04531
136	141	0.991953
136	149	0.980785
136	151	1.1124
136	154	0.986795
136	156	0.966356
136	159	0.981988
136	162	0.953311
136	164	0.972146
136	165	0.967719
136	166	0.98383
136	167	1.06701
136	169	0.960482
136	170	0.989129
136	172	1.00198
136	174	1.11901
136	175	0.97548
136	176	1.11383
136	177	1.09336
136	178	0.963639
136	179	1.08757
136	180	0.975382
137	15	0.935735
137	18	0.941578
137	66	0.950549
137	73	1.09084
137	85	0.955489
137	87	0.954492
137	90	1.03177
137	97	0.982707
137	106	0.987756
137	107	1.0632
137	108	1.11972
137	121	0.970248
137	123	0.889965
137	127	1.0459
137	130	1.02497
137	132	1.01629
137	134	1.0111
137	139	1.09343
137	141	0.940351
137	151	1.01804
137	152	1.00804
137	157	0.998321
137	160	1.00576
137	164	1.00424
137	165	1.01931
137	167	1.01568
137	170	0.948065
137	171	1.00378
137	173	0.988639
137	174	0.996595
137	175	0.955228
137	177	1.0095
137	179	1.01381
138	2	0.847512
138	8	0.82016
138	29	0.942427
138	33	0.947582
138	102	1.03634
138	113	1.05492
138	119	1.03084
138	122	1.01728
138	128	0.994173
138	135	1.02055
138	140	1.06882
138	145	1.02358
138	148	1.01918
138	153	1.034
138	154	1.04617
138	155	0.997438
138	156	1.02573
138	157	0.963554
138	159	1.04136
138	160	0.920317
138	161	0.905837
138	162	1.01269
138	163	1.03507
138	165	1.02709
138	166	1.0432
138	168	1.04083
138	169	1.01986
138	170	1.0485
138	172	1.06136
138	175	1.03485
138	176	0.946736
138	177	0.926268
138	178	1.02301
138	180	1.03476
139	1	0.900096
139	10	1.05308
139	12	1.03634
139	16	0.821286
139	30	1.01782
139	38	0.988079
139	43	0.957245
139	45	0.968953
139	48	0.965342
139	52	0.962446
139	68	0.971302
139	74	0.969087
139	82	0.940682
139	83	1.04105
139	84	1.015
139	89	1.04046
139	92	0.972768
139	95	1.03576
139	100	0.957415
139	103	0.982916
139	109	1.12349
139	112	1.04653
139	114	0.957431
139	129	1.01838
139	137	1.09343
139	146	1.01527
139	148	1.09596
139	149	0.995121
139	152	1.05881
139	163	0.990035
139	172	0.962976
139	174	1.125
139	176	0.976631
139	180	0.949792
140	18	1.12394
140	30	1.04157
140	44	0.956825
140	46	1.01371
140	47	1.01203
140	49	0.976369
140	57	0.987866
140	71	1.02908
140	72	1.02405
140	75	1.02672
140	78	0.977747
140	88	1.05845
140	113	1.06283
140	119	1.03875
140	124	0.83941
140	135	1.02846
140	138	1.06882
140	145	1.0315
140	154	1.05408
140	155	0.941448
140	156	1.03364
140	158	0.921772
140	159	1.04927
140	161	0.849847
140	162	1.0206
140	164	1.03943
140	165	1.035
140	169	1.02777
140	171	0.889872
