1	34	0.975927
1	47	0.907223
1	79	0.934682
1	83	0.867355
1	85	0.846275
1	90	0.92983
1	104	0.834622
1	105	0.904061
1	119	1.22126
1	162	1.20169
1	166	1.18712
1	179	1.19278
2	13	1.0478
2	119	0.955468
2	135	1.02091
2	136	0.980457
2	142	1.00952
2	150	1.00513
2	162	0.935901
2	164	1.02689
2	166	1.03053
2	169	1.02944
2	170	1.0349
2	179	0.926988
3	29	0.893638
3	113	0.974824
3	136	1.01826
3	139	1.0322
3	141	1.02437
3	159	0.986331
3	164	0.985806
3	172	1.04541
3	177	0.895681
3	178	1.03861
3	179	1.04928
3	180	1.04928
4	14	1.14586
4	39	1.26615
4	98	0.94818
4	115	0.909326
4	154	0.879794
4	155	0.885548
4	158	1.18337
4	164	0.885023
4	166	0.888663
4	167	0.910445
4	170	0.893038
4	176	1.20881
5	26	0.987743
5	69	1.02336
5	93	1.02112
5	112	1.00651
5	114	1.06471
5	122	1.01111
5	143	1.01332
5	165	0.955143
5	168	0.928934
5	169	0.967835
5	177	1.08545
5	180	0.939321
6	94	0.992863
6	114	0.901659
6	115	0.984457
6	133	1.04312
6	137	1.00832
6	140	1.05793
6	151	1.01779
6	156	1.00695
6	159	1.01737
6	166	0.938755
6	168	1.04854
6	173	0.981046
7	45	1.17641
7	109	1.22415
7	118	1.17195
7	155	1.22308
7	172	0.901489
7	173	0.895304
7	174	0.897657
7	175	0.891139
7	176	0.909087
7	178	0.894692
7	179	0.905362
7	180	0.905362
8	64	1.03647
8	92	1.01683
8	99	1.07895
8	101	0.986552
8	103	1.03482
8	128	1.00351
8	131	1.0258
8	136	1.00362
8	138	0.963798
8	165	0.985184
8	177	0.90002
8	180	0.969362
9	21	0.936317
9	24	0.875036
9	34	0.974577
9	47	0.905874
9	79	0.933332
9	85	0.844926
9	96	1.25182
9	104	0.833272
9	132	0.896675
9	140	1.17374
9	149	1.16476
9	179	1.21017
10	28	0.819706
10	31	1.07581
10	32	1.0625
10	46	0.96479
10	74	1.14105
10	81	1.03732
10	92	1.00183
10	103	1.01982
10	106	1.00801
10	141	0.994731
10	157	0.94218
10	179	0.939328
11	45	0.921078
11	59	1.01368
11	76	1.07697
11	112	0.905264
11	114	0.963459
11	117	0.902453
11	122	0.909863
11	166	1.08959
11	171	1.11044
11	174	1.12637
11	177	0.984204
12	136	1.00062
12	140	0.910721
12	145	0.934547
12	156	0.986493
12	160	1.00522
12	170	0.961861
12	171	1.03569
12	173	1.02877
12	175	1.0246
12	178	1.02815
12	179	1.03882
12	180	1.03882
13	2	1.0478
13	55	1.01472
13	63	0.885594
13	91	0.96838
13	94	1.0342
13	97	0.925655
13	164	1.00721
13	166	1.01085
13	167	1.03263
13	170	1.01522
13	177	1.07159
13	180	0.98412
14	4	1.14586
14	51	0.945461
14	102	0.818667
14	160	1.00335
14	164	0.960012
14	167	0.924239
14	172	1.03309
14	175	1.02274
14	176	1.04069
14	178	1.02629
14	179	1.03696
14	180	1.03696
15	16	1.05375
15	72	0.916187
15	115	0.977071
15	123	1.01405
15	137	1.01849
15	139	1.00097
15	140	1.0681
15	156	1.01712
15	159	1.02754
15	163	0.967304
15	174	0.968154
15	175	0.972273
16	15	1.05375
16	49	1.0139
16	90	0.941742
16	118	1.05199
16	121	1.03731
16	135	0.987027
16	149	1.01407
16	152	0.970021
16	155	0.95941
16	161	1.01356
16	168	1.01542
16	178	0.944258
17	43	1.08014
17	62	0.982062
17	87	0.902711
17	146	1.04068
17	155	1.02794
17	166	1.03106
17	167	1.05284
17	168	0.921267
17	169	1.02997
17	170	1.03543
17	176	0.964706
17	179	0.933285
18	112	1.20204
18	115	0.903672
18	121	1.13544
18	137	1.23668
18	151	1.22107
18	155	0.879893
18	167	0.90479
18	170	0.887384
18	174	0.899372
18	176	0.910802
18	179	0.907076
18	180	0.907076
19	42	1.06578
19	54	0.998908
19	154	1.01556
19	155	1.02131
19	158	0.950533
19	161	0.962068
19	164	1.02079
19	166	1.02443
19	169	1.02334
19	170	1.0288
19	178	0.953461
19	180	0.942923
20	40	1.05782
20	102	1.13504
20	107	1.04658
20	137	0.997521
20	139	0.979996
20	142	0.957792
20	151	1.00698
20	154	0.944937
20	156	0.996148
20	168	1.03774
20	176	0.932282
20	178	0.909767
21	9	0.936317
21	33	0.867784
21	75	1.07816
21	79	1.09508
21	85	1.00667
21	104	0.995016
21	105	1.06446
21	116	1.04405
21	132	1.05842
21	148	0.956769
21	171	0.942542
21	176	0.958765
22	133	1.02261
22	146	1.01909
22	153	1.04037
22	156	1.06603
22	159	1.04636
22	172	0.976489
22	173	0.970304
22	174	0.972657
22	175	0.966139
22	176	0.984087
22	178	0.969692
22	179	0.980362
22	180	0.980362
23	29	1.03464
23	68	0.99619
23	74	1.19879
23	98	0.94364
23	126	0.98509
23	144	1.01472
23	148	0.953342
23	151	0.945822
23	153	0.962949
23	159	0.9454
23	168	0.976579
23	170	1.01178
23	173	1.0337
24	9	0.875036
24	79	1.0338
24	85	0.945389
24	90	1.02894
24	104	0.933735
24	105	1.00317
24	116	0.982771
24	132	0.997138
24	144	1.03505
24	147	1.05364
24	152	1.05206
24	161	1.03491
24	165	1.03158
25	45	1.10273
25	66	1.12887
25	69	1.10377
25	89	1.00344
25	90	0.844906
25	112	1.08692
25	118	0.81144
25	122	1.09152
25	131	1.12034
25	165	0.852707
25	167	0.821895
25	174	0.869643
25	177	1.16586
26	5	0.987743
26	27	0.929781
26	66	0.980368
26	71	0.9733
26	79	0.994793
26	83	1.07606
26	114	0.996607
26	122	0.943011
26	131	0.971837
26	151	1.04374
26	176	1.05333
26	177	1.01735
26	178	1.03081
27	26	0.929781
27	66	0.990505
27	71	0.983437
27	93	0.963159
27	114	1.00674
27	117	0.945738
27	122	0.953148
27	144	1.03839
27	165	1.03493
27	169	1.04762
27	175	1.05598
27	177	1.02749
27	178	1.02965
28	10	0.819706
28	34	0.818462
28	109	0.877888
28	123	1.07991
28	135	0.904438
28	154	0.896839
28	155	0.876821
28	156	1.08298
28	165	1.11433
28	172	1.13136
28	175	1.12101
28	179	1.13523
28	180	1.13523
29	3	0.893638
29	23	1.03464
29	44	1.04962
29	124	0.916956
29	137	1.03823
29	139	1.0207
29	151	1.04769
29	153	1.06482
29	154	0.943445
29	157	0.902221
29	159	1.04727
29	165	1.0682
29	168	1.07845
29	179	0.899369
30	49	0.946812
30	107	0.957181
30	122	1.12293
30	137	0.908118
30	140	0.957722
30	148	0.925101
30	153	0.934709
30	156	0.906744
30	159	0.91716
30	160	1.14316
30	161	0.946469
30	172	1.10951
30	178	1.11932
30	180	1.10878
31	10	1.07581
31	41	0.99069
31	74	1.0932
31	83	1.05575
31	100	0.953702
31	103	1.09807
31	106	1.08626
31	128	1.06675
31	141	1.07298
31	158	0.897452
31	168	0.879456
31	172	0.890578
31	174	0.922601
31	176	0.922895
32	10	1.0625
32	89	1.05458
32	100	0.940388
32	103	1.08475
32	106	1.07295
32	124	1.07277
32	128	1.05343
32	133	0.885591
32	136	1.05355
32	141	1.05966
32	152	0.924324
32	169	0.916537
32	173	0.926287
32	178	0.898561
33	21	0.867784
33	66	0.921615
33	93	0.941916
33	115	0.952869
33	116	0.947536
33	136	0.966294
33	139	1.00417
33	153	1.04828
33	156	1.02032
33	168	1.06191
33	175	1.05835
33	178	1.0619
33	179	1.07257
33	180	1.07257
34	1	0.975927
34	9	0.974577
34	28	0.818462
34	47	1.10588
34	83	1.06601
34	85	1.04493
34	104	1.03328
34	105	1.10272
34	132	1.09668
34	143	1.01045
34	168	0.926066
34	173	0.974717
34	179	0.938084
34	180	0.936453
35	45	1.0324
35	52	0.932296
35	68	1.06781
35	78	1.0637
35	113	1.01075
35	114	1.07478
35	117	1.01378
35	144	0.917864
35	151	1.01744
35	153	1.03457
35	163	0.930486
35	170	0.914924
35	177	1.09553
35	179	0.900209
36	71	1.08274
36	123	1.14395
36	135	1.18326
36	146	1.124
36	163	0.922927
36	172	0.936123
36	173	0.929939
36	174	0.932292
36	175	0.925774
36	176	0.943722
36	177	1.06061
36	178	0.929326
36	179	0.939996
36	180	0.939996
37	51	0.922962
37	94	1.03061
37	108	0.900557
37	115	0.958406
37	117	0.9934
37	146	0.910772
37	168	0.906344
37	171	1.05619
37	173	1.04926
37	174	1.05162
37	175	1.0451
37	178	1.04865
37	179	1.05932
37	180	1.05932
38	84	0.96246
38	111	0.944997
38	118	1.09288
38	119	0.909411
38	121	1.0782
38	133	1.05089
38	137	1.01609
38	142	0.937862
38	143	0.953295
38	149	1.05496
38	151	1.02555
38	159	1.02513
38	168	1.05631
38	171	0.896129
39	4	1.26615
39	45	0.922141
39	59	1.01475
39	88	0.871617
39	93	0.920937
39	112	0.906328
39	114	0.964523
39	117	0.903517
39	120	1.13494
39	122	0.910926
39	162	1.07007
39	166	1.05549
39	171	1.07635
39	177	0.985267
40	20	1.05782
40	51	1.13394
40	58	1.18358
40	70	1.1045
40	92	1.11383
40	158	0.927317
40	160	0.909556
40	173	0.933106
40	174	0.935459
40	175	0.928941
40	176	0.946889
40	178	0.932493
40	179	0.943163
40	180	0.943163
41	31	0.99069
41	43	1.24972
41	67	0.933114
41	81	0.952201
41	94	0.905802
41	99	0.978822
41	106	0.922893
41	128	0.903382
41	134	1.04491
41	136	0.9035
41	141	0.90961
41	149	1.05746
41	153	1.11656
41	163	1.13314
42	19	1.06578
42	76	0.916123
42	127	0.949868
42	131	0.8794
42	146	1.04455
42	152	0.969062
42	155	1.03181
42	158	0.940372
42	161	0.951906
42	164	1.03129
42	166	1.03493
42	167	1.05671
42	170	1.0393
42	177	1.09567
43	17	1.08014
43	41	1.24972
43	114	1.07649
43	129	1.14218
43	138	0.94825
43	150	0.896739
43	151	0.906436
43	165	0.926947
43	168	0.937193
43	176	0.951577
43	177	1.04827
43	178	0.937182
43	179	0.947852
43	180	0.947852
44	29	1.04962
44	91	1.10526
44	129	1.14557
44	138	0.939671
44	139	1.18818
44	158	0.923427
44	163	0.922203
44	167	1.10601
44	172	0.935399
44	173	0.929215
44	176	0.942998
44	178	0.928603
44	179	0.939273
44	180	0.939273
45	7	1.17641
45	11	0.921078
45	25	1.10273
45	35	1.0324
45	39	0.922141
45	70	1.01552
45	101	0.965326
45	117	0.970183
45	122	0.977593
45	131	1.00642
45	138	0.942572
45	159	0.969445
45	165	0.963959
45	173	0.9864
45	177	1.05193
46	10	0.96479
46	69	0.92852
46	77	0.963613
46	85	1.099
46	91	0.998607
46	107	1.01546
46	126	1.01513
46	140	1.016
46	148	0.983383
46	153	0.99299
46	159	0.975441
46	164	1.017
46	165	0.996374
46	168	1.00662
46	169	1.02473
47	1	0.907223
47	9	0.905874
47	34	1.10588
47	79	1.06463
47	85	0.976227
47	96	1.01295
47	97	0.9112
47	104	0.964573
47	105	1.03401
47	116	1.01361
47	117	1.04633
47	132	1.02798
47	143	1.04366
47	160	1.00405
47	165	0.985487
48	79	1.04023
48	85	0.951828
48	100	1.16771
48	104	0.940175
48	105	1.00961
48	107	0.949327
48	111	1.00476
48	123	0.953054
48	151	0.96252
48	153	0.954379
48	173	1.00499
48	176	1.01877
48	178	1.00437
48	179	1.01504
48	180	1.01504
49	16	1.0139
49	30	0.946812
49	57	1.00239
49	76	0.989124
49	78	1.03437
49	88	0.95255
49	121	1.04076
49	125	1.03342
49	134	0.949435
49	143	1.07976
49	151	0.988111
49	158	1.01337
49	159	0.987689
49	176	1.03882
49	177	0.936421
50	119	1.01393
50	126	1.02761
50	133	1.01368
50	137	0.978883
50	139	0.961358
50	140	1.02849
50	142	1.04239
50	143	1.05782
50	153	1.00547
50	156	0.977509
50	158	0.991433
50	159	0.987925
50	168	1.0191
50	177	0.914481
50	180	0.983823
51	14	0.945461
51	37	0.922962
51	40	1.13394
51	109	0.988043
51	135	0.990304
51	146	1.00955
51	147	1.01324
51	154	0.991056
51	164	0.996285
51	166	0.999925
51	167	1.02171
51	169	0.998837
51	170	1.0043
51	172	0.976089
51	175	1.01223
52	35	0.932296
52	78	0.974317
52	103	1.00006
52	142	1.0614
52	151	1.0263
52	163	0.989594
52	166	0.998814
52	172	1.00279
52	173	0.996605
52	174	0.998958
52	175	0.99244
52	176	1.01039
52	178	0.995993
52	179	1.00666
52	180	1.00666
53	59	0.955659
53	70	0.996213
53	71	0.972209
53	112	1.02386
53	152	0.991234
53	158	0.992982
53	163	0.991759
53	168	1.00904
53	170	1.03577
53	174	1.00112
53	175	0.994606
53	176	1.01255
53	178	0.998159
53	179	1.00883
53	180	1.00883
54	19	0.998908
54	63	0.926581
54	80	1.00313
54	126	1.00759
54	160	0.974811
54	164	1.04589
54	167	1.01012
54	171	1.00528
54	173	0.99836
54	174	1.00071
54	175	0.994196
54	176	1.01214
54	178	0.997748
54	179	1.00842
54	180	1.00842
55	13	1.01472
55	102	0.888336
55	108	1.01508
55	123	1.02289
55	129	0.974394
55	143	0.976425
55	146	1.00707
55	147	1.04678
55	158	1.01651
55	162	1.01944
55	164	0.993806
55	166	0.997446
55	167	1.01923
55	170	1.00182
55	180	1.0089
56	95	0.944831
56	121	0.949257
56	130	1.00793
56	141	1.02247
56	155	1.03711
56	163	0.988083
56	164	1.0322
56	166	1.00739
56	171	1.00202
56	174	0.997448
56	175	0.99093
56	176	1.00888
56	178	0.994483
56	179	1.00515
56	180	1.00515
57	49	1.00239
57	63	1.06251
57	78	1.01942
57	86	0.975197
57	128	1.01062
57	140	1.0133
57	151	0.973156
57	153	0.990283
57	156	0.962319
57	159	0.972734
57	160	1.04538
57	167	0.996007
57	168	1.00391
57	170	1.02734
57	177	0.941655
58	40	1.18358
58	64	0.975779
58	81	0.991633
58	97	1.01336
58	99	1.01825
58	100	0.829767
58	103	0.974132
58	106	0.962324
58	127	1.0421
58	128	0.942813
58	132	1.00551
58	136	0.942932
58	141	0.949042
58	169	1.05351
58	175	1.06187
58	176	1.05805
59	11	1.01368
59	39	1.01475
59	53	0.955659
59	69	1.08245
59	71	1.10049
59	88	1.03089
59	93	1.08021
59	117	1.06279
59	122	1.0702
59	130	0.8843
59	149	0.861578
59	169	0.933872
59	171	0.922188
59	175	0.942235
59	177	1.14454
59	180	0.905358
60	110	0.944237
60	115	0.978333
60	133	1.04672
60	135	0.948049
60	145	0.972858
60	154	0.9488
60	155	0.954554
60	159	1.07046
60	160	1.08354
60	164	0.95403
60	165	1.06498
60	166	0.957669
60	167	0.979451
60	170	0.962044
60	172	1.04989
60	173	1.08742
61	120	0.953724
61	126	0.860785
61	135	1.04913
61	146	1.06837
61	150	0.958074
61	152	0.914606
61	154	1.04988
61	155	1.05563
61	161	0.89745
61	164	1.05511
61	166	1.05875
61	167	1.08053
61	170	1.06312
61	174	0.911064
61	176	0.911358
61	177	1.11949
62	17	0.982062
62	79	1.0302
62	115	0.965242
62	145	0.959768
62	146	0.954201
62	152	1.09199
62	154	0.93571
62	155	0.941464
62	160	1.09007
62	164	0.940939
62	167	0.966361
62	168	1.0453
62	170	0.948954
62	174	1.08844
62	177	1.00532
62	179	1.05732
63	13	0.885594
63	54	0.926581
63	57	1.06251
63	89	1.03715
63	105	0.891787
63	121	1.10088
63	123	1.03433
63	125	1.09354
63	140	1.08838
63	144	0.889883
63	148	1.05575
63	151	1.04824
63	156	1.0374
63	168	1.07899
63	172	0.871332
63	174	0.903355
64	8	1.03647
64	58	0.975779
64	67	1.04214
64	97	1.08295
64	99	1.08785
64	100	0.89936
64	101	0.966698
64	106	1.03192
64	128	1.01241
64	136	1.01252
64	137	0.98858
64	141	1.01863
64	146	0.94355
64	160	0.98389
64	169	0.978023
64	176	0.982561
64	178	0.960047
65	76	0.960939
65	81	1.0602
65	86	0.941778
65	106	1.03089
65	123	0.987193
65	128	1.01138
65	136	1.0115
65	141	1.01761
65	149	1.0305
65	152	1.01388
65	153	1.01823
65	155	1.00327
65	159	1.00068
65	168	1.03186
65	170	0.993924
65	177	0.908236
65	179	0.979209
66	25	1.12887
66	26	0.980368
66	27	0.990505
66	33	0.921615
66	69	1.01599
66	88	0.964425
66	93	1.01375
66	112	0.999136
66	117	0.996324
66	123	0.993538
66	130	0.958486
66	131	1.03256
66	132	0.960066
66	151	1.003
66	157	0.984027
66	172	0.980279
66	177	1.07808
67	41	0.933114
67	64	1.04214
67	92	1.0225
67	97	1.07972
67	106	1.02868
67	124	1.0285
67	128	1.00917
67	131	1.03147
67	136	1.00929
67	141	1.0154
67	144	0.987164
67	156	1.00886
67	157	0.972361
67	174	1.00064
67	177	0.898536
67	179	0.969509
67	180	0.967878
68	23	0.99619
68	35	1.06781
68	91	1.03199
68	94	1.00514
68	113	1.06723
68	126	1.04852
68	139	0.982259
68	148	1.01677
68	151	1.00925
68	156	0.99841
68	158	0.962673
68	159	1.00883
68	162	0.965608
68	168	1.04
68	177	0.885721
68	178	0.9656
68	180	0.955063
69	5	1.02336
69	25	1.10377
69	46	0.92852
69	59	1.08245
69	66	1.01599
69	71	1.00892
69	74	1.10478
69	89	1.06798
69	93	0.988643
69	112	0.974033
69	117	0.971222
69	122	0.978632
69	163	0.933335
69	165	0.917249
69	171	0.918256
69	175	0.938303
69	177	1.05297
70	40	1.1045
70	45	1.01552
70	53	0.996213
70	71	1.03459
70	86	0.910113
70	88	0.964994
70	93	1.01431
70	112	0.999705
70	114	1.0579
70	117	0.996894
70	122	1.0043
70	131	1.03313
70	133	0.94348
70	158	0.953523
70	172	0.946648
70	177	1.07864
70	179	0.947544
71	26	0.9733
71	27	0.983437
71	36	1.08274
71	53	0.972209
71	59	1.10049
71	69	1.00892
71	70	1.03459
71	94	0.971989
71	112	0.992068
71	114	1.05026
71	117	0.989257
71	122	0.996667
71	151	0.945369
71	165	0.93773
71	171	0.938738
71	176	0.954961
71	177	1.07101
72	15	0.916187
72	94	0.999994
72	98	1.07071
72	108	1.02883
72	110	0.997765
72	120	1.02533
72	154	1.00233
72	157	1.02293
72	161	0.969057
72	164	1.00756
72	166	1.0112
72	167	1.03298
72	169	1.01011
72	170	1.01557
72	175	0.986789
72	178	0.96045
72	180	0.949913
73	95	1.06076
73	118	1.05949
73	123	0.978255
73	125	1.03747
73	133	1.0175
73	134	0.896785
73	135	1.00642
73	148	0.999681
73	149	1.02156
73	152	0.989414
73	156	0.981324
73	161	1.02105
73	168	1.02292
73	169	0.981627
73	173	0.991377
73	176	0.986166
73	179	0.954744
74	10	1.14105
74	23	1.19879
74	31	1.0932
74	69	1.10478
74	162	0.908205
74	163	0.918421
74	167	1.15749
74	171	0.932355
74	172	0.931617
74	173	0.925432
74	174	0.927786
74	175	0.921267
74	176	0.939216
74	177	1.10314
74	178	0.92482
74	179	0.93549
74	180	0.93549
75	21	1.07816
75	108	1.1054
75	152	0.919043
75	154	1.16728
75	156	1.16255
75	158	0.920792
75	159	1.14288
75	160	0.903031
75	170	1.13792
75	171	0.933502
75	172	0.932764
75	174	0.928933
75	175	0.922415
75	176	0.940363
75	178	0.925968
75	179	0.936638
75	180	0.936638
76	11	1.07697
76	42	0.916123
76	49	0.989124
76	65	0.960939
76	80	0.930509
76	160	0.997056
76	162	1.00338
76	163	1.01359
76	164	0.973266
76	166	0.948457
76	172	1.02679
76	173	1.02061
76	174	1.02296
76	176	1.03439
76	178	1.01999
76	179	1.03066
76	180	1.03066
77	46	0.963613
77	116	0.972862
77	117	1.01319
77	139	1.0037
77	159	0.957827
77	163	1.00924
77	164	0.957302
77	168	0.926133
77	171	1.02318
77	172	1.02244
77	173	1.01625
77	174	1.01861
77	175	1.01209
77	176	1.03004
77	178	1.01564
77	179	1.02631
77	180	1.02631
78	35	1.0637
78	49	1.03437
78	52	0.974317
78	57	1.01942
78	88	0.969581
78	118	1.07247
78	137	0.995678
78	143	1.01459
78	148	1.01266
78	151	1.00514
78	152	0.976899
78	153	1.02227
78	157	0.945082
78	158	0.948209
78	159	1.00472
78	160	0.974979
78	176	0.973651
79	1	0.934682
79	9	0.933332
79	21	1.09508
79	24	1.0338
79	26	0.994793
79	47	1.06463
79	48	1.04023
79	62	1.0302
79	85	1.00369
79	99	0.890551
79	104	0.992031
79	105	1.06147
79	116	1.04107
79	169	0.972155
79	171	0.96047
79	174	0.976399
79	175	0.980517
80	54	1.00313
80	76	0.930509
80	96	0.990428
80	135	1.01098
80	142	0.999593
80	145	1.03579
80	154	1.01173
80	155	1.01749
80	160	0.981528
80	164	1.01696
80	165	0.96297
80	166	1.0206
80	167	1.04238
80	169	1.01951
80	170	1.02498
80	176	0.9802
80	178	0.957685
81	10	1.03732
81	41	0.952201
81	58	0.991633
81	65	1.0602
81	87	1.07597
81	99	1.1037
81	100	0.915213
81	113	0.984939
81	116	0.963143
81	120	1.00222
81	128	1.02826
81	131	1.05055
81	150	1.00657
81	156	0.967778
81	165	0.942622
81	175	0.963676
81	176	0.959852
82	95	1.02084
82	102	1.0803
82	123	0.938338
82	130	0.996632
82	140	0.992385
82	148	0.959764
82	149	0.981647
82	153	0.969372
82	156	0.941407
82	159	0.951823
82	161	0.981132
82	168	0.983001
82	169	1.0462
82	172	1.01843
82	174	1.05045
82	176	1.05074
82	178	1.02823
82	180	1.01769
83	1	0.867355
83	26	1.07606
83	31	1.05575
83	34	1.06601
83	85	0.936358
83	97	1.03899
83	103	0.999758
83	104	0.924704
83	105	0.994144
83	116	0.97374
83	134	0.968579
83	136	0.968558
83	141	0.974668
83	144	1.04419
83	161	1.04405
83	166	1.02088
83	172	1.02564
83	179	1.02654
84	38	0.96246
84	102	0.93172
84	132	1.0328
84	136	1.10738
84	146	1.04632
84	151	1.07574
84	152	0.974572
84	160	0.95856
84	162	0.964882
84	167	1.03729
84	171	0.989032
84	172	0.988294
84	173	0.982109
84	174	0.984463
84	175	0.977945
84	176	0.995893
84	179	0.992167
84	180	0.992167
85	1	0.846275
85	9	0.844926
85	21	1.00667
85	24	0.945389
85	34	1.04493
85	46	1.099
85	47	0.976227
85	48	0.951828
85	79	1.00369
85	83	0.936358
85	104	0.903625
85	105	0.973064
85	132	0.967027
85	149	1.02812
85	155	1.09759
85	165	1.08772
85	173	1.11017
85	175	1.10878
85	180	1.0719
86	57	0.975197
86	65	0.941778
86	70	0.910113
86	90	0.941343
86	115	1.0481
86	142	1.00643
86	145	1.04263
86	149	1.0395
86	154	1.01857
86	155	1.02433
86	164	1.0238
86	166	1.02744
86	167	1.04922
86	170	1.03182
86	173	0.971586
86	174	0.966081
86	176	0.966375
86	177	1.08818
86	180	0.933322
87	17	0.902711
87	81	1.07597
87	92	1.04047
87	94	1.02957
87	97	1.0977
87	100	0.914101
87	101	0.957369
87	103	1.05847
87	111	1.00588
87	124	1.04648
87	128	1.02715
87	131	1.04944
87	132	0.920702
87	136	1.02727
87	141	1.03338
87	163	0.972088
87	165	0.956002
87	178	0.950718
87	180	0.94018
88	39	0.871617
88	49	0.95255
88	59	1.03089
88	66	0.964425
88	70	0.964994
88	78	0.969581
88	91	0.946064
88	97	1.00825
88	104	1.19994
88	117	0.919658
88	125	0.968625
88	129	1.09128
88	137	0.913856
88	139	0.896331
88	145	1.05574
88	162	1.07726
88	174	1.09947
88	177	1.00141
88	180	1.06671
89	25	1.00344
89	32	1.05458
89	63	1.03715
89	69	1.06798
89	111	0.93302
89	131	1.08231
89	135	0.931546
89	137	1.17475
89	145	0.956355
89	156	1.17665
89	164	0.937526
89	166	0.941166
89	170	0.945541
89	172	0.96136
89	174	0.957529
89	175	0.951011
89	178	0.954564
89	179	0.965234
89	180	0.965233
90	1	0.92983
90	16	0.941742
90	24	1.02894
90	25	0.844906
90	86	0.941343
90	104	0.98718
90	105	1.05662
90	122	0.99129
90	132	1.05058
90	153	0.992462
90	155	1.00283
90	166	0.973116
90	171	1.05891
90	172	1.05818
90	174	1.05435
90	177	0.907801
90	178	1.05138
90	179	1.06205
90	180	1.06205
91	13	0.96838
91	44	1.10526
91	46	0.998607
91	68	1.03199
91	88	0.946064
91	94	1.00346
91	113	1.06555
91	118	1.04895
91	123	0.967718
91	126	1.02089
91	140	1.02176
91	145	0.942415
91	148	0.989144
91	156	0.970787
91	159	0.981203
91	161	1.01051
91	162	0.963927
91	168	1.01238
91	173	0.991646
91	178	0.96392
92	8	1.01683
92	10	1.00183
92	40	1.11383
92	67	1.0225
92	87	1.04047
92	99	1.06821
92	100	0.87972
92	103	1.02408
92	106	1.01228
92	113	0.949445
92	116	0.99159
92	128	0.992766
92	136	0.992885
92	141	0.998995
92	143	1.02924
92	150	1.03502
92	161	0.974391
92	167	0.940256
92	178	0.965784
92	180	0.955247
93	5	1.02112
93	27	0.963159
93	33	0.941916
93	39	0.920937
93	59	1.08021
93	66	1.01375
93	69	0.988643
93	70	1.01431
93	108	0.983671
93	112	0.97179
93	114	1.02999
93	117	0.968979
93	122	0.976389
93	140	0.965051
93	153	1.01516
93	157	1.00433
93	164	1.02063
93	169	1.02836
93	173	1.03811
93	177	1.05073
94	6	0.992863
94	13	1.0342
94	37	1.03061
94	41	0.905802
94	68	1.00514
94	71	0.971989
94	72	0.999994
94	87	1.02957
94	91	1.00346
94	97	1.05241
94	103	1.01318
94	113	0.93854
94	136	0.981979
94	149	0.975423
94	166	1.01518
94	173	1.00294
94	176	1.01672
94	178	1.00233
94	179	1.013
94	180	1.013
95	56	0.944831
95	73	1.06076
95	82	1.02084
95	120	0.977953
95	121	1.08012
95	124	0.921752
95	125	1.07278
95	126	1.06674
95	133	1.05281
95	139	1.00049
95	140	1.06761
95	153	1.0446
95	155	0.928223
95	157	0.907017
95	159	1.02705
95	162	0.913079
95	165	1.04799
95	168	1.05823
95	173	0.940798
95	174	0.935292
95	175	0.939411
96	9	1.25182
96	47	1.01295
96	80	0.990428
96	115	1.05408
96	118	1.01012
96	123	0.92889
96	132	0.992924
96	137	0.933332
96	145	1.00143
96	154	1.05811
96	156	0.931959
96	161	0.971684
96	164	1.03319
96	168	0.973553
96	173	0.974154
96	174	0.976507
96	175	0.969989
96	176	0.987937
96	178	0.973542
96	179	0.984212
96	180	0.984211
97	13	0.925655
97	47	0.9112
97	58	1.01336
97	64	1.08295
97	67	1.07972
97	83	1.03899
97	87	1.0977
97	88	1.00825
97	94	1.05241
97	100	0.936942
97	124	1.06932
97	128	1.04999
97	131	1.07228
97	134	0.854329
97	136	1.05011
97	141	1.05622
97	144	0.929944
97	150	0.990426
97	163	0.942565
97	167	0.895667
97	175	0.947534
98	4	0.94818
98	23	0.94364
98	72	1.07071
98	118	0.891883
98	129	1.03004
98	142	1.03209
98	145	1.06828
98	151	0.940788
98	155	1.04998
98	159	0.938636
98	161	0.936473
98	162	0.927873
98	164	1.04945
98	166	1.05309
98	167	1.07488
98	169	1.05201
98	170	1.05747
98	172	0.918064
98	173	0.955592
98	176	0.95038
98	177	1.11384
99	8	1.07895
99	41	0.978822
99	58	1.01825
99	64	1.08785
99	79	0.890551
99	81	1.1037
99	92	1.06821
99	100	0.941834
99	124	1.07421
99	128	1.05488
99	131	1.07718
99	135	0.969339
99	136	1.055
99	139	0.983212
99	141	1.06111
99	155	0.941722
99	165	0.931855
99	170	0.932379
99	173	0.954297
99	176	0.949085
99	177	0.846691
100	31	0.953702
100	32	0.940388
100	48	1.16771
100	58	0.829767
100	64	0.89936
100	81	0.915213
100	87	0.914101
100	92	0.87972
100	97	0.936942
100	99	0.941834
100	103	0.897713
100	119	1.22788
100	124	0.885725
100	128	0.866394
100	136	0.866513
100	141	0.872622
100	157	1.20225
100	158	1.20538
100	172	1.1985
100	178	1.20831
100	180	1.19777
101	8	0.986552
101	45	0.965326
101	64	0.966698
101	87	0.957369
101	119	0.976651
101	146	0.980352
101	147	0.993657
101	152	1.01292
101	154	1.03202
101	158	1.01467
101	162	1.00323
101	163	1.01345
101	164	1.00709
101	166	0.982285
101	171	1.02738
101	172	1.02665
101	175	1.0163
101	176	1.03424
101	177	0.91697
101	178	1.01985
101	179	1.03052
101	180	1.03052
102	14	0.818667
102	20	1.13504
102	55	0.888336
102	82	1.0803
102	84	0.93172
102	107	1.12653
102	123	1.07303
102	126	1.1262
102	136	0.903661
102	139	1.05995
102	148	1.09445
102	149	1.11634
102	151	1.08693
102	156	1.0761
102	165	1.10745
102	168	1.11769
102	169	0.877074
102	170	0.864906
102	171	0.865389
102	173	0.886824
102	175	0.885436
102	176	0.881612
103	8	1.03482
103	10	1.01982
103	31	1.09807
103	32	1.08475
103	52	1.00006
103	58	0.974132
103	83	0.999758
103	87	1.05847
103	92	1.02408
103	94	1.01318
103	100	0.897713
103	113	0.967438
103	120	1.04176
103	128	1.01076
103	134	0.910013
103	141	1.01699
103	149	0.922562
103	155	0.992031
103	161	0.985486
103	165	0.982164
103	173	1.00461
103	179	0.967973
104	1	0.834622
104	9	0.833272
104	21	0.995016
104	24	0.933735
104	34	1.03328
104	47	0.964573
104	48	0.940175
104	79	0.992031
104	83	0.924704
104	85	0.903625
104	88	1.19994
104	90	0.98718
104	105	0.96141
104	116	0.941007
104	121	1.04019
104	131	1.04899
104	132	0.955374
104	134	1.04602
104	162	1.1129
104	172	1.10309
104	173	1.14061
104	178	1.11289
105	1	0.904061
105	21	1.06446
105	24	1.00317
105	34	1.10272
105	47	1.03401
105	48	1.00961
105	63	0.891787
105	79	1.06147
105	83	0.994144
105	85	0.973064
105	90	1.05662
105	104	0.96141
105	116	1.01045
105	118	0.964869
105	125	0.959661
105	127	1.00742
105	132	1.02481
105	140	0.955519
105	147	1.0282
105	149	0.946533
105	160	1.02469
105	163	1.02222
106	10	1.00801
106	31	1.08626
106	32	1.07295
106	41	0.922893
106	58	0.962324
106	64	1.03192
106	65	1.03089
106	67	1.02868
106	92	1.01228
106	110	1.01908
106	118	0.954428
106	124	1.01828
106	131	1.02125
106	136	0.99907
106	138	0.974308
106	141	1.00518
106	160	1.01425
106	172	0.980608
106	177	0.91053
106	178	0.99041
106	179	0.981504
106	180	0.979872
107	20	1.04658
107	30	0.957181
107	46	1.01546
107	48	0.949327
107	102	1.12653
107	130	0.958332
107	137	0.989015
107	139	0.97149
107	148	1.006
107	151	0.998479
107	152	1.01569
107	153	1.01561
107	158	0.987001
107	159	0.998057
107	161	1.02737
107	162	0.989935
107	165	1.01899
107	168	1.02924
107	171	0.99622
107	174	1.01215
107	177	0.910048
107	178	0.989928
108	37	0.900557
108	55	1.01508
108	72	1.02883
108	75	1.1054
108	93	0.983671
108	127	0.970054
108	129	0.988159
108	135	1.00159
108	142	0.990204
108	145	1.0264
108	154	1.00234
108	155	1.0081
108	162	0.963493
108	164	1.00757
108	165	0.96877
108	166	1.01121
108	167	1.03299
108	170	1.01559
108	171	0.969778
108	173	0.991212
108	177	1.07195
108	179	0.954579
109	7	1.22415
109	28	0.877888
109	51	0.988043
109	111	0.973548
109	122	1.01003
109	124	1.0151
109	129	0.958642
109	135	0.972074
109	142	0.960686
109	145	0.996883
109	146	0.991316
109	149	0.993749
109	154	0.972826
109	155	0.978579
109	161	1.01502
109	165	1.0117
109	166	0.981695
109	167	1.00348
109	170	0.986069
109	171	1.01271
109	173	1.03414
109	177	1.04244
109	178	1.00642
110	60	0.944237
110	72	0.997765
110	106	1.01908
110	120	1.08375
110	128	1.00795
110	130	0.98727
110	132	0.992744
110	142	0.959136
110	146	0.989766
110	149	0.992199
110	154	0.971275
110	155	0.977029
110	157	0.991876
110	164	0.976504
110	166	0.980144
110	167	1.00193
110	170	0.984519
110	171	1.02516
110	172	1.00906
110	173	1.04659
110	177	1.04089
110	178	1.01887
110	179	1.00996
111	38	0.944997
111	48	1.00476
111	87	1.00588
111	89	0.93302
111	109	0.973548
111	115	1.00609
111	123	1.04881
111	129	0.962377
111	135	0.975809
111	138	1.02926
111	142	0.964421
111	145	1.00062
111	154	0.976561
111	157	0.997162
111	158	1.04243
111	159	1.05613
111	164	0.98179
111	166	0.98543
111	167	1.00721
111	170	0.989804
111	172	1.03556
111	177	1.04617
111	180	1.03482
112	5	1.00651
112	11	0.905264
112	18	1.20204
112	25	1.08692
112	39	0.906328
112	53	1.02386
112	66	0.999136
112	69	0.974033
112	70	0.999705
112	71	0.992068
112	93	0.97179
112	114	1.01538
112	117	0.954369
112	122	0.961779
112	127	0.990668
112	131	0.990605
112	152	1.00986
112	154	1.01927
112	161	0.992706
112	172	0.974297
112	175	1.01044
112	177	1.03612
112	178	0.984099
113	3	0.974824
113	35	1.01075
113	68	1.06723
113	81	0.984939
113	91	1.06555
113	92	0.949445
113	94	0.93854
113	103	0.967438
113	126	1.06377
113	133	1.07886
113	136	0.936238
113	141	0.942348
113	149	1.03751
113	159	1.1026
113	168	1.0709
113	170	1.09764
113	171	0.964119
113	172	0.963381
113	173	0.957197
113	174	0.95955
113	176	0.97098
113	178	0.956585
113	179	0.967255
113	180	0.967254
114	5	1.06471
114	6	0.901659
114	11	0.963459
114	26	0.996607
114	27	1.00674
114	35	1.07478
114	39	0.964523
114	43	1.07649
114	70	1.0579
114	71	1.05026
114	93	1.02999
114	112	1.01538
114	117	1.01256
114	119	0.958111
114	122	1.01997
114	124	0.947218
114	127	0.945106
114	131	1.0488
114	139	0.995179
114	157	0.932483
114	169	0.956514
114	172	0.928736
114	173	0.966264
114	177	1.09431
115	4	0.909326
115	6	0.984457
115	15	0.977071
115	18	0.903672
115	33	0.952869
115	37	0.958406
115	60	0.978333
115	62	0.965242
115	86	1.0481
115	96	1.05408
115	111	1.00609
115	127	1.0279
115	129	0.991187
115	131	0.957436
115	142	0.993231
115	146	1.02386
115	148	1.04185
115	155	1.01112
115	157	1.02597
115	158	1.01841
115	161	1.02994
115	166	1.01424
115	167	1.03602
115	170	1.01861
115	177	1.07498
116	21	1.04405
116	24	0.982771
116	33	0.947536
116	47	1.01361
116	77	0.972862
116	79	1.04107
116	81	0.963143
116	83	0.97374
116	92	0.99159
116	104	0.941007
116	105	1.01045
116	130	0.984407
116	132	1.00441
116	145	1.007
116	146	1.00143
116	150	1.08523
116	151	1.02893
116	159	1.02677
116	164	0.988169
116	166	0.991809
116	167	1.01359
116	168	0.995079
116	169	0.990721
116	170	0.996184
116	180	1.00547
117	11	0.902453
117	27	0.945738
117	35	1.01378
117	37	0.9934
117	39	0.903517
117	45	0.970183
117	47	1.04633
117	59	1.06279
117	66	0.996324
117	69	0.971222
117	70	0.996894
117	71	0.989257
117	77	1.01319
117	88	0.919658
117	93	0.968979
117	112	0.954369
117	114	1.01256
117	122	0.958968
117	128	1.04541
117	132	1.02631
117	162	1.05634
117	168	1.0354
117	175	1.08267
117	177	1.03331
117	178	1.05633
117	179	1.04742
118	7	1.17195
118	16	1.05199
118	25	0.81144
118	38	1.09288
118	73	1.05949
118	78	1.07247
118	91	1.04895
118	96	1.01012
118	98	0.891883
118	105	0.964869
118	106	0.954428
118	123	1.0123
118	130	0.92262
118	133	1.05154
118	139	0.999216
118	140	1.06635
118	144	0.962964
118	148	1.03372
118	150	1.01651
118	153	1.04333
118	156	1.01537
118	157	0.948161
118	159	1.02578
118	167	0.928687
118	169	0.972192
118	177	0.874336
119	1	1.22126
119	2	0.955468
119	38	0.909411
119	50	1.01393
119	100	1.22788
119	101	0.976651
119	114	0.958111
119	147	0.95098
119	148	1.03029
119	152	0.970248
119	153	1.01455
119	155	1.02492
119	156	1.04021
119	158	0.971997
119	160	0.954236
119	162	0.960557
119	163	0.970773
119	171	0.984707
119	172	0.983969
119	173	0.977785
119	174	0.980138
119	175	0.97362
119	176	0.991568
119	178	0.977173
119	179	0.987843
119	180	0.987843
120	39	1.13494
120	61	0.953724
120	72	1.02533
120	81	1.00222
120	95	0.977953
120	103	1.04176
120	110	1.08375
120	127	0.958631
120	128	1.04416
120	134	1.00154
120	142	1.1031
120	144	0.966082
120	152	0.968172
120	158	0.969921
120	162	0.958482
120	163	0.968698
120	167	1.02955
120	169	0.960612
120	171	0.982632
120	172	0.981894
120	173	0.975709
120	175	0.971544
120	176	0.989493
120	178	0.975097
120	179	0.985767
120	180	0.985767
121	16	1.03731
121	18	1.13544
121	38	1.0782
121	49	1.04076
121	56	0.949257
121	63	1.10088
121	95	1.08012
121	104	1.04019
121	124	0.926179
121	125	1.05683
121	133	1.03686
121	138	0.901396
121	141	0.918008
121	149	1.04093
121	150	1.00183
121	151	1.01152
121	153	1.02865
121	154	0.952668
121	156	1.00069
121	158	0.914571
121	159	1.0111
121	165	1.03204
121	166	0.902934
121	168	1.04228
121	171	0.92379
121	177	0.837619
122	5	1.01111
122	11	0.909863
122	25	1.09152
122	26	0.943011
122	27	0.953148
122	30	1.12293
122	39	0.910926
122	45	0.977593
122	59	1.0702
122	69	0.978632
122	70	1.0043
122	71	0.996667
122	90	0.99129
122	93	0.976389
122	109	1.01003
122	112	0.961779
122	114	1.01997
122	117	0.958968
122	127	1.00038
122	131	0.995204
122	150	1.06304
122	156	1.02425
122	157	0.987753
122	163	1.01518
122	174	1.01603
122	177	1.04072
122	178	0.993807
122	180	0.98327
123	15	1.01405
123	28	1.07991
123	36	1.14395
123	48	0.953054
123	55	1.02289
123	63	1.03433
123	65	0.987193
123	66	0.993538
123	73	0.978255
123	82	0.938338
123	91	0.967718
123	96	0.92889
123	102	1.07303
123	111	1.04881
123	118	1.0123
123	126	0.984242
123	133	0.970309
123	140	0.985114
123	149	0.974377
123	153	0.962101
123	156	0.934137
123	157	0.9876
123	160	1.0175
123	163	1.01502
123	168	0.975731
123	173	1.02138
123	175	1.01999
123	180	0.983117
124	29	0.916956
124	32	1.07277
124	67	1.0285
124	87	1.04648
124	95	0.921752
124	97	1.06932
124	99	1.07421
124	100	0.885725
124	106	1.01828
124	109	1.0151
124	114	0.947218
124	121	0.926179
124	141	1.005
124	145	0.977373
124	146	0.982381
124	148	1.0194
124	162	1.00262
124	164	1.00912
124	166	0.984314
124	167	0.973351
124	171	1.02677
124	173	1.01985
124	174	1.0222
124	175	1.01568
124	176	1.03363
124	177	0.918999
124	178	1.01924
124	179	1.02991
124	180	1.02991
125	49	1.03342
125	63	1.09354
125	73	1.03747
125	88	0.968625
125	95	1.07278
125	105	0.959661
125	121	1.05683
125	133	1.02952
125	135	0.991776
125	137	0.994722
125	139	0.977197
125	143	1.01246
125	144	0.957756
125	148	1.01171
125	149	1.03359
125	151	1.00419
125	153	1.02131
125	156	0.993348
125	159	1.00376
125	160	0.97285
125	161	1.03307
125	163	0.970378
125	168	1.03494
125	169	0.966984
125	171	0.955299
125	172	0.939206
125	174	0.971228
125	175	0.975346
125	180	0.93847
126	23	0.98509
126	46	1.01513
126	50	1.02761
126	54	1.00759
126	61	0.860785
126	68	1.04852
126	91	1.02089
126	95	1.06674
126	102	1.1262
126	113	1.06377
126	123	0.984242
126	133	1.02348
126	140	1.03829
126	142	1.01016
126	150	0.988451
126	151	0.998149
126	153	1.01528
126	156	0.987311
126	157	0.956085
126	161	1.02704
126	165	1.01866
126	168	1.02891
126	169	0.980116
126	172	0.952338
126	173	0.989866
126	175	0.988479
126	177	0.88226
126	178	0.96214
126	179	0.953234
127	42	0.949868
127	58	1.0421
127	105	1.00742
127	108	0.970054
127	112	0.990668
127	114	0.945106
127	115	1.0279
127	120	0.958631
127	122	1.00038
127	137	1.0253
127	138	1.01497
127	139	1.05341
127	147	0.977712
127	152	0.99698
127	158	0.998729
127	159	1.00754
127	160	0.980968
127	161	1.00205
127	162	0.987289
127	163	0.997506
127	168	0.975842
127	171	1.01144
127	172	1.0107
127	173	1.00452
127	174	1.00687
127	175	1.00035
127	176	1.0183
127	178	1.00391
127	179	1.01458
127	180	1.01457
128	8	1.00351
128	31	1.06675
128	32	1.05343
128	41	0.903382
128	57	1.01062
128	58	0.942813
128	64	1.01241
128	65	1.01138
128	67	1.00917
128	81	1.02826
128	87	1.02715
128	92	0.992766
128	97	1.04999
128	99	1.05488
128	100	0.866394
128	103	1.01076
128	110	1.00795
128	117	1.04541
128	120	1.04416
128	131	1.00174
128	134	0.912415
128	136	0.979559
128	141	0.985669
128	143	1.04274
128	147	1.00662
128	156	1.00972
128	157	0.973226
128	161	0.987888
128	169	0.997257
128	179	0.970374
129	43	1.14218
129	44	1.14557
129	55	0.974394
129	88	1.09128
129	98	1.03004
129	108	0.988159
129	109	0.958642
129	111	0.962377
129	115	0.991187
129	130	0.972631
129	132	0.983124
129	133	0.991257
129	138	0.988125
129	142	0.949515
129	143	0.949502
129	145	0.985712
129	146	0.980146
129	154	0.961655
129	155	0.967408
129	157	0.982256
129	160	1.02807
129	161	1.01283
129	164	0.966884
129	166	0.970524
129	167	0.992305
129	168	0.983303
129	170	0.974898
129	174	1.02645
129	175	1.03057
129	177	1.03127
129	179	0.995321
130	56	1.00793
130	59	0.8843
130	66	0.958486
130	82	0.996632
130	107	0.958332
130	110	0.98727
130	116	0.984407
130	118	0.92262
130	129	0.972631
130	134	1.06027
130	135	1.00137
130	138	1.04489
130	144	1.0248
130	146	0.942105
130	158	1.02864
130	160	1.01088
130	162	1.0172
130	163	1.02742
130	165	1.02358
130	166	0.944038
130	170	0.96441
130	171	1.04135
130	172	1.04061
130	173	1.03443
130	174	1.03678
130	175	1.03027
130	176	1.04821
130	177	0.878722
130	178	1.03382
130	179	1.04449
130	180	1.04449
131	8	1.0258
131	25	1.12034
131	26	0.971837
131	42	0.8794
131	45	1.00642
131	66	1.03256
131	67	1.03147
131	70	1.03313
131	81	1.05055
131	87	1.04944
131	89	1.08231
131	97	1.07228
131	99	1.07718
131	104	1.04899
131	106	1.02125
131	112	0.990605
131	114	1.0488
131	115	0.957436
131	122	0.995204
131	128	1.00174
131	133	0.913328
131	136	1.00185
131	143	0.989756
131	171	0.93259
131	172	0.916496
131	173	0.954024
131	175	0.952637
131	176	0.948813
131	177	1.06954
131	179	0.917392
131	180	0.915761
132	9	0.896675
132	21	1.05842
132	24	0.997138
132	34	1.09668
132	47	1.02798
132	58	1.00551
132	66	0.960066
132	84	1.0328
132	85	0.967027
132	87	0.920702
132	90	1.05058
132	96	0.992924
132	104	0.955374
132	105	1.02481
132	110	0.992744
132	116	1.00441
132	117	1.02631
132	129	0.983124
132	138	0.94408
132	146	1.0158
132	149	1.01823
132	150	1.02941
132	151	0.973105
132	153	0.964964
132	155	1.00306
132	160	0.984025
132	163	0.981552
132	164	1.00254
132	167	1.02796
132	170	1.01055
132	173	0.987908
132	177	1.06692
133	6	1.04312
133	22	1.02261
133	32	0.885591
133	38	1.05089
133	50	1.01368
133	60	1.04672
133	70	0.94348
133	73	1.0175
133	95	1.05281
133	113	1.07886
133	118	1.05154
133	121	1.03686
133	123	0.970309
133	125	1.02952
133	126	1.02348
133	129	0.991257
133	131	0.913328
133	137	0.974751
133	139	0.957226
133	140	1.02436
133	148	0.991734
133	150	0.974517
133	151	0.984215
133	157	0.971173
133	159	0.983793
133	165	1.00473
133	168	1.01497
133	169	0.995204
133	171	0.98352
133	173	1.00495
133	175	1.00357
133	180	0.96669
134	41	1.04491
134	49	0.949435
134	73	0.896785
134	83	0.968579
134	97	0.854329
134	103	0.910013
134	104	1.04602
134	120	1.00154
134	128	0.912415
134	130	1.06027
134	135	0.9661
134	144	1.0378
134	147	1.02063
134	151	0.936255
134	152	1.03989
134	153	0.928113
134	156	0.953773
134	158	1.04164
134	160	1.02388
134	162	1.0302
134	163	1.04042
134	167	0.897804
134	169	1.03233
134	170	0.92914
134	171	1.05435
134	172	1.05362
134	173	1.04743
134	174	1.04978
134	175	1.04327
134	176	1.06121
134	178	1.04682
134	179	1.05749
134	180	1.05749
135	2	1.02091
135	16	0.987027
135	28	0.904438
135	36	1.18326
135	51	0.990304
135	60	0.948049
135	61	1.04913
135	73	1.00642
135	80	1.01098
135	89	0.931546
135	99	0.969339
135	108	1.00159
135	109	0.972074
135	111	0.975809
135	125	0.991776
135	130	1.00137
135	134	0.9661
135	142	0.962948
135	144	1.04171
135	145	0.999144
135	147	1.06031
135	152	1.05873
135	154	0.975087
135	155	0.98084
135	157	0.995688
135	164	0.980316
135	166	0.983956
135	167	1.00574
135	168	1.01204
135	169	0.982868
135	170	0.988331
135	177	1.0447
135	180	1.02243
136	2	0.980457
136	3	1.01826
136	8	1.00362
136	12	1.00062
136	32	1.05355
136	33	0.966294
136	41	0.9035
136	58	0.942932
136	64	1.01252
136	65	1.0115
136	67	1.00929
136	83	0.968558
136	84	1.10738
136	87	1.02727
136	92	0.992885
136	94	0.981979
136	97	1.05011
136	99	1.055
136	100	0.866513
136	102	0.903661
136	106	0.99907
136	113	0.936238
136	128	0.979559
136	131	1.00185
136	141	0.985788
136	161	1.04337
136	162	1.03477
136	163	1.05613
136	169	1.05274
136	172	1.02496
136	174	1.05698
136	177	0.954881
136	179	1.02585
137	6	1.00832
137	15	1.01849
137	18	1.23668
137	20	0.997521
137	29	1.03823
137	30	0.908118
137	38	1.01609
137	50	0.978883
137	64	0.98858
137	78	0.995678
137	88	0.913856
137	89	1.17475
137	96	0.933332
137	107	0.989015
137	125	0.994722
137	127	1.0253
137	133	0.974751
137	138	1.00263
137	139	0.922428
137	144	1.02748
137	148	0.956936
137	151	0.949416
137	152	1.04449
137	153	0.966544
137	154	1.0539
137	156	0.938579
137	157	1.01268
137	159	0.948995
137	160	1.04257
137	165	0.969927
137	168	0.980173
137	174	1.04095
137	177	0.938851
137	178	1.01873
138	8	0.963798
138	43	0.94825
138	44	0.939671
138	45	0.942572
138	106	0.974308
138	111	1.02926
138	121	0.901396
138	127	1.01497
138	129	0.988125
138	130	1.04489
138	132	0.94408
138	137	1.00263
138	142	1.02212
138	144	1.02242
138	147	1.00525
138	154	1.00927
138	155	0.989247
138	158	1.02626
138	159	0.984866
138	160	1.0085
138	162	1.01482
138	163	1.02504
138	167	0.948567
138	169	1.01695
138	171	1.03897
138	172	1.03824
138	173	1.03205
138	174	1.0344
138	175	1.02789
138	176	1.04583
138	177	0.894216
138	178	1.03144
138	179	1.04211
138	180	1.04211
139	3	1.0322
139	15	1.00097
139	20	0.979996
139	29	1.0207
139	33	1.00417
139	44	1.18818
139	50	0.961358
139	68	0.982259
139	77	1.0037
139	88	0.896331
139	95	1.00049
139	99	0.983212
139	102	1.05995
139	107	0.97149
139	114	0.995179
139	118	0.999216
139	125	0.977197
139	127	1.05341
139	133	0.957226
139	137	0.922428
139	140	0.972032
139	148	0.939411
139	149	0.961294
139	153	0.949019
139	156	0.921054
139	161	0.960779
139	163	1.06821
139	168	0.962648
