1	18	1.01496
1	20	0.905305
1	22	0.902493
1	29	0.980629
1	34	0.984682
1	35	0.884908
1	80	0.940694
1	136	2.69228
1	145	0.966712
1	164	2.93455
1	166	0.899453
1	170	0.908742
2	6	0.842576
2	15	2.24731
2	19	0.929313
2	26	0.813131
2	37	0.899359
2	38	0.81156
2	61	2.40825
2	87	0.803042
2	134	0.86861
2	145	0.879388
2	166	0.81213
2	177	0.770165
3	10	0.868402
3	13	0.760682
3	14	0.759668
3	36	0.834305
3	49	0.791365
3	97	0.775366
3	108	0.760043
3	140	0.669611
3	144	0.788985
3	154	0.714621
3	176	0.707595
3	178	4.63905
4	30	0.965466
4	43	0.944051
4	46	0.929031
4	48	0.924429
4	56	0.916213
4	60	0.907328
4	65	0.907602
4	69	0.987094
4	70	1.28429
4	142	3.39036
4	144	0.942369
4	162	1.77223
5	7	0.820121
5	12	0.809658
5	16	0.820805
5	28	0.885583
5	40	0.871558
5	41	0.87129
5	136	3.60443
5	145	0.870313
5	149	0.841303
5	152	0.854306
5	153	2.03689
5	156	0.792665
6	2	0.842576
6	19	0.941186
6	26	0.825003
6	37	0.911231
6	38	0.823433
6	89	1.80342
6	134	0.880482
6	145	0.891261
6	166	0.824002
6	172	3.62738
6	177	0.782037
7	5	0.820121
7	12	0.817225
7	16	0.828372
7	28	0.89315
7	40	0.879125
7	41	0.878857
7	128	0.769865
7	145	0.87788
7	152	0.861872
7	156	0.800232
7	157	3.17285
7	161	2.35371
8	17	0.920515
8	31	0.893268
8	51	0.869681
8	52	0.868405
8	57	0.867308
8	110	0.73843
8	135	0.841737
8	149	0.849831
8	163	1.82631
8	170	0.820872
8	177	0.769618
8	179	3.88625
9	25	0.848568
9	27	0.935497
9	32	0.818396
9	42	0.80499
9	45	0.803703
9	47	0.880435
9	50	0.865693
9	55	0.864947
9	135	0.842132
9	137	2.13612
9	146	3.02546
9	156	0.801589
10	3	0.868402
10	13	0.952585
10	14	0.951571
10	36	1.02621
10	49	0.983268
10	102	1.36328
10	140	0.861514
10	144	0.980887
10	154	0.906524
10	171	2.32697
10	176	0.899498
10	179	3.19607
11	30	0.874579
11	33	0.876558
11	43	0.853165
11	48	0.833542
11	56	0.825326
11	60	0.816442
11	65	0.816716
11	69	0.896208
11	105	2.27196
11	144	0.851483
11	146	3.13851
11	155	0.78162
12	5	0.809658
12	7	0.817225
12	16	0.817908
12	28	0.882686
12	40	0.868662
12	41	0.868393
12	124	1.77607
12	145	0.867417
12	149	0.838406
12	152	0.851409
12	156	0.789769
12	170	3.38209
13	3	0.760682
13	10	0.952585
13	14	0.843851
13	36	0.918488
13	49	0.875548
13	108	0.844226
13	137	1.77327
13	140	0.753794
13	144	0.873168
13	154	0.798804
13	163	3.51205
13	176	0.791778
14	3	0.759668
14	10	0.951571
14	13	0.843851
14	36	0.917475
14	49	0.874535
14	108	0.843213
14	140	0.75278
14	142	2.99263
14	144	0.872154
14	148	2.90756
14	154	0.797791
14	176	0.790765
15	2	2.24731
15	53	0.53621
15	100	0.0315499
15	109	1.01307
15	158	0.949816
15	160	0.93584
15	173	0.927593
15	174	0.925116
15	175	0.890399
15	178	0.918391
15	179	0.907758
15	180	0.924332
16	5	0.820805
16	7	0.828372
16	12	0.817908
16	28	0.893833
16	40	0.879809
16	41	0.87954
16	128	0.770549
16	141	2.28965
16	149	0.849553
16	152	0.862556
16	156	0.800916
16	161	3.1493
17	8	0.920515
17	31	0.984173
17	51	0.960585
17	52	0.95931
17	57	0.958212
17	130	1.49915
17	132	0.938376
17	133	2.10602
17	149	0.940735
17	163	2.74738
17	170	0.911776
17	177	0.860522
18	1	1.01496
18	20	0.914915
18	22	0.912104
18	29	0.990239
18	35	0.894518
18	140	3.83716
18	145	0.976322
18	147	2.14432
18	155	0.893158
18	165	1.2581
18	166	0.909063
18	170	0.918353
19	2	0.929313
19	6	0.941186
19	26	0.91174
19	37	0.997968
19	38	0.91017
19	93	2.62395
19	129	1.19065
19	134	0.967219
19	145	0.977998
19	147	3.32989
19	166	0.910739
19	177	0.868774
20	1	0.905305
20	18	0.914915
20	22	0.802447
20	29	0.880583
20	34	0.884636
20	35	0.784862
20	103	1.91747
20	134	0.855887
20	155	0.783501
20	158	3.51911
20	166	0.799407
20	170	0.808696
21	54	0.865696
21	67	0.847744
21	68	0.848116
21	71	0.840458
21	74	0.839646
21	75	0.837729
21	83	0.825313
21	85	0.884249
21	86	0.884489
21	154	2.20368
21	169	3.4025
21	176	0.785531
22	1	0.902493
22	18	0.912104
22	20	0.802447
22	29	0.877771
22	34	0.881824
22	35	0.78205
22	108	2.56076
22	145	0.863854
22	155	0.78069
22	166	0.796595
22	168	3.0956
22	170	0.805885
23	59	0.873553
23	62	0.926092
23	94	0.948144
23	111	0.929505
23	115	0.972645
23	120	0.914256
23	121	0.948257
23	126	0.946009
23	131	0.973326
23	133	1.76618
23	146	1.55809
23	157	2.90351
24	75	2.78928
24	118	0.755515
24	158	0.789894
24	163	0.789663
24	169	0.75674
24	172	0.757832
24	173	0.767671
24	174	0.765194
24	175	0.730477
24	178	0.758469
24	179	0.747836
24	180	0.76441
25	9	0.848568
25	27	0.953663
25	32	0.836562
25	42	0.823156
25	45	0.82187
25	47	0.898601
25	50	0.88386
25	55	0.883114
25	101	2.76628
25	156	0.819756
25	178	2.74897
26	2	0.813131
26	6	0.825003
26	19	0.91174
26	37	0.881786
26	38	0.793987
26	87	0.785469
26	97	0.834895
26	134	0.851037
26	145	0.861815
26	151	2.53004
26	166	0.794556
26	173	3.49466
26	177	0.752591
27	9	0.935497
27	25	0.953663
27	32	0.923491
27	42	0.910085
27	45	0.908799
27	47	0.98553
27	50	0.970788
27	55	0.970042
27	92	2.21534
27	124	1.24937
27	139	2.39161
27	156	0.906684
28	5	0.885583
28	7	0.89315
28	12	0.882686
28	16	0.893833
28	40	0.944587
28	41	0.944318
28	109	1.35512
28	133	1.7422
28	145	0.943342
28	149	0.914331
28	152	0.927334
28	156	0.865694
28	177	3.71387
29	1	0.980629
29	18	0.990239
29	20	0.880583
29	22	0.877771
29	34	0.95996
29	35	0.860186
29	95	1.53495
29	108	1.40499
29	134	0.931211
29	155	0.858825
29	166	0.874731
29	170	0.88402
29	175	4.25701
30	4	0.965466
30	11	0.874579
30	33	0.949642
30	46	0.911229
30	48	0.906627
30	56	0.898411
30	60	0.889526
30	65	0.8898
30	69	0.969292
30	102	2.18418
30	109	1.94123
30	155	0.854704
30	166	2.78681
31	8	0.893268
31	17	0.984173
31	51	0.933339
31	52	0.932063
31	57	0.930966
31	132	0.91113
31	135	0.905395
31	149	0.913489
31	158	2.1255
31	162	2.5667
31	166	2.07694
31	170	0.88453
31	177	0.833276
32	9	0.818396
32	25	0.836562
32	27	0.923491
32	42	0.792983
32	45	0.791697
32	47	0.868428
32	50	0.853687
32	55	0.852941
32	95	0.785531
32	135	0.830126
32	148	3.52541
32	156	0.789583
32	180	2.54755
33	11	0.876558
33	30	0.949642
33	43	0.928228
33	46	0.913207
33	56	0.900389
33	60	0.891505
33	65	0.891779
33	69	0.97127
33	152	0.923839
33	155	0.856682
33	167	1.87664
33	172	2.37011
33	179	2.9804
34	1	0.984682
34	20	0.884636
34	22	0.881824
34	29	0.95996
34	35	0.864239
34	102	1.23598
34	134	0.935264
34	145	0.946042
34	155	0.862878
34	166	0.878784
34	170	0.888073
34	178	2.88961
34	180	2.88355
35	1	0.884908
35	18	0.894518
35	20	0.784862
35	22	0.78205
35	29	0.860186
35	34	0.864239
35	134	0.83549
35	145	0.846269
35	155	0.763104
35	163	2.31398
35	166	0.77901
35	170	0.788299
35	177	3.64429
36	3	0.834305
36	10	1.02621
36	13	0.918488
36	14	0.917475
36	49	0.949172
36	61	0.938755
36	128	3.65147
36	129	1.24774
36	140	0.827417
36	144	0.946791
36	154	0.872428
36	176	0.865402
36	177	2.32625
37	2	0.899359
37	6	0.911231
37	19	0.997968
37	26	0.881786
37	38	0.880215
37	97	0.921124
37	129	1.51894
37	134	0.937265
37	145	0.948043
37	157	2.84501
37	160	2.37489
37	166	0.880784
37	177	0.83882
38	2	0.81156
38	6	0.823433
38	19	0.91017
38	26	0.793987
38	37	0.880215
38	87	0.783898
38	97	0.833325
38	134	0.849466
38	145	0.860244
38	166	0.792986
38	168	2.59006
38	173	3.33653
38	177	0.751021
39	100	1.94422
39	104	0.858696
39	113	0.770605
39	117	0.84243
39	151	0.859648
39	156	0.824165
39	169	0.80071
39	171	0.807346
39	173	0.811641
39	174	0.809164
39	175	0.774447
39	178	0.802439
39	179	0.791806
39	180	0.80838
40	5	0.871558
40	7	0.879125
40	12	0.868662
40	16	0.879809
40	28	0.944587
40	41	0.930294
40	66	1.42669
40	128	0.821302
40	145	0.929317
40	149	0.900307
40	152	0.913309
40	155	2.56504
40	156	0.851669
40	157	3.07863
41	5	0.87129
41	7	0.878857
41	12	0.868393
41	16	0.87954
41	28	0.944318
41	40	0.930294
41	128	0.821033
41	132	1.8302
41	138	2.70218
41	145	0.929049
41	149	0.900038
41	152	0.913041
41	153	2.25441
41	156	0.851401
42	9	0.80499
42	25	0.823156
42	27	0.910085
42	32	0.792983
42	45	0.778291
42	47	0.855022
42	50	0.840281
42	55	0.839535
42	95	0.772125
42	108	0.811583
42	135	0.81672
42	139	2.26528
42	156	0.776177
42	164	3.9634
43	4	0.944051
43	11	0.853165
43	33	0.928228
43	46	0.889814
43	48	0.885212
43	56	0.876996
43	60	0.868112
43	65	0.868386
43	69	0.947878
43	128	4.14853
43	152	0.900446
43	155	0.833289
43	161	1.16982
43	173	2.23416
44	95	0.69163
44	124	0.806756
44	127	0.680357
44	136	0.698062
44	153	0.776405
44	154	0.685666
44	157	0.686952
44	162	0.709677
44	164	0.681055
44	169	0.672227
44	172	0.673319
44	174	0.680681
44	179	0.663323
44	180	0.679897
45	9	0.803703
45	25	0.82187
45	27	0.908799
45	32	0.791697
45	42	0.778291
45	47	0.853736
45	50	0.838995
45	55	0.838249
45	95	0.770839
45	108	0.810296
45	135	0.815434
45	138	3.27786
45	141	2.50202
45	156	0.774891
46	4	0.929031
46	30	0.911229
46	33	0.913207
46	43	0.889814
46	48	0.870192
46	56	0.861976
46	60	0.853092
46	65	0.853365
46	69	0.932857
46	144	0.888132
46	152	0.885425
46	164	2.56784
46	173	2.35396
46	174	2.41342
47	9	0.880435
47	25	0.898601
47	27	0.98553
47	32	0.868428
47	42	0.855022
47	45	0.853736
47	50	0.915726
47	55	0.91498
47	104	2.13859
47	108	0.887027
47	135	0.892165
47	143	2.08698
47	156	0.851622
47	170	2.72586
48	4	0.924429
48	11	0.833542
48	30	0.906627
48	43	0.885212
48	46	0.870192
48	56	0.857374
48	60	0.848489
48	65	0.848763
48	69	0.928255
48	144	0.88353
48	151	1.81053
48	152	0.880823
48	155	0.813667
48	167	2.99016
48	178	2.90212
49	3	0.791365
49	10	0.983268
49	13	0.875548
49	14	0.874535
49	36	0.949172
49	61	0.895816
49	87	2.26587
49	96	2.47124
49	97	0.890233
49	108	0.87491
49	140	0.784478
49	144	0.903851
49	154	0.829488
49	176	0.822462
49	178	2.74777
50	9	0.865693
50	25	0.88386
50	27	0.970788
50	32	0.853687
50	42	0.840281
50	45	0.838995
50	47	0.915726
50	55	0.900239
50	95	0.832829
50	108	0.872286
50	117	1.99126
50	135	0.877424
50	151	1.85125
50	156	0.836881
50	169	3.70674
51	8	0.869681
51	17	0.960585
51	31	0.933339
51	52	0.908476
51	57	0.907378
51	110	0.778501
51	118	0.816584
51	132	0.887542
51	135	0.881807
51	149	0.889901
51	154	2.63716
51	161	1.88076
51	170	0.860942
51	176	2.86216
51	177	0.809688
52	8	0.868405
52	17	0.95931
52	31	0.932063
52	51	0.908476
52	57	0.906103
52	80	1.39771
52	110	0.777225
52	118	0.815309
52	129	2.3882
52	132	0.886267
52	135	0.880531
52	149	0.888625
52	162	3.5252
52	170	0.859667
52	177	0.808413
53	15	0.53621
53	84	0.897014
53	94	0.86867
53	111	0.850031
53	112	0.906367
53	113	0.906526
53	117	2.85049
53	120	0.834781
53	121	0.868783
53	123	0.879461
53	125	0.875658
53	126	0.866535
53	131	0.893851
53	152	0.883005
53	176	3.59216
54	21	0.865696
54	67	0.88107
54	68	0.881442
54	71	0.873784
54	74	0.872972
54	75	0.871055
54	76	0.933506
54	77	0.868511
54	83	0.858639
54	85	0.917575
54	86	0.917815
54	153	1.58787
54	161	2.11946
54	165	3.91503
54	176	0.818857
55	9	0.864947
55	25	0.883114
55	27	0.970042
55	32	0.852941
55	42	0.839535
55	45	0.838249
55	47	0.91498
55	50	0.900239
55	95	0.832083
55	108	0.87154
55	117	2.35825
55	118	3.73869
55	132	1.16272
55	135	0.876678
55	156	0.836134
56	4	0.916213
56	11	0.825326
56	30	0.898411
56	33	0.900389
56	43	0.876996
56	46	0.861976
56	48	0.857374
56	60	0.840273
56	65	0.840547
56	69	0.920039
56	105	1.19082
56	127	4.49725
56	130	1.65859
56	144	0.875314
56	152	0.872607
57	8	0.867308
57	17	0.958212
57	31	0.930966
57	51	0.907378
57	52	0.906103
57	110	0.776128
57	118	0.814211
57	124	1.1743
57	132	0.88517
57	135	0.879434
57	149	0.887528
57	159	3.19333
57	170	0.85857
57	171	3.49067
57	177	0.807316
58	107	3.54692
58	117	0.78155
58	138	0.765994
58	148	0.738618
58	156	0.763285
58	163	0.772754
58	167	0.754794
58	169	0.739831
58	172	0.740922
58	173	0.750761
58	174	0.748284
58	175	0.713567
58	178	0.741559
58	179	0.730926
58	180	0.7475
59	23	0.873553
59	94	0.792796
59	112	0.830492
59	113	0.830652
59	115	0.817297
59	120	0.758907
59	121	0.792909
59	123	0.803586
59	125	0.799784
59	126	0.790661
59	131	0.817977
59	132	0.791769
59	152	0.80713
59	156	2.85517
59	180	3.60358
60	4	0.907328
60	11	0.816442
60	30	0.889526
60	33	0.891505
60	43	0.868112
60	46	0.853092
60	48	0.848489
60	56	0.840273
60	65	0.831663
60	69	0.911155
60	81	1.57538
60	144	0.86643
60	150	2.32769
60	152	0.863723
60	155	0.796567
60	178	3.66603
61	2	2.40825
61	36	0.938755
61	49	0.895816
61	65	0.0522861
61	73	0.779007
61	112	0.91409
61	123	0.887184
61	126	0.874258
61	131	0.901575
61	144	0.893435
61	163	0.838556
61	173	0.816563
61	176	0.812045
61	178	0.807362
61	179	0.796729
61	180	0.813303
62	23	0.926092
62	104	1.66052
62	107	0.897813
62	111	0.826697
62	112	0.883032
62	113	0.883192
62	115	0.869837
62	120	0.811447
62	121	0.845448
62	123	0.856126
62	125	0.852323
62	126	0.843201
62	131	0.870517
62	139	1.78402
62	148	4.36703
62	152	0.85967
63	73	0.83645
63	79	0.902709
63	91	0.894874
63	99	0.877371
63	100	0.876255
63	106	0.927762
63	116	0.848933
63	119	0.893348
63	122	0.8782
63	137	1.39859
63	142	0.788151
63	144	0.880123
63	154	0.805759
63	161	0.830767
63	167	2.16775
63	175	5.10943
64	81	0.862879
64	88	2.06777
64	91	1.0675
64	101	0.808611
64	143	0.859747
64	159	0.799193
64	163	0.8147
64	167	0.796739
64	171	0.788412
64	172	0.782868
64	173	0.792707
64	175	0.755513
64	176	0.788189
64	178	0.783505
64	179	0.772872
64	180	0.789446
65	4	0.907602
65	11	0.816716
65	30	0.8898
65	33	0.891779
65	43	0.868386
65	46	0.853365
65	48	0.848763
65	56	0.840547
65	60	0.831663
65	61	0.0522861
65	69	0.911429
65	144	0.866704
65	152	0.863997
65	155	0.796841
65	156	3.04001
65	176	3.58456
66	40	1.42669
66	69	0.889903
66	131	1.16523
66	153	0.944595
66	155	0.858355
66	159	0.857833
66	162	0.877866
66	165	0.847321
66	169	0.840416
66	170	0.88355
66	172	0.841508
66	173	0.851347
66	174	0.84887
66	178	0.842145
66	179	0.831512
66	180	0.848086
67	21	0.847744
67	54	0.88107
67	68	0.86349
67	71	0.855832
67	74	0.85502
67	75	0.853103
67	76	0.915554
67	77	0.850559
67	83	0.840687
67	85	0.899623
67	86	0.899863
67	93	3.37605
67	134	0.884817
67	169	3.35541
67	170	1.44409
67	176	0.800905
68	21	0.848116
68	54	0.881442
68	67	0.86349
68	71	0.856204
68	74	0.855392
68	75	0.853475
68	76	0.915926
68	77	0.850931
68	80	2.13431
68	83	0.841059
68	85	0.899995
68	86	0.900235
68	124	2.06959
68	135	2.89879
68	149	0.866956
68	176	0.801277
69	4	0.987094
69	11	0.896208
69	30	0.969292
69	33	0.97127
69	43	0.947878
69	46	0.932857
69	48	0.928255
69	56	0.920039
69	60	0.911155
69	65	0.911429
69	66	0.889903
69	114	1.10304
69	152	0.943488
69	155	0.876332
69	172	2.59528
69	175	5.04349
70	4	1.28429
70	100	2.88549
70	118	0.7883
70	147	0.800028
70	151	0.848462
70	163	0.822448
70	164	0.798353
70	165	0.796428
70	166	0.823369
70	169	0.789524
70	171	0.79616
70	175	0.763261
70	177	0.781404
70	178	0.791253
70	179	0.78062
70	180	0.797194
71	21	0.840458
71	54	0.873784
71	67	0.855832
71	68	0.856204
71	74	0.847734
71	75	0.845817
71	76	0.908268
71	77	0.843273
71	83	0.833401
71	85	0.892337
71	86	0.892577
71	128	0.780294
71	130	1.82257
71	143	2.15263
71	149	0.859298
71	176	0.793619
71	180	3.93289
72	74	1.00557
72	96	0.85312
72	119	0.160247
72	124	0.954948
72	139	0.889862
72	144	0.947828
72	148	0.819207
72	153	0.924597
72	162	0.857869
72	164	0.829248
72	169	0.820419
72	171	0.827054
72	172	0.821511
72	174	0.828873
72	178	0.822148
72	179	0.811515
72	180	0.828089
73	61	0.779007
73	63	0.83645
73	78	0.82907
73	79	0.880384
73	88	0.860331
73	90	0.85951
73	91	0.872549
73	99	0.855046
73	100	0.853929
73	102	0.865289
73	106	0.905437
73	116	0.826607
73	119	0.871022
73	122	0.855875
73	141	2.47023
73	161	0.808441
73	168	3.64775
74	21	0.839646
74	54	0.872972
74	67	0.85502
74	68	0.855392
74	71	0.847734
74	72	1.00557
74	75	0.845005
74	76	0.907456
74	77	0.842461
74	83	0.832589
74	85	0.891525
74	86	0.891765
74	128	0.779482
74	149	0.858486
74	163	2.36317
74	165	3.83557
74	176	0.792807
75	21	0.837729
75	24	2.78928
75	54	0.871055
75	67	0.853103
75	68	0.853475
75	71	0.845817
75	74	0.845005
75	76	0.905539
75	77	0.840544
75	83	0.830672
75	85	0.889608
75	86	0.889848
75	128	0.777565
75	132	1.19281
75	134	0.874802
75	154	2.90501
75	176	0.79089
76	54	0.933506
76	67	0.915554
76	68	0.915926
76	71	0.908268
76	74	0.907456
76	75	0.905539
76	77	0.902995
76	83	0.893123
76	85	0.95206
76	86	0.952299
76	92	1.49023
76	134	0.937253
76	142	3.51701
76	149	0.919021
76	150	1.1218
76	176	0.853341
76	179	3.65194
77	54	0.868511
77	67	0.850559
77	68	0.850931
77	71	0.843273
77	74	0.842461
77	75	0.840544
77	76	0.902995
77	83	0.828128
77	85	0.887064
77	86	0.887304
77	114	1.33033
77	128	0.775021
77	134	0.872258
77	149	0.854026
77	150	2.94465
77	160	3.4407
77	176	0.788346
78	73	0.82907
78	79	0.895329
78	88	0.875277
78	90	0.874455
78	91	0.887494
78	99	0.869991
78	100	0.868875
78	108	2.33425
78	116	0.841553
78	119	0.885968
78	122	0.870821
78	140	0.753369
78	144	0.872743
78	153	2.01964
78	154	0.79838
78	159	3.7679
78	161	0.823387
79	63	0.902709
79	73	0.880384
79	78	0.895329
79	88	0.926591
79	90	0.925769
79	91	0.938808
79	99	0.921305
79	100	0.920189
79	102	0.931549
79	106	0.971696
79	109	1.50869
79	116	0.892867
79	119	0.937282
79	122	0.922135
79	143	1.61896
79	163	2.53713
79	174	3.33776
80	1	0.940694
80	52	1.39771
80	68	2.13431
80	101	0.910844
80	113	0.0723276
80	117	0.925729
80	158	0.917163
80	160	0.903187
80	162	0.921459
80	164	0.892838
80	168	0.911179
80	172	0.885101
80	173	0.89494
80	174	0.892463
80	177	0.875889
80	178	0.885738
80	179	0.875105
80	180	0.891679
81	60	1.57538
81	64	0.862879
81	92	0.881192
81	107	0.136322
81	111	1.91201
81	130	0.913925
81	133	0.865911
81	139	0.876412
81	141	0.861094
81	147	0.817473
81	151	0.865907
81	165	0.813873
81	168	0.834138
81	171	0.813604
81	172	0.80806
81	175	0.780705
81	179	0.798065
81	180	0.814639
82	101	0.739541
82	119	4.45211
82	124	0.847235
82	130	0.819662
82	141	0.766831
82	147	0.72321
82	157	0.727431
82	162	0.750156
82	163	0.745629
82	165	0.71961
82	166	0.74655
82	169	0.712706
82	171	0.719341
82	174	0.72116
82	177	0.704585
82	178	0.714435
82	179	0.703802
82	180	0.720376
83	21	0.825313
83	54	0.858639
83	67	0.840687
83	68	0.841059
83	71	0.833401
83	74	0.832589
83	75	0.830672
83	76	0.893123
83	77	0.828128
83	85	0.877192
83	86	0.877432
83	128	0.765149
83	134	0.862386
83	149	0.844153
83	160	2.17718
83	171	3.34217
83	174	2.95196
83	176	0.778474
84	53	0.897014
84	89	1.91618
84	94	0.895731
84	95	0.844374
84	107	0.948209
84	112	0.933428
84	113	0.933588
84	115	0.920233
84	120	0.861843
84	121	0.895844
84	123	0.906522
84	125	0.902719
84	126	0.893596
84	131	0.920913
84	136	3.00328
84	139	1.54744
84	161	0.863417
84	173	3.03167
85	21	0.884249
85	54	0.917575
85	67	0.899623
85	68	0.899995
85	71	0.892337
85	74	0.891525
85	75	0.889608
85	76	0.95206
85	77	0.887064
85	83	0.877192
85	86	0.936368
85	97	1.46423
85	118	3.16131
85	134	0.921322
85	149	0.90309
85	153	1.00954
85	176	0.83741
85	179	3.92425
86	21	0.884489
86	54	0.917815
86	67	0.899863
86	68	0.900235
86	71	0.892577
86	74	0.891765
86	75	0.889848
86	76	0.952299
86	77	0.887304
86	83	0.877432
86	85	0.936368
86	97	1.90197
86	102	1.51656
86	134	0.921562
86	149	0.903329
86	158	2.16774
86	169	3.93409
86	176	0.83765
87	2	0.803042
87	26	0.785469
87	38	0.783898
87	49	2.26587
87	90	0.840137
87	106	0.886064
87	110	0.711315
87	113	2.27916
87	116	0.807235
87	122	0.836503
87	129	0.865988
87	166	0.784467
87	171	0.757258
87	172	0.751715
87	177	0.742503
87	178	0.752352
87	179	0.741719
87	180	0.758293
88	64	2.06777
88	73	0.860331
88	78	0.875277
88	79	0.926591
88	90	0.905716
88	91	0.918756
88	99	0.901252
88	100	0.900136
88	103	1.6315
88	104	2.50088
88	106	0.951643
88	116	0.872814
88	118	0.814978
88	119	0.917229
88	122	0.902082
88	132	2.08847
88	144	0.904004
88	154	0.829641
88	161	0.854648
89	6	1.80342
89	84	1.91618
89	130	0.915465
89	132	0.878243
89	133	0.867452
89	140	0.776938
89	150	0.860113
89	152	0.994896
89	158	0.841663
89	163	0.841433
89	165	0.815414
89	169	0.808509
89	172	0.809601
89	173	0.81944
89	174	0.816963
89	177	0.800389
89	178	0.810238
89	179	0.799605
89	180	0.816179
90	73	0.85951
90	78	0.874455
90	79	0.925769
90	87	0.840137
90	88	0.905716
90	91	0.917934
90	99	0.900431
90	100	0.899315
90	103	1.32924
90	106	0.950822
90	116	0.871992
90	119	0.916408
90	122	0.90126
90	137	1.3264
90	142	0.811211
90	144	0.903183
90	150	2.59499
90	161	0.853827
90	167	4.02136
91	63	0.894874
91	64	1.0675
91	73	0.872549
91	78	0.887494
91	79	0.938808
91	88	0.918756
91	90	0.917934
91	99	0.91347
91	100	0.912354
91	110	0.789112
91	116	0.885032
91	118	0.827195
91	119	0.929447
91	122	0.9143
91	124	1.23068
91	147	4.72579
91	154	0.841859
91	161	0.866866
91	166	2.18432
92	27	2.21534
92	76	1.49023
92	81	0.881192
92	123	1.20498
92	138	0.826253
92	139	0.869532
92	146	0.854913
92	151	0.859027
92	160	0.819266
92	163	0.833013
92	164	0.808918
92	167	0.815052
92	168	0.827258
92	171	0.806724
92	172	0.801181
92	173	0.81102
92	175	0.773826
92	178	0.801818
92	179	0.791185
92	180	0.807759
93	19	2.62395
93	67	3.37605
93	104	0.80909
93	117	0.792825
93	124	0.885634
93	150	0.802708
93	153	0.855283
93	160	0.770282
93	164	0.759933
93	167	0.766068
93	168	0.778274
93	169	0.751105
93	171	0.75774
93	172	0.752196
93	173	0.762035
93	174	0.759559
93	175	0.724841
93	178	0.752834
93	179	0.742201
93	180	0.758775
94	23	0.948144
94	53	0.86867
94	59	0.792796
94	84	0.895731
94	97	2.3338
94	107	0.919865
94	111	0.848748
94	112	0.905084
94	113	0.905244
94	115	0.891888
94	120	0.833499
94	121	0.8675
94	123	0.878178
94	125	0.874375
94	126	0.865252
94	131	0.892569
94	151	2.51043
94	160	2.75973
94	161	0.835073
94	170	2.45459
95	29	1.53495
95	32	0.785531
95	42	0.772125
95	44	0.69163
95	45	0.770839
95	50	0.832829
95	55	0.832083
95	84	0.844374
95	121	0.816143
95	123	0.826821
95	126	0.813895
95	144	3.48124
95	147	0.755774
95	161	0.783716
95	167	0.760233
95	172	0.746361
95	175	0.719006
95	178	0.746999
95	179	0.736366
95	180	0.75294
96	49	2.47124
96	72	0.85312
96	126	2.48736
96	136	0.784403
96	138	0.784732
96	139	0.828011
96	146	0.813391
96	147	0.769072
96	148	0.757356
96	160	0.777745
96	164	0.767396
96	167	0.773531
96	168	0.785737
96	172	0.75966
96	173	0.769499
96	174	0.767022
96	175	0.732304
96	178	0.760297
96	179	0.749664
96	180	0.766238
97	3	0.775366
97	26	0.834895
97	37	0.921124
97	38	0.833325
97	49	0.890233
97	85	1.46423
97	86	1.90197
97	94	2.3338
97	101	0.826885
97	137	0.905415
97	154	0.813489
97	156	0.823505
97	166	0.833894
97	172	0.801142
97	174	0.808504
97	176	0.806462
97	177	0.791929
97	178	0.801779
97	180	0.80772
98	99	0.176322
98	111	1.19144
98	131	0.378114
98	144	0.36234
98	148	0.859499
98	153	0.96489
98	157	0.875436
98	163	0.893635
98	164	0.86954
98	165	0.867616
98	167	0.875675
98	168	0.887881
98	169	0.860712
98	171	0.867347
98	172	0.861803
98	173	0.871642
98	175	0.834448
98	178	0.86244
98	179	0.851808
98	180	0.868381
99	63	0.877371
99	73	0.855046
99	78	0.869991
99	79	0.921305
99	88	0.901252
99	90	0.900431
99	91	0.91347
99	98	0.176322
99	100	0.894851
99	106	0.946358
99	110	0.771608
99	116	0.867528
99	119	0.911944
99	122	0.896796
99	142	0.806747
99	154	0.824355
99	161	0.849363
99	167	3.07559
99	174	2.92004
99	178	2.98756
100	15	0.0315499
100	39	1.94422
100	63	0.876255
100	70	2.88549
100	73	0.853929
100	78	0.868875
100	79	0.920189
100	88	0.900136
100	90	0.899315
100	91	0.912354
100	99	0.894851
100	106	0.945242
100	116	0.866412
100	119	0.910827
100	122	0.89568
100	135	2.01042
100	140	0.778229
100	142	0.805631
100	154	0.823239
100	161	0.848246
101	25	2.76628
101	64	0.808611
101	80	0.910844
101	82	0.739541
101	97	0.826885
101	125	1.99685
101	133	0.811644
101	147	0.763205
101	154	0.76614
101	159	0.770118
101	160	0.771879
101	167	0.767665
101	168	0.779871
101	171	0.759337
101	173	0.763632
101	174	0.761156
101	175	0.726438
101	178	0.75443
101	179	0.743798
101	180	0.760371
102	10	1.36328
102	30	2.18418
102	34	1.23598
102	73	0.865289
102	79	0.931549
102	86	1.51656
102	111	0.873282
102	113	0.929777
102	116	0.877772
102	120	0.858032
102	121	0.892033
102	122	0.90704
102	125	0.898908
102	131	0.917102
102	140	0.789589
102	146	0.875984
102	169	0.82116
102	174	0.829614
102	175	0.794897
102	179	0.812256
102	180	0.82883
103	20	1.91747
103	88	1.6315
103	90	1.32924
103	121	0.409538
103	148	0.850657
103	150	0.903473
103	156	0.875324
103	157	0.866594
103	158	0.885023
103	160	0.871047
103	162	0.889319
103	164	0.860698
103	165	0.858774
103	169	0.85187
103	172	0.852961
103	173	0.8628
103	174	0.860324
103	175	0.825606
103	178	0.853598
103	179	0.842966
103	180	0.859539
104	39	0.858696
104	47	2.13859
104	62	1.66052
104	88	2.50088
104	93	0.80909
104	117	0.825572
104	129	0.899216
104	137	0.889217
104	151	0.84279
104	153	0.88803
104	159	0.801269
104	163	0.816775
104	164	0.79268
104	165	0.790756
104	169	0.783852
104	173	0.794782
104	174	0.792306
104	175	0.757588
104	178	0.785581
104	179	0.774948
104	180	0.791522
105	11	2.27196
105	56	1.19082
105	134	0.715899
105	149	0.0762041
105	158	0.884829
105	159	0.869092
105	160	0.870852
105	162	0.889125
105	163	0.884598
105	165	0.858579
105	167	0.866638
105	168	0.878844
105	169	0.851675
105	171	0.85831
105	172	0.852767
105	173	0.862606
105	174	0.860129
105	175	0.825412
105	178	0.853404
105	179	0.842771
105	180	0.859345
106	63	0.927762
106	73	0.905437
106	79	0.971696
106	87	0.886064
106	88	0.951643
106	90	0.950822
106	99	0.946358
106	100	0.945242
106	110	0.821999
106	116	0.917919
106	119	0.962335
106	122	0.947187
106	127	3.30275
106	129	1.75447
106	130	1.36371
106	140	0.829736
106	144	0.94911
106	154	0.874746
106	161	0.899754
106	167	2.6685
106	172	3.16197
107	58	3.54692
107	62	0.897813
107	81	0.136322
107	84	0.948209
107	94	0.919865
107	111	0.901226
107	112	0.957562
107	113	0.957722
107	115	0.944366
107	120	0.885976
107	121	0.919978
107	123	0.930656
107	125	0.926853
107	126	0.91773
107	131	0.945046
107	132	0.918838
107	142	0.844935
107	159	2.25234
107	161	0.887551
107	170	1.07955
107	180	2.22092
108	3	0.760043
108	13	0.844226
108	14	0.843213
108	22	2.56076
108	29	1.40499
108	42	0.811583
108	45	0.810296
108	47	0.887027
108	49	0.87491
108	50	0.872286
108	55	0.87154
108	78	2.33425
108	142	0.780558
108	156	0.808182
108	166	0.818571
108	174	0.793181
108	175	0.758464
108	176	0.79114
108	178	0.786456
108	179	0.775823
108	180	0.792397
109	15	1.01307
109	28	1.35512
109	30	1.94123
109	79	1.50869
109	115	0.722311
109	124	0.9568
109	137	0.927636
109	150	0.873874
109	161	0.860717
109	164	0.831099
109	165	0.829175
109	167	0.837234
109	168	0.84944
109	171	0.828906
109	172	0.823362
109	173	0.833201
109	175	0.796007
109	176	0.828683
109	177	0.81415
109	178	0.823999
109	179	0.813367
109	180	0.82994
110	8	0.73843
110	51	0.778501
110	52	0.777225
110	57	0.776128
110	87	0.711315
110	91	0.789112
110	99	0.771608
110	106	0.821999
110	116	0.74317
110	119	0.787585
110	142	0.682389
110	150	0.738162
110	152	5.61449
110	159	0.703975
110	168	0.713727
110	169	0.686558
110	170	0.729692
110	173	0.697489
110	177	0.678438
110	178	0.688287
110	179	0.677654
110	180	0.694228
111	23	0.929505
111	53	0.850031
111	62	0.826697
111	81	1.91201
111	94	0.848748
111	98	1.19144
111	102	0.873282
111	107	0.901226
111	112	0.886445
111	115	0.873249
111	120	0.81486
111	121	0.848861
111	123	0.859539
111	125	0.855736
111	126	0.846613
111	131	0.87393
111	132	0.847721
111	135	2.07842
111	142	0.773818
111	152	0.863083
111	156	3.24821
111	161	0.816434
112	53	0.906367
112	59	0.830492
112	61	0.91409
112	62	0.883032
112	84	0.933428
112	94	0.905084
112	107	0.957562
112	111	0.886445
112	113	0.942941
112	115	0.929585
112	120	0.871195
112	121	0.905197
112	123	0.915875
112	125	0.912072
112	126	0.902949
112	131	0.930265
112	143	1.23266
112	158	2.01653
112	161	0.87277
112	166	1.96797
112	171	3.34167
112	174	2.95146
113	39	0.770605
113	53	0.906526
113	59	0.830652
113	62	0.883192
113	80	0.0723276
113	84	0.933588
113	87	2.27916
113	94	0.905244
113	102	0.929777
113	107	0.957722
113	112	0.942941
113	115	0.929745
113	120	0.871355
113	121	0.905357
113	123	0.916035
113	125	0.912232
113	126	0.903109
113	131	0.930425
113	132	0.904217
113	142	0.830314
113	159	2.78643
113	176	2.55115
114	69	1.10304
114	77	1.33033
114	116	0.919688
114	122	0.337123
114	130	0.974516
114	137	0.972925
114	139	0.937003
114	141	0.921685
114	145	0.496557
114	148	0.866348
114	155	0.885499
114	159	0.884976
114	163	0.900483
114	164	0.876388
114	167	0.882523
114	168	0.894729
114	169	0.86756
114	171	0.874195
114	172	0.868651
114	174	0.876014
114	178	0.869289
114	179	0.858656
114	180	0.87523
115	23	0.972645
115	59	0.817297
115	62	0.869837
115	84	0.920233
115	94	0.891888
115	107	0.944366
115	109	0.722311
115	111	0.873249
115	112	0.929585
115	113	0.929745
115	120	0.858
115	121	0.892001
115	123	0.902679
115	125	0.898876
115	126	0.889753
115	131	0.91707
115	142	0.816959
115	152	0.906223
115	161	0.859574
115	165	3.22315
115	170	1.47147
115	177	3.08106
115	178	2.61889
116	63	0.848933
116	73	0.826607
116	78	0.841553
116	79	0.892867
116	87	0.807235
116	88	0.872814
116	90	0.871992
116	91	0.885032
116	99	0.867528
116	100	0.866412
116	102	0.877772
116	106	0.917919
116	110	0.74317
116	114	0.919688
116	119	0.883505
116	122	0.868358
116	130	1.75598
116	140	0.750907
116	142	0.778309
116	144	0.87028
116	161	0.820924
116	166	2.82135
116	177	4.33452
117	39	0.84243
117	50	1.99126
117	53	2.85049
117	55	2.35825
117	58	0.78155
117	80	0.925729
117	93	0.792825
117	104	0.825572
117	133	0.826529
117	135	0.831585
117	143	0.845557
117	148	0.766374
117	150	0.81919
117	157	0.782311
117	163	0.80051
117	164	0.776415
117	169	0.767586
117	172	0.768678
117	173	0.778517
117	174	0.77604
117	176	0.773999
117	178	0.769315
117	179	0.758682
117	180	0.775256
118	24	0.755515
118	51	0.816584
118	52	0.815309
118	55	3.73869
118	57	0.814211
118	70	0.7883
118	85	3.16131
118	88	0.814978
118	91	0.827195
118	119	0.825669
118	122	0.810522
118	142	0.720472
118	154	0.738081
118	161	0.763088
118	164	0.73347
118	168	0.751811
118	170	0.767775
118	171	0.731277
118	173	0.735573
118	175	0.698378
118	177	0.716521
118	179	0.715738
118	180	0.732312
119	63	0.893348
119	72	0.160247
119	73	0.871022
119	78	0.885968
119	79	0.937282
119	82	4.45211
119	88	0.917229
119	90	0.916408
119	91	0.929447
119	99	0.911944
119	100	0.910827
119	106	0.962335
119	110	0.787585
119	116	0.883505
119	118	0.825669
119	122	0.912773
119	140	0.795322
119	142	0.822724
119	144	0.914695
119	154	0.840332
119	155	1.50023
119	156	1.63153
119	161	0.865339
119	180	2.37994
120	23	0.914256
120	53	0.834781
120	59	0.758907
120	62	0.811447
120	84	0.861843
120	94	0.833499
120	102	0.858032
120	107	0.885976
120	111	0.81486
120	112	0.871195
120	113	0.871355
120	115	0.858
120	121	0.833612
120	123	0.84429
120	125	0.840487
120	126	0.831364
120	131	0.85868
120	141	1.73811
120	142	0.758569
120	152	0.847833
120	154	3.35416
120	155	2.90331
120	161	0.801184
120	168	2.91563
121	23	0.948257
121	53	0.868783
121	59	0.792909
121	62	0.845448
121	84	0.895844
121	94	0.8675
121	95	0.816143
121	102	0.892033
121	103	0.409538
121	107	0.919978
121	111	0.848861
121	112	0.905197
121	113	0.905357
121	115	0.892001
121	120	0.833612
121	123	0.878291
121	125	0.874488
121	126	0.865365
121	131	0.892682
121	132	0.866473
121	152	0.881835
121	155	2.12785
121	166	1.96262
121	173	2.88665
121	179	4.20542
122	63	0.8782
122	73	0.855875
122	78	0.870821
122	79	0.922135
122	87	0.836503
122	88	0.902082
122	90	0.90126
122	91	0.9143
122	99	0.896796
122	100	0.89568
122	102	0.90704
122	106	0.947187
122	114	0.337123
122	116	0.868358
122	118	0.810522
122	119	0.912773
122	140	0.780175
122	142	0.807577
122	144	0.899548
122	154	0.825185
122	160	2.4475
122	161	0.850192
122	162	2.72854
122	170	2.14236
122	172	3.87129
123	53	0.879461
123	59	0.803586
123	61	0.887184
123	62	0.856126
123	84	0.906522
123	92	1.20498
123	94	0.878178
123	95	0.826821
123	107	0.930656
123	111	0.859539
123	112	0.915875
123	113	0.916035
123	115	0.902679
123	120	0.84429
123	121	0.878291
123	125	0.885166
123	126	0.876043
123	131	0.903359
123	137	1.20164
123	142	0.803248
123	152	0.892513
123	161	0.845864
123	162	2.43122
123	172	3.57397
123	176	2.78254
124	12	1.77607
124	27	1.24937
124	44	0.806756
124	57	1.1743
124	68	2.06959
124	72	0.954948
124	82	0.847235
124	91	1.23068
124	93	0.885634
124	109	0.9568
124	136	0.886231
124	147	0.870899
124	157	0.87512
124	160	0.879573
124	164	0.869224
124	167	0.875359
124	168	0.887565
124	171	0.867031
124	173	0.871326
124	174	0.86885
124	175	0.834132
124	176	0.866808
124	178	0.862124
124	179	0.851492
124	180	0.868065
125	53	0.875658
125	59	0.799784
125	62	0.852323
125	84	0.902719
125	94	0.874375
125	101	1.99685
125	102	0.898908
125	107	0.926853
125	111	0.855736
125	112	0.912072
125	113	0.912232
125	115	0.898876
125	120	0.840487
125	121	0.874488
125	123	0.885166
125	126	0.87224
125	131	0.899556
125	132	0.873348
125	135	1.01376
125	140	5.16284
125	142	0.799445
125	152	0.88871
125	156	1.22508
125	161	0.842061
125	171	2.30224
126	23	0.946009
126	53	0.866535
126	59	0.790661
126	61	0.874258
126	62	0.843201
126	84	0.893596
126	94	0.865252
126	95	0.813895
126	96	2.48736
126	107	0.91773
126	111	0.846613
126	112	0.902949
126	113	0.903109
126	115	0.889753
126	120	0.831364
126	121	0.865365
126	123	0.876043
126	125	0.87224
126	131	0.890434
126	142	0.790322
126	146	1.0463
126	152	0.879587
126	153	1.04098
126	161	0.832938
126	165	3.36814
126	179	3.95569
127	44	0.680357
127	56	4.49725
127	106	3.30275
127	128	0.727084
127	133	0.792939
127	137	0.839362
127	146	0.78882
127	147	0.7445
127	150	0.7856
127	151	0.792934
127	153	0.838175
127	158	0.76715
127	162	0.771446
127	163	0.76692
127	164	0.742825
127	165	0.740901
127	166	0.767841
127	168	0.761166
127	171	0.740632
127	172	0.735088
127	174	0.742451
127	175	0.707733
127	176	0.740409
127	178	0.735725
127	179	0.725093
127	180	0.741666
128	7	0.769865
128	16	0.770549
128	36	3.65147
128	40	0.821302
128	41	0.821033
128	43	4.14853
128	71	0.780294
128	74	0.779482
128	75	0.777565
128	77	0.775021
128	83	0.765149
128	127	0.727084
128	139	0.788397
128	140	0.687383
128	145	0.820057
128	149	0.791046
128	156	0.742409
128	159	0.736371
128	163	0.751878
128	164	0.727783
128	173	0.729885
128	174	0.727408
128	176	0.725367
128	178	0.720683
128	179	0.71005
128	180	0.726624
129	19	1.19065
129	36	1.24774
129	37	1.51894
129	52	2.3882
129	87	0.865988
129	104	0.899216
129	106	1.75447
129	137	0.946596
129	138	0.867395
129	140	0.809659
129	146	0.896054
129	147	0.851735
129	148	0.840019
129	150	0.892834
129	157	0.855956
129	159	0.858648
129	165	0.848135
129	167	0.856194
129	168	0.8684
129	171	0.847866
129	172	0.842323
129	173	0.852162
129	174	0.849685
129	175	0.814968
129	178	0.84296
129	179	0.832327
129	180	0.848901
130	17	1.49915
130	56	1.65859
130	71	1.82257
130	81	0.913925
130	82	0.819662
130	89	0.915465
130	106	1.36371
130	114	0.974516
130	116	1.75598
130	136	0.858658
130	146	0.887646
130	155	0.850761
130	157	0.847547
130	158	0.865976
130	161	0.871268
130	163	0.865746
130	165	0.839727
130	167	0.847786
130	168	0.859992
130	169	0.832822
130	171	0.839458
130	172	0.833914
130	174	0.841276
130	175	0.806559
130	178	0.834551
130	179	0.823918
130	180	0.840492
131	23	0.973326
131	53	0.893851
131	59	0.817977
131	61	0.901575
131	62	0.870517
131	66	1.16523
131	84	0.920913
131	94	0.892569
131	98	0.378114
131	102	0.917102
131	107	0.945046
131	111	0.87393
131	112	0.930265
131	113	0.930425
131	115	0.91707
131	120	0.85868
131	121	0.892682
131	123	0.903359
131	125	0.899556
131	126	0.890434
131	132	0.891542
131	151	2.09776
131	152	0.906903
131	155	2.30358
131	161	0.860254
131	173	3.06238
131	180	3.18329
132	17	0.938376
132	31	0.91113
132	41	1.8302
132	51	0.887542
132	52	0.886267
132	55	1.16272
132	57	0.88517
132	59	0.791769
132	75	1.19281
132	88	2.08847
132	89	0.878243
132	107	0.918838
132	111	0.847721
132	113	0.904217
132	121	0.866473
132	125	0.873348
132	131	0.891542
132	134	1.15293
132	149	0.867692
132	165	0.802504
132	167	0.810563
132	169	0.7956
132	170	0.838734
132	173	0.806531
132	177	0.78748
132	178	0.797329
132	179	0.786696
132	180	0.80327
133	17	2.10602
133	23	1.76618
133	28	1.7422
133	81	0.865911
133	89	0.867452
133	101	0.811644
133	117	0.826529
133	127	0.792939
133	143	0.862779
133	145	1.93972
133	146	0.839632
133	150	0.836412
133	151	0.843747
133	153	0.888987
133	158	0.817963
133	159	0.802226
133	160	0.803986
133	163	0.817732
133	167	0.799772
133	169	0.784809
133	170	0.827943
133	171	0.791444
133	172	0.785901
133	174	0.793263
133	175	0.758545
133	178	0.786538
133	179	0.775905
133	180	0.792479
134	2	0.86861
134	6	0.880482
134	19	0.967219
134	20	0.855887
134	26	0.851037
134	29	0.931211
134	34	0.935264
134	35	0.83549
134	37	0.937265
134	38	0.849466
134	67	0.884817
134	75	0.874802
134	76	0.937253
134	77	0.872258
134	83	0.862386
134	85	0.921322
134	86	0.921562
134	105	0.715899
134	132	1.15293
134	137	1.46397
134	145	0.917294
134	155	0.83413
134	164	3.38695
134	166	0.850035
134	170	0.859325
134	174	3.23253
134	176	0.822604
134	177	0.808071
134	180	3.29399
135	8	0.841737
135	9	0.842132
135	31	0.905395
135	32	0.830126
135	42	0.81672
135	45	0.815434
135	47	0.892165
135	50	0.877424
135	51	0.881807
135	52	0.880531
135	55	0.876678
135	57	0.879434
135	68	2.89879
135	100	2.01042
135	111	2.07842
135	117	0.831585
135	125	1.01376
135	149	0.861957
135	152	0.313103
135	156	0.81332
135	157	0.80459
135	158	0.823018
135	162	0.827315
135	167	0.804828
135	168	0.817034
135	170	0.832998
135	175	0.763601
135	177	0.781744
135	178	0.791594
135	179	0.780961
135	180	0.797535
136	1	2.69228
136	5	3.60443
136	44	0.698062
136	84	3.00328
136	96	0.784403
136	124	0.886231
136	130	0.858658
136	139	0.821145
136	146	0.806525
136	148	0.75049
136	150	0.803305
136	151	0.81064
136	157	0.766427
136	158	0.784856
136	159	0.769119
136	160	0.770879
136	162	0.789152
136	164	0.76053
136	165	0.758606
136	168	0.778871
136	169	0.751702
136	171	0.758337
136	172	0.752794
136	173	0.762633
136	174	0.760156
136	175	0.725438
136	176	0.758114
136	177	0.743581
136	178	0.753431
136	179	0.742798
136	180	0.759372
137	9	2.13612
137	13	1.77327
137	63	1.39859
137	90	1.3264
137	97	0.905415
137	104	0.889217
137	109	0.927636
137	114	0.972925
137	123	1.20164
137	127	0.839362
137	129	0.946596
137	134	1.46397
137	141	0.885357
137	143	0.909202
137	146	0.886055
137	153	0.93541
137	159	0.848649
137	160	0.850409
137	162	0.868682
137	164	0.84006
137	167	0.846195
137	168	0.858401
137	169	0.831232
137	171	0.837867
137	172	0.832323
137	173	0.842163
137	175	0.804968
137	177	0.823111
137	178	0.832961
137	179	0.822328
137	180	0.838902
138	41	2.70218
138	45	3.27786
138	58	0.765994
138	92	0.826253
138	96	0.784732
138	129	0.867395
138	143	0.830001
138	145	2.17408
138	147	0.762534
138	148	0.750818
138	153	0.856209
138	154	0.765469
138	157	0.766755
138	159	0.769447
138	160	0.771208
138	161	0.790476
138	162	0.78948
138	163	0.784954
138	164	0.760859
138	165	0.758934
138	167	0.766994
138	168	0.7792
138	169	0.75203
138	171	0.758666
138	173	0.762961
138	174	0.760484
138	175	0.725767
138	178	0.753759
138	179	0.743126
138	180	0.7597
139	27	2.39161
139	42	2.26528
139	62	1.78402
139	72	0.889862
139	81	0.876412
139	84	1.54744
139	92	0.869532
139	96	0.828011
139	114	0.937003
139	128	0.788397
139	136	0.821145
139	143	0.87328
139	146	0.850133
139	150	0.846913
139	152	0.62615
139	153	0.899488
139	158	0.828464
139	160	0.814487
139	162	0.83276
139	164	0.804138
139	165	0.802214
139	166	0.829154
139	167	0.810273
139	169	0.79531
139	171	0.801945
139	173	0.80624
139	174	0.803764
139	175	0.769046
139	176	0.801722
139	178	0.797039
139	179	0.786406
139	180	0.80298
140	3	0.669611
140	10	0.861514
140	13	0.753794
140	14	0.75278
140	18	3.83716
140	36	0.827417
140	49	0.784478
140	78	0.753369
140	89	0.776938
140	100	0.778229
140	102	0.789589
140	106	0.829736
140	116	0.750907
140	119	0.795322
140	122	0.780175
140	125	5.16284
140	128	0.687383
140	129	0.809659
140	144	0.782097
140	150	0.745898
140	154	0.707734
140	156	0.71775
140	168	0.721464
140	170	0.737428
140	173	0.705226
140	175	0.668031
140	176	0.700707
140	178	0.696024
140	179	0.685391
140	180	0.701965
141	16	2.28965
141	45	2.50202
141	73	2.47023
141	81	0.861094
141	82	0.766831
141	114	0.921685
141	120	1.73811
141	137	0.885357
141	146	0.834815
141	147	0.790495
141	148	0.778779
141	150	0.831595
141	153	0.88417
141	157	0.794717
141	160	0.799169
141	162	0.817442
141	164	0.78882
141	165	0.786896
141	168	0.807161
141	169	0.779992
141	170	0.823125
141	171	0.786627
141	172	0.781083
141	173	0.790922
141	174	0.788446
141	175	0.753728
141	177	0.771871
141	178	0.78172
141	179	0.771088
141	180	0.787661
142	4	3.39036
142	14	2.99263
142	63	0.788151
142	76	3.51701
142	90	0.811211
142	99	0.806747
142	100	0.805631
142	107	0.844935
142	108	0.780558
142	110	0.682389
142	111	0.773818
142	113	0.830314
142	115	0.816959
142	116	0.778309
142	118	0.720472
142	119	0.822724
142	120	0.758569
142	122	0.807577
142	123	0.803248
142	125	0.799445
