1	36	0.625972
1	47	0.676861
1	62	0.628707
1	100	1.25609
1	105	0.69667
1	148	0.723319
1	149	1.26153
1	151	1.26153
1	173	1.15871
1	175	1.16167
1	178	1.15302
1	180	1.14744
2	8	0.939218
2	18	1.23655
2	33	0.97103
2	48	1.06495
2	78	1.08992
2	106	0.909275
2	110	0.933923
2	115	1.12807
2	132	1.08685
2	142	0.924695
2	166	0.883419
2	174	1.03261
3	43	1.19167
3	52	1.22451
3	68	0.963071
3	79	1.25388
3	94	1.12238
3	101	1.17623
3	110	0.698784
3	114	0.700665
3	132	1.23644
3	148	1.19488
3	153	0.714502
3	177	0.776721
4	92	0.720197
4	116	0.769769
4	135	1.18678
4	143	1.20534
4	145	1.20534
4	146	1.19002
4	149	1.19604
4	150	1.22045
4	151	1.19604
4	153	0.749098
4	161	0.734584
4	163	0.8791
5	21	1.15279
5	37	1.27438
5	77	1.23612
5	93	1.25454
5	97	1.16862
5	100	1.20399
5	104	0.737732
5	133	0.709587
5	162	0.763178
5	164	0.802454
5	168	0.83777
5	175	1.10956
6	19	1.33317
6	54	0.667432
6	61	1.15551
6	63	1.11006
6	72	1.21329
6	86	1.18895
6	87	1.18895
6	108	0.769472
6	147	0.785473
6	152	1.21007
6	167	0.777118
6	177	0.852707
7	21	1.36518
7	77	1.44851
7	93	1.46694
7	97	1.38102
7	100	1.41638
7	126	0.829419
7	130	0.00336778
7	137	0.689547
7	152	0.687035
7	163	0.837659
7	175	1.32196
7	179	0.853867
8	2	0.939218
8	14	1.09448
8	18	1.24384
8	33	0.978319
8	48	1.07224
8	78	1.09721
8	121	1.08399
8	126	1.02182
8	133	0.825799
8	158	0.933492
8	166	0.890708
8	175	1.0201
9	83	1.28331
9	84	1.06453
9	89	1.1812
9	97	1.20134
9	99	1.29786
9	156	0.720699
9	164	1.22948
9	168	0.759405
9	171	0.764428
9	173	0.838772
9	175	1.14227
9	177	0.767696
10	98	0.654583
10	110	0.700772
10	135	1.18678
10	143	1.20534
10	145	1.20534
10	146	1.19002
10	149	1.19604
10	150	1.22045
10	151	1.19604
10	172	0.858109
10	174	0.799458
10	180	0.837499
11	63	0.753202
11	69	0.626573
11	78	1.31422
11	94	1.19709
11	96	0.647869
11	97	0.706922
11	101	1.25093
11	154	0.610527
11	166	1.10772
11	172	1.16222
11	177	1.20236
11	180	1.16546
12	68	1.08464
12	85	1.08253
12	105	1.06152
12	111	1.03956
12	117	1.08303
12	118	1.00662
12	119	1.08433
12	129	1.06767
12	167	0.822702
12	175	0.974742
12	176	0.938024
12	180	0.957081
13	85	1.24152
13	111	1.19855
13	117	1.24201
13	118	1.16561
13	129	1.22666
13	144	1.19192
13	156	0.744498
13	162	0.708613
13	167	0.715906
13	175	1.13373
13	176	0.831228
13	180	0.850285
14	8	1.09448
14	18	1.39181
14	33	1.12629
14	48	1.22022
14	78	1.24518
14	115	1.28333
14	140	0.857408
14	148	0.000859553
14	166	1.03868
14	171	0.959552
14	174	0.983569
14	178	1.0132
15	29	1.20508
15	43	1.21432
15	49	1.10108
15	79	1.27652
15	94	1.14503
15	101	1.19887
15	108	0.656018
15	132	1.25909
15	140	0.63384
15	166	0.97267
15	175	0.797075
15	178	0.789628
16	34	1.06521
16	36	1.20378
16	39	1.06119
16	58	1.22714
16	68	1.00246
16	71	1.17718
16	127	0.759275
16	131	1.11609
16	139	0.781602
16	141	1.18222
16	144	0.803378
16	163	1.06718
16	168	0.807825
17	28	1.16559
17	46	1.1288
17	95	1.09313
17	102	1.10424
17	112	1.1335
17	120	1.17612
17	125	0.70422
17	128	1.15167
17	142	0.706232
17	163	0.861181
17	164	1.14694
17	166	1.02682
17	175	0.85122
18	2	1.23655
18	8	1.24384
18	14	1.39181
18	33	1.27565
18	48	1.36957
18	54	0.563494
18	78	1.39454
18	92	0.657649
18	153	0.68655
18	166	1.18804
18	168	0.740478
18	170	0.809871
18	171	0.745501
19	6	1.33317
19	41	1.22207
19	47	1.31203
19	72	1.33538
19	86	1.31105
19	87	1.31105
19	108	0.611479
19	144	1.27525
19	163	0.762497
19	165	0.593373
19	173	0.76579
19	174	0.715463
19	175	0.752537
20	62	1.30324
20	75	1.37177
20	106	0.633588
20	117	1.29502
20	118	1.21861
20	119	1.29632
20	126	0.795717
20	127	0.679334
20	129	1.27967
20	139	0.701661
20	165	1.33538
20	167	0.660585
20	171	0.732906
21	5	1.15279
21	7	1.36518
21	31	1.0467
21	77	1.14862
21	93	1.16704
21	97	1.08113
21	100	1.11649
21	108	0.755177
21	137	0.758084
21	158	0.809631
21	163	0.906196
21	175	1.02206
21	179	0.922403
22	31	1.07383
22	37	1.21402
22	77	1.17575
22	93	1.19418
22	97	1.10826
22	100	1.14362
22	107	0.785007
22	121	0.815768
22	128	1.14113
22	140	0.791527
22	157	0.808621
22	175	1.0492
22	178	0.947316
23	32	0.718849
23	57	0.713948
23	78	0.695727
23	85	0.798479
23	140	1.2852
23	150	0.718828
23	171	1.13744
23	173	1.10999
23	174	1.11382
23	176	1.11491
23	177	1.13563
23	178	1.1043
23	180	1.09872
24	40	0.932079
24	57	1.10708
24	64	1.03978
24	65	0.932645
24	66	0.932645
24	82	1.11756
24	83	1.05275
24	98	0.89637
24	155	0.986539
24	164	0.998917
24	169	1.05645
24	174	1.04125
24	179	1.10449
25	53	1.31557
25	81	1.34674
25	84	1.14365
25	89	1.26032
25	99	1.37698
25	114	0.640713
25	131	1.2867
25	139	0.682256
25	156	0.669772
25	160	0.671482
25	163	0.784552
25	165	1.37003
25	169	0.752718
26	46	1.28945
26	56	1.37027
26	73	1.23021
26	102	1.26489
26	103	1.26633
26	120	1.33677
26	122	1.34207
26	138	0.596663
26	144	0.625829
26	163	0.70635
26	166	0.871984
26	176	0.678299
26	179	0.722557
27	29	1.13669
27	43	1.14593
27	49	1.03269
27	52	1.17877
27	79	1.20813
27	94	1.07663
27	101	1.13048
27	132	1.19069
27	156	0.761069
27	168	0.799776
27	169	0.844016
27	172	0.887466
27	178	0.858442
28	17	1.16559
28	43	1.17139
28	55	0.816025
28	76	0.741985
28	94	1.10209
28	95	1.11809
28	97	1.14375
28	101	1.15594
28	112	1.15846
28	140	0.775473
28	171	0.877618
28	175	1.08469
28	180	0.939675
29	15	1.20508
29	27	1.13669
29	49	1.02976
29	52	1.17583
29	79	1.2052
29	94	1.0737
29	101	1.12755
29	148	1.1462
29	158	0.799957
29	160	0.783452
29	164	0.785132
29	176	0.868471
29	179	0.91273
30	59	1.19716
30	60	1.19716
30	81	1.27532
30	84	1.07222
30	89	1.18889
30	99	1.30556
30	140	0.602619
30	152	1.26509
30	165	1.29861
30	166	0.94145
30	167	0.632443
30	169	0.743982
30	172	0.787432
30	179	0.792023
31	21	1.0467
31	22	1.07383
31	37	1.16829
31	77	1.13003
31	93	1.14845
31	97	1.06254
31	100	1.0979
31	107	0.835744
31	131	1.06879
31	133	0.811203
31	167	0.872088
31	171	0.944409
31	175	1.00347
31	176	0.98741
32	23	0.718849
32	45	1.24968
32	92	0.704938
32	105	1.23069
32	117	1.2522
32	129	1.23684
32	148	1.23381
32	152	0.713217
32	161	0.719325
32	163	1.16031
32	165	1.29256
32	167	0.720468
32	172	0.875457
32	175	1.14391
33	2	0.97103
33	8	0.978319
33	14	1.12629
33	18	1.27565
33	48	1.10405
33	50	0.774496
33	78	1.12902
33	115	1.16717
33	132	1.12595
33	137	0.842563
33	164	0.879284
33	166	0.92252
33	175	0.980714
33	178	0.973267
34	16	1.06521
34	36	1.14627
34	39	1.00368
34	69	1.10625
34	71	1.11967
34	115	1.16595
34	131	1.05858
34	136	0.801232
34	141	1.12471
34	163	1.00966
34	166	1.07368
34	167	0.764672
34	170	0.901364
34	173	0.911338
35	59	1.19716
35	60	1.19716
35	81	1.27532
35	84	1.07222
35	89	1.18889
35	99	1.30556
35	137	0.655302
35	139	0.701117
35	152	1.26509
35	165	1.29861
35	173	0.806707
35	174	0.756379
35	178	0.786006
35	180	0.79442
36	1	0.625972
36	16	1.20378
36	34	1.14627
36	58	1.3082
36	69	1.24482
36	71	1.25824
36	138	0.733939
36	141	1.26329
36	147	0.708607
36	154	1.22716
36	160	0.730555
36	163	1.14824
36	176	0.815575
36	180	0.834631
37	5	1.27438
37	22	1.21402
37	31	1.16829
37	77	1.27021
37	93	1.28864
37	97	1.20272
37	100	1.23808
37	121	0.686554
37	138	0.725823
37	160	0.722439
37	174	0.788475
37	175	1.14366
37	176	0.807459
37	177	0.767727
38	42	1.0963
38	55	0.860444
38	73	1.00528
38	80	1.14917
38	96	1.1223
38	103	1.04139
38	104	0.816976
38	112	1.06921
38	120	1.11183
38	122	1.11713
38	128	1.08738
38	165	0.823963
38	172	1.0047
38	174	0.946053
39	16	1.06119
39	34	1.00368
39	58	1.16561
39	69	1.10223
39	71	1.11565
39	92	1.14072
39	136	0.835136
39	141	1.12069
39	144	0.861428
39	154	1.08457
39	163	1.00565
39	169	0.910115
39	175	0.931988
39	176	0.913898
40	24	0.932079
40	57	1.19458
40	64	1.12728
40	65	1.02014
40	66	1.02014
40	82	1.20506
40	83	1.14025
40	142	0.796415
40	144	0.870844
40	155	1.07404
40	164	1.08642
40	168	0.87529
40	175	0.941404
40	179	0.967572
41	19	1.22207
41	47	1.07883
41	51	1.09884
41	54	0.756768
41	61	1.04441
41	63	0.998963
41	72	1.10219
41	86	1.07786
41	87	1.07786
41	137	0.861715
41	152	1.09898
41	161	0.86531
41	177	0.942044
41	179	1.02603
42	38	1.0963
42	56	1.22957
42	90	0.813464
42	96	1.20653
42	102	1.12419
42	103	1.12563
42	107	0.705875
42	112	1.15345
42	120	1.19607
42	122	1.20137
42	144	0.805071
42	159	0.725659
42	164	1.16689
42	169	0.853758
42	172	0.897208
43	3	1.19167
43	15	1.21432
43	27	1.14593
43	28	1.17139
43	52	1.18507
43	79	1.21443
43	94	1.08294
43	101	1.13678
43	121	0.741309
43	128	1.15747
43	137	0.742152
43	165	0.72114
43	173	0.893557
43	177	0.822481
43	180	0.88127
44	126	0.881493
44	130	1.16026
44	133	0.685476
44	134	1.23179
44	135	1.14506
44	136	0.78292
44	140	0.716537
44	143	1.16362
44	145	1.16362
44	146	1.14829
44	149	1.15431
44	150	1.17873
44	151	1.15431
44	163	0.889733
44	174	0.842698
45	32	1.24968
45	55	0.773876
45	85	1.19239
45	104	0.730408
45	111	1.14942
45	117	1.19289
45	118	1.11648
45	119	1.19419
45	123	0.786125
45	129	1.17754
45	144	1.1428
45	161	0.762004
45	174	0.859486
45	175	1.08461
45	178	0.889112
46	17	1.1288
46	26	1.28945
46	80	1.20163
46	96	1.17475
46	103	1.09385
46	114	0.75345
46	120	1.16429
46	121	0.748334
46	122	1.16958
46	123	0.776894
46	128	1.13984
46	148	1.1378
46	156	0.782509
46	171	0.826238
46	179	0.913497
47	1	0.676861
47	19	1.31203
47	41	1.07883
47	61	1.13437
47	63	1.08892
47	72	1.19215
47	86	1.16782
47	87	1.16782
47	139	0.792219
47	152	1.18893
47	154	1.16913
47	159	0.734582
47	164	0.783125
47	173	0.897808
47	176	0.866464
48	2	1.06495
48	8	1.07224
48	14	1.22022
48	18	1.36957
48	33	1.10405
48	78	1.22294
48	121	1.20972
48	132	1.21987
48	147	0.736646
48	160	0.758594
48	166	1.01644
48	168	0.79559
48	175	0.861704
48	176	0.843614
48	177	0.803881
49	15	1.10108
49	27	1.03269
49	29	1.02976
49	52	1.07183
49	79	1.1012
49	94	0.969701
49	98	0.85255
49	101	1.02355
49	128	1.04423
49	132	1.08376
49	144	0.963939
49	148	1.0422
49	167	0.901087
49	174	0.997425
49	180	1.03547
50	33	0.774496
50	89	0.696585
50	141	0.717472
50	145	0.668399
50	149	0.651401
50	155	0.746598
50	169	1.18846
50	172	1.1523
50	173	1.16681
50	174	1.17064
50	176	1.17173
50	177	1.19245
50	178	1.16112
50	179	1.14094
50	180	1.15554
51	41	1.09884
51	61	1.15437
51	63	1.10892
51	72	1.21215
51	86	1.18782
51	87	1.18782
51	92	0.759017
51	106	0.747551
51	126	0.90968
51	137	0.769808
51	144	1.15201
51	152	1.20894
51	154	1.18913
51	162	0.767254
51	177	0.850137
52	3	1.22451
52	27	1.17877
52	29	1.17583
52	43	1.18507
52	49	1.07183
52	94	1.11578
52	101	1.16962
52	128	1.19031
52	147	0.724366
52	148	1.18827
52	160	0.746313
52	163	0.859384
52	171	0.788332
52	175	0.849423
52	176	0.831333
53	25	1.31557
53	59	1.12021
53	60	1.12021
53	81	1.19837
53	84	0.995278
53	89	1.11194
53	99	1.22861
53	147	0.88057
53	152	1.18814
53	155	0.0106179
53	157	0.859485
53	162	0.864922
53	165	1.22166
53	166	1.18122
53	174	0.968553
54	6	0.667432
54	18	0.563494
54	41	0.756768
54	73	0.726125
54	81	0.606631
54	97	0.691425
54	134	0.584694
54	169	1.26078
54	170	1.24062
54	171	1.26658
54	173	1.23913
54	174	1.24296
54	176	1.24405
54	177	1.26477
54	179	1.21326
54	180	1.22786
55	28	0.816025
55	38	0.860444
55	45	0.773876
55	77	0.748133
55	81	0.727045
55	142	1.21842
55	151	0.722137
55	160	1.19191
55	170	1.10336
55	172	1.08736
55	173	1.10187
55	176	1.10679
55	177	1.12751
55	178	1.09618
55	179	1.076
55	180	1.0906
56	26	1.37027
56	42	1.22957
56	80	1.28245
56	96	1.25558
56	103	1.17467
56	112	1.20249
56	122	1.25041
56	144	0.718684
56	148	1.21863
56	159	0.639272
56	164	1.21593
56	168	0.723131
56	169	0.767371
56	175	0.789244
56	177	0.731421
56	178	0.781797
57	23	0.713948
57	24	1.10708
57	40	1.19458
57	64	1.30228
57	65	1.19514
57	66	1.19514
57	82	1.38006
57	83	1.31525
57	108	0.707922
57	147	0.723922
57	155	1.24904
57	157	0.702837
57	160	0.74587
57	164	1.26142
57	165	0.689815
57	174	0.811905
58	16	1.22714
58	36	1.3082
58	39	1.16561
58	69	1.26818
58	71	1.2816
58	76	0.653698
58	92	1.30667
58	106	0.690012
58	116	0.75105
58	131	1.22051
58	138	0.750695
58	154	1.25051
58	163	1.17159
58	164	0.748991
58	167	0.717009
58	178	0.842974
59	30	1.19716
59	35	1.19716
59	53	1.12021
59	60	1.07322
59	81	1.15138
59	84	0.948287
59	89	1.06495
59	99	1.18162
59	125	0.724261
59	131	1.09134
59	163	0.881222
59	164	0.769832
59	165	1.17467
59	166	1.04686
59	177	0.813439
59	178	0.863814
60	30	1.19716
60	35	1.19716
60	53	1.12021
60	59	1.07322
60	81	1.15138
60	84	0.948287
60	89	1.06495
60	98	0.728223
60	99	1.18162
60	131	1.09134
60	144	0.839612
60	160	0.807062
60	165	1.17467
60	170	0.913452
60	175	0.910172
60	178	0.902725
61	6	1.15551
61	41	1.04441
61	47	1.13437
61	51	1.15437
61	63	1.0545
61	72	1.15773
61	86	1.1334
61	87	1.1334
61	90	0.869357
61	138	0.831798
61	144	1.09759
61	154	1.13471
61	164	0.830094
61	165	0.77236
61	168	0.86541
61	180	0.93249
62	1	0.628707
62	20	1.30324
62	75	1.28037
62	85	1.20313
62	105	1.18212
62	117	1.20363
62	118	1.12722
62	119	1.20493
62	129	1.18828
62	156	0.73158
62	158	0.749796
62	163	1.11174
62	169	0.814527
62	171	0.775309
62	175	1.09534
62	179	0.862568
62	180	0.837366
63	6	1.11006
63	11	0.753202
63	41	0.998963
63	47	1.08892
63	51	1.10892
63	61	1.0545
63	72	1.11228
63	86	1.08795
63	87	1.08795
63	107	0.811047
63	144	1.05214
63	152	1.10906
63	154	1.08926
63	164	0.879373
63	171	0.919712
63	175	0.980803
63	179	1.00697
64	24	1.03978
64	40	1.12728
64	57	1.30228
64	65	1.12785
64	66	1.12785
64	82	1.31277
64	83	1.24795
64	139	0.718793
64	141	1.23836
64	155	1.18174
64	158	0.724525
64	164	1.19412
64	165	0.651965
64	166	0.986724
64	173	0.824383
64	176	0.793039
64	177	0.753307
65	24	0.932645
65	40	1.02014
65	57	1.19514
65	64	1.12785
65	66	1.02071
65	68	0.964258
65	82	1.20563
65	83	1.14081
65	123	0.872626
65	141	1.13122
65	147	0.858004
65	152	0.842398
65	155	1.0746
65	164	1.08698
65	168	0.916948
65	170	0.986341
65	177	0.925238
66	24	0.932645
66	40	1.02014
66	57	1.19514
66	64	1.12785
66	65	1.02071
66	68	0.964258
66	82	1.20563
66	83	1.14081
66	139	0.887531
66	141	1.13122
66	155	1.0746
66	164	1.08698
66	165	0.820703
66	167	0.846455
66	168	0.913753
66	176	0.961777
66	178	0.97242
67	107	0.712906
67	110	0.746901
67	124	1.19978
67	125	0.735661
67	130	1.1825
67	134	1.25404
67	135	1.16731
67	137	0.74451
67	143	1.18587
67	145	1.18587
67	146	1.17054
67	149	1.17656
67	150	1.20098
67	151	1.17656
67	157	0.736519
67	163	0.892622
67	175	0.882661
68	3	0.963071
68	12	1.08464
68	16	1.00246
68	65	0.964258
68	66	0.964258
68	128	0.981998
68	146	1.03717
68	149	1.04319
68	150	1.0676
68	151	1.04319
68	154	0.966655
68	158	1.02736
68	164	1.03053
68	174	0.944192
68	178	0.934674
68	179	0.914492
68	180	0.929092
69	11	0.626573
69	34	1.10625
69	36	1.24482
69	39	1.10223
69	58	1.26818
69	71	1.21822
69	92	1.24329
69	115	1.26451
69	131	1.15713
69	154	1.18714
69	162	0.713469
69	163	1.10822
69	167	0.720762
69	169	0.832301
69	172	0.875751
69	176	0.836084
69	177	0.796351
70	124	1.19978
70	130	1.1825
70	134	1.25404
70	135	1.16731
70	142	0.669862
70	143	1.18587
70	144	0.74429
70	145	1.18587
70	146	1.17054
70	149	1.17656
70	150	1.20098
70	151	1.17656
70	170	0.81813
70	173	0.828104
70	174	0.777776
70	176	0.79676
70	180	0.815817
71	16	1.17718
71	34	1.11967
71	36	1.25824
71	39	1.11565
71	58	1.2816
71	69	1.21822
71	107	0.7137
71	125	0.736455
71	131	1.17055
71	140	0.72022
71	141	1.23668
71	154	1.20056
71	157	0.737313
71	158	0.796851
71	163	1.12164
71	169	0.861582
71	175	0.883455
72	6	1.21329
72	19	1.33538
72	41	1.10219
72	47	1.19215
72	51	1.21215
72	61	1.15773
72	63	1.11228
72	76	0.669758
72	86	1.19117
72	87	1.19117
72	140	0.703245
72	154	1.19249
72	156	0.761661
72	167	0.733069
72	169	0.844608
72	173	0.879734
72	178	0.859034
73	26	1.23021
73	38	1.00528
73	54	0.726125
73	80	1.14239
73	95	1.02206
73	102	1.03317
73	103	1.03461
73	112	1.06243
73	120	1.10505
73	122	1.11035
73	148	1.07857
73	164	1.07587
73	165	0.810058
73	171	0.908132
73	172	0.990799
73	173	0.982476
73	174	0.932148
74	75	1.2906
74	104	0.725343
74	105	1.19234
74	110	0.755734
74	111	1.17038
74	116	0.792123
74	117	1.21385
74	118	1.13744
74	119	1.21515
74	123	0.781059
74	125	0.744494
74	129	1.1985
74	159	0.741522
74	163	1.12196
74	165	1.25421
74	172	0.913071
74	175	1.10557
75	20	1.37177
75	62	1.28037
75	74	1.2906
75	85	1.27166
75	92	0.684275
75	105	1.25065
75	111	1.22869
75	118	1.19575
75	119	1.27345
75	129	1.2568
75	137	0.695066
75	147	0.70816
75	156	0.728397
75	159	0.683245
75	161	0.698661
75	163	1.18027
75	168	0.767104
75	170	0.836497
76	28	0.741985
76	58	0.653698
76	72	0.669758
76	112	0.694306
76	129	0.726762
76	134	0.631068
76	143	0.651543
76	145	0.677894
76	160	1.276
76	162	1.28906
76	168	1.23063
76	170	1.18745
76	171	1.21341
76	173	1.18596
76	176	1.19087
76	177	1.21159
76	178	1.18027
76	179	1.16008
76	180	1.17468
77	5	1.23612
77	7	1.44851
77	21	1.14862
77	22	1.17575
77	31	1.13003
77	37	1.27021
77	55	0.748133
77	93	1.25037
77	97	1.16446
77	100	1.19982
77	110	0.735057
77	131	1.17071
77	140	0.707581
77	142	0.725828
77	161	0.736261
77	162	0.730112
77	164	0.769387
77	175	1.10539
77	179	0.896985
78	2	1.08992
78	8	1.09721
78	11	1.31422
78	14	1.24518
78	18	1.39454
78	23	0.695727
78	33	1.12902
78	48	1.22294
78	115	1.28606
78	121	1.23468
78	132	1.24483
78	138	0.731033
78	156	0.725939
78	161	0.696203
78	166	1.04141
78	168	0.764645
78	170	0.834039
78	177	0.772936
78	180	0.831725
79	3	1.25388
79	15	1.27652
79	27	1.20813
79	29	1.2052
79	43	1.21443
79	49	1.1012
79	94	1.14514
79	101	1.19899
79	104	0.686968
79	116	0.753749
79	123	0.742685
79	128	1.21967
79	132	1.2592
79	139	0.760784
79	147	0.728062
79	148	1.21764
79	162	0.712415
79	173	0.866373
79	175	0.85312
80	38	1.14917
80	46	1.20163
80	56	1.28245
80	73	1.14239
80	92	1.28404
80	95	1.16596
80	103	1.17851
80	112	1.20633
80	122	1.25424
80	154	1.22788
80	155	1.20739
80	160	0.649345
80	166	0.92805
80	170	0.755735
80	173	0.765709
80	174	0.715381
80	175	0.752455
80	179	0.778623
80	180	0.753422
81	25	1.34674
81	30	1.27532
81	35	1.27532
81	53	1.19837
81	54	0.606631
81	55	0.727045
81	59	1.15138
81	60	1.15138
81	84	1.02645
81	89	1.14311
81	99	1.25978
81	110	0.713969
81	136	0.752876
81	152	1.21931
81	157	0.703587
81	165	1.25283
81	168	0.783615
81	173	0.862982
81	180	0.850695
82	24	1.11756
82	40	1.20506
82	57	1.38006
82	64	1.31277
82	65	1.20563
82	66	1.20563
82	83	1.32573
82	121	0.800853
82	127	0.825185
82	129	0.0129778
82	133	0.745552
82	141	1.31614
82	152	0.799185
82	155	1.25952
82	156	0.835029
82	164	1.2719
82	168	0.873735
82	174	0.902774
83	9	1.28331
83	24	1.05275
83	40	1.14025
83	57	1.31525
83	64	1.24795
83	65	1.14081
83	66	1.14081
83	82	1.32573
83	121	0.663646
83	136	0.705788
83	139	0.710305
83	141	1.25132
83	155	1.19471
83	162	0.661936
83	163	0.812602
83	164	1.20709
83	166	0.978236
83	172	0.824218
83	177	0.744818
84	9	1.06453
84	25	1.14365
84	30	1.07222
84	35	1.07222
84	53	0.995278
84	59	0.948287
84	60	0.948287
84	81	1.02645
84	89	0.940021
84	99	1.05669
84	126	1.01
84	131	0.966409
84	133	0.813981
84	152	1.01622
84	165	1.04974
84	166	1.18387
84	171	0.947187
84	179	1.03445
84	180	1.00924
85	12	1.08253
85	13	1.24152
85	23	0.798479
85	45	1.19239
85	62	1.20313
85	75	1.27166
85	98	0.751561
85	105	1.1734
85	111	1.15145
85	116	0.83414
85	118	1.1185
85	119	1.19621
85	121	0.794515
85	125	0.78651
85	129	1.17956
85	152	0.792847
85	162	0.792805
85	163	1.10302
85	167	0.800098
85	175	1.08663
86	6	1.18895
86	19	1.31105
86	41	1.07786
86	47	1.16782
86	51	1.18782
86	61	1.1334
86	63	1.08795
86	72	1.19117
86	87	1.16684
86	126	0.886803
86	133	0.690786
86	144	1.13103
86	152	1.18796
86	154	1.16816
86	156	0.780263
86	160	0.781973
86	164	0.783653
86	165	0.725919
86	169	0.86321
86	170	0.888363
87	6	1.18895
87	19	1.31105
87	41	1.07786
87	47	1.16782
87	51	1.18782
87	61	1.1334
87	63	1.08795
87	72	1.19117
87	86	1.16684
87	107	0.70781
87	114	0.743687
87	144	1.13103
87	147	0.752509
87	152	1.18796
87	154	1.16816
87	156	0.772746
87	160	0.774456
87	170	0.880846
87	172	0.899143
87	178	0.870119
88	90	0.954247
88	109	1.15826
88	113	1.15826
88	124	1.15239
88	130	1.13512
88	131	0.000387127
88	134	1.20665
88	135	1.11992
88	143	1.13848
88	145	1.13848
88	146	1.12315
88	149	1.12918
88	150	1.15359
88	151	1.12918
88	157	0.870273
88	159	0.866443
88	160	0.913305
88	166	0.957345
88	174	0.979341
88	179	1.04258
88	180	1.01738
89	9	1.1812
89	25	1.26032
89	30	1.18889
89	35	1.18889
89	50	0.696585
89	53	1.11194
89	59	1.06495
89	60	1.06495
89	81	1.14311
89	84	0.940021
89	92	0.75386
89	99	1.17335
89	106	0.742394
89	126	0.904523
89	131	1.08308
89	152	1.13288
89	165	1.16641
89	170	0.906083
89	175	0.902803
89	177	0.84498
89	180	0.903769
90	42	0.813464
90	61	0.869357
90	88	0.954247
90	99	0.735538
90	105	0.842195
90	128	0.791304
90	150	0.791693
90	158	1.15166
90	168	1.10934
90	169	1.08632
90	170	1.06616
90	171	1.09212
90	172	1.05016
90	173	1.06467
90	174	1.0685
90	176	1.06959
90	177	1.09031
90	178	1.05898
90	179	1.0388
90	180	1.0534
91	108	0.775887
91	109	1.15826
91	113	1.15826
91	116	0.817574
91	124	1.15239
91	130	1.13512
91	134	1.20665
91	135	1.11992
91	143	1.13848
91	145	1.13848
91	146	1.12315
91	147	0.791888
91	149	1.12918
91	150	1.15359
91	151	1.12918
91	162	0.77624
91	166	0.957345
91	167	0.783533
91	170	0.920225
91	172	0.938522
91	176	0.898855
92	4	0.720197
92	18	0.657649
92	32	0.704938
92	39	1.14072
92	51	0.759017
92	58	1.30667
92	69	1.24329
92	75	0.684275
92	80	1.28404
92	89	0.75386
92	102	1.17482
92	105	0.75542
92	113	0.704318
92	120	1.24669
92	122	1.25199
92	149	0.708677
92	163	1.14671
92	172	1.11285
92	177	1.15299
92	178	1.12166
92	179	1.10148
92	180	1.11608
93	5	1.25454
93	7	1.46694
93	21	1.16704
93	22	1.19418
93	31	1.14845
93	37	1.28864
93	77	1.25037
93	97	1.18288
93	100	1.21825
93	104	0.652384
93	110	0.682775
93	123	0.7081
93	128	1.21575
93	131	1.18913
93	137	0.680384
93	158	0.731931
93	165	0.659371
93	166	0.99413
93	175	1.12382
93	176	0.800445
93	179	0.844703
94	3	1.12238
94	11	1.19709
94	15	1.14503
94	27	1.07663
94	28	1.10209
94	29	1.0737
94	43	1.08294
94	49	0.969701
94	52	1.11578
94	79	1.14514
94	101	1.06749
94	127	0.849301
94	128	1.08818
94	132	1.1277
94	136	0.867111
94	147	0.838906
94	148	1.08614
94	152	0.8233
94	153	0.843922
94	157	0.817822
94	163	0.973924
94	172	0.985541
95	17	1.09313
95	28	1.11809
95	73	1.02206
95	80	1.16596
95	96	1.13908
95	98	0.815578
95	102	1.05674
95	103	1.05818
95	108	0.856469
95	112	1.086
95	120	1.12862
95	122	1.13391
95	128	1.10417
95	136	0.900674
95	144	0.926967
95	152	0.856864
95	154	1.10755
95	155	1.08706
95	159	0.847555
95	162	0.856822
95	164	1.09944
95	177	0.939704
96	11	0.647869
96	38	1.1223
96	42	1.20653
96	46	1.17475
96	56	1.25558
96	95	1.13908
96	102	1.15019
96	103	1.15163
96	106	0.715062
96	112	1.17945
96	120	1.22207
96	122	1.22737
96	128	1.19762
96	138	0.775745
96	155	1.18052
96	157	0.729329
96	159	0.725498
96	164	1.1929
96	169	0.853597
96	170	0.87875
96	176	0.85738
96	177	0.817648
97	5	1.16862
97	7	1.38102
97	9	1.20134
97	11	0.706922
97	21	1.08113
97	22	1.10826
97	28	1.14375
97	31	1.06254
97	37	1.20272
97	54	0.691425
97	77	1.16446
97	93	1.18288
97	100	1.13233
97	104	0.768372
97	121	0.795528
97	128	1.12984
97	131	1.10321
97	138	0.834797
97	153	0.814481
97	159	0.784551
97	172	0.9561
97	174	0.897449
97	175	1.0379
98	10	0.654583
98	24	0.89637
98	49	0.85255
98	60	0.728223
98	85	0.751561
98	95	0.815578
98	134	0.645842
98	141	0.741741
98	143	0.666317
98	156	1.24242
98	158	1.21237
98	160	1.21542
98	168	1.17005
98	170	1.12687
98	171	1.15283
98	172	1.11087
98	173	1.12538
98	174	1.1292
98	176	1.13029
98	177	1.15101
98	178	1.11969
98	179	1.0995
98	180	1.1141
99	9	1.29786
99	25	1.37698
99	30	1.30556
99	35	1.30556
99	53	1.22861
99	59	1.18162
99	60	1.18162
99	81	1.25978
99	84	1.05669
99	89	1.17335
99	90	0.735538
99	104	0.631554
99	116	0.698334
99	125	0.650705
99	131	1.19974
99	147	0.672648
99	152	1.24955
99	165	1.28307
99	170	0.800985
99	171	0.736614
99	173	0.810959
99	178	0.790258
99	179	0.823873
100	1	1.25609
100	5	1.20399
100	7	1.41638
100	21	1.11649
100	22	1.14362
100	31	1.0979
100	37	1.23808
100	77	1.19982
100	93	1.21825
100	97	1.13233
100	114	0.753735
100	128	1.1652
100	131	1.13858
100	133	0.693317
100	140	0.724378
100	152	0.746951
100	164	0.786184
100	165	0.72845
100	170	0.890894
100	171	0.826523
100	173	0.900867
100	175	1.07326
101	3	1.17623
101	11	1.25093
101	15	1.19887
101	27	1.13048
101	28	1.15594
101	29	1.12755
101	43	1.13678
101	49	1.02355
101	52	1.16962
101	79	1.19899
101	94	1.06749
101	125	0.881401
101	128	1.14202
101	132	1.18155
101	141	0.00725067
101	148	1.13999
101	153	0.908359
101	159	0.878429
101	161	0.893845
101	162	0.887696
101	164	0.926971
101	171	0.96731
101	177	0.970578
102	17	1.10424
102	26	1.26489
102	42	1.12419
102	73	1.03317
102	92	1.17482
102	95	1.05674
102	96	1.15019
102	103	1.06929
102	112	1.09711
102	114	0.792956
102	120	1.13972
102	122	1.14502
102	138	0.827109
102	139	0.834499
102	148	1.11324
102	153	0.806793
102	154	1.11866
102	155	1.09817
102	164	1.11055
102	165	0.767671
102	168	0.860722
102	170	0.930115
102	175	0.926835
102	176	0.908745
103	26	1.26633
103	38	1.04139
103	42	1.12563
103	46	1.09385
103	56	1.17467
103	73	1.03461
103	80	1.17851
103	95	1.05818
103	96	1.15163
103	102	1.06929
103	112	1.09855
103	120	1.14117
103	122	1.14646
103	133	0.729318
103	139	0.831279
103	152	0.782952
103	154	1.1201
103	155	1.09962
103	159	0.773643
103	162	0.78291
103	163	0.933576
103	166	1.09921
103	167	0.790203
103	170	0.926895
104	5	0.737732
104	38	0.816976
104	45	0.730408
104	74	0.725343
104	79	0.686968
104	93	0.652384
104	97	0.768372
104	99	0.631554
104	132	0.676734
104	154	0.671977
104	161	1.29699
104	162	1.27888
104	163	1.19513
104	166	1.10677
104	167	1.27504
104	168	1.22045
104	170	1.17727
104	171	1.20323
104	174	1.17961
104	176	1.1807
104	177	1.20142
104	178	1.17009
104	179	1.14991
104	180	1.16451
105	1	0.69667
105	12	1.06152
105	32	1.23069
105	62	1.18212
105	74	1.19234
105	75	1.25065
105	85	1.1734
105	90	0.842195
105	92	0.75542
105	111	1.13044
105	114	0.770484
105	115	1.2383
105	117	1.1739
105	118	1.09749
105	119	1.1752
105	121	0.765368
105	129	1.15855
105	147	0.779305
105	148	1.15552
105	156	0.799543
105	160	0.801253
105	165	1.21426
105	167	0.770951
105	174	0.867289
105	175	1.06562
106	2	0.909275
106	20	0.633588
106	51	0.747551
106	58	0.690012
106	89	0.742394
106	96	0.715062
106	111	0.757751
106	115	0.696276
106	117	0.70499
106	120	0.700038
106	127	1.23852
106	140	1.29331
106	156	1.23514
106	157	1.23296
106	162	1.22119
106	167	1.21735
106	169	1.13974
106	172	1.10359
106	173	1.11809
106	174	1.12192
106	176	1.12301
106	177	1.14373
106	178	1.1124
106	179	1.09222
106	180	1.10682
107	22	0.785007
107	31	0.835744
107	42	0.705875
107	63	0.811047
107	67	0.712906
107	71	0.7137
107	87	0.70781
107	115	0.686929
107	127	1.24498
107	145	0.704862
107	150	0.684104
107	156	1.2416
107	159	1.24923
107	161	1.24575
107	167	1.22381
107	168	1.16922
107	171	1.152
107	172	1.11004
107	173	1.12455
107	174	1.12837
107	176	1.12947
107	177	1.15018
107	178	1.11886
107	179	1.09868
107	180	1.11328
108	6	0.769472
108	15	0.656018
108	19	0.611479
108	21	0.755177
108	57	0.707922
108	91	0.775887
108	95	0.856469
108	122	0.68815
108	131	0.814331
108	146	0.720268
108	158	1.22834
108	161	1.26256
108	167	1.24061
108	168	1.18602
108	169	1.163
108	170	1.14284
108	171	1.1688
108	172	1.12684
108	173	1.14135
108	174	1.14518
108	176	1.14627
108	177	1.16699
108	178	1.13566
108	179	1.11548
108	180	1.13008
109	88	1.15826
109	91	1.15826
109	113	1.23674
109	114	0.74314
109	124	1.23087
109	127	0.762355
109	130	1.2136
109	134	1.28513
109	135	1.1984
109	137	0.738867
109	143	1.21696
109	145	1.21696
109	146	1.20163
109	149	1.20765
109	150	1.23207
109	151	1.20765
109	153	0.756977
109	157	0.730877
109	161	0.742463
109	164	0.775589
109	165	0.717854
109	166	1.03582
109	169	0.855145
109	180	0.877985
110	2	0.933923
110	3	0.698784
110	10	0.700772
110	67	0.746901
110	74	0.755734
110	77	0.735057
110	81	0.713969
110	93	0.682775
110	136	1.23237
110	143	0.712506
110	150	0.7181
110	153	1.24369
110	167	1.24175
110	168	1.18716
110	169	1.16414
110	170	1.14398
110	171	1.16994
110	172	1.12798
110	173	1.14249
110	174	1.14632
110	176	1.14741
110	177	1.16813
110	178	1.1368
110	179	1.11662
110	180	1.13122
111	12	1.03956
111	13	1.19855
111	45	1.14942
111	74	1.17038
111	75	1.22869
111	85	1.15145
111	105	1.13044
111	106	0.757751
111	115	1.21634
111	117	1.15194
111	118	1.07553
111	119	1.15324
111	129	1.13659
111	140	0.754924
111	144	1.10185
111	157	0.772017
111	162	0.777454
111	163	1.06005
111	165	1.1923
111	167	0.784747
111	168	0.852046
111	170	0.921439
111	171	0.857069
111	175	1.04366
111	177	0.860337
111	178	0.910712
112	17	1.1335
112	28	1.15846
112	38	1.06921
112	42	1.15345
112	56	1.20249
112	73	1.06243
112	76	0.694306
112	80	1.20633
112	95	1.086
112	96	1.17945
112	102	1.09711
112	103	1.09855
112	116	0.791658
112	120	1.16899
112	122	1.17428
112	127	0.776366
112	139	0.798693
112	148	1.1425
112	155	1.12743
112	159	0.741057
112	161	0.756473
112	164	1.13981
112	166	1.06662
112	169	0.869156
112	176	0.872939
112	178	0.883582
113	88	1.15826
113	91	1.15826
113	92	0.704318
113	109	1.23674
113	124	1.23087
113	126	0.854981
113	130	1.2136
113	134	1.28513
113	135	1.1984
113	143	1.21696
113	144	0.782701
113	145	1.21696
113	146	1.20163
113	149	1.20765
113	150	1.23207
113	151	1.20765
113	157	0.707119
113	158	0.766657
113	159	0.703289
113	164	0.751831
113	165	0.694097
113	166	1.03582
113	169	0.831388
113	180	0.854227
114	3	0.700665
114	25	0.640713
114	46	0.75345
114	87	0.743687
114	100	0.753735
114	102	0.792956
114	105	0.770484
114	109	0.74314
114	130	0.795387
114	154	0.704249
114	158	1.22811
114	159	1.2658
114	167	1.24038
114	168	1.18579
114	169	1.16277
114	170	1.14261
114	171	1.16857
114	172	1.12661
114	173	1.14112
114	174	1.14494
114	176	1.14603
114	177	1.16675
114	178	1.13543
114	179	1.11525
114	180	1.12984
115	2	1.12807
115	14	1.28333
115	33	1.16717
115	34	1.16595
115	69	1.26451
115	78	1.28606
115	105	1.2383
115	106	0.696276
115	107	0.686929
115	111	1.21634
115	117	1.25981
115	125	0.709684
115	127	0.742021
115	129	1.24446
115	153	0.736643
115	154	1.24684
115	157	0.710543
115	163	1.16792
115	164	0.755255
115	165	1.30017
115	166	1.07956
115	167	0.723272
115	168	0.790571
115	172	0.878261
115	174	0.81961
115	175	1.15152
116	4	0.769769
116	58	0.75105
116	74	0.792123
116	79	0.753749
116	85	0.83414
116	91	0.817574
116	99	0.698334
116	112	0.791658
116	119	0.761632
116	134	0.728421
116	144	1.17578
116	147	1.2378
116	160	1.20467
116	163	1.13398
116	168	1.1593
116	169	1.13627
116	170	1.11612
116	171	1.14207
116	172	1.10012
116	173	1.11462
116	174	1.11845
116	176	1.11954
116	177	1.14026
116	178	1.10893
116	179	1.08875
116	180	1.10335
117	12	1.08303
117	13	1.24201
117	20	1.29502
117	32	1.2522
117	45	1.19289
117	62	1.20363
117	74	1.21385
117	105	1.1739
117	106	0.70499
117	111	1.15194
117	115	1.25981
117	118	1.119
117	119	1.19671
117	125	0.718398
117	129	1.18006
117	144	1.14532
117	156	0.760578
117	161	0.730843
117	162	0.724693
117	163	1.10352
117	164	0.763969
117	171	0.804308
117	173	0.878652
117	175	1.08712
117	176	0.847308
117	177	0.807576
117	178	0.857951
118	12	1.00662
118	13	1.16561
118	20	1.21861
118	45	1.11648
118	62	1.12722
118	74	1.13744
118	75	1.19575
118	85	1.1185
118	105	1.09749
118	111	1.07553
118	117	1.119
118	119	1.1203
118	127	0.822696
118	129	1.10365
118	147	0.812302
118	148	1.10062
118	153	0.817318
118	157	0.791218
118	158	0.850756
118	160	0.83425
118	162	0.796654
118	163	1.02711
118	165	1.15936
118	172	0.958936
118	173	0.950613
118	175	1.01071
118	179	0.963528
119	12	1.08433
119	20	1.29632
119	45	1.19419
119	62	1.20493
119	74	1.21515
119	75	1.27345
119	85	1.19621
119	105	1.1752
119	111	1.15324
119	116	0.761632
119	117	1.19671
119	118	1.1203
119	127	0.746339
119	129	1.18135
119	142	0.716014
119	148	1.17832
119	159	0.711031
119	162	0.720297
119	163	1.10482
119	165	1.23707
119	167	0.727591
119	168	0.794889
119	170	0.864282
119	172	0.882579
119	173	0.874256
119	175	1.08842
119	177	0.80318
120	17	1.17612
120	26	1.33677
120	38	1.11183
120	42	1.19607
120	46	1.16429
120	73	1.10505
120	92	1.24669
120	95	1.12862
120	96	1.22207
120	102	1.13972
120	103	1.14117
120	106	0.700038
120	112	1.16899
120	122	1.2169
120	127	0.745784
120	136	0.763594
120	139	0.768111
120	148	1.18512
120	154	1.19054
120	155	1.17005
120	158	0.773843
120	165	0.701283
120	168	0.794333
120	171	0.799356
120	172	0.882024
120	173	0.8737
120	177	0.802624
121	8	1.08399
121	22	0.815768
121	37	0.686554
121	43	0.741309
121	46	0.748334
121	48	1.20972
121	78	1.23468
121	82	0.800853
121	83	0.663646
121	85	0.794515
121	97	0.795528
121	105	0.765368
121	132	1.23161
121	143	1.20932
121	145	1.20932
121	146	1.194
121	148	0.792017
121	149	1.20002
121	150	1.22443
121	151	1.20002
121	154	0.699133
121	166	1.02819
121	174	1.10102
121	176	1.10211
121	177	1.12283
121	178	1.0915
121	179	1.07132
121	180	1.08592
122	26	1.34207
122	38	1.11713
122	42	1.20137
122	46	1.16958
122	56	1.25041
122	73	1.11035
122	80	1.25424
122	92	1.25199
122	95	1.13391
122	96	1.22737
122	102	1.14502
122	103	1.14646
122	108	0.68815
122	112	1.17428
122	120	1.2169
122	138	0.729482
122	140	0.665972
122	153	0.709166
122	154	1.19583
122	155	1.17535
122	159	0.679235
122	164	1.18773
122	169	0.807334
122	172	0.850784
122	173	0.842461
122	175	0.829208
122	177	0.771385
122	178	0.82176
122	179	0.855376
123	45	0.786125
123	46	0.776894
123	65	0.872626
123	74	0.781059
123	79	0.742685
123	93	0.7081
123	129	0.81305
123	139	1.21262
123	143	0.737831
123	146	0.75089
123	147	1.20847
123	150	0.743425
123	151	0.734385
123	157	1.20016
123	159	1.20997
123	162	1.18839
123	167	1.18456
123	168	1.12997
123	169	1.10694
123	170	1.08679
123	171	1.11275
123	172	1.07079
123	173	1.08529
123	174	1.08912
123	176	1.09021
123	177	1.11093
123	178	1.0796
123	179	1.05942
123	180	1.07402
124	67	1.19978
124	70	1.19978
124	88	1.15239
124	91	1.15239
124	109	1.23087
124	113	1.23087
124	130	1.20773
124	134	1.27926
124	135	1.19253
124	136	0.766977
124	137	0.725678
124	140	0.700594
124	143	1.21109
124	145	1.21109
124	146	1.19576
124	149	1.20178
124	150	1.2262
124	151	1.20178
124	152	0.723166
124	153	0.743787
124	155	1.17675
124	162	0.723124
124	163	0.87379
124	166	1.02995
124	167	0.730417
124	168	0.797716
124	176	0.845739
124	177	0.806007
124	180	0.864796
125	17	0.70422
125	59	0.724261
125	67	0.735661
125	71	0.736455
125	74	0.744494
125	85	0.78651
125	99	0.650705
125	101	0.881401
125	115	0.709684
125	117	0.718398
125	129	0.776485
125	133	1.25395
125	135	0.730782
125	138	1.23161
125	142	1.23188
125	153	1.21652
125	157	1.23019
125	160	1.20536
125	161	1.23653
125	167	1.21458
125	169	1.13697
125	171	1.14277
125	172	1.10082
125	173	1.11532
125	174	1.11915
125	176	1.12024
125	177	1.14096
125	178	1.10963
125	179	1.08945
125	180	1.10405
126	7	0.829419
126	8	1.02182
126	20	0.795717
126	44	0.881493
126	51	0.90968
126	84	1.01
126	86	0.886803
126	89	0.904523
126	113	0.854981
126	128	0.855192
126	140	1.18512
126	153	1.11111
126	157	1.12477
126	160	1.09995
126	161	1.13111
126	162	1.113
126	163	1.02926
126	166	0.940897
126	167	1.10917
126	168	1.05458
126	169	1.03155
126	170	1.0114
126	171	1.03736
126	172	0.995397
126	173	1.0099
126	174	1.01373
126	176	1.01482
126	178	1.00421
126	179	0.984033
126	180	0.998632
127	16	0.759275
127	20	0.679334
127	82	0.825185
127	94	0.849301
127	106	1.23852
127	107	1.24498
127	109	0.762355
127	112	0.776366
127	115	0.742021
127	118	0.822696
127	119	0.746339
127	120	0.745784
127	142	1.20991
127	145	0.759954
127	151	0.730157
127	156	1.2104
127	161	1.21456
127	162	1.19645
127	167	1.19262
127	168	1.13803
127	169	1.115
127	170	1.09485
127	171	1.12081
127	172	1.07885
127	173	1.09335
127	174	1.09718
127	176	1.09827
127	177	1.11899
127	178	1.08766
127	179	1.06748
127	180	1.08208
128	17	1.15167
128	22	1.14113
128	38	1.08738
128	43	1.15747
128	46	1.13984
128	49	1.04423
128	52	1.19031
128	68	0.981998
128	79	1.21967
128	90	0.791304
128	93	1.21575
128	94	1.08818
128	95	1.10417
128	96	1.19762
128	97	1.12984
128	100	1.1652
128	101	1.14202
128	126	0.855192
128	131	1.13609
128	142	0.708483
128	148	1.16067
128	152	0.712808
128	158	0.766867
128	159	0.703499
128	164	1.15798
128	165	0.694307
128	166	1.02907
128	169	0.831598
128	170	0.856751
128	174	0.816397
128	175	1.07077
129	12	1.06767
129	13	1.22666
129	20	1.27967
129	32	1.23684
129	45	1.17754
129	62	1.18828
129	74	1.1985
129	75	1.2568
129	76	0.726762
129	82	0.0129778
129	85	1.17956
129	105	1.15855
129	111	1.13659
129	115	1.24446
129	117	1.18006
129	118	1.10365
129	119	1.18135
129	123	0.81305
129	125	0.776485
129	136	0.826633
129	139	0.831149
129	142	0.778497
129	144	1.12997
129	148	1.16167
129	158	0.836881
129	161	0.78893
129	164	0.822056
129	165	1.22041
129	166	1.09908
129	170	0.926765
129	171	0.862395
129	175	1.07177
130	7	0.00336778
130	44	1.16026
130	67	1.1825
130	70	1.1825
130	88	1.13512
130	91	1.13512
130	109	1.2136
130	113	1.2136
130	114	0.795387
130	124	1.20773
130	132	1.21611
130	134	1.26199
130	135	1.17526
130	140	0.766031
130	142	0.784278
130	143	1.19382
130	145	1.19382
130	146	1.17849
130	149	1.18451
130	150	1.20893
130	151	1.18451
130	153	0.809224
130	155	1.15948
130	163	0.939227
130	165	0.770102
130	166	1.01268
130	167	0.795854
130	168	0.863152
130	171	0.868175
130	175	0.929266
130	178	0.921819
130	179	0.955434
131	16	1.11609
131	25	1.2867
131	31	1.06879
131	34	1.05858
131	58	1.22051
131	59	1.09134
131	60	1.09134
131	69	1.15713
131	71	1.17055
131	77	1.17071
131	84	0.966409
131	88	0.000387127
131	89	1.08308
131	93	1.18913
131	97	1.10321
131	99	1.19974
131	100	1.13858
131	108	0.814331
131	128	1.13609
131	141	1.1756
131	142	0.8104
131	154	1.13947
131	156	0.850569
131	157	0.809247
131	160	0.852279
131	165	1.1928
131	169	0.933515
131	172	0.976965
131	174	0.918314
131	175	1.04415
131	176	0.937298
131	178	0.947941
131	179	0.981557
131	180	0.956355
132	2	1.08685
132	3	1.23644
132	15	1.25909
132	27	1.19069
132	33	1.12595
132	48	1.21987
132	49	1.08376
132	78	1.24483
132	79	1.2592
132	94	1.1277
132	101	1.18155
132	104	0.676734
132	121	1.23161
132	130	1.21611
132	140	0.67965
132	143	1.21947
132	145	1.21947
132	146	1.20415
132	149	1.21017
132	150	1.23458
132	151	1.21017
132	158	0.756281
132	161	0.70833
132	162	0.70218
132	164	0.741456
132	166	1.03834
132	168	0.776772
132	169	0.821012
132	170	0.846165
132	171	0.781795
132	173	0.856139
132	176	0.824795
132	178	0.835438
132	180	0.843852
133	5	0.709587
133	8	0.825799
133	31	0.811203
133	44	0.685476
133	82	0.745552
133	84	0.813981
133	86	0.690786
133	100	0.693317
133	103	0.729318
133	125	1.25395
133	139	1.23888
133	141	0.729394
133	146	0.667029
133	148	0.736715
133	149	0.663323
133	153	1.21275
133	155	0.75852
133	157	1.22642
133	158	1.19855
133	159	1.23623
133	160	1.20159
133	161	1.23276
133	162	1.21465
133	167	1.21081
133	168	1.15622
133	169	1.1332
133	172	1.09704
133	173	1.11155
133	174	1.11538
133	175	1.11451
133	176	1.11647
133	177	1.13719
133	178	1.10586
133	179	1.08568
133	180	1.10028
134	44	1.23179
134	54	0.584694
134	67	1.25404
134	70	1.25404
134	76	0.631068
134	88	1.20665
134	91	1.20665
134	98	0.645842
134	109	1.28513
134	113	1.28513
134	116	0.728421
134	124	1.27926
134	130	1.26199
134	135	1.24679
134	143	1.26535
134	145	1.26535
134	146	1.25003
134	149	1.25605
134	150	1.28046
134	151	1.25605
134	152	0.687128
134	155	1.23101
134	158	0.741188
134	161	0.693236
134	162	0.687087
134	165	0.668628
134	166	1.08422
134	169	0.805919
134	171	0.766701
134	173	0.841045
134	174	0.790718
134	175	0.827792
135	4	1.18678
135	10	1.18678
135	44	1.14506
135	67	1.16731
135	70	1.16731
135	88	1.11992
135	91	1.11992
135	109	1.1984
135	113	1.1984
135	124	1.19253
135	125	0.730782
135	130	1.17526
135	134	1.24679
135	138	0.778056
135	141	1.20089
135	142	0.732794
135	143	1.17862
135	145	1.17862
135	146	1.16329
135	149	1.16931
135	150	1.19373
135	151	1.16931
135	153	0.75774
135	155	1.14428
135	158	0.791178
135	160	0.774672
135	161	0.743226
135	163	0.887743
135	164	0.776353
135	165	0.718618
135	166	0.997484
135	173	0.891036
135	177	0.81996
135	178	0.870335
135	180	0.878749
136	34	0.801232
136	39	0.835136
136	44	0.78292
136	81	0.752876
136	83	0.705788
136	94	0.867111
136	95	0.900674
136	110	1.23237
136	120	0.763594
136	124	0.766977
136	129	0.826633
136	143	0.751414
136	154	0.741276
136	155	0.855964
136	156	1.17985
136	157	1.17766
136	158	1.14979
136	159	1.18748
136	160	1.15284
136	161	1.18401
136	162	1.1659
136	163	1.08215
136	167	1.16206
136	168	1.10747
136	169	1.08445
136	170	1.06429
136	171	1.09025
136	172	1.04829
136	173	1.0628
136	174	1.06663
136	176	1.06772
136	177	1.08844
136	178	1.05711
136	179	1.03693
136	180	1.05153
137	7	0.689547
137	21	0.758084
137	33	0.842563
137	35	0.655302
137	41	0.861715
137	43	0.742152
137	51	0.769808
137	67	0.74451
137	75	0.695066
137	93	0.680384
137	109	0.738867
