1	46	1.08281
1	85	1.06488
1	95	1.07066
1	97	1.05061
1	99	1.06249
1	117	1.07597
1	118	1.07016
1	124	1.06033
1	147	0.717888
1	159	1.06008
1	174	1.57717
1	177	1.78249
2	25	0.726375
2	57	0.983893
2	122	0.993787
2	124	0.935609
2	129	0.988186
2	156	0.90933
2	158	0.994189
2	166	0.977851
2	170	0.977779
2	173	0.938438
2	178	0.923508
2	180	0.905253
3	4	1.06426
3	18	0.758129
3	41	0.851749
3	140	1.05754
3	161	0.944579
3	166	0.995237
3	167	0.980879
3	169	1.01247
3	175	0.947807
3	177	0.93149
3	179	0.944126
3	180	0.92264
4	3	1.06426
4	27	0.993312
4	32	0.899044
4	66	1.69864
4	67	0.938389
4	70	0.989411
4	88	0.976319
4	92	0.963967
4	93	0.948028
4	101	0.951538
4	115	0.983134
4	139	0.968137
5	43	1.08444
5	47	1.00407
5	50	0.959714
5	74	0.998385
5	87	0.959686
5	110	0.990923
5	112	0.938315
5	128	0.940663
5	132	0.985188
5	137	0.922938
5	138	0.945393
5	164	2.05396
6	83	0.764456
6	109	0.322356
6	152	1.13524
6	159	0.165069
6	161	1.05011
6	163	1.04882
6	168	1.08486
6	170	1.10069
6	174	1.04557
6	176	1.03523
6	179	1.04965
6	180	1.02817
7	12	1.06506
7	13	1.00782
7	22	0.986936
7	52	0.931085
7	58	1.01071
7	139	0.951778
7	143	1.79336
7	154	0.965868
7	156	0.843583
7	171	0.992706
7	172	0.863466
7	173	1.44562
8	12	1.16709
8	13	1.10985
8	22	1.08896
8	24	0.969826
8	26	1.60121
8	58	1.11274
8	103	0.77035
8	135	1.1805
8	139	1.0538
8	154	1.06789
8	171	1.09473
8	172	0.965491
9	27	0.99961
9	36	0.821521
9	67	0.944687
9	78	0.98013
9	80	0.981929
9	83	0.978255
9	88	0.982617
9	92	0.970265
9	101	0.957836
9	111	1.43163
9	115	0.989433
9	144	1.63326
10	26	0.99879
10	85	1.0617
10	94	1.05162
10	97	1.04743
10	102	1.11593
10	117	1.07279
10	118	1.06698
10	124	1.05715
10	125	1.06039
10	133	1.05803
10	167	0.800726
10	177	1.8699
11	51	0.490658
11	65	0.776019
11	120	0.294453
11	130	1.119
11	160	1.11592
11	163	1.03883
11	164	1.07586
11	169	1.108
11	175	1.04334
11	176	1.02524
11	179	1.03966
11	180	1.01818
12	7	1.06506
12	8	1.16709
12	23	0.871743
12	24	1.0526
12	52	1.11589
12	154	1.15067
12	156	1.02838
12	168	0.997742
12	171	1.17751
12	172	1.04827
12	178	1.4969
13	7	1.00782
13	8	1.10985
13	22	1.1145
13	52	1.05865
13	58	1.13828
13	147	0.862751
13	152	0.915964
13	154	1.09343
13	156	0.971148
13	163	1.81276
13	171	1.12027
13	172	0.99103
14	63	1.04633
14	73	1.11203
14	106	1.06527
14	109	1.0989
14	116	1.08613
14	120	1.08753
14	122	1.06749
14	130	0.566468
14	155	1.00018
14	159	1.0648
14	178	0.997211
14	180	2.27975
15	18	0.998273
15	39	0.880733
15	49	0.954151
15	54	1.25335
15	56	0.934486
15	62	1.02694
15	64	1.00142
15	154	0.985394
15	159	0.944875
15	161	1.93467
15	171	1.01223
15	178	0.877288
16	24	2.0742
16	41	0.762485
16	103	0.962466
16	145	0.941752
16	160	0.931123
16	170	0.905902
16	173	0.866561
16	175	0.858543
16	176	0.840444
16	177	0.842226
16	179	0.854862
16	180	0.833376
17	53	0.207002
17	95	0.516717
17	110	0.694763
17	136	1.09754
17	150	1.12275
17	164	1.05812
17	173	1.03362
17	174	1.01784
17	175	1.0256
17	176	1.0075
17	177	1.00928
17	179	1.02192
17	180	1.00043
18	3	0.758129
18	15	0.998273
18	19	1.08115
18	25	1.07757
18	39	0.959697
18	56	1.01345
18	62	1.1059
18	64	1.08038
18	145	1.27611
18	154	1.06436
18	169	1.30194
18	171	1.0912
18	178	0.956251
19	18	1.08115
19	39	0.963611
19	49	1.03703
19	56	1.01736
19	64	1.0843
19	66	1.27623
19	145	1.15983
19	148	1.05976
19	153	1.22483
19	154	1.06827
19	159	1.02775
19	171	1.09511
19	178	0.960165
20	60	0.968664
20	74	2.2148
20	135	0.926335
20	158	0.909294
20	164	0.878046
20	173	0.853544
20	174	0.837762
20	175	0.845525
20	176	0.827426
20	177	0.829208
20	178	0.838614
20	179	0.841845
20	180	0.820358
21	31	1.00474
21	38	1.09568
21	40	1.1476
21	45	1.14741
21	51	1.07319
21	57	1.05477
21	96	0.735891
21	130	1.17574
21	145	1.42568
21	154	1.10249
21	156	0.980208
21	158	1.06507
22	7	0.986936
22	8	1.08896
22	13	1.1145
22	24	0.974478
22	52	1.03776
22	58	1.11739
22	66	0.425128
22	154	1.07255
22	156	0.950261
22	171	1.09938
22	172	0.970143
22	179	1.3161
22	180	2.0903
23	12	0.871743
23	95	1.35626
23	147	1.02148
23	161	0.916945
23	164	0.952692
23	166	0.967602
23	167	0.953244
23	168	0.951698
23	169	0.984831
23	174	0.912409
23	176	0.902072
23	179	0.916491
23	180	0.895005
24	8	0.969826
24	12	1.0526
24	16	2.0742
24	22	0.974478
24	52	0.918628
24	58	0.998253
24	111	0.922109
24	139	0.939321
24	142	0.930125
24	154	0.953411
24	156	0.831126
24	171	0.980249
24	172	0.851008
25	2	0.726375
25	18	1.07757
25	39	0.960035
25	49	1.03345
25	56	1.01379
25	62	1.10624
25	64	1.08072
25	148	1.05618
25	158	0.893382
25	159	1.02418
25	171	1.09153
25	173	1.7811
25	178	0.956589
26	8	1.60121
26	10	0.99879
26	104	0.931314
26	111	1.00604
26	162	0.987682
26	167	0.969222
26	173	0.944168
26	174	0.928387
26	175	0.93615
26	176	0.91805
26	177	0.919833
26	179	0.932469
26	180	0.910983
27	4	0.993312
27	9	0.99961
27	78	1.05417
27	80	1.05597
27	83	1.05229
27	84	1.57224
27	88	1.05666
27	92	1.0443
27	93	1.02836
27	101	1.03188
27	115	1.06347
27	166	0.942908
27	179	1.33568
28	36	0.876729
28	55	1.60962
28	70	1.05092
28	78	1.03534
28	80	1.03714
28	83	1.03346
28	88	1.03783
28	92	1.02547
28	93	1.00953
28	101	1.01304
28	115	1.04464
28	139	1.02964
28	149	1.30007
28	150	0.96583
29	44	1.02747
29	53	1.01565
29	94	0.997244
29	97	0.993057
29	99	1.00494
29	100	1.06179
29	102	1.06155
29	108	1.6323
29	117	1.01842
29	123	1.06224
29	124	1.00278
29	125	1.00602
29	159	1.00252
29	160	1.21647
30	44	1.02699
30	94	0.996772
30	95	1.01263
30	97	0.992585
30	102	1.06108
30	117	1.01794
30	118	1.01214
30	123	1.06177
30	124	1.00231
30	125	1.00555
30	159	1.00205
30	166	0.885879
30	172	1.16638
30	180	2.05285
31	21	1.00474
31	38	0.946916
31	40	0.998834
31	45	0.998639
31	51	0.924421
31	57	0.906003
31	66	0.929348
31	107	0.935341
31	108	0.894599
31	154	0.953724
31	156	0.831439
31	158	0.916298
31	160	1.57673
31	164	1.9993
32	4	0.899044
32	36	0.801291
32	67	0.924458
32	78	0.959901
32	80	0.9617
32	83	0.958026
32	88	0.962388
32	92	0.950036
32	93	0.934096
32	101	0.937607
32	111	1.40957
32	115	0.969203
32	149	2.05484
32	153	0.93566
33	71	1.05195
33	74	1.05842
33	89	1.02006
33	91	1.01601
33	113	1.03689
33	126	1.3691
33	127	1.0476
33	128	1.0007
33	132	1.04522
33	137	0.982973
33	138	1.00543
33	153	1.33127
33	169	1.29209
33	172	0.944766
34	35	1.04643
34	68	1.05371
34	72	1.28196
34	73	1.05199
34	81	1.0436
34	100	1.15111
34	114	1.03541
34	116	1.02609
34	120	1.02749
34	122	1.00745
34	129	1.00185
34	159	1.00476
34	169	1.39922
34	178	0.937171
35	34	1.04643
35	59	1.01347
35	63	0.99365
35	68	1.06106
35	109	1.04622
35	116	1.03345
35	120	1.03484
35	122	1.0148
35	129	1.0092
35	139	1.03854
35	155	1.56942
35	160	0.999832
35	162	1.4234
35	178	0.944526
36	9	0.821521
36	28	0.876729
36	32	0.801291
36	67	0.840636
36	70	0.891658
36	78	0.876079
36	80	0.877878
36	83	0.874204
36	88	0.878566
36	92	0.866214
36	93	0.850275
36	101	0.853785
36	115	0.885382
36	158	3.20594
37	85	1.00903
37	94	0.998955
37	97	0.994768
37	99	1.00665
37	102	1.06326
37	117	1.02013
37	118	1.01432
37	123	1.06396
37	124	1.00449
37	125	1.00773
37	148	1.22181
37	150	1.14176
37	152	1.54644
37	159	1.00423
38	21	1.09568
38	31	0.946916
38	40	1.08978
38	45	1.08959
38	51	1.01537
38	57	0.996949
38	107	1.02629
38	108	0.985545
38	144	0.9876
38	152	1.50169
38	153	1.39925
38	154	1.04467
38	156	0.922385
38	158	1.00724
39	15	0.880733
39	18	0.959697
39	19	0.963611
39	25	0.960035
39	49	0.915575
39	56	0.89591
39	62	0.988363
39	64	0.962842
39	96	1.4689
39	130	1.90875
39	154	0.946818
39	159	0.906299
39	171	0.973656
39	178	0.838712
40	21	1.1476
40	31	0.998834
40	38	1.08978
40	45	1.1415
40	51	1.06728
40	57	1.04887
40	136	0.96243
40	154	1.09659
40	156	0.974303
40	158	1.05916
40	163	1.60962
40	170	1.06425
41	3	0.851749
41	16	0.762485
41	61	0.730102
41	83	0.843956
41	88	0.848318
41	106	0.81418
41	115	0.855134
41	116	0.835042
41	120	0.836439
41	155	0.794895
41	170	0.80039
41	177	0.736715
41	178	0.74612
41	180	0.727865
42	64	0.664929
42	115	0.435966
42	118	0.573881
42	140	1.10206
42	150	1.08947
42	155	1.03418
42	163	0.987809
42	164	1.02484
42	168	1.02385
42	173	1.00034
42	175	0.99232
42	176	0.974221
42	179	0.988639
42	180	0.967153
43	5	1.08444
43	78	0.274836
43	96	1.15823
43	117	0.690574
43	151	1.0423
43	161	0.987249
43	165	0.984359
43	167	1.02355
43	168	1.022
43	170	1.03784
43	173	0.998495
43	177	0.97416
43	179	0.986796
43	180	0.96531
44	29	1.02747
44	30	1.02699
44	53	1.00851
44	95	1.00596
44	99	0.997796
44	102	1.05441
44	117	1.01128
44	118	1.00547
44	121	1.10802
44	123	1.0551
44	124	0.995638
44	125	0.998879
44	147	1.05265
44	178	1.86767
45	21	1.14741
45	31	0.998639
45	38	1.08959
45	40	1.1415
45	51	1.06709
45	57	1.04867
45	61	3
45	126	0.546659
45	133	0.475881
45	154	1.09639
45	156	0.974109
45	158	1.05897
46	1	1.08281
46	53	1.0063
46	94	0.98789
46	95	1.00375
46	102	1.0522
46	117	1.00906
46	118	1.00325
46	123	1.05289
46	124	0.993424
46	125	0.996665
46	144	0.545914
46	153	1.00105
46	155	1.39456
46	165	2.05865
47	5	1.00407
47	65	1.00882
47	76	1.04036
47	84	0.955206
47	91	1.03727
47	113	1.05814
47	127	1.06885
47	128	1.02195
47	137	1.00422
47	138	1.02668
47	156	1.6952
47	165	1.51697
47	170	0.869746
47	172	0.966017
48	52	0.885633
48	54	0.96127
48	87	1.28971
48	105	0.958004
48	131	0.88238
48	160	0.97547
48	161	0.899663
48	163	0.898379
48	166	0.95032
48	167	0.935962
48	170	0.950249
48	175	0.90289
48	176	0.88479
48	179	0.899209
48	180	0.877723
49	15	0.954151
49	19	1.03703
49	25	1.03345
49	39	0.915575
49	56	0.969327
49	62	1.06178
49	64	1.03626
49	134	1.39708
49	147	0.967209
49	148	1.01172
49	154	1.02024
49	159	0.979717
49	171	1.04707
49	178	0.912129
49	179	1.86036
50	5	0.959714
50	82	1.00987
50	87	0.996612
50	110	1.02785
50	112	0.975242
50	113	1.01378
50	126	1.10078
50	127	1.02449
50	128	0.977589
50	132	1.02211
50	137	0.959864
50	138	0.982319
50	162	1.3539
50	171	1.0509
50	175	1.81334
51	11	0.490658
51	21	1.07319
51	31	0.924421
51	38	1.01537
51	40	1.06728
51	45	1.06709
51	57	0.974454
51	66	0.997798
51	107	1.00379
51	108	0.963049
51	151	1.28461
51	154	1.02217
51	156	0.89989
51	158	0.984749
51	175	1.99811
52	7	0.931085
52	12	1.11589
52	13	1.05865
52	22	1.03776
52	24	0.918628
52	48	0.885633
52	58	1.06154
52	111	0.985394
52	121	0.690752
52	139	1.00261
52	154	1.0167
52	156	0.89441
52	171	1.04353
52	172	0.914293
52	180	2.30273
53	17	0.207002
53	29	1.01565
53	44	1.00851
53	46	1.0063
53	85	0.98837
53	95	0.994152
53	99	0.985983
53	117	0.999463
53	118	0.993654
53	123	1.04329
53	124	0.983825
53	125	0.987067
53	159	0.983571
53	161	1.87628
53	179	1.74983
54	15	1.25335
54	48	0.96127
54	139	1.39298
54	157	0.947472
54	162	0.959002
54	163	0.902958
54	165	0.901352
54	168	0.938996
54	169	0.972128
54	173	0.915488
54	175	0.907469
54	176	0.88937
54	177	0.891152
54	179	0.903789
54	180	0.882302
55	28	1.60962
55	98	0.848375
55	116	1.1901
55	142	0.999273
55	149	0.957681
55	151	0.94676
55	161	0.891706
55	164	0.927453
55	167	0.928005
55	168	0.92646
55	170	0.942292
55	174	0.88717
55	175	0.894933
55	176	0.876834
55	179	0.891253
55	180	0.869766
56	15	0.934486
56	18	1.01345
56	19	1.01736
56	25	1.01379
56	39	0.89591
56	49	0.969327
56	62	1.04212
56	64	1.01659
56	105	1.69202
56	119	0.860164
56	136	1.73725
56	148	0.992058
56	154	1.00057
56	159	0.960052
56	171	1.02741
56	178	0.892464
57	2	0.983893
57	21	1.05477
57	31	0.906003
57	38	0.996949
57	40	1.04887
57	45	1.04867
57	51	0.974454
57	66	0.979381
57	107	0.985374
57	108	0.944632
57	154	1.00376
57	156	0.881472
57	158	0.966331
57	167	1.37674
57	168	1.32085
57	175	1.70616
58	7	1.01071
58	8	1.11274
58	13	1.13828
58	22	1.11739
58	24	0.998253
58	52	1.06154
58	111	1.06502
58	133	1.06582
58	134	1.4239
58	139	1.08223
58	149	0.976805
58	154	1.09632
58	156	0.974036
58	170	1.39867
58	171	1.12316
58	172	0.993918
59	35	1.01347
59	73	1.01902
59	81	1.01064
59	90	0.988927
59	106	0.972269
59	109	1.0059
59	114	1.00244
59	116	0.993131
59	122	0.974487
59	129	0.968886
59	139	0.998224
59	140	1.2331
59	151	1.54614
59	153	1.50924
59	158	0.974889
59	178	0.904208
60	20	0.968664
60	87	0.731357
60	137	0.883634
60	150	1.06938
60	154	0.408196
60	165	0.966111
60	166	1.01966
60	167	1.0053
60	168	1.00375
60	173	0.980247
60	174	0.964465
60	175	0.972228
60	176	0.954129
60	177	0.955911
60	179	0.968548
60	180	0.947061
61	41	0.730102
61	45	3
61	65	0.867756
61	95	0.897417
61	112	0.878536
61	117	0.902727
61	123	0.946556
61	131	0.80565
61	138	0.885614
61	140	0.935898
61	153	0.894719
61	172	0.824952
61	177	0.809843
61	179	0.822479
61	180	0.800993
62	15	1.02694
62	18	1.1059
62	25	1.10624
62	39	0.988363
62	49	1.06178
62	56	1.04212
62	64	1.10905
62	142	0.781426
62	147	0.762565
62	148	1.08451
62	154	1.09302
62	159	1.0525
62	166	1.26294
62	171	1.11986
62	176	2.05516
62	178	0.984917
63	14	1.04633
63	35	0.99365
63	68	1.00092
63	81	0.990818
63	90	0.969109
63	106	0.95245
63	109	0.986079
63	114	0.982626
63	116	0.973312
63	120	0.974708
63	122	0.954669
63	126	1.42032
63	129	0.949067
63	139	0.978406
63	145	1.31748
63	166	1.93208
63	178	0.88439
64	15	1.00142
64	18	1.08038
64	19	1.0843
64	25	1.08072
64	39	0.962842
64	42	0.664929
64	49	1.03626
64	56	1.01659
64	62	1.10905
64	96	0.364977
64	148	1.05899
64	154	1.0675
64	159	1.02698
64	170	1.57364
64	171	1.09434
64	172	1.94987
64	178	0.959397
65	11	0.776019
65	47	1.00882
65	61	0.867756
65	69	0.991832
65	74	1.00313
65	82	0.977687
65	91	0.960727
65	110	0.99567
65	112	0.943062
65	127	0.992308
65	132	0.989935
65	137	0.927685
65	138	0.95014
65	148	0.983368
65	168	1.89815
65	169	1.4939
65	171	1.01872
66	4	1.69864
66	19	1.27623
66	22	0.425128
66	31	0.929348
66	51	0.997798
66	57	0.979381
66	122	0.989275
66	129	0.983673
66	147	1.02722
66	150	1.02306
66	154	1.0271
66	158	0.989676
66	166	0.973338
66	174	0.918145
66	178	0.918996
66	179	0.922227
66	180	0.900741
67	4	0.938389
67	9	0.944687
67	32	0.924458
67	36	0.840636
67	70	1.01482
67	80	1.00104
67	83	0.997371
67	88	1.00173
67	92	0.98938
67	93	0.973441
67	101	0.976952
67	104	2.13307
67	115	1.00855
67	119	0.697291
67	139	0.99355
67	153	0.975005
67	168	1.58742
68	34	1.05371
68	35	1.06106
68	63	1.00092
68	90	1.03652
68	96	0.348465
68	106	1.01986
68	107	1.04152
68	109	1.05349
68	114	1.05004
68	116	1.04072
68	120	1.04212
68	122	1.02208
68	129	1.01648
68	136	1.12261
68	159	1.01939
68	170	1.22443
68	178	0.9518
68	180	2.48714
69	65	0.991832
69	71	1.05621
69	74	1.06268
69	82	1.03724
69	89	1.02432
69	91	1.02028
69	98	4
69	112	1.00261
69	113	1.04115
69	127	1.05186
69	128	1.00496
69	132	1.04948
69	137	0.987235
69	138	1.00969
69	153	0.663192
69	157	0.743158
69	171	1.07827
69	174	0.724443
70	4	0.989411
70	28	1.05092
70	36	0.891658
70	67	1.01482
70	78	1.05027
70	80	1.05207
70	83	1.04839
70	88	1.05275
70	92	1.0404
70	93	1.02446
70	101	1.02797
70	115	1.05957
70	126	0.763136
70	139	1.04457
70	153	1.02603
70	172	1.5554
70	173	1.40022
70	178	1.58954
71	33	1.05195
71	69	1.05621
71	79	1.34758
71	89	1.02915
71	103	1.25882
71	108	0.997131
71	110	1.06005
71	112	1.00744
71	113	1.04598
71	127	1.05668
71	128	1.00979
71	130	1.15569
71	132	1.05431
71	137	0.992062
71	138	1.01452
71	140	1.1945
71	148	1.04774
71	172	0.953854
72	34	1.28196
72	86	1.05425
72	118	0.872293
72	142	1.03762
72	144	1.06528
72	151	0.985104
72	154	0.510648
72	155	0.975141
72	162	0.98481
72	167	0.966349
72	170	0.980636
72	173	0.941296
72	176	0.915178
72	177	0.91696
72	178	0.926365
72	179	0.929597
72	180	0.90811
73	14	1.11203
73	34	1.05199
73	59	1.01902
73	81	1.05651
73	90	1.0348
73	106	1.01814
73	109	1.05177
73	114	1.04832
73	116	1.039
73	122	1.02036
73	129	1.01476
73	133	1.0188
73	134	0.98198
73	143	1.37513
73	164	0.642441
73	174	1.63731
73	176	1.69429
73	178	0.950081
74	5	0.998385
74	20	2.2148
74	33	1.05842
74	65	1.00313
74	69	1.06268
74	76	1.03467
74	82	1.04854
74	87	1.03528
74	112	1.01391
74	127	1.06316
74	128	1.01626
74	136	0.97572
74	137	0.998535
74	138	1.02099
74	153	0.623676
74	164	0.913644
74	171	1.08957
74	172	0.960327
75	77	0.882204
75	91	1.16883
75	120	1.51498
75	143	0.885203
75	144	1.00648
75	146	0.94113
75	152	0.956383
75	157	0.91448
75	161	0.87125
75	162	0.92601
75	165	0.86836
75	169	0.939136
75	173	0.882496
75	174	0.866714
75	175	0.874477
75	176	0.856378
75	179	0.870796
75	180	0.84931
76	47	1.04036
76	74	1.03467
76	78	1.01503
76	85	0.987702
76	86	0.521093
76	88	1.01751
76	93	0.989222
76	99	0.985315
76	101	0.992733
76	102	1.04193
76	113	1.01314
76	115	1.02433
76	123	1.04262
76	125	0.986399
76	128	0.976952
76	132	1.02148
76	135	1.08714
76	161	1.95762
76	179	1.83118
77	75	0.882204
77	96	1.02457
77	104	0.851981
77	122	1.68632
77	141	0.882288
77	150	0.953965
77	151	0.908644
77	152	0.938723
77	154	1.33943
77	155	0.89868
77	160	0.929397
77	164	0.889337
77	167	0.889889
77	170	0.904175
77	174	0.849053
77	175	0.856817
77	176	0.838717
77	179	0.853136
77	180	0.83165
78	9	0.98013
78	27	1.05417
78	28	1.03534
78	32	0.959901
78	36	0.876079
78	43	0.274836
78	70	1.05027
78	76	1.01503
78	80	1.03649
78	88	1.03718
78	92	1.02482
78	93	1.00888
78	101	1.01239
78	115	1.04399
78	131	2.66283
78	139	1.02899
78	150	0.652154
78	153	1.01045
78	168	1.31948
79	71	1.34758
79	89	0.747349
79	92	0.937046
79	134	0.951662
79	142	1.03102
79	155	0.968539
79	157	0.966679
79	160	0.999256
79	162	0.978209
79	164	0.959196
79	165	0.920559
79	166	0.974107
79	173	0.934694
79	174	0.918913
79	176	0.908577
79	177	0.910359
79	178	0.919764
79	179	0.922995
79	180	0.901509
80	9	0.981929
80	27	1.05597
80	28	1.03714
80	32	0.9617
80	36	0.877878
80	67	1.00104
80	70	1.05207
80	78	1.03649
80	83	1.03461
80	92	1.02662
80	93	1.01068
80	101	1.01419
80	107	1.01514
80	115	1.04579
80	139	1.03079
80	140	0.906777
80	146	1.28461
80	153	1.01225
80	179	2.12529
81	34	1.0436
81	59	1.01064
81	63	0.990818
81	73	1.05651
81	90	1.02641
81	106	1.00975
81	109	1.04338
81	116	1.03062
81	120	1.03201
81	122	1.01197
81	129	1.00637
81	134	0.973592
81	144	0.470152
81	158	1.01237
81	159	1.00928
81	163	1.88104
81	166	1.4314
81	175	1.63221
81	178	0.941694
82	50	1.00987
82	65	0.977687
82	69	1.03724
82	74	1.04854
82	89	1.01018
82	91	1.00613
82	110	1.04108
82	112	0.988467
82	113	1.027
82	127	1.03771
82	132	1.03534
82	137	0.97309
82	138	0.995545
82	149	0.3922
82	171	1.06412
82	172	0.934883
82	176	1.70202
82	179	1.30258
82	180	2.07677
83	6	0.764456
83	9	0.978255
83	27	1.05229
83	28	1.03346
83	32	0.958026
83	36	0.874204
83	41	0.843956
83	67	0.997371
83	70	1.04839
83	80	1.03461
83	88	1.0353
83	92	1.02295
83	93	1.00701
83	101	1.01052
83	115	1.04212
83	133	1.67141
83	139	1.02712
83	150	1.24816
83	153	1.00857
83	169	1.51122
84	27	1.57224
84	47	0.955206
84	95	0.908327
84	116	2.02748
84	117	0.913638
84	118	0.907829
84	124	0.898
84	125	0.901242
84	126	0.948941
84	128	0.891795
84	132	0.93632
84	137	0.87407
84	138	0.896525
84	162	0.888603
84	169	0.90173
84	173	0.845089
84	175	0.83707
84	177	0.820753
84	179	0.83339
84	180	0.811903
85	1	1.06488
85	10	1.0617
85	37	1.00903
85	53	0.98837
85	76	0.987702
85	94	0.96996
85	95	0.985822
85	97	0.965773
85	99	0.977653
85	102	1.03427
85	117	0.991132
85	118	0.985324
85	123	1.03496
85	124	0.975494
85	125	0.978736
85	142	1.20026
85	148	0.909982
85	159	0.97524
85	169	1.093
85	174	2.41701
86	72	1.05425
86	76	0.521093
86	112	0.968324
86	130	1.04572
86	138	0.749893
86	139	0.63777
86	155	1.01193
86	157	1.01007
86	160	1.04265
86	166	1.0175
86	167	1.00314
86	169	1.03473
86	170	1.01742
86	173	0.978084
86	174	0.962303
86	175	0.970066
86	176	0.951966
86	177	0.953749
86	179	0.966385
86	180	0.944899
87	5	0.959686
87	48	1.28971
87	50	0.996612
87	60	0.731357
87	74	1.03528
87	89	0.996925
87	91	0.992878
87	110	1.02782
87	112	0.975214
87	113	1.01375
87	127	1.02446
87	128	0.977561
87	132	1.02209
87	134	0.947823
87	137	0.959836
87	138	0.982291
87	148	1.01552
87	152	1.09268
87	171	1.05087
87	173	1.66516
88	4	0.976319
88	9	0.982617
88	27	1.05666
88	28	1.03783
88	32	0.962388
88	36	0.878566
88	41	0.848318
88	67	1.00173
88	70	1.05275
88	76	1.01751
88	78	1.03718
88	83	1.0353
88	92	1.02731
88	93	1.01137
88	101	1.01488
88	108	1.11611
88	115	1.04648
88	121	0.937476
88	134	1.31197
88	177	2.32304
89	33	1.02006
89	69	1.02432
89	71	1.02915
89	79	0.747349
89	82	1.01018
89	87	0.996925
89	91	0.993218
89	100	0.583132
89	110	1.02816
89	113	1.01409
89	127	1.0248
89	128	0.977902
89	132	1.02243
89	134	0.948164
89	137	0.960177
89	138	0.982631
89	148	1.01586
89	172	0.921969
89	175	1.62081
89	176	2.21223
90	59	0.988927
90	63	0.969109
90	68	1.03652
90	73	1.0348
90	81	1.02641
90	106	0.988046
90	109	1.02167
90	111	0.335519
90	114	1.01822
90	116	1.00891
90	120	1.0103
90	122	0.990264
90	133	0.988708
90	139	1.014
90	158	0.990665
90	159	0.987572
90	162	1.23976
90	172	1.7789
90	174	2.23363
90	178	0.919985
91	33	1.01601
91	47	1.03727
91	65	0.960727
91	69	1.02028
91	75	1.16883
91	82	1.00613
91	87	0.992878
91	89	0.993218
91	105	0.63856
91	110	1.02412
91	112	0.971507
91	127	1.02075
91	132	1.01838
91	137	0.95613
91	138	0.978585
91	148	1.01181
91	161	1.40057
91	171	1.04716
91	172	0.917922
91	180	2.04832
92	4	0.963967
92	9	0.970265
92	27	1.0443
92	28	1.02547
92	32	0.950036
92	36	0.866214
92	67	0.98938
92	70	1.0404
92	78	1.02482
92	79	0.937046
92	80	1.02662
92	83	1.02295
92	88	1.02731
92	93	0.999019
92	101	1.00253
92	115	1.03413
92	145	0.995101
92	153	1.00058
92	164	1.35007
92	172	1.89021
93	4	0.948028
93	27	1.02836
93	28	1.00953
93	32	0.934096
93	36	0.850275
93	67	0.973441
93	70	1.02446
93	76	0.989222
93	78	1.00888
93	80	1.01068
93	83	1.00701
93	88	1.01137
93	92	0.999019
93	101	0.98659
93	115	1.01819
93	139	1.00319
93	153	0.984643
93	155	1.11356
93	168	1.04165
93	177	2.16673
93	178	1.54082
94	10	1.05162
94	29	0.997244
94	30	0.996772
94	37	0.998955
94	46	0.98789
94	85	0.96996
94	95	0.975742
94	97	0.955694
94	99	0.967573
94	102	1.02419
94	117	0.981053
94	118	0.975244
94	119	0.858669
94	123	1.02488
94	124	0.965415
94	125	0.968657
94	133	0.966296
94	149	1.41571
94	153	0.973044
94	158	1.17091
94	178	2.24796
95	1	1.07066
95	17	0.516717
95	23	1.35626
95	30	1.01263
95	44	1.00596
95	46	1.00375
95	53	0.994152
95	61	0.897417
95	84	0.908327
95	85	0.985822
95	94	0.975742
95	97	0.971555
95	99	0.983435
95	117	0.996914
95	118	0.991106
95	123	1.04074
95	124	0.981276
95	125	0.984518
95	133	0.982157
95	146	1.21887
95	175	1.86758
96	21	0.735891
96	39	1.4689
96	43	1.15823
96	64	0.364977
96	68	0.348465
96	77	1.02457
96	119	1.13459
96	129	0.962582
96	142	1.12119
96	143	1.02757
96	155	1.05871
96	160	1.08943
96	164	1.04937
96	165	1.01073
96	169	1.08151
96	173	1.02487
96	174	1.00908
96	176	0.998748
96	177	1.00053
96	179	1.01317
96	180	0.991681
97	1	1.05061
97	10	1.04743
97	29	0.993057
97	30	0.992585
97	37	0.994768
97	85	0.965773
97	94	0.955694
97	95	0.971555
97	99	0.963386
97	102	1.02
97	117	0.976866
97	118	0.971057
97	121	1.3106
97	123	1.02069
97	124	0.961228
97	125	0.964469
97	140	0.929872
97	142	1.27409
97	153	0.968857
97	159	0.960974
97	165	2.3071
98	55	0.848375
98	69	4
98	119	0.92027
98	133	0.864342
98	140	0.912269
98	146	0.869184
98	147	0.903843
98	149	0.865279
98	152	0.884438
98	157	0.842534
98	160	0.875111
98	165	0.796414
98	170	0.84989
98	173	0.81055
98	174	0.794768
98	175	0.802531
98	176	0.784432
98	177	0.786214
98	179	0.798851
98	180	0.777364
99	1	1.06249
99	29	1.00494
99	37	1.00665
99	44	0.997796
99	53	0.985983
99	76	0.985315
99	85	0.977653
99	94	0.967573
99	95	0.983435
99	97	0.963386
99	117	0.988745
99	118	0.982937
99	124	0.973107
99	125	0.976349
99	133	0.973989
99	134	1.66705
99	153	0.980736
99	158	0.975159
99	159	0.972853
99	160	1.05536
99	179	2.13033
100	29	1.06179
100	34	1.15111
100	89	0.583132
100	104	0.957312
100	112	1.04876
100	130	1.0378
100	135	1.04296
100	141	0.98762
100	150	1.0593
100	164	0.994668
100	166	1.00958
100	168	0.993674
100	169	1.02681
100	170	1.00951
100	173	0.970166
100	174	0.954385
100	175	0.962148
100	176	0.944048
100	177	0.945831
100	179	0.958467
100	180	0.936981
101	4	0.951538
101	9	0.957836
101	27	1.03188
101	28	1.01304
101	32	0.937607
101	36	0.853785
101	67	0.976952
101	70	1.02797
101	76	0.992733
101	78	1.01239
101	80	1.01419
101	83	1.01052
101	88	1.01488
101	92	1.00253
101	93	0.98659
101	115	1.0217
101	153	0.988154
101	156	2.02456
101	164	1.0352
101	169	0.706058
101	176	2.08705
102	10	1.11593
102	29	1.06155
102	30	1.06108
102	37	1.06326
102	44	1.05441
102	46	1.0522
102	76	1.04193
102	85	1.03427
102	94	1.02419
102	97	1.02
102	118	1.03955
102	123	1.08919
102	124	1.02972
102	125	1.03297
102	153	1.03735
102	158	0.435223
102	159	1.02947
102	165	1.74911
102	169	0.608849
102	172	1.47813
102	176	1.98984
103	8	0.77035
103	16	0.962466
103	71	1.25882
103	105	1.00813
103	123	0.638126
103	136	1.02496
103	139	0.793666
103	144	1.08501
103	145	1.03622
103	150	1.05016
103	157	0.993016
103	161	0.949785
103	167	0.986084
103	169	1.01767
103	170	1.00037
103	173	0.961031
103	174	0.945249
103	175	0.953012
103	176	0.934913
103	179	0.949332
103	180	0.927845
104	26	0.931314
104	67	2.13307
104	77	0.851981
104	100	0.957312
104	106	1.94135
104	107	0.927065
104	126	0.956124
104	151	0.896081
104	152	0.92616
104	157	0.884257
104	162	0.895786
104	166	0.891684
104	167	0.877326
104	170	0.891612
104	172	0.843045
104	174	0.83649
104	175	0.844254
104	176	0.826154
104	177	0.827937
104	178	0.837342
104	179	0.840573
104	180	0.819087
105	48	0.958004
105	56	1.69202
105	91	0.63856
105	103	1.00813
105	125	1.4976
105	145	0.987413
105	151	0.956031
105	157	0.944207
105	161	0.900977
105	162	0.955737
105	163	0.899693
105	167	0.937276
105	168	0.93573
105	169	0.968863
105	170	0.951563
105	172	0.902996
105	175	0.904204
105	176	0.886104
105	177	0.887887
105	179	0.900523
105	180	0.879037
106	14	1.06527
106	41	0.81418
106	59	0.972269
106	63	0.95245
106	68	1.01986
106	73	1.01814
106	81	1.00975
106	90	0.988046
106	104	1.94135
106	109	1.00502
106	114	1.00156
106	116	0.992249
106	120	0.993645
106	122	0.973606
106	129	0.968004
106	133	0.972049
106	141	1.5988
106	146	1.13231
106	148	0.80842
106	158	0.974007
106	159	0.970914
106	178	0.903327
107	31	0.935341
107	38	1.02629
107	51	1.00379
107	57	0.985374
107	68	1.04152
107	80	1.01514
107	104	0.927065
107	114	1.02322
107	116	1.01391
107	123	0.682172
107	128	1.07485
107	129	0.989666
107	132	0.675926
107	156	0.91081
107	158	0.995669
107	159	0.992576
107	165	0.925783
107	167	0.964973
107	168	0.963427
107	177	0.915584
107	178	0.924989
107	179	0.92822
107	180	0.906734
108	29	1.6323
108	31	0.894599
108	38	0.985545
108	51	0.963049
108	57	0.944632
108	71	0.997131
108	88	1.11611
108	112	0.943535
108	137	0.928158
108	138	0.950612
108	156	0.870068
108	158	0.954927
108	159	1.23424
108	161	0.887931
108	163	0.886647
108	170	0.938517
108	171	1.01919
108	172	0.88995
108	176	0.873059
108	177	0.874841
108	179	0.887478
108	180	0.865991
109	6	0.322356
109	14	1.0989
109	35	1.04622
109	59	1.0059
109	63	0.986079
109	68	1.05349
109	73	1.05177
109	81	1.04338
109	90	1.02167
109	106	1.00502
109	114	1.03519
109	116	1.02588
109	120	1.02727
109	122	1.00723
109	129	1.00163
109	130	0.793351
109	133	1.00568
109	135	1.30663
109	139	1.03097
109	143	2.13096
109	158	1.00764
109	170	1.56216
109	178	0.936956
110	5	0.990923
110	17	0.694763
110	50	1.02785
110	65	0.99567
110	71	1.06005
110	82	1.04108
110	87	1.02782
110	89	1.02816
110	91	1.02412
110	111	1.02397
110	112	1.00645
110	127	1.0557
110	128	1.0088
110	132	1.05332
110	134	0.979061
110	137	0.991074
110	138	1.01353
110	140	1.01908
110	144	0.883569
110	150	0.992982
110	171	1.08211
110	172	0.952866
110	174	2.58005
111	9	1.43163
111	24	0.922109
111	26	1.00604
111	32	1.40957
111	52	0.985394
111	58	1.06502
111	90	0.335519
111	110	1.02397
111	112	0.971359
111	113	1.0099
111	128	0.973707
111	129	1.1041
111	132	1.01823
111	138	0.978437
111	156	0.897892
111	169	0.983642
111	171	1.04701
111	172	0.917774
111	173	0.927001
111	175	0.918983
111	177	0.902666
111	179	0.915302
111	180	0.893816
112	5	0.938315
112	50	0.975242
112	61	0.878536
112	65	0.943062
112	69	1.00261
112	71	1.00744
112	74	1.01391
112	82	0.988467
112	86	0.968324
112	87	0.975214
112	91	0.971507
112	100	1.04876
112	108	0.943535
112	110	1.00645
112	111	0.971359
112	127	1.00309
112	128	0.956191
112	132	1.00072
112	137	0.938466
112	138	0.96092
112	146	1.43773
112	157	1.96378
112	172	0.900258
113	33	1.03689
113	47	1.05814
113	50	1.01378
113	69	1.04115
113	71	1.04598
113	76	1.01314
113	82	1.027
113	87	1.01375
113	89	1.01409
113	111	1.0099
113	127	1.04163
113	128	0.994728
113	132	1.03925
113	137	0.977003
113	138	0.999458
113	140	0.802019
113	148	1.03269
113	155	1.51515
113	158	0.865355
113	167	1.49914
113	171	1.06804
113	172	0.938796
113	178	1.9424
114	34	1.03541
114	59	1.00244
114	63	0.982626
114	68	1.05004
114	73	1.04832
114	90	1.01822
114	106	1.00156
114	107	1.02322
114	109	1.03519
114	116	1.02242
114	120	1.02382
114	122	1.00378
114	129	0.99818
114	133	1.00222
114	134	0.9654
114	139	1.02752
114	148	1.20619
114	149	1.46038
114	150	1.12614
114	151	1.46529
114	158	1.00418
114	159	1.00109
114	169	1.38921
114	178	0.933502
115	4	0.983134
115	9	0.989433
115	27	1.06347
115	28	1.04464
115	32	0.969203
115	36	0.885382
115	41	0.855134
115	42	0.435966
115	67	1.00855
115	70	1.05957
115	76	1.02433
115	78	1.04399
115	80	1.04579
115	83	1.04212
115	88	1.04648
115	92	1.03413
115	93	1.01819
115	101	1.0217
115	139	1.0383
115	145	0.825802
115	153	1.01975
115	157	1.51855
115	167	1.31179
115	177	2.38096
116	14	1.08613
116	34	1.02609
116	35	1.03345
116	41	0.835042
116	55	1.1901
116	59	0.993131
116	63	0.973312
116	68	1.04072
116	73	1.039
116	81	1.03062
116	84	2.02748
116	90	1.00891
116	106	0.992249
116	107	1.01391
116	109	1.02588
116	114	1.02242
116	120	1.01451
116	121	0.95315
116	122	0.994467
116	129	0.988866
116	133	0.992911
116	134	0.956087
116	142	0.916638
116	162	1.13952
116	178	0.924188
117	1	1.07597
117	10	1.07279
117	29	1.01842
117	30	1.01794
117	37	1.02013
117	43	0.690574
117	44	1.01128
117	46	1.00906
117	53	0.999463
117	61	0.902727
117	84	0.913638
117	85	0.991132
117	94	0.981053
117	95	0.996914
117	97	0.976866
117	99	0.988745
117	118	0.996416
117	123	1.04605
117	125	0.989829
117	147	1.41935
117	151	1.40703
117	153	0.994216
117	155	1.80712
117	159	0.986333
117	160	1.23753
118	1	1.07016
118	10	1.06698
118	30	1.01214
118	37	1.01432
118	42	0.573881
118	44	1.00547
118	46	1.00325
118	53	0.993654
118	72	0.872293
118	84	0.907829
118	85	0.985324
118	94	0.975244
118	95	0.991106
118	97	0.971057
118	99	0.982937
118	102	1.03955
118	117	0.996416
118	123	1.04024
118	124	0.980778
118	125	0.98402
118	131	2.73717
118	144	0.617072
118	153	0.988407
118	159	0.980524
118	162	1.31969
119	56	0.860164
119	67	0.697291
119	94	0.858669
119	96	1.13459
119	98	0.92027
119	126	1.0787
119	128	0.717577
119	129	1.19233
119	140	1.07657
119	141	0.9923
119	143	0.977554
119	149	1.02958
119	151	1.01866
119	157	1.00683
119	160	1.03941
119	161	0.963601
119	163	0.962317
119	166	1.01426
119	170	1.01419
119	173	0.974846
119	174	0.959065
119	175	0.966828
119	177	0.950511
119	179	0.963147
119	180	0.941661
120	11	0.294453
120	14	1.08753
120	34	1.02749
120	35	1.03484
120	41	0.836439
120	63	0.974708
120	68	1.04212
120	75	1.51498
120	81	1.03201
120	90	1.0103
120	106	0.993645
120	109	1.02727
120	114	1.02382
120	116	1.01451
120	122	0.995864
120	129	0.990262
120	133	0.994307
120	134	0.957483
120	139	1.0196
120	143	1.70055
120	156	1.95722
120	158	0.996265
120	159	0.993172
120	166	1.22749
120	178	0.925585
121	44	1.10802
121	52	0.690752
121	88	0.937476
121	97	1.3106
121	116	0.95315
121	130	1.04705
121	140	1.08114
121	143	0.982124
121	152	1.0533
121	153	1.03996
121	155	1.01326
121	157	1.0114
121	165	0.96528
121	166	1.01883
121	167	1.00447
121	168	1.00292
121	169	1.03606
121	172	0.97019
121	173	0.979416
121	174	0.963635
121	175	0.971398
121	176	0.953298
121	177	0.955081
121	179	0.967717
121	180	0.946231
122	2	0.993787
122	14	1.06749
122	34	1.00745
122	35	1.0148
122	59	0.974487
122	63	0.954669
122	66	0.989275
122	68	1.02208
122	73	1.02036
122	77	1.68632
122	81	1.01197
122	90	0.990264
122	106	0.973606
122	109	1.00723
122	114	1.00378
122	116	0.994467
122	120	0.995864
122	129	0.970222
122	134	0.937443
122	148	0.791781
122	158	0.976225
122	159	0.973132
122	160	0.881377
122	170	1.46784
122	178	0.905545
122	179	1.95635
123	29	1.06224
123	30	1.06177
123	37	1.06396
123	44	1.0551
123	46	1.05289
123	53	1.04329
123	61	0.946556
123	76	1.04262
123	85	1.03496
123	94	1.02488
123	95	1.04074
123	97	1.02069
123	102	1.08919
123	103	0.638126
123	107	0.682172
123	117	1.04605
123	118	1.04024
123	124	1.03042
123	125	1.03366
123	133	1.0313
123	136	1.20198
123	152	0.952376
123	153	1.03804
123	159	1.03016
123	173	1.52486
123	179	1.79231
124	1	1.06033
124	2	0.935609
124	10	1.05715
124	29	1.00278
124	30	1.00231
124	37	1.00449
124	44	0.995638
124	46	0.993424
124	53	0.983825
124	84	0.898
124	85	0.975494
124	94	0.965415
124	95	0.981276
124	97	0.961228
124	99	0.973107
124	102	1.02972
124	118	0.980778
124	123	1.03042
124	125	0.974191
124	133	0.97183
124	148	1.09322
124	150	1.01318
124	153	0.978578
124	159	0.970695
124	164	1.60539
124	175	2.06582
125	10	1.06039
125	29	1.00602
125	30	1.00555
125	37	1.00773
125	44	0.998879
125	46	0.996665
125	53	0.987067
125	76	0.986399
125	84	0.901242
125	85	0.978736
125	94	0.968657
125	95	0.984518
125	97	0.964469
125	99	0.976349
125	102	1.03297
125	105	1.4976
125	117	0.989829
125	118	0.98402
125	123	1.03366
125	124	0.974191
125	133	0.975072
125	140	0.914649
125	148	0.968593
125	153	0.98182
125	162	1.48175
125	173	1.8657
126	33	1.3691
126	45	0.546659
126	50	1.10078
126	63	1.42032
126	70	0.763136
126	84	0.948941
126	104	0.956124
126	119	1.0787
126	140	1.0707
126	141	0.986431
126	145	1.04417
126	146	1.02761
126	150	1.05811
126	155	1.00282
126	163	0.956449
126	165	0.954842
126	166	1.00839
126	167	0.994032
126	168	0.992486
126	170	1.00832
126	174	0.953197
126	175	0.96096
126	176	0.94286
126	177	0.944643
126	179	0.957279
126	180	0.935793
127	33	1.0476
127	47	1.06885
127	50	1.02449
127	65	0.992308
127	69	1.05186
127	71	1.05668
127	74	1.06316
127	82	1.03771
127	87	1.02446
127	89	1.0248
127	91	1.02075
127	110	1.0557
127	112	1.00309
127	113	1.04163
127	128	1.00544
127	132	1.04996
127	134	0.975698
127	137	0.987711
127	138	1.01017
127	150	0.659789
127	158	0.749226
127	161	2.03085
127	167	1.38301
127	168	1.32711
127	171	1.07874
127	172	0.949504
127	173	1.63695
128	5	0.940663
128	33	1.0007
128	47	1.02195
128	50	0.977589
128	69	1.00496
128	71	1.00979
128	74	1.01626
128	76	0.976952
128	84	0.891795
128	87	0.977561
128	89	0.977902
128	107	1.07485
128	110	1.0088
128	111	0.973707
128	112	0.956191
128	113	0.994728
128	119	0.717577
128	127	1.00544
128	132	1.00306
128	137	0.940813
128	138	0.963268
128	141	1.81081
128	148	0.996496
128	151	1.27952
128	167	1.6636
128	171	1.03185
128	172	0.902606
129	2	0.988186
129	34	1.00185
129	35	1.0092
129	59	0.968886
129	63	0.949067
129	66	0.983673
129	68	1.01648
129	73	1.01476
129	81	1.00637
129	96	0.962582
129	106	0.968004
129	107	0.989666
129	109	1.00163
129	111	1.1041
129	114	0.99818
129	116	0.988866
129	119	1.19233
129	120	0.990262
129	122	0.970222
129	133	0.968666
129	134	0.931842
129	139	0.993959
129	144	1.30572
129	158	0.970624
129	159	0.967531
129	160	1.58478
129	178	0.899943
130	11	1.119
130	14	0.566468
130	21	1.17574
130	39	1.90875
130	71	1.15569
130	86	1.04572
130	100	1.0378
130	109	0.793351
130	121	1.04705
130	134	0.94973
130	140	1.03448
130	147	1.02606
130	149	0.987492
130	150	1.02189
130	155	0.966607
130	162	0.976277
130	165	0.918627
130	167	0.957816
130	168	0.956271
130	169	0.989403
130	172	0.923536
130	173	0.932762
130	174	0.916981
130	175	0.924744
130	176	0.906645
130	177	0.908427
130	179	0.921063
130	180	0.899577
131	48	0.88238
131	61	0.80565
131	78	2.66283
131	118	2.73717
131	136	0.900523
131	140	0.938318
131	141	0.854052
131	142	0.93292
131	143	0.839306
131	147	0.929891
131	149	0.891328
131	152	0.910486
131	155	0.870443
131	160	0.90116
131	162	0.880113
131	163	0.824069
131	164	0.8611
131	166	0.876011
131	168	0.860107
131	169	0.893239
131	173	0.836598
131	174	0.820817
131	175	0.82858
131	176	0.810481
131	177	0.812263
131	179	0.824899
131	180	0.803413
132	5	0.985188
132	33	1.04522
132	50	1.02211
132	65	0.989935
132	69	1.04948
132	71	1.05431
132	76	1.02148
132	82	1.03534
132	84	0.93632
132	87	1.02209
132	89	1.02243
132	91	1.01838
132	107	0.675926
132	110	1.05332
132	111	1.01823
132	112	1.00072
132	113	1.03925
132	127	1.04996
132	128	1.00306
132	137	0.985338
132	138	1.00779
132	142	0.911777
132	156	2.12302
132	157	1.47144
132	169	0.80452
132	171	1.07637
132	172	0.947131
132	178	1.70794
133	10	1.05803
133	45	0.475881
133	58	1.06582
133	73	1.0188
133	83	1.67141
133	90	0.988708
133	94	0.966296
133	95	0.982157
133	98	0.864342
133	99	0.973989
133	106	0.972049
133	109	1.00568
133	114	1.00222
133	116	0.992911
133	120	0.994307
133	123	1.0313
133	124	0.97183
133	125	0.975072
133	129	0.968666
133	137	1.26353
133	146	0.977553
133	147	1.01221
133	163	0.906389
133	168	0.942427
133	171	0.466573
133	174	0.903137
133	177	0.894584
133	179	0.90722
133	180	0.885734
134	49	1.39708
134	58	1.4239
134	73	0.98198
134	79	0.951662
134	81	0.973592
134	87	0.947823
134	88	1.31197
134	89	0.948164
134	99	1.66705
134	110	0.979061
134	114	0.9654
134	116	0.956087
134	120	0.957483
134	122	0.937443
134	127	0.975698
134	129	0.931842
134	130	0.94973
134	137	0.911075
134	138	0.93353
134	141	0.899548
134	151	0.925903
134	161	0.870849
134	171	1.00211
134	173	0.882094
134	176	0.855976
134	177	0.857759
134	178	0.867164
134	179	0.870395
134	180	0.848909
135	8	1.1805
135	20	0.926335
135	76	1.08714
135	100	1.04296
135	109	1.30663
135	142	1.03424
135	144	1.0619
135	146	0.996552
135	147	1.03121
135	151	0.981726
135	154	0.865415
135	155	0.971763
135	157	0.969902
135	161	0.926672
135	162	0.981432
135	163	0.925388
135	164	0.96242
135	166	0.97733
135	168	0.961426
135	169	0.994558
135	170	0.977258
135	171	0.543898
135	173	0.937918
135	174	0.922136
135	175	0.929899
135	176	0.9118
135	177	0.913582
135	179	0.926219
135	180	0.904732
136	17	1.09754
136	40	0.96243
136	56	1.73725
136	68	1.12261
136	74	0.97572
136	103	1.02496
136	123	1.20198
136	131	0.900523
136	140	1.03077
136	141	0.946504
136	144	1.05303
136	146	0.987685
136	151	0.972859
136	155	0.962896
136	156	0.899942
136	160	0.993612
136	162	0.972565
136	164	0.953552
136	165	0.914915
136	166	0.968463
136	167	0.954104
136	169	0.985691
136	170	0.968391
136	172	0.919824
136	174	0.913269
136	175	0.921032
136	176	0.902933
136	177	0.904715
136	179	0.917352
136	180	0.895865
137	5	0.922938
137	33	0.982973
137	47	1.00422
137	50	0.959864
137	60	0.883634
137	65	0.927685
137	69	0.987235
137	71	0.992062
137	74	0.998535
137	82	0.97309
137	84	0.87407
137	87	0.959836
137	89	0.960177
137	91	0.95613
137	108	0.928158
137	110	0.991074
137	112	0.938466
137	113	0.977003
137	127	0.987711
137	128	0.940813
137	132	0.985338
137	133	1.26353
137	134	0.911075
137	138	0.945543
137	148	0.978771
137	167	1.5635
137	168	1.5076
137	171	1.01412
137	172	0.884881
137	178	2.00676
138	5	0.945393
138	33	1.00543
138	47	1.02668
138	50	0.982319
138	61	0.885614
138	65	0.95014
138	69	1.00969
138	71	1.01452
138	74	1.02099
138	82	0.995545
138	84	0.896525
138	86	0.749893
138	87	0.982291
138	89	0.982631
138	91	0.978585
138	108	0.950612
138	110	1.01353
138	111	0.978437
138	112	0.96092
138	113	0.999458
138	127	1.01017
138	128	0.963268
138	132	1.00779
138	134	0.93353
138	137	0.945543
138	142	1.18569
138	146	1.2193
138	148	1.00123
138	158	0.904802
138	163	2.11684
138	171	1.03658
138	172	0.907336
138	176	2.45942
139	4	0.968137
139	7	0.951778
139	8	1.0538
139	24	0.939321
139	28	1.02964
139	35	1.03854
139	52	1.00261
139	54	1.39298
139	58	1.08223
139	59	0.998224
139	63	0.978406
139	67	0.99355
139	70	1.04457
139	78	1.02899
139	80	1.03079
139	83	1.02712
139	86	0.63777
139	90	1.014
139	93	1.00319
139	103	0.793666
139	109	1.03097
139	114	1.02752
139	115	1.0383
139	120	1.0196
139	129	0.993959
139	141	1.57367
139	146	1.10718
139	152	1.10792
139	154	1.03739
139	156	0.915103
139	171	1.06423
139	172	0.934986
139	173	1.6804
139	178	0.929282
140	3	1.05754
140	42	1.10206
140	59	1.2331
140	61	0.935898
140	71	1.1945
140	80	0.906777
140	97	0.929872
140	98	0.912269
140	110	1.01908
140	113	0.802019
140	119	1.07657
140	121	1.08114
140	125	0.914649
140	126	1.0707
140	130	1.03448
140	131	0.938318
140	136	1.03077
140	141	0.984299
140	144	1.09083
140	147	1.06014
140	152	1.04073
140	157	0.998831
140	161	0.9556
140	163	0.954316
140	165	0.95271
140	167	0.991899
140	169	1.02349
140	170	1.00619
140	172	0.957619
140	173	0.966846
140	174	0.951064
140	175	0.958827
140	177	0.94251
140	179	0.955147
140	180	0.93366
141	77	0.882288
141	100	0.98762
141	106	1.5988
141	119	0.9923
141	126	0.986431
141	128	1.81081
141	131	0.854052
141	134	0.899548
141	136	0.946504
