1	23	1.03237
1	25	1.03311
1	36	1.00782
1	56	1.052
1	59	0.725647
1	70	1.08217
1	78	1.05641
1	80	1.05926
1	116	1.40667
1	141	0.786388
1	175	1.07743
1	180	1.17573
2	30	1.15601
2	42	0.976861
2	51	1.10697
2	54	0.932847
2	63	0.928545
2	73	1.07378
2	79	1.04986
2	85	1.09807
2	92	1.07138
2	99	1.04775
2	120	1.0139
2	165	0.999312
3	9	0.937335
3	40	1.06842
3	68	1.04567
3	107	1.06486
3	149	1.046
3	152	1.03171
3	157	1.04206
3	169	1.16285
3	170	0.97819
3	171	0.911033
3	177	1.13149
3	178	1.08308
4	14	0.932748
4	15	0.951993
4	22	0.933989
4	27	0.804502
4	28	0.903264
4	32	0.903205
4	35	0.983132
4	48	0.944412
4	129	1.3188
4	140	1.48072
4	169	1.04895
4	175	1.17346
5	52	1.08188
5	59	1.22323
5	123	0.925193
5	124	0.928163
5	131	0.947264
5	134	0.96822
5	145	0.968998
5	146	0.970318
5	147	0.919315
5	153	0.933056
5	179	0.840612
5	180	1.67332
6	18	1.06409
6	33	1.15754
6	39	0.993959
6	63	0.932061
6	79	1.05338
6	88	1.02359
6	92	1.07489
6	99	1.05126
6	129	1.12481
6	132	1.07649
6	155	1.05561
6	172	0.897309
7	30	1.03679
7	42	0.857639
7	63	0.809323
7	73	0.954558
7	79	0.930639
7	85	0.978848
7	92	0.952155
7	99	0.928525
7	132	0.953755
7	154	1.09995
7	173	1.56787
7	176	1.30262
8	12	0.97214
8	14	0.927956
8	15	0.9472
8	27	0.79971
8	28	0.898471
8	32	0.898412
8	35	0.978339
8	48	0.939619
8	119	1.23424
8	129	1.4423
8	169	1.04415
8	175	1.29695
9	3	0.937335
9	75	0.902278
9	82	1.23279
9	98	0.903739
9	107	0.927343
9	111	0.920226
9	122	0.955859
9	144	1.27103
9	157	0.90454
9	158	0.929983
9	159	1.46168
9	169	1.02533
10	29	0.928103
10	38	0.894582
10	107	0.965424
10	114	1.09804
10	127	1.51339
10	130	0.898846
10	148	0.949065
10	149	0.946557
10	152	0.932271
10	157	0.94262
10	160	0.944644
10	166	1.35348
11	23	0.989174
11	36	0.964619
11	47	0.977667
11	60	0.988215
11	61	0.990264
11	62	1.07389
11	70	1.03897
11	80	1.01606
11	82	0.897388
11	102	0.965448
11	138	1.01052
11	175	1.03424
11	179	1.54789
12	8	0.97214
12	14	1.06263
12	27	0.934384
12	28	1.03315
12	32	1.03309
12	35	1.11301
12	48	1.07429
12	91	1.20266
12	142	0.901211
12	143	0.877079
12	169	1.17883
12	178	1.10641
13	19	0.86839
13	42	0.975329
13	69	0.704218
13	96	1.07463
13	99	0.83379
13	167	1.01079
13	170	1.01876
13	174	1.0033
13	175	1.06181
13	176	1.00648
13	177	0.982638
13	178	0.99415
13	180	0.944495
14	4	0.932748
14	8	0.927956
14	12	1.06263
14	15	1.03769
14	22	1.01969
14	27	0.890199
14	35	1.06883
14	48	1.03011
14	127	1.08948
14	135	0.977489
14	137	1.17082
14	169	1.13464
14	173	1.15305
15	4	0.951993
15	8	0.9472
15	14	1.03769
15	22	1.03893
15	27	0.909444
15	28	1.00821
15	32	1.00815
15	48	1.04935
15	126	1.05797
15	133	0.984725
15	164	1.12249
15	169	1.15389
15	178	1.23292
16	62	1.00297
16	71	0.924263
16	103	1.23446
16	112	0.988538
16	142	0.947437
16	152	1.27975
16	156	0.894421
16	167	0.898117
16	170	0.906092
16	171	0.936424
16	174	0.890628
16	178	0.881477
16	180	0.831822
17	65	0.968995
17	114	1.05887
17	123	1.0047
17	124	1.00767
17	133	1.14668
17	134	1.04773
17	145	1.04851
17	146	1.04983
17	147	0.998825
17	153	1.01257
17	159	1.01148
17	165	1.20629
17	179	0.920122
18	6	1.06409
18	33	1.11025
18	39	0.946673
18	41	1.06014
18	63	0.884775
18	73	1.03001
18	79	1.00609
18	92	1.02761
18	99	1.00398
18	102	0.866493
18	132	1.02921
18	168	1.12906
18	173	1.33418
19	13	0.86839
19	42	0.960489
19	63	0.912173
19	85	1.0817
19	99	1.03137
19	101	1.08819
19	142	1.06623
19	144	0.916844
19	146	1.06118
19	147	1.01017
19	153	1.02392
19	173	1.41435
19	179	0.931471
20	25	0.982477
20	49	1.23653
20	56	1.00136
20	60	0.980774
20	62	1.06645
20	70	1.03153
20	78	1.00578
20	80	1.00862
20	138	1.00308
20	165	1.02338
20	171	1.03992
20	175	1.0268
20	176	1.08963
21	75	0.893013
21	76	0.8848
21	109	0.860892
21	111	0.910961
21	115	0.899333
21	122	0.946594
21	133	1.3688
21	148	0.90172
21	157	0.895275
21	160	0.897298
21	169	1.01606
21	172	1.31474
21	174	1.58726
22	4	0.933989
22	14	1.01969
22	15	1.03893
22	27	0.89144
22	28	0.990202
22	32	0.990143
22	35	1.07007
22	48	1.03135
22	96	0.972081
22	143	1.07392
22	165	1.11467
22	168	1.24105
22	169	1.13588
23	1	1.03237
23	11	0.989174
23	36	0.920856
23	56	0.965038
23	60	0.944451
23	62	1.03013
23	70	0.995208
23	74	0.941706
23	80	0.972297
23	138	0.966757
23	155	1.10972
23	173	1.39658
23	175	0.990473
23	178	1.25367
24	44	0.843056
24	72	0.914534
24	83	0.889395
24	89	0.92865
24	97	0.898326
24	103	0.875695
24	108	0.863624
24	150	0.87648
24	158	0.918096
24	162	1.66756
24	168	0.860215
24	171	1.42993
24	172	0.937871
24	176	1.47964
25	1	1.03311
25	20	0.982477
25	36	0.9216
25	56	0.965782
25	60	0.945195
25	62	1.03087
25	70	0.995953
25	80	0.973041
25	113	1.61121
25	114	0.903803
25	120	1.06581
25	125	1.09327
25	138	0.967501
25	175	0.991217
26	49	0.862551
26	53	1.07445
26	69	1.10434
26	72	1.12037
26	103	1.08153
26	106	1.06404
26	108	1.06946
26	140	0.92516
26	141	0.770421
26	150	1.08232
26	168	1.06605
26	172	1.14371
26	179	1.09566
26	180	1.15977
27	4	0.804502
27	8	0.79971
27	12	0.934384
27	14	0.890199
27	15	0.909444
27	22	0.89144
27	28	0.860715
27	32	0.860656
27	35	0.940583
27	48	0.901863
27	112	1.37846
27	168	1.62071
27	169	1.0064
27	170	1.57803
28	4	0.903264
28	8	0.898471
28	12	1.03315
28	15	1.00821
28	22	0.990202
28	27	0.860715
28	32	0.959418
28	35	1.03934
28	48	1.00062
28	93	1.05252
28	121	1.06923
28	137	1.45692
28	169	1.10516
28	171	1.12419
29	10	0.928103
29	57	0.97617
29	90	1.19934
29	109	0.960366
29	111	1.01043
29	112	1.10874
29	130	0.950974
29	133	1.165
29	139	1.21294
29	148	1.00119
29	149	0.998685
29	152	0.984399
29	157	0.994748
29	160	0.996772
30	2	1.15601
30	7	1.03679
30	42	1.02853
30	59	0.993483
30	63	0.980213
30	73	1.12545
30	79	1.10153
30	85	1.14974
30	92	1.12304
30	99	1.09941
30	133	0.873594
30	161	0.894955
30	165	0.9332
30	178	1.12179
31	87	0.982275
31	109	0.972403
31	117	0.996313
31	130	0.963012
31	135	1.23973
31	136	1.00823
31	147	0.976526
31	153	0.990267
31	157	1.00679
31	160	1.00881
31	168	1.21018
31	171	1.10034
31	176	1.15005
31	179	0.897823
32	4	0.903205
32	8	0.898412
32	12	1.03309
32	15	1.00815
32	22	0.990143
32	27	0.860656
32	28	0.959418
32	35	1.03929
32	48	1.00057
32	74	1.10574
32	142	1.2125
32	161	1.19087
32	169	1.1051
32	175	1.19761
33	6	1.15754
33	18	1.11025
33	39	1.04012
33	42	1.02653
33	63	0.978218
33	73	1.12345
33	85	1.14774
33	90	0.890865
33	92	1.12105
33	99	1.09742
33	161	0.877882
33	162	1.1703
33	172	0.802467
33	174	1.07499
34	50	0.926797
34	60	0.93957
34	70	0.877172
34	104	0.963396
34	126	0.99862
34	139	1.00245
34	154	1.03726
34	165	1.00284
34	170	0.964683
34	171	0.995015
34	174	0.949219
34	175	1.00773
34	176	0.952394
34	180	0.890414
35	4	0.983132
35	8	0.978339
35	12	1.11301
35	14	1.06883
35	22	1.07007
35	27	0.940583
35	28	1.03934
35	32	1.03929
35	47	0.803286
35	48	1.08049
35	159	0.951895
35	166	1.03527
35	169	1.18503
35	175	0.895747
35	180	1.43762
36	1	1.00782
36	11	0.964619
36	23	0.920856
36	25	0.9216
36	56	0.940483
36	60	0.919897
36	62	1.00557
36	70	0.970654
36	80	0.947743
36	102	1.07552
36	138	0.942203
36	143	1.17096
36	163	1.34594
36	175	0.965919
36	178	1.40029
37	39	0.973845
37	79	1.03326
37	85	1.08147
37	92	1.05478
37	99	1.03115
37	115	1.04427
37	121	0.802918
37	127	1.10926
37	148	1.04665
37	151	0.889342
37	152	1.02986
37	160	1.04223
37	168	0.967712
37	169	1.161
37	180	1.3517
38	10	0.894582
38	50	0.971469
38	87	0.936717
38	91	1.25678
38	104	0.9535
38	107	0.984031
38	115	0.965286
38	120	0.986527
38	130	0.917453
38	140	1.2477
38	148	0.967672
38	149	0.965164
38	158	0.98667
38	160	0.963251
38	180	1.48231
39	6	0.993959
39	18	0.946673
39	33	1.04012
39	37	0.973845
39	63	0.814641
39	71	1.13676
39	73	0.959876
39	79	0.935956
39	85	0.984166
39	92	0.957473
39	99	0.933843
39	132	0.959073
39	163	1.24657
39	174	1.27119
39	177	1.34933
40	3	1.06842
40	57	1.01705
40	65	0.867951
40	96	0.962659
40	98	1.03483
40	106	1.00118
40	122	1.08695
40	144	0.939247
40	149	1.03956
40	152	1.02528
40	157	1.03563
40	160	1.03765
40	164	1.18341
40	169	1.15642
40	176	1.1715
41	18	1.06014
41	77	1.0067
41	87	1.08846
41	93	0.963334
41	141	0.968934
41	145	0.974586
41	164	0.968755
41	165	0.998967
41	167	0.952838
41	170	0.960813
41	171	0.991145
41	174	0.94535
41	177	0.924686
41	178	0.936198
41	180	0.886544
42	2	0.976861
42	7	0.857639
42	13	0.975329
42	19	0.960489
42	30	1.02853
42	33	1.02653
42	73	0.946294
42	79	0.922374
42	85	0.970584
42	92	0.943891
42	99	0.920261
42	126	1.20342
42	132	0.945491
42	162	1.44396
42	176	1.25603
43	50	0.952284
43	64	1.34795
43	87	0.917532
43	109	0.90766
43	111	0.957729
43	122	0.993363
43	126	1.05777
43	148	0.948488
43	149	0.94598
43	152	0.931694
43	157	0.942043
43	160	0.944067
43	169	1.06283
43	176	1.11039
43	179	1.4904
44	24	0.843056
44	58	0.92286
44	66	1.03863
44	69	0.965523
44	72	0.981549
44	97	0.965341
44	103	0.94271
44	108	0.930639
44	128	1.2701
44	139	1.06911
44	151	1.12879
44	158	0.985112
44	168	0.927231
44	172	1.00489
44	179	1.52704
45	46	0.965746
45	58	0.921474
45	83	0.955025
45	89	0.994279
45	97	0.963955
45	103	0.941324
45	106	0.92383
45	108	0.929253
45	141	1.27895
45	151	1.20594
45	158	0.983725
45	161	1.11968
45	168	0.925844
45	172	1.0035
45	177	1.39493
46	45	0.965746
46	53	0.992692
46	66	1.09569
46	82	0.956093
46	84	1.00354
46	89	1.05273
46	97	1.0224
46	103	0.999771
46	108	0.9877
46	143	1.11959
46	150	1.00056
46	154	1.02392
46	158	1.04217
46	168	0.984291
46	172	1.06195
46	174	1.3192
47	11	0.977667
47	35	0.803286
47	51	1.01445
47	70	0.904907
47	111	0.861195
47	122	0.878814
47	123	1.02661
47	139	1.05885
47	144	1.09882
47	145	1.07041
47	147	1.02073
47	153	1.03447
47	166	1.0241
47	173	0.965744
47	179	0.942024
47	180	0.946806
48	4	0.944412
48	8	0.939619
48	12	1.07429
48	14	1.03011
48	15	1.04935
48	22	1.03135
48	27	0.901863
48	28	1.00062
48	32	1.00057
48	35	1.08049
48	116	1.66681
48	144	0.759509
48	147	0.517947
48	151	0.973522
48	169	1.14631
48	173	1.25701
49	20	1.23653
49	26	0.862551
49	54	0.964097
49	61	1.26277
49	112	0.990711
49	120	0.923371
49	135	0.90392
49	144	0.98601
49	153	1.19837
49	154	0.980839
49	164	0.916206
49	167	0.900289
49	171	0.938596
49	172	0.983394
49	178	0.88365
49	180	0.833995
50	34	0.926797
50	38	0.971469
50	43	0.952284
50	59	1
50	87	0.994996
50	107	1.04231
50	114	0.931076
50	125	1.12055
50	142	1.06188
50	148	1.02595
50	149	1.02344
50	152	1.00916
50	157	1.01951
50	160	1.02153
50	167	1.25218
50	169	1.14029
51	2	1.10697
51	47	1.01445
51	53	1.07451
51	78	1.17945
51	141	0.950939
51	151	0.969469
51	155	0.970405
51	157	1.08023
51	162	0.910173
51	164	0.95076
51	167	0.934843
51	170	0.942818
51	177	0.906691
51	178	0.918204
51	179	0.863768
51	180	0.868549
52	5	1.08188
52	87	0.949919
52	91	0.9599
52	117	0.958638
52	128	0.989912
52	141	1.01604
52	144	1.08566
52	149	0.941779
52	162	0.975273
52	167	0.999944
52	168	1.00539
52	169	0.665658
52	172	1.08305
52	173	0.952588
52	177	0.971792
52	179	0.928868
52	180	0.933649
53	26	1.07445
53	46	0.992692
53	51	1.07451
53	58	0.94842
53	69	0.991083
53	89	1.02123
53	97	0.990901
53	103	0.96827
53	108	0.956199
53	121	0.928449
53	150	0.969055
53	158	1.01067
53	167	1.14054
53	168	0.95279
53	171	0.983401
53	172	1.03045
53	180	1.47723
54	2	0.932847
54	49	0.964097
54	77	0.882775
54	90	1.01198
54	127	0.99443
54	134	0.950595
54	148	1.02728
54	150	0.820676
54	151	1.03192
54	161	1.05352
54	163	0.978929
54	168	1.00275
54	174	0.98981
54	176	0.992985
54	177	0.969147
54	178	0.980659
54	180	0.931005
55	79	0.915866
55	119	1.04298
55	126	1.03054
55	130	1.06494
55	131	0.768616
55	133	1.0308
55	134	0.916893
55	145	0.816957
55	156	0.984935
55	163	0.970261
55	170	0.996606
55	171	1.02694
55	174	0.981143
55	176	0.984317
55	177	0.960479
55	178	0.971992
55	180	0.922337
56	1	1.052
56	20	1.00136
56	23	0.965038
56	25	0.965782
56	36	0.940483
56	60	0.964079
56	61	0.966128
56	62	1.04976
56	70	1.01484
56	74	0.902172
56	80	0.991925
56	138	0.986385
56	172	0.911884
56	174	1.18441
56	175	1.0101
56	177	1.26255
56	179	1.47181
57	29	0.97617
57	40	1.01705
57	98	0.989886
57	111	1.00637
57	115	0.994745
57	130	0.946913
57	148	0.997132
57	149	0.994624
57	152	0.980338
57	157	0.990687
57	158	1.01613
57	160	0.992711
57	162	1.20529
57	170	1.03481
57	172	0.837453
57	177	1.18812
57	180	1.46148
58	44	0.92286
58	45	0.921474
58	53	0.94842
58	66	1.05142
58	72	0.994338
58	83	0.969199
58	89	1.00845
58	103	0.955499
58	106	0.938005
58	108	0.943428
58	126	1.15651
58	129	1.25671
58	158	0.9979
58	161	1.10462
58	168	0.940019
58	172	1.01767
58	174	1.30173
58	176	1.20912
59	1	0.725647
59	5	1.22323
59	30	0.993483
59	50	1
59	67	1.16797
59	85	1.03518
59	132	1.00593
59	139	0.997618
59	148	0.996204
59	149	0.993696
59	152	0.97941
59	154	1.03242
59	160	0.991783
59	162	0.927201
59	173	0.904516
59	176	0.947557
59	178	0.935232
59	180	0.885577
60	11	0.988215
60	20	0.980774
60	23	0.944451
60	25	0.945195
60	34	0.93957
60	36	0.919897
60	56	0.964079
60	61	0.945541
60	62	1.02917
60	64	1.39509
60	70	0.994249
60	78	0.968493
60	80	0.971338
60	138	0.965798
60	143	1.05053
60	172	0.977609
60	175	0.989514
60	179	1.53753
61	11	0.990264
61	49	1.26277
61	56	0.966128
61	60	0.945541
61	80	0.973387
61	90	1.02435
61	94	1.22173
61	110	0.992312
61	127	1.31754
61	134	0.997073
61	138	0.967848
61	145	0.997851
61	146	0.999172
61	147	0.948169
61	153	0.96191
61	165	1.04961
61	175	0.991564
61	179	0.869465
62	11	1.07389
62	16	1.00297
62	20	1.06645
62	23	1.03013
62	25	1.03087
62	36	1.00557
62	56	1.04976
62	60	1.02917
62	70	1.07993
62	78	1.05417
62	80	1.05702
62	116	1.44108
62	125	0.741825
62	138	1.05148
62	168	0.826159
62	174	0.858636
62	175	1.07519
62	179	1.14604
63	2	0.928545
63	6	0.932061
63	7	0.809323
63	18	0.884775
63	19	0.912173
63	30	0.980213
63	33	0.978218
63	39	0.814641
63	73	0.897978
63	79	0.874058
63	85	0.922268
63	92	0.895575
63	99	0.871945
63	100	1.74875
63	132	0.897175
63	163	1.33325
63	177	1.43601
63	178	1.38759
64	43	1.34795
64	60	1.39509
64	97	1.18729
64	113	0.801268
64	128	0.894639
64	139	0.950417
64	142	0.953991
64	145	1.22094
64	155	0.940232
64	162	0.88
64	164	0.920587
64	170	0.912646
64	172	0.987775
64	173	0.857315
64	176	0.900356
64	177	0.876518
64	178	0.888031
64	180	0.838376
65	17	0.968995
65	40	0.867951
65	83	0.822667
65	90	1.08061
65	101	0.634261
65	111	0.747865
65	113	0.962526
65	129	1.04551
65	148	0.856454
65	156	1.06223
65	163	1.04756
65	164	1.08184
65	167	1.06593
65	170	1.0739
65	171	1.10423
65	173	1.01857
65	176	1.06161
65	180	0.999634
66	44	1.03863
66	46	1.09569
66	58	1.05142
66	69	1.09408
66	83	1.08497
66	97	1.0939
66	103	1.07127
66	112	0.695546
66	127	1.07934
66	150	1.07205
66	158	1.11367
66	162	1.06559
66	167	0.985094
66	168	1.05579
66	172	1.13344
66	173	1.14292
66	176	0.877665
67	59	1.16797
67	77	0.95119
67	105	1.0105
67	110	0.969462
67	124	0.934167
67	131	0.953267
67	134	0.974223
67	135	1.26363
67	136	0.957027
67	137	1.45696
67	143	0.951792
67	145	0.975001
67	146	0.976321
67	147	0.925318
67	153	0.939059
67	159	0.937968
67	164	1.18586
67	171	1.12423
67	179	0.846615
68	3	1.04567
68	76	1.0024
68	95	0.958191
68	98	1.01207
68	109	0.97849
68	111	1.02856
68	144	0.939524
68	148	1.01932
68	149	1.01681
68	150	0.996699
68	152	1.00252
68	157	1.01287
68	158	1.03832
68	160	1.0149
68	163	1.23977
68	169	1.13366
68	170	1.18922
68	171	1.12207
68	172	0.991862
69	13	0.704218
69	26	1.10434
69	44	0.965523
69	53	0.991083
69	66	1.09408
69	83	1.01186
69	89	1.05112
69	97	1.02079
69	103	0.998161
69	108	0.98609
69	150	0.998946
69	158	1.04056
69	166	1.0267
69	168	0.982681
69	171	0.935213
69	172	1.06034
69	174	1.07753
69	177	1.15567
69	180	1.42904
70	1	1.08217
70	11	1.03897
70	20	1.03153
70	23	0.995208
70	25	0.995953
70	34	0.877172
70	36	0.970654
70	47	0.904907
70	56	1.01484
70	60	0.994249
70	62	1.07993
70	78	1.01925
70	80	1.0221
70	133	0.969265
70	138	1.01656
70	159	1.05352
70	172	0.91521
70	175	1.04027
70	179	1.47513
71	16	0.924263
71	39	1.13676
71	91	0.919594
71	100	0.888048
71	102	1.01382
71	105	0.91006
71	125	1.00931
71	132	1.03699
71	140	0.928371
71	144	1.04536
71	147	1.13395
71	152	1.00099
71	163	0.941267
71	166	0.970638
71	167	0.959637
71	170	0.967613
71	173	0.912282
71	177	0.931485
71	180	0.893343
72	24	0.914534
72	26	1.12037
72	44	0.981549
72	58	0.994338
72	83	1.02789
72	89	1.06714
72	97	1.03682
72	103	1.01419
72	108	1.00212
72	118	1.12971
72	128	1.07995
72	139	0.87895
72	150	1.01497
72	158	1.05659
72	168	0.998708
72	170	0.974319
72	172	1.07636
72	174	1.04948
72	179	1.33688
73	2	1.07378
73	7	0.954558
73	18	1.03001
73	30	1.12545
73	33	1.12345
73	39	0.959876
73	42	0.946294
73	63	0.897978
73	79	1.01929
73	85	1.0675
73	92	1.04081
73	99	1.01718
73	113	1.46598
73	132	1.04241
73	165	0.906003
73	170	0.989702
73	171	0.922545
73	174	1.06486
73	178	1.09459
74	23	0.941706
74	32	1.10574
74	56	0.902172
74	101	1.09353
74	102	1.06207
74	103	0.8079
74	115	0.940202
74	131	1.04347
74	143	1.042
74	145	1.0652
74	146	1.06652
74	153	1.02926
74	161	1.06411
74	169	0.623361
74	173	0.960538
74	176	1.00358
74	178	0.991254
74	179	0.936818
74	180	0.941599
75	9	0.902278
75	21	0.893013
75	100	1.44799
75	104	0.999276
75	115	1.01106
75	122	1.05832
75	130	0.963229
75	138	0.996423
75	148	1.01345
75	150	0.99083
75	152	0.996654
75	156	1.01254
75	157	1.007
75	158	1.03245
75	159	0.922895
75	160	1.00903
75	166	1.00627
75	169	1.12779
75	173	1.22975
75	177	1.13525
76	21	0.8848
76	68	1.0024
76	87	0.97428
76	98	0.99799
76	107	1.02159
76	115	1.00285
76	122	1.05011
76	130	0.955017
76	133	1.0046
76	142	1.0476
76	143	1.02346
76	148	1.00524
76	149	1.00273
76	151	1.11222
76	152	0.988442
76	157	0.998791
76	160	1.00081
76	169	1.11958
76	177	1.30121
76	178	1.2528
77	41	1.0067
77	54	0.882775
77	67	0.95119
77	86	0.983526
77	94	1.12135
77	101	1.05263
77	105	1.0598
77	110	1.01876
77	117	0.994405
77	131	1.00257
77	134	1.02352
77	135	1.10518
77	136	1.00633
77	145	1.0243
77	146	1.02562
77	147	0.974618
77	153	0.988359
77	161	0.910995
77	179	0.895915
77	180	1.45961
78	1	1.05641
78	20	1.00578
78	51	1.17945
78	60	0.968493
78	62	1.05417
78	70	1.01925
78	80	0.996339
78	91	1.35664
78	117	0.990907
78	119	0.977583
78	120	1.08639
78	136	1.00283
78	139	1.06013
78	145	1.0208
78	146	1.02212
78	147	0.97112
78	153	0.984861
78	154	0.935387
78	175	1.01452
78	179	0.892417
79	2	1.04986
79	6	1.05338
79	7	0.930639
79	18	1.00609
79	30	1.10153
79	37	1.03326
79	39	0.935956
79	42	0.922374
79	55	0.915866
79	63	0.874058
79	73	1.01929
79	85	1.04358
79	92	1.01689
79	99	0.99326
79	121	0.977623
79	132	1.01849
79	156	1.13032
79	172	0.902373
79	174	1.17489
79	180	1.5264
80	1	1.05926
80	11	1.01606
80	20	1.00862
80	23	0.972297
80	25	0.973041
80	36	0.947743
80	56	0.991925
80	60	0.971338
80	61	0.973387
80	62	1.05702
80	70	1.0221
80	78	0.996339
80	82	0.878084
80	138	0.993644
80	139	1.07066
80	159	1.10697
80	166	1.19035
80	172	0.968666
80	175	1.01736
80	179	1.52859
81	98	1.00586
81	111	1.02234
81	124	0.985246
81	132	1.02283
81	136	1.00811
81	145	1.02608
81	146	1.0274
81	147	0.976398
81	148	1.0131
81	149	1.01059
81	153	0.990139
81	157	1.00666
81	160	1.00868
81	166	1.09112
81	167	1.15677
81	170	1.06679
81	176	1.04935
81	177	1.2201
81	178	1.17168
81	179	0.897695
82	9	1.23279
82	11	0.897388
82	46	0.956093
82	80	0.878084
82	108	0.976352
82	129	0.974847
82	137	0.943253
82	141	1.01136
82	144	1.08099
82	158	0.813346
82	167	0.995267
82	170	1.00324
82	171	1.03357
82	172	1.07837
82	173	0.947912
82	174	0.987779
82	175	1.04629
82	176	0.990953
82	178	0.978628
82	180	0.928973
83	24	0.889395
83	45	0.955025
83	58	0.969199
83	65	0.822667
83	66	1.08497
83	69	1.01186
83	72	1.02789
83	89	1.042
83	97	1.01168
83	103	0.989049
83	108	0.976978
83	112	0.944093
83	118	1.29905
83	150	0.989834
83	154	0.923545
83	158	1.03145
83	168	0.973569
83	172	1.05123
83	176	1.12621
83	179	1.50622
84	46	1.00354
84	85	0.8181
84	92	0.872026
84	116	0.927543
84	127	1.00852
84	138	0.908674
84	140	0.980126
84	148	0.93695
84	153	0.828424
84	163	0.993022
84	164	1.02731
84	165	1.05752
84	166	1.02239
84	170	1.01937
84	171	1.0497
84	173	0.964036
84	174	1.0039
84	176	1.00708
84	178	0.994752
84	180	0.945098
85	2	1.09807
85	7	0.978848
85	19	1.0817
85	30	1.14974
85	33	1.14774
85	37	1.08147
85	39	0.984166
85	42	0.970584
85	59	1.03518
85	63	0.922268
85	73	1.0675
85	79	1.04358
85	84	0.8181
85	92	1.0651
85	99	1.04147
85	126	0.988537
85	132	1.0667
85	164	1.05306
85	168	1.10128
85	171	0.99144
85	175	0.943396
86	77	0.983526
86	101	1.03567
86	110	1.0018
86	117	0.977442
86	118	1.34518
86	123	0.963533
86	124	0.966503
86	131	0.985604
86	134	1.00656
86	136	0.989363
86	145	1.00734
86	146	1.00866
86	147	0.957655
86	153	0.971396
86	155	1.15073
86	159	0.970305
86	161	1.06785
86	163	1.24034
86	175	1.07459
86	176	1.17234
86	179	0.878951
87	31	0.982275
87	38	0.936717
87	41	1.08846
87	43	0.917532
87	50	0.994996
87	52	0.949919
87	76	0.97428
87	107	1.00756
87	109	0.950372
87	122	1.03607
87	132	1.00093
87	138	0.974174
87	148	0.9912
87	149	0.988692
87	152	0.974406
87	157	0.984755
87	160	0.986779
87	162	1.28517
87	163	1.16524
87	164	1.10916
87	167	1.20468
88	6	1.02359
88	101	0.884172
88	118	0.954753
88	128	0.976306
88	136	1.0305
88	137	0.934323
88	139	1.03208
88	141	1.00243
88	142	1.03566
88	146	0.946956
88	156	0.982641
88	158	1.03021
88	166	0.997338
88	167	0.986337
88	169	0.759351
88	171	1.02464
88	173	0.938982
88	174	0.978849
88	176	0.982023
88	177	0.958185
88	180	0.920043
89	24	0.92865
89	45	0.994279
89	46	1.05273
89	53	1.02123
89	58	1.00845
89	69	1.05112
89	72	1.06714
89	83	1.042
89	97	1.05093
89	103	1.0283
89	106	1.01081
89	108	1.01623
89	119	0.913858
89	150	1.02909
89	156	1.12237
89	162	1.26225
89	164	1.08624
89	168	1.01282
89	170	1.09178
89	171	1.02462
89	172	1.09048
89	175	0.976576
90	29	1.19934
90	33	0.890865
90	54	1.01198
90	61	1.02435
90	65	1.08061
90	114	1.02997
90	118	0.916593
90	124	1.00844
90	127	0.945308
90	138	1.04021
90	147	1.08426
90	156	0.944481
90	159	0.968455
90	163	0.929807
90	165	0.994306
90	166	0.959178
90	170	0.956152
90	172	1.03128
90	173	0.900821
90	177	0.920025
90	178	0.931537
90	180	0.881883
91	12	1.20266
91	38	1.25678
91	52	0.9599
91	71	0.919594
91	78	1.35664
91	112	0.983869
91	124	1.31854
91	128	0.883416
91	133	0.935619
91	137	0.841434
91	139	0.939195
91	146	1.21918
91	155	0.92901
91	159	0.913726
91	162	0.868778
91	163	0.875078
91	171	0.931755
91	174	0.885959
91	175	0.944471
91	176	0.889134
91	178	0.876808
91	180	0.827154
92	2	1.07138
92	6	1.07489
92	7	0.952155
92	18	1.02761
92	30	1.12304
92	33	1.12105
92	37	1.05478
92	39	0.957473
92	42	0.943891
92	63	0.895575
92	73	1.04081
92	79	1.01689
92	84	0.872026
92	85	1.0651
92	99	1.01478
92	119	0.934604
92	132	1.04001
92	139	1.01715
92	151	1.07684
92	159	1.05347
92	167	1.2025
92	174	1.18768
93	28	1.05252
93	41	0.963334
93	96	1.00783
93	109	1.1051
93	112	1.03441
93	114	1.02578
93	122	0.947653
93	125	0.993656
93	132	0.957439
93	140	0.912721
93	142	0.993308
93	146	0.879215
93	148	1.03862
93	154	1.02454
93	165	0.990116
93	167	0.943987
93	171	0.982294
93	176	0.939673
93	177	0.915835
93	178	0.927348
93	179	0.872912
93	180	0.877693
94	61	1.22173
94	77	1.12135
94	124	1.20582
94	129	0.909844
94	134	1.18917
94	135	0.933895
94	140	0.898998
94	149	1.19497
94	154	1.01081
94	161	0.986482
94	162	0.905594
94	163	0.911894
94	164	0.946181
94	167	0.930264
94	173	0.882909
94	174	0.922776
94	176	0.92595
94	177	0.902112
94	178	0.913625
94	179	0.859189
94	180	0.86397
95	68	0.958191
95	109	1.0129
95	112	1.09246
95	127	0.999168
95	131	0.721452
95	133	1.04421
95	134	0.869729
95	135	1.00567
95	146	0.787008
95	147	0.962195
95	155	1.0376
95	156	0.998341
95	158	0.870257
95	161	1.05825
95	166	1.01304
95	167	1.00204
95	170	1.01001
95	173	0.954681
95	174	0.994548
95	176	0.997723
95	177	0.973885
95	178	0.985397
95	180	0.935743
96	13	1.07463
96	22	0.972081
96	40	0.962659
96	93	1.00783
96	99	0.905656
96	103	0.788686
96	115	0.920989
96	135	1.00097
96	144	1.08306
96	149	0.880268
96	151	1.03196
96	152	0.833975
96	154	1.07788
96	163	0.978965
96	165	1.04346
96	166	1.00834
96	170	1.00531
96	174	0.989846
96	176	0.993021
96	177	0.969183
96	178	0.980695
96	179	0.926259
96	180	0.931041
97	24	0.898326
97	44	0.965341
97	45	0.963955
97	46	1.0224
97	53	0.990901
97	64	1.18729
97	66	1.0939
97	69	1.02079
97	72	1.03682
97	83	1.01168
97	89	1.05093
97	103	0.997979
97	106	0.980486
97	108	0.985909
97	125	0.92552
97	127	1.1514
97	158	1.04038
97	162	1.13765
97	164	0.961634
97	165	0.88347
97	168	0.9825
97	172	1.06016
97	180	1.39384
98	9	0.903739
98	40	1.03483
98	57	0.989886
98	68	1.01207
98	76	0.99799
98	81	1.00586
98	106	0.974013
98	107	1.03127
98	111	1.02415
98	115	1.01252
98	121	1.00637
98	129	1.15862
98	130	0.96469
98	132	1.02464
98	150	0.992291
98	152	0.998115
98	155	1.08942
98	157	1.00846
98	159	1.06943
98	167	1.21846
98	169	1.12925
98	170	1.12848
98	176	1.11103
99	2	1.04775
99	6	1.05126
99	7	0.928525
99	13	0.83379
99	18	1.00398
99	19	1.03137
99	30	1.09941
99	33	1.09742
99	37	1.03115
99	39	0.933843
99	42	0.920261
99	63	0.871945
99	73	1.01718
99	79	0.99326
99	85	1.04147
99	92	1.01478
99	96	0.905656
99	132	1.01638
99	155	1.09288
99	167	1.22192
99	168	1.17463
99	175	1.01674
99	177	1.28524
100	63	1.74875
100	71	0.888048
100	75	1.44799
100	102	0.916081
100	125	0.91157
100	126	0.903814
100	131	1.41853
100	139	0.907649
100	150	1.43689
100	151	0.896528
100	161	0.91812
100	162	0.837232
100	167	0.861902
100	170	0.869877
100	173	0.814546
100	174	0.854414
100	176	0.857588
100	177	0.83375
100	178	0.845262
100	179	0.790826
100	180	0.795608
101	19	1.08819
101	65	0.634261
101	74	1.09353
101	77	1.05263
101	86	1.03567
101	88	0.884172
101	116	1.61286
101	117	1.04655
101	124	1.03561
101	131	1.05471
101	134	1.07566
101	136	1.05847
101	142	0.854943
101	143	1.05323
101	145	1.07644
101	146	1.07776
101	147	1.02676
101	153	1.0405
101	159	1.03941
101	166	0.97958
101	167	1.04524
101	168	0.99794
101	176	0.937807
101	179	0.948057
102	11	0.965448
102	18	0.866493
102	36	1.07552
102	71	1.01382
102	74	1.06207
102	100	0.916081
102	118	0.956085
102	120	1.01075
102	123	1.01277
102	130	1.02892
102	132	0.876382
102	136	0.881703
102	140	0.956403
102	142	1.03699
102	156	0.983974
102	159	1.00795
102	163	0.969299
102	165	1.0338
102	166	0.99867
102	171	1.02598
102	174	0.980181
102	177	0.959518
102	178	0.97103
102	180	0.921375
103	16	1.23446
103	24	0.875695
103	26	1.08153
103	44	0.94271
103	45	0.941324
103	46	0.999771
103	53	0.96827
103	58	0.955499
103	66	1.07127
103	69	0.998161
103	72	1.01419
103	74	0.8079
103	83	0.989049
103	89	1.0283
103	96	0.788686
103	97	0.997979
103	108	0.963278
103	116	1.67258
103	150	0.976134
103	155	0.975911
103	168	0.959869
103	171	0.947815
103	172	1.03752
103	173	1.26278
104	34	0.963396
104	38	0.9535
104	75	0.999276
104	105	1.05646
104	113	0.860248
104	117	0.991065
104	119	1.02088
104	123	0.977156
104	130	0.957764
104	132	1.01771
104	136	1.00299
104	146	1.02228
104	147	0.971278
104	150	0.985364
104	153	0.985019
104	157	1.00154
104	160	1.00356
104	161	1.07685
104	164	1.19326
104	166	1.22312
104	169	1.12232
104	170	1.19879
104	174	1.27396
104	179	0.892575
105	67	1.0105
105	71	0.91006
105	77	1.0598
105	104	1.05646
105	110	1.07807
105	113	1.44561
105	117	1.05371
105	123	1.03981
105	124	1.04278
105	131	1.06188
105	134	1.08283
105	136	1.06564
105	142	0.86902
105	145	1.08361
105	146	1.08493
105	147	1.03393
105	153	1.04767
105	159	1.04658
105	161	0.847387
105	167	1.05931
105	170	0.969332
105	175	0.854131
105	177	1.12263
105	179	0.955225
106	26	1.06404
106	40	1.00118
106	45	0.92383
106	58	0.938005
106	89	1.01081
106	97	0.980486
106	98	0.974013
106	108	0.945784
106	109	0.940431
106	122	1.02613
106	128	1.17253
106	139	0.971532
106	143	0.942458
106	148	0.981258
106	149	0.97875
106	156	1.09749
106	158	1.00026
106	160	0.976837
106	168	0.942375
106	169	1.0956
106	172	1.02003
106	173	1.3147
106	174	1.14206
106	179	1.42946
107	3	1.06486
107	9	0.927343
107	10	0.965424
107	38	0.984031
107	50	1.04231
107	76	1.02159
107	87	1.00756
107	98	1.03127
107	109	0.997687
107	122	1.08339
107	126	0.978282
107	137	1.31391
107	139	0.952973
107	148	1.03851
107	149	1.03601
107	152	1.02172
107	157	1.03207
107	158	1.05751
107	159	0.989288
107	160	1.03409
107	164	1.04281
107	168	1.09103
107	169	1.15286
107	171	0.981185
107	178	1.15323
108	24	0.863624
108	26	1.06946
108	44	0.930639
108	45	0.929253
108	46	0.9877
108	53	0.956199
108	58	0.943428
108	69	0.98609
108	72	1.00212
108	82	0.976352
108	83	0.976978
108	89	1.01623
108	97	0.985909
108	103	0.963278
108	106	0.945784
108	144	1.0146
108	150	0.964063
108	154	1.04418
108	158	1.00568
108	165	1.18059
108	168	0.947798
108	172	1.02545
108	175	1.14909
108	176	1.24685
108	179	1.62686
109	21	0.860892
109	29	0.960366
109	31	0.972403
109	43	0.90766
109	68	0.97849
109	87	0.950372
109	93	1.1051
109	95	1.0129
109	106	0.940431
109	107	0.997687
109	111	0.990569
109	114	1.01281
109	122	1.0262
109	129	1.27407
109	138	0.964302
109	139	1.14856
109	149	0.97882
109	150	0.958709
109	152	0.964534
109	157	0.974883
109	158	1.00033
109	160	0.976907
109	169	1.09567
109	170	1.24393
109	174	1.31909
110	61	0.992312
110	67	0.969462
110	77	1.01876
110	86	1.0018
110	105	1.07807
110	112	0.877914
110	117	1.01268
110	121	1.03773
110	123	0.998768
110	124	1.00174
110	131	1.02084
110	134	1.04179
110	135	1.14972
110	136	1.0246
110	137	1.34305
110	145	1.04257
110	146	1.04389
110	147	0.99289
110	153	1.00663
110	154	0.857366
110	159	1.00554
110	163	1.12803
110	166	1.10181
110	171	1.01032
110	173	1.32528
110	179	0.914187
111	9	0.920226
111	21	0.910961
111	29	1.01043
111	43	0.957729
111	47	0.861195
111	57	1.00637
111	65	0.747865
111	68	1.02856
111	81	1.02234
111	98	1.02415
111	109	0.990569
111	115	1.02901
111	130	0.981178
111	141	1.10618
111	148	1.0314
111	149	1.02889
111	150	1.00878
111	157	1.02495
111	158	1.05039
111	159	1.0098
111	160	1.02698
111	167	1.15884
111	169	1.14574
111	175	0.953657
111	177	1.22216
111	180	1.49553
112	16	0.988538
112	27	1.37846
112	29	1.10874
112	49	0.990711
112	66	0.695546
112	83	0.944093
112	91	0.983869
112	93	1.03441
112	95	1.09246
112	110	0.877914
112	116	0.940063
112	122	0.88691
112	126	1.06582
112	137	0.971899
112	142	1.07323
112	156	1.02022
112	158	0.901721
112	162	0.999242
112	165	1.07004
112	169	0.630866
112	173	0.976557
112	174	1.01642
112	176	1.0196
112	177	0.995761
112	178	1.00727
112	180	0.957618
113	25	1.61121
113	64	0.801268
113	65	0.962526
113	73	1.46598
113	104	0.860248
113	105	1.44561
113	117	1.5997
113	122	0.919296
113	131	1.42877
113	133	0.872261
113	138	0.857396
113	139	0.875836
113	144	0.91581
113	148	0.874421
113	149	0.871913
113	155	0.865651
113	157	0.867976
113	158	0.893419
113	160	0.87
113	162	0.805419
113	169	0.988764
113	170	0.838064
113	175	0.881112
113	177	0.801937
113	178	0.813449
113	180	0.763795
114	10	1.09804
114	17	1.05887
114	25	0.903803
114	50	0.931076
114	90	1.02997
114	93	1.02578
114	109	1.01281
114	134	0.86964
114	135	1.01892
114	137	0.963274
114	145	0.769704
114	146	0.786919
114	151	1.04991
114	165	1.06142
114	166	1.02629
114	167	1.01529
114	170	1.02326
114	171	1.05359
114	173	0.967932
114	174	1.0078
114	175	1.06631
114	176	1.01097
114	177	0.987136
114	178	0.998648
114	179	0.944212
114	180	0.948994
115	21	0.899333
115	37	1.04427
115	38	0.965286
115	57	0.994745
115	74	0.940202
115	75	1.01106
115	76	1.00285
115	96	0.920989
115	98	1.01252
115	111	1.02901
115	119	0.969355
115	130	0.96955
115	132	1.02949
115	143	1.02283
115	144	0.897576
115	148	1.01977
115	149	1.01726
115	150	0.99715
115	152	1.00297
115	157	1.01332
115	158	1.03877
115	160	1.01535
115	161	1.02533
115	169	1.13411
115	178	1.25216
115	179	1.50984
116	1	1.40667
116	48	1.66681
116	62	1.44108
116	84	0.927543
116	101	1.61286
116	103	1.67258
116	112	0.940063
116	129	0.829221
116	133	0.891813
116	139	0.895388
116	141	0.865737
116	144	0.935363
116	155	0.885203
116	156	0.845946
116	161	0.905859
116	164	0.865558
116	165	0.89577
116	167	0.849642
116	170	0.857617
116	171	0.887948
116	173	0.802286
116	174	0.842153
116	176	0.845327
116	177	0.82149
116	178	0.833002
116	180	0.783347
117	31	0.996313
117	52	0.958638
117	77	0.994405
117	78	0.990907
117	86	0.977442
117	101	1.04655
117	104	0.991065
117	105	1.05371
117	110	1.01268
117	113	1.5997
117	123	0.974412
117	124	0.977382
117	128	1.22904
117	131	0.996483
117	134	1.01744
117	136	1.00024
117	143	0.995007
117	145	1.01822
117	146	1.01954
117	147	0.968533
117	153	0.982274
117	155	1.08435
117	161	1.00147
117	165	1.03971
117	172	0.926054
117	175	1.00821
117	179	0.88983
118	72	1.12971
118	83	1.29905
118	86	1.34518
118	88	0.954753
118	90	0.916593
118	102	0.956085
118	120	0.924988
118	121	0.954374
118	126	0.943819
118	127	0.899038
118	134	1.25615
118	140	0.87064
118	144	0.987628
118	145	1.15622
118	151	0.936533
118	155	0.937468
118	160	1.24329
118	162	0.877236
118	165	0.948035
118	166	0.912907
118	173	0.854551
118	174	0.894418
118	176	0.897592
118	177	0.873755
118	179	0.830831
118	180	0.835612
119	8	1.23424
119	55	1.04298
119	78	0.977583
119	89	0.913858
119	92	0.934604
119	104	1.02088
119	115	0.969355
119	128	0.977807
119	136	0.923665
119	140	0.956573
119	151	1.02247
119	155	1.0234
119	157	0.878356
119	161	1.04406
119	162	0.963169
119	165	1.03397
119	166	0.99884
119	167	0.987839
119	170	0.995814
119	171	1.02615
119	172	1.07094
119	173	0.940483
119	174	0.98035
119	176	0.983525
119	177	0.959687
119	178	0.971199
119	180	0.921545
120	2	1.0139
120	25	1.06581
120	38	0.986527
120	49	0.923371
120	78	1.08639
120	102	1.01075
120	118	0.924988
120	125	1.00624
120	127	0.953704
120	129	0.936152
120	130	1.17969
120	141	0.972668
120	142	1.00589
120	147	1.12411
120	152	0.991147
120	164	0.972489
120	165	1.0027
120	166	0.967573
120	168	0.962022
120	171	0.994879
120	173	0.909217
120	174	0.949084
120	176	0.952258
120	177	0.928421
120	178	0.939933
120	180	0.890278
121	28	1.06923
121	37	0.802918
121	53	0.928449
121	79	0.977623
121	98	1.00637
121	110	1.03773
121	118	0.954374
121	123	0.999464
121	131	1.02154
121	134	1.04249
121	136	1.02529
121	138	1.02706
121	145	1.04327
121	147	0.993586
121	153	1.00733
121	154	1.06651
121	155	1.02152
121	157	0.934166
121	158	0.979178
121	171	1.02427
121	173	0.938603
121	174	0.97847
121	176	0.981644
121	177	0.957806
121	178	0.969319
121	179	0.914883
121	180	0.919664
122	9	0.955859
122	21	0.946594
122	40	1.08695
122	43	0.993363
122	47	0.878814
122	75	1.05832
122	76	1.05011
122	87	1.03607
122	93	0.947653
122	106	1.02613
122	107	1.08339
122	109	1.0262
122	112	0.88691
122	113	0.919296
122	130	1.01681
122	138	1.05
122	142	0.986165
122	148	1.06703
122	149	1.06452
122	150	1.04441
122	152	1.05024
122	154	0.866362
122	157	1.06059
122	160	1.06261
122	163	1.13702
122	164	1.08094
122	168	1.12916
122	177	1.23978
123	5	0.925193
123	17	1.0047
123	47	1.02661
123	86	0.963533
123	102	1.01277
123	104	0.977156
123	105	1.03981
123	110	0.998768
123	117	0.974412
123	121	0.999464
123	124	0.963473
123	125	1.19101
123	131	0.982574
123	134	1.00353
123	136	0.986333
123	137	1.49823
123	142	1.13234
123	143	0.981098
123	144	0.982958
123	145	1.00431
123	146	1.00563
123	147	0.954625
123	151	1.19697
123	153	0.968366
123	159	0.967275
123	172	1.0353
123	176	1.21521
123	179	0.875921
124	5	0.928163
124	17	1.00767
124	67	0.934167
124	81	0.985246
124	86	0.966503
124	90	1.00844
124	91	1.31854
124	94	1.20582
124	101	1.03561
124	105	1.04278
124	110	1.00174
124	117	0.977382
124	123	0.963473
124	131	0.985544
124	134	1.0065
124	136	0.989303
124	140	1.30946
124	143	0.984068
124	145	1.00728
124	146	1.0086
124	147	0.957595
124	153	0.971336
124	156	1.14799
124	159	0.970245
124	164	1.11187
124	172	0.920043
124	175	1.0022
124	179	0.878892
125	25	1.09327
125	50	1.12055
125	62	0.741825
125	71	1.00931
125	93	0.993656
125	97	0.92552
125	100	0.91157
125	120	1.00624
125	123	1.19101
125	128	0.973128
125	131	0.910834
125	139	1.02891
125	140	0.951893
125	141	0.999255
125	143	1.01726
125	153	1.02727
125	154	1.06371
125	156	0.979463
125	157	1.01463
125	163	0.964789
125	164	0.999076
125	165	1.02929
125	170	0.991135
125	173	0.935804
125	177	0.955007
125	178	0.96652
125	179	0.912084
125	180	0.916865
126	15	1.05797
126	34	0.99862
126	42	1.20342
126	43	1.05777
126	55	1.03054
126	58	1.15651
126	85	0.988537
126	100	0.903814
126	107	0.978282
126	112	1.06582
126	118	0.943819
126	129	0.954982
126	137	0.923389
126	142	1.02472
126	143	1.0095
126	146	0.947978
126	161	1.03162
126	162	0.950733
126	166	0.986404
126	169	0.760373
126	170	0.983378
126	171	1.01371
126	172	1.05851
126	173	0.928047
126	174	0.967915
126	176	0.971089
126	177	0.947251
126	180	0.909109
127	10	1.51339
127	14	1.08948
127	37	1.10926
127	54	0.99443
127	61	1.31754
127	66	1.07934
127	84	1.00852
127	90	0.945308
127	95	0.999168
127	97	1.1514
127	118	0.899038
127	120	0.953704
127	128	0.92059
127	133	0.972793
127	137	0.878608
127	141	0.946718
127	161	0.98684
127	162	0.905952
127	163	0.912252
127	164	0.946539
127	166	0.941623
127	169	1.01466
127	171	0.968929
127	173	0.883266
127	177	0.90247
127	178	0.913982
127	179	0.859546
127	180	0.864328
128	44	1.2701
128	52	0.989912
128	64	0.894639
128	72	1.07995
128	88	0.976306
128	91	0.883416
128	106	1.17253
128	117	1.22904
128	119	0.977807
128	125	0.973128
128	127	0.92059
128	139	0.969206
128	141	0.939555
128	142	0.97278
128	151	0.958085
128	153	1.17455
128	155	0.959021
128	157	1.1619
128	166	0.93446
128	169	0.936061
128	171	0.961766
128	173	0.876104
128	174	0.915971
128	175	0.974482
128	176	0.919145
128	177	0.895307
128	179	0.852384
128	180	0.857165
129	4	1.3188
129	6	1.12481
129	8	1.4423
129	58	1.25671
129	65	1.04551
129	82	0.974847
129	94	0.909844
129	98	1.15862
129	109	1.27407
129	116	0.829221
129	120	0.936152
129	126	0.954982
129	150	1.00099
129	151	0.947696
129	155	0.948632
129	156	0.909374
129	162	0.8884
129	163	0.8947
129	164	0.928987
129	165	0.959199
129	166	0.924071
129	167	0.91307
129	168	0.918519
129	170	0.921046
129	174	0.905582
129	175	0.964093
129	177	0.884918
129	178	0.896431
129	180	0.846776
130	10	0.898846
130	29	0.950974
130	31	0.963012
130	38	0.917453
130	55	1.06494
130	57	0.946913
130	75	0.963229
130	76	0.955017
130	98	0.96469
130	102	1.02892
130	104	0.957764
130	111	0.981178
130	115	0.96955
130	120	1.17969
130	122	1.01681
130	138	0.954911
130	143	1.12436
130	144	0.999107
130	148	0.971936
130	149	0.969428
130	150	0.949318
130	152	0.955142
130	156	1.2794
130	157	0.965491
130	158	0.990934
130	160	0.967515
130	164	1.24327
130	169	1.08628
130	177	1.40211
131	5	0.947264
131	55	0.768616
131	67	0.953267
131	74	1.04347
131	77	1.00257
131	86	0.985604
131	95	0.721452
131	100	1.41853
131	101	1.05471
131	105	1.06188
131	110	1.02084
131	113	1.42877
131	117	0.996483
131	121	1.02154
131	123	0.982574
131	124	0.985544
131	125	0.910834
131	134	1.0256
131	136	1.0084
131	143	1.00317
131	145	1.02638
131	146	1.0277
131	147	0.976696
131	153	0.990437
131	159	0.989346
131	166	0.976809
131	175	0.837282
131	178	1.05737
131	179	0.897992
131	180	1.37915
132	6	1.07649
132	7	0.953755
132	18	1.02921
132	39	0.959073
132	42	0.945491
132	59	1.00593
132	63	0.897175
132	71	1.03699
132	73	1.04241
132	79	1.01849
132	81	1.02283
132	85	1.0667
132	87	1.00093
132	92	1.04001
132	93	0.957439
132	98	1.02464
132	99	1.01638
132	102	0.876382
132	104	1.01771
132	115	1.02949
132	144	0.846565
132	148	1.03188
132	149	1.02937
132	152	1.01509
132	155	1.0572
132	160	1.02746
132	166	1.12059
132	168	1.13895
132	169	1.14622
132	172	0.898903
132	176	1.07882
132	179	1.45883
133	15	0.984725
133	17	1.14668
133	21	1.3688
133	29	1.165
133	30	0.873594
133	55	1.0308
133	70	0.969265
133	76	1.0046
133	91	0.935619
133	95	1.04421
133	113	0.872261
133	116	0.891813
133	127	0.972793
133	135	0.979293
133	140	0.944396
133	142	1.02498
133	146	0.874734
133	149	0.963249
133	155	1.01122
133	161	1.03188
133	162	0.950992
133	163	0.957292
133	164	0.991579
133	168	0.981112
133	170	0.983638
133	171	1.01397
133	172	1.05877
133	173	0.928307
133	175	1.02669
133	178	0.959023
133	179	0.904587
133	180	0.909368
134	5	0.96822
134	17	1.04773
134	54	0.950595
134	55	0.916893
134	61	0.997073
134	67	0.974223
134	77	1.02352
134	86	1.00656
134	94	1.18917
134	95	0.869729
134	101	1.07566
134	105	1.08283
134	110	1.04179
134	114	0.86964
134	117	1.01744
134	118	1.25615
134	121	1.04249
134	123	1.00353
134	124	1.0065
134	131	1.0256
134	136	1.02936
134	141	1.13808
134	143	1.02412
134	144	0.851063
134	145	1.04733
134	146	1.04865
134	147	0.997651
134	153	1.01139
134	159	1.0103
134	165	1.01706
134	171	1.0336
134	179	0.918948
135	14	0.977489
135	31	1.23973
135	49	0.90392
135	67	1.26363
135	77	1.10518
135	94	0.933895
135	95	1.00567
135	96	1.00097
135	110	1.14972
135	114	1.01892
135	133	0.979293
135	143	0.971223
135	147	1.26546
135	150	1.04308
135	151	0.971748
135	159	0.9574
135	162	0.912452
135	163	0.918752
135	164	0.953039
135	165	0.983251
135	167	0.937122
135	169	0.902672
