1	10	0.951174
1	24	4.8
1	32	0.839601
1	74	0.902815
1	79	0.886007
1	93	0.913188
1	128	0.661815
1	136	0.906834
1	140	0.898528
1	150	0.91922
1	152	0.757302
1	179	0.761615
2	34	1.37369
2	76	1.03328
2	92	1.13627
2	116	0.898932
2	133	0.853507
2	160	0.80142
2	161	0.799668
2	169	0.796477
2	172	0.790821
2	177	0.752306
2	179	0.761367
2	180	0.734741
3	18	0.861124
3	22	0.851778
3	30	0.817841
3	35	0.812727
3	62	0.820053
3	66	1.66254
3	132	0.76739
3	143	2.2608
3	144	0.806489
3	149	2.02891
3	165	0.68398
3	175	0.783663
4	7	0.929096
4	14	0.827451
4	15	0.952721
4	33	0.894949
4	50	0.84548
4	51	0.926197
4	56	0.926713
4	115	1.11467
4	130	1.49211
4	147	0.928321
4	166	1.62326
4	176	2.16074
5	43	0.971995
5	65	0.907904
5	80	0.850352
5	89	0.885388
5	99	0.906168
5	137	1.60701
5	139	0.868437
5	144	0.897528
5	151	0.913227
5	155	1.171
5	175	1.50258
5	176	2.0895
6	13	0.855919
6	43	0.996295
6	47	0.853387
6	58	0.850211
6	80	0.874652
6	99	0.930468
6	119	1.51701
6	141	1.1095
6	144	0.921828
6	151	0.937527
6	155	1.25999
6	178	2.49124
7	4	0.929096
7	37	0.85056
7	38	0.966841
7	50	0.829817
7	51	0.910534
7	56	0.91105
7	59	0.889367
7	122	1.7154
7	147	0.912658
7	156	0.966745
7	176	1.96707
7	179	1.76716
8	61	0.914805
8	68	0.926857
8	71	0.901997
8	76	0.887613
8	90	0.892854
8	103	0.90459
8	138	1.57995
8	143	1.30178
8	147	0.930715
8	163	0.847005
8	166	1.48012
8	176	2.0176
9	20	0.85757
9	27	1.31817
9	45	0.778525
9	49	0.758217
9	52	0.857604
9	73	0.785139
9	83	0.820119
9	122	0.738813
9	131	0.838305
9	139	0.777525
9	171	2.28823
9	176	2.30543
10	1	0.951174
10	47	0.837898
10	70	0.908464
10	89	0.894198
10	99	0.914978
10	127	1.07602
10	136	0.893567
10	140	0.885261
10	151	0.922038
10	162	2.08176
10	163	1.77426
10	169	1.47354
11	55	0.877811
11	70	0.916958
11	79	0.881234
11	93	0.908415
11	102	0.940759
11	109	1.28732
11	132	0.875733
11	136	0.902061
11	150	0.914447
11	155	1.2561
11	161	1.66832
11	176	2.17459
12	31	0.836913
12	47	0.859404
12	58	0.856229
12	65	0.938221
12	80	0.880669
12	89	0.915705
12	99	0.936485
12	139	0.898755
12	144	0.927846
12	160	1.41485
12	163	1.64475
12	170	2.48924
13	6	0.855919
13	25	1.67596
13	58	0.737244
13	65	0.819237
13	80	0.761685
13	89	0.796721
13	99	0.817501
13	116	1.33841
13	139	0.77977
13	144	0.808861
13	151	0.82456
13	178	2.95306
14	4	0.827451
14	15	0.835413
14	33	0.777642
14	37	0.748916
14	38	0.865196
14	50	0.728173
14	59	0.787722
14	64	0.839246
14	141	1.27074
14	147	0.811014
14	170	2.96248
14	175	1.7528
15	4	0.952721
15	14	0.835413
15	33	0.902911
15	37	0.874185
15	50	0.853442
15	56	0.934675
15	59	0.912992
15	147	0.936283
15	154	1.63327
15	155	1.3064
15	159	1.72833
15	161	1.71863
16	95	1.30641
16	113	0.933352
16	117	0.917798
16	120	0.949012
16	121	0.895252
16	126	0.924542
16	129	0.904869
16	135	0.894239
16	160	1.58528
16	170	0.77458
16	175	1.44999
16	177	2.06762
17	18	0.892252
17	30	0.84897
17	62	0.851182
17	105	0.838296
17	115	1.64979
17	132	0.798518
17	144	0.837617
17	152	2.10511
17	157	1.80853
17	165	0.715109
17	175	0.814792
18	3	0.861124
18	17	0.892252
18	22	0.974695
18	35	0.935644
18	42	1.27478
18	132	0.890306
18	144	0.929406
18	159	1.16032
18	165	0.806897
18	170	2.27964
18	175	0.90658
18	176	1.65689
19	30	0.929345
19	35	0.924231
19	62	0.931557
19	105	0.918671
19	124	1.89594
19	132	0.878893
19	144	0.917992
19	145	1.21462
19	164	1.90833
19	165	0.795484
19	172	1.36766
19	175	0.895167
20	9	0.85757
20	31	1.25663
20	45	0.897635
20	49	0.877326
20	52	0.976713
20	60	0.849357
20	73	0.904248
20	83	0.939228
20	139	0.896634
20	169	1.76374
20	172	1.64972
20	175	1.69927
21	28	0.922046
21	29	0.919029
21	45	0.884953
21	60	0.836676
21	73	0.891567
21	83	0.926547
21	124	1.5983
21	131	0.944733
21	139	0.883953
21	160	1.25485
21	171	1.68928
21	180	1.8677
22	3	0.851778
22	18	0.974695
22	30	0.931412
22	62	0.933624
22	132	0.88096
22	144	0.92006
22	149	0.958017
22	165	0.797551
22	168	2.22238
22	172	1.26926
22	173	1.906
22	175	0.897234
23	41	0.899369
23	85	0.952494
23	113	0.949929
23	114	0.933088
23	115	1.15765
23	120	0.965589
23	123	0.895885
23	124	2.09553
23	134	1.42367
23	159	1.70715
23	162	0.828679
23	170	0.791156
24	1	4.8
24	143	0.691174
24	154	0.67656
24	157	0.725335
24	160	0.673675
24	161	0.671923
24	164	0.61993
24	169	0.668733
24	174	0.601807
24	176	0.614555
24	179	0.633622
24	180	0.606996
25	13	1.67596
25	110	1.23319
25	121	1.08098
25	137	0.849874
25	160	0.846882
25	170	0.751485
25	171	0.793891
25	172	0.836282
25	173	0.786201
25	174	0.775014
25	178	0.764098
25	180	0.780203
26	39	0.858236
26	61	0.895228
26	63	0.814562
26	76	0.868036
26	78	0.854139
26	90	0.873277
26	115	1.22841
26	122	2.02281
26	147	0.911138
26	151	0.90828
26	156	1.27416
26	163	0.827428
26	173	2.27475
27	9	1.31817
27	49	1.45425
27	104	1.2887
27	155	0.895198
27	158	0.830315
27	160	0.822503
27	164	0.768757
27	168	0.737612
27	174	0.750634
27	175	0.839875
27	179	0.782449
27	180	0.755823
28	21	0.922046
28	29	0.889759
28	49	0.835374
28	60	0.807406
28	73	0.862297
28	77	1.48497
28	83	0.897276
28	122	0.81597
28	131	0.915463
28	139	0.854683
28	141	1.44171
28	146	1.79247
28	159	2.01413
29	21	0.919029
29	28	0.889759
29	49	0.832358
29	52	0.931745
29	60	0.804389
29	73	0.85928
29	83	0.89426
29	100	1.10262
29	122	0.812954
29	138	1.67785
29	139	0.851666
29	168	2.43215
29	169	1.59305
30	3	0.817841
30	17	0.84897
30	19	0.929345
30	22	0.931412
30	62	0.899687
30	77	0.99185
30	100	1.0047
30	132	0.847024
30	144	0.886123
30	165	0.763614
30	170	2.64033
30	174	2.11657
30	175	0.863297
31	12	0.836913
31	20	1.25663
31	62	1.1664
31	132	1.1524
31	155	0.972738
31	161	0.898291
31	168	0.815152
31	169	0.8951
31	173	0.839362
31	174	0.828174
31	176	0.840922
31	179	0.859989
31	180	0.833363
32	1	0.839601
32	44	0.782529
32	53	1.65065
32	55	0.757745
32	77	2.14013
32	79	0.761168
32	102	0.820693
32	132	0.755667
32	136	0.781995
32	138	0.749786
32	140	0.773689
32	150	0.794381
32	172	2.52938
33	4	0.894949
33	14	0.777642
33	15	0.902911
33	38	0.932694
33	50	0.795671
33	51	0.876388
33	56	0.876904
33	59	0.85522
33	127	1.10004
33	147	0.878512
33	169	1.49755
33	176	2.02001
33	180	2.18123
34	2	1.37369
34	69	0.808872
34	81	0.813267
34	82	0.807578
34	84	0.741965
34	86	0.741945
34	87	0.788251
34	92	0.788541
34	94	0.788924
34	96	0.835509
34	152	1.69653
34	170	2.91004
34	177	0.700787
35	3	0.812727
35	18	0.935644
35	19	0.924231
35	62	0.894573
35	105	0.881687
35	112	1.74514
35	119	1.55393
35	127	1.29543
35	132	0.841909
35	144	0.881009
35	165	0.7585
35	171	2.19821
35	175	0.858183
36	55	1.09343
36	61	0.639414
36	83	1.07965
36	136	0.785671
36	143	0.917473
36	153	0.911251
36	169	0.895032
36	172	0.889375
36	174	0.828106
36	176	0.840854
36	178	0.817191
36	179	0.859921
36	180	0.833295
37	7	0.85056
37	14	0.748916
37	15	0.874185
37	38	0.903968
37	50	0.766945
37	51	0.847662
37	56	0.848178
37	59	0.826494
37	64	0.878018
37	147	0.849785
37	148	1.63392
37	162	1.88493
37	178	2.11191
37	179	1.59925
38	7	0.966841
38	14	0.865196
38	33	0.932694
38	37	0.903968
38	50	0.883225
38	51	0.963942
38	56	0.964458
38	59	0.942775
38	77	0.874271
38	107	1.37222
38	147	0.966066
38	153	1.39643
38	174	1.99899
38	176	1.9
39	26	0.858236
39	40	0.840928
39	68	0.855124
39	71	0.830264
39	90	0.821121
39	103	0.832857
39	131	0.872115
39	133	1.29183
39	147	0.858982
39	151	0.856124
39	159	1.65762
39	163	0.775272
39	179	1.95428
39	180	2.3154
40	39	0.840928
40	57	0.88762
40	71	0.865111
40	78	0.83683
40	103	0.867704
40	131	0.906963
40	146	1.45258
40	147	0.893829
40	151	0.890972
40	152	1.58005
40	155	1.25231
40	163	0.81012
40	178	2.48356
41	23	0.899369
41	88	0.85876
41	106	2.56806
41	114	0.853724
41	118	0.837577
41	120	0.886225
41	123	0.816521
41	126	0.861755
41	135	0.831452
41	149	1.25694
41	150	0.847003
41	161	1.69839
41	169	1.6822
41	170	0.711793
42	18	1.27478
42	55	0.779968
42	73	1.76557
42	93	0.810572
42	96	1.76436
42	101	0.748245
42	102	0.842915
42	140	0.795911
42	150	0.816604
42	165	0.69448
42	172	0.766191
42	173	0.71611
42	176	0.71767
42	180	0.710111
43	5	0.971995
43	6	0.996295
43	47	0.880796
43	58	0.877621
43	80	0.902061
43	89	0.937097
43	98	1.34709
43	99	0.957877
43	139	0.920147
43	146	1.34148
43	151	0.964936
43	163	1.83798
43	166	1.52223
43	169	1.53725
44	32	0.782529
44	70	0.864659
44	74	0.845743
44	79	0.828936
44	93	0.856117
44	102	0.88846
44	105	0.863212
44	132	0.823434
44	138	0.817553
44	140	0.841456
44	141	1.28959
44	153	1.855
44	156	1.35824
44	168	2.67521
45	9	0.778525
45	20	0.897635
45	21	0.884953
45	52	0.897669
45	60	0.770312
45	73	0.825204
45	83	0.860183
45	91	1.78208
45	122	0.778877
45	128	1.40467
45	131	0.87837
45	137	1.69161
45	139	0.81759
45	174	2.2731
46	97	0.878852
46	108	0.822421
46	109	0.843671
46	113	0.87253
46	117	0.856976
46	120	0.88819
46	126	0.86372
46	129	0.844047
46	134	1.65324
46	135	0.833417
46	156	1.43295
46	157	1.54594
46	170	0.713758
46	174	2.53227
47	6	0.853387
47	10	0.837898
47	12	0.859404
47	43	0.880796
47	58	0.734712
47	65	0.816705
47	89	0.794189
47	99	0.814969
47	112	0.779185
47	116	1.30116
47	144	0.806329
47	151	0.822028
47	155	1.68455
47	158	2.06685
47	164	2.50724
48	72	0.820073
48	81	0.855797
48	84	0.784495
48	86	0.784475
48	87	0.830781
48	92	0.831071
48	94	0.831454
48	96	0.878039
48	106	2.52537
48	140	0.811552
48	142	0.832279
48	155	1.24348
48	172	1.5255
48	177	0.743317
48	180	2.32319
49	9	0.758217
49	20	0.877326
49	27	1.45425
49	28	0.835374
49	29	0.832358
49	52	0.87736
49	60	0.750004
49	73	0.804895
49	83	0.839875
49	122	0.758569
49	131	0.858061
49	139	0.797281
49	141	1.37254
49	158	1.90532
49	176	2.44152
50	4	0.84548
50	7	0.829817
50	14	0.728173
50	15	0.853442
50	33	0.795671
50	37	0.766945
50	38	0.883225
50	51	0.826919
50	56	0.827435
50	59	0.805751
50	137	1.67234
50	147	0.829042
50	175	1.56791
50	176	2.15483
50	177	2.18554
51	4	0.926197
51	7	0.910534
51	33	0.876388
51	37	0.847662
51	38	0.963942
51	50	0.826919
51	56	0.908152
51	59	0.886468
51	64	0.937992
51	133	1.09641
51	137	1.47627
51	147	0.909759
51	160	1.50713
51	162	2.04453
51	164	1.86296
52	9	0.857604
52	20	0.976713
52	29	0.931745
52	45	0.897669
52	49	0.87736
52	60	0.849391
52	73	0.904282
52	83	0.939262
52	106	2.0586
52	122	0.857956
52	124	1.58701
52	125	0.982307
52	139	0.896668
52	165	2.26915
52	166	1.15772
53	32	1.65065
53	117	0.862346
53	123	0.952947
53	134	0.955994
53	140	0.504868
53	151	0.458263
53	154	0.939416
53	159	0.93378
53	172	0.925931
53	173	0.87585
53	174	0.864662
53	176	0.87741
53	178	0.853747
53	179	0.896477
53	180	0.869851
54	82	1.00095
54	89	1.20229
54	126	1.05825
54	139	1.13225
54	152	0.842933
54	159	0.842216
54	160	0.844967
54	161	0.843215
54	171	0.791976
54	172	0.834368
54	174	0.773099
54	175	0.86234
54	178	0.762184
54	179	0.804914
54	180	0.778288
55	11	0.877811
55	32	0.757745
55	36	1.09343
55	42	0.779968
55	70	0.839875
55	79	0.804151
55	93	0.831332
55	102	0.863676
55	130	1.73412
55	132	0.79865
55	138	0.792769
55	140	0.816672
55	150	0.837364
55	156	1.40242
55	165	2.97671
56	4	0.926713
56	7	0.91105
56	15	0.934675
56	33	0.876904
56	37	0.848178
56	38	0.964458
56	50	0.827435
56	51	0.908152
56	59	0.886984
56	100	1.26865
56	115	1.23546
56	119	1.62005
56	143	1.5657
56	147	0.910275
56	173	2.28179
57	40	0.88762
57	61	0.889764
57	63	0.809098
57	71	0.876956
57	76	0.862572
57	78	0.848675
57	103	0.879549
57	116	1.3247
57	131	0.918807
57	141	1.55761
57	145	1.83709
57	147	0.905674
57	151	0.902816
57	156	1.62627
57	163	0.821964
57	172	1.99012
58	6	0.850211
58	12	0.856229
58	13	0.737244
58	43	0.877621
58	47	0.734712
58	80	0.755977
58	89	0.791013
58	99	0.811793
58	112	0.776009
58	116	1.32137
58	133	1.7609
58	138	2.18561
58	139	0.774063
58	144	0.803154
58	151	0.818852
58	162	2.70902
59	7	0.889367
59	14	0.787722
59	15	0.912992
59	33	0.85522
59	37	0.826494
59	38	0.942775
59	50	0.805751
59	51	0.886468
59	56	0.886984
59	64	0.916824
59	67	0.759465
59	128	1.07289
59	147	0.888592
59	170	2.46508
59	178	2.15507
59	180	2.00354
60	20	0.849357
60	21	0.836676
60	28	0.807406
60	29	0.804389
60	45	0.770312
60	49	0.750004
60	52	0.849391
60	73	0.776926
60	83	0.811906
60	116	1.13623
60	122	0.7306
60	131	0.830093
60	139	0.769312
60	154	1.8465
60	168	2.75477
60	179	2.23821
61	8	0.914805
61	26	0.895228
61	36	0.639414
61	57	0.889764
61	63	0.799397
61	76	0.852871
61	90	0.858112
61	103	0.869848
61	112	1.47847
61	131	0.909107
61	147	0.895973
61	151	0.893116
61	163	0.812264
61	170	2.5715
61	173	1.949
61	175	1.36182
62	3	0.820053
62	17	0.851182
62	19	0.931557
62	22	0.933624
62	30	0.899687
62	31	1.1664
62	35	0.894573
62	105	0.889013
62	128	1.42654
62	132	0.849236
62	134	1.41593
62	144	0.888335
62	148	2.03072
62	165	0.765826
62	175	0.865509
62	179	1.99606
63	26	0.814562
63	57	0.809098
63	61	0.799397
63	64	0.84354
63	68	0.81145
63	71	0.78659
63	78	0.758309
63	95	2.05732
63	103	0.789183
63	131	0.828441
63	147	0.815308
63	149	1.8401
63	151	0.81245
63	152	2.19707
63	155	1.86932
63	163	0.731598
64	14	0.839246
64	37	0.878018
64	51	0.937992
64	59	0.916824
64	63	0.84354
64	90	0.902255
64	103	0.91399
64	130	1.53797
64	131	0.953249
64	146	1.48838
64	147	0.940116
64	161	1.70033
64	163	0.856406
64	169	1.68415
64	172	1.57013
65	5	0.907904
65	12	0.938221
65	13	0.819237
65	47	0.816705
65	80	0.83797
65	89	0.873006
65	99	0.893786
65	112	0.858002
65	122	1.73536
65	139	0.856056
65	143	1.27121
65	144	0.885146
65	151	0.900845
65	153	1.48346
65	179	1.78712
65	180	2.14825
66	3	1.66254
66	92	0.73578
66	106	0.858947
66	132	0.867885
66	150	0.862829
66	151	0.659382
66	152	0.90811
66	157	0.961804
66	166	0.934019
66	168	0.825253
66	171	0.857153
66	173	0.849463
66	176	0.851024
66	178	0.82736
66	179	0.870091
66	180	0.843465
67	59	0.759465
67	102	0.822239
67	108	1.29382
67	113	0.945199
67	141	0.983941
67	144	0.94652
67	149	0.950732
67	168	0.820016
67	169	0.899964
67	171	0.851915
67	172	0.894307
67	173	0.844225
67	174	0.833038
67	176	0.845786
67	178	0.822123
67	180	0.838227
68	8	0.926857
68	39	0.855124
68	63	0.81145
68	71	0.879308
68	76	0.864924
68	78	0.851026
68	90	0.870165
68	103	0.8819
68	109	1.19474
68	131	0.921159
68	151	0.905168
68	152	1.49127
68	154	1.49039
68	163	0.824316
68	173	2.08229
68	177	2.11273
69	34	0.808872
69	72	0.880987
69	82	0.911022
69	84	0.845409
69	86	0.845388
69	87	0.891695
69	92	0.891984
69	94	0.892368
69	96	0.938952
69	128	1.07577
69	142	0.893193
69	154	1.25358
69	167	2.91506
69	169	1.32275
69	176	1.8452
69	177	0.804231
70	10	0.908464
70	11	0.916958
70	44	0.864659
70	55	0.839875
70	74	0.860105
70	79	0.843298
70	102	0.902822
70	105	0.877574
70	136	0.864124
70	140	0.855818
70	145	1.58018
70	150	0.876511
70	155	1.45119
70	156	1.36936
70	158	1.83349
70	179	2.16978
71	8	0.901997
71	39	0.830264
71	40	0.865111
71	57	0.876956
71	63	0.78659
71	68	0.879308
71	76	0.840064
71	78	0.826166
71	90	0.845305
71	95	1.71093
71	103	0.85704
71	107	1.91366
71	149	1.49372
71	151	0.880308
71	154	1.84981
71	163	0.799456
71	172	1.80496
72	48	0.820073
72	69	0.880987
72	81	0.885381
72	82	0.879693
72	84	0.81408
72	86	0.814059
72	87	0.860366
72	92	0.860655
72	94	0.861039
72	96	0.907624
72	112	1.791
72	119	1.59979
72	140	0.841137
72	145	1.47176
72	159	1.7647
72	164	2.16546
72	177	0.772902
73	9	0.785139
73	20	0.904248
73	21	0.891567
73	28	0.862297
73	29	0.85928
73	42	1.76557
73	45	0.825204
73	49	0.804895
73	52	0.904282
73	60	0.776926
73	83	0.866797
73	112	1.67742
73	131	0.884984
73	139	0.824203
73	156	1.14736
73	161	1.64141
73	177	2.17839
74	1	0.902815
74	44	0.845743
74	70	0.860105
74	79	0.824382
74	93	0.851563
74	102	0.883906
74	105	0.858658
74	112	1.27918
74	132	0.818881
74	136	0.845208
74	138	0.813
74	140	0.836902
74	150	0.857595
74	162	1.83521
74	163	1.52772
74	165	2.3234
74	174	1.84844
75	82	1.20979
75	99	1.29351
75	120	1.22762
75	128	0.884565
75	143	0.827052
75	150	1.4585
75	154	0.812438
75	158	0.817366
75	159	0.806803
75	160	0.809554
75	163	0.784598
75	167	0.710555
75	171	0.756562
75	173	0.748873
75	177	0.760439
75	178	0.72677
75	180	0.742874
76	2	1.03328
76	8	0.887613
76	26	0.868036
76	57	0.862572
76	61	0.852871
76	68	0.864924
76	71	0.840064
76	78	0.811782
76	90	0.830921
76	103	0.842656
76	147	0.868781
76	151	0.865924
76	163	0.785072
76	166	1.40939
76	169	1.42442
76	170	2.56963
76	177	1.97758
77	28	1.48497
77	30	0.99185
77	32	2.14013
77	38	0.874271
77	147	0.911993
77	156	0.94643
77	162	0.817972
77	166	0.899721
77	169	0.870904
77	171	0.822855
77	172	0.865247
77	174	0.803978
77	175	0.893219
77	176	0.816726
77	178	0.793063
77	179	0.835793
77	180	0.809167
78	26	0.854139
78	40	0.83683
78	57	0.848675
78	63	0.758309
78	68	0.851026
78	71	0.826166
78	76	0.811782
78	90	0.817024
78	101	2.10999
78	103	0.828759
78	125	1.60512
78	131	0.868018
78	137	1.83552
78	147	0.854884
78	151	0.852027
78	160	1.86638
78	163	0.771175
78	166	1.78053
79	1	0.886007
79	11	0.881234
79	32	0.761168
79	44	0.828936
79	55	0.804151
79	70	0.843298
79	74	0.824382
79	93	0.834755
79	102	0.867099
79	122	1.96756
79	132	0.802073
79	136	0.828401
79	138	0.796192
79	150	0.840787
79	155	1.30074
79	159	1.72266
79	166	1.68175
79	168	2.53588
80	5	0.850352
80	6	0.874652
80	12	0.880669
80	13	0.761685
80	43	0.902061
80	58	0.755977
80	65	0.83797
80	89	0.815454
80	99	0.836234
80	112	0.80045
80	139	0.798504
80	144	0.827594
80	148	2.17772
80	149	1.39524
80	151	0.843293
80	154	1.75133
80	172	1.70649
80	179	2.14305
81	34	0.813267
81	48	0.855797
81	72	0.885381
81	82	0.915416
81	84	0.849803
81	86	0.849783
81	87	0.896089
81	92	0.896379
81	94	0.896763
81	96	0.943347
81	106	2.04797
81	130	1.01594
81	140	0.87686
81	142	0.897587
81	162	1.77033
81	170	2.30733
81	174	1.78356
81	175	1.09765
81	177	0.808626
82	34	0.807578
82	54	1.00095
82	69	0.911022
82	72	0.879693
82	75	1.20979
82	81	0.915416
82	84	0.844115
82	86	0.844094
82	87	0.890401
82	92	0.89069
82	94	0.891074
82	96	0.937658
82	140	0.871172
82	142	0.891899
82	159	1.43164
82	163	1.70648
82	171	1.91101
82	173	1.92847
82	177	0.802937
83	9	0.820119
83	20	0.939228
83	21	0.926547
83	28	0.897276
83	29	0.89426
83	36	1.07965
83	45	0.860183
83	49	0.839875
83	52	0.939262
83	60	0.811906
83	73	0.866797
83	107	1.8612
83	122	0.820471
83	131	0.919964
83	139	0.859183
83	155	1.47048
83	156	1.38865
83	158	1.85277
83	160	1.93735
84	34	0.741965
84	48	0.784495
84	69	0.845409
84	72	0.81408
84	81	0.849803
84	82	0.844115
84	86	0.778481
84	87	0.824788
84	92	0.825077
84	94	0.825461
84	96	0.872045
84	133	1.75849
84	140	0.805558
84	142	0.826285
84	156	1.62052
84	161	2.11458
84	169	2.09839
84	172	1.98438
84	177	0.737324
85	23	0.952494
85	108	0.873581
85	110	0.874693
85	111	0.868756
85	114	0.906849
85	118	0.890701
85	120	0.93935
85	121	0.885589
85	123	0.869646
85	135	0.884577
85	145	1.04332
85	148	1.66759
85	150	0.900128
85	162	0.80244
85	169	1.31038
85	170	0.764917
85	177	1.86354
85	178	2.14558
85	180	1.99405
86	34	0.741945
86	48	0.784475
86	69	0.845388
86	72	0.814059
86	81	0.849783
86	82	0.844094
86	84	0.778481
86	87	0.824767
86	92	0.825057
86	94	0.82544
86	96	0.872025
86	140	0.805538
86	142	0.826265
86	157	1.40236
86	161	1.78342
86	174	2.38869
86	175	1.70277
86	176	2.28969
86	177	0.737303
87	34	0.788251
87	48	0.830781
87	69	0.891695
87	72	0.860366
87	81	0.896089
87	82	0.890401
87	84	0.824788
87	86	0.824767
87	91	1.90169
87	92	0.871363
87	94	0.871747
87	96	0.918331
87	109	1.40643
87	140	0.851845
87	142	0.872572
87	155	1.37521
87	171	2.27651
87	172	1.65724
87	175	1.70679
87	177	0.78361
88	41	0.85876
88	98	1.36406
88	100	1.0638
88	108	0.85921
88	109	0.880461
88	110	0.860322
88	111	0.854385
88	114	0.892478
88	118	0.876331
88	123	0.855275
88	126	0.900509
88	129	0.880836
88	135	0.870206
88	138	1.63903
88	150	0.885757
88	162	0.78807
88	170	0.750547
88	173	2.07694
88	178	2.38943
88	179	1.87677
89	5	0.885388
89	10	0.894198
89	12	0.915705
89	13	0.796721
89	43	0.937097
89	47	0.794189
89	54	1.20229
89	58	0.791013
89	65	0.873006
89	80	0.815454
89	99	0.87127
89	101	1.92152
89	112	0.835486
89	139	0.83354
89	144	0.86263
89	146	1.41132
89	151	0.878329
89	160	1.67792
89	161	1.62328
89	177	2.16025
90	8	0.892854
90	26	0.873277
90	39	0.821121
90	61	0.858112
90	64	0.902255
90	68	0.870165
90	71	0.845305
90	76	0.830921
90	78	0.817024
90	103	0.847898
90	131	0.887156
90	146	1.67899
90	147	0.874023
90	149	1.4495
90	151	0.871165
90	154	1.80559
90	156	1.39689
90	157	1.50988
90	163	0.790313
90	174	2.49621
91	45	1.78208
91	87	1.90169
91	104	1.88395
91	134	0.801345
91	137	0.784873
91	139	1.66749
91	141	0.860915
91	159	0.77913
91	160	0.781881
91	163	0.756926
91	166	0.805756
91	167	0.682883
91	170	0.686484
91	171	0.72889
91	173	0.7212
91	174	0.710013
91	176	0.722761
91	178	0.699098
91	179	0.741828
91	180	0.715202
92	2	1.13627
92	34	0.788541
92	48	0.831071
92	66	0.73578
92	69	0.891984
92	72	0.860655
92	81	0.896379
92	82	0.89069
92	84	0.825077
92	86	0.825057
92	87	0.871363
92	94	0.872036
92	96	0.918621
92	134	1.26983
92	140	0.852134
92	142	0.872861
92	155	1.13137
92	167	3.11972
92	177	0.783899
92	180	2.21108
93	1	0.913188
93	11	0.908415
93	42	0.810572
93	44	0.856117
93	55	0.831332
93	74	0.851563
93	79	0.834755
93	102	0.89428
93	105	0.869032
93	132	0.829254
93	134	1.69654
93	136	0.855582
93	138	0.823373
93	140	0.847276
93	145	1.68707
93	150	0.867968
93	153	1.97301
93	156	1.47625
93	157	1.58924
93	169	1.95412
94	34	0.788924
94	48	0.831454
94	69	0.892368
94	72	0.861039
94	81	0.896763
94	82	0.891074
94	84	0.825461
94	86	0.82544
94	87	0.871747
94	92	0.872036
94	96	0.919005
94	122	1.80541
94	138	1.61943
94	140	0.852518
94	142	0.873245
94	145	1.26757
94	166	1.5196
94	177	0.784283
94	178	2.36983
94	179	1.85717
95	16	1.30641
95	63	2.05732
95	71	1.71093
95	119	0.849913
95	128	0.887913
95	131	1.21585
95	140	1.28957
95	145	0.862886
95	153	0.824177
95	158	0.820714
95	159	0.81015
95	165	0.730591
95	167	0.713903
95	169	0.807959
95	171	0.75991
95	172	0.802302
95	173	0.75222
95	174	0.741033
95	176	0.753781
95	178	0.730118
95	180	0.746222
96	34	0.835509
96	42	1.76436
96	48	0.878039
96	69	0.938952
96	72	0.907624
96	81	0.943347
96	82	0.937658
96	84	0.872045
96	86	0.872025
96	87	0.918331
96	92	0.918621
96	94	0.919005
96	130	1.47784
96	133	1.28412
96	140	0.899102
96	142	0.919829
96	143	1.43065
96	159	1.64991
96	166	1.609
96	175	1.55955
96	177	0.830868
97	46	0.878852
97	108	0.877338
97	110	0.87845
97	111	0.872512
97	113	0.927447
97	115	1.13182
97	117	0.911893
97	118	0.894458
97	120	0.943107
97	121	0.889346
97	123	0.873403
97	127	1.25792
97	129	0.898963
97	135	0.888334
97	141	1.10891
97	142	0.903919
97	154	1.58626
97	158	1.64169
97	162	0.806197
97	167	3.24775
97	170	0.768674
97	175	1.59097
98	43	1.34709
98	88	1.36406
98	101	0.773587
98	110	1.48492
98	116	0.899644
98	123	1.75553
98	128	0.877144
98	133	0.85422
98	141	0.881166
98	143	0.819631
98	151	1.26085
98	161	0.80038
98	164	0.748387
98	167	0.703134
98	171	0.749141
98	172	0.791533
98	173	0.741451
98	176	0.743012
98	178	0.719349
98	179	0.762079
98	180	0.735453
99	5	0.906168
99	6	0.930468
99	10	0.914978
99	12	0.936485
99	13	0.817501
99	43	0.957877
99	47	0.814969
99	58	0.811793
99	65	0.893786
99	75	1.29351
99	80	0.836234
99	89	0.87127
99	112	0.856266
99	139	0.85432
99	143	1.2961
99	144	0.88341
99	151	0.899109
99	158	1.47572
99	160	1.56029
99	164	1.91612
99	166	1.47444
99	180	2.17314
100	29	1.10262
100	30	1.0047
100	56	1.26865
100	88	1.0638
100	111	1.19224
100	129	0.859342
100	136	1.08212
100	145	0.963839
100	148	0.889808
100	158	0.921667
100	159	0.911103
100	160	0.913854
100	164	0.860109
100	167	0.814856
100	168	0.828963
100	169	0.908911
100	172	0.903255
100	173	0.853173
100	176	0.854734
100	178	0.831071
100	179	0.873801
100	180	0.847175
101	42	0.748245
101	78	2.10999
101	89	1.92152
101	98	0.773587
101	113	1.82003
101	120	1.73801
101	148	0.741782
101	152	0.763795
101	154	0.768714
101	155	0.838524
101	158	0.773642
101	159	0.763078
101	168	0.680938
101	169	0.760886
101	172	0.755229
101	173	0.705148
101	174	0.69396
101	176	0.706708
101	178	0.683045
101	179	0.725775
101	180	0.699149
102	11	0.940759
102	32	0.820693
102	42	0.842915
102	44	0.88846
102	55	0.863676
102	67	0.822239
102	70	0.902822
102	74	0.883906
102	79	0.867099
102	93	0.89428
102	105	0.901375
102	124	1.79691
102	132	0.861598
102	133	1.04274
102	136	0.887925
102	138	0.855716
102	140	0.879619
102	145	1.11559
102	150	0.900312
102	161	1.39882
102	167	2.97495
102	180	2.06631
103	8	0.90459
103	39	0.832857
103	40	0.867704
103	57	0.879549
103	61	0.869848
103	63	0.789183
103	64	0.91399
103	68	0.8819
103	71	0.85704
103	76	0.842656
103	78	0.828759
103	90	0.847898
103	109	1.61538
103	127	1.58269
103	131	0.898892
103	134	1.72262
103	147	0.885758
103	149	1.55494
103	151	0.882901
103	157	1.61532
103	163	0.802049
103	169	1.9802
103	172	1.86619
104	27	1.2887
104	91	1.88395
104	108	0.856561
104	110	0.857674
104	111	0.851736
104	114	0.88983
104	117	0.891116
104	118	0.873682
104	120	0.922331
104	121	0.86857
104	123	0.852626
104	125	1.56308
104	126	0.89786
104	129	0.878187
104	130	1.60734
104	133	1.41361
104	135	0.867558
104	142	0.883143
104	150	0.883108
104	157	1.38864
104	162	0.785421
104	163	2.05424
104	170	0.747898
105	17	0.838296
105	19	0.918671
105	35	0.881687
105	44	0.863212
105	62	0.889013
105	70	0.877574
105	74	0.858658
105	93	0.869032
105	102	0.901375
105	119	1.07795
105	132	0.83635
105	136	0.862677
105	138	0.830468
105	144	0.875449
105	150	0.875064
105	158	1.20322
105	165	0.75294
105	166	1.20195
105	167	2.80928
105	175	0.852623
105	177	1.77013
105	178	2.05218
105	180	1.90064
106	41	2.56806
106	48	2.52537
106	52	2.0586
106	66	0.858947
106	81	2.04797
106	134	0.762641
106	138	0.738395
106	141	0.822212
106	148	0.719131
106	153	0.754454
106	157	0.794837
106	158	0.750991
106	167	0.644179
106	169	0.738235
106	171	0.690186
106	172	0.732578
106	173	0.682497
106	174	0.671309
106	176	0.684057
106	177	0.694064
106	178	0.660394
106	179	0.703124
106	180	0.676498
107	38	1.37222
107	71	1.91366
107	83	1.8612
107	128	0.8628
107	129	1.34445
107	134	0.807251
107	137	0.79078
107	140	1.4923
107	148	0.763742
107	149	0.833613
107	155	0.860484
107	157	0.839447
107	158	0.795601
107	161	0.786036
107	171	0.734797
107	172	0.777189
107	173	0.727107
107	174	0.71592
107	176	0.728668
107	178	0.705004
107	179	0.747735
107	180	0.721109
108	46	0.822421
108	67	1.29382
108	85	0.873581
108	88	0.85921
108	97	0.877338
108	104	0.856561
108	110	0.822019
108	111	0.816081
108	113	0.871016
108	114	0.854175
108	117	0.855461
108	118	0.838027
108	119	1.7152
108	121	0.832915
108	123	0.816971
108	126	0.862205
108	127	1.45671
108	129	0.842532
108	142	0.847488
108	143	1.66085
108	148	2.21143
108	153	1.87311
108	162	0.749766
108	170	0.712243
108	179	2.17677
109	11	1.28732
109	46	0.843671
109	68	1.19474
109	87	1.40643
109	88	0.880461
109	103	1.61538
109	110	0.843269
109	120	0.907926
109	126	0.883456
109	129	0.863783
109	133	0.880978
109	135	0.853153
109	142	0.868738
109	144	1.1421
109	147	1.05044
109	151	1.08619
109	154	0.831776
109	166	0.852766
109	169	0.823948
109	170	0.733494
109	171	0.7759
109	172	0.818291
109	173	0.76821
109	179	0.788838
109	180	0.762212
110	25	1.23319
110	85	0.874693
110	88	0.860322
110	97	0.87845
110	98	1.48492
110	104	0.857674
110	108	0.822019
110	109	0.843269
110	111	0.817194
110	114	0.855287
110	117	0.856574
110	118	0.839139
110	121	0.834028
110	123	0.818084
110	126	0.863318
110	129	0.843645
110	135	0.833015
110	136	0.836179
110	138	1.75988
110	160	1.7459
110	161	1.69126
110	162	0.750878
110	164	2.10173
110	170	0.713356
110	179	1.99762
111	85	0.868756
111	88	0.854385
111	97	0.872512
111	100	1.19224
111	104	0.851736
111	108	0.816081
111	110	0.817194
111	113	0.866191
111	114	0.84935
111	117	0.850636
111	118	0.833202
111	120	0.881851
111	122	1.95345
111	123	0.812146
111	126	0.85738
111	128	1.43569
111	129	0.837707
111	135	0.827078
111	150	0.842628
111	160	1.75349
111	162	0.744941
111	166	1.66764
111	170	0.707418
111	173	2.20539
111	177	2.23583
112	35	1.74514
112	47	0.779185
112	58	0.776009
112	61	1.47847
112	65	0.858002
112	72	1.791
112	73	1.67742
112	74	1.27918
112	80	0.80045
112	89	0.835486
112	99	0.856266
112	136	1.62473
112	139	0.818535
112	144	0.847626
112	151	0.863325
112	160	0.807428
112	162	0.749554
112	167	0.708429
112	169	0.802485
112	173	0.746747
112	174	0.73556
112	176	0.748307
112	178	0.724644
112	179	0.767375
112	180	0.740749
113	16	0.933352
113	23	0.949929
113	46	0.87253
113	67	0.945199
113	97	0.927447
113	101	1.82003
113	108	0.871016
113	111	0.866191
113	114	0.904284
113	117	0.905571
113	118	0.888136
113	121	0.883024
113	123	0.867081
113	129	0.892642
113	135	0.882012
113	136	0.885176
113	138	1.5904
113	142	0.897597
113	158	1.49185
113	161	1.52178
113	162	0.799875
113	170	0.762353
113	172	1.39158
113	175	1.44113
113	180	2.18927
114	23	0.933088
114	41	0.853724
114	85	0.906849
114	88	0.892478
114	104	0.88983
114	108	0.854175
114	110	0.855287
114	111	0.84935
114	113	0.904284
114	117	0.88873
114	118	0.871295
114	121	0.866183
114	123	0.85024
114	126	0.895474
114	130	1.41779
114	135	0.865171
114	141	1.01744
114	150	0.880722
114	158	1.55022
114	162	0.783034
114	163	1.86469
114	164	1.99062
114	168	2.40307
114	170	0.745511
114	172	1.44995
114	179	1.88651
115	4	1.11467
115	17	1.64979
115	23	1.15765
115	26	1.22841
115	56	1.23546
115	97	1.13182
115	124	0.87166
115	127	0.964029
115	142	1.0763
115	144	0.983307
115	145	0.942076
115	156	0.962674
115	158	0.899904
115	159	0.88934
115	160	0.892091
115	166	0.915965
115	167	0.793092
115	168	0.8072
115	171	0.8391
115	173	0.83141
115	174	0.820223
115	176	0.83297
115	177	0.842977
115	178	0.809307
115	179	0.852037
115	180	0.825412
116	2	0.898932
116	13	1.33841
116	47	1.30116
116	57	1.3247
116	58	1.32137
116	60	1.13623
116	98	0.899644
116	118	0.902235
116	123	1.16626
116	133	0.943974
116	134	0.91135
116	139	0.757617
116	148	0.86784
116	152	0.889853
116	157	0.943546
116	161	0.890135
116	164	0.838142
116	168	0.806996
116	171	0.838895
116	172	0.881287
116	173	0.831206
116	174	0.820018
116	176	0.832766
116	178	0.809103
116	179	0.851833
116	180	0.825207
117	16	0.917798
117	46	0.856976
117	53	0.862346
117	97	0.911893
117	104	0.891116
117	108	0.855461
117	110	0.856574
117	111	0.850636
117	113	0.905571
117	114	0.88873
117	119	1.71607
117	121	0.86747
117	123	0.851527
117	126	0.89676
117	133	1.51519
117	135	0.866458
117	136	0.869622
117	142	0.882043
117	149	1.42983
117	150	0.882008
117	152	1.7868
117	157	1.49022
117	158	1.84135
117	162	0.784321
117	170	0.746798
117	174	2.47655
118	41	0.837577
118	85	0.890701
118	88	0.876331
118	97	0.894458
118	104	0.873682
118	108	0.838027
118	110	0.839139
118	111	0.833202
118	113	0.888136
118	114	0.871295
118	116	0.902235
118	120	0.903796
118	121	0.850036
118	123	0.834092
118	125	1.49124
118	126	0.879326
118	127	1.28415
118	129	0.859653
118	135	0.849023
118	142	0.864609
118	159	1.70756
118	162	0.766887
118	164	2.10832
118	170	0.729364
118	172	1.56765
118	173	2.20439
118	174	2.30312
119	6	1.51701
119	35	1.55393
119	56	1.62005
119	72	1.59979
119	95	0.849913
119	105	1.07795
119	108	1.7152
119	117	1.71607
119	145	0.881371
119	146	0.881149
119	152	0.829353
119	154	0.834271
119	157	0.883046
119	159	0.828635
119	160	0.831386
119	163	0.806431
119	164	0.777641
119	166	0.855261
119	167	0.732388
119	168	0.746495
119	169	0.826443
119	173	0.770705
119	174	0.759518
119	176	0.772266
119	178	0.748603
119	179	0.791333
119	180	0.764707
120	16	0.949012
120	23	0.965589
120	41	0.886225
120	46	0.88819
120	75	1.22762
120	85	0.93935
120	97	0.943107
120	101	1.73801
120	104	0.922331
120	109	0.907926
120	111	0.881851
120	118	0.903796
120	121	0.898684
120	123	0.882741
120	129	0.908302
120	135	0.897672
120	136	0.900836
120	142	0.913257
120	146	1.2278
120	153	1.44246
120	160	1.4944
120	161	1.43976
120	162	0.815535
120	163	1.7243
120	170	0.778012
120	171	1.92883
120	175	1.35911
121	16	0.895252
121	25	1.08098
121	85	0.885589
121	97	0.889346
121	104	0.86857
121	108	0.832915
121	110	0.834028
121	113	0.883024
121	114	0.866183
121	117	0.86747
121	118	0.850036
121	120	0.898684
121	123	0.82898
121	126	0.874214
121	129	0.854541
121	135	0.843911
121	142	0.859497
121	146	1.3271
121	150	0.859462
121	156	1.045
121	157	1.15799
121	162	0.761775
121	164	1.94953
121	165	2.61929
121	170	0.724252
121	173	2.0456
121	178	2.35808
122	7	1.7154
122	9	0.738813
122	26	2.02281
122	28	0.81597
122	29	0.812954
122	45	0.778877
122	49	0.758569
122	52	0.857956
122	60	0.7306
122	65	1.73536
122	79	1.96756
122	83	0.820471
122	94	1.80541
122	111	1.95345
122	131	0.838658
122	137	0.769762
122	139	0.777877
122	148	0.742723
122	153	0.778046
122	156	0.837353
122	159	0.764018
122	163	0.741814
122	171	0.713778
122	174	0.694901
122	176	0.707649
122	177	0.717655
122	178	0.683986
122	180	0.70009
123	23	0.895885
123	41	0.816521
123	53	0.952947
123	85	0.869646
123	88	0.855275
123	97	0.873403
123	98	1.75553
123	104	0.852626
123	108	0.816971
123	110	0.818084
123	111	0.812146
123	113	0.867081
123	114	0.85024
123	116	1.16626
123	117	0.851527
123	118	0.834092
123	120	0.882741
123	121	0.82898
123	126	0.85827
123	129	0.838597
123	135	0.827968
123	136	0.831132
123	143	1.75233
123	145	1.67864
123	146	1.74992
123	149	1.52044
123	170	0.708308
123	174	2.56715
124	19	1.89594
124	21	1.5983
124	23	2.09553
124	52	1.58701
124	102	1.79691
124	115	0.87166
124	137	0.776936
124	138	0.769161
124	145	0.823929
124	147	1.82953
124	149	0.819769
124	155	0.846639
124	156	0.844527
124	157	0.825603
124	158	0.781757
124	161	0.772192
124	164	0.720199
124	165	0.691633
124	166	0.797818
124	167	0.674945
124	168	0.689053
124	169	0.769001
124	172	0.763344
124	173	0.713263
124	174	0.702075
124	176	0.714823
124	178	0.69116
124	180	0.707264
125	52	0.982307
125	78	1.60512
125	104	1.56308
125	118	1.49124
125	126	1.27262
125	131	1.23346
125	142	1.40948
125	146	0.881296
125	148	0.807487
125	149	0.877359
125	153	0.84281
125	155	0.904229
125	156	0.902117
125	162	0.773659
125	164	0.777789
125	166	0.855408
125	167	0.732535
125	168	0.746643
125	169	0.826591
125	170	0.736137
125	172	0.820934
125	173	0.770853
125	174	0.759665
125	175	0.848906
125	178	0.74875
125	179	0.79148
125	180	0.764854
126	16	0.924542
126	41	0.861755
126	46	0.86372
126	54	1.05825
126	88	0.900509
126	104	0.89786
126	108	0.862205
126	109	0.883456
126	110	0.863318
126	111	0.85738
126	114	0.895474
126	117	0.89676
126	118	0.879326
126	121	0.874214
126	123	0.85827
126	125	1.27262
126	129	0.883831
126	130	1.31688
126	135	0.873202
126	136	0.876366
126	138	1.54785
126	150	0.888752
126	162	0.791065
126	164	1.8897
126	166	1.44803
126	170	0.753542
126	171	1.96831
126	179	1.7856
126	180	2.14673
127	10	1.07602
127	33	1.10004
127	35	1.29543
127	97	1.25792
127	103	1.58269
127	108	1.45671
127	115	0.964029
127	118	1.28415
127	130	0.90704
127	139	1.13954
127	146	0.916075
127	147	1.01775
127	152	0.864279
127	153	0.877588
127	156	0.936896
127	157	0.917972
127	159	0.863561
127	160	0.866313
127	161	0.86456
127	164	0.812567
127	165	0.784002
127	168	0.781422
127	169	0.86137
127	171	0.813321
127	172	0.855713
127	174	0.794444
127	175	0.883685
127	178	0.783529
127	179	0.826259
127	180	0.799633
128	1	0.661815
128	45	1.40467
128	59	1.07289
128	62	1.42654
128	69	1.07577
128	75	0.884565
128	95	0.887913
128	98	0.877144
128	107	0.8628
128	111	1.43569
128	129	1.10279
128	130	0.910114
128	133	0.921474
128	136	1.32556
128	141	0.94842
128	143	0.886885
128	144	1.25995
128	154	0.872271
128	156	0.939969
128	158	0.877199
128	163	0.844431
128	164	0.815641
128	167	0.770387
128	170	0.773989
128	171	0.816395
128	172	0.858787
128	177	0.820272
128	178	0.786603
128	179	0.829333
128	180	0.802707
129	16	0.904869
129	46	0.844047
129	88	0.880836
129	97	0.898963
129	100	0.859342
129	104	0.878187
129	107	1.34445
129	108	0.842532
129	109	0.863783
129	110	0.843645
129	111	0.837707
129	113	0.892642
129	118	0.859653
129	120	0.908302
129	121	0.854541
129	123	0.838597
129	126	0.883831
129	128	1.10279
129	135	0.853528
129	136	0.856693
129	142	0.869114
129	150	0.869079
129	158	1.33602
129	159	1.37565
129	162	0.771392
129	165	2.44618
129	170	0.733869
129	171	1.85502
129	177	1.90293
129	178	2.18497
130	4	1.49211
130	55	1.73412
130	64	1.53797
130	81	1.01594
130	96	1.47784
130	104	1.60734
130	114	1.41779
130	126	1.31688
130	127	0.90704
130	128	0.910114
130	141	0.914137
130	145	0.885087
130	146	0.884865
130	148	0.811056
130	152	0.833069
130	153	0.846378
130	155	0.907798
130	157	0.886762
130	160	0.835102
130	164	0.781357
130	167	0.736104
130	169	0.83016
130	173	0.774421
130	174	0.763234
130	176	0.775982
130	177	0.785988
130	178	0.752319
130	179	0.795049
130	180	0.768423
131	9	0.838305
131	21	0.944733
131	28	0.915463
131	39	0.872115
131	40	0.906963
131	45	0.87837
131	49	0.858061
131	57	0.918807
131	60	0.830093
131	61	0.909107
131	63	0.828441
131	64	0.953249
131	68	0.921159
131	73	0.884984
131	78	0.868018
131	83	0.919964
131	90	0.887156
131	95	1.21585
131	103	0.898892
131	122	0.838658
131	125	1.23346
131	139	0.87737
131	146	1.22812
131	153	1.44278
131	155	1.02785
131	162	2.03211
131	163	0.841307
131	169	1.42389
131	171	1.92915
131	177	1.97705
131	180	2.10757
132	3	0.76739
132	11	0.875733
132	17	0.798518
132	18	0.890306
132	19	0.878893
132	22	0.88096
132	30	0.847024
132	31	1.1524
132	32	0.755667
132	35	0.841909
132	44	0.823434
132	55	0.79865
132	62	0.849236
132	66	0.867885
132	74	0.818881
132	79	0.802073
132	93	0.829254
132	102	0.861598
132	105	0.83635
132	136	0.8229
132	138	0.790691
132	140	0.814594
132	144	0.835671
132	150	0.835286
132	152	1.59122
132	154	1.59034
132	162	2.26773
132	163	1.96024
132	165	0.713163
132	170	2.80473
132	172	1.5455
132	173	2.18224
132	175	0.812846
133	2	0.853507
133	39	1.29183
133	51	1.09641
133	58	1.7609
133	84	1.75849
133	96	1.28412
133	98	0.85422
133	102	1.04274
133	104	1.41361
133	109	0.880978
133	116	0.943974
133	117	1.51519
133	128	0.921474
133	136	1.23264
133	143	0.863961
133	152	0.844428
133	154	0.849347
133	157	0.898121
133	159	0.843711
133	161	0.84471
133	164	0.792717
133	167	0.747463
133	169	0.841519
133	171	0.79347
133	172	0.835862
133	173	0.785781
133	174	0.774593
133	175	0.863834
133	176	0.787341
133	178	0.763678
133	179	0.806408
133	180	0.779782
134	23	1.42367
134	46	1.65324
134	53	0.955994
134	62	1.41593
134	91	0.801345
134	92	1.26983
134	93	1.69654
134	103	1.72262
134	106	0.762641
134	107	0.807251
134	116	0.91135
134	135	1.47376
134	142	1.34233
134	146	0.8636
134	149	0.859663
134	152	0.811804
134	156	0.884421
134	159	0.811087
134	160	0.813838
134	162	0.755963
134	164	0.760093
134	165	0.731527
134	166	0.837712
134	168	0.728947
134	172	0.803238
134	173	0.753157
134	174	0.74197
134	176	0.754717
134	177	0.764724
134	178	0.731054
134	179	0.773784
134	180	0.747159
135	16	0.894239
135	41	0.831452
135	46	0.833417
135	85	0.884577
135	88	0.870206
135	97	0.888334
135	104	0.867558
135	109	0.853153
135	110	0.833015
135	111	0.827078
135	113	0.882012
135	114	0.865171
135	117	0.866458
135	118	0.849023
135	120	0.897672
135	121	0.843911
135	123	0.827968
135	126	0.873202
135	129	0.853528
135	134	1.47376
135	136	0.846063
135	137	1.77131
135	142	0.858484
135	145	1.46429
135	150	0.85845
135	152	1.66305
135	154	1.66218
135	157	1.36647
135	160	1.80217
135	162	0.760762
135	163	2.03207
135	170	0.723239
135	171	2.2366
135	175	1.66688
136	1	0.906834
136	10	0.893567
136	11	0.902061
136	32	0.781995
136	36	0.785671
136	70	0.864124
136	74	0.845208
136	79	0.828401
136	93	0.855582
136	100	1.08212
136	102	0.887925
136	105	0.862677
136	110	0.836179
136	112	1.62473
136	113	0.885176
136	117	0.869622
136	120	0.900836
136	123	0.831132
136	126	0.876366
136	128	1.32556
136	129	0.856693
136	132	0.8229
136	133	1.23264
136	135	0.846063
136	138	0.817019
136	142	0.861648
136	150	0.861614
136	153	1.59142
136	157	1.20766
136	162	0.763927
136	163	1.87327
136	165	2.66895
136	170	0.726404
136	174	2.19399
137	5	1.60701
137	25	0.849874
137	45	1.69161
137	50	1.67234
137	51	1.47627
137	78	1.83552
137	91	0.784873
137	107	0.79078
137	122	0.769762
137	124	0.776936
137	135	1.77131
137	146	0.847129
137	147	1.45523
137	148	0.77332
137	150	1.69442
137	152	0.795333
137	155	0.870062
137	156	0.86795
137	161	0.795615
137	163	0.772411
137	164	0.743622
137	166	0.821241
137	167	0.698368
137	168	0.712476
137	169	0.792424
137	171	0.744375
137	172	0.786767
137	173	0.736686
137	174	0.725498
137	175	0.814739
137	176	0.738246
137	177	0.748252
137	178	0.714583
137	179	0.757313
137	180	0.730687
138	8	1.57995
138	29	1.67785
138	32	0.749786
138	44	0.817553
138	55	0.792769
138	58	2.18561
138	74	0.813
138	79	0.796192
138	88	1.63903
138	93	0.823373
138	94	1.61943
138	102	0.855716
138	105	0.830468
138	106	0.738395
138	110	1.75988
138	113	1.5904
138	124	0.769161
138	126	1.54785
138	132	0.790691
138	136	0.817019
138	140	0.808712
138	150	0.829405
138	153	0.800868
138	160	0.789592
138	161	0.78784
