1	12	0.680306
1	13	0.765202
1	16	0.680041
1	26	0.739872
1	31	0.722117
1	32	0.721935
1	35	0.7218
1	38	0.721713
1	48	0.721674
1	161	0.735915
1	169	3.54794
1	179	4.10506
2	11	0.754164
2	19	0.683194
2	34	0.718598
2	39	0.725786
2	56	0.711298
2	60	0.761135
2	117	3.13589
2	132	0.728189
2	133	0.659103
2	155	0.740994
2	161	0.732866
2	176	4.79399
3	7	0.700296
3	27	0.759018
3	37	0.742164
3	45	0.814097
3	121	0.669675
3	133	0.666815
3	139	0.733947
3	140	0.732115
3	152	5.65387
3	155	0.748705
3	156	0.647094
3	162	2.64444
4	21	0.766975
4	52	0.72429
4	76	0.732629
4	84	0.6813
4	86	0.721201
4	87	0.721141
4	89	0.723515
4	98	0.801007
4	137	2.97461
4	142	4.59069
4	147	0.686097
4	172	0.645548
5	107	1.24342
5	133	0.7126
5	154	0.776187
5	161	1.09991
5	162	0.745916
5	169	0.72744
5	170	0.746918
5	174	0.722936
5	175	0.669377
5	177	0.694428
5	178	0.719758
5	180	0.687433
6	20	1.23254
6	44	0.241947
6	94	0.873696
6	117	0.806416
6	144	0.801155
6	149	0.83664
6	161	0.890974
6	166	0.825524
6	175	0.742569
6	176	0.769444
6	179	0.787094
6	180	0.760625
7	3	0.700296
7	27	0.751328
7	37	0.734474
7	45	0.806406
7	80	3.11627
7	121	0.661985
7	132	0.728211
7	139	0.726257
7	140	0.724425
7	155	0.741015
7	156	0.639404
7	158	4.12129
8	11	0.74397
8	19	0.672999
8	34	0.708404
8	39	0.715591
8	56	0.701104
8	60	0.750941
8	116	0.749917
8	131	0.728844
8	155	0.730799
8	161	0.722671
8	168	3.34591
8	170	4.28381
9	12	0.765202
9	16	0.764937
9	26	0.824768
9	31	0.807013
9	32	0.806831
9	35	0.806696
9	38	0.806609
9	48	0.80657
9	120	2.98206
9	141	2.20729
9	161	0.820811
9	178	3.97193
10	124	0.649892
10	126	0.652191
10	137	0.680803
10	141	0.679572
10	155	3.23241
10	163	0.656057
10	166	0.673539
10	168	0.683355
10	173	0.626371
10	176	0.617459
10	178	0.640965
10	179	0.635109
10	180	0.60864
11	2	0.754164
11	8	0.74397
11	19	0.744795
11	34	0.780199
11	39	0.787387
11	56	0.7729
11	60	0.822736
11	116	0.821713
11	128	1.75499
11	155	0.802595
11	161	0.794467
11	176	5.09345
11	179	2.68934
12	1	0.680306
12	9	0.765202
12	13	0.746846
12	16	0.661685
12	26	0.721516
12	31	0.703761
12	32	0.703579
12	35	0.703444
12	38	0.703357
12	48	0.703318
12	147	3.49945
12	161	0.717559
12	167	4.59753
13	1	0.765202
13	12	0.746846
13	16	0.746581
13	26	0.806412
13	31	0.788656
13	32	0.788475
13	35	0.78834
13	38	0.788253
13	48	0.788214
13	119	2.67497
13	147	2.80892
13	161	0.802455
13	179	3.94844
14	21	1.01899
14	37	0.735399
14	62	0.228276
14	141	0.805922
14	149	0.811005
14	150	0.815241
14	159	0.744926
14	166	0.799889
14	167	0.785341
14	169	0.774997
14	174	0.770493
14	179	0.761459
14	180	0.73499
15	33	0.728991
15	47	0.721294
15	93	0.714798
15	103	0.73294
15	105	0.692241
15	106	0.6933
15	110	0.756877
15	112	2.02801
15	115	0.74487
15	122	0.683432
15	139	0.721368
15	157	6.15919
15	171	0.624596
16	1	0.680041
16	9	0.764937
16	12	0.661685
16	13	0.746581
16	26	0.721252
16	31	0.703496
16	32	0.703315
16	35	0.703179
16	38	0.703092
16	48	0.703053
16	129	3.60223
16	161	0.717295
16	166	4.01561
17	46	0.720906
17	49	0.714882
17	78	0.727735
17	92	0.709859
17	95	0.70632
17	96	0.702427
17	101	0.720874
17	104	0.720833
17	107	0.720798
17	134	1.78039
17	159	6.21699
17	161	0.722158
17	172	0.637507
18	55	0.716442
18	57	0.721796
18	63	0.679289
18	77	0.69613
18	82	0.73712
18	88	0.7239
18	91	0.729973
18	97	0.713609
18	99	0.710966
18	100	0.749012
18	111	3.97871
18	153	4.06334
18	165	0.627936
19	2	0.683194
19	8	0.672999
19	11	0.744795
19	34	0.709229
19	39	0.716416
19	56	0.701929
19	60	0.751766
19	131	0.729669
19	133	0.649734
19	144	2.93056
19	155	0.731624
19	159	5.39288
19	161	0.723497
20	6	1.23254
20	28	0.662276
20	58	0.557745
20	62	0.687356
20	67	0.754627
20	71	0.758442
20	74	0.697717
20	83	0.738952
20	134	5.27141
20	139	0.716013
20	151	0.686261
20	155	0.730771
20	171	0.619241
21	4	0.766975
21	14	1.01899
21	51	0.85318
21	76	0.812373
21	84	0.761044
21	86	0.800945
21	87	0.800885
21	89	0.803259
21	98	0.880751
21	156	3.0283
21	172	0.725293
21	180	5.35327
22	81	0.802655
22	93	0.787136
22	103	0.805278
22	105	0.764579
22	106	0.765638
22	110	0.829214
22	115	0.817208
22	120	3.52627
22	128	2.15017
22	139	0.793706
22	151	0.763953
22	169	4.03452
22	171	0.696933
23	70	0.803661
23	73	2.07926
23	76	0.790581
23	84	0.739252
23	86	0.779154
23	87	0.779094
23	89	0.781467
23	98	0.85896
23	122	0.743586
23	147	0.744049
23	149	3.2384
23	163	4.40104
23	165	0.684098
23	172	0.703501
24	25	0.794494
24	36	0.775013
24	81	0.782444
24	93	0.766925
24	103	0.785067
24	105	0.744368
24	106	0.745427
24	110	0.809003
24	115	0.796997
24	149	1.89409
24	151	0.743743
24	169	1.83431
24	171	0.676722
24	177	6.57957
25	24	0.794494
25	36	0.782425
25	47	0.780833
25	81	0.789856
25	105	0.75178
25	106	0.752839
25	114	2.10845
25	115	0.804409
25	122	0.742971
25	123	3.43875
25	139	0.780907
25	151	0.751155
25	171	0.684135
25	174	4.89882
26	1	0.739872
26	9	0.824768
26	12	0.721516
26	13	0.806412
26	16	0.721252
26	31	0.763327
26	32	0.763146
26	35	0.76301
26	38	0.762923
26	48	0.762884
26	117	4.06788
26	147	2.18236
26	148	4.07858
26	161	0.777126
27	3	0.759018
27	7	0.751328
27	37	0.793196
27	45	0.865129
27	59	1.33169
27	63	0.738907
27	119	2.43439
27	121	0.720707
27	132	0.786933
27	133	0.717847
27	140	0.783147
27	155	0.799737
27	156	0.698126
27	171	5.80871
28	20	0.662276
28	50	0.702032
28	58	0.547903
28	62	0.677514
28	67	0.744785
28	71	0.7486
28	74	0.687875
28	83	0.72911
28	113	2.0474
28	139	0.706171
28	151	0.676418
28	155	0.720929
28	171	0.609398
28	180	6.82693
29	44	0.774611
29	59	2.65859
29	61	0.748032
29	73	3.15454
29	78	0.786111
29	85	0.770372
29	92	0.768235
29	95	0.764697
29	96	0.760803
29	101	0.77925
29	104	0.779209
29	107	0.779174
29	158	3.44946
29	172	0.695883
30	90	0.623637
30	110	4.65623
30	127	0.68419
30	142	0.669806
30	148	0.65905
30	157	0.6346
30	163	0.660924
30	169	0.653514
30	172	0.627785
30	174	0.64901
30	176	0.622327
30	177	0.620502
30	178	0.645832
30	179	0.639976
30	180	0.613507
31	1	0.722117
31	9	0.807013
31	12	0.703761
31	13	0.788656
31	16	0.703496
31	26	0.763327
31	32	0.74539
31	35	0.745254
31	38	0.745168
31	48	0.745128
31	109	1.9233
31	116	0.786616
31	135	4.14147
31	161	0.75937
31	173	4.95002
32	1	0.721935
32	9	0.806831
32	12	0.703579
32	13	0.788475
32	16	0.703315
32	26	0.763146
32	31	0.74539
32	35	0.745073
32	38	0.744986
32	48	0.744947
32	116	0.786434
32	142	3.85842
32	143	4.21921
32	153	2.20831
32	161	0.759189
33	15	0.728991
33	47	0.767457
33	81	0.77648
33	93	0.760961
33	103	0.779103
33	105	0.738404
33	106	0.739463
33	110	0.80304
33	115	0.791033
33	125	2.72564
33	126	4.25653
33	127	3.20021
33	147	0.730058
33	151	0.737779
33	171	0.670759
34	2	0.718598
34	8	0.708404
34	11	0.780199
34	19	0.709229
34	39	0.751821
34	56	0.737334
34	60	0.78717
34	114	2.17735
34	116	0.786147
34	131	0.765074
34	132	0.754224
34	141	4.0127
34	145	3.86694
34	155	0.767029
34	161	0.758901
35	1	0.7218
35	9	0.806696
35	12	0.703444
35	13	0.78834
35	16	0.703179
35	26	0.76301
35	31	0.745254
35	32	0.745073
35	38	0.744851
35	48	0.744811
35	116	0.786299
35	149	2.97618
35	161	0.759053
35	168	2.63279
35	178	4.62881
36	24	0.775013
36	25	0.782425
36	47	0.761353
36	81	0.770375
36	94	1.70183
36	103	0.772999
36	105	0.7323
36	106	0.733359
36	110	0.796935
36	115	0.784928
36	122	0.72349
36	134	0.716967
36	146	2.99115
36	171	0.664654
36	172	5.48574
37	3	0.742164
37	7	0.734474
37	14	0.735399
37	27	0.793196
37	45	0.848274
37	63	0.722053
37	66	4.72224
37	121	0.703853
37	131	3.18385
37	132	0.770079
37	133	0.700993
37	139	0.768125
37	140	0.766293
37	155	0.782883
37	156	0.681272
38	1	0.721713
38	9	0.806609
38	12	0.703357
38	13	0.788253
38	16	0.703092
38	26	0.762923
38	31	0.745168
38	32	0.744986
38	35	0.744851
38	48	0.744725
38	63	3.77327
38	116	0.786212
38	122	3.77621
38	153	2.91183
38	161	0.758967
39	2	0.725786
39	8	0.715591
39	11	0.787387
39	19	0.716416
39	34	0.751821
39	56	0.744521
39	60	0.794358
39	116	0.793334
39	132	0.761412
39	133	0.692326
39	135	3.2969
39	155	0.774216
39	160	2.03178
39	161	0.766089
39	177	5.77364
40	60	2.38878
40	120	0.739564
40	126	0.6987
40	137	0.727313
40	146	0.715064
40	155	0.065845
40	160	0.711342
40	168	0.729865
40	169	0.695157
40	175	0.637093
40	176	0.663969
40	177	0.662145
40	178	0.687475
40	179	0.681618
40	180	0.655149
41	53	0.798469
41	57	0.743564
41	64	0.783826
41	72	0.712213
41	75	0.722904
41	82	0.758888
41	88	0.745668
41	91	0.751741
41	97	0.735378
41	99	0.732734
41	100	0.77078
41	125	1.93569
41	132	0.749083
41	149	2.26593
41	171	6.0949
42	69	0.76542
42	80	0.743494
42	111	0.73616
42	119	0.719906
42	139	1.90304
42	140	1.48175
42	150	0.728791
42	157	0.669632
42	159	0.658475
42	173	0.666271
42	176	0.657359
42	177	0.655535
42	178	0.680865
42	179	0.675009
42	180	0.64854
43	49	0.761531
43	61	0.736304
43	68	0.736715
43	85	0.758644
43	92	0.756508
43	95	0.752969
43	96	0.749076
43	101	0.767523
43	104	0.767482
43	107	0.767446
43	138	3.23498
43	158	2.50463
43	161	0.768807
43	164	4.10479
43	172	0.684155
44	6	0.241947
44	29	0.774611
44	61	0.734743
44	68	0.735153
44	78	0.772822
44	85	0.757083
44	92	0.754946
44	95	0.751407
44	96	0.747514
44	101	0.765961
44	104	0.76592
44	107	0.765885
44	130	3.64483
44	146	4.4087
44	172	0.682594
45	3	0.814097
45	7	0.806406
45	27	0.865129
45	37	0.848274
45	121	0.775786
45	128	1.69555
45	132	0.842011
45	133	0.772925
45	139	0.840058
45	140	0.838225
45	144	3.17824
45	155	0.854816
45	156	0.753204
45	157	5.40436
45	170	1.8829
46	17	0.720906
46	49	0.764641
46	61	0.739414
46	65	0.753239
46	85	0.761754
46	92	0.759618
46	95	0.756079
46	96	0.752186
46	101	0.770633
46	104	0.770592
46	107	0.770556
46	148	3.79679
46	151	1.63129
46	152	5.54671
46	172	0.687265
47	15	0.721294
47	25	0.780833
47	33	0.767457
47	36	0.761353
47	93	0.753264
47	103	0.771407
47	105	0.730707
47	106	0.731766
47	110	0.795343
47	115	0.783336
47	139	0.759834
47	145	1.7954
47	165	4.72565
47	171	0.663062
47	173	4.14468
48	1	0.721674
48	9	0.80657
48	12	0.703318
48	13	0.788214
48	16	0.703053
48	26	0.762884
48	31	0.745128
48	32	0.744947
48	35	0.744811
48	38	0.744725
48	79	2.03804
48	94	2.93818
48	116	0.786173
48	161	0.758927
48	164	4.91999
49	17	0.714882
49	43	0.761531
49	46	0.764641
49	65	0.747214
49	78	0.771469
49	92	0.753594
49	95	0.750055
49	101	0.764609
49	104	0.764567
49	107	0.764532
49	118	4.54814
49	121	4.28209
49	131	1.20795
49	161	0.765893
49	172	0.681241
50	28	0.702032
50	58	0.597502
50	62	0.727113
50	67	0.794383
50	71	0.798198
50	74	0.737473
50	83	0.778708
50	116	0.789645
50	127	2.71918
50	139	0.755769
50	151	0.726017
50	154	2.50925
50	155	0.770527
50	171	0.658997
50	172	5.1129
51	21	0.85318
51	70	0.831913
51	76	0.818833
51	84	0.767504
51	86	0.807405
51	87	0.807346
51	89	0.809719
51	98	0.887211
51	118	3.98099
51	122	0.771838
51	129	1.92466
51	136	3.07792
51	140	0.807942
51	143	3.88611
51	165	0.712349
51	172	0.731753
52	4	0.72429
52	70	0.782767
52	84	0.718358
52	86	0.75826
52	87	0.7582
52	89	0.760573
52	98	0.838066
52	122	0.722692
52	134	0.716169
52	140	0.758796
52	145	2.16377
52	147	0.723155
52	150	1.58671
52	156	6.8272
52	165	0.663204
52	172	0.682607
53	41	0.798469
53	55	0.802329
53	64	0.847945
53	72	0.776332
53	73	1.5662
53	75	0.787023
53	82	0.823007
53	88	0.809787
53	91	0.81586
53	97	0.799496
53	99	0.796853
53	100	0.834899
53	108	3.49607
53	141	1.48458
53	165	0.713823
53	176	5.72881
54	115	4.70762
54	118	0.651964
54	144	0.647299
54	145	0.691707
54	146	0.666684
54	148	0.652312
54	158	0.671974
54	163	0.654186
54	169	0.646776
54	173	0.6245
54	175	0.588713
54	176	0.615588
54	177	0.613764
54	178	0.639094
54	179	0.633238
54	180	0.606768
55	18	0.716442
55	53	0.802329
55	57	0.747424
55	72	0.716073
55	75	0.726763
55	77	0.721757
55	82	0.762747
55	88	0.749527
55	97	0.739237
55	99	0.736594
55	100	0.774639
55	140	0.749157
55	153	3.24586
55	156	0.664136
55	168	3.23263
55	170	4.17054
56	2	0.711298
56	8	0.701104
56	11	0.7729
56	19	0.701929
56	34	0.737334
56	39	0.744521
56	60	0.779871
56	116	0.778847
56	122	4.05883
56	127	3.66895
56	131	0.757774
56	132	0.746925
56	133	0.677839
56	150	2.68979
56	155	0.759729
56	161	0.751601
57	18	0.721796
57	41	0.743564
57	55	0.747424
57	64	0.79304
57	69	1.86859
57	72	0.721427
57	82	0.768102
57	88	0.754882
57	91	0.760955
57	97	0.744591
57	99	0.741948
57	100	0.779994
57	131	1.51066
57	156	0.66949
57	165	0.658918
57	176	7.20747
58	20	0.557745
58	28	0.547903
58	50	0.597502
58	59	1.1848
58	62	0.84079
58	67	0.888948
58	71	0.644069
58	74	0.583344
58	83	0.624579
58	116	0.635516
58	128	1.22151
58	131	2.65888
58	151	0.571888
58	155	0.616398
58	171	0.671266
58	175	14.2324
58	178	3.2702
59	27	1.33169
59	29	2.65859
59	58	1.1848
59	71	0.768657
59	74	0.707932
59	83	0.749167
59	93	0.719658
59	105	0.697101
59	110	0.761736
59	115	0.74973
59	161	1.62629
59	166	0.698828
59	171	0.629455
59	174	0.669431
59	178	0.666254
59	179	0.660398
59	180	0.633928
60	2	0.761135
60	8	0.750941
60	11	0.822736
60	19	0.751766
60	34	0.78717
60	39	0.794358
60	40	2.38878
60	56	0.779871
60	108	3.48234
60	116	0.828684
60	122	2.11706
60	131	0.807611
60	132	0.796761
60	133	0.727675
60	155	0.809566
60	161	0.801438
60	174	3.42205
61	29	0.748032
61	43	0.736304
61	44	0.734743
61	46	0.739414
61	65	0.721988
61	68	0.708574
61	78	0.746243
61	85	0.730503
61	95	0.724828
61	101	0.739382
61	104	0.739341
61	107	0.739305
61	109	2.47821
61	150	1.84366
61	161	0.740666
61	171	6.50746
61	172	0.656015
62	14	0.228276
62	20	0.687356
62	28	0.677514
62	50	0.727113
62	58	0.84079
62	67	0.769865
62	71	0.77368
62	74	0.712955
62	83	0.75419
62	116	0.765127
62	128	0.734281
62	139	0.731251
62	151	0.701499
62	155	0.746009
62	157	5.63646
62	171	0.634479
62	172	4.05854
63	18	0.679289
63	27	0.738907
63	37	0.722053
63	38	3.77327
63	75	0.68961
63	77	0.684604
63	92	1.42854
63	97	0.702084
63	100	0.737486
63	127	0.69222
63	149	0.697552
63	155	0.728594
63	156	0.626983
63	173	0.639268
63	175	0.603481
63	179	0.648006
63	180	0.621537
64	41	0.783826
64	53	0.847945
64	57	0.79304
64	72	0.761689
64	75	0.77238
64	77	0.767374
64	88	0.795144
64	91	0.801217
64	97	0.784853
64	99	0.78221
64	100	0.820256
64	128	1.92024
64	132	0.798559
64	133	4.06201
64	151	2.95291
64	162	3.8589
64	165	0.69918
65	46	0.753239
65	49	0.747214
65	61	0.721988
65	68	0.722398
65	78	0.760067
65	85	0.744328
65	95	0.738653
65	96	0.734759
65	101	0.753207
65	104	0.753165
65	107	0.75313
65	129	1.55859
65	144	3.49357
65	161	0.754491
65	172	0.669839
65	173	5.85179
66	37	4.72224
66	70	0.599104
66	121	0.677142
66	124	0.690367
66	126	0.692666
66	127	0.719798
66	156	0.654561
66	165	0.643989
66	166	0.714014
66	167	0.699466
66	168	0.72383
66	170	0.7086
66	173	0.666846
66	175	0.631059
66	177	0.65611
66	179	0.675584
66	180	0.649115
67	20	0.754627
67	28	0.744785
67	50	0.794383
67	58	0.888948
67	62	0.769865
67	71	0.840951
67	74	0.780226
67	83	0.821461
67	116	0.832398
67	127	2.81167
67	139	0.798522
67	151	0.76877
67	155	0.81328
67	158	1.80313
67	170	3.26185
67	171	0.70175
67	178	4.31997
68	43	0.736715
68	44	0.735153
68	61	0.708574
68	65	0.722398
68	78	0.746653
68	85	0.730914
68	95	0.725239
68	96	0.721345
68	101	0.739793
68	104	0.739751
68	107	0.739716
68	128	0.737476
68	151	3.87215
68	161	0.741076
68	164	4.28878
68	166	2.67151
68	172	0.656425
69	42	0.76542
69	57	1.86859
69	75	1.03703
69	98	0.932187
69	148	0.737733
69	154	0.780944
69	158	0.757396
69	162	0.750673
69	167	0.742541
69	169	0.732197
69	174	0.727693
69	175	0.674134
69	176	0.70101
69	177	0.699185
69	178	0.724515
69	179	0.718659
69	180	0.69219
70	23	0.803661
70	51	0.831913
70	52	0.782767
70	66	0.599104
70	76	0.791106
70	84	0.739777
70	86	0.779678
70	87	0.779619
70	89	0.781992
70	98	0.859485
70	122	0.744111
70	140	0.780215
70	147	0.744574
70	154	1.8684
70	163	1.78793
70	165	0.684622
70	172	0.704026
70	180	7.35592
71	20	0.758442
71	28	0.7486
71	50	0.798198
71	58	0.644069
71	59	0.768657
71	62	0.77368
71	67	0.840951
71	74	0.784041
71	83	0.825276
71	94	1.4364
71	128	0.805367
71	139	0.802337
71	147	3.27086
71	151	0.772585
71	155	0.817095
71	162	3.90758
71	171	0.705565
71	174	4.52146
72	41	0.712213
72	53	0.776332
72	55	0.716073
72	57	0.721427
72	64	0.761689
72	75	0.700767
72	77	0.695761
72	82	0.736751
72	88	0.723531
72	91	0.729605
72	97	0.713241
72	99	0.710597
72	100	0.748643
72	113	4.88782
72	140	0.72316
72	141	2.82472
72	156	0.638139
72	169	4.10773
73	23	2.07926
73	29	3.15454
73	53	1.5662
73	80	0.789285
73	117	0.740122
73	126	0.737881
73	130	0.764099
73	141	0.765263
73	164	0.738335
73	169	0.734338
73	173	0.712062
73	175	0.676275
73	176	0.70315
73	177	0.701326
73	178	0.726656
73	179	0.7208
73	180	0.694331
74	20	0.697717
74	28	0.687875
74	50	0.737473
74	58	0.583344
74	59	0.707932
74	62	0.712955
74	67	0.780226
74	71	0.784041
74	83	0.764551
74	116	0.775488
74	128	0.744642
74	139	0.741612
74	151	0.71186
74	155	0.75637
74	162	3.52749
74	171	0.64484
74	174	4.14138
74	178	3.9548
75	41	0.722904
75	53	0.787023
75	55	0.726763
75	63	0.68961
75	64	0.77238
75	69	1.03703
75	72	0.700767
75	77	0.706451
75	88	0.734221
75	91	0.740295
75	97	0.723931
75	99	0.721288
75	100	0.759333
75	140	0.73385
75	156	0.648829
75	165	0.638258
75	170	2.83818
75	173	6.49175
76	4	0.732629
76	21	0.812373
76	23	0.790581
76	51	0.818833
76	70	0.791106
76	80	1.41317
76	84	0.726697
76	86	0.766598
76	87	0.766539
76	89	0.768912
76	98	0.846405
76	114	1.33505
76	134	0.724508
76	140	0.767135
76	147	0.731494
76	165	0.671542
76	167	4.96909
76	172	0.690946
76	174	5.12161
77	18	0.69613
77	55	0.721757
77	63	0.684604
77	64	0.767374
77	72	0.695761
77	75	0.706451
77	80	3.07056
77	82	0.742435
77	88	0.729215
77	91	0.735289
77	97	0.718925
77	99	0.716282
77	100	0.754327
77	132	0.73263
77	140	0.728844
77	150	4.10498
77	156	0.643823
77	165	0.633252
77	166	4.05848
78	17	0.727735
78	29	0.786111
78	44	0.772822
78	49	0.771469
78	61	0.746243
78	65	0.760067
78	68	0.746653
78	90	8
78	92	0.766447
78	95	0.762908
78	96	0.759015
78	101	0.777462
78	104	0.777421
78	107	0.777385
78	114	1.64204
78	149	1.84029
78	161	0.778746
78	167	2.01377
78	172	0.694094
79	48	2.03804
79	110	0.98485
79	118	0.762436
79	139	0.70899
79	144	0.757771
79	150	0.797492
79	154	0.805994
79	161	1.13537
79	162	0.775723
79	163	0.764658
79	168	0.791956
79	169	0.757248
79	170	0.776726
79	174	0.752743
79	176	0.72606
79	177	0.724236
79	178	0.749566
79	179	0.74371
79	180	0.717241
80	7	3.11627
80	42	0.743494
80	73	0.789285
80	76	1.41317
80	77	3.07056
80	117	0.716055
80	121	0.698291
80	146	0.730179
80	158	0.735469
80	163	0.717681
80	168	0.744979
80	169	0.710271
80	173	0.687995
80	174	0.705767
80	176	0.679084
80	177	0.677259
80	178	0.702589
80	179	0.696733
80	180	0.670264
81	22	0.802655
81	24	0.782444
81	25	0.789856
81	33	0.77648
81	36	0.770375
81	93	0.762287
81	103	0.780429
81	106	0.740789
81	110	0.804366
81	115	0.792359
81	121	0.704585
81	131	0.78166
81	134	0.724398
81	138	1.5041
81	143	3.31869
81	151	0.739105
81	159	5.99013
81	164	2.37391
81	171	0.672085
82	18	0.73712
82	41	0.758888
82	53	0.823007
82	55	0.762747
82	57	0.768102
82	72	0.736751
82	77	0.742435
82	88	0.770205
82	91	0.776279
82	97	0.759915
82	99	0.757271
82	100	0.795317
82	113	3.46478
82	122	2.04789
82	132	0.77362
82	140	0.769834
82	162	2.739
82	165	0.674242
82	173	5.76176
83	20	0.738952
83	28	0.72911
83	50	0.778708
83	58	0.624579
83	59	0.749167
83	62	0.75419
83	67	0.821461
83	71	0.825276
83	74	0.764551
83	116	0.816723
83	128	0.785877
83	131	1.82052
83	139	0.782847
83	149	3.3851
83	151	0.753095
83	155	0.797605
83	158	2.52089
83	171	0.686075
83	179	5.11322
84	4	0.6813
84	21	0.761044
84	23	0.739252
84	51	0.767504
84	52	0.718358
84	70	0.739777
84	76	0.726697
84	86	0.715269
84	87	0.71521
84	89	0.717583
84	98	0.795076
84	122	0.679702
84	126	4.16624
84	134	0.673179
84	140	0.715806
84	154	2.89998
84	165	0.620213
84	172	0.639617
84	179	4.69371
85	29	0.770372
85	43	0.758644
85	44	0.757083
85	46	0.761754
85	61	0.730503
85	65	0.744328
85	68	0.730914
85	92	0.750707
85	95	0.747168
85	96	0.743275
85	101	0.761722
85	104	0.761681
85	107	0.761645
85	128	0.759406
85	131	2.01814
85	137	3.28658
85	141	3.47071
85	161	0.763006
85	169	4.75372
85	172	0.678355
86	4	0.721201
86	21	0.800945
86	23	0.779154
86	51	0.807405
86	52	0.75826
86	70	0.779678
86	76	0.766598
86	84	0.715269
86	87	0.755111
86	89	0.757484
86	98	0.834977
86	108	3.42159
86	117	3.99623
86	120	2.18486
86	134	0.71308
86	135	4.96163
86	140	0.755707
86	147	0.720066
86	165	0.660115
86	172	0.679518
87	4	0.721141
87	21	0.800885
87	23	0.779094
87	51	0.807346
87	52	0.7582
87	70	0.779619
87	76	0.766539
87	84	0.71521
87	86	0.755111
87	89	0.757425
87	98	0.834917
87	112	3.24765
87	128	2.54951
87	134	0.71302
87	140	0.755648
87	145	3.00508
87	147	0.720007
87	165	0.660055
87	172	0.679459
87	178	4.91548
88	18	0.7239
88	41	0.745668
88	53	0.809787
88	55	0.749527
88	57	0.754882
88	64	0.795144
88	72	0.723531
88	75	0.734221
88	77	0.729215
88	82	0.770205
88	91	0.763059
88	97	0.746695
88	99	0.744052
88	100	0.782097
88	126	3.57723
88	132	0.7604
88	145	2.11881
88	156	0.671594
88	164	3.11253
88	172	4.91464
89	4	0.723515
89	21	0.803259
89	23	0.781467
89	51	0.809719
89	52	0.760573
89	70	0.781992
89	76	0.768912
89	84	0.717583
89	86	0.757484
89	87	0.757425
89	98	0.83729
89	122	0.721917
89	134	0.715394
89	147	0.72238
89	165	0.662428
89	166	2.06946
89	168	2.60738
89	169	4.12178
89	172	0.681832
89	179	4.6789
90	30	0.623637
90	78	8
90	113	0.649109
90	114	0.738924
90	120	0.669854
90	127	0.656123
90	157	0.606532
90	158	0.650645
90	160	0.641633
90	163	0.632857
90	164	0.629444
90	167	0.635791
90	170	0.644925
90	173	0.603171
90	174	0.620942
90	176	0.594259
90	177	0.592435
90	178	0.617765
90	179	0.611909
90	180	0.58544
91	18	0.729973
91	41	0.751741
91	53	0.81586
91	57	0.760955
91	64	0.801217
91	72	0.729605
91	75	0.740295
91	77	0.735289
91	82	0.776279
91	88	0.763059
91	97	0.752769
91	99	0.750125
91	100	0.788171
91	112	3.10743
91	140	0.762688
91	146	3.16609
91	156	0.677667
91	165	0.667096
91	166	2.24131
91	178	4.77526
92	17	0.709859
92	29	0.768235
92	43	0.756508
92	44	0.754946
92	46	0.759618
92	49	0.753594
92	63	1.42854
92	78	0.766447
92	85	0.750707
92	95	0.745032
92	96	0.741139
92	101	0.759586
92	104	0.759545
92	107	0.759509
92	128	0.757269
92	161	0.76087
92	162	2.12259
92	170	1.49178
92	172	0.676218
92	180	7.62791
93	15	0.714798
93	22	0.787136
93	24	0.766925
93	33	0.760961
93	47	0.753264
93	59	0.719658
93	81	0.762287
93	103	0.76491
93	105	0.724211
93	106	0.72527
93	110	0.788847
93	115	0.77684
93	121	0.689066
93	131	0.766141
93	134	0.708878
93	136	1.77788
93	139	0.753338
93	142	2.22528
93	171	0.656566
93	174	2.74454
93	180	7.63597
94	6	0.873696
94	36	1.70183
94	48	2.93818
94	71	1.4364
94	97	0.914108
94	111	0.776001
94	120	0.772795
94	130	0.758149
94	136	0.751886
94	137	0.760545
94	145	0.77332
94	159	0.698317
94	166	0.75328
94	168	0.763096
94	170	0.747866
94	173	0.706112
94	175	0.670325
94	176	0.6972
94	177	0.695376
94	178	0.720706
94	180	0.688381
95	17	0.70632
95	29	0.764697
95	43	0.752969
95	44	0.751407
95	46	0.756079
95	49	0.750055
95	61	0.724828
95	65	0.738653
95	68	0.725239
95	78	0.762908
95	85	0.747168
95	92	0.745032
95	96	0.7376
95	101	0.756047
95	104	0.756006
95	107	0.75597
95	111	1.75858
95	125	1.84314
95	133	3.6018
95	165	7.00242
95	172	0.672679
96	17	0.702427
96	29	0.760803
96	43	0.749076
96	44	0.747514
96	46	0.752186
96	65	0.734759
96	68	0.721345
96	78	0.759015
96	85	0.743275
96	92	0.741139
96	95	0.7376
96	101	0.752154
96	104	0.752112
96	107	0.752077
96	128	0.749837
96	133	4.33619
96	144	4.79763
96	145	2.65
96	161	0.753438
96	168	2.56437
96	172	0.668786
97	18	0.713609
97	41	0.735378
97	53	0.799496
97	55	0.739237
97	57	0.744591
97	63	0.702084
97	64	0.784853
97	72	0.713241
97	75	0.723931
97	77	0.718925
97	82	0.759915
97	88	0.746695
97	91	0.752769
97	94	0.914108
97	99	0.733761
97	100	0.771807
97	121	3.66952
97	132	0.75011
97	151	2.47929
97	156	0.661303
97	165	0.650732
97	171	5.98894
98	4	0.801007
98	21	0.880751
98	23	0.85896
98	51	0.887211
98	52	0.838066
98	69	0.932187
98	70	0.859485
98	76	0.846405
98	84	0.795076
98	86	0.834977
98	87	0.834917
98	89	0.83729
98	111	1.72404
98	114	2.13102
98	121	3.64839
98	134	0.792886
98	140	0.835513
98	147	0.799872
98	153	1.80867
98	156	6.5445
98	165	0.739921
98	172	0.759324
99	18	0.710966
99	41	0.732734
99	53	0.796853
99	55	0.736594
99	57	0.741948
99	64	0.78221
99	72	0.710597
99	75	0.721288
99	77	0.716282
99	82	0.757271
99	88	0.744052
99	91	0.750125
99	97	0.733761
99	100	0.769164
99	123	3.68531
99	125	2.97595
99	132	0.747467
99	137	3.01005
99	140	0.743681
99	156	0.65866
99	163	4.46883
99	165	0.648088
100	18	0.749012
100	41	0.77078
100	53	0.834899
100	55	0.774639
100	57	0.779994
100	63	0.737486
100	64	0.820256
100	72	0.748643
100	75	0.759333
100	77	0.754327
100	82	0.795317
100	88	0.782097
100	91	0.788171
100	97	0.771807
100	99	0.769164
100	136	3.26456
100	138	2.25816
100	140	0.781726
100	151	2.71133
100	156	0.696705
100	160	4.56641
100	163	3.55466
100	165	0.686134
101	17	0.720874
101	29	0.77925
101	43	0.767523
101	44	0.765961
101	46	0.770633
101	49	0.764609
101	61	0.739382
101	65	0.753207
101	68	0.739793
101	78	0.777462
101	85	0.761722
101	92	0.759586
101	95	0.756047
101	96	0.752154
101	104	0.77056
101	107	0.770524
101	109	2.64954
101	125	2.51958
101	128	0.768285
101	147	3.43842
101	160	5.02421
101	161	0.771885
101	170	3.44432
101	172	0.687233
102	105	2.2528
102	106	0.905163
102	109	0.738465
102	110	1.7045
102	112	0.734643
102	120	0.728087
102	136	0.707178
102	141	0.714605
102	143	0.692362
102	146	0.703588
102	157	0.664765
102	158	0.708878
102	163	0.69109
102	164	0.687677
102	168	0.718388
102	170	0.703158
102	171	0.6392
102	173	0.661404
102	174	0.679175
102	176	0.652492
102	178	0.675998
102	179	0.670142
102	180	0.643673
103	15	0.73294
103	22	0.805278
103	24	0.785067
103	33	0.779103
103	36	0.772999
103	47	0.771407
103	81	0.780429
103	93	0.76491
103	105	0.742354
103	106	0.743413
103	109	2.94894
103	110	0.806989
103	115	0.794982
103	119	3.60387
103	121	0.707209
103	122	0.733544
103	124	4.11919
103	131	0.784283
103	139	0.77148
103	147	0.734007
103	151	0.741728
103	154	3.08361
103	168	2.80582
103	171	0.674708
104	17	0.720833
104	29	0.779209
104	43	0.767482
104	44	0.76592
104	46	0.770592
104	49	0.764567
104	61	0.739341
104	65	0.753165
104	68	0.739751
104	78	0.777421
104	85	0.761681
104	92	0.759545
104	95	0.756006
104	96	0.752112
104	101	0.77056
104	107	0.770483
104	120	2.50681
104	124	2.81402
104	128	0.768243
104	148	4.32887
104	150	2.14488
104	161	0.771844
104	172	0.687192
104	176	5.97628
105	15	0.692241
105	22	0.764579
105	24	0.744368
105	25	0.75178
105	33	0.738404
105	36	0.7323
105	47	0.730707
105	59	0.697101
105	93	0.724211
105	102	2.2528
105	103	0.742354
105	106	0.702713
105	110	0.76629
105	115	0.754283
105	122	0.692845
105	128	1.92955
105	131	0.743584
105	134	0.686322
105	139	0.730781
105	147	0.693308
105	151	0.701029
105	165	7.47194
105	168	2.2995
105	171	0.634009
106	15	0.6933
106	22	0.765638
106	24	0.745427
106	25	0.752839
106	33	0.739463
106	36	0.733359
106	47	0.731766
106	81	0.740789
106	93	0.72527
106	102	0.905163
106	103	0.743413
106	105	0.702713
106	110	0.767349
106	115	0.755342
106	118	3.07087
106	121	0.667568
106	122	0.693904
106	131	0.744643
106	134	0.687381
106	143	2.97599
106	147	0.694367
106	151	0.702088
106	171	0.635068
106	177	7.21152
107	5	1.24342
107	17	0.720798
107	29	0.779174
107	43	0.767446
107	44	0.765885
107	46	0.770556
107	49	0.764532
107	61	0.739305
107	65	0.75313
107	68	0.739716
107	78	0.777385
107	85	0.761645
107	92	0.759509
107	95	0.75597
107	96	0.752077
107	101	0.770524
107	104	0.770483
107	128	0.768208
107	134	3.34047
107	137	3.12876
107	161	0.771808
107	163	4.58754
107	166	2.54357
107	172	0.687157
108	53	3.49607
108	60	3.48234
108	86	3.42159
108	118	0.67636
108	119	0.702531
108	125	0.73308
108	138	0.720477
108	141	0.702097
108	145	0.716104
108	148	0.676708
108	154	0.719918
108	158	0.69637
108	159	0.6411
108	160	0.687358
108	162	0.689647
108	164	0.675169
108	167	0.681516
108	168	0.70588
108	170	0.69065
108	173	0.648896
108	175	0.613109
108	176	0.639984
108	177	0.63816
108	178	0.66349
108	179	0.657634
108	180	0.631165
109	31	1.9233
109	61	2.47821
109	101	2.64954
109	102	0.738465
109	103	2.94894
109	121	0.698129
109	129	0.759336
109	130	0.739871
109	144	0.710632
109	145	0.755041
109	147	0.724928
109	149	0.746117
109	153	0.750542
109	158	0.735308
109	163	0.717519
109	164	0.714106
109	167	0.720453
109	170	0.729587
109	173	0.687833
109	174	0.705605
109	175	0.652046
109	176	0.678922
109	177	0.677097
109	179	0.696571
109	180	0.670102
110	15	0.756877
110	22	0.829214
110	24	0.809003
110	30	4.65623
110	33	0.80304
110	36	0.796935
110	47	0.795343
110	59	0.761736
110	79	0.98485
110	81	0.804366
110	93	0.788847
110	102	1.7045
110	103	0.806989
110	105	0.76629
110	106	0.767349
110	112	2.41691
110	115	0.818919
110	119	2.88677
110	121	0.731145
110	122	0.757481
110	131	0.80822
110	139	0.795417
110	147	0.757944
110	151	0.765665
110	170	3.02663
110	171	0.698644
111	18	3.97871
111	42	0.73616
111	94	0.776001
111	95	1.75858
111	98	1.72404
111	118	0.708125
111	127	0.733612
111	132	1.59087
111	142	0.719228
111	143	0.711619
111	146	0.722845
111	148	0.708473
111	150	0.74318
111	152	0.692718
111	162	0.721412
111	164	0.706933
111	166	0.727829
111	167	0.713281
111	169	0.702937
111	170	0.722415
111	174	0.698432
111	175	0.644874
111	177	0.669925
111	178	0.695255
111	179	0.689399
111	180	0.662929
112	15	2.02801
112	87	3.24765
112	91	3.10743
112	102	0.734643
112	110	2.41691
112	123	0.710092
112	129	0.755514
112	135	0.709363
112	142	0.722579
112	144	0.70681
112	146	0.726195
112	153	0.74672
112	154	0.755034
112	156	0.671726
112	157	0.687373
112	159	0.676216
112	167	0.716632
112	168	0.740996
112	169	0.706287
112	173	0.684011
112	174	0.701783
112	175	0.648224
112	176	0.6751
112	177	0.673275
112	178	0.698605
112	179	0.692749
112	180	0.66628
113	28	2.0474
113	72	4.88782
113	82	3.46478
113	90	0.649109
113	117	0.684769
113	123	0.682791
113	124	0.680231
113	130	0.708747
113	135	0.682062
113	136	0.702484
113	144	0.679509
113	148	0.684521
113	149	0.714994
113	153	0.719418
113	157	0.660071
113	158	0.704184
113	162	0.697461
113	167	0.68933
113	168	0.713694
113	173	0.65671
113	174	0.674481
113	175	0.620923
113	176	0.647798
113	177	0.645974
113	178	0.671304
113	180	0.638978
114	25	2.10845
114	34	2.17735
114	76	1.33505
114	78	1.64204
114	90	0.738924
114	98	2.13102
114	123	0.772606
114	124	0.770047
114	125	0.830709
114	129	0.818028
114	132	0.0583053
114	135	0.771877
114	142	0.785093
114	143	0.777483
114	144	0.769324
114	149	0.804809
114	154	0.817548
114	158	0.794
114	166	0.793693
114	170	0.788279
114	173	0.746526
114	175	0.710738
114	176	0.737614
114	177	0.735789
114	178	0.761119
114	179	0.755263
114	180	0.728794
115	15	0.74487
115	22	0.817208
115	24	0.796997
115	25	0.804409
115	33	0.791033
115	36	0.784928
115	47	0.783336
115	54	4.70762
115	59	0.74973
115	81	0.792359
115	93	0.77684
115	103	0.794982
115	105	0.754283
115	106	0.755342
115	110	0.818919
115	122	0.745474
115	131	0.796213
115	134	0.73895
115	139	0.78341
115	147	0.745937
115	148	3.39575
115	151	0.753658
115	154	2.04412
115	167	2.59762
115	171	0.686638
115	174	2.75013
115	178	2.56356
116	8	0.749917
116	11	0.821713
116	31	0.786616
116	32	0.786434
116	34	0.786147
116	35	0.786299
116	38	0.786212
116	39	0.793334
116	48	0.786173
116	50	0.789645
116	56	0.778847
116	58	0.635516
116	60	0.828684
116	62	0.765127
116	67	0.832398
116	74	0.775488
116	83	0.816723
116	134	2.40773
116	146	2.53561
116	153	2.16199
116	154	2.42655
116	155	0.808542
116	161	0.800414
116	167	4.17884
116	171	0.697012
116	172	5.03021
117	2	3.13589
117	6	0.806416
117	26	4.06788
117	73	0.740122
117	80	0.716055
117	86	3.99623
117	113	0.684769
117	119	0.692467
117	122	0.675464
117	135	0.664184
117	138	0.710413
117	149	0.697116
117	152	0.650889
117	157	0.642193
117	158	0.686306
117	163	0.668518
117	164	0.665104
117	167	0.671452
117	168	0.695816
117	169	0.661108
117	173	0.638832
117	174	0.656603
117	175	0.603045
117	176	0.62992
117	177	0.628096
117	178	0.653426
117	179	0.64757
117	180	0.6211
118	49	4.54814
118	51	3.98099
118	54	0.651964
118	79	0.762436
118	106	3.07087
118	108	0.67636
118	111	0.708125
118	123	0.664317
118	124	0.661758
118	125	0.72242
118	127	0.691188
118	129	0.709739
118	134	0.668345
118	135	0.663588
118	143	0.669194
118	146	0.68042
118	149	0.69652
118	152	0.650293
118	153	0.700945
118	159	0.630441
118	166	0.685404
118	170	0.67999
118	174	0.656008
118	175	0.602449
118	176	0.629325
118	177	0.6275
118	178	0.65283
118	179	0.646974
118	180	0.620505
119	13	2.67497
119	27	2.43439
119	42	0.719906
119	103	3.60387
119	108	0.702531
119	110	2.88677
119	117	0.692467
119	126	0.690227
119	129	0.735909
119	134	0.694516
119	135	0.689759
119	138	0.735989
119	145	0.731615
119	149	0.722691
119	153	0.727116
119	154	0.73543
119	160	0.702869
119	162	0.705159
119	166	0.711575
119	168	0.721392
119	170	0.706161
119	173	0.664407
119	174	0.682179
119	175	0.62862
119	176	0.655496
119	177	0.653671
119	178	0.679001
119	179	0.673145
119	180	0.646676
120	9	2.98206
120	22	3.52627
120	40	0.739564
120	86	2.18486
120	90	0.669854
120	94	0.772795
120	102	0.728087
120	104	2.50681
120	145	0.744663
120	151	0.722271
120	153	0.740164
120	156	0.66517
120	157	0.680816
120	160	0.715917
120	163	0.707141
120	167	0.710075
120	168	0.73444
120	169	0.699731
120	170	0.719209
120	172	0.674002
120	173	0.677455
120	174	0.695227
120	175	0.641668
120	176	0.668544
120	177	0.666719
120	178	0.692049
120	179	0.686193
120	180	0.659724
121	3	0.669675
121	7	0.661985
121	27	0.720707
121	37	0.703853
121	45	0.775786
121	49	4.28209
121	66	0.677142
121	80	0.698291
121	81	0.704585
121	93	0.689066
121	97	3.66952
121	98	3.64839
121	103	0.707209
121	106	0.667568
121	109	0.698129
121	110	0.731145
121	122	0.6577
121	139	0.695636
121	142	0.659635
121	147	0.658163
121	155	0.710394
121	156	0.608783
121	171	0.598864
121	172	0.617615
121	173	0.621068
121	174	0.63884
121	176	0.612157
121	179	0.629806
121	180	0.603337
122	15	0.683432
122	23	0.743586
122	25	0.742971
122	36	0.72349
122	38	3.77621
122	51	0.771838
122	52	0.722692
122	56	4.05883
122	60	2.11706
122	70	0.744111
122	82	2.04789
122	84	0.679702
122	89	0.721917
122	103	0.733544
122	105	0.692845
122	106	0.693904
122	110	0.757481
122	115	0.745474
122	117	0.675464
122	121	0.6577
122	162	0.688155
122	165	0.624547
122	169	0.66968
122	170	0.689158
122	172	0.643951
122	175	0.611617
122	177	0.636668
122	178	0.661998
122	179	0.656142
122	180	0.629673
123	25	3.43875
123	99	3.68531
123	112	0.710092
123	113	0.682791
123	114	0.772606
123	118	0.664317
123	124	0.660374
123	129	0.708355
123	130	0.68889
123	137	0.691286
123	139	3.23412
123	143	0.667811
123	145	0.704061
123	150	0.699373
123	154	0.707875
123	160	0.675315
123	163	0.666539
123	164	0.663126
123	168	0.693837
123	170	0.678607
123	171	0.614649
123	173	0.636853
123	174	0.654625
123	175	0.601066
123	176	0.627941
123	177	0.626117
123	178	0.651447
123	179	0.645591
123	180	0.619122
124	10	0.649892
124	66	0.690367
124	103	4.11919
124	104	2.81402
124	113	0.680231
124	114	0.770047
124	118	0.661758
124	123	0.660374
124	125	0.718478
124	135	0.659645
124	139	3.82497
124	141	0.687495
124	143	0.665252
124	146	0.676477
124	148	0.662105
124	152	0.646351
124	153	0.697002
124	154	0.705316
124	157	0.637655
124	160	0.672755
124	166	0.681462
124	167	0.666914
124	170	0.676048
124	173	0.634294
124	174	0.652065
124	176	0.625382
124	177	0.623557
124	178	0.648888
124	179	0.643031
124	180	0.616562
125	33	2.72564
125	41	1.93569
125	95	1.84314
125	99	2.97595
125	101	2.51958
125	108	0.73308
125	114	0.830709
125	118	0.72242
125	124	0.718478
125	141	0.748157
125	145	0.762164
125	146	0.73714
125	150	0.757476
125	153	0.757665
125	157	0.698317
125	159	0.687161
125	160	0.733418
125	163	0.724642
125	164	0.721229
125	166	0.742124
125	169	0.717232
125	170	0.73671
125	171	0.672752
125	172	0.691503
125	175	0.659169
125	176	0.686045
125	177	0.68422
125	178	0.70955
125	179	0.703694
125	180	0.677225
126	10	0.652191
126	33	4.25653
126	40	0.6987
126	66	0.692666
126	73	0.737881
126	84	4.16624
126	88	3.57723
126	119	0.690227
126	129	0.708094
126	138	0.708173
126	144	0.659391
126	145	0.703799
126	146	0.678775
126	152	0.648649
126	153	0.6993
126	157	0.639953
126	158	0.684066
126	162	0.677343
126	163	0.666278
126	168	0.693576
126	169	0.658868
126	170	0.678346
126	171	0.614387
126	174	0.654363
126	175	0.600805
126	176	0.62768
126	177	0.625856
126	178	0.651186
126	179	0.64533
126	180	0.61886
127	30	0.68419
127	33	3.20021
127	50	2.71918
127	56	3.66895
127	63	0.69222
127	66	0.719798
127	67	2.81167
127	90	0.656123
127	111	0.733612
127	118	0.691188
127	138	0.735305
127	142	0.702291
127	143	0.694682
127	145	0.730931
127	148	0.691536
127	149	0.722008
127	151	0.70854
127	152	0.675781
127	154	0.734746
127	159	0.655928
127	162	0.704475
127	164	0.689996
127	166	0.710892
127	172	0.660271
127	173	0.663724
127	174	0.681495
127	175	0.627937
127	177	0.652988
127	178	0.678318
127	179	0.672462
127	180	0.645993
128	11	1.75499
128	22	2.15017
128	45	1.69555
128	58	1.22151
128	62	0.734281
128	64	1.92024
128	68	0.737476
128	71	0.805367
128	74	0.744642
128	83	0.785877
128	85	0.759406
128	87	2.54951
128	92	0.757269
128	96	0.749837
128	101	0.768285
128	104	0.768243
128	105	1.92955
128	107	0.768208
128	155	0.777696
128	158	0.735844
128	162	0.729122
128	171	0.666166
128	172	0.684917
128	173	0.68837
128	174	0.706142
128	176	0.679459
128	177	0.677634
128	178	0.702964
128	179	0.697108
128	180	0.670639
129	16	3.60223
129	51	1.92466
129	65	1.55859
129	109	0.759336
129	112	0.755514
129	114	0.818028
129	118	0.709739
129	119	0.735909
129	123	0.708355
129	126	0.708094
129	136	0.728048
129	137	0.736707
129	139	1.5603
129	140	1.13901
129	149	0.740558
129	152	0.694331
129	154	0.753297
129	160	0.720736
129	163	0.711961
129	164	0.708547
129	166	0.729442
129	167	0.714895
129	169	0.70455
129	170	0.724029
129	174	0.700046
129	175	0.646487
129	176	0.673363
129	177	0.671538
129	178	0.696868
129	179	0.691012
129	180	0.664543
130	44	3.64483
130	73	0.764099
130	94	0.758149
130	109	0.739871
130	113	0.708747
130	123	0.68889
130	132	1.28526
130	133	0.670245
130	141	0.716011
130	143	0.693768
130	144	0.685609
130	148	0.690621
130	152	0.674867
130	155	0.410139
130	157	0.666171
130	158	0.710284
130	159	0.655014
130	161	2.56097
130	162	0.703561
130	164	0.689082
130	166	0.709978
130	167	0.69543
130	168	0.719794
130	173	0.66281
130	174	0.680581
130	175	0.627022
130	176	0.653898
130	177	0.652073
130	178	0.677404
130	179	0.671547
130	180	0.645078
131	8	0.728844
131	19	0.729669
131	34	0.765074
131	37	3.18385
131	49	1.20795
131	56	0.757774
131	57	1.51066
131	58	2.65888
131	60	0.807611
131	81	0.78166
131	83	1.82052
131	85	2.01814
131	93	0.766141
131	103	0.784283
131	105	0.743584
131	106	0.744643
131	110	0.80822
131	115	0.796213
131	132	0.774665
131	150	0.760663
131	155	0.787469
131	161	0.779342
131	163	0.727829
131	166	0.745311
131	171	0.675939
131	173	0.698143
131	175	0.662356
131	176	0.689232
131	178	0.712737
131	179	0.706881
131	180	0.680412
132	2	0.728189
132	7	0.728211
132	27	0.786933
132	34	0.754224
132	37	0.770079
132	39	0.761412
132	41	0.749083
132	45	0.842011
132	56	0.746925
132	60	0.796761
132	64	0.798559
132	77	0.73263
132	82	0.77362
132	88	0.7604
132	97	0.75011
132	99	0.747467
132	111	1.59087
132	114	0.0583053
132	130	1.28526
132	131	0.774665
132	138	1.87181
132	139	0.761862
132	140	0.76003
132	142	3.32561
132	155	0.77662
132	156	0.675009
132	161	0.768492
132	165	0.664437
132	177	7.92193
133	2	0.659103
133	3	0.666815
133	5	0.7126
133	19	0.649734
133	27	0.717847
133	37	0.700993
133	39	0.692326
133	45	0.772925
133	56	0.677839
133	60	0.727675
133	64	4.06201
133	95	3.6018
133	96	4.33619
133	130	0.670245
133	139	0.692776
133	140	0.690944
133	148	0.64602
133	150	0.680728
133	155	0.707534
133	156	0.605923
133	159	0.610412
133	160	0.65667
133	161	0.699406
133	167	0.650828
133	173	0.618208
133	174	0.635979
133	177	0.607472
133	178	0.632802
133	179	0.626946
133	180	0.600477
134	17	1.78039
134	20	5.27141
134	36	0.716967
134	52	0.716169
134	76	0.724508
134	81	0.724398
134	84	0.673179
134	86	0.71308
134	87	0.71302
134	89	0.715394
134	93	0.708878
134	98	0.792886
134	105	0.686322
134	106	0.687381
134	107	3.34047
134	115	0.73895
134	116	2.40773
134	118	0.668345
134	119	0.694516
134	146	0.683064
134	147	0.677976
134	153	0.703589
134	158	0.688355
134	162	0.681632
134	167	0.673501
134	171	0.618676
134	172	0.637427
134	174	0.658652
134	175	0.605093
134	177	0.630145
134	178	0.655475
134	180	0.623149
135	31	4.14147
135	39	3.2969
135	86	4.96163
135	112	0.709363
135	113	0.682062
135	114	0.771877
135	117	0.664184
