1	7	2.00852
1	64	0.987818
1	145	0.759833
1	158	0.733583
1	171	0.700592
1	172	0.733174
1	175	0.727097
1	176	0.711711
1	177	0.713983
1	178	0.694727
1	179	0.703894
1	180	0.716909
2	13	0.630667
2	27	0.691351
2	34	0.602533
2	38	0.671311
2	45	0.655261
2	51	1.08978
2	53	1.09421
2	111	1.10827
2	134	0.614578
2	149	2.25066
2	158	3.41663
2	171	8.23114
3	10	0.689004
3	18	0.742506
3	24	0.742549
3	37	0.723595
3	39	0.729803
3	93	0.707596
3	114	0.670537
3	117	0.707928
3	128	3.4179
3	142	3.77593
3	143	0.740363
3	164	0.74722
4	42	0.7569
4	88	0.731863
4	89	0.730697
4	95	0.715011
4	98	0.75038
4	99	0.707028
4	111	0.715029
4	125	5.0135
4	139	2.35377
4	160	0.705992
4	173	0.674041
4	174	0.688131
5	32	1.12051
5	108	1.17461
5	125	0.736486
5	153	0.771969
5	155	0.739806
5	172	0.725666
5	175	0.71959
5	176	0.704203
5	177	0.706476
5	178	0.68722
5	179	0.696386
5	180	0.709402
6	12	0.764896
6	29	0.66667
6	31	0.861327
6	40	0.713442
6	43	0.702663
6	61	0.695602
6	73	0.706667
6	128	0.728344
6	156	0.700935
6	161	3.859
6	165	3.48083
6	167	0.659789
7	1	2.00852
7	22	0.693664
7	26	0.767875
7	46	0.761403
7	49	3.56853
7	88	0.73215
7	95	0.715298
7	98	0.750667
7	99	0.707316
7	160	0.706279
7	173	0.674329
7	174	0.688419
8	13	0.703183
8	20	0.756961
8	27	0.763867
8	34	0.675049
8	38	0.743827
8	45	0.727777
8	51	0.690148
8	53	0.694574
8	111	0.70864
8	134	0.687094
8	150	3.26814
8	170	4.00962
9	84	0.802659
9	118	0.81394
9	124	2.51939
9	127	2.93177
9	129	0.795462
9	135	0.795656
9	144	0.772885
9	146	0.815907
9	147	0.806162
9	148	0.799588
9	156	0.798141
9	166	3.54946
10	3	0.689004
10	18	0.756139
10	24	0.756181
10	37	0.737228
10	39	0.743436
10	96	2.15689
10	114	0.684169
10	117	0.721561
10	143	0.753996
10	145	4.5639
10	164	0.760853
11	39	0.713507
11	89	3.34544
11	114	0.65424
11	117	0.691631
11	143	0.724066
11	162	0.645778
11	164	0.730923
11	176	0.611589
11	177	0.613861
11	178	0.594605
11	179	0.603772
11	180	0.616787
12	6	0.764896
12	36	0.751013
12	40	0.842381
12	62	0.802898
12	73	0.835606
12	76	1.83801
12	83	0.824705
12	91	0.760914
12	124	4.01045
12	156	0.829873
12	167	0.788728
12	174	2.83843
13	2	0.630667
13	8	0.703183
13	20	0.768313
13	34	0.686401
13	38	0.755179
13	45	0.739128
13	51	0.7015
13	53	0.705925
13	111	0.719991
13	131	1.76346
13	134	0.698445
13	175	5.24105
14	94	0.761003
14	101	1.98369
14	130	0.469972
14	131	0.786042
14	161	0.729325
14	168	0.746162
14	172	0.706842
14	174	0.731006
14	175	0.700766
14	178	0.668396
14	179	0.677562
14	180	0.690578
15	30	1.11156
15	34	1.91588
15	37	0.77027
15	114	0.717211
15	143	0.787037
15	157	0.768129
15	164	0.793894
15	169	0.69546
15	171	0.663441
15	178	0.657576
15	179	0.666743
15	180	0.679758
16	97	4.32759
16	100	0.762884
16	106	0.783878
16	108	0.786321
16	109	0.78013
16	115	3.13108
16	116	0.778538
16	129	0.786283
16	130	0.773735
16	144	0.763706
16	147	0.796983
16	148	0.790409
16	168	1.62712
17	33	0.743942
17	48	0.778962
17	56	0.769004
17	65	0.81514
17	66	0.816431
17	82	0.789251
17	90	0.779207
17	103	0.791979
17	105	0.79199
17	132	0.724919
17	141	3.0747
17	157	2.87638
17	164	2.77593
18	3	0.742506
18	10	0.756139
18	24	0.809684
18	37	0.79073
18	39	0.796938
18	93	0.774731
18	114	0.737672
18	117	0.775063
18	138	2.89386
18	142	2.11351
18	143	0.807498
18	164	0.814355
18	168	3.79168
19	25	0.735581
19	30	0.736232
19	33	0.66076
19	55	0.764199
19	66	0.73325
19	82	0.70607
19	90	0.696026
19	103	0.708798
19	105	0.708809
19	108	0.709837
19	123	2.37551
19	132	0.641737
19	165	5.03168
20	8	0.756961
20	13	0.768313
20	27	0.828997
20	34	0.740179
20	38	0.808957
20	45	0.792906
20	51	0.755278
20	53	0.759703
20	111	0.77377
20	134	0.752223
20	145	3.13387
20	157	1.86964
20	163	3.93013
21	47	0.782117
21	48	0.774719
21	56	0.764761
21	65	0.810897
21	66	0.812188
21	82	0.785008
21	90	0.774964
21	103	0.787736
21	105	0.787747
21	132	0.720676
21	157	1.34242
21	160	3.30521
21	175	4.39142
22	7	0.693664
22	42	0.745668
22	52	0.747163
22	74	4.28372
22	88	0.720631
22	89	0.719465
22	95	0.703779
22	98	0.739148
22	99	0.695796
22	150	3.33402
22	160	0.69476
22	173	0.662809
22	174	0.676899
23	26	1.9139
23	62	0.723488
23	83	0.745295
23	128	0.777873
23	144	1.38849
23	156	0.750463
23	164	0.777041
23	167	0.709318
23	169	0.678607
23	175	0.673094
23	177	0.65998
23	178	0.640723
23	180	0.662905
24	3	0.742549
24	10	0.756181
24	18	0.809684
24	37	0.790772
24	39	0.79698
24	93	0.774773
24	104	4.62272
24	114	0.737714
24	117	0.775105
24	143	0.80754
24	164	0.814397
24	174	1.38009
24	180	3.48605
25	19	0.735581
25	48	0.772318
25	56	0.76236
25	65	0.808496
25	66	0.809787
25	70	2.43787
25	82	0.782607
25	90	0.772563
25	103	0.785335
25	105	0.785346
25	108	0.786374
25	164	2.44744
25	174	3.8957
26	7	0.767875
26	23	1.9139
26	44	2.54714
26	49	2.43147
26	52	0.821373
26	88	0.794841
26	89	0.793675
26	95	0.777989
26	98	0.813358
26	99	0.770006
26	160	0.76897
26	173	0.737019
26	174	0.751109
27	2	0.691351
27	8	0.763867
27	20	0.828997
27	34	0.747085
27	38	0.815863
27	45	0.799812
27	51	0.762184
27	53	0.766609
27	111	0.780675
27	128	1.4752
27	134	0.759129
27	136	2.97052
27	152	4.54927
28	69	0.692742
28	71	0.692638
28	86	0.715605
28	106	0.708194
28	118	0.729077
28	119	3.57914
28	130	0.698051
28	135	0.710793
28	144	0.688022
28	146	0.731044
28	147	0.721299
28	148	0.714724
28	169	4.2891
29	6	0.66667
29	36	0.652787
29	40	0.744155
29	61	0.726315
29	62	0.704672
29	73	0.73738
29	83	0.726479
29	91	0.662688
29	128	0.759056
29	137	2.65978
29	156	0.731647
29	162	4.84965
29	167	0.690502
30	15	1.11156
30	19	0.736232
30	47	0.780367
30	48	0.772969
30	56	0.763011
30	65	0.809147
30	66	0.810438
30	82	0.783258
30	90	0.773214
30	92	2.40908
30	94	3.87669
30	103	0.785986
30	105	0.785997
31	6	0.861327
31	36	0.847445
31	43	0.928033
31	62	0.89933
31	70	1.4146
31	73	0.932037
31	74	2.51628
31	83	0.921136
31	156	0.926305
31	162	3.15868
31	165	2.60669
31	167	0.885159
32	5	1.12051
32	42	0.743369
32	46	0.747584
32	89	0.717166
32	93	0.708684
32	95	0.70148
32	98	0.736849
32	99	0.693497
32	111	0.701498
32	160	0.692461
32	169	5.40433
32	173	0.66051
32	174	0.6746
33	17	0.743942
33	19	0.66076
33	47	0.704895
33	55	0.765916
33	63	0.695174
33	65	0.733675
33	66	0.734967
33	76	2.52408
33	90	0.697743
33	103	0.710515
33	105	0.710526
33	132	0.643454
33	175	5.22568
34	2	0.602533
34	8	0.675049
34	13	0.686401
34	15	1.91588
34	20	0.740179
34	27	0.747085
34	38	0.727045
34	45	0.710994
34	51	0.673366
34	53	0.677791
34	60	0.706857
34	111	0.691857
34	134	0.670311
34	167	4.8372
35	69	0.686237
35	78	0.703307
35	81	0.711552
35	85	0.662523
35	101	0.722875
35	102	0.672024
35	110	0.705633
35	112	4.42182
35	113	0.736707
35	116	0.696348
35	120	3.54901
35	129	0.704094
35	130	0.691545
35	147	0.714794
36	12	0.751013
36	29	0.652787
36	31	0.847445
36	40	0.69956
36	43	0.68878
36	61	0.681719
36	62	0.660077
36	73	0.692784
36	83	0.681883
36	128	0.714461
36	140	3.65634
36	152	4.48581
36	156	0.687052
36	167	0.645906
37	3	0.723595
37	10	0.737228
37	15	0.77027
37	18	0.79073
37	24	0.790772
37	39	0.778027
37	60	1.43591
37	93	0.75582
37	114	0.71876
37	117	0.756151
37	143	0.788586
37	160	2.11446
37	164	0.795443
37	176	6.00181
38	2	0.671311
38	8	0.743827
38	13	0.755179
38	20	0.808957
38	27	0.815863
38	34	0.727045
38	45	0.779772
38	51	0.742144
38	53	0.746569
38	92	1.81891
38	111	0.760635
38	131	2.57112
38	134	0.739089
38	174	4.34752
39	3	0.729803
39	10	0.743436
39	11	0.713507
39	18	0.796938
39	24	0.79698
39	37	0.778027
39	93	0.762028
39	114	0.724968
39	117	0.76236
39	139	1.98127
39	143	0.794794
39	153	2.85953
39	162	4.37334
39	164	0.801652
40	6	0.713442
40	12	0.842381
40	29	0.744155
40	36	0.69956
40	61	0.773087
40	62	0.751445
40	73	0.784152
40	83	0.773251
40	128	0.805829
40	156	0.77842
40	163	2.61568
40	167	0.737274
40	168	1.80009
40	177	5.01701
41	87	0.666967
41	97	0.614429
41	115	0.641689
41	142	0.663042
41	158	0.596484
41	162	0.608801
41	171	0.563493
41	172	0.596075
41	175	0.589998
41	176	0.574612
41	177	0.576884
41	178	0.557628
41	179	0.566795
41	180	0.57981
42	4	0.7569
42	22	0.745668
42	32	0.743369
42	46	0.813406
42	89	0.782988
42	95	0.767302
42	98	0.80267
42	99	0.759319
42	138	2.28825
42	149	3.37572
42	151	3.62796
42	160	0.758283
42	173	0.726332
42	174	0.740422
43	6	0.702663
43	31	0.928033
43	36	0.68878
43	61	0.762307
43	62	0.740665
43	64	0.756834
43	73	0.773373
43	83	0.762471
43	112	2.18781
43	128	0.795049
43	142	1.69318
43	156	0.76764
43	159	5.46256
43	167	0.726495
44	26	2.54714
44	95	2.33219
44	115	0.743207
44	154	0.663664
44	158	0.698003
44	159	0.70439
44	160	0.739618
44	166	0.696074
44	172	0.697594
44	175	0.691517
44	176	0.676131
44	177	0.678403
44	178	0.659147
44	179	0.668313
44	180	0.681329
45	2	0.655261
45	8	0.727777
45	13	0.739128
45	20	0.792906
45	27	0.799812
45	34	0.710994
45	38	0.779772
45	51	0.726093
45	53	0.730519
45	60	0.759585
45	96	2.00491
45	111	0.744585
45	134	0.723039
45	138	3.49476
45	153	4.03244
46	7	0.761403
46	32	0.747584
46	42	0.813406
46	52	0.518634
46	75	7.2
46	88	0.788369
46	89	0.787203
46	95	0.771517
46	98	0.806886
46	99	0.763534
46	131	2.98104
46	154	11.7779
46	160	0.762498
46	173	0.730547
46	174	0.744637
47	21	0.782117
47	30	0.780367
47	33	0.704895
47	55	0.808334
47	56	0.729958
47	63	0.737592
47	65	0.776094
47	82	0.750205
47	90	0.740161
47	103	0.752933
47	105	0.752944
47	128	1.29139
47	132	0.685872
47	153	2.96746
47	173	5.60186
48	17	0.778962
48	21	0.774719
48	25	0.772318
48	30	0.772969
48	55	0.800936
48	56	0.72256
48	63	0.730194
48	90	0.732763
48	103	0.745535
48	105	0.745546
48	108	0.746574
48	125	3.39323
48	132	0.678474
48	159	4.06311
48	160	2.6898
49	7	3.56853
49	26	2.43147
49	102	0.714016
49	109	0.739932
49	117	0.73605
49	118	0.764563
49	144	0.723508
49	145	0.70413
49	165	0.694681
49	171	0.644888
49	175	0.671394
49	177	0.65828
49	178	0.639024
49	179	0.64819
49	180	0.661206
50	63	0.747473
50	65	0.785975
50	88	0.763097
50	89	0.761931
50	90	0.750042
50	97	4.47241
50	99	0.738262
50	103	0.762815
50	105	0.762825
50	108	0.763853
50	125	3.19327
50	160	0.737226
50	165	2.37363
50	173	0.705275
50	174	0.719365
51	2	1.08978
51	8	0.690148
51	13	0.7015
51	20	0.755278
51	27	0.762184
51	34	0.673366
51	38	0.742144
51	45	0.726093
51	53	0.692891
51	60	0.721957
51	111	0.706957
51	120	2.83228
51	134	0.68541
51	141	3.84207
51	143	2.68972
52	22	0.747163
52	26	0.821373
52	46	0.518634
52	88	0.785649
52	89	0.784482
52	93	0.776001
52	95	0.768797
52	98	0.804165
52	99	0.760814
52	132	5.16191
52	134	3.37958
52	141	1.52147
52	160	0.759777
52	173	0.727827
52	174	0.741917
53	2	1.09421
53	8	0.694574
53	13	0.705925
53	20	0.759703
53	27	0.766609
53	34	0.677791
53	38	0.746569
53	45	0.730519
53	51	0.692891
53	60	0.726382
53	111	0.711382
53	134	0.689836
53	149	3.27246
53	153	2.72267
53	165	3.6845
54	56	3.02004
54	75	0.670559
54	135	0.564576
54	149	0.740613
54	153	0.733253
54	158	0.68736
54	163	0.714232
54	166	0.685432
54	169	0.686388
54	170	0.714285
54	171	0.654369
54	176	0.665488
54	177	0.667761
54	178	0.648504
54	179	0.657671
54	180	0.670686
55	19	0.764199
55	33	0.765916
55	47	0.808334
55	48	0.800936
55	63	0.798612
55	65	0.837114
55	66	0.838405
55	82	0.811225
55	87	2.13604
55	90	0.801181
55	103	0.813953
55	105	0.813964
55	132	0.746893
55	165	3.44677
55	168	2.84509
55	174	2.94801
56	17	0.769004
56	21	0.764761
56	25	0.76236
56	30	0.763011
56	47	0.729958
56	48	0.72256
56	54	3.02004
56	63	0.720236
56	66	0.760029
56	82	0.732849
56	103	0.735577
56	105	0.735588
56	108	0.736616
56	132	0.668517
56	152	2.9921
56	155	2.99512
57	73	0.9618
57	113	0.105916
57	137	0.801404
57	138	0.778768
57	140	0.755132
57	144	1.36968
57	150	0.77191
57	161	0.748358
57	166	0.724355
57	168	0.765194
57	169	0.725312
57	175	0.719798
57	176	0.704412
57	177	0.706684
57	178	0.687428
57	180	0.70961
58	78	0.284318
58	83	1.50148
58	102	0.324411
58	150	0.790477
58	154	0.710513
58	155	0.758581
58	159	0.751239
58	169	0.743879
58	170	0.771776
58	171	0.71186
58	172	0.744442
58	175	0.738366
58	177	0.725252
58	178	0.705995
58	179	0.715162
58	180	0.728177
59	91	5.31833
59	100	0.721655
59	102	0.712984
59	106	0.742648
59	109	0.738901
59	110	0.746593
59	113	0.777667
59	120	1.95159
59	129	0.745054
59	130	0.732505
59	144	0.722476
59	146	0.765498
59	147	0.755754
59	148	0.749179
59	157	2.76306
59	165	0.693649
60	34	0.706857
60	37	1.43591
60	45	0.759585
60	51	0.721957
60	53	0.726382
60	91	0.691721
60	98	3.38697
60	134	0.718902
60	166	0.687867
60	171	0.656804
60	175	0.68331
60	177	0.670196
60	178	0.65094
60	179	0.660106
60	180	0.673122
61	6	0.695602
61	29	0.726315
61	36	0.681719
61	40	0.773087
61	43	0.762307
61	62	0.733604
61	64	0.749774
61	73	0.766312
61	83	0.755411
61	91	0.69162
61	128	0.787988
61	151	1.6121
61	156	0.760579
61	167	0.719434
61	175	2.97432
61	176	5.77547
62	12	0.802898
62	23	0.723488
62	29	0.704672
62	31	0.89933
62	36	0.660077
62	40	0.751445
62	43	0.740665
62	61	0.733604
62	73	0.744669
62	83	0.733768
62	91	0.669978
62	136	1.57851
62	139	2.26748
62	156	0.738937
62	167	0.697791
62	178	7.53162
63	33	0.695174
63	47	0.737592
63	48	0.730194
63	50	0.747473
63	55	0.798612
63	56	0.720236
63	65	0.766372
63	66	0.767663
63	90	0.730439
63	103	0.743211
63	105	0.743222
63	108	0.74425
63	132	0.676151
63	145	2.73454
63	164	1.36987
63	177	5.93212
64	1	0.987818
64	43	0.756834
64	61	0.749774
64	73	0.760839
64	83	0.749938
64	88	0.751709
64	95	0.734857
64	98	0.770226
64	99	0.726874
64	143	1.60502
64	156	0.755106
64	160	0.725838
64	166	6.10895
64	167	0.713961
64	173	0.693887
64	174	0.707977
65	17	0.81514
65	21	0.810897
65	25	0.808496
65	30	0.809147
65	33	0.733675
65	47	0.776094
65	50	0.785975
65	55	0.837114
65	63	0.766372
65	82	0.778985
65	103	0.781713
65	105	0.781724
65	115	3.68535
65	132	0.714653
65	145	2.20072
65	160	2.89929
65	161	3.16125
66	17	0.816431
66	19	0.73325
66	21	0.812188
66	25	0.809787
66	30	0.810438
66	33	0.734967
66	55	0.838405
66	56	0.760029
66	63	0.767663
66	67	1.97505
66	82	0.780276
66	90	0.770232
66	103	0.783004
66	105	0.783015
66	134	4.99542
66	142	2.50571
66	143	1.98496
67	66	1.97505
67	96	0.80596
67	100	2.23273
67	126	0.766262
67	142	0.773416
67	149	0.76011
67	152	0.733023
67	153	0.752751
67	156	0.302314
67	168	0.745768
67	169	0.705885
67	170	0.733782
67	175	0.700372
67	177	0.687258
67	178	0.668002
67	179	0.677168
67	180	0.690184
68	80	0.739067
68	86	0.736375
68	92	2.00441
68	101	0.750151
68	109	0.725217
68	110	0.732909
68	113	0.763983
68	129	0.73137
68	130	0.718821
68	144	0.708792
68	145	0.689414
68	146	0.751815
68	147	0.74207
68	156	0.734048
68	165	0.679965
68	167	3.6282
68	174	4.53302
69	28	0.692742
69	35	0.686237
69	78	0.741911
69	85	0.701127
69	106	0.740292
69	108	0.742736
69	109	0.736545
69	129	0.742698
69	135	0.742891
69	144	0.720121
69	146	0.763143
69	147	0.753398
69	148	0.746823
69	165	0.691294
69	169	3.4903
69	173	3.90697
69	175	3.43682
70	25	2.43787
70	31	1.4146
70	93	1.65019
70	123	0.836978
70	153	0.763445
70	154	0.683213
70	157	0.789248
70	162	0.729868
70	163	0.744424
70	166	0.715623
70	168	0.756462
70	172	0.717142
70	176	0.695679
70	177	0.697952
70	178	0.678696
70	179	0.687862
70	180	0.700878
71	28	0.692638
71	75	0.657587
71	79	0.748618
71	101	0.761375
71	109	0.736441
71	113	0.775208
71	114	0.695167
71	129	0.742594
71	130	0.730045
71	135	0.742787
71	144	0.720016
71	146	0.763039
71	148	0.746719
71	165	0.691189
71	167	1.80233
71	170	2.90728
71	180	5.97606
72	78	0.787711
72	81	0.795956
72	102	0.756429
72	109	0.782345
72	115	3.58356
72	116	0.780753
72	118	0.806976
72	122	4.10431
72	123	1.86261
72	130	0.77595
72	135	0.788692
72	146	0.808943
72	147	0.799198
72	148	0.792624
72	156	0.791177
72	163	2.89519
72	165	0.737094
73	6	0.706667
73	12	0.835606
73	29	0.73738
73	31	0.932037
73	36	0.692784
73	40	0.784152
73	43	0.773373
73	57	0.9618
73	61	0.766312
73	62	0.744669
73	64	0.760839
73	83	0.766476
73	119	3.90192
73	128	0.799054
73	153	2.39415
73	155	3.79516
73	156	0.771645
73	167	0.730499
74	22	4.28372
74	31	2.51628
74	119	0.696831
74	120	0.737686
74	136	0.721124
74	138	0.715443
74	149	0.716211
74	150	0.708585
74	151	0.709238
74	166	0.66103
74	170	0.689884
74	175	0.656473
74	176	0.641087
74	177	0.64336
74	178	0.624103
74	179	0.63327
74	180	0.646285
75	46	7.2
75	54	0.670559
75	71	0.657587
75	84	0.682745
75	100	0.652149
75	118	0.694026
75	125	0.617753
75	127	0.654015
75	144	0.652971
75	146	0.695993
75	147	0.686248
75	166	0.605414
75	169	0.60637
75	175	0.600857
75	176	0.585471
75	178	0.568487
75	179	0.577653
75	180	0.590669
76	12	1.83801
76	33	2.52408
76	91	0.718816
76	94	0.770642
76	127	0.763563
76	152	0.743056
76	155	0.730621
76	156	1.61366
76	159	0.723278
76	162	0.729208
76	166	0.714962
76	169	0.715919
76	170	0.743815
76	171	0.6839
76	176	0.695019
76	178	0.678035
76	179	0.687202
76	180	0.700217
77	101	2.05218
77	107	0.826338
77	112	0.784004
77	127	0.762353
77	144	0.947943
77	147	0.377131
77	151	0.76196
77	153	0.761574
77	154	0.681343
77	168	0.754591
77	169	0.714709
77	171	0.68269
77	172	0.715272
77	176	0.693809
77	178	0.676825
77	179	0.685992
77	180	0.699007
78	35	0.703307
78	58	0.284318
78	69	0.741911
78	72	0.787711
78	86	0.764773
78	106	0.757362
78	109	0.753615
78	113	0.792382
78	116	0.752022
78	118	0.778245
78	129	0.759768
78	135	0.759961
78	144	0.73719
78	146	0.780213
78	147	0.770468
78	148	0.763893
78	152	2.28997
78	160	1.97002
78	179	7.16641
79	71	0.748618
79	80	0.774276
79	81	0.774037
79	100	0.74318
79	101	0.78536
79	118	0.785056
79	125	0.708783
79	130	0.75403
79	135	0.766772
79	141	1.35087
79	144	0.744001
79	146	0.787023
79	147	0.777279
79	148	0.770704
79	149	1.39796
79	156	0.769257
79	165	0.715174
79	170	1.51137
79	178	8.3803
80	68	0.739067
80	79	0.774276
80	84	0.775449
80	85	0.726682
80	100	0.744853
80	101	0.787033
80	102	0.736183
80	107	2.23846
80	110	0.769791
80	130	0.755704
80	135	0.768446
80	137	2.77285
80	146	0.788697
80	147	0.778952
80	148	0.772378
80	155	4.84993
80	156	0.770931
80	164	2.46372
80	165	0.716848
81	35	0.711552
81	72	0.795956
81	79	0.774037
81	84	0.775209
81	100	0.744614
81	101	0.786794
81	107	1.70352
81	113	0.800627
81	116	0.760267
81	125	0.710218
81	130	0.755464
81	135	0.768206
81	137	2.23792
81	144	0.745435
81	145	0.726057
81	147	0.778713
81	148	0.772138
81	164	1.92878
81	180	6.64595
82	17	0.789251
82	19	0.70607
82	21	0.785008
82	25	0.782607
82	30	0.783258
82	47	0.750205
82	55	0.811225
82	56	0.732849
82	65	0.778985
82	66	0.780276
82	90	0.743052
82	103	0.755824
82	105	0.755835
82	108	0.756863
82	112	1.48072
82	132	0.688763
82	151	3.10616
82	158	6.52366
82	167	1.86237
83	12	0.824705
83	23	0.745295
83	29	0.726479
83	31	0.921136
83	36	0.681883
83	40	0.773251
83	43	0.762471
83	58	1.50148
83	61	0.755411
83	62	0.733768
83	64	0.749938
83	73	0.766476
83	91	0.691784
83	121	2.86064
83	127	4.1566
83	128	0.788152
83	133	3.10515
83	156	0.760743
83	167	0.719598
84	9	0.802659
84	75	0.682745
84	80	0.775449
84	81	0.775209
84	85	0.726181
84	86	0.772757
84	102	0.735682
84	110	0.76929
84	118	0.786229
84	120	1.66712
84	129	0.767751
84	130	0.755203
84	132	3.69085
84	135	0.767945
84	144	0.745174
84	148	0.771877
84	156	0.77043
84	173	3.37123
84	180	4.46881
85	35	0.662523
85	69	0.701127
85	80	0.726682
85	84	0.726181
85	100	0.695585
85	106	0.716579
85	110	0.720523
85	113	0.751598
85	117	0.708949
85	129	0.718984
85	135	0.719178
85	142	3.03226
85	144	0.696407
85	146	0.739429
85	147	0.729684
85	148	0.72311
85	157	3.46555
85	165	0.66758
85	168	4.71044
86	28	0.715605
86	68	0.736375
86	78	0.764773
86	84	0.772757
86	91	3.08167
86	100	0.742161
86	101	0.784341
86	106	0.763155
86	116	0.757815
86	117	0.755525
86	118	0.784038
86	119	2.91893
86	130	0.753012
86	139	1.6737
86	144	0.742983
86	146	0.786005
86	147	0.77626
86	148	0.769686
86	180	5.14313
87	41	0.666967
87	55	2.13604
87	88	1.81773
87	118	1.34288
87	122	0.71027
87	131	0.773417
87	141	0.76304
87	142	0.761184
87	151	0.740906
87	153	0.74052
87	158	0.694627
87	163	0.721499
87	166	0.692698
87	169	0.693654
87	172	0.694217
87	176	0.672754
87	177	0.675027
87	178	0.655771
87	179	0.664937
87	180	0.677953
88	4	0.731863
88	7	0.73215
88	22	0.720631
88	26	0.794841
88	46	0.788369
88	50	0.763097
88	52	0.785649
88	64	0.751709
88	87	1.81773
88	89	0.757951
88	95	0.742265
88	98	0.777633
88	99	0.734282
88	111	0.742282
88	137	1.49057
88	160	0.733246
88	168	2.52677
88	173	0.701295
88	174	0.715385
88	177	5.74369
89	4	0.730697
89	11	3.34544
89	22	0.719465
89	26	0.793675
89	32	0.717166
89	42	0.782988
89	46	0.787203
89	50	0.761931
89	52	0.784482
89	88	0.757951
89	95	0.741099
89	98	0.776467
89	99	0.733116
89	104	4.57728
89	111	0.741116
89	160	0.73208
89	166	2.37379
89	169	1.92637
89	173	0.700129
89	174	0.714219
90	17	0.779207
90	19	0.696026
90	21	0.774964
90	25	0.772563
90	30	0.773214
90	33	0.697743
90	47	0.740161
90	48	0.732763
90	50	0.750042
90	55	0.801181
90	63	0.730439
90	66	0.770232
90	82	0.743052
90	103	0.74578
90	105	0.745791
90	108	0.746819
90	112	2.30966
90	140	3.70159
90	160	4.21111
90	167	2.69131
91	12	0.760914
91	29	0.662688
91	59	5.31833
91	60	0.691721
91	61	0.69162
91	62	0.669978
91	76	0.718816
91	83	0.691784
91	86	3.08167
91	128	0.724362
91	133	0.652208
91	137	0.701188
91	155	0.639799
91	156	0.696953
91	162	0.638385
91	167	0.655807
91	176	0.604196
91	177	0.606469
91	178	0.587213
91	179	0.596379
91	180	0.609395
92	30	2.40908
92	38	1.81891
92	68	2.00441
92	94	0.789283
92	95	1.04693
92	140	0.764379
92	154	0.701193
92	161	0.757605
92	163	0.762403
92	164	0.832994
92	166	0.733603
92	168	0.774441
92	170	0.762456
92	171	0.70254
92	172	0.735122
92	175	0.729046
92	176	0.713659
92	177	0.715932
92	178	0.696675
92	179	0.705842
92	180	0.718857
93	3	0.707596
93	18	0.774731
93	24	0.774773
93	32	0.708684
93	37	0.75582
93	39	0.762028
93	52	0.776001
93	70	1.65019
93	95	0.732617
93	98	0.767986
93	99	0.724634
93	114	0.702761
93	117	0.740153
93	139	1.7667
93	143	0.772588
93	151	3.44699
93	160	0.723598
93	164	0.779445
93	166	5.31011
93	173	0.691647
93	174	0.705737
94	14	0.761003
94	30	3.87669
94	76	0.770642
94	92	0.789283
94	131	0.756686
94	141	0.746309
94	146	1.08196
94	148	0.88691
94	149	0.731147
94	155	0.691625
94	161	0.699969
94	168	0.716805
94	169	0.676923
94	171	0.644904
94	172	0.677486
94	175	0.671409
94	176	0.656023
94	177	0.658295
94	178	0.639039
94	179	0.648206
94	180	0.661221
95	4	0.715011
95	7	0.715298
95	22	0.703779
95	26	0.777989
95	32	0.70148
95	42	0.767302
95	44	2.33219
95	46	0.771517
95	52	0.768797
95	64	0.734857
95	88	0.742265
95	89	0.741099
95	92	1.04693
95	93	0.732617
95	98	0.760782
95	99	0.71743
95	111	0.72543
95	140	3.68101
95	160	0.716394
95	163	4.28822
95	173	0.684443
95	174	0.698533
96	10	2.15689
96	45	2.00491
96	67	0.80596
96	98	0.959948
96	117	0.845371
96	121	0.756985
96	143	0.813851
96	153	0.769139
96	157	0.794942
96	159	0.729633
96	162	0.735562
96	163	0.750118
96	168	0.762156
96	169	0.722273
96	170	0.75017
96	175	0.71676
96	176	0.701373
96	177	0.703646
96	178	0.68439
96	179	0.693556
96	180	0.706572
97	16	4.32759
97	41	0.614429
97	50	4.47241
97	120	0.716816
97	122	0.657732
97	126	0.701494
97	137	0.717209
97	138	0.694573
97	142	0.708647
97	149	0.695341
97	150	0.687714
97	157	0.713786
97	158	0.642089
97	162	0.654406
97	170	0.669013
97	171	0.609098
97	175	0.635603
97	176	0.620217
97	177	0.622489
97	178	0.603233
97	179	0.6124
97	180	0.625415
98	4	0.75038
98	7	0.750667
98	22	0.739148
98	26	0.813358
98	32	0.736849
98	42	0.80267
98	46	0.806886
98	52	0.804165
98	60	3.38697
98	64	0.770226
98	88	0.777633
98	89	0.776467
98	93	0.767986
98	95	0.760782
98	96	0.959948
98	99	0.752799
98	107	1.77702
98	111	0.760799
98	145	3.36696
98	160	0.751762
98	168	3.34762
98	173	0.719812
98	174	0.733902
99	4	0.707028
99	7	0.707316
99	22	0.695796
99	26	0.770006
99	32	0.693497
99	42	0.759319
99	46	0.763534
99	50	0.738262
99	52	0.760814
99	64	0.726874
99	88	0.734282
99	89	0.733116
99	93	0.724634
99	95	0.71743
99	98	0.752799
99	111	0.717447
99	159	2.18586
99	160	0.708411
99	164	2.323
99	171	8.76855
99	172	2.9137
99	173	0.67646
99	174	0.69055
100	16	0.762884
100	59	0.721655
100	67	2.23273
100	75	0.652149
100	79	0.74318
100	80	0.744853
100	81	0.744614
100	85	0.695585
100	86	0.742161
100	116	0.729411
100	125	0.679361
100	129	0.737156
100	130	0.724607
100	131	2.76809
100	133	5.07743
100	135	0.737349
100	143	2.24264
100	144	0.714579
100	146	0.757601
100	147	0.747856
100	148	0.741281
100	156	0.739834
100	165	0.685752
101	14	1.98369
101	35	0.722875
101	68	0.750151
101	71	0.761375
101	77	2.05218
101	79	0.78536
101	80	0.787033
101	81	0.786794
101	86	0.784341
101	102	0.747266
101	106	0.77693
101	107	2.6958
101	113	0.81195
101	114	0.731909
101	129	0.779336
101	130	0.766787
101	143	2.06748
101	144	0.756758
101	145	0.73738
101	146	0.799781
101	147	0.790036
101	150	3.82797
101	165	0.727931
102	35	0.672024
102	49	0.714016
102	58	0.324411
102	59	0.712984
102	72	0.756429
102	80	0.736183
102	84	0.735682
102	101	0.747266
102	109	0.722332
102	113	0.761099
102	116	0.72074
102	118	0.746963
102	124	2.56716
102	129	0.728485
102	130	0.715937
102	135	0.728679
102	144	0.705908
102	146	0.74893
102	147	0.739185
102	148	0.732611
102	160	2.01011
102	165	0.677081
102	178	8.46419
103	17	0.791979
103	19	0.708798
103	21	0.787736
103	25	0.785335
103	30	0.785986
103	33	0.710515
103	47	0.752933
103	48	0.745535
103	50	0.762815
103	55	0.813953
103	56	0.735577
103	63	0.743211
103	65	0.781713
103	66	0.783004
103	82	0.755824
103	90	0.74578
103	105	0.758563
103	108	0.759591
103	132	0.691492
103	134	3.18574
103	150	1.93578
103	151	2.8161
103	165	2.97589
103	172	5.19325
104	24	4.62272
104	89	4.57728
104	127	0.692425
104	131	0.724544
104	149	0.699006
104	153	0.691646
104	154	0.611415
104	157	0.71745
104	158	0.645753
104	159	0.652141
104	165	0.662555
104	166	0.643824
104	168	0.684663
104	170	0.672678
104	171	0.612762
104	172	0.645344
104	173	0.655418
104	174	0.669508
104	175	0.639268
104	177	0.626154
104	178	0.606897
104	179	0.616064
104	180	0.629079
105	17	0.79199
105	19	0.708809
105	21	0.787747
105	25	0.785346
105	30	0.785997
105	33	0.710526
105	47	0.752944
105	48	0.745546
105	50	0.762825
105	55	0.813964
105	56	0.735588
105	63	0.743222
105	65	0.781724
105	66	0.783015
105	82	0.755835
105	90	0.745791
105	103	0.758563
105	108	0.759602
105	124	2.50301
105	131	1.91629
105	132	0.691503
105	161	2.20792
105	176	5.83331
105	177	4.44498
106	16	0.783878
106	28	0.708194
106	59	0.742648
106	69	0.740292
106	78	0.757362
106	85	0.716579
106	86	0.763155
106	101	0.77693
106	109	0.751996
106	110	0.759688
106	113	0.790763
106	114	0.710722
106	116	0.750404
106	134	1.63926
106	135	0.758343
106	143	2.3254
106	145	0.716194
106	146	0.778594
106	147	0.768849
106	148	0.762274
106	156	0.760828
106	163	1.64331
106	165	0.706745
106	171	7.80032
106	179	5.04072
107	77	0.826338
107	80	2.23846
107	81	1.70352
107	98	1.77702
107	101	2.6958
107	127	0.781473
107	134	0.763906
107	137	0.80992
107	139	0.834818
107	148	0.274399
107	152	0.760966
107	155	0.748531
107	159	0.741188
107	162	0.747117
107	163	0.761673
107	165	0.751602
107	166	0.732872
107	168	0.773711
107	171	0.701809
107	175	0.728315
107	176	0.712928
107	177	0.715201
107	178	0.695945
107	179	0.705111
107	180	0.718126
108	5	1.17461
108	16	0.786321
108	19	0.709837
108	25	0.786374
108	48	0.746574
108	50	0.763853
108	56	0.736616
108	63	0.74425
108	69	0.742736
108	82	0.756863
108	90	0.746819
108	103	0.759591
108	105	0.759602
108	109	0.754439
108	114	0.713166
108	117	0.750557
108	121	3.9922
108	129	0.760592
108	139	2.36244
108	144	0.738015
108	145	0.718637
108	148	0.764718
108	156	0.763271
108	161	4.5807
108	167	2.79894
109	16	0.78013
109	49	0.739932
109	59	0.738901
109	68	0.725217
109	69	0.736545
109	71	0.736441
109	72	0.782345
109	78	0.753615
109	102	0.722332
109	106	0.751996
109	108	0.754439
109	110	0.755941
109	113	0.787016
109	116	0.746656
109	123	1.45708
109	144	0.731824
109	146	0.774847
109	147	0.765102
109	148	0.758527
109	150	2.11037
109	151	2.99069
109	156	0.75708
109	162	3.70248
109	165	0.702997
109	180	5.92063
110	35	0.705633
110	59	0.746593
110	68	0.732909
110	80	0.769791
110	84	0.76929
110	85	0.720523
110	106	0.759688
110	109	0.755941
110	113	0.794708
110	114	0.714667
110	118	0.780571
110	125	0.704299
110	126	2.84103
110	130	0.749545
110	133	4.21743
110	135	0.762287
110	144	0.739516
110	146	0.782539
110	147	0.772794
110	148	0.766219
110	156	0.764772
110	157	2.33667
110	165	0.710689
110	167	2.77966
110	170	3.88462
111	2	1.10827
111	4	0.715029
111	8	0.70864
111	13	0.719991
111	20	0.77377
111	27	0.780675
111	32	0.701498
111	34	0.691857
111	38	0.760635
111	45	0.744585
111	51	0.706957
111	53	0.711382
111	88	0.742282
111	89	0.741116
111	95	0.72543
111	98	0.760799
111	99	0.717447
111	126	3.1384
111	128	1.84272
111	134	0.703902
111	136	3.33803
111	149	4.06857
111	160	0.716411
111	170	4.18198
111	173	0.68446
111	174	0.698551
112	35	4.42182
112	43	2.18781
112	77	0.784004
112	82	1.48072
112	90	2.30966
112	119	0.726338
112	140	0.721314
112	150	0.738092
112	151	0.738746
112	155	0.706197
112	158	0.692467
112	160	0.734082
112	161	0.71454
112	162	0.704783
112	163	0.719339
112	164	0.789929
112	168	0.731377
112	169	0.691494
112	170	0.719391
112	171	0.659475
112	172	0.692057
112	176	0.670594
112	177	0.672867
112	178	0.653611
112	179	0.662777
112	180	0.675793
113	35	0.736707
113	57	0.105916
113	59	0.777667
113	68	0.763983
113	71	0.775208
113	78	0.792382
113	81	0.800627
113	85	0.751598
113	101	0.81195
113	102	0.761099
113	106	0.790763
113	109	0.787016
113	110	0.794708
113	127	2.27487
113	129	0.793169
113	135	0.793362
113	142	1.67941
113	144	0.770591
113	145	0.751213
113	146	0.813613
113	148	0.797294
113	156	0.795847
113	158	4.44694
113	165	0.741764
113	176	5.1928
113	180	3.95938
114	3	0.670537
114	10	0.684169
114	11	0.65424
114	15	0.717211
114	18	0.737672
114	24	0.737714
114	37	0.71876
114	39	0.724968
114	71	0.695167
114	93	0.702761
114	101	0.731909
114	106	0.710722
114	108	0.713166
114	110	0.714667
114	117	0.703093
114	136	3.27046
114	143	0.735528
114	145	0.671173
114	146	0.733573
114	147	0.723828
114	148	0.717253
114	157	2.56646
114	164	0.742385
114	165	0.661724
114	174	3.91427
114	175	5.61546
115	16	3.13108
115	41	0.641689
115	44	0.743207
115	65	3.68535
115	72	3.58356
115	124	0.729996
115	125	0.679759
115	132	0.669492
115	150	0.714974
115	152	0.695513
115	153	0.715241
115	162	0.681665
115	163	0.69622
115	165	0.686149
115	167	0.699087
115	169	0.668376
115	170	0.696272
115	171	0.636357
115	172	0.668939
115	174	0.693103
115	175	0.662862
115	176	0.647476
115	177	0.649749
115	178	0.630492
115	179	0.639659
115	180	0.652674
116	16	0.778538
116	35	0.696348
116	72	0.780753
116	78	0.752022
116	81	0.760267
116	86	0.757815
116	100	0.729411
116	102	0.72074
116	106	0.750404
116	109	0.746656
116	117	0.742774
116	118	0.771287
116	125	0.695014
116	130	0.740261
116	132	3.94725
116	135	0.753003
116	144	0.730232
116	145	0.710854
116	146	0.773254
116	148	0.756935
116	156	0.755488
116	158	5.21277
116	159	3.44458
116	164	1.35095
116	165	0.701405
116	173	3.62763
117	3	0.707928
117	10	0.721561
117	11	0.691631
117	18	0.775063
117	24	0.775105
117	37	0.756151
117	39	0.76236
117	49	0.73605
117	85	0.708949
117	86	0.755525
117	93	0.740153
117	96	0.845371
117	108	0.750557
117	114	0.703093
117	116	0.742774
117	118	0.768997
117	130	0.737971
117	139	1.99465
117	141	2.18648
117	143	0.772919
117	147	0.76122
117	148	0.754645
117	155	4.27392
117	164	0.779776
117	165	0.699115
117	172	6.05209
118	9	0.81394
118	28	0.729077
118	49	0.764563
118	72	0.806976
118	75	0.694026
118	78	0.778245
118	79	0.785056
118	84	0.786229
118	86	0.784038
118	87	1.34288
118	102	0.746963
118	110	0.780571
118	116	0.771287
118	117	0.768997
118	123	2.06042
118	129	0.779032
118	130	0.766484
118	135	0.779226
118	137	2.13968
118	144	0.756455
118	145	0.737077
118	146	0.799477
118	147	0.789732
118	148	0.783158
118	164	1.77448
118	170	2.35498
118	178	9.2239
119	28	3.57914
119	73	3.90192
119	74	0.696831
119	86	2.91893
119	112	0.726338
119	125	0.668426
119	139	0.758032
119	149	0.711268
119	151	0.704294
119	157	0.729712
119	158	0.658015
119	159	0.664403
119	161	0.680089
119	162	0.670332
119	164	0.755477
119	168	0.696925
119	169	0.657043
119	172	0.657606
119	173	0.66768
119	174	0.68177
119	175	0.65153
119	176	0.636143
119	177	0.638416
119	178	0.619159
119	179	0.628326
119	180	0.641341
120	35	3.54901
120	51	2.83228
120	59	1.95159
120	74	0.737686
120	84	1.66712
120	97	0.716816
120	127	0.745543
120	133	0.72501
120	136	0.757035
120	140	0.727718
120	150	0.744496
120	154	0.664532
120	159	0.705258
120	164	0.796333
120	167	0.728609
120	168	0.737781
120	169	0.697898
120	170	0.725795
120	172	0.698461
120	173	0.708535
120	175	0.692385
120	177	0.679271
120	178	0.660015
120	179	0.669181
120	180	0.682197
121	83	2.86064
121	96	0.756985
121	108	3.9922
121	126	0.717288
121	132	0.658027
121	133	0.684023
121	138	0.710368
121	142	0.724441
121	148	2.23636
121	150	0.703509
121	151	0.704163
121	153	0.703776
121	154	0.623545
121	157	0.72958
121	159	0.664271
121	161	0.679957
121	167	0.687622
121	168	0.696793
121	170	0.684808
121	172	0.657474
121	175	0.651398
121	176	0.636011
121	177	0.638284
121	178	0.619027
121	179	0.628194
121	180	0.641209
122	72	4.10431
122	87	0.71027
122	97	0.657732
122	124	0.700435
122	132	0.639931
122	133	0.665927
122	141	0.708201
122	144	5.18688
122	151	0.686066
122	152	0.665952
122	154	0.605449
122	155	0.653517
122	159	0.646174
122	162	0.652104
122	166	0.637858
122	168	0.678697
122	170	0.666711
122	171	0.606796
122	173	0.649452
122	174	0.663542
122	175	0.633301
122	176	0.617915
122	177	0.620187
122	178	0.600931
122	179	0.610098
122	180	0.623113
123	19	2.37551
123	70	0.836978
123	72	1.86261
123	109	1.45708
123	118	2.06042
123	128	0.841864
123	136	0.801735
123	138	0.796055
123	139	0.843588
123	140	0.772418
123	142	0.810128
123	147	0.536874
123	152	0.769736
123	154	0.709232
123	155	0.757301
123	156	0.456668
123	157	0.815267
123	159	0.749958
123	167	0.773309
123	169	0.742598
123	171	0.710579
123	172	0.743161
123	175	0.737085
123	176	0.721698
123	177	0.723971
123	178	0.704715
123	179	0.713881
123	180	0.726896
124	9	2.51939
124	12	4.01045
124	102	2.56716
124	105	2.50301
124	115	0.729996
124	122	0.700435
124	126	0.744196
124	134	0.713898
124	136	0.742957
124	153	0.730685
124	154	0.650453
124	157	0.756489
124	158	0.684792
124	159	0.691179
124	161	0.706866
124	162	0.697109
124	163	0.711664
124	168	0.723702
124	170	0.711716
124	171	0.6518
124	172	0.684383
124	173	0.694457
124	174	0.708547
124	175	0.678306
124	176	0.66292
124	177	0.665192
124	178	0.645936
124	179	0.655102
124	180	0.668118
125	4	5.0135
125	5	0.736486
125	48	3.39323
125	50	3.19327
125	75	0.617753
125	79	0.708783
125	81	0.710218
125	100	0.679361
125	110	0.704299
125	115	0.679759
125	116	0.695014
125	119	0.668426
125	129	0.70276
125	144	0.680182
125	145	0.660804
125	146	0.723204
125	147	0.71346
125	148	0.706885
125	150	0.68018
125	167	0.664293
125	168	0.673464
125	169	0.633582
125	171	0.601563
125	172	0.634145
125	174	0.658309
125	175	0.628068
125	176	0.612682
125	179	0.604865
125	180	0.61788
126	67	0.766262
126	97	0.701494
126	110	2.84103
126	111	3.1384
126	121	0.717288
126	124	0.744196
126	127	0.73022
126	142	0.750106
126	146	1.29952
126	147	1.85083
126	149	0.7368
126	152	0.709713
126	154	0.64921
126	158	0.683548
126	161	0.705622
126	163	0.71042
126	166	0.681619
126	168	0.722458
126	169	0.682576
126	170	0.710473
126	171	0.650557
126	172	0.683139
126	173	0.693213
126	175	0.677063
126	176	0.661676
126	177	0.663949
126	178	0.644692
126	179	0.653859
126	180	0.666874
127	9	2.93177
127	75	0.654015
127	76	0.763563
127	77	0.762353
127	83	4.1566
127	104	0.692425
127	107	0.781473
127	113	2.27487
127	120	0.745543
127	126	0.73022
127	135	1.18611
127	151	0.717095
127	152	0.696981
127	155	0.684546
127	158	0.670816
127	159	0.677203
127	161	0.69289
127	162	0.683133
127	163	0.697688
127	167	0.700555
127	168	0.709726
127	172	0.670407
127	173	0.68048
127	174	0.694571
127	175	0.66433
127	176	0.648944
127	177	0.651216
127	178	0.63196
127	179	0.641126
127	180	0.654142
128	3	3.4179
128	6	0.728344
128	23	0.777873
128	27	1.4752
128	29	0.759056
128	36	0.714461
128	40	0.805829
128	43	0.795049
128	47	1.29139
128	61	0.787988
128	73	0.799054
128	83	0.788152
128	91	0.724362
128	111	1.84272
128	123	0.841864
128	129	0.947166
128	147	0.555145
128	149	0.775689
128	154	0.688098
128	156	0.793321
128	161	0.744511
128	163	0.749309
128	167	0.752176
128	169	0.721464
128	170	0.749361
128	175	0.715951
128	177	0.702837
128	178	0.683581
128	179	0.692748
128	180	0.705763
129	9	0.795462
129	16	0.786283
129	35	0.704094
129	59	0.745054
129	68	0.73137
129	69	0.742698
129	71	0.742594
129	78	0.759768
129	84	0.767751
129	85	0.718984
129	100	0.737156
129	101	0.779336
129	102	0.728485
129	108	0.760592
129	113	0.793169
129	118	0.779032
129	125	0.70276
129	128	0.947166
129	135	0.760748
129	136	2.44248
129	138	2.08555
129	144	0.737977
129	145	0.718599
129	147	0.771255
129	148	0.76468
129	156	0.763233
129	157	1.73849
129	165	0.70915
129	169	4.84096
129	177	6.20029
130	14	0.469972
130	16	0.773735
130	28	0.698051
130	35	0.691545
130	59	0.732505
130	68	0.718821
130	71	0.730045
130	72	0.77595
130	79	0.75403
130	80	0.755704
130	81	0.755464
130	84	0.755203
130	86	0.753012
130	100	0.724607
130	101	0.766787
130	102	0.715937
130	110	0.749545
130	116	0.740261
130	117	0.737971
130	118	0.766484
130	135	0.7482
130	140	2.96106
130	144	0.725429
130	146	0.768451
130	147	0.758706
130	148	0.752132
130	153	2.39254
130	156	0.750685
130	159	4.84389
130	166	5.05769
130	170	3.05573
131	13	1.76346
131	14	0.786042
131	38	2.57112
131	46	2.98104
131	87	0.773417
131	94	0.756686
131	100	2.76809
131	104	0.724544
131	105	1.91629
131	137	0.778054
131	140	0.731782
131	142	0.769492
131	151	0.749213
131	153	0.748827
131	154	0.668596
131	155	0.716664
131	159	0.709321
131	163	0.729806
131	166	0.701005
131	168	0.741844
131	169	0.701962
131	170	0.729858
131	171	0.669943
131	174	0.726689
131	175	0.696448
131	176	0.681062
131	177	0.683334
131	178	0.664078
131	179	0.673245
131	180	0.68626
132	17	0.724919
132	19	0.641737
132	21	0.720676
132	33	0.643454
132	47	0.685872
132	48	0.678474
132	52	5.16191
132	55	0.746893
132	56	0.668517
132	63	0.676151
132	65	0.714653
132	82	0.688763
132	84	3.69085
132	103	0.691492
132	105	0.691503
132	115	0.669492
132	116	3.94725
132	121	0.658027
132	122	0.639931
132	133	0.650427
132	140	0.653135
132	150	0.669913
132	153	0.67018
132	157	0.695984
132	163	0.651159
132	169	0.623315
132	171	0.591296
132	174	0.648042
132	175	0.617802
132	178	0.585431
132	179	0.594598
132	180	0.607613
133	83	3.10515
133	91	0.652208
133	100	5.07743
133	110	4.21743
133	120	0.72501
133	121	0.684023
133	122	0.665927
133	132	0.650427
133	140	0.679131
133	141	0.718697
133	142	0.716841
133	152	0.676449
133	155	0.664014
133	157	0.72198
133	158	0.650284
133	159	0.656671
133	161	0.672357
133	162	0.6626
133	163	0.677156
133	166	0.648355
133	168	0.689194
133	170	0.677208
133	171	0.617292
133	172	0.649874
133	174	0.674038
133	175	0.643798
133	176	0.628411
133	177	0.630684
133	178	0.611428
133	179	0.620594
133	180	0.63361
134	2	0.614578
134	8	0.687094
134	13	0.698445
134	20	0.752223
134	27	0.759129
134	34	0.670311
134	38	0.739089
134	45	0.723039
134	51	0.68541
134	52	3.37958
134	53	0.689836
134	60	0.718902
134	66	4.99542
134	103	3.18574
134	106	1.63926
134	107	0.763906
134	111	0.703902
134	124	0.713898
134	150	0.698875
134	151	0.699529
134	157	0.724946
134	158	0.65325
134	161	0.675323
134	166	0.651321
134	169	0.652277
134	170	0.680174
134	172	0.65284
134	175	0.646764
134	176	0.631378
134	177	0.63365
134	178	0.614394
134	179	0.62356
134	180	0.636576
135	9	0.795656
135	28	0.710793
135	54	0.564576
135	69	0.742891
135	71	0.742787
135	72	0.788692
135	78	0.759961
135	79	0.766772
135	80	0.768446
135	81	0.768206
135	84	0.767945
135	85	0.719178
135	100	0.737349
135	102	0.728679
135	106	0.758343
135	110	0.762287
135	113	0.793362
135	116	0.753003
135	118	0.779226
135	127	1.18611
135	129	0.760748
135	130	0.7482
135	144	0.738171
135	145	0.718793
135	146	0.781193
135	147	0.771448
135	148	0.764874
135	154	6.62214
135	156	0.763427
135	163	2.50073
135	165	0.709344
135	172	2.31783
135	173	1.77305
135	179	5.41308
136	27	2.97052
136	62	1.57851
136	74	0.721124
136	111	3.33803
136	114	3.27046
136	120	0.757035
136	123	0.801735
136	124	0.742957
136	129	2.44248
136	141	0.750722
136	142	0.748866
136	143	0.772914
136	150	0.727934
136	151	0.728588
136	152	0.708474
136	154	0.64797
136	158	0.682309
136	159	0.688696
136	161	0.704382
136	163	0.709181
136	165	0.69911
136	166	0.68038
136	167	0.712047
136	168	0.721219
136	170	0.709233
136	171	0.649317
136	172	0.681899
136	173	0.691973
136	175	0.675823
136	176	0.660436
