1	3	1.27147
1	34	1.17182
1	40	1.24101
1	76	1.25608
1	79	1.12103
1	89	1.18329
1	90	1.18373
1	91	1.18413
1	132	0.593234
1	139	0.961007
1	146	1.07699
1	159	0.742426
2	61	1.20933
2	72	1.17923
2	74	1.17518
2	77	1.17304
2	78	1.24097
2	86	1.21858
2	87	1.21392
2	98	1.24678
2	138	0.813274
2	144	0.604449
2	153	0.720362
2	180	1.23946
3	1	1.27147
3	34	1.17556
3	40	1.24474
3	79	1.12476
3	80	1.2185
3	89	1.18702
3	90	1.18746
3	91	1.18786
3	120	0.717549
3	137	0.710189
3	142	0.707721
3	171	1.22583
4	28	1.04951
4	35	1.18171
4	37	1.01992
4	56	0.987532
4	68	1.06058
4	70	1.13372
4	85	0.780189
4	121	1.03412
4	128	0.926756
4	137	1.05689
4	148	1.09201
4	162	1.39742
5	7	0.992903
5	13	1.06865
5	46	1.1184
5	49	1.08627
5	60	1.09224
5	66	1.05017
5	67	1.04979
5	143	1.07358
5	145	1.11152
5	151	0.787449
5	156	0.925966
5	177	1.41495
6	22	1.16094
6	24	1.16407
6	27	1.03857
6	33	1.03348
6	45	1.12366
6	48	1.07726
6	55	1.07786
6	118	0.985416
6	135	1.09651
6	141	0.86805
6	153	1.08604
7	5	0.992903
7	17	1.06883
7	49	1.08647
7	60	1.09245
7	66	1.05037
7	67	1.04999
7	75	1.09151
7	138	0.986109
7	143	1.07379
7	145	1.11172
7	168	0.904119
7	174	1.26907
8	18	1.17798
8	24	1.27788
8	27	1.15239
8	33	1.14729
8	45	1.23747
8	48	1.19107
8	55	1.19168
8	128	0.721327
8	135	1.21033
8	136	0.741132
8	151	0.701365
8	176	1.20773
9	95	1.16027
9	96	1.15834
9	100	1.16969
9	104	1.22281
9	109	1.24493
9	116	1.2243
9	127	1.20578
9	148	1.2434
9	149	0.776733
9	169	0.620383
9	177	0.983629
9	180	1.02079
10	25	0.762094
10	135	0.560295
10	146	1.07111
10	148	0.335694
10	166	1.06427
10	169	1.13473
10	171	1.04463
10	173	1.07871
10	174	1.07002
10	177	1.03604
10	179	1.03157
10	180	1.04355
11	14	0.99036
11	25	0.940205
11	42	1.0265
11	44	0.906622
11	52	0.886455
11	65	0.951758
11	73	1.02796
11	83	0.992493
11	135	0.973046
11	138	1.31216
11	165	0.906647
11	174	1.59512
12	76	1.2577
12	79	1.12265
12	80	1.21639
12	89	1.18491
12	90	1.18535
12	91	1.18575
12	113	1.22147
12	124	1.20526
12	153	0.495661
12	163	0.687978
12	176	0.856465
12	178	1.38342
13	5	1.06865
13	46	1.19435
13	49	1.16222
13	60	1.1682
13	66	1.12612
13	67	1.12574
13	108	1.23488
13	130	0.808333
13	143	1.14954
13	145	1.18747
13	151	0.702693
13	155	1.22523
13	161	0.81617
14	11	0.99036
14	44	1.12778
14	52	1.10761
14	65	1.17291
14	73	1.24912
14	75	0.687355
14	83	1.21365
14	111	1.18992
14	135	1.1942
14	136	0.754087
14	152	0.82467
14	165	1.1278
14	166	1.29382
15	16	1.18569
15	23	1.01437
15	36	1.22931
15	51	1.17155
15	53	1.15834
15	54	1.17391
15	81	1.17835
15	82	1.1786
15	108	0.572767
15	130	1.13668
15	131	0.755354
15	149	1.05326
15	167	1.19381
16	15	1.18569
16	23	1.02891
16	39	1.1063
16	47	1.23211
16	53	1.17288
16	81	1.19289
16	82	1.19314
16	99	0.741405
16	127	1.16257
16	130	1.15122
16	133	0.811411
16	139	1.11727
16	168	0.910213
17	7	1.06883
17	26	0.850867
17	46	1.19433
17	49	1.1622
17	60	1.16818
17	66	1.1261
17	67	1.12572
17	85	0.562823
17	108	1.23486
17	143	1.14952
17	145	1.18745
17	152	0.799776
17	170	1.30788
18	8	1.17798
18	20	1.26118
18	22	1.20897
18	27	1.08661
18	33	1.08151
18	45	1.17169
18	48	1.12529
18	55	1.12589
18	99	0.72541
18	135	1.14454
18	153	0.883297
18	168	0.894218
18	172	1.07615
19	25	1.14343
19	44	1.10985
19	52	1.08968
19	65	1.15498
19	73	1.23119
19	83	1.19572
19	111	1.17199
19	135	1.17627
19	156	0.510096
19	157	0.635271
19	165	1.10987
19	178	1.4049
19	179	1.08702
20	18	1.26118
20	22	1.35795
20	24	1.36108
20	33	1.23049
20	45	1.32067
20	48	1.27426
20	55	1.27487
20	133	0.641149
20	135	1.29352
20	140	0.659256
20	152	0.693815
20	153	0.72903
20	176	1.08983
21	32	1.01897
21	35	1.14915
21	37	0.987365
21	43	1.08936
21	56	0.954975
21	68	1.02802
21	70	1.10116
21	121	1.00156
21	137	1.02434
21	140	0.903341
21	148	1.05945
21	159	0.972511
21	170	1.446
22	6	1.16094
22	18	1.20897
22	20	1.35795
22	24	1.30887
22	27	1.18338
22	45	1.26846
22	48	1.22206
22	55	1.22266
22	135	1.24132
22	139	0.756604
22	156	0.531579
22	165	0.589328
22	172	0.731482
22	175	1.42641
23	15	1.01437
23	16	1.02891
23	36	1.07254
23	38	1.06846
23	39	0.934985
23	47	1.0608
23	51	1.01477
23	54	1.01714
23	81	1.02158
23	82	1.02182
23	126	0.961143
23	127	0.991255
23	142	1.03768
23	166	1.51866
24	6	1.16407
24	8	1.27788
24	20	1.36108
24	22	1.30887
24	27	1.18651
24	33	1.18141
24	48	1.22519
24	55	1.22579
24	135	1.24444
24	144	0.513287
24	163	0.821516
24	172	0.822054
24	173	0.887618
24	176	0.990004
25	10	0.762094
25	11	0.940205
25	19	1.14343
25	29	1.1371
25	42	1.1975
25	52	1.05746
25	73	1.19897
25	83	1.16349
25	99	0.737561
25	111	1.13977
25	135	1.14405
25	144	0.779535
25	165	1.07765
25	176	1.25625
26	17	0.850867
26	31	0.803309
26	45	0.685208
26	92	1.04661
26	93	1.05383
26	101	1.08415
26	102	1.08396
26	105	1.08392
26	152	1.06936
26	155	0.962863
26	168	1.02605
26	173	0.96328
26	179	0.916145
26	180	0.928126
27	6	1.03857
27	8	1.15239
27	18	1.08661
27	22	1.18338
27	24	1.18651
27	33	1.05592
27	45	1.1461
27	48	1.0997
27	55	1.1003
27	85	0.603705
27	122	1.00687
27	135	1.11895
27	153	0.875874
27	167	1.29147
28	4	1.04951
28	32	1.11716
28	37	1.08556
28	43	1.18755
28	56	1.05317
28	68	1.12622
28	70	1.19935
28	80	0.041731
28	121	1.09976
28	137	1.12253
28	148	1.15765
28	151	0.841834
28	153	0.987398
28	177	1.46934
29	25	1.1371
29	42	1.22339
29	44	1.10351
29	52	1.08335
29	65	1.14865
29	73	1.22486
29	83	1.18938
29	111	1.16566
29	134	0.476225
29	165	1.10354
29	170	1.05921
29	174	0.962198
29	180	1.10543
30	64	1.12399
30	84	1.11966
30	92	1.10015
30	93	1.10738
30	101	1.13769
30	102	1.1375
30	105	1.13746
30	143	1.12917
30	144	0.821015
30	145	1.16711
30	150	0.981425
30	154	0.980633
30	165	0.987628
30	168	1.0796
31	26	0.803309
31	40	1.28395
31	41	1.30147
31	79	1.16397
31	80	1.25771
31	89	1.22623
31	90	1.22667
31	91	1.22707
31	113	1.26279
31	124	1.24659
31	130	0.747509
31	131	0.764566
31	151	0.641869
31	158	0.766718
32	21	1.01897
32	28	1.11716
32	37	1.08757
32	43	1.18957
32	56	1.05518
32	68	1.12823
32	70	1.20137
32	121	1.10177
32	134	0.673142
32	137	1.12454
32	148	1.15966
32	164	1.18484
32	168	0.794163
32	174	1.15911
33	6	1.03348
33	8	1.14729
33	18	1.08151
33	20	1.23049
33	24	1.18141
33	27	1.05592
33	45	1.141
33	48	1.0946
33	55	1.0952
33	135	1.11386
33	161	0.398009
33	175	1.31788
33	176	0.790901
33	178	1.31785
34	1	1.17182
34	3	1.17556
34	41	1.16262
34	76	1.16017
34	79	1.02512
34	80	1.11886
34	89	1.08738
34	90	1.08782
34	91	1.08822
34	124	1.10773
34	128	0.611269
34	159	0.736267
34	171	1.20794
34	177	1.21881
35	4	1.18171
35	21	1.14915
35	37	1.21776
35	43	1.31975
35	56	1.18537
35	68	1.25842
35	70	1.33155
35	119	1.11495
35	128	0.623703
35	137	1.25473
35	148	1.28984
35	151	0.603741
35	152	0.71409
35	172	0.94216
36	15	1.22931
36	23	1.07254
36	39	1.14993
36	51	1.22971
36	53	1.2165
36	54	1.23208
36	81	1.23652
36	82	1.23676
36	127	1.2062
36	130	1.19484
36	134	0.612348
36	140	0.652673
36	153	0.722447
36	173	0.980865
36	180	1.24155
37	4	1.01992
37	21	0.987365
37	28	1.08556
37	32	1.08757
37	35	1.21776
37	56	1.02358
37	68	1.09663
37	70	1.16976
37	121	1.07017
37	136	0.718086
37	137	1.09294
37	148	1.12806
37	150	0.868381
37	172	1.01674
37	179	1.39376
38	23	1.06846
38	39	1.14585
38	47	1.27166
38	51	1.22564
38	53	1.21243
38	54	1.228
38	81	1.23244
38	82	1.23269
38	125	0.855915
38	127	1.20212
38	130	1.19077
38	136	0.542164
38	140	0.578189
38	154	0.691669
38	175	1.53575
39	16	1.1063
39	23	0.934985
39	36	1.14993
39	38	1.14585
39	47	1.13819
39	51	1.09216
39	53	1.07895
39	54	1.09452
39	81	1.09896
39	82	1.09921
39	85	0.543323
39	130	1.05729
39	172	1.00835
39	173	1.07391
39	180	1.33459
40	1	1.24101
40	3	1.24474
40	31	1.28395
40	41	1.2318
40	76	1.22935
40	79	1.09431
40	80	1.18805
40	89	1.15656
40	90	1.157
40	91	1.1574
40	120	0.529765
40	122	0.697981
40	162	0.912041
40	169	0.685676
40	178	1.45474
41	31	1.30147
41	34	1.16262
41	40	1.2318
41	76	1.24687
41	79	1.11182
41	80	1.20556
41	89	1.17408
41	90	1.17452
41	91	1.17492
41	108	0.658682
41	120	0.826919
41	124	1.19443
41	131	0.841269
41	156	0.857088
41	163	1.05645
42	11	1.0265
42	25	1.1975
42	29	1.22339
42	44	1.16391
42	65	1.20905
42	73	1.28526
42	83	1.24979
42	111	1.22606
42	119	0.921792
42	135	1.23034
42	150	0.600642
42	153	0.556144
42	165	1.16394
42	170	1.02903
42	179	1.12602
43	21	1.08936
43	28	1.18755
43	32	1.18957
43	35	1.31975
43	56	1.12557
43	68	1.19862
43	70	1.27176
43	117	0.805773
43	121	1.17216
43	133	0.720687
43	137	1.19493
43	139	1.02654
43	147	0.900536
43	148	1.23005
43	161	0.77648
44	11	0.906622
44	14	1.12778
44	19	1.10985
44	29	1.10351
44	42	1.16391
44	52	1.02387
44	65	1.08918
44	73	1.16538
44	83	1.12991
44	135	1.11046
44	144	0.71461
44	159	0.829918
44	165	1.04406
44	167	1.24612
44	174	1.2064
45	6	1.12366
45	8	1.23747
45	18	1.17169
45	20	1.32067
45	22	1.26846
45	26	0.685208
45	27	1.1461
45	33	1.141
45	48	1.18478
45	55	1.18538
45	135	1.20403
45	137	0.624755
45	150	0.71383
45	167	1.08493
45	172	0.862187
46	5	1.1184
46	13	1.19435
46	17	1.19433
46	49	1.21197
46	60	1.21794
46	66	1.17586
46	67	1.17549
46	108	1.28463
46	143	1.19928
46	145	1.23722
46	152	0.59495
46	163	0.822482
46	166	1.0641
46	168	0.641087
46	177	1.11211
47	16	1.23211
47	23	1.0608
47	38	1.27166
47	39	1.13819
47	51	1.21797
47	53	1.20476
47	54	1.22034
47	81	1.22478
47	82	1.22502
47	122	0.570305
47	127	1.19445
47	163	0.631623
47	174	0.815179
47	178	1.32706
47	180	0.958407
48	6	1.07726
48	8	1.19107
48	18	1.12529
48	20	1.27426
48	22	1.22206
48	24	1.22519
48	27	1.0997
48	33	1.0946
48	45	1.18478
48	55	1.13898
48	85	0.650135
48	130	0.88238
48	135	1.15763
48	140	0.852531
48	150	0.966802
48	157	1.04043
49	5	1.08627
49	7	1.08647
49	13	1.16222
49	17	1.1622
49	46	1.21197
49	60	1.18581
49	66	1.14374
49	67	1.14336
49	99	0.576492
49	108	1.2525
49	118	0.633756
49	143	1.16715
49	145	1.20509
49	146	1.06834
49	172	0.927233
49	177	1.21632
50	85	1.09548
50	97	0.981081
50	110	1.36867
50	117	1.01714
50	123	0.902905
50	141	1.08533
50	148	1.32161
50	164	0.875908
50	166	0.867574
50	170	0.853746
50	172	0.903877
50	176	0.879736
50	177	0.839339
50	178	0.813348
50	179	0.834871
50	180	0.846853
51	15	1.17155
51	23	1.01477
51	36	1.22971
51	38	1.22564
51	39	1.09216
51	47	1.21797
51	53	1.15874
51	54	1.17431
51	81	1.17875
51	82	1.179
51	118	0.767096
51	122	0.998718
51	127	1.14843
51	160	0.98003
51	161	0.835631
51	168	0.87864
52	11	0.886455
52	14	1.10761
52	19	1.08968
52	25	1.05746
52	29	1.08335
52	44	1.02387
52	65	1.06901
52	73	1.14522
52	83	1.10974
52	111	1.08602
52	112	1.02589
52	118	0.978597
52	135	1.0903
52	150	1.12372
52	152	1.044
52	165	1.0239
53	15	1.15834
53	16	1.17288
53	36	1.2165
53	38	1.21243
53	39	1.07895
53	47	1.20476
53	51	1.15874
53	81	1.16554
53	82	1.16579
53	88	0.616749
53	127	1.13522
53	130	1.12387
53	152	0.841152
53	158	0.855652
53	161	0.84428
53	176	1.23717
54	15	1.17391
54	23	1.01714
54	36	1.23208
54	38	1.228
54	39	1.09452
54	47	1.22034
54	51	1.17431
54	81	1.18111
54	82	1.18136
54	127	1.15079
54	130	1.13944
54	160	0.550617
54	174	0.814179
54	176	0.79911
54	178	1.32606
54	179	1.00818
55	6	1.07786
55	8	1.19168
55	18	1.12589
55	20	1.27487
55	22	1.22266
55	24	1.22579
55	27	1.1003
55	33	1.0952
55	45	1.18538
55	48	1.13898
55	88	0.550211
55	123	1.22841
55	126	0.686244
55	135	1.15824
55	161	0.777742
55	162	1.15489
56	4	0.987532
56	21	0.954975
56	28	1.05317
56	32	1.05518
56	35	1.18537
56	37	1.02358
56	43	1.12557
56	68	1.06424
56	70	1.13737
56	121	1.03778
56	136	0.94599
56	137	1.06055
56	142	1.00474
56	148	1.09567
56	168	1.06271
56	169	1.17048
57	95	1.11574
57	96	1.11382
57	100	1.12517
57	103	1.18177
57	104	1.17829
57	106	1.15704
57	109	1.20041
57	110	1.2042
57	114	1.18244
57	144	0.628922
57	148	1.19887
57	151	1.18669
57	156	0.737786
57	168	0.755756
57	171	1.2159
57	176	1.10564
58	61	1.14913
58	63	1.16389
58	74	1.11498
58	77	1.11284
58	86	1.15838
58	87	1.15371
58	88	1.23298
58	98	1.18658
58	108	0.683333
58	111	1.17448
58	115	1.17274
58	129	1.20907
58	152	0.853572
58	157	1.00691
58	159	0.888183
58	169	1.00748
59	60	0.765797
59	92	0.995587
59	109	0.706673
59	123	0.984799
59	150	1.05194
59	153	1.0736
59	159	1.05902
59	165	1.02106
59	166	0.949468
59	169	1.01992
59	173	0.9639
59	174	0.95521
59	175	0.891467
59	176	0.96163
59	179	0.916765
59	180	0.928747
60	5	1.09224
60	7	1.09245
60	13	1.1682
60	17	1.16818
60	46	1.21794
60	49	1.18581
60	59	0.765797
60	66	1.14971
60	67	1.14933
60	75	1.19085
60	117	0.65682
60	143	1.17313
60	144	0.543702
60	145	1.21106
60	167	1.07521
60	171	1.13068
61	2	1.20933
61	58	1.14913
61	63	1.13238
61	72	1.08751
61	77	1.08133
61	78	1.14926
61	86	1.12687
61	87	1.12221
61	98	1.15507
61	111	1.14297
61	121	1.10099
61	125	1.07565
61	129	1.17756
61	132	0.717899
61	134	0.757596
61	137	0.823117
61	162	1.21275
62	88	0.478
62	94	1.22405
62	95	1.18648
62	96	1.18455
62	106	1.22778
62	109	1.27114
62	110	1.27493
62	114	1.25317
62	116	1.25051
62	117	0.734824
62	140	1.23759
62	142	0.690572
62	144	0.621706
62	148	1.26961
62	151	1.25743
62	162	1.08268
62	170	1.21051
63	58	1.16389
63	61	1.13238
63	72	1.10228
63	74	1.09823
63	77	1.09609
63	78	1.16402
63	86	1.14163
63	87	1.13697
63	97	0.738453
63	98	1.16983
63	111	1.15773
63	115	1.156
63	121	1.11575
63	169	0.738702
63	170	1.0929
63	171	1.09107
63	174	0.995882
64	30	1.12399
64	84	1.13977
64	92	1.12026
64	93	1.12749
64	101	1.1578
64	102	1.15761
64	105	1.15757
64	108	0.522814
64	113	1.15803
64	125	1.0514
64	143	1.14928
64	145	1.18722
64	161	0.69618
64	164	1.12987
64	168	1.09971
64	171	1.19933
64	176	1.08907
65	11	0.951758
65	14	1.17291
65	19	1.15498
65	29	1.14865
65	42	1.20905
65	44	1.08918
65	52	1.06901
65	73	1.21052
65	83	1.17505
65	111	1.15132
65	122	0.762551
65	123	1.05014
65	135	1.1556
65	157	0.749679
65	161	0.599465
65	165	1.0892
65	178	1.51931
66	5	1.05017
66	7	1.05037
66	13	1.12612
66	17	1.1261
66	46	1.17586
66	49	1.14374
66	60	1.14971
66	67	1.10726
66	75	1.14877
66	97	0.6918
66	108	1.2164
66	143	1.13105
66	145	1.16899
66	159	0.57275
66	162	0.918413
66	166	1.00729
66	178	1.46111
67	5	1.04979
67	7	1.04999
67	13	1.12574
67	17	1.12572
67	46	1.17549
67	49	1.14336
67	60	1.14933
67	66	1.10726
67	75	1.1484
67	108	1.21602
67	120	0.906098
67	132	0.793519
67	141	0.725327
67	143	1.13067
67	145	1.16861
67	165	0.994017
67	173	1.20173
68	4	1.06058
68	21	1.02802
68	28	1.12622
68	32	1.12823
68	35	1.25842
68	37	1.09663
68	43	1.19862
68	56	1.06424
68	70	1.21042
68	121	1.11083
68	128	0.754386
68	132	0.730193
68	137	1.1336
68	141	0.662001
68	146	1.21395
68	148	1.16872
68	155	1.25696
69	81	0.945759
69	111	0.949852
69	123	0.950844
69	127	0.984465
69	128	1.07509
69	133	1.09516
69	138	0.992288
69	154	1.02046
69	156	1.05713
69	163	0.972777
69	169	0.985969
69	171	0.895867
69	173	0.929945
69	175	0.857512
69	176	0.927675
69	178	0.861287
69	179	0.88281
69	180	0.894792
70	4	1.13372
70	21	1.10116
70	28	1.19935
70	32	1.20137
70	35	1.33155
70	37	1.16976
70	43	1.27176
70	56	1.13737
70	68	1.21042
70	121	1.18396
70	130	0.898139
70	137	1.20674
70	140	0.868289
70	142	0.891017
70	143	0.0210262
70	148	1.24185
70	158	0.917347
70	173	1.19648
71	75	0.635406
71	94	1.09447
71	95	1.0569
71	100	1.06632
71	103	1.12293
71	104	1.11945
71	106	1.0982
71	109	1.14157
71	110	1.14535
71	112	0.75461
71	114	1.12359
71	116	1.12093
71	125	1.01589
71	127	1.10241
71	140	1.10801
71	144	0.692024
71	148	1.14003
71	175	1.69572
72	2	1.17923
72	61	1.08751
72	63	1.10228
72	74	1.05336
72	77	1.05123
72	78	1.11915
72	86	1.09677
72	87	1.0921
72	88	1.17137
72	98	1.12496
72	115	1.11113
72	121	1.07089
72	129	1.14746
72	146	1.24238
72	151	0.762852
72	157	1.02654
72	161	0.876329
72	168	0.919338
73	11	1.02796
73	14	1.24912
73	19	1.23119
73	25	1.19897
73	29	1.22486
73	42	1.28526
73	44	1.16538
73	52	1.14522
73	65	1.21052
73	83	1.25125
73	99	0.699287
73	112	0.803848
73	135	1.23181
73	141	0.639185
73	154	0.90088
73	165	1.16541
73	169	0.975867
73	172	1.05003
74	2	1.17518
74	58	1.11498
74	63	1.09823
74	72	1.05336
74	77	1.04718
74	78	1.11511
74	86	1.09272
74	87	1.08806
74	88	1.16732
74	98	1.12092
74	115	1.10708
74	118	0.607946
74	121	1.06684
74	129	1.14341
74	149	0.983612
74	154	0.752275
74	179	1.27845
74	180	1.22767
75	7	1.09151
75	14	0.687355
75	60	1.19085
75	66	1.14877
75	67	1.1484
75	71	0.635406
75	79	0.613951
75	110	0.343578
75	127	0.587524
75	134	1.20597
75	143	1.17219
75	145	1.21013
75	165	1.117
75	174	1.05115
75	177	1.01717
75	178	0.991182
75	179	1.0127
75	180	1.02469
76	1	1.25608
76	12	1.2577
76	34	1.16017
76	40	1.22935
76	41	1.24687
76	79	1.10937
76	80	1.20311
76	89	1.17163
76	90	1.17207
76	91	1.17247
76	113	1.20819
76	124	1.19199
76	147	0.599311
76	157	0.625469
76	166	0.941278
76	168	0.518264
76	175	1.39512
76	180	1.02644
77	2	1.17304
77	58	1.11284
77	61	1.08133
77	63	1.09609
77	72	1.05123
77	74	1.04718
77	78	1.11297
77	86	1.09058
77	87	1.08592
77	88	1.16518
77	98	1.11878
77	111	1.10669
77	118	0.800773
77	128	0.775793
77	129	1.14128
77	151	0.755831
77	172	1.09425
77	177	1.38334
78	2	1.24097
78	61	1.14926
78	63	1.16402
78	72	1.11915
78	74	1.11511
78	77	1.11297
78	86	1.15851
78	88	1.23311
78	98	1.18671
78	111	1.17461
78	115	1.17287
78	120	0.60034
78	121	1.13263
78	129	1.2092
78	169	0.756252
78	172	0.830412
78	174	1.01343
78	176	0.998362
78	177	1.1195
79	1	1.12103
79	3	1.12476
79	12	1.12265
79	31	1.16397
79	34	1.02512
79	40	1.09431
79	41	1.11182
79	75	0.613951
79	76	1.10937
79	80	1.06807
79	89	1.03658
79	90	1.03702
79	91	1.03742
79	97	0.904927
79	113	1.07314
79	124	1.05694
79	158	0.765766
79	165	0.837183
79	178	1.67424
80	3	1.2185
80	12	1.21639
80	28	0.041731
80	31	1.25771
80	34	1.11886
80	40	1.18805
80	41	1.20556
80	76	1.20311
80	79	1.06807
80	89	1.13032
80	90	1.13076
80	91	1.13116
80	113	1.16688
80	124	1.15068
80	131	0.849787
80	137	0.828077
80	138	0.965566
80	165	0.923355
80	180	1.39176
81	15	1.17835
81	16	1.19289
81	23	1.02158
81	36	1.23652
81	38	1.23244
81	39	1.09896
81	47	1.22478
81	51	1.17875
81	53	1.16554
81	54	1.18111
81	69	0.945759
81	82	1.1858
81	108	0.515893
81	127	1.15523
81	130	1.14388
81	138	0.81426
81	158	0.700632
81	164	1.12295
81	172	0.914202
82	15	1.1786
82	16	1.19314
82	23	1.02182
82	36	1.23676
82	38	1.23269
82	39	1.09921
82	47	1.22502
82	51	1.179
82	53	1.16579
82	54	1.18136
82	81	1.1858
82	120	0.618082
82	125	0.863252
82	127	1.15548
82	130	1.14413
82	150	0.699798
82	155	1.03227
82	170	1.12819
82	173	0.913718
83	11	0.992493
83	14	1.21365
83	19	1.19572
83	25	1.16349
83	29	1.18938
83	42	1.24979
83	44	1.12991
83	52	1.10974
83	65	1.17505
83	73	1.25125
83	111	1.19205
83	130	0.62863
83	135	1.19633
83	138	0.761467
83	153	0.668555
83	162	1.01361
83	165	1.12994
83	176	1.02936
83	177	1.15049
84	30	1.11966
84	64	1.13977
84	92	1.11594
84	93	1.12316
84	101	1.15347
84	102	1.15328
84	105	1.15324
84	113	1.1537
84	115	1.15015
84	124	1.1375
84	129	1.18647
84	137	0.6267
84	143	1.14496
84	145	1.18289
84	147	0.763246
84	150	0.715775
84	155	1.04825
84	167	1.08687
84	168	1.09538
84	179	1.24116
85	4	0.780189
85	17	0.562823
85	27	0.603705
85	39	0.543323
85	48	0.650135
85	50	1.09548
85	92	0.617235
85	107	1.15549
85	136	1.28211
85	144	1.31534
85	166	1.12881
85	170	1.11498
85	172	1.16511
85	174	1.13455
85	175	1.07081
85	176	1.14097
85	177	1.10058
85	178	1.07458
85	179	1.09611
85	180	1.10809
86	2	1.21858
86	58	1.15838
86	61	1.12687
86	63	1.14163
86	72	1.09677
86	74	1.09272
86	77	1.09058
86	78	1.15851
86	87	1.13146
86	98	1.16432
86	111	1.15222
86	115	1.15049
86	121	1.11024
86	126	0.679529
86	129	1.18681
86	146	1.13707
86	151	0.65755
86	154	0.846821
86	160	0.915426
86	167	1.21871
87	2	1.21392
87	58	1.15371
87	61	1.12221
87	63	1.13697
87	72	1.0921
87	74	1.08806
87	77	1.08592
87	86	1.13146
87	88	1.20606
87	98	1.15966
87	111	1.14756
87	115	1.14582
87	121	1.10558
87	129	1.18215
87	140	0.710254
87	141	0.56204
87	160	0.892339
87	163	0.972345
87	173	1.03845
87	180	1.29913
88	53	0.616749
88	55	0.550211
88	58	1.23298
88	62	0.478
88	72	1.17137
88	74	1.16732
88	77	1.16518
88	78	1.23311
88	87	1.20606
88	98	1.23892
88	100	0.573371
88	124	0.56599
88	127	0.500436
88	170	1.07928
88	172	1.12942
88	173	1.10754
88	177	1.06488
88	178	1.03889
88	179	1.06041
88	180	1.07239
89	1	1.18329
89	3	1.18702
89	12	1.18491
89	31	1.22623
89	34	1.08738
89	40	1.15656
89	41	1.17408
89	76	1.17163
89	79	1.03658
89	80	1.13032
89	90	1.09928
89	91	1.09968
89	112	0.839518
89	113	1.1354
89	124	1.1192
89	137	0.848266
89	156	0.885795
89	157	1.01097
89	158	0.872127
89	160	1.00515
90	1	1.18373
90	3	1.18746
90	12	1.18535
90	31	1.22667
90	34	1.08782
90	40	1.157
90	41	1.17452
90	76	1.17207
90	79	1.03702
90	80	1.13076
90	89	1.09928
90	91	1.10012
90	108	0.618442
90	113	1.13584
90	124	1.11964
90	132	0.674101
90	142	0.776851
90	147	0.915865
90	149	1.09894
90	179	1.39378
91	1	1.18413
91	3	1.18786
91	12	1.18575
91	31	1.22707
91	34	1.08822
91	40	1.1574
91	41	1.17492
91	76	1.17247
91	79	1.03742
91	80	1.13116
91	89	1.09968
91	90	1.10012
91	113	1.13624
91	124	1.12004
91	134	0.744155
91	138	0.947167
91	141	0.636266
91	163	1.04657
91	164	1.25586
91	168	0.865176
92	26	1.04661
92	30	1.10015
92	59	0.995587
92	64	1.12026
92	84	1.11594
92	85	0.617235
92	93	1.10365
92	101	1.13397
92	102	1.13377
92	105	1.13373
92	113	1.13419
92	115	1.13064
92	124	1.11799
92	129	1.16697
92	134	0.779305
92	140	0.819631
92	143	1.12545
92	145	1.16338
92	159	0.8888
92	163	1.08172
92	168	1.07587
93	26	1.05383
93	30	1.10738
93	64	1.12749
93	84	1.12316
93	92	1.10365
93	101	1.14119
93	102	1.14099
93	105	1.14096
93	115	1.13786
93	124	1.12521
93	125	1.03479
93	129	1.17419
93	132	0.734215
93	139	1.10199
93	143	1.13267
93	145	1.17061
93	154	0.927718
93	156	0.876963
93	158	0.863296
93	168	1.08309
93	173	1.14243
94	62	1.22405
94	71	1.09447
94	95	1.07145
94	96	1.06953
94	100	1.08088
94	103	1.13748
94	104	1.134
94	106	1.11275
94	109	1.15612
94	110	1.15991
94	114	1.13815
94	116	1.13549
94	122	1.09263
94	127	1.11697
94	130	0.615672
94	140	1.12256
94	156	0.648548
94	159	0.654992
94	167	1.07119
94	175	1.54338
94	177	1.13754
95	9	1.16027
95	57	1.11574
95	62	1.18648
95	71	1.0569
95	94	1.07145
95	100	1.04331
95	103	1.09991
95	104	1.09643
95	106	1.07518
95	109	1.11855
95	110	1.12234
95	112	0.918262
95	114	1.10058
95	116	1.09792
95	122	1.05506
95	134	0.861488
95	148	1.11701
95	150	1.01609
95	151	1.10483
95	158	0.950872
95	165	1.02229
95	169	1.09028
96	9	1.15834
96	57	1.11382
96	62	1.18455
96	94	1.06953
96	100	1.04138
96	103	1.09799
96	104	1.09451
96	106	1.07326
96	109	1.11662
96	110	1.12041
96	114	1.09865
96	116	1.09599
96	120	0.837975
96	122	1.05314
96	139	1.09317
96	140	1.08307
96	141	0.657204
96	148	1.11509
96	151	1.10291
96	153	0.875192
96	169	0.993886
96	179	1.44507
97	50	0.981081
97	63	0.738453
97	66	0.6918
97	79	0.904927
97	112	1.11613
97	128	1.17399
97	135	0.812094
97	145	0.755685
97	150	1.11688
97	160	1.08265
97	163	1.07167
97	167	1.02062
97	169	1.08486
97	170	1.00058
97	171	0.994762
97	174	1.02015
97	175	0.956408
97	176	1.02657
97	177	0.986174
97	178	0.960183
97	179	0.981706
97	180	0.993688
98	2	1.24678
98	58	1.18658
98	61	1.15507
98	63	1.16983
98	72	1.12496
98	74	1.12092
98	77	1.11878
98	78	1.18671
98	86	1.16432
98	87	1.15966
98	88	1.23892
98	108	0.57068
98	111	1.18042
98	115	1.17868
98	121	1.13844
98	122	0.907133
98	129	1.21501
98	141	0.558146
98	156	0.769085
98	164	1.17774
98	165	0.826835
98	179	1.34601
99	16	0.741405
99	18	0.72541
99	25	0.737561
99	49	0.576492
99	73	0.699287
99	100	0.675102
99	122	1.17363
99	157	1.15442
99	158	1.1861
99	160	1.15421
99	162	1.09681
99	164	1.0943
99	170	1.07214
99	171	1.06632
99	172	1.12227
99	173	1.1004
99	175	1.02796
99	176	1.09813
99	177	1.05773
99	178	1.03174
99	179	1.05326
99	180	1.06524
100	9	1.16969
100	57	1.12517
100	71	1.06632
100	88	0.573371
100	94	1.08088
100	95	1.04331
100	96	1.04138
100	99	0.675102
100	103	1.10934
100	104	1.10585
100	106	1.08461
100	109	1.12797
100	110	1.13176
100	114	1.11
100	116	1.10734
100	127	1.08882
100	128	0.707386
100	140	1.09442
100	148	1.12644
100	155	1.20996
100	166	1.26692
100	169	0.951682
101	26	1.08415
101	30	1.13769
101	64	1.1578
101	84	1.15347
101	92	1.13397
101	93	1.14119
101	102	1.17131
101	105	1.17127
101	113	1.17173
101	115	1.16818
101	124	1.15553
101	125	1.06511
101	129	1.20451
101	136	0.537746
101	143	1.16299
101	145	1.20092
101	147	0.735513
101	157	0.761671
101	164	1.04515
101	168	1.11341
101	169	0.762238
101	174	1.01942
101	178	1.5313
102	26	1.08396
102	30	1.1375
102	64	1.15761
102	84	1.15328
102	92	1.13377
102	93	1.14099
102	101	1.17131
102	105	1.17108
102	113	1.17154
102	115	1.16798
102	123	1.24756
102	124	1.15533
102	125	1.06491
102	129	1.20431
102	130	0.789048
102	133	0.741092
102	134	0.718873
102	143	1.16279
102	145	1.20073
102	149	1.10402
102	151	0.683408
102	163	1.02129
102	168	1.11322
103	57	1.18177
103	71	1.12293
103	94	1.13748
103	95	1.09991
103	96	1.09799
103	100	1.10934
103	104	1.16246
103	106	1.14121
103	109	1.18458
103	110	1.18837
103	112	0.857867
103	114	1.16661
103	116	1.16395
103	127	1.14543
103	133	0.823312
103	136	0.805394
103	140	1.15103
103	148	1.18305
103	151	1.17087
103	157	1.02932
103	159	0.910588
103	160	1.0235
103	161	0.879105
104	9	1.22281
104	57	1.17829
104	71	1.11945
104	94	1.134
104	95	1.09643
104	96	1.09451
104	100	1.10585
104	103	1.16246
104	106	1.13773
104	107	0.960477
104	109	1.1811
104	110	1.18488
104	114	1.16313
104	116	1.16046
104	122	1.11761
104	125	0.988027
104	136	0.674276
104	142	0.733028
104	148	1.17956
104	151	1.16738
104	159	0.77947
104	169	0.898768
104	170	1.25296
105	26	1.08392
105	30	1.13746
105	64	1.15757
105	84	1.15324
105	92	1.13373
105	93	1.14096
105	101	1.17127
105	102	1.17108
105	113	1.1715
105	115	1.16795
105	124	1.1553
105	125	1.06487
105	129	1.20427
105	143	1.16275
105	145	1.20069
105	147	0.721575
105	160	0.741917
105	165	0.680308
105	168	1.11318
105	169	0.7483
105	177	1.11155
105	179	1.19949
105	180	1.14871
106	57	1.15704
106	62	1.22778
106	71	1.0982
106	94	1.11275
106	95	1.07518
106	96	1.07326
106	100	1.08461
106	103	1.14121
106	104	1.13773
106	109	1.15985
106	110	1.16363
106	114	1.14188
106	116	1.13921
106	122	1.09636
106	123	1.22731
106	126	0.685141
106	127	1.1207
106	131	0.785858
106	140	1.12629
106	151	1.14613
106	152	0.773511
106	154	0.852432
106	158	0.78801
106	179	1.3786
107	85	1.15549
107	104	0.960477
107	117	1.07714
107	121	1.08026
107	123	0.962911
107	126	1.1022
107	143	0.83308
107	145	0.817642
107	146	0.934411
107	153	1.05171
107	156	1.0692
107	159	1.03713
107	160	0.995821
107	162	0.938423
107	170	0.913752
107	171	0.907933
107	172	0.963883
107	175	0.869579
107	176	0.939742
107	178	0.873354
107	179	0.894877
107	180	0.906859
108	13	1.23488
108	15	0.572767
108	17	1.23486
108	41	0.658682
108	46	1.28463
108	49	1.2525
108	58	0.683333
108	64	0.522814
108	66	1.2164
108	67	1.21602
108	81	0.515893
108	90	0.618442
108	98	0.57068
108	124	0.620154
108	139	1.15851
108	143	1.23981
108	145	1.27775
108	146	1.11986
108	157	1.18148
108	163	1.17029
108	171	1.09338
108	175	1.05503
108	177	1.0848
108	179	1.08033
108	180	1.09231
109	9	1.24493
109	57	1.20041
109	59	0.706673
109	62	1.27114
109	71	1.14157
109	94	1.15612
109	95	1.11855
109	96	1.11662
109	100	1.12797
109	103	1.18458
109	104	1.1811
109	106	1.15985
109	110	1.207
109	114	1.18524
109	116	1.18258
109	119	0.966139
109	120	0.563273
109	127	1.16406
109	140	1.16966
109	141	0.382502
109	151	1.1895
109	164	1.00209
109	170	1.07338
109	176	0.961295
109	177	1.08243
110	50	1.36867
110	57	1.2042
110	62	1.27493
110	71	1.14535
110	75	0.343578
110	94	1.15991
110	95	1.12234
110	96	1.12041
110	100	1.13176
110	103	1.18837
110	104	1.18488
110	106	1.16363
110	109	1.207
110	114	1.18903
110	116	1.18637
110	122	1.14351
110	131	0.493241
110	133	0.428227
110	140	1.17345
110	148	1.20547
110	151	1.19329
110	160	0.628419
110	167	0.931701
110	174	0.891981
110	175	1.40389
111	14	1.18992
111	19	1.17199
111	25	1.13977
111	29	1.16566
111	42	1.22606
111	52	1.08602
111	58	1.17448
111	61	1.14297
111	63	1.15773
111	65	1.15132
111	69	0.949852
111	77	1.10669
111	78	1.17461
111	83	1.19205
111	86	1.15222
111	87	1.14756
111	98	1.18042
111	121	1.12634
111	122	0.85644
111	139	0.943418
111	142	0.678395
111	154	0.769147
111	159	0.724837
111	160	0.837752
111	165	1.10621
111	166	1.15938
112	52	1.02589
112	71	0.75461
112	73	0.803848
112	89	0.839518
112	95	0.918262
112	97	1.11613
112	103	0.857867
112	119	1.0237
112	137	1.11713
112	140	1.12022
112	153	1.12676
112	156	1.14424
112	160	1.07086
112	161	1.14396
112	162	1.01346
112	167	1.00884
112	171	0.982974
112	172	1.03892
112	173	1.01705
112	174	1.00836
112	175	0.94462
112	176	1.01478
112	177	0.974387
112	178	0.948395
112	179	0.969918
112	180	0.9819
113	12	1.22147
113	31	1.26279
113	64	1.15803
113	76	1.20819
113	79	1.07314
113	80	1.16688
113	84	1.1537
113	89	1.1354
113	90	1.13584
113	91	1.13624
113	92	1.13419
113	101	1.17173
113	102	1.17154
113	105	1.1715
113	117	0.792813
113	119	1.16126
113	124	1.15576
113	125	1.06533
113	131	0.77274
113	143	1.16321
113	147	0.887576
113	149	1.07065
113	156	0.788559
113	157	0.913734
113	158	0.774892
113	168	1.11364
114	57	1.18244
114	62	1.25317
114	71	1.12359
114	94	1.13815
114	95	1.10058
114	96	1.09865
114	100	1.11
114	103	1.16661
114	104	1.16313
114	106	1.14188
114	109	1.18524
114	110	1.18903
114	116	1.16461
114	122	1.12176
114	127	1.14609
114	133	0.757514
114	140	1.15169
114	141	0.627406
114	148	1.18371
114	151	1.17153
114	155	1.22237
114	156	0.838346
114	161	0.813307
114	163	1.03771
114	168	0.856316
114	172	1.03825
115	58	1.17274
115	63	1.156
115	72	1.11113
115	74	1.10708
115	78	1.17287
115	84	1.15015
115	86	1.15049
115	87	1.14582
115	92	1.13064
115	93	1.13786
115	98	1.17868
115	101	1.16818
115	102	1.16798
115	105	1.16795
115	117	0.625199
115	123	1.04658
115	129	1.20118
115	143	1.15966
115	145	1.1976
115	155	1.00496
115	160	0.740305
115	163	0.82031
115	166	1.06193
115	168	1.11008
115	173	0.886412
115	176	0.988798
116	9	1.2243
116	62	1.25051
116	71	1.12093
116	94	1.13549
116	95	1.09792
116	96	1.09599
116	100	1.10734
116	103	1.16395
116	104	1.16046
116	106	1.13921
116	109	1.18258
116	110	1.18637
116	114	1.16461
116	118	0.626415
116	122	1.11909
116	126	0.603452
116	127	1.14343
116	140	1.14903
116	142	0.679991
116	147	0.819006
116	148	1.18105
116	151	1.16887
116	165	0.777738
116	170	1.19993
116	171	1.1981
116	180	1.24614
117	43	0.805773
117	50	1.01714
117	60	0.65682
117	62	0.734824
117	107	1.07714
117	113	0.792813
117	115	0.625199
117	124	0.822814
117	136	1.20377
117	142	1.16527
117	144	1.237
117	148	0.466254
117	149	1.08918
117	154	1.15541
117	158	1.1506
117	160	1.11871
117	164	1.0588
117	170	1.03664
117	171	1.03082
117	173	1.0649
117	174	1.05621
117	175	0.992463
117	176	1.06263
117	177	1.02223
117	178	0.996238
117	179	1.01776
117	180	1.02974
118	6	0.985416
118	49	0.633756
118	51	0.767096
118	52	0.978597
118	74	0.607946
118	77	0.800773
118	116	0.626415
118	134	1.18945
118	144	1.21542
118	146	1.03572
118	147	1.15268
118	152	1.1494
118	153	1.15302
118	156	1.17051
118	159	1.13844
118	161	1.17023
118	162	1.03973
118	164	1.03722
118	166	1.02889
118	170	1.01506
118	173	1.04332
118	174	1.03463
118	176	1.04105
118	177	1.00065
118	178	0.97466
118	179	0.996183
118	180	1.00817
119	35	1.11495
119	42	0.921792
119	109	0.966139
119	112	1.0237
119	113	1.16126
119	128	1.08156
119	130	1.02263
119	132	1.0955
119	142	1.03678
119	143	1.01833
119	144	1.10851
119	146	0.92881
119	150	1.02445
119	156	1.0636
119	158	1.02212
119	160	0.99022
119	161	1.06332
119	164	0.930313
119	166	0.921979
119	169	0.992435
119	173	0.936411
119	175	0.863978
119	176	0.934141
119	177	0.893744
119	178	0.867753
119	179	0.889276
119	180	0.901258
120	3	0.717549
120	40	0.529765
120	41	0.826919
120	67	0.906098
120	78	0.60034
120	82	0.618082
120	96	0.837975
120	109	0.563273
120	132	1.24331
120	136	1.22309
120	144	1.25632
120	153	1.19392
120	154	1.17474
120	156	1.21141
120	158	1.16993
120	160	1.13803
120	164	1.07812
120	167	1.076
120	169	1.14025
120	171	1.05014
120	172	1.10609
120	174	1.07553
120	175	1.01179
120	176	1.08195
120	177	1.04156
120	178	1.01556
120	179	1.03709
120	180	1.04907
121	4	1.03412
121	21	1.00156
121	28	1.09976
121	32	1.10177
121	37	1.07017
121	43	1.17216
121	56	1.03778
121	61	1.10099
121	63	1.11575
121	68	1.11083
121	70	1.18396
121	72	1.07089
121	74	1.06684
121	78	1.13263
121	86	1.11024
121	87	1.10558
121	98	1.13844
121	107	1.08026
121	111	1.12634
121	129	1.16093
121	132	0.750065
121	137	1.10714
121	141	0.681873
121	148	1.14225
121	151	0.754296
121	159	0.899257
121	160	1.01217
121	165	0.950562
121	171	1.37093
122	27	1.00687
122	40	0.697981
122	47	0.570305
122	51	0.998718
122	65	0.762551
122	94	1.09263
122	95	1.05506
122	96	1.05314
122	98	0.907133
122	99	1.17363
122	104	1.11761
122	106	1.09636
122	110	1.14351
122	111	0.85644
122	114	1.12176
122	116	1.11909
122	134	1.14913
122	148	1.13819
122	149	1.02729
122	151	1.12601
122	166	0.98857
122	169	1.05903
122	170	0.974743
122	174	0.994313
122	175	0.930569
122	177	0.960336
122	178	0.934344
122	179	0.955867
122	180	0.967849
123	50	0.902905
123	55	1.22841
123	59	0.984799
123	65	1.05014
123	69	0.950844
123	102	1.24756
123	106	1.22731
123	107	0.962911
123	115	1.04658
123	138	1.01301
123	141	1.15399
123	152	1.05675
123	154	1.04118
123	155	0.950248
123	157	1.00468
123	163	0.993497
123	164	0.944567
123	165	1.00783
123	166	0.936233
123	167	0.942448
123	169	1.00669
123	170	0.922405
123	172	0.972536
123	175	0.878231
123	176	0.948394
123	177	0.907998
123	178	0.882006
123	179	0.903529
123	180	0.915511
124	12	1.20526
124	31	1.24659
124	34	1.10773
124	41	1.19443
124	76	1.19199
124	79	1.05694
124	80	1.15068
124	84	1.1375
124	88	0.56599
124	89	1.1192
124	90	1.11964
124	91	1.12004
124	92	1.11799
124	93	1.12521
124	101	1.15553
124	102	1.15533
124	105	1.1553
124	108	0.620154
124	113	1.15576
124	117	0.822814
124	125	1.04913
124	137	0.781031
124	140	0.755835
124	143	1.14701
124	144	0.709696
124	145	1.18495
124	154	0.869315
124	164	1.22721
124	168	1.09743
124	173	1.08403
125	38	0.855915
125	61	1.07565
125	64	1.0514
125	71	1.01589
125	82	0.863252
125	93	1.03479
125	101	1.06511
125	102	1.06491
125	104	0.988027
125	105	1.06487
125	113	1.06533
125	124	1.04913
125	127	0.968006
125	129	1.09811
125	136	1.08311
125	145	1.09452
125	154	1.03475
125	155	0.94382
125	156	1.07143
125	158	1.02994
125	164	0.938139
125	167	0.93602
125	168	1.00701
125	173	0.944236
125	174	0.935547
125	175	0.871803
125	177	0.90157
125	178	0.875578
125	179	0.897102
125	180	0.909083
126	23	0.961143
126	55	0.686244
126	86	0.679529
126	106	0.685141
126	107	1.1022
126	116	0.603452
126	135	0.570064
126	138	1.15229
126	141	1.29328
126	145	0.513654
126	148	0.345463
126	149	1.11424
126	150	1.17799
126	155	1.08953
126	159	1.18507
126	161	1.21686
126	162	1.08636
126	166	1.07552
126	167	1.08173
126	171	1.05587
126	172	1.11182
126	173	1.08995
126	174	1.08126
126	175	1.01752
126	176	1.08768
126	177	1.04728
126	178	1.02129
126	179	1.04281
126	180	1.0548
127	9	1.20578
127	16	1.16257
127	23	0.991255
127	36	1.2062
127	38	1.20212
127	47	1.19445
127	51	1.14843
127	53	1.13522
127	54	1.15079
127	69	0.984465
127	71	1.10241
127	75	0.587524
127	81	1.15523
127	82	1.15548
127	88	0.500436
127	94	1.11697
127	100	1.08882
127	103	1.14543
127	106	1.1207
127	109	1.16406
127	114	1.14609
127	116	1.14343
127	125	0.968006
127	130	1.11356
127	131	0.737186
127	137	0.715476
127	151	1.15035
127	160	0.872365
127	165	0.810755
127	173	1.01847
128	4	0.926756
128	8	0.721327
128	34	0.611269
128	35	0.623703
128	68	0.754386
128	69	1.07509
128	77	0.775793
128	97	1.17399
128	100	0.707386
128	119	1.08156
128	129	0.639801
128	133	1.24012
128	152	1.181
128	155	1.0745
128	157	1.12893
128	158	1.16062
128	160	1.12872
128	166	1.06048
128	167	1.0667
128	169	1.13094
128	171	1.04083
128	172	1.09678
128	173	1.07491
128	174	1.06622
128	175	1.00248
128	176	1.07264
128	177	1.03225
128	178	1.00626
128	179	1.02778
128	180	1.03976
129	58	1.20907
129	61	1.17756
129	72	1.14746
129	74	1.14341
129	77	1.14128
129	78	1.2092
129	84	1.18647
129	86	1.18681
129	87	1.18215
129	92	1.16697
129	93	1.17419
129	98	1.21501
129	101	1.20451
129	102	1.20431
129	105	1.20427
129	115	1.20118
129	121	1.16093
129	125	1.09811
129	128	0.639801
129	132	0.615607
129	133	0.677523
129	136	0.659606
129	143	1.19599
129	145	1.23392
129	147	0.857372
129	154	0.80911
129	158	0.744688
129	162	1.11046
129	168	1.14641
129	171	1.23647
129	173	1.02382
130	13	0.808333
130	15	1.13668
130	16	1.15122
130	31	0.747509
130	36	1.19484
130	38	1.19077
130	39	1.05729
130	48	0.88238
130	53	1.12387
130	54	1.13944
130	70	0.898139
130	81	1.14388
130	82	1.14413
130	83	0.62863
130	94	0.615672
130	102	0.789048
130	119	1.02263
130	127	1.11356
130	143	0.612754
130	150	1.10402
130	160	1.0698
130	161	1.1429
130	163	1.05882
130	166	1.00155
130	172	1.03786
130	173	1.01599
130	174	1.0073
130	176	1.01372
130	178	0.947328
130	179	0.968851
130	180	0.980833
131	15	0.755354
131	31	0.764566
131	41	0.841269
131	80	0.849787
131	106	0.785858
131	110	0.493241
131	113	0.77274
131	127	0.737186
131	136	1.19617
131	137	1.15737
131	139	1.08835
131	144	1.2294
131	150	1.14534
131	152	1.16339
131	153	1.167
131	155	1.05688
131	157	1.11132
131	161	1.18421
131	164	1.0512
131	165	1.11446
131	169	1.11333
131	170	1.02904
131	173	1.0573
131	174	1.04861
131	175	0.984868
131	176	1.05503
131	177	1.01463
131	178	0.988643
131	179	1.01017
131	180	1.02215
132	1	0.593234
132	61	0.717899
132	67	0.793519
132	68	0.730193
132	90	0.674101
132	93	0.734215
132	119	1.0955
132	120	1.24331
132	121	0.750065
132	129	0.615607
132	135	0.543852
132	142	1.18923
132	151	1.21187
132	152	1.19494
132	157	1.14288
132	160	1.14267
132	161	1.21577
132	163	1.13169
132	164	1.08276
132	166	1.07443
132	167	1.08064
132	169	1.14488
132	170	1.0606
132	172	1.11073
132	173	1.08886
132	174	1.08017
132	175	1.01643
132	176	1.08659
132	177	1.04619
132	178	1.0202
132	179	1.04172
132	180	1.05371
133	16	0.811411
133	20	0.641149
133	43	0.720687
133	69	1.09516
133	102	0.741092
133	103	0.823312
133	110	0.428227
133	114	0.757514
133	128	1.24012
133	129	0.677523
133	145	0.549359
133	146	1.08738
133	156	1.22217
133	158	1.18068
133	160	1.14879
133	161	1.22189
133	162	1.09139
133	163	1.13781
133	165	1.15214
133	167	1.08676
133	169	1.151
133	170	1.06672
133	171	1.0609
133	172	1.11685
133	173	1.09498
133	174	1.08629
133	175	1.02254
133	176	1.09271
133	177	1.05231
133	178	1.02632
133	179	1.04784
133	180	1.05982
134	29	0.476225
134	32	0.673142
134	36	0.612348
134	61	0.757596
134	75	1.20597
134	91	0.744155
134	92	0.779305
134	95	0.861488
134	102	0.718873
134	118	1.18945
134	122	1.14913
134	140	1.17906
134	145	0.527141
134	147	1.18525
134	150	1.16393
134	155	1.07548
134	157	1.12991
134	159	1.17101
134	160	1.1297
134	161	1.2028
134	163	1.11872
134	165	1.13306
134	169	1.13192
134	171	1.04181
134	172	1.09776
134	174	1.0672
134	175	1.00346
134	176	1.07362
134	177	1.03323
134	178	1.00723
134	179	1.02876
134	180	1.04074
135	6	1.09651
135	8	1.21033
135	10	0.560295
135	11	0.973046
135	14	1.1942
135	18	1.14454
135	19	1.17627
135	20	1.29352
135	22	1.24132
135	24	1.24444
135	25	1.14405
135	27	1.11895
135	33	1.11386
135	42	1.23034
135	44	1.11046
135	45	1.20403
135	48	1.15763
135	52	1.0903
135	55	1.15824
135	65	1.1556
135	73	1.23181
135	83	1.19633
135	97	0.812094
135	126	0.570064
135	132	0.543852
135	149	0.968692
135	152	0.658434
135	161	0.661561
135	165	1.11049
135	172	0.886504
135	173	0.952067
135	179	1.26353
136	8	0.741132
136	14	0.754087
136	37	0.718086
136	38	0.542164
136	56	0.94599
136	85	1.28211
136	101	0.537746
136	103	0.805394
136	104	0.674276
136	117	1.20377
136	120	1.22309
136	125	1.08311
136	129	0.659606
136	131	1.19617
136	139	1.09968
136	141	1.27196
136	144	1.24074
136	147	1.178
136	148	0.36325
136	150	1.15667
136	153	1.17834
136	154	1.15915
136	163	1.11147
136	164	1.06254
136	167	1.06042
136	169	1.12466
136	172	1.09051
136	173	1.06863
136	174	1.05995
136	175	0.996202
136	176	1.06636
136	177	1.02597
136	178	0.999977
136	179	1.0215
136	180	1.03348
137	3	0.710189
137	4	1.05689
137	21	1.02434
137	28	1.12253
137	32	1.12454
137	35	1.25473
137	37	1.09294
137	43	1.19493
137	45	0.624755
137	56	1.06055
137	61	0.823117
137	68	1.1336
137	70	1.20674
137	80	0.828077
137	84	0.6267
137	89	0.848266
137	112	1.11713
137	121	1.10714
137	124	0.781031
137	127	0.715476
137	131	1.15737
137	145	0.592662
137	148	1.16503
137	152	1.13592
137	153	1.13954
137	158	1.11555
137	162	1.02625
137	173	1.02984
137	175	0.957406
137	176	1.02757
137	177	0.987172
137	178	0.961181
137	179	0.982704
137	180	0.994686
138	2	0.813274
138	7	0.986109
138	11	1.31216
138	69	0.992288
138	80	0.965566
138	81	0.81426
138	83	0.761467
138	91	0.947167
138	123	1.01301
138	126	1.15229
138	149	1.0164
138	150	1.08015
138	151	1.11512
138	152	1.09819
138	155	0.991691
138	158	1.07781
138	160	1.04592
