1	47	1.1348
1	78	1.07347
1	100	1.0593
1	105	1.04189
1	108	1.04367
1	110	1.04532
1	125	1.06752
1	128	1.05792
1	134	1.07591
1	138	0.931754
1	147	1.12314
1	164	2.02913
2	25	1.05438
2	27	1.16004
2	28	1.05443
2	36	1.13441
2	41	1.13435
2	88	1.13212
2	112	1.04945
2	130	1.08335
2	141	0.648524
2	177	0.679916
2	178	2.43832
3	23	1.09706
3	38	1.07689
3	50	1.03151
3	53	1.04081
3	56	1.04126
3	63	1.10731
3	69	1.08514
3	76	0.830025
3	120	1.24842
3	151	1.06401
3	153	1.0599
3	157	1.83975
4	9	0.990257
4	17	0.990257
4	35	0.955344
4	40	0.955315
4	43	0.914521
4	44	0.914507
4	49	1.01878
4	116	0.902399
4	129	0.951569
4	130	1.66255
4	160	1.00763
4	173	1.93292
5	58	1.03638
5	73	1.17685
5	74	0.660893
5	81	1.06953
5	87	1.07154
5	101	1.07993
5	102	1.07701
5	106	1.06246
5	111	1.06477
5	118	1.05753
5	126	1.08543
5	162	2.10208
6	46	0.94933
6	79	0.798904
6	133	0.571616
6	146	0.983811
6	161	0.999333
6	170	0.942623
6	171	0.967566
6	172	0.95226
6	173	0.988095
6	174	0.950182
6	179	0.928207
6	180	0.93645
7	48	1.08313
7	51	1.09749
7	127	0.895899
7	131	1.0757
7	133	1.07235
7	144	1.10092
7	149	1.3806
7	160	1.16611
7	164	1.01934
7	175	0.959056
7	176	1.0269
7	177	1.65303
8	10	1.05264
8	25	1.02454
8	27	1.13019
8	28	1.02459
8	36	1.10456
8	41	1.1045
8	107	1.08409
8	112	1.0196
8	130	1.0535
8	139	1.30141
8	142	0.661317
8	173	2.0938
9	4	0.990257
9	35	1.07935
9	40	1.07932
9	43	1.03853
9	44	1.03851
9	49	1.14278
9	61	0.806783
9	116	1.0264
9	129	1.07557
9	156	1.59576
9	160	1.13164
9	164	1.65136
10	8	1.05264
10	25	0.902606
10	27	1.00826
10	28	0.902655
10	36	0.982631
10	41	0.982568
10	88	0.98034
10	107	0.962163
10	112	0.897673
10	130	0.931569
10	148	1.13778
10	154	2.12862
11	66	0.991174
11	81	0.951278
11	87	0.953286
11	101	0.961678
11	102	0.958754
11	106	0.944206
11	109	1.00507
11	111	0.946517
11	118	0.939273
11	140	0.954592
11	150	1.15405
11	171	2.35343
12	42	0.969982
12	43	0.92386
12	44	0.923846
12	49	1.02812
12	101	0.94882
12	103	0.537201
12	118	0.926415
12	126	0.954314
12	129	0.960908
12	151	0.948125
12	160	1.01697
12	179	2.95848
13	58	0.918635
13	66	0.99168
13	75	0.974825
13	87	0.953792
13	106	0.944712
13	109	1.00557
13	111	0.947023
13	112	1.95032
13	118	0.939779
13	126	0.967678
13	151	0.961489
13	153	1.32258
14	43	1.04316
14	44	1.04315
14	106	1.05065
14	111	1.05296
14	112	1.13445
14	118	1.04571
14	126	1.07361
14	129	1.08021
14	137	0.545332
14	142	1.07639
14	160	1.13627
14	166	2.09267
15	65	0.920913
15	70	0.975885
15	85	1.0142
15	93	0.980645
15	96	0.965042
15	104	0.96215
15	108	0.936292
15	110	0.937938
15	125	0.960137
15	128	0.950536
15	148	1.11964
15	149	2.17803
16	60	1.1163
16	79	1.05361
16	90	0.892285
16	100	1.065
16	105	1.0476
16	108	1.04938
16	110	1.05102
16	125	1.07322
16	128	1.06362
16	134	1.08161
16	137	0.611398
16	174	2.42556
17	4	0.990257
17	35	1.07935
17	40	1.07932
17	43	1.03853
17	44	1.03851
17	49	1.14278
17	116	1.0264
17	129	1.07557
17	160	1.13164
17	169	0.798324
17	170	2.40158
17	177	0.875941
18	62	0.930695
18	81	0.957091
18	87	0.959099
18	101	0.967491
18	102	0.964567
18	106	0.95002
18	126	0.972985
18	140	0.960405
18	142	0.975761
18	150	1.46355
18	151	0.966796
18	162	2.00237
19	105	0.929766
19	109	0.53657
19	149	0.990511
19	159	0.959709
19	169	0.983211
19	171	0.939423
19	173	0.959952
19	174	0.922039
19	176	0.95492
19	177	0.965089
19	178	0.914096
19	179	0.900064
19	180	0.908307
20	33	0.826197
20	70	1.06428
20	78	1.05449
20	79	1.02892
20	96	1.05344
20	100	1.04031
20	105	1.02291
20	108	1.02469
20	110	1.02633
20	125	1.04853
20	128	1.03893
20	142	1.11423
20	165	2.20244
21	32	0.872859
21	34	0.992379
21	45	0.947637
21	50	0.920082
21	53	0.929376
21	56	0.929833
21	63	0.995876
21	69	0.97371
21	107	0.943725
21	151	0.952576
21	153	0.948469
21	172	2.31809
21	173	1.48434
22	60	0.701379
22	113	1.03916
22	133	0.977247
22	143	1.02473
22	144	1.00582
22	151	0.95508
22	169	0.960087
22	170	0.891357
22	175	0.863955
22	176	0.931797
22	177	0.941966
22	179	0.876941
22	180	0.885183
23	3	1.09706
23	29	0.728727
23	32	0.96466
23	34	1.08418
23	45	1.03944
23	50	1.01188
23	56	1.02163
23	69	1.06551
23	107	1.03553
23	146	2.00221
23	151	1.04438
23	153	1.04027
23	161	1.57792
24	134	1.90113
24	150	0.92288
24	157	0.947666
24	165	0.890581
24	168	0.849406
24	172	0.853262
24	173	0.889097
24	174	0.851184
24	176	0.884065
24	178	0.84324
24	179	0.829209
24	180	0.837451
25	2	1.05438
25	8	1.02454
25	10	0.902606
25	27	0.980156
25	28	0.874554
25	36	0.954529
25	41	0.954466
25	88	0.952238
25	107	0.934061
25	112	0.869571
25	117	1.06617
25	130	0.903468
25	177	2.53092
26	29	0.978156
26	72	0.980023
26	85	1.09949
26	93	1.06593
26	96	1.05032
26	100	1.0372
26	104	1.04743
26	105	1.0198
26	108	1.02157
26	125	1.04542
26	128	1.03582
26	147	1.58962
26	176	1.74496
27	2	1.16004
27	8	1.13019
27	10	1.00826
27	25	0.980156
27	28	0.980205
27	36	1.06018
27	41	1.06012
27	107	1.03971
27	112	0.975223
27	130	1.00912
27	147	1.41707
27	149	1.1655
27	161	1.65479
28	2	1.05443
28	8	1.02459
28	10	0.902655
28	25	0.874554
28	27	0.980205
28	36	0.954579
28	41	0.954516
28	88	0.952288
28	107	0.934111
28	112	0.869621
28	130	0.903517
28	153	1.46878
28	154	2.03569
29	23	0.728727
29	26	0.978156
29	136	1.09914
29	160	0.337905
29	162	1.05907
29	170	1.01516
29	171	1.04011
29	172	1.0248
29	173	1.06064
29	174	1.02272
29	177	1.06577
29	179	1.00075
29	180	1.00899
30	71	1.03641
30	86	1.08923
30	88	0.171907
30	117	1.17573
30	151	0.0410604
30	152	1.11085
30	167	1.02713
30	168	0.998231
30	174	1.00001
30	177	1.04306
30	178	0.992065
30	179	0.978034
30	180	0.986276
31	40	0.365946
31	44	0.700554
31	143	0.356237
31	150	1.0834
31	158	1.08136
31	161	1.06086
31	168	1.00993
31	169	1.07288
31	176	1.04459
31	177	1.05475
31	178	1.00376
31	179	0.989729
31	180	0.997972
32	21	0.872859
32	23	0.96466
32	34	0.971406
32	38	0.944491
32	45	0.926664
32	53	0.908403
32	56	0.90886
32	63	0.974903
32	69	0.952736
32	107	0.922752
32	145	2.01785
32	148	1.63437
32	151	0.931603
32	153	0.927496
33	20	0.826197
33	128	0.384181
33	143	0.53703
33	159	1.04103
33	162	1.03971
33	166	1.01424
33	167	1.03049
33	168	1.00159
33	169	1.06453
33	174	1.00336
33	176	1.03624
33	178	0.99542
33	179	0.981388
33	180	0.989631
34	21	0.992379
34	23	1.08418
34	32	0.971406
34	45	1.04618
34	50	1.01863
34	53	1.02792
34	63	1.09442
34	69	1.07226
34	90	0.813544
34	151	1.05112
34	153	1.04702
34	161	1.66486
34	163	1.79639
35	4	0.955344
35	9	1.07935
35	17	1.07935
35	40	1.04441
35	43	1.00361
35	44	1.0036
35	49	1.10787
35	116	0.991491
35	127	0.978767
35	129	1.04066
35	138	1.52365
35	160	1.09673
35	169	1.65828
36	2	1.13441
36	8	1.10456
36	10	0.982631
36	25	0.954529
36	27	1.06018
36	28	0.954579
36	41	1.03449
36	88	1.03226
36	107	1.01409
36	112	0.949596
36	113	1.08787
36	129	0.654551
36	130	0.983493
36	146	2.55686
37	78	0.917266
37	92	2.0341
37	100	0.903094
37	104	0.913326
37	105	0.88569
37	121	0.827276
37	125	0.911313
37	128	0.901711
37	156	0.853055
37	166	0.822093
37	171	0.828602
37	173	0.849131
37	179	0.789243
37	180	0.797486
38	3	1.07689
38	32	0.944491
38	45	1.01927
38	50	0.991714
38	53	1.00101
38	56	1.00147
38	63	1.06751
38	69	1.04534
38	107	1.01536
38	130	0.937477
38	151	1.02421
38	153	1.0201
38	156	1.48853
38	170	2.18465
39	52	1.03849
39	68	1.01065
39	71	0.99238
39	91	1.0261
39	122	1.05561
39	131	1.01384
39	143	1.05797
39	144	1.03906
39	156	1.49706
39	160	1.10425
39	163	1.01593
39	172	2.05012
39	175	0.897191
39	176	0.965034
40	4	0.955315
40	9	1.07932
40	17	1.07932
40	31	0.365946
40	35	1.04441
40	43	1.00358
40	44	1.00357
40	49	1.10784
40	116	0.991462
40	117	0.491311
40	121	3.34159
40	129	1.04063
40	160	1.0967
41	2	1.13435
41	8	1.1045
41	10	0.982568
41	25	0.954466
41	27	1.06012
41	28	0.954516
41	36	1.03449
41	88	1.0322
41	107	1.01402
41	112	0.949533
41	119	1.907
41	130	0.98343
41	145	0.635716
41	165	1.78762
42	12	0.969982
42	54	1.00725
42	66	1.06337
42	74	0.978288
42	81	1.02347
42	101	1.03387
42	102	1.03095
42	109	1.07726
42	111	1.01871
42	118	1.01147
42	120	1.32856
42	124	0.929025
42	126	1.03937
42	159	1.91137
43	4	0.914521
43	9	1.03853
43	12	0.92386
43	14	1.04316
43	17	1.03853
43	35	1.00361
43	40	1.00358
43	44	0.962776
43	49	1.06705
43	116	0.950668
43	129	0.999838
43	135	0.769167
43	160	1.0559
43	161	1.32894
43	170	2.63772
44	4	0.914507
44	9	1.03851
44	12	0.923846
44	14	1.04315
44	17	1.03851
44	31	0.700554
44	35	1.0036
44	40	1.00357
44	43	0.962776
44	49	1.06703
44	103	1.54565
44	116	0.950654
44	129	0.999823
44	139	1.80947
44	160	1.05589
45	21	0.947637
45	23	1.03944
45	32	0.926664
45	34	1.04618
45	38	1.01927
45	50	0.973886
45	53	0.983181
45	56	0.983638
45	63	1.04968
45	69	1.02751
45	113	0.775666
45	116	1.47121
45	151	1.00638
45	153	1.00227
45	166	2.28257
46	6	0.94933
46	97	0.883993
46	110	2.15557
46	123	0.900431
46	136	0.880393
46	139	0.919532
46	153	0.903115
46	155	0.86919
46	165	0.843373
46	173	0.841889
46	174	0.803976
46	176	0.836857
46	179	0.782001
46	180	0.790243
47	1	1.1348
47	72	1.00691
47	78	1.07826
47	79	1.0527
47	93	1.09281
47	96	1.07721
47	105	1.04668
47	108	1.04846
47	110	1.0501
47	125	1.0723
47	128	1.0627
47	130	1.5336
47	134	1.08069
47	153	0.782545
47	171	2.11649
47	176	1.38962
48	7	1.08313
48	52	1.00028
48	67	1.04984
48	76	0.907657
48	91	0.987886
48	114	2.18738
48	122	1.0174
48	131	0.975625
48	133	0.972271
48	140	0.990795
48	143	1.01976
48	144	1.00084
48	158	1.68776
48	164	0.919259
48	175	0.858979
48	176	0.926821
49	4	1.01878
49	9	1.14278
49	12	1.02812
49	17	1.14278
49	35	1.10787
49	40	1.10784
49	43	1.06705
49	44	1.06703
49	116	1.05493
49	129	1.1041
49	155	0.554475
49	160	1.16016
49	164	1.39976
49	171	1.37599
49	180	1.93792
50	3	1.03151
50	21	0.920082
50	23	1.01188
50	34	1.01863
50	38	0.991714
50	45	0.973886
50	53	0.955625
50	56	0.956083
50	63	1.02213
50	69	0.999959
50	107	0.969975
50	123	1.18072
50	151	0.978825
50	152	1.46028
50	153	0.974719
50	176	2.11258
51	7	1.09749
51	92	0.991677
51	99	1.26139
51	122	1.03176
51	131	0.989989
51	132	0.891343
51	133	0.986635
51	136	1.92629
51	143	1.03412
51	144	1.01521
51	154	0.937703
51	158	1.56278
51	160	1.0804
51	164	0.933623
51	175	0.873343
51	176	0.941185
52	39	1.03849
52	48	1.00028
52	67	1.06706
52	83	1.02103
52	84	0.99969
52	86	1.7862
52	131	0.992852
52	133	0.989498
52	134	1.01965
52	141	1.23564
52	142	1.42966
52	143	1.03699
52	144	1.01807
52	175	0.876206
52	176	0.944048
53	3	1.04081
53	21	0.929376
53	32	0.908403
53	34	1.02792
53	38	1.00101
53	45	0.983181
53	50	0.955625
53	56	0.965377
53	63	1.03142
53	69	1.00925
53	107	0.979269
53	142	0.662852
53	151	0.98812
53	153	0.984013
53	168	2.2537
53	174	1.97653
54	42	1.00725
54	62	0.949296
54	75	0.998733
54	87	0.9777
54	101	0.986092
54	102	0.983168
54	106	0.968621
54	109	1.02948
54	111	0.970931
54	118	0.963687
54	126	0.991586
54	142	0.994362
54	147	1.36733
54	151	0.985397
54	167	2.01155
54	176	1.52267
55	97	0.863194
55	124	0.782272
55	162	0.81952
55	164	0.808496
55	165	0.822574
55	166	0.794052
55	167	0.810303
55	170	0.775618
55	172	0.785255
55	173	0.82109
55	174	0.783177
55	177	0.826227
55	178	0.775234
55	179	0.761202
55	180	0.769444
56	3	1.04126
56	21	0.929833
56	23	1.02163
56	32	0.90886
56	38	1.00147
56	45	0.983638
56	50	0.956083
56	53	0.965377
56	63	1.03188
56	69	1.00971
56	82	1.35053
56	107	0.979727
56	141	1.69125
56	148	1.43811
56	151	0.988577
56	153	0.984471
57	72	1.047
57	73	1.09931
57	95	0.961141
57	109	0.0766709
57	141	1.07612
57	144	0.650152
57	146	0.974405
57	159	0.978446
57	162	0.977119
57	168	0.938998
57	170	0.933217
57	171	0.95816
57	174	0.940776
57	177	0.983826
57	178	0.932833
57	179	0.918801
57	180	0.927044
58	5	1.03638
58	13	0.918635
58	59	1.30859
58	66	0.998656
58	75	0.981801
58	81	0.95876
58	87	0.960768
58	101	0.96916
58	102	0.966236
58	106	0.951689
58	109	1.01255
58	111	0.953999
58	118	0.946755
58	123	1.64971
58	126	0.974654
58	142	0.97743
58	152	1.92927
59	58	1.30859
59	64	1.05035
59	90	1.06674
59	118	0.0148189
59	119	0.977553
59	131	1.04905
59	132	0.923013
59	141	1.07532
59	149	1.00845
59	168	0.938196
59	170	0.932415
59	171	0.957358
59	174	0.939974
59	175	0.905013
59	177	0.983025
59	179	0.917999
59	180	0.926242
60	16	1.1163
60	22	0.701379
60	72	0.982694
60	79	1.02848
60	85	1.10216
60	93	1.0686
60	100	1.03987
60	103	1.15782
60	104	1.0501
60	105	1.02247
60	108	1.02425
60	110	1.02589
60	125	1.04809
60	128	1.03849
60	134	1.05648
60	159	1.35789
60	177	1.6652
61	9	0.806783
61	84	2.1755
61	95	0.881087
61	99	1.00528
61	112	0.890627
61	142	0.972933
61	148	0.967089
61	150	0.932418
61	155	0.925936
61	156	0.902559
61	169	0.921893
61	172	0.8628
61	173	0.898635
61	177	0.903772
61	178	0.852779
61	179	0.838747
61	180	0.846989
62	18	0.930695
62	54	0.949296
62	66	1.00541
62	75	0.988554
62	81	0.965513
62	101	0.975913
62	102	0.972989
62	106	0.958442
62	109	1.0193
62	111	0.960752
62	118	0.953508
62	119	1.64362
62	126	0.981407
62	140	0.968827
62	151	0.975218
62	166	1.99876
62	177	1.31968
63	3	1.10731
63	21	0.995876
63	32	0.974903
63	34	1.09442
63	38	1.06751
63	45	1.04968
63	50	1.02213
63	53	1.03142
63	56	1.03188
63	69	1.07575
63	86	1.06664
63	107	1.04577
63	151	1.05462
63	153	1.05051
63	155	1.63359
63	157	1.29497
63	169	1.51613
64	59	1.05035
64	66	0.476191
64	69	1.18225
64	82	1.06209
64	85	0.116019
64	135	1.00945
64	148	1.02157
64	149	0.983673
64	157	1.01168
64	163	0.955458
64	169	0.976373
64	172	0.917279
64	173	0.953114
64	177	0.958252
64	178	0.907258
64	179	0.893226
64	180	0.901469
65	15	0.920913
65	70	0.98154
65	72	0.900395
65	78	0.971746
65	80	0.982453
65	85	1.01986
65	93	0.9863
65	96	0.970697
65	100	0.957574
65	104	0.967805
65	105	0.94017
65	108	0.941947
65	110	0.943593
65	117	1.39853
65	125	0.965792
65	128	0.956191
65	129	1.60213
65	137	1.94794
66	11	0.991174
66	13	0.99168
66	42	1.06337
66	58	0.998656
66	62	1.00541
66	64	0.476191
66	73	0.63756
66	81	1.03181
66	89	0.930905
66	101	1.0422
66	102	1.03928
66	106	1.02473
66	109	1.08559
66	111	1.02704
66	118	1.0198
66	126	1.0477
66	140	1.03512
66	179	3.2759
67	48	1.04984
67	52	1.06706
67	83	1.07059
67	84	1.04925
67	98	1.07826
67	132	0.943764
67	133	1.03906
67	135	1.03415
67	140	1.05758
67	143	1.08654
67	144	1.06763
67	154	0.990124
67	157	1.07827
67	164	0.986044
67	174	2.27587
67	175	0.925764
67	176	0.993606
67	177	1.37706
68	39	1.01065
68	82	0.865538
68	84	0.971846
68	92	0.966695
68	98	1.00085
68	122	1.00678
68	132	0.866361
68	133	0.961653
68	135	1.94103
68	140	0.980176
68	143	1.00914
68	144	0.990226
68	154	0.912721
68	155	2.32377
68	160	1.05542
68	164	0.908641
68	175	0.848361
68	176	0.916203
69	3	1.08514
69	21	0.97371
69	23	1.06551
69	32	0.952736
69	34	1.07226
69	38	1.04534
69	45	1.02751
69	50	0.999959
69	53	1.00925
69	56	1.00971
69	63	1.07575
69	64	1.18225
69	82	0.649661
69	107	1.0236
69	145	1.12072
69	151	1.03245
69	153	1.02835
69	177	2.06806
70	15	0.975885
70	20	1.06428
70	65	0.98154
70	72	0.955367
70	78	1.02672
70	85	1.07483
70	93	1.04127
70	96	1.02567
70	99	1.33455
70	100	1.01255
70	104	1.02278
70	105	0.995141
70	108	0.996918
70	110	0.998565
70	125	1.02076
70	128	1.01116
70	129	0.903203
70	154	1.82438
70	158	1.63595
71	30	1.03641
71	39	0.99238
71	77	1.00564
71	83	0.974921
71	84	0.95358
71	91	0.959002
71	92	0.948429
71	98	0.982587
71	131	0.946741
71	132	0.848095
71	134	0.973542
71	143	0.990875
71	144	0.97196
71	148	1.58343
71	153	2.00736
71	154	0.894455
71	160	1.03715
71	175	0.830095
71	176	0.897938
72	26	0.980023
72	47	1.00691
72	57	1.047
72	60	0.982694
72	65	0.900395
72	70	0.955367
72	80	0.95628
72	85	0.993685
72	93	0.960127
72	96	0.944524
72	100	0.931401
72	104	0.941632
72	108	0.915774
72	110	0.91742
72	125	0.939619
72	128	0.930018
72	134	0.94801
72	137	1.2455
72	163	2.50923
73	5	1.17685
73	57	1.09931
73	66	0.63756
73	83	0.372224
73	99	1.10792
73	107	0.552697
73	119	1.00094
73	146	0.996988
73	147	1.05206
73	157	1.05984
73	158	1.03302
73	159	1.00103
73	162	0.999701
73	164	0.988678
73	167	0.990485
73	170	0.955799
73	174	0.963359
73	177	1.00641
73	180	0.949626
74	5	0.660893
74	42	0.978288
74	99	1.12956
74	119	1.02258
74	131	0.947159
74	132	0.968038
74	134	0.263468
74	137	1.10849
74	163	1.02526
74	165	1.0244
74	166	0.995874
74	167	1.01213
74	170	0.97744
74	171	1.00238
74	172	0.987077
74	174	0.984999
74	177	1.02805
74	179	0.963024
74	180	0.971267
75	13	0.974825
75	54	0.998733
75	58	0.981801
75	62	0.988554
75	81	1.01495
75	101	1.02535
75	102	1.02243
75	106	1.00788
75	109	1.06874
75	111	1.01019
75	118	1.00295
75	126	1.03084
75	139	1.41906
75	140	1.01826
75	142	1.03362
75	150	1.3246
75	151	1.02466
75	157	1.36383
75	161	1.87948
76	3	0.830025
76	48	0.907657
76	81	0.448127
76	121	1.00168
76	129	1.10165
76	151	0.610385
76	154	1.01502
76	155	1.05083
76	156	1.02746
76	159	1.02329
76	169	1.04679
76	170	0.978059
76	171	1.003
76	172	0.987696
76	173	1.02353
76	177	1.02867
76	178	0.977675
76	179	0.963643
76	180	0.971886
77	71	1.00564
77	83	1.05528
77	84	1.03394
77	89	0.928897
77	94	1.06919
77	97	1.1426
77	98	1.06295
77	131	1.0271
77	132	0.928454
77	133	1.02375
77	140	1.04227
77	143	1.07123
77	144	1.05232
77	154	0.974814
77	158	0.831582
77	164	0.970734
77	175	0.910454
77	176	0.978296
77	178	3.11839
78	1	1.07347
78	20	1.05449
78	37	0.917266
78	47	1.07826
78	65	0.971746
78	70	1.02672
78	79	0.991361
78	85	1.06504
78	100	1.00275
78	104	1.01298
78	108	0.987124
78	110	0.988771
78	125	1.01097
78	128	1.00137
78	132	3.26459
78	134	1.01936
78	137	0.833439
78	146	1.07432
78	164	1.31828
79	6	0.798904
79	16	1.05361
79	20	1.02892
79	47	1.0527
79	60	1.02848
79	78	0.991361
79	80	1.00207
79	85	1.03947
79	93	1.00592
79	96	0.990313
79	100	0.97719
79	104	0.987421
79	105	0.959785
79	108	0.961562
79	110	0.963209
79	120	1.08093
79	125	0.985408
79	128	0.975807
79	135	1.62814
79	176	2.10553
80	65	0.982453
80	72	0.95628
80	79	1.00207
80	93	1.04218
80	96	1.02658
80	104	1.02369
80	105	0.996054
80	116	0.853018
80	122	1.04504
80	128	1.01208
80	131	1.00327
80	133	0.999914
80	144	1.02849
80	149	0.712874
80	154	0.950982
80	160	1.09368
80	174	1.88412
80	175	0.886622
80	176	0.954464
80	178	2.74371
81	5	1.06953
81	11	0.951278
81	18	0.957091
81	42	1.02347
81	58	0.95876
81	62	0.965513
81	66	1.03181
81	75	1.01495
81	76	0.448127
81	87	0.993917
81	102	0.999385
81	106	0.984838
81	109	1.0457
81	111	0.987148
81	116	1.62435
81	126	1.0078
81	136	1.59174
81	142	1.01058
81	151	1.00161
81	165	1.9612
82	56	1.35053
82	64	1.06209
82	68	0.865538
82	69	0.649661
82	84	0.716556
82	114	1.01496
82	127	1.077
82	145	1.08146
82	148	1.05808
82	149	1.02019
82	155	1.01693
82	158	1.02138
82	166	0.96259
82	169	1.01289
82	172	0.953793
82	175	0.916754
82	177	0.994766
82	178	0.943772
82	179	0.92974
82	180	0.937983
83	52	1.02103
83	67	1.07059
83	71	0.974921
83	73	0.372224
83	77	1.05528
83	94	1.03847
83	95	1.82213
83	98	1.03222
83	122	1.03815
83	131	0.996378
83	133	0.993024
83	140	1.01155
83	143	1.04051
83	144	1.0216
83	154	0.944092
83	159	0.789353
83	164	0.940012
83	175	0.879732
83	176	0.947574
83	180	2.51995
84	52	0.99969
84	61	2.1755
84	67	1.04925
84	68	0.971846
84	71	0.95358
84	77	1.03394
84	82	0.716556
84	94	1.01713
84	98	1.01088
84	122	1.01681
84	127	1.37782
84	129	0.873805
84	131	0.975037
84	133	0.971683
84	137	1.01684
84	143	1.01917
84	144	1.00026
84	160	1.06545
84	164	0.918671
84	175	0.858391
84	176	0.926233
85	15	1.0142
85	26	1.09949
85	60	1.10216
85	64	0.116019
85	65	1.01986
85	70	1.07483
85	72	0.993685
85	78	1.06504
85	79	1.03947
85	96	1.06399
85	100	1.05086
85	104	1.0611
85	105	1.03346
85	108	1.03524
85	110	1.03688
85	124	2.71569
85	125	1.05908
85	128	1.04948
85	155	1.04166
85	157	0.703039
85	171	1.86318
86	30	1.08923
86	52	1.7862
86	63	1.06664
86	98	0.798018
86	117	1.06977
86	124	0.89314
86	150	0.965742
86	156	0.935883
86	158	0.963707
86	162	0.930389
86	165	0.933443
86	166	0.904921
86	167	0.921172
86	168	0.892268
86	169	0.955218
86	170	0.886487
86	171	0.91143
86	175	0.859085
86	177	0.937096
86	179	0.872071
86	180	0.880313
87	5	1.07154
87	11	0.953286
87	13	0.953792
87	18	0.959099
87	54	0.9777
87	58	0.960768
87	81	0.993917
87	101	1.00432
87	106	0.986846
87	109	1.0477
87	111	0.989156
87	115	1.15835
87	118	0.981912
87	124	0.899471
87	126	1.00981
87	137	1.31068
87	140	0.997231
87	142	1.01259
87	151	1.00362
87	158	1.69761
87	159	1.91871
88	2	1.13212
88	10	0.98034
88	25	0.952238
88	28	0.952288
88	30	0.171907
88	36	1.03226
88	41	1.0322
88	94	1.04117
88	107	1.0118
88	129	0.788595
88	130	0.981202
88	131	0.999085
88	132	0.900439
88	143	1.04322
88	144	1.0243
88	154	0.946799
88	159	1.74244
88	164	0.942719
88	174	2.94856
88	175	0.882439
88	176	0.950281
89	66	0.930905
89	77	0.928897
89	111	0.695247
89	119	0.987187
89	130	1.01341
89	136	1.02603
89	138	1.0227
89	153	1.04875
89	155	1.01482
89	157	1.04609
89	159	0.987278
89	160	0.539137
89	163	0.989865
89	169	1.01078
89	170	0.942049
89	171	0.966992
89	174	0.949608
89	177	0.992659
89	178	0.941665
89	179	0.927633
89	180	0.935876
90	16	0.892285
90	34	0.813544
90	59	1.06674
90	100	0.753455
90	115	1.04661
90	134	0.869404
90	135	1.02585
90	136	1.00801
90	146	0.965221
90	148	1.03796
90	155	0.996807
90	157	1.02807
90	163	0.971849
90	165	0.97099
90	170	0.924033
90	172	0.93367
90	173	0.969505
90	174	0.931592
90	177	0.974642
90	178	0.923649
90	179	0.909617
90	180	0.91786
91	39	1.0261
91	48	0.987886
91	71	0.959002
91	92	0.982147
91	94	1.02255
91	122	1.02223
91	131	0.980459
91	132	0.881813
91	133	0.977105
91	137	1.02226
91	140	0.995628
91	143	1.02459
91	144	1.00568
91	145	0.91872
91	152	1.34824
91	154	0.928173
91	160	1.07087
91	164	0.924093
91	169	1.78844
91	173	2.4149
91	175	0.863813
91	176	0.931655
92	37	2.0341
92	51	0.991677
92	68	0.966695
92	71	0.948429
92	91	0.982147
92	94	1.01197
92	98	1.00573
92	122	1.01166
92	127	0.710262
92	131	0.969886
92	133	0.966532
92	134	0.996686
92	137	1.01169
92	140	0.985055
92	143	1.01402
92	144	0.995105
92	160	1.0603
92	164	0.91352
92	170	1.49454
92	175	0.85324
92	176	0.921082
92	179	1.8828
93	15	0.980645
93	26	1.06593
93	47	1.09281
93	60	1.0686
93	65	0.9863
93	70	1.04127
93	72	0.960127
93	79	1.00592
93	80	1.04218
93	96	1.03043
93	100	1.01731
93	104	1.02754
93	105	0.999901
93	108	1.00168
93	110	1.00332
93	125	1.02552
93	128	1.01592
93	134	1.03392
93	138	0.807423
93	139	0.776118
93	163	1.36807
93	175	3.29449
93	176	1.15416
94	77	1.06919
94	83	1.03847
94	84	1.01713
94	88	1.04117
94	91	1.02255
94	92	1.01197
94	98	1.04613
94	122	1.05206
94	131	1.01029
94	133	1.00693
94	134	1.03709
94	137	1.05209
94	139	0.746986
94	143	1.05442
94	144	1.03551
94	145	0.552653
94	160	1.1007
94	164	0.953921
94	165	1.1951
94	174	1.88936
94	175	0.893641
94	176	0.961483
94	179	2.90444
95	57	0.961141
95	61	0.881087
95	83	1.82213
95	117	1.00092
95	119	0.862772
95	123	0.921648
95	124	0.824287
95	130	0.888995
95	133	2.46923
95	149	0.893665
95	150	0.896889
95	152	0.936033
95	153	0.924332
95	155	0.890407
95	163	0.86545
95	166	0.836068
95	171	0.842577
95	172	0.827271
95	173	0.863106
95	175	0.790232
95	177	0.868243
95	178	0.81725
95	179	0.803218
95	180	0.81146
96	15	0.965042
96	20	1.05344
96	26	1.05032
96	47	1.07721
96	65	0.970697
96	70	1.02567
96	72	0.944524
96	79	0.990313
96	80	1.02658
96	85	1.06399
96	93	1.03043
96	100	1.0017
96	104	1.01193
96	105	0.984298
96	108	0.986075
96	110	0.987722
96	115	0.802542
96	125	1.00992
96	128	1.00032
96	134	1.01831
96	148	0.539396
96	153	0.963321
96	154	1.53023
96	180	3.2935
97	46	0.883993
97	55	0.863194
97	77	1.1426
97	98	1.10773
97	127	1.01013
97	132	0.867884
97	139	1.0004
97	143	1.49132
97	146	0.918474
97	149	0.953317
97	157	0.981327
97	159	0.922514
97	161	0.933996
97	162	0.921188
97	163	0.925102
97	165	0.924242
97	166	0.89572
97	170	0.877286
97	171	0.902229
97	174	0.884845
97	177	0.927895
97	178	0.876902
97	179	0.86287
97	180	0.871112
98	67	1.07826
98	68	1.00085
98	71	0.982587
98	77	1.06295
98	83	1.03222
98	84	1.01088
98	86	0.798018
98	92	1.00573
98	94	1.04613
98	97	1.10773
98	122	1.04581
98	131	1.00404
98	133	1.00069
98	140	1.01921
98	143	1.04818
98	144	1.02926
98	152	0.807306
98	154	0.951757
98	157	1.02634
98	160	1.09445
98	164	0.947677
98	172	2.70771
98	175	0.887397
98	176	0.95524
99	51	1.26139
99	61	1.00528
99	70	1.33455
99	73	1.10792
99	74	1.12956
99	106	0.332879
99	135	1.04364
99	140	0.0977051
99	145	1.07913
99	146	0.983013
99	148	1.05575
99	158	1.01905
99	160	0.140425
99	163	0.989641
99	165	0.988782
99	167	0.976511
99	168	0.947607
99	169	1.01056
99	171	0.966768
99	173	0.987297
99	175	0.914423
99	177	0.992435
99	178	0.941441
99	179	0.927409
99	180	0.935652
100	1	1.0593
100	16	1.065
100	20	1.04031
100	26	1.0372
100	37	0.903094
100	60	1.03987
100	65	0.957574
100	70	1.01255
100	72	0.931401
100	78	1.00275
100	79	0.97719
100	85	1.05086
100	90	0.753455
100	93	1.01731
100	96	1.0017
100	104	0.998811
100	105	0.971175
100	108	0.972953
100	110	0.974599
100	125	0.996798
100	128	0.987197
100	130	1.66637
100	145	0.898787
100	162	1.58871
100	172	2.77049
101	5	1.07993
101	11	0.961678
101	12	0.94882
101	18	0.967491
101	42	1.03387
101	54	0.986092
101	58	0.96916
101	62	0.975913
101	66	1.0422
101	75	1.02535
101	87	1.00432
101	102	1.00979
101	106	0.995238
101	109	1.0561
101	111	0.997548
101	118	0.990304
101	124	0.907863
101	126	1.0182
101	142	1.02098
101	147	1.01985
101	151	1.01201
101	156	1.87023
101	164	1.92584
101	171	1.90206
101	176	1.1752
102	5	1.07701
102	11	0.958754
102	18	0.964567
102	42	1.03095
102	54	0.983168
102	58	0.966236
102	62	0.972989
102	66	1.03928
102	75	1.02243
102	81	0.999385
102	101	1.00979
102	106	0.992314
102	109	1.05317
102	111	0.994624
102	113	0.595239
102	118	0.987381
102	120	0.532953
102	124	0.904939
102	126	1.01528
102	140	1.0027
102	142	1.01806
102	151	1.00909
102	155	1.46291
102	163	1.77146
102	179	3.33697
103	12	0.537201
103	44	1.54565
103	60	1.15782
103	115	1.04155
103	136	1.00295
103	144	1.25661
103	147	1.01523
103	154	0.955934
103	156	0.968372
103	158	0.996196
103	159	0.964205
103	162	0.962878
103	163	0.966792
103	164	0.951854
103	166	0.93741
103	167	0.953661
103	168	0.924757
103	170	0.918976
103	172	0.928613
103	174	0.926535
103	175	0.891574
103	176	0.959417
103	178	0.918592
103	179	0.90456
103	180	0.912803
104	15	0.96215
104	26	1.04743
104	37	0.913326
104	60	1.0501
104	65	0.967805
104	70	1.02278
104	72	0.941632
104	78	1.01298
104	79	0.987421
104	80	1.02369
104	85	1.0611
104	93	1.02754
104	96	1.01193
104	100	0.998811
104	105	0.981407
104	108	0.983184
104	110	0.98483
104	124	2.88431
104	125	1.00703
104	128	0.997428
104	134	1.01542
104	135	0.827526
104	136	1.00554
104	167	1.7938
104	176	1.30492
105	1	1.04189
105	16	1.0476
105	19	0.929766
105	20	1.02291
105	26	1.0198
105	37	0.88569
105	47	1.04668
105	60	1.02247
105	65	0.94017
105	70	0.995141
105	79	0.959785
105	80	0.996054
105	85	1.03346
105	93	0.999901
105	96	0.984298
105	100	0.971175
105	104	0.981407
105	108	0.955548
105	110	0.957194
105	116	1.45142
105	117	0.499231
105	125	0.979394
105	128	0.969792
105	134	0.987785
105	141	0.506036
105	175	3.85853
106	5	1.06246
106	11	0.944206
106	13	0.944712
106	14	1.05065
106	18	0.95002
106	54	0.968621
106	58	0.951689
106	62	0.958442
106	66	1.02473
106	75	1.00788
106	81	0.984838
106	87	0.986846
106	99	0.332879
106	101	0.995238
106	102	0.992314
106	109	1.03863
106	111	0.980077
106	118	0.972833
106	126	1.00073
106	140	0.988152
106	142	1.00351
106	151	0.994543
106	152	0.642251
106	168	1.74699
106	172	1.95358
106	175	2.84582
107	8	1.08409
107	10	0.962163
107	21	0.943725
107	23	1.03553
107	25	0.934061
107	27	1.03971
107	28	0.934111
107	32	0.922752
107	36	1.01409
107	38	1.01536
107	41	1.01402
107	50	0.969975
107	53	0.979269
107	56	0.979727
107	63	1.04577
107	69	1.0236
107	73	0.552697
107	88	1.0118
107	112	0.929128
107	130	0.963025
107	151	1.00247
107	153	0.998362
107	158	0.748728
107	161	1.494
107	167	1.9005
107	180	2.70042
108	1	1.04367
108	15	0.936292
108	16	1.04938
108	20	1.02469
108	26	1.02157
108	47	1.04846
108	60	1.02425
108	65	0.941947
108	70	0.996918
108	72	0.915774
108	78	0.987124
108	79	0.961562
108	85	1.03524
108	93	1.00168
108	96	0.986075
108	100	0.972953
108	104	0.983184
108	105	0.955548
108	110	0.958972
108	113	1.0892
108	125	0.981171
108	128	0.97157
108	136	1.75213
108	142	1.03338
108	165	2.12158
108	169	1.83941
109	11	1.00507
109	13	1.00557
109	19	0.53657
109	42	1.07726
109	54	1.02948
109	57	0.0766709
109	58	1.01255
109	62	1.0193
109	66	1.08559
109	75	1.06874
109	81	1.0457
109	87	1.0477
109	101	1.0561
109	102	1.05317
109	106	1.03863
109	111	1.04094
109	118	1.03369
109	124	0.951251
109	126	1.06159
109	139	0.946954
109	140	1.04901
109	142	1.06437
109	151	1.0554
109	163	1.53891
109	164	2.07563
109	168	2.3665
110	1	1.04532
110	15	0.937938
110	16	1.05102
110	20	1.02633
110	46	2.15557
110	47	1.0501
110	60	1.02589
110	65	0.943593
110	70	0.998565
110	72	0.91742
110	78	0.988771
110	79	0.963209
110	85	1.03688
110	93	1.00332
110	96	0.987722
110	100	0.974599
110	104	0.98483
110	105	0.957194
110	108	0.958972
110	121	2.25841
110	125	0.982817
110	128	0.973216
110	134	0.991209
110	136	0.724303
110	152	0.966486
110	178	1.90856
111	5	1.06477
111	11	0.946517
111	13	0.947023
111	14	1.05296
111	42	1.01871
111	54	0.970931
111	58	0.953999
111	62	0.960752
111	66	1.02704
111	75	1.01019
111	81	0.987148
111	87	0.989156
111	89	0.695247
111	101	0.997548
111	102	0.994624
111	106	0.980077
111	109	1.04094
111	118	0.975143
111	124	0.892702
111	126	1.00304
111	140	0.990462
111	148	0.74727
111	151	0.996853
111	167	1.7497
111	175	3.40116
111	177	1.12634
112	2	1.04945
112	8	1.0196
112	10	0.897673
112	13	1.95032
112	14	1.13445
112	25	0.869571
112	27	0.975223
112	28	0.869621
112	36	0.949596
112	41	0.949533
112	61	0.890627
112	107	0.929128
112	116	0.901592
112	130	0.898535
112	145	0.964474
112	146	0.868362
112	147	0.923431
112	151	1.63975
112	152	0.945573
112	165	0.87413
112	169	0.895905
112	172	0.836811
112	174	0.834733
112	178	0.82679
112	179	0.812758
112	180	0.821
113	22	1.03916
113	36	1.08787
113	45	0.775666
113	102	0.595239
113	108	1.0892
113	114	1.00831
113	115	1.06008
113	119	0.982647
113	122	1.17132
113	141	1.08042
113	142	1.05728
113	147	1.03377
113	152	1.05591
113	161	0.994219
113	164	0.970387
113	166	0.955943
113	167	0.972194
113	168	0.94329
113	171	0.962452
113	172	0.947146
113	173	0.982981
113	176	0.97795
113	177	0.988118
113	178	0.937125
113	179	0.923093
113	180	0.931336
114	48	2.18738
114	82	1.01496
114	113	1.00831
114	125	1.39227
114	126	0.275189
114	127	0.993352
114	138	0.941158
114	149	0.936541
114	155	0.933283
114	156	0.909906
114	158	0.937729
114	159	0.905738
114	161	0.91722
114	163	0.908326
114	166	0.878944
114	167	0.895195
114	168	0.866291
114	170	0.86051
114	171	0.885453
114	172	0.870147
114	174	0.868069
114	177	0.911119
114	178	0.860125
114	179	0.846094
114	180	0.854336
115	87	1.15835
115	90	1.04661
115	96	0.802542
115	103	1.04155
115	113	1.06008
115	117	1.09556
115	120	1.04832
115	122	0.931484
115	125	0.353391
115	135	1.01409
115	137	1.04333
115	143	0.641042
115	145	1.04958
115	147	1.00854
115	148	1.02621
115	159	0.957511
115	165	0.959238
115	166	0.930716
115	167	0.946967
115	168	0.918063
115	170	0.912282
115	171	0.937225
115	172	0.921919
115	174	0.919841
115	177	0.962891
115	179	0.897866
115	180	0.906108
116	4	0.902399
116	9	1.0264
116	17	1.0264
116	35	0.991491
116	40	0.991462
116	43	0.950668
116	44	0.950654
116	45	1.47121
116	49	1.05493
116	80	0.853018
116	81	1.62435
116	105	1.45142
116	112	0.901592
116	121	0.887745
116	129	0.987715
116	146	0.905316
116	148	0.978054
116	155	0.936901
116	160	1.04378
116	162	0.908029
116	165	0.911084
116	168	0.869909
116	169	0.932858
116	170	0.864127
116	172	0.873765
116	179	0.849712
116	180	0.857954
117	25	1.06617
117	30	1.17573
117	40	0.491311
117	65	1.39853
117	86	1.06977
117	95	1.00092
117	105	0.499231
117	115	1.09556
117	120	1.10903
117	122	0.53441
117	138	1.05364
117	149	1.04902
117	151	0.454155
117	152	1.09139
117	158	1.05021
117	161	1.0297
117	163	1.02081
117	165	1.01995
117	166	0.991425
117	168	0.978772
117	173	1.01846
117	174	0.98055
117	175	0.945589
117	177	1.0236
117	178	0.972607
117	179	0.958575
117	180	0.966818
118	5	1.05753
118	11	0.939273
118	12	0.926415
118	13	0.939779
118	14	1.04571
118	42	1.01147
118	54	0.963687
118	58	0.946755
118	59	0.0148189
118	62	0.953508
118	66	1.0198
118	75	1.00295
118	87	0.981912
118	101	0.990304
118	102	0.987381
118	106	0.972833
118	109	1.03369
118	111	0.975143
118	124	0.885458
118	126	0.995798
118	140	0.983218
118	142	0.998574
118	151	0.98961
118	168	2.32931
118	169	1.0757
118	173	1.70216
118	180	2.5766
119	41	1.907
119	59	0.977553
119	62	1.64362
119	73	1.00094
119	74	1.02258
119	89	0.987187
119	95	0.862772
119	113	0.982647
119	130	0.906209
119	136	0.918824
119	146	0.876036
119	152	0.953247
119	155	0.907621
119	156	0.884244
119	158	0.912067
119	159	0.880076
119	160	1.29417
119	163	0.882664
119	164	0.867726
119	165	0.881804
119	170	0.834848
119	171	0.859791
119	173	0.88032
119	174	0.842407
119	178	0.834463
119	179	0.820432
119	180	0.828674
120	3	1.24842
120	42	1.32856
120	79	1.08093
120	102	0.532953
120	115	1.04832
120	117	1.10903
120	123	1.02977
120	128	0.665747
120	135	1.02756
120	145	1.06305
120	147	1.02201
120	155	0.998526
120	157	1.02979
120	161	0.982463
120	165	0.972709
120	166	0.944187
120	168	0.931533
120	169	0.994483
120	170	0.925752
120	171	0.950695
120	172	0.935389
120	173	0.971224
120	174	0.933311
120	177	0.976362
120	178	0.925368
120	179	0.911336
120	180	0.919579
121	37	0.827276
121	40	3.34159
121	76	1.00168
121	110	2.25841
121	116	0.887745
121	124	0.81998
121	130	0.884688
121	132	0.803925
121	135	0.915139
121	141	0.956234
121	147	0.909583
121	149	0.889358
121	152	0.931726
121	156	0.862723
121	159	0.858555
121	161	0.870037
121	162	0.857229
121	166	0.831761
121	167	0.848012
121	168	0.819108
121	170	0.813327
121	172	0.822964
121	173	0.858799
121	176	0.853767
121	177	0.863936
121	178	0.812943
121	179	0.798911
121	180	0.807153
122	39	1.05561
122	48	1.0174
122	51	1.03176
122	68	1.00678
122	80	1.04504
122	83	1.03815
122	84	1.01681
122	91	1.02223
122	92	1.01166
122	94	1.05206
122	98	1.04581
122	113	1.17132
122	115	0.931484
122	117	0.53441
122	131	1.00997
122	133	1.00661
122	134	1.03677
122	137	1.05177
122	142	1.1155
122	143	1.0541
122	144	1.03519
122	149	1.72672
122	150	1.66113
122	154	0.957682
122	160	1.10038
122	164	0.953602
122	175	0.893322
122	176	0.961164
123	46	0.900431
123	50	1.18072
123	58	1.64971
123	95	0.921648
123	120	1.02977
123	131	1.39018
123	135	0.995537
123	136	0.977701
123	146	0.934912
123	152	1.01212
123	156	0.94312
123	157	0.997766
123	159	0.938953
123	160	0.172855
123	161	0.950435
123	163	0.94154
123	166	0.912159
123	167	0.92841
123	169	0.962455
123	171	0.918667
123	172	0.903361
123	173	0.939196
123	174	0.901283
123	176	0.934165
123	178	0.89334
123	179	0.879308
123	180	0.887551
124	42	0.929025
124	55	0.782272
124	85	2.71569
124	86	0.89314
124	87	0.899471
124	95	0.824287
124	101	0.907863
124	102	0.904939
124	104	2.88431
124	109	0.951251
124	111	0.892702
124	118	0.885458
124	121	0.81998
124	126	0.913357
124	136	0.88034
124	140	0.900777
124	142	0.916133
124	146	0.837551
124	149	0.872394
124	151	0.907168
124	156	0.845759
124	170	0.796363
124	171	0.821306
124	174	0.803922
124	177	0.846973
124	178	0.795979
124	179	0.781947
124	180	0.79019
125	1	1.06752
125	15	0.960137
125	16	1.07322
125	20	1.04853
125	26	1.04542
125	37	0.911313
125	47	1.0723
125	60	1.04809
125	65	0.965792
125	70	1.02076
125	72	0.939619
125	78	1.01097
125	79	0.985408
125	85	1.05908
125	93	1.02552
125	96	1.00992
125	100	0.996798
125	104	1.00703
125	105	0.979394
125	108	0.981171
125	110	0.982817
125	114	1.39227
125	115	0.353391
125	128	0.995415
125	134	1.01341
125	137	0.505719
125	154	1.08108
125	162	1.62186
125	180	2.84434
126	5	1.08543
126	12	0.954314
126	13	0.967678
126	14	1.07361
126	18	0.972985
126	42	1.03937
126	54	0.991586
126	58	0.974654
126	62	0.981407
126	66	1.0477
126	75	1.03084
126	81	1.0078
126	87	1.00981
126	101	1.0182
126	102	1.01528
126	106	1.00073
126	109	1.06159
126	111	1.00304
126	114	0.275189
126	118	0.995798
126	124	0.913357
126	132	3.13541
126	140	1.01112
126	142	1.02647
126	151	1.01751
126	157	0.648822
126	173	0.852818
126	178	2.06239
126	180	1.72727
127	7	0.895899
127	35	0.978767
127	82	1.077
127	84	1.37782
127	92	0.710262
127	97	1.01013
127	114	0.993352
127	138	1.0032
127	139	1.04567
127	142	1.04232
127	145	1.05985
127	151	1.16177
127	156	0.971948
127	157	1.02659
127	159	0.967781
127	162	0.966454
127	163	0.970368
127	165	0.969509
127	166	0.940986
127	167	0.957237
127	170	0.922552
127	172	0.932189
127	174	0.930111
127	175	0.89515
127	177	0.973161
127	178	0.922168
127	179	0.908136
127	180	0.916379
128	1	1.05792
128	15	0.950536
128	16	1.06362
128	20	1.03893
128	26	1.03582
128	33	0.384181
128	37	0.901711
128	47	1.0627
128	60	1.03849
128	65	0.956191
128	70	1.01116
128	72	0.930018
128	78	1.00137
128	79	0.975807
128	80	1.01208
128	85	1.04948
128	93	1.01592
128	96	1.00032
128	100	0.987197
128	104	0.997428
128	105	0.969792
128	108	0.97157
128	110	0.973216
128	120	0.665747
128	125	0.995415
128	134	1.00381
128	145	0.608521
128	162	1.75666
128	170	3.0815
128	176	1.69035
129	4	0.951569
129	9	1.07557
129	12	0.960908
129	14	1.08021
129	17	1.07557
129	35	1.04066
129	36	0.654551
129	40	1.04063
129	43	0.999838
129	44	0.999823
129	49	1.1041
129	65	1.60213
129	70	0.903203
129	76	1.10165
129	84	0.873805
129	88	0.788595
129	116	0.987715
129	131	0.9264
129	138	0.993946
129	146	0.954485
129	150	0.992553
129	159	0.958526
129	160	1.09295
129	161	0.970008
129	167	0.947983
129	168	0.919079
129	170	0.913297
129	174	0.920856
129	178	0.912913
129	179	0.898881
129	180	0.907124
130	2	1.08335
130	4	1.66255
130	8	1.0535
130	10	0.931569
130	25	0.903468
130	27	1.00912
130	28	0.903517
130	36	0.983493
130	38	0.937477
130	41	0.98343
130	47	1.5336
130	88	0.981202
130	89	1.01341
130	95	0.888995
130	100	1.66637
130	107	0.963025
130	112	0.898535
130	119	0.906209
130	121	0.884688
130	150	0.940326
130	163	0.908887
130	164	0.893949
130	166	0.879505
130	171	0.886014
130	173	0.906543
130	175	0.833669
130	178	0.860686
130	179	0.846655
130	180	0.854897
131	7	1.0757
131	39	1.01384
131	48	0.975625
131	51	0.989989
131	52	0.992852
131	59	1.04905
131	71	0.946741
131	74	0.947159
131	77	1.0271
131	80	1.00327
131	83	0.996378
131	84	0.975037
131	88	0.999085
131	91	0.980459
131	92	0.969886
131	94	1.01029
131	98	1.00404
131	122	1.00997
131	123	1.39018
131	129	0.9264
131	133	0.964845
131	134	0.994999
131	137	1.01
131	141	1.10988
131	143	1.01233
131	144	0.993417
131	154	0.915912
131	159	1.88024
131	160	1.05861
131	164	0.911832
131	175	0.851552
131	176	0.919395
132	51	0.891343
132	59	0.923013
132	67	0.943764
132	68	0.866361
132	71	0.848095
132	74	0.968038
132	77	0.928454
132	78	3.26459
132	88	0.900439
132	91	0.881813
132	97	0.867884
132	121	0.803925
132	126	3.13541
132	133	0.866198
132	138	0.860956
132	143	0.913686
132	144	0.894771
132	146	0.821496
132	147	0.876564
132	148	0.894234
132	156	0.829704
132	158	0.857527
132	164	0.813186
132	169	0.849038
132	172	0.789945
132	174	0.787867
132	175	0.752906
132	176	0.820748
132	177	0.830917
132	178	0.779924
132	179	0.765892
132	180	0.774134
133	6	0.571616
133	7	1.07235
133	22	0.977247
133	48	0.972271
133	51	0.986635
133	52	0.989498
133	67	1.03906
133	68	0.961653
133	77	1.02375
133	80	0.999914
133	83	0.993024
133	84	0.971683
133	91	0.977105
133	92	0.966532
133	94	1.00693
133	95	2.46923
133	98	1.00069
133	122	1.00661
133	131	0.964845
133	132	0.866198
133	137	1.00665
133	138	1.53151
133	140	0.980014
133	143	1.00898
133	144	0.990063
133	153	0.836868
133	154	0.912558
133	155	1.7836
133	157	1.44497
133	160	1.05525
133	164	0.908478
133	175	0.848198
133	176	0.916041
134	1	1.07591
134	16	1.08161
134	24	1.90113
134	47	1.08069
134	52	1.01965
134	60	1.05648
134	71	0.973542
134	72	0.94801
134	74	0.263468
134	78	1.01936
134	90	0.869404
134	92	0.996686
134	93	1.03392
134	94	1.03709
134	96	1.01831
134	104	1.01542
134	105	0.987785
134	110	0.991209
134	122	1.03677
134	125	1.01341
134	128	1.00381
134	131	0.994999
134	137	1.0368
134	140	1.01017
134	141	0.819635
134	143	1.03913
134	144	1.02022
134	147	1.483
134	160	1.08541
134	166	2.18293
134	175	0.878352
134	176	0.946195
134	177	1.50386
135	43	0.769167
135	64	1.00945
135	67	1.03415
135	68	1.94103
135	79	1.62814
135	90	1.02585
135	99	1.04364
135	104	0.827526
135	115	1.01409
135	120	1.02756
135	121	0.915139
135	123	0.995537
135	137	1.02257
135	138	0.972171
135	141	1.03443
135	155	0.964296
135	159	0.936751
135	161	0.948233
135	162	0.935424
135	165	0.938479
135	166	0.909957
135	168	0.897304
135	169	0.960253
135	170	0.891522
135	171	0.916465
135	172	0.901159
135	173	0.936995
135	174	0.899081
135	177	0.942132
135	179	0.877106
135	180	0.885349
136	29	1.09914
136	46	0.880393
136	51	1.92629
