1	6	0.432325
1	68	0.47427
1	70	0.395319
1	151	0.808138
1	154	0.840357
1	162	0.80068
1	163	0.854223
1	176	0.77073
1	177	0.787657
1	178	0.771164
1	179	0.796089
1	180	0.770106
2	11	0.780178
2	21	0.771715
2	29	0.864059
2	32	0.763704
2	53	0.802654
2	66	0.795663
2	69	0.852638
2	70	0.838529
2	131	2.30027
2	153	2.23243
2	158	3.53884
2	179	0.734599
3	19	0.746818
3	23	0.837478
3	38	0.806025
3	41	0.801372
3	42	0.793875
3	56	0.782524
3	59	0.782492
3	101	2.08336
3	116	0.838372
3	134	2.06134
3	144	0.817211
3	158	4.04701
4	46	0.728922
4	65	0.681966
4	77	0.762329
4	78	0.715541
4	80	0.71703
4	82	0.656881
4	83	0.7856
4	85	0.707181
4	92	0.691667
4	93	0.697048
4	154	3.06893
4	172	4.3786
5	7	0.685799
5	15	0.690121
5	17	0.685995
5	28	0.752309
5	31	0.734511
5	37	0.736551
5	44	0.721441
5	48	0.721349
5	51	0.72132
5	88	2.14295
5	141	0.748671
5	171	5.20266
6	1	0.432325
6	19	0.742742
6	27	0.859041
6	35	0.838803
6	38	0.801949
6	41	0.797296
6	42	0.789799
6	56	0.778448
6	59	0.778416
6	132	2.63461
6	144	0.813135
6	171	4.17001
7	5	0.685799
7	15	0.690423
7	17	0.686297
7	28	0.752611
7	31	0.734813
7	37	0.736853
7	44	0.721743
7	48	0.721651
7	51	0.721622
7	136	3.28743
7	141	0.748973
7	145	4.73299
8	10	0.699819
8	14	0.695756
8	22	0.684674
8	52	0.720062
8	55	0.719998
8	68	0.769925
8	81	0.738847
8	91	0.724452
8	112	0.724212
8	134	2.54381
8	155	5.02107
8	167	0.721733
9	11	0.697192
9	12	0.699803
9	29	0.781073
9	32	0.680718
9	50	0.736099
9	53	0.719667
9	66	0.712677
9	69	0.769652
9	70	0.755543
9	125	1.68896
9	129	5.56492
9	179	0.651612
10	8	0.699819
10	14	0.685923
10	20	0.77614
10	22	0.674842
10	26	0.755602
10	52	0.710229
10	55	0.710166
10	68	0.760093
10	97	8.8
10	110	3.70881
10	112	0.71438
10	167	0.711901
11	2	0.780178
11	9	0.697192
11	24	0.766204
11	32	0.66978
11	50	0.725161
11	53	0.70873
11	69	0.758714
11	70	0.744605
11	87	0.711342
11	134	4.42328
11	135	2.44161
11	179	0.640675
12	9	0.699803
12	21	0.680402
12	24	0.768815
12	29	0.772746
12	53	0.71134
12	66	0.70435
12	69	0.761325
12	70	0.747216
12	87	0.713953
12	89	2.71979
12	167	4.53615
12	179	0.643286
13	84	0.720961
13	86	0.673119
13	95	0.752694
13	102	0.733073
13	104	0.733049
13	106	0.733036
13	130	0.714938
13	138	2.76511
13	139	0.717102
13	141	0.753156
13	149	0.675977
13	153	4.08263
14	8	0.695756
14	10	0.685923
14	20	0.772076
14	26	0.751538
14	52	0.706166
14	55	0.706102
14	68	0.756029
14	91	0.710556
14	112	0.710316
14	135	2.79627
14	140	3.93167
14	167	0.707837
15	5	0.690121
15	7	0.690423
15	17	0.690619
15	31	0.739135
15	37	0.741174
15	44	0.726065
15	48	0.725973
15	49	0.718579
15	51	0.725944
15	141	0.753295
15	150	2.35664
15	172	4.83411
16	74	0.671676
16	77	0.365877
16	78	0.974916
16	80	0.976405
16	82	0.916256
16	83	0.956237
16	85	0.966556
16	92	0.951043
16	93	0.956424
16	146	8.6447
16	151	4.99947
16	157	5.58057
17	5	0.685995
17	7	0.686297
17	15	0.690619
17	28	0.752807
17	31	0.735009
17	37	0.737049
17	44	0.721939
17	48	0.721847
17	51	0.721818
17	128	2.78221
17	141	0.749169
17	169	4.72823
18	60	0.768839
18	73	0.805424
18	86	0.735118
18	91	0.778859
18	95	0.814694
18	102	0.795073
18	104	0.795048
18	106	0.795035
18	123	2.57105
18	128	3.25193
18	139	0.779102
18	149	0.737977
18	153	2.85019
19	3	0.746818
19	6	0.742742
19	23	0.720637
19	27	0.746276
19	35	0.726038
19	38	0.689184
19	42	0.677034
19	56	0.665683
19	59	0.665651
19	64	2.52008
19	116	0.721531
19	117	4.31194
19	144	0.70037
20	10	0.77614
20	14	0.772076
20	22	0.760995
20	26	0.841755
20	52	0.796382
20	55	0.796319
20	68	0.846246
20	81	0.815168
20	108	1.83904
20	151	2.21165
20	162	5.09237
20	167	0.798054
21	2	0.771715
21	12	0.680402
21	24	0.757741
21	32	0.661317
21	50	0.716698
21	53	0.700267
21	66	0.693276
21	69	0.750251
21	70	0.736142
21	87	0.702879
21	155	4.07697
21	171	4.02304
21	179	0.632212
22	8	0.684674
22	10	0.674842
22	20	0.760995
22	26	0.740457
22	45	2.19309
22	52	0.695084
22	55	0.695021
22	68	0.744948
22	81	0.713869
22	91	0.699474
22	112	0.699234
22	167	0.696755
22	173	5.63962
23	3	0.837478
23	19	0.720637
23	27	0.836935
23	38	0.779843
23	41	0.77519
23	42	0.767693
23	49	0.776855
23	56	0.756343
23	59	0.756311
23	117	2.07335
23	140	2.20815
23	144	0.791029
23	156	3.98513
24	11	0.766204
24	12	0.768815
24	21	0.757741
24	32	0.74973
24	50	0.805111
24	53	0.788679
24	66	0.781689
24	69	0.838664
24	70	0.824555
24	114	2.40121
24	116	1.78541
24	167	4.32021
24	179	0.720624
25	38	1.81689
25	52	1.2655
25	143	0.757915
25	150	0.769016
25	156	0.744025
25	159	0.734049
25	165	0.735357
25	171	0.714636
25	173	0.713835
25	177	0.688603
25	178	0.67211
25	180	0.671052
26	10	0.755602
26	14	0.751538
26	20	0.841755
26	22	0.740457
26	52	0.775844
26	55	0.775781
26	64	1.26193
26	68	0.825708
26	91	0.780234
26	112	0.779995
26	121	3.71743
26	124	2.82083
26	167	0.777516
27	6	0.859041
27	19	0.746276
27	23	0.836935
27	35	0.578216
27	38	0.805483
27	41	0.800829
27	42	0.793332
27	56	0.781982
27	59	0.78195
27	144	0.816668
27	145	6.93657
27	162	7.34192
27	178	10.2748
28	5	0.752309
28	7	0.752611
28	17	0.752807
28	31	0.801324
28	37	0.803363
28	44	0.788253
28	48	0.788161
28	51	0.788133
28	63	0.761585
28	121	1.9954
28	141	0.815483
28	142	0.993761
28	174	5.27161
29	2	0.864059
29	9	0.781073
29	12	0.772746
29	50	0.809042
29	53	0.792611
29	66	0.78562
29	69	0.842595
29	70	0.828486
29	152	1.35386
29	166	4.65425
29	175	2.95313
29	179	0.724556
30	52	0.739352
30	55	0.739289
30	68	0.789216
30	87	0.742332
30	90	0.675423
30	99	2.43707
30	135	0.773566
30	141	0.487684
30	167	0.741024
30	176	0.646306
30	177	0.663232
30	178	0.646739
30	180	0.645681
31	5	0.734511
31	7	0.734813
31	15	0.739135
31	17	0.735009
31	28	0.801324
31	37	0.785565
31	44	0.770455
31	48	0.770363
31	49	0.76297
31	51	0.770335
31	114	1.10636
31	133	1.97681
31	141	0.797685
31	146	6.1553
32	2	0.763704
32	9	0.680718
32	11	0.66978
32	21	0.661317
32	24	0.74973
32	50	0.708687
32	53	0.692255
32	66	0.685264
32	69	0.74224
32	70	0.728131
32	87	0.694868
32	157	4.35753
32	173	3.90193
32	179	0.6242
33	47	0.774924
33	62	0.73595
33	65	0.738787
33	74	0.804472
33	76	0.783298
33	78	0.772362
33	80	0.773851
33	82	0.713702
33	85	0.764002
33	89	2.26956
33	92	0.748489
33	93	0.75387
33	142	1.54631
33	161	4.91736
34	68	2.05715
34	84	1.21136
34	119	0.726529
34	140	0.757588
34	142	0.787198
34	155	0.721135
34	163	0.728744
34	164	0.690806
34	168	0.662151
34	172	0.677346
34	175	0.69779
34	177	0.662178
34	178	0.645686
34	180	0.644627
35	6	0.838803
35	19	0.726038
35	27	0.578216
35	38	0.785245
35	41	0.780592
35	42	0.773095
35	49	0.782257
35	56	0.761744
35	59	0.761712
35	116	0.817592
35	129	4.21248
35	144	0.796431
35	152	2.22941
35	159	3.21256
36	52	3.90456
36	97	0.622678
36	117	0.744221
36	157	0.6499
36	158	0.669833
36	160	0.638317
36	162	0.640262
36	171	0.653272
36	173	0.652471
36	174	0.647254
36	177	0.627239
36	178	0.610746
36	179	0.635671
36	180	0.609688
37	5	0.736551
37	7	0.736853
37	15	0.741174
37	17	0.737049
37	28	0.803363
37	31	0.785565
37	44	0.772495
37	45	1.51041
37	48	0.772403
37	51	0.772374
37	63	0.745826
37	141	0.799725
37	157	4.58533
37	165	3.31741
38	3	0.806025
38	6	0.801949
38	19	0.689184
38	23	0.779843
38	25	1.81689
38	27	0.805483
38	35	0.785245
38	41	0.743737
38	56	0.72489
38	59	0.724858
38	109	1.37697
38	116	0.780738
38	144	0.759577
38	149	4.95445
39	58	0.746027
39	75	0.770945
39	84	0.755769
39	95	0.787501
39	102	0.767881
39	104	0.767856
39	106	0.767843
39	118	0.778054
39	122	0.761885
39	126	0.750177
39	127	0.750186
39	137	2.04787
39	150	3.61277
39	163	3.01895
40	72	0.667821
40	87	4.35859
40	96	0.72931
40	103	0.707163
40	105	0.706191
40	111	0.691196
40	115	0.690408
40	118	0.719447
40	120	0.711872
40	122	0.703278
40	126	0.69157
40	127	0.691579
40	135	2.99119
40	139	0.693303
41	3	0.801372
41	6	0.797296
41	23	0.77519
41	27	0.800829
41	35	0.780592
41	38	0.743737
41	42	0.731587
41	56	0.720237
41	59	0.720205
41	108	2.60197
41	116	0.776085
41	133	4.81729
41	144	0.754923
41	147	2.17981
42	3	0.793875
42	6	0.789799
42	19	0.677034
42	23	0.767693
42	27	0.793332
42	35	0.773095
42	41	0.731587
42	49	0.733252
42	56	0.71274
42	59	0.712708
42	116	0.768588
42	144	0.747426
42	150	2.08326
42	159	2.62347
42	160	6.14457
43	60	0.728746
43	67	0.787023
43	73	0.765332
43	84	0.742868
43	86	0.695026
43	95	0.774601
43	102	0.75498
43	104	0.754956
43	106	0.754943
43	119	3.22525
43	121	1.91666
43	130	0.736844
43	139	0.739009
43	141	0.775063
43	160	5.71771
44	5	0.721441
44	7	0.721743
44	15	0.726065
44	17	0.721939
44	28	0.788253
44	31	0.770455
44	37	0.772495
44	48	0.757293
44	49	0.749899
44	51	0.757265
44	63	0.730716
44	89	1.2235
44	141	0.784615
44	156	1.64948
44	177	6.99795
45	22	2.19309
45	37	1.51041
45	85	1.03347
45	143	0.798691
45	148	0.808113
45	152	0.805353
45	160	0.740458
45	166	0.75204
45	168	0.729352
45	172	0.744547
45	173	0.754611
45	176	0.712453
45	177	0.729379
45	178	0.712887
45	180	0.711828
46	4	0.728922
46	62	0.729668
46	65	0.732505
46	76	0.777016
46	77	0.812868
46	78	0.76608
46	82	0.70742
46	83	0.735004
46	85	0.75772
46	92	0.742207
46	93	0.747587
46	109	1.57739
46	130	0.757435
46	152	3.54845
46	159	4.53159
47	33	0.774924
47	62	0.718849
47	76	0.766197
47	77	0.802049
47	78	0.755261
47	80	0.75675
47	82	0.696601
47	83	0.724185
47	85	0.746901
47	92	0.731388
47	93	0.736768
47	130	0.746616
47	155	2.20857
47	162	2.78383
47	178	5.71676
48	5	0.721349
48	7	0.721651
48	15	0.725973
48	17	0.721847
48	28	0.788161
48	31	0.770363
48	37	0.772403
48	44	0.757293
48	49	0.749807
48	51	0.757173
48	63	0.730624
48	108	1.98331
48	121	1.66988
48	141	0.784523
48	164	6.2417
49	15	0.718579
49	23	0.776855
49	31	0.76297
49	35	0.782257
49	42	0.733252
49	44	0.749899
49	48	0.749807
49	51	0.749779
49	56	0.721902
49	59	0.72187
49	141	0.77713
49	144	0.756588
49	152	2.74534
49	158	3.24806
49	171	3.68572
50	9	0.736099
50	11	0.725161
50	21	0.716698
50	24	0.805111
50	29	0.809042
50	32	0.708687
50	53	0.747636
50	64	1.70864
50	66	0.740645
50	69	0.797621
50	70	0.783512
50	87	0.750249
50	143	4.39603
50	154	4.46279
50	179	0.679581
51	5	0.72132
51	7	0.721622
51	15	0.725944
51	17	0.721818
51	28	0.788133
51	31	0.770335
51	37	0.772374
51	44	0.757265
51	48	0.757173
51	49	0.749779
51	63	0.730596
51	109	2.11741
51	138	1.6163
51	141	0.784495
51	168	7.16004
52	8	0.720062
52	10	0.710229
52	14	0.706166
52	20	0.796382
52	22	0.695084
52	25	1.2655
52	26	0.775844
52	30	0.739352
52	36	3.90456
52	55	0.730408
52	68	0.780335
52	81	0.749257
52	91	0.734862
52	112	0.734622
52	167	0.732143
52	177	4.16003
53	2	0.802654
53	9	0.719667
53	11	0.70873
53	12	0.71134
53	21	0.700267
53	24	0.788679
53	29	0.792611
53	32	0.692255
53	50	0.747636
53	66	0.724214
53	69	0.781189
53	70	0.76708
53	110	3.17356
53	138	3.32049
53	142	2.63966
53	179	0.66315
54	62	2.38439
54	118	1.15206
54	149	0.70605
54	150	0.746834
54	157	0.689083
54	163	0.732987
54	168	0.666394
54	170	0.668497
54	171	0.692454
54	173	0.691654
54	174	0.686436
54	175	0.702033
54	176	0.649495
54	177	0.666422
54	178	0.649929
54	180	0.64887
55	8	0.719998
55	10	0.710166
55	14	0.706102
55	20	0.796319
55	22	0.695021
55	26	0.775781
55	30	0.739289
55	52	0.730408
55	68	0.780272
55	81	0.749194
55	91	0.734798
55	112	0.734559
55	128	2.06706
55	167	0.73208
55	172	4.28264
55	175	4.06828
56	3	0.782524
56	6	0.778448
56	19	0.665683
56	23	0.756343
56	27	0.781982
56	35	0.761744
56	38	0.72489
56	41	0.720237
56	42	0.71274
56	49	0.721902
56	59	0.701357
56	108	1.76407
56	116	0.757237
56	144	0.736076
56	156	2.69878
56	164	6.02246
57	65	1.95906
57	106	0.932209
57	110	0.828514
57	113	0.748182
57	144	0.506333
57	150	0.796235
57	151	0.736304
57	162	0.728845
57	171	0.741855
57	172	0.73099
57	173	0.741054
57	174	0.735837
57	176	0.698896
57	177	0.715822
57	178	0.699329
57	180	0.698271
58	39	0.746027
58	64	1.30935
58	79	0.747374
58	81	0.748007
58	99	0.713346
58	105	0.746743
58	111	0.731749
58	115	0.73096
58	118	0.759999
58	120	0.752424
58	122	0.743831
58	124	2.86825
58	126	0.732123
58	127	0.732131
58	134	0.720011
58	156	5.013
59	3	0.782492
59	6	0.778416
59	19	0.665651
59	23	0.756311
59	27	0.78195
59	35	0.761712
59	38	0.724858
59	41	0.720205
59	42	0.712708
59	49	0.72187
59	56	0.701357
59	116	0.757205
59	136	5.05165
59	143	3.19741
59	144	0.736044
59	148	2.41698
60	18	0.768839
60	43	0.728746
60	73	0.755798
60	75	0.74851
60	84	0.733334
60	86	0.685492
60	95	0.765067
60	102	0.745446
60	104	0.745422
60	106	0.745408
60	116	1.96544
60	124	2.06565
60	139	0.729475
60	141	0.765528
60	149	0.68835
60	161	5.33166
61	63	0.7572
61	71	0.799786
61	79	0.788564
61	96	0.811053
61	103	0.788905
61	105	0.787933
61	111	0.772939
61	115	0.77215
61	118	0.80119
61	120	0.793614
61	122	0.785021
61	126	0.773313
61	127	0.773322
61	132	1.92622
61	159	3.50438
61	167	2.25882
61	174	3.99706
62	33	0.73595
62	46	0.729668
62	47	0.718849
62	54	2.38439
62	74	0.748397
62	76	0.727223
62	77	0.763076
62	78	0.716287
62	80	0.717776
62	82	0.657627
62	83	0.786346
62	85	0.707927
62	92	0.692414
62	93	0.697794
62	130	0.707642
62	143	2.87105
62	157	4.27657
63	28	0.761585
63	37	0.745826
63	44	0.730716
63	48	0.730624
63	51	0.730596
63	61	0.7572
63	111	0.719786
63	118	0.748037
63	120	0.740462
63	126	0.72016
63	127	0.720169
63	141	0.757946
63	144	0.737405
63	149	4.19996
63	167	2.33112
63	173	3.98066
64	19	2.52008
64	26	1.26193
64	50	1.70864
64	58	1.30935
64	123	0.844027
64	151	0.789945
64	155	0.82842
64	162	0.782486
64	169	0.797193
64	170	0.771538
64	171	0.795496
64	172	0.784631
64	176	0.752537
64	177	0.769463
64	178	0.752971
64	179	0.777895
64	180	0.751912
65	4	0.681966
65	33	0.738787
65	46	0.732505
65	57	1.95906
65	74	0.751234
65	76	0.73006
65	77	0.765913
65	78	0.719124
65	80	0.720613
65	82	0.660464
65	83	0.789183
65	85	0.710764
65	92	0.695251
65	93	0.700632
65	130	0.710479
65	142	2.63414
65	163	4.17851
66	2	0.795663
66	9	0.712677
66	12	0.70435
66	21	0.693276
66	24	0.781689
66	29	0.78562
66	32	0.685264
66	50	0.740645
66	53	0.724214
66	69	0.774199
66	70	0.760089
66	87	0.726827
66	138	1.96586
66	167	1.82488
66	177	3.19555
66	179	1.31475
66	180	6.7701
67	43	0.787023
67	75	0.806786
67	84	0.79161
67	86	0.743768
67	88	1.42095
67	95	0.823343
67	97	0.702437
67	102	0.803722
67	104	0.803698
67	106	0.803685
67	130	0.785587
67	139	0.787751
67	141	0.823805
67	147	1.42004
67	149	0.746626
67	171	1.52695
67	178	7.66184
68	1	0.47427
68	8	0.769925
68	10	0.760093
68	14	0.756029
68	20	0.846246
68	22	0.744948
68	26	0.825708
68	30	0.789216
68	34	2.05715
68	52	0.780335
68	55	0.780272
68	81	0.799121
68	91	0.784725
68	101	1.81065
68	112	0.784486
68	167	0.782007
68	174	4.7474
69	2	0.852638
69	9	0.769652
69	11	0.758714
69	12	0.761325
69	21	0.750251
69	24	0.838664
69	29	0.842595
69	32	0.74224
69	50	0.797621
69	53	0.781189
69	66	0.774199
69	70	0.817065
69	110	0.868465
69	132	1.62665
69	154	2.72563
69	170	6.15094
69	179	0.713134
70	1	0.395319
70	2	0.838529
70	9	0.755543
70	11	0.744605
70	12	0.747216
70	21	0.736142
70	24	0.824555
70	29	0.828486
70	32	0.728131
70	50	0.783512
70	53	0.76708
70	66	0.760089
70	69	0.817065
70	87	0.769693
70	134	1.70967
70	161	3.76164
70	175	4.79189
70	179	0.699025
71	61	0.799786
71	72	0.738997
71	79	0.777998
71	99	0.74397
71	100	0.787149
71	103	0.778339
71	107	2.13638
71	111	0.762372
71	115	0.761584
71	118	0.790623
71	120	0.783048
71	122	0.774455
71	126	0.762746
71	127	0.762755
71	143	3.02703
71	144	0.779991
71	149	4.19625
71	155	3.58413
72	40	0.667821
72	71	0.738997
72	79	0.727775
72	96	0.750264
72	99	0.693747
72	100	0.736926
72	103	0.728116
72	105	0.727144
72	111	0.71215
72	115	0.711361
72	120	0.732825
72	122	0.724232
72	126	0.712524
72	127	0.712532
72	137	2.0365
72	144	0.729768
72	156	3.713
72	179	4.72449
73	18	0.805424
73	43	0.765332
73	60	0.755798
73	75	0.785096
73	84	0.76992
73	86	0.722077
73	95	0.801653
73	102	0.782032
73	104	0.782007
73	106	0.781994
73	108	1.81161
73	113	4.37242
73	130	0.763896
73	139	0.76606
73	141	0.802114
73	149	0.724936
73	155	1.91494
73	176	7.36185
74	16	0.671676
74	33	0.804472
74	62	0.748397
74	65	0.751234
74	76	0.795745
74	77	0.831598
74	78	0.784809
74	80	0.786298
74	82	0.726149
74	83	0.753733
74	85	0.776449
74	92	0.760936
74	93	0.766316
74	125	1.95603
74	130	0.776164
74	166	4.91888
74	169	3.16256
74	172	3.43212
75	39	0.770945
75	60	0.74851
75	67	0.806786
75	73	0.785096
75	84	0.762632
75	86	0.71479
75	94	3.11829
75	95	0.794365
75	97	0.673459
75	102	0.774744
75	104	0.77472
75	106	0.774707
75	130	0.756608
75	135	1.60562
75	139	0.758773
75	141	0.794827
75	142	2.26821
75	148	4.72702
75	149	0.717648
76	33	0.783298
76	46	0.777016
76	47	0.766197
76	62	0.727223
76	65	0.73006
76	74	0.795745
76	77	0.810424
76	78	0.763635
76	80	0.765124
76	82	0.704975
76	83	0.732559
76	85	0.755275
76	92	0.739762
76	93	0.745142
76	119	2.8025
76	130	0.75499
76	148	1.7457
76	165	1.36554
76	168	6.98098
77	4	0.762329
77	16	0.365877
77	46	0.812868
77	47	0.802049
77	62	0.763076
77	65	0.765913
77	74	0.831598
77	76	0.810424
77	78	0.799487
77	80	0.800976
77	82	0.740827
77	85	0.791127
77	89	1.78715
77	92	0.775614
77	93	0.780995
77	123	2.7831
77	130	0.790842
77	132	3.27091
77	179	4.32517
78	4	0.715541
78	16	0.974916
78	33	0.772362
78	46	0.76608
78	47	0.755261
78	62	0.716287
78	65	0.719124
78	74	0.784809
78	76	0.763635
78	77	0.799487
78	82	0.694039
78	83	0.721622
78	88	2.06882
78	92	0.728825
78	93	0.734206
78	107	3.73471
78	130	0.744053
78	131	3.45231
78	163	2.93049
79	58	0.747374
79	61	0.788564
79	71	0.777998
79	72	0.727775
79	81	0.767409
79	99	0.732748
79	100	0.775927
79	103	0.767117
79	112	0.752774
79	115	0.750362
79	118	0.779401
79	119	5.17225
79	120	0.771826
79	122	0.763233
79	126	0.751525
79	127	0.751533
79	128	2.75852
79	137	1.93515
79	179	3.61972
80	4	0.71703
80	16	0.976405
80	33	0.773851
80	47	0.75675
80	62	0.717776
80	65	0.720613
80	74	0.786298
80	76	0.765124
80	77	0.800976
80	82	0.695528
80	83	0.723112
80	85	0.745828
80	92	0.730314
80	93	0.735695
80	98	1.34252
80	130	0.745543
80	152	2.68877
80	169	4.23284
80	172	4.5024
81	8	0.738847
81	20	0.815168
81	22	0.713869
81	52	0.749257
81	55	0.749194
81	58	0.748007
81	68	0.799121
81	79	0.767409
81	100	0.776561
81	112	0.753407
81	120	0.772459
81	122	0.763866
81	126	0.752158
81	127	0.752167
81	138	2.04413
81	147	2.25622
81	158	4.66805
81	163	2.90767
81	167	0.750928
82	4	0.656881
82	16	0.916256
82	33	0.713702
82	46	0.70742
82	47	0.696601
82	62	0.657627
82	65	0.660464
82	74	0.726149
82	76	0.704975
82	77	0.740827
82	78	0.694039
82	80	0.695528
82	83	0.764098
82	85	0.685679
82	92	0.670166
82	93	0.675546
82	109	3.70396
82	140	3.34579
82	147	3.7659
83	4	0.7856
83	16	0.956237
83	46	0.735004
83	47	0.724185
83	62	0.786346
83	65	0.789183
83	74	0.753733
83	76	0.732559
83	78	0.721622
83	80	0.723112
83	82	0.764098
83	85	0.713263
83	92	0.798884
83	93	0.714473
83	113	6.02758
83	130	0.712977
83	148	2.48089
83	167	2.56169
83	176	9.01701
84	13	0.720961
84	34	1.21136
84	39	0.755769
84	43	0.742868
84	60	0.733334
84	67	0.79161
84	73	0.76992
84	75	0.762632
84	86	0.699614
84	91	0.743354
84	95	0.779189
84	102	0.759568
84	104	0.759544
84	106	0.75953
84	137	1.15209
84	139	0.743597
84	141	0.77965
84	149	0.702472
84	154	2.92974
84	170	6.35505
85	4	0.707181
85	16	0.966556
85	33	0.764002
85	45	1.03347
85	46	0.75772
85	47	0.746901
85	62	0.707927
85	65	0.710764
85	74	0.776449
85	76	0.755275
85	77	0.791127
85	80	0.745828
85	82	0.685679
85	83	0.713263
85	92	0.720466
85	93	0.725846
85	130	0.735694
85	156	2.54062
85	165	3.66769
85	173	4.48
86	13	0.673119
86	18	0.735118
86	43	0.695026
86	60	0.685492
86	67	0.743768
86	73	0.722077
86	75	0.71479
86	84	0.699614
86	91	0.695512
86	95	0.731347
86	102	0.711726
86	104	0.711701
86	106	0.711688
86	116	2.21536
86	130	0.69359
86	137	2.78382
86	139	0.695754
86	141	0.731808
86	149	0.65463
86	151	6.2742
87	11	0.711342
87	12	0.713953
87	21	0.702879
87	30	0.742332
87	32	0.694868
87	40	4.35859
87	50	0.750249
87	66	0.726827
87	70	0.769693
87	96	0.736754
87	122	0.0280993
87	132	0.738742
87	138	0.75773
87	154	0.71003
87	161	0.692304
87	169	0.68506
87	177	0.657331
87	178	0.640838
87	179	0.665762
87	180	0.639779
88	5	2.14295
88	67	1.42095
88	78	2.06882
88	114	0.817511
88	117	0.837878
88	126	1.18328
88	142	0.845916
88	151	0.741378
88	157	0.743558
88	160	0.731975
88	170	0.722971
88	171	0.746929
88	172	0.736064
88	173	0.746128
88	174	0.740911
88	175	0.756508
88	176	0.70397
88	177	0.720896
88	178	0.704403
88	180	0.703345
89	12	2.71979
89	33	2.26956
89	44	1.2235
89	77	1.78715
89	105	0.783466
89	111	0.768472
89	115	0.767683
89	120	0.789147
89	122	0.780554
89	126	0.768846
89	127	0.768855
89	134	0.756735
89	144	0.786091
89	148	0.768558
89	152	0.765799
89	165	0.736579
89	175	0.725437
89	177	0.689825
89	178	0.673332
89	180	0.672274
90	30	0.675423
90	92	6.35411
90	94	0.683753
90	113	0.622781
90	138	0.690822
90	147	0.706974
90	148	0.669156
90	152	0.666396
90	156	0.645844
90	159	0.635868
90	160	0.601501
90	163	0.656988
90	164	0.61905
90	165	0.637176
90	168	0.590395
90	170	0.592497
90	176	0.573496
90	177	0.590422
90	178	0.573929
90	180	0.572871
91	8	0.724452
91	14	0.710556
91	18	0.778859
91	22	0.699474
91	26	0.780234
91	52	0.734862
91	55	0.734798
91	68	0.784725
91	84	0.743354
91	86	0.695512
91	102	0.755466
91	104	0.755442
91	106	0.755428
91	112	0.739012
91	133	3.67603
91	141	0.775548
91	149	0.69837
91	150	2.28382
91	161	3.51668
91	167	0.736533
91	179	3.40691
92	4	0.691667
92	16	0.951043
92	33	0.748489
92	46	0.742207
92	47	0.731388
92	62	0.692414
92	65	0.695251
92	74	0.760936
92	76	0.739762
92	77	0.775614
92	78	0.728825
92	80	0.730314
92	82	0.670166
92	83	0.798884
92	85	0.720466
92	90	6.35411
92	93	0.710333
92	130	0.72018
92	145	2.73044
92	149	2.03881
92	164	1.76487
93	4	0.697048
93	16	0.956424
93	33	0.75387
93	46	0.747587
93	47	0.736768
93	62	0.697794
93	65	0.700632
93	74	0.766316
93	76	0.745142
93	77	0.780995
93	78	0.734206
93	80	0.735695
93	82	0.675546
93	83	0.714473
93	85	0.725846
93	92	0.710333
93	125	2.05195
93	130	0.725561
93	134	2.4619
93	148	3.60163
93	159	4.928
94	75	3.11829
94	90	0.683753
94	111	1.05629
94	140	0.766972
94	144	2.03149
94	145	0.712244
94	156	0.726983
94	158	0.714155
94	159	0.717008
94	160	0.68264
94	161	0.706535
94	163	0.738127
94	165	0.718316
94	169	0.699291
94	170	0.673637
94	171	0.697595
94	172	0.686729
94	173	0.696794
94	177	0.671562
94	178	0.655069
94	180	0.65401
95	13	0.752694
95	18	0.814694
95	39	0.787501
95	43	0.774601
95	60	0.765067
95	67	0.823343
95	73	0.801653
95	75	0.794365
95	84	0.779189
95	86	0.731347
95	97	0.690016
95	102	0.791301
95	104	0.791277
95	106	0.791263
95	130	0.773165
95	141	0.811383
95	149	0.734205
95	150	1.67927
95	173	2.47241
95	174	2.56111
95	175	2.68455
95	177	5.88151
96	40	0.72931
96	61	0.811053
96	72	0.750264
96	87	0.736754
96	98	1.48773
96	99	0.755236
96	103	0.789605
96	105	0.788633
96	111	0.773639
96	112	0.775263
96	115	0.77285
96	117	1.2545
96	118	0.80189
96	120	0.794314
96	122	0.785721
96	126	0.774013
96	127	0.774022
96	134	0.761902
96	139	0.775745
96	144	0.791258
96	154	3.33794
96	170	6.76324
97	10	8.8
97	36	0.622678
97	67	0.702437
97	75	0.673459
97	95	0.690016
97	101	0.687184
97	102	0.670395
97	104	0.670371
97	106	0.670357
97	129	0.611898
97	130	0.652259
97	133	0.652212
97	149	0.613299
97	166	0.596331
97	167	0.651462
97	172	0.588838
97	173	0.598903
97	175	0.609282
97	176	0.556744
97	177	0.573671
97	178	0.557178
97	180	0.556119
98	80	1.34252
98	96	1.48773
98	101	0.804644
98	121	0.809729
98	127	2.21026
98	129	0.729359
98	134	0.758041
98	139	1.90682
98	146	0.703758
98	150	0.771544
98	154	0.743831
98	159	0.736577
98	161	0.726104
98	163	0.757697
98	170	0.693206
98	171	0.717164
98	174	0.711146
98	175	0.726743
98	176	0.674204
98	177	0.691131
98	178	0.674638
98	179	0.699563
98	180	0.67358
99	30	2.43707
99	58	0.713346
99	71	0.74397
99	72	0.693747
99	79	0.732748
99	96	0.755236
99	100	0.741899
99	103	0.733089
99	105	0.732117
99	111	0.717123
99	112	0.718746
99	115	0.716334
99	118	0.745373
99	120	0.737798
99	122	0.729205
99	126	0.717497
99	127	0.717505
99	131	3.28227
99	134	0.705385
99	139	0.719229
99	142	1.21609
99	144	0.734741
99	174	5.49394
100	71	0.787149
100	72	0.736926
100	79	0.775927
100	81	0.776561
100	99	0.741899
100	103	0.776268
100	105	0.775296
100	111	0.760302
100	112	0.761925
100	115	0.759513
100	118	0.788553
100	120	0.780977
100	122	0.772384
100	126	0.760676
100	127	0.760685
100	134	0.748565
100	135	1.45563
100	139	0.762408
100	144	0.777921
100	149	1.81053
100	161	2.07266
100	167	1.36713
100	176	10.8211
101	3	2.08336
101	68	1.81065
101	97	0.687184
101	98	0.804644
101	123	0.766308
101	130	2.7045
101	132	0.773155
101	141	0.607808
101	158	0.734338
101	161	0.726718
101	163	0.75831
101	165	0.738499
101	166	0.714405
101	169	0.719474
101	170	0.693819
101	171	0.717777
101	172	0.706912
101	174	0.711759
101	175	0.727356
101	176	0.674818
101	177	0.691744
101	178	0.675252
101	179	0.700176
101	180	0.674193
102	13	0.733073
102	18	0.795073
102	39	0.767881
102	43	0.75498
102	60	0.745446
102	67	0.803722
102	73	0.782032
102	75	0.774744
102	84	0.759568
102	86	0.711726
102	91	0.755466
102	95	0.791301
102	97	0.670395
102	104	0.771656
102	106	0.771642
102	110	1.84917
102	130	0.753544
102	139	0.755709
102	141	0.791762
102	148	1.42779
102	149	0.714584
102	154	2.27497
102	166	5.07141
102	177	6.56723
103	40	0.707163
103	61	0.788905
103	71	0.778339
103	72	0.728116
103	79	0.767117
103	96	0.789605
103	99	0.733089
103	100	0.776268
103	105	0.766486
103	109	1.22427
103	111	0.751491
103	112	0.753115
103	115	0.750703
103	118	0.779742
103	120	0.772167
103	122	0.763574
103	126	0.751865
103	127	0.751874
103	134	0.739754
103	139	0.753598
103	158	3.69804
103	163	1.93766
103	165	3.77014
103	169	4.73939
104	13	0.733049
104	18	0.795048
104	39	0.767856
104	43	0.754956
104	60	0.745422
104	67	0.803698
104	73	0.782007
104	75	0.77472
104	84	0.759544
104	86	0.711701
104	91	0.755442
104	95	0.791277
104	97	0.670371
104	102	0.771656
104	106	0.771618
104	130	0.75352
104	136	2.17485
104	139	0.755685
104	141	0.791738
104	149	0.71456
104	155	2.39432
104	166	3.18379
104	169	1.42747
104	180	8.25418
105	40	0.706191
105	58	0.746743
105	61	0.787933
105	72	0.727144
105	89	0.783466
105	96	0.788633
105	99	0.732117
105	100	0.775296
105	103	0.766486
105	111	0.75052
105	112	0.752143
105	115	0.749731
105	118	0.77877
105	120	0.771195
105	122	0.762602
105	125	1.91956
105	126	0.750893
105	127	0.750902
105	135	1.90969
105	139	0.752626
105	143	1.70848
105	144	0.768138
105	166	4.57167
105	178	8.34655
106	13	0.733036
106	18	0.795035
106	39	0.767843
106	43	0.754943
106	57	0.932209
106	60	0.745408
106	67	0.803685
106	73	0.781994
106	75	0.774707
106	84	0.75953
106	86	0.711688
106	91	0.755428
106	95	0.791263
106	97	0.670357
106	102	0.771642
106	104	0.771618
106	130	0.753507
106	138	2.28811
106	139	0.755671
106	141	0.791725
106	149	0.714547
106	150	3.74547
106	153	3.60563
106	163	3.15165
107	71	2.13638
107	78	3.73471
107	111	2.55479
107	121	0.773647
107	132	0.736461
107	136	0.708764
107	154	0.707749
107	155	0.714006
107	156	0.710472
107	157	0.677711
107	161	0.690023
107	162	0.668073
107	164	0.683677
107	165	0.701804
107	168	0.655023
107	169	0.682779
107	171	0.681083
107	172	0.670217
107	173	0.680282
107	175	0.690661
107	176	0.638123
107	177	0.65505
107	178	0.638557
107	180	0.637498
108	20	1.83904
108	41	2.60197
108	48	1.98331
108	56	1.76407
108	73	1.81161
108	134	0.788177
108	135	0.8316
108	146	0.733894
108	152	0.797241
108	153	0.784579
108	158	0.763861
108	159	0.766713
108	161	0.75624
108	164	0.749895
108	166	0.743928
108	168	0.72124
108	170	0.723342
108	171	0.7473
108	172	0.736434
108	173	0.746499
108	174	0.741282
108	175	0.756878
108	176	0.70434
108	178	0.704774
108	180	0.703716
109	38	1.37697
109	46	1.57739
109	51	2.11741
109	82	3.70396
109	103	1.22427
109	123	0.781586
109	125	0.839963
109	129	0.745251
109	136	0.760737
109	138	0.807423
109	150	0.787436
109	153	0.770336
109	154	0.759722
109	159	0.752469
109	160	0.718101
109	163	0.773589
109	165	0.753777
109	166	0.729684
109	169	0.734752
109	173	0.732255
109	174	0.727038
109	175	0.742634
109	177	0.707023
109	178	0.69053
109	180	0.689472
110	10	3.70881
110	53	3.17356
110	57	0.828514
110	69	0.868465
110	102	1.84917
110	113	0.723282
110	143	0.760234
110	152	0.766896
110	155	0.749879
110	156	0.746345
110	159	0.736369
110	166	0.713584
110	168	0.690896
110	169	0.718652
110	170	0.692998
110	172	0.70609
110	173	0.716155
110	174	0.710938
110	175	0.726534
110	176	0.673996
110	177	0.690923
110	178	0.67443
110	179	0.699355
110	180	0.673371
111	40	0.691196
111	58	0.731749
111	61	0.772939
111	63	0.719786
111	71	0.762372
111	72	0.71215
111	89	0.768472
111	94	1.05629
111	96	0.773639
111	99	0.717123
111	100	0.760302
111	103	0.751491
111	105	0.75052
111	107	2.55479
111	115	0.734737
111	118	0.763776
111	120	0.7562
111	122	0.747607
111	123	1.92541
111	126	0.735899
111	127	0.735908
111	134	0.723788
111	139	0.737631
111	144	0.753144
111	171	3.94862
111	175	4.6075
112	8	0.724212
112	10	0.71438
112	14	0.710316
112	22	0.699234
112	26	0.779995
112	52	0.734622
112	55	0.734559
112	68	0.784486
112	79	0.752774
112	81	0.753407
112	91	0.739012
112	96	0.775263
112	99	0.718746
112	100	0.761925
112	103	0.753115
112	105	0.752143
112	115	0.73636
112	117	1.70167
112	118	0.7654
112	126	0.737523
112	127	0.737531
112	140	1.83647
112	160	6.53772
112	164	4.80491
112	167	0.736293
112	175	3.63275
113	57	0.748182
113	73	4.37242
113	83	6.02758
113	90	0.622781
113	110	0.723282
113	119	0.674941
113	136	0.664305
113	150	0.691003
113	152	0.686564
113	153	0.673903
113	154	0.66329
113	155	0.669547
113	156	0.666012
113	159	0.656037
113	160	0.621669
113	163	0.677156
113	166	0.633251
113	168	0.610563
113	169	0.63832
113	172	0.625758
113	173	0.635823
113	174	0.630605
113	176	0.593664
113	177	0.61059
113	178	0.594098
113	180	0.593039
114	24	2.40121
114	31	1.10636
114	88	0.817511
114	115	2.72121
114	129	0.713074
114	136	0.728561
114	137	0.814308
114	144	1.80202
114	147	0.791398
114	158	0.71744
114	163	0.741412
114	164	0.703474
114	165	0.7216
114	167	0.752638
114	168	0.674819
114	169	0.702575
114	170	0.676921
114	171	0.700879
114	172	0.690013
114	174	0.694861
114	175	0.710458
114	176	0.65792
114	177	0.674846
114	178	0.658353
114	180	0.657295
115	40	0.690408
115	58	0.73096
115	61	0.77215
115	71	0.761584
115	72	0.711361
115	79	0.750362
115	89	0.767683
115	96	0.77285
115	99	0.716334
115	100	0.759513
115	103	0.750703
115	105	0.749731
115	111	0.734737
115	112	0.73636
115	114	2.72121
115	116	2.10541
115	118	0.762987
115	120	0.755412
115	122	0.746819
115	124	2.20563
115	126	0.735111
115	127	0.735119
115	134	0.722999
115	139	0.736843
115	142	2.10059
115	179	5.36186
116	3	0.838372
116	19	0.721531
116	24	1.78541
116	35	0.817592
116	38	0.780738
116	41	0.776085
116	42	0.768588
116	56	0.757237
116	59	0.757205
116	60	1.96544
116	86	2.21536
116	115	2.10541
116	127	0.75929
116	135	0.805992
116	144	0.791924
116	148	0.774392
116	165	0.742413
116	169	0.723388
116	171	0.721691
116	173	0.72089
116	174	0.715673
116	175	0.73127
116	177	0.695658
116	178	0.679166
116	180	0.678107
117	19	4.31194
117	23	2.07335
117	36	0.744221
117	88	0.837878
117	96	1.2545
117	112	1.70167
117	118	1.12469
117	121	0.813811
117	133	0.773754
117	142	0.820232
117	153	0.758525
117	154	0.747912
117	161	0.730186
117	163	0.761778
117	164	0.72384
117	165	0.741967
117	168	0.695186
117	169	0.722942
117	171	0.721246
117	172	0.71038
117	173	0.720445
117	174	0.715228
117	175	0.730824
117	176	0.678286
117	177	0.695213
117	178	0.67872
117	180	0.677661
118	39	0.778054
118	40	0.719447
118	54	1.15206
118	58	0.759999
118	61	0.80119
118	63	0.748037
118	71	0.790623
118	79	0.779401
118	96	0.80189
118	99	0.745373
118	100	0.788553
118	103	0.779742
118	105	0.77877
118	111	0.763776
118	112	0.7654
118	115	0.762987
118	117	1.12469
118	120	0.784451
118	122	0.775858
118	125	1.78977
118	126	0.76415
118	127	0.764159
118	133	1.92987
118	139	0.765882
118	144	0.781395
118	170	5.13077
118	177	5.99773
119	34	0.726529
119	43	3.22525
119	76	2.8025
119	79	5.17225
119	113	0.674941
119	134	0.709491
119	152	0.718555
119	153	0.705894
119	154	0.695281
119	155	0.701538
119	156	0.698003
119	157	0.665243
119	158	0.685175
119	160	0.65366
119	165	0.689336
119	166	0.665242
119	168	0.642554
119	169	0.670311
119	170	0.644656
119	171	0.668614
119	172	0.657749
119	173	0.667813
119	174	0.662596
119	175	0.678193
119	176	0.625655
119	177	0.642581
119	178	0.626089
119	180	0.62503
120	40	0.711872
120	58	0.752424
120	61	0.793614
120	63	0.740462
120	71	0.783048
120	72	0.732825
120	79	0.771826
120	81	0.772459
120	89	0.789147
120	96	0.794314
120	99	0.737798
120	100	0.780977
120	103	0.772167
120	105	0.771195
120	111	0.7562
120	115	0.755412
120	118	0.784451
120	122	0.768283
120	126	0.756574
120	127	0.756583
120	134	0.744463
120	136	2.68608
120	140	1.24172
120	144	0.773819
120	164	3.16606
120	173	1.78175
120	175	1.9939
120	180	8.76541
121	26	3.71743
121	28	1.9954
121	43	1.91666
121	48	1.66988
121	98	0.809729
121	107	0.773647
121	117	0.813811
121	141	0.268347
121	142	0.821848
121	148	0.775562
121	152	0.772803
121	154	0.749528
121	156	0.752251
121	157	0.71949
121	158	0.739423
121	162	0.709852
121	164	0.725457
121	166	0.71949
121	170	0.698904
121	172	0.711996
121	173	0.722061
121	174	0.716844
121	175	0.73244
121	176	0.679902
121	177	0.696829
121	178	0.680336
121	180	0.679278
122	39	0.761885
122	40	0.703278
122	58	0.743831
122	61	0.785021
122	71	0.774455
122	72	0.724232
122	79	0.763233
122	81	0.763866
122	87	0.0280993
122	89	0.780554
122	96	0.785721
122	99	0.729205
122	100	0.772384
122	103	0.763574
122	105	0.762602
122	111	0.747607
122	115	0.746819
122	118	0.775858
122	120	0.768283
122	126	0.747981
122	127	0.74799
122	128	1.54028
122	129	2.6226
122	134	0.73587
122	139	0.749714
122	144	0.765226
122	162	4.78188
122	163	1.97623
122	180	9.01031
123	18	2.57105
123	64	0.844027
123	77	2.7831
123	101	0.766308
123	109	0.781586
123	111	1.92541
123	124	0.763106
123	132	0.734205
123	138	0.753194
123	144	2.90061
123	150	0.733207
123	151	0.673276
123	154	0.705494
123	157	0.675456
123	158	0.695388
123	159	0.698241
123	162	0.665818
123	165	0.699549
123	166	0.675455
123	169	0.680524
123	171	0.678827
123	172	0.667962
123	173	0.678027
123	174	0.672809
123	176	0.635868
123	177	0.652795
123	178	0.636302
123	180	0.635243
124	26	2.82083
124	58	2.86825
124	60	2.06565
124	115	2.20563
124	123	0.763106
124	129	0.726771
124	136	0.742258
124	138	0.788943
124	139	0.556066
124	145	0.729226
124	147	0.805095
124	152	0.764517
124	153	0.751856
124	154	0.741243
124	155	0.7475
124	156	0.743965
124	160	0.699621
124	162	0.701566
124	163	0.755109
124	166	0.711204
124	170	0.690618
124	172	0.70371
124	173	0.713775
124	175	0.724155
124	176	0.671616
124	177	0.688543
124	178	0.67205
124	179	0.696975
124	180	0.670992
125	9	1.68896
125	74	1.95603
125	93	2.05195
125	105	1.91956
125	109	0.839963
125	118	1.78977
125	126	1.40971
125	128	0.81046
125	142	0.83619
125	143	0.780483
125	146	0.723798
125	147	0.827723
125	151	0.731652
125	152	0.787145
125	154	0.763871
125	157	0.733832
125	161	0.746144
125	162	0.724194
125	165	0.757925
125	168	0.711144
125	169	0.7389
125	170	0.713246
125	171	0.737204
125	172	0.726338
125	173	0.736403
125	174	0.731186
125	175	0.746782
125	177	0.711171
125	178	0.694678
125	180	0.69362
126	39	0.750177
126	40	0.69157
126	58	0.732123
126	61	0.773313
126	63	0.72016
126	71	0.762746
126	72	0.712524
126	79	0.751525
126	81	0.752158
126	88	1.18328
126	89	0.768846
126	96	0.774013
126	99	0.717497
126	100	0.760676
126	103	0.751865
126	105	0.750893
126	111	0.735899
126	112	0.737523
126	115	0.735111
126	118	0.76415
126	120	0.756574
126	122	0.747981
126	125	1.40971
126	127	0.736282
126	134	0.724162
126	139	0.738005
126	144	0.753518
126	150	2.63877
126	165	3.87742
126	171	4.24299
126	179	3.76185
127	39	0.750186
127	40	0.691579
127	58	0.732131
127	61	0.773322
127	63	0.720169
127	71	0.762755
127	72	0.712532
127	79	0.751533
127	81	0.752167
127	89	0.768855
127	96	0.774022
127	98	2.21026
127	99	0.717505
127	100	0.760685
127	103	0.751874
127	105	0.750902
127	111	0.735908
127	112	0.737531
127	115	0.735119
127	116	0.75929
127	118	0.764159
127	120	0.756583
127	122	0.74799
127	126	0.736282
127	134	0.724171
127	139	0.738014
127	144	0.753527
127	147	1.64739
127	163	2.29884
127	172	5.37013
127	173	4.94363
128	17	2.78221
128	18	3.25193
128	55	2.06706
128	79	2.75852
128	122	1.54028
128	125	0.81046
128	129	0.715748
128	132	0.758931
128	135	0.787853
128	137	0.816982
128	143	0.746832
128	151	0.698001
128	154	0.73022
128	159	0.722966
128	160	0.688598
128	161	0.712493
128	162	0.690543
128	163	0.744086
128	164	0.706148
128	165	0.724274
128	166	0.700181
128	169	0.705249
128	170	0.679595
128	171	0.703553
128	173	0.702752
128	175	0.713131
128	176	0.660593
128	177	0.67752
128	178	0.661027
128	179	0.685952
128	180	0.659969
129	9	5.56492
129	35	4.21248
129	97	0.611898
129	98	0.729359
129	109	0.745251
129	114	0.713074
129	122	2.6226
129	124	0.726771
129	128	0.715748
129	137	0.755921
129	143	0.685771
129	145	0.657142
129	147	0.733011
129	149	0.656087
129	150	0.696872
129	152	0.692433
129	153	0.679772
129	161	0.651432
129	162	0.629482
129	164	0.645087
129	166	0.63912
129	169	0.644188
129	170	0.618534
129	172	0.631626
129	173	0.641691
129	174	0.636474
129	175	0.652071
129	176	0.599532
129	177	0.616459
129	178	0.599966
129	180	0.598908
130	13	0.714938
130	43	0.736844
130	46	0.757435
130	47	0.746616
130	62	0.707642
130	65	0.710479
130	67	0.785587
130	73	0.763896
130	74	0.776164
130	75	0.756608
130	76	0.75499
130	77	0.790842
130	78	0.744053
130	80	0.745543
130	83	0.712977
130	85	0.735694
130	86	0.69359
130	92	0.72018
130	93	0.725561
130	95	0.773165
130	97	0.652259
130	101	2.7045
130	102	0.753544
130	104	0.75352
130	106	0.753507
130	137	1.93668
130	139	0.737573
130	140	1.8362
130	147	2.25631
130	149	0.696448
130	152	4.16543
130	169	5.7095
131	2	2.30027
131	78	3.45231
131	99	3.28227
131	140	0.755945
131	141	1.33288
131	143	0.729847
131	147	0.777087
131	148	0.739269
131	150	0.740948
131	151	0.681017
131	152	0.736509
131	158	0.703129
131	160	0.671614
131	162	0.673558
131	163	0.727101
131	165	0.70729
131	166	0.683196
131	167	0.738327
131	168	0.660508
131	170	0.66261
131	171	0.686568
131	172	0.675703
131	173	0.685767
131	174	0.68055
131	175	0.696147
131	176	0.643609
131	177	0.660535
131	178	0.644043
131	180	0.642984
132	6	2.63461
132	61	1.92622
132	69	1.62665
132	77	3.27091
132	87	0.738742
132	101	0.773155
132	107	0.736461
132	123	0.734205
132	128	0.758931
132	135	0.769976
132	138	0.760042
132	139	2.65804
132	142	0.784662
132	146	0.672269
132	148	0.738376
132	150	0.740055
132	151	0.680123
132	155	0.718599
132	156	0.715064
132	157	0.682304
132	158	0.702236
132	160	0.67072
132	161	0.694616
132	163	0.726208
132	169	0.687371
132	172	0.674809
132	173	0.684874
132	174	0.679657
132	175	0.695254
132	176	0.642716
132	177	0.659642
132	178	0.643149
132	180	0.642091
133	31	1.97681
133	41	4.81729
133	91	3.67603
133	97	0.652212
133	117	0.773754
133	118	1.92987
133	140	0.752183
133	145	0.697455
133	146	0.6694
133	148	0.735506
133	153	0.720085
133	155	0.715729
133	156	0.712195
133	157	0.679434
133	158	0.699366
133	159	0.702219
133	163	0.723338
133	164	0.6854
133	165	0.703527
133	168	0.656745
133	169	0.684502
133	170	0.658848
133	171	0.682806
133	172	0.67194
133	173	0.682005
133	174	0.676788
133	175	0.692384
133	176	0.639846
133	177	0.656773
133	178	0.64028
133	180	0.639221
134	3	2.06134
134	8	2.54381
134	11	4.42328
134	58	0.720011
134	70	1.70967
134	89	0.756735
134	93	2.4619
134	96	0.761902
134	98	0.758041
134	99	0.705385
134	100	0.748565
134	103	0.739754
134	108	0.788177
134	111	0.723788
134	115	0.722999
134	119	0.709491
134	120	0.744463
134	122	0.73587
134	126	0.724162
134	127	0.724171
134	139	0.725894
134	140	0.740551
134	144	0.741407
134	157	0.667802
134	160	0.656219
134	164	0.673769
134	170	0.647216
134	171	0.671174
134	175	0.680753
134	176	0.628214
134	177	0.645141
134	178	0.628648
134	180	0.62759
135	11	2.44161
135	14	2.79627
135	30	0.773566
135	40	2.99119
135	75	1.60562
135	100	1.45563
135	105	1.90969
135	108	0.8316
135	116	0.805992
135	128	0.787853
135	132	0.769976
135	136	0.742279
135	142	0.813584
135	150	0.768977
135	153	0.751877
135	156	0.743987
135	157	0.711226
135	158	0.731158
135	160	0.699643
135	162	0.701588
135	163	0.75513
135	164	0.717192
135	165	0.735319
135	166	0.711226
135	170	0.69064
135	171	0.714598
135	172	0.703732
135	173	0.713797
135	175	0.724176
135	176	0.671638
135	177	0.688565
135	178	0.672072
135	180	0.671013
136	7	3.28743
136	59	5.05165
136	104	2.17485
136	107	0.708764
136	109	0.760737
136	113	0.664305
136	114	0.728561
136	120	2.68608
136	124	0.742258
136	135	0.742279
136	138	0.732345
