1	9	0.766261
1	10	0.763012
1	13	0.76638
1	21	0.829721
1	24	0.748014
1	30	0.833047
1	38	0.807971
1	41	0.807946
1	85	0.876591
1	113	1.03862
1	167	2.27966
1	180	6.56478
2	3	0.170794
2	70	2.29047
2	96	0.684164
2	119	0.794833
2	144	0.740933
2	162	0.72877
2	168	0.700476
2	171	0.69744
2	172	0.720198
2	173	0.697601
2	174	0.71927
2	179	0.717329
3	2	0.170794
3	9	0.766261
3	10	0.763012
3	13	0.76638
3	21	0.829721
3	24	0.748014
3	30	0.833047
3	38	0.807971
3	41	0.807946
3	85	0.876591
3	172	3.61529
3	175	3.70499
4	6	1.99501
4	18	0.706434
4	19	0.709923
4	52	0.724034
4	61	0.712587
4	67	0.762547
4	73	0.764832
4	124	0.682175
4	142	0.729513
4	143	0.695235
4	161	0.714767
4	169	5.05692
5	66	0.72528
5	68	0.725274
5	70	0.725245
5	78	0.771356
5	80	0.710388
5	87	0.753136
5	134	0.74608
5	146	0.690859
5	152	0.680778
5	165	4.69942
5	168	2.88892
5	177	0.675838
6	4	1.99501
6	125	1.00215
6	137	0.334465
6	144	0.828188
6	159	0.816131
6	166	0.778462
6	168	0.787731
6	169	0.810889
6	175	0.797191
6	178	0.810802
6	179	0.804584
6	180	0.763906
7	73	3.25402
7	116	0.677789
7	136	0.632452
7	150	0.691385
7	153	0.669042
7	159	0.649892
7	160	0.676184
7	167	0.662481
7	170	0.639972
7	174	0.640285
7	176	0.623379
7	179	0.638344
8	12	0.689947
8	14	0.690068
8	23	0.672935
8	29	0.756692
8	31	0.756628
8	45	0.732762
8	47	0.732675
8	83	1.60833
8	134	0.725479
8	139	0.736195
8	163	0.706865
8	179	5.5289
9	1	0.766261
9	3	0.766261
9	10	0.67115
9	13	0.674518
9	21	0.737859
9	24	0.656152
9	30	0.741185
9	38	0.716109
9	41	0.716084
9	65	0.754975
9	115	1.999
9	179	4.89905
10	1	0.763012
10	3	0.763012
10	9	0.67115
10	13	0.671269
10	21	0.734609
10	24	0.652903
10	30	0.737936
10	38	0.71286
10	41	0.712835
10	85	0.78148
10	156	2.33314
10	162	4.76307
11	93	0.721619
11	104	3.52773
11	110	0.731549
11	111	0.722271
11	114	0.715449
11	125	0.728842
11	128	0.719232
11	129	3.72509
11	131	0.716521
11	132	0.716534
11	135	0.708269
11	156	0.721884
12	8	0.689947
12	14	0.690294
12	23	0.673161
12	29	0.756918
12	31	0.756854
12	45	0.732988
12	47	0.732901
12	134	0.725705
12	139	0.736421
12	159	3.28502
12	162	3.80804
12	163	0.707091
13	1	0.76638
13	3	0.76638
13	9	0.674518
13	10	0.671269
13	21	0.737978
13	24	0.656271
13	30	0.741304
13	38	0.716228
13	41	0.716203
13	65	0.755093
13	115	2.45635
13	146	4.29167
14	8	0.690068
14	12	0.690294
14	23	0.673282
14	29	0.757039
14	31	0.756975
14	45	0.733109
14	47	0.733022
14	121	3.34455
14	134	0.725826
14	139	0.736542
14	150	3.89495
14	163	0.707212
15	17	0.789157
15	20	0.770474
15	37	0.830406
15	40	0.766432
15	49	0.820918
15	51	0.762816
15	57	0.820833
15	62	0.875354
15	71	3.81872
15	124	0.767034
15	164	1.39755
15	174	3.37592
16	20	0.767783
16	37	0.827715
16	40	0.763741
16	49	0.818227
16	51	0.760125
16	57	0.818142
16	62	0.872663
16	117	0.811546
16	122	1.62924
16	124	0.764343
16	145	2.16909
16	167	4.07177
17	15	0.789157
17	20	0.680099
17	37	0.740031
17	40	0.676057
17	49	0.730543
17	51	0.672441
17	57	0.730458
17	62	0.784979
17	117	0.723862
17	124	0.676659
17	129	2.66162
17	152	4.57218
18	4	0.706434
18	28	0.690427
18	52	0.720656
18	54	0.727609
18	61	0.709209
18	67	0.759169
18	73	0.761454
18	142	0.726135
18	143	0.691857
18	151	1.42065
18	161	0.711389
18	166	6.08095
19	4	0.709923
19	28	0.693916
19	46	0.771338
19	54	0.731097
19	61	0.712697
19	67	0.762658
19	124	0.682285
19	142	0.729623
19	143	0.695345
19	161	0.714878
19	165	3.03724
19	180	4.9661
20	15	0.770474
20	16	0.767783
20	17	0.680099
20	37	0.721348
20	40	0.657373
20	49	0.71186
20	51	0.653758
20	57	0.711775
20	62	0.766296
20	117	0.705179
20	124	0.657976
20	170	3.18804
20	176	4.78229
21	1	0.829721
21	3	0.829721
21	9	0.737859
21	10	0.734609
21	13	0.737978
21	24	0.719611
21	30	0.804644
21	38	0.779569
21	41	0.779544
21	85	0.848189
21	153	3.06119
21	156	1.85896
21	178	3.86584
22	66	0.783358
22	68	0.783352
22	70	0.783323
22	78	0.829434
22	79	0.823154
22	80	0.768466
22	87	0.811215
22	129	1.74998
22	146	0.748937
22	147	3.56928
22	152	0.738856
22	177	0.733916
22	179	3.69776
23	8	0.672935
23	12	0.673161
23	14	0.673282
23	29	0.739906
23	31	0.739842
23	45	0.715976
23	47	0.715889
23	59	0.75605
23	113	2.79466
23	134	0.708693
23	139	0.719408
23	163	0.690079
23	164	4.56624
24	1	0.748014
24	3	0.748014
24	9	0.656152
24	10	0.652903
24	13	0.656271
24	21	0.719611
24	30	0.722937
24	38	0.697862
24	41	0.697837
24	65	0.736727
24	85	0.766482
24	150	2.49448
24	168	5.24905
25	84	0.727637
25	118	0.715202
25	120	1.64441
25	142	1.43716
25	144	0.721341
25	145	0.745625
25	147	0.72998
25	151	0.737181
25	171	0.677849
25	173	0.67801
25	175	0.690344
25	176	0.682772
25	179	0.697737
26	52	0.867114
26	54	0.874067
26	55	1.51149
26	61	0.855667
26	67	0.905628
26	73	0.907912
26	97	1.19032
26	124	0.825255
26	142	0.872593
26	143	0.838315
26	145	2.46201
26	161	0.857848
26	169	4.01403
27	63	1.53079
27	114	0.797742
27	125	0.811135
27	128	0.801526
27	135	0.790562
27	139	0.81634
27	141	0.797113
27	158	0.805799
27	165	0.721556
27	174	3.71617
27	177	4.11674
27	178	0.751415
27	180	0.70452
28	18	0.690427
28	19	0.693916
28	33	5.2
28	46	0.755221
28	54	0.71498
28	61	0.69658
28	67	0.74654
28	73	0.748825
28	124	0.666168
28	142	0.713506
28	143	0.679228
28	155	2.739
28	161	0.69876
29	8	0.756692
29	12	0.756918
29	14	0.757039
29	23	0.739906
29	31	0.823599
29	45	0.799733
29	47	0.799646
29	104	1.78841
29	134	0.79245
29	139	0.803166
29	163	0.773836
29	167	3.48626
29	178	3.53275
30	1	0.833047
30	3	0.833047
30	9	0.741185
30	10	0.737936
30	13	0.741304
30	21	0.804644
30	24	0.722937
30	38	0.782895
30	41	0.78287
30	65	0.82176
30	74	1.22338
30	170	2.97106
30	171	4.74962
31	8	0.756628
31	12	0.756854
31	14	0.756975
31	23	0.739842
31	29	0.823599
31	45	0.799669
31	47	0.799582
31	48	6
31	64	1.88191
31	77	2.75955
31	134	0.792386
31	139	0.803102
31	163	0.773772
32	40	2.45382
32	44	0.722592
32	54	1.56628
32	88	0.678176
32	103	0.787906
32	140	0.749995
32	157	0.655659
32	162	0.708063
32	163	0.738435
32	171	0.676733
32	172	0.699491
32	175	0.689229
32	179	0.696622
33	28	5.2
33	40	0.639088
33	49	0.693575
33	51	0.635472
33	57	0.693489
33	62	0.748011
33	118	0.650077
33	162	0.644054
33	173	0.612886
33	174	0.634554
33	175	0.62522
33	179	0.632613
33	180	0.591936
34	70	2.19497
34	77	0.70598
34	106	0.775496
34	128	1.18656
34	162	0.704998
34	164	0.718684
34	165	0.669916
34	171	0.673668
34	172	0.696425
34	174	0.695497
34	175	0.686163
34	176	0.678591
34	178	0.699774
34	179	0.693556
35	100	0.835058
35	106	2.5306
35	121	0.757126
35	123	0.800555
35	127	0.791342
35	133	0.767866
35	139	0.791566
35	141	0.772339
35	152	4.13362
35	158	0.781025
35	161	2.71545
35	165	0.696782
35	178	0.726641
35	180	0.679745
36	66	0.76486
36	68	0.764854
36	70	0.764825
36	78	0.810936
36	79	0.804656
36	80	0.749968
36	87	0.792717
36	92	1.45496
36	134	0.78566
36	146	0.730439
36	152	0.720358
36	171	5.03576
36	175	3.42904
36	177	0.715418
37	15	0.830406
37	16	0.827715
37	17	0.740031
37	20	0.721348
37	40	0.717305
37	49	0.771792
37	51	0.71369
37	57	0.771707
37	62	0.826228
37	117	0.765111
37	124	0.717908
37	136	3.12956
37	165	5.03395
37	167	1.44373
38	1	0.807971
38	3	0.807971
38	9	0.716109
38	10	0.71286
38	13	0.716228
38	21	0.779569
38	24	0.697862
38	30	0.782895
38	41	0.757794
38	65	0.796684
38	85	0.82644
38	104	1.5332
38	169	2.88039
38	175	4.83413
39	100	0.969645
39	105	1.565
39	136	0.690123
39	144	0.719619
39	150	0.749056
39	151	0.735458
39	162	0.707456
39	163	0.737828
39	166	0.669893
39	167	0.720151
39	168	0.679162
39	170	0.697642
39	179	0.696015
40	15	0.766432
40	16	0.763741
40	17	0.676057
40	20	0.657373
40	32	2.45382
40	33	0.639088
40	37	0.717305
40	49	0.707818
40	51	0.649715
40	57	0.707733
40	62	0.762254
40	113	4.17619
40	117	0.701137
40	124	0.653934
41	1	0.807946
41	3	0.807946
41	9	0.716084
41	10	0.712835
41	13	0.716203
41	21	0.779544
41	24	0.697837
41	30	0.78287
41	38	0.757794
41	65	0.79666
41	85	0.826415
41	118	2.3061
41	126	6.33925
41	178	1.72847
42	99	0.779788
42	107	0.754731
42	127	0.797863
42	130	1.58958
42	133	0.774387
42	137	0.805169
42	139	0.798087
42	141	0.77886
42	158	0.787546
42	165	0.703303
42	175	3.93202
42	177	3.93174
42	178	0.733162
42	180	0.686266
43	53	2.41921
43	63	2.16499
43	75	0.750405
43	99	0.772772
43	100	0.834562
43	101	3.47366
43	105	0.823074
43	123	0.800059
43	133	0.767371
43	141	0.771843
43	158	0.780529
43	165	0.696287
43	178	0.726145
43	180	0.67925
44	32	0.722592
44	97	0.75257
44	106	0.748292
44	107	2.62985
44	111	0.792342
44	138	0.718201
44	140	0.719726
44	145	0.71424
44	160	0.704192
44	167	0.690489
44	170	0.66798
44	173	0.646624
44	176	0.651387
44	179	0.666352
45	8	0.732762
45	12	0.732988
45	14	0.733109
45	23	0.715976
45	29	0.799733
45	31	0.799669
45	47	0.775716
45	59	0.815877
45	122	1.72116
45	134	0.76852
45	139	0.779236
45	143	3.70792
45	153	3.40555
45	163	0.749906
46	19	0.771338
46	28	0.755221
46	52	0.785449
46	61	0.774002
46	67	0.823963
46	73	0.826247
46	109	1.7758
46	124	0.74359
46	142	0.790928
46	143	0.75665
46	161	0.776183
46	172	4.28287
46	178	2.81599
47	8	0.732675
47	12	0.732901
47	14	0.733022
47	23	0.715889
47	29	0.799646
47	31	0.799582
47	45	0.775716
47	59	0.81579
47	121	2.23151
47	134	0.768433
47	139	0.779149
47	148	4.24853
47	161	2.74867
47	163	0.749819
48	31	6
48	82	0.623667
48	116	0.675035
48	122	0.726201
48	156	0.694571
48	157	0.594627
48	161	0.675261
48	164	0.660718
48	168	0.618738
48	170	0.637218
48	173	0.615863
48	175	0.628198
48	176	0.620626
48	179	0.635591
48	180	0.594913
49	15	0.820918
49	16	0.818227
49	17	0.730543
49	20	0.71186
49	33	0.693575
49	37	0.771792
49	40	0.707818
49	51	0.704202
49	57	0.762219
49	62	0.81674
49	117	0.755623
49	124	0.70842
49	130	2.54806
49	138	2.9494
49	143	3.85018
50	66	0.743887
50	68	0.74388
50	70	0.743851
50	78	0.789962
50	79	0.783682
50	80	0.728994
50	85	0.831598
50	87	0.771743
50	122	2.64098
50	130	3.32563
50	134	0.764686
50	145	3.18084
50	146	0.709465
50	152	0.699384
50	177	0.694444
51	15	0.762816
51	16	0.760125
51	17	0.672441
51	20	0.653758
51	33	0.635472
51	37	0.71369
51	40	0.649715
51	49	0.704202
51	57	0.704117
51	62	0.758638
51	117	0.697521
51	124	1.2889
51	126	4.86075
51	172	1.89195
51	180	4.34042
52	4	0.724034
52	18	0.720656
52	26	0.867114
52	46	0.785449
52	54	0.745208
52	61	0.726808
52	67	0.776769
52	73	0.779053
52	74	2.16729
52	90	4.50293
52	122	2.36333
52	124	0.696396
52	142	0.743734
52	143	0.709456
52	161	0.728989
53	43	2.41921
53	119	0.825823
53	132	1.54229
53	141	0.7937
53	151	0.787762
53	154	0.737344
53	157	0.707356
53	164	0.773446
53	168	0.731466
53	172	0.751188
53	175	0.740926
53	176	0.733354
53	178	0.754537
53	179	0.748319
53	180	0.707641
54	18	0.727609
54	19	0.731097
54	26	0.874067
54	28	0.71498
54	32	1.56628
54	52	0.745208
54	61	0.733761
54	67	0.783722
54	73	0.786006
54	92	3.38097
54	112	2.56331
54	124	0.703349
54	142	0.750687
54	143	0.716409
54	161	0.735942
55	26	1.51149
55	65	1.1733
55	93	1.17542
55	138	0.784153
55	140	0.785677
55	150	0.785344
55	153	0.763001
55	160	0.770143
55	167	0.75644
55	169	0.738609
55	171	0.712415
55	172	0.735172
55	173	0.712576
55	175	0.72491
55	179	0.732303
56	60	0.825468
56	83	2.68184
56	86	0.728144
56	98	0.761862
56	100	0.819179
56	103	3.13098
56	107	0.732331
56	108	3.10494
56	127	0.775462
56	137	0.782769
56	141	0.75646
56	158	0.765146
56	165	0.680903
56	178	0.710762
56	180	0.663866
57	15	0.820833
57	16	0.818142
57	17	0.730458
57	20	0.711775
57	33	0.693489
57	37	0.771707
57	40	0.707733
57	49	0.762219
57	51	0.704117
57	62	0.816655
57	117	0.755538
57	124	0.708335
57	147	2.89581
57	170	4.00823
57	179	3.02428
58	75	0.738248
58	89	0.780025
58	94	0.771655
58	123	0.787902
58	127	0.778689
58	133	0.755213
58	137	0.785995
58	138	3.43278
58	139	0.778913
58	141	0.759686
58	156	2.82895
58	163	3.09793
58	165	0.684129
58	178	0.713988
58	180	0.667093
59	23	0.75605
59	45	0.815877
59	47	0.81579
59	118	3.48579
59	120	0.78622
59	128	0.804495
59	131	0.801784
59	132	0.801797
59	134	0.808594
59	135	0.793532
59	139	0.81931
59	143	1.02375
59	154	4.03973
59	156	0.807146
59	163	0.78998
59	175	3.08261
60	56	0.825468
60	75	0.791784
60	89	0.833561
60	106	1.61086
60	107	0.789093
60	123	0.841438
60	127	0.832225
60	133	0.808749
60	137	0.839531
60	141	0.813222
60	151	1.33654
60	154	4.23703
60	165	0.737665
60	176	4.70232
60	178	0.767524
60	180	0.720629
61	4	0.712587
61	18	0.709209
61	19	0.712697
61	26	0.855667
61	28	0.69658
61	46	0.774002
61	52	0.726808
61	54	0.733761
61	67	0.765322
61	73	0.767606
61	142	0.732287
61	143	0.698009
61	145	1.82202
61	149	3.2168
61	161	0.717542
61	173	6.08808
62	15	0.875354
62	16	0.872663
62	17	0.784979
62	20	0.766296
62	33	0.748011
62	37	0.826228
62	40	0.762254
62	49	0.81674
62	51	0.758638
62	57	0.816655
62	71	2.98128
62	117	0.810059
62	124	0.762856
62	153	1.67346
62	155	1.42778
62	166	5.65627
63	27	1.53079
63	43	2.16499
63	83	0.849281
63	102	0.789119
63	117	1.97776
63	145	0.777261
63	153	0.760071
63	154	0.718399
63	166	0.703251
63	168	0.712521
63	170	0.731001
63	171	0.709485
63	173	0.709646
63	175	0.72198
63	179	0.729373
63	180	0.688696
64	31	1.88191
64	103	0.808336
64	111	0.589854
64	117	2.48102
64	138	0.768901
64	151	0.756495
64	155	0.761861
64	160	0.754892
64	166	0.69093
64	169	0.723357
64	170	0.718679
64	171	0.697163
64	173	0.697324
64	174	0.718993
64	175	0.709658
64	179	0.717052
64	180	0.676374
65	9	0.754975
65	13	0.755093
65	24	0.736727
65	30	0.82176
65	38	0.796684
65	41	0.79666
65	55	1.1733
65	111	0.797333
65	119	1.51374
65	120	0.77602
65	125	0.803904
65	128	0.794294
65	131	0.791583
65	132	0.791596
65	135	0.783331
65	146	3.40908
65	155	4.11804
66	5	0.72528
66	22	0.783358
66	36	0.76486
66	50	0.743887
66	68	0.719631
66	70	0.719602
66	78	0.765713
66	79	0.759433
66	80	0.704745
66	87	0.747493
66	121	2.51082
66	134	0.740437
66	146	0.685216
66	152	0.675135
66	162	4.50563
66	164	3.25995
66	177	0.670195
67	4	0.762547
67	18	0.759169
67	19	0.762658
67	26	0.905628
67	28	0.74654
67	46	0.823963
67	52	0.776769
67	54	0.783722
67	61	0.765322
67	73	0.817567
67	84	3.38189
67	101	1.30198
67	142	0.782248
67	143	0.74797
67	153	2.15041
67	161	0.767502
67	168	4.68828
68	5	0.725274
68	22	0.783352
68	36	0.764854
68	50	0.74388
68	66	0.719631
68	70	0.719595
68	78	0.765706
68	79	0.759426
68	80	0.704738
68	87	0.747487
68	106	2.65231
68	134	0.74043
68	146	0.685209
68	148	4.33702
68	152	0.675128
68	169	3.4946
68	177	0.670188
69	81	0.75152
69	93	0.729936
69	95	0.726136
69	110	0.739866
69	111	0.730589
69	114	0.723766
69	120	0.709275
69	125	0.737159
69	128	0.72755
69	131	0.724839
69	132	0.724852
69	135	0.716587
69	151	1.88863
69	156	0.730201
69	158	0.731823
69	172	3.7423
69	176	5.25441
70	2	2.29047
70	5	0.725245
70	22	0.783323
70	34	2.19497
70	36	0.764825
70	50	0.743851
70	66	0.719602
70	68	0.719595
70	78	0.765678
70	79	0.759398
70	80	0.70471
70	87	0.747458
70	134	0.740402
70	146	0.685181
70	152	0.6751
70	164	3.44545
70	177	0.670159
71	15	3.81872
71	62	2.98128
71	127	0.734509
71	137	0.741816
71	141	0.715506
71	154	0.652616
71	158	0.724192
71	161	0.703261
71	164	0.688718
71	165	0.63995
71	167	0.687727
71	168	0.646738
71	175	0.656197
71	176	0.648625
71	178	0.669808
71	179	0.66359
71	180	0.622913
72	91	0.792013
72	95	0.784055
72	110	0.797785
72	111	0.788508
72	114	0.781685
72	120	0.767194
72	125	0.795078
72	128	0.785469
72	131	0.782757
72	132	0.782771
72	135	0.774505
72	142	0.783556
72	149	2.5037
72	156	0.78812
72	171	5.15635
72	178	1.99303
72	179	2.39383
73	4	0.764832
73	7	3.25402
73	18	0.761454
73	26	0.907912
73	28	0.748825
73	46	0.826247
73	52	0.779053
73	54	0.786006
73	61	0.767606
73	67	0.817567
73	124	0.737194
73	142	0.784532
73	143	0.750254
73	160	1.40453
73	161	0.769787
73	166	3.52959
73	173	2.63801
74	30	1.22338
74	52	2.16729
74	75	2.79396
74	104	0.798773
74	109	0.74291
74	148	0.717002
74	150	0.761509
74	156	0.767447
74	164	0.733595
74	165	0.684827
74	172	0.711336
74	173	0.68874
74	174	0.710409
74	175	0.701074
74	176	0.693502
74	178	0.714685
74	179	0.708468
74	180	0.66779
75	43	0.750405
75	58	0.738248
75	60	0.791784
75	74	2.79396
75	77	0.683283
75	94	0.734745
75	97	2.25817
75	99	0.723704
75	123	0.750991
75	127	0.741778
75	133	0.718303
75	137	0.749085
75	139	0.742003
75	141	0.722775
75	160	4.32631
75	165	0.647219
75	178	0.677077
75	180	0.630182
76	81	0.742838
76	91	0.725411
76	93	0.721254
76	95	0.717453
76	110	0.731183
76	113	0.718666
76	114	0.715083
76	120	0.700592
76	125	0.728477
76	128	0.718867
76	131	0.716156
76	132	0.716169
76	135	0.707904
76	145	2.62938
76	151	4.19177
76	153	3.77391
76	156	0.721518
76	158	0.72314
77	31	2.75955
77	34	0.70598
77	75	0.683283
77	95	2.66405
77	98	0.710123
77	113	0.708932
77	133	0.700248
77	137	0.73103
77	140	0.706178
77	157	0.611842
77	158	0.713407
77	167	0.676941
77	168	0.635952
77	169	0.65911
77	171	0.632916
77	178	0.659023
77	179	0.652805
77	180	0.612127
78	5	0.771356
78	22	0.829434
78	36	0.810936
78	50	0.789962
78	66	0.765713
78	68	0.765706
78	70	0.765678
78	79	0.805508
78	80	0.75082
78	87	0.793569
78	134	0.786512
78	144	3.63805
78	146	0.731292
78	147	2.96406
78	150	1.67039
78	152	0.721211
78	175	4.24833
78	177	0.71627
79	22	0.823154
79	36	0.804656
79	50	0.783682
79	66	0.759433
79	68	0.759426
79	70	0.759398
79	78	0.805508
79	80	0.74454
79	85	0.847144
79	87	0.787289
79	90	3.09707
79	129	1.89951
79	134	0.780233
79	146	0.725012
79	152	0.714931
79	159	3.34653
79	177	0.70999
79	178	3.44649
80	5	0.710388
80	22	0.768466
80	36	0.749968
80	50	0.728994
80	66	0.704745
80	68	0.704738
80	70	0.70471
80	78	0.75082
80	79	0.74454
80	85	0.792456
80	87	0.732601
80	134	0.725545
80	146	0.670324
80	152	0.660243
80	161	2.73839
80	164	2.97036
80	170	5.17773
80	177	0.655302
81	69	0.75152
81	76	0.742838
81	93	0.779396
81	108	1.62077
81	111	0.780048
81	113	0.776808
81	114	0.773226
81	120	0.758735
81	121	2.31313
81	125	0.786619
81	128	0.777009
81	131	0.774298
81	132	0.774312
81	135	0.766046
81	156	0.779661
81	158	0.781283
81	169	3.48774
81	174	5.04063
82	48	0.623667
82	89	4.46443
82	109	0.6629
82	138	0.680307
82	149	0.658649
82	154	0.617484
82	160	0.666298
82	162	0.639899
82	164	0.653585
82	168	0.611605
82	170	0.630086
82	171	0.60857
82	174	0.630399
82	175	0.621065
82	176	0.613493
82	177	0.618643
82	178	0.634676
82	179	0.628458
83	8	1.60833
83	56	2.68184
83	63	0.849281
83	116	0.799733
83	118	0.777753
83	124	0.282158
83	136	0.754397
83	137	0.27376
83	143	0.780427
83	151	0.799733
83	165	0.736648
83	167	0.784425
83	168	0.743436
83	169	0.766594
83	173	0.740561
83	174	0.76223
83	176	0.745324
83	179	0.760289
84	25	0.727637
84	67	3.38189
84	86	2.44962
84	126	0.656234
84	148	0.678816
84	154	0.659307
84	155	0.715091
84	160	0.708122
84	162	0.681723
84	166	0.64416
84	167	0.694418
84	170	0.671909
84	171	0.650393
84	173	0.650554
84	174	0.672222
84	175	0.662888
84	176	0.655316
84	179	0.670281
85	1	0.876591
85	3	0.876591
85	10	0.78148
85	21	0.848189
85	24	0.766482
85	38	0.82644
85	41	0.826415
85	50	0.831598
85	79	0.847144
85	80	0.792456
85	87	0.835205
85	102	2.4877
85	103	1.11411
85	113	1.59053
85	146	0.772927
85	151	3.79796
85	152	0.762846
85	177	0.757906
85	178	4.18473
86	56	0.728144
86	84	2.44962
86	89	0.736237
86	94	0.727867
86	98	0.7213
86	99	0.716826
86	105	0.767128
86	121	0.700685
86	123	0.744114
86	127	0.7349
86	133	0.711425
86	137	0.742207
86	141	0.715898
86	158	0.724584
86	165	0.640341
86	173	5.40473
86	178	0.6702
86	179	2.42358
86	180	0.623304
87	5	0.753136
87	22	0.811215
87	36	0.792717
87	50	0.771743
87	66	0.747493
87	68	0.747487
87	70	0.747458
87	78	0.793569
87	79	0.787289
87	80	0.732601
87	85	0.835205
87	134	0.768293
87	146	0.713072
87	152	0.702991
87	153	3.53549
87	156	2.33326
87	160	3.18741
87	161	3.28554
87	177	0.698051
88	32	0.678176
88	89	4.86443
88	90	0.633892
88	102	0.681681
88	115	0.728034
88	154	0.610961
88	159	0.633483
88	160	0.659776
88	166	0.595814
88	169	0.628241
88	170	0.623563
88	171	0.602047
88	172	0.624804
88	173	0.602208
88	174	0.623876
88	175	0.614542
88	176	0.60697
88	178	0.628153
88	179	0.621935
89	58	0.780025
89	60	0.833561
89	82	4.46443
89	86	0.736237
89	88	4.86443
89	105	0.815783
89	107	0.740424
89	115	2.36411
89	121	0.749341
89	123	0.792769
89	133	0.76008
89	137	0.790862
89	139	0.78378
89	141	0.764553
89	158	0.773239
89	162	2.22516
89	165	0.688996
89	178	0.718855
89	180	0.67196
90	52	4.50293
90	79	3.09707
90	88	0.633892
90	110	0.720983
90	120	0.690393
90	131	0.705956
90	132	0.705969
90	135	0.697704
90	136	0.646447
90	142	0.706754
90	158	0.712941
90	165	0.628698
90	168	0.635486
90	169	0.658644
90	170	0.653966
90	172	0.655207
90	174	0.65428
90	176	0.637374
90	179	0.652339
91	72	0.792013
91	76	0.725411
91	93	0.761969
91	95	0.758169
91	104	1.55066
91	110	0.771899
91	111	0.762622
91	114	0.755799
91	125	0.769192
91	128	0.759583
91	131	0.756871
91	132	0.756885
91	135	0.748619
91	142	0.75767
91	148	3.74027
91	156	0.762234
91	158	0.763856
91	161	2.24041
91	168	5.02822
92	36	1.45496
92	54	3.38097
92	97	0.761556
92	110	0.743983
92	117	2.43761
92	118	0.692802
92	120	0.713392
92	125	0.741276
92	128	0.731667
92	131	0.728955
92	132	0.728969
92	135	0.720703
92	143	0.695476
92	155	0.720147
92	157	0.634375
92	158	0.73594
92	165	0.651698
92	170	0.676966
92	171	0.65545
92	175	0.667945
93	11	0.721619
93	55	1.17542
93	69	0.729936
93	76	0.721254
93	81	0.779396
93	91	0.761969
93	95	0.754011
93	111	0.758464
93	114	0.751641
93	115	1.57587
93	120	0.73715
93	125	0.765035
93	131	0.752714
93	132	0.752727
93	135	0.744462
93	142	0.753512
93	152	4.43869
93	156	0.758076
93	158	0.759698
93	159	3.97515
94	58	0.771655
94	75	0.734745
94	86	0.727867
94	99	0.757111
94	100	0.818902
94	105	0.807413
94	107	0.732054
94	117	0.758547
94	123	0.784399
94	133	0.75171
94	137	0.782492
94	141	0.756183
94	146	2.95866
94	151	3.2358
94	156	1.6157
94	158	0.764869
94	165	0.680626
94	172	5.08947
94	178	0.710485
94	180	0.663589
95	69	0.726136
95	72	0.784055
95	76	0.717453
95	77	2.66405
95	91	0.758169
95	93	0.754011
95	110	0.763941
95	111	0.754664
95	114	0.747841
95	120	0.73335
95	125	0.761234
95	128	0.751625
95	131	0.748914
95	132	0.748927
95	135	0.740662
95	140	1.65375
95	144	1.70092
95	156	0.754276
95	158	0.755898
95	180	6.2272
96	2	0.684164
96	101	0.664066
96	129	0.688154
96	138	0.659066
96	140	0.66059
96	141	6.91622
96	143	0.627355
96	149	0.637407
96	156	0.666197
96	161	0.646887
96	162	0.618658
96	164	0.632344
96	166	0.581095
96	167	0.631353
96	169	0.613522
96	171	0.587328
96	172	0.610085
96	173	0.587489
96	174	0.609158
96	175	0.599823
97	26	1.19032
97	44	0.75257
97	75	2.25817
97	92	0.761556
97	108	0.845234
97	114	1.42315
97	122	0.81721
97	123	0.970895
97	136	0.720708
97	149	0.75679
97	150	0.779641
97	162	0.738041
97	163	0.768413
97	164	0.751727
97	166	0.700478
97	170	0.728227
97	172	0.729469
97	173	0.706872
97	175	0.719206
97	179	0.7266
98	56	0.761862
98	77	0.710123
98	86	0.7213
98	99	0.750544
98	105	0.800846
98	107	0.725487
98	108	1.24439
98	117	0.75198
98	123	0.777832
98	127	0.768619
98	133	0.745143
98	137	0.775925
98	139	0.768843
98	140	3.03469
98	141	0.749616
98	149	3.89375
98	158	0.758302
98	165	0.674059
98	177	4.9394
98	178	0.703918
98	180	0.657023
99	42	0.779788
99	43	0.772772
99	75	0.723704
99	86	0.716826
99	94	0.757111
99	98	0.750544
99	100	0.80786
99	107	0.721013
99	123	0.773358
99	127	0.764144
99	133	0.740669
99	137	0.771451
99	141	0.745142
99	154	4.61967
99	155	2.15101
99	158	0.753828
99	165	0.669585
99	174	3.26171
99	177	3.66228
99	178	0.699444
99	180	0.652548
100	35	0.835058
100	39	0.969645
100	43	0.834562
100	56	0.819179
100	94	0.818902
100	99	0.80786
100	107	0.782803
100	117	0.809297
100	127	0.825935
100	133	0.80246
100	137	0.833242
100	141	0.806932
100	147	2.78775
100	150	1.49408
100	151	2.12865
100	158	0.815618
100	165	0.731376
100	173	5.89738
100	178	0.761234
100	180	0.714339
101	43	3.47366
101	67	1.30198
101	96	0.664066
101	132	2.59673
101	149	0.727422
101	154	0.686256
101	155	0.74204
101	159	0.708778
101	160	0.735071
101	162	0.708672
101	163	0.739045
101	167	0.721368
101	168	0.680378
101	169	0.703536
101	171	0.677343
101	172	0.7001
101	173	0.677503
101	175	0.689838
101	176	0.682266
101	179	0.697231
101	180	0.656553
102	63	0.789119
102	85	2.4877
102	88	0.681681
102	127	2.08934
102	128	1.56263
102	147	0.73237
102	157	0.659164
102	159	0.711674
102	162	0.711568
102	168	0.683274
102	169	0.706432
102	170	0.701754
102	172	0.702996
102	173	0.680399
102	174	0.702068
102	175	0.692734
102	176	0.685162
102	177	0.690312
102	178	0.706345
102	179	0.700127
102	180	0.659449
103	32	0.787906
103	56	3.13098
103	64	0.808336
103	85	1.11411
103	132	1.17918
103	142	0.936058
103	143	0.751804
103	153	0.762363
103	154	0.720691
103	159	0.743213
103	160	0.769506
103	166	0.705544
103	167	0.755803
103	168	0.714813
103	169	0.737971
103	171	0.711777
103	174	0.733607
103	175	0.724273
103	176	0.716701
103	177	0.721851
103	179	0.731666
104	11	3.52773
104	29	1.78841
104	38	1.5332
104	74	0.798773
104	91	1.55066
104	151	0.770131
104	153	0.761385
104	154	0.719713
104	155	0.775496
104	164	0.755814
104	167	0.754824
104	169	0.736993
104	170	0.732315
104	171	0.710799
104	172	0.733556
104	173	0.71096
104	174	0.732628
104	176	0.715722
104	177	0.720872
104	178	0.736905
104	179	0.730687
105	39	1.565
105	43	0.823074
105	86	0.767128
105	89	0.815783
105	94	0.807413
105	98	0.800846
105	107	0.771315
105	115	1.60467
105	117	0.797808
105	123	0.82366
105	127	0.814447
105	129	1.5638
105	133	0.790971
105	139	0.814671
105	141	0.795444
105	147	3.3831
105	158	0.80413
105	165	0.719887
105	176	6.08977
105	178	0.749746
105	180	0.70285
106	34	0.775496
106	35	2.5306
106	44	0.748292
106	60	1.61086
106	68	2.65231
106	136	0.716429
106	139	0.600263
106	148	0.730855
106	153	0.753019
106	154	0.711347
106	155	0.76713
106	159	0.733869
106	160	0.760161
106	162	0.733762
106	163	0.764135
106	166	0.696199
106	169	0.728627
106	170	0.723949
106	171	0.702433
106	172	0.72519
106	176	0.707356
106	179	0.722321
107	42	0.754731
107	44	2.62985
107	56	0.732331
107	60	0.789093
107	89	0.740424
107	94	0.732054
107	98	0.725487
107	99	0.721013
107	100	0.782803
107	105	0.771315
107	109	3.84566
107	121	0.704872
107	123	0.7483
107	127	0.739087
107	133	0.715612
107	137	0.746394
107	141	0.720084
107	145	2.93667
107	156	2.87897
107	158	0.728771
107	165	0.644528
107	178	0.674386
107	180	0.627491
108	56	3.10494
108	81	1.62077
108	97	0.845234
108	98	1.24439
108	142	0.910013
108	144	0.78262
108	145	0.806904
108	149	0.789207
108	150	0.812057
108	154	0.748042
108	157	0.718053
108	158	0.115616
108	160	0.796856
108	166	0.732894
108	168	0.742163
108	171	0.739128
108	172	0.761885
108	173	0.739288
108	174	0.760957
108	175	0.751623
108	177	0.749201
108	178	0.765234
108	179	0.759016
109	46	1.7758
109	74	0.74291
109	82	0.6629
109	107	3.84566
109	129	0.755761
109	142	2.9665
109	149	0.705014
109	155	0.719633
109	159	0.686371
109	160	0.712664
109	161	0.714494
109	162	0.686265
109	166	0.648702
109	168	0.657971
109	169	0.681129
109	170	0.676451
109	171	0.654935
109	172	0.677693
109	173	0.655096
109	174	0.676765
109	175	0.667431
109	176	0.659859
109	178	0.681042
109	179	0.674824
110	11	0.731549
110	69	0.739866
110	72	0.797785
110	76	0.731183
110	90	0.720983
110	91	0.771899
110	92	0.743983
110	95	0.763941
110	111	0.768394
110	113	0.765154
110	114	0.761571
110	120	0.74708
110	125	0.774964
110	128	0.765355
110	131	0.762644
110	132	0.762657
110	135	0.754392
110	140	2.23029
110	143	2.07642
110	156	0.768006
110	157	8.18875
110	158	0.769628
110	165	3.31725
110	176	2.75252
111	11	0.722271
111	44	0.792342
111	64	0.589854
111	65	0.797333
111	69	0.730589
111	72	0.788508
111	81	0.780048
111	91	0.762622
111	93	0.758464
111	95	0.754664
111	110	0.768394
111	114	0.752294
111	118	5.00811
111	120	0.737803
111	125	0.765687
111	128	0.756078
111	131	0.753367
111	132	0.75338
111	135	0.745115
111	142	0.754165
111	156	0.758729
111	158	0.760351
111	169	2.65118
111	172	4.51522
112	54	2.56331
112	114	1.32446
112	120	0.894392
112	135	0.248866
112	136	0.74409
112	141	0.0206044
112	144	0.773586
112	149	0.780172
112	150	0.803023
112	151	0.789425
112	154	0.739007
112	159	0.761529
112	160	0.787822
112	164	0.775109
112	166	0.72386
112	167	0.774118
112	170	0.751609
112	171	0.730093
112	172	0.75285
112	173	0.730254
112	175	0.742588
112	176	0.735017
112	178	0.756199
112	179	0.749982
113	1	1.03862
113	23	2.79466
113	40	4.17619
113	76	0.718666
113	77	0.708932
113	81	0.776808
113	85	1.59053
113	110	0.765154
113	120	0.734563
113	126	0.682462
113	128	0.752838
113	131	0.750126
113	132	0.75014
113	135	0.741875
113	136	0.690617
113	147	0.728752
113	156	0.755489
113	157	0.655546
113	158	0.757111
113	171	0.676621
113	172	0.699378
113	173	0.676782
113	176	0.681544
113	179	0.696509
114	11	0.715449
114	27	0.797742
114	69	0.723766
114	72	0.781685
114	76	0.715083
114	81	0.773226
114	91	0.755799
114	93	0.751641
114	95	0.747841
114	97	1.42315
114	110	0.761571
114	111	0.752294
114	112	1.32446
114	120	0.73098
114	125	0.758864
114	128	0.749255
114	131	0.746544
114	132	0.746557
114	135	0.738292
114	142	0.747342
114	143	4.14174
114	156	0.751906
114	158	0.753528
114	160	3.49128
114	163	2.90611
115	9	1.999
115	13	2.45635
115	88	0.728034
115	89	2.36411
115	93	1.57587
115	105	1.60467
115	126	0.732434
115	130	0.821475
115	138	0.79833
115	145	0.794368
115	147	0.778724
115	148	0.755015
115	154	0.735506
115	157	0.705517
115	162	0.757922
115	166	0.720359
115	168	0.729628
115	169	0.752786
115	170	0.748108
115	171	0.726592
115	174	0.748422
115	175	0.739087
115	176	0.731516
115	178	0.752699
115	179	0.746481
116	7	0.677789
116	48	0.675035
116	83	0.799733
116	118	0.69729
116	129	0.760763
116	137	2.43178
116	141	1.27285
116	142	2.64493
116	144	0.70343
116	148	0.68836
116	151	0.71927
116	152	0.674952
116	154	0.668852
116	157	0.638863
116	164	0.704953
116	166	0.653704
116	170	0.681454
116	171	0.659938
116	173	0.660099
116	174	0.681767
116	175	0.672433
116	176	0.664861
116	179	0.679826
116	180	0.639149
117	16	0.811546
117	17	0.723862
117	20	0.705179
117	37	0.765111
117	40	0.701137
117	49	0.755623
117	51	0.697521
117	57	0.755538
117	62	0.810059
117	63	1.97776
117	64	2.48102
117	92	2.43761
117	94	0.758547
117	98	0.75198
117	100	0.809297
117	105	0.797808
117	119	2.38024
117	124	0.701739
117	133	0.742105
117	137	0.772887
117	139	0.765805
117	141	0.746578
117	163	3.2016
117	165	0.671021
117	178	0.70088
117	180	0.653985
118	25	0.715202
118	33	0.650077
118	41	2.3061
118	59	3.48579
118	83	0.777753
118	92	0.692802
118	111	5.00811
118	116	0.69729
118	130	0.73284
118	138	0.709695
118	149	0.688037
118	151	0.69729
118	155	0.702655
118	160	0.695686
118	162	0.669287
118	163	0.699659
118	165	0.634205
118	166	0.631724
118	168	0.640993
118	171	0.637957
118	172	0.660715
118	173	0.638118
118	174	0.659787
118	175	0.650453
118	176	0.642881
118	179	0.657846
118	180	0.617168
119	2	0.794833
119	53	0.825823
119	65	1.51374
119	117	2.38024
119	127	1.22712
119	128	0.700407
119	132	1.69055
119	144	0.74149
119	146	0.723093
119	147	0.750129
119	150	0.770927
119	151	0.75733
119	153	0.748583
119	155	0.762695
119	157	0.676923
119	159	0.729433
119	160	0.755726
119	162	0.729327
119	164	0.743013
119	167	0.742023
119	168	0.701033
119	169	0.724191
119	171	0.697998
119	173	0.698158
119	175	0.710493
119	176	0.702921
119	179	0.717886
120	25	1.64441
120	59	0.78622
120	65	0.77602
120	69	0.709275
120	72	0.767194
120	76	0.700592
120	81	0.758735
120	90	0.690393
120	92	0.713392
120	93	0.73715
120	95	0.73335
120	110	0.74708
120	111	0.737803
120	112	0.894392
120	113	0.734563
120	114	0.73098
120	125	0.744374
120	128	0.734764
120	131	0.732053
120	132	0.732066
120	135	0.723801
120	142	0.732851
120	156	0.737415
120	158	0.739037
120	164	3.39132
120	167	4.16744
120	178	4.21394
121	14	3.34455
121	35	0.757126
121	47	2.23151
121	66	2.51082
121	81	2.31313
121	86	0.700685
121	89	0.749341
121	107	0.704872
121	122	0.767696
121	123	0.757217
121	127	0.748004
121	137	0.75531
121	140	0.730459
121	141	0.729001
121	144	0.700689
121	145	0.724973
121	148	0.685619
121	159	0.688633
121	167	0.701222
121	169	0.68339
121	170	0.678713
121	174	0.679026
121	176	0.66212
121	178	0.683303
121	179	0.677085
121	180	0.636408
122	16	1.62924
122	45	1.72116
122	48	0.726201
122	50	2.64098
122	52	2.36333
122	97	0.81721
122	121	0.767696
122	126	0.716945
122	127	1.29735
122	136	0.7251
122	140	0.784366
122	153	0.76169
122	157	0.690029
122	159	0.74254
122	160	0.768832
122	161	0.770663
122	164	0.75612
122	166	0.70487
122	168	0.71414
122	169	0.737298
122	171	0.711104
122	173	0.711265
122	174	0.732933
122	175	0.723599
122	176	0.716027
122	179	0.730992
122	180	0.690315
123	35	0.800555
123	43	0.800059
123	58	0.787902
123	60	0.841438
123	75	0.750991
123	86	0.744114
123	89	0.792769
123	94	0.784399
123	97	0.970895
123	98	0.777832
123	99	0.773358
123	105	0.82366
123	107	0.7483
123	121	0.757217
123	127	0.791432
123	133	0.767957
123	137	0.798739
123	141	0.772429
123	156	2.18488
123	158	0.781115
123	160	3.03903
123	163	2.45386
123	164	3.36913
123	165	0.696873
123	178	0.726731
123	179	4.59255
123	180	0.679836
124	4	0.682175
124	15	0.767034
124	16	0.764343
124	17	0.676659
124	19	0.682285
124	20	0.657976
124	26	0.825255
124	28	0.666168
124	37	0.717908
124	40	0.653934
124	46	0.74359
124	49	0.70842
124	51	1.2889
124	52	0.696396
124	54	0.703349
124	57	0.708335
124	62	0.762856
124	73	0.737194
124	83	0.282158
124	117	0.701739
124	136	5.44126
124	142	0.701875
124	143	0.667597
124	155	3.84697
124	161	0.687129
124	163	2.06403
124	179	4.20272
125	6	1.00215
125	11	0.728842
125	27	0.811135
125	65	0.803904
125	69	0.737159
125	72	0.795078
125	76	0.728477
125	81	0.786619
125	91	0.769192
125	92	0.741276
125	93	0.765035
125	95	0.761234
125	110	0.774964
125	111	0.765687
125	114	0.758864
125	120	0.744374
125	128	0.762648
125	131	0.759937
125	132	0.75995
125	135	0.751685
125	136	3.82919
125	142	0.760735
125	154	4.70357
125	156	0.765299
125	158	0.766922
125	163	1.60769
125	173	5.5718
125	178	2.18985
126	41	6.33925
126	51	4.86075
126	84	0.656234
126	113	0.682462
126	115	0.732434
126	122	0.716945
126	129	0.707271
126	136	0.620443
126	143	0.646472
126	144	0.649938
126	147	0.658577
126	154	0.61536
126	155	0.671144
126	159	0.637882
126	160	0.664175
126	163	0.668148
126	164	0.651462
126	165	0.602694
126	166	0.600213
126	167	0.650471
126	169	0.63264
126	170	0.627962
126	171	0.606446
126	172	0.629203
126	175	0.618941
126	176	0.611369
126	177	0.61652
126	179	0.626335
127	35	0.791342
127	42	0.797863
127	56	0.775462
127	58	0.778689
127	60	0.832225
127	71	0.734509
127	75	0.741778
127	86	0.7349
127	98	0.768619
127	99	0.764144
127	100	0.825935
127	102	2.08934
127	105	0.814447
127	107	0.739087
127	119	1.22712
127	121	0.748004
127	122	1.29735
127	123	0.791432
127	133	0.758744
127	137	0.789526
127	141	0.763216
127	144	4.73269
127	156	1.7795
127	158	0.771902
127	165	0.68766
127	167	3.73989
127	178	0.717518
127	180	0.670623
128	11	0.719232
128	27	0.801526
128	34	1.18656
128	59	0.804495
128	65	0.794294
128	69	0.72755
128	72	0.785469
128	76	0.718867
128	81	0.777009
128	91	0.759583
128	92	0.731667
128	95	0.751625
128	102	1.56263
128	110	0.765355
128	111	0.756078
128	113	0.752838
128	114	0.749255
128	119	0.700407
128	120	0.734764
128	125	0.762648
128	130	1.45528
128	131	0.750327
128	132	0.750341
128	135	0.742075
128	140	2.91127
128	142	0.751126
128	156	0.75569
128	158	0.757312
128	166	7.53319
129	11	3.72509
129	17	2.66162
129	22	1.74998
129	79	1.89951
129	96	0.688154
129	105	1.5638
129	109	0.755761
129	116	0.760763
129	126	0.707271
129	148	0.729853
129	150	0.77436
129	151	0.760762
129	153	0.752016
129	154	0.710344
129	157	0.680355
129	159	0.732866
129	160	0.759159
129	165	0.697678
129	166	0.695197
129	167	0.745455
129	168	0.704466
129	169	0.727624
129	171	0.70143
129	172	0.724187
129	174	0.72326
129	175	0.713925
129	176	0.706353
129	178	0.727536
129	179	0.721319
130	42	1.58958
130	49	2.54806
130	50	3.32563
130	115	0.821475
130	118	0.73284
130	128	1.45528
130	134	1.02452
130	138	0.767225
130	140	0.76875
130	143	0.735514
130	145	0.763264
130	151	0.75482
130	153	0.746074
130	154	0.704402
130	155	0.760185
130	159	0.726924
130	160	0.753216
130	166	0.689254
130	167	0.739513
130	168	0.698523
130	171	0.695488
130	172	0.718245
130	173	0.695649
130	174	0.717317
130	176	0.700411
130	178	0.721594
130	179	0.715376
130	180	0.674699
131	11	0.716521
131	59	0.801784
131	65	0.791583
131	69	0.724839
131	72	0.782757
131	76	0.716156
131	81	0.774298
131	90	0.705956
131	91	0.756871
131	92	0.728955
131	93	0.752714
131	95	0.748914
131	110	0.762644
131	111	0.753367
131	113	0.750126
131	114	0.746544
131	120	0.732053
131	125	0.759937
131	128	0.750327
131	132	0.74763
131	135	0.739364
131	142	0.748415
131	144	2.34233
131	149	1.90668
131	155	1.44106
131	156	0.752979
131	157	9.81125
131	158	0.754601
131	172	2.86291
131	179	1.79682
132	11	0.716534
132	53	1.54229
132	59	0.801797
132	65	0.791596
132	69	0.724852
132	72	0.782771
132	76	0.716169
132	81	0.774312
132	90	0.705969
132	91	0.756885
132	92	0.728969
132	93	0.752727
132	95	0.748927
132	101	2.59673
132	103	1.17918
132	110	0.762657
132	111	0.75338
132	113	0.75014
132	114	0.746557
132	119	1.69055
132	120	0.732066
132	125	0.75995
132	128	0.750341
132	131	0.74763
132	135	0.739378
132	142	0.748428
132	150	3.22845
132	156	0.752992
132	158	0.754614
132	159	4.14984
133	35	0.767866
133	42	0.774387
133	43	0.767371
133	58	0.755213
133	60	0.808749
133	75	0.718303
133	77	0.700248
133	86	0.711425
133	89	0.76008
133	94	0.75171
133	98	0.745143
133	99	0.740669
133	100	0.80246
133	105	0.790971
133	107	0.715612
133	117	0.742105
133	123	0.767957
133	127	0.758744
133	137	0.76605
133	139	0.758968
133	141	0.739741
133	150	1.47059
133	152	2.85552
133	158	0.748427
133	165	0.664184
133	167	2.44545
133	170	3.87668
133	171	5.65525
133	174	3.64769
133	178	0.694043
133	180	0.647147
134	5	0.74608
134	8	0.725479
134	12	0.725705
134	14	0.725826
134	23	0.708693
134	29	0.79245
134	31	0.792386
134	36	0.78566
134	45	0.76852
134	47	0.768433
134	50	0.764686
134	59	0.808594
134	66	0.740437
134	68	0.74043
134	70	0.740402
134	78	0.786512
134	79	0.780233
134	80	0.725545
134	87	0.768293
134	130	1.02452
134	138	1.42586
134	139	0.771952
134	146	0.706016
134	148	3.27418
134	152	0.695935
134	160	1.67618
134	163	0.742623
134	177	0.690994
134	178	2.8289
134	180	8.30149
135	11	0.708269
135	27	0.790562
135	59	0.793532
135	65	0.783331
135	69	0.716587
135	72	0.774505
135	76	0.707904
135	81	0.766046
135	90	0.697704
135	91	0.748619
135	92	0.720703
135	93	0.744462
135	95	0.740662
135	110	0.754392
135	111	0.745115
135	112	0.248866
135	113	0.741875
135	114	0.738292
135	120	0.723801
135	125	0.751685
135	128	0.742075
135	131	0.739364
135	132	0.739378
135	142	0.740163
135	149	4.07908
135	150	2.54706
135	156	0.744727
135	158	0.746349
135	160	2.41569
135	161	2.51382
135	165	7.11214
136	7	0.632452
136	37	3.12956
136	39	0.690123
136	83	0.754397
136	90	0.646447
136	97	0.720708
136	106	0.716429
136	112	0.74409
136	113	0.690617
136	122	0.7251
136	124	5.44126
136	125	3.82919
136	126	0.620443
136	138	0.686339
136	145	0.682377
136	147	0.666733
136	148	0.643024
136	149	0.664681
136	155	0.679299
136	159	0.646037
136	162	0.645931
136	164	0.659617
136	166	0.608368
136	167	0.658626
136	169	0.640795
136	170	0.636117
136	171	0.614601
136	172	0.637359
136	173	0.614762
136	174	0.636431
136	178	0.640708
137	6	0.334465
137	42	0.805169
137	56	0.782769
137	58	0.785995
137	60	0.839531
137	71	0.741816
137	75	0.749085
137	77	0.73103
137	83	0.27376
137	86	0.742207
137	89	0.790862
137	94	0.782492
137	98	0.775925
137	99	0.771451
137	100	0.833242
137	107	0.746394
137	116	2.43178
137	117	0.772887
137	121	0.75531
137	123	0.798739
137	127	0.789526
137	133	0.76605
137	138	2.39048
137	139	0.78975
137	141	0.770523
137	156	1.78665
137	158	0.779209
137	165	0.694966
137	170	5.17827
137	177	5.34984
137	178	0.724825
137	180	0.677929
138	44	0.718201
138	49	2.9494
138	55	0.784153
138	58	3.43278
138	64	0.768901
138	82	0.680307
138	96	0.659066
138	115	0.79833
138	118	0.709695
138	130	0.767225
138	134	1.42586
138	136	0.686339
138	137	2.39048
138	144	0.715835
138	149	0.722422
138	151	0.731675
138	152	0.687356
138	157	0.651268
138	158	1.80925
138	159	0.703778
138	162	0.703672
138	163	0.734044
138	164	0.717358
138	166	0.666109
138	167	0.716368
138	169	0.698536
138	170	0.693858
138	171	0.672342
138	174	0.694172
138	176	0.677266
138	178	0.698449
138	179	0.692231
138	180	0.651553
139	8	0.736195
139	12	0.736421
139	14	0.736542
139	23	0.719408
139	27	0.81634
139	29	0.803166
139	31	0.803102
139	35	0.791566
139	42	0.798087
139	45	0.779236
139	47	0.779149
139	58	0.778913
139	59	0.81931
139	75	0.742003
139	89	0.78378
139	98	0.768843
139	105	0.814671
139	106	0.600263
139	117	0.765805
