1	18	1.08989
1	45	0.731154
1	114	1.25128
1	118	1.19266
1	123	1.20999
1	153	1.20571
1	155	0.756527
1	159	1.22593
1	161	0.696695
1	170	1.22454
1	177	0.715379
1	178	0.706738
2	39	1.26608
2	57	1.17073
2	63	1.21592
2	95	1.1972
2	97	1.19711
2	110	1.14648
2	115	0.758794
2	116	0.726081
2	164	1.20646
2	175	0.698283
2	178	0.698905
2	179	0.724499
3	32	0.689797
3	102	1.23969
3	131	1.19559
3	139	1.1538
3	143	1.20868
3	144	1.19827
3	148	1.20787
3	158	0.747984
3	160	0.708519
3	168	0.745671
3	172	1.1961
3	178	0.714595
4	61	0.689368
4	115	0.755602
4	118	1.16669
4	131	1.19744
4	140	1.2312
4	144	1.20011
4	153	1.17974
4	156	0.708314
4	158	0.729102
4	163	1.21452
4	170	0.724286
4	175	1.2103
5	24	1.19493
5	25	0.642279
5	33	1.109
5	41	1.19371
5	53	1.32503
5	65	1.12745
5	114	1.23831
5	146	0.76872
5	165	0.734269
5	169	0.726804
5	170	1.21158
5	180	0.734525
6	24	1.18036
6	41	1.17914
6	53	1.31046
6	65	1.11288
6	114	1.22374
6	124	0.733689
6	137	0.704214
6	158	1.1964
6	170	1.19701
6	173	0.709235
6	174	0.743597
6	175	0.71577
7	28	1.16192
7	34	1.08947
7	51	1.02486
7	77	1.05055
7	115	0.989768
7	149	1.03811
7	156	0.907843
7	157	1.01654
7	164	0.887041
7	165	1.02879
7	166	0.915058
7	178	0.895243
8	92	1.22397
8	122	0.728513
8	135	0.675246
8	141	0.745498
8	147	0.738502
8	150	1.17641
8	152	1.19981
8	154	1.1709
8	159	1.20686
8	172	1.20485
8	175	1.21721
8	180	0.718729
9	20	1.19377
9	40	1.17795
9	45	1.18534
9	77	1.21096
9	107	0.732499
9	125	1.24426
9	147	0.723631
9	149	1.19852
9	165	1.1892
9	171	0.718554
9	177	0.707451
9	179	0.724404
10	89	1.26351
10	124	0.728399
10	149	1.21961
10	150	1.1679
10	152	1.19129
10	154	1.16238
10	159	1.19835
10	161	0.701058
10	168	0.742177
10	170	1.19696
10	171	0.730845
10	173	0.703945
11	43	1.18085
11	48	1.20419
11	70	1.30138
11	73	1.17693
11	80	1.18428
11	88	1.15169
11	128	0.745913
11	146	0.73274
11	152	0.707624
11	172	1.20069
11	179	0.71909
11	180	0.698545
12	26	0.629642
12	84	0.638307
12	139	0.636552
12	140	0.548692
12	143	0.566171
12	155	1.38225
12	171	1.40079
12	172	0.572694
12	174	1.40688
12	177	1.40223
12	179	1.40192
12	180	1.40593
13	32	0.685968
13	41	0.719986
13	118	1.17013
13	123	1.18746
13	132	1.20468
13	144	1.20355
13	145	1.23304
13	147	0.735587
13	153	1.18318
13	156	0.723366
13	163	1.21796
13	170	0.739339
14	45	0.734899
14	62	1.20182
14	70	1.27451
14	71	1.26363
14	75	1.204
14	80	1.1574
14	85	0.772699
14	88	1.12482
14	127	0.682682
14	160	0.704408
14	172	1.17382
14	175	0.709862
15	30	1.27694
15	38	1.14014
15	55	1.1677
15	63	1.22823
15	97	1.20942
15	110	1.1588
15	134	0.736512
15	151	0.730917
15	161	0.708915
15	164	1.21878
15	167	0.711835
15	175	0.718337
16	64	1.25185
16	126	0.732004
16	136	1.18891
16	138	1.17664
16	150	1.18357
16	152	1.20696
16	154	1.17806
16	159	1.21402
16	167	0.709343
16	169	0.713793
16	173	0.709309
16	179	0.74206
17	86	1.10114
17	103	1.08408
17	108	1.03843
17	109	1.00466
17	120	1.04893
17	141	0.92127
17	161	0.87941
17	163	1.04533
17	164	1.03472
17	165	1.04271
17	178	0.889453
17	179	0.915047
18	1	1.08989
18	21	1.09589
18	53	1.13723
18	69	0.907564
18	81	0.895596
18	114	1.05051
18	119	0.902508
18	127	1.07195
18	158	1.02317
18	167	0.890128
18	170	1.02378
18	171	0.916996
19	66	0.714529
19	71	0.676476
19	104	0.738895
19	132	0.732537
19	159	0.731299
19	161	1.22077
19	168	1.19447
19	176	1.19365
19	177	1.19251
19	178	1.21018
19	179	1.19221
19	180	1.19622
20	9	1.19377
20	34	1.25034
20	40	1.17841
20	77	1.21142
20	149	1.19898
20	157	1.17741
20	161	0.705808
20	162	0.734628
20	165	1.18966
20	167	0.708728
20	178	0.715851
20	179	0.741445
21	18	1.09589
21	33	1.12797
21	53	1.34401
21	69	1.11434
21	114	1.25729
21	134	0.727786
21	151	0.722191
21	158	1.22995
21	166	0.730048
21	169	0.70756
21	170	1.23055
21	177	0.718873
22	34	1.19666
22	40	1.12473
22	45	1.13213
22	51	1.13206
22	77	1.15774
22	115	1.09696
22	127	0.740876
22	155	0.818466
22	156	0.781278
22	157	1.12373
22	165	1.13598
22	170	0.79725
22	178	0.768677
23	30	1.20695
23	37	1.09795
23	38	1.07015
23	39	1.2084
23	95	1.13953
23	97	1.13944
23	110	1.08881
23	124	0.79151
23	127	0.74641
23	141	0.806029
23	159	0.777117
23	164	1.14879
23	177	0.782852
24	5	1.19493
24	6	1.18036
24	65	1.05766
24	69	1.02558
24	114	1.16853
24	127	1.18996
24	128	0.811036
24	142	0.774701
24	147	0.78344
24	158	1.14119
24	170	1.14179
24	173	0.751463
24	174	0.785825
25	5	0.642279
25	54	0.607774
25	76	0.732529
25	88	0.705023
25	112	0.598315
25	125	0.607508
25	141	1.28051
25	167	1.32478
25	168	1.29629
25	177	1.29434
25	178	1.312
25	179	1.29404
25	180	1.29804
26	12	0.629642
26	66	1.14988
26	103	1.17417
26	107	0.826586
26	108	1.12852
26	113	1.10354
26	120	1.13902
26	122	0.807729
26	134	1.12733
26	149	1.14212
26	163	1.13542
26	174	0.820102
26	176	0.821274
27	48	1.11094
27	54	1.19864
27	62	1.13545
27	70	1.20813
27	71	1.19726
27	73	1.08368
27	88	1.05845
27	127	0.754807
27	137	0.770431
27	172	1.10745
27	176	0.810986
27	178	0.782608
27	180	0.787657
28	7	1.16192
28	41	1.28702
28	44	0.655811
28	60	0.715147
28	77	1.33997
28	114	1.33162
28	142	0.635484
28	145	1.33591
28	148	1.31603
28	149	1.32753
28	156	0.632004
28	179	0.644997
28	180	0.624451
29	52	1.21697
29	64	0.689961
29	132	1.22303
29	133	0.717055
29	140	1.25299
29	143	1.23232
29	144	1.22191
29	148	1.23151
29	153	1.20154
29	155	0.728217
29	161	0.668385
29	166	0.698244
29	172	1.21974
29	179	0.704022
30	15	1.27694
30	23	1.20695
30	35	1.30012
30	55	1.17618
30	81	0.680286
30	83	1.23151
30	95	1.218
30	110	1.16728
30	116	0.709118
30	121	0.704707
30	141	0.713759
30	157	1.22301
30	168	0.713017
30	180	0.68699
31	111	1.1127
31	118	1.06026
31	123	1.07759
31	124	0.850166
31	132	1.0948
31	139	1.04921
31	140	1.12476
31	143	1.10409
31	148	1.10328
31	153	1.07331
31	160	0.826792
31	169	0.830195
31	170	0.861441
31	180	0.837916
32	3	0.689797
32	13	0.685968
32	93	0.696562
32	101	0.683418
32	126	1.21747
32	153	0.727778
32	155	1.19936
32	167	1.24977
32	172	0.711151
32	173	1.25152
32	176	1.22047
32	177	1.21934
32	179	1.21903
32	180	1.22304
33	5	1.109
33	21	1.12797
33	53	1.16931
33	65	0.97173
33	114	1.08259
33	125	1.12424
33	126	0.844971
33	127	1.10403
33	141	0.86125
33	158	1.05526
33	160	0.823357
33	162	0.84821
33	170	1.05586
33	175	0.828811
34	7	1.08947
34	20	1.25034
34	22	1.19666
34	36	1.2749
34	51	1.24183
34	77	1.26752
34	106	0.693474
34	146	0.717639
34	157	1.23351
34	165	1.24576
34	168	0.709471
34	174	0.705602
34	175	0.677775
34	179	0.70399
35	30	1.30012
35	38	1.16332
35	55	1.19088
35	58	0.65895
35	63	1.25142
35	90	0.775965
35	97	1.23261
35	110	1.18198
35	157	1.23771
35	164	1.24196
35	166	0.702943
35	167	0.676004
35	175	0.682506
35	176	0.711505
36	34	1.2749
36	58	0.678561
36	62	1.22827
36	106	0.717817
36	112	1.25782
36	118	1.16902
36	134	0.720292
36	135	0.664304
36	145	1.23193
36	149	1.22355
36	165	1.21423
36	170	0.731312
36	172	1.20027
36	173	0.695582
37	23	1.09795
37	38	1.03962
37	55	1.06718
37	57	1.08253
37	79	0.839892
37	83	1.12251
37	95	1.109
37	97	1.10891
37	110	1.05828
37	135	0.79749
37	143	0.841521
37	157	1.11401
37	158	0.869313
37	171	0.855669
38	15	1.14014
38	23	1.07015
38	35	1.16332
38	37	1.03962
38	95	1.0812
38	97	1.08111
38	104	1.10351
38	110	1.03048
38	162	0.85591
38	164	1.09046
38	165	0.841926
38	167	0.83001
38	175	0.836512
38	180	0.842182
39	2	1.26608
39	23	1.2084
39	58	0.666762
39	63	1.23817
39	83	1.23296
39	95	1.21945
39	104	1.24176
39	110	1.16873
39	146	0.730182
39	157	1.22446
39	158	0.724328
39	160	0.684863
39	166	0.710754
39	178	0.690939
40	9	1.17795
40	20	1.17841
40	22	1.12473
40	51	1.16991
40	77	1.19559
40	115	1.13482
40	121	0.76415
40	149	1.18316
40	157	1.16159
40	162	0.760161
40	163	0.737621
40	165	1.17384
40	166	0.7612
40	175	0.740763
40	178	0.741385
41	5	1.19371
41	6	1.17914
41	13	0.719986
41	28	1.28702
41	69	1.02436
41	104	1.15896
41	114	1.16731
41	115	0.792938
41	125	1.20896
41	128	0.785466
41	142	0.749131
41	158	1.13997
41	167	0.725926
41	170	1.14057
41	178	0.733049
42	72	0.764341
42	81	0.737022
42	98	0.767864
42	112	1.21737
42	132	1.16312
42	134	0.756231
42	139	1.11752
42	140	1.19308
42	144	1.16199
42	148	1.17159
42	149	0.738855
42	153	1.14162
42	157	1.16153
42	175	1.17218
42	178	0.738678
43	11	1.18085
43	54	1.22852
43	62	1.16533
43	70	1.23802
43	71	1.22714
43	73	1.11356
43	80	1.12091
43	88	1.08833
43	134	0.75374
43	164	0.727985
43	170	0.76476
43	172	1.13733
43	174	0.763392
43	178	0.736187
43	179	0.761781
44	28	0.655811
44	78	0.725074
44	100	0.741795
44	117	0.770757
44	124	1.16145
44	139	0.836215
44	155	1.14163
44	156	1.17099
44	157	0.764242
44	160	1.1902
44	168	1.16357
44	174	1.16626
44	178	1.17928
44	179	1.16131
44	180	1.16532
45	1	0.731154
45	9	1.18534
45	14	0.734899
45	22	1.13213
45	83	0.760017
45	101	0.732631
45	109	1.14319
45	113	1.15197
45	120	1.18745
45	148	0.748993
45	150	0.786972
45	165	1.18123
45	167	1.19206
45	179	1.16132
45	180	1.16532
46	49	0.760955
46	115	1.1563
46	129	0.784061
46	135	0.69444
46	136	1.15827
46	138	1.146
46	146	0.772118
46	150	1.15293
46	152	1.17633
46	154	1.14742
46	158	1.1814
46	159	1.18339
46	163	1.19795
46	179	0.758469
46	180	0.737923
47	79	0.749039
47	100	1.22135
47	115	1.14655
47	117	1.17858
47	136	1.14852
47	147	0.769893
47	150	1.14318
47	152	1.16657
47	154	1.13767
47	159	1.17363
47	161	0.735028
47	173	0.737915
47	175	1.18397
47	178	0.745072
47	179	0.770666
48	11	1.20419
48	27	1.11094
48	54	1.25186
48	62	1.18867
48	73	1.1369
48	75	1.19085
48	80	1.14425
48	88	1.11167
48	130	0.742955
48	149	0.743389
48	172	1.16067
48	173	0.736055
48	175	0.74259
48	176	0.771588
48	179	0.768805
49	46	0.760955
49	52	0.758877
49	103	0.729721
49	104	0.762411
49	112	0.713593
49	131	0.767872
49	147	1.15861
49	169	1.1852
49	171	1.15617
49	173	1.18979
49	176	1.15874
49	177	1.15761
49	178	1.17527
49	179	1.1573
49	180	1.16131
50	90	0.825842
50	98	1.15841
50	135	0.69457
50	136	1.15197
50	142	0.749086
50	150	1.14663
50	151	0.744963
50	152	1.17003
50	154	1.14112
50	159	1.17708
50	162	0.751781
50	163	1.19164
50	170	1.1757
50	175	1.18742
50	177	0.741645
51	7	1.02486
51	22	1.13206
51	34	1.24183
51	40	1.16991
51	77	1.20292
51	115	1.14214
51	125	1.23622
51	129	0.785775
51	146	0.773831
51	147	0.759409
51	157	1.16891
51	165	1.18116
51	167	0.727465
51	173	0.727431
51	175	0.733966
52	29	1.21697
52	49	0.758877
52	72	0.75646
52	91	1.18242
52	130	0.73054
52	131	1.1539
52	132	1.1577
52	139	1.11211
52	140	1.18766
52	143	1.16698
52	145	1.18606
52	153	1.1362
52	168	0.761872
52	176	0.759174
52	177	0.739437
53	5	1.32503
53	6	1.31046
53	18	1.13723
53	21	1.34401
53	33	1.16931
53	65	1.18776
53	69	1.15568
53	114	1.29863
53	122	0.688927
53	137	0.661918
53	141	0.705912
53	162	0.692872
53	164	0.665893
53	166	0.69391
53	170	1.27189
53	179	0.699689
54	25	0.607774
54	27	1.19864
54	43	1.22852
54	48	1.25186
54	71	1.33817
54	73	1.2246
54	75	1.27855
54	80	1.23195
54	88	1.19936
54	130	0.694715
54	161	0.684928
54	164	0.68677
54	167	0.687848
54	170	0.723545
54	172	1.24836
54	174	0.722177
55	15	1.1677
55	30	1.17618
55	35	1.19088
55	37	1.06718
55	57	1.08229
55	83	1.12227
55	95	1.10876
55	97	1.10867
55	110	1.05804
55	129	0.828654
55	158	0.810856
55	164	1.11802
55	170	0.80604
55	175	0.776846
55	179	0.803061
55	180	0.782515
56	98	0.820601
56	100	0.772972
56	109	0.824791
56	111	0.785868
56	143	0.797011
56	146	1.11643
56	149	0.791592
56	161	1.13912
56	171	1.10942
56	173	1.14304
56	174	1.11551
56	176	1.11199
56	177	1.11086
56	178	1.12852
56	179	1.11055
56	180	1.11456
57	2	1.17073
57	37	1.08253
57	55	1.08229
57	63	1.14282
57	83	1.13762
57	95	1.12411
57	97	1.12402
57	110	1.07339
57	115	0.854682
57	127	0.766992
57	157	1.12911
57	160	0.788717
57	164	1.13337
57	175	0.794172
57	177	0.803434
57	180	0.799842
58	35	0.65895
58	36	0.678561
58	39	0.666762
58	103	0.677463
58	104	0.710154
58	149	0.699829
58	157	0.703657
58	160	1.26379
58	164	1.24683
58	166	1.23677
58	173	1.26739
58	174	1.23986
58	176	1.23634
58	177	1.23521
58	179	1.2349
58	180	1.23891
59	104	0.788358
59	109	0.811232
59	120	0.774558
59	139	0.853833
59	147	1.11133
59	151	1.1256
59	160	1.13891
59	163	0.774092
59	165	1.12994
59	166	1.11189
59	169	1.13792
59	171	1.10889
59	172	0.789975
59	176	1.11146
59	179	1.11002
59	180	1.11403
60	28	0.715147
60	92	0.807621
60	93	0.817105
60	117	0.830093
60	140	0.807691
60	151	1.1265
60	162	1.11886
60	163	0.81581
60	168	1.11318
60	169	1.13882
60	171	1.10979
60	173	1.14341
60	176	1.11236
60	177	1.11123
60	179	1.11092
60	180	1.11493
61	4	0.689368
61	65	0.843295
61	86	0.681881
61	94	0.661975
61	136	0.75899
61	145	0.690693
61	154	0.765997
61	161	1.2069
61	167	1.20908
61	168	1.18059
61	171	1.17721
61	173	1.21082
61	176	1.17977
61	177	1.17864
61	178	1.1963
61	179	1.17834
61	180	1.18235
62	14	1.20182
62	27	1.13545
62	36	1.22827
62	43	1.16533
62	48	1.18867
62	71	1.27499
62	75	1.21536
62	80	1.16876
62	88	1.13617
62	133	0.750803
62	158	0.745566
62	164	0.703975
62	170	0.74075
62	172	1.18517
62	174	0.739383
62	175	0.711555
62	180	0.717225
63	2	1.21592
63	15	1.22823
63	35	1.25142
63	39	1.23817
63	57	1.14282
63	79	0.713757
63	83	1.18281
63	97	1.1692
63	110	1.11858
63	133	0.748416
63	142	0.725871
63	157	1.1743
63	164	1.17856
63	170	0.738363
63	175	0.709168
63	176	0.738167
63	179	0.735383
64	16	1.25185
64	29	0.689961
64	79	0.73933
64	82	1.20053
64	99	1.18537
64	117	1.20399
64	130	0.735106
64	136	1.17392
64	138	1.16165
64	150	1.16858
64	152	1.19198
64	154	1.16307
64	157	0.739367
64	159	1.19904
64	167	0.728239
64	169	0.73269
64	180	0.740411
65	5	1.12745
65	6	1.11288
65	24	1.05766
65	33	0.97173
65	53	1.18776
65	61	0.843295
65	69	0.958092
65	104	1.09269
65	114	1.10104
65	125	1.14269
65	158	1.0737
65	161	0.839596
65	164	0.841438
65	165	0.854432
65	166	0.869455
65	170	1.07431
65	177	0.85828
66	19	0.714529
66	26	1.14988
66	67	1.10637
66	68	0.750815
66	86	1.26059
66	103	1.24354
66	108	1.19788
66	109	1.16412
66	113	1.1729
66	120	1.20839
66	133	0.748592
66	142	0.726047
66	161	0.699922
66	164	1.19417
66	165	1.20217
66	171	0.729709
66	176	0.738342
67	66	1.10637
67	68	0.877093
67	76	1.01005
67	103	1.13066
67	108	1.08501
67	109	1.05125
67	113	1.06003
67	120	1.09551
67	130	0.835986
67	149	1.09861
67	163	1.09191
67	164	1.0813
67	165	1.08929
67	171	0.855987
67	175	0.835622
67	179	0.861837
67	180	0.841292
68	66	0.750815
68	67	0.877093
68	70	0.705803
68	83	0.776451
68	97	0.796285
68	114	0.751104
68	125	0.735555
68	140	1.17863
68	143	1.15795
68	148	1.15715
68	152	1.14033
68	153	1.12717
68	154	1.11143
68	159	1.14739
68	177	1.13972
68	178	1.15738
68	179	1.13942
68	180	1.14342
69	18	0.907564
69	21	1.11434
69	24	1.02558
69	41	1.02436
69	53	1.15568
69	65	0.958092
69	104	1.0606
69	114	1.06896
69	124	0.923192
69	125	1.1106
69	127	1.09039
69	135	0.86746
69	158	1.04162
69	164	0.897693
69	169	0.903221
69	170	1.04222
69	175	0.905273
69	180	0.910943
70	11	1.30138
70	14	1.27451
70	27	1.20813
70	43	1.23802
70	68	0.705803
70	71	1.34767
70	73	1.23409
70	75	1.28804
70	80	1.24144
70	88	1.20886
70	121	0.687718
70	124	0.68225
70	137	0.652776
70	170	0.693526
70	172	1.25786
70	173	0.657796
70	175	0.664331
70	178	0.664953
71	14	1.26363
71	19	0.676476
71	27	1.19726
71	43	1.22714
71	54	1.33817
71	62	1.27499
71	70	1.34767
71	75	1.27717
71	79	1.24543
71	80	1.23057
71	88	1.19798
71	130	0.671655
71	147	0.696733
71	149	0.672089
71	165	0.676704
71	167	0.664788
71	175	0.67129
71	180	0.67696
72	42	0.764341
72	52	0.75646
72	84	0.827225
72	96	0.771439
72	109	0.782869
72	114	0.735918
72	122	1.15799
72	143	0.755089
72	160	1.16031
72	162	1.13936
72	168	1.13367
72	169	1.15931
72	173	1.1639
72	174	1.13637
72	176	1.13285
72	178	1.14938
72	179	1.13142
72	180	1.13543
73	11	1.17693
73	27	1.08368
73	43	1.11356
73	48	1.1369
73	54	1.2246
73	70	1.23409
73	75	1.16359
73	79	1.13185
73	80	1.11699
73	88	1.0844
73	156	0.778664
73	165	0.770856
73	168	0.797139
73	169	0.763391
73	172	1.13341
73	173	0.758907
73	175	0.765442
73	177	0.774704
74	87	1.27414
74	92	1.22652
74	99	1.19575
74	121	0.721306
74	136	1.1843
74	138	1.17203
74	146	0.737784
74	149	1.23067
74	152	1.20235
74	154	1.17345
74	158	1.20742
74	159	1.20941
74	160	0.692465
74	163	1.22397
74	165	0.703333
74	174	0.725747
74	177	0.707182
74	178	0.698541
74	179	0.724135
75	14	1.204
75	48	1.19085
75	54	1.27855
75	62	1.21536
75	70	1.28804
75	71	1.27717
75	73	1.16359
75	79	1.1858
75	80	1.17094
75	88	1.13835
75	107	0.730405
75	122	0.711547
75	141	0.728533
75	147	0.721537
75	172	1.18735
75	174	0.723921
75	175	0.696094
75	178	0.696715
75	180	0.701764
76	25	0.732529
76	67	1.01005
76	86	1.16427
76	103	1.14722
76	108	1.10156
76	109	1.0678
76	113	1.07658
76	120	1.11207
76	125	1.1609
76	127	1.14069
76	135	0.781292
76	149	1.11516
76	151	0.831685
76	164	1.09785
76	165	1.10585
76	170	0.8483
76	174	0.846932
76	175	0.819105
76	176	0.848104
77	7	1.05055
77	9	1.21096
77	20	1.21142
77	22	1.15774
77	28	1.33997
77	34	1.26752
77	40	1.19559
77	51	1.20292
77	119	0.704103
77	125	1.2619
77	147	0.723668
77	155	0.748635
77	157	1.19459
77	158	0.732235
77	161	0.688803
77	165	1.20684
77	169	0.696174
77	171	0.718591
77	175	0.698225
78	44	0.725074
78	82	1.22069
78	92	1.2363
78	98	1.20052
78	128	0.741083
78	136	1.19408
78	137	0.676489
78	138	1.18181
78	146	0.727909
78	150	1.18874
78	152	1.21214
78	154	1.18323
78	159	1.21919
78	163	1.23376
78	168	0.719741
78	174	0.715872
78	175	1.22954
78	178	0.688666
78	179	0.71426
79	37	0.839892
79	47	0.749039
79	63	0.713757
79	64	0.73933
79	71	1.24543
79	73	1.13185
79	75	1.1858
79	98	0.756983
79	112	1.21317
79	125	0.698673
79	139	1.11332
79	140	1.18887
79	150	0.766524
79	153	1.13741
79	159	0.730702
79	162	1.1576
79	172	1.15561
79	178	1.16762
79	179	1.14966
79	180	1.15367
80	11	1.18428
80	14	1.1574
80	43	1.12091
80	48	1.14425
80	54	1.23195
80	62	1.16876
80	70	1.24144
80	71	1.23057
80	73	1.11699
80	75	1.17094
80	88	1.09175
80	128	0.781225
80	129	0.779995
80	151	0.740767
80	158	0.762197
80	164	0.720606
80	172	1.14076
80	177	0.737449
80	179	0.754402
80	180	0.733856
81	18	0.895596
81	30	0.680286
81	42	0.737022
81	91	0.721347
81	119	1.18642
81	138	0.769447
81	140	0.710291
81	141	1.14643
81	150	0.760901
81	155	1.14028
81	161	1.18852
81	163	0.71841
81	166	1.16182
81	167	1.1907
81	171	1.15882
81	174	1.16491
81	177	1.16026
81	178	1.17792
81	179	1.15996
81	180	1.16396
82	64	1.20053
82	78	1.22069
82	87	1.22743
82	98	1.14403
82	99	1.14904
82	105	1.17569
82	117	1.16765
82	122	0.74059
82	128	0.778175
82	133	0.764385
82	136	1.13759
82	150	1.13225
82	152	1.15565
82	154	1.12674
82	155	0.775547
82	159	1.1627
82	162	0.744535
82	173	0.718602
82	176	0.754136
82	177	0.734399
83	30	1.23151
83	37	1.12251
83	39	1.23296
83	45	0.760017
83	55	1.12227
83	57	1.13762
83	63	1.18281
83	68	0.776451
83	95	1.16409
83	97	1.164
83	104	1.1864
83	110	1.11337
83	119	0.740857
83	122	0.750433
83	157	1.1691
83	161	0.725558
83	164	1.17335
83	166	0.755416
83	170	0.764174
83	175	0.734979
84	12	0.638307
84	72	0.827225
84	93	1.14246
84	96	1.10052
84	102	1.16472
84	111	1.14232
84	139	1.07883
84	140	1.15438
84	143	1.1337
84	144	1.1233
84	145	1.15278
84	147	0.826383
84	148	1.1329
84	153	1.10292
84	161	0.791519
84	163	1.1377
84	164	0.79336
84	173	0.794405
84	175	1.13348
84	176	0.829939
84	180	0.80661
85	14	0.772699
85	92	1.15027
85	99	1.11951
85	100	1.18089
85	105	1.14616
85	117	1.13812
85	122	0.800876
85	130	0.785788
85	132	0.790188
85	138	1.09579
85	147	0.810866
85	150	1.10272
85	152	1.12611
85	154	1.09721
85	158	1.13118
85	159	1.13317
85	161	0.776001
85	163	1.14773
85	172	1.13115
85	173	0.778888
85	180	0.791093
86	17	1.10114
86	61	0.681881
86	66	1.26059
86	76	1.16427
86	103	1.28488
86	104	1.24857
86	108	1.23923
86	109	1.20547
86	113	1.21425
86	116	0.715403
86	120	1.24973
86	142	0.704308
86	149	1.25283
86	158	0.721615
86	160	0.68215
86	164	1.23552
86	165	1.24351
86	169	0.685553
86	174	0.715432
86	175	0.687604
86	176	0.716603
87	74	1.27414
87	82	1.22743
87	89	1.29109
87	92	1.24304
87	99	1.21227
87	121	0.702801
87	133	0.718662
87	134	1.2324
87	136	1.20082
87	138	1.18855
87	150	1.19548
87	152	1.21888
87	154	1.18997
87	155	0.729824
87	156	0.692637
87	159	1.22593
87	160	0.67396
87	168	0.711111
87	169	0.677363
87	171	0.69978
87	179	0.70563
88	11	1.15169
88	14	1.12482
88	25	0.705023
88	27	1.05845
88	43	1.08833
88	48	1.11167
88	54	1.19936
88	62	1.13617
88	70	1.20886
88	71	1.19798
88	73	1.0844
88	75	1.13835
88	80	1.09175
88	137	0.780044
88	151	0.804179
88	156	0.804821
88	157	0.796225
88	168	0.823296
88	172	1.10817
88	177	0.800861
88	178	0.792221
89	10	1.26351
89	87	1.29109
89	98	1.20769
89	107	0.714011
89	117	1.23131
89	119	0.685579
89	122	0.695154
89	129	0.731509
89	138	1.18898
89	150	1.19591
89	151	0.692281
89	152	1.21931
89	154	1.1904
89	158	1.22438
89	159	1.22637
89	166	0.700138
89	167	0.673199
89	168	0.711398
89	172	1.22435
89	175	1.23671
89	176	0.708699
90	35	0.775965
90	50	0.825842
90	96	0.838613
90	105	0.822824
90	138	0.86394
90	149	0.816844
90	151	1.10666
90	155	1.07141
90	159	0.819572
90	162	1.09903
90	167	1.12183
90	168	1.09335
90	169	1.11898
90	171	1.08996
90	172	0.828786
90	173	1.12357
90	174	1.09604
90	176	1.09253
90	177	1.09139
90	178	1.10906
90	179	1.09109
90	180	1.0951
91	52	1.18242
91	81	0.721347
91	101	1.21501
91	118	1.15394
91	123	1.17127
91	124	0.740301
91	127	0.695201
91	131	1.18468
91	132	1.18849
91	139	1.14289
91	143	1.19777
91	145	1.21685
91	148	1.19696
91	153	1.16699
91	155	0.772791
91	160	0.716927
91	162	0.74178
91	165	0.727795
91	170	0.751576
91	171	0.742747
91	172	1.18519
91	175	1.19755
92	8	1.22397
92	60	0.807621
92	74	1.22652
92	78	1.2363
92	85	1.15027
92	87	1.24304
92	99	1.16465
92	105	1.1913
92	107	0.745565
92	117	1.18326
92	122	0.726708
92	138	1.14093
92	141	0.743693
92	147	0.736697
92	150	1.14786
92	152	1.17125
92	154	1.14235
92	159	1.17831
92	165	0.716669
92	173	0.70472
92	178	0.711876
92	180	0.716925
93	32	0.696562
93	60	0.817105
93	84	1.14246
93	94	1.25298
93	111	1.1997
93	123	1.16458
93	131	1.178
93	132	1.1818
93	134	0.738914
93	135	0.682926
93	139	1.13621
93	140	1.21176
93	143	1.19109
93	144	1.18068
93	145	1.21016
93	148	1.19028
93	153	1.1603
93	165	0.726153
93	168	0.752436
93	169	0.718688
93	170	0.749933
93	180	0.726409
94	61	0.661975
94	93	1.25298
94	96	1.21104
94	101	1.26147
94	112	1.28919
94	115	0.728209
94	118	1.2004
94	119	0.673577
94	123	1.21772
94	136	0.709826
94	144	1.23382
94	145	1.2633
94	148	1.24342
94	153	1.21344
94	155	0.718108
94	157	1.23335
94	160	0.662244
94	162	0.687097
94	163	1.24822
94	168	0.699396
94	172	1.23164
94	174	0.695526
94	180	0.673368
95	2	1.1972
95	23	1.13953
95	30	1.218
95	37	1.109
95	38	1.0812
95	39	1.21945
95	55	1.10876
95	57	1.12411
95	83	1.16409
95	97	1.15049
95	104	1.17289
95	110	1.09986
95	115	0.81024
95	157	1.15558
95	160	0.744275
95	164	1.15984
95	165	0.755143
95	166	0.770166
95	167	0.743228
95	168	0.781426
95	170	0.778924
95	175	0.749729
95	176	0.778728
96	72	0.771439
96	84	1.10052
96	90	0.838613
96	94	1.21104
96	102	1.18016
96	111	1.15777
96	112	1.19412
96	131	1.13607
96	132	1.13987
96	139	1.09427
96	143	1.14915
96	145	1.16823
96	148	1.14835
96	153	1.11837
96	156	0.758377
96	161	0.735733
96	163	1.15315
96	164	0.737574
96	168	0.776851
96	171	0.76552
96	175	1.14893
96	176	0.774153
96	180	0.750824
97	2	1.19711
97	15	1.20942
97	23	1.13944
97	35	1.23261
97	37	1.10891
97	38	1.08111
97	55	1.10867
97	57	1.12402
97	63	1.1692
97	68	0.796285
97	83	1.164
97	95	1.15049
97	106	0.770513
97	110	1.09977
97	134	0.772989
97	142	0.771517
97	156	0.768036
97	157	1.15549
97	160	0.749359
97	162	0.774212
97	164	1.15975
97	169	0.752762
97	175	0.754814
98	42	0.767864
98	50	1.15841
98	56	0.820601
98	78	1.20052
98	79	0.756983
98	82	1.14403
98	89	1.20769
98	99	1.12887
98	100	1.19025
98	128	0.805433
98	136	1.11742
98	150	1.11208
98	154	1.10657
98	159	1.14253
98	161	0.742972
98	163	1.15709
98	164	0.744814
98	166	0.772831
98	169	0.750343
98	170	1.14115
98	172	1.14051
98	173	0.745859
98	175	1.15287
99	64	1.18537
99	74	1.19575
99	82	1.14904
99	85	1.11951
99	87	1.21227
99	92	1.16465
99	98	1.12887
99	100	1.19526
99	116	0.787902
99	127	0.732924
99	136	1.12243
99	138	1.11016
99	150	1.11709
99	152	1.14049
99	154	1.11158
99	159	1.14754
99	162	0.779502
99	164	0.752524
99	165	0.765517
99	166	0.780541
99	178	0.760725
99	179	0.786319
99	180	0.765774
100	44	0.741795
100	47	1.22135
100	56	0.772972
100	85	1.18089
100	98	1.19025
100	99	1.19526
100	105	1.22191
100	130	0.70513
100	137	0.69321
100	138	1.17154
100	148	0.706135
100	150	1.17847
100	152	1.20187
100	154	1.17296
100	158	1.20693
100	159	1.20892
100	160	0.699311
100	163	1.22349
100	172	1.20691
100	175	1.21926
100	176	0.733764
100	177	0.714028
100	179	0.730981
100	180	0.710435
101	32	0.683418
101	45	0.732631
101	91	1.21501
101	94	1.26147
101	112	1.24455
101	123	1.17307
101	126	0.723754
101	130	0.707959
101	132	1.19029
101	134	0.725769
101	139	1.1447
101	140	1.22025
101	143	1.19958
101	144	1.18917
101	145	1.21865
101	148	1.19877
101	153	1.16879
101	155	0.758004
101	157	1.1887
101	169	0.705543
101	170	0.736789
101	172	1.18699
101	173	0.701059
101	174	0.735421
102	3	1.23969
102	84	1.16472
102	96	1.18016
102	111	1.22196
102	116	0.729791
102	118	1.16952
102	131	1.20026
102	132	1.20406
102	139	1.15847
102	143	1.21335
102	144	1.20294
102	145	1.23242
102	147	0.727436
102	148	1.21254
102	153	1.18256
102	158	0.736004
102	163	1.21734
102	165	0.707407
102	168	0.73369
102	169	0.699942
102	170	0.731188
102	171	0.722359
102	173	0.695458
102	174	0.729821
103	17	1.08408
103	26	1.17417
103	49	0.729721
103	58	0.677463
103	66	1.24354
103	67	1.13066
103	76	1.14722
103	86	1.28488
103	108	1.22218
103	109	1.18841
103	113	1.19719
103	115	0.76153
103	119	0.706897
103	120	1.23268
103	122	0.716472
103	124	0.718938
103	133	0.740267
103	134	1.22099
103	163	1.22908
103	164	1.21846
103	165	1.22646
103	166	0.721456
103	171	0.721385
103	172	0.71376
104	19	0.738895
104	38	1.10351
104	39	1.24176
104	41	1.15896
104	49	0.762411
104	58	0.710154
104	59	0.788358
104	65	1.09269
104	69	1.0606
104	83	1.1864
104	86	1.24857
104	95	1.17289
104	110	1.12217
104	113	1.16088
104	114	1.20355
104	120	1.19637
104	124	0.751629
104	126	0.749869
104	128	0.786748
104	134	1.18467
104	162	0.753108
104	165	1.19015
104	167	0.727208
104	170	1.17682
104	180	0.739379
105	82	1.17569
105	85	1.14616
105	90	0.822824
105	92	1.1913
105	100	1.22191
105	115	1.14711
105	116	0.757163
105	117	1.17914
105	121	0.752752
105	136	1.14908
105	138	1.13681
105	150	1.14374
105	151	0.741946
105	152	1.16714
105	154	1.13823
105	159	1.17419
105	164	0.721785
105	165	0.734779
105	170	1.17281
105	171	0.749731
105	172	1.17217
105	174	0.757192
105	175	1.18453
105	177	0.738627
105	180	0.735035
106	34	0.693474
106	36	0.717817
106	97	0.770513
106	110	0.810891
106	111	0.733361
106	122	1.1845
106	132	0.743051
106	136	0.780413
106	145	0.712116
106	151	1.1735
106	154	0.78742
106	155	1.13824
106	159	0.741813
106	160	1.18681
106	162	1.16586
106	166	1.15979
106	168	1.16018
106	170	1.16451
106	173	1.19041
106	174	1.16288
106	176	1.15936
106	177	1.15823
106	178	1.17589
106	179	1.15792
106	180	1.16193
107	9	0.732499
107	26	0.826586
107	75	0.730405
107	89	0.714011
107	92	0.745565
107	114	0.743944
107	125	0.728394
107	134	1.16986
107	145	0.730727
107	152	0.771646
107	160	1.18431
107	161	1.18398
107	166	1.15728
107	167	1.18616
107	168	1.15767
107	169	1.18331
107	170	1.16201
107	171	1.15428
107	172	0.769638
107	174	1.16037
107	176	1.15685
107	177	1.15572
107	178	1.17338
107	179	1.15542
107	180	1.15942
108	17	1.03843
108	26	1.12852
108	66	1.19788
108	67	1.08501
108	76	1.10156
108	86	1.23923
108	103	1.22218
108	109	1.14276
108	113	1.15154
108	116	0.757396
108	118	0.772528
108	120	1.18702
108	121	0.752985
108	125	1.23586
108	127	1.21565
108	141	0.762036
108	142	0.746301
108	149	1.19012
108	161	0.720176
108	163	1.18343
108	165	1.1808
108	168	0.761295
108	171	0.749963
108	175	0.729598
108	176	0.758596
109	17	1.00466
109	45	1.14319
109	56	0.824791
109	59	0.811232
109	66	1.16412
109	67	1.05125
109	72	0.782869
109	76	1.0678
109	86	1.20547
109	103	1.18841
109	108	1.14276
109	113	1.11778
109	120	1.15326
109	125	1.2021
109	127	1.18189
109	134	1.14157
109	142	0.773287
109	158	0.790594
109	163	1.14966
109	164	1.13905
109	165	1.14704
109	171	0.776949
109	173	0.750049
109	175	0.756584
109	176	0.785582
109	178	0.757205
110	2	1.14648
110	15	1.1588
110	23	1.08881
110	30	1.16728
110	35	1.18198
110	37	1.05828
110	38	1.03048
110	39	1.16873
110	55	1.05804
110	57	1.07339
110	63	1.11858
110	83	1.11337
110	95	1.09986
110	97	1.09977
110	104	1.12217
110	106	0.810891
110	116	0.822989
110	128	0.848229
110	135	0.757378
110	151	0.807771
110	157	1.10486
110	158	0.829201
110	164	1.10912
110	167	0.788689
110	170	0.824386
110	179	0.821407
110	180	0.800861
111	31	1.1127
111	56	0.785868
111	84	1.14232
111	93	1.1997
111	96	1.15777
111	102	1.22196
111	106	0.733361
111	112	1.23592
111	123	1.16445
111	137	0.706106
111	139	1.13607
111	140	1.21162
111	143	1.19095
111	144	1.18054
111	145	1.21003
111	148	1.19014
111	153	1.16017
111	155	0.768071
111	156	0.730883
111	163	1.19495
111	164	0.710081
111	165	0.723075
111	171	0.738027
111	174	0.745488
111	175	1.19073
111	177	0.726923
111	179	0.743877
112	25	0.598315
112	36	1.25782
112	42	1.21737
112	49	0.713593
112	79	1.21317
112	94	1.28919
112	96	1.19412
112	101	1.24455
112	111	1.23592
112	128	0.73793
112	131	1.21422
112	139	1.17243
112	140	1.24798
112	143	1.2273
112	144	1.2169
112	148	1.2265
112	151	0.697472
112	153	1.19652
112	158	0.718902
112	162	0.70429
112	163	1.2313
112	170	0.714086
112	171	0.705257
112	172	1.21472
112	174	0.712719
112	176	0.71389
112	178	0.685513
112	179	0.711107
113	26	1.10354
113	45	1.15197
113	66	1.1729
113	67	1.06003
113	76	1.07658
113	86	1.21425
113	103	1.19719
113	104	1.16088
113	108	1.15154
113	109	1.11778
113	120	1.16204
113	125	1.21088
113	127	1.19067
113	129	0.792209
113	133	0.779649
113	134	1.15035
113	147	0.765843
113	149	1.16514
113	155	0.790811
113	158	0.774411
113	163	1.15844
113	165	1.15582
113	167	0.733899
113	168	0.772098
113	175	0.740401
113	176	0.769399
113	177	0.749663
113	180	0.746071
114	1	1.25128
114	5	1.23831
114	6	1.22374
114	18	1.05051
114	21	1.25729
114	24	1.16853
114	28	1.33162
114	33	1.08259
114	41	1.16731
114	53	1.29863
114	65	1.10104
114	68	0.751104
114	69	1.06896
114	72	0.735918
114	104	1.20355
114	107	0.743944
114	119	0.715511
114	125	1.25355
114	127	1.23334
114	130	0.709998
114	156	0.722855
114	158	1.18457
114	161	0.700211
114	166	0.73007
114	168	0.74133
114	170	1.18517
114	173	0.703098
114	176	0.738631
114	177	0.718895
115	2	0.758794
115	4	0.755602
115	7	0.989768
115	22	1.09696
115	40	1.13482
115	41	0.792938
115	46	1.1563
115	47	1.14655
115	51	1.14214
115	57	0.854682
115	94	0.728209
115	95	0.81024
115	103	0.76153
115	105	1.14711
115	139	0.859696
115	140	0.771836
115	144	0.788584
115	149	1.15538
115	152	1.12707
115	153	0.812465
115	154	1.09816
115	157	1.13382
115	159	1.13412
115	167	1.15689
115	169	1.15404
115	177	1.12645
115	178	1.14412
115	179	1.12615
115	180	1.13016
116	2	0.726081
116	30	0.709118
116	86	0.715403
116	99	0.787902
116	102	0.729791
116	105	0.757163
116	108	0.757396
116	110	0.822989
116	124	1.15801
116	126	1.15631
116	140	0.739123
116	142	1.17728
116	147	1.15917
116	148	0.751753
116	149	0.751183
116	155	1.13819
116	156	1.16755
116	161	1.18643
116	163	0.747242
116	166	1.15973
116	167	1.18861
116	169	1.18576
116	171	1.15674
116	173	1.19035
116	174	1.16282
116	176	1.1593
116	177	1.15817
116	178	1.17583
116	179	1.15787
116	180	1.16188
117	44	0.770757
117	47	1.17858
117	60	0.830093
117	64	1.20399
117	82	1.16765
117	85	1.13812
117	89	1.23131
117	92	1.18326
117	105	1.17914
117	118	0.776658
117	124	0.751647
117	126	0.749887
117	127	0.706547
117	135	0.695914
117	136	1.14104
117	138	1.12877
117	147	0.75917
117	149	1.18741
117	150	1.1357
117	152	1.1591
117	154	1.13019
117	158	1.16417
117	159	1.16616
117	164	0.726147
117	170	1.16477
117	172	1.16414
117	174	0.761554
117	175	1.1765
117	177	0.742989
117	180	0.739397
118	1	1.19266
118	4	1.16669
118	13	1.17013
118	31	1.06026
118	36	1.16902
118	91	1.15394
118	94	1.2004
118	102	1.16952
118	108	0.772528
118	117	0.776658
118	123	1.11201
118	131	1.12542
118	132	1.12922
118	134	0.783692
118	139	1.08363
118	140	1.15918
118	143	1.13851
118	144	1.1281
118	145	1.15758
118	148	1.1377
118	153	1.10773
118	162	0.784915
118	164	0.757936
118	165	0.77093
118	166	0.785953
118	168	0.797213
118	169	0.763465
118	171	0.785882
118	173	0.758981
118	175	1.13828
118	177	0.774778
119	18	0.902508
119	77	0.704103
119	81	1.18642
119	83	0.740857
119	89	0.685579
119	94	0.673577
119	103	0.706897
119	114	0.715511
119	126	1.17016
119	128	1.14995
119	140	0.717203
119	147	1.17302
119	150	0.767813
119	152	0.743214
119	154	0.777598
119	155	1.15204
119	156	1.1814
119	159	0.731991
119	160	1.20061
119	162	1.17966
119	163	0.725322
119	166	1.17359
119	167	1.20246
119	168	1.17398
119	169	1.19962
119	171	1.17059
119	173	1.2042
119	176	1.17316
119	177	1.17202
119	178	1.18969
119	179	1.17172
119	180	1.17573
120	17	1.04893
120	26	1.13902
120	45	1.18745
120	59	0.774558
120	66	1.20839
120	67	1.09551
120	76	1.11207
120	86	1.24973
120	103	1.23268
120	104	1.19637
120	108	1.18702
120	109	1.15326
120	113	1.16204
120	121	0.743297
120	125	1.24636
120	127	1.22615
120	129	0.771718
120	134	1.18584
120	142	0.736613
120	149	1.20063
120	151	0.73249
120	155	0.77032
120	160	0.714456
120	163	1.19393
120	164	1.18331
120	165	1.19131
120	167	0.713408
120	170	0.749105
120	171	0.740276
120	175	0.71991
120	177	0.729172
120	178	0.720531
121	30	0.704707
121	40	0.76415
121	70	0.687718
121	74	0.721306
121	87	0.702801
121	105	0.752752
121	108	0.752985
121	120	0.743297
121	123	0.764864
121	131	0.762557
121	135	1.20828
121	137	1.20747
121	140	0.734712
121	141	1.15252
121	151	1.18162
121	155	1.14637
121	160	1.19494
121	162	1.17399
121	163	0.742831
121	166	1.16791
121	167	1.19679
121	168	1.1683
121	169	1.19394
121	172	0.758714
121	173	1.19853
121	174	1.171
121	175	1.18437
121	176	1.16749
121	177	1.16635
121	178	1.18402
121	179	1.16605
121	180	1.17006
122	8	0.728513
122	26	0.807729
122	53	0.688927
122	72	1.15799
122	75	0.711547
122	82	0.74059
122	83	0.750433
122	85	0.800876
122	89	0.695154
122	92	0.726708
122	103	0.716472
122	106	1.1845
122	141	1.15831
122	144	0.743527
122	147	1.17314
122	155	1.15216
122	156	1.18151
122	160	1.20072
122	161	1.20039
122	162	1.17977
122	163	0.734897
122	166	1.1737
122	168	1.17409
122	169	1.19973
122	172	0.75078
122	173	1.20432
122	174	1.17679
122	176	1.17327
122	177	1.17214
122	178	1.1898
122	179	1.17183
122	180	1.17584
123	1	1.20999
123	13	1.18746
123	31	1.07759
123	91	1.17127
123	93	1.16458
123	94	1.21772
123	101	1.17307
123	111	1.16445
123	118	1.11201
123	121	0.764864
123	131	1.14275
123	132	1.14655
123	139	1.10095
123	140	1.17651
123	143	1.15583
123	144	1.14542
123	145	1.17491
123	148	1.15503
123	153	1.12505
123	155	0.791887
123	158	0.775487
123	162	0.760875
123	164	0.733897
123	165	0.746891
123	166	0.761914
123	168	0.773174
123	170	0.770672
123	172	1.14325
123	175	1.15561
123	176	0.770475
123	177	0.750739
123	179	0.767692
123	180	0.747147
124	6	0.733689
124	10	0.728399
124	23	0.79151
124	31	0.850166
124	44	1.16145
124	69	0.923192
124	70	0.68225
124	91	0.740301
124	103	0.718938
124	104	0.751629
124	116	1.15801
124	117	0.751647
124	130	1.18207
124	141	1.13187
124	144	0.745993
124	146	1.15127
124	149	0.741304
124	151	1.16097
124	155	1.12572
124	156	1.15508
124	162	1.15333
124	163	0.737363
124	167	1.17614
124	168	1.14765
124	169	1.17329
124	171	1.14426
124	173	1.17788
124	174	1.15035
124	176	1.14683
124	177	1.1457
124	178	1.16336
124	179	1.14539
124	180	1.1494
125	9	1.24426
125	25	0.607508
125	33	1.12424
125	41	1.20896
125	51	1.23622
125	65	1.14269
125	68	0.735555
125	69	1.1106
125	76	1.1609
125	77	1.2619
125	79	0.698673
125	107	0.728394
125	108	1.23586
125	109	1.2021
125	113	1.21088
125	114	1.25355
125	120	1.24636
125	127	1.27499
125	130	0.694449
125	133	0.733332
125	146	0.733949
125	149	1.24946
125	151	0.706664
125	155	0.744494
125	157	1.22789
125	158	1.22621
125	163	1.24277
125	165	1.24014
125	167	0.687582
125	174	0.721911
125	175	0.694084
125	176	0.723082
125	177	0.703346
126	16	0.732004
126	32	1.21747
126	33	0.844971
126	101	0.723754
126	104	0.749869
126	116	1.15631
126	117	0.749887
126	119	1.17016
126	129	1.12095
126	136	0.780873
126	139	0.815345
126	144	0.744233
126	145	0.712576
126	146	1.14957
126	151	1.15927
126	152	0.753495
126	154	0.78788
126	155	1.12402
126	156	1.15338
126	157	0.743372
126	161	1.17226
126	162	1.15163
126	166	1.14556
126	167	1.17444
126	169	1.17159
126	171	1.14256
126	172	0.751487
126	174	1.14865
126	176	1.14513
126	177	1.144
126	178	1.16166
126	179	1.1437
126	180	1.1477
127	14	0.682682
127	18	1.07195
127	22	0.740876
127	23	0.74641
127	24	1.18996
127	27	0.754807
127	33	1.10403
127	57	0.766992
127	69	1.09039
127	76	1.14069
127	91	0.695201
127	99	0.732924
127	108	1.21565
127	109	1.18189
127	113	1.19067
127	114	1.23334
127	117	0.706547
127	120	1.22615
127	125	1.27499
127	138	0.7433
127	139	0.772005
127	144	0.700893
127	148	0.696775
127	154	0.74454
127	164	1.21194
127	166	1.20189
127	170	1.20661
127	172	0.708147
127	173	1.2325
127	174	1.20497
127	177	1.20032
127	178	1.21799
127	179	1.20002
127	180	1.20403
128	11	0.745913
128	24	0.811036
128	41	0.785466
128	78	0.741083
128	80	0.781225
128	82	0.778175
128	98	0.805433
128	104	0.786748
128	110	0.848229
128	112	0.73793
128	119	1.14995
128	132	0.780389
128	133	1.13431
128	136	0.817752
128	141	1.10995
128	146	1.12936
128	147	1.12479
128	148	0.776994
128	155	1.10381
128	156	1.13316
128	160	1.15237
128	161	1.15204
128	162	1.13142
128	166	1.12535
128	167	1.15422
128	169	1.15138
128	171	1.12235
128	173	1.15597
128	174	1.12844
128	176	1.12492
128	177	1.12379
128	178	1.14145
128	179	1.12348
128	180	1.12749
129	46	0.784061
129	51	0.785775
129	55	0.828654
129	80	0.779995
129	89	0.731509
129	113	0.792209
129	120	0.771718
129	126	1.12095
129	130	1.15919
129	138	0.822289
129	141	1.10899
129	142	1.14192
129	145	0.748225
129	146	1.12839
129	151	1.13809
129	153	0.803763
129	156	1.1322
129	157	0.779021
129	159	0.777921
129	160	1.15141
129	162	1.13045
129	165	1.14243
129	166	1.12438
129	168	1.12477
129	169	1.15041
129	170	1.12911
129	171	1.12138
129	172	0.787135
129	173	1.155
129	174	1.12747
129	176	1.12395
129	178	1.14048
129	179	1.12252
129	180	1.12652
130	48	0.742955
130	52	0.73054
130	54	0.694715
130	64	0.735106
130	67	0.835986
130	71	0.671655
130	85	0.785788
130	100	0.70513
130	101	0.707959
130	114	0.709998
130	124	1.18207
130	125	0.694449
130	129	1.15919
130	142	1.20134
130	146	1.18781
130	147	1.18323
130	156	1.19161
130	159	0.726478
130	160	1.21082
130	161	1.21049
130	162	1.18987
130	163	0.719809
130	165	1.20185
130	166	1.1838
130	167	1.21267
130	168	1.18419
130	171	1.1808
130	172	0.735692
130	174	1.18688
130	176	1.18337
130	177	1.18223
130	178	1.1999
130	179	1.18193
130	180	1.18594
131	3	1.19559
131	4	1.19744
131	49	0.767872
131	52	1.1539
131	91	1.18468
131	93	1.178
131	96	1.13607
131	102	1.20026
131	112	1.21422
131	118	1.12542
131	121	0.762557
131	123	1.14275
131	132	1.15997
131	134	0.757346
131	139	1.11437
131	140	1.18992
131	143	1.16925
131	144	1.15884
131	145	1.18833
131	148	1.16844
131	153	1.13847
131	157	1.15838
131	158	0.773181
131	160	0.733716
131	161	0.729749
131	164	0.73159
131	165	0.744584
131	169	0.737119
131	170	0.768365
131	171	0.759536
131	172	1.15667
131	175	1.16903
131	178	0.739792
131	179	0.765386
131	180	0.74484
132	13	1.20468
132	19	0.732537
132	29	1.22303
132	31	1.0948
132	42	1.16312
132	52	1.1577
132	85	0.790188
132	91	1.18849
132	93	1.1818
132	96	1.13987
132	101	1.19029
132	102	1.20406
132	106	0.743051
132	118	1.12922
132	123	1.14655
132	128	0.780389
132	131	1.15997
132	134	0.745526
132	139	1.11817
132	140	1.19373
132	143	1.17305
132	144	1.16264
132	145	1.19213
132	146	0.767216
132	148	1.17225
132	153	1.14227
132	155	0.777761
132	157	1.16218
132	158	0.761361
132	169	0.7253
132	170	0.756546
132	171	0.747717
132	173	0.720816
132	177	0.736613
132	178	0.727972
133	29	0.717055
133	62	0.750803
133	63	0.748416
133	66	0.748592
133	82	0.764385
133	87	0.718662
133	103	0.740267
133	113	0.779649
133	125	0.733332
133	128	1.13431
133	137	1.1975
133	140	0.750573
133	141	1.14255
133	142	1.17549
133	145	0.735664
133	148	0.763203
133	151	1.17165
133	152	0.776584
133	156	1.16576
133	157	0.76646
133	160	1.18497
133	162	1.16402
133	164	1.168
133	166	1.15795
133	167	1.18682
133	168	1.15834
133	169	1.18398
133	171	1.15495
133	173	1.18857
133	174	1.16103
133	176	1.15752
133	177	1.15638
133	178	1.17405
133	179	1.15608
133	180	1.16009
134	15	0.736512
134	21	0.727786
134	26	1.12733
134	36	0.720292
134	42	0.756231
