1	88	1.22986
1	93	0.572988
1	124	0.681815
1	133	1.16418
1	139	1.17818
1	143	0.568685
1	149	1.19101
1	164	1.23055
1	166	1.2203
1	170	1.19252
1	172	1.19346
1	173	0.579297
2	42	0.541651
2	107	0.450383
2	122	0.426228
2	133	0.486099
2	144	0.488499
2	171	1.38213
2	175	1.36191
2	176	1.35188
2	177	1.36945
2	178	1.3667
2	179	1.38408
2	180	1.38416
3	10	1.41272
3	28	0.507598
3	30	0.47909
3	66	1.40209
3	98	0.500371
3	129	0.458251
3	134	0.448578
3	170	1.3632
3	172	1.36414
3	177	1.34869
3	178	1.34594
3	180	1.3634
4	31	1.34473
4	32	0.477805
4	92	1.35669
4	99	1.33841
4	107	1.38809
4	111	1.43379
4	129	0.544253
4	137	1.40771
4	142	1.33045
4	169	0.45148
4	174	0.467353
4	177	0.463663
5	39	1.2757
5	72	1.16015
5	77	1.24535
5	80	0.596446
5	86	1.18914
5	97	1.13752
5	107	1.21006
5	137	1.22968
5	142	1.15242
5	148	0.573407
5	170	0.673215
5	175	0.559972
6	106	0.659349
6	110	1.33367
6	114	1.36936
6	140	0.435168
6	150	1.33818
6	152	1.41972
6	158	0.385738
6	159	1.37773
6	169	1.38696
6	171	0.466425
6	173	1.37438
6	179	0.457245
7	33	1.32915
7	77	1.43248
7	86	1.37627
7	97	1.32465
7	104	1.38636
7	117	0.487394
7	139	0.576286
7	141	0.547581
7	142	1.33954
7	146	1.41159
7	161	0.361374
7	169	0.428997
8	127	0.564332
8	132	1.42666
8	139	1.34639
8	144	1.35688
8	149	1.35921
8	152	0.530861
8	157	0.387992
8	161	0.416567
8	166	1.38851
8	170	1.36072
8	172	1.36166
8	176	0.502016
9	21	1.34857
9	52	1.33665
9	55	0.25444
9	72	1.37731
9	92	1.39582
9	93	0.251137
9	97	1.35468
9	137	1.44684
9	145	1.34014
9	158	0.73861
9	164	0.349914
9	179	0.810117
10	3	1.41272
10	35	1.42537
10	54	1.30186
10	74	1.31576
10	76	0.46262
10	105	1.38511
10	116	0.444354
10	122	1.35333
10	146	1.40581
10	152	0.529937
10	169	0.483266
10	180	0.484968
11	36	1.29258
11	50	0.672229
11	58	1.1555
11	71	0.618623
11	75	1.17377
11	96	1.17381
11	106	1.11384
11	127	1.27305
11	131	1.19779
11	157	0.507255
11	159	1.21971
11	180	0.605155
12	79	0.484968
12	106	0.536533
12	118	0.449162
12	124	0.443946
12	130	0.479412
12	171	1.38213
12	175	1.36191
12	176	1.35188
12	177	1.36945
12	178	1.3667
12	179	1.38408
12	180	1.38416
13	86	0.595407
13	117	0.539765
13	141	1.38114
13	144	1.35347
13	149	1.35581
13	154	0.370369
13	155	1.39867
13	160	0.40554
13	164	1.39535
13	170	1.35732
13	172	1.35826
13	175	0.492885
14	91	1.34272
14	97	1.31697
14	100	0.509056
14	101	1.41835
14	107	1.38951
14	122	1.35143
14	124	1.37711
14	146	1.40391
14	148	0.485169
14	159	0.562983
14	160	0.384388
14	180	0.461918
15	49	0.502495
15	131	0.438922
15	144	0.509945
15	156	0.476065
15	166	0.466077
15	174	1.36439
15	175	1.36487
15	176	1.35483
15	177	1.37241
15	178	1.36966
15	179	1.38704
15	180	1.38712
16	42	1.2853
16	70	1.35425
16	79	1.34612
16	112	1.39891
16	129	1.391
16	134	1.40941
16	154	0.400567
16	160	0.435739
16	168	0.530803
16	169	0.511567
16	173	1.41501
16	174	0.52744
17	93	0.49831
17	95	1.25829
17	125	0.509262
17	130	1.31474
17	137	0.57076
17	139	1.27942
17	149	1.29225
17	155	1.3351
17	164	1.33179
17	170	1.29376
17	172	1.2947
17	176	0.528745
17	179	0.497619
18	58	1.27517
18	59	0.504751
18	106	1.23351
18	110	1.29531
18	129	0.613134
18	143	1.36908
18	147	1.31331
18	150	1.29982
18	158	0.435552
18	167	0.534828
18	170	1.30643
18	171	0.51624
18	172	1.30737
19	49	0.547061
19	136	0.51444
19	153	0.525716
19	155	0.495734
19	166	0.510643
19	171	1.31195
19	174	1.29126
19	175	1.29173
19	176	1.2817
19	177	1.29927
19	178	1.29653
19	179	1.31391
19	180	1.31398
20	73	0.519293
20	79	0.560516
20	113	1.28715
20	122	0.521048
20	131	0.512295
20	137	0.483116
20	150	1.28395
20	152	1.36548
20	166	1.31834
20	170	1.29056
20	178	1.27329
20	179	1.29067
20	180	1.29075
21	9	1.34857
21	56	0.47412
21	59	0.502342
21	66	1.30213
21	82	1.27503
21	92	1.27694
21	117	0.576348
21	124	1.29594
21	137	1.32796
21	142	1.2507
21	146	1.32274
21	174	0.533825
21	180	0.519653
22	27	1.27145
22	30	1.29342
22	64	0.50668
22	76	0.484716
22	98	1.26781
22	114	1.31362
22	134	0.588463
22	136	1.28869
22	150	1.28244
22	152	1.36397
22	163	0.512629
22	173	1.31863
22	178	0.512316
23	43	1.41065
23	44	0.405323
23	86	0.547829
23	95	1.45431
23	125	0.432132
23	156	1.50403
23	158	0.348982
23	159	1.52272
23	164	1.52781
23	170	1.48978
23	172	1.49072
23	176	0.451616
23	179	0.42049
24	70	1.45481
24	73	1.45468
24	81	1.4273
24	115	0.399679
24	118	1.54611
24	129	1.49156
24	134	1.50996
24	148	0.451267
24	158	0.341506
24	166	0.542489
24	173	1.51557
24	174	0.442187
24	180	0.428015
25	53	1.25825
25	79	1.2617
25	81	1.24232
25	112	1.31448
25	118	1.36113
25	123	0.510888
25	129	1.30658
25	134	1.32498
25	164	0.585067
25	169	0.4989
25	171	0.49478
25	173	1.33058
25	174	0.514773
26	38	1.40499
26	68	0.35489
26	83	1.50941
26	110	1.48186
26	113	1.48958
26	117	0.362793
26	135	0.438883
26	136	1.49263
26	141	0.42298
26	150	1.48638
26	154	0.700884
26	169	1.53516
26	176	0.322222
27	22	1.27145
27	28	1.26692
27	48	1.30615
27	85	1.30993
27	87	0.515511
27	114	1.30378
27	136	1.27885
27	148	0.54535
27	152	1.35413
27	154	0.409398
27	164	0.606565
27	173	1.3088
27	178	0.527351
28	3	0.507598
28	27	1.26692
28	35	1.36357
28	48	1.31146
28	85	1.31524
28	98	1.26328
28	128	0.560067
28	136	1.28416
28	140	0.480192
28	150	1.27791
28	159	1.31746
28	168	0.534806
28	178	0.522524
29	65	1.33322
29	147	1.28711
29	149	1.27872
29	152	0.572414
29	153	1.29902
29	156	1.29449
29	161	0.45812
29	164	1.31826
29	166	1.30802
29	171	0.521623
29	172	1.28117
29	173	0.519443
29	178	0.532697
30	3	0.47909
30	22	1.29342
30	31	0.547618
30	38	1.21319
30	85	1.33191
30	99	0.534876
30	117	0.545458
30	136	1.30082
30	145	1.2592
30	150	1.29457
30	152	1.37611
30	173	1.33077
30	175	0.498579
31	4	1.34473
31	30	0.547618
31	36	0.482407
31	41	0.516168
31	52	1.25306
31	69	0.494545
31	103	1.33055
31	136	0.553977
31	170	1.29853
31	172	1.29947
31	175	1.27648
31	179	1.29865
31	180	1.29873
32	4	0.477805
32	88	0.507405
32	133	0.557418
32	153	0.531022
32	171	1.31195
32	172	0.521535
32	174	1.29126
32	175	1.29173
32	176	1.2817
32	177	1.29927
32	178	1.29653
32	179	1.31391
32	180	1.31398
33	7	1.32915
33	50	1.30079
33	92	1.28755
33	99	1.26927
33	102	1.25897
33	104	1.30812
33	105	1.31265
33	146	1.33335
33	158	0.45104
33	163	0.543115
33	169	0.535848
33	176	0.553673
33	179	0.522547
34	35	0.477294
34	109	0.537906
34	130	0.53768
34	156	0.532158
34	159	0.508764
34	165	1.31267
34	174	1.29116
34	175	1.29163
34	176	1.2816
34	177	1.29917
34	178	1.29642
34	179	1.3138
34	180	1.31388
35	10	1.42537
35	28	1.36357
35	34	0.477294
35	96	1.36291
35	126	1.39446
35	130	0.57643
35	131	1.38688
35	136	1.3755
35	137	1.44057
35	151	0.369672
35	152	1.45079
35	167	0.459214
35	168	0.463983
35	177	0.45693
36	11	1.29258
36	31	0.482407
36	46	0.434596
36	58	1.37136
36	63	1.45757
36	79	0.55909
36	90	1.40939
36	104	1.43688
36	106	1.32969
36	127	1.48891
36	131	1.41364
36	161	0.354227
36	165	0.428452
36	172	0.543611
37	47	1.38758
37	75	1.37579
37	90	1.39556
37	99	0.507674
37	106	1.31586
37	127	1.47507
37	131	1.39981
37	159	1.42173
37	162	0.445709
37	163	1.42863
37	169	0.459859
37	171	0.455739
37	177	0.472043
37	178	0.466813
38	26	1.40499
38	30	1.21319
38	89	0.578866
38	110	1.19769
38	113	1.20541
38	114	1.23338
38	136	1.20845
38	150	1.2022
38	151	0.514339
38	152	1.28374
38	160	0.513586
38	168	0.60865
38	169	1.25099
38	180	0.591115
39	5	1.2757
39	82	1.41932
39	91	1.40584
39	116	0.453716
39	124	1.44023
39	126	1.42614
39	137	1.47225
39	142	1.39499
39	145	1.36555
39	154	0.381629
39	169	0.492629
39	171	0.488509
39	173	0.486328
39	177	0.504812
40	83	1.24146
40	85	1.25575
40	113	1.22162
40	114	1.2496
40	119	1.19132
40	150	1.21842
40	152	1.29996
40	160	0.477922
40	163	0.561017
40	164	0.639918
40	169	1.2672
40	173	1.25462
40	174	0.569624
40	180	0.555452
41	31	0.516168
41	53	1.34387
41	60	1.43482
41	70	1.35545
41	80	0.503602
41	112	1.40011
41	118	1.44676
41	129	1.3922
41	134	1.41061
41	148	0.480564
41	151	0.380536
41	167	0.470079
41	169	0.455611
41	173	1.41621
42	2	0.541651
42	16	1.2853
42	69	1.34699
42	73	1.16539
42	81	1.13801
42	108	1.37441
42	112	1.21017
42	118	1.25682
42	123	0.598632
42	129	1.20227
42	134	1.22067
42	157	0.490447
42	167	0.601112
42	179	0.573344
43	23	1.41065
43	57	1.19493
43	139	1.20335
43	144	1.21383
43	153	1.23647
43	154	0.482376
43	155	1.25902
43	160	0.517548
43	166	1.24547
43	167	0.607843
43	170	1.21768
43	172	1.21862
43	173	0.587075
43	176	0.611201
44	23	0.405323
44	107	0.466909
44	113	0.491149
44	144	0.505025
44	153	0.47623
44	159	0.44775
44	167	1.38495
44	174	1.39512
44	175	1.39559
44	176	1.38556
44	177	1.40313
44	178	1.40038
44	179	1.41776
44	180	1.41784
45	78	0.48386
45	128	0.549232
45	132	1.38454
45	133	1.29026
45	139	1.30427
45	141	1.34242
45	153	1.33739
45	161	0.437112
45	164	1.35663
45	166	1.34639
45	170	1.3186
45	171	0.500615
45	172	1.31954
45	174	0.520609
45	175	0.516253
46	36	0.434596
46	109	0.518105
46	132	0.495655
46	133	0.543838
46	156	0.512357
46	159	0.488963
46	162	1.37629
46	168	1.3019
46	174	1.32465
46	175	1.32513
46	176	1.3151
46	177	1.33267
46	178	1.32992
46	179	1.3473
46	180	1.34738
47	37	1.38758
47	51	0.549467
47	63	1.35055
47	90	1.30237
47	96	1.28265
47	104	1.32986
47	127	1.38188
47	131	1.30662
47	148	1.32301
47	160	0.431129
47	163	1.33544
47	168	0.526193
47	169	0.506957
47	173	0.500656
47	179	0.493656
48	27	1.30615
48	28	1.31146
48	85	1.35447
48	88	0.598501
48	98	1.30251
48	99	0.538686
48	113	1.32034
48	136	1.32338
48	150	1.31714
48	152	1.39867
48	157	0.394673
48	163	0.498138
48	165	0.497472
48	169	1.36592
48	179	0.47757
49	15	0.502495
49	19	0.547061
49	59	0.510432
49	87	0.521155
49	132	1.37436
49	143	0.509128
49	149	1.30691
49	153	1.32721
49	154	0.415042
49	155	1.34976
49	159	1.34136
49	164	1.34645
49	166	1.33621
49	170	1.30842
49	172	1.30936
50	11	0.672229
50	33	1.30079
50	52	1.27826
50	54	1.27928
50	100	0.491066
50	105	1.36253
50	111	1.41452
50	137	1.38845
50	142	1.31119
50	145	1.28176
50	146	1.38323
50	156	0.568388
50	160	0.366398
50	168	0.461462
50	180	0.443927
51	47	0.549467
51	81	0.566957
51	85	0.524974
51	88	0.52359
51	146	0.509318
51	159	0.518727
51	165	1.29339
51	167	1.26171
51	171	1.29257
51	174	1.27188
51	175	1.27235
51	176	1.26232
51	177	1.27989
51	178	1.27715
51	179	1.29452
51	180	1.2946
52	9	1.33665
52	31	1.25306
52	50	1.27826
52	54	1.20687
52	86	1.27551
52	92	1.26503
52	105	1.29012
52	107	1.29643
52	124	1.28403
52	140	0.506137
52	143	1.31398
52	165	0.548116
52	169	0.541515
52	173	0.535214
52	178	0.548468
52	179	0.528214
53	25	1.25825
53	41	1.34387
53	56	0.507986
53	79	1.21476
53	81	1.19538
53	87	0.54693
53	108	1.43178
53	118	1.31419
53	119	1.22035
53	129	1.25964
53	134	1.27805
53	158	0.467009
53	160	0.475989
53	164	0.637984
53	173	1.28365
53	176	0.569642
54	10	1.30186
54	50	1.27928
54	52	1.20687
54	86	1.27652
54	105	1.29113
54	111	1.34313
54	119	0.56836
54	122	1.25936
54	124	1.28504
54	137	1.31706
54	142	1.23979
54	163	0.529602
54	165	0.528936
54	169	0.522335
54	171	0.518215
54	176	0.54016
55	9	0.25444
55	86	0.478182
55	97	0.510846
55	124	0.460361
55	129	0.456917
55	133	0.521786
55	139	0.511432
55	167	1.40542
55	171	1.43628
55	174	1.41558
55	175	1.41606
55	176	1.40603
55	177	1.4236
55	178	1.42085
55	179	1.43823
55	180	1.43831
56	21	0.47412
56	53	0.507986
56	96	0.4569
56	124	0.425836
56	138	0.447436
56	149	0.451572
56	155	0.430883
56	168	1.39423
56	171	1.43768
56	174	1.41698
56	175	1.41746
56	176	1.40743
56	177	1.425
56	178	1.42225
56	179	1.43963
56	180	1.43971
57	43	1.19493
57	68	0.561426
57	85	0.619947
57	95	1.23859
57	121	0.497488
57	152	0.557603
57	153	1.29284
57	155	1.3154
57	156	1.28831
57	159	1.307
57	161	0.443309
57	164	1.31209
57	166	1.30184
57	170	1.27406
57	172	1.27499
57	177	0.523116
58	11	1.1555
58	18	1.27517
58	36	1.37136
58	63	1.3205
58	96	1.25259
58	106	1.19262
58	127	1.35183
58	131	1.27657
58	146	0.631076
58	154	0.426718
58	159	1.29849
58	162	0.523566
58	163	1.30539
58	167	0.552185
58	169	0.537717
58	171	0.533597
59	18	0.504751
59	21	0.502342
59	49	0.510432
59	83	0.460468
59	107	0.479767
59	122	0.455612
59	167	1.34614
59	168	1.33355
59	170	0.482601
59	171	1.377
59	174	1.3563
59	175	1.35678
59	176	1.34675
59	177	1.36432
59	178	1.36157
59	179	1.37895
59	180	1.37903
60	41	1.43482
60	62	0.472393
60	69	1.49531
60	70	1.31384
60	79	1.30571
60	81	1.28633
60	112	1.35849
60	119	1.3113
60	129	1.35059
60	134	1.36899
60	151	0.384182
60	159	0.562025
60	166	0.575432
60	167	0.473725
60	173	1.37459
60	174	0.475131
60	180	0.460959
61	62	0.502363
61	143	0.472314
61	144	1.34189
61	147	1.35261
61	149	1.34423
61	153	1.36453
61	155	1.38708
61	156	1.35999
61	162	0.475077
61	164	1.38377
61	166	1.37353
61	170	1.34574
61	171	0.485107
61	172	1.34668
61	176	0.507053
61	179	0.475927
61	180	0.490929
62	60	0.472393
62	61	0.502363
62	126	0.468677
62	132	0.496045
62	137	0.446425
62	147	0.498569
62	165	1.37465
62	168	1.33038
62	170	0.511346
62	171	1.37383
62	174	1.35314
62	175	1.35361
62	176	1.34358
62	177	1.36115
62	178	1.35841
62	179	1.37578
62	180	1.37586
63	36	1.45757
63	47	1.35055
63	58	1.3205
63	80	1.31514
63	90	1.35854
63	96	1.33881
63	106	1.27883
63	127	1.43805
63	131	1.36278
63	137	0.525434
63	147	0.577577
63	148	1.37917
63	160	0.389766
63	167	0.480061
63	174	0.481467
63	177	0.477777
63	178	0.472548
64	22	0.50668
64	73	0.470784
64	75	0.486315
64	118	0.476201
64	145	0.532982
64	152	0.421438
64	165	1.37774
64	167	1.34606
64	168	1.33346
64	170	0.499528
64	174	1.35622
64	175	1.3567
64	176	1.34666
64	177	1.36424
64	178	1.36149
64	179	1.37887
64	180	1.37895
65	29	1.33322
65	77	0.551097
65	109	1.35066
65	116	0.441634
65	120	1.31207
65	121	0.467102
65	123	0.492534
65	135	1.38511
65	138	1.39797
65	143	0.463634
65	153	1.36858
65	156	1.36405
65	164	1.38783
65	170	1.3498
65	172	1.35074
65	176	0.498372
65	177	0.49273
66	3	1.40209
66	21	1.30213
66	74	1.30514
66	91	1.334
66	100	0.525247
66	101	1.40963
66	108	0.546909
66	111	1.42648
66	119	0.522431
66	122	1.34271
66	126	1.3543
66	137	1.40041
66	142	1.32314
66	157	0.380209
66	162	0.462255
66	167	0.490874
66	180	0.478108
67	102	0.517953
67	109	1.34194
67	115	0.462759
67	135	1.3764
67	141	1.3649
67	143	0.472481
67	147	1.34796
67	155	1.38243
67	156	1.35534
67	164	1.37911
67	165	0.495995
67	166	1.36887
67	170	1.34108
67	172	1.34202
67	173	0.483093
67	175	0.500911
67	179	0.476093
68	26	0.35489
68	57	0.561426
68	149	0.545898
68	153	0.555191
68	159	0.526711
68	164	0.510111
68	165	1.32529
68	166	0.540118
68	167	1.29361
68	168	1.28102
68	171	1.32447
68	174	1.30378
68	175	1.30425
68	176	1.29422
68	177	1.31179
68	178	1.30905
68	179	1.32642
68	180	1.3265
69	31	0.494545
69	42	1.34699
69	60	1.49531
69	71	0.449158
69	73	1.41581
69	81	1.38843
69	102	1.43222
69	118	1.50724
69	119	1.4134
69	129	1.45269
69	134	1.4711
69	148	0.458941
69	154	0.322989
69	163	0.441255
69	167	0.448456
69	172	0.555748
69	173	1.4767
69	180	0.43569
70	16	1.35425
70	24	1.45481
70	41	1.35545
70	60	1.31384
70	73	1.23434
70	79	1.22634
70	112	1.27913
70	118	1.32577
70	129	1.27122
70	134	1.28963
70	143	0.482683
70	147	0.61158
70	163	0.506863
70	171	0.495476
70	173	1.29523
70	176	0.517422
70	178	0.50655
70	179	0.486296
71	11	0.618623
71	69	0.449158
71	81	0.539617
71	83	1.32401
71	96	0.515901
71	101	0.47881
71	113	1.30418
71	120	1.26986
71	134	0.47172
71	138	1.35576
71	142	0.520093
71	143	1.37023
71	150	1.30097
71	172	1.30852
71	176	1.27549
71	177	1.29306
71	178	1.29032
71	180	1.30777
72	5	1.16015
72	9	1.37731
72	82	1.30377
72	92	1.30569
72	94	1.37957
72	105	1.33078
72	107	1.33709
72	119	0.538329
72	123	0.504291
72	124	1.32469
72	142	1.27944
72	145	1.25001
72	146	1.35149
72	155	0.593569
72	171	0.488183
72	177	0.504487
72	178	0.499257
72	179	0.479003
73	20	0.519293
73	24	1.45468
73	42	1.16539
73	64	0.470784
73	69	1.41581
73	70	1.23434
73	79	1.22621
73	108	1.44323
73	112	1.279
73	118	1.32564
73	129	1.27109
73	134	1.2895
73	147	0.58145
73	172	0.591227
73	173	1.2951
73	175	0.480984
73	176	0.487292
73	180	0.471168
74	10	1.31576
74	66	1.30514
74	77	1.34663
74	82	1.27803
74	100	0.510069
74	101	1.34018
74	104	1.30051
74	122	1.27326
74	124	1.29894
74	126	1.28485
74	128	0.505725
74	137	1.33096
74	139	0.608517
74	146	1.32574
74	163	0.468495
74	172	0.582989
74	173	0.454928
74	177	0.473412
75	11	1.17377
75	37	1.37579
75	64	0.486315
75	89	0.474449
75	90	1.29058
75	95	0.605792
75	96	1.27086
75	106	1.21088
75	108	1.46153
75	127	1.3701
75	131	1.29483
75	148	1.31122
75	159	1.31675
75	162	0.470846
75	163	1.32365
75	171	0.480876
75	172	0.606757
75	173	0.478696
76	10	0.46262
76	22	0.484716
76	88	0.460434
76	101	0.442994
76	103	0.485555
76	130	0.484487
76	138	0.470621
76	139	0.500092
76	165	1.39802
76	167	1.36634
76	168	1.35375
76	171	1.3972
76	174	1.3765
76	175	1.37698
76	176	1.36695
76	177	1.38452
76	178	1.38177
76	179	1.39915
76	180	1.39923
77	5	1.24535
77	7	1.43248
77	65	0.551097
77	74	1.34663
77	94	1.46477
77	97	1.34974
77	101	1.45112
77	105	1.41598
77	122	1.3842
77	124	1.40989
77	142	1.36464
77	145	1.33521
77	148	0.468953
77	163	0.451267
77	166	0.560175
77	173	0.437699
77	175	0.455517
77	178	0.450954
77	179	0.4307
78	45	0.48386
78	98	0.487468
78	105	0.453405
78	110	0.501212
78	127	0.432716
78	135	0.487061
78	165	1.39802
78	166	0.468749
78	167	1.36634
78	168	1.35375
78	170	0.477335
78	171	1.3972
78	174	1.3765
78	175	1.37698
78	176	1.36695
78	177	1.38452
78	178	1.38177
78	179	1.39915
78	180	1.39923
79	12	0.484968
79	16	1.34612
79	20	0.560516
79	25	1.2617
79	36	0.55909
79	53	1.21476
79	60	1.30571
79	70	1.22634
79	73	1.22621
79	81	1.19883
79	112	1.271
79	118	1.31764
79	129	1.26309
79	134	1.2815
79	168	0.529925
79	169	0.510689
79	170	0.63545
79	173	1.2871
79	175	0.522207
80	5	0.596446
80	41	0.503602
80	63	1.31514
80	106	1.18726
80	111	0.51699
80	112	0.566376
80	127	1.34647
80	129	0.514214
80	131	1.27121
80	141	1.284
80	142	0.552914
80	150	0.54352
80	166	1.28797
80	170	1.26018
80	172	1.26112
80	175	1.23813
80	176	1.2281
80	179	1.2603
80	180	1.26038
81	24	1.4273
81	25	1.24232
81	42	1.13801
81	51	0.566957
81	53	1.19538
81	60	1.28633
81	69	1.38843
81	71	0.539617
81	79	1.19883
81	99	0.572262
81	112	1.25161
81	118	1.29826
81	129	1.24371
81	134	1.26211
81	163	0.531714
81	165	0.531049
81	169	0.524447
81	173	1.26771
81	174	0.540321
82	21	1.27503
82	39	1.41932
82	72	1.30377
82	74	1.27803
82	84	0.498026
82	86	1.33276
82	92	1.32228
82	101	1.38252
82	107	1.35368
82	124	1.34128
82	126	1.32719
82	142	1.29604
82	146	1.36808
82	148	0.504792
82	155	0.581105
82	169	0.479839
82	173	0.473538
82	175	0.491357
82	176	0.497665
82	180	0.481541
83	26	1.50941
83	40	1.24146
83	59	0.460468
83	71	1.32401
83	92	0.577007
83	97	0.62278
83	98	1.292
83	113	1.30983
83	136	1.31287
83	145	1.27125
83	148	0.50103
83	150	1.30662
83	152	1.38816
83	157	0.379879
83	159	1.34618
83	163	0.483344
83	167	0.490545
83	169	1.35541
83	173	1.34282
83	177	0.48826
84	82	0.498026
84	86	0.505675
84	113	0.537802
84	126	0.473728
84	136	0.511607
84	145	0.54985
84	152	0.438307
84	162	1.37579
84	164	0.477803
84	165	1.34568
84	167	1.314
84	168	1.3014
84	171	1.34485
84	174	1.32416
84	175	1.32463
84	176	1.3146
84	177	1.33218
84	178	1.32943
84	179	1.34681
84	180	1.34688
85	27	1.30993
85	28	1.31524
85	30	1.33191
85	40	1.25575
85	48	1.35447
85	51	0.524974
85	57	0.619947
85	98	1.30629
85	113	1.32412
85	114	1.3521
85	148	0.507417
85	150	1.32092
85	152	1.40246
85	158	0.397657
85	163	0.489731
85	169	1.3697
85	173	1.35712
85	175	0.493982
85	178	0.489418
85	180	0.484166
86	5	1.18914
86	7	1.37627
86	13	0.595407
86	23	0.547829
86	52	1.27551
86	54	1.27652
86	55	0.478182
86	82	1.33276
86	84	0.505675
86	105	1.35977
86	107	1.36608
86	111	1.41177
86	126	1.33958
86	142	1.30843
86	143	1.38363
86	146	1.38048
86	161	0.419865
86	169	0.487488
86	173	0.481188
86	180	0.48919
87	27	0.515511
87	49	0.521155
87	53	0.54693
87	95	0.489358
87	138	0.486381
87	149	0.490517
87	162	1.37579
87	164	0.45473
87	165	1.34568
87	167	1.314
87	168	1.3014
87	171	1.34485
87	172	0.490323
87	174	1.32416
87	175	1.32463
87	176	1.3146
87	177	1.33218
87	178	1.32943
87	179	1.34681
87	180	1.34688
88	1	1.22986
88	32	0.507405
88	48	0.598501
88	51	0.52359
88	76	0.460434
88	109	1.33501
88	115	0.454445
88	130	1.35513
88	139	1.31981
88	144	1.3303
88	147	1.34102
88	149	1.33264
88	153	1.35294
88	164	1.37218
88	166	1.36193
88	170	1.33415
88	172	1.33509
88	173	0.474779
88	175	0.492597
88	177	0.493263
89	38	0.578866
89	75	0.474449
89	118	0.464335
89	120	0.536372
89	145	0.521116
89	156	0.489063
89	162	1.37579
89	164	0.449069
89	165	1.34568
89	166	0.479076
89	167	1.314
89	168	1.3014
89	171	1.34485
89	174	1.32416
89	175	1.32463
89	176	1.3146
89	177	1.33218
89	178	1.32943
89	179	1.34681
89	180	1.34688
90	36	1.40939
90	37	1.39556
90	47	1.30237
90	63	1.35854
90	75	1.29058
90	96	1.29063
90	104	1.33785
90	106	1.23065
90	127	1.38987
90	131	1.3146
90	157	0.411326
90	159	1.33652
90	161	0.439901
90	163	1.34342
90	164	0.593691
90	165	0.514125
90	169	0.507524
90	173	0.501223
90	176	0.525349
90	178	0.514477
91	14	1.34272
91	39	1.40584
91	66	1.334
91	94	1.38269
91	97	1.26766
91	102	1.28022
91	105	1.3339
91	111	1.38589
91	122	1.30212
91	124	1.3278
91	142	1.28256
91	146	1.3546
91	157	0.417024
91	162	0.499071
91	163	0.520489
91	169	0.513222
91	171	0.509102
91	176	0.531047
91	178	0.520175
91	179	0.499921
92	4	1.35669
92	9	1.39582
92	21	1.27694
92	33	1.28755
92	52	1.26503
92	72	1.30569
92	82	1.32228
92	83	0.577007
92	94	1.39808
92	111	1.40128
92	117	0.532776
92	119	0.520404
92	121	0.460935
92	122	1.31751
92	137	1.37521
92	142	1.29795
92	169	0.474379
92	175	0.485897
92	178	0.481333
92	180	0.476081
93	1	0.572988
93	9	0.251137
93	17	0.49831
93	112	0.505776
93	124	0.457057
93	129	0.453613
93	135	0.495327
93	162	1.44246
93	165	1.41234
93	166	0.477014
93	167	1.38066
93	168	1.36807
93	171	1.41152
93	172	0.4826
93	174	1.39083
93	175	1.3913
93	176	1.38127
93	177	1.39884
93	178	1.3961
93	179	1.41347
93	180	1.41355
94	72	1.37957
94	77	1.46477
94	91	1.38269
94	92	1.39808
94	97	1.35694
94	99	1.3798
94	101	1.45832
94	104	1.41865
94	126	1.40299
94	128	0.474619
94	132	0.539582
94	142	1.37184
94	145	1.34241
94	146	1.44388
94	163	0.437389
94	165	0.436723
94	166	0.546297
94	168	0.449358
94	176	0.447947
94	177	0.442305
94	180	0.431824
95	17	1.25829
95	23	1.45431
95	57	1.23859
95	75	0.605792
95	87	0.489358
95	132	1.32728
95	135	1.29666
95	141	1.28515
95	144	1.25749
95	150	0.616324
95	153	1.28013
95	156	1.27559
95	162	0.480093
95	164	1.29937
95	168	0.513481
95	169	1.30352
95	170	1.26134
95	172	1.26228
95	173	0.487944
95	175	0.505762
95	177	0.506428
96	11	1.17381
96	35	1.36291
96	47	1.28265
96	56	0.4569
96	58	1.25259
96	63	1.33881
96	71	0.515901
96	75	1.27086
96	90	1.29063
96	100	0.549571
96	106	1.21093
96	127	1.37014
96	131	1.29488
96	148	1.31127
96	152	0.547402
96	153	0.631979
96	159	1.3168
96	163	1.3237
96	169	0.500731
96	177	0.512914
96	179	0.48743
97	5	1.13752
97	7	1.32465
97	9	1.35468
97	14	1.31697
97	55	0.510846
97	77	1.34974
97	83	0.62278
97	91	1.26766
97	94	1.35694
97	100	0.568993
97	107	1.31445
97	122	1.27637
97	126	1.28796
97	142	1.25681
97	145	1.22738
97	146	1.32885
97	157	0.423955
97	173	0.513852
97	176	0.537978
97	179	0.506852
97	180	0.521854
98	3	0.500371
98	22	1.26781
98	28	1.26328
98	48	1.30251
98	78	0.487468
98	83	1.292
98	85	1.30629
98	114	1.30014
98	119	1.24186
98	136	1.27521
98	150	1.26896
98	152	1.3505
98	159	1.30851
98	168	0.527579
98	169	1.31774
98	171	0.504223
98	172	0.630104
98	173	1.30516
98	175	0.519861
98	177	0.520527
98	178	0.515297
99	4	1.33841
99	30	0.534876
99	33	1.26927
99	37	0.507674
99	48	0.538686
99	81	0.572262
99	94	1.3798
99	102	1.27733
99	118	0.522698
99	131	0.510283
99	133	1.26388
99	136	0.541235
99	152	0.467935
99	166	1.32
99	167	1.25952
99	168	1.24693
99	170	1.29221
99	172	1.29315
99	178	1.27495
99	179	1.29233
99	180	1.29241
100	14	0.509056
100	50	0.491066
100	66	0.525247
100	74	0.510069
100	96	0.549571
100	97	0.568993
100	110	1.27268
100	114	1.30837
100	118	0.523723
100	122	0.520062
100	136	1.28344
100	138	1.33197
100	152	1.35873
100	166	1.31159
100	170	1.2838
100	172	1.28474
100	174	1.26127
100	177	1.26928
100	178	1.26654
100	179	1.28391
100	180	1.28399
101	14	1.41835
101	66	1.40963
101	71	0.47881
101	74	1.34018
101	76	0.442994
101	77	1.45112
101	82	1.38252
101	94	1.45832
101	105	1.40953
101	122	1.37775
101	137	1.43545
101	142	1.35819
101	145	1.32875
101	146	1.43023
101	148	0.488593
101	165	0.470241
101	167	0.478108
101	169	0.46364
101	178	0.470594
101	179	0.45034
101	180	0.465342
102	33	1.25897
102	67	0.517953
102	69	1.43222
102	91	1.28022
102	99	1.27733
102	106	0.590812
102	109	0.533918
102	110	0.550646
102	126	1.30052
102	129	1.2875
102	134	1.30591
102	152	0.44868
102	153	0.533256
102	156	0.52817
102	164	0.488176
102	173	1.31151
102	176	1.24983
102	177	1.2674
102	178	1.26466
102	179	1.28203
102	180	1.28211
103	31	1.33055
103	76	0.485555
103	105	1.36761
103	121	0.492757
103	122	1.33583
103	125	0.504544
103	126	1.34742
103	143	1.39147
103	144	1.32497
103	146	1.38832
103	150	1.32221
103	152	1.40375
103	156	1.34307
103	160	0.430374
103	161	0.438578
103	166	1.35661
103	168	0.525438
103	171	0.502081
103	172	1.32976
103	173	1.35841
103	175	0.517719
103	178	0.513155
104	7	1.38636
104	33	1.30812
104	36	1.43688
104	47	1.32986
104	74	1.30051
104	90	1.33785
104	94	1.41865
104	125	0.483148
104	128	0.529302
104	131	1.34209
104	144	1.32722
104	146	1.39056
104	150	0.606885
104	154	0.373806
104	162	0.470654
104	166	1.35886
104	167	0.499273
104	170	1.33107
104	172	1.33201
104	173	0.478504
104	175	0.496323
104	179	0.471505
105	10	1.38511
105	33	1.31265
105	50	1.36253
105	52	1.29012
105	54	1.29113
105	72	1.33078
105	77	1.41598
105	78	0.453405
105	86	1.35977
105	91	1.3339
105	101	1.40953
105	103	1.36761
105	121	0.460837
105	122	1.34261
105	138	0.592098
105	143	1.39824
105	149	0.596235
105	158	0.389473
105	163	0.481548
105	165	0.480882
105	169	0.474281
105	180	0.475982
106	6	0.659349
106	11	1.11384
106	12	0.536533
106	18	1.23351
106	36	1.32969
106	37	1.31586
106	58	1.19262
106	63	1.27883
106	75	1.21088
106	80	1.18726
106	90	1.23065
106	96	1.21093
106	102	0.590812
106	108	1.4016
106	116	1.34924
106	127	1.31017
106	131	1.2349
106	154	0.451254
106	157	0.466056
106	165	0.568855
106	178	0.569207
106	180	0.563955
107	2	0.450383
107	4	1.38809
107	5	1.21006
107	14	1.38951
107	44	0.466909
107	52	1.29643
107	59	0.479767
107	72	1.33709
107	82	1.35368
107	86	1.36608
107	97	1.31445
107	111	1.43268
107	124	1.37459
107	125	0.493718
107	137	1.40661
107	142	1.32935
107	146	1.40139
107	148	0.520329
107	167	0.509843
107	169	0.495376
107	173	0.489075
107	178	0.502329
108	42	1.37441
108	53	1.43178
108	66	0.546909
108	73	1.44323
108	75	1.46153
108	106	1.4016
108	127	1.56081
108	129	1.48011
108	131	1.48555
108	134	1.49851
108	157	0.347755
108	158	0.359145
108	164	1.51256
108	168	0.463188
108	170	1.47453
108	171	0.439832
108	172	1.47546
108	174	0.459826
108	176	0.461778
108	177	0.456136
108	179	0.430652
108	180	0.445654
109	34	0.537906
109	46	0.518105
109	65	1.35066
109	67	1.34194
109	88	1.33501
109	102	0.533918
109	115	0.478725
109	116	0.466447
109	122	0.603132
109	133	1.26933
109	139	1.28333
109	141	1.32148
109	144	1.29382
109	149	1.29616
109	155	1.33901
109	156	1.31192
109	160	0.429531
109	164	1.3357
109	166	1.32545
109	170	1.29767
109	172	1.29861
109	174	0.521233
109	175	0.516877
110	6	1.33367
110	18	1.29531
110	26	1.48186
110	38	1.19769
110	78	0.501212
110	100	1.27268
110	102	0.550646
110	113	1.28228
110	114	1.31025
110	115	0.495452
110	116	1.41105
110	136	1.28532
110	145	1.2437
110	150	1.27907
110	151	0.447012
110	152	1.36061
110	159	1.31863
110	162	0.507936
110	163	0.529354
110	165	0.528688
110	169	1.32786
110	176	0.539912
110	179	0.508786
111	4	1.43379
111	50	1.41452
111	54	1.34313
111	66	1.42648
111	80	0.51699
111	86	1.41177
111	91	1.38589
111	92	1.40128
111	107	1.43268
111	122	1.3946
111	126	1.40619
111	137	1.4523
111	143	1.45024
111	146	1.44708
111	158	0.384192
111	161	0.401376
111	162	0.454848
111	163	0.476266
111	169	0.468999
111	175	0.480517
111	177	0.481183
111	178	0.475953
111	180	0.470701
112	16	1.39891
112	25	1.31448
112	41	1.40011
112	42	1.21017
112	60	1.35849
112	70	1.27913
112	73	1.279
112	79	1.271
112	80	0.566376
112	81	1.25161
112	93	0.505776
112	118	1.37043
112	119	1.27659
112	123	0.530373
112	129	1.31587
112	134	1.33428
112	160	0.442557
112	161	0.450762
112	168	0.537621
112	173	1.33988
112	175	0.529903
112	178	0.525339
112	180	0.520087
113	20	1.28715
113	26	1.48958
113	38	1.20541
113	40	1.22162
113	44	0.491149
113	48	1.32034
113	71	1.30418
113	83	1.30983
113	84	0.537802
113	85	1.32412
113	110	1.28228
113	114	1.31797
113	143	1.35605
113	148	0.544568
113	150	1.28679
113	151	0.444541
113	152	1.36833
113	159	1.32634
113	162	0.505465
113	175	0.531133
113	178	0.526569
113	179	0.506315
113	180	0.521317
114	6	1.36936
114	22	1.31362
114	27	1.30378
114	38	1.23338
114	40	1.2496
114	85	1.3521
114	98	1.30014
114	100	1.30837
114	110	1.31025
114	113	1.31797
114	115	0.494995
114	145	1.27939
114	149	0.643584
114	150	1.31477
114	152	1.3963
114	158	0.436822
114	160	0.445802
114	161	0.454006
114	167	0.536097
114	168	0.540866
114	173	1.35096
114	175	0.533147
114	180	0.523331
115	24	0.399679
115	67	0.462759
115	88	0.454445
115	109	0.478725
115	110	0.495452
115	114	0.494995
115	127	0.426957
115	153	0.478063
115	161	1.58425
115	162	1.44377
115	164	0.432982
115	165	1.41365
115	167	1.38198
115	168	1.36938
115	170	0.471575
115	171	1.41283
115	174	1.39214
115	175	1.39261
115	176	1.38258
115	177	1.40015
115	178	1.39741
115	179	1.41478
115	180	1.41486
116	10	0.444354
116	39	0.453716
116	65	0.441634
116	106	1.34924
116	109	0.466447
116	110	1.41105
116	119	1.38846
116	120	0.508007
116	130	0.46622
116	132	0.443997
116	136	1.42181
116	141	0.45312
116	148	1.44959
116	150	1.41556
116	159	1.45511
116	163	1.46201
116	170	0.459297
116	172	0.456297
116	176	1.39008
116	177	1.40766
116	178	1.40491
116	179	1.42229
116	180	1.42236
117	7	0.487394
117	13	0.539765
117	21	0.576348
117	26	0.362793
117	30	0.545458
117	92	0.532776
117	152	0.478517
117	160	1.47047
117	161	1.47113
117	162	1.33065
117	164	0.518013
117	165	1.30054
117	167	1.26886
117	168	1.25627
117	170	0.556607
117	171	1.29972
117	174	1.27902
117	175	1.2795
117	176	1.26947
117	177	1.28704
117	178	1.28429
117	179	1.30167
117	180	1.30175
118	12	0.449162
118	24	1.54611
118	25	1.36113
118	41	1.44676
118	42	1.25682
118	53	1.31419
118	64	0.476201
118	69	1.50724
118	70	1.32577
118	73	1.32564
118	79	1.31764
118	81	1.29826
118	89	0.464335
118	99	0.522698
118	100	0.523723
118	112	1.37043
118	129	1.36252
118	134	1.38093
118	143	0.45797
118	162	0.460732
118	163	0.48215
118	173	1.38653
118	176	0.492709
118	180	0.476585
119	40	1.19132
119	53	1.22035
119	54	0.56836
119	60	1.3113
119	66	0.522431
119	69	1.4134
119	72	0.538329
119	92	0.520404
119	98	1.24186
119	112	1.27659
119	116	1.38846
119	127	0.499617
119	134	1.28709
119	138	0.537292
119	139	0.566763
119	152	1.33803
119	164	0.505642
119	166	0.535649
119	173	1.29269
119	174	1.24057
119	175	1.24104
119	176	1.23101
119	179	1.26321
119	180	1.26329
120	65	1.31207
120	71	1.26986
120	89	0.536372
120	116	0.508007
120	132	1.32502
120	133	1.23074
120	135	1.2944
120	138	1.30726
120	141	1.28289
120	147	1.26596
120	149	1.25757
120	153	1.27787
120	156	1.27333
120	161	0.479297
120	162	0.532769
120	164	1.29711
120	166	1.28687
120	170	1.25908
120	171	0.5428
120	172	1.26002
120	174	0.562793
120	177	0.559103
120	178	0.553873
120	179	0.533619
121	57	0.497488
121	65	0.467102
121	92	0.460935
121	103	0.492757
121	105	0.460837
121	133	0.517648
121	137	0.419845
121	139	0.507294
121	156	0.486167
121	160	1.52762
121	161	1.52827
121	162	1.3878
121	165	1.35768
121	167	1.326
121	168	1.31341
121	170	0.484766
121	171	1.35686
121	174	1.33617
121	175	1.33664
121	176	1.32661
121	177	1.34418
121	178	1.34144
121	179	1.35881
121	180	1.35889
122	2	0.426228
122	10	1.35333
122	14	1.35143
122	20	0.521048
122	54	1.25936
122	59	0.455612
122	66	1.34271
122	74	1.27326
122	77	1.3842
122	91	1.30212
122	92	1.31751
122	97	1.27637
122	100	0.520062
122	101	1.37775
122	103	1.33583
122	105	1.34261
122	109	0.603132
122	111	1.3946
122	126	1.32242
122	143	1.36647
122	155	0.572487
122	157	0.375024
122	162	0.457071
122	163	0.478488
122	172	0.592982
123	25	0.510888
123	42	0.598632
123	65	0.492534
123	72	0.504291
123	112	0.530373
123	132	0.494897
123	139	0.532726
123	145	0.543651
123	146	0.478795
123	157	1.49326
123	158	1.45826
123	160	1.43108
123	161	1.43173
123	162	1.29126
123	165	1.26114
123	167	1.22946
123	168	1.21687
123	171	1.26032
123	172	0.507197
123	174	1.23962
123	175	1.2401
123	176	1.23007
123	177	1.24764
123	178	1.24489
123	179	1.26227
123	180	1.26235
124	1	0.681815
124	12	0.443946
124	14	1.37711
124	21	1.29594
124	39	1.44023
124	52	1.28403
124	54	1.28504
124	55	0.460361
124	56	0.425836
124	72	1.32469
124	74	1.29894
124	77	1.40989
124	82	1.34128
124	91	1.3278
124	93	0.457057
124	107	1.37459
124	126	1.3481
124	137	1.39421
124	142	1.31695
124	143	1.39215
124	146	1.38899
124	159	0.572435
124	165	0.476268
124	173	0.463366
124	174	0.485541
124	177	0.48185
124	179	0.456367
125	17	0.509262
125	23	0.432132
125	103	0.504544
125	104	0.483148
125	107	0.493718
125	130	0.503475
125	138	0.489609
125	145	0.530006
125	146	0.46515
125	157	1.54326
125	158	1.50826
125	160	1.48108
125	161	1.48173
125	162	1.34126
125	165	1.31114
125	166	0.487966
125	167	1.27946
125	168	1.26687
125	171	1.31032
125	172	0.493552
125	174	1.28962
125	175	1.2901
125	176	1.28007
125	177	1.29764
125	178	1.29489
125	179	1.31227
125	180	1.31235
126	35	1.39446
126	39	1.42614
126	62	0.468677
126	66	1.3543
126	74	1.28485
126	82	1.32719
126	84	0.473728
126	86	1.33958
126	94	1.40299
126	97	1.28796
126	102	1.30052
126	103	1.34742
126	111	1.40619
126	122	1.32242
126	124	1.3481
126	131	0.544561
126	137	1.38012
126	141	0.574125
126	142	1.30286
126	146	1.3749
126	158	0.370734
126	159	0.558309
126	163	0.462808
126	170	0.580302
126	173	0.44924
126	178	0.462495
126	180	0.457243
127	8	0.564332
127	11	1.27305
127	36	1.48891
127	37	1.47507
127	47	1.38188
127	58	1.35183
127	63	1.43805
127	75	1.3701
127	78	0.432716
127	80	1.34647
127	90	1.38987
127	96	1.37014
127	106	1.31017
127	108	1.56081
127	115	0.426957
127	119	0.499617
127	131	1.39411
127	148	1.41051
127	159	1.41604
127	161	0.385968
127	162	0.439441
127	163	1.42294
127	169	0.453591
127	170	0.578352
127	171	0.449471
127	173	0.447291
127	174	0.469465
127	178	0.460545
128	28	0.560067
128	45	0.549232
128	74	0.505725
128	94	0.474619
128	104	0.529302
128	137	0.477786
128	141	0.53653
128	149	0.5399
128	151	1.40853
128	154	1.45297
128	156	0.544108
128	157	1.46442
128	158	1.42941
128	160	1.40223
128	161	1.40288
128	162	1.26241
128	165	1.23229
128	166	0.534121
128	167	1.20061
128	168	1.18802
128	170	0.542707
128	171	1.23147
128	174	1.21078
128	175	1.21125
128	176	1.20122
128	177	1.21879
128	178	1.21605
128	179	1.23342
128	180	1.2335
129	3	0.458251
129	4	0.544253
129	16	1.391
129	18	0.613134
129	24	1.49156
129	25	1.30658
129	41	1.3922
129	42	1.20227
129	53	1.25964
129	55	0.456917
129	60	1.35059
129	69	1.45269
129	70	1.27122
129	73	1.27109
129	79	1.26309
129	80	0.514214
129	81	1.24371
129	93	0.453613
129	102	1.2875
129	108	1.48011
129	112	1.31587
129	118	1.36252
129	134	1.32638
129	143	0.44931
129	145	0.624437
129	147	0.578206
129	154	0.355224
129	173	1.33198
129	174	0.482096
129	178	0.473177
130	12	0.479412
130	17	1.31474
130	34	0.53768
130	35	0.57643
130	76	0.484487
130	88	1.35513
130	116	0.46622
130	125	0.503475
130	133	1.28945
130	138	1.36596
130	139	1.30345
130	141	1.3416
130	144	1.31394
130	147	1.32466
130	149	1.31627
130	153	1.33657
130	156	1.33204
130	159	1.35073
130	161	0.43751
130	162	0.490982
130	163	1.35763
130	164	1.35582
130	166	1.34557
130	169	1.35996
130	170	1.31778
130	171	0.501013
130	172	1.31872
130	174	0.521006
130	177	0.517316
130	179	0.491832
131	11	1.19779
131	15	0.438922
131	20	0.512295
131	35	1.38688
131	36	1.41364
131	37	1.39981
131	47	1.30662
131	58	1.27657
131	63	1.36278
131	75	1.29483
131	80	1.27121
131	90	1.3146
131	96	1.29488
131	99	0.510283
131	104	1.34209
131	106	1.2349
131	108	1.48555
131	126	0.544561
131	127	1.39411
131	135	0.596956
131	148	1.33524
131	156	0.588631
131	159	1.34077
131	163	1.34767
131	165	0.46907
131	169	0.462469
131	174	0.478342
131	175	0.473986
131	176	0.480294
131	179	0.449168
132	8	1.42666
132	45	1.38454
132	46	0.495655
132	49	1.37436
132	62	0.496045
132	94	0.539582
132	95	1.32728
132	116	0.443997
132	120	1.32502
132	123	0.494897
132	133	1.3344
132	135	1.39806
132	138	1.41092
132	140	0.447532
132	141	1.38656
132	143	0.465996
132	147	1.36962
132	149	1.36123
132	155	1.40409
132	156	1.377
132	157	0.386712
132	163	1.40259
132	164	1.40077
132	165	0.489511
132	166	1.39053
132	170	1.36274
132	172	1.36368
132	176	0.500735
132	177	0.495093
132	179	0.469609
132	180	0.484611
133	1	1.16418
133	2	0.486099
133	32	0.557418
133	45	1.29026
133	46	0.543838
133	55	0.521786
133	99	1.26388
133	109	1.26933
133	120	1.23074
133	121	0.517648
133	130	1.28945
133	132	1.3344
133	134	0.614193
133	138	1.31664
133	141	1.29228
133	144	1.26462
133	147	1.27534
133	148	1.29588
133	149	1.26696
133	153	1.28726
133	155	1.30981
133	160	0.455265
133	163	1.30831
133	164	1.3065
133	166	1.29625
133	167	0.54556
133	168	0.550329
133	170	1.26847
133	172	1.26941
133	173	0.524792
133	174	0.546966
133	175	0.54261
134	3	0.448578
134	16	1.40941
134	22	0.588463
134	24	1.50996
134	25	1.32498
134	41	1.41061
134	42	1.22067
134	53	1.27805
134	60	1.36899
134	69	1.4711
134	70	1.28963
134	71	0.47172
134	73	1.2895
134	79	1.2815
134	81	1.26211
134	102	1.30591
134	108	1.49851
134	112	1.33428
134	118	1.38093
134	119	1.28709
134	129	1.32638
134	133	0.614193
134	148	0.481503
134	155	0.557816
134	157	0.360352
134	165	0.463151
134	169	0.45655
134	170	0.581311
134	171	0.45243
134	173	1.35038
134	174	0.472424
134	180	0.458252
135	26	0.438883
135	65	1.38511
135	67	1.3764
135	78	0.487061
135	93	0.495327
135	95	1.29666
135	120	1.2944
135	131	0.596956
135	132	1.39806
135	139	1.31779
135	140	0.472559
135	145	1.29014
135	147	1.339
135	148	1.35954
135	149	1.33061
135	153	1.35091
135	155	1.37346
135	156	1.34638
135	157	0.411739
135	158	0.423129
135	163	1.37196
135	164	1.37015
135	166	1.35991
135	167	0.522404
135	168	0.527172
135	169	1.3743
135	170	1.33212
135	172	1.33306
135	173	0.501635
135	175	0.519454
135	177	0.52012
135	179	0.494636
136	19	0.51444
136	22	1.28869
136	26	1.49263
136	27	1.27885
136	28	1.28416
136	30	1.30082
136	31	0.553977
136	35	1.3755
136	38	1.20845
136	48	1.32338
136	83	1.31287
136	84	0.511607
136	98	1.27521
136	99	0.541235
136	100	1.28344
136	110	1.28532
136	116	1.42181
136	141	0.612004
136	143	1.35909
136	145	1.25446
136	150	1.28984
136	151	0.418346
136	152	1.37137
136	159	1.32939
136	160	0.417593
136	163	0.500687
136	167	0.507888
136	169	1.33862
136	173	1.32603
136	174	0.509294
136	175	0.504938
136	176	0.511246
136	177	0.505604
137	4	1.40771
137	5	1.22968
137	9	1.44684
137	17	0.57076
137	20	0.483116
137	21	1.32796
137	35	1.44057
137	39	1.47225
137	50	1.38845
137	54	1.31706
137	62	0.446425
137	63	0.525434
137	66	1.40041
137	74	1.33096
137	92	1.37521
137	101	1.43545
137	107	1.40661
137	111	1.4523
137	121	0.419845
137	124	1.39421
137	126	1.38012
137	128	0.477786
137	142	1.34897
137	143	1.42417
137	146	1.42101
137	148	0.458242
137	156	0.559451
137	160	0.357462
137	166	0.549464
137	169	0.433289
137	171	0.429169
137	174	0.449163
137	177	0.445473
138	56	0.447436
138	65	1.39797
138	71	1.35576
138	76	0.470621
138	87	0.486381
138	100	1.33197
138	105	0.592098
138	119	0.537292
138	120	1.30726
138	125	0.489609
138	130	1.36596
138	132	1.41092
138	133	1.31664
138	139	1.33065
138	141	1.36879
138	143	0.474354
138	147	1.35186
138	149	1.34347
138	151	0.416192
138	153	1.36377
138	155	1.38632
138	156	1.35924
138	158	0.406459
138	159	1.37792
138	163	1.38482
138	164	1.38301
138	166	1.37277
138	170	1.34498
138	172	1.34592
138	174	0.507141
138	175	0.502784
138	177	0.50345
138	178	0.498221
138	179	0.477967
139	1	1.17818
139	7	0.576286
139	8	1.34639
139	17	1.27942
139	43	1.20335
139	45	1.30427
139	55	0.511432
139	74	0.608517
139	76	0.500092
139	88	1.31981
139	109	1.28333
139	119	0.566763
139	121	0.507294
139	123	0.532726
139	130	1.30345
139	135	1.31779
139	138	1.33065
139	144	1.27862
139	147	1.28934
139	151	0.445663
139	152	0.567409
139	153	1.30126
139	155	1.32381
139	156	1.29672
139	158	0.43593
139	163	1.32231
139	164	1.3205
139	166	1.31026
139	169	1.32465
139	170	1.28247
139	171	0.516618
139	172	1.28341
139	173	0.514437
139	180	0.52244
140	6	0.435168
140	28	0.480192
140	52	0.506137
140	132	0.447532
140	135	0.472559
140	144	0.498114
