1	93	1.81363
1	161	1.31106
1	164	0.843222
1	168	0.876288
1	170	0.878296
1	172	0.809838
1	173	0.859954
1	174	0.838629
1	175	0.859178
1	177	0.809298
1	179	0.832457
1	180	0.831587
2	82	0.860123
2	120	1.72665
2	133	0.838849
2	149	0.831633
2	158	0.843279
2	161	0.848397
2	162	0.841771
2	163	0.843071
2	165	0.843223
2	171	2.44147
2	176	0.88925
2	178	0.764021
3	135	1.59241
3	154	0.847043
3	163	1.47865
3	169	0.827859
3	171	0.844869
3	172	0.82074
3	173	0.870857
3	174	0.849531
3	175	0.870081
3	177	0.8202
3	179	0.84336
3	180	0.84249
4	16	3.9
4	116	0.84466
4	141	0.849686
4	152	0.832585
4	157	0.830953
4	158	0.832804
4	161	0.837922
4	162	0.831297
4	163	0.832596
4	165	0.832749
4	175	0.42081
4	176	0.878776
5	17	0.869036
5	86	0.92638
5	89	0.901608
5	99	0.947697
5	119	0.946467
5	126	1.39619
5	129	1.78195
5	144	0.955227
5	148	0.94438
5	151	0.923501
5	168	1.23891
5	176	0.983902
6	14	0.707992
6	29	0.845432
6	83	2.0638
6	86	0.828451
6	99	0.849767
6	112	0.88015
6	119	0.848537
6	143	0.866185
6	144	0.857298
6	151	0.825572
6	173	2.09692
6	176	0.885973
7	12	0.997843
7	22	0.967827
7	26	0.878626
7	83	0.619542
7	87	0.913921
7	90	0.961204
7	103	0.911096
7	114	0.913321
7	121	0.935556
7	136	0.913956
7	172	1.91018
7	178	1.94247
8	62	1.21659
8	67	0.778291
8	154	0.93025
8	156	0.961124
8	167	0.923686
8	168	0.970398
8	173	0.954064
8	174	0.932739
8	176	0.755273
8	177	0.903408
8	179	0.926568
8	180	0.925697
9	15	0.869456
9	40	0.840358
9	46	0.84558
9	65	0.862825
9	100	0.845038
9	105	0.856181
9	110	0.824721
9	114	0.81
9	121	0.832235
9	136	0.810635
9	167	1.76905
9	178	2.40233
10	32	0.929669
10	49	0.912509
10	57	1.43898
10	89	0.891214
10	119	0.936072
10	143	0.95372
10	144	0.944833
10	146	1.20044
10	148	0.933985
10	151	0.913107
10	164	1.71073
10	176	0.973508
11	81	1.80002
11	117	0.820743
11	132	0.821515
11	133	0.845511
11	139	0.842425
11	150	0.813483
11	158	0.849941
11	161	0.855059
11	162	0.848434
11	163	0.849733
11	165	0.849886
11	173	2.33289
12	7	0.997843
12	39	0.94336
12	52	0.920775
12	87	0.91955
12	94	0.910975
12	110	0.933671
12	114	0.91895
12	123	1.34483
12	131	0.943304
12	136	0.919585
12	160	1.42735
12	174	1.60316
13	49	0.814974
13	58	0.79073
13	63	0.791866
13	68	0.804859
13	86	0.818451
13	99	0.839767
13	106	0.833879
13	112	0.87015
13	119	0.838537
13	145	1.95021
13	148	0.836451
13	160	2.44596
13	176	0.875973
14	6	0.707992
14	68	0.727539
14	86	0.74113
14	99	0.762447
14	106	0.756558
14	112	0.79283
14	119	0.761217
14	143	0.778864
14	144	0.769978
14	148	0.75913
14	151	0.738251
14	174	4.16455
14	176	0.798653
15	9	0.869456
15	22	0.948391
15	90	0.941767
15	94	0.88591
15	110	0.908606
15	114	0.893885
15	121	0.916119
15	131	0.918239
15	136	0.894519
15	137	1.29508
15	148	0.925465
15	175	1.53296
15	180	1.88205
16	4	3.9
16	28	0.721591
16	36	0.715542
16	155	0.801962
16	167	0.752586
16	168	0.799298
16	171	0.756976
16	173	0.782964
16	174	0.761638
16	175	0.782188
16	177	0.732307
16	179	0.755467
16	180	0.754597
17	5	0.869036
17	68	0.790654
17	71	0.835088
17	89	0.779473
17	103	1.93974
17	106	0.819673
17	112	0.855945
17	119	0.824332
17	143	0.841979
17	148	0.822245
17	150	2.50912
17	151	0.801366
17	176	0.861768
18	89	3.62181
18	146	0.822392
18	150	0.757328
18	167	0.742417
18	168	0.789129
18	170	0.791138
18	172	0.722679
18	173	0.772795
18	174	0.75147
18	175	0.77202
18	177	0.722139
18	179	0.745299
18	180	0.744428
19	145	0.905435
19	150	0.836489
19	163	1.82063
19	169	0.808958
19	172	0.80184
19	173	0.851956
19	174	0.830631
19	175	0.851181
19	176	1.55115
19	177	0.8013
19	178	0.793689
19	179	0.82446
19	180	0.823589
20	26	0.77886
20	46	0.849135
20	52	0.81538
20	56	0.809288
20	73	2.02346
20	75	0.851817
20	90	0.861438
20	110	0.828276
20	111	2.37629
20	114	0.813555
20	131	0.837909
20	136	0.81419
20	148	0.845136
21	85	0.703836
21	133	0.715987
21	156	0.706486
21	157	0.718566
21	158	0.720417
21	163	0.720209
21	165	0.720361
21	167	0.669048
21	170	0.717768
21	172	0.64931
21	173	0.699426
21	180	0.671059
22	7	0.967827
22	15	0.948391
22	23	0.886308
22	42	0.906752
22	65	0.941759
22	74	0.871107
22	87	0.889534
22	91	1.1724
22	94	0.880959
22	131	0.913288
22	136	0.889569
22	151	1.61742
22	179	1.92748
23	22	0.886308
23	40	0.862159
23	121	0.854036
23	131	0.856156
23	136	0.832436
23	139	1.74835
23	159	1.64277
23	160	0.832868
23	172	0.785826
23	174	0.814617
23	177	0.785286
23	179	0.808446
23	180	0.807576
24	140	0.814169
24	141	0.840675
24	142	0.815316
24	143	2.02153
24	152	0.823575
24	157	0.821943
24	159	0.81966
24	161	0.828912
24	162	0.822286
24	163	0.823586
24	165	0.823738
24	173	2.39034
24	176	0.869765
25	92	0.810001
25	96	0.84697
25	107	2.13107
25	117	0.802633
25	135	0.840335
25	138	2.2687
25	140	0.822206
25	149	0.820185
25	157	0.82998
25	158	0.831831
25	159	0.827697
25	161	0.836949
25	162	0.830323
26	7	0.878626
26	20	0.77886
26	30	0.844985
26	39	0.824143
26	46	0.835313
26	65	0.852557
26	67	0.849923
26	114	0.799733
26	121	0.821968
26	131	0.824087
26	136	0.800368
26	137	2.01231
26	179	2.42105
27	115	0.805527
27	117	0.796569
27	123	2.34458
27	128	0.837211
27	134	0.815357
27	139	0.818251
27	149	0.814122
27	152	0.825548
27	158	0.825767
27	159	0.821633
27	165	0.825712
27	170	2.38107
27	176	0.871739
27	178	0.746509
28	16	0.721591
28	156	0.788397
28	160	0.778262
28	162	3.93199
28	167	0.750959
28	168	0.797671
28	169	0.738339
28	171	0.755349
28	172	0.731221
28	174	0.760012
28	175	0.780561
28	177	0.730681
28	179	0.75384
28	180	0.75297
29	6	0.845432
29	32	0.892254
29	63	0.851985
29	89	0.853798
29	99	0.899887
29	106	0.893998
29	112	0.93027
29	119	0.898657
29	127	1.5271
29	144	0.907417
29	148	0.89657
29	173	1.38601
29	176	0.936093
29	180	2.06827
30	26	0.844985
30	42	0.897499
30	65	0.932505
30	87	0.880281
30	94	0.871706
30	100	0.914719
30	110	0.894402
30	114	0.879681
30	121	0.901915
30	131	0.904035
30	136	0.880316
30	156	1.63587
30	164	1.77152
30	166	1.5939
31	68	0.815843
31	102	0.74794
31	106	0.844862
31	119	0.849521
31	125	1.95229
31	143	0.867169
31	149	1.71772
31	167	0.789617
31	170	0.838337
31	171	0.794007
31	172	0.769879
31	175	0.819219
31	176	0.886957
31	180	0.791628
32	10	0.929669
32	29	0.892254
32	58	0.847552
32	86	0.875273
32	89	0.850501
32	106	0.890701
32	112	0.926972
32	119	0.89536
32	126	1.68802
32	147	1.26739
32	148	0.893273
32	150	2.06808
32	151	0.872394
32	176	0.932795
33	51	1.41017
33	139	1.0334
33	156	0.924953
33	157	1.01648
33	164	0.901161
33	169	0.874895
33	171	0.891905
33	172	0.867777
33	173	0.917893
33	174	0.896567
33	175	0.917117
33	177	0.867237
33	179	0.890396
33	180	0.889526
34	134	0.887367
34	135	0.906281
34	153	0.910772
34	157	0.895926
34	158	0.897777
34	159	0.893643
34	161	0.902895
34	162	0.896269
34	163	0.897569
34	165	0.897721
34	170	1.19355
34	172	2.40514
34	174	1.41539
34	178	0.818519
35	53	0.940944
35	108	0.847628
35	133	0.890857
35	139	0.887771
35	149	0.883642
35	153	0.908283
35	157	0.893436
35	159	0.891153
35	161	0.900405
35	162	0.89378
35	165	0.895232
35	172	2.21246
35	177	1.93156
35	178	0.816029
36	16	0.715542
36	102	0.703234
36	117	4.20118
36	156	0.782348
36	166	0.794648
36	168	0.791622
36	169	0.73229
36	170	0.793631
36	171	0.7493
36	172	0.725172
36	174	0.753963
36	175	0.774513
36	177	0.724632
36	179	0.747792
36	180	0.746921
37	115	0.865735
37	117	0.856777
37	125	0.862418
37	126	2.10502
37	132	0.857549
37	140	0.876351
37	142	0.877497
37	144	1.65587
37	145	1.49906
37	149	0.87433
37	157	0.884125
37	158	0.885975
37	161	0.891093
37	162	0.884468
37	165	0.88592
38	52	0.866861
38	74	0.847208
38	75	0.903297
38	87	0.865635
38	90	0.912918
38	94	0.85706
38	103	0.86281
38	110	0.879757
38	114	0.865035
38	121	0.88727
38	122	1.30525
38	124	1.75023
38	131	0.889389
38	136	0.86567
38	171	2.24454
39	12	0.94336
39	26	0.824143
39	56	0.854571
39	67	0.909028
39	73	1.15686
39	74	0.841011
39	90	0.906721
39	103	0.856613
39	110	0.873559
39	114	0.858838
39	121	0.881073
39	136	0.859473
39	148	0.890418
39	168	1.7353
39	171	2.41301
40	9	0.840358
40	23	0.862159
40	42	0.882604
40	46	0.900366
40	47	1.95092
40	56	0.860519
40	74	0.846958
40	90	0.912668
40	108	0.983646
40	110	0.879507
40	114	0.864786
40	131	0.88914
40	136	0.865421
40	148	0.896366
40	178	2.38077
41	62	0.844586
41	66	0.900637
41	104	0.873549
41	107	1.3859
41	124	2.03928
41	134	0.869268
41	139	0.872161
41	149	0.868032
41	157	0.877827
41	159	0.875544
41	161	0.884796
41	162	0.878171
41	163	0.87947
41	165	0.879623
41	170	1.85692
42	22	0.906752
42	30	0.897499
42	40	0.882604
42	52	0.854072
42	65	0.905071
42	74	0.834419
42	90	0.900129
42	110	0.866967
42	114	0.852246
42	121	0.874481
42	131	0.8766
42	136	0.852881
42	156	1.43467
42	169	2.02088
42	179	1.84066
43	88	1.45504
43	101	0.882763
43	105	1.68357
43	141	0.894233
43	149	0.865706
43	152	0.877133
43	158	0.877352
43	159	0.873218
43	161	0.88247
43	162	0.875844
43	163	0.877144
43	165	0.877296
43	173	2.10411
43	176	0.923323
43	178	0.798094
44	141	1.25332
44	148	1.09081
44	154	0.873016
44	160	0.893756
44	164	0.880098
44	165	1.38306
44	168	0.913164
44	169	0.853832
44	171	0.870842
44	172	0.846714
44	173	0.89683
44	174	0.875505
44	175	0.896055
44	179	0.869334
44	180	0.868463
45	65	1.21981
45	115	1.30913
45	147	0.929451
45	156	0.890928
45	160	0.880793
45	165	1.19528
45	168	0.900202
45	170	0.90221
45	171	0.857879
45	173	0.883868
45	174	0.862542
45	175	0.883092
45	177	0.833211
45	179	0.856371
45	180	0.855501
46	9	0.84558
46	20	0.849135
46	26	0.835313
46	40	0.900366
46	56	0.865741
46	65	0.922833
46	94	0.862033
46	110	0.88473
46	113	2.47728
46	114	0.870008
46	131	0.894362
46	136	0.870643
46	148	0.901589
46	156	1.37336
46	164	1.509
47	40	1.95092
47	137	0.831334
47	154	0.800502
47	160	0.821241
47	163	2.2853
47	166	0.843675
47	169	0.781317
47	170	0.842658
47	171	0.798327
47	173	0.824315
47	174	0.80299
47	175	0.82354
47	177	0.773659
47	179	0.796819
47	180	0.795949
48	66	2.23948
48	112	1.62452
48	151	0.826471
48	155	0.838908
48	166	0.83927
48	167	0.789532
48	168	0.836244
48	169	0.776912
48	170	0.838253
48	173	0.81991
48	174	0.798585
48	175	0.819135
48	177	0.769254
48	179	0.792414
48	180	0.791544
49	10	0.912509
49	13	0.814974
49	63	0.831527
49	68	0.844521
49	71	0.888955
49	99	0.879429
49	112	0.909812
49	119	0.878199
49	143	0.895846
49	148	0.876112
49	150	1.98027
49	151	0.855233
49	166	1.4541
49	176	0.915634
49	179	1.90207
50	99	4.47563
50	113	0.733292
50	128	0.781537
50	134	0.759683
50	140	0.760468
50	142	0.761615
50	151	0.755663
50	161	0.775211
50	165	0.770038
50	168	0.765436
50	171	0.723114
50	173	0.749102
50	175	0.748327
50	177	0.698446
50	179	0.721606
50	180	0.720735
51	33	1.41017
51	101	0.868334
51	135	0.871427
51	138	1.67426
51	140	0.853298
51	152	0.862703
51	153	0.875918
51	157	0.861071
51	158	0.862922
51	161	0.86804
51	162	0.861415
51	163	0.862714
51	165	0.862867
51	174	2.22949
51	176	0.908894
51	178	0.783664
52	12	0.920775
52	20	0.81538
52	38	0.866861
52	42	0.854072
52	75	0.874516
52	76	2.84557
52	84	1.54828
52	87	0.836853
52	100	0.871291
52	105	0.882434
52	110	0.850975
52	121	0.858488
52	131	0.860607
52	136	0.836888
52	148	0.867834
52	171	1.44581
53	35	0.940944
53	64	2.29333
53	135	0.938852
53	139	0.922831
53	141	0.947229
53	147	0.888401
53	152	0.930129
53	153	0.943343
53	155	1.05836
53	157	0.928497
53	159	0.926214
53	161	0.935466
53	162	0.92884
53	163	0.93014
53	165	0.930293
53	179	1.61089
54	116	0.874037
54	133	0.857752
54	135	0.870686
54	139	0.854665
54	145	1.53974
54	149	0.850536
54	152	0.861963
54	157	0.860331
54	158	0.862182
54	159	0.858048
54	160	2.0355
54	161	0.867299
54	162	0.860674
54	163	0.861974
54	165	0.862126
54	168	1.98841
55	71	1.52222
55	152	1.29454
55	159	1.23076
55	164	0.868261
55	166	0.904353
55	167	0.854616
55	168	0.901328
55	169	0.841996
55	171	0.859006
55	172	0.834877
55	173	0.884994
55	174	0.863668
55	175	0.884218
55	177	0.834337
55	179	0.857497
55	180	0.856627
56	20	0.809288
56	39	0.854571
56	40	0.860519
56	46	0.865741
56	65	0.882985
56	75	0.868423
56	84	1.98446
56	87	0.830761
56	90	0.878044
56	94	0.822186
56	103	0.827936
56	113	2.36133
56	121	0.852396
56	131	0.854515
56	136	0.830796
56	148	0.861741
56	150	1.74161
57	10	1.43898
57	145	0.916831
57	153	1.62771
57	155	0.88235
57	157	1.52995
57	164	0.84662
57	167	0.832974
57	168	0.879686
57	170	0.881695
57	171	0.837364
57	172	0.813236
57	173	0.863352
57	174	0.842027
57	175	0.862577
57	177	0.812696
57	179	0.835856
57	180	0.834986
58	13	0.79073
58	32	0.847552
58	71	0.864711
58	86	0.833868
58	89	0.809096
58	99	0.855185
58	102	3.36491
58	106	0.849296
58	107	0.718508
58	112	0.885567
58	119	0.853955
58	143	0.871602
58	144	0.862715
58	148	0.851868
58	151	0.830989
58	171	1.8662
58	176	0.89139
59	116	1.15834
59	128	1.11209
59	137	0.945118
59	158	1.1056
59	160	0.935024
59	164	0.921367
59	168	0.954433
59	169	0.895101
59	170	0.956441
59	172	0.887983
59	174	0.916773
59	175	0.937323
59	176	0.684202
59	177	0.887443
59	178	0.879832
59	179	0.910602
59	180	0.909732
60	72	0.934911
60	135	0.926971
60	142	0.909988
60	145	0.996891
60	149	0.906821
60	153	0.931462
60	157	0.916616
60	158	0.918466
60	159	0.914333
60	161	0.923584
60	162	0.916959
60	163	0.918259
60	165	0.918411
60	169	2.08492
60	171	2.12328
60	176	0.964438
60	178	0.839208
61	90	1.27726
61	138	0.89059
61	146	0.914077
61	148	1.36493
61	153	1.67454
61	154	0.840667
61	167	0.834102
61	168	0.880814
61	169	0.821482
61	170	0.882823
61	172	0.814364
61	173	0.86448
61	174	0.843155
61	175	0.863705
61	177	0.813824
61	179	0.836984
61	180	0.836114
62	8	1.21659
62	41	0.844586
62	95	0.869983
62	125	0.826041
62	141	0.86648
62	142	0.841121
62	152	0.84938
62	153	0.862594
62	157	0.847748
62	158	0.849599
62	159	0.845465
62	161	0.854717
62	162	0.848091
62	163	0.849391
62	165	0.849543
62	179	2.12119
62	180	2.29943
63	13	0.791866
63	29	0.851985
63	49	0.831527
63	68	0.821413
63	86	0.835004
63	99	0.856321
63	106	0.850432
63	112	0.886704
63	119	0.855091
63	143	0.872738
63	144	0.863852
63	148	0.853004
63	151	0.832125
63	167	1.89714
63	174	1.50837
63	176	0.892527
63	178	2.53042
64	53	2.29333
64	137	0.810786
64	145	0.857246
64	148	2.54266
64	156	0.810828
64	160	0.800693
64	164	0.787035
64	166	0.823127
64	168	0.820102
64	169	0.76077
64	170	0.82211
64	172	0.753651
64	174	0.782442
64	175	0.802992
64	177	0.753111
64	179	0.776271
64	180	0.775401
65	9	0.862825
65	22	0.941759
65	26	0.852557
65	30	0.932505
65	42	0.905071
65	45	1.21981
65	46	0.922833
65	56	0.882985
65	67	0.937443
65	74	0.869425
65	87	0.887852
65	103	0.885028
65	130	1.87803
65	131	0.911607
65	136	0.887888
65	146	1.39635
65	148	0.918833
65	170	1.7189
66	41	0.900637
66	48	2.23948
66	115	0.885409
66	117	0.876452
66	124	1.2418
66	133	0.90122
66	140	0.896025
66	142	0.897172
66	149	0.894004
66	153	0.918645
66	158	0.90565
66	159	0.901516
66	161	0.910768
66	162	0.904142
66	163	0.905442
66	165	0.905594
66	167	1.67005
66	168	1.05839
67	8	0.778291
67	26	0.849923
67	39	0.909028
67	65	0.937443
67	87	0.885218
67	90	0.932501
67	94	0.876643
67	100	0.919656
67	103	0.882393
67	110	0.89934
67	114	0.884618
67	121	0.906853
67	131	0.908972
67	136	0.885253
67	148	0.916199
67	154	1.76767
67	168	1.22375
67	178	2.46868
68	13	0.804859
68	14	0.727539
68	17	0.790654
68	31	0.815843
68	49	0.844521
68	63	0.821413
68	71	0.878841
68	89	0.823226
68	99	0.869314
68	106	0.863426
68	119	0.868084
68	130	1.82984
68	144	0.876845
68	148	0.865998
68	151	0.845119
68	167	2.28131
68	176	0.90552
68	179	2.1288
69	116	1.73814
69	141	1.62684
69	160	0.85687
69	164	0.843213
69	166	0.879304
69	167	0.829567
69	168	0.876279
69	169	0.816947
69	170	0.878287
69	171	0.833957
69	173	0.859945
69	174	0.83862
69	175	0.859169
69	176	1.264
69	177	0.809289
69	178	0.801678
69	179	0.832448
69	180	0.831578
70	129	0.783964
70	138	0.830574
70	155	0.823462
70	159	2.57602
70	162	2.29406
70	164	0.787732
70	166	0.823823
70	167	0.774086
70	168	0.820798
70	169	0.761466
70	171	0.778476
70	172	0.754348
70	173	0.804464
70	174	0.783139
70	175	0.803689
70	177	0.753808
70	179	0.776968
70	180	0.776097
71	17	0.835088
71	49	0.888955
71	55	1.52222
71	58	0.864711
71	68	0.878841
71	79	1.43576
71	86	0.892432
71	89	0.86766
71	106	0.90786
71	112	0.944131
71	119	0.912518
71	143	0.930166
71	144	0.921279
71	145	1.36703
71	148	0.910432
71	151	0.889553
71	166	1.82687
71	176	0.949954
72	60	0.934911
72	93	1.72217
72	136	0.876337
72	152	1.07737
72	164	0.906108
72	166	0.942199
72	167	0.892462
72	168	0.939174
72	169	0.879842
72	170	0.941182
72	172	0.872724
72	173	0.92284
72	174	0.901514
72	175	0.922064
72	177	0.872184
72	178	0.864573
72	179	0.895343
72	180	0.894473
73	20	2.02346
73	39	1.15686
73	146	0.965794
73	156	0.923257
73	157	1.03447
73	162	0.66384
73	166	0.935557
73	167	0.885819
73	169	0.873199
73	170	0.93454
73	171	0.890209
73	172	0.866081
73	173	0.916197
73	174	0.894872
73	175	0.915422
73	177	0.865541
73	179	0.888701
73	180	0.887831
74	22	0.871107
74	38	0.847208
74	39	0.841011
74	40	0.846958
74	42	0.834419
74	65	0.869425
74	75	0.854863
74	87	0.817201
74	94	0.808626
74	100	0.851639
74	114	0.816601
74	121	0.838836
74	131	0.840955
74	136	0.817236
74	148	0.848181
74	155	1.78793
74	169	2.52067
74	170	1.88237
75	20	0.851817
75	38	0.903297
75	52	0.874516
75	56	0.868423
75	74	0.854863
75	87	0.87329
75	90	0.920573
75	94	0.864715
75	100	0.907728
75	105	0.918871
75	110	0.887411
75	120	1.63944
75	121	0.894925
75	131	0.897044
75	136	0.873325
75	148	0.904271
75	156	1.72969
75	160	1.72363
75	168	1.67654
76	52	2.84557
76	112	2.52091
76	149	0.797008
76	153	0.821649
76	154	0.763849
76	157	0.806802
76	159	0.804519
76	163	0.808445
76	165	0.808598
76	166	0.807022
76	169	0.744665
76	170	0.806005
76	172	0.737546
76	173	0.787663
76	176	0.854625
76	177	0.737006
76	178	0.729395
76	179	0.760166
76	180	0.759296
77	78	1.56854
77	95	0.90863
77	96	0.903384
77	116	0.900101
77	133	0.883815
77	134	0.877835
77	140	0.878621
77	142	0.879767
77	150	0.851787
77	152	0.888027
77	157	0.886394
77	159	0.884111
77	161	0.893363
77	162	0.886738
77	163	0.888038
77	165	0.88819
77	175	1.46642
77	177	2.10987
77	179	1.63727
78	77	1.56854
78	95	1.57794
78	127	0.86516
78	149	2.01338
78	155	0.869467
78	164	0.833737
78	166	0.869828
78	167	0.820091
78	168	0.866803
78	169	0.807471
78	170	0.868812
78	171	0.824481
78	172	0.800353
78	174	0.829144
78	175	0.849693
78	177	0.799813
78	178	0.792202
78	179	0.822972
78	180	0.822102
79	71	1.43576
79	87	1.42064
79	156	0.909783
79	157	1.23297
79	160	0.899649
79	164	0.885991
79	166	0.922083
79	167	0.872345
79	168	0.919057
79	170	0.921066
79	171	0.876735
79	172	0.852607
79	173	0.902723
79	174	0.881398
79	175	0.901948
79	176	0.820793
79	177	0.852067
79	179	0.875227
79	180	0.874357
80	94	1.71712
80	104	1.57332
80	127	0.860795
80	155	0.865103
80	160	0.84303
80	165	1.64821
80	166	0.865464
80	167	0.815727
80	168	0.862439
80	169	0.803107
80	170	0.864447
80	171	0.820117
80	172	0.795988
80	173	0.846105
80	174	0.824779
80	175	0.845329
80	177	0.795449
80	179	0.818608
80	180	0.817738
81	11	1.80002
81	100	1.03823
81	131	1.01125
81	149	1.04523
81	154	0.879319
81	155	0.922131
81	160	0.900058
81	166	0.922492
81	168	0.919467
81	169	0.860135
81	170	0.921476
81	171	0.877145
81	172	0.853017
81	173	0.903133
81	174	0.881808
81	175	0.902357
81	177	0.852477
81	179	0.875636
81	180	0.874766
82	2	0.860123
82	96	0.916675
82	104	0.895407
82	115	0.881296
82	117	0.872338
82	132	0.87311
82	134	0.891126
82	140	0.891911
82	154	1.69423
82	157	0.899685
82	158	0.901536
82	159	0.897402
82	160	1.1974
82	162	0.900028
82	163	0.901328
82	165	0.901481
82	177	2.08206
82	178	0.822278
82	180	1.7877
83	6	2.0638
83	7	0.619542
83	89	1.12939
83	125	0.889313
83	136	1.30899
83	141	0.929752
83	142	0.904392
83	157	0.911019
83	160	0.888805
83	163	0.912662
83	165	0.912815
83	166	0.911239
83	167	0.861501
83	170	0.910222
83	171	0.865891
83	174	0.870554
83	178	0.833612
83	179	0.864383
83	180	0.863513
84	52	1.54828
84	56	1.98446
84	128	0.856623
84	135	0.853684
84	136	2.16717
84	149	0.833534
84	153	0.858175
84	154	0.800375
84	160	0.821114
84	162	0.843672
84	163	0.844972
84	165	0.845124
84	171	0.798201
84	172	0.774072
84	173	0.824189
84	175	0.823413
84	176	0.891151
84	177	0.773533
84	179	0.796692
84	180	0.795822
85	21	0.703836
85	101	1.50528
85	126	0.843426
85	133	1.92615
85	139	1.8186
85	151	0.853681
85	155	0.866118
85	160	0.844045
85	166	0.866479
85	167	0.816742
85	169	0.804122
85	170	0.865462
85	171	0.821132
85	172	0.797004
85	173	0.84712
85	174	0.825794
85	175	0.846344
85	177	0.796464
85	179	0.819623
85	180	0.818753
86	5	0.92638
86	6	0.828451
86	13	0.818451
86	14	0.74113
86	32	0.875273
86	58	0.833868
86	63	0.835004
86	71	0.892432
86	89	0.836817
86	99	0.882906
86	105	1.28016
86	106	0.877017
86	112	0.913289
86	119	0.881676
86	143	0.899323
86	148	0.879589
86	151	0.85871
86	167	2.35724
86	170	1.74663
86	174	1.96847
86	176	0.919111
87	7	0.913921
87	12	0.91955
87	22	0.889534
87	30	0.880281
87	38	0.865635
87	52	0.836853
87	56	0.830761
87	65	0.887852
87	67	0.885218
87	74	0.817201
87	75	0.87329
87	79	1.42064
87	90	0.882911
87	91	1.50463
87	94	0.827053
87	98	1.87894
87	103	0.832803
87	121	0.857263
87	129	2.34362
87	131	0.859382
87	136	0.835663
88	43	1.45504
88	138	0.957503
88	149	0.929032
88	153	1.01673
88	155	0.950392
88	156	0.938453
88	159	0.830298
88	161	1.0363
88	164	0.914661
88	166	0.950753
88	168	0.947727
88	169	0.888396
88	170	0.949736
88	171	0.905405
88	172	0.881277
88	173	0.931393
88	174	0.910068
88	175	0.930618
88	177	0.880737
88	179	0.903897
88	180	0.903027
89	5	0.901608
89	10	0.891214
89	17	0.779473
89	18	3.62181
89	29	0.853798
89	32	0.850501
89	58	0.809096
89	68	0.823226
89	71	0.86766
89	83	1.12939
89	86	0.836817
89	99	0.858134
89	106	0.852245
89	112	0.888517
89	119	0.856904
89	143	0.874551
89	144	0.865664
89	148	0.854817
89	151	0.833938
89	166	1.21856
89	173	1.16251
89	176	0.89434
90	7	0.961204
90	15	0.941767
90	20	0.861438
90	38	0.912918
90	39	0.906721
90	40	0.912668
90	42	0.900129
90	56	0.878044
90	61	1.27726
90	67	0.932501
90	75	0.920573
90	87	0.882911
90	110	0.897032
90	114	0.882311
90	121	0.904545
90	131	0.906665
90	136	0.882946
90	146	0.991897
90	148	0.913891
90	170	1.31445
90	174	1.53629
90	178	2.55833
91	22	1.1724
91	87	1.50463
91	121	0.770045
91	137	0.930581
91	148	1.10513
91	154	0.899748
91	155	0.94256
91	156	0.930622
91	159	1.2283
91	160	0.920488
91	164	0.90683
91	167	0.893184
91	168	0.939896
91	169	0.880564
91	170	0.941905
91	171	0.897574
91	174	0.902237
91	175	0.922787
91	177	0.872906
91	178	0.865295
91	179	0.896066
91	180	0.895195
92	25	0.810001
92	116	0.874717
92	120	1.87971
92	125	0.839304
92	127	2.01303
92	133	0.858431
92	134	0.852451
92	135	0.871366
92	139	0.855345
92	140	0.853237
92	144	1.62496
92	149	0.851216
92	153	0.875857
92	157	0.86101
92	158	0.862861
92	159	0.858727
92	162	0.861354
92	163	0.862653
92	165	0.862806
92	174	2.13971
92	176	0.908833
92	178	0.783603
93	1	1.81363
93	72	1.72217
93	101	0.863752
93	107	1.76284
93	118	1.79775
93	125	0.834783
93	128	0.869785
93	132	0.829914
93	135	0.866845
93	141	0.875222
93	149	0.846695
93	152	0.858122
93	153	0.871336
93	157	0.85649
93	158	0.858341
93	159	0.854207
93	161	0.863459
93	162	0.856833
93	163	0.858133
93	165	0.858285
93	176	0.904312
93	178	0.779083
94	12	0.910975
94	15	0.88591
94	22	0.880959
94	30	0.871706
94	38	0.85706
94	46	0.862033
94	56	0.822186
94	67	0.876643
94	74	0.808626
94	75	0.864715
94	80	1.71712
94	87	0.827053
94	98	1.84059
94	105	0.872634
94	110	0.841174
94	114	0.826453
94	121	0.848688
94	131	0.850807
94	136	0.827088
94	148	0.858034
94	156	1.81536
94	175	2.05051
95	62	0.869983
95	77	0.90863
95	78	1.57794
95	109	0.897143
95	127	1.28374
95	132	0.876649
95	134	0.894665
95	135	0.91358
95	137	1.23794
95	140	0.895451
95	141	0.921957
95	149	0.89343
95	150	0.868617
95	152	0.904856
95	157	0.903224
95	158	0.905075
95	159	0.900941
95	161	0.910193
95	163	0.904867
95	165	0.90502
95	172	2.40017
95	175	1.47582
95	178	0.825817
96	25	0.84697
96	77	0.903384
96	82	0.916675
96	109	0.891898
96	111	1.31309
96	133	0.8954
96	139	0.892314
96	140	0.890206
96	142	0.891352
96	151	1.68779
96	153	0.912826
96	157	0.897979
96	158	0.89983
96	159	0.895696
96	161	0.904948
96	162	0.898323
96	163	0.899622
96	165	0.899775
96	166	1.54987
96	167	2.15036
96	170	1.53975
96	176	0.945802
96	178	0.820572
97	101	1.17787
97	115	1.66853
97	138	0.894929
97	148	1.26243
97	155	0.887817
97	156	0.875879
97	157	1.47427
97	160	0.865744
97	164	0.852087
97	166	0.888178
97	167	0.838441
97	168	0.885153
97	169	0.825821
97	170	0.887161
97	171	0.842831
97	172	0.818703
97	173	0.868819
97	174	0.847493
97	175	0.868043
97	177	0.818163
97	179	0.841322
97	180	0.840452
98	87	1.87894
98	94	1.84059
98	114	1.13647
98	116	0.886174
98	142	0.86584
98	148	1.47943
98	155	0.872325
98	157	0.872467
98	158	0.874318
98	159	0.870184
98	161	0.879436
98	164	0.836595
98	165	0.874262
98	167	0.822949
98	171	0.827339
98	172	0.803211
98	174	0.832002
98	175	0.852551
98	176	0.920289
98	177	0.802671
98	178	0.79506
98	179	0.82583
98	180	0.82496
99	5	0.947697
99	6	0.849767
99	13	0.839767
99	14	0.762447
99	29	0.899887
99	49	0.879429
99	50	4.47563
99	58	0.855185
99	63	0.856321
99	68	0.869314
99	86	0.882906
99	89	0.858134
99	106	0.898334
99	112	0.934605
99	113	1.66088
99	119	0.902992
99	120	0.466713
99	143	0.92064
99	144	0.911753
99	148	0.900906
99	150	1.04116
99	151	0.880027
99	174	0.72671
99	176	0.940428
100	9	0.845038
100	30	0.914719
100	52	0.871291
100	67	0.919656
100	74	0.851639
100	75	0.907728
100	81	1.03823
100	114	0.869466
100	121	0.891701
100	131	0.89382
100	134	0.884187
100	136	0.870101
100	139	0.887081
100	143	1.20229
100	152	0.894379
100	153	0.907593
100	158	0.894597
100	159	0.890464
100	161	0.899715
100	162	0.89309
100	168	1.61598
100	174	1.83887
100	177	2.54772
100	178	0.815339
101	43	0.882763
101	51	0.868334
101	85	1.50528
101	93	0.863752
101	97	1.17787
101	111	1.09089
101	116	0.901958
101	132	0.861676
101	139	0.882586
101	140	0.880478
101	141	0.906984
101	149	0.878457
101	152	0.889884
101	153	0.903098
101	157	0.888252
101	159	0.885969
101	161	0.895221
101	162	0.888595
101	163	0.889895
101	165	0.890047
101	176	0.936074
101	177	2.24825
101	178	0.810845
101	180	1.95389
102	31	0.74794
102	36	0.703234
102	58	3.36491
102	114	3.23453
102	139	0.784129
102	142	0.783168
102	152	0.791427
102	153	0.804642
102	155	0.789653
102	161	0.796764
102	162	0.790139
102	163	0.791438
102	165	0.791591
102	167	0.740277
102	169	0.727657
102	170	0.788998
102	171	0.744667
102	174	0.74933
102	175	0.76988
102	176	0.837617
102	177	0.719999
102	179	0.743159
102	180	0.742289
103	7	0.911096
103	17	1.93974
103	38	0.86281
103	39	0.856613
103	56	0.827936
103	65	0.885028
103	67	0.882393
103	87	0.832803
103	121	0.854438
103	136	0.832838
103	147	0.881928
103	148	0.863783
103	157	1.58087
103	161	1.69821
103	162	1.21024
103	166	0.855703
103	171	0.810356
103	172	0.786228
103	173	0.836344
103	174	0.815018
103	175	0.835568
103	177	0.785688
103	179	0.808847
103	180	0.807977
104	41	0.873549
104	80	1.57332
104	82	0.895407
104	117	0.849364
104	122	1.35685
104	125	0.855005
104	128	0.890006
104	129	0.837071
104	133	0.874132
104	139	0.871045
104	140	0.868937
104	142	0.870084
104	143	1.20473
104	150	0.842104
104	152	0.878343
104	153	0.891557
104	158	0.878562
104	159	0.874428
104	161	0.88368
104	162	0.877054
104	163	0.878354
104	165	0.878507
104	174	1.84131
104	176	0.924533
104	177	2.55016
105	9	0.856181
105	43	1.68357
105	52	0.882434
105	75	0.918871
105	86	1.28016
105	94	0.872634
105	110	0.89533
105	114	0.880609
105	121	0.902844
105	131	0.904963
105	133	1.27196
105	136	0.881244
105	148	0.912189
105	153	1.24526
105	154	0.860936
105	161	1.26483
105	164	0.868017
105	169	0.841752
105	170	0.903092
105	172	0.834634
105	173	0.88475
105	175	0.883974
105	177	0.834094
105	179	0.857253
105	180	0.856383
106	13	0.833879
106	14	0.756558
106	17	0.819673
106	29	0.893998
106	31	0.844862
106	32	0.890701
106	58	0.849296
106	63	0.850432
106	68	0.863426
106	71	0.90786
106	86	0.877017
106	89	0.852245
106	99	0.898334
106	112	0.928716
106	119	0.897104
106	130	1.62555
106	138	1.13303
106	143	0.914751
106	144	0.905864
106	148	0.895017
106	150	2.00271
106	151	0.874138
106	154	2.00929
106	169	2.10473
106	176	0.934539
107	25	2.13107
107	41	1.3859
107	58	0.718508
107	93	1.76284
107	109	1.24839
107	122	0.913007
107	137	0.889132
107	146	0.931709
107	147	0.927697
107	156	0.889173
107	160	0.879038
107	164	0.86538
107	166	0.901472
107	167	0.851735
107	168	0.898447
107	169	0.839115
107	170	0.900455
107	171	0.856125
107	172	0.831997
107	173	0.882113
107	174	0.860787
107	175	0.881337
107	177	0.831457
107	179	0.854616
107	180	0.853746
108	35	0.847628
108	40	0.983646
108	115	1.65498
108	122	0.911957
108	125	1.70535
108	126	0.877369
108	138	0.907172
108	147	0.926647
108	155	0.900061
108	156	0.888123
108	160	0.877988
108	164	0.86433
108	165	1.54113
108	166	0.900422
108	168	0.897397
108	169	0.838065
108	170	0.899405
108	171	0.855075
108	172	0.830947
108	173	0.881063
108	174	0.859737
108	175	0.880287
108	177	0.830407
108	179	0.853566
108	180	0.852696
109	95	0.897143
109	96	0.891898
109	107	1.24839
109	124	1.90177
109	133	0.872329
109	134	0.866349
109	135	0.885263
109	141	0.89364
109	142	0.868281
109	143	1.30467
109	144	1.4265
109	149	0.865113
109	150	0.840301
109	152	0.87654
109	153	0.889754
109	157	0.874908
109	158	0.876759
109	159	0.872625
109	161	0.881877
109	162	0.875251
109	163	0.876551
109	165	0.876703
109	176	0.92273
109	177	2.6501
109	178	0.797501
110	9	0.824721
110	12	0.933671
110	15	0.908606
110	20	0.828276
110	30	0.894402
110	38	0.879757
110	39	0.873559
110	40	0.879507
110	42	0.866967
110	46	0.88473
110	52	0.850975
110	67	0.89934
110	75	0.887411
110	90	0.897032
110	94	0.841174
110	105	0.89533
110	114	0.849149
110	131	0.873503
110	136	0.849784
110	148	0.88073
110	150	2.01864
110	166	1.49246
110	168	1.48129
110	175	1.76958
110	180	2.11867
111	20	2.37629
111	96	1.31309
111	101	1.09089
111	123	0.882003
111	126	0.874846
111	145	0.932018
111	146	0.928136
111	153	1.48506
111	154	0.854726
111	156	0.885599
111	162	1.01666
111	164	0.861807
111	166	0.897899
111	167	0.848161
111	168	0.894873
111	169	0.835541
111	170	0.896882
111	171	0.852551
111	172	0.828423
111	173	0.878539
111	174	0.857214
111	175	0.877764
111	177	0.827883
111	178	0.820272
111	179	0.851043
111	180	0.850173
112	6	0.88015
112	13	0.87015
112	14	0.79283
112	17	0.855945
112	29	0.93027
112	32	0.926972
112	48	1.62452
112	49	0.909812
112	58	0.885567
112	63	0.886704
112	71	0.944131
112	76	2.52091
112	86	0.913289
112	89	0.888517
112	99	0.934605
112	106	0.928716
112	113	1.6005
112	119	0.933375
112	143	0.951023
112	144	0.942136
112	148	0.931288
112	151	0.91041
112	170	0.444489
112	171	1.12115
112	172	1.65608
112	176	0.970811
113	46	2.47728
113	50	0.733292
113	56	2.36133
113	99	1.66088
113	112	1.6005
113	117	0.818692
113	125	0.824333
113	127	0.84159
113	130	0.842678
113	135	0.856394
113	138	0.853009
113	152	0.847671
113	157	0.846039
113	158	0.84789
113	162	0.846383
113	163	0.847682
113	165	0.847835
113	169	0.783901
113	170	0.845242
113	171	0.800911
113	172	0.776783
113	173	0.826899
113	176	0.893861
113	177	0.776243
113	178	0.768632
113	179	0.799403
113	180	0.798532
114	7	0.913321
114	9	0.81
114	12	0.91895
114	15	0.893885
114	20	0.813555
114	26	0.799733
114	30	0.879681
114	38	0.865035
114	39	0.858838
114	40	0.864786
114	42	0.852246
114	46	0.870008
114	67	0.884618
114	74	0.816601
114	90	0.882311
114	94	0.826453
114	98	1.13647
114	100	0.869466
114	102	3.23453
114	105	0.880609
114	110	0.849149
114	121	0.856663
114	130	1.21829
114	131	0.858782
114	136	0.835063
114	170	1.05915
114	178	2.30304
115	27	0.805527
115	37	0.865735
115	45	1.30913
115	66	0.885409
115	82	0.881296
115	97	1.66853
115	108	1.65498
115	116	0.876307
115	117	0.835253
115	125	0.840894
115	127	1.90338
115	128	0.875895
115	132	0.836025
115	134	0.854041
115	139	0.856934
115	140	0.854826
115	142	0.855973
115	149	0.852805
115	152	0.864232
115	153	0.877446
115	157	0.8626
115	158	0.864451
115	159	0.860317
115	161	0.869569
115	162	0.862943
115	163	0.864243
115	175	2.09546
116	4	0.84466
116	54	0.874037
116	59	1.15834
116	69	1.73814
116	77	0.900101
116	92	0.874717
116	98	0.886174
116	101	0.901958
116	115	0.876307
116	117	0.867349
116	125	0.87299
116	139	0.88903
116	140	0.886922
116	141	0.913428
116	142	0.888069
116	144	1.38301
116	152	0.896328
116	153	0.909543
116	157	0.894696
116	158	0.896547
116	159	0.892413
116	161	0.901665
116	163	0.896339
116	164	1.86365
116	165	0.896492
116	168	1.67487
116	173	1.62999
116	176	0.942518
117	11	0.820743
117	25	0.802633
117	27	0.796569
117	36	4.20118
117	37	0.856777
117	66	0.876452
117	82	0.872338
117	104	0.849364
117	113	0.818692
117	115	0.835253
117	116	0.867349
117	130	1.34684
117	135	0.863998
117	139	0.847977
117	140	0.845868
117	141	0.872375
117	142	0.847015
117	151	1.33574
117	152	0.855274
117	153	0.868489
117	154	1.73058
117	157	0.853642
117	159	0.851359
117	161	0.860611
117	162	0.853986
117	163	0.855285
117	165	0.855438
117	166	1.19783
117	178	0.776235
118	93	1.79775
118	124	0.893849
118	130	0.909724
118	133	1.30231
118	135	1.14891
118	137	0.900964
118	141	1.1285
118	142	1.26196
118	145	0.947424
118	154	0.870132
118	155	0.912944
118	156	0.901006
118	160	0.890871
118	164	0.877213
118	166	0.913305
118	167	0.863568
118	168	0.91028
118	169	0.850948
118	170	0.912288
118	171	0.867958
118	172	0.843829
118	173	0.893946
118	174	0.87262
118	175	0.89317
118	176	0.76566
118	177	0.843289
118	178	0.835678
118	179	0.866449
118	180	0.865579
119	5	0.946467
119	6	0.848537
119	10	0.936072
119	13	0.838537
119	14	0.761217
119	17	0.824332
119	29	0.898657
119	31	0.849521
119	32	0.89536
119	49	0.878199
119	58	0.853955
119	63	0.855091
119	68	0.868084
119	71	0.912518
119	86	0.881676
119	89	0.856904
119	99	0.902992
119	106	0.897104
119	112	0.933375
119	129	1.93529
119	143	0.91941
119	144	0.910523
119	151	0.878797
119	155	1.29886
119	156	1.44539
119	173	1.34737
119	175	1.68053
119	176	0.939198
119	178	2.63718
120	2	1.72665
120	75	1.63944
120	92	1.87971
120	99	0.466713
120	124	0.878803
120	137	0.885919
120	138	0.90501
120	145	0.932378
120	146	0.928496
120	147	0.924484
120	152	1.55092
120	154	0.855086
120	155	0.897898
120	156	0.88596
120	160	0.875825
120	162	1.20517
120	164	0.862168
120	166	0.898259
120	167	0.848522
120	168	0.895234
120	169	0.835902
120	170	0.897242
120	171	0.852912
120	172	0.828784
120	173	0.8789
120	174	0.857574
120	175	0.878124
120	177	0.828244
120	179	0.851403
120	180	0.850533
121	7	0.935556
121	9	0.832235
121	15	0.916119
121	23	0.854036
121	26	0.821968
121	30	0.901915
121	38	0.88727
121	39	0.881073
121	42	0.874481
121	52	0.858488
121	56	0.852396
121	67	0.906853
121	74	0.838836
121	75	0.894925
121	87	0.857263
121	90	0.904545
121	91	0.770045
121	94	0.848688
121	100	0.891701
121	103	0.854438
121	105	0.902844
121	114	0.856663
121	129	1.60903
121	131	0.881017
121	136	0.857298
121	148	0.888243
121	171	1.7437
121	172	2.27863
121	178	2.31092
121	180	1.70337
122	38	1.30525
122	104	1.35685
122	107	0.913007
122	108	0.911957
122	124	0.873507
122	138	0.899713
122	146	0.9232
122	147	0.919187
122	154	0.84979
122	155	0.892602
122	156	0.880664
122	157	1.35133
122	158	1.36055
122	160	0.870529
122	161	1.46867
122	164	0.856871
122	165	1.43174
122	166	0.892963
122	167	0.843225
122	168	0.889937
122	169	0.830606
122	170	0.891946
122	171	0.847615
122	172	0.823487
122	173	0.873603
122	174	0.852278
122	175	0.872828
122	177	0.822947
122	178	0.815336
122	179	0.846107
122	180	0.845237
123	12	1.34483
123	27	2.34458
123	111	0.882003
123	124	0.846077
123	126	0.84248
123	142	1.6616
123	145	0.899652
123	146	0.89577
123	147	0.891757
123	154	0.82236
123	155	0.865172
123	156	0.853233
123	160	0.843099
123	162	1.20684
123	164	0.829441
123	165	1.65788
123	166	0.865533
123	167	0.815795
123	168	0.862507
123	169	0.803176
123	170	0.864516
123	171	0.820185
123	172	0.796057
123	173	0.846173
123	174	0.824848
123	175	0.845398
123	177	0.795517
123	178	0.787906
123	179	0.818677
123	180	0.817807
124	38	1.75023
124	41	2.03928
124	66	1.2418
124	109	1.90177
124	118	0.893849
124	120	0.878803
124	122	0.873507
124	123	0.846077
124	127	0.857304
124	128	1.81203
124	146	0.89221
124	147	0.888197
124	154	0.818799
124	155	0.861611
124	156	0.849673
124	160	0.839539
124	164	0.825881
124	166	0.861973
124	167	0.812235
124	168	0.858947
124	170	0.860956
124	171	0.816625
124	172	0.792497
124	173	0.842613
124	174	0.821288
124	175	0.841838
124	177	0.791957
124	178	0.784346
124	179	0.815117
124	180	0.814246
125	31	1.95229
125	37	0.862418
125	62	0.826041
125	83	0.889313
125	92	0.839304
125	93	0.834783
125	104	0.855005
125	108	1.70535
125	113	0.824333
125	115	0.840894
125	116	0.87299
125	128	0.872578
125	132	0.832708
125	133	0.856704
125	135	0.869638
125	141	0.878015
125	142	0.852656
125	144	1.56568
125	146	1.53604
125	149	0.849488
125	152	0.860915
125	153	0.87413
125	157	0.859283
125	158	0.861134
125	159	0.857
125	161	0.866252
125	162	0.859626
125	163	0.860926
125	164	2.04633
125	165	0.861079
125	175	2.14583
125	176	0.907105
125	178	0.781876
126	5	1.39619
126	32	1.68802
126	37	2.10502
126	85	0.843426
126	108	0.877369
126	111	0.874846
126	123	0.84248
126	132	1.86661
126	141	1.72086
126	145	0.892494
126	146	0.888612
126	147	0.8846
126	154	0.815202
126	155	0.858014
126	156	0.846076
126	160	0.835941
126	164	0.822284
126	166	0.858375
126	167	0.808638
126	168	0.85535
126	169	0.796018
126	170	0.857358
126	171	0.813028
126	172	0.7889
126	173	0.839016
126	174	0.81769
126	175	0.83824
126	177	0.78836
126	178	0.780749
126	179	0.811519
126	180	0.810649
127	29	1.5271
127	78	0.86516
127	80	0.860795
127	92	2.01303
127	95	1.28374
127	113	0.84159
127	115	1.90338
127	124	0.857304
127	137	0.864419
127	138	0.88351
127	141	1.65978
127	146	0.906997
127	147	0.902984
127	151	0.863961
127	154	0.833587
127	155	0.876399
127	156	0.86446
127	160	0.854326
127	164	0.840668
127	166	0.87676
127	167	0.827022
127	168	0.873734
127	169	0.814403
127	170	0.875743
127	171	0.831412
127	172	0.807284
127	173	0.8574
127	174	0.836075
127	175	0.856625
127	176	1.29694
127	177	0.806744
127	178	0.799133
127	179	0.829904
127	180	0.829034
128	27	0.837211
128	50	0.781537
128	59	1.11209
128	84	0.856623
128	93	0.869785
128	104	0.890006
128	115	0.875895
128	124	1.81203
128	125	0.872578
128	132	0.867709
128	133	0.891705
128	134	0.885725
128	135	0.904639
128	138	1.29628
128	139	0.888618
128	141	0.913017
128	142	0.887657
128	146	1.30712
128	149	0.884489
128	150	0.859677
128	152	0.895916
128	153	0.909131
128	154	2.17254
128	155	1.53524
128	157	0.894284
128	158	0.896135
128	159	0.892001
128	161	0.901253
128	162	0.894628
128	163	0.895927
128	165	0.89608
128	169	2.26798
128	176	0.942106
128	178	0.816877
129	5	1.78195
129	70	0.783964
129	87	2.34362
129	104	0.837071
129	119	1.93529
129	121	1.60903
129	132	0.814774
129	136	1.93003
129	141	0.860082
129	145	0.875688
129	149	0.831555
129	152	0.842981
129	153	0.856196
129	158	0.8432
129	159	0.839066
129	161	0.848318
129	162	0.841693
129	163	0.842992
129	164	0.805477
129	165	0.843145
129	166	0.841569
129	167	0.791832
129	168	0.838544
129	169	0.779212
129	170	0.840552
129	171	0.796221
129	173	0.82221
129	174	0.800884
129	175	0.821434
129	176	0.889172
129	177	0.771553
129	179	0.794713
129	180	0.793843
130	65	1.87803
130	68	1.82984
130	106	1.62555
130	113	0.842678
130	114	1.21829
130	117	1.34684
130	118	0.909724
130	137	0.865507
130	138	0.884598
130	140	1.72057
130	144	0.896775
130	145	0.911967
130	146	0.908085
130	147	0.904072
130	154	0.834674
130	155	0.877486
130	156	0.865548
130	160	0.855414
130	164	0.841756
130	166	0.877847
130	167	0.82811
130	168	0.874822
130	169	0.81549
130	170	0.876831
130	171	0.8325
130	172	0.808372
130	173	0.858488
130	174	0.837163
130	175	0.857713
130	177	0.807832
130	178	0.800221
130	179	0.830992
130	180	0.830121
131	12	0.943304
131	15	0.918239
131	20	0.837909
131	22	0.913288
131	23	0.856156
131	26	0.824087
131	30	0.904035
131	38	0.889389
131	40	0.88914
131	42	0.8766
131	46	0.894362
131	52	0.860607
131	56	0.854515
131	65	0.911607
131	67	0.908972
131	74	0.840955
131	75	0.897044
131	81	1.01125
131	87	0.859382
131	90	0.906665
131	94	0.850807
131	100	0.89382
131	105	0.904963
131	110	0.873503
131	114	0.858782
131	121	0.881017
131	136	0.859417
131	147	1.32566
131	148	0.890363
131	151	1.73808
131	164	1.77778
131	170	1.59005
131	173	1.54412
131	178	2.83393
132	11	0.821515
132	37	0.857549
132	82	0.87311
132	93	0.829914
132	95	0.876649
132	101	0.861676
132	115	0.836025
132	125	0.832708
132	126	1.86661
132	128	0.867709
132	129	0.814774
132	133	0.851835
132	139	0.848748
132	140	0.84664
132	141	0.873146
132	142	0.847787
132	143	1.29563
132	144	1.41746
132	149	0.844619
