1	83	0.995216
1	97	1.06348
1	98	0.988624
1	107	1.03083
1	111	1.04522
1	123	1.0238
1	128	0.926502
1	161	0.986969
1	169	1.0254
1	173	0.895354
1	174	0.974165
1	176	1.05123
2	53	1.09805
2	62	1.04253
2	64	0.944504
2	67	0.996945
2	79	1.02107
2	81	1.02107
2	158	1.20503
2	161	0.948659
2	169	0.908727
2	173	1.07584
2	175	0.886966
2	178	0.854338
3	12	1.13253
3	49	0.897347
3	115	0.943927
3	122	0.874144
3	136	0.895449
3	145	0.895823
3	162	0.877675
3	163	0.904635
3	167	0.911
3	174	1.25483
3	178	1.17331
3	180	1.2446
4	41	1.0883
4	62	1.04415
4	64	0.946129
4	67	0.99857
4	79	1.02269
4	81	1.02269
4	140	0.983631
4	153	0.974275
4	169	0.964936
4	173	1.07747
4	175	0.943174
4	176	0.940395
5	17	1.21488
5	20	0.8736
5	22	0.876955
5	36	0.836059
5	78	0.902359
5	80	0.902359
5	168	0.900107
5	172	0.963911
5	173	1.17345
5	176	1.20059
5	178	0.94465
5	179	1.2167
6	30	0.943249
6	58	0.973216
6	59	0.909017
6	78	1.03639
6	80	1.03639
6	142	1.10114
6	164	0.938311
6	168	1.03414
6	172	1.09794
6	174	0.952173
6	175	0.903284
6	178	1.07868
7	15	0.939014
7	32	1.1086
7	44	1.04187
7	66	0.979048
7	75	1.08814
7	76	0.997901
7	90	0.994775
7	129	1.04543
7	166	0.980285
7	169	0.970217
7	176	0.945676
7	178	0.915827
8	46	1.0078
8	59	0.927548
8	84	0.981665
8	96	1.08274
8	101	1.01586
8	103	1.01586
8	108	0.975548
8	115	1.0897
8	153	1.00917
8	172	1.0869
8	175	0.921814
8	178	0.889187
9	13	0.946019
9	37	0.998017
9	71	1.04486
9	77	1.09835
9	85	1.10916
9	99	0.9646
9	134	1.02609
9	138	0.985183
9	158	1.00373
9	175	1.08295
9	176	0.887391
9	178	0.857542
10	36	1.05825
10	72	0.990131
10	82	0.85379
10	149	1.00308
10	151	1.02579
10	160	0.959558
10	163	0.93292
10	166	1.03606
10	174	1.03072
10	177	1.03264
10	179	1.0393
10	180	1.03241
11	96	0.867603
11	114	1.02994
11	119	0.977037
11	136	0.960858
11	155	0.956786
11	158	1.03036
11	170	1.0202
11	171	1.021
11	174	1.02917
11	177	1.03109
11	179	1.03775
11	180	1.03085
12	3	1.13253
12	38	1.02369
12	39	0.97347
12	151	1.02199
12	159	0.842042
12	164	1.03597
12	166	1.03226
12	167	0.82355
12	171	1.01875
12	174	1.02692
12	179	1.0355
12	180	1.02861
13	9	0.946019
13	18	1.34034
13	37	0.851593
13	38	0.843497
13	51	0.914708
13	71	0.898433
13	77	0.951924
13	89	1.09837
13	124	1.20338
13	128	1.16127
13	158	0.857304
13	175	0.936522
14	39	1.03079
14	131	0.907339
14	149	0.996512
14	158	1.01943
14	162	0.955364
14	165	1.01994
14	167	0.88087
14	173	1.07473
14	174	1.02416
14	177	1.02608
14	179	1.03274
14	180	1.02584
15	7	0.939014
15	26	0.924623
15	28	0.843145
15	32	0.973053
15	35	0.86173
15	66	0.843497
15	75	0.952588
15	76	0.86235
15	151	1.25314
15	172	1.14933
15	176	1.19327
15	179	1.20938
16	43	0.974889
16	84	0.933261
16	96	1.03434
16	101	0.967459
16	103	0.967459
16	149	1.11911
16	153	0.960763
16	158	0.923337
16	166	1.06206
16	172	1.0385
16	173	1.00031
16	176	1.02745
16	178	0.997603
17	5	1.21488
17	22	1.02365
17	46	0.97697
17	95	1.01708
17	101	0.961761
17	143	0.98373
17	159	0.993298
17	160	0.969603
17	167	0.985299
17	176	0.990062
17	177	0.957194
17	179	0.963853
17	180	0.956961
18	13	1.34034
18	25	1.07555
18	61	1.10902
18	69	0.884254
18	85	0.973612
18	131	0.941668
18	145	0.960769
18	160	0.96025
18	162	0.94262
18	163	0.969581
18	167	0.975946
18	170	0.960507
18	179	0.911067
19	50	1.06376
19	116	0.955874
19	119	0.9529
19	139	1.01189
19	141	0.978768
19	142	0.977092
19	160	0.968523
19	163	0.977854
19	166	1.04757
19	167	0.98422
19	173	1.00477
19	179	1.02907
19	180	1.05439
20	5	0.8736
20	36	0.927169
20	58	0.930296
20	78	0.993469
20	80	0.993469
20	129	1.05705
20	130	1.0457
20	164	1.04052
20	165	1.05781
20	168	0.991217
20	172	1.05502
20	175	1.0055
20	178	1.03576
21	30	0.943249
21	52	0.902864
21	58	0.973216
21	69	0.948595
21	78	1.03639
21	80	1.03639
21	130	1.00228
21	166	0.993908
21	168	1.03414
21	172	1.09794
21	176	0.959299
21	178	1.07868
22	5	0.876955
22	17	1.02365
22	30	0.903684
22	58	0.933651
22	78	0.996824
22	80	0.996824
22	110	1.05402
22	153	1.04325
22	168	0.994572
22	170	1.07491
22	172	1.05838
22	176	1.00937
22	178	1.03911
23	46	0.958784
23	84	0.932646
23	96	1.03372
23	101	0.966843
23	103	0.966843
23	129	1.05004
23	146	0.980561
23	158	0.922722
23	167	1.17799
23	172	1.03788
23	175	0.99848
23	178	0.965852
23	179	1.01181
24	26	0.878794
24	32	0.927224
24	34	0.932596
24	35	0.815901
24	44	0.860487
24	66	0.797669
24	75	0.906759
24	76	0.816521
24	108	1.33191
24	121	1.28192
24	129	0.864048
24	169	1.29994
24	179	1.2915
25	18	1.07555
25	118	0.892195
25	119	1.10816
25	129	0.889858
25	131	1.1052
25	142	1.13235
25	162	1.10615
25	163	1.13311
25	167	1.13948
25	169	0.860064
25	172	0.79158
25	174	0.887192
25	177	0.886897
26	15	0.924623
26	24	0.878794
26	28	0.964304
26	35	0.982889
26	44	1.02748
26	66	0.964657
26	75	1.07375
26	76	0.983509
26	128	1.03627
26	165	1.08736
26	176	1.03227
26	178	1.00242
26	179	1.04838
27	111	0.994256
27	114	0.969398
27	128	1.00554
27	131	1.04223
27	134	1.10042
27	163	1.03749
27	165	0.964412
27	166	0.973966
27	168	1.02086
27	174	0.968626
27	177	0.970544
27	179	0.977203
27	180	0.970311
28	15	0.843145
28	26	0.964304
28	34	1.01811
28	35	0.901411
28	44	0.945997
28	66	0.883178
28	75	0.992269
28	76	0.902031
28	90	1.12853
28	118	1.1361
28	129	0.949558
28	157	1.15882
28	169	1.10397
28	176	1.07943
29	53	1.12199
29	62	1.06647
29	64	0.968448
29	67	1.02089
29	79	1.04501
29	81	1.04501
29	108	1.03239
29	124	0.939834
29	164	0.931531
29	170	0.959274
29	173	1.09979
29	174	0.945393
29	175	0.896504
29	180	0.935161
30	6	0.943249
30	21	0.943249
30	22	0.903684
30	36	0.862788
30	65	1.24864
30	78	0.929088
30	80	0.929088
30	99	1.13236
30	140	1.09838
30	168	0.926836
30	172	0.99064
30	173	1.028
30	178	0.971379
30	180	1.09658
31	122	0.908604
31	125	1.13329
31	128	1.08743
31	142	0.938333
31	151	1.1433
31	154	0.926816
31	156	0.944945
31	162	0.912135
31	163	0.939095
31	166	1.11804
31	167	0.94546
31	168	0.934388
31	176	0.950224
31	180	1.12486
32	7	1.1086
32	15	0.973053
32	24	0.927224
32	34	1.14801
32	42	1.06521
32	44	1.0759
32	66	1.01309
32	75	1.12218
32	76	1.03194
32	99	0.959
32	102	0.921601
32	110	0.926443
32	173	0.854648
32	176	0.881791
33	125	0.954948
33	126	0.956707
33	128	0.909091
33	137	1.04975
33	141	1.05612
33	142	1.05445
33	154	1.04293
33	156	1.06106
33	160	1.04588
33	161	0.969558
33	162	1.02825
33	167	1.06157
33	172	0.861143
33	174	0.956754
34	24	0.932596
34	28	1.01811
34	32	1.14801
34	35	1.03669
34	44	1.08128
34	66	1.01846
34	75	1.12755
34	76	1.03731
34	102	0.934204
34	127	0.937556
34	157	0.973788
34	165	0.94949
34	169	0.918935
34	176	0.894395
35	15	0.86173
35	24	0.815901
35	26	0.982889
35	28	0.901411
35	34	1.03669
35	66	0.901764
35	75	1.01085
35	76	0.920616
35	94	1.12527
35	114	1.14259
35	129	0.968143
35	130	1.12813
35	164	1.12295
35	175	1.08792
36	5	0.836059
36	10	1.05825
36	20	0.927169
36	30	0.862788
36	58	0.892755
36	78	0.955928
36	80	0.955928
36	108	1.09776
36	122	1.27426
36	168	0.953676
36	169	1.06579
36	170	1.10679
36	172	1.01748
36	178	0.998219
37	9	0.998017
37	13	0.851593
37	38	0.895495
37	71	0.950431
37	77	1.00392
37	91	0.868819
37	93	0.933901
37	144	1.27373
37	158	0.909302
37	172	1.04357
37	173	1.06037
37	175	0.98852
37	176	1.08751
37	177	1.13888
38	12	1.02369
38	13	0.843497
38	37	0.895495
38	51	0.95861
38	71	0.942334
38	77	0.995826
38	124	1.14042
38	134	0.923563
38	137	1.28008
38	146	0.959045
38	158	0.901206
38	175	0.980423
38	176	1.09431
38	178	1.06447
39	12	0.97347
39	14	1.03079
39	43	0.972338
39	84	0.93071
39	96	1.03178
39	101	0.964907
39	103	0.964907
39	130	1.08708
39	146	0.978625
39	158	0.920786
39	169	1.06864
39	172	1.03594
39	176	1.0441
40	52	1.01392
40	60	0.995131
40	106	0.920547
40	121	1.07687
40	133	0.904981
40	135	0.895436
40	145	1.27852
40	147	0.924472
40	149	1.16201
40	150	0.926906
40	155	0.912148
40	159	0.947453
40	175	1.07313
40	178	0.972925
41	4	1.0883
41	53	1.11401
41	62	1.05849
41	64	0.960461
41	67	1.0129
41	79	1.03702
41	81	1.03702
41	104	0.965241
41	125	0.929751
41	152	0.983943
41	164	0.917695
41	173	1.0918
41	174	0.931557
41	176	0.879889
42	32	1.06521
42	89	1.00684
42	106	1.11668
42	110	0.950442
42	133	1.16821
42	138	0.921443
42	143	1.11839
42	152	0.906804
42	160	1.12597
42	165	0.917086
42	174	0.9213
42	177	0.923218
42	179	0.929877
42	180	0.922985
43	16	0.974889
43	39	0.972338
43	46	1.00263
43	84	0.97649
43	89	0.886852
43	101	1.01069
43	103	1.01069
43	132	1.16902
43	148	0.978504
43	153	1.00399
43	158	0.966566
43	165	1.00085
43	171	1.00821
43	172	1.08172
43	179	0.961865
44	7	1.04187
44	24	0.860487
44	26	1.02748
44	28	0.945997
44	32	1.0759
44	34	1.08128
44	66	0.946349
44	73	1.13011
44	75	1.05544
44	76	0.965202
44	164	0.999138
44	175	0.964112
44	178	0.931484
44	179	0.977441
44	180	1.00277
45	85	1.01471
45	92	0.944954
45	133	1.06585
45	140	1.02385
45	144	0.979165
45	150	1.00789
45	164	0.998564
45	166	0.994859
45	168	0.980335
45	170	0.980555
45	171	0.981347
45	173	1.04009
45	177	0.991437
45	179	0.998096
45	180	0.991204
46	8	1.0078
46	17	0.97697
46	23	0.958784
46	43	1.00263
46	84	0.961
46	96	1.06208
46	101	0.995198
46	103	0.995198
46	122	1.19569
46	158	0.951076
46	164	1.00049
46	172	1.06624
46	173	0.935541
46	176	0.962684
46	178	0.932836
47	48	1.19495
47	52	0.912398
47	132	0.996796
47	133	0.976852
47	135	0.967307
47	143	1.00976
47	144	1.00237
47	150	0.998778
47	151	1.0287
47	153	1.00271
47	155	0.984019
47	159	1.01932
47	172	0.92489
47	173	0.94169
47	178	1.0448
48	47	1.19495
48	94	0.978128
48	108	0.994515
48	121	0.944523
48	122	0.976592
48	131	0.979171
48	136	0.997897
48	156	1.01293
48	160	0.997752
48	162	0.980123
48	163	1.00708
48	171	1.00046
48	172	0.894059
48	175	1.03024
48	176	1.01821
49	3	0.897347
49	99	1.05108
49	121	0.98039
49	131	0.991938
49	136	1.01066
49	139	0.972799
49	154	1.00757
49	160	1.01052
49	162	0.99289
49	163	1.01985
49	167	1.02622
49	169	0.998409
49	175	1.04301
49	179	0.989977
49	180	1.0153
50	19	1.06376
50	75	0.937037
50	83	1.01491
50	101	0.991849
50	103	0.991849
50	136	1.01403
50	147	0.995172
50	150	0.997606
50	159	1.01815
50	162	1.01947
50	167	0.944981
50	171	0.97196
50	172	1.06289
50	179	0.988709
50	180	0.981817
51	13	0.914708
51	38	0.95861
51	71	1.01355
51	77	1.06704
51	93	0.997016
51	123	1.02239
51	128	0.9251
51	134	0.994775
51	138	1.01889
51	146	1.03026
51	154	1.14632
51	158	0.972417
51	166	0.955704
51	175	1.05163
51	179	0.937204
52	21	0.902864
52	40	1.01392
52	47	0.912398
52	87	0.882961
52	118	1.08035
52	119	0.922973
52	143	0.878538
52	149	1.04258
52	156	0.881017
52	157	1.05591
52	165	1.06601
52	171	1.06206
52	174	1.07023
52	177	1.07215
52	179	1.0788
52	180	1.07191
53	2	1.09805
53	29	1.12199
53	41	1.11401
53	62	1.06986
53	64	0.971837
53	67	1.02428
53	79	1.0484
53	81	1.0484
53	118	0.921399
53	153	0.898608
53	163	1.06875
53	166	0.899337
53	173	1.10317
53	175	0.867507
53	177	0.916101
53	178	0.83488
54	77	1.02365
54	99	0.914169
54	119	1.05055
54	125	0.886822
54	131	1.04759
54	138	0.934752
54	140	0.880196
54	141	1.07642
54	145	1.06669
54	160	1.06618
54	162	1.04855
54	163	1.07551
54	167	1.08187
54	174	0.888628
54	176	1.08664
54	180	0.878396
55	115	0.994913
55	123	1.0785
55	126	1.02883
55	127	1.02037
55	137	0.950159
55	142	0.954858
55	145	0.946808
55	152	1.08126
55	156	0.96147
55	159	1.17799
55	162	0.92866
55	163	0.95562
55	167	0.961986
55	175	0.978776
55	176	0.966749
55	180	1.01864
56	68	0.954926
56	70	0.863481
56	87	0.989499
56	95	0.95837
56	97	1.00164
56	98	0.926781
56	107	0.968986
56	110	1.06595
56	111	0.983375
56	141	1.19423
56	157	1.10069
56	169	0.963557
56	172	0.977357
56	173	0.994158
56	174	1.07297
56	176	0.989388
57	85	0.911871
57	87	0.917609
57	134	0.957058
57	146	0.868518
57	150	0.905052
57	152	1.05379
57	155	0.937371
57	163	0.894127
57	164	1.07734
57	165	1.06408
57	170	1.05933
57	171	1.06012
57	174	1.06829
57	177	1.07021
57	179	1.07687
57	180	1.06998
58	6	0.973216
58	20	0.930296
58	21	0.973216
58	22	0.933651
58	36	0.892755
58	78	0.959055
58	80	0.959055
58	82	1.1515
58	130	1.06959
58	153	1.06048
58	168	0.956803
58	172	1.02061
58	175	1.02938
58	176	1.0266
58	178	1.00135
58	180	1.06804
59	6	0.909017
59	8	0.927548
59	82	0.845296
59	97	0.905013
59	121	1.07421
59	150	0.935351
59	159	0.921183
59	160	0.951064
59	161	1.07141
59	164	1.07337
59	170	1.05536
59	171	1.05616
59	174	1.06433
59	177	1.06625
59	179	1.0729
59	180	1.06601
60	40	0.995131
60	88	1.08342
60	117	1.0664
60	120	1.06216
60	121	0.861968
60	135	1.05153
60	144	1.08659
60	150	1.083
60	155	1.06824
60	159	1.10354
60	162	1.11223
60	164	0.893253
60	173	0.828304
60	174	0.907115
60	177	0.90682
60	180	0.896883
61	18	1.10902
61	123	0.907579
61	128	0.954611
61	131	1.13471
61	135	1.17411
61	140	0.952023
61	141	1.09889
61	146	1.10437
61	155	1.17322
61	157	0.903374
61	170	0.908732
61	171	0.909525
61	174	0.917696
61	177	0.919615
61	178	0.98119
61	179	0.926274
61	180	0.919381
62	2	1.04253
62	4	1.04415
62	29	1.06647
62	41	1.05849
62	53	1.06986
62	64	0.916318
62	67	0.968759
62	79	0.99288
62	81	0.99288
62	146	1.09846
62	151	0.979913
62	165	0.975139
62	170	0.985593
62	172	0.876101
62	173	1.04766
62	176	0.920044
62	177	0.971417
63	94	1.02313
63	119	1.00181
63	122	0.967296
63	127	1.03778
63	131	0.943045
63	133	1.00719
63	152	1.00711
63	154	0.959515
63	157	1.00729
63	162	0.99107
63	168	0.92168
63	170	1.01264
63	171	1.01344
63	174	1.02161
63	177	1.02353
63	179	1.03019
63	180	1.02329
64	2	0.944504
64	4	0.946129
64	29	0.968448
64	41	0.960461
64	53	0.971837
64	62	0.916318
64	67	0.870733
64	79	0.894854
64	81	0.894854
64	102	1.12586
64	108	0.882232
64	127	1.12921
64	149	1.1777
64	169	1.11059
64	173	0.94963
64	177	1.13742
64	180	1.12748
65	30	1.24864
65	70	0.925636
65	83	0.995528
65	87	1.05165
65	95	1.02053
65	97	1.06379
65	98	0.988936
65	107	1.03114
65	108	0.961897
65	111	1.04553
65	151	0.965252
65	161	0.969856
65	169	1.02571
65	173	0.878241
65	175	0.908163
65	176	1.05154
65	178	0.875535
66	7	0.979048
66	15	0.843497
66	24	0.797669
66	26	0.964657
66	28	0.883178
66	32	1.01309
66	34	1.01846
66	35	0.901764
66	44	0.946349
66	76	0.902383
66	114	1.1484
66	129	0.94991
66	153	1.12483
66	167	1.27324
66	176	1.09095
66	178	1.0611
66	179	1.10706
67	2	0.996945
67	4	0.99857
67	29	1.02089
67	41	1.0129
67	53	1.02428
67	62	0.968759
67	64	0.870733
67	79	0.947295
67	81	0.947295
67	82	1.01026
67	94	1.02391
67	157	1.06318
67	168	1.17118
67	169	1.00833
67	173	1.00207
67	175	0.986567
67	178	0.953939
67	179	0.999896
68	56	0.954926
68	70	0.889026
68	87	1.01504
68	95	0.983915
68	97	1.02718
68	98	0.952325
68	107	0.99453
68	111	1.00892
68	130	1.03806
68	134	0.9701
68	157	1.07447
68	165	1.05017
68	169	0.989102
68	174	1.04674
68	175	0.997855
68	176	1.01493
68	178	0.965227
68	180	1.03651
69	18	0.884254
69	21	0.948595
69	73	0.869967
69	92	0.853197
69	103	0.947654
69	126	1.09692
69	146	0.8796
69	154	0.926413
69	161	1.08337
69	164	1.08533
69	166	1.08162
69	167	0.883474
69	170	1.06732
69	171	1.06811
69	174	1.07628
69	177	1.0782
69	179	1.08486
69	180	1.07797
70	56	0.863481
70	65	0.925636
70	68	0.889026
70	83	0.867472
70	87	0.923598
70	95	0.892469
70	97	0.935736
70	98	0.86088
70	107	0.903085
70	111	0.917474
70	118	1.23353
70	129	1.23119
70	165	1.23195
70	169	0.897656
70	172	1.13291
70	173	1.14971
70	174	1.22852
70	176	0.923487
71	9	1.04486
71	13	0.898433
71	37	0.950431
71	38	0.942334
71	51	1.01355
71	77	1.05076
71	91	0.915658
71	134	0.978499
71	146	1.01398
71	153	1.02141
71	158	0.956142
71	159	1.18831
71	171	1.04999
71	172	0.943588
71	173	0.960388
71	175	1.03536
71	177	1.0389
71	179	1.00364
72	10	0.990131
72	88	0.984209
72	97	1.15774
72	113	0.984332
72	117	0.967182
72	126	1.02474
72	132	0.9818
72	133	0.961857
72	143	0.994762
72	144	0.987374
72	147	0.981348
72	150	0.983782
72	155	0.969024
72	159	1.00433
72	166	1.00773
72	174	1.02479
72	175	0.975903
72	177	1.0245
73	44	1.13011
73	69	0.869967
73	86	0.970547
73	104	0.966023
73	118	0.937342
73	129	0.935005
73	131	1.02334
73	136	1.04206
73	140	0.923907
73	142	1.05049
73	145	1.04244
73	148	0.913418
73	154	1.03897
73	156	1.0571
73	160	1.04192
73	162	1.02429
73	163	1.05125
73	167	1.05761
73	177	0.932044
74	102	1.09809
74	106	0.944798
74	112	0.951659
74	117	0.934557
74	132	0.949175
74	133	0.929232
74	135	0.919687
74	143	0.962137
74	144	0.954749
74	147	0.948724
74	153	1.09216
74	155	0.936399
74	159	0.971705
74	164	1.09609
74	170	1.12383
74	173	1.03114
74	176	1.05828
74	177	1.10966
74	178	0.997177
75	7	1.08814
75	15	0.952588
75	24	0.906759
75	26	1.07375
75	28	0.992269
75	32	1.12218
75	34	1.12755
75	35	1.01085
75	44	1.05544
75	50	0.937037
75	76	1.01147
75	99	0.963443
75	129	1.059
75	130	0.929217
75	161	0.950706
75	162	1.14302
75	173	0.859091
75	174	0.937902
75	176	0.886234
76	7	0.997901
76	15	0.86235
76	24	0.816521
76	26	0.983509
76	28	0.902031
76	32	1.03194
76	34	1.03731
76	35	0.920616
76	44	0.965202
76	66	0.902383
76	75	1.01147
76	121	1.05899
76	129	0.968763
76	137	1.23824
76	153	1.08635
76	169	1.07701
76	171	1.11492
76	172	1.00853
76	178	1.02262
77	9	1.09835
77	13	0.951924
77	37	1.00392
77	38	0.995826
77	51	1.06704
77	54	1.02365
77	71	1.05076
77	93	1.03423
77	104	0.983931
77	127	0.94174
77	134	1.03199
77	146	1.06747
77	152	1.00263
77	158	1.00963
77	175	1.08885
77	176	0.898578
77	177	0.949951
77	178	0.86873
77	180	0.940014
78	5	0.902359
78	6	1.03639
78	20	0.993469
78	21	1.03639
78	22	0.996824
78	30	0.929088
78	36	0.955928
78	58	0.959055
78	80	1.02223
78	138	1.02589
78	139	0.927029
78	140	0.971335
78	145	1.13627
78	146	1.10651
78	168	1.01998
78	172	1.08378
78	174	0.979767
78	175	0.930878
78	176	0.928098
78	178	1.06452
79	2	1.02107
79	4	1.02269
79	29	1.04501
79	41	1.03702
79	53	1.0484
79	62	0.99288
79	64	0.894854
79	67	0.947295
79	81	0.971416
79	82	1.03438
79	99	1.01073
79	105	1.00437
79	108	0.958794
79	148	0.966264
79	165	0.988612
79	168	1.12091
79	171	0.995971
79	173	1.02619
79	175	0.936297
79	177	0.98489
80	5	0.902359
80	6	1.03639
80	20	0.993469
80	21	1.03639
80	22	0.996824
80	30	0.929088
80	36	0.955928
80	58	0.959055
80	78	1.02223
80	102	1.00899
80	148	1.00192
80	151	1.02904
80	166	1.00378
80	168	1.01998
80	169	0.993716
80	172	1.08378
80	173	0.942032
80	177	1.02055
80	178	1.06452
80	180	1.01061
81	2	1.02107
81	4	1.02269
81	29	1.04501
81	41	1.03702
81	53	1.0484
81	62	0.99288
81	64	0.894854
81	67	0.947295
81	79	0.971416
81	82	1.03438
81	83	1.15811
81	108	0.958794
81	122	1.1389
81	164	0.943699
81	168	1.09329
81	169	0.930433
81	170	0.971442
81	172	0.861949
81	173	1.02619
81	176	0.905893
82	10	0.85379
82	58	1.1515
82	59	0.845296
82	67	1.01026
82	79	1.03438
82	81	1.03438
82	103	1.08325
82	120	1.03522
82	123	0.938082
82	127	0.879944
82	144	1.05965
82	155	1.0413
82	159	1.07661
82	160	1.05291
82	161	0.901256
82	162	1.03528
82	163	1.06224
82	167	1.06861
82	171	0.899237
82	173	1.08916
82	179	0.852892
83	1	0.995216
83	50	1.01491
83	65	0.995528
83	70	0.867472
83	81	1.15811
83	87	0.99349
83	90	1.01321
83	95	0.962361
83	97	1.00563
83	98	0.930772
83	107	0.972977
83	111	0.987366
83	125	0.979717
83	134	0.948546
83	153	0.99799
83	157	1.0435
83	160	1.19477
83	169	0.967548
83	174	1.01578
83	175	0.966889
83	176	0.993379
84	8	0.981665
84	16	0.933261
84	23	0.932646
84	39	0.93071
84	43	0.97649
84	46	0.961
84	90	1.05504
84	96	1.03594
84	101	0.969059
84	103	0.969059
84	146	0.982777
84	148	1.03868
84	153	0.962363
84	158	0.924938
84	166	1.04055
84	168	1.19333
84	171	1.06839
84	172	1.0401
84	173	0.978794
84	177	1.05731
84	178	0.976089
85	9	1.10916
85	18	0.973612
85	45	1.01471
85	57	0.911871
85	86	0.950467
85	115	1.07046
85	116	1.00919
85	118	0.990328
85	119	1.00621
85	126	0.985278
85	136	1.02198
85	139	0.932587
85	141	1.03208
85	145	1.02236
85	154	1.01889
85	160	1.02184
85	162	1.00421
85	163	1.03117
85	167	1.03753
85	177	0.98503
85	178	0.903808
85	180	0.975093
86	73	0.970547
86	85	0.950467
86	108	1.12644
86	119	0.921481
86	122	0.915945
86	124	1.11603
86	137	0.940974
86	141	0.947349
86	145	0.937624
86	149	1.16158
86	154	0.934157
86	156	0.952286
86	160	0.937105
86	161	1.1344
86	162	0.919476
86	163	0.946436
86	167	0.952801
86	169	1.09447
86	172	1.02598
86	173	0.973351
86	178	1.04008
86	180	1.11136
87	52	0.882961
87	56	0.989499
87	57	0.917609
87	65	1.05165
87	68	1.01504
87	70	0.923598
87	83	0.99349
87	95	1.01849
87	97	1.06175
87	98	0.986898
87	102	1.01381
87	105	1.01025
87	107	1.0291
87	111	1.04349
87	156	1.16496
87	165	0.99449
87	169	1.02367
87	173	0.912252
87	174	0.991064
87	175	0.942175
87	176	1.04951
87	177	0.990768
88	60	1.08342
88	72	0.984209
88	113	1.01575
88	114	0.961385
88	120	0.994358
88	131	1.1127
88	132	1.01322
88	133	0.993273
88	135	0.983728
88	137	1.08971
88	147	1.01276
88	150	1.0152
88	153	0.93782
88	155	1.00044
88	157	0.983334
88	159	1.03575
88	169	1.00668
88	170	0.969489
88	173	0.876797
88	174	0.955608
88	178	1.06122
88	179	0.920048
89	13	1.09837
89	42	1.00684
89	43	0.886852
89	91	1.03775
89	93	0.923383
89	115	0.823648
89	117	0.920202
89	143	0.876068
89	145	0.861157
89	149	1.03772
89	152	1.05087
89	153	1.07039
89	156	0.878547
89	157	1.05104
89	160	0.883647
89	164	1.07441
89	165	1.06115
89	166	1.07071
89	170	1.0564
89	175	1.11218
89	177	1.06728
89	179	1.07394
89	180	1.06705
90	7	0.994775
90	28	1.12853
90	83	1.01321
90	84	1.05504
90	93	1.03139
90	104	0.994013
90	114	0.981347
90	118	0.990698
90	119	1.02851
90	120	0.987801
90	123	0.970458
90	138	0.980717
90	140	1.0149
90	144	0.947211
90	147	1.00683
90	148	1.01383
90	157	0.966253
90	165	0.97636
90	166	0.985914
90	170	0.97161
90	177	0.982493
90	179	0.989152
90	180	0.98226
91	37	0.868819
91	71	0.915658
91	89	1.03775
91	107	1.29201
91	132	0.922427
91	134	0.896887
91	141	0.931505
91	142	0.92983
91	147	0.921975
91	148	1.1294
91	155	0.909651
91	156	0.936442
91	157	1.17604
91	158	0.87453
91	159	0.944956
91	160	0.921261
91	163	0.930592
91	170	1.1622
91	174	1.14832
91	175	0.953747
91	176	0.941721
91	177	1.14802
91	179	1.11276
92	45	0.944954
92	69	0.853197
92	106	1.0545
92	112	1.06136
92	117	1.04426
92	129	1.06162
92	132	1.05888
92	135	1.02939
92	138	0.961693
92	143	1.07184
92	144	1.06445
92	147	1.05843
92	148	0.896648
92	149	0.95556
92	150	1.06086
92	153	0.897781
92	155	1.0461
92	159	1.08141
92	163	1.06793
92	170	0.92945
92	173	0.836758
92	176	0.863901
92	178	1.10688
93	37	0.933901
93	51	0.997016
93	77	1.03423
93	89	0.923383
93	90	1.03139
93	100	0.973242
93	114	1.03973
93	123	1.08359
93	132	0.987509
93	133	0.967566
93	144	0.993083
93	147	0.987057
93	156	1.00152
93	158	0.939612
93	162	0.968714
93	163	0.995674
93	165	1.03738
93	166	1.0169
93	167	1.00204
93	171	1.04474
93	175	1.01883
93	177	1.03366
93	179	0.998396
94	35	1.12527
94	48	0.978128
94	63	1.02313
94	67	1.02391
94	119	1.01953
94	121	0.99122
94	122	0.985024
94	130	0.993093
94	132	0.975281
94	136	1.00335
94	152	0.966845
94	158	1.07286
94	161	0.988427
94	162	1.0088
94	164	0.990387
94	165	0.977127
94	166	0.986681
94	170	0.972377
94	171	0.97317
94	174	0.981342
94	177	0.98326
94	179	0.989919
94	180	0.983027
95	17	1.01708
95	56	0.95837
95	65	1.02053
95	68	0.983915
95	70	0.892469
95	83	0.962361
95	87	1.01849
95	97	1.03062
95	98	0.955769
95	102	0.982677
95	107	0.997974
95	111	1.01236
95	124	1.0489
95	134	0.973543
95	169	0.992546
95	170	1.06834
95	171	1.06525
95	172	0.958849
95	175	1.00557
95	176	1.01838
95	177	1.05417
95	178	0.972944
95	179	1.0189
96	8	1.08274
96	11	0.867603
96	16	1.03434
96	23	1.03372
96	39	1.03178
96	46	1.06208
96	84	1.03594
96	99	1.06466
96	101	1.07013
96	103	1.07013
96	109	0.881339
96	114	0.927419
96	125	0.919836
96	146	1.08385
96	151	0.929842
96	153	1.06344
96	157	0.949368
96	158	1.02601
96	161	0.934447
96	168	1.05737
96	172	1.14117
96	175	0.872754
96	176	0.869974
97	1	1.06348
97	56	1.00164
97	59	0.905013
97	65	1.06379
97	68	1.02718
97	70	0.935736
97	72	1.15774
97	83	1.00563
97	87	1.06175
97	95	1.03062
97	98	0.999035
97	107	1.04124
97	111	1.05563
97	134	1.01681
97	149	0.988158
97	153	0.93038
97	156	1.12206
97	166	0.931109
97	169	1.03581
97	173	0.869357
97	175	0.899279
97	176	1.06164
97	178	0.866652
97	180	0.937936
98	1	0.988624
98	56	0.926781
98	65	0.988936
98	68	0.952325
98	70	0.86088
98	83	0.930772
98	87	0.986898
98	95	0.955769
98	97	0.999035
98	107	0.966384
98	111	0.980774
98	121	1.01794
98	125	0.973125
98	134	0.941954
98	145	1.21959
98	149	1.10307
98	153	1.04529
98	165	1.06651
98	166	1.04602
98	169	0.960956
98	171	1.07387
98	173	0.984272
98	176	0.986787
98	180	1.05285
99	9	0.9646
99	30	1.13236
99	32	0.959
99	49	1.05108
99	54	0.914169
99	75	0.963443
99	79	1.01073
99	96	1.06466
99	101	0.997784
99	103	0.997784
99	120	0.982701
99	130	0.997819
99	135	0.972072
99	142	0.989731
99	145	0.99727
99	150	1.00354
99	154	1.01433
99	155	0.988784
99	158	0.953663
99	159	1.02409
99	171	0.977896
99	172	1.06882
99	177	0.987986
99	179	0.994645
99	180	0.987752
100	93	0.973242
100	109	0.970783
100	116	0.982725
100	121	0.965939
100	126	1.01104
100	137	0.999244
100	140	1.00265
100	141	1.00562
100	142	1.00394
100	145	0.995894
100	151	1.01929
100	154	0.992427
100	156	1.01056
100	160	0.995375
100	161	1.02389
100	162	0.977745
100	163	1.00471
100	164	0.997224
100	167	1.01107
100	168	0.999999
100	170	1.02497
100	171	1.02187
100	173	1.03162
100	176	1.01583
100	179	0.975527
101	8	1.01586
101	16	0.967459
101	17	0.961761
101	23	0.966843
101	39	0.964907
101	43	1.01069
101	46	0.995198
101	50	0.991849
101	84	0.969059
101	96	1.07013
101	99	0.997784
101	103	1.00326
101	120	1.17429
101	121	0.953996
101	125	0.997337
101	129	1.00181
101	146	1.01697
101	153	0.99656
101	157	1.02687
101	158	0.959135
101	164	0.985281
101	169	0.972015
101	172	1.07429
101	176	0.947475
101	180	0.988911
102	32	0.921601
102	34	0.934204
102	64	1.12586
102	74	1.09809
102	80	1.00899
102	87	1.01381
102	95	0.982677
102	106	0.973072
102	107	0.993293
102	111	1.00768
102	112	0.965485
102	133	1.0246
102	137	0.997105
102	139	1.02437
102	143	0.974783
102	150	0.966648
102	160	0.993236
102	163	1.00257
102	166	0.984249
102	167	1.00893
102	173	1.02948
102	176	1.0137
102	177	0.980827
102	179	0.987486
102	180	0.980594
103	8	1.01586
103	16	0.967459
103	23	0.966843
103	39	0.964907
103	43	1.01069
103	46	0.995198
103	50	0.991849
103	69	0.947654
103	82	1.08325
103	84	0.969059
103	96	1.07013
103	99	0.997784
103	101	1.00326
103	118	1.01503
103	138	1.05615
103	146	1.01697
103	153	0.99656
103	158	0.959135
103	161	1.02283
103	165	1.01345
103	170	1.02391
103	172	1.07429
103	175	0.961137
103	176	0.958358
103	178	0.92851
104	41	0.965241
104	73	0.966023
104	77	0.983931
104	90	0.994013
104	111	0.958028
104	116	1.03875
104	118	1.00338
104	120	1.02405
104	121	1.00314
104	148	1.02651
104	150	1.01219
104	155	1.04451
104	159	0.998023
104	161	1.00035
104	163	1.00127
104	164	1.00231
104	165	0.989046
104	166	0.9986
104	170	0.984296
104	171	0.985089
104	174	0.993261
104	176	1.02805
104	177	0.995179
104	179	1.00184
104	180	0.994946
105	79	1.00437
105	87	1.01025
105	118	1.00626
105	127	1.01231
105	130	1.00789
105	141	0.955673
105	143	1.00582
105	147	1.02858
105	149	0.968494
105	150	0.99769
105	151	0.99121
105	157	0.981818
105	160	1.0134
105	161	1.00323
105	162	1.03952
105	165	0.991926
105	166	1.00148
105	167	0.96503
105	168	0.970134
105	170	0.987176
105	171	0.987968
105	177	0.998058
105	178	1.05963
105	179	1.00472
105	180	0.997825
106	40	0.920547
106	42	1.11668
106	74	0.944798
106	92	1.0545
106	102	0.973072
106	114	0.990707
106	120	0.987571
106	132	1.00643
106	133	0.986487
106	134	1.20022
106	135	0.976942
106	143	1.01939
106	144	1.012
106	147	1.00598
106	150	1.00841
106	155	0.993654
106	159	1.02896
106	164	0.971068
106	169	0.999893
106	171	0.995716
106	173	0.906119
106	174	0.98493
106	175	0.936041
106	176	0.933262
106	178	1.05443
107	1	1.03083
107	56	0.968986
107	65	1.03114
107	68	0.99453
107	70	0.903085
107	83	0.972977
107	87	1.0291
107	91	1.29201
107	95	0.997974
107	97	1.04124
107	98	0.966384
107	102	0.993293
107	108	0.963766
107	109	0.918618
107	111	1.02298
107	112	1.12104
107	125	1.01533
107	130	0.950236
107	140	0.950489
107	161	0.971726
107	164	0.945059
107	169	1.00316
107	170	0.972802
107	176	1.02899
107	179	0.923362
108	8	0.975548
108	24	1.33191
108	29	1.03239
108	36	1.09776
108	48	0.994515
108	64	0.882232
108	65	0.961897
108	79	0.958794
108	81	0.958794
108	86	1.12644
108	107	0.963766
108	142	0.969035
108	143	0.991451
108	150	0.980472
108	155	0.965713
108	159	1.00102
108	161	0.970082
108	162	1.02518
108	167	0.950691
108	171	0.954825
108	173	1.01357
108	174	0.962997
108	177	0.964915
108	178	1.02649
108	179	0.971574
108	180	0.964682
109	96	0.881339
109	100	0.970783
109	107	0.918618
109	112	0.93704
109	114	1.02895
109	117	0.99047
109	119	0.990773
109	135	0.971407
109	139	1.07363
109	140	1.0625
109	142	0.923887
109	146	0.901668
109	148	1.06143
109	149	1.00053
109	151	1.02324
109	159	0.924035
109	162	0.980036
109	164	1.03722
109	165	1.02396
109	166	1.03351
109	170	1.01921
109	172	1.11093
109	174	1.02818
109	177	1.03009
109	179	1.03675
109	180	1.02986
110	22	1.05402
110	32	0.926443
110	42	0.950442
110	56	1.06595
110	113	0.986008
110	116	0.998047
110	123	0.998847
110	124	0.997738
110	128	1.04588
110	137	0.94231
110	145	0.964713
110	159	0.957322
110	162	1.01332
110	164	1.01801
110	165	1.00475
110	166	1.0143
110	167	0.93883
110	168	0.943934
110	169	1.01792
110	170	0.999999
110	171	1.00079
110	173	1.05954
110	174	1.00896
110	176	1.04375
110	177	1.01088
110	179	1.01754
110	180	1.01065
111	1	1.04522
111	27	0.994256
111	56	0.983375
111	65	1.04553
111	68	1.00892
111	70	0.917474
111	83	0.987366
111	87	1.04349
111	95	1.01236
111	97	1.05563
111	98	0.980774
111	102	1.00768
111	104	0.958028
111	107	1.02298
111	125	1.02972
111	134	0.998548
111	135	1.12083
111	151	0.932543
111	163	1.0767
111	167	1.05496
111	168	1.06007
111	169	1.01755
111	170	0.938224
111	172	0.828732
111	176	1.04338
111	177	0.924048
111	180	0.914111
112	74	0.951659
112	92	1.06136
112	102	0.965485
112	107	1.12104
112	109	0.93704
112	113	1.01582
112	114	0.98312
112	117	0.998673
112	120	0.994433
112	132	1.01329
112	133	0.993348
112	135	0.983803
112	138	1.02347
112	143	1.02625
112	144	1.01886
112	147	1.01284
112	150	1.01527
112	155	1.00051
112	159	1.03582
112	168	1.01675
112	170	0.991224
112	174	0.977343
112	176	0.925675
112	177	0.977048
112	178	1.06129
112	179	0.941784
112	180	0.967111
113	72	0.984332
113	88	1.01575
113	110	0.986008
113	112	1.01582
113	117	0.998721
113	132	1.01334
113	133	0.993396
113	135	0.983851
113	143	1.0263
113	144	1.01891
113	147	1.01289
113	150	1.01532
113	152	1.04541
113	155	1.00056
113	159	1.03587
113	164	0.979162
113	165	0.996451
113	166	0.975965
113	167	1.12365
113	168	1.0168
113	169	1.0068
113	170	1.00691
113	172	0.897413
113	173	0.914213
113	175	0.944136
113	176	0.941356
113	178	1.06134
114	11	1.02994
114	27	0.969398
114	35	1.14259
114	66	1.1484
114	88	0.961385
114	90	0.981347
114	93	1.03973
114	96	0.927419
114	106	0.990707
114	109	1.02895
114	112	0.98312
114	117	1.03655
114	121	0.990473
114	142	0.969967
114	156	0.994897
114	157	0.966272
114	160	0.999996
114	161	0.987679
114	164	0.989639
114	165	0.97638
114	166	0.985934
114	170	0.97163
114	171	0.972422
114	174	0.980594
114	176	1.01538
114	177	0.982512
114	179	0.989171
114	180	0.982279
115	3	0.943927
115	8	1.0897
115	55	0.994913
115	85	1.07046
115	89	0.823648
115	116	1.04445
115	122	1.03594
115	124	0.928662
115	127	0.925713
115	130	0.925535
115	131	1.03852
115	137	1.06097
115	142	1.06567
115	144	1.06878
115	152	0.986606
115	154	1.05415
115	156	1.07228
115	160	1.0571
115	162	1.03947
115	163	1.06643
115	167	1.0728
115	170	0.948101
115	172	0.838609
115	173	1.09334
115	175	1.08959
115	178	0.852704
115	179	0.898661
115	180	0.923988
116	19	0.955874
116	85	1.00919
116	100	0.982725
116	104	1.03875
116	110	0.998047
116	115	1.04445
116	122	0.974666
116	127	0.996556
116	131	0.977245
116	137	0.999695
116	142	1.00439
116	145	0.996345
116	151	1.01326
116	154	0.992878
116	156	1.01101
116	160	0.995826
116	161	1.01787
116	162	0.978197
116	163	1.00516
116	165	1.00849
116	166	0.988004
116	167	1.01152
116	168	1.00045
116	169	0.977936
116	173	1.03207
116	174	1.00506
116	175	1.02831
116	177	1.00477
116	179	0.969503
116	180	0.994831
117	60	1.0664
117	72	0.967182
117	74	0.934557
117	89	0.920202
117	92	1.04426
117	109	0.99047
117	112	0.998673
117	113	0.998721
117	114	1.03655
117	120	0.977331
117	132	0.996189
117	133	0.976246
117	139	0.978036
117	143	1.00915
117	144	1.00176
117	147	0.995737
117	150	0.998171
117	153	1.01299
117	155	0.983413
117	159	1.01872
117	161	1.04358
117	164	1.01691
117	168	0.999647
117	169	0.989652
117	173	0.951963
117	174	1.03077
117	176	0.979106
117	177	1.03048
117	178	1.04419
117	180	1.02054
118	25	0.892195
118	28	1.1361
118	52	1.08035
118	53	0.921399
118	70	1.23353
118	73	0.937342
118	85	0.990328
118	90	0.990698
118	103	1.01503
118	104	1.00338
118	105	1.00626
118	123	0.979828
118	130	1.0017
118	131	0.977318
118	142	0.969193
118	151	0.985015
118	152	0.975449
118	154	0.993787
118	157	0.975623
118	163	0.972583
118	164	0.99899
118	166	0.995285
118	168	0.955953
118	170	0.980981
118	171	0.981774
118	172	1.0727
118	174	0.989945
118	177	0.991864
118	179	0.998523
118	180	0.99163
119	11	0.977037
119	19	0.9529
119	25	1.10816
119	52	0.922973
119	54	1.05055
119	63	1.00181
119	85	1.00621
119	86	0.921481
119	90	1.02851
119	94	1.01953
119	109	0.990773
119	122	0.971692
119	136	0.992997
119	141	1.0031
119	142	1.00142
119	146	1.00396
119	154	0.989904
119	156	1.00803
119	160	0.992852
119	162	0.975223
119	163	1.00218
119	167	1.00855
119	168	0.997476
119	169	1.00395
119	170	1.04496
119	171	1.04186
119	174	1.03108
119	176	1.01331
119	178	0.94956
119	179	0.995517
120	60	1.06216
120	82	1.03522
120	88	0.994358
120	90	0.987801
120	99	0.982701
120	101	1.17429
120	104	1.02405
120	106	0.987571
120	112	0.994433
120	117	0.977331
120	123	1.04
120	132	0.991949
120	133	0.972005
120	139	0.937632
120	143	1.00491
120	144	0.997522
120	147	0.991497
120	150	0.993931
120	154	1.16393
120	155	0.979172
120	159	1.01448
120	165	0.993796
120	168	0.995407
120	169	0.985411
120	171	1.00116
120	172	0.894758
120	173	0.911558
120	175	0.941481
120	176	0.938701
120	178	1.03995
121	24	1.28192
121	40	1.07687
121	48	0.944523
121	49	0.98039
121	59	1.07421
121	60	0.861968
121	76	1.05899
121	94	0.99122
121	98	1.01794
121	100	0.965939
121	101	0.953996
121	104	1.00314
121	114	0.990473
121	124	0.978475
121	136	0.96975
121	140	1.02403
121	147	0.964253
121	149	0.962055
121	157	0.975379
121	159	0.919191
121	161	0.996786
121	164	0.998746
121	165	0.985486
121	166	0.99504
121	171	0.981529
121	172	1.07246
121	174	0.989701
121	177	0.991619
121	179	0.998278
121	180	0.991386
122	3	0.874144
122	31	0.908604
122	36	1.27426
122	46	1.19569
122	48	0.976592
122	63	0.967296
122	81	1.1389
122	86	0.915945
122	94	0.985024
122	115	1.03594
122	116	0.974666
122	119	0.971692
122	125	0.99476
122	131	0.968734
122	137	0.991185
122	139	0.943828
122	145	0.987834
122	151	1.00477
122	154	0.984368
122	156	1.0025
122	160	0.987316
122	162	0.969686
122	163	0.996647
122	165	0.999993
122	167	1.00301
122	171	1.00735
122	172	0.900955
122	173	1.02356
122	175	1.0198
122	176	1.00778
122	177	0.996271
123	1	1.0238
123	51	1.02239
123	55	1.0785
123	61	0.907579
123	82	0.938082
123	90	0.970458
123	93	1.08359
123	110	0.998847
123	118	0.979828
123	120	1.04
123	124	0.958479
123	126	0.990343
123	134	1.08014
123	139	1.01516
123	142	1.01382
123	147	1.05903
123	148	1.00296
123	152	0.955209
123	157	0.955383
123	159	1.01397
123	160	1.04385
123	164	0.97875
123	165	0.965491
123	167	0.995477
123	171	0.961533
123	172	1.05246
123	174	0.969705
123	175	1.01652
123	177	0.971623
123	179	0.978282
123	180	0.97139
124	13	1.20338
124	29	0.939834
124	38	1.14042
124	86	1.11603
124	95	1.0489
124	110	0.997738
124	115	0.928662
124	121	0.978475
124	123	0.958479
124	127	0.984768
124	128	1.00551
124	133	1.0309
124	139	1.01405
124	140	1.00292
124	148	1.00185
124	149	0.94095
124	156	0.983561
124	157	0.954274
124	158	1.07885
124	162	1.01478
124	163	0.962022
124	164	0.977641
124	165	0.964382
124	168	0.945391
124	169	0.977551
124	170	0.959632
124	171	0.960424
124	176	1.00338
124	177	0.970514
124	179	0.977173
124	180	0.970281
125	31	1.13329
125	33	0.954948
125	41	0.929751
125	54	0.886822
125	83	0.979717
125	96	0.919836
125	98	0.973125
125	101	0.997337
125	107	1.01533
125	111	1.02972
125	122	0.99476
125	130	1.0127
125	135	0.98695
125	136	1.01309
125	146	0.940166
125	147	1.01599
125	151	0.996016
125	154	0.986978
125	155	1.00366
125	156	0.987314
125	158	1.0826
125	159	1.03897
125	161	1.00803
125	163	0.965775
125	165	0.996732
125	168	1.0199
125	169	1.0099
125	174	1.00095
125	176	1.03573
125	178	1.06444
125	179	1.00952
125	180	1.00263
126	33	0.956707
126	55	1.02883
126	69	1.09692
126	72	1.02474
126	85	0.985278
126	100	1.01104
126	123	0.990343
126	130	1.01221
126	131	0.972268
126	137	0.949279
126	138	1.0006
126	139	1.04592
126	141	0.936442
126	143	0.986593
126	148	1.03371
126	149	0.972814
126	151	0.995529
126	152	0.985963
126	154	0.988737
126	155	1.01078
126	156	0.989072
126	157	0.986138
126	161	1.00754
126	165	0.996245
126	166	1.0058
126	168	0.950903
126	171	0.992288
126	174	1.00046
126	177	1.00238
126	178	1.06395
126	179	1.00904
126	180	1.00214
127	34	0.937556
127	55	1.02037
127	63	1.03778
127	64	1.12921
127	77	0.94174
127	82	0.879944
127	105	1.01231
127	115	0.925713
127	116	0.996556
127	124	0.984768
127	128	1.03291
127	134	1.02201
127	137	0.940819
127	138	0.996137
127	139	1.04145
127	140	1.03032
127	144	0.941273
127	147	1.00089
127	151	0.991064
127	156	0.980613
127	158	1.0759
127	161	1.00308
127	165	0.99178
127	166	1.00133
127	170	0.98703
127	171	0.987822
127	173	1.04657
127	174	0.995994
127	177	0.997912
127	178	1.05949
127	179	1.00457
127	180	0.997679
128	1	0.926502
128	13	1.16127
128	26	1.03627
128	27	1.00554
128	31	1.08743
128	33	0.909091
128	51	0.9251
128	61	0.954611
128	110	1.04588
128	124	1.00551
128	127	1.03291
128	136	0.967233
128	138	1.01688
128	141	0.888826
128	144	0.902117
128	147	0.961736
128	148	1.04999
128	151	1.01181
128	152	1.00224
128	155	0.963162
128	156	0.941456
128	157	1.00241
128	160	0.946556
128	161	1.02382
128	162	0.972677
128	166	1.02208
128	170	1.00777
128	171	1.00856
128	173	1.06731
128	174	1.01674
128	175	1.06355
128	177	1.01866
128	179	1.02531
128	180	1.01842
129	7	1.04543
129	20	1.05705
129	23	1.05004
129	24	0.864048
129	25	0.889858
129	28	0.949558
129	35	0.968143
129	66	0.94991
129	70	1.23119
129	73	0.935005
129	75	1.059
129	76	0.968763
129	92	1.06162
129	101	1.00181
129	131	0.974982
129	137	0.951993
129	138	0.998199
129	139	1.04351
129	143	1.02651
129	144	1.01912
129	145	0.974395
129	147	1.0131
129	150	1.01553
129	154	0.991451
129	155	1.00077
129	156	0.991786
129	159	1.03608
129	162	1.02301
129	163	0.970247
129	165	0.993842
129	167	0.948513
129	170	0.989092
129	174	0.998056
129	177	0.999974
129	180	0.999741
130	20	1.0457
130	21	1.00228
130	35	1.12813
130	39	1.08708
130	58	1.06959
130	68	1.03806
130	75	0.929217
130	94	0.993093
130	99	0.997819
130	105	1.00789
130	107	0.950236
130	115	0.925535
130	118	1.0017
130	125	1.0127
130	126	1.01221
130	134	1.02183
130	139	1.03703
130	141	0.927804
130	144	0.941095
130	149	0.963928
130	151	0.986644
130	152	0.977077
130	160	0.985534
130	164	1.00062
130	165	0.987359
130	166	0.996913
130	168	0.942265
130	170	0.982609
130	171	0.983402
130	173	1.04215
130	174	0.991574
130	175	1.03839
130	177	0.993492
130	179	1.00015
130	180	0.993259
131	14	0.907339
131	18	0.941668
131	25	1.1052
131	27	1.04223
131	48	0.979171
131	49	0.991938
131	54	1.04759
131	61	1.13471
131	63	0.943045
131	73	1.02334
131	88	1.1127
131	115	1.03852
131	116	0.977245
131	118	0.977318
131	122	0.968734
131	126	0.972268
131	129	0.974982
131	134	0.965521
131	137	0.993764
131	144	1.10687
131	145	0.990413
131	146	1.001
131	154	0.986947
131	156	1.00508
131	160	0.989894
131	161	0.98512
131	162	0.972265
131	163	0.999225
131	164	0.958453
131	167	1.00559
131	168	0.994518
131	169	0.945188
131	171	0.983101
131	175	1.02238
131	180	0.962083
132	43	1.16902
132	47	0.996796
132	72	0.9818
132	74	0.949175
132	88	1.01322
132	91	0.922427
132	92	1.05888
132	93	0.987509
132	94	0.975281
132	106	1.00643
132	112	1.01329
132	113	1.01334
132	117	0.996189
132	120	0.991949
132	133	0.990864
132	135	0.981319
132	139	0.934086
132	143	1.02377
132	146	1.11357
132	147	1.01036
132	150	1.01279
132	151	0.995024
132	152	1.03921
132	155	0.998031
132	157	1.01455
132	159	1.03334
132	165	0.99025
132	168	1.01427
132	169	1.00427
132	170	1.0007
132	171	0.997609
132	173	0.908012
132	175	0.937935
132	177	0.986528
132	179	0.951264
133	40	0.904981
133	42	1.16821
133	45	1.06585
133	47	0.976852
133	63	1.00719
133	72	0.961857
133	74	0.929232
133	88	0.993273
133	93	0.967566
133	102	1.0246
133	106	0.986487
133	112	0.993348
133	113	0.993396
133	117	0.976246
133	120	0.972005
