1	93	0.450686
1	125	0.798185
1	155	0.21055
1	160	1.12091
1	169	1.05063
1	170	1.09777
1	172	1.063
1	176	1.07683
1	177	1.04394
1	178	1.07121
1	179	1.02808
1	180	1.04804
2	10	0.944816
2	50	0.975328
2	53	0.966764
2	85	0.97774
2	96	0.961307
2	109	0.981934
2	115	0.963169
2	121	0.99264
2	130	0.957459
2	141	1.02509
2	171	1.98948
2	173	0.907511
3	27	1.02275
3	66	1.05754
3	100	1.1358
3	103	1.0639
3	111	1.10033
3	117	1.06564
3	118	1.06918
3	144	0.774101
3	166	1.08204
3	169	1.88784
3	170	1.03921
3	174	0.620874
4	26	1.07101
4	42	1.0508
4	47	1.05614
4	54	1.03617
4	58	1.13157
4	62	0.663355
4	72	1.08633
4	74	1.00476
4	78	1.06209
4	135	0.903428
4	171	1.82744
4	174	1.08355
5	27	1.01222
5	33	0.911278
5	99	0.992985
5	153	1.06195
5	162	0.982023
5	169	0.937967
5	171	0.94929
5	175	0.940469
5	177	0.931272
5	178	0.958547
5	179	0.915417
5	180	0.935375
6	15	0.917272
6	102	0.989413
6	139	0.930964
6	145	0.964561
6	148	0.972915
6	149	0.971506
6	150	1.13066
6	155	0.967503
6	165	0.956563
6	167	0.960342
6	168	0.958426
6	176	1.90403
7	73	0.974259
7	79	0.958385
7	82	0.962575
7	107	0.960676
7	116	0.980931
7	133	0.98132
7	134	0.924968
7	149	0.959319
7	150	0.675603
7	165	0.944376
7	167	0.948155
7	179	2.37104
8	46	0.986961
8	49	0.978787
8	52	0.956918
8	53	0.972709
8	77	1.00814
8	87	0.979991
8	115	0.969114
8	130	0.963404
8	140	1.66313
8	161	0.916193
8	173	0.913457
8	174	1.35213
9	24	0.948345
9	39	2.15353
9	128	0.923109
9	169	0.851821
9	171	0.863145
9	173	0.889436
9	175	0.854323
9	176	0.878018
9	177	0.845127
9	178	0.872402
9	179	0.829272
9	180	0.849229
10	2	0.944816
10	50	0.98778
10	53	0.979216
10	63	0.954863
10	67	0.961469
10	87	0.986498
10	109	0.994386
10	115	0.975621
10	147	1.13222
10	161	0.9227
10	173	0.919963
10	178	1.85557
11	73	0.975807
11	114	1.13767
11	120	0.977143
11	125	0.961563
11	131	0.975763
11	143	0.960566
11	154	1.98778
11	155	0.956864
11	158	0.943872
11	165	0.945924
11	167	0.949703
11	168	0.947787
12	33	1.12469
12	63	0.876913
12	74	1.06416
12	78	1.12149
12	91	0.543136
12	122	1.05948
12	125	0.257355
12	174	1.14295
12	175	1.03136
12	178	1.04944
12	179	1.00631
12	180	1.02626
13	28	1.07655
13	64	1.03584
13	123	0.587598
13	139	1.04263
13	145	1.07623
13	155	1.07917
13	157	1.22159
13	158	1.06618
13	165	1.06823
13	167	1.07201
13	168	1.0701
13	173	1.46298
14	44	0.681097
14	56	0.323018
14	83	1.1796
14	88	0.556985
14	164	1.08966
14	171	1.03815
14	172	1.03919
14	174	1.14092
14	175	1.02933
14	176	1.05303
14	179	1.00428
14	180	1.02424
15	6	0.917272
15	60	1.00799
15	64	0.923613
15	79	0.970012
15	82	0.974202
15	137	1.40507
15	148	0.972355
15	158	0.95395
15	165	0.956002
15	167	0.959782
15	168	0.957865
15	173	1.62275
16	29	0.965305
16	59	0.950061
16	106	1.59823
16	120	0.986143
16	139	0.929325
16	145	0.962921
16	148	0.971276
16	155	0.965864
16	162	1.42212
16	165	0.954924
16	167	0.958703
16	168	0.956787
17	26	1.04061
17	119	0.739218
17	123	1.06112
17	146	1.02436
17	153	1.03625
17	163	0.974802
17	171	0.923584
17	175	0.914762
17	176	0.938457
17	178	0.932841
17	179	0.889711
17	180	0.909668
18	102	1.06706
18	104	1.12677
18	111	1.04853
18	117	1.01384
18	138	0.999989
18	139	1.00861
18	143	1.04885
18	144	0.68729
18	149	1.04916
18	153	0.924687
18	166	1.03025
18	170	0.987422
18	177	1.98521
19	57	1.01211
19	61	0.920615
19	116	1.06672
19	119	1.0479
19	130	1.0238
19	134	1.01076
19	143	1.04481
19	145	1.03817
19	148	1.04652
19	163	1.52448
19	165	1.03017
19	167	1.03395
19	168	1.03203
20	42	2.28061
20	88	0.910295
20	107	0.927751
20	137	0.900416
20	154	0.832474
20	165	0.911451
20	167	0.91523
20	168	0.913314
20	175	0.820021
20	176	0.843716
20	178	0.8381
20	179	0.79497
20	180	0.814927
21	36	0.796244
21	75	1.04744
21	107	1.04401
21	108	1.04362
21	113	1.55765
21	119	1.04544
21	125	1.04335
21	143	1.04235
21	145	1.03571
21	149	1.04265
21	165	1.02771
21	167	1.03149
21	168	1.02957
22	38	0.901285
22	46	0.972818
22	53	0.958566
22	67	0.94082
22	89	1.66142
22	91	0.967124
22	109	0.973737
22	121	0.984443
22	130	0.949262
22	135	1.58574
22	159	0.965713
22	161	0.902051
22	173	0.899314
23	27	0.894792
23	66	0.929584
23	99	0.919132
23	100	1.00784
23	103	0.935938
23	104	1.0506
23	111	0.972365
23	118	0.941215
23	123	1.14077
23	157	0.914022
23	166	0.954081
23	170	0.911254
23	178	2.04786
24	9	0.948345
24	28	0.667899
24	86	1.05341
24	126	1.26669
24	128	0.975242
24	150	1.0317
24	161	0.944305
24	169	0.903954
24	176	0.93015
24	177	0.897259
24	178	0.924534
24	179	0.881405
24	180	0.901362
25	35	2.8
25	59	0.935146
25	84	0.697501
25	102	0.972859
25	126	0.946454
25	139	0.91441
25	145	0.948007
25	148	0.956362
25	149	0.954952
25	158	0.937957
25	165	0.940009
25	167	0.943788
25	168	0.941872
26	4	1.07101
26	17	1.04061
26	39	0.997106
26	44	0.995357
26	47	0.995665
26	51	1.07695
26	54	0.975689
26	58	1.07109
26	72	1.02586
26	74	0.944284
26	78	1.00161
26	138	1.26878
26	146	1.08157
26	174	1.02307
27	3	1.02275
27	5	1.01222
27	23	0.894792
27	69	0.913022
27	100	0.981835
27	103	0.909934
27	104	1.0246
27	111	0.946361
27	117	0.911672
27	118	0.915211
27	157	0.888018
27	161	2.09866
27	166	0.928077
27	170	0.88525
28	13	1.07655
28	24	0.667899
28	73	1.03349
28	120	1.03483
28	127	1.00284
28	131	1.03345
28	134	0.9842
28	155	1.01455
28	158	1.00156
28	165	1.00361
28	167	1.00739
28	168	1.00547
28	175	1.33116
28	180	1.46681
29	16	0.965305
29	40	1.54646
29	90	1.20122
29	102	1.03852
29	119	1.0234
29	131	1.03551
29	143	1.02032
29	145	1.01367
29	148	1.02203
29	149	1.02062
29	155	1.01661
29	167	1.00945
29	168	1.00754
29	174	0.881323
30	71	0.999012
30	97	1.00588
30	103	1.01239
30	117	1.01413
30	118	1.01767
30	126	1.04094
30	134	1.01509
30	157	0.990473
30	165	1.0345
30	166	1.03053
30	168	1.03636
30	170	0.987704
30	174	0.947615
30	178	1.7237
31	70	0.485506
31	89	1.06158
31	125	0.795619
31	131	0.640057
31	150	1.1107
31	156	1.08196
31	164	1.04578
31	169	0.982951
31	175	0.985453
31	176	1.00915
31	177	0.976256
31	178	1.00353
31	179	0.960402
31	180	0.980359
32	112	1.00893
32	116	1.04351
32	125	1.0226
32	127	1.00619
32	129	0.870058
32	131	1.0368
32	134	0.98755
32	143	1.0216
32	155	1.0179
32	158	1.00491
32	167	1.01074
32	168	1.00882
32	172	1.20091
32	179	1.7086
33	5	0.911278
33	12	1.12469
33	42	0.984602
33	44	0.989642
33	47	0.98995
33	51	1.07123
33	54	0.969973
33	58	1.06538
33	72	1.02014
33	74	0.938568
33	78	0.995898
33	90	1.43133
33	123	0.980435
33	174	1.01735
34	39	1.00466
34	42	0.997868
34	44	1.00291
34	47	1.00322
34	51	1.0845
34	54	0.983239
34	58	1.07864
34	72	1.03341
34	74	0.951835
34	78	1.00916
34	166	0.889553
34	171	1.59645
34	174	1.03062
34	178	1.2758
35	25	2.8
35	129	0.88162
35	153	0.960168
35	154	0.851134
35	164	0.89901
35	169	0.83618
35	170	0.88332
35	172	0.848543
35	175	0.838682
35	176	0.862376
35	177	0.829486
35	178	0.85676
35	179	0.813631
35	180	0.833588
36	21	0.796244
36	123	1.14054
36	139	0.95871
36	148	0.430782
36	162	1.03573
36	163	1.05422
36	169	0.991674
36	171	1.003
36	172	1.00404
36	176	1.01787
36	177	0.984979
36	178	1.01225
36	179	0.969125
36	180	0.989082
37	40	0.977057
37	104	0.979294
37	118	1.0929
37	132	1.01088
37	137	0.968772
37	141	1.01129
37	160	0.956149
37	162	0.929931
37	171	0.897198
37	176	0.912071
37	177	0.87918
37	178	0.906455
37	179	0.863326
37	180	0.883283
38	22	0.901285
38	41	0.945219
38	67	0.926136
38	85	0.954859
38	91	0.95244
38	96	0.938426
38	109	0.959053
38	115	0.940287
38	121	0.969759
38	147	1.69844
38	159	0.951029
38	161	0.887367
38	173	0.88463
38	174	1.64571
39	9	2.15353
39	26	0.997106
39	34	1.00466
39	42	0.976895
39	44	0.981935
39	47	0.982242
39	51	1.06353
39	54	0.962266
39	58	1.05767
39	72	1.01243
39	74	0.930861
39	78	0.988191
39	146	0.698256
39	153	0.765937
39	174	1.00965
40	29	1.54646
40	37	0.977057
40	119	1.12238
40	152	0.975687
40	154	0.913567
40	162	0.942669
40	164	0.961442
40	171	0.909936
40	172	0.910975
40	175	0.901114
40	176	0.924808
40	177	0.891918
40	178	0.919193
40	179	0.876063
40	180	0.89602
41	38	0.945219
41	67	0.984754
41	79	1.01357
41	82	1.01776
41	87	1.00978
41	121	1.02838
41	133	1.03651
41	140	1.17038
41	155	1.01051
41	158	0.997513
41	164	1.46784
41	167	1.00334
41	168	1.00143
41	170	1.38044
41	173	0.943248
42	4	1.0508
42	20	2.28061
42	33	0.984602
42	34	0.997868
42	39	0.976895
42	47	0.975454
42	51	1.05674
42	54	0.955478
42	58	1.05088
42	72	1.00564
42	74	0.924073
42	78	0.981403
42	144	0.351994
42	174	1.00286
42	176	0.994703
43	45	0.928141
43	60	1.05718
43	69	0.986167
43	98	0.985598
43	100	1.05498
43	103	0.983079
43	104	1.09774
43	117	0.984817
43	118	0.988356
43	129	0.956694
43	138	1.61113
43	157	0.961163
43	159	1.33704
43	166	1.00122
43	170	0.958395
44	14	0.681097
44	26	0.995357
44	33	0.989642
44	34	1.00291
44	39	0.981935
44	47	0.980494
44	51	1.06178
44	54	0.960518
44	58	1.05592
44	65	1.24265
44	72	1.01068
44	74	0.929113
44	78	0.986443
44	138	1.66829
44	174	1.0079
45	43	0.928141
45	59	0.984379
45	78	0.539833
45	141	1.09021
45	144	1.11199
45	154	0.979755
45	163	1.02734
45	170	1.01194
45	171	0.976124
45	175	0.967302
45	176	0.990997
45	177	0.958106
45	178	0.985381
45	179	0.942251
45	180	0.962208
46	8	0.986961
46	22	0.972818
46	53	1.01542
46	63	0.991063
46	67	0.997669
46	77	1.05085
46	96	1.00996
46	109	1.03059
46	115	1.01182
46	121	1.04129
46	144	0.862059
46	154	2.04364
46	160	1.13329
46	161	0.958899
46	173	0.956163
47	4	1.05614
47	26	0.995665
47	33	0.98995
47	34	1.00322
47	39	0.982242
47	42	0.975454
47	44	0.980494
47	51	1.06209
47	72	1.01099
47	74	0.929421
47	78	0.98675
47	166	0.896907
47	174	1.00821
47	178	1.28315
47	180	1.79469
48	50	1.16216
48	89	0.979484
48	113	0.956374
48	142	0.998741
48	143	0.999071
48	146	1.01295
48	162	0.944908
48	169	0.900851
48	172	0.913214
48	175	0.903353
48	177	0.894157
48	178	0.921432
48	179	0.878302
48	180	0.898259
49	8	0.978787
49	50	1.01581
49	53	1.00724
49	87	1.01452
49	91	1.0158
49	96	1.00179
49	98	0.984719
49	121	1.03312
49	133	1.04125
49	135	0.686166
49	138	1.02359
49	159	1.01439
49	161	0.950726
49	173	0.947989
49	179	2.23145
50	2	0.975328
50	10	0.98778
50	48	1.16216
50	49	1.01581
50	52	0.993937
50	67	0.991982
50	109	1.0249
50	115	1.00613
50	121	1.0356
50	133	1.04374
50	153	1.0472
50	159	1.01687
50	161	0.953212
50	173	0.950476
50	178	1.43266
51	26	1.07695
51	33	1.07123
51	34	1.0845
51	39	1.06353
51	42	1.05674
51	44	1.06178
51	47	1.06209
51	54	1.04211
51	72	1.09228
51	74	1.0107
51	78	1.06803
51	99	1.34143
51	159	0.914797
51	163	1.11981
51	166	1.06858
51	174	1.08949
52	8	0.956918
52	50	0.993937
52	55	1.46807
52	77	1.0208
52	83	1.19431
52	85	0.996349
52	87	0.992655
52	91	0.99393
52	92	1.22322
52	96	0.979916
52	109	1.00054
52	115	0.981777
52	121	1.01125
52	130	0.976067
52	159	0.992518
52	173	0.92612
53	2	0.966764
53	8	0.972709
53	10	0.979216
53	22	0.958566
53	46	1.01542
53	49	1.00724
53	63	0.976811
53	85	1.01214
53	87	1.00845
53	91	1.00972
53	121	1.02704
53	150	1.1398
53	160	1.54169
53	161	0.944648
53	166	1.50707
53	173	0.941911
54	4	1.03617
54	26	0.975689
54	33	0.969973
54	34	0.983239
54	39	0.962266
54	42	0.955478
54	44	0.960518
54	51	1.04211
54	58	1.03625
54	72	0.991016
54	74	0.909445
54	78	0.966774
54	99	1.63879
54	114	1.46079
54	147	1.02884
54	174	0.98823
55	52	1.46807
55	60	0.767363
55	89	1.0174
55	147	1.01833
55	148	0.393743
55	150	1.06651
55	151	1.03696
55	152	1.01584
55	156	1.03778
55	169	0.938769
55	171	0.950092
55	176	0.964965
55	177	0.932074
55	178	0.959349
55	179	0.916219
55	180	0.936177
56	14	0.323018
56	95	0.967795
56	102	1.01407
56	127	0.98045
56	128	1.4182
56	138	0.946998
56	139	0.955623
56	143	0.995864
56	145	0.98922
56	148	0.997575
56	149	0.996165
56	158	0.97917
56	165	0.981222
56	167	0.985001
56	168	0.983085
56	169	2.06702
57	19	1.01211
57	122	0.982171
57	137	1.03444
57	139	0.898111
57	140	1.04422
57	145	0.702344
57	146	1.06365
57	161	0.991898
57	163	1.01409
57	171	0.96287
57	172	0.963909
57	175	0.954048
57	177	0.944852
57	178	0.972127
57	179	0.928997
57	180	0.948954
58	4	1.13157
58	26	1.07109
58	33	1.06538
58	34	1.07864
58	39	1.05767
58	42	1.05088
58	44	1.05592
58	54	1.03625
58	72	1.08642
58	74	1.00485
58	76	0.401614
58	78	1.06218
58	152	0.965923
58	170	1.00072
58	174	1.08363
58	179	2.19768
59	16	0.950061
59	25	0.935146
59	45	0.984379
59	64	0.958041
59	75	1.01016
59	79	1.00444
59	97	0.961815
59	108	1.39389
59	116	1.02699
59	139	0.964831
59	143	1.00507
59	145	0.998428
59	151	1.38605
59	158	0.988378
59	167	0.994209
59	168	0.992293
60	15	1.00799
60	43	1.05718
60	55	0.767363
60	104	1.13984
60	108	1.05177
60	117	1.02691
60	118	1.03045
60	129	0.998792
60	131	1.07712
60	145	1.05528
60	165	1.04728
60	166	1.04332
60	167	1.05106
60	168	1.04915
60	170	1.00049
60	174	0.815102
60	176	1.61104
61	19	0.920615
61	62	1.19683
61	93	0.518245
61	106	1.05267
61	120	0.400768
61	126	0.615179
61	154	1.02575
61	164	1.07363
61	166	1.10076
61	169	1.0108
61	173	1.04841
61	175	1.0133
61	176	1.03699
61	177	1.0041
61	178	1.03138
61	179	0.988247
61	180	1.0082
62	4	0.663355
62	61	1.19683
62	79	0.640014
62	95	0.827844
62	102	0.272109
62	141	1.11888
62	151	1.09165
62	153	1.11745
62	156	1.09247
62	171	1.00479
62	172	1.00583
62	175	0.995966
62	176	1.01966
62	177	0.98677
62	178	1.01404
62	179	0.970915
62	180	0.990872
63	10	0.954863
63	12	0.876913
63	46	0.991063
63	53	0.976811
63	67	0.959064
63	77	1.01224
63	85	0.987787
63	87	0.984093
63	91	0.985368
63	92	1.3555
63	96	0.971354
63	115	0.973216
63	121	1.00269
63	159	0.983957
63	161	0.920295
63	173	0.917559
63	174	1.64809
64	13	1.03584
64	15	0.923613
64	59	0.958041
64	65	1.16591
64	73	0.992787
64	95	0.949477
64	107	0.979204
64	126	0.969348
64	130	0.956534
64	131	0.992743
64	143	0.977546
64	155	0.973844
64	159	1.31745
64	165	0.962904
64	167	0.966683
64	168	0.964767
64	173	1.82578
65	44	1.24265
65	64	1.16591
65	132	1.05323
65	151	1.02641
65	161	0.968575
65	162	0.97228
65	163	0.990765
65	164	0.991054
65	168	0.67685
65	171	0.939547
65	172	0.940587
65	174	1.04231
65	175	0.930726
65	176	0.95442
65	178	0.948804
65	179	0.905675
65	180	0.925632
66	3	1.05754
66	23	0.929584
66	94	3.8
66	103	0.944725
66	104	1.05939
66	105	1.02905
66	110	0.557454
66	111	0.981152
66	112	0.9688
66	117	0.946463
66	118	0.950002
66	122	0.702184
66	129	0.91834
66	135	0.99072
66	157	0.92281
66	166	0.962868
66	170	0.920041
67	10	0.961469
67	22	0.94082
67	38	0.926136
67	41	0.984754
67	46	0.997669
67	50	0.991982
67	63	0.959064
67	76	1.07424
67	85	0.994394
67	96	0.977961
67	109	0.998587
67	115	0.979822
67	123	1.23112
67	130	0.974112
67	157	1.86511
67	159	0.990563
67	173	0.924165
68	73	0.714961
68	115	0.908601
68	126	0.445389
68	140	1.10607
68	143	0.160898
68	150	1.14114
68	160	1.08367
68	166	1.10337
68	169	1.0134
68	171	1.02472
68	172	1.02576
68	175	1.0159
68	176	1.03959
68	177	1.0067
68	178	1.03398
68	179	0.990849
68	180	1.01081
69	27	0.913022
69	43	0.986167
69	100	1.02607
69	103	0.954168
69	104	1.06883
69	111	0.990594
69	112	0.978243
69	117	0.955905
69	118	0.959444
69	129	0.927783
69	135	1.00016
69	154	1.90189
69	156	0.810656
69	157	0.932252
69	166	0.97231
69	170	0.929483
69	175	1.71907
70	31	0.485506
70	93	1.0863
70	95	1.02625
70	119	1.05741
70	127	1.0389
70	130	1.03331
70	131	1.06952
70	134	1.02027
70	139	1.01408
70	143	1.05432
70	150	0.740995
70	155	1.05062
70	158	1.03762
70	161	1.60471
70	167	1.04346
70	168	1.04154
70	176	1.51436
71	30	0.999012
71	95	0.946589
71	130	0.861826
71	135	1.03934
71	138	0.981232
71	142	1.01941
71	162	0.96558
71	163	0.984065
71	164	0.984354
71	166	1.01149
71	171	0.932847
71	174	1.03561
71	176	0.94772
71	177	0.91483
71	178	0.942104
71	179	0.898975
71	180	0.918932
72	4	1.08633
72	26	1.02586
72	33	1.02014
72	34	1.03341
72	39	1.01243
72	42	1.00564
72	44	1.01068
72	47	1.01099
72	51	1.09228
72	54	0.991016
72	58	1.08642
72	74	0.959612
72	78	1.01694
72	142	0.920393
72	159	0.958843
72	166	1.11263
72	174	1.0384
72	175	1.87477
73	7	0.974259
73	11	0.975807
73	28	1.03349
73	64	0.992787
73	68	0.714961
73	75	1.0449
73	76	1.08424
73	90	1.36744
73	107	1.04148
73	119	1.04291
73	126	1.03162
73	140	1.35854
73	145	1.03317
73	149	1.04012
73	150	1.07012
73	155	1.03612
73	167	1.02896
73	168	1.02704
74	4	1.00476
74	12	1.06416
74	26	0.944284
74	33	0.938568
74	34	0.951835
74	39	0.930861
74	42	0.924073
74	44	0.929113
74	47	0.929421
74	51	1.0107
74	54	0.909445
74	58	1.00485
74	72	0.959612
74	78	0.935369
74	105	0.903249
74	136	1.18702
74	174	0.956826
74	179	2.49803
75	21	1.04744
75	59	1.01016
75	73	1.0449
75	79	1.02903
75	93	1.06165
75	95	1.0016
75	101	0.993382
75	132	0.926242
75	133	1.05197
75	134	0.995614
75	148	1.03137
75	149	1.02996
75	155	1.02596
75	156	0.960093
75	158	1.01297
75	167	1.0188
75	168	1.01688
75	169	1.98348
76	58	0.401614
76	67	1.07424
76	73	1.08424
76	102	1.08721
76	109	0.621055
76	115	0.953308
76	127	1.05359
76	149	1.0693
76	152	1.0375
76	160	1.0307
76	164	1.02326
76	165	1.05436
76	167	1.05814
76	168	1.05622
76	175	0.96293
76	178	0.981008
76	179	0.937878
76	180	0.957836
77	8	1.00814
77	46	1.05085
77	52	1.0208
77	63	1.01224
77	87	1.04388
77	91	1.04515
77	96	1.03114
77	98	1.01407
77	105	0.631377
77	106	1.41151
77	109	1.05176
77	110	1.17811
77	115	1.033
77	121	1.06247
77	133	1.0706
77	161	0.980078
77	173	0.977341
77	180	1.79578
78	4	1.06209
78	12	1.12149
78	26	1.00161
78	33	0.995898
78	34	1.00916
78	39	0.988191
78	42	0.981403
78	44	0.986443
78	45	0.539833
78	47	0.98675
78	51	1.06803
78	54	0.966774
78	58	1.06218
78	72	1.01694
78	74	0.935369
78	124	1.31256
78	144	0.8659
78	169	1.97963
78	174	1.01415
79	7	0.958385
79	15	0.970012
79	41	1.01357
79	59	1.00444
79	62	0.640014
79	75	1.02903
79	93	1.05593
79	131	1.03914
79	134	0.989894
79	143	1.02394
79	148	1.02566
79	149	1.02425
79	151	0.936193
79	158	1.00725
79	165	1.0093
79	167	1.01308
79	168	1.01117
79	174	0.707362
79	179	2.42537
80	106	1.00664
80	107	0.68542
80	112	0.823512
80	131	0.685874
80	136	1.0587
80	142	1.06266
80	144	1.11195
80	147	1.04433
80	162	1.00882
80	163	1.02731
80	167	0.368669
80	172	0.977129
80	173	1.00238
80	174	1.07886
80	175	0.967269
80	177	0.958072
80	178	0.985347
80	179	0.942217
80	180	0.962175
81	106	0.897556
81	110	0.955301
81	113	0.911205
81	121	1.57968
81	130	1.65396
81	136	0.949615
81	151	0.953873
81	152	0.932757
81	161	0.896034
81	163	0.918224
81	171	0.867006
81	172	0.868046
81	173	0.893297
81	175	0.858185
81	176	0.881879
81	177	0.848988
81	178	0.876263
81	179	0.833134
81	180	0.853091
82	7	0.962575
82	15	0.974202
82	41	1.01776
82	84	0.893973
82	95	1.00007
82	116	1.05005
82	120	1.04471
82	125	1.02913
82	127	1.01272
82	134	0.994084
82	140	0.769486
82	145	1.02149
82	155	1.02443
82	158	1.01144
82	165	1.01349
82	167	1.01727
82	168	1.01536
82	172	1.66881
82	177	1.90963
83	14	1.1796
83	52	1.19431
83	115	0.919678
83	124	1.02836
83	131	0.551468
83	146	1.0723
83	154	0.975158
83	156	1.05921
83	160	1.03048
83	163	1.02275
83	164	1.02303
83	168	0.270831
83	170	1.00734
83	171	0.971527
83	175	0.962706
83	176	0.9864
83	178	0.980784
83	179	0.937655
83	180	0.957612
84	25	0.697501
84	82	0.893973
84	104	0.853778
84	106	0.997661
84	114	1.04422
84	123	1.10465
84	137	1.03869
84	147	1.03535
84	154	0.970742
84	155	0.876389
84	156	1.0548
84	171	0.967111
84	172	0.968151
84	174	1.06988
84	175	0.95829
84	176	0.981984
84	177	0.949094
84	178	0.976369
84	179	0.933239
84	180	0.953196
85	2	0.97774
85	38	0.954859
85	52	0.996349
85	53	1.01214
85	63	0.987787
85	67	0.994394
85	91	1.0207
85	96	1.00668
85	98	0.989617
85	109	1.02731
85	115	1.00854
85	121	1.03802
85	133	1.04615
85	135	1.10046
85	142	1.12534
85	159	1.01929
85	160	1.35219
85	161	0.955624
85	173	0.952888
85	178	1.70382
86	24	1.05341
86	133	0.554643
86	140	1.04955
86	146	1.06898
86	147	1.03644
86	156	1.05589
86	158	0.834588
86	162	1.00094
86	166	1.04685
86	167	0.629391
86	168	0.665959
86	169	0.956883
86	172	0.969246
86	173	0.994498
86	175	0.959385
86	176	0.983079
86	177	0.950189
86	178	0.977464
86	179	0.934334
86	180	0.954291
87	8	0.979991
87	10	0.986498
87	41	1.00978
87	49	1.01452
87	52	0.992655
87	53	1.00845
87	63	0.984093
87	77	1.04388
87	92	0.69548
87	98	0.985923
87	109	1.02362
87	115	1.00485
87	121	1.03432
87	124	1.58796
87	128	1.60622
87	130	0.999141
87	156	1.23165
87	159	1.01559
87	161	0.95193
87	173	0.949194
88	14	0.556985
88	20	0.910295
88	92	1.03055
88	97	0.965522
88	125	1.00978
88	126	1.00058
88	130	0.987768
88	133	1.03108
88	137	1.56073
88	143	1.00878
88	145	1.00213
88	148	1.01049
88	149	1.00908
88	151	1.26285
88	155	1.00508
88	158	0.992085
88	165	0.994137
88	167	0.997916
88	168	0.996
88	170	1.55508
89	22	1.66142
89	31	1.06158
89	48	0.979484
89	55	1.0174
89	114	0.974496
89	116	0.881833
89	124	0.954222
89	127	0.790621
89	135	1.00388
89	138	0.94577
89	142	0.983953
89	164	0.948893
89	171	0.897386
89	172	0.898425
89	175	0.888565
89	176	0.912259
89	177	0.879368
89	178	0.906643
89	179	0.863513
89	180	0.883471
90	29	1.20122
90	33	1.43133
90	73	1.36744
90	106	0.935962
90	108	1.00531
90	132	1.0191
90	146	1.00619
90	153	1.01808
90	162	0.938145
90	163	0.95663
90	169	0.894088
90	171	0.905412
90	173	0.931703
90	174	1.00818
90	175	0.89659
90	176	0.920285
90	177	0.887394
90	178	0.914669
90	179	0.871539
90	180	0.891496
91	12	0.543136
91	22	0.967124
91	38	0.95244
91	49	1.0158
91	52	0.99393
91	53	1.00972
91	63	0.985368
91	77	1.04515
91	85	1.0207
91	96	1.00426
91	109	1.02489
91	115	1.00613
91	121	1.0356
91	130	1.00042
91	142	1.51193
91	144	1.46754
91	147	1.36705
91	159	1.01687
91	161	0.953205
91	173	0.950469
92	52	1.22322
92	63	1.3555
92	87	0.69548
92	88	1.03055
92	119	1.04943
92	121	0.443559
92	126	1.03815
92	142	1.03566
92	145	1.0397
92	158	1.02965
92	165	1.0317
92	166	1.02774
92	167	1.03548
92	168	1.03356
92	175	0.940272
92	176	0.963966
92	177	0.931075
92	178	0.95835
92	179	0.91522
92	180	0.935178
93	1	0.450686
93	61	0.518245
93	70	1.0863
93	75	1.06165
93	79	1.05593
93	97	1.0133
93	125	1.05756
93	126	1.04836
93	127	1.04115
93	132	0.890757
93	139	1.01632
93	143	1.05656
93	145	1.04992
93	148	1.05827
93	155	1.05286
93	158	1.03987
93	165	1.04192
93	167	1.0457
93	168	1.04378
93	175	1.83302
93	176	1.47697
94	66	3.8
94	113	0.851719
94	124	0.864356
94	140	0.888866
94	142	0.894087
94	146	0.908298
94	151	0.894387
94	152	0.873271
94	156	0.895204
94	163	0.858738
94	164	0.859027
94	169	0.796197
94	171	0.80752
94	172	0.808559
94	176	0.822393
94	177	0.789502
94	178	0.816777
94	179	0.773647
94	180	0.793605
95	56	0.967795
95	62	0.827844
95	64	0.949477
95	70	1.02625
95	71	0.946589
95	75	1.0016
95	82	1.00007
95	112	0.983835
95	116	1.01842
95	125	0.997505
95	127	0.981094
95	135	1.06792
95	138	0.947642
95	139	0.956268
95	143	0.996508
95	145	0.989864
95	149	0.996809
95	165	0.981866
95	167	0.985646
95	168	0.983729
95	171	1.99193
96	2	0.961307
96	38	0.938426
96	46	1.00996
96	49	1.00179
96	52	0.979916
96	63	0.971354
96	67	0.977961
96	77	1.03114
96	85	1.00668
96	91	1.00426
96	98	0.973184
96	115	0.992112
96	121	1.02158
96	132	1.19269
96	133	1.02972
96	156	1.22654
96	159	1.00285
96	161	0.939191
96	164	1.59143
96	170	1.50403
96	173	0.936455
97	30	1.00588
97	59	0.961815
97	88	0.965522
97	93	1.0133
97	126	0.973122
97	127	0.965906
97	131	0.996517
97	132	1.26492
97	133	1.00362
97	134	0.94727
97	139	0.941079
97	142	1.25281
97	145	0.974676
97	148	0.98303
97	149	0.981621
97	152	1.54146
97	155	0.977618
97	157	1.5582
97	158	0.964626
97	165	0.966678
97	167	0.970457
97	168	0.968541
98	43	0.985598
98	49	0.984719
98	77	1.01407
98	85	0.989617
98	87	0.985923
98	96	0.973184
98	99	0.936793
98	100	1.0255
98	109	0.993811
98	111	0.990025
98	114	1.22995
98	115	0.975046
98	117	0.955337
98	118	0.958876
98	121	1.00452
98	135	0.999594
98	160	1.16972
98	164	1.35372
98	166	0.971742
98	170	0.928914
98	173	0.919388
98	180	2.03289
99	5	0.992985
99	23	0.919132
99	51	1.34143
99	54	1.63879
99	98	0.936793
99	100	1.00617
99	103	0.934274
99	117	0.936011
99	118	0.93955
99	123	1.01131
99	135	0.980269
99	136	0.956381
99	148	1.10418
99	157	0.912358
99	166	0.952416
99	170	0.909589
99	172	0.874811
99	175	0.864951
99	176	0.888645
99	178	0.883029
99	179	0.839899
99	180	0.859857
100	3	1.1358
100	23	1.00784
100	27	0.981835
100	43	1.05498
100	69	1.02607
100	98	1.0255
100	99	1.00617
100	103	1.02298
100	104	1.13764
100	111	1.05941
100	112	1.04706
100	117	1.02472
100	118	1.02826
100	129	0.996596
100	156	0.795823
100	157	1.00106
100	161	1.43853
100	164	1.16071
100	166	1.04112
100	170	0.998296
100	173	1.29663
100	178	1.32834
101	75	0.993382
101	113	0.978603
101	129	0.968521
101	135	1.0409
101	136	1.01701
101	151	1.02127
101	152	1.00016
101	153	1.04707
101	155	0.717761
101	156	1.02209
101	162	0.967137
101	164	0.985911
101	165	0.857228
101	168	0.869197
101	169	0.923081
101	172	0.935444
101	174	1.03717
101	176	0.949277
101	177	0.916387
101	178	0.943661
101	179	0.900532
101	180	0.920489
102	6	0.989413
102	18	1.06706
102	25	0.972859
102	29	1.03852
102	56	1.01407
102	62	0.272109
102	76	1.08721
102	116	1.0647
102	119	1.04587
102	120	1.05936
102	137	0.866166
102	139	1.00254
102	143	1.04278
102	145	1.03614
102	148	1.0445
102	158	1.02609
102	160	0.763915
102	165	1.02814
102	167	1.03192
102	168	1.03001
102	177	1.79061
102	179	2.05747
103	3	1.0639
103	23	0.935938
103	27	0.909934
103	30	1.01239
103	43	0.983079
103	66	0.944725
103	69	0.954168
103	99	0.934274
103	100	1.02298
103	104	1.06574
103	105	1.0354
103	111	0.987506
103	117	0.952818
103	118	0.956357
103	135	0.997075
103	140	1.04643
103	151	0.964265
103	157	0.929164
103	166	0.969223
103	170	0.926395
103	176	1.53137
103	177	2.18658
104	18	1.12677
104	23	1.0506
104	27	1.0246
104	37	0.979294
104	43	1.09774
104	60	1.13984
104	66	1.05939
104	69	1.06883
104	84	0.853778
104	100	1.13764
104	103	1.06574
104	111	1.10217
104	112	1.08982
104	117	1.06748
104	118	1.07102
104	135	1.11174
104	152	0.90455
104	153	0.808915
104	157	1.04383
104	162	1.14555
104	166	1.08389
104	170	1.04106
104	173	1.16267
105	66	1.02905
105	74	0.903249
105	77	0.631377
105	103	1.0354
105	109	1.03216
105	111	1.07183
105	117	1.03714
105	118	1.04068
105	120	0.686786
105	129	1.00902
105	141	1.08899
105	143	0.616707
105	157	1.01348
105	162	1.00763
105	164	1.02641
105	166	1.05354
105	170	1.01072
105	171	0.974898
105	175	0.966077
105	176	0.989771
105	177	0.956881
105	178	0.984156
105	179	0.941026
105	180	0.960983
106	16	1.59823
106	61	1.05267
106	77	1.41151
106	80	1.00664
106	81	0.897556
106	84	0.997661
106	90	0.935962
106	108	0.960523
106	113	0.904825
106	137	0.9322
106	147	0.928864
106	150	0.977048
106	153	0.973291
106	154	0.864257
106	161	0.889654
106	162	0.893359
106	165	1.48373
106	171	0.860626
106	175	0.851805
106	176	0.875499
106	177	0.842609
106	178	0.869883
106	179	0.826754
106	180	0.846711
107	7	0.960676
107	20	0.927751
107	21	1.04401
107	64	0.979204
107	73	1.04148
107	80	0.68542
107	116	1.04815
107	119	1.02932
107	120	1.04281
107	127	1.01082
107	132	1.08224
107	134	0.992185
107	138	0.977369
107	139	0.985994
107	143	1.02623
107	148	1.02795
107	150	0.895092
107	155	1.02253
107	158	1.00954
107	160	1.29698
107	165	1.01159
107	167	1.01537
107	168	1.01346
107	180	2.16015
108	21	1.04362
108	59	1.39389
108	60	1.05177
108	90	1.00531
108	106	0.960523
108	123	1.06751
108	124	0.986808
108	137	1.00155
108	138	0.978357
108	151	1.01684
108	154	0.933604
108	158	0.997637
108	160	0.988924
108	162	0.962706
108	164	0.981479
108	169	0.918649
108	171	0.929973
108	172	0.931012
108	175	0.921151
108	176	0.944846
108	177	0.911955
108	178	0.93923
108	179	0.8961
108	180	0.916057
109	2	0.981934
109	10	0.994386
109	22	0.973737
109	38	0.959053
109	46	1.03059
109	50	1.0249
109	52	1.00054
109	67	0.998587
109	76	0.621055
109	77	1.05176
109	85	1.02731
109	87	1.02362
109	91	1.02489
109	98	0.993811
109	105	1.03216
109	115	1.01274
109	121	1.04221
109	130	1.00703
109	133	1.05034
109	157	1.41192
109	159	1.02348
109	163	1.35
109	166	1.29878
109	173	0.957081
110	66	0.557454
110	77	1.17811
110	81	0.955301
110	128	0.978336
110	133	1.15098
110	140	0.999717
110	141	1.03246
110	146	1.01915
110	147	0.986609
110	150	1.03479
110	153	1.03104
110	157	0.956957
110	160	0.977322
110	163	0.969589
110	167	1.22572
110	171	0.918371
110	172	0.919411
110	173	0.944662
110	175	0.90955
110	176	0.933244
110	177	0.900354
110	178	0.927628
110	179	0.884499
110	180	0.904456
111	3	1.10033
111	18	1.04853
111	23	0.972365
111	27	0.946361
111	66	0.981152
111	69	0.990594
111	98	0.990025
111	100	1.05941
111	103	0.987506
111	104	1.10217
111	105	1.07183
111	112	1.01158
111	117	0.989244
111	118	0.992783
111	129	0.961121
111	135	1.0335
111	138	1.02821
111	153	0.908681
111	157	0.965591
111	164	1.12651
111	166	1.00565
111	170	0.962822
111	172	1.72838
111	175	1.67004
112	32	1.00893
112	66	0.9688
112	69	0.978243
112	80	0.823512
112	95	0.983835
112	100	1.04706
112	104	1.08982
112	111	1.01158
112	117	0.976893
112	118	0.980432
112	120	1.02848
112	125	1.0129
112	139	0.971663
112	144	1.16384
112	146	1.33356
112	147	1.06334
112	148	1.01361
112	155	1.0082
112	157	0.953239
112	158	0.995209
112	166	0.993298
112	167	1.00104
112	168	0.999125
112	170	0.95047
112	176	1.80655
113	21	1.55765
113	48	0.956374
113	81	0.911205
113	94	0.851719
113	101	0.978603
113	106	0.904825
113	128	0.93424
113	146	0.975053
113	149	1.52687
113	152	0.940027
113	153	0.98694
113	160	0.933227
113	161	0.903303
113	162	0.907009
113	164	0.925782
113	166	0.95292
113	167	1.30647
113	169	0.862952
113	171	0.874275
113	172	0.875315
113	175	0.865454
113	177	0.856258
113	178	0.883533
113	179	0.840403
113	180	0.86036
114	11	1.13767
114	54	1.46079
114	84	1.04422
114	89	0.974496
114	98	1.22995
114	122	0.926489
114	124	0.964022
114	147	0.975425
114	151	0.994054
114	152	0.972938
114	153	1.01985
114	154	0.910818
114	160	0.966138
114	163	0.958405
114	165	1.06506
114	169	0.895863
114	170	0.943004
114	172	0.908226
114	173	0.933478
114	174	1.00995
114	175	0.898366
114	176	0.92206
114	177	0.889169
114	178	0.916444
114	179	0.873314
114	180	0.893271
115	2	0.963169
115	8	0.969114
115	10	0.975621
115	38	0.940287
115	46	1.01182
115	50	1.00613
115	52	0.981777
115	63	0.973216
115	67	0.979822
115	68	0.908601
115	76	0.953308
115	77	1.033
115	83	0.919678
115	85	1.00854
115	87	1.00485
115	91	1.00613
115	96	0.992112
115	98	0.975046
115	109	1.01274
115	121	1.02345
115	133	1.03158
115	159	1.00471
115	161	0.941053
115	170	1.76224
115	173	0.938316
115	174	1.24118
116	7	0.980931
116	19	1.06672
116	32	1.04351
116	59	1.02699
116	82	1.05005
116	89	0.881833
116	95	1.01842
116	102	1.0647
116	107	1.04815
116	119	1.04958
116	125	1.04749
116	126	1.03829
116	131	1.06169
116	132	0.843144
116	136	1.04042
116	139	1.00625
116	143	1.04649
116	145	1.03985
116	148	1.0482
116	158	1.0298
116	164	1.24188
116	165	1.03185
116	166	1.02327
116	167	1.03563
116	168	1.03371
116	172	1.84375
117	3	1.06564
117	18	1.01384
117	27	0.911672
117	30	1.01413
117	43	0.984817
117	60	1.02691
117	66	0.946463
117	69	0.955905
117	98	0.955337
117	99	0.936011
117	100	1.02472
117	103	0.952818
117	104	1.06748
117	105	1.03714
117	111	0.989244
117	112	0.976893
117	118	0.958094
117	122	1.91693
117	129	0.926433
117	135	0.998813
117	157	0.930902
117	163	0.950174
117	164	1.11756
117	166	0.970961
117	170	0.928133
117	176	1.30504
117	177	1.96025
118	3	1.06918
118	23	0.941215
118	27	0.915211
118	30	1.01767
118	37	1.0929
118	43	0.988356
118	60	1.03045
118	66	0.950002
118	69	0.959444
118	98	0.958876
118	99	0.93955
118	100	1.02826
118	103	0.956357
118	104	1.07102
118	105	1.04068
118	111	0.992783
118	112	0.980432
118	117	0.958094
118	129	0.929972
118	135	1.00235
118	142	0.729501
118	154	1.8667
118	157	0.934441
118	164	1.14035
118	166	0.974499
118	170	0.931672
118	177	1.98304
119	17	0.739218
119	19	1.0479
119	21	1.04544
119	29	1.0234
119	40	1.12238
119	70	1.05741
119	73	1.04291
119	92	1.04943
119	102	1.04587
119	107	1.02932
119	116	1.04958
119	126	1.01947
119	127	1.01225
119	134	0.993614
119	137	0.983949
119	139	0.987423
119	143	1.02766
119	148	1.02937
119	149	1.02797
119	155	1.02396
119	158	1.01097
119	165	1.01302
119	166	0.847086
119	167	1.0168
119	168	1.01489
119	176	1.25318
119	180	1.74487
120	11	0.977143
120	16	0.986143
120	28	1.03483
120	61	0.400768
120	82	1.04471
120	102	1.05936
120	105	0.686786
120	107	1.04281
120	112	1.02848
120	124	1.16344
120	125	1.04215
120	126	1.03296
120	127	1.02574
120	130	1.02014
120	131	1.05635
120	134	1.0071
120	138	0.992288
120	139	1.00091
120	143	1.04115
120	148	1.04286
120	155	1.03745
120	157	1.06655
120	161	1.44984
120	165	1.02651
120	167	1.03029
120	168	1.02838
120	180	1.85119
121	2	0.99264
121	22	0.984443
121	38	0.969759
121	41	1.02838
121	46	1.04129
121	49	1.03312
121	50	1.0356
121	52	1.01125
121	53	1.02704
121	63	1.00269
121	77	1.06247
121	81	1.57968
121	85	1.03802
121	87	1.03432
121	91	1.0356
121	92	0.443559
121	96	1.02158
121	98	1.00452
121	109	1.04221
121	115	1.02345
121	124	1.33604
121	130	1.01774
121	141	0.868507
121	159	1.03419
121	161	0.970524
121	162	1.46341
121	166	1.126
121	173	0.967788
122	12	1.05948
122	57	0.982171
122	66	0.702184
122	114	0.926489
122	117	1.91693
122	128	0.909343
122	134	2.02817
122	136	0.931987
122	137	0.920952
122	141	0.963468
122	142	0.935945
122	150	0.9658
122	152	0.915129
122	154	0.853009
122	156	0.937062
122	159	0.942068
122	169	0.838055
122	170	0.885195
122	172	0.850418
122	174	0.952146
122	176	0.864251
122	177	0.83136
122	178	0.858635
122	179	0.815506
122	180	0.835463
123	13	0.587598
123	17	1.06112
123	23	1.14077
123	33	0.980435
123	36	1.14054
123	67	1.23112
123	84	1.10465
123	99	1.01131
123	108	1.06751
123	127	0.411213
123	137	1.03919
123	140	1.04896
123	144	1.10348
123	149	0.645169
123	150	1.08404
123	151	1.05448
123	160	1.02657
123	169	0.956294
123	170	1.00343
123	171	0.967617
123	172	0.968657
123	173	0.993909
123	175	0.958796
123	176	0.98249
123	177	0.9496
123	178	0.976874
123	179	0.933745
123	180	0.953702
124	78	1.31256
124	83	1.02836
124	87	1.58796
124	89	0.954222
124	94	0.864356
124	108	0.986808
124	114	0.964022
124	120	1.16344
124	121	1.33604
124	128	0.946877
124	136	0.969521
124	142	0.973479
124	144	1.02277
124	147	0.95515
124	151	0.973779
124	153	0.999577
124	160	0.945863
124	163	0.93813
124	169	0.875589
124	171	0.886912
124	172	0.887951
124	173	0.913203
124	174	0.98968
124	175	0.878091
124	178	0.896169
124	179	0.853039
124	180	0.872997
125	1	0.798185
125	11	0.961563
125	12	0.257355
125	21	1.04335
125	31	0.795619
125	32	1.0226
125	82	1.02913
125	88	1.00978
125	93	1.05756
125	95	0.997505
125	112	1.0129
125	116	1.04749
125	120	1.04215
125	126	1.01738
125	127	1.01016
125	134	0.991524
125	139	0.985333
125	143	1.02557
125	145	1.01893
125	148	1.02728
125	150	1.05111
125	155	1.02187
125	158	1.00888
125	163	1.46961
125	165	1.01093
125	167	1.01471
125	168	1.0128
125	175	2.18052
126	24	1.26669
126	25	0.946454
126	30	1.04094
126	61	0.615179
126	64	0.969348
126	68	0.445389
126	73	1.03162
126	88	1.00058
126	92	1.03815
126	93	1.04836
126	97	0.973122
126	116	1.03829
126	119	1.01947
126	120	1.03296
126	125	1.01738
126	127	1.00097
126	131	1.03158
126	134	0.982329
126	138	0.967514
126	139	0.976139
126	141	0.910321
126	145	1.00974
126	149	1.01668
126	155	1.01268
126	165	1.00174
126	167	1.00552
126	168	1.0036
126	172	1.9883
126	173	1.52235
127	28	1.00284
127	32	1.00619
127	56	0.98045
127	70	1.0389
127	76	1.05359
127	82	1.01272
127	89	0.790621
127	93	1.04115
127	95	0.981094
127	97	0.965906
127	107	1.01082
127	119	1.01225
127	120	1.02574
127	123	0.411213
127	125	1.01016
127	126	1.00097
127	129	1.42168
127	131	1.02436
127	134	0.975113
127	143	1.00916
127	145	1.00252
127	148	1.01087
127	149	1.00946
127	155	1.00546
127	161	1.4285
127	162	1.26947
127	165	0.994521
127	168	0.996384
127	172	1.75254
128	9	0.923109
128	24	0.975242
128	56	1.4182
128	87	1.60622
128	110	0.978336
128	113	0.93424
128	122	0.909343
128	124	0.946877
128	136	0.97265
128	141	1.00413
128	148	1.05963
128	150	1.00646
128	154	0.893672
128	155	1.05904
128	156	0.977725
128	160	0.948993
128	162	0.922774
128	164	0.941548
128	166	0.968686
128	169	0.878718
128	170	0.925858
128	171	0.890041
128	172	0.891081
128	175	0.88122
128	176	0.904914
128	177	0.872024
128	178	0.899298
128	179	0.856169
128	180	0.876126
129	32	0.870058
129	35	0.88162
129	43	0.956694
129	60	0.998792
129	66	0.91834
129	69	0.927783
129	100	0.996596
129	101	0.968521
129	105	1.00902
129	111	0.961121
129	117	0.926433
129	118	0.929972
129	127	1.42168
129	135	0.97069
129	141	0.978283
129	145	1.65312
129	146	0.964971
129	160	0.923145
129	161	0.893221
129	164	0.9157
129	165	1.45984
129	166	0.942838
129	170	0.90001
129	171	0.864193
129	172	0.865233
129	175	0.855372
129	176	0.879066
129	178	0.87345
129	179	0.830321
129	180	0.850278
130	2	0.957459
130	8	0.963404
130	19	1.0238
130	22	0.949262
130	52	0.976067
130	64	0.956534
130	67	0.974112
130	70	1.03331
130	71	0.861826
130	81	1.65396
130	87	0.999141
130	88	0.987768
130	91	1.00042
130	109	1.00703
130	120	1.02014
130	121	1.01774
130	131	1.01876
130	133	1.02587
130	141	0.94278
130	143	1.00357
130	149	1.00387
130	155	0.999863
130	158	0.986871
130	159	0.999005
130	161	0.935343
130	162	1.53769
130	165	0.988923
130	167	0.992703
130	173	0.932606
130	174	0.810429
130	178	1.58652
131	11	0.975763
131	28	1.03345
131	29	1.03551
131	31	0.640057
131	32	1.0368
131	60	1.07712
131	64	0.992743
131	70	1.06952
131	79	1.03914
131	80	0.685874
131	83	0.551468
131	97	0.996517
131	116	1.06169
131	120	1.05635
131	126	1.03158
131	127	1.02436
131	130	1.01876
131	133	1.06208
131	139	0.999533
131	143	1.03977
131	145	1.03313
131	148	1.04148
131	149	1.04008
131	152	1.35923
131	158	1.02308
131	160	1.29743
131	163	1.31404
131	165	1.02513
131	167	1.02891
131	168	1.027
131	173	1.61736
132	37	1.01088
132	65	1.05323
132	75	0.926242
132	90	1.0191
132	93	0.890757
132	96	1.19269
132	97	1.26492
132	107	1.08224
132	116	0.843144
132	136	1.02637
132	140	1.02511
132	142	1.03033
132	144	1.07963
132	150	1.06019
132	151	1.03063
132	156	1.03145
132	160	1.00271
132	162	0.976496
132	163	0.994981
132	169	0.93244
132	170	0.97958
132	171	0.943763
132	172	0.944803
132	173	0.970054
132	174	1.04653
132	175	0.934942
132	176	0.958636
132	177	0.925746
132	178	0.95302
132	179	0.909891
132	180	0.929848
133	7	0.98132
133	41	1.03651
133	49	1.04125
133	50	1.04374
133	75	1.05197
133	77	1.0706
133	85	1.04615
133	86	0.554643
133	88	1.03108
133	96	1.02972
133	97	1.00362
133	109	1.05034
133	110	1.15098
133	115	1.03158
133	130	1.02587
133	131	1.06208
133	140	0.792021
133	145	1.04023
133	149	1.04718
133	155	1.04318
133	158	1.03018
133	159	1.04232
133	161	0.978656
133	165	1.03224
133	166	0.870865
133	167	1.03602
133	168	1.0341
133	171	1.57776
133	173	0.97592
133	175	1.633
133	178	1.25711
134	7	0.924968
134	19	1.01076
134	28	0.9842
134	30	1.01509
134	32	0.98755
134	70	1.02027
134	75	0.995614
134	79	0.989894
134	82	0.994084
134	97	0.94727
134	107	0.992185
134	119	0.993614
134	120	1.0071
134	122	2.02817
134	125	0.991524
134	126	0.982329
134	127	0.975113
134	138	0.941661
134	139	0.950286
134	143	0.990527
134	145	0.983883
134	148	0.992237
134	149	0.990828
134	158	0.973833
134	160	1.0448
134	162	1.3476
134	163	1.06141
134	165	0.975885
134	167	0.979664
134	168	0.977748
134	170	1.1414
134	173	1.36473
135	4	0.903428
135	22	1.58574
135	49	0.686166
135	66	0.99072
135	69	1.00016
135	71	1.03934
135	85	1.10046
135	89	1.00388
135	95	1.06792
135	98	0.999594
135	99	0.980269
135	101	1.0409
135	103	0.997075
135	104	1.11174
135	111	1.0335
135	117	0.998813
135	118	1.00235
135	129	0.97069
135	151	1.02344
135	157	0.975159
135	163	0.987791
135	166	1.01522
135	167	0.728492
135	170	0.97239
135	171	0.936573
135	172	0.937613
135	175	0.927752
135	176	0.951446
135	177	0.918556
135	178	0.94583
135	179	0.902701
135	180	0.922658
136	74	1.18702
136	80	1.0587
136	81	0.949615
136	99	0.956381
136	101	1.01701
136	116	1.04042
136	122	0.931987
136	124	0.969521
136	128	0.97265
136	132	1.02637
136	140	0.994031
136	145	1.18064
136	147	0.980924
136	150	1.02911
136	154	0.916316
136	155	0.8479
136	156	1.00037
136	160	0.971637
136	164	0.964192
136	168	0.999336
136	169	0.901362
136	170	0.948503
136	171	0.912685
136	172	0.913725
136	173	0.938977
136	175	0.903864
136	176	0.927558
136	177	0.894668
136	178	0.921943
136	179	0.878813
136	180	0.89877
137	15	1.40507
137	20	0.900416
137	37	0.968772
137	57	1.03444
137	84	1.03869
137	88	1.56073
137	102	0.866166
137	106	0.9322
137	108	1.00155
137	119	0.983949
137	122	0.920952
137	123	1.03919
137	146	1.00243
137	147	0.969888
137	149	1.30287
137	152	0.967401
137	153	1.01431
137	154	0.905281
137	156	0.989334
137	162	0.934383
137	163	0.952868
137	164	0.953157
137	169	0.890327
137	171	0.90165
137	172	0.902689
137	174	1.00442
137	175	0.892829
137	176	0.916523
137	177	0.883632
137	178	0.910907
137	179	0.867777
137	180	0.887735
138	18	0.999989
138	26	1.26878
138	43	1.61113
138	44	1.66829
138	49	1.02359
138	56	0.946998
