1	58	1.62084
1	63	1.36826
1	79	1.27169
1	91	1.38749
1	102	1.26532
1	110	0.492683
1	136	0.481214
1	141	0.482364
1	161	1.33749
1	175	0.475622
1	178	0.472702
1	179	1.34892
2	67	0.456539
2	82	0.482075
2	151	0.499543
2	155	1.37674
2	165	1.38792
2	166	0.47607
2	171	0.476886
2	172	1.36894
2	174	1.34886
2	175	1.38207
2	177	1.36077
2	178	1.37482
3	34	0.378206
3	105	1.40031
3	112	0.506301
3	150	0.509114
3	159	0.500933
3	164	1.34785
3	167	1.39149
3	174	1.34734
3	175	1.38055
3	177	1.35925
3	178	1.3733
3	179	0.498519
4	98	0.472507
4	100	0.507072
4	108	1.38389
4	157	1.36176
4	159	1.40478
4	160	1.3733
4	165	0.467594
4	168	1.34685
4	169	1.35255
4	171	1.37693
4	172	0.483672
4	178	0.473375
5	32	0.539185
5	42	0.470513
5	62	0.428826
5	119	0.474987
5	147	1.38807
5	150	0.474738
5	158	1.34979
5	169	1.35185
5	171	1.37623
5	172	1.37883
5	177	1.37067
5	178	1.38471
6	86	0.479113
6	140	1.35712
6	143	1.41038
6	151	1.34957
6	154	0.508567
6	160	1.37578
6	161	0.484101
6	162	1.35781
6	166	1.37006
6	167	0.461633
6	171	1.3794
6	177	0.476389
7	10	1.2778
7	29	1.40251
7	32	1.36341
7	35	1.35597
7	54	1.37281
7	123	1.40642
7	144	0.494211
7	146	0.501599
7	161	1.42109
7	167	0.463277
7	173	0.474911
7	175	0.47413
8	10	1.29171
8	16	1.32722
8	26	1.26372
8	29	1.41642
8	49	1.4793
8	54	1.38672
8	78	0.503336
8	124	0.449648
8	132	0.495176
8	161	1.435
8	163	0.483968
8	180	0.47723
9	123	0.488319
9	133	1.37852
9	140	1.35487
9	142	1.37002
9	143	1.40813
9	145	1.38098
9	151	1.34733
9	153	0.488005
9	161	0.481355
9	164	0.492543
9	167	0.458887
9	180	1.36025
10	7	1.2778
10	8	1.29171
10	16	1.09051
10	20	1.22535
10	32	1.14061
10	35	1.13318
10	49	1.24259
10	85	0.588502
10	159	0.605095
10	161	1.1983
10	176	0.608564
10	180	0.602771
11	97	1.3093
11	108	1.39911
11	127	0.47897
11	128	1.3926
11	131	0.476689
11	146	0.494437
11	149	0.492398
11	157	1.37699
11	168	1.36208
11	169	1.36777
11	171	1.39215
11	179	0.4637
12	41	0.607336
12	95	0.574974
12	127	1.21546
12	131	1.19591
12	140	0.608608
12	164	1.18083
12	171	0.604427
12	172	1.20039
12	173	1.21149
12	174	1.18032
12	176	1.2094
12	178	1.20628
13	26	0.533781
13	28	0.799292
13	83	0.363218
13	93	0.351868
13	164	1.35312
13	166	0.343509
13	173	1.38379
13	174	1.35261
13	175	1.38582
13	176	1.3817
13	177	1.36453
13	178	1.37857
14	95	1.39982
14	128	1.38006
14	139	0.478541
14	146	0.489528
14	149	0.48749
14	157	1.36446
14	168	1.34955
14	169	1.35524
14	170	1.37129
14	171	1.37962
14	172	0.469436
14	174	0.483637
15	114	1.34175
15	133	1.37872
15	134	0.488237
15	137	0.458355
15	141	0.48643
15	142	1.37022
15	143	1.40834
15	145	1.38118
15	150	1.37233
15	151	1.34753
15	166	0.489028
15	175	0.479688
16	8	1.32722
16	10	1.09051
16	20	1.26086
16	26	1.06252
16	32	1.17612
16	49	1.2781
16	54	1.18552
16	117	0.601341
16	123	1.21913
16	157	0.607422
16	168	0.610525
16	180	0.581413
17	101	0.600488
17	153	1.19764
17	157	1.19286
17	159	1.23587
17	160	1.2044
17	163	0.60691
17	167	0.592497
17	168	1.17795
17	169	1.18364
17	170	1.19969
17	171	1.20802
17	175	0.60335
18	37	0.571033
18	129	0.480649
18	130	0.512707
18	152	0.508435
18	157	0.519071
18	165	1.31226
18	167	1.31736
18	173	1.30437
18	174	1.2732
18	175	1.30641
18	176	1.30228
18	177	1.28511
18	178	1.29916
19	37	1.24446
19	68	1.35833
19	71	0.503053
19	91	1.37856
19	96	0.516931
19	99	1.29218
19	102	1.25638
19	112	0.526189
19	126	1.20153
19	153	0.53994
19	161	1.32855
19	179	1.33998
19	180	0.518497
20	10	1.22535
20	16	1.26086
20	26	1.19736
20	32	1.31096
20	35	1.30353
20	49	1.41294
20	54	1.32036
20	98	0.517712
20	136	0.527092
20	161	1.36864
20	176	0.524115
20	178	0.51858
20	180	0.518322
21	65	1.35951
21	75	0.471368
21	81	1.2687
21	104	1.26389
21	106	1.26339
21	133	0.546848
21	148	1.31509
21	152	1.31761
21	162	1.29974
21	166	1.31199
21	167	0.520944
21	175	0.531797
21	177	0.5357
22	86	0.520378
22	110	1.31921
22	133	1.31577
22	138	0.536553
22	150	1.30938
22	151	1.28457
22	155	0.499646
22	158	1.28796
22	162	1.29281
22	164	0.536555
22	168	1.28433
22	170	1.30608
22	176	0.516367
23	63	1.3363
23	79	1.23973
23	80	0.555367
23	90	0.47824
23	100	0.532987
23	162	0.516561
23	166	0.511551
23	170	1.29042
23	171	1.29875
23	175	1.31448
23	176	1.31036
23	177	1.29319
23	179	1.31696
24	67	0.490967
24	72	0.497283
24	107	0.53722
24	116	0.539928
24	165	1.31226
24	167	1.31736
24	168	0.527091
24	173	1.30437
24	174	1.2732
24	175	1.30641
24	176	1.30228
24	177	1.28511
24	178	1.29916
25	59	0.460886
25	66	0.489926
25	74	0.577688
25	128	1.30898
25	138	0.53306
25	141	1.32145
25	154	0.54634
25	157	1.29337
25	160	1.30491
25	168	1.27846
25	169	1.28415
25	170	1.30021
25	171	1.30853
26	8	1.26372
26	13	0.533781
26	16	1.06252
26	20	1.19736
26	29	1.15172
26	32	1.11262
26	35	1.10519
26	49	1.2146
26	54	1.12202
26	86	0.687064
26	161	1.1703
26	174	0.702015
26	176	0.683052
27	108	1.30868
27	129	1.36261
27	135	0.519751
27	146	0.534614
27	157	1.28656
27	160	1.2981
27	168	1.27165
27	169	1.27735
27	170	1.2934
27	171	1.30173
27	172	0.514522
27	174	0.528723
27	177	0.511048
28	13	0.799292
28	44	1.30826
28	56	0.501989
28	70	1.33682
28	82	1.31565
28	107	1.24595
28	115	1.26833
28	119	1.31925
28	120	1.3187
28	122	1.28716
28	128	0.441477
28	174	0.440077
28	176	0.421114
29	7	1.40251
29	8	1.41642
29	26	1.15172
29	32	1.26533
29	35	1.25789
29	40	0.503033
29	54	1.27473
29	123	1.30834
29	134	0.529378
29	156	0.539957
29	161	1.32301
29	167	0.509976
29	176	0.523444
30	75	0.463923
30	86	0.530979
30	109	1.3028
30	129	1.36346
30	139	0.540835
30	157	1.28741
30	158	0.525916
30	160	1.29895
30	168	1.2725
30	169	1.27819
30	170	1.29424
30	171	1.30257
30	174	0.54593
31	60	0.486258
31	96	0.432686
31	97	1.33787
31	126	0.532207
31	127	0.449433
31	128	1.42117
31	135	0.450036
31	156	0.456559
31	160	1.4171
31	168	1.39065
31	169	1.39635
31	170	1.4124
31	171	1.42073
31	180	1.40382
32	5	0.539185
32	7	1.36341
32	10	1.14061
32	16	1.17612
32	20	1.31096
32	26	1.11262
32	29	1.26533
32	35	1.21879
32	49	1.3282
32	139	0.569081
32	161	1.28391
32	166	0.561939
32	172	0.559975
32	174	0.574176
33	34	0.357197
33	103	1.35641
33	105	0.465808
33	107	1.36768
33	120	1.44043
33	131	0.490499
33	132	0.495545
33	145	0.492317
33	158	1.39817
33	162	1.40302
33	166	1.41527
33	168	1.39454
33	171	1.42461
33	174	0.502355
34	3	0.378206
34	33	0.357197
34	41	0.37031
34	45	1.40833
34	56	0.440733
34	61	0.434864
34	64	1.43261
34	83	1.39917
34	145	1.40173
34	150	1.39289
34	151	1.36808
34	177	0.824593
34	179	1.41613
34	180	1.38101
35	7	1.35597
35	10	1.13318
35	20	1.30353
35	26	1.10519
35	29	1.25789
35	32	1.21879
35	49	1.32077
35	54	1.22819
35	113	0.561846
35	126	0.631614
35	161	1.27647
35	172	0.544215
35	173	0.53762
35	180	0.53366
36	80	1.20398
36	84	1.26409
36	111	0.558106
36	142	1.24112
36	143	1.27924
36	145	1.25208
36	150	1.24323
36	151	1.21843
36	153	0.575396
36	155	0.543025
36	162	0.571482
36	178	0.554211
36	179	1.26647
36	180	1.23135
37	18	0.571033
37	19	1.24446
37	50	1.23614
37	68	1.28729
37	77	0.569066
37	79	1.1917
37	91	1.30751
37	99	1.22113
37	102	1.18534
37	134	0.564167
37	161	1.2575
37	165	0.546917
37	179	1.26894
37	180	0.552439
38	55	0.582488
38	64	1.28535
38	66	0.542407
38	80	1.20638
38	94	0.529214
38	140	1.22838
38	142	1.24352
38	143	1.28164
38	145	1.25448
38	150	1.24564
38	151	1.22083
38	163	0.5663
38	164	0.585543
38	180	1.23375
39	47	1.40641
39	52	1.50498
39	82	1.42914
39	99	0.397901
39	103	1.34817
39	115	1.38182
39	119	1.43274
39	122	1.40065
39	126	1.29613
39	134	0.364634
39	153	0.37435
39	169	0.389051
39	174	0.377663
39	180	0.899767
40	29	0.503033
40	73	0.544545
40	87	0.500569
40	155	1.3364
40	156	0.482158
40	157	0.48586
40	162	0.47738
40	167	1.35268
40	172	1.3286
40	173	1.3397
40	174	1.30852
40	175	1.34173
40	176	1.33761
40	177	1.32044
40	178	1.33448
41	12	0.607336
41	34	0.37031
41	46	1.3471
41	109	1.33021
41	121	1.40875
41	128	1.33043
41	132	0.508658
41	154	0.529971
41	158	0.495454
41	160	1.32636
41	168	1.29992
41	169	1.30561
41	170	1.32166
41	171	1.32999
41	179	0.490623
42	5	0.470513
42	45	1.33556
42	62	1.42816
42	114	1.28954
42	126	0.578703
42	135	0.496533
42	140	1.30286
42	143	1.35612
42	145	1.32896
42	150	1.32012
42	151	1.29531
42	164	0.506729
42	167	0.473074
42	175	0.483926
42	179	1.34335
43	90	0.476053
43	93	0.517724
43	137	0.47869
43	157	0.522854
43	159	0.499169
43	163	1.3208
43	165	1.34854
43	167	1.35364
43	172	1.32956
43	174	1.30949
43	175	1.3427
43	176	1.33857
43	177	1.3214
43	178	1.33545
43	179	0.496756
44	28	1.30826
44	48	1.33943
44	70	1.36736
44	103	1.26522
44	113	0.52071
44	119	1.34979
44	120	1.34924
44	122	1.3177
44	130	0.51217
44	156	1.34175
44	159	1.36127
44	161	0.507317
44	165	0.487002
44	167	0.48485
44	175	0.495703
45	34	1.40833
45	42	1.33556
45	65	0.495725
45	103	0.529277
45	114	1.30285
45	140	1.31616
45	142	1.33131
45	145	1.34227
45	150	1.33342
45	151	1.30862
45	163	0.49667
45	173	0.493892
45	177	0.497013
45	178	0.490191
45	180	1.32154
46	41	1.3471
46	73	1.2535
46	124	0.463579
46	128	1.3456
46	129	1.40604
46	130	0.510807
46	133	0.50939
46	146	0.521809
46	157	1.32999
46	168	1.31508
46	169	1.32078
46	170	1.33683
46	171	1.34516
46	172	0.501717
46	177	0.498243
47	39	1.40641
47	52	1.40669
47	70	1.35201
47	82	1.33085
47	96	0.491694
47	103	1.24988
47	115	1.28352
47	119	1.33445
47	120	1.3339
47	122	1.30235
47	131	0.50616
47	164	0.519241
47	172	0.503816
47	179	0.493171
47	180	0.49326
48	44	1.33943
48	70	1.36798
48	82	1.34682
48	103	1.26584
48	104	0.538612
48	113	0.512968
48	115	1.29949
48	119	1.35041
48	120	1.34986
48	122	1.31832
48	134	0.49651
48	143	0.484194
48	159	1.3619
48	175	0.487961
48	180	0.484782
49	8	1.4793
49	10	1.24259
49	16	1.2781
49	20	1.41294
49	26	1.2146
49	32	1.3282
49	35	1.32077
49	53	0.474983
49	54	1.33761
49	55	0.525316
49	64	0.488645
49	96	0.500824
49	150	0.512894
49	161	1.38589
49	165	0.496867
50	37	1.23614
50	58	1.60358
50	63	1.351
50	68	1.35001
50	79	1.25443
50	99	1.28385
50	102	1.24806
50	105	0.478431
50	106	0.543898
50	125	0.518018
50	155	0.479294
50	159	1.3413
50	177	0.497303
50	179	1.33166
50	180	0.490221
51	92	0.464866
51	121	1.41425
51	128	1.33593
51	139	0.515769
51	155	0.485181
51	157	1.32033
51	160	1.33186
51	162	0.513638
51	164	0.522089
51	168	1.30542
51	169	1.31111
51	170	1.32716
51	171	1.33549
51	172	0.506664
51	180	1.31858
52	39	1.50498
52	47	1.40669
52	70	1.45059
52	107	1.35972
52	115	1.38209
52	119	1.43302
52	120	1.43247
52	122	1.40093
52	138	0.467583
52	141	1.42956
52	154	0.480863
52	161	0.456396
52	170	0.470654
52	177	0.448685
52	179	0.441514
52	180	0.441603
53	49	0.474983
53	88	0.417954
53	90	1.50046
53	106	1.36972
53	110	1.43247
53	111	1.42917
53	112	1.42469
53	130	1.41791
53	133	0.46529
53	136	0.455832
53	158	1.40122
53	162	1.40607
53	163	0.4538
53	166	1.41832
53	169	0.483206
53	177	0.454143
54	7	1.37281
54	8	1.38672
54	16	1.18552
54	20	1.32036
54	26	1.12202
54	29	1.27473
54	35	1.22819
54	49	1.33761
54	123	1.27863
54	149	0.555967
54	161	1.29331
54	163	0.534096
54	165	0.521836
54	166	0.539877
54	178	0.527617
54	180	0.527358
55	38	0.582488
55	49	0.525316
55	79	1.22313
55	83	0.529623
55	103	0.53674
55	132	1.28781
55	150	0.507899
55	152	0.512767
55	159	1.31001
55	169	1.25778
55	170	1.27383
55	171	1.28216
55	175	1.29789
55	177	1.27659
55	178	1.29064
55	179	1.30037
56	28	0.501989
56	34	0.440733
56	64	0.547391
56	67	0.554124
56	135	1.28363
56	136	1.27838
56	157	0.587145
56	163	1.26674
56	165	1.29448
56	167	1.29958
56	174	1.25543
56	175	1.28863
56	176	1.28451
56	177	1.26734
56	178	1.28138
56	179	0.561046
57	62	0.486748
57	112	0.529847
57	114	0.559495
57	115	0.553992
57	134	1.29233
57	150	0.53266
57	158	0.526897
57	164	1.25302
57	165	1.29157
57	167	1.29667
57	172	1.27259
57	173	1.28369
57	175	1.28572
57	176	1.2816
57	177	1.26443
57	178	1.27847
58	1	1.62084
58	50	1.60358
58	91	1.67495
58	99	1.58857
58	102	1.55278
58	126	1.49792
58	141	0.39774
58	144	0.411078
58	146	0.418466
58	157	0.413828
58	161	1.62494
58	165	0.382297
58	171	0.401154
58	176	0.393612
58	179	1.63638
58	180	0.387819
59	25	0.460886
59	77	1.40315
59	108	0.455854
59	115	0.46011
59	142	1.41702
59	143	1.45514
59	152	1.42044
59	157	0.454283
59	160	0.446141
59	162	1.40257
59	166	1.41482
59	168	0.457385
59	170	0.457324
59	176	1.43577
59	177	1.4186
59	178	1.43264
60	31	0.486258
60	81	1.23131
60	101	1.26807
60	102	0.574592
60	137	1.33576
60	140	0.54399
60	147	1.29578
60	152	1.28022
60	156	1.29227
60	158	1.25749
60	162	1.26235
60	166	1.2746
60	171	0.539809
60	178	0.526733
60	179	1.30215
60	180	0.526474
61	34	0.434864
61	101	0.555582
61	129	0.542853
61	131	1.2796
61	137	0.537111
61	139	1.25858
61	144	1.29313
61	147	0.561986
61	158	0.560008
61	164	1.26452
61	172	1.28408
61	174	1.26401
61	175	1.29722
61	176	1.29309
61	177	1.27592
61	178	1.28997
62	5	0.428826
62	42	1.42816
62	57	0.486748
62	114	1.39545
62	133	1.43242
62	140	1.40877
62	142	1.42391
62	145	1.43487
62	150	1.42603
62	151	1.40122
62	153	0.460504
62	161	0.453853
62	164	0.465042
62	172	0.449616
62	174	0.463817
62	179	1.44926
63	1	1.36826
63	23	1.3363
63	50	1.351
63	68	1.40214
63	77	0.494586
63	79	1.30656
63	88	0.448852
63	91	1.42237
63	96	0.476394
63	99	1.33599
63	102	1.30019
63	146	0.508607
63	154	0.517219
63	159	1.39344
63	163	0.484698
63	178	0.478218
63	179	1.38379
64	34	1.43261
64	38	1.28535
64	49	0.488645
64	56	0.547391
64	117	0.480651
64	133	1.36409
64	138	0.486703
64	140	1.34044
64	141	0.470644
64	143	1.39371
64	145	1.36655
64	150	1.3577
64	151	1.3329
64	176	0.466517
64	177	0.467805
64	179	1.38094
64	180	1.34582
65	21	1.35951
65	45	0.495725
65	69	1.39546
65	101	1.35035
65	106	1.30827
65	135	0.496045
65	147	1.37806
65	148	1.35998
65	152	1.3625
65	162	1.34462
65	163	0.486999
65	166	1.35687
65	167	0.472586
65	172	0.490816
65	177	0.487342
65	178	0.480519
65	179	1.38443
66	25	0.489926
66	38	0.542407
66	129	0.4449
66	144	1.36857
66	157	0.483322
66	159	0.459637
66	164	1.33996
66	167	1.3836
66	168	0.486425
66	170	0.486364
66	173	1.37062
66	174	1.33945
66	175	1.37265
66	176	1.36853
66	177	1.35136
66	178	1.3654
66	180	1.34001
67	2	0.456539
67	24	0.490967
67	56	0.554124
67	82	1.39294
67	86	0.477261
67	103	1.31196
67	115	1.34561
67	122	1.36444
67	149	0.496065
67	158	1.35372
67	162	1.35857
67	166	1.37082
67	167	0.459781
67	168	1.35009
67	170	1.37184
67	171	1.38017
67	176	0.473249
68	19	1.35833
68	37	1.28729
68	50	1.35001
68	63	1.40214
68	91	1.42138
68	99	1.335
68	102	1.2992
68	113	0.510824
68	124	0.455056
68	153	0.504081
68	159	1.39245
68	161	1.37137
68	163	0.489376
68	173	0.486597
68	178	0.482896
68	179	1.38281
68	180	0.482638
69	65	1.39546
69	75	0.415611
69	78	0.498967
69	93	0.49374
69	98	1.37743
69	104	1.29984
69	113	0.501047
69	117	0.492789
69	137	1.4091
69	144	0.49612
69	147	1.36912
69	148	1.35104
69	152	1.35356
69	154	0.512121
69	156	1.36561
69	158	1.33084
69	166	1.34794
70	28	1.33682
70	44	1.36736
70	47	1.35201
70	48	1.36798
70	52	1.45059
70	103	1.29377
70	107	1.30504
70	119	1.37834
70	120	1.37779
70	134	0.489443
70	156	1.37031
70	160	0.495583
70	161	0.492508
70	167	0.470041
70	173	0.481675
70	174	0.502471
70	180	0.477715
71	19	0.503053
71	82	0.477547
71	91	0.442992
71	103	0.498369
71	106	0.5127
71	122	0.493383
71	150	1.36464
71	151	1.33983
71	158	0.463766
71	169	1.34529
71	170	1.36134
71	171	1.36967
71	172	1.37226
71	174	1.35219
71	177	1.3641
71	178	1.37815
71	180	1.35276
72	24	0.497283
72	87	1.33655
72	96	0.472206
72	108	1.38171
72	109	1.37498
72	116	1.3399
72	131	0.486672
72	142	0.497643
72	157	1.35959
72	160	1.37113
72	162	0.491302
72	168	1.34468
72	169	1.35037
72	170	1.36642
72	171	1.37475
72	172	0.484327
72	178	0.474031
73	40	0.544545
73	46	1.2535
73	76	1.23678
73	78	0.585268
73	128	1.23683
73	131	0.572062
73	134	1.25873
73	157	1.22123
73	158	0.563904
73	159	1.26424
73	160	1.23276
73	162	0.576691
73	169	1.21201
73	170	1.22806
73	171	1.23639
73	179	0.559072
73	180	1.21948
74	25	0.577688
74	81	1.19047
74	106	1.18516
74	110	1.24791
74	115	0.576912
74	118	1.26781
74	131	0.557975
74	134	1.26544
74	137	1.29493
74	148	1.23687
74	152	1.23938
74	158	1.21666
74	161	0.559868
74	162	1.22151
74	166	1.23376
74	169	0.58122
74	175	0.548254
75	21	0.471368
75	30	0.463923
75	69	0.415611
75	78	1.40782
75	81	0.486628
75	108	0.444798
75	142	0.441088
75	147	0.423937
75	163	1.43243
75	164	1.42162
75	165	1.46017
75	170	0.446268
75	172	1.44118
75	173	1.45228
75	175	1.45432
75	176	1.4502
75	177	1.43302
75	178	1.44707
76	73	1.23678
76	93	1.36457
76	97	1.24558
76	108	1.33539
76	109	1.32866
76	124	0.478356
76	139	0.525599
76	148	0.519271
76	154	0.545197
76	157	1.31327
76	158	0.51068
76	160	1.32481
76	166	0.518457
76	168	1.29836
76	169	1.30406
76	170	1.32011
76	171	1.32844
76	178	0.506197
77	37	0.569066
77	59	1.40315
77	63	0.494586
77	80	1.26275
77	84	1.32287
77	133	1.3084
77	134	0.502822
77	138	0.517074
77	140	1.28475
77	142	1.29989
77	143	1.33801
77	145	1.31085
77	150	1.30201
77	151	1.2772
77	169	0.527239
77	176	0.496888
77	177	0.498175
77	180	1.29012
78	8	0.503336
78	69	0.498967
78	73	0.585268
78	75	1.40782
78	95	0.484456
78	121	0.474844
78	128	0.52673
78	130	0.520219
78	132	1.30292
78	135	1.308
78	154	1.26191
78	163	1.29111
78	167	1.32395
78	173	1.31097
78	174	1.2798
78	175	1.313
78	176	1.30888
78	177	1.29171
79	1	1.27169
79	23	1.23973
79	37	1.1917
79	50	1.25443
79	55	1.22313
79	63	1.30656
79	91	1.3258
79	94	1.35978
79	99	1.23942
79	102	1.20362
79	118	0.544032
79	125	0.562443
79	134	0.546374
79	153	0.55609
79	155	0.523719
79	159	1.29687
79	177	0.541728
79	179	1.28722
79	180	0.534647
80	23	0.555367
80	36	1.20398
80	38	1.20638
80	77	1.26275
80	105	0.519012
80	133	1.28512
80	140	1.26147
80	142	1.27662
80	143	1.31474
80	145	1.28758
80	150	1.27873
80	151	1.25393
80	154	0.570062
80	155	0.519875
80	162	0.548332
80	164	0.556784
80	177	0.537884
80	179	1.30197
80	180	1.26685
81	21	1.2687
81	60	1.23131
81	74	1.19047
81	75	0.486628
81	90	1.34819
81	111	1.27691
81	130	1.26565
81	147	1.28724
81	148	1.26917
81	158	1.24896
81	160	0.561747
81	162	1.25381
81	165	0.538357
81	166	1.26606
81	171	0.557214
81	173	0.547839
81	174	0.568635
81	179	1.29361
81	180	0.543879
82	2	0.482075
82	28	1.31565
82	39	1.42914
82	47	1.33085
82	48	1.34682
82	67	1.39294
82	71	0.477547
82	103	1.27261
82	107	1.28388
82	119	1.35718
82	120	1.35663
82	122	1.32509
82	125	0.520788
82	126	1.22057
82	139	0.512652
82	159	1.36866
82	161	0.507784
82	174	0.517747
82	176	0.498785
82	180	0.492991
83	13	0.363218
83	34	1.39917
83	55	0.529623
83	84	1.34513
83	114	1.29369
83	133	1.33066
83	140	1.307
83	141	0.516617
83	142	1.32215
83	143	1.36027
83	145	1.33311
83	150	1.32426
83	151	1.29946
83	152	0.522069
83	153	0.52814
83	156	1.33762
83	160	0.524564
83	176	0.51249
83	178	0.506955
83	179	1.3475
84	36	1.26409
84	77	1.32287
84	83	1.34513
84	111	0.493079
84	133	1.34524
84	140	1.32159
84	141	0.498847
84	142	1.33673
84	143	1.37485
84	145	1.34769
84	150	1.33885
84	151	1.31404
84	153	0.51037
84	162	0.506456
84	172	0.499482
84	173	0.492886
84	174	0.513683
84	175	0.492105
84	179	1.36208
84	180	1.32697
85	10	0.588502
85	102	0.508317
85	109	0.479807
85	122	0.494558
85	138	1.31513
85	139	1.31301
85	143	0.459611
85	144	1.34756
85	151	0.496191
85	154	1.30055
85	157	0.486208
85	163	1.32975
85	164	1.31895
85	165	1.35749
85	171	0.473534
85	172	1.33851
85	173	1.34961
85	175	1.35164
85	176	1.34752
85	177	1.33035
86	6	0.479113
86	22	0.520378
86	26	0.687064
86	30	0.530979
86	67	0.477261
86	143	0.483684
86	144	1.30019
86	149	1.28797
86	155	1.29895
86	156	0.50658
86	157	0.510282
86	163	1.28239
86	164	1.27158
86	165	1.31013
86	172	1.29115
86	173	1.30225
86	174	1.27107
86	175	1.30428
86	176	1.30016
86	177	1.28299
86	178	1.29703
87	40	0.500569
87	72	1.33655
87	95	1.31004
87	97	1.20698
87	98	0.514576
87	108	1.29679
87	121	1.3686
87	129	1.35072
87	135	0.53097
87	142	0.539057
87	144	0.538445
87	146	0.545833
87	157	1.27467
87	160	1.28621
87	168	1.25976
87	169	1.26545
87	170	1.28151
87	171	1.28983
87	173	0.519145
87	175	0.518364
87	180	1.27293
88	53	0.417954
88	63	0.448852
88	100	0.479315
88	110	0.465599
88	114	0.4827
88	122	0.479719
88	151	0.481352
88	154	1.36401
88	155	1.40977
88	162	0.46289
88	163	1.39321
88	167	1.42605
88	170	0.474411
88	172	1.40197
88	173	1.41307
88	174	1.38189
88	175	1.4151
88	176	1.41098
88	177	1.39381
88	178	1.40785
88	180	1.38246
89	106	1.34689
89	110	1.40964
89	112	1.40185
89	123	0.481199
89	130	1.39507
89	137	1.45665
89	143	0.458854
89	144	0.482701
89	147	1.41667
89	148	1.39859
89	153	1.39445
89	158	1.37839
89	161	0.474235
89	162	1.38324
89	163	0.46618
89	166	1.39549
89	175	0.46262
89	177	0.466523
89	178	0.459701
89	179	1.42304
89	180	0.459442
90	23	0.47824
90	43	0.476053
90	53	1.50046
90	81	1.34819
90	98	1.42098
90	104	1.34339
90	111	1.40233
90	112	1.39785
90	118	1.42553
90	145	0.468394
90	149	0.482285
90	152	1.39711
90	158	1.37438
90	162	1.37924
90	164	0.479657
90	166	1.39149
90	175	0.456854
90	176	0.459469
90	178	0.453934
90	179	1.41904
90	180	0.453676
91	1	1.38749
91	19	1.37856
91	37	1.30751
91	58	1.67495
91	63	1.42237
91	68	1.42138
91	71	0.442992
91	79	1.3258
91	99	1.35522
91	102	1.31943
91	129	0.446023
91	144	0.481695
91	145	0.473154
91	156	0.480743
91	159	1.41267
91	161	1.39159
91	164	0.484417
91	166	0.470954
91	173	0.462395
91	178	0.458694
91	179	1.40303
92	51	0.464866
92	106	0.496902
92	116	0.485174
92	117	1.36852
92	119	0.45398
92	132	1.40584
92	139	1.37729
92	142	0.467097
92	147	0.449945
92	152	0.458598
92	157	0.469234
92	165	1.42177
92	167	1.42687
92	172	1.40279
92	174	1.38272
92	175	1.41592
92	176	1.4118
92	177	1.39463
92	178	1.40867
92	179	0.443136
92	180	1.38328
93	13	0.351868
93	43	0.517724
93	69	0.49374
93	76	1.36457
93	95	1.38438
93	97	1.28132
93	116	1.32933
93	127	0.510527
93	128	1.36462
93	129	1.42507
93	148	0.508679
93	157	1.34902
93	160	1.36055
93	164	0.521327
93	168	1.33411
93	169	1.3398
93	170	1.35585
93	171	1.36418
93	172	0.505902
93	176	0.50114
93	178	0.495605
93	180	1.34727
94	38	0.529214
94	79	1.35978
94	99	1.38921
94	102	1.35341
94	119	0.454874
94	148	1.41257
94	149	0.472729
94	152	1.41508
94	154	0.483379
94	157	1.40365
94	158	1.39236
94	160	1.41518
94	166	1.40946
94	170	1.41048
94	172	0.454675
94	173	0.448079
94	174	0.468876
94	175	0.447298
94	176	0.449913
94	179	1.43702
94	180	1.4019
95	12	0.574974
95	14	1.39982
95	78	0.484456
95	87	1.31004
95	93	1.38438
95	109	1.34847
95	116	1.31339
95	121	1.427
95	129	1.40913
95	149	0.486959
95	154	0.497609
95	157	1.33308
95	160	1.34462
95	162	0.475879
95	164	0.484331
95	168	1.31817
95	169	1.32386
95	170	1.33991
95	171	1.34824
95	174	0.483106
95	175	0.461528
95	179	0.45826
96	19	0.516931
96	31	0.432686
96	47	0.491694
96	49	0.500824
96	63	0.476394
96	72	0.472206
96	136	1.35991
96	139	1.33153
96	144	1.36607
96	154	1.31907
96	156	0.495209
96	164	1.33746
96	165	1.376
96	168	0.502014
96	169	0.509046
96	172	1.35702
96	173	1.36812
96	174	1.33695
96	175	1.37016
96	176	1.36603
96	177	1.34886
96	178	1.36291
97	11	1.3093
97	31	1.33787
97	76	1.24558
97	87	1.20698
97	93	1.28132
97	103	0.575734
97	108	1.25214
97	129	1.30607
97	148	0.549722
97	149	0.564997
97	158	0.541131
97	159	1.27304
97	160	1.24156
97	166	0.548907
97	168	1.21511
97	169	1.2208
97	170	1.23686
97	171	1.24518
97	172	0.546944
97	178	0.536647
97	179	0.536299
97	180	1.22827
98	4	0.472507
98	20	0.517712
98	69	1.37743
98	87	0.514576
98	90	1.42098
98	106	1.29024
98	118	1.37289
98	130	1.33843
98	131	0.486758
98	137	1.40001
98	140	0.491374
98	141	0.483778
98	147	1.36003
98	148	1.34195
98	152	1.34447
98	158	1.32174
98	159	0.476182
98	162	1.3266
98	166	1.33885
98	176	0.479651
98	177	0.480939
98	179	1.3664
99	19	1.29218
99	37	1.22113
99	39	0.397901
99	50	1.28385
99	58	1.58857
99	63	1.33599
99	68	1.335
99	79	1.23942
99	91	1.35522
99	94	1.38921
99	102	1.23305
99	113	0.547648
99	126	1.1782
99	144	0.542722
99	155	0.508535
99	159	1.32629
99	161	1.30522
99	163	0.526201
99	165	0.51394
99	172	0.530018
99	177	0.526544
99	179	1.31665
99	180	0.519463
100	4	0.507072
100	23	0.532987
100	88	0.479315
100	104	1.26182
100	110	1.32406
100	111	1.32076
100	112	1.31627
100	120	0.506692
100	121	0.482694
100	130	1.3095
100	133	0.526652
100	137	1.37107
100	147	1.33109
100	148	1.31301
100	151	0.544415
100	152	1.31553
100	153	1.30887
100	156	1.32758
100	158	1.29281
100	162	1.29766
100	163	0.515161
100	165	0.502901
100	166	1.30991
101	17	0.600488
101	60	1.26807
101	61	0.555582
101	65	1.35035
101	110	1.31697
101	118	1.33687
101	126	0.572738
101	130	1.30241
101	132	0.49273
101	137	1.36399
101	146	1.29733
101	147	1.32401
101	148	1.30593
101	152	1.30845
101	153	1.30179
101	162	1.29057
101	163	0.481522
101	165	0.469261
101	166	1.30282
101	167	0.467109
101	171	0.488119
101	177	0.481865
101	179	1.33038
102	1	1.26532
102	19	1.25638
102	37	1.18534
102	50	1.24806
102	58	1.55278
102	60	0.574592
102	63	1.30019
102	68	1.2992
102	79	1.20362
102	85	0.508317
102	91	1.31943
102	94	1.35341
102	99	1.23305
102	117	0.542514
102	123	0.544343
102	126	1.1424
102	136	0.531356
102	153	0.544029
102	159	1.2905
102	161	1.26942
102	167	0.514911
102	177	0.529667
102	179	1.28085
102	180	0.522585
103	33	1.35641
103	39	1.34817
103	44	1.26522
103	45	0.529277
103	47	1.24988
103	48	1.26584
103	55	0.53674
103	67	1.31196
103	70	1.29377
103	71	0.498369
103	82	1.27261
103	97	0.575734
103	107	1.20291
103	115	1.22528
103	119	1.27621
103	120	1.27566
103	122	1.24411
103	124	1.34385
103	146	0.54446
103	147	0.520533
103	153	0.535256
103	156	1.26817
103	168	0.542925
103	176	0.519606
104	21	1.26389
104	48	0.538612
104	69	1.29984
104	90	1.34339
104	100	1.26182
104	111	1.27211
104	112	1.26762
104	118	1.29531
104	119	0.539051
104	130	1.26085
104	137	1.32242
104	141	0.538218
104	142	0.552168
104	143	0.527709
104	147	1.28244
104	148	1.26437
104	152	1.26688
104	155	0.51737
104	162	1.24901
104	166	1.26126
104	173	0.532257
104	178	0.528556
104	179	1.28881
104	180	0.528297
105	3	1.40031
105	33	0.465808
105	50	0.478431
105	80	0.519012
105	118	0.472062
105	131	1.36165
105	136	1.36902
105	147	0.469397
105	155	1.37394
105	157	0.488686
105	159	0.465001
105	160	0.480545
105	163	1.35738
105	164	1.34658
105	165	1.38512
105	167	1.39022
105	168	0.491789
105	172	1.36614
105	173	1.37724
105	174	1.34606
105	175	1.37927
105	176	1.37515
105	178	1.37202
105	179	0.462588
106	21	1.26339
106	50	0.543898
106	53	1.36972
106	65	1.30827
106	71	0.5127
106	74	1.18516
106	89	1.34689
106	92	0.496902
106	98	1.29024
106	112	1.26711
106	130	1.26034
106	137	1.32192
106	141	0.538065
106	147	1.28193
106	148	1.26386
106	158	1.24365
106	160	0.546012
106	162	1.2485
106	166	1.26075
106	168	0.557256
106	174	0.5529
106	178	0.528403
106	179	1.2883
106	180	0.528144
107	24	0.53722
107	28	1.24595
107	33	1.36768
107	52	1.35972
107	70	1.30504
107	82	1.28388
107	103	1.20291
107	115	1.23655
107	119	1.28748
107	120	1.28693
107	122	1.25538
107	124	1.35512
107	126	1.15086
107	141	1.28402
107	144	0.536967
107	147	0.520428
107	148	0.527041
107	153	0.535152
107	156	1.27944
107	159	1.29896
107	169	0.549853
107	170	0.542759
107	174	0.538464
107	178	0.513967
108	4	1.38389
108	11	1.39911
108	27	1.30868
108	59	0.455854
108	72	1.38171
108	75	0.444798
108	76	1.33539
108	87	1.29679
108	97	1.25214
108	127	0.51723
108	129	1.39589
108	145	0.516767
108	146	0.532696
108	157	1.31984
108	160	1.33137
108	161	0.516841
108	163	0.508787
108	168	1.30493
108	169	1.31062
108	170	1.32667
108	171	1.335
108	173	0.506008
108	176	0.507842
108	179	0.501959
108	180	1.31809
109	30	1.3028
109	41	1.33021
109	72	1.37498
109	76	1.32866
109	85	0.479807
109	95	1.34847
109	116	1.29342
109	121	1.40703
109	125	0.521873
109	127	0.509257
109	129	1.38915
109	132	0.512022
109	134	1.35061
109	135	0.509861
109	157	1.3131
109	161	0.508869
109	167	0.486401
109	168	1.29819
109	169	1.30389
109	170	1.31994
109	171	1.32827
109	175	0.497254
109	178	0.494335
109	179	0.493987
109	180	1.31136
110	1	0.492683
110	22	1.31921
110	53	1.43247
110	74	1.24791
110	88	0.465599
110	89	1.40964
110	100	1.32406
110	101	1.31697
110	112	1.32986
110	123	0.516464
110	130	1.32309
110	134	1.35519
110	147	1.34468
110	148	1.32661
110	152	1.32912
110	155	0.483779
110	158	1.3064
110	160	0.512575
110	162	1.31125
110	166	1.3235
110	167	0.487032
110	168	0.523819
110	170	0.523758
110	172	0.505262
110	178	0.494965
111	36	0.558106
111	53	1.42917
111	81	1.27691
111	84	0.493079
111	90	1.40233
111	100	1.32076
111	104	1.27211
111	112	1.32656
111	113	0.506806
111	118	1.35425
111	123	0.500378
111	137	1.38137
111	145	0.493339
111	146	1.31471
111	147	1.34138
111	148	1.32331
111	152	1.32582
111	154	0.51788
111	158	1.3031
111	160	0.496488
111	162	1.30795
111	166	1.3202
111	173	0.48258
111	175	0.481799
111	180	0.47862
112	3	0.506301
112	19	0.526189
112	53	1.42469
112	57	0.529847
112	89	1.40185
112	90	1.39785
112	100	1.31627
112	104	1.26762
112	106	1.26711
112	110	1.32986
112	111	1.32656
112	113	0.510345
112	117	0.502088
112	130	1.3153
112	131	0.49506
112	137	1.37688
112	147	1.3369
112	152	1.32134
112	158	1.29861
112	162	1.30347
112	166	1.31572
112	173	0.486119
112	175	0.485338
112	176	0.487953
112	180	0.48216
113	35	0.561846
113	44	0.52071
113	48	0.512968
113	68	0.510824
113	69	0.501047
113	99	0.547648
113	111	0.506806
113	112	0.510345
113	114	1.27098
113	133	1.30795
113	142	1.29944
113	143	1.33756
113	149	1.306
113	150	1.30156
113	152	0.518026
113	154	1.27122
113	158	0.507396
113	160	1.30296
113	164	1.28962
113	167	1.33326
113	168	1.27651
113	169	1.2822
113	170	1.29826
113	171	1.30658
113	177	1.30102
113	178	1.31507
114	15	1.34175
114	42	1.28954
114	45	1.30285
114	57	0.559495
114	62	1.39545
114	83	1.29369
114	88	0.4827
114	113	1.27098
114	120	0.510076
114	133	1.2938
114	140	1.27015
114	141	0.521728
114	142	1.28529
114	143	1.32341
114	145	1.29625
114	150	1.28741
114	151	1.2626
114	152	0.52718
114	155	0.50088
114	156	1.30077
114	160	0.529675
114	164	0.537788
114	172	0.522363
114	178	0.512066
114	179	1.31064
114	180	1.27553
115	28	1.26833
115	39	1.38182
115	47	1.28352
115	48	1.29949
115	52	1.38209
115	57	0.553992
115	59	0.46011
115	67	1.34561
115	74	0.576912
115	103	1.22528
115	107	1.23655
115	119	1.30985
115	120	1.3093
115	122	1.27776
115	124	1.3775
115	126	1.17324
115	136	0.515075
115	141	1.3064
115	153	0.527748
115	154	0.545564
115	156	1.30182
115	159	1.32134
115	165	0.500782
115	173	0.510264
115	176	0.512098
115	179	0.506215
116	24	0.539928
116	72	1.3399
116	92	0.485174
116	93	1.32933
116	95	1.31339
116	109	1.29342
116	121	1.37195
116	124	0.488834
116	128	1.29363
116	131	0.529316
116	132	0.534363
116	134	1.31553
116	141	1.3061
116	146	0.547064
116	153	1.28281
116	155	0.505489
116	156	0.538723
116	157	1.27803
116	160	1.28957
116	163	0.523154
116	168	1.26312
116	169	1.26881
116	170	1.28486
116	171	1.29319
116	179	0.516327
116	180	1.27628
117	16	0.601341
117	64	0.480651
117	69	0.492789
117	92	1.36852
117	102	0.542514
117	112	0.502088
117	125	1.26451
117	128	0.520552
117	136	1.30186
117	137	0.476241
117	139	1.27347
117	149	1.29579
117	154	1.26101
117	163	1.29021
117	165	1.31795
117	167	1.32305
117	168	0.523508
117	169	0.53054
117	170	0.523447
117	172	1.29897
117	173	1.31007
117	174	1.2789
117	175	1.31211
117	176	1.30798
117	177	1.29081
117	178	1.30486
118	74	1.26781
118	79	0.544032
118	90	1.42553
118	98	1.37289
118	101	1.33687
118	104	1.29531
118	105	0.472062
118	111	1.35425
118	121	0.458123
118	130	1.34299
118	137	1.40457
118	146	1.33791
118	147	1.36458
118	148	1.34651
118	152	1.34902
118	155	0.472925
118	156	1.36108
118	158	1.3263
118	161	0.498645
118	165	0.47833
118	166	1.3434
118	169	0.519997
118	171	0.497187
118	176	0.489646
118	177	0.490934
118	179	1.37095
118	180	0.483853
119	5	0.474987
119	28	1.31925
119	39	1.43274
119	44	1.34979
119	47	1.33445
119	48	1.35041
119	52	1.43302
119	70	1.37834
119	82	1.35718
119	92	0.45398
119	94	0.454874
119	103	1.27621
119	104	0.539051
119	107	1.28748
119	115	1.30985
119	120	1.36023
119	122	1.32868
119	134	0.49695
119	138	0.511202
119	141	1.35732
119	153	0.506665
119	156	1.35274
119	159	1.37226
119	161	0.500015
119	172	0.495777
119	177	0.492303
119	178	0.485481
120	28	1.3187
120	33	1.44043
120	44	1.34924
120	47	1.3339
120	48	1.34986
120	52	1.43247
120	70	1.37779
120	82	1.35663
120	100	0.506692
120	103	1.27566
120	107	1.28693
120	114	0.510076
120	115	1.3093
120	119	1.36023
120	122	1.32813
120	123	0.494494
120	136	0.481507
120	141	1.35677
120	146	0.503384
120	153	0.49418
120	156	1.35219
120	159	1.37171
120	161	0.48753
120	170	0.501788
120	176	0.47853
120	177	0.479818
120	179	0.472648
121	41	1.40875
121	51	1.41425
121	78	0.474844
121	87	1.3686
121	95	1.427
121	100	0.482694
121	109	1.40703
121	116	1.37195
121	118	0.458123
121	123	1.3989
121	141	1.41972
121	144	0.471998
121	146	0.479386
121	147	0.455459
121	149	0.477347
121	157	1.39164
121	159	1.43465
121	160	1.40318
121	163	0.455477
121	164	0.47472
121	168	1.37673
121	169	1.38242
121	170	1.39847
121	171	1.4068
121	173	0.452698
121	174	0.473495
121	177	0.45582
121	180	1.38989
122	28	1.28716
122	39	1.40065
122	44	1.3177
122	47	1.30235
122	48	1.31832
122	52	1.40093
122	67	1.36444
122	71	0.493383
122	82	1.32509
122	85	0.494558
122	88	0.479719
122	103	1.24411
122	107	1.25538
122	115	1.27776
122	119	1.32868
122	120	1.32813
122	123	0.530584
122	124	1.39633
122	126	1.19207
122	138	0.534807
122	156	1.32065
122	159	1.34017
122	161	0.523619
122	175	0.512005
122	177	0.515908
122	178	0.509085
122	179	0.508737
122	180	0.508827
123	7	1.40642
123	9	0.488319
123	16	1.21913
123	29	1.30834
123	54	1.27863
123	89	0.481199
123	102	0.544343
123	110	0.516464
123	111	0.500378
123	120	0.494494
123	121	1.3989
123	122	0.530584
123	136	1.32562
123	140	0.513741
123	142	0.520096
123	143	0.495636
123	148	0.509558
123	157	1.30498
123	161	1.32692
123	168	1.29007
123	169	1.29576
123	170	1.31181
123	171	1.32014
123	174	1.30267
123	175	1.33587
123	176	1.33175
123	177	1.31458
123	178	1.32862
124	8	0.449648
124	46	0.463579
124	68	0.455056
124	76	0.478356
124	103	1.34385
124	107	1.35512
124	115	1.3775
124	116	0.488834
124	122	1.39633
124	128	0.473041
124	129	0.434473
124	133	0.465114
124	140	0.464402
124	141	1.42497
124	147	1.42389
124	152	1.40833
124	154	1.37669
124	158	1.38561
124	162	1.39046
124	163	1.40589
124	166	1.40271
124	167	1.43873
124	169	0.48303
124	170	0.475936
124	171	0.46022
124	173	1.42575
124	176	1.42366
124	178	1.42054
125	50	0.518018
125	79	0.562443
125	82	0.520788
125	109	0.521873
125	117	1.26451
125	126	1.17593
125	127	1.31384
125	132	1.30183
125	138	1.27539
125	142	0.526136
125	148	0.515597
125	149	1.2956
125	151	0.538256
125	154	1.26082
125	156	0.524571
125	163	1.29002
125	164	1.27921
125	165	1.31776
125	167	1.32286
125	168	0.531376
125	170	0.531315
125	172	1.29877
125	173	1.30987
125	174	1.2787
125	175	1.31191
125	176	1.30779
125	177	1.29061
125	178	1.30466
125	179	0.502175
126	19	1.20153
126	31	0.532207
126	35	0.631614
126	39	1.29613
126	42	0.578703
126	58	1.49792
126	82	1.22057
126	99	1.1782
126	101	0.572738
126	102	1.1424
126	107	1.15086
126	115	1.17324
126	122	1.19207
126	125	1.17593
126	137	0.554267
126	144	1.21944
126	147	0.579142
126	150	0.582927
126	156	1.21613
126	157	0.598431
126	158	0.577164
126	159	1.23565
126	161	1.21457
126	166	0.584941
126	173	1.22149
126	176	1.2194
126	177	1.20223
126	178	1.21628
126	179	1.226
127	11	0.47897
127	12	1.21546
127	31	0.449433
127	93	0.510527
127	108	0.51723
127	109	0.509257
127	125	1.31384
127	138	1.32492
127	140	0.507165
127	144	1.35735
127	146	1.33087
127	148	0.502982
127	149	1.34512
127	154	1.31034
127	155	1.3561
127	158	0.494391
127	159	0.491973
127	163	1.33954
127	164	1.32874
127	166	0.502168
127	169	0.525793
127	171	0.502984
127	172	1.3483
127	173	1.3594
127	174	1.32823
127	175	1.36144
127	176	1.35731
127	177	1.34014
127	178	1.35419
127	180	1.32879
128	11	1.3926
128	14	1.38006
128	25	1.30898
128	28	0.441477
128	31	1.42117
128	41	1.33043
128	46	1.3456
128	51	1.33593
128	73	1.23683
128	78	0.52673
128	93	1.36462
128	116	1.29363
128	117	0.520552
128	124	0.473041
128	129	1.38937
128	136	0.509394
128	139	0.520284
128	157	1.31332
128	160	1.32486
128	165	0.495101
128	166	0.513142
128	167	0.492949
128	168	1.29841
128	169	1.3041
128	170	1.32015
128	171	1.32848
128	175	0.503802
128	176	0.506417
128	177	0.507705
128	180	1.31157
129	18	0.480649
129	27	1.36261
129	30	1.36346
129	46	1.40604
129	61	0.542853
129	66	0.4449
129	87	1.35072
129	91	0.446023
129	93	1.42507
129	95	1.40913
129	97	1.30607
129	108	1.39589
129	109	1.38915
129	124	0.434473
129	128	1.38937
129	132	0.480002
129	133	0.480284
129	144	0.485314
129	153	1.37855
129	154	0.501315
129	157	1.37377
129	160	1.3853
129	164	0.488036
129	168	1.35886
129	169	1.36455
129	170	1.3806
129	171	1.38893
129	172	0.472611
129	174	0.486811
129	176	0.467849
129	180	1.37202
130	18	0.512707
130	44	0.51217
130	46	0.510807
130	53	1.41791
130	78	0.520219
130	81	1.26565
130	89	1.39507
130	98	1.33843
130	100	1.3095
130	101	1.30241
130	104	1.26085
130	106	1.26034
130	110	1.32309
130	112	1.3153
130	118	1.34299
130	134	1.34062
130	137	1.3701
130	141	0.504034
130	146	1.30345
130	147	1.33012
130	148	1.31204
130	152	1.31456
130	158	1.29184
130	159	0.496438
130	161	0.508906
130	162	1.29669
130	163	0.500852
130	166	1.30894
130	169	0.530258
130	170	0.523164
130	173	0.498073
130	178	0.494372
130	180	0.494113
131	11	0.476689
131	12	1.19591
131	33	0.490499
131	47	0.50616
131	61	1.2796
131	72	0.486672
131	73	0.572062
131	74	0.557975
131	98	0.486758
131	105	1.36165
131	112	0.49506
131	116	0.529316
131	132	1.3318
131	135	1.33688
131	136	1.33164
131	139	1.30325
131	142	0.511239
131	144	1.3378
131	154	1.29079
131	155	1.33655
131	158	0.49211
131	162	0.504897
131	163	1.31999
131	164	1.30919
131	167	1.35283
131	172	1.32875
131	173	1.33985
131	174	1.30868
131	175	1.34189
131	176	1.33776
131	177	1.32059
131	178	1.33464
131	179	0.487279
132	8	0.495176
132	33	0.495545
132	41	0.508658
132	55	1.28781
132	78	1.30292
132	92	1.40584
132	101	0.49273
132	109	0.512022
132	116	0.534363
132	125	1.30183
132	129	0.480002
132	131	1.3318
132	135	1.34442
132	137	0.474259
132	138	1.31291
132	143	0.491826
132	144	1.34534
132	145	0.507132
132	147	0.499134
132	150	0.502919
132	154	1.29833
132	155	1.34409
132	163	1.32753
132	164	1.31673
132	165	1.35527
132	167	1.36037
132	171	0.505749
132	172	1.33629
132	173	1.34739
132	174	1.31622
132	175	1.34942
132	176	1.3453
132	177	1.32813
132	178	1.34217
132	179	0.492325
133	9	1.37852
133	15	1.37872
133	21	0.546848
133	22	1.31577
133	46	0.50939
133	53	0.46529
133	62	1.43242
133	64	1.36409
133	77	1.3084
133	80	1.28512
133	83	1.33066
133	84	1.34524
133	100	0.526652
133	113	1.30795
133	114	1.2938
133	124	0.465114
133	129	0.480284
133	134	0.504424
133	136	0.501467
133	140	1.30712
133	142	1.32226
133	143	1.36038
133	145	1.33322
133	146	1.31457
133	150	1.32438
133	151	1.29957
133	153	0.51414
133	156	1.33774
133	159	0.495021
133	160	0.510564
133	173	0.496656
133	176	0.49849
133	178	0.492955
133	179	1.34761
133	180	1.3125
134	15	0.488237
134	29	0.529378
134	37	0.564167
134	39	0.364634
134	48	0.49651
134	57	1.29233
134	70	0.489443
134	73	1.25873
134	74	1.26544
134	77	0.502822
134	79	0.546374
134	109	1.35061
134	110	1.35519
134	116	1.31553
134	119	0.49695
134	130	1.34062
134	133	0.504424
134	140	0.503711
134	143	0.485607
134	145	0.500914
134	147	1.36222
134	148	1.34414
134	151	0.522187
134	162	1.32879
134	163	1.34422
134	166	1.34104
134	168	1.32031
134	169	1.326
134	170	1.34205
134	171	1.35038
134	173	1.36408
134	174	1.33291
134	176	1.36199
134	177	1.34482
134	178	1.35886
135	27	0.519751
135	31	0.450036
135	42	0.496533
135	56	1.28363
135	65	0.496045
135	78	1.308
135	87	0.53097
135	109	0.509861
135	131	1.33688
135	132	1.34442
135	137	0.472097
135	138	1.31799
135	139	1.31587
135	143	0.489664
135	149	1.33819
135	154	1.30341
135	155	1.34917
135	156	0.512559
135	159	0.492576
135	162	0.507782
135	163	1.33261
135	164	1.32181
135	165	1.36035
135	167	1.36545
135	170	0.519303
135	171	0.503587
135	172	1.34137
135	173	1.35247
135	174	1.3213
135	175	1.3545
135	176	1.35038
135	177	1.33321
135	178	1.34725
135	179	0.490163
135	180	1.32186
136	1	0.481214
136	20	0.527092
136	53	0.455832
136	56	1.27838
136	96	1.35991
136	102	0.531356
136	105	1.36902
136	115	0.515075
136	117	1.30186
136	120	0.481507
136	123	1.32562
136	128	0.509394
136	131	1.33164
136	133	0.501467
136	141	1.34643
136	143	0.482649
136	145	0.497956
136	149	1.33294
136	154	1.29816
136	155	1.34392
136	160	0.501106
136	162	0.500767
136	164	1.31656
136	165	1.3551
136	167	1.3602
136	168	0.51235
136	171	0.496573
136	172	1.33612
136	173	1.34722
136	174	1.31605
136	175	1.34926
136	176	1.34513
136	177	1.32796
136	178	1.34201
136	180	1.31661
137	15	0.458355
137	43	0.47869
137	60	1.33576
137	61	0.537111
137	69	1.4091
