1	19	0.760848
1	28	0.759844
1	33	0.739933
1	37	0.739933
1	55	0.706505
1	57	0.706433
1	58	3.92506
1	59	0.706364
1	129	0.699281
1	140	0.734934
1	144	0.650307
1	149	3.13639
2	5	0.842765
2	9	0.761267
2	23	0.823711
2	24	0.74376
2	29	0.787255
2	30	0.808817
2	32	0.79161
2	39	0.807455
2	141	2.41726
2	161	0.809656
2	168	2.25213
2	175	5.36793
3	64	0.628664
3	84	0.713654
3	90	0.713343
3	91	3.35276
3	94	0.739822
3	105	0.724265
3	118	0.726806
3	123	0.705415
3	124	0.732187
3	125	0.732825
3	126	0.733414
3	133	3.58285
4	27	0.683752
4	35	0.674017
4	48	0.726362
4	53	0.782438
4	54	0.615482
4	60	0.767575
4	61	0.76707
4	68	0.735609
4	72	0.733967
4	147	0.726075
4	160	3.81145
4	164	3.3239
5	2	0.842765
5	10	0.761937
5	23	0.825349
5	24	0.745397
5	29	0.788893
5	30	0.810454
5	32	0.780885
5	39	0.809093
5	119	1.39491
5	148	4.55626
5	161	0.811294
5	167	2.63788
6	26	0.189322
6	42	0.876773
6	43	0.874512
6	45	0.877123
6	47	0.876836
6	51	0.8645
6	56	0.864445
6	74	3.82426
6	97	0.865635
6	156	6.25535
6	157	0.90976
6	177	9.61934
7	11	0.71411
7	12	0.733138
7	13	0.895443
7	16	0.691426
7	18	0.792645
7	20	0.680946
7	25	0.68437
7	99	1.49799
7	108	0.721141
7	132	0.774936
7	135	5.95575
7	145	0.806847
8	49	0.71932
8	85	0.732993
8	93	0.712905
8	110	0.727357
8	112	0.724584
8	116	0.747419
8	129	1.94955
8	132	0.757221
8	135	0.672018
8	157	0.748437
8	166	0.657598
8	178	5.66481
9	2	0.761267
9	10	0.68044
9	23	0.743851
9	24	0.663899
9	29	0.707395
9	30	0.728957
9	32	0.71175
9	39	0.727595
9	79	4.55673
9	89	0.722893
9	97	2.97951
9	161	0.729796
10	5	0.761937
10	9	0.68044
10	23	0.742884
10	24	0.662932
10	29	0.706428
10	30	0.727989
10	32	0.710782
10	39	0.726628
10	89	0.721926
10	113	3.71185
10	158	3.74623
10	161	0.728828
11	7	0.71411
11	12	0.715092
11	15	0.77378
11	16	0.673379
11	18	0.774598
11	20	0.6629
11	25	0.666324
11	40	2.85711
11	108	0.703095
11	132	0.756889
11	145	0.7888
11	164	4.30889
12	7	0.733138
12	11	0.715092
12	13	0.896425
12	15	0.792808
12	16	0.692407
12	20	0.681928
12	25	0.685352
12	108	0.722123
12	132	0.775918
12	140	2.84201
12	145	0.807829
12	158	4.38981
13	7	0.895443
13	12	0.896425
13	15	0.823747
13	16	0.734481
13	18	0.594841
13	20	0.844233
13	25	0.847657
13	108	0.884428
13	132	0.691915
13	145	0.365388
13	168	1.48576
13	176	9.90615
14	19	0.763292
14	31	0.738996
14	33	0.742377
14	37	0.742377
14	55	0.708949
14	57	0.708878
14	59	0.708809
14	86	1.56593
14	129	0.701725
14	140	0.737378
14	144	0.652751
14	166	5.44157
15	11	0.77378
15	12	0.792808
15	13	0.823747
15	16	0.751095
15	18	0.852315
15	20	0.740616
15	25	0.74404
15	132	0.834606
15	145	0.866517
15	154	1.75761
15	156	4.11928
15	162	2.74722
16	7	0.691426
16	11	0.673379
16	12	0.692407
16	13	0.734481
16	15	0.751095
16	18	0.751914
16	20	0.640215
16	25	0.643639
16	82	3.73867
16	108	0.68041
16	109	3.25936
16	132	0.734205
16	145	0.766116
17	84	0.759958
17	94	0.786126
17	95	0.794741
17	98	0.749637
17	100	0.775632
17	102	1.4449
17	105	0.770569
17	115	1.8983
17	123	0.751719
17	124	0.778491
17	125	0.779129
17	126	0.779718
17	148	6.05318
18	7	0.792645
18	11	0.774598
18	13	0.594841
18	15	0.852315
18	16	0.751914
18	20	0.741434
18	25	0.744859
18	82	0.866907
18	108	0.78163
18	132	0.835424
18	145	0.867335
18	160	1.32786
18	174	7.00013
19	1	0.760848
19	14	0.763292
19	21	0.845567
19	31	0.807211
19	55	0.777164
19	57	0.777093
19	59	0.777024
19	122	2.5627
19	129	0.76994
19	140	0.805593
19	144	0.720966
19	161	1.21283
19	174	7.01948
20	7	0.680946
20	11	0.6629
20	12	0.681928
20	13	0.844233
20	15	0.740616
20	16	0.640215
20	18	0.741434
20	25	0.63316
20	108	0.669931
20	132	0.723725
20	140	3.14687
20	145	0.755636
20	164	4.31626
21	19	0.845567
21	33	0.824652
21	37	0.824652
21	55	0.791224
21	57	0.791152
21	59	0.791083
21	129	0.784
21	140	0.819653
21	144	0.735026
21	167	2.41701
21	171	5.22753
21	174	3.76494
22	40	1.2517
22	71	0.719101
22	84	0.766844
22	95	0.801628
22	104	0.786408
22	105	0.777456
22	118	0.779996
22	123	0.758606
22	124	0.785378
22	125	0.786016
22	126	0.786604
22	159	3.89034
22	167	3.66563
23	2	0.823711
23	5	0.825349
23	9	0.743851
23	10	0.742884
23	24	0.726343
23	29	0.769839
23	30	0.791401
23	32	0.761831
23	39	0.790039
23	86	2.47527
23	99	1.75226
23	142	4.06576
23	161	0.79224
24	2	0.74376
24	5	0.745397
24	9	0.663899
24	10	0.662932
24	23	0.726343
24	29	0.689887
24	30	0.711449
24	32	0.694242
24	39	0.710087
24	89	0.705386
24	135	4.43498
24	139	3.43711
24	161	0.712288
25	7	0.68437
25	11	0.666324
25	12	0.685352
25	13	0.847657
25	15	0.74404
25	16	0.643639
25	18	0.744859
25	20	0.63316
25	108	0.673355
25	109	1.57595
25	132	0.72715
25	145	0.759061
25	163	6.00463
26	6	0.189322
26	36	0.785296
26	42	0.757418
26	43	0.755157
26	45	0.757767
26	47	0.757481
26	51	0.745145
26	56	0.74509
26	89	0.772521
26	109	2.00911
26	113	0.745194
26	157	0.790405
26	169	5.42477
27	4	0.683752
27	35	0.662425
27	46	0.728526
27	48	0.71477
27	53	0.770846
27	54	0.60389
27	60	0.755983
27	61	0.755479
27	68	0.724017
27	72	0.722376
27	140	1.28585
27	147	0.714483
27	178	6.53433
28	1	0.759844
28	31	0.806207
28	33	0.809589
28	37	0.809589
28	55	0.77616
28	57	0.776089
28	59	0.77602
28	113	2.63103
28	129	0.768936
28	140	0.804589
28	142	2.45206
28	144	0.719962
28	165	3.89519
29	2	0.787255
29	5	0.788893
29	9	0.707395
29	10	0.706428
29	23	0.769839
29	24	0.689887
29	30	0.754945
29	32	0.946482
29	39	0.753583
29	89	0.748881
29	135	1.66609
29	150	2.02821
29	161	0.755784
29	171	6.97922
30	2	0.808817
30	5	0.810454
30	9	0.728957
30	10	0.727989
30	23	0.791401
30	24	0.711449
30	29	0.754945
30	32	0.746937
30	39	0.775145
30	89	0.770443
30	134	3.42772
30	161	0.777346
30	162	3.22074
30	165	2.9693
31	14	0.738996
31	19	0.807211
31	28	0.806207
31	33	0.786296
31	37	0.786296
31	55	0.752868
31	57	0.752796
31	59	0.752727
31	122	1.40719
31	129	0.745644
31	140	0.781297
31	144	0.69667
31	158	1.53063
31	173	6.49406
32	2	0.79161
32	5	0.780885
32	9	0.71175
32	10	0.710782
32	23	0.761831
32	24	0.694242
32	29	0.946482
32	30	0.746937
32	39	0.757938
32	89	0.753236
32	161	0.747776
32	163	1.76728
32	175	3.4641
32	177	4.89378
33	1	0.739933
33	14	0.742377
33	21	0.824652
33	28	0.809589
33	31	0.786296
33	55	0.756249
33	57	0.756178
33	59	0.756109
33	91	2.4616
33	129	0.749025
33	138	1.89763
33	140	0.784678
33	144	0.700051
33	163	4.80213
34	96	3.62901
34	127	0.670415
34	129	0.683938
34	148	0.65188
34	151	0.685753
34	156	0.642042
34	159	0.654203
34	167	0.688169
34	172	0.644192
34	175	0.629283
34	177	0.612712
34	179	0.619786
34	180	0.619903
35	4	0.674017
35	27	0.662425
35	46	0.71879
35	48	0.705034
35	53	0.761111
35	54	0.594155
35	60	0.746247
35	61	0.745743
35	68	0.714281
35	72	0.71264
35	111	0.696627
35	144	3.73256
35	147	0.704748
35	171	5.61786
36	26	0.785296
36	42	0.762052
36	43	0.759792
36	45	0.762402
36	47	0.762115
36	51	0.74978
36	56	0.749725
36	89	0.777155
36	97	0.750914
36	113	0.749829
36	146	3.75606
36	149	2.07113
36	157	0.79504
36	179	4.87113
37	1	0.739933
37	14	0.742377
37	21	0.824652
37	28	0.809589
37	31	0.786296
37	55	0.756249
37	57	0.756178
37	59	0.756109
37	92	2.09303
37	129	0.749025
37	140	0.784678
37	144	0.700051
37	151	2.56781
37	175	6.0463
38	42	0.750283
38	43	0.748022
38	47	0.750345
38	51	0.73801
38	52	2.23661
38	56	0.737955
38	118	0.76667
38	123	0.745279
38	124	0.772052
38	125	0.772689
38	126	0.773278
38	138	2.84518
38	149	3.86197
38	157	0.78327
39	2	0.807455
39	5	0.809093
39	9	0.727595
39	10	0.726628
39	23	0.790039
39	24	0.710087
39	29	0.753583
39	30	0.775145
39	32	0.757938
39	86	2.20548
39	89	0.769082
39	152	2.76012
39	161	0.775984
39	164	3.63094
40	11	2.85711
40	22	1.2517
40	77	0.657118
40	128	0.747142
40	133	0.818385
40	141	0.755417
40	150	0.774027
40	159	0.748512
40	163	0.755325
40	165	0.767554
40	168	0.768312
40	171	0.715131
40	175	0.723593
40	179	0.714096
40	180	0.714213
41	100	0.26977
41	124	1.42968
41	131	0.766613
41	145	0.297176
41	167	0.799003
41	168	0.784836
41	169	0.786011
41	170	0.725814
41	172	0.755026
41	173	0.733696
41	176	0.715923
41	177	0.723546
41	178	0.745455
41	179	0.73062
41	180	0.730737
42	6	0.876773
42	26	0.757418
42	36	0.762052
42	38	0.750283
42	43	0.731913
42	45	0.734523
42	47	0.734236
42	51	0.721901
42	56	0.721846
42	97	0.723036
42	113	0.72195
42	129	2.97201
42	154	3.47819
42	157	0.767161
42	169	3.26863
43	6	0.874512
43	26	0.755157
43	36	0.759792
43	38	0.748022
43	42	0.731913
43	45	0.732263
43	47	0.731976
43	51	0.71964
43	56	0.719586
43	89	0.747016
43	102	1.98008
43	113	0.719689
43	117	1.83282
43	139	5.06405
43	157	0.7649
44	64	0.648739
44	73	0.808355
44	76	0.750933
44	94	0.759896
44	99	2.4847
44	100	0.749402
44	104	0.753292
44	105	0.74434
44	117	2.71336
44	118	0.74688
44	123	0.725489
44	124	0.752262
44	125	0.752899
44	126	0.753488
44	161	3.84375
45	6	0.877123
45	26	0.757767
45	36	0.762402
45	42	0.734523
45	43	0.732263
45	47	0.734586
45	51	0.722251
45	56	0.722196
45	89	0.749626
45	91	2.58564
45	97	0.723385
45	113	0.7223
45	152	2.38187
45	157	0.767511
45	168	4.24132
46	27	0.728526
46	35	0.71879
46	48	0.771135
46	53	0.827212
46	54	0.660255
46	60	0.812348
46	61	0.811844
46	67	0.944681
46	68	0.780382
46	72	0.778741
46	82	1.97106
46	101	1.53532
46	111	0.762728
46	147	0.770849
46	170	7.75975
47	6	0.876836
47	26	0.757481
47	36	0.762115
47	38	0.750345
47	42	0.734236
47	43	0.731976
47	45	0.734586
47	51	0.721964
47	56	0.721909
47	97	0.723099
47	113	0.722013
47	138	1.15742
47	150	3.91608
47	157	0.767224
47	172	5.19729
48	4	0.726362
48	27	0.71477
48	35	0.705034
48	46	0.771135
48	53	0.813456
48	54	0.646499
48	60	0.798592
48	61	0.798088
48	68	0.766626
48	72	0.764985
48	111	0.748972
48	128	3.15365
48	140	2.03094
48	144	6.37735
48	147	0.757093
49	8	0.71932
49	65	0.769122
49	77	0.754385
49	83	0.742949
49	93	0.735499
49	96	0.739233
49	103	0.7303
49	110	0.74995
49	112	0.747178
49	116	0.770013
49	135	0.694612
49	152	2.6348
49	157	0.771031
49	161	2.7162
49	166	0.680192
49	169	4.16607
50	69	0.66522
50	125	4.49196
50	133	0.702807
50	137	0.625334
50	138	0.729593
50	158	0.697559
50	160	0.660232
50	163	0.639747
50	164	0.653912
50	170	0.593712
50	172	0.622923
50	174	0.608996
50	177	0.591444
50	178	0.613352
50	179	0.598517
50	180	0.598634
51	6	0.8645
51	26	0.745145
51	36	0.74978
51	38	0.73801
51	42	0.721901
51	43	0.71964
51	45	0.722251
51	47	0.721964
51	56	0.709573
51	89	0.737004
51	97	0.710763
51	113	0.709677
51	128	4.34755
51	137	4.04774
51	149	1.6199
51	157	0.754888
52	38	2.23661
52	87	1.40372
52	88	0.792923
52	107	0.817052
52	132	1.16681
52	139	0.753531
52	155	0.744274
52	165	0.761105
52	169	0.763037
52	171	0.708682
52	173	0.710723
52	175	0.717144
52	176	0.69295
52	178	0.722481
52	179	0.707647
52	180	0.707764
53	4	0.782438
53	27	0.770846
53	35	0.761111
53	46	0.827212
53	48	0.813456
53	54	0.702576
53	60	0.854669
53	61	0.854164
53	68	0.822703
53	72	0.821062
53	80	2.48781
53	99	1.74911
53	102	2.12503
53	108	0.789829
53	142	4.06262
53	147	0.813169
54	4	0.615482
54	27	0.60389
54	35	0.594155
54	46	0.660255
54	48	0.646499
54	53	0.702576
54	60	0.687712
54	61	0.687208
54	67	0.885954
54	68	0.655746
54	72	0.654105
54	108	0.622873
54	111	0.638092
54	136	5.12457
54	138	3.52828
54	147	0.646213
55	1	0.706505
55	14	0.708949
55	19	0.777164
55	21	0.791224
55	28	0.77616
55	31	0.752868
55	33	0.756249
55	37	0.756249
55	57	0.722749
55	59	0.72268
55	129	0.715597
55	140	0.75125
55	144	0.666623
55	161	1.95135
55	168	2.73118
55	180	6.2042
56	6	0.864445
56	26	0.74509
56	36	0.749725
56	38	0.737955
56	42	0.721846
56	43	0.719586
56	45	0.722196
56	47	0.721909
56	51	0.709573
56	80	1.85936
56	89	0.736949
56	97	0.710708
56	113	0.709622
56	152	2.39832
56	157	0.754833
56	159	5.29387
57	1	0.706433
57	14	0.708878
57	19	0.777093
57	21	0.791152
57	28	0.776089
57	31	0.752796
57	33	0.756178
57	37	0.756178
57	55	0.722749
57	59	0.722609
57	129	0.715525
57	138	1.51823
57	140	0.751178
57	144	0.666551
57	154	3.61925
57	159	4.77398
58	1	3.92506
58	99	0.794821
58	115	0.77544
58	145	1.16841
58	153	0.700541
58	164	0.699993
58	165	0.698057
58	167	0.712981
58	169	0.699988
58	171	0.645633
58	174	0.655076
58	176	0.629901
58	177	0.637524
58	178	0.659433
58	179	0.644598
58	180	0.644715
59	1	0.706364
59	14	0.708809
59	19	0.777024
59	21	0.791083
59	28	0.77602
59	31	0.752727
59	33	0.756109
59	37	0.756109
59	55	0.72268
59	57	0.722609
59	92	1.39829
59	129	0.715456
59	140	0.751109
59	143	3.02728
59	144	0.666483
59	180	5.74343
60	4	0.767575
60	27	0.755983
60	35	0.746247
60	46	0.812348
60	48	0.798592
60	53	0.854669
60	54	0.687712
60	61	0.839301
60	68	0.807839
60	72	0.806198
60	108	0.774966
60	111	0.790185
60	144	3.89009
60	147	0.798306
60	153	1.61046
60	171	5.77539
60	178	2.23206
61	4	0.76707
61	27	0.755479
61	35	0.745743
61	46	0.811844
61	48	0.798088
61	53	0.854164
61	54	0.687208
61	60	0.839301
61	68	0.807335
61	72	0.805694
61	88	1.55512
61	108	0.774461
61	111	0.789681
61	147	0.797801
61	155	3.36264
61	160	2.19156
61	174	6.64832
62	83	3.29181
62	113	0.71026
62	120	0.66788
62	122	0.761184
62	132	0.734732
62	141	0.686753
62	149	0.733212
62	163	0.686661
62	167	0.713815
62	168	0.699648
62	170	0.640626
62	174	0.65591
62	175	0.654929
62	177	0.638358
62	178	0.660266
62	179	0.645432
62	180	0.645549
63	102	0.728294
63	114	0.660687
63	123	4.76805
63	138	0.730957
63	162	0.670735
63	163	0.641111
63	167	0.668264
63	169	0.655272
63	171	0.600916
63	172	0.624287
63	173	0.602957
63	175	0.609378
63	177	0.592807
63	178	0.614716
63	179	0.599881
63	180	0.599998
64	3	0.628664
64	44	0.648739
64	71	0.877658
64	78	0.856565
64	84	0.655656
64	94	0.91388
64	98	0.645334
64	100	0.903723
64	104	0.675219
64	118	0.668808
64	123	0.647417
64	124	0.674189
64	125	0.674827
64	126	0.675416
64	127	2.59016
64	174	2.36713
64	176	8.225
65	49	0.769122
65	66	0.73935
65	75	0.783939
65	77	0.781593
65	85	0.782795
65	87	0.771881
65	93	0.762707
65	106	0.791989
65	112	0.774386
65	116	0.797221
65	133	2.00711
65	135	0.72182
65	145	0.838934
65	147	0.776568
65	151	3.08366
65	153	3.20144
65	166	0.7074
65	172	5.34878
66	65	0.73935
66	70	0.689128
66	77	0.724614
66	87	0.714902
66	96	0.709461
66	106	0.73501
66	110	0.720179
66	112	0.717406
66	116	0.740242
66	119	3.55146
66	132	0.750043
66	133	2.55746
66	135	0.664841
66	145	0.781954
66	147	0.719589
66	153	4.7997
66	157	0.74126
66	166	0.65042
67	46	0.944681
67	54	0.885954
67	68	0.951011
67	72	0.94937
67	90	0.677146
67	104	0.644047
67	108	0.491138
67	123	0.91432
67	124	0.941092
67	125	0.94173
67	126	0.942318
67	147	0.930639
67	151	2.33818
67	165	2.25885
67	173	4.65322
67	179	4.87715
67	180	3.77304
68	4	0.735609
68	27	0.724017
68	35	0.714281
68	46	0.780382
68	48	0.766626
68	53	0.822703
68	54	0.655746
68	60	0.807839
68	61	0.807335
68	67	0.951011
68	72	0.774232
68	107	2.40891
68	108	0.743
68	111	0.758219
68	115	2.60367
68	147	0.76634
68	164	3.04016
68	168	4.02878
69	50	0.66522
69	72	3.05094
69	91	0.736058
69	127	0.697401
69	145	1.57081
69	150	0.706703
69	152	0.73285
69	163	0.688001
69	168	0.700988
69	169	0.702162
69	170	0.641966
69	173	0.649848
69	174	0.65725
69	175	0.656269
69	176	0.632075
69	177	0.639698
69	179	0.646772
69	180	0.646889
70	66	0.689128
70	75	0.733717
70	83	0.719934
70	85	0.732572
70	92	2.89168
70	93	0.712484
70	96	0.716218
70	103	0.707285
70	106	0.741767
70	110	0.726935
70	112	0.724163
70	116	0.746998
70	131	4.52683
70	135	0.671597
70	136	3.14044
70	145	0.788711
70	157	0.748016
70	166	0.657177
71	22	0.719101
71	64	0.877658
71	78	0.692823
71	84	0.692902
71	90	0.692591
71	94	0.71907
71	95	0.727685
71	98	0.682581
71	100	0.708576
71	105	0.703513
71	107	3.47533
71	109	1.35138
71	118	0.706054
71	123	0.684663
71	124	0.711435
71	125	0.712073
71	126	0.712662
71	131	5.85824
72	4	0.733967
72	27	0.722376
72	35	0.71264
72	46	0.778741
72	48	0.764985
72	53	0.821062
72	54	0.654105
72	60	0.806198
72	61	0.805694
72	67	0.94937
72	68	0.774232
72	69	3.05094
72	101	2.44865
72	108	0.741358
72	111	0.756578
72	119	2.63113
72	147	0.764699
72	154	2.9441
73	44	0.808355
73	76	0.627899
73	78	0.815193
73	80	0.0348499
73	84	0.815272
73	90	0.814961
73	94	0.84144
73	98	0.804951
73	104	0.834835
73	105	0.825884
73	114	4.24304
73	118	0.828424
73	123	0.807033
73	124	0.833805
73	125	0.834443
73	126	0.835032
73	130	13.2
73	137	5.51956
73	180	7.76759
74	6	3.82426
74	81	0.659429
74	124	2.52706
74	137	0.66643
74	139	0.685497
74	141	0.680935
74	151	0.70558
74	155	0.67624
74	160	0.701328
74	161	0.738671
74	162	0.710467
74	169	0.695003
74	173	0.642689
74	175	0.64911
74	176	0.624916
74	177	0.632539
74	178	0.654448
74	179	0.639613
74	180	0.63973
75	65	0.783939
75	70	0.733717
75	77	0.769202
75	83	0.757766
75	85	0.770404
75	93	0.750316
75	103	0.745118
75	110	0.764768
75	112	0.761995
75	116	0.78483
75	135	0.709429
75	145	0.826543
75	147	0.764178
75	154	3.40085
75	157	0.785849
75	160	3.0184
75	161	1.74143
75	165	4.13902
75	166	0.695009
76	44	0.750933
76	73	0.627899
76	78	0.757771
76	84	0.75785
76	90	0.757539
76	95	0.792633
76	98	0.747529
76	100	0.773524
76	104	0.777413
76	105	0.768462
76	118	0.771002
76	119	2.28511
76	123	0.749611
76	124	0.776383
76	125	0.777021
76	126	0.77761
76	143	2.35283
76	155	3.48149
76	179	6.17309
77	40	0.657118
77	49	0.754385
77	65	0.781593
77	66	0.724614
77	75	0.769202
77	83	0.75542
77	93	0.74797
77	103	0.742771
77	106	0.777252
77	110	0.762421
77	112	0.759649
77	116	0.782484
77	132	0.792286
77	141	4.32421
77	147	0.761831
77	151	3.79638
77	157	0.783502
77	166	0.692663
77	169	2.76933
78	64	0.856565
78	71	0.692823
78	73	0.815193
78	76	0.757771
78	82	1.42336
78	84	0.740566
78	90	0.740255
78	98	0.730245
78	100	0.75624
78	104	0.76013
78	105	0.751178
78	118	0.753718
78	122	3.04035
78	123	0.732327
78	124	0.7591
78	125	0.759737
78	126	0.760326
78	128	5.2988
78	136	3.15065
79	9	4.55673
79	85	1.65742
79	113	0.70091
79	131	0.672074
79	136	0.696257
79	139	0.681965
79	151	0.702049
79	156	0.658337
79	158	0.735123
79	163	0.677311
79	164	0.691476
79	167	0.704464
79	170	0.631276
79	171	0.637116
79	172	0.660487
79	174	0.646559
79	176	0.621385
79	178	0.650916
79	180	0.636198
80	53	2.48781
80	56	1.85936
80	73	0.0348499
80	89	1.58002
80	99	0.856665
80	100	0.802404
80	118	0.799882
80	123	0.778491
80	124	0.805263
80	125	0.805901
80	126	0.80649
80	150	0.766374
80	171	0.707477
80	172	0.730848
80	173	0.709518
80	174	0.71692
80	179	0.706442
80	180	0.706559
81	74	0.659429
81	98	5.72998
81	120	0.622333
81	122	0.715638
81	130	0.602982
81	136	0.660061
81	148	0.631979
81	158	0.698927
81	167	0.668268
81	168	0.654102
81	169	0.655276
81	170	0.59508
81	172	0.624291
81	173	0.602961
81	175	0.609383
81	176	0.585189
81	178	0.61472
81	179	0.599885
81	180	0.600002
82	16	3.73867
82	18	0.866907
82	46	1.97106
82	78	1.42336
82	134	0.777673
82	137	0.7546
82	141	0.769105
82	146	0.751639
82	162	0.798637
82	164	0.783178
82	169	0.783174
82	171	0.728818
82	172	0.752189
82	173	0.730859
82	175	0.73728
82	176	0.713086
82	177	0.720709
82	178	0.742618
82	179	0.727783
82	180	0.7279
83	49	0.742949
83	62	3.29181
83	70	0.719934
83	75	0.757766
83	77	0.75542
83	85	0.756622
83	87	0.745708
83	96	0.740267
83	103	0.731335
83	106	0.765816
83	110	0.750985
83	112	0.748213
83	116	0.771048
83	136	2.18435
83	137	4.0327
83	142	1.98413
83	145	0.812761
83	147	0.750395
83	157	0.772066
83	166	0.681227
84	3	0.713654
84	17	0.759958
84	22	0.766844
84	64	0.655656
84	71	0.692902
84	73	0.815272
84	76	0.75785
84	78	0.740566
84	95	0.775428
84	98	0.730324
84	100	0.756319
84	118	0.753797
84	123	0.732406
84	124	0.759178
84	125	0.759816
84	126	0.760405
84	149	1.77946
84	156	5.22537
84	158	2.37209
84	165	3.60186
85	8	0.732993
85	65	0.782795
85	70	0.732572
85	75	0.770404
85	79	1.65742
85	83	0.756622
85	87	0.758346
85	93	0.749171
85	103	0.743973
85	106	0.778454
85	110	0.763623
85	116	0.783686
85	132	0.793487
85	147	0.763033
85	157	0.784704
85	163	1.67897
85	166	0.693864
85	167	1.80551
85	177	6.60117
86	14	1.56593
86	23	2.47527
86	39	2.20548
86	118	1.36571
86	141	0.769609
86	153	0.784231
86	160	0.790003
86	163	0.769517
86	165	0.781746
86	169	0.783678
86	170	0.723482
86	172	0.752693
86	173	0.731364
86	174	0.738766
86	175	0.737785
86	176	0.713591
86	177	0.721214
86	178	0.743122
86	179	0.728288
86	180	0.728405
87	52	1.40372
87	65	0.771881
87	66	0.714902
87	83	0.745708
87	85	0.758346
87	93	0.738258
87	96	0.741992
87	103	0.73306
87	106	0.767541
87	110	0.75271
87	116	0.772772
87	132	0.782574
87	135	0.697371
87	140	2.07392
87	145	0.814485
87	147	0.75212
87	157	0.773791
87	160	3.73087
87	166	0.682951
87	168	4.23194
88	52	0.792923
88	61	1.55512
88	119	0.768051
88	124	2.7931
88	125	0.495061
88	128	0.698392
88	134	0.715236
88	137	0.692163
88	141	0.706668
88	143	0.742121
88	149	0.753127
88	152	0.751424
88	169	0.720736
88	171	0.666381
88	174	0.675824
88	176	0.650649
88	177	0.658272
88	178	0.68018
88	179	0.665346
88	180	0.665463
89	9	0.722893
89	10	0.721926
89	24	0.705386
89	26	0.772521
89	29	0.748881
89	30	0.770443
89	32	0.753236
89	36	0.777155
89	39	0.769082
89	43	0.747016
89	45	0.749626
89	51	0.737004
89	56	0.736949
89	80	1.58002
89	113	0.737053
89	122	3.24476
89	140	1.8204
89	157	0.782264
89	161	0.771282
89	167	4.78981
90	3	0.713343
90	67	0.677146
90	71	0.692591
90	73	0.814961
90	76	0.757539
90	78	0.740255
90	94	0.766502
90	95	0.775117
90	98	0.730013
90	104	0.759897
90	105	0.750945
90	111	2.39502
90	113	1.58789
90	118	0.753486
90	123	0.732095
90	124	0.758867
90	125	0.759505
90	126	0.760094
90	163	2.91736
90	173	6.58571
91	3	3.35276
91	33	2.4616
91	45	2.58564
91	69	0.736058
91	120	0.691804
91	121	0.723126
91	127	0.719985
91	139	0.71524
91	146	0.693211
91	152	0.755434
91	153	0.725299
91	155	0.705983
91	159	0.703772
91	167	0.737739
91	170	0.66455
91	172	0.693761
91	176	0.654659
91	177	0.662282
91	178	0.68419
91	179	0.669356
91	180	0.669473
92	37	2.09303
92	59	1.39829
92	70	2.89168
92	130	0.707853
92	138	0.835832
92	145	0.710474
92	149	0.792537
92	152	0.790835
92	159	0.739174
92	160	0.766472
92	165	0.758216
92	168	0.758973
92	169	0.760147
92	171	0.705792
92	172	0.729163
92	174	0.715235
92	175	0.714254
92	177	0.697683
92	178	0.719591
92	179	0.704757
92	180	0.704874
93	8	0.712905
93	49	0.735499
93	65	0.762707
93	70	0.712484
93	75	0.750316
93	77	0.74797
93	85	0.749171
93	87	0.738258
93	96	0.732817
93	103	0.723885
93	106	0.758366
93	110	0.743535
93	112	0.740762
93	115	2.59581
93	116	0.763598
93	143	4.77779
93	145	0.80531
93	157	0.764616
93	160	3.51985
93	161	2.24288
93	166	0.673776
94	3	0.739822
94	17	0.786126
94	44	0.759896
94	64	0.91388
94	71	0.71907
94	73	0.84144
94	90	0.766502
94	95	0.801596
94	98	0.756492
94	101	2.35925
94	104	0.786376
94	105	0.777425
94	115	1.54821
94	118	0.779965
94	123	0.758574
94	124	0.785346
94	125	0.785984
94	126	0.786573
94	138	1.69354
94	169	2.64515
94	179	7.55046
95	17	0.794741
95	22	0.801628
95	71	0.727685
95	76	0.792633
95	84	0.775428
95	90	0.775117
95	94	0.801596
95	98	0.765107
95	100	0.791102
95	104	0.794992
95	105	0.78604
95	115	1.754
95	117	1.14365
95	118	0.78858
95	123	0.767189
95	124	0.793962
95	125	0.794599
95	126	0.795188
95	133	1.75352
95	155	5.06464
95	166	4.64066
96	34	3.62901
96	49	0.739233
96	66	0.709461
96	70	0.716218
96	83	0.740267
96	87	0.741992
96	93	0.732817
96	103	0.727619
96	106	0.7621
96	110	0.747269
96	111	1.77426
96	112	0.744496
96	116	0.767331
96	132	0.777133
96	135	0.69193
96	138	1.35972
96	145	0.809044
96	147	0.746679
96	157	0.76835
96	166	0.67751
96	175	5.78911
97	6	0.865635
97	9	2.97951
97	36	0.750914
97	42	0.723036
97	45	0.723385
97	47	0.723099
97	51	0.710763
97	56	0.710708
97	108	1.13797
97	110	1.7451
97	137	0.6728
97	146	0.669839
97	153	0.701927
97	156	0.668239
97	157	0.756023
97	167	0.714367
97	170	0.641178
97	171	0.647019
97	176	0.631287
97	179	0.645984
97	180	0.646101
98	17	0.749637
98	64	0.645334
98	71	0.682581
98	73	0.804951
98	76	0.747529
98	78	0.730245
98	81	5.72998
98	84	0.730324
98	90	0.730013
98	94	0.756492
98	95	0.765107
98	100	0.745997
98	104	0.749887
98	107	1.40164
98	118	0.743476
98	123	0.722085
98	124	0.748857
98	125	0.749495
98	126	0.750084
98	133	1.36446
98	178	3.79088
99	7	1.49799
99	23	1.75226
99	44	2.4847
99	53	1.74911
99	58	0.794821
99	80	0.856665
99	107	0.839698
99	119	0.832997
99	128	0.763339
99	135	0.763913
99	149	0.818073
99	155	0.76692
99	157	0.0957441
99	163	0.771522
99	165	0.783751
99	168	0.784509
99	170	0.725487
99	172	0.754698
99	174	0.740771
99	178	0.745127
99	179	0.730293
99	180	0.73041
100	17	0.775632
100	41	0.26977
100	44	0.749402
100	64	0.903723
100	71	0.708576
100	76	0.773524
100	78	0.75624
100	80	0.802404
100	84	0.756319
100	95	0.791102
100	98	0.745997
100	104	0.775882
100	105	0.76693
100	118	0.769471
100	123	0.74808
100	124	0.774852
100	125	0.77549
100	126	0.776079
100	150	3.23797
100	162	2.42618
100	166	3.01674
100	175	5.73256
101	46	1.53532
101	72	2.44865
101	94	2.35925
101	106	1.02593
101	120	0.722735
101	134	0.750177
101	136	0.760463
101	142	0.776086
101	151	0.766254
101	152	0.786365
101	153	0.75623
101	162	0.771141
101	168	0.754503
101	169	0.755678
101	170	0.695481
101	173	0.703363
101	175	0.709784
101	176	0.68559
101	177	0.693213
101	178	0.715122
101	179	0.700287
101	180	0.700404
102	17	1.4449
102	43	1.98008
102	53	2.12503
102	63	0.728294
102	103	2.27527
102	129	0.772634
102	131	0.744475
102	151	0.77445
102	154	0.769565
102	159	0.742899
102	163	0.749712
102	167	0.776866
102	168	0.762699
102	170	0.703677
102	171	0.709518
102	173	0.711559
102	175	0.71798
102	176	0.693786
102	177	0.701409
102	178	0.723317
102	179	0.708483
102	180	0.7086
103	49	0.7303
103	70	0.707285
103	75	0.745118
103	77	0.742771
103	83	0.731335
103	85	0.743973
103	87	0.73306
103	93	0.723885
103	96	0.727619
103	102	2.27527
103	106	0.753168
103	110	0.738336
103	112	0.735564
103	116	0.758399
103	117	2.128
103	129	4.41164
103	132	0.768201
103	135	0.682998
103	147	0.737746
103	152	3.177
103	157	0.759417
103	166	0.668578
104	22	0.786408
104	44	0.753292
104	64	0.675219
104	67	0.644047
104	73	0.834835
104	76	0.777413
104	78	0.76013
104	90	0.759897
104	94	0.786376
104	95	0.794992
104	98	0.749887
104	100	0.775882
104	105	0.77082
104	118	0.77336
104	123	0.751969
104	124	0.778742
104	125	0.779379
104	126	0.779968
104	143	1.81767
104	146	4.52286
104	148	3.79057
104	162	1.93179
104	178	4.15127
105	3	0.724265
105	17	0.770569
105	22	0.777456
105	44	0.74434
105	71	0.703513
105	73	0.825884
105	76	0.768462
105	78	0.751178
105	90	0.750945
105	94	0.777425
105	95	0.78604
105	100	0.76693
105	104	0.77082
105	114	2.67449
105	118	0.764408
105	121	3.90405
105	123	0.743018
105	124	0.76979
105	125	0.770428
105	126	0.771017
105	134	3.80399
105	152	1.8479
105	166	4.18758
106	65	0.791989
106	66	0.73501
106	70	0.741767
106	77	0.777252
106	83	0.765816
106	85	0.778454
106	87	0.767541
106	93	0.758366
106	96	0.7621
106	101	1.02593
106	103	0.753168
106	110	0.772818
106	112	0.770045
106	116	0.79288
106	132	0.802682
106	135	0.717479
106	145	0.834593
106	147	0.772228
106	153	2.45666
106	165	2.25955
106	166	0.703059
106	172	4.60399
106	178	4.73047
107	52	0.817052
107	68	2.40891
107	71	3.47533
107	98	1.40164
107	99	0.839698
107	137	0.716291
107	141	0.730796
107	144	0.704653
107	148	0.721568
107	149	0.777255
107	150	0.749406
107	157	0.693925
107	163	0.730704
107	166	0.708675
107	168	0.743691
107	171	0.69051
107	172	0.71388
107	173	0.692551
107	174	0.699953
107	177	0.682401
107	178	0.704309
107	179	0.689475
107	180	0.689592
108	7	0.721141
108	11	0.703095
108	12	0.722123
108	13	0.884428
108	16	0.68041
108	18	0.78163
108	20	0.669931
108	25	0.673355
108	53	0.789829
108	54	0.622873
108	60	0.774966
108	61	0.774461
108	67	0.491138
108	68	0.743
108	72	0.741358
108	97	1.13797
108	111	0.725345
108	131	2.81492
108	132	0.76392
108	145	0.795832
108	147	0.733466
108	166	3.51344
108	180	5.52491
109	16	3.25936
109	25	1.57595
109	26	2.00911
109	71	1.35138
109	119	0.817155
109	142	0.790249
109	146	0.738306
109	150	0.774382
109	154	0.775533
109	157	0.184004
109	158	0.813492
109	160	0.776166
109	161	0.813508
109	165	0.767909
109	167	0.782834
109	168	0.768667
109	169	0.769841
109	171	0.715486
109	172	0.738856
109	174	0.724929
109	176	0.699754
109	177	0.707377
109	179	0.714451
109	180	0.714568
110	8	0.727357
110	49	0.74995
110	66	0.720179
110	70	0.726935
110	75	0.764768
110	77	0.762421
110	83	0.750985
110	85	0.763623
110	87	0.75271
110	93	0.743535
110	96	0.747269
110	97	1.7451
110	103	0.738336
110	106	0.772818
110	112	0.755214
110	116	0.778049
110	117	1.61417
110	127	5.12139
110	135	0.702648
110	142	1.83543
110	145	0.819762
110	146	6.12108
110	147	0.757396
110	157	0.779067
110	166	0.688228
111	35	0.696627
111	46	0.762728
111	48	0.748972
111	54	0.638092
111	60	0.790185
111	61	0.789681
111	68	0.758219
111	72	0.756578
111	90	2.39502
111	96	1.77426
111	108	0.725345
111	123	1.14713
111	131	0.69631
111	144	0.675495
111	145	1.74511
111	147	0.748686
111	152	0.746395
111	153	0.71626
111	164	0.715712
111	167	0.7287
111	176	0.645621
111	177	0.653243
111	178	0.675152
111	179	0.660317
111	180	0.660434
112	8	0.724584
112	49	0.747178
112	65	0.774386
112	66	0.717406
112	70	0.724163
112	75	0.761995
112	77	0.759649
112	83	0.748213
112	93	0.740762
112	96	0.744496
112	103	0.735564
112	106	0.770045
112	110	0.755214
112	116	0.775277
112	122	1.345
112	132	0.785078
112	135	0.699876
112	141	3.30536
112	145	0.816989
112	147	0.754624
112	157	0.776295
112	158	1.46843
112	162	2.94965
112	166	0.685456
112	177	7.68571
113	10	3.71185
113	26	0.745194
113	28	2.63103
113	36	0.749829
113	42	0.72195
113	43	0.719689
113	45	0.7223
113	47	0.722013
113	51	0.709677
113	56	0.709622
113	62	0.71026
113	79	0.70091
113	89	0.737053
113	90	1.58789
113	126	1.02296
113	146	0.668753
113	151	0.710865
113	153	0.700841
113	157	0.754937
113	159	0.679314
113	160	0.706613
113	162	0.715751
113	167	0.713281
113	169	0.700288
113	178	0.659732
113	179	0.644898
114	63	0.660687
114	73	4.24304
114	105	2.67449
114	115	0.771718
114	119	0.74358
114	127	0.691505
114	130	0.643972
114	134	0.690765
114	151	0.706843
114	154	0.701958
114	156	0.663131
114	157	2.26227
114	161	0.739933
114	162	0.711729
114	164	0.69627
114	167	0.709259
114	168	0.695092
114	170	0.63607
114	171	0.641911
114	174	0.651354
114	175	0.650373
114	176	0.626179
114	177	0.633802
114	178	0.65571
114	179	0.640876
114	180	0.640993
115	17	1.8983
115	58	0.77544
115	68	2.60367
115	93	2.59581
115	94	1.54821
115	95	1.754
115	114	0.771718
115	131	0.746904
115	134	0.760801
115	139	0.756795
115	146	0.734767
115	149	0.798692
115	150	0.770843
115	154	0.771994
115	155	0.747539
115	156	0.733167
115	162	0.781765
115	163	0.752141
115	170	0.706106
115	172	0.735317
115	173	0.713987
115	176	0.696215
115	177	0.703837
115	178	0.725746
115	179	0.710911
115	180	0.711028
116	8	0.747419
116	49	0.770013
116	65	0.797221
116	66	0.740242
116	70	0.746998
116	75	0.78483
116	77	0.782484
116	83	0.771048
116	85	0.783686
116	87	0.772772
116	93	0.763598
116	96	0.767331
116	103	0.758399
116	106	0.79288
116	110	0.778049
116	112	0.775277
116	120	5.62783
116	129	1.91998
116	132	0.807914
116	134	3.62275
116	135	0.722711
116	145	0.839825
116	157	0.79913
116	158	1.93456
116	163	3.22963
116	166	0.708291
116	169	2.2166
117	43	1.83282
117	44	2.71336
117	95	1.14365
117	103	2.128
117	110	1.61417
117	129	0.802078
117	135	0.771547
117	137	0.764743
117	138	0.869002
117	142	0.813725
117	147	0.0472575
117	151	0.803894
117	155	0.774554
117	156	0.760182
117	159	0.772343
117	160	0.799642
117	162	0.80878
117	165	0.791385
117	171	0.738962
117	172	0.762332
117	173	0.741003
117	175	0.747424
117	176	0.72323
117	177	0.730853
117	178	0.752761
117	179	0.737927
117	180	0.738044
118	3	0.726806
118	22	0.779996
118	38	0.76667
118	44	0.74688
118	64	0.668808
118	71	0.706054
118	73	0.828424
118	76	0.771002
118	78	0.753718
118	80	0.799882
118	84	0.753797
118	86	1.36571
118	90	0.753486
118	94	0.779965
118	95	0.78858
118	98	0.743476
118	100	0.769471
118	104	0.77336
118	105	0.764408
118	123	0.745558
118	124	0.77233
118	125	0.772968
118	126	0.773557
118	133	2.3346
118	158	1.75825
118	164	1.37985
118	170	8.18944
118	179	5.76641
119	5	1.39491
119	66	3.55146
119	72	2.63113
119	76	2.28511
119	88	0.768051
119	99	0.832997
119	109	0.817155
119	114	0.74358
119	120	0.705222
119	125	1.29519
119	131	0.718767
119	134	0.732664
119	136	0.74295
119	158	0.781815
119	160	0.744489
119	163	0.724003
119	164	0.738169
119	167	0.751157
119	169	0.738164
119	170	0.677968
119	171	0.683809
119	172	0.70718
119	174	0.693252
119	175	0.692271
119	176	0.668077
119	177	0.6757
119	178	0.697609
119	179	0.682774
119	180	0.682891
120	62	0.66788
120	81	0.622333
120	91	0.691804
120	101	0.722735
120	116	5.62783
120	119	0.705222
120	130	0.605614
120	131	0.63851
120	136	0.662693
120	140	0.702322
120	145	4.66564
120	148	0.634611
120	151	0.668485
120	154	0.6636
120	155	0.639145
120	158	0.701559
120	164	0.657912
120	167	0.670901
120	168	0.656734
120	169	0.657908
120	170	0.597712
120	173	0.605594
120	174	0.612996
120	175	0.612015
120	176	0.587821
120	177	0.595444
120	178	0.617352
120	179	0.602517
120	180	0.602634
121	91	0.723126
121	105	3.90405
121	126	2.84559
121	130	0.636936
121	132	1.42866
121	133	0.738129
121	136	0.694016
121	141	0.675161
121	143	0.710615
121	151	0.699807
121	154	0.694922
121	156	0.656095
121	158	0.732881
121	160	0.695555
121	163	0.675069
121	164	0.689235
121	166	0.65304
121	167	0.702223
121	169	0.68923
121	170	0.629034
121	171	0.634875
121	172	0.658245
121	173	0.636916
121	175	0.643337
121	176	0.619143
121	178	0.648674
121	179	0.63384
121	180	0.633957
122	19	2.5627
122	31	1.40719
122	62	0.761184
122	78	3.04035
122	81	0.715638
122	89	3.24476
122	112	1.345
122	128	0.728868
122	133	0.800111
122	134	0.745712
122	139	0.741706
122	141	0.737144
122	146	0.719678
122	148	0.727916
122	153	0.751765
122	155	0.732449
122	162	0.766676
122	163	0.737052
122	165	0.749281
122	166	0.715022
122	170	0.691016
122	173	0.698898
122	174	0.7063
122	175	0.705319
122	176	0.681125
122	177	0.688748
122	178	0.710657
122	179	0.695822
122	180	0.695939
123	3	0.705415
123	17	0.751719
123	22	0.758606
123	38	0.745279
123	44	0.725489
123	63	4.76805
123	64	0.647417
123	67	0.91432
123	71	0.684663
123	73	0.807033
123	76	0.749611
123	78	0.732327
123	80	0.778491
123	84	0.732406
123	90	0.732095
123	94	0.758574
123	95	0.767189
123	98	0.722085
123	100	0.74808
123	104	0.751969
123	105	0.743018
123	111	1.14713
123	118	0.745558
123	124	0.750939
123	125	0.751577
123	126	0.752166
123	129	1.54681
123	150	2.66739
123	169	1.92383
123	179	5.56175
124	3	0.732187
124	17	0.778491
124	22	0.785378
124	38	0.772052
124	41	1.42968
124	44	0.752262
124	64	0.674189
124	67	0.941092
124	71	0.711435
124	73	0.833805
124	74	2.52706
124	76	0.776383
124	78	0.7591
124	80	0.805263
124	84	0.759178
124	88	2.7931
124	90	0.758867
124	94	0.785346
124	95	0.793962
124	98	0.748857
124	100	0.774852
124	104	0.778742
124	105	0.76979
124	118	0.77233
124	123	0.750939
124	125	0.778349
124	126	0.778938
124	151	3.41397
124	153	3.53175
124	161	1.89157
124	168	2.71509
125	3	0.732825
125	17	0.779129
125	22	0.786016
125	38	0.772689
125	44	0.752899
125	50	4.49196
125	64	0.674827
125	67	0.94173
125	71	0.712073
125	73	0.834443
125	76	0.777021
125	78	0.759737
125	80	0.805901
125	84	0.759816
125	88	0.495061
125	90	0.759505
125	94	0.785984
125	95	0.794599
125	98	0.749495
125	100	0.77549
125	104	0.779379
125	105	0.770428
125	118	0.772968
125	119	1.29519
125	123	0.751577
125	124	0.778349
125	126	0.779576
125	135	1.94318
125	139	2.04958
125	172	1.80376
125	176	9.86885
126	3	0.733414
126	17	0.779718
126	22	0.786604
126	38	0.773278
126	44	0.753488
126	64	0.675416
126	67	0.942318
126	71	0.712662
126	73	0.835032
126	76	0.77761
126	78	0.760326
126	80	0.80649
126	84	0.760405
126	90	0.760094
126	94	0.786573
126	95	0.795188
126	98	0.750084
126	100	0.776079
126	104	0.779968
126	105	0.771017
126	113	1.02296
126	118	0.773557
126	121	2.84559
126	123	0.752166
126	124	0.778938
126	125	0.779576
126	134	2.74554
126	143	2.42444
126	150	3.35035
126	167	2.47896
126	172	4.63156
127	34	0.670415
127	64	2.59016
127	69	0.697401
127	91	0.719985
127	110	5.12139
127	114	0.691505
127	132	2.71301
127	136	0.690874
127	142	0.706497
127	146	0.654554
127	148	0.662792
127	154	0.691781
127	158	0.72974
127	159	0.665115
127	160	0.692413
127	164	0.686093
127	165	0.684157
127	167	0.699082
127	168	0.684915
127	170	0.625893
127	171	0.631733
127	172	0.655104
127	173	0.633775
127	174	0.641176
127	175	0.640196
127	176	0.616002
127	177	0.623624
127	178	0.645533
127	179	0.630698
127	180	0.630815
128	40	0.747142
128	48	3.15365
128	51	4.34755
128	78	5.2988
128	88	0.698392
128	99	0.763339
128	122	0.728868
128	131	0.649108
128	133	0.717405
128	134	0.663005
128	137	0.639932
128	138	0.744191
128	139	0.659
128	141	0.654437
128	143	0.689891
128	144	0.628294
128	150	0.673047
128	156	0.635371
128	162	0.683969
128	163	0.654345
128	165	0.666574
128	167	0.681499
128	168	0.667332
128	170	0.60831
128	172	0.637521
128	173	0.616192
128	174	0.623594
128	175	0.622613
128	176	0.598419
128	178	0.62795
128	179	0.613116
128	180	0.613233
129	1	0.699281
129	8	1.94955
129	14	0.701725
129	19	0.76994
129	21	0.784
129	28	0.768936
129	31	0.745644
129	33	0.749025
129	34	0.683938
129	37	0.749025
129	42	2.97201
129	55	0.715597
129	57	0.715525
129	59	0.715456
129	102	0.772634
129	103	4.41164
129	116	1.91998
129	117	0.802078
129	123	1.54681
129	140	0.744026
129	142	0.72002
129	143	0.720996
129	144	0.659399
129	149	0.732002
129	164	0.699616
129	171	0.645256
129	172	0.668627
129	174	0.654699
129	177	0.637147
129	178	0.659056
129	179	0.644221
129	180	0.644338
130	73	13.2
130	81	0.602982
130	92	0.707853
130	114	0.643972
130	120	0.605614
130	121	0.636936
130	134	0.633056
130	137	0.609983
130	142	0.658964
130	143	0.659941
130	146	0.607022
130	148	0.615259
130	149	0.670946
130	155	0.619793
130	156	0.605421
130	159	0.617583
130	160	0.644881
130	161	0.682224
130	162	0.65402
130	165	0.636625
130	166	0.602366
130	169	0.638556
130	170	0.57836
130	171	0.584201
130	172	0.607572
130	173	0.586242
130	174	0.593644
130	175	0.592663
130	176	0.568469
130	177	0.576092
130	178	0.598
130	179	0.583166
130	180	0.583283
131	41	0.766613
131	70	4.52683
131	71	5.85824
131	79	0.672074
131	102	0.744475
131	108	2.81492
131	111	0.69631
131	115	0.746904
131	119	0.718767
131	120	0.63851
131	128	0.649108
131	141	0.657384
131	143	0.692837
131	144	0.63124
131	148	0.648155
131	151	0.682029
131	155	0.652689
131	160	0.677777
131	163	0.657291
131	165	0.669521
131	167	0.684445
131	168	0.670278
131	169	0.671452
131	170	0.611256
131	171	0.617097
131	173	0.619138
131	174	0.62654
131	175	0.625559
131	176	0.601365
131	177	0.608988
131	178	0.630897
131	179	0.616062
131	180	0.616179
132	7	0.774936
132	8	0.757221
132	11	0.756889
132	12	0.775918
132	13	0.691915
132	15	0.834606
132	16	0.734205
132	18	0.835424
132	20	0.723725
132	25	0.72715
132	52	1.16681
132	62	0.734732
132	66	0.750043
132	77	0.792286
132	85	0.793487
132	87	0.782574
132	96	0.777133
132	103	0.768201
132	106	0.802682
132	108	0.76392
132	112	0.785078
132	116	0.807914
132	121	1.42866
132	127	2.71301
132	145	0.849626
132	147	0.787261
132	157	0.808932
132	165	2.07622
132	166	0.718092
132	170	7.2508
132	172	3.21462
133	3	3.58285
133	40	0.818385
133	50	0.702807
133	65	2.00711
133	66	2.55746
133	95	1.75352
133	98	1.36446
133	118	2.3346
133	121	0.738129
133	122	0.800111
133	128	0.717405
133	134	0.734248
133	136	0.744534
133	139	0.730243
133	142	0.760157
133	143	0.761134
133	144	0.699536
133	148	0.716452
133	149	0.772139
133	154	0.745441
133	158	0.7834
133	162	0.755212
133	164	0.739753
133	168	0.738575
133	169	0.739749
133	171	0.685393
133	172	0.708764
133	173	0.687435
133	174	0.694837
133	175	0.693856
133	176	0.669662
133	178	0.699193
133	179	0.684358
133	180	0.684475
134	30	3.42772
134	82	0.777673
134	88	0.715236
134	101	0.750177
134	105	3.80399
134	114	0.690765
134	115	0.760801
134	116	3.62275
134	119	0.732664
134	122	0.745712
134	126	2.74554
134	128	0.663005
134	130	0.633056
134	133	0.734248
134	136	0.690135
134	137	0.656776
134	139	0.675843
134	141	0.671281
134	150	0.68989
134	154	0.691042
134	156	0.652215
134	160	0.691674
134	162	0.700813
134	163	0.671189
134	165	0.683418
134	168	0.684175
134	170	0.625153
134	173	0.633035
134	174	0.640437
134	176	0.615262
134	177	0.622885
134	178	0.644794
134	179	0.629959
134	180	0.630076
135	7	5.95575
135	8	0.672018
135	24	4.43498
135	29	1.66609
135	49	0.694612
135	65	0.72182
135	66	0.664841
135	70	0.671597
135	75	0.709429
135	87	0.697371
135	96	0.69193
135	99	0.763913
135	103	0.682998
135	106	0.717479
135	110	0.702648
135	112	0.699876
135	116	0.722711
135	117	0.771547
135	125	1.94318
135	139	0.659574
135	150	0.673621
135	153	0.669633
135	158	0.712731
135	160	0.675405
135	162	0.684543
135	164	0.669085
135	166	0.63289
