1	22	1.05592
1	43	0.808753
1	63	0.629465
1	140	1.07347
1	157	0.67266
1	172	1.04558
1	174	1.07488
1	175	1.08499
1	176	1.02539
1	177	1.0871
1	178	1.01952
1	180	1.05036
2	100	0.886142
2	105	1.06733
2	118	1.07048
2	122	1.06018
2	124	0.987104
2	127	1.16822
2	133	1.03873
2	136	1.01383
2	139	0.943526
2	156	1.06963
2	169	1.0652
2	174	1.02738
3	5	0.969255
3	14	0.980735
3	44	0.884371
3	48	1.00297
3	52	0.965343
3	84	0.90049
3	119	0.853001
3	120	0.92473
3	135	1.21134
3	152	0.93242
3	158	1.22978
3	164	1.48199
4	102	0.894321
4	109	0.765786
4	115	0.896334
4	151	1.10932
4	164	1.03953
4	166	0.619897
4	170	1.07293
4	173	1.1006
4	177	1.07526
4	178	1.00768
4	179	1.00579
4	180	1.03852
5	3	0.969255
5	44	1.01594
5	48	1.13454
5	49	1.12344
5	68	0.805381
5	84	1.03206
5	119	0.984573
5	120	1.0563
5	125	0.971037
5	144	1.35729
5	152	1.06399
5	162	0.909365
6	12	0.900833
6	23	0.782731
6	25	0.986059
6	27	0.995138
6	30	0.996373
6	61	0.890399
6	65	0.987885
6	73	0.961769
6	81	0.933808
6	147	1.23026
6	151	1.34482
6	173	1.33206
7	14	0.856395
7	46	0.786347
7	75	0.921152
7	167	0.670335
7	170	1.08244
7	171	1.09617
7	172	1.04326
7	175	1.08267
7	177	1.08477
7	178	1.01719
7	179	1.0153
7	180	1.04804
8	10	0.978741
8	32	0.840473
8	42	0.915007
8	46	1.01401
8	54	0.879408
8	67	0.942771
8	69	0.915294
8	125	0.918482
8	158	1.24401
8	162	1.2454
8	166	1.01109
8	174	1.4305
9	37	1.08015
9	51	0.777944
9	53	1.01703
9	75	1.05415
9	83	1.0807
9	90	1.05925
9	97	1.05195
9	124	0.975547
9	144	1.34304
9	161	1.09031
9	171	0.981343
9	173	0.93249
10	8	0.978741
10	32	0.965291
10	42	1.03982
10	46	1.13883
10	59	1.0615
10	67	1.06759
10	69	1.04011
10	144	1.30447
10	145	0.828011
10	159	0.910032
10	166	1.13591
10	177	0.995685
11	60	1.41583
11	63	0.963452
11	77	0.98905
11	91	0.931639
11	98	0.84345
11	99	1.18479
11	102	0.890235
11	104	0.890321
11	109	0.937011
11	160	1.3433
11	167	0.964822
11	168	0.97789
12	6	0.900833
12	23	0.772259
12	26	0.957849
12	27	0.984666
12	30	0.985902
12	38	0.938262
12	45	1.13862
12	73	0.951297
12	79	1.00821
12	81	0.923336
12	92	1.12399
12	176	1.64084
13	21	0.888321
13	34	0.946705
13	41	0.926122
13	53	0.914069
13	68	1.23166
13	90	0.956282
13	97	0.948988
13	113	0.982647
13	124	0.872584
13	147	1.27122
13	161	0.987346
13	171	1.42187
14	3	0.980735
14	7	0.856395
14	36	1.0226
14	44	1.02742
14	49	1.13492
14	52	1.10839
14	110	0.912515
14	119	0.996053
14	120	1.06778
14	147	0.922489
14	152	1.07547
14	180	1.2172
15	45	0.850353
15	117	0.719716
15	154	3.49393
15	163	0.752485
15	168	0.843832
15	173	0.798784
15	174	0.761229
15	175	0.771343
15	176	0.711738
15	177	0.773445
15	179	0.703977
15	180	0.73671
16	86	1.04158
16	112	1.03639
16	116	1.05378
16	131	1.03981
16	146	1.05398
16	148	1.07852
16	149	1.04621
16	150	0.902663
16	154	1.06385
16	157	1.05727
16	175	0.908872
16	178	1.17341
17	70	1.04123
17	91	1.06211
17	98	0.973918
17	102	1.0207
17	104	1.02079
17	109	1.06748
17	114	1.03253
17	165	0.890577
17	167	1.09529
17	168	1.10836
17	173	0.861278
17	176	1.24635
18	49	0.842984
18	61	1.2383
18	122	1.17727
18	163	0.947935
18	165	1.00091
18	171	0.980291
18	172	0.927379
18	175	0.966793
18	176	0.907188
18	178	0.901316
18	179	0.899427
18	180	0.93216
19	70	1.03392
19	77	1.11221
19	96	1.01265
19	98	0.966608
19	100	1.00049
19	102	1.01339
19	104	1.01348
19	109	1.06017
19	165	1.0233
19	167	1.08798
19	168	1.10105
19	173	0.994001
20	132	0.927699
20	134	0.938469
20	135	1.1341
20	137	0.920806
20	146	0.928616
20	154	0.938481
20	155	0.942642
20	157	0.931901
20	159	1.20741
20	167	0.955713
20	169	0.92283
20	178	1.58426
21	13	0.888321
21	34	0.925058
21	37	0.955539
21	75	0.929542
21	83	0.956093
21	90	0.934635
21	97	0.927341
21	120	0.939225
21	144	1.58962
21	156	1.24423
21	161	0.965699
21	168	1.10068
22	1	1.05592
22	127	0.882225
22	132	0.926406
22	141	0.950123
22	143	1.29233
22	148	0.951863
22	152	0.939424
22	154	0.937188
22	155	0.941349
22	157	0.930608
22	169	0.921537
22	177	1.4717
23	6	0.782731
23	12	0.772259
23	25	0.857485
23	27	0.866564
23	30	0.8678
23	38	0.820159
23	61	0.761825
23	65	0.859311
23	73	0.833195
23	79	0.890103
23	81	0.805234
23	163	2.11209
23	170	2.00907
24	112	0.991189
24	121	0.996373
24	123	1.03347
24	144	0.925583
24	146	1.00878
24	150	0.992253
24	154	1.01864
24	155	1.0228
24	157	1.01206
24	166	1.09143
24	174	1.01777
24	178	1.263
24	180	1.06295
25	6	0.986059
25	23	0.857485
25	26	1.04307
25	30	1.07113
25	38	1.02349
25	61	0.965153
25	65	1.06264
25	79	1.09343
25	81	1.00856
25	101	0.924127
25	145	0.830998
25	176	1.28199
25	179	1.29783
26	12	0.957849
26	25	1.04307
26	38	1.00575
26	61	0.947414
26	65	1.0449
26	73	1.01878
26	79	1.07569
26	81	0.990824
26	87	1.01537
26	116	1.27641
26	147	0.901279
26	159	1.01919
26	175	1.1315
27	6	0.995138
27	12	0.984666
27	23	0.866564
27	61	0.974232
27	65	1.07172
27	73	1.0456
27	76	0.888576
27	79	1.10251
27	81	1.01764
27	87	1.04219
27	158	0.982532
27	171	1.07014
27	178	1.41425
28	95	0.973073
28	141	1.01945
28	148	1.02119
28	149	0.988878
28	154	1.00651
28	155	1.01067
28	157	0.999934
28	158	0.979991
28	163	1.18542
28	164	1.2322
28	166	1.0793
28	168	0.940361
28	169	0.990863
29	102	1.31326
29	120	1.12371
29	127	0.922315
29	131	1.116
29	163	0.916231
29	170	0.934856
29	171	0.948587
29	174	0.924975
29	175	0.935089
29	177	0.937191
29	178	0.869612
29	179	0.867723
29	180	0.900456
30	6	0.996373
30	12	0.985902
30	23	0.8678
30	25	1.07113
30	38	1.0338
30	61	0.975467
30	73	1.04684
30	79	1.10375
30	81	1.01888
30	138	1.02877
30	150	1.13658
30	171	1.06322
30	177	1.11613
31	36	0.974321
31	48	1.09774
31	119	0.947773
31	120	1.0195
31	133	0.982844
31	136	0.957943
31	138	1.06393
31	145	0.983623
31	152	1.02719
31	156	1.01374
31	161	1.04598
31	173	1.04953
31	180	1.24244
32	8	0.840473
32	10	0.965291
32	35	0.89047
32	42	0.901556
32	43	0.931358
32	54	0.865958
32	59	0.923227
32	67	0.929321
32	69	0.901844
32	145	1.42304
32	147	1.38715
32	166	0.99764
32	168	1.41056
33	66	1.03949
33	84	1.12718
33	85	1.0034
33	118	1.01061
33	122	1.00031
33	129	1.04294
33	136	0.953962
33	142	1.02234
33	147	0.831291
33	156	1.00976
33	160	1.01685
33	169	1.00532
33	179	1.33401
34	13	0.946705
34	21	0.925058
34	37	1.01392
34	53	0.950805
34	75	0.987926
34	83	1.01448
34	90	0.993018
34	103	0.955014
34	113	1.01938
34	124	0.90932
34	130	1.16376
34	140	1.26515
34	153	1.2437
34	161	1.02408
35	32	0.89047
35	42	0.965004
35	43	0.994806
35	46	1.06401
35	54	0.929405
35	59	0.986675
35	67	0.992768
35	69	0.965291
35	113	0.978635
35	125	0.968479
35	140	1.23056
35	159	1.02652
35	166	1.06109
35	178	1.40336
36	14	1.0226
36	31	0.974321
36	44	0.926236
36	48	1.04484
36	49	1.03373
36	52	1.00721
36	74	0.885533
36	84	0.942355
36	110	0.975091
36	119	0.894866
36	120	0.966594
36	152	0.974284
36	174	1.23459
36	179	1.48779
37	9	1.08015
37	21	0.955539
37	34	1.01392
37	41	0.993339
37	62	0.858631
37	83	1.04496
37	84	1.15971
37	90	1.0235
37	97	1.0162
37	111	0.918635
37	124	0.939801
37	161	1.05456
37	176	1.35069
38	12	0.938262
38	23	0.820159
38	25	1.02349
38	26	1.00575
38	30	1.0338
38	61	0.927827
38	65	1.02531
38	73	0.999197
38	79	1.05611
38	81	0.971237
38	96	0.997608
38	130	1.09772
38	153	1.17766
38	176	1.36404
39	71	0.964465
39	90	1.03336
39	129	0.80963
39	133	1.00669
39	164	0.975955
39	165	1.0437
39	171	1.02308
39	172	0.970169
39	173	1.03702
39	175	1.00958
39	176	0.949978
39	178	0.944106
39	179	0.942217
39	180	0.974949
40	130	1.16146
40	132	0.971737
40	134	0.982507
40	146	0.972654
40	148	0.997194
40	149	0.964884
40	154	0.982519
40	155	0.98668
40	157	0.975939
40	167	0.999751
40	169	0.966868
40	173	1.0427
40	174	1.19043
40	180	1.23561
41	13	0.926122
41	37	0.993339
41	53	0.930222
41	56	1.02308
41	75	0.967343
41	83	0.993894
41	90	0.972435
41	94	1.21462
41	113	0.998801
41	120	0.977025
41	135	0.985166
41	153	1.24106
41	161	1.0035
41	174	1.19009
42	8	0.915007
42	10	1.03982
42	32	0.901556
42	35	0.965004
42	43	1.00589
42	54	0.940492
42	59	0.997761
42	62	1.03632
42	69	0.976378
42	125	0.979566
42	143	1.0657
42	166	1.07217
42	171	1.19216
42	180	1.33622
43	1	0.808753
43	32	0.931358
43	35	0.994806
43	42	1.00589
43	54	0.970294
43	59	1.02756
43	67	1.03366
43	69	1.00618
43	125	1.00937
43	128	1.204
43	158	1.08401
43	166	1.10198
43	173	1.12277
44	3	0.884371
44	5	1.01594
44	14	1.02742
44	36	0.926236
44	48	1.04966
44	49	1.03855
44	52	1.01203
44	84	0.947177
44	89	1.20191
44	119	0.899688
44	152	0.979107
44	164	1.24662
44	173	1.03317
44	175	1.16159
45	12	1.13862
45	15	0.850353
45	105	0.863114
45	115	0.961733
45	149	0.920053
45	160	1.03026
45	162	1.06804
45	173	1.04475
45	174	1.0072
45	176	0.957709
45	177	1.01942
45	178	0.951837
45	179	0.949948
45	180	0.98268
46	7	0.786347
46	8	1.01401
46	10	1.13883
46	35	1.06401
46	54	1.0395
46	59	1.09677
46	67	1.10286
46	69	1.07538
46	99	0.879485
46	125	1.07857
46	158	0.915482
46	159	0.970352
46	166	1.17118
46	175	1.08266
47	55	1.04372
47	82	1.11393
47	113	0.803645
47	118	1.09698
47	122	1.08667
47	129	1.12931
47	133	1.06523
47	136	1.04033
47	161	1.12836
47	163	1.00209
47	164	1.04887
47	169	1.09169
47	175	0.963836
47	177	0.93718
48	3	1.00297
48	5	1.13454
48	31	1.09774
48	36	1.04484
48	44	1.04966
48	49	1.15715
48	52	1.13063
48	88	1.09824
48	120	1.09002
48	138	0.912874
48	151	0.911232
48	152	1.09771
48	168	0.820086
48	177	1.00024
49	5	1.12344
49	14	1.13492
49	18	0.842984
49	36	1.03373
49	44	1.03855
49	48	1.15715
49	52	1.11952
49	119	1.00718
49	120	1.07891
49	152	1.0866
49	159	0.78561
49	164	0.982948
49	176	1.15458
49	177	0.871263
50	82	1.0704
50	85	1.04625
50	105	1.0503
50	118	1.05346
50	119	1.19201
50	129	1.08579
50	133	1.02171
50	136	0.996806
50	139	0.946776
50	142	1.06518
50	156	1.0526
50	162	0.845523
50	169	1.04817
50	172	1.16861
50	173	0.882901
51	9	0.777944
51	129	0.778169
51	132	0.979208
51	149	0.882649
51	162	1.12594
51	166	0.647892
51	171	1.08872
51	172	1.0358
51	173	1.10266
51	175	1.07522
51	176	1.01561
51	177	1.07732
51	178	1.00974
51	179	1.00785
51	180	1.04058
52	3	0.965343
52	14	1.10839
52	36	1.00721
52	44	1.01203
52	48	1.13063
52	49	1.11952
52	84	1.02815
52	92	0.838001
52	119	0.98066
52	120	1.05239
52	147	0.867972
52	152	1.06008
52	158	0.931013
52	163	1.13644
52	172	1.25548
53	9	1.01703
53	13	0.914069
53	34	0.950805
53	41	0.930222
53	75	0.95529
53	83	0.981841
53	90	0.960382
53	97	0.953088
53	120	0.964972
53	124	0.876684
53	139	1.19287
53	143	1.05138
53	161	0.991446
53	165	1.15829
53	179	1.52992
54	8	0.879408
54	32	0.865958
54	35	0.929405
54	42	0.940492
54	43	0.970294
54	46	1.0395
54	59	0.962163
54	62	0.972046
54	67	0.968256
54	69	0.940779
54	89	1.24776
54	114	1.25029
54	125	0.943967
54	166	1.03658
54	178	1.47199
55	47	1.04372
55	71	0.959585
55	74	1.08516
55	93	1.22105
55	99	0.959096
55	106	0.895882
55	111	1.23951
55	122	0.938398
55	125	1.31079
55	129	0.981037
55	133	0.916954
55	136	0.892054
55	142	0.960429
55	161	0.980086
55	169	0.943415
56	41	1.02308
56	75	1.04815
56	76	0.722656
56	83	1.0747
56	85	1.04572
56	90	1.05324
56	122	1.04262
56	127	1.14395
56	129	1.08526
56	136	0.996277
56	150	0.977581
56	161	1.08431
56	169	1.04764
56	175	0.98379
56	176	1.24045
57	122	0.883498
57	123	0.693692
57	132	0.913468
57	148	0.730584
57	164	1.04988
57	169	0.712419
57	170	1.08328
57	171	1.09701
57	174	1.07339
57	175	1.08351
57	176	1.0239
57	177	1.08561
57	178	1.01803
57	179	1.01614
57	180	1.04887
58	60	1.01988
58	63	1.04295
58	70	0.990264
58	72	1.10046
58	77	1.06855
58	84	1.05768
58	91	1.01114
58	98	0.92295
58	102	0.969735
58	104	0.96982
58	109	1.01651
58	117	1.35439
58	167	1.04432
58	168	1.05739
58	170	0.927238
58	175	0.992007
59	10	1.0615
59	32	0.923227
59	35	0.986675
59	42	0.997761
59	43	1.02756
59	46	1.09677
59	54	0.962163
59	67	1.02553
59	69	0.998049
59	107	1.19984
59	110	0.917615
59	125	1.00124
59	126	1.05252
59	150	1.1516
59	162	0.992013
59	166	1.09385
60	11	1.41583
60	58	1.01988
60	87	1.04739
60	135	1.01815
60	140	0.93911
60	159	1.00537
60	160	0.963574
60	169	1.089
60	172	0.911219
60	174	0.940518
60	175	0.950633
60	176	0.891028
60	177	0.952735
60	178	0.885156
60	179	0.883267
60	180	0.915999
61	6	0.890399
61	18	1.2383
61	23	0.761825
61	25	0.965153
61	26	0.947414
61	27	0.974232
61	30	0.975467
61	38	0.927827
61	65	0.966979
61	73	0.940863
61	79	0.997771
61	81	0.912902
61	87	0.937447
61	144	1.57536
61	145	1.09891
61	171	1.21367
62	37	0.858631
62	42	1.03632
62	54	0.972046
62	86	0.907775
62	141	0.81749
62	160	1.05662
62	164	1.01005
62	165	1.0778
62	171	1.05717
62	174	1.03356
62	175	1.04367
62	176	0.98407
62	177	1.04578
62	178	0.978198
62	179	0.976309
62	180	1.00904
63	1	0.629465
63	11	0.963452
63	58	1.04295
63	70	1.00172
63	72	1.11191
63	91	1.02259
63	98	0.934404
63	102	0.98119
63	104	0.981275
63	109	1.02796
63	127	1.23206
63	162	0.906106
63	167	1.05578
63	168	1.06884
63	176	1.32856
63	180	1.13639
64	115	0.979432
64	128	1.1073
64	130	1.14483
64	131	0.997474
64	132	1.01073
64	137	1.00384
64	141	1.03445
64	149	1.00388
64	152	1.02375
64	154	1.02152
64	155	1.02568
64	157	1.01494
64	165	1.05538
64	166	1.0943
64	168	0.947686
64	170	1.08973
65	6	0.987885
65	23	0.859311
65	25	1.06264
65	26	1.0449
65	27	1.07172
65	38	1.02531
65	61	0.966979
65	73	1.03835
65	79	1.09526
65	81	1.01039
65	87	1.03493
65	156	1.06704
65	162	0.964497
65	163	1.16854
65	171	1.05073
65	177	1.10364
66	33	1.03949
66	105	1.02768
66	106	0.978014
66	107	1.10778
66	119	1.24644
66	122	1.02053
66	124	0.947456
66	129	1.06317
66	133	0.999087
66	135	0.880127
66	136	0.974186
66	139	1.0012
66	156	1.02998
66	161	1.06222
66	169	1.02555
66	174	1.08505
67	8	0.942771
67	10	1.06759
67	32	0.929321
67	35	0.992768
67	43	1.03366
67	46	1.10286
67	54	0.968256
67	59	1.02553
67	69	1.00414
67	125	1.00733
67	153	1.13752
67	162	0.90145
67	163	1.1055
67	166	1.09994
67	168	0.860437
67	179	1.33975
68	5	0.805381
68	13	1.23166
68	107	1.0287
68	136	1.00344
68	137	0.840766
68	146	0.880531
68	170	1.01613
68	171	1.02986
68	172	0.976952
68	173	1.04381
68	174	1.00625
68	175	1.01637
68	176	0.956761
68	177	1.01847
68	178	0.950889
68	179	0.949
68	180	0.981733
69	8	0.915294
69	10	1.04011
69	32	0.901844
69	35	0.965291
69	42	0.976378
69	43	1.00618
69	46	1.07538
69	54	0.940779
69	59	0.998049
69	67	1.00414
69	125	0.979853
69	138	1.05885
69	153	1.24315
69	162	1.00708
69	166	1.07246
69	174	1.19218
69	177	1.14622
70	17	1.04123
70	19	1.03392
70	58	0.990264
70	63	1.00172
70	72	1.05923
70	77	1.02732
70	98	0.881716
70	102	0.928501
70	104	0.928587
70	109	0.975277
70	144	1.30674
70	165	0.925487
70	167	1.00309
70	168	1.01616
70	171	0.945041
70	172	1.1819
70	176	1.28126
71	39	0.964465
71	55	0.959585
71	80	0.986866
71	103	0.997558
71	105	1.00969
71	106	0.960018
71	118	1.01284
71	122	1.00253
71	124	0.92946
71	129	1.04517
71	133	0.981091
71	136	0.95619
71	139	1.15143
71	161	1.04422
71	169	1.00755
71	171	1.1364
71	180	1.28046
72	58	1.10046
72	63	1.11191
72	70	1.05923
72	77	1.13751
72	91	1.0801
72	98	0.991912
72	101	0.8643
72	102	1.0387
72	104	1.03878
72	109	1.08547
72	140	1.05723
72	151	0.849837
72	158	0.798321
72	164	1.05053
72	167	1.11328
72	168	1.12635
72	172	1.12279
73	6	0.961769
73	12	0.951297
73	23	0.833195
73	26	1.01878
73	27	1.0456
73	30	1.04684
73	38	0.999197
73	61	0.940863
73	65	1.03835
73	79	1.06914
73	81	0.984272
73	87	1.00882
73	168	0.951996
73	174	1.17811
73	175	1.1588
73	177	1.13215
73	180	1.22329
74	36	0.885533
74	55	1.08516
74	90	0.95511
74	98	1.15461
74	162	1.05267
74	168	1.07443
74	169	0.731372
74	170	1.00171
74	171	1.01544
74	172	0.96253
74	173	1.02939
74	174	0.99183
74	175	1.00194
74	177	1.00405
74	178	0.936467
74	179	0.934578
74	180	0.967311
75	7	0.921152
75	9	1.05415
75	21	0.929542
75	34	0.987926
75	41	0.967343
75	53	0.95529
75	56	1.04815
75	83	1.01896
75	90	0.997503
75	97	0.990209
75	111	1.04206
75	120	1.00209
75	124	0.913805
75	139	1.15292
75	151	1.1018
75	161	1.02857
75	180	1.28196
76	27	0.888576
76	56	0.722656
76	83	0.829858
76	134	0.875156
76	139	1.09302
76	148	0.818155
76	155	0.807306
76	160	1.08274
76	165	1.10392
76	170	1.06957
76	172	1.03039
76	173	1.09724
76	175	1.0698
76	176	1.01019
76	177	1.0719
76	178	1.00432
76	179	1.00243
76	180	1.03517
77	11	0.98905
77	19	1.11221
77	58	1.06855
77	70	1.02732
77	72	1.13751
77	91	1.04819
77	98	0.960002
77	102	1.00679
77	103	0.846194
77	104	1.00687
77	109	1.05356
77	145	0.870274
77	160	1.01995
77	167	1.08137
77	168	1.09444
77	173	0.936186
77	177	1.03795
77	179	1.33711
78	88	1.28503
78	95	0.947824
78	112	0.953813
78	115	0.939182
78	131	0.957224
78	132	0.970483
78	142	0.982628
78	148	0.99594
78	149	0.96363
78	150	1.20748
78	153	0.910561
78	154	0.981266
78	155	0.985426
78	157	0.974685
78	166	1.05405
78	170	1.14892
78	173	1.08527
78	175	1.21369
79	12	1.00821
79	23	0.890103
79	25	1.09343
79	26	1.07569
79	27	1.10251
79	30	1.10375
79	38	1.05611
79	61	0.997771
79	65	1.09526
79	73	1.06914
79	81	1.04118
79	87	1.06573
79	96	0.908339
79	107	1.06014
79	128	0.97092
79	151	0.902449
79	172	1.1754
79	175	1.01811
80	71	0.986866
80	82	0.992932
80	99	0.986376
80	106	0.923162
80	118	0.975985
80	122	0.965679
80	124	0.892605
80	126	1.09219
80	127	1.35764
80	129	1.00832
80	133	0.944235
80	136	0.919335
80	153	1.26776
80	156	0.975132
80	161	1.00737
80	165	1.09836
80	169	0.970696
80	171	1.11792
81	6	0.933808
81	12	0.923336
81	23	0.805234
81	25	1.00856
81	26	0.990824
81	27	1.01764
81	30	1.01888
81	38	0.971237
81	61	0.912902
81	65	1.01039
81	73	0.984272
81	79	1.04118
81	87	0.980856
81	113	1.01301
81	127	1.33336
81	153	1.24348
81	156	1.10994
81	164	1.25823
82	47	1.11393
82	50	1.0704
82	80	0.992932
82	105	1.01576
82	106	0.966084
82	118	1.01891
82	122	1.0086
82	125	0.878356
82	129	1.05124
82	133	0.987157
82	136	0.962257
82	140	1.07421
82	144	1.26461
82	156	1.01805
82	161	1.05029
82	169	1.01362
82	171	0.902913
82	175	0.982479
82	178	1.24702
83	9	1.0807
83	21	0.956093
83	34	1.01448
83	37	1.04496
83	41	0.993894
83	53	0.981841
83	56	1.0747
83	75	1.01896
83	76	0.829858
83	90	1.02405
83	113	1.05042
83	120	1.02864
83	124	0.940356
83	135	0.905373
83	147	0.860773
83	161	1.05512
83	170	1.02622
83	172	1.24828
83	179	1.36349
84	3	0.90049
84	5	1.03206
84	33	1.12718
84	36	0.942355
84	37	1.15971
84	44	0.947177
84	52	1.02815
84	58	1.05768
84	103	1.05264
84	109	1.14242
84	116	0.939481
84	152	0.995225
84	165	0.984921
84	166	0.996527
84	172	0.911386
84	176	0.891195
84	178	0.885323
84	179	0.883434
84	180	0.916166
85	33	1.0034
85	50	1.04625
85	56	1.04572
85	99	1.00514
85	100	1.07406
85	105	0.991597
85	106	0.941926
85	118	0.994749
85	122	0.984443
85	129	1.02708
85	133	0.962999
85	136	0.938098
85	142	1.00647
85	153	1.26626
85	158	1.02881
85	159	1.08368
85	161	1.02613
85	169	0.98946
85	171	1.11642
85	173	1.06757
86	16	1.04158
86	62	0.907775
86	89	1.18349
86	95	0.966975
86	112	0.972964
86	123	1.01524
86	131	0.976375
86	137	0.982741
86	146	0.990551
86	149	0.982781
86	151	1.02752
86	152	1.00265
86	154	1.00042
86	155	1.00458
86	157	0.993836
86	158	0.976001
86	159	1.03087
86	166	1.0732
86	167	1.01765
86	179	1.41568
87	26	1.01537
87	27	1.04219
87	60	1.04739
87	61	0.937447
87	65	1.03493
87	73	1.00882
87	79	1.06573
87	81	0.980856
87	91	0.998091
87	98	0.909902
87	102	0.956687
87	104	0.956772
87	109	1.00346
87	130	1.00986
87	167	1.03127
87	168	1.04434
87	173	0.891103
87	175	1.01952
87	176	1.27618
87	179	1.29202
88	48	1.09824
88	78	1.28503
88	118	1.226
88	138	0.977658
88	139	0.959209
88	143	1.0044
88	151	0.97215
88	154	0.94377
88	158	0.988734
88	160	0.948926
88	161	1.12062
88	171	0.949483
88	172	0.896571
88	173	0.963426
88	175	0.935984
88	176	0.87638
88	177	0.938086
88	178	0.870507
88	179	0.868619
88	180	0.901351
89	44	1.20191
89	54	1.24776
89	86	1.18349
89	91	0.974513
89	98	0.886324
89	102	0.93311
89	104	0.933195
89	109	0.979885
89	123	1.08271
89	131	1.04834
89	167	1.0077
89	168	1.02076
89	171	0.961773
89	172	0.908861
89	174	0.938161
89	176	0.88867
89	177	0.950377
89	178	0.882798
89	179	0.880909
89	180	0.913642
90	9	1.05925
90	13	0.956282
90	21	0.934635
90	34	0.993018
90	37	1.0235
90	39	1.03336
90	41	0.972435
90	53	0.960382
90	56	1.05324
90	74	0.95511
90	75	0.997503
90	83	1.02405
90	113	1.02896
90	120	1.00719
90	124	0.918897
90	126	1.17957
90	147	1.05464
90	161	1.03366
90	162	1.11907
90	168	1.07805
91	11	0.931639
91	17	1.06211
91	58	1.01114
91	63	1.02259
91	72	1.0801
91	77	1.04819
91	87	0.998091
91	89	0.974513
91	98	0.902591
91	102	0.949376
91	104	0.949462
91	109	0.996152
91	110	0.952023
91	119	1.37291
91	145	0.997887
91	162	1.02642
91	167	1.02396
91	168	1.03703
91	170	1.12745
91	177	1.16556
92	12	1.12399
92	52	0.838001
92	118	0.894456
92	133	0.998
92	137	0.850356
92	150	1.04058
92	157	0.854906
92	163	1.00382
92	164	0.989051
92	165	1.0568
92	171	1.03618
92	172	0.983265
92	173	1.05012
92	174	1.01256
92	175	1.02268
92	176	0.963074
92	177	1.02478
92	178	0.957202
92	179	0.955313
92	180	0.988046
93	55	1.22105
93	108	0.895219
93	115	1.01344
93	142	0.904506
93	143	1.05746
93	152	0.877243
93	159	1.04378
93	160	1.00198
93	161	0.855417
93	164	0.955415
93	168	1.06153
93	170	0.98881
93	172	0.949629
93	173	1.01648
93	174	0.978929
93	175	0.989043
93	176	0.929438
93	177	0.991145
93	178	0.923566
93	179	0.921677
93	180	0.95441
94	41	1.21462
94	95	1.20657
94	124	1.38125
94	126	0.965365
94	142	1.1422
94	150	0.949715
94	154	0.916261
94	162	0.982536
94	164	0.898183
94	165	0.965932
94	170	0.931578
94	171	0.945309
94	172	0.892397
94	173	0.959252
94	174	0.921697
94	175	0.931811
94	176	0.872206
94	177	0.933913
94	178	0.866334
94	179	0.864445
94	180	0.897178
95	28	0.973073
95	78	0.947824
95	86	0.966975
95	94	1.20657
95	131	0.965201
95	134	0.989229
95	137	0.971567
95	141	1.00218
95	146	0.979377
95	147	0.984005
95	148	1.00392
95	149	0.971606
95	154	0.989242
95	155	0.993402
95	156	1.09948
95	157	0.982661
95	160	1.11808
95	165	1.06361
95	169	0.973591
95	177	1.13608
95	180	1.22722
96	19	1.01265
96	38	0.997608
96	79	0.908339
96	97	0.95795
96	103	1.08649
96	105	0.9989
96	106	1.10511
96	150	1.00255
96	158	1.0374
96	159	1.03939
96	163	0.965788
96	170	0.984413
96	171	0.998144
96	172	0.945232
96	173	1.01209
96	174	0.974531
96	176	0.925041
96	177	0.986748
96	178	0.919168
96	179	0.91728
96	180	0.950012
97	9	1.05195
97	13	0.948988
97	21	0.927341
97	37	1.0162
97	53	0.953088
97	75	0.990209
97	96	0.95795
97	105	0.991832
97	106	0.942161
97	124	0.911603
97	126	0.962433
97	127	1.22788
97	129	1.02732
97	133	0.963234
97	136	0.938333
97	142	1.00671
97	161	1.02637
97	169	0.989694
97	172	1.22501
97	178	1.33226
97	180	1.13221
98	11	0.84345
98	17	0.973918
98	19	0.966608
98	58	0.92295
98	63	0.934404
98	70	0.881716
98	72	0.991912
98	74	1.15461
98	77	0.960002
98	87	0.909902
98	89	0.886324
98	91	0.902591
98	99	1.28119
98	102	0.861187
98	104	0.861272
98	109	0.907962
98	151	1.3687
98	164	1.5694
98	167	0.935774
98	168	0.948842
98	173	1.35595
99	11	1.18479
99	46	0.879485
99	55	0.959096
99	80	0.986376
99	85	1.00514
99	98	1.28119
99	120	0.812561
99	133	0.980602
99	134	0.933115
99	136	0.955701
99	145	1.03828
99	152	0.867925
99	159	1.03527
99	161	1.04373
99	169	1.00706
99	171	0.994021
99	174	0.970409
99	176	0.920918
99	177	0.982625
99	179	0.913157
99	180	0.94589
100	2	0.886142
100	19	1.00049
100	85	1.07406
100	109	0.954821
100	133	1.13626
100	137	1.00364
100	148	1.03599
100	149	1.00368
100	154	1.02132
100	155	1.02548
100	157	1.01474
100	161	0.927349
100	169	1.00566
100	172	0.939712
100	173	1.00657
100	174	0.969012
100	175	0.979126
100	176	0.919521
100	177	0.981228
100	179	0.91176
100	180	0.944493
101	25	0.924127
101	72	0.8643
101	104	1.1321
101	138	1.0374
101	148	0.978089
101	150	1.01363
101	151	1.03189
101	157	1.0139
101	161	0.948075
101	163	0.976865
101	170	0.99549
101	171	1.00922
101	172	0.956309
101	173	1.02316
101	174	0.985608
101	175	0.995723
101	176	0.936118
101	177	0.997825
101	178	0.930245
101	179	0.928357
101	180	0.961089
102	4	0.894321
102	11	0.890235
102	17	1.0207
102	19	1.01339
102	29	1.31326
102	58	0.969735
102	63	0.98119
102	70	0.928501
102	72	1.0387
102	77	1.00679
102	87	0.956687
102	89	0.93311
102	91	0.949376
102	98	0.861187
102	104	0.908058
102	109	0.954748
102	138	1.09126
102	153	1.27556
102	164	1.29031
102	167	0.98256
102	168	0.995627
102	177	1.17863
103	34	0.955014
103	71	0.997558
103	77	0.846194
103	84	1.05264
103	96	1.08649
103	142	0.879953
103	146	0.9319
103	154	0.654011
103	157	0.896686
103	162	1.09087
103	163	1.02129
103	164	1.00652
103	165	1.07426
103	170	1.03991
103	171	1.05364
103	172	1.00073
103	173	1.06758
103	176	0.980538
103	177	1.04225
103	178	0.974666
103	179	0.972777
103	180	1.00551
104	11	0.890321
104	17	1.02079
104	19	1.01348
104	58	0.96982
104	63	0.981275
104	70	0.928587
104	72	1.03878
104	77	1.00687
104	87	0.956772
104	89	0.933195
104	91	0.949462
104	98	0.861272
104	101	1.1321
104	102	0.908058
104	109	0.954833
104	113	1.0731
104	119	1.41399
104	130	1.22363
104	165	1.13418
104	167	0.982645
104	168	0.995712
104	170	1.16853
105	2	1.06733
105	45	0.863114
105	50	1.0503
105	66	1.02768
105	71	1.00969
105	82	1.01576
105	85	0.991597
105	96	0.9989
105	97	0.991832
105	106	0.945986
105	116	1.25358
105	118	0.998808
105	129	1.03114
105	133	0.967058
105	136	0.942158
105	142	1.01053
105	153	1.17895
105	156	0.997955
105	159	0.996365
105	161	1.03019
105	163	1.14693
105	165	1.00955
105	169	0.993519
106	55	0.895882
106	66	0.978014
106	71	0.960018
106	80	0.923162
106	82	0.966084
106	85	0.941926
106	96	1.10511
106	97	0.942161
106	105	0.945986
106	117	1.57727
106	118	0.949138
106	122	0.938831
106	129	0.98147
106	133	0.917388
106	136	0.892487
106	140	1.30662
106	142	0.960862
106	151	1.09922
106	156	0.948284
106	161	0.980519
106	165	1.11577
106	169	0.943848
106	174	1.23419
107	59	1.19984
107	66	1.10778
107	68	1.0287
107	79	1.06014
107	137	1.15258
107	142	1.14039
107	145	1.00839
107	154	0.914452
107	158	1.00338
107	160	0.963574
107	162	1.00136
107	164	0.917005
107	165	0.984754
107	170	0.9504
107	172	0.911219
107	173	0.978074
107	174	0.940518
107	175	0.950633
107	176	0.891028
107	177	0.952735
107	178	0.885155
107	179	0.883267
107	180	0.915999
108	93	0.895219
108	116	1.23399
108	121	0.98921
108	131	0.987437
108	132	1.0007
108	134	1.01147
108	137	0.993803
108	141	1.02441
108	146	1.00161
108	147	1.00624
108	148	1.02615
108	149	0.993843
108	152	1.01371
108	154	1.01148
108	155	1.01564
108	156	1.02582
108	157	1.0049
108	165	0.989958
108	167	1.02871
108	169	0.995828
108	172	1.24637
108	174	1.10838
108	177	1.06242
109	4	0.765786
109	11	0.937011
109	17	1.06748
109	19	1.06017
109	58	1.01651
109	63	1.02796
109	70	0.975277
109	72	1.08547
109	77	1.05356
109	84	1.14242
109	87	1.00346
109	89	0.979885
109	91	0.996152
109	98	0.907962
109	100	0.954821
109	102	0.954748
109	104	0.954833
109	127	1.2369
109	143	0.870716
109	144	1.35888
109	156	1.01349
109	167	1.02934
109	168	1.0424
110	14	0.912515
110	36	0.975091
110	59	0.917615
110	91	0.952023
110	124	1.09721
110	132	1.02198
110	151	1.042
110	159	1.06058
110	160	1.01878
110	162	1.05656
110	165	1.03996
110	166	0.690663
110	168	1.07833
110	170	1.00561
110	171	1.01934
110	173	1.03328
110	174	0.995725
110	175	1.00584
110	176	0.946235
110	177	1.00794
110	178	0.940363
110	179	0.938474
110	180	0.971206
111	37	0.918635
111	55	1.23951
111	75	1.04206
111	142	0.922962
111	143	1.07656
111	150	1.02604
111	152	0.895699
111	154	0.69702
111	158	1.06089
111	159	1.06288
111	164	0.97451
111	165	1.04226
111	166	0.755456
111	170	1.00791
111	171	1.02164
111	172	0.968724
111	173	1.03558
111	174	0.998024
111	175	1.00814
111	176	0.948533
111	177	1.01024
111	179	0.940772
111	180	0.973505
112	16	1.03639
112	24	0.991189
112	78	0.953813
112	86	0.972964
112	114	1.17457
112	131	0.971189
112	132	0.984449
112	141	1.00817
112	144	0.902172
112	145	0.9374
112	146	0.985365
112	147	0.989994
112	148	1.00991
112	149	0.977595
112	153	0.924526
112	154	0.995231
112	155	0.999391
112	157	0.98865
112	158	0.964551
112	166	1.06802
112	170	1.06696
112	172	1.28902
112	175	1.13173
112	178	1.39627
113	13	0.982647
113	34	1.01938
113	35	0.978635
113	41	0.998801
113	47	0.803645
113	81	1.01301
113	83	1.05042
113	90	1.02896
113	104	1.0731
113	120	1.03355
113	124	0.945263
113	133	1.098
113	146	0.990119
113	155	0.908249
113	161	1.06002
113	163	0.977957
113	173	1.02426
113	174	0.986701
113	175	0.996815
113	176	0.93721
113	177	0.998917
113	178	0.931338
113	179	0.929449
113	180	0.962182
114	17	1.03253
114	54	1.25029
114	112	1.17457
114	119	0.895148
114	134	1.17913
114	136	1.31606
114	138	0.971814
114	143	0.99856
114	145	0.987893
114	150	0.948045
114	154	0.915257
114	158	0.98289
114	162	0.980866
114	163	0.911283
114	165	0.964262
114	170	0.929908
114	171	0.943639
114	173	0.957582
114	175	0.930141
114	176	0.870536
114	177	0.932243
114	178	0.864663
114	179	0.862775
114	180	0.895507
115	4	0.896334
115	45	0.961733
115	64	0.979432
115	78	0.939182
115	93	1.01344
115	121	0.958331
115	123	0.995426
115	131	0.956559
115	132	0.969818
115	134	0.980587
115	137	0.962925
115	138	1.09327
115	140	1.29902
115	141	0.993534
115	144	0.887542
115	146	0.970735
115	149	0.962964
115	154	0.9806
115	155	0.98476
115	157	0.974019
115	166	1.05339
115	167	0.997832
115	169	0.964949
115	175	1.20729
115	176	1.46395
116	16	1.05378
116	26	1.27641
116	84	0.939481
116	105	1.25358
116	108	1.23399
116	129	1.20604
116	138	0.968659
116	143	0.995405
116	157	1.26001
116	159	0.981727
116	160	0.939926
116	162	0.97771
116	163	0.908127
116	164	0.893357
116	170	0.926752
116	171	0.940483
116	172	0.887571
116	173	0.954426
116	174	0.91687
116	175	0.926985
116	176	0.86738
116	177	0.929087
116	178	0.861508
116	179	0.859619
116	180	0.892352
117	15	0.719716
117	58	1.35439
117	106	1.57727
117	131	1.3704
117	140	0.875154
117	144	0.835808
117	149	1.52799
117	151	0.922842
117	156	0.917652
117	158	0.939426
117	159	0.941419
117	160	0.899618
117	162	0.937402
117	165	0.920798
117	167	1.32903
117	170	0.886444
117	172	0.847263
117	173	0.914118
117	174	0.876562
117	175	0.886676
117	176	0.827072
117	177	0.888778
117	178	0.821199
117	179	0.819311
117	180	0.852043
118	2	1.07048
118	33	1.01061
118	47	1.09698
118	50	1.05346
118	71	1.01284
118	80	0.975985
118	82	1.01891
118	85	0.994749
118	88	1.226
118	92	0.894456
118	105	0.998808
118	106	0.949138
118	122	0.991654
118	129	1.03429
118	133	0.97021
118	136	0.94531
118	142	1.01368
118	145	0.960317
118	153	1.22492
118	156	1.00111
118	158	0.987468
118	161	1.03334
118	162	0.988851
118	168	0.947838
118	169	0.996671
118	180	1.21914
119	3	0.853001
119	5	0.984573
119	14	0.996053
119	31	0.947773
119	36	0.894866
119	44	0.899688
119	49	1.00718
119	50	1.19201
119	52	0.98066
119	66	1.24644
119	91	1.37291
119	104	1.41399
119	114	0.895148
119	138	0.944985
119	152	0.947737
119	163	0.884453
119	166	1.11155
119	169	1.24182
119	171	0.916809
119	173	0.930752
119	174	0.893197
119	176	0.843706
119	177	0.905413
119	178	0.837834
119	179	0.835945
119	180	0.868678
120	3	0.92473
120	5	1.0563
120	14	1.06778
120	21	0.939225
120	29	1.12371
120	31	1.0195
120	36	0.966594
120	41	0.977025
120	48	1.09002
120	49	1.07891
120	52	1.05239
120	53	0.964972
120	75	1.00209
120	83	1.02864
120	90	1.00719
120	99	0.812561
120	113	1.03355
120	124	0.923487
120	152	1.01946
120	156	0.95248
120	161	1.03825
120	168	0.808928
120	172	1.17303
120	174	1.03504
120	176	1.27239
120	178	1.28027
121	24	0.996373
121	108	0.98921
121	115	0.958331
121	123	1.01524
121	126	1.03011
121	131	0.976373
121	132	0.989632
121	135	0.949786
121	137	0.982739
121	141	1.01335
121	142	1.00178
121	143	0.929374
121	144	0.907356
121	146	0.990549
121	148	1.01509
121	149	0.982779
121	154	1.00041
121	155	1.00457
121	157	0.993834
121	166	1.0732
121	167	1.01765
121	169	0.984763
121	172	1.29269
121	173	1.00699
121	174	1.15471
121	176	1.39206
121	180	1.19989
122	2	1.06018
122	18	1.17727
122	33	1.00031
122	47	1.08667
122	55	0.938398
122	56	1.04262
122	57	0.883498
122	66	1.02053
122	71	1.00253
122	80	0.965679
122	82	1.0086
122	85	0.984443
122	106	0.938831
122	118	0.991654
122	124	0.908273
122	128	1.18501
122	129	1.02399
122	133	0.959904
122	136	0.935003
122	145	1.03787
122	147	1.00198
122	156	0.990801
122	160	1.18755
122	161	1.02304
122	162	1.06641
122	169	0.986364
122	177	1.20555
123	24	1.03347
123	57	0.693692
123	86	1.01524
123	89	1.08271
123	115	0.995426
123	121	1.01524
123	131	1.01347
123	134	1.0375
123	137	1.01983
123	141	1.05044
123	146	1.02764
123	147	1.03227
123	148	1.05218
123	149	1.01987
123	153	0.966805
123	154	1.03751
123	155	1.04167
123	156	0.97914
123	157	1.03093
123	160	0.99774
123	166	1.1103
123	167	1.05474
123	169	1.02186
123	170	0.977628
123	174	1.0617
123	175	1.0424
123	177	1.01574
123	179	1.3149
124	2	0.987104
124	9	0.975547
124	13	0.872584
124	34	0.90932
124	37	0.939801
124	53	0.876684
124	66	0.947456
124	71	0.92946
124	75	0.913805
124	80	0.892605
124	83	0.940356
124	90	0.918897
124	94	1.38125
124	97	0.911603
124	110	1.09721
124	113	0.945263
124	120	0.923487
124	122	0.908273
124	129	0.950912
124	133	0.88683
124	136	0.861929
124	142	0.930304
124	160	1.29275
124	161	0.949961
124	163	1.37566
124	169	0.91329
124	174	1.35671
124	175	1.33741
124	180	1.4019
125	5	0.971037
125	8	0.918482
125	35	0.968479
125	42	0.979566
125	43	1.00937
125	46	1.07857
125	54	0.943967
125	55	1.31079
125	59	1.00124
125	67	1.00733
125	69	0.979853
125	82	0.878356
125	134	1.03217
125	136	1.1691
125	141	0.948772
125	155	0.964317
125	159	1.01541
125	162	1.0114
125	164	0.927044
125	166	1.07565
125	167	0.862525
125	172	0.921258
125	173	0.988114
125	175	0.960672
125	176	0.901067
125	177	0.962774
125	178	0.895195
125	179	0.893307
125	180	0.926039
126	59	1.05252
126	80	1.09219
126	90	1.17957
126	94	0.965365
126	97	0.962433
126	121	1.03011
126	127	0.959084
126	133	1.1529
126	139	0.995082
126	145	1.02961
126	147	1.00881
126	150	0.989762
126	152	0.965809
126	158	1.02461
126	161	0.943984
126	162	1.02258
126	163	0.953
126	164	0.93823
126	170	0.971625
126	171	0.985356
126	172	0.932444
126	173	0.999299
126	174	0.961743
126	175	0.971858
126	176	0.912253
126	177	0.97396
126	178	0.90638
126	179	0.904492
126	180	0.937224
127	2	1.16822
127	22	0.882225
127	29	0.922315
127	56	1.14395
127	63	1.23206
127	80	1.35764
127	81	1.33336
127	97	1.22788
127	109	1.2369
127	126	0.959084
127	132	0.956938
127	134	0.967707
127	137	0.950044
127	141	0.980654
127	146	0.957854
127	149	0.950084
127	154	0.96772
127	155	0.97188
127	157	0.961139
127	163	0.906672
127	164	0.891902
127	172	0.886116
127	173	0.952971
127	174	0.915416
127	175	0.92553
127	176	0.865925
127	178	0.860053
127	179	0.858164
127	180	0.890897
128	43	1.204
128	64	1.1073
128	79	0.97092
128	122	1.18501
128	131	0.960831
128	135	1.03419
128	138	1.00834
128	139	0.989896
128	141	1.0057
128	143	1.03509
128	150	0.984575
128	151	1.00284
128	154	0.825229
128	161	1.00208
128	162	1.0174
128	163	0.947813
128	164	0.933043
128	165	1.00079
128	170	0.966439
128	171	0.980169
128	172	0.927257
128	173	0.994112
128	174	0.956557
128	175	0.966671
128	176	0.907066
128	177	0.968773
128	178	0.901194
128	179	0.899305
128	180	0.932038
129	33	1.04294
129	39	0.80963
129	47	1.12931
129	50	1.08579
129	51	0.778169
129	55	0.981037
129	56	1.08526
129	66	1.06317
129	71	1.04517
129	80	1.00832
129	82	1.05124
129	85	1.02708
129	97	1.02732
129	105	1.03114
129	106	0.98147
129	116	1.20604
129	118	1.03429
129	122	1.02399
129	124	0.950912
129	133	1.00254
129	136	0.977642
129	139	0.996591
129	143	0.855103
129	156	1.03344
129	160	1.01648
129	161	1.06567
129	165	0.962014
129	169	1.029
129	174	1.08044
129	176	1.31779
129	177	1.03448
130	34	1.16376
130	38	1.09772
130	40	1.16146
130	64	1.14483
130	87	1.00986
130	104	1.22363
130	135	1.0182
130	140	0.939155
130	145	1.00843
130	150	0.968582
130	151	0.986843
130	152	1.06144
130	158	1.00343
130	159	1.00542
130	160	0.963619
130	163	0.93182
130	164	0.91705
130	165	0.984799
130	166	0.921195
130	168	1.02317
130	170	0.950445
130	171	0.964176
130	172	0.911264
130	173	0.978119
130	175	0.950678
130	176	0.891073
130	177	0.95278
130	178	0.8852
130	179	0.883312
130	180	0.916044
131	16	1.03981
131	29	1.116
131	64	0.997474
131	78	0.957224
131	86	0.976375
131	89	1.04834
131	95	0.965201
131	108	0.987437
131	112	0.971189
131	115	0.956559
131	117	1.3704
131	121	0.976373
131	123	1.01347
131	128	0.960831
131	134	0.998629
131	137	0.980967
131	141	1.01158
131	144	0.905584
131	147	0.993405
131	148	1.01332
131	149	0.981006
131	153	0.927937
131	154	0.998642
131	155	1.0028
131	156	0.944766
131	157	0.992061
131	167	1.01587
131	173	0.879605
131	176	1.26468
131	177	0.981367
131	179	1.28053
132	20	0.927699
132	22	0.926406
132	40	0.971737
132	51	0.979208
132	57	0.913468
132	64	1.01073
132	78	0.970483
132	108	1.0007
132	110	1.02198
132	112	0.984449
132	115	0.969818
132	121	0.989632
132	127	0.956938
132	134	1.01189
132	141	1.02484
132	142	1.01326
132	143	1.05614
132	144	0.918843
132	145	1.06784
132	146	1.00204
132	148	1.02658
132	149	0.994265
132	153	0.941196
132	154	1.0119
132	155	1.01606
132	157	1.00532
132	160	1.21752
132	163	1.30042
132	169	0.99625
132	173	1.13375
132	175	1.26217
133	2	1.03873
133	31	0.982844
133	39	1.00669
133	47	1.06523
133	50	1.02171
133	55	0.916954
133	66	0.999087
133	71	0.981091
133	80	0.944235
133	82	0.987157
133	85	0.962999
133	92	0.998
133	97	0.963234
133	99	0.980602
133	100	1.13626
133	105	0.967058
133	106	0.917388
133	113	1.098
133	118	0.97021
133	122	0.959904
133	124	0.88683
133	126	1.1529
133	129	1.00254
133	136	0.91356
133	138	1.14417
133	142	0.981934
133	156	0.969357
133	161	1.00159
133	168	1.05138
133	169	0.964921
133	173	1.12977
133	180	1.32268
134	20	0.938469
134	40	0.982507
134	76	0.875156
134	95	0.989229
134	99	0.933115
134	108	1.01147
134	114	1.17913
134	115	0.980587
134	123	1.0375
134	125	1.03217
134	127	0.967707
134	131	0.998629
134	132	1.01189
134	137	1.005
134	141	1.0356
134	142	1.02403
134	144	0.929612
134	146	1.01281
134	147	1.01743
134	148	1.03734
134	149	1.00503
134	151	1.02063
134	153	0.951966
134	154	1.02267
134	155	1.02683
134	157	1.01609
134	165	1.03717
134	167	1.0399
134	169	1.00702
134	170	1.07152
134	171	1.05672
134	175	1.13629
134	180	1.20078
135	3	1.21134
135	20	1.1341
135	41	0.985166
135	60	1.01815
135	66	0.880127
135	83	0.905373
135	121	0.949786
135	128	1.03419
135	130	1.0182
135	138	1.0475
135	140	0.9943
135	145	1.06357
135	148	0.89367
135	150	1.02373
135	154	0.686802
135	157	0.929477
135	158	1.05857
135	160	1.01876
135	162	1.05655
135	163	0.986964
135	164	0.972194
135	165	1.03994
135	169	0.875505
135	171	1.01932
135	172	0.966408
135	173	1.03326
135	174	0.995708
135	175	1.00582
135	176	0.946217
135	177	1.00792
135	178	0.940345
135	179	0.938456
135	180	0.971189
136	2	1.01383
136	31	0.957943
136	33	0.953962
136	47	1.04033
136	50	0.996806
136	55	0.892054
136	56	0.996277
136	66	0.974186
136	68	1.00344
136	71	0.95619
136	80	0.919335
136	82	0.962257
136	85	0.938098
136	97	0.938333
136	99	0.955701
136	105	0.942158
136	106	0.892487
136	114	1.31606
136	118	0.94531
136	122	0.935003
136	124	0.861929
136	125	1.1691
136	129	0.977642
136	133	0.91356
136	142	0.957034
136	147	1.043
136	156	0.944456
136	161	0.976691
136	163	1.31147
136	168	1.06641
136	169	0.94002
136	173	1.1448
136	177	1.24657
136	179	1.54572
137	20	0.920806
137	64	1.00384
137	68	0.840766
137	86	0.982741
137	92	0.850356
137	95	0.971567
137	100	1.00364
137	107	1.15258
137	108	0.993803
137	115	0.962925
137	121	0.982739
137	123	1.01983
137	127	0.950044
137	131	0.980967
137	134	1.005
137	141	1.01794
137	142	1.00637
137	143	0.904516
137	146	0.995143
137	148	1.01968
137	149	0.987372
137	152	1.00724
137	153	0.934303
137	154	1.00501
137	155	1.00917
137	157	0.998427
137	164	1.19558
137	167	1.02224
137	169	0.989357
137	172	1.26784
137	175	1.11055
137	177	1.08389
137	179	1.38305
137	180	1.17504
138	30	1.02877
138	31	1.06393
138	48	0.912874
138	69	1.05885
138	88	0.977658
138	101	1.0374
138	102	1.09126
138	114	0.971814
138	115	1.09327
138	116	0.968659
138	119	0.944985
138	128	1.00834
138	133	1.14417
138	135	1.0475
138	139	1.0032
138	147	1.01693
138	148	0.965269
138	151	1.01614
138	158	1.03273
138	159	1.03472
138	160	0.992919
138	162	1.0307
138	163	0.96112
138	164	0.94635
138	167	0.852628
138	169	0.947104
138	170	0.979745
138	172	0.940564
138	174	0.969863
138	175	0.979978
138	176	0.920373
138	177	0.98208
138	178	0.9145
138	179	0.912612
138	180	0.945344
139	2	0.943526
139	50	0.946776
139	53	1.19287
139	66	1.0012
139	71	1.15143
139	75	1.15292
139	76	1.09302
139	88	0.959209
139	126	0.995082
139	128	0.989896
139	129	0.996591
139	138	1.0032
139	140	0.950006
139	145	1.01928
139	146	1.08577
139	150	0.979433
139	151	0.997694
139	153	0.933013
139	155	1.0039
139	158	1.01428
139	159	1.01627
139	161	0.984732
139	162	1.01225
139	163	0.942671
139	165	0.99565
139	170	0.961296
139	171	0.975027
139	172	0.922114
139	173	0.98897
139	174	0.951414
139	175	0.961528
139	176	0.901923
139	177	0.96363
