1	3	0.688483
1	48	0.724892
1	49	0.727751
1	55	0.710708
1	57	0.710633
1	70	0.76057
1	77	0.760521
1	133	0.681562
1	134	0.694065
1	140	2.569
1	155	3.06899
1	160	0.743957
2	15	0.774192
2	39	0.60013
2	44	0.718333
2	50	0.717496
2	54	0.706061
2	59	2.80739
2	72	0.690687
2	74	0.755786
2	112	2.88246
2	140	0.728158
2	153	0.746722
2	169	0.764687
3	1	0.688483
3	31	0.676386
3	41	0.731862
3	48	0.720508
3	49	0.723367
3	55	0.706324
3	57	0.706249
3	70	0.756186
3	77	0.756138
3	104	2.17455
3	160	0.739573
3	180	3.63629
4	5	0.898441
4	54	1.92374
4	85	0.725305
4	101	0.827936
4	156	0.827912
4	158	0.832442
4	170	0.793467
4	174	0.813076
4	176	0.772466
4	177	0.789286
4	179	0.776663
4	180	0.765086
5	4	0.898441
5	53	0.79136
5	69	0.783442
5	84	0.829063
5	91	0.757498
5	95	0.794121
5	98	0.794766
5	102	0.78586
5	105	0.83276
5	107	0.836957
5	139	1.88161
5	159	2.92256
6	60	2.14072
6	62	0.72019
6	137	1.84525
6	140	0.763284
6	156	0.747009
6	157	0.755343
6	164	0.688243
6	173	0.703851
6	174	0.732174
6	177	0.708384
6	179	0.695761
6	180	0.684183
7	49	2.18016
7	75	0.748341
7	94	0.75036
7	125	0.703191
7	145	1.67473
7	148	0.749669
7	161	0.751135
7	171	0.723226
7	174	0.730341
7	178	0.667787
7	179	0.693927
7	180	0.68235
8	110	0.81319
8	111	0.807736
8	120	0.824855
8	141	0.800633
8	145	0.793035
8	146	2.19812
8	151	0.812268
8	158	1.43868
8	165	0.793301
8	168	0.754023
8	175	0.801887
8	179	2.54302
9	17	0.374383
9	18	1.88314
9	29	0.871814
9	128	0.842649
9	139	0.819759
9	165	1.29988
9	166	0.795906
9	167	0.798155
9	174	0.795137
9	177	0.771346
9	179	0.758723
9	180	0.747146
10	80	0.733877
10	123	0.696232
10	145	4.28825
10	147	0.653198
10	157	0.681332
10	159	0.639424
10	167	0.661182
10	171	0.651049
10	176	0.617553
10	177	0.634373
10	179	0.62175
10	180	0.610173
11	26	1.31845
11	89	0.782733
11	132	0.776227
11	135	2.44457
11	142	0.732183
11	158	0.742583
11	167	0.726237
11	173	0.694895
11	176	0.682607
11	177	0.699427
11	179	0.686804
11	180	0.675227
12	77	2.28263
12	114	0.743934
12	120	1.54868
12	131	0.751174
12	136	0.74807
12	161	0.743108
12	171	0.715199
12	173	0.693991
12	175	0.745031
12	177	0.698523
12	179	0.6859
12	180	0.674323
13	96	1.42486
13	99	0.84521
13	128	0.860679
13	137	0.940119
13	149	0.783425
13	170	0.793558
13	174	0.813167
13	175	1.15182
13	176	0.772557
13	177	0.789377
13	179	0.776754
13	180	0.765176
14	41	0.812046
14	48	0.800692
14	55	0.786508
14	57	0.786433
14	70	0.83637
14	77	0.836321
14	133	0.757361
14	134	0.769864
14	160	0.819757
14	174	0.695469
14	178	3.59743
14	180	1.97318
15	2	0.774192
15	39	0.69158
15	43	0.800727
15	44	0.809783
15	72	0.782136
15	124	0.828461
15	140	0.819608
15	150	2.20368
15	153	0.838172
15	156	2.12515
15	160	1.79376
15	169	0.856137
16	42	0.603294
16	99	0.636516
16	122	0.636351
16	128	0.651986
16	147	0.599508
16	150	0.636005
16	167	0.607492
16	171	0.597359
16	174	0.604474
16	176	0.563863
16	178	0.54192
16	179	0.56806
16	180	0.556483
17	9	0.374383
17	27	0.819442
17	71	3.47093
17	121	0.821193
17	131	0.79501
17	136	0.791906
17	137	0.811516
17	159	0.74741
17	161	0.786943
17	165	0.780281
17	172	0.746991
17	173	2.33292
17	178	0.703596
18	9	1.88314
18	27	0.825423
18	68	2.07072
18	78	0.775464
18	89	2.01433
18	130	0.804762
18	131	0.800991
18	143	0.801894
18	159	0.753391
18	161	0.792925
18	165	0.786262
18	172	0.752972
18	178	0.709577
19	39	0.664885
19	43	0.774032
19	50	0.782251
19	54	0.770816
19	72	0.755441
19	74	0.82054
19	104	2.18693
19	124	0.801766
19	140	0.792913
19	142	2.42168
19	150	2.04966
19	153	0.811477
19	169	0.829442
20	34	1.62708
20	111	0.789499
20	115	0.783542
20	120	0.806618
20	129	2.05964
20	141	0.782396
20	145	0.774798
20	151	0.794031
20	162	0.775239
20	165	0.775064
20	168	0.735786
20	174	2.72873
20	175	0.78365
21	64	0.716759
21	114	0.720107
21	118	0.727507
21	135	0.716748
21	136	0.724243
21	148	0.717815
21	161	0.719281
21	162	0.712794
21	165	0.712619
21	166	0.699256
21	178	0.635933
21	179	2.76307
21	180	3.37706
22	106	2.02254
22	114	0.770445
22	121	0.803869
22	130	0.781456
22	131	0.777686
22	132	1.99734
22	135	0.767086
22	143	0.778589
22	148	0.768153
22	155	2.36379
22	161	0.769619
22	169	0.816464
22	175	0.771543
23	68	3.29845
23	79	0.756068
23	80	2.65163
23	113	0.69112
23	130	0.733618
23	135	0.719247
23	138	0.724795
23	144	0.723444
23	148	0.720315
23	149	0.671245
23	166	0.701756
23	175	0.723704
23	178	0.638433
24	65	0.771685
24	73	0.757773
24	103	1.84939
24	116	2.04288
24	120	0.809608
24	127	0.798559
24	141	0.785385
24	145	0.777787
24	151	0.79702
24	157	2.74859
24	162	0.778228
24	168	0.738775
24	175	0.786639
25	77	1.18884
25	107	1.15199
25	147	0.80248
25	148	1.46673
25	150	0.838977
25	164	0.763515
25	170	0.787837
25	173	0.779124
25	176	0.766836
25	177	0.783656
25	178	0.744892
25	179	0.771033
25	180	0.759456
26	11	1.31845
26	76	0.745556
26	110	0.718487
26	115	0.707076
26	124	0.72443
26	127	0.719105
26	141	0.70593
26	151	0.717565
26	162	0.698774
26	165	0.698599
26	168	0.65932
26	175	0.707185
26	178	4.41313
27	17	0.819442
27	18	0.825423
27	58	1.64609
27	100	0.781874
27	113	0.75478
27	125	2.4884
27	144	0.787104
27	154	0.767896
27	161	0.785441
27	169	0.832286
27	172	0.745489
27	174	2.35186
27	178	0.702093
28	72	1.69504
28	143	1.32754
28	155	0.80318
28	158	0.816604
28	163	0.800501
28	170	0.77763
28	171	0.790124
28	173	0.768916
28	175	0.920506
28	176	0.756628
28	177	0.773448
28	179	0.760825
28	180	0.749248
29	9	0.871814
29	146	0.771552
29	160	0.829878
29	161	1.44111
29	164	0.7441
29	166	0.7888
29	169	0.927952
29	174	0.788031
29	175	1.56194
29	176	0.747421
29	177	0.764241
29	179	0.751618
29	180	0.74004
30	87	3.22221
30	94	0.714258
30	97	2.78434
30	100	0.711466
30	118	0.723259
30	121	0.749282
30	138	0.718047
30	144	0.716696
30	148	0.713567
30	161	0.715032
30	166	0.695008
30	175	0.716956
30	178	0.631685
31	3	0.676386
31	41	0.724149
31	48	0.712795
31	49	0.715654
31	55	0.698611
31	57	0.698536
31	70	0.748474
31	77	0.748425
31	97	2.09206
31	133	0.669465
31	134	0.681968
31	160	0.73186
31	173	3.94975
32	73	0.750921
32	76	0.818157
32	119	0.768595
32	120	0.802755
32	141	0.778532
32	142	1.2875
32	145	0.770935
32	151	0.790167
32	162	0.771376
32	165	0.771201
32	174	1.23678
32	175	0.779787
32	178	4.13873
33	47	0.829646
33	48	1.50613
33	127	0.727736
33	131	1.68314
33	146	0.772431
33	152	0.824064
33	163	0.792172
33	170	0.769301
33	171	0.781795
33	174	0.78891
33	176	0.748299
33	179	0.752496
33	180	0.740919
34	20	1.62708
34	69	1.62954
34	109	0.786162
34	116	0.812463
34	126	0.783842
34	139	0.795533
34	167	0.773929
34	173	0.742588
34	174	0.77091
34	175	1.485
34	176	0.7303
34	177	0.74712
34	179	0.734497
34	180	0.722919
35	89	0.966583
35	94	0.758936
35	118	0.767937
35	121	0.79396
35	136	0.764672
35	137	0.784283
35	138	0.762725
35	144	0.761373
35	148	0.758244
35	154	0.742165
35	161	0.75971
35	162	0.753223
35	176	3.36308
35	177	2.62584
36	51	0.758745
36	96	0.757761
36	115	0.769893
36	116	1.51809
36	119	0.758809
36	120	0.792969
36	141	0.768746
36	145	0.761149
36	151	0.780382
36	165	0.761415
36	166	2.80053
36	168	0.722137
36	170	2.67339
36	175	0.770001
37	128	0.763188
37	146	0.699197
37	158	0.735042
37	163	0.718938
37	167	0.718695
37	169	2.05863
37	171	0.708561
37	173	0.687353
37	175	2.69262
37	176	0.675065
37	177	0.691885
37	178	0.653122
37	179	0.679262
37	180	0.667685
38	109	2.23604
38	118	0.770684
38	126	2.30201
38	131	0.770524
38	135	0.759925
38	137	0.78703
38	138	0.765472
38	143	0.771428
38	144	0.764121
38	160	2.34704
38	161	0.762458
38	169	0.809303
38	175	0.764382
38	178	0.67911
39	2	0.60013
39	15	0.69158
39	19	0.664885
39	43	0.626665
39	44	0.635721
39	50	0.634884
39	54	0.623449
39	72	0.608074
39	74	0.673173
39	124	0.654399
39	133	6.07088
39	140	0.645546
39	153	0.66411
39	169	0.682075
40	61	1.26315
40	83	0.770235
40	93	0.817975
40	130	1.43406
40	139	0.799811
40	158	0.794554
40	162	1.46263
40	170	0.75558
40	172	0.75603
40	174	0.775189
40	177	0.751398
40	178	0.712635
40	179	0.738775
40	180	0.727198
41	3	0.731862
41	14	0.812046
41	31	0.724149
41	49	0.77113
41	55	0.754087
41	57	0.754012
41	70	0.80395
41	77	0.803901
41	133	0.724941
41	134	0.737444
41	156	2.05244
41	158	2.01164
41	160	0.787336
41	177	2.916
42	16	0.603294
42	57	1.70745
42	81	2.83921
42	143	0.739938
42	148	0.729502
42	150	0.741705
42	156	0.725009
42	161	0.730968
42	172	0.691016
42	173	0.681851
42	175	0.732892
42	177	0.686384
42	179	0.673761
42	180	0.662183
43	15	0.800727
43	19	0.774032
43	39	0.626665
43	44	0.744868
43	50	0.744031
43	54	0.732596
43	72	0.717222
43	74	0.782321
43	124	0.763546
43	140	0.754693
43	146	2.60873
43	149	2.88816
43	153	0.773257
43	156	1.89008
43	169	0.791222
44	2	0.718333
44	15	0.809783
44	39	0.635721
44	43	0.744868
44	50	0.753087
44	54	0.741652
44	60	0.738186
44	72	0.726277
44	74	0.791376
44	80	1.14823
44	140	0.763749
44	153	0.782313
44	168	3.16424
44	169	0.800278
44	172	2.94939
45	60	2.74636
45	119	2.41594
45	135	0.723573
45	143	0.735076
45	148	0.72464
45	149	0.67557
45	154	0.708561
45	161	0.726106
45	163	0.708574
45	164	0.661381
45	170	0.685703
45	177	0.681522
45	178	0.642758
45	179	0.668898
45	180	0.657321
46	96	0.7394
46	104	2.02241
46	115	0.751531
46	119	0.740448
46	120	0.774608
46	127	0.76356
46	141	0.750385
46	145	0.742788
46	151	0.76202
46	153	0.778596
46	159	2.55881
46	165	0.743054
46	168	0.703775
46	175	0.75164
46	179	2.87017
47	33	0.829646
47	107	1.57068
47	112	0.767636
47	127	1.38536
47	129	0.767431
47	144	1.68186
47	155	0.758032
47	157	0.775259
47	166	0.75286
47	167	0.755109
47	168	0.726944
47	171	0.744976
47	177	0.7283
47	178	0.689537
47	180	0.7041
48	1	0.724892
48	3	0.720508
48	14	0.800692
48	31	0.712795
48	33	1.50613
48	49	0.759777
48	55	0.742733
48	57	0.742658
48	70	0.792596
48	77	0.792547
48	122	2.50944
48	133	0.713587
48	134	0.72609
48	160	0.775982
48	174	2.8525
49	1	0.727751
49	3	0.723367
49	7	2.18016
49	31	0.715654
49	41	0.77113
49	48	0.759777
49	55	0.745592
49	57	0.745518
49	70	0.795455
49	77	0.795406
49	90	3.50805
49	101	1.1857
49	133	0.716446
49	134	0.728949
49	160	0.778841
50	2	0.717496
50	19	0.782251
50	39	0.634884
50	43	0.744031
50	44	0.753087
50	54	0.740815
50	72	0.72544
50	74	0.790539
50	99	2.37538
50	124	0.771765
50	133	2.37192
50	139	2.59055
50	140	0.762912
50	153	0.781476
50	169	0.799441
51	36	0.758745
51	60	0.728364
51	92	2.32403
51	96	0.733294
51	103	2.24426
51	110	0.756837
51	115	0.745426
51	120	0.768502
51	127	0.757454
51	141	0.74428
51	145	0.736682
51	151	0.755915
51	153	0.77249
51	158	2.88605
51	175	0.745534
52	53	0.739836
52	63	0.814393
52	66	0.737746
52	69	0.731918
52	81	0.772064
52	84	0.777539
52	91	0.705975
52	98	0.743243
52	102	0.734336
52	105	0.781236
52	108	0.739166
52	134	0.728315
52	164	3.04901
52	168	2.04935
52	177	2.28302
53	5	0.79136
53	52	0.739836
53	81	0.750533
53	84	0.756008
53	85	0.743171
53	86	0.743088
53	91	0.684444
53	95	0.721067
53	98	0.721712
53	102	0.712806
53	105	0.759705
53	107	0.763903
53	108	0.717635
53	157	2.61941
53	158	2.362
53	174	2.80262
54	2	0.706061
54	4	1.92374
54	19	0.770816
54	39	0.623449
54	43	0.732596
54	44	0.741652
54	50	0.740815
54	58	2.88972
54	60	0.725914
54	72	0.714005
54	74	0.779104
54	89	2.39998
54	124	0.760329
54	140	0.751477
54	153	0.770041
54	169	0.788006
55	1	0.710708
55	3	0.706324
55	14	0.786508
55	31	0.698611
55	41	0.754087
55	48	0.742733
55	49	0.745592
55	57	0.728474
55	70	0.778411
55	77	0.778362
55	133	0.699403
55	134	0.711906
55	152	0.862793
55	160	0.761798
55	176	2.6543
55	178	4.35528
56	59	0.785461
56	76	0.970146
56	116	0.78651
56	139	0.76958
56	143	2.22638
56	146	0.728478
56	147	0.739991
56	152	0.780111
56	159	0.726218
56	164	0.701026
56	165	1.85929
56	170	0.725348
56	171	0.737843
56	173	0.716634
56	179	0.708544
56	180	0.696966
57	1	0.710633
57	3	0.706249
57	14	0.786433
57	31	0.698536
57	41	0.754012
57	42	1.70745
57	48	0.742658
57	49	0.745518
57	55	0.728474
57	70	0.778337
57	77	0.778288
57	133	0.699328
57	134	0.711831
57	160	0.761723
57	163	1.3073
57	178	4.37034
58	27	1.64609
58	54	2.88972
58	87	0.742692
58	89	0.793787
58	121	1.42968
58	122	0.766149
58	132	0.78728
58	150	0.765802
58	156	0.749107
58	167	0.73729
58	170	0.714662
58	172	0.715113
58	174	0.734271
58	177	0.710481
58	179	0.697858
58	180	0.68628
59	2	2.80739
59	56	0.785461
59	75	0.769858
59	117	0.758376
59	125	0.724708
59	145	0.562498
59	150	0.78339
59	163	0.75512
59	173	0.723536
59	174	0.751859
59	175	2.10168
59	176	0.711248
59	177	0.728068
59	178	0.689305
59	179	0.715445
59	180	0.703868
60	6	2.14072
60	44	0.738186
60	45	2.74636
60	51	0.728364
60	54	0.725914
60	72	0.71054
60	74	0.775639
60	119	0.728428
60	145	0.730767
60	151	0.75
60	153	0.766575
60	160	1.93921
60	162	0.731208
60	168	0.691755
60	169	0.78454
60	175	0.739619
61	40	1.26315
61	100	0.738502
61	131	0.750136
61	135	0.739536
61	136	0.747031
61	137	0.766642
61	138	0.745083
61	143	0.751039
61	148	0.740603
61	161	0.742069
61	165	0.735407
61	169	0.788914
61	172	0.702117
61	177	2.64345
61	178	0.658721
61	180	3.45742
62	6	0.72019
62	84	2.14962
62	90	0.659018
62	112	0.714916
62	128	0.746882
62	129	0.714711
62	141	2.94893
62	150	0.730901
62	157	0.722539
62	173	0.671048
62	174	0.69937
62	176	0.65876
62	177	0.67558
62	178	0.636816
62	180	0.651379
63	52	0.814393
63	69	0.784945
63	81	0.82509
63	85	0.817728
63	86	0.817646
63	88	1.49497
63	91	0.759001
63	95	0.795625
63	98	0.79627
63	102	0.787363
63	105	0.834263
63	108	0.792192
63	132	1.48924
63	134	0.781341
63	154	2.10876
63	179	2.96178
64	21	0.716759
64	78	0.73296
64	118	0.758646
64	121	0.78467
64	131	0.758486
64	136	0.755382
64	137	0.774993
64	154	0.732875
64	155	2.48009
64	158	2.48184
64	159	0.710887
64	161	0.75042
64	163	2.76139
64	172	0.710468
64	175	0.752344
64	178	0.667072
65	24	0.771685
65	73	0.712969
65	96	0.729595
65	103	1.96659
65	110	0.753138
65	115	0.741727
65	120	0.764804
65	141	0.740581
65	145	0.732983
65	151	0.752216
65	152	2.45848
65	159	3.40136
65	162	0.733424
65	165	0.733249
65	168	0.693971
65	175	0.741835
66	52	0.737746
66	69	0.708297
66	81	0.748443
66	82	0.759046
66	85	0.741081
66	86	0.740998
66	91	0.682354
66	95	0.718977
66	98	0.719622
66	102	0.710716
66	105	0.757615
66	107	0.761813
66	108	0.715545
66	128	2.16225
66	134	0.704694
66	154	2.88782
66	174	3.07712
67	78	1.81465
67	90	0.760913
67	122	0.833143
67	129	0.816606
67	131	1.42552
67	141	0.871058
67	142	0.810231
67	156	0.816101
67	164	0.757335
67	165	1.02259
67	167	0.804285
67	171	0.794151
67	173	0.772943
67	177	0.777476
67	178	0.738712
67	179	0.764852
67	180	0.753275
68	18	2.07072
68	23	3.29845
68	110	0.758404
68	121	0.996325
68	127	0.759021
68	141	0.745847
68	145	0.738249
68	151	0.757482
68	152	0.759537
68	163	0.727645
68	165	0.738515
68	171	0.717269
68	175	0.747101
68	176	0.683773
68	177	0.700593
68	179	0.68797
68	180	0.676392
69	5	0.783442
69	34	1.62954
69	52	0.731918
69	63	0.784945
69	66	0.708297
69	85	0.735253
69	86	0.735171
69	91	0.676526
69	95	0.713149
69	98	0.713794
69	102	0.704888
69	105	0.751787
69	107	0.755985
69	108	0.709717
69	134	0.698866
69	149	3.32945
69	172	2.74641
70	1	0.76057
70	3	0.756186
70	14	0.83637
70	31	0.748474
70	41	0.80395
70	48	0.792596
70	49	0.795455
70	55	0.778411
70	57	0.778337
70	77	0.828225
70	97	1.33484
70	101	2.19349
70	133	0.749265
70	134	0.761768
70	154	2.37141
70	160	0.81166
70	172	2.57592
71	17	3.47093
71	88	0.744126
71	89	0.746129
71	145	2.81732
71	147	0.681648
71	152	0.721768
71	158	0.70598
71	159	0.667875
71	164	0.642683
71	170	0.667005
71	171	0.6795
71	173	0.658292
71	174	0.686614
71	176	0.646004
71	177	0.662824
71	179	0.650201
71	180	0.638623
72	2	0.690687
72	15	0.782136
72	19	0.755441
72	28	1.69504
72	39	0.608074
72	43	0.717222
72	44	0.726277
72	50	0.72544
72	54	0.714005
72	60	0.71054
72	74	0.76373
72	124	0.744955
72	140	0.736102
72	150	3.03989
72	153	0.754666
72	156	2.96136
72	169	0.772631
73	24	0.757773
73	32	0.750921
73	65	0.712969
73	96	0.715684
73	119	0.716732
73	120	0.750892
73	124	0.745169
73	127	0.739844
73	141	0.726669
73	145	0.719072
73	151	0.738304
73	152	2.10563
73	162	0.719513
73	168	0.680059
73	172	2.71136
73	173	3.32797
73	175	0.727924
74	2	0.755786
74	19	0.82054
74	39	0.673173
74	43	0.782321
74	44	0.791376
74	50	0.790539
74	54	0.779104
74	60	0.775639
74	72	0.76373
74	122	1.46098
74	124	0.810054
74	125	1.94059
74	140	0.801201
74	153	0.819765
74	166	2.19756
74	169	0.83773
74	176	3.00502
75	7	0.748341
75	59	0.769858
75	85	1.79851
75	129	0.744694
75	136	1.87778
75	139	0.753977
75	150	0.760885
75	158	0.74872
75	162	1.78063
75	163	0.732616
75	167	0.732373
75	170	0.709745
75	174	0.729354
75	176	0.688744
75	177	0.705564
75	179	0.692941
75	180	0.681363
76	26	0.745556
76	32	0.818157
76	56	0.970146
76	96	0.782921
76	111	0.80101
76	125	0.745293
76	127	0.80708
76	141	0.793906
76	145	0.786309
76	151	0.805541
76	162	0.78675
76	165	0.786574
76	166	2.13096
76	168	0.747296
76	175	0.79516
76	176	2.93843
76	177	2.20119
77	1	0.760521
77	3	0.756138
77	12	2.28263
77	14	0.836321
77	25	1.18884
77	31	0.748425
77	41	0.803901
77	48	0.792547
77	49	0.795406
77	55	0.778362
77	57	0.778288
77	70	0.828225
77	133	0.749216
77	134	0.761719
77	156	1.89646
77	160	0.811612
77	172	2.31149
78	18	0.775464
78	64	0.73296
78	67	1.81465
78	96	0.725166
78	99	2.51489
78	100	0.731915
78	119	0.726214
78	135	0.732949
78	148	0.734016
78	149	0.684946
78	151	0.747786
78	153	0.764362
78	162	0.728995
78	165	0.72882
78	171	3.33834
78	175	0.737406
78	178	0.652134
79	23	0.756068
79	94	0.786454
79	113	0.756568
79	114	0.788056
79	117	1.7883
79	122	1.72764
79	135	0.784696
79	143	0.796199
79	144	0.788892
79	149	0.736693
79	161	0.787229
79	162	0.780742
79	165	0.780567
79	166	0.767204
79	173	2.70253
79	175	0.789153
79	178	0.703881
79	179	2.73443
80	10	0.733877
80	23	2.65163
80	44	1.14823
80	95	1.34433
80	99	0.81911
80	101	0.801927
80	129	0.802408
80	131	1.24357
80	142	0.796033
80	164	0.743136
80	167	0.790086
80	170	0.767458
80	173	0.758745
80	174	0.787068
80	176	0.746457
80	177	0.763277
80	179	0.750654
80	180	0.739077
81	42	2.83921
81	52	0.772064
81	53	0.750533
81	63	0.82509
81	66	0.748443
81	82	0.793364
81	83	0.742103
81	84	0.788236
81	85	0.775399
81	86	0.775316
81	95	0.753295
81	102	0.745033
81	104	2.41611
81	105	0.791933
81	107	0.796131
81	108	0.749862
81	128	1.68528
81	133	1.69293
82	66	0.759046
82	81	0.793364
82	83	0.752707
82	84	0.79884
82	85	0.786002
82	86	0.78592
82	91	0.727275
82	95	0.763898
82	98	0.764543
82	99	1.58934
82	102	0.755637
82	105	0.802536
82	107	0.806734
82	108	0.760466
82	134	0.749615
82	154	2.3038
82	163	2.33202
82	170	2.75947
83	40	0.770235
83	81	0.742103
83	82	0.752707
83	89	0.765916
83	95	0.712638
83	98	0.713283
83	107	0.755474
83	108	0.709206
83	124	1.75933
83	126	0.719332
83	134	0.698355
83	135	2.19013
83	151	1.89058
83	157	0.729569
83	172	0.687242
83	173	0.678078
83	174	0.7064
83	180	0.65841
84	5	0.829063
84	52	0.777539
84	53	0.756008
84	62	2.14962
84	81	0.788236
84	82	0.79884
84	85	0.780874
84	86	0.780792
84	91	0.722147
84	95	0.75877
84	98	0.759415
84	102	0.750509
84	107	0.801606
84	108	0.755338
84	134	0.744487
84	164	2.90547
84	167	1.81926
84	174	1.67575
85	4	0.725305
85	53	0.743171
85	63	0.817728
85	66	0.741081
85	69	0.735253
85	75	1.79851
85	81	0.775399
85	82	0.786002
85	84	0.780874
85	86	0.767954
85	91	0.70931
85	95	0.745933
85	98	0.746578
85	102	0.737671
85	105	0.784571
85	107	0.788769
85	108	0.742501
85	171	2.31675
85	180	3.67477
86	53	0.743088
86	63	0.817646
86	66	0.740998
86	69	0.735171
86	81	0.775316
86	82	0.78592
86	84	0.780792
86	85	0.767954
86	91	0.709227
86	95	0.74585
86	98	0.746495
86	102	0.737589
86	105	0.784488
86	107	0.788686
86	108	0.742418
86	142	2.23103
86	149	2.77856
86	154	1.99101
86	170	2.44668
87	30	3.22221
87	58	0.742692
87	101	0.734634
87	106	0.744654
87	114	1.79386
87	129	0.735115
87	136	1.68834
87	139	0.744397
87	155	0.725716
87	157	0.742943
87	164	0.675843
87	170	0.700165
87	171	0.71266
87	173	0.691452
87	174	0.719775
87	176	0.679164
87	177	0.695984
87	179	0.683361
87	180	0.671784
88	63	1.49497
88	71	0.744126
88	111	2.07513
88	116	0.810419
88	122	0.800743
88	125	0.741716
88	126	0.781798
88	152	0.80402
88	156	0.783701
88	161	1.66274
88	163	0.772128
88	164	0.724935
88	169	1.14958
88	170	0.749257
88	172	0.749708
88	173	0.740543
88	177	0.745076
88	179	0.732453
88	180	0.720875
89	11	0.782733
89	18	2.01433
89	35	0.966583
89	54	2.39998
89	58	0.793787
89	71	0.746129
89	83	0.765916
89	97	0.796214
89	143	1.79816
89	146	0.75439
89	155	0.776811
89	159	0.75213
89	163	0.774131
89	170	0.75126
89	174	0.770869
89	176	0.730259
89	177	0.747079
89	179	0.734456
89	180	0.722878
90	49	3.50805
90	62	0.659018
90	67	0.760913
90	112	0.686547
90	123	0.70907
90	126	0.683933
90	127	4.02925
90	142	0.679967
90	150	0.702533
90	156	0.685837
90	163	0.674263
90	164	0.62707
90	170	0.651393
90	172	0.651843
90	173	0.642679
90	174	0.671002
90	177	0.647211
90	178	0.608448
90	179	0.634588
90	180	0.623011
91	5	0.757498
91	52	0.705975
91	53	0.684444
91	63	0.759001
91	66	0.682354
91	69	0.676526
91	82	0.727275
91	84	0.722147
91	85	0.70931
91	86	0.709227
91	95	0.687206
91	98	0.687851
91	102	0.678944
91	105	0.725844
91	107	0.730042
91	108	0.683774
91	125	3.20589
91	134	0.672923
91	171	2.98903
91	172	3.08456
92	51	2.32403
92	100	1.76084
92	104	0.776201
92	112	0.769577
92	117	0.760549
92	126	0.766963
92	142	0.762996
92	146	0.737552
92	147	0.749065
92	148	1.57153
92	150	0.785562
92	153	0.922643
92	156	0.768866
92	158	0.773397
92	163	0.757293
92	168	0.728885
92	176	0.713421
92	177	0.730241
92	179	0.717618
92	180	0.70604
93	40	0.817975
93	97	0.779486
93	101	0.769
93	110	1.51334
93	126	0.767072
93	141	1.57466
93	142	0.763106
93	144	1.47021
93	155	0.760082
93	158	0.773506
93	159	0.735401
93	163	0.757402
93	168	0.728994
93	173	0.725818
93	174	0.754141
93	175	1.68626
93	176	0.71353
93	177	0.73035
93	179	0.717727
93	180	0.70615
94	7	0.75036
94	30	0.714258
94	35	0.758936
94	79	0.786454
94	121	0.786417
94	130	0.764004
94	133	1.46427
94	137	0.77674
94	138	0.755181
94	157	2.18828
94	161	0.752167
94	162	0.74568
94	164	3.60121
94	165	0.745505
94	166	0.732142
94	168	2.60155
94	169	0.799012
94	172	0.712215
94	175	0.754091
94	178	0.668819
95	5	0.794121
95	53	0.721067
95	63	0.795625
95	66	0.718977
95	69	0.713149
95	80	1.34433
95	81	0.753295
95	82	0.763898
95	83	0.712638
95	84	0.75877
95	85	0.745933
95	86	0.74585
95	91	0.687206
95	98	0.724474
95	102	0.715567
95	105	0.762467
95	107	0.766665
95	108	0.720397
95	126	2.35402
95	128	2.21541
95	179	3.794
96	13	1.42486
96	36	0.757761
96	46	0.7394
96	51	0.733294
96	65	0.729595
96	73	0.715684
96	76	0.782921
96	78	0.725166
96	115	0.744442
96	119	0.733358
96	127	0.75647
96	140	1.91733
96	141	0.743295
96	145	0.735698
96	151	0.754931
96	153	0.771506
96	165	0.735964
96	168	0.696685
96	174	2.8597
96	175	0.74455
96	179	3.52342
97	30	2.78434
97	31	2.09206
97	70	1.33484
97	89	0.796214
97	93	0.779486
97	109	0.751951
97	117	0.743217
97	122	0.768577
97	126	0.749631
97	132	0.789708
97	143	1.76782
97	160	0.778546
97	163	0.739961
97	167	0.739718
97	170	0.71709
97	172	0.717541
97	173	0.708377
97	174	0.736699
97	176	0.696089
97	179	0.700286
97	180	0.688708
98	5	0.794766
98	52	0.743243
98	53	0.721712
98	63	0.79627
98	66	0.719622
98	69	0.713794
98	82	0.764543
98	83	0.713283
98	84	0.759415
98	85	0.746578
98	86	0.746495
98	91	0.687851
98	95	0.724474
98	102	0.716212
98	105	0.763112
98	107	0.76731
98	108	0.721042
98	123	2.38389
98	128	2.11121
98	155	2.58371
98	172	3.04129
99	13	0.84521
99	16	0.636516
99	50	2.37538
99	78	2.51489
99	80	0.81911
99	82	1.58934
99	123	0.781465
99	130	1.44686
99	140	0.774507
99	152	0.778551
99	154	0.746646
99	157	0.766565
99	158	0.762762
99	163	0.746659
99	164	0.699465
99	171	0.736282
99	176	0.702786
99	177	0.719606
99	178	0.680843
99	179	0.706983
99	180	0.695406
100	27	0.781874
100	30	0.711466
100	61	0.738502
100	78	0.731915
100	92	1.76084
100	126	1.98722
100	137	0.773948
100	138	0.75239
100	143	0.758345
100	144	0.751038
100	148	0.747909
100	159	0.709842
100	161	0.749375
100	165	0.742713
100	166	0.72935
100	169	0.79622
100	172	0.709423
100	174	2.76348
100	175	0.751299
100	177	3.22722
100	178	0.666027
101	4	0.827936
101	49	1.1857
101	70	2.19349
101	80	0.801927
101	87	0.734634
101	93	0.769
101	103	0.801085
101	106	0.751094
101	107	1.89222
101	123	0.764282
101	142	0.735179
101	146	0.709735
101	158	0.74558
101	160	0.768061
101	164	0.682283
101	165	2.25938
101	170	0.706605
101	173	0.697891
101	174	0.726214
101	177	0.702424
101	180	0.678223
102	5	0.78586
102	52	0.734336
102	53	0.712806
102	63	0.787363
102	66	0.710716
102	69	0.704888
102	81	0.745033
102	82	0.755637
102	84	0.750509
102	85	0.737671
102	86	0.737589
102	91	0.678944
102	95	0.715567
102	98	0.716212
102	103	1.75299
102	105	0.754206
102	107	0.758403
102	108	0.712135
102	134	0.701284
102	159	3.18776
102	163	2.67433
102	168	3.06547
103	24	1.84939
103	51	2.24426
103	65	1.96659
103	101	0.801085
103	102	1.75299
103	106	0.811105
103	120	0.479917
103	152	0.821379
103	156	0.80106
103	158	0.805591
103	159	0.767486
103	160	0.828072
103	163	0.789487
103	164	0.742294
103	166	0.786994
103	170	0.766616
103	173	0.757903
103	176	0.745615
103	177	0.762435
103	178	0.723671
103	179	0.749812
103	180	0.738234
104	3	2.17455
104	19	2.18693
104	46	2.02241
104	81	2.41611
104	92	0.776201
104	114	0.755144
104	121	0.788568
104	140	0.764634
104	142	0.742489
104	143	0.763288
104	144	0.755981
104	149	0.703782
104	155	0.739465
104	161	0.754318
104	164	0.689592
104	170	0.713915
104	174	0.733524
104	175	0.756241
104	177	0.709733
104	178	0.67097
104	179	0.69711
104	180	0.685533
105	5	0.83276
105	52	0.781236
105	53	0.759705
105	63	0.834263
105	66	0.757615
105	69	0.751787
105	81	0.791933
105	82	0.802536
105	85	0.784571
105	86	0.784488
105	91	0.725844
105	95	0.762467
105	98	0.763112
105	102	0.754206
105	107	0.805303
105	108	0.759035
105	134	0.748184
105	158	0.968791
105	159	1.76177
105	167	1.55292
105	176	2.61039
105	178	4.31137
106	22	2.02254
106	87	0.744654
106	101	0.751094
106	103	0.811105
106	111	2.0946
106	112	0.751779
106	138	1.82361
106	139	0.760856
106	142	0.745199
106	152	0.771388
106	155	0.742175
106	162	1.59557
106	163	0.739496
106	164	0.692302
106	167	0.739252
106	170	0.716625
106	171	0.729119
106	173	0.707911
106	176	0.695623
106	177	0.712443
106	179	0.69982
106	180	0.688243
107	5	0.836957
107	25	1.15199
107	47	1.57068
107	53	0.763903
107	66	0.761813
107	69	0.755985
107	81	0.796131
107	82	0.806734
107	83	0.755474
107	84	0.801606
107	85	0.788769
107	86	0.788686
107	91	0.730042
107	95	0.766665
107	98	0.76731
107	101	1.89222
107	102	0.758403
107	105	0.805303
107	108	0.763233
107	134	0.752382
107	171	2.17912
107	173	2.89126
108	52	0.739166
108	53	0.717635
108	63	0.792192
108	66	0.715545
108	69	0.709717
108	81	0.749862
108	82	0.760466
108	83	0.709206
108	84	0.755338
108	85	0.742501
108	86	0.742418
108	91	0.683774
108	95	0.720397
108	98	0.721042
108	102	0.712135
108	105	0.759035
108	107	0.763233
108	134	0.706114
108	157	1.85236
108	170	2.30194
108	176	3.23655
108	180	3.31328
109	34	0.786162
109	38	2.23604
109	97	0.751951
109	115	1.2743
109	122	0.758484
109	132	0.779615
109	138	1.76502
109	139	0.751229
109	140	0.757716
109	143	2.15147
109	150	0.758137
109	157	0.749775
109	158	0.745972
109	163	0.729868
109	167	0.729625
109	171	0.719492
109	173	0.698284
109	174	0.726606
109	176	0.685996
109	177	0.702816
109	179	0.690193
109	180	0.678615
110	8	0.81319
110	26	0.718487
110	51	0.756837
110	65	0.753138
110	68	0.758404
110	93	1.51334
110	111	0.773941
110	115	0.767984
110	119	0.756901
110	120	0.79106
110	124	0.785337
110	127	0.780012
110	141	0.766838
110	145	0.75924
110	151	0.778473
110	153	0.795048
110	154	2.22444
110	156	2.01391
110	162	0.759681
110	167	2.55724
110	168	0.720228
110	170	2.6801
110	175	0.768092
111	8	0.807736
111	20	0.789499
111	76	0.80101
111	88	2.07513
111	106	2.0946
111	110	0.773941
111	115	0.762531
111	116	1.98929
111	119	0.751447
111	120	0.785607
111	124	0.779884
111	125	0.712771
111	127	0.774559
111	129	2.20913
111	132	2.0694
111	141	0.761384
111	145	0.753787
111	151	0.77302
111	153	0.789595
111	162	0.754228
111	165	0.754053
111	168	0.714774
111	175	0.762639
112	2	2.88246
112	47	0.767636
112	62	0.714916
112	90	0.686547
112	92	0.769577
112	106	0.751779
112	120	1.15242
112	135	2.22738
112	139	0.751522
112	150	0.758431
112	151	1.92784
112	155	0.732841
112	157	0.750068
112	166	0.727669
112	167	0.729919
112	170	0.707291
112	171	0.719785
112	172	0.707741
112	173	0.698577
112	176	0.686289
112	177	0.703109
112	178	0.664346
112	179	0.690486
112	180	0.678909
113	23	0.69112
113	27	0.75478
113	79	0.756568
113	114	0.723108
113	118	0.730507
113	126	2.44692
113	130	0.734118
113	131	0.730348
113	136	0.727243
113	137	0.746854
113	138	0.725295
113	140	2.28081
113	143	0.731251
113	144	0.723944
113	148	0.720815
113	149	0.671745
113	161	0.722281
113	166	0.702256
113	168	3.45324
113	169	0.769126
113	171	3.14287
113	172	0.682329
113	175	0.724205
113	178	0.638933
114	12	0.743934
114	21	0.720107
114	22	0.770445
114	79	0.788056
114	87	1.79386
114	104	0.755144
114	113	0.723108
114	121	0.788018
114	130	0.765606
114	131	0.761835
114	135	0.751235
114	136	0.758731
114	140	1.63948
114	144	0.755432
114	159	0.714235
114	160	1.85063
114	161	0.753768
114	162	0.747281
114	165	0.747106
114	166	0.733744
114	167	2.72536
114	169	0.800614
114	175	0.755692
114	176	3.78283
114	178	0.670421
115	20	0.783542
115	26	0.707076
115	36	0.769893
115	46	0.751531
115	51	0.745426
115	65	0.741727
115	96	0.744442
115	109	1.2743
115	110	0.767984
115	111	0.762531
115	119	0.74549
115	124	0.773926
115	125	0.706814
115	127	0.768601
115	141	0.755427
115	142	2.16724
115	145	0.74783
115	151	0.767062
115	162	0.74827
115	165	0.748095
115	166	2.51003
115	168	0.708817
115	175	0.756681
115	177	2.58025
115	180	3.39423
116	24	2.04288
116	34	0.812463
116	36	1.51809
116	56	0.78651
116	88	0.810419
116	111	1.98929
116	126	0.765839
116	134	1.81313
116	140	0.784017
116	142	0.761872
116	147	0.747941
116	148	1.68524
116	155	0.758849
116	156	0.767743
116	163	0.756169
116	164	0.708976
116	166	0.753676
116	167	0.755926
116	171	0.745793
116	172	0.733749
116	173	0.724585
116	176	0.712297
116	178	0.690353
116	179	0.716494
116	180	0.704916
117	59	0.758376
117	79	1.7883
117	92	0.760549
117	97	0.743217
117	123	0.75594
117	134	2.41964
117	142	0.726837
117	146	0.701393
117	147	0.712906
117	149	0.68813
117	154	0.721121
117	155	0.723813
117	156	0.732707
117	160	0.759718
117	161	2.18341
117	163	0.721134
117	168	0.692725
117	171	0.710757
117	173	0.689549
117	174	0.717872
117	175	2.30424
117	176	0.677262
117	178	0.655318
117	179	0.681458
117	180	0.669881
118	21	0.727507
118	30	0.723259
118	35	0.767937
118	38	0.770684
118	64	0.758646
118	113	0.730507
118	123	1.59109
118	130	0.773005
118	137	0.785741
118	138	0.764182
118	140	1.2909
118	143	0.770138
118	144	0.762831
118	148	0.759702
118	149	0.710632
118	159	0.721635
118	161	0.761168
118	162	0.754681
118	165	0.754506
118	168	2.46334
118	169	0.808013
118	172	0.721216
118	176	3.43425
118	178	0.67782
118	180	3.51098
119	32	0.768595
119	36	0.758809
119	45	2.41594
119	46	0.740448
119	60	0.728428
119	73	0.716732
119	78	0.726214
119	96	0.733358
119	110	0.756901
119	111	0.751447
119	115	0.74549
119	120	0.768566
119	124	0.762843
119	125	0.69573
119	127	0.757518
119	141	0.744344
119	145	0.736746
119	150	2.01871
119	151	0.755979
119	153	0.772554
119	162	0.737187
119	166	2.73352
119	168	0.697734
119	171	2.25969
119	175	0.745598
119	177	2.80374
120	8	0.824855
120	12	1.54868
120	20	0.806618
120	24	0.809608
120	32	0.802755
120	36	0.792969
120	46	0.774608
120	51	0.768502
120	65	0.764804
120	73	0.750892
120	103	0.479917
120	110	0.79106
120	111	0.785607
120	112	1.15242
120	119	0.768566
120	125	0.72989
120	141	0.778503
120	145	0.770906
120	151	0.790139
120	153	0.806714
120	165	0.771172
120	168	0.731894
120	173	2.19415
120	175	0.779758
120	177	2.02607
120	178	4.46429
121	17	0.821193
121	22	0.803869
121	30	0.749282
121	35	0.79396
121	58	1.42968
121	64	0.78467
121	68	0.996325
121	94	0.786417
121	104	0.788568
121	114	0.788018
121	135	0.784659
121	137	0.811765
121	144	0.788855
121	148	0.785726
121	149	0.736656
121	154	0.769647
121	159	0.747659
121	161	0.787192
121	163	1.97438
121	164	3.36518
121	168	2.36552
121	169	0.834037
121	171	2.05514
121	172	0.74724
121	175	0.789116
121	178	0.703844
122	16	0.636351
122	48	2.50944
122	58	0.766149
122	67	0.833143
122	74	1.46098
122	79	1.72764
122	88	0.800743
122	97	0.768577
122	109	0.758484
122	123	0.7813
122	126	0.756163
122	142	0.752197
122	152	0.778385
122	154	0.74648
122	157	0.7664
122	158	0.762597
122	164	0.6993
122	168	0.718085
122	169	1.6096
122	171	0.736117
122	173	0.714909
122	175	2.24359
122	176	0.702621
122	177	0.719441
122	179	0.706818
122	180	0.695241
123	10	0.696232
123	90	0.70907
123	98	2.38389
123	99	0.781465
123	101	0.764282
123	117	0.75594
123	118	1.59109
123	122	0.7813
123	136	1.83415
123	144	1.72842
123	149	0.719681
123	150	0.780954
123	157	0.772591
123	158	0.768788
123	159	0.730683
123	163	0.752684
123	164	0.705491
123	170	0.729813
123	171	0.742308
123	173	0.7211
123	174	0.749423
123	175	1.94447
123	176	0.708812
123	177	0.725632
123	178	0.686869
123	179	0.713009
123	180	0.701432
124	15	0.828461
124	19	0.801766
124	26	0.72443
124	39	0.654399
124	43	0.763546
124	50	0.771765
124	54	0.760329
124	72	0.744955
124	73	0.745169
124	74	0.810054
124	83	1.75933
124	110	0.785337
124	111	0.779884
124	115	0.773926
124	119	0.762843
124	127	0.785954
124	128	1.29163
124	140	0.782427
124	145	0.765183
124	149	2.80475
124	153	0.800991
124	155	1.76412
124	165	0.765449
124	166	2.60001
124	169	0.818956
124	173	2.83832
124	175	0.774034
125	7	0.703191
125	27	2.4884
125	59	0.724708
125	74	1.94059
125	76	0.745293
125	88	0.741716
125	91	3.20589
125	111	0.712771
125	115	0.706814
125	119	0.69573
125	120	0.72989
125	127	0.718842
125	131	3.16606
125	132	0.737213
125	141	0.705667
125	145	0.69807
125	151	0.717303
125	152	0.719358
125	156	0.699039
125	157	0.707373
125	162	0.698511
125	163	0.687466
125	171	0.67709
125	175	0.706922
125	177	0.660414
125	178	0.62165
125	179	0.647791
125	180	0.636213
126	34	0.783842
126	38	2.30201
126	83	0.719332
126	88	0.781798
126	90	0.683933
126	92	0.766963
126	93	0.767072
126	95	2.35402
126	97	0.749631
126	100	1.98722
126	113	2.44692
126	116	0.765839
126	122	0.756163
126	128	0.771798
126	142	0.733251
126	146	0.707807
126	155	0.730227
126	156	0.739121
126	157	0.747454
126	161	1.68957
126	167	0.727305
126	168	0.699139
126	173	0.695963
126	174	0.724286
126	176	0.683675
126	177	0.700495
126	179	0.687872
126	180	0.676295
127	24	0.798559
127	26	0.719105
127	33	0.727736
127	46	0.76356
127	47	1.38536
127	51	0.757454
127	68	0.759021
127	73	0.739844
127	76	0.80708
127	90	4.02925
127	96	0.75647
127	110	0.780012
127	111	0.774559
127	115	0.768601
127	119	0.757518
127	124	0.785954
127	125	0.718842
127	141	0.767455
127	145	0.759858
127	151	0.77909
127	153	0.795666
127	157	1.89091
127	162	0.760299
127	165	0.760124
127	166	2.46762
127	168	0.720845
127	172	2.08932
127	175	0.76871
128	9	0.842649
128	13	0.860679
128	16	0.651986
128	37	0.763188
128	62	0.746882
128	66	2.16225
128	81	1.68528
128	95	2.21541
128	98	2.11121
128	124	1.29163
128	126	0.771798
128	129	0.774206
128	139	0.783489
128	142	0.767831
128	149	0.729124
128	152	0.79402
128	158	0.778232
128	160	0.800713
128	163	0.762128
128	165	1.71173
128	167	0.761885
128	168	0.73372
128	170	0.739257
128	173	0.730544
128	174	0.758866
128	176	0.718256
128	178	0.696312
128	179	0.722453
128	180	0.710875
129	20	2.05964
129	47	0.767431
129	62	0.714711
129	67	0.816606
129	75	0.744694
129	80	0.802408
129	87	0.735115
129	111	2.20913
129	128	0.774206
129	140	0.757804
129	142	0.73566
129	147	0.721729
129	152	0.761848
129	157	0.749863
129	161	1.79674
129	163	0.729956
129	164	0.682763
129	165	1.9575
129	166	0.727463
129	170	0.707085
129	171	0.71958
129	174	0.726695
129	175	1.91757
129	176	0.686084
129	177	0.702904
129	178	0.66414
129	179	0.690281
129	180	0.678704
130	18	0.804762
130	22	0.781456
130	23	0.733618
130	40	1.43406
130	94	0.764004
130	99	1.44686
130	113	0.734118
130	114	0.765606
130	118	0.773005
130	131	0.772846
130	135	0.762246
130	136	0.769741
130	138	0.767793
130	143	0.773749
130	144	0.766442
130	147	2.5656
130	148	0.763313
130	154	0.747234
130	157	2.16741
130	159	0.725246
130	161	0.764779
130	162	0.758292
130	165	0.758117
130	166	0.744754
130	172	0.724827
130	175	0.766703
130	177	2.81436
130	178	0.681431
130	179	3.01434
131	12	0.751174
131	17	0.79501
131	18	0.800991
131	22	0.777686
131	33	1.68314
131	38	0.770524
131	61	0.750136
131	64	0.758486
131	67	1.42552
131	80	1.24357
131	113	0.730348
131	114	0.761835
131	125	3.16606
131	130	0.772846
131	132	2.2207
131	135	0.758475
131	136	0.765971
131	143	0.769978
131	144	0.762672
131	148	0.759543
131	150	2.70822
131	154	0.743463
131	161	0.761009
131	162	0.754521
131	165	0.754346
131	166	0.740984
131	172	0.721056
131	175	0.762932
131	178	0.677661
132	11	0.776227
132	22	1.99734
132	58	0.78728
132	63	1.48924
132	97	0.789708
132	109	0.779615
132	111	2.0694
132	125	0.737213
132	131	2.2207
132	138	1.79842
132	140	0.795473
132	146	0.747884
132	156	0.779198
132	157	0.787531
132	158	0.783729
132	163	0.767625
132	167	0.767382
132	168	0.739216
132	169	1.14385
132	170	0.744754
132	171	0.757248
132	172	0.745205
132	173	0.73604
132	174	0.764363
132	176	0.723752
132	177	0.740573
132	178	0.701809
132	179	0.727949
132	180	0.716372
133	1	0.681562
133	14	0.757361
133	31	0.669465
133	39	6.07088
133	41	0.724941
133	48	0.713587
133	49	0.716446
133	50	2.37192
133	55	0.699403
133	57	0.699328
133	70	0.749265
133	77	0.749216
133	81	1.69293
133	94	1.46427
133	134	0.68276
133	142	0.699771
133	147	0.685839
133	149	0.661063
133	155	0.696747
133	156	0.705641
133	157	0.713974
133	160	0.732652
133	170	0.671196
133	171	0.683691
133	174	0.690805
133	176	0.650195
133	177	0.667015
133	179	0.654392
133	180	0.642815
134	1	0.694065
134	14	0.769864
134	31	0.681968
134	41	0.737444
134	48	0.72609
134	49	0.728949
134	52	0.728315
134	55	0.711906
134	57	0.711831
134	63	0.781341
134	66	0.704694
134	69	0.698866
134	70	0.761768
134	77	0.761719
134	82	0.749615
134	83	0.698355
134	84	0.744487
134	91	0.672923
134	102	0.701284
134	105	0.748184
134	107	0.752382
134	108	0.706114
134	116	1.81313
134	117	2.41964
134	133	0.68276
134	154	2.51276
134	158	2.26143
134	160	0.745155
134	180	3.97976
135	11	2.44457
135	21	0.716748
135	22	0.767086
135	23	0.719247
135	38	0.759925
135	45	0.723573
135	61	0.739536
135	78	0.732949
135	79	0.784696
135	83	2.19013
135	112	2.22738
135	114	0.751235
135	121	0.784659
135	130	0.762246
135	131	0.758475
135	137	0.774981
135	138	0.753423
135	139	1.9487
135	143	0.759379
135	144	0.752072
135	152	2.04677
135	154	0.732864
135	161	0.750409
135	162	0.743922
135	163	2.47622
135	165	0.743747
135	166	0.730384
135	169	0.797254
135	172	0.710457
135	175	0.752333
136	12	0.74807
136	17	0.791906
136	21	0.724243
136	35	0.764672
136	61	0.747031
136	64	0.755382
136	75	1.87778
136	87	1.68834
136	113	0.727243
136	114	0.758731
136	123	1.83415
136	130	0.769741
136	131	0.765971
136	137	0.782477
136	138	0.760918
136	143	0.766874
136	144	0.759567
136	148	0.756438
136	149	0.707368
136	154	0.740359
136	159	0.718371
136	161	0.757904
136	162	0.751417
136	165	0.751242
136	167	2.61985
136	169	0.804749
136	171	2.39603
136	172	0.717952
136	177	2.94008
136	178	0.674556
137	6	1.84525
137	13	0.940119
137	17	0.811516
137	35	0.784283
137	38	0.78703
137	61	0.766642
137	64	0.774993
137	94	0.77674
137	100	0.773948
137	113	0.746854
137	118	0.785741
137	121	0.811765
137	135	0.774981
137	136	0.782477
137	138	0.780529
137	139	1.68637
137	143	0.786485
137	144	0.779178
137	148	0.776049
137	150	2.05366
137	154	0.75997
137	155	1.93258
137	161	0.777515
137	162	0.771028
137	166	0.75749
137	167	2.51847
137	169	0.82436
137	172	0.737562
137	175	0.779438
137	178	0.694167
137	180	3.65266
138	23	0.724795
138	30	0.718047
138	35	0.762725
138	38	0.765472
138	61	0.745083
138	94	0.755181
138	100	0.75239
138	106	1.82361
138	109	1.76502
138	113	0.725295
138	118	0.764182
138	130	0.767793
138	132	1.79842
138	135	0.753423
138	136	0.760918
138	137	0.780529
138	142	2.65796
138	143	0.764926
138	144	0.757619
138	146	2.92605
138	148	0.75449
138	149	0.70542
138	154	0.738411
138	159	0.716423
138	161	0.755956
138	162	0.749469
138	166	0.735931
138	168	2.8373
138	172	0.716004
138	175	0.75788
138	178	0.672608
139	5	1.88161
139	9	0.819759
139	34	0.795533
139	40	0.799811
139	50	2.59055
139	56	0.76958
139	75	0.753977
139	87	0.744397
139	106	0.760856
139	109	0.751229
139	112	0.751522
139	128	0.783489
139	135	1.9487
139	137	1.68637
139	146	0.719498
