1	5	0.686396
1	10	0.556766
1	105	0.699811
1	163	1.13892
1	166	1.11794
1	168	1.03491
1	170	1.11784
1	174	1.03958
1	175	1.04583
1	177	1.04681
1	179	1.08468
1	180	0.985002
2	54	1.26442
2	57	1.09388
2	60	1.09377
2	67	1.26404
2	68	1.2638
2	75	1.20824
2	79	0.64345
2	137	1.26751
2	144	0.742085
2	151	1.14682
2	160	0.923195
2	172	0.716413
3	4	1.31043
3	18	0.991734
3	29	1.23703
3	32	1.19575
3	35	1.33662
3	46	1.15117
3	50	1.15125
3	55	1.23132
3	155	0.717387
3	163	0.7972
3	165	0.729446
3	173	0.782408
4	3	1.31043
4	18	0.991717
4	29	1.23701
4	32	1.19574
4	35	1.3366
4	46	1.15116
4	50	1.15123
4	55	1.2313
4	110	0.692866
4	136	0.703272
4	161	0.925448
4	172	0.689976
5	1	0.686396
5	125	1.05599
5	139	1.05435
5	147	1.07123
5	150	1.11235
5	153	1.07465
5	154	1.10811
5	156	1.17282
5	171	1.00062
5	173	1.03278
5	176	0.913443
5	179	1.02004
6	10	1.16107
6	26	1.16107
6	37	1.19516
6	38	0.971571
6	65	1.06011
6	78	1.01135
6	81	1.01139
6	84	1.01143
6	140	1.02117
6	172	0.522448
6	174	1.09731
6	176	1.25653
7	15	1.12125
7	28	1.33761
7	31	1.19744
7	33	1.07335
7	51	1.23306
7	105	1.20541
7	115	1.11531
7	156	1.30883
7	159	0.676278
7	164	0.453637
7	170	0.726393
7	176	1.17127
8	23	0.279478
8	58	1.14317
8	71	1.22056
8	77	0.674997
8	78	1.18971
8	81	1.18975
8	84	1.18979
8	88	1.26099
8	97	1.20916
8	140	1.19953
8	168	1.04569
8	176	1.03659
9	117	1.06254
9	121	1.04122
9	128	1.07214
9	133	1.06799
9	141	1.08189
9	143	1.0655
9	148	1.05846
9	149	1.08706
9	155	0.822757
9	167	1.06161
9	169	1.34091
9	172	0.705676
10	1	0.556766
10	6	1.16107
10	37	1.36055
10	38	1.13697
10	65	1.2255
10	77	0.952488
10	78	1.17675
10	81	1.17679
10	84	1.17683
10	140	1.18656
10	142	0.663659
10	178	0.697397
11	18	1.04037
11	46	1.19981
11	50	1.19989
11	55	1.27995
11	70	0.564397
11	78	1.21737
11	81	1.21741
11	84	1.21745
11	110	0.636003
11	140	1.22719
11	157	0.864806
11	179	0.943516
12	18	1.06464
12	29	1.30993
12	32	1.26866
12	35	1.40952
12	46	1.22407
12	50	1.22415
12	55	1.30422
12	77	0.630921
12	169	0.893673
12	175	0.738019
12	179	0.568838
13	24	0.723804
13	128	1.06962
13	133	1.06547
13	138	1.03858
13	141	1.07937
13	143	1.06298
13	145	1.07939
13	148	1.05594
13	149	1.08454
13	155	1.11691
13	167	1.05909
13	172	0.999832
14	85	1.10485
14	108	1.12061
14	109	0.724871
14	124	1.08404
14	125	1.04845
14	147	1.0637
14	150	1.10481
14	153	1.06711
14	154	1.10057
14	158	0.828675
14	175	1.3162
14	176	0.905905
15	7	1.12125
15	28	1.17351
15	31	1.03334
15	33	0.909255
15	43	1.02854
15	51	1.06896
15	76	1.16665
15	115	0.951219
15	137	0.766947
15	155	1.01698
15	156	1.14473
15	173	1.08201
16	90	1.15259
16	92	1.15007
16	136	0.52101
16	138	1.1296
16	141	1.17039
16	143	1.154
16	144	0.533386
16	145	1.17041
16	148	1.14696
16	149	1.17556
16	167	1.15011
16	173	0.689815
16	180	1.48495
17	124	1.18749
17	129	0.843916
17	131	0.609063
17	139	1.15026
17	147	1.16715
17	150	1.20827
17	153	1.17056
17	154	1.20403
17	162	0.91074
17	167	1.16904
17	171	0.856629
17	173	1.12869
17	176	1.00936
18	3	0.991734
18	4	0.991717
18	11	1.04037
18	12	1.06464
18	29	0.918315
18	32	0.877042
18	35	1.0179
18	36	0.924825
18	46	0.832462
18	50	0.832539
18	55	0.912607
18	116	1.38846
18	178	1.52021
19	57	1.15063
19	60	1.15052
19	84	0.608366
19	90	0.551896
19	104	0.432754
19	137	1.32426
19	151	1.20357
19	156	0.383311
19	171	1.12838
19	175	1.0941
19	178	1.18874
19	179	1.13295
19	180	1.03327
20	54	1.12963
20	57	0.959088
20	60	0.958981
20	67	1.12925
20	68	1.12901
20	75	1.07345
20	93	0.888881
20	112	1.0804
20	130	0.808967
20	137	1.13272
20	151	1.01203
20	161	1.15216
21	63	1.21413
21	82	1.03395
21	123	1.04194
21	145	1.09266
21	161	0.972611
21	169	0.897827
21	170	0.970042
21	171	0.932316
21	174	0.891785
21	175	0.898036
21	178	0.99268
21	179	0.936887
21	180	0.837208
22	120	1.09063
22	127	1.05941
22	144	1.09646
22	147	1.03735
22	150	1.07847
22	153	1.04076
22	154	1.07422
22	159	1.05967
22	166	1.06882
22	167	1.03924
22	173	0.99889
22	176	0.879557
22	178	0.937972
23	8	0.279478
23	32	0.770183
23	37	0.538726
23	147	0.540408
23	157	1.22583
23	159	1.16794
23	161	1.18342
23	170	1.18086
23	171	1.14313
23	177	1.10983
23	178	1.20349
23	179	1.1477
23	180	1.04802
24	13	0.723804
24	49	0.6036
24	54	0.436557
24	96	0.393534
24	169	1.12895
24	170	1.20117
24	171	1.16344
24	172	1.30058
24	174	1.12291
24	175	1.12916
24	177	1.13014
24	179	1.16801
24	180	1.06833
25	117	1.14777
25	119	1.18715
25	121	1.12645
25	128	1.15737
25	134	0.653559
25	142	0.72573
25	143	1.15073
25	145	1.16714
25	148	1.14369
25	149	1.17229
25	166	0.890321
25	167	1.14684
25	179	0.952476
26	6	1.16107
26	37	1.36055
26	38	1.13697
26	65	1.2255
26	78	1.17675
26	81	1.17679
26	84	1.17683
26	140	1.18656
26	155	0.79256
26	158	0.667538
26	160	0.882262
26	172	0.675479
27	53	1.17367
27	58	1.05235
27	66	1.18369
27	71	1.12974
27	83	1.22137
27	86	1.18769
27	88	1.17017
27	97	1.11834
27	112	1.17199
27	134	0.701408
27	151	0.890002
27	152	0.820979
27	178	0.807317
28	7	1.33761
28	15	1.17351
28	31	1.2497
28	33	1.12561
28	43	1.2449
28	51	1.28532
28	105	1.25767
28	107	0.68341
28	115	1.16758
28	118	0.706744
28	130	0.582296
28	156	1.36109
28	160	0.896804
28	172	0.690021
29	3	1.23703
29	4	1.23701
29	12	1.30993
29	18	0.918315
29	32	1.12233
29	35	1.2632
29	46	1.07775
29	50	1.07783
29	55	1.1579
29	129	0.8865
29	158	0.600285
29	172	0.608226
29	177	1.13117
30	57	1.18382
30	60	1.18371
30	75	1.29818
30	78	1.23203
30	81	1.23207
30	84	1.23211
30	134	0.401673
30	137	1.35745
30	140	1.24185
30	151	1.23675
30	157	0.621879
30	165	0.519326
30	168	1.13337
30	177	0.913133
31	7	1.19744
31	15	1.03334
31	28	1.2497
31	33	0.985439
31	42	1.12175
31	43	1.10473
31	51	1.14515
31	72	0.695258
31	105	1.1175
31	110	0.847058
31	115	1.0274
31	137	0.711211
31	156	1.22092
31	179	1.15457
32	3	1.19575
32	4	1.19574
32	12	1.26866
32	18	0.877042
32	23	0.770183
32	29	1.12233
32	35	1.22192
32	36	1.12884
32	46	1.03648
32	50	1.03656
32	55	1.11663
32	69	0.777835
32	144	0.818888
32	178	0.910611
33	7	1.07335
33	15	0.909255
33	28	1.12561
33	31	0.985439
33	42	0.997661
33	43	0.98064
33	51	1.02106
33	76	1.11875
33	105	0.993413
33	113	1.1686
33	115	0.903316
33	131	1.13646
33	137	0.960087
33	156	1.09683
34	108	1.15574
34	111	1.11837
34	119	1.14103
34	128	1.11125
34	133	1.1071
34	136	0.697742
34	141	1.12099
34	145	1.12101
34	148	1.09756
34	149	1.12616
34	159	0.923536
34	166	0.932694
34	167	1.10071
34	173	0.866547
35	3	1.33662
35	4	1.3366
35	12	1.40952
35	18	1.0179
35	29	1.2632
35	32	1.22192
35	46	1.17734
35	50	1.17742
35	55	1.25749
35	95	0.615612
35	126	0.590951
35	146	0.61704
35	161	0.895166
35	163	0.856588
36	18	0.924825
36	32	1.12884
36	46	1.08426
36	50	1.08434
36	55	1.16441
36	147	1.15288
36	150	1.194
36	153	1.15629
36	154	1.18976
36	157	0.682925
36	165	0.580372
36	168	1.19441
36	173	1.11442
36	177	0.974179
37	6	1.19516
37	10	1.36055
37	23	0.538726
37	26	1.36055
37	38	1.17105
37	65	1.25959
37	78	1.21083
37	81	1.21087
37	84	1.21091
37	136	0.575055
37	140	1.22065
37	152	0.692816
37	159	0.800849
37	166	0.810006
38	6	0.971571
38	10	1.13697
38	26	1.13697
38	37	1.17105
38	63	0.990372
38	65	1.036
38	78	0.987243
38	81	0.987283
38	84	0.987322
38	137	0.531437
38	140	0.997059
38	175	1.14398
38	176	1.39848
39	53	1.12732
39	64	0.509696
39	66	1.13734
39	71	1.08339
39	83	1.17503
39	86	1.14134
39	87	1.13275
39	88	1.12382
39	97	1.07199
39	112	1.12564
39	113	0.729022
39	142	1.08748
39	152	0.784527
39	168	1.39665
40	60	0.605288
40	75	0.504174
40	84	0.547858
40	101	0.52276
40	159	1.14749
40	165	1.22897
40	168	1.07748
40	169	1.08819
40	170	1.16041
40	174	1.08215
40	177	1.08938
40	178	1.18305
40	179	1.12725
40	180	1.02757
41	61	0.76025
41	85	1.16911
41	98	1.10079
41	125	1.11271
41	130	0.723255
41	134	1.19746
41	142	0.914637
41	147	1.12796
41	153	1.13137
41	154	1.16483
41	163	1.02787
41	167	1.12984
41	173	1.0895
41	176	0.970165
42	31	1.12175
42	33	0.997661
42	43	1.11695
42	51	1.15737
42	58	1.03395
42	86	1.16929
42	87	1.1607
42	97	1.09994
42	142	1.11543
42	144	0.693155
42	151	0.867564
42	156	1.23314
42	162	1.01258
42	173	0.849584
43	15	1.02854
43	28	1.2449
43	31	1.10473
43	33	0.98064
43	42	1.11695
43	51	1.14035
43	76	1.23803
43	105	1.1127
43	115	1.0226
43	118	0.704261
43	136	0.700834
43	156	1.21612
43	162	1.03264
43	170	0.976744
44	45	0.927571
44	49	1.05691
44	83	0.759855
44	100	1.03692
44	122	0.831026
44	125	1.05987
44	153	1.07852
44	154	1.11199
44	162	0.972155
44	170	0.991317
44	171	0.953591
44	177	0.920291
44	178	1.01396
44	179	0.958162
44	180	0.858483
45	44	0.927571
45	94	1.08754
45	111	1.10483
45	129	1.05373
45	133	1.09355
45	138	1.06667
45	141	1.10745
45	143	1.09106
45	145	1.10747
45	148	1.08402
45	149	1.11262
45	165	0.69173
45	166	0.810839
45	167	1.08717
45	175	1.04217
46	3	1.15117
46	4	1.15116
46	11	1.19981
46	12	1.22407
46	18	0.832462
46	29	1.07775
46	32	1.03648
46	35	1.17734
46	36	1.08426
46	50	0.991979
46	55	1.07205
46	164	0.743273
46	165	0.855963
46	172	0.726823
46	174	1.30169
47	86	0.879732
47	139	0.864663
47	154	0.799369
47	157	1.08732
47	162	1.02319
47	166	1.04245
47	168	0.959419
47	170	1.04235
47	174	0.964092
47	175	0.970342
47	176	0.968352
47	177	0.971323
47	178	1.06499
47	179	1.00919
47	180	0.909515
48	81	0.432335
48	85	0.418608
48	112	0.445926
48	121	0.535303
48	143	0.380129
48	160	1.23125
48	161	1.21743
48	164	1.32032
48	165	1.28343
48	166	1.21497
48	174	1.13661
48	175	1.14286
48	177	1.14384
48	178	1.2375
48	180	1.08203
49	24	0.6036
49	44	1.05691
49	61	0.808898
49	89	1.12265
49	98	1.08376
49	100	1.07274
49	106	1.11558
49	115	1.1796
49	127	1.13299
49	139	1.09404
49	147	1.11093
49	153	1.11434
49	154	1.14781
49	172	0.879627
49	176	0.953138
50	3	1.15125
50	4	1.15123
50	11	1.19989
50	12	1.22415
50	18	0.832539
50	29	1.07783
50	32	1.03656
50	35	1.17742
50	36	1.08434
50	46	0.991979
50	55	1.07212
50	114	0.705475
50	142	0.849749
50	159	1.00518
50	171	1.05708
51	7	1.23306
51	15	1.06896
51	28	1.28532
51	31	1.14515
51	33	1.02106
51	42	1.15737
51	43	1.14035
51	76	1.27846
51	105	1.15312
51	115	1.06303
51	156	1.25654
51	157	0.624232
51	165	0.52168
51	168	1.13572
51	169	1.02778
51	170	0.681746
52	59	0.599186
52	98	1.03016
52	106	1.06198
52	120	1.11061
52	127	1.07939
52	134	1.12683
52	147	1.05733
52	150	1.09845
52	153	1.06074
52	154	1.09421
52	156	1.15892
52	160	0.695877
52	173	1.01887
52	174	1.06396
52	176	0.899538
52	180	1.46633
53	27	1.17367
53	39	1.12732
53	58	1.05525
53	66	1.18659
53	71	1.13264
53	76	1.27636
53	83	1.22428
53	86	1.1906
53	87	1.182
53	97	1.12125
53	107	0.715197
53	130	0.614082
53	142	1.13673
53	144	0.74748
53	151	0.921889
53	166	0.970056
54	2	1.26442
54	20	1.12963
54	24	0.436557
54	57	1.10113
54	60	1.10103
54	67	1.2713
54	68	1.27106
54	75	1.2155
54	112	1.22245
54	135	0.678179
54	137	1.27477
54	151	1.15407
54	155	0.829665
54	166	0.960833
54	172	0.712585
55	3	1.23132
55	4	1.2313
55	11	1.27995
55	12	1.30422
55	18	0.912607
55	29	1.1579
55	32	1.11663
55	35	1.25749
55	36	1.16441
55	46	1.07205
55	50	1.07212
55	74	0.524096
55	102	1.33989
55	109	0.497879
55	132	0.640495
55	162	0.954721
56	90	1.15621
56	111	1.17138
56	117	1.15465
56	122	1.19505
56	123	0.684242
56	133	1.16011
56	138	1.13322
56	141	1.17401
56	145	1.17403
56	148	1.15058
56	149	1.17918
56	152	0.603147
56	157	0.703781
56	167	1.15373
56	176	1.20617
56	179	0.782492
57	2	1.09388
57	19	1.15063
57	20	0.959088
57	30	1.18382
57	54	1.10113
57	60	0.930484
57	67	1.10075
57	68	1.10051
57	75	1.04495
57	112	1.0519
57	113	0.90709
57	137	1.10423
57	151	0.98353
57	152	0.962595
57	158	0.823596
57	171	1.12252
58	8	1.14317
58	27	1.05235
58	42	1.03395
58	53	1.05525
58	66	1.06527
58	76	1.15504
58	83	1.10296
58	86	1.06927
58	87	1.06068
58	88	1.05175
58	97	0.999925
58	142	1.01541
58	164	0.83347
58	165	0.94616
58	171	1.10801
58	178	0.934416
59	52	0.599186
59	100	0.725477
59	129	1.13757
59	154	0.700335
59	157	1.13031
59	159	1.07242
59	164	1.19079
59	166	1.08544
59	167	0.709769
59	171	1.04761
59	174	1.00708
59	175	1.01333
59	177	1.01431
59	178	1.10797
59	179	1.05218
59	180	0.952501
60	2	1.09377
60	19	1.15052
60	20	0.958981
60	30	1.18371
60	40	0.605288
60	54	1.10103
60	57	0.930484
60	67	1.10065
60	68	1.10041
60	75	1.04485
60	112	1.0518
60	137	1.10412
60	151	0.983423
60	163	0.992951
60	172	0.796057
60	175	1.27564
61	41	0.76025
61	49	0.808898
61	80	0.310475
61	88	0.322588
61	138	0.511242
61	158	1.2797
61	162	1.14682
61	163	1.18706
61	164	1.27144
61	168	1.08305
61	169	1.09376
61	170	1.16598
61	172	1.26539
61	175	1.09397
61	178	1.18862
61	180	1.03314
62	98	1.14474
62	99	1.21418
62	124	1.19224
62	132	0.727246
62	139	1.15501
62	146	0.653721
62	147	1.1719
62	150	1.21302
62	153	1.17531
62	154	1.20878
62	159	0.935465
62	164	0.712824
62	166	0.944623
62	167	1.17379
62	173	1.13344
62	176	1.01411
63	21	1.21413
63	38	0.990372
63	65	1.07891
63	70	0.672276
63	78	1.03015
63	81	1.03019
63	84	1.03023
63	107	0.734381
63	125	1.06596
63	127	1.10327
63	140	1.03997
63	153	1.08462
63	154	1.11808
63	156	1.18279
63	171	1.03198
63	173	1.04275
64	39	0.509696
64	101	0.569755
64	106	0.625412
64	122	0.322272
64	141	0.554296
64	155	1.2255
64	160	1.19335
64	162	1.15781
64	164	1.28243
64	166	1.17708
64	172	1.27639
64	174	1.09872
64	175	1.10497
64	177	1.10595
64	179	1.14382
64	180	1.04414
65	6	1.06011
65	10	1.2255
65	26	1.2255
65	37	1.25959
65	38	1.036
65	63	1.07891
65	78	1.07578
65	81	1.07582
65	84	1.07586
65	140	1.0856
65	146	0.451705
65	169	1.1296
65	170	0.783564
65	174	1.06922
66	27	1.18369
66	39	1.13734
66	53	1.18659
66	58	1.06527
66	71	1.14266
66	83	1.23429
66	86	1.20061
66	87	1.19201
66	88	1.18309
66	97	1.13126
66	142	1.14675
66	146	0.593792
66	155	0.753526
66	157	0.868138
66	163	0.83334
66	171	0.927433
67	2	1.26404
67	20	1.12925
67	54	1.2713
67	57	1.10075
67	60	1.10065
67	68	1.27068
67	75	1.21512
67	93	0.624803
67	112	1.22207
67	116	0.638259
67	137	1.27439
67	151	1.15369
67	162	0.997712
67	164	0.669064
67	173	0.834716
68	2	1.2638
68	20	1.12901
68	54	1.27106
68	57	1.10051
68	60	1.10041
68	67	1.27068
68	75	1.21488
68	112	1.22183
68	116	0.570672
68	134	0.596514
68	137	1.27415
68	151	1.15345
68	160	0.79181
68	165	0.714167
68	177	1.10797
69	32	0.777835
69	94	0.34953
69	153	0.569399
69	154	0.574864
69	156	0.498192
69	161	1.14874
69	163	1.16725
69	164	1.25163
69	165	1.21474
69	172	1.24559
69	174	1.06792
69	175	1.07417
69	176	1.07218
69	177	1.07515
69	178	1.16881
69	179	1.11302
69	180	1.01334
70	11	0.564397
70	63	0.672276
70	140	0.661234
70	153	0.516063
70	154	0.521527
70	155	1.20508
70	157	1.20152
70	159	1.14363
70	163	1.17762
70	166	1.15665
70	168	1.07362
70	170	1.15654
70	175	1.08454
70	177	1.08552
70	178	1.17918
70	179	1.12339
70	180	1.02371
71	8	1.22056
71	27	1.12974
71	39	1.08339
71	53	1.13264
71	66	1.14266
71	77	1.14159
71	83	1.18035
71	86	1.14667
71	87	1.13807
71	88	1.12914
71	97	1.07732
71	109	0.657363
71	112	1.13096
71	126	0.700365
71	142	1.0928
71	164	0.785557
71	165	0.898247
72	31	0.695258
72	99	0.485254
72	106	0.620276
72	110	1.25872
72	112	0.516277
72	145	0.470616
72	158	1.26439
72	162	1.1315
72	166	1.15077
72	168	1.06774
72	169	1.07845
72	171	1.11294
72	172	1.25008
72	175	1.07866
72	177	1.07964
72	179	1.11751
72	180	1.01783
73	79	0.349699
73	90	1.12685
73	117	1.12529
73	122	1.16568
73	128	1.1349
73	133	1.13074
73	138	1.10386
73	141	1.14464
73	143	1.12825
73	145	1.14466
73	148	1.12121
73	149	1.14981
73	151	0.622743
73	157	0.654354
73	167	1.12436
73	176	1.15674
73	180	1.3999
74	55	0.524096
74	117	0.668627
74	140	0.644422
74	143	0.513861
74	156	0.428044
74	157	1.19044
74	163	1.16654
74	164	1.25092
74	166	1.14557
74	171	1.10774
74	172	1.24488
74	174	1.06721
74	175	1.07346
74	177	1.07444
74	178	1.1681
74	179	1.11231
74	180	1.01263
75	2	1.20824
75	20	1.07345
75	30	1.29818
75	40	0.504174
75	54	1.2155
75	57	1.04495
75	60	1.04485
75	67	1.21512
75	68	1.21488
75	112	1.16627
75	132	0.725814
75	134	0.706429
75	137	1.21859
75	151	1.09789
75	164	0.711392
75	175	1.17453
76	15	1.16665
76	33	1.11875
76	43	1.23803
76	51	1.27846
76	53	1.27636
76	58	1.15504
76	79	0.584297
76	87	1.28178
76	88	1.27286
76	97	1.22103
76	110	0.66015
76	123	0.869413
76	131	0.70068
76	142	1.23651
76	156	1.35422
76	164	0.673709
76	173	0.839361
77	8	0.674997
77	10	0.952488
77	12	0.630921
77	71	1.14159
77	131	1.18953
77	158	1.17773
77	160	1.08039
77	162	1.04485
77	168	0.98108
77	169	0.991794
77	172	1.16342
77	174	0.985752
77	175	0.992003
77	176	0.990013
77	177	0.992983
77	178	1.08665
77	180	0.931175
78	6	1.01135
78	8	1.18971
78	10	1.17675
78	11	1.21737
78	26	1.17675
78	30	1.23203
78	37	1.21083
78	38	0.987243
78	63	1.03015
78	65	1.07578
78	81	1.02706
78	84	1.0271
78	91	0.692882
78	113	0.835749
78	118	0.776919
78	140	1.03684
78	161	0.995668
78	179	1.0706
79	2	0.64345
79	73	0.349699
79	76	0.584297
79	111	0.55517
79	119	0.557949
79	156	0.44061
79	159	1.20701
79	164	1.32539
79	165	1.28849
79	168	1.137
79	171	1.1822
79	172	1.31934
79	174	1.14167
79	175	1.14792
79	177	1.1489
79	178	1.24257
79	179	1.18678
79	180	1.0871
80	61	0.310475
80	82	0.659509
80	92	1.19807
80	94	1.19847
80	119	1.23841
80	121	1.17771
80	128	1.20863
80	129	1.16466
80	138	1.1776
80	143	1.20199
80	145	1.2184
80	148	1.19495
80	149	1.22355
80	161	0.616677
80	167	1.1981
80	168	1.12439
80	173	0.563306
80	176	1.11529
81	6	1.01139
81	8	1.18975
81	10	1.17679
81	11	1.21741
81	26	1.17679
81	30	1.23207
81	37	1.21087
81	38	0.987283
81	48	0.432335
81	63	1.03019
81	65	1.07582
81	78	1.02706
81	84	1.02714
81	131	0.695016
81	140	1.03688
81	157	0.883288
81	173	0.833697
81	176	1.38568
82	21	1.03395
82	80	0.659509
82	83	0.673179
82	139	0.933842
82	153	0.863085
82	155	1.07398
82	157	1.07042
82	158	1.13917
82	160	1.04183
82	161	1.02802
82	164	1.1309
82	166	1.02555
82	170	1.02545
82	175	0.95344
82	177	0.95442
82	178	1.04808
82	179	0.992291
82	180	0.892612
83	27	1.22137
83	39	1.17503
83	44	0.759855
83	53	1.22428
83	58	1.10296
83	66	1.23429
83	71	1.18035
83	82	0.673179
83	86	1.2383
83	87	1.2297
83	88	1.22078
83	97	1.16895
83	107	0.388263
83	112	1.2226
83	129	0.673148
83	142	1.18444
83	163	0.591768
83	168	1.13806
84	6	1.01143
84	8	1.18979
84	10	1.17683
84	11	1.21745
84	19	0.608366
84	26	1.17683
84	30	1.23211
84	37	1.21091
84	38	0.987322
84	40	0.547858
84	63	1.03023
84	65	1.07586
84	78	1.0271
84	81	1.02714
84	129	1.0169
84	140	1.03692
84	161	0.974099
84	173	0.920729
85	14	1.10485
85	41	1.16911
85	48	0.418608
85	99	1.21256
85	101	1.18834
85	124	1.19062
85	129	0.916143
85	139	1.15339
85	147	1.17028
85	150	1.2114
85	153	1.17369
85	154	1.20716
85	156	1.27187
85	161	0.873341
85	164	0.654319
85	165	0.767009
85	173	1.13182
85	176	1.01249
85	179	0.948272
86	27	1.18769
86	39	1.14134
86	42	1.16929
86	47	0.879732
86	53	1.1906
86	58	1.06927
86	66	1.20061
86	71	1.14667
86	83	1.2383
86	87	1.19602
86	88	1.1871
86	97	1.13527
86	112	1.18892
86	130	0.562881
86	134	0.682092
86	142	1.15075
86	151	0.870687
86	158	0.662665
86	159	0.909697
87	39	1.13275
87	42	1.1607
87	53	1.182
87	58	1.06068
87	66	1.19201
87	71	1.13807
87	76	1.28178
87	83	1.2297
87	86	1.19602
87	88	1.1785
87	97	1.12667
87	112	1.18032
87	135	0.494095
87	142	1.14216
87	157	0.760194
87	162	0.873599
87	164	0.544951
87	175	1.00809
87	177	1.05145
88	8	1.26099
88	27	1.17017
88	39	1.12382
88	58	1.05175
88	61	0.322588
88	66	1.18309
88	71	1.12914
88	76	1.27286
88	83	1.22078
88	86	1.1871
88	87	1.1785
88	97	1.11775
88	112	1.1714
88	129	0.671591
88	142	1.13323
88	170	0.682523
88	175	0.872901
88	176	1.1274
88	177	0.916263
89	49	1.12265
89	96	1.11874
89	101	1.15892
89	106	1.14551
89	132	0.641679
89	134	1.21036
89	139	1.12397
89	147	1.14085
89	150	1.18197
89	153	1.14427
89	154	1.17773
89	156	1.24244
89	160	0.817591
89	164	0.627257
89	165	0.739947
89	167	1.14274
89	173	1.1024
89	174	1.18567
89	176	0.983064
89	179	0.921211
90	16	1.15259
90	19	0.551896
90	56	1.15621
90	73	1.12685
90	103	0.743752
90	117	1.13632
90	121	1.115
90	122	1.17671
90	131	0.725578
90	133	1.14177
90	138	1.11488
90	141	1.15567
90	143	1.13928
90	145	1.15569
90	148	1.13224
90	149	1.16084
90	166	0.930406
90	167	1.13539
90	170	0.971363
90	173	0.864259
91	78	0.692882
91	111	0.560819
91	122	0.398731
91	133	0.594949
91	138	0.514658
91	152	1.24597
91	156	0.446259
91	157	1.21382
91	160	1.18522
91	165	1.23741
91	168	1.08592
91	169	1.09663
91	170	1.16884
91	171	1.13112
91	174	1.09059
91	175	1.09684
91	177	1.09782
91	178	1.19148
91	179	1.13569
91	180	1.03601
92	16	1.15007
92	80	1.19807
92	94	1.13324
92	110	1.15524
92	111	1.15053
92	114	0.627976
92	119	1.17318
92	121	1.11248
92	128	1.1434
92	133	1.13925
92	137	0.555637
92	138	1.11237
92	140	1.08975
92	145	1.15317
92	148	1.12972
92	149	1.15832
92	158	0.680652
92	163	0.885488
92	170	0.9778
92	177	1.21154
93	20	0.888881
93	67	0.624803
93	125	0.669102
93	141	0.670259
93	156	0.485762
93	157	1.11748
93	158	1.18623
93	161	1.07507
93	163	1.09358
93	164	1.17796
93	165	1.14107
93	166	1.07261
93	170	1.07251
93	171	1.03478
93	172	1.17192
93	174	0.994248
93	178	1.09514
93	179	1.03935
93	180	0.939671
94	45	1.08754
94	69	0.34953
94	80	1.19847
94	92	1.13324
94	119	1.17359
94	121	1.11288
94	122	1.17459
94	133	1.13966
94	138	1.11277
94	141	1.15356
94	143	1.13717
94	145	1.15357
94	148	1.13012
94	149	1.15873
94	166	0.613159
94	167	1.13328
94	169	1.00015
94	173	0.547012
94	174	0.939776
94	180	1.34215
95	35	0.615612
95	108	0.559862
95	119	0.58683
95	149	0.440846
95	154	0.546162
95	156	0.469491
95	158	1.27114
95	159	1.1445
95	161	1.15999
95	162	1.13825
95	163	1.1785
95	164	1.26287
95	166	1.15752
95	169	1.0852
95	171	1.11969
95	174	1.07916
95	177	1.08639
95	178	1.18006
95	179	1.12426
95	180	1.02458
96	24	0.393534
96	89	1.11874
96	99	1.14929
96	101	1.12508
96	102	1.39983
96	104	1.17273
96	114	0.608945
96	115	0.969537
96	120	1.1603
96	124	1.12736
96	125	1.09177
96	127	1.12908
96	134	1.17652
96	139	1.09013
96	150	1.14814
96	153	1.11043
96	154	1.14389
96	157	0.901254
96	164	0.686012
96	167	1.10891
96	176	0.949226
97	8	1.20916
97	27	1.11834
97	39	1.07199
97	42	1.09994
97	53	1.12125
97	58	0.999925
97	66	1.13126
97	71	1.07732
97	76	1.22103
97	83	1.16895
97	86	1.13527
97	87	1.12667
97	88	1.11775
97	112	1.11957
97	142	1.0814
97	144	0.588762
97	161	0.798562
97	166	0.811338
97	172	0.56309
97	176	1.29717
97	177	1.08604
98	41	1.10079
98	49	1.08376
98	52	1.03016
98	62	1.14474
98	99	1.14424
98	104	1.16768
98	106	1.10662
98	118	0.806468
98	120	1.15525
98	125	1.08672
98	130	0.68202
98	135	0.755339
98	139	1.08508
98	150	1.14309
98	151	0.989826
98	153	1.10538
98	154	1.13884
98	160	0.996528
98	167	1.10386
98	171	1.08073
98	173	1.06351
98	176	0.944176
99	62	1.21418
99	72	0.485254
99	85	1.21256
99	96	1.14929
99	98	1.14424
99	101	1.18947
99	106	1.17606
99	124	1.19175
99	136	0.647461
99	144	1.23052
99	147	1.17141
99	150	1.21252
99	152	0.765222
99	153	1.17482
99	154	1.20828
99	159	0.873255
99	164	0.650614
99	167	1.17329
99	173	1.13295
99	176	1.01361
99	177	1.15711
99	178	0.751559
100	44	1.03692
100	49	1.07274
100	59	0.725477
100	101	1.109
100	103	0.67698
100	108	1.14786
100	118	0.632109
100	120	1.14423
100	125	1.0757
100	127	1.11301
100	134	1.16044
100	139	1.07406
100	147	1.09094
100	150	1.13206
100	153	1.09435
100	154	1.12782
100	156	1.19253
100	163	0.81228
100	165	0.744526
100	167	1.09283
100	176	0.933152
100	180	1.59263
101	40	0.52276
101	64	0.569755
101	85	1.18834
101	89	1.15892
101	96	1.12508
101	99	1.18947
101	100	1.109
101	104	1.2129
101	106	1.15185
101	120	1.20048
101	124	1.16753
101	126	0.644786
101	129	0.991802
101	139	1.1303
101	147	1.14719
101	150	1.18831
101	153	1.1506
101	154	1.18407
101	163	0.910422
101	172	0.713528
101	173	1.10873
101	176	0.989401
101	179	1.02393
102	55	1.33989
102	96	1.39983
102	120	1.31053
102	151	0.985961
102	159	0.935581
102	160	0.964878
102	161	0.951067
102	162	0.929336
102	164	1.05395
102	165	1.01706
102	166	0.948601
102	168	0.865569
102	169	0.876283
102	171	0.910772
102	172	1.04791
102	174	0.870241
102	175	0.876492
102	177	0.877472
102	178	0.971136
102	179	0.915343
102	180	0.815664
103	90	0.743752
103	100	0.67698
103	113	1.14465
103	127	0.800962
103	138	0.643566
103	141	0.759664
103	149	0.546522
103	159	1.05443
103	160	1.08373
103	162	1.04819
103	163	1.08843
103	164	1.1728
103	165	1.13591
103	166	1.06745
103	170	1.06735
103	171	1.02962
103	172	1.16676
103	173	1.11268
103	174	0.989091
103	175	0.995341
103	177	0.996322
103	178	1.08999
103	179	1.03419
103	180	0.934513
104	19	0.432754
104	96	1.17273
104	98	1.16768
104	101	1.2129
104	106	1.19949
104	120	1.24813
104	124	1.21518
104	125	1.1796
104	144	1.25395
104	147	1.19484
104	150	1.23596
104	151	0.763096
104	153	1.19825
104	154	1.23172
104	155	0.680096
104	156	1.29643
104	158	0.555074
104	167	1.19673
104	171	0.854002
104	173	1.15638
104	175	1.0426
104	176	1.03705
104	178	0.680411
104	179	0.873418
105	1	0.699811
105	7	1.20541
105	28	1.25767
105	31	1.1175
105	33	0.993413
105	43	1.1127
105	51	1.15312
105	108	1.18422
105	115	1.03538
105	123	0.9352
105	124	1.14764
105	127	1.14937
105	131	0.766467
105	136	0.736343
105	147	1.1273
105	153	1.13071
105	154	1.16418
105	155	0.840127
105	156	1.22889
105	158	0.715105
105	167	1.12919
105	173	1.08885
105	176	0.969512
105	179	1.03345
106	49	1.11558
106	52	1.06198
106	64	0.625412
106	72	0.620276
106	89	1.14551
106	98	1.10662
106	99	1.17606
106	101	1.15185
106	104	1.19949
106	125	1.11854
106	127	1.15585
106	132	0.800058
106	139	1.1169
106	144	1.1929
106	146	0.726532
106	147	1.13379
106	150	1.1749
106	153	1.1372
106	159	1.00828
106	161	1.00466
106	164	0.785636
106	167	1.13567
106	173	1.09533
106	176	0.975994
107	28	0.68341
107	53	0.715197
107	63	0.734381
107	83	0.388263
107	120	0.573647
107	139	0.648926
107	143	0.592779
107	157	1.19215
107	160	1.16356
107	161	1.14975
107	162	1.12801
107	163	1.16826
107	164	1.25263
107	166	1.14728
107	168	1.06425
107	169	1.07496
107	171	1.10945
107	172	1.24659
107	174	1.06892
107	175	1.07517
107	177	1.07615
107	178	1.16981
107	179	1.11402
107	180	1.01434
108	14	1.12061
108	34	1.15574
108	95	0.559862
108	100	1.14786
108	105	1.18422
108	121	1.16754
108	127	1.20811
108	131	0.647364
108	138	1.16743
108	139	1.16916
108	141	1.20821
108	143	1.19183
108	145	1.20823
108	148	1.18478
108	149	1.21339
108	150	1.22717
108	152	0.735001
108	153	1.18946
108	154	1.22292
108	155	0.721024
108	159	0.843034
108	163	0.800837
108	172	0.603943
108	174	1.17881
108	176	1.02826
109	14	0.724871
109	55	0.497879
109	71	0.657363
109	124	0.442052
109	128	0.390388
109	138	0.470227
109	139	0.543792
109	157	1.22931
109	158	1.29806
109	159	1.17142
109	160	1.20072
109	161	1.18691
109	164	1.28979
109	165	1.2529
109	167	0.487933
109	168	1.10141
109	169	1.11212
109	171	1.14661
109	172	1.28375
109	174	1.10608
109	175	1.11233
109	177	1.11331
109	178	1.20698
109	179	1.15118
109	180	1.0515
110	4	0.692866
110	11	0.636003
110	31	0.847058
110	72	1.25872
110	76	0.66015
110	92	1.15524
110	111	1.17293
110	122	1.1966
110	138	1.13477
110	141	1.17556
110	143	1.15917
110	148	1.15213
110	149	1.18073
110	153	0.58767
110	154	0.593134
110	156	0.516463
110	161	1.07217
110	163	1.09068
110	165	1.13816
110	170	1.0696
110	174	0.99134
110	177	0.99857
110	178	1.09223
110	179	1.03644
110	180	0.936762
111	34	1.11837
111	45	1.10483
111	56	1.17138
111	79	0.55517
111	91	0.560819
111	92	1.15053
111	110	1.17293
111	117	1.15149
111	119	1.19087
111	121	1.13017
111	122	1.19188
111	128	1.1611
111	133	1.15694
111	138	1.13006
111	141	1.17084
111	143	1.15445
111	145	1.17086
111	148	1.14741
111	149	1.17601
111	158	0.620191
111	165	0.757272
111	167	1.15056
111	173	0.810234
111	177	1.15108
111	178	0.745528
111	179	0.938536
112	20	1.0804
112	27	1.17199
112	39	1.12564
112	48	0.445926
112	54	1.22245
112	57	1.0519
112	60	1.0518
112	67	1.22207
112	68	1.22183
112	71	1.13096
112	72	0.516277
112	75	1.16627
112	83	1.2226
112	86	1.18892
112	87	1.18032
112	88	1.1714
112	97	1.11957
112	115	0.965162
112	116	0.650831
112	137	1.22554
112	142	1.13505
112	151	1.10484
112	165	0.794327
112	170	0.954393
112	171	0.956174
112	173	0.847289
113	33	1.1686
113	39	0.729022
113	57	0.90709
113	78	0.835749
113	103	1.14465
113	148	0.655092
113	152	1.11597
113	155	1.08738
113	156	0.589126
113	158	1.15257
113	159	1.02593
113	160	1.05523
113	161	1.04141
113	162	1.01968
113	163	1.05992
113	165	1.10741
113	168	0.955916
113	169	0.96663
113	170	1.03884
113	171	1.00112
113	172	1.13826
113	174	0.960588
113	175	0.966839
113	178	1.06148
113	179	1.00569
113	180	0.906011
114	50	0.705475
114	92	0.627976
114	96	0.608945
114	122	0.405428
114	128	0.441516
114	139	0.594919
114	147	0.502823
114	152	1.24036
114	154	0.529626
114	157	1.20821
114	158	1.27696
114	159	1.15032
114	160	1.17962
114	162	1.14407
114	163	1.18431
114	165	1.2318
114	166	1.16334
114	169	1.09102
114	170	1.16324
114	171	1.12551
114	172	1.26265
114	174	1.08498
114	175	1.09123
114	176	1.08924
114	177	1.09221
114	180	1.0304
115	7	1.11531
115	15	0.951219
115	28	1.16758
115	31	1.0274
115	33	0.903316
115	43	1.0226
115	49	1.1796
115	51	1.06303
115	96	0.969537
115	105	1.03538
115	112	0.965162
115	153	0.884755
115	154	0.890219
115	156	1.13879
115	158	1.06713
115	161	0.955981
115	163	0.974491
115	165	1.02197
115	169	0.881197
115	170	0.953412
115	172	1.05283
115	175	0.881405
115	177	0.882386
115	178	0.97605
115	179	0.920257
115	180	0.820578
116	18	1.38846
116	67	0.638259
116	68	0.570672
116	112	0.650831
116	120	0.565902
116	124	0.539442
116	151	1.1265
116	155	1.13757
116	158	1.20276
116	159	1.07612
116	161	1.09161
116	164	1.1945
116	165	1.1576
116	166	1.08914
116	167	0.585322
116	168	1.00611
116	169	1.01682
116	170	1.08904
116	171	1.05131
116	172	1.18845
116	174	1.01078
116	175	1.01703
116	176	1.01504
116	177	1.01801
116	178	1.11168
116	179	1.05588
116	180	0.956204
117	9	1.06254
117	25	1.14777
117	56	1.15465
117	73	1.12529
117	74	0.668627
117	90	1.13632
117	111	1.15149
117	119	1.17414
117	121	1.11344
117	122	1.17515
117	126	0.685412
117	128	1.14437
117	133	1.14021
117	138	1.11333
117	140	1.09071
117	141	1.15411
117	142	0.837811
117	143	1.13772
117	145	1.15413
117	146	0.711501
117	148	1.13068
117	149	1.15928
117	158	0.746213
117	160	0.960937
117	162	1.09925
117	164	0.770604
117	167	1.13383
118	28	0.706744
118	43	0.704261
118	78	0.776919
118	98	0.806468
118	100	0.632109
118	119	0.647634
118	152	1.18402
118	159	1.09398
118	161	1.10947
118	162	1.08774
118	163	1.12798
118	164	1.21236
118	165	1.17546
118	166	1.107
118	167	0.616401
118	168	1.02397
118	169	1.03468
118	170	1.1069
118	171	1.06917
118	172	1.20631
118	174	1.02864
118	175	1.03489
118	177	1.03587
118	178	1.12954
118	179	1.07374
118	180	0.974065
119	25	1.18715
119	34	1.14103
119	79	0.557949
119	80	1.23841
119	92	1.17318
119	94	1.17359
119	95	0.58683
119	111	1.19087
119	117	1.17414
119	118	0.647634
119	121	1.15282
119	122	1.21454
119	128	1.18375
119	133	1.1796
119	135	0.596505
119	137	0.497954
119	138	1.15271
119	140	1.13009
119	141	1.1935
119	143	1.17711
119	145	1.19352
119	148	1.17007
119	149	1.19867
119	167	1.17322
119	170	0.920117
119	172	0.630911
119	177	1.15386
119	179	0.941314
120	22	1.09063
120	52	1.11061
120	96	1.1603
120	98	1.15525
120	100	1.14423
120	101	1.20048
120	102	1.31053
120	104	1.24813
120	107	0.573647
120	116	0.565902
120	124	1.20276
120	125	1.16717
120	127	1.20448
120	135	0.545852
120	139	1.16553
120	144	1.24153
120	146	0.537604
120	147	1.18242
120	150	1.22354
120	151	0.780339
120	152	0.711315
120	153	1.18583
120	154	1.21929
120	156	1.284
120	158	0.572316
120	162	0.925356
120	167	1.18431
120	176	1.02463
121	9	1.04122
121	25	1.12645
121	48	0.535303
121	80	1.17771
121	90	1.115
121	92	1.11248
121	94	1.11288
121	108	1.16754
121	111	1.13017
121	117	1.11344
121	119	1.15282
121	126	0.685822
121	128	1.12305
121	133	1.1189
121	136	0.767861
121	138	1.09201
121	140	1.06939
121	141	1.13279
121	143	1.11641
121	145	1.13281
121	146	0.711911
121	148	1.10936
121	149	1.13796
121	158	0.746623
121	160	0.961347
121	167	1.11251
121	170	1.04377
121	175	1.23415
122	44	0.831026
122	56	1.19505
122	64	0.322272
122	73	1.16568
122	90	1.17671
122	91	0.398731
122	94	1.17459
122	110	1.1966
122	111	1.19188
122	114	0.405428
122	117	1.17515
122	119	1.21454
122	128	1.18476
122	129	1.14078
122	133	1.18061
122	138	1.15372
122	140	1.1311
122	141	1.1945
122	143	1.17812
122	145	1.19452
122	148	1.17107
122	149	1.19968
122	162	0.811143
122	164	0.482495
122	167	1.17423
122	173	0.648147
122	174	1.04091
122	180	1.44329
123	21	1.04194
123	56	0.684242
123	76	0.869413
123	105	0.9352
123	124	0.76595
123	133	0.874416
123	152	1.11056
123	154	0.802397
123	157	1.07841
123	158	1.14716
123	160	1.04982
123	161	1.03601
123	162	1.01428
123	163	1.05452
123	164	1.13889
123	166	1.03354
123	168	0.950509
123	169	0.961223
123	170	1.03344
123	171	0.995712
123	172	1.13285
123	174	0.955181
123	175	0.961432
123	177	0.962412
123	178	1.05608
123	179	1.00028
123	180	0.900604
124	14	1.08404
124	17	1.18749
124	62	1.19224
124	85	1.19062
124	96	1.12736
124	99	1.19175
124	101	1.16753
124	104	1.21518
124	105	1.14764
124	109	0.442052
124	116	0.539442
124	120	1.20276
124	123	0.76595
124	127	1.17154
124	130	0.446072
124	139	1.13259
124	147	1.14947
124	150	1.19059
124	153	1.15288
124	154	1.18635
124	156	1.25106
124	159	0.792888
124	165	0.682937
124	166	0.802046
124	167	1.15136
124	169	1.18903
124	173	1.11102
124	176	0.991682
124	177	1.07674
125	5	1.05599
125	14	1.04845
125	41	1.11271
125	44	1.05987
125	63	1.06596
125	93	0.669102
125	96	1.09177
125	98	1.08672
125	100	1.0757
125	104	1.1796
125	106	1.11854
125	120	1.16717
125	126	0.628171
125	127	1.13595
125	130	0.589188
125	132	0.727785
125	137	0.563956
125	139	1.097
125	147	1.11389
125	150	1.15501
125	153	1.1173
125	154	1.15076
125	156	1.21547
125	161	0.932385
125	167	1.11578
125	168	1.44009
125	169	1.33215
125	173	1.07543
125	176	0.956096
126	35	0.590951
126	71	0.700365
126	101	0.644786
126	117	0.685412
126	121	0.685822
126	125	0.628171
126	145	0.550784
126	152	1.23326
126	154	0.521501
126	158	1.26985
126	159	1.14321
126	160	1.17251
126	161	1.1587
126	162	1.13697
126	163	1.17721
126	165	1.2247
126	166	1.15624
126	167	0.530936
126	168	1.0732
126	169	1.08392
126	170	1.15613
126	171	1.11841
126	172	1.25555
126	174	1.07788
126	175	1.08413
126	176	1.08214
126	177	1.08511
126	178	1.17877
126	179	1.12298
126	180	1.0233
127	22	1.05941
127	49	1.13299
127	52	1.07939
127	63	1.10327
127	96	1.12908
127	100	1.11301
127	103	0.800962
127	105	1.14937
127	106	1.15585
127	108	1.20811
127	120	1.20448
127	124	1.17154
127	125	1.13595
127	137	0.606411
127	139	1.13431
127	144	1.21031
127	146	0.696714
127	147	1.15119
127	151	0.939449
127	152	0.870425
127	153	1.15461
127	154	1.18807
127	156	1.25278
127	158	0.731426
127	159	0.978459
127	164	0.755817
127	167	1.15308
127	173	1.11274
127	176	0.993404
127	178	0.856763
128	9	1.07214
128	13	1.06962
128	25	1.15737
128	34	1.11125
128	73	1.1349
128	80	1.20863
128	92	1.1434
128	109	0.390388
128	111	1.1611
128	114	0.441516
128	117	1.14437
128	119	1.18375
128	121	1.12305
128	122	1.18476
128	133	1.14982
128	138	1.12293
128	140	1.10031
128	141	1.16372
128	143	1.14733
128	144	0.527805
128	145	1.16374
128	148	1.14029
128	149	1.16889
128	152	0.633191
128	162	0.847231
128	167	1.14344
128	169	1.13737
128	177	1.02508
128	178	0.619528
128	180	1.47937
129	17	0.843916
129	29	0.8865
129	45	1.05373
129	59	1.13757
129	80	1.16466
129	83	0.673148
129	84	1.0169
129	85	0.916143
129	88	0.671591
129	101	0.991802
129	122	1.14078
129	133	1.10584
129	138	1.07896
129	140	1.05634
129	143	1.10335
129	145	1.11976
129	148	1.09631
129	149	1.12491
129	160	1.03016
129	161	1.01635
129	162	0.994619
129	163	1.03486
129	167	1.09946
129	168	0.930851
129	169	0.941565
129	174	0.935524
129	177	0.942755
129	178	1.03642
129	179	0.980625
129	180	0.880946
130	20	0.808967
130	28	0.582296
130	41	0.723255
130	53	0.614082
130	86	0.562881
130	98	0.68202
130	124	0.446072
130	125	0.589188
130	141	0.590344
130	152	1.24421
130	155	1.21562
130	157	1.21206
130	159	1.15417
130	160	1.18346
130	162	1.14792
130	163	1.18816
130	164	1.27254
130	165	1.23565
130	166	1.16719
130	167	0.491953
130	168	1.08415
130	169	1.09487
130	170	1.16708
130	171	1.12936
130	172	1.2665
130	173	1.21242
130	174	1.08883
130	175	1.09508
130	177	1.09606
130	178	1.18972
130	179	1.13393
130	180	1.03425
131	17	0.609063
131	33	1.13646
131	76	0.70068
131	77	1.18953
131	81	0.695016
131	90	0.725578
131	105	0.766467
131	108	0.647364
131	150	0.563897
131	152	1.16419
131	155	1.1356
131	157	1.13204
131	158	1.20079
131	159	1.07415
131	160	1.10345
131	161	1.08964
131	162	1.06791
131	163	1.10815
131	164	1.19253
131	165	1.15563
131	166	1.08717
131	167	0.643098
131	168	1.00414
131	169	1.01485
131	170	1.08707
131	171	1.04934
131	172	1.18648
131	174	1.00881
131	175	1.01506
131	176	1.01307
131	177	1.01604
131	178	1.10971
131	179	1.05391
131	180	0.954234
132	55	0.640495
132	62	0.727246
132	75	0.725814
132	89	0.641679
132	106	0.800058
132	125	0.727785
132	133	0.693135
132	152	1.17542
132	155	1.14683
132	156	0.544444
132	157	1.14328
132	158	1.21202
132	159	1.08538
132	160	1.11468
132	161	1.10087
132	162	1.07914
132	163	1.11938
132	164	1.20376
132	165	1.16686
132	166	1.0984
132	167	0.63055
132	168	1.01537
132	169	1.02609
132	170	1.0983
132	171	1.06058
132	172	1.19771
132	173	1.14364
132	174	1.02004
132	175	1.02629
132	177	1.02728
132	178	1.12094
132	179	1.06515
132	180	0.965467
133	9	1.06799
133	13	1.06547
133	34	1.1071
133	45	1.09355
133	56	1.16011
133	73	1.13074
133	90	1.14177
133	91	0.594949
133	92	1.13925
133	94	1.13966
133	111	1.15694
133	117	1.14021
133	119	1.1796
133	121	1.1189
133	122	1.18061
133	123	0.874416
133	128	1.14982
133	129	1.10584
133	132	0.693135
133	138	1.11878
133	140	1.09616
133	141	1.15957
133	143	1.14318
133	144	0.687935
133	145	1.15959
133	146	0.61961
133	148	1.13614
133	149	1.16474
133	158	0.654322
133	163	0.859157
133	167	1.13929
133	169	1.2975
133	171	0.953251
133	172	0.662263
134	25	0.653559
134	27	0.701408
134	30	0.401673
134	41	1.19746
134	52	1.12683
134	68	0.596514
134	75	0.706429
134	86	0.682092
134	89	1.21036
134	96	1.17652
134	100	1.16044
134	138	0.593458
134	139	1.18175
134	141	0.709556
134	145	0.631012
134	149	0.496414
134	150	1.23975
134	153	1.20204
134	154	1.23551
134	159	1.10192
134	162	1.09568
134	165	1.1834
134	167	1.20052
134	169	1.04262
134	170	1.11484
134	172	1.21425
134	173	1.16018
134	174	1.03658
134	175	1.04283
134	176	1.04084
134	177	1.04381
134	178	1.13748
134	179	1.08168
134	180	0.982005
135	54	0.678179
135	87	0.494095
135	98	0.755339
135	119	0.596505
135	120	0.545852
135	139	0.621131
135	141	0.663663
135	152	1.20876
135	153	0.550373
135	154	0.555838
135	155	1.18017
135	157	1.17661
135	158	1.24536
135	159	1.11872
135	160	1.14801
135	161	1.1342
135	162	1.11247
135	163	1.15271
135	164	1.23709
135	165	1.2002
135	166	1.13174
135	167	0.565272
135	168	1.04871
135	169	1.05942
135	170	1.13163
135	171	1.09391
135	172	1.23105
135	173	1.17697
135	174	1.05338
135	175	1.05963
135	177	1.06061
135	178	1.15427
135	179	1.09848
135	180	0.9988
136	4	0.703272
136	16	0.52101
136	34	0.697742
136	37	0.575055
136	43	0.700834
136	99	0.647461
136	105	0.736343
136	121	0.767861
136	152	1.21376
136	155	1.18516
136	156	0.526869
136	157	1.18161
136	158	1.25035
136	159	1.12372
136	160	1.15301
136	161	1.1392
136	162	1.11747
136	163	1.15771
136	164	1.24209
136	165	1.2052
136	166	1.13674
136	167	0.612974
136	168	1.0537
136	169	1.06442
136	170	1.13663
136	171	1.09891
136	172	1.23605
136	174	1.05838
136	175	1.06463
136	176	1.06264
136	177	1.06561
136	178	1.15927
136	179	1.10348
136	180	1.0038
137	2	1.26751
137	15	0.766947
137	19	1.32426
137	20	1.13272
137	30	1.35745
137	31	0.711211
137	33	0.960087
137	38	0.531437
137	54	1.27477
137	57	1.10423
137	60	1.10412
137	67	1.27439
137	68	1.27415
137	75	1.21859
137	92	0.555637
137	112	1.22554
137	119	0.497954
137	125	0.563956
137	127	0.606411
137	145	0.486569
137	150	0.38752
137	151	1.15716
137	159	1.10678
137	162	1.10054
137	163	1.14078
137	164	1.22516
137	167	0.466721
137	168	1.03677
137	170	1.1197
137	171	1.08198
137	172	1.21911
137	177	1.04868
137	178	1.14234
137	179	1.08655
137	180	0.986867
138	13	1.03858
138	16	1.1296
138	45	1.06667
138	56	1.13322
138	61	0.511242
138	73	1.10386
138	80	1.1776
138	90	1.11488
138	91	0.514658
138	92	1.11237
138	94	1.11277
138	103	0.643566
138	108	1.16743
138	109	0.470227
138	110	1.13477
138	111	1.13006
138	117	1.11333
138	119	1.15271
138	121	1.09201
138	122	1.15372
138	128	1.12293
138	129	1.07896
138	133	1.11878
138	134	0.593458
138	141	1.13268
138	143	1.11629
138	145	1.1327
138	148	1.10925
138	149	1.13785
138	162	0.927069
138	167	1.1124
138	169	1.21721
138	176	1.31605
138	178	0.699367
138	179	0.892375
139	5	1.05435
139	17	1.15026
139	47	0.864663
139	49	1.09404
139	62	1.15501
139	82	0.933842
139	85	1.15339
