1	13	1.05278
1	17	0.999169
1	109	1.04087
1	137	0.965582
1	147	0.956377
1	150	0.932543
1	166	1.01987
1	167	1.03983
1	170	1.02674
1	172	1.00935
1	178	0.940233
1	180	1.01056
2	9	1.05911
2	103	0.949736
2	114	0.974612
2	128	1.05865
2	135	0.969824
2	138	1.01272
2	147	1.01569
2	163	1.0678
2	167	0.945585
2	170	1.0363
2	175	0.927108
2	178	0.987375
3	18	1.00634
3	23	1.00206
3	88	1.08146
3	98	0.959304
3	105	1.00844
3	113	0.976132
3	125	0.929846
3	151	1.03154
3	163	1.08029
3	176	0.927076
3	178	0.958163
3	180	1.03262
4	42	1.06004
4	75	1.01264
4	84	1.012
4	107	0.952932
4	137	0.951885
4	141	1.02564
4	152	0.904155
4	160	1.02748
4	167	1.05856
4	177	1.0344
4	179	0.923887
4	180	1.02929
5	122	1.06155
5	129	0.993518
5	138	1.00549
5	143	0.959342
5	144	0.940415
5	147	1.00846
5	149	1.04136
5	156	0.990794
5	163	1.06056
5	165	0.970629
5	170	1.02907
5	175	0.939354
6	19	0.889706
6	106	1.22568
6	130	0.924136
6	135	1.21341
6	141	1.18711
6	152	0.907568
6	156	0.909899
6	169	0.88289
6	173	1.17937
6	174	0.88964
6	176	0.9089
6	179	0.887261
7	71	1.00635
7	76	1.1046
7	86	1.01528
7	88	1.05671
7	90	0.964512
7	98	0.93455
7	105	0.983691
7	116	1.05857
7	121	0.938526
7	151	0.963209
7	163	1.05553
7	175	0.925112
8	23	1.00375
8	61	0.993054
8	73	0.942577
8	111	0.995833
8	146	0.960448
8	160	1.03308
8	165	1.04436
8	168	1.05826
8	173	1.04053
8	176	0.928763
8	179	0.957201
8	180	1.03489
9	2	1.05911
9	75	0.985142
9	82	1.01522
9	103	0.956346
9	128	1.06526
9	129	1.00736
9	139	0.918984
9	147	1.0223
9	162	0.98087
9	163	1.07441
9	172	0.962458
9	180	0.959639
10	52	0.978533
10	93	0.989773
10	108	0.916072
10	146	0.970658
10	151	1.02316
10	160	1.02243
10	164	1.04426
10	166	1.03355
10	172	1.02302
10	176	0.938972
10	177	1.02934
10	180	1.02423
11	61	0.990244
11	70	0.939713
11	73	0.947193
11	84	1.01479
11	93	0.98418
11	119	1.01284
11	120	1.0713
11	156	0.955638
11	158	0.965229
11	165	1.04155
11	177	1.03719
11	180	1.03208
12	29	1.04565
12	42	0.984408
12	59	0.880616
12	61	1.08675
12	79	1.04249
12	81	0.94801
12	99	0.997961
12	139	0.926634
12	156	1.06764
12	157	0.967541
12	167	0.946279
12	171	1.11384
13	1	1.05278
13	88	0.949004
13	94	0.98357
13	98	1.04192
13	143	0.930872
13	151	1.0289
13	152	0.94877
13	154	0.92278
13	162	1.03041
13	166	1.03928
13	177	1.03508
13	180	1.02997
14	52	0.887874
14	66	0.899104
14	76	0.974492
14	88	0.926603
14	98	0.804445
14	105	0.853586
14	116	0.928467
14	117	1.16668
14	161	1.20469
14	163	0.925429
14	175	1.20861
14	177	1.22472
15	17	0.886591
15	38	1.23847
15	120	1.12563
15	148	0.892836
15	149	0.923122
15	151	1.23211
15	154	0.924357
15	159	0.874579
15	176	0.911427
15	177	1.21012
15	178	0.8973
15	179	0.889788
16	130	1.18679
16	136	0.887593
16	145	1.21483
16	154	1.17375
16	157	0.900264
16	161	0.906553
16	164	0.908711
16	165	0.898153
16	166	0.897993
16	168	0.91205
16	179	1.21947
16	180	0.888682
17	1	0.999169
17	15	0.886591
17	125	1.00653
17	133	0.993469
17	135	1.07725
17	145	0.973694
17	150	0.983729
17	161	1.03062
17	166	1.05547
17	170	1.04307
17	174	0.977199
17	176	0.996458
17	178	0.982331
18	3	1.00634
18	72	1.00133
18	137	1.05931
18	139	0.977533
18	159	1.06337
18	160	0.959664
18	164	0.981501
18	166	0.970783
18	173	0.967112
18	174	1.03633
18	175	0.975594
18	178	1.03396
18	180	0.961472
19	6	0.889706
19	33	0.89974
19	41	1.16323
19	55	1.08988
19	105	1.05199
19	128	0.990564
19	151	0.984255
19	165	0.994798
19	166	0.994639
19	174	0.98284
19	178	0.987973
19	179	0.98046
19	180	0.985328
20	42	0.932531
20	51	0.995957
20	56	0.96095
20	79	0.990618
20	81	0.896133
20	86	1.07895
20	89	1.11429
20	99	0.946085
20	126	0.988149
20	155	1.0331
20	156	1.01576
20	171	1.06197
20	175	0.988787
21	79	0.874358
21	93	0.855134
21	94	1.07309
21	103	0.966437
21	134	0.853762
21	141	1.11584
21	153	0.789255
21	160	1.11769
21	162	1.11993
21	166	1.12881
21	169	0.852865
21	173	1.12514
21	180	1.1195
22	27	0.900041
22	61	0.957678
22	147	1.09779
22	151	0.836823
22	154	1.13193
22	162	0.859443
22	163	1.1499
22	167	0.817202
22	170	1.1184
22	174	1.09974
22	178	1.10487
22	179	1.09736
22	180	0.838213
23	3	1.00206
23	8	1.00375
23	70	1.00182
23	80	1.09432
23	100	0.999102
23	112	1.04525
23	142	0.952273
23	169	0.959557
23	174	0.966308
23	176	0.985568
23	178	0.971441
23	179	0.963928
23	180	1.05899
24	38	1.08837
24	48	0.9325
24	88	0.837623
24	100	0.837294
24	113	0.87774
24	144	1.13749
24	149	0.829793
24	151	1.11012
24	162	1.11163
24	164	1.13122
24	169	0.877215
24	172	1.10998
24	180	1.11119
25	32	0.808086
25	63	0.815844
25	125	0.893209
25	149	0.891549
25	157	1.11897
25	159	0.950935
25	161	1.12526
25	166	1.1167
25	171	0.831576
25	172	1.10617
25	173	1.11303
25	177	1.11249
25	180	1.10739
26	66	1.0503
26	91	1.04793
26	147	1.083
26	160	0.96487
26	161	0.984548
26	165	0.976148
26	170	0.982852
26	171	0.976909
26	173	0.972318
26	175	0.9808
26	176	1.03577
26	177	0.971787
26	180	0.966677
27	22	0.900041
27	63	0.971232
27	86	0.937873
27	96	1.12203
27	111	0.944728
27	119	0.964549
27	140	0.986996
27	141	0.980129
27	159	1.10632
27	167	1.01305
27	169	1.09436
27	177	0.988892
27	180	0.983783
28	29	0.957676
28	32	0.777389
28	64	0.814254
28	66	0.874269
28	71	0.86203
28	115	1.11163
28	147	0.906972
28	152	1.12673
28	161	1.12916
28	169	1.10205
28	172	1.11008
28	178	1.11393
28	179	1.10642
29	12	1.04565
29	28	0.957676
29	42	0.918072
29	53	0.998016
29	79	0.976159
29	81	0.881674
29	99	0.931625
29	117	1.00051
29	121	1.05586
29	136	1.08366
29	156	1.0013
29	171	1.04751
29	174	1.10508
30	69	1.14788
30	92	1.01735
30	105	1.03655
30	121	1.00982
30	134	0.963025
30	153	0.997017
30	158	0.963302
30	165	0.997423
30	174	0.961206
30	176	0.980466
30	178	0.966339
30	179	0.958826
30	180	1.00564
31	71	1.03604
31	110	0.938828
31	124	1.03657
31	125	1.03652
31	133	1.03504
31	135	0.964695
31	153	1.01867
31	155	0.959747
31	168	0.991592
31	172	0.967013
31	174	1.06721
31	177	0.973333
31	180	0.968224
32	25	0.808086
32	28	0.777389
32	47	1.16485
32	71	1.11695
32	96	1.07812
32	98	1.04515
32	102	0.885804
32	104	0.873659
32	105	1.09429
32	139	1.13452
32	142	0.953742
32	163	1.16613
32	172	0.904464
33	19	0.89974
33	35	1.10402
33	45	1.06494
33	55	1.10016
33	77	1.11742
33	91	1.14064
33	106	1.11864
33	121	0.846895
33	152	1.15418
33	157	0.87322
33	162	0.894199
33	164	0.886336
33	171	0.803799
34	41	0.902131
34	74	0.96818
34	84	1.08851
34	97	0.953433
34	128	1.01495
34	129	0.957048
34	138	0.969016
34	147	0.971988
34	163	1.02409
34	170	0.992597
34	173	1.04067
34	175	1.032
34	179	1.08962
35	33	1.10402
35	45	0.879224
35	54	0.984659
35	65	1.04406
35	77	0.93171
35	91	0.954933
35	106	0.932932
35	123	1.0235
35	148	1.08621
35	152	0.968467
35	153	1.0369
35	173	1.03147
35	175	1.02279
36	43	1.04088
36	53	0.966596
36	56	0.91507
36	60	1.04654
36	79	0.944739
36	99	0.900205
36	126	1.00478
36	136	1.04663
36	156	0.969881
36	171	1.01609
36	172	1.04772
36	174	1.06805
36	176	1.03459
37	58	1.04238
37	82	0.942132
37	120	0.972926
37	122	1.00231
37	129	0.934277
37	138	0.946245
37	147	0.949216
37	149	0.982119
37	160	1.06929
37	163	1.00132
37	173	1.04998
37	175	1.04131
37	176	1.07049
38	15	1.23847
38	24	1.08837
38	62	0.932019
38	70	0.995296
38	85	0.952277
38	135	0.961393
38	147	1.03619
38	154	0.971678
38	155	0.956445
38	160	0.963114
38	172	0.963711
38	177	0.970031
38	180	0.964922
39	59	1.10839
39	80	1.02821
39	101	0.931573
39	112	1.03557
39	155	1.03182
39	159	0.962143
39	162	1.04073
39	167	1.06956
39	174	0.935102
39	176	0.901648
39	177	1.04541
39	178	0.932734
39	179	0.930085
39	180	1.0403
40	46	0.978503
40	68	1.22274
40	132	0.935314
40	134	0.915297
40	140	1.10026
40	153	0.94929
40	154	0.945668
40	157	1.10088
40	166	1.08208
40	174	0.913479
40	176	0.932738
40	178	0.918612
40	179	0.911099
40	180	1.10063
41	19	1.16323
41	34	0.902131
41	95	1.16466
41	97	1.0184
41	116	0.964167
41	124	0.981802
41	128	0.951983
41	129	0.894083
41	138	0.906052
41	147	0.909023
41	163	0.961129
41	170	0.929632
41	175	1.09697
41	178	1.15723
42	4	1.06004
42	12	0.984408
42	20	0.932531
42	29	0.918072
42	43	1.01106
42	53	0.936777
42	81	0.820435
42	99	0.870386
42	155	1.15341
42	156	0.940062
42	171	0.986267
42	173	1.11778
42	177	1.12521
42	180	1.14859
43	36	1.04088
43	42	1.01106
43	51	1.07449
43	56	1.03948
43	81	0.974667
43	99	1.02462
43	106	0.934816
43	137	0.965454
43	142	0.971421
43	156	1.09429
43	166	0.900771
43	170	0.888369
43	171	1.1405
43	178	0.940105
44	134	1.04065
44	145	1.03533
44	146	1.04137
44	157	0.952114
44	163	0.903508
44	167	0.930851
44	168	0.944121
44	170	0.920906
44	171	1.1053
44	172	0.95468
44	174	1.03883
44	176	1.05809
44	178	1.04397
44	179	1.03645
45	33	1.06494
45	35	0.879224
45	48	0.892061
45	54	0.945576
45	55	0.875364
45	65	1.00498
45	77	0.892628
45	91	0.915851
45	117	1.07317
45	126	1.11446
45	152	0.929385
45	155	1.15941
45	160	1.14308
45	175	1.1151
46	40	0.978503
46	67	0.917867
46	119	0.972495
46	132	1.06963
46	133	1.06407
46	150	1.05433
46	156	1.06806
46	157	0.929267
46	160	0.91751
46	164	0.942382
46	176	1.06706
46	178	1.05293
46	179	1.04542
46	180	0.929015
47	32	1.16485
47	52	1.04425
47	66	1.05548
47	71	1.03262
47	98	0.960824
47	105	1.00996
47	121	0.92756
47	139	1.0502
47	163	1.08181
47	164	0.967001
47	168	0.945893
47	170	0.922678
47	175	0.914147
47	177	0.930254
48	24	0.9325
48	45	0.892061
48	54	0.997496
48	55	0.927283
48	65	1.0569
48	83	1.10461
48	91	0.96777
48	101	0.992688
48	102	0.984502
48	117	1.00639
48	126	1.04769
48	152	0.981305
48	174	1.11096
49	62	1.18151
49	74	0.916108
49	82	0.912831
49	95	1.1589
49	117	1.04927
49	122	0.973007
49	128	0.962876
49	129	0.904976
49	138	0.916944
49	147	0.919916
49	149	0.952818
49	170	0.940525
49	175	1.09121
49	176	1.12039
50	54	0.984062
50	68	1.11345
50	140	0.990974
50	144	0.952917
50	150	0.988643
50	152	1.00004
50	153	1.01792
50	167	0.970332
50	169	0.975362
50	171	1.04858
50	172	0.99416
50	174	0.982113
50	175	0.998723
50	176	1.00137
50	178	0.987246
51	20	0.995957
51	43	1.07449
51	53	1.0002
51	60	1.08015
51	79	0.978346
51	81	0.883861
51	83	1.03698
51	99	0.933813
51	126	0.980052
51	130	1.00562
51	131	1.00059
51	141	0.997099
51	144	0.981752
51	156	1.00349
51	171	1.04969
52	10	0.978533
52	14	0.887874
52	47	1.04425
52	66	1.01921
52	71	0.996353
52	76	1.0946
52	85	0.976568
52	98	0.924553
52	105	0.973693
52	126	0.983434
52	139	1.01393
52	163	1.04554
52	166	1.00501
52	176	1.01325
52	179	1.04169
53	29	0.998016
53	36	0.966596
53	42	0.936777
53	51	1.0002
53	56	0.965195
53	60	1.09666
53	99	0.95033
53	100	0.999412
53	115	0.997991
53	156	1.02001
53	159	1.0513
53	171	1.06621
53	173	0.970295
53	175	0.961621
53	179	1.01924
54	35	0.984659
54	45	0.945576
54	48	0.997496
54	50	0.984062
54	55	0.980799
54	77	0.998063
54	91	1.02129
54	102	1.03802
54	103	1.13882
54	106	0.999285
54	152	1.03482
54	172	0.989844
54	173	0.956212
54	175	0.947539
54	180	0.987026
55	19	1.08988
55	33	1.10016
55	45	0.875364
55	48	0.927283
55	54	0.980799
55	77	0.92785
55	86	1.11379
55	91	0.951073
55	101	0.975991
55	102	0.967805
55	106	0.929072
55	126	1.02298
55	152	0.964608
55	160	1.0516
55	169	1.10133
55	175	1.02362
56	20	0.96095
56	36	0.91507
56	43	1.03948
56	53	0.965195
56	60	1.04514
56	79	0.943338
56	81	0.848853
56	99	0.898805
56	109	1.03464
56	126	1.05774
56	151	1.09648
56	156	0.96848
56	161	1.05446
56	170	1.06691
56	171	1.01469
56	180	1.09787
57	75	0.937526
57	107	1.09915
57	142	1.10407
57	150	1.06506
57	151	0.953106
57	152	1.05037
57	160	0.95237
57	162	0.954613
57	163	1.00362
57	164	0.974207
57	165	0.963649
57	167	0.983444
57	172	0.952967
57	173	0.959818
57	175	0.9683
57	179	1.0701
58	37	1.04238
58	78	1.0407
58	103	1.00609
58	121	0.903165
58	128	1.11501
58	129	1.05711
58	138	1.06907
58	141	0.90616
58	147	1.07204
58	149	1.10495
58	155	0.934062
58	161	0.885832
58	170	1.09265
58	173	0.898425
58	178	0.950018
58	180	0.929238
59	12	0.880616
59	39	1.10839
59	73	0.911139
59	107	0.954808
59	122	1.10449
59	129	1.03646
59	134	0.946755
59	138	1.04843
59	141	1.05218
59	146	0.929011
59	147	1.0514
59	166	1.06515
59	170	1.07201
59	171	0.838462
59	173	1.06148
59	174	0.93078
60	36	1.04654
60	51	1.08015
60	53	1.09666
60	56	1.04514
60	79	1.07481
60	81	0.980323
60	99	1.03027
60	118	0.948569
60	127	0.933674
60	155	0.911281
60	156	1.09995
60	158	0.928
60	160	0.894951
60	164	0.919824
60	171	1.14615
60	175	0.866969
61	8	0.993054
61	11	0.990244
61	12	1.08675
61	22	0.957678
61	149	1.10457
61	151	0.944842
61	152	1.11217
61	153	1.08839
61	157	0.957496
61	164	0.965943
61	166	0.955225
61	171	1.0446
61	172	0.944703
61	173	0.951554
61	177	0.951024
61	180	0.945914
62	38	0.932019
62	49	1.18151
62	114	0.959378
62	131	1.02553
62	152	1.04352
62	153	1.01974
62	156	1.05707
62	160	0.953039
62	165	0.964317
62	167	0.984112
62	168	0.978214
62	172	0.953635
62	173	0.960486
62	177	0.959956
62	178	1.0659
62	180	0.954846
63	25	0.815844
63	27	0.971232
63	114	0.917421
63	117	1.0635
63	118	0.951516
63	135	0.912633
63	145	1.05653
63	151	0.908014
63	152	1.07796
63	158	1.06213
63	159	1.04244
63	162	0.930634
63	169	1.05328
63	171	1.12649
63	174	1.06003
63	179	1.05765
64	28	0.814254
64	74	1.04944
64	82	1.04616
64	121	0.912436
64	122	1.10634
64	128	1.09621
64	129	1.03831
64	138	1.05028
64	147	1.05325
64	148	0.962436
64	149	1.08615
64	151	0.93712
64	170	1.07386
64	172	0.941328
64	175	0.899023
64	180	0.93851
65	35	1.04406
65	45	1.00498
65	48	1.0569
65	67	0.908036
65	77	1.05746
65	83	0.935984
65	91	1.08068
65	101	1.1056
65	102	1.09742
65	106	1.05868
65	152	1.09422
65	155	0.924008
65	164	0.932552
65	173	0.888371
65	175	0.879697
65	179	0.937315
66	14	0.899104
66	26	1.0503
66	28	0.874269
66	47	1.05548
66	52	1.01921
66	76	1.10583
66	88	1.05794
66	98	0.935783
66	105	0.984923
66	112	0.984791
66	116	1.0598
66	121	0.972452
66	139	1.02516
66	163	1.05677
66	165	0.990314
66	175	0.959039
66	177	0.975145
67	46	0.917867
67	65	0.908036
67	77	1.00417
67	94	0.976236
67	110	0.993243
67	111	0.983584
67	127	1.01038
67	142	1.03525
67	144	1.04893
67	158	1.0047
67	167	1.0519
67	168	1.04601
67	171	0.913988
67	172	1.02143
67	173	1.02828
67	177	1.02775
67	180	1.02264
68	40	1.22274
68	50	1.11345
68	77	1.13743
68	98	1.20796
68	119	0.901621
68	160	0.919048
68	161	0.938726
68	163	1.06806
68	165	0.930326
68	166	0.930167
68	167	0.950121
68	170	0.93703
68	171	1.04725
68	172	0.919644
68	173	0.926496
68	177	0.925965
68	180	0.920856
69	30	1.14788
69	90	0.932784
69	110	0.891473
69	122	1.07019
69	123	0.943839
69	131	1.11696
69	157	0.932451
69	158	1.15809
69	162	0.921304
69	164	0.940898
69	168	0.944237
69	169	1.17477
69	172	0.919658
69	173	0.926509
69	176	1.12624
69	177	0.925978
69	180	0.920869
70	11	0.939713
70	23	1.00182
70	38	0.995296
70	111	1.04159
70	125	1.04762
70	139	0.949677
70	142	1.00425
70	144	0.951907
70	145	1.01478
70	150	1.02482
70	167	0.969322
70	169	1.01154
70	170	0.959377
70	174	1.01829
70	176	1.03755
70	178	1.02342
70	179	1.01591
71	7	1.00635
71	28	0.86203
71	31	1.03604
71	32	1.11695
71	47	1.03262
71	52	0.996353
71	76	1.08297
71	88	1.03508
71	96	0.945896
71	98	0.912924
71	112	0.972552
71	116	1.03695
71	155	0.991111
71	163	1.03391
71	166	0.967732
71	167	0.965276
71	174	1.00943
72	18	1.00133
72	92	0.994176
72	117	1.01635
72	125	1.04221
72	143	1.05104
72	146	1.01542
72	159	0.995295
72	161	0.939052
72	164	0.995826
72	168	0.974717
72	169	1.00613
72	170	0.951502
72	173	0.951645
72	174	1.01288
72	176	1.03214
72	178	1.01802
72	179	1.0105
73	8	0.942577
73	11	0.947193
73	59	0.911139
73	94	1.03173
73	126	1.02658
73	131	1.03337
73	134	1.02005
73	135	1.00104
73	148	1.0189
73	155	1.01225
73	159	1.00065
73	169	1.01148
73	176	1.0375
73	177	0.974432
73	178	1.02337
73	179	1.01586
73	180	0.997813
74	34	0.96818
74	49	0.916108
74	64	1.04944
74	103	0.909118
74	106	1.04172
74	114	1.03424
74	122	1.02816
74	128	1.01803
74	129	0.960132
74	133	1.01721
74	134	1.06535
74	138	0.9721
74	144	0.987802
74	147	0.975072
74	149	1.00797
74	155	1.03105
74	157	1.02648
74	170	0.995681
75	4	1.01264
75	9	0.985142
75	57	0.937526
75	87	1.01114
75	98	1.11135
75	127	1.04703
75	136	0.970008
75	144	0.99739
75	145	1.03329
75	150	1.0329
75	156	1.03176
75	157	0.982679
75	165	0.980568
75	171	0.950639
75	172	0.969886
75	173	0.976738
75	175	0.98522
75	177	0.976207
76	7	1.1046
76	14	0.974492
76	52	1.0946
76	66	1.10583
76	71	1.08297
76	88	1.13333
76	98	1.01117
76	105	1.06031
76	121	0.882742
76	139	1.10054
76	140	0.908447
76	160	0.89731
76	163	1.13215
76	168	0.901074
76	174	0.931963
76	175	0.869328
76	177	0.885435
76	178	0.929595
77	33	1.11742
77	35	0.93171
77	45	0.892628
77	54	0.998063
77	55	0.92785
77	65	1.05746
77	67	1.00417
77	68	1.13743
77	91	0.968337
77	101	0.993255
77	102	0.985068
77	106	0.946336
77	152	0.981871
77	153	0.989933
77	155	1.02014
77	159	1.06551
77	168	1.00758
77	175	0.975831
78	58	1.0407
78	82	0.940447
78	94	1.07903
78	116	1.00268
78	120	0.937242
78	122	1.00062
78	124	1.02031
78	128	0.990492
78	129	0.932592
78	138	0.94456
78	147	0.947532
78	149	0.980434
78	155	1.04994
78	163	0.999638
78	174	1.06826
78	175	1.00563
78	177	1.02173
78	180	1.04511
79	12	1.04249
79	20	0.990618
79	21	0.874358
79	29	0.976159
79	36	0.944739
79	51	0.978346
79	56	0.943338
79	60	1.07481
79	81	0.878522
79	99	0.928473
79	110	1.10126
79	139	1.01337
79	141	1.03095
79	151	1.05263
79	155	1.05885
79	156	0.998149
79	171	1.04435
79	178	1.0748
80	23	1.09432
80	39	1.02821
80	86	0.929749
80	111	0.936604
80	115	0.976002
80	132	1.02523
80	138	1.06104
80	146	1.05102
80	160	0.973852
80	161	0.99353
80	163	0.981286
80	166	0.98497
80	167	1.00492
80	168	0.999027
80	170	0.991834
80	171	0.96047
80	173	0.981299
80	176	1.01933
81	12	0.94801
81	20	0.896133
81	29	0.881674
81	42	0.820435
81	43	0.974667
81	51	0.883861
81	56	0.848853
81	60	0.980323
81	79	0.878522
81	97	1.1212
81	99	0.833988
81	156	0.903664
81	160	1.22775
81	170	1.2083
81	171	0.949869
81	172	1.24207
81	173	1.20844
81	175	1.19977
82	9	1.01522
82	37	0.942132
82	49	0.912831
82	64	1.04616
82	78	0.940447
82	89	1.12311
82	103	0.905841
82	117	0.955672
82	124	1.04457
82	147	0.971795
82	149	1.0047
82	155	1.04192
82	163	1.0239
82	166	1.01854
82	170	0.992404
82	172	1.03991
82	175	0.997608
82	176	1.02679
83	48	1.10461
83	51	1.03698
83	65	0.935984
83	103	1.1629
83	106	0.962039
83	122	0.944746
83	127	0.988812
83	140	0.985348
83	147	1.04803
83	163	0.962751
83	169	0.972896
83	172	0.980923
83	174	0.979647
83	176	0.998907
83	177	0.987244
83	178	0.98478
83	179	0.977268
83	180	0.982135
84	4	1.012
84	11	1.01479
84	34	1.08851
84	108	0.978124
84	110	0.941066
84	119	0.951228
84	132	1.00692
84	149	1.00213
84	150	1.02442
84	159	1.06152
84	162	0.970897
84	164	0.990491
84	165	0.979933
84	167	0.999728
84	168	0.99383
84	177	0.975571
84	179	1.02946
84	180	0.970462
85	38	0.952277
85	52	0.976568
85	89	0.974052
85	92	0.959031
85	106	0.962804
85	107	1.01329
85	143	1.06408
85	151	0.945924
85	152	1.04384
85	154	1.0581
85	156	1.04617
85	157	0.947566
85	159	1.00833
85	161	0.903908
85	164	0.960681
85	171	1.09238
85	176	1.04517
85	178	1.03105
85	179	1.02354
86	7	1.01528
86	20	1.07895
86	27	0.937873
86	55	1.11379
86	80	0.929749
86	98	1.13653
86	99	1.16092
86	105	1.0759
86	128	1.01447
86	143	0.977513
86	146	0.941886
86	153	0.975163
86	158	0.941448
86	167	0.971105
86	172	0.940628
86	173	0.94748
86	174	0.939352
86	175	0.955962
86	180	0.94184
87	75	1.01114
87	101	0.970593
87	112	1.02307
87	118	1.03259
87	125	0.943437
87	132	0.946567
87	135	1.02426
87	144	1.05408
87	149	0.941777
87	152	0.949373
87	156	0.962927
87	157	1.03937
87	163	0.90262
87	165	1.03726
87	166	1.0371
87	167	1.05706
87	168	1.05116
87	177	1.0329
87	178	0.971754
88	3	1.08146
88	7	1.05671
88	13	0.949004
88	14	0.926603
88	24	0.837623
88	66	1.05794
88	71	1.03508
88	76	1.13333
88	96	0.996253
88	98	0.963282
88	105	1.01242
88	117	0.911515
88	139	1.05266
88	144	0.954513
88	155	0.997762
88	163	1.08427
88	165	0.984726
88	174	1.01609
88	175	0.953451
89	20	1.11429
89	82	1.12311
89	85	0.974052
89	111	1.13158
89	126	0.939253
89	130	0.965407
89	132	0.952747
89	139	1.03967
89	141	1.05725
89	143	0.969072
89	150	0.937442
89	154	0.963101
89	156	0.95117
89	158	0.933007
89	160	1.06882
89	165	1.07211
89	176	0.950171
89	178	0.936044
89	179	0.928532
90	7	0.964512
90	69	0.932784
90	92	1.00812
90	94	0.953262
90	120	1.03889
90	125	0.986681
90	128	0.963704
90	134	1.03334
90	136	0.998576
90	140	1.00288
90	153	0.968834
90	157	1.01125
90	159	1.04441
90	161	1.01754
90	164	1.01969
90	172	0.998453
90	174	1.01737
90	175	1.01379
90	177	1.00477
90	179	1.01235
91	26	1.04793
91	33	1.14064
91	35	0.954933
91	45	0.915851
91	48	0.96777
91	54	1.02129
91	55	0.951073
91	65	1.08068
91	77	0.968337
91	101	1.01648
91	102	1.00829
91	106	0.969559
91	111	1.04741
91	115	0.993035
91	117	0.914729
91	145	1.00964
91	152	1.00509
91	155	1.00098
91	157	0.996404
91	180	0.996152
92	30	1.01735
92	72	0.994176
92	85	0.959031
92	90	1.00812
92	108	0.972816
92	119	0.976972
92	125	0.998486
92	135	0.992677
92	136	0.995117
92	140	0.999419
92	149	0.996826
92	151	0.995134
92	158	1.02757
92	160	0.994399
92	166	1.00552
92	167	1.02547
92	172	0.994995
92	173	1.00185
92	175	1.01033
92	178	1.0268
93	10	0.989773
93	11	0.98418
93	21	0.855134
93	96	0.949708
93	101	1.01687
93	110	1.08203
93	133	1.00383
93	141	1.01172
93	143	1.02572
93	149	1.01852
93	153	1.02337
93	154	1.01975
93	157	1.03505
93	159	0.969973
93	172	1.03762
93	174	0.987561
93	176	1.00682
93	177	1.01142
93	178	0.992694
93	179	0.985181
94	13	0.98357
94	21	1.07309
94	67	0.976236
94	73	1.03173
94	78	1.07903
94	90	0.953262
94	107	1.0754
94	120	0.980572
94	123	0.964317
94	133	1.0192
94	145	1.04171
94	146	1.0496
94	160	0.939539
94	161	0.959218
94	164	0.961376
94	166	0.950658
94	168	0.964715
94	173	0.946987
94	177	0.946456
94	178	1.049
94	179	1.04635
95	41	1.16466
95	49	1.1589
95	118	1.06462
95	123	0.98373
95	130	0.996467
95	142	0.947936
95	145	0.958467
95	146	0.964505
95	148	0.96264
95	150	0.968502
95	153	0.997783
95	161	0.979103
95	162	1.04374
95	165	1.0143
95	169	0.955221
95	174	0.961972
95	175	0.978581
95	176	0.981231
95	177	0.999129
95	178	0.967104
95	179	0.959592
96	27	1.12203
96	32	1.07812
96	71	0.945896
96	88	0.996253
96	93	0.949708
96	105	0.923237
96	108	0.986491
96	131	0.96005
96	139	0.96347
96	144	1.02178
96	163	0.99508
96	165	1.05199
96	167	1.03919
96	168	1.05246
96	170	1.02924
96	172	1.06302
96	173	1.02939
96	174	0.944921
96	176	0.964181
96	178	0.950054
96	179	0.942541
97	34	0.953433
97	41	1.0184
97	81	1.1212
97	101	0.895871
97	112	1.03596
97	119	1.02145
97	120	1.07991
97	145	0.889737
97	146	0.897631
97	147	0.913176
97	152	0.874652
97	157	1.05227
97	161	1.05856
97	163	0.827899
97	165	1.05016
97	166	1.05
97	168	1.06406
97	173	1.04633
97	175	1.05481
97	177	1.0458
97	180	1.04069
98	3	0.959304
98	7	0.93455
98	13	1.04192
98	14	0.804445
98	32	1.04515
98	47	0.960824
98	52	0.924553
98	66	0.935783
98	68	1.20796
98	71	0.912924
98	75	1.11135
98	76	1.01117
98	86	1.13653
98	88	0.963282
98	105	0.890265
98	110	1.13309
98	116	0.965146
98	139	0.930498
98	163	0.962108
98	171	1.01668
98	175	1.04636
98	178	1.10663
99	12	0.997961
99	20	0.946085
99	29	0.931625
99	36	0.900205
99	42	0.870386
99	43	1.02462
99	51	0.933813
99	53	0.95033
99	56	0.898805
99	60	1.03027
99	79	0.928473
99	81	0.833988
99	86	1.16092
99	104	1.08225
99	134	1.14936
99	156	0.953615
99	161	1.06684
99	171	0.999821
99	173	1.07943
99	175	1.07075
99	177	1.08686
99	180	1.11024
100	23	0.999102
100	24	0.837294
100	53	0.999412
100	106	1.0081
100	115	0.989492
100	129	1.05726
100	145	1.01206
100	148	1.01624
100	150	1.0221
100	155	1.00958
100	158	1.01766
100	159	0.99798
100	165	0.984397
100	166	0.974055
100	169	1.00882
100	170	0.961653
100	172	0.995428
100	174	1.01557
100	175	1.03218
100	176	1.03483
100	178	1.0207
100	179	1.01319
101	39	0.931573
101	48	0.992688
101	55	0.975991
101	65	1.1056
101	77	0.993255
101	87	0.970593
101	91	1.01648
101	93	1.01687
101	97	0.895871
101	104	0.985937
101	112	1.00019
101	131	1.02721
101	148	1.01275
101	152	1.03001
101	157	1.01418
101	159	0.994497
101	165	1.00571
101	169	1.00533
101	174	1.01209
101	177	0.990544
101	178	1.01722
101	180	1.01392
102	32	0.885804
102	48	0.984502
102	54	1.03802
102	55	0.967805
102	65	1.09742
102	77	0.985068
102	91	1.00829
102	113	1.01721
102	120	1.04561
102	122	0.912105
102	145	0.991949
102	147	1.01539
102	149	0.969267
102	151	1.00531
102	152	1.02183
102	158	1.00001
102	170	1.02256
102	172	1.00517
102	173	1.01203
102	174	1.00161
102	179	0.996595
102	180	1.00639
103	2	0.949736
103	9	0.956346
103	21	0.966437
103	54	1.13882
103	58	1.00609
103	74	0.909118
103	82	0.905841
103	83	1.1629
103	120	1.03823
103	122	0.966017
103	124	0.985705
103	128	0.955886
103	129	0.897986
103	138	0.909954
103	147	0.912926
103	149	0.945828
103	160	1.1346
103	163	0.965032
103	166	1.12755
103	170	0.933535
103	173	1.11529
103	177	1.12272
104	32	0.873659
104	99	1.08225
104	101	0.985937
104	109	1.03702
104	112	1.00199
104	123	1.02968
104	132	0.961911
104	139	1.02277
104	140	1.00992
104	150	0.979408
104	154	0.938728
104	155	0.998234
104	156	0.978271
104	157	1.01829
104	162	1.00715
104	168	1.03008
104	169	1.00454
104	172	1.0055
104	175	1.02083
104	177	1.01182
104	178	0.987098
104	180	1.00671
105	3	1.00844
105	7	0.983691
105	14	0.853586
105	19	1.05199
105	30	1.03655
105	32	1.09429
105	47	1.00996
105	52	0.973693
105	66	0.984923
105	76	1.06031
105	86	1.0759
105	88	1.01242
105	96	0.923237
105	98	0.890265
105	116	1.01429
105	117	0.943799
105	139	0.979639
105	155	1.03005
105	163	1.01125
105	166	1.00667
105	172	1.02804
105	175	0.985735
105	178	1.046
106	6	1.22568
106	33	1.11864
106	35	0.932932
106	43	0.934816
106	54	0.999285
106	55	0.929072
106	65	1.05868
106	74	1.04172
106	77	0.946336
106	83	0.962039
106	85	0.962804
106	91	0.969559
106	100	1.0081
106	125	1.00226
106	148	1.03372
106	149	1.0006
106	152	0.983094
106	153	0.984411
106	161	0.985524
106	166	0.976965
106	167	0.996919
106	173	0.973294
106	180	0.967654
107	4	0.952932
107	57	1.09915
107	59	0.954808
107	85	1.01329
107	94	1.0754
107	112	1.02775
107	115	1.03836
107	124	0.980942
107	130	1.00464
107	131	0.985276
107	150	0.976677
107	153	1.00596
107	158	0.972242
107	159	0.952558
107	165	1.03327
107	169	0.963396
107	171	1.03661
107	172	1.0443
107	174	0.970147
107	175	0.986756
107	176	0.989406
107	178	0.975279
107	179	0.967767
108	10	0.916072
108	84	0.978124
108	92	0.972816
108	96	0.986491
108	119	1.00458
108	131	1.03947
108	136	0.962827
108	137	1.01932
108	140	0.96073
108	142	1.01031
108	146	1.02688
108	151	0.959708
108	154	1.05653
108	157	0.96135
108	158	1.02644
108	159	1.00676
108	169	1.01759
108	170	0.930142
108	171	1.09081
108	172	0.963917
108	174	1.02434
108	176	1.0436
108	178	1.02948
108	179	1.02196
109	1	1.04087
109	56	1.03464
109	104	1.03702
109	110	0.988662
109	114	1.02259
109	118	1.02285
109	120	1.05728
109	123	1.04103
109	129	0.995733
109	134	0.970202
109	140	1.02127
109	141	1.0144
109	145	0.944564
109	147	0.968002
109	148	0.955005
109	150	0.944169
109	156	0.943032
109	160	1.01625
109	163	0.882725
109	167	1.04732
109	168	1.04143
109	172	1.01685
109	175	1.03218
109	178	0.951859
110	31	0.938828
110	67	0.993243
110	69	0.891473
110	79	1.10126
110	84	0.941066
110	93	1.08203
110	98	1.13309
110	109	0.988662
110	118	0.963147
110	135	0.954824
110	136	0.957264
110	140	0.961566
110	141	0.9547
110	146	1.06292
110	150	1.05463
110	153	1.01616
110	154	1.01395
110	158	1.06308
110	164	0.978383
110	166	0.967664
110	168	0.981721
110	173	0.963994
110	174	1.06469
110	177	0.963463
111	8	0.995833
111	27	0.944728
111	67	0.983584
111	70	1.04159
111	80	0.936604
111	89	1.13158
111	91	1.04741
111	115	0.949037
111	132	1.04116
111	137	1.09169
111	141	0.945041
111	142	1.09766
111	148	1.06949
111	149	1.03637
111	157	0.960276
111	164	0.968723
111	165	0.958165
111	166	0.958005
111	167	0.97796
111	168	0.972062
111	172	0.947483
111	176	1.03526
111	177	0.953804
111	180	0.948694
112	23	1.04525
112	39	1.03557
112	66	0.984791
112	71	0.972552
112	87	1.02307
112	97	1.03596
112	101	1.00019
112	104	1.00199
112	107	1.02775
112	114	0.987556
112	116	0.950833
112	134	1.01969
112	135	0.979496
112	144	1.00932
112	148	1.0045
112	162	0.983459
112	164	1.00305
112	165	0.992495
112	168	1.00639
112	169	1.0188
112	172	0.981813
112	173	0.988665
112	176	0.970264
112	177	0.988134
112	180	0.983025
113	3	0.976132
113	24	0.87774
113	102	1.01721
113	125	1.01984
113	127	0.999679
113	131	1.00564
113	137	0.985493
113	139	0.9924
113	140	1.03269
113	148	0.991182
113	150	0.997044
113	156	1.01077
113	157	1.03331
113	158	0.992609
113	159	0.972925
113	160	1.02155
113	161	0.989649
113	169	0.983763
113	171	1.05698
113	172	1.03587
113	174	0.990514
113	176	1.00977
113	178	0.995647
113	179	0.988134
113	180	1.03306
114	2	0.974612
114	62	0.959378
114	63	0.917421
114	74	1.03424
114	109	1.02259
114	112	0.987556
114	115	0.992623
114	118	0.997075
114	120	1.03151
114	123	1.01525
114	133	0.993304
114	148	1.02625
114	151	0.991208
114	158	1.02387
114	161	1.01015
114	162	0.992716
114	165	1.00175
114	166	1.00159
114	169	1.04055
114	171	0.933152
114	173	0.997921
114	174	1.02547
114	175	1.0064
114	178	1.0231
114	180	0.992281
115	28	1.11163
115	53	0.997991
115	80	0.976002
115	91	0.993035
115	100	0.989492
115	107	1.03836
115	111	0.949037
115	114	0.992623
115	123	1.01106
115	128	0.960674
115	130	0.976634
115	135	0.984563
115	143	0.971689
115	151	0.98702
115	157	0.999674
115	159	1.04138
115	161	1.00596
115	162	0.988527
115	165	0.997562
115	168	1.01146
115	170	1.00427
115	172	0.98688
115	173	0.993732
115	174	1.01434
115	179	1.00932
116	7	1.05857
116	14	0.928467
116	41	0.964167
116	66	1.0598
116	71	1.03695
116	78	1.00268
116	98	0.965146
116	105	1.01429
116	112	0.950833
116	122	1.08711
116	128	1.07698
116	136	0.966297
116	138	1.03105
116	141	0.94149
116	147	1.03402
116	158	0.986112
116	160	0.953063
116	163	1.08613
116	166	0.946014
116	170	1.05463
116	172	0.967386
116	175	0.925081
116	178	0.985348
116	179	0.982699
117	14	1.16668
117	29	1.00051
117	45	1.07317
117	48	1.00639
117	49	1.04927
117	63	1.0635
117	72	1.01635
117	82	0.955672
117	88	0.911515
117	91	0.914729
117	105	0.943799
117	126	0.994583
117	129	0.977536
117	132	1.00808
117	136	0.98764
117	142	0.972206
117	161	1.0066
117	165	0.9982
117	166	0.99804
117	169	0.979491
117	173	0.994369
117	175	1.00285
117	176	1.0055
117	179	0.983862
117	180	0.988729
118	60	0.948569
118	63	0.951516
118	87	1.03259
118	95	1.06462
118	109	1.02285
118	110	0.963147
118	114	0.997075
118	119	0.973309
118	122	0.970059
118	141	0.988889
118	143	1.01692
118	145	1.0499
118	151	0.991471
118	154	1.00883
118	162	0.992978
118	163	0.988064
118	164	1.01257
118	165	1.00201
118	166	1.00185
118	167	1.02181
118	170	1.00872
118	171	0.967248
118	173	0.998183
118	176	1.02611
118	180	0.992543
119	11	1.01284
119	27	0.964549
119	46	0.972495
119	68	0.901621
119	84	0.951228
119	92	0.976972
119	97	1.02145
119	108	1.00458
119	118	0.973309
119	131	1.0182
119	142	1.08988
119	146	1.05916
119	149	1.02859
119	150	1.05088
119	156	1.04974
119	158	1.05933
119	162	0.96895
119	165	0.977985
119	166	0.977826
119	167	0.997781
119	168	0.991883
119	172	0.967304
119	173	0.974155
119	177	0.973624
119	179	1.05592
119	180	0.968515
120	11	1.0713
120	15	1.12563
120	37	0.972926
120	78	0.937242
120	90	1.03889
120	94	0.980572
120	97	1.07991
120	102	1.04561
120	103	1.03823
120	109	1.05728
120	114	1.03151
120	127	0.913652
120	128	0.85592
120	142	0.93853
120	147	0.923358
120	152	0.884834
120	157	1.03856
120	160	1.02517
120	161	1.04484
120	166	1.03628
120	167	1.05624
120	169	0.92466
120	172	1.02576
120	175	1.0411
120	176	0.876128
120	180	1.02697
121	7	0.938526
121	29	1.05586
121	30	1.00982
121	33	0.846895
121	47	0.92756
121	58	0.903165
121	64	0.912436
121	66	0.972452
121	76	0.882742
121	125	1.06072
121	129	1.03289
121	131	1.04652
121	135	1.03035
121	136	1.03279
121	140	1.03709
121	147	1.00516
121	148	1.03206
121	153	1.0672
121	157	1.04546
121	163	0.919878
121	165	1.04335
121	173	1.03951
121	176	1.05065
121	177	1.03898
121	178	1.03652
121	179	1.02901
122	5	1.06155
122	37	1.00231
122	49	0.973007
122	59	1.10449
122	64	1.10634
122	69	1.07019
122	74	1.02816
122	78	1.00062
122	83	0.944746
122	102	0.912105
122	103	0.966017
122	116	1.08711
122	118	0.970059
122	126	0.887821
122	128	1.07493
122	129	1.01703
122	137	0.974075
122	138	1.029
122	147	1.03197
122	149	1.06487
122	162	0.949177
122	170	1.05258
122	172	0.930765
122	175	0.888459
122	178	0.948726
122	180	0.927946
123	35	1.0235
123	69	0.943839
123	94	0.964317
123	95	0.98373
123	104	1.02968
123	109	1.04103
123	114	1.01525
123	115	1.01106
123	125	0.947989
123	132	0.951119
123	134	0.994649
123	136	1.00963
123	139	1.02678
123	142	1.00762
123	144	1.03701
123	148	0.979452
123	151	1.00965
123	159	1.00571
123	161	1.02859
123	164	1.03075
123	172	1.00951
123	173	1.01636
123	176	0.94522
123	177	1.01583
123	178	0.976306
123	179	0.973657
123	180	1.01072
124	31	1.03657
124	41	0.981802
124	78	1.02031
124	82	1.04457
124	103	0.985705
124	107	0.980942
124	129	1.03672
124	131	0.914178
124	143	0.914267
124	145	0.947251
124	147	1.05166
124	153	0.908381
124	154	0.906175
124	156	0.945718
124	157	1.06768
124	163	1.10376
124	165	1.06556
124	167	1.08536
124	169	0.971991
124	170	1.07227
124	171	0.864596
124	172	1.05488
124	173	1.06173
124	174	0.956914
124	175	1.07022
124	176	0.923459
124	177	1.0612
124	179	0.951897
125	3	0.929846
125	17	1.00653
125	25	0.893209
125	31	1.03652
125	70	1.04762
125	72	1.04221
125	87	0.943437
125	90	0.986681
125	92	0.998486
125	106	1.00226
125	113	1.01984
125	121	1.06072
125	123	0.947989
125	134	1.01392
125	142	0.998069
125	143	1.05027
125	145	1.0086
125	150	1.01863
125	154	1.04429
125	159	0.994516
125	166	0.968214
125	169	1.00535
125	170	0.955812
125	173	0.955955
125	174	1.0121
125	175	1.02871
125	176	1.03136
125	178	1.01724
125	180	0.986768
126	20	0.988149
126	36	1.00478
126	45	1.11446
126	48	1.04769
126	51	0.980052
126	52	0.983434
126	55	1.02298
126	56	1.05774
126	73	1.02658
126	89	0.939253
126	117	0.994583
126	122	0.887821
126	129	1.01883
126	130	1.02561
126	134	0.992934
126	138	0.985583
126	140	0.996816
126	149	1.02207
126	151	0.992531
126	155	0.985126
126	160	0.991796
126	161	1.01147
126	162	0.994038
126	163	0.905827
126	168	1.01697
126	170	1.00978
126	175	1.00773
126	176	1.01038
126	179	0.988736
126	180	0.993603
127	60	0.933674
127	67	1.01038
127	75	1.04703
127	83	0.988812
127	113	0.999679
127	120	0.913652
127	131	1.00707
127	133	1.00821
127	135	1.02475
127	137	0.986918
127	146	0.994473
127	148	0.992608
127	149	1.02289
127	153	1.02775
127	154	1.02413
127	155	0.98595
127	156	1.0122
127	157	1.02177
127	159	0.974351
127	162	1.04275
127	167	1.00051
127	168	1.01378
127	169	0.985188
127	170	0.990567
127	173	0.99071
127	174	0.991939
127	176	1.0112
127	178	0.997072
127	179	0.98956
127	180	1.02152
128	2	1.05865
128	9	1.06526
128	19	0.990564
128	34	1.01495
128	41	0.951983
128	49	0.962876
128	58	1.11501
128	64	1.09621
128	74	1.01803
128	78	0.990492
128	86	1.01447
128	90	0.963704
128	103	0.955886
128	115	0.960674
128	116	1.07698
128	120	0.85592
128	122	1.07493
128	129	1.0069
128	130	0.949237
128	138	1.01887
128	147	1.02184
128	149	1.05474
128	155	0.968616
128	163	1.07395
128	164	0.977159
128	167	0.942781
128	168	0.956051
128	170	1.04245
128	175	0.924304
128	177	0.940411
128	180	0.963791
129	5	0.993518
129	9	1.00736
129	34	0.957048
129	37	0.934277
129	41	0.894083
129	49	0.904976
129	58	1.05711
129	59	1.03646
129	64	1.03831
129	74	0.960132
129	78	0.932592
129	100	1.05726
129	103	0.897986
129	109	0.995733
129	117	0.977536
129	121	1.03289
129	122	1.01703
129	124	1.03672
129	126	1.01883
129	128	1.0069
129	138	0.960968
129	139	1.0183
129	147	0.96394
129	155	1.06378
129	163	1.01605
129	170	0.984549
129	175	1.01947
129	176	1.04865
129	177	1.03558
129	179	1.07709
129	180	1.05896
130	6	0.924136
130	16	1.18679
130	51	1.00562
130	89	0.965407
130	95	0.996467
130	107	1.00464
130	115	0.976634
130	126	1.02561
130	128	0.949237
130	132	1.03911
130	133	1.03354
130	137	1.01225
130	141	0.956672
130	142	1.00323
130	145	1.01377
130	146	1.0198
130	154	1.04946
130	155	1.01128
130	159	0.999682
130	160	0.968246
130	162	1.00098
130	163	0.931397
130	164	0.993118
130	165	0.971539
130	168	0.97201
130	169	1.01052
130	170	0.948795
130	173	0.948937
130	174	1.01727
130	176	1.03653
130	178	1.0224
130	179	1.01489
131	51	1.00059
131	62	1.02553
131	69	1.11696
131	73	1.03337
131	96	0.96005
131	101	1.02721
131	107	0.985276
131	108	1.03947
131	113	1.00564
131	119	1.0182
131	121	1.04652
131	124	0.914178
131	127	1.00707
131	135	0.977947
131	146	1.00044
131	148	0.998572
131	150	1.00443
131	153	1.03371
131	154	1.03009
131	158	0.999999
131	161	0.931311
131	162	0.995948
131	164	0.988085
131	167	0.953707
131	168	0.966977
131	172	0.977536
131	173	0.943904
131	174	0.997904
131	175	1.01451
131	176	1.01716
131	178	1.00304
131	179	0.995524
132	40	0.935314
132	46	1.06963
132	80	1.02523
132	84	1.00692
132	87	0.946567
132	89	0.952747
132	104	0.961911
132	111	1.04116
132	117	1.00808
132	123	0.951119
132	130	1.03911
132	137	0.999589
132	143	1.04277
132	144	0.951473
132	146	1.00714
132	148	1.00528
132	150	1.01114
132	152	1.02254
132	153	1.04042
132	157	0.99015
132	158	1.00671
132	162	1.01113
132	168	0.982157
132	169	0.997859
132	170	0.958942
132	172	0.992717
132	174	1.00461
132	175	1.02122
132	176	1.02387
132	178	1.00974
132	179	1.00223
132	180	0.989898
133	17	0.993469
133	31	1.03504
133	46	1.06407
133	74	1.01721
133	93	1.00383
133	94	1.0192
133	114	0.993304
133	127	1.00821
133	130	1.03354
133	134	1.00086
133	137	0.994024
133	141	0.962209
133	142	0.985009
133	144	0.946862
133	145	0.99554
133	149	1.03
133	150	1.00558
133	153	1.03486
133	154	1.03123
133	158	1.00114
133	159	0.981456
133	161	0.941881
133	162	1.00652
133	164	0.998655
133	165	0.977075
133	166	0.966733
133	174	0.999045
133	175	1.01565
133	176	1.0183
133	177	0.961907
133	178	1.00418
133	180	0.985287
134	21	0.853762
134	30	0.963025
134	40	0.915297
134	44	1.04065
134	59	0.946755
134	73	1.02005
134	74	1.06535
134	90	1.03334
134	99	1.14936
134	109	0.970202
134	112	1.01969
134	123	0.994649
134	125	1.01392
134	126	0.992934
134	133	1.00086
134	145	0.981088
134	148	0.985262
134	150	0.991123
134	153	1.0204
134	155	0.978603
134	156	1.00485
134	158	0.986688
134	159	0.967004
134	162	1.05466
134	164	1.0468
134	169	0.977842
134	170	1.00247
134	172	1.03625
134	174	0.984593
134	176	1.00385
134	178	0.989726
134	179	0.982213
134	180	1.03343
135	2	0.969824
135	6	1.21341
135	17	1.07725
135	31	0.964695
135	38	0.961393
135	63	0.912633
135	73	1.00104
135	87	1.02426
135	92	0.992677
135	110	0.954824
135	112	0.979496
135	115	0.984563
135	121	1.03035
135	127	1.02475
135	131	0.977947
135	136	0.983131
135	150	1.01062
135	151	0.983148
135	152	0.995934
135	154	0.969944
135	157	0.995802
135	160	0.982413
135	161	1.00209
135	162	0.984655
135	167	1.01349
135	168	1.00759
135	169	1.03576
135	172	0.983009
135	173	0.98986
135	175	0.998342
135	176	0.987228
135	179	1.01567
135	180	0.98422
136	16	0.887593
136	29	1.08366
136	36	1.04663
136	75	0.970008
136	90	0.998576
136	92	0.995117
136	108	0.962827
136	110	0.957264
136	116	0.966297
136	117	0.98764
136	121	1.03279
136	123	1.00963
136	135	0.983131
136	138	1.02744
136	142	1.04813
136	143	0.976535
136	144	1.01295
136	152	0.994433
136	154	0.968444
136	159	1.04622
136	160	0.984853
136	161	1.00453
136	162	0.987095
136	164	1.00669
136	167	1.01593
136	168	1.01003
136	169	1.03426
136	172	0.985449
136	173	0.9923
136	174	1.01918
136	177	0.99177
136	179	1.01417
136	180	0.98666
137	1	0.965582
137	4	0.951885
137	18	1.05931
137	43	0.965454
137	108	1.01932
137	111	1.09169
137	113	0.985493
137	122	0.974075
137	127	0.986918
137	130	1.01225
137	132	0.999589
137	133	0.994024
137	142	0.963718
137	143	1.01591
137	145	0.974248
137	146	0.980287
137	148	0.978422
137	153	1.01356
137	156	0.998012
137	158	0.979849
137	161	0.997028
137	162	1.06166
137	163	0.992081
137	164	1.0538
137	165	1.03222
137	167	1.01942
137	169	0.971002
137	172	1.04325
137	174	0.977753
137	175	0.994363
137	176	0.997013
137	178	0.982886
137	179	0.975373
138	2	1.01272
138	5	1.00549
138	34	0.969016
138	37	0.946245
138	41	0.906052
138	49	0.916944
138	58	1.06907
138	59	1.04843
138	64	1.05028
138	74	0.9721
138	78	0.94456
138	80	1.06104
138	103	0.909954
138	116	1.03105
138	122	1.029
138	126	0.985583
138	128	1.01887
138	129	0.960968
138	136	1.02744
138	147	0.975908
138	149	1.00881
138	151	1.02432
138	155	1.03053
138	160	1.0142
138	163	1.02801
138	165	1.0175
138	166	1.00715
138	167	1.0047
138	170	0.996518
138	173	0.994895
138	176	1.0154
138	177	1.00233
138	180	1.02571
139	9	0.918984
139	12	0.926634
139	18	0.977533
139	32	1.13452
139	47	1.0502
139	52	1.01393
139	66	1.02516
139	70	0.949677
139	76	1.10054
139	79	1.01337
139	88	1.05266
139	89	1.03967
