1	7	1.37233
1	26	1.49707
1	50	1.31886
1	55	1.33357
1	75	0.426509
1	76	0.495471
1	77	0.49417
1	89	1.44552
1	109	1.40316
1	126	1.23254
1	166	0.506053
1	175	0.479041
2	71	0.452982
2	94	0.493142
2	110	1.36605
2	163	1.38937
2	165	1.3743
2	166	1.36346
2	169	0.482316
2	172	0.495792
2	175	1.37344
2	178	1.36689
2	179	0.476047
2	180	1.36621
3	7	1.41294
3	11	1.39471
3	23	0.518052
3	55	1.37418
3	89	1.48613
3	108	1.3118
3	113	0.471791
3	126	1.27315
3	155	0.469899
3	174	1.34752
3	177	0.476628
3	179	0.468765
4	16	0.475434
4	24	1.32095
4	43	1.3973
4	101	1.40948
4	106	1.35593
4	125	0.451163
4	131	1.37837
4	149	1.37305
4	151	0.500399
4	165	0.487795
4	176	1.36547
4	180	0.485887
5	39	0.451342
5	66	1.41362
5	97	0.469389
5	132	1.397
5	148	1.34178
5	150	1.33831
5	156	1.39602
5	158	1.3388
5	161	1.37426
5	162	0.488325
5	174	0.499358
5	176	0.495873
6	18	1.33094
6	19	1.32947
6	48	0.480362
6	81	0.461989
6	106	1.3801
6	112	1.40768
6	113	0.478803
6	131	1.40254
6	149	1.39722
6	166	0.492536
6	172	0.495522
6	174	1.35424
7	1	1.37233
7	3	1.41294
7	8	1.38867
7	31	0.431301
7	64	1.43817
7	93	1.3814
7	108	1.32224
7	120	0.47996
7	126	1.2836
7	136	0.497804
7	176	0.488454
7	180	0.506813
8	7	1.38867
8	9	1.39275
8	10	0.562727
8	36	0.510029
8	64	1.40345
8	80	0.430133
8	86	0.464188
8	89	1.46187
8	108	1.28753
8	109	1.41951
8	126	1.24888
8	175	0.438269
9	8	1.39275
9	11	1.40923
9	62	0.515962
9	91	1.36269
9	108	1.32632
9	109	1.4583
9	120	0.460312
9	126	1.28767
9	155	0.476996
9	163	0.474001
9	174	1.36205
9	179	0.475863
10	8	0.562727
10	16	0.620914
10	102	1.21744
10	135	1.24245
10	142	1.19369
10	157	1.20205
10	159	0.595725
10	160	0.620382
10	162	1.20493
10	172	1.1656
10	177	1.18191
10	179	1.19234
11	3	1.39471
11	9	1.40923
11	50	1.35169
11	55	1.36639
11	97	0.447427
11	108	1.30401
11	109	1.43599
11	117	0.494828
11	120	0.465416
11	148	0.508642
11	161	0.485032
11	174	1.33974
12	89	1.475
12	100	1.41293
12	108	1.30066
12	128	0.481621
12	143	0.491004
12	156	1.36704
12	157	1.37251
12	158	1.30982
12	160	0.47523
12	163	0.473051
12	178	0.480155
12	179	1.3628
13	61	1.34417
13	84	0.475946
13	92	0.488076
13	106	0.496302
13	155	1.3631
13	157	0.47326
13	159	1.40548
13	163	1.39041
13	167	0.460592
13	171	1.35446
13	175	1.37447
13	178	1.36792
14	55	0.468207
14	78	0.448142
14	112	0.462986
14	143	1.35413
14	145	1.33788
14	154	0.495953
14	161	0.517421
14	162	1.40514
14	170	1.37296
14	172	1.3658
14	179	1.39254
14	180	1.37164
15	39	0.48778
15	56	1.39213
15	73	1.26274
15	80	0.520979
15	96	1.36696
15	115	0.525327
15	132	1.30149
15	148	1.24626
15	150	1.24279
15	154	1.30937
15	161	1.27874
15	168	0.538313
15	176	0.532311
16	4	0.475434
16	10	0.620914
16	102	0.489498
16	118	1.25216
16	119	1.3583
16	123	1.35544
16	128	1.2993
16	136	0.509002
16	141	1.30387
16	143	1.26907
16	145	1.25282
16	152	1.3105
16	179	0.506708
17	59	0.463604
17	139	1.31913
17	144	1.25648
17	153	0.505232
17	166	0.550012
17	167	1.33521
17	168	1.29713
17	169	1.28763
17	171	0.540578
17	172	1.28705
17	177	1.30336
17	179	1.31379
17	180	0.544555
18	6	1.33094
18	57	1.25086
18	88	1.2952
18	97	1.35627
18	131	1.31754
18	144	0.546095
18	147	1.26717
18	149	1.31222
18	156	0.502755
18	169	0.52294
18	174	1.26925
18	175	0.506418
18	178	0.521913
19	6	1.32947
19	24	1.25865
19	88	1.29372
19	98	0.5054
19	109	0.486365
19	112	1.32121
19	131	1.31607
19	149	1.31075
19	153	0.529425
19	157	0.53421
19	162	0.542843
19	174	1.26777
19	176	1.30317
20	42	0.597848
20	44	1.23425
20	100	0.477761
20	115	0.504633
20	119	0.483877
20	146	0.534323
20	153	1.344
20	159	1.33145
20	160	1.30715
20	165	1.30131
20	170	1.29454
20	178	1.29389
20	180	1.29322
21	65	1.213
21	135	0.503513
21	136	1.33155
21	137	0.521061
21	139	0.519149
21	153	1.34492
21	157	0.511738
21	160	1.30807
21	171	1.28134
21	173	1.32502
21	175	1.30136
21	177	0.542836
21	178	1.29481
22	32	0.498252
22	56	0.383294
22	146	0.438202
22	154	0.405149
22	155	1.47536
22	161	0.426617
22	163	1.50267
22	166	1.47675
22	170	1.48083
22	171	1.46672
22	172	0.442297
22	173	1.51039
22	175	1.48673
23	3	0.518052
23	58	1.25197
23	59	0.485497
23	62	1.24352
23	88	1.30039
23	91	0.538518
23	101	1.35385
23	102	0.537937
23	106	1.3003
23	131	1.32274
23	149	1.31742
23	167	0.519243
23	176	1.30984
24	4	1.32095
24	19	1.25865
24	49	0.525571
24	62	1.2525
24	68	0.494218
24	88	1.30937
24	99	0.541298
24	114	0.511199
24	131	1.33172
24	147	1.28135
24	149	1.3264
24	176	1.31882
24	180	0.52828
25	110	0.462918
25	114	0.417851
25	118	1.45969
25	123	1.56297
25	124	1.44571
25	128	1.50683
25	130	0.412981
25	143	1.4766
25	145	1.46035
25	147	0.453674
25	170	0.425128
25	174	1.4886
25	180	0.434932
26	1	1.49707
26	33	0.497331
26	64	1.56291
26	91	1.48335
26	108	1.44698
26	126	1.40834
26	132	0.425162
26	157	1.51883
26	160	0.420608
26	171	0.427616
26	174	1.48271
26	176	0.413235
26	179	0.420291
27	31	0.485789
27	77	0.554874
27	80	1.36078
27	98	0.497952
27	99	1.25935
27	153	1.33249
27	154	0.532596
27	157	0.526763
27	163	1.30487
27	166	1.27895
27	171	1.26892
27	173	1.31259
27	180	1.28171
28	103	0.556886
28	105	1.34276
28	121	0.494454
28	124	1.25294
28	128	1.31407
28	130	0.50886
28	141	1.31863
28	143	1.28384
28	145	1.26758
28	152	1.32527
28	174	1.29583
28	178	0.524751
28	179	0.519509
29	68	1.34388
29	90	0.514688
29	118	1.2578
29	128	1.30495
29	134	0.513166
29	141	1.30951
29	145	1.25846
29	152	1.31614
29	157	1.32283
29	170	0.521674
29	171	0.5275
29	174	1.28671
29	178	0.525418
30	60	0.55904
30	75	1.39983
30	78	0.458039
30	103	1.21551
30	107	0.521724
30	137	1.3032
30	164	1.28713
30	167	1.31517
30	176	1.30273
30	177	1.28332
30	178	0.528495
30	179	1.29375
30	180	0.534555
31	7	0.431301
31	27	0.485789
31	42	0.520825
31	103	1.33754
31	110	0.480938
31	111	1.3895
31	120	1.45695
31	131	0.423589
31	146	1.39691
31	164	1.40917
31	166	0.458409
31	169	1.38963
31	177	1.40536
31	179	1.41578
32	22	0.498252
32	54	0.566327
32	56	1.36113
32	116	1.15742
32	132	1.27049
32	134	1.25416
32	147	0.611603
32	148	1.21526
32	150	1.21179
32	153	0.553538
32	156	1.2695
32	158	1.21228
32	161	1.24774
32	176	0.574503
33	26	0.497331
33	47	0.561047
33	58	0.582096
33	91	0.566271
33	98	1.32949
33	111	1.22852
33	117	1.22497
33	127	0.591079
33	146	1.23593
33	147	1.22631
33	169	1.22865
33	172	1.22807
33	177	1.24438
33	179	1.2548
34	71	0.542184
34	74	0.56275
34	105	1.27087
34	119	1.30117
34	123	1.2983
34	124	1.18104
34	128	1.24217
34	141	1.24674
34	143	1.21194
34	145	1.19569
34	152	1.25337
34	155	0.566382
34	169	0.571518
34	176	0.558192
35	40	0.455541
35	41	1.30707
35	78	0.418645
35	87	0.47602
35	100	1.46198
35	108	0.494103
35	131	0.465798
35	133	1.40532
35	146	1.39298
35	162	1.42445
35	168	1.3952
35	174	0.480288
35	177	1.40143
35	179	1.41185
36	8	0.510029
36	117	0.581229
36	136	1.26999
36	140	1.23702
36	142	0.558782
36	159	1.27081
36	163	1.25573
36	165	1.24067
36	169	0.573637
36	171	1.21978
36	175	1.2398
36	177	0.57523
36	178	1.23325
36	180	1.23258
37	54	0.4621
37	96	1.49488
37	101	0.440416
37	116	1.31634
37	142	0.468748
37	148	1.37418
37	150	1.37071
37	154	1.43729
37	156	1.42842
37	158	1.3712
37	161	1.40666
37	174	0.473761
37	176	0.470277
37	177	0.485195
38	45	1.46789
38	56	1.50656
38	83	0.601868
38	84	1.45432
38	86	0.453055
38	94	0.454483
38	116	1.30284
38	136	0.439682
38	148	1.36069
38	150	1.35722
38	153	0.409367
38	158	1.3577
38	161	1.39316
38	165	0.450598
39	5	0.451342
39	15	0.48778
39	95	1.38843
39	126	1.32899
39	132	0.459143
39	148	0.481947
39	158	0.458213
39	161	0.458338
39	163	1.43203
39	166	1.40612
39	172	1.40304
39	174	1.40336
39	179	1.42977
39	180	1.40887
40	35	0.455541
40	79	0.431816
40	81	0.463753
40	105	1.43364
40	118	1.3578
40	119	1.46394
40	141	1.40951
40	143	1.37471
40	145	1.35846
40	152	1.41614
40	171	0.484866
40	174	1.38671
40	178	0.482783
40	180	0.488843
41	35	1.30707
41	64	0.518223
41	104	1.26242
41	129	0.546483
41	142	1.24195
41	156	0.569042
41	164	1.23398
41	167	1.26201
41	168	1.22394
41	169	1.21444
41	172	1.21386
41	175	0.572706
41	179	1.24059
41	180	0.59426
42	20	0.597848
42	31	0.520825
42	47	1.24916
42	52	1.27687
42	71	1.27099
42	112	0.534665
42	132	1.25977
42	134	1.24344
42	137	0.571122
42	150	1.20107
42	156	1.25878
42	158	1.20156
42	161	1.23702
42	175	0.574782
43	4	1.3973
43	101	1.43919
43	106	1.38563
43	110	0.502815
43	112	1.41322
43	120	0.447976
43	131	1.40807
43	137	0.449614
43	148	0.491202
43	149	1.40275
43	159	0.439187
43	169	0.469796
43	174	1.35978
43	176	1.39518
44	20	1.23425
44	93	0.552047
44	100	0.521252
44	110	1.24446
44	132	0.567035
44	138	1.20012
44	145	0.576409
44	163	1.26778
44	166	1.24187
44	170	1.24594
44	172	0.581909
44	173	1.27551
44	178	1.24529
44	180	1.24462
45	38	1.46789
45	78	1.48855
45	89	0.420605
45	100	0.44371
45	116	1.29474
45	121	0.459567
45	133	0.495647
45	134	1.39148
45	154	1.41569
45	156	1.40683
45	158	1.3496
45	161	1.38506
45	179	0.484621
45	180	0.495924
46	97	0.441567
46	107	0.473578
46	116	1.32654
46	120	0.459556
46	133	0.486132
46	134	1.42327
46	148	1.38438
46	150	1.38091
46	154	1.44749
46	156	1.43862
46	158	1.3814
46	161	1.41686
46	175	0.464855
46	178	0.480349
47	33	0.561047
47	42	1.24916
47	86	0.499674
47	101	1.393
47	112	1.36703
47	122	0.449634
47	128	1.33183
47	144	0.513432
47	145	1.28534
47	149	1.35656
47	152	1.34303
47	154	1.35311
47	161	1.32248
47	164	0.482467
47	165	0.497217
48	6	0.480362
48	49	1.32498
48	94	1.3407
48	119	0.475648
48	146	1.32697
48	150	0.514834
48	154	0.493041
48	158	0.514384
48	162	1.35843
48	168	1.32918
48	169	1.31968
48	171	0.517768
48	172	1.3191
48	177	1.33541
48	179	1.34584
49	24	0.525571
49	48	1.32498
49	79	0.468727
49	98	1.3992
49	102	1.34963
49	121	0.489396
49	125	1.34593
49	153	0.48643
49	158	0.518392
49	160	0.514768
49	167	1.34594
49	169	1.29837
49	172	1.29779
49	177	1.3141
49	179	1.32452
50	1	1.31886
50	11	1.35169
50	55	1.33116
50	58	1.28203
50	89	1.44311
50	97	0.489642
50	98	0.471135
50	109	1.40075
50	112	0.472811
50	118	0.536345
50	125	0.499759
50	126	1.23013
50	140	0.529912
50	157	1.34063
50	174	1.3045
51	56	0.463078
51	69	1.36301
51	95	0.537747
51	108	0.512581
51	123	0.468106
51	138	1.2817
51	144	0.531761
51	155	1.32205
51	157	0.479101
51	160	1.34014
51	163	1.34936
51	173	1.35708
51	175	1.33342
51	178	1.32687
51	180	1.3262
52	42	1.27687
52	92	1.37108
52	116	1.25986
52	126	0.536744
52	134	1.3566
52	146	0.506145
52	148	1.31771
52	154	1.38081
52	156	1.37195
52	158	1.31472
52	161	1.35019
52	165	0.503704
52	173	0.481273
52	176	0.483438
52	179	0.490494
53	64	0.458043
53	72	0.526373
53	75	0.459994
53	77	0.527655
53	122	1.39
53	138	1.2822
53	140	1.33114
53	142	0.514193
53	155	1.32255
53	156	0.508863
53	170	1.32802
53	173	1.35759
53	175	1.33393
53	178	1.32737
53	180	1.3267
54	32	0.566327
54	37	0.4621
54	102	0.473416
54	129	1.36591
54	136	1.35192
54	153	1.36529
54	163	1.33766
54	166	1.31175
54	168	0.489572
54	170	1.31583
54	172	0.510371
54	175	1.32173
54	177	0.498488
54	178	1.31518
54	180	1.3145
55	1	1.33357
55	3	1.37418
55	11	1.36639
55	14	0.468207
55	50	1.33116
55	58	1.29673
55	83	0.62519
55	108	1.28348
55	109	1.41546
55	117	0.474573
55	126	1.24483
55	144	0.490136
55	157	1.35533
55	166	0.47747
55	177	0.468573
56	15	1.39213
56	22	0.383294
56	32	1.36113
56	38	1.50656
56	51	0.463078
56	71	1.4577
56	73	1.40773
56	92	1.44463
56	120	0.45105
56	147	0.496645
56	150	1.38778
56	154	1.45436
56	158	1.38827
56	174	0.46303
56	177	0.474463
56	178	0.471843
57	18	1.25086
57	62	1.24324
57	114	0.531411
57	141	1.29697
57	143	1.26217
57	149	1.31714
57	151	1.2616
57	152	1.3036
57	153	0.509169
57	163	0.535329
57	166	0.55395
57	169	1.27443
57	175	0.526938
57	177	1.29015
57	179	1.30058
57	180	0.548493
58	23	1.25197
58	33	0.582096
58	50	1.28203
58	55	1.29673
58	103	0.542433
58	126	1.19571
58	144	0.534481
58	149	1.31305
58	151	0.530871
58	152	0.50426
58	153	1.32638
58	170	1.27691
58	176	1.30547
58	178	1.27627
58	179	0.505056
58	180	1.27559
59	17	0.463604
59	23	0.485497
59	122	1.47845
59	138	1.37065
59	146	0.45186
59	151	0.462024
59	152	0.435413
59	153	1.46593
59	166	1.4124
59	170	1.41647
59	171	1.40236
59	172	0.455955
59	175	1.42238
59	177	0.444072
59	178	1.41582
59	180	1.41515
60	30	0.55904
60	72	0.54524
60	75	0.478862
60	87	1.29067
60	107	1.31054
60	117	0.555508
60	125	0.518224
60	138	1.22575
60	153	1.32104
60	165	1.27835
60	166	1.2675
60	168	0.540592
60	171	1.25746
60	173	1.30114
60	175	1.27748
60	180	1.27025
61	13	1.34417
61	83	1.14733
61	94	0.54777
61	104	0.525346
61	107	1.32079
61	110	1.28034
61	111	0.536256
61	128	0.537384
61	144	0.5601
61	166	1.27775
61	167	0.494772
61	170	1.28182
61	171	1.26771
61	173	1.31139
61	175	1.28773
61	180	1.2805
62	9	0.515962
62	23	1.24352
62	24	1.2525
62	57	1.24324
62	74	0.54346
62	88	1.28757
62	106	1.28748
62	112	1.31506
62	131	1.30992
62	147	1.25954
62	149	1.3046
62	153	0.517937
62	162	0.531354
62	168	0.544904
62	170	0.547456
62	176	1.29702
63	89	0.466181
63	126	0.576448
63	129	1.31413
63	130	1.31623
63	148	0.557873
63	152	0.529402
63	158	0.534139
63	163	1.28588
63	164	0.528657
63	165	1.27081
63	166	1.25997
63	170	1.26404
63	175	1.26995
63	176	1.2926
63	178	1.2634
63	180	1.26272
64	7	1.43817
64	8	1.40345
64	26	1.56291
64	41	0.518223
64	53	0.458043
64	89	1.51136
64	108	1.33703
64	109	1.469
64	117	0.454986
64	126	1.29838
64	152	0.440328
64	157	1.40887
64	165	0.454334
64	174	1.37275
64	176	0.434068
64	179	0.441124
65	21	1.213
65	76	1.21804
65	115	0.556455
65	121	1.30419
65	132	0.575365
65	140	1.22689
65	145	0.584739
65	160	1.23638
65	165	1.23054
65	166	1.21969
65	167	0.534591
65	173	1.25333
65	176	1.25233
65	177	0.578357
65	178	1.22312
65	179	0.570494
65	180	1.22245
66	5	1.41362
66	84	1.41086
66	130	0.471939
66	132	1.37245
66	134	1.35612
66	147	0.512631
66	148	1.31723
66	150	1.31375
66	154	1.38033
66	156	1.37147
66	158	1.31424
66	161	1.3497
66	170	0.484085
66	171	0.489912
66	174	0.479016
66	176	0.475531
66	180	0.493889
67	101	0.456852
67	102	0.476559
67	124	1.32298
67	135	0.462308
67	143	1.35387
67	146	0.509419
67	149	0.481405
67	150	1.33881
67	151	0.519583
67	152	1.3953
67	158	1.3393
67	161	1.37476
67	164	0.492228
67	170	1.37271
67	171	1.35859
67	178	1.37206
67	180	1.37138
68	24	0.494218
68	29	1.34388
68	74	0.480601
68	111	0.488679
68	118	1.32081
68	119	1.42696
68	123	1.42409
68	124	1.30684
68	128	1.36796
68	136	0.485393
68	137	0.469187
68	141	1.37253
68	143	1.33773
68	145	1.32148
68	151	0.508914
68	152	1.37916
68	176	0.476043
69	51	1.36301
69	72	0.492793
69	74	0.486701
69	102	0.47199
69	104	0.48387
69	118	0.502363
69	122	1.4037
69	136	1.37781
69	139	0.473375
69	159	1.37863
69	165	1.34849
69	171	1.32761
69	173	1.37129
69	174	0.485628
69	175	1.34763
69	178	1.34107
69	180	1.3404
70	87	1.37665
70	114	1.36854
70	126	0.51993
70	132	0.478551
70	140	1.36068
70	155	1.35209
70	164	0.472139
70	165	1.36433
70	168	0.472626
70	169	0.479949
70	170	1.35756
70	171	1.34344
70	172	0.493425
70	175	1.36346
70	177	0.481542
70	178	1.35691
70	180	1.35624
71	2	0.452982
71	34	0.542184
71	42	1.27099
71	56	1.4577
71	78	1.44779
71	132	1.36705
71	134	1.35072
71	135	0.451334
71	148	1.31183
71	150	1.30836
71	154	1.37493
71	156	1.36607
71	161	1.34431
71	166	0.499554
71	171	0.490119
71	176	0.475738
71	177	0.490657
72	53	0.526373
72	60	0.54524
72	69	0.492793
72	75	1.41512
72	79	0.463728
72	102	1.33414
72	139	1.31438
72	144	1.25174
72	148	0.537128
72	151	1.27006
72	164	1.30242
72	167	1.33046
72	168	1.29239
72	171	0.516778
72	172	1.2823
72	177	1.29861
72	179	1.30904
72	180	0.520755
73	15	1.26274
73	56	1.40773
73	85	0.548698
73	92	1.31523
73	96	1.38255
73	110	0.54526
73	114	0.500193
73	132	1.31708
73	133	0.516998
73	148	1.26186
73	150	1.25839
73	154	1.32496
73	156	1.3161
73	158	1.25887
73	160	0.506289
73	161	1.29434
73	162	0.491369
73	175	0.49572
74	34	0.56275
74	62	0.54346
74	68	0.480601
74	69	0.486701
74	81	1.35982
74	133	1.29995
74	135	1.3566
74	139	1.31182
74	144	1.24918
74	161	0.507427
74	162	1.31908
74	164	1.29986
74	167	1.3279
74	168	1.28983
74	170	0.504859
74	172	1.27975
74	179	1.30648
74	180	0.514663
75	1	0.426509
75	30	1.39983
75	53	0.459994
75	60	0.478862
75	72	1.41512
75	80	0.424687
75	99	0.467395
75	135	1.50157
75	138	0.480009
75	139	1.4568
75	144	1.39416
75	146	1.43259
75	149	0.430711
75	167	1.47288
75	168	1.43481
75	173	0.433854
75	177	1.44103
75	179	1.45146
76	1	0.495471
76	65	1.21804
76	88	0.50505
76	103	0.549413
76	121	1.38092
76	128	0.518745
76	129	1.35059
76	140	1.30362
76	156	0.498121
76	160	1.31312
76	165	1.30727
76	166	1.29643
76	170	1.3005
76	173	1.33007
76	177	0.519899
76	178	1.29985
76	179	0.512036
76	180	1.29918
77	1	0.49417
77	27	0.554874
77	53	0.527655
77	98	1.38351
77	100	1.35895
77	103	1.23058
77	119	0.47594
77	136	0.513029
77	139	1.31417
77	146	1.28995
77	160	0.511052
77	162	1.32142
77	165	0.523945
77	167	1.33025
77	169	1.28267
77	172	1.28209
77	177	1.2984
77	179	1.30882
78	14	0.448142
78	30	0.458039
78	35	0.418645
78	45	1.48855
78	71	1.44779
78	84	1.47498
78	96	1.50204
78	110	0.479933
78	132	1.43657
78	150	1.37788
78	154	1.44445
78	156	1.43559
78	158	1.37837
78	161	1.41383
78	166	0.457404
78	177	0.448507
78	179	0.440645
78	180	0.451947
79	40	0.431816
79	49	0.468727
79	72	0.463728
79	95	0.495545
79	99	1.41524
79	105	0.445767
79	112	0.409765
79	129	1.489
79	131	0.442074
79	138	1.3931
79	140	1.44204
79	157	0.436899
79	165	1.44569
79	170	1.43892
79	171	1.4248
79	173	1.46848
79	175	1.44482
79	180	1.4376
80	8	0.430133
80	15	0.520979
80	27	1.36078
80	75	0.424687
80	85	1.33724
80	104	0.482142
80	114	1.39497
80	142	0.478886
80	145	0.501716
80	159	1.42089
80	160	1.3966
80	162	0.472868
80	164	0.485931
80	166	1.3799
80	170	1.38398
80	171	1.36986
80	175	1.38988
80	178	1.38333
80	180	1.38266
81	6	0.461989
81	40	0.463753
81	74	1.35982
81	106	0.491877
81	119	0.457275
81	123	0.45784
81	148	1.34872
81	149	0.479707
81	152	0.491275
81	156	1.40296
81	161	1.3812
81	163	1.40098
81	164	1.3921
81	165	1.38591
81	169	1.37257
81	174	0.4885
81	178	1.3785
81	179	1.39872
81	180	1.37782
82	95	1.23069
82	125	1.29343
82	133	1.26549
82	135	1.32214
82	141	0.539406
82	142	1.27338
82	143	0.558567
82	146	1.25315
82	147	1.24353
82	155	0.543609
82	156	0.52856
82	162	1.28462
82	168	1.25537
82	169	1.24587
82	171	0.549801
82	175	0.532224
82	177	1.2616
82	178	0.547718
82	179	1.27202
83	38	0.601868
83	55	0.62519
83	61	1.14733
83	95	1.14997
83	109	0.599258
83	112	0.619969
83	124	1.12201
83	128	1.18313
83	141	1.1877
83	145	1.13665
83	150	0.674729
83	152	1.19433
83	158	0.674279
83	168	1.17466
83	172	1.16458
83	173	1.2013
83	175	1.17764
83	179	1.19131
83	180	1.17041
84	13	0.475946
84	38	1.45432
84	66	1.41086
84	78	1.47498
84	107	0.483781
84	115	0.47127
84	116	1.28118
84	120	0.469759
84	122	0.450936
84	132	1.39424
84	134	1.37791
84	148	1.33902
84	150	1.33555
84	154	1.40212
84	156	1.39326
84	158	1.33604
84	160	0.485626
84	176	0.478253
84	178	0.490552
85	73	0.548698
85	80	1.33724
85	99	1.23581
85	114	1.27048
85	129	1.30957
85	138	1.21367
85	140	1.26261
85	145	0.562829
85	152	0.547788
85	155	1.25402
85	157	0.525349
85	158	0.552525
85	165	1.26626
85	167	0.512681
85	171	1.24537
85	174	0.545013
85	176	1.28805
85	178	1.25884
85	180	1.25817
86	8	0.464188
86	38	0.453055
86	47	0.499674
86	99	1.29173
86	106	0.521332
86	114	1.3264
86	122	1.37739
86	129	1.3655
86	141	0.518456
86	149	0.509162
86	152	0.520729
86	153	1.36487
86	156	0.50761
86	159	1.35232
86	166	1.31134
86	170	1.31541
86	173	1.34498
86	175	1.32132
86	178	1.31476
86	180	1.31409
87	35	0.47602
87	60	1.29067
87	70	1.37665
87	111	0.5036
87	128	0.504728
87	129	1.3754
87	133	0.509046
87	138	1.27949
87	139	0.482196
87	151	0.523835
87	153	1.37478
87	155	1.31985
87	160	1.33793
87	164	0.496479
87	169	0.504289
87	171	1.3112
87	175	1.33122
87	176	1.35388
87	178	1.32467
87	180	1.32399
88	18	1.2952
88	19	1.29372
88	23	1.30039
88	24	1.30937
88	62	1.28757
88	76	0.50505
88	101	1.39791
88	106	1.34435
88	112	1.37194
88	113	0.501899
88	131	1.36679
88	137	0.48496
88	149	1.36147
88	150	0.503263
88	171	0.506197
88	174	1.3185
88	175	0.488621
88	176	1.3539
88	178	0.504115
88	180	0.510175
89	1	1.44552
89	3	1.48613
89	8	1.46187
89	12	1.475
89	45	0.420605
89	50	1.44311
89	63	0.466181
89	64	1.51136
89	108	1.39544
89	109	1.52742
89	120	0.426291
89	126	1.35679
89	127	0.450023
89	147	0.471886
89	157	1.46729
89	163	0.439981
89	165	0.455052
89	174	1.43116
89	176	0.434786
89	179	0.441842
90	29	0.514688
90	94	1.33562
90	115	1.33572
90	123	0.466141
90	125	1.36216
90	133	1.33422
90	141	0.497301
90	144	1.28345
90	145	0.514616
90	160	0.500688
90	162	1.35335
90	164	1.33414
90	167	1.36217
90	169	1.3146
90	171	0.507696
90	172	1.31402
90	173	0.49115
90	177	1.33033
90	178	0.505614
90	179	1.34075
91	9	1.36269
91	23	0.538518
91	26	1.48335
91	33	0.566271
91	94	0.506326
91	98	0.437185
91	100	0.448319
91	109	1.38945
91	133	0.500256
91	141	1.316
91	143	1.2812
91	145	1.26495
91	151	0.515045
91	152	1.32263
91	159	1.33695
91	163	1.32187
91	173	1.3296
91	174	1.2932
91	178	1.29939
91	179	0.489231
92	13	0.488076
92	52	1.37108
92	56	1.44463
92	73	1.31523
92	111	0.503019
92	116	1.24092
92	117	0.511301
92	121	0.472384
92	132	1.35398
92	134	1.33766
92	146	0.513089
92	147	0.527483
92	148	1.29876
92	150	1.29529
92	154	1.36187
92	156	1.353
92	157	0.474204
92	158	1.29578
92	161	1.33124
92	166	0.514198
93	7	1.3814
93	44	0.552047
93	94	0.512836
93	123	1.39036
93	124	1.2731
93	126	1.24162
93	127	1.32272
93	131	1.36428
93	143	1.30399
93	149	1.35896
93	152	1.34542
93	157	1.35211
93	159	0.471402
93	161	0.499807
93	167	0.459838
93	169	0.502011
93	172	0.515487
93	173	0.486521
93	174	1.31599
93	176	1.35139
94	2	0.493142
94	38	0.454483
94	48	1.3407
94	61	0.54777
94	90	1.33562
94	91	0.506326
94	93	0.512836
94	112	0.472584
94	133	1.33371
94	135	1.39035
94	144	1.28294
94	159	0.498614
94	164	1.33362
94	167	1.36166
94	168	1.32359
94	169	1.31409
94	172	1.31351
94	173	0.513733
94	177	1.32981
94	179	1.34024
95	39	1.38843
95	51	0.537747
95	79	0.495545
95	82	1.23069
95	83	1.14997
95	96	0.505778
95	113	1.30601
95	125	1.32545
95	129	0.504794
95	135	1.35415
95	140	0.548001
95	144	1.24674
95	151	1.26506
95	159	0.516929
95	163	0.539408
95	164	1.29742
95	165	0.554479
95	167	1.32546
95	176	1.31302
95	177	1.29361
95	179	1.30404
96	15	1.36696
96	37	1.49488
96	73	1.38255
96	78	1.50204
96	95	0.505778
96	100	0.429456
96	116	1.30823
96	134	1.40497
96	139	0.454543
96	148	1.36608
96	150	1.36261
96	154	1.42918
96	156	1.42032
96	158	1.36309
96	160	0.470685
96	161	1.39855
96	163	0.468506
96	164	0.468827
96	170	0.471866
96	173	0.461147
96	179	0.470368
97	5	0.469389
97	11	0.447427
97	18	1.35627
97	46	0.441567
97	50	0.489642
97	100	1.45611
97	123	0.438089
97	127	1.3863
97	142	1.40734
97	148	0.499995
97	149	1.42254
97	150	0.47671
97	153	1.43587
97	154	0.454917
97	158	0.47626
97	160	1.39902
97	170	1.38641
97	172	1.37925
97	174	1.37957
97	178	1.38576
97	179	1.40598
98	19	0.5054
98	27	0.497952
98	33	1.32949
98	49	1.3992
98	50	0.471135
98	77	1.38351
98	91	0.437185
98	106	0.45362
98	127	0.461994
98	133	1.41353
98	142	1.42142
98	148	0.481488
98	151	1.38108
98	153	0.425792
98	164	1.41344
98	167	1.44148
98	169	1.39391
98	172	1.39333
98	177	1.40964
98	179	1.42006
98	180	0.465115
99	24	0.541298
99	27	1.25935
99	75	0.467395
99	79	1.41524
99	85	1.23581
99	86	1.29173
99	115	0.516139
99	116	0.583745
99	117	0.544041
99	140	1.28566
99	155	1.27708
99	159	1.31946
99	160	1.29516
99	162	0.515576
99	165	1.28931
99	166	1.27847
99	167	0.494276
99	169	0.536448
99	170	1.28254
99	175	1.28845
99	180	1.28122
100	12	1.41293
100	20	0.477761
100	35	1.46198
100	44	0.521252
100	45	0.44371
100	77	1.35895
100	91	0.448319
100	96	0.429456
100	97	1.45611
100	104	1.41733
100	111	1.36922
100	139	1.40085
100	140	0.471678
100	151	1.35653
100	155	0.46608
100	165	0.478157
100	167	1.41693
100	169	1.36935
100	170	0.466445
100	177	1.38508
100	179	1.39551
101	4	1.40948
101	23	1.35385
101	37	0.440416
101	43	1.43919
101	47	1.393
101	67	0.456852
101	88	1.39791
101	106	1.39781
101	112	1.4254
101	131	1.42025
101	140	0.475674
101	143	0.485034
101	147	1.36988
101	149	1.41493
101	151	0.494757
101	154	0.45154
101	159	0.444603
101	174	1.37196
101	176	1.40736
101	177	0.476805
101	178	0.474185
102	10	1.21744
102	16	0.489498
102	23	0.537937
102	49	1.34963
102	54	0.473416
102	67	0.476559
102	69	0.47199
102	72	1.33414
102	135	1.4206
102	137	1.37994
102	139	1.37582
102	140	0.495381
102	144	1.31318
102	150	0.49304
102	154	0.471247
102	164	1.36387
102	167	1.3919
102	170	0.490147
102	172	1.34375
102	176	1.37947
102	177	1.36006
102	179	1.37048
103	28	0.556886
103	30	1.21551
103	31	1.33754
103	58	0.542433
103	76	0.549413
103	77	1.23058
103	104	1.28896
103	117	1.2373
103	140	0.549967
103	145	0.55748
103	147	1.23864
103	151	1.22816
103	162	1.27974
103	165	0.556445
103	167	1.28856
103	168	1.25049
103	169	1.24098
103	172	1.2404
103	174	0.539665
103	177	1.25671
103	178	0.548478
103	179	1.26714
104	41	1.26242
104	61	0.525346
104	69	0.48387
104	80	0.482142
104	100	1.41733
104	103	1.28896
104	112	0.45016
104	134	0.49352
104	135	1.41732
104	136	0.502823
104	139	1.37255
104	144	1.3099
104	149	0.488166
104	151	1.32822
104	153	0.472508
104	162	1.3798
104	164	1.36059
104	167	1.38863
104	168	1.35055
104	170	0.502028
104	177	1.35678
104	179	1.3672
105	28	1.34276
105	34	1.27087
105	40	1.43364
105	79	0.445767
105	118	1.31058
105	119	1.41672
105	120	1.40707
105	123	1.41386
105	124	1.2966
105	141	1.36229
105	143	1.32749
105	145	1.31124
105	152	1.36892
105	160	0.491809
105	161	0.495558
105	165	0.504702
105	166	0.508252
105	170	0.49299
105	174	1.33948
105	175	0.48124
105	176	0.484436
105	177	0.499355
106	4	1.35593
106	6	1.3801
106	13	0.496302
106	23	1.3003
106	43	1.38563
106	62	1.28748
106	81	0.491877
106	86	0.521332
106	88	1.34435
106	98	0.45362
106	101	1.39781
106	112	1.37184
106	121	0.48061
106	130	1.37743
106	131	1.3667
106	149	1.36138
106	153	0.477644
106	155	0.506799
106	167	0.469762
106	168	0.504611
106	174	1.31841
106	176	1.3538
107	30	0.521724
107	46	0.473578
107	60	1.31054
107	61	1.32079
107	84	0.483781
107	109	0.433249
107	121	1.42561
107	136	1.38128
107	139	0.488506
107	140	1.34831
107	142	0.495745
107	150	0.508721
107	155	1.33972
107	159	1.3821
107	162	0.489727
107	165	1.35196
107	170	1.34519
107	171	1.33108
107	173	1.37475
107	174	0.500759
107	178	1.34454
107	180	1.34387
108	3	1.3118
108	7	1.32224
108	8	1.28753
108	9	1.32632
108	11	1.30401
108	12	1.30066
108	26	1.44698
108	35	0.494103
108	51	0.512581
108	55	1.28348
108	64	1.33703
108	89	1.39544
108	109	1.35308
108	120	0.500553
108	126	1.18246
108	147	0.546148
108	149	0.50374
108	154	0.498701
108	157	1.29295
108	166	0.532863
108	173	0.506882
108	174	1.25683
108	176	0.509047
109	1	1.40316
109	8	1.41951
109	9	1.4583
109	11	1.43599
109	19	0.486365
109	50	1.40075
109	55	1.41546
109	64	1.469
109	83	0.599258
109	89	1.52742
109	91	1.38945
109	107	0.433249
109	108	1.35308
109	126	1.31443
109	130	0.42413
109	140	0.44151
109	144	0.464203
109	147	0.464822
109	156	0.420862
109	157	1.42493
109	174	1.3888
109	175	0.424526
109	180	0.44608
110	2	1.36605
110	25	0.462918
110	31	0.480938
110	43	0.502815
110	44	1.24446
110	61	1.28034
110	73	0.54526
110	78	0.479933
110	122	1.36672
110	125	0.521725
110	128	0.551855
110	136	1.34083
110	155	1.29927
110	160	1.31736
110	163	1.32658
110	166	1.30067
110	167	0.509244
110	170	1.30474
110	173	1.33431
110	175	1.31065
110	178	1.30409
110	179	0.545147
110	180	1.30342
111	31	1.3895
111	33	1.22852
111	61	0.536256
111	68	0.488679
111	87	0.5036
111	92	0.503019
111	100	1.36922
111	137	1.32855
111	139	1.32444
111	142	1.32045
111	148	0.539114
111	151	1.28011
111	154	0.494037
111	162	1.33169
111	163	0.509577
111	164	1.31248
111	168	1.30244
111	169	1.29294
111	172	1.29236
111	174	0.507868
111	177	1.30867
111	178	0.516681
111	179	1.31909
112	6	1.40768
112	14	0.462986
112	19	1.32121
112	42	0.534665
112	43	1.41322
112	47	1.36703
112	50	0.472811
112	62	1.31506
112	79	0.409765
112	83	0.619969
112	88	1.37194
112	94	0.472584
112	101	1.4254
112	104	0.45016
112	106	1.37184
112	127	1.35272
112	131	1.39428
112	137	0.441577
112	147	1.34391
112	149	1.38896
112	172	0.475234
112	174	1.34599
112	176	1.38139
112	178	0.460732
113	3	0.471791
113	6	0.478803
113	88	0.501899
113	95	1.30601
113	115	1.34231
113	119	0.47409
113	124	0.543038
113	131	0.490824
113	141	0.505815
113	143	0.524977
113	146	1.32847
113	148	1.29735
113	149	0.496522
113	153	1.37723
113	154	1.36045
113	156	1.35159
113	158	1.29436
113	160	1.34038
113	161	1.32982
113	174	0.505314
113	175	1.33367
113	177	1.33692
113	178	1.32712
113	179	1.34734
113	180	1.32645
114	24	0.511199
114	25	0.417851
114	57	0.531411
114	70	1.36854
114	73	0.500193
114	80	1.39497
114	85	1.27048
114	86	1.3264
114	122	1.37919
114	131	0.482019
114	136	1.3533
114	144	0.529505
114	148	0.527755
114	150	0.50447
114	155	1.31174
114	160	1.32983
114	162	0.485477
114	163	1.33905
114	165	1.32398
114	166	1.31314
114	169	0.506349
114	171	1.3031
114	173	1.34678
114	175	1.32312
114	180	1.31589
115	15	0.525327
115	20	0.504633
115	65	0.556455
115	84	0.47127
115	90	1.33572
115	99	0.516139
115	113	1.34231
115	117	1.31051
115	125	1.36175
115	137	1.34979
115	140	0.498551
115	142	1.3417
115	146	1.32147
115	151	1.30136
115	154	0.474417
115	156	0.477904
115	160	0.492136
115	162	1.35294
115	167	1.36176
115	168	1.32369
115	169	1.31419
115	172	1.31361
115	173	0.482598
115	177	1.32992
115	179	1.34034
116	32	1.15742
116	37	1.31634
116	38	1.30284
116	45	1.29474
116	46	1.32654
116	52	1.25986
116	84	1.28118
116	92	1.24092
116	96	1.30823
116	99	0.583745
116	120	0.543874
116	132	1.24277
116	144	0.58885
116	148	1.18754
116	150	1.18407
116	154	1.25065
116	156	1.24178
116	157	0.536189
116	158	1.18456
116	159	0.535085
116	161	1.22002
116	167	0.523521
116	172	0.57917
116	176	0.552369
116	179	0.559425
117	11	0.494828
117	33	1.22497
117	36	0.581229
117	55	0.474573
117	60	0.555508
117	64	0.454986
117	92	0.511301
117	99	0.544041
117	103	1.2373
117	115	1.31051
117	125	1.33695
117	127	0.527902
117	139	1.32089
117	146	1.29667
117	151	1.27656
117	162	1.32814
117	164	1.30893
117	166	0.53648
117	167	1.33697
117	168	1.29889
117	169	1.28939
117	170	0.521219
117	172	1.28881
117	176	1.32453
117	177	1.30512
117	179	1.31554
118	16	1.25216
118	25	1.45969
118	29	1.2578
118	40	1.3578
118	50	0.536345
118	68	1.32081
118	69	0.502363
118	105	1.31058
118	119	1.34088
118	120	1.33122
118	123	1.33801
118	124	1.22075
118	128	1.28188
118	141	1.28645
118	143	1.25165
118	144	0.548448
118	145	1.2354
118	147	0.549067
118	152	1.29308
118	163	0.517161
118	167	0.483119
118	170	0.520521
118	171	0.526348
118	173	0.509802
118	174	1.26364
118	176	0.511967
119	16	1.3583
119	20	0.483877
119	34	1.30117
119	40	1.46394
119	48	0.475648
119	68	1.42696
119	77	0.47594
119	81	0.457275
119	105	1.41672
119	113	0.47409
119	118	1.34088
119	120	1.43737
119	121	0.446008
119	123	1.44416
119	124	1.3269
119	128	1.38802
119	137	0.457151
119	141	1.39259
119	143	1.35779
119	145	1.34154
119	147	0.501107
119	152	1.39922
119	157	1.40591
119	165	0.484273
119	171	0.478388
119	179	0.471063
120	7	0.47996
120	9	0.460312
120	11	0.465416
120	31	1.45695
120	43	0.447976
120	46	0.459556
120	56	0.45105
120	84	0.469759
120	89	0.426291
120	105	1.40707
120	108	0.500553
120	116	0.543874
120	118	1.33122
120	119	1.43737
120	122	1.42894
120	132	0.495179
120	145	1.33189
120	152	1.38957
120	162	1.39914
120	166	1.3629
120	168	1.36989
120	171	1.35286
120	173	1.39654
120	175	1.37287
120	177	1.37612
120	179	1.38655
121	28	0.494454
121	45	0.459567
121	49	0.489396
121	65	1.30419
121	76	1.38092
121	92	0.472384
121	106	0.48061
121	107	1.42561
121	119	0.446008
121	133	0.491829
121	138	1.34083
121	142	0.472219
121	153	1.43611
121	155	1.38118
121	156	0.466888
121	165	1.39342
121	166	1.38257
121	167	0.4449
121	168	0.47975
121	170	1.38665
121	171	1.37253
121	173	1.41621
121	175	1.39255
121	176	1.41521
121	178	1.386
121	180	1.38533
122	47	0.449634
122	53	1.39
122	59	1.47845
122	69	1.4037
122	84	0.450936
122	86	1.37739
122	110	1.36672
122	114	1.37919
122	120	1.42894
122	132	0.476356
122	133	0.482511
122	140	1.37132
122	144	0.50091
122	146	0.487135
122	154	0.454083
122	161	0.475551
122	164	0.469944
122	165	1.37497
122	170	1.3682
122	171	1.35409
122	173	1.39777
122	175	1.3741
122	177	0.479347
122	178	1.36755
122	179	0.471485
122	180	1.36688
123	16	1.35544
123	25	1.56297
123	34	1.2983
123	51	0.468106
123	68	1.42409
123	81	0.45784
123	90	0.466141
123	93	1.39036
123	97	0.438089
123	105	1.41386
123	118	1.33801
123	119	1.44416
123	124	1.32403
123	132	0.476499
123	136	0.473922
123	141	1.38973
123	143	1.35493
123	145	1.33868
123	147	0.501673
123	152	1.39636
123	157	1.40304
123	165	0.484838
123	172	0.491374
123	174	1.36692
123	176	0.464572
123	180	0.482931
124	25	1.44571
124	28	1.25294
124	34	1.18104
124	67	1.32298
124	68	1.30684
124	83	1.12201
124	93	1.2731
124	105	1.2966
124	113	0.543038
124	118	1.22075
124	119	1.3269
124	123	1.32403
124	128	1.2679
124	139	0.524187
124	141	1.27247
124	143	1.23767
124	145	1.22142
124	147	0.570056
124	150	0.544402
124	152	1.2791
124	155	0.541145
124	164	0.538471
124	167	0.504108
124	171	0.547337
124	172	0.559757
124	174	1.24966
124	175	0.52976
125	4	0.451163
125	49	1.34593
125	50	0.499759
125	60	0.518224
125	82	1.29343
125	90	1.36216
125	95	1.32545
125	110	0.521725
125	115	1.36175
125	117	1.33695
125	128	0.489145
125	132	0.487308
125	133	1.36026
125	137	1.37624
125	142	1.36814
125	143	0.498529
125	151	1.3278
125	163	0.480576
125	167	1.38821
125	168	1.35013
125	169	1.34063
125	171	0.489762
125	172	1.34005
125	175	0.472185
125	177	1.35636
125	179	1.36679
125	180	0.493739
126	1	1.23254
126	3	1.27315
126	7	1.2836
126	8	1.24888
126	9	1.28767
126	26	1.40834
126	39	1.32899
126	50	1.23013
126	52	0.536744
126	55	1.24483
126	58	1.19571
126	63	0.576448
126	64	1.29838
126	70	0.51993
126	89	1.35679
126	93	1.24162
126	108	1.18246
126	109	1.31443
126	129	0.515634
126	139	0.536284
126	157	1.2543
126	167	0.516205
126	174	1.21818
126	175	0.541857
126	176	0.545053
126	179	0.552109
126	180	0.563411
127	33	0.591079
127	89	0.450023
127	93	1.32272
127	97	1.3863
127	98	0.461994
127	112	1.35272
127	117	0.527902
127	134	1.31459
127	136	1.34221
127	137	0.500128
127	140	1.30924
127	146	0.52969
127	147	1.2972
127	148	1.2757
127	149	1.34226
127	154	1.3388
127	156	1.32994
127	157	0.490804
127	158	1.27271
127	162	0.499437
127	164	0.512499
127	165	1.31289
127	169	0.520309
127	170	1.30612
127	171	1.292
127	174	1.29928
127	179	0.51404
127	180	1.3048
128	12	0.481621
128	16	1.2993
128	25	1.50683
128	28	1.31407
128	29	1.30495
128	34	1.24217
128	47	1.33183
128	61	0.537384
128	68	1.36796
128	76	0.518745
128	83	1.18313
128	87	0.504728
128	110	0.551855
128	118	1.28188
128	119	1.38802
128	124	1.2679
128	125	0.489145
128	141	1.33359
128	143	1.29879
128	145	1.28254
128	152	1.34022
128	154	0.495165
128	157	1.34691
128	159	0.488227
128	168	0.511513
128	169	0.518836
128	174	1.31079
128	175	0.502315
129	41	0.546483
129	54	1.36591
129	63	1.31413
129	76	1.35059
129	79	1.489
129	85	1.30957
129	86	1.3655
129	87	1.3754
129	95	0.504794
129	126	0.515634
129	133	0.480409
129	143	0.485475
129	145	0.483628
129	149	0.45702
129	155	1.35084
129	156	0.455468
129	157	0.446148
129	159	1.39322
129	160	1.36893
129	164	0.467843
129	165	1.36308
129	166	1.35224
129	169	0.475653
129	171	1.3422
129	173	1.38588
129	175	1.36222
129	177	0.477246
129	178	1.35566
129	180	1.35499
130	25	0.412981
130	28	0.50886
130	63	1.31623
130	66	0.471939
130	106	1.37743
130	109	0.42413
130	131	1.39987
130	134	0.488201
130	137	1.38745
130	143	0.511302
130	147	1.3495
130	148	0.522886
130	149	1.39455
130	150	0.499601
130	152	0.494414
130	154	0.477808
130	156	0.481295
130	158	0.499151
130	160	1.37103
130	164	1.37137
130	165	1.36519
130	168	1.36134
130	169	1.35184
130	170	1.35842
130	172	1.35126
130	174	1.35158
130	178	1.35777
130	179	1.37799
130	180	1.3571
131	4	1.37837
131	6	1.40254
131	18	1.31754
131	19	1.31607
131	23	1.32274
131	24	1.33172
131	31	0.423589
131	35	0.465798
131	43	1.40807
131	62	1.30992
131	79	0.442074
131	88	1.36679
131	93	1.36428
131	101	1.42025
131	106	1.3667
131	112	1.39428
131	113	0.490824
131	114	0.482019
131	130	1.39987
131	138	0.524733
131	145	0.502043
131	149	1.38382
131	155	0.488932
131	166	0.504558
131	168	0.486744
131	174	1.34084
131	176	1.37624
131	178	0.493041
131	180	0.499101
132	5	1.397
132	15	1.30149
132	26	0.425162
132	32	1.27049
132	39	0.459143
132	42	1.25977
132	44	0.567035
132	65	0.575365
132	66	1.37245
132	70	0.478551
132	71	1.36705
132	73	1.31708
132	78	1.43657
132	84	1.39424
132	92	1.35398
132	116	1.24277
132	120	0.495179
132	122	0.476356
132	123	0.476499
132	125	0.487308
132	134	1.3395
132	137	0.496817
132	138	0.547664
132	148	1.30061
132	150	1.29714
132	154	1.36371
132	156	1.35485
132	158	1.29762
132	161	1.33309
132	178	0.515972
133	35	1.40532
133	45	0.495647
133	46	0.486132
133	73	0.516998
133	74	1.29995
133	82	1.26549
133	87	0.509046
133	90	1.33422
133	91	0.500256
133	94	1.33371
133	98	1.41353
133	121	0.491829
133	122	0.482511
133	125	1.36026
133	129	0.480409
133	134	0.509875
133	137	1.3483
133	142	1.3402
133	144	1.28154
133	146	1.31998
133	159	0.492545
133	162	1.35145
133	164	1.33223
133	168	1.3222
133	169	1.31269
133	172	1.31211
133	173	0.507663
133	177	1.32842
133	179	1.33885
133	180	0.528187
134	29	0.513166
134	32	1.25416
134	42	1.24344
134	45	1.39148
134	46	1.42327
134	52	1.3566
134	66	1.35612
134	71	1.35072
134	84	1.37791
134	92	1.33766
134	96	1.40497
134	104	0.49352
134	127	1.31459
134	130	0.488201
134	132	1.3395
134	133	0.509875
134	135	0.467389
134	145	0.513094
134	148	1.28428
134	150	1.28081
134	154	1.34739
134	156	1.33852
134	158	1.2813
134	161	1.31676
134	163	0.496988
134	166	0.515609
134	172	0.518595
134	173	0.489629
134	175	0.488598
134	177	0.506712
135	10	1.24245
135	21	0.503513
135	67	0.462308
135	71	0.451334
135	74	1.3566
135	75	1.50157
135	82	1.32214
135	94	1.39035
135	95	1.35415
135	102	1.4206
135	104	1.41732
135	134	0.467389
135	136	0.476693
135	138	0.511333
135	142	1.39685
135	144	1.33819
135	151	1.35651
135	156	0.460483
135	163	0.472537
135	164	1.38887
135	165	0.487608
135	166	0.491158
135	167	1.41691
135	168	1.37884
135	169	1.36934
135	170	0.475897
135	172	1.36876
135	173	0.465178
135	177	1.38507
135	178	0.479641
135	179	1.39549
136	7	0.497804
136	16	0.509002
136	21	1.33155
136	36	1.26999
136	38	0.439682
136	54	1.35192
136	68	0.485393
136	69	1.37781
136	77	0.513029
136	104	0.502823
136	107	1.38128
136	110	1.34083
136	114	1.3533
136	123	0.473922
136	127	1.34221
136	135	0.476693
136	137	0.494241
136	139	0.492328
136	140	1.34544
136	142	0.499568
136	155	1.33685
136	159	1.37923
136	160	1.35493
136	163	1.36415
136	164	0.506612
136	166	1.33824
136	168	0.507099
136	170	1.34232
136	171	1.3282
136	173	1.37188
136	175	1.34822
136	180	1.341
137	21	0.521061
137	30	1.3032
137	42	0.571122
137	43	0.449614
137	68	0.469187
137	88	0.48496
137	102	1.37994
137	111	1.32855
137	112	0.441577
137	115	1.34979
137	119	0.457151
137	125	1.37624
137	127	0.500128
137	130	1.38745
137	132	0.496817
137	133	1.3483
137	136	0.494241
137	142	1.35619
137	144	1.29753
137	146	1.33596
137	151	1.31585
137	162	1.36743
137	164	1.34821
137	165	0.505156
137	166	0.508706
137	167	1.37625
137	168	1.33818
137	172	1.3281
137	176	1.36382
137	177	1.34441
137	179	1.35483
137	180	0.503249
138	44	1.20012
138	51	1.2817
138	53	1.2822
138	59	1.37065
138	60	1.22575
138	75	0.480009
138	79	1.3931
138	85	1.21367
138	87	1.27949
138	121	1.34083
138	131	0.524733
138	132	0.547664
138	135	0.511333
138	142	0.534208
138	150	0.547184
138	153	1.30987
138	155	1.25494
138	159	1.29732
138	163	1.28224
138	164	0.541253
138	165	1.26717
138	166	1.25633
138	167	0.50689
138	168	0.541739
138	169	0.549063
138	171	1.24629
138	172	0.562538
138	173	1.28997
138	176	1.28896
138	177	0.550656
138	178	1.25976
138	180	1.25908
139	17	1.31913
139	21	0.519149
139	69	0.473375
139	72	1.31438
139	74	1.31182
139	75	1.4568
139	77	1.31417
139	87	0.482196
139	96	0.454543
139	100	1.40085
139	102	1.37582
139	104	1.37255
139	107	0.488506
139	111	1.32444
139	117	1.32089
139	124	0.524187
139	126	0.536284
139	136	0.492328
139	146	1.33185
139	149	0.477671
139	155	0.491168
139	157	1.36043
139	159	0.465695
139	161	0.4941
139	162	1.36332
139	168	1.33407
139	169	1.32456
139	172	1.32398
139	176	1.3597
139	177	1.34029
139	179	1.35072
139	180	0.501337
140	36	1.23702
140	50	0.529912
140	53	1.33114
140	65	1.22689
140	70	1.36068
140	76	1.30362
140	79	1.44204
140	85	1.26261
140	95	0.548001
140	99	1.28566
140	100	0.471678
140	101	0.475674
140	102	0.495381
140	103	0.549967
140	107	1.34831
140	109	0.44151
140	115	0.498551
140	122	1.37132
140	127	1.30924
140	136	1.34544
140	144	0.542015
