1	22	1.20339
1	65	0.563308
1	109	1.16786
1	124	0.503566
1	125	0.510456
1	163	1.08353
1	166	1.13764
1	172	1.05134
1	174	0.938878
1	177	0.981483
1	178	1.03547
1	180	1.00386
2	61	1.03954
2	81	1.08033
2	85	1.10318
2	87	1.08033
2	96	1.09656
2	108	0.707546
2	132	0.911385
2	157	1.09484
2	162	1.30036
2	164	0.947134
2	170	1.5035
2	176	0.958073
3	69	1.03456
3	73	1.06941
3	105	0.981732
3	109	1.05152
3	119	1.06617
3	132	1.07286
3	135	1.04689
3	136	1.0657
3	137	1.03993
3	138	1.06793
3	139	1.06225
3	172	1.26758
4	70	1.41452
4	94	1.22018
4	101	0.956117
4	116	0.946889
4	118	0.950187
4	120	0.934347
4	127	0.923896
4	128	0.935853
4	130	0.962599
4	139	0.948441
4	155	0.841579
4	172	1.58701
5	17	1.05836
5	21	1.06356
5	35	1.02698
5	36	1.02839
5	44	1.10617
5	46	0.999996
5	122	1.07052
5	140	0.706243
5	146	0.938881
5	170	1.51933
5	175	1.0459
5	178	1.26397
6	10	0.92726
6	23	1.02406
6	35	0.982541
6	46	0.955559
6	70	0.94414
6	75	0.951943
6	125	1.10524
6	173	0.902447
6	174	0.827384
6	175	1.00146
6	177	0.869989
6	180	0.892366
7	61	1.03954
7	81	1.08033
7	85	1.10318
7	87	1.08033
7	96	1.09656
7	115	0.682971
7	157	1.09484
7	161	1.46254
7	164	0.947134
7	166	0.988533
7	176	0.958073
7	178	1.298
8	31	1.09364
8	66	1.50442
8	82	0.883079
8	90	0.924709
8	97	0.986796
8	100	0.897963
8	129	0.934049
8	135	0.935114
8	136	0.953928
8	137	0.928155
8	138	0.956155
8	151	1.61604
9	24	1.07686
9	33	1.02595
9	55	1.05725
9	65	1.02843
9	84	1.06916
9	88	1.04802
9	99	1.07287
9	108	0.898618
9	117	1.02138
9	151	0.963183
9	168	1.45218
9	179	1.10725
10	6	0.92726
10	25	1.0327
10	39	1.01622
10	43	1.094
10	49	0.978786
10	72	0.875466
10	146	1.04248
10	147	1.04971
10	158	1.0722
10	169	1.12581
10	178	1.36757
10	179	1.03041
11	17	1.0586
11	18	0.791654
11	21	1.0638
11	23	1.06874
11	35	1.02722
11	36	1.02864
11	44	1.10642
11	46	1.00024
11	158	0.794394
11	161	1.36315
11	173	1.48707
11	175	1.04614
12	19	0.935451
12	32	1.15213
12	41	0.995634
12	52	1.07244
12	55	1.0614
12	65	1.03257
12	84	1.07331
12	89	1.06679
12	99	1.07702
12	165	1.07115
12	167	1.29212
12	169	0.98076
13	14	1.0909
13	25	1.03409
13	28	1.01113
13	49	0.980173
13	147	1.05109
13	151	0.809498
13	154	0.828338
13	158	1.07359
13	161	1.45007
13	162	1.33775
13	169	1.1272
13	179	1.0318
14	13	1.0909
14	28	1.01354
14	34	1.01958
14	49	0.982579
14	109	0.831638
14	147	1.0535
14	155	1.22278
14	158	1.076
14	160	1.12397
14	169	1.1296
14	176	1.25233
14	179	1.0342
15	38	1.07947
15	80	0.812979
15	116	1.01357
15	118	1.01686
15	120	1.00102
15	125	1.03385
15	128	1.00253
15	130	1.02928
15	139	1.01512
15	155	0.908256
15	159	1.22034
15	171	1.48467
15	172	1.21207
16	77	0.982979
16	112	1.02082
16	113	1.00753
16	121	1.03169
16	126	1.03838
16	131	1.01111
16	134	1.0314
16	149	1.24824
16	153	0.926443
16	157	1.04963
16	169	0.910587
16	175	1.11084
16	176	1.45547
17	5	1.05836
17	11	1.0586
17	21	1.0064
17	23	1.01134
17	36	0.971236
17	44	1.04901
17	46	0.942839
17	111	0.936489
17	122	1.01336
17	145	0.979927
17	167	1.1872
17	170	1.61348
17	175	0.988743
18	11	0.791654
18	32	0.791709
18	95	0.818628
18	129	0.872092
18	155	1.02871
18	159	1.06145
18	162	1.03017
18	167	1.05431
18	168	1.02013
18	174	0.925276
18	177	0.967881
18	178	1.02187
18	180	0.990259
19	12	0.935451
19	24	0.910611
19	32	0.981728
19	52	0.902041
19	55	0.890998
19	76	1.11684
19	84	0.902911
19	88	0.881772
19	99	0.906618
19	103	0.932669
19	117	0.855133
19	168	1.84811
19	175	1.55311
20	58	1.06887
20	61	0.993423
20	81	1.03421
20	85	1.05706
20	87	1.03421
20	96	1.05044
20	132	1.07066
20	141	1.31678
20	152	1.23825
20	156	1.09884
20	157	1.04873
20	164	0.901018
20	176	0.911956
21	5	1.06356
21	11	1.0638
21	17	1.0064
21	35	0.975021
21	36	0.976436
21	44	1.05421
21	46	0.948039
21	64	1.25114
21	122	1.01856
21	140	1.1631
21	142	1.21335
21	148	1.06616
21	175	0.993944
22	1	1.20339
22	30	0.877917
22	54	0.851565
22	76	1.52018
22	101	0.94555
22	110	0.908511
22	119	0.941798
22	120	0.923781
22	125	0.956609
22	128	0.925287
22	139	0.937875
22	148	1.58382
22	155	0.831013
23	6	1.02406
23	11	1.06874
23	17	1.01134
23	35	0.979958
23	36	0.981374
23	44	1.05915
23	46	0.952977
23	122	1.0235
23	166	0.744865
23	171	1.1849
23	173	1.34279
23	175	0.998881
23	177	1.45962
24	9	1.07686
24	19	0.910611
24	33	1.00526
24	41	0.970795
24	65	1.00773
24	84	1.04847
24	88	1.02733
24	99	1.05218
24	117	1.00069
24	142	0.863383
24	159	1.23709
24	164	1.64866
24	165	0.978973
25	10	1.0327
25	13	1.03409
25	34	0.962778
25	39	0.963205
25	43	1.04099
25	80	0.640229
25	147	0.996693
25	153	1.2895
25	158	1.01919
25	169	1.0728
25	170	1.43671
25	179	0.977398
25	180	1.36502
26	86	1.18565
26	107	1.05108
26	119	1.04294
26	123	1.03058
26	143	0.978219
26	155	0.892175
26	161	0.885241
26	162	0.893635
26	167	0.917776
26	168	0.883593
26	172	0.901202
26	173	0.863802
26	180	0.853722
27	60	1.14314
27	112	1.21947
27	130	1.21082
27	145	0.991274
27	155	0.894634
27	156	0.983653
27	167	0.920235
27	171	0.871375
27	172	0.903661
27	173	0.866262
27	174	0.791198
27	177	0.833803
27	178	0.887792
27	180	0.856181
28	13	1.01113
28	14	1.01354
28	34	0.939817
28	39	0.940244
28	43	1.01803
28	49	0.902812
28	132	1.00063
28	144	1.03063
28	147	0.973732
28	155	1.37043
28	158	0.996229
28	169	1.04983
28	173	1.62584
28	179	0.954437
29	77	0.851428
29	98	0.865987
29	106	0.902655
29	108	1.44086
29	112	0.889266
29	113	0.875979
29	114	0.858749
29	126	0.906833
29	131	0.879562
29	134	0.899847
29	140	0.951556
29	148	1.32678
29	157	0.918082
29	176	2.04405
30	22	0.877917
30	86	0.987995
30	103	1.01454
30	116	0.987212
30	119	0.992686
30	125	1.0075
30	127	0.964218
30	128	0.976176
30	130	1.00292
30	139	0.988764
30	142	1.05963
30	151	1.09108
30	165	1.17522
30	171	1.69767
31	8	1.09364
31	56	0.390701
31	78	0.739465
31	96	1.20522
31	110	0.604725
31	125	0.547112
31	157	1.20351
31	159	1.1187
31	164	1.0558
31	172	1.09499
31	174	0.982524
31	176	1.06674
31	177	1.02513
31	180	1.04751
32	12	1.15213
32	18	0.791709
32	19	0.981728
32	41	1.04191
32	52	1.11872
32	55	1.10767
32	57	1.01319
32	74	1.0564
32	84	1.11958
32	88	1.09845
32	99	1.12329
32	145	0.820466
32	173	1.48712
32	175	0.916634
33	9	1.02595
33	24	1.00526
33	41	0.919882
33	52	0.996687
33	55	0.985643
33	65	0.956822
33	68	1.1488
33	74	0.934367
33	84	0.997556
33	88	0.976418
33	99	1.00126
33	123	1.23279
33	140	1.19682
33	144	1.44779
34	14	1.01958
34	25	0.962778
34	28	0.939817
34	39	0.946292
34	43	1.02408
34	49	0.90886
34	70	1.40814
34	142	1.2152
34	147	0.97978
34	148	1.06801
34	158	1.00228
34	165	1.33079
34	169	1.05588
34	179	0.960485
35	5	1.02698
35	6	0.982541
35	11	1.02722
35	21	0.975021
35	23	0.979958
35	36	0.939856
35	44	1.01763
35	46	0.911459
35	122	0.981981
35	123	0.838605
35	156	1.05178
35	168	1.37333
35	175	0.957363
35	177	1.76564
36	5	1.02839
36	11	1.02864
36	17	0.971236
36	21	0.976436
36	23	0.981374
36	35	0.939856
36	44	1.01905
36	46	0.912875
36	122	0.983396
36	152	1.2972
36	158	1.06215
36	165	1.07448
36	171	1.59693
36	175	0.958779
37	43	1.09129
37	90	1.23968
37	98	1.24972
37	108	1.00622
37	142	0.9982
37	159	0.909652
37	160	0.900216
37	161	0.869978
37	165	0.969073
37	173	0.84854
37	174	0.773477
37	177	0.816082
37	178	0.87007
37	180	0.838459
38	15	1.07947
38	45	1.1178
38	73	1.12024
38	105	1.03256
38	115	0.72289
38	118	1.11482
38	127	1.08853
38	130	1.12723
38	132	1.00116
38	139	1.11307
38	153	1.44606
38	155	1.00621
38	175	1.05589
38	179	1.00595
39	10	1.01622
39	25	0.963205
39	28	0.940244
39	34	0.946292
39	43	1.0245
39	49	0.909287
39	140	0.999286
39	142	1.04953
39	147	0.980206
39	155	1.59006
39	158	1.0027
39	167	1.38609
39	169	1.05631
39	179	0.960912
40	80	0.995937
40	93	0.981804
40	95	0.978295
40	104	1.088
40	107	0.918818
40	124	0.973438
40	129	0.981109
40	135	0.982175
40	136	1.00099
40	137	0.975216
40	138	1.00322
40	148	1.00487
40	166	1.2276
40	180	1.72073
41	12	0.995634
41	24	0.970795
41	32	1.04191
41	33	0.919882
41	52	0.962225
41	65	0.922361
41	74	0.899906
41	84	0.963094
41	88	0.941956
41	99	0.966802
41	117	0.915316
41	140	0.986464
41	153	1.65233
41	160	1.47842
41	179	1.21222
42	50	1.07785
42	66	0.737899
42	67	0.818489
42	97	1.09189
42	100	1.00305
42	124	1.03147
42	129	1.03914
42	135	1.04021
42	136	1.05902
42	137	1.03325
42	138	1.06125
42	148	1.0629
42	153	1.43369
42	155	1.3586
42	163	1.18811
43	10	1.094
43	25	1.04099
43	28	1.01803
43	34	1.02408
43	37	1.09129
43	39	1.0245
43	49	0.98707
43	147	1.05799
43	156	0.99491
43	158	1.08049
43	159	1.16971
43	165	0.911596
43	169	1.13409
43	172	1.16145
43	179	1.0387
44	5	1.10617
44	11	1.10642
44	17	1.04901
44	21	1.05421
44	23	1.05915
44	35	1.01763
44	36	1.01905
44	46	0.990652
44	91	1.00745
44	122	1.06117
44	133	0.915374
44	155	1.33041
44	166	0.987895
44	175	1.03656
44	178	1.29737
45	38	1.1178
45	54	0.967142
45	62	0.972343
45	111	0.802431
45	118	1.0552
45	119	1.05737
45	120	1.03936
45	125	1.07219
45	127	1.02891
45	128	1.04086
45	130	1.06761
45	139	1.05345
45	144	0.917322
45	153	1.33221
45	164	1.50186
46	5	0.999996
46	6	0.955559
46	11	1.00024
46	17	0.942839
46	21	0.948039
46	23	0.952977
46	35	0.911459
46	36	0.912875
46	44	0.990652
46	108	0.87186
46	122	0.954999
46	161	1.57699
46	162	1.46467
46	175	0.930382
46	178	1.41246
47	60	0.951789
47	102	0.92476
47	112	0.967055
47	113	0.953768
47	114	0.936539
47	121	0.977924
47	126	0.984622
47	131	0.957351
47	134	0.977636
47	153	0.872681
47	154	0.962235
47	156	1.11085
47	157	0.995871
47	171	1.54999
47	173	1.70788
48	75	0.917908
48	93	0.965829
48	100	0.929048
48	107	0.902844
48	124	0.957463
48	129	0.965135
48	135	0.9662
48	136	0.985014
48	137	0.959241
48	138	0.987241
48	141	1.26016
48	147	0.964049
48	165	0.958898
48	177	1.75607
48	178	1.35079
49	10	0.978786
49	13	0.980173
49	14	0.982579
49	28	0.902812
49	34	0.90886
49	39	0.909287
49	43	0.98707
49	68	0.995673
49	147	0.942775
49	154	1.14423
49	158	0.965273
49	160	1.53565
49	162	1.65364
49	169	1.01888
49	179	0.92348
50	42	1.07785
50	53	1.05893
50	75	1.00735
50	90	1.04524
50	91	1.00815
50	124	1.04691
50	135	1.05565
50	136	1.07446
50	137	1.04869
50	138	1.07669
50	142	0.937383
50	144	1.13811
50	158	1.04064
50	168	1.45783
50	169	0.96258
51	57	1.28948
51	60	1.01147
51	66	0.887295
51	78	0.963135
51	92	0.924418
51	98	1.00345
51	102	0.984437
51	106	1.04012
51	113	1.01344
51	114	0.996215
51	126	1.0443
51	131	1.01703
51	134	1.03731
51	140	1.08902
51	143	1.19628
51	176	1.53754
52	12	1.07244
52	19	0.902041
52	32	1.11872
52	33	0.996687
52	41	0.962225
52	65	0.999165
52	74	0.97671
52	84	1.0399
52	88	1.01876
52	91	1.19368
52	99	1.04361
52	103	1.06966
52	109	1.12549
52	148	0.828923
52	153	1.59173
52	165	1.0917
53	50	1.05893
53	82	0.969243
53	107	0.957922
53	109	1.11972
53	124	1.01254
53	129	1.02021
53	135	1.02128
53	136	1.04009
53	137	1.01432
53	138	1.04232
53	142	0.970341
53	145	1.09962
53	147	1.01913
53	148	1.04398
53	166	1.16835
53	178	1.47782
54	22	0.851565
54	45	0.967142
54	86	0.961643
54	110	0.933048
54	116	0.96086
54	125	0.981146
54	127	0.937866
54	128	0.949824
54	130	0.97657
54	139	0.962412
54	145	1.34779
54	148	1.07132
54	150	0.86227
54	155	0.85555
54	166	1.41652
54	176	1.78858
55	9	1.05725
55	12	1.0614
55	19	0.890998
55	32	1.10767
55	33	0.985643
55	65	0.988122
55	84	1.02885
55	88	1.00772
55	99	1.03256
55	103	1.05861
55	117	0.981077
55	140	0.76783
55	150	1.31485
55	152	1.1564
55	160	1.25979
55	168	1.33853
56	31	0.390701
56	59	0.957408
56	69	1.01408
56	79	1.03421
56	89	0.992893
56	98	0.993663
56	106	1.03033
56	113	1.00365
56	114	0.986425
56	126	1.03451
56	131	1.00724
56	134	1.02752
56	140	1.07923
56	155	1.42219
56	157	1.04576
56	177	1.79442
57	32	1.01319
57	51	1.28948
57	58	0.915704
57	122	1.16452
57	142	1.03858
57	143	1.00334
57	165	1.00946
57	166	1.01262
57	168	0.908715
57	170	0.890861
57	173	0.888924
57	174	0.813861
57	175	0.987941
57	177	0.856466
57	178	0.910454
57	180	0.878844
58	20	1.06887
58	57	0.915704
58	61	1.03494
58	81	1.07572
58	85	1.09858
58	87	1.07573
58	96	1.09196
58	122	1.06795
58	156	0.792602
58	157	1.09024
58	160	1.03541
58	164	0.942531
58	170	1.35653
58	171	1.23174
58	176	0.95347
59	56	0.957408
59	60	0.937664
59	77	0.915092
59	78	0.889334
59	98	0.929652
59	106	0.96632
59	112	0.95293
59	114	0.922414
59	121	0.963799
59	131	0.943226
59	134	0.963511
59	153	0.858557
59	160	1.43244
59	165	1.10632
59	166	1.18874
59	177	1.90349
60	27	1.14314
60	47	0.951789
60	51	1.01147
60	59	0.937664
60	77	0.959359
60	79	1.01446
60	112	0.997197
60	113	0.983909
60	121	1.00807
60	126	1.01476
60	131	0.987493
60	134	1.00778
60	157	1.02601
60	158	0.853732
60	160	1.19218
60	161	1.42249
60	176	1.32055
61	2	1.03954
61	7	1.03954
61	20	0.993423
61	58	1.03494
61	81	1.00027
61	85	1.02313
61	87	1.00028
61	96	1.01651
61	104	1.21073
61	122	0.992504
61	140	1.10208
61	144	1.35306
61	145	1.2816
61	151	1.18377
61	157	1.01479
61	164	0.867082
61	176	0.87802
62	45	0.972343
62	112	1.08256
62	118	1.07437
62	120	1.04789
62	151	1.01465
62	158	1.02718
62	160	0.938639
62	161	0.908402
62	162	0.916796
62	163	0.956557
62	166	1.01066
62	167	0.940937
62	170	0.8889
62	174	0.8119
62	178	0.908493
62	180	0.876883
63	75	0.877488
63	90	0.93712
63	94	1.10437
63	119	0.751579
63	120	0.784857
63	144	1.05428
63	151	1.06367
63	156	1.05338
63	157	0.716992
63	162	0.965818
63	165	1.05652
63	170	0.937922
63	171	0.941099
63	173	0.935985
63	177	0.903527
63	178	0.957515
63	180	0.925904
64	21	1.25114
64	101	1.0053
64	113	1.29981
64	143	0.987877
64	147	0.988544
64	152	0.947087
64	160	0.925136
64	163	0.943053
64	166	0.997158
64	168	0.893251
64	171	0.878574
64	173	0.87346
64	175	0.972477
64	176	0.882611
64	177	0.841002
64	178	0.89499
64	180	0.863379
65	1	0.563308
65	9	1.02843
65	12	1.03257
65	24	1.00773
65	33	0.956822
65	41	0.922361
65	52	0.999165
65	55	0.988122
65	80	1.05727
65	84	1.00003
65	88	0.978896
65	99	1.00374
65	103	1.02979
65	117	0.952257
65	132	1.26165
65	150	1.58769
65	172	1.45637
66	8	1.50442
66	42	0.737899
66	51	0.887295
66	122	0.762339
66	135	0.792781
66	143	1.06292
66	145	1.07351
66	152	1.02213
66	161	0.969941
66	170	0.950439
66	171	0.953616
66	173	0.948502
66	175	1.04752
66	177	0.916044
66	178	0.970032
66	179	1.04693
66	180	0.938421
67	42	0.818489
67	88	0.684957
67	97	0.742027
67	101	0.967929
67	117	1.06038
67	145	1.06699
67	148	1.08455
67	149	1.02707
67	165	1.06251
67	168	0.961767
67	170	0.943913
67	174	0.866914
67	175	1.04099
67	177	0.909519
67	178	0.963507
67	179	1.0404
67	180	0.931896
68	33	1.1488
68	49	0.995673
68	88	0.586274
68	125	0.939806
68	139	0.809762
68	141	1.02693
68	162	1.00138
68	163	1.04114
68	165	1.09208
68	168	0.991333
68	171	0.976656
68	172	1.00894
68	173	0.971543
68	174	0.89648
68	177	0.939085
68	178	0.993073
68	180	0.961462
69	3	1.03456
69	56	1.01408
69	82	0.831075
69	88	0.816963
69	104	1.03683
69	123	1.08905
69	138	0.780481
69	141	0.977662
69	151	1.04996
69	159	0.98339
69	163	0.991871
69	165	1.04281
69	170	0.924214
69	171	0.927391
69	178	0.943808
69	179	1.0207
69	180	0.912197
70	4	1.41452
70	6	0.94414
70	34	1.40814
70	81	0.95135
70	87	0.951351
70	96	0.967582
70	116	1.0463
70	127	1.11548
70	151	0.947627
70	157	0.965867
70	158	0.960164
70	162	0.849778
70	164	0.818158
70	166	0.943643
70	173	0.819946
70	176	0.829096
70	178	0.841475
70	180	0.809865
71	72	0.991182
71	83	0.98155
71	86	0.993276
71	103	1.01983
71	105	0.913528
71	110	0.964681
71	120	0.979951
71	123	0.961531
71	125	1.01278
71	127	0.969499
71	128	0.981457
71	130	1.0082
71	139	0.994045
71	150	0.893903
71	155	0.887183
71	167	1.31236
71	171	1.61385
71	176	1.54588
72	10	0.875466
72	71	0.991182
72	86	0.916946
72	124	1.04656
72	146	1.04022
72	147	0.96613
72	152	1.00242
72	156	1.04619
72	161	0.950235
72	162	0.958629
72	163	0.998389
72	168	0.948587
72	171	0.93391
72	173	0.928797
72	177	0.896338
72	178	0.950326
72	179	1.02722
72	180	0.918716
73	3	1.06941
73	38	1.12024
73	101	1.06356
73	110	1.02652
73	118	1.05763
73	119	1.05981
73	120	1.04179
73	125	1.07462
73	127	1.03134
73	128	1.0433
73	139	1.05589
73	140	0.749396
73	144	1.00037
73	148	0.652453
73	149	1.1625
73	150	0.955744
73	162	1.35934
73	177	1.71241
74	32	1.0564
74	33	0.934367
74	41	0.899906
74	52	0.97671
74	88	0.956441
74	89	0.847239
74	99	0.981287
74	103	1.00734
74	112	0.963427
74	121	0.974296
74	126	0.980994
74	134	0.974008
74	140	1.02572
74	153	0.869054
74	154	0.786296
74	159	1.10972
74	174	2.36987
74	176	1.30608
75	6	0.951943
75	48	0.917908
75	50	1.00735
75	63	0.877488
75	82	0.917669
75	93	0.969334
75	97	1.02139
75	100	0.932553
75	124	0.960968
75	129	0.968639
75	135	0.969705
75	136	0.988518
75	137	0.962746
75	138	0.990745
75	148	0.992402
75	164	1.67004
75	165	1.00036
75	171	1.52281
76	19	1.11684
76	22	1.52018
76	93	0.763739
76	105	0.889555
76	131	0.789941
76	132	1.05666
76	151	1.0492
76	153	0.944246
76	161	0.942953
76	166	1.04521
76	168	0.941305
76	170	0.923451
76	171	0.926628
76	172	0.958914
76	173	0.921515
76	174	0.846451
76	177	0.889056
76	178	0.943044
76	180	0.911434
77	16	0.982979
77	29	0.851428
77	59	0.915092
77	60	0.959359
77	78	0.911029
77	79	0.99189
77	112	0.974625
77	113	0.961338
77	114	0.944109
77	121	0.985494
77	126	0.992192
77	131	0.964921
77	134	0.985206
77	141	1.25076
77	153	0.880252
77	163	1.20395
77	177	1.74667
77	179	1.00942
77	180	1.52505
78	31	0.739465
78	51	0.963135
78	59	0.889334
78	77	0.911029
78	97	1.00331
78	100	0.914482
78	106	0.962256
78	115	1.12288
78	124	0.942896
78	131	0.939162
78	134	0.959447
78	136	0.970447
78	137	0.944674
78	138	0.972674
78	147	0.949482
78	157	0.977682
78	158	1.33369
78	172	1.59587
78	178	1.73791
79	56	1.03421
79	60	1.01446
79	77	0.99189
79	92	0.758471
79	98	1.00645
79	102	0.987434
79	106	1.04312
79	113	1.01644
79	114	0.999212
79	121	1.0406
79	126	1.0473
79	131	1.02002
79	134	1.04031
79	154	0.851809
79	157	1.05854
79	159	1.17523
79	166	0.999532
79	170	1.56436
79	173	1.59746
80	15	0.812979
80	25	0.640229
80	40	0.995937
80	65	1.05727
80	128	0.846862
80	133	1.08781
80	137	0.932163
80	142	1.1115
80	146	1.07326
80	160	1.01352
80	166	1.08554
80	168	0.981633
80	172	0.999242
80	173	0.961843
80	175	1.06086
80	177	0.929384
80	178	0.983373
80	179	1.06027
80	180	0.951762
81	2	1.08033
81	7	1.08033
81	20	1.03421
81	58	1.07572
81	61	1.00027
81	70	0.95135
81	85	1.06391
81	87	1.04106
81	94	0.908844
81	96	1.05729
81	122	1.03329
81	142	0.910232
81	150	1.407
81	156	1.10914
81	157	1.05558
81	162	1.46993
81	164	0.90787
81	175	1.13568
81	176	0.918808
82	8	0.883079
82	53	0.969243
82	69	0.831075
82	75	0.917669
82	95	0.962082
82	97	1.01764
82	100	0.92881
82	102	0.9209
82	107	0.902605
82	124	0.957224
82	129	0.964896
82	135	0.965961
82	137	0.959002
82	138	0.987002
82	143	0.927469
82	147	0.96381
82	161	1.37067
82	172	1.06409
82	174	2.33252
83	71	0.98155
83	101	1.0439
83	105	0.95571
83	110	1.00686
83	116	1.03467
83	118	1.03797
83	119	1.04015
83	120	1.02213
83	125	1.05496
83	127	1.01168
83	128	1.02364
83	130	1.05038
83	139	1.03623
83	152	1.07086
83	159	1.10625
83	163	1.10258
83	164	1.51781
83	178	1.24002
83	179	0.908051
84	9	1.06916
84	12	1.07331
84	19	0.902911
84	24	1.04847
84	32	1.11958
84	33	0.997556
84	41	0.963094
84	52	1.0399
84	55	1.02885
84	65	1.00003
84	88	1.01963
84	99	1.04448
84	117	0.99299
84	148	0.803319
84	149	1.31336
84	152	1.28883
84	156	1.14941
84	165	1.0661
84	172	1.31595
85	2	1.10318
85	7	1.10318
85	20	1.05706
85	58	1.09858
85	61	1.02313
85	81	1.06391
85	87	1.06391
85	96	1.08015
85	111	0.78232
85	122	1.05614
85	143	0.925296
85	144	0.89721
85	157	1.07843
85	164	0.930721
85	173	1.49242
85	175	0.921926
85	176	0.941659
85	177	1.60924
86	26	1.18565
86	30	0.987995
86	54	0.961643
86	71	0.993276
86	72	0.916946
86	94	0.900182
86	101	1.05563
86	105	0.967436
86	109	1.05095
86	110	1.01859
86	116	1.0464
86	118	1.0497
86	119	1.05188
86	120	1.03386
86	127	1.02341
86	130	1.06211
86	139	1.04795
86	143	1.13039
86	160	1.34328
87	2	1.08033
87	7	1.08033
87	20	1.03421
87	58	1.07573
87	61	1.00028
87	70	0.951351
87	81	1.04106
87	85	1.06391
87	96	1.05729
87	122	1.03329
87	140	0.938433
87	141	1.40553
87	157	1.05558
87	158	1.09194
87	164	0.907871
87	167	1.32524
87	169	1.01388
87	176	0.918809
87	179	1.16419
88	9	1.04802
88	19	0.881772
88	24	1.02733
88	32	1.09845
88	33	0.976418
88	41	0.941956
88	52	1.01876
88	55	1.00772
88	65	0.978896
88	67	0.684957
88	68	0.586274
88	69	0.816963
88	74	0.956441
88	84	1.01963
88	99	1.02334
88	103	1.04939
88	117	0.971852
88	152	1.02286
88	174	2.31841
88	178	1.19202
89	12	1.06679
89	56	0.992893
89	74	0.847239
89	90	1.05564
89	94	1.04485
89	109	1.03038
89	113	1.37325
89	123	1.04324
89	143	0.990884
89	146	0.987888
89	164	0.874679
89	166	1.00016
89	168	0.896257
89	169	1.07029
89	171	0.88158
89	172	0.913866
89	174	0.801404
89	178	0.897997
89	180	0.866386
90	8	0.924709
90	37	1.23968
90	50	1.04524
90	63	0.93712
90	89	1.05564
90	93	1.00722
90	95	1.00371
90	100	0.970439
90	104	1.00281
90	107	0.944235
90	124	0.998854
90	129	1.00653
90	135	1.00759
90	136	1.0264
90	137	1.00063
90	138	1.02863
90	142	0.944404
90	147	1.00544
90	148	1.03029
90	150	1.44117
91	44	1.00745
91	50	1.00815
91	52	1.19368
91	100	0.933348
91	112	1.04437
91	116	1.07092
91	122	1.06007
91	123	1.0174
91	129	0.969435
91	135	0.9705
91	136	0.989313
91	137	0.963541
91	138	0.99154
91	149	0.935718
91	165	0.971161
91	170	0.852564
91	172	0.888028
91	173	0.850628
91	177	0.81817
91	180	0.840547
92	51	0.924418
92	79	0.758471
92	96	0.707248
92	105	1.05733
92	124	0.988132
92	133	1.06334
92	136	0.734366
92	141	0.99276
92	142	1.08704
92	144	1.05567
92	156	1.05477
92	161	0.958814
92	163	1.00697
92	171	0.942489
92	172	0.974775
92	175	1.03639
92	177	0.904917
92	178	0.958905
92	179	1.0358
92	180	0.927294
93	40	0.981804
93	48	0.965829
93	75	0.969334
93	76	0.763739
93	90	1.00722
93	95	1.01375
93	100	0.980474
93	102	0.972564
93	117	0.981233
93	124	1.00889
93	133	1.10005
93	135	1.01763
93	136	1.03644
93	137	1.01067
93	138	1.03867
93	146	1.15695
93	147	1.01547
93	151	1.00601
93	172	1.34
93	180	1.6657
94	4	1.22018
94	63	1.10437
94	81	0.908844
94	86	0.900182
94	89	1.04485
94	99	0.705403
94	116	0.85197
94	120	0.790752
94	149	1.03172
94	152	1.02026
94	156	1.06402
94	159	1.00775
94	160	0.998309
94	162	0.976466
94	168	0.966424
94	170	0.94857
94	172	0.984033
94	174	0.87157
94	179	1.04506
94	180	0.936553
95	18	0.818628
95	40	0.978295
95	82	0.962082
95	90	1.00371
95	93	1.01375
95	102	0.969055
95	107	0.950761
95	117	0.977725
95	124	1.00538
95	129	1.01305
95	135	1.01412
95	136	1.03293
95	137	1.00716
95	138	1.03516
95	148	1.03681
95	154	0.768394
95	155	1.25863
95	164	1.50338
95	167	1.05466
95	177	1.63087
96	2	1.09656
96	7	1.09656
96	20	1.05044
96	31	1.20522
96	58	1.09196
96	61	1.01651
96	70	0.967582
96	81	1.05729
96	85	1.08015
96	87	1.05729
96	92	0.707248
96	122	1.04952
96	144	0.951029
96	157	1.07181
96	164	0.924101
96	165	0.865888
96	169	0.775494
96	173	1.54624
96	176	0.93504
96	178	1.25778
96	180	1.44144
97	8	0.986796
97	42	1.09189
97	67	0.742027
97	75	1.02139
97	78	1.00331
97	82	1.01764
97	100	1.03253
97	107	1.00632
97	109	0.890992
97	111	0.82745
97	129	1.06861
97	133	0.8671
97	135	1.06968
97	136	1.08849
97	137	1.06272
97	138	1.09072
97	147	1.06753
97	148	1.09238
97	150	1.23838
97	173	1.53755
97	180	1.43275
98	29	0.865987
98	37	1.24972
98	51	1.00345
98	56	0.993663
98	59	0.929652
98	79	1.00645
98	104	1.01285
98	106	1.00257
98	112	0.989185
98	114	0.958668
98	121	1.00005
98	126	1.00675
98	131	0.97948
98	134	0.999765
98	140	1.05147
98	146	1.13683
98	153	0.894811
98	157	1.018
98	161	1.62646
98	175	1.17989
98	179	1.12995
99	9	1.07287
99	12	1.07702
99	19	0.906618
99	24	1.05218
99	32	1.12329
99	33	1.00126
99	41	0.966802
99	52	1.04361
99	55	1.03256
99	65	1.00374
99	74	0.981287
99	84	1.04448
99	88	1.02334
99	94	0.705403
99	103	1.07423
99	117	0.996698
99	144	0.907522
99	145	0.83607
99	151	0.73824
99	152	1.04511
99	162	1.26649
99	174	2.34066
100	8	0.897963
100	42	1.00305
100	48	0.929048
100	75	0.932553
100	78	0.914482
100	82	0.92881
100	90	0.970439
100	91	0.933348
100	93	0.980474
100	97	1.03253
100	107	0.917489
100	135	0.980845
100	136	0.999658
100	137	0.973886
100	138	1.00189
100	140	0.957523
100	145	1.13705
100	148	1.00354
100	149	1.37062
100	169	1.03297
100	171	1.64581
100	180	1.69891
101	4	0.956117
101	22	0.94555
101	64	1.0053
101	67	0.967929
101	73	1.06356
101	83	1.0439
101	86	1.05563
101	105	0.975881
101	110	1.02703
101	116	1.05485
101	118	1.05814
101	119	1.06032
101	127	1.03185
101	128	1.04381
101	130	1.07056
101	139	1.0564
101	140	0.917265
101	142	0.967512
101	150	0.956256
101	152	1.30583
101	166	1.16552
101	167	1.30407
102	47	0.92476
102	51	0.984437
102	79	0.987434
102	82	0.9209
102	93	0.972564
102	95	0.969055
102	114	0.939652
102	126	0.987735
102	129	0.97187
102	131	0.960464
102	134	0.980749
102	135	0.972935
102	136	0.991749
102	137	0.965976
102	138	0.993976
102	141	1.1325
102	149	1.0785
102	153	0.875795
102	158	0.818907
102	167	1.0522
102	174	2.34951
102	180	1.40679
103	19	0.932669
103	30	1.01454
103	52	1.06966
103	55	1.05861
103	65	1.02979
103	71	1.01983
103	74	1.00734
103	88	1.04939
103	99	1.07423
103	105	0.993987
103	116	1.07295
103	120	1.06041
103	139	1.0745
103	150	0.974362
103	155	0.967641
103	162	1.25334
103	163	1.06369
103	164	1.47892
103	166	0.891658
103	172	1.05909
103	175	0.919093
103	180	1.38479
104	40	1.088
104	61	1.21073
104	69	1.03683
104	90	1.00281
104	98	1.01285
104	116	0.911768
104	126	0.957955
104	142	1.04247
104	154	1.08686
104	156	1.0102
104	160	0.944485
104	165	1.01334
104	166	1.01651
104	167	0.946782
104	168	0.912599
104	169	1.08663
104	171	0.897922
104	172	0.930208
104	174	0.817746
104	177	0.86035
104	178	0.914339
104	180	0.882728
105	3	0.981732
105	38	1.03256
105	71	0.913528
105	76	0.889555
105	83	0.95571
105	86	0.967436
105	92	1.05733
105	101	0.975881
105	103	0.993987
105	110	0.938841
105	118	0.969951
105	119	0.972128
105	125	0.98694
105	127	0.94366
105	128	0.955617
105	130	0.982363
105	139	0.968206
105	143	1.32919
105	151	1.13183
105	155	0.861343
105	171	1.73842
105	179	1.27589
106	29	0.902655
106	51	1.04012
106	56	1.03033
106	59	0.96632
106	78	0.962256
106	79	1.04312
106	98	1.00257
106	112	1.02585
106	113	1.01257
106	114	0.995336
106	121	1.03672
106	126	1.04342
106	131	1.01615
106	134	1.03643
106	142	0.809068
106	146	0.991459
106	153	0.931479
106	157	1.05467
106	162	1.36876
106	168	1.32952
106	169	0.834265
106	170	1.5719
106	171	1.44711
107	26	1.05108
107	40	0.918818
107	48	0.902844
107	53	0.957922
107	82	0.902605
107	90	0.944235
107	95	0.950761
107	97	1.00632
107	100	0.917489
107	117	0.918248
107	124	0.945904
107	129	0.953575
107	135	0.95464
107	136	0.973454
107	137	0.947681
107	138	0.975681
107	147	0.952489
107	148	0.977338
107	161	1.43902
107	166	0.965013
107	170	1.52984
107	177	1.67976
107	178	1.27448
108	2	0.707546
108	9	0.898618
108	29	1.44086
108	37	1.00622
108	46	0.87186
108	126	0.866429
108	127	0.889422
108	146	1.04736
108	147	0.917637
108	156	1.05332
108	159	0.997046
108	160	0.98761
108	163	1.00553
108	165	1.05647
108	166	1.05963
108	167	0.989907
108	170	0.93787
108	171	0.941047
108	172	0.973333
108	173	0.935934
108	176	0.945084
108	177	0.903475
108	179	1.03436
108	180	0.925853
109	1	1.16786
109	3	1.05152
109	14	0.831638
109	52	1.12549
109	53	1.11972
109	86	1.05095
109	89	1.03038
109	97	0.890992
109	129	0.920952
109	144	1.05046
109	149	1.01726
109	150	0.967264
109	151	1.05985
109	152	1.0058
109	155	0.960543
109	160	0.983846
109	163	1.00176
109	167	0.986144
109	170	0.934107
109	172	0.96957
109	173	0.932171
109	174	0.857107
109	178	0.9537
109	180	0.92209
110	22	0.908511
110	31	0.604725
110	54	0.933048
110	71	0.964681
110	73	1.02652
110	83	1.00686
110	86	1.01859
110	101	1.02703
110	105	0.938841
110	116	1.01781
110	119	1.02328
110	120	1.00526
110	125	1.03809
110	128	1.00677
110	130	1.03352
110	139	1.01936
110	144	1.29642
110	150	0.919216
110	154	1.14597
110	155	0.912495
110	156	1.29459
110	158	1.19895
110	159	1.46939
110	167	1.43224
111	17	0.936489
111	45	0.802431
111	85	0.78232
111	97	0.82745
111	113	1.34786
111	115	1.12525
111	119	0.844704
111	131	1.08661
111	143	1.03362
111	145	1.04421
111	148	1.06177
111	149	1.00429
111	151	1.04688
111	154	1.11325
111	160	0.970876
111	162	0.949032
111	163	0.988793
111	170	0.921136
111	172	0.956599
111	173	0.9192
111	176	0.92835
111	177	0.886741
111	178	0.94073
111	180	0.909119
112	16	1.02082
112	27	1.21947
112	29	0.889266
112	47	0.967055
112	59	0.95293
112	60	0.997197
112	62	1.08256
112	74	0.963427
112	77	0.974625
112	91	1.04437
112	98	0.989185
112	106	1.02585
112	113	0.999176
112	114	0.981947
112	121	1.02333
112	126	1.03003
112	131	1.00276
112	134	1.02304
112	153	0.91809
112	157	1.04128
112	159	1.20051
112	165	0.942395
112	168	1.34725
112	172	1.19225
113	16	1.00753
113	29	0.875979
113	47	0.953768
113	51	1.01344
113	56	1.00365
113	60	0.983909
113	64	1.29981
113	77	0.961338
113	79	1.01644
113	89	1.37325
113	106	1.01257
113	111	1.34786
113	112	0.999176
113	114	0.968659
113	121	1.01004
113	131	0.989472
113	134	1.00976
113	140	1.06147
113	147	0.0052915
113	148	1.11483
113	151	1.29347
113	153	0.904802
113	157	1.02799
113	175	1.48746
114	29	0.858749
114	47	0.936539
114	51	0.996215
114	56	0.986425
114	59	0.922414
114	77	0.944109
114	79	0.999212
114	98	0.958668
114	102	0.939652
114	106	0.995336
114	112	0.981947
114	113	0.968659
114	121	0.992816
114	126	0.999513
114	131	0.972242
114	134	0.992527
114	140	1.04424
114	149	1.16492
114	150	1.29883
114	157	1.01076
114	161	1.47408
114	163	1.17211
114	176	1.37214
114	179	0.977579
114	180	1.49321
115	7	0.682971
115	38	0.72289
115	78	1.12288
115	111	1.12525
115	116	0.745808
115	131	0.893215
115	135	0.765404
115	136	0.669866
115	137	0.858264
115	141	1.03969
115	142	1.13397
115	150	1.0194
115	151	1.11199
115	152	1.05793
115	155	1.01268
115	162	1.01414
115	163	1.0539
115	165	1.10484
115	170	0.986243
115	171	0.98942
115	172	1.02171
115	174	0.909243
115	176	0.993457
115	177	0.951848
115	180	0.974225
116	4	0.946889
116	15	1.01357
116	30	0.987212
116	54	0.96086
116	70	1.0463
116	83	1.03467
116	86	1.0464
116	91	1.07092
116	94	0.85197
116	101	1.05485
116	103	1.07295
116	104	0.911768
116	110	1.01781
116	115	0.745808
116	118	1.04892
116	119	1.05109
116	120	1.03308
116	125	1.0659
116	127	1.02262
116	128	1.03458
116	130	1.06133
116	139	1.04717
116	149	1.21621
116	154	0.903646
116	168	1.37381
117	9	1.02138
117	19	0.855133
117	24	1.00069
117	41	0.915316
117	55	0.981077
117	65	0.952257
117	67	1.06038
117	84	0.99299
117	88	0.971852
117	93	0.981233
117	95	0.977725
117	99	0.996698
117	107	0.918248
117	124	0.972868
117	129	0.980539
117	133	1.18546
117	136	1.00042
117	137	0.974645
117	138	1.00264
117	142	1.05997
117	148	1.0043
117	155	1.60049
117	165	1.17556
117	172	1.42541
117	179	1.23548
118	4	0.950187
118	15	1.01686
118	38	1.11482
118	45	1.0552
118	62	1.07437
118	73	1.05763
118	83	1.03797
118	86	1.0497
118	101	1.05814
118	105	0.969951
118	116	1.04892
118	120	1.03637
118	123	0.804345
118	125	1.0692
118	127	1.02592
118	130	1.06463
118	133	0.944109
118	139	1.05047
118	143	1.04744
118	145	0.947898
118	150	0.950326
118	155	0.943606
118	165	0.93421
118	170	1.58145
118	173	1.61456
119	3	1.06617
119	22	0.941798
119	26	1.04294
119	30	0.992686
119	45	1.05737
119	63	0.751579
119	73	1.05981
119	83	1.04015
119	86	1.05188
119	101	1.06032
119	105	0.972128
119	110	1.02328
119	111	0.844704
119	116	1.05109
119	120	1.03855
119	123	0.744589
119	125	1.07138
119	127	1.0281
119	128	1.04006
119	139	1.05264
119	143	0.98768
119	150	0.952503
119	154	0.809151
119	156	0.957769
119	174	2.39273
120	4	0.934347
120	15	1.00102
120	22	0.923781
120	45	1.03936
120	62	1.04789
120	63	0.784857
120	71	0.979951
120	73	1.04179
120	83	1.02213
120	86	1.03386
120	94	0.790752
120	103	1.06041
120	110	1.00526
120	116	1.03308
120	118	1.03637
120	119	1.03855
120	127	1.01008
120	128	1.02204
120	130	1.04879
120	139	1.03463
120	146	0.974531
120	150	0.934486
120	153	1.40776
120	160	1.23385
120	164	1.57741
120	175	1.01759
121	16	1.03169
121	47	0.977924
121	59	0.963799
121	60	1.00807
121	74	0.974296
121	77	0.985494
121	79	1.0406
121	98	1.00005
121	106	1.03672
121	112	1.02333
121	113	1.01004
121	114	0.992816
121	126	1.0409
121	131	1.01363
121	134	1.03391
121	140	1.08562
121	141	1.26339
121	148	0.699347
121	149	1.20939
121	153	0.928959
121	154	0.896825
121	157	1.05215
121	159	1.22025
121	162	1.40623
121	163	1.21658
121	180	1.53768
122	5	1.07052
122	17	1.01336
122	21	1.01856
122	23	1.0235
122	35	0.981981
122	36	0.983396
122	44	1.06117
122	46	0.954999
122	57	1.16452
122	58	1.06795
122	61	0.992504
122	66	0.762339
122	81	1.03329
122	85	1.05614
122	87	1.03329
122	91	1.06007
122	96	1.04952
122	143	1.07133
122	154	0.892801
122	157	1.04781
122	161	1.51453
122	164	0.900099
122	175	1.0009
122	176	0.911037
122	178	1.34999
122	179	1.01803
123	26	1.03058
123	33	1.23279
123	35	0.838605
123	69	1.08905
123	71	0.961531
123	89	1.04324
123	91	1.0174
123	118	0.804345
123	119	0.744589
123	124	1.01691
123	125	1.0238
123	135	0.85868
123	152	1.01866
123	155	0.973401
123	160	0.996705
123	163	1.01462
123	164	0.943241
123	165	1.06556
123	166	1.06873
123	167	0.999002
123	168	0.964819
123	170	0.946965
123	174	0.869966
123	175	1.04405
123	177	0.912571
123	178	0.966559
123	180	0.934948
124	1	0.503566
124	40	0.973438
124	42	1.03147
124	48	0.957463
124	50	1.04691
124	53	1.01254
124	72	1.04656
124	75	0.960968
124	78	0.942896
124	82	0.957224
124	90	0.998854
124	92	0.988132
124	93	1.00889
124	95	1.00538
124	107	0.945904
124	117	0.972868
124	123	1.01691
124	129	1.00819
124	135	1.00926
124	136	1.02807
124	137	1.0023
124	138	1.0303
124	145	1.16046
124	146	1.21357
124	147	1.00711
124	169	1.05638
124	177	1.94394
125	1	0.510456
125	6	1.10524
125	15	1.03385
125	22	0.956609
125	30	1.0075
125	31	0.547112
125	45	1.07219
125	54	0.981146
125	68	0.939806
125	71	1.01278
125	73	1.07462
125	83	1.05496
125	105	0.98694
125	110	1.03809
125	116	1.0659
125	118	1.0692
125	119	1.07138
125	123	1.0238
125	127	1.04291
125	128	1.05487
125	130	1.08161
125	139	1.06746
125	148	0.890883
125	150	0.967315
125	153	1.65369
125	155	0.960594
125	158	1.14133
125	159	1.41178
126	16	1.03838
126	29	0.906833
126	47	0.984622
126	51	1.0443
126	56	1.03451
126	60	1.01476
126	74	0.980994
126	77	0.992192
126	79	1.0473
126	98	1.00675
126	102	0.987735
126	104	0.957955
126	106	1.04342
126	108	0.866429
126	112	1.03003
126	114	0.999513
126	121	1.0409
126	131	1.02033
126	133	1.02503
126	134	1.04061
126	140	1.09232
126	146	1.08194
126	153	0.935656
126	155	1.44007
126	157	1.05885
126	160	1.34126
126	163	1.26959
126	166	1.09756
126	179	1.07506
127	4	0.923896
127	30	0.964218
127	38	1.08853
127	45	1.02891
127	54	0.937866
127	70	1.11548
127	71	0.969499
127	73	1.03134
127	83	1.01168
127	86	1.02341
127	101	1.03185
127	105	0.94366
127	108	0.889422
127	116	1.02262
127	118	1.02592
127	119	1.0281
127	120	1.01008
127	125	1.04291
127	128	1.01159
127	130	1.03833
127	139	1.02418
127	145	1.05182
127	150	0.924035
127	155	0.917314
127	156	1.12144
127	166	1.12055
127	168	1.44299
127	169	0.947735
127	175	1.14798
127	180	1.61368
128	4	0.935853
128	15	1.00253
128	22	0.925287
128	30	0.976176
128	45	1.04086
128	54	0.949824
128	71	0.981457
128	73	1.0433
128	80	0.846862
128	83	1.02364
128	101	1.04381
128	105	0.955617
128	110	1.00677
128	116	1.03458
128	119	1.04006
128	120	1.02204
128	125	1.05487
128	127	1.01159
128	130	1.05029
128	139	1.03613
128	148	0.733323
128	150	0.935992
128	151	0.911961
128	155	0.929272
128	160	1.32222
128	163	1.25055
128	169	0.905709
128	174	2.51438
128	175	1.10596
128	179	1.05603
129	8	0.934049
129	18	0.872092
129	40	0.981109
129	42	1.03914
129	48	0.965135
129	53	1.02021
129	75	0.968639
129	82	0.964896
129	90	1.00653
129	91	0.969435
129	95	1.01305
129	97	1.06861
129	102	0.97187
129	107	0.953575
129	109	0.920952
129	117	0.980539
129	124	1.00819
129	132	0.942293
129	135	1.01693
129	136	1.03574
129	137	1.00997
129	138	1.03797
129	147	1.01478
129	148	1.03963
129	156	0.970476
129	163	1.14161
129	164	1.55684
129	172	1.13701
129	173	1.56751
129	176	1.34165
130	4	0.962599
130	15	1.02928
130	27	1.21082
130	30	1.00292
130	38	1.12723
130	45	1.06761
130	54	0.97657
130	71	1.0082
130	83	1.05038
130	86	1.06211
130	101	1.07056
130	105	0.982363
130	110	1.03352
130	116	1.06133
130	118	1.06463
130	120	1.04879
130	125	1.08161
130	127	1.03833
130	128	1.05029
130	139	1.06288
130	141	1.235
130	150	0.962738
130	154	0.868441
130	155	0.956018
130	156	1.01706
130	158	0.921415
130	166	1.01616
130	168	1.3386
130	169	0.84335
130	176	1.38823
130	178	1.32563
131	16	1.01111
131	29	0.879562
131	47	0.957351
131	51	1.01703
131	56	1.00724
131	59	0.943226
131	60	0.987493
131	76	0.789941
131	77	0.964921
131	78	0.939162
131	79	1.02002
131	98	0.97948
131	102	0.960464
131	106	1.01615
131	111	1.08661
131	112	1.00276
131	113	0.989472
131	114	0.972242
131	115	0.893215
131	121	1.01363
131	126	1.02033
131	134	1.01334
131	140	1.06505
131	150	1.49753
131	153	0.908385
131	157	1.03157
131	158	1.10403
131	165	1.11636
131	167	1.33732
131	169	1.02596
131	180	1.69191
132	2	0.911385
132	3	1.07286
132	20	1.07066
132	28	1.00063
132	38	1.00116
132	65	1.26165
132	76	1.05666
132	129	0.942293
132	133	1.03937
132	138	0.818781
132	141	0.968784
132	143	1.02782
132	144	1.03169
132	146	1.02482
132	147	1.12148
132	152	0.987026
132	153	0.936131
132	156	1.03079
132	159	0.974511
132	161	0.934838
132	162	0.943232
132	164	0.911611
132	165	1.03393
132	166	1.0371
132	167	0.967373
132	170	0.915335
132	171	0.918513
132	172	0.950799
132	173	0.913399
132	177	0.880941
132	179	1.01183
132	180	0.903318
133	44	0.915374
133	80	1.08781
133	92	1.06334
133	93	1.10005
133	97	0.8671
133	117	1.18546
133	118	0.944109
133	126	1.02503
133	132	1.03937
133	135	0.998444
133	137	1.0913
133	144	1.02251
133	146	1.01564
133	151	1.0319
133	152	0.977849
133	153	0.926953
133	154	1.09828
133	157	0.849766
133	158	1.04444
133	162	0.934054
133	164	0.902434
133	165	1.02476
133	166	1.02792
133	168	0.924012
133	171	0.909335
133	172	0.941621
133	173	0.904222
133	174	0.829159
133	177	0.871763
133	178	0.925752
133	179	1.00265
133	180	0.894141
134	16	1.0314
134	29	0.899847
134	47	0.977636
134	51	1.03731
134	56	1.02752
134	59	0.963511
134	60	1.00778
134	74	0.974008
134	77	0.985206
134	78	0.959447
134	79	1.04031
134	98	0.999765
134	102	0.980749
134	106	1.03643
134	112	1.02304
134	113	1.00976
134	114	0.992527
134	121	1.03391
134	126	1.04061
134	131	1.01334
134	140	1.08533
134	141	1.27665
134	144	1.06053
134	149	1.22265
134	151	0.891248
134	153	0.92867
134	157	1.05186
134	160	1.30151
134	162	1.4195
134	163	1.22984
134	164	1.64507
134	169	0.884996
134	179	1.03531
135	3	1.04689
135	8	0.935114
135	40	0.982175
135	42	1.04021
135	48	0.9662
135	50	1.05565
135	53	1.02128
135	66	0.792781
135	75	0.969705
135	82	0.965961
135	90	1.00759
135	91	0.9705
135	93	1.01763
135	95	1.01412
135	97	1.06968
135	100	0.980845
135	102	0.972935
135	107	0.95464
135	115	0.765404
135	123	0.85868
135	124	1.00926
135	129	1.01693
135	133	0.998444
135	136	1.03681
135	137	1.01104
135	138	1.03904
135	146	1.05535
135	147	1.01585
135	150	1.36972
135	170	1.63579
135	172	1.2384
135	178	1.38044
135	179	1.04847
136	3	1.0657
136	8	0.953928
136	40	1.00099
136	42	1.05902
136	48	0.985014
136	50	1.07446
136	53	1.04009
136	75	0.988518
136	78	0.970447
136	90	1.0264
136	91	0.989313
136	92	0.734366
136	93	1.03644
136	95	1.03293
136	97	1.08849
136	100	0.999658
136	102	0.991749
136	107	0.973454
136	115	0.669866
136	117	1.00042
136	124	1.02807
136	129	1.03574
136	135	1.03681
136	137	1.02985
136	138	1.05785
136	146	0.959807
136	147	1.03466
136	153	1.39303
136	163	1.14746
136	166	0.975427
136	168	1.29786
136	169	0.802612
136	173	1.57335
136	176	1.34749
136	180	1.46856
137	3	1.03993
137	8	0.928155
137	40	0.975216
137	42	1.03325
137	48	0.959241
137	50	1.04869
137	53	1.01432
137	75	0.962746
137	78	0.944674
137	80	0.932163
137	82	0.959002
137	90	1.00063
137	91	0.963541
137	93	1.01067
137	95	1.00716
137	97	1.06272
137	100	0.973886
137	102	0.965976
137	107	0.947681
137	115	0.858264
137	117	0.974645
137	124	1.0023
137	129	1.00997
137	133	1.0913
137	135	1.01104
137	136	1.02985
137	138	1.03208
137	140	0.915566
137	146	1.1482
137	147	1.00889
137	148	1.03373
137	152	1.30413
137	155	1.50634
137	163	1.33586
137	172	1.33126
137	175	1.19126
137	179	1.14133
138	3	1.06793
138	8	0.956155
138	40	1.00322
138	42	1.06125
138	48	0.987241
138	50	1.07669
138	53	1.04232
138	69	0.780481
138	75	0.990745
138	78	0.972674
138	82	0.987002
138	90	1.02863
138	91	0.99154
138	93	1.03867
138	95	1.03516
138	97	1.09072
138	100	1.00189
138	102	0.993976
138	107	0.975681
138	117	1.00264
138	124	1.0303
138	129	1.03797
138	132	0.818781
138	135	1.03904
138	136	1.05785
138	137	1.03208
138	143	0.876875
138	147	1.03689
138	148	1.06173
138	150	1.14483
138	166	0.84607
138	167	0.984613
138	169	0.673255
