1	69	0.999643
1	70	1.06268
1	71	1.01353
1	105	1.04071
1	109	1.0813
1	125	1.0775
1	136	1.04457
1	137	1.0639
1	155	0.939654
1	165	0.937007
1	175	1.10576
1	176	1.01581
2	13	1.10593
2	64	1.06482
2	90	1.04442
2	101	1.0569
2	104	1.00825
2	108	0.975157
2	118	1.02947
2	140	0.997338
2	158	1.00681
2	168	1.06479
2	173	0.985236
2	179	1.04844
3	110	0.813852
3	115	0.811855
3	128	1.09242
3	131	1.03928
3	134	1.06876
3	142	1.05831
3	145	1.02594
3	151	1.06728
3	152	1.03904
3	172	1.32346
3	173	0.992519
3	179	1.05572
4	111	1.19584
4	122	0.96755
4	128	0.975663
4	129	0.931302
4	130	0.937765
4	142	0.941547
4	145	0.909175
4	152	0.92228
4	158	1.24156
4	173	0.875757
4	176	1.45193
4	179	0.938961
5	34	0.873083
5	119	1.08095
5	126	1.05763
5	129	1.04321
5	130	1.04967
5	145	1.02108
5	151	1.06243
5	152	1.03418
5	159	0.875412
5	172	1.24171
5	175	0.993994
5	179	1.05086
6	75	1.11577
6	113	1.07124
6	119	1.07073
6	120	1.06108
6	122	1.06924
6	131	0.994174
6	145	1.01087
6	151	1.05221
6	152	1.02397
6	167	0.857125
6	176	1.01943
6	179	1.04065
7	45	0.953458
7	47	0.700801
7	72	1.0463
7	90	0.802408
7	91	1.05173
7	117	1.06502
7	141	0.752414
7	151	1.0832
7	152	1.05495
7	157	1.0657
7	174	1.05564
7	180	0.977468
8	120	0.949834
8	122	0.958001
8	126	0.936174
8	130	0.928215
8	134	0.942451
8	142	0.931997
8	145	0.899625
8	151	0.940973
8	152	0.91273
8	162	1.1966
8	175	1.3505
8	176	1.3393
9	22	0.987585
9	54	0.918185
9	64	0.963319
9	99	1.15482
9	102	0.93642
9	118	0.927977
9	162	1.40818
9	164	1.32747
9	166	0.872536
9	168	0.963294
9	173	0.88374
9	179	0.946944
10	16	0.942026
10	47	0.987645
10	59	0.949148
10	95	0.949346
10	136	0.905684
10	157	1.17304
10	160	1.10974
10	161	0.942671
10	168	0.94289
10	171	0.901931
10	172	1.59891
10	178	0.878658
11	117	1.04373
11	120	1.07076
11	123	0.998434
11	126	1.0571
11	129	1.04268
11	142	1.05293
11	145	1.02055
11	151	1.0619
11	156	0.795951
11	172	1.23286
11	178	0.955746
11	179	1.05034
12	64	1.08926
12	90	1.06887
12	102	1.06237
12	118	1.05392
12	123	1.04453
12	139	0.729172
12	143	0.818844
12	163	1.15798
12	166	0.998481
12	172	1.27506
12	173	1.00969
12	179	1.07289
13	2	1.10593
13	90	1.04826
13	101	1.06074
13	102	1.04176
13	118	1.03332
13	146	0.81342
13	155	0.8732
13	168	1.06863
13	172	1.28702
13	173	0.989079
13	178	1.00991
13	179	1.05228
14	43	1.01944
14	88	1.15509
14	122	1.13301
14	144	0.93498
14	148	0.978017
14	159	0.952358
14	165	0.964853
14	169	0.932791
14	174	0.95541
14	175	0.91251
14	177	0.891841
14	180	0.877241
15	23	1.89171
15	50	0.90913
15	57	0.885021
15	72	0.917175
15	74	1.01229
15	82	0.895814
15	88	0.94966
15	89	0.94966
15	91	0.922604
15	148	0.925432
15	161	0.958643
15	176	1.0711
16	10	0.942026
16	47	1.07139
16	59	1.03289
16	61	1.01951
16	94	0.873608
16	95	1.03309
16	146	1.02823
16	159	1.13553
16	161	1.02641
16	168	1.02663
16	171	0.985671
16	176	1.24292
16	178	0.962398
17	83	0.797297
17	131	1.015
17	139	1.06191
17	147	0.860483
17	149	0.989893
17	155	1.03101
17	156	1.04015
17	164	1.03063
17	165	1.01987
17	167	1.0223
17	168	0.864311
17	177	0.946862
17	180	0.932262
18	87	1.00805
18	109	1.02135
18	112	1.03094
18	116	1.01888
18	125	1.01755
18	137	1.00395
18	143	0.856573
18	161	1.0216
18	163	1.19571
18	168	1.02182
18	172	1.31279
18	174	0.918406
18	176	0.955862
19	63	1.11445
19	103	0.926885
19	127	1.03765
19	133	1.00698
19	135	0.990782
19	138	0.999908
19	141	1.03941
19	147	1.01405
19	149	1.01226
19	154	1.02664
19	170	1.28203
19	174	0.966634
19	178	0.972321
20	62	0.863253
20	79	0.89434
20	105	0.889046
20	109	0.929632
20	112	0.93923
20	116	0.927163
20	121	1.14745
20	125	0.925838
20	137	0.912236
20	160	1.31109
20	168	0.93011
20	171	0.889152
20	180	1.72269
21	118	0.854039
21	130	0.926653
21	135	1.01946
21	148	1.07413
21	158	1.07809
21	161	0.756293
21	163	0.989234
21	169	1.02891
21	170	0.98654
21	172	0.973154
21	175	1.00863
21	177	0.987957
21	180	0.973357
22	9	0.987585
22	54	1.00667
22	101	1.04389
22	102	1.02491
22	107	0.968035
22	118	1.01647
22	155	1.09079
22	165	1.08814
22	166	0.961026
22	168	1.05178
22	171	1.14102
22	173	0.97223
22	179	1.03543
23	15	1.89171
23	116	0.863532
23	127	0.867579
23	137	0.848604
23	142	1.91181
23	149	0.842182
23	150	0.847654
23	154	0.856565
23	163	0.77184
23	164	0.854333
23	175	0.791232
23	176	0.800517
23	180	0.755963
24	119	1.04309
24	122	1.0416
24	126	1.01977
24	134	1.02605
24	142	1.01559
24	145	0.98322
24	146	0.946448
24	151	1.02457
24	152	0.996325
24	159	1.05375
24	160	0.930883
24	173	0.949802
24	180	1.34249
25	133	1.01657
25	135	1.00037
25	136	0.944083
25	138	1.00949
25	147	1.02363
25	149	1.02184
25	154	1.03623
25	173	1.03203
25	176	0.980177
25	177	1.14577
25	178	0.981907
25	179	1.02979
25	180	1.16257
26	105	0.906785
26	119	1.06191
26	135	1.01789
26	137	0.810322
26	138	0.800267
26	142	1.03442
26	152	1.01515
26	160	1.03856
26	168	1.04818
26	171	1.00722
26	175	0.972935
26	178	0.983951
26	180	0.937666
27	36	0.929903
27	53	0.77306
27	80	1.08566
27	118	0.955138
27	120	0.854335
27	138	1.00886
27	154	1.03559
27	164	1.03335
27	168	1.0455
27	171	1.00454
27	175	0.970253
27	178	0.981268
27	180	0.934984
28	82	0.857549
28	92	0.970634
28	100	0.83011
28	101	0.852697
28	157	1.04968
28	160	1.06234
28	162	1.03733
28	169	1.017
28	170	0.974629
28	172	0.961243
28	174	1.03961
28	175	0.996715
28	180	0.961446
29	54	0.993193
29	64	1.03833
29	102	1.01143
29	111	0.959613
29	118	1.00299
29	121	1.08752
29	162	1.07302
29	166	0.947544
29	167	1.0534
29	168	1.0383
29	173	0.958748
29	178	1.19752
29	179	1.02195
30	73	1.01554
30	97	1.00337
30	133	1.01488
30	138	1.0078
30	147	1.02194
30	149	1.02015
30	153	1.07587
30	154	1.03453
30	158	1.0275
30	165	1.08032
30	166	0.953688
30	174	1.10241
30	179	1.0281
31	50	1.00281
31	100	0.81172
31	120	0.837949
31	149	0.859027
31	156	1.06259
31	157	1.04293
31	162	1.03058
31	165	1.04231
31	169	1.01025
31	172	0.954492
31	174	1.03286
31	177	0.969295
31	180	0.954695
32	48	1.1475
32	122	0.934198
32	126	0.912371
32	128	0.94231
32	129	0.897949
32	130	0.904412
32	134	0.918648
32	142	0.908194
32	145	0.875822
32	151	0.91717
32	152	0.888927
32	159	1.5286
32	174	1.50052
33	67	0.989594
33	99	0.97596
33	106	1.03785
33	127	1.00695
33	135	0.960083
33	138	0.96921
33	141	1.00871
33	147	0.983347
33	149	0.981558
33	154	0.995941
33	160	1.14177
33	166	0.915096
33	173	1.42283
33	179	0.989504
34	5	0.873083
34	127	1.04497
34	131	1.0148
34	143	1.02832
34	151	0.977
34	155	1.03081
34	163	0.947937
34	170	0.945243
34	174	1.01023
34	175	0.967329
34	176	0.976615
34	177	0.94666
34	179	1.016
34	180	0.93206
35	50	0.948529
35	53	1.04541
35	57	0.924419
35	72	0.956574
35	74	1.05169
35	82	0.935212
35	88	0.989058
35	89	0.989058
35	91	0.962003
35	104	1.20798
35	115	1.16423
35	121	1.02303
35	161	0.998042
35	164	1.1935
36	27	0.929903
36	53	1.03745
36	57	0.916459
36	72	0.948614
36	74	1.04373
36	82	0.927252
36	88	0.981098
36	89	0.981098
36	91	0.954043
36	99	1.02017
36	123	1.29752
36	139	0.986054
36	161	0.990082
36	176	1.27302
37	115	1.14459
37	117	0.695034
37	120	0.766861
37	141	0.806059
37	147	0.658528
37	149	0.787939
37	153	1.1078
37	157	1.10593
37	162	1.09358
37	163	1.03357
37	164	1.11606
37	167	1.10773
37	169	1.07324
37	172	1.01749
38	60	1.45461
38	119	1.00013
38	120	0.990473
38	122	0.99864
38	126	0.976813
38	128	1.00675
38	130	0.968854
38	134	0.98309
38	145	0.940264
38	151	0.981612
38	152	0.953369
38	157	1.05914
38	160	0.995837
38	167	1.06378
39	77	0.963972
39	83	1.0184
39	86	0.99319
39	105	0.963475
39	107	0.967623
39	125	1.00027
39	136	0.967334
39	137	0.986666
39	150	1.11007
39	166	1.42292
39	167	1.08298
39	168	1.00454
39	171	0.963582
39	176	0.938578
40	62	0.925793
40	77	0.952082
40	84	1.00381
40	87	0.978871
40	108	1.0207
40	109	0.992172
40	112	1.00177
40	116	0.989703
40	125	0.988378
40	137	0.974776
40	156	1.08474
40	164	1.03932
40	168	0.99265
40	170	1.44266
41	72	0.936113
41	96	0.92938
41	150	1.01636
41	152	1.06726
41	158	1.02941
41	159	0.999787
41	164	1.02304
41	169	0.98022
41	172	0.924467
41	174	1.00284
41	175	0.959939
41	177	0.93927
41	179	0.891651
41	180	0.92467
42	69	1.24721
42	117	0.974024
42	120	1.00106
42	126	0.9874
42	129	0.972977
42	134	0.993676
42	139	1.05516
42	142	0.983223
42	143	1.14483
42	145	0.950851
42	151	0.992199
42	152	0.963956
42	158	1.13175
42	179	0.980637
43	14	1.01944
43	67	1.05146
43	80	1.10788
43	127	1.06882
43	135	1.02195
43	138	1.03108
43	141	1.07058
43	147	1.04522
43	148	0.839251
43	149	1.04343
43	154	1.05781
43	165	0.827369
43	170	1.16485
43	173	1.03573
43	176	1.00176
44	118	1.04379
44	128	1.09946
44	135	1.03334
44	147	1.0566
44	150	0.904975
44	151	1.07432
44	152	1.04608
44	154	1.0692
44	157	0.873235
44	169	0.994118
44	172	1.29911
44	173	0.999557
44	174	0.904722
44	178	1.01488
44	179	1.06276
45	7	0.953458
45	104	1.22876
45	107	1.16004
45	127	0.988034
45	133	0.957365
45	138	0.950289
45	141	0.989793
45	147	0.964427
45	149	0.962638
45	154	0.977021
45	166	0.896175
45	175	1.44889
45	176	0.920972
45	178	0.922702
45	179	0.970584
46	79	1.10024
46	95	0.873588
46	109	1.05885
46	138	1.0797
46	144	0.957938
46	146	1.01538
46	153	0.990301
46	159	0.975316
46	164	0.998569
46	169	0.95575
46	170	0.913382
46	172	0.899996
46	174	0.978368
46	177	0.914799
46	180	0.900199
47	7	0.700801
47	10	0.987645
47	16	1.07139
47	59	1.07851
47	61	1.06513
47	95	1.07871
47	136	1.03504
47	144	1.11783
47	155	1.03014
47	156	1.00705
47	161	1.07203
47	165	1.02749
47	168	1.07225
47	171	1.03129
47	178	1.00802
48	32	1.1475
48	84	0.852926
48	124	0.763069
48	137	0.767624
48	144	1.06249
48	155	1.10349
48	165	1.09236
48	167	1.09478
48	169	1.0603
48	170	1.01793
48	172	1.00454
48	175	1.04002
48	177	1.01935
48	179	0.637218
48	180	1.00475
49	78	0.979431
49	118	1.11538
49	140	1.02099
49	150	0.975853
49	152	1.11844
49	160	0.985057
49	164	0.982532
49	165	0.971774
49	167	0.974198
49	168	0.910075
49	169	0.939712
49	172	0.883959
49	174	0.962331
49	175	0.919431
49	180	0.884162
50	15	0.90913
50	31	1.00281
50	35	0.948529
50	57	0.90392
50	72	0.936075
50	74	1.03119
50	82	0.914713
50	88	0.968559
50	89	0.968559
50	91	0.941503
50	93	1.18696
50	107	1.00028
50	161	0.977543
50	174	1.22685
50	175	1.37352
51	70	1.09369
51	98	0.997412
51	129	1.05506
51	139	1.01722
51	143	0.983833
51	148	0.988347
51	153	0.977673
51	159	0.962688
51	160	0.988466
51	163	0.903448
51	168	0.965066
51	174	0.96574
51	175	0.92284
51	177	0.902171
51	180	0.887571
52	71	0.800769
52	75	0.801866
52	147	2.15108
52	156	0.866385
52	157	0.84673
52	158	0.863231
52	162	0.834383
52	163	0.774371
52	168	2.15491
52	169	0.814045
52	170	0.771677
52	172	0.758291
52	174	0.836663
52	177	0.773094
52	180	0.758494
53	27	0.77306
53	35	1.04541
53	36	1.03745
53	57	1.0008
53	68	0.870106
53	72	1.03296
53	74	1.12808
53	82	1.0116
53	88	1.06544
53	89	1.06544
53	91	1.03839
53	155	0.961276
53	161	1.07443
53	173	1.16699
53	176	1.11618
54	9	0.918185
54	22	1.00667
54	29	0.993193
54	90	0.962013
54	101	0.974488
54	102	0.955509
54	110	1.08044
54	118	0.947066
54	136	1.29399
54	166	0.891625
54	168	0.982384
54	169	1.28506
54	171	1.22645
54	173	0.902829
54	179	0.966033
55	92	1.01875
55	103	0.978273
55	127	1.04641
55	133	1.01574
55	135	0.99954
55	138	1.00867
55	141	1.04817
55	147	1.0228
55	149	1.02101
55	154	1.0354
55	159	1.0461
55	164	0.930073
55	165	0.995934
55	166	0.954552
55	170	1.33342
55	179	1.02896
56	78	1.08872
56	81	1.0087
56	92	1.01533
56	99	0.877904
56	127	1.043
56	132	1.02472
56	135	0.996127
56	147	1.01939
56	148	1.1283
56	149	1.0176
56	154	1.03198
56	155	1.11906
56	162	1.13127
56	176	0.975936
56	178	0.977666
56	179	1.02555
57	15	0.885021
57	35	0.924419
57	36	0.916459
57	50	0.90392
57	53	1.0008
57	72	0.911965
57	74	1.00708
57	82	0.890604
57	88	0.94445
57	89	0.94445
57	91	0.917394
57	146	1.14837
57	161	0.953433
57	171	1.25837
57	173	1.41386
57	176	1.36305
58	113	1.04334
58	119	1.04283
58	120	1.03318
58	126	1.01952
58	129	1.00509
58	130	1.01156
58	134	1.02579
58	142	1.01534
58	144	1.00413
58	145	0.982967
58	151	1.02431
58	152	0.996072
58	160	0.841091
58	162	0.928647
58	166	1.24898
58	170	1.25127
59	10	0.949148
59	16	1.03289
59	47	1.07851
59	61	1.02663
59	71	1.14059
59	95	1.04021
59	111	0.746143
59	124	1.04647
59	136	0.996546
59	161	1.03353
59	166	1.17988
59	168	1.03375
59	171	0.992794
59	173	1.05305
59	177	1.16679
59	178	0.96952
60	38	1.45461
60	82	1.42719
60	144	0.891879
60	160	0.935036
60	161	1.42904
60	163	0.850017
60	165	0.921752
60	166	0.853898
60	167	0.924176
60	169	0.889691
60	170	0.847323
60	172	0.833938
60	175	0.869409
60	177	0.84874
60	180	0.83414
61	16	1.01951
61	47	1.06513
61	59	1.02663
61	66	1.12735
61	95	1.02683
61	121	1.06959
61	124	1.03309
61	136	0.983164
61	150	1.02546
61	155	1.00577
61	158	0.950301
61	161	1.02015
61	168	1.02037
61	171	0.979412
61	175	1.17187
61	178	0.956138
62	20	0.863253
62	40	0.925793
62	71	0.892395
62	79	0.924867
62	84	0.971793
62	96	0.980972
62	112	0.969757
62	116	0.957689
62	121	1.12016
62	125	0.956365
62	137	0.942762
62	155	1.35915
62	165	1.3565
62	167	1.35175
62	171	0.919678
62	176	0.894675
63	19	1.11445
63	114	0.952786
63	115	0.997752
63	119	1.15289
63	150	0.962541
63	157	0.959086
63	165	0.958462
63	167	0.960886
63	168	1.1053
63	169	0.926401
63	172	0.870647
63	174	0.949019
63	175	0.906119
63	177	0.88545
63	179	1.13806
63	180	0.87085
64	2	1.06482
64	9	0.963319
64	12	1.08926
64	29	1.03833
64	90	1.00715
64	101	1.01962
64	102	1.00064
64	118	0.992201
64	121	1.07673
64	136	1.05853
64	148	0.949999
64	158	0.885296
64	166	0.936759
64	175	1.10687
64	179	1.01117
64	180	1.27702
65	83	1.04351
65	96	1.04999
65	105	0.988593
65	112	1.03878
65	116	1.02671
65	125	1.02539
65	136	0.992452
65	137	1.01178
65	153	0.933975
65	158	0.885608
65	161	1.02944
65	166	1.27362
65	168	1.02966
65	175	1.10718
65	176	0.963696
65	178	1.07779
66	61	1.12735
66	79	1.23327
66	101	0.965387
66	118	0.937965
66	128	1.09515
66	141	0.976142
66	149	0.948986
66	151	1.05339
66	154	0.963369
66	167	0.952802
66	168	0.973283
66	170	0.875949
66	177	0.877367
66	178	0.909051
66	179	0.956932
66	180	0.862767
67	33	0.989594
67	43	1.05146
67	69	0.960318
67	97	0.970156
67	100	1.01744
67	127	1.01233
67	133	0.981664
67	135	0.965462
67	138	0.974589
67	147	0.988726
67	149	0.986937
67	154	1.00132
67	170	1.26572
67	171	0.981113
67	173	1.1366
67	174	0.950328
67	177	1.25034
68	53	0.870106
68	79	1.02052
68	101	0.947739
68	110	1.05355
68	129	0.936865
68	143	1.02014
68	148	1.02466
68	154	0.937301
68	155	1.02263
68	160	1.02478
68	163	0.939758
68	165	1.01149
68	169	0.979431
68	174	1.00205
68	175	0.95915
68	177	0.938481
68	180	0.923881
69	1	0.999643
69	42	1.24721
69	67	0.960318
69	102	0.949703
69	118	0.94126
69	120	1.10254
69	130	1.27596
69	149	0.952281
69	154	0.966664
69	158	0.970798
69	165	0.953673
69	173	0.897023
69	175	0.90133
69	177	0.880661
69	179	0.960227
69	180	0.866061
70	1	1.06268
70	51	1.09369
70	77	0.967835
70	95	1.01486
70	115	0.968894
70	137	0.990529
70	142	0.994638
70	145	0.962267
70	151	1.00361
70	152	0.975372
70	153	1.05957
70	161	1.00818
70	163	1.36341
70	164	0.998163
70	168	1.0084
70	171	0.967445
70	178	0.944171
71	1	1.01353
71	52	0.800769
71	59	1.14059
71	62	0.892395
71	89	1.21351
71	113	1.229
71	134	1.22598
71	137	0.941378
71	138	0.922607
71	141	0.962111
71	147	0.936745
71	154	0.949339
71	159	0.923853
71	171	0.918294
71	174	0.926905
71	177	0.863336
71	180	0.848736
72	7	1.0463
72	15	0.917175
72	35	0.956574
72	36	0.948614
72	41	0.936113
72	50	0.936075
72	53	1.03296
72	57	0.911965
72	74	1.03924
72	82	0.922758
72	88	0.976605
72	89	0.976605
72	91	0.949549
72	136	1.13304
72	155	1.01527
72	161	0.985588
72	166	1.34781
72	180	1.35152
73	30	1.01554
73	81	0.965386
73	127	0.999688
73	133	0.969019
73	135	0.952817
73	141	1.00145
73	144	1.23401
73	147	0.976081
73	149	0.974292
73	150	1.16601
73	154	0.988675
73	157	1.13427
73	165	1.14367
73	166	0.90783
73	171	1.19654
73	176	0.932627
73	178	0.934357
73	179	0.982238
74	15	1.01229
74	35	1.05169
74	36	1.04373
74	50	1.03119
74	53	1.12808
74	57	1.00708
74	72	1.03924
74	82	1.01788
74	88	1.07172
74	89	1.07172
74	91	1.04467
74	94	0.748634
74	108	0.875915
74	123	1.14244
74	136	1.08081
74	161	1.08071
74	171	1.01326
74	176	1.11794
75	6	1.11577
75	52	0.801866
75	81	1.32794
75	137	1.35245
75	148	0.950609
75	149	1.31487
75	150	0.941524
75	153	0.939935
75	158	0.95457
75	159	0.92495
75	163	0.86571
75	167	0.939869
75	169	0.905383
75	170	0.863016
75	172	0.84963
75	174	0.928002
75	175	0.885102
75	180	0.849833
76	113	0.893821
76	116	1.00005
76	128	0.931645
76	138	1.04923
76	141	1.03983
76	148	1.00446
76	155	1.00243
76	156	1.01157
76	160	1.00458
76	162	0.979569
76	164	1.00205
76	165	0.991293
76	169	0.959231
76	170	0.916864
76	172	0.903478
76	174	0.98185
76	175	0.93895
76	180	0.903681
77	39	0.963972
77	40	0.952082
77	70	0.967835
77	83	1.00078
77	87	0.973147
77	96	1.00726
77	105	0.945861
77	109	0.986448
77	116	0.983978
77	125	0.982654
77	132	1.0724
77	137	0.969051
77	153	1.15964
77	162	1.17895
77	164	1.09823
77	171	0.945967
77	173	1.37245
77	176	0.920964
78	49	0.979431
78	56	1.08872
78	100	1.08052
78	104	0.953372
78	107	0.884647
78	133	1.04475
78	135	1.02854
78	138	1.03767
78	140	0.942459
78	141	1.07717
78	144	1.0951
78	147	1.05181
78	149	1.05002
78	154	1.0644
78	174	1.02684
78	176	1.00835
78	178	1.01008
78	179	1.05796
79	20	0.89434
79	46	1.10024
79	62	0.924867
79	66	1.23327
79	68	1.02052
79	86	0.980373
79	87	0.977945
79	96	1.01206
79	109	0.991246
79	112	1.00084
79	116	0.988776
79	125	0.987452
79	137	0.973849
79	150	1.13138
79	167	1.10429
79	168	0.991723
79	171	0.950765
79	176	0.925762
80	27	1.08566
80	43	1.10788
80	97	1.02657
80	127	1.06875
80	131	1.00687
80	133	1.03808
80	135	1.02188
80	138	1.03101
80	140	0.812278
80	141	1.07051
80	147	1.04514
80	149	1.04335
80	154	1.05774
80	158	0.821752
80	170	1.21206
80	173	1.08294
80	175	1.04332
80	178	1.00342
81	56	1.0087
81	73	0.965386
81	75	1.32794
81	110	0.980916
81	127	0.995391
81	133	0.964722
81	135	0.94852
81	138	0.957647
81	141	0.99715
81	143	1.0343
81	147	0.971784
81	149	0.969995
81	154	0.984378
81	157	1.06465
81	163	1.37344
81	176	0.92833
81	178	0.93006
81	179	0.977941
82	15	0.895814
82	28	0.857549
82	35	0.935212
82	36	0.927252
82	50	0.914713
82	53	1.0116
82	57	0.890604
82	60	1.42719
82	72	0.922758
82	74	1.01788
82	88	0.955243
82	89	0.955243
82	91	0.928187
82	99	0.994314
82	107	0.986961
82	153	1.03666
82	161	0.964226
82	172	1.45758
82	175	1.20986
83	17	0.797297
83	39	1.0184
83	65	1.04351
83	77	1.00078
83	84	1.05251
83	87	1.02757
83	105	1.00028
83	109	1.04087
83	116	1.0384
83	123	1.05043
83	125	1.03708
83	137	1.02347
83	155	0.871033
83	163	1.16778
83	168	1.04135
83	171	1.00039
83	172	1.28486
83	176	0.975387
83	178	1.00774
84	40	1.00381
84	48	0.852926
84	62	0.971793
84	83	1.05251
84	86	1.0273
84	96	1.05899
84	109	1.03817
84	112	1.04777
84	116	1.0357
84	125	1.03438
84	130	0.0320514
84	137	1.02078
84	150	1.20621
84	160	1.11117
84	161	1.03843
84	171	0.997692
84	176	0.972688
84	178	1.32322
84	180	1.52277
85	98	1.02412
85	113	1.02465
85	117	0.987447
85	119	1.02414
85	120	1.01448
85	123	1.09492
85	126	1.00082
85	129	0.9864
85	130	0.992864
85	134	1.0071
85	142	0.996646
85	145	0.964274
85	151	1.00562
85	152	0.977379
85	157	0.90347
85	166	1.24806
85	169	1.02435
85	170	1.25035
85	178	1.05223
85	179	0.99406
86	39	0.99319
86	79	0.980373
86	84	1.0273
86	87	1.00236
86	94	0.840336
86	105	0.975078
86	108	0.967618
86	109	1.01566
86	112	1.02526
86	116	1.0132
86	125	1.01187
86	137	0.998269
86	139	0.922677
86	140	0.989799
86	161	1.01592
86	166	1.38729
86	168	1.01614
86	171	0.975185
86	172	1.46857
86	176	0.950181
87	18	1.00805
87	40	0.978871
87	77	0.973147
87	79	0.977945
87	83	1.02757
87	86	1.00236
87	94	0.797514
87	96	1.03405
87	105	0.97265
87	112	1.02283
87	116	1.01077
87	125	1.00944
87	137	0.995841
87	153	1.00482
87	155	1.01192
87	168	1.01371
87	169	1.12076
87	171	0.972757
87	172	1.42574
87	173	1.21763
88	14	1.15509
88	15	0.94966
88	35	0.989058
88	36	0.981098
88	50	0.968559
88	53	1.06544
88	57	0.94445
88	72	0.976605
88	74	1.07172
88	82	0.955243
88	89	1.00909
88	91	0.982033
88	99	1.04816
88	103	0.945363
88	107	1.04081
88	143	0.923279
88	161	1.01807
88	163	1.26242
88	164	0.897164
88	166	1.29822
89	15	0.94966
89	35	0.989058
89	36	0.981098
89	50	0.968559
89	53	1.06544
89	57	0.94445
89	71	1.21351
89	72	0.976605
89	74	1.07172
89	82	0.955243
89	88	1.00909
89	91	0.982033
89	99	1.04816
89	107	1.04081
89	150	0.93995
89	155	0.920257
89	161	1.01807
89	167	0.912857
89	170	1.25509
89	177	1.23971
90	2	1.04442
90	7	0.802408
90	12	1.06887
90	13	1.04826
90	54	0.962013
90	64	1.00715
90	101	0.999227
90	102	0.980248
90	108	1.04462
90	118	0.971805
90	121	1.05634
90	124	1.01985
90	143	1.08935
90	153	1.12464
90	166	0.916364
90	168	1.00712
90	173	0.927568
90	174	1.15118
90	178	1.26845
90	179	0.990772
91	7	1.05173
91	15	0.922604
91	35	0.962003
91	36	0.954043
91	50	0.941503
91	53	1.03839
91	57	0.917394
91	72	0.949549
91	74	1.04467
91	82	0.928187
91	88	0.982033
91	89	0.982033
91	99	1.0211
91	106	0.98975
91	107	1.01375
91	139	1.03696
91	159	1.21654
91	161	0.991017
91	164	1.10051
91	171	1.21925
91	178	1.30573
92	28	0.970634
92	55	1.01875
92	56	1.01533
92	97	0.959852
92	99	0.915687
92	100	1.00713
92	104	1.10282
92	114	1.18821
92	127	1.00203
92	133	0.97136
92	135	0.955158
92	138	0.964285
92	141	1.00379
92	144	1.24454
92	147	0.978422
92	149	0.976633
92	154	0.991016
92	173	1.36256
92	176	0.934968
92	178	0.936698
92	179	0.984579
93	50	1.18696
93	95	0.864591
93	120	1.0221
93	143	1.01633
93	147	0.913765
93	148	1.02084
93	150	1.01175
93	151	0.911355
93	157	1.0083
93	160	1.02096
93	162	0.995952
93	163	0.93594
93	164	1.01843
93	167	1.0101
93	168	0.917594
93	170	0.933246
93	172	0.919861
93	174	0.998233
93	175	0.955332
93	177	0.934664
93	180	0.920064
94	16	0.873608
94	74	0.748634
94	86	0.840336
94	87	0.797514
94	98	0.755987
94	101	1.10382
94	118	1.07639
94	119	0.771235
94	141	1.11457
94	147	1.0892
94	149	1.08741
94	152	0.932007
94	154	1.1018
94	164	1.09956
94	165	1.08881
94	168	1.11171
94	170	1.01438
94	177	1.01579
94	179	1.09536
94	180	1.00119
95	10	0.949346
95	16	1.03309
95	46	0.873588
95	47	1.07871
95	59	1.04021
95	61	1.02683
95	70	1.01486
95	93	0.864591
95	121	1.08317
95	124	1.04667
95	136	0.996744
95	161	1.03373
95	167	0.877643
95	168	1.03395
95	171	0.992991
95	176	1.03995
95	177	1.2045
95	178	0.969718
95	180	1.2213
96	41	0.92938
96	62	0.980972
96	65	1.04999
96	77	1.00726
96	79	1.01206
96	84	1.05899
96	87	1.03405
96	105	1.00676
96	109	1.04735
96	116	1.04488
96	121	0.769552
96	123	1.18793
96	125	1.04356
96	131	1.13818
96	137	1.02995
96	156	0.98545
96	161	1.04761
96	162	1.02075
96	168	1.04783
96	171	1.00687
96	176	0.981867
96	178	1.14524
97	30	1.00337
97	67	0.970156
97	80	1.02657
97	92	0.959852
97	100	0.992618
97	133	0.956847
97	135	0.940645
97	138	0.949771
97	140	1.16166
97	141	0.989275
97	143	1.18421
97	147	0.963909
97	149	0.96212
97	154	0.976503
97	157	1.21455
97	158	1.17113
97	165	1.22395
97	166	0.895657
97	167	1.2192
97	176	0.920454
97	178	0.922184
97	179	0.970066
98	51	0.997412
98	85	1.02412
98	94	0.755987
98	106	0.791123
98	113	1.05544
98	117	1.01824
98	119	1.05493
98	122	1.05344
98	123	1.14979
98	128	1.06155
98	129	1.01719
98	130	1.02365
98	134	1.03789
98	142	1.02743
98	145	0.995062
98	151	1.03641
98	152	1.00817
98	155	0.970392
98	173	0.961644
98	176	1.1253
98	177	1.28985
98	179	1.02485
99	9	1.15482
99	33	0.97596
99	36	1.02017
99	56	0.877904
99	82	0.994314
99	88	1.04816
99	89	1.04816
99	91	1.0211
99	92	0.915687
99	118	0.902196
99	120	1.06143
99	129	1.03335
99	139	1.0765
99	151	1.05257
99	152	1.02433
99	154	0.787313
99	155	1.04559
99	168	0.696888
99	174	1.02501
99	177	0.961446
99	179	1.04101
99	180	0.946846
100	28	0.83011
100	31	0.81172
100	67	1.01744
100	78	1.08052
100	92	1.00713
100	97	0.992618
100	127	1.0348
100	133	1.00413
100	135	0.987924
100	138	0.997051
100	141	1.03655
100	147	1.01119
100	149	1.0094
100	154	1.02378
100	164	0.947814
100	166	0.942937
100	171	1.06655
100	174	1.03576
100	176	0.967734
100	177	1.33578
100	178	0.969464
100	179	1.01734
100	180	1.35258
101	2	1.0569
101	13	1.06074
101	22	1.04389
101	28	0.852697
101	54	0.974488
101	64	1.01962
101	66	0.965387
101	68	0.947739
101	90	0.999227
101	94	1.10382
101	102	0.992724
101	115	0.941132
101	118	0.984281
101	123	0.974884
101	124	1.03232
101	140	0.973966
101	163	1.33565
101	166	0.928839
101	168	1.0196
101	169	1.14775
101	173	0.940044
101	178	1.17562
101	179	1.00325
102	9	0.93642
102	12	1.06237
102	13	1.04176
102	22	1.02491
102	29	1.01143
102	54	0.955509
102	64	1.00064
102	69	0.949703
102	90	0.980248
102	101	0.992724
102	107	0.94285
102	118	0.965302
102	121	1.04984
102	124	1.01334
102	155	1.0656
102	156	1.04252
102	157	1.05356
102	166	0.90986
102	168	1.00062
102	172	1.47943
102	173	0.921065
102	174	1.08505
102	178	1.20232
102	179	0.984268
103	19	0.926885
103	55	0.978273
103	88	0.945363
103	127	0.979465
103	134	0.912416
103	141	1.06144
103	143	1.01789
103	146	1.03681
103	150	1.01332
103	153	1.01173
103	154	1.00816
103	155	1.02038
103	157	1.00987
103	158	1.02637
103	163	0.937507
103	164	1.02
103	167	1.01167
103	169	0.97718
103	170	0.934813
103	174	0.999799
103	175	0.956899
103	177	0.93623
103	178	0.967914
103	180	0.92163
104	2	1.00825
104	35	1.20798
104	45	1.22876
104	78	0.953372
104	92	1.10282
104	122	0.889559
104	139	1.03993
104	153	1.00038
104	156	1.01817
104	157	0.998518
104	159	0.9854
104	160	1.01118
104	162	0.986171
104	163	0.926159
104	164	1.00865
104	167	1.00032
104	169	0.965833
104	170	0.923465
104	172	0.91008
104	174	0.988452
104	175	0.945551
104	177	0.924883
104	178	0.956567
104	179	0.916775
104	180	0.910283
105	1	1.04071
105	20	0.889046
105	26	0.906785
105	39	0.963475
105	65	0.988593
105	77	0.945861
105	83	1.00028
105	86	0.975078
105	87	0.97265
105	96	1.00676
105	112	0.995549
105	115	1.0999
105	116	0.983482
105	121	0.958691
105	125	0.982157
105	132	1.10333
105	136	0.949223
105	137	0.968554
105	161	0.98621
105	168	0.986429
105	169	1.30651
105	171	0.94547
105	175	1.36378
105	176	0.920467
105	178	1.33438
106	33	1.03785
106	91	0.98975
106	98	0.791123
106	109	0.891038
106	113	0.756474
106	114	1.04994
106	124	0.917386
106	132	1.08096
106	144	1.02575
106	146	1.08319
106	148	1.06878
106	150	1.0597
106	156	1.0759
106	161	0.866339
106	162	1.0439
106	163	0.983884
106	164	1.06638
106	170	0.98119
106	172	0.967805
106	174	1.04618
106	175	1.00328
106	176	1.01256
106	177	0.982608
106	179	0.791535
106	180	0.968007
107	22	0.968035
107	39	0.967623
107	45	1.16004
107	50	1.00028
107	78	0.884647
107	82	0.986961
107	88	1.04081
107	89	1.04081
107	91	1.01375
107	102	0.94285
107	109	0.947552
107	112	0.823328
107	117	1.02705
107	128	1.07036
107	143	1.03575
107	145	1.00387
107	151	1.04522
107	152	1.01698
107	156	1.04738
107	161	1.04979
107	168	0.815291
107	172	0.93929
107	173	0.970455
107	174	1.01766
107	177	0.954093
107	180	0.939493
108	2	0.975157
108	40	1.0207
108	74	0.875915
108	86	0.967618
108	90	1.04462
108	112	0.85896
108	114	1.03282
108	126	0.915656
108	131	1.03362
108	143	1.04714
108	157	1.03912
108	158	1.05562
108	159	1.026
108	162	1.02677
108	163	0.96676
108	164	1.04925
108	165	1.03849
108	167	1.04092
108	168	0.850923
108	170	0.964066
108	172	0.95068
108	174	1.02905
108	175	0.986152
108	177	0.965483
108	178	0.997167
108	180	0.950883
109	1	1.0813
109	18	1.02135
109	20	0.929632
109	40	0.992172
109	46	1.05885
109	77	0.986448
109	79	0.991246
109	83	1.04087
109	84	1.03817
109	86	1.01566
109	96	1.04735
109	106	0.891038
109	107	0.947552
109	110	0.974527
109	112	1.03614
109	116	1.02407
109	125	1.02274
109	136	0.98981
109	137	1.00914
109	158	1.01484
109	159	1.11783
109	161	1.0268
109	164	1.0018
109	171	0.986057
109	173	1.27602
109	176	0.961054
110	3	0.813852
110	54	1.08044
110	68	1.05355
110	81	0.980916
110	109	0.974527
110	115	1.06304
110	131	1.01887
110	142	0.840518
110	145	1.00701
110	146	1.05132
110	153	1.02624
110	155	1.03488
110	158	1.04087
110	159	1.01125
110	160	1.03703
110	162	1.01202
110	163	0.952012
110	164	1.03451
110	165	1.02375
110	167	1.02617
110	168	0.842266
110	169	0.991686
110	172	0.935932
110	177	0.950735
110	179	0.875025
110	180	0.936135
111	4	1.19584
111	29	0.959613
111	59	0.746143
111	122	0.842397
111	128	0.872376
111	133	0.999019
111	134	0.831533
111	139	1.06642
111	140	1.0736
111	143	1.03304
111	144	0.994513
111	146	1.05196
111	150	1.02846
111	153	1.02688
111	155	1.03552
111	157	1.02501
111	158	1.04151
111	159	1.01189
111	160	1.03767
111	167	1.02681
111	170	0.949957
111	172	0.936571
111	175	0.972043
111	177	0.951374
111	179	0.869612
111	180	0.936774
112	18	1.03094
112	20	0.93923
112	40	1.00177
112	62	0.969757
112	65	1.03878
112	79	1.00084
112	84	1.04777
112	86	1.02526
112	87	1.02283
112	105	0.995549
112	107	0.823328
112	108	0.85896
112	109	1.03614
112	116	1.03367
112	136	0.999408
112	137	1.01874
112	148	0.955318
112	161	1.03639
112	166	1.27863
112	167	0.938683
112	168	1.03661
112	171	0.995655
112	173	1.1518
112	176	0.970652
112	178	1.08279
112	180	1.28234
113	6	1.07124
113	58	1.04334
113	71	1.229
113	76	0.893821
113	85	1.02465
113	98	1.05544
113	106	0.756474
113	117	1.01877
113	119	1.05546
113	120	1.0458
113	122	1.05397
113	126	1.03214
113	128	1.06208
113	129	1.01772
113	130	1.02419
113	134	1.03842
113	139	0.803679
113	142	1.02797
113	144	1.02344
113	145	0.995596
113	146	0.875963
113	151	1.03694
113	152	1.0087
113	169	1.04458
113	170	1.27058
113	173	0.962178
113	178	1.07245
113	179	1.02538
114	63	0.952786
114	92	1.18821
114	106	1.04994
114	108	1.03282
114	117	1.00209
114	122	0.974953
114	125	0.995144
114	133	1.13158
114	146	1.00358
114	150	0.980087
114	153	0.978498
114	154	1.05984
114	156	0.996287
114	157	0.976632
114	159	0.963514
114	162	0.964285
114	163	0.904273
114	165	0.976009
114	166	0.908154
114	167	0.978432
114	168	0.96941
114	169	0.943947
114	170	0.901579
114	172	0.888194
114	173	0.919358
114	174	0.966566
114	175	0.923666
114	177	0.902997
114	179	1.00217
114	180	0.888397
115	3	0.811855
115	35	1.16423
115	37	1.14459
115	63	0.997752
115	70	0.968894
115	101	0.941132
115	105	1.0999
115	110	1.06304
115	122	0.845811
115	133	1.00243
115	134	0.834947
115	146	1.04854
115	150	1.02505
115	155	1.03211
115	158	1.0381
115	161	0.947831
115	163	0.949239
115	164	1.03173
115	165	1.02097
115	166	0.95312
115	167	1.0234
115	169	0.988913
115	170	0.946545
115	172	0.93316
115	173	0.964324
115	174	1.01153
115	175	0.968631
115	176	0.977917
115	177	0.947963
115	180	0.933363
116	18	1.01888
116	20	0.927163
116	23	0.863532
116	40	0.989703
116	62	0.957689
116	65	1.02671
116	76	1.00005
116	77	0.983978
116	79	0.988776
116	83	1.0384
116	84	1.0357
116	86	1.0132
116	87	1.01077
116	96	1.04488
116	105	0.983482
116	109	1.02407
116	112	1.03367
116	125	1.02027
116	131	1.17163
116	137	1.00667
116	140	0.977033
116	146	0.982195
116	156	1.01889
116	161	1.02433
116	164	0.973468
116	165	1.03933
116	168	1.02455
116	171	0.983588
116	173	1.24769
116	177	1.36143
117	7	1.06502
117	11	1.04373
117	37	0.695034
117	42	0.974024
117	85	0.987447
117	98	1.01824
117	107	1.02705
117	113	1.01877
117	114	1.00209
117	119	1.01826
117	120	1.0086
117	122	1.01677
117	126	0.994942
117	128	1.02488
117	129	0.98052
117	130	0.986984
117	134	1.00122
117	142	0.990765
117	143	0.928331
117	145	0.958394
117	146	0.910943
117	151	0.999741
117	152	0.971499
117	170	1.30556
117	171	1.02095
117	172	1.38455
117	173	0.924976
117	175	1.13683
117	177	1.29018
117	179	0.988179
118	2	1.02947
118	9	0.927977
118	12	1.05392
118	13	1.03332
118	21	0.854039
118	22	1.01647
118	27	0.955138
118	29	1.00299
118	44	1.04379
118	49	1.11538
118	54	0.947066
118	64	0.992201
118	66	0.937965
118	69	0.94126
118	90	0.971805
118	94	1.07639
118	99	0.902196
118	101	0.984281
118	102	0.965302
118	121	1.04139
118	123	0.947462
118	124	1.0049
118	148	1.15259
118	158	1.08789
118	164	1.07485
118	166	0.901417
118	168	0.992176
118	170	1.47819
118	173	0.912622
118	174	1.16279
118	179	0.975825
119	5	1.08095
119	6	1.07073
119	24	1.04309
119	26	1.06191
119	38	1.00013
119	58	1.04283
119	63	1.15289
119	85	1.02414
119	94	0.771235
119	98	1.05493
119	113	1.05546
119	117	1.01826
119	121	0.746658
119	122	1.05346
119	128	1.06158
119	129	1.01721
119	130	1.02368
119	134	1.03791
119	142	1.02746
119	145	0.995088
119	151	1.03644
119	152	1.00819
119	156	0.962555
119	159	1.03316
119	164	0.917132
119	165	0.982992
119	171	1.03587
119	173	0.96167
119	176	1.14055
119	179	1.02487
119	180	1.3219
120	6	1.06108
120	8	0.949834
120	11	1.07076
120	27	0.854335
120	31	0.837949
120	37	0.766861
120	38	0.990473
120	42	1.00106
120	58	1.03318
120	69	1.10254
120	85	1.01448
120	93	1.0221
120	99	1.06143
120	113	1.0458
120	117	1.0086
120	122	1.0438
120	126	1.02198
120	128	1.05192
120	129	1.00756
120	130	1.01402
120	134	1.02825
120	142	1.0178
120	145	0.985429
120	151	1.02678
120	152	0.998534
120	160	0.967205
120	162	1.05476
120	173	0.952011
120	174	1.06199
120	175	1.20865
120	176	1.19746
120	179	1.01522
121	20	1.14745
121	29	1.08752
121	35	1.02303
121	61	1.06959
121	62	1.12016
121	64	1.07673
121	90	1.05634
121	95	1.08317
121	96	0.769552
121	102	1.04984
121	105	0.958691
121	118	1.04139
121	119	0.746658
121	128	0.734586
121	138	0.852173
121	142	0.697316
121	145	0.863808
121	161	1.07649
121	163	0.982071
121	167	1.05623
121	168	1.07671
121	170	0.979377
121	171	1.03575
121	172	0.965991
121	173	0.997156
121	174	1.04436
121	175	1.00146
121	177	0.980794
121	178	1.01248
121	179	1.06036
121	180	0.966194
122	4	0.96755
122	6	1.06924
122	8	0.958001
122	14	1.13301
122	24	1.0416
122	32	0.934198
122	38	0.99864
122	98	1.05344
122	104	0.889559
122	111	0.842397
122	113	1.05397
122	114	0.974953
122	115	0.845811
122	117	1.01677
122	119	1.05346
122	120	1.0438
122	126	1.03014
122	128	1.06008
122	129	1.01572
122	130	1.02219
122	134	1.03642
122	142	1.02597
122	145	0.993596
122	151	1.03494
122	152	1.0067
122	167	0.936189
122	171	0.993815
122	173	0.960178
122	176	1.09849
122	178	1.0803
122	179	1.02338
122	180	1.27985
123	11	0.998434
123	12	1.04453
123	36	1.29752
123	74	1.14244
123	83	1.05043
123	85	1.09492
123	96	1.18793
123	98	1.14979
123	101	0.974884
123	118	0.947462
123	133	0.95321
123	135	0.937009
123	138	0.946135
123	141	0.985639
123	145	1.28219
123	147	0.960273
123	149	0.958483
123	154	0.972866
123	159	0.947381
123	160	0.973159
123	164	0.970634
123	166	0.892021
123	168	0.98278
123	170	0.885446
123	172	0.872061
123	173	0.903225
123	174	0.950433
123	176	0.916818
123	177	0.886864
123	179	0.966429
123	180	0.872264
124	48	0.763069
124	59	1.04647
124	61	1.03309
124	90	1.01985
124	95	1.04667
124	101	1.03232
124	102	1.01334
124	106	0.917386
124	118	1.0049
124	126	1.03063
124	128	1.06057
124	130	1.02267
124	134	1.03691
124	135	0.0352244
124	140	1.03171
124	142	1.02645
124	144	1.18435
124	145	0.99408
124	151	1.03543
124	152	1.00718
124	157	1.08461
124	159	1.14418
124	161	1.04
124	163	1.3934
124	166	0.949457
124	168	1.04022
124	171	0.999258
124	173	0.960662
124	176	1.25156
124	178	0.975984
124	179	1.02387
124	180	1.43291
125	1	1.0775
125	18	1.01755
125	20	0.925838
125	39	1.00027
125	40	0.988378
125	62	0.956365
125	65	1.02539
125	77	0.982654
125	79	0.987452
125	83	1.03708
125	84	1.03438
125	86	1.01187
125	87	1.00944
125	96	1.04356
125	105	0.982157
125	109	1.02274
125	114	0.995144
125	116	1.02027
125	131	1.09343
125	136	0.986016
125	137	1.00535
125	140	0.898838
125	153	0.956679
125	159	1.0113
125	160	0.888435
125	161	1.023
125	163	1.26052
125	166	1.29633
125	168	1.02322
125	169	1.07262
125	171	0.982263
125	176	0.95726
125	177	1.28323
126	5	1.05763
126	8	0.936174
126	11	1.0571
126	24	1.01977
126	32	0.912371
126	38	0.976813
126	42	0.9874
126	58	1.01952
126	85	1.00082
126	108	0.915656
126	113	1.03214
126	117	0.994942
126	120	1.02198
126	122	1.03014
126	124	1.03063
126	128	1.03826
126	129	0.993896
126	130	1.00036
126	131	1.13243
126	134	1.0146
126	142	1.00414
126	145	0.97177
126	148	1.01201
126	150	1.02247
126	151	1.01312
126	152	0.984874
126	158	0.947311
126	165	1.00013
126	169	1.11162
126	176	1.15769
126	177	1.32223
126	178	1.13949
126	179	1.00156
127	19	1.03765
127	23	0.867579
127	33	1.00695
127	34	1.04497
127	43	1.06882
127	45	0.988034
127	55	1.04641
127	56	1.043
127	67	1.01233
127	73	0.999688
127	80	1.06875
127	81	0.995391
127	92	1.00203
127	100	1.0348
127	103	0.979465
127	132	0.905434
127	133	0.999024
127	136	1.11754
127	138	0.991949
127	141	1.03145
127	147	1.00609
127	148	1.00901
127	149	1.0043
127	154	1.01868
127	160	0.924429
127	166	0.937835
127	169	1.10861
127	171	1.05
127	173	1.20549
127	176	0.962632
127	177	1.31923
127	178	0.964362
127	179	1.01224
128	3	1.09242
128	4	0.975663
128	32	0.94231
128	38	1.00675
128	44	1.09946
128	66	1.09515
128	76	0.931645
128	98	1.06155
128	107	1.07036
128	111	0.872376
128	113	1.06208
128	117	1.02488
128	119	1.06158
128	120	1.05192
128	121	0.734586
128	122	1.06008
128	124	1.06057
128	126	1.03826
128	129	1.02384
128	130	1.0303
128	132	0.879229
128	134	1.04453
128	136	1.09134
128	140	0.908626
128	142	1.03408
128	144	1.06127
128	145	1.00171
128	151	1.04306
128	152	1.01481
128	153	0.966467
128	166	1.30611
128	171	1.02379
128	173	0.968291
128	179	1.03149
129	4	0.931302
129	5	1.04321
129	11	1.04268
129	32	0.897949
129	42	0.972977
129	51	1.05506
129	58	1.00509
129	68	0.936865
129	85	0.9864
129	98	1.01719
129	99	1.03335
129	113	1.01772
129	117	0.98052
129	119	1.01721
129	120	1.00756
129	122	1.01572
129	126	0.993896
129	128	1.02384
129	130	0.985937
129	132	0.933696
129	134	1.00017
129	142	0.989719
129	145	0.957347
129	150	1.04773
129	151	0.998695
129	152	0.970452
129	153	1.02093
129	164	0.959528
129	169	1.13687
129	170	1.36287
129	173	0.923929
129	177	1.34749
129	178	1.16475
129	179	0.987133
130	4	0.937765
130	5	1.04967
130	8	0.928215
130	21	0.926653
130	32	0.904412
130	38	0.968854
130	58	1.01156
130	69	1.27596
130	84	0.0320514
130	85	0.992864
130	98	1.02365
130	113	1.02419
130	117	0.986984
130	119	1.02368
130	120	1.01402
130	122	1.02219
130	124	1.02267
130	126	1.00036
130	128	1.0303
130	129	0.985937
130	132	1.12163
130	134	1.00664
130	142	0.996183
130	145	0.963811
130	148	1.2252
130	151	1.00516
130	152	0.976916
130	157	1.20392
130	160	1.14062
130	171	1.26619
130	173	0.930393
130	176	1.37087
130	178	1.35268
130	179	0.993597
131	3	1.03928
131	6	0.994174
131	17	1.015
131	34	1.0148
131	80	1.00687
131	96	1.13818
131	108	1.03362
131	110	1.01887
131	116	1.17163
131	125	1.09343
131	126	1.13243
131	132	1.00215
131	134	1.06237
131	143	0.985461
131	148	0.989975
131	153	0.979301
131	155	0.987944
131	156	0.997089
131	157	0.977435
131	162	0.965087
131	163	0.905076
131	167	0.979234
131	168	1.0677
131	169	0.944749
131	170	0.902382
131	171	0.958757
131	172	0.888996
131	174	0.967368
131	175	0.924468
131	176	0.933753
131	177	0.903799
131	178	0.935483
131	180	0.889199
132	56	1.02472
132	77	1.0724
132	105	1.10333
132	106	1.08096
132	127	0.905434
132	128	0.879229
132	129	0.933696
132	130	1.12163
132	131	1.00215
132	137	1.00687
132	140	1.05624
132	141	0.987409
132	144	0.977154
132	146	1.0346
132	148	1.02019
132	153	1.00952
132	156	1.0273
132	157	1.00765
132	158	1.02415
132	159	0.994532
132	160	1.02031
132	162	0.995303
132	163	0.935291
132	165	1.00703
132	167	1.00945
132	169	0.974965
132	170	0.932597
132	172	0.919212
132	174	0.997584
132	175	0.954683
132	177	0.934015
132	178	0.965699
132	179	0.876465
132	180	0.919415
133	19	1.00698
133	25	1.01657
133	30	1.01488
133	45	0.957365
133	55	1.01574
133	67	0.981664
133	73	0.969019
133	78	1.04475
133	80	1.03808
133	81	0.964722
133	92	0.97136
133	97	0.956847
133	100	1.00413
133	111	0.999019
133	114	1.13158
133	115	1.00243
133	123	0.95321
133	127	0.999024
133	135	0.952153
133	138	0.961279
133	139	0.968147
133	141	1.00078
133	143	1.05782
133	147	0.975417
133	149	0.973628
133	154	0.988011
133	166	0.907165
133	167	1.09281
133	169	1.20905
133	171	1.15044
133	174	1.11965
133	176	0.931962
133	178	0.933692
133	179	0.981574
133	180	1.43647
134	3	1.06876
134	8	0.942451
134	24	1.02605
134	32	0.918648
134	38	0.98309
134	42	0.993676
134	58	1.02579
134	71	1.22598
134	85	1.0071
134	98	1.03789
134	103	0.912416
134	111	0.831533
134	113	1.03842
134	115	0.834947
134	117	1.00122
134	119	1.03791
134	120	1.02825
134	122	1.03642
134	124	1.03691
134	126	1.0146
134	128	1.04453
134	129	1.00017
134	130	1.00664
134	131	1.06237
134	136	1.05049
134	142	1.01042
134	145	0.978047
134	151	1.01939
134	152	0.991151
134	157	0.920678
134	167	0.925325
134	173	0.944628
134	176	1.08763
134	177	1.25218
134	179	1.00783
134	180	1.26898
135	19	0.990782
135	21	1.01946
135	25	1.00037
135	26	1.01789
135	33	0.960083
135	43	1.02195
135	44	1.03334
135	55	0.99954
135	56	0.996127
135	67	0.965462
135	73	0.952817
135	78	1.02854
135	80	1.02188
135	81	0.94852
135	92	0.955158
135	97	0.940645
