1	67	2.40799
1	115	0.725261
1	119	0.742157
1	121	0.735944
1	128	0.722268
1	150	0.715511
1	156	3.18878
1	158	0.727278
1	160	0.725531
1	166	0.710118
1	167	0.668352
1	172	0.725761
2	7	0.6976
2	33	1.74734
2	35	0.745638
2	39	0.740451
2	43	0.746995
2	48	0.67683
2	55	0.731435
2	66	0.701116
2	68	0.701086
2	74	0.747212
2	114	0.711705
2	180	4.02192
3	43	2.02683
3	143	0.754321
3	162	0.720898
3	164	0.720021
3	165	1.97347
3	168	0.707516
3	171	0.72611
3	173	0.762579
3	175	0.709588
3	176	0.717584
3	177	0.698424
3	178	0.679494
4	31	0.684765
4	41	0.737036
4	78	0.737311
4	112	0.725358
4	113	0.721882
4	117	0.702635
4	122	0.72991
4	123	0.729915
4	124	2.72678
4	127	2.93898
4	152	0.739859
4	169	0.694697
5	32	0.734087
5	58	0.719654
5	94	0.747812
5	112	0.718113
5	117	0.69539
5	122	0.722665
5	123	0.72267
5	125	2.37597
5	145	0.721096
5	152	0.732614
5	169	0.687453
5	171	3.30018
6	43	2.051
6	62	0.772269
6	139	0.774725
6	154	0.720826
6	158	1.95956
6	168	0.709223
6	171	0.727816
6	175	0.711295
6	176	0.71929
6	177	0.70013
6	178	0.6812
6	179	0.680409
7	2	0.6976
7	15	0.777103
7	35	0.737197
7	43	0.738555
7	46	0.736285
7	48	0.66839
7	55	0.722995
7	66	0.692676
7	68	0.692645
7	74	0.738772
7	105	2.87927
7	154	2.86537
8	93	0.725741
8	142	0.764408
8	145	2.06262
8	161	1.90043
8	162	0.724195
8	168	0.710813
8	170	0.730727
8	171	0.729407
8	174	0.726396
8	176	0.720881
8	178	0.68279
8	180	0.682932
9	52	0.741903
9	98	0.70642
9	109	0.738366
9	127	2.60538
9	145	0.73806
9	157	3.05529
9	158	0.737657
9	160	0.735909
9	165	0.725404
9	167	0.67873
9	172	0.736139
9	179	0.660665
10	73	2.55837
10	74	1.34429
10	118	0.762048
10	133	0.76228
10	161	0.751403
10	166	0.727098
10	171	0.714673
10	173	0.751143
10	176	0.706147
10	177	0.686987
10	178	0.668057
10	179	0.667266
11	69	1.85785
11	130	2.03949
11	134	0.749454
11	140	0.764606
11	155	0.76534
11	159	0.731613
11	174	0.719688
11	175	0.706177
11	176	0.714172
11	177	0.695012
11	178	0.676082
11	180	0.676223
12	18	0.634658
12	121	1.51026
12	127	0.851044
12	144	1.37654
12	159	0.815331
12	173	0.842886
12	174	0.803406
12	175	0.789895
12	176	0.797891
12	177	0.778731
12	178	0.7598
12	179	0.75901
13	92	0.844121
13	121	0.814381
13	127	1.26188
13	144	0.80923
13	147	2.57846
13	153	0.802617
13	161	0.81286
13	165	0.793463
13	166	0.788555
13	168	2.33056
13	172	0.804198
13	179	0.728723
14	102	0.648872
14	146	0.688598
14	148	0.707671
14	153	4.36715
14	159	0.659864
14	164	0.64486
14	171	0.65095
14	173	0.687419
14	174	0.647939
14	175	0.634428
14	177	0.623264
14	178	0.604333
15	7	0.777103
15	39	0.819954
15	43	0.826498
15	46	0.824228
15	48	0.756333
15	55	0.810937
15	66	0.780618
15	68	0.780588
15	74	0.826714
15	148	1.07271
15	155	1.33406
15	179	3.81286
16	26	0.768598
16	49	0.837986
16	80	0.77628
16	129	2.02473
16	136	1.94396
16	150	0.810011
16	151	2.07961
16	161	0.828923
16	165	0.809526
16	166	0.804618
16	172	0.820261
16	180	0.745718
17	74	1.69488
17	79	0.691445
17	123	2.20897
17	160	0.7502
17	165	0.739695
17	166	0.734787
17	170	0.723682
17	171	0.722362
17	173	0.758832
17	175	0.705841
17	177	0.694676
17	179	0.674955
18	12	0.634658
18	21	0.769542
18	28	0.833489
18	73	0.763418
18	76	0.812784
18	85	0.792366
18	89	0.798379
18	91	0.788173
18	100	0.815728
18	163	0.829282
18	164	2.34382
18	177	2.72131
19	30	0.712087
19	84	2.72773
19	101	0.723262
19	109	0.743004
19	120	2.8909
19	150	0.730528
19	160	0.740548
19	161	0.74944
19	165	0.730043
19	172	0.740778
19	179	0.665304
19	180	0.666235
20	44	0.82867
20	58	1.41777
20	66	0.790957
20	68	0.790927
20	74	0.837053
20	106	0.817718
20	152	1.02421
20	162	0.786479
20	172	1.02702
20	173	0.82816
20	175	0.775169
20	178	0.745074
21	18	0.769542
21	24	0.68513
21	28	0.762259
21	73	0.692188
21	81	0.681487
21	83	0.700239
21	89	0.727149
21	91	0.716943
21	126	3.01672
21	132	0.708244
21	137	2.67613
21	163	0.758052
22	49	1.17503
22	92	1.06058
22	118	1.15714
22	139	0.850341
22	151	0.831097
22	162	0.79822
22	168	0.784839
22	170	0.804752
22	174	0.800422
22	176	0.794906
22	177	0.775746
22	178	0.756816
23	58	1.80671
23	92	1.30438
23	95	0.659168
23	125	0.815547
23	138	0.816879
23	146	0.812817
23	162	0.769957
23	168	0.756575
23	173	0.811638
23	174	0.772158
23	176	0.766643
23	177	0.747483
23	178	0.728553
24	21	0.68513
24	37	0.723028
24	59	0.715359
24	73	0.679005
24	76	0.728371
24	83	0.687057
24	89	0.713967
24	91	0.703761
24	100	0.731316
24	132	0.695062
24	137	2.38827
24	163	0.74487
24	175	3.73987
25	42	0.73322
25	97	0.767574
25	110	0.761123
25	111	0.788879
25	121	0.797245
25	141	0.783514
25	151	1.752
25	152	0.800501
25	154	2.31064
25	158	0.78858
25	161	0.795724
25	169	2.41664
25	172	0.787062
26	16	0.768598
26	38	0.718652
26	96	0.662552
26	118	0.721437
26	121	0.712314
26	133	0.721669
26	134	2.58599
26	141	0.698583
26	144	0.707163
26	160	0.7019
26	166	0.686487
26	169	3.47312
26	172	0.70213
27	38	0.808474
27	64	0.773149
27	128	0.78846
27	131	0.77203
27	144	0.796985
27	150	0.781703
27	158	0.79347
27	162	1.59895
27	166	0.77631
27	169	1.55671
27	172	0.791953
27	178	3.36742
27	180	0.71741
28	18	0.833489
28	21	0.762259
28	29	0.746506
28	47	0.799351
28	73	0.756135
28	81	0.745434
28	85	0.785083
28	91	0.78089
28	132	0.772191
28	163	0.821999
28	174	1.66719
28	175	1.86479
28	180	3.0333
29	28	0.746506
29	59	0.712789
29	73	0.676435
29	76	0.725801
29	81	0.665735
29	85	0.705383
29	89	0.711397
29	91	0.701191
29	100	0.728746
29	105	2.62148
29	132	0.692492
29	163	0.742299
29	177	3.53271
30	19	0.712087
30	56	0.73017
30	130	0.752442
30	131	0.70518
30	153	0.723522
30	154	2.96641
30	158	0.72662
30	165	0.714367
30	166	0.709459
30	171	3.13096
30	172	0.725102
30	179	0.649628
30	180	0.650559
31	4	0.684765
31	72	2.65618
31	78	0.723029
31	88	0.709468
31	94	0.740775
31	102	3.35656
31	112	0.711076
31	113	0.7076
31	117	0.688353
31	122	0.715629
31	123	0.715633
31	152	0.725577
31	169	0.680416
32	5	0.734087
32	41	0.779321
32	58	0.769184
32	88	0.766035
32	95	0.796631
32	103	2.40368
32	104	1.22741
32	112	0.767643
32	113	0.764167
32	117	0.74492
32	122	0.772196
32	123	0.7722
32	169	0.736983
32	179	3.39436
33	2	1.74734
33	107	0.758982
33	112	1.29182
33	134	0.801102
33	152	1.64933
33	168	0.755752
33	171	0.774346
33	173	0.810815
33	174	0.771335
33	175	0.757825
33	176	0.76582
33	177	0.74666
33	178	0.72773
33	179	0.726939
34	111	0.765647
34	125	1.77649
34	128	0.760336
34	131	0.743907
34	135	2.32552
34	144	0.768862
34	153	0.762249
34	160	0.763599
34	161	0.772492
34	163	0.795829
34	165	0.753094
34	166	0.748186
34	172	0.763829
34	176	2.80257
35	2	0.745638
35	7	0.737197
35	39	0.780048
35	43	0.786592
35	44	0.778426
35	46	0.784322
35	55	0.771032
35	66	0.740713
35	68	0.740683
35	74	0.786809
35	114	0.751302
35	137	0.98893
35	171	2.02862
35	179	4.01069
36	58	0.764706
36	77	1.70661
36	78	0.775118
36	88	0.761557
36	94	0.792864
36	96	3.10221
36	112	0.763165
36	113	0.759689
36	117	0.740442
36	122	0.767718
36	123	0.767722
36	126	2.04668
36	152	0.777667
36	169	0.732505
37	24	0.723028
37	53	1.85262
37	59	0.76644
37	73	0.730086
37	76	0.779452
37	77	0.805217
37	81	0.719386
37	85	0.759034
37	91	0.754842
37	95	0.791877
37	100	0.782397
37	146	2.5164
37	151	2.43619
37	163	0.79595
38	26	0.718652
38	27	0.808474
38	82	2.40071
38	128	0.766821
38	148	2.16097
38	153	0.768734
38	158	0.771832
38	161	0.778977
38	163	0.802314
38	165	0.759579
38	166	0.754671
38	172	0.770314
38	173	2.36566
38	180	0.695771
39	2	0.740451
39	15	0.819954
39	35	0.780048
39	43	0.781406
39	44	0.773239
39	46	0.779136
39	48	0.711241
39	54	2.53868
39	55	0.765846
39	66	0.735527
39	68	0.735496
39	74	0.781623
39	143	0.964589
39	179	3.50862
40	67	1.70936
40	90	0.811868
40	128	0.76375
40	133	0.786782
40	134	2.13354
40	150	0.756993
40	153	0.765663
40	158	0.768761
40	161	0.775906
40	165	0.756508
40	166	0.7516
40	170	3.01438
40	172	0.767243
40	180	0.6927
41	4	0.737036
41	32	0.779321
41	61	3.27814
41	78	0.7753
41	94	0.793046
41	112	0.763347
41	117	0.740624
41	120	1.66143
41	122	0.7679
41	123	0.767904
41	145	0.76633
41	152	0.777849
41	157	1.92169
41	169	0.732687
42	25	0.73322
42	111	0.701768
42	118	0.719258
42	130	0.727291
42	150	0.689701
42	158	0.701468
42	160	0.699721
42	161	0.708613
42	165	0.689216
42	166	0.684308
42	167	0.642542
42	168	3.33015
42	170	3.16633
42	172	0.699951
43	2	0.746995
43	3	2.02683
43	6	2.051
43	7	0.738555
43	15	0.826498
43	35	0.786592
43	39	0.781406
43	44	0.779783
43	48	0.717785
43	66	0.742071
43	68	0.74204
43	74	0.788167
43	114	0.752659
43	143	1.93861
44	20	0.82867
44	35	0.778426
44	39	0.773239
44	43	0.779783
44	46	0.777513
44	48	0.709618
44	55	0.764223
44	57	1.97484
44	66	0.733904
44	68	0.733874
44	74	0.78
44	114	0.744492
44	134	1.98881
44	162	2.91819
45	96	0.681098
45	106	0.718636
45	138	0.734318
45	139	0.739517
45	149	0.696711
45	153	2.40996
45	155	0.735251
45	163	2.31435
45	170	0.693928
45	173	0.729078
45	175	0.676087
45	176	0.684083
45	177	0.664923
45	178	0.645992
46	7	0.736285
46	15	0.824228
46	35	0.784322
46	39	0.779136
46	44	0.777513
46	48	0.715515
46	55	0.77012
46	66	0.739801
46	68	0.73977
46	74	0.785897
46	79	3.22944
46	114	0.750389
46	147	1.17597
46	178	2.58127
47	28	0.799351
47	59	0.765633
47	76	0.778646
47	81	0.71858
47	83	0.737331
47	85	0.758228
47	89	0.764241
47	91	0.754035
47	95	0.79107
47	106	2.10064
47	132	0.745336
47	147	2.25195
47	163	0.795144
47	177	2.66565
48	2	0.67683
48	7	0.66839
48	15	0.756333
48	39	0.711241
48	43	0.717785
48	44	0.709618
48	46	0.715515
48	55	0.702225
48	66	0.671906
48	68	0.671875
48	74	0.718002
48	114	0.682494
48	137	3.13276
48	148	3.41436
49	16	0.837986
49	22	1.17503
49	54	3.46132
49	64	0.752715
49	128	0.768025
49	130	0.798858
49	150	0.761268
49	161	0.780181
49	165	0.760783
49	166	0.755875
49	167	0.714109
49	172	0.771518
49	173	1.89578
49	179	0.696044
50	90	0.749615
50	110	0.679051
50	126	3.1479
50	133	0.724529
50	143	3.28504
50	144	0.710023
50	150	0.69474
50	153	0.70341
50	160	0.70476
50	161	0.713652
50	165	0.694255
50	166	0.689347
50	172	0.70499
50	180	0.630447
51	58	0.76809
51	71	0.738511
51	88	0.764942
51	94	0.796248
51	113	0.763073
51	117	0.743826
51	122	0.771102
51	123	0.771106
51	129	1.81201
51	145	0.769533
51	152	0.781051
51	156	2.00102
51	167	3.08818
51	169	0.735889
52	9	0.741903
52	64	0.740753
52	69	0.794992
52	98	0.729838
52	102	2.61476
52	109	0.761783
52	128	0.756063
52	152	0.772996
52	155	2.03896
52	160	0.759326
52	161	0.768219
52	165	0.748821
52	166	0.743913
52	168	2.63466
52	179	0.684082
53	37	1.85262
53	101	1.93507
53	144	1.39586
53	148	0.813713
53	149	0.761094
53	155	0.799634
53	159	0.765906
53	164	0.750902
53	167	0.72765
53	168	0.738398
53	175	0.74047
53	176	0.748466
53	177	0.729306
53	178	0.710375
53	180	0.710516
54	39	2.53868
54	49	3.46132
54	155	0.736851
54	157	0.717169
54	162	0.688997
54	164	0.688119
54	167	0.664867
54	168	0.675615
54	170	0.695529
54	171	0.694209
54	173	0.730678
54	174	0.691198
54	175	0.677687
54	176	0.685683
54	178	0.647592
55	2	0.731435
55	7	0.722995
55	15	0.810937
55	35	0.771032
55	39	0.765846
55	44	0.764223
55	46	0.77012
55	48	0.702225
55	66	0.72651
55	68	0.72648
55	74	0.772606
55	114	0.737099
55	147	1.56244
55	179	3.19765
55	180	2.69599
56	30	0.73017
56	110	0.732922
56	121	0.769044
56	130	0.7862
56	136	2.07492
56	142	2.18002
56	150	0.74861
56	153	0.75728
56	158	0.760378
56	160	0.75863
56	161	0.767523
56	166	0.743217
56	168	3.03274
56	172	0.75886
56	180	0.684318
57	44	1.97484
57	87	1.72408
57	116	0.777431
57	124	0.806698
57	147	0.762294
57	154	0.744638
57	156	0.773637
57	158	1.44948
57	164	0.745539
57	168	0.733035
57	174	0.748618
57	175	0.735107
57	176	0.743103
57	177	0.723943
57	178	0.705012
58	5	0.719654
58	20	1.41777
58	23	1.80671
58	32	0.769184
58	36	0.764706
58	51	0.76809
58	88	0.751602
58	112	0.75321
58	113	0.749734
58	117	0.730487
58	122	0.757762
58	123	0.757767
58	145	0.756193
58	164	3.22014
58	169	0.722549
59	24	0.715359
59	29	0.712789
59	37	0.76644
59	47	0.765633
59	73	0.722417
59	76	0.771783
59	77	0.797548
59	81	0.711717
59	85	0.751365
59	89	0.757379
59	91	0.747173
59	96	3.01657
59	129	1.88206
59	159	2.36928
59	163	0.788281
60	90	0.796832
60	139	2.40099
60	141	0.748659
60	145	0.754128
60	150	0.741957
60	153	0.750626
60	154	2.86548
60	156	2.44096
60	158	0.753724
60	160	0.751977
60	161	0.760869
60	166	0.736564
60	167	0.694798
60	172	0.752207
60	179	0.676733
60	180	0.677664
61	41	3.27814
61	103	0.664639
61	133	2.67601
61	139	0.728536
61	147	0.692293
61	149	0.685731
61	151	0.709293
61	156	0.703636
61	159	0.690542
61	170	0.682948
61	171	0.681628
61	173	0.718097
61	174	0.678617
61	176	0.673102
61	177	0.653942
61	178	0.635012
62	6	0.772269
62	100	1.3224
62	103	0.725122
62	110	2.26152
62	135	0.770298
62	147	0.752776
62	161	1.53582
62	164	0.736021
62	167	0.712769
62	171	0.74211
62	173	0.77858
62	174	0.7391
62	175	0.725589
62	176	0.733584
62	177	0.714424
62	178	0.695494
63	94	0.782119
63	117	0.729697
63	121	0.763665
63	122	0.756973
63	123	0.756977
63	124	2.0616
63	131	0.73356
63	138	2.46908
63	152	0.766921
63	153	0.751902
63	157	2.72371
63	165	0.742747
63	166	0.737839
63	169	0.72176
63	172	0.753482
64	27	0.773149
64	49	0.752715
64	52	0.740753
64	109	0.737216
64	118	0.754297
64	128	0.731496
64	130	0.76233
64	133	0.754529
64	144	0.740022
64	160	0.73476
64	162	2.64455
64	165	0.724255
64	172	0.73499
64	173	2.10746
64	175	2.97276
64	180	0.660447
65	92	0.829218
65	97	0.769808
65	103	2.97504
65	106	2.17921
65	130	0.816635
65	131	0.769373
65	141	0.785748
65	148	1.22556
65	150	0.779045
65	153	0.787715
65	158	0.790813
65	161	0.797958
65	165	0.77856
65	166	0.773652
65	167	0.731886
65	172	0.789295
65	175	2.29555
66	2	0.701116
66	7	0.692676
66	15	0.780618
66	20	0.790957
66	35	0.740713
66	39	0.735527
66	43	0.742071
66	44	0.733904
66	46	0.739801
66	48	0.671906
66	55	0.72651
66	68	0.696161
66	74	0.742287
66	99	2.15466
66	114	0.70678
66	159	2.58619
66	167	3.37514
67	1	2.40799
67	40	1.70936
67	90	1.00082
67	116	0.81136
67	125	0.825936
67	140	0.827465
67	153	0.864762
67	159	0.794471
67	168	0.766964
67	171	0.785558
67	173	0.822027
67	174	0.782547
67	175	0.769036
67	176	0.777031
67	177	0.757871
67	178	0.738941
67	180	0.739082
68	2	0.701086
68	7	0.692645
68	15	0.780588
68	20	0.790927
68	35	0.740683
68	39	0.735496
68	43	0.74204
68	44	0.733874
68	46	0.73977
68	48	0.671875
68	55	0.72648
68	66	0.696161
68	74	0.742257
68	114	0.70675
68	120	1.94541
68	138	1.95104
68	180	4.20588
69	11	1.85785
69	52	0.794992
69	82	1.32076
69	98	0.75951
69	115	0.788729
69	118	0.808536
69	119	0.805625
69	121	0.799412
69	131	0.769306
69	150	0.778979
69	153	0.787648
69	157	1.3193
69	160	0.788999
69	161	0.797891
69	167	0.73182
69	172	0.789229
69	178	3.59127
70	87	0.797266
70	98	0.76781
70	119	0.813925
70	126	2.01721
70	137	0.808023
70	140	1.95604
70	144	0.802561
70	148	1.95823
70	150	0.787279
70	153	0.795948
70	160	0.797299
70	165	0.786794
70	166	0.781886
70	167	0.74012
70	170	2.65146
70	172	0.797529
70	180	0.722986
71	51	0.738511
71	78	0.735583
71	88	0.722022
71	94	0.753329
71	95	0.752618
71	100	0.743138
71	112	0.72363
71	113	0.720154
71	117	0.700907
71	122	0.728183
71	123	0.728187
71	134	2.33877
71	145	0.726613
71	148	2.52637
71	152	0.738131
71	162	3.26816
71	169	0.69297
72	31	2.65618
72	78	2.11001
72	86	0.695689
72	105	0.737587
72	111	1.53451
72	146	0.760264
72	151	0.750281
72	154	0.715626
72	162	0.717404
72	168	0.704022
72	170	0.723936
72	171	0.722616
72	173	0.759085
72	174	0.719605
72	175	0.706094
72	176	0.71409
72	177	0.69493
72	178	0.675999
73	10	2.55837
73	18	0.763418
73	21	0.692188
73	24	0.679005
73	28	0.756135
73	29	0.676435
73	37	0.730086
73	59	0.722417
73	77	0.761194
73	81	0.675363
73	85	0.715011
73	89	0.721025
73	91	0.710819
73	95	0.747854
73	132	0.70212
73	140	2.38995
73	163	0.751928
73	171	3.15022
74	2	0.747212
74	7	0.738772
74	10	1.34429
74	15	0.826714
74	17	1.69488
74	20	0.837053
74	35	0.786809
74	39	0.781623
74	43	0.788167
74	44	0.78
74	46	0.785897
74	48	0.718002
74	55	0.772606
74	66	0.742287
74	68	0.742257
74	114	0.752876
74	159	1.64528
74	180	3.41655
75	80	0.740528
75	87	0.784247
75	96	0.744931
75	98	0.754791
75	119	0.800906
75	131	0.764587
75	144	0.789542
75	148	1.60589
75	158	0.786027
75	160	0.78428
75	163	0.816509
75	164	2.74706
75	165	0.773775
75	166	0.768867
75	170	2.29913
75	171	2.36398
75	172	0.78451
75	179	0.709035
76	18	0.812784
76	24	0.728371
76	29	0.725801
76	37	0.779452
76	47	0.778646
76	59	0.771783
76	77	0.81056
76	81	0.724729
76	85	0.764377
76	89	0.770391
76	95	0.79722
76	96	2.68122
76	100	0.78774
76	104	2.13991
76	132	0.751486
76	139	1.69575
76	163	0.801294
76	174	2.4391
77	36	1.70661
77	37	0.805217
77	59	0.797548
77	73	0.761194
77	76	0.81056
77	81	0.750494
77	89	0.796156
77	111	1.11666
77	150	1.66112
77	152	1.40433
77	163	0.827058
77	164	0.760902
77	168	0.748398
77	171	0.766992
77	174	0.763981
77	175	0.75047
77	177	0.739305
77	178	0.720375
78	4	0.737311
78	31	0.723029
78	36	0.775118
78	41	0.7753
78	71	0.735583
78	72	2.11001
78	94	0.793321
78	100	0.78313
78	112	0.763622
78	113	0.760146
78	117	0.740899
78	122	0.768174
78	123	0.768179
78	137	1.69163
78	145	0.766605
78	148	1.97324
78	152	0.778123
78	167	3.22941
78	169	0.732962
79	17	0.691445
79	46	3.22944
79	128	3.93908
79	140	0.708648
79	149	0.670843
79	151	0.694406
79	155	0.709382
79	156	0.688748
79	157	0.6897
79	162	0.661529
79	164	0.660651
79	167	0.637399
79	168	0.648147
79	173	0.70321
79	174	0.66373
79	175	0.650219
79	176	0.658214
79	177	0.639054
79	178	0.620124
80	16	0.77628
80	75	0.740528
80	101	0.692296
80	110	0.683873
80	115	0.709312
80	119	0.726208
80	130	0.737152
80	137	0.720306
80	153	0.708231
80	154	2.79926
80	160	0.709582
80	161	0.718474
80	163	0.741811
80	165	0.699077
80	166	0.694169
80	168	3.06278
80	172	0.709812
80	176	3.06567
80	179	0.634338
81	21	0.681487
81	28	0.745434
81	29	0.665735
81	37	0.719386
81	47	0.71858
81	59	0.711717
81	73	0.675363
81	76	0.724729
81	77	0.750494
81	85	0.704311
81	89	0.710325
81	91	0.700119
81	95	0.737154
81	100	0.727674
81	132	0.69142
81	163	0.741228
81	167	3.30524
81	168	2.90612
81	170	2.7423
82	38	2.40071
82	69	1.32076
82	88	0.774849
82	104	0.776875
82	112	0.776457
82	113	0.772981
82	117	0.753734
82	122	0.78101
82	123	0.781014
82	128	1.0204
82	138	0.791161
82	161	2.00611
82	164	0.743362
82	169	0.745797
82	170	0.750771
82	173	0.785921
82	176	0.740926
82	177	0.721766
82	178	0.702835
83	21	0.700239
83	24	0.687057
83	47	0.737331
83	85	0.723063
83	89	0.729077
83	91	0.718871
83	112	1.83051
83	119	2.19297
83	132	0.710172
83	155	0.742554
83	157	0.722872
83	161	2.26897
83	162	0.6947
83	163	0.759979
83	170	0.701232
83	171	0.699912
83	173	0.736382
83	175	0.683391
83	178	0.653296
84	19	2.72773
84	119	1.50521
84	120	0.776016
84	129	0.808302
84	133	0.896119
84	148	0.804722
84	156	0.770009
84	159	0.756915
84	161	1.58122
84	167	0.718659
84	168	0.729407
84	169	0.744346
84	170	0.74932
84	171	0.748001
84	173	0.78447
84	174	0.74499
84	176	0.739475
84	177	0.720315
84	178	0.701384
84	180	0.701525
85	18	0.792366
85	28	0.785083
85	29	0.705383
85	37	0.759034
85	47	0.758228
85	59	0.751365
85	73	0.715011
85	76	0.764377
85	81	0.704311
85	83	0.723063
85	89	0.749973
85	91	0.739767
85	95	0.776802
85	100	0.767322
85	132	0.731068
85	135	2.43517
85	137	1.77067
85	155	2.31363
85	163	0.780876
85	167	3.30845
86	72	0.695689
86	93	0.667065
86	96	0.65922
86	105	0.685702
86	108	0.624055
86	130	3.31
86	143	0.698942
86	154	0.66374
86	155	0.713373
86	159	0.679645
86	160	3.77989
86	162	0.665519
86	168	0.652137
86	170	0.672051
86	171	0.670731
86	174	0.66772
86	175	0.654209
86	176	0.662205
86	177	0.643045
86	178	0.624114
87	57	1.72408
87	70	0.797266
87	75	0.784247
87	98	0.723811
87	110	0.727591
87	118	0.772837
87	121	0.763713
87	141	0.749982
87	150	0.74328
87	153	0.751949
87	158	0.755047
87	160	0.7533
87	161	0.762192
87	162	2.66743
87	165	0.742795
87	166	0.737887
87	172	0.75353
87	173	2.13033
87	176	2.78559
87	180	0.678987
88	31	0.709468
88	32	0.766035
88	36	0.761557
88	51	0.764942
88	58	0.751602
88	71	0.722022
88	82	0.774849
88	94	0.77976
88	99	1.45382
88	112	0.750061
88	113	0.746585
88	117	0.727338
88	122	0.754614
88	123	0.754618
88	145	0.753044
88	146	1.53324
88	152	0.764562
88	167	2.6743
88	169	0.719401
88	179	4.15828
89	18	0.798379
89	21	0.727149
89	24	0.713967
89	29	0.711397
89	47	0.764241
89	59	0.757379
89	73	0.721025
89	76	0.770391
89	77	0.796156
89	81	0.710325
89	83	0.729077
89	85	0.749973
89	91	0.745781
89	95	0.782816
89	106	2.14274
89	132	0.737082
89	149	1.89356
89	163	0.786889
89	169	1.88863
89	179	3.92925
90	40	0.811868
90	50	0.749615
90	60	0.796832
90	67	1.00082
90	107	2.88083
90	109	0.800645
90	111	0.800236
90	131	0.778496
90	132	2.05186
90	137	0.808912
90	142	1.61694
90	145	0.800339
90	150	0.788168
90	158	0.799936
90	163	0.830418
90	165	0.787683
90	166	0.782775
90	167	0.741009
90	172	0.798418
90	174	2.48499
90	180	0.723875
91	18	0.788173
91	21	0.716943
91	24	0.703761
91	28	0.78089
91	29	0.701191
91	37	0.754842
91	47	0.754035
91	59	0.747173
91	73	0.710819
91	81	0.700119
91	83	0.718871
91	85	0.739767
91	89	0.745781
91	95	0.772609
91	100	0.76313
91	127	1.77162
91	132	0.726876
91	140	1.98107
91	155	2.24461
91	163	0.776683
91	180	4.22174
92	13	0.844121
92	22	1.06058
92	23	1.30438
92	65	0.829218
92	97	0.774229
92	128	0.790223
92	136	1.47588
92	141	0.790169
92	144	0.798749
92	145	0.795637
92	153	0.792136
92	158	0.795234
92	160	0.793486
92	161	0.802379
92	165	0.782981
92	166	0.778073
92	172	0.793716
92	173	1.78133
92	178	4.08689
92	179	0.718242
92	180	0.719173
93	8	0.725741
93	86	0.667065
93	116	0.719794
93	117	2.48827
93	141	2.467
93	142	0.728993
93	147	0.704658
93	148	0.750714
93	149	0.698095
93	156	0.716
93	157	0.716952
93	162	0.68878
93	164	0.687903
93	170	0.695312
93	172	2.19449
93	173	0.730461
93	174	0.690981
93	175	0.677471
93	176	0.685466
93	177	0.666306
93	178	0.647376
94	5	0.747812
94	31	0.740775
94	36	0.792864
94	41	0.793046
94	51	0.796248
94	63	0.782119
94	71	0.753329
94	78	0.793321
94	88	0.77976
94	112	0.781368
94	113	0.777892
94	117	0.758645
94	122	0.785921
94	123	0.785925
94	125	1.46709
94	137	1.35161
94	139	1.76226
94	145	0.784351
94	152	0.795869
94	169	0.750708
94	170	2.32645
94	178	4.14347
95	23	0.659168
95	32	0.796631
95	37	0.791877
95	47	0.79107
95	71	0.752618
95	73	0.747854
95	76	0.79722
95	81	0.737154
95	85	0.776802
95	89	0.782816
95	91	0.772609
95	105	1.53887
95	113	0.777181
95	117	0.757933
95	122	0.785209
95	123	0.785214
95	145	0.78364
95	163	0.813718
95	169	0.749996
95	171	1.68952
95	179	3.67159
95	180	3.16993
96	26	0.662552
96	36	3.10221
96	45	0.681098
96	59	3.01657
96	75	0.744931
96	76	2.68122
96	86	0.65922
96	137	0.724708
96	144	0.719247
96	154	0.679157
96	159	0.695061
96	161	0.722877
96	162	0.680935
96	163	0.746214
96	165	0.703479
96	167	0.656805
96	170	0.687467
96	171	0.686147
96	172	0.714214
96	174	0.683136
96	175	0.669625
96	176	0.677621
97	25	0.767574
97	65	0.769808
97	92	0.774229
97	115	0.733806
97	128	0.730812
97	133	0.753844
97	136	2.02985
97	140	2.12843
97	141	0.730758
97	147	3.23556
97	150	0.724055
97	152	0.747745
97	153	0.732725
97	158	0.735823
97	160	0.734075
97	163	0.766305
97	165	0.72357
97	166	0.718662
97	172	0.734305
97	175	3.2006
97	179	0.658831
97	180	0.659763
98	9	0.70642
98	52	0.729838
98	69	0.75951
98	70	0.76781
98	75	0.754791
98	87	0.723811
98	115	0.723575
98	118	0.743381
98	121	0.734258
98	129	1.44534
98	130	0.751414
98	144	0.729107
98	149	2.16981
98	150	0.713824
98	158	0.725592
98	161	0.732737
98	163	0.756074
98	165	0.713339
98	166	0.708431
98	172	0.724074
98	177	2.98399
98	178	3.97559
99	66	2.15466
99	88	1.45382
99	115	2.16277
99	138	0.774791
99	139	0.77999
99	146	0.770729
99	148	0.789803
99	151	0.760747
99	154	0.726091
99	155	0.775723
99	159	0.741996
99	160	1.76824
99	162	0.72787
99	168	0.714488
99	171	0.733082
99	173	0.769551
99	174	0.730071
99	176	0.724555
99	177	0.705395
99	178	0.686465
99	179	0.685675
100	18	0.815728
100	24	0.731316
100	29	0.728746
100	37	0.782397
100	62	1.3224
100	71	0.743138
100	76	0.78774
100	78	0.78313
100	81	0.727674
100	85	0.767322
100	91	0.76313
100	105	2.16038
100	112	0.771177
100	113	0.767701
100	117	0.748454
100	122	0.775729
100	123	0.775734
100	146	1.66805
100	152	0.785678
100	155	1.8143
100	163	0.804238
100	169	0.740516
100	178	4.06319
101	19	0.723262
101	53	1.93507
101	80	0.692296
101	105	0.723181
101	111	0.738095
101	115	0.735778
101	119	0.752673
101	128	0.732784
101	133	0.755816
101	137	0.746771
101	141	0.73273
101	145	0.738198
101	150	0.726027
101	151	2.51864
101	152	0.749717
101	156	2.65276
101	158	0.737795
101	160	0.736047
101	166	0.720634
101	172	0.736277
101	176	3.34369
101	179	0.660803
101	180	0.661734
102	14	0.648872
102	31	3.35656
102	52	2.61476
102	107	0.680216
102	117	2.81916
102	143	0.723791
102	146	0.733228
102	151	0.723245
102	154	0.68859
102	157	0.71854
102	159	0.704494
102	162	0.690368
102	164	0.689491
102	167	0.666239
102	168	0.676987
102	171	0.69558
102	173	0.73205
102	174	0.69257
102	175	0.679059
102	176	0.687054
102	177	0.667894
102	178	0.648964
102	179	0.648173
103	32	2.40368
103	61	0.664639
103	62	0.725122
103	65	2.97504
103	135	0.708856
103	138	0.722379
103	139	0.727578
103	140	0.722577
103	148	0.737391
103	151	0.708334
103	156	0.702677
103	157	0.703629
103	158	3.40053
103	159	0.689583
103	162	0.675457
103	169	0.677014
103	170	0.681989
103	171	0.680669
103	174	0.677659
103	176	0.672143
103	177	0.652983
103	178	0.634053
103	179	0.633262
104	32	1.22741
104	76	2.13991
104	82	0.776875
104	108	0.678405
104	115	2.70028
104	118	2.24641
104	124	0.780151
104	142	0.760083
104	146	0.76273
104	154	0.718091
104	156	0.74709
104	159	0.733996
104	162	0.71987
104	168	0.706488
104	169	0.721427
104	170	0.726401
104	171	0.725082
104	173	0.761551
104	175	0.70856
104	176	0.716556
104	177	0.697396
104	178	0.678465
104	179	0.677675
105	7	2.87927
105	29	2.62148
105	72	0.737587
105	86	0.685702
105	95	1.53887
105	100	2.16038
105	101	0.723181
105	118	0.760004
105	127	0.757256
105	141	0.737149
105	144	0.745729
105	148	0.76935
105	156	0.734637
105	161	0.749359
105	165	0.729961
105	166	0.725053
105	167	0.683287
105	170	0.713949
105	172	0.740696
105	173	0.749098
105	176	0.704103
105	177	0.684943
105	178	0.666012
106	20	0.817718
106	45	0.718636
106	47	2.10064
106	65	2.17921
106	89	2.14274
106	107	0.708321
106	108	0.677009
106	124	0.778754
106	151	0.751351
106	155	0.766327
106	156	0.745693
106	159	0.732599
106	163	2.33457
106	164	0.717596
106	168	0.705092
106	170	0.725005
106	173	0.760155
106	174	0.720675
106	175	0.707164
106	176	0.715159
106	177	0.695999
106	178	0.677069
106	179	0.676279
107	33	0.758982
107	90	2.88083
107	102	0.680216
107	106	0.708321
107	108	0.635617
107	109	2.94948
107	126	0.69534
107	127	0.726921
107	148	0.739015
107	154	0.675303
107	156	0.704301
107	157	0.705253
107	164	0.676204
107	168	0.6637
107	170	0.683613
107	171	0.682293
107	172	2.95644
107	173	0.718763
107	174	0.679283
107	175	0.665772
107	176	0.673767
107	177	0.654607
107	178	0.635677
107	179	0.634887
108	86	0.624055
108	104	0.678405
108	106	0.677009
108	107	0.635617
108	111	4.47916
108	128	3.86208
108	134	0.677737
108	136	0.705104
108	138	0.692691
108	146	0.68863
108	148	0.707703
108	155	0.693623
108	157	0.673942
108	164	0.644892
108	171	0.650982
108	173	0.687451
108	174	0.647971
108	175	0.63446
108	176	0.642456
108	177	0.623296
108	178	0.604365
108	179	0.603575
108	180	0.604506
109	9	0.738366
109	19	0.743004
109	52	0.761783
109	64	0.737216
109	90	0.800645
109	107	2.94948
109	111	0.757837
109	118	0.775327
109	130	0.783359
109	132	2.12051
109	133	0.775559
109	138	1.66491
109	141	0.752472
109	151	1.71615
109	152	0.769459
109	153	0.754439
109	158	0.757537
109	160	0.755789
109	161	0.764682
109	163	0.788019
109	164	2.82243
109	165	0.745284
109	172	0.756019
109	180	0.681477
110	25	0.761123
110	50	0.679051
110	56	0.732922
110	62	2.26152
110	80	0.683873
110	87	0.727591
110	111	0.729672
110	116	2.47593
110	118	0.747161
110	121	0.738038
110	130	0.755194
110	132	2.93132
110	152	0.741293
110	153	0.726274
110	158	0.729372
110	160	0.727624
110	161	0.736517
110	163	0.759854
110	165	0.717119
110	167	0.670445
110	169	3.1916
110	172	0.727854
110	179	0.65238
110	180	0.653311
111	25	0.788879
111	34	0.765647
111	42	0.701768
111	72	1.53451
111	77	1.11666
111	90	0.800236
111	101	0.738095
111	108	4.47916
111	109	0.757837
111	110	0.729672
111	119	0.772007
111	121	0.765794
111	133	0.775149
111	150	0.74536
111	153	0.75403
111	158	0.757128
111	160	0.75538
111	163	0.78761
111	165	0.744875
111	166	0.739967
111	171	2.15582
111	172	0.75561
111	173	1.60243
111	179	0.680136
111	180	0.681067
112	4	0.725358
112	5	0.718113
112	31	0.711076
112	32	0.767643
112	33	1.29182
112	36	0.763165
112	41	0.763347
112	58	0.75321
112	71	0.72363
112	78	0.763622
112	82	0.776457
112	83	1.83051
112	88	0.750061
112	94	0.781368
112	100	0.771177
112	113	0.748193
112	117	0.728946
112	122	0.756221
112	123	0.756226
112	145	0.754652
112	152	0.76617
112	164	2.46907
112	169	0.721008
112	174	2.20029
112	180	3.5664
113	4	0.721882
113	31	0.7076
113	32	0.764167
113	36	0.759689
113	51	0.763073
113	58	0.749734
113	71	0.720154
113	78	0.760146
113	82	0.772981
113	88	0.746585
113	94	0.777892
113	95	0.777181
113	100	0.767701
113	112	0.748193
113	117	0.72547
113	122	0.752745
113	123	0.75275
113	135	1.55943
113	145	0.751176
113	152	0.762694
113	156	1.34555
113	169	0.717533
113	176	2.03648
113	179	3.9167
113	180	3.41503
114	2	0.711705
114	35	0.751302
114	43	0.752659
114	44	0.744492
114	46	0.750389
114	48	0.682494
114	55	0.737099
114	66	0.70678
114	68	0.70675
114	74	0.752876
114	126	0.720559
114	128	1.38342
114	131	2.75248
114	147	0.718179
114	152	2.28817
114	154	0.700523
114	158	2.25381
114	162	0.702301
114	164	0.701424
114	167	0.678172
114	168	0.68892
114	175	0.690992
114	176	0.698987
114	177	0.679827
114	178	0.660897
114	179	0.660106
115	1	0.725261
115	69	0.788729
115	80	0.709312
115	97	0.733806
115	98	0.723575
115	99	2.16277
115	101	0.735778
115	104	2.70028
115	118	0.7726
115	128	0.7498
115	130	0.780633
115	133	0.772832
115	138	2.11072
115	141	0.749746
115	150	0.743043
115	153	0.751713
115	157	2.36536
115	158	0.754811
115	160	0.753063
115	161	0.761956
115	165	0.742558
115	166	0.73765
115	172	0.753293
115	173	2.33176
115	179	0.677819
115	180	0.67875
116	57	0.777431
116	67	0.81136
116	93	0.719794
116	110	2.47593
116	137	0.762021
116	140	0.765368
116	146	0.761108
116	147	0.734126
116	148	0.780182
116	149	0.727563
116	153	1.4604
116	155	0.766102
116	156	0.745468
116	157	0.74642
116	160	1.71641
116	161	1.75022
116	162	0.718248
116	165	1.67298
116	168	0.704867
116	170	0.72478
116	173	0.759929
116	174	0.720449
116	175	0.706939
116	176	0.714934
116	177	0.695774
116	178	0.676844
116	180	0.676985
117	4	0.702635
117	5	0.69539
117	31	0.688353
117	32	0.74492
117	36	0.740442
117	41	0.740624
117	51	0.743826
117	58	0.730487
117	63	0.729697
117	71	0.700907
117	78	0.740899
117	82	0.753734
117	88	0.727338
117	93	2.48827
117	94	0.758645
117	95	0.757933
117	100	0.748454
117	102	2.81916
117	112	0.728946
117	113	0.72547
117	122	0.733498
117	123	0.733503
117	145	0.731929
117	152	0.743447
117	154	2.57553
117	156	2.15102
117	159	2.44923
117	169	0.698285
118	10	0.762048
118	22	1.15714
118	26	0.721437
118	42	0.719258
118	64	0.754297
118	69	0.808536
118	87	0.772837
118	98	0.743381
118	104	2.24641
118	105	0.760004
118	109	0.775327
118	110	0.747161
118	115	0.7726
118	127	1.46158
118	131	0.753178
118	133	0.792639
118	141	0.769553
118	144	0.778133
118	147	2.77816
118	150	0.76285
118	158	0.774618
118	160	0.77287
118	161	0.781763
118	163	0.8051
118	164	2.81437
118	172	0.7731
118	174	2.54559
118	179	0.697626
119	1	0.742157
119	69	0.805625
119	70	0.813925
119	75	0.800906
119	80	0.726208
119	83	2.19297
119	84	1.50521
119	101	0.752673
119	111	0.772007
119	130	0.797529
119	131	0.750267
119	137	0.780683
119	143	1.88648
119	144	0.775222
119	149	2.39483
119	153	0.768609
119	158	0.771707
119	160	0.769959
119	161	0.778852
119	163	0.802189
119	165	0.759454
119	166	0.754546
119	167	0.71278
119	169	2.38989
119	172	0.770189
119	176	2.5503
119	179	0.694715
119	180	0.695646
120	19	2.8909
120	41	1.66143
120	68	1.94541
120	84	0.776016
120	140	0.767581
120	141	1.93876
120	143	0.753884
120	144	1.92256
120	147	0.736339
120	149	0.729776
120	151	0.753339
120	155	0.768315
120	156	0.747681
120	157	0.748633
120	159	0.734587
120	162	0.720462
120	164	0.719584
120	167	0.696332
120	169	0.722019
120	170	0.726993
120	171	0.725673
120	173	0.762143
120	174	0.722663
120	175	0.709152
120	176	0.717147
120	177	0.697987
120	178	0.679057
120	180	0.679198
121	1	0.735944
121	12	1.51026
121	13	0.814381
121	25	0.797245
121	26	0.712314
121	56	0.769044
121	63	0.763665
121	69	0.799412
121	87	0.763713
121	98	0.734258
121	110	0.738038
121	111	0.765794
121	131	0.744054
121	136	1.97749
121	146	2.19336
121	149	2.78272
121	150	0.753726
121	153	0.762396
121	157	2.31654
121	158	0.765494
121	160	0.763746
121	161	0.772639
121	163	0.795976
121	165	0.753241
121	166	0.748333
121	172	0.763976
121	174	2.95064
121	179	0.688502
121	180	0.689433
122	4	0.72991
122	5	0.722665
122	31	0.715629
122	32	0.772196
122	36	0.767718
122	41	0.7679
122	51	0.771102
122	58	0.757762
122	63	0.756973
122	71	0.728183
122	78	0.768174
122	82	0.78101
122	88	0.754614
122	94	0.785921
122	95	0.785209
122	100	0.775729
122	112	0.756221
122	113	0.752745
122	117	0.733498
122	123	0.760779
122	139	1.74382
122	140	1.61259
122	145	0.759205
122	152	0.770723
122	155	1.87614
122	167	2.87095
122	169	0.725561
122	171	2.37286
122	180	3.85327
123	4	0.729915
123	5	0.72267
123	17	2.20897
123	31	0.715633
123	32	0.7722
123	36	0.767722
123	41	0.767904
123	51	0.771106
123	58	0.757767
123	63	0.756977
123	71	0.728187
123	78	0.768179
123	82	0.781014
123	88	0.754618
123	94	0.785925
123	95	0.785214
123	100	0.775734
123	112	0.756226
123	113	0.75275
123	117	0.733503
123	122	0.760779
123	124	1.26831
123	145	0.759209
123	152	0.770727
123	162	2.43392
123	167	2.94831
123	169	0.725566
123	170	2.38537
123	176	2.55208
124	4	2.72678
124	57	0.806698
124	63	2.0616
124	104	0.780151
124	106	0.778754
124	123	1.26831
124	135	0.780914
124	140	0.794635
124	143	0.780938
124	145	1.50473
124	147	0.763392
124	149	0.756829
124	154	0.745736
124	155	0.795369
124	159	0.761641
124	160	1.30872
124	162	0.747515
124	164	0.746637
124	166	1.44167
124	168	0.734133
124	169	0.749072
124	170	0.754047
124	171	0.752727
124	174	0.749716
124	175	0.736205
124	176	0.744201
124	177	0.725041
124	178	0.70611
124	180	0.706251
125	5	2.37597
125	23	0.815547
125	34	1.77649
125	67	0.825936
125	94	1.46709
125	126	0.751082
125	131	1.98359
125	134	0.764792
125	135	0.766223
125	140	0.779944
125	146	0.775684
125	147	0.748702
125	151	0.765701
125	155	0.780678
125	156	0.760044
125	159	0.74695
125	161	1.60023
125	164	0.731947
125	165	1.52299
125	168	0.719443
125	169	0.734381
125	170	0.739356
125	171	0.738036
125	173	0.774505
125	174	0.735025
125	175	0.721515
125	176	0.72951
125	177	0.71035
125	178	0.69142
125	180	0.691561
126	21	3.01672
126	36	2.04668
126	50	3.1479
126	70	2.01721
126	107	0.69534
126	114	0.720559
126	125	0.751082
126	134	0.73746
126	138	0.752414
126	142	0.745705
126	143	0.738915
126	147	0.72137
126	149	0.714807
126	154	0.703714
126	155	0.753346
126	156	0.732712
126	157	0.733664
126	159	0.719618
126	162	0.705492
126	164	0.704615
126	167	0.681363
126	170	0.712024
126	171	0.710704
126	172	1.74721
126	173	0.747173
126	174	0.707694
126	175	0.694183
126	176	0.702178
126	177	0.683018
126	178	0.664088
126	179	0.663297
127	4	2.93898
127	9	2.60538
127	12	0.851044
127	13	1.26188
127	91	1.77162
127	105	0.757256
127	107	0.726921
127	118	1.46158
127	142	0.777286
127	143	0.770496
127	147	0.752951
127	148	0.799007
127	149	0.746388
127	151	0.76995
127	154	0.735295
127	155	0.784927
127	156	0.764293
127	157	0.765245
127	159	0.751199
127	160	1.52092
127	162	0.737073
127	164	0.736196
127	168	0.723692
127	170	0.743605
127	174	0.739275
127	175	0.725764
127	176	0.733759
127	177	0.714599
127	178	0.695669
127	179	0.694878
128	1	0.722268
128	27	0.78846
128	34	0.760336
128	38	0.766821
128	40	0.76375
128	49	0.768025
128	52	0.756063
128	64	0.731496
128	79	3.93908
128	82	1.0204
128	92	0.790223
128	97	0.730812
128	101	0.732784
128	108	3.86208
128	114	1.38342
128	115	0.7498
128	133	0.769839
128	135	1.16355
128	141	0.746752
128	150	0.74005
128	153	0.748719
128	158	0.751817
128	160	0.75007
128	161	0.758962
128	164	1.92183
128	165	0.739565
128	166	0.734657
128	167	0.692891
128	172	0.7503
128	179	0.674825
128	180	0.675757
129	16	2.02473
129	51	1.81201
129	59	1.88206
129	84	0.808302
129	98	1.44534
129	132	0.768218
129	133	1.06127
129	134	0.784714
129	136	0.812081
129	137	0.79652
129	138	0.799668
129	139	0.804867
129	145	1.90856
129	146	0.795607
129	149	0.762061
129	151	0.785624
129	154	0.750968
129	155	0.800601
129	157	0.780919
129	162	0.752747
129	163	1.36093
129	164	0.751869
129	167	0.728617
129	169	0.754304
129	170	0.759279
129	171	0.757959
129	173	0.794428
129	174	0.754948
129	175	0.741437
129	177	0.730273
129	178	0.711342
129	179	0.710552
130	11	2.03949
130	30	0.752442
130	42	0.727291
130	49	0.798858
130	56	0.7862
130	64	0.76233
130	65	0.816635
130	80	0.737152
130	86	3.31
130	98	0.751414
130	109	0.783359
130	110	0.755194
130	115	0.780633
130	119	0.797529
130	131	0.76121
130	133	0.800672
130	139	1.3917
130	144	0.786165
130	148	1.26266
130	150	0.770883
130	153	0.779552
130	158	0.78265
130	163	0.813132
130	165	0.770398
130	166	0.76549
130	167	0.723724
130	170	1.9559
130	172	0.781133
130	175	2.33265
130	177	2.78132
130	179	0.705659
130	180	0.70659
131	27	0.77203
131	30	0.70518
131	34	0.743907
131	63	0.73356
131	65	0.769373
131	69	0.769306
131	75	0.764587
131	90	0.778496
131	114	2.75248
131	118	0.753178
131	119	0.750267
131	121	0.744054
131	125	1.98359
131	130	0.76121
131	133	0.75341
131	134	1.96212
131	137	0.744364
131	141	0.730323
131	144	0.738903
131	152	0.74731
131	153	0.73229
131	158	0.735388
131	159	2.61694
131	160	0.73364
131	161	0.742533
131	165	0.723135
131	166	0.718227
131	169	2.84926
131	172	0.73387
131	173	2.35441
131	179	0.658396
131	180	0.659328
132	21	0.708244
132	24	0.695062
132	28	0.772191
132	29	0.692492
132	47	0.745336
132	73	0.70212
132	76	0.751486
132	81	0.69142
132	83	0.710172
132	85	0.731068
132	89	0.737082
132	90	2.05186
132	91	0.726876
132	109	2.12051
132	110	2.93132
132	129	0.768218
132	142	0.742918
132	151	0.735582
132	154	0.700927
132	157	0.730877
132	163	0.767984
132	165	2.12838
132	166	2.30475
132	167	0.678576
132	170	0.709237
132	174	0.704907
132	175	0.691396
132	176	0.699391
132	177	0.680231
132	178	0.661301
132	180	0.661442
133	10	0.76228
133	26	0.721669
133	40	0.786782
133	50	0.724529
133	61	2.67601
133	64	0.754529
133	84	0.896119
133	97	0.753844
133	101	0.755816
133	109	0.775559
133	111	0.775149
133	115	0.772832
133	118	0.792639
133	128	0.769839
133	129	1.06127
133	130	0.800672
133	131	0.75341
133	141	0.769784
133	144	0.778365
133	145	0.775253
133	150	0.763082
133	153	0.771751
133	158	0.77485
133	160	0.773102
133	164	2.22244
133	165	0.762597
133	166	0.757689
133	172	0.773332
133	176	1.94121
133	177	2.59992
133	178	3.59152
133	179	0.697858
133	180	0.698789
134	11	0.749454
134	26	2.58599
134	33	0.801102
134	40	2.13354
134	44	1.98881
134	71	2.33877
134	108	0.677737
134	125	0.764792
134	126	0.73746
134	129	0.784714
134	131	1.96212
134	136	0.778536
134	138	0.766123
134	139	0.771322
134	146	0.762062
134	147	0.735079
134	149	0.728516
134	150	1.7546
134	151	0.752079
134	154	0.717423
134	156	0.746421
134	159	0.733328
134	168	0.70582
134	170	0.725733
134	171	0.724414
134	173	0.760883
134	174	0.721403
134	175	0.707892
134	176	0.715887
134	177	0.696727
134	178	0.677797
134	179	0.677007
134	180	0.677938
135	34	2.32552
135	62	0.770298
135	85	2.43517
135	103	0.708856
135	113	1.55943
135	124	0.780914
135	125	0.766223
135	128	1.16355
135	136	0.779968
135	138	0.767555
135	142	0.760846
135	143	0.754056
135	147	0.736511
135	148	0.782567
135	149	0.729948
135	150	2.32509
135	151	0.75351
135	155	0.768487
135	156	0.747853
135	157	0.748805
135	160	2.11544
135	162	0.720633
135	164	0.719756
135	168	0.707252
135	171	0.725845
135	173	0.762315
135	174	0.722835
135	175	0.709324
135	176	0.717319
135	177	0.698159
135	178	0.679229
135	180	0.67937
136	16	1.94396
136	56	2.07492
136	92	1.47588
136	97	2.02985
136	108	0.705104
136	121	1.97749
136	129	0.812081
136	134	0.778536
136	135	0.779968
136	137	0.790342
136	138	0.79349
136	149	0.755883
136	151	0.779445
136	154	0.74479
136	155	0.794422
136	156	0.773788
136	157	0.77474
136	159	0.760694
136	161	1.6656
136	162	0.746568
136	164	0.745691
136	167	0.722439
136	168	0.733187
136	169	0.748125
136	170	0.7531
