1	30	1.11595
1	38	1.08255
1	44	1.05883
1	63	1.05334
1	66	1.06416
1	70	1.03192
1	84	1.07536
1	91	1.13859
1	100	1.10423
1	125	0.796874
1	161	0.999993
1	171	2.47348
2	12	0.262342
2	42	1.07325
2	44	1.05924
2	56	1.1293
2	63	1.05375
2	70	1.03233
2	84	1.07577
2	91	1.139
2	100	1.10464
2	148	0.823553
2	161	1.0004
2	177	3.76467
3	46	0.884426
3	50	0.985715
3	53	0.98451
3	58	1.04379
3	60	0.967776
3	61	1.04776
3	92	0.994248
3	97	0.162988
3	175	0.949252
3	178	0.914725
3	179	0.891298
3	180	0.891212
4	98	0.939505
4	104	0.978953
4	106	0.965751
4	110	0.955502
4	114	0.952148
4	115	1.00997
4	116	0.997328
4	118	0.937841
4	119	0.982768
4	165	1.11586
4	168	0.880474
4	174	3.37429
5	75	0.92587
5	87	0.967249
5	89	1.03077
5	90	0.953828
5	99	0.960131
5	103	0.944966
5	107	0.976273
5	108	0.976156
5	112	1.01817
5	158	1.70888
5	164	1.99325
5	171	0.892357
6	42	1.08576
6	44	1.07174
6	56	1.1418
6	70	1.04483
6	84	1.08827
6	100	1.11714
6	126	1.01253
6	127	1.06403
6	155	1.19508
6	161	1.0129
6	170	1.53671
6	175	1.68978
7	13	1.03198
7	14	1.02809
7	15	1.03863
7	28	1.1074
7	37	1.09262
7	46	1.07422
7	51	1.06155
7	57	1.06132
7	62	1.12261
7	127	1.08926
7	159	2.2605
7	162	1.78314
8	71	0.966509
8	98	0.932753
8	106	0.958999
8	109	0.953273
8	110	0.948749
8	114	0.945396
8	115	1.00322
8	116	0.990575
8	118	0.931089
8	119	0.976016
8	172	2.11395
8	178	1.98298
9	11	1.03038
9	26	0.987489
9	27	0.995799
9	65	0.925564
9	67	1.00162
9	80	0.987081
9	82	0.971024
9	97	0.947206
9	126	0.88517
9	141	2.0461
9	153	1.68221
9	171	0.891421
10	16	0.940701
10	22	0.953309
10	29	1.07295
10	33	1.04052
10	36	1.00668
10	39	1.00578
10	127	1.60177
10	149	1.01632
10	155	1.88666
10	161	0.905213
10	168	0.910334
11	9	1.03038
11	23	1.02647
11	41	1.05023
11	45	1.04222
11	65	1.01813
11	67	1.09419
11	80	1.07964
11	82	1.06359
11	97	1.03977
11	120	1.33793
11	125	1.14572
11	150	1.92717
11	171	0.983984
12	2	0.262342
12	16	1.31121
12	44	0.537773
12	156	1.06472
12	160	1.0434
12	164	1.07195
12	166	1.0355
12	169	1.05364
12	175	1.06394
12	177	1.00046
12	178	1.02942
12	179	1.00599
12	180	1.0059
13	7	1.03198
13	15	0.892876
13	19	0.99674
13	34	0.957128
13	37	0.946867
13	46	0.928466
13	47	0.937826
13	51	0.915788
13	57	0.915565
13	62	0.976851
13	96	0.914582
13	153	1.50984
13	157	2.35936
14	7	1.02809
14	15	0.888987
14	19	0.992851
14	28	0.957754
14	34	0.95324
14	37	0.942978
14	46	0.924577
14	47	0.933937
14	51	0.911899
14	57	0.911676
14	62	0.972962
14	135	1.8819
14	146	1.95933
15	7	1.03863
15	13	0.892876
15	14	0.888987
15	28	0.968296
15	34	0.963781
15	37	0.95352
15	46	0.935119
15	47	0.944479
15	51	0.922441
15	57	0.922218
15	62	0.983504
15	131	1.34685
15	169	2.5535
16	10	0.940701
16	12	1.31121
16	22	0.916854
16	29	1.0365
16	33	1.00406
16	36	0.970223
16	39	0.969327
16	96	0.923594
16	123	1.72407
16	124	0.948963
16	149	0.979862
16	161	0.868758
16	168	0.87388
17	31	1.01013
17	60	1.04033
17	64	1.04385
17	68	1.02103
17	69	1.03189
17	72	3.6
17	79	1.09883
17	81	1.09493
17	83	1.08021
17	92	1.0668
17	147	0.90545
17	163	0.984083
17	175	1.26642
18	74	1.04461
18	78	1.03934
18	98	1.01184
18	106	1.03809
18	109	1.03236
18	114	1.02448
18	115	1.08231
18	116	1.06966
18	118	1.01018
18	119	1.0551
18	123	0.889982
18	125	1.24227
18	133	2.13256
19	13	0.99674
19	14	0.992851
19	28	1.07216
19	34	1.06764
19	37	1.05738
19	46	1.03898
19	47	1.04834
19	51	1.0263
19	57	1.02608
19	62	1.08737
19	152	1.72379
19	165	0.601418
19	166	2.21684
20	24	1.02601
20	40	0.99963
20	43	0.95785
20	48	0.964371
20	50	0.939843
20	53	0.938638
20	55	1.01944
20	58	0.997916
20	140	0.925021
20	141	0.917993
20	146	0.904745
20	161	2.72672
21	26	1.07553
21	27	1.08384
21	45	1.0377
21	65	1.01361
21	67	1.08967
21	80	1.07513
21	82	1.05907
21	97	1.03525
21	126	0.973214
21	144	0.822832
21	165	1.15116
21	171	0.979466
21	180	3.21174
22	10	0.953309
22	16	0.916854
22	29	1.04911
22	33	1.01667
22	36	0.982831
22	39	0.981935
22	94	2.01851
22	124	0.961571
22	149	0.992469
22	161	0.881366
22	167	1.78555
22	168	0.886487
23	11	1.02647
23	32	1.00552
23	41	0.953757
23	45	0.945751
23	65	0.921656
23	67	0.997716
23	80	0.983173
23	82	0.967116
23	97	0.943298
23	135	1.68026
23	165	1.82223
23	171	0.887513
24	20	1.02601
24	40	1.11662
24	43	1.07484
24	48	1.08136
24	50	1.05683
24	53	1.05563
24	55	1.13643
24	58	1.11491
24	139	2.75228
24	146	1.02174
24	156	0.958664
24	168	1.27119
25	74	0.944981
25	98	0.912208
25	104	0.951656
25	106	0.938454
25	109	0.932728
25	110	0.928205
25	114	0.924851
25	115	0.982674
25	116	0.970031
25	118	0.910544
25	119	0.955471
25	121	1.95443
25	154	1.97975
25	168	0.853177
26	9	0.987489
26	21	1.07553
26	27	1.04547
26	32	1.0591
26	67	1.0513
26	80	1.03675
26	82	1.0207
26	97	0.996879
26	123	1.06961
26	126	0.934842
26	158	0.94147
26	171	0.941094
26	172	1.7064
26	173	2.55156
27	9	0.995799
27	21	1.08384
27	26	1.04547
27	32	1.06741
27	41	1.01565
27	45	1.00764
27	65	0.983546
27	80	1.04506
27	82	1.02901
27	97	1.00519
27	130	1.23159
27	148	1.67851
27	162	2.17507
27	171	0.949404
28	7	1.1074
28	14	0.957754
28	15	0.968296
28	19	1.07216
28	34	1.03255
28	37	1.02229
28	46	1.00389
28	47	1.01325
28	51	0.991208
28	57	0.990985
28	62	1.05227
28	138	0.890832
28	167	1.9239
28	171	2.09352
29	10	1.07295
29	16	1.0365
29	22	1.04911
29	33	1.13632
29	36	1.10248
29	39	1.10158
29	66	0.73831
29	133	1.36131
29	149	1.11212
29	161	1.00101
29	163	2.12834
29	168	1.00613
30	1	1.11595
30	38	1.03178
30	42	1.02207
30	63	1.00257
30	70	0.981147
30	84	1.02459
30	91	1.08782
30	100	1.05346
30	127	1.00035
30	131	1.18632
30	146	0.982823
30	158	1.2899
30	161	0.949222
30	170	2.23391
31	17	1.01013
31	61	0.984574
31	64	0.908115
31	69	0.89616
31	79	0.963092
31	81	0.959193
31	83	0.944475
31	92	0.931066
31	93	0.93459
31	141	0.900682
31	149	0.964938
31	163	0.848349
31	164	1.52152
31	171	2.67945
32	23	1.00552
32	26	1.0591
32	27	1.06741
32	41	1.02928
32	45	1.02127
32	65	0.997178
32	82	1.04264
32	97	1.01882
32	121	1.04858
32	126	0.956784
32	144	1.06332
32	160	1.88792
32	171	0.963036
32	178	2.63928
33	10	1.04052
33	16	1.00406
33	22	1.01667
33	29	1.13632
33	36	1.07004
33	39	1.06914
33	124	1.04878
33	149	1.07968
33	159	2.26502
33	161	0.968573
33	168	0.973695
33	169	1.29951
33	170	1.14045
34	13	0.957128
34	14	0.95324
34	15	0.963781
34	19	1.06764
34	28	1.03255
34	37	1.01777
34	46	0.999371
34	47	1.00873
34	51	0.986693
34	57	0.98647
34	62	1.04776
34	96	0.985487
34	126	2.05261
34	155	1.31513
34	169	1.81583
35	71	1.01649
35	78	1.01024
35	98	0.982739
35	104	1.02219
35	106	1.00899
35	109	1.00326
35	110	0.998735
35	114	0.995382
35	116	1.04056
35	118	0.981075
35	119	1.026
35	123	0.789198
35	148	1.93915
35	151	2.71462
35	168	0.923708
36	10	1.00668
36	16	0.970223
36	22	0.982831
36	29	1.10248
36	33	1.07004
36	39	1.0353
36	72	0.900223
36	77	1.071
36	96	0.989571
36	124	1.01494
36	149	1.04584
36	161	0.934735
36	168	0.939856
36	169	1.98187
36	175	1.97587
37	7	1.09262
37	13	0.946867
37	14	0.942978
37	15	0.95352
37	19	1.05738
37	28	1.02229
37	34	1.01777
37	46	0.989109
37	47	0.99847
37	51	0.976432
37	57	0.976208
37	62	1.03749
37	150	0.789981
37	161	1.91741
37	178	2.58883
38	1	1.08255
38	30	1.03178
38	42	0.988683
38	44	0.974671
38	56	1.04473
38	63	0.969175
38	84	0.991199
38	91	1.05443
38	100	1.02006
38	123	1.05022
38	145	0.93442
38	161	0.91583
38	162	1.88385
38	163	1.71564
38	176	1.58395
39	10	1.00578
39	16	0.969327
39	22	0.981935
39	29	1.10158
39	33	1.06914
39	36	1.0353
39	72	0.899327
39	96	0.988675
39	124	1.01404
39	127	1.45032
39	137	1.08151
39	145	2.3742
39	149	1.04494
39	161	0.933839
39	168	0.938961
40	20	0.99963
40	24	1.11662
40	43	1.04846
40	48	1.05498
40	50	1.03045
40	53	1.02925
40	55	1.11005
40	58	1.08853
40	113	1.04506
40	129	0.821315
40	141	1.0086
40	146	0.995356
40	159	2.70418
41	11	1.05023
41	23	0.953757
41	27	1.01565
41	32	1.02928
41	45	0.969506
41	59	0.953999
41	65	0.945412
41	67	1.02147
41	80	1.00693
41	82	0.990872
41	97	0.967054
41	121	0.996816
41	133	0.697836
41	143	2.66099
41	166	2.07212
41	171	0.911269
42	2	1.07325
42	6	1.08576
42	30	1.02207
42	38	0.988683
42	44	0.964964
42	63	0.959468
42	70	0.938048
42	84	0.981492
42	91	1.04472
42	100	1.01036
42	105	2.3067
42	136	1.87674
42	145	0.924713
42	146	0.939723
42	161	0.906123
42	168	1.74658
43	20	0.95785
43	24	1.07484
43	40	1.04846
43	48	1.0132
43	50	0.988673
43	53	0.987468
43	55	1.06827
43	58	1.04675
43	72	0.885463
43	102	0.958155
43	105	0.909313
43	127	0.660634
43	141	0.966823
43	146	0.953576
43	160	1.93779
43	172	2.82011
44	1	1.05883
44	2	1.05924
44	6	1.07174
44	12	0.537773
44	38	0.974671
44	42	0.964964
44	56	1.02101
44	63	0.945456
44	70	0.924036
44	84	0.96748
44	91	1.03071
44	100	0.996346
44	127	0.943241
44	134	1.64159
44	161	0.892111
44	179	3.45461
45	11	1.04222
45	21	1.0377
45	23	0.945751
45	27	1.00764
45	32	1.02127
45	41	0.969506
45	65	0.937406
45	67	1.01347
45	80	0.998923
45	82	0.982866
45	97	0.959048
45	121	0.98881
45	130	1.66789
45	145	2.26151
45	146	1.37045
45	171	0.903263
46	3	0.884426
46	7	1.07422
46	13	0.928466
46	14	0.924577
46	15	0.935119
46	19	1.03898
46	28	1.00389
46	34	0.999371
46	37	0.989109
46	47	0.980069
46	51	0.958031
46	57	0.957807
46	62	1.01909
46	73	1.01343
46	122	2.25514
46	140	1.30125
47	13	0.937826
47	14	0.933937
47	15	0.944479
47	19	1.04834
47	28	1.01325
47	34	1.00873
47	37	0.99847
47	46	0.980069
47	51	0.967391
47	57	0.967167
47	62	1.02845
47	73	1.02279
47	96	0.966185
47	135	1.64836
47	138	1.6151
47	141	1.9395
48	20	0.964371
48	24	1.08136
48	40	1.05498
48	43	1.0132
48	50	0.995194
48	53	0.993989
48	55	1.07479
48	58	1.05327
48	102	0.964676
48	105	0.915834
48	121	1.15851
48	141	0.973344
48	146	0.960097
48	158	1.15727
48	163	2.58029
49	52	1.04845
49	75	0.947236
49	76	1.04688
49	87	0.988616
49	89	1.05214
49	90	0.975195
49	99	0.981498
49	103	0.966333
49	107	0.997639
49	108	0.997523
49	112	1.03953
49	154	1.35251
49	158	1.32595
49	163	0.90236
49	171	0.913723
49	175	2.42303
50	3	0.985715
50	20	0.939843
50	24	1.05683
50	40	1.03045
50	43	0.988673
50	48	0.995194
50	53	0.969461
50	55	1.05027
50	58	1.02874
50	72	0.867456
50	102	0.940148
50	105	0.891306
50	113	1.94271
50	120	1.49116
50	141	0.948816
50	146	0.935568
50	164	1.81762
51	7	1.06155
51	13	0.915788
51	14	0.911899
51	15	0.922441
51	19	1.0263
51	28	0.991208
51	34	0.986693
51	37	0.976432
51	46	0.958031
51	47	0.967391
51	57	0.945129
51	62	1.00642
51	73	1.00075
51	96	0.944147
51	142	1.56483
51	150	2.01307
51	153	1.66604
52	49	1.04845
52	75	1.01326
52	76	1.1129
52	86	0.849232
52	87	1.05464
52	89	1.11816
52	90	1.04122
52	99	1.04752
52	103	1.03236
52	107	1.06366
52	108	1.06355
52	112	1.10556
52	124	1.41298
52	161	2.40423
52	163	0.968384
52	167	2.00233
52	171	0.979747
53	3	0.98451
53	20	0.938638
53	24	1.05563
53	40	1.02925
53	43	0.987468
53	48	0.993989
53	50	0.969461
53	55	1.04906
53	58	1.02753
53	72	0.866251
53	102	0.938943
53	105	0.890101
53	129	1.26533
53	141	0.947611
53	146	0.934363
53	152	2.61683
53	164	1.36398
54	111	0.801031
54	139	0.782156
54	148	0.831172
54	153	0.853049
54	158	0.883678
54	162	0.813182
54	170	0.811972
54	172	0.776472
54	173	0.764533
54	174	0.767823
54	175	0.820162
54	176	0.810699
54	177	0.756673
54	178	0.785635
54	179	0.762207
54	180	0.762122
55	20	1.01944
55	24	1.13643
55	40	1.11005
55	43	1.06827
55	48	1.07479
55	50	1.05027
55	53	1.04906
55	58	1.10834
55	72	0.947057
55	102	1.01975
55	105	0.970906
55	137	1.29245
55	141	1.02842
55	145	1.01629
55	146	1.01517
55	168	1.80619
55	173	3.09705
56	2	1.1293
56	6	1.1418
56	38	1.04473
56	44	1.02101
56	63	1.01552
56	70	0.994095
56	77	0.772261
56	84	1.03754
56	91	1.10077
56	100	1.0664
56	123	1.09656
56	127	1.0133
56	145	0.98076
56	146	0.99577
56	148	1.67473
56	157	1.62971
56	160	2.1747
57	7	1.06132
57	13	0.915565
57	14	0.911676
57	15	0.922218
57	19	1.02608
57	28	0.990985
57	34	0.98647
57	37	0.976208
57	46	0.957807
57	47	0.967167
57	51	0.945129
57	62	1.00619
57	73	1.00053
57	86	1.26099
57	96	0.943923
57	142	1.74799
57	147	2.1447
58	3	1.04379
58	20	0.997916
58	24	1.11491
58	40	1.08853
58	43	1.04675
58	48	1.05327
58	50	1.02874
58	53	1.02753
58	55	1.10834
58	72	0.92553
58	94	2.18149
58	102	0.998221
58	105	0.949379
58	128	0.946569
58	141	1.00689
58	146	0.993642
58	156	1.54243
58	157	1.72549
59	41	0.953999
59	60	0.932637
59	61	1.01262
59	64	0.936157
59	65	0.921898
59	67	0.997958
59	79	0.991135
59	93	0.962633
59	95	1.31704
59	97	0.94354
59	106	0.972276
59	109	0.96655
59	115	1.0165
59	116	1.00385
59	118	0.944366
59	165	1.62352
59	171	0.887755
59	176	2.5
60	3	0.967776
60	17	1.04033
60	59	0.932637
60	64	0.93831
60	68	0.915496
60	69	0.926355
60	79	0.993287
60	81	0.989388
60	83	0.97467
60	85	1.04379
60	92	0.961261
60	93	0.964785
60	102	1.55082
60	141	0.930877
60	149	0.995133
60	156	1.89053
60	163	0.878544
60	167	2.29662
61	3	1.04776
61	31	0.984574
61	59	1.01262
61	64	1.01829
61	68	0.995475
61	69	1.00633
61	79	1.07327
61	81	1.06937
61	83	1.05465
61	93	1.04476
61	101	1.34583
61	121	1.05543
61	122	0.984183
61	124	1.04421
61	132	3.08109
61	149	1.07511
61	163	0.958524
61	178	1.58445
62	7	1.12261
62	13	0.976851
62	14	0.972962
62	15	0.983504
62	19	1.08737
62	28	1.05227
62	34	1.04776
62	37	1.03749
62	46	1.01909
62	47	1.02845
62	51	1.00642
62	57	1.00619
62	73	1.06182
62	96	1.00521
62	122	0.95951
62	130	0.780485
62	134	1.63476
62	173	3.45487
63	1	1.05334
63	2	1.05375
63	30	1.00257
63	38	0.969175
63	42	0.959468
63	44	0.945456
63	56	1.01552
63	70	0.91854
63	84	0.961985
63	100	0.99085
63	126	0.886242
63	127	0.937746
63	131	1.40508
63	137	1.45734
63	145	0.905206
63	146	0.920216
63	161	0.886615
63	175	2.60573
64	17	1.04385
64	31	0.908115
64	59	0.936157
64	60	0.93831
64	61	1.01829
64	68	0.919016
64	69	0.929875
64	79	0.996808
64	81	0.992908
64	83	0.97819
64	92	0.964781
64	93	0.968306
64	124	0.967755
64	149	0.998654
64	163	0.882065
64	171	1.41419
64	176	1.26322
64	179	3.28693
65	9	0.925564
65	11	1.01813
65	21	1.01361
65	23	0.921656
65	27	0.983546
65	32	0.997178
65	41	0.945412
65	45	0.937406
65	59	0.921898
65	67	0.989371
65	80	0.974828
65	82	0.958771
65	97	0.934953
65	123	1.00768
65	140	1.58239
65	144	1.87447
65	154	1.73606
65	171	0.879168
66	1	1.06416
66	29	0.73831
66	114	1.22793
66	130	1.0394
66	139	0.944915
66	151	0.957962
66	159	0.954222
66	162	0.97594
66	164	0.990922
66	167	0.965375
66	172	0.939231
66	173	0.927291
66	174	0.930581
66	175	0.98292
66	176	0.973457
66	178	0.948393
66	179	0.924966
66	180	0.92488
67	9	1.00162
67	11	1.09419
67	21	1.08967
67	23	0.997716
67	26	1.0513
67	41	1.02147
67	45	1.01347
67	59	0.997958
67	65	0.989371
67	80	1.05089
67	97	1.01101
67	121	1.04078
67	123	1.08374
67	124	1.15167
67	152	2.00556
67	169	1.57141
67	171	0.955229
67	176	1.75967
68	17	1.02103
68	60	0.915496
68	61	0.995475
68	64	0.919016
68	73	0.976178
68	79	0.973994
68	81	0.970094
68	83	0.955376
68	85	1.0245
68	92	0.941967
68	93	0.945492
68	121	0.95616
68	124	0.944941
68	141	0.911584
68	149	0.97584
68	156	2.35787
68	158	1.49128
68	164	1.77566
69	17	1.03189
69	31	0.89616
69	60	0.926355
69	61	1.00633
69	64	0.929875
69	79	0.984853
69	81	0.980953
69	83	0.966235
69	85	1.03536
69	92	0.952827
69	93	0.956351
69	121	0.96702
69	128	1.81647
69	141	0.922443
69	149	0.986699
69	150	2.0929
69	154	1.5723
69	163	0.87011
70	1	1.03192
70	2	1.03233
70	6	1.04483
70	30	0.981147
70	42	0.938048
70	44	0.924036
70	56	0.994095
70	63	0.91854
70	84	0.940564
70	91	1.00379
70	100	0.96943
70	126	0.864821
70	127	0.916325
70	145	0.883785
70	146	0.898795
70	148	2.08406
70	160	2.58403
70	161	0.865195
70	164	1.27376
71	8	0.966509
71	35	1.01649
71	74	1.0281
71	78	1.02283
71	95	1.55941
71	98	0.995331
71	104	1.03478
71	106	1.02158
71	109	1.01585
71	110	1.01133
71	114	1.00797
71	115	1.0658
71	116	1.05315
71	118	0.993667
71	119	1.03859
71	120	1.40895
71	125	1.21674
71	165	1.86588
71	168	0.9363
72	17	3.6
72	36	0.900223
72	39	0.899327
72	43	0.885463
72	50	0.867456
72	53	0.866251
72	55	0.947057
72	58	0.92553
72	105	0.788096
72	134	0.853231
72	149	0.909862
72	157	0.835934
72	161	0.798758
72	168	0.80388
72	177	0.767505
72	178	0.796467
72	179	0.773039
72	180	0.772954
73	46	1.01343
73	47	1.02279
73	51	1.00075
73	57	1.00053
73	62	1.06182
73	68	0.976178
73	79	1.05397
73	83	1.03535
73	90	1.01206
73	107	1.03451
73	108	1.03439
73	112	1.0764
73	123	0.579169
73	126	2.50561
73	130	1.81351
73	141	0.991559
73	146	1.51607
73	163	0.939226
73	171	0.95059
74	18	1.04461
74	25	0.944981
74	71	1.0281
74	78	1.02185
74	98	0.994348
74	104	1.0338
74	106	1.02059
74	109	1.01487
74	110	1.01034
74	111	2.29944
74	114	1.00699
74	115	1.06481
74	116	1.05217
74	117	1.434
74	118	0.992684
74	119	1.03761
74	130	0.906522
74	151	2.12891
74	168	0.935317
75	5	0.92587
75	49	0.947236
75	52	1.01326
75	76	1.01169
75	87	0.953431
75	89	1.01695
75	90	0.940009
75	99	0.946313
75	103	0.931148
75	107	0.962454
75	108	0.962338
75	112	1.00435
75	138	1.63949
75	145	0.891251
75	146	1.75018
75	149	0.983764
75	163	0.867175
75	170	2.34389
75	171	0.878538
76	49	1.04688
76	52	1.1129
76	75	1.01169
76	87	1.05307
76	89	1.11659
76	90	1.03965
76	99	1.04595
76	103	1.03079
76	107	1.06209
76	108	1.06198
76	112	1.10399
76	113	1.03953
76	142	0.728975
76	163	0.966816
76	168	2.66132
76	171	0.978179
76	176	1.92139
77	36	1.071
77	56	0.772261
77	114	1.38714
77	135	0.975024
77	154	0.994667
77	160	0.950419
77	162	0.963983
77	164	0.978965
77	165	0.997827
77	167	0.953418
77	169	0.960662
77	172	0.927274
77	173	0.915334
77	174	0.918624
77	176	0.9615
77	177	0.907475
77	178	0.936436
77	179	0.913009
77	180	0.912923
78	18	1.03934
78	35	1.01024
78	71	1.02283
78	74	1.02185
78	86	0.513317
78	98	0.989073
78	104	1.02852
78	106	1.01532
78	109	1.00959
78	110	1.00507
78	114	1.00172
78	115	1.05954
78	116	1.0469
78	118	0.987409
78	119	1.03234
78	129	1.16754
78	139	3.84772
78	168	0.930042
78	176	1.62669
79	17	1.09883
79	31	0.963092
79	59	0.991135
79	60	0.993287
79	61	1.07327
79	64	0.996808
79	68	0.973994
79	69	0.984853
79	73	1.05397
79	81	1.04789
79	83	1.03317
79	92	1.01976
79	93	1.02328
79	124	1.02273
79	153	1.23019
79	158	1.03006
79	163	0.937042
79	170	1.97407
79	175	2.12713
80	9	0.987081
80	11	1.07964
80	21	1.07513
80	23	0.983173
80	26	1.03675
80	27	1.04506
80	41	1.00693
80	45	0.998923
80	65	0.974828
80	67	1.05089
80	82	1.02029
80	97	0.99647
80	123	1.0692
80	126	0.934434
80	141	0.994981
80	162	0.881202
80	171	0.940685
80	174	2.65168
80	179	2.60502
81	17	1.09493
81	31	0.959193
81	60	0.989388
81	61	1.06937
81	64	0.992908
81	68	0.970094
81	69	0.980953
81	79	1.04789
81	83	1.02927
81	92	1.01586
81	93	1.01938
81	121	1.03005
81	122	1.40117
81	124	1.01883
81	128	0.845124
81	140	1.02185
81	149	1.04973
81	163	0.933143
81	173	3.89652
82	9	0.971024
82	11	1.06359
82	21	1.05907
82	23	0.967116
82	26	1.0207
82	27	1.02901
82	32	1.04264
82	41	0.990872
82	45	0.982866
82	65	0.958771
82	80	1.02029
82	97	0.980413
82	111	2.90056
82	121	1.01018
82	123	1.05314
82	126	0.918377
82	144	1.02487
82	158	0.859894
82	170	1.80391
82	171	0.924629
83	17	1.08021
83	31	0.944475
83	60	0.97467
83	61	1.05465
83	64	0.97819
83	68	0.955376
83	69	0.966235
83	73	1.03535
83	79	1.03317
83	81	1.02927
83	92	1.00114
83	93	1.00467
83	121	1.01533
83	129	1.18102
83	141	0.970758
83	149	1.03501
83	151	2.86543
83	158	0.995293
83	163	0.918425
83	165	1.41014
84	1	1.07536
84	2	1.07577
84	6	1.08827
84	30	1.02459
84	38	0.991199
84	42	0.981492
84	44	0.96748
84	56	1.03754
84	63	0.961985
84	70	0.940564
84	88	0.896659
84	91	1.04724
84	100	1.01287
84	123	1.04303
84	124	0.919865
84	126	0.908266
84	143	2.85567
84	146	0.94224
84	161	0.90864
84	178	2.58253
85	60	1.04379
85	68	1.0245
85	69	1.03536
85	90	1.06038
85	92	1.07026
85	93	1.07379
85	103	1.05152
85	107	1.08283
85	108	1.08271
85	109	1.0777
85	110	1.07318
85	112	1.12472
85	114	1.06983
85	118	1.05552
85	119	1.10045
85	123	0.561312
85	137	0.674217
85	156	1.00486
85	161	1.81285
85	180	3.29788
86	52	0.849232
86	57	1.26099
86	78	0.513317
86	114	0.806856
86	132	0.968111
86	137	1.08619
86	140	1.0754
86	157	1.01957
86	162	1.00765
86	166	0.98618
86	167	0.99708
86	169	1.00432
86	170	1.00644
86	172	0.970936
86	175	1.01463
86	176	1.00516
86	177	0.951138
86	178	0.980099
86	179	0.956672
86	180	0.956586
87	5	0.967249
87	49	0.988616
87	52	1.05464
87	75	0.953431
87	76	1.05307
87	89	1.05833
87	90	0.981389
87	99	0.987692
87	103	0.972527
87	107	1.00383
87	108	1.00372
87	112	1.04573
87	122	0.959578
87	145	0.932631
87	149	1.02514
87	155	1.19496
87	162	2.1838
87	163	0.908555
87	167	1.86526
87	171	0.919918
87	176	1.88391
88	84	0.896659
88	115	0.702956
88	144	1.00563
88	149	1.0529
88	152	0.926185
88	155	0.998039
88	157	0.956227
88	160	0.930743
88	162	0.944307
88	167	0.933741
88	169	0.940986
88	170	0.943097
88	172	0.907597
88	173	0.895658
88	174	0.898948
88	175	0.951287
88	176	0.941824
88	177	0.887799
88	178	0.91676
88	179	0.893333
88	180	0.893247
89	5	1.03077
89	49	1.05214
89	52	1.11816
89	75	1.01695
89	76	1.11659
89	87	1.05833
89	90	1.04491
89	99	1.05122
89	103	1.03605
89	107	1.06736
89	108	1.06724
89	112	1.10925
89	141	0.801748
89	143	1.88335
89	145	0.996154
89	149	1.08867
89	161	0.938791
89	163	0.972078
89	166	1.29448
89	171	0.983441
89	177	3.3
90	5	0.953828
90	49	0.975195
90	52	1.04122
90	73	1.01206
90	75	0.940009
90	76	1.03965
90	85	1.06038
90	87	0.981389
90	89	1.04491
90	99	0.974271
90	103	0.959106
90	107	0.990413
90	108	0.990296
90	112	1.03231
90	131	1.24873
90	133	2.00829
90	138	1.59192
90	147	1.84793
90	149	1.01172
90	163	0.895134
90	171	0.906497
91	1	1.13859
91	2	1.139
91	30	1.08782
91	38	1.05443
91	42	1.04472
91	44	1.03071
91	56	1.10077
91	70	1.00379
91	84	1.04724
91	100	1.0761
91	123	1.10626
91	126	0.971492
91	127	1.023
91	145	0.990456
91	146	1.00547
91	150	0.72309
91	154	0.7951
91	155	0.778314
91	161	0.971866
91	168	2.2072
91	180	3.33555
92	3	0.994248
92	17	1.0668
92	31	0.931066
92	60	0.961261
92	64	0.964781
92	68	0.941967
92	69	0.952827
92	79	1.01976
92	81	1.01586
92	83	1.00114
92	85	1.07026
92	93	0.991257
92	96	1.39093
92	121	1.00193
92	124	0.990706
92	129	1.56479
92	141	0.957349
92	142	1.47799
92	149	1.0216
92	156	2.24566
92	163	0.905016
93	31	0.93459
93	59	0.962633
93	60	0.964785
93	61	1.04476
93	64	0.968306
93	68	0.945492
93	69	0.956351
93	79	1.02328
93	81	1.01938
93	83	1.00467
93	85	1.07379
93	92	0.991257
93	102	1.29012
93	113	1.1727
93	121	1.00545
93	124	0.994231
93	141	0.960873
93	149	1.02513
93	157	1.81288
93	163	0.90854
93	166	2.79351
94	22	2.01851
94	58	2.18149
94	96	0.92721
94	135	0.90867
94	151	0.879651
94	154	0.928313
94	156	0.905381
94	157	0.90955
94	160	0.884066
94	162	0.89763
94	166	0.876164
94	167	0.887064
94	169	0.894309
94	172	0.86092
94	173	0.848981
94	174	0.852271
94	175	0.90461
94	177	0.841121
94	178	0.870083
94	179	0.846655
94	180	0.84657
95	59	1.31704
95	71	1.55941
95	97	0.8153
95	113	0.994633
95	136	0.916083
95	143	0.910547
95	148	0.951231
95	152	0.915118
95	154	0.963924
95	156	0.940992
95	158	1.00374
95	160	0.919677
95	162	0.93324
95	166	0.911775
95	167	0.922675
95	173	0.884591
95	175	0.94022
95	176	0.930758
95	177	0.876732
95	178	0.905694
95	179	0.882266
95	180	0.88218
96	13	0.914582
96	16	0.923594
96	34	0.985487
96	36	0.989571
96	39	0.988675
96	47	0.966185
96	51	0.944147
96	57	0.943923
96	62	1.00521
96	92	1.39093
96	94	0.92721
96	112	0.98171
96	116	0.665529
96	139	0.882336
96	149	0.999209
96	161	0.888106
96	168	0.893227
96	173	0.864712
96	177	0.856853
96	178	0.885814
96	179	0.862387
96	180	0.862301
97	3	0.162988
97	9	0.947206
97	11	1.03977
97	21	1.03525
97	23	0.943298
97	26	0.996879
97	27	1.00519
97	32	1.01882
97	41	0.967054
97	45	0.959048
97	59	0.94354
97	65	0.934953
97	67	1.01101
97	80	0.99647
97	82	0.980413
97	95	0.8153
97	117	1.88215
97	121	0.986357
97	123	1.02932
97	126	0.894559
97	171	0.90081
97	172	3.18389
98	4	0.939505
98	8	0.932753
98	18	1.01184
98	25	0.912208
98	35	0.982739
98	71	0.995331
98	74	0.994348
98	78	0.989073
98	104	1.00102
98	105	2.4933
98	106	0.987822
98	109	0.982095
98	110	0.977572
98	114	0.974219
98	115	1.03204
98	116	1.0194
98	118	0.959911
98	119	1.00484
98	121	0.651232
98	126	1.24178
98	168	0.902544
98	174	3.26363
99	5	0.960131
99	49	0.981498
99	52	1.04752
99	75	0.946313
99	76	1.04595
99	87	0.987692
99	89	1.05122
99	90	0.974271
99	103	0.965409
99	105	0.89626
99	107	0.996716
99	108	0.996599
99	112	1.03861
99	117	1.06578
99	122	0.95246
99	145	0.925513
99	149	1.01803
99	163	0.901437
99	171	0.9128
99	175	0.739916
99	179	2.95789
99	180	2.80245
100	1	1.10423
100	2	1.10464
100	6	1.11714
100	30	1.05346
100	38	1.02006
100	42	1.01036
100	44	0.996346
100	56	1.0664
100	63	0.99085
100	70	0.96943
100	84	1.01287
100	91	1.0761
100	121	0.824287
100	123	1.0719
100	126	0.937131
100	127	0.988635
100	138	1.06266
100	145	0.956096
100	146	0.971106
100	161	0.937505
100	163	2.24607
100	169	1.92612
100	170	1.76706
101	61	1.34583
101	119	2.61402
101	136	0.866456
101	139	0.852588
101	142	0.949324
101	150	0.920647
101	151	0.865635
101	152	0.865491
101	153	0.923481
101	158	0.95411
101	160	0.87005
101	162	0.883613
101	164	0.898595
101	166	0.862148
101	170	0.882404
101	173	0.834965
101	174	0.838255
101	175	0.890594
101	176	0.881131
101	177	0.827105
101	178	0.856067
101	179	0.832639
101	180	0.832554
102	43	0.958155
102	48	0.964676
102	50	0.940148
102	53	0.938943
102	55	1.01975
102	58	0.998221
102	60	1.55082
102	93	1.29012
102	103	0.907384
102	104	0.97505
102	110	0.951599
102	114	0.948246
102	118	0.933938
102	119	0.978866
102	160	0.883142
102	168	0.876571
102	172	0.859996
102	173	0.848056
102	174	0.851346
102	176	0.894223
102	178	0.869159
102	179	0.845731
102	180	0.845645
103	5	0.944966
103	49	0.966333
103	52	1.03236
103	75	0.931148
103	76	1.03079
103	85	1.05152
103	87	0.972527
103	89	1.03605
103	90	0.959106
103	99	0.965409
103	102	0.907384
103	105	0.881095
103	107	0.981551
103	108	0.981434
103	112	1.02345
103	122	0.937295
103	125	0.752173
103	145	0.910348
103	149	1.00286
103	157	1.43015
103	163	0.886272
103	171	0.897635
103	179	3.69555
104	4	0.978953
104	25	0.951656
104	35	1.02219
104	71	1.03478
104	74	1.0338
104	78	1.02852
104	98	1.00102
104	102	0.97505
104	106	1.02727
104	109	1.02154
104	110	1.01702
104	114	1.01367
104	115	1.07149
104	116	1.05885
104	118	0.999359
104	119	1.04429
104	122	0.982408
104	123	1.05627
104	127	0.988001
104	155	0.951068
104	168	0.941992
104	169	1.45176
104	171	1.791
104	174	3.7104
105	42	2.3067
105	43	0.909313
105	48	0.915834
105	50	0.891306
105	53	0.890101
105	55	0.970906
105	58	0.949379
105	72	0.788096
105	98	2.4933
105	99	0.89626
105	103	0.881095
105	107	0.912401
105	108	0.912285
105	112	0.954296
105	124	0.902813
105	133	0.890167
105	159	0.826145
105	164	0.862845
105	171	0.828485
105	174	0.802504
105	177	0.791355
105	178	0.820316
105	179	0.796889
105	180	0.796803
106	4	0.965751
106	8	0.958999
106	18	1.03809
106	25	0.938454
106	35	1.00899
106	59	0.972276
106	71	1.02158
106	74	1.02059
106	78	1.01532
106	98	0.987822
106	104	1.02727
106	109	1.00834
106	110	1.00382
106	114	1.00046
106	115	1.05829
106	116	1.04564
106	118	0.986158
106	119	1.03108
106	120	1.36196
106	127	0.974799
106	144	1.56901
106	147	1.89966
106	153	1.60417
106	154	1.4306
106	168	0.92879
107	5	0.976273
107	49	0.997639
107	52	1.06366
107	73	1.03451
107	75	0.962454
107	76	1.06209
107	85	1.08283
107	87	1.00383
107	89	1.06736
107	90	0.990413
107	99	0.996716
107	103	0.981551
107	105	0.912401
107	108	1.01274
107	112	1.05475
107	122	0.968601
107	124	1.17848
107	132	3.51891
107	145	0.941654
107	149	1.03417
107	163	0.917578
107	168	1.70753
107	171	0.928941
107	175	0.773339
107	178	2.02227
108	5	0.976156
108	49	0.997523
108	52	1.06355
108	73	1.03439
108	75	0.962338
108	76	1.06198
108	85	1.08271
108	87	1.00372
108	89	1.06724
108	90	0.990296
108	99	0.996599
108	103	0.981434
108	105	0.912285
108	107	1.01274
108	112	1.05464
108	122	0.968485
108	136	2.46315
108	145	0.941538
108	149	1.03405
108	153	1.13759
108	159	2.3703
108	162	1.89294
108	163	0.917462
108	171	0.928825
108	175	1.39879
109	8	0.953273
109	18	1.03236
109	25	0.932728
109	35	1.00326
109	59	0.96655
109	71	1.01585
109	74	1.01487
109	78	1.00959
109	85	1.0777
109	98	0.982095
109	104	1.02154
109	106	1.00834
109	110	0.998092
109	114	0.994739
109	115	1.05256
109	116	1.03992
109	118	0.980431
109	119	1.02536
109	122	0.96348
109	134	2.00071
109	136	2.66011
109	140	0.980008
109	154	1.13368
109	168	0.923064
109	172	2.97565
110	4	0.955502
110	8	0.948749
110	25	0.928205
110	35	0.998735
110	71	1.01133
110	74	1.01034
110	78	1.00507
110	85	1.07318
110	98	0.977572
110	102	0.951599
110	104	1.01702
110	106	1.00382
110	109	0.998092
110	114	0.990215
110	115	1.04804
110	116	1.03539
110	118	0.975908
110	119	1.02084
110	122	0.958957
110	127	0.96455
110	131	1.21302
110	135	1.58948
110	137	1.26528
110	140	1.18948
110	152	2.85382
110	168	0.918541
111	54	0.801031
111	74	2.29944
111	82	2.90056
111	113	0.933023
111	117	0.911361
111	132	0.832096
111	133	0.913934
111	148	0.889621
111	152	0.853508
111	155	0.925362
111	157	0.883551
111	158	0.942127
111	159	0.849913
111	160	0.858067
111	162	0.87163
111	164	0.886612
111	169	0.868309
111	170	0.870421
111	173	0.822981
111	174	0.826271
111	175	0.87861
111	176	0.869148
111	177	0.815122
111	178	0.844084
111	179	0.820656
111	180	0.820571
112	5	1.01817
112	49	1.03953
112	52	1.10556
112	73	1.0764
112	75	1.00435
112	76	1.10399
112	85	1.12472
112	87	1.04573
112	89	1.10925
112	90	1.03231
112	96	0.98171
112	99	1.03861
112	103	1.02345
112	105	0.954296
112	107	1.05475
112	108	1.05464
112	122	1.0105
112	128	1.24058
112	145	0.983549
112	149	1.07606
112	153	1.16997
112	155	1.57223
112	163	0.959473
112	164	1.25422
112	171	0.970837
112	176	2.26118
113	40	1.04506
113	50	1.94271
113	76	1.03953
113	93	1.1727
113	95	0.994633
113	111	0.933023
113	130	1.00863
113	143	0.922481
113	153	0.985041
113	154	0.975857
113	155	0.998906
113	156	0.952925
113	158	1.01567
113	159	0.923456
113	165	0.979017
113	169	0.941853
113	170	0.943964
113	172	0.908464
113	173	0.896525
113	174	0.899815
113	175	0.952154
113	176	0.942691
113	177	0.888665
113	178	0.917627
113	179	0.894199
113	180	0.894114
114	4	0.952148
114	8	0.945396
114	18	1.02448
114	25	0.924851
114	35	0.995382
114	66	1.22793
114	71	1.00797
114	74	1.00699
114	77	1.38714
114	78	1.00172
114	85	1.06983
114	86	0.806856
114	98	0.974219
114	102	0.948246
114	104	1.01367
114	106	1.00046
114	109	0.994739
114	110	0.990215
114	115	1.04469
114	116	1.03204
114	118	0.972555
114	119	1.01748
114	127	0.961196
114	142	1.29385
114	165	1.60979
114	168	0.915187
115	4	1.00997
115	8	1.00322
115	18	1.08231
115	25	0.982674
115	59	1.0165
115	71	1.0658
115	74	1.06481
115	78	1.05954
115	88	0.702956
115	98	1.03204
115	104	1.07149
115	106	1.05829
115	109	1.05256
115	110	1.04804
115	114	1.04469
115	116	1.08986
115	117	1.21806
115	118	1.03038
115	119	1.0753
115	122	1.01343
115	127	1.01902
115	142	0.78636
115	155	1.30656
115	168	0.97301
115	171	1.48514
115	177	4.07862
116	4	0.997328
116	8	0.990575
116	18	1.06966
116	25	0.970031
116	35	1.04056
116	59	1.00385
116	71	1.05315
116	74	1.05217
116	78	1.0469
116	96	0.665529
116	98	1.0194
116	104	1.05885
116	106	1.04564
116	109	1.03992
116	110	1.03539
116	114	1.03204
116	115	1.08986
116	118	1.01773
116	119	1.06266
116	122	1.00078
116	124	1.337
116	127	1.00638
116	141	1.21768
116	146	1.00397
116	167	1.92635
116	168	0.960367
116	178	2.99967
117	74	1.434
117	97	1.88215
117	99	1.06578
117	111	0.911361
117	115	1.21806
117	125	1.03597
117	127	0.949386
117	129	1.00329
117	135	0.934552
117	143	0.900818
117	150	0.960545
117	152	0.905389
117	153	0.963378
117	155	0.977243
117	156	0.931263
117	158	0.994007
117	159	0.901794
117	164	0.938493
117	165	0.957355
117	167	0.912946
117	169	0.92019
117	170	0.922301
117	173	0.874862
117	175	0.930491
117	176	0.921029
117	178	0.895965
117	179	0.872537
117	180	0.872451
118	4	0.937841
118	8	0.931089
118	18	1.01018
118	25	0.910544
118	35	0.981075
118	59	0.944366
118	71	0.993667
118	74	0.992684
118	78	0.987409
118	85	1.05552
118	98	0.959911
118	102	0.933938
118	104	0.999359
118	106	0.986158
118	109	0.980431
118	110	0.975908
118	114	0.972555
118	115	1.03038
118	116	1.01773
118	119	1.00317
118	122	0.941296
118	127	0.946889
118	134	1.32294
118	151	1.69105
118	160	1.41556
118	168	0.90088
118	171	1.26323
118	177	3.85671
119	4	0.982768
119	8	0.976016
119	18	1.0551
119	25	0.955471
119	35	1.026
119	71	1.03859
119	74	1.03761
119	78	1.03234
119	85	1.10045
119	98	1.00484
119	101	2.61402
119	102	0.978866
119	104	1.04429
119	106	1.03108
119	109	1.02536
119	110	1.02084
119	114	1.01748
119	115	1.0753
119	116	1.06266
119	118	1.00317
119	121	1.01155
119	122	0.986223
119	127	0.991816
119	145	1.748
119	147	1.00226
119	150	1.05379
119	163	1.92966
119	168	0.945807
120	11	1.33793
120	50	1.49116
120	71	1.40895
120	106	1.36196
120	136	0.920596
120	143	0.915061
120	144	0.999081
120	148	0.955744
120	150	0.974787
120	151	0.919776
120	154	0.968437
120	155	0.991486
120	159	0.916036
120	162	0.937754
120	164	0.952736
120	165	0.971598
120	166	0.916288
120	167	0.927188
120	169	0.934433
120	170	0.936544
120	172	0.901044
120	174	0.892395
120	175	0.944734
120	176	0.935271
120	177	0.881246
120	178	0.910207
120	179	0.88678
120	180	0.886694
121	25	1.95443
121	32	1.04858
121	41	0.996816
121	45	0.98881
121	48	1.15851
121	61	1.05543
121	67	1.04078
121	68	0.95616
121	69	0.96702
121	81	1.03005
121	82	1.01018
121	83	1.01533
121	92	1.00193
121	93	1.00545
121	97	0.986357
121	98	0.651232
121	100	0.824287
121	119	1.01155
121	151	0.931972
121	154	0.980633
121	160	0.936386
121	165	0.983794
121	171	0.930572
121	174	0.904591
121	177	0.893442
121	178	0.922403
121	179	0.898976
121	180	0.89889
122	46	2.25514
122	61	0.984183
122	62	0.95951
122	81	1.40117
122	87	0.959578
122	99	0.95246
122	103	0.937295
122	104	0.982408
122	107	0.968601
122	108	0.968485
122	109	0.96348
122	110	0.958957
122	112	1.0105
122	115	1.01343
122	116	1.00078
122	118	0.941296
122	119	0.986223
122	141	0.925655
122	143	0.88137
122	157	0.915983
122	160	0.890499
122	171	0.884685
122	175	0.911043
122	176	0.90158
122	177	0.847555
122	178	0.876516
122	179	0.853089
122	180	0.853003
123	16	1.72407
123	18	0.889982
123	26	1.06961
123	35	0.789198
123	38	1.05022
123	56	1.09656
123	65	1.00768
123	67	1.08374
123	73	0.579169
123	80	1.0692
123	82	1.05314
123	84	1.04303
123	85	0.561312
123	91	1.10626
123	97	1.02932
123	100	1.0719
123	104	1.05627
123	126	0.967288
123	153	1.03278
123	156	1.00067
123	161	0.967662
123	167	0.982351
123	169	0.989596
123	171	0.973539
123	172	0.956207
123	177	0.936409
123	179	0.941943
123	180	0.941857
124	16	0.948963
124	22	0.961571
124	33	1.04878
124	36	1.01494
124	39	1.01404
124	52	1.41298
124	61	1.04421
124	64	0.967755
124	67	1.15167
124	68	0.944941
124	79	1.02273
124	81	1.01883
124	84	0.919865
124	92	0.990706
124	93	0.994231
124	105	0.902813
124	107	1.17848
124	116	1.337
124	149	1.02458
124	161	0.913475
124	163	0.90799
124	164	0.953713
124	165	0.972575
124	166	0.917265
124	168	0.918597
124	172	0.902021
124	173	0.890082
124	178	0.911184
124	179	0.887756
124	180	0.887671
125	1	0.796874
125	11	1.14572
125	18	1.24227
125	71	1.21674
125	103	0.752173
125	117	1.03597
125	128	1.05947
125	130	1.0597
125	138	1.04187
125	139	0.965218
125	140	1.064
125	144	1.05757
125	149	0.158471
125	150	1.03328
125	152	0.978122
125	153	1.03611
125	160	0.98268
125	164	1.01123
125	165	1.03009
125	169	0.992923
125	170	0.995034
125	172	0.959534
125	173	0.947595
125	174	0.950885
125	175	1.00322
125	176	0.993761
125	177	0.939736
125	178	0.968697
125	179	0.94527
125	180	0.945184
126	6	1.01253
126	9	0.88517
126	21	0.973214
126	26	0.934842
126	32	0.956784
126	34	2.05261
126	63	0.886242
126	70	0.864821
126	73	2.50561
126	80	0.934434
126	82	0.918377
126	84	0.908266
126	91	0.971492
126	97	0.894559
126	98	1.24178
126	100	0.937131
126	123	0.967288
126	131	0.931251
126	145	0.851487
126	166	0.836686
126	167	0.847586
126	169	0.854831
126	170	0.856942
126	171	0.838774
126	172	0.821442
126	176	0.855669
126	177	0.801644
126	178	0.830605
126	180	0.807092
127	6	1.06403
127	7	1.08926
127	10	1.60177
127	30	1.00035
127	39	1.45032
127	43	0.660634
127	44	0.943241
127	56	1.0133
127	63	0.937746
127	70	0.916325
127	91	1.023
127	100	0.988635
127	104	0.988001
127	106	0.974799
127	110	0.96455
127	114	0.961196
127	115	1.01902
127	116	1.00638
127	117	0.949386
127	118	0.946889
127	119	0.991816
127	137	0.988198
127	140	0.977414
127	149	0.710262
127	162	0.909656
127	173	0.861007
127	175	0.916636
127	177	0.853148
127	178	0.882109
127	179	0.858682
127	180	0.858596
128	58	0.946569
128	69	1.81647
128	81	0.845124
128	112	1.24058
128	125	1.05947
128	133	0.989314
128	135	0.95805
128	136	0.929852
128	138	0.992641
128	140	1.01477
128	142	1.01272
128	147	0.97867
128	148	0.965
128	149	0.663501
128	154	0.977693
128	157	0.95893
128	158	1.01751
128	162	0.94701
128	165	0.980854
128	166	0.925544
128	167	0.936444
128	170	0.9458
128	172	0.9103
128	173	0.898361
128	174	0.901651
128	175	0.95399
128	176	0.944527
128	177	0.890502
128	178	0.919463
128	179	0.896035
128	180	0.89595
129	40	0.821315
129	53	1.26533
129	78	1.16754
129	83	1.18102
129	92	1.56479
129	117	1.00329
129	139	0.932538
129	144	1.02489
129	147	0.995223
129	148	0.981554
129	154	0.994247
129	155	1.0173
129	156	0.971315
129	157	0.975484
129	159	0.941846
129	160	0.95
129	162	0.963563
129	165	0.997407
129	166	0.942098
129	167	0.952998
129	170	0.962354
129	172	0.926854
129	173	0.914914
129	174	0.918204
129	175	0.970543
129	176	0.961081
129	177	0.907055
129	178	0.936017
129	179	0.912589
129	180	0.912504
130	27	1.23159
130	45	1.66789
130	62	0.780485
130	66	1.0394
130	73	1.81351
130	74	0.906522
130	113	1.00863
130	125	1.0597
130	132	0.907701
130	135	0.958277
130	143	0.924543
130	150	0.98427
130	151	0.929258
130	152	0.929114
130	156	0.954988
130	157	0.959156
130	158	1.01773
130	164	0.962218
130	165	0.98108
130	166	0.925771
130	167	0.93667
130	169	0.943915
130	170	0.946026
130	172	0.910527
130	173	0.898587
130	174	0.901877
130	175	0.954216
130	176	0.944753
130	177	0.890728
130	178	0.919689
130	179	0.896262
130	180	0.896176
131	15	1.34685
131	30	1.18632
131	63	1.40508
131	90	1.24873
131	110	1.21302
131	126	0.931251
131	132	0.917346
131	136	0.939723
131	140	1.02464
131	147	0.988541
131	148	0.974871
131	151	0.938902
131	152	0.938759
131	154	0.987564
131	156	0.964632
131	157	0.968801
131	158	1.02738
131	159	0.935163
131	162	0.956881
131	166	0.935415
131	167	0.946315
131	169	0.95356
131	170	0.955671
131	172	0.920171
131	173	0.908232
131	174	0.911522
131	175	0.963861
131	176	0.954398
131	177	0.900373
131	178	0.929334
131	179	0.905906
131	180	0.905821
132	61	3.08109
132	86	0.968111
132	107	3.51891
132	111	0.832096
132	130	0.907701
132	131	0.917346
132	133	0.88655
132	136	0.827088
132	139	0.813221
132	147	0.875906
132	148	0.862237
132	152	0.826124
132	153	0.884113
132	154	0.87493
132	155	0.897978
132	156	0.851998
132	157	0.856166
132	158	0.914742
132	159	0.822528
132	164	0.859228
132	165	0.87809
132	167	0.833681
132	168	0.824112
132	169	0.840925
132	170	0.843036
132	173	0.795597
132	174	0.798887
132	175	0.851226
132	176	0.841763
132	177	0.787738
132	178	0.8167
132	179	0.793272
132	180	0.793186
133	18	2.13256
133	29	1.36131
133	41	0.697836
133	90	2.00829
133	105	0.890167
133	111	0.913934
133	128	0.989314
133	132	0.88655
133	138	0.971716
133	143	0.903392
133	148	0.944075
133	153	0.965952
133	157	0.938005
133	159	0.904367
133	160	0.912521
133	162	0.926085
133	164	0.941067
133	165	0.959929
133	166	0.904619
133	167	0.915519
133	168	0.905951
133	169	0.922764
133	170	0.924875
133	172	0.889375
133	173	0.877436
133	175	0.933065
133	176	0.923602
133	177	0.869577
133	178	0.898538
133	179	0.875111
133	180	0.875025
134	44	1.64159
134	62	1.63476
134	72	0.853231
134	109	2.00071
134	118	1.32294
134	135	0.924039
134	137	0.99154
134	145	0.906333
134	153	0.952866
134	154	0.943682
134	155	0.96673
134	156	0.92075
134	157	0.924919
134	158	0.983495
134	159	0.891281
134	160	0.899435
134	162	0.912998
134	163	0.882258
134	164	0.92798
134	165	0.946842
134	166	0.891533
134	167	0.902433
134	169	0.909677
134	170	0.911789
134	172	0.876289
134	173	0.86435
134	174	0.867639
134	175	0.919979
134	176	0.910516
134	177	0.85649
134	178	0.885452
134	179	0.862024
134	180	0.861939
135	14	1.8819
135	23	1.68026
135	47	1.64836
135	77	0.975024
135	94	0.90867
135	110	1.58948
135	117	0.934552
135	128	0.95805
135	130	0.958277
135	134	0.924039
135	138	0.940453
135	140	0.96258
135	144	0.956149
135	148	0.912812
135	150	0.931855
135	152	0.8767
135	153	0.934689
135	158	0.965318
135	159	0.873104
135	160	0.881258
135	162	0.894822
135	164	0.909804
135	165	0.928665
135	169	0.891501
135	170	0.893612
135	171	0.875444
135	173	0.846173
135	174	0.849463
135	175	0.901802
135	176	0.892339
135	177	0.838313
135	178	0.867275
135	179	0.843847
