1	48	0.624833
1	56	1.04746
1	76	0.580294
1	119	1.07212
1	127	1.03041
1	131	1.07619
1	132	1.07849
1	138	1.08566
1	139	1.0856
1	166	3.12259
1	168	1.03005
1	171	1.10344
2	54	1.09995
2	76	1.25431
2	82	1.05181
2	96	1.10196
2	113	1.05261
2	124	1.1203
2	129	0.937026
2	149	1.01625
2	159	1.03977
2	168	1.68183
2	171	1.14121
2	173	0.976356
3	18	1.06117
3	45	0.979531
3	46	0.976006
3	50	0.983743
3	57	0.961257
3	70	0.944251
3	72	0.945364
3	74	0.951897
3	92	0.971287
3	154	0.994214
3	173	0.852124
3	180	2.94745
4	12	1.04666
4	21	1.00913
4	22	1.01596
4	24	0.905092
4	30	0.891342
4	32	0.890489
4	38	0.982875
4	136	2.05896
4	146	1.00279
4	159	0.898684
4	171	1.00013
4	175	1.77651
5	80	1.12535
5	82	1.03472
5	83	1.11915
5	90	1.08869
5	112	0.992126
5	113	1.03553
5	124	1.10322
5	154	2.25763
5	159	1.02269
5	168	1.08902
5	171	1.12413
5	173	0.959274
6	8	1.03357
6	15	1.02802
6	17	1.03904
6	25	0.996548
6	39	0.962612
6	44	0.958647
6	49	0.938157
6	133	0.951815
6	142	0.990894
6	149	0.868308
6	151	0.864263
6	154	2.75955
7	15	0.473389
7	39	0.443126
7	50	0.429031
7	126	1.13139
7	158	1.09778
7	166	1.04536
7	169	1.0618
7	170	1.07641
7	175	1.09025
7	177	1.03477
7	179	1.03118
7	180	1.02711
8	6	1.03357
8	15	1.15368
8	25	1.12221
8	39	1.08827
8	44	1.0843
8	49	1.06381
8	102	0.570425
8	142	1.11655
8	149	0.993966
8	151	0.989921
8	160	1.18631
8	163	2.53865
9	67	1.75017
9	81	0.991838
9	88	0.91119
9	105	0.948702
9	119	0.972199
9	127	0.930493
9	131	0.97627
9	132	0.978569
9	138	0.985742
9	139	0.98568
9	167	2.10212
9	168	0.930131
10	14	1.16517
10	45	1.08427
10	46	1.08075
10	57	1.066
10	70	1.04899
10	72	1.05011
10	89	1.08805
10	92	1.07603
10	95	0.839601
10	159	1.31192
10	160	2.06197
10	173	0.956865
11	55	0.963296
11	66	0.956824
11	77	1.01848
11	83	1.00752
11	96	0.973254
11	113	0.923902
11	124	0.991596
11	134	1.34128
11	159	0.911064
11	167	2.37705
11	171	1.0125
11	173	0.847649
12	4	1.04666
12	21	1.13416
12	22	1.14099
12	23	2.6
12	24	1.03012
12	30	1.01637
12	32	1.01552
12	38	1.10791
12	126	1.05845
12	143	1.25708
12	159	1.02371
12	171	1.12516
13	27	1.00623
13	31	0.971645
13	42	0.980096
13	47	0.945985
13	65	1.00457
13	73	0.918038
13	75	0.906374
13	84	0.962918
13	85	0.962354
13	141	1.46969
13	146	1.00049
13	168	1.98641
14	10	1.16517
14	50	1.08884
14	57	1.06635
14	70	1.04934
14	72	1.05046
14	74	1.05699
14	89	1.0884
14	92	1.07638
14	110	0.948882
14	161	1.36131
14	167	2.06
14	173	0.957217
15	6	1.02802
15	7	0.473389
15	8	1.15368
15	39	1.08273
15	44	1.07876
15	49	1.05827
15	108	1.1213
15	114	1.3056
15	142	1.11101
15	149	0.988421
15	151	0.984376
15	168	1.73104
16	79	1.09087
16	97	1.04804
16	125	1.01439
16	127	1.02745
16	131	1.07322
16	132	1.07552
16	138	1.0827
16	139	1.08263
16	168	1.02708
16	170	0.799309
16	171	1.10047
16	172	2.88163
17	6	1.03904
17	25	1.12768
17	39	1.09374
17	44	1.08978
17	49	1.06929
17	69	1.08243
17	98	0.970178
17	142	1.12203
17	149	0.99944
17	151	0.995395
17	167	2.35602
17	168	0.918302
18	3	1.06117
18	36	1.10731
18	45	1.08537
18	46	1.08184
18	51	1.10887
18	70	1.05009
18	89	1.08915
18	92	1.07712
18	158	0.921309
18	173	0.95796
18	175	0.950262
18	177	2.5457
19	26	1.00561
19	28	1.00583
19	34	0.982837
19	37	0.897343
19	41	0.890395
19	53	0.967234
19	58	0.951433
19	60	0.95041
19	61	0.949494
19	64	1.01532
19	123	0.851703
19	152	1.37804
19	176	2.50614
20	52	0.956043
20	63	1.03366
20	68	0.920186
20	71	1.0091
20	87	0.895044
20	93	0.95169
20	109	0.91445
20	111	0.910456
20	115	0.962629
20	120	0.952435
20	133	1.15195
20	151	2.66951
20	168	0.911141
21	4	1.00913
21	12	1.13416
21	22	1.10346
21	24	0.992591
21	30	0.978842
21	32	0.977989
21	38	1.07037
21	91	0.80804
21	146	1.09029
21	159	0.986184
21	170	1.25159
21	171	1.08763
21	173	3.21693
22	4	1.01596
22	12	1.14099
22	21	1.10346
22	24	0.999423
22	30	0.985674
22	32	0.98482
22	38	1.07721
22	114	0.779388
22	130	1.01973
22	159	0.993016
22	168	1.20482
22	171	1.09446
22	174	2.3905
23	12	2.6
23	90	0.905058
23	99	0.909588
23	111	0.866427
23	115	0.9186
23	120	0.908406
23	124	0.919591
23	169	0.814171
23	171	0.9405
23	174	0.824824
23	175	0.842615
23	179	0.783545
23	180	0.779475
24	4	0.905092
24	12	1.03012
24	21	0.992591
24	22	0.999423
24	30	0.874806
24	32	0.873953
24	38	0.966339
24	130	0.908867
24	146	0.986258
24	156	1.57441
24	158	2.31011
24	159	0.882148
24	171	0.983589
25	6	0.996548
25	8	1.12221
25	17	1.12768
25	39	1.05125
25	44	1.04728
25	49	1.0268
25	69	1.03994
25	104	0.74175
25	142	1.07953
25	149	0.956946
25	151	0.952901
25	157	2.46582
25	164	1.52335
26	19	1.00561
26	28	1.10258
26	34	1.07959
26	37	0.994093
26	41	0.987144
26	53	1.06398
26	58	1.04818
26	60	1.04716
26	61	1.04624
26	64	1.11207
26	104	0.767157
26	106	1.39313
26	117	1.9098
27	13	1.00623
27	31	1.06086
27	42	1.06932
27	47	1.03521
27	65	1.09379
27	73	1.00726
27	75	0.995594
27	84	1.05214
27	85	1.05157
27	121	1.70656
27	137	0.896487
27	146	1.08971
27	174	2.21276
28	19	1.00583
28	26	1.10258
28	34	1.07981
28	37	0.994313
28	41	0.987364
28	53	1.0642
28	58	1.0484
28	60	1.04738
28	61	1.04646
28	64	1.11229
28	145	1.4423
28	160	1.34249
28	165	1.83479
29	55	1.03808
29	66	1.03161
29	77	1.09327
29	83	1.08231
29	90	1.05185
29	96	1.04804
29	113	0.998689
29	121	1.89262
29	124	1.06638
29	128	1.06286
29	130	1.36597
29	171	1.08729
29	173	0.922437
30	4	0.891342
30	12	1.01637
30	21	0.978842
30	22	0.985674
30	24	0.874806
30	32	0.860203
30	38	0.95259
30	62	0.925253
30	130	0.895118
30	146	0.972509
30	159	0.868399
30	164	1.73807
30	171	0.96984
30	174	2.35348
31	13	0.971645
31	27	1.06086
31	42	1.03473
31	47	1.00062
31	65	1.0592
31	73	0.972669
31	75	0.961005
31	84	1.01755
31	85	1.01699
31	104	1.09576
31	146	1.05512
31	158	1.63997
31	168	0.939998
31	174	2.12567
32	4	0.890489
32	12	1.01552
32	21	0.977989
32	22	0.98482
32	24	0.873953
32	30	0.860203
32	38	0.951736
32	62	0.9244
32	128	1.40593
32	130	0.894265
32	146	0.971655
32	159	0.867546
32	169	2.57315
32	171	0.968987
33	35	0.962628
33	52	0.941356
33	63	1.01897
33	68	0.905499
33	71	0.994416
33	87	0.880357
33	93	0.937003
33	104	1.62005
33	109	0.899763
33	111	0.895769
33	115	0.947942
33	120	0.937748
33	129	2.04998
33	168	0.896454
34	19	0.982837
34	26	1.07959
34	28	1.07981
34	37	0.971323
34	41	0.964375
34	53	1.04121
34	58	1.02541
34	60	1.02439
34	61	1.02347
34	64	1.0893
34	103	2.08177
34	129	0.458132
34	130	0.992998
34	178	1.98833
35	33	0.962628
35	43	1.04788
35	68	1.00707
35	71	1.09598
35	87	0.981925
35	93	1.03857
35	109	1.00133
35	111	0.997337
35	115	1.04951
35	120	1.03932
35	149	2.02034
35	155	1.00351
35	164	1.65997
35	168	0.998021
36	18	1.10731
36	45	1.02566
36	50	1.02988
36	51	1.04917
36	70	0.990385
36	72	0.991499
36	74	0.998032
36	89	1.02944
36	92	1.01742
36	107	1.27946
36	136	1.82225
36	142	1.06074
36	173	0.898259
36	178	1.76858
37	19	0.897343
37	26	0.994093
37	28	0.994313
37	34	0.971323
37	41	0.878881
37	53	0.95572
37	58	0.939919
37	60	0.938896
37	61	0.93798
37	64	1.00381
37	116	0.895473
37	123	0.840189
37	178	1.03248
37	180	3.19662
38	4	0.982875
38	12	1.10791
38	21	1.07037
38	22	1.07721
38	24	0.966339
38	30	0.95259
38	32	0.951736
38	69	1.19159
38	128	1.6928
38	130	0.986651
38	144	1.50608
38	146	1.06404
38	159	0.959932
38	171	1.06137
39	6	0.962612
39	7	0.443126
39	8	1.08827
39	15	1.08273
39	17	1.09374
39	25	1.05125
39	44	1.01335
39	49	0.99286
39	69	1.006
39	102	1.57484
39	108	1.05589
39	149	0.92301
39	151	0.918966
39	152	1.84769
40	103	0.826745
40	116	0.829505
40	152	0.860599
40	157	0.803693
40	164	0.821798
40	165	0.785805
40	169	0.789929
40	172	0.760714
40	174	0.800582
40	175	0.818373
40	177	0.762898
40	178	0.801451
40	179	0.759303
40	180	0.755234
41	19	0.890395
41	26	0.987144
41	28	0.987364
41	34	0.964375
41	37	0.878881
41	53	0.948772
41	58	0.932971
41	60	0.931948
41	61	0.931031
41	64	0.996858
41	116	0.888525
41	130	0.900556
41	167	1.50303
41	179	2.75884
42	13	0.980096
42	27	1.06932
42	31	1.03473
42	47	1.00907
42	65	1.06765
42	73	0.98112
42	75	0.969456
42	84	1.026
42	85	1.02544
42	112	1.01607
42	146	1.06357
42	157	1.162
42	172	2.31451
42	173	2.19753
43	35	1.04788
43	63	1.10422
43	68	0.990747
43	71	1.07966
43	87	0.965605
43	93	1.02225
43	109	0.985011
43	111	0.981017
43	115	1.03319
43	120	1.023
43	154	0.853657
43	166	1.79983
43	168	0.981702
43	179	2.37858
44	6	0.958647
44	8	1.0843
44	15	1.07876
44	17	1.08978
44	25	1.04728
44	39	1.01335
44	49	0.988894
44	108	1.05193
44	123	2.61804
44	142	1.04163
44	149	0.919045
44	151	0.915
44	156	0.698235
44	164	1.30423
45	3	0.979531
45	10	1.08427
45	18	1.08537
45	36	1.02566
45	46	1.0002
45	51	1.02723
45	70	0.968445
45	72	0.969558
45	74	0.976091
45	89	1.0075
45	92	0.995481
45	155	0.911211
45	169	2.01435
45	173	0.876318
45	178	1.95512
46	3	0.976006
46	10	1.08075
46	18	1.08184
46	45	1.0002
46	51	1.0237
46	57	0.981927
46	70	0.96492
46	74	0.972567
46	89	1.00398
46	92	0.991957
46	142	1.03528
46	147	1.21436
46	162	1.47803
46	173	0.872794
46	175	2.10085
47	13	0.945985
47	27	1.03521
47	31	1.00062
47	42	1.00907
47	65	1.03354
47	73	0.94701
47	75	0.935345
47	84	0.99189
47	85	0.991326
47	104	1.0701
47	108	1.03471
47	133	1.05657
47	146	1.02946
47	157	2.69251
47	159	1.44474
48	1	0.624833
48	105	0.774322
48	119	0.526905
48	143	1.04129
48	164	1.02813
48	165	0.992141
48	167	1.00217
48	169	0.996265
48	170	1.01087
48	175	1.02471
48	176	0.997265
48	177	0.969234
48	178	1.00779
48	179	0.965639
48	180	0.961569
49	6	0.938157
49	8	1.06381
49	15	1.05827
49	17	1.06929
49	25	1.0268
49	39	0.99286
49	44	0.988894
49	69	0.981545
49	101	1.38868
49	107	1.86817
49	108	1.03144
49	118	1.59127
49	142	1.02114
49	149	0.898555
49	151	0.89451
50	3	0.983743
50	7	0.429031
50	14	1.08884
50	36	1.02988
50	51	1.03144
50	57	0.989663
50	70	0.972657
50	72	0.97377
50	74	0.980303
50	89	1.01172
50	92	0.999693
50	99	0.508438
50	142	1.04301
50	173	0.88053
50	180	3.7679
51	18	1.10887
51	36	1.04917
51	45	1.02723
51	46	1.0237
51	50	1.03144
51	57	1.00895
51	72	0.993062
51	74	0.999595
51	89	1.03101
51	92	1.01898
51	153	0.767251
51	163	3.13071
51	168	0.763352
51	173	0.899822
52	20	0.956043
52	33	0.941356
52	63	1.09927
52	68	0.985795
52	71	1.07471
52	87	0.960653
52	93	1.0173
52	109	0.980058
52	111	0.976065
52	115	1.02824
52	120	1.01804
52	137	1.2207
52	141	1.30597
52	148	1.91878
52	168	0.976749
53	19	0.967234
53	26	1.06398
53	28	1.0642
53	34	1.04121
53	37	0.95572
53	41	0.948772
53	58	1.00981
53	60	1.00879
53	61	1.00787
53	64	1.0737
53	94	1.12709
53	123	0.91008
53	130	0.977395
53	141	1.29605
53	159	2.07772
54	2	1.09995
54	66	0.981684
54	77	1.04334
54	82	0.947959
54	83	1.03239
54	96	0.998115
54	104	1.08068
54	113	0.948762
54	124	1.01646
54	159	0.935924
54	165	1.73355
54	166	2.34102
54	171	1.03737
54	173	0.872509
54	175	0.955155
55	11	0.963296
55	29	1.03808
55	77	1.03539
55	80	1.03063
55	82	0.940009
55	83	1.02443
55	91	1.04845
55	96	0.990165
55	113	0.940812
55	124	1.00851
55	135	1.68406
55	146	1.03208
55	149	0.904456
55	162	1.98646
55	171	1.02941
55	173	0.864559
56	1	1.04746
56	88	0.930319
56	97	0.970215
56	100	0.975453
56	101	1.36422
56	105	0.967831
56	119	0.991328
56	127	0.949622
56	131	0.995399
56	132	0.997698
56	138	1.00487
56	139	1.00481
56	156	1.33939
56	168	0.949259
56	169	2.39206
56	171	1.02265
57	3	0.961257
57	10	1.066
57	14	1.06635
57	46	0.981927
57	50	0.989663
57	51	1.00895
57	59	1.62381
57	70	0.950171
57	72	0.951285
57	74	0.957818
57	89	0.989231
57	92	0.977208
57	142	1.02053
57	158	1.8824
57	164	1.75269
57	173	0.858045
58	19	0.951433
58	26	1.04818
58	28	1.0484
58	34	1.02541
58	37	0.939919
58	41	0.932971
58	53	1.00981
58	60	0.992986
58	61	0.99207
58	64	1.0579
58	116	0.949563
58	123	0.894279
58	129	0.94718
58	130	0.961594
58	169	2.17413
58	170	2.42879
59	57	1.62381
59	73	0.931441
59	75	0.919777
59	84	0.976321
59	85	0.975758
59	97	0.784324
59	109	0.941142
59	111	0.937149
59	120	0.979128
59	140	0.897363
59	168	0.937834
59	170	0.8995
59	174	0.895546
59	177	0.857862
59	179	0.854267
59	180	0.850197
60	19	0.95041
60	26	1.04716
60	28	1.04738
60	34	1.02439
60	37	0.938896
60	41	0.931948
60	53	1.00879
60	58	0.992986
60	61	0.991046
60	64	1.05687
60	116	0.94854
60	123	0.893256
60	130	0.960571
60	147	0.995376
60	152	1.29987
60	165	2.66026
61	19	0.949494
61	26	1.04624
61	28	1.04646
61	34	1.02347
61	37	0.93798
61	41	0.931031
61	53	1.00787
61	58	0.99207
61	60	0.991046
61	64	1.05596
61	112	1.50201
61	116	0.947623
61	123	0.892339
61	130	0.959654
61	134	2.00086
61	155	1.51271
62	30	0.925253
62	32	0.9244
62	65	1.04079
62	75	0.942591
62	84	0.999136
62	85	0.998572
62	105	0.97922
62	131	1.00679
62	132	1.00909
62	138	1.01626
62	139	1.0162
62	140	2.53177
62	144	0.964115
62	152	1.44804
62	159	0.932595
62	171	1.03404
63	20	1.03366
63	33	1.01897
63	43	1.10422
63	52	1.09927
63	68	1.06341
63	87	1.03827
63	93	1.09491
63	109	1.05767
63	111	1.05368
63	115	1.10585
63	120	1.09566
63	126	0.721613
63	141	0.98756
63	168	1.05437
63	170	1.67159
63	177	2.72435
64	19	1.01532
64	26	1.11207
64	28	1.11229
64	34	1.0893
64	37	1.00381
64	41	0.996858
64	53	1.0737
64	58	1.0579
64	60	1.05687
64	61	1.05596
64	116	1.01345
64	123	0.958166
64	130	1.02548
64	135	0.709345
64	155	0.681237
64	176	1.4235
64	180	3.27032
65	13	1.00457
65	27	1.09379
65	31	1.0592
65	42	1.06765
65	47	1.03354
65	62	1.04079
65	73	1.00559
65	75	0.993929
65	84	1.05047
65	85	1.04991
65	108	1.0933
65	112	1.04054
65	116	1.4485
65	140	1.97051
65	145	1.85468
65	146	1.08804
65	156	0.704132
66	11	0.956824
66	29	1.03161
66	54	0.981684
66	77	1.02892
66	80	1.02416
66	82	0.933537
66	90	0.987501
66	113	0.93434
66	124	1.00203
66	137	1.31236
66	146	1.02561
66	149	0.897984
66	153	1.91825
66	155	1.82815
66	159	0.921501
66	171	1.02294
66	173	0.858087
67	9	1.75017
67	123	0.88577
67	136	0.955407
67	140	0.913948
67	148	0.966739
67	161	0.913569
67	164	0.933347
67	165	0.897354
67	169	0.901478
67	171	0.905326
67	173	0.862952
67	175	0.929922
67	176	0.902479
67	177	0.874447
67	178	0.913
67	179	0.870853
67	180	0.866783
68	20	0.920186
68	33	0.905499
68	35	1.00707
68	43	0.990747
68	52	0.985795
68	63	1.06341
68	71	1.03885
68	87	0.924795
68	93	0.981442
68	95	1.67041
68	106	1.329
68	109	0.944201
68	111	0.940207
68	115	0.992381
68	120	0.982187
68	130	2.0306
68	168	0.940892
69	17	1.08243
69	25	1.03994
69	38	1.19159
69	39	1.006
69	49	0.981545
69	71	0.246403
69	80	0.932028
69	105	0.981838
69	127	0.963629
69	138	1.01888
69	139	1.01882
69	164	0.942195
69	168	0.963266
69	174	0.920979
69	177	0.883294
69	178	0.921847
69	180	0.87563
70	3	0.944251
70	10	1.04899
70	14	1.04934
70	18	1.05009
70	36	0.990385
70	45	0.968445
70	46	0.96492
70	50	0.972657
70	57	0.950171
70	72	0.934278
70	74	0.940811
70	89	0.972225
70	92	0.960201
70	149	1.68761
70	160	1.77199
70	170	2.02857
70	173	0.841039
71	20	1.0091
71	33	0.994416
71	35	1.09598
71	43	1.07966
71	52	1.07471
71	68	1.03885
71	69	0.246403
71	87	1.01371
71	93	1.07036
71	109	1.03312
71	111	1.02912
71	115	1.0813
71	120	1.0711
71	123	2.78196
71	130	1.05073
71	162	1.004
71	168	1.02981
72	3	0.945364
72	10	1.05011
72	14	1.05046
72	36	0.991499
72	45	0.969558
72	50	0.97377
72	51	0.993062
72	57	0.951285
72	70	0.934278
72	74	0.941925
72	89	0.973338
72	92	0.961315
72	121	1.60082
72	142	1.00463
72	173	0.842152
72	175	1.65026
72	176	2.19637
73	13	0.918038
73	27	1.00726
73	31	0.972669
73	42	0.98112
73	47	0.94701
73	59	0.931441
73	65	1.00559
73	75	0.907398
73	84	0.963943
73	85	0.963379
73	104	1.04215
73	108	1.00677
73	112	0.95401
73	141	1.21427
73	144	1.39399
73	146	1.00151
73	161	2.47003
74	3	0.951897
74	14	1.05699
74	36	0.998032
74	45	0.976091
74	46	0.972567
74	50	0.980303
74	51	0.999595
74	57	0.957818
74	70	0.940811
74	72	0.941925
74	89	0.979871
74	92	0.967848
74	114	1.45084
74	117	1.84417
74	142	1.01117
74	147	1.7187
74	173	0.848685
75	13	0.906374
75	27	0.995594
75	31	0.961005
75	42	0.969456
75	47	0.935345
75	59	0.919777
75	62	0.942591
75	65	0.993929
75	73	0.907398
75	84	0.952278
75	85	0.951714
75	104	1.03049
75	108	0.995101
75	112	0.942346
75	114	1.26418
75	146	0.989847
75	153	1.69351
75	161	2.42864
76	1	0.580294
76	2	1.25431
76	127	1.26803
76	154	0.998738
76	157	0.969949
76	161	0.968276
76	162	1.00594
76	166	0.939743
76	167	0.962092
76	169	0.956185
76	172	0.92697
76	174	0.966839
76	175	0.984629
76	176	0.957186
76	177	0.929154
76	178	0.967707
76	179	0.92556
76	180	0.92149
77	11	1.01848
77	29	1.09327
77	54	1.04334
77	55	1.03539
77	66	1.02892
77	80	1.08582
77	82	0.995197
77	113	0.996
77	124	1.06369
77	146	1.08727
77	147	0.736917
77	149	0.959644
77	152	1.09183
77	159	0.983161
77	171	1.0846
77	172	3.60676
77	173	0.919747
77	176	1.52786
78	81	1.06388
78	88	0.983237
78	97	1.02313
78	100	1.02837
78	105	1.02075
78	118	1.50031
78	119	1.04425
78	127	1.00254
78	131	1.04832
78	132	1.05062
78	138	1.05779
78	139	1.05773
78	142	0.997157
78	144	0.971622
78	151	0.946562
78	168	1.00218
78	171	1.07557
78	176	2.58365
79	16	1.09087
79	81	1.05734
79	88	0.97669
79	94	0.682176
79	97	1.01659
79	100	1.02182
79	105	1.0142
79	110	1.69445
79	119	1.0377
79	127	0.995993
79	131	1.04177
79	132	1.04407
79	135	1.17155
79	138	1.05124
79	139	1.05118
79	151	0.940015
79	171	1.06902
79	178	2.32556
80	5	1.12535
80	55	1.03063
80	66	1.02416
80	69	0.932028
80	77	1.08582
80	82	0.990436
80	83	1.07486
80	90	1.0444
80	91	0.751606
80	96	1.04059
80	113	0.991239
80	124	1.05893
80	137	0.981536
80	149	0.954883
80	151	2.46196
80	159	0.978401
80	171	1.07984
80	173	0.914986
81	9	0.991838
81	78	1.06388
81	79	1.05734
81	88	0.974614
81	97	1.01451
81	100	1.01975
81	105	1.01213
81	119	1.03562
81	122	1.08069
81	127	0.993917
81	131	1.03969
81	132	1.04199
81	138	1.04917
81	139	1.0491
81	142	1.20277
81	148	1.61033
81	164	2.0845
81	171	1.06694
82	2	1.05181
82	5	1.03472
82	54	0.947959
82	55	0.940009
82	66	0.933537
82	77	0.995197
82	80	0.990436
82	83	0.984238
82	90	0.953776
82	95	0.926986
82	96	0.949967
82	113	0.900614
82	117	1.04603
82	124	0.968309
82	135	0.881832
82	171	0.989218
82	173	0.824362
82	177	3.4025
83	5	1.11915
83	11	1.00752
83	29	1.08231
83	54	1.03239
83	55	1.02443
83	80	1.07486
83	82	0.984238
83	90	1.0382
83	96	1.03439
83	112	0.612438
83	113	0.98504
83	124	1.05273
83	145	1.82415
83	153	0.713232
83	159	0.972202
83	171	1.07364
83	173	0.908788
83	177	3.0337
84	13	0.962918
84	27	1.05214
84	31	1.01755
84	42	1.026
84	47	0.99189
84	59	0.976321
84	62	0.999136
84	65	1.05047
84	73	0.963943
84	75	0.952278
84	85	1.00826
84	104	1.08703
84	108	1.05165
84	112	0.99889
84	116	2.01098
84	142	0.990881
84	146	1.04639
84	153	1.30625
84	175	2.03127
85	13	0.962354
85	27	1.05157
85	31	1.01699
85	42	1.02544
85	47	0.991326
85	59	0.975758
85	62	0.998572
85	65	1.04991
85	73	0.963379
85	75	0.951714
85	84	1.00826
85	86	2.00987
85	104	1.08647
85	107	1.25237
85	108	1.05108
85	112	0.998326
85	126	1.10541
85	146	1.04583
85	170	2.05538
86	85	2.00987
86	114	0.984052
86	123	0.855496
86	133	1.01557
86	152	0.941874
86	156	0.960467
86	163	0.853819
86	164	0.903073
86	167	0.87711
86	169	0.871204
86	170	0.885811
86	171	1.04563
86	172	0.841988
86	174	0.881857
86	175	0.899648
86	177	0.844173
86	178	0.882726
86	179	0.840578
86	180	0.836508
87	20	0.895044
87	33	0.880357
87	35	0.981925
87	43	0.965605
87	52	0.960653
87	63	1.03827
87	68	0.924795
87	71	1.01371
87	93	0.956299
87	108	0.997061
87	109	0.919059
87	110	1.55667
87	111	0.915065
87	115	0.967239
87	120	0.957044
87	128	0.919364
87	161	1.9691
87	168	0.91575
87	178	2.18777
88	9	0.91119
88	56	0.930319
88	78	0.983237
88	79	0.97669
88	81	0.974614
88	97	0.933862
88	100	0.9391
88	105	0.931478
88	119	0.954975
88	127	0.913269
88	131	0.959046
88	132	0.961345
88	133	1.26973
88	138	0.968518
88	139	0.968455
88	148	2.00495
88	159	2.17382
88	168	0.912906
88	171	0.986295
89	10	1.08805
89	14	1.0884
89	18	1.08915
89	36	1.02944
89	45	1.0075
89	46	1.00398
89	50	1.01172
89	51	1.03101
89	57	0.989231
89	70	0.972225
89	72	0.973338
89	74	0.979871
89	92	0.999261
89	98	1.23977
89	142	1.04258
89	147	1.03032
89	165	2.6952
89	168	1.18789
89	173	0.880098
90	5	1.08869
90	23	0.905058
90	29	1.05185
90	66	0.987501
90	80	1.0444
90	82	0.953776
90	83	1.0382
90	96	1.00393
90	104	1.08649
90	113	0.954578
90	122	1.15514
90	124	1.02227
90	128	1.43841
90	146	1.04585
90	149	0.918223
90	156	1.55296
90	159	0.94174
90	171	1.04318
90	173	0.878326
90	175	2.31762
91	21	0.80804
91	55	1.04845
91	80	0.751606
91	96	0.825425
91	109	0.996017
91	111	0.992023
91	115	1.0442
91	120	1.034
91	127	0.993071
91	131	1.03885
91	138	1.04832
91	139	1.04826
91	142	1.06372
91	162	0.989519
91	167	0.945674
91	168	0.992708
91	171	1.0661
91	176	0.940768
91	179	0.909142
91	180	0.905072
92	3	0.971287
92	10	1.07603
92	14	1.07638
92	18	1.07712
92	36	1.01742
92	45	0.995481
92	46	0.991957
92	50	0.999693
92	51	1.01898
92	57	0.977208
92	70	0.960201
92	72	0.961315
92	74	0.967848
92	89	0.999261
92	95	1.48999
92	137	1.09536
92	142	1.03056
92	162	1.80344
92	168	1.69734
92	173	0.868075
93	20	0.95169
93	33	0.937003
93	35	1.03857
93	43	1.02225
93	52	1.0173
93	63	1.09491
93	68	0.981442
93	71	1.07036
93	87	0.956299
93	109	0.975705
93	111	0.971711
93	112	1.00095
93	115	1.02388
93	120	1.01369
93	128	0.97601
93	154	1.53495
93	159	0.631299
93	168	0.972396
93	174	1.55202
93	179	3.05987
94	53	1.12709
94	79	0.682176
94	113	0.804213
94	129	1.13547
94	146	0.198063
94	155	1.08426
94	156	1.07013
94	158	1.01685
94	161	0.992958
94	163	0.963482
94	165	0.976743
94	166	0.964425
94	169	0.980867
94	172	0.951652
94	174	0.991521
94	175	1.00931
94	177	0.953836
94	178	0.992389
94	179	0.950242
94	180	0.946172
95	10	0.839601
95	68	1.67041
95	82	0.926986
95	92	1.48999
95	96	0.977142
95	100	0.969197
95	124	0.995483
95	127	0.943367
95	132	0.991443
95	138	0.998616
95	139	0.998553
95	146	1.01906
95	164	0.921932
95	171	1.01639
95	172	0.860848
95	173	0.851537
95	174	0.900717
95	178	0.901585
95	179	0.859438
95	180	0.855368
96	2	1.10196
96	11	0.973254
96	29	1.04804
96	54	0.998115
96	55	0.990165
96	80	1.04059
96	82	0.949967
96	83	1.03439
96	90	1.00393
96	91	0.825425
96	95	0.977142
96	113	0.95077
96	124	1.01846
96	133	1.01822
96	142	1.34587
96	146	1.04204
96	159	0.937932
96	171	1.03937
96	173	0.874517
96	178	2.61505
97	16	1.04804
97	56	0.970215
97	59	0.784324
97	78	1.02313
97	79	1.01659
97	81	1.01451
97	88	0.933862
97	100	0.978996
97	105	0.971375
97	119	0.994871
97	125	1.82962
97	127	0.953165
97	131	0.998943
97	132	1.00124
97	136	1.35431
97	138	1.00841
97	139	1.00835
97	151	0.897188
97	166	2.45772
97	168	0.952803
97	171	1.02619
98	17	0.970178
98	89	1.23977
98	114	1.0305
98	131	1.42076
98	136	0.971582
98	140	0.930123
98	141	1.03418
98	145	0.959642
98	161	0.929744
98	163	0.900268
98	165	0.913529
98	166	0.901211
98	167	0.92356
98	169	0.917653
98	172	0.888438
98	174	0.928307
98	175	0.946097
98	176	0.918654
98	178	0.929175
98	179	0.887028
98	180	0.882958
99	23	0.909588
99	50	0.508438
99	105	1.37912
99	113	1.35228
99	147	1.03872
99	158	0.957366
99	160	0.958697
99	162	0.971134
99	163	0.903997
99	166	0.90494
99	167	0.927289
99	168	0.974323
99	169	0.921382
99	170	0.93599
99	172	0.892167
99	175	0.949826
99	176	0.922383
99	177	0.894351
99	178	0.932904
99	179	0.890757
99	180	0.886687
100	56	0.975453
100	78	1.02837
100	79	1.02182
100	81	1.01975
100	88	0.9391
100	95	0.969197
100	97	0.978996
100	105	0.976612
100	106	0.7444
100	119	1.00011
100	127	0.958403
100	131	1.00418
100	132	1.00648
100	138	1.01365
100	139	1.01359
100	151	0.902425
100	158	1.99314
100	162	1.39927
100	168	0.95804
100	170	2.56477
100	171	1.03143
101	49	1.38868
101	56	1.36422
101	108	0.620977
101	134	0.987322
101	147	1.03948
101	155	1.02553
101	158	0.958122
101	160	0.959453
101	163	0.904754
101	166	0.905696
101	167	0.928045
101	169	0.922139
101	170	0.936746
101	174	0.932792
101	175	0.950582
101	176	0.923139
101	177	0.895107
101	178	0.93366
101	179	0.891513
101	180	0.887443
102	8	0.570425
102	39	1.57484
102	113	1.36395
102	148	0.998474
102	155	1.0366
102	161	0.945303
102	162	0.982964
102	163	0.915828
102	165	0.929089
102	166	0.916771
102	167	0.939119
102	169	0.933213
102	170	0.94782
102	172	0.903997
102	174	0.943866
102	176	0.934214
102	177	0.906182
102	178	0.944735
102	179	0.902587
102	180	0.898517
103	34	2.08177
103	40	0.826745
103	135	0.993327
103	143	0.907803
103	146	1.42055
103	153	0.949888
103	155	0.966173
103	157	0.876546
103	158	0.898765
103	162	0.912533
103	164	0.894651
103	166	0.84634
103	167	0.868688
103	170	0.877389
103	172	0.833566
103	174	0.873435
103	175	0.891226
103	177	0.835751
103	178	0.874303
103	179	0.832156
103	180	0.828086
104	25	0.74175
104	26	0.767157
104	31	1.09576
104	33	1.62005
104	47	1.0701
104	54	1.08068
104	73	1.04215
104	75	1.03049
104	84	1.08703
104	85	1.08647
104	90	1.08649
104	113	1.03333
104	124	1.10103
104	131	0.194143
104	139	0.373264
104	165	0.991481
104	166	0.979163
104	173	0.957078
104	175	1.02405
104	176	0.996606
104	179	0.964979
104	180	0.96091
105	9	0.948702
105	48	0.774322
105	56	0.967831
105	62	0.97922
105	69	0.981838
105	78	1.02075
105	79	1.0142
105	81	1.01213
105	88	0.931478
105	97	0.971375
105	99	1.37912
105	100	0.976612
105	118	1.70842
105	119	0.992487
105	127	0.950781
105	131	0.996558
105	132	0.998857
105	138	1.00603
105	139	1.00597
105	151	0.894803
105	162	1.62283
105	168	0.950419
106	26	1.39313
106	68	1.329
106	100	0.7444
106	126	1.03315
106	144	1.07118
106	147	1.08091
106	153	1.05068
106	156	1.05283
106	163	0.946185
106	164	0.995439
106	166	0.947127
106	167	0.969476
106	170	0.978177
106	171	0.562183
106	172	0.934354
106	175	0.992013
106	176	0.96457
106	177	0.936539
106	178	0.975091
106	179	0.932944
106	180	0.928874
107	36	1.27946
107	49	1.86817
107	85	1.25237
107	135	1.04198
107	140	0.923903
107	150	0.954219
107	154	0.953987
107	157	0.925198
107	162	0.961185
107	164	0.943303
107	165	0.90731
107	167	0.91734
107	169	0.911434
107	170	0.926041
107	172	0.882218
107	174	0.922087
107	175	0.939877
107	176	0.912435
107	177	0.884403
107	178	0.922955
107	179	0.880808
107	180	0.876738
108	15	1.1213
108	39	1.05589
108	44	1.05193
108	47	1.03471
108	49	1.03144
108	65	1.0933
108	73	1.00677
108	75	0.995101
108	84	1.05165
108	85	1.05108
108	87	0.997061
108	101	0.620977
108	109	1.01647
108	111	1.01247
108	115	1.06465
108	116	1.34052
108	120	1.05445
108	129	0.456937
108	151	0.957543
108	161	1.37092
108	163	2.99924
108	168	1.01316
109	20	0.91445
109	33	0.899763
109	35	1.00133
109	43	0.985011
109	52	0.980058
109	59	0.941142
109	63	1.05767
109	68	0.944201
109	71	1.03312
109	87	0.919059
109	91	0.996017
109	93	0.975705
109	108	1.01647
109	111	0.934471
109	112	0.963711
109	115	0.986644
109	120	0.97645
109	122	0.758708
109	128	0.93877
109	150	1.4454
109	151	1.43698
109	168	0.935156
109	173	3.79548
110	14	0.948882
110	79	1.69445
110	87	1.55667
110	134	0.982383
110	148	0.98246
110	156	1.00646
110	157	0.930963
110	159	0.942087
110	161	0.92929
110	162	0.966951
110	164	0.949069
110	166	0.900757
110	167	0.923106
110	172	0.887984
110	174	0.927853
110	175	0.945643
110	176	0.9182
110	177	0.890168
110	178	0.928721
110	179	0.886574
110	180	0.882504
111	20	0.910456
111	23	0.866427
111	33	0.895769
111	35	0.997337
111	43	0.981017
111	52	0.976065
111	59	0.937149
111	63	1.05368
111	68	0.940207
111	71	1.02912
111	87	0.915065
111	91	0.992023
111	93	0.971711
111	108	1.01247
111	109	0.934471
111	112	0.959718
111	115	0.982651
111	120	0.972456
111	128	0.934776
111	133	0.551714
111	135	0.994536
111	168	0.931162
111	175	1.91976
111	179	3.88437
112	5	0.992126
112	42	1.01607
112	61	1.50201
112	65	1.04054
112	73	0.95401
112	75	0.942346
112	83	0.612438
112	84	0.99889
112	85	0.998326
112	93	1.00095
112	109	0.963711
112	111	0.959718
112	115	1.01189
112	116	0.947037
112	120	1.0017
112	132	1.07004
112	162	0.957213
112	163	0.890077
112	168	0.960402
112	169	0.907462
112	175	0.935905
112	176	0.908462
112	178	0.918983
112	180	0.872766
113	2	1.05261
113	5	1.03553
113	11	0.923902
113	29	0.998689
113	54	0.948762
113	55	0.940812
113	66	0.93434
113	77	0.996
113	80	0.991239
113	82	0.900614
113	83	0.98504
113	90	0.954578
113	94	0.804213
113	96	0.95077
113	99	1.35228
113	102	1.36395
113	104	1.03333
113	124	0.969112
113	134	1.89184
113	146	0.992689
113	149	0.865062
113	159	0.888579
113	171	0.99002
113	173	0.825165
114	15	1.3056
114	22	0.779388
114	74	1.45084
114	75	1.26418
114	86	0.984052
114	98	1.0305
114	129	1.09341
114	149	0.940184
114	152	1.00948
114	160	0.976128
114	161	0.950903
114	163	0.921428
114	164	0.970682
114	166	0.922371
114	167	0.94472
114	169	0.938813
114	170	0.953421
114	172	0.909598
114	174	0.949467
114	175	0.967257
114	176	0.939814
114	177	0.911782
114	178	0.950335
114	180	0.904118
115	20	0.962629
115	23	0.9186
115	33	0.947942
115	35	1.04951
115	43	1.03319
115	52	1.02824
115	63	1.10585
115	68	0.992381
115	71	1.0813
115	87	0.967239
115	91	1.0442
115	93	1.02388
115	108	1.06465
115	109	0.986644
115	111	0.982651
115	112	1.01189
115	120	1.02463
115	128	0.98695
115	142	0.676144
115	149	1.91824
115	152	1.13453
115	168	0.983335
115	169	2.00455
115	176	2.26264
116	37	0.895473
116	40	0.829505
116	41	0.888525
116	58	0.949563
116	60	0.94854
116	61	0.947623
116	64	1.01345
116	65	1.4485
116	84	2.01098
116	108	1.34052
116	112	0.947037
116	119	0.96055
116	127	0.918845
116	138	0.974094
116	139	0.974031
116	165	0.861417
116	168	0.918482
116	171	0.99187
116	172	0.836326
116	174	0.876195
116	175	0.893985
116	176	0.866542
116	178	0.877063
116	180	0.830846
117	26	1.9098
117	74	1.84417
117	82	1.04603
117	121	0.944655
117	135	1.02353
117	140	0.905458
117	147	1.01033
117	153	0.980095
117	154	0.935542
117	157	0.906752
117	160	0.930303
117	163	0.875604
117	164	0.924858
117	166	0.876546
117	167	0.898895
117	169	0.892989
117	170	0.907596
117	172	0.863773
117	174	0.903642
117	175	0.921432
117	176	0.893989
117	177	0.865957
117	179	0.862363
117	180	0.858293
118	49	1.59127
118	78	1.50031
118	105	1.70842
118	123	0.876169
118	147	1.00922
118	150	0.934663
118	152	0.962548
118	155	0.995269
118	156	0.981141
118	157	0.905641
118	158	0.927861
118	160	0.929192
118	161	0.903968
118	165	0.887754
118	166	0.875435
118	170	0.906485
118	172	0.862662
118	174	0.902531
118	175	0.920321
118	176	0.892878
118	177	0.864847
118	178	0.903399
118	179	0.861252
118	180	0.857182
119	1	1.07212
119	9	0.972199
119	48	0.526905
119	56	0.991328
119	78	1.04425
119	79	1.0377
119	81	1.03562
119	88	0.954975
119	97	0.994871
119	100	1.00011
119	105	0.992487
119	116	0.96055
119	123	0.905266
119	125	2.75599
119	127	0.974278
119	128	0.977529
119	131	1.02005
119	132	1.02235
119	138	1.02953
119	139	1.02946
119	144	0.932313
119	150	2.15618
119	151	0.9183
119	156	1.23358
119	171	1.0473
120	20	0.952435
120	23	0.908406
120	33	0.937748
120	35	1.03932
120	43	1.023
120	52	1.01804
120	59	0.979128
120	63	1.09566
120	68	0.982187
120	71	1.0711
120	87	0.957044
120	91	1.034
120	93	1.01369
120	108	1.05445
120	109	0.97645
120	111	0.972456
120	112	1.0017
120	115	1.02463
120	128	0.976755
120	136	1.36448
120	143	1.4284
120	151	1.23155
120	158	1.05308
120	168	0.973141
120	173	3.59005
121	27	1.70656
121	29	1.89262
121	72	1.60082
121	117	0.944655
121	122	1.03039
121	125	0.920369
121	126	0.947217
121	140	0.890102
121	152	0.948303
121	153	0.964739
121	155	0.981023
121	158	0.913616
121	163	0.860247
121	164	0.909501
121	165	0.873508
121	167	0.883539
121	169	0.877632
121	170	0.89224
121	172	0.848417
121	174	0.888286
121	175	0.906076
121	176	0.878633
121	177	0.850601
121	178	0.889154
121	179	0.847007
121	180	0.842937
122	81	1.08069
122	90	1.15514
122	109	0.758708
122	121	1.03039
122	126	1.04831
122	132	0.733382
122	145	1.02072
122	148	1.04399
122	157	0.992492
122	160	1.01604
122	161	0.990818
122	162	1.02848
122	163	0.961343
122	165	0.974604
122	166	0.962286
122	167	0.984634
122	169	0.978728
122	170	0.993335
122	171	0.104189
122	172	0.949512
122	174	0.989381
122	176	0.979729
122	177	0.951697
122	178	0.99025
122	179	0.948102
122	180	0.944032
123	19	0.851703
123	37	0.840189
123	44	2.61804
123	53	0.91008
123	58	0.894279
123	60	0.893256
123	61	0.892339
123	64	0.958166
123	67	0.88577
123	71	2.78196
123	86	0.855496
123	118	0.876169
123	119	0.905266
123	131	0.909338
123	132	0.911637
123	138	0.91881
123	139	0.918747
123	163	0.792872
123	168	0.863198
123	170	0.824865
123	171	0.936586
123	172	0.781042
123	176	0.811258
123	177	0.783226
123	178	0.821779
123	179	0.779631
123	180	0.775562
124	2	1.1203
124	5	1.10322
124	11	0.991596
124	23	0.919591
124	29	1.06638
124	54	1.01646
124	55	1.00851
124	66	1.00203
124	77	1.06369
124	80	1.05893
124	82	0.968309
124	83	1.05273
124	90	1.02227
124	95	0.995483
124	96	1.01846
124	104	1.10103
124	113	0.969112
124	130	1.3527
124	143	2.27517
124	146	1.06038
124	149	0.932756
124	150	2.08673
124	155	1.11367
124	156	1.16414
124	159	0.956273
124	162	1.30597
124	171	1.05771
124	173	0.892859
125	16	1.01439
125	97	1.82962
125	119	2.75599
125	121	0.920369
125	137	0.987547
125	147	0.986044
125	153	0.955808
125	154	0.911255
125	155	0.972093
125	156	0.957965
125	157	0.882466
125	158	0.904685
125	162	0.918453
125	163	0.851317
125	164	0.900571
125	165	0.864578
125	166	0.852259
125	167	0.874608
125	169	0.868702
125	170	0.883309
125	172	0.839486
125	174	0.879355
125	175	0.897145
125	176	0.869703
125	177	0.841671
125	178	0.880223
125	179	0.838076
125	180	0.834006
126	7	1.13139
126	12	1.05845
126	63	0.721613
126	85	1.10541
126	106	1.03315
126	121	0.947217
126	122	1.04831
126	127	2.01717
126	136	0.949478
126	141	1.01208
126	147	1.01289
126	150	0.938335
126	152	0.96622
126	158	0.931533
126	160	0.932864
126	163	0.878165
126	164	0.927419
126	166	0.879107
126	167	0.901456
126	169	0.89555
126	170	0.910157
126	172	0.866334
126	175	0.923993
126	176	0.89655
126	177	0.868519
126	179	0.864924
126	180	0.860854
127	1	1.03041
127	9	0.930493
127	16	1.02745
127	56	0.949622
127	69	0.963629
127	76	1.26803
127	78	1.00254
127	79	0.995993
127	81	0.993917
127	88	0.913269
127	91	0.993071
127	95	0.943367
127	97	0.953165
127	100	0.958403
127	105	0.950781
127	116	0.918845
127	119	0.974278
127	126	2.01717
127	128	0.935824
127	129	0.950741
127	131	0.978349
127	132	0.980648
127	137	1.09356
127	138	0.987821
127	139	0.987759
127	151	0.876594
127	159	1.96051
127	168	0.93221
127	171	1.0056
128	29	1.06286
128	32	1.40593
128	38	1.6928
128	87	0.919364
128	90	1.43841
128	93	0.97601
128	109	0.93877
128	111	0.934776
128	115	0.98695
128	119	0.977529
128	120	0.976755
128	127	0.935824
128	131	0.981601
128	132	0.9839
128	138	0.991073
128	139	0.99101
128	148	0.947781
128	153	0.969627
128	163	0.865135
128	166	0.866078
128	168	0.935461
128	169	0.88252
128	171	1.00885
128	172	0.853305
128	175	0.910964
128	177	0.855489
128	179	0.851895
128	180	0.847825
129	2	0.937026
129	33	2.04998
129	34	0.458132
129	58	0.94718
129	94	1.13547
129	108	0.456937
129	114	1.09341
129	127	0.950741
129	140	0.993033
129	144	1.08817
129	145	1.02255
129	152	1.05123
129	153	1.06767
129	156	1.06983
129	158	1.01655
129	161	0.992653
129	163	0.963178
129	165	0.976439
129	166	0.964121
129	169	0.980563
129	170	0.995171
129	172	0.951348
129	174	0.991217
129	175	1.00901
129	176	0.981564
129	177	0.953532
129	178	0.992085
129	179	0.949937
129	180	0.945868
130	22	1.01973
130	24	0.908867
130	29	1.36597
130	30	0.895118
130	32	0.894265
130	34	0.992998
130	38	0.986651
130	41	0.900556
130	53	0.977395
130	58	0.961594
130	60	0.960571
130	61	0.959654
130	64	1.02548
130	68	2.0306
130	71	1.05073
130	124	1.3527
130	136	0.931501
130	146	1.00657
130	158	0.913556
130	159	0.90246
130	165	0.873448
130	171	1.0039
130	172	0.848357
130	174	0.888226
130	175	0.906016
130	177	0.850541
130	178	0.889094
130	179	0.846947
130	180	0.842877
131	1	1.07619
131	9	0.97627
131	16	1.07322
131	56	0.995399
131	62	1.00679
131	78	1.04832
131	79	1.04177
131	81	1.03969
131	88	0.959046
131	91	1.03885
131	97	0.998943
131	98	1.42076
131	100	1.00418
131	104	0.194143
131	105	0.996558
131	119	1.02005
131	123	0.909338
131	127	0.978349
131	128	0.981601
131	132	1.02643
131	138	1.0336
131	139	1.03354
131	144	1.03188
131	151	0.922371
131	153	1.37279
131	156	1.33315
131	165	2.8762
131	168	0.977987
131	171	1.05137
132	1	1.07849
132	9	0.978569
132	16	1.07552
132	56	0.997698
132	62	1.00909
132	78	1.05062
132	79	1.04407
132	81	1.04199
132	88	0.961345
132	95	0.991443
132	97	1.00124
132	100	1.00648
132	105	0.998857
132	112	1.07004
132	119	1.02235
132	122	0.733382
132	123	0.911637
132	127	0.980648
132	128	0.9839
132	131	1.02643
132	138	1.0359
132	139	1.03583
132	142	0.855466
132	151	0.92467
132	155	1.08073
132	157	2.67967
132	164	1.7372
132	168	0.980286
132	171	1.05367
133	6	0.951815
133	20	1.15195
133	47	1.05657
133	86	1.01557
133	88	1.26973
133	96	1.01822
133	111	0.551714
133	137	1.08918
133	144	1.07795
133	145	1.01232
133	152	1.04101
133	153	1.05744
133	155	1.07373
133	156	1.0596
133	157	0.9841
133	160	1.00765
133	161	0.982427
133	164	1.00221
133	166	0.953894
133	167	0.976243
133	169	0.970336
133	170	0.984944
133	172	0.941121
133	174	0.98099
133	175	0.99878
133	176	0.971337
133	177	0.943305
133	178	0.981858
133	179	0.939711
133	180	0.935641
134	11	1.34128
134	61	2.00086
134	101	0.987322
134	110	0.982383
134	113	1.89184
134	136	0.945077
134	137	1.00999
134	140	0.903618
134	141	1.00768
134	148	0.95641
134	152	0.961819
134	156	0.980412
134	158	0.927132
134	160	0.928463
134	161	0.903239
134	162	0.9409
134	163	0.873764
134	165	0.887025
134	166	0.874706
134	167	0.897055
134	170	0.905756
134	171	0.221509
134	172	0.861933
134	173	0.852622
134	174	0.901802
134	175	0.919592
134	176	0.892149
134	177	0.864118
134	178	0.90267
134	179	0.860523
134	180	0.856453
135	55	1.68406
135	64	0.709345
135	79	1.17155
135	82	0.881832
135	103	0.993327
135	107	1.04198
135	111	0.994536
135	117	1.02353
135	140	0.968981
135	147	1.07385
135	150	0.999296
135	152	1.02718
135	153	1.04362
135	154	0.999064
135	156	1.04577
135	158	0.992494
135	160	0.993826
135	162	1.00626
135	165	0.952387
135	166	0.940069
135	167	0.962417
135	169	0.956511
135	170	0.971119
135	171	0.214171
135	172	0.927296
135	174	0.967164
135	175	0.984955
135	176	0.957512
135	177	0.92948
135	178	0.968033
135	179	0.925885
135	180	0.921816
136	4	2.05896
136	36	1.82225
136	67	0.955407
136	97	1.35431
136	98	0.971582
136	120	1.36448
136	126	0.949478
136	130	0.931501
136	134	0.945077
136	143	0.924915
136	144	0.987505
136	150	0.922679
136	154	0.922447
136	155	0.983285
136	156	0.969157
136	157	0.893657
136	160	0.917208
136	161	0.891984
136	162	0.929645
136	163	0.862509
136	164	0.911763
136	165	0.87577
136	167	0.8858
136	169	0.879894
136	170	0.894501
136	172	0.850678
136	174	0.890547
136	175	0.908337
136	176	0.880894
136	177	0.852862
136	178	0.891415
136	179	0.849268
136	180	0.845198
137	27	0.896487
137	52	1.2207
137	66	1.31236
137	80	0.981536
137	92	1.09536
137	125	0.987547
137	127	1.09356
137	133	1.08918
137	134	1.00999
137	141	1.06134
137	143	0.989831
137	145	0.986799
137	150	0.987596
137	152	1.01548
137	153	1.03192
137	154	0.987363
137	155	1.0482
137	158	0.980794
137	160	0.982125
137	161	0.956901
137	163	0.927425
137	164	0.976679
137	165	0.940686
137	167	0.950717
137	168	0.997751
137	169	0.94481
137	170	0.959418
137	172	0.915595
137	176	0.945811
137	177	0.917779
137	178	0.956332
137	179	0.914185
137	180	0.910115
138	1	1.08566
138	9	0.985742
138	16	1.0827
138	56	1.00487
138	62	1.01626
138	69	1.01888
138	78	1.05779
138	79	1.05124
138	81	1.04917
138	88	0.968518
138	91	1.04832
138	95	0.998616
138	97	1.00841
138	100	1.01365
138	105	1.00603
138	116	0.974094
138	119	1.02953
138	123	0.91881
138	127	0.987821
138	128	0.991073
138	131	1.0336
138	132	1.0359
138	139	1.04301
138	147	1.01873
138	150	1.51169
138	151	0.931843
138	153	0.628726
138	168	0.987459
138	169	1.64176
138	171	1.06085
138	174	1.8105
138	176	1.89985
138	179	3.31836
139	1	1.0856
139	9	0.98568
139	16	1.08263
139	56	1.00481
139	62	1.0162
139	69	1.01882
139	78	1.05773
139	79	1.05118
139	81	1.0491
139	88	0.968455
139	91	1.04826
139	95	0.998553
139	97	1.00835
139	100	1.01359
139	104	0.373264
139	105	1.00597
139	116	0.974031
139	119	1.02946
139	123	0.918747
139	127	0.987759
139	128	0.99101
139	131	1.03354
139	132	1.03583
139	138	1.04301
139	141	0.526459
139	142	0.731707
139	147	0.885602
139	149	1.97381
139	151	0.931781
139	160	2.05818
139	168	0.987396
139	171	1.06078
139	172	4.39709
140	59	0.897363
140	62	2.53177
140	65	1.97051
140	67	0.913948
140	98	0.930123
140	107	0.923903
140	117	0.905458
140	121	0.890102
140	129	0.993033
140	134	0.903618
140	135	0.968981
140	143	0.883456
140	144	0.946046
140	145	0.880424
140	146	1.60004
140	150	0.88122
140	151	0.835761
140	152	0.909106
140	157	0.852199
140	158	0.874418
140	160	0.87575
140	161	0.850525
140	163	0.82105
140	164	0.870304
140	165	0.834311
140	166	0.821993
140	167	0.844341
140	169	0.838435
140	170	0.853043
140	174	0.849089
140	175	0.866879
140	176	0.839436
140	177	0.811404
140	180	0.80374
141	13	1.46969
141	52	1.30597
