1	44	0.62369
1	105	1.27901
1	113	1.19889
1	114	1.19794
1	121	1.19829
1	123	1.21334
1	128	1.18202
1	130	1.15624
1	148	0.588753
1	164	1.17427
1	168	0.591881
1	179	0.598601
2	4	1.38047
2	17	1.38217
2	67	0.45688
2	115	0.494902
2	124	0.486871
2	153	0.471985
2	161	0.482899
2	171	1.3625
2	173	1.3936
2	174	1.37231
2	179	1.34699
2	180	1.36196
3	131	1.37405
3	135	1.38279
3	136	1.38507
3	142	0.482153
3	147	1.37404
3	159	1.36739
3	161	1.35727
3	162	1.35938
3	170	0.493722
3	171	0.482365
3	173	0.45534
3	180	0.493499
4	2	1.38047
4	39	1.2802
4	79	1.40955
4	109	0.515813
4	118	1.36876
4	120	1.36876
4	140	0.47725
4	146	0.473842
4	150	0.478317
4	156	1.38793
4	173	1.40434
4	179	0.46179
5	33	1.32986
5	37	1.299
5	53	1.37504
5	62	1.32508
5	73	1.34392
5	89	1.45892
5	149	0.468476
5	158	1.46818
5	164	0.511288
5	172	0.493225
5	173	0.460996
5	176	0.472887
6	24	1.34733
6	30	1.35217
6	68	1.41985
6	71	1.34715
6	74	1.34764
6	119	0.498378
6	127	1.36928
6	151	0.470498
6	156	1.41658
6	160	0.493077
6	173	0.453396
6	180	0.491555
7	29	0.492261
7	60	0.506002
7	122	0.477427
7	143	0.478154
7	158	0.438725
7	166	1.36267
7	172	1.36494
7	175	1.37502
7	176	1.39292
7	178	1.3632
7	179	1.36314
7	180	1.37811
8	11	1.22966
8	21	1.32941
8	31	1.54805
8	70	1.42027
8	78	1.41814
8	85	1.26057
8	90	1.39391
8	102	0.469269
8	140	0.491158
8	169	0.489247
8	176	0.465544
8	180	0.491811
9	52	1.11377
9	67	1.28028
9	82	1.18401
9	87	1.1969
9	96	1.18114
9	103	1.20189
9	110	1.22101
9	112	1.22101
9	151	0.602373
9	173	0.585271
9	175	0.620741
9	176	0.597163
10	50	0.407285
10	121	1.5953
10	128	1.57904
10	130	1.55326
10	144	0.403408
10	145	0.433512
10	156	1.64235
10	164	1.57128
10	165	0.377387
10	173	1.65877
10	175	0.39208
10	180	0.394768
11	8	1.22966
11	27	1.15661
11	32	1.37077
11	56	1.15823
11	70	1.21823
11	78	1.2161
11	85	1.05853
11	90	1.19187
11	138	0.597734
11	166	0.603857
11	168	0.593439
11	172	0.610341
12	50	0.496471
12	126	1.36289
12	134	1.35788
12	155	1.37871
12	159	1.37653
12	161	1.36641
12	162	1.36852
12	163	1.38907
12	165	0.466572
12	166	0.471539
12	167	0.488229
12	170	0.484177
13	37	1.24543
13	46	1.4097
13	59	1.4249
13	63	1.40969
13	73	1.29035
13	89	1.40534
13	127	0.479217
13	150	0.485465
13	151	0.463993
13	157	0.481066
13	158	1.4146
13	164	0.497184
14	61	0.49511
14	81	1.44078
14	87	1.34493
14	96	1.32918
14	103	1.34992
14	108	1.39711
14	110	1.36904
14	112	1.36904
14	142	0.471639
14	144	0.491626
14	171	0.471851
14	177	0.476938
15	24	1.31274
15	38	1.52108
15	65	1.37335
15	68	1.38526
15	71	1.31256
15	74	1.31304
15	106	0.484902
15	156	1.38198
15	168	0.480978
15	172	0.497881
15	173	0.465651
15	176	0.477543
16	76	0.622883
16	81	0.572677
16	121	0.613797
16	139	0.584769
16	167	1.1765
16	168	1.19703
16	173	1.2333
16	174	1.21201
16	175	1.19857
16	177	1.19422
16	179	1.1867
16	180	1.20167
17	2	1.38217
17	45	1.28337
17	79	1.41125
17	98	1.37624
17	118	1.37046
17	120	1.37046
17	145	0.51738
17	146	0.474575
17	151	0.457579
17	170	0.478859
17	173	1.40604
17	180	0.478636
18	115	1.34476
18	143	1.38241
18	152	1.34638
18	153	1.37945
18	159	1.38153
18	161	1.37141
18	163	1.39407
18	168	0.477047
18	169	0.497315
18	173	0.46172
18	175	0.49719
18	176	0.473612
19	56	1.2878
19	63	0.483647
19	70	1.34779
19	79	0.506976
19	84	0.524059
19	85	1.1881
19	88	0.567605
19	90	1.32143
19	108	0.510666
19	168	1.31585
19	177	1.31303
19	179	1.30551
19	180	1.32048
20	47	1.35853
20	69	1.31512
20	88	1.24175
20	98	1.2906
20	102	0.520572
20	111	0.527244
20	117	0.510497
20	118	1.28481
20	120	1.28481
20	156	1.30398
20	173	1.3204
20	174	0.521902
20	179	0.527001
21	8	1.32941
21	27	1.25635
21	32	1.47052
21	70	1.31797
21	72	1.26002
21	78	1.31584
21	85	1.15828
21	90	1.29161
21	138	0.489701
21	145	0.546983
21	154	0.485983
21	161	0.590771
21	165	0.490857
22	46	1.35311
22	50	0.54719
22	53	1.26488
22	59	1.36832
22	62	1.21492
22	72	1.25822
22	73	1.23377
22	89	1.34876
22	117	0.502057
22	158	1.35802
22	165	0.517292
22	168	0.511841
22	177	0.528626
23	39	1.22874
23	91	1.23128
23	94	1.29294
23	98	1.32308
23	116	0.565666
23	118	1.3173
23	120	1.3173
23	151	0.501078
23	154	0.499879
23	156	1.33647
23	157	0.518151
23	173	1.35288
23	180	0.522135
24	6	1.34733
24	15	1.31274
24	30	1.25099
24	34	1.20448
24	38	1.4545
24	74	1.24646
24	127	1.2681
24	150	0.529542
24	156	1.3154
24	164	0.541261
24	166	0.516713
24	168	0.506296
24	179	0.513015
25	42	0.490266
25	126	1.28256
25	134	1.27755
25	139	1.35567
25	146	0.536442
25	147	1.30285
25	149	0.509825
25	155	1.29838
25	161	1.28608
25	162	1.28818
25	163	1.30874
25	164	0.552637
25	168	0.517671
26	54	0.513857
26	118	0.516492
26	130	0.542004
26	135	0.50932
26	136	0.510976
26	167	1.28131
26	168	1.30184
26	171	1.30701
26	176	1.32128
26	177	1.29903
26	178	1.29156
26	179	1.2915
26	180	1.30647
27	11	1.15661
27	21	1.25635
27	31	1.475
27	66	1.3672
27	70	1.34721
27	72	1.28926
27	85	1.18752
27	90	1.32085
27	119	0.519704
27	163	0.570211
27	166	0.500467
27	172	0.506951
27	177	0.506834
28	125	1.2572
28	133	0.515589
28	143	1.31115
28	149	0.510651
28	150	1.28802
28	153	1.30818
28	159	1.31026
28	161	1.30014
28	162	1.30225
28	163	1.3228
28	174	0.520118
28	177	0.535282
28	179	0.525217
29	7	0.492261
29	101	1.28209
29	104	1.29539
29	114	1.31467
29	116	0.573929
29	121	1.31502
29	123	1.33008
29	128	1.29876
29	130	1.27298
29	138	0.511861
29	154	0.508142
29	164	1.291
29	171	0.519264
30	6	1.35217
30	24	1.25099
30	34	1.20931
30	36	1.38138
30	65	1.3116
30	68	1.32351
30	71	1.25081
30	109	0.564171
30	132	0.514999
30	151	0.505203
30	156	1.32023
30	165	0.508879
30	166	0.513846
31	8	1.54805
31	27	1.475
31	56	1.47662
31	72	1.47867
31	78	1.53449
31	85	1.37692
31	90	1.51026
31	107	0.433575
31	150	0.442779
31	164	0.454498
31	165	0.424983
31	176	0.416097
31	177	0.436317
32	11	1.37077
32	21	1.47052
32	56	1.50138
32	70	1.56138
32	75	0.438404
32	78	1.55925
32	85	1.40169
32	90	1.53502
32	141	0.432182
32	164	0.446964
32	170	0.435053
32	171	0.423696
32	175	0.432142
33	5	1.32986
33	37	1.18503
33	46	1.3493
33	53	1.26106
33	59	1.3645
33	62	1.21111
33	89	1.34494
33	107	0.506161
33	145	0.553695
33	157	0.510966
33	158	1.3542
33	164	0.527084
33	172	0.509021
34	24	1.20448
34	30	1.20931
34	36	1.33488
34	61	0.589034
34	65	1.26509
34	68	1.277
34	71	1.2043
34	74	1.20478
34	127	1.22643
34	149	0.546231
34	150	0.577324
34	156	1.27373
34	173	0.538751
34	174	0.555698
35	78	0.593934
35	80	0.529297
35	122	1.25867
35	126	1.23234
35	129	1.24174
35	133	0.553296
35	134	1.22733
35	136	1.26366
35	148	0.553076
35	153	1.2439
35	157	0.575052
35	161	1.23586
35	162	1.23797
35	163	1.25852
36	30	1.38138
36	34	1.33488
36	61	0.473951
36	65	1.43716
36	68	1.44907
36	71	1.37637
36	74	1.37685
36	93	0.466823
36	127	1.39849
36	156	1.44579
36	158	0.499498
36	165	0.444445
36	175	0.459138
36	180	0.461826
37	5	1.299
37	13	1.24543
37	33	1.18503
37	53	1.23021
37	62	1.18025
37	72	1.22355
37	73	1.19909
37	89	1.31409
37	96	0.641888
37	107	0.531911
37	158	1.32335
37	164	0.552834
37	167	0.544975
37	178	0.532722
38	15	1.52108
38	24	1.4545
38	55	0.445256
38	65	1.51511
38	71	1.45432
38	74	1.4548
38	127	1.47644
38	144	0.442813
38	156	1.52374
38	170	0.434396
38	172	0.428243
38	175	0.431484
38	178	0.426195
39	4	1.2802
39	23	1.22874
39	45	1.17066
39	88	1.21468
39	94	1.23338
39	98	1.26353
39	118	1.25774
39	120	1.25774
39	150	0.573609
39	165	0.555813
39	170	0.573417
39	173	1.29333
39	176	0.546927
39	179	0.557082
40	86	0.447914
40	101	1.37956
40	113	1.4131
40	114	1.41214
40	121	1.41249
40	123	1.42755
40	128	1.39623
40	130	1.37045
40	132	0.480107
40	133	0.465627
40	151	0.470311
40	164	1.38847
40	173	0.453209
40	180	0.491368
41	104	1.22547
41	105	1.32582
41	113	1.24571
41	114	1.24475
41	121	1.2451
41	123	1.26016
41	128	1.22884
41	130	1.20306
41	149	0.54837
41	164	1.22108
41	168	0.556217
41	169	0.576485
41	176	0.552782
41	177	0.573002
42	25	0.490266
42	98	0.455691
42	152	0.479458
42	155	0.468308
42	156	0.428872
42	160	1.38355
42	161	0.471485
42	169	1.39477
42	170	1.39235
42	171	1.4114
42	175	1.40777
42	177	1.40341
42	179	1.39589
42	180	1.41086
43	44	1.47469
43	84	1.40209
43	96	1.35925
43	103	1.37999
43	107	0.463964
43	108	1.42718
43	110	1.39911
43	112	1.39911
43	116	1.35858
43	145	0.511497
43	165	0.455372
43	169	0.470189
43	173	0.434594
43	180	0.472753
44	1	0.62369
44	43	1.47469
44	77	1.46581
44	87	1.36164
44	96	1.34589
44	103	1.36663
44	108	1.41382
44	110	1.38576
44	112	1.38576
44	133	0.422426
44	174	0.426955
44	175	0.445478
44	178	0.440189
44	180	0.448167
45	17	1.28337
45	39	1.17066
45	88	1.21615
45	91	1.1732
45	93	0.576378
45	98	1.265
45	118	1.25922
45	120	1.25922
45	154	0.549125
45	156	1.27839
45	160	0.572903
45	173	1.2948
45	176	0.545114
45	178	0.563403
46	13	1.4097
46	22	1.35311
46	33	1.3493
46	53	1.39448
46	59	1.49792
46	62	1.34452
46	73	1.36336
46	98	0.524854
46	119	0.464938
46	140	0.457462
46	150	0.45853
46	158	1.48762
46	179	0.442003
46	180	0.458115
47	20	1.35853
47	88	1.37696
47	91	1.33401
47	94	1.39566
47	118	1.42002
47	120	1.42002
47	150	0.474014
47	156	1.43919
47	157	0.469615
47	170	0.473822
47	173	1.45561
47	174	0.452388
47	175	0.470911
47	177	0.467552
48	87	0.532058
48	101	1.29888
48	104	1.31218
48	113	1.33242
48	130	1.28977
48	136	0.49296
48	155	0.510805
48	158	0.469122
48	159	0.498034
48	163	0.48878
48	170	1.34514
48	175	1.36055
48	178	1.34873
48	179	1.34868
48	180	1.36365
49	88	0.513827
49	123	0.487576
49	125	0.515643
49	128	0.484197
49	134	0.500493
49	148	1.33084
49	154	1.33092
49	162	0.489672
49	166	1.32352
49	169	1.32288
49	172	1.32579
49	174	1.34931
49	176	1.35377
49	179	1.324
49	180	1.33896
50	10	0.407285
50	12	0.496471
50	22	0.54719
50	69	0.488767
50	124	0.538211
50	151	1.34165
50	159	0.51829
50	166	1.32479
50	168	1.3356
50	170	1.32172
50	171	1.34077
50	175	1.33714
50	177	1.33278
50	178	1.32531
50	180	1.34023
51	99	0.493571
51	118	0.497373
51	121	0.492928
51	153	0.501965
51	154	1.33104
51	159	0.49693
51	160	1.31178
51	162	0.509133
51	169	1.323
51	174	1.34944
51	175	1.336
51	176	1.35389
51	177	1.33164
51	179	1.32412
51	180	1.33909
52	9	1.11377
52	77	1.28299
52	81	1.27468
52	82	1.16594
52	87	1.17883
52	96	1.16308
52	103	1.18382
52	108	1.23101
52	110	1.20294
52	112	1.20294
52	133	0.579604
52	160	0.606866
52	164	0.617478
52	170	0.605567
52	178	0.597366
53	5	1.37504
53	22	1.26488
53	33	1.26106
53	37	1.23021
53	46	1.39448
53	55	0.513645
53	59	1.40968
53	73	1.27513
53	89	1.39013
53	109	0.540473
53	138	0.484025
53	158	1.39938
53	174	0.48135
53	179	0.48645
53	180	0.502562
54	26	0.513857
54	111	0.487712
54	131	1.33626
54	136	1.34728
54	139	1.38907
54	143	1.33049
54	152	1.29445
54	155	1.33178
54	159	1.3296
54	161	1.31948
54	162	1.32159
54	164	0.515715
54	166	0.491167
54	169	0.501018
54	177	0.497534
55	38	0.445256
55	53	0.513645
55	68	0.511046
55	158	0.487945
55	162	0.529059
55	163	0.507603
55	166	1.32494
55	167	1.31522
55	168	1.33574
55	170	1.32187
55	171	1.34092
55	174	1.35073
55	175	1.33728
55	177	1.33293
55	180	1.34038
56	11	1.15823
56	19	1.2878
56	31	1.47662
56	32	1.50138
56	66	1.36882
56	70	1.34883
56	75	0.500778
56	78	1.3467
56	85	1.18914
56	90	1.32247
56	108	0.543207
56	127	0.49137
56	166	0.48479
56	169	0.49464
56	177	0.491157
57	101	1.31369
57	104	1.32698
57	113	1.34723
57	114	1.34627
57	117	0.484641
57	121	1.34662
57	123	1.36168
57	128	1.33036
57	130	1.30458
57	132	0.505996
57	142	0.505911
57	164	1.3226
57	167	0.521532
57	168	0.494425
57	174	0.496046
58	101	1.30468
58	104	1.31798
58	105	1.41833
58	113	1.33822
58	121	1.33761
58	123	1.35267
58	128	1.32135
58	130	1.29557
58	132	0.492173
58	137	0.521972
58	146	0.499373
58	160	0.504957
58	164	1.31359
58	167	0.507709
58	174	0.482223
59	13	1.4249
59	22	1.36832
59	33	1.3645
59	46	1.49792
59	53	1.40968
59	62	1.35973
59	73	1.37857
59	86	0.412218
59	89	1.49356
59	116	0.499203
59	144	0.464312
59	145	0.494416
59	158	1.50282
59	171	0.444538
59	179	0.439559
59	180	0.455672
60	7	0.506002
60	106	0.525231
60	109	0.58205
60	115	1.25266
60	124	1.26592
60	142	0.532793
60	147	1.29607
60	152	1.25428
60	153	1.28735
60	155	1.29161
60	159	1.28943
60	161	1.2793
60	162	1.28141
60	163	1.30196
60	172	0.53821
60	174	0.522928
61	14	0.49511
61	34	0.589034
61	36	0.473951
61	73	0.542294
61	91	1.20616
61	94	1.26781
61	104	0.539029
61	118	1.29218
61	120	1.29218
61	125	0.556071
61	148	1.288
61	167	1.27097
61	170	1.27762
61	173	1.32776
61	178	1.28121
61	180	1.29613
62	5	1.32508
62	22	1.21492
62	33	1.21111
62	37	1.18025
62	46	1.34452
62	59	1.35973
62	72	1.24963
62	73	1.22517
62	89	1.34017
62	137	0.562624
62	148	0.518126
62	158	1.34942
62	165	0.526705
62	168	0.521254
62	175	0.541398
62	177	0.538039
63	13	1.40969
63	19	0.483647
63	73	1.36335
63	89	1.47835
63	117	0.425557
63	126	1.39481
63	136	1.42613
63	145	0.496918
63	155	1.41063
63	158	1.48761
63	159	1.40845
63	160	0.459696
63	163	1.42099
63	174	0.436962
63	175	0.455485
63	178	0.450195
64	88	0.477369
64	130	0.466966
64	134	0.464035
64	143	0.451529
64	152	0.464933
64	158	0.4121
64	162	0.453214
64	164	1.37789
64	168	1.42911
64	170	1.41523
64	171	1.43429
64	172	1.42057
64	174	1.44409
64	177	1.4263
64	179	1.41878
64	180	1.43374
65	15	1.37335
65	30	1.3116
65	34	1.26509
65	36	1.43716
65	38	1.51511
65	68	1.37929
65	71	1.30659
65	74	1.30707
65	127	1.32871
65	140	0.47933
65	151	0.458926
65	153	0.551601
65	156	1.37601
65	160	0.481505
65	167	0.484258
65	169	0.477419
65	177	0.473935
66	27	1.3672
66	56	1.36882
66	78	1.42669
66	85	1.26913
66	90	1.40246
66	99	0.54558
66	114	1.36933
66	116	0.525887
66	121	1.36967
66	128	1.35341
66	130	1.32763
66	149	0.451677
66	150	0.48277
66	164	1.34565
66	165	0.464974
66	168	0.459523
66	172	0.476426
67	2	0.45688
67	9	1.28028
67	81	1.44118
67	87	1.34533
67	96	1.32958
67	99	1.38801
67	103	1.35032
67	108	1.39751
67	110	1.36944
67	112	1.36944
67	116	1.32891
67	137	0.51424
67	138	0.477165
67	141	0.493055
67	166	0.483288
67	170	0.495925
67	178	0.487724
68	6	1.41985
68	15	1.38526
68	30	1.32351
68	34	1.277
68	36	1.44907
68	55	0.511046
68	65	1.37929
68	71	1.3185
68	74	1.31898
68	86	0.456509
68	127	1.34062
68	141	0.497315
68	156	1.38792
68	171	0.488829
68	175	0.497274
68	176	0.473696
68	179	0.48385
69	20	1.31512
69	50	0.488767
69	88	1.33355
69	91	1.2906
69	94	1.35225
69	98	1.3824
69	118	1.37661
69	119	1.36487
69	120	1.37661
69	138	0.457713
69	152	0.566756
69	156	1.39578
69	157	0.472266
69	172	0.470321
69	173	1.4122
69	175	0.473562
69	180	0.47625
70	8	1.42027
70	11	1.21823
70	19	1.34779
70	21	1.31797
70	27	1.34721
70	32	1.56138
70	56	1.34883
70	78	1.4067
70	85	1.24914
70	90	1.38247
70	106	0.477365
70	144	0.504914
70	149	0.465595
70	166	0.483859
70	175	0.493585
70	178	0.488296
70	180	0.496273
71	6	1.34715
71	15	1.31256
71	30	1.25081
71	34	1.2043
71	36	1.37637
71	38	1.45432
71	65	1.30659
71	68	1.3185
71	74	1.24628
71	127	1.26792
71	139	0.555212
71	146	0.517597
71	148	0.495697
71	151	0.500601
71	156	1.31522
71	160	0.52318
71	168	0.498826
71	172	0.515728
72	21	1.26002
72	22	1.25822
72	27	1.28926
72	31	1.47867
72	37	1.22355
72	62	1.24963
72	78	1.34875
72	85	1.19119
72	89	1.38347
72	90	1.32452
72	115	0.605618
72	144	0.519724
72	149	0.480405
72	158	1.39272
72	160	0.512606
72	173	0.472924
72	177	0.505036
72	180	0.511083
73	5	1.34392
73	13	1.29035
73	22	1.23377
73	37	1.19909
73	46	1.36336
73	53	1.27513
73	59	1.37857
73	61	0.542294
73	62	1.22517
73	63	1.36335
73	89	1.35901
73	106	0.511262
73	142	0.518823
73	158	1.36827
73	166	0.517756
73	168	0.507338
73	171	0.519036
73	173	0.492011
74	6	1.34764
74	15	1.31304
74	24	1.24646
74	34	1.20478
74	36	1.37685
74	38	1.4548
74	65	1.30707
74	68	1.31898
74	71	1.24628
74	93	0.523704
74	127	1.2684
74	140	0.518055
74	156	1.3157
74	167	0.522983
74	169	0.516144
74	174	0.497496
74	177	0.51266
74	180	0.518707
75	32	0.438404
75	56	0.500778
75	92	0.561092
75	104	0.530479
75	107	1.31914
75	115	0.537299
75	129	0.512953
75	147	0.512191
75	157	1.29088
75	165	1.32696
75	167	1.28868
75	168	1.30921
75	172	1.30067
75	174	1.32419
75	176	1.32865
75	178	1.29892
75	179	1.29887
75	180	1.31384
76	16	0.622883
76	83	1.31587
76	107	0.50207
76	115	1.27541
76	135	1.32758
76	136	1.32986
76	141	0.508211
76	142	0.499512
76	147	1.31883
76	152	1.27704
76	153	1.3101
76	155	1.31436
76	161	1.30206
76	162	1.30417
76	163	1.32472
76	169	0.508295
76	173	0.4727
76	179	0.494746
77	44	1.46581
77	52	1.28299
77	81	1.46197
77	82	1.35322
77	87	1.36611
77	93	0.496946
77	96	1.35036
77	103	1.3711
77	108	1.41829
77	110	1.39022
77	112	1.39022
77	116	1.3497
77	148	0.465989
77	166	0.479535
77	173	0.453791
77	175	0.489261
77	176	0.465682
77	178	0.483971
77	179	0.475837
78	8	1.41814
78	11	1.2161
78	21	1.31584
78	31	1.53449
78	32	1.55925
78	35	0.593934
78	56	1.3467
78	66	1.42669
78	70	1.4067
78	72	1.34875
78	85	1.24701
78	90	1.38034
78	137	0.472625
78	141	0.45144
78	147	0.523514
78	154	0.431832
78	164	0.466221
78	169	0.451524
78	173	0.415928
79	4	1.40955
79	17	1.41125
79	19	0.506976
79	88	1.34403
79	91	1.30108
79	94	1.36273
79	98	1.39288
79	118	1.38709
79	119	1.37535
79	120	1.38709
79	138	0.462965
79	150	0.481917
79	156	1.40626
79	157	0.477518
79	160	0.483024
79	170	0.481725
79	173	1.42268
79	174	0.460291
79	176	0.455235
80	35	0.529297
80	87	0.490057
80	94	0.475314
80	96	0.490638
80	101	1.33759
80	105	1.45125
80	112	0.476806
80	123	1.38558
80	128	1.35426
80	130	1.32848
80	156	0.429369
80	158	0.427122
80	161	0.471982
80	167	1.3772
80	172	1.38919
80	175	1.39927
80	178	1.38744
80	179	1.38739
80	180	1.40236
81	14	1.44078
81	16	0.572677
81	52	1.27468
81	67	1.44118
81	77	1.46197
81	82	1.34492
81	87	1.3578
81	96	1.34205
81	103	1.36279
81	108	1.40998
81	110	1.38192
81	112	1.38192
81	144	0.469292
81	146	0.456591
81	164	0.472786
81	167	0.464927
81	169	0.458088
81	172	0.454722
81	180	0.460652
82	9	1.18401
82	52	1.16594
82	77	1.35322
82	81	1.34492
82	84	1.27615
82	87	1.24906
82	93	0.547507
82	96	1.23331
82	99	1.29174
82	100	0.618889
82	103	1.25405
82	108	1.30124
82	110	1.27317
82	112	1.27317
82	138	0.523973
82	151	0.521453
82	165	0.525129
82	166	0.530096
82	169	0.539946
83	76	1.31587
83	127	0.50468
83	129	1.33366
83	131	1.34456
83	132	0.499252
83	134	1.31924
83	135	1.3533
83	138	0.491976
83	146	0.506452
83	147	1.34455
83	152	1.30275
83	155	1.34008
83	159	1.3379
83	161	1.32778
83	162	1.32988
83	163	1.35044
83	171	0.499379
83	177	0.504466
83	179	0.494401
83	180	0.510513
84	19	0.524059
84	43	1.40209
84	82	1.27615
84	93	0.503583
84	99	1.33172
84	108	1.34122
84	110	1.31315
84	112	1.31315
84	138	0.480049
84	141	0.495938
84	145	0.53733
84	153	1.32309
84	158	1.40433
84	159	1.32517
84	160	0.500108
84	161	1.31505
84	162	1.31716
84	163	1.33771
84	165	0.481204
84	171	0.487452
85	8	1.26057
85	11	1.05853
85	19	1.1881
85	21	1.15828
85	27	1.18752
85	31	1.37692
85	32	1.40169
85	56	1.18914
85	66	1.26913
85	70	1.24914
85	72	1.19119
85	78	1.24701
85	86	0.543143
85	90	1.22278
85	150	0.587012
85	164	0.598731
85	171	0.575463
85	173	0.548438
85	179	0.570485
85	180	0.586597
86	40	0.447914
86	59	0.412218
86	68	0.456509
86	85	0.543143
86	118	0.462762
86	124	0.48224
86	135	0.45559
86	136	0.457246
86	138	1.40323
86	146	1.39019
86	155	0.475091
86	157	1.3846
86	165	1.42067
86	167	1.3824
86	169	1.39147
86	172	1.39439
86	174	1.4179
86	176	1.42236
86	178	1.39264
86	179	1.39259
86	180	1.40756
87	9	1.1969
87	14	1.34493
87	44	1.36164
87	48	0.532058
87	52	1.17883
87	67	1.34533
87	77	1.36611
87	80	0.490057
87	81	1.3578
87	82	1.24906
87	96	1.2462
87	103	1.26694
87	108	1.31413
87	110	1.28606
87	112	1.28606
87	127	0.533964
87	137	0.558335
87	140	0.539145
87	149	0.509119
87	168	0.516965
87	171	0.528663
88	19	0.567605
88	20	1.24175
88	39	1.21468
88	45	1.21615
88	47	1.37696
88	49	0.513827
88	64	0.477369
88	69	1.33355
88	79	1.34403
88	91	1.21723
88	94	1.27888
88	98	1.30903
88	118	1.30324
88	120	1.30324
88	148	0.516171
88	154	0.519876
88	156	1.32241
88	160	0.543654
88	170	0.542354
88	173	1.33883
88	179	0.526019
89	5	1.45892
89	13	1.40534
89	22	1.34876
89	33	1.34494
89	37	1.31409
89	53	1.39013
89	59	1.49356
89	62	1.34017
89	63	1.47835
89	72	1.38347
89	73	1.35901
89	107	0.463233
89	145	0.510766
89	146	0.467961
89	158	1.48326
89	166	0.459608
89	167	0.476297
89	172	0.466092
89	174	0.45081
89	176	0.445755
89	180	0.472022
90	8	1.39391
90	11	1.19187
90	19	1.32143
90	21	1.29161
90	27	1.32085
90	31	1.51026
90	32	1.53502
90	56	1.32247
90	66	1.40246
90	70	1.38247
90	72	1.32452
90	78	1.38034
90	85	1.22278
90	107	0.490456
90	141	0.496597
90	157	0.495261
90	166	0.486831
90	167	0.50352
90	170	0.499468
90	171	0.488111
90	173	0.461086
90	178	0.491267
91	23	1.23128
91	45	1.1732
91	47	1.33401
91	61	1.20616
91	69	1.2906
91	79	1.30108
91	88	1.21723
91	94	1.23592
91	98	1.26607
91	111	0.551246
91	118	1.26029
91	119	1.24855
91	120	1.26029
91	140	0.566463
91	154	0.54486
91	156	1.27946
91	165	0.549734
91	173	1.29587
91	174	0.545904
91	176	0.540849
91	177	0.561068
91	179	0.551003
92	75	0.561092
92	111	0.541648
92	115	1.22763
92	122	1.27709
92	124	1.24089
92	125	1.21133
92	127	0.551684
92	135	1.2798
92	136	1.28208
92	147	1.27105
92	152	1.22925
92	153	1.26232
92	155	1.26658
92	159	1.2644
92	161	1.25428
92	162	1.25638
92	163	1.27694
92	166	0.545104
92	167	0.561793
92	178	0.54954
92	179	0.541406
92	180	0.557518
93	36	0.466823
93	45	0.576378
93	74	0.523704
93	77	0.496946
93	82	0.547507
93	84	0.503583
93	110	0.521269
93	132	1.31449
93	139	0.477741
93	149	1.34274
93	158	0.481859
93	160	1.29287
93	165	1.3333
93	166	1.30474
93	169	1.30409
93	170	1.30167
93	171	1.32072
93	172	1.30701
93	176	1.33498
93	177	1.31273
93	178	1.30526
93	179	1.30521
93	180	1.32018
94	23	1.29294
94	39	1.23338
94	47	1.39566
94	61	1.26781
94	69	1.35225
94	79	1.36273
94	80	0.475314
94	88	1.27888
94	91	1.23592
94	98	1.32772
94	117	0.492438
94	118	1.32194
94	119	1.3102
94	120	1.32194
94	133	0.499314
94	140	0.524401
94	145	0.563799
94	154	0.502799
94	156	1.34111
94	167	0.529329
94	173	1.35752
94	176	0.498787
94	180	0.525054
95	107	0.499621
95	108	0.554413
95	116	0.551941
95	119	0.515233
95	122	1.32161
95	129	1.30468
95	134	1.29026
95	139	1.36839
95	143	1.3098
95	146	0.504349
95	147	1.31557
95	150	1.28667
95	152	1.27377
95	155	1.3111
95	158	1.38807
95	159	1.30892
95	161	1.2988
95	162	1.3009
95	163	1.32146
95	172	0.50248
95	174	0.487198
95	177	0.502363
95	179	0.492298
96	9	1.18114
96	14	1.32918
96	37	0.641888
96	43	1.35925
96	44	1.34589
96	52	1.16308
96	67	1.32958
96	77	1.35036
96	80	0.490638
96	81	1.34205
96	82	1.23331
96	87	1.2462
96	103	1.25119
96	108	1.29838
96	110	1.27031
96	112	1.27031
96	116	1.22978
96	117	0.507761
96	140	0.539725
96	150	0.540793
96	166	0.527964
96	168	0.517546
96	174	0.519167
96	179	0.524266
97	101	1.57096
97	102	0.330683
97	104	1.58425
97	105	1.68461
97	109	0.391136
97	113	1.60449
97	114	1.60354
97	116	0.396757
97	119	0.360048
97	121	1.60389
97	123	1.61894
97	128	1.58762
97	130	1.56184
97	133	0.711347
97	160	0.354748
97	161	0.435757
97	164	1.57986
97	168	0.330393
97	177	0.347178
97	180	0.353225
98	17	1.37624
98	20	1.2906
98	23	1.32308
98	39	1.26353
98	42	0.455691
98	45	1.265
98	46	0.524854
98	69	1.3824
98	79	1.39288
98	88	1.30903
98	91	1.26607
98	94	1.32772
98	118	1.35209
98	119	1.34035
98	120	1.35209
98	133	0.480188
98	138	0.487392
98	150	0.506343
98	152	0.596434
98	156	1.37126
98	168	0.483096
98	171	0.494795
98	173	1.38767
98	176	0.479662
98	177	0.499881
99	51	0.493571
99	66	0.54558
99	67	1.38801
99	82	1.29174
99	84	1.33172
99	103	1.30962
99	108	1.35681
99	110	1.32874
99	112	1.32874
99	116	1.28822
99	122	1.35345
99	137	0.520952
99	143	1.34165
99	144	0.511055
99	152	1.30561
99	153	1.33868
99	155	1.34294
99	159	1.34076
99	163	1.3533
99	165	0.485033
99	166	0.49
99	168	0.479582
99	172	0.496485
99	179	0.486302
99	180	0.502415
100	82	0.618889
100	115	1.25958
100	126	1.2827
100	131	1.303
100	134	1.27769
100	135	1.31174
100	139	1.35582
100	141	0.512921
100	143	1.29723
100	144	0.524208
100	147	1.30299
100	152	1.2612
100	153	1.29426
100	154	0.493313
100	155	1.29852
100	158	1.3755
100	159	1.29634
100	160	0.517091
100	161	1.28622
100	162	1.28833
100	163	1.30888
100	170	0.515791
100	174	0.494357
100	175	0.51288
100	178	0.50759
100	180	0.515568
101	29	1.28209
101	40	1.37956
101	48	1.29888
101	57	1.31369
101	58	1.30468
101	80	1.33759
101	97	1.57096
101	104	1.23797
101	105	1.33833
101	113	1.25821
101	114	1.25726
101	121	1.25761
101	123	1.27266
101	128	1.24134
101	130	1.21557
101	131	0.587327
101	141	0.521191
101	146	0.519778
101	148	0.497878
101	149	0.49316
101	150	0.524253
101	164	1.23359
101	165	0.506457
101	170	0.524062
101	175	0.52115
101	178	0.515861
102	8	0.469269
102	20	0.520572
102	97	0.330683
102	110	0.49373
102	121	0.47923
102	123	0.493338
102	128	0.489959
102	135	0.476502
102	140	1.36885
102	146	1.37685
102	155	0.496003
102	156	0.456567
102	157	1.37126
102	159	0.483232
102	165	1.40733
102	168	1.38958
102	169	1.37813
102	170	1.3757
102	171	1.39476
102	172	1.38104
102	173	1.42585
102	175	1.39112
102	177	1.38677
102	178	1.3793
102	179	1.37925
102	180	1.39421
103	9	1.20189
103	14	1.34992
103	43	1.37999
103	44	1.36663
103	52	1.18382
103	67	1.35032
103	77	1.3711
103	81	1.36279
103	82	1.25405
103	87	1.26694
103	96	1.25119
103	99	1.30962
103	108	1.31912
103	110	1.29105
103	112	1.29105
103	116	1.25052
103	133	0.511686
103	148	0.511466
103	150	0.537841
103	157	0.533442
103	166	0.525012
103	168	0.514594
103	173	0.499268
103	174	0.516215
103	175	0.534738
103	178	0.529449
104	29	1.29539
104	41	1.22547
104	48	1.31218
104	57	1.32698
104	58	1.31798
104	61	0.539029
104	75	0.530479
104	97	1.58425
104	101	1.23797
104	105	1.35162
104	106	1.31887
104	113	1.27151
104	114	1.27055
104	121	1.2709
104	123	1.28596
104	128	1.25464
104	130	1.22886
104	137	0.545443
104	151	0.505848
104	154	0.504649
104	164	1.24688
104	167	0.53118
104	170	0.527128
104	172	0.520975
104	174	0.505693
104	176	0.500638
105	1	1.27901
105	41	1.32582
105	58	1.41833
105	80	1.45125
105	97	1.68461
105	101	1.33833
105	104	1.35162
105	106	1.41922
105	113	1.37187
105	114	1.37091
105	115	0.562204
105	116	0.511201
105	121	1.37126
105	123	1.38632
105	128	1.355
105	130	1.32922
105	140	0.467017
105	145	0.506414
105	149	0.436991
105	164	1.34724
105	167	0.471945
105	170	0.467892
105	171	0.456536
105	172	0.46174
105	173	0.429511
105	176	0.441403
106	15	0.484902
106	60	0.525231
106	70	0.477365
106	73	0.511262
106	104	1.31887
106	105	1.41922
106	113	1.33911
106	114	1.33815
106	122	0.496656
106	123	1.35356
106	128	1.32224
106	130	1.29646
106	131	0.48377
106	134	0.509889
106	139	0.453836
106	146	1.35297
106	147	0.489708
106	155	0.499637
106	158	0.457954
106	164	1.31448
106	169	1.35425
106	172	1.35717
106	175	1.36724
106	176	1.38514
106	178	1.35542
106	179	1.35537
106	180	1.37034
107	31	0.433575
107	33	0.506161
107	37	0.531911
107	43	0.463964
107	75	1.31914
107	76	0.50207
107	89	0.463233
107	90	0.490456
107	95	0.499621
107	112	0.517757
107	135	0.490255
107	140	1.33414
107	141	1.35234
107	144	1.34625
107	146	1.34214
107	159	0.496985
107	165	1.37262
107	166	1.34406
107	169	1.34342
107	170	1.34099
107	171	1.36005
107	174	1.36985
107	176	1.37431
107	177	1.35206
107	178	1.34459
107	179	1.34454
107	180	1.3595
108	14	1.39711
108	19	0.510666
108	43	1.42718
108	44	1.41382
108	52	1.23101
108	56	0.543207
108	67	1.39751
108	77	1.41829
108	81	1.40998
108	82	1.30124
108	84	1.34122
108	87	1.31413
108	95	0.554413
108	96	1.29838
108	99	1.35681
108	103	1.31912
108	110	1.33824
108	112	1.33824
108	116	1.29771
108	127	0.479359
108	142	0.473846
108	150	0.485607
108	169	0.482629
108	171	0.474059
108	172	0.479263
108	176	0.458926
108	179	0.46908
109	4	0.515813
109	30	0.564171
109	53	0.540473
109	60	0.58205
109	97	0.391136
109	110	0.554183
109	118	0.544126
109	124	0.563604
109	130	0.569639
109	141	1.27146
109	142	1.26737
109	148	1.2705
109	152	0.567606
109	154	1.27058
109	165	1.29174
109	166	1.26318
109	167	1.25346
109	168	1.27399
109	169	1.26254
109	170	1.26011
109	171	1.27916
109	172	1.26545
109	174	1.28897
109	175	1.27553
109	178	1.2637
109	179	1.26365
109	180	1.27862
110	9	1.22101
110	14	1.36904
110	43	1.39911
110	44	1.38576
110	52	1.20294
110	67	1.36944
110	77	1.39022
110	81	1.38192
110	82	1.27317
110	84	1.31315
110	87	1.28606
110	93	0.521269
110	96	1.27031
110	99	1.32874
110	102	0.49373
110	103	1.29105
110	108	1.33824
110	109	0.554183
110	111	0.500402
110	112	1.31017
110	116	1.26965
110	141	0.513624
110	154	0.494016
110	164	0.528406
110	169	0.513708
110	173	0.478113
110	175	0.513583
110	179	0.50016
111	20	0.527244
111	54	0.487712
111	91	0.551246
111	92	0.541648
111	110	0.500402
111	114	0.504684
111	115	0.517855
111	122	0.499694
111	131	0.486808
111	136	0.484831
111	140	1.30213
111	154	1.31946
111	159	0.489904
111	160	1.30019
111	164	1.27165
111	165	1.34062
111	166	1.31206
111	168	1.32287
111	169	1.31142
111	171	1.32804
111	172	1.31433
111	174	1.33785
111	175	1.32441
111	176	1.34231
111	177	1.32006
111	178	1.31258
111	179	1.31253
111	180	1.3275
112	9	1.22101
112	14	1.36904
112	43	1.39911
112	44	1.38576
112	52	1.20294
112	67	1.36944
112	77	1.39022
112	80	0.476806
112	81	1.38192
112	82	1.27317
112	84	1.31315
112	87	1.28606
112	96	1.27031
112	99	1.32874
112	103	1.29105
112	107	0.517757
112	108	1.33824
112	110	1.31017
112	116	1.26965
112	132	0.515285
112	142	0.5152
112	144	0.535186
112	168	0.503714
112	169	0.523982
112	173	0.488387
112	174	0.505334
112	177	0.520499
112	179	0.510434
113	1	1.19889
113	40	1.4131
113	41	1.24571
113	48	1.33242
113	57	1.34723
113	58	1.33822
113	97	1.60449
113	101	1.25821
113	104	1.27151
113	105	1.37187
113	106	1.33911
113	114	1.2908
113	117	0.48915
113	121	1.29115
113	123	1.3062
113	128	1.27488
113	130	1.2491
113	144	0.530407
113	151	0.50071
113	154	0.499511
113	160	0.523289
113	164	1.26712
113	166	0.509353
113	167	0.526042
113	169	0.519203
113	174	0.500556
113	176	0.4955
113	180	0.521767
114	1	1.19794
114	29	1.31467
114	40	1.41214
114	41	1.24475
114	57	1.34627
114	66	1.36933
114	97	1.60354
114	101	1.25726
114	104	1.27055
114	105	1.37091
114	106	1.33815
114	111	0.504684
114	113	1.2908
114	121	1.29019
114	123	1.30525
114	128	1.27393
114	130	1.24815
114	150	0.520968
114	154	0.498298
114	157	0.516569
114	164	1.26617
114	168	0.497721
114	169	0.51799
114	170	0.520776
114	171	0.509419
114	176	0.494286
114	178	0.512575
114	180	0.520553
115	2	0.494902
115	18	1.34476
115	60	1.25266
115	72	0.605618
115	75	0.537299
115	76	1.27541
115	92	1.22763
115	100	1.25958
115	105	0.562204
115	111	0.517855
115	124	1.27393
115	125	1.24437
115	131	1.3041
115	136	1.31512
115	139	1.35691
115	147	1.30409
115	151	0.512667
115	152	1.26229
115	153	1.29536
115	155	1.29962
115	159	1.29744
115	161	1.28732
115	162	1.28943
115	163	1.30998
115	168	0.510892
115	172	0.527795
115	173	0.495565
115	178	0.525746
115	179	0.517612
116	23	0.565666
116	29	0.573929
116	43	1.35858
116	59	0.499203
116	66	0.525887
116	67	1.32891
116	77	1.3497
116	95	0.551941
116	96	1.22978
116	97	0.396757
116	99	1.28822
116	103	1.25052
116	105	0.511201
116	108	1.29771
116	110	1.26965
116	112	1.26965
116	135	0.542576
116	141	1.2845
116	145	1.2452
116	156	0.52264
116	161	0.565254
116	163	0.540051
116	165	1.30478
116	168	1.28703
116	176	1.30647
116	177	1.28422
116	178	1.27675
116	179	1.27669
116	180	1.29166
117	20	0.510497
117	22	0.502057
117	57	0.484641
117	63	0.425557
117	94	0.492438
117	96	0.507761
117	113	0.48915
117	121	0.469155
117	123	0.483263
117	135	0.466428
117	138	1.36751
117	142	1.36058
117	144	1.35858
117	147	0.476
117	151	1.37325
117	155	0.485928
117	157	1.34888
117	165	1.38495
117	166	1.35639
117	167	1.34667
117	170	1.35332
117	171	1.37238
117	172	1.35866
117	174	1.38218
117	176	1.38664
117	177	1.36439
117	178	1.35692
117	179	1.35687
117	180	1.37183
118	4	1.36876
118	17	1.37046
118	20	1.28481
118	23	1.3173
118	26	0.516492
118	39	1.25774
118	45	1.25922
118	47	1.42002
118	51	0.497373
118	61	1.29218
118	69	1.37661
118	79	1.38709
118	86	0.462762
118	88	1.30324
118	91	1.26029
118	94	1.32194
118	98	1.35209
118	109	0.544126
118	119	1.33456
118	120	1.34631
118	132	0.494955
118	141	0.503568
118	156	1.36548
118	157	0.502231
118	160	0.507738
118	169	0.503652
118	171	0.495082
118	173	1.38189
118	174	0.485004
118	178	0.498238
119	6	0.498378
119	27	0.519704
119	46	0.464938
119	69	1.36487
119	79	1.37535
119	91	1.24855
119	94	1.3102
119	95	0.515233
119	97	0.360048
119	98	1.34035
119	118	1.33456
119	120	1.33456
119	128	0.519324
119	131	0.509501
119	143	0.523115
119	153	0.517631
119	155	0.525368
119	156	1.35373
119	159	0.512597
119	162	0.524799
119	167	1.31335
119	168	1.33388
119	169	1.32243
119	170	1.32
119	171	1.33905
119	173	1.37015
119	176	1.35332
119	178	1.3236
119	179	1.32354
119	180	1.33851
120	4	1.36876
120	17	1.37046
120	20	1.28481
120	23	1.3173
120	39	1.25774
120	45	1.25922
120	47	1.42002
120	61	1.29218
120	69	1.37661
120	79	1.38709
120	88	1.30324
120	91	1.26029
120	94	1.32194
120	98	1.35209
120	118	1.34631
120	119	1.33456
120	132	0.487187
120	135	0.558302
120	142	0.487101
120	156	1.36548
120	157	0.494463
120	159	0.565031
120	167	0.502723
120	170	0.498671
120	173	1.38189
120	174	0.477236
120	175	0.495759
120	176	0.472181
120	178	0.49047
120	179	0.482336
121	1	1.19829
121	10	1.5953
121	16	0.613797
121	29	1.31502
121	40	1.41249
121	41	1.2451
121	51	0.492928
121	57	1.34662
121	58	1.33761
121	66	1.36967
121	97	1.60389
121	101	1.25761
121	102	0.47923
121	104	1.2709
121	105	1.37126
121	113	1.29115
121	114	1.29019
121	117	0.469155
121	123	1.3056
121	128	1.27428
121	130	1.2485
121	141	0.499124
121	149	0.471093
121	164	1.26652
121	166	0.489357
121	167	0.506047
121	175	0.499083
121	177	0.495724
121	178	0.493794
121	180	0.501772
122	7	0.477427
122	35	1.25867
122	92	1.27709
122	95	1.32161
122	99	1.35345
122	106	0.496656
122	111	0.499694
122	125	1.29383
122	129	1.34266
122	131	1.35356
122	133	0.489824
122	134	1.32824
122	139	1.40637
122	142	0.504218
122	143	1.34778
122	146	0.511503
122	147	1.35354
122	148	0.489603
122	150	1.32465
122	152	1.31175
122	153	1.34482
122	159	1.3469
122	161	1.33677
122	162	1.33888
122	163	1.35943
122	164	0.527698
122	166	0.50315
122	168	0.492732
122	171	0.50443
122	180	0.515564
123	1	1.21334
123	29	1.33008
123	40	1.42755
123	41	1.26016
123	49	0.487576
123	57	1.36168
123	58	1.35267
123	80	1.38558
123	97	1.61894
123	101	1.27266
123	102	0.493338
123	104	1.28596
123	105	1.38632
123	106	1.35356
123	113	1.3062
123	114	1.30525
123	117	0.483263
123	121	1.3056
123	128	1.28933
123	130	1.26355
123	141	0.513232
123	142	0.504533
123	146	0.511819
123	164	1.28157
123	165	0.498499
123	166	0.503466
123	170	0.516103
123	173	0.477721
123	175	0.513191
123	177	0.509833
124	2	0.486871
124	50	0.538211
124	60	1.26592
124	86	0.48224
124	92	1.24089
124	109	0.563604
124	115	1.27393
124	125	1.25763
124	129	1.30646
124	131	1.31736
124	132	0.514432
124	135	1.3261
124	139	1.37018
124	141	0.523046
124	143	1.31159
124	147	1.31735
124	150	1.28846
124	152	1.27556
124	153	1.30862
124	154	0.503438
124	155	1.31288
124	157	0.521709
124	158	1.38986
124	159	1.3107
124	161	1.30058
124	162	1.30269
124	163	1.32324
124	165	0.508312
124	170	0.525917
124	178	0.517716
124	180	0.525694
125	28	1.2572
125	49	0.515643
125	61	0.556071
125	92	1.21133
125	115	1.24437
125	122	1.29383
125	124	1.25763
125	126	1.2675
125	129	1.2769
125	131	1.2878
125	134	1.26249
125	135	1.29654
125	136	1.29882
125	139	1.34061
125	147	1.28779
125	150	1.25889
125	153	1.27906
125	154	0.521691
125	157	0.539962
125	158	1.36029
125	159	1.28114
125	160	0.545469
125	161	1.27102
125	162	1.27312
125	163	1.29368
125	164	0.55608
125	168	0.521114
125	169	0.541383
125	171	0.532813
125	172	0.538017
125	176	0.51768
125	179	0.527834
126	12	1.36289
126	25	1.28256
126	35	1.23234
126	63	1.39481
126	100	1.2827
126	125	1.2675
126	129	1.31633
126	131	1.32723
126	132	0.50564
126	133	0.491161
126	134	1.30191
126	139	1.38004
126	142	0.505555
126	143	1.32145
126	144	0.525541
126	146	0.51284
126	147	1.32721
126	149	0.486222
126	151	0.495844
126	152	1.28542
126	153	1.31848
126	155	1.32274
126	158	1.39972
126	159	1.32057
126	161	1.31044
126	162	1.31255
126	163	1.3331
126	164	0.529035
126	167	0.521176
126	169	0.514337
126	171	0.505767
126	175	0.514212
126	177	0.510854
127	6	1.36928
127	13	0.479217
127	24	1.2681
127	34	1.22643
127	36	1.39849
127	38	1.47644
127	56	0.49137
127	65	1.32871
127	68	1.34062
127	71	1.26792
127	74	1.2684
127	83	0.50468
127	87	0.533964
127	92	0.551684
127	108	0.479359
127	130	0.525895
127	134	0.522963
127	136	0.494867
127	139	0.46691
127	152	0.523861
127	156	1.33734
127	157	1.29917
127	159	0.49994
127	161	0.515889
127	167	1.29696
127	169	1.30604
127	172	1.30895
127	175	1.31903
127	176	1.33693
127	177	1.31468
127	178	1.30721
127	179	1.30716
127	180	1.32212
128	1	1.18202
128	10	1.57904
128	29	1.29876
128	40	1.39623
128	41	1.22884
128	49	0.484197
128	57	1.33036
128	58	1.32135
128	66	1.35341
128	80	1.35426
128	97	1.58762
128	101	1.24134
128	102	0.489959
128	104	1.25464
128	105	1.355
128	106	1.32224
128	113	1.27488
128	114	1.27393
128	119	0.519324
128	121	1.27428
128	123	1.28933
128	130	1.23223
128	132	0.50124
128	145	0.551245
128	148	0.48654
128	149	0.481822
128	150	0.512915
128	163	0.569831
128	164	1.25025
128	169	0.509937
128	171	0.501367
128	177	0.506453
128	179	0.496388
129	35	1.24174
129	75	0.512953
129	83	1.33366
129	95	1.30468
129	122	1.34266
129	124	1.30646
129	125	1.2769
129	126	1.31633
129	131	1.33663
129	134	1.31132
129	135	1.34537
129	136	1.34765
129	142	0.498033
129	143	1.33085
129	144	0.518019
129	145	0.548123
129	147	1.33662
129	152	1.29482
129	153	1.32789
129	155	1.33215
129	159	1.32997
129	161	1.31985
129	162	1.32195
129	163	1.34251
129	164	0.521513
129	165	0.491998
129	167	0.513654
129	169	0.506815
129	171	0.498245
129	177	0.503332
129	178	0.501401
129	179	0.493267
129	180	0.509379
130	1	1.15624
130	10	1.55326
130	26	0.542004
130	29	1.27298
130	40	1.37045
130	41	1.20306
130	48	1.28977
130	57	1.30458
130	58	1.29557
130	64	0.466966
130	66	1.32763
130	80	1.32848
130	97	1.56184
130	101	1.21557
130	104	1.22886
130	105	1.32922
130	106	1.29646
130	109	0.569639
130	113	1.2491
130	114	1.24815
130	121	1.2485
130	123	1.26355
130	127	0.525895
130	128	1.23223
130	137	0.550266
130	141	0.52908
130	164	1.22448
130	165	0.514347
130	166	0.519314
130	167	0.536003
130	172	0.525798
130	173	0.493569
130	174	0.510517
130	175	0.52904
131	3	1.37405
131	54	1.33626
131	83	1.34456
131	100	1.303
131	101	0.587327
131	106	0.48377
131	111	0.486808
131	115	1.3041
131	119	0.509501
131	122	1.35356
131	124	1.31736
131	125	1.2878
131	126	1.32723
131	129	1.33663
131	134	1.32221
131	136	1.35855
131	143	1.34175
131	147	1.34751
131	152	1.30572
131	153	1.33879
131	154	0.480422
131	155	1.34305
131	157	0.498694
131	159	1.34087
131	161	1.33074
131	162	1.33285
131	163	1.3534
131	164	0.514812
131	166	0.490264
131	170	0.502901
131	174	0.481466
131	175	0.499989
131	177	0.496631
131	178	0.4947
131	179	0.486566
132	30	0.514999
132	40	0.480107
132	57	0.505996
132	58	0.492173
132	83	0.499252
132	93	1.31449
132	112	0.515285
132	118	0.494955
132	120	0.487187
132	124	0.514432
132	126	0.50564
132	128	0.50124
132	137	1.29029
132	143	0.50503
132	146	1.33116
132	154	1.34048
132	157	1.32557
132	159	0.494512
132	160	1.32121
132	163	0.485259
132	164	1.29267
132	165	1.36164
132	166	1.33308
132	167	1.32336
132	168	1.34389
132	169	1.33244
132	170	1.33001
132	172	1.33535
132	174	1.35887
132	175	1.34543
132	176	1.36333
132	177	1.34108
132	178	1.3336
132	179	1.33355
132	180	1.34852
133	28	0.515589
133	35	0.553296
133	40	0.465627
133	44	0.422426
133	52	0.579604
133	94	0.499314
133	97	0.711347
133	98	0.480188
133	103	0.511686
133	122	0.489824
133	126	0.491161
133	144	1.30484
133	145	1.27163
133	148	1.30998
133	149	1.34066
133	152	0.503955
133	154	1.31006
133	157	1.29514
133	159	0.480033
133	160	1.29079
133	162	0.492236
133	165	1.33122
133	166	1.30266
133	167	1.29294
133	168	1.31347
133	169	1.30202
133	170	1.29959
133	171	1.31864
133	172	1.30493
133	174	1.32845
133	175	1.31501
133	176	1.33291
133	177	1.31065
133	178	1.30318
133	179	1.30313
133	180	1.3181
134	12	1.35788
134	25	1.27755
134	35	1.22733
134	49	0.500493
134	64	0.464035
134	83	1.31924
134	95	1.29026
134	100	1.27769
134	106	0.509889
134	122	1.32824
134	125	1.26249
134	126	1.30191
134	127	0.522963
134	129	1.31132
134	131	1.32221
134	135	1.33095
134	136	1.33323
134	139	1.37503
134	140	0.528144
134	143	1.31644
134	148	0.502836
134	152	1.28041
134	153	1.31347
134	155	1.31773
134	157	0.524812
134	159	1.31555
134	161	1.30543
134	162	1.30754
134	163	1.32809
134	165	0.511416
134	167	0.533072
134	171	0.517663
134	175	0.526108
134	177	0.52275
134	178	0.520819
134	180	0.528797
135	3	1.38279
135	26	0.50932
135	76	1.32758
135	83	1.3533
135	86	0.45559
135	92	1.2798
135	100	1.31174
