1	28	2.10822
1	100	1.26565
1	135	0.82423
1	159	0.864262
1	164	0.851476
1	170	0.836246
1	171	0.821889
1	172	0.842566
1	173	0.832941
1	174	0.846231
1	177	0.85114
1	178	0.834797
2	143	0.873685
2	150	0.840681
2	152	1.97699
2	154	0.839486
2	156	0.847433
2	161	0.838038
2	163	0.842767
2	165	0.842539
2	166	0.849682
2	172	1.89845
2	175	0.769386
2	180	0.860598
3	37	0.725372
3	117	0.767259
3	150	3.46289
3	157	0.748424
3	164	0.785799
3	168	0.750686
3	171	0.756212
3	173	0.767264
3	176	0.746988
3	177	0.785463
3	178	0.76912
3	179	0.799765
4	82	0.936567
4	105	1.08004
4	129	1.14232
4	158	0.933037
4	163	0.929754
4	164	0.941804
4	165	0.929526
4	166	0.936669
4	169	0.945976
4	173	0.923269
4	177	0.941468
4	178	0.925125
5	94	0.822108
5	134	0.816094
5	138	0.848698
5	145	0.85015
5	154	0.837839
5	158	0.844403
5	161	0.836391
5	163	0.84112
5	164	2.02764
5	166	0.848035
5	179	1.85736
5	180	0.858951
6	51	1.74168
6	75	1.59901
6	151	0.819193
6	167	0.881486
6	169	0.856657
6	171	0.822897
6	172	0.843574
6	173	0.833949
6	174	0.847238
6	176	0.813673
6	177	0.852148
6	178	0.835805
7	75	1.4377
7	122	1.88864
7	149	0.868246
7	164	0.854679
7	168	0.819566
7	171	0.825092
7	172	0.845768
7	173	0.836144
7	174	0.849433
7	176	0.815867
7	177	0.854343
7	178	0.837999
8	73	3.44904
8	146	0.751091
8	164	0.782486
8	168	0.747372
8	170	0.767256
8	171	0.752898
8	172	0.773575
8	173	0.76395
8	174	0.77724
8	176	0.743674
8	177	0.78215
8	178	0.765806
9	47	1.76474
9	85	0.931741
9	137	0.941787
9	142	0.926229
9	150	0.929502
9	156	0.936254
9	158	0.934872
9	163	0.931589
9	165	0.931361
9	166	0.938503
9	169	0.995142
9	170	1.2766
10	91	1.57169
10	152	0.826453
10	154	1.751
10	155	0.845922
10	164	0.856824
10	168	0.821711
10	170	0.841595
10	171	0.827237
10	176	0.818013
10	177	0.856488
10	178	0.840145
10	179	0.87079
11	101	1.62975
11	126	0.825319
11	147	1.6794
11	151	0.825759
11	168	0.823937
11	169	0.863222
11	170	0.84382
11	172	0.850139
11	173	0.840515
11	174	0.853804
11	176	0.820238
11	177	0.858714
12	22	1.05802
12	62	1.366
12	64	1.60354
12	139	0.923407
12	141	0.943198
12	142	0.939131
12	148	0.941679
12	158	0.947773
12	161	0.939762
12	163	0.94449
12	166	0.951405
12	175	0.871109
13	84	1.71751
13	144	0.820936
13	151	0.825905
13	166	1.59348
13	169	0.863368
13	171	0.829609
13	172	0.850286
13	173	0.840661
13	174	0.85395
13	176	0.820385
13	177	0.85886
13	178	0.842517
14	57	2.63552
14	94	0.818057
14	109	0.844954
14	120	0.862881
14	134	0.812042
14	139	0.815985
14	140	0.873831
14	145	0.846099
14	147	0.852685
14	152	0.818747
14	157	1.30451
14	180	0.8549
15	93	1.50803
15	142	0.924439
15	148	0.926987
15	153	0.947412
15	154	0.926518
15	156	0.934465
15	163	0.929799
15	165	0.929571
15	166	0.936714
15	167	1.04518
15	173	1.47617
15	180	0.94763
16	90	1.88873
16	149	0.857343
16	155	0.832873
16	157	0.8064
16	165	1.73329
16	168	0.808662
16	169	0.847947
16	171	0.814188
16	173	0.82524
16	174	0.838529
16	176	0.804964
16	177	0.843439
16	178	0.827096
17	56	0.820291
17	70	0.841047
17	81	0.812039
17	82	0.809277
17	84	0.813565
17	101	0.825402
17	107	0.813202
17	112	0.850058
17	162	0.814234
17	167	0.858269
17	169	1.81377
17	176	2.37251
17	179	0.843234
18	52	0.904662
18	102	0.913284
18	129	0.890725
18	134	0.881894
18	138	0.914499
18	140	0.943683
18	145	0.915951
18	147	0.922537
18	149	1.32769
18	152	0.888599
18	171	1.5976
18	177	1.41062
18	180	0.924752
19	93	0.878416
19	94	0.887022
19	110	0.892207
19	118	1.32423
19	120	0.931845
19	121	0.918644
19	129	0.889838
19	138	0.913611
19	140	0.942796
19	147	0.92165
19	164	1.45427
19	172	1.54508
19	180	0.923864
20	65	1.66208
20	148	0.91252
20	149	0.931846
20	162	0.903245
20	163	0.93152
20	167	0.94728
20	169	0.922451
20	171	0.888692
20	173	0.899744
20	174	0.913033
20	176	0.879467
20	177	0.917943
20	178	0.901599
21	49	1.33602
21	83	1.08693
21	137	1.07894
21	149	0.932104
21	159	0.931322
21	164	0.918536
21	169	0.922708
21	170	0.903306
21	171	0.888949
21	172	0.909626
21	176	0.879725
21	177	0.9182
21	178	0.901857
22	12	1.05802
22	140	1.10672
22	156	1.44652
22	157	0.889445
22	160	0.936513
22	170	0.91159
22	171	0.897232
22	172	0.917909
22	173	0.908284
22	174	0.921574
22	176	0.888008
22	177	0.926483
22	178	0.91014
23	141	0.907054
23	150	0.90626
23	152	1.45263
23	153	0.92596
23	154	0.905066
23	156	0.913012
23	158	0.91163
23	161	0.903618
23	163	0.908346
23	165	0.908119
23	166	0.915261
23	170	1.49243
23	172	1.37409
24	84	0.89181
24	96	0.921646
24	101	0.903647
24	107	0.891447
24	112	0.928302
24	115	0.928124
24	128	0.944276
24	130	0.884895
24	162	0.892479
24	167	0.936514
24	171	1.19167
24	175	2.2027
24	179	0.921478
25	88	0.942009
25	105	0.899169
25	110	0.887161
25	119	0.879545
25	120	0.926799
25	140	0.93775
25	145	0.910018
25	147	0.916604
25	152	0.882666
25	159	1.33553
25	162	1.46488
25	174	1.52856
25	180	0.918818
26	62	1.97807
26	133	2.18989
26	137	0.835183
26	148	0.822173
26	150	0.822898
26	153	0.842598
26	154	0.821704
26	156	0.82965
26	158	0.828268
26	161	0.820256
26	163	0.824985
26	165	0.824757
26	166	0.831899
27	37	1.61877
27	57	2.16448
27	105	0.907895
27	109	0.917599
27	119	0.88827
27	121	0.922324
27	134	0.884687
27	138	0.917291
27	145	0.918743
27	147	0.925329
27	152	0.891391
27	177	0.589466
27	180	0.927544
28	1	2.10822
28	78	0.748395
28	94	0.814994
28	109	0.841892
28	119	0.812564
28	130	1.92567
28	134	0.80898
28	138	0.841584
28	140	0.870768
28	145	0.843036
28	147	0.849623
28	152	0.815684
28	180	0.851837
29	60	0.817729
29	126	2.16491
29	143	0.861498
29	150	0.828493
29	153	0.848193
29	154	0.827299
29	156	0.835245
29	158	0.833863
29	161	0.825851
29	165	0.830352
29	166	0.837495
29	169	2.0214
29	175	0.757198
30	142	0.827401
30	148	0.829949
30	150	0.830674
30	156	0.837426
30	158	0.836044
30	161	0.828032
30	163	0.832761
30	165	0.832533
30	166	0.839675
30	172	2.2212
30	175	0.759379
30	179	1.96012
30	180	0.850592
31	66	0.779985
31	74	1.99898
31	137	0.823568
31	142	0.808011
31	143	0.844288
31	150	0.811284
31	153	0.830984
31	156	0.818036
31	161	0.808641
31	163	0.81337
31	165	0.813142
31	166	0.820285
31	173	2.4857
31	180	0.831201
32	50	0.76266
32	119	1.99514
32	148	1.93376
32	149	0.852511
32	157	0.801568
32	159	0.851729
32	168	0.80383
32	169	0.843115
32	170	0.823713
32	172	0.830033
32	173	0.820408
32	175	0.753512
32	177	0.838607
32	178	0.822264
33	38	1.36416
33	104	0.8845
33	105	0.884856
33	106	0.8776
33	110	0.872848
33	121	0.899285
33	134	0.861648
33	138	0.894252
33	140	0.923437
33	145	0.895705
33	147	0.902291
33	170	1.67126
33	177	1.58157
33	180	0.904505
34	141	0.891648
34	143	0.923858
34	150	0.890853
34	151	1.69374
34	153	0.910553
34	156	0.897605
34	158	0.896223
34	161	0.888211
34	163	0.89294
34	165	0.892712
34	166	0.899855
34	169	1.3385
34	173	1.59747
34	175	0.819558
35	81	0.872797
35	82	0.870035
35	84	0.874324
35	96	0.904161
35	101	0.886161
35	107	0.873961
35	112	0.910816
35	115	0.910638
35	126	1.4328
35	160	1.34746
35	162	0.874993
35	167	0.919028
35	176	1.84804
35	179	0.903992
36	141	0.886586
36	148	0.885066
36	149	1.47207
36	153	0.905491
36	154	0.884597
36	156	0.892543
36	158	0.891161
36	161	0.883149
36	163	0.887878
36	165	0.88765
36	166	0.894793
36	174	1.58956
36	178	1.57142
36	180	0.905709
37	3	0.725372
37	27	1.61877
37	100	2.46078
37	159	0.851736
37	160	0.848643
37	168	0.803837
37	170	0.82372
37	171	0.809363
37	172	0.83004
37	173	0.820415
37	174	0.833704
37	176	0.800139
37	177	0.838614
37	178	0.822271
38	33	1.36416
38	67	0.876686
38	91	1.18938
38	137	1.37993
38	155	0.899475
38	160	0.92007
38	169	0.914549
38	170	0.895147
38	171	0.88079
38	172	0.901467
38	173	0.891842
38	174	0.905131
38	175	0.824946
38	178	0.893698
39	43	0.885938
39	119	0.863373
39	120	0.910627
39	121	0.897426
39	129	0.86862
39	135	1.44486
39	138	0.892393
39	139	0.863732
39	140	0.921578
39	145	0.893845
39	147	0.900432
39	176	1.76269
39	178	1.41214
39	180	0.902646
40	86	1.78393
40	102	0.891036
40	104	0.882498
40	109	0.892558
40	110	0.870846
40	120	0.910484
40	121	0.897283
40	129	0.868477
40	132	1.48445
40	138	0.89225
40	145	0.893703
40	147	0.900289
40	167	1.36713
40	180	0.902503
41	85	1.42625
41	106	0.882756
41	124	1.26061
41	129	0.875634
41	140	0.928592
41	143	1.09656
41	147	0.907447
41	151	0.870589
41	170	0.88865
41	173	0.885345
41	176	0.865068
41	177	0.903544
41	178	0.8872
41	180	0.909661
42	141	1.35701
42	156	1.32428
42	157	0.871034
42	164	0.908409
42	168	0.873295
42	169	0.912581
42	170	0.893179
42	171	0.878822
42	172	0.899498
42	173	0.889874
42	174	0.903163
42	176	0.869597
42	177	0.908073
42	180	1.08639
43	39	0.885938
43	71	1.7495
43	88	0.917422
43	100	0.888746
43	102	0.882763
43	119	0.854958
43	120	0.902212
43	123	1.57831
43	127	1.28393
43	138	0.883978
43	140	0.913162
43	145	0.88543
43	147	0.892017
43	180	0.894231
44	94	1.36272
44	103	0.832662
44	104	1.12755
44	151	0.879714
44	157	0.87563
44	164	0.913005
44	168	0.877892
44	169	0.917178
44	170	0.897775
44	173	0.89447
44	174	0.907759
44	177	0.912669
44	178	0.896326
44	180	1.26081
45	90	1.44616
45	110	1.13529
45	153	1.19134
45	155	0.895735
45	157	0.869262
45	159	0.919423
45	168	0.871524
45	169	0.910809
45	171	0.87705
45	172	0.897727
45	174	0.901391
45	176	0.867826
45	177	0.906301
45	178	0.889958
46	124	0.904414
46	135	1.39541
46	148	0.885197
46	150	0.885922
46	151	1.50974
46	153	0.905622
46	154	0.884727
46	156	0.892674
46	158	0.891292
46	161	0.88328
46	163	0.888008
46	165	0.887781
46	166	0.894923
46	176	1.71324
47	9	1.76474
47	101	0.828451
47	115	0.852928
47	145	1.99121
47	151	0.799025
47	162	0.817282
47	167	0.861317
47	169	0.836488
47	172	0.823406
47	173	0.813781
47	176	0.793505
47	177	0.83198
47	179	0.846282
48	54	0.786609
48	70	0.891011
48	79	1.24506
48	81	0.862003
48	84	0.863529
48	96	0.893366
48	101	0.875367
48	107	0.863166
48	112	0.900022
48	113	1.94021
48	115	0.899844
48	162	0.864198
48	167	0.908233
48	168	1.72134
48	179	0.893198
49	21	1.33602
49	67	1.74836
49	85	0.878175
49	116	0.830379
49	141	0.876731
49	142	0.872664
49	148	0.875212
49	150	0.875937
49	153	0.895637
49	158	0.881306
49	159	1.69596
49	161	0.873294
49	163	0.878023
49	165	0.877795
49	166	0.884938
50	32	0.76266
50	129	2.21322
50	155	0.812191
50	160	0.832787
50	164	0.823094
50	168	0.78798
50	169	0.827266
50	170	0.807864
50	171	0.793506
50	172	0.814183
50	174	0.817848
50	176	0.784282
50	178	0.806414
50	179	0.837059
50	180	2.00152
51	6	1.74168
51	108	0.8676
51	114	1.47683
51	142	0.872802
51	143	0.90908
51	154	0.874881
51	156	0.882828
51	158	0.881445
51	161	0.873433
51	163	0.878162
51	165	0.877934
51	166	0.885077
51	175	0.80478
51	177	1.55566
51	180	0.895993
52	18	0.904662
52	100	0.885364
52	102	0.879382
52	104	0.870844
52	110	0.859192
52	129	0.856823
52	134	0.847992
52	138	0.880596
52	145	0.882049
52	146	1.79911
52	147	0.888635
52	152	0.854697
52	172	1.53399
52	174	1.59722
52	180	0.89085
53	83	2.13593
53	111	2.08996
53	133	0.767649
53	151	0.79085
53	155	0.813239
53	159	0.836927
53	164	0.824141
53	167	0.853142
53	168	0.789028
53	170	0.808911
53	171	0.794554
53	172	0.815231
53	174	0.818895
53	176	0.78533
53	178	0.807462
54	48	0.786609
54	56	0.797776
54	70	0.818532
54	81	0.789524
54	84	0.791051
54	96	0.820887
54	101	0.802888
54	107	0.790688
54	112	0.827543
54	115	0.827365
54	162	0.79172
54	167	0.835755
54	171	2.47804
54	178	2.30749
54	179	0.820719
55	88	0.902869
55	100	0.874193
55	104	0.859673
55	109	0.869733
55	120	0.887659
55	121	0.874458
55	134	0.836821
55	138	0.869425
55	140	0.898609
55	145	0.870877
55	147	0.877464
55	173	1.67176
55	174	1.63913
55	178	1.62098
55	180	0.879678
56	17	0.820291
56	54	0.797776
56	81	0.87317
56	82	0.870408
56	84	0.874697
56	107	0.874334
56	112	0.911189
56	115	0.911011
56	130	0.867783
56	155	1.25425
56	162	0.875366
56	167	0.919401
56	173	1.27848
56	175	2.40929
56	179	0.904365
57	14	2.63552
57	27	2.16448
57	116	0.752785
57	150	0.798343
57	153	0.818043
57	154	0.797148
57	161	0.795701
57	164	0.812479
57	165	0.800202
57	168	0.777366
57	169	0.816652
57	172	0.803569
57	174	0.807233
57	177	0.812143
57	178	0.7958
57	180	0.81826
58	83	0.858873
58	122	0.834683
58	137	0.869252
58	142	0.853694
58	143	0.889972
58	153	0.876667
58	154	0.855773
58	156	0.863719
58	157	1.9544
58	158	0.862337
58	160	1.57679
58	161	0.854325
58	163	0.859054
58	165	0.858826
58	166	0.865969
58	177	1.71039
59	70	0.943881
59	81	0.914873
59	82	0.912111
59	96	0.946236
59	101	0.928237
59	107	0.916036
59	108	0.909491
59	112	0.952892
59	113	1.5817
59	115	0.952714
59	116	1.62187
59	118	0.834446
59	123	1.32678
59	162	0.917068
59	167	0.961103
59	179	0.946068
60	29	0.817729
60	90	0.857922
60	92	0.848822
60	141	0.861134
60	143	0.893344
60	153	0.88004
60	154	0.859145
60	156	0.867092
60	158	0.865709
60	161	0.857697
60	163	0.862426
60	165	0.862198
60	166	0.869341
60	169	1.70526
60	178	1.91346
60	179	1.60729
61	102	1.13124
61	120	1.38929
61	134	1.84452
61	137	0.87707
61	156	0.871538
61	161	0.862143
61	164	0.878922
61	165	0.866644
61	166	0.873787
61	172	0.870012
61	173	0.860387
61	174	0.873676
61	175	0.793491
61	176	0.840111
61	177	0.878586
61	178	0.862243
62	12	1.366
62	26	1.97807
62	88	1.31798
62	144	0.840017
62	146	0.846883
62	159	0.891064
62	164	0.878277
62	168	0.843164
62	170	0.863048
62	171	0.84869
62	172	0.869367
62	173	0.859742
62	174	0.873032
62	176	0.839466
62	178	0.861598
62	179	0.892243
63	77	1.9875
63	102	0.856323
63	105	0.848142
63	110	0.836133
63	119	0.828517
63	120	0.875772
63	126	1.6301
63	129	0.833764
63	134	0.824934
63	138	0.857538
63	139	0.828876
63	140	0.886722
63	145	0.85899
63	147	0.865576
63	152	0.831638
63	157	1.92236
63	180	0.867791
64	12	1.60354
64	70	1.35268
64	146	0.832918
64	157	0.826937
64	160	0.874005
64	164	0.864312
64	166	1.84839
64	168	0.829199
64	169	0.868484
64	170	0.849082
64	171	0.834725
64	172	0.855402
64	173	0.845777
64	174	0.859066
64	176	0.825501
64	177	0.863976
64	179	0.878278
65	20	1.66208
65	85	0.843486
65	89	2.06629
65	111	0.838238
65	125	1.94362
65	142	0.837975
65	148	0.840523
65	150	0.841248
65	153	0.860948
65	154	0.840054
65	156	0.848
65	158	0.846618
65	161	0.838606
65	163	0.843335
65	165	0.843107
65	166	0.850249
65	175	0.769953
65	180	0.861166
66	31	0.779985
66	91	0.877263
66	92	0.828288
66	111	0.836796
66	135	1.95198
66	139	0.820809
66	141	0.8406
66	153	0.859506
66	154	0.838611
66	156	0.846558
66	158	0.845175
66	161	0.837163
66	163	0.841892
66	164	1.78336
66	165	0.841664
66	166	0.848807
66	171	2.08982
66	180	0.859723
67	38	0.876686
67	49	1.74836
67	124	1.51533
67	151	0.832395
67	156	1.55151
67	157	0.828311
67	159	0.878472
67	168	0.830572
67	169	0.869858
67	170	0.850456
67	171	0.836098
67	172	0.856775
67	173	0.847151
67	174	0.86044
67	176	0.826874
67	177	0.86535
67	178	0.849006
68	75	0.910118
68	77	1.72689
68	136	0.865393
68	141	0.897963
68	148	0.896444
68	150	0.897169
68	153	0.916869
68	154	0.895974
68	155	1.46072
68	156	0.903921
68	158	0.902539
68	160	1.28414
68	161	0.894527
68	163	0.899255
68	165	0.899028
68	166	0.90617
68	170	1.50743
68	180	0.917086
69	106	1.37674
69	112	0.974643
69	119	1.28675
69	125	0.907003
69	137	1.21056
69	155	0.897427
69	159	0.921115
69	160	0.918022
69	164	0.908329
69	168	0.873216
69	169	0.912502
69	170	0.893099
69	172	0.899419
69	173	0.889794
69	174	0.903083
69	176	0.869518
69	178	0.89165
69	179	0.922295
70	17	0.841047
70	48	0.891011
70	54	0.818532
70	59	0.943881
70	64	1.35268
70	81	0.893927
70	84	0.895453
70	101	0.90729
70	107	0.89509
70	112	0.931945
70	115	0.931767
70	130	0.888539
70	136	1.41208
70	159	0.859756
70	162	0.896122
70	167	0.940157
70	175	2.21623
70	179	0.925121
71	43	1.7495
71	88	1.63507
71	140	1.73179
71	150	0.836322
71	154	0.835127
71	158	0.841691
71	159	0.863244
71	161	0.83368
71	163	0.838408
71	165	0.83818
71	166	0.845323
71	169	0.85463
71	171	0.820871
71	172	0.841548
71	173	0.831923
71	174	0.845212
71	177	0.850122
71	178	0.833779
72	75	0.852475
72	124	0.858018
72	137	0.851811
72	139	0.82053
72	141	0.840321
72	144	2.06845
72	148	0.838801
72	150	0.839527
72	153	0.859227
72	158	0.844896
72	160	1.81638
72	161	0.836884
72	163	0.841613
72	165	0.841385
72	166	0.848528
72	175	0.768231
72	177	1.94998
72	180	0.859444
73	8	3.44904
73	80	0.890333
73	137	0.896575
73	143	0.917295
73	146	1.07016
73	148	0.883565
73	150	0.88429
73	153	0.90399
73	154	0.883096
73	156	0.891042
73	158	0.88966
73	161	0.881648
73	163	0.886377
73	164	0.714228
73	165	0.886149
73	166	0.893291
73	173	0.900897
73	175	0.812995
73	180	0.904208
74	31	1.99898
74	118	0.910945
74	149	0.906578
74	150	1.13334
74	155	0.882108
74	159	0.905796
74	160	0.902703
74	165	1.14517
74	168	0.857897
74	169	0.897183
74	170	0.87778
74	171	0.863423
74	172	0.8841
74	174	0.887764
74	176	0.854199
74	177	0.892674
74	178	0.876331
74	179	0.906976
74	180	1.00016
75	6	1.59901
75	7	1.4377
75	68	0.910118
75	72	0.852475
75	118	1.16349
75	122	0.861769
75	137	0.896338
75	141	0.884847
75	142	0.88078
75	153	0.903753
75	154	0.882858
75	156	0.890805
75	158	0.889423
75	161	0.881411
75	163	0.886139
75	165	0.885911
75	166	0.893054
75	176	1.77997
75	180	0.90397
76	92	0.816484
76	111	0.824992
76	124	0.846494
76	137	0.840287
76	141	0.828797
76	142	0.824729
76	148	0.827277
76	150	0.828002
76	153	0.847702
76	154	0.826808
76	156	0.834754
76	158	0.833372
76	161	0.82536
76	163	0.830089
76	164	2.14896
76	165	0.829861
76	166	0.837003
76	167	1.90465
76	169	2.07666
77	63	1.9875
77	68	1.72689
77	131	0.794537
77	132	0.853106
77	151	0.812784
77	155	0.835173
77	159	0.858861
77	160	0.855768
77	161	1.84327
77	168	0.810962
77	169	0.850247
77	170	0.830845
77	171	0.816488
77	172	0.837165
77	173	0.82754
77	174	0.840829
77	176	0.807263
77	177	0.845739
77	178	0.829396
78	28	0.748395
78	109	0.797552
78	129	0.773471
78	131	0.750179
78	138	0.797245
78	143	2.6549
78	145	0.798697
78	147	0.805283
78	155	0.790814
78	165	2.76225
78	169	0.805889
78	170	0.786487
78	173	0.783181
78	174	0.796471
78	175	0.716285
78	176	0.762905
78	177	0.80138
78	178	0.785037
78	180	0.807498
79	48	1.24506
79	85	1.58962
79	88	1.02365
79	135	0.875953
79	146	0.871805
79	149	0.916767
79	157	0.865824
79	160	0.912892
79	163	1.43376
79	164	0.903199
79	168	0.868086
79	170	0.887969
79	171	0.873612
79	172	0.894289
79	173	0.884664
79	174	0.897953
79	176	0.864388
79	177	0.902863
79	178	0.88652
80	73	0.890333
80	86	1.65272
80	122	0.854864
80	123	0.86072
80	141	0.877942
80	142	0.873874
80	143	0.910152
80	148	0.876422
80	150	0.877147
80	153	0.896848
80	154	0.875953
80	158	0.882517
80	161	0.874505
80	163	0.879234
80	165	0.879006
80	166	0.886149
80	170	1.68939
80	172	1.57105
80	173	1.66691
80	175	0.805852
81	17	0.812039
81	35	0.872797
81	48	0.862003
81	54	0.789524
81	56	0.87317
81	59	0.914873
81	70	0.893927
81	82	0.862156
81	96	0.896282
81	101	0.878282
81	107	0.866082
81	112	0.902937
81	115	0.902759
81	162	0.867114
81	167	0.911149
81	169	1.17768
81	173	1.43665
81	174	1.40401
81	175	2.56746
81	179	0.896113
82	4	0.936567
82	17	0.809277
82	35	0.870035
82	56	0.870408
82	59	0.912111
82	81	0.862156
82	84	0.863683
82	96	0.89352
82	99	1.21955
82	101	0.87552
82	107	0.86332
82	108	0.856774
82	112	0.900175
82	115	0.899997
82	130	0.856769
82	157	1.66964
82	162	0.864352
82	167	0.908387
82	175	2.62365
82	179	0.893351
83	21	1.08693
83	53	2.13593
83	58	0.858873
83	87	0.919381
83	92	0.861493
83	98	0.845842
83	139	0.854014
83	142	0.869737
83	148	0.872285
83	150	0.87301
83	153	0.892711
83	156	0.879763
83	158	0.87838
83	161	0.870368
83	163	0.875097
83	164	1.48587
83	165	0.874869
83	166	0.882012
83	172	1.57668
83	180	0.892928
84	13	1.71751
84	17	0.813565
84	24	0.89181
84	35	0.874324
84	48	0.863529
84	54	0.791051
84	56	0.874697
84	70	0.895453
84	82	0.863683
84	96	0.897808
84	101	0.879809
84	107	0.867608
84	112	0.904464
84	115	0.904286
84	159	1.47949
84	160	1.50435
84	162	0.868641
84	167	0.912676
84	170	1.72764
84	179	0.89764
85	9	0.931741
85	41	1.42625
85	49	0.878175
85	65	0.843486
85	79	1.58962
85	137	0.885627
85	142	0.87007
85	148	0.872618
85	152	1.83691
85	153	0.893043
85	154	0.872148
85	156	0.880095
85	158	0.878712
85	161	0.8707
85	163	0.875429
85	165	0.875201
85	166	0.882344
85	167	1.42324
85	175	0.802047
85	180	0.89326
86	40	1.78393
86	80	1.65272
86	113	0.835436
86	115	1.19687
86	132	0.896762
86	133	0.833239
86	140	1.37079
86	151	0.85644
86	155	0.878829
86	157	0.852356
86	160	0.899424
86	168	0.854618
86	169	0.893903
86	170	0.874501
86	171	0.860144
86	172	0.88082
86	173	0.871196
86	175	0.804299
86	176	0.850919
86	177	0.889395
86	178	0.873052
87	83	0.919381
87	91	0.954932
87	124	0.935966
87	132	1.13391
87	141	0.918269
87	142	0.914201
87	148	0.916749
87	150	0.917474
87	154	0.91628
87	156	0.924226
87	158	0.922844
87	161	0.914832
87	163	0.919561
87	165	0.919333
87	166	0.926476
87	168	1.65925
87	175	0.846179
87	176	1.74734
87	177	1.38036
87	179	1.09062
87	180	0.937392
88	25	0.942009
88	43	0.917422
88	55	0.902869
88	62	1.31798
88	71	1.63507
88	79	1.02365
88	94	0.897287
88	104	0.914125
88	110	0.902472
88	117	1.41705
88	119	0.894857
88	120	0.942111
88	121	0.92891
88	129	0.900103
88	134	0.891273
88	138	0.923877
88	140	0.953061
88	145	0.925329
88	147	0.931916
88	172	1.1924
88	180	0.93413
89	65	2.06629
89	118	0.897501
89	126	0.845835
89	144	0.841306
89	146	0.848172
89	151	0.846275
89	154	1.29069
89	158	1.29628
89	159	0.892352
89	164	0.879566
89	166	1.2185
89	168	0.844453
89	169	0.883738
89	170	0.864336
89	171	0.849979
89	173	0.861031
89	174	0.87432
89	176	0.840755
89	177	0.87923
89	178	0.862887
89	179	0.893532
90	16	1.88873
90	45	1.44616
90	60	0.857922
90	111	0.865677
90	132	1.47367
90	136	0.83691
90	137	0.880971
90	139	0.849689
90	142	0.865413
90	148	0.867961
90	150	0.868686
90	152	1.77001
90	153	0.888386
90	156	0.875438
90	158	0.874056
90	161	0.866044
90	163	0.870773
90	165	0.870545
90	166	0.877688
90	175	0.797391
90	180	0.888604
91	10	1.57169
91	38	1.18938
91	66	0.877263
91	87	0.954932
91	106	0.901574
91	116	0.863004
91	122	0.886278
91	124	0.927054
91	137	0.920847
91	148	0.907837
91	150	0.908562
91	152	1.45669
91	153	0.928262
91	158	0.913932
91	161	0.90592
91	162	1.37769
91	163	0.910649
91	165	0.910421
91	166	0.917563
91	175	0.837267
91	178	1.42323
91	180	0.92848
92	60	0.848822
92	66	0.828288
92	76	0.816484
92	83	0.861493
92	137	0.871871
92	141	0.860381
92	143	0.892591
92	148	0.858861
92	150	0.859586
92	153	0.879286
92	154	0.858392
92	155	1.8021
92	156	0.866338
92	158	0.864956
92	161	0.856944
92	163	0.861673
92	165	0.861445
92	166	0.868588
92	173	1.82633
92	174	1.79369
92	175	0.788291
92	177	1.75912
93	15	1.50803
93	19	0.878416
93	109	0.855546
93	115	1.24292
93	120	0.873472
93	129	0.831464
93	140	0.884422
93	145	0.85669
93	147	0.863276
93	152	0.829338
93	158	1.69078
93	159	0.872496
93	160	0.869403
93	163	1.73023
93	169	0.863882
93	170	0.84448
93	173	0.841175
93	174	0.854464
93	176	0.820898
93	177	0.859374
93	178	0.84303
93	180	0.865491
94	5	0.822108
94	14	0.818057
94	19	0.887022
94	28	0.814994
94	44	1.36272
94	88	0.897287
94	100	0.868611
94	102	0.862629
94	105	0.854447
94	109	0.864151
94	110	0.842439
94	119	0.834823
94	134	0.831239
94	138	0.863843
94	139	0.835182
94	140	0.893028
94	145	0.865296
94	147	0.871882
94	164	1.40213
94	174	1.55617
94	175	2.71961
94	180	0.874097
95	103	0.759849
95	105	1.97491
95	127	0.835485
95	133	0.783701
95	135	0.812946
95	150	1.95867
95	151	0.806901
95	157	0.802818
95	160	0.849886
95	161	1.93992
95	164	0.840192
95	167	0.869194
95	170	0.824962
95	171	0.810605
95	172	0.831282
95	173	0.821657
95	174	0.834947
95	175	0.754761
95	176	0.801381
95	177	0.839856
95	178	0.823513
96	24	0.921646
96	35	0.904161
96	48	0.893366
96	54	0.820887
96	59	0.946236
96	81	0.896282
96	82	0.89352
96	84	0.897808
96	101	0.909645
96	103	2.17234
96	107	0.897445
96	108	0.8909
96	112	0.934301
96	115	0.934123
96	127	1.29988
96	130	0.890894
96	152	1.40131
96	159	1.19297
96	160	1.21783
96	162	0.898477
96	167	0.942512
96	179	0.927477
97	112	1.41694
97	135	0.832936
97	144	0.821921
97	146	0.828788
97	149	0.873749
97	151	0.826891
97	154	1.64163
97	155	0.84928
97	159	0.872968
97	160	0.869875
97	161	1.58963
97	163	1.68667
97	164	0.860182
97	168	0.825069
97	169	0.864354
97	170	0.844952
97	171	0.830595
97	172	0.851271
97	174	0.854936
97	176	0.82137
97	177	0.859846
97	178	0.843502
97	179	0.874147
98	83	0.845842
98	100	0.858368
98	104	0.843848
98	105	0.844204
98	121	0.858633
98	134	0.820996
98	138	0.8536
98	140	0.882785
98	145	0.855053
98	146	1.9773
98	147	0.861639
98	148	0.843211
98	153	0.863636
98	154	0.842741
98	158	0.849305
98	163	0.846022
98	165	0.845794
98	166	0.852937
98	168	2.01972
98	172	1.71218
98	175	0.772641
98	178	1.75726
98	180	0.863853
99	82	1.21955
99	131	0.861385
99	138	1.22575
99	144	0.874663
99	146	0.881529
99	152	0.882552
99	155	0.902021
99	157	0.875548
99	159	0.925709
99	160	0.922616
99	164	0.912923
99	165	1.3586
99	166	1.30784
99	168	0.87781
99	169	0.917095
99	171	0.883336
99	172	0.904013
99	173	0.894388
99	174	0.907677
99	176	0.874112
99	177	0.912587
99	178	0.896244
99	180	1.21359
100	1	1.26565
100	37	2.46078
100	43	0.888746
100	52	0.885364
100	55	0.874193
100	94	0.868611
100	98	0.858368
100	102	0.893986
100	104	0.885449
100	105	0.885805
100	109	0.895509
100	110	0.873797
100	114	1.35266
100	119	0.866181
100	127	1.37994
100	129	0.871427
100	134	0.862597
100	138	0.895201
100	139	0.86654
100	140	0.924385
100	145	0.896653
100	147	0.90324
100	179	1.14175
100	180	0.905454
101	11	1.62975
101	17	0.825402
101	24	0.903647
101	35	0.886161
101	47	0.828451
101	48	0.875367
101	54	0.802888
101	59	0.928237
101	70	0.90729
101	81	0.878282
101	82	0.87552
101	84	0.879809
101	96	0.909645
101	103	2.16088
101	107	0.879446
101	112	0.916301
101	115	0.916123
101	130	0.872894
101	149	1.25704
101	155	1.38294
101	162	0.880478
101	167	0.924513
101	177	1.33996
101	179	0.909477
102	18	0.913284
102	40	0.891036
102	43	0.882763
102	52	0.879382
102	61	1.13124
102	63	0.856323
102	94	0.862629
102	100	0.893986
102	104	0.879466
102	117	1.42547
102	119	0.860198
102	120	0.907453
102	121	0.894252
102	129	0.865445
102	131	1.69214
102	134	0.856614
102	138	0.889219
102	140	0.918403
102	145	0.890671
102	147	0.897257
102	152	0.863319
102	164	1.11
102	175	2.42748
102	180	0.899472
103	44	0.832662
103	95	0.759849
103	96	2.17234
103	101	2.16088
103	127	0.814327
103	148	2.43308
103	149	0.832601
103	151	0.785743
103	152	0.788662
103	155	0.808132
103	159	0.83182
103	160	0.828727
103	167	0.848035
103	169	0.823206
103	170	0.803804
103	171	0.789447
103	172	0.810123
103	173	0.800499
103	174	0.813788
103	175	0.733602
103	176	0.780222
103	177	0.818698
103	178	0.802355
104	33	0.8845
104	40	0.882498
104	44	1.12755
104	52	0.870844
104	55	0.859673
104	88	0.914125
104	98	0.843848
104	100	0.885449
104	102	0.879466
104	105	0.871285
104	110	0.859276
104	121	0.885714
104	129	0.856907
104	131	1.7491
104	134	0.848077
104	138	0.880681
104	139	0.85202
104	140	0.909865
104	145	0.882133
104	146	1.52289
104	147	0.88872
104	149	1.20349
104	152	0.854781
104	175	2.48444
104	180	0.890934
105	4	1.08004
105	25	0.899169
105	27	0.907895
105	33	0.884856
105	63	0.848142
105	94	0.854447
105	95	1.97491
105	98	0.844204
105	100	0.885805
105	104	0.871285
105	119	0.852017
105	120	0.899271
105	121	0.88607
105	129	0.857263
105	134	0.848433
105	136	1.96297
105	138	0.881037
105	139	0.852376
105	140	0.910221
105	145	0.882489
105	147	0.889076
105	149	1.48618
105	152	0.855137
105	160	1.4355
105	180	0.89129
106	33	0.8776
106	41	0.882756
106	69	1.37674
106	91	0.901574
106	109	0.874089
106	110	0.852376
106	121	0.878814
106	130	1.41515
106	140	0.902965
106	143	0.897121
106	145	0.875233
106	146	2
106	147	0.88182
106	150	0.864116
106	152	0.847881
106	153	0.883816
106	154	0.862922
106	156	0.870868
106	161	0.861474
106	163	0.866203
106	165	0.865975
106	166	0.873118
106	174	1.79811
106	179	1.4738
106	180	0.884034
107	17	0.813202
107	24	0.891447
107	35	0.873961
107	48	0.863166
107	54	0.790688
107	56	0.874334
107	59	0.916036
107	70	0.89509
107	81	0.866082
107	82	0.86332
107	84	0.867608
107	96	0.897445
107	101	0.879446
107	108	0.8607
107	112	0.904101
107	115	0.903923
107	130	0.860694
107	132	1.34739
107	136	1.98771
107	155	1.63683
107	162	0.868277
107	164	1.47438
107	167	0.912312
107	171	1.78083
107	179	0.897277
108	51	0.8676
108	59	0.909491
108	82	0.856774
108	96	0.8909
108	107	0.8607
108	112	0.897555
108	115	0.897377
108	117	1.82564
108	122	0.840345
108	130	0.854148
108	143	0.895634
108	151	1.79311
108	154	0.861435
108	156	0.869381
108	159	1.47118
108	160	1.49604
108	161	0.859987
108	162	0.861732
108	163	0.864716
108	165	0.864488
108	166	0.87163
108	167	0.905767
108	177	1.62964
108	179	0.890731
108	180	0.882547
109	14	0.844954
109	27	0.917599
109	28	0.841892
109	40	0.892558
109	55	0.869733
109	78	0.797552
109	93	0.855546
109	94	0.864151
109	100	0.895509
109	106	0.874089
109	116	2.06488
109	119	0.861721
109	121	0.895774
109	129	0.866967
109	134	0.858137
109	138	0.890741
109	139	0.86208
109	140	0.919925
109	144	1.64543
109	145	0.892193
109	147	0.89878
109	159	1.3685
109	170	1.61665
109	177	1.52696
109	180	0.900994
110	19	0.892207
110	25	0.887161
110	33	0.872848
110	40	0.870846
110	45	1.13529
110	52	0.859192
110	63	0.836133
110	88	0.902472
110	94	0.842439
110	100	0.873797
110	104	0.859276
110	106	0.852376
110	120	0.887263
110	121	0.874062
110	129	0.845255
110	134	0.836424
110	139	0.840367
110	140	0.898213
110	145	0.870481
110	147	0.877067
110	152	0.843129
110	157	1.65326
110	169	1.21749
110	175	2.60727
110	176	1.77623
110	180	0.879282
111	53	2.08996
111	65	0.838238
111	66	0.836796
111	76	0.824992
111	90	0.865677
111	122	0.845811
111	124	0.886586
111	128	1.49896
111	137	0.880379
111	139	0.849098
111	142	0.864821
111	143	0.901099
111	148	0.867369
111	150	0.868094
111	153	0.887795
111	154	0.8669
111	156	0.874847
111	158	0.873464
111	161	0.865452
111	163	0.870181
111	165	0.869953
111	166	0.877096
111	167	1.19558
111	168	1.83825
111	171	1.74635
111	180	0.888012
112	17	0.850058
112	24	0.928302
112	35	0.910816
112	48	0.900022
112	54	0.827543
112	56	0.911189
112	59	0.952892
112	69	0.974643
112	70	0.931945
112	81	0.902937
112	82	0.900175
112	84	0.904464
112	96	0.934301
112	97	1.41694
112	101	0.916301
112	107	0.904101
112	108	0.897555
112	115	0.940778
112	130	0.897549
112	131	1.82411
112	146	1.5979
112	162	0.905133
112	167	0.949168
112	169	1.16967
112	174	1.396
112	179	0.934132
113	48	1.94021
113	59	1.5817
113	86	0.835436
113	117	0.826543
113	133	0.788591
113	135	0.817836
113	144	0.806822
113	146	0.813688
113	153	1.96306
113	155	0.83418
113	157	0.807708
113	159	0.857869
113	160	0.854776
113	161	2.03187
113	162	0.830049
113	164	0.845083
113	168	0.809969
113	169	0.849255
113	170	0.829853
113	171	0.815495
113	172	0.836172
113	173	0.826547
113	174	0.839837
113	176	0.806271
113	177	0.844747
113	178	0.828403
114	51	1.47683
114	100	1.35266
114	125	0.878754
114	129	1.55256
114	132	0.887111
114	133	0.823588
114	137	1.51852
114	151	0.846789
114	155	0.869178
114	157	0.842705
114	159	0.892866
114	160	0.889773
114	162	0.865046
114	164	0.88008
114	165	1.48586
114	168	0.844967
114	169	0.884252
114	170	0.86485
114	171	0.850493
114	172	0.87117
114	173	0.861545
114	174	0.874834
114	176	0.841269
114	177	0.879744
114	178	0.863401
114	179	0.894046
115	24	0.928124
115	35	0.910638
115	47	0.852928
115	48	0.899844
115	54	0.827365
115	56	0.911011
115	59	0.952714
115	70	0.931767
115	81	0.902759
115	82	0.899997
115	84	0.904286
115	86	1.19687
115	93	1.24292
115	96	0.934123
115	101	0.916123
115	107	0.903923
115	108	0.897377
115	112	0.940778
115	130	0.897371
115	136	1.53771
115	149	1.06093
115	160	1.01025
115	162	0.904955
115	167	0.94899
115	175	2.34187
115	179	0.933954
116	49	0.830379
116	57	0.752785
116	59	1.62187
116	91	0.863004
116	109	2.06488
116	121	1.87163
116	143	0.858551
116	145	1.95129
116	154	0.824352
116	158	0.830916
116	159	0.852469
116	161	0.822904
116	163	0.827633
116	164	0.839683
116	165	0.827405
116	166	0.834548
116	168	0.80457
116	169	0.843855
116	170	0.824453
116	171	0.810096
116	173	0.821148
116	174	0.834437
116	176	0.800871
116	177	0.839347
116	178	0.823004
116	180	0.845464
117	3	0.767259
117	88	1.41705
117	102	1.42547
117	108	1.82564
117	113	0.826543
117	127	0.87613
117	133	0.824345
117	138	1.62784
117	140	1.51377
117	146	0.849443
117	149	0.894404
117	155	0.869935
117	159	0.893623
117	160	0.89053
117	164	0.880837
117	168	0.845724
117	169	0.885009
117	170	0.865607
117	171	0.85125
117	172	0.871927
117	173	0.862302
117	174	0.875591
117	175	0.795405
117	176	0.842025
117	177	0.880501
117	178	0.864158
117	179	0.894803
118	19	1.32423
118	59	0.834446
118	74	0.910945
118	75	1.16349
118	89	0.897501
118	119	1.42404
118	120	1.23802
118	126	0.883581
118	134	1.69325
118	149	0.93088
118	151	0.884021
118	155	0.90641
118	157	0.879937
118	159	0.930098
118	160	0.927005
118	164	0.917312
118	168	0.882199
118	169	0.921484
118	170	0.902082
118	171	0.887725
118	172	0.908402
118	173	0.898777
118	174	0.912066
118	175	0.83188
118	176	0.878501
118	177	0.916976
118	178	0.900633
119	25	0.879545
119	27	0.88827
119	28	0.812564
119	32	1.99514
119	39	0.863373
119	43	0.854958
119	63	0.828517
119	69	1.28675
119	88	0.894857
119	94	0.834823
119	100	0.866181
119	102	0.860198
119	105	0.852017
119	109	0.861721
119	118	1.42404
119	120	0.879647
119	121	0.866446
119	123	1.91638
119	129	0.837639
119	134	0.828809
119	138	0.861413
119	140	0.890597
119	145	0.862865
119	147	0.869451
119	152	0.835513
119	170	1.76323
119	180	0.871666
120	14	0.862881
120	19	0.931845
120	25	0.926799
120	39	0.910627
120	40	0.910484
120	43	0.902212
120	55	0.887659
120	61	1.38929
120	63	0.875772
120	88	0.942111
120	93	0.873472
120	102	0.907453
120	105	0.899271
120	110	0.887263
120	118	1.23802
120	119	0.879647
120	121	0.9137
120	129	0.884894
120	134	0.876063
120	145	0.91012
120	147	0.916706
120	152	0.882768
120	157	1.73152
120	160	1.35392
120	168	1.76641
120	179	1.19778
120	180	0.91892
121	19	0.918644
121	27	0.922324
121	33	0.899285
121	39	0.897426
121	40	0.897283
121	55	0.874458
121	88	0.92891
121	98	0.858633
121	102	0.894252
121	104	0.885714
121	105	0.88607
121	106	0.878814
121	109	0.895774
121	110	0.874062
121	116	1.87163
121	119	0.866446
121	120	0.9137
121	129	0.871693
121	134	0.862862
121	138	0.895466
121	144	1.45218
121	147	0.903505
121	152	0.869567
121	155	1.37668
121	174	1.36828
121	176	1.70069
121	178	1.35014
121	180	0.905719
122	7	1.88864
122	58	0.834683
122	75	0.861769
122	80	0.854864
122	91	0.886278
122	108	0.840345
122	111	0.845811
122	124	0.867312
122	137	0.861105
122	141	0.849615
122	142	0.845547
122	143	0.881825
122	148	0.848095
122	150	0.84882
122	153	0.86852
122	154	0.847626
122	156	0.855573
122	158	0.85419
122	161	0.846178
122	162	1.83482
122	163	0.850907
122	164	1.74446
122	165	0.850679
122	166	0.857822
122	173	1.93113
122	175	0.777525
122	179	1.57419
122	180	0.868738
123	43	1.57831
123	59	1.32678
123	80	0.86072
123	119	1.91638
123	136	0.8229
123	145	1.6562
123	147	1.63244
123	148	0.853951
123	151	0.835522
123	156	0.861428
123	157	0.831438
123	158	0.860046
123	159	0.881599
123	160	0.878506
123	161	0.852034
123	163	0.856763
123	164	0.868813
123	165	0.856535
123	166	0.863678
123	169	0.872985
123	171	0.839225
123	172	0.859902
123	173	0.850278
123	174	0.863567
123	175	0.783381
123	176	0.830001
123	178	0.852133
123	180	0.874594
124	41	1.26061
124	46	0.904414
124	67	1.51533
124	72	0.858018
124	76	0.846494
124	87	0.935966
124	91	0.927054
124	111	0.886586
124	122	0.867312
124	137	0.901881
124	141	0.89039
124	143	0.922601
124	148	0.888871
124	150	0.889596
124	153	0.909296
124	154	0.888402
124	156	0.896348
124	158	0.894966
124	159	1.46292
124	161	0.886954
124	162	1.59227
124	163	0.891683
124	165	0.891455
124	166	0.898597
124	169	1.42961
124	170	1.71107
124	175	0.818301
124	180	0.909514
125	65	1.94362
125	69	0.907003
125	114	0.878754
125	131	0.846513
125	139	1.51781
125	143	1.03924
125	144	0.85979
125	148	1.19406
125	149	0.911618
125	150	1.13476
125	155	0.887149
125	157	0.860676
125	158	1.17361
125	159	0.910837
125	160	0.907744
125	162	0.883017
125	164	0.898051
125	167	0.927052
125	168	0.862937
125	169	0.902223
125	170	0.882821
125	171	0.868464
125	172	0.88914
125	173	0.879516
125	174	0.892805
125	175	0.812619
125	176	0.859239
125	177	0.897715
125	178	0.881371
126	11	0.825319
126	29	2.16491
126	35	1.4328
126	63	1.6301
126	89	0.845835
126	118	0.883581
126	127	0.860939
126	130	0.843029
126	133	0.809154
126	146	0.834252
126	151	0.832355
126	156	1.60931
126	157	0.828271
126	160	0.875339
126	162	0.850612
126	163	1.5829
126	164	0.865646
126	168	0.830533
126	169	0.869818
126	170	0.850416
126	171	0.836059
126	172	0.856736
126	173	0.847111
126	174	0.8604
126	175	0.780215
126	176	0.826835
126	177	0.86531
126	178	0.848967
126	179	0.879612
127	43	1.28393
127	95	0.835485
127	96	1.29988
127	100	1.37994
127	103	0.814327
127	117	0.87613
127	126	0.860939
127	146	0.863276
127	149	0.908237
127	150	1.50131
127	151	0.861379
127	152	0.864298
127	155	0.883768
127	157	0.857295
127	158	1.54016
127	159	0.907456
127	160	0.904363
127	162	0.879636
127	163	1.57962
127	168	0.859557
127	169	0.898842
127	170	0.87944
127	171	0.865083
127	172	0.885759
127	173	0.876135
127	174	0.889424
127	176	0.855858
127	177	0.894334
127	178	0.877991
127	179	0.908635
128	24	0.944276
128	111	1.49896
128	132	0.899612
128	133	0.836088
128	135	0.865334
128	144	0.85432
128	146	0.861186
128	149	0.906148
128	151	0.859289
128	153	1.4049
128	156	1.59716
128	157	0.855206
128	158	1.5313
128	159	0.905366
128	160	0.902273
128	162	0.877547
128	164	0.89258
128	166	1.45352
128	167	0.921582
128	168	0.857467
128	169	0.896753
128	170	0.87735
128	171	0.862993
128	172	0.88367
128	173	0.874045
128	174	0.887335
128	175	0.807149
128	176	0.853769
128	177	0.892244
128	178	0.875901
129	4	1.14232
129	18	0.890725
129	19	0.889838
129	39	0.86862
129	40	0.868477
129	41	0.875634
129	50	2.21322
129	52	0.856823
129	63	0.833764
129	78	0.773471
129	88	0.900103
129	93	0.831464
129	100	0.871427
129	102	0.865445
129	104	0.856907
129	105	0.857263
129	109	0.866967
129	110	0.845255
129	114	1.55256
129	119	0.837639
129	120	0.884894
129	121	0.871693
129	134	0.834055
129	138	0.86666
129	139	0.837998
129	140	0.895844
129	145	0.868112
129	146	1.86785
129	147	0.874698
129	172	1.60273
129	178	1.64782
129	180	0.876913
130	24	0.884895
130	28	1.92567
130	56	0.867783
130	70	0.888539
130	82	0.856769
130	96	0.890894
130	101	0.872894
130	106	1.41515
130	107	0.860694
130	108	0.854148
130	112	0.897549
130	115	0.897371
130	126	0.843029
130	131	0.825222
130	134	1.59437
130	142	1.33112
130	146	0.845366
130	155	0.865858
130	160	0.886453
130	161	1.18573
130	162	0.861726
130	163	1.28278
130	167	0.905761
130	168	0.841647
130	169	0.880932
130	170	0.86153
130	172	0.867849
130	173	0.858225
130	176	0.837948
130	178	0.86008
130	179	0.890725
131	77	0.794537
131	78	0.750179
131	99	0.861385
131	102	1.69214
131	104	1.7491
131	112	1.82411
131	125	0.846513
131	130	0.825222
131	144	0.809579
131	146	0.816445
131	149	0.861407
131	151	0.814548
131	155	0.836937
131	157	0.810464
131	158	2.05439
131	159	0.860625
131	160	0.857532
131	161	1.99679
131	164	0.847839
131	167	0.87684
131	168	0.812726
131	169	0.852011
131	170	0.832609
131	171	0.818252
131	172	0.838929
131	173	0.829304
131	174	0.842593
131	175	0.762408
131	176	0.809028
131	177	0.847503
131	178	0.83116
131	179	0.861805
132	40	1.48445
132	77	0.853106
132	86	0.896762
132	87	1.13391
132	90	1.47367
132	107	1.34739
132	114	0.887111
132	128	0.899612
132	141	1.44384
132	144	0.868148
132	146	0.875014
132	151	0.873117
132	152	0.876037
132	157	0.869034
132	159	0.919194
132	160	0.916102
132	162	0.891375
132	164	0.906408
132	165	1.31823
132	166	1.26747
132	167	0.93541
132	168	0.871295
132	169	0.910581
132	170	0.891178
132	171	0.876821
132	172	0.897498
132	173	0.887873
132	174	0.901163
132	175	0.820977
132	176	0.867597
132	177	0.906072
132	178	0.889729
132	179	0.920374
133	26	2.18989
133	53	0.767649
133	86	0.833239
133	95	0.783701
133	113	0.788591
133	114	0.823588
133	117	0.824345
133	126	0.809154
133	128	0.836088
133	135	0.815639
133	137	1.90609
133	138	1.74058
133	146	0.811491
133	149	0.856453
133	153	1.77405
133	155	0.831983
133	157	0.80551
133	159	0.855671
133	162	0.827851
133	164	0.842885
133	167	0.871886
133	168	0.807772
133	169	0.847057
133	170	0.827655
133	171	0.813298
133	172	0.833975
133	173	0.82435
133	174	0.837639
133	176	0.804074
133	177	0.842549
133	178	0.826206
133	179	0.856851
133	180	1.72843
134	5	0.816094
134	14	0.812042
134	18	0.881894
134	27	0.884687
134	28	0.80898
134	33	0.861648
134	52	0.847992
134	55	0.836821
134	61	1.84452
134	63	0.824934
134	88	0.891273
134	94	0.831239
134	98	0.820996
134	100	0.862597
134	102	0.856614
134	104	0.848077
134	105	0.848433
134	109	0.858137
