1	44	0.97
1	56	0.950441
1	89	0.779827
1	107	0.954052
1	111	0.961113
1	121	0.942241
1	122	0.973392
1	136	0.969788
1	138	0.972158
1	150	0.974358
1	162	2.55405
1	178	0.958061
2	16	1.02364
2	25	0.988278
2	41	0.979075
2	43	0.97619
2	49	0.947707
2	65	0.914581
2	66	1.00139
2	83	0.937995
2	129	0.930941
2	132	1.13225
2	143	2.18284
2	158	0.93774
3	73	1.02677
3	97	1.09326
3	98	1.09681
3	110	1.06126
3	117	1.11919
3	126	1.11431
3	134	1.03792
3	139	0.922423
3	149	0.91674
3	171	2.03948
3	174	0.989206
3	178	1.06361
4	54	0.965957
4	60	0.890313
4	70	0.946845
4	85	0.97806
4	92	0.953255
4	100	0.98839
4	101	0.967327
4	116	1.00322
4	152	1.30202
4	158	0.969625
4	161	2.03608
4	173	0.958007
5	97	0.69515
5	105	0.0383993
5	126	0.0591355
5	151	1.14986
5	160	1.05439
5	162	1.05979
5	163	1.06361
5	172	1.06745
5	175	1.07639
5	177	1.05191
5	179	1.02409
5	180	1.04052
6	82	1.06478
6	84	1.06374
6	94	1.09113
6	95	1.09823
6	102	1.06078
6	120	1.09413
6	133	1.07692
6	156	1.17117
6	166	1.02694
6	172	1.65955
6	173	1.05587
6	174	0.995164
7	88	1.09026
7	103	1.08223
7	106	1.08183
7	127	1.07559
7	133	1.09023
7	141	0.837789
7	146	0.722722
7	163	0.988271
7	173	1.06919
7	174	1.00848
7	178	1.08288
7	179	2.95278
8	44	1.07359
8	75	0.935652
8	108	1.06353
8	112	1.05549
8	122	1.07698
8	124	1.06714
8	128	1.0637
8	136	1.07338
8	138	1.07575
8	141	1.17995
8	166	1.58955
8	178	1.06165
9	33	0.878671
9	38	1.12085
9	86	1.09462
9	93	1.24358
9	115	1.07569
9	134	1.05836
9	150	1.10034
9	153	1.53109
9	159	0.988942
9	163	0.989436
9	173	1.07035
9	178	1.08405
10	61	0.96942
10	86	0.988743
10	97	1.00782
10	110	0.975816
10	115	0.969812
10	119	1.11003
10	134	0.952482
10	150	0.994468
10	157	0.85556
10	170	2.29938
10	174	0.903767
10	178	0.978171
11	67	0.94859
11	73	0.924963
11	84	0.955977
11	110	0.959448
11	124	0.967293
11	127	0.954511
11	133	0.969152
11	136	0.97353
11	138	0.9759
11	147	0.73105
11	148	2.60693
11	178	0.961802
12	33	0.69824
12	61	1.074
12	105	1.09065
12	110	1.0804
12	117	1.13833
12	134	1.05706
12	139	1.32739
12	159	0.987645
12	161	1.00043
12	166	1.71403
12	173	1.06906
12	178	1.08275
13	93	1.39841
13	107	0.972604
13	108	0.978489
13	111	0.979665
13	121	0.960793
13	122	0.991944
13	136	0.98834
13	138	0.99071
13	161	0.894297
13	167	0.863557
13	169	1.86839
13	178	0.976613
14	79	1.78332
14	91	0.830553
14	137	0.837046
14	142	0.973595
14	144	0.987304
14	152	0.896541
14	156	0.888458
14	161	0.845838
14	164	0.879349
14	171	0.853456
14	176	0.789746
14	180	0.810455
15	57	0.970111
15	58	0.980241
15	70	0.956786
15	100	0.998331
15	101	0.977268
15	116	1.01316
15	158	0.979566
15	159	0.886536
15	167	0.868585
15	168	1.43908
15	172	1.93581
15	173	0.967947
16	2	1.02364
16	25	1.1352
16	39	1.10783
16	55	1.05367
16	63	1.06478
16	79	1.11264
16	83	1.08492
16	114	0.982883
16	146	1.76645
16	151	1.11075
16	157	0.964125
16	158	1.08466
17	82	0.63925
17	96	0.635762
17	152	1.00978
17	154	0.999687
17	165	0.993878
17	168	0.987
17	170	0.956694
17	172	0.95062
17	175	0.959563
17	176	0.90298
17	179	0.907263
17	180	0.923689
18	56	0.961701
18	75	1.45664
18	80	0.985211
18	107	0.965312
18	108	0.971197
18	112	0.963156
18	121	0.953501
18	136	0.981048
18	138	0.983418
18	152	1.83039
18	158	0.967245
18	161	0.887005
19	97	1.00548
19	105	0.983728
19	115	0.967471
19	117	1.03141
19	126	1.02653
19	134	0.95014
19	146	1.92658
19	156	1.53717
19	157	0.853219
19	163	0.881219
19	174	0.901426
19	178	0.975829
20	71	0.947887
20	73	0.935873
20	86	0.983285
20	105	0.980612
20	117	1.02829
20	118	1.64213
20	126	1.02342
20	134	0.947024
20	142	1.52329
20	161	0.890398
20	173	0.959019
20	174	0.898309
21	62	0.943002
21	107	0.95234
21	108	0.958225
21	111	0.959401
21	121	0.940529
21	124	0.961839
21	132	1.61083
21	136	0.968076
21	138	0.970446
21	147	1.84695
21	158	0.954274
21	167	0.843293
21	178	0.956349
22	36	1.69583
22	54	1.04583
22	77	1.08736
22	85	1.05794
22	100	1.06827
22	101	1.0472
22	116	1.08309
22	119	1.0685
22	144	0.933008
22	159	0.956471
22	167	0.93852
22	169	1.45446
22	173	1.03788
23	64	1.14329
23	67	0.472247
23	98	0.617481
23	144	1.15584
23	148	1.00224
23	155	1.09412
23	164	1.04789
23	166	1.05225
23	176	0.958285
23	177	0.990385
23	178	0.177316
23	179	0.962567
23	180	0.978993
24	109	1.05599
24	134	1.01653
24	140	0.989265
24	155	1.01087
24	165	0.96594
24	168	0.959063
24	170	0.928757
24	175	0.931625
24	176	0.875043
24	177	0.907143
24	178	0.640595
24	179	0.879325
24	180	0.895751
25	2	0.988278
25	16	1.1352
25	43	1.08775
25	49	1.05927
25	55	1.01831
25	63	1.02942
25	79	1.07728
25	83	1.04956
25	104	2.44264
25	131	0.880265
25	139	0.7113
25	157	0.928765
25	158	1.0493
26	71	1.01781
26	99	1.13846
26	102	0.477688
26	115	0.239276
26	156	1.07805
26	160	1.01391
26	165	1.07023
26	169	1.0716
26	171	1.04305
26	176	0.979336
26	177	1.01144
26	179	0.983619
26	180	1.00004
27	32	0.996395
27	42	0.959157
27	108	0.937939
27	111	0.939115
27	112	0.929898
27	122	0.951394
27	124	0.941553
27	129	0.927189
27	136	0.94779
27	150	0.95236
27	155	1.37252
27	170	2.22111
27	178	0.936063
28	63	1.05266
28	105	0.0285939
28	117	0.138685
28	137	1.04569
28	164	1.088
28	170	1.05211
28	172	1.04603
28	174	1.0624
28	175	1.05498
28	176	0.998394
28	177	1.03049
28	179	1.00268
28	180	1.0191
29	51	1.59215
29	57	1.03825
29	70	1.02493
29	77	1.08557
29	89	0.937573
29	92	1.03134
29	100	1.06647
29	101	1.04541
29	114	1.39351
29	116	1.0813
29	158	1.04771
29	167	0.936727
29	173	1.03609
30	69	0.941758
30	71	0.937826
30	86	0.973224
30	105	0.970551
30	115	0.954294
30	126	1.01335
30	134	0.936963
30	154	1.7987
30	159	0.867547
30	168	1.76127
30	173	0.948958
30	174	0.888248
30	178	0.962652
31	57	1.02965
31	68	1.10473
31	74	1.5363
31	77	1.07696
31	92	1.02273
31	100	1.05787
31	101	1.0368
31	116	1.07269
31	142	0.655255
31	158	1.0391
31	167	0.92812
31	173	1.02748
31	177	2.18489
32	27	0.996395
32	56	1.05563
32	72	0.54149
32	107	1.05924
32	122	1.07858
32	124	1.06874
32	131	1.12434
32	138	1.07734
32	158	1.06117
32	161	0.98093
32	167	0.950189
32	177	2.47911
32	178	1.06324
33	9	0.878671
33	12	0.69824
33	98	0.637379
33	154	1.08266
33	164	1.07556
33	166	1.07992
33	168	1.06997
33	170	1.03967
33	175	1.04254
33	176	0.985952
33	177	1.01805
33	179	0.990235
33	180	1.00666
34	105	2.25322
34	137	0.840607
34	141	0.958021
34	143	0.873684
34	148	0.837266
34	151	0.923359
34	155	0.929138
34	165	0.884205
34	168	0.877327
34	175	0.84989
34	176	0.793307
34	177	0.825408
34	179	0.79759
34	180	0.814016
35	67	0.92639
35	76	0.905639
35	82	0.934818
35	95	0.968269
35	96	0.965687
35	106	0.938549
35	120	0.964168
35	127	0.932311
35	129	1.82926
35	133	0.946952
35	166	1.96182
35	173	0.925909
35	174	0.865199
35	178	0.939602
36	22	1.69583
36	42	0.420595
36	50	0.915199
36	131	0.992168
36	146	0.96201
36	155	0.999145
36	164	0.952917
36	166	0.957284
36	168	0.947334
36	170	0.917028
36	171	0.927024
36	176	0.863314
36	179	0.867597
36	180	0.884023
37	38	0.287167
37	83	0.267788
37	103	0.550101
37	145	1.08112
37	157	0.972376
37	160	0.991157
37	164	1.04618
37	166	1.05055
37	168	1.0406
37	169	1.04885
37	170	1.01029
37	172	1.00422
37	179	0.960862
37	180	0.977288
38	9	1.12085
38	37	0.287167
38	73	1.00288
38	98	1.07292
38	105	1.04762
38	115	1.03136
38	134	1.01403
38	157	0.917109
38	160	2.47869
38	161	0.957404
38	163	0.945109
38	164	1.21307
38	173	1.02603
38	178	1.03972
39	16	1.10783
39	40	0.959022
39	41	1.06327
39	55	0.99094
39	65	0.998774
39	66	1.08558
39	79	1.04991
39	128	1.02606
39	129	1.01513
39	140	1.27423
39	141	1.1407
39	154	1.72361
39	157	0.901398
39	158	1.02193
40	39	0.959022
40	41	0.977187
40	43	0.974302
40	49	0.945819
40	55	0.904859
40	63	0.915974
40	65	0.912693
40	66	0.999499
40	79	0.963832
40	83	0.936108
40	143	1.39455
40	157	0.815317
40	158	0.935852
40	159	2.49421
41	2	0.979075
41	39	1.06327
41	40	0.977187
41	49	1.05006
41	55	1.00911
41	65	1.01694
41	79	1.06808
41	83	1.04035
41	88	0.670547
41	128	1.04422
41	157	0.919563
41	158	1.0401
41	163	2.00688
41	165	1.56874
42	27	0.959157
42	36	0.420595
42	56	1.01839
42	62	1.01266
42	107	1.022
42	112	1.01984
42	121	1.01019
42	122	1.04134
42	124	1.0315
42	136	1.03774
42	138	1.04011
42	157	2.66595
42	174	0.974236
42	178	1.02601
43	2	0.97619
43	25	1.08775
43	40	0.974302
43	55	1.00622
43	63	1.01733
43	65	1.01405
43	66	1.10086
43	83	1.03747
43	128	1.04133
43	139	0.653629
43	157	0.916677
43	158	1.03721
43	161	1.49417
43	162	2.10863
44	1	0.97
44	8	1.07359
44	51	0.979161
44	90	1.47573
44	108	1.01673
44	111	1.0179
44	121	0.999033
44	122	1.03018
44	136	1.02658
44	138	1.02895
44	144	1.05864
44	161	0.932537
44	166	1.761
44	167	0.901796
44	178	1.01485
45	47	0.592206
45	76	0.960378
45	94	1.0159
45	95	1.02301
45	96	1.02043
45	103	0.993691
45	106	0.993288
45	120	1.01891
45	127	0.987049
45	133	1.00169
45	144	1.2223
45	150	1.01064
45	161	2.37857
45	173	0.980647
45	178	0.994341
46	60	1.47558
46	98	0.375737
46	142	1.11131
46	149	1.07217
46	152	1.03425
46	154	1.02417
46	160	0.962037
46	164	1.01706
46	166	1.02143
46	172	0.975099
46	173	0.0223599
46	176	0.927459
46	177	0.959559
46	179	0.931741
46	180	0.948168
47	45	0.592206
47	73	1.01352
47	95	0.19358
47	141	1.09923
47	143	1.0149
47	149	1.07923
47	152	1.04131
47	160	0.969096
47	169	1.02679
47	172	0.982158
47	175	0.991101
47	176	0.934518
47	177	0.966619
47	179	0.938801
47	180	0.955227
48	53	1.14621
48	84	0.973986
48	94	1.00138
48	95	1.00848
48	96	1.0059
48	102	0.971024
48	103	0.979162
48	119	1.18619
48	120	1.00438
48	127	0.97252
48	133	0.987162
48	142	0.988626
48	173	0.966118
48	175	2.14219
48	178	0.979812
49	2	0.947707
49	25	1.05927
49	40	0.945819
49	41	1.05006
49	63	0.988851
49	65	0.985571
49	66	1.07238
49	79	1.03671
49	83	1.00898
49	99	1.48637
49	128	1.01285
49	130	1.21181
49	140	1.79396
49	157	0.888195
49	158	1.00873
50	36	0.915199
50	107	2.36283
50	140	0.892206
50	143	0.858361
50	149	0.922694
50	155	0.913814
50	163	0.821781
50	164	0.867587
50	168	0.862004
50	169	0.870253
50	170	0.831698
50	171	0.841694
50	177	0.810084
50	179	0.782266
50	180	0.798693
51	29	1.59215
51	44	0.979161
51	73	0.930383
51	105	0.975121
51	106	0.895496
51	123	0.934097
51	124	0.972712
51	136	0.97895
51	138	0.98132
51	163	0.872612
51	170	0.882529
51	171	0.892525
51	174	0.892819
51	179	0.833098
51	180	0.849524
52	116	1.01369
52	144	1.06497
52	148	0.91137
52	150	0.907007
52	153	1.00247
52	154	0.964118
52	157	0.883208
52	164	0.957014
52	169	0.95968
52	172	0.915051
52	176	0.867411
52	177	0.899511
52	179	0.871694
52	180	0.88812
53	48	1.14621
53	59	0.658079
53	84	1.16349
53	93	0.556546
53	96	1.1954
53	102	1.16053
53	106	1.16826
53	127	1.16202
53	133	1.17666
53	144	0.505066
53	148	2.5169
53	150	1.18561
53	166	1.20743
53	173	1.15562
53	174	1.09491
53	178	1.16931
54	4	0.965957
54	22	1.04583
54	57	0.985641
54	60	0.915783
54	80	1.01306
54	85	1.00353
54	92	0.978726
54	100	1.01386
54	101	0.992797
54	114	0.959099
54	116	1.02869
54	158	0.995095
54	167	0.884115
54	171	1.93944
54	173	0.983477
54	174	1.82312
55	16	1.05367
55	25	1.01831
55	39	0.99094
55	40	0.904859
55	41	1.00911
55	43	1.00622
55	63	0.947892
55	65	0.944611
55	66	1.03142
55	79	0.99575
55	83	0.968025
55	128	0.971892
55	158	0.96777
55	159	2.07661
55	163	1.38701
55	170	1.33307
56	1	0.950441
56	18	0.961701
56	32	1.05563
56	42	1.01839
56	80	1.01118
56	87	0.915737
56	107	0.991285
56	118	1.0686
56	121	0.979474
56	122	1.01063
56	138	1.00939
56	147	1.16607
56	150	1.01159
56	158	0.993219
56	167	0.882238
56	174	2.34659
57	15	0.970111
57	29	1.03825
57	31	1.02965
57	54	0.985641
57	68	1.05493
57	70	0.966529
57	92	0.972938
57	100	1.00807
57	116	1.0229
57	154	0.945803
57	158	0.989308
57	159	0.896278
57	160	1.63352
57	167	0.878328
57	173	0.97769
57	179	2.95707
58	15	0.980241
58	60	0.920126
58	68	1.06506
58	80	1.0174
58	85	1.00787
58	92	0.983068
58	100	1.0182
58	101	0.99714
58	113	2.75879
58	116	1.03303
58	145	1.07487
58	153	0.864741
58	158	0.999438
58	159	0.906408
58	167	0.888458
58	173	0.98782
59	53	0.658079
59	112	0.933147
59	135	1.03966
59	155	1.05171
59	156	1.01459
59	160	0.950458
59	164	1.00548
59	168	0.9999
59	169	1.00815
59	170	0.969594
59	171	0.97959
59	172	0.96352
59	177	0.947981
59	178	0.663654
59	179	0.920163
59	180	0.936589
60	4	0.890313
60	46	1.47558
60	54	0.915783
60	58	0.920126
60	68	0.985077
60	77	0.957309
60	85	0.927886
60	92	0.903081
60	100	0.938216
60	101	0.917153
60	116	0.953041
60	119	0.938448
60	125	2.12748
60	159	0.826421
60	167	0.80847
60	173	0.907832
61	10	0.96942
61	12	1.074
61	71	0.969337
61	98	1.02736
61	104	2.35736
61	105	1.00206
61	110	0.991808
61	115	0.985804
61	128	0.996209
61	134	0.968473
61	150	1.01046
61	153	0.649282
61	159	0.899057
61	163	0.899552
61	172	1.64526
61	178	0.994162
62	21	0.943002
62	42	1.01266
62	107	0.985558
62	108	0.991443
62	112	0.983402
62	121	0.973747
62	122	1.0049
62	124	0.995057
62	136	1.00129
62	138	1.00366
62	139	1.52061
62	141	1.49764
62	149	1.51492
62	150	1.00586
62	161	0.907251
62	178	0.989567
63	16	1.06478
63	25	1.02942
63	28	1.05266
63	40	0.915974
63	43	1.01733
63	49	0.988851
63	55	0.947892
63	66	1.04253
63	79	1.00686
63	83	0.97914
63	109	1.49309
63	128	0.983007
63	129	0.972086
63	142	1.4842
63	157	0.858349
63	158	0.978885
64	23	1.14329
64	107	0.0673228
64	121	0.962025
64	131	1.03996
64	136	0.667638
64	155	1.04694
64	160	0.945686
64	165	1.00201
64	169	1.00338
64	170	0.964822
64	171	0.974818
64	175	0.967691
64	176	0.911108
64	177	0.943208
64	179	0.91539
64	180	0.931817
65	2	0.914581
65	39	0.998774
65	40	0.912693
65	41	1.01694
65	43	1.01405
65	49	0.985571
65	55	0.944611
65	66	1.03925
65	79	1.00358
65	83	0.975859
65	128	0.979726
65	129	0.968805
65	155	1.46971
65	157	0.855069
65	158	0.975604
65	168	1.85
65	169	1.53322
66	2	1.00139
66	39	1.08558
66	40	0.999499
66	43	1.10086
66	49	1.07238
66	55	1.03142
66	63	1.04253
66	65	1.03925
66	79	1.09039
66	83	1.06266
66	123	0.60943
66	129	1.05561
66	157	0.941874
66	158	1.06241
66	159	1.7543
66	167	2.24367
66	174	1.02068
67	11	0.94859
67	23	0.472247
67	35	0.92639
67	82	0.984917
67	87	2.70995
67	94	1.01126
67	102	0.980913
67	103	0.989051
67	106	0.988648
67	113	0.882937
67	120	1.01427
67	127	0.98241
67	131	1.29027
67	133	0.997051
67	173	0.976007
67	174	0.915297
67	178	0.989701
68	31	1.10473
68	57	1.05493
68	58	1.06506
68	60	0.985077
68	70	1.04161
68	80	1.08235
68	85	1.07282
68	87	1.49005
68	92	1.04802
68	101	1.06209
68	116	1.09798
68	130	0.697371
68	157	2.59385
68	159	0.971359
68	167	0.953408
68	171	1.01846
68	173	1.05277
69	30	0.941758
69	86	0.992592
69	98	1.01522
69	105	0.989919
69	115	0.973661
69	117	1.0376
69	126	1.03272
69	134	0.956331
69	142	1.34183
69	147	1.55815
69	149	1.73224
69	150	0.998317
69	159	0.886915
69	163	0.887409
69	173	0.968326
69	174	0.907616
69	178	0.98202
70	4	0.946845
70	15	0.956786
70	29	1.02493
70	57	0.966529
70	68	1.04161
70	77	1.01384
70	85	0.984419
70	92	0.959613
70	100	0.994749
70	101	0.973685
70	116	1.00957
70	130	0.732962
70	159	0.882953
70	167	0.865003
70	169	1.41028
70	173	0.964365
70	177	2.72828
71	20	0.947887
71	26	1.01781
71	30	0.937826
71	61	0.969337
71	81	1.46983
71	97	1.00774
71	98	1.01128
71	105	0.985986
71	113	0.871323
71	115	0.969729
71	117	1.03367
71	126	1.02879
71	134	0.952398
71	153	2.06357
71	161	0.895772
71	163	0.883477
71	174	0.903684
71	178	0.978087
72	32	0.54149
72	102	0.788251
72	116	0.398504
72	122	0.628339
72	141	1.12581
72	149	1.10581
72	160	0.995674
72	162	1.00107
72	166	1.05507
72	168	1.04512
72	169	1.05336
72	170	1.01481
72	171	1.02481
72	172	1.00874
72	175	1.01768
72	177	0.993196
72	179	0.965378
72	180	0.981805
73	3	1.02677
73	11	0.924963
73	20	0.935873
73	38	1.00288
73	47	1.01352
73	51	0.930383
73	97	0.995726
73	110	0.963719
73	117	1.02165
73	126	1.01678
73	128	0.968121
73	130	1.48776
73	134	0.940385
73	152	2.06583
73	157	0.843463
73	173	0.95238
73	174	0.89167
73	178	0.966074
74	31	1.5363
74	120	1.56954
74	132	0.981851
74	135	0.9562
74	139	1.00901
74	146	0.931116
74	156	0.931132
74	157	0.848217
74	159	0.875723
74	165	0.923318
74	170	0.886135
74	171	0.896131
74	172	0.880061
74	175	0.889004
74	176	0.832421
74	177	0.864521
74	179	0.836703
74	180	0.853129
75	8	0.935652
75	18	1.45664
75	113	0.927248
75	136	0.770405
75	148	0.939564
75	151	1.02566
75	152	1.0024
75	155	1.03144
75	160	0.930183
75	165	0.986502
75	169	0.987874
75	170	0.949319
75	171	0.959315
75	172	0.943245
75	175	0.952188
75	177	0.927705
75	179	0.899887
75	180	0.916314
76	35	0.905639
76	45	0.960378
76	88	0.976331
76	94	0.990513
76	95	0.997616
76	102	0.960162
76	106	0.967896
76	120	0.993516
76	127	0.961658
76	130	0.768879
76	133	0.9763
76	150	0.985247
76	163	0.87434
76	172	2.25971
76	173	0.955256
76	174	0.894546
76	175	1.99793
76	178	0.96895
77	22	1.08736
77	29	1.08557
77	31	1.07696
77	60	0.957309
77	70	1.01384
77	85	1.04506
77	92	1.02025
77	100	1.05539
77	101	1.03432
77	109	0.654745
77	116	1.07021
77	125	0.803047
77	129	1.29602
77	148	2.73805
77	158	1.03662
77	159	0.943592
77	167	0.925641
77	173	1.025
78	106	1.32702
78	113	0.859
78	144	1.02492
78	145	0.951898
78	151	0.957409
78	152	0.934152
78	153	0.962418
78	154	0.924064
78	160	0.861935
78	162	0.867331
78	168	0.911377
78	172	0.874997
78	173	1.27953
78	175	0.88394
78	176	0.827357
78	177	0.859458
78	179	0.83164
78	180	0.848066
79	14	1.78332
79	16	1.11264
79	25	1.07728
79	39	1.04991
79	40	0.963832
79	41	1.06808
79	49	1.03671
79	55	0.99575
79	63	1.00686
79	65	1.00358
79	66	1.09039
79	83	1.027
79	129	1.01994
79	146	0.797834
79	153	0.520901
79	157	0.906208
79	158	1.02674
79	167	2.10128
80	18	0.985211
80	54	1.01306
80	56	1.01118
80	58	1.0174
80	68	1.08235
80	101	1.01443
80	110	1.01645
80	112	1.01264
80	113	0.91204
80	134	0.993115
80	136	1.03053
80	138	1.0329
80	150	1.0351
80	151	0.814654
80	154	1.11002
80	173	1.00511
80	175	1.30754
80	178	1.0188
80	180	2.46689
81	71	1.46983
81	126	0.38578
81	133	0.422676
81	136	0.467191
81	140	1.05117
81	153	1.072
81	154	1.03365
81	155	1.07277
81	156	1.03565
81	162	0.976916
81	164	1.02655
81	166	1.03091
81	168	1.02096
81	169	1.02921
81	170	0.990657
81	171	1.00065
81	176	0.936943
81	179	0.941226
81	180	0.957652
82	6	1.06478
82	17	0.63925
82	35	0.934818
82	67	0.984917
82	84	0.992303
82	94	1.01969
82	95	1.0268
82	96	1.02421
82	102	0.989341
82	103	0.997479
82	106	0.997076
82	120	1.02269
82	127	0.990837
82	133	1.00548
82	146	1.57391
82	150	1.01443
82	159	2.38799
82	166	1.04027
82	174	0.923725
82	178	0.998129
83	2	0.937995
83	16	1.08492
83	25	1.04956
83	37	0.267788
83	40	0.936108
83	41	1.04035
83	43	1.03747
83	49	1.00898
83	55	0.968025
83	63	0.97914
83	65	0.975859
83	66	1.06266
83	79	1.027
83	128	1.00314
83	129	0.992219
83	143	1.26723
83	157	0.878483
83	158	0.999018
83	164	1.19369
83	167	2.85626
84	6	1.06374
84	11	0.955977
84	48	0.973986
84	53	1.16349
84	82	0.992303
84	102	0.9883
84	103	0.996437
84	106	0.996034
84	120	1.02165
84	127	0.989796
84	129	0.886715
84	133	1.00444
84	137	2.23478
84	150	1.01339
84	163	0.902477
84	168	1.15515
84	171	1.7497
84	173	0.983394
84	174	0.922684
84	178	0.997088
85	4	0.97806
85	22	1.05794
85	54	1.00353
85	58	1.00787
85	60	0.927886
85	68	1.07282
85	70	0.984419
85	77	1.04506
85	92	0.990828
85	100	1.02596
85	101	1.0049
85	116	1.04079
85	119	1.0262
85	145	1.12143
85	156	1.4189
85	159	0.914168
85	161	1.72858
85	167	0.896218
85	173	0.99558
85	175	1.6455
86	9	1.09462
86	10	0.988743
86	20	0.983285
86	30	0.973224
86	69	0.992592
86	105	1.02138
86	115	1.00513
86	126	1.06419
86	130	0.609209
86	134	0.987796
86	150	1.02978
86	152	1.18728
86	157	0.890875
86	159	0.91838
86	160	2.90758
86	161	0.93117
86	163	0.918875
86	164	1.64197
86	173	0.999792
86	174	0.939082
86	178	1.01349
87	56	0.915737
87	67	2.70995
87	68	1.49005
87	115	0.914998
87	117	0.978937
87	121	0.907537
87	122	0.938688
87	136	0.935084
87	138	0.937454
87	150	0.939654
87	156	0.883661
87	157	0.800746
87	161	0.841041
87	162	0.824923
87	163	0.828746
87	165	0.875847
87	171	0.84866
87	172	0.83259
87	177	0.81705
87	178	0.923357
87	180	0.805658
88	7	1.09026
88	41	0.670547
88	76	0.976331
88	110	1.00794
88	117	1.06587
88	120	1.03486
88	121	1.04048
88	124	0.422873
88	126	1.061
88	127	1.003
88	133	1.01764
88	134	0.984605
88	158	0.654379
88	164	0.96149
88	165	0.962785
88	173	0.9966
88	175	0.92847
88	176	0.871887
88	177	0.903987
88	178	1.01029
88	180	0.892596
89	1	0.779827
89	29	0.937573
89	122	1.02106
89	128	0.546616
89	131	1.04278
89	139	1.09052
89	143	0.994304
89	145	1.03847
89	148	0.957886
89	153	1.04899
89	160	0.948504
89	162	0.9539
89	165	1.00482
89	168	0.997947
89	169	1.0062
89	171	0.977637
89	172	0.961567
89	175	0.97051
89	176	0.913927
89	177	0.946027
89	180	0.934635
90	44	1.47573
90	114	0.997098
90	116	1.2118
90	139	1.03431
90	140	0.971941
90	141	1.02243
90	147	0.997284
90	148	0.901677
90	156	0.95643
90	160	0.892296
90	162	0.897692
90	166	0.951689
90	169	0.949987
90	171	0.921428
90	172	0.905358
90	173	0.614014
90	175	0.914301
90	176	0.857718
90	177	0.889819
90	179	0.862001
90	180	0.878427
91	14	0.830553
91	104	0.838959
91	108	3.48652
91	140	0.881128
91	141	0.93162
91	146	0.865602
91	151	0.896958
91	155	0.902737
91	156	0.865618
91	162	0.806879
91	164	0.856509
91	165	0.857804
91	166	0.860876
91	167	0.792257
91	170	0.82062
91	171	0.830616
91	172	0.814546
91	176	0.766906
91	177	0.799007
91	179	0.771189
91	180	0.787615
92	4	0.953255
92	29	1.03134
92	31	1.02273
92	54	0.978726
92	57	0.972938
92	58	0.983068
92	60	0.903081
92	68	1.04802
92	70	0.959613
92	77	1.02025
92	85	0.990828
92	100	1.00116
92	101	0.980095
92	116	1.01598
92	135	1.59189
92	144	0.923183
92	158	0.982393
92	159	0.889363
92	163	2.28366
92	167	0.871412
92	169	1.44464
92	173	0.970775
93	9	1.24358
93	13	1.39841
93	53	0.556546
93	139	1.07908
93	140	1.01671
93	148	0.946452
93	150	0.739516
93	151	1.03254
93	152	1.00929
93	153	1.03755
93	154	0.999199
93	157	0.918289
93	162	0.942466
93	164	0.992096
93	168	0.986512
93	169	0.994761
93	170	0.956206
93	172	0.950132
93	175	0.959075
93	176	0.902493
93	177	0.934593
93	180	0.923201
94	6	1.09113
94	45	1.0159
94	48	1.00138
94	67	1.01126
94	76	0.990513
94	82	1.01969
94	95	1.05314
94	96	1.05056
94	102	1.01569
94	103	1.02383
94	106	1.02342
94	120	1.04904
94	123	0.991351
94	127	1.01718
94	133	1.03183
94	140	1.2087
94	151	1.36272
94	153	1.1214
94	154	1.65808
94	164	1.65931
94	173	1.01078
94	174	0.950073
94	178	1.02448
95	6	1.09823
95	35	0.968269
95	45	1.02301
95	47	0.19358
95	48	1.00848
95	76	0.997616
95	82	1.0268
95	94	1.05314
95	96	1.05766
95	102	1.02279
95	103	1.03093
95	106	1.03053
95	127	1.02429
95	133	1.03893
95	141	0.986169
95	150	1.04788
95	157	2.29521
95	160	1.42954
95	163	0.936969
95	173	1.01789
95	174	0.957176
95	178	1.03158
95	179	2.7531
96	17	0.635762
96	35	0.965687
96	45	1.02043
96	48	1.0059
96	53	1.1954
96	82	1.02421
96	94	1.05056
96	95	1.05766
96	102	1.02021
96	103	1.02835
96	106	1.02794
96	113	0.922233
96	120	1.05356
96	127	1.02171
96	133	1.03635
96	135	1.00312
96	154	1.21008
96	163	0.934387
96	167	2.87387
96	169	0.855869
96	173	1.0153
96	174	0.954594
96	178	1.029
97	3	1.09326
97	5	0.69515
97	10	1.00782
97	19	1.00548
97	71	1.00774
97	73	0.995726
97	98	1.06576
97	105	1.04046
97	110	1.03021
97	115	1.02421
97	117	1.08815
97	126	1.08327
97	128	1.03461
97	129	1.41201
97	134	1.00688
97	145	1.39134
97	156	1.68881
97	159	0.93746
97	163	0.937955
97	169	1.36367
97	173	1.01887
97	174	0.958161
97	178	1.03257
98	3	1.09681
98	23	0.617481
98	33	0.637379
98	38	1.07292
98	46	0.375737
98	61	1.02736
98	69	1.01522
98	71	1.01128
98	97	1.06576
98	105	1.04401
98	110	1.03376
98	113	0.929346
98	115	1.02775
98	119	1.068
98	126	1.08681
98	134	1.01042
98	137	2.86867
98	150	1.05241
98	157	0.9135
98	161	0.953795
98	173	1.02242
98	174	0.961706
98	178	1.03611
99	26	1.13846
99	49	1.48637
99	110	0.466695
99	138	0.521653
99	146	0.983919
99	147	1.02479
99	148	0.929183
99	149	1.02993
99	152	0.992018
99	153	1.02028
99	156	0.983935
99	162	0.925197
99	166	0.979194
99	168	0.969243
99	169	0.977492
99	171	0.948933
99	172	0.932864
99	175	0.941806
99	176	0.885224
99	177	0.917324
99	178	0.62934
99	179	0.889506
99	180	0.905932
100	4	0.98839
100	15	0.998331
100	22	1.06827
100	29	1.06647
100	31	1.05787
100	54	1.01386
100	57	1.00807
100	58	1.0182
100	60	0.938216
100	70	0.994749
100	77	1.05539
100	85	1.02596
100	92	1.00116
100	101	1.01523
100	113	2.44121
100	116	1.05112
100	119	1.03653
100	140	0.634463
100	149	0.518219
100	159	0.924498
100	160	2.35068
100	167	0.906547
100	173	1.00591
100	174	1.52464
101	4	0.967327
101	15	0.977268
101	22	1.0472
101	29	1.04541
101	31	1.0368
101	54	0.992797
101	58	0.99714
101	60	0.917153
101	68	1.06209
101	70	0.973685
101	77	1.03432
101	80	1.01443
101	85	1.0049
101	92	0.980095
101	100	1.01523
101	116	1.03006
101	119	1.01546
101	139	0.888367
101	152	0.994847
101	156	1.41923
101	158	0.996465
101	161	1.72891
101	167	0.885484
101	173	0.984846
101	177	2.4121
102	6	1.06078
102	26	0.477688
102	48	0.971024
102	53	1.16053
102	67	0.980913
102	72	0.788251
102	76	0.960162
102	82	0.989341
102	84	0.9883
102	94	1.01569
102	95	1.02279
102	96	1.02021
102	103	0.993475
102	106	0.993072
102	120	1.01869
102	125	1.26129
102	127	0.986834
102	133	1.00147
102	141	1.47722
102	150	1.01042
102	163	0.899515
102	173	0.980432
102	174	0.919721
102	175	2.25766
102	178	0.994125
103	7	1.08223
103	37	0.550101
103	45	0.993691
103	48	0.979162
103	67	0.989051
103	82	0.997479
103	84	0.996437
103	94	1.02383
103	95	1.03093
103	96	1.02835
103	102	0.993475
103	106	1.00121
103	120	1.02683
103	123	0.969137
103	127	0.994971
103	133	1.00961
103	142	0.518747
103	150	1.01856
103	162	2.36984
103	163	0.907653
103	168	1.43735
103	171	2.0319
103	173	0.988569
103	174	0.927859
103	178	1.00226
104	25	2.44264
104	61	2.35736
104	91	0.838959
104	135	0.92193
104	140	0.912374
104	144	0.99571
104	149	0.942861
104	151	0.928203
104	156	0.896863
104	160	0.832729
104	162	0.838125
104	164	0.887755
104	165	0.889049
104	166	0.892122
104	167	0.823503
104	168	0.882171
104	169	0.89042
104	170	0.851866
104	172	0.845792
104	175	0.854734
104	176	0.798152
104	177	0.830252
104	179	0.802434
104	180	0.81886
105	5	0.0383993
105	12	1.09065
105	19	0.983728
105	20	0.980612
105	28	0.0285939
105	30	0.970551
105	34	2.25322
105	38	1.04762
105	51	0.975121
105	61	1.00206
105	69	0.989919
105	71	0.985986
105	86	1.02138
105	97	1.04046
105	98	1.04401
105	115	1.00245
105	126	1.06151
105	134	0.985123
105	156	1.03205
105	161	0.928497
105	163	0.916202
105	167	2.72492
105	173	0.997119
105	174	0.936409
105	178	1.01081
106	7	1.08183
106	35	0.938549
106	45	0.993288
106	51	0.895496
106	53	1.16826
106	67	0.988648
106	76	0.967896
106	78	1.32702
106	82	0.997076
106	84	0.996034
106	94	1.02342
106	95	1.03053
106	96	1.02794
106	102	0.993072
106	103	1.00121
106	113	0.895096
106	120	1.02643
106	127	0.994568
106	133	1.00921
106	141	0.537179
106	163	0.90725
106	165	1.16676
106	174	0.927456
106	178	1.00186
106	180	2.47695
107	1	0.954052
107	13	0.972604
107	18	0.965312
107	21	0.95234
107	32	1.05924
107	42	1.022
107	50	2.36283
107	56	0.991285
107	62	0.985558
107	64	0.0673228
107	108	1.00078
107	111	1.00196
107	112	0.99274
107	121	0.983085
107	122	1.01424
107	123	0.965779
107	124	1.00439
107	128	1.00095
107	136	1.01063
107	138	1.013
107	149	0.871134
107	150	1.0152
107	158	0.996829
107	167	0.885849
107	174	0.880142
107	176	3.04516
108	8	1.06353
108	13	0.978489
108	18	0.971197
108	21	0.958225
108	27	0.937939
108	44	1.01673
108	62	0.991443
108	91	3.48652
108	107	1.00078
108	111	1.00784
108	112	0.998625
108	121	0.98897
108	122	1.02012
108	123	0.971664
108	124	1.01028
108	129	0.995916
108	135	0.531826
108	136	1.01652
108	138	1.01889
108	148	1.33812
108	158	1.00271
108	161	0.922474
108	167	0.891734
108	168	0.701352
108	177	1.16575
108	178	1.00479
109	24	1.05599
109	63	1.49309
109	77	0.654745
109	111	0.786447
109	128	0.478635
109	132	1.05647
109	138	0.331479
109	139	1.08363
109	140	1.02127
109	142	1.09089
109	148	0.951002
109	152	1.01384
109	154	1.00375
109	156	1.00575
109	162	0.947016
109	164	0.996646
109	166	1.00101
109	168	0.991063
109	169	0.999312
109	171	0.970753
109	172	0.954683
109	175	0.963626
109	176	0.907043
109	177	0.939144
109	179	0.911326
109	180	0.927752
110	3	1.06126
110	10	0.975816
110	11	0.959448
110	12	1.0804
110	61	0.991808
110	73	0.963719
110	80	1.01645
110	88	1.00794
110	97	1.03021
110	98	1.03376
110	99	0.466695
110	115	0.992201
110	117	1.05614
110	123	1.25321
110	126	1.05126
110	150	1.01686
110	157	0.877948
110	159	0.905454
110	161	0.918243
110	162	2.11872
110	163	0.905949
110	164	1.22489
110	173	0.986865
110	174	0.926155
110	177	2.18746
110	178	1.00056
111	1	0.961113
111	13	0.979665
111	21	0.959401
111	27	0.939115
111	44	1.0179
111	107	1.00196
111	108	1.00784
111	109	0.786447
111	112	0.999801
111	121	0.990146
111	122	1.0213
111	123	0.972839
111	124	1.01146
111	128	1.00801
111	129	0.997091
111	132	0.757757
111	136	1.01769
111	138	1.02006
111	150	1.02226
111	153	1.19691
111	158	1.00389
111	161	0.92365
111	163	2.2184
111	167	0.892909
111	174	2.17439
111	178	1.00597
112	8	1.05549
112	18	0.963156
112	27	0.929898
112	42	1.01984
112	59	0.933147
112	62	0.983402
112	80	1.01264
112	107	0.99274
112	108	0.998625
112	111	0.999801
112	119	1.01367
112	121	0.980929
112	122	1.01208
112	123	0.963623
112	124	1.00224
112	136	1.00848
112	138	1.01085
112	149	1.09018
112	150	1.01305
112	155	1.23809
112	158	0.994673
112	161	0.914433
112	163	2.14061
112	165	1.70248
112	167	0.883693
112	178	0.996749
113	58	2.75879
113	67	0.882937
113	71	0.871323
113	75	0.927248
113	78	0.859
113	80	0.91204
113	96	0.922233
113	98	0.929346
113	100	2.44121
113	106	0.895096
113	117	0.951729
113	127	0.888857
113	133	0.903499
113	134	0.87046
113	153	0.892803
113	159	0.801044
113	162	0.797715
113	163	0.801539
113	168	0.841762
113	169	0.850011
113	171	0.821452
113	173	0.882455
113	175	0.814325
113	178	0.896149
113	179	0.762025
113	180	0.778451
114	16	0.982883
114	29	1.39351
114	54	0.959099
114	90	0.997098
114	116	1.24715
114	143	0.945856
114	144	1.06304
114	147	1.00504
114	148	0.909437
114	149	1.01019
114	151	0.99553
114	152	0.972273
114	153	1.00054
114	154	0.962185
114	159	0.90878
114	164	0.955082
114	165	0.956376
114	166	0.959449
114	169	0.957747
114	171	0.929188
114	175	0.922061
114	176	0.865478
114	177	0.897579
114	179	0.869761
114	180	0.886187
115	9	1.07569
115	10	0.969812
115	19	0.967471
115	26	0.239276
115	30	0.954294
115	38	1.03136
115	61	0.985804
115	69	0.973661
115	71	0.969729
115	86	1.00513
115	87	0.914998
115	97	1.02421
115	98	1.02775
115	105	1.00245
115	110	0.992201
115	117	1.05014
115	123	1.46856
115	126	1.04526
115	145	1.11247
115	149	0.873389
115	157	0.871945
115	161	0.91224
115	163	0.899945
115	173	0.980861
115	174	0.920151
115	176	4.04483
115	178	0.994555
116	4	1.00322
116	15	1.01316
116	22	1.08309
116	29	1.0813
116	31	1.07269
116	52	1.01369
116	54	1.02869
116	57	1.0229
116	58	1.03303
116	60	0.953041
116	68	1.09798
116	70	1.00957
116	72	0.398504
116	77	1.07021
116	85	1.04079
116	90	1.2118
116	92	1.01598
116	100	1.05112
116	101	1.03006
116	114	1.24715
116	119	1.05135
116	139	1.11044
116	151	1.37502
116	158	1.03235
116	159	0.939323
116	167	0.921373
116	173	1.02073
117	3	1.11919
117	12	1.13833
117	19	1.03141
117	20	1.02829
117	28	0.138685
117	69	1.0376
117	71	1.03367
117	73	1.02165
117	87	0.978937
117	88	1.06587
117	97	1.08815
117	110	1.05614
117	113	0.951729
117	115	1.05014
117	130	0.692013
117	134	1.0328
117	141	0.943351
117	157	0.935883
117	159	0.963388
117	161	0.976178
117	163	0.963883
117	169	1.17204
117	170	1.95714
117	173	1.0448
117	174	0.98409
117	178	1.05849
117	180	2.88313
118	20	1.64213
118	56	1.0686
118	121	1.0548
118	133	0.715897
118	135	0.989608
118	137	0.913128
118	140	0.980051
118	145	0.990369
118	146	0.964524
118	147	1.00539
118	151	0.99588
118	155	1.00166
118	156	0.964541
118	157	0.881625
118	159	0.909131
118	160	0.900406
118	164	0.955432
118	166	0.959799
118	167	0.89118
118	168	0.949849
118	169	0.958098
118	170	0.919543
118	175	0.922412
118	176	0.865829
118	177	0.897929
118	179	0.870111
118	180	0.886537
119	10	1.11003
119	22	1.0685
119	48	1.18619
119	60	0.938448
119	85	1.0262
119	98	1.068
119	100	1.03653
119	101	1.01546
119	112	1.01367
119	116	1.05135
119	121	1.00402
119	124	1.02533
119	127	0.153993
119	133	0.79462
119	136	1.03156
119	138	1.03393
119	158	1.01776
119	160	0.916006
119	162	0.921401
119	167	0.906779
119	168	0.965448
119	169	0.973697
119	172	0.929068
119	176	0.881428
119	178	1.01983
119	179	0.885711
119	180	0.902137
120	6	1.09413
120	35	0.964168
120	45	1.01891
120	48	1.00438
120	67	1.01427
120	74	1.56954
120	76	0.993516
120	82	1.02269
120	84	1.02165
120	88	1.03486
120	94	1.04904
120	96	1.05356
120	102	1.01869
120	103	1.02683
120	106	1.02643
120	123	0.994353
120	127	1.02019
120	133	1.03483
120	137	2.29654
120	142	0.684668
120	150	1.04378
120	155	0.836623
120	163	0.932869
120	164	1.25557
120	170	1.68522
120	173	1.01379
120	174	0.953075
120	178	1.02748
121	1	0.942241
121	13	0.960793
121	18	0.953501
121	21	0.940529
121	42	1.01019
121	44	0.999033
121	56	0.979474
121	62	0.973747
121	64	0.962025
121	87	0.907537
121	88	1.04048
121	107	0.983085
121	108	0.98897
121	111	0.990146
121	112	0.980929
121	118	1.0548
121	119	1.00402
121	122	1.00243
121	124	0.992584
121	136	0.998821
121	138	1.00119
121	145	1.56545
121	150	1.00339
121	158	0.985018
121	161	0.904778
121	165	1.93867
121	167	0.874038
121	178	0.987094
122	1	0.973392
122	8	1.07698
122	13	0.991944
122	27	0.951394
122	32	1.07858
122	42	1.04134
122	44	1.03018
122	56	1.01063
122	62	1.0049
122	72	0.628339
122	87	0.938688
122	89	1.02106
122	107	1.01424
122	108	1.02012
122	111	1.0213
122	112	1.01208
122	121	1.00243
122	124	1.02373
122	128	1.02029
122	136	1.02997
122	138	1.03234
122	144	1.02455
122	147	1.1605
122	150	1.03454
122	155	1.4825
122	161	0.935929
122	167	0.905189
122	174	2.34101
122	178	1.01824
123	51	0.934097
123	66	0.60943
123	94	0.991351
123	103	0.969137
123	107	0.965779
123	108	0.971664
123	110	1.25321
123	111	0.972839
123	112	0.963623
123	115	1.46856
123	120	0.994353
123	124	0.975278
123	133	0.977137
123	134	1.79179
123	138	0.983885
123	145	0.955921
123	161	0.887472
123	163	0.875177
123	169	0.923649
123	170	0.885094
123	172	0.879021
123	173	0.956094
123	174	0.895384
123	175	0.887963
123	177	0.863481
123	178	0.969787
123	179	0.835663
123	180	0.852089
124	8	1.06714
124	11	0.967293
124	21	0.961839
124	27	0.941553
124	32	1.06874
124	42	1.0315
124	51	0.972712
124	62	0.995057
124	88	0.422873
124	107	1.00439
124	108	1.01028
124	111	1.01146
124	112	1.00224
124	119	1.02533
124	121	0.992584
124	122	1.02373
124	123	0.975278
124	128	1.01045
124	136	1.02013
124	138	1.0225
124	144	0.819152
124	150	1.0247
124	152	0.820932
124	158	1.00633
124	161	0.926088
124	165	1.32107
124	167	0.895348
124	174	1.71519
124	178	1.0084
124	179	3.86479
125	60	2.12748
125	77	0.803047
125	102	1.26129
125	130	1.08831
125	131	1.00109
125	135	0.996012
125	140	0.986456
125	142	1.05608
125	146	0.970929
125	147	1.0118
125	148	0.916193
125	149	1.01694
125	153	1.00729
125	154	0.96894
125	155	1.00806
125	160	0.906811
125	162	0.912207
125	163	0.91603
125	165	0.963131
125	166	0.966204
125	169	0.964502
125	170	0.925947
125	172	0.919873
125	173	0.273755
125	175	0.928816
125	176	0.872233
125	177	0.904334
125	178	0.587469
125	179	0.876516
125	180	0.892942
126	3	1.11431
126	5	0.0591355
126	19	1.02653
126	20	1.02342
126	30	1.01335
126	69	1.03272
126	71	1.02879
126	73	1.01678
126	81	0.38578
126	86	1.06419
126	88	1.061
126	97	1.08327
126	98	1.08681
126	105	1.06151
126	110	1.05126
126	115	1.04526
126	128	1.05566
126	129	0.775997
126	134	1.02793
126	150	1.06991
126	157	0.931005
126	159	0.958511
126	161	0.9713
126	163	0.959005
126	164	1.08309
126	166	0.908561
126	173	1.03992
126	174	0.979212
126	178	1.05362
126	179	3.67226
126	180	2.43874
127	7	1.07559
127	11	0.954511
127	35	0.932311
127	45	0.987049
127	48	0.97252
127	53	1.16202
127	67	0.98241
127	76	0.961658
127	82	0.990837
127	84	0.989796
127	88	1.003
127	94	1.01718
127	95	1.02429
127	96	1.02171
127	102	0.986834
127	103	0.994971
127	106	0.994568
127	113	0.888857
127	119	0.153993
127	120	1.02019
127	133	1.00297
127	150	1.01192
127	155	0.494749
127	157	3.04498
127	159	2.08688
127	163	0.901011
127	165	0.959143
127	173	0.981928
127	174	0.921218
127	178	0.995622
127	180	2.26934
128	8	1.0637
128	39	1.02606
128	41	1.04422
128	43	1.04133
128	49	1.01285
128	55	0.971892
128	61	0.996209
128	63	0.983007
128	65	0.979726
128	73	0.968121
128	83	1.00314
128	89	0.546616
128	97	1.03461
128	107	1.00095
128	109	0.478635
128	111	1.00801
128	122	1.02029
128	124	1.01045
128	126	1.05566
128	138	1.01906
128	139	0.865838
128	145	1.09923
128	151	1.13041
128	157	0.88235
128	159	0.909855
128	163	0.91035
128	167	0.891904
128	173	0.991267
128	174	0.930557
128	176	4.0316
128	178	1.00496
129	2	0.930941
129	27	0.927189
129	35	1.82926
129	39	1.01513
129	63	0.972086
129	65	0.968805
129	66	1.05561
129	77	1.29602
129	79	1.01994
129	83	0.992219
129	84	0.886715
129	97	1.41201
129	108	0.995916
129	111	0.997091
129	126	0.775997
129	136	1.00577
129	137	0.902932
129	138	1.00814
129	148	0.899591
129	150	1.01034
129	157	0.871429
129	158	0.991964
129	162	0.895605
129	164	0.945235
129	166	0.949602
129	170	0.909346
129	171	0.919342
129	176	0.855632
129	178	0.994039
129	179	0.859915
129	180	0.876341
130	49	1.21181
130	68	0.697371
130	70	0.732962
130	73	1.48776
130	76	0.768879
130	86	0.609209
130	117	0.692013
130	125	1.08831
130	131	1.07103
130	140	1.0564
130	142	1.12603
130	143	1.02255
130	144	1.13974
130	147	1.08174
130	148	0.986137
130	149	1.08689
130	151	1.07223
130	153	1.07724
130	162	0.982151
130	164	1.03178
130	165	1.03308
130	166	1.03615
130	168	1.0262
130	169	1.03445
130	170	0.995891
130	171	1.00589
130	175	0.99876
130	176	0.942178
130	177	0.974278
130	179	0.94646
130	180	0.962886
131	25	0.880265
131	32	1.12434
131	36	0.992168
131	64	1.03996
131	67	1.29027
131	89	1.04278
131	125	1.00109
131	130	1.07103
131	136	1.20663
131	142	1.0388
131	146	0.953649
131	147	0.994519
131	149	0.999663
131	151	0.985005
131	152	0.961748
131	153	0.990014
131	157	0.87075
131	160	0.889531
131	162	0.894926
131	166	0.948923
131	167	0.880304
131	168	0.938973
131	169	0.947222
131	170	0.908667
131	171	0.918663
131	172	0.902593
131	175	0.911536
131	176	0.854953
131	177	0.887053
131	178	0.995334
131	179	0.859236
131	180	0.875662
132	2	1.13225
132	21	1.61083
132	74	0.981851
132	109	1.05647
132	111	0.757757
132	134	0.786413
132	140	0.989752
132	141	1.04024
132	142	1.05938
132	143	0.955907
132	144	1.07309
132	145	1.00007
132	146	0.974225
132	147	1.0151
132	149	1.02024
132	150	0.587871
132	153	1.01059
132	154	0.972236
132	155	1.01136
132	156	0.974241
132	158	0.530064
132	160	0.910107
132	162	0.915503
132	164	0.965133
132	165	0.966427
132	166	0.9695
132	168	0.959549
132	171	0.93924
132	172	0.92317
132	175	0.932112
132	176	0.87553
132	177	0.90763
132	179	0.879812
132	180	0.896238
133	6	1.07692
133	7	1.09023
133	11	0.969152
133	35	0.946952
133	45	1.00169
133	48	0.987162
133	53	1.17666
133	67	0.997051
133	76	0.9763
133	81	0.422676
133	82	1.00548
133	84	1.00444
133	88	1.01764
133	94	1.03183
133	95	1.03893
133	96	1.03635
133	102	1.00147
133	103	1.00961
133	106	1.00921
133	113	0.903499
133	118	0.715897
133	119	0.79462
133	120	1.03483
133	123	0.977137
133	127	1.00297
133	150	1.02656
133	155	1.13538
133	161	1.83369
133	163	0.915653
133	171	2.11021
133	173	0.996569
133	174	0.935859
133	175	1.75062
133	178	1.01026
134	3	1.03792
134	9	1.05836
134	10	0.952482
134	12	1.05706
134	19	0.95014
134	20	0.947024
134	24	1.01653
134	30	0.936963
134	38	1.01403
134	61	0.968473
134	69	0.956331
134	71	0.952398
134	73	0.940385
134	80	0.993115
134	86	0.987796
134	88	0.984605
134	97	1.00688
134	98	1.01042
134	105	0.985123
134	113	0.87046
134	117	1.0328
134	123	1.79179
134	126	1.02793
134	132	0.786413
134	149	1.19662
134	150	0.993522
134	159	0.882119
134	161	0.894909
134	163	0.882614
134	164	1.76347
134	168	1.72481
134	173	0.963531
134	174	0.902821
134	178	0.977224
135	59	1.03966
135	74	0.9562
135	92	1.59189
135	96	1.00312
135	104	0.92193
135	108	0.531826
135	118	0.989608
135	125	0.996012
135	136	1.39065
135	143	0.930255
135	145	0.974419
135	146	0.948574
135	147	0.989444
135	149	0.994588
135	151	0.97993
135	152	0.956673
135	153	0.984939
135	154	0.946585
135	155	0.985709
135	162	0.889851
135	164	0.939481
135	165	0.940776
135	166	0.943848
135	168	0.933898
135	169	0.942147
135	170	0.903592
135	174	0.913881
135	175	0.906461
135	176	0.849878
135	177	0.881979
135	178	1.17935
135	179	0.854161
135	180	0.870587
136	1	0.969788
136	8	1.07338
136	11	0.97353
136	13	0.98834
136	18	0.981048
136	21	0.968076
136	27	0.94779
136	42	1.03774
136	44	1.02658
136	51	0.97895
136	62	1.00129
136	64	0.667638
136	75	0.770405
136	80	1.03053
