1	33	0.337185
1	64	0.691157
1	98	1.1083
1	150	1.12013
1	157	0.527157
1	167	1.08284
1	173	1.05879
1	174	1.05836
1	175	1.04391
1	176	1.04181
1	178	1.04818
1	180	1.05103
2	33	1.01454
2	104	0.993248
2	137	0.94445
2	145	0.977451
2	149	0.961399
2	152	0.949924
2	155	1.26736
2	161	0.95038
2	164	0.964812
2	173	1.58291
2	177	0.875146
2	179	0.954403
3	66	0.989081
3	68	0.992308
3	78	0.902496
3	81	0.978237
3	83	0.973757
3	87	0.968525
3	103	0.930651
3	110	0.948399
3	113	1.00689
3	116	0.928041
3	155	1.39456
3	167	1.44417
4	20	0.910094
4	40	0.991782
4	45	0.975524
4	47	0.952612
4	78	0.919356
4	81	0.995098
4	95	0.96547
4	103	0.947512
4	112	1.13639
4	113	1.02375
4	116	0.944902
4	170	1.72927
5	111	1.00111
5	122	1.05672
5	134	1.05987
5	136	1.03428
5	139	1.04544
5	147	1.07138
5	153	1.07258
5	157	1.08982
5	158	1.08262
5	159	1.05559
5	166	0.993948
5	179	1.06117
6	80	0.986022
6	102	0.98675
6	104	0.995631
6	120	1.48858
6	124	0.981472
6	137	0.946834
6	149	0.963783
6	152	0.952308
6	161	0.952764
6	162	1.30878
6	177	0.877529
6	179	0.956786
7	72	2.01602
7	144	0.890491
7	154	0.902277
7	160	0.932773
7	170	0.879456
7	172	0.922621
7	173	0.868481
7	175	0.853599
7	176	0.851501
7	178	0.857868
7	180	0.860719
8	95	1.12757
8	129	0.86859
8	156	1.03881
8	165	0.976245
8	168	0.955176
8	172	1.00509
8	173	0.950946
8	174	0.950509
8	175	0.936064
8	176	0.933966
8	178	0.940333
8	180	0.943184
9	15	1.02095
9	21	0.852954
9	22	1.11408
9	23	0.889524
9	27	0.983158
9	32	0.97746
9	36	0.963841
9	47	0.933646
9	60	0.995302
9	64	0.920236
9	169	1.54582
9	173	1.33625
10	49	1.14807
10	144	0.959347
10	149	0.825146
10	150	0.998674
10	160	1.00163
10	162	1.00585
10	169	0.942973
10	172	0.991477
10	174	0.9369
10	176	0.920357
10	178	0.926724
10	180	0.929575
11	77	1.03315
11	97	1.05947
11	100	0.700728
11	105	1.04892
11	121	1.0873
11	152	1.08355
11	154	1.1976
11	161	1.084
11	164	1.09843
11	167	1.16602
11	177	1.00877
11	179	1.08802
12	23	1.03643
12	85	0.402137
12	105	0.538418
12	126	1.10197
12	132	1.11055
12	139	1.07526
12	153	1.10241
12	174	1.04394
12	176	1.0274
12	178	1.03376
12	179	1.091
12	180	1.03661
13	58	0.822984
13	81	0.900093
13	87	0.89038
13	95	0.870464
13	103	0.852507
13	113	0.928744
13	149	2.17362
13	156	0.914847
13	163	0.826914
13	166	0.899194
13	172	0.881128
13	180	0.819226
14	76	1.10254
14	105	1.03111
14	124	1.0949
14	127	0.596607
14	145	1.09327
14	149	1.07722
14	152	1.06574
14	161	1.0662
14	169	1.22414
14	176	1.30266
14	177	0.990962
14	179	1.07022
15	9	1.02095
15	21	0.966907
15	22	1.22803
15	23	1.00348
15	27	1.09711
15	32	1.09141
15	36	1.07779
15	60	1.10925
15	64	1.03419
15	172	0.604959
15	178	1.22488
15	180	1.31399
16	128	0.864584
16	161	1.05508
16	162	1.02334
16	163	0.954757
16	164	1.01187
16	171	0.904349
16	172	1.00897
16	174	0.954394
16	175	0.939949
16	176	0.937851
16	178	0.944218
16	180	0.947069
17	105	1.35416
17	136	1.00923
17	156	1.03288
17	158	0.67674
17	165	0.970316
17	166	1.01722
17	168	0.949248
17	171	0.894535
17	174	0.94458
17	176	0.928037
17	178	0.934405
17	180	0.937256
18	42	1.27867
18	99	1.02559
18	108	0.694257
18	129	1.06535
18	138	1.0875
18	143	1.06424
18	147	1.07176
18	153	1.07297
18	158	1.083
18	159	1.05598
18	167	1.06063
18	179	1.06156
19	43	0.826931
19	65	1.06963
19	84	1.04577
19	120	1.04779
19	124	1.06564
19	137	1.03101
19	145	1.06401
19	149	1.04796
19	152	1.03648
19	161	1.03694
19	168	1.33215
19	177	0.961702
19	179	1.04096
20	4	0.910094
20	35	1.20124
20	45	0.940687
20	66	0.971104
20	68	0.974332
20	81	0.960261
20	83	0.955781
20	87	0.950549
20	95	0.930632
20	103	0.912675
20	110	0.930422
20	113	0.988913
20	130	1.83421
21	9	0.852954
21	15	0.966907
21	27	0.929114
21	29	0.80852
21	36	0.909796
21	37	0.906125
21	80	2.26742
21	133	0.871072
21	163	0.848909
21	171	0.7985
21	173	0.848983
21	178	0.83837
21	180	0.841221
22	9	1.11408
22	15	1.22803
22	23	1.0966
22	27	1.19024
22	32	1.18454
22	36	1.17092
22	37	1.16725
22	47	1.14072
22	64	1.12731
22	82	0.92607
22	144	0.825814
22	170	0.778529
22	175	1.06045
23	9	0.889524
23	12	1.03643
23	15	1.00348
23	22	1.0966
23	32	0.959985
23	36	0.946367
23	121	0.931452
23	124	0.956864
23	137	0.922227
23	152	0.9277
23	156	1.77622
23	177	0.852922
23	179	0.932179
24	46	1.05229
24	92	1.03196
24	126	1.06064
24	131	1.14527
24	142	0.987574
24	149	1.05667
24	151	1.0604
24	159	1.04408
24	164	1.06008
24	176	1.13277
24	177	0.970412
24	179	1.04967
24	180	1.12912
25	66	0.94396
25	113	0.789465
25	114	0.139623
25	126	1.06838
25	134	1.0561
25	136	1.07499
25	151	1.06814
25	159	1.05182
25	170	1.02176
25	174	1.01035
25	175	0.995901
25	179	1.05741
25	180	1.00302
26	38	1.00166
26	114	0.983783
26	150	0.990275
26	155	0.959634
26	156	1.0168
26	167	0.952981
26	168	0.933169
26	169	0.934575
26	170	0.939914
26	174	0.928501
26	175	0.914057
26	178	0.918326
26	180	0.921177
27	9	0.983158
27	15	1.09711
27	21	0.929114
27	22	1.19024
27	32	1.05362
27	36	1.04
27	37	1.03633
27	47	1.00981
27	60	1.07146
27	64	0.996396
27	131	1.41851
27	162	0.547833
27	180	1.40235
28	96	0.981662
28	107	0.938653
28	112	1.20525
28	139	0.91768
28	143	0.936095
28	147	0.943621
28	151	0.944145
28	153	0.944824
28	157	0.962061
28	158	0.954859
28	159	0.927834
28	174	1.84503
28	179	0.933418
29	21	0.80852
29	112	0.947495
29	125	2.37507
29	154	0.892389
29	166	0.930799
29	169	0.864229
29	171	0.80811
29	172	0.912733
29	173	0.858593
29	174	0.858155
29	176	0.841613
29	178	0.84798
29	180	0.850831
30	96	1.08217
30	122	1.02947
30	130	0.964038
30	138	1.05986
30	139	1.01819
30	140	0.959076
30	147	1.04413
30	151	1.04465
30	157	1.06257
30	158	1.05536
30	159	1.02834
30	162	0.768904
30	175	1.53739
31	56	0.925224
31	119	0.954888
31	122	0.934272
31	138	0.964664
31	139	0.922991
31	151	0.949455
31	153	0.950134
31	157	0.967371
31	158	0.960169
31	159	0.933144
31	162	1.48397
31	164	1.5489
31	179	0.938728
32	9	0.97746
32	15	1.09141
32	22	1.18454
32	23	0.959985
32	27	1.05362
32	36	1.0343
32	37	1.03063
32	47	1.00411
32	60	1.06576
32	64	0.990697
32	89	0.894611
32	176	1.2285
32	180	1.22484
33	1	0.337185
33	2	1.01454
33	57	1.02628
33	85	1.04903
33	121	1.05171
33	131	1.41879
33	137	1.04249
33	145	1.07549
33	149	1.05944
33	152	1.04796
33	177	0.973183
33	179	1.05244
33	180	1.40263
34	38	0.968056
34	69	0.908328
34	88	0.9163
34	125	0.966834
34	138	0.960056
34	143	0.936797
34	147	0.944322
34	151	0.944847
34	153	0.945525
34	158	0.955561
34	173	1.43792
34	175	1.63631
34	179	0.93412
35	20	1.20124
35	75	0.980676
35	116	1.37044
35	131	0.945843
35	136	0.988024
35	167	0.947858
35	169	0.929451
35	171	0.873333
35	172	0.977956
35	174	0.923378
35	175	0.908933
35	176	0.906835
35	178	0.913202
35	180	0.916054
36	9	0.963841
36	15	1.07779
36	21	0.909796
36	22	1.17092
36	23	0.946367
36	27	1.04
36	32	1.0343
36	37	1.01701
36	39	0.733216
36	47	0.990489
36	60	1.05214
36	64	0.977078
36	165	1.15615
36	177	1.63498
37	21	0.906125
37	22	1.16725
37	27	1.03633
37	32	1.03063
37	36	1.01701
37	66	1.04015
37	78	0.953561
37	83	1.02482
37	90	0.671648
37	91	1.93279
37	95	0.999674
37	103	0.981717
37	113	1.05795
37	136	0.79729
38	26	1.00166
38	34	0.968056
38	49	1.02728
38	53	3
38	77	0.971368
38	79	3.6
38	109	1.03609
38	130	0.95636
38	143	1.02892
38	147	1.03645
38	157	1.05489
38	158	1.04769
38	159	1.02066
38	179	1.02624
39	36	0.733216
39	137	0.776731
39	156	1.09737
39	159	0.806408
39	163	1.00944
39	166	1.08172
39	170	1.02049
39	171	0.959028
39	172	1.06365
39	174	1.00907
39	175	0.994628
39	176	0.99253
39	178	0.998897
39	180	1.00175
40	4	0.991782
40	45	1.02238
40	66	1.05279
40	71	0.996859
40	78	0.966208
40	81	1.04195
40	83	1.03747
40	95	1.01232
40	103	0.994364
40	110	1.01211
40	113	1.0706
40	117	0.426082
40	171	1.9181
40	177	1.22419
41	48	0.927002
41	63	0.972268
41	101	0.948831
41	117	1.76172
41	119	0.936667
41	128	0.949967
41	129	0.924297
41	142	0.858411
41	143	0.923184
41	156	1.50738
41	157	0.949149
41	158	0.941948
41	159	0.914922
41	179	0.920506
42	18	1.27867
42	137	1.29015
42	144	0.95532
42	165	0.958609
42	167	0.957353
42	169	0.938946
42	171	0.882828
42	172	0.98745
42	173	0.93331
42	174	0.932873
42	175	0.918428
42	176	0.91633
42	178	0.922697
42	180	0.925548
43	19	0.826931
43	154	1.05188
43	157	0.697024
43	161	0.791777
43	162	1.08659
43	163	1.01801
43	165	1.04338
43	168	1.02231
43	171	0.9676
43	173	1.01808
43	175	1.0032
43	177	0.985451
43	178	1.00747
43	180	1.01032
44	110	1.14644
44	121	0.9647
44	130	0.895543
44	144	0.94081
44	149	0.972423
44	150	0.980137
44	152	0.960948
44	159	1.14789
44	173	0.918801
44	175	0.903919
44	176	0.901821
44	177	0.88617
44	179	0.965427
44	180	0.911039
45	4	0.975524
45	20	0.940687
45	40	1.02238
45	54	0.775079
45	66	1.03653
45	68	1.03976
45	78	0.949949
45	83	1.02121
45	87	1.01598
45	95	0.996062
45	103	0.978105
45	110	0.995852
45	113	1.05434
45	164	0.719445
45	171	2.25897
46	24	1.05229
46	62	0.96523
46	122	0.990472
46	126	1.0059
46	129	0.998719
46	134	0.993623
46	136	1.0512
46	139	0.979191
46	147	1.00513
46	153	1.00633
46	158	1.01637
46	160	1.03491
46	161	0.990906
46	175	1.59197
46	179	0.994929
47	4	0.952612
47	9	0.933646
47	22	1.14072
47	27	1.00981
47	32	1.00411
47	36	0.990489
47	60	1.02195
47	68	1.01685
47	82	1.59507
47	87	0.993068
47	103	0.955194
47	113	1.03143
47	116	0.952583
47	154	1.29669
47	156	0.819068
48	41	0.927002
48	62	0.969105
48	63	1.05056
48	126	1.00978
48	134	0.997498
48	139	0.983066
48	150	0.880961
48	151	1.00953
48	153	1.01021
48	157	1.02745
48	158	1.02024
48	159	0.993219
48	163	1.45903
48	170	1.35967
48	179	0.998804
49	10	1.14807
49	38	1.02728
49	62	0.963643
49	122	0.988884
49	134	0.992036
49	138	1.01928
49	150	1.05303
49	151	1.00407
49	153	1.00475
49	157	1.02198
49	158	1.01478
49	159	0.987756
49	160	1.2566
49	161	0.989318
49	179	0.993341
50	82	0.85894
50	96	0.911719
50	108	0.914457
50	114	2.94746
50	128	0.892936
50	134	0.862169
50	151	0.874202
50	159	0.85789
50	165	0.842147
50	166	0.889055
50	170	0.827824
50	171	0.766366
50	174	0.816411
50	176	0.799869
50	179	0.863475
50	180	0.809087
51	66	1.53223
51	81	1.19211
51	131	0.920528
51	132	0.964678
51	141	0.94785
51	160	0.962792
51	163	0.898427
51	168	0.902731
51	169	0.904136
51	170	0.909476
51	172	0.952641
51	173	0.898501
51	174	0.898063
51	175	0.883619
51	176	0.88152
51	180	0.890739
52	61	1.0381
52	70	1.10312
52	85	1.06361
52	92	1.0493
52	106	0.836222
52	111	0.758171
52	114	1.09952
52	121	1.06629
52	124	1.0917
52	130	1.55596
52	145	1.09006
52	149	1.07401
52	152	1.06254
52	154	0.89936
52	177	0.987759
52	179	1.06702
53	38	3
53	142	0.832357
53	148	0.894135
53	156	0.935687
53	160	0.912119
53	163	0.847753
53	165	0.873126
53	167	0.87187
53	169	0.853463
53	171	0.797345
53	174	0.84739
53	175	0.832945
53	176	0.830847
53	178	0.837214
53	180	0.840065
54	45	0.775079
54	134	1.00657
54	148	1.01563
54	151	0.94846
54	156	1.05719
54	163	0.969253
54	166	1.04153
54	169	0.974962
54	170	0.980302
54	172	1.02347
54	173	0.969326
54	174	0.968889
54	175	0.954444
54	176	0.952346
54	178	0.958713
54	180	0.961564
55	96	1.01923
55	107	0.976217
55	109	0.980823
55	117	1.32645
55	119	0.987142
55	125	1.0037
55	134	0.969676
55	138	0.996918
55	139	0.955244
55	143	0.973659
55	147	0.981184
55	151	0.981709
55	158	0.992423
55	159	0.965397
55	162	1.21401
55	172	1.35948
56	31	0.925224
56	60	1.02445
56	69	0.953012
56	122	0.974347
56	128	1.00826
56	134	0.977498
56	143	0.981481
56	147	0.989006
56	153	0.990209
56	157	1.00745
56	158	1.00024
56	159	0.973219
56	160	0.61635
56	171	2.00938
56	177	1.31547
56	179	0.978803
57	33	1.02628
57	85	0.962736
57	97	0.937592
57	104	1.00499
57	114	0.998648
57	121	0.965416
57	124	0.990828
57	135	0.592179
57	137	0.95619
57	145	0.989191
57	149	0.973139
57	152	0.961664
57	161	0.96212
57	169	1.36438
57	171	2.18919
57	177	0.886885
57	179	0.966143
58	13	0.822984
58	96	1.46237
58	101	1.47516
58	123	0.971123
58	130	0.871794
58	133	0.917142
58	156	0.982912
58	162	0.963561
58	163	0.894978
58	166	0.967259
58	168	0.899282
58	173	0.895052
58	174	0.894615
58	175	0.88017
58	176	0.878072
58	178	0.884439
58	180	0.88729
59	86	1.32779
59	92	0.949939
59	99	0.931687
59	125	1.00037
59	128	0.997114
59	134	0.966348
59	142	0.905557
59	143	0.970331
59	147	0.977856
59	150	1.12358
59	151	0.97838
59	153	0.979059
59	157	0.996296
59	158	0.989094
59	159	0.962069
59	168	1.57988
59	179	0.967653
60	9	0.995302
60	15	1.10925
60	27	1.07146
60	32	1.06576
60	36	1.05214
60	47	1.02195
60	56	1.02445
60	64	1.00854
60	90	1.10224
60	93	0.791824
60	115	1.13732
60	134	1.03665
60	157	1.0666
60	158	1.0594
60	161	1.03393
60	166	1.18755
60	179	1.03796
61	52	1.0381
61	76	0.995713
61	80	0.992624
61	84	0.968203
61	104	1.00223
61	105	0.924284
61	108	0.967567
61	114	0.995895
61	137	0.953437
61	145	0.986437
61	149	0.970386
61	152	0.95891
61	161	0.959366
61	170	1.51635
61	173	1.59988
61	177	0.884132
61	179	0.963389
62	46	0.96523
62	48	0.969105
62	49	0.963643
62	96	1.01085
62	100	1.08066
62	119	0.978769
62	122	0.958153
62	126	0.973582
62	128	0.99207
62	134	0.961304
62	142	0.900513
62	151	0.973337
62	157	0.991252
62	158	0.98405
62	159	0.957025
62	164	1.30673
62	165	1.67351
63	41	0.972268
63	48	1.05056
63	107	1.0493
63	109	1.05391
63	123	1.01236
63	134	1.04276
63	136	1.09268
63	138	1.07
63	143	1.04675
63	147	1.05427
63	151	1.0548
63	158	1.06551
63	159	1.03848
63	161	1.04005
63	162	0.864968
63	165	1.29668
63	179	1.04407
64	1	0.691157
64	9	0.920236
64	15	1.03419
64	22	1.12731
64	27	0.996396
64	32	0.990697
64	36	0.977078
64	60	1.00854
64	118	1.2995
64	131	1.77276
64	145	0.985939
64	149	0.969887
64	152	0.958412
64	164	0.9733
64	177	0.883634
64	179	0.962891
65	19	1.06963
65	84	1.02579
65	102	1.05094
65	104	1.05982
65	105	0.981874
65	114	1.05349
65	124	1.04566
65	129	1.02477
65	137	1.01103
65	144	1.47139
65	145	1.04403
65	149	1.02798
65	150	0.945395
65	152	1.0165
65	162	0.937541
65	166	1.12492
65	177	0.941722
65	179	1.02098
66	3	0.989081
66	20	0.971104
66	25	0.94396
66	37	1.04015
66	40	1.05279
66	45	1.03653
66	51	1.53223
66	68	1.07018
66	78	0.980367
66	81	1.05611
66	83	1.05163
66	87	1.0464
66	95	1.02648
66	103	1.00852
66	113	1.08476
66	116	1.00591
66	150	0.690239
66	166	0.869766
67	76	1.05754
67	80	1.05445
67	97	0.996668
67	104	1.06406
67	121	1.02449
67	124	1.0499
67	135	0.762345
67	137	1.01527
67	144	1.28874
67	145	1.04827
67	149	1.03222
67	152	1.02074
67	161	1.0212
67	164	1.03563
67	165	1.18661
67	174	1.28835
67	177	0.945961
67	179	1.02522
68	3	0.992308
68	20	0.974332
68	45	1.03976
68	47	1.01685
68	66	1.07018
68	71	1.01425
68	78	0.983594
68	81	1.05934
68	82	1.27886
68	83	1.05486
68	87	1.04962
68	95	1.02971
68	103	1.01175
68	113	1.08799
68	116	1.00914
68	148	0.786352
68	170	1.13132
68	178	1.41016
69	34	0.908328
69	56	0.953012
69	71	1.34347
69	75	1.43268
69	99	0.930549
69	110	0.963156
69	119	0.982676
69	120	1.37722
69	126	0.977488
69	130	0.896632
69	139	0.950778
69	147	0.976718
69	153	0.977922
69	157	0.995158
69	158	0.987957
69	159	0.960931
69	161	0.962493
69	179	0.966516
70	52	1.10312
70	84	1.03322
70	97	0.999858
70	105	0.989303
70	106	1.02937
70	121	1.02768
70	124	1.05309
70	132	0.846677
70	137	1.01846
70	142	1.65909
70	145	1.05146
70	149	1.0354
70	152	1.02393
70	160	0.968201
70	161	1.02439
70	164	1.03882
70	177	0.949151
70	179	1.02841
71	40	0.996859
71	68	1.01425
71	69	1.34347
71	78	0.924433
71	81	1.00017
71	83	0.995695
71	84	0.867232
71	87	0.990463
71	113	1.02883
71	123	1.00314
71	172	0.98121
71	173	0.92707
71	174	0.926633
71	175	0.912188
71	176	0.91009
71	178	0.916457
71	179	0.970376
71	180	0.919308
72	7	2.01602
72	74	0.515147
72	78	0.980833
72	81	1.05657
72	85	1.02669
72	87	1.04686
72	95	1.02695
72	103	1.00899
72	110	1.02674
72	113	1.08523
72	114	1.0626
72	123	0.566437
72	137	1.02014
72	145	1.05314
72	152	1.02562
72	169	1.1987
72	177	0.950839
72	179	1.0301
73	76	0.586149
73	101	0.669404
73	121	0.816165
73	125	0.584834
73	150	1.07964
73	154	1.0521
73	155	1.049
73	162	1.08681
73	165	1.0436
73	168	1.02254
73	171	0.967823
73	172	1.07245
73	173	1.01831
73	174	1.01787
73	176	1.00132
73	177	0.985674
73	178	1.00769
73	180	1.01054
74	72	0.515147
74	113	0.623992
74	135	1.10126
74	155	1.03733
74	156	1.09449
74	158	0.838784
74	160	1.07092
74	162	1.07514
74	170	1.01761
74	172	1.06077
74	173	1.00663
74	174	1.00619
74	175	0.991749
74	176	0.989651
74	177	0.974
74	178	0.996018
74	179	0.92043
74	180	0.998869
75	35	0.980676
75	69	1.43268
75	131	0.977944
75	145	0.730329
75	153	1.00667
75	160	1.02021
75	162	1.02442
75	165	0.981215
75	169	0.961552
75	170	0.966891
75	171	0.905434
75	173	0.955916
75	174	0.955479
75	175	0.941034
75	176	0.938936
75	177	0.923285
75	178	0.945303
75	180	0.948154
76	14	1.10254
76	61	0.995713
76	67	1.05754
76	73	0.586149
76	97	0.996081
76	102	1.0546
76	118	0.970701
76	121	1.02391
76	129	1.02842
76	137	1.01468
76	142	1.47561
76	145	1.04768
76	149	1.03163
76	152	1.02015
76	164	1.03504
76	177	0.945375
76	178	1.33869
76	179	1.02463
77	11	1.03315
77	38	0.971368
77	84	0.942245
77	101	0.965756
77	104	0.976276
77	114	0.969937
77	122	0.932975
77	125	0.970146
77	134	0.936126
77	143	0.940109
77	149	0.944428
77	150	1.15042
77	151	0.948159
77	152	0.932953
77	159	0.931847
77	167	1.44672
77	177	0.858174
77	178	1.90797
77	179	0.937431
78	3	0.902496
78	4	0.919356
78	37	0.953561
78	40	0.966208
78	45	0.949949
78	66	0.980367
78	68	0.983594
78	71	0.924433
78	72	0.980833
78	83	0.965044
78	87	0.959811
78	95	0.939895
78	103	0.921938
78	110	0.939685
78	113	0.998175
78	116	0.919327
78	132	1.46126
78	148	1.51295
78	172	1.51684
79	38	3.6
79	91	0.806395
79	123	0.908442
79	131	0.8544
79	136	0.89658
79	141	0.881722
79	144	0.854381
79	154	0.866168
79	155	0.863068
79	163	0.832298
79	166	0.904578
79	169	0.838008
79	171	0.78189
79	174	0.831935
79	175	0.81749
79	176	0.815392
79	178	0.821759
79	180	0.82461
80	6	0.986022
80	21	2.26742
80	61	0.992624
80	67	1.05445
80	85	1.01814
80	97	0.992992
80	105	0.982437
80	121	1.02082
80	129	1.02533
80	131	0.844674
80	137	1.01159
80	145	1.04459
80	149	1.02854
80	152	1.01706
80	164	1.03195
80	169	0.753653
80	177	0.942286
80	178	0.739403
80	179	1.02154
81	3	0.978237
81	4	0.995098
81	13	0.900093
81	20	0.960261
81	40	1.04195
81	51	1.19211
81	66	1.05611
81	68	1.05934
81	71	1.00017
81	72	1.05657
81	83	1.04079
81	87	1.03555
81	95	1.01564
81	103	0.997679
81	113	1.07392
81	116	0.995069
81	142	1.24458
81	173	0.912352
81	180	1.19678
82	22	0.92607
82	47	1.59507
82	50	0.85894
82	68	1.27886
82	127	0.998523
82	144	0.963156
82	155	0.971842
82	160	1.00544
82	163	0.941073
82	165	0.966445
82	166	1.01335
82	170	0.952122
82	171	0.890664
82	172	0.995287
82	174	0.940709
82	175	0.926265
82	176	0.924167
82	178	0.930534
82	180	0.933385
83	3	0.973757
83	20	0.955781
83	37	1.02482
83	40	1.03747
83	45	1.02121
83	66	1.05163
83	68	1.05486
83	71	0.995695
83	78	0.965044
83	81	1.04079
83	95	1.01116
83	103	0.993199
83	110	1.01095
83	113	1.06944
83	116	0.990589
83	162	0.593425
83	163	1.17935
83	176	1.4516
83	177	1.50397
84	19	1.04577
84	61	0.968203
84	65	1.02579
84	70	1.03322
84	71	0.867232
84	77	0.942245
84	85	0.993714
84	88	1.13708
84	102	1.02709
84	114	1.02963
84	130	1.71351
84	137	0.987169
84	145	1.02017
84	149	1.00412
84	152	0.992642
84	161	0.993098
84	164	1.00753
84	166	0.908564
84	177	0.917864
84	179	0.997121
85	12	0.402137
85	33	1.04903
85	52	1.06361
85	57	0.962736
85	72	1.02669
85	80	1.01814
85	84	0.993714
85	105	0.949795
85	108	1.2216
85	114	1.02141
85	121	0.988174
85	124	1.01359
85	145	1.01195
85	149	0.995897
85	152	0.984422
85	156	1.14192
85	163	1.86975
85	164	0.99931
85	177	0.909644
85	179	0.988901
86	59	1.32779
86	139	1.19553
86	147	1.02433
86	148	0.979732
86	154	0.967221
86	155	0.96412
86	162	1.00193
86	163	0.933351
86	165	0.958723
86	167	0.957467
86	168	0.937655
86	169	0.93906
86	170	0.9444
86	171	0.882942
86	173	0.933424
86	174	0.932987
86	175	0.918542
86	176	0.916444
86	178	0.922811
86	180	0.925662
87	3	0.968525
87	13	0.89038
87	20	0.950549
87	45	1.01598
87	47	0.993068
87	66	1.0464
87	68	1.04962
87	71	0.990463
87	72	1.04686
87	78	0.959811
87	81	1.03555
87	95	1.00592
87	103	0.987967
87	110	1.00571
87	113	1.0642
87	116	0.985357
87	135	0.755167
87	163	1.33364
87	168	1.21187
87	176	1.60589
88	34	0.9163
88	84	1.13708
88	96	1.02273
88	103	1.30726
88	138	1.00042
88	139	0.958751
88	145	0.910968
88	153	0.985894
88	157	1.00313
88	158	0.995929
88	159	0.968904
88	163	0.927789
88	167	0.951905
88	169	0.933498
88	171	0.87738
88	174	0.927425
88	176	0.910882
88	178	0.917249
88	180	0.9201
89	32	0.894611
89	91	0.898389
89	107	1.16054
89	117	0.978734
89	122	1.48028
89	132	0.990543
89	148	0.970674
89	154	0.958162
89	155	0.955062
89	156	1.01223
89	166	0.996573
89	169	0.930002
89	171	0.873884
89	172	0.978506
89	173	0.924366
89	175	0.909484
89	176	0.907386
89	177	0.891735
89	178	0.913753
89	180	0.916604
90	37	0.671648
90	60	1.10224
90	127	1.03566
90	135	1.07291
90	137	0.870025
90	143	0.888733
90	148	1.02459
90	154	1.01208
90	160	1.04258
90	166	1.05049
90	167	1.00233
90	168	0.982517
90	169	0.983923
90	171	0.927805
90	172	1.03243
90	174	0.97785
90	175	0.963405
90	176	0.961307
90	178	0.967674
90	180	0.970525
91	37	1.93279
91	79	0.806395
91	89	0.898389
91	130	0.84982
91	136	0.937287
91	145	1.85829
91	148	0.919387
91	154	0.906875
91	155	0.903774
91	160	0.93737
91	162	0.941587
91	163	0.873005
91	167	0.897121
91	169	0.878715
91	172	0.927219
91	173	0.873079
91	174	0.872641
91	176	0.856099
91	178	0.862466
91	180	0.865317
92	24	1.03196
92	52	1.0493
92	59	0.949939
92	93	0.774584
92	114	1.0071
92	125	1.00731
92	126	0.985566
92	128	1.00405
92	137	0.964642
92	138	1.00053
92	139	0.958856
92	145	0.997642
92	149	0.98159
92	152	0.970115
92	157	1.00324
92	158	0.996035
92	169	1.76258
92	170	1.46949
92	172	1.12841
92	177	0.895337
92	179	0.974594
93	60	0.791824
93	92	0.774584
93	115	1.07558
93	122	0.747649
93	147	0.603914
93	148	1.07406
93	150	1.08909
93	156	1.11561
93	160	1.09205
93	163	1.02768
93	165	1.05305
93	167	1.0518
93	170	1.03873
93	172	1.08189
93	173	1.02775
93	174	1.02732
93	175	1.01287
93	176	1.01077
93	178	1.01714
93	179	0.615981
93	180	1.01999
94	95	1.07742
94	123	1.05276
94	139	0.905571
94	143	0.70877
94	148	1.02299
94	150	1.03802
94	152	0.593597
94	163	0.976611
94	165	1.00198
94	166	1.04889
94	169	0.982321
94	170	0.98766
94	171	0.926203
94	172	1.03083
94	173	0.976685
94	174	0.976248
94	175	0.961803
94	176	0.959705
94	177	0.944054
94	178	0.966072
94	180	0.968923
95	4	0.96547
95	8	1.12757
95	13	0.870464
95	20	0.930632
95	37	0.999674
95	40	1.01232
95	45	0.996062
95	66	1.02648
95	68	1.02971
95	72	1.02695
95	78	0.939895
95	81	1.01564
95	83	1.01116
95	87	1.00592
95	94	1.07742
95	103	0.968051
95	110	0.985798
95	113	1.04429
95	116	0.96544
95	146	1.21586
95	164	1.22024
96	28	0.981662
96	30	1.08217
96	50	0.911719
96	55	1.01923
96	58	1.46237
96	62	1.01085
96	88	1.02273
96	107	1.04579
96	118	1.04117
96	128	1.07001
96	129	1.04434
96	143	1.04323
96	151	1.05128
96	153	1.05196
96	156	0.501859
96	157	1.06919
96	158	1.06199
96	159	1.03497
96	160	0.855183
96	161	1.03653
96	179	1.04055
96	180	1.49827
97	11	1.05947
97	57	0.937592
97	67	0.996668
97	70	0.999858
97	76	0.996081
97	80	0.992992
97	102	0.993721
97	104	1.0026
97	121	0.96303
97	124	0.988443
97	132	1.21224
97	137	0.953805
97	145	0.986805
97	149	0.970754
97	152	0.959278
97	160	1.33377
97	161	0.959734
97	164	0.974167
97	166	1.30972
97	167	1.42649
97	177	0.8845
97	179	0.963757
98	1	1.1083
98	102	1.16818
98	109	1.1801
98	114	0.184394
98	150	1.0099
98	154	0.982362
98	155	0.979261
98	161	1.13918
98	163	0.948492
98	164	1.0056
98	165	0.973864
98	166	1.02077
98	167	0.972608
98	168	0.952796
98	171	0.898083
98	172	1.00271
98	173	0.948565
98	174	0.948128
98	175	0.933683
98	176	0.931585
98	177	0.915934
98	178	0.937952
98	180	0.940804
99	18	1.02559
99	59	0.931687
99	69	0.930549
99	101	0.984665
99	109	0.966182
99	119	0.972501
99	125	0.989056
99	126	0.967314
99	127	1.22976
99	128	0.985802
99	134	0.955036
99	138	0.982277
99	139	0.940603
99	143	0.959018
99	146	1.1382
99	147	0.966544
99	151	0.967068
99	153	0.967747
99	158	0.977782
99	159	0.950757
99	172	1.22313
99	176	1.93582
99	179	0.956341
100	11	0.700728
100	62	1.08066
100	132	1.07629
100	139	0.822317
100	140	1.06235
100	146	1.06622
100	148	1.05642
100	155	1.04081
100	159	0.636485
100	160	1.07441
100	167	1.03416
100	168	1.01435
100	169	1.01575
100	170	1.02109
100	171	0.959634
100	173	1.01012
100	174	1.00968
100	175	0.995234
100	176	0.993136
100	177	0.977485
100	178	0.999503
100	179	0.663184
100	180	1.00235
101	41	0.948831
101	58	1.47516
101	73	0.669404
101	77	0.965756
101	99	0.984665
101	107	1.02587
101	119	1.03679
101	125	1.05335
101	126	1.0316
101	128	1.05009
101	134	1.01933
101	138	1.04657
101	139	1.00489
101	140	0.846719
101	143	1.02331
101	147	1.03083
101	153	1.03204
101	157	1.04927
101	158	1.04207
101	159	1.01505
101	172	0.802024
101	179	1.02063
101	180	1.51106
102	6	0.98675
102	65	1.05094
102	76	1.0546
102	84	1.02709
102	97	0.993721
102	98	1.16818
102	105	0.983166
102	112	0.755517
102	114	1.05478
102	121	1.02154
102	124	1.04696
102	129	1.02606
102	132	0.951736
102	137	1.01232
102	145	1.04532
102	149	1.02927
102	152	1.01779
102	161	1.01825
102	164	1.03268
102	172	1.00731
102	175	1.63032
102	177	0.943014
102	179	1.02227
103	3	0.930651
103	4	0.947512
103	13	0.852507
103	20	0.912675
103	37	0.981717
103	40	0.994364
103	45	0.978105
103	47	0.955194
103	66	1.00852
103	68	1.01175
103	72	1.00899
103	78	0.921938
103	81	0.997679
103	83	0.993199
103	87	0.987967
103	88	1.30726
103	95	0.968051
103	110	0.967841
103	113	1.02633
103	116	0.947483
103	141	1.1325
103	142	1.79368
103	160	1.10279
104	2	0.993248
104	6	0.995631
104	57	1.00499
104	61	1.00223
104	65	1.05982
104	67	1.06406
104	77	0.976276
104	97	1.0026
104	105	0.992047
104	111	1.07173
104	114	1.06366
104	124	1.05584
104	137	1.0212
104	145	1.0542
104	149	1.03815
104	152	1.02667
104	156	0.735292
104	164	1.04156
104	165	1.3089
104	167	1.18134
104	174	1.41065
104	177	0.951895
104	179	1.03115
105	11	1.04892
105	12	0.538418
105	14	1.03111
105	17	1.35416
105	61	0.924284
105	65	0.981874
105	70	0.989303
105	80	0.982437
105	85	0.949795
105	102	0.983166
105	104	0.992047
105	106	1.69269
105	121	0.952475
105	124	0.977888
105	137	0.94325
105	145	0.97625
105	149	0.960199
105	152	0.948723
105	161	0.949179
105	162	1.4201
105	164	0.963612
105	177	0.873945
105	179	0.953202
106	52	0.836222
106	70	1.02937
106	105	1.69269
106	118	0.968642
106	127	0.991591
106	131	0.956243
106	133	0.956305
106	150	0.995552
106	155	0.964911
106	156	1.02207
106	158	1.01527
106	160	0.998507
106	162	1.00272
106	165	0.959514
106	166	1.00642
106	168	0.938445
106	169	0.939851
106	170	0.945191
106	173	0.934215
106	174	0.933778
106	175	0.919333
106	176	0.917235
106	178	0.923602
106	180	0.926453
107	28	0.938653
107	55	0.976217
107	63	1.0493
107	89	1.16054
107	96	1.04579
107	101	1.02587
107	109	1.00738
107	125	1.03026
107	126	1.00852
107	128	1.027
107	133	1.14483
107	138	1.02348
107	139	0.981805
107	141	0.877383
107	143	1.00022
107	144	1.1701
107	147	1.00774
107	151	1.00827
107	153	1.00895
107	157	1.02618
107	158	1.01898
107	159	0.991958
107	169	1.4159
107	179	0.997542
108	18	0.694257
108	50	0.914457
108	61	0.967567
108	85	1.2216
108	111	1.05936
108	135	1.09129
108	137	0.705729
108	144	1.01867
108	146	1.05276
108	154	1.03046
108	162	1.06517
108	165	1.02196
108	167	1.02071
108	168	1.00089
108	170	1.00764
108	171	0.946182
108	172	1.0508
108	173	0.996664
108	174	0.996227
108	175	0.981782
108	176	0.979684
108	178	0.986051
108	179	0.762106
108	180	0.988902
109	38	1.03609
109	55	0.980823
109	63	1.05391
109	98	1.1801
109	99	0.966182
109	107	1.00738
109	111	1.06829
109	119	1.01831
109	122	0.997692
109	125	1.03486
109	134	1.00084
109	138	1.02808
109	139	0.986411
109	140	1.06392
109	143	1.00483
109	147	1.01235
109	148	1.01534
109	153	1.01355
109	157	1.03079
109	158	1.02359
109	159	0.996564
109	161	0.998126
109	168	1.3379
109	179	1.00215
110	3	0.948399
110	20	0.930422
110	40	1.01211
110	44	1.14644
110	45	0.995852
110	69	0.963156
110	72	1.02674
110	78	0.939685
110	83	1.01095
110	87	1.00571
110	95	0.985798
110	103	0.967841
110	113	1.04408
110	128	1.01841
110	138	1.01488
110	142	0.926852
110	143	0.991625
110	147	0.99915
110	153	1.00035
110	157	1.01759
110	159	0.983363
110	163	1.38211
110	167	1.10033
110	172	0.941661
110	178	1.56158
110	179	0.988948
111	5	1.00111
111	52	0.758171
111	104	1.07173
111	108	1.05936
111	109	1.06829
111	115	1.00959
111	120	1.0005
111	123	1.03783
111	133	0.983846
111	134	1.08055
111	141	1.01111
111	148	1.00806
111	150	1.02309
111	156	1.04962
111	162	1.03026
111	165	0.987055
111	169	0.967392
111	170	0.972731
111	172	1.0159
111	173	0.961756
111	174	0.961319
111	175	0.946874
111	176	0.944776
111	177	0.929125
111	178	0.951143
111	180	0.953994
112	4	1.13639
112	28	1.20525
112	29	0.947495
112	102	0.755517
112	124	0.834741
112	130	0.964699
112	141	1.03731
112	144	1.00997
112	150	1.04929
112	154	1.02175
112	158	0.636364
112	160	1.05225
112	163	0.987884
112	166	1.06016
112	167	1.012
112	168	0.992188
112	169	0.993593
112	170	0.998933
112	171	0.937475
112	172	1.0421
112	173	0.987957
112	175	0.973075
112	176	0.970977
112	178	0.977344
112	180	0.980196
113	3	1.00689
113	4	1.02375
113	13	0.928744
113	20	0.988913
113	25	0.789465
113	37	1.05795
113	40	1.0706
113	45	1.05434
113	47	1.03143
113	66	1.08476
113	68	1.08799
113	71	1.02883
113	72	1.08523
113	74	0.623992
113	78	0.998175
113	81	1.07392
113	83	1.06944
113	87	1.0642
113	95	1.04429
113	103	1.02633
113	110	1.04408
113	116	1.02372
113	173	1.09798
113	174	1.06135
113	175	1.29637
113	178	1.29329
114	25	0.139623
114	26	0.983783
114	50	2.94746
114	52	1.09952
114	57	0.998648
114	61	0.995895
114	65	1.05349
114	72	1.0626
114	77	0.969937
114	84	1.02963
114	85	1.02141
114	92	1.0071
114	98	0.184394
114	102	1.05478
114	104	1.06366
114	124	1.0495
114	129	1.0286
114	137	1.01486
114	145	1.04786
114	149	1.03181
114	152	1.02033
114	161	1.02079
114	164	1.03522
114	165	0.911406
114	166	0.667072
114	177	0.945556
114	179	1.02481
115	60	1.13732
115	93	1.07558
115	111	1.00959
115	125	0.709123
115	130	0.923628
115	131	0.968914
115	134	1.02316
115	140	0.999124
115	141	0.996236
115	146	1.00299
115	148	0.993194
115	154	0.980682
115	156	1.03475
115	158	0.87983
115	160	1.01118
115	163	0.946812
115	166	1.01909
115	168	0.951116
115	169	0.952522
115	171	0.896404
115	172	1.00103
115	173	0.946886
115	174	0.946448
115	175	0.932004
115	176	0.929906
115	178	0.936273
115	179	0.961475
115	180	0.939124
116	3	0.928041
116	4	0.944902
116	35	1.37044
116	47	0.952583
116	66	1.00591
116	68	1.00914
116	78	0.919327
116	81	0.995069
116	83	0.990589
116	87	0.985357
116	95	0.96544
116	103	0.947483
116	113	1.02372
116	118	1.4085
116	122	0.964133
116	138	0.994526
116	139	0.952852
116	143	0.971267
116	146	1.07164
116	148	1.15268
116	151	0.979317
116	153	0.979996
116	157	0.997232
116	158	0.990031
116	159	0.963005
116	161	0.964567
116	174	1.54455
116	179	0.96859
117	40	0.426082
117	41	1.76172
117	55	1.32645
117	89	0.978734
117	119	0.759945
117	132	1.0196
117	133	0.975512
117	144	0.975432
117	149	0.834694
117	150	1.01476
117	154	0.987219
117	160	1.01771
117	162	1.02193
117	163	0.953349
117	165	0.978721
117	166	1.02563
117	167	0.977465
117	168	0.957653
117	169	0.959059
117	170	0.964398
117	172	1.00756
117	173	0.953423
117	174	0.952985
117	175	0.938541
117	176	0.936443
117	177	0.920792
117	178	0.94281
117	180	0.945661
118	64	1.2995
118	76	0.970701
118	96	1.04117
118	106	0.968642
118	116	1.4085
118	123	1.00955
118	127	0.990858
118	128	1.03975
118	132	0.99966
118	133	0.955572
118	140	0.98572
118	146	0.989583
118	148	0.97979
118	155	0.964178
118	160	0.997774
118	162	1.00199
118	163	0.933409
118	164	0.990518
118	166	1.00569
118	167	0.957525
118	168	0.937713
118	169	0.939118
118	170	0.944458
118	171	0.883
118	173	0.933482
118	174	0.933045
118	175	0.9186
118	176	0.916502
118	178	0.922869
118	180	0.92572
119	31	0.954888
119	41	0.936667
119	55	0.987142
119	62	0.978769
119	69	0.982676
119	99	0.972501
119	101	1.03679
119	109	1.01831
119	117	0.759945
119	122	1.00401
119	125	1.04118
119	126	1.01944
119	130	0.938583
119	134	1.00716
119	139	0.99273
119	141	0.88863
119	142	0.946372
119	143	1.01115
119	147	1.01867
119	148	0.78909
119	151	1.01919
119	153	1.01987
119	157	1.03711
119	158	1.02991
119	159	1.00288
119	161	1.00444
119	170	1.13406
119	171	2.25196
119	175	1.41598
119	179	1.00847
120	6	1.48858
120	19	1.04779
120	69	1.37722
120	111	1.0005
120	140	0.990036
120	141	0.987148
120	142	0.922329
120	143	0.966454
120	144	0.959808
120	145	0.674869
120	146	0.993899
120	148	0.984107
120	154	0.971595
120	155	0.968494
120	156	1.02566
120	162	1.00631
120	163	0.937725
120	165	0.963097
120	167	0.961841
120	168	0.942029
120	169	0.943435
120	170	0.948774
120	172	0.991939
120	173	0.937799
120	174	0.937361
120	175	0.922917
120	176	0.920818
120	177	0.905168
120	178	0.927186
120	180	0.930037
121	11	1.0873
121	23	0.931452
121	33	1.05171
121	44	0.9647
121	52	1.06629
121	57	0.965416
121	67	1.02449
121	70	1.02768
121	73	0.816165
121	76	1.02391
121	80	1.02082
121	85	0.988174
121	97	0.96303
121	102	1.02154
121	105	0.952475
121	124	1.01627
121	129	0.995371
121	133	1.31188
121	137	0.981628
121	145	1.01463
121	146	0.863862
121	149	0.998577
121	152	0.987102
121	161	0.987558
121	164	1.00199
121	165	1.23502
121	173	1.3734
121	177	0.912324
121	178	1.56871
121	179	0.991581
122	5	1.05672
122	30	1.02947
122	31	0.934272
122	46	0.990472
122	49	0.988884
122	56	0.974347
122	62	0.958153
122	77	0.932975
122	89	1.48028
122	93	0.747649
122	109	0.997692
122	116	0.964133
122	119	1.00401
122	125	1.02057
122	126	0.998823
122	128	1.01731
122	129	0.991641
122	134	0.986545
122	138	1.01379
122	139	0.972113
122	141	1.19713
122	142	0.925755
122	143	0.990528
122	151	0.998578
122	153	0.999257
122	157	1.01649
122	158	1.00929
122	164	1.02093
122	166	1.14338
122	173	1.52608
122	179	0.987851
123	58	0.971123
123	63	1.01236
123	71	1.00314
123	72	0.566437
123	79	0.908442
123	94	1.05276
123	111	1.03783
123	118	1.00955
123	126	0.898267
123	131	0.997154
123	140	1.02736
123	143	0.934052
123	144	0.997135
123	146	1.03123
123	148	1.02143
123	153	0.918805
123	155	1.00582
123	163	0.975052
123	164	1.03216
123	167	0.999168
123	168	0.979356
123	169	0.980762
123	172	1.02927
123	173	0.975126
123	174	0.974689
123	175	0.960244
123	176	0.958146
123	177	0.942495
123	178	0.964513
123	179	0.97172
123	180	0.967364
124	6	0.981472
124	14	1.0949
124	19	1.06564
124	23	0.956864
124	52	1.0917
124	57	0.990828
124	65	1.04566
124	67	1.0499
124	70	1.05309
124	85	1.01359
124	97	0.988443
124	102	1.04696
124	104	1.05584
124	105	0.977888
124	112	0.834741
124	114	1.0495
124	121	1.01627
124	129	1.02078
124	137	1.00704
124	140	1.13123
124	145	1.04004
124	146	1.00161
124	148	1.08265
124	149	1.02399
124	152	1.01251
124	155	1.1956
124	156	0.799162
124	161	1.01297
124	164	1.0274
124	177	0.937736
124	178	1.70646
124	179	1.01699
125	29	2.37507
125	34	0.966834
125	55	1.0037
125	59	1.00037
125	73	0.584834
125	77	0.970146
125	92	1.00731
125	99	0.989056
125	101	1.05335
125	107	1.03026
125	109	1.03486
125	115	0.709123
125	119	1.04118
125	122	1.02057
125	126	1.03599
125	128	1.05448
125	129	1.02881
125	132	0.661876
125	134	1.02372
125	138	1.05096
125	142	0.962927
125	143	1.0277
125	147	1.03522
125	151	1.03575
125	153	1.03643
125	157	1.05366
125	158	1.04646
125	159	1.01944
125	164	0.636905
125	165	1.00369
125	175	1.34046
125	179	1.02502
126	12	1.10197
126	24	1.06064
126	25	1.06838
126	46	1.0059
126	48	1.00978
126	62	0.973582
126	69	0.977488
126	92	0.985566
126	99	0.967314
126	101	1.0316
126	107	1.00852
126	119	1.01944
126	122	0.998823
126	123	0.898267
126	125	1.03599
126	128	1.03274
126	134	1.00197
126	136	0.978591
126	138	1.02922
126	139	0.987542
126	143	1.00596
126	147	1.01348
126	151	1.01401
126	153	1.01469
126	154	1.0866
126	157	1.03192
126	159	0.997696
126	160	0.9623
126	161	0.999257
126	168	1.21503
126	174	1.28433
126	175	1.51936
126	179	1.00328
127	14	0.596607
127	82	0.998523
127	90	1.03566
127	99	1.22976
127	106	0.991591
127	118	0.990858
127	129	1.04844
127	135	1.05106
127	138	1.05709
127	141	1.00578
127	145	0.64719
127	147	0.964376
127	148	1.00274
127	155	0.987127
127	156	1.04429
127	160	1.02072
127	162	1.02494
127	163	0.956358
127	164	1.01347
127	165	0.98173
127	166	1.02864
127	168	0.960662
127	169	0.962068
127	170	0.967407
127	171	0.905949
127	172	1.01057
127	173	0.956432
127	175	0.94155
127	176	0.939451
127	177	0.923801
127	178	0.945819
127	180	0.94867
128	16	0.864584
128	41	0.949967
128	50	0.892936
128	56	1.00826
128	59	0.997114
128	62	0.99207
128	92	1.00405
128	96	1.07001
128	99	0.985802
128	101	1.05009
128	107	1.027
128	110	1.01841
128	118	1.03975
128	122	1.01731
128	125	1.05448
128	126	1.03274
128	130	0.951884
128	133	1.15092
128	138	1.0477
128	139	1.00603
128	143	1.02445
128	147	1.03197
128	151	1.0325
128	153	1.03317
128	157	1.05041
128	158	1.04321
128	159	1.01618
128	161	1.01775
128	165	1.07406
128	167	0.946492
128	168	1.10649
128	177	1.55289
128	179	1.02177
129	8	0.86859
129	18	1.06535
129	41	0.924297
129	46	0.998719
129	65	1.02477
129	76	1.02842
129	80	1.02533
129	96	1.04434
129	102	1.02606
129	114	1.0286
129	121	0.995371
129	122	0.991641
129	124	1.02078
129	125	1.02881
129	127	1.04844
129	134	0.994792
129	137	0.986146
129	145	1.01915
129	146	0.956882
129	147	1.0063
129	149	1.00309
129	151	1.00683
129	152	0.991619
129	153	1.0075
129	157	1.02474
129	158	1.01754
129	161	0.992075
129	162	0.896328
129	164	1.00651
129	166	1.08371
129	168	1.36048
129	175	1.66481
129	177	0.916841
129	179	0.996098
130	20	1.83421
130	30	0.964038
130	38	0.95636
130	44	0.895543
130	52	1.55596
130	58	0.871794
130	69	0.896632
130	84	1.71351
130	91	0.84982
130	112	0.964699
130	115	0.923628
130	119	0.938583
130	128	0.951884
130	131	0.897825
130	134	0.921118
130	141	0.925147
130	142	0.860328
130	143	0.925101
130	145	1.4874
130	147	0.932626
130	153	0.933829
130	154	0.909594
130	155	0.906493
130	157	0.951066
130	159	0.916839
130	161	0.918401
130	170	0.886773
130	171	0.825315
130	173	0.875797
130	174	0.87536
130	176	0.858817
130	178	0.865184
130	179	0.922423
130	180	0.868035
131	24	1.14527
131	27	1.41851
131	33	1.41879
131	35	0.945843
131	51	0.920528
131	64	1.77276
131	75	0.977944
131	79	0.8544
131	80	0.844674
131	106	0.956243
131	115	0.968914
131	123	0.997154
131	130	0.897825
131	133	0.943173
131	135	1.01571
131	136	0.985292
131	140	0.973321
131	160	0.985375
131	162	0.989592
131	163	0.92101
131	165	0.946382
131	166	0.99329
131	167	0.945126
131	168	0.925314
131	169	0.926719
131	170	0.932059
131	171	0.870601
131	172	0.975223
131	173	0.921083
131	175	0.906201
131	176	0.904103
131	178	0.91047
131	180	0.913321
132	12	1.11055
132	51	0.964678
132	70	0.846677
132	78	1.46126
132	89	0.990543
132	97	1.21224
132	100	1.07629
132	102	0.951736
132	117	1.0196
132	118	0.99966
132	125	0.661876
132	135	1.05986
132	140	1.01747
132	141	1.01458
132	145	0.584975
132	146	1.02133
132	148	1.01154
132	154	0.999029
132	155	0.995928
132	156	1.05309
132	157	0.827986
132	162	1.03374
132	164	1.02227
132	165	0.990531
132	167	0.989275
132	168	0.969463
132	169	0.970869
132	170	0.976208
132	171	0.91475
132	172	1.01937
132	174	0.964795
132	175	0.950351
132	177	0.932602
132	178	0.95462
132	180	0.957471
133	21	0.871072
133	58	0.917142
133	106	0.956305
133	107	1.14483
133	111	0.983846
133	117	0.975512
133	118	0.955572
133	121	1.31188
133	128	1.15092
133	131	0.943173
133	140	0.973383
133	141	0.970495
133	146	0.977246
133	153	1.27999
133	154	0.954941
133	155	0.951841
133	157	1.24666
133	160	0.985437
133	162	0.989654
133	165	0.946444
133	166	0.993352
133	167	0.945188
133	168	0.925375
133	169	0.926781
133	170	0.93212
133	171	0.870663
133	172	0.975285
133	173	0.921145
133	174	0.920708
133	175	0.906263
133	176	0.904165
133	178	0.910532
133	180	0.913383
134	5	1.05987
134	25	1.0561
134	46	0.993623
134	48	0.997498
134	49	0.992036
134	50	0.862169
134	54	1.00657
134	55	0.969676
134	56	0.977498
134	59	0.966348
134	60	1.03665
134	62	0.961304
134	63	1.04276
134	77	0.936126
134	99	0.955036
134	101	1.01933
134	109	1.00084
134	111	1.08055
134	115	1.02316
134	119	1.00716
134	122	0.986545
134	125	1.02372
134	126	1.00197
134	129	0.994792
134	130	0.921118
134	143	0.99368
134	147	1.0012
134	151	1.00173
134	153	1.00241
134	154	1.22173
134	157	1.01964
134	158	1.01244
134	164	0.950937
134	168	1.35016
134	173	1.4561
134	179	0.991002
135	57	0.592179
135	67	0.762345
135	74	1.10126
135	87	0.755167
135	90	1.07291
135	108	1.09129
135	127	1.05106
135	131	1.01571
135	132	1.05986
135	136	1.05789
135	137	0.775401
135	141	1.04303
135	146	1.04978
135	150	1.05502
135	153	0.778863
135	156	1.08154
135	158	0.750133
135	159	0.805079
135	160	1.05797
135	162	1.06219
