1	10	0.708651
1	16	0.707378
1	27	0.682355
1	36	0.740958
1	52	0.725721
1	59	0.711195
1	65	0.760226
1	106	0.750623
1	115	2.97074
1	121	0.729412
1	128	0.709586
1	155	4.29616
2	47	0.754144
2	57	0.675845
2	62	0.728794
2	69	0.761809
2	72	0.762024
2	100	3.28481
2	126	0.751165
2	139	0.762801
2	147	0.727334
2	165	3.77791
2	171	0.67448
3	68	0.794385
3	75	0.896298
3	77	0.835342
3	80	0.827277
3	82	0.829545
3	84	0.82947
3	100	1.99394
3	159	3.2489
3	167	3.1115
3	178	0.852322
3	179	0.751611
4	6	0.76611
4	13	0.844533
4	43	0.803211
4	58	0.836137
4	59	0.772896
4	65	0.821927
4	92	2.80973
4	106	0.812325
4	121	0.791113
4	128	0.771288
4	134	1.80448
4	150	4.09436
5	17	0.791173
5	28	0.85507
5	40	0.816154
5	46	0.818165
5	70	0.826494
5	71	0.826709
5	78	2.08734
5	137	2.09274
5	157	0.746767
5	169	0.787954
5	172	4.26432
5	177	0.741644
6	4	0.76611
6	16	0.69237
6	27	0.667347
6	43	0.726501
6	52	0.710713
6	58	0.759428
6	65	0.745218
6	106	0.735615
6	121	0.714404
6	128	0.694578
6	162	3.4526
6	167	4.02741
7	12	0.771556
7	30	0.841402
7	38	0.733046
7	44	0.823098
7	64	0.838733
7	117	1.48919
7	125	0.803701
7	126	0.829249
7	146	0.765451
7	151	0.800593
7	153	2.26862
7	171	5.02014
8	17	0.709435
8	21	0.783634
8	34	0.742231
8	46	0.736427
8	60	0.715815
8	70	0.744756
8	71	0.744971
8	117	3.87369
8	157	0.665029
8	169	0.706216
8	177	0.659906
8	178	3.30412
9	11	0.783207
9	12	0.768693
9	26	0.888284
9	38	0.730183
9	44	0.820234
9	64	0.83587
9	111	3.11351
9	126	0.826385
9	146	0.762588
9	151	0.79773
9	177	4.73916
9	178	1.93329
10	1	0.708651
10	16	0.696613
10	36	0.730193
10	43	0.730744
10	52	0.714956
10	58	0.76367
10	59	0.700429
10	65	0.74946
10	91	3.91218
10	121	0.718646
10	128	0.698821
10	135	3.64016
11	9	0.783207
11	24	0.751011
11	26	0.774911
11	30	0.725165
11	44	0.70686
11	64	0.722496
11	125	0.687464
11	126	0.713012
11	142	3.56527
11	146	0.649214
11	151	0.684356
11	173	3.96129
12	7	0.771556
12	9	0.768693
12	20	0.758964
12	26	0.760396
12	38	0.688534
12	64	0.707982
12	120	2.99145
12	125	0.67295
12	126	0.698497
12	146	0.6347
12	151	0.669842
12	173	4.36101
13	4	0.844533
13	27	0.74577
13	36	0.804373
13	52	0.789136
13	58	0.837851
13	59	0.77461
13	65	0.823641
13	106	0.814038
13	128	0.773002
13	130	2.33624
13	148	3.53459
13	154	4.30044
14	22	0.858109
14	49	0.816182
14	66	0.789469
14	68	0.772527
14	77	0.813485
14	80	0.80542
14	92	2.22884
14	133	0.809815
14	151	2.76223
14	160	4.1203
14	178	0.830465
14	179	0.729753
15	25	0.783576
15	48	0.813041
15	57	0.749478
15	62	0.802428
15	69	0.835443
15	72	0.835658
15	130	2.89711
15	137	2.6573
15	139	0.836435
15	147	0.800967
15	171	0.748113
15	178	2.64338
16	1	0.707378
16	6	0.69237
16	10	0.696613
16	36	0.72892
16	43	0.729471
16	58	0.762397
16	59	0.699156
16	65	0.748187
16	106	0.738585
16	119	4.42095
16	128	0.697548
16	149	3.0718
17	5	0.791173
17	8	0.709435
17	21	0.773695
17	32	0.753601
17	60	0.705876
17	70	0.734818
17	71	0.735032
17	123	3.49605
17	146	3.82244
17	157	0.655091
17	169	0.696277
17	177	0.649967
18	94	0.826762
18	99	0.851301
18	104	0.804704
18	107	0.831566
18	108	0.833475
18	114	0.862663
18	145	1.66108
18	164	1.6493
18	165	0.790533
18	173	0.780953
18	175	5.53784
19	51	0.728664
19	87	0.719894
19	98	0.766257
19	101	0.729658
19	103	0.72263
19	119	0.675154
19	133	0.727391
19	144	0.684535
19	151	2.30172
19	153	0.719629
19	161	0.74232
19	179	5.45239
20	12	0.758964
20	24	0.854655
20	30	0.82881
20	38	0.720454
20	64	0.826141
20	119	4.13175
20	125	0.791109
20	126	0.816656
20	146	0.752859
20	151	0.788001
20	153	2.10901
20	173	2.6246
21	8	0.783634
21	17	0.773695
21	29	0.817737
21	46	0.800687
21	60	0.780075
21	70	0.809017
21	71	0.809231
21	91	2.969
21	129	3.27612
21	157	0.72929
21	169	0.770476
21	172	2.93572
21	177	0.724166
22	14	0.858109
22	68	0.749086
22	80	0.781979
22	82	0.784246
22	84	0.784172
22	93	0.757151
22	117	1.64391
22	128	0.767212
22	139	0.807065
22	148	4.85132
22	162	2.73603
22	178	0.807024
22	179	0.706312
23	39	0.708866
23	85	3.21107
23	89	0.730283
23	90	0.686961
23	94	0.715196
23	97	0.712294
23	99	0.739735
23	104	0.693138
23	108	0.721909
23	110	4.2424
23	114	0.751097
23	165	0.678967
23	173	0.669387
24	11	0.751011
24	20	0.854655
24	30	0.806342
24	38	0.697987
24	44	0.788038
24	64	0.803674
24	125	0.768641
24	126	0.794189
24	145	1.52203
24	146	0.730392
24	151	0.765534
24	163	2.70899
24	171	5.01288
25	15	0.783576
25	37	0.721418
25	48	0.703209
25	55	0.758408
25	57	0.639646
25	62	0.692596
25	69	0.725611
25	72	0.725826
25	123	3.51267
25	139	0.726603
25	147	0.691135
25	167	4.25001
25	171	0.638281
26	9	0.888284
26	11	0.774911
26	12	0.760396
26	44	0.811938
26	64	0.827574
26	125	0.792541
26	126	0.818089
26	127	4.98616
26	142	1.95372
26	146	0.754291
26	151	0.789434
26	165	2.09718
27	1	0.682355
27	6	0.667347
27	13	0.74577
27	36	0.703897
27	43	0.704448
27	52	0.68866
27	58	0.737374
27	59	0.674133
27	65	0.723164
27	106	0.713562
27	112	5.69527
27	121	0.69235
27	128	0.672525
27	164	2.74164
28	5	0.85507
28	29	0.807434
28	34	0.796189
28	40	0.788374
28	60	0.769773
28	70	0.798714
28	71	0.798929
28	146	2.95123
28	157	0.718987
28	163	2.9223
28	169	0.760174
28	172	3.31116
28	177	0.713864
29	21	0.817737
29	28	0.807434
29	32	0.797642
29	34	0.776334
29	40	0.768519
29	60	0.749918
29	70	0.778859
29	71	0.779074
29	134	1.58763
29	156	2.16998
29	157	0.699132
29	169	0.740319
29	177	0.694009
29	180	6.45879
30	7	0.841402
30	11	0.725165
30	20	0.82881
30	24	0.806342
30	38	0.672141
30	44	0.762192
30	64	0.777828
30	121	2.39233
30	125	0.742796
30	126	0.768344
30	146	0.704546
30	147	2.76539
30	151	0.739688
30	177	4.72488
31	66	0.751203
31	68	0.734262
31	75	0.836175
31	77	0.775219
31	82	0.769422
31	84	0.769348
31	128	0.752388
31	131	0.75482
31	139	0.792241
31	145	2.31369
31	165	3.31606
31	174	4.0593
31	178	0.792199
31	179	0.691488
32	17	0.753601
32	29	0.797642
32	34	0.786397
32	40	0.778581
32	46	0.780592
32	60	0.759981
32	70	0.788922
32	71	0.789136
32	111	2.13446
32	127	4.50189
32	157	0.709195
32	160	3.5177
32	169	0.750382
32	177	0.704071
33	83	0.753368
33	94	0.767141
33	95	0.760984
33	99	0.791681
33	104	0.745084
33	107	0.771946
33	108	0.773854
33	114	0.803043
33	140	3.5382
33	152	3.20209
33	161	0.77101
33	165	0.730912
33	170	2.93319
33	173	0.721332
34	8	0.742231
34	28	0.796189
34	29	0.776334
34	32	0.786397
34	40	0.757274
34	46	0.759284
34	60	0.738673
34	70	0.767614
34	71	0.767828
34	96	2.57891
34	143	4.76761
34	157	0.687887
34	164	2.54489
34	169	0.729074
34	177	0.682764
35	37	0.768069
35	47	0.764597
35	48	0.74986
35	55	0.805059
35	57	0.686298
35	62	0.739247
35	69	0.772263
35	72	0.772477
35	126	0.761618
35	139	0.773254
35	147	0.737787
35	162	3.74758
35	163	3.88252
35	171	0.684933
35	178	2.08589
36	1	0.740958
36	10	0.730193
36	13	0.804373
36	16	0.72892
36	27	0.703897
36	43	0.763051
36	52	0.747263
36	58	0.795977
36	59	0.732736
36	106	0.772165
36	116	2.89084
36	121	0.750953
36	128	0.731128
36	141	4.20781
36	170	2.901
37	25	0.721418
37	35	0.768069
37	47	0.765619
37	48	0.750883
37	55	0.806082
37	57	0.68732
37	69	0.773285
37	72	0.7735
37	126	0.762641
37	139	0.774277
37	147	0.738809
37	149	4.07039
37	165	3.65983
37	171	0.685955
37	178	2.04779
38	7	0.733046
38	9	0.730183
38	12	0.688534
38	20	0.720454
38	24	0.697987
38	30	0.672141
38	44	0.653837
38	64	0.755712
38	124	2.74489
38	125	0.63444
38	126	0.746227
38	136	7.13758
38	146	1.26733
38	151	0.717571
38	180	4.98031
39	23	0.708866
39	76	0.747133
39	89	0.768958
39	95	0.747714
39	97	0.750969
39	99	0.77841
39	107	0.758675
39	108	0.760584
39	114	0.789773
39	129	3.03009
39	138	2.08995
39	161	0.757739
39	165	0.717642
39	173	0.708062
39	179	5.81363
40	5	0.816154
40	28	0.788374
40	29	0.768519
40	32	0.778581
40	34	0.757274
40	46	0.751469
40	60	0.730857
40	70	0.759798
40	71	0.760013
40	124	3.26248
40	131	2.12126
40	157	0.680071
40	168	4.21752
40	169	0.721258
40	177	0.674948
41	50	0.753753
41	51	0.747652
41	61	0.792325
41	63	0.798824
41	81	0.739451
41	87	0.738883
41	88	0.741306
41	98	0.785245
41	101	0.748646
41	103	0.741618
41	140	3.62146
41	144	0.703523
41	155	2.69726
41	161	0.761308
41	174	3.81905
42	67	0.716819
42	76	0.753763
42	94	0.760502
42	95	0.754344
42	97	0.7576
42	99	0.785041
42	104	0.738444
42	107	0.765306
42	108	0.767215
42	161	0.76437
42	165	0.724272
42	166	4.32534
42	169	2.85755
42	170	2.87324
42	173	0.714692
43	4	0.803211
43	6	0.726501
43	10	0.730744
43	16	0.729471
43	27	0.704448
43	36	0.763051
43	52	0.747814
43	58	0.796528
43	59	0.733287
43	65	0.782318
43	110	2.69716
43	121	0.751504
43	128	0.731679
43	138	2.93869
43	142	3.92582
44	7	0.823098
44	9	0.820234
44	11	0.70686
44	24	0.788038
44	26	0.811938
44	30	0.762192
44	38	0.653837
44	64	0.759524
44	111	4.18995
44	125	0.724491
44	126	0.750039
44	137	2.07028
44	146	0.686241
44	151	0.721383
44	162	3.71806
45	67	0.719636
45	76	0.756581
45	83	0.749547
45	90	0.735085
45	97	0.760418
45	104	0.741262
45	107	0.768124
45	108	0.770033
45	114	0.799221
45	121	2.6763
45	129	3.7755
45	156	3.76821
45	161	0.767188
45	165	0.72709
45	173	0.71751
46	5	0.818165
46	8	0.736427
46	21	0.800687
46	32	0.780592
46	34	0.759284
46	40	0.751469
46	60	0.732868
46	70	0.761809
46	71	0.762024
46	111	2.16208
46	118	2.73162
46	136	7.26242
46	157	0.682082
46	169	0.723269
46	177	0.676959
47	2	0.754144
47	35	0.764597
47	37	0.765619
47	55	0.802609
47	57	0.683848
47	62	0.736797
47	69	0.769813
47	72	0.770028
47	126	0.759169
47	130	2.36207
47	139	0.770804
47	147	0.735337
47	166	5.11313
47	171	0.682483
47	178	2.10834
48	15	0.813041
48	25	0.703209
48	35	0.74986
48	37	0.750883
48	55	0.787873
48	57	0.669111
48	62	0.722061
48	69	0.755076
48	72	0.755291
48	109	5.94477
48	126	0.744432
48	139	0.756068
48	147	0.7206
48	149	2.50158
48	164	2.13365
48	171	0.667746
49	14	0.816182
49	66	0.7241
49	68	0.707158
49	77	0.748116
49	80	0.740051
49	82	0.742319
49	84	0.742244
49	128	0.725284
49	131	0.727716
49	133	0.744446
49	139	0.765137
49	146	3.21701
49	150	4.30145
49	169	2.92845
49	178	0.765096
49	179	0.664384
50	41	0.753753
50	53	0.750573
50	81	0.738525
50	98	0.78432
50	101	0.74772
50	103	0.740692
50	105	0.747439
50	116	0.717312
50	119	0.693217
50	132	2.37233
50	133	0.745453
50	144	0.702597
50	153	0.737691
50	161	0.760383
50	163	3.44283
50	166	4.65098
51	19	0.728664
51	41	0.747652
51	53	0.744472
51	73	0.797726
51	81	0.732424
51	87	0.731856
51	88	0.73428
51	98	0.778219
51	101	0.741619
51	103	0.734591
51	117	2.91094
51	130	2.59509
51	141	0.680604
51	153	0.73159
51	161	0.754282
51	174	4.69665
52	1	0.725721
52	6	0.710713
52	10	0.714956
52	13	0.789136
52	27	0.68866
52	36	0.747263
52	43	0.747814
52	58	0.78074
52	59	0.717499
52	65	0.76653
52	100	2.63163
52	106	0.756928
52	117	2.08227
52	121	0.735716
52	128	0.715891
52	171	5.61322
53	50	0.750573
53	51	0.744472
53	56	0.796442
53	61	0.789145
53	87	0.735703
53	98	0.782066
53	103	0.738438
53	115	2.89288
53	116	0.715058
53	119	0.690962
53	133	0.743199
53	138	3.46625
53	141	0.68445
53	144	0.700343
53	145	3.59447
53	161	0.758129
54	91	0.68229
54	99	4.62317
54	112	0.630477
54	119	0.638311
54	136	0.613778
54	140	0.680896
54	147	0.675772
54	160	0.642091
54	167	0.672645
54	172	0.653431
54	174	0.656592
54	175	0.6265
54	176	0.613851
54	179	0.610487
54	180	0.616637
55	25	0.758408
55	35	0.805059
55	37	0.806082
55	47	0.802609
55	48	0.787873
55	57	0.72431
55	62	0.77726
55	69	0.810275
55	72	0.81049
55	118	3.71052
55	121	2.09933
55	126	0.799631
55	139	0.811267
55	147	0.775799
55	160	2.79348
55	171	0.722945
55	175	4.81986
56	53	0.796442
56	73	0.849696
56	81	0.784394
56	86	4.32892
56	88	0.78625
56	98	0.830189
56	100	2.48962
56	101	0.793589
56	103	0.786561
56	119	0.739086
56	133	0.791322
56	141	0.732574
56	144	0.748466
56	153	0.78356
56	159	3.74458
56	161	0.806252
56	178	1.37068
57	2	0.675845
57	15	0.749478
57	25	0.639646
57	35	0.686298
57	37	0.68732
57	47	0.683848
57	48	0.669111
57	55	0.72431
57	62	0.658498
57	69	0.691514
57	72	0.691729
57	126	0.68087
57	139	0.692505
57	147	0.657038
57	148	3.24472
57	171	0.604184
57	176	6.66105
58	4	0.836137
58	6	0.759428
58	10	0.76367
58	13	0.837851
58	16	0.762397
58	27	0.737374
58	36	0.795977
58	43	0.796528
58	52	0.78074
58	59	0.766214
58	65	0.815245
58	121	0.784431
58	128	0.764605
58	147	2.2661
58	163	2.26299
58	165	2.07839
58	179	5.77579
59	1	0.711195
59	4	0.772896
59	10	0.700429
59	13	0.77461
59	16	0.699156
59	27	0.674133
59	36	0.732736
59	43	0.733287
59	52	0.717499
59	58	0.766214
59	65	0.752004
59	74	2.04699
59	106	0.742401
59	121	0.72119
59	128	0.701364
59	134	2.98909
59	168	5.40427
60	8	0.715815
60	17	0.705876
60	21	0.780075
60	28	0.769773
60	29	0.749918
60	32	0.759981
60	34	0.738673
60	40	0.730857
60	46	0.732868
60	70	0.741197
60	71	0.741412
60	145	3.30682
60	157	0.661471
60	169	0.702657
60	173	4.56174
60	177	0.656347
60	178	2.69714
61	41	0.792325
61	53	0.789145
61	73	0.842399
61	81	0.777097
61	87	0.776528
61	88	0.778952
61	98	0.822891
61	101	0.786292
61	103	0.779264
61	120	2.11236
61	121	3.04401
61	133	0.784025
61	141	0.725276
61	153	0.776263
61	161	0.798954
61	169	3.15432
61	172	3.80282
62	2	0.728794
62	15	0.802428
62	25	0.692596
62	35	0.739247
62	47	0.736797
62	48	0.722061
62	55	0.77726
62	57	0.658498
62	69	0.744463
62	72	0.744678
62	126	0.733819
62	139	0.745455
62	144	3.45964
62	147	0.709987
62	153	2.77263
62	168	4.45892
62	171	0.657133
63	41	0.798824
63	73	0.848898
63	81	0.783596
63	87	0.783028
63	91	2.31883
63	98	0.829391
63	101	0.792792
63	103	0.785764
63	105	0.79251
63	119	0.738288
63	133	0.790525
63	141	0.731776
63	144	0.747668
63	154	4.64289
63	161	0.805454
63	169	1.63706
63	177	3.85929
64	7	0.838733
64	9	0.83587
64	11	0.722496
64	12	0.707982
64	20	0.826141
64	24	0.803674
64	26	0.827574
64	30	0.777828
64	38	0.755712
64	44	0.759524
64	109	5.65523
64	124	2.2697
64	125	0.740127
64	126	0.765675
64	146	0.701877
64	151	0.737019
64	173	2.05404
64	174	2.54473
65	1	0.760226
65	4	0.821927
65	6	0.745218
65	10	0.74946
65	13	0.823641
65	16	0.748187
65	27	0.723164
65	43	0.782318
65	52	0.76653
65	58	0.815245
65	59	0.752004
65	106	0.791432
65	121	0.770221
65	128	0.750396
65	165	1.81414
65	170	1.7548
65	174	2.55739
65	180	7.00951
66	14	0.789469
66	31	0.751203
66	49	0.7241
66	68	0.680446
66	75	0.782359
66	77	0.721403
66	80	0.713339
66	82	0.715606
66	84	0.715531
66	93	0.68851
66	131	0.701004
66	133	0.717733
66	139	0.738425
66	147	2.32789
66	158	6.80795
66	163	2.32479
66	178	0.738383
66	179	0.637672
67	42	0.716819
67	45	0.719636
67	83	0.702745
67	89	0.731606
67	90	0.688283
67	94	0.716518
67	95	0.710361
67	97	0.713617
67	99	0.741058
67	104	0.694461
67	107	0.721323
67	108	0.723231
67	114	0.75242
67	137	2.53253
67	149	4.54122
67	152	4.34021
67	161	0.720387
67	165	0.680289
67	173	0.670709
68	3	0.794385
68	14	0.772527
68	22	0.749086
68	31	0.734262
68	49	0.707158
68	66	0.680446
68	75	0.765417
68	77	0.704462
68	80	0.696397
68	82	0.698665
68	84	0.69859
68	128	0.68163
68	131	0.684062
68	133	0.700792
68	135	4.05928
68	152	3.93411
68	169	3.64953
68	178	0.721442
68	179	0.62073
69	2	0.761809
69	15	0.835443
69	25	0.725611
69	35	0.772263
69	37	0.773285
69	47	0.769813
69	48	0.755076
69	55	0.810275
69	57	0.691514
69	62	0.744463
69	72	0.777693
69	96	2.77403
69	126	0.766834
69	139	0.77847
69	141	3.94485
69	147	0.743003
69	167	3.32185
69	171	0.690149
69	173	2.94994
70	5	0.826494
70	8	0.744756
70	17	0.734818
70	21	0.809017
70	28	0.798714
70	29	0.778859
70	32	0.788922
70	34	0.767614
70	40	0.759798
70	46	0.761809
70	60	0.741197
70	71	0.770353
70	116	3.30951
70	132	2.49312
70	138	2.24844
70	141	4.62649
70	157	0.690412
70	169	0.731599
70	177	0.685288
71	5	0.826709
71	8	0.744971
71	17	0.735032
71	21	0.809231
71	28	0.798929
71	29	0.779074
71	32	0.789136
71	34	0.767828
71	40	0.760013
71	46	0.762024
71	60	0.741412
71	70	0.770353
71	85	1.45258
71	134	1.86887
71	147	3.0485
71	157	0.690626
71	169	0.731813
71	177	0.685503
71	179	6.55819
72	2	0.762024
72	15	0.835658
72	25	0.725826
72	35	0.772477
72	37	0.7735
72	47	0.770028
72	48	0.755291
72	55	0.81049
72	57	0.691729
72	62	0.744678
72	69	0.777693
72	79	1.80389
72	126	0.767049
72	139	0.778685
72	147	0.743217
72	152	2.48054
72	163	2.45558
72	171	0.690364
72	180	7.46635
73	51	0.797726
73	56	0.849696
73	61	0.842399
73	63	0.848898
73	81	0.789525
73	87	0.788957
73	88	0.79138
73	93	2.3019
73	98	0.83532
73	101	0.79872
73	103	0.791692
73	133	0.796453
73	141	0.737704
73	142	2.06881
73	144	0.753597
73	147	2.39998
73	153	0.788691
73	157	4.36004
73	160	4.11707
73	161	0.811383
74	59	2.04699
74	95	1.76306
74	104	1.84473
74	113	0.710507
74	116	0.719341
74	122	0.706068
74	124	0.72931
74	134	0.773716
74	148	0.698602
74	154	0.688808
74	158	0.671779
74	159	0.706563
74	162	0.71958
74	164	0.740282
74	166	0.694852
74	172	0.710365
74	174	0.713527
74	175	0.683434
74	176	0.670786
74	180	0.673571
75	3	0.896298
75	31	0.836175
75	66	0.782359
75	68	0.765417
75	77	0.806374
75	80	0.79831
75	82	0.800577
75	84	0.800503
75	93	0.773482
75	128	0.783543
75	131	0.785975
75	133	0.802705
75	137	1.8915
75	139	0.823396
75	145	2.48727
75	153	3.2266
75	164	3.53226
75	165	3.48963
75	178	0.823355
75	179	0.722643
76	39	0.747133
76	42	0.753763
76	45	0.756581
76	89	0.76855
76	90	0.725228
76	95	0.747305
76	97	0.750561
76	99	0.778002
76	104	0.731406
76	105	0.744387
76	107	0.758267
76	108	0.760176
76	114	0.789365
76	118	5.55786
76	142	2.59257
76	151	3.28276
76	161	0.757331
76	164	2.77866
76	165	0.717234
76	173	0.707654
77	3	0.835342
77	14	0.813485
77	31	0.775219
77	49	0.748116
77	66	0.721403
77	68	0.704462
77	75	0.806374
77	80	0.737354
77	82	0.739622
77	84	0.739547
77	112	5.50473
77	113	3.83005
77	125	1.91537
77	128	0.722588
77	131	0.725019
77	133	0.741749
77	139	0.76244
77	155	2.12993
77	178	0.762399
77	179	0.661688
78	5	2.08734
78	105	1.54312
78	109	0.673099
78	111	0.732702
78	120	0.752009
78	123	0.729287
78	128	1.71348
78	134	0.766813
78	144	0.697723
78	152	0.705051
78	155	0.735882
78	163	0.727163
78	165	0.715411
78	166	0.687949
78	167	0.722676
78	174	0.706623
78	175	0.67653
78	176	0.663882
78	179	0.660517
78	180	0.666667
79	72	1.80389
79	85	0.815263
79	88	1.297
79	94	1.18126
79	109	0.7181
79	112	0.725508
79	117	0.80006
79	135	0.748768
79	139	0.453356
79	142	0.77967
79	150	0.742411
79	157	0.721882
79	158	0.709875
79	160	0.737122
79	166	0.732949
79	172	0.748462
79	173	0.750831
79	174	0.751624
79	176	0.708882
79	177	0.716759
79	180	0.711668
80	3	0.827277
80	14	0.80542
80	22	0.781979
80	49	0.740051
80	66	0.713339
80	68	0.696397
80	75	0.79831
80	77	0.737354
80	82	0.731557
80	84	0.731483
80	93	0.704462
80	121	1.78803
80	128	0.714523
80	131	0.716955
80	133	0.733685
80	139	0.754376
80	141	3.22085
80	155	1.59485
80	176	7.55466
80	178	0.754335
80	179	0.653623
81	41	0.739451
81	50	0.738525
81	51	0.732424
81	56	0.784394
81	61	0.777097
81	63	0.783596
81	73	0.789525
81	85	1.65124
81	87	0.723655
81	88	0.726078
81	98	0.770017
81	101	0.733418
81	102	4.56672
81	103	0.72639
81	105	0.733136
81	116	0.70301
81	124	4.52292
81	137	2.45658
81	144	0.688295
81	153	0.723389
81	161	0.74608
82	3	0.829545
82	22	0.784246
82	31	0.769422
82	49	0.742319
82	66	0.715606
82	68	0.698665
82	75	0.800577
82	77	0.739622
82	80	0.731557
82	84	0.73375
82	93	0.706729
82	128	0.716791
82	131	0.719222
82	133	0.735952
82	139	0.756643
82	150	4.26895
82	155	2.59244
82	159	3.73285
82	170	2.91164
82	178	0.756602
82	179	0.655891
83	33	0.753368
83	45	0.749547
83	67	0.702745
83	89	0.761516
83	90	0.718194
83	94	0.746428
83	95	0.740271
83	97	0.743527
83	99	0.770968
83	104	0.724371
83	105	0.737353
83	107	0.751233
83	108	0.753142
83	114	0.78233
83	115	1.96943
83	116	3.60388
83	161	0.750297
83	165	0.710199
83	170	3.61404
83	172	4.24684
83	173	0.700619
84	3	0.82947
84	22	0.784172
84	31	0.769348
84	49	0.742244
84	66	0.715531
84	68	0.69859
84	75	0.800503
84	77	0.739547
84	80	0.731483
84	82	0.73375
84	93	0.706655
84	116	2.19577
84	128	0.716716
84	131	0.719148
84	133	0.735877
84	139	0.756569
84	146	2.4788
84	171	4.75376
84	177	4.41247
84	178	0.756527
84	179	0.655816
85	23	3.21107
85	71	1.45258
85	79	0.815263
85	81	1.65124
85	89	0.893815
85	122	0.726349
85	127	0.71988
85	134	0.793997
85	138	0.771913
85	154	0.709089
85	155	0.763067
85	156	0.743223
85	159	0.726844
85	163	0.754348
85	164	0.760563
85	169	0.745253
85	170	0.750366
85	174	0.733808
85	175	0.703715
85	176	0.691066
85	180	0.693852
86	56	4.32892
86	98	2.56918
86	102	0.668375
86	116	0.670977
86	129	0.669945
86	131	0.682388
86	141	0.640369
86	142	0.693209
86	145	0.710674
86	148	0.650237
86	151	0.679518
86	152	0.66359
86	155	0.694422
86	158	0.623414
86	164	0.691918
86	168	0.647727
86	170	0.681721
86	174	0.665162
86	175	0.63507
86	176	0.622421
86	180	0.625207
87	19	0.719894
87	41	0.738883
87	51	0.731856
87	53	0.735703
87	61	0.776528
87	63	0.783028
87	73	0.788957
87	81	0.723655
87	88	0.72551
87	98	0.769449
87	101	0.73285
87	103	0.725822
87	105	0.732568
87	113	4.43693
87	116	0.702441
87	122	4.16027
87	141	0.671834
87	144	0.687727
87	153	0.722821
87	156	4.0219
87	161	0.745512
87	178	1.50331
88	41	0.741306
88	51	0.73428
88	56	0.78625
88	61	0.778952
88	73	0.79138
88	79	1.297
88	81	0.726078
88	87	0.72551
88	98	0.771873
88	101	0.735274
88	103	0.728246
88	105	0.734992
88	116	0.704865
88	119	0.68077
88	131	3.12991
88	133	0.733007
88	135	4.13763
88	141	0.674258
88	144	0.69015
88	151	4.34964
88	153	0.725244
88	161	0.747936
89	23	0.730283
89	39	0.768958
89	67	0.731606
89	76	0.76855
89	83	0.761516
89	85	0.893815
89	90	0.747054
89	94	0.775289
89	95	0.769131
89	97	0.772387
89	99	0.799828
89	104	0.753231
89	106	0.786103
89	107	0.780093
89	108	0.782002
89	114	0.81119
89	120	2.18027
89	132	2.41137
89	143	5.56262
89	161	0.779157
89	165	0.73906
89	170	3.23793
89	173	0.72948
90	23	0.686961
90	45	0.735085
90	67	0.688283
90	76	0.725228
90	83	0.718194
90	89	0.747054
90	94	0.731967
90	95	0.725809
90	97	0.729065
90	99	0.756506
90	104	0.709909
90	105	0.722891
90	106	0.742781
90	107	0.736771
90	108	0.73868
90	114	0.767868
90	144	3.51046
90	153	2.82344
90	161	0.735835
90	165	0.695737
90	166	4.47922
90	173	0.686157
90	174	3.82972
91	10	3.91218
91	21	2.969
91	54	0.68229
91	63	2.31883
91	100	0.736569
91	109	0.662342
91	115	0.749762
91	116	0.70168
91	129	0.700648
91	136	0.653051
91	143	0.667695
91	149	0.694223
91	150	0.686653
91	154	0.671146
91	158	0.654117
91	160	0.681364
91	162	0.701919
91	163	0.716406
91	164	0.722621
91	167	0.711918
91	170	0.712424
91	175	0.665773
91	180	0.65591
92	4	2.80973
92	14	2.22884
92	96	0.707245
92	114	2.8506
92	116	0.694242
92	117	0.736864
92	136	0.645613
92	138	0.726534
92	140	0.712731
92	141	0.663635
92	142	0.716474
92	154	0.663709
92	155	0.717687
92	156	0.697843
92	162	0.694482
92	164	0.715183
92	168	0.670992
92	170	0.704987
92	175	0.658335
92	176	0.645687
92	177	0.653563
92	178	0.743034
92	180	0.648472
93	22	0.757151
93	66	0.68851
93	73	2.3019
93	75	0.773482
93	80	0.704462
93	82	0.706729
93	84	0.706655
93	97	1.70107
93	108	2.31784
93	115	0.728797
93	118	0.671965
93	139	0.729548
93	162	0.680954
93	169	0.686346
93	170	0.691459
93	171	0.641226
93	172	0.671739
93	173	0.674108
93	175	0.644808
93	176	0.632159
93	178	0.729506
93	179	0.628795
93	180	0.634945
94	18	0.826762
94	23	0.715196
94	33	0.767141
94	42	0.760502
94	67	0.716518
94	79	1.18126
94	83	0.746428
94	89	0.775289
94	90	0.731967
94	95	0.754044
94	97	0.7573
94	99	0.784741
94	104	0.738144
94	106	0.771016
94	107	0.765006
94	108	0.766915
94	114	0.796103
94	125	3.09408
94	153	3.42414
94	155	3.30863
94	161	0.76407
94	162	3.73682
94	165	0.723972
94	173	0.714392
95	33	0.760984
95	39	0.747714
95	42	0.754344
95	67	0.710361
95	74	1.76306
95	76	0.747305
95	83	0.740271
95	89	0.769131
95	90	0.725809
95	94	0.754044
95	97	0.751142
95	99	0.778583
95	104	0.731986
95	105	0.744968
95	106	0.764858
95	107	0.758848
95	108	0.760757
95	114	0.789945
95	131	3.02407
95	134	2.70515
95	144	4.12106
95	161	0.757912
95	164	3.7397
95	165	0.717815
95	173	0.708235
96	34	2.57891
96	69	2.77403
96	92	0.707245
96	110	0.722332
96	130	0.747353
96	134	0.749174
96	135	0.686129
96	139	3.03591
96	142	0.717031
96	150	0.679772
96	152	0.687412
96	154	0.664265
96	156	0.698399
96	158	0.647236
96	160	0.674483
96	162	0.695038
96	166	0.67031
96	168	0.671549
96	171	0.65531
96	173	0.688192
96	174	0.688984
96	175	0.658892
96	177	0.65412
96	180	0.649029
97	23	0.712294
97	39	0.750969
97	42	0.7576
97	45	0.760418
97	67	0.713617
97	76	0.750561
97	83	0.743527
97	89	0.772387
97	90	0.729065
97	93	1.70107
97	94	0.7573
97	95	0.751142
97	99	0.781839
97	104	0.735242
97	105	0.748224
97	107	0.762104
97	108	0.764013
97	113	2.93303
97	114	0.793201
97	151	2.15817
97	157	3.75921
97	161	0.761168
97	165	0.72107
97	173	0.71149
97	175	5.54262
98	19	0.766257
98	41	0.785245
98	50	0.78432
98	51	0.778219
98	53	0.782066
98	56	0.830189
98	61	0.822891
98	63	0.829391
98	73	0.83532
98	81	0.770017
98	86	2.56918
98	87	0.769449
98	88	0.771873
98	101	0.779213
98	103	0.772185
98	116	0.748804
98	119	0.724709
98	123	2.26687
98	127	4.11196
98	133	0.776946
98	141	0.718197
98	153	0.769184
98	161	0.791875
98	173	1.47554
98	176	6.80426
98	178	2.15351
99	18	0.851301
99	23	0.739735
99	33	0.791681
99	39	0.77841
99	42	0.785041
99	54	4.62317
99	67	0.741058
99	76	0.778002
99	83	0.770968
99	89	0.799828
99	90	0.756506
99	94	0.784741
99	95	0.778583
99	97	0.781839
99	102	2.1996
99	104	0.762683
99	107	0.789545
99	108	0.791454
99	114	0.820642
99	119	3.44729
99	140	2.23325
99	156	2.59414
99	161	0.788609
99	165	0.748511
99	167	2.31205
99	173	0.738931
100	2	3.28481
100	3	1.99394
100	52	2.63163
100	56	2.48962
100	91	0.736569
100	102	0.714085
100	112	0.684756
100	120	0.756258
100	124	0.726655
100	129	0.715654
100	137	0.774869
100	138	0.748978
100	149	0.70923
100	151	0.725227
100	152	0.7093
100	154	0.686153
100	162	0.716925
100	168	0.693436
100	169	0.722317
100	170	0.727431
100	171	0.677198
100	172	0.70771
100	175	0.680779
100	176	0.668131
100	177	0.676007
100	180	0.670916
101	19	0.729658
101	41	0.748646
101	50	0.74772
101	51	0.741619
101	56	0.793589
101	61	0.786292
101	63	0.792792
101	73	0.79872
101	81	0.733418
101	87	0.73285
101	88	0.735274
101	98	0.779213
101	103	0.735585
101	105	0.742332
101	116	0.712205
101	119	0.68811
101	133	0.740346
101	134	1.83227
101	140	1.94442
101	141	0.681598
101	144	0.69749
101	151	1.94548
101	153	0.732584
101	161	0.755276
101	175	5.32993
101	176	6.98003
102	81	4.56672
102	86	0.668375
102	99	2.1996
102	100	0.714085
102	109	0.639857
102	122	0.665922
102	130	0.73175
102	133	2.27888
102	137	0.737378
102	140	0.697684
102	143	0.64521
102	144	0.66448
102	145	0.718892
102	146	0.652594
102	153	0.699574
102	163	0.693921
102	166	0.654706
102	167	0.689433
102	168	0.655945
102	170	0.68994
102	172	0.670219
102	174	0.673381
102	176	0.630639
102	177	0.638516
102	178	0.727987
102	180	0.633425
103	19	0.72263
103	41	0.741618
103	50	0.740692
103	51	0.734591
103	53	0.738438
103	56	0.786561
103	61	0.779264
103	63	0.785764
103	73	0.791692
103	81	0.72639
103	87	0.725822
103	88	0.728246
103	98	0.772185
103	101	0.735585
103	105	0.735304
103	110	2.46137
103	116	0.705177
103	119	0.681082
103	131	3.16049
103	133	0.733318
103	141	0.67457
103	144	0.690462
103	152	4.04305
103	153	0.725556
103	161	0.748248
103	169	3.75846
103	170	3.77415
104	18	0.804704
104	23	0.693138
104	33	0.745084
104	42	0.738444
104	45	0.741262
104	67	0.694461
104	74	1.84473
104	76	0.731406
104	83	0.724371
104	89	0.753231
104	90	0.709909
104	94	0.738144
104	95	0.731986
104	97	0.735242
104	99	0.762683
104	105	0.729068
104	106	0.748958
104	107	0.742948
104	108	0.744857
104	114	0.774045
104	120	2.66174
104	159	4.54061
104	161	0.742012
104	165	0.701915
104	172	4.3522
104	173	0.692335
104	178	2.1667
105	50	0.747439
105	63	0.79251
105	76	0.744387
105	78	1.54312
105	81	0.733136
105	83	0.737353
105	87	0.732568
105	88	0.734992
105	90	0.722891
105	95	0.744968
105	97	0.748224
105	101	0.742332
105	103	0.735304
105	104	0.729068
105	107	0.75593
105	114	0.787027
105	116	0.711923
105	132	2.26074
105	138	2.01606
105	141	0.681316
105	144	0.697209
105	153	0.732303
105	157	5.29441
105	160	5.05144
105	161	0.754994
105	165	0.714897
105	173	0.705316
106	1	0.750623
106	4	0.812325
106	6	0.735615
106	13	0.814038
106	16	0.738585
106	27	0.713562
106	36	0.772165
106	52	0.756928
106	59	0.742401
106	65	0.791432
106	89	0.786103
106	90	0.742781
106	94	0.771016
106	95	0.764858
106	104	0.748958
106	107	0.77582
106	108	0.777729
106	114	0.806917
106	128	0.740793
106	153	1.77555
106	157	4.18635
106	161	0.774884
106	165	0.734786
106	166	3.43133
106	167	2.66305
106	173	0.725206
106	175	5.96975
106	178	1.58586
107	18	0.831566
107	33	0.771946
107	39	0.758675
107	42	0.765306
107	45	0.768124
107	67	0.721323
107	76	0.758267
107	83	0.751233
107	89	0.780093
107	90	0.736771
107	94	0.765006
107	95	0.758848
107	97	0.762104
107	99	0.789545
107	104	0.742948
107	105	0.75593
107	106	0.77582
107	108	0.771719
107	110	2.19907
107	114	0.800907
107	120	2.45419
107	125	2.9781
107	138	2.4406
107	144	3.99518
107	159	4.33306
107	161	0.768874
107	165	0.728777
107	173	0.719196
108	18	0.833475
108	23	0.721909
108	33	0.773854
108	39	0.760584
108	42	0.767215
108	45	0.770033
108	67	0.723231
108	76	0.760176
108	83	0.753142
108	89	0.782002
108	90	0.73868
108	93	2.31784
108	94	0.766915
108	95	0.760757
108	97	0.764013
108	99	0.791454
108	104	0.744857
108	106	0.777729
108	107	0.771719
108	114	0.802816
108	122	3.27315
108	125	1.63513
108	135	2.56294
108	154	5.15902
108	156	3.13478
108	161	0.770783
108	165	0.730685
108	173	0.721105
109	48	5.94477
109	64	5.65523
109	78	0.673099
109	79	0.7181
109	91	0.662342
109	102	0.639857
109	113	0.633624
109	115	0.69054
109	116	0.642458
109	118	0.633708
109	124	0.652427
109	125	0.654107
109	127	0.622716
109	132	0.695497
109	137	0.700641
109	138	0.67475
109	150	0.627431
109	155	0.665903
109	156	0.646059
109	164	0.663399
109	166	0.617969
109	168	0.619208
109	170	0.653203
109	172	0.633482
109	174	0.636644
109	175	0.606551
109	176	0.593903
109	179	0.590538
109	180	0.596688
110	23	4.2424
110	43	2.69716
110	96	0.722332
110	103	2.46137
110	107	2.19907
110	111	0.729593
110	116	0.709329
110	118	0.700579
110	124	0.719298
110	136	0.6607
110	137	0.767512
110	140	0.727818
110	143	0.675344
110	144	0.694615
110	146	0.682728
110	152	0.701943
110	158	0.661767
110	159	0.696551
110	160	0.689013
110	164	0.73027
110	166	0.68484
110	168	0.686079
110	172	0.700353
110	173	0.702722
110	174	0.703515
110	175	0.673422
110	176	0.660774
110	179	0.657409
110	180	0.663559
111	9	3.11351
111	32	2.13446
111	44	4.18995
111	46	2.16208
111	78	0.732702
111	110	0.729593
111	112	0.670131
111	124	0.712029
111	129	0.701029
111	130	0.754615
111	138	0.734352
111	145	0.741758
111	148	0.681321
111	150	0.687034
111	152	0.694674
111	154	0.671527
111	158	0.654498
111	159	0.689282
111	160	0.681745
111	162	0.7023
111	166	0.677572
111	167	0.712299
111	170	0.712805
111	171	0.662572
111	172	0.693085
111	175	0.666153
111	178	0.750852
111	179	0.65014
111	180	0.65629
112	27	5.69527
112	54	0.630477
112	77	5.50473
112	79	0.725508
112	100	0.684756
112	111	0.670131
112	120	0.689438
112	122	0.636593
112	138	0.682158
112	140	0.668356
112	141	0.619259
112	145	0.689564
112	148	0.629127
112	149	0.64241
112	154	0.619333
112	159	0.637088
112	160	0.62955
112	164	0.670807
112	166	0.625378
112	171	0.610378
112	172	0.640891
112	173	0.64326
112	174	0.644052
112	175	0.613959
112	176	0.601311
112	178	0.698658
112	179	0.597946
112	180	0.604096
113	74	0.710507
113	77	3.83005
113	87	4.43693
113	97	2.93303
113	109	0.633624
113	117	0.715585
113	123	0.689812
113	124	0.682931
113	125	0.684612
113	129	0.67193
113	132	0.726001
113	146	0.646362
113	149	0.665506
113	150	0.657935
113	156	0.676563
113	159	0.660184
113	162	0.673202
113	163	0.687688
113	164	0.693903
113	165	0.675936
113	166	0.648473
113	167	0.683201
113	168	0.649712
113	174	0.667148
113	175	0.637055
113	176	0.624407
113	178	0.721754
113	180	0.627192
114	18	0.862663
114	23	0.751097
114	33	0.803043
114	39	0.789773
114	45	0.799221
114	67	0.75242
114	76	0.789365
114	83	0.78233
114	89	0.81119
114	90	0.767868
114	92	2.8506
114	94	0.796103
114	95	0.789945
114	97	0.793201
114	99	0.820642
114	104	0.774045
114	105	0.787027
114	106	0.806917
114	107	0.800907
114	108	0.802816
114	123	2.7244
114	131	2.16427
114	132	1.95137
114	142	2.69381
114	150	4.13524
114	161	0.799971
114	164	2.8799
114	165	0.759874
114	173	0.750294
115	1	2.97074
115	53	2.89288
115	83	1.96943
115	91	0.749762
115	93	0.728797
115	109	0.69054
115	129	0.728847
115	134	0.784254
115	137	0.788061
115	139	1.25531
115	144	0.715164
115	148	0.709139
115	152	0.722492
115	156	0.733479
115	159	0.7171
115	160	0.709563
115	161	0.00953678
115	162	0.730118
115	163	0.744604
115	164	0.75082
115	166	0.70539
115	167	0.740117
115	171	0.69039
115	174	0.724064
115	175	0.693972
115	176	0.681323
115	177	0.689199
115	178	0.77867
115	180	0.684108
116	36	2.89084
116	50	0.717312
116	53	0.715058
116	70	3.30951
116	74	0.719341
116	81	0.70301
116	83	3.60388
116	84	2.19577
116	86	0.670977
116	87	0.702441
116	88	0.704865
116	91	0.70168
116	92	0.694242
116	98	0.748804
116	101	0.712205
116	103	0.705177
116	105	0.711923
116	109	0.642458
116	110	0.709329
116	127	0.662054
116	133	0.709938
116	153	0.702176
116	160	0.66148
116	161	0.724867
116	166	0.657307
116	168	0.658546
116	170	0.692541
116	174	0.675982
116	177	0.641117
116	180	0.636026
117	7	1.48919
117	8	3.87369
117	22	1.64391
117	51	2.91094
117	52	2.08227
117	79	0.80006
117	92	0.736864
117	113	0.715585
117	119	0.700323
117	123	0.741268
117	127	0.704676
117	132	0.777457
117	137	0.782601
117	138	0.75671
117	147	0.737784
117	149	0.716962
117	156	0.728019
117	158	0.676856
117	159	0.71164
117	160	0.704103
117	166	0.69993
117	167	0.734657
117	168	0.701169
117	170	0.735163
117	172	0.715443
117	174	0.718604
117	175	0.688512
117	176	0.675863
117	179	0.672499
117	180	0.678649
118	46	2.73162
118	55	3.71052
118	76	5.55786
118	93	0.671965
118	109	0.633708
118	110	0.700579
118	120	0.712618
118	122	0.659773
118	127	0.653304
118	132	0.726085
118	134	0.727421
118	137	0.731229
118	141	0.642439
118	149	0.66559
118	151	0.681587
118	152	0.66566
118	155	0.696491
118	157	0.63749
118	158	0.625484
118	159	0.660268
118	162	0.673285
118	163	0.687772
118	166	0.648557
118	168	0.649796
118	170	0.68379
118	172	0.66407
118	175	0.637139
118	176	0.62449
118	177	0.632367
118	180	0.627276
119	16	4.42095
119	19	0.675154
119	20	4.13175
119	50	0.693217
119	53	0.690962
119	54	0.638311
119	56	0.739086
119	63	0.738288
119	88	0.68077
119	98	0.724709
119	99	3.44729
119	101	0.68811
119	103	0.681082
119	117	0.700323
119	123	0.67455
119	127	0.637959
119	141	0.627094
119	143	0.623716
119	144	0.642986
119	153	0.67808
119	158	0.610139
119	159	0.644923
119	161	0.700772
119	163	0.672427
119	166	0.633212
119	170	0.668446
119	172	0.648725
119	173	0.651094
119	175	0.621794
119	180	0.611931
120	12	2.99145
120	61	2.11236
120	78	0.752009
120	89	2.18027
120	100	0.756258
120	104	2.66174
120	107	2.45419
120	112	0.689438
120	118	0.712618
120	127	0.701626
120	130	0.773923
120	131	0.73278
120	134	0.775744
120	135	0.712699
120	143	0.687384
120	145	0.761066
120	148	0.700629
120	149	0.713912
120	156	0.724969
120	159	0.70859
120	160	0.701052
120	163	0.736094
120	166	0.696879
120	168	0.698118
120	170	0.732113
120	172	0.712393
120	174	0.715554
120	175	0.685461
120	176	0.672813
120	177	0.680689
120	180	0.675598
121	1	0.729412
121	4	0.791113
121	6	0.714404
121	10	0.718646
121	27	0.69235
121	30	2.39233
121	36	0.750953
121	43	0.751504
121	45	2.6763
121	52	0.735716
121	55	2.09933
121	58	0.784431
121	59	0.72119
121	61	3.04401
121	65	0.770221
121	80	1.78803
121	128	0.719582
121	132	0.76364
121	135	0.701932
121	138	0.742893
121	145	0.750299
121	154	0.680068
121	167	0.72084
121	168	0.687352
121	169	0.716233
121	172	0.701626
121	175	0.674695
121	176	0.662046
121	179	0.658682
121	180	0.664832
122	74	0.706068
122	85	0.726349
122	87	4.16027
122	102	0.665922
122	108	3.27315
122	112	0.636593
122	118	0.659773
122	123	0.685373
122	124	0.678492
122	127	0.648781
122	130	0.721078
122	133	2.81178
122	135	0.659854
122	138	0.700815
122	145	0.708221
122	148	0.647784
122	151	0.677065
122	152	0.661137
122	155	0.691968
122	156	0.672124
122	158	0.620961
122	163	0.683249
122	168	0.645273
122	170	0.679268
122	174	0.662709
122	175	0.632616
122	176	0.619968
122	178	0.717315
122	180	0.622753
123	17	3.49605
123	25	3.51267
123	78	0.729287
123	98	2.26687
123	113	0.689812
123	114	2.7244
123	117	0.741268
123	119	0.67455
123	122	0.685373
123	127	0.678904
123	135	0.689976
123	137	0.756829
123	141	0.668038
123	142	0.720878
123	143	0.664661
123	144	0.683931
123	152	0.691259
123	155	0.722091
123	157	0.66309
123	158	0.651084
123	162	0.698885
123	163	0.713372
123	166	0.674157
123	170	0.70939
123	172	0.68967
123	174	0.692832
123	175	0.662739
123	176	0.65009
123	178	0.747437
123	180	0.652876
124	38	2.74489
124	40	3.26248
124	64	2.2697
124	74	0.72931
124	81	4.52292
124	100	0.726655
124	109	0.652427
124	110	0.719298
124	111	0.712029
124	113	0.682931
124	122	0.678492
124	127	0.672023
124	136	0.643137
124	137	0.749948
124	143	0.657781
124	145	0.731463
124	146	0.665165
124	148	0.671026
124	150	0.676738
124	151	0.700307
124	155	0.71521
124	158	0.644203
124	160	0.671449
124	162	0.692005
124	163	0.706491
124	168	0.668515
124	170	0.70251
124	175	0.655858
124	176	0.64321
124	178	0.740557
124	179	0.639845
124	180	0.645995
125	7	0.803701
125	11	0.687464
125	12	0.67295
125	20	0.791109
125	24	0.768641
125	26	0.792541
125	30	0.742796
125	38	0.63444
125	44	0.724491
125	64	0.740127
125	77	1.91537
125	94	3.09408
125	107	2.9781
125	108	1.63513
125	109	0.654107
125	113	0.684612
125	126	0.730643
125	130	0.746
125	137	0.751628
125	139	2.36617
125	140	0.711935
125	142	0.715678
125	146	0.666845
125	148	0.672706
125	149	0.685989
125	151	0.701987
125	152	0.686059
125	156	0.697046
125	158	0.645883
125	160	0.67313
125	173	0.686839
125	174	0.687631
125	180	0.647675
126	2	0.751165
126	7	0.829249
126	9	0.826385
126	11	0.713012
126	12	0.698497
126	20	0.816656
126	24	0.794189
126	26	0.818089
126	30	0.768344
126	35	0.761618
126	37	0.762641
126	38	0.746227
126	44	0.750039
126	47	0.759169
126	48	0.744432
126	55	0.799631
126	57	0.68087
126	62	0.733819
126	64	0.765675
126	69	0.766834
126	72	0.767049
126	125	0.730643
126	132	2.11107
126	139	0.767826
126	144	2.11366
126	146	0.692393
126	147	0.732358
126	151	0.727535
126	158	6.35743
126	167	2.31413
126	169	1.61463
126	171	0.679505
126	174	2.43292
126	180	6.88504
127	26	4.98616
127	32	4.50189
127	85	0.71988
127	98	4.11196
127	109	0.622716
127	116	0.662054
127	117	0.704676
127	118	0.653304
127	119	0.637959
127	120	0.701626
127	122	0.648781
127	123	0.678904
127	124	0.672023
127	136	0.613425
127	143	0.628069
127	145	0.701752
127	148	0.641315
127	149	0.654598
127	150	0.647027
127	151	0.670596
127	152	0.654668
127	155	0.685499
127	159	0.649276
127	160	0.641738
127	164	0.682995
127	165	0.665028
127	167	0.672293
127	168	0.638804
127	170	0.672799
127	172	0.653078
127	174	0.65624
127	175	0.626147
127	177	0.621375
127	180	0.616284
128	1	0.709586
128	4	0.771288
128	6	0.694578
128	10	0.698821
128	13	0.773002
128	16	0.697548
128	22	0.767212
128	27	0.672525
128	31	0.752388
128	36	0.731128
128	43	0.731679
128	49	0.725284
128	52	0.715891
128	58	0.764605
128	59	0.701364
128	65	0.750396
128	68	0.68163
128	75	0.783543
128	77	0.722588
128	78	1.71348
128	80	0.714523
128	82	0.716791
128	84	0.716716
128	106	0.740793
128	121	0.719582
128	131	0.702188
128	133	0.718918
128	139	0.739609
128	140	3.86267
128	145	2.31464
128	146	3.53052
128	174	4.06025
128	177	5.4642
128	178	0.739568
128	179	0.638856
129	21	3.27612
129	39	3.03009
129	45	3.7755
129	86	0.669945
129	91	0.700648
129	100	0.715654
129	111	0.701029
129	113	0.67193
129	115	0.728847
129	130	0.733319
129	134	0.73514
129	135	0.672095
129	140	0.699254
129	142	0.702997
129	143	0.64678
129	144	0.66605
129	146	0.654164
129	149	0.673308
129	150	0.665738
129	157	0.645209
129	158	0.633202
129	159	0.667986
129	161	2.62734
129	162	0.681004
129	163	0.69549
129	166	0.656276
129	167	0.691003
129	169	0.686396
129	170	0.691509
129	171	0.641276
129	173	0.674158
129	174	0.67495
129	175	0.644857
129	176	0.632209
129	180	0.634994
130	13	2.33624
130	15	2.89711
130	47	2.36207
130	51	2.59509
130	96	0.747353
130	102	0.73175
130	111	0.754615
130	120	0.773923
130	122	0.721078
130	125	0.746
130	129	0.733319
130	133	0.408554
130	134	0.788726
130	135	0.725682
130	136	0.685722
130	143	0.700366
130	147	0.747716
130	149	0.726895
130	151	0.742892
130	154	0.703818
130	155	0.757796
130	157	0.698795
130	160	0.714035
130	161	0.355182
130	163	0.749077
130	166	0.709862
130	168	0.711101
130	172	0.725375
130	173	0.727744
130	174	0.728537
