1	8	1.04142
1	20	1.04435
1	28	1.02006
1	57	1.07583
1	62	1.07644
1	69	1.05784
1	78	1.05037
1	79	1.10769
1	83	1.1077
1	146	1.11341
1	151	1.45509
1	172	1.34246
2	20	1.04395
2	28	1.01966
2	45	1.02941
2	57	1.07543
2	62	1.07605
2	69	1.05744
2	78	1.04997
2	79	1.10729
2	83	1.1073
2	134	1.35741
2	143	1.1316
2	177	1.39026
3	4	1.05615
3	35	2.6
3	48	0.964383
3	55	0.968055
3	58	0.950447
3	70	0.930041
3	71	0.929692
3	72	0.929401
3	126	0.952253
3	144	1.04786
3	147	1.0133
3	155	0.953761
4	3	1.05615
4	48	1.08244
4	58	1.0685
4	70	1.0481
4	71	1.04775
4	72	1.04746
4	124	1.00306
4	126	1.07031
4	142	1.26512
4	147	1.13136
4	155	1.07182
4	166	1.56247
5	60	0.944368
5	99	0.991752
5	102	0.992591
5	117	0.928114
5	120	0.972991
5	122	0.957169
5	123	0.949744
5	147	0.995157
5	156	1.49946
5	163	0.946885
5	165	0.933468
5	167	1.89703
6	95	0.59203
6	96	0.692878
6	154	0.970484
6	162	0.972683
6	164	0.976151
6	167	1.0045
6	173	0.921514
6	175	0.966417
6	177	0.982487
6	178	0.92152
6	179	0.930175
6	180	0.941118
7	15	0.941923
7	17	0.945332
7	21	0.957595
7	34	1.0323
7	36	0.937236
7	44	0.998614
7	61	1.05395
7	64	0.960861
7	131	1.65793
7	136	0.935523
7	149	0.89641
7	159	1.7846
8	1	1.04142
8	12	1.03998
8	20	0.892419
8	22	1.04167
8	57	0.923901
8	62	0.924516
8	69	0.905914
8	78	0.898442
8	79	0.955759
8	83	0.955767
8	156	1.44512
8	166	1.90846
9	15	1.05172
9	29	1.03182
9	36	1.04703
9	43	1.11715
9	44	1.10841
9	61	1.16375
9	64	1.07065
9	116	0.782735
9	136	1.04532
9	146	1.24876
9	149	1.0062
9	161	1.72058
10	37	0.88208
10	42	0.961557
10	47	0.938686
10	51	0.958275
10	53	0.950884
10	63	0.94919
10	65	1.01325
10	67	1.00635
10	73	0.932166
10	77	0.993803
10	158	1.01332
10	173	2.47089
11	76	1.9877
11	148	0.866009
11	151	0.902372
11	157	0.856424
11	162	0.891466
11	167	0.923288
11	173	0.840297
11	176	0.867054
11	177	0.90127
11	178	0.840303
11	179	0.848959
11	180	0.859901
12	8	1.03998
12	20	1.0429
12	28	1.01862
12	57	1.07439
12	62	1.075
12	69	1.0564
12	78	1.04893
12	79	1.10624
12	83	1.10625
12	133	1.44546
12	153	1.16521
12	167	1.35473
13	45	0.914465
13	69	0.942504
13	78	0.935033
13	79	0.992349
13	83	0.992357
13	127	0.969338
13	138	0.976471
13	140	0.974512
13	153	1.36832
13	159	0.934615
13	160	0.935268
13	175	2.07963
14	30	1.12131
14	48	1.07361
14	55	1.07728
14	70	1.03927
14	71	1.03892
14	72	1.03863
14	126	1.06148
14	147	1.12253
14	155	1.06299
14	160	1.22333
14	164	1.64945
14	171	1.09846
15	7	0.941923
15	9	1.05172
15	21	0.945687
15	29	0.910121
15	43	0.995447
15	44	0.986706
15	61	1.04205
15	64	0.948952
15	136	0.923614
15	143	1.53978
15	149	0.884501
15	171	1.86637
16	46	1.07384
16	95	1.12291
16	105	1.04537
16	113	1.07456
16	119	1.08844
16	127	1.05882
16	140	1.064
16	142	0.800584
16	159	1.0241
16	163	1.06681
16	171	1.05668
16	174	2.0978
17	7	0.945332
17	21	0.949095
17	34	1.0238
17	36	0.928736
17	43	0.998856
17	61	1.04545
17	64	0.952361
17	80	0.994468
17	103	1.55872
17	136	0.927022
17	149	0.88791
17	165	1.77139
18	35	1.04832
18	65	0.0965321
18	120	0.429345
18	147	0.250893
18	166	1.09308
18	169	1.05634
18	171	1.10354
18	176	1.06304
18	177	1.09725
18	178	1.03628
18	179	1.04494
18	180	1.05588
19	91	0.717737
19	105	0.751699
19	154	0.976578
19	169	0.947674
19	170	0.993314
19	171	0.994869
19	174	0.939771
19	175	0.972511
19	176	0.954365
19	178	0.927614
19	179	0.936269
19	180	0.947212
20	1	1.04435
20	2	1.04395
20	8	0.892419
20	12	1.0429
20	45	0.880797
20	57	0.926824
20	62	0.927439
20	78	0.901365
20	79	0.958681
20	83	0.95869
20	110	1.58193
20	170	1.77204
21	7	0.957595
21	15	0.945687
21	17	0.949095
21	29	0.925793
21	34	1.03607
21	43	1.01112
21	56	1.49378
21	64	0.964625
21	80	1.00673
21	136	0.939286
21	149	0.900174
21	175	1.96201
22	8	1.04167
22	28	1.0203
22	45	1.03005
22	57	1.07607
22	62	1.07669
22	69	1.05808
22	78	1.05061
22	79	1.10793
22	83	1.10794
22	142	0.724619
22	177	0.912778
22	179	2.27914
23	53	0.912494
23	63	0.9108
23	73	0.893776
23	77	0.955413
23	135	1.87975
23	141	0.880245
23	146	0.88345
23	158	0.870752
23	174	0.815186
23	176	0.82978
23	179	0.811684
23	180	0.822627
24	37	0.88208
24	42	0.961557
24	47	0.938686
24	51	0.958275
24	53	0.950884
24	63	0.94919
24	65	1.01325
24	67	1.00635
24	73	0.932166
24	77	0.993803
24	150	1.66331
24	172	1.78375
25	51	0.833634
25	63	0.824549
25	67	0.881705
25	73	0.807525
25	77	0.869161
25	103	0.81205
25	124	0.835232
25	168	0.748141
25	170	0.782478
25	178	0.716777
25	179	0.725433
25	180	0.736376
26	52	1.05135
26	88	1.60672
26	106	1.02227
26	118	1.03875
26	119	1.06955
26	125	1.05161
26	130	1.03061
26	134	0.77975
26	135	1.05982
26	138	1.04706
26	140	1.0451
26	168	0.978543
26	176	1.72208
27	60	1.04279
27	81	1.06965
27	82	1.05946
27	104	0.984312
27	109	0.998632
27	117	1.02653
27	122	1.05559
27	123	1.04816
27	142	1.0477
27	143	1.42691
27	146	1.6344
27	163	1.0453
27	165	1.03189
28	1	1.02006
28	2	1.01966
28	12	1.01862
28	22	1.0203
28	45	0.856509
28	57	0.902536
28	62	0.903151
28	69	0.884548
28	78	0.877077
28	79	0.934393
28	83	0.934402
28	97	1.96214
28	155	1.60021
29	9	1.03182
29	15	0.910121
29	21	0.925793
29	34	1.0005
29	36	0.905434
29	43	0.975554
29	44	0.966812
29	61	1.02215
29	64	0.929059
29	129	1.54271
29	136	0.90372
29	149	0.864608
29	177	2.03131
30	14	1.12131
30	38	1.09529
30	55	1.04205
30	58	1.02444
30	70	1.00404
30	71	1.00369
30	72	1.0034
30	126	1.02625
30	131	1.21403
30	147	1.0873
30	155	1.02776
30	167	1.21759
30	168	1.74442
31	40	1.51074
31	59	0.941181
31	60	0.9442
31	75	0.915835
31	81	0.971062
31	107	0.974075
31	117	0.927945
31	120	0.972822
31	122	0.957001
31	123	0.949576
31	163	0.946717
31	165	0.9333
31	177	2.02475
32	45	0.967678
32	47	1.02707
32	65	1.10163
32	67	1.09473
32	69	0.995718
32	73	1.02055
32	77	1.08219
32	78	0.988246
32	79	1.04556
32	83	1.04557
32	152	0.836213
32	169	1.86626
32	175	1.49392
33	46	1.05823
33	50	1.05867
33	76	1.01451
33	92	1.06173
33	101	0.804076
33	121	1.08288
33	130	1.03389
33	135	1.0631
33	138	1.05035
33	146	1.51345
33	159	1.00849
33	168	0.981827
33	172	1.74251
34	7	1.0323
34	17	1.0238
34	21	1.03607
34	29	1.0005
34	44	1.07709
34	61	1.13243
34	64	1.03933
34	80	1.08144
34	129	0.638512
34	136	1.01399
34	149	0.974882
34	153	0.981009
34	179	2.49347
35	3	2.6
35	18	1.04832
35	39	0.911253
35	145	0.833194
35	162	0.8537
35	164	0.857168
35	167	0.885521
35	170	0.868237
35	171	0.869792
35	174	0.814694
35	178	0.802537
35	179	0.811192
35	180	0.822135
36	7	0.937236
36	9	1.04703
36	17	0.928736
36	29	0.905434
36	43	0.99076
36	44	0.982019
36	61	1.03736
36	80	0.986373
36	90	0.88736
36	136	0.918927
36	149	0.879815
36	180	2.46905
37	10	0.88208
37	24	0.88208
37	42	0.951301
37	47	0.928431
37	51	0.94802
37	53	0.940628
37	63	0.938935
37	65	1.00299
37	67	0.996091
37	73	0.92191
37	77	0.983547
37	145	2.27542
37	154	1.35488
38	30	1.09529
38	48	1.04758
38	55	1.05126
38	58	1.03365
38	70	1.01324
38	71	1.01289
38	72	1.0126
38	126	1.03545
38	147	1.0965
38	149	1.3722
38	155	1.03696
38	169	1.46015
38	180	1.27542
39	35	0.911253
39	64	1.21337
39	87	0.595167
39	145	0.929875
39	166	0.956012
39	167	0.982203
39	169	0.919278
39	172	0.971395
39	174	0.911375
39	176	0.925969
39	177	0.960185
39	178	0.899218
39	179	0.907874
39	180	0.918817
40	31	1.51074
40	120	0.794387
40	139	0.959009
40	156	1.00086
40	166	0.943368
40	171	0.953829
40	172	0.958751
40	174	0.89873
40	175	0.93147
40	176	0.913325
40	177	0.947541
40	178	0.886574
40	179	0.895229
40	180	0.906172
41	95	1.07632
41	121	1.0519
41	125	1.02392
41	126	1.00744
41	127	1.01223
41	128	1.01468
41	135	1.03212
41	138	1.01937
41	140	1.01741
41	142	0.984894
41	159	0.97751
41	168	0.950847
41	169	2.1106
41	171	1.24099
42	10	0.961557
42	24	0.961557
42	37	0.951301
42	47	1.00791
42	51	1.0275
42	53	1.0201
42	63	1.01841
42	65	1.08247
42	67	1.07557
42	73	1.00139
42	77	1.06302
42	104	0.867723
42	159	1.73549
42	166	1.67817
43	9	1.11715
43	15	0.995447
43	17	0.998856
43	21	1.01112
43	29	0.975554
43	36	0.99076
43	44	1.05214
43	61	1.10748
43	64	1.01439
43	136	0.989047
43	144	1.30244
43	145	2.07557
43	149	0.949934
43	171	1.07349
44	7	0.998614
44	9	1.10841
44	15	0.986706
44	29	0.966812
44	34	1.07709
44	36	0.982019
44	43	1.05214
44	61	1.09874
44	64	1.00564
44	136	0.980305
44	141	1.10169
44	145	2.23026
44	149	0.941193
44	152	1.06775
45	2	1.02941
45	13	0.914465
45	20	0.880797
45	22	1.03005
45	28	0.856509
45	32	0.967678
45	57	0.912279
45	62	0.912894
45	69	0.894292
45	78	0.886821
45	79	0.944137
45	83	0.944145
45	171	1.41028
45	174	2.4514
46	16	1.07384
46	33	1.05823
46	97	0.778089
46	113	1.00676
46	114	1.01249
46	119	1.02064
46	121	1.03068
46	127	0.991019
46	128	0.993469
46	135	1.01091
46	140	0.996193
46	157	2.24168
46	163	0.999003
46	164	1.34998
47	10	0.938686
47	24	0.938686
47	32	1.02707
47	37	0.928431
47	42	1.00791
47	51	1.00463
47	53	0.997234
47	63	0.995541
47	65	1.0596
47	67	1.0527
47	73	0.978517
47	77	1.04015
47	165	0.523675
47	176	1.57788
47	178	2.52301
48	3	0.964383
48	4	1.08244
48	14	1.07361
48	38	1.04758
48	58	0.976738
48	70	0.956331
48	71	0.955983
48	72	0.955691
48	91	1.00541
48	124	1.1755
48	126	0.978544
48	147	1.03959
48	153	1.47962
48	155	0.980051
48	160	1.81853
49	69	1.36141
49	134	0.969207
49	156	0.98963
49	161	0.9194
49	163	0.672247
49	166	0.932134
49	171	0.942595
49	172	0.947517
49	173	0.875334
49	175	0.920237
49	176	0.902091
49	177	0.936307
49	178	0.87534
49	179	0.883995
49	180	0.894938
50	33	1.05867
50	87	1.03108
50	93	1.01609
50	112	1.01299
50	114	1.01293
50	128	0.993905
50	130	0.982137
50	132	0.81567
50	135	1.01135
50	138	0.998589
50	140	0.996629
50	160	0.957386
50	168	0.930071
50	172	1.05761
50	178	2.73432
51	10	0.958275
51	24	0.958275
51	25	0.833634
51	37	0.94802
51	42	1.0275
51	47	1.00463
51	53	1.01682
51	63	1.01513
51	65	1.07919
51	67	1.07229
51	73	0.998105
51	77	1.05974
51	129	1.06062
51	160	1.74203
51	162	1.68664
52	26	1.05135
52	54	1.47693
52	106	0.969764
52	112	1.00896
52	114	1.00889
52	118	0.986242
52	119	1.01704
52	127	0.987419
52	128	0.989869
52	130	0.9781
52	135	1.00731
52	138	0.994552
52	140	0.992593
52	155	0.890873
52	169	2.14331
53	10	0.950884
53	23	0.912494
53	24	0.950884
53	37	0.940628
53	42	1.0201
53	47	0.997234
53	51	1.01682
53	63	1.00774
53	65	1.07179
53	67	1.06489
53	73	0.990714
53	77	1.05235
53	133	1.28289
53	134	1.11589
53	145	2.21875
54	52	1.47693
54	100	0.954863
54	107	1.03001
54	134	0.958941
54	151	0.927144
54	153	0.969695
54	156	0.979365
54	158	0.932797
54	162	0.916238
54	167	0.948059
54	173	0.865069
54	175	0.909972
54	178	0.865075
54	179	0.87373
54	180	0.884673
55	3	0.968055
55	14	1.07728
55	30	1.04205
55	38	1.05126
55	58	0.980409
55	70	0.960003
55	71	0.959654
55	72	0.959363
55	91	1.00908
55	124	1.10687
55	126	0.982215
55	147	1.04326
55	154	1.70657
55	155	0.983723
55	170	1.61055
56	21	1.49378
56	77	1.21385
56	132	0.966309
56	153	0.967052
56	154	0.911396
56	161	0.906492
56	164	0.917063
56	167	0.945416
56	170	0.928132
56	172	0.934609
56	173	0.862426
56	175	0.907329
56	177	0.923399
56	178	0.862432
56	179	0.871087
56	180	0.88203
57	1	1.07583
57	2	1.07543
57	8	0.923901
57	12	1.07439
57	20	0.926824
57	22	1.07607
57	28	0.902536
57	45	0.912279
57	62	0.958921
57	69	0.940319
57	78	0.932848
57	79	0.990164
57	83	0.990172
57	104	0.82367
57	143	1.26626
57	148	2.57811
58	3	0.950447
58	4	1.0685
58	30	1.02444
58	38	1.03365
58	48	0.976738
58	55	0.980409
58	70	0.942395
58	71	0.942047
58	72	0.941755
58	91	0.991474
58	108	1.87147
58	126	0.964608
58	144	1.73278
58	147	1.02566
58	155	0.966115
58	165	1.29117
59	31	0.941181
59	75	0.955549
59	82	1.00058
59	94	0.98294
59	99	1.0313
59	109	0.939759
59	120	1.01254
59	122	0.996715
59	123	0.98929
59	141	1.40084
59	142	0.988824
59	147	1.0347
59	152	1.3669
59	163	0.986431
59	165	0.973014
59	175	2.02461
60	5	0.944368
60	27	1.04279
60	31	0.9442
60	66	0.968656
60	86	0.977545
60	94	0.985959
60	96	1.04405
60	109	0.942778
60	117	0.970679
60	133	0.976972
60	142	0.991844
60	147	1.03772
60	155	1.5652
60	162	2.01752
60	163	0.98945
60	165	0.976033
61	7	1.05395
61	9	1.16375
61	15	1.04205
61	17	1.04545
61	29	1.02215
61	34	1.13243
61	36	1.03736
61	43	1.10748
61	44	1.09874
61	64	1.06098
61	136	1.03565
61	149	0.996533
61	151	1.52122
61	154	1.38017
61	156	0.876543
61	162	1.36812
62	1	1.07644
62	2	1.07605
62	8	0.924516
62	12	1.075
62	20	0.927439
62	22	1.07669
62	28	0.903151
62	45	0.912894
62	57	0.958921
62	69	0.940934
62	78	0.933462
62	79	0.990779
62	83	0.990787
62	84	1.07722
62	129	1.36234
62	151	2.14146
63	10	0.94919
63	23	0.9108
63	24	0.94919
63	25	0.824549
63	37	0.938935
63	42	1.01841
63	47	0.995541
63	51	1.01513
63	53	1.00774
63	65	1.0701
63	67	1.0632
63	73	0.98902
63	77	1.05066
63	155	0.899685
63	177	1.21457
63	179	2.58093
64	7	0.960861
64	9	1.07065
64	15	0.948952
64	17	0.952361
64	21	0.964625
64	29	0.929059
64	34	1.03933
64	39	1.21337
64	43	1.01439
64	44	1.00564
64	61	1.06098
64	80	1.01
64	136	0.942552
64	149	0.903439
64	153	1.34249
64	162	1.62601
65	10	1.01325
65	18	0.0965321
65	24	1.01325
65	32	1.10163
65	37	1.00299
65	42	1.08247
65	47	1.0596
65	51	1.07919
65	53	1.07179
65	63	1.0701
65	67	1.12726
65	73	1.05308
65	77	1.11471
65	175	1.04401
65	176	1.38829
65	178	2.33342
66	60	0.968656
66	68	0.939533
66	75	0.940291
66	81	0.995518
66	102	1.01688
66	107	0.998531
66	109	0.924501
66	110	1.58892
66	117	0.952402
66	120	0.997279
66	122	0.981457
66	123	0.974032
66	143	1.46692
66	147	1.01944
66	163	0.971173
66	165	0.957756
66	170	1.77903
67	10	1.00635
67	24	1.00635
67	25	0.881705
67	32	1.09473
67	37	0.996091
67	42	1.07557
67	47	1.0527
67	51	1.07229
67	53	1.06489
67	63	1.0632
67	65	1.12726
67	73	1.04618
67	77	1.10781
67	98	1.38244
67	136	1.62043
67	155	1.15459
67	156	1.11533
68	66	0.939533
68	90	0.68478
68	96	1.01492
68	99	1.00519
68	102	1.00603
68	107	0.987684
68	109	0.913654
68	120	0.986432
68	122	0.970611
68	123	0.963185
68	133	0.947848
68	142	0.96272
68	147	1.0086
68	155	1.19877
68	157	3.02429
68	163	0.960326
68	165	0.946909
69	1	1.05784
69	2	1.05744
69	8	0.905914
69	12	1.0564
69	13	0.942504
69	22	1.05808
69	28	0.884548
69	32	0.995718
69	45	0.894292
69	49	1.36141
69	57	0.940319
69	62	0.940934
69	78	0.91486
69	79	0.972176
69	83	0.972185
69	129	1.3046
69	132	1.72916
70	3	0.930041
70	4	1.0481
70	14	1.03927
70	30	1.00404
70	38	1.01324
70	48	0.956331
70	55	0.960003
70	58	0.942395
70	71	0.92164
70	72	0.921349
70	91	0.971068
70	115	0.966961
70	116	1.52229
70	126	0.944201
70	147	1.00525
70	154	2.18895
70	155	0.945708
71	3	0.929692
71	4	1.04775
71	14	1.03892
71	30	1.00369
71	38	1.01289
71	48	0.955983
71	55	0.959654
71	58	0.942047
71	70	0.92164
71	72	0.921001
71	91	0.97072
71	126	0.943853
71	147	1.0049
71	150	1.35535
71	155	0.94536
71	169	2.23544
71	170	1.35135
72	3	0.929401
72	4	1.04746
72	14	1.03863
72	30	1.0034
72	38	1.0126
72	48	0.955691
72	55	0.959363
72	58	0.941755
72	70	0.921349
72	71	0.921001
72	91	0.970428
72	104	0.628449
72	126	0.943561
72	146	1.27854
72	147	1.00461
72	155	0.945069
72	173	3.01286
73	10	0.932166
73	23	0.893776
73	24	0.932166
73	25	0.807525
73	32	1.02055
73	37	0.92191
73	42	1.00139
73	47	0.978517
73	51	0.998105
73	53	0.990714
73	63	0.98902
73	65	1.05308
73	67	1.04618
73	77	1.03363
73	158	1.64937
73	164	2.04271
73	165	1.27906
74	76	0.928906
74	89	4
74	93	0.982246
74	108	0.771267
74	112	0.979146
74	113	0.973347
74	118	0.956433
74	121	0.997274
74	127	0.95761
74	128	0.960059
74	130	0.948291
74	135	0.977499
74	138	0.964743
74	140	0.962783
74	151	0.626208
74	159	0.922887
74	160	0.92354
74	163	0.965593
75	31	0.915835
75	59	0.955549
75	66	0.940291
75	81	0.98543
75	96	1.01568
75	99	1.00595
75	102	1.00679
75	107	0.988443
75	117	0.942314
75	120	0.987191
75	123	0.963944
75	131	1.55306
75	147	1.00936
75	158	1.73881
75	159	1.67973
75	163	0.961085
75	165	0.947668
76	11	1.9877
76	33	1.01451
76	74	0.928906
76	112	0.968832
76	114	0.968766
76	118	0.946119
76	119	0.976917
76	121	0.98696
76	125	0.958982
76	127	0.947296
76	130	0.937977
76	135	0.967185
76	137	1.32506
76	138	0.954429
76	140	0.952469
76	142	1.26417
76	159	0.912573
76	163	0.955279
77	10	0.993803
77	23	0.955413
77	24	0.993803
77	25	0.869161
77	32	1.08219
77	37	0.983547
77	42	1.06302
77	47	1.04015
77	51	1.05974
77	53	1.05235
77	56	1.21385
77	63	1.05066
77	65	1.11471
77	67	1.10781
77	73	1.03363
77	136	1.26781
77	158	1.34246
77	159	1.28338
78	1	1.05037
78	2	1.04997
78	8	0.898442
78	12	1.04893
78	13	0.935033
78	20	0.901365
78	22	1.05061
78	28	0.877077
78	32	0.988246
78	45	0.886821
78	57	0.932848
78	62	0.933462
78	69	0.91486
78	79	0.964705
78	83	0.964713
78	84	1.42647
78	111	1.75723
78	124	1.74997
79	1	1.10769
79	2	1.10729
79	8	0.955759
79	12	1.10624
79	13	0.992349
79	20	0.958681
79	22	1.10793
79	28	0.934393
79	32	1.04556
79	45	0.944137
79	57	0.990164
79	62	0.990779
79	69	0.972176
79	78	0.964705
79	83	1.02203
79	150	1.0545
79	160	1.18986
79	168	1.56728
79	174	2.1061
80	17	0.994468
80	21	1.00673
80	34	1.08144
80	36	0.986373
80	64	1.01
80	102	1.06774
80	109	0.975364
80	117	1.00326
80	120	1.04814
80	122	1.03232
80	123	1.0249
80	131	1.22805
80	136	0.984659
80	149	0.945547
80	161	1.60886
80	163	1.02204
80	165	1.00862
80	168	1.75844
80	170	1.24166
81	27	1.06965
81	31	0.971062
81	66	0.995518
81	75	0.98543
81	94	1.01282
81	109	0.96964
81	117	0.997541
81	120	1.04242
81	122	1.0266
81	123	1.01917
81	133	1.00383
81	137	1.09865
81	142	1.01871
81	143	0.967263
81	147	1.06458
81	160	1.41873
81	163	1.01631
81	165	1.00289
81	174	2.33497
82	27	1.05946
82	59	1.00058
82	94	1.00263
82	99	1.05099
82	107	1.03348
82	109	0.959447
82	117	0.987347
82	120	1.03222
82	122	1.0164
82	123	1.00898
82	133	0.99364
82	142	1.00851
82	144	1.57168
82	147	1.05439
82	150	1.33224
82	161	1.69545
82	163	1.00612
82	165	0.992702
82	177	1.27479
83	1	1.1077
83	2	1.1073
83	8	0.955767
83	12	1.10625
83	13	0.992357
83	20	0.95869
83	22	1.10794
83	28	0.934402
83	32	1.04557
83	45	0.944145
83	57	0.990172
83	62	0.990787
83	69	0.972185
83	78	0.964713
83	79	1.02203
83	129	0.691224
83	133	1.31397
83	165	1.03511
83	173	2.86299
84	62	1.07722
84	78	1.42647
84	91	0.839011
84	144	0.984574
84	146	0.98737
84	158	0.974671
84	162	0.958112
84	164	0.96158
84	167	0.989933
84	169	0.927008
84	171	0.974204
84	173	0.906943
84	174	0.919105
84	175	0.951845
84	176	0.933699
84	177	0.967916
84	178	0.906948
84	179	0.915604
84	180	0.926547
85	92	0.96281
85	95	1.00838
85	105	0.930836
85	113	0.960027
85	114	0.965761
85	115	0.899943
85	116	1.45527
85	121	0.983954
85	125	0.955976
85	127	0.94429
85	128	0.94674
85	130	0.934971
85	135	0.964179
85	138	0.951423
85	140	0.949464
85	159	0.909568
85	163	0.952274
85	168	0.882905
85	180	2.72527
86	60	0.977545
86	98	1.04509
86	99	0.258972
86	122	0.388444
86	126	0.570617
86	143	1.05348
86	146	1.04481
86	161	1.00845
86	162	1.01555
86	170	1.03009
86	171	1.03164
86	172	1.03656
86	173	0.964381
86	174	0.976544
86	175	1.00928
86	176	0.991138
86	177	1.02535
86	179	0.973043
86	180	0.983986
87	39	0.595167
87	50	1.03108
87	100	1.09468
87	105	1.00217
87	106	0.997972
87	112	1.03716
87	113	1.03136
87	118	1.01445
87	125	1.02731
87	126	1.01083
87	130	1.00631
87	135	1.03552
87	138	1.02276
87	140	1.0208
87	160	0.981557
87	163	1.02361
87	164	1.48932
87	168	0.954242
87	179	2.23674
88	26	1.60672
88	89	0.852684
88	143	0.932979
88	147	1.92408
88	150	0.927452
88	155	0.933345
88	157	0.860003
88	158	0.911604
88	160	0.902561
88	170	0.909582
88	171	0.911137
88	172	0.916059
88	173	0.843875
88	174	0.856038
88	175	0.888778
88	176	0.870632
88	177	0.904848
88	178	0.843881
88	179	0.852537
88	180	0.86348
89	74	4
89	88	0.852684
89	108	0.883789
89	145	0.829962
89	153	0.903925
89	154	0.848269
89	157	0.815426
89	164	0.853936
89	166	0.856099
89	167	0.882289
89	169	0.819365
89	172	0.871482
89	173	0.799299
89	174	0.811462
89	175	0.844202
89	176	0.826056
89	177	0.860272
89	178	0.799305
89	179	0.80796
89	180	0.818903
90	36	0.88736
90	68	0.68478
90	95	1.09375
90	109	0.804984
90	117	0.585956
90	125	1.04135
90	127	1.02966
90	130	1.02034
90	138	1.03679
90	140	1.03483
90	159	0.994938
90	166	0.993706
90	168	0.968275
90	171	1.00417
90	172	1.00909
90	174	0.949068
90	176	0.963662
90	178	0.936911
90	179	0.945567
90	180	0.95651
91	19	0.717737
91	48	1.00541
91	55	1.00908
91	58	0.991474
91	70	0.971068
91	71	0.97072
91	72	0.970428
91	84	0.839011
91	97	1.65977
91	119	1.02769
91	125	1.00976
91	130	0.988754
91	135	1.01796
91	138	1.00521
91	140	1.00325
91	147	1.05433
91	155	0.994788
91	163	1.00606
91	168	0.936688
91	172	1.79063
92	33	1.06173
92	85	0.96281
92	93	1.01916
92	106	0.976865
92	112	1.01606
92	118	0.993343
92	119	1.02414
92	125	1.00621
92	127	0.99452
92	128	0.996969
92	130	0.985201
92	135	1.01441
92	138	1.00165
92	140	0.999693
92	141	1.34256
92	151	1.69165
92	163	1.0025
92	166	1.51032
92	168	0.933134
92	170	1.45458
93	50	1.01609
93	74	0.982246
93	92	1.01916
93	105	0.987182
93	113	1.01637
93	114	1.02211
93	119	1.03026
93	125	1.01232
93	127	1.00064
93	130	0.991317
93	135	1.02053
93	138	1.00777
93	140	1.00581
93	154	1.54611
93	156	1.04249
93	159	0.965913
93	160	0.966566
93	161	1.8173
93	166	1.50583
93	168	0.939251
94	59	0.98294
94	60	0.985959
94	81	1.01282
94	82	1.00263
94	96	1.04307
94	99	1.03334
94	102	1.03418
94	107	1.01583
94	117	0.969704
94	120	1.01458
94	122	0.99876
94	123	0.991335
94	133	0.975998
94	139	1.32498
94	142	0.990869
94	160	1.38085
94	163	0.988476
94	165	0.975059
94	170	1.2415
94	176	2.09753
95	6	0.59203
95	16	1.12291
95	41	1.07632
95	85	1.00838
95	90	1.09375
95	118	1.03891
95	119	1.06971
95	121	1.07975
95	125	1.05177
95	127	1.04009
95	128	1.04254
95	133	0.929194
95	135	1.05997
95	138	1.04722
95	140	1.04526
95	148	1.84824
95	159	1.00536
95	160	1.00602
95	168	0.978701
95	175	1.36026
95	180	1.54786
96	6	0.692878
96	60	1.04405
96	68	1.01492
96	75	1.01568
96	94	1.04307
96	99	1.09143
96	102	1.09227
96	107	1.07392
96	109	0.99989
96	117	1.02779
96	120	1.07267
96	122	1.05685
96	123	1.04942
96	132	0.831857
96	142	1.04896
96	147	1.09483
96	150	0.953348
96	158	1.12149
96	163	1.04656
96	165	1.03315
96	178	2.75051
97	28	1.96214
97	46	0.778089
97	91	1.65977
97	108	0.959409
97	116	0.97546
97	134	0.968792
97	151	0.936994
97	157	0.891046
97	161	0.918985
97	162	0.926088
97	164	0.929556
97	166	0.931719
97	167	0.957909
97	170	0.940625
97	172	0.947102
97	174	0.887082
97	175	0.919822
97	176	0.901676
97	177	0.935892
97	178	0.874925
97	179	0.88358
97	180	0.894523
98	67	1.38244
98	86	1.04509
98	107	0.671807
98	139	0.943642
98	140	1.37288
98	141	0.948423
98	148	0.896913
98	153	0.975826
98	156	0.985497
98	160	0.929886
98	166	0.928001
98	169	0.891267
98	170	0.936907
98	171	0.938462
98	172	0.943384
98	173	0.871201
98	174	0.883363
98	176	0.897958
98	177	0.932174
98	178	0.871207
98	179	0.879862
98	180	0.890805
99	5	0.991752
99	59	1.0313
99	68	1.00519
99	75	1.00595
99	82	1.05099
99	86	0.258972
99	94	1.03334
99	96	1.09143
99	102	1.08254
99	107	1.06419
99	109	0.990162
99	117	1.01806
99	120	1.06294
99	122	1.04712
99	123	1.03969
99	133	1.02436
99	157	2.18309
99	159	0.838976
99	163	1.03683
99	165	1.02342
99	175	1.23767
99	179	2.03881
100	54	0.954863
100	87	1.09468
100	123	0.933503
100	135	1.28476
100	145	0.910947
100	146	0.960711
100	151	0.942359
100	164	0.934921
100	165	0.967605
100	166	0.937084
100	167	0.963274
100	169	0.90035
100	170	0.94599
100	171	0.947545
100	173	0.880284
100	174	0.892447
100	175	0.925187
100	176	0.907041
100	177	0.941257
100	178	0.88029
100	179	0.888945
100	180	0.899888
101	33	0.804076
101	110	1.00046
101	113	0.526329
101	130	0.746553
101	138	0.857409
101	143	1.02058
101	144	1.00911
101	146	1.01191
101	150	1.01506
101	154	0.980449
101	158	0.999208
101	164	0.986116
101	169	0.951545
101	172	1.00366
101	173	0.931479
101	174	0.943642
101	175	0.976382
101	176	0.958236
101	177	0.992452
101	178	0.931485
101	179	0.94014
101	180	0.951083
102	5	0.992591
102	66	1.01688
102	68	1.00603
102	75	1.00679
102	80	1.06774
102	94	1.03418
102	96	1.09227
102	99	1.08254
102	107	1.06503
102	109	0.991001
102	111	0.855587
102	117	1.0189
102	122	1.04796
102	123	1.04053
102	133	1.02519
102	142	1.04007
102	153	1.15245
102	156	0.944399
102	161	1.71921
102	163	1.03767
102	165	1.02426
102	176	2.20804
103	17	1.55872
103	25	0.81205
103	118	1.14352
103	141	0.962991
103	145	0.916432
103	146	0.966197
103	147	0.772571
103	154	0.934739
103	158	0.953498
103	164	0.940406
103	166	0.942569
103	167	0.968759
103	169	0.905835
103	170	0.951475
103	172	0.957952
103	174	0.897932
103	175	0.930672
103	176	0.912526
103	177	0.946742
103	178	0.885775
103	179	0.89443
103	180	0.905373
104	27	0.984312
104	42	0.867723
104	57	0.82367
104	72	0.628449
104	122	0.589744
104	148	1.02031
104	150	1.07818
104	152	1.08841
104	154	1.04357
104	157	1.01073
104	162	1.04577
104	166	1.0514
104	170	1.06031
104	171	1.06186
104	173	0.994601
104	174	1.00676
104	175	1.0395
104	176	1.02136
104	177	1.05557
104	178	0.994606
104	179	1.00326
104	180	1.0142
105	16	1.04537
105	19	0.751699
105	85	0.930836
105	87	1.00217
105	93	0.987182
105	106	0.94489
105	112	0.984082
105	113	0.978282
105	114	0.984016
105	118	0.961368
105	121	1.00221
105	127	0.962545
105	130	0.953226
105	135	0.982434
105	138	0.969678
105	140	0.967719
105	142	1.45853
105	156	1.29254
105	159	0.927822
105	160	0.928475
105	163	0.970529
105	168	0.90116
105	169	2.58424
106	26	1.02227
106	52	0.969764
106	87	0.997972
106	92	0.976865
106	105	0.94489
106	112	0.979881
106	118	0.957168
106	119	0.987966
106	121	0.998008
106	125	0.970031
106	127	0.958345
106	128	0.960794
106	130	0.949026
106	132	1.57163
106	134	1.60282
106	135	0.978234
106	138	0.965477
106	140	0.963518
106	160	0.924275
106	162	1.77309
106	163	0.966328
106	167	1.67908
106	168	0.896959
107	31	0.974075
107	54	1.03001
107	66	0.998531
107	68	0.987684
107	75	0.988443
107	82	1.03348
107	94	1.01583
107	96	1.07392
107	98	0.671807
107	99	1.06419
107	102	1.06503
107	109	0.972653
107	117	1.00055
107	120	1.04543
107	122	1.02961
107	123	1.02218
107	136	0.909798
107	142	1.02172
107	147	1.0676
107	148	1.81204
107	163	1.01932
107	165	1.00591
107	176	1.66833
108	58	1.87147
108	74	0.771267
108	89	0.883789
108	97	0.959409
108	114	1.41619
108	134	0.968853
108	145	0.905643
108	146	0.955408
108	150	0.958557
108	152	0.968794
108	154	0.92395
108	157	0.891107
108	166	0.93178
108	167	0.95797
108	169	0.895046
108	171	0.942241
108	173	0.87498
108	174	0.887143
108	176	0.901737
108	177	0.935953
108	178	0.874986
108	179	0.883641
108	180	0.894584
109	27	0.998632
109	59	0.939759
109	60	0.942778
109	66	0.924501
109	68	0.913654
109	80	0.975364
109	81	0.96964
109	82	0.959447
109	90	0.804984
109	96	0.99989
109	99	0.990162
109	102	0.991001
109	107	0.972653
109	117	0.926523
109	120	0.9714
109	122	0.955579
109	123	0.948154
109	133	0.932817
109	147	0.993566
109	152	1.54136
109	160	1.82667
109	163	0.945295
109	165	0.931878
109	168	2.2041
110	20	1.58193
110	66	1.58892
110	101	1.00046
110	113	1.15021
110	132	0.963352
110	137	0.950739
110	144	0.9371
110	145	0.890132
110	151	0.921543
110	152	0.953283
110	153	0.964095
110	157	0.875596
110	161	0.903535
110	169	0.879535
110	170	0.925175
110	171	0.92673
110	172	0.931652
110	173	0.859469
110	175	0.904372
110	176	0.886226
110	177	0.920442
110	178	0.859475
110	179	0.86813
110	180	0.879073
111	78	1.75723
111	102	0.855587
111	122	0.848031
111	123	0.266245
111	131	0.989456
111	144	0.986734
111	148	0.934814
111	151	0.971177
111	152	1.00292
111	153	1.01373
111	154	0.958072
111	158	0.976831
111	161	0.953168
111	162	0.960271
111	166	0.965902
111	171	0.976363
111	172	0.981285
111	173	0.909102
111	175	0.954005
111	176	0.935859
111	177	0.970075
111	178	0.909108
111	179	0.917763
111	180	0.928706
112	50	1.01299
112	52	1.00896
112	74	0.979146
112	76	0.968832
112	87	1.03716
112	92	1.01606
112	105	0.984082
112	106	0.979881
112	113	1.01327
112	114	1.01901
112	118	0.996359
112	121	1.0372
112	127	0.997536
112	128	0.999985
112	135	1.01743
112	138	1.00467
112	140	1.00271
112	152	0.747804
112	157	2.35094
112	160	0.963466
112	163	1.00552
112	167	0.883719
112	168	0.936151
112	172	1.0182
112	178	2.69492
113	16	1.07456
113	46	1.00676
113	74	0.973347
113	85	0.960027
113	87	1.03136
113	93	1.01637
113	101	0.526329
113	105	0.978282
113	110	1.15021
113	112	1.01327
113	114	1.01321
113	118	0.99056
113	119	1.02136
113	121	1.0314
113	125	1.00342
113	126	0.986944
113	128	0.994186
113	130	0.982418
113	135	1.01163
113	138	0.998869
113	156	0.932714
113	160	0.957667
113	168	0.930351
113	175	1.85207
113	180	2.03967
114	46	1.01249
114	50	1.01293
114	52	1.00889
114	76	0.968766
114	85	0.965761
114	93	1.02211
114	105	0.984016
114	108	1.41619
114	112	1.01901
114	113	1.01321
114	118	0.996293
114	119	1.02709
114	125	1.00916
114	127	0.99747
114	128	0.999919
114	132	0.91657
114	135	1.01736
114	138	1.0046
114	140	1.00264
114	160	0.9634
114	162	1.11803
114	163	1.00545
114	168	0.936085
114	174	2.08966
114	175	1.54582
115	70	0.966961
115	85	0.899943
115	119	0.401326
115	132	1.09226
115	137	1.07965
115	138	0.545427
115	140	0.387406
115	141	1.0656
115	143	1.07748
115	147	0.0574358
115	148	1.01409
115	152	1.08219
115	153	1.093
115	158	1.05611
115	162	1.03955
115	169	1.00844
115	171	1.05564
115	172	1.06056
115	173	0.988377
115	174	1.00054
115	175	1.03328
115	176	1.01513
115	177	1.04935
115	178	0.988383
115	179	0.997039
115	180	1.00798
116	9	0.782735
116	70	1.52229
116	85	1.45527
116	97	0.97546
116	118	0.983716
116	134	0.984903
116	136	0.954393
116	137	0.982302
116	143	0.980134
116	151	0.953106
116	154	0.940001
116	156	1.00533
116	166	0.947831
116	167	0.974021
116	169	0.911097
116	170	0.956737
116	171	0.958292
116	172	0.963214
116	173	0.891031
116	174	0.903194
116	175	0.935934
116	176	0.917788
116	177	0.952004
116	178	0.891037
116	179	0.899692
116	180	0.910635
117	5	0.928114
117	27	1.02653
117	31	0.927945
117	60	0.970679
117	66	0.952402
117	75	0.942314
117	80	1.00326
117	81	0.997541
117	82	0.987347
117	90	0.585956
117	94	0.969704
117	96	1.02779
117	99	1.01806
117	102	1.0189
117	107	1.00055
117	109	0.926523
117	120	0.999301
117	122	0.98348
117	123	0.976055
117	124	0.964613
117	142	0.975589
117	147	1.02147
117	159	1.58135
117	163	0.973195
117	165	0.959778
117	168	1.98508
117	176	2.32432
118	26	1.03875
118	52	0.986242
118	74	0.956433
118	76	0.946119
118	87	1.01445
118	92	0.993343
118	95	1.03891
118	103	1.14352
118	105	0.961368
118	106	0.957168
118	112	0.996359
118	113	0.99056
118	114	0.996293
118	116	0.983716
118	125	0.986509
118	126	0.97003
118	128	0.977272
118	130	0.965504
118	135	0.994712
118	136	1.65185
118	138	0.981955
118	140	0.979996
118	152	1.4084
118	158	1.7265
118	160	0.940753
118	163	0.982806
118	168	0.913437
119	16	1.08844
119	26	1.06955
119	46	1.02064
119	52	1.01704
119	76	0.976917
119	91	1.02769
119	92	1.02414
119	93	1.03026
119	95	1.06971
119	106	0.987966
119	113	1.02136
119	114	1.02709
119	115	0.401326
119	125	1.01731
119	127	1.00562
119	128	1.00807
119	130	0.996302
119	135	1.02551
119	138	1.01275
119	140	1.01079
119	151	1.76437
119	154	1.62332
119	159	0.970898
119	163	1.0136
119	165	1.32913
119	167	1.51726
119	168	0.944236
119	177	1.47384
120	5	0.972991
120	18	0.429345
120	31	0.972822
120	40	0.794387
120	59	1.01254
120	66	0.997279
120	68	0.986432
120	75	0.987191
120	80	1.04814
120	81	1.04242
120	82	1.03222
120	94	1.01458
120	96	1.07267
120	99	1.06294
120	107	1.04543
120	109	0.9714
120	117	0.999301
120	122	1.02836
120	123	1.02093
120	133	1.00559
120	142	1.02047
120	147	1.06634
120	148	2.3616
120	150	1.36586
120	163	1.01807
120	165	1.00466
120	167	1.35182
120	171	1.37634
121	33	1.08288
121	41	1.0519
121	46	1.03068
121	74	0.997274
121	76	0.98696
121	85	0.983954
121	95	1.07975
121	105	1.00221
121	106	0.998008
121	112	1.0372
121	113	1.0314
121	125	1.02735
121	126	1.01087
121	128	1.01811
121	130	1.00634
121	133	0.91188
121	135	1.03555
121	138	1.0228
121	139	0.914671
121	140	1.02084
121	159	0.980941
121	160	0.981594
121	163	1.02365
121	164	1.39667
121	168	0.954278
121	172	0.955631
121	173	2.4609
121	179	2.14409
122	5	0.957169
122	27	1.05559
122	31	0.957001
122	59	0.996715
122	66	0.981457
122	68	0.970611
122	80	1.03232
122	81	1.0266
122	82	1.0164
122	86	0.388444
122	94	0.99876
122	96	1.05685
122	99	1.04712
122	102	1.04796
122	104	0.589744
122	107	1.02961
122	109	0.955579
122	111	0.848031
122	117	0.98348
122	120	1.02836
122	123	1.00511
122	133	0.989773
122	142	1.00464
122	144	1.58788
122	147	1.05052
122	149	2.14059
122	163	1.00225
122	165	0.988834
122	168	1.86123
123	5	0.949744
123	27	1.04816
123	31	0.949576
123	59	0.98929
123	66	0.974032
123	68	0.963185
123	75	0.963944
123	80	1.0249
123	81	1.01917
123	82	1.00898
123	94	0.991335
123	96	1.04942
123	99	1.03969
123	100	0.933503
123	102	1.04053
123	107	1.02218
123	109	0.948154
123	111	0.266245
123	117	0.976055
123	120	1.02093
123	122	1.00511
123	133	0.982348
123	142	0.99722
123	147	1.0431
123	163	0.994826
123	165	0.981409
123	167	0.752623
123	168	1.27945
123	173	2.39237
123	178	2.56382
124	4	1.00306
124	25	0.835232
124	48	1.1755
124	55	1.10687
124	78	1.74997
124	117	0.964613
124	131	0.989304
124	132	1.01283
124	141	0.986173
124	143	0.998054
124	150	0.992527
124	153	1.01358
124	156	1.02325
124	158	0.976679
124	161	0.953016
124	162	0.96012
124	164	0.963587
124	166	0.96575
124	167	0.991941
124	169	0.929016
124	170	0.974657
124	172	0.981133
124	173	0.90895
124	174	0.921113
124	175	0.953853
124	176	0.935707
124	177	0.969923
124	178	0.908956
124	179	0.917612
124	180	0.928555
125	26	1.05161
125	41	1.02392
125	76	0.958982
125	85	0.955976
125	87	1.02731
125	90	1.04135
125	91	1.00976
125	92	1.00621
125	93	1.01232
125	95	1.05177
125	106	0.970031
125	113	1.00342
125	114	1.00916
125	118	0.986509
125	119	1.01731
125	121	1.02735
125	127	0.987686
125	128	0.990135
125	130	0.978367
125	134	1.46988
125	137	1.37546
125	138	0.994818
125	139	1.63967
125	140	0.992859
125	146	1.45157
125	160	0.953616
125	163	0.995669
125	167	1.54614
125	168	0.9263
125	177	1.50273
126	3	0.952253
126	4	1.07031
126	14	1.06148
126	30	1.02625
126	38	1.03545
126	41	1.00744
126	48	0.978544
126	55	0.982215
126	58	0.964608
126	70	0.944201
126	71	0.943853
126	72	0.943561
126	86	0.570617
126	87	1.01083
126	113	0.986944
126	118	0.97003
126	121	1.01087
126	127	0.971207
126	128	0.973656
126	135	0.991096
126	140	0.97638
126	147	1.02746
126	153	1.32706
126	155	0.967921
126	159	0.936484
126	160	0.937137
126	162	1.61059
126	163	0.97919
126	166	1.58236
126	168	0.909821
126	171	1.5411
126	180	2.22598
127	13	0.969338
127	16	1.05882
127	41	1.01223
127	46	0.991019
127	52	0.987419
127	74	0.95761
127	76	0.947296
127	85	0.94429
127	90	1.02966
127	92	0.99452
127	93	1.00064
127	95	1.04009
127	105	0.962545
127	106	0.958345
127	112	0.997536
127	114	0.99747
127	119	1.00562
127	125	0.987686
127	126	0.971207
127	128	0.978449
127	130	0.966681
127	133	1.51661
127	135	0.995889
127	137	1.25519
127	138	0.983132
127	140	0.981173
127	149	2.23206
127	158	1.60806
127	159	0.941277
127	168	0.914614
127	170	1.43592
127	171	1.4504
128	41	1.01468
128	46	0.993469
128	50	0.993905
128	52	0.989869
128	74	0.960059
128	85	0.94674
128	92	0.996969
128	95	1.04254
128	106	0.960794
128	112	0.999985
128	113	0.994186
128	114	0.999919
128	118	0.977272
128	119	1.00807
128	121	1.01811
128	125	0.990135
128	126	0.973656
128	127	0.978449
128	130	0.96913
128	135	0.998338
128	138	0.985582
128	140	0.983622
128	146	1.35986
128	152	1.31851
128	159	0.943726
128	160	0.944379
128	163	0.986432
128	165	1.2663
128	168	0.917064
128	172	1.58891
128	174	2.52007
128	177	1.41101
129	29	1.54271
129	34	0.638512
129	51	1.06062
129	62	1.36234
129	69	1.3046
129	83	0.691224
129	131	1.00388
129	132	1.02741
129	139	0.995964
129	141	1.00074
129	150	1.0071
129	151	0.985597
129	152	1.01734
129	156	1.03782
129	157	0.939649
129	159	0.981554
129	161	0.967588
129	162	0.974691
129	164	0.978159
129	166	0.980322
129	167	1.00651
129	169	0.943588
129	170	0.989229
129	171	0.990784
129	172	0.995705
129	173	0.923522
129	174	0.935685
129	175	0.968425
129	176	0.950279
129	177	0.984495
129	178	0.923528
129	179	0.932184
129	180	0.943127
130	26	1.03061
130	33	1.03389
130	50	0.982137
130	52	0.9781
130	74	0.948291
130	76	0.937977
130	85	0.934971
130	87	1.00631
130	90	1.02034
130	91	0.988754
130	92	0.985201
130	93	0.991317
130	101	0.746553
130	105	0.953226
130	106	0.949026
130	113	0.982418
130	118	0.965504
130	119	0.996302
130	121	1.00634
130	125	0.978367
130	127	0.966681
130	128	0.96913
130	131	1.54694
130	134	1.47424
130	135	0.98657
130	138	0.973813
130	139	1.64403
130	140	0.971854
130	141	1.44853
130	159	0.931958
130	160	0.932611
130	163	0.974664
130	180	2.2599
131	7	1.65793
131	30	1.21403
131	75	1.55306
131	80	1.22805
131	111	0.989456
131	124	0.989304
131	129	1.00388
131	130	1.54694
131	134	0.964716
131	137	0.962114
131	139	0.943285
131	141	0.948066
131	144	0.948475
131	145	0.901506
131	148	0.896556
131	149	0.895093
131	152	0.964657
131	156	0.98514
131	157	0.886971
131	158	0.938572
131	161	0.914909
131	162	0.922013
131	164	0.925481
131	167	0.953834
131	168	0.902213
131	169	0.890909
131	170	0.93655
131	171	0.938105
131	172	0.943027
131	173	0.870844
131	174	0.883006
131	175	0.915746
131	177	0.931817
131	178	0.870849
131	179	0.879505
131	180	0.890448
132	50	0.81567
132	56	0.966309
132	69	1.72916
132	96	0.831857
132	106	1.57163
132	110	0.963352
132	114	0.91657
132	115	1.09226
132	124	1.01283
132	129	1.02741
132	134	0.988245
132	136	0.957735
132	139	0.966814
132	141	0.971595
132	143	0.983476
132	147	1.06591
132	148	0.920085
132	153	0.998998
132	154	0.943343
132	157	0.9105
132	158	0.962101
132	161	0.938439
132	162	0.945542
132	164	0.94901
132	166	0.951173
132	169	0.914439
132	170	0.960079
132	171	0.961634
132	172	0.966556
132	173	0.894373
132	174	0.906535
132	175	0.939276
132	176	0.92113
132	177	0.955346
132	178	0.894379
132	179	0.903034
132	180	0.913977
133	12	1.44546
133	53	1.28289
133	60	0.976972
133	68	0.947848
133	81	1.00383
133	82	0.99364
133	83	1.31397
133	94	0.975998
133	95	0.929194
133	99	1.02436
133	102	1.02519
133	109	0.932817
133	120	1.00559
133	121	0.91188
133	122	0.989773
133	123	0.982348
133	127	1.51661
133	134	0.972623
133	142	0.981882
133	147	1.02776
133	152	0.972564
133	161	0.922816
133	162	0.929919
133	163	0.979489
133	165	0.966071
133	167	0.96174
133	169	0.898816
133	170	0.944456
133	171	0.946011
133	173	0.87875
133	174	0.890913
133	175	0.923653
133	176	0.905507
133	177	0.939723
133	178	0.878756
133	179	0.887411
133	180	0.898354
134	2	1.35741
134	26	0.77975
134	49	0.969207
134	53	1.11589
134	54	0.958941
134	97	0.968792
134	106	1.60282
134	108	0.968853
134	116	0.984903
134	125	1.46988
134	130	1.47424
134	131	0.964716
134	132	0.988245
134	133	0.972623
134	144	0.961994
134	146	0.96479
134	149	0.908612
134	151	0.946437
134	152	0.978176
134	154	0.933332
134	156	0.998659
134	158	0.952091
134	164	0.938999
134	165	0.971684
134	166	0.941162
134	167	0.967353
134	168	0.915732
134	169	0.904428
134	170	0.950069
134	171	0.951624
134	172	0.956545
134	173	0.884362
134	174	0.896525
134	175	0.929265
134	176	0.911119
134	177	0.945335
134	178	0.884368
134	179	0.893024
134	180	0.903967
135	23	1.87975
135	26	1.05982
135	33	1.0631
135	41	1.03212
135	46	1.01091
135	50	1.01135
135	52	1.00731
135	74	0.977499
135	76	0.967185
135	85	0.964179
135	87	1.03552
135	91	1.01796
135	92	1.01441
135	93	1.02053
135	95	1.05997
135	100	1.28476
135	105	0.982434
135	106	0.978234
135	112	1.01743
135	113	1.01163
135	114	1.01736
135	118	0.994712
135	119	1.02551
135	121	1.03555
135	126	0.991096
135	127	0.995889
135	128	0.998338
135	130	0.98657
135	137	0.933194
135	138	1.00302
135	140	1.00106
135	142	0.872305
135	144	1.35735
135	159	0.961166
135	163	1.00387
135	165	0.915748
135	168	0.934503
135	172	1.23836
135	179	2.42682
136	7	0.935523
136	9	1.04532
136	15	0.923614
136	17	0.927022
136	21	0.939286
136	29	0.90372
136	34	1.01399
136	36	0.918927
136	43	0.989047
136	44	0.980305
136	61	1.03565
136	64	0.942552
136	67	1.62043
136	77	1.26781
136	80	0.984659
136	107	0.909798
136	116	0.954393
136	118	1.65185
136	132	0.957735
136	145	0.884515
136	147	1.2809
136	149	0.878101
136	150	0.937429
136	166	0.910652
136	167	0.936842
136	169	0.873918
136	170	0.919558
136	171	0.921113
136	172	0.926035
136	174	0.866015
136	175	0.898755
136	176	0.880609
136	177	0.914825
136	178	0.853858
136	179	0.862513
136	180	0.873456
137	76	1.32506
137	81	1.09865
137	110	0.950739
137	115	1.07965
137	116	0.982302
137	125	1.37546
137	127	1.25519
137	131	0.962114
137	135	0.933194
137	140	1.33265
137	141	0.958983
137	143	0.970864
137	144	0.959392
137	146	0.962188
137	150	0.965337
137	151	0.943835
137	152	0.975574
137	153	0.986386
137	154	0.930731
137	156	0.996057
137	157	0.897888
137	158	0.949489
137	161	0.925826
137	162	0.93293
137	164	0.936398
137	165	0.969082
137	166	0.938561
137	168	0.91313
137	169	0.901826
137	170	0.947467
137	171	0.949022
