1	12	0.972741
1	22	0.921877
1	26	0.926076
1	45	0.958906
1	48	0.960284
1	54	0.854252
1	61	0.994896
1	62	0.893072
1	102	1.30687
1	131	1.59424
1	149	1.49227
1	154	0.922195
2	7	1.0214
2	8	1.02327
2	24	1.09943
2	34	0.83689
2	41	0.969448
2	55	1.10916
2	60	1.07638
2	72	1.11328
2	109	1.20963
2	148	1.45129
2	150	1.08973
2	171	1.03776
3	22	1.04893
3	37	0.997276
3	45	1.08596
3	48	1.08734
3	54	0.981308
3	61	1.12195
3	62	1.02013
3	131	0.924913
3	154	1.04925
3	160	1.19479
3	163	0.995729
3	174	1.55727
4	26	1.05709
4	48	1.0913
4	62	1.02409
4	73	1.00685
4	83	1.06512
4	136	1.00619
4	137	1.04117
4	144	1.05028
4	145	1.05044
4	151	1.27194
4	163	1.00951
4	167	1.4031
5	25	0.944507
5	65	1.01259
5	79	0.946541
5	87	0.9201
5	88	0.900561
5	92	0.953924
5	93	0.882132
5	97	0.929454
5	105	0.893663
5	158	0.937128
5	168	1.73066
5	173	1.78776
6	14	0.995576
6	28	1.04423
6	35	1.05013
6	51	1.02032
6	59	1.08733
6	63	1.05649
6	68	1.11911
6	153	0.941094
6	154	1.07319
6	155	1.32578
6	165	1.32099
6	171	1.08077
7	2	1.0214
7	8	0.874631
7	13	1.0192
7	41	0.820808
7	55	0.960523
7	60	0.927738
7	99	1.28529
7	111	0.966331
7	148	1.37282
7	150	0.941092
7	168	1.75629
7	171	0.889124
8	2	1.02327
8	7	0.874631
8	13	1.02107
8	24	0.952659
8	41	0.82268
8	55	0.962395
8	60	0.92961
8	107	1.20164
8	139	1.3089
8	150	0.942964
8	170	1.93034
8	171	0.890996
9	17	0.981604
9	31	0.955443
9	57	0.890255
9	69	0.924659
9	70	0.923091
9	89	1.00506
9	90	1.22849
9	106	1.47195
9	111	0.973583
9	152	0.848297
9	158	0.96065
9	173	1.69527
10	23	1.08084
10	27	0.92446
10	32	1.0363
10	38	1.03617
10	53	1.11421
10	124	1.27345
10	149	0.711579
10	150	1.07117
10	152	1.62492
10	156	1.08108
10	159	1.08395
10	171	1.07791
11	18	0.979562
11	21	0.977896
11	40	0.929046
11	44	0.905073
11	46	1.01362
11	50	0.902469
11	115	0.94009
11	125	0.964233
11	149	1.29514
11	152	0.847303
11	157	1.44821
11	171	1.66147
12	1	0.972741
12	22	1.06583
12	37	1.01417
12	45	1.10286
12	54	0.998202
12	61	1.13885
12	62	1.03702
12	109	0.686907
12	153	0.904945
12	154	1.06614
12	176	1.56411
12	180	1.53994
13	7	1.0192
13	8	1.02107
13	24	1.09723
13	41	0.967251
13	55	1.10697
13	60	1.07418
13	101	0.979929
13	135	1.33238
13	136	0.929304
13	150	1.08754
13	171	1.03557
13	178	1.41102
14	6	0.995576
14	16	0.955396
14	28	0.909024
14	35	0.914924
14	51	0.88512
14	59	0.952126
14	63	0.921283
14	68	0.983907
14	103	1.43563
14	142	1.3872
14	154	0.937985
14	171	1.588
15	27	0.919988
15	32	1.03183
15	38	1.0317
15	53	1.10974
15	106	1.1421
15	124	1.23645
15	125	0.958096
15	142	1.08553
15	150	1.0667
15	156	1.07661
15	159	1.07948
15	178	1.32577
16	14	0.955396
16	28	1.00405
16	35	1.00995
16	51	0.980144
16	59	1.04715
16	63	1.01631
16	68	1.07893
16	86	1.03443
16	118	0.879404
16	151	1.11936
16	154	1.03301
16	169	1.58487
16	174	1.41846
17	9	0.981604
17	19	0.982156
17	52	1.00516
17	57	0.984595
17	69	1.019
17	70	1.01743
17	76	1.00937
17	77	1.00864
17	89	1.0994
17	136	0.861279
17	158	1.05499
17	166	1.5967
17	179	1.53078
18	11	0.979562
18	21	1.07218
18	40	1.02333
18	44	0.999359
18	46	1.10791
18	50	0.996755
18	111	1.06687
18	121	0.973367
18	126	1.11194
18	133	1.03012
18	152	0.941589
18	163	1.0735
18	177	1.78416
19	17	0.982156
19	74	1.17766
19	88	1.20805
19	105	1.13285
19	112	1.00082
19	161	0.88927
19	166	0.883502
19	175	0.801454
19	176	0.873446
19	177	0.873044
19	178	0.897251
19	179	0.876003
19	180	0.865354
20	29	0.978672
20	39	0.977374
20	49	1.05513
20	58	1.02597
20	73	0.968077
20	74	0.99591
20	82	1.05952
20	83	1.02634
20	140	1.02931
20	147	0.99846
20	159	1.02413
20	164	1.60861
20	179	1.39296
21	11	0.977896
21	18	1.07218
21	40	1.02167
21	44	0.997693
21	46	1.10624
21	50	0.995088
21	111	1.06521
21	121	0.9717
21	152	0.939923
21	153	0.858689
21	170	1.35629
21	177	1.51548
21	178	1.28323
22	1	0.921877
22	3	1.04893
22	12	1.06583
22	26	1.01916
22	37	0.963306
22	45	1.05199
22	54	0.947338
22	61	1.08798
22	62	0.986158
22	100	0.936254
22	101	1.22316
22	131	1.10503
22	141	1.66076
23	10	1.08084
23	27	0.872383
23	32	0.984225
23	38	0.984097
23	53	1.06213
23	112	1.25394
23	116	1.01537
23	139	1.10924
23	142	1.03792
23	150	1.0191
23	156	1.02901
23	159	1.03188
23	167	1.57281
24	2	1.09943
24	8	0.952659
24	13	1.09723
24	41	0.898836
24	55	1.03855
24	60	1.00577
24	86	1.02363
24	108	0.984395
24	148	1.21204
24	149	0.961765
24	150	1.01912
24	171	0.967152
24	176	1.84758
25	5	0.944507
25	64	1.01849
25	79	1.05083
25	88	1.00485
25	92	1.05821
25	93	0.986418
25	96	0.957745
25	97	1.03374
25	105	0.704303
25	157	1.06063
25	158	1.04141
25	174	1.64188
25	178	1.55875
26	1	0.926076
26	4	1.05709
26	22	1.01916
26	37	0.967505
26	43	1.14712
26	48	1.05757
26	54	0.951537
26	61	1.09218
26	62	0.990356
26	105	0.959817
26	127	1.28991
26	154	1.01948
26	162	1.54232
27	10	0.92446
27	15	0.919988
27	23	0.872383
27	32	0.827842
27	34	0.999022
27	38	0.827714
27	53	0.905749
27	105	1.00204
27	142	0.881541
27	150	0.862712
27	156	0.872624
27	159	0.875495
27	169	2.10604
27	170	1.92955
28	6	1.04423
28	14	0.909024
28	16	1.00405
28	35	0.963576
28	51	0.933771
28	59	1.00078
28	63	0.969934
28	68	1.03256
28	72	0.989098
28	123	1.34107
28	127	1.20732
28	133	1.2099
28	151	1.5157
28	154	0.986637
29	20	0.978672
29	36	0.977911
29	39	0.94277
29	49	1.02053
29	58	0.991363
29	73	0.933473
29	74	0.961306
29	82	1.02492
29	83	0.991739
29	90	1.07342
29	123	1.10994
29	159	0.989529
29	174	1.58368
29	178	1.50055
30	56	0.905475
30	64	0.97798
30	79	1.01032
30	87	0.983877
30	88	0.964337
30	92	1.0177
30	93	0.945909
30	97	0.99323
30	131	1.01323
30	141	1.48186
30	146	1.13512
30	155	1.43549
30	158	1.0009
30	171	1.19048
31	9	0.955443
31	52	0.979001
31	57	0.958434
31	69	0.992838
31	70	0.99127
31	76	0.983208
31	77	0.982475
31	89	1.07324
31	103	1.23626
31	107	1.01785
31	125	1.03341
31	141	1.68001
31	146	1.33328
31	152	0.916476
32	10	1.0363
32	15	1.03183
32	23	0.984225
32	27	0.827842
32	38	0.939556
32	53	1.01759
32	129	0.94459
32	142	0.993383
32	150	0.974554
32	151	1.11158
32	156	0.984466
32	159	0.987337
32	164	1.73099
32	180	1.53801
33	52	0.97579
33	120	0.763609
33	154	0.574252
33	158	0.776548
33	163	1.12408
33	166	0.974523
33	170	0.990182
33	174	0.97739
33	175	0.892474
33	176	0.964466
33	177	0.964064
33	178	0.988272
33	179	0.967024
33	180	0.956375
34	2	0.83689
34	27	0.999022
34	39	0.598382
34	40	0.666718
34	84	1.12571
34	85	0.491399
34	91	1.15267
34	94	1.15246
34	110	0.562011
34	156	1.15565
34	159	1.15852
34	178	1.03979
34	179	1.01854
34	180	1.00789
35	6	1.05013
35	14	0.914924
35	16	1.00995
35	28	0.963576
35	51	0.939672
35	59	1.00668
35	63	0.975834
35	68	1.03846
35	106	0.943422
35	116	1.0753
35	131	1.16834
35	154	0.992537
35	157	1.21944
35	174	1.80069
36	29	0.977911
36	39	0.976613
36	49	1.05437
36	58	1.02521
36	73	0.967316
36	74	0.995149
36	82	1.05876
36	83	1.02558
36	116	0.901295
36	129	1.16059
36	140	1.36769
36	141	1.55007
36	159	1.02337
37	3	0.997276
37	12	1.01417
37	22	0.963306
37	26	0.967505
37	45	1.00034
37	48	1.00171
37	54	0.895681
37	61	1.03632
37	62	0.934501
37	121	1.64038
37	126	1.11731
37	135	1.47863
37	154	0.963624
37	163	1.07887
38	10	1.03617
38	15	1.0317
38	23	0.984097
38	27	0.827714
38	32	0.939556
38	53	1.01746
38	128	0.686146
38	142	0.993255
38	150	0.974426
38	151	0.940282
38	156	0.984338
38	159	0.987209
38	170	1.22931
38	175	2.48617
39	20	0.977374
39	29	0.94277
39	34	0.598382
39	36	0.976613
39	49	1.01923
39	58	0.990065
39	73	0.932175
39	74	0.960008
39	82	1.02362
39	83	0.990442
39	125	1.24602
39	141	1.62021
39	159	0.988231
39	167	1.52889
40	11	0.929046
40	18	1.02333
40	21	1.02167
40	34	0.666718
40	44	0.948843
40	46	1.05739
40	50	0.946238
40	111	1.01636
40	115	0.98386
40	125	1.008
40	149	1.03084
40	152	0.891073
40	167	1.59722
40	173	1.72168
41	2	0.969448
41	7	0.820808
41	8	0.82268
41	13	0.967251
41	24	0.898836
41	55	0.908572
41	60	0.875787
41	86	0.893652
41	111	0.914379
41	143	1.7109
41	149	1.21844
41	150	0.889141
41	171	0.837173
41	176	2.10426
42	66	1.0706
42	67	1.06961
42	71	1.15115
42	75	1.06864
42	78	1.04523
42	81	1.1261
42	84	1.09034
42	90	0.766457
42	91	1.1173
42	94	1.11709
42	126	0.753623
42	168	1.17614
42	172	1.46643
42	176	1.42821
43	26	1.14712
43	49	0.459853
43	60	1.02624
43	70	0.897016
43	71	1.08039
43	78	0.974462
43	91	1.04653
43	92	0.870873
43	94	1.04632
43	171	0.987627
43	177	0.90944
43	178	0.933647
43	179	0.912399
43	180	0.90175
44	11	0.905073
44	18	0.999359
44	21	0.997693
44	40	0.948843
44	46	1.03342
44	50	0.922266
44	107	0.993618
44	111	0.992386
44	115	0.959887
44	121	0.898878
44	125	0.984031
44	142	1.1636
44	152	0.867101
44	161	1.88681
44	167	1.56446
45	1	0.958906
45	3	1.08596
45	12	1.10286
45	22	1.05199
45	37	1.00034
45	48	1.0904
45	54	0.984367
45	61	1.12501
45	62	1.02319
45	119	1.16149
45	125	0.717378
45	154	1.05231
45	169	1.3346
45	172	1.3579
45	177	1.31731
46	11	1.01362
46	18	1.10791
46	21	1.10624
46	40	1.05739
46	44	1.03342
46	50	1.03081
46	96	1.51871
46	102	0.654241
46	115	1.06843
46	121	1.00742
46	125	1.09258
46	152	0.975647
46	155	1.45098
46	157	0.992713
46	171	1.20597
47	66	1.02815
47	67	1.02716
47	71	1.10871
47	75	1.0262
47	78	1.00278
47	81	1.08365
47	84	1.04789
47	91	1.07485
47	94	1.07464
47	129	0.952007
47	156	1.07783
47	157	0.83685
47	165	1.29033
47	167	1.25016
47	180	1.54543
48	1	0.960284
48	3	1.08734
48	4	1.0913
48	26	1.05757
48	37	1.00171
48	45	1.0904
48	54	0.985745
48	61	1.12639
48	62	1.02456
48	96	1.2963
48	106	1.08475
48	109	0.625847
48	121	1.35153
48	154	1.05369
48	176	1.50305
49	20	1.05513
49	29	1.02053
49	36	1.05437
49	39	1.01923
49	43	0.459853
49	58	1.06782
49	73	1.00993
49	74	1.03777
49	82	1.10138
49	83	1.0682
49	142	0.641332
49	153	0.702456
49	159	1.06599
49	175	2.45691
49	176	1.36162
50	11	0.902469
50	18	0.996755
50	21	0.995088
50	40	0.946238
50	44	0.922266
50	46	1.03081
50	111	0.989781
50	115	0.957282
50	121	0.896273
50	125	0.981426
50	140	1.26183
50	148	1.03678
50	152	0.864496
50	169	1.68724
50	179	1.62549
51	6	1.02032
51	14	0.88512
51	16	0.980144
51	28	0.933771
51	35	0.939672
51	59	0.976874
51	63	0.94603
51	68	1.00865
51	86	0.964158
51	106	0.913617
51	140	1.3652
51	147	1.33435
51	153	1.11653
51	154	0.962733
51	172	1.81391
52	17	1.00516
52	31	0.979001
52	33	0.97579
52	57	0.913813
52	69	0.948217
52	70	0.946648
52	76	0.938587
52	77	0.937854
52	89	1.02862
52	124	1.40205
52	142	0.990731
52	152	0.871855
52	158	0.984207
52	162	1.21943
52	176	1.72599
53	10	1.11421
53	15	1.10974
53	23	1.06213
53	27	0.905749
53	32	1.01759
53	38	1.01746
53	107	0.312881
53	121	1.05164
53	142	1.07129
53	150	1.05246
53	156	1.06237
53	159	1.06524
53	169	1.21807
53	170	1.04159
53	175	2.29844
54	1	0.854252
54	3	0.981308
54	12	0.998202
54	22	0.947338
54	26	0.951537
54	37	0.895681
54	45	0.984367
54	48	0.985745
54	61	1.02036
54	62	0.918533
54	72	1.06285
54	105	0.947326
54	154	0.947656
54	171	1.51691
54	180	2.01223
55	2	1.10916
55	7	0.960523
55	8	0.962395
55	13	1.10697
55	24	1.03855
55	41	0.908572
55	60	1.0155
55	86	1.03337
55	111	1.05409
55	133	0.781523
55	150	1.02886
55	152	1.56545
55	153	0.878762
55	166	1.557
55	171	0.976888
55	174	1.38643
56	30	0.905475
56	64	0.915681
56	65	1.01407
56	79	0.948019
56	87	0.921578
56	88	0.902039
56	92	0.955402
56	93	0.88361
56	97	0.930932
56	107	1.20178
56	109	1.21486
56	131	0.950935
56	146	1.51721
56	156	0.936213
56	158	0.938606
56	174	1.94056
57	9	0.890255
57	17	0.984595
57	31	0.958434
57	52	0.913813
57	69	0.92765
57	70	0.926082
57	76	0.918021
57	77	0.917287
57	89	1.00805
57	102	1.19296
57	118	1.57363
57	136	1.54783
57	142	0.970164
57	152	0.851289
57	158	0.963641
57	163	1.55115
58	20	1.02597
58	29	0.991363
58	36	1.02521
58	39	0.990065
58	49	1.06782
58	73	0.980768
58	74	1.0086
58	82	1.07221
58	83	1.03903
58	96	0.952677
58	99	1.25043
58	109	1.0963
58	116	1.09662
58	123	1.34827
58	148	1.33797
58	159	1.03682
59	6	1.08733
59	14	0.952126
59	16	1.04715
59	28	1.00078
59	35	1.00668
59	51	0.976874
59	63	1.01304
59	68	1.07566
59	72	1.0322
59	106	0.980623
59	112	0.962347
59	141	1.37254
59	154	1.02974
59	163	0.887625
59	168	1.34858
59	179	1.55382
60	2	1.07638
60	7	0.927738
60	8	0.92961
60	13	1.07418
60	24	1.00577
60	41	0.875787
60	43	1.02624
60	55	1.0155
60	86	1.00058
60	108	0.847908
60	111	1.02131
60	118	1.02055
60	150	0.996071
60	160	1.19713
60	161	1.71401
60	171	0.944103
60	177	1.70873
61	1	0.994896
61	3	1.12195
61	12	1.13885
61	22	1.08798
61	26	1.09218
61	37	1.03632
61	45	1.12501
61	48	1.12639
61	54	1.02036
61	62	1.05918
61	90	0.765478
61	141	1.19912
61	146	0.852382
61	152	1.45475
61	154	1.0883
61	170	1.26567
61	178	1.19261
62	1	0.893072
62	3	1.02013
62	4	1.02409
62	12	1.03702
62	22	0.986158
62	26	0.990356
62	37	0.934501
62	45	1.02319
62	48	1.02456
62	54	0.918533
62	61	1.05918
62	96	1.28787
62	154	0.986475
62	165	1.21535
62	167	1.17518
62	173	1.29964
62	176	1.49461
63	6	1.05649
63	14	0.921283
63	16	1.01631
63	28	0.969934
63	35	0.975834
63	51	0.94603
63	59	1.01304
63	68	1.04482
63	72	1.00136
63	86	1.00032
63	106	0.94978
63	128	0.901948
63	154	0.998895
63	155	1.33221
63	167	1.28724
63	178	1.37206
63	179	1.55984
64	25	1.01849
64	30	0.97798
64	56	0.915681
64	79	1.02052
64	87	0.994082
64	88	0.974543
64	92	1.02791
64	93	0.956114
64	97	1.00344
64	99	0.995124
64	115	0.991544
64	151	1.2676
64	152	1.74572
64	155	1.44372
64	156	1.00872
64	158	1.01111
64	163	1.00517
65	5	1.01259
65	56	1.01407
65	79	1.11891
65	87	1.09247
65	88	1.07293
65	92	1.12629
65	93	1.0545
65	97	1.10182
65	115	1.08993
65	141	1.13543
65	149	0.477725
65	156	1.1071
65	158	1.1095
65	164	1.53236
65	168	1.11147
65	173	1.16857
65	179	1.31671
66	42	1.0706
66	47	1.02815
66	67	0.92891
66	71	1.01045
66	75	0.927942
66	78	0.904529
66	81	0.985395
66	84	0.949638
66	91	0.976596
66	94	0.976389
66	99	1.18993
66	108	1.04981
66	131	0.994296
66	141	0.890062
66	156	0.979574
66	160	1.39903
66	170	1.75143
66	171	1.39351
67	42	1.06961
67	47	1.02716
67	66	0.92891
67	71	1.00946
67	75	0.926952
67	78	0.903539
67	81	0.984405
67	84	0.948648
67	91	0.975606
67	94	0.975398
67	106	1.258
67	123	1.05106
67	125	1.074
67	131	0.993306
67	141	0.889072
67	152	1.70382
67	156	0.978584
67	177	1.67393
68	6	1.11911
68	14	0.983907
68	16	1.07893
68	28	1.03256
68	35	1.03846
68	51	1.00865
68	59	1.07566
68	63	1.04482
68	72	1.06398
68	86	1.06294
68	96	1.22152
68	106	1.0124
68	121	1.27675
68	126	0.753678
68	135	1.115
68	154	1.06152
68	170	1.2667
68	172	1.46649
69	9	0.924659
69	17	1.019
69	31	0.992838
69	52	0.948217
69	57	0.92765
69	70	0.960486
69	76	0.952424
69	77	0.951691
69	89	1.04246
69	111	1.01098
69	125	1.00262
69	131	1.01712
69	136	1.08462
69	149	0.915147
69	152	0.885692
69	158	0.998045
69	164	1.96978
69	180	1.7768
70	9	0.923091
70	17	1.01743
70	31	0.99127
70	43	0.897016
70	52	0.946648
70	57	0.926082
70	69	0.960486
70	76	0.950856
70	77	0.950123
70	89	1.04089
70	125	1.00105
70	142	1.003
70	146	1.22393
70	152	0.884124
70	158	0.996476
70	160	1.28482
70	167	1.47935
70	173	1.60381
71	42	1.15115
71	43	1.08039
71	47	1.10871
71	66	1.01045
71	67	1.00946
71	75	1.0085
71	78	0.985082
71	81	1.06595
71	84	1.03019
71	91	1.05715
71	94	1.05694
71	108	0.918721
71	139	0.9989
71	142	1.06162
71	156	1.06013
71	157	1.04917
71	171	1.26242
71	180	1.75774
72	2	1.11328
72	28	0.989098
72	54	1.06285
72	59	1.0322
72	63	1.00136
72	68	1.06398
72	73	0.9717
72	74	0.999532
72	75	0.830803
72	82	1.06314
72	83	1.02997
72	95	0.834684
72	130	0.754858
72	174	0.898143
72	176	0.885219
72	178	0.909025
72	179	0.887777
72	180	0.877128
73	4	1.00685
73	20	0.968077
73	29	0.933473
73	36	0.967316
73	39	0.932175
73	49	1.00993
73	58	0.980768
73	72	0.9717
73	74	0.950711
73	82	1.01432
73	83	0.981145
73	96	0.894788
73	126	0.922019
73	143	1.20324
73	159	0.978934
73	162	1.09004
73	163	0.883576
73	175	2.69189
74	19	1.17766
74	20	0.99591
74	29	0.961306
74	36	0.995149
74	39	0.960008
74	49	1.03777
74	58	1.0086
74	72	0.999532
74	73	0.950711
74	82	1.04215
74	83	1.00898
74	96	0.92262
74	107	0.88285
74	143	1.37976
74	159	1.00677
74	162	1.26656
74	165	1.49386
75	42	1.06864
75	47	1.0262
75	66	0.927942
75	67	0.926952
75	71	1.0085
75	72	0.830803
75	78	0.902572
75	81	0.983438
75	84	0.947681
75	91	0.974639
75	94	0.974431
75	99	1.08128
75	106	1.38606
75	131	0.992339
75	141	0.888105
75	151	1.35376
75	156	0.977617
75	166	1.82343
76	17	1.00937
76	31	0.983208
76	52	0.938587
76	57	0.918021
76	69	0.952424
76	70	0.950856
76	77	0.942061
76	89	1.03283
76	111	1.00135
76	125	0.992993
76	131	1.06691
76	139	1.06775
76	142	0.994938
76	152	0.876063
76	157	1.11801
76	158	0.988415
76	174	1.69926
76	179	1.80392
77	17	1.00864
77	31	0.982475
77	52	0.937854
77	57	0.917287
77	69	0.951691
77	70	0.950123
77	76	0.942061
77	89	1.03209
77	109	1.03538
77	111	1.00061
77	125	0.992259
77	139	1.12958
77	142	0.994205
77	149	1.02677
77	152	0.875329
77	158	0.987681
77	168	1.66052
77	177	1.91022
78	42	1.04523
78	43	0.974462
78	47	1.00278
78	66	0.904529
78	67	0.903539
78	71	0.985082
78	75	0.902572
78	81	0.960025
78	84	0.924268
78	91	0.951225
78	94	0.951018
78	131	0.968926
78	133	1.27129
78	141	0.864692
78	142	1.30741
78	146	1.45285
78	156	0.954204
78	160	1.51373
78	162	1.52113
79	5	0.946541
79	25	1.05083
79	30	1.01032
79	56	0.948019
79	64	1.02052
79	65	1.11891
79	87	1.02642
79	88	1.00688
79	92	1.06024
79	93	0.988453
79	97	1.03577
79	103	0.968192
79	146	1.0652
79	147	1.19871
79	156	1.04106
79	158	1.04345
79	160	1.12608
79	167	1.32062
79	172	1.67828
80	102	0.725068
80	107	0.906009
80	113	1.0397
80	117	1.02519
80	120	1.06359
80	122	1.0061
80	124	1.47234
80	130	1.00519
80	134	0.993767
80	137	1.02256
80	138	1.02352
80	144	1.03167
80	145	1.03183
80	150	1.03151
80	153	1.13712
80	159	1.0443
80	165	1.51702
80	171	0.979547
80	178	1.56166
81	42	1.1261
81	47	1.08365
81	66	0.985395
81	67	0.984405
81	71	1.06595
81	75	0.983438
81	78	0.960025
81	84	1.00513
81	91	1.03209
81	94	1.03188
81	131	1.04979
81	141	0.945558
81	146	0.831183
81	156	1.03507
81	161	1.40895
81	162	0.899467
81	172	1.44425
81	177	1.40366
81	180	1.38186
82	20	1.05952
82	29	1.02492
82	36	1.05876
82	39	1.02362
82	49	1.10138
82	58	1.07221
82	72	1.06314
82	73	1.01432
82	74	1.04215
82	83	1.07259
82	96	0.986232
82	131	0.777399
82	140	1.15075
82	148	0.925706
82	159	1.07038
82	166	1.58032
82	171	1.04176
82	180	1.53708
83	4	1.06512
83	20	1.02634
83	29	0.991739
83	36	1.02558
83	39	0.990442
83	49	1.0682
83	58	1.03903
83	72	1.02997
83	73	0.981145
83	74	1.00898
83	82	1.07259
83	96	0.953054
83	129	0.968961
83	143	1.19318
83	148	0.951008
83	152	1.61407
83	159	1.0372
83	171	1.06706
83	180	1.56238
84	34	1.12571
84	42	1.09034
84	47	1.04789
84	66	0.949638
84	67	0.948648
84	71	1.03019
84	75	0.947681
84	78	0.924268
84	81	1.00513
84	91	0.996335
84	94	0.996127
84	121	1.45859
84	131	1.01403
84	136	0.893766
84	141	0.909801
84	143	1.21675
84	156	0.999313
84	162	1.10354
84	176	1.61011
84	178	1.37548
85	34	0.491399
85	110	1.02824
85	113	1.02265
85	114	1.00653
85	117	1.00814
85	120	1.04654
85	122	0.98905
85	127	0.982358
85	130	0.988145
85	132	0.989655
85	134	0.976721
85	137	1.00552
85	138	1.00647
85	141	0.934869
85	144	1.01463
85	145	1.01478
85	146	1.16649
85	163	1.02831
85	164	1.91015
85	166	1.76042
86	16	1.03443
86	24	1.02363
86	41	0.893652
86	51	0.964158
86	55	1.03337
86	60	1.00058
86	63	1.00032
86	68	1.06294
86	122	0.988517
86	134	0.976188
86	139	0.865791
86	142	0.928512
86	144	1.0141
86	145	1.01425
86	154	1.01702
86	157	0.916057
86	161	1.65172
86	169	1.66372
86	171	0.961968
86	177	1.64643
87	5	0.9201
87	30	0.983877
87	56	0.921578
87	64	0.994082
87	65	1.09247
87	79	1.02642
87	88	0.98044
87	92	1.0338
87	93	0.962012
87	97	1.00933
87	115	0.997442
87	131	1.02934
87	136	1.11424
87	142	1.1103
87	149	0.944767
87	151	1.37999
87	156	1.01461
87	158	1.01701
87	171	1.3111
87	179	1.78375
88	5	0.900561
88	19	1.20805
88	25	1.00485
88	30	0.964337
88	56	0.902039
88	64	0.974543
88	65	1.07293
88	79	1.00688
88	87	0.98044
88	92	1.01426
88	93	0.942472
88	96	0.913799
88	97	0.989794
88	125	1.20122
88	131	1.0098
88	133	1.04711
88	142	1.08323
88	156	0.995075
88	158	0.997468
88	166	1.82259
88	171	1.28403
89	9	1.00506
89	17	1.0994
89	31	1.07324
89	52	1.02862
89	57	1.00805
89	69	1.04246
89	70	1.04089
89	76	1.03283
89	77	1.03209
89	108	0.769755
89	111	1.09138
89	125	1.08302
89	129	1.01536
89	139	0.849934
89	142	1.08497
89	152	0.966095
89	157	0.900199
89	158	1.07845
89	169	1.64786
89	173	1.43797
89	177	1.63057
90	9	1.22849
90	29	1.07342
90	42	0.766457
90	61	0.765478
90	111	1.03545
90	114	1.1988
90	141	0.984034
90	157	1.09704
90	163	1.0935
90	166	0.943937
90	167	0.968093
90	169	0.946828
90	170	0.959596
90	172	0.943951
90	173	0.949562
90	174	0.946804
90	175	0.861889
90	176	0.93388
90	177	0.933478
90	178	0.957686
90	179	0.936438
90	180	0.925789
91	34	1.15267
91	42	1.1173
91	43	1.04653
91	47	1.07485
91	66	0.976596
91	67	0.975606
91	71	1.05715
91	75	0.974639
91	78	0.951225
91	81	1.03209
91	84	0.996335
91	94	1.02308
91	131	1.04099
91	136	0.739353
91	141	0.936759
91	156	1.02627
91	160	0.941726
91	168	1.20362
91	170	1.29413
91	172	1.49392
91	176	1.45569
91	180	1.43153
92	5	0.953924
92	25	1.05821
92	30	1.0177
92	43	0.870873
92	56	0.955402
92	64	1.02791
92	65	1.12629
92	79	1.06024
92	87	1.0338
92	88	1.01426
92	93	0.995835
92	96	0.967162
92	97	1.04316
92	103	1.10078
92	115	1.03127
92	116	0.895758
92	121	1.62112
92	126	1.09805
92	129	1.15505
92	155	1.49816
92	156	1.04844
92	158	1.05083
93	5	0.882132
93	25	0.986418
93	30	0.945909
93	56	0.88361
93	64	0.956114
93	65	1.0545
93	79	0.988453
93	87	0.962012
93	88	0.942472
93	92	0.995835
93	96	0.89537
93	97	0.971365
93	100	0.985932
93	115	0.959473
93	127	1.17957
93	128	1.23382
93	131	0.991368
93	155	1.66408
93	156	0.976646
93	158	0.979039
93	163	1.22553
93	180	1.91439
94	34	1.15246
94	42	1.11709
94	43	1.04632
94	47	1.07464
94	66	0.976389
94	67	0.975398
94	71	1.05694
94	75	0.974431
94	78	0.951018
94	81	1.03188
94	84	0.996127
94	91	1.02308
94	125	0.990801
94	129	0.975517
94	131	1.04078
94	135	1.27984
94	140	1.18261
94	141	0.936551
94	148	0.957564
94	156	1.02606
94	169	1.60802
94	179	1.54627
95	72	0.834684
95	98	0.96806
95	104	1.01582
95	110	1.03853
95	113	1.03295
95	114	1.01683
95	117	1.01843
95	119	1.65004
95	121	0.956494
95	122	0.999345
95	130	0.99844
95	132	0.99995
95	134	0.987016
95	138	1.01677
95	144	1.02492
95	145	1.02508
95	149	0.922417
95	150	1.02476
95	153	1.14907
95	154	1.02785
95	157	1.07549
95	160	1.29427
95	173	1.61326
96	25	0.957745
96	46	1.51871
96	48	1.2963
96	58	0.952677
96	62	1.28787
96	68	1.22152
96	73	0.894788
96	74	0.92262
96	82	0.986232
96	83	0.953054
96	88	0.913799
96	92	0.967162
96	93	0.89537
96	97	0.942692
96	120	1.30706
96	124	0.892094
96	159	0.950843
96	172	0.818378
96	176	0.808307
96	177	0.807906
96	178	0.832113
96	179	0.810865
96	180	0.800216
97	5	0.929454
97	25	1.03374
97	30	0.99323
97	56	0.930932
97	64	1.00344
97	65	1.10182
97	79	1.03577
97	87	1.00933
97	88	0.989794
97	92	1.04316
97	93	0.971365
97	96	0.942692
97	106	1.15714
97	115	1.0068
97	126	0.900853
97	131	1.03869
97	156	1.02397
97	158	1.02636
97	159	0.0342337
97	163	0.86241
97	175	2.67073
97	177	1.57307
97	178	1.34082
98	95	0.96806
98	104	0.94378
98	113	0.960905
98	114	0.944783
98	117	0.946391
98	120	0.984791
98	122	0.927301
98	130	0.926396
98	131	0.917948
98	132	0.927906
98	134	0.914972
98	137	0.943767
98	138	0.944723
98	144	0.95288
98	145	0.953033
98	150	0.95272
98	158	0.965025
98	159	0.965503
98	163	0.988764
98	170	1.54023
98	172	1.74002
98	176	1.70179
98	180	1.67763
99	7	1.28529
99	58	1.25043
99	64	0.995124
99	66	1.18993
99	75	1.08128
99	127	1.07276
99	155	0.971586
99	156	0.815019
99	161	0.941665
99	165	0.987146
99	166	0.935898
99	167	0.960054
99	168	0.963738
99	169	0.938789
99	172	0.935912
99	173	0.941523
99	174	0.938765
99	175	0.853849
99	176	0.925841
99	177	0.925439
99	178	0.949647
99	179	0.928399
99	180	0.91775
100	22	0.936254
100	93	0.985932
100	110	0.85933
100	132	0.840702
100	137	0.673164
100	145	0.627807
100	153	1.14217
100	156	0.585469
100	161	0.988657
100	162	1.07725
100	163	1.13245
100	164	0.969609
100	165	1.03414
100	166	0.982889
100	170	0.998548
100	173	0.988514
100	174	0.985756
100	175	0.900841
100	176	0.972832
100	177	0.97243
100	178	0.996638
100	179	0.97539
100	180	0.964741
101	13	0.979929
101	22	1.22316
101	111	1.03149
101	114	1.19484
101	120	0.848096
101	126	1.08286
101	128	1.087
101	143	0.972677
101	159	0.88138
101	160	0.995445
101	162	0.992579
101	164	0.884935
101	165	0.949463
101	168	0.926055
101	170	0.913874
101	172	0.898229
101	173	0.90384
101	174	0.901082
101	175	0.816166
101	176	0.888158
101	177	0.887756
101	178	0.911963
101	179	0.890715
101	180	0.880066
102	1	1.30687
102	46	0.654241
102	57	1.19296
102	80	0.725068
102	107	1.24331
102	109	1.21881
102	122	0.739545
102	138	0.526664
102	144	0.49651
102	155	1.04927
102	158	0.455537
102	163	1.16315
102	164	1.00031
102	165	1.06483
102	170	1.02924
102	172	1.0136
102	173	1.01921
102	174	1.01645
102	175	0.931537
102	176	1.00353
102	177	1.00313
102	178	1.02733
102	179	1.00609
102	180	0.995437
103	14	1.43563
103	31	1.23626
103	79	0.968192
103	92	1.10078
103	106	0.983869
103	113	0.970411
103	129	1.09896
103	138	0.926019
103	151	0.99513
103	160	1.00743
103	164	0.896921
103	167	0.934357
103	168	0.938041
103	169	0.913092
103	170	0.92586
103	172	0.910215
103	173	0.915826
103	174	0.913068
103	175	0.828153
103	176	0.900144
103	177	0.899742
103	178	0.92395
103	179	0.902702
103	180	0.892053
104	95	1.01582
104	98	0.94378
104	110	1.01425
104	113	1.00867
104	114	0.992547
104	117	0.994155
104	120	1.03255
104	122	0.975065
104	130	0.97416
104	132	0.97567
104	134	0.962736
104	137	0.991531
104	138	0.992487
104	144	1.00064
104	145	1.0008
104	147	1.00832
104	154	1.00357
104	161	1.45258
104	168	1.19759
104	170	1.2881
104	171	0.948516
104	172	1.48789
104	174	1.29817
104	176	1.44966
105	5	0.893663
105	19	1.13285
105	25	0.704303
105	26	0.959817
105	27	1.00204
105	54	0.947326
105	110	0.722881
105	115	0.644589
105	126	1.20402
105	150	0.492825
105	151	1.10431
105	157	1.17248
105	161	1.02515
105	167	1.04354
105	169	1.02227
105	170	1.03504
105	173	1.02501
105	174	1.02225
105	175	0.937334
105	176	1.00933
105	177	1.00892
105	178	1.03313
105	179	1.01188
105	180	1.00123
106	9	1.47195
106	15	1.1421
106	35	0.943422
106	48	1.08475
106	51	0.913617
106	59	0.980623
106	63	0.94978
106	67	1.258
106	68	1.0124
106	75	1.38606
106	97	1.15714
106	103	0.983869
106	130	0.937072
106	132	0.938582
106	137	0.954443
106	138	0.955399
106	144	0.963556
106	145	0.963709
106	154	0.966483
106	174	0.846566
106	176	0.833642
106	177	0.83324
106	178	0.857448
106	179	0.8362
106	180	0.825551
107	8	1.20164
107	31	1.01785
107	44	0.993618
107	53	0.312881
107	56	1.20178
107	74	0.88285
107	80	0.906009
107	102	1.24331
107	138	0.707605
107	146	1.10379
107	149	1.17841
107	155	1.03545
107	164	0.986479
107	166	0.999759
107	167	1.02392
107	168	1.0276
107	169	1.00265
107	172	0.999773
107	173	1.00538
107	175	0.917711
107	176	0.989702
107	177	0.9893
107	178	1.01351
107	179	0.99226
107	180	0.981611
108	24	0.984395
108	60	0.847908
108	66	1.04981
108	71	0.918721
108	89	0.769755
108	113	0.779083
108	117	0.884708
108	143	1.05299
108	144	0.704538
108	149	1.15718
108	153	1.13781
108	161	0.984295
108	162	1.07289
108	163	1.12809
108	164	0.965248
108	166	0.978528
108	168	1.00637
108	172	0.978542
108	173	0.984153
108	174	0.981395
108	175	0.89648
108	176	0.968471
108	177	0.968069
108	178	0.992277
108	179	0.971029
108	180	0.96038
109	2	1.20963
109	12	0.686907
109	48	0.625847
109	56	1.21486
109	58	1.0963
109	77	1.03538
109	102	1.21881
109	120	0.636611
109	123	1.0922
109	134	0.740618
109	135	1.05659
109	160	1.07248
109	162	1.06962
109	164	0.961974
109	165	1.0265
109	167	0.99941
109	168	1.00309
109	170	0.990913
109	172	0.975268
109	173	0.980879
109	175	0.893205
109	176	0.965197
109	177	0.964795
109	178	0.989003
109	179	0.967755
109	180	0.957106
110	34	0.562011
110	85	1.02824
110	95	1.03853
110	100	0.85933
110	104	1.01425
110	105	0.722881
110	113	1.03138
110	114	1.01525
110	117	1.01686
110	120	1.05526
110	122	0.997773
110	130	0.996868
110	131	1.02811
110	132	0.998377
110	134	0.985443
110	137	1.01424
110	138	1.01519
110	141	0.943592
110	142	1.09166
110	144	1.02335
110	145	1.0235
110	158	1.0355
110	167	1.49252
110	171	0.971223
110	173	1.61698
110	180	1.78779
111	7	0.966331
111	9	0.973583
111	18	1.06687
111	21	1.06521
111	40	1.01636
111	41	0.914379
111	44	0.992386
111	50	0.989781
111	55	1.05409
111	60	1.02131
111	69	1.01098
111	76	1.00135
111	77	1.00061
111	89	1.09138
111	90	1.03545
111	101	1.03149
111	128	0.992469
111	135	1.38394
111	139	0.914193
111	142	1.05349
111	146	1.12235
111	150	1.03466
111	152	0.934616
111	171	0.982695
111	173	1.50223
111	178	1.46258
112	19	1.00082
112	23	1.25394
112	59	0.962347
112	114	1.22225
112	122	1.17245
112	145	0.942123
112	149	1.066
112	151	0.97228
112	159	0.90879
112	162	0.981716
112	163	1.03691
112	164	0.874072
112	165	0.938601
112	167	0.911508
112	168	0.915192
112	170	0.903011
112	172	0.887366
112	173	0.892977
112	174	0.890219
112	175	0.805304
112	176	0.877295
112	177	0.876893
112	178	0.901101
112	179	0.879853
112	180	0.869204
113	80	1.0397
113	85	1.02265
113	95	1.03295
113	98	0.960905
113	103	0.970411
113	104	1.00867
113	108	0.779083
113	110	1.03138
113	114	1.00967
113	117	1.01128
113	120	1.04968
113	122	0.99219
113	128	0.937538
113	130	0.991285
113	132	0.992795
113	134	0.979861
113	136	0.92593
113	137	1.00866
113	138	1.00961
113	144	1.01777
113	145	1.01792
113	158	1.02991
113	162	1.13571
113	168	1.3902
113	169	1.65719
113	172	1.68049
114	85	1.00653
114	90	1.1988
114	95	1.01683
114	98	0.944783
114	101	1.19484
114	104	0.992547
114	110	1.01525
114	112	1.22225
114	113	1.00967
114	115	0.994227
114	117	0.995158
114	120	1.03356
114	125	1.25825
114	130	0.975164
114	132	0.976674
114	133	1.10415
114	134	0.96374
114	137	0.992535
114	138	0.993491
114	144	1.00165
114	145	1.0018
114	153	1.20139
114	157	1.12781
114	158	1.01379
114	159	1.01427
114	163	1.14752
114	171	0.94952
115	11	0.94009
115	40	0.98386
115	44	0.959887
115	46	1.06843
115	50	0.957282
115	64	0.991544
115	65	1.08993
115	87	0.997442
115	92	1.03127
115	93	0.959473
115	97	1.0068
115	105	0.644589
115	114	0.994227
115	117	0.995835
115	123	1.10843
115	137	0.993211
115	138	0.994167
115	144	1.00232
115	145	1.00248
115	147	1.29232
115	152	0.902117
115	156	1.01208
115	157	1.00092
115	165	1.4544
115	168	1.48159
115	173	1.53868
115	178	1.49904
116	23	1.01537
116	35	1.0753
116	36	0.901295
116	58	1.09662
116	92	0.895758
116	117	0.871014
116	126	1.14062
116	136	1.14623
116	144	0.690843
116	145	0.703549
116	146	1.06002
116	148	1.08131
116	155	0.99167
116	163	1.10554
116	164	0.942702
116	167	0.980137
116	168	0.983822
116	169	0.958872
116	172	0.955996
116	173	0.961607
116	174	0.958849
116	175	0.873933
116	176	0.945925
116	177	0.945523
116	178	0.96973
116	179	0.948482
116	180	0.937833
117	80	1.02519
117	85	1.00814
117	95	1.01843
117	98	0.946391
117	104	0.994155
117	108	0.884708
117	110	1.01686
117	113	1.01128
117	114	0.995158
117	115	0.995835
117	116	0.871014
117	120	1.03517
117	122	0.977676
117	129	1.13031
117	130	0.976772
117	132	0.978281
117	134	0.965347
117	137	0.994142
117	138	0.995098
117	142	1.02761
117	144	1.00326
117	145	1.00341
117	147	1.30656
117	167	1.42846
117	170	1.58633
117	171	0.951127
117	173	1.55292
118	16	0.879404
118	57	1.57363
118	60	1.02055
118	136	1.10923
118	138	0.90733
118	143	0.993446
118	145	0.889882
118	150	0.891349
118	151	1.00391
118	153	1.07827
118	159	0.856548
118	161	0.92475
118	164	0.905703
118	165	0.970231
118	166	0.918983
118	167	0.943139
118	168	0.946823
118	169	0.921874
118	172	0.918997
118	173	0.924608
118	174	0.92185
118	175	0.836934
118	176	0.908926
118	177	0.908524
118	178	0.932732
118	179	0.911484
118	180	0.900835
119	45	1.16149
119	95	1.65004
119	120	1.35562
119	138	1.43968
119	143	0.909921
119	146	0.939491
119	147	0.942169
119	151	0.920386
119	158	1.36856
119	161	0.841225
119	162	0.929822
119	163	0.985019
119	165	0.886706
119	167	0.859614
119	168	0.863298
119	169	0.838348
119	170	0.851117
119	172	0.835472
119	173	0.841083
119	174	0.838325
119	175	0.753409
119	176	0.825401
119	177	0.824999
119	178	0.849207
119	179	0.827959
119	180	0.817309
120	33	0.763609
120	80	1.06359
120	85	1.04654
120	96	1.30706
120	98	0.984791
120	101	0.848096
120	104	1.03255
120	109	0.636611
120	110	1.05526
120	113	1.04968
120	114	1.03356
120	117	1.03517
120	119	1.35562
120	122	1.01608
120	130	1.01517
120	132	1.01668
120	134	1.00375
120	136	0.797472
120	137	1.03254
120	138	1.0335
120	144	1.04166
120	145	1.04181
120	150	1.0415
120	154	1.04458
120	162	1.00725
120	165	1.23455
120	166	1.53289
120	171	0.989527
121	18	0.973367
121	21	0.9717
121	37	1.64038
121	44	0.898878
121	46	1.00742
121	48	1.35153
121	50	0.896273
121	53	1.05164
121	68	1.27675
121	84	1.45859
121	92	1.62112
121	95	0.956494
121	125	0.958038
121	130	0.914831
121	132	0.916341
121	134	0.903407
121	137	0.932202
121	140	0.908617
121	144	0.941315
121	145	0.941468
121	161	0.827226
121	174	0.824326
121	175	0.73941
121	176	0.811402
121	177	0.811
121	178	0.835207
121	179	0.813959
121	180	0.80331
122	80	1.0061
122	85	0.98905
122	86	0.988517
122	95	0.999345
122	98	0.927301
122	102	0.739545
122	104	0.975065
122	110	0.997773
122	112	1.17245
122	113	0.99219
122	117	0.977676
122	120	1.01608
122	128	1.10603
122	130	0.957682
122	132	0.959192
122	133	1.05436
122	134	0.946258
122	137	0.975053
122	138	0.976009
122	144	0.984166
122	145	0.984318
122	155	1.53628
122	158	0.996311
122	159	0.996788
122	162	1.30419
122	165	1.53149
122	171	0.932038
122	178	1.57614
123	28	1.34107
123	29	1.10994
123	58	1.34827
123	67	1.05106
123	109	1.0922
123	115	1.10843
123	129	1.07573
123	133	1.04691
123	147	0.993687
123	150	0.956664
123	151	0.971904
123	156	0.912858
123	160	0.984206
123	162	0.98134
123	165	0.938224
123	166	0.886975
123	167	0.911132
123	168	0.914816
123	170	0.902635
123	172	0.88699
123	173	0.892601
123	174	0.889843
123	175	0.804927
123	176	0.876919
123	177	0.876517
123	178	0.900724
123	179	0.879476
123	180	0.868827
124	10	1.27345
124	15	1.23645
124	52	1.40205
124	80	1.47234
124	96	0.892094
124	135	0.925094
124	140	0.930919
124	145	1.25649
124	147	0.950472
124	148	0.969091
124	149	1.02241
124	153	1.00305
124	158	1.20281
124	160	0.940991
124	163	0.993322
124	165	0.895009
124	167	0.867917
124	169	0.846651
124	170	0.85942
124	172	0.843775
124	173	0.849386
124	174	0.846628
124	175	0.761712
124	176	0.833704
124	177	0.833302
124	178	0.857509
124	179	0.836262
124	180	0.825612
125	11	0.964233
125	15	0.958096
125	31	1.03341
125	39	1.24602
125	40	1.008
125	44	0.984031
125	45	0.717378
125	46	1.09258
125	50	0.981426
125	67	1.074
125	69	1.00262
125	70	1.00105
125	76	0.992993
125	77	0.992259
125	88	1.20122
125	89	1.08302
125	94	0.990801
125	114	1.25825
125	121	0.958038
125	145	0.978128
125	152	0.926261
125	158	1.03861
125	169	0.909502
125	175	0.824563
125	176	0.896554
125	177	0.896152
125	178	0.92036
125	179	0.899112
125	180	0.888463
126	18	1.11194
126	37	1.11731
126	42	0.753623
126	68	0.753678
126	73	0.922019
126	92	1.09805
126	97	0.900853
126	101	1.08286
126	105	1.20402
126	116	1.14062
126	133	1.11461
126	150	0.907311
126	151	1.0396
126	153	1.11396
126	156	0.863506
126	161	0.960441
126	166	0.954674
126	167	0.97883
126	168	0.982514
126	169	0.957565
126	170	0.970333
126	172	0.954688
126	173	0.960299
126	174	0.957541
126	175	0.872625
126	176	0.944617
126	177	0.944215
126	178	0.968423
126	179	0.947175
126	180	0.936526
127	26	1.28991
127	28	1.20732
127	85	0.982358
127	93	1.17957
127	99	1.07276
127	128	1.09568
127	135	0.988226
127	136	1.09714
127	137	0.866805
127	138	0.838896
127	140	0.994052
127	151	0.991822
127	157	1.05999
127	158	0.767769
127	159	0.788114
127	161	0.912661
127	163	1.05645
127	164	0.893614
127	166	0.906893
127	168	0.934734
127	170	0.922552
127	172	0.906907
127	173	0.912519
127	174	0.909761
127	175	0.824845
127	176	0.896836
127	177	0.896435
127	178	0.920642
127	179	0.899394
127	180	0.888745
128	38	0.686146
128	63	0.901948
128	93	1.23382
128	101	1.087
128	111	0.992469
128	113	0.937538
128	122	1.10603
128	127	1.09568
128	144	0.862992
128	147	1.06553
128	148	1.08415
128	149	1.13747
128	154	0.619722
128	155	0.994507
128	159	0.842364
128	160	1.05605
128	161	0.964586
128	162	1.05318
128	168	0.986659
128	169	0.961709
128	170	0.974478
128	172	0.958833
128	173	0.964444
128	174	0.961686
128	175	0.87677
128	176	0.948762
128	177	0.94836
128	178	0.972568
128	179	0.95132
128	180	0.94067
129	32	0.94459
129	36	1.16059
129	47	0.952007
129	83	0.968961
129	89	1.01536
129	92	1.15505
129	94	0.975517
129	103	1.09896
129	117	1.13031
129	123	1.07573
129	140	1.04595
129	147	1.0655
129	154	0.706869
129	155	0.994477
129	162	1.05315
129	164	0.945508
129	165	1.01004
129	166	0.958788
129	167	0.982944
129	168	0.986628
129	169	0.961679
129	170	0.974447
129	172	0.958802
129	173	0.964413
129	174	0.961655
129	175	0.87674
129	176	0.948731
129	177	0.948329
129	178	0.972537
129	179	0.951289
129	180	0.94064
130	72	0.754858
130	80	1.00519
130	85	0.988145
130	95	0.99844
130	98	0.926396
130	104	0.97416
130	106	0.937072
130	110	0.996868
130	113	0.991285
130	114	0.975164
130	117	0.976772
130	120	1.01517
130	121	0.914831
130	122	0.957682
130	132	0.958287
130	134	0.945353
130	135	1.41515
130	137	0.974148
130	138	0.975104
130	139	0.9454
130	144	0.983261
130	145	0.983414
130	148	1.09287
130	150	0.983101
130	153	1.06924
130	154	0.986188
130	159	0.995883
130	164	1.89722
130	165	1.44914
130	171	0.931133
130	178	1.49379
130	179	1.68157
131	1	1.59424
131	3	0.924913
131	22	1.10503
131	30	1.01323
131	35	1.16834
131	56	0.950935
131	66	0.994296
131	67	0.993306
131	69	1.01712
131	75	0.992339
131	76	1.06691
131	78	0.968926
131	81	1.04979
131	82	0.777399
131	84	1.01403
131	87	1.02934
131	88	1.0098
131	91	1.04099
131	93	0.991368
131	94	1.04078
131	97	1.03869
131	98	0.917948
131	110	1.02811
131	156	1.04397
131	168	0.942202
131	172	0.914376
131	175	0.832314
131	176	0.904305
131	177	0.903903
131	178	0.928111
131	179	0.906863
131	180	0.896214
132	85	0.989655
132	95	0.99995
132	98	0.927906
132	100	0.840702
132	104	0.97567
132	106	0.938582
132	110	0.998377
132	113	0.992795
132	114	0.976674
132	117	0.978281
132	120	1.01668
132	121	0.916341
132	122	0.959192
132	130	0.958287
132	133	1.03692
132	134	0.946863
132	137	0.975657
132	138	0.976614
132	139	1.01032
132	141	0.905011
132	144	0.984771
132	145	0.984923
132	150	0.984611
132	153	1.13416
132	154	0.987697
132	158	0.996916
132	159	0.997393
132	160	1.27936
132	168	1.54125
132	174	1.64183
132	178	1.5587
132	179	1.74649
133	18	1.03012
133	28	1.2099
133	55	0.781523
133	78	1.27129
133	88	1.04711
133	114	1.10415
133	122	1.05436
133	123	1.04691
133	126	1.11461
133	132	1.03692
133	148	1.0553
133	151	1.01489
133	156	0.781689
133	157	1.08307
133	160	1.0272
133	161	0.935733
133	162	1.02433
133	163	1.07953
133	164	0.916686
133	165	0.981214
133	167	0.954122
133	169	0.932856
133	170	0.945625
133	172	0.92998
133	173	0.935591
133	174	0.932833
133	175	0.847917
133	176	0.919909
133	177	0.919507
133	178	0.943714
133	179	0.922466
133	180	0.911817
134	80	0.993767
134	85	0.976721
134	86	0.976188
134	95	0.987016
134	98	0.914972
134	104	0.962736
134	109	0.740618
134	110	0.985443
134	113	0.979861
134	114	0.96374
134	117	0.965347
134	120	1.00375
134	121	0.903407
134	122	0.946258
134	130	0.945353
134	132	0.946863
134	137	0.962723
134	138	0.96368
134	141	0.892077
134	142	0.897532
134	143	1.22446
134	144	0.971837
134	145	0.971989
134	148	0.982282
134	150	0.971677
134	153	0.958657
134	154	0.974763
134	158	0.983982
134	171	0.919709
134	175	2.71311
134	177	1.61545
134	178	1.3832
134	180	1.59365
135	13	1.33238
135	37	1.47863
135	68	1.115
135	94	1.27984
135	109	1.05659
135	111	1.38394
135	124	0.925094
135	127	0.988226
135	130	1.41515
135	137	1.31253
135	139	1.03258
135	147	0.958076
135	148	0.976695
135	155	0.887053
135	160	0.948595
135	161	0.857132
135	163	1.00093
135	164	0.838085
135	165	0.902613
135	166	0.851364
135	168	0.879205
135	169	0.854255
135	170	0.867023
135	172	0.851378
135	173	0.856989
135	174	0.854231
135	175	0.769316
135	176	0.841307
135	177	0.840905
135	178	0.865113
135	179	0.843865
135	180	0.833216
136	4	1.00619
136	13	0.929304
136	17	0.861279
136	57	1.54783
136	69	1.08462
136	84	0.893766
136	87	1.11424
136	91	0.739353
136	113	0.92593
136	116	1.14623
136	118	1.10923
136	120	0.797472
136	127	1.09714
136	146	1.06431
136	147	1.06699
136	149	1.13893
136	161	0.966047
136	163	1.10984
136	164	0.947
136	165	1.01153
136	166	0.96028
136	167	0.984436
136	169	0.96317
136	170	0.975939
136	172	0.960294
136	173	0.965905
136	174	0.963147
136	175	0.878231
136	176	0.950223
136	177	0.949821
136	178	0.974028
136	179	0.952781
136	180	0.942131
137	4	1.04117
137	80	1.02256
137	85	1.00552
