1	94	0.824109
1	134	1.01781
1	140	1.06603
1	146	1.06789
1	148	1.06439
1	169	1.04115
1	172	0.938353
1	173	1.05986
1	174	1.03835
1	176	0.927021
1	178	0.913066
1	179	1.04479
2	100	1.01016
2	146	1.06734
2	156	1.07862
2	159	0.941626
2	164	1.06217
2	169	1.0406
2	172	0.895059
2	173	1.05931
2	174	1.0378
2	178	0.869772
2	179	1.04424
2	180	0.897835
3	11	0.837041
3	39	1.10384
3	46	0.791058
3	54	1.10908
3	96	1.03102
3	152	1.04085
3	161	1.03363
3	164	0.858515
3	167	1.04529
3	170	1.05053
3	177	1.05082
3	180	1.04348
4	127	0.944923
4	144	0.929532
4	149	1.22218
4	152	0.92648
4	156	1.18895
4	159	0.923114
4	160	1.18722
4	167	0.930917
4	168	0.93402
4	171	0.953563
4	174	0.925998
4	175	0.931271
5	52	1.01381
5	70	0.896544
5	90	0.89101
5	143	1.04104
5	145	1.07484
5	150	1.031
5	156	1.07097
5	163	1.03926
5	164	1.05453
5	173	1.05166
5	179	1.0366
5	180	0.802796
6	60	0.905388
6	134	1.02104
6	142	1.05712
6	150	1.04242
6	156	1.08239
6	161	0.904317
6	169	1.04438
6	172	0.887923
6	173	1.06308
6	174	1.04158
6	175	0.908068
6	179	1.04802
7	25	1.06387
7	48	0.976307
7	94	1.10116
7	120	1.04548
7	131	1.01798
7	136	0.899521
7	147	1.03641
7	152	0.885468
7	155	0.843784
7	162	1.04658
7	177	1.04814
7	180	1.0408
8	100	0.885084
8	106	0.94828
8	114	1.23953
8	122	1.14875
8	133	0.955391
8	140	0.940397
8	148	0.93876
8	149	1.21586
8	160	0.954578
8	163	0.921821
8	164	0.937093
8	179	0.919165
9	82	0.926297
9	150	0.962762
9	152	1.03976
9	154	1.06638
9	155	1.04938
9	156	0.855442
9	159	1.03639
9	160	0.853713
9	167	1.0442
9	168	1.0473
9	170	1.04944
9	171	1.06684
10	33	1.02522
10	61	0.943937
10	122	1.08457
10	141	1.06849
10	150	0.905274
10	163	0.898401
10	171	0.854892
10	172	1.05003
10	175	1.04006
10	176	1.03753
10	177	1.04523
10	178	1.04852
11	3	0.837041
11	46	1.1166
11	74	0.878977
11	91	1.03032
11	101	0.923379
11	134	1.01782
11	150	1.0392
11	163	1.04745
11	164	1.06273
11	169	1.04116
11	172	0.964267
11	179	1.0448
12	22	1.06434
12	79	1.0723
12	99	0.99808
12	108	1.00394
12	126	0.854304
12	132	0.878305
12	148	0.860204
12	155	1.0489
12	167	1.04372
12	168	1.04682
12	171	1.06637
12	172	1.05404
13	91	1.0294
13	135	1.07117
13	143	1.04832
13	163	1.04653
13	164	1.0618
13	169	1.04024
13	171	0.873072
13	172	0.908231
13	173	1.05894
13	175	0.928377
13	176	0.8969
13	179	1.04388
14	78	0.899521
14	130	1.01489
14	147	1.02717
14	155	1.01111
14	158	1.016
14	163	1.00104
14	165	1.00463
14	167	1.00592
14	170	1.01117
14	171	1.02857
14	174	1.00101
14	175	1.00628
14	178	0.967408
15	29	1.03113
15	69	1.0342
15	91	1.00017
15	117	0.987422
15	118	0.922231
15	131	0.992677
15	134	0.987666
15	150	1.00905
15	164	1.03258
15	173	1.02971
15	174	1.0082
15	176	0.952093
15	179	1.01465
16	29	0.9501
16	126	1.03241
16	147	0.998113
16	148	0.958415
16	149	1.01696
16	153	1.01933
16	159	1.03608
16	171	0.954352
16	175	1.00467
16	176	1.00214
16	177	1.00985
16	178	1.01313
16	180	1.00251
17	69	1.05799
17	112	1.01167
17	127	1.01946
17	132	0.974215
17	140	0.918262
17	152	1.00102
17	158	1.01553
17	165	1.00416
17	168	1.00856
17	170	1.0107
17	171	1.0281
17	174	1.00054
17	177	0.946948
18	20	1.20544
18	34	1.09482
18	76	0.961718
18	79	0.884581
18	82	1.01479
18	115	1.04626
18	136	0.93301
18	147	0.991406
18	161	0.985953
18	167	0.893392
18	176	0.995434
18	177	1.00314
18	178	1.00642
19	21	1.015
19	24	0.962911
19	109	0.940284
19	110	1.01025
19	125	1.02169
19	130	1.00499
19	142	1.00818
19	160	1.03449
19	163	1.00173
19	169	0.995437
19	172	1.00388
19	173	1.01414
19	179	0.999077
20	18	1.20544
20	43	1.38471
20	63	1.30416
20	91	0.889328
20	154	0.924459
20	164	0.92173
20	165	0.900981
20	168	0.905381
20	170	0.907523
20	171	0.924923
20	173	0.918867
20	175	0.902631
20	179	0.903802
21	19	1.015
21	33	1.03227
21	99	0.967541
21	135	1.02731
21	146	1.02312
21	154	1.02068
21	157	0.949897
21	160	1.03543
21	169	0.996381
21	172	0.966676
21	173	1.01509
21	176	0.955345
21	179	1.00002
22	12	1.06434
22	110	1.01575
22	135	0.948903
22	138	0.994927
22	142	0.993247
22	145	0.932481
22	154	1.02385
22	165	1.00037
22	167	1.00167
22	174	0.996751
22	177	1.0072
22	178	1.01048
22	180	0.999857
23	34	0.822878
23	77	1.1425
23	96	0.991958
23	125	0.914592
23	127	1.02023
23	155	1.01141
23	157	1.02148
23	159	0.998419
23	168	1.00933
23	170	1.01147
23	171	1.02887
23	175	1.00658
23	180	1.01941
24	19	0.962911
24	106	0.948853
24	126	1.03201
24	147	0.997715
24	149	1.01656
24	151	1.00577
24	153	1.01893
24	162	1.00789
24	169	0.978426
24	176	1.00174
24	177	1.00945
24	178	1.01273
24	180	1.00211
25	7	1.06387
25	82	1.01949
25	93	0.994419
25	117	1.03603
25	138	0.995568
25	146	0.928175
25	159	1.00258
25	162	1.00628
25	173	0.929706
25	176	1.00013
25	177	1.00784
25	178	1.01112
25	180	1.0005
26	68	1.05588
26	96	1.03002
26	117	0.970949
26	128	0.947687
26	143	1.00262
26	148	1.01777
26	150	0.992576
26	156	1.03255
26	158	0.957173
26	164	1.0161
26	172	0.978383
26	173	1.01324
26	179	0.998175
27	50	0.895862
27	88	1.01878
27	113	1.01285
27	122	0.927895
27	127	1.0205
27	152	1.00205
27	159	0.998688
27	166	1.04186
27	168	1.00959
27	171	1.02914
27	173	1.02757
27	174	1.00157
27	175	1.00685
28	45	0.888121
28	63	1.01167
28	88	0.99648
28	92	1.02038
28	97	0.982389
28	138	1.0036
28	139	1.04624
28	148	0.993984
28	162	1.0143
28	166	1.00911
28	176	1.00816
28	177	1.01587
28	180	1.00853
29	15	1.03113
29	16	0.9501
29	41	0.961035
29	82	0.971844
29	133	1.03681
29	148	1.02017
29	150	0.994982
29	154	1.02124
29	164	1.01851
29	167	1.01281
29	173	1.01564
29	178	0.9678
29	179	1.00058
30	88	0.986724
30	121	0.975272
30	152	0.969994
30	153	1.04757
30	156	0.992318
30	157	0.989686
30	158	0.984507
30	162	1.073
30	165	0.973135
30	167	0.974431
30	170	0.979677
30	171	0.997077
30	174	0.969512
30	180	1.08719
31	50	0.921922
31	70	1.17646
31	109	0.988432
31	121	0.973635
31	130	0.981761
31	158	0.98287
31	167	0.972794
31	168	0.975898
31	170	0.97804
31	171	0.99544
31	172	0.983119
31	173	1.05362
31	174	0.967876
31	177	1.03967
32	62	0.959334
32	74	0.978563
32	105	1.00144
32	111	0.974327
32	136	1.12319
32	137	0.975045
32	145	1.00591
32	154	0.988325
32	160	1.00308
32	166	1.05184
32	169	0.964029
32	174	0.961224
32	176	1.05252
32	179	0.967668
33	10	1.02522
33	21	1.03227
33	56	0.995698
33	78	0.998486
33	93	0.958667
33	97	0.93861
33	105	1.00855
33	114	1.06289
33	139	1.00246
33	147	0.960354
33	153	0.981571
33	168	1.09905
33	175	0.966913
33	177	0.972088
34	18	1.09482
34	23	0.822878
34	37	0.917021
34	104	1.07695
34	105	0.7492
34	118	1.10237
34	123	1.12704
34	142	0.83331
34	162	1.08223
34	166	1.07703
34	174	0.871927
34	176	1.07609
34	178	1.08707
34	180	1.07645
35	52	0.946687
35	80	0.998793
35	84	1.00334
35	102	0.940045
35	104	0.98077
35	106	1.02889
35	120	0.984949
35	131	0.957447
35	139	1.01798
35	140	1.00262
35	151	1.08581
35	170	1.07978
35	178	0.990897
35	180	0.980273
36	76	0.933779
36	85	0.979251
36	89	0.987113
36	98	1.00284
36	111	1.0753
36	122	1.01453
36	139	1.00557
36	154	1.0505
36	160	0.994354
36	161	0.958015
36	162	0.973638
36	169	1.07508
36	178	0.978485
36	180	0.967861
37	34	0.917021
37	48	0.923351
37	101	1.06989
37	105	1.00486
37	114	1.07558
37	131	1.14003
37	133	1.00731
37	135	0.998379
37	140	0.992319
37	143	0.975528
37	163	0.973743
37	169	0.967447
37	173	0.986152
37	179	0.971087
38	50	1.12776
38	75	0.821207
38	78	1.10897
38	128	1.08885
38	138	1.0703
38	143	0.843563
38	155	1.08222
38	163	0.871833
38	164	0.816725
38	167	1.07704
38	170	1.08229
38	173	0.837174
38	175	1.07739
38	178	1.08585
39	3	1.10384
39	71	1.04645
39	83	0.908842
39	106	0.862442
39	116	1.01894
39	131	1.01496
39	132	1.07296
39	141	1.06838
39	149	1.05224
39	154	0.867432
39	156	0.81302
39	176	1.03742
39	177	1.04513
39	178	1.04841
39	180	1.03779
40	51	1.00782
40	100	1.20272
40	134	1.15302
40	145	1.04988
40	147	0.940264
40	148	1.08498
40	149	0.959112
40	152	0.942032
40	155	0.951651
40	162	0.950434
40	165	0.945173
40	167	0.946469
40	168	0.949572
40	170	0.951715
40	178	0.955281
41	29	0.961035
41	111	0.951215
41	112	0.949239
41	128	1.10539
41	140	0.965788
41	142	0.953657
41	151	0.948275
41	156	0.978928
41	163	0.947212
41	167	1.15581
41	169	0.940916
41	172	1.13609
41	173	0.959621
41	178	1.1108
41	179	0.944556
42	115	1.07697
42	122	1.06188
42	136	0.951884
42	143	1.16794
42	152	0.945202
42	155	0.954822
42	158	0.959715
42	165	0.948343
42	167	0.949639
42	168	0.952743
42	170	0.954885
42	171	0.972285
42	172	0.959964
42	175	0.949993
42	180	1.19064
43	20	1.38471
43	77	0.908998
43	115	0.988781
43	122	0.98499
43	137	1.02872
43	139	0.976029
43	141	0.968912
43	149	0.952774
43	151	1.06718
43	162	0.944096
43	171	1.01778
43	172	0.950455
43	176	0.937953
43	178	0.948942
43	180	0.938318
44	71	1.02347
44	85	0.903951
44	109	1.06386
44	115	0.810969
44	136	1.05046
44	138	0.945008
44	151	1.05346
44	152	1.04378
44	155	1.0534
44	158	1.05829
44	162	0.910439
44	165	1.04692
44	167	1.04822
44	172	1.05854
44	179	0.925978
45	28	0.888121
45	108	1.00861
45	109	1.06402
45	111	0.882657
45	127	1.06239
45	130	1.05735
45	132	0.882544
45	147	0.930016
45	152	1.04395
45	159	1.04058
45	161	0.911933
45	165	1.04709
45	168	1.05149
45	170	1.05363
45	171	1.07103
46	3	0.791058
46	11	1.1166
46	47	1.10187
46	48	1.00817
46	53	0.991314
46	54	0.985458
46	104	0.946438
46	120	0.923129
46	134	1.02892
46	150	1.05031
46	156	1.09028
46	166	0.90627
46	173	1.07097
46	175	0.938429
46	179	1.0559
47	46	1.10187
47	105	1.06385
47	120	0.91541
47	133	1.0663
47	134	1.00309
47	137	1.03745
47	142	1.03917
47	160	1.06548
47	164	1.048
47	168	0.911521
47	172	0.910565
47	173	1.04514
47	176	0.899233
47	177	0.870303
47	179	1.03007
48	7	0.976307
48	37	0.923351
48	46	1.00817
48	81	0.94647
48	106	0.96548
48	140	0.957597
48	142	0.945466
48	151	0.940084
48	160	0.971778
48	164	0.954293
48	172	1.16862
48	173	0.95143
48	175	1.18877
48	179	0.936365
48	180	1.1714
49	119	0.974266
49	136	1.17297
49	140	0.969743
49	142	0.957612
49	150	0.942913
49	155	1.11723
49	165	1.10288
49	168	1.11459
49	169	0.944871
49	173	0.963576
49	176	0.944808
49	177	0.952514
49	178	0.955797
49	179	0.948511
49	180	0.945173
50	27	0.895862
50	31	0.921922
50	38	1.12776
50	79	0.885399
50	130	0.875596
50	136	0.933828
50	148	1.05289
50	160	1.06871
50	161	1.02012
50	164	1.05123
50	173	1.04836
50	176	1.0296
50	177	1.0373
50	179	1.0333
50	180	1.02996
51	40	1.00782
51	71	0.997765
51	79	0.867341
51	104	1.04109
51	124	0.879489
51	130	0.857539
51	135	1.07122
51	136	0.915771
51	145	1.08217
51	156	1.0783
51	163	1.04658
51	176	1.04022
51	177	1.04793
51	179	1.04393
51	180	1.04059
52	5	1.01381
52	35	0.946687
52	65	1.11708
52	69	0.925374
52	87	1.20919
52	105	1.15675
52	118	0.969762
52	126	0.973741
52	141	0.974434
52	157	0.960908
52	172	0.955977
52	176	0.943475
52	177	0.951181
52	178	0.954464
52	180	0.94384
53	46	0.991314
53	84	1.15989
53	91	0.905036
53	99	0.887031
53	111	0.92617
53	113	1.21275
53	127	1.21718
53	133	0.955736
53	135	0.946803
53	142	0.928612
53	148	0.939105
53	156	0.953882
53	173	0.934575
53	174	0.913067
53	177	1.21184
53	179	0.91951
54	3	1.10908
54	46	0.985458
54	57	0.941184
54	80	1.2135
54	87	0.92723
54	110	0.924823
54	137	0.921032
54	145	0.951893
54	148	0.93325
54	160	0.949068
54	161	1.2527
54	163	0.916311
54	173	0.92872
54	174	0.907211
54	176	1.22498
54	179	0.913655
55	80	1.02529
55	85	1.01816
55	98	1.04175
55	111	0.962635
55	126	1.03667
55	147	1.00238
55	150	0.99074
55	153	1.0236
55	164	0.92876
55	165	0.964763
55	166	1.00735
55	173	0.949209
55	176	1.00641
55	177	1.01411
55	178	1.0174
55	180	1.00677
56	33	0.995698
56	59	0.916744
56	63	1.01152
56	101	1.02937
56	112	0.964227
56	118	1.0343
56	122	1.05505
56	151	0.987623
56	158	0.952169
56	162	1.01415
56	166	1.00896
56	176	1.00801
56	177	1.01572
56	178	1.019
56	179	0.9775
56	180	1.00838
57	54	0.941184
57	106	1.04075
57	111	1.01829
57	118	0.926399
57	131	0.996845
57	135	1.03892
57	140	1.03286
57	142	1.02073
57	160	1.04704
57	163	1.01429
57	169	1.00799
57	170	0.975807
57	171	0.932433
57	173	1.0267
57	179	1.01163
57	180	0.970368
58	82	1.03371
58	93	1.00864
58	100	1.04114
58	122	1.06139
58	127	0.919571
58	131	0.991892
58	146	0.926657
58	147	1.01033
58	155	0.958101
58	161	1.00487
58	162	1.0205
58	168	0.955453
58	175	1.01688
58	176	1.01435
58	177	1.02206
58	180	1.01472
59	56	0.916744
59	78	1.03818
59	80	0.953055
59	117	0.98055
59	121	1.00275
59	137	1.01515
59	143	1.01222
59	151	1.0115
59	156	1.04215
59	160	1.04319
59	164	1.0257
59	173	1.02284
59	174	1.00133
59	175	0.996007
59	177	0.9356
59	179	1.00778
60	6	0.905388
60	96	0.971913
60	113	0.992533
60	124	1.01775
60	138	1.07311
60	150	1.06519
60	151	0.991422
60	155	0.99136
60	158	0.996253
60	159	0.978374
60	164	1.00321
60	165	0.984881
60	167	0.986177
60	168	0.989281
60	170	0.991423
60	171	1.00882
60	180	1.05274
61	10	0.943937
61	111	1.0735
61	119	1.0192
61	125	0.984338
61	128	0.996689
61	129	1.00144
61	144	0.983497
61	152	0.980445
61	154	1.00706
61	155	0.990065
61	157	1.00014
61	159	0.977079
61	165	0.983586
61	168	0.987985
61	171	1.00753
61	175	0.985236
61	176	1.07505
62	32	0.959334
62	107	0.991767
62	110	0.986936
62	133	1.01199
62	140	0.996999
62	145	1.01401
62	151	0.979487
62	152	1.0611
62	156	1.01014
62	160	1.01118
62	165	1.00506
62	169	0.972128
62	170	1.02403
62	171	0.980654
62	173	0.990832
62	175	1.03596
62	179	0.975767
63	20	1.30416
63	28	1.01167
63	56	1.01152
63	96	1.02403
63	109	0.908794
63	124	0.995451
63	126	1.01047
63	132	1.01575
63	138	0.975639
63	160	0.878564
63	161	0.970724
63	166	0.981148
63	175	0.982736
63	176	0.980204
63	177	0.98791
63	178	0.991194
63	180	0.98057
64	95	1.18743
64	120	1.14171
64	124	0.783771
64	125	1.16298
64	131	1.1142
64	144	0.784692
64	146	0.732872
64	149	1.15149
64	152	0.805999
64	161	1.12718
64	172	1.14917
64	173	0.734403
64	174	0.7939
64	176	1.13666
64	177	1.14437
64	178	1.14765
64	179	0.764831
64	180	1.13703
65	52	1.11708
65	79	1.06972
65	107	1.05867
65	122	0.777307
65	123	0.828844
65	130	1.05011
65	132	0.89029
65	154	1.06333
65	159	1.03334
65	167	1.04115
65	168	1.04425
65	170	1.04639
65	171	1.06379
65	172	1.05147
65	173	0.876978
65	174	1.03623
65	175	1.0415
65	180	0.906061
66	80	0.890253
66	100	0.999703
66	103	0.943134
66	108	1.00652
66	121	1.04713
66	123	0.83862
66	124	1.07786
66	129	1.06285
66	133	0.849034
66	136	1.04854
66	141	0.870849
66	144	1.04491
66	152	1.04186
66	158	1.05637
66	165	1.045
66	168	1.0494
66	170	1.05154
66	171	1.06894
67	70	0.940973
67	77	0.931989
67	82	0.980303
67	107	1.07095
67	123	1.0119
67	138	0.956379
67	139	0.99902
67	149	0.975765
67	156	1.01423
67	162	0.967087
67	164	1.05957
67	172	0.973446
67	174	1.13952
67	176	0.960944
67	177	0.96865
67	178	0.971934
67	179	1.11045
67	180	0.961309
68	26	1.05588
68	75	1.0723
68	92	1.02379
68	105	1.07558
68	110	1.05297
68	124	0.938114
68	126	0.878058
68	128	0.884358
68	130	0.916163
68	139	0.859685
68	142	1.05091
68	143	1.04625
68	148	1.0614
68	150	1.03621
68	151	1.04553
68	169	1.03817
68	175	0.935199
68	179	1.04181
69	15	1.0342
69	17	1.05799
69	52	0.925374
69	72	0.946534
69	111	1.09039
69	115	1.00942
69	122	1.00563
69	141	0.989553
69	149	0.973415
69	153	0.975783
69	166	0.959537
69	173	1.07697
69	174	1.13646
69	175	0.961125
69	176	0.958594
69	177	0.9663
69	178	0.969583
69	180	0.958959
70	5	0.896544
70	31	1.17646
70	67	0.940973
70	74	0.993322
70	77	0.927768
70	78	0.990828
70	113	1.08966
70	115	1.00755
70	119	0.986182
70	141	0.987683
70	154	1.09134
70	162	0.962866
70	166	0.957668
70	167	1.14874
70	176	0.956724
70	177	0.96443
70	178	0.967713
70	180	0.957089
71	39	1.04645
71	44	1.02347
71	51	0.997765
71	96	0.942038
71	107	0.973827
71	114	0.966519
71	125	1.07179
71	129	0.972857
71	146	0.980924
71	158	0.966378
71	167	0.956302
71	168	0.959406
71	170	0.961548
71	171	0.978948
71	172	0.966627
71	174	0.951383
71	177	1.13357
71	178	1.14855
72	69	0.946534
72	84	0.988069
72	88	1.00793
72	90	0.955787
72	99	1.14331
72	108	1.14964
72	112	1.02738
72	116	0.946152
72	128	0.978619
72	141	0.995594
72	147	0.960607
72	149	0.979456
72	153	0.981824
72	161	0.955154
72	174	1.06972
72	176	0.964635
72	177	0.972341
72	178	0.975624
73	96	1.00406
73	102	1.07179
73	103	0.941954
73	110	0.928954
73	114	1.02854
73	127	1.03233
73	130	1.02729
73	132	0.898886
73	136	1.02056
73	147	0.946358
73	152	1.01388
73	155	1.0235
73	158	1.0284
73	162	0.900462
73	165	1.01702
73	168	1.02142
73	170	1.02357
73	171	1.04097
73	175	1.01867
74	11	0.878977
74	32	0.978563
74	70	0.993322
74	85	1.02505
74	94	1.07402
74	99	1.05399
74	139	1.05137
74	146	0.919369
74	153	1.03048
74	161	1.00381
74	162	1.01944
74	166	1.01424
74	170	0.955422
74	171	0.912048
74	175	1.01582
74	176	1.01329
74	177	1.021
74	178	1.02428
74	180	1.01366
75	38	0.821207
75	68	1.0723
75	86	0.981581
75	87	1.02817
75	113	0.950865
75	134	0.987612
75	135	1.04189
75	137	1.02197
75	142	1.02369
75	144	1.01168
75	163	1.01725
75	164	1.03252
75	169	1.01095
75	173	1.02966
75	174	1.00815
75	175	1.01037
75	177	0.949961
75	179	1.01459
75	180	0.992999
76	18	0.961718
76	36	0.933779
76	92	1.16396
76	118	0.969266
76	120	0.94802
76	125	0.969292
76	138	0.938413
76	145	1.10246
76	146	1.14082
76	153	0.960168
76	154	1.13097
76	161	0.933498
76	162	0.949121
76	165	1.1579
76	175	0.94551
76	176	0.942979
76	177	0.950685
76	178	0.953968
76	180	0.943344
77	23	1.1425
77	43	0.908998
77	67	0.931989
77	70	0.927768
77	123	0.998693
77	131	0.925279
77	139	0.985815
77	141	0.978699
77	147	0.943712
77	155	1.16196
77	160	1.06453
77	161	0.938259
77	163	1.16671
77	175	0.950271
77	176	0.94774
77	177	0.955446
77	178	0.958729
77	179	1.16248
77	180	0.948105
78	14	0.899521
78	33	0.998486
78	38	1.10897
78	59	1.03818
78	70	0.990828
78	124	0.962385
78	127	0.904399
78	128	1.02478
78	136	0.998666
78	144	1.01159
78	148	1.0341
78	150	1.0089
78	159	0.985892
78	167	0.959048
78	169	1.01086
78	173	1.02957
78	176	1.0108
78	177	1.01851
78	179	1.0145
79	12	1.0723
79	18	0.884581
79	50	0.885399
79	51	0.867341
79	65	1.06972
79	103	1.07348
79	109	1.02526
79	128	1.02143
79	129	1.02618
79	130	1.01859
79	155	1.01481
79	156	0.951312
79	159	1.00182
79	165	1.00833
79	167	1.00963
79	168	1.01273
79	169	1.03031
79	170	1.01487
79	174	1.00471
80	35	0.998793
80	54	1.2135
80	55	1.02529
80	59	0.953055
80	66	0.890253
80	86	1.00048
80	90	0.986732
80	102	0.955719
80	139	1.03366
80	147	0.991553
80	160	0.915863
80	162	1.00172
80	166	0.996525
80	168	1.01065
80	170	1.0179
80	172	1.00808
80	176	0.995581
80	177	1.00329
80	178	1.00657
80	180	0.995946
81	48	0.94647
81	92	0.97619
81	106	1.02332
81	110	1.00537
81	117	0.966981
81	129	0.969414
81	132	1.02604
81	143	0.998648
81	145	1.03244
81	148	1.0138
81	149	0.964477
81	157	1.00657
81	160	1.02962
81	162	1.01193
81	166	1.01133
81	169	0.990567
81	173	1.00927
81	174	0.987762
81	175	1.04349
81	179	0.994206
82	9	0.926297
82	18	1.01479
82	25	1.01949
82	29	0.971844
82	58	1.03371
82	67	0.980303
82	100	1.0979
82	102	0.956192
82	103	0.995057
82	113	0.971897
82	131	0.973594
82	153	1.01324
82	157	1.01349
82	166	0.996998
82	173	0.984947
82	174	1.04444
82	176	0.996054
82	177	1.00376
82	178	1.00704
82	180	0.99642
83	39	0.908842
83	96	1.08786
83	105	1.0196
83	110	0.996997
83	111	0.992488
83	118	0.995029
83	119	0.969039
83	131	1.06548
83	133	1.02205
83	134	0.958847
83	135	1.01312
83	137	0.993205
83	139	0.980854
83	143	0.99027
83	156	1.0202
83	160	1.02124
83	164	1.00376
83	169	0.982189
83	173	1.00089
83	179	0.985828
84	35	1.00334
84	53	1.15989
84	72	0.988069
84	101	1.02149
84	116	0.981646
84	131	0.977669
84	136	0.999624
84	138	0.995564
84	150	0.955505
84	151	0.954526
84	159	0.986849
84	161	0.990649
84	162	1.00627
84	170	0.948497
84	172	1.01263
84	175	1.00266
84	176	1.00013
84	177	1.00784
84	178	1.01112
84	180	1.00049
85	36	0.979251
85	44	0.903951
85	55	1.01816
85	74	1.02505
85	89	1.00807
85	107	0.979213
85	121	1.04148
85	139	1.02653
85	144	1.03857
85	155	1.0182
85	157	1.00588
85	161	0.978969
85	162	0.994593
85	166	0.989394
85	170	1.02281
85	172	1.00095
85	176	0.98845
85	177	0.996156
85	178	0.999439
85	180	0.988815
86	75	0.981581
86	80	1.00048
86	95	1.03235
86	118	1.00788
86	122	1.02863
86	123	1.03255
86	126	1.01186
86	130	1.02496
86	133	0.959829
86	143	1.00394
86	147	0.977565
86	148	0.992759
86	149	0.996414
86	163	1.03221
86	166	0.982536
86	175	0.984124
86	176	0.981593
86	177	0.989299
86	178	0.992582
86	180	0.981958
87	52	1.20919
87	54	0.92723
87	75	1.02817
87	100	0.963594
87	110	1.00884
87	117	0.97045
87	123	0.920959
87	128	0.964704
87	139	0.940032
87	143	1.00212
87	145	1.03591
87	153	0.958558
87	156	1.03205
87	160	1.03309
87	163	1.00033
87	164	1.0156
87	169	0.994036
87	174	0.991232
87	175	1.01555
87	179	0.997676
88	27	1.01878
88	28	0.99648
88	30	0.986724
88	72	1.00793
88	113	0.999699
88	114	1.00356
88	131	1.03315
88	136	0.995588
88	144	0.991959
88	155	0.998526
88	157	1.0086
88	158	1.00342
88	165	0.992047
88	167	0.993343
88	169	0.990795
88	170	0.998589
88	171	1.01599
88	175	0.993697
88	177	0.963636
88	180	1.00667
89	36	0.987113
89	85	1.00807
89	90	0.987464
89	127	0.97565
89	147	0.992285
89	148	0.979479
89	149	1.01113
89	153	1.0135
89	161	0.986832
89	162	1.00245
89	166	0.997256
89	168	1.01153
89	171	0.975416
89	172	1.00881
89	174	1.04376
89	176	0.996312
89	177	1.00402
89	178	1.0073
89	179	1.0147
89	180	0.996677
90	5	0.89101
90	72	0.955787
90	80	0.986732
90	89	0.987464
90	95	1.01861
90	122	1.01488
90	129	1.06956
90	137	1.09927
90	138	0.963282
90	141	0.998806
90	146	1.09565
90	147	0.963819
90	160	1.02966
90	166	0.968791
90	169	1.11038
90	172	0.980349
90	175	0.970378
90	176	0.967847
90	177	0.975553
90	178	0.978836
90	180	0.968212
91	11	1.03032
91	13	1.0294
91	15	1.00017
91	20	0.889328
91	53	0.905036
91	119	1.00255
91	137	0.977003
91	141	1.02753
91	148	0.989221
91	154	0.990283
91	155	1.07334
91	156	1.004
91	160	1.00504
91	163	0.972282
91	164	0.987555
91	169	0.965987
91	172	1.06974
91	173	0.984691
91	175	1.08988
91	178	1.04445
91	179	0.969626
92	28	1.02038
92	68	1.02379
92	76	1.16396
92	81	0.97619
92	93	1.06749
92	97	0.93661
92	109	0.964203
92	130	1.02891
92	133	1.00231
92	137	0.973462
92	142	0.975186
92	143	0.970527
92	144	0.963175
92	147	1.06228
92	148	0.98568
92	150	0.960487
92	156	1.00046
92	160	1.0015
92	164	0.984013
92	173	0.98115
92	179	0.966085
93	25	0.994419
93	33	0.958667
93	58	1.00864
93	92	1.06749
93	102	0.931119
93	105	0.982652
93	118	0.997268
93	119	1.00044
93	133	1.00816
93	140	1.00324
93	149	0.985802
93	152	1.11748
93	153	0.98817
93	159	1.11876
93	162	0.977123
93	166	0.971924
93	172	0.983483
93	176	0.970981
93	177	0.978687
93	178	0.98197
93	180	0.971346
94	1	0.824109
94	7	1.10116
94	74	1.07402
94	114	0.88305
94	126	1.06768
94	131	1.01496
94	138	1.03285
94	139	1.07549
94	150	0.933476
94	153	1.05461
94	154	0.880568
94	161	1.02794
94	162	1.04356
94	165	0.9075
94	166	1.03836
94	174	0.951442
94	176	1.03742
94	177	1.04512
94	178	1.04841
94	179	0.922374
94	180	1.03778
95	64	1.18743
95	86	1.03235
95	90	1.01861
95	107	0.87179
95	115	1.07828
95	116	1.00897
95	122	1.07449
95	124	0.930228
95	126	1.05772
95	144	0.931148
95	145	0.840974
95	148	0.876071
95	151	0.921411
95	153	1.04465
95	166	1.0284
95	167	0.926891
95	172	1.03996
95	176	1.02746
95	177	1.03516
95	178	1.03845
95	180	1.02782
96	3	1.03102
96	23	0.991958
96	26	1.03002
96	60	0.971913
96	63	1.02403
96	71	0.942038
96	73	1.00406
96	83	1.08786
96	103	1.11421
96	121	0.967627
96	124	0.998356
96	125	0.982092
96	129	0.983341
96	136	0.969031
96	148	1.05304
96	158	0.976862
96	159	0.958983
96	167	0.966786
96	170	0.972032
96	171	0.989432
96	172	0.977111
97	28	0.982389
97	33	0.93861
97	92	0.93661
97	104	0.951785
97	106	0.983741
97	110	0.965794
97	120	0.955964
97	121	1.13655
97	129	1.05573
97	133	0.990851
97	141	0.981882
97	148	0.974221
97	150	0.949028
97	152	1.15495
97	158	1.08845
97	165	1.09891
97	166	0.951867
97	171	1.0745
97	173	0.96969
97	178	0.961912
97	179	0.954626
97	180	0.951288
98	36	1.00284
98	55	1.04175
98	116	0.993552
98	118	1.03832
98	121	0.957618
98	122	1.05907
98	123	1.06299
98	128	1.02602
98	139	1.05011
98	143	0.910813
98	149	1.02686
98	152	0.97602
98	153	1.02923
98	155	0.934337
98	161	1.00256
98	163	0.939083
98	169	0.91763
98	174	0.963922
98	176	1.01204
98	177	1.01974
98	178	1.02303
98	180	1.0124
99	12	0.99808
99	21	0.967541
99	53	0.887031
99	72	1.14331
99	74	1.05399
99	132	0.98346
99	135	0.978914
99	137	0.958998
99	140	0.972853
99	143	0.956063
99	145	0.98986
99	146	0.974718
99	148	0.971216
99	150	0.946023
99	154	0.972278
99	157	1.1225
99	163	0.954277
99	164	0.969549
99	173	0.966686
99	175	1.15942
99	176	1.12795
99	179	0.951621
100	2	1.01016
100	8	0.885084
100	40	1.20272
100	58	1.04114
100	66	0.999703
100	82	1.0979
100	87	0.963594
100	117	0.922794
100	132	0.981858
100	143	0.954461
100	145	0.988258
100	146	0.973116
100	148	0.969614
100	154	0.970676
100	156	0.984391
100	160	0.985432
100	163	0.952675
100	173	0.965084
100	174	0.943575
100	175	1.13928
100	179	0.950019
100	180	1.12192
101	11	0.923379
101	37	1.06989
101	56	1.02937
101	84	1.02149
101	102	0.958195
101	104	0.998919
101	126	1.02832
101	129	0.937679
101	135	0.941838
101	141	1.02902
101	153	1.01525
101	157	1.01549
101	161	0.988576
101	162	1.0042
101	166	0.999001
101	167	1.01133
101	168	0.992567
101	174	1.0248
101	175	1.00059
101	176	0.998057
101	177	1.00576
101	178	1.00905
101	180	0.998422
102	35	0.940045
102	73	1.07179
102	80	0.955719
102	82	0.956192
102	93	0.931119
102	101	0.958195
102	106	1.14973
102	109	1.12881
102	120	0.941874
102	123	0.987786
102	126	0.967099
102	138	0.932268
102	140	1.12345
102	144	1.21638
102	147	0.932805
102	149	0.951654
102	157	0.954266
102	161	0.927352
102	166	0.937777
102	167	1.21213
102	172	0.949335
102	175	0.939365
102	180	0.937198
103	66	0.943134
103	73	0.941954
103	79	1.07348
103	82	0.995057
103	96	1.11421
103	130	1.06368
103	131	0.953238
103	137	0.986778
103	140	1.00063
103	142	0.988502
103	144	0.976491
103	145	1.01764
103	156	1.01377
103	157	0.993131
103	158	1.04136
103	160	1.01481
103	163	0.982057
103	166	0.976642
103	171	1.02741
103	176	0.975698
103	177	0.983404
103	178	0.986688
103	179	0.979401
103	180	0.976063
104	34	1.07695
104	35	0.98077
104	46	0.946438
104	51	1.04109
104	97	0.951785
104	101	0.998919
104	116	0.959074
104	128	0.991542
104	131	0.955097
104	133	0.996626
104	143	1.04073
104	144	1.08463
104	153	0.994747
104	161	0.968077
104	162	0.9837
104	166	0.978501
104	170	1.06887
104	171	1.02549
104	172	0.99006
104	173	1.03434
104	176	0.977558
104	177	0.985264
104	178	0.988547
104	180	0.977923
105	32	1.00144
105	33	1.00855
105	34	0.7492
105	37	1.00486
105	47	1.06385
105	52	1.15675
105	68	1.07558
105	83	1.0196
105	93	0.982652
105	111	1.02454
105	122	0.816981
105	125	1.04049
105	137	1.02525
105	140	1.03911
105	150	1.01228
105	151	1.0216
105	155	0.946564
105	157	0.926179
105	160	1.05329
105	163	1.02053
105	164	1.0358
105	173	1.03294
105	174	1.01143
105	178	0.917672
105	179	1.01788
106	8	0.94828
106	24	0.948853
106	35	1.02889
106	39	0.862442
106	48	0.96548
106	57	1.04075
106	81	1.02332
106	97	0.983741
106	102	1.14973
106	111	1.01988
106	117	0.98599
106	123	0.915381
106	128	0.959126
106	134	0.986234
106	140	1.03445
106	144	1.01031
106	145	1.05145
106	150	1.00762
106	153	0.95298
106	154	1.03387
106	160	1.04863
106	164	1.03114
106	169	1.00958
106	172	0.989822
106	174	1.00677
106	179	1.01322
107	62	0.991767
107	65	1.05867
107	67	1.07095
107	71	0.973827
107	85	0.979213
107	95	0.87179
107	124	1.03015
107	127	1.01258
107	136	1.00082
107	140	1.02133
107	142	1.0092
107	145	1.03834
107	148	1.0197
107	149	0.938251
107	154	1.02076
107	158	1.00865
107	163	1.00276
107	166	0.985106
107	167	0.998575
107	168	1.00168
107	169	0.996461
107	173	1.01517
107	176	0.985788
107	178	0.971833
107	179	1.0001
107	180	0.999895
108	12	1.00394
108	45	1.00861
108	66	1.00652
108	72	1.14964
108	114	0.951488
108	121	0.942113
108	123	1.07116
108	124	0.972842
108	127	0.955278
108	146	0.965894
108	149	1.08673
108	152	0.936835
108	155	0.946454
108	158	0.951347
108	159	0.933468
108	162	1.13418
108	166	1.13359
108	167	0.941271
108	168	0.944375
108	170	0.946517
108	171	0.963917
108	172	0.951596
108	173	1.11929
108	174	0.936353
108	175	0.941626
108	177	1.10534
109	19	0.940284
109	31	0.988432
109	44	1.06386
109	45	1.06402
109	63	0.908794
109	79	1.02526
109	92	0.964203
109	102	1.12881
109	121	0.997529
109	124	1.02826
109	126	0.931905
109	129	1.01324
109	130	1.00565
109	132	0.955906
109	134	1.00584
109	146	1.02131
109	152	0.992251
109	159	0.988885
109	162	0.957482
109	165	0.995392
109	167	0.996688
109	168	0.999791
109	170	1.00193
109	171	1.01933
109	172	1.00701
109	174	0.991769
110	19	1.01025
110	22	1.01575
110	54	0.924823
110	62	0.986936
110	68	1.05297
110	73	0.928954
110	81	1.00537
110	83	0.996997
110	87	1.00884
110	97	0.965794
110	117	0.968044
110	134	0.968288
110	139	0.994203
110	140	1.0165
110	141	1.00736
110	142	1.00437
110	143	0.999711
110	144	0.992359
110	153	1.01273
110	157	1.03279
110	164	1.0132
110	169	0.99163
110	172	1.04957
110	173	1.01033
110	174	0.988825
110	175	1.06972
110	179	0.995269
111	32	0.974327
111	36	1.0753
111	41	0.951215
111	45	0.882657
111	53	0.92617
111	55	0.962635
111	57	1.01829
111	61	1.0735
111	69	1.09039
111	83	0.992488
111	105	1.02454
111	106	1.01988
111	133	1.02699
111	134	0.963779
111	135	1.01805
111	142	0.999862
111	144	0.98785
111	150	0.985162
111	160	1.02617
111	163	0.993416
111	164	1.00869
111	168	1.02057
111	169	0.987121
111	172	1.01962
111	173	1.00583
111	177	0.979354
111	179	0.99076
112	17	1.01167
112	41	0.949239
112	56	0.964227
112	72	1.02738
112	117	0.961559
112	120	1.02819
112	121	0.9881
112	126	0.98635
112	127	1.00127
112	133	1.02501
112	136	0.989504
112	137	0.996161
112	138	1.0465
112	142	0.997886
112	145	1.02702
112	146	1.01188
112	159	0.979456
112	161	1.03974
112	162	1.01193
112	163	0.99144
112	168	0.990362
112	169	0.985145
112	170	0.992505
112	171	1.0099
112	173	1.00385
112	178	0.998059
112	179	0.988784
113	27	1.01285
113	53	1.21275
113	60	0.992533
113	70	1.08966
113	75	0.950865
113	82	0.971897
113	88	0.999699
113	114	0.997623
113	118	0.951947
113	121	0.988247
113	129	1.00396
113	130	0.996373
113	135	0.943368
113	152	0.98297
113	154	1.00959
113	157	1.00266
113	158	0.997482
113	159	0.979603
113	161	1.00953
113	165	0.986111
113	167	0.987406
113	168	0.99051
113	170	0.992652
113	171	1.01005
113	173	0.966832
113	174	0.982488
113	175	0.987761
114	8	1.23953
114	33	1.06289
114	37	1.07558
114	71	0.966519
114	73	1.02854
114	88	1.00356
114	94	0.88305
114	108	0.951488
114	113	0.997623
114	123	0.922854
114	127	1.00527
114	129	1.00782
114	130	1.00023
114	136	0.993512
114	137	0.973082
114	145	0.9311
114	152	0.98683
114	158	1.00134
114	159	0.983464
114	163	1.00565
114	165	0.989971
114	167	0.991267
114	168	0.99437
114	170	0.996513
114	171	1.01391
114	172	1.00159
114	174	0.986348
115	18	1.04626
115	42	1.07697
115	43	0.988781
115	44	0.810969
115	69	1.00942
115	70	1.00755
115	95	1.07828
115	116	1.00904
115	119	1.05698
115	120	1.03256
115	136	0.98095
115	139	1.0656
115	144	0.945589
115	147	1.0235
115	149	1.04234
115	151	0.935852
115	161	1.01804
115	162	1.03367
115	164	0.874851
115	166	1.02847
115	168	0.922565
115	170	0.929823
115	175	1.03005
115	176	1.02752
115	177	1.03523
115	178	1.03851
115	179	0.925729
115	180	1.02789
116	39	1.01894
116	72	0.946152
116	84	0.981646
116	95	1.00897
116	98	0.993552
116	104	0.959074
116	115	1.00904
116	121	1.06277
116	123	1.00917
116	125	0.984525
116	126	0.988478
116	132	0.993753
116	141	0.989171
116	147	0.954184
116	150	1.0511
116	152	1.08117
116	153	0.975401
116	154	0.998195
116	162	0.964355
116	163	1.04423
116	166	0.959156
116	167	1.0556
116	172	0.970714
116	174	1.06907
116	177	0.965918
116	178	0.969201
116	179	1.04
116	180	0.958577
117	15	0.987422
117	25	1.03603
117	26	0.970949
117	59	0.98055
117	81	0.966981
117	87	0.97045
117	100	0.922794
117	106	0.98599
117	110	0.968044
117	112	0.961559
117	130	1.11362
117	134	0.929894
117	137	0.964252
117	145	0.995114
117	148	0.97647
117	151	0.960595
117	153	1.07567
117	157	1.09573
117	160	0.992288
117	163	0.959531
117	164	0.974804
117	165	1.10176
117	168	1.11347
117	169	0.953236
117	173	0.97194
117	174	0.950432
117	176	1.10118
117	177	1.07225
117	179	0.956875
118	15	0.922231
118	34	1.10237
118	52	0.969762
118	56	1.0343
118	57	0.926399
118	76	0.969266
118	83	0.995029
118	86	1.00788
118	93	0.997268
118	98	1.03832
118	113	0.951947
118	120	1.00802
118	126	1.03325
118	138	0.998417
118	141	1.03394
118	146	0.963465
118	147	0.998955
118	149	1.0178
118	150	1.00653
118	153	1.02017
118	154	0.953619
118	157	1.02042
118	166	1.00393
118	171	0.956145
118	172	1.01548
118	174	1.02449
118	175	1.00551
118	177	1.01069
118	178	1.01397
119	49	0.974266
119	61	1.0192
119	70	0.986182
119	83	0.969039
119	91	1.00255
119	93	1.00044
119	115	1.05698
119	120	1.01119
119	123	1.05711
119	126	1.03642
119	135	0.915543
119	138	1.00159
119	139	1.04423
119	141	1.03711
119	146	0.937476
119	147	1.00213
119	153	1.02334
119	158	0.944105
119	161	0.996672
119	162	1.0123
119	166	1.0071
119	167	0.985038
119	169	0.952212
119	170	0.973529
119	175	1.00868
119	176	1.00615
119	177	1.01386
119	178	1.01714
119	180	1.00652
120	7	1.04548
120	35	0.984949
120	46	0.923129
120	47	0.91541
120	64	1.14171
120	76	0.94802
120	97	0.955964
120	102	0.941874
120	112	1.02819
120	115	1.03256
120	118	1.00802
120	119	1.01119
120	123	1.03269
120	126	1.012
120	141	1.0127
120	142	1.03192
120	153	0.998926
120	156	0.945246
120	161	0.972256
120	162	0.987879
120	166	0.98268
120	169	1.02424
120	173	1.01104
120	174	1.07053
120	175	0.984268
120	176	0.981736
120	177	0.989442
120	178	0.992726
120	179	1.04146
120	180	0.982102
121	30	0.975272
121	31	0.973635
121	59	1.00275
121	66	1.04713
121	85	1.04148
121	96	0.967627
121	97	1.13655
121	98	0.957618
121	108	0.942113
121	109	0.997529
121	112	0.9881
121	113	0.988247
121	116	1.06277
121	123	0.984942
121	125	0.957337
121	127	0.995898
121	129	0.998446
121	131	1.08864
121	151	0.987136
121	152	0.977454
121	155	0.987074
121	158	0.991967
121	159	0.974088
121	165	0.980595
121	167	0.981891
121	168	0.984995
121	170	0.987137
121	171	1.00454
121	172	0.992216
121	174	0.976973
121	179	1.0635
122	8	1.14875
122	10	1.08457
122	27	0.927895
122	36	1.01453
122	42	1.06188
122	43	0.98499
122	56	1.05505
122	58	1.06139
122	65	0.777307
122	69	1.00563
122	86	1.02863
122	90	1.01488
122	95	1.07449
122	98	1.05907
122	105	0.816981
122	131	1.00127
122	134	0.94346
122	141	1.05469
122	150	0.921743
122	153	1.04092
122	154	0.868835
122	161	1.01425
122	162	1.02987
122	163	0.91487
122	166	1.02468
122	170	0.914734
122	172	1.03623
122	176	1.02373
122	177	1.03144
122	178	1.03472
122	180	1.0241
123	34	1.12704
123	65	0.828844
123	66	0.83862
123	67	1.0119
123	77	0.998693
123	86	1.03255
123	87	0.920959
123	98	1.06299
123	102	0.987786
123	106	0.915381
123	108	1.07116
123	114	0.922854
123	116	1.00917
123	119	1.05711
123	120	1.03269
123	121	0.984942
123	131	1.00519
123	147	1.02362
123	149	1.04247
123	153	1.04484
123	156	0.865959
123	157	1.04508
123	161	1.01817
123	168	0.959013
123	172	1.04015
123	174	0.991245
123	175	1.03018
123	176	1.02765
123	177	1.03535
123	178	1.03864
123	180	1.02801
124	51	0.879489
124	60	1.01775
124	63	0.995451
124	64	0.783771
124	66	1.07786
124	68	0.938114
124	78	0.962385
124	95	0.930228
124	96	0.998356
124	107	1.03015
124	108	0.972842
124	109	1.02826
124	127	1.02663
124	128	1.02443
124	130	1.02159
124	135	1.00579
124	136	1.01487
124	141	1.01335
124	144	1.01124
124	151	1.01787
124	155	1.0178
124	158	1.0227
124	159	1.00482
124	165	1.01132
124	167	1.01262
124	168	1.01572
124	170	1.01787
124	171	1.03527
124	174	1.0077
124	175	1.01297
124	178	1.03027
124	179	1.05968
125	19	1.02169
125	23	0.914592
125	61	0.984338
125	64	1.16298
125	71	1.07179
125	76	0.969292
125	96	0.982092
125	105	1.04049
125	116	0.984525
125	121	0.957337
125	138	0.998443
125	141	1.03397
125	142	1.01581
125	144	1.0038
125	150	1.00111
125	151	1.01043
125	153	1.0202
125	155	0.934057
125	156	1.04108
125	159	0.977019
125	162	1.00915
125	163	1.00937
125	164	1.02464
125	166	1.00395
125	167	0.950175
125	170	0.938667
125	171	0.895293
125	173	1.02178
125	176	1.00301
125	178	1.014
125	179	1.00671
125	180	1.00337
126	12	0.854304
126	16	1.03241
126	24	1.03201
126	52	0.973741
126	55	1.03667
126	63	1.01047
126	68	0.878058
126	86	1.01186
126	94	1.06768
126	95	1.05772
126	101	1.02832
126	102	0.967099
126	109	0.931905
126	112	0.98635
126	116	0.988478
126	118	1.03325
126	119	1.03642
126	120	1.012
126	131	0.984501
126	139	1.04504
126	149	1.02178
126	152	1.04079
126	154	0.957817
126	162	1.0131
126	165	0.984748
126	168	0.996458
126	170	1.00372
126	173	0.969194
126	176	1.00696
126	177	1.01467
126	178	1.01795
126	180	1.00733
127	4	0.944923
127	17	1.01946
127	23	1.02023
127	27	1.0205
127	45	1.06239
127	53	1.21718
127	58	0.919571
127	73	1.03233
127	78	0.904399
127	89	0.97565
127	107	1.01258
127	108	0.955278
127	112	1.00127
127	114	1.00527
127	121	0.995898
127	124	1.02663
127	132	0.984577
127	136	0.997302
127	152	0.99062
127	154	1.01724
127	156	0.905474
127	158	1.00513
127	159	0.987253
127	161	1.01397
127	165	0.993761
127	168	0.99816
127	170	1.0003
127	171	1.0177
127	172	1.00538
127	173	0.971264
127	174	0.990138
127	179	1.00169
127	180	1.00035
128	26	0.947687
128	38	1.08885
128	41	1.10539
128	61	0.996689
128	68	0.884358
128	72	0.978619
128	78	1.02478
128	79	1.02143
128	87	0.964704
128	98	1.02602
128	104	0.991542
128	106	0.959126
128	124	1.02443
128	134	1.03874
128	137	0.977589
128	142	0.996374
128	147	0.986652
128	149	1.0055
128	155	0.99804
128	159	0.985054
128	163	1.01015
128	165	0.991561
128	166	0.991623
128	168	0.99596
128	170	0.998103
128	171	1.0155
128	172	1.00318
128	175	0.993211
128	176	0.990679
128	177	0.998385
128	178	1.00167
128	179	1.00592
128	180	0.991045
129	61	1.00144
129	66	1.06285
129	71	0.972857
129	79	1.02618
129	81	0.969414
129	90	1.06956
129	96	0.983341
129	97	1.05573
129	101	0.937679
129	109	1.01324
129	113	1.00396
129	114	1.00782
129	121	0.998446
129	131	1.00782
129	132	0.965571
129	136	0.99985
129	152	0.993169
129	154	1.01979
129	155	1.00279
129	158	1.00768
129	159	0.989802
129	163	0.986917
129	165	0.996309
129	167	0.997605
129	168	1.00071
129	170	1.00285
129	171	1.02025
129	172	1.00793
129	174	0.992687
129	175	0.997959
129	176	0.967235
129	178	0.953279
129	179	0.982687
130	14	1.01489
130	19	1.00499
130	31	0.981761
130	45	1.05735
130	50	0.875596
130	51	0.857539
130	65	1.05011
130	68	0.916163
130	73	1.02729
130	79	1.01859
130	86	1.02496
130	92	1.02891
130	103	1.06368
130	109	1.00565
130	113	0.996373
130	114	1.00023
130	117	1.11362
130	124	1.02159
130	136	0.992262
130	152	0.98558
130	155	0.995199
130	157	1.00527
130	158	1.00009
130	159	0.982213
130	165	0.98872
130	167	0.990016
130	168	0.99312
130	170	0.995262
130	171	1.01266
130	172	1.00034
130	174	0.985098
130	176	1.02228
130	177	0.993345
131	7	1.01798
131	15	0.992677
131	35	0.957447
131	37	1.14003
131	39	1.01496
131	57	0.996845
131	58	0.991892
131	64	1.1142
131	77	0.925279
131	82	0.973594
131	83	1.06548
131	84	0.977669
131	88	1.03315
131	94	1.01496
131	103	0.953238
131	104	0.955097
131	121	1.08864
131	122	1.00127
131	123	1.00519
131	126	0.984501
131	129	1.00782
131	138	0.949669
131	139	0.99231
131	141	0.985194
131	147	0.950207
131	150	1.07697
131	157	0.971667
131	162	0.960377
131	168	1.06271
131	172	0.966737
131	173	1.03544
131	176	0.954235
131	177	0.961941
131	178	0.965224
131	180	0.9546
132	12	0.878305
132	17	0.974215
132	39	1.07296
132	45	0.882544
132	63	1.01575
132	65	0.89029
132	73	0.898886
132	81	1.02604
132	99	0.98346
132	100	0.981858
132	109	0.955906
132	116	0.993753
132	127	0.984577
132	129	0.965571
132	133	1.05217
132	141	1.0432
132	147	1.00821
132	148	1.03553
132	153	1.02943
132	158	0.998293
132	159	1.06607
132	160	1.05135
132	161	1.00276
132	163	1.0186
132	164	1.03387
132	165	1.00875
132	166	1.01318
132	169	1.0123
132	173	1.031
132	174	1.0095
132	176	1.01224
132	177	1.01994
132	178	1.02323
132	179	1.01594
132	180	1.0126
133	8	0.955391
133	29	1.03681
133	37	1.00731
133	47	1.0663
133	53	0.955736
133	62	1.01199
133	66	0.849034
133	83	1.02205
133	86	0.959829
133	92	1.00231
133	93	1.00816
133	97	0.990851
133	104	0.996626
133	111	1.02699
133	112	1.02501
133	132	1.05217
133	138	0.991621
133	140	1.04156
133	143	1.02477
133	148	1.03992
133	149	0.909602
133	150	1.01473
133	151	1.02405
133	153	0.931629
133	156	1.0547
133	162	0.957053
133	163	1.02298
133	164	1.03825
133	165	0.957717
133	169	1.01669
133	173	1.03539
133	174	1.01388
133	175	0.988616
133	176	0.95714
133	179	1.02033
134	1	1.01781
134	6	1.02104
134	11	1.01782
134	15	0.987666
134	40	1.15302
134	46	1.02892
134	47	1.00309
134	75	0.987612
134	83	0.958847
134	106	0.986234
134	109	1.00584
134	110	0.968288
134	111	0.963779
134	117	0.929894
134	122	0.94346
134	128	1.03874
