1	28	0.740219
1	41	1.45072
1	129	0.87606
1	155	0.874551
1	156	0.886305
1	159	0.853124
1	165	0.861828
1	176	0.817479
1	177	0.817419
1	178	0.81995
1	179	0.815875
1	180	0.777528
2	16	0.800333
2	20	0.81114
2	28	0.900076
2	29	0.793633
2	34	0.791492
2	35	0.900171
2	36	0.784401
2	40	0.863714
2	43	0.871483
2	123	0.881102
2	147	2.38656
2	156	2.6453
3	31	0.806579
3	46	0.855432
3	47	0.856157
3	58	0.837239
3	62	0.824995
3	65	0.88472
3	71	0.817022
3	81	0.867024
3	139	0.861059
3	142	0.789381
3	146	2.1068
3	170	2.87307
4	73	2.80579
4	82	0.785283
4	110	0.735089
4	131	0.838056
4	144	0.826898
4	148	0.806746
4	151	0.793382
4	153	0.793383
4	169	0.700491
4	178	0.722519
4	179	0.718443
4	180	0.680097
5	6	0.822949
5	89	0.846556
5	102	0.881726
5	109	0.870717
5	116	0.854255
5	122	0.839337
5	125	0.826191
5	126	0.869381
5	147	1.45751
5	157	0.778904
5	171	0.809474
5	173	3.59367
6	5	0.822949
6	21	0.925745
6	103	0.823881
6	116	0.858898
6	118	0.861714
6	122	0.84398
6	125	0.830834
6	154	0.90464
6	157	0.783547
6	161	0.834773
6	171	0.814117
6	180	4.31821
7	17	0.00834243
7	100	0.982527
7	116	0.459081
7	153	0.899485
7	164	0.959504
7	169	0.911103
7	173	0.932498
7	176	0.930659
7	177	0.930599
7	178	0.933131
7	179	0.929055
7	180	0.890709
8	42	0.783508
8	55	1.81368
8	83	0.842749
8	102	0.873718
8	109	0.862709
8	118	0.849063
8	122	0.831328
8	123	0.875525
8	124	3.24688
8	125	0.818183
8	126	0.861373
8	171	0.801466
9	46	0.945056
9	47	0.945781
9	58	0.926862
9	62	0.914619
9	65	0.974343
9	71	0.906645
9	81	0.956648
9	87	2.42141
9	103	1.66903
9	111	1.58459
9	139	0.950683
9	142	0.879005
10	24	0.8358
10	27	0.824997
10	39	0.81272
10	41	0.885427
10	66	0.829509
10	67	0.892317
10	72	0.826676
10	98	0.895365
10	154	2.06547
10	157	3.01734
10	170	0.826125
10	172	0.770883
11	22	1.4729
11	55	0.890344
11	83	0.976481
11	89	0.97228
11	109	0.996441
11	116	0.979979
11	118	0.982795
11	125	0.951915
11	157	0.904628
11	171	0.935198
11	178	3.11369
12	107	0.946621
12	110	2.65394
12	132	0.921708
12	136	0.89974
12	140	0.929928
12	144	0.960347
12	145	0.948305
12	147	0.890535
12	148	0.940195
12	151	0.926831
12	153	0.926833
12	179	2.17444
13	97	1.43346
13	150	0.833927
13	153	0.911077
13	158	0.8882
13	162	0.876777
13	168	0.858341
13	171	0.863399
13	173	0.82655
13	175	0.820414
13	177	0.824652
13	179	0.823108
13	180	0.784762
14	72	0.858131
14	98	0.926821
14	117	1.05921
14	121	1.05295
14	149	0.868886
14	152	0.874363
14	170	0.85758
14	172	0.802338
14	177	0.812773
14	178	0.815304
14	179	0.811228
14	180	0.772882
15	55	0.913976
15	80	2.88164
15	114	0.803314
15	128	0.793605
15	134	0.767504
15	158	0.781759
15	168	0.751899
15	171	0.756957
15	176	0.718271
15	177	0.718211
15	179	0.716667
15	180	0.678321
16	2	0.800333
16	28	0.886964
16	29	0.780521
16	35	0.887059
16	36	0.771289
16	38	0.886909
16	40	0.850603
16	43	0.858371
16	86	0.809378
16	123	0.867991
16	156	1.95012
16	157	3.12251
17	7	0.00834243
17	49	4.5
17	56	1.0114
17	61	0.918781
17	66	0.914089
17	67	0.976897
17	72	0.911256
17	98	0.979945
17	136	0.78567
17	149	0.92201
17	170	0.910705
17	172	0.855463
18	59	0.75279
18	92	0.84982
18	97	1.5662
18	154	0.915382
18	166	0.866864
18	172	0.823645
18	174	0.816945
18	175	0.829841
18	177	0.834079
18	178	0.836611
18	179	0.832535
18	180	0.794189
19	25	0.909681
19	38	0.775709
19	89	0.947641
19	102	0.98281
19	122	0.940421
19	125	0.927275
19	126	0.970465
19	130	1.61366
19	157	0.879988
19	160	3.46342
19	161	0.931214
19	171	0.910558
20	2	0.81114
20	28	0.897771
20	29	0.791328
20	34	0.789187
20	35	0.897865
20	36	0.782096
20	40	0.861409
20	43	0.869177
20	86	0.820184
20	123	0.878797
20	133	2.39146
20	161	2.57926
21	6	0.925745
21	116	0.957052
21	118	0.959867
21	122	0.942133
21	125	0.928987
21	133	0.851707
21	139	0.960294
21	157	0.8817
21	161	0.932926
21	170	1.77587
21	171	0.91227
21	179	3.1088
22	11	1.4729
22	120	0.880053
22	139	1.41189
22	141	0.880545
22	144	0.908381
22	145	0.896339
22	148	0.888229
22	169	0.781975
22	176	0.80153
22	177	0.80147
22	179	0.799926
22	180	0.76158
23	37	0.93974
23	52	0.924944
23	57	0.906439
23	74	0.933947
23	80	0.933952
23	84	0.928385
23	85	0.928384
23	91	0.928382
23	97	0.975045
23	160	1.93881
23	164	1.5473
23	172	2.39444
24	10	0.8358
24	41	0.881742
24	61	0.830516
24	66	0.825823
24	67	0.888632
24	72	0.82299
24	98	0.891679
24	113	2.10059
24	149	0.833745
24	156	2.78701
24	170	0.822439
24	172	0.767197
25	19	0.909681
25	44	1.58793
25	65	0.87145
25	71	0.803752
25	81	0.853754
25	109	0.861008
25	118	0.847363
25	122	0.829628
25	136	3.33817
25	139	0.84779
25	142	0.776111
25	171	0.799765
26	69	0.795973
26	94	1.91688
26	117	0.797079
26	120	0.834492
26	132	0.824181
26	140	0.832401
26	141	0.834985
26	143	0.829255
26	145	0.850778
26	148	0.842669
26	151	0.829305
26	153	0.829306
26	175	3.3915
27	10	0.824997
27	39	0.798232
27	61	0.819713
27	64	0.880559
27	66	0.815021
27	67	0.877829
27	72	0.812188
27	98	0.880877
27	129	2.67656
27	149	0.822942
27	158	2.59309
27	170	0.811637
27	172	0.756395
28	1	0.740219
28	2	0.900076
28	16	0.886964
28	20	0.897771
28	29	0.880264
28	34	0.878123
28	36	0.871032
28	40	0.950345
28	43	0.958114
28	86	0.90912
28	123	0.967733
28	149	1.93002
28	178	2.7146
29	2	0.793633
29	16	0.780521
29	20	0.791328
29	28	0.880264
29	34	0.771679
29	35	0.880358
29	36	0.764588
29	38	0.880208
29	40	0.843902
29	43	0.85167
29	94	2.03727
29	123	0.86129
29	166	3.34249
30	75	0.152131
30	94	0.956081
30	146	0.991418
30	148	0.213417
30	151	1.14927
30	165	0.940423
30	174	0.87888
30	175	0.891776
30	176	0.896074
30	177	0.896014
30	178	0.898546
30	179	0.89447
30	180	0.856124
31	3	0.806579
31	46	0.836583
31	47	0.837308
31	58	0.818389
31	62	0.806146
31	65	0.86587
31	71	0.798172
31	81	0.848175
31	105	0.869679
31	112	2.1499
31	139	0.84221
31	142	0.770532
31	155	3.2017
32	73	0.810767
32	75	2.85635
32	76	0.803589
32	84	0.777956
32	85	0.777955
32	90	0.82799
32	91	0.777953
32	97	0.824617
32	150	0.715513
32	176	0.706299
32	177	0.706239
32	179	0.704695
32	180	0.666348
33	39	0.791159
33	41	0.863867
33	56	0.905258
33	61	0.812641
33	66	0.807948
33	67	0.870757
33	72	0.805115
33	98	0.873804
33	131	1.60868
33	149	0.81587
33	170	0.804564
33	172	0.749322
33	173	3.65886
34	2	0.791492
34	20	0.789187
34	28	0.878123
34	29	0.771679
34	35	0.878217
34	36	0.762448
34	38	0.878067
34	40	0.841761
34	43	0.849529
34	86	0.800536
34	123	0.859149
34	173	2.62619
34	177	2.75639
35	2	0.900171
35	16	0.887059
35	20	0.897865
35	29	0.880358
35	34	0.878217
35	36	0.871126
35	40	0.95044
35	43	0.958208
35	79	2.62021
35	86	0.909215
35	123	0.967828
35	131	1.24042
35	162	2.09215
36	2	0.784401
36	16	0.771289
36	20	0.782096
36	28	0.871032
36	29	0.764588
36	34	0.762448
36	35	0.871126
36	38	0.870976
36	40	0.83467
36	43	0.842438
36	82	2.01051
36	86	0.793445
36	123	0.852058
36	167	3.54667
37	23	0.93974
37	45	0.895263
37	54	0.871992
37	57	0.855994
37	73	0.91075
37	74	0.883501
37	80	0.883506
37	84	0.877939
37	85	0.877938
37	91	0.877936
37	97	0.9246
37	161	1.80205
37	163	1.7318
37	171	2.70609
38	16	0.886909
38	19	0.775709
38	29	0.880208
38	34	0.878067
38	36	0.870976
38	40	0.95029
38	72	1.0602
38	98	0.95396
38	128	0.930267
38	154	0.936175
38	159	0.890578
38	162	0.906997
38	177	0.854872
38	180	0.814982
39	10	0.81272
39	27	0.798232
39	33	0.791159
39	56	0.900053
39	61	0.807436
39	66	0.802743
39	67	0.865552
39	72	0.79991
39	82	2.56684
39	98	0.868599
39	127	2.93129
39	149	0.810665
39	170	0.799359
39	172	0.744117
40	2	0.863714
40	16	0.850603
40	20	0.861409
40	28	0.950345
40	29	0.843902
40	34	0.841761
40	35	0.95044
40	36	0.83467
40	38	0.95029
40	43	0.921752
40	123	0.931372
40	160	2.6512
40	165	1.35362
40	173	2.46029
41	1	1.45072
41	10	0.885427
41	24	0.881742
41	33	0.863867
41	56	0.972761
41	61	0.880143
41	66	0.875451
41	67	0.938259
41	72	0.872618
41	98	0.941307
41	133	1.43321
41	142	2.67861
41	170	0.872067
41	172	0.816825
42	8	0.783508
42	83	0.823967
42	89	0.819766
42	109	0.843927
42	116	0.827465
42	118	0.830281
42	122	0.812547
42	125	0.799401
42	126	0.842591
42	139	0.830708
42	161	0.80334
42	164	2.82486
42	171	0.782684
42	178	2.86561
43	2	0.871483
43	16	0.858371
43	20	0.869177
43	28	0.958114
43	29	0.85167
43	34	0.849529
43	35	0.958208
43	36	0.842438
43	40	0.921752
43	86	0.880527
43	123	0.93914
43	155	1.85482
43	171	1.66404
43	177	2.85412
44	25	1.58793
44	51	0.924253
44	97	1.13602
44	128	0.946185
44	145	0.202998
44	146	0.966194
44	167	0.909006
44	173	0.872689
44	175	0.866552
44	176	0.870851
44	177	0.870791
44	178	0.873322
44	179	0.869247
44	180	0.8309
45	37	0.895263
45	52	0.880468
45	53	0.883235
45	57	0.861963
45	73	0.916719
45	74	0.88947
45	80	0.889475
45	84	0.883908
45	85	0.883907
45	91	0.883905
45	97	0.930569
45	128	1.51103
45	159	2.88892
45	161	1.83071
46	3	0.855432
46	9	0.945056
46	31	0.836583
46	47	0.886162
46	58	0.867243
46	62	0.855
46	65	0.914724
46	71	0.847026
46	81	0.897029
46	88	0.884789
46	92	2.44327
46	139	0.891064
46	142	0.819385
46	166	0.850448
46	180	3.83146
47	3	0.856157
47	9	0.945781
47	31	0.837308
47	46	0.886162
47	48	0.878171
47	58	0.867968
47	62	0.855725
47	65	0.915449
47	71	0.847751
47	81	0.897754
47	114	1.72642
47	139	0.891789
47	142	0.820111
47	150	3.36624
47	152	1.64735
48	47	0.878171
48	62	0.847009
48	65	0.906733
48	71	0.839035
48	81	0.889038
48	105	0.910543
48	115	2.26032
48	132	0.864573
48	140	0.872793
48	143	0.869647
48	148	0.883061
48	151	0.869696
48	152	2.14535
48	153	0.869698
48	170	2.2506
49	17	4.5
49	50	0.858045
49	79	0.770644
49	92	0.745014
49	134	0.778566
49	142	0.744366
49	159	0.764979
49	162	0.781398
49	172	0.718839
49	173	0.731171
49	176	0.729333
49	177	0.729273
49	178	0.731805
49	179	0.727729
49	180	0.689383
50	49	0.858045
50	66	0.859319
50	75	0.139475
50	149	0.908034
50	151	1.13661
50	152	0.913511
50	159	0.887626
50	163	0.96086
50	164	0.880826
50	167	0.890136
50	169	0.832425
50	176	0.851981
50	178	0.854453
50	179	0.850377
50	180	0.812031
51	44	0.924253
51	74	0.859791
51	107	1.90795
51	128	0.852006
51	135	0.777507
51	146	0.872015
51	154	0.857914
51	166	0.809396
51	167	0.814826
51	172	0.766177
51	173	0.778509
51	174	0.759477
51	175	0.772373
51	178	0.779143
51	180	0.736721
52	23	0.924944
52	45	0.880468
52	53	0.86247
52	54	0.857197
52	57	0.841198
52	73	0.895954
52	74	0.868706
52	76	2.35556
52	80	0.86871
52	84	0.863143
52	85	0.863143
52	91	0.86314
52	97	0.909804
52	130	2.17824
52	138	2.15421
53	45	0.883235
53	52	0.86247
53	54	0.859964
53	57	0.843966
53	73	0.898722
53	74	0.871473
53	80	0.871478
53	84	0.865911
53	85	0.86591
53	91	0.865908
53	97	0.912572
53	104	0.897876
53	129	1.98401
53	134	2.57477
53	137	1.9621
54	37	0.871992
54	52	0.857197
54	53	0.859964
54	73	0.893448
54	74	0.866199
54	80	0.866204
54	84	0.860637
54	85	0.860637
54	91	0.860634
54	97	0.907298
54	100	1.92895
54	104	0.892602
54	105	0.90316
54	135	3.09089
54	161	1.48435
55	8	1.81368
55	11	0.890344
55	15	0.913976
55	85	0.571441
55	105	0.0257942
55	124	0.979651
55	142	0.934007
55	162	0.971039
55	164	0.947819
55	165	0.963324
55	166	0.951699
55	174	0.90178
55	176	0.918974
55	178	0.921446
55	179	0.91737
55	180	0.879024
56	17	1.0114
56	33	0.905258
56	39	0.900053
56	41	0.972761
56	61	0.921535
56	66	0.916842
56	67	0.979651
56	72	0.91401
56	98	0.982699
56	146	0.963539
56	149	0.924764
56	150	2.78809
56	165	1.29534
56	170	0.913459
56	172	0.858216
56	176	2.63357
57	23	0.906439
57	37	0.855994
57	45	0.861963
57	52	0.841198
57	53	0.843966
57	73	0.87745
57	74	0.850201
57	80	0.850206
57	84	0.844639
57	85	0.844638
57	91	0.844636
57	92	3.85673
57	97	0.8913
57	105	0.887162
57	113	1.23577
57	174	2.82579
58	3	0.837239
58	9	0.926862
58	31	0.818389
58	46	0.867243
58	47	0.867968
58	62	0.836806
58	65	0.89653
58	71	0.828832
58	79	3.07979
58	81	0.878835
58	88	0.866596
58	105	0.90034
58	139	0.87287
58	142	0.801192
58	158	2.03428
58	161	1.78627
59	18	0.75279
59	64	0.898414
59	69	0.824747
59	107	0.877868
59	111	1.96525
59	117	0.825852
59	119	0.856232
59	120	0.863266
59	132	0.852954
59	141	0.863758
59	143	0.858028
59	144	0.891594
59	148	0.871442
59	151	0.858078
59	153	0.858079
59	179	3.50627
60	87	0.764429
60	99	0.72029
60	135	0.731581
60	141	3.81871
60	152	0.792275
60	158	0.794233
60	163	0.839624
60	166	0.763469
60	168	0.764373
60	173	0.732583
60	174	0.713551
60	176	0.730745
60	178	0.733216
60	179	0.72914
60	180	0.690794
61	17	0.918781
61	24	0.830516
61	27	0.819713
61	33	0.812641
61	39	0.807436
61	41	0.880143
61	56	0.921535
61	64	0.889763
61	66	0.824225
61	67	0.887033
61	98	0.890081
61	130	1.95152
61	149	0.832146
61	162	2.41191
61	168	2.93972
61	170	0.820841
61	172	0.765599
62	3	0.824995
62	9	0.914619
62	31	0.806146
62	46	0.855
62	47	0.855725
62	48	0.847009
62	58	0.836806
62	63	1.75455
62	65	0.884287
62	71	0.816589
62	81	0.866592
62	88	0.854352
62	105	0.888096
62	139	0.860627
62	142	0.788949
62	161	2.08395
62	168	3.37724
63	62	1.75455
63	98	1.68934
63	110	0.843699
63	135	0.829493
63	140	0.189233
63	146	0.924001
63	156	0.897483
63	158	0.892145
63	159	0.864302
63	164	0.857502
63	166	0.861382
63	173	0.830495
63	175	0.824359
63	177	0.828597
63	178	0.831129
63	179	0.827053
63	180	0.788707
64	27	0.880559
64	59	0.898414
64	61	0.889763
64	72	0.882238
64	78	0.920736
64	96	0.788487
64	98	0.950927
64	119	0.908428
64	141	0.915954
64	145	0.931747
64	149	0.892992
64	151	0.910273
64	153	0.910275
64	170	0.881687
64	172	0.826445
64	175	2.3637
64	176	2.73024
64	178	2.33884
65	3	0.88472
65	9	0.974343
65	25	0.87145
65	31	0.86587
65	46	0.914724
65	47	0.915449
65	48	0.906733
65	58	0.89653
65	62	0.884287
65	71	0.876313
65	81	0.926316
65	88	0.914077
65	133	0.933447
65	139	0.920351
65	142	0.848673
65	155	2.21607
65	159	2.17946
65	178	2.92533
66	10	0.829509
66	17	0.914089
66	24	0.825823
66	27	0.815021
66	33	0.807948
66	39	0.802743
66	41	0.875451
66	50	0.859319
66	56	0.916842
66	61	0.824225
66	67	0.882341
66	72	0.816699
66	98	0.885389
66	149	0.827454
66	159	2.42426
66	170	0.816148
66	172	0.760906
66	176	3.56154
67	10	0.892317
67	17	0.976897
67	24	0.888632
67	27	0.877829
67	33	0.870757
67	39	0.865552
67	41	0.938259
67	56	0.979651
67	61	0.887033
67	66	0.882341
67	76	2.25308
67	98	0.948197
67	114	2.48086
67	124	2.02963
67	133	1.58288
67	149	0.890262
67	170	0.878957
67	172	0.823715
68	75	0.8446
68	93	0.827209
68	101	0.818594
68	107	0.851614
68	117	0.799598
68	121	0.870333
68	126	0.857083
68	140	0.83492
68	141	0.837504
68	143	0.831774
68	144	0.86534
68	145	0.853298
68	148	0.845188
68	151	0.831824
68	153	0.831826
68	163	1.59945
68	170	2.40606
68	175	3.49864
69	26	0.795973
69	59	0.824747
69	93	0.831992
69	101	0.823377
69	108	0.857885
69	119	0.834761
69	126	0.861866
69	140	0.839703
69	141	0.842287
69	143	0.836557
69	144	0.870122
69	145	0.85808
69	148	0.849971
69	151	0.836606
69	153	0.836608
69	160	2.68856
69	177	2.62784
69	178	2.3378
70	93	0.827837
70	95	0.827149
70	101	0.819222
70	103	2.39686
70	108	0.853731
70	120	0.83764
70	121	0.870962
70	132	0.827329
70	140	0.835549
70	141	0.838133
70	143	0.832403
70	144	0.865968
70	145	0.853926
70	148	0.845817
70	151	0.832452
70	152	2.41527
70	153	0.832454
70	171	2.6882
71	3	0.817022
71	9	0.906645
71	25	0.803752
71	31	0.798172
71	46	0.847026
71	47	0.847751
71	48	0.839035
71	58	0.828832
71	62	0.816589
71	65	0.876313
71	81	0.858618
71	88	0.846379
71	105	0.880122
71	112	1.85811
71	139	0.852653
71	142	0.780975
71	158	2.0631
71	175	3.64403
72	10	0.826676
72	14	0.858131
72	17	0.911256
72	24	0.82299
72	27	0.812188
72	33	0.805115
72	38	1.0602
72	39	0.79991
72	41	0.872618
72	56	0.91401
72	64	0.882238
72	66	0.816699
72	98	0.882556
72	138	2.40604
72	149	0.824621
72	157	3.38387
72	170	0.813316
72	172	0.758073
73	4	2.80579
73	32	0.810767
73	37	0.91075
73	45	0.916719
73	52	0.895954
73	53	0.898722
73	54	0.893448
73	57	0.87745
73	74	0.904957
73	80	0.904962
73	84	0.899395
73	85	0.899394
73	91	0.899392
73	97	0.946056
73	105	0.941918
73	106	0.905838
73	163	1.19863
73	174	3.34107
74	23	0.933947
74	37	0.883501
74	45	0.88947
74	51	0.859791
74	52	0.868706
74	53	0.871473
74	54	0.866199
74	57	0.850201
74	73	0.904957
74	80	0.877713
74	84	0.872146
74	85	0.872145
74	91	0.872143
74	96	1.35236
74	97	0.918807
74	104	0.904111
74	105	0.914669
74	114	1.05643
74	180	5.50956
75	30	0.152131
75	32	2.85635
75	50	0.139475
75	68	0.8446
75	101	0.869484
75	107	0.902504
75	108	0.903992
75	119	0.880868
75	120	0.887902
75	130	0.87261
75	140	0.88581
75	141	0.888394
75	143	0.882664
75	144	0.91623
75	145	0.904188
75	148	0.896078
75	151	0.882714
75	153	0.882715
75	174	3.4119
76	32	0.803589
76	52	2.35556
76	67	2.25308
76	113	0.926679
76	126	0.333435
76	150	0.829774
76	152	0.88209
76	160	0.838102
76	168	0.854188
76	169	0.801004
76	170	0.865307
76	172	0.810065
76	173	0.822398
76	174	0.803366
76	176	0.820559
76	177	0.820499
76	178	0.823031
76	179	0.818955
76	180	0.780609
77	99	0.758335
77	135	0.769625
77	144	2.12994
77	145	2.2109
77	150	0.778004
77	154	0.850032
77	155	0.825862
77	160	0.786332
77	161	0.828132
77	162	0.820854
77	165	0.813139
77	169	0.749233
77	174	0.751595
77	175	0.764491
77	176	0.768789
77	177	0.768729
77	178	0.771261
77	179	0.767185
77	180	0.728839
78	64	0.920736
78	108	0.901679
78	117	0.848175
78	119	0.878555
78	121	0.91891
78	130	0.870297
78	132	0.875277
78	136	0.853309
78	140	0.883497
78	142	1.63666
78	143	0.880351
78	144	0.913916
78	145	0.901874
78	148	0.893765
78	151	0.8804
78	153	0.880402
78	168	1.87234
78	177	2.67318
78	178	2.38314
79	35	2.62021
79	49	0.770644
79	58	3.07979
79	135	0.765416
79	136	0.810823
79	147	0.872042
79	156	0.833406
79	158	0.828068
79	160	0.782123
79	168	0.798209
79	169	0.745024
79	171	0.803267
79	174	0.747386
79	175	0.760282
79	176	0.76458
79	177	0.76452
79	178	0.767051
79	179	0.762976
79	180	0.72463
80	15	2.88164
80	23	0.933952
80	37	0.883506
80	45	0.889475
80	52	0.86871
80	53	0.871478
80	54	0.866204
80	57	0.850206
80	73	0.904962
80	74	0.877713
80	84	0.872151
80	85	0.87215
80	91	0.872148
80	97	0.918812
80	104	0.904116
80	105	0.914674
80	106	0.934834
80	171	1.38879
80	176	2.68024
81	3	0.867024
81	9	0.956648
81	25	0.853754
81	31	0.848175
81	46	0.897029
81	47	0.897754
81	48	0.889038
81	58	0.878835
81	62	0.866592
81	65	0.926316
81	71	0.858618
81	88	0.896381
81	105	0.930125
81	139	0.902656
81	142	0.830977
81	156	1.44242
81	163	1.28567
81	171	2.25996
81	176	3.55141
82	4	0.785283
82	36	2.01051
82	39	2.56684
82	90	0.910196
82	123	0.411712
82	141	0.86752
82	143	0.86179
82	144	0.895355
82	145	0.883313
82	148	0.875203
82	151	0.861839
82	153	0.861841
82	171	0.827192
82	174	0.771311
82	175	0.784207
82	177	0.788445
82	178	0.790976
82	179	0.786901
82	180	0.748555
83	8	0.842749
83	11	0.976481
83	42	0.823967
83	88	0.883675
83	89	0.879008
83	96	2.01513
83	102	0.914177
83	103	0.851689
83	116	0.886707
83	118	0.889523
83	122	0.871788
83	123	0.915984
83	125	0.858642
83	139	0.88995
83	157	0.811355
83	158	2.00942
83	161	0.862581
83	162	2.52688
83	167	2.22484
83	171	0.841925
84	23	0.928385
84	32	0.777956
84	37	0.877939
84	45	0.883908
84	52	0.863143
84	53	0.865911
84	54	0.860637
84	57	0.844639
84	73	0.899395
84	74	0.872146
84	80	0.872151
84	85	0.866583
84	91	0.866581
84	97	0.913245
84	104	0.898549
84	105	0.909107
84	111	1.90815
84	130	1.68497
84	167	1.84333
84	179	3.44918
85	23	0.928384
85	32	0.777955
85	37	0.877938
85	45	0.883907
85	52	0.863143
85	53	0.86591
85	54	0.860637
85	55	0.571441
85	57	0.844638
85	73	0.899394
85	74	0.872145
85	80	0.87215
85	84	0.866583
85	91	0.86658
85	97	0.913244
85	104	0.898548
85	105	0.909106
85	154	2.0527
85	166	3.40523
85	167	2.20913
86	16	0.809378
86	20	0.820184
86	28	0.90912
86	34	0.800536
86	35	0.909215
86	36	0.793445
86	43	0.880527
86	93	1.45446
86	108	1.28476
86	117	1.10918
86	123	0.890147
86	130	0.840632
86	163	0.886281
86	164	0.806246
86	168	0.81103
86	175	0.773103
86	177	0.777341
86	178	0.779873
86	179	0.775797
86	180	0.737451
87	9	2.42141
87	60	0.764429
87	99	0.746499
87	114	0.841996
87	116	2.65269
87	128	0.832288
87	142	0.771986
87	154	0.838196
87	158	0.820441
87	159	0.792599
87	163	0.865832
87	168	0.790582
87	169	0.737397
87	175	0.752655
87	176	0.756953
87	177	0.756893
87	178	0.759425
87	179	0.755349
87	180	0.717003
88	46	0.884789
88	58	0.866596
88	62	0.854352
88	65	0.914077
88	71	0.846379
88	81	0.896381
88	83	0.883675
88	102	0.914644
88	109	0.903635
88	118	0.889989
88	122	0.872255
88	125	0.859109
88	134	1.22542
88	139	0.890416
88	142	0.818738
88	149	1.32268
88	160	2.45801
88	161	0.863048
88	169	3.95686
88	171	0.842392
89	5	0.846556
89	11	0.97228
89	19	0.947641
89	42	0.819766
89	83	0.879008
89	102	0.909976
89	103	0.847488
89	109	0.898967
89	116	0.882506
89	118	0.885322
89	122	0.867587
89	125	0.854442
89	139	0.885749
89	149	1.88568
89	157	0.807155
89	158	1.11419
89	161	0.858381
89	165	1.72343
89	171	0.837725
89	174	4.33903
90	32	0.82799
90	82	0.910196
90	114	0.930003
90	115	0.895662
90	116	0.748628
90	121	0.664121
90	135	0.845796
90	141	0.71699
90	147	0.952422
90	153	1.18903
90	156	0.913786
90	158	0.908448
90	160	0.862503
90	165	0.889309
90	168	0.878589
90	176	0.84496
90	177	0.8449
90	178	0.847432
90	179	0.843356
90	180	0.80501
91	23	0.928382
91	32	0.777953
91	37	0.877936
91	45	0.883905
91	52	0.86314
91	53	0.865908
91	54	0.860634
91	57	0.844636
91	73	0.899392
91	74	0.872143
91	80	0.872148
91	84	0.866581
91	85	0.86658
91	97	0.913242
91	104	0.898546
91	105	0.909104
91	136	1.0562
91	157	1.67921
91	164	2.18366
91	169	4.07402
92	18	0.84982
92	46	2.44327
92	49	0.745014
92	57	3.85673
92	111	0.845788
92	114	0.823993
92	133	0.857842
92	147	0.846412
92	155	0.796023
92	158	0.802438
92	165	0.783299
92	169	0.719394
92	171	0.777637
92	173	0.740788
92	174	0.721756
92	175	0.734652
92	176	0.73895
92	177	0.73889
92	178	0.741421
92	179	0.737346
92	180	0.699
93	68	0.827209
93	69	0.831992
93	70	0.827837
93	86	1.45446
93	95	0.860019
93	104	0.895611
93	107	0.885113
93	117	0.833097
93	121	0.903832
93	130	0.855219
93	131	1.46839
93	132	0.860199
93	140	0.868419
93	141	0.871003
93	143	0.865273
93	144	0.898839
93	145	0.886797
93	151	0.865323
93	153	0.865324
93	158	1.80266
93	177	3.64877
94	26	1.91688
94	29	2.03727
94	30	0.956081
94	111	0.890114
94	134	0.832509
94	138	0.829136
94	142	0.798308
94	145	1.6717
94	146	0.878619
94	152	0.844806
94	156	0.852101
94	166	0.816
94	168	0.816904
94	169	0.763719
94	174	0.766082
94	175	0.778977
94	176	0.783275
94	177	0.783215
94	178	0.785747
94	179	0.781671
94	180	0.743325
95	70	0.827149
95	93	0.860019
95	101	0.851404
95	107	0.884424
95	112	0.885169
95	117	0.832408
95	120	0.869822
95	126	0.889893
95	130	0.854531
95	136	0.837543
95	140	0.867731
95	141	0.870315
95	143	0.864585
95	144	0.89815
95	145	0.886108
95	148	0.877999
95	151	0.864634
95	153	0.864636
95	169	3.65812
95	172	2.6149
95	179	2.07372
96	64	0.788487
96	74	1.35236
96	83	2.01513
96	119	1.42958
96	135	0.85069
96	150	0.859069
96	152	0.911384
96	155	0.906927
96	156	0.91868
96	160	0.867397
96	165	0.894203
96	167	0.888009
96	168	0.883483
96	169	0.830298
96	173	0.851692
96	174	0.83266
96	175	0.845556
96	176	0.849854
96	178	0.852326
96	179	0.84825
96	180	0.809904
97	13	1.43346
97	18	1.5662
97	23	0.975045
97	32	0.824617
97	37	0.9246
97	44	1.13602
97	45	0.930569
97	52	0.909804
97	53	0.912572
97	54	0.907298
97	57	0.8913
97	73	0.946056
97	74	0.918807
97	80	0.918812
97	84	0.913245
97	85	0.913244
97	91	0.913242
97	104	0.94521
97	105	0.955767
97	127	1.54213
97	128	1.93071
98	10	0.895365
98	14	0.926821
98	17	0.979945
98	24	0.891679
98	27	0.880877
98	33	0.873804
98	38	0.95396
98	39	0.868599
98	41	0.941307
98	56	0.982699
98	61	0.890081
98	63	1.68934
98	64	0.950927
98	66	0.885389
98	67	0.948197
98	72	0.882556
98	131	1.93248
98	146	1.98883
98	149	0.89331
98	163	1.94849
98	170	0.882005
98	172	0.826762
99	60	0.72029
99	77	0.758335
99	87	0.746499
99	126	5.84208
99	147	0.820277
99	152	0.774345
99	159	0.74846
99	160	0.730357
99	162	0.764879
99	165	0.757164
99	166	0.745539
99	167	0.750969
99	168	0.746443
99	169	0.693258
99	173	0.714653
99	174	0.695621
99	175	0.708516
99	176	0.712814
99	177	0.712754
99	178	0.715286
99	179	0.71121
99	180	0.672864
100	7	0.982527
100	54	1.92895
100	106	0.872727
100	124	0.835813
100	135	0.775972
100	147	0.882598
100	148	1.15209
100	150	0.784351
100	152	0.836667
100	153	2.17261
100	158	0.838624
100	163	0.884015
100	165	0.819486
100	169	0.75558
100	172	0.764642
100	173	0.776974
100	174	0.757942
100	175	0.770838
100	176	0.775136
100	178	0.777608
100	179	0.773532
100	180	0.735186
101	68	0.818594
101	69	0.823377
101	70	0.819222
101	75	0.869484
101	95	0.851404
101	117	0.824482
101	119	0.854862
101	120	0.861896
101	121	0.895217
101	132	0.851584
101	140	0.859804
101	141	0.862388
101	143	0.856658
101	144	0.890224
101	145	0.878182
101	148	0.870072
101	151	0.856708
101	152	2.56635
101	153	0.856709
101	158	2.18326
101	163	1.86499
101	165	2.79249
102	5	0.881726
102	8	0.873718
102	19	0.98281
102	83	0.914177
102	88	0.914644
102	89	0.909976
102	103	0.882658
102	109	0.934137
102	116	0.917675
102	118	0.920491
102	122	0.902757
102	123	0.946953
102	124	1.65079
102	125	0.889611
102	139	0.920918
102	146	1.36193
102	154	1.69885
102	156	1.47833
102	157	0.842324
102	161	0.89355
102	171	0.872894
102	172	4.0023
103	6	0.823881
103	9	1.66903
103	70	2.39686
103	83	0.851689
103	89	0.847488
103	102	0.882658
103	116	0.855187
103	125	0.827123
103	137	0.838024
103	142	0.786752
103	144	1.84911
103	155	0.828792
103	157	0.779836
103	161	0.831062
103	164	0.800564
103	165	0.816068
103	171	0.810406
103	173	0.773557
103	177	0.771659
103	178	0.774191
103	179	0.770115
103	180	0.731769
104	53	0.897876
104	54	0.892602
104	74	0.904111
104	80	0.904116
104	84	0.898549
104	85	0.898548
104	91	0.898546
104	93	0.895611
104	97	0.94521
104	121	0.938735
104	127	0.807761
104	132	0.895102
104	138	1.79708
104	140	0.903322
104	141	0.905906
104	143	0.900176
104	145	0.9217
104	151	0.900226
104	153	0.900227
104	161	1.51603
104	165	2.37328
104	177	3.61015
105	31	0.869679
105	48	0.910543
105	54	0.90316
105	55	0.0257942
105	57	0.887162
105	58	0.90034
105	62	0.888096
105	71	0.880122
105	73	0.941918
105	74	0.914669
105	80	0.914674
105	81	0.930125
105	84	0.909107
105	85	0.909106
105	91	0.909104
105	97	0.955767
105	137	1.50961
105	139	0.92416
105	142	0.852482
105	149	2.21955
105	164	2.96338
105	166	2.85958
106	73	0.905838
106	80	0.934834
106	100	0.872727
106	114	0.905902
106	123	1.93451
106	127	0.960376
106	135	0.821695
106	139	1.69867
106	147	0.928321
106	150	0.830074
106	156	0.889685
106	159	0.856505
106	162	0.872924
106	167	0.859014
106	169	0.801303
106	172	0.810365
106	173	0.822698
106	174	0.803665
106	176	0.820859
106	177	0.820799
106	178	0.823331
106	179	0.819255
106	180	0.780909
107	12	0.946621
107	51	1.90795
107	59	0.877868
107	68	0.851614
107	75	0.902504
107	93	0.885113
107	95	0.884424
107	117	0.857502
107	119	0.887882
107	120	0.894915
107	121	0.928237
107	132	0.884604
107	140	0.892824
107	143	0.889678
107	144	0.923243
107	145	0.911201
107	146	1.20722
107	148	0.903092
107	151	0.889727
107	153	0.889729
107	171	1.56978
107	176	2.86123
107	179	2.73503
108	69	0.857885
108	70	0.853731
108	75	0.903992
108	78	0.901679
108	86	1.28476
108	117	0.85899
108	119	0.88937
108	120	0.896404
108	121	0.929725
108	126	0.916475
108	127	0.676678
108	129	1.71643
108	132	0.886092
108	140	0.894312
108	141	0.896896
108	142	2.44255
108	143	0.891166
108	144	0.924732
108	145	0.91269
108	148	0.90458
108	151	0.891216
108	153	0.891217
108	179	3.45423
109	5	0.870717
109	8	0.862709
109	11	0.996441
109	25	0.861008
109	42	0.843927
109	88	0.903635
109	89	0.898967
109	102	0.934137
109	116	0.906666
109	118	0.909482
109	122	0.891748
109	123	0.935944
109	125	0.878602
109	126	0.921792
109	130	1.5716
109	139	0.909909
109	156	1.35301
109	157	0.831315
109	161	0.882541
109	162	2.03199
109	167	1.72995
109	171	0.861885
109	172	3.87698
110	4	0.735089
110	12	2.65394
110	63	0.843699
110	114	0.823354
110	135	0.739147
110	148	3.25628
110	152	0.799841
110	154	0.819553
110	156	0.807137
110	158	0.801799
110	159	0.773956
110	161	0.797653
110	164	0.767156
110	166	0.771035
110	167	0.776466
110	168	0.77194
110	169	0.718755
110	173	0.740149
110	177	0.738251
110	178	0.740782
110	179	0.736707
110	180	0.698361
111	9	1.58459
111	59	1.96525
111	84	1.90815
111	92	0.845788
111	94	0.890114
111	136	0.87635
111	138	0.875968
111	143	0.66645
111	155	0.88718
111	160	0.84765
111	165	0.874457
111	166	0.862832
111	168	0.863736
111	170	0.874855
111	172	0.819613
111	173	0.831946
111	174	0.812913
111	175	0.825809
111	176	0.830107
111	177	0.830047
111	178	0.832579
111	179	0.828503
111	180	0.790157
112	31	2.1499
112	71	1.85811
112	95	0.885169
112	114	0.906672
112	130	0.88486
112	134	0.870862
112	138	0.86749
112	139	1.29161
112	157	0.829746
112	158	0.885118
112	159	0.857275
112	160	0.839172
112	161	0.880972
112	165	0.865979
112	168	0.855258
112	171	0.860316
112	172	0.811135
112	175	0.817331
112	176	0.821629
112	177	0.821569
112	178	0.824101
112	179	0.820025
112	180	0.781679
113	24	2.10059
113	57	1.23577
113	76	0.926679
113	116	0.687689
113	125	1.29884
113	128	0.904723
113	137	0.895693
113	138	0.875249
113	146	0.924732
113	160	0.846931
113	165	0.873738
113	166	0.862113
113	167	0.867543
113	169	0.809832
113	171	0.868075
113	174	0.812194
113	175	0.82509
113	176	0.829388
113	177	0.829328
113	178	0.83186
113	179	0.827784
113	180	0.789438
114	15	0.803314
114	47	1.72642
114	67	2.48086
114	74	1.05643
114	87	0.841996
114	90	0.930003
114	92	0.823993
114	106	0.905902
114	110	0.823354
114	112	0.906672
114	120	1.18234
114	147	0.915774
114	154	0.889555
114	158	0.8718
114	165	0.852661
114	169	0.788756
114	171	0.846999
114	173	0.81015
114	174	0.791118
114	175	0.804014
114	177	0.808252
114	178	0.810783
114	179	0.806708
114	180	0.768362
115	48	2.26032
115	90	0.895662
115	120	1.21823
115	128	0.849306
115	135	0.774807
115	136	0.820214
115	138	0.819832
115	144	1.98249
115	146	0.869315
115	150	0.783186
115	155	0.831044
115	156	0.842797
115	161	0.833314
115	166	0.806696
115	167	0.812126
115	168	0.8076
115	169	0.754415
115	175	0.769673
115	176	0.773971
115	177	0.773911
115	178	0.776443
115	179	0.772367
115	180	0.734021
116	5	0.854255
116	6	0.858898
116	7	0.459081
116	11	0.979979
116	21	0.957052
116	42	0.827465
116	83	0.886707
116	87	2.65269
116	89	0.882506
116	90	0.748628
116	102	0.917675
116	103	0.855187
116	109	0.906666
116	113	0.687689
116	118	0.893021
116	122	0.875286
116	123	0.919482
116	125	0.862141
116	126	0.90533
116	139	0.893448
116	157	0.814854
116	161	0.866079
116	171	0.845424
116	179	3.3569
117	14	1.05921
117	26	0.797079
117	59	0.825852
117	68	0.799598
117	78	0.848175
117	86	1.10918
117	93	0.833097
117	95	0.832408
117	101	0.824482
117	107	0.857502
117	108	0.85899
117	119	0.835866
117	121	0.876221
117	132	0.832588
117	140	0.840808
117	141	0.843392
117	143	0.837662
117	144	0.871228
117	145	0.859186
117	148	0.851076
117	151	0.837712
117	153	0.837713
117	170	1.94573
117	174	4.68221
118	6	0.861714
118	8	0.849063
118	11	0.982795
118	21	0.959867
118	25	0.847363
118	42	0.830281
118	83	0.889523
118	88	0.889989
118	89	0.885322
118	102	0.920491
118	109	0.909482
118	116	0.893021
118	122	0.878102
118	125	0.864957
118	126	0.908146
118	131	1.19903
118	139	0.896264
118	157	0.817669
118	159	1.75912
118	161	0.868895
118	171	0.84824
118	172	3.31138
118	175	2.52985
118	178	2.50499
119	59	0.856232
119	64	0.908428
119	69	0.834761
119	75	0.880868
119	78	0.878555
119	96	1.42958
119	101	0.854862
119	107	0.887882
119	108	0.88937
119	117	0.835866
119	120	0.87328
119	121	0.906602
119	126	0.893351
119	130	0.857989
119	132	0.862969
119	140	0.871189
119	144	0.901608
119	145	0.889566
119	148	0.881456
119	151	0.868092
119	153	0.868094
119	159	2.23406
119	162	1.94132
119	167	1.63929
119	173	3.13977
120	22	0.880053
120	26	0.834492
120	59	0.863266
120	70	0.83764
120	75	0.887902
120	95	0.869822
120	101	0.861896
120	107	0.894915
120	108	0.896404
120	114	1.18234
120	115	1.21823
120	119	0.87328
120	121	0.913635
120	132	0.870002
120	136	0.848034
120	140	0.878222
120	141	0.880806
120	143	0.875076
120	145	0.896599
120	148	0.88849
120	151	0.875125
120	153	0.875127
120	166	2.13169
120	176	2.66764
120	179	2.54144
121	14	1.05295
121	68	0.870333
121	70	0.870962
121	78	0.91891
121	90	0.664121
121	93	0.903832
121	101	0.895217
121	104	0.938735
121	107	0.928237
121	108	0.929725
121	117	0.876221
121	119	0.906602
121	120	0.913635
121	132	0.903323
121	137	1.51267
121	140	0.911543
121	141	0.914127
121	143	0.908397
121	144	0.941963
121	145	0.929921
121	148	0.921811
121	151	0.908447
121	153	0.908449
121	163	1.13285
121	164	2.96644
121	177	3.29723
122	5	0.839337
122	6	0.84398
122	8	0.831328
122	19	0.940421
122	21	0.942133
122	25	0.829628
122	42	0.812547
122	83	0.871788
122	88	0.872255
122	89	0.867587
122	102	0.902757
122	109	0.891748
122	116	0.875286
122	118	0.878102
122	123	0.904564
122	125	0.847222
122	126	0.890412
122	139	0.878529
122	156	0.943809
122	157	0.799935
122	161	0.851161
122	162	1.62278
122	169	4.511
122	170	1.59368
122	171	0.830505
122	173	2.82123
123	2	0.881102
123	8	0.875525
123	16	0.867991
123	20	0.878797
123	28	0.967733
123	29	0.86129
123	34	0.859149
123	35	0.967828
123	36	0.852058
123	40	0.931372
123	43	0.93914
123	82	0.411712
123	83	0.915984
123	86	0.890147
123	102	0.946953
123	106	1.93451
123	109	0.935944
123	116	0.919482
123	122	0.904564
123	125	0.891418
123	136	2.12029
123	149	2.50393
123	155	2.57925
123	157	0.844131
123	161	0.895357
123	163	1.41418
123	171	0.874701
124	8	3.24688
124	55	0.979651
124	67	2.02963
124	100	0.835813
124	102	1.65079
124	129	0.842527
124	134	0.833179
124	135	0.784782
124	136	0.830188
124	137	0.85025
124	143	0.39714
124	146	0.879289
124	147	0.891408
124	154	0.865188
124	159	0.819591
124	160	0.801489
124	162	0.836011
124	166	0.81667
124	167	0.822101
124	173	0.785784
124	174	0.766752
124	175	0.779647
124	176	0.783946
124	177	0.783886
124	178	0.786417
124	179	0.782342
124	180	0.743995
125	5	0.826191
125	6	0.830834
125	8	0.818183
125	11	0.951915
125	19	0.927275
125	21	0.928987
125	42	0.799401
125	83	0.858642
125	88	0.859109
125	89	0.854442
125	102	0.889611
125	103	0.827123
125	109	0.878602
125	113	1.29884
125	116	0.862141
125	118	0.864957
125	122	0.847222
125	123	0.891418
125	126	0.877266
125	128	1.57907
125	135	3.5053
125	139	0.865384
125	147	1.72652
125	157	0.786789
125	161	0.838015
125	165	2.75601
125	171	0.817359
126	5	0.869381
126	8	0.861373
126	19	0.970465
126	42	0.842591
126	68	0.857083
126	69	0.861866
126	76	0.333435
126	95	0.889893
126	99	5.84208
126	108	0.916475
126	109	0.921792
126	116	0.90533
126	118	0.908146
126	119	0.893351
126	122	0.890412
126	125	0.877266
126	140	0.898293
126	141	0.900877
126	143	0.895147
126	148	0.908561
126	151	0.895197
126	153	0.895198
126	155	0.945853
126	161	0.881205
126	164	1.61437
126	166	1.51057
126	168	1.14432
126	171	0.860549
127	39	2.93129
127	97	1.54213
127	104	0.807761
127	106	0.960376
127	108	0.676678
127	137	0.929091
127	138	0.908647
127	141	0.547703
127	144	0.528144
127	150	0.872001
127	155	0.919859
127	156	0.931612
127	157	0.870903
127	159	0.898431
127	162	0.914851
127	163	0.971665
127	164	0.891631
127	167	0.900941
127	168	0.896415
127	171	0.901473
127	172	0.852292
127	173	0.864624
127	174	0.845592
127	175	0.858488
127	176	0.862786
127	178	0.865258
127	179	0.861182
127	180	0.822836
128	15	0.793605
128	38	0.930267
128	44	0.946185
128	45	1.51103
128	51	0.852006
128	87	0.832288
128	97	1.93071
128	113	0.904723
128	115	0.849306
128	125	1.57907
128	131	0.916612
128	132	1.29222
128	142	0.813636
128	150	0.807818
128	151	1.32366
128	156	0.867429
128	158	0.862092
128	159	0.834249
128	160	0.816146
128	161	0.857946
128	163	0.907483
128	168	0.832232
128	169	0.779047
128	170	0.843351
128	173	0.800442
128	176	0.798603
128	177	0.798543
128	178	0.801075
128	179	0.796999
128	180	0.758653
129	1	0.87606
129	27	2.67656
129	53	1.98401
129	108	1.71643
129	124	0.842527
129	133	0.900743
129	137	0.848155
129	145	1.64885
129	149	0.837904
129	150	0.791065
129	152	0.843381
129	154	0.863093
129	159	0.817496
129	160	0.799393
129	161	0.841193
129	164	0.810695
129	166	0.814575
129	168	0.815479
129	169	0.762294
129	170	0.826598
129	171	0.820537
129	172	0.771356
129	173	0.783688
129	174	0.764656
129	176	0.78185
129	177	0.78179
129	178	0.784322
129	179	0.780246
129	180	0.7419
130	19	1.61366
130	52	2.17824
130	61	1.95152
130	75	0.87261
130	78	0.870297
130	84	1.68497
130	86	0.840632
130	93	0.855219
130	95	0.854531
130	109	1.5716
130	112	0.88486
130	119	0.857989
130	132	0.854711
130	133	0.905392
130	141	0.865515
130	143	0.859785
130	144	0.89335
130	148	0.873198
130	151	0.859834
130	153	0.859836
130	157	0.794617
130	163	0.895379
130	164	0.815345
130	167	0.824655
130	174	0.769306
130	176	0.7865
130	177	0.78644
130	178	0.788971
130	179	0.784896
130	180	0.74655
131	4	0.838056
131	33	1.60868
131	35	1.24042
131	93	1.46839
131	98	1.93248
131	118	1.19903
131	128	0.916612
131	135	0.842113
131	137	0.907582
131	141	1.16971
131	146	0.936621
131	150	0.850492
131	156	0.910103
131	159	0.876923
131	160	0.85882
131	162	0.893342
131	163	0.950156
131	164	0.870122
131	165	0.885627
131	166	0.874002
131	167	0.879432
131	168	0.874906
131	169	0.821721
131	170	0.886025
131	174	0.824083
131	175	0.836979
131	176	0.841277
131	177	0.841217
131	178	0.843749
131	179	0.839673
131	180	0.801327
132	12	0.921708
132	26	0.824181
132	48	0.864573
132	59	0.852954
132	70	0.827329
132	78	0.875277
132	93	0.860199
132	101	0.851584
132	104	0.895102
132	107	0.884604
132	108	0.886092
132	117	0.832588
132	119	0.862969
132	120	0.870002
132	121	0.903323
132	128	1.29222
132	130	0.854711
132	136	0.837722
132	137	1.92148
132	140	0.867911
132	141	0.870495
132	143	0.864764
132	144	0.89833
132	145	0.886288
132	147	1.43967
132	148	0.878178
132	151	0.864814
132	153	0.864816
132	154	1.91892
132	168	2.9052
132	178	3.41599
133	20	2.39146
133	21	0.851707
133	41	1.43321
133	65	0.933447
133	67	1.58288
133	92	0.857842
133	129	0.900743
133	130	0.905392
133	134	0.891394
133	135	0.842997
133	136	0.888404
133	138	0.888022
133	151	1.45554
133	152	0.903692
133	159	0.877807
133	162	0.894226
133	163	0.951041
133	165	0.886511
133	166	0.874886
133	167	0.880316
133	168	0.87579
133	169	0.822605
133	171	0.880848
133	173	0.844
133	174	0.824967
133	175	0.837863
133	176	0.842161
133	177	0.842101
133	178	0.844633
133	179	0.840557
133	180	0.802211
134	15	0.767504
134	49	0.778566
134	53	2.57477
134	88	1.22542
134	94	0.832509
134	112	0.870862
134	124	0.833179
134	133	0.891394
134	135	0.773338
134	139	2.17083
134	145	2.23961
134	150	0.781717
134	152	0.834032
134	156	0.841328
134	158	0.83599
134	159	0.808147
134	163	0.881381
134	164	0.801347
134	166	0.805227
134	167	0.810657
134	168	0.806131
134	169	0.752946
134	171	0.811189
134	172	0.762008
134	173	0.77434
134	174	0.755308
134	175	0.768204
134	176	0.772502
134	177	0.772442
134	178	0.774974
134	179	0.770898
134	180	0.732552
135	51	0.777507
135	54	3.09089
135	60	0.731581
135	63	0.829493
135	77	0.769625
135	79	0.765416
135	90	0.845796
135	96	0.85069
135	100	0.775972
135	106	0.821695
135	110	0.739147
135	115	0.774807
135	124	0.784782
135	125	3.5053
135	131	0.842113
135	133	0.842997
135	134	0.773338
135	137	0.790409
135	146	0.819449
135	148	2.31403
135	150	0.73332
135	155	0.781178
135	163	0.832984
135	164	0.75295
135	166	0.756829
135	174	0.706911
135	175	0.719807
135	176	0.724105
135	177	0.724045
135	178	0.726576
135	179	0.722501
135	180	0.684155
136	12	0.89974
136	17	0.78567
136	25	3.33817
136	78	0.853309
136	79	0.810823
136	91	1.0562
136	95	0.837543
136	111	0.87635
136	115	0.820214
136	120	0.848034
136	123	2.12029
136	124	0.830188
136	132	0.837722
136	133	0.888404
136	139	1.88446
136	140	0.845943
136	141	0.848527
136	143	0.842796
136	144	0.876362
136	145	0.86432
136	148	0.85621
136	150	0.778727
136	151	0.842846
136	153	0.842848
136	154	0.850754
136	166	0.802236
136	167	0.807667
136	169	0.749956
136	174	0.752318
136	176	0.769512
136	177	0.769452
136	179	0.767908
136	180	0.729562
137	53	1.9621
137	103	0.838024
137	105	1.50961
137	113	0.895693
137	121	1.51267
137	124	0.85025
137	127	0.929091
137	129	0.848155
137	131	0.907582
137	132	1.92148
137	135	0.790409
137	142	0.804606
137	146	0.884917
137	153	2.03758
137	154	0.870816
137	158	0.853062
137	159	0.825219
137	160	0.807116
137	161	0.848916
137	162	0.841638
137	163	0.898453
137	164	0.818418
137	166	0.822298
137	168	0.823202
137	169	0.770017
137	172	0.779079
137	175	0.785275
137	176	0.789573
137	177	0.789513
137	178	0.792045
137	179	0.787969
137	180	0.749623
138	52	2.15421
138	72	2.40604
138	94	0.829136
138	104	1.79708
138	111	0.875968
138	112	0.86749
138	113	0.875249
138	115	0.819832
138	127	0.908647
138	133	0.888022
138	140	0.799686
138	145	1.59843
138	146	0.864473
138	147	0.876592
