1	21	1.08232
1	32	1.04796
1	37	1.04256
1	43	1.1076
1	57	1.08869
1	68	1.05915
1	98	1.0503
1	103	1.03856
1	134	1.38327
1	142	1.08561
1	160	1.1418
1	174	1.70969
2	12	0.906132
2	21	0.980076
2	24	0.960023
2	37	0.940317
2	57	0.986444
2	60	0.987384
2	68	0.956904
2	73	0.976943
2	103	0.936314
2	142	0.983363
2	169	1.54371
2	170	2.27934
3	28	0.984235
3	63	0.924579
3	75	0.962599
3	81	1.01175
3	83	1.0139
3	84	0.952244
3	101	0.990467
3	131	0.96898
3	135	0.898328
3	143	0.903428
3	145	1.61185
3	156	2.08144
4	23	1.08548
4	51	1.10819
4	56	1.01526
4	69	1.05706
4	71	1.05681
4	76	1.05839
4	107	2.67632
4	125	1.07931
4	127	1.03978
4	144	0.970057
4	145	0.724119
4	162	1.12361
5	25	1.07113
5	27	1.07826
5	36	1.06296
5	44	1.12628
5	46	1.04149
5	53	1.02867
5	64	1.08487
5	120	0.627074
5	131	1.07906
5	136	1.05588
5	147	2.12288
5	155	1.56619
6	35	0.968208
6	54	0.936991
6	61	1.02047
6	76	0.971317
6	79	1.01685
6	80	0.955756
6	85	1.00289
6	112	0.968058
6	164	2.30629
6	166	0.888245
6	169	0.880549
6	178	1.3881
7	12	1.92932
7	47	0.871231
7	116	0.909605
7	139	0.880519
7	157	0.888835
7	163	0.855179
7	164	0.860394
7	168	0.886052
7	170	0.834413
7	172	0.920111
7	179	0.849854
7	180	0.833439
8	74	0.800523
8	90	0.824291
8	146	0.786749
8	147	0.781021
8	154	0.859181
8	161	0.807005
8	163	0.76917
8	165	0.84151
8	168	0.800044
8	171	0.780155
8	175	0.787531
8	180	0.74743
9	11	0.934108
9	17	1.0102
9	34	0.982068
9	48	0.945507
9	63	0.9293
9	75	0.96732
9	83	1.01862
9	84	0.956965
9	131	0.9737
9	143	0.908149
9	152	1.72035
9	178	1.92531
10	55	0.605283
10	105	0.956071
10	116	0.986147
10	142	0.507452
10	145	1.07142
10	148	0.916289
10	155	0.989448
10	172	0.996653
10	176	0.909925
10	177	0.892383
10	178	0.972913
10	180	0.909981
11	9	0.934108
11	16	0.974817
11	28	0.973478
11	63	0.913823
11	75	0.951843
11	81	1.00099
11	83	1.00314
11	84	0.941488
11	90	1.50808
11	98	0.945155
11	135	0.887571
11	143	0.892672
11	167	2.34427
12	2	0.906132
12	7	1.92932
12	19	0.959301
12	21	0.961768
12	22	0.96508
12	24	0.941715
12	37	0.922009
12	43	0.98705
12	57	0.968135
12	68	0.938596
12	103	0.918006
12	142	0.965055
12	165	1.25162
13	29	1.04381
13	44	1.09253
13	45	1.09174
13	46	1.00774
13	53	0.994912
13	64	1.05112
13	92	1.04627
13	103	1.02049
13	131	1.0453
13	136	1.02212
13	151	1.30989
13	168	1.71721
13	174	1.45786
14	25	1.0416
14	27	1.04874
14	29	1.04804
14	45	1.09597
14	46	1.01197
14	53	0.999138
14	64	1.05534
14	72	1.37146
14	89	1.05737
14	131	1.04953
14	136	1.02635
14	140	0.975987
14	175	2.06483
15	99	0.901308
15	104	0.938104
15	113	0.925129
15	121	0.901286
15	122	0.944166
15	123	0.941338
15	132	0.961576
15	133	0.91596
15	137	0.911155
15	138	0.912848
15	140	1.39687
15	142	0.940865
15	146	2.58086
15	162	0.98186
16	11	0.974817
16	34	1.02278
16	40	1.0875
16	48	0.986216
16	63	0.970009
16	75	1.00803
16	81	1.05718
16	83	1.05933
16	84	0.997674
16	86	1.14932
16	101	1.0359
16	108	1.30941
16	131	1.01441
16	141	1.93349
17	9	1.0102
17	48	1.00612
17	63	0.989914
17	75	1.02793
17	81	1.07708
17	83	1.07923
17	84	1.01758
17	98	1.02125
17	112	1.04532
17	131	1.03431
17	135	0.963662
17	143	0.968763
17	160	1.24645
17	171	2.26138
18	57	0.578392
18	81	0.169359
18	100	0.310119
18	153	1.02285
18	156	1.06535
18	161	1.03753
18	165	1.07204
18	169	0.988514
18	170	0.978933
18	174	1.02576
18	177	0.960362
18	178	1.04089
18	179	0.994373
18	180	0.977959
19	12	0.959301
19	21	1.03325
19	24	1.01319
19	37	0.993486
19	43	1.05853
19	57	1.03961
19	60	1.04055
19	68	1.01007
19	73	1.03011
19	95	0.860061
19	103	0.989484
19	142	1.03653
19	154	1.44699
19	168	2.2912
20	23	0.953908
20	26	0.93422
20	33	0.932097
20	51	0.976623
20	56	0.883692
20	66	0.94426
20	69	0.925494
20	71	0.925247
20	87	1.01178
20	92	0.929778
20	125	0.947742
20	127	0.908209
20	162	0.992045
20	170	3.51843
21	1	1.08232
21	2	0.980076
21	12	0.961768
21	19	1.03325
21	24	1.01566
21	32	1.00135
21	60	1.04302
21	68	1.01254
21	73	1.03258
21	98	1.0037
21	129	1.0941
21	142	1.039
21	158	1.60389
21	178	1.86183
22	12	0.96508
22	24	1.01897
22	32	1.00466
22	37	0.999265
22	43	1.06431
22	57	1.04539
22	60	1.04633
22	68	1.01585
22	96	1.87663
22	98	1.00701
22	103	0.995263
22	142	1.04231
22	151	1.56493
22	165	1.20239
23	4	1.08548
23	20	0.953908
23	26	1.02831
23	56	0.977786
23	66	1.03835
23	69	1.01959
23	71	1.01934
23	90	1.55425
23	92	1.02387
23	102	0.992341
23	114	1.28141
23	127	1.0023
23	143	1.8036
23	162	1.08614
24	2	0.960023
24	12	0.941715
24	19	1.01319
24	21	1.01566
24	22	1.01897
24	32	0.981296
24	37	0.9759
24	43	1.04094
24	57	1.02203
24	60	1.02297
24	68	0.992487
24	142	1.01895
24	150	1.40865
24	156	1.26316
24	171	2.10956
25	5	1.07113
25	14	1.0416
25	27	0.98909
25	29	0.988396
25	36	0.97379
25	44	1.03711
25	45	1.03632
25	46	0.952321
25	64	0.995697
25	92	0.990848
25	103	0.965072
25	118	1.38678
25	131	0.989885
25	151	1.81541
25	159	1.62041
26	20	0.93422
26	23	1.02831
26	33	1.0065
26	51	1.05103
26	56	0.958098
26	66	1.01867
26	69	0.9999
26	71	0.999653
26	102	0.972653
26	105	1.91783
26	117	1.45576
26	125	1.02215
26	127	0.982615
26	149	1.37382
26	162	1.06645
27	5	1.07826
27	14	1.04874
27	25	0.98909
27	29	0.995531
27	44	1.04425
27	46	0.959456
27	53	0.946628
27	64	1.00283
27	89	1.00486
27	92	0.997983
27	103	0.972207
27	126	1.06692
27	136	0.973841
27	150	1.78976
27	161	1.85201
28	3	0.984235
28	11	0.973478
28	40	1.08616
28	48	0.984877
28	63	0.96867
28	73	1.02177
28	75	1.00669
28	81	1.05584
28	83	1.05799
28	84	0.996335
28	98	1
28	135	0.942418
28	143	0.947519
28	164	1.72165
28	176	2.63948
29	13	1.04381
29	14	1.04804
29	25	0.988396
29	27	0.995531
29	36	0.980231
29	44	1.04355
29	45	1.04276
29	46	0.958762
29	53	0.945933
29	64	1.00214
29	89	1.00417
29	118	1.35545
29	136	0.973146
29	143	1.88506
29	159	1.58908
30	35	1.00816
30	41	1.0061
30	49	0.98795
30	50	0.988057
30	52	1.07654
30	54	0.97694
30	55	1.05756
30	79	1.0568
30	80	0.995706
30	85	1.04284
30	90	1.73766
30	97	1.61972
30	130	1.39144
30	166	0.928195
30	169	0.920498
31	56	0.118103
31	57	0.808333
31	62	0.257384
31	87	1.0608
31	90	1.0177
31	108	1.02832
31	117	1.04244
31	152	1.02139
31	156	1.02823
31	173	0.969076
31	174	0.988635
31	176	0.940782
31	178	1.00377
31	179	0.957252
31	180	0.940837
32	1	1.04796
32	21	1.00135
32	22	1.00466
32	24	0.981296
32	43	1.02663
32	57	1.00772
32	60	1.00866
32	68	0.978177
32	72	1.4775
32	73	0.998215
32	98	0.969332
32	103	0.957587
32	112	1.12426
32	142	1.00464
32	153	2.17748
33	20	0.932097
33	26	1.0065
33	51	1.04891
33	56	0.955976
33	66	1.01654
33	69	0.997777
33	71	0.99753
33	76	0.999105
33	92	1.00206
33	125	1.02003
33	127	0.980492
33	141	1.72471
33	155	1.77067
33	156	1.34371
33	162	1.06433
34	9	0.982068
34	16	1.02278
34	40	1.07927
34	48	0.97799
34	75	0.999803
34	81	1.04895
34	84	0.989448
34	98	0.993115
34	101	1.02767
34	112	1.33154
34	131	1.00618
34	135	0.935531
34	140	1.2893
34	141	2.0822
34	143	0.940632
35	6	0.968208
35	30	1.00816
35	38	0.985602
35	49	0.967403
35	50	0.96751
35	55	1.03702
35	61	1.03987
35	79	1.03625
35	80	0.975158
35	85	1.02229
35	101	1.0142
35	108	1.39711
35	150	1.78568
35	159	1.69658
35	166	0.907648
35	169	0.899951
36	5	1.06296
36	25	0.97379
36	29	0.980231
36	44	1.02895
36	45	1.02815
36	46	0.944156
36	53	0.931328
36	64	0.987532
36	89	0.989564
36	92	0.982683
36	103	0.956907
36	118	1.10826
36	131	0.98172
36	136	0.958541
36	147	2.26915
36	174	1.68486
37	1	1.04256
37	2	0.940317
37	12	0.922009
37	19	0.993486
37	22	0.999265
37	24	0.9759
37	39	1.16096
37	43	1.02123
37	57	1.00232
37	60	1.00326
37	68	0.972781
37	98	0.963936
37	103	0.952191
37	142	0.99924
37	163	1.88835
37	179	2.04959
38	35	0.985602
38	41	0.983546
38	49	0.965394
38	52	1.05398
38	54	0.954385
38	55	1.03501
38	61	1.03786
38	76	0.988712
38	79	1.03424
38	80	0.97315
38	85	1.02028
38	124	1.58433
38	152	1.73085
38	166	0.905639
38	169	0.897943
38	172	1.62234
39	37	1.16096
39	107	0.884917
39	124	0.9719
39	153	0.915123
39	154	0.981979
39	157	0.925624
39	162	1.44724
39	168	0.922842
39	171	0.902953
39	172	0.956901
39	175	0.910329
39	176	0.870172
39	177	0.852631
39	178	0.933161
39	179	0.886643
39	180	0.870228
40	16	1.0875
40	28	1.08616
40	34	1.07927
40	63	1.02651
40	75	1.06453
40	81	1.11368
40	83	1.11583
40	84	1.05417
40	101	1.09239
40	131	1.07091
40	135	1.00025
40	143	1.00536
40	146	1.57664
40	158	0.801592
40	171	1.65096
40	173	1.55904
41	30	1.0061
41	38	0.983546
41	49	0.965346
41	50	0.965454
41	52	1.05393
41	54	0.954337
41	55	1.03496
41	61	1.03781
41	79	1.03419
41	80	0.973102
41	85	1.02024
41	95	0.909813
41	135	2.17013
41	150	1.82772
41	166	0.905591
41	169	0.897895
42	62	0.983408
42	77	0.956803
42	88	0.927397
42	91	0.975619
42	100	1.00163
42	102	0.936337
42	104	0.986379
42	109	0.974157
42	113	0.973405
42	118	1.48745
42	127	0.946299
42	128	2.14861
42	132	1.00985
42	136	1.45075
42	137	0.95943
42	138	0.961124
42	162	1.03014
43	1	1.1076
43	12	0.98705
43	19	1.05853
43	22	1.06431
43	24	1.04094
43	32	1.02663
43	37	1.02123
43	57	1.06736
43	60	1.0683
43	68	1.03782
43	98	1.02898
43	103	1.01723
43	140	1.0605
43	142	1.06428
43	158	1.46943
43	165	1.36125
43	174	1.87176
44	5	1.12628
44	13	1.09253
44	25	1.03711
44	27	1.04425
44	29	1.04355
44	36	1.02895
44	45	1.09148
44	46	1.00748
44	53	0.994649
44	58	1.71836
44	64	1.05085
44	103	1.02023
44	118	1.06206
44	131	1.04504
44	135	1.72719
44	136	1.02186
44	159	1.29568
45	13	1.09174
45	14	1.09597
45	25	1.03632
45	29	1.04276
45	36	1.02815
45	44	1.09148
45	46	1.00669
45	53	0.993857
45	64	1.05006
45	89	1.05209
45	92	1.04521
45	131	1.04425
45	134	0.64822
45	136	1.02107
45	145	0.745474
45	169	2.1438
45	180	2.47336
46	5	1.04149
46	13	1.00774
46	14	1.01197
46	25	0.952321
46	27	0.959456
46	29	0.958762
46	36	0.944156
46	44	1.00748
46	45	1.00669
46	47	1.26624
46	53	0.909859
46	64	0.966063
46	103	0.935438
46	131	0.960251
46	136	0.937072
46	147	2.1301
46	175	1.8234
47	7	0.871231
47	46	1.26624
47	60	1.57862
47	94	0.92422
47	122	0.957827
47	133	0.929621
47	137	0.924816
47	138	0.926509
47	140	0.927587
47	151	0.901147
47	162	0.995521
47	165	0.923054
47	167	0.843436
47	174	0.876771
47	178	0.891907
47	179	0.845388
47	180	0.828974
48	9	0.945507
48	16	0.986216
48	17	1.00612
48	28	0.984877
48	34	0.97799
48	63	0.925222
48	75	0.963242
48	81	1.01239
48	83	1.01454
48	84	0.952887
48	98	0.956554
48	101	0.991109
48	131	0.969622
48	143	0.904071
48	167	1.92128
48	173	1.73655
48	175	1.659
49	30	0.98795
49	35	0.967403
49	38	0.965394
49	41	0.965346
49	50	0.947302
49	52	1.03578
49	55	1.01681
49	61	1.01966
49	79	1.01604
49	80	0.95495
49	85	1.00208
49	112	0.967253
49	149	0.975143
49	157	1.56333
49	166	0.88744
49	169	0.879743
49	179	2.71311
50	30	0.988057
50	35	0.96751
50	41	0.965454
50	49	0.947302
50	52	1.03589
50	54	0.936293
50	55	1.01692
50	58	1.88164
50	61	1.01977
50	79	1.01615
50	80	0.955058
50	85	1.00219
50	101	0.9941
50	143	1.75495
50	166	0.887547
50	169	0.879851
50	178	1.65756
51	4	1.10819
51	20	0.976623
51	26	1.05103
51	33	1.04891
51	56	1.0005
51	66	1.06107
51	69	1.0423
51	71	1.04206
51	89	1.05347
51	92	1.04659
51	93	1.82799
51	102	1.01506
51	125	1.06455
51	145	0.962017
51	162	1.10885
51	172	0.772418
51	179	2.29251
52	30	1.07654
52	38	1.05398
52	41	1.05393
52	49	1.03578
52	50	1.03589
52	54	1.02477
52	79	1.10463
52	80	1.04354
52	82	0.672782
52	85	1.09067
52	101	1.08258
52	112	1.05584
52	145	0.699112
52	161	1.37645
52	166	0.976026
52	169	0.968329
52	180	3.06678
53	5	1.02867
53	13	0.994912
53	14	0.999138
53	27	0.946628
53	29	0.945933
53	36	0.931328
53	44	0.994649
53	45	0.993857
53	46	0.909859
53	64	0.953235
53	89	0.955266
53	92	0.948386
53	103	0.92261
53	131	0.947423
53	136	0.924243
53	140	1.48888
53	149	1.62442
53	174	2.30014
54	6	0.936991
54	30	0.97694
54	38	0.954385
54	41	0.954337
54	50	0.936293
54	52	1.02477
54	55	1.0058
54	61	1.00865
54	76	0.959503
54	79	1.00503
54	80	0.943941
54	85	0.991075
54	112	0.956243
54	115	1.63597
54	134	1.83305
54	161	1.96786
54	166	0.87643
54	169	0.868734
55	10	0.605283
55	30	1.05756
55	35	1.03702
55	38	1.03501
55	41	1.03496
55	49	1.01681
55	50	1.01692
55	54	1.0058
55	79	1.08565
55	80	1.02456
55	85	1.0717
55	101	1.06361
55	112	1.03687
55	119	0.703881
55	166	0.957054
55	169	0.949358
55	172	0.968987
55	176	3.11849
56	4	1.01526
56	20	0.883692
56	23	0.977786
56	26	0.958098
56	31	0.118103
56	33	0.955976
56	51	1.0005
56	66	0.968138
56	69	0.949372
56	71	0.949125
56	76	0.9507
56	92	0.953656
56	102	0.922125
56	125	0.97162
56	127	0.932087
56	162	1.01592
56	163	2.38302
56	166	2.36519
57	1	1.08869
57	2	0.986444
57	12	0.968135
57	18	0.578392
57	19	1.03961
57	22	1.04539
57	24	1.02203
57	31	0.808333
57	32	1.00772
57	37	1.00232
57	43	1.06736
57	60	1.04939
57	68	1.01891
57	73	1.03895
57	98	1.01006
57	136	1.55895
57	142	1.04537
57	159	1.82928
58	44	1.71836
58	50	1.88164
58	97	0.889723
58	109	0.936814
58	132	0.972509
58	133	0.926893
58	137	0.922087
58	138	0.923781
58	141	0.864676
58	152	0.906801
58	156	0.91364
58	162	0.992792
58	165	0.920325
58	167	0.840708
58	170	0.82722
58	171	0.85897
58	179	0.84266
58	180	0.826245
59	102	1.06423
59	118	1.01697
59	133	0.70321
59	139	0.9588
59	140	1.01033
59	155	0.991188
59	158	0.983817
59	161	0.971295
59	162	0.166372
59	164	0.938675
59	168	0.964334
59	171	0.944445
59	172	0.998393
59	175	0.951821
59	176	0.911665
59	177	0.894123
59	179	0.928135
59	180	0.91172
60	2	0.987384
60	19	1.04055
60	21	1.04302
60	22	1.04633
60	24	1.02297
60	32	1.00866
60	37	1.00326
60	43	1.0683
60	47	1.57862
60	57	1.04939
60	68	1.01985
60	73	1.03989
60	98	1.011
60	103	0.999258
60	126	0.881494
60	142	1.04631
60	156	1.45883
60	158	1.45587
61	6	1.02047
61	35	1.03987
61	38	1.03786
61	41	1.03781
61	49	1.01966
61	50	1.01977
61	54	1.00865
61	79	1.08851
61	80	1.02742
61	85	1.07455
61	101	1.06646
61	112	1.03972
61	116	1.5969
61	135	1.87044
61	160	1.21402
61	166	0.959907
61	169	0.952211
61	172	1.32406
62	31	0.257384
62	42	0.983408
62	70	1.02294
62	77	1.00422
62	91	1.02303
62	99	0.996997
62	104	1.03379
62	113	1.02082
62	121	0.996975
62	132	1.05727
62	133	1.01165
62	137	1.00684
62	138	1.00854
62	142	1.03655
62	148	2.99795
62	149	0.945574
62	161	1.42968
62	162	1.07755
62	167	0.925464
63	3	0.924579
63	9	0.9293
63	11	0.913823
63	16	0.970009
63	17	0.989914
63	28	0.96867
63	40	1.02651
63	48	0.925222
63	75	0.947035
63	81	0.996184
63	83	0.998334
63	84	0.93668
63	98	0.940346
63	131	0.953415
63	135	0.882763
63	143	0.887864
63	151	1.65835
63	152	1.45699
63	164	2.58014
64	5	1.08487
64	13	1.05112
64	14	1.05534
64	25	0.995697
64	27	1.00283
64	29	1.00214
64	36	0.987532
64	44	1.05085
64	45	1.05006
64	46	0.966063
64	53	0.953235
64	74	2.05723
64	89	1.01147
64	92	1.00459
64	131	1.00363
64	136	0.980448
64	165	1.25189
64	172	1.30456
64	178	1.61802
65	70	0.955089
65	91	0.955184
65	94	0.938399
65	96	0.893247
65	100	0.981194
65	109	0.953721
65	121	0.929126
65	122	0.972006
65	123	0.969179
65	132	0.989417
65	133	0.9438
65	137	0.938995
65	138	0.940689
65	142	0.968705
65	154	1.74943
65	158	1.93195
65	162	1.0097
65	167	0.857616
65	172	1.87643
66	20	0.94426
66	23	1.03835
66	26	1.01867
66	33	1.01654
66	51	1.06107
66	56	0.968138
66	69	1.00994
66	71	1.00969
66	76	1.01127
66	89	1.0211
66	92	1.01422
66	102	0.982693
66	117	0.658006
66	125	1.03219
66	127	0.992655
66	148	2.62844
66	156	0.852423
66	162	1.07649
66	166	2.13496
67	78	0.987522
67	91	1.01032
67	94	0.993539
67	99	0.984289
67	100	1.03633
67	104	1.02108
67	109	1.00886
67	121	0.984266
67	122	1.02715
67	123	1.02432
67	127	0.981004
67	132	1.04456
67	133	0.99894
67	134	1.5279
67	137	0.994135
67	138	0.995829
67	153	2.13852
67	165	1.34381
67	167	0.912756
67	172	1.39648
68	1	1.05915
68	2	0.956904
68	12	0.938596
68	19	1.01007
68	21	1.01254
68	22	1.01585
68	24	0.992487
68	32	0.978177
68	37	0.972781
68	43	1.03782
68	57	1.01891
68	60	1.01985
68	73	1.00941
68	82	1.30444
68	98	0.980523
68	103	0.968778
68	117	1.60594
68	140	1.38846
68	142	1.01583
68	161	2.00811
69	4	1.05706
69	20	0.925494
69	23	1.01959
69	26	0.9999
69	33	0.997777
69	51	1.0423
69	56	0.949372
69	66	1.00994
69	71	0.990927
69	72	1.35104
69	76	0.992501
69	89	1.00234
69	92	0.995457
69	102	0.963927
69	125	1.01342
69	127	0.973888
69	160	1.19893
69	162	1.05772
69	173	2.12194
69	174	1.76682
70	62	1.02294
70	65	0.955089
70	88	0.966926
70	91	1.01515
70	96	0.953211
70	99	0.989113
70	100	1.04116
70	104	1.02591
70	109	1.01369
70	117	0.699795
70	121	0.989091
70	132	1.04938
70	133	1.00376
70	137	0.998959
70	138	1.00065
70	147	1.87787
70	162	1.06966
70	167	0.91758
70	168	1.55293
70	169	2.46273
71	4	1.05681
71	20	0.925247
71	23	1.01934
71	26	0.999653
71	33	0.99753
71	51	1.04206
71	56	0.949125
71	66	1.00969
71	69	0.990927
71	76	0.992255
71	89	1.00209
71	92	0.995211
71	102	0.96368
71	125	1.01317
71	127	0.973642
71	145	0.803235
71	160	0.960479
71	162	1.05748
71	167	1.33795
71	177	3.56654
72	14	1.37146
72	32	1.4775
72	69	1.35104
72	78	0.948762
72	104	0.982324
72	105	0.905623
72	109	0.970101
72	121	0.945506
72	123	0.985558
72	132	1.0058
72	137	0.955375
72	138	0.957068
72	146	0.898852
72	149	0.977144
72	160	0.970315
72	163	0.881273
72	164	0.886488
72	171	0.892258
72	173	0.887772
72	179	0.875948
72	180	0.859533
73	2	0.976943
73	19	1.03011
73	21	1.03258
73	28	1.02177
73	32	0.998215
73	57	1.03895
73	60	1.03989
73	68	1.00941
73	94	0.444099
73	133	0.767625
73	142	1.03587
73	149	1.02792
73	155	0.989781
73	162	0.230787
73	170	0.911288
73	172	0.996986
73	174	0.958111
73	175	0.950415
73	177	0.892716
73	178	0.973246
73	180	0.910313
74	8	0.800523
74	64	2.05723
74	85	1.50256
74	95	0.983591
74	106	0.797212
74	134	0.926789
74	149	0.961885
74	153	0.889169
74	154	0.956026
74	159	0.918803
74	164	0.871229
74	170	0.845249
74	171	0.877
74	172	0.930947
74	173	0.872514
74	174	0.892072
74	175	0.884376
74	176	0.844219
74	177	0.826678
74	179	0.860689
74	180	0.844275
75	3	0.962599
75	9	0.96732
75	11	0.951843
75	16	1.00803
75	17	1.02793
75	28	1.00669
75	34	0.999803
75	40	1.06453
75	48	0.963242
75	63	0.947035
75	81	1.0342
75	83	1.03635
75	84	0.9747
75	101	1.01292
75	131	0.991435
75	135	0.920783
75	143	0.925883
75	145	0.937577
75	156	0.836922
75	177	4.00474
75	178	1.09191
76	4	1.05839
76	6	0.971317
76	33	0.999105
76	38	0.988712
76	54	0.959503
76	56	0.9507
76	66	1.01127
76	69	0.992501
76	71	0.992255
76	80	0.978268
76	85	1.0254
76	96	1.84345
76	101	1.01731
76	112	0.99057
76	127	0.975216
76	130	1.03717
76	143	1.63273
76	162	1.05905
76	166	0.910757
76	167	2.21958
76	169	0.903061
77	42	0.956803
77	62	1.00422
77	78	0.973625
77	91	0.996427
77	94	0.979642
77	102	0.957145
77	104	1.00719
77	111	2.76335
77	113	0.994213
77	121	0.970369
77	123	1.01042
77	132	1.03066
77	133	0.985043
77	137	0.980238
77	138	0.981932
77	142	1.00995
77	159	0.961195
77	162	1.05094
77	167	0.898859
77	173	1.65929
77	174	1.30416
78	67	0.987522
78	72	0.948762
78	77	0.973625
78	91	0.992442
78	94	0.975656
78	100	1.01845
78	113	0.990227
78	121	0.966384
78	122	1.00926
78	123	1.00644
78	125	1.00265
78	132	1.02667
78	133	0.981058
78	137	0.976252
78	138	0.977946
78	141	1.8596
78	149	1.20225
78	162	1.04696
78	165	1.36746
78	167	0.894873
78	175	2.15555
79	6	1.01685
79	30	1.0568
79	35	1.03625
79	38	1.03424
79	41	1.03419
79	49	1.01604
79	50	1.01615
79	52	1.10463
79	54	1.00503
79	55	1.08565
79	61	1.08851
79	80	1.0238
79	85	1.07093
79	101	1.06284
79	105	1.84241
79	112	1.0361
79	116	1.78912
79	119	1.25118
79	145	1.10517
79	160	1.40624
79	166	0.956286
79	169	0.948589
80	6	0.955756
80	30	0.995706
80	35	0.975158
80	38	0.97315
80	41	0.973102
80	49	0.95495
80	50	0.955058
80	52	1.04354
80	54	0.943941
80	55	1.02456
80	61	1.02742
80	76	0.978268
80	79	1.0238
80	85	1.00984
80	86	1.33338
80	101	1.00175
80	110	5.8
80	112	0.975009
80	124	1.4925
80	154	1.53026
80	166	0.895195
80	169	0.887499
81	3	1.01175
81	11	1.00099
81	16	1.05718
81	17	1.07708
81	18	0.169359
81	28	1.05584
81	34	1.04895
81	40	1.11368
81	48	1.01239
81	63	0.996184
81	75	1.0342
81	83	1.0855
81	84	1.02385
81	98	1.02752
81	101	1.06207
81	131	1.04058
81	135	0.969933
81	143	0.975033
81	149	1.08749
81	167	2.30307
81	172	1.30537
81	175	2.0408
82	52	0.672782
82	68	1.30444
82	133	0.915182
82	141	0.970668
82	152	1.01279
82	153	0.977131
82	154	1.04399
82	157	0.987633
82	158	1.00433
82	162	0.378344
82	163	0.953977
82	165	1.02632
82	170	0.933211
82	171	0.964962
82	172	1.01891
82	173	0.960476
82	175	0.972338
82	176	0.932181
82	177	0.91464
82	178	0.99517
82	179	0.948652
82	180	0.932237
83	3	1.0139
83	9	1.01862
83	11	1.00314
83	16	1.05933
83	17	1.07923
83	28	1.05799
83	40	1.11583
83	48	1.01454
83	63	0.998334
83	75	1.03635
83	81	1.0855
83	84	1.026
83	96	1.47991
83	98	1.02967
83	101	1.06422
83	114	0.747011
83	131	1.04273
83	135	0.972083
83	143	0.977183
83	151	1.16822
83	174	1.31618
83	180	2.8149
84	3	0.952244
84	9	0.956965
84	11	0.941488
84	16	0.997674
84	17	1.01758
84	28	0.996335
84	34	0.989448
84	40	1.05417
84	48	0.952887
84	63	0.93668
84	75	0.9747
84	81	1.02385
84	83	1.026
84	98	0.968011
84	101	1.00257
84	120	1.48494
84	126	1.41975
84	131	0.98108
84	135	0.910428
84	136	1.78316
84	143	0.915528
84	144	2.07299
85	6	1.00289
85	30	1.04284
85	35	1.02229
85	38	1.02028
85	41	1.02024
85	49	1.00208
85	50	1.00219
85	52	1.09067
85	54	0.991075
85	55	1.0717
85	61	1.07455
85	74	1.50256
85	76	1.0254
85	79	1.07093
85	80	1.00984
85	101	1.04888
85	112	1.02214
85	114	0.638559
85	155	1.23533
85	166	0.942329
85	169	0.934633
85	175	1.48531
85	179	2.26997
86	16	1.14932
86	80	1.33338
86	87	1.01975
86	105	0.94588
86	122	0.0845091
86	126	1.02399
86	138	0.985996
86	141	0.938221
86	145	1.06123
86	148	0.906098
86	151	0.971963
86	152	0.980345
86	156	0.987184
86	160	1.01057
86	161	0.959365
86	165	0.99387
86	167	0.914252
86	173	0.928029
86	174	0.947587
86	175	0.939891
86	177	0.882193
86	178	0.962723
86	179	0.916204
86	180	0.89979
87	20	1.01178
87	31	1.0608
87	86	1.01975
87	99	0.68534
87	103	0.66691
87	127	0.488625
87	141	0.949573
87	145	1.07258
87	148	0.917451
87	154	1.02289
87	163	0.932882
87	165	1.00522
87	168	0.963756
87	171	0.943868
87	172	0.997815
87	173	0.939381
87	174	0.95894
87	175	0.951244
87	176	0.911087
87	177	0.893545
87	178	0.974075
87	179	0.927557
87	180	0.911143
88	42	0.927397
88	70	0.966926
88	91	0.967022
88	94	0.950236
88	99	0.940986
88	100	0.993032
88	104	0.977782
88	109	0.965559
88	113	0.964807
88	121	0.940964
88	122	0.983844
88	123	0.981016
88	125	0.977235
88	127	0.937701
88	129	0.884982
88	132	1.00125
88	133	0.955638
88	137	0.950833
88	138	0.952526
88	139	2.25014
88	142	0.980543
88	154	1.21224
88	167	0.869453
88	169	2.96625
89	14	1.05737
89	27	1.00486
89	29	1.00417
89	36	0.989564
89	45	1.05209
89	51	1.05347
89	53	0.955266
89	64	1.01147
89	66	1.0211
89	69	1.00234
89	71	1.00209
89	92	1.00662
89	102	0.975091
89	103	0.980845
89	116	1.58028
89	125	1.02459
89	127	0.985052
89	131	1.00566
89	136	0.982479
89	149	1.08957
89	155	1.79288
89	156	1.36592
89	162	1.06889
89	173	2.12041
90	8	0.824291
90	11	1.50808
90	23	1.55425
90	30	1.73766
90	31	1.0177
90	134	0.950556
90	148	0.87435
90	152	0.948597
90	153	0.912937
90	157	0.923438
90	160	0.978824
90	161	0.927617
90	164	0.894997
90	168	0.920656
90	170	0.869017
90	171	0.900767
90	172	0.954715
90	173	0.896281
90	174	0.91584
90	175	0.908143
90	177	0.850445
90	178	0.930975
90	179	0.884457
90	180	0.868042
91	42	0.975619
91	62	1.02303
91	65	0.955184
91	67	1.01032
91	70	1.01515
91	77	0.996427
91	78	0.992442
91	88	0.967022
91	94	0.998459
91	99	0.989208
91	102	0.975962
91	104	1.026
91	113	1.01303
91	122	1.03207
91	123	1.02924
91	130	0.728104
91	133	1.00386
91	137	0.999055
91	138	1.00075
91	143	1.32367
91	144	1.04719
91	162	1.06976
91	164	2.14447
91	167	0.917675
91	180	2.86937
92	13	1.04627
92	20	0.929778
92	23	1.02387
92	25	0.990848
92	27	0.997983
92	33	1.00206
92	36	0.982683
92	45	1.04521
92	51	1.04659
92	53	0.948386
92	56	0.953656
92	64	1.00459
92	66	1.01422
92	69	0.995457
92	71	0.995211
92	89	1.00662
92	103	0.973965
92	129	0.631591
92	131	0.998778
92	135	1.63224
92	136	0.975599
92	152	1.19437
92	157	1.45617
92	162	1.06201
92	180	3.04242
93	51	1.82799
93	116	0.904839
93	134	0.911186
93	137	2.37822
93	141	0.867103
93	143	0.866438
93	146	0.867992
93	147	0.862263
93	150	0.894599
93	155	0.90814
93	158	0.900769
93	160	0.939454
93	163	0.850412
93	166	0.846924
93	168	0.881286
93	170	0.829647
93	171	0.861397
93	173	0.856911
93	174	0.87647
93	175	0.868773
93	177	0.811075
93	178	0.891605
93	179	0.845087
93	180	0.828672
94	47	0.92422
94	65	0.938399
94	67	0.993539
94	73	0.444099
94	77	0.979642
94	78	0.975656
94	88	0.950236
94	91	0.998459
94	99	0.972423
94	104	1.00922
94	113	0.996244
94	121	0.972401
94	122	1.01528
94	123	1.01245
94	125	1.00867
94	127	0.969138
94	132	1.03269
94	133	0.987075
94	137	0.98227
94	138	0.983963
94	142	1.01198
94	144	1.16347
94	152	1.13761
94	162	1.05297
94	175	1.76452
94	176	3.1786
95	19	0.860061
95	41	0.909813
95	74	0.983591
95	98	0.762215
95	119	1.04352
95	126	1.0547
95	130	1.04418
95	134	1.01301
95	137	0.608705
95	142	0.15722
95	144	1.01745
95	145	1.09194
95	146	0.969817
95	151	1.00267
95	152	1.01105
95	153	0.975393
95	171	0.963223
95	172	1.01717
95	173	0.958737
95	174	0.978296
95	175	0.970599
95	176	0.930442
95	177	0.912901
95	178	0.993431
95	179	0.946913
95	180	0.930498
96	22	1.87663
96	65	0.893247
96	70	0.953211
96	76	1.84345
96	83	1.47991
96	104	0.964067
96	106	0.794212
96	109	0.951844
96	113	0.951092
96	115	0.919732
96	122	0.970128
96	132	0.987539
96	133	0.941923
96	137	0.937117
96	138	0.938811
96	141	0.879706
96	157	0.896671
96	161	0.900851
96	168	0.893889
96	170	0.84225
96	174	0.889073
96	176	0.84122
96	177	0.823678
96	178	0.904208
96	179	0.85769
96	180	0.841276
97	30	1.61972
97	58	0.889723
97	99	1.41689
97	107	0.869349
97	110	0.83679
97	116	0.930826
97	125	0.98268
97	126	0.978863
97	129	1.01859
97	143	0.892425
97	144	0.941616
97	147	0.888251
97	156	0.942054
97	159	0.929188
97	160	0.965442
97	163	0.8764
97	164	0.881615
97	168	0.907273
97	172	0.941332
97	173	0.882899
97	175	0.894761
97	176	0.854604
97	177	0.837063
97	178	0.917593
97	179	0.871075
97	180	0.85466
98	1	1.0503
98	11	0.945155
98	17	1.02125
98	21	1.0037
98	22	1.00701
98	28	1
98	32	0.969332
98	34	0.993115
98	37	0.963936
98	43	1.02898
98	48	0.956554
98	57	1.01006
98	60	1.011
98	63	0.940346
98	68	0.980523
98	81	1.02752
98	83	1.02967
98	84	0.968011
98	95	0.762215
98	103	0.959933
98	120	1.02247
98	134	1.60757
98	142	1.00698
98	143	0.919195
98	157	1.84646
98	167	2.47385
99	15	0.901308
99	62	0.996997
99	67	0.984289
99	70	0.989113
99	87	0.68534
99	88	0.940986
99	91	0.989208
99	94	0.972423
99	97	1.41689
99	100	1.01522
99	102	0.949926
99	104	0.999968
99	109	0.987746
99	113	0.986994
99	119	1.10822
99	121	0.963151
99	122	1.00603
99	123	1.0032
99	125	0.999421
99	132	1.02344
99	133	0.977825
99	137	0.973019
99	138	0.974713
99	151	1.6832
99	162	1.04372
99	167	0.89164
99	171	2.27821
100	18	0.310119
100	42	1.00163
100	65	0.981194
100	67	1.03633
100	70	1.04116
100	78	1.01845
100	88	0.993032
100	99	1.01522
100	102	1.00197
100	109	1.03979
100	113	1.03904
100	121	1.0152
100	122	1.05808
100	123	1.05525
100	126	0.927267
100	127	1.01193
100	130	1.26142
100	132	1.07549
100	133	1.02987
100	137	1.02507
100	138	1.02676
100	142	1.05478
100	146	2.2767
100	160	1.33609
100	162	1.09577
100	167	0.943686
100	173	2.2591
101	3	0.990467
101	16	1.0359
101	34	1.02767
101	35	1.0142
101	40	1.09239
101	48	0.991109
101	50	0.9941
101	52	1.08258
101	55	1.06361
101	61	1.06646
101	75	1.01292
101	76	1.01731
101	79	1.06284
101	80	1.00175
101	81	1.06207
101	83	1.06422
101	84	1.00257
101	85	1.04888
101	130	0.842917
101	135	0.94865
101	143	0.953751
101	150	1.2316
101	154	0.900616
101	161	1.29385
101	163	2.38647
101	166	0.934237
101	169	0.926541
101	179	2.54771
102	23	0.992341
102	26	0.972653
102	42	0.936337
102	51	1.01506
102	56	0.922125
102	59	1.06423
102	66	0.982693
102	69	0.963927
102	71	0.96368
102	77	0.957145
102	89	0.975091
102	91	0.975962
102	99	0.949926
102	100	1.00197
102	105	2.03976
102	112	1.40246
102	113	0.973748
102	121	0.949904
102	122	0.992784
102	123	0.989956
102	125	0.986175
102	127	0.946642
102	133	0.964578
102	137	0.959773
102	138	0.961466
102	162	1.03048
102	165	1.66098
102	172	1.71364
103	1	1.03856
103	2	0.936314
103	12	0.918006
103	13	1.02049
103	19	0.989484
103	22	0.995263
103	25	0.965072
103	27	0.972207
103	32	0.957587
103	36	0.956907
103	37	0.952191
103	43	1.01723
103	44	1.02023
103	46	0.935438
103	53	0.92261
103	60	0.999258
103	68	0.968778
103	87	0.66691
103	89	0.980845
103	92	0.973965
103	98	0.959933
103	124	1.31688
103	131	0.973002
103	136	0.949822
103	139	2.26578
103	142	0.995238
103	144	1.48927
103	171	2.25978
104	15	0.938104
104	42	0.986379
104	62	1.03379
104	67	1.02108
104	70	1.02591
104	72	0.982324
104	77	1.00719
104	88	0.977782
104	91	1.026
104	94	1.00922
104	96	0.964067
104	99	0.999968
104	109	1.02454
104	113	1.02379
104	121	0.999946
104	122	1.04283
104	123	1.04
104	132	1.06024
104	133	1.01462
104	136	0.779776
104	137	1.00981
104	138	1.01151
104	142	1.03953
104	146	1.7658
104	152	1.04374
104	165	0.882563
104	167	0.928435
104	171	1.84011
104	176	3.08473
105	10	0.956071
105	26	1.91783
105	72	0.905623
105	79	1.84241
105	86	0.94588
105	102	2.03976
105	110	0.819402
105	124	0.938944
105	126	0.961475
105	130	0.95095
105	135	0.869937
105	140	0.935885
105	146	0.876591
105	148	0.84358
105	149	0.954883
105	150	0.903199
105	155	0.91674
105	158	0.909369
105	161	0.896847
105	163	0.859012
105	170	0.838246
105	171	0.869997
105	172	0.923945
105	174	0.885069
105	176	0.837216
105	177	0.819675
105	178	0.900205
105	179	0.853687
105	180	0.837272
106	74	0.797212
106	96	0.794212
106	116	0.820286
106	117	0.845721
106	118	0.849372
106	120	0.904456
106	128	0.784512
106	143	0.781884
106	145	0.905559
106	148	0.750427
106	150	0.810046
106	151	0.816292
106	152	0.824674
106	153	0.789013
106	154	0.85587
106	158	0.816216
106	164	0.771074
106	166	0.76237
106	168	0.796732
106	170	0.745093
106	171	0.776844
106	172	0.830791
106	175	0.78422
106	176	0.744063
106	177	0.726522
106	178	0.807052
106	179	0.760534
106	180	0.744119
107	4	2.67632
107	39	0.884917
107	97	0.869349
107	111	0.820376
107	114	0.928074
107	120	0.966209
107	122	2.26984
107	128	0.846264
107	129	0.969803
107	147	0.839462
107	148	0.812179
107	150	0.871798
107	152	0.886426
107	154	0.917622
107	156	0.893265
107	159	0.880399
107	161	0.865446
107	163	0.827611
107	164	0.832826
107	165	0.899951
107	168	0.858484
107	170	0.806845
107	174	0.853668
107	175	0.845972
107	176	0.805815
107	177	0.788274
107	179	0.822286
107	180	0.805871
108	16	1.30941
108	31	1.02832
108	35	1.39711
108	111	0.893168
108	117	0.980266
108	121	1.23404
108	128	0.919057
108	129	1.0426
108	132	0.723884
108	139	0.925744
108	148	0.884972
108	150	0.94459
108	153	0.923558
108	156	0.966058
108	157	0.934059
108	158	0.950761
108	161	0.938239
108	167	0.893126
108	170	0.879638
108	171	0.911389
108	172	0.965336
108	173	0.906902
108	174	0.926461
108	175	0.918765
108	176	0.878608
108	177	0.861066
108	178	0.941596
108	179	0.895078
108	180	0.878664
109	42	0.974157
109	58	0.936814
109	65	0.953721
109	67	1.00886
109	70	1.01369
109	72	0.970101
109	88	0.965559
109	96	0.951844
109	99	0.987746
109	100	1.03979
109	104	1.02454
109	111	2.83665
109	113	1.01157
109	121	0.987723
109	122	1.0306
109	123	1.02778
109	125	1.02399
109	127	0.984461
109	129	0.985456
109	132	1.04801
109	133	1.0024
109	136	0.76417
109	137	0.997592
109	138	0.999286
109	142	1.0273
109	149	0.701742
109	154	0.792612
109	162	1.0683
109	167	0.916213
109	177	4.14592
110	80	5.8
110	97	0.83679
110	105	0.819402
110	112	0.871376
110	115	0.851768
110	128	0.813705
110	129	0.937244
110	146	0.812631
110	150	0.839238
110	153	0.818206
110	155	0.852779
110	156	0.860706
110	159	0.84784
110	160	0.884093
110	161	0.832887
110	163	0.795051
110	165	0.867391
110	168	0.825925
110	170	0.774286
110	171	0.806037
110	172	0.859984
110	173	0.80155
110	174	0.821109
110	175	0.813413
110	176	0.773256
110	177	0.755714
110	178	0.836244
110	179	0.789726
110	180	0.773312
111	77	2.76335
111	107	0.820376
111	108	0.893168
111	109	2.83665
111	119	0.91871
111	128	0.84608
111	129	0.969619
111	134	0.888201
111	144	0.892643
111	145	0.967127
111	146	0.845006
111	147	0.839277
111	151	0.877859
111	152	0.886242
111	156	0.893081
111	159	0.880215
111	163	0.827427
111	167	0.820149
111	169	0.816242
111	172	0.892359
111	173	0.833926
111	174	0.853484
111	175	0.845788
111	176	0.805631
111	177	0.788089
111	178	0.86862
111	179	0.822101
111	180	0.805687
112	6	0.968058
112	17	1.04532
112	32	1.12426
112	34	1.33154
112	49	0.967253
112	52	1.05584
112	54	0.956243
112	55	1.03687
112	61	1.03972
112	76	0.99057
112	79	1.0361
112	80	0.975009
112	85	1.02214
112	102	1.40246
112	110	0.871376
112	129	1.05318
112	149	1.00686
112	161	0.948822
112	162	0.504611
112	163	0.910986
112	166	0.907498
112	167	0.903709
112	168	0.94186
112	169	0.899801
112	171	0.921971
112	175	0.929347
112	177	0.871649
112	178	0.952179
112	179	0.905661
112	180	0.889246
113	15	0.925129
113	42	0.973405
113	62	1.02082
113	77	0.994213
113	78	0.990227
113	88	0.964807
113	91	1.01303
113	94	0.996244
113	96	0.951092
113	99	0.986994
113	100	1.03904
113	102	0.973748
113	104	1.02379
113	109	1.01157
113	120	0.839225
113	121	0.986972
113	122	1.02985
113	123	1.02702
113	132	1.04726
113	133	1.00165
113	137	0.99684
113	138	0.998534
113	142	1.02655
113	153	2.03494
113	155	1.77834
113	157	1.66321
113	159	1.40778
113	162	1.06755
113	167	0.915461
113	168	2.0101
114	23	1.28141
114	83	0.747011
114	85	0.638559
114	107	0.928074
114	118	1.01864
114	121	1.30731
114	141	0.951815
114	142	0.75983
114	143	0.95115
114	146	0.952704
114	147	0.946975
114	149	1.031
114	151	0.985557
114	153	0.958279
114	156	1.00078
114	158	0.985482
114	163	0.935125
114	164	0.940339
114	165	1.00746
114	168	0.965998
114	170	0.914359
114	172	1.00006
114	173	0.941624
114	174	0.961182
114	175	0.953486
114	176	0.913329
114	177	0.895787
114	178	0.976317
114	179	0.929799
114	180	0.913385
115	54	1.63597
115	96	0.919732
115	110	0.851768
115	118	0.974891
115	131	0.390842
115	132	0.842823
115	138	1.26503
115	140	0.968251
115	141	0.908069
115	145	1.03108
115	147	0.903229
115	150	0.935565
115	151	0.941811
115	152	0.950194
115	153	0.914533
115	155	0.949106
115	157	0.925034
115	158	0.941736
115	159	0.944167
115	164	0.896593
115	165	0.963719
115	166	0.88789
115	171	0.902364
115	173	0.897877
115	174	0.917436
115	175	0.90974
115	177	0.852041
115	178	0.932571
115	179	0.886053
115	180	0.869639
116	7	0.909605
116	10	0.986147
116	61	1.5969
116	79	1.78912
116	89	1.58028
116	93	0.904839
116	97	0.930826
116	106	0.820286
116	126	0.991551
116	131	0.729335
116	140	0.965961
116	143	0.905114
116	146	0.906668
116	155	0.946816
116	156	0.954743
116	158	0.939446
116	159	0.941877
116	161	0.926924
116	164	0.894303
116	166	0.8856
116	167	0.881811
116	168	0.919962
116	170	0.868323
116	172	0.954021
116	173	0.895587
116	174	0.915146
116	175	0.90745
116	176	0.867293
116	177	0.849751
116	178	0.930281
116	179	0.883763
116	180	0.867349
117	26	1.45576
117	31	1.04244
117	66	0.658006
117	68	1.60594
117	70	0.699795
117	106	0.845721
117	108	0.980266
117	118	0.998037
117	130	1.00646
117	134	0.975299
117	135	0.925449
117	137	1.1867
117	141	0.931215
117	143	0.93055
117	149	1.0104
117	151	0.964957
117	155	0.972252
117	156	0.980179
117	158	0.964881
117	159	0.967313
117	160	1.00357
117	165	0.986864
117	172	0.979457
117	173	0.921023
117	174	0.940582
117	175	0.932886
117	176	0.892729
117	177	0.875187
117	178	0.955717
117	179	0.909199
117	180	0.892784
118	25	1.38678
118	29	1.35545
118	36	1.10826
118	42	1.48745
118	44	1.06206
118	59	1.01697
118	106	0.849372
118	114	1.01864
118	115	0.974891
118	117	0.998037
118	128	0.936828
118	130	1.01011
118	147	0.930025
118	148	0.902743
118	150	0.962361
118	151	0.968608
118	153	0.941329
118	156	0.983829
118	160	1.00722
118	161	0.95601
118	165	0.990515
118	169	0.90699
118	170	0.897409
118	171	0.92916
118	172	0.983107
118	173	0.924674
118	175	0.936536
118	176	0.896379
118	177	0.878837
118	178	0.959368
118	179	0.912849
118	180	0.896435
119	55	0.703881
119	79	1.25118
119	95	1.04352
119	99	1.10822
119	111	0.91871
119	127	0.911503
119	128	0.944599
119	133	1.08752
119	134	0.98672
119	139	0.951286
119	140	1.00282
119	146	0.943525
119	149	1.02182
119	153	0.9491
119	154	1.01596
119	157	0.959601
119	160	1.01499
119	163	0.925945
119	164	0.93116
119	165	0.998285
119	169	0.914761
119	170	0.90518
119	171	0.936931
119	173	0.932444
119	174	0.952003
119	175	0.944307
119	176	0.90415
119	177	0.886608
119	178	0.967138
119	179	0.92062
119	180	0.904206
120	5	0.627074
120	84	1.48494
120	98	1.02247
120	106	0.904456
120	107	0.966209
120	113	0.839225
120	125	0.485432
120	139	0.998599
120	141	0.98995
120	142	0.41748
120	144	1.03848
120	147	0.98511
120	149	1.06913
120	150	1.01745
120	152	1.03207
120	156	1.03891
120	158	1.02362
120	159	1.02605
120	163	0.973259
120	164	0.978474
120	168	1.00413
120	169	0.962074
120	170	0.952494
120	171	0.984244
120	173	0.979758
120	174	0.999317
120	175	0.991621
120	176	0.951464
120	177	0.933922
120	178	1.01445
120	180	0.951519
121	15	0.901286
121	62	0.996975
121	65	0.929126
121	67	0.984266
121	70	0.989091
121	72	0.945506
121	77	0.970369
121	78	0.966384
121	88	0.940964
121	94	0.972401
121	99	0.963151
121	100	1.0152
121	102	0.949904
121	104	0.999946
121	108	1.23404
121	109	0.987723
121	113	0.986972
121	114	1.30731
121	122	1.00601
121	123	1.00318
121	125	0.999399
121	126	0.899776
121	127	0.959866
121	132	1.02342
121	133	0.977802
121	136	1.26319
121	137	0.972997
121	138	0.974691
121	142	1.00271
121	158	1.47416
121	162	1.0437
121	163	2.77749
121	167	0.891617
122	15	0.944166
122	47	0.957827
122	65	0.972006
122	67	1.02715
122	78	1.00926
122	86	0.0845091
122	88	0.983844
122	91	1.03207
122	94	1.01528
122	96	0.970128
122	99	1.00603
122	100	1.05808
122	102	0.992784
122	104	1.04283
122	107	2.26984
122	109	1.0306
122	113	1.02985
122	121	1.00601
122	123	1.04606
122	125	1.04228
122	127	1.00275
122	132	1.0663
122	133	1.02068
122	137	1.01588
122	138	1.01757
122	142	1.04559
122	154	0.972216
122	155	0.914643
122	162	1.08658
122	166	1.77022
122	167	0.934497
122	168	1.1464
122	176	2.5787
123	15	0.941338
123	65	0.969179
123	67	1.02432
123	72	0.985558
123	77	1.01042
123	78	1.00644
123	88	0.981016
123	91	1.02924
123	94	1.01245
123	99	1.0032
123	100	1.05525
123	102	0.989956
123	104	1.04
123	109	1.02778
123	113	1.02702
123	121	1.00318
123	122	1.04606
123	124	0.767809
123	125	1.03945
123	127	0.999918
123	129	0.91949
123	132	1.06347
123	133	1.01785
123	137	1.01305
123	138	1.01474
123	139	1.7167
123	142	1.04276
123	161	1.07205
123	162	1.08375
123	163	2.16467
123	167	0.93167
123	170	3.16844
123	178	1.11928
124	38	1.58433
124	39	0.9719
124	80	1.4925
124	103	1.31688
124	105	0.938944
124	123	0.767809
124	132	0.870472
124	139	0.939934
124	146	0.932173
124	148	0.899162
124	151	0.965027
124	153	0.937748
124	154	1.00461
124	155	0.972322
124	156	0.980248
124	158	0.964951
124	160	1.00364
124	161	0.952429
124	164	0.919809
124	165	0.986934
124	167	0.907316
124	168	0.945467
124	170	0.893828
124	171	0.925579
124	172	0.979527
124	173	0.921093
124	174	0.940651
124	175	0.932955
124	176	0.892798
124	177	0.875257
124	178	0.955787
124	179	0.909269
124	180	0.892854
125	4	1.07931
125	20	0.947742
125	26	1.02215
125	33	1.02003
125	51	1.06455
125	56	0.97162
125	66	1.03219
125	69	1.01342
125	71	1.01317
125	78	1.00265
125	88	0.977235
125	89	1.02459
125	94	1.00867
125	97	0.98268
125	99	0.999421
125	102	0.986175
125	109	1.02399
125	120	0.485432
125	121	0.999399
125	122	1.04228
125	123	1.03945
125	127	0.996137
125	132	1.05969
125	133	1.01407
125	137	1.00927
125	138	1.01096
125	148	2.77361
125	156	0.997588
125	162	1.07997
125	166	2.28013
125	167	0.927888
125	172	0.939109
125	178	1.25258
126	27	1.06692
126	60	0.881494
126	84	1.41975
126	86	1.02399
126	95	1.0547
126	97	0.978863
126	100	0.927267
126	105	0.961475
126	116	0.991551
126	121	0.899776
126	138	0.811829
126	140	1.014
126	143	0.95315
126	145	1.07683
126	146	0.954704
126	148	0.921693
126	149	1.033
126	150	0.981311
126	151	0.987557
126	152	0.99594
126	156	1.00278
126	157	0.97078
126	158	0.987482
126	159	0.989913
126	169	0.92594
126	172	1.00206
126	173	0.943624
126	174	0.963182
126	175	0.955486
126	176	0.915329
126	177	0.897787
126	178	0.978318
126	180	0.915385
127	4	1.03978
127	20	0.908209
127	23	1.0023
127	26	0.982615
127	33	0.980492
127	42	0.946299
127	56	0.932087
127	66	0.992655
127	67	0.981004
127	69	0.973888
127	71	0.973642
127	76	0.975216
127	87	0.488625
127	88	0.937701
127	89	0.985052
127	94	0.969138
127	100	1.01193
127	102	0.946642
127	109	0.984461
127	119	0.911503
127	121	0.959866
127	122	1.00275
127	123	0.999918
127	125	0.996137
127	132	1.02016
127	133	0.97454
127	138	0.971428
127	162	1.04044
127	167	0.888355
127	168	1.89381
