1	16	1.37239
1	34	1.4587
1	38	1.47624
1	84	1.36512
1	89	1.3131
1	131	1.33594
1	135	1.27852
1	153	0.410456
1	156	0.434286
1	166	0.414933
1	173	0.443456
1	179	0.807299
2	22	0.50705
2	51	1.43192
2	78	1.26439
2	86	1.39887
2	90	1.33712
2	92	1.33712
2	94	1.40985
2	144	1.42073
2	145	0.517052
2	150	0.525892
2	168	0.464553
2	169	0.496844
3	35	1.19822
3	43	1.06626
3	48	1.26209
3	69	0.497968
3	72	1.36838
3	84	1.21822
3	89	1.16619
3	131	1.18903
3	133	0.746336
3	135	1.13161
3	170	0.65861
3	171	0.584902
4	96	1.43576
4	102	1.38064
4	113	1.36362
4	116	1.41998
4	118	1.3274
4	119	1.3274
4	141	1.3452
4	158	0.504889
4	170	0.571538
4	174	0.512613
4	177	0.504621
4	179	0.416714
5	8	1.45186
5	28	1.40206
5	40	1.30239
5	42	1.30975
5	56	1.39311
5	67	1.33422
5	146	1.40662
5	148	0.560411
5	160	0.43484
5	164	0.511591
5	174	0.450025
5	176	0.553693
6	17	1.25559
6	98	1.34222
6	100	1.42345
6	105	1.42253
6	106	1.37663
6	112	1.43817
6	116	0.00396797
6	132	0.698151
6	139	0.614754
6	152	1.34141
6	161	0.589108
6	173	0.603009
7	26	1.31097
7	37	1.29407
7	45	1.42471
7	65	1.442
7	75	1.32695
7	131	1.3591
7	136	0.357694
7	143	0.32633
7	159	1.4422
7	168	0.754941
7	170	0.296001
7	177	0.775837
8	5	1.45186
8	55	1.41864
8	56	1.37243
8	62	1.33245
8	67	1.31354
8	129	0.467673
8	130	0.490802
8	135	1.32512
8	143	0.576455
8	146	1.38595
8	156	0.503441
8	160	0.472015
9	125	1.3917
9	126	1.3917
9	127	1.3917
9	142	0.494618
9	157	1.33537
9	160	0.458524
9	163	1.34214
9	164	0.535275
9	168	0.444822
9	173	1.35323
9	174	1.39417
9	176	0.577377
10	12	1.21444
10	15	1.40989
10	25	1.33081
10	57	1.33456
10	63	1.44445
10	68	1.45899
10	85	1.40686
10	134	0.419561
10	154	0.406461
10	161	0.402627
10	165	0.472335
10	175	0.809053
11	95	1.15854
11	101	1.22521
11	103	1.21307
11	104	1.11087
11	107	1.1724
11	108	1.1724
11	130	0.673649
11	144	1.23991
11	159	0.599728
11	168	0.64116
11	175	1.30759
11	179	0.574148
12	10	1.21444
12	15	1.25568
12	25	1.17659
12	33	1.15868
12	60	1.14229
12	68	1.30478
12	85	1.25264
12	114	1.09489
12	132	0.708558
12	145	0.611617
12	167	0.579643
12	174	0.588005
13	123	1.43947
13	125	1.37435
13	126	1.37435
13	127	1.37435
13	149	0.490377
13	160	0.496732
13	163	1.32479
13	167	0.503556
13	169	0.515321
13	173	1.33588
13	174	1.37682
13	177	0.503926
14	39	1.29969
14	81	1.452
14	83	1.32334
14	132	1.24003
14	140	1.34048
14	141	1.38299
14	148	0.606383
14	159	0.425679
14	165	0.577214
14	167	0.487636
14	175	0.413629
14	179	1.56146
15	10	1.40989
15	12	1.25568
15	19	1.40073
15	25	1.37205
15	57	1.3758
15	60	1.33775
15	85	1.4481
15	161	0.462359
15	163	0.495241
15	165	0.532066
15	170	0.509775
15	180	0.511075
16	1	1.37239
16	22	0.480881
16	43	1.24758
16	72	1.5497
16	84	1.39954
16	89	1.34751
16	131	1.37035
16	134	0.495715
16	135	1.31293
16	152	0.510603
16	155	0.474339
16	172	0.548276
17	6	1.25559
17	77	1.1451
17	100	1.23387
17	105	1.23295
17	106	1.18705
17	112	1.24859
17	128	0.619734
17	140	1.14501
17	151	0.625811
17	152	1.15183
17	176	0.677169
17	177	0.56551
18	80	1.43327
18	98	1.32742
18	105	1.40773
18	106	1.36183
18	112	1.42337
18	132	0.53376
18	136	0.533825
18	140	1.31979
18	152	1.3266
18	164	0.474773
18	172	0.494212
18	180	0.473434
19	15	1.40073
19	33	1.30373
19	57	1.3254
19	60	1.28734
19	63	1.43528
19	68	1.44983
19	85	1.39769
19	150	0.52682
19	154	0.509711
19	156	0.510609
19	158	0.486644
19	162	0.476594
20	71	1.46002
20	82	1.49004
20	87	1.36536
20	88	1.43809
20	129	0.397873
20	133	0.564052
20	139	0.454556
20	147	1.53213
20	149	0.395859
20	172	0.498405
20	178	1.51437
21	54	0.547113
21	80	0.548414
21	97	0.621781
21	125	0.593244
21	162	1.25958
21	165	1.14323
21	166	1.23943
21	167	1.24843
21	171	1.24272
21	176	1.10859
21	177	1.21686
21	180	1.14116
22	2	0.50705
22	16	0.480881
22	103	0.49985
22	105	0.516887
22	139	1.30185
22	140	0.528578
22	164	1.26749
22	166	1.33954
22	168	1.34922
22	171	1.34283
22	172	1.24086
22	177	1.31696
22	180	1.24127
23	96	1.3631
23	109	1.27731
23	111	1.33929
23	113	1.29096
23	116	1.34731
23	118	1.25474
23	119	1.25474
23	141	1.27253
23	142	0.523042
23	143	0.591389
23	156	0.518374
23	165	0.58335
23	177	0.494142
24	32	1.2548
24	59	1.39232
24	71	1.2855
24	82	1.31552
24	87	1.19084
24	88	1.26357
24	107	0.0323959
24	147	1.35761
24	160	0.652685
24	166	0.664757
24	167	0.659508
24	177	0.659879
24	178	1.33985
25	10	1.33081
25	12	1.17659
25	15	1.37205
25	33	1.27504
25	60	1.25866
25	63	1.4066
25	85	1.36901
25	114	1.21125
25	152	0.567971
25	157	0.557795
25	159	0.454321
25	172	0.605645
25	174	0.52464
26	7	1.31097
26	47	1.33901
26	61	1.2121
26	74	1.29903
26	75	1.25362
26	131	1.28577
26	138	1.33063
26	159	1.36887
26	160	0.495859
26	169	0.514448
26	172	0.592049
26	173	0.536454
26	180	0.57127
27	40	1.43882
27	42	1.44618
27	53	0.393856
27	56	1.52953
27	62	1.48955
27	67	1.47065
27	135	1.48223
27	143	0.514968
27	146	1.54305
27	163	0.470105
27	165	0.50693
27	167	0.417352
27	169	0.429117
28	5	1.40206
28	40	1.23192
28	42	1.23928
28	55	1.36885
28	62	1.28265
28	67	1.26375
28	135	1.27533
28	146	1.33615
28	151	0.586943
28	162	0.516859
28	177	0.526642
28	178	0.484273
28	180	0.594859
29	48	0.430984
29	74	1.29983
29	75	1.25442
29	104	0.593223
29	117	0.486757
29	118	0.487832
29	135	0.495929
29	138	1.33143
29	159	1.36967
29	164	1.22293
29	177	1.27241
29	179	1.4526
29	180	1.19671
30	71	1.49438
30	82	1.52439
30	87	1.39971
30	88	1.47244
30	114	1.39387
30	129	0.409095
30	147	1.56648
30	150	0.461074
30	168	0.399735
30	172	0.509627
30	176	0.53229
30	177	0.420631
30	178	1.54872
31	91	1.30677
31	95	1.27418
31	97	1.25241
31	101	1.34084
31	104	1.2265
31	107	1.28804
31	108	1.28804
31	122	0.533222
31	129	0.523447
31	156	0.559215
31	170	0.6019
31	175	1.42323
31	178	0.492614
32	24	1.2548
32	59	1.40668
32	82	1.32987
32	87	1.2052
32	88	1.27793
32	114	1.19935
32	147	1.37197
32	150	0.530109
32	163	0.542048
32	164	0.559222
32	170	0.556582
32	173	0.523067
32	178	1.35421
33	12	1.15868
33	19	1.30373
33	25	1.27504
33	57	1.2788
33	60	1.24074
33	63	1.38869
33	68	1.40323
33	85	1.35109
33	133	0.664957
33	153	0.510715
33	157	0.551461
33	166	0.515192
33	178	0.467945
34	1	1.4587
34	48	1.52972
34	72	1.63601
34	84	1.48585
34	89	1.43382
34	131	1.45666
34	135	1.39924
34	151	0.506283
34	154	0.469316
34	162	0.436198
34	163	0.498364
34	166	0.45086
34	175	0.371604
35	3	1.19822
35	43	1.22032
35	87	1.24676
35	88	1.31948
35	89	1.32025
35	135	1.28567
35	147	1.41353
35	151	0.598446
35	153	0.538546
35	168	0.517248
35	178	1.39577
35	179	0.450237
35	180	0.606362
36	44	0.408961
36	60	0.547287
36	67	0.519245
36	94	0.47886
36	97	0.533734
36	153	1.36485
36	165	1.25274
36	166	1.34894
36	168	1.35862
36	169	1.33984
36	170	1.26622
36	176	1.2181
36	180	1.25067
37	7	1.29407
37	45	1.33447
37	47	1.3221
37	61	1.1952
37	65	1.35176
37	75	1.23671
37	133	0.656942
37	138	1.31373
37	151	0.5626
37	159	1.35196
37	166	0.507177
37	168	0.481403
37	177	0.502299
38	1	1.47624
38	43	1.35143
38	48	1.54726
38	72	1.65354
38	84	1.50339
38	89	1.45136
38	135	1.41678
38	143	0.511647
38	151	0.474702
38	152	0.465724
38	156	0.438633
38	166	0.419279
38	174	0.422393
39	14	1.29969
39	54	1.22333
39	58	1.26295
39	81	1.29474
39	83	1.16608
39	132	1.08277
39	138	1.28303
39	140	1.18322
39	149	0.555161
39	151	0.629012
39	157	0.609857
39	158	0.568978
39	168	0.547815
39	179	1.4042
40	5	1.30239
40	27	1.43882
40	28	1.23192
40	42	1.13961
40	55	1.26918
40	56	1.22297
40	62	1.18298
40	134	0.576713
40	135	1.17566
40	146	1.23648
40	165	0.629486
40	171	0.533488
40	172	0.629274
40	177	0.540278
41	93	1.35976
41	102	1.42495
41	109	1.39428
41	113	1.40793
41	116	1.46429
41	118	1.37171
41	119	1.37171
41	146	1.40536
41	155	0.446046
41	165	0.520196
41	172	0.519984
41	173	0.464389
41	174	0.43898
41	176	0.542647
42	5	1.30975
42	27	1.44618
42	28	1.23928
42	40	1.13961
42	55	1.27654
42	62	1.19034
42	67	1.17144
42	122	0.584738
42	135	1.18302
42	146	1.24384
42	154	0.609833
42	166	0.591377
42	171	0.579708
42	178	0.544129
43	3	1.06626
43	16	1.24758
43	35	1.22032
43	38	1.35143
43	48	1.28419
43	72	1.39048
43	84	1.24032
43	89	1.18829
43	131	1.21113
43	153	0.576448
43	155	0.591105
43	164	0.645603
43	173	0.609448
43	179	0.488139
44	36	0.408961
44	52	1.38011
44	78	1.30687
44	86	1.44136
44	90	1.3796
44	92	1.3796
44	94	1.45233
44	122	0.403091
44	137	1.39692
44	144	1.46321
44	145	0.436456
44	159	0.743647
44	161	0.424353
44	165	0.49406
45	7	1.42471
45	37	1.33447
45	47	1.45275
45	61	1.32584
45	74	1.41276
45	75	1.36736
45	130	0.476045
45	131	1.39951
45	152	0.515774
45	159	1.48261
45	161	0.483953
45	163	0.516835
45	167	0.464082
45	169	0.475847
46	70	1.27881
46	77	1.18393
46	80	1.29733
46	98	1.19147
46	100	1.27271
46	105	1.27178
46	106	1.22589
46	112	1.28742
46	130	0.594847
46	152	1.19066
46	158	0.583521
46	159	0.520927
46	169	0.594649
46	173	0.616656
47	26	1.33901
47	37	1.3221
47	45	1.45275
47	61	1.31347
47	65	1.47004
47	74	1.4004
47	138	1.432
47	148	0.575669
47	151	0.517593
47	152	0.508615
47	159	1.47024
47	172	0.546288
47	178	0.414923
47	179	0.369385
48	3	1.26209
48	29	0.430984
48	34	1.52972
48	38	1.54726
48	43	1.28419
48	84	1.43614
48	89	1.38412
48	128	0.524215
48	131	1.40695
48	135	1.34954
48	139	0.515138
48	142	0.49889
48	171	0.4632
48	174	0.477982
49	54	1.39044
49	81	1.46185
49	83	1.33319
49	132	1.24988
49	138	1.45015
49	140	1.35033
49	141	1.39284
49	142	0.535054
49	159	0.443827
49	162	0.496371
49	166	0.511033
49	174	0.514146
49	175	0.431777
49	179	1.57131
50	58	1.32511
50	69	0.4562
50	81	1.3569
50	83	1.22824
50	132	1.14493
50	138	1.34519
50	140	1.24538
50	141	1.28789
50	148	0.668302
50	163	0.602307
50	175	0.475547
50	178	0.507555
50	179	1.46636
51	2	1.43192
51	78	1.29947
51	86	1.43395
51	90	1.3722
51	92	1.3722
51	94	1.44493
51	129	0.460028
51	137	1.38952
51	144	1.45581
51	148	0.589941
51	155	0.486622
51	156	0.495795
51	159	0.409236
51	161	0.491064
52	44	1.38011
52	66	1.38902
52	78	1.20518
52	86	1.33966
52	90	1.27791
52	92	1.27791
52	94	1.35064
52	124	1.41805
52	132	0.585235
52	136	0.5853
52	144	1.36152
52	157	0.497837
52	165	0.545899
52	169	0.468086
52	171	0.4499
53	27	0.393856
53	106	0.489785
53	107	0.543712
53	125	0.477222
53	127	0.477527
53	135	0.511069
53	154	1.33224
53	156	1.35441
53	164	1.31191
53	167	1.39296
53	169	1.37487
53	170	1.30124
53	172	1.28529
53	177	1.36139
53	180	1.28569
54	21	0.547113
54	39	1.22333
54	49	1.39044
54	58	1.34384
54	81	1.37564
54	83	1.24698
54	120	0.64396
54	133	0.6096
54	138	1.36393
54	140	1.26412
54	141	1.30662
54	157	0.496103
54	168	0.43406
54	175	0.380579
54	179	1.48509
55	8	1.41864
55	28	1.36885
55	40	1.26918
55	42	1.27654
55	56	1.35989
55	62	1.31991
55	67	1.301
55	134	0.547596
55	135	1.31258
55	146	1.37341
55	150	0.551604
55	152	0.562483
55	157	0.552308
55	159	0.448834
55	178	0.468792
56	5	1.39311
56	8	1.37243
56	27	1.52953
56	40	1.22297
56	55	1.35989
56	62	1.2737
56	67	1.25479
56	135	1.26637
56	146	1.3272
56	150	0.543196
56	155	0.517812
56	158	0.50302
56	163	0.555136
56	167	0.502383
56	174	0.510745
57	10	1.33456
57	15	1.3758
57	19	1.3254
57	33	1.2788
57	60	1.26241
57	63	1.41036
57	68	1.4249
57	85	1.37276
57	114	1.21501
57	120	0.649711
57	133	0.61535
57	154	0.484041
57	158	0.460974
57	162	0.450924
57	169	0.472102
58	39	1.26295
58	50	1.32511
58	54	1.34384
58	83	1.28659
58	128	0.549086
58	132	1.20328
58	138	1.40355
58	140	1.30373
58	141	1.34624
58	145	0.526466
58	152	0.546185
58	160	0.487668
58	167	0.494492
58	173	0.528263
58	179	1.52471
59	24	1.39232
59	32	1.40668
59	71	1.43738
59	82	1.46739
59	87	1.34272
59	88	1.41544
59	114	1.33687
59	139	0.516138
59	142	0.49989
59	147	1.50949
59	162	0.461208
59	170	0.537908
59	172	0.559987
59	175	0.396613
59	178	1.49172
59	179	0.383083
60	12	1.14229
60	15	1.33775
60	19	1.28734
60	25	1.25866
60	33	1.24074
60	36	0.547287
60	57	1.26241
60	63	1.3723
60	68	1.38685
60	85	1.33471
60	114	1.17695
60	149	0.529629
60	153	0.543579
60	170	0.610095
60	175	0.468801
60	180	0.611395
61	26	1.2121
61	37	1.1952
61	45	1.32584
61	47	1.31347
61	65	1.34313
61	69	0.458585
61	74	1.27349
61	75	1.22808
61	131	1.26023
61	138	1.3051
61	159	1.34333
61	160	0.545115
61	162	0.542526
61	166	0.557187
61	169	0.563704
61	176	0.663968
62	8	1.33245
62	27	1.48955
62	28	1.28265
62	40	1.18298
62	42	1.19034
62	55	1.31991
62	56	1.2737
62	67	1.21481
62	128	0.588839
62	135	1.22639
62	145	0.566219
62	146	1.28721
62	157	0.575762
62	168	0.513719
62	169	0.54601
62	174	0.542607
63	10	1.44445
63	19	1.43528
63	25	1.4066
63	33	1.38869
63	57	1.41036
63	60	1.3723
63	68	1.53479
63	85	1.48265
63	114	1.32489
63	122	0.451935
63	148	0.572073
63	155	0.468754
63	167	0.453326
63	170	0.520613
63	179	0.365789
63	180	0.521913
64	79	1.20585
64	91	1.29182
64	95	1.25923
64	97	1.23745
64	101	1.32589
64	103	1.31376
64	104	1.21155
64	107	1.27309
64	108	1.27309
64	151	0.603503
64	155	0.55826
64	158	0.543469
64	160	0.536008
64	169	0.554597
64	171	0.536411
64	175	1.40828
65	7	1.442
65	37	1.35176
65	47	1.47004
65	61	1.34313
65	74	1.43006
65	75	1.38465
65	122	0.476406
65	131	1.4168
65	138	1.46166
65	145	0.50977
65	152	0.529489
65	159	1.4999
65	160	0.470973
65	167	0.477797
65	174	0.486159
65	175	0.40379
66	52	1.38902
66	78	1.31579
66	86	1.45027
66	90	1.38852
66	92	1.38852
66	94	1.46124
66	124	1.52866
66	137	1.40584
66	142	0.501271
66	144	1.47213
66	153	0.472772
66	157	0.513518
66	158	0.472638
66	163	0.524753
66	167	0.472001
66	175	0.397994
67	5	1.33422
67	8	1.31354
67	27	1.47065
67	28	1.26375
67	36	0.519245
67	42	1.17144
67	55	1.301
67	56	1.25479
67	62	1.21481
67	120	0.70414
67	135	1.20749
67	142	0.544036
67	146	1.26831
67	149	0.501587
67	158	0.515403
67	169	0.526531
68	10	1.45899
68	12	1.30478
68	19	1.44983
68	33	1.40323
68	57	1.4249
68	60	1.38685
68	63	1.53479
68	85	1.49719
68	114	1.33944
68	122	0.498224
68	134	0.536419
68	139	0.545132
68	168	0.479089
68	175	0.425608
68	178	0.457616
68	179	0.412077
69	3	0.497968
69	50	0.4562
69	61	0.458585
69	79	0.451426
69	83	0.555632
69	88	0.424984
69	102	0.470046
69	154	1.36463
69	155	1.40088
69	160	1.43532
69	164	1.3443
69	165	1.32015
69	171	1.41965
69	172	1.31768
69	176	1.28552
69	177	1.39378
69	180	1.31808
70	46	1.27881
70	77	1.31906
70	80	1.43246
70	98	1.3266
70	100	1.40783
70	105	1.40691
70	106	1.36101
70	112	1.42255
70	140	1.31897
70	149	0.473808
70	152	1.32579
70	154	0.510692
70	155	0.502416
70	162	0.477575
70	165	0.576566
70	166	0.492236
70	173	0.520759
71	20	1.46002
71	24	1.2855
71	30	1.49438
71	59	1.43738
71	82	1.36057
71	87	1.2359
71	88	1.30863
71	114	1.23005
71	147	1.40267
71	149	0.488064
71	153	0.502015
71	156	0.525846
71	163	0.553996
71	167	0.501244
71	178	1.38491
71	179	0.413706
71	180	0.569831
72	3	1.36838
72	16	1.5497
72	34	1.63601
72	38	1.65354
72	43	1.39048
72	84	1.54243
72	89	1.4904
72	130	0.403473
72	131	1.51324
72	135	1.45583
72	136	0.52049
72	143	0.489127
72	148	0.510258
72	160	0.384687
72	162	0.382098
72	164	0.461438
72	173	0.425282
73	93	1.18621
73	96	1.30652
73	102	1.2514
73	109	1.22074
73	111	1.28272
73	113	1.23439
73	116	1.29074
73	118	1.19817
73	119	1.19817
73	133	0.70613
73	139	1.19913
73	146	1.23181
73	153	0.551888
73	154	0.574821
73	163	0.603869
73	171	0.544696
73	177	0.551487
74	26	1.29903
74	29	1.29983
74	45	1.41276
74	47	1.4004
74	61	1.27349
74	65	1.43006
74	75	1.31501
74	131	1.34716
74	138	1.39202
74	139	0.537472
74	143	0.589571
74	155	0.507383
74	159	1.43026
74	166	0.497203
74	173	0.525726
74	177	0.492325
74	179	0.404418
75	7	1.32695
75	26	1.25362
75	29	1.25442
75	37	1.23671
75	45	1.36736
75	61	1.22808
75	65	1.38465
75	74	1.31501
75	120	0.663314
75	130	0.485903
75	131	1.30175
75	138	1.34661
75	143	0.571556
75	145	0.505914
75	159	1.38485
75	175	0.399933
75	176	0.585969
75	180	0.542528
76	110	1.21096
76	115	1.31142
76	117	1.24265
76	123	1.33671
76	125	1.27158
76	126	1.27158
76	127	1.27158
76	147	1.33903
76	150	0.565038
76	153	0.524996
76	157	1.21526
76	163	1.22203
76	164	0.594152
76	165	0.613803
76	166	0.529473
76	169	0.53599
76	170	0.591512
76	173	1.23312
76	174	1.27406
77	17	1.1451
77	46	1.18393
77	70	1.31906
77	80	1.33758
77	98	1.23172
77	100	1.31296
77	105	1.31203
77	106	1.26614
77	112	1.32768
77	121	1.30881
77	140	1.22409
77	152	1.23091
77	157	0.565013
77	158	0.524133
77	161	0.543367
77	163	0.576248
77	164	0.593423
77	171	0.517075
77	176	0.635525
78	2	1.26439
78	44	1.30687
78	51	1.29947
78	52	1.20518
78	66	1.31579
78	86	1.26643
78	90	1.20468
78	92	1.20468
78	94	1.2774
78	124	1.34482
78	137	1.222
78	144	1.28829
78	154	0.618161
78	158	0.595093
78	160	0.587632
78	168	0.57393
78	175	0.520449
78	178	0.552457
78	179	0.506919
79	64	1.20585
79	69	0.451426
79	91	1.26112
79	95	1.22852
79	97	1.20675
79	101	1.29519
79	103	1.28306
79	104	1.18085
79	107	1.24239
79	108	1.24239
79	124	1.36642
79	144	1.30989
79	151	0.605451
79	154	0.568485
79	162	0.535367
79	168	0.524254
79	172	0.634146
79	175	1.37757
79	180	0.613368
80	18	1.43327
80	21	0.548414
80	46	1.29733
80	70	1.43246
80	77	1.33758
80	98	1.34513
80	100	1.42636
80	105	1.42544
80	106	1.37954
80	112	1.44108
80	129	0.444722
80	140	1.3375
80	143	0.553504
80	152	1.34432
80	158	0.456525
80	172	0.545254
80	175	0.381881
80	176	0.567917
80	177	0.456258
81	14	1.452
81	39	1.29474
81	49	1.46185
81	50	1.3569
81	54	1.37564
81	83	1.31839
81	132	1.23507
81	134	0.497969
81	138	1.43534
81	139	0.506682
81	140	1.33553
81	141	1.37803
81	142	0.490435
81	149	0.447985
81	154	0.484869
81	170	0.528452
81	172	0.550531
81	174	0.469527
81	179	1.5565
82	20	1.49004
82	24	1.31552
82	30	1.52439
82	32	1.32987
82	59	1.46739
82	71	1.36057
82	87	1.26591
82	88	1.33864
82	114	1.26007
82	134	0.521833
82	145	0.517002
82	147	1.43268
82	149	0.471849
82	153	0.4858
82	162	0.475615
82	172	0.574394
82	173	0.5188
82	175	0.411021
82	178	1.41492
83	14	1.32334
83	39	1.16608
83	49	1.33319
83	50	1.22824
83	54	1.24698
83	58	1.28659
83	69	0.555632
83	81	1.31839
83	132	1.10641
83	138	1.30668
83	140	1.20687
83	141	1.24937
83	147	0.00104101
83	155	0.664415
83	166	0.654235
83	171	0.642566
83	176	0.761016
83	177	0.649357
83	179	1.42784
84	1	1.36512
84	3	1.21822
84	16	1.39954
84	34	1.48585
84	38	1.50339
84	43	1.24032
84	48	1.43614
84	72	1.54243
84	89	1.34025
84	131	1.36308
84	135	1.30567
84	136	0.579284
84	143	0.547921
84	150	0.491118
84	156	0.474907
84	163	0.503058
84	166	0.455553
84	176	0.562334
84	179	0.362768
85	10	1.40686
85	12	1.25264
85	15	1.4481
85	19	1.39769
85	25	1.36901
85	33	1.35109
85	57	1.37276
85	60	1.33471
85	63	1.48265
85	68	1.49719
85	114	1.2873
85	133	0.625035
85	142	0.499292
85	162	0.460609
85	166	0.475271
85	167	0.470022
85	171	0.463602
85	173	0.503794
85	174	0.478384
86	2	1.39887
86	44	1.44136
86	51	1.43395
86	52	1.33966
86	66	1.45027
86	78	1.26643
86	90	1.33916
86	92	1.33916
86	94	1.41188
86	130	0.494031
86	137	1.35648
86	142	0.511338
86	144	1.42277
86	150	0.522881
86	157	0.523585
86	171	0.475648
86	174	0.49043
86	175	0.408061
86	180	0.550655
87	20	1.36536
87	24	1.19084
87	30	1.39971
87	32	1.2052
87	35	1.24676
87	59	1.34272
87	71	1.2359
87	82	1.26591
87	88	1.21396
87	114	1.13539
87	128	0.58854
87	147	1.30801
87	151	0.594618
87	155	0.549375
87	156	0.558548
87	170	0.601233
87	175	0.459939
87	178	1.29024
87	180	0.602534
88	20	1.43809
88	24	1.26357
88	30	1.47244
88	32	1.27793
88	35	1.31948
88	59	1.41544
88	69	0.424984
88	71	1.30863
88	82	1.33864
88	87	1.21396
88	114	1.20812
88	130	0.530301
88	136	0.647317
88	147	1.38073
88	152	0.570031
88	159	0.456381
88	162	0.508925
88	168	0.497812
88	177	0.518708
88	178	1.36297
89	1	1.3131
89	3	1.16619
89	16	1.34751
89	34	1.43382
89	35	1.32025
89	38	1.45136
89	43	1.18829
89	48	1.38412
89	72	1.4904
89	84	1.34025
89	131	1.31106
89	135	1.25364
89	136	0.623761
89	139	0.540299
89	143	0.592398
89	164	0.564709
89	166	0.50003
89	177	0.495152
89	178	0.452783
89	179	0.407245
90	2	1.33712
90	44	1.3796
90	51	1.3722
90	52	1.27791
90	66	1.38852
90	78	1.20468
90	86	1.33916
90	92	1.2774
90	94	1.35013
90	124	1.41755
90	132	0.628424
90	137	1.29472
90	144	1.36101
90	149	0.48633
90	162	0.490097
90	165	0.589088
90	173	0.533281
90	175	0.425503
90	176	0.611539
90	179	0.411972
91	31	1.30677
91	64	1.29182
91	79	1.26112
91	95	1.31449
91	97	1.29272
91	101	1.38116
91	103	1.36902
91	104	1.26681
91	107	1.32835
91	108	1.32835
91	122	0.508153
91	142	0.538814
91	144	1.39586
91	159	0.447587
91	163	0.562297
91	165	0.599122
91	167	0.509544
91	173	0.543316
91	175	1.46354
91	178	0.467545
92	2	1.33712
92	44	1.3796
92	51	1.3722
92	52	1.27791
92	66	1.38852
92	78	1.20468
92	86	1.33916
92	90	1.2774
92	94	1.35013
92	124	1.41755
92	137	1.29472
92	144	1.36101
92	152	0.550883
92	154	0.522895
92	164	0.569117
92	169	0.510956
92	171	0.49277
92	174	0.507552
92	176	0.61122
92	179	0.411653
93	41	1.35976
93	73	1.18621
93	96	1.36983
93	102	1.31471
93	109	1.28405
93	111	1.34603
93	113	1.2977
93	116	1.35405
93	118	1.26148
93	119	1.26148
93	136	1.19032
93	141	1.27927
93	145	0.554744
93	146	1.29512
93	162	0.513357
93	163	0.575523
93	165	0.612348
93	169	0.534536
93	171	0.51635
93	176	0.634799
93	179	0.435233
94	2	1.40985
94	36	0.47886
94	44	1.45233
94	51	1.44493
94	52	1.35064
94	66	1.46124
94	78	1.2774
94	86	1.41188
94	90	1.35013
94	92	1.35013
94	124	1.49028
94	137	1.36745
94	139	0.519898
94	144	1.43374
94	156	0.498983
94	163	0.527133
94	165	0.563959
94	169	0.486146
94	174	0.482742
94	178	0.432381
94	179	0.386843
95	11	1.15854
95	31	1.27418
95	64	1.25923
95	79	1.22852
95	91	1.31449
95	97	1.26012
95	101	1.34856
95	103	1.33643
95	104	1.23422
95	107	1.29576
95	108	1.29576
95	122	0.53911
95	144	1.36326
95	156	0.565103
95	157	0.582018
95	169	0.552266
95	171	0.534081
95	175	1.43094
95	176	0.65253
95	178	0.498502
95	179	0.452964
96	4	1.43576
96	23	1.3631
96	73	1.30652
96	93	1.36983
96	109	1.40436
96	111	1.46633
96	113	1.418
96	116	1.47436
96	118	1.38179
96	119	1.38179
96	120	0.663343
96	139	1.38275
96	146	1.41543
96	152	0.525662
96	153	0.474741
96	159	0.412012
96	162	0.464556
96	169	0.485735
96	170	0.541257
96	175	0.399962
96	178	0.43197
97	21	0.621781
97	31	1.25241
97	36	0.533734
97	64	1.23745
97	79	1.20675
97	91	1.29272
97	95	1.26012
97	101	1.32679
97	103	1.31465
97	104	1.21245
97	107	1.27398
97	108	1.27398
97	124	1.39802
97	144	1.34149
97	154	0.552959
97	155	0.544683
97	156	0.553857
97	167	0.529255
97	168	0.508729
97	175	1.40917
97	178	0.487256
98	6	1.34222
98	18	1.32742
98	46	1.19147
98	70	1.3266
98	77	1.23172
98	80	1.34513
98	100	1.3205
98	105	1.31958
98	106	1.27368
98	112	1.33522
98	121	1.31635
98	140	1.23164
98	148	0.637386
98	152	1.23846
98	157	0.560155
98	160	0.511815
98	163	0.571391
98	170	0.585926
98	173	0.55241
98	174	0.527
98	179	0.431101
99	102	0.000745996
99	110	1.34429
99	115	1.44476
99	117	1.37599
99	123	1.47004
99	125	1.40492
99	126	1.40492
99	127	1.40492
99	147	1.47237
99	151	0.552687
99	153	0.492786
99	157	1.34859
99	160	0.485191
99	161	0.511886
99	163	1.35536
99	166	0.497264
99	171	0.485595
99	173	1.36646
99	174	1.40739
99	175	0.87976
99	177	0.492385
100	6	1.42345
100	17	1.23387
100	46	1.27271
100	70	1.40783
100	77	1.31296
100	80	1.42636
100	98	1.3205
100	105	1.40081
100	106	1.35491
100	112	1.41645
100	121	1.39758
100	136	0.638996
100	140	1.31287
100	152	1.31969
100	156	0.534619
100	157	0.551534
100	159	0.44806
100	162	0.500604
100	167	0.510017
100	175	0.43601
100	177	0.510387
100	178	0.468018
101	11	1.22521
101	31	1.34084
101	64	1.32589
101	79	1.29519
101	91	1.38116
101	95	1.34856
101	97	1.32679
101	103	1.40309
101	104	1.30088
101	107	1.36242
101	108	1.36242
101	136	0.632655
101	142	0.532945
101	144	1.42993
101	149	0.490496
101	153	0.504447
101	166	0.508924
101	167	0.503675
101	171	0.497255
101	174	0.512037
101	175	1.49761
101	179	0.416138
102	4	1.38064
102	41	1.42495
102	69	0.470046
102	73	1.2514
102	93	1.31471
102	99	0.000745996
102	109	1.34924
102	111	1.41121
102	113	1.36289
102	116	1.41924
102	118	1.32667
102	119	1.32667
102	139	1.32763
102	141	1.34446
102	146	1.36031
102	152	0.615094
102	154	0.587105
102	162	0.553988
102	165	0.652979
102	168	0.542875
102	178	0.521402
102	180	0.631988
103	11	1.21307
103	22	0.49985
103	64	1.31376
103	79	1.28306
103	91	1.36902
103	95	1.33643
103	97	1.31465
103	101	1.40309
103	104	1.28875
103	107	1.35029
103	108	1.35029
103	120	0.667252
103	124	1.47433
103	144	1.41779
103	164	0.547806
103	167	0.477878
103	171	0.471458
103	173	0.51165
103	174	0.48624
103	175	1.48548
103	177	0.478249
103	178	0.435879
104	11	1.11087
104	29	0.593223
104	31	1.2265
104	64	1.21155
104	79	1.18085
104	91	1.26681
104	95	1.23422
104	97	1.21245
104	101	1.30088
104	103	1.28875
104	107	1.24808
104	108	1.24808
104	124	1.37212
104	134	0.668664
104	144	1.31558
104	146	0.00259703
104	158	0.632497
104	162	0.622447
104	172	0.721226
104	175	1.38327
104	178	0.58986
104	180	0.700447
105	6	1.42253
105	17	1.23295
105	18	1.40773
105	22	0.516887
105	46	1.27178
105	70	1.40691
105	77	1.31203
105	80	1.42544
105	98	1.31958
105	100	1.40081
105	106	1.35399
105	112	1.41553
105	140	1.31195
105	152	1.31877
105	155	0.510344
105	159	0.432958
105	165	0.584494
105	170	0.562203
105	174	0.503277
105	177	0.495286
105	179	0.407378
105	180	0.563503
106	6	1.37663
106	17	1.18705
106	18	1.36183
106	46	1.22589
106	53	0.489785
106	70	1.36101
106	77	1.26614
106	80	1.37954
106	98	1.27368
106	100	1.35491
106	105	1.35399
106	112	1.36963
106	121	1.35076
106	122	0.511889
106	128	0.567875
106	129	0.502115
106	140	1.26605
106	152	1.27287
106	159	0.451323
106	161	0.533151
106	168	0.492754
106	172	0.602647
106	176	0.62531
107	11	1.1724
107	24	0.0323959
107	31	1.28804
107	53	0.543712
107	64	1.27309
107	79	1.24239
107	91	1.32835
107	95	1.29576
107	97	1.27398
107	101	1.36242
107	103	1.35029
107	104	1.24808
107	108	1.30962
107	124	1.43366
107	134	0.604012
107	144	1.37712
107	152	0.6189
107	165	0.656786
107	171	0.560787
107	174	0.575569
107	175	1.44481
107	178	0.525208
107	180	0.635795
108	11	1.1724
108	31	1.28804
108	64	1.27309
108	79	1.24239
108	91	1.32835
108	95	1.29576
108	97	1.27398
108	101	1.36242
108	103	1.35029
108	104	1.24808
108	107	1.30962
108	124	1.43366
108	139	0.535087
108	143	0.587186
108	144	1.37712
108	148	0.608317
108	153	0.490341
108	164	0.559497
108	168	0.469044
108	172	0.578936
108	173	0.523341
108	175	1.44481
108	178	0.447571
109	23	1.27731
109	41	1.39428
109	73	1.22074
109	93	1.28405
109	96	1.40436
109	102	1.34924
109	111	1.38055
109	113	1.33222
109	118	1.296
109	119	1.296
109	136	1.22485
109	139	1.29696
109	141	1.31379
109	146	1.32964
109	153	0.499582
109	155	0.514239
109	160	0.491987
109	161	0.518681
109	164	0.568737
109	165	0.588389
109	167	0.49881
109	174	0.507172
109	176	0.61084
110	76	1.21096
110	99	1.34429
110	115	1.31909
110	117	1.25032
110	121	1.30603
110	123	1.34438
110	125	1.27925
110	126	1.27925
110	127	1.27925
110	137	1.26534
110	143	0.619268
110	147	1.3467
110	148	0.640399
110	157	1.22293
110	158	0.522289
110	161	0.541523
110	163	1.22969
110	168	0.501126
110	170	0.588939
110	171	0.515232
110	173	1.24079
110	174	1.28173
110	178	0.479653
110	180	0.590239
111	23	1.33929
111	73	1.28272
111	93	1.34603
111	96	1.46633
111	102	1.41121
111	109	1.38055
111	113	1.3942
111	116	1.45055
111	118	1.35798
111	119	1.35798
111	129	0.481886
111	136	1.28683
111	139	1.35894
111	141	1.37577
111	146	1.39162
111	158	0.493689
111	159	0.431094
111	160	0.486227
111	161	0.512922
111	168	0.472525
111	170	0.560338
111	173	0.526823
111	177	0.493421
111	180	0.561639
112	6	1.43817
112	17	1.24859
112	18	1.42337
112	46	1.28742
112	70	1.42255
112	77	1.32768
112	80	1.44108
112	98	1.33522
112	100	1.41645
112	105	1.41553
112	106	1.36963
112	121	1.4123
112	130	0.527051
112	140	1.32759
112	152	1.33441
112	156	0.53969
112	160	0.508264
112	161	0.534959
112	168	0.494562
112	171	0.508668
112	174	0.52345
112	175	0.441081
112	177	0.515458
112	179	0.42755
113	4	1.36362
113	23	1.29096
113	41	1.40793
113	73	1.23439
113	93	1.2977
113	96	1.418
113	102	1.36289
113	109	1.33222
113	111	1.3942
113	116	1.40222
113	118	1.30965
113	119	1.30965
113	120	0.690029
113	136	1.2385
113	139	1.31061
113	141	1.32744
113	150	0.541468
113	153	0.501426
113	154	0.52436
113	163	0.553408
113	168	0.480129
113	171	0.494235
113	174	0.509017
113	175	0.426648
113	177	0.501025
114	12	1.09489
114	25	1.21125
114	30	1.39387
114	32	1.19935
114	57	1.21501
114	59	1.33687
114	60	1.17695
114	63	1.32489
114	68	1.33944
114	71	1.23005
114	82	1.26007
114	85	1.2873
114	87	1.13539
114	88	1.20812
114	129	0.553409
114	147	1.30216
114	161	0.584446
114	169	0.57634
114	170	0.631862
114	172	0.653941
114	173	0.598346
114	175	0.490568
114	178	1.2844
114	179	0.477038
114	180	0.633162
115	76	1.31142
115	99	1.44476
115	110	1.31909
115	117	1.35079
115	123	1.44484
115	125	1.37972
115	126	1.37972
115	127	1.37972
115	129	0.453989
115	136	0.594134
115	137	1.3658
115	139	0.510672
115	147	1.44716
115	150	0.505968
115	151	0.525826
115	154	0.488859
115	157	1.32339
115	158	0.465792
115	161	0.485026
115	163	1.33016
115	170	0.532442
115	171	0.458734
115	173	1.34125
115	174	1.38219
116	4	1.41998
116	6	0.00396797
116	23	1.34731
116	41	1.46429
116	73	1.29074
116	93	1.35405
116	96	1.47436
116	102	1.41924
116	111	1.45055
116	113	1.40222
116	118	1.366
116	119	1.366
116	132	0.655945
116	136	1.29485
116	139	1.36696
116	141	1.3838
116	145	0.559005
116	146	1.39964
116	150	0.567844
116	156	0.551633
116	166	0.532279
116	172	0.616397
116	174	0.535393
116	175	0.453024
116	177	0.527401
116	179	0.439494
117	29	0.486757
117	76	1.24265
117	99	1.37599
117	110	1.25032
117	115	1.35079
117	120	1.15625
117	121	1.33773
117	123	1.37607
117	125	1.31095
117	126	1.31095
117	127	1.31095
117	128	0.579988
117	132	0.654308
117	137	1.29703
117	147	1.3784
117	149	0.512214
117	154	0.549098
117	157	1.25462
117	159	0.463436
117	163	1.26139
117	164	0.59532
117	167	0.525393
117	173	1.27249
117	174	1.31342
117	179	0.437856
117	180	0.593981
118	4	1.3274
118	23	1.25474
118	29	0.487832
118	41	1.37171
118	73	1.19817
118	93	1.26148
118	96	1.38179
118	102	1.32667
118	109	1.296
118	111	1.35798
118	113	1.30965
118	116	1.366
118	119	1.27343
118	136	1.20228
118	139	1.27439
118	141	1.29122
118	145	0.558442
118	146	1.30707
118	148	0.645215
118	149	0.513289
118	151	0.587139
118	156	0.55107
118	158	0.527105
118	159	0.464511
118	167	0.526468
118	169	0.538233
119	4	1.3274
119	23	1.25474
119	41	1.37171
119	73	1.19817
119	93	1.26148
119	96	1.38179
119	102	1.32667
119	109	1.296
119	111	1.35798
119	113	1.30965
119	116	1.366
119	118	1.27343
119	136	1.20228
119	139	1.27439
119	141	1.29122
119	146	1.30707
119	148	0.617224
119	159	0.43652
119	161	0.518348
119	163	0.55123
119	164	0.568404
119	171	0.492057
119	172	0.587843
119	173	0.532249
119	174	0.506839
119	176	0.610506
120	54	0.64396
120	57	0.649711
120	67	0.70414
120	75	0.663314
120	96	0.663343
120	103	0.667252
120	113	0.690029
120	117	1.15625
120	125	1.18518
120	126	1.18518
120	127	1.18518
120	133	1.04463
120	136	1.08081
120	140	0.69598
120	148	1.07996
120	152	1.13407
120	157	1.12886
120	163	1.13563
120	164	1.11856
120	165	1.09441
120	166	1.19061
120	168	1.20029
120	171	1.1939
120	173	1.14672
120	174	1.18766
120	176	1.05977
120	180	1.09234
121	77	1.30881
121	98	1.31635
121	100	1.39758
121	106	1.35076
121	110	1.30603
121	112	1.4123
121	117	1.33773
121	123	1.43178
121	125	1.36666
121	126	1.36666
121	127	1.36666
121	132	0.605453
121	140	1.30872
121	150	0.517352
121	151	0.53721
121	152	1.31554
121	158	0.477176
121	160	0.469715
121	161	0.49641
121	163	1.3171
121	166	0.481787
121	169	0.488304
121	173	1.32819
121	174	1.36913
121	176	0.588568
121	178	0.434539
121	180	0.545126
122	31	0.533222
122	42	0.584738
122	44	0.403091
122	63	0.451935
122	65	0.476406
122	68	0.498224
122	91	0.508153
122	95	0.53911
122	106	0.511889
122	128	1.28074
122	134	1.32998
122	141	0.507322
122	146	0.543951
122	148	1.2485
122	153	1.37507
122	161	1.36141
122	162	1.3793
122	165	1.26295
122	167	1.36815
122	169	1.35006
122	170	1.27643
122	171	1.36245
122	172	1.26048
122	173	1.31527
122	176	1.22832
122	177	1.33658
122	178	1.40342
122	180	1.26088
123	13	1.43947
123	76	1.33671
123	99	1.47004
123	110	1.34438
123	115	1.44484
123	117	1.37607
123	121	1.43178
123	125	1.405
123	126	1.405
123	127	1.405
123	134	0.494762
123	137	1.39109
123	147	1.47245
123	148	0.576705
123	152	0.50965
123	155	0.473386
123	157	1.34868
123	158	0.458595
123	160	0.451134
123	163	1.35545
123	164	0.527885
123	165	0.547536
123	168	0.437432
123	169	0.469723
123	172	0.547324
123	173	1.36654
123	174	1.40748
123	179	0.37042
124	52	1.41805
124	66	1.52866
124	78	1.34482
124	79	1.36642
124	90	1.41755
124	92	1.41755
124	94	1.49028
124	97	1.39802
124	103	1.47433
124	104	1.37212
124	107	1.43366
124	108	1.43366
124	128	0.48076
124	130	0.438128
124	133	0.581178
124	137	1.43487
124	143	0.523782
124	144	1.50116
124	153	0.426937
124	159	0.364208
124	161	0.446036
124	163	0.478918
124	164	0.496092
124	166	0.431414
124	173	0.459937
124	175	1.56885
124	176	0.538194
125	9	1.3917
125	13	1.37435
125	21	0.593244
125	53	0.477222
125	76	1.27158
125	99	1.40492
125	110	1.27925
125	115	1.37972
125	117	1.31095
125	120	1.18518
125	121	1.36666
125	123	1.405
125	126	1.33988
125	127	1.33988
125	137	1.32596
125	142	0.529988
125	145	0.532692
125	147	1.40733
125	149	0.487539
125	155	0.516146
125	156	0.52532
125	157	1.28355
125	163	1.29032
125	166	0.505966
125	167	0.500718
125	169	0.512483
125	173	1.30142
125	174	1.34235
125	175	0.426711
125	176	0.612747
126	9	1.3917
126	13	1.37435
126	76	1.27158
126	99	1.40492
126	110	1.27925
126	115	1.37972
126	117	1.31095
126	120	1.18518
126	121	1.36666
126	123	1.405
126	125	1.33988
126	127	1.33988
126	130	0.50875
126	137	1.32596
126	139	0.542305
126	145	0.528761
126	147	1.40733
126	149	0.483608
126	155	0.512216
126	157	1.28355
126	163	1.29032
126	164	0.566714
126	166	0.502036
126	167	0.496787
126	168	0.476261
126	170	0.564074
126	172	0.586153
126	173	1.30142
126	174	1.34235
126	177	0.497157
127	9	1.3917
127	13	1.37435
127	53	0.477527
127	76	1.27158
127	99	1.40492
127	110	1.27925
127	115	1.37972
127	117	1.31095
127	120	1.18518
127	121	1.36666
127	123	1.405
127	125	1.33988
127	126	1.33988
127	128	0.555617
127	129	0.489857
127	136	0.630002
127	137	1.32596
127	147	1.40733
127	148	0.61977
127	157	1.28355
127	159	0.439066
127	161	0.520894
127	163	1.29032
127	166	0.506271
127	169	0.512788
127	171	0.494603
127	173	1.30142
127	174	1.34235
127	175	0.427016
127	180	0.56961
128	17	0.619734
128	48	0.524215
128	58	0.549086
128	62	0.588839
128	87	0.58854
128	106	0.567875
128	117	0.579988
128	122	1.28074
128	124	0.48076
128	127	0.555617
128	132	1.1085
128	140	0.561201
128	143	1.19802
128	145	1.23213
128	147	0.539813
128	148	1.16167
128	149	1.30193
128	155	1.25685
128	158	1.26183
128	160	1.29129
128	161	1.27458
128	162	1.29247
128	164	1.20027
128	166	1.27232
128	167	1.28131
128	168	1.282
128	169	1.26322
128	171	1.27561
128	176	1.14148
128	177	1.24975
128	180	1.17405
129	8	0.467673
129	20	0.397873
129	30	0.409095
129	31	0.523447
129	51	0.460028
129	80	0.444722
129	106	0.502115
129	111	0.481886
129	114	0.553409
129	115	0.453989
129	127	0.489857
129	141	0.497547
129	143	1.34449
129	145	1.37861
129	147	0.474053
129	149	1.4484
129	154	1.36707
129	156	1.38923
129	158	1.4083
129	160	1.43776
129	162	1.43894
129	164	1.34674
129	165	1.32259
129	166	1.41879
129	168	1.42848
129	169	1.40969
129	170	1.33607
129	172	1.32012
129	176	1.28795
129	177	1.39622
129	180	1.32052
130	8	0.490802
130	11	0.673649
130	45	0.476045
130	46	0.594847
130	72	0.403473
130	75	0.485903
130	86	0.494031
130	88	0.530301
130	112	0.527051
130	124	0.438128
130	126	0.50875
130	146	0.557305
130	156	1.28322
130	158	1.30229
130	159	1.38747
130	161	1.31504
130	162	1.33293
130	165	1.21658
130	166	1.31278
130	167	1.32178
130	168	1.32246
130	169	1.30368
130	170	1.23006
130	171	1.31608
130	172	1.2141
130	175	1.42742
130	176	1.18194
130	177	1.29021
130	178	1.35704
130	179	1.4704
130	180	1.21451
131	1	1.33594
131	3	1.18903
131	7	1.3591
131	16	1.37035
131	26	1.28577
131	34	1.45666
131	43	1.21113
131	45	1.39951
131	48	1.40695
131	61	1.26023
131	65	1.4168
131	72	1.51324
131	74	1.34716
131	75	1.30175
131	84	1.36308
131	89	1.31106
131	135	1.27648
131	138	1.37876
131	149	0.486509
131	150	0.540502
131	152	0.551381
131	153	0.50046
131	158	0.500326
131	159	1.417
131	160	0.492865
131	163	0.552441
131	164	0.569616
131	168	0.479163
131	173	0.53346
131	177	0.500059
131	179	0.412151
131	180	0.568276
132	6	0.698151
132	12	0.708558
132	14	1.24003
132	18	0.53376
132	39	1.08277
132	49	1.24988
132	50	1.14493
132	52	0.585235
132	58	1.20328
132	81	1.23507
132	83	1.10641
132	90	0.628424
132	116	0.655945
132	117	0.654308
132	121	0.605453
132	128	1.1085
132	138	1.22337
132	141	1.16606
132	142	1.16159
132	146	0.674256
132	147	0.614133
132	148	1.07626
132	155	1.17144
132	164	1.11486
132	166	1.18691
132	168	1.1966
132	171	1.19021
132	172	1.08824
132	176	1.05608
132	177	1.16434
132	179	1.34453
132	180	1.08864
133	3	0.746336
133	20	0.564052
133	33	0.664957
133	37	0.656942
133	54	0.6096
133	57	0.61535
133	73	0.70613
133	85	0.625035
133	120	1.04463
133	124	0.581178
133	142	1.17942
133	144	0.608213
133	148	1.0941
133	150	1.16104
133	151	1.13061
133	155	1.18928
133	158	1.19426
133	160	1.22372
133	161	1.20701
133	163	1.14977
133	164	1.1327
133	165	1.10855
133	167	1.21375
133	168	1.21443
133	169	1.19565
133	170	1.12203
133	171	1.20804
133	172	1.10607
133	176	1.07391
133	177	1.18218
133	179	1.36237
133	180	1.10648
134	10	0.419561
134	16	0.495715
134	40	0.576713
134	55	0.547596
134	68	0.536419
134	81	0.497969
134	82	0.521833
134	104	0.668664
134	107	0.604012
134	122	1.32998
134	123	0.494762
134	138	0.502331
134	142	1.29623
134	143	1.24725
134	144	0.490005
134	150	1.27785
134	151	1.24742
134	153	1.33747
134	154	1.26983
134	158	1.31106
134	161	1.32381
134	162	1.3417
134	164	1.2495
134	165	1.22535
134	167	1.33055
134	169	1.31245
134	170	1.23883
134	171	1.32485
134	172	1.22288
134	176	1.19072
134	177	1.29898
134	180	1.22328
135	1	1.27852
135	3	1.13161
135	8	1.32512
135	16	1.31293
135	27	1.48223
135	28	1.27533
135	29	0.495929
135	34	1.39924
135	35	1.28567
135	38	1.41678
135	40	1.17566
135	42	1.18302
135	48	1.34954
135	53	0.511069
135	55	1.31258
135	56	1.26637
135	62	1.22639
135	67	1.20749
135	72	1.45583
135	84	1.30567
135	89	1.25364
135	131	1.27648
135	142	0.563835
135	146	1.27989
135	149	0.521386
135	152	0.586258
135	157	0.576082
135	162	0.525152
135	166	0.539813
135	167	0.534565
135	170	0.601852
135	176	0.646594
135	178	0.492566
135	179	0.447028
136	7	0.357694
136	18	0.533825
136	52	0.5853
136	72	0.52049
136	84	0.579284
136	88	0.647317
136	89	0.623761
136	93	1.19032
136	100	0.638996
136	101	0.632655
136	109	1.22485
136	111	1.28683
136	113	1.2385
136	115	0.594134
136	116	1.29485
136	118	1.20228
136	119	1.20228
136	120	1.08081
136	127	0.630002
136	137	0.634285
136	139	1.20324
136	141	1.22007
136	146	1.23592
136	155	1.22545
136	160	1.25989
136	168	1.25061
136	169	1.23183
136	170	1.1582
136	171	1.24422
136	172	1.14225
136	174	1.23797
136	176	1.11009
136	177	1.21835
136	179	1.39854
136	180	1.14266
137	44	1.39692
137	51	1.38952
137	66	1.40584
137	78	1.222
137	86	1.35648
137	90	1.29472
137	92	1.29472
137	94	1.36745
137	110	1.26534
137	115	1.3658
137	117	1.29703
137	123	1.39109
137	124	1.43487
137	125	1.32596
137	126	1.32596
137	127	1.32596
137	136	0.634285
137	139	0.550823
137	144	1.37834
137	145	0.53728
137	149	0.492127
137	151	0.565977
137	153	0.506077
137	154	0.529011
137	155	0.520735
137	157	1.26964
137	163	1.27641
137	167	0.505306
137	168	0.48478
137	173	1.2875
137	174	1.32844
137	177	0.505676
137	178	0.463307
137	179	0.417769
137	180	0.573894
138	26	1.33063
138	29	1.33143
138	37	1.31373
138	39	1.28303
138	47	1.432
138	49	1.45015
138	50	1.34519
138	54	1.36393
138	58	1.40355
138	61	1.3051
138	65	1.46166
138	74	1.39202
138	75	1.34661
138	81	1.43534
138	83	1.30668
138	131	1.37876
138	132	1.22337
138	134	0.502331
138	139	0.511044
138	140	1.32382
138	141	1.36632
138	151	0.526198
138	155	0.480955
138	156	0.490128
138	157	0.507043
138	159	1.46186
138	163	0.518279
138	164	0.535454
138	165	0.555105
138	169	0.477292
138	171	0.459106
138	172	0.554893
138	175	0.39152
138	177	0.465897
138	179	1.5448
138	180	0.534114
139	6	0.614754
139	20	0.454556
139	22	1.30185
139	48	0.515138
139	59	0.516138
139	68	0.545132
139	73	1.19913
139	74	0.537472
139	81	0.506682
139	89	0.540299
139	94	0.519898
139	96	1.38275
139	102	1.32763
139	108	0.535087
139	109	1.29696
139	111	1.35894
139	113	1.31061
139	115	0.510672
139	116	1.36696
139	118	1.27439
139	119	1.27439
139	126	0.542305
139	136	1.20324
139	137	0.550823
139	138	0.511044
139	146	1.30803
139	155	1.29757
139	160	1.33201
139	164	1.24099
139	165	1.21684
139	167	1.32204
139	170	1.23032
139	171	1.31633
139	172	1.21436
139	175	1.42767
139	176	1.1822
139	180	1.21477
