1	62	1.17777
1	90	1.20354
1	92	1.26885
1	119	1.15755
1	125	0.609238
1	126	0.62217
1	132	1.20012
1	137	1.21555
1	151	1.16401
1	155	1.21262
1	158	0.821527
1	171	0.618565
2	20	0.617695
2	71	1.17796
2	72	0.664157
2	88	1.20846
2	89	1.20543
2	106	1.21578
2	126	0.642155
2	129	1.22595
2	132	1.1957
2	137	1.21113
2	149	0.751095
2	151	1.15959
3	5	1.08256
3	23	1.01984
3	37	1.11984
3	42	1.08703
3	44	1.08703
3	54	1.03641
3	56	0.667917
3	67	1.08461
3	108	1.04496
3	126	1.03772
3	168	1.06312
3	172	0.874736
4	89	1.07686
4	92	1.13586
4	96	1.04955
4	119	1.02455
4	122	1.0226
4	129	1.09737
4	137	1.08255
4	140	0.802392
4	151	1.03102
4	155	1.07962
4	170	0.878329
4	176	0.924506
5	3	1.08256
5	23	1.15835
5	37	1.25835
5	42	1.22555
5	44	1.22555
5	54	1.17493
5	63	1.25159
5	67	1.22313
5	82	0.569042
5	110	0.925355
5	120	0.543935
5	153	0.63879
6	80	0.640013
6	116	0.690913
6	127	0.630446
6	130	1.20378
6	134	1.22564
6	144	1.16815
6	149	0.716353
6	150	1.17492
6	152	1.20782
6	156	1.23395
6	157	1.19189
6	159	1.19385
7	13	1.33828
7	34	1.22562
7	49	1.15377
7	66	1.3279
7	73	1.28061
7	83	1.24763
7	120	0.532274
7	149	0.679157
7	160	0.627896
7	171	1.22619
7	178	0.636363
8	19	1.0783
8	39	1.25473
8	59	1.17544
8	70	1.15337
8	75	1.26917
8	78	1.33173
8	111	1.14997
8	127	0.645283
8	149	0.731191
8	160	0.67993
8	164	0.619037
8	171	1.18729
9	10	1.01968
9	71	1.05915
9	90	1.08032
9	119	1.03432
9	129	1.10714
9	132	1.07689
9	137	1.09232
9	151	1.04078
9	155	1.08939
9	161	0.761608
9	175	0.906206
9	180	0.938519
10	9	1.01968
10	31	0.680582
10	38	0.670593
10	53	1.10829
10	63	1.14647
10	67	1.11801
10	71	1.05031
10	126	1.07112
10	150	0.842356
10	173	1.06352
10	178	1.03298
10	180	0.989612
11	19	1.08513
11	39	1.26157
11	59	1.18228
11	70	1.1602
11	78	1.33857
11	82	0.608705
11	91	1.22134
11	111	1.1568
11	164	0.618327
11	171	1.19412
11	173	0.665824
11	177	0.781756
12	18	1.24222
12	22	1.24222
12	32	1.08618
12	64	0.509331
12	68	1.18495
12	76	1.25162
12	84	1.21764
12	135	0.675204
12	161	1.1997
12	162	0.744016
12	167	0.746057
12	170	1.17547
13	7	1.33828
13	34	1.22562
13	49	1.15377
13	66	1.3279
13	73	1.28061
13	83	1.24763
13	166	0.587593
13	171	1.22619
13	173	0.59653
13	176	0.66909
13	178	0.618394
14	53	1.24153
14	62	1.17893
14	88	1.21405
14	90	1.20471
14	116	0.661143
14	119	1.15871
14	122	1.15676
14	129	1.23153
14	138	0.578355
14	155	1.21378
14	161	0.625062
14	168	0.811875
15	48	1.1347
15	88	1.07502
15	119	1.01969
15	122	1.01773
15	127	0.809126
15	129	1.09251
15	131	1.08175
15	137	1.07769
15	151	1.02615
15	155	1.07476
15	178	0.85224
15	179	0.94457
16	64	0.747424
16	94	1.06881
16	101	1.09078
16	109	0.875715
16	121	1.02838
16	124	1.09427
16	133	1.06276
16	143	1.05334
16	145	1.08146
16	146	1.06552
16	147	1.05468
16	161	0.984177
17	95	1.15827
17	101	1.1809
17	105	1.17391
17	121	1.11851
17	133	1.15289
17	143	1.14347
17	145	1.17159
17	146	1.15565
17	147	1.14481
17	160	0.712422
17	166	0.690089
17	167	0.702134
17	169	0.768844
18	12	1.24222
18	22	1.1868
18	27	1.1879
18	32	1.03077
18	68	1.12954
18	76	1.1962
18	79	0.609092
18	84	1.16222
18	93	0.673306
18	161	1.14429
18	170	1.12006
18	176	0.774506
18	177	0.817878
19	8	1.0783
19	11	1.08513
19	39	1.07255
19	59	0.993257
19	70	0.971179
19	78	1.14955
19	106	1.03076
19	111	0.967783
19	118	1.0464
19	124	0.866056
19	163	0.83532
19	168	1.10541
19	171	1.0051
20	2	0.617695
20	48	0.552209
20	61	0.623176
20	138	1.224
20	156	0.59885
20	162	1.19641
20	169	1.16118
20	172	1.15535
20	175	1.11842
20	176	1.15262
20	178	1.15625
20	179	1.12289
20	180	1.11288
21	134	1.18192
21	139	1.1572
21	140	0.580121
21	141	0.885889
21	142	1.15265
21	144	1.12442
21	150	1.13119
21	152	1.1641
21	156	1.19023
21	157	1.14817
21	159	1.15012
21	172	0.631241
21	175	0.777409
22	12	1.24222
22	18	1.1868
22	25	1.1879
22	32	1.03077
22	68	1.12954
22	76	1.1962
22	79	0.633983
22	84	1.16223
22	116	0.766054
22	161	1.14429
22	164	0.679341
22	169	0.796656
22	170	1.12006
23	3	1.01984
23	5	1.15835
23	37	1.19564
23	42	1.16283
23	44	1.16283
23	45	0.789153
23	54	1.11221
23	63	1.18887
23	67	1.16041
23	72	0.744861
23	81	1.23903
23	99	0.582478
23	166	0.758205
24	103	0.667384
24	104	1.17845
24	135	0.647302
24	139	1.15763
24	142	1.15309
24	144	1.12486
24	150	1.13163
24	152	1.16453
24	156	1.19066
24	157	1.1486
24	159	1.15056
24	172	0.716612
24	174	0.8388
25	22	1.1879
25	27	1.189
25	32	1.03186
25	60	0.740893
25	68	1.13064
25	75	1.23343
25	76	1.1973
25	84	1.16332
25	161	1.14539
25	163	0.559649
25	170	1.12116
25	179	0.753986
25	180	0.819839
26	43	0.545822
26	77	0.595984
26	84	0.606414
26	103	1.20579
26	155	0.573959
26	168	1.10848
26	172	1.17329
26	173	1.20473
26	174	1.1432
26	175	1.13636
26	177	1.1565
26	179	1.14083
26	180	1.13082
27	18	1.1879
27	25	1.189
27	32	1.03186
27	68	1.13064
27	75	1.23343
27	76	1.1973
27	84	1.16332
27	126	0.634197
27	161	1.14539
27	170	1.12116
27	173	0.67848
27	178	0.700344
27	180	0.858527
28	71	0.660837
28	106	0.504678
28	152	0.611469
28	159	0.555182
28	160	1.20116
28	166	1.20802
28	168	1.10223
28	172	1.16705
28	175	1.13012
28	176	1.16431
28	178	1.16795
28	179	1.13459
28	180	1.12458
29	60	1.08795
29	71	1.14153
29	72	0.700374
29	79	1.22356
29	118	1.19498
29	119	1.11669
29	122	1.11474
29	129	1.18951
29	132	1.15927
29	148	0.743606
29	154	0.7574
29	155	1.17176
29	171	0.674766
30	38	0.686425
30	110	1.01382
30	121	0.904078
30	142	0.802449
30	154	1.07762
30	162	1.10171
30	168	0.995839
30	169	1.06648
30	174	1.03056
30	175	1.02372
30	177	1.04386
30	179	1.02819
30	180	1.01819
31	10	0.680582
31	94	1.15886
31	101	1.18083
31	105	1.17384
31	121	1.11844
31	133	1.15281
31	143	1.1434
31	145	1.17151
31	146	1.15557
31	147	1.14474
31	175	0.730127
31	177	0.698326
31	179	0.696587
32	12	1.08618
32	18	1.03077
32	22	1.03077
32	25	1.03186
32	27	1.03186
32	68	0.973502
32	74	1.03976
32	76	1.04017
32	84	1.00619
32	112	1.01642
32	161	0.988252
32	164	0.896954
32	170	0.964024
32	174	1.0682
33	95	1.1196
33	101	1.14224
33	102	1.14802
33	105	1.13525
33	120	0.684
33	121	1.07984
33	125	0.709011
33	133	1.11422
33	143	1.1048
33	145	1.13292
33	146	1.11698
33	147	1.10614
33	161	0.769361
33	175	0.913959
34	7	1.22562
34	13	1.22562
34	49	1.04112
34	66	1.21524
34	73	1.16795
34	83	1.13497
34	91	1.14075
34	97	0.620154
34	124	1.13519
34	161	0.702735
34	167	0.702708
34	171	1.11353
34	175	0.847333
35	36	1.2521
35	94	1.10863
35	101	1.1306
35	105	1.12361
35	121	1.0682
35	126	0.750389
35	133	1.10258
35	143	1.09316
35	145	1.12128
35	146	1.10534
35	147	1.0945
35	165	0.775192
35	171	0.746784
35	172	0.796237
36	35	1.2521
36	64	0.452075
36	94	1.24995
36	105	1.26493
36	116	0.72491
36	121	1.20953
36	128	0.579525
36	133	1.24391
36	143	1.23449
36	145	1.2626
36	146	1.24667
36	147	1.23583
36	149	0.75035
36	171	0.637805
37	3	1.11984
37	5	1.25835
37	23	1.19564
37	42	1.26283
37	44	1.26283
37	54	1.21221
37	63	1.28887
37	67	1.26041
37	81	1.33903
37	85	0.653266
37	107	0.476544
37	110	0.833848
37	135	0.466908
37	180	0.7147
38	10	0.670593
38	30	0.686425
38	57	0.49732
38	101	1.26664
38	102	1.27242
38	105	1.25965
38	121	1.20424
38	133	1.23862
38	135	0.50466
38	143	1.2292
38	145	1.25732
38	146	1.24138
38	147	1.23054
38	176	0.644964
39	8	1.25473
39	11	1.26157
39	19	1.07255
39	59	1.1697
39	70	1.14762
39	78	1.32599
39	80	1.15628
39	106	1.2072
39	118	1.22284
39	160	0.675594
39	161	0.665334
39	162	0.663265
39	166	0.653261
39	171	1.18154
39	178	0.684062
40	52	1.226
40	98	1.23333
40	107	0.573735
40	130	1.19355
40	136	1.22336
40	139	1.19069
40	142	1.18615
40	144	1.15792
40	156	1.22372
40	157	1.18166
40	159	1.18362
40	162	0.632912
40	173	0.631845
40	174	0.755598
40	179	0.746038
41	65	1.08914
41	91	0.642595
41	113	1.13395
41	134	1.10906
41	136	1.117
41	142	1.07979
41	144	1.05156
41	150	1.05833
41	152	1.09124
41	156	1.11737
41	157	1.0753
41	159	1.07726
41	165	0.776283
41	168	0.985711
41	169	0.865581
42	3	1.08703
42	5	1.22555
42	23	1.16283
42	37	1.26283
42	44	1.23003
42	54	1.1794
42	63	1.25606
42	67	1.2276
42	108	1.18795
42	114	0.595354
42	120	0.576758
42	126	1.18071
42	141	0.915197
42	148	0.679935
42	163	0.57884
43	26	0.545822
43	95	1.1996
43	101	1.22224
43	102	1.22802
43	105	1.21525
43	121	1.15984
43	133	1.19422
43	143	1.1848
43	145	1.21292
43	146	1.19698
43	147	1.18614
43	161	0.613146
43	175	0.757743
43	177	0.725942
43	178	0.631874
44	3	1.08703
44	5	1.22555
44	23	1.16283
44	37	1.26283
44	42	1.23003
44	45	0.637704
44	54	1.1794
44	63	1.25606
44	67	1.2276
44	108	1.18795
44	116	0.654909
44	126	1.18071
44	138	0.572121
44	169	0.685511
44	180	0.795739
45	23	0.789153
45	44	0.637704
45	87	0.725249
45	102	0.709455
45	153	1.14396
45	165	1.11527
45	167	1.13425
45	172	1.09207
45	173	1.12351
45	174	1.06198
45	175	1.05514
45	176	1.08933
45	177	1.07527
45	179	1.05961
45	180	1.0496
46	91	0.75993
46	99	0.728434
46	103	0.865434
46	113	1.14007
46	136	1.12312
46	139	1.09045
46	142	1.0859
46	144	1.05767
46	150	1.06445
46	152	1.09735
46	156	1.12348
46	157	1.08142
46	159	1.08338
46	170	1.05272
46	172	0.914662
47	59	0.558716
47	75	0.537821
47	78	0.412241
47	94	0.566476
47	119	1.18654
47	121	0.579262
47	122	1.18459
47	151	1.193
47	156	1.2639
47	157	1.22183
47	159	1.22379
47	173	1.22459
47	176	1.19041
47	179	1.16068
47	180	1.15067
48	15	1.1347
48	20	0.552209
48	62	1.17535
48	92	1.26644
48	96	1.18013
48	115	1.24125
48	122	1.15317
48	129	1.22795
48	132	1.1977
48	137	1.21313
48	138	0.57738
48	155	1.2102
48	158	0.776026
48	162	0.622019
48	174	0.744704
49	7	1.15377
49	13	1.15377
49	34	1.04112
49	66	1.14339
49	73	1.0961
49	80	0.822028
49	82	1.11723
49	83	1.06312
49	91	1.0689
49	97	0.754267
49	108	1.05757
49	124	1.06334
49	170	0.860094
49	171	1.04168
49	172	0.835277
50	81	0.802855
50	89	0.997574
50	112	0.991914
50	116	1.03818
50	153	1.03495
50	160	1.01718
50	162	1.02412
50	166	1.02404
50	167	1.02525
50	173	1.01451
50	176	0.980331
50	177	0.96627
50	178	0.983964
50	179	0.950606
50	180	0.940597
51	67	0.522117
51	68	1.15642
51	76	1.22308
51	84	1.1891
51	87	0.575839
51	90	1.18634
51	102	0.560044
51	134	0.554037
51	147	0.642018
51	151	1.1468
51	155	1.19541
51	167	1.18912
51	170	1.14694
51	178	1.14784
51	179	1.11448
51	180	1.10447
52	40	1.226
52	58	0.589447
52	87	1.17307
52	117	1.13588
52	130	1.16693
52	134	1.18879
52	142	1.15953
52	144	1.1313
52	150	1.13807
52	156	1.1971
52	159	1.157
52	167	0.717636
52	170	1.12635
52	171	0.666639
52	178	0.736391
52	179	0.828721
53	10	1.10829
53	14	1.24153
53	62	1.14315
53	69	0.807059
53	89	1.17523
53	96	1.14793
53	115	1.20906
53	122	1.12098
53	123	0.659631
53	132	1.1655
53	137	1.18093
53	151	1.1294
53	153	0.678924
53	155	1.178
53	166	0.657358
53	176	0.738854
54	3	1.03641
54	5	1.17493
54	23	1.11221
54	37	1.21221
54	42	1.1794
54	44	1.1794
54	63	1.20544
54	67	1.17698
54	81	1.2556
54	99	0.584758
54	108	1.13733
54	126	1.13009
54	135	0.701676
54	140	0.719867
54	160	0.782817
54	165	0.749942
55	122	0.836947
55	130	0.695982
55	134	0.700453
55	141	1.00736
55	145	0.689941
55	149	1.08354
55	164	1.12839
55	166	1.1029
55	167	1.10411
55	172	1.06192
55	173	1.09336
55	174	1.03183
55	176	1.05919
55	177	1.04513
55	178	1.06282
55	180	1.01945
56	3	0.667917
56	96	0.595691
56	122	0.612676
56	149	1.18519
56	157	0.512769
56	159	0.534548
56	162	1.20462
56	165	1.18677
56	167	1.20575
56	172	1.16357
56	173	1.19501
56	174	1.13348
56	175	1.12664
56	177	1.14677
56	179	1.13111
56	180	1.1211
57	38	0.49732
57	73	1.22457
57	83	1.1916
57	90	1.17916
57	105	0.596123
57	113	0.574967
57	129	1.20598
57	142	0.613344
57	151	1.13963
57	155	1.18823
57	157	0.642938
57	171	1.17015
57	172	1.13976
57	177	1.12297
57	178	1.14066
57	180	1.09729
58	52	0.589447
58	94	0.652193
58	101	0.718805
58	138	1.20269
58	142	0.563349
58	144	0.621061
58	158	1.11099
58	160	1.16816
58	164	1.20052
58	169	1.13988
58	174	1.10396
58	175	1.09712
58	176	1.13132
58	177	1.11725
58	178	1.13495
58	179	1.10159
58	180	1.09158
59	8	1.17544
59	11	1.18228
59	19	0.993257
59	39	1.1697
59	47	0.558716
59	70	1.06833
59	75	1.18413
59	78	1.2467
59	79	0.676657
59	80	1.07699
59	91	1.12947
59	106	1.12791
59	118	1.14355
59	163	0.689369
59	168	0.959461
59	171	1.10225
59	178	0.791376
60	25	0.740893
60	29	1.08795
60	66	1.15007
60	70	0.854913
60	73	1.10278
60	83	1.06981
60	85	1.03273
60	88	1.06671
60	113	0.751153
60	144	0.847242
60	151	1.01784
60	155	1.06644
60	171	1.04836
60	175	0.981043
60	176	1.01524
60	179	0.985515
60	180	0.975506
61	20	0.623176
61	71	1.11517
61	89	1.14264
61	93	0.663278
61	96	1.11534
61	110	0.991114
61	111	0.755889
61	112	1.14934
61	115	1.17646
61	118	1.16863
61	119	1.09034
61	122	1.08838
61	129	1.16316
61	137	1.14834
61	151	1.0968
61	155	1.14541
61	164	0.644422
62	1	1.17777
62	14	1.17893
62	48	1.17535
62	53	1.14315
62	89	1.11264
62	92	1.17165
62	115	1.14647
62	119	1.06034
62	124	0.657632
62	129	1.13316
62	137	1.11834
62	151	1.0668
62	155	1.11541
62	172	0.708604
62	173	0.707039
62	176	0.779599
62	180	0.887086
63	5	1.25159
63	10	1.14647
63	23	1.18887
63	37	1.28887
63	42	1.25606
63	44	1.25606
63	54	1.20544
63	67	1.25364
63	81	1.33226
63	108	1.21399
63	123	0.536761
63	126	1.20675
63	153	0.556054
63	158	0.698499
63	174	0.667178
63	175	0.691158
63	177	0.659356
64	12	0.509331
64	16	0.747424
64	36	0.452075
64	68	0.6003
64	139	0.449446
64	156	0.433974
64	158	1.22042
64	162	1.28454
64	167	1.28567
64	168	1.17867
64	169	1.24931
64	172	1.24348
64	173	1.27493
64	175	1.20655
64	178	1.24438
64	179	1.21102
64	180	1.20102
65	41	1.08914
65	97	0.607001
65	104	1.1544
65	109	0.581119
65	130	1.13643
65	134	1.15829
65	136	1.16624
65	142	1.12903
65	144	1.1008
65	150	1.10757
65	152	1.14047
65	156	1.1666
65	157	1.12454
65	159	1.1265
65	168	0.876394
65	174	0.810199
65	180	0.866492
66	7	1.3279
66	13	1.3279
66	34	1.21524
66	49	1.14339
66	60	1.15007
66	73	1.27023
66	79	0.547117
66	83	1.23725
66	91	1.24303
66	108	1.2317
66	124	1.23747
66	140	0.590418
66	154	0.674718
66	161	0.643108
66	164	0.592476
66	171	1.21581
66	174	0.763725
67	3	1.08461
67	5	1.22313
67	10	1.11801
67	23	1.16041
67	37	1.26041
67	42	1.2276
67	44	1.2276
67	51	0.522117
67	54	1.17698
67	63	1.25364
67	81	1.3038
67	108	1.18553
67	124	0.600109
67	126	1.17829
67	162	0.650583
67	166	0.640579
67	177	0.765448
67	179	0.76371
68	12	1.18495
68	18	1.12954
68	22	1.12954
68	25	1.13064
68	27	1.13064
68	32	0.973502
68	51	1.15642
68	64	0.6003
68	76	1.13894
68	84	1.10496
68	97	0.754473
68	111	1.05587
68	112	1.1152
68	161	1.08702
68	166	0.824981
68	167	0.837026
68	170	1.0628
68	178	0.855782
69	53	0.807059
69	98	0.778077
69	102	0.828207
69	155	0.778912
69	160	1.07344
69	163	1.11493
69	165	1.06253
69	167	1.08151
69	169	1.04516
69	172	1.03933
69	173	1.07077
69	174	1.00924
69	176	1.0366
69	177	1.02253
69	178	1.04023
69	179	1.00687
69	180	0.996861
70	8	1.15337
70	11	1.1602
70	19	0.971179
70	39	1.14762
70	59	1.06833
70	60	0.854913
70	75	1.16205
70	78	1.22462
70	80	1.05491
70	91	1.10739
70	106	1.10583
70	111	1.04285
70	118	1.12148
70	127	0.732562
70	162	0.754879
70	171	1.08017
70	172	0.755377
70	178	0.775676
71	2	1.17796
71	9	1.05915
71	10	1.05031
71	28	0.660837
71	29	1.14153
71	61	1.11517
71	88	1.12029
71	90	1.11095
71	119	1.06495
71	128	0.739288
71	129	1.13777
71	132	1.10752
71	137	1.12295
71	151	1.07142
71	155	1.12002
71	165	0.825977
71	167	0.848565
71	171	0.797569
72	2	0.664157
72	23	0.744861
72	29	0.700374
72	88	0.656815
72	157	0.695742
72	163	1.18375
72	164	1.17462
72	166	1.14913
72	168	1.04334
72	169	1.11398
72	172	1.10815
72	173	1.1396
72	174	1.07806
72	175	1.07122
72	176	1.10542
72	177	1.09136
72	179	1.07569
72	180	1.06568
73	7	1.28061
73	13	1.28061
73	34	1.16795
73	49	1.0961
73	57	1.22457
73	60	1.10278
73	66	1.27023
73	82	1.24406
73	83	1.18996
73	100	0.494967
73	108	1.18441
73	124	1.19018
73	135	0.581171
73	169	0.718734
73	170	0.675298
73	171	1.16852
73	174	0.772669
73	177	0.764848
74	32	1.03976
74	109	1.10446
74	110	0.982784
74	116	1.08473
74	139	0.778371
74	144	0.841448
74	148	1.05519
74	155	0.733456
74	169	1.03544
74	172	1.02961
74	173	1.06106
74	174	0.999525
74	175	0.992683
74	176	1.02688
74	177	1.01282
74	178	1.03051
74	179	0.997155
74	180	0.987147
75	8	1.26917
75	25	1.23343
75	27	1.23343
75	47	0.537821
75	59	1.18413
75	70	1.16205
75	84	1.20775
75	109	0.643291
75	128	0.642449
75	143	1.17671
75	145	1.20482
75	146	1.18888
75	147	1.17805
75	163	0.668474
75	164	0.701121
75	170	1.16559
75	171	1.19598
75	173	0.748617
76	12	1.25162
76	18	1.1962
76	22	1.1962
76	25	1.1973
76	27	1.1973
76	32	1.04017
76	51	1.22308
76	68	1.13894
76	82	0.600905
76	84	1.17163
76	110	0.957219
76	111	1.12253
76	112	1.18186
76	114	0.594394
76	124	0.608616
76	161	1.15369
76	166	0.649087
76	170	1.12946
76	175	0.805757
77	26	0.595984
77	87	1.17351
77	108	1.17306
77	113	1.21412
77	117	1.13631
77	134	1.18923
77	136	1.19717
77	139	1.1645
77	140	0.610618
77	144	1.13173
77	150	1.1385
77	152	1.17141
77	154	0.694918
77	156	1.19754
77	157	1.15547
77	159	1.15743
77	167	0.663281
77	168	0.850121
77	169	0.729991
78	8	1.33173
78	11	1.33857
78	19	1.14955
78	39	1.32599
78	47	0.412241
78	59	1.2467
78	70	1.22462
78	80	1.23328
78	91	1.28576
78	106	1.2842
78	111	1.22122
78	118	1.29984
78	123	0.616374
78	163	0.542894
78	167	0.626146
78	169	0.692856
78	171	1.25854
78	173	0.623037
78	176	0.695597
79	18	0.609092
79	22	0.633983
79	29	1.22356
79	59	0.676657
79	66	0.547117
79	83	0.564001
79	132	1.18956
79	137	1.20498
79	139	1.19131
79	143	0.631213
79	148	1.17916
79	150	1.16531
79	151	1.15345
79	152	1.19821
79	159	1.18424
79	174	1.1235
79	178	1.15448
79	179	1.12113
79	180	1.11112
80	6	0.640013
80	39	1.15628
80	49	0.822028
80	59	1.07699
80	70	1.05491
80	78	1.23328
80	102	1.11278
80	130	0.665282
80	133	1.07898
80	143	1.06956
80	144	0.734457
80	147	1.0709
80	150	0.732485
80	165	1.08165
80	171	1.08883
80	173	1.08989
80	174	1.02835
80	177	1.04165
80	180	1.01597
81	23	1.23903
81	37	1.33903
81	50	0.802855
81	54	1.2556
81	63	1.33226
81	67	1.3038
81	139	1.25559
81	141	0.705806
81	142	1.25105
81	145	1.2571
81	146	1.24116
81	147	1.23033
81	157	1.24656
81	159	1.24852
81	160	0.462988
81	167	0.452701
81	168	0.639541
81	169	0.51941
81	180	0.629638
82	5	0.569042
82	11	0.608705
82	49	1.11723
82	73	1.24406
82	76	0.600905
82	83	1.21108
82	89	0.587193
82	90	0.646089
82	98	0.580194
82	133	1.17979
82	143	1.17037
82	146	1.18255
82	147	1.17171
82	165	1.18246
82	169	1.16508
82	171	1.18964
82	177	1.14246
82	179	1.12679
82	180	1.11678
83	7	1.24763
83	13	1.24763
83	34	1.13497
83	49	1.06312
83	57	1.1916
83	60	1.06981
83	66	1.23725
83	73	1.18996
83	79	0.564001
83	82	1.21108
83	91	1.16276
83	108	1.15143
83	124	1.1572
83	128	0.550688
83	158	0.811931
83	167	0.659965
83	171	1.13554
83	174	0.78061
83	177	0.772788
84	12	1.21764
84	18	1.16222
84	22	1.16223
84	25	1.16332
84	26	0.606414
84	27	1.16332
84	32	1.00619
84	51	1.1891
84	68	1.10496
84	75	1.20775
84	76	1.17163
84	93	0.641962
84	111	1.08855
84	112	1.14788
84	161	1.11971
84	167	0.673711
84	168	0.860552
84	170	1.09548
84	175	0.818336
84	176	0.743162
85	37	0.653266
85	60	1.03273
85	88	0.797708
85	92	0.697472
85	106	0.80791
85	113	0.768665
85	153	1.11997
85	158	1.04502
85	164	1.13455
85	167	1.11026
85	169	1.07391
85	172	1.06808
85	173	1.09952
85	174	1.03799
85	175	1.03115
85	176	1.06534
85	177	1.05128
85	178	1.06898
85	179	1.03562
85	180	1.02561
86	87	1.14781
86	98	1.18144
86	104	1.15963
86	113	1.18842
86	117	1.11061
86	130	1.14167
86	136	1.17147
86	140	0.65602
86	144	1.10603
86	150	1.1128
86	152	1.1457
86	153	0.718204
86	156	1.17184
86	157	1.12977
86	158	0.860649
86	159	1.13173
86	163	0.625432
86	166	0.696638
86	170	1.10108
86	175	0.853308
87	45	0.725249
87	51	0.575839
87	52	1.17307
87	77	1.17351
87	86	1.14781
87	98	1.18041
87	134	1.16249
87	138	0.659666
87	139	1.13777
87	142	1.13323
87	144	1.105
87	150	1.11177
87	152	1.14467
87	156	1.1708
87	157	1.12874
87	159	1.1307
87	170	1.10005
87	172	0.704803
87	178	0.725102
87	180	0.883284
88	2	1.20846
88	14	1.21405
88	15	1.07502
88	60	1.06671
88	71	1.12029
88	72	0.656815
88	85	0.797708
88	92	1.20676
88	112	1.15445
88	115	1.18158
88	118	1.17375
88	119	1.09545
88	122	1.0935
88	131	1.15752
88	151	1.10192
88	154	0.713841
88	155	1.15052
88	164	0.631599
88	173	0.679095
88	177	0.795027
89	2	1.20543
89	4	1.07686
89	50	0.997574
89	53	1.17523
89	61	1.14264
89	62	1.11264
89	82	0.587193
89	92	1.20373
89	93	0.61567
89	96	1.11742
89	115	1.17855
89	122	1.09047
89	129	1.16524
89	132	1.13499
89	137	1.15042
89	151	1.09888
89	155	1.14749
89	170	0.670694
89	173	0.644311
89	179	0.758505
90	1	1.20354
90	9	1.08032
90	14	1.20471
90	51	1.18634
90	57	1.17916
90	71	1.11095
90	82	0.646089
90	96	1.11111
90	115	1.17224
90	119	1.08612
90	129	1.15894
90	132	1.12869
90	137	1.14411
90	138	0.659636
90	151	1.09258
90	155	1.14118
90	160	0.716603
90	169	0.773025
90	170	0.72959
90	179	0.817401
91	11	1.22134
91	34	1.14075
91	41	0.642595
91	46	0.75993
91	49	1.0689
91	59	1.12947
91	66	1.24303
91	70	1.10739
91	78	1.28576
91	83	1.16276
91	101	0.690717
91	113	0.496885
91	146	0.564237
91	150	0.591001
91	164	1.17739
91	171	1.14131
91	174	1.08084
91	177	1.09413
91	179	1.07847
91	180	1.06846
92	1	1.26885
92	4	1.13586
92	48	1.26644
92	62	1.17165
92	85	0.697472
92	88	1.20676
92	89	1.20373
92	96	1.17642
92	115	1.23755
92	119	1.15143
92	131	1.21349
92	132	1.194
92	137	1.20943
92	151	1.15789
92	155	1.2065
92	162	0.579927
92	170	0.605242
92	172	0.580424
92	177	0.694791
92	179	0.693053
92	180	0.758906
93	18	0.673306
93	61	0.663278
93	84	0.641962
93	89	0.61567
93	122	0.78929
93	131	0.678437
93	149	1.13673
93	160	1.14922
93	163	1.1907
93	165	1.13831
93	167	1.15729
93	169	1.12093
93	172	1.1151
93	173	1.14655
93	174	1.08502
93	175	1.07817
93	176	1.11237
93	177	1.09831
93	178	1.116
93	179	1.08265
93	180	1.07264
94	16	1.06881
94	31	1.15886
94	35	1.10863
94	36	1.24995
94	47	0.566476
94	58	0.652193
94	95	1.10582
94	101	1.12845
94	102	1.13423
94	105	1.12146
94	114	0.713643
94	118	1.15159
94	121	1.06606
94	133	1.10044
94	143	1.09102
94	145	1.11913
94	146	1.1032
94	147	1.09236
94	169	0.847091
94	170	0.803655
94	179	0.891466
95	17	1.15827
95	33	1.1196
95	43	1.1996
95	94	1.10582
95	101	1.12779
95	102	1.13357
95	105	1.1208
95	112	1.13164
95	121	1.06539
95	131	1.1347
95	133	1.09977
95	143	1.09035
95	145	1.11847
95	146	1.10253
95	147	1.0917
95	162	0.746581
95	163	0.66537
95	170	0.771896
95	173	0.745513
95	176	0.818073
95	177	0.861445
96	4	1.04955
96	48	1.18013
96	53	1.14793
96	56	0.595691
96	61	1.11534
96	89	1.11742
96	90	1.11111
96	92	1.17642
96	115	1.15124
96	122	1.06316
96	124	0.751538
96	129	1.13794
96	131	1.12718
96	132	1.10769
96	137	1.12312
96	138	0.757373
96	151	1.07158
96	155	1.12019
96	160	0.814341
96	162	0.802012
96	178	0.822809
97	34	0.620154
97	49	0.754267
97	65	0.607001
97	68	0.754473
97	118	0.612602
97	132	0.728228
97	140	1.18783
97	154	1.1264
97	163	1.18502
97	165	1.13263
97	166	1.1504
97	167	1.15161
97	168	1.04461
97	169	1.11525
97	172	1.10942
97	173	1.14087
97	174	1.07934
97	176	1.10669
97	177	1.09263
97	178	1.11032
97	180	1.06696
98	40	1.23333
98	69	0.778077
98	82	0.580194
98	86	1.18144
98	87	1.18041
98	117	1.14321
98	130	1.17427
98	134	1.19613
98	136	1.20407
98	138	0.593741
98	139	1.17141
98	142	1.16686
98	144	1.13863
98	149	0.70197
98	150	1.1454
98	156	1.20444
98	157	1.16238
98	158	0.792387
98	159	1.16433
98	164	0.589816
98	169	0.707131
98	170	1.13368
99	23	0.582478
99	46	0.728434
99	54	0.584758
99	102	0.50278
99	123	1.22628
99	135	1.24801
99	137	0.599223
99	138	1.22031
99	147	0.584754
99	149	1.17329
99	159	0.555138
99	162	1.19272
99	163	1.22727
99	165	1.17487
99	166	1.19265
99	167	1.19385
99	168	1.08685
99	172	1.15167
99	176	1.14894
99	177	1.13487
99	179	1.11921
99	180	1.1092
100	73	0.494967
100	106	0.535349
100	112	0.484702
100	119	0.683744
100	130	0.523017
100	141	1.12431
100	151	0.629837
100	152	0.64214
100	154	1.19583
100	158	1.1558
100	160	1.21298
100	164	1.24533
100	166	1.21984
100	168	1.11405
100	172	1.17886
100	173	1.21031
100	175	1.14193
100	176	1.17613
100	177	1.16207
100	178	1.17976
100	179	1.1464
100	180	1.1364
101	16	1.09078
101	17	1.1809
101	31	1.18083
101	33	1.14224
101	35	1.1306
101	38	1.26664
101	43	1.22224
101	58	0.718805
101	91	0.690717
101	94	1.12845
101	95	1.12779
101	102	1.15621
101	126	0.799601
101	131	1.15734
101	132	0.00644296
101	133	1.12241
101	143	1.11299
101	145	1.14111
101	146	1.12517
101	147	1.11433
101	165	0.824405
101	173	0.843884
101	174	0.967637
102	33	1.14802
102	38	1.27242
102	43	1.22802
102	45	0.709455
102	51	0.560044
102	69	0.828207
102	80	1.11278
102	94	1.13423
102	95	1.13357
102	99	0.50278
102	101	1.15621
102	105	1.14922
102	106	1.1637
102	121	1.09381
102	131	1.16312
102	133	1.12819
102	140	0.637889
102	143	1.11877
102	145	1.14689
102	146	1.13095
102	147	1.12011
102	153	0.700073
102	180	0.86749
103	24	0.667384
103	26	1.20579
103	46	0.865434
103	115	0.632707
103	125	1.13652
103	144	0.698478
103	155	0.590485
103	157	0.67036
103	160	1.11994
103	163	1.16142
103	164	1.15229
103	165	1.10903
103	167	1.12801
103	168	1.02101
103	169	1.09165
103	173	1.11727
103	174	1.05573
103	175	1.04889
103	177	1.06903
103	178	1.08672
103	179	1.05336
103	180	1.04335
104	24	1.17845
104	65	1.1544
104	86	1.15963
104	113	1.19921
104	117	1.1214
104	128	0.555189
104	130	1.15245
104	134	1.17431
104	139	1.14959
104	140	0.611804
104	141	0.917572
104	144	1.11682
104	149	0.726015
104	150	1.12359
104	152	1.15649
104	156	1.18262
104	157	1.14056
104	159	1.14252
104	161	1.13609
104	165	0.641879
104	170	1.11187
104	174	0.785111
104	180	0.841405
105	17	1.17391
105	31	1.17384
105	33	1.13525
105	35	1.12361
105	36	1.26493
105	38	1.25965
105	43	1.21525
105	57	0.596123
105	94	1.12146
105	95	1.1208
105	102	1.14922
105	116	0.710425
105	121	1.08104
105	133	1.11542
105	143	1.106
105	145	1.13412
105	146	1.11818
105	147	1.10734
105	148	0.69216
105	158	0.826282
105	171	0.62332
105	175	0.818941
105	176	0.743767
106	2	1.21578
106	19	1.03076
106	28	0.504678
106	39	1.2072
106	59	1.12791
106	70	1.10583
106	78	1.2842
106	85	0.80791
106	100	0.535349
106	102	1.1637
106	115	1.18889
106	123	0.682634
106	132	1.14534
106	143	1.12048
106	145	1.1486
106	146	1.13266
106	147	1.12183
106	151	1.10923
106	155	1.15783
106	165	0.669818
106	171	1.13975
106	179	0.803491
106	180	0.869344
107	37	0.476544
107	40	0.573735
107	118	0.633937
107	134	0.623327
107	145	0.612815
107	148	1.17275
107	151	0.725676
107	154	1.16414
107	156	0.609483
107	158	1.12411
107	160	1.18129
107	164	1.21364
107	166	1.18815
107	167	1.18936
107	168	1.08236
107	169	1.153
107	173	1.17862
107	175	1.11024
107	176	1.14444
107	177	1.13038
107	178	1.14807
107	179	1.11472
107	180	1.10471
108	3	1.04496
108	42	1.18795
108	44	1.18795
108	49	1.05757
108	54	1.13733
108	63	1.21399
108	66	1.2317
108	67	1.18553
108	73	1.18441
108	77	1.17306
108	83	1.15143
108	111	0.761643
108	128	0.591505
108	150	1.11132
108	152	1.14423
108	157	1.12829
108	159	1.13025
108	165	0.678194
108	166	0.688737
108	167	0.700782
108	171	1.12999
108	175	0.845407
108	177	0.813605
109	16	0.875715
109	65	0.581119
109	74	1.10446
109	75	0.643291
109	122	0.712604
109	127	1.15833
109	142	0.583102
109	145	0.565597
109	154	1.14513
109	156	0.562265
109	158	1.1051
109	163	1.20376
109	164	1.19463
109	165	1.15137
109	166	1.16914
109	168	1.06335
109	169	1.13399
109	173	1.15961
109	174	1.09807
109	175	1.09123
109	177	1.11137
109	178	1.12906
109	179	1.0957
109	180	1.0857
110	5	0.925355
110	30	1.01382
110	37	0.833848
110	61	0.991114
110	74	0.982784
110	76	0.957219
110	143	1.02326
110	148	1.03206
110	158	0.983425
110	162	1.04754
110	164	1.07296
110	165	1.02969
110	166	1.04747
110	167	1.04867
110	169	1.01232
110	172	1.00649
110	173	1.03793
110	174	0.976398
110	175	0.969557
110	176	1.00375
110	177	0.989693
110	178	1.00739
110	179	0.974029
110	180	0.96402
111	8	1.14997
111	11	1.1568
111	19	0.967783
111	61	0.755889
111	68	1.05587
111	70	1.04285
111	76	1.12253
111	78	1.22122
111	84	1.08855
111	108	0.761643
111	129	0.760916
111	136	0.680032
111	147	0.833387
111	156	0.731562
111	158	1.02333
111	161	1.07062
111	169	1.05222
111	170	1.04639
111	171	1.07678
111	174	1.0163
111	176	1.04365
111	178	1.04729
111	179	1.01393
111	180	1.00392
112	32	1.01642
112	50	0.991914
112	61	1.14934
112	68	1.1152
112	76	1.18186
112	84	1.14788
112	88	1.15445
112	95	1.13164
112	100	0.484702
112	132	1.14169
112	137	1.15712
112	143	1.11684
112	145	1.14495
112	146	1.12901
112	147	1.11818
112	151	1.10558
112	155	1.15419
112	158	0.793725
112	161	1.12994
112	164	0.591154
112	169	0.708469
112	170	1.10572
112	179	0.752844
112	180	0.818697
113	41	1.13395
113	46	1.14007
113	57	0.574967
113	60	0.751153
113	77	1.21412
113	85	0.768665
113	86	1.18842
113	91	0.496885
113	104	1.19921
113	117	1.15019
113	130	1.18125
113	134	1.20311
113	136	1.21105
113	139	1.17838
113	144	1.14561
113	150	1.15238
113	152	1.18528
113	156	1.21142
113	157	1.16935
113	159	1.17131
113	161	1.16489
113	164	0.602555
113	165	0.630572
113	173	0.650052
113	175	0.797785
114	42	0.595354
114	76	0.594394
114	94	0.713643
114	127	1.15268
114	143	0.660438
114	148	1.14809
114	150	0.680539
114	153	1.17441
114	156	0.603963
114	159	0.676172
114	160	1.15663
114	163	1.19811
114	165	1.14572
114	169	1.12834
114	170	1.12251
114	172	1.12251
114	173	1.15396
114	174	1.09243
114	175	1.08558
114	176	1.11978
114	177	1.10572
114	178	1.12341
114	179	1.09006
114	180	1.08005
115	48	1.24125
115	53	1.20906
115	61	1.17646
115	62	1.14647
115	88	1.18158
115	89	1.17855
115	90	1.17224
115	92	1.23755
115	96	1.15124
115	103	0.632707
115	106	1.18889
115	119	1.12624
115	122	1.12429
115	123	0.673707
115	129	1.19907
115	132	1.16882
115	137	1.18424
115	151	1.13271
115	155	1.18131
115	165	0.660891
115	167	0.683479
115	170	0.706753
115	171	0.632482
115	172	0.681935
115	174	0.804123
116	6	0.690913
116	14	0.661143
116	22	0.766054
116	36	0.72491
116	44	0.654909
116	50	1.03818
116	74	1.08473
116	105	0.710425
116	120	1.20847
116	135	1.20477
116	138	1.17708
116	139	0.72228
116	149	1.13006
116	153	1.16032
116	165	1.13164
116	168	1.04362
116	169	1.11426
116	172	1.10843
116	174	1.07834
116	175	1.0715
116	176	1.1057
116	177	1.09164
116	178	1.10933
116	179	1.07597
116	180	1.06596
117	52	1.13588
117	77	1.13631
117	86	1.11061
117	98	1.14321
117	104	1.1214
117	113	1.15019
117	124	0.692975
117	130	1.10343
117	134	1.12529
117	136	1.13324
117	139	1.10057
117	141	0.998596
117	142	1.09603
117	144	1.0678
117	148	0.763334
117	152	1.10747
117	156	1.1336
117	157	1.09154
117	159	1.0935
117	161	1.08708
117	163	0.662239
117	169	0.812201
117	170	1.06285
117	171	0.694494
117	179	0.856576
118	19	1.0464
118	29	1.19498
118	39	1.22284
118	59	1.14355
118	61	1.16863
118	70	1.12148
118	78	1.29984
118	88	1.17375
118	94	1.15159
118	97	0.612602
118	107	0.633937
118	121	1.11117
118	122	1.11646
118	126	0.647764
118	133	1.14555
118	135	0.624302
118	145	1.16424
118	146	1.1483
118	147	1.13747
118	148	0.712998
118	151	1.12487
118	155	1.17348
118	169	0.761865
118	171	1.1554
118	177	0.807978
118	179	0.80624
119	1	1.15755
119	4	1.02455
119	9	1.03432
119	14	1.15871
119	15	1.01969
119	29	1.11669
119	47	1.18654
119	61	1.09034
119	62	1.06034
119	71	1.06495
119	88	1.09545
119	90	1.08612
119	92	1.15143
119	100	0.683744
119	115	1.12624
119	120	0.755467
119	122	1.03816
119	127	0.816442
119	129	1.11294
119	132	1.08269
119	137	1.09812
119	148	0.858644
119	153	0.850322
119	155	1.09519
119	165	0.818213
119	166	0.828755
120	5	0.543935
120	7	0.532274
120	33	0.684
120	42	0.576758
120	116	1.20847
120	119	0.755467
120	126	1.1924
120	127	1.18353
120	138	1.222
120	139	0.600838
120	141	1.0988
120	143	0.641842
120	158	1.1303
120	159	0.657576
120	163	1.22896
120	165	1.17657
120	167	1.19555
120	168	1.08855
120	169	1.15919
120	172	1.15336
120	174	1.12327
120	175	1.11643
120	177	1.13657
120	178	1.15426
120	179	1.1209
120	180	1.11089
121	16	1.02838
121	17	1.11851
121	30	0.904078
121	31	1.11844
121	33	1.07984
121	35	1.0682
121	36	1.20953
121	38	1.20424
121	43	1.15984
121	47	0.579262
121	94	1.06606
121	95	1.06539
121	102	1.09381
121	105	1.08104
121	118	1.11117
121	123	0.783395
121	124	1.09153
121	133	1.06001
121	143	1.05059
121	145	1.07871
121	146	1.06277
121	147	1.05194
121	170	0.816441
121	171	0.742171
121	177	0.905991
121	178	0.811922
122	4	1.0226
122	14	1.15676
122	15	1.01773
122	29	1.11474
122	47	1.18459
122	48	1.15317
122	53	1.12098
122	55	0.836947
122	56	0.612676
122	61	1.08838
122	88	1.0935
122	89	1.09047
122	93	0.78929
122	96	1.06316
122	109	0.712604
122	115	1.12429
122	118	1.11646
122	119	1.03816
122	131	1.10023
122	132	1.08074
122	137	1.09616
122	151	1.04463
122	155	1.09323
122	170	0.844313
122	171	0.770043
122	178	0.839794
123	53	0.659631
123	63	0.536761
123	78	0.616374
123	99	1.22628
123	106	0.682634
123	115	0.673707
123	121	0.783395
123	127	1.1581
123	131	0.700414
123	136	0.609399
123	149	1.14956
123	153	1.17982
123	158	1.10487
123	163	1.20353
123	164	1.1944
123	167	1.17012
123	168	1.06312
123	170	1.12793
123	172	1.12793
123	173	1.15938
123	174	1.09784
123	175	1.091
123	176	1.1252
123	177	1.11114
123	178	1.12883
123	179	1.09547
123	180	1.08547
124	16	1.09427
124	19	0.866056
124	34	1.13519
124	49	1.06334
124	62	0.657632
124	66	1.23747
124	67	0.600109
124	73	1.19018
124	76	0.608616
124	83	1.1572
124	96	0.751538
124	117	0.692975
124	121	1.09153
124	133	1.12591
124	143	1.11649
124	144	0.696733
124	145	1.1446
124	146	1.12866
124	147	1.11783
124	155	0.588741
124	160	1.13948
124	168	1.04055
124	171	1.13576
124	173	1.13681
124	176	1.10264
124	178	1.10627
124	179	1.07291
124	180	1.0629
125	1	0.609238
125	33	0.709011
125	103	1.13652
125	135	1.20035
125	136	0.558847
125	139	0.625848
125	140	1.18242
125	146	0.660189
125	150	0.686953
125	151	0.72657
125	154	1.12098
125	156	0.610377
125	162	1.14507
125	163	1.17961
125	164	1.17048
125	165	1.12722
125	166	1.14499
125	167	1.1462
125	168	1.0392
125	172	1.10401
125	173	1.13546
125	174	1.07392
125	175	1.06708
125	176	1.10128
125	177	1.08722
125	178	1.10491
125	179	1.07155
125	180	1.06154
126	1	0.62217
126	2	0.642155
126	3	1.03772
126	10	1.07112
126	27	0.634197
126	35	0.750389
126	42	1.18071
126	44	1.18071
126	54	1.13009
126	63	1.20675
126	67	1.17829
126	101	0.799601
126	118	0.647764
126	120	1.1924
126	134	1.1548
126	141	1.0378
126	145	0.626641
126	150	1.10408
126	151	0.739502
126	152	1.13698
126	156	1.16311
126	157	1.12105
126	159	1.12301
126	172	1.09236
126	173	1.1238
126	175	1.05543
126	179	1.0599
126	180	1.04989
127	6	0.630446
127	8	0.645283
127	15	0.809126
127	70	0.732562
127	109	1.15833
127	114	1.15268
127	119	0.816442
127	120	1.18353
127	123	1.1581
127	138	1.15213
127	140	1.16189
127	146	0.696154
127	149	1.10511
127	154	1.10045
127	155	0.616897
127	156	0.646342
127	164	1.14995
127	165	1.10669
127	166	1.12446
127	168	1.01867
127	169	1.08931
127	173	1.11493
127	174	1.05339
127	175	1.04655
127	176	1.08075
127	177	1.06669
127	178	1.08438
127	179	1.05102
127	180	1.04101
128	36	0.579525
128	71	0.739288
128	75	0.642449
128	83	0.550688
128	104	0.555189
128	108	0.591505
128	133	0.614011
128	140	1.23219
128	150	0.638
128	152	0.68992
128	158	1.13072
128	160	1.1879
128	162	1.19484
128	163	1.22938
128	165	1.17699
128	166	1.19476
128	167	1.19597
128	168	1.08897
128	169	1.15961
128	170	1.15378
128	172	1.15378
128	173	1.18523
128	174	1.12369
128	175	1.11685
128	176	1.15105
128	177	1.13699
128	178	1.15468
128	179	1.12132
128	180	1.11131
129	2	1.22595
129	4	1.09737
129	9	1.10714
129	14	1.23153
129	15	1.09251
129	29	1.18951
129	48	1.22795
129	57	1.20598
129	61	1.16316
129	62	1.13316
129	71	1.13777
129	89	1.16524
129	90	1.15894
129	96	1.13794
129	111	0.760916
129	115	1.19907
129	119	1.11294
129	132	1.15551
129	137	1.17094
129	148	0.717898
129	151	1.1194
129	154	0.731692
129	155	1.16801
129	160	0.710342
129	161	0.700082
129	163	0.616803
129	166	0.688009
129	167	0.700055
129	170	0.723329
130	6	1.20378
130	40	1.19355
130	52	1.16693
130	55	0.695982
130	65	1.13643
130	80	0.665282
130	86	1.14167
130	98	1.17427
130	100	0.523017
130	104	1.15245
130	113	1.18125
130	117	1.10343
130	134	1.15635
130	136	1.1643
130	139	1.13163
130	142	1.12708
130	144	1.09885
130	148	0.697917
130	150	1.10563
130	152	1.13853
130	156	1.16466
130	157	1.1226
130	159	1.12456
130	161	1.11813
130	162	0.678032
130	168	0.866914
130	170	1.0939
130	173	0.676965
130	176	0.749525
130	180	0.857012
131	15	1.08175
131	88	1.15752
131	92	1.21349
131	93	0.678437
131	95	1.1347
131	96	1.12718
131	101	1.15734
131	102	1.16312
131	122	1.10023
131	123	0.700414
131	136	1.17918
131	138	0.663506
131	139	1.14651
131	142	1.14196
131	143	1.1199
131	145	1.14802
131	146	1.13208
131	147	1.12124
131	151	1.10865
131	152	1.15341
131	153	0.719707
131	155	1.15725
131	156	1.17954
131	157	1.13748
131	159	1.13944
131	163	0.626935
131	169	0.776896
131	172	0.708642
131	176	0.779637
131	179	0.821271
132	1	1.20012
132	2	1.1957
132	9	1.07689
132	29	1.15927
132	48	1.1977
132	53	1.1655
132	71	1.10752
132	79	1.18956
132	89	1.13499
132	90	1.12869
132	92	1.194
132	96	1.10769
132	97	0.728228
132	101	0.00644296
132	106	1.14534
132	112	1.14169
132	115	1.16882
132	119	1.08269
132	122	1.08074
132	129	1.15551
132	135	0.739928
132	137	1.14069
132	151	1.08915
132	155	1.13776
132	161	0.810809
132	163	0.72753
132	169	0.877492
132	172	0.809238
132	174	0.931426
132	176	0.880233
133	16	1.06276
133	17	1.15289
133	31	1.15281
133	33	1.11422
133	35	1.10258
133	36	1.24391
133	38	1.23862
133	43	1.19422
133	80	1.07898
133	82	1.17979
133	94	1.10044
133	95	1.09977
133	101	1.12241
133	102	1.12819
133	105	1.11542
133	118	1.14555
133	121	1.06001
133	124	1.12591
133	128	0.614011
133	143	1.08497
133	145	1.11309
133	146	1.09715
133	147	1.08631
133	161	0.723315
133	164	0.672683
133	165	0.7007
133	170	0.746562
133	174	0.843933
133	175	0.867913
133	178	0.742044
133	179	0.834373
134	6	1.22564
134	21	1.18192
134	41	1.10906
134	51	0.554037
134	52	1.18879
134	55	0.700453
134	65	1.15829
134	77	1.18923
134	87	1.16249
134	98	1.19613
134	104	1.17431
134	107	0.623327
134	113	1.20311
134	117	1.12529
134	126	1.1548
134	130	1.15635
134	136	1.18616
134	139	1.15349
134	140	0.631882
134	142	1.14894
134	144	1.12071
134	149	0.746093
134	150	1.12749
134	152	1.16039
134	156	1.18652
134	157	1.14446
134	158	0.83651
134	159	1.14642
134	166	0.672499
134	167	0.684545
134	171	0.633548
134	177	0.797368
135	12	0.675204
135	24	0.647302
135	37	0.466908
135	38	0.50466
135	54	0.701676
135	73	0.581171
135	99	1.24801
135	116	1.20477
135	118	0.624302
135	125	1.20035
135	132	0.739928
135	138	1.2183
135	141	1.0951
135	146	0.649659
135	154	1.16663
135	159	0.672057
135	162	1.19071
135	163	1.22526
135	164	1.21613
135	166	1.19063
135	167	1.19184
135	168	1.08484
135	170	1.14966
135	172	1.14966
135	173	1.1811
135	174	1.11957
135	175	1.11273
135	176	1.14692
135	177	1.13286
135	178	1.15056
135	179	1.1172
135	180	1.10719
136	40	1.22336
136	41	1.117
136	46	1.12312
136	65	1.16624
136	77	1.19717
136	86	1.17147
136	98	1.20407
136	111	0.680032
136	113	1.21105
136	117	1.13324
136	123	0.609399
136	125	0.558847
136	130	1.1643
136	131	1.17918
136	134	1.18616
136	139	1.16143
136	142	1.15689
136	144	1.12866
136	149	0.68072
136	150	1.13543
136	152	1.16834
136	156	1.19447
136	157	1.1524
136	159	1.15436
136	161	1.14794
136	165	0.596583
136	168	0.806011
136	170	1.12371
136	176	0.688622
136	177	0.731994
136	179	0.730256
136	180	0.796109
137	1	1.21555
137	2	1.21113
137	4	1.08255
137	9	1.09232
137	15	1.07769
137	48	1.21313
137	53	1.18093
137	61	1.14834
137	62	1.11834
137	71	1.12295
137	79	1.20498
137	89	1.15042
137	90	1.14411
137	92	1.20943
137	96	1.12312
137	99	0.599223
137	112	1.15712
137	115	1.18424
137	119	1.09812
137	122	1.09616
137	129	1.17094
137	132	1.14069
137	151	1.10458
137	152	0.0143304
137	153	0.796516
137	155	1.15319
137	158	0.938961
137	160	0.797283
137	166	0.77495
137	171	0.735999
137	172	0.785452
137	176	0.856446
137	179	0.89808
138	14	0.578355
138	20	1.224
138	44	0.572121
138	48	0.57738
138	58	1.20269
138	87	0.659666
138	90	0.659636
138	96	0.757373
138	98	0.593741
138	99	1.22031
138	116	1.17708
138	120	1.222
138	127	1.15213
138	131	0.663506
138	135	1.2183
138	147	0.725846
138	149	1.14358
138	154	1.13893
138	157	0.674451
138	160	1.15608
138	162	1.16302
138	164	1.18843
138	165	1.14517
138	168	1.05715
138	169	1.12779
138	172	1.12196
138	173	1.15341
138	174	1.09187
138	175	1.08503
138	176	1.11923
138	178	1.12286
138	179	1.0895
138	180	1.07949
139	21	1.1572
139	24	1.15763
139	40	1.19069
139	46	1.09045
139	64	0.449446
139	74	0.778371
139	77	1.1645
139	79	1.19131
139	81	1.25559
139	87	1.13777
139	98	1.17141
139	104	1.14959
139	113	1.17838
139	116	0.72228
139	117	1.10057
139	120	0.600838
139	125	0.625848
139	130	1.13163
139	131	1.14651
139	134	1.15349
139	136	1.16143
139	142	1.12422
139	144	1.09599
139	148	0.704015
139	150	1.10276
