1	67	1.14214
1	82	1.16784
1	86	1.16892
1	88	1.12832
1	101	1.12967
1	146	0.72717
1	155	0.713674
1	162	0.769795
1	164	0.744566
1	167	0.772759
1	179	1.31394
1	180	1.34656
2	78	1.07247
2	80	1.01054
2	94	1.01034
2	96	1.10434
2	102	1.05258
2	105	1.05975
2	109	1.01585
2	143	1.07045
2	160	0.966751
2	162	0.936484
2	163	0.868409
2	177	0.931676
3	26	0.754063
3	34	1.17934
3	37	1.13784
3	70	1.12934
3	74	1.23878
3	103	1.23099
3	110	1.29226
3	141	1.19322
3	146	0.73123
3	175	0.721245
3	177	0.769047
3	178	0.753802
4	31	1.16707
4	33	1.16588
4	40	1.27691
4	84	1.16008
4	93	1.2031
4	121	1.25463
4	127	1.18454
4	148	0.779449
4	158	0.736488
4	160	0.824036
4	174	0.728898
4	179	0.658283
5	26	0.758945
5	69	1.19292
5	95	1.13788
5	100	1.19661
5	118	1.22445
5	138	0.737649
5	143	0.682993
5	148	0.764417
5	164	1.16636
5	167	0.781701
5	168	1.20928
5	173	1.27459
6	34	1.16741
6	70	1.11741
6	74	1.22685
6	103	1.21906
6	110	1.28033
6	126	1.20564
6	141	1.18129
6	155	0.738746
6	157	0.752292
6	162	0.794866
6	176	0.802943
6	180	0.638475
7	67	1.13013
7	82	1.15583
7	88	1.1163
7	89	1.24009
7	101	1.11766
7	135	0.718465
7	146	0.719481
7	156	0.797504
7	167	0.76507
7	171	0.725594
7	179	1.30192
7	180	1.33455
8	83	0.919587
8	106	0.894828
8	131	1.02102
8	141	0.892472
8	144	1.03941
8	156	1.0165
8	157	1.08593
8	165	1.04256
8	171	1.08447
8	173	0.795671
8	176	1.0567
8	177	1.05619
9	24	1.00301
9	43	0.826549
9	112	1.03314
9	113	1.03714
9	126	1.03749
9	140	1.09299
9	143	0.904881
9	145	1.05528
9	150	1.11927
9	159	1.06309
9	161	1.0773
9	180	0.844233
10	56	1.17938
10	80	1.16982
10	86	0.74977
10	94	1.16962
10	96	1.26362
10	102	1.21185
10	109	1.17513
10	143	1.22972
10	163	0.715669
10	166	0.723531
10	171	0.747232
10	176	0.791821
11	57	1.16097
11	91	0.695794
11	95	1.13589
11	97	1.23724
11	118	1.22245
11	139	0.756724
11	163	0.754514
11	164	1.16437
11	168	1.20728
11	173	1.27259
11	176	0.830666
11	179	0.687103
12	27	1.16566
12	112	1.17362
12	129	1.18075
12	144	0.776885
12	151	1.1816
12	159	1.20357
12	161	1.21779
12	165	0.782588
12	166	0.703743
12	172	0.719713
12	173	1.27545
12	178	0.743902
13	16	1.2501
13	30	1.17404
13	33	1.16409
13	72	1.2061
13	84	1.15829
13	93	1.20131
13	121	1.25284
13	139	0.781125
13	143	0.751247
13	158	0.78971
13	179	0.711505
13	180	0.6906
14	44	0.61675
14	71	0.82114
14	106	0.67448
14	112	0.695725
14	113	0.671889
14	165	1.15998
14	167	1.14853
14	172	1.21299
14	176	1.17412
14	177	1.17361
14	178	1.18931
14	180	1.33649
15	21	1.16221
15	103	1.19911
15	110	1.26038
15	134	1.22328
15	136	1.19626
15	137	1.19989
15	141	1.16134
15	144	0.823323
15	165	0.829026
15	168	0.744566
15	179	0.674907
15	180	0.654002
16	13	1.2501
16	31	1.16284
16	72	1.20366
16	84	1.15585
16	92	0.862651
16	93	1.19887
16	121	1.2504
16	127	1.18032
16	135	0.724971
16	138	0.727524
16	153	0.774985
16	179	0.633126
17	27	1.02874
17	108	1.02226
17	114	1.04955
17	127	1.02063
17	145	1.05885
17	151	1.04469
17	152	1.04821
17	159	1.06666
17	161	1.08087
17	174	0.911983
17	175	0.924244
17	179	0.841368
18	63	1.26254
18	88	1.09655
18	89	1.22033
18	101	1.0979
18	106	1.12537
18	116	0.782502
18	155	0.725983
18	163	0.714028
18	170	0.774609
18	175	0.729494
18	179	1.28217
18	180	1.31479
19	51	0.743246
19	52	1.31009
19	78	1.19187
19	94	1.12974
19	96	1.22375
19	102	1.17198
19	105	1.17915
19	116	0.814798
19	142	0.739275
19	143	1.18985
19	172	0.770157
19	180	0.658008
20	30	1.14602
20	46	1.26423
20	64	1.26554
20	72	1.17807
20	93	1.17328
20	115	0.803804
20	121	1.22481
20	127	1.15473
20	131	0.782531
20	146	0.684802
20	176	0.735504
20	177	0.722619
21	15	1.16221
21	34	1.09213
21	62	1.22272
21	70	1.04212
21	83	1.12548
21	103	1.14378
21	110	1.20505
21	138	0.822893
21	141	1.106
21	155	0.80786
21	167	0.866945
21	169	0.797755
21	179	0.728495
22	85	0.815017
22	90	1.15127
22	95	1.06678
22	97	1.16814
22	100	1.12552
22	118	1.15335
22	138	0.812477
22	139	0.787699
22	147	0.808255
22	164	1.09527
22	168	1.13818
22	173	1.20349
22	175	0.800955
23	76	1.17362
23	128	1.09157
23	130	1.13511
23	133	1.15257
23	134	1.16489
23	136	1.13787
23	137	1.1415
23	141	1.10295
23	148	0.809532
23	165	0.842484
23	170	0.816356
23	171	0.787339
23	175	0.771241
24	9	1.00301
24	61	1.20088
24	107	1.09721
24	129	1.12211
24	139	0.782562
24	140	1.17484
24	148	0.834108
24	152	1.12649
24	161	1.15915
24	168	0.7826
24	173	1.21682
24	174	0.783556
24	177	0.843619
25	58	0.791774
25	90	0.697434
25	94	1.10676
25	102	1.14899
25	104	0.757567
25	105	1.15616
25	109	1.11227
25	130	0.764318
25	137	0.765422
25	163	1.1693
25	175	1.15299
25	177	1.11581
25	178	1.1315
26	3	0.754063
26	5	0.758945
26	97	0.733677
26	133	0.801615
26	145	0.77559
26	163	1.16078
26	165	1.09365
26	169	1.16375
26	172	1.14666
26	174	1.15528
26	175	1.14447
26	177	1.10729
26	178	1.12298
27	12	1.16566
27	17	1.02874
27	111	1.10516
27	145	1.1593
27	148	0.808688
27	151	1.14514
27	152	1.14865
27	156	0.858405
27	159	1.16711
27	161	1.18132
27	171	0.786495
27	175	0.770397
27	178	0.802954
28	104	1.15749
28	124	1.14266
28	128	1.08765
28	130	1.13119
28	133	1.14865
28	134	1.16097
28	136	1.13395
28	137	1.13758
28	156	0.872402
28	167	0.839969
28	171	0.800492
28	177	0.832197
28	180	0.680613
29	91	0.718271
29	98	0.820454
29	111	1.07617
29	113	1.11217
29	129	1.11529
29	140	1.16801
29	145	1.13031
29	154	0.792658
29	159	1.13811
29	160	0.875334
29	161	1.15233
29	164	0.819838
29	173	1.20999
30	13	1.17404
30	20	1.14602
30	40	1.19663
30	46	1.21377
30	71	1.02193
30	84	1.07979
30	115	0.888358
30	121	1.17434
30	127	1.10426
30	160	0.842248
30	168	0.746154
30	170	0.804486
30	174	0.74711
31	4	1.16707
31	16	1.16284
31	33	1.07682
31	46	1.205
31	64	1.20631
31	68	1.00409
31	71	1.01316
31	93	1.11404
31	121	1.16557
31	146	0.778097
31	167	0.823686
31	169	0.754497
31	180	0.664331
32	41	1.19646
32	79	0.890078
32	99	1.14554
32	128	1.08095
32	130	1.1245
32	133	1.14196
32	134	1.15428
32	136	1.12725
32	137	1.13088
32	158	0.774645
32	166	0.771713
32	175	0.779316
32	178	0.811872
33	4	1.16588
33	13	1.16409
33	31	1.07682
33	64	1.20512
33	72	1.11765
33	93	1.11286
33	121	1.16439
33	123	0.920187
33	127	1.0943
33	143	0.761594
33	163	0.789262
33	177	0.852529
33	180	0.700946
34	3	1.17934
34	6	1.16741
34	21	1.09213
34	74	1.13681
34	83	1.11073
34	103	1.12902
34	108	0.889226
34	110	1.1903
34	141	1.09125
34	142	0.768696
34	147	0.798511
34	168	0.777993
34	175	0.79121
35	111	1.0853
35	117	1.10341
35	132	1.16221
35	140	1.17714
35	145	1.13943
35	150	0.941779
35	151	1.12527
35	155	0.767013
35	159	1.14724
35	161	1.16146
35	165	0.841766
35	171	0.786621
35	179	0.687648
36	45	1.24996
36	52	1.34694
36	56	1.17635
36	91	0.673743
36	94	1.16659
36	96	1.26059
36	102	1.20883
36	105	1.21599
36	109	1.1721
36	139	0.734673
36	153	0.806912
36	163	0.732464
36	174	0.735668
36	179	0.665053
37	3	1.13784
37	43	1.1513
37	49	1.08623
37	53	0.980067
37	70	0.985874
37	74	1.09531
37	83	1.06923
37	110	1.1488
37	126	1.0741
37	141	1.04975
37	154	0.840023
37	166	0.832218
37	172	0.848188
37	174	0.82756
38	41	1.14625
38	47	1.0908
38	99	1.09533
38	124	1.08575
38	128	1.03074
38	133	1.09175
38	134	1.10406
38	136	1.07704
38	137	1.08067
38	156	0.938233
38	166	0.842623
38	169	0.83661
38	172	0.858593
38	175	0.850226
39	75	1.13675
39	119	0.720345
39	128	1.19672
39	130	1.24026
39	131	0.78905
39	133	1.25772
39	134	1.27004
39	136	1.24302
39	137	1.24665
39	141	1.2081
39	154	0.681538
39	172	0.689704
39	176	0.742023
39	177	0.729139
40	4	1.27691
40	30	1.19663
40	64	1.31616
40	71	1.12301
40	72	1.22868
40	84	1.18087
40	121	1.27542
40	127	1.20534
40	154	0.711751
40	157	0.721584
40	163	0.696084
40	165	0.782792
40	171	0.727647
40	175	0.71155
41	32	1.19646
41	38	1.14625
41	99	1.26246
41	124	1.25289
41	128	1.19787
41	130	1.24142
41	133	1.25888
41	136	1.24418
41	153	0.795203
41	154	0.736422
41	175	0.736221
41	176	0.796907
41	179	0.653345
41	180	0.632439
42	43	0.789468
42	50	1.08029
42	87	0.818076
42	114	1.08852
42	117	1.0618
42	122	1.10575
42	125	1.10111
42	146	1.07818
42	149	0.985207
42	151	1.08366
42	152	1.08718
42	161	1.11984
42	174	0.898672
42	179	0.828057
43	9	0.826549
43	37	1.1513
43	42	0.789468
43	54	0.647112
43	89	0.574396
43	103	1.24445
43	110	1.30572
43	130	0.635165
43	132	0.63052
43	141	1.20668
43	144	1.19581
43	172	1.25197
43	177	1.21259
43	178	1.22829
44	14	0.61675
44	66	0.945324
44	77	1.22812
44	107	1.19066
44	112	1.20845
44	114	1.22128
44	122	1.23852
44	145	1.23059
44	148	0.738033
44	159	1.2384
44	161	1.25261
44	163	0.684277
44	164	0.727124
44	179	0.616867
45	36	1.24996
45	56	1.19199
45	78	1.24436
45	80	1.18243
45	96	1.27623
45	102	1.22447
45	109	1.18774
45	143	1.24234
45	162	0.774979
45	163	0.706904
45	171	0.738467
45	172	0.730737
45	176	0.783056
45	180	0.618588
46	20	1.26423
46	30	1.21377
46	31	1.205
46	71	1.14015
46	72	1.24582
46	81	0.735346
46	84	1.19801
46	93	1.24103
46	115	0.845785
46	121	1.29256
46	157	0.726832
46	172	0.725165
46	174	0.704536
46	180	0.613016
47	38	1.0908
47	75	1.08246
47	85	0.764056
47	124	1.19744
47	128	1.14243
47	130	1.18598
47	133	1.20344
47	134	1.21575
47	136	1.18873
47	137	1.19236
47	139	0.736738
47	150	0.921248
47	160	0.832871
47	175	0.749994
47	180	0.646212
48	54	1.15877
48	67	1.10471
48	82	1.13041
48	88	1.09089
48	89	1.21467
48	101	1.09225
48	106	1.11971
48	147	0.77323
48	154	0.766132
48	166	0.758327
48	172	0.774297
48	175	0.76593
48	177	0.813732
48	179	1.27651
48	180	1.30913
49	37	1.08623
49	62	1.25832
49	70	1.07772
49	74	1.18716
49	79	0.858492
49	83	1.16108
49	103	1.17938
49	110	1.24065
49	126	1.16595
49	141	1.1416
49	164	0.775111
49	168	0.734513
49	170	0.792845
49	172	0.756097
49	174	0.735469
50	42	1.08029
50	73	0.707345
50	107	1.13195
50	108	0.867736
50	117	1.13586
50	125	1.17517
50	132	1.19466
50	138	0.781242
50	140	1.20959
50	151	1.15772
50	152	1.16124
50	165	0.840962
50	166	0.762117
50	173	1.25157
50	179	0.686844
51	19	0.743246
51	98	1.14181
51	112	0.760174
51	117	0.74091
51	121	0.687234
51	135	1.18579
51	156	1.1189
51	159	0.710478
51	161	0.731991
51	162	1.14572
51	163	1.21209
51	167	1.13351
51	170	1.15998
51	174	1.20659
51	175	1.19577
52	19	1.31009
52	36	1.34694
52	56	1.28897
52	66	0.831054
52	79	0.696236
52	80	1.27941
52	92	0.732122
52	102	1.32144
52	105	1.32861
52	109	1.28472
52	143	1.33931
52	148	0.623764
52	166	0.577871
52	174	0.573212
52	176	0.64616
53	37	0.980067
53	102	0.860387
53	140	0.858248
53	152	0.900029
53	154	1.06699
53	160	0.992968
53	162	1.02087
53	166	1.08958
53	167	1.00865
53	169	1.09021
53	172	1.07312
53	173	0.798562
53	175	1.07092
53	176	1.03425
53	178	1.04943
54	43	0.647112
54	48	1.15877
54	63	1.2401
54	67	1.08794
54	73	0.706202
54	82	1.11363
54	88	1.07411
54	89	1.19789
54	101	1.07547
54	156	0.856584
54	162	0.821187
54	167	0.82415
54	175	0.768577
54	179	1.25973
54	180	1.29235
55	75	1.06505
55	76	1.20707
55	104	1.19486
55	124	1.18003
55	128	1.12502
55	130	1.16857
55	133	1.18603
55	134	1.19834
55	137	1.17495
55	158	0.76254
55	168	0.753993
55	169	0.753595
55	170	0.812326
55	174	0.754949
55	177	0.815013
56	10	1.17938
56	36	1.17635
56	45	1.19199
56	52	1.28897
56	78	1.17075
56	80	1.10882
56	94	1.10862
56	105	1.15802
56	109	1.11413
56	142	0.699424
56	146	0.731923
56	149	0.796212
56	150	0.893193
56	164	0.749319
56	176	0.782625
57	11	1.16097
57	69	1.15549
57	86	0.76165
57	95	1.10045
57	97	1.2018
57	100	1.15918
57	116	0.796022
57	118	1.18702
57	120	0.771838
57	135	0.751982
57	157	0.753049
57	164	1.12893
57	165	0.814256
57	168	1.17184
57	173	1.23716
58	25	0.791774
58	61	1.21538
58	117	1.11561
58	122	1.15956
58	129	1.13661
58	132	1.17441
58	142	0.761573
58	151	1.13747
58	154	0.784289
58	158	0.779416
58	159	1.15944
58	161	1.17365
58	170	0.829202
58	173	1.23131
58	180	0.680306
59	111	1.1046
59	125	1.16203
59	140	1.19644
59	145	1.15873
59	150	0.880102
59	151	1.14457
59	152	1.14809
59	159	1.16654
59	160	0.791725
59	161	1.18075
59	166	0.701244
59	170	0.753962
59	173	1.23842
59	176	0.769534
59	177	0.756649
60	65	1.0877
60	87	1.19291
60	90	1.19265
60	95	1.10817
60	100	1.1669
60	118	1.19474
60	146	0.765994
60	155	0.752498
60	164	1.13665
60	165	0.827252
60	166	0.748406
60	168	1.17956
60	169	0.742394
60	173	1.24488
60	176	0.816696
61	24	1.20088
61	58	1.21538
61	112	1.23101
61	113	1.23502
61	129	1.23814
61	132	1.27593
61	140	1.29086
61	151	1.23899
61	153	0.772298
61	154	0.713517
61	161	1.27518
61	164	0.740697
61	166	0.705712
61	168	0.700098
61	175	0.713315
61	179	0.630439
62	21	1.22272
62	49	1.25832
62	70	1.15797
62	74	1.2674
62	83	1.24132
62	103	1.25962
62	110	1.32089
62	126	1.2462
62	141	1.22184
62	142	0.68236
62	144	0.770414
62	162	0.757484
62	167	0.760448
62	168	0.691657
62	174	0.692613
62	179	0.621998
63	18	1.26254
63	54	1.2401
63	67	1.18605
63	82	1.21174
63	88	1.17222
63	92	0.806517
63	101	1.17358
63	106	1.20104
63	144	0.725408
63	148	0.698158
63	155	0.656357
63	165	0.73111
63	172	0.668235
63	178	0.692425
63	179	1.35784
63	180	1.39046
64	20	1.26554
64	31	1.20631
64	33	1.20512
64	40	1.31616
64	68	0.886897
64	72	1.24713
64	84	1.19932
64	93	1.24234
64	108	0.748936
64	116	0.703928
64	119	0.689928
64	121	1.29387
64	127	1.22379
64	168	0.637702
64	171	0.667017
64	174	0.638659
65	60	1.0877
65	66	0.994378
65	69	1.10993
65	90	1.13938
65	92	0.895446
65	95	1.05489
65	97	1.15625
65	100	1.11362
65	118	1.14146
65	153	0.80778
65	154	0.748999
65	164	1.08337
65	168	1.12629
65	172	0.757165
65	173	1.1916
65	175	0.748798
66	44	0.945324
66	52	0.831054
66	65	0.994378
66	94	0.995429
66	108	0.947398
66	122	0.982251
66	131	0.96945
66	148	1.0281
66	155	1.04903
66	164	1.01231
66	171	1.0329
66	172	1.04401
66	174	1.05263
66	175	1.04181
66	177	1.00463
66	178	1.02032
67	1	1.14214
67	7	1.13013
67	48	1.10471
67	54	1.08794
67	63	1.18605
67	73	0.729271
67	82	1.05958
67	87	0.698789
67	88	1.02006
67	101	1.02141
67	131	0.89936
67	138	0.803169
67	150	0.962902
67	153	0.850629
67	179	1.20568
67	180	1.2383
68	31	1.00409
68	64	0.886897
68	89	0.931839
68	96	0.910299
68	130	0.992608
68	153	0.985409
68	155	1.04414
68	157	1.02947
68	160	0.958968
68	163	1.05324
68	165	0.986102
68	169	1.05621
68	172	1.03912
68	174	1.04774
68	176	1.00025
68	177	0.999739
69	5	1.19292
69	57	1.15549
69	65	1.10993
69	73	1.18284
69	90	1.21488
69	92	0.867348
69	97	1.23175
69	100	1.18913
69	115	0.849686
69	164	1.15888
69	168	1.20179
69	169	0.707083
69	170	0.765814
69	172	0.729067
69	173	1.26711
69	175	0.720699
69	179	0.637823
70	3	1.12934
70	6	1.11741
70	21	1.04212
70	37	0.985874
70	49	1.07772
70	62	1.15797
70	83	1.06073
70	103	1.07902
70	110	1.14029
70	126	1.0656
70	141	1.04125
70	146	0.852403
70	155	0.838907
70	162	0.895028
70	176	0.903104
70	177	0.89022
70	178	0.874974
71	14	0.82114
71	30	1.02193
71	31	1.01316
71	40	1.12301
71	46	1.14015
71	91	0.829947
71	93	1.04919
71	121	1.10072
71	122	1.07679
71	139	0.890877
71	152	1.05821
71	155	0.900622
71	159	1.07667
71	161	1.09088
71	167	0.959706
71	173	1.14854
71	179	0.821257
72	13	1.2061
72	16	1.20366
72	20	1.17807
72	33	1.11765
72	40	1.22868
72	46	1.24582
72	64	1.24713
72	81	0.740609
72	84	1.11185
72	93	1.15487
72	98	0.750058
72	119	0.761068
72	121	1.2064
72	123	0.837521
72	154	0.722262
72	157	0.732095
72	172	0.730428
73	50	0.707345
73	54	0.706202
73	67	0.729271
73	69	1.18284
73	80	0.734574
73	83	0.719857
73	112	0.716342
73	118	1.21437
73	161	0.688159
73	162	1.13573
73	164	1.15628
73	168	1.19919
73	169	1.20507
73	171	1.17688
73	173	1.26451
73	174	1.1966
73	178	1.1643
74	3	1.23878
74	6	1.22685
74	34	1.13681
74	37	1.09531
74	49	1.18716
74	62	1.2674
74	83	1.17016
74	110	1.24973
74	126	1.17504
74	131	0.837912
74	141	1.15068
74	146	0.740184
74	155	0.726688
74	160	0.813076
74	163	0.714733
74	168	0.716981
74	175	0.730199
75	39	1.13675
75	47	1.08246
75	55	1.06505
75	76	1.10444
75	104	1.09223
75	130	1.06594
75	133	1.0834
75	134	1.09572
75	136	1.0687
75	137	1.07232
75	141	1.03377
75	147	0.896141
75	157	0.898876
75	171	0.904938
75	174	0.87658
75	175	0.888841
75	180	0.785059
76	23	1.17362
76	55	1.20707
76	75	1.10444
76	124	1.21943
76	128	1.16442
76	134	1.23774
76	136	1.21072
76	137	1.21435
76	138	1.1931
76	141	1.1758
76	146	0.771986
76	157	0.772036
76	168	0.748784
76	169	0.748386
76	170	0.807117
76	174	0.74974
76	179	0.679125
77	44	1.22812
77	81	0.744966
77	85	0.740479
77	117	1.15092
77	120	0.755242
77	125	1.19023
77	127	1.14872
77	132	1.20972
77	140	1.22465
77	146	1.1673
77	152	1.1763
77	156	0.814424
77	159	1.19475
77	161	1.20896
77	172	0.734784
77	175	0.726417
77	178	0.758974
78	2	1.07247
78	19	1.19187
78	45	1.24436
78	56	1.17075
78	94	1.16098
78	96	1.25499
78	102	1.20322
78	105	1.21039
78	108	0.824663
78	109	1.16649
78	116	0.779656
78	131	0.834361
78	143	1.22109
78	146	0.736632
78	158	0.721976
78	172	0.735015
78	179	0.643771
79	32	0.890078
79	49	0.858492
79	52	0.696236
79	113	0.865644
79	129	0.854462
79	148	1.07803
79	151	0.860201
79	156	1.01487
79	160	1.01379
79	163	1.10806
79	169	1.11103
79	171	1.08283
79	175	1.09174
79	176	1.05507
79	177	1.05456
79	178	1.07025
79	180	1.21744
80	2	1.01054
80	10	1.16982
80	45	1.18243
80	52	1.27941
80	56	1.10882
80	73	0.734574
80	94	1.09905
80	96	1.19306
80	102	1.14129
80	105	1.14846
80	109	1.10457
80	131	0.904663
80	143	1.15916
80	160	0.879827
80	168	0.783732
80	170	0.842065
80	179	0.714074
80	180	0.693168
81	46	0.735346
81	72	0.740609
81	77	0.744966
81	97	0.719408
81	106	0.776022
81	126	0.810351
81	141	0.773667
81	149	1.10317
81	156	1.09743
81	157	1.16685
81	163	1.19062
81	165	1.12348
81	167	1.11203
81	171	1.16539
81	172	1.1765
81	175	1.1743
81	177	1.13712
81	178	1.15281
82	1	1.16784
82	7	1.15583
82	48	1.13041
82	54	1.11363
82	63	1.21174
82	67	1.05958
82	88	1.04575
82	89	1.16953
82	101	1.04711
82	115	0.887403
82	163	0.742951
82	166	0.750813
82	167	0.813989
82	175	0.758416
82	176	0.819102
82	177	0.806218
82	179	1.23137
82	180	1.26399
83	8	0.919587
83	21	1.12548
83	34	1.11073
83	37	1.06923
83	49	1.16108
83	62	1.24132
83	70	1.06073
83	73	0.719857
83	74	1.17016
83	103	1.16238
83	110	1.22365
83	120	0.811057
83	126	1.14896
83	141	1.1246
83	143	0.739098
83	149	0.856506
83	155	0.778721
83	179	0.699356
84	4	1.16008
84	13	1.15829
84	16	1.15585
84	30	1.07979
84	40	1.18087
84	46	1.19801
84	64	1.19932
84	72	1.11185
84	93	1.10706
84	121	1.15859
84	127	1.0885
84	158	0.79923
84	168	0.790684
84	169	0.790285
84	171	0.819998
84	172	0.812268
84	176	0.864587
84	180	0.700119
85	22	0.815017
85	47	0.764056
85	77	0.740479
85	95	0.799049
85	114	0.757657
85	136	0.750064
85	139	1.13061
85	147	1.12037
85	164	1.12166
85	166	1.16982
85	170	1.11537
85	172	1.15335
85	173	0.672379
85	174	1.16197
85	175	1.15116
85	176	1.11448
85	177	1.11397
85	179	1.24423
86	1	1.16892
86	10	0.74977
86	57	0.76165
86	89	1.17061
86	101	1.04819
86	103	0.722786
86	134	0.757341
86	140	0.736639
86	151	0.768075
86	152	0.77842
86	154	1.13544
86	165	1.08856
86	170	1.10358
86	172	1.14157
86	175	1.13937
86	177	1.10219
86	179	1.23245
86	180	1.26507
87	42	0.818076
87	60	1.19291
87	67	0.698789
87	101	0.744451
87	104	0.657022
87	110	0.614354
87	111	0.703084
87	118	1.24667
87	137	0.664877
87	145	0.649916
87	160	1.14013
87	164	1.18858
87	168	1.2315
87	172	1.22028
87	173	1.29681
87	175	1.21808
87	176	1.18141
87	177	1.1809
87	178	1.1966
88	1	1.12832
88	7	1.1163
88	18	1.09655
88	48	1.09089
88	54	1.07411
88	63	1.17222
88	67	1.02006
88	82	1.04575
88	89	1.13001
88	101	1.00759
88	115	0.923937
88	135	0.803918
88	160	0.877827
88	163	0.779484
88	170	0.840065
88	171	0.811047
88	177	0.842752
88	179	1.19185
88	180	1.22447
89	7	1.24009
89	18	1.22033
89	43	0.574396
89	48	1.21467
89	54	1.19789
89	68	0.931839
89	82	1.16953
89	86	1.17061
89	88	1.13001
89	101	1.13137
89	106	1.15883
89	147	0.703162
89	149	0.770135
89	158	0.691191
89	170	0.740977
89	171	0.711959
89	178	0.728418
89	179	1.31563
89	180	1.34825
90	22	1.15127
90	25	0.697434
90	60	1.19265
90	65	1.13938
90	69	1.21488
90	95	1.15984
90	97	1.2612
90	100	1.21858
90	118	1.24641
90	123	0.805207
90	138	0.701269
90	149	0.764021
90	158	0.685076
90	164	1.18833
90	168	1.23124
90	170	0.734862
90	173	1.29655
90	176	0.750434
90	177	0.737549
91	11	0.695794
91	29	0.718271
91	36	0.673743
91	71	0.829947
91	126	0.717616
91	127	0.69953
91	130	0.682445
91	139	1.19979
91	158	1.22485
91	160	1.14238
91	164	1.19083
91	170	1.18454
91	171	1.21143
91	173	0.584131
91	174	1.23115
91	176	1.18366
91	177	1.18315
91	178	1.19885
91	180	1.34603
92	16	0.862651
92	52	0.732122
92	63	0.806517
92	65	0.895446
92	69	0.867348
92	115	1.00169
92	123	1.00915
92	138	1.0832
92	145	0.889422
92	149	1.03786
92	151	0.896088
92	153	1.05748
92	163	1.12531
92	167	1.04672
92	171	1.10008
92	175	1.10899
92	176	1.07232
92	177	1.07181
92	178	1.0875
92	179	1.20207
93	4	1.2031
93	13	1.20131
93	16	1.19887
93	20	1.17328
93	31	1.11404
93	33	1.11286
93	46	1.24103
93	64	1.24234
93	71	1.04919
93	72	1.15487
93	84	1.10706
93	121	1.20161
93	148	0.786178
93	155	0.744377
93	158	0.743217
93	160	0.830766
93	162	0.800498
93	163	0.732423
93	164	0.775269
93	170	0.793003
94	2	1.01034
94	10	1.16962
94	19	1.12974
94	25	1.10676
94	36	1.16659
94	56	1.10862
94	66	0.995429
94	78	1.16098
94	80	1.09905
94	96	1.19286
94	102	1.14109
94	105	1.14826
94	109	1.10437
94	143	1.15896
94	146	0.759833
94	149	0.824122
94	160	0.832726
94	163	0.734383
94	164	0.77723
94	172	0.758216
94	177	0.79765
95	5	1.13788
95	11	1.13589
95	22	1.06678
95	57	1.10045
95	60	1.10817
95	65	1.05489
95	85	0.799049
95	90	1.15984
95	97	1.17671
95	100	1.13409
95	108	0.883002
95	116	0.837995
95	118	1.16193
95	146	0.794971
95	157	0.795021
95	164	1.10384
95	166	0.777383
95	168	1.14675
95	169	0.771371
95	173	1.21207
95	178	0.817543
96	2	1.10434
96	10	1.26362
96	19	1.22375
96	36	1.26059
96	45	1.27623
96	68	0.910299
96	78	1.25499
96	80	1.19306
96	94	1.19286
96	102	1.2351
96	105	1.24226
96	109	1.19837
96	131	0.782036
96	142	0.651808
96	143	1.25297
96	149	0.748596
96	150	0.845577
96	155	0.670811
96	168	0.661105
96	169	0.660706
96	180	0.570541
97	11	1.23724
97	22	1.16814
97	26	0.733677
97	57	1.2018
97	65	1.15625
97	69	1.23175
97	81	0.719408
97	90	1.2612
97	95	1.17671
97	100	1.23545
97	118	1.26328
97	158	0.696188
97	162	0.753469
97	164	1.2052
97	166	0.693256
97	168	1.24811
97	169	0.687243
97	170	0.745974
97	173	1.31342
97	175	0.700859
97	177	0.748661
98	29	0.820454
98	51	1.14181
98	72	0.750058
98	99	1.14747
98	102	0.748139
98	117	0.787451
98	118	0.741955
98	122	0.764668
98	125	0.747568
98	130	1.12643
98	133	1.14389
98	134	1.1562
98	135	1.12737
98	136	1.12918
98	137	1.13281
98	144	1.08339
98	152	0.787781
98	158	1.14187
98	169	1.15664
98	176	1.10068
98	178	1.11587
99	32	1.14554
99	38	1.09533
99	41	1.26246
99	98	1.14747
99	104	1.21679
99	124	1.20197
99	128	1.14696
99	130	1.1905
99	133	1.20796
99	134	1.22028
99	136	1.19326
99	137	1.19689
99	138	1.17564
99	139	0.718872
99	146	0.742112
99	150	0.903382
99	156	0.820135
99	163	0.716662
99	172	0.740495
99	176	0.792814
99	178	0.764684
99	180	0.628346
100	5	1.19661
100	22	1.12552
100	57	1.15918
100	60	1.1669
100	65	1.11362
100	69	1.18913
100	90	1.21858
100	95	1.13409
100	97	1.23545
100	118	1.22066
100	123	0.865003
100	138	0.761065
100	147	0.756843
100	156	0.83755
100	158	0.744872
100	164	1.16257
100	168	1.20548
100	169	0.735927
100	173	1.2708
100	176	0.810229
100	179	0.666667
100	180	0.645761
101	1	1.12967
101	7	1.11766
101	18	1.0979
101	48	1.09225
101	54	1.07547
101	63	1.17358
101	67	1.02141
101	82	1.04711
101	86	1.04819
101	87	0.744451
101	88	1.00759
101	89	1.13137
101	106	1.03641
101	119	0.876316
101	131	0.945022
101	135	0.846277
101	142	0.814795
101	143	0.794175
101	147	0.844609
101	165	0.908551
101	179	1.19321
101	180	1.22583
102	2	1.05258
102	10	1.21185
102	19	1.17198
102	25	1.14899
102	36	1.20883
102	45	1.22447
102	52	1.32144
102	53	0.860387
102	78	1.20322
102	80	1.14129
102	94	1.14109
102	96	1.2351
102	98	0.748139
102	105	1.1905
102	109	1.1466
102	131	0.827855
102	167	0.775715
102	168	0.706924
102	174	0.70788
102	176	0.780828
102	178	0.752698
102	180	0.61636
103	3	1.23099
103	6	1.21906
103	15	1.19911
103	21	1.14378
103	34	1.12902
103	43	1.24445
103	49	1.17938
103	62	1.25962
103	70	1.07902
103	83	1.16238
103	86	0.722786
103	108	0.802165
103	110	1.24195
103	116	0.757158
103	120	0.732974
103	126	1.16725
103	138	0.715672
103	141	1.1429
103	150	0.875405
103	153	0.763132
103	169	0.690534
103	178	0.736706
104	25	0.757567
104	28	1.15749
104	55	1.19486
104	75	1.09223
104	87	0.657022
104	99	1.21679
104	124	1.20722
104	128	1.1522
104	130	1.19575
104	133	1.21321
104	134	1.22553
104	136	1.1985
104	137	1.20213
104	138	1.18089
104	139	0.736624
104	141	1.16358
104	144	0.815419
104	147	0.75718
104	168	0.736662
104	169	0.736264
104	177	0.797682
104	178	0.782436
105	2	1.05975
105	19	1.17915
105	25	1.15616
105	36	1.21599
105	52	1.32861
105	56	1.15802
105	78	1.21039
105	80	1.14846
105	94	1.14826
105	96	1.24226
105	102	1.1905
105	109	1.15377
105	119	0.784404
105	123	0.860856
105	143	1.20837
105	158	0.740725
105	168	0.732178
105	171	0.761493
105	174	0.733135
105	177	0.793198
105	178	0.777952
105	180	0.641614
106	8	0.894828
106	14	0.67448
106	18	1.12537
106	48	1.11971
106	63	1.20104
106	81	0.776022
106	89	1.15883
106	101	1.03641
106	111	1.0725
106	132	1.14942
106	135	0.766442
106	139	0.744217
106	140	1.16435
106	145	1.12664
106	152	1.116
106	161	1.14866
106	167	0.813047
106	170	0.802588
106	171	0.773571
106	173	1.20632
106	177	0.805275
106	179	1.22067
106	180	1.25329
107	24	1.09721
107	44	1.19066
107	50	1.13195
107	111	1.09534
107	112	1.12734
107	114	1.14017
107	119	0.794206
107	122	1.15741
107	126	1.13169
107	139	0.741942
107	140	1.18719
107	145	1.14948
107	149	0.829471
107	152	1.13883
107	156	0.843205
107	157	0.765233
107	158	0.750527
107	159	1.15729
107	161	1.1715
107	167	0.810771
107	173	1.22916
107	177	0.803
107	178	0.787754
108	17	1.02226
108	34	0.889226
108	50	0.867736
108	64	0.748936
108	66	0.947398
108	78	0.824663
108	95	0.883002
108	103	0.802165
108	134	0.836721
108	156	1.02003
108	157	1.08946
108	162	1.04685
108	165	1.04609
108	166	1.11556
108	167	1.03464
108	168	1.11032
108	170	1.06111
108	172	1.0991
108	174	1.10772
108	176	1.06023
108	177	1.05972
108	178	1.07542
108	180	1.2226
109	2	1.01585
109	10	1.17513
109	25	1.11227
109	36	1.1721
109	45	1.18774
109	52	1.28472
109	56	1.11413
109	78	1.16649
109	80	1.10457
109	94	1.10437
109	96	1.19837
109	102	1.1466
109	105	1.15377
109	138	0.770548
109	143	1.16447
109	144	0.824566
109	148	0.797316
109	153	0.818008
109	165	0.830268
109	166	0.751423
109	171	0.775123
109	172	0.767393
109	178	0.791582
110	3	1.29226
110	6	1.28033
110	15	1.26038
110	21	1.20505
110	34	1.1903
110	37	1.1488
110	43	1.30572
110	49	1.24065
110	62	1.32089
110	70	1.14029
110	74	1.24973
110	83	1.22365
110	87	0.614354
110	103	1.24195
110	131	0.814925
110	146	0.717196
110	158	0.702541
110	169	0.693596
110	170	0.752327
110	171	0.723309
110	176	0.767898
110	178	0.739768
110	180	0.60343
111	27	1.10516
111	29	1.07617
111	35	1.0853
111	59	1.1046
111	87	0.703084
111	106	1.0725
111	107	1.09534
111	113	1.11713
111	114	1.12597
111	117	1.09925
111	120	0.824766
111	125	1.13856
111	140	1.17298
111	146	1.11563
111	151	1.12111
111	153	0.854924
111	157	0.805976
111	160	0.878819
111	161	1.15729
111	167	0.851515
111	170	0.841056
111	171	0.812039
111	173	1.21495
111	178	0.828498
112	9	1.03314
112	12	1.17362
112	14	0.695725
112	44	1.20845
112	51	0.760174
112	61	1.23101
112	73	0.716342
112	107	1.12734
112	113	1.14913
112	117	1.13124
112	129	1.15225
112	132	1.19004
112	140	1.20497
112	145	1.16726
112	151	1.1531
112	152	1.15662
112	154	0.778919
112	156	0.866725
112	159	1.17507
112	167	0.834291
112	171	0.794815
112	172	0.787085
112	173	1.24695
112	174	0.766456
112	180	0.674936
113	9	1.03714
113	14	0.671889
113	29	1.11217
113	61	1.23502
113	79	0.865644
113	111	1.11713
113	112	1.14913
113	116	0.80789
113	120	0.783706
113	122	1.1792
113	129	1.15625
113	132	1.19405
113	140	1.20898
113	142	0.732368
113	145	1.17127
113	151	1.15711
113	152	1.16063
113	159	1.17908
113	161	1.19329
113	164	0.782263
113	168	0.741664
113	169	0.741266
113	171	0.770979
113	173	1.25095
113	177	0.802684
114	17	1.04955
114	42	1.08852
114	44	1.22128
114	85	0.757657
114	107	1.14017
114	111	1.12597
114	125	1.1834
114	126	1.16231
114	132	1.20288
114	142	0.721081
114	143	0.700461
114	145	1.1801
114	146	1.16046
114	147	0.750895
114	150	0.91485
114	151	1.16594
114	152	1.16946
114	157	0.753629
114	159	1.18791
114	161	1.20212
114	162	0.796204
114	163	0.728129
114	167	0.799168
114	173	1.25979
114	176	0.804281
115	20	0.803804
115	30	0.888358
115	46	0.845785
115	69	0.849686
115	82	0.887403
115	88	0.923937
115	92	1.00169
115	125	0.848557
115	152	0.888771
115	156	1.00714
115	157	1.07657
115	158	1.08853
115	160	1.00606
115	162	1.03396
115	165	1.0332
115	169	1.1033
115	170	1.04823
115	171	1.07511
115	173	0.787304
115	174	1.09483
115	175	1.08402
115	176	1.04734
115	177	1.04683
115	178	1.06253
115	179	1.17709
115	180	1.20971
116	18	0.782502
116	19	0.814798
116	57	0.796022
116	64	0.703928
116	78	0.779656
116	95	0.837995
116	103	0.757158
116	113	0.80789
116	121	0.758786
116	154	1.14979
116	155	1.16094
116	157	1.14627
116	158	1.15824
116	160	1.07577
116	163	1.17004
116	165	1.10291
116	166	1.17238
116	167	1.09146
116	168	1.16714
116	170	1.11793
116	172	1.15592
116	173	0.711325
116	174	1.16454
116	176	1.11705
116	177	1.11654
116	178	1.13224
117	35	1.10341
117	42	1.0618
117	50	1.13586
117	51	0.74091
117	58	1.11561
117	77	1.15092
117	98	0.787451
117	111	1.09925
117	112	1.13124
117	119	0.798461
117	122	1.16131
117	125	1.15668
117	129	1.13836
117	132	1.17616
117	144	0.824993
117	145	1.15338
117	150	0.930708
117	151	1.13922
117	152	1.14274
117	154	0.759655
117	159	1.16119
117	161	1.1754
117	164	0.786835
117	169	0.745838
117	176	0.82014
117	177	0.807255
118	5	1.22445
118	11	1.22245
118	22	1.15335
118	57	1.18702
118	60	1.19474
118	65	1.14146
118	73	1.21437
118	87	1.24667
118	90	1.24641
118	95	1.16193
118	97	1.26328
118	98	0.741955
118	100	1.22066
118	119	0.752965
118	144	0.779497
118	147	0.721258
118	150	0.885212
118	154	0.714159
118	164	1.19041
118	165	0.7852
118	166	0.706354
118	168	1.23332
118	172	0.722325
118	173	1.29864
118	179	0.631081
118	180	0.610176
119	39	0.720345
119	64	0.689928
119	72	0.761068
119	101	0.876316
119	105	0.784404
119	107	0.794206
119	117	0.798461
119	118	0.752965
119	136	0.775009
119	137	0.796743
119	153	1.09006
119	154	1.13764
119	155	1.14879
119	157	1.13412
119	163	1.15789
119	166	1.16023
119	167	1.07931
119	169	1.16086
119	170	1.10578
119	171	1.13267
119	174	1.15239
119	175	1.14157
119	176	1.1049
119	177	1.10439
119	178	1.12009
119	180	1.26727
120	57	0.771838
120	77	0.755242
120	83	0.811057
120	103	0.732974
120	111	0.824766
120	113	0.783706
120	124	0.787911
120	125	0.748395
120	133	0.797623
120	142	1.16208
120	144	1.08756
120	150	1.00589
120	153	1.09001
120	158	1.14604
120	162	1.09147
120	164	1.11203
120	166	1.16019
120	168	1.15494
120	171	1.13262
120	172	1.14372
120	173	0.687141
120	174	1.15234
120	175	1.14153
120	178	1.12004
120	179	1.2346
120	180	1.26722
121	4	1.25463
121	13	1.25284
121	16	1.2504
121	20	1.22481
121	30	1.17434
121	31	1.16557
121	33	1.16439
121	40	1.27542
121	46	1.29256
121	51	0.687234
121	64	1.29387
121	71	1.10072
121	72	1.2064
121	84	1.15859
121	93	1.20161
121	116	0.758786
121	127	1.18305
121	138	0.7173
121	143	0.662644
121	149	0.780051
121	162	0.758387
121	164	0.733159
121	165	0.77702
121	168	0.69256
121	175	0.705778
121	177	0.753579
122	42	1.10575
122	44	1.23852
122	58	1.15956
122	66	0.982251
122	71	1.07679
122	98	0.764668
122	107	1.15741
122	113	1.1792
122	117	1.16131
122	125	1.20063
122	127	1.15912
122	129	1.18232
122	139	0.723415
122	140	1.23505
122	143	0.693537
122	146	1.1777
122	151	1.18318
122	152	1.18669
122	153	0.795653
122	161	1.21936
122	163	0.721205
122	168	0.723453
122	171	0.752768
122	172	0.745038
122	173	1.27702
122	178	0.769227
122	179	0.653794
123	33	0.920187
123	72	0.837521
123	90	0.805207
123	92	1.00915
123	100	0.865003
123	105	0.860856
123	126	0.907262
123	137	0.873195
123	138	1.06568
123	145	0.858233
123	147	1.06069
123	150	0.955833
123	154	1.08754
123	155	1.09869
123	162	1.04142
123	165	1.04066
123	166	1.11013
123	170	1.05568
123	171	1.08257
123	172	1.09367
123	173	0.773777
123	174	1.10229
123	176	1.0548
123	177	1.05429
123	178	1.06999
123	180	1.21717
124	28	1.14266
124	38	1.08575
124	41	1.25289
124	47	1.19744
124	55	1.18003
124	76	1.21943
124	99	1.20197
124	104	1.20722
124	120	0.787911
124	128	1.13738
124	130	1.18093
124	133	1.19839
124	134	1.2107
124	135	0.768054
124	136	1.18368
124	137	1.18731
124	138	1.16606
124	141	1.14876
124	143	0.715952
124	153	0.818068
124	160	0.841963
124	163	0.743621
124	169	0.74547
124	177	0.806888
124	178	0.791642
124	179	0.67621
124	180	0.655304
125	42	1.10111
125	50	1.17517
125	59	1.16203
125	77	1.19023
125	98	0.747568
125	111	1.13856
125	114	1.1834
125	115	0.848557
125	117	1.15668
125	120	0.748395
125	122	1.20063
125	129	1.17768
125	132	1.21548
125	135	0.728539
125	140	1.23041
125	145	1.1927
125	149	0.793844
125	151	1.17854
125	152	1.18206
125	155	0.716059
125	159	1.20051
125	161	1.21472
125	162	0.77218
125	165	0.790813
125	177	0.767372
125	178	0.752127
125	179	0.636694
126	6	1.20564
126	9	1.03749
126	37	1.0741
126	49	1.16595
126	62	1.2462
126	70	1.0656
126	74	1.17504
126	81	0.810351
126	83	1.14896
126	91	0.717616
126	103	1.16725
126	107	1.13169
126	114	1.16231
126	123	0.907262
126	129	1.1566
126	132	1.1944
126	138	0.803324
126	139	0.778546
126	142	0.769288
126	143	0.748668
126	145	1.17162
126	151	1.15746
126	152	1.16097
126	159	1.17943
126	164	0.819183
126	168	0.778584
126	169	0.778186
126	180	0.68802
127	4	1.18454
127	16	1.18032
127	17	1.02063
127	20	1.15473
127	30	1.10426
127	33	1.0943
127	40	1.20534
127	64	1.22379
127	77	1.14872
127	84	1.0885
127	91	0.69953
127	121	1.18305
127	122	1.15912
127	145	1.15119
127	148	0.812006
127	151	1.13703
127	157	0.78375
127	159	1.159
127	160	0.856593
127	161	1.17321
127	162	0.826325
127	164	0.801097
127	172	0.782083
127	173	1.23087
127	174	0.761454
127	176	0.834402
127	178	0.806272
127	179	0.690839
128	23	1.09157
128	28	1.08765
128	32	1.08095
128	38	1.03074
128	39	1.19672
128	41	1.19787
128	47	1.14243
128	55	1.12502
128	76	1.16442
128	99	1.14696
128	104	1.1522
128	124	1.13738
128	130	1.12591
128	134	1.15569
128	136	1.12867
128	137	1.1323
128	138	1.11105
128	141	1.09374
128	142	0.77455
128	147	0.804364
128	153	0.856046
128	156	0.885071
128	162	0.849673
128	166	0.78946
128	167	0.852637
128	174	0.784802
128	176	0.85775
128	178	0.82962
128	180	0.693282
129	12	1.18075
129	24	1.12211
129	29	1.11529
129	58	1.13661
129	61	1.23814
129	79	0.854462
129	112	1.15225
129	113	1.15625
129	117	1.13836
129	122	1.18232
129	125	1.17768
129	126	1.1566
129	132	1.19716
129	139	0.730444
129	140	1.2121
129	145	1.17439
129	146	1.15475
129	149	0.817974
129	151	1.16023
129	152	1.16374
129	154	0.743901
129	157	0.753735
129	159	1.1822
129	162	0.796309
129	165	0.814942
129	166	0.736097
129	170	0.788815
129	176	0.804386
129	178	0.776256
129	179	0.660824
130	23	1.13511
130	25	0.764318
130	28	1.13119
130	32	1.1245
130	39	1.24026
130	41	1.24142
130	43	0.635165
130	47	1.18598
130	55	1.16857
130	68	0.992608
130	75	1.06594
130	91	0.682445
130	98	1.12643
130	99	1.1905
130	104	1.19575
130	124	1.18093
130	128	1.12591
130	133	1.18692
130	134	1.19924
130	135	0.765599
130	136	1.17221
130	137	1.17584
130	138	1.1546
130	147	0.763931
130	155	0.75312
130	156	0.844638
130	167	0.812204
130	174	0.74437
130	178	0.789187
130	180	0.652849
131	8	1.02102
131	20	0.782531
131	39	0.78905
131	66	0.96945
131	67	0.89936
131	74	0.837912
131	78	0.834361
131	80	0.904663
131	96	0.782036
131	101	0.945022
131	102	0.827855
131	110	0.814925
131	135	1.10898
131	139	1.09841
131	144	1.06499
131	150	0.983316
131	151	0.857153
131	155	1.12618
131	156	1.04209
131	160	1.041
131	163	1.13527
131	166	1.13762
131	167	1.05669
131	170	1.08317
131	171	1.11005
131	172	1.12115
131	174	1.12977
131	176	1.08228
131	177	1.08178
131	178	1.09747
131	179	1.21203
132	35	1.16221
132	43	0.63052
132	50	1.19466
132	58	1.17441
132	61	1.27593
132	77	1.20972
132	106	1.14942
132	112	1.19004
132	113	1.19405
132	114	1.20288
132	117	1.17616
132	125	1.21548
132	126	1.1944
132	129	1.19716
132	135	0.760954
132	138	0.763508
132	140	1.24989
132	142	0.729472
132	149	0.826259
132	151	1.19802
132	152	1.20154
132	154	0.752187
132	159	1.21999
132	163	0.73652
132	164	0.779367
132	166	0.744382
132	169	0.73837
132	173	1.29187
132	174	0.739724
132	175	0.751986
132	180	0.648204
133	23	1.15257
133	26	0.801615
133	28	1.14865
133	32	1.14196
133	38	1.09175
133	39	1.25772
133	41	1.25888
133	47	1.20344
133	55	1.18603
133	75	1.0834
133	98	1.14389
133	99	1.20796
133	104	1.21321
133	120	0.797623
133	124	1.19839
133	130	1.18692
133	134	1.2167
133	135	0.777766
133	136	1.18967
133	137	1.1933
133	138	1.17206
133	139	0.755542
133	141	1.15475
133	143	0.725664
133	157	0.778833
133	164	0.796179
133	169	0.755182
133	172	0.777165
133	174	0.756537
133	178	0.801354
133	179	0.685922
133	180	0.665016
134	15	1.22328
134	23	1.16489
134	28	1.16097
134	32	1.15428
134	38	1.10406
134	39	1.27004
134	47	1.21575
134	55	1.19834
134	75	1.09572
134	76	1.23774
134	86	0.757341
134	98	1.1562
134	99	1.22028
134	104	1.22553
134	108	0.836721
134	124	1.2107
134	128	1.15569
134	130	1.19924
134	133	1.2167
134	136	1.20199
134	137	1.20562
134	138	1.18437
134	156	0.826712
134	157	0.74874
134	164	0.766086
134	165	0.809947
134	166	0.731102
134	168	0.725488
134	169	0.725089
134	174	0.726444
134	177	0.786507
134	178	0.771262
134	179	0.655829
134	180	0.634923
135	7	0.718465
135	16	0.724971
135	51	1.18579
135	57	0.751982
135	88	0.803918
135	98	1.12737
135	101	0.846277
135	106	0.766442
135	124	0.768054
135	125	0.728539
135	130	0.765599
135	131	1.10898
135	132	0.760954
135	133	0.777766
135	147	1.15055
135	150	1.0457
135	152	0.768752
135	154	1.17741
135	155	1.18856
135	158	1.18585
135	160	1.10338
135	162	1.13128
135	163	1.19765
135	167	1.11907
135	169	1.20062
135	171	1.17243
135	172	1.18353
135	173	0.667285
135	174	1.19215
135	175	1.18134
135	176	1.14466
135	177	1.14415
135	178	1.15985
136	15	1.19626
136	23	1.13787
136	28	1.13395
136	32	1.12725
136	38	1.07704
136	39	1.24302
136	41	1.24418
136	47	1.18873
136	75	1.0687
136	76	1.21072
136	85	0.750064
136	98	1.12918
136	99	1.19326
136	104	1.1985
136	119	0.775009
136	124	1.18368
136	128	1.12867
136	130	1.17221
136	133	1.18967
136	134	1.20199
136	137	1.1786
136	138	1.15735
136	141	1.14005
136	144	0.801541
136	146	0.745986
136	147	0.743302
136	153	0.794984
136	156	0.824009
136	157	0.746036
136	158	0.73133
136	165	0.807244
136	175	0.736002
136	176	0.796688
136	177	0.783803
136	178	0.768558
137	15	1.19989
137	23	1.1415
137	25	0.765422
137	28	1.13758
137	32	1.13088
137	38	1.08067
137	39	1.24665
137	47	1.19236
137	55	1.17495
137	75	1.07232
137	76	1.21435
137	87	0.664877
137	98	1.13281
137	99	1.19689
137	104	1.20213
137	119	0.796743
137	123	0.873195
137	124	1.18731
137	128	1.1323
137	130	1.17584
137	133	1.1933
137	134	1.20562
137	136	1.1786
137	138	1.16098
137	141	1.14368
137	143	0.714601
137	144	0.823275
137	148	0.796025
137	165	0.828977
137	169	0.744119
137	171	0.773832
137	172	0.766102
137	174	0.745474
137	177	0.805537
137	180	0.653953
138	5	0.737649
138	16	0.727524
138	21	0.822893
138	22	0.812477
138	50	0.781242
138	67	0.803169
138	76	1.1931
138	90	0.701269
138	92	1.0832
138	99	1.17564
138	100	0.761065
138	103	0.715672
138	104	1.18089
138	109	0.770548
138	121	0.7173
138	123	1.06568
138	124	1.16606
138	126	0.803324
138	128	1.11105
138	130	1.1546
138	132	0.763508
138	133	1.17206
138	134	1.18437
138	136	1.15735
138	137	1.16098
138	141	1.12243
138	154	1.1616
138	161	0.762057
138	163	1.18184
138	170	1.12974
138	171	1.15662
138	172	1.16772
138	173	0.669839
138	174	1.17634
138	176	1.12885
138	177	1.12835
138	178	1.14404
138	180	1.29123
139	11	0.756724
139	13	0.781125
139	22	0.787699
139	24	0.782562
139	36	0.734673
139	47	0.736738
139	71	0.890877
139	85	1.13061
139	91	1.19979
139	99	0.718872
139	104	0.736624
139	106	0.744217
139	107	0.741942
139	122	0.723415
139	126	0.778546
139	129	0.730444
139	131	1.09841
139	133	0.755542
139	144	1.11681
139	147	1.13999
139	148	1.15706
139	150	1.03513
139	154	1.16684
139	158	1.17529
139	160	1.09282
139	166	1.18943
139	167	1.10851
139	169	1.19006
139	170	1.13498
139	171	1.16187
139	172	1.17297
139	174	1.18159
139	175	1.17077
139	176	1.1341
139	177	1.13359
139	178	1.14929
139	179	1.26385
139	180	1.29647
140	9	1.09299
140	24	1.17484
140	29	1.16801
140	35	1.17714
140	50	1.20959
140	53	0.858248
140	59	1.19644
140	61	1.29086
140	77	1.22465
140	86	0.736639
140	106	1.16435
140	107	1.18719
140	111	1.17298
140	112	1.20497
140	113	1.20898
140	122	1.23505
140	125	1.23041
