1	4	1.25687
1	14	0.960146
1	40	0.876237
1	61	0.897079
1	81	0.935914
1	85	0.935326
1	88	0.988665
1	100	1.61728
1	123	0.911412
1	133	1.77785
1	155	1.00249
1	175	0.926846
2	64	1.79048
2	79	0.936251
2	80	0.935946
2	84	0.939024
2	98	0.965856
2	99	0.967099
2	113	0.926258
2	119	1.01431
2	150	0.944692
2	157	0.946807
2	161	1.86372
2	163	0.83547
3	8	0.965162
3	25	0.96782
3	26	0.970827
3	36	0.927269
3	38	0.930723
3	39	0.926711
3	45	0.900482
3	46	1.00969
3	91	1.54105
3	94	1.45188
3	148	1.63204
3	154	0.837557
4	1	1.25687
4	70	1.13991
4	71	0.441035
4	73	1.19845
4	98	0.365329
4	136	1.18388
4	157	0.136401
4	171	1.05687
4	177	1.02153
4	179	1.04023
4	180	1.04962
5	122	1.05506
5	124	1.0476
5	125	0.69934
5	131	1.0613
5	132	0.618602
5	137	1.04629
5	138	1.04643
5	157	1.07597
5	160	1.11356
5	168	1.77005
5	170	1.98195
5	173	0.936929
6	65	1.04096
6	87	1.05338
6	95	1.03576
6	96	1.03566
6	97	1.1039
6	146	1.07403
6	150	1.07932
6	155	0.826788
6	159	1.10489
6	172	0.985921
6	175	1.1003
6	178	2.02245
7	40	0.995077
7	61	1.01592
7	81	1.05475
7	85	1.05417
7	88	1.1075
7	92	0.643541
7	123	1.03025
7	141	1.20916
7	155	1.12133
7	175	1.04569
7	176	1.45394
7	179	1.72543
8	3	0.965162
8	20	1.03948
8	25	1.04781
8	26	1.05081
8	38	1.01071
8	45	0.980469
8	46	1.08968
8	83	1.03013
8	103	0.942685
8	121	1.03053
8	142	1.84646
8	154	0.917543
8	165	1.46108
9	17	1.01965
9	21	1.0018
9	22	1.01106
9	23	1.01274
9	48	1.05203
9	56	1.08624
9	70	0.945991
9	73	1.00453
9	136	0.989963
9	144	1.20468
9	147	0.977092
9	165	1.26043
9	173	1.89141
10	58	0.970455
10	62	1.03374
10	67	1.03374
10	71	1.00758
10	74	1.00795
10	75	0.928787
10	90	1.03686
10	139	0.910405
10	145	1.02522
10	160	1.04347
10	163	1.24569
10	169	1.63833
10	170	1.63402
11	72	1.03359
11	78	1.02946
11	82	1.0989
11	86	0.987002
11	93	0.999899
11	98	1.03964
11	113	1.00004
11	140	0.615832
11	157	1.02059
11	163	0.909251
11	171	1.5292
11	178	1.6875
11	179	1.5373
12	75	0.955002
12	90	1.06308
12	115	1.01103
12	117	0.659019
12	134	1.02915
12	137	1.00241
12	138	1.00255
12	145	1.05143
12	151	0.816006
12	160	1.06968
12	167	1.77798
12	173	0.893057
12	174	2.10461
13	36	1.02251
13	87	0.644952
13	130	0.480364
13	160	0.322461
13	166	1.03459
13	168	1.00152
13	171	1.0159
13	172	1.06869
13	174	0.991699
13	177	0.980557
13	178	0.988903
13	179	0.999252
13	180	1.00865
14	1	0.960146
14	40	0.949387
14	61	0.970229
14	81	1.00906
14	85	1.00848
14	88	1.06181
14	114	0.639397
14	119	1.0887
14	155	1.07564
14	169	1.67596
14	175	0.999995
14	177	1.79258
14	180	1.2907
15	24	0.988793
15	32	0.946349
15	35	1.06144
15	49	1.0207
15	50	1.02391
15	53	0.988659
15	54	0.989288
15	57	1.05982
15	100	0.863367
15	142	1.74953
15	147	1.08081
15	152	1.01503
15	172	1.62685
16	19	1.02055
16	24	0.995011
16	32	0.952568
16	49	1.02692
16	50	1.03013
16	53	0.994877
16	54	0.995507
16	57	1.06604
16	101	0.853517
16	118	1.37672
16	151	1.00912
16	152	1.02125
16	168	2.08207
17	9	1.01965
17	21	1.02191
17	22	1.03117
17	28	0.990425
17	34	0.992625
17	48	1.07214
17	70	0.966102
17	73	1.02464
17	135	1.05358
17	136	1.01007
17	146	1.12547
17	165	1.20113
17	168	1.96694
18	40	0.947312
18	59	1.09895
18	61	0.968154
18	81	1.00699
18	85	1.0064
18	88	1.05974
18	105	0.988094
18	123	0.982487
18	147	1.10587
18	148	0.977643
18	155	1.07357
18	175	0.997921
18	178	2.22834
19	16	1.02055
19	24	1.02347
19	35	1.09611
19	49	1.05538
19	53	1.02334
19	54	1.02397
19	57	1.0945
19	140	0.728621
19	149	1.22106
19	152	1.04971
19	163	1.55052
19	173	1.59213
20	8	1.03948
20	26	1.04514
20	27	1.04125
20	36	1.00158
20	39	1.00103
20	45	0.974797
20	46	1.08401
20	103	1.12148
20	121	1.02486
20	147	1.35654
20	148	1.22831
20	154	0.911871
20	175	1.55686
21	9	1.0018
21	17	1.02191
21	23	1.01501
21	28	0.972579
21	48	1.05429
21	56	1.08851
21	70	0.948256
21	73	1.0068
21	136	0.992229
21	162	1.06561
21	163	1.53059
21	167	1.59605
21	172	1.20393
22	9	1.01106
22	17	1.03117
22	23	1.02427
22	28	0.981839
22	34	0.984039
22	56	1.09777
22	70	0.957516
22	73	1.01605
22	123	1.23117
22	129	1.46266
22	136	1.00149
22	139	1.62788
22	155	1.01727
23	9	1.01274
23	21	1.01501
23	22	1.02427
23	28	0.98352
23	34	0.98572
23	56	1.09945
23	70	0.959197
23	73	1.01774
23	123	1.03838
23	133	0.840792
23	136	1.00317
23	171	1.86183
23	176	1.59844
24	15	0.988793
24	16	0.995011
24	19	1.02347
24	32	0.955487
24	50	1.03305
24	53	0.997796
24	54	0.998426
24	57	1.06896
24	109	0.901825
24	149	1.33048
24	152	1.02417
24	159	0.992134
24	177	2.16919
25	3	0.96782
25	8	1.04781
25	27	1.04958
25	36	1.00991
25	39	1.00936
25	45	0.983127
25	46	1.09234
25	83	1.24476
25	119	1.20359
25	121	1.03319
25	140	1.44318
25	147	1.39238
25	154	0.920202
26	3	0.970827
26	8	1.05081
26	20	1.04514
26	27	1.05259
26	36	1.01292
26	38	1.01637
26	39	1.01236
26	114	0.996176
26	121	1.0362
26	132	0.665085
26	154	0.923208
26	170	2.02843
26	173	1.68171
27	20	1.04125
27	25	1.04958
27	26	1.05259
27	36	1.00903
27	38	1.01248
27	39	1.00847
27	45	0.982245
27	105	1.01292
27	117	0.949904
27	121	1.03231
27	135	1.26648
27	154	0.919319
27	179	2.10296
28	17	0.990425
28	21	0.972579
28	22	0.981839
28	23	0.98352
28	34	0.943292
28	48	1.0228
28	56	1.05702
28	70	0.916768
28	73	0.975308
28	127	1.12139
28	136	0.960741
28	155	1.16571
28	175	1.43923
28	176	1.93968
29	68	0.477415
29	112	1.09033
29	118	1.15288
29	120	1.09874
29	130	1.10453
29	134	1.10717
29	137	1.08044
29	138	1.08058
29	157	1.11012
29	160	1.14771
29	165	1.09242
29	173	0.971082
29	176	1.50986
29	179	1.78135
30	120	0.991033
30	124	0.974045
30	125	1.17172
30	128	1.00149
30	130	0.996819
30	131	0.987748
30	133	1.13641
30	134	0.999463
30	137	0.972731
30	138	0.97287
30	145	1.02175
30	151	1.16948
30	173	0.863373
30	179	2.16555
31	34	1.21957
31	37	1.11426
31	67	0.765666
31	95	0.942912
31	96	0.942808
31	97	1.01105
31	149	0.908123
31	150	0.986464
31	171	0.840279
31	172	0.893068
31	177	0.804939
31	178	0.813285
31	179	0.823634
31	180	0.833029
32	15	0.946349
32	16	0.952568
32	24	0.955487
32	35	1.02813
32	49	0.987396
32	50	0.990609
32	53	0.955353
32	54	0.955982
32	57	1.02651
32	152	0.981728
32	164	1.21688
32	166	1.48156
32	172	1.1492
32	174	1.86796
33	79	0.980095
33	84	0.982867
33	86	0.957064
33	98	1.0097
33	99	1.01094
33	113	0.970102
33	119	1.10675
33	125	1.01569
33	132	1.19322
33	147	1.29553
33	150	0.988536
33	157	0.990651
33	163	0.879313
33	176	1.9963
34	17	0.992625
34	22	0.984039
34	23	0.98572
34	28	0.943292
34	31	1.21957
34	48	1.025
34	55	0.949999
34	56	1.05922
34	70	0.918969
34	73	0.977508
34	125	1.17153
34	126	1.41295
34	136	0.962941
34	165	1.47644
35	15	1.06144
35	19	1.09611
35	32	1.02813
35	49	1.10248
35	50	1.1057
35	53	1.07044
35	54	1.07107
35	57	1.1416
35	63	0.988126
35	105	1.08998
35	114	1.43654
35	123	1.34847
35	132	1.10545
35	152	1.09681
36	3	0.927269
36	13	1.02251
36	20	1.00158
36	25	1.00991
36	26	1.01292
36	27	1.00903
36	38	0.972816
36	45	0.942576
36	46	1.05179
36	92	1.30487
36	101	1.23507
36	121	0.992639
36	154	0.87965
36	165	1.69783
37	31	1.11426
37	41	1.00119
37	58	0.938552
37	62	1.00184
37	67	1.00183
37	71	0.975672
37	74	0.976044
37	75	0.896883
37	90	1.00496
37	125	1.06623
37	145	0.993316
37	160	1.01157
37	162	1.49552
37	172	1.63384
38	3	0.930723
38	8	1.01071
38	26	1.01637
38	27	1.01248
38	36	0.972816
38	39	0.972259
38	45	0.94603
38	46	1.05524
38	63	1.09784
38	107	1.11453
38	121	0.996093
38	148	1.18924
38	154	0.883104
38	180	2.19755
39	3	0.926711
39	20	1.00103
39	25	1.00936
39	26	1.01236
39	27	1.00847
39	38	0.972259
39	45	0.942018
39	46	1.05123
39	121	0.992082
39	146	1.41976
39	151	1.18828
39	154	0.879093
39	159	1.41699
39	162	1.61981
40	1	0.876237
40	7	0.995077
40	14	0.949387
40	18	0.947312
40	59	1.01712
40	81	0.925154
40	85	0.924567
40	88	0.977905
40	94	0.960494
40	119	1.00479
40	143	1.38947
40	146	1.47657
40	155	0.99173
40	163	2.1416
40	175	0.916086
41	37	1.00119
41	58	1.01477
41	62	1.07806
41	67	1.07805
41	71	1.05189
41	74	1.05226
41	75	0.973099
41	90	1.08118
41	109	1.35358
41	116	1.45245
41	119	1.0502
41	132	1.13668
41	140	1.28979
41	145	1.06953
41	160	1.08778
42	108	1.59397
42	115	0.874198
42	122	0.874358
42	124	0.8669
42	128	0.89435
42	130	0.889674
42	131	0.880603
42	134	0.892318
42	135	2.05022
42	137	0.865586
42	138	0.865726
42	145	0.914606
42	151	1.89063
42	152	0.908985
42	173	0.756228
43	110	1.48338
43	112	0.980941
43	120	0.989355
43	128	0.999816
43	130	0.99514
43	131	0.986069
43	134	0.997784
43	137	0.971052
43	138	0.971191
43	147	1.25306
43	151	1.22926
43	156	1.62568
43	160	1.03832
43	173	0.861694
44	53	0.937066
44	60	0.941026
44	97	0.446706
44	118	1.07594
44	145	0.722624
44	161	0.990896
44	167	0.952219
44	168	0.929735
44	169	0.939569
44	171	0.94411
44	174	0.919912
44	176	0.955937
44	178	0.917115
44	179	0.927464
44	180	0.936859
45	3	0.900482
45	8	0.980469
45	20	0.974797
45	25	0.983127
45	27	0.982245
45	36	0.942576
45	38	0.94603
45	39	0.942018
45	46	1.025
45	94	1.20667
45	121	0.965853
45	123	1.65578
45	147	1.51507
45	151	1.49126
45	154	0.852864
46	3	1.00969
46	8	1.08968
46	20	1.08401
46	25	1.09234
46	36	1.05179
46	38	1.05524
46	39	1.05123
46	45	1.025
46	105	0.376973
46	121	1.07507
46	154	0.962076
46	164	1.10848
46	169	1.7601
46	170	1.75579
46	180	1.37483
47	51	0.939847
47	60	0.948938
47	66	0.948966
47	87	0.953851
47	95	0.936239
47	96	0.936134
47	97	1.00438
47	107	1.09256
47	117	1.1147
47	133	1.01943
47	146	0.974508
47	150	0.979791
47	154	2.14994
47	165	1.57883
47	172	0.886395
48	9	1.05203
48	17	1.07214
48	21	1.05429
48	28	1.0228
48	34	1.025
48	55	1.02951
48	56	1.13873
48	70	0.998481
48	73	1.05702
48	103	0.666904
48	126	1.12181
48	136	1.04245
48	155	0.828771
48	167	1.84014
48	173	1.81628
49	15	1.0207
49	16	1.02692
49	19	1.05538
49	32	0.987396
49	35	1.10248
49	50	1.06496
49	53	1.02971
49	54	1.03034
49	57	1.10087
49	139	1.01767
49	152	1.05608
49	167	1.41842
49	171	1.44442
49	172	1.0263
49	179	1.45252
50	15	1.02391
50	16	1.03013
50	24	1.03305
50	32	0.990609
50	35	1.1057
50	49	1.06496
50	53	1.03292
50	54	1.03355
50	57	1.10408
50	108	0.744484
50	110	1.29527
50	119	0.876168
50	139	1.60237
50	152	1.05929
50	176	1.76573
51	47	0.939847
51	65	0.940452
51	66	0.947981
51	69	1.03352
51	87	0.952865
51	95	0.935254
51	96	0.935149
51	97	1.00339
51	108	1.06481
51	146	0.973522
51	150	0.978806
51	153	1.49849
51	162	1.79301
51	172	0.88541
51	175	1.5856
52	120	1.02933
52	122	1.0198
52	124	1.01235
52	127	1.04787
52	128	1.0398
52	129	1.53759
52	130	1.03512
52	131	1.02605
52	134	1.03776
52	135	1.30117
52	137	1.01103
52	138	1.01117
52	145	1.06005
52	146	1.37307
52	159	1.37029
52	173	0.901673
53	15	0.988659
53	16	0.994877
53	19	1.02334
53	24	0.997796
53	32	0.955353
53	35	1.07044
53	44	0.937066
53	49	1.02971
53	50	1.03292
53	54	0.998292
53	57	1.06882
53	83	1.00544
53	108	0.832587
53	149	1.6963
53	152	1.02404
53	164	1.76678
54	15	0.989288
54	16	0.995507
54	19	1.02397
54	24	0.998426
54	32	0.955982
54	35	1.07107
54	49	1.03034
54	50	1.03355
54	53	0.998292
54	57	1.06945
54	152	1.02467
54	153	1.00613
54	155	0.819722
54	158	1.60729
54	165	1.17625
54	178	2.01538
55	34	0.949999
55	48	1.02951
55	56	1.06373
55	70	0.923475
55	71	0.990437
55	73	0.982014
55	74	0.990808
55	75	0.911648
55	90	1.01973
55	106	0.873218
55	136	0.967448
55	143	1.08976
55	144	1.19677
55	145	1.00808
55	160	1.02633
55	176	1.66996
55	178	2.09165
56	9	1.08624
56	21	1.08851
56	22	1.09777
56	23	1.09945
56	28	1.05702
56	34	1.05922
56	48	1.13873
56	55	1.06373
56	63	0.441065
56	70	1.0327
56	73	1.09124
56	136	1.07667
56	146	0.868374
56	149	1.20394
56	164	1.27442
56	169	1.92604
56	171	1.62487
57	15	1.05982
57	16	1.06604
57	19	1.0945
57	24	1.06896
57	32	1.02651
57	35	1.1416
57	49	1.10087
57	50	1.10408
57	53	1.06882
57	54	1.06945
57	105	0.762332
57	107	0.677172
57	116	1.09358
57	144	1.1077
57	152	1.0952
57	167	1.81828
57	173	1.79442
58	10	0.970455
58	37	0.938552
58	41	1.01477
58	62	1.01542
58	67	1.01541
58	71	0.989248
58	74	0.98962
58	75	0.91046
58	90	1.01854
58	101	0.892909
58	121	0.984022
58	123	1.21304
58	125	1.05076
58	145	1.00689
58	158	1.7867
58	160	1.02514
58	180	1.95241
59	18	1.09895
59	40	1.01712
59	61	1.03796
59	81	1.0768
59	83	0.518187
59	85	1.07621
59	88	1.12955
59	104	1.06609
59	109	0.780398
59	119	1.15644
59	123	1.05229
59	147	0.665803
59	155	1.14337
59	161	1.32644
59	170	1.92684
59	175	1.06773
59	177	2.04777
60	44	0.941026
60	47	0.948938
60	65	0.949543
60	66	0.957073
60	69	1.04261
60	87	0.961957
60	93	0.969323
60	95	0.944345
60	96	0.944241
60	97	1.01248
60	107	0.954077
60	133	1.02753
60	146	0.982614
60	150	0.987897
60	161	1.81765
60	164	1.77074
60	172	0.894501
60	175	1.35734
61	1	0.897079
61	7	1.01592
61	14	0.970229
61	18	0.968154
61	59	1.03796
61	81	0.945996
61	85	0.945409
61	88	0.998747
61	89	1.22202
61	104	0.935294
61	119	1.02564
61	123	0.921494
61	140	0.705869
61	155	1.01257
61	174	1.91987
61	175	0.936928
61	176	1.35584
61	177	2.03703
62	10	1.03374
62	37	1.00184
62	41	1.07806
62	58	1.01542
62	67	1.0787
62	71	1.05254
62	74	1.05291
62	75	0.973748
62	90	1.08182
62	91	0.969634
62	92	1.07923
62	101	1.00944
62	103	0.953795
62	121	1.04731
62	145	1.07018
62	156	1.56147
62	160	1.08843
62	176	1.88963
63	35	0.988126
63	38	1.09784
63	56	0.441065
63	78	0.465468
63	79	0.83516
63	132	1.23894
63	141	1.1038
63	158	1.06628
63	160	0.494804
63	165	1.12076
63	168	1.00988
63	170	1.00834
63	174	1.00006
63	176	1.03608
63	177	0.988915
63	178	0.997261
63	179	1.00761
63	180	1.017
64	2	1.79048
64	111	0.850669
64	120	1.52809
64	128	1.33597
64	139	0.911826
64	149	0.881723
64	156	0.892526
64	158	0.855907
64	161	0.860665
64	163	0.850842
64	164	0.883035
64	169	0.809339
64	170	0.797966
64	176	0.825706
64	177	0.778539
64	178	0.786885
64	179	0.797234
64	180	0.806629
65	6	1.04096
65	51	0.940452
65	60	0.949543
65	66	0.949572
65	69	1.03511
65	87	0.954456
65	95	0.936844
65	96	0.93674
65	97	1.00498
65	101	0.89916
65	109	1.19317
65	125	1.05701
65	133	1.02003
65	146	0.975113
65	150	0.980396
65	166	1.95698
65	168	2.12772
65	172	0.887
66	47	0.948966
66	51	0.947981
66	60	0.957073
66	65	0.949572
66	69	1.04264
66	87	0.961985
66	95	0.944373
66	96	0.944269
66	97	1.01251
66	101	0.996295
66	133	1.02756
66	140	1.22651
66	142	1.84443
66	146	0.982642
66	148	1.04748
66	150	0.987925
66	172	0.89453
66	180	2.05579
67	10	1.03374
67	31	0.765666
67	37	1.00183
67	41	1.07805
67	58	1.01541
67	62	1.0787
67	71	1.05253
67	74	1.0529
67	75	0.973739
67	90	1.08182
67	121	1.0473
67	144	0.96679
67	145	1.07017
67	153	0.852411
67	160	1.08842
67	163	1.61191
67	166	1.61761
67	176	1.43998
68	29	0.477415
68	78	0.35343
68	88	0.514241
68	98	0.611517
68	110	1.15424
68	122	0.780919
68	137	0.851445
68	162	1.10502
68	166	1.05992
68	167	1.04933
68	168	1.02685
68	169	1.03668
68	170	1.02531
68	176	1.05305
68	177	1.00588
68	178	1.01423
68	179	1.02458
68	180	1.03397
69	51	1.03352
69	60	1.04261
69	65	1.03511
69	66	1.04264
69	87	1.04752
69	95	1.02991
69	96	1.0298
69	97	1.09805
69	100	0.980311
69	126	1.4176
69	132	1.09544
69	133	1.1131
69	135	1.33353
69	146	1.06818
69	150	1.07346
69	153	1.31096
69	159	1.40265
69	172	0.980064
70	4	1.13991
70	9	0.945991
70	17	0.966102
70	21	0.948256
70	22	0.957516
70	23	0.959197
70	28	0.916768
70	34	0.918969
70	48	0.998481
70	55	0.923475
70	56	1.0327
70	73	0.950984
70	89	1.42235
70	100	0.637962
70	136	0.936418
70	165	1.13874
70	167	1.79357
70	177	2.23737
71	4	0.441035
71	10	1.00758
71	37	0.975672
71	41	1.05189
71	55	0.990437
71	58	0.989248
71	62	1.05254
71	67	1.05253
71	74	1.02674
71	75	0.94758
71	90	1.05566
71	100	0.801452
71	121	1.02114
71	127	0.901376
71	142	1.68761
71	145	1.04401
71	160	1.06226
71	172	1.56494
71	178	2.14136
72	11	1.03359
72	77	1.04636
72	78	1.04485
72	79	1.02543
72	80	1.02512
72	86	1.0024
72	93	1.01529
72	98	1.05503
72	110	1.11079
72	113	1.01543
72	125	1.06102
72	126	1.10032
72	147	0.880473
72	148	0.752245
72	150	1.03387
72	157	1.03598
72	163	0.924644
72	169	2.14582
72	179	1.85274
73	4	1.19845
73	9	1.00453
73	17	1.02464
73	21	1.0068
73	22	1.01605
73	23	1.01774
73	28	0.975308
73	34	0.977508
73	48	1.05702
73	55	0.982014
73	56	1.09124
73	70	0.950984
73	89	1.63956
73	91	0.853386
73	106	0.976642
73	136	0.994957
73	143	1.19318
73	151	1.0488
73	168	2.12175
74	10	1.00795
74	37	0.976044
74	41	1.05226
74	55	0.990808
74	58	0.98962
74	62	1.05291
74	67	1.0529
74	71	1.02674
74	75	0.947951
74	90	1.05603
74	103	1.14784
74	107	1.17997
74	117	1.20211
74	121	1.02151
74	125	1.36133
74	126	1.60275
74	145	1.04438
74	155	1.30971
74	160	1.06263
75	10	0.928787
75	12	0.955002
75	37	0.896883
75	41	0.973099
75	55	0.911648
75	58	0.91046
75	62	0.973748
75	67	0.973739
75	71	0.94758
75	74	0.947951
75	90	0.976868
75	106	0.756097
75	118	1.19585
75	121	0.942354
75	145	0.965224
75	160	0.983473
75	170	2.1131
75	172	1.39811
75	174	2.11686
76	102	1.05592
76	120	1.03611
76	122	1.02658
76	124	1.01912
76	128	1.04657
76	131	1.03282
76	134	1.04454
76	137	1.0178
76	138	1.01794
76	142	0.943849
76	152	1.0612
76	156	0.99965
76	159	0.831937
76	160	1.08507
76	165	0.910371
76	168	1.67618
76	171	1.5912
76	173	0.908446
76	174	1.89183
77	72	1.04636
77	79	1.02281
77	80	1.0225
77	84	1.02558
77	86	0.999776
77	93	1.01267
77	98	1.05241
77	99	1.05365
77	111	2.15794
77	113	1.01281
77	118	1.35649
77	119	0.82392
77	125	1.0584
77	127	0.895186
77	150	1.03125
77	153	1.12591
77	157	1.03336
77	163	0.922025
77	172	1.55875
78	11	1.02946
78	63	0.465468
78	68	0.35343
78	72	1.04485
78	79	1.02129
78	80	1.02099
78	84	1.02407
78	86	0.998264
78	98	1.0509
78	99	1.05214
78	111	1.83034
78	113	1.0113
78	125	1.05689
78	142	1.35382
78	150	1.02974
78	157	1.03185
78	163	0.920513
78	173	1.59941
78	180	1.56518
79	2	0.936251
79	33	0.980095
79	63	0.83516
79	72	1.02543
79	77	1.02281
79	78	1.02129
79	86	0.978838
79	93	0.991735
79	98	1.03147
79	99	1.03272
79	113	0.991875
79	125	1.03747
79	129	1.427
79	133	0.997921
79	140	1.10559
79	141	1.51079
79	150	1.01031
79	157	1.01242
79	163	0.901087
79	180	1.93487
80	2	0.935946
80	72	1.02512
80	77	1.0225
80	78	1.02099
80	84	1.00434
80	86	0.978533
80	98	1.03117
80	99	1.03241
80	104	0.982343
80	108	0.865825
80	113	0.99157
80	117	1.0055
80	123	1.327
80	125	1.03716
80	143	1.30687
80	150	1.01
80	157	1.01212
80	159	1.39119
80	163	0.900782
80	168	2.23544
81	1	0.935914
81	7	1.05475
81	14	1.00906
81	18	1.00699
81	40	0.925154
81	59	1.0768
81	61	0.945996
81	85	0.984243
81	88	1.03758
81	104	0.974129
81	107	1.02535
81	108	0.907821
81	119	1.06447
81	123	0.960329
81	133	1.17142
81	135	1.36407
81	149	1.77153
81	155	1.05141
81	161	1.88892
81	175	0.975763
82	11	1.0989
82	99	1.12159
82	113	1.08074
82	118	1.0015
82	119	0.468924
82	124	1.07293
82	128	1.10038
82	130	1.0957
82	134	1.09834
82	137	1.07161
82	138	1.07175
82	146	0.865385
82	149	1.20095
82	150	1.09918
82	157	1.10129
82	163	0.989956
82	167	1.59588
82	169	1.92305
82	173	0.962254
82	180	1.53779
83	8	1.03013
83	25	1.24476
83	53	1.00544
83	59	0.518187
83	121	0.919073
83	148	1.15703
83	149	1.04059
83	157	0.566643
83	158	1.01477
83	162	1.03654
83	167	0.980854
83	169	0.968204
83	170	0.956831
83	174	0.948546
83	175	1.0929
83	176	0.984571
83	177	0.937404
83	178	0.94575
83	179	0.956099
83	180	0.965494
84	2	0.939024
84	33	0.982867
84	77	1.02558
84	78	1.02407
84	80	1.00434
84	86	0.98161
84	98	1.03425
84	99	1.03549
84	104	0.98542
84	113	0.994648
84	125	1.04024
84	135	1.02326
84	141	1.34347
84	144	1.11507
84	150	1.01308
84	157	1.0152
84	158	1.60185
84	162	1.2952
84	163	0.903859
84	173	1.80179
85	1	0.935326
85	7	1.05417
85	14	1.00848
85	18	1.0064
85	40	0.924567
85	59	1.07621
85	61	0.945409
85	81	0.984243
85	88	1.03699
85	104	0.973541
85	119	1.06388
85	123	0.959742
85	125	0.666129
85	142	1.35642
85	154	1.54214
85	155	1.05082
85	165	0.971034
85	173	1.60201
85	175	0.975175
85	177	2.06966
86	11	0.987002
86	33	0.957064
86	72	1.0024
86	77	0.999776
86	78	0.998264
86	79	0.978838
86	80	0.978533
86	84	0.98161
86	98	1.00844
86	99	1.00969
86	104	0.959617
86	113	0.968845
86	135	1.10769
86	144	1.1995
86	146	1.17959
86	150	0.987279
86	155	0.898717
86	157	0.989394
86	163	0.878057
86	169	2.23726
86	173	1.88623
87	6	1.05338
87	13	0.644952
87	47	0.953851
87	51	0.952865
87	60	0.961957
87	65	0.954456
87	66	0.961985
87	69	1.04752
87	93	0.974235
87	95	0.949258
87	96	0.949153
87	97	1.0174
87	109	1.15152
87	133	1.03245
87	143	1.1575
87	146	0.987526
87	150	0.99281
87	158	1.7513
87	162	1.44466
87	171	2.0011
87	172	0.899414
88	1	0.988665
88	7	1.1075
88	14	1.06181
88	18	1.05974
88	40	0.977905
88	59	1.12955
88	61	0.998747
88	68	0.514241
88	81	1.03758
88	85	1.03699
88	104	1.02688
88	110	1.07623
88	118	1.1897
88	119	1.11722
88	123	1.01308
88	148	0.717683
88	155	1.10416
88	161	1.50654
88	163	1.71862
88	173	1.76023
88	175	1.02851
89	61	1.22202
89	70	1.42235
89	73	1.63956
89	93	1.65723
89	100	1.08965
89	139	0.915084
89	143	0.956001
89	144	0.94063
89	153	0.971694
89	161	0.863924
89	164	0.886294
89	166	0.835832
89	168	0.802763
89	170	0.801224
89	171	0.817138
89	174	0.79294
89	176	0.828964
89	177	0.781797
89	178	0.790143
89	179	0.800492
89	180	0.809887
90	10	1.03686
90	12	1.06308
90	37	1.00496
90	41	1.08118
90	55	1.01973
90	58	1.01854
90	62	1.08182
90	67	1.08182
90	71	1.05566
90	74	1.05603
90	75	0.976868
90	107	0.663125
90	116	1.07953
90	121	1.05043
90	145	1.0733
90	159	1.07097
90	160	1.09155
90	162	1.27379
90	171	1.83023
90	175	1.06638
90	179	1.83833
91	3	1.54105
91	62	0.969634
91	73	0.853386
91	109	1.11766
91	131	0.635228
91	138	0.708899
91	148	1.11682
91	151	1.07498
91	158	0.974559
91	160	0.495214
91	162	0.99633
91	169	0.92799
91	170	0.916617
91	171	0.932531
91	172	0.98532
91	175	1.05269
91	176	0.944358
91	177	0.897191
91	178	0.905537
91	179	0.915886
91	180	0.92528
92	7	0.643541
92	36	1.30487
92	62	1.07923
92	95	0.485106
92	98	0.833563
92	108	1.17457
92	143	1.07008
92	144	1.05471
92	145	0.828987
92	149	0.999058
92	159	1.05631
92	162	0.995013
92	166	0.949909
92	167	0.939324
92	168	0.91684
92	170	0.915301
92	171	0.931215
92	176	0.943041
92	178	0.90422
92	179	0.914569
92	180	0.923964
93	11	0.999899
93	60	0.969323
93	72	1.01529
93	77	1.01267
93	79	0.991735
93	87	0.974235
93	89	1.65723
93	95	0.956624
93	96	0.956519
93	99	1.02258
93	105	0.972501
93	113	0.981742
93	146	0.994892
93	150	1.00018
93	155	1.01708
93	157	1.00229
93	158	1.80465
93	163	0.890953
93	165	1.37361
93	172	0.90678
93	175	1.2906
94	3	1.45188
94	40	0.960494
94	45	1.20667
94	98	0.634789
94	105	1.18234
94	130	0.563941
94	152	0.355788
94	153	1.0847
94	154	0.96192
94	155	1.12594
94	162	0.99394
94	165	1.02664
94	168	0.915767
94	169	0.925601
94	172	0.98293
94	174	0.905943
94	176	0.941968
94	177	0.894801
94	178	0.903147
94	179	0.913496
94	180	0.922891
95	6	1.03576
95	31	0.942912
95	47	0.936239
95	51	0.935254
95	60	0.944345
95	65	0.936844
95	66	0.944373
95	69	1.02991
95	87	0.949258
95	92	0.485106
95	93	0.956624
95	96	0.931541
95	97	0.999785
95	111	1.73997
95	133	1.01484
95	146	0.969915
95	150	0.975198
95	154	1.44917
95	166	1.47313
95	169	1.86008
95	172	0.881802
95	180	1.47481
96	6	1.03566
96	31	0.942808
96	47	0.936134
96	51	0.935149
96	60	0.944241
96	65	0.93674
96	66	0.944269
96	69	1.0298
96	87	0.949153
96	93	0.956519
96	95	0.931541
96	97	0.99968
96	114	1.06743
96	133	1.01473
96	139	1.37607
96	140	0.889447
96	146	0.96981
96	150	0.975093
96	163	1.71135
96	172	0.881698
96	178	1.96111
96	179	1.81091
97	6	1.1039
97	31	1.01105
97	44	0.446706
97	47	1.00438
97	51	1.00339
97	60	1.01248
97	65	1.00498
97	66	1.01251
97	69	1.09805
97	87	1.0174
97	95	0.999785
97	96	0.99968
97	133	1.08297
97	146	1.03805
97	150	1.04334
97	153	0.775905
97	163	1.5354
97	168	1.71184
97	172	0.949941
97	173	1.57701
97	174	1.92749
97	175	0.863015
98	2	0.965856
98	4	0.365329
98	11	1.03964
98	33	1.0097
98	68	0.611517
98	72	1.05503
98	77	1.05241
98	78	1.0509
98	79	1.03147
98	80	1.03117
98	84	1.03425
98	86	1.00844
98	92	0.833563
98	94	0.634789
98	113	1.02148
98	125	1.06707
98	144	1.17078
98	150	1.03991
98	157	1.04203
98	163	0.930692
98	171	1.90736
98	174	2.20799
99	2	0.967099
99	33	1.01094
99	77	1.05365
99	78	1.05214
99	79	1.03272
99	80	1.03241
99	82	1.12159
99	84	1.03549
99	86	1.00969
99	93	1.02258
99	104	1.0135
99	106	0.720433
99	113	1.02272
99	126	1.03624
99	132	0.714091
99	150	1.04116
99	153	0.929609
99	157	1.04327
99	161	1.47703
99	163	0.931934
99	174	2.0812
99	177	2.19836
100	1	1.61728
100	15	0.863367
100	69	0.980311
100	70	0.637962
100	71	0.801452
100	89	1.08965
100	126	1.1253
100	147	1.15698
100	149	1.06674
100	152	0.446745
100	157	0.496818
100	166	1.01759
100	167	1.007
100	170	0.982981
100	171	0.998895
100	172	1.05168
100	174	0.974696
100	176	1.01072
100	177	0.963554
100	178	0.9719
100	179	0.982249
100	180	0.991644
101	16	0.853517
101	36	1.23507
101	58	0.892909
101	62	1.00944
101	65	0.89916
101	66	0.996295
101	116	1.05291
101	118	1.09807
101	139	1.06419
101	140	1.14914
101	150	0.641433
101	156	1.04489
101	161	1.01303
101	163	1.00321
101	164	1.0354
101	168	0.951869
101	169	0.961703
101	171	0.966244
101	176	0.978071
101	177	0.930904
101	178	0.939249
101	179	0.949598
101	180	0.958993
102	76	1.05592
102	106	0.992524
102	109	1.20308
102	112	1.01162
102	115	1.01034
102	117	0.907696
102	120	1.02003
102	122	1.0105
102	124	1.00304
102	126	1.30833
102	128	1.03049
102	130	1.02582
102	131	1.01675
102	136	1.01012
102	137	1.00173
102	138	1.00187
102	142	0.927774
102	152	1.04513
102	154	1.94293
102	156	1.4611
102	157	1.03141
102	172	1.63454
102	173	0.892371
103	8	0.942685
103	20	1.12148
103	48	0.666904
103	62	0.953795
103	74	1.14784
103	120	0.705639
103	135	1.08191
103	137	0.948054
103	156	1.03896
103	159	1.08541
103	164	1.02947
103	165	1.05681
103	166	0.979005
103	167	0.96842
103	169	0.95577
103	170	0.944397
103	171	0.960311
103	172	1.0131
103	174	0.936113
103	176	0.972138
103	177	0.924971
103	178	0.933317
103	179	0.943665
103	180	0.95306
104	59	1.06609
104	61	0.935294
104	80	0.982343
104	81	0.974129
104	84	0.98542
104	85	0.973541
104	86	0.959617
104	88	1.02688
104	99	1.0135
104	106	1.03141
104	108	0.806911
104	113	0.972655
104	117	0.946584
104	119	1.05377
104	123	0.949627
104	139	1.6648
104	144	1.35497
104	150	0.991089
104	155	1.04071
104	157	0.993204
104	163	0.881866
104	175	0.965061
104	176	1.82815
104	179	2.09964
105	18	0.988094
105	27	1.01292
105	35	1.08998
105	46	0.376973
105	57	0.762332
105	93	0.972501
105	94	1.18234
105	113	0.965284
105	116	1.06525
105	147	1.13666
105	151	1.12103
105	156	1.05723
105	158	1.02061
105	159	1.10368
105	160	0.596659
105	161	1.02537
105	162	1.04238
105	167	0.986691
105	168	0.964207
105	170	0.962669
105	171	0.978582
105	174	0.954384
105	178	0.951588
105	179	0.961937
105	180	0.971332
106	55	0.873218
106	73	0.976642
106	75	0.756097
106	99	0.720433
106	102	0.992524
106	104	1.03141
106	127	1.20844
106	132	1.18966
106	141	1.05451
106	144	1.09846
106	145	0.842646
106	152	0.568221
106	156	1.05362
106	159	1.10007
106	162	1.03877
106	164	1.04413
106	166	0.993664
106	167	0.983079
106	171	0.97497
106	174	0.950771
106	176	0.986796
106	177	0.939629
106	178	0.947975
106	179	0.958324
106	180	0.967719
107	38	1.11453
107	47	1.09256
107	57	0.677172
107	60	0.954077
107	74	1.17997
107	81	1.02535
107	90	0.663125
107	111	1.0079
107	118	1.10294
107	132	1.1858
107	145	0.735674
107	153	1.12567
107	159	1.09621
107	162	1.03491
107	165	1.06761
107	166	0.989807
107	168	0.956738
107	169	0.966572
107	170	0.955199
107	171	0.971112
107	174	0.946914
107	176	0.982939
107	177	0.935772
107	178	0.944118
107	179	0.954467
107	180	0.963862
108	42	1.59397
108	50	0.744484
108	51	1.06481
108	53	0.832587
108	80	0.865825
108	81	0.907821
108	92	1.17457
108	104	0.806911
108	120	0.620234
108	140	1.15263
108	141	1.04928
108	143	1.1086
108	164	1.03889
108	165	1.06624
108	166	0.988431
108	167	0.977845
108	168	0.955361
108	170	0.953823
108	172	1.02253
108	173	0.978996
108	174	0.945538
108	176	0.981563
108	177	0.934396
108	178	0.942742
108	179	0.953091
108	180	0.962486
109	24	0.901825
109	41	1.35358
109	59	0.780398
109	65	1.19317
109	87	1.15152
109	91	1.11766
109	102	1.20308
109	136	0.828218
109	139	1.00946
109	143	1.05038
109	151	1.05397
109	153	1.06607
109	156	0.990159
109	162	0.975311
109	165	1.00801
109	166	0.930207
109	167	0.919621
109	168	0.897138
109	169	0.906972
109	170	0.895599
109	171	0.911512
109	174	0.887314
109	177	0.876172
109	178	0.884518
109	179	0.894867
109	180	0.904262
110	43	1.48338
110	50	1.29527
110	68	1.15424
110	72	1.11079
110	88	1.07623
110	117	1.07864
110	129	0.932855
110	134	0.925609
110	139	0.93734
110	145	1.16893
110	148	1.02368
110	153	0.99395
110	155	1.0352
110	161	0.886179
110	162	0.903192
110	167	0.847503
110	168	0.825019
110	170	0.82348
110	171	0.839394
110	174	0.815195
110	175	0.959551
110	176	0.85122
110	177	0.804053
110	178	0.812399
110	179	0.822748
110	180	0.832143
111	64	0.850669
111	77	2.15794
111	78	1.83034
111	95	1.73997
111	107	1.0079
111	131	1.99969
111	141	0.842713
111	143	0.902033
111	144	0.886662
111	149	0.831013
111	151	0.905622
111	153	0.917726
111	156	0.841816
111	159	0.888268
111	161	0.809956
111	162	0.826968
111	164	0.832326
111	166	0.781864
111	167	0.771279
111	168	0.748795
111	169	0.758629
111	174	0.738971
111	176	0.774996
111	177	0.727829
111	178	0.736175
111	179	0.746524
111	180	0.755919
112	29	1.09033
112	43	0.980941
112	102	1.01162
112	115	0.982116
112	120	0.991807
112	122	0.982277
112	124	0.974819
112	128	1.00227
112	130	0.997592
112	131	0.988522
112	134	1.00024
112	136	0.981892
112	137	0.973504
112	138	0.973644
112	140	1.02738
112	141	1.43258
112	145	1.02252
112	148	0.848355
112	152	1.0169
112	156	1.3492
112	157	1.00319
112	159	1.18149
112	160	1.04077
112	161	1.63722
112	162	1.38431
112	173	0.864147
112	178	2.09905
113	2	0.926258
113	11	1.00004
113	33	0.970102
113	72	1.01543
113	77	1.01281
113	78	1.0113
113	79	0.991875
113	80	0.99157
113	82	1.08074
113	84	0.994648
113	86	0.968845
113	93	0.981742
113	98	1.02148
113	99	1.02272
113	104	0.972655
113	105	0.965284
113	117	0.902268
113	118	1.42685
113	125	1.02747
113	140	1.13386
113	150	1.00032
113	154	1.9375
113	155	1.00987
113	157	1.00243
113	163	0.891094
113	173	1.99738
113	175	1.28338
114	14	0.639397
114	26	0.996176
114	35	1.43654
114	96	1.06743
114	121	1.29547
114	126	1.01571
114	135	1.0109
114	139	0.987246
114	146	1.0302
114	153	1.04386
114	156	0.967946
114	157	0.943043
114	158	0.931328
114	159	1.0144
114	160	0.94322
114	162	0.953099
114	164	0.958456
114	168	0.874925
114	169	0.884759
114	170	0.873386
114	171	0.8893
114	173	0.89856
114	174	0.865102
114	176	0.901126
114	177	0.853959
114	178	0.862305
114	179	0.872654
114	180	0.882049
115	12	1.01103
115	42	0.874198
115	102	1.01034
115	112	0.982116
115	120	0.990531
115	122	0.981
115	124	0.973542
115	127	0.890845
115	128	1.00099
115	130	0.996316
115	131	0.987245
115	132	0.906054
115	134	0.99896
115	136	0.980615
115	137	0.972228
115	138	0.972367
115	142	0.898273
115	145	1.02125
115	148	0.880133
115	149	1.55161
115	152	1.01563
115	157	1.00191
115	158	1.72274
115	160	1.0395
115	164	1.62209
115	166	1.88677
115	173	0.86287
115	180	1.88844
116	41	1.45245
116	57	1.09358
116	90	1.07953
116	101	1.05291
116	105	1.06525
116	117	1.05229
116	121	1.28016
116	132	1.02774
116	137	1.39658
116	139	0.910994
116	142	0.857711
116	144	0.936541
116	150	1.03432
116	151	0.955501
116	155	1.00885
116	161	0.859834
116	162	0.876847
116	164	0.882204
116	165	0.909548
116	167	0.821157
116	168	0.798673
116	169	0.808507
116	170	0.797134
116	174	0.78885
116	177	0.777707
116	178	0.786053
116	179	0.796402
116	180	0.805797
117	12	0.659019
117	27	0.949904
117	47	1.1147
117	74	1.20211
117	80	1.0055
117	102	0.907696
117	104	0.946584
117	110	1.07864
117	113	0.902268
117	116	1.05229
117	135	1.08722
117	148	1.14991
117	150	0.640054
117	153	1.12018
117	159	1.09072
117	161	1.01241
117	164	1.03478
117	165	1.06213
117	166	0.98432
117	168	0.951251
117	171	0.965626
117	172	1.01841
117	173	0.974886
117	174	0.941428
117	176	0.977452
117	177	0.930285
117	178	0.938631
117	179	0.94898
117	180	0.958375
118	16	1.37672
118	29	1.15288
118	44	1.07594
118	75	1.19585
118	77	1.35649
118	82	1.0015
118	88	1.1897
118	101	1.09807
118	107	1.10294
118	113	1.42685
118	139	0.956155
118	147	1.01629
118	148	1.0425
118	154	0.889988
118	159	0.983308
118	161	0.904995
118	162	0.922008
118	164	0.927365
118	166	0.876903
118	167	0.866318
118	168	0.843834
118	169	0.853668
118	170	0.842295
118	171	0.858209
118	176	0.870035
118	177	0.822868
118	178	0.831214
118	179	0.841563
118	180	0.850958
119	2	1.01431
119	14	1.0887
119	25	1.20359
119	33	1.10675
119	40	1.00479
119	41	1.0502
119	50	0.876168
119	59	1.15644
119	61	1.02564
119	77	0.82392
119	81	1.06447
119	82	0.468924
119	85	1.06388
119	88	1.11722
119	104	1.05377
119	130	0.683556
119	138	0.739339
119	143	1.07411
119	155	1.13105
119	159	1.06035
119	168	0.920872
119	169	0.930706
119	171	0.935246
119	175	1.0554
119	176	0.947073
119	177	0.899906
119	178	0.908252
119	179	0.918601
119	180	0.927996
120	29	1.09874
120	30	0.991033
120	43	0.989355
120	52	1.02933
120	64	1.52809
120	76	1.03611
120	102	1.02003
120	103	0.705639
120	108	0.620234
120	112	0.991807
120	115	0.990531
120	122	0.990691
120	124	0.983233
120	128	1.01068
120	130	1.00601
120	131	0.996936
120	134	1.00865
120	137	0.981918
120	138	0.982058
120	142	0.907964
120	143	1.06128
120	152	1.02532
120	153	1.05391
120	155	0.867506
120	157	1.0116
120	160	1.04919
120	162	1.34843
120	170	2.20174
120	173	0.872561
120	180	1.82078
121	8	1.03053
121	20	1.02486
121	25	1.03319
121	26	1.0362
121	27	1.03231
121	36	0.992639
121	38	0.996093
121	39	0.992082
121	45	0.965853
121	46	1.07507
121	58	0.984022
121	62	1.04731
121	67	1.0473
121	71	1.02114
121	74	1.02151
121	75	0.942354
121	83	0.919073
121	90	1.05043
121	114	1.29547
121	116	1.28016
121	132	0.964382
121	133	1.00982
121	141	1.52268
121	145	1.03879
121	148	0.938461
121	153	1.1799
121	154	0.902927
121	160	1.05704
121	161	1.72732
122	5	1.05506
122	42	0.874358
122	52	1.0198
122	68	0.780919
122	76	1.02658
122	102	1.0105
122	112	0.982277
122	115	0.981
122	120	0.990691
122	124	0.973702
122	128	1.00115
122	130	0.996476
122	131	0.987405
122	132	1.01028
122	134	0.99912
122	136	0.980776
122	137	0.972388
122	138	0.972528
122	142	0.898433
122	145	1.02141
122	146	1.32027
122	148	0.984361
122	151	1.08878
122	152	1.01579
122	156	1.4852
122	157	1.00207
122	160	1.03966
122	162	1.52032
122	166	1.99099
122	173	0.86303
122	180	1.99267
123	1	0.911412
123	7	1.03025
123	18	0.982487
123	22	1.23117
123	23	1.03838
123	35	1.34847
123	45	1.65578
123	58	1.21304
123	59	1.05229
123	61	0.921494
123	80	1.327
123	81	0.960329
123	85	0.959742
123	88	1.01308
123	104	0.949627
123	146	0.972006
123	152	0.804899
123	153	0.98566
123	155	1.02691
123	166	0.849798
123	167	0.839213
123	169	0.826563
123	170	0.81519
123	171	0.831104
123	174	0.806906
123	175	0.951261
123	176	0.84293
123	178	0.804109
123	179	0.814458
123	180	0.823853
124	5	1.0476
124	30	0.974045
124	42	0.8669
124	52	1.01235
124	76	1.01912
124	82	1.07293
124	102	1.00304
124	112	0.974819
124	115	0.973542
124	120	0.983233
124	122	0.973702
124	127	0.670891
124	128	0.993694
124	130	0.989018
124	131	0.979947
124	133	0.731536
124	134	0.991662
124	136	0.973318
124	137	0.96493
124	138	0.96507
124	145	1.01395
124	152	1.00833
124	160	1.0322
124	164	1.40214
124	165	1.07174
124	166	1.66681
124	169	2.05375
124	170	2.04945
124	173	0.855572
124	174	2.05321
124	175	0.988729
125	5	0.69934
125	30	1.17172
125	33	1.01569
125	34	1.17153
125	37	1.06623
125	58	1.05076
125	65	1.05701
125	72	1.06102
125	74	1.36133
125	77	1.0584
125	78	1.05689
125	79	1.03747
125	80	1.03716
125	84	1.04024
125	85	0.666129
125	98	1.06707
125	113	1.02747
125	127	1.1332
125	134	0.673722
125	143	1.03858
125	157	1.04802
125	163	0.936684
125	165	0.996222
125	167	0.907831
125	168	0.885347
125	170	0.883808
125	171	0.899722
125	176	0.911548
125	177	0.864381
125	179	0.883076
125	180	0.892471
126	34	1.41295
126	48	1.12181
126	69	1.4176
126	72	1.10032
126	74	1.60275
126	99	1.03624
126	100	1.1253
126	102	1.30833
126	114	1.01571
126	127	1.08626
126	140	1.03568
126	153	1.00734
126	158	0.894813
126	159	0.977884
126	161	0.899571
126	164	0.921941
126	165	0.949285
126	166	0.87148
126	167	0.860894
126	169	0.848245
126	170	0.836872
126	171	0.852785
126	172	0.905574
126	173	0.862045
126	174	0.828587
126	176	0.864612
126	177	0.817445
126	178	0.825791
126	179	0.83614
126	180	0.845535
127	28	1.12139
127	52	1.04787
127	71	0.901376
127	77	0.895186
127	106	1.20844
127	115	0.890845
127	124	0.670891
127	125	1.1332
127	126	1.08626
127	129	1.05332
127	131	0.736933
127	134	0.577773
127	148	1.14414
127	150	0.703331
127	151	1.10231
127	152	0.546669
127	153	1.11441
127	164	1.02901
127	165	1.05636
127	166	0.97855
127	167	0.967964
127	169	0.955315
127	170	0.943942
127	171	0.959855
127	172	1.01264
127	173	0.969115
127	174	0.935657
127	176	0.971682
127	177	0.924515
127	178	0.932861
127	179	0.94321
127	180	0.952605
128	30	1.00149
128	42	0.89435
128	43	0.999816
128	52	1.0398
128	64	1.33597
128	76	1.04657
128	82	1.10038
128	102	1.03049
128	112	1.00227
128	115	1.00099
128	120	1.01068
128	122	1.00115
128	124	0.993694
128	130	1.01647
128	131	1.0074
128	133	0.691711
128	134	1.01911
128	136	1.00077
128	137	0.99238
128	138	0.992519
128	139	1.286
128	142	0.918425
128	146	0.95626
128	149	1.29183
128	152	1.03578
128	154	1.60302
128	157	1.02206
128	160	1.05965
128	162	1.15631
128	164	1.36231
128	167	1.68675
128	173	0.883022
128	178	1.87105
129	22	1.46266
129	52	1.53759
129	79	1.427
129	110	0.932855
129	127	1.05332
129	132	1.03453
129	138	1.30032
129	139	0.917789
129	143	0.958705
129	153	0.974399
129	157	1.08646
129	158	0.86187
129	160	1.08664
129	161	0.866628
129	162	0.883641
129	165	0.916342
129	166	0.838536
129	167	0.827951
129	169	0.815301
129	170	0.803928
129	171	0.819842
129	172	0.872631
129	173	0.829102
129	174	0.795644
129	175	0.939999
129	176	0.831669
129	177	0.784502
129	178	0.792847
129	179	0.803196
129	180	0.812591
130	13	0.480364
130	29	1.10453
130	30	0.996819
130	42	0.889674
130	43	0.99514
130	52	1.03512
130	82	1.0957
130	94	0.563941
130	102	1.02582
130	112	0.997592
130	115	0.996316
130	119	0.683556
130	120	1.00601
130	122	0.996476
130	124	0.989018
130	128	1.01647
130	131	1.00272
130	134	1.01444
130	137	0.987704
130	138	0.987843
130	142	0.913749
130	145	1.03672
130	152	1.0311
130	157	1.01739
130	159	1.07724
130	160	1.05497
130	164	1.48607
130	170	2.13338
130	172	1.41839
130	173	0.878346
130	175	1.07266
130	176	1.57311
130	178	1.9948
131	5	1.0613
131	30	0.987748
131	42	0.880603
131	43	0.986069
131	52	1.02605
131	76	1.03282
131	91	0.635228
131	102	1.01675
131	111	1.99969
131	112	0.988522
131	115	0.987245
131	120	0.996936
131	122	0.987405
131	124	0.979947
131	127	0.736933
131	128	1.0074
131	130	1.00272
131	133	0.797578
131	134	1.00536
131	136	0.987021
131	137	0.978633
131	138	0.978773
131	142	0.904678
131	143	0.975025
131	145	1.02765
131	146	1.06213
131	152	1.02203
131	157	1.00832
131	158	1.56883
131	160	1.0459
131	167	1.79262
131	171	1.81862
131	172	1.4005
131	173	0.869275
132	5	0.618602
132	26	0.665085
132	33	1.19322
132	35	1.10545
132	41	1.13668
132	63	1.23894
132	69	1.09544
132	99	0.714091
132	106	1.18966
132	107	1.1858
132	115	0.906054
132	116	1.02774
132	121	0.964382
132	122	1.01028
132	129	1.03453
132	140	1.12396
132	144	1.06456
132	150	0.718541
132	151	1.08352
132	158	0.983095
132	159	1.06617
132	162	1.00487
132	164	1.01022
132	165	1.03757
132	166	0.959762
132	167	0.949177
132	168	0.926693
132	171	0.941068
132	173	0.950328
132	174	0.916869
132	175	1.06122
132	176	0.952894
132	177	0.905727
132	179	0.924422
132	180	0.933817
133	1	1.77785
133	23	0.840792
133	30	1.13641
133	47	1.01943
133	60	1.02753
133	65	1.02003
133	66	1.02756
133	69	1.1131
133	79	0.997921
133	81	1.17142
133	87	1.03245
133	95	1.01484
133	96	1.01473
133	97	1.08297
133	121	1.00982
133	124	0.731536
133	128	0.691711
133	131	0.797578
133	136	0.656753
133	140	1.0951
133	144	1.0357
133	146	1.0531
133	150	1.05839
133	165	1.0087
133	169	0.907662
133	170	0.896289
133	172	0.964992
133	174	0.888004
133	175	1.03236
133	176	0.924029
133	177	0.876862
133	178	0.885208
133	179	0.895557
133	180	0.904952
134	12	1.02915
134	29	1.10717
134	30	0.999463
134	42	0.892318
134	43	0.997784
134	52	1.03776
134	76	1.04454
134	82	1.09834
134	110	0.925609
134	112	1.00024
134	115	0.99896
134	120	1.00865
134	122	0.99912
134	124	0.991662
134	125	0.673722
134	127	0.577773
134	128	1.01911
134	130	1.01444
134	131	1.00536
134	136	0.998735
134	137	0.990348
134	138	0.990487
134	142	0.916393
134	145	1.03937
134	152	1.03375
134	157	1.02003
134	160	1.05762
134	161	1.35592
134	162	1.10302
134	163	1.568
134	165	0.978627
134	166	1.5737
134	168	1.74443
134	173	0.88099
134	179	1.66756
134	180	1.57537
135	17	1.05358
135	27	1.26648
135	42	2.05022
135	52	1.30117
135	69	1.33353
135	81	1.36407
