1	21	1.33535
1	42	1.41699
1	72	1.32864
1	121	1.3489
1	141	0.506755
1	144	1.41351
1	152	1.38818
1	159	1.36752
1	164	0.487527
1	166	0.452239
1	175	0.472517
1	178	0.488433
2	10	1.40894
2	20	1.42123
2	55	0.394579
2	77	0.331639
2	91	1.35877
2	115	1.35744
2	117	1.36192
2	160	1.34333
2	167	0.365805
2	175	0.92409
2	176	0.393238
2	180	1.34692
3	18	0.460735
3	100	0.630185
3	135	1.20875
3	142	1.19653
3	145	1.2034
3	147	0.644148
3	156	0.659054
3	164	1.19091
3	171	1.18699
3	173	1.22123
3	178	1.19035
3	179	1.20399
4	23	0.409447
4	44	1.35763
4	53	1.35385
4	80	1.41682
4	92	1.35729
4	100	1.38642
4	123	1.39538
4	141	0.365574
4	160	1.33318
4	166	0.873249
4	171	0.391597
4	176	0.365407
5	107	1.34135
5	113	0.517367
5	122	0.461199
5	129	1.36949
5	142	0.466344
5	160	0.477028
5	161	0.470629
5	164	1.37735
5	165	1.37509
5	174	1.37031
5	178	1.3768
5	179	1.39043
6	24	0.602786
6	107	0.609641
6	140	0.590757
6	146	0.602353
6	149	1.19908
6	154	1.21944
6	169	1.19026
6	170	1.18999
6	171	1.17819
6	172	1.20649
6	173	1.21243
6	177	1.20597
7	26	1.49778
7	83	1.40511
7	93	0.472205
7	136	0.48872
7	148	0.506536
7	152	1.36432
7	156	1.31845
7	157	1.34296
7	159	1.34367
7	168	0.477936
7	175	0.460787
7	180	1.3289
8	32	1.50051
8	34	1.63071
8	75	1.59114
8	103	0.40281
8	106	1.65317
8	108	0.379357
8	132	1.61586
8	148	0.308973
8	166	0.738067
8	175	1.60881
8	179	0.286808
8	180	0.291071
9	37	0.62791
9	102	1.22286
9	121	0.599943
9	141	1.20565
9	161	0.59184
9	162	1.20724
9	164	1.19565
9	165	1.19339
9	173	0.574847
9	176	1.17231
9	178	1.19509
9	179	1.20873
10	2	1.40894
10	48	0.51881
10	67	1.29111
10	82	1.41889
10	83	0.481724
10	110	0.477505
10	118	1.36839
10	123	1.41103
10	148	1.35324
10	150	0.468622
10	160	1.34883
10	166	0.456044
11	36	0.44734
11	88	0.513834
11	96	0.455267
11	139	1.36235
11	145	1.39145
11	158	0.507353
11	160	1.35319
11	162	0.481774
11	163	1.34813
11	169	1.3871
11	177	1.40281
11	180	1.35679
12	58	0.476884
12	134	0.474704
12	140	0.476524
12	154	1.39137
12	161	1.34556
12	167	0.485324
12	169	1.36218
12	170	1.36191
12	172	1.37841
12	173	1.38435
12	177	1.37789
12	178	0.494602
13	100	1.22229
13	112	0.618434
13	123	1.23125
13	138	1.19567
13	151	0.605164
13	159	1.18742
13	160	1.16905
13	162	1.20642
13	168	1.19508
13	170	0.593494
13	173	0.577487
13	178	1.19426
14	48	0.494772
14	97	0.514447
14	104	1.28546
14	126	1.36828
14	132	0.469384
14	135	1.39758
14	136	1.3888
14	139	1.36313
14	145	1.39223
14	167	1.40654
14	168	0.469432
14	175	0.452283
15	35	0.638336
15	110	1.237
15	124	1.23165
15	132	0.581062
15	162	1.20129
15	168	1.18996
15	173	0.589768
15	174	1.18265
15	176	1.16636
15	177	0.587253
15	178	1.18914
15	179	1.20277
16	22	0.525805
16	46	0.635575
16	149	1.19963
16	154	1.21999
16	161	1.17419
16	167	0.623382
16	169	1.19081
16	170	1.19054
16	172	1.20704
16	173	1.21298
16	174	0.618705
16	177	1.20652
17	142	0.475949
17	145	0.464714
17	155	1.38935
17	158	1.34973
17	163	0.492775
17	168	1.3762
17	169	0.481308
17	170	0.479248
17	174	1.3689
17	176	1.3526
17	178	1.37538
17	179	1.38902
18	3	0.460735
18	35	1.29504
18	103	0.42604
18	108	0.402587
18	115	1.38293
18	118	1.38838
18	121	1.36856
18	140	1.43197
18	160	1.36882
18	163	1.36376
18	172	0.322097
18	174	0.79029
19	31	0.445099
19	131	0.475062
19	137	1.34375
19	147	0.501294
19	152	0.496331
19	161	1.35345
19	167	0.479951
19	169	1.37007
19	170	1.36981
19	172	1.3863
19	173	1.39225
19	177	1.38578
20	2	1.42123
20	35	1.28734
20	111	0.518655
20	115	1.37523
20	118	1.38068
20	128	0.478566
20	132	1.40995
20	154	0.484479
20	155	0.469518
20	160	1.36111
20	175	0.456127
20	180	1.36471
21	1	1.33535
21	62	0.516453
21	76	1.33378
21	81	0.563716
21	88	1.28816
21	141	0.514495
21	147	1.28151
21	157	1.28706
21	159	1.28777
21	163	1.26434
21	167	1.32197
21	169	0.524132
21	175	0.480258
22	16	0.525805
22	43	0.457531
22	107	1.45287
22	133	0.421634
22	150	1.5213
22	153	0.397527
22	159	0.400314
22	168	1.48914
22	170	0.392762
22	174	1.48184
22	176	1.46554
22	178	1.48832
22	179	1.50196
23	4	0.409447
23	42	0.512699
23	134	1.34167
23	150	1.32815
23	158	1.26951
23	163	0.575339
23	164	1.29572
23	168	1.29598
23	172	0.55564
23	174	1.28868
23	176	1.27238
23	177	0.543289
23	179	1.3088
24	6	0.602786
24	112	0.518507
24	124	1.33789
24	162	1.30754
24	165	1.29368
24	168	1.2962
24	171	0.512014
24	172	0.487396
24	174	1.2889
24	176	1.2726
24	177	0.475045
24	178	1.29538
24	179	1.30902
25	33	1.3278
25	43	1.18077
25	45	1.28675
25	50	1.27544
25	68	1.39182
25	75	1.28641
25	106	1.34844
25	111	0.563453
25	147	0.528906
25	166	0.480647
25	167	0.507563
25	175	1.30409
25	179	0.524509
26	7	1.49778
26	42	1.52352
26	85	0.414821
26	88	1.47444
26	99	1.49719
26	154	0.449743
26	157	1.47334
26	158	0.454916
26	159	1.47405
26	166	0.401113
26	170	0.463205
26	175	0.421392
26	180	1.45928
27	38	1.35437
27	52	0.506338
27	78	0.461409
27	95	1.3541
27	101	0.587913
27	164	1.28001
27	166	1.30946
27	169	0.523555
27	172	0.515324
27	174	1.27296
27	176	1.25667
27	178	1.27945
27	179	1.29309
28	104	1.20929
28	107	0.517536
28	120	0.55812
28	126	1.29211
28	135	1.3214
28	136	1.31263
28	139	1.28696
28	145	1.31605
28	166	1.33302
28	167	1.33036
28	174	0.502777
28	175	0.500816
28	180	0.528662
29	92	0.427962
29	121	0.434848
29	122	0.417316
29	151	0.437429
29	153	0.430524
29	155	1.49828
29	162	1.49647
29	164	1.48487
29	171	0.444206
29	174	1.47783
29	176	1.46153
29	178	1.48431
29	179	1.49795
30	60	0.528009
30	82	0.508587
30	95	0.50634
30	105	1.30903
30	116	1.28359
30	125	0.547283
30	150	0.515556
30	151	1.28014
30	169	1.30167
30	170	1.3014
30	171	1.2896
30	172	1.3179
30	177	1.31738
31	19	0.445099
31	101	1.41917
31	120	0.470977
31	130	1.49383
31	141	0.447911
31	156	1.4736
31	157	1.49811
31	159	1.49882
31	166	0.393395
31	167	1.53302
31	175	0.413673
31	179	0.437257
31	180	1.48405
32	8	1.50051
32	34	1.28037
32	45	1.24114
32	50	1.22983
32	68	1.34622
32	75	1.2408
32	106	1.30284
32	146	0.515071
32	149	0.545213
32	150	0.497938
32	167	0.512276
32	175	1.25848
32	180	0.533485
33	25	1.3278
33	34	1.41239
33	45	1.37316
33	50	1.36185
33	68	1.47824
33	89	0.476756
33	106	1.43486
33	131	1.42012
33	140	0.445975
33	167	0.454776
33	175	1.3905
33	176	0.482208
33	177	0.471429
33	180	0.475985
34	8	1.63071
34	32	1.28037
34	33	1.41239
34	43	1.26536
34	45	1.37134
34	93	0.454811
34	106	1.43304
34	125	0.467421
34	131	1.4183
34	165	0.459927
34	167	0.450031
34	171	0.503654
34	175	1.38868
34	180	0.47124
35	15	0.638336
35	18	1.29504
35	20	1.28734
35	53	1.2301
35	54	1.22878
35	61	1.22965
35	66	0.58965
35	92	1.23355
35	140	1.27258
35	160	1.20943
35	166	0.495983
35	169	0.560136
35	175	0.516262
35	180	1.21303
36	11	0.44734
36	66	0.488787
36	121	0.466301
36	158	1.37801
36	159	0.464764
36	162	1.41581
36	164	1.40421
36	168	1.40447
36	171	0.475659
36	172	0.451041
36	174	1.39717
36	176	1.38088
36	178	1.40366
36	179	1.41729
37	9	0.62791
37	43	1.14044
37	75	1.24608
37	136	1.2568
37	139	1.23113
37	145	1.26022
37	168	0.537906
37	170	1.25561
37	173	1.27805
37	175	1.26376
37	176	0.554828
37	177	1.27159
37	178	0.536673
37	180	0.548604
38	27	1.35437
38	81	0.48925
38	88	0.445797
38	101	0.514024
38	139	0.450471
38	149	0.445367
38	164	1.40911
38	165	1.40685
38	168	1.40937
38	170	0.447606
38	174	1.40207
38	175	1.42513
38	176	1.38577
38	178	1.40855
39	61	1.39301
39	83	1.45261
39	100	1.42603
39	101	1.31152
39	104	0.51903
39	120	0.488342
39	160	1.3728
39	171	1.39464
39	173	1.42888
39	174	0.432999
39	176	0.465108
39	177	1.42241
39	178	0.446953
39	179	0.454621
40	110	0.556373
40	114	0.561667
40	122	1.26106
40	143	1.23605
40	149	1.24508
40	150	0.54749
40	152	0.578208
40	167	0.561828
40	169	1.23626
40	170	1.23599
40	171	1.22419
40	172	1.25248
40	173	1.25843
40	177	1.25196
41	55	0.474554
41	92	0.483159
41	105	1.40302
41	120	0.496446
41	133	1.35754
41	134	0.43516
41	137	1.36933
41	149	1.40447
41	154	1.42484
41	167	0.44578
41	172	1.41188
41	173	1.41783
41	176	0.473213
41	177	1.41136
42	1	1.41699
42	23	0.512699
42	26	1.52352
42	110	0.435771
42	131	0.436337
42	133	0.505274
42	138	1.37767
42	144	1.4154
42	147	1.36315
42	152	1.39007
42	156	1.34419
42	159	1.36941
42	168	0.451737
42	173	0.460395
43	22	0.457531
43	25	1.18077
43	34	1.26536
43	37	1.14044
43	45	1.22613
43	68	1.33121
43	106	1.28783
43	121	0.599373
43	131	1.27309
43	132	1.25051
43	142	0.586985
43	175	1.24347
43	176	0.582541
43	177	0.571762
44	4	1.35763
44	61	1.32787
44	69	0.47622
44	82	1.37772
44	92	1.33177
44	115	1.32177
44	117	1.32625
44	128	0.512436
44	134	0.486015
44	146	1.34672
44	160	1.30765
44	163	1.3026
44	168	0.507146
44	176	0.524068
44	178	0.505913
45	25	1.28675
45	32	1.24114
45	33	1.37316
45	34	1.37134
45	43	1.22613
45	50	1.3208
45	68	1.43719
45	106	1.39381
45	111	0.532522
45	128	0.492433
45	148	0.515743
45	174	0.471956
45	175	1.34945
45	176	0.504065
45	179	0.493578
46	16	0.635575
46	79	1.43441
46	104	1.22991
46	126	1.31273
46	135	1.34203
46	136	1.33325
46	139	1.30758
46	140	0.458556
46	145	1.33668
46	146	0.470151
46	163	0.51606
46	166	1.35364
46	167	1.35099
46	174	0.46268
46	175	0.460718
47	84	1.25659
47	109	0.529853
47	138	0.517223
47	139	0.513053
47	146	0.477807
47	154	1.36553
47	161	1.31973
47	169	1.33635
47	170	1.33608
47	171	1.32428
47	172	1.35258
47	173	1.35852
47	174	0.470336
47	177	1.35206
47	179	0.491958
48	10	0.51881
48	14	0.494772
48	51	0.490966
48	73	1.39202
48	83	0.489778
48	143	1.3234
48	151	1.30207
48	158	0.517901
48	167	0.491014
48	169	1.3236
48	170	1.32334
48	171	1.31153
48	172	1.33983
48	173	1.34577
48	177	1.33931
49	72	0.508289
49	73	0.458428
49	81	0.542425
49	95	1.39718
49	122	0.492338
49	153	0.505546
49	154	0.487319
49	162	1.33468
49	164	1.32308
49	165	1.32082
49	167	1.34988
49	168	1.32335
49	174	1.31604
49	176	1.29975
49	179	1.33616
50	25	1.27544
50	32	1.22983
50	33	1.36185
50	45	1.3208
50	68	1.42587
50	75	1.32046
50	106	1.3825
50	125	0.481728
50	132	1.34518
50	151	0.511184
50	153	0.504279
50	161	0.5005
50	171	0.517961
50	175	1.33814
50	177	0.480992
51	48	0.490966
51	63	0.485362
51	84	0.531477
51	114	1.33238
51	127	1.32832
51	158	1.31462
51	161	0.491278
51	163	0.503819
51	164	1.34083
51	165	1.33857
51	168	1.34109
51	170	0.490292
51	174	1.33379
51	176	1.31749
51	179	1.35391
52	27	0.506338
52	71	1.43148
52	94	0.52216
52	113	1.28755
52	130	1.3187
52	144	1.36967
52	147	1.31743
52	152	1.34434
52	156	1.29846
52	158	0.502069
52	159	1.32368
52	173	0.494351
52	177	0.491836
52	178	0.48446
52	180	1.30892
53	4	1.35385
53	35	1.2301
53	65	1.43637
53	92	1.32799
53	100	1.35711
53	107	0.500796
53	115	1.31799
53	123	1.36608
53	157	0.519333
53	160	1.30388
53	165	0.500608
53	166	0.463797
53	172	0.519717
53	178	0.499991
53	180	1.30747
54	35	1.22878
54	65	1.43506
54	82	1.37262
54	117	1.32115
54	118	1.32213
54	123	1.36476
54	128	0.509371
54	148	1.30698
54	153	1.34647
54	160	1.30256
54	165	0.503466
54	167	0.49357
54	168	0.504081
54	175	0.486932
54	177	0.510224
55	2	0.394579
55	41	0.474554
55	81	0.560756
55	94	0.530915
55	96	1.40208
55	127	1.32081
55	130	0.50862
55	159	0.526664
55	164	1.33332
55	165	1.33106
55	168	1.33358
55	174	1.32628
55	176	1.30998
55	178	1.33276
55	180	1.31114
56	61	0.493174
56	72	0.524709
56	87	1.36645
56	108	1.2666
56	142	1.33017
56	157	0.510645
56	165	0.491921
56	167	0.482025
56	169	1.3327
56	170	1.33243
56	171	1.32063
56	172	1.34893
56	173	1.35487
56	177	1.34841
56	179	0.498971
57	72	1.2987
57	93	0.499789
57	99	1.36073
57	130	1.3326
57	138	1.34584
57	147	1.33133
57	149	0.527946
57	152	1.35824
57	156	1.31236
57	159	1.33758
57	162	0.496317
57	166	0.468093
57	172	0.524014
57	175	0.488372
57	180	1.32282
58	12	0.476884
58	77	1.43751
58	108	0.556217
58	143	0.482849
58	151	0.493568
58	155	1.33798
58	158	1.29835
58	164	1.32456
58	165	1.3223
58	169	0.483958
58	171	0.500345
58	174	1.31752
58	176	1.30123
58	178	1.324
58	179	1.33764
59	62	0.495746
59	98	1.30173
59	107	1.31116
59	126	0.48717
59	144	0.478201
59	156	0.502438
59	159	0.508916
59	164	1.34717
59	165	1.34491
59	171	0.519812
59	174	1.34013
59	176	1.32383
59	178	1.34661
59	179	1.36025
59	180	1.32499
60	30	0.528009
60	84	0.52964
60	85	1.39054
60	86	1.267
60	144	0.46529
60	145	0.473921
60	151	0.500124
60	158	1.31515
60	159	0.496006
60	164	1.34135
60	165	1.33909
60	174	1.33431
60	176	1.31802
60	178	1.3408
60	179	1.35443
61	35	1.22965
61	39	1.39301
61	44	1.32787
61	56	0.493174
61	80	1.38706
61	103	0.59926
61	123	1.36563
61	124	0.455658
61	125	0.483701
61	132	1.35226
61	146	1.34249
61	158	0.493199
61	160	1.30343
61	163	1.29837
61	179	0.483258
62	21	0.516453
62	59	0.495746
62	122	1.35752
62	127	0.498763
62	133	1.2946
62	151	1.31119
62	168	0.495231
62	169	1.33272
62	170	1.33245
62	171	1.32065
62	172	1.34894
62	173	1.35489
62	177	1.34842
62	178	0.493998
62	180	0.505929
63	51	0.485362
63	79	1.43441
63	98	0.538873
63	102	0.490435
63	104	1.22991
63	124	0.474756
63	126	1.31273
63	135	1.34203
63	136	1.33325
63	139	1.30758
63	145	1.33668
63	165	0.495305
63	166	1.35364
63	167	1.35099
63	170	0.520585
64	88	1.33223
64	99	1.35499
64	101	1.2522
64	111	0.535091
64	140	1.37663
64	144	1.37783
64	147	1.32559
64	148	0.518311
64	157	1.33113
64	159	1.33184
64	162	0.480508
64	166	0.452284
64	171	0.532823
64	178	0.488478
64	180	1.31708
65	53	1.43637
65	54	1.43506
65	67	1.35799
65	103	0.561963
65	115	1.42982
65	118	1.43527
65	153	1.45962
65	155	0.435768
65	160	1.41571
65	161	0.465177
65	163	1.41065
65	166	0.402099
65	173	0.448184
65	177	0.445669
65	179	0.445961
65	180	1.4193
66	35	0.58965
66	36	0.488787
66	107	0.531997
66	112	1.22318
66	143	1.28259
66	151	1.26127
66	154	1.31198
66	161	1.26617
66	165	0.531809
66	168	0.532425
66	169	1.28279
66	171	1.27073
66	172	1.29902
66	173	1.30496
66	177	1.2985
66	178	0.531192
67	10	1.29111
67	65	1.35799
67	80	1.30913
67	82	1.29555
67	85	0.513107
67	94	0.573294
67	100	1.27872
67	115	1.2396
67	118	1.24505
67	140	1.28864
67	153	1.2694
67	160	1.22549
67	161	0.562477
67	166	0.499399
67	168	0.536826
67	175	0.519677
68	25	1.39182
68	32	1.34622
68	33	1.47824
68	43	1.33121
68	45	1.43719
68	50	1.42587
68	75	1.43685
68	106	1.49888
68	125	0.458667
68	146	0.444073
68	155	0.448031
68	163	0.489981
68	167	0.441278
68	173	0.460447
68	175	1.45452
68	180	0.462487
69	44	0.47622
69	79	0.419327
69	106	0.428426
69	115	0.474624
69	126	0.45573
69	135	0.458538
69	147	1.40787
69	157	1.41342
69	160	0.47731
69	162	1.43313
69	163	1.39071
69	171	1.41761
69	175	1.43755
69	177	1.44538
69	178	1.42098
69	179	1.43461
70	72	1.24672
70	99	1.30875
70	113	1.24947
70	116	0.534631
70	125	1.29336
70	128	1.28541
70	138	1.29386
70	145	0.533
70	147	1.27935
70	157	1.28489
70	159	1.2856
70	166	0.485441
70	171	0.56598
70	172	0.541362
70	176	0.53979
70	180	1.27084
71	52	1.43148
71	98	0.490451
71	109	1.38094
71	130	1.42275
71	131	0.432097
71	144	1.47372
71	147	1.42148
71	148	0.476098
71	153	0.476927
71	156	1.40251
71	157	1.42702
71	159	1.42773
71	175	0.430349
71	177	0.453641
71	178	0.446265
71	180	1.41297
72	1	1.32864
72	49	0.508289
72	56	0.524709
72	57	1.2987
72	70	1.24672
72	83	1.3425
72	109	1.23426
72	117	0.524421
72	133	0.561895
72	137	0.540717
72	147	1.2748
72	148	0.536957
72	156	1.25583
72	157	1.28034
72	159	1.28105
72	163	1.25763
73	48	1.39202
73	49	0.458428
73	79	0.432565
73	89	0.469967
73	154	1.44863
73	155	0.454739
73	161	1.40283
73	169	1.41945
73	170	1.41918
73	171	1.40738
73	172	1.43567
73	173	1.44162
73	177	1.43516
73	178	0.457264
73	179	0.464932
73	180	0.469195
74	97	0.5039
74	133	0.512422
74	134	1.40693
74	136	0.469668
74	156	0.484622
74	158	1.33477
74	159	0.491101
74	162	1.37258
74	164	1.36098
74	168	1.36124
74	173	0.467543
74	174	1.35394
74	176	1.33765
74	177	0.465027
74	178	1.36042
74	179	1.37406
74	180	1.33881
75	8	1.59114
75	25	1.28641
75	32	1.2408
75	37	1.24608
75	50	1.32046
75	68	1.43685
75	106	1.39347
75	111	0.508086
75	113	0.535096
75	121	0.496461
75	131	1.37873
75	132	1.35615
75	153	0.492136
75	167	0.452196
75	174	0.44752
75	175	1.34911
75	177	0.46885
76	21	1.33378
76	89	1.36852
76	98	0.51424
76	109	1.31916
76	138	1.37421
76	141	0.488376
76	143	0.496902
76	147	1.3597
76	152	1.38661
76	156	1.34073
76	157	1.36524
76	158	0.487663
76	164	0.469148
76	166	0.43386
76	167	1.40015
76	171	0.514399
76	180	1.35118
77	2	0.331639
77	58	1.43751
77	100	0.428376
77	101	0.52259
77	119	0.481876
77	127	1.43519
77	128	1.44009
77	132	0.431459
77	137	0.463867
77	158	1.42149
77	163	0.4697
77	165	1.44544
77	168	1.44796
77	169	0.458232
77	174	1.44066
77	176	1.42436
77	178	1.44714
77	179	1.46078
78	27	0.461409
78	82	1.47503
78	100	1.4582
78	126	1.41928
78	136	1.4398
78	145	1.44322
78	152	0.446633
78	155	0.437006
78	157	0.458873
78	159	0.472981
78	160	1.40497
78	164	0.438625
78	165	0.440149
78	170	1.43861
78	173	1.46105
78	177	1.45459
78	179	0.447199
78	180	1.40856
79	46	1.43441
79	63	1.43441
79	69	0.419327
79	73	0.432565
79	104	1.35069
79	121	0.484006
79	126	1.43351
79	135	1.4628
79	136	1.45402
79	139	1.42836
79	140	0.430941
79	145	1.45745
79	157	0.468362
79	166	1.47442
79	167	1.47176
79	168	0.450252
79	179	0.456687
79	180	0.46095
80	4	1.41682
80	61	1.38706
80	67	1.30913
80	92	1.39096
80	107	0.472589
80	117	1.38544
80	123	1.42905
80	143	0.498633
80	148	1.37127
80	152	0.478886
80	153	1.41076
80	160	1.36685
80	163	1.36179
80	174	0.45783
80	175	0.455868
80	176	0.489939
80	177	0.47916
80	178	0.471784
80	180	1.37044
81	21	0.563716
81	38	0.48925
81	49	0.542425
81	55	0.560756
81	119	1.23092
81	142	1.26749
81	149	1.27884
81	150	0.517645
81	159	0.57471
81	161	1.2534
81	163	1.23105
81	169	1.27002
81	170	1.26976
81	171	1.25795
81	172	1.28625
81	173	1.29219
81	175	1.2779
81	177	1.28573
81	180	0.553192
82	10	1.41889
82	30	0.508587
82	44	1.37772
82	54	1.37262
82	67	1.29555
82	78	1.47503
82	91	1.36872
82	100	1.40651
82	103	0.566804
82	117	1.37187
82	132	1.40211
82	154	0.455569
82	160	1.35327
82	169	0.471092
82	172	0.46286
82	175	0.427218
82	176	0.461288
82	179	0.450802
82	180	1.35687
83	7	1.40511
83	10	0.481724
83	39	1.45261
83	48	0.489778
83	72	1.3425
83	89	1.38395
83	109	1.33459
83	113	1.34525
83	120	0.504593
83	127	0.467969
83	138	1.38964
83	144	1.42737
83	156	1.35616
83	157	1.38067
83	159	1.38138
83	165	0.463823
83	170	0.489103
83	175	0.447289
83	178	0.463205
84	47	1.25659
84	51	0.531477
84	60	0.52964
84	127	0.545567
84	129	0.537031
84	133	1.23316
84	143	1.27107
84	148	1.24178
84	151	1.24975
84	157	0.560145
84	169	1.27128
84	170	1.27101
84	171	1.25921
84	172	1.2875
84	173	1.29345
84	175	1.27915
84	177	1.28698
84	179	0.54847
84	180	0.552733
85	26	0.414821
85	60	1.39054
85	67	0.513107
85	129	1.37606
85	137	0.484825
85	141	1.39393
85	149	0.474891
85	153	0.481895
85	162	1.39553
85	163	0.490658
85	164	1.38393
85	165	1.38167
85	172	0.470959
85	173	0.461123
85	174	1.37689
85	176	1.3606
85	178	1.38338
85	179	1.39701
85	180	1.36176
86	60	1.267
86	88	0.546798
86	91	0.537523
86	105	0.526211
86	118	0.53923
86	134	1.30634
86	141	1.27039
86	150	1.29282
86	152	0.529811
86	155	1.27381
86	158	1.23418
86	161	0.549593
86	162	1.27199
86	163	0.562135
86	168	1.26065
86	174	1.25335
86	176	1.23706
86	178	1.25984
86	179	1.27347
87	56	1.36645
87	95	0.443819
87	108	1.31869
87	114	0.467212
87	116	1.3667
87	131	0.462483
87	147	0.488716
87	159	0.510101
87	166	1.4061
87	167	0.467373
87	168	0.477884
87	169	1.38479
87	170	1.38452
87	171	1.37272
87	172	1.40101
87	173	1.40696
87	175	1.39267
87	177	1.40049
87	180	0.488582
88	11	0.513834
88	21	1.28816
88	26	1.47444
88	38	0.445797
88	64	1.33223
88	86	0.546798
88	91	0.512622
88	97	0.544057
88	110	0.483075
88	130	1.31534
88	138	1.32858
88	144	1.36632
88	147	1.31407
88	150	0.474193
88	152	1.34099
88	156	1.29511
88	157	1.31962
88	159	1.32033
88	175	0.481893
88	180	1.30556
89	33	0.476756
89	73	0.469967
89	76	1.36852
89	83	1.38395
89	115	0.51702
89	117	0.503718
89	126	1.31845
89	135	1.34775
89	139	1.3133
89	143	0.51327
89	145	1.3424
89	156	1.29728
89	159	1.3225
89	164	1.32991
89	170	0.51232
89	172	0.506148
89	176	1.30657
89	177	0.493797
89	178	1.32935
89	179	1.34299
90	110	0.483052
90	119	1.29603
90	133	1.29701
90	137	1.30881
90	149	1.34395
90	154	1.36431
90	159	0.531234
90	161	1.31851
90	167	0.488507
90	168	0.499017
90	169	1.33513
90	170	1.33486
90	172	1.35136
90	173	1.3573
90	174	0.48383
90	175	1.34301
90	176	0.515939
90	177	1.35084
90	178	0.497784
90	180	0.509716
91	2	1.35877
91	82	1.36872
91	86	0.537523
91	88	0.512622
91	92	1.32277
91	120	0.529921
91	135	1.34226
91	136	1.33349
91	139	1.30782
91	145	1.33691
91	150	0.464917
91	160	1.29866
91	162	0.480562
91	164	0.487626
91	165	0.489151
91	169	1.33257
91	170	1.3323
91	171	1.3205
91	176	0.506687
91	177	1.34828
92	4	1.35729
92	29	0.427962
92	35	1.23355
92	41	0.483159
92	44	1.33177
92	53	1.32799
92	80	1.39096
92	91	1.32277
92	100	1.36056
92	115	1.32143
92	117	1.32591
92	123	1.36952
92	128	0.508343
92	141	0.520141
92	142	0.524419
92	153	1.35123
92	160	1.30732
92	161	0.528704
92	172	0.521546
92	174	0.487866
93	7	0.472205
93	34	0.454811
93	57	0.499789
93	101	0.561536
93	104	0.541298
93	114	1.32067
93	115	1.31746
93	118	1.32292
93	123	1.36555
93	136	0.481238
93	138	0.502154
93	145	0.480585
93	155	1.34254
93	160	1.30335
93	169	1.33726
93	170	1.337
93	171	1.3252
93	173	1.35944
93	178	1.32856
93	179	1.3422
94	52	0.52216
94	55	0.530915
94	67	0.573294
94	97	1.24897
94	124	0.491488
94	126	0.523123
94	133	1.26053
94	137	1.27232
94	143	1.29845
94	151	1.27712
94	154	1.32783
94	161	1.28203
94	164	0.510513
94	169	1.29865
94	170	1.29838
94	171	1.28658
94	172	1.31488
94	173	1.32082
94	176	0.529574
94	177	1.31436
94	180	0.52335
95	27	1.3541
95	30	0.50634
95	49	1.39718
95	87	0.443819
95	120	1.36535
95	123	0.442156
95	155	1.42225
95	159	0.474337
95	160	0.474171
95	161	0.467771
95	162	1.42044
95	164	1.40884
95	165	1.40658
95	168	1.4091
95	171	0.485232
95	173	0.450779
95	174	1.4018
95	176	1.38551
95	177	0.448263
95	178	1.40828
95	179	1.42192
96	11	0.455267
96	55	1.40208
96	113	0.512864
96	120	1.36002
96	127	1.39101
96	132	0.440427
96	141	1.41351
96	150	1.43594
96	153	0.469904
96	154	0.451677
96	155	1.41692
96	159	0.472691
96	160	0.472525
96	161	0.466126
96	168	1.40377
96	173	0.449133
96	174	1.39647
96	176	1.38018
96	178	1.40295
96	179	1.41659
96	180	1.38134
97	14	0.514447
97	74	0.5039
97	88	0.544057
97	94	1.24897
97	108	1.23525
97	119	1.26225
97	136	0.531984
97	140	0.501889
97	149	1.31017
97	151	1.27982
97	154	1.33053
97	159	0.553417
97	161	1.28473
97	165	0.520585
97	169	1.30135
97	170	1.30108
97	171	1.28928
97	172	1.31758
97	173	1.32352
97	177	1.31706
97	180	0.531898
98	59	1.30173
98	63	0.538873
98	71	0.490451
98	76	0.51424
98	99	0.530734
98	105	0.521407
98	116	0.530901
98	141	1.29931
98	150	1.32174
98	162	1.30091
98	164	1.28931
98	165	1.28705
98	168	1.28957
98	170	0.543803
98	174	1.28227
98	175	1.30533
98	176	1.26598
98	177	0.525281
98	178	1.28876
98	179	1.30239
98	180	1.26714
99	26	1.49719
99	57	1.36073
99	64	1.35499
99	70	1.30875
99	98	0.530734
99	109	1.29629
99	114	0.477109
99	125	1.35083
99	127	0.491312
99	130	1.3381
99	144	1.38907
99	147	1.33683
99	150	0.462932
99	152	1.36374
99	153	0.51721
99	156	1.31786
99	157	1.34237
99	159	1.34308
99	165	0.487165
99	166	0.450353
99	173	0.496439
99	179	0.494215
100	3	0.630185
100	4	1.38642
100	13	1.22229
100	39	1.42603
100	53	1.35711
100	67	1.27872
100	77	0.428376
100	78	1.4582
100	82	1.40651
100	92	1.36056
100	117	1.35504
100	128	0.478344
100	148	1.34086
100	154	0.484256
100	155	0.469296
100	160	1.33644
100	163	1.33139
100	167	0.462543
100	168	0.473053
100	169	0.499779
100	177	0.479196
100	180	1.34004
101	27	0.587913
101	31	1.41917
101	38	0.514024
101	39	1.31152
101	64	1.2522
101	77	0.52259
101	93	0.561536
101	109	1.1935
101	113	1.20416
101	124	0.546103
101	130	1.23531
101	138	1.24855
101	144	1.28628
101	147	1.23404
101	152	1.26095
101	156	1.21507
101	157	1.23958
101	166	0.529841
101	167	1.2745
101	170	0.591933
101	175	0.550119
101	180	1.22552
102	9	1.22286
102	63	0.490435
102	114	1.35351
102	132	0.470652
102	135	0.483979
102	148	1.34061
102	156	0.496438
102	157	0.488809
102	162	1.37356
102	165	1.3597
102	166	1.39142
102	167	1.38876
102	168	1.36223
102	169	0.497425
102	170	0.495365
102	172	0.489194
102	173	0.479358
102	174	1.35492
102	175	1.37799
102	176	1.33863
102	178	1.36141
102	179	1.37505
103	8	0.40281
103	18	0.42604
103	61	0.59926
103	65	0.561963
103	82	0.566804
103	123	0.598657
103	126	0.609092
103	144	1.29284
103	152	1.26751
103	156	1.22164
103	157	1.24615
103	160	0.630672
103	161	1.24578
103	168	1.25452
103	169	1.2624
103	171	1.25034
103	173	1.28458
103	174	1.24722
103	176	1.23093
103	177	1.27811
103	178	1.2537
103	179	1.26734
104	14	1.28546
104	28	1.20929
104	39	0.51903
104	46	1.22991
104	63	1.22991
104	79	1.35069
104	93	0.541298
104	126	1.22901
104	128	0.552319
104	131	1.28611
104	135	1.25831
104	136	1.24953
104	139	1.22386
104	141	0.564117
104	145	1.25296
104	153	1.25861
104	163	0.585221
104	166	1.26992
104	167	1.26727
104	173	0.555687
104	174	0.531842
104	177	0.553172
105	30	1.30903
105	41	1.40302
105	86	0.526211
105	98	0.521407
105	137	1.33207
105	145	0.488585
105	146	0.470738
105	149	1.36721
105	151	1.33687
105	155	0.474696
105	158	0.49483
105	161	1.34177
105	163	1.31943
105	168	0.478454
105	169	1.35839
105	170	1.35813
105	171	1.34633
105	172	1.37462
105	173	1.38057
105	174	0.463267
105	177	1.3741
105	180	0.489152
106	8	1.65317
106	25	1.34844
106	32	1.30284
106	33	1.43486
106	34	1.43304
106	43	1.28783
106	45	1.39381
106	50	1.3825
106	68	1.49888
106	69	0.428426
106	75	1.39347
106	110	0.443386
106	111	0.504731
106	128	0.464642
106	129	0.454348
106	131	1.44076
106	132	1.41819
106	153	0.488781
106	161	0.485003
106	166	0.421925
106	167	0.448841
106	175	1.41115
106	180	0.47005
107	5	1.34135
107	6	0.609641
107	22	1.45287
107	28	0.517536
107	53	0.500796
107	59	1.31116
107	66	0.531997
107	80	0.472589
107	122	0.491978
107	141	1.30874
107	150	1.33117
107	154	0.48696
107	155	1.31215
107	158	1.27253
107	164	1.29874
107	165	1.29648
107	168	1.299
107	170	0.500422
107	173	0.484415
107	174	1.2917
107	176	1.2754
107	178	1.29818
107	179	1.31182
108	8	0.379357
108	18	0.402587
108	56	1.2666
108	58	0.556217
108	87	1.31869
108	97	1.23525
108	112	1.22532
108	122	1.30974
108	129	0.570164
108	137	1.25861
108	142	1.28241
108	143	1.28473
108	152	0.581037
108	161	1.26831
108	162	0.565965
108	164	0.573029
108	169	1.28493
108	170	1.28467
108	171	1.27286
108	172	1.30116
108	173	1.3071
108	176	0.59209
108	177	1.30064
108	180	0.585867
109	47	0.529853
109	71	1.38094
109	72	1.23426
109	76	1.31916
109	83	1.33459
109	99	1.29629
109	101	1.1935
109	113	1.23701
109	138	1.2814
109	144	1.31913
109	147	1.26689
109	148	0.549115
109	152	1.2938
109	156	1.24793
109	157	1.27243
109	158	0.536891
109	159	1.27315
109	163	1.24972
109	164	0.518376
109	170	0.54518
109	171	0.563627
109	173	0.529173
109	174	0.505328
109	179	0.52695
110	10	0.477505
110	15	1.237
110	40	0.556373
110	42	0.435771
110	88	0.483075
110	90	0.483052
110	106	0.443386
110	120	1.33857
110	132	0.460171
110	134	1.42801
110	149	0.482645
110	155	1.39547
110	158	1.35585
110	161	0.48587
110	162	1.39366
110	164	1.38206
110	165	1.3798
110	168	1.38232
110	169	0.486944
110	174	1.37501
110	175	1.39808
110	176	1.35872
110	178	1.3815
110	179	1.39514
111	20	0.518655
111	25	0.563453
111	45	0.532522
111	64	0.535091
111	75	0.508086
111	106	0.504731
111	126	1.26166
111	129	1.26525
111	135	1.29096
111	136	1.28218
111	139	1.25651
111	145	1.2856
111	147	0.532396
111	150	1.30555
111	156	0.547302
111	160	0.553614
111	170	1.281
111	171	1.26919
111	172	1.29749
111	173	1.30343
111	176	1.24978
111	177	1.29697
111	178	1.27256
111	179	1.2862
112	13	0.618434
112	24	0.518507
112	66	1.22318
112	108	1.22532
112	119	1.25232
112	133	1.2533
112	140	0.506478
112	149	1.30023
112	151	1.26989
112	155	0.522032
112	161	1.27479
112	166	1.31273
112	167	0.515279
112	168	0.52579
112	169	1.29141
112	170	1.29115
112	171	1.27935
112	172	1.30764
112	173	1.31359
112	175	1.29929
112	176	0.542711
112	177	1.30712
112	178	0.524557
112	180	0.536488
113	5	0.517367
113	52	1.28755
113	70	1.24947
113	75	0.535096
113	83	1.34525
113	96	0.512864
113	101	1.20416
113	109	1.23701
113	130	1.27882
113	134	0.527443
113	138	1.29206
113	140	1.32859
113	152	1.30446
113	156	1.25858
113	157	1.28309
113	159	1.2838
113	161	0.574225
113	163	1.26038
113	165	0.547959
113	166	0.511147
113	167	1.318
113	174	0.533387
113	178	0.547341
113	180	1.26903
114	40	0.561667
114	51	1.33238
114	87	0.467212
114	93	1.32067
114	99	0.477109
114	102	1.35351
114	118	0.480802
114	124	1.36825
114	133	0.51905
114	134	1.37225
114	142	0.486879
114	150	1.35872
114	151	0.501848
114	158	1.30009
114	163	0.503706
114	165	1.32403
114	167	1.35309
114	168	1.32656
114	171	0.508625
114	172	0.484007
114	174	1.31925
114	176	1.30296
114	178	1.32574
114	179	1.33937
114	180	1.30412
115	2	1.35744
115	18	1.38293
115	20	1.37523
115	44	1.32177
115	53	1.31799
115	65	1.42982
115	67	1.2396
115	69	0.474624
115	89	0.51702
115	92	1.32143
115	93	1.31746
115	117	1.31591
115	118	1.31689
115	120	0.545705
115	123	1.35952
115	128	0.51084
115	132	1.34615
115	150	0.480702
115	154	0.516753
115	160	1.29732
115	165	0.504935
115	166	0.468123
115	175	0.488401
115	178	0.504317
115	180	1.30092
116	30	1.28359
116	70	0.534631
116	87	1.3667
116	98	0.530901
116	123	0.487984
116	135	0.501227
116	137	1.30662
116	142	1.33042
116	146	0.480232
116	149	1.34176
116	151	1.31142
116	152	0.493817
116	153	1.34295
116	154	1.36213
116	160	0.519998
116	161	1.31632
116	162	0.478745
116	164	0.485809
116	169	1.33295
116	170	1.33268
116	171	1.32088
116	172	1.34917
116	173	1.35512
116	177	1.34865
116	178	0.486715
117	2	1.36192
117	44	1.32625
117	54	1.32115
117	72	0.524421
117	80	1.38544
117	82	1.37187
117	89	0.503718
117	92	1.32591
117	100	1.35504
117	115	1.31591
117	118	1.32137
117	123	1.364
117	146	1.34087
117	148	1.30622
117	149	0.514675
117	154	0.503451
117	160	1.3018
117	163	1.29674
117	165	0.491633
117	166	0.454822
117	169	0.518974
117	173	0.500907
117	178	0.491015
117	179	0.498684
117	180	1.3054
118	10	1.36839
118	18	1.38838
118	20	1.38068
118	54	1.32213
118	65	1.43527
118	67	1.24505
118	86	0.53923
118	93	1.32292
118	114	0.480802
118	115	1.31689
118	117	1.32137
118	119	0.541842
118	121	1.30252
118	129	0.486469
118	130	0.505646
118	146	1.34184
118	153	1.34669
118	160	1.30277
118	163	1.29772
118	168	0.491473
118	172	0.509967
118	174	0.476286
118	175	0.474324
118	179	0.497908
118	180	1.30637
119	77	0.481876
119	81	1.23092
119	90	1.29603
119	97	1.26225
119	112	1.25232
119	118	0.541842
119	131	0.511153
119	137	1.28561
119	144	0.528055
119	151	1.29041
119	153	1.32193
119	155	0.522796
119	161	1.29531
119	166	1.33324
119	167	0.516043
119	169	1.31193
119	170	1.31167
119	171	1.29987
119	172	1.32816
119	173	1.33411
119	174	0.511366
119	175	1.31981
119	177	1.32764
119	178	0.52532
119	179	0.532989
119	180	0.537252
120	28	0.55812
120	31	0.470977
120	39	0.488342
120	41	0.496446
120	83	0.504593
120	91	0.529921
120	95	1.36535
120	96	1.36002
120	110	1.33857
120	115	0.545705
120	127	1.27875
120	129	1.28339
120	132	0.516292
120	141	1.30126
120	143	0.541956
120	158	1.26505
120	164	1.29126
120	165	1.289
120	166	1.32071
120	168	1.29152
120	169	0.543065
120	174	1.28422
120	176	1.26792
120	178	1.2907
120	179	1.30434
120	180	1.26908
121	1	1.3489
121	9	0.599943
121	18	1.36856
121	29	0.434848
121	36	0.466301
121	43	0.599373
121	75	0.496461
121	79	0.484006
121	118	1.30252
121	123	1.34515
121	124	0.488774
121	144	1.3473
121	146	1.32202
121	156	1.2761
121	158	0.526315
121	159	1.30132
121	160	1.28295
121	163	1.2779
121	164	0.507799
121	169	1.31686
121	170	1.3166
121	171	1.3048
121	172	1.33309
121	173	1.33904
121	174	0.494752
121	177	1.33257
121	178	0.508705
121	180	1.28655
122	5	0.461199
122	29	0.417316
122	40	1.26106
122	49	0.492338
122	62	1.35752
122	107	0.491978
122	108	1.30974
122	124	0.471242
122	127	0.495938
122	132	1.39076
122	133	1.33772
122	137	1.34951
122	138	0.524106
122	142	1.37331
122	143	1.37564
122	149	1.38466
122	154	1.40502
122	161	1.35922
122	162	0.483203
122	168	0.492406
122	169	1.37584
122	170	1.37557
122	171	1.36377
122	172	1.39206
122	173	1.39801
122	174	0.477219
122	177	1.39155
122	179	0.498841
122	180	0.503104
123	4	1.39538
123	10	1.41103
123	13	1.23125
123	53	1.36608
123	54	1.36476
123	61	1.36563
123	80	1.42905
123	92	1.36952
123	93	1.36555
123	95	0.442156
123	103	0.598657
123	115	1.35952
123	116	0.487984
123	117	1.364
123	121	1.34515
123	127	0.479752
123	128	0.48151
123	134	0.455089
123	139	0.50375
123	140	1.40856
123	153	1.38932
123	160	1.34541
123	162	0.467017
123	163	1.34035
123	164	0.474081
123	165	0.475605
123	173	0.484878
123	175	0.459071
123	180	1.34901
124	15	1.23165
124	24	1.33789
124	61	0.455658
124	63	0.474756
124	94	0.491488
124	101	0.546103
124	114	1.36825
124	121	0.488774
124	122	0.471242
124	126	0.465491
124	127	1.3642
124	143	0.480636
124	144	0.456521
124	153	0.48445
124	155	1.39012
124	158	1.3505
124	162	1.3883
124	164	1.3767
124	165	1.37444
124	166	1.40616
124	168	1.37696
124	170	0.479685
124	171	0.498132
124	174	1.36966
124	175	1.39272
124	176	1.35337
124	178	1.37615
124	179	1.38978
124	180	1.35453
125	30	0.547283
125	34	0.467421
125	50	0.481728
125	61	0.483701
125	68	0.458667
125	70	1.29336
125	99	1.35083
125	126	1.32364
125	130	1.32271
125	133	0.536601
125	135	1.35293
125	136	1.34415
125	137	0.515423
125	139	1.31849
125	143	0.508679
125	145	1.34758
125	150	1.36752
125	152	1.34835
125	156	1.30247
125	157	1.32698
125	167	1.36189
125	168	1.33536
125	169	0.509789
125	172	0.501557
125	173	0.491722
125	176	1.31176
125	177	0.489206
125	178	1.33454
125	179	1.34818
125	180	1.31292
126	14	1.36828
126	28	1.29211
126	46	1.31273
126	59	0.48717
126	63	1.31273
126	69	0.45573
126	78	1.41928
126	79	1.43351
126	89	1.31845
126	94	0.523123
126	103	0.609092
126	104	1.22901
126	111	1.26166
126	124	0.465491
126	125	1.32364
126	131	1.36893
126	135	1.34113
126	136	1.33235
126	139	1.30668
126	145	1.33578
126	146	0.478939
126	153	1.34143
126	155	0.482897
126	162	0.477452
126	166	1.35274
126	167	1.35009
126	171	0.529767
126	172	0.505149
126	179	0.49309
126	180	0.497353
127	51	1.32832
127	55	1.32081
127	62	0.498763
127	77	1.43519
127	83	0.467969
127	84	0.545567
127	96	1.39101
127	99	0.491312
127	120	1.27875
127	122	0.495938
127	123	0.479752
127	124	1.3642
127	141	1.33224
127	148	1.30089
127	149	0.502142
127	150	1.35467
127	156	0.505454
127	157	0.497825
127	158	1.29604
127	161	0.505367
127	162	1.33384
127	163	0.517909
127	164	1.32224
127	167	1.34904
127	168	1.3225
127	174	1.3152
127	176	1.29891
127	177	0.485859
127	178	1.32169
127	179	1.33532
128	20	0.478566
128	44	0.512436
128	45	0.492433
128	54	0.509371
128	70	1.28541
128	77	1.44009
128	92	0.508343
128	100	0.478344
128	104	0.552319
128	106	0.464642
128	115	0.51084
128	123	0.48151
128	135	0.494753
128	138	1.32799
128	152	1.3404
128	156	1.29452
128	157	1.31903
128	159	1.31974
128	160	0.513525
128	161	1.31866
128	165	1.32488
128	168	1.32741
128	170	1.33502
128	171	1.32322
128	172	1.35151
128	173	1.35746
128	174	1.3201
128	177	1.35099
128	178	1.32659
128	179	1.34022
129	5	1.36949
129	84	0.537031
129	85	1.37606
129	106	0.454348
129	108	0.570164
129	111	1.26525
129	118	0.486469
129	120	1.28339
129	134	1.37283
129	135	0.484459
129	141	1.33688
129	145	0.481312
129	150	1.35931
129	155	1.34029
129	158	1.30067
129	160	0.503231
129	164	1.32688
129	166	1.35633
129	167	1.35368
129	168	1.32714
129	169	0.497906
129	170	0.495846
129	171	0.514293
129	172	0.489674
129	174	1.31984
129	175	1.3429
129	176	1.30354
129	177	0.477324
129	178	1.32632
129	179	1.33996
130	31	1.49383
130	52	1.3187
130	55	0.50862
130	57	1.3326
130	71	1.42275
130	88	1.31534
130	99	1.3381
130	101	1.23531
130	113	1.27882
130	118	0.505646
130	125	1.32271
130	138	1.32321
130	140	1.35974
130	141	0.507446
130	146	1.33566
130	147	1.3087
130	152	1.33561
130	157	1.31424
130	159	1.31495
130	160	0.522408
130	161	0.516008
130	162	0.481154
130	164	0.488218
130	167	1.34916
130	171	0.533469
130	174	0.47517
130	175	0.473209
130	177	0.4965
130	179	0.496792
130	180	1.30019
131	19	0.475062
131	33	1.42012
131	34	1.4183
131	42	0.436337
131	43	1.27309
131	71	0.432097
131	75	1.37873
131	87	0.462483
131	104	1.28611
131	106	1.44076
131	119	0.511153
131	126	1.36893
131	135	1.39822
131	136	1.38944
131	138	0.492484
131	139	1.36378
131	145	1.39287
131	151	0.497119
131	152	0.466653
131	162	1.39198
131	163	0.498977
131	168	1.38064
131	171	0.503896
131	172	0.479278
131	173	0.469442
131	174	1.37334
131	175	1.3964
131	176	1.35705
131	177	0.466927
131	178	1.37983
131	179	1.39346
132	8	1.61586
132	14	0.469384
132	15	0.581062
132	20	1.40995
132	43	1.25051
132	50	1.34518
132	61	1.35226
132	75	1.35615
132	77	0.431459
132	82	1.40211
132	96	0.440427
132	102	0.470652
132	106	1.41819
132	110	0.460171
132	115	1.34615
132	120	0.516292
132	122	1.39076
132	148	1.33646
132	150	0.451289
132	158	0.492513
132	160	1.33204
132	165	0.475522
132	167	0.465626
132	169	1.36595
132	171	1.35389
132	172	1.38218
132	173	1.38812
132	174	0.46095
132	175	1.37383
132	176	0.493059
132	177	1.38166
133	22	0.421634
133	41	1.35754
133	42	0.505274
133	62	1.2946
133	72	0.561895
133	74	0.512422
133	84	1.23316
133	90	1.29701
133	94	1.26053
133	112	1.2533
133	114	0.51905
133	122	1.33772
133	125	0.536601
133	137	1.28659
133	140	0.510411
133	142	1.31039
133	149	1.32173
133	151	1.29139
133	154	1.3421
133	161	1.29629
133	162	0.520519
133	165	0.529107
133	169	1.31291
133	170	1.31265
133	171	1.30085
133	172	1.32914
133	173	1.33509
133	174	0.514535
133	177	1.32862
133	179	0.536157
133	180	0.54042
134	12	0.474704
134	23	1.34167
134	41	0.43516
134	44	0.486015
134	74	1.40693
134	86	1.30634
134	110	1.42801
134	113	0.527443
134	114	1.37225
134	123	0.455089
134	129	1.37283
134	136	0.465838
134	137	0.487413
134	141	1.3907
134	142	0.47642
134	149	0.47748
134	154	0.466257
134	155	1.39411
134	158	1.35449
134	162	1.3923
134	163	0.493246
134	164	1.3807
134	165	1.37844
134	168	1.38096
134	169	0.481779
134	173	0.463712
134	174	1.37366
134	175	1.39672
134	176	1.35736
134	178	1.38014
134	179	1.39378
135	3	1.20875
135	14	1.39758
135	28	1.3214
135	46	1.34203
135	63	1.34203
135	69	0.458538
135	79	1.4628
135	89	1.34775
135	91	1.34226
135	102	0.483979
135	104	1.25831
135	111	1.29096
135	116	0.501227
135	125	1.35293
135	126	1.34113
135	128	0.494753
135	129	0.484459
135	131	1.39822
135	136	1.36164
135	139	1.33598
135	145	1.36507
135	148	0.518063
135	152	0.495332
135	153	1.37073
135	159	0.52168
135	162	0.48026
135	166	1.38204
135	167	1.37938
135	173	0.498122
135	175	0.472315
135	179	0.495898
135	180	0.500161
136	7	0.48872
136	14	1.3888
136	28	1.31263
136	37	1.2568
136	46	1.33325
136	63	1.33325
136	74	0.469668
136	78	1.4398
136	79	1.45402
136	91	1.33349
136	93	0.481238
136	97	0.531984
136	104	1.24953
136	111	1.28218
136	125	1.34415
136	126	1.33235
136	131	1.38944
136	134	0.465838
136	135	1.36164
136	139	1.3272
136	140	0.467657
136	144	0.48847
136	145	1.35629
136	148	0.515569
136	153	1.36195
136	164	0.48483
136	166	1.37326
136	167	1.3706
136	168	0.486969
136	169	0.513694
136	170	0.511634
136	180	0.497667
137	19	1.34375
137	41	1.36933
137	72	0.540717
137	77	0.463867
137	85	0.484825
137	90	1.30881
137	94	1.27232
137	105	1.33207
137	108	1.25861
137	116	1.30662
137	119	1.28561
137	122	1.34951
137	125	0.515423
137	133	1.28659
137	134	0.487413
137	141	0.525633
137	149	1.33353
137	151	1.30318
137	154	1.35389
137	158	0.524921
137	161	1.30809
137	168	0.508544
137	169	1.32471
137	170	1.32444
137	171	1.31264
137	172	1.34093
137	173	1.34688
137	174	0.493357
137	176	0.525466
137	177	1.34041
137	178	0.507311
137	179	0.514979
137	180	0.519242
138	13	1.19567
138	42	1.37767
138	47	0.517223
138	57	1.34584
138	70	1.29386
138	76	1.37421
138	83	1.38964
138	88	1.32858
138	93	0.502154
138	101	1.24855
138	109	1.2814
138	113	1.29206
138	122	0.524106
138	128	1.32799
138	130	1.32321
138	131	0.492484
138	144	1.37418
138	147	1.32194
138	148	0.536484
138	152	1.34885
138	154	0.519088
138	156	1.30297
138	157	1.32748
138	159	1.32819
138	163	1.30477
138	166	0.470458
138	168	0.507885
138	169	0.53461
138	174	0.492698
138	175	0.490736
138	178	0.506652
138	179	0.51432
138	180	1.31342
139	11	1.36235
139	14	1.36313
139	28	1.28696
139	37	1.23113
139	38	0.450471
139	46	1.30758
139	47	0.513053
139	63	1.30758
139	79	1.42836
139	89	1.3133
139	91	1.30782
139	104	1.22386
139	111	1.25651
139	123	0.50375
139	125	1.31849
139	126	1.30668
139	131	1.36378
139	135	1.33598
139	136	1.3272
139	145	1.33063
139	148	0.532315
139	151	0.54005
139	153	1.33628
139	164	0.501576
139	166	1.34759
139	167	1.34494
139	168	0.503715
139	170	0.52838
139	175	0.486566
139	176	0.520637
139	177	0.509858
139	178	0.502482
139	180	0.514413
140	6	0.590757
