1	2	1.12
1	83	0.462408
1	97	1.07465
1	99	1.07408
1	116	1.02074
1	122	1.05449
1	128	1.07659
1	131	1.02997
1	134	1.06017
1	140	1.07251
1	165	0.903003
1	168	2.48204
2	1	1.12
2	21	1.37089
2	40	1.08052
2	88	1.04053
2	112	1.08992
2	116	1.02359
2	123	1.67145
2	128	1.07945
2	131	1.03283
2	134	1.06303
2	137	0.860584
2	140	1.07537
3	5	0.952778
3	10	0.805957
3	36	0.793008
3	39	0.894297
3	55	0.862517
3	56	0.861322
3	57	0.849981
3	64	0.944524
3	66	0.916415
3	102	0.869124
3	105	0.869565
3	144	2.87544
4	12	1.12751
4	18	0.534912
4	24	1.0964
4	36	0.984973
4	39	1.08626
4	55	1.05448
4	57	1.04195
4	66	1.10838
4	102	1.06109
4	105	1.06153
4	137	1.41451
4	149	1.62098
5	3	0.952778
5	24	1.10808
5	36	0.996654
5	39	1.09794
5	56	1.06497
5	57	1.05363
5	64	1.14817
5	66	1.12006
5	102	1.07277
5	132	0.719225
5	146	1.34607
5	148	1.898
6	74	1.08817
6	107	1.06675
6	124	1.05658
6	129	1.08917
6	130	1.08353
6	133	1.34117
6	138	1.06224
6	139	1.05497
6	141	1.08184
6	145	1.09365
6	158	1.42514
6	180	1.00277
7	32	1.00638
7	48	0.948789
7	52	0.961738
7	76	0.967923
7	82	0.943695
7	93	1.16244
7	100	0.947696
7	103	0.95094
7	117	0.96945
7	136	0.947789
7	151	0.986604
7	180	2.07656
8	40	1.55075
8	155	0.959532
8	156	0.909942
8	158	0.942882
8	164	0.880922
8	166	0.864832
8	168	0.84857
8	174	0.871343
8	176	0.803432
8	179	0.826423
8	180	0.879726
9	40	0.981512
9	86	0.950948
9	87	0.951422
9	99	0.97793
9	116	0.924589
9	120	0.970998
9	128	0.980445
9	131	0.933825
9	134	0.964024
9	140	0.976363
9	152	1.41539
9	162	1.91329
10	3	0.805957
10	20	1.99529
10	39	0.951122
10	45	0.928947
10	55	0.919342
10	56	0.918147
10	105	0.92639
10	160	0.878295
10	172	0.828844
10	175	0.811221
10	177	0.827888
10	179	0.803693
11	14	1.14102
11	49	1.06365
11	52	1.0805
11	62	1.00535
11	78	1.05762
11	82	1.06246
11	84	1.04431
11	100	1.06646
11	126	0.581879
11	151	1.10537
11	164	1.45264
11	178	1.81207
12	4	1.12751
12	36	0.979417
12	39	1.08071
12	55	1.04893
12	56	1.04773
12	57	1.03639
12	64	1.13093
12	66	1.10282
12	105	1.05597
12	119	1.24184
12	125	1.06108
12	174	1.60652
13	92	0.965539
13	110	0.958043
13	124	0.957341
13	129	0.989932
13	130	0.984293
13	139	0.955729
13	141	0.982601
13	145	0.994408
13	162	1.91827
13	163	0.900003
13	165	1.53452
13	180	0.90353
14	11	1.14102
14	48	1.05455
14	58	1.13351
14	76	1.07368
14	78	1.04461
14	81	0.576627
14	82	1.04945
14	84	1.0313
14	100	1.05345
14	136	1.05355
14	170	1.35994
14	178	1.97091
15	35	1.55709
15	46	0.964429
15	88	0.939472
15	96	0.932165
15	112	0.988864
15	120	0.968941
15	122	0.956282
15	128	0.978388
15	131	0.931769
15	132	1.73895
15	134	0.961967
15	140	0.974306
16	31	1.01886
16	60	0.94481
16	70	1.01627
16	79	0.974889
16	90	0.94662
16	91	0.94635
16	95	0.993139
16	104	1.28906
16	147	0.981638
16	162	0.916387
16	178	0.888563
16	180	1.98776
17	37	0.908596
17	70	0.921059
17	79	0.879682
17	81	0.92281
17	90	0.851413
17	91	0.851143
17	95	0.897932
17	118	0.882482
17	147	0.886431
17	154	2.85152
17	162	0.821179
17	178	0.793356
18	4	0.534912
18	56	1.0466
18	102	0.26943
18	135	1.13396
18	148	1.06223
18	152	1.08587
18	165	1.0959
18	171	1.00855
18	172	1.00602
18	173	0.993701
18	174	1.02579
18	177	1.00507
18	179	0.980871
19	42	0.973757
19	72	0.544715
19	86	1.03417
19	97	1.06172
19	112	1.07414
19	116	1.00781
19	120	1.05422
19	122	1.04156
19	128	1.06366
19	131	1.01705
19	140	1.05958
19	142	0.981334
19	175	2.56816
20	10	1.99529
20	98	1.05128
20	104	0.444679
20	115	1.05984
20	127	1.0592
20	129	1.05406
20	130	1.04842
20	138	1.02713
20	139	1.01986
20	141	1.04673
20	145	1.05853
20	155	1.05041
20	180	0.967657
21	2	1.37089
21	130	0.659129
21	143	1.07413
21	161	0.944073
21	168	0.932059
21	171	0.937589
21	172	0.935063
21	173	0.922743
21	174	0.954832
21	176	0.886921
21	177	0.934107
21	178	0.964337
21	179	0.909912
22	97	1.56227
22	146	0.913138
22	156	0.912217
22	158	0.945156
22	164	0.883197
22	170	0.905074
22	173	0.841529
22	174	0.873618
22	175	0.836226
22	176	0.805707
22	177	0.852893
22	179	0.828698
23	42	0.0987019
23	71	1.04028
23	89	0.989874
23	133	1.02548
23	145	0.548711
23	153	0.971598
23	160	0.945309
23	163	0.920483
23	164	0.925205
23	168	0.892854
23	171	0.898384
23	177	0.894902
23	179	0.870707
24	4	1.0964
24	5	1.10808
24	36	0.948315
24	55	1.01782
24	56	1.01663
24	57	1.00529
24	62	1.56648
24	64	1.09983
24	66	1.07172
24	85	0.560354
24	102	1.02443
24	105	1.02487
24	169	2.10041
25	26	0.766359
25	32	1.08304
25	49	1.02154
25	52	1.0384
25	58	1.10441
25	76	1.04458
25	78	1.01551
25	84	1.0022
25	100	1.02436
25	117	1.04611
25	151	1.06326
25	173	2.61433
25	180	1.03343
26	25	0.766359
26	102	0.580242
26	129	0.30512
26	160	1.08816
26	166	1.05196
26	167	1.05066
26	169	1.05452
26	173	1.02638
26	174	1.05847
26	175	1.02108
26	176	0.990562
26	177	1.03775
26	179	1.01355
27	51	0.94387
27	97	0.958755
27	99	0.958186
27	116	0.904845
27	120	0.951254
27	122	0.938595
27	128	0.960701
27	131	0.914082
27	134	0.94428
27	140	0.956619
27	144	0.953566
27	149	1.53621
27	160	2.05267
28	86	0.92663
28	94	0.946786
28	97	0.954181
28	99	0.953612
28	112	0.966603
28	120	0.946681
28	122	0.934021
28	128	0.956128
28	131	0.909508
28	134	0.939706
28	140	0.952045
28	166	1.25969
28	179	2.39419
29	38	0.702669
29	48	1.03893
29	49	1.03502
29	69	1.07439
29	78	1.02899
29	82	1.03383
29	84	1.01568
29	100	1.03783
29	103	1.04108
29	125	1.58312
29	136	1.03793
29	151	1.07674
29	180	1.66426
30	56	1.07107
30	88	0.229707
30	124	0.201794
30	152	1.10642
30	158	1.11788
30	167	1.03852
30	169	1.04239
30	171	1.0291
30	174	1.04634
30	175	1.00895
30	176	0.978429
30	177	1.02561
30	179	1.00142
31	16	1.01886
31	44	1.06102
31	47	1.05473
31	60	1.04
31	90	1.04181
31	91	1.04154
31	95	1.08833
31	147	1.07683
31	162	1.01158
31	163	1.18602
31	169	1.02419
31	173	1.99557
31	178	0.983752
32	7	1.00638
32	25	1.08304
32	49	1.03476
32	76	1.0578
32	78	1.02873
32	82	1.03358
32	84	1.01542
32	94	0.993495
32	100	1.03758
32	103	1.04082
32	137	1.17375
32	151	1.07648
32	170	1.76311
33	40	1.062
33	86	1.03143
33	88	1.02201
33	112	1.0714
33	116	1.00507
33	122	1.03882
33	128	1.06093
33	131	1.01431
33	134	1.04451
33	140	1.05685
33	151	1.0792
33	160	1.74648
33	165	1.29582
34	42	0.957632
34	87	1.01852
34	88	1.00862
34	96	1.00132
34	99	1.04503
34	112	1.05802
34	116	0.991684
34	120	1.03809
34	131	1.00092
34	134	1.03112
34	140	1.04346
34	143	0.697756
34	162	1.47089
34	166	2.11929
35	15	1.55709
35	64	0.570322
35	113	1.06232
35	143	1.05052
35	165	1.00134
35	166	0.924719
35	170	0.962685
35	171	0.913987
35	174	0.93123
35	175	0.893838
35	176	0.863319
35	177	0.910505
35	179	0.88631
36	3	0.793008
36	4	0.984973
36	5	0.996654
36	12	0.979417
36	24	0.948315
36	39	0.938173
36	55	0.906393
36	56	0.905198
36	57	0.893857
36	64	0.9884
36	66	0.960291
36	74	1.52397
36	102	0.913001
36	180	2.16371
37	17	0.908596
37	44	1.04596
37	47	1.03968
37	60	1.02494
37	79	1.05502
37	90	1.02675
37	91	1.02648
37	95	1.07327
37	111	1.33776
37	147	1.06177
37	150	0.829069
37	162	0.996518
37	168	2.16007
37	178	0.968694
38	29	0.702669
38	114	0.675357
38	123	1.0746
38	127	0.455087
38	146	1.04727
38	149	1.08799
38	152	1.06783
38	166	1.00124
38	167	0.99993
38	169	1.0038
38	171	0.990505
38	175	0.970355
38	177	0.987022
38	179	0.962828
39	3	0.894297
39	4	1.08626
39	5	1.09794
39	10	0.951122
39	12	1.08071
39	36	0.938173
39	55	1.00768
39	56	1.00649
39	57	0.995146
39	59	1.15206
39	64	1.08969
39	66	1.06158
39	152	0.966188
39	167	1.99201
40	2	1.08052
40	8	1.55075
40	9	0.981512
40	33	1.062
40	42	0.947208
40	86	1.00762
40	87	1.00809
40	88	0.998199
40	97	1.03517
40	120	1.02767
40	134	1.02069
40	140	1.03303
40	157	0.877539
40	172	2.00146
41	107	1.02827
41	110	1.0188
41	113	0.940929
41	115	1.05648
41	121	1.02823
41	124	1.0181
41	127	1.05583
41	135	0.51134
41	139	1.01649
41	142	0.990461
41	145	1.05517
41	163	0.960763
41	175	2.82394
41	180	0.96429
42	19	0.973757
42	23	0.0987019
42	34	0.957632
42	40	0.947208
42	96	0.899917
42	97	0.944194
42	116	0.890284
42	120	0.936694
42	122	0.924034
42	128	0.94614
42	131	0.899521
42	134	0.929719
42	140	0.942058
42	176	3.85378
43	109	1.52289
43	149	0.942137
43	152	0.921976
43	156	0.900493
43	165	0.932005
43	166	0.855383
43	170	0.893349
43	172	0.842125
43	173	0.829804
43	175	0.824502
43	176	0.793983
43	177	0.841169
43	179	0.816974
44	31	1.06102
44	37	1.04596
44	47	1.0017
44	62	1.63352
44	70	1.05842
44	79	1.01705
44	90	0.988778
44	91	0.988509
44	95	1.0353
44	106	0.915939
44	147	1.0238
44	149	1.1955
44	157	1.54201
44	162	0.958545
44	178	0.930722
45	10	0.928947
45	120	0.799457
45	147	1.12064
45	149	0.995021
45	150	1.05016
45	154	0.949058
45	160	0.94446
45	166	0.908266
45	168	0.892004
45	174	0.914778
45	175	0.877385
45	176	0.846866
45	177	0.894052
45	179	0.869857
45	180	0.92316
46	15	0.964429
46	86	0.992592
46	88	0.983173
46	96	0.975866
46	99	1.01957
46	112	1.03256
46	116	0.966233
46	120	1.01264
46	122	0.999983
46	128	1.02209
46	132	0.674786
46	134	1.00567
46	140	1.01801
46	174	1.67889
46	177	2.13743
47	31	1.05473
47	37	1.03968
47	44	1.0017
47	60	0.980683
47	70	1.05214
47	73	1.16612
47	79	1.01076
47	90	0.982492
47	91	0.982222
47	95	1.02901
47	143	0.955913
47	147	1.01751
47	162	0.952259
47	167	2.25696
47	178	0.924436
48	7	0.948789
48	14	1.05455
48	29	1.03893
48	49	0.977171
48	52	0.994024
48	58	1.06004
48	69	1.01654
48	78	0.971141
48	100	0.979982
48	103	0.983226
48	136	0.980075
48	146	1.84487
48	149	1.3954
48	150	1.17754
48	151	1.01889
49	11	1.06365
49	25	1.02154
49	29	1.03502
49	32	1.03476
49	48	0.977171
49	69	1.01263
49	78	0.967236
49	82	0.972077
49	84	0.953924
49	100	0.976077
49	136	0.97617
49	151	1.01499
49	160	0.832159
49	172	2.30459
49	177	1.60096
50	89	1.65282
50	107	0.997989
50	109	1.04186
50	110	0.988519
50	115	1.02619
50	121	0.997947
50	127	1.02555
50	132	1.48641
50	136	0.997939
50	138	0.99348
50	141	1.01308
50	142	0.960177
50	144	1.21331
50	145	1.02488
50	180	0.934006
51	27	0.94387
51	97	1.01727
51	99	1.0167
51	103	0.993881
51	112	1.02969
51	116	0.963361
51	118	1.48437
51	120	1.00977
51	122	0.99711
51	128	1.01922
51	131	0.972597
51	134	1.0028
51	140	1.01513
51	159	1.68332
51	165	1.39505
52	7	0.961738
52	11	1.0805
52	25	1.0384
52	48	0.994024
52	62	0.931818
52	76	1.01316
52	82	0.98893
52	84	0.970777
52	100	0.992931
52	101	0.980138
52	117	1.01468
52	135	1.2636
52	136	0.993023
52	142	1.98938
52	151	1.03184
53	66	0.199097
53	79	0.666814
53	116	0.869862
53	143	1.11461
53	156	1.03392
53	165	1.06543
53	166	0.988808
53	170	1.02677
53	171	0.978077
53	172	0.975551
53	173	0.96323
53	174	0.99532
53	176	0.927408
53	177	0.974594
53	179	0.950399
54	69	0.903921
54	84	0.655349
54	87	0.576415
54	123	1.04525
54	143	1.09769
54	154	1.01268
54	164	0.987979
54	169	0.974452
54	170	1.00986
54	172	0.958632
54	174	0.978401
54	175	0.941008
54	176	0.910489
54	177	0.957675
54	178	0.987906
54	179	0.93348
55	3	0.862517
55	4	1.05448
55	10	0.919342
55	12	1.04893
55	24	1.01782
55	36	0.906393
55	39	1.00768
55	56	0.974707
55	57	0.963366
55	64	1.05791
55	66	1.0298
55	102	0.98251
55	105	0.98295
55	106	2.55081
55	172	1.81107
55	178	0.816051
56	3	0.861322
56	5	1.06497
56	10	0.918147
56	12	1.04773
56	18	1.0466
56	24	1.01663
56	30	1.07107
56	36	0.905198
56	39	1.00649
56	55	0.974707
56	57	0.962171
56	64	1.05671
56	66	1.0286
56	83	1.49227
56	102	0.981314
56	105	0.981755
57	3	0.849981
57	4	1.04195
57	5	1.05363
57	12	1.03639
57	24	1.00529
57	36	0.893857
57	39	0.995146
57	55	0.963366
57	56	0.962171
57	64	1.04537
57	66	1.01726
57	102	0.969973
57	105	0.970414
57	133	0.974261
57	144	0.548103
57	179	3.23102
58	14	1.13351
58	25	1.10441
58	48	1.06004
58	62	0.997829
58	76	1.07917
58	78	1.0501
58	82	1.05494
58	84	1.03679
58	100	1.05894
58	108	0.575769
58	117	1.0807
58	123	1.43189
58	136	1.05903
58	151	1.09785
58	153	1.29202
58	163	1.96127
59	39	1.15206
59	91	1.36301
59	157	0.998917
59	161	0.924376
59	166	0.928624
59	169	0.931186
59	170	0.96659
59	171	0.917892
59	172	0.915366
59	173	0.903045
59	174	0.935135
59	175	0.897742
59	176	0.867223
59	177	0.914409
59	179	0.890215
60	16	0.94481
60	31	1.04
60	37	1.02494
60	47	0.980683
60	70	1.0374
60	79	0.996027
60	90	0.967757
60	91	0.967488
60	95	1.01428
60	101	0.641494
60	118	0.998827
60	147	1.00278
60	162	0.937524
60	165	1.41812
60	171	2.594
60	178	0.909701
61	67	0.83919
61	90	0.981852
61	91	0.981582
61	95	1.02837
61	122	1.23132
61	152	0.974373
61	161	0.903532
61	162	0.951619
61	172	0.894522
61	173	0.882201
61	175	0.876898
61	176	0.846379
61	177	0.893565
61	178	0.923796
61	179	0.86937
62	11	1.00535
62	24	1.56648
62	44	1.63352
62	52	0.931818
62	58	0.997829
62	76	0.938002
62	100	0.917775
62	117	0.93953
62	126	0.978948
62	151	0.956684
62	152	0.905636
62	164	0.855132
62	165	0.915664
62	168	0.82278
62	172	0.825784
62	179	0.800633
63	134	0.873447
63	138	1.16346
63	153	0.985921
63	164	0.939528
63	166	0.923439
63	167	0.922132
63	168	0.907176
63	170	0.961405
63	171	0.912707
63	172	0.910181
63	173	0.89786
63	175	0.892557
63	177	0.909224
63	179	0.885029
63	180	0.938332
64	3	0.944524
64	5	1.14817
64	12	1.13093
64	24	1.09983
64	35	0.570322
64	36	0.9884
64	39	1.08969
64	55	1.05791
64	56	1.05671
64	57	1.04537
64	66	1.11181
64	102	1.06452
64	105	1.06496
64	142	1.22798
64	151	0.778747
64	166	2.02752
65	73	1.21922
65	77	1.08518
65	89	1.32163
65	115	1.0956
65	121	1.06736
65	124	1.05722
65	129	1.08982
65	138	1.06289
65	139	1.05561
65	141	1.08249
65	145	1.09429
65	147	1.09761
65	150	1.11473
65	158	1.39224
65	163	0.999888
65	180	1.00341
66	3	0.916415
66	4	1.10838
66	5	1.12006
66	12	1.10282
66	24	1.07172
66	36	0.960291
66	39	1.06158
66	53	0.199097
66	55	1.0298
66	56	1.0286
66	57	1.01726
66	64	1.11181
66	102	1.03641
66	105	1.03685
66	142	1.4668
66	157	1.5149
66	170	1.55128
67	61	0.83919
67	92	0.968406
67	98	0.990018
67	109	1.01425
67	110	0.96091
67	121	0.970338
67	129	0.992799
67	130	0.98716
67	138	0.965871
67	139	0.958596
67	141	0.985468
67	145	0.997275
67	147	1.00059
67	153	1.6153
67	163	0.90287
67	174	1.97751
67	180	0.906397
68	98	0.990161
68	107	0.970522
68	109	1.01439
68	114	1.02002
68	115	0.998727
68	117	0.829994
68	124	0.96035
68	127	0.998083
68	130	0.987303
68	138	0.966013
68	139	0.958739
68	142	0.93271
68	145	0.997417
68	163	0.903013
68	171	2.05296
68	177	2.09655
68	180	0.90654
69	29	1.07439
69	48	1.01654
69	49	1.01263
69	54	0.903921
69	78	1.0066
69	84	0.993289
69	94	1.03468
69	100	1.01544
69	120	1.03458
69	128	1.04402
69	131	0.997403
69	134	1.0276
69	135	1.06523
69	140	1.03994
69	144	1.03689
69	149	1.4926
69	151	1.05435
69	165	1.5584
70	16	1.01627
70	17	0.921059
70	44	1.05842
70	47	1.05214
70	60	1.0374
70	79	1.06748
70	90	1.03921
70	91	1.03894
70	95	1.08573
70	106	0.966374
70	118	1.07028
70	119	1.10095
70	147	1.07423
70	159	0.992969
70	162	1.00898
70	167	1.61637
70	177	1.92417
70	178	0.981157
71	23	1.04028
71	92	1.22285
71	109	0.684345
71	124	0.715154
71	155	1.04728
71	164	0.968671
71	165	1.0292
71	167	0.951275
71	168	0.936319
71	169	0.955143
71	172	0.939323
71	173	0.927003
71	174	0.959092
71	175	0.9217
71	176	0.891181
71	177	0.938367
71	179	0.914172
71	180	0.967475
72	19	0.544715
72	131	0.91681
72	136	0.944265
72	158	1.04927
72	160	1.00742
72	161	0.966976
72	168	0.954962
72	169	0.973786
72	170	1.00919
72	171	0.960492
72	172	0.957966
72	174	0.977735
72	175	0.940343
72	176	0.909824
72	177	0.95701
72	178	0.98724
72	179	0.932815
73	47	1.16612
73	65	1.21922
73	75	0.991657
73	137	1.03719
73	139	0.938603
73	142	0.978555
73	158	1.01554
73	162	0.981331
73	169	0.940053
73	170	0.975458
73	171	0.926759
73	172	0.924233
73	173	0.911913
73	174	0.944002
73	175	0.90661
73	176	0.876091
73	177	0.923277
73	179	0.899082
73	180	0.952385
74	6	1.08817
74	36	1.52397
74	132	1.04873
74	147	0.680181
74	150	1.07062
74	154	0.969523
74	157	0.999026
74	161	0.924484
74	162	0.972572
74	164	0.944822
74	166	0.928732
74	170	0.966699
74	172	0.915474
74	174	0.935243
74	175	0.897851
74	176	0.867332
74	177	0.914518
74	178	0.944748
74	179	0.890323
75	73	0.991657
75	98	1.21267
75	124	1.5206
75	126	1.01549
75	143	1.00139
75	153	0.93807
75	158	0.953637
75	166	0.875588
75	167	0.874281
75	169	0.87815
75	170	0.913554
75	172	0.86233
75	173	0.850009
75	174	0.882099
75	175	0.844706
75	176	0.814187
75	177	0.861373
75	179	0.837179
76	7	0.967923
76	14	1.07368
76	25	1.04458
76	32	1.0578
76	52	1.01316
76	58	1.07917
76	62	0.938002
76	78	0.990274
76	82	0.995114
76	84	0.976961
76	100	0.999115
76	103	1.00236
76	117	1.02087
76	136	0.999208
76	148	1.72763
76	151	1.03802
76	161	2.31869
76	162	1.17578
76	165	0.792034
77	65	1.08518
77	80	1.01883
77	83	0.724455
77	109	1.04083
77	114	1.04646
77	115	1.02516
77	121	0.996917
77	124	0.986786
77	127	1.02452
77	129	1.01938
77	130	1.01374
77	138	0.99245
77	139	0.985175
77	141	1.01205
77	145	1.02385
77	156	1.33423
77	166	2.07288
77	178	1.9688
77	180	0.932976
78	11	1.05762
78	14	1.04461
78	25	1.01551
78	29	1.02899
78	32	1.02873
78	48	0.971141
78	49	0.967236
78	58	1.0501
78	69	1.0066
78	76	0.990274
78	82	0.966046
78	84	0.947893
78	100	0.970047
78	103	0.973291
78	126	1.08685
78	136	0.97014
78	146	1.77264
78	151	1.00896
78	156	1.68247
78	158	1.38282
79	16	0.974889
79	17	0.879682
79	37	1.05502
79	44	1.01705
79	47	1.01076
79	53	0.666814
79	60	0.996027
79	70	1.06748
79	81	1.06923
79	90	0.997836
79	91	0.997566
79	95	1.04436
79	106	0.924996
79	118	1.02891
79	142	1.93451
79	143	1.31252
79	147	1.03285
79	150	1.41824
79	162	0.967603
79	178	0.93978
80	77	1.01883
80	85	0.528772
80	92	0.999076
80	98	1.02069
80	110	0.991579
80	121	1.00101
80	124	0.990877
80	127	1.02861
80	129	1.02347
80	130	1.01783
80	132	1.25501
80	136	1.001
80	138	0.996541
80	139	0.989266
80	141	1.01614
80	145	1.02794
80	163	0.93354
80	164	2.06683
80	170	1.81528
80	180	0.937067
81	14	0.576627
81	17	0.92281
81	79	1.06923
81	86	0.937991
81	90	1.04096
81	91	1.04069
81	95	1.08748
81	104	1.10192
81	128	0.311841
81	136	0.682055
81	147	1.07598
81	162	1.01073
81	165	1.04351
81	168	0.95063
81	173	0.941314
81	174	0.973403
81	175	0.936011
81	176	0.905492
81	178	0.982908
81	179	0.928483
82	7	0.943695
82	11	1.06246
82	14	1.04945
82	29	1.03383
82	32	1.03358
82	49	0.972077
82	52	0.98893
82	58	1.05494
82	76	0.995114
82	78	0.966046
82	84	0.952734
82	89	1.42555
82	94	1.04979
82	100	0.974888
82	103	0.978132
82	117	0.996642
82	118	1.59163
82	136	0.97498
82	151	1.0138
82	170	1.81941
83	1	0.462408
83	56	1.49227
83	77	0.724455
83	121	0.317034
83	140	0.65884
83	153	1.10238
83	157	1.11019
83	158	1.11794
83	165	1.11652
83	167	1.03859
83	168	1.02363
83	169	1.04246
83	170	1.07786
83	172	1.02664
83	173	1.01432
83	174	1.0464
83	175	1.00901
83	176	0.978493
83	177	1.02568
83	179	1.00148
83	180	1.05479
84	11	1.04431
84	14	1.0313
84	25	1.0022
84	29	1.01568
84	32	1.01542
84	49	0.953924
84	52	0.970777
84	54	0.655349
84	58	1.03679
84	69	0.993289
84	76	0.976961
84	78	0.947893
84	82	0.952734
84	100	0.956734
84	103	0.959979
84	117	0.978489
84	136	0.956827
84	143	0.920444
84	151	0.995643
84	160	1.76049
84	163	2.3778
85	24	0.560354
85	80	0.528772
85	92	0.867485
85	122	0.639298
85	123	1.10389
85	140	0.395623
85	143	1.15633
85	149	1.11728
85	155	1.12523
85	159	1.09056
85	164	1.04662
85	166	1.03053
85	168	1.01426
85	169	1.03309
85	171	1.01979
85	172	1.01727
85	173	1.00495
85	174	1.03704
85	175	0.999645
85	176	0.969126
85	177	1.01631
86	9	0.950948
86	19	1.03417
86	28	0.92663
86	33	1.03143
86	40	1.00762
86	46	0.992592
86	81	0.937991
86	87	0.977528
86	93	0.786708
86	94	0.99721
86	96	0.960328
86	97	1.0046
86	112	1.01703
86	116	0.950695
86	122	0.984444
86	128	1.00655
86	131	0.959931
86	134	0.990129
86	140	1.00247
86	160	1.85487
86	164	1.97286
87	9	0.951422
87	34	1.01852
87	40	1.00809
87	54	0.576415
87	86	0.977528
87	88	0.968108
87	96	0.960802
87	97	1.00508
87	99	1.00451
87	103	0.981689
87	112	1.0175
87	116	0.951169
87	120	0.997578
87	122	0.984918
87	131	0.960405
87	132	0.92562
87	134	0.990603
87	140	1.00294
87	144	0.999889
87	152	1.11674
87	176	5.88478
88	2	1.04053
88	15	0.939472
88	30	0.229707
88	33	1.02201
88	34	1.00862
88	40	0.998199
88	46	0.983173
88	87	0.968108
88	96	0.950909
88	99	0.994616
88	112	1.00761
88	120	0.987685
88	122	0.975025
88	128	0.997132
88	131	0.950512
88	134	0.98071
88	137	1.08484
88	140	0.993049
88	144	0.989996
88	164	1.92576
88	167	2.26878
89	23	0.989874
89	50	1.65282
89	65	1.32163
89	82	1.42555
89	149	0.988934
89	155	0.99688
89	156	0.94729
89	157	0.972473
89	159	0.962214
89	160	0.938373
89	161	0.897932
89	165	0.978802
89	166	0.90218
89	167	0.900873
89	170	0.940146
89	171	0.891448
89	172	0.888922
89	173	0.876601
89	174	0.908691
89	176	0.84078
89	177	0.887966
89	179	0.863771
90	16	0.94662
90	17	0.851413
90	31	1.04181
90	37	1.02675
90	44	0.988778
90	47	0.982492
90	60	0.967757
90	61	0.981852
90	70	1.03921
90	79	0.997836
90	81	1.04096
90	91	0.969297
90	95	1.01609
90	101	0.964749
90	106	0.896727
90	117	1.69429
90	118	1.00064
90	147	1.00459
90	155	1.52694
90	156	2.03488
90	162	0.939334
90	178	0.911511
91	16	0.94635
91	17	0.851143
91	31	1.04154
91	37	1.02648
91	44	0.988509
91	47	0.982222
91	59	1.36301
91	60	0.967488
91	61	0.981582
91	70	1.03894
91	79	0.997566
91	81	1.04069
91	90	0.969297
91	95	1.01582
91	106	0.896457
91	118	1.00037
91	147	1.00432
91	151	1.07467
91	155	1.07686
91	162	0.939064
91	166	2.32344
91	178	0.911241
92	13	0.965539
92	67	0.968406
92	71	1.22285
92	80	0.999076
92	85	0.867485
92	102	0.982172
92	107	0.977201
92	109	1.02107
92	110	0.967731
92	121	0.977159
92	127	1.00476
92	129	0.999621
92	130	0.993981
92	135	1.34373
92	136	0.977151
92	138	0.972692
92	139	0.965417
92	141	0.99229
92	145	1.0041
92	154	1.8329
92	163	0.909692
92	180	0.913218
93	7	1.16244
93	86	0.786708
93	99	0.480657
93	109	1.05289
93	116	1.28745
93	124	0.998842
93	127	1.03657
93	130	1.02579
93	138	1.0045
93	139	0.99723
93	141	1.0241
93	145	1.03591
93	158	1.00819
93	164	0.946227
93	168	0.913875
93	171	0.919406
93	172	0.91688
93	173	0.904559
93	175	0.899256
93	177	0.915923
93	178	0.946154
93	179	0.891728
93	180	0.945031
94	28	0.946786
94	32	0.993495
94	69	1.03468
94	82	1.04979
94	86	0.99721
94	114	0.887802
94	119	1.00495
94	120	1.01726
94	122	1.0046
94	129	0.693651
94	131	0.980087
94	134	1.01029
94	140	1.02262
94	144	1.01957
94	150	1.06128
94	157	0.989687
94	171	0.908662
94	172	0.906136
94	174	0.925905
94	175	0.888512
94	176	0.857993
94	179	0.880984
94	180	0.934287
95	16	0.993139
95	17	0.897932
95	31	1.08833
95	37	1.07327
95	44	1.0353
95	47	1.02901
95	60	1.01428
95	61	1.02837
95	70	1.08573
95	79	1.04436
95	81	1.08748
95	90	1.01609
95	91	1.01582
95	106	0.943247
95	118	1.04716
95	133	1.33636
95	143	1.0371
95	147	1.05111
95	151	1.20986
95	159	1.71475
95	162	0.985853
95	178	0.95803
95	180	1.7231
96	15	0.932165
96	34	1.00132
96	42	0.899917
96	46	0.975866
96	86	0.960328
96	87	0.960802
96	88	0.950909
96	97	0.987879
96	99	0.98731
96	103	0.96449
96	108	1.07282
96	112	1.0003
96	116	0.933969
96	119	1.78661
96	120	0.980378
96	122	0.967719
96	128	0.989825
96	131	0.943206
96	134	0.973404
96	140	0.985743
96	144	0.98269
96	155	1.17592
96	177	2.60982
97	1	1.07465
97	19	1.06172
97	22	1.56227
97	27	0.958755
97	28	0.954181
97	40	1.03517
97	42	0.944194
97	51	1.01727
97	86	1.0046
97	87	1.00508
97	96	0.987879
97	99	1.03159
97	106	2.64919
97	116	0.978246
97	120	1.02466
97	122	1.012
97	128	1.0341
97	131	0.987482
97	133	0.599671
97	134	1.01768
97	140	1.03002
97	144	1.02697
97	165	0.568106
97	175	1.80579
98	20	1.05128
98	67	0.990018
98	68	0.990161
98	75	1.21267
98	80	1.02069
98	107	0.998812
98	109	1.04269
98	110	0.989343
98	114	1.04831
98	115	1.02702
98	117	0.974171
98	121	0.998771
98	123	1.55985
98	127	1.02637
98	129	1.02123
98	130	1.01559
98	138	0.994304
98	139	0.987029
98	141	1.0139
98	145	1.02571
98	147	1.02903
98	154	1.01726
98	167	1.93293
98	180	0.93483
99	1	1.07408
99	9	0.97793
99	27	0.958186
99	28	0.953612
99	34	1.04503
99	46	1.01957
99	51	1.0167
99	87	1.00451
99	88	0.994616
99	93	0.480657
99	96	0.98731
99	97	1.03159
99	112	1.04401
99	113	1.03458
99	116	0.977677
99	122	1.01143
99	128	1.03353
99	131	0.986913
99	134	1.01711
99	140	1.02945
99	144	1.0264
99	169	2.0043
99	174	1.85909
99	180	1.39478
100	7	0.947696
100	11	1.06646
100	14	1.05345
100	25	1.02436
100	29	1.03783
100	32	1.03758
100	48	0.979982
100	49	0.976077
100	52	0.992931
100	58	1.05894
100	62	0.917775
100	69	1.01544
100	76	0.999115
100	78	0.970047
100	82	0.974888
100	84	0.956734
100	103	0.982133
100	117	1.00064
100	136	0.978981
100	148	1.6165
100	151	1.0178
100	159	0.969175
100	161	2.20756
100	170	0.998002
100	177	1.90037
101	52	0.980138
101	60	0.641494
101	90	0.964749
101	116	1.12832
101	133	1.10058
101	134	0.404031
101	137	1.08391
101	154	1.02501
101	160	1.02041
101	161	0.979969
101	164	1.00031
101	165	1.06084
101	166	0.984217
101	167	0.982911
101	168	0.967955
101	169	0.986779
101	170	1.02218
101	171	0.973485
101	172	0.970959
101	173	0.958639
101	174	0.990728
101	175	0.953336
101	177	0.970003
101	179	0.945808
101	180	0.999111
102	3	0.869124
102	4	1.06109
102	5	1.07277
102	18	0.26943
102	24	1.02443
102	26	0.580242
102	36	0.913001
102	55	0.98251
102	56	0.981314
102	57	0.969973
102	64	1.06452
102	66	1.03641
102	92	0.982172
102	105	0.989558
102	114	1.03365
102	129	1.00657
102	130	1.00093
102	138	0.979637
102	139	0.972362
102	141	0.999234
102	145	1.01104
102	157	1.70201
102	159	1.70956
102	163	0.916636
102	167	2.33296
102	180	0.920163
103	7	0.95094
103	29	1.04108
103	32	1.04082
103	48	0.983226
103	51	0.993881
103	76	1.00236
103	78	0.973291
103	82	0.978132
103	84	0.959979
103	87	0.981689
103	96	0.96449
103	100	0.982133
103	104	0.922414
103	112	1.02119
103	116	0.954857
103	117	1.00389
103	118	1.41381
103	120	1.00127
103	122	0.988606
103	128	1.01071
103	131	0.964093
103	136	0.982225
103	137	1.05222
103	140	1.00663
103	150	1.04083
103	175	3.14393
104	16	1.28906
104	20	0.444679
104	81	1.10192
104	103	0.922414
104	124	0.927115
104	131	0.718736
104	143	1.08226
104	153	1.01893
104	154	0.997242
104	155	1.05115
104	156	1.00156
104	158	1.0345
104	159	1.01649
104	160	0.992644
104	161	0.952203
104	162	1.00029
104	163	0.967818
104	164	0.972541
104	169	0.959013
104	170	0.994418
104	172	0.943193
104	173	0.930873
104	174	0.962962
104	175	0.92557
104	177	0.942237
104	179	0.918042
105	3	0.869565
105	4	1.06153
105	10	0.92639
105	12	1.05597
105	24	1.02487
105	55	0.98295
105	56	0.981755
105	57	0.970414
105	64	1.06496
105	66	1.03685
105	102	0.989558
105	114	1.03409
105	115	1.01279
105	118	0.632632
105	124	0.974414
105	130	1.00137
105	138	0.980077
105	139	0.972803
105	141	0.999675
105	145	1.01148
105	153	0.942029
105	163	0.917077
105	168	2.12235
105	171	1.71919
105	173	2.42083
105	180	0.920604
106	44	0.915939
106	55	2.55081
106	70	0.966374
106	79	0.924996
106	90	0.896727
106	91	0.896457
106	95	0.943247
106	97	2.64919
106	118	0.927797
106	146	0.868685
106	147	0.931746
106	148	0.865609
106	150	0.964545
106	156	0.867765
106	160	0.858848
106	162	0.866494
106	166	0.822655
106	167	0.821348
106	168	0.806392
106	171	0.811923
106	173	0.797076
106	176	0.761254
106	177	0.80844
106	178	0.838671
106	179	0.784245
106	180	0.837548
107	6	1.06675
107	41	1.02827
107	50	0.997989
107	68	0.970522
107	92	0.977201
107	98	0.998812
107	109	1.02305
107	110	0.969704
107	114	1.02867
107	121	0.979132
107	124	0.969002
107	127	1.00673
107	129	1.00159
107	130	0.995954
107	136	0.979124
107	138	0.974665
107	139	0.96739
107	141	0.994263
107	142	0.941362
107	145	1.00607
107	154	0.926384
107	158	0.924231
107	159	1.21865
107	173	2.8079
107	178	1.85845
107	180	0.915191
108	58	0.575769
108	96	1.07282
108	127	0.802522
108	134	0.863127
108	135	1.07506
108	145	0.585143
108	152	1.02697
108	153	1.02286
108	157	1.03067
108	158	1.03843
108	159	1.02041
108	160	0.996571
108	164	0.976468
108	165	1.037
108	166	0.960378
108	167	0.959072
108	168	0.944116
108	169	0.96294
108	170	0.998345
108	172	0.94712
108	173	0.9348
108	174	0.966889
108	175	0.929497
108	176	0.898978
108	177	0.946164
108	178	0.976394
108	179	0.921969
109	43	1.52289
109	50	1.04186
109	67	1.01425
109	68	1.01439
109	71	0.684345
109	77	1.04083
109	92	1.02107
109	93	1.05289
109	98	1.04269
109	107	1.02305
109	110	1.01358
109	113	1.23481
109	115	1.05125
109	121	1.02301
109	124	1.01287
109	127	1.05061
109	129	1.04547
109	130	1.03983
109	139	1.01126
109	141	1.03814
109	142	0.985235
109	145	1.04994
109	147	1.05326
109	148	0.674009
109	172	0.877087
109	176	5.06144
109	180	0.959064
110	13	0.958043
110	41	1.0188
110	50	0.988519
110	67	0.96091
110	80	0.991579
110	92	0.967731
110	98	0.989343
110	107	0.969704
110	109	1.01358
110	114	1.0192
110	115	0.997908
110	121	0.969663
110	124	0.959532
110	127	0.997265
110	129	0.992124
110	130	0.986485
110	138	0.965195
110	139	0.957921
110	141	0.984793
110	144	1.01057
110	145	0.996599
110	147	0.999919
110	152	1.41269
110	155	1.31241
110	156	1.82034
110	164	2.09549
110	180	0.905722
111	37	1.33776
111	119	0.955629
111	121	1.35495
111	123	0.943435
111	125	0.928632
111	133	0.986439
111	143	0.995878
111	145	1.6594
111	148	0.913027
111	150	1.01196
111	152	0.936666
111	155	0.964772
111	156	0.915182
111	160	0.906266
111	164	0.886162
111	166	0.870072
111	167	0.868766
111	168	0.85381
111	171	0.859341
111	172	0.856815
111	173	0.844494
111	174	0.876584
111	175	0.839191
111	176	0.808672
111	177	0.855858
111	178	0.886089
111	179	0.831663
112	2	1.08992
112	15	0.988864
112	19	1.07414
112	28	0.966603
112	33	1.0714
112	34	1.05802
112	46	1.03256
112	51	1.02969
112	86	1.01703
112	87	1.0175
112	88	1.00761
112	96	1.0003
112	99	1.04401
112	103	1.02119
112	116	0.990668
112	117	0.541141
112	118	0.677549
112	122	1.02442
112	128	1.04652
112	131	0.999904
112	134	1.0301
112	140	1.04244
112	144	1.03939
112	149	0.52243
112	163	1.6562
112	172	2.51132
112	179	2.75488
113	35	1.06232
113	41	0.940929
113	99	1.03458
113	109	1.23481
113	121	0.534643
113	130	0.35752
113	146	1.00506
113	148	1.00198
113	149	1.04578
113	150	1.10091
113	154	0.999816
113	156	1.00413
113	158	1.03707
113	159	1.01906
113	161	0.954777
113	165	1.03565
113	167	0.957718
113	170	0.996992
113	171	0.948293
113	172	0.945767
113	173	0.933446
113	174	0.965536
113	175	0.928144
113	177	0.944811
113	178	0.975041
113	179	0.920616
114	38	0.675357
114	68	1.02002
114	77	1.04646
114	94	0.887802
114	98	1.04831
114	102	1.03365
114	105	1.03409
114	107	1.02867
114	110	1.0192
114	115	1.05688
114	121	1.02863
114	124	1.0185
114	126	1.0382
114	127	1.05624
114	129	1.05109
114	130	1.04546
114	136	1.02862
114	138	1.02417
114	139	1.01689
114	141	1.04376
114	142	0.990863
114	144	0.824048
114	145	1.05557
114	163	0.961166
114	169	2.24647
114	170	1.65742
114	180	0.964692
115	20	1.05984
115	41	1.05648
115	50	1.02619
115	65	1.0956
115	68	0.998727
115	77	1.02516
115	98	1.02702
115	105	1.01279
115	109	1.05125
115	110	0.997908
115	114	1.05688
115	121	1.00734
115	124	0.997206
115	126	0.505978
115	129	1.0298
115	130	1.02416
115	138	1.00287
115	139	0.995595
115	141	1.02247
115	142	0.969567
115	145	1.03427
115	151	0.591473
115	162	1.19184
115	163	0.939869
115	169	1.71424
115	171	1.98398
115	173	2.68562
115	180	0.943396
116	1	1.02074
116	2	1.02359
116	9	0.924589
116	19	1.00781
116	27	0.904845
116	33	1.00507
116	34	0.991684
116	42	0.890284
116	46	0.966233
116	51	0.963361
116	53	0.869862
116	86	0.950695
116	87	0.951169
116	93	1.28745
116	96	0.933969
116	97	0.978246
116	99	0.977677
116	101	1.12832
116	103	0.954857
116	112	0.990668
116	120	0.970745
116	122	0.958086
116	126	1.60283
116	128	0.980192
116	131	0.933573
116	134	0.963771
116	140	0.97611
116	144	0.973057
116	152	1.7908
117	7	0.96945
117	25	1.04611
117	52	1.01468
117	58	1.0807
117	62	0.93953
117	68	0.829994
117	76	1.02087
117	82	0.996642
117	84	0.978489
117	90	1.69429
117	98	0.974171
117	100	1.00064
117	103	1.00389
117	112	0.541141
117	126	1.06181
117	136	1.00074
117	140	1.31795
117	151	1.03955
117	156	0.967019
117	163	0.933276
117	164	0.937999
117	167	0.920603
117	168	0.905647
117	169	0.924471
117	173	0.896331
117	175	0.891028
117	176	0.860509
117	177	0.907695
117	179	0.8835
118	17	0.882482
118	51	1.48437
118	60	0.998827
118	70	1.07028
118	79	1.02891
118	82	1.59163
118	90	1.00064
118	91	1.00037
118	95	1.04716
118	103	1.41381
118	105	0.632632
118	106	0.927797
118	112	0.677549
118	119	1.01212
118	147	1.03566
118	148	0.969518
118	153	0.989046
118	155	1.02126
118	162	0.970404
118	165	1.00319
118	167	0.925258
118	170	0.964531
118	172	0.913306
118	173	0.900986
118	174	0.933075
118	175	0.895683
118	176	0.865164
118	178	0.94258
118	179	0.888155
119	12	1.24184
119	70	1.10095
119	94	1.00495
119	96	1.78661
119	111	0.955629
119	118	1.01212
119	120	1.09838
119	142	0.948042
119	146	0.953009
119	154	0.947769
119	156	0.952088
119	157	0.977271
119	159	0.967013
119	164	0.923067
119	165	0.9836
119	166	0.906978
119	167	0.905671
119	168	0.890716
119	169	0.90954
119	170	0.944945
119	171	0.896246
119	172	0.89372
119	173	0.881399
119	174	0.913489
119	175	0.876097
119	176	0.845578
119	177	0.892764
119	179	0.868569
119	180	0.921872
120	9	0.970998
120	15	0.968941
120	19	1.05422
120	27	0.951254
120	28	0.946681
120	34	1.03809
120	40	1.02767
120	42	0.936694
120	45	0.799457
120	46	1.01264
120	51	1.00977
120	69	1.03458
120	87	0.997578
120	88	0.987685
120	94	1.01726
120	96	0.980378
120	97	1.02466
120	103	1.00127
120	116	0.970745
120	119	1.09838
120	122	1.00449
120	128	1.0266
120	131	0.979982
120	134	1.01018
120	140	1.02252
120	144	1.01947
120	150	0.873578
120	163	1.77009
120	172	2.62521
120	174	1.46305
121	41	1.02823
121	50	0.997947
121	65	1.06736
121	67	0.970338
121	77	0.996917
121	80	1.00101
121	83	0.317034
121	92	0.977159
121	98	0.998771
121	107	0.979132
121	109	1.02301
121	110	0.969663
121	111	1.35495
121	113	0.534643
121	114	1.02863
121	115	1.00734
121	123	1.13681
121	124	0.96896
121	127	1.00669
121	129	1.00155
121	130	0.995913
121	136	0.979082
121	138	0.974624
121	139	0.967349
121	141	0.994221
121	145	1.00603
121	147	1.00935
121	163	0.911623
121	173	2.47574
121	175	2.41766
121	180	0.91515
122	1	1.05449
122	15	0.956282
122	19	1.04156
122	27	0.938595
122	28	0.934021
122	33	1.03882
122	42	0.924034
122	46	0.999983
122	51	0.99711
122	61	1.23132
122	85	0.639298
122	86	0.984444
122	87	0.984918
122	88	0.975025
122	94	1.0046
122	96	0.967719
122	97	1.012
122	99	1.01143
122	103	0.988606
122	112	1.02442
122	116	0.958086
122	120	1.00449
122	128	1.01394
122	131	0.967322
122	133	1.51859
122	134	0.99752
122	140	1.00986
122	143	1.21933
122	144	1.00681
122	152	1.49456
122	153	2.00743
123	2	1.67145
123	38	1.0746
123	54	1.04525
123	58	1.43189
123	85	1.10389
123	98	1.55985
123	111	0.943435
123	121	1.13681
123	146	0.940815
123	148	0.937738
123	152	0.961378
123	157	0.965077
123	160	0.930977
123	161	0.890536
123	164	0.910874
123	165	0.971406
123	166	0.894784
123	167	0.893478
123	168	0.878522
123	169	0.897346
123	170	0.932751
123	171	0.884052
123	172	0.881526
123	173	0.869206
123	174	0.901295
123	175	0.863903
123	176	0.833384
123	178	0.9108
123	179	0.856375
124	6	1.05658
124	13	0.957341
124	30	0.201794
124	41	1.0181
124	65	1.05722
124	68	0.96035
124	71	0.715154
124	75	1.5206
124	77	0.986786
124	80	0.990877
124	93	0.998842
124	104	0.927115
124	105	0.974414
124	107	0.969002
124	109	1.01287
124	110	0.959532
124	114	1.0185
124	115	0.997206
124	121	0.96896
124	127	0.996563
124	129	0.991422
124	130	0.985782
124	136	0.968952
124	138	0.964493
124	139	0.957219
124	141	0.984091
124	145	0.995897
124	147	0.999217
124	151	1.11257
124	163	0.901493
124	168	2.90823
124	180	0.905019
125	12	1.06108
125	29	1.58312
125	111	0.928632
125	133	0.996347
125	135	0.994663
125	137	0.979679
125	139	1.33326
125	146	0.926012
125	147	1.23879
125	148	0.922935
125	149	0.966735
125	150	1.02187
125	152	0.946574
125	153	0.942463
125	154	0.920772
125	155	0.974681
125	157	0.950274
125	159	0.940016
125	160	0.916174
125	163	0.891348
125	166	0.879981
125	167	0.878674
125	168	0.863719
125	169	0.882543
125	170	0.917948
125	171	0.869249
125	173	0.854403
125	174	0.886492
125	176	0.818581
125	177	0.865767
125	179	0.841572
126	11	0.581879
126	62	0.978948
126	75	1.01549
126	78	1.08685
126	114	1.0382
126	115	0.505978
126	116	1.60283
126	117	1.06181
126	135	1.07601
126	141	1.11279
126	142	1.00239
126	152	1.02792
126	153	1.02381
126	154	1.00212
126	155	1.05603
126	158	1.03938
126	159	1.02136
126	161	0.957079
126	166	0.961327
126	167	0.960021
126	168	0.945065
126	169	0.963889
126	170	0.999294
126	171	0.950595
126	172	0.948069
126	173	0.935749
126	174	0.967838
126	175	0.930446
126	176	0.899927
126	177	0.947113
126	179	0.922918
126	180	0.976221
127	20	1.0592
127	38	0.455087
127	41	1.05583
127	50	1.02555
127	68	0.998083
127	77	1.02452
127	80	1.02861
127	92	1.00476
127	93	1.03657
127	98	1.02637
127	107	1.00673
127	108	0.802522
127	109	1.05061
127	110	0.997265
127	114	1.05624
127	121	1.00669
127	124	0.996563
127	129	1.02915
127	130	1.02352
127	133	1.02994
127	136	1.00668
127	138	1.00223
127	139	0.994951
127	141	1.02182
127	142	0.968923
127	145	1.03363
127	147	1.03695
127	157	1.40076
127	163	0.939225
127	165	1.12005
127	169	2.02619
127	171	2.29593
127	180	0.942752
128	1	1.07659
128	2	1.07945
128	9	0.980445
128	15	0.978388
128	19	1.06366
128	27	0.960701
128	28	0.956128
128	33	1.06093
128	42	0.94614
128	46	1.02209
128	51	1.01922
128	69	1.04402
128	81	0.311841
128	86	1.00655
128	88	0.997132
128	96	0.989825
128	97	1.0341
128	99	1.03353
128	103	1.01071
128	112	1.04652
128	116	0.980192
128	120	1.0266
128	122	1.01394
128	131	0.989429
128	134	1.01963
128	140	1.03197
128	144	1.02891
128	150	0.494395
128	157	1.05877
128	169	1.6842
128	170	1.09515
128	171	1.95394
128	179	2.9447
129	6	1.08917
129	13	0.989932
129	20	1.05406
129	26	0.30512
129	65	1.08982
129	67	0.992799
129	77	1.01938
129	80	1.02347
129	92	0.999621
129	94	0.693651
129	98	1.02123
129	102	1.00657
129	107	1.00159
129	109	1.04547
129	110	0.992124
129	114	1.05109
129	115	1.0298
129	121	1.00155
129	124	0.991422
129	127	1.02915
129	130	1.01837
129	138	0.997085
129	139	0.98981
129	141	1.01668
129	144	0.629898
129	145	1.02849
129	147	1.03181
129	158	1.14002
129	162	1.52992
129	163	0.934085
129	172	3.06926
129	174	1.9071
129	180	0.937611
130	6	1.08353
130	13	0.984293
130	20	1.04842
130	21	0.659129
130	67	0.98716
130	68	0.987303
130	77	1.01374
130	80	1.01783
130	92	0.993981
130	93	1.02579
130	98	1.01559
130	102	1.00093
130	105	1.00137
130	107	0.995954
130	109	1.03983
130	110	0.986485
130	113	0.35752
130	114	1.04546
130	115	1.02416
130	121	0.995913
130	124	0.985782
130	127	1.02352
130	129	1.01837
130	138	0.991446
130	141	1.01104
130	145	1.02285
130	147	1.02617
130	153	0.819816
130	163	0.928445
130	174	1.18203
130	175	2.24053
130	177	1.64056
130	179	2.58774
130	180	0.931972
131	1	1.02997
131	2	1.03283
131	9	0.933825
131	15	0.931769
131	19	1.01705
131	27	0.914082
131	28	0.909508
131	33	1.01431
131	34	1.00092
131	42	0.899521
131	51	0.972597
131	69	0.997403
131	72	0.91681
131	86	0.959931
131	87	0.960405
131	88	0.950512
131	94	0.980087
131	96	0.943206
131	97	0.987482
131	99	0.986913
131	103	0.964093
131	104	0.718736
131	112	0.999904
131	116	0.933573
131	120	0.979982
131	122	0.967322
131	128	0.989429
131	134	0.973007
131	140	0.985346
131	144	0.982293
131	146	1.50448
131	155	0.906385
131	179	3.28746
131	180	1.41744
132	5	0.719225
132	15	1.73895
132	46	0.674786
132	50	1.48641
132	74	1.04873
132	80	1.25501
132	87	0.92562
132	133	1.05778
132	137	1.04111
132	146	0.987446
132	148	0.98437
132	149	1.02817
132	150	1.08331
132	152	1.00801
132	153	1.0039
132	156	0.986525
132	159	1.00145
132	161	0.937168
132	162	0.985255
132	163	0.952782
132	165	1.01804
132	166	0.941416
132	167	0.940109
132	168	0.925153
132	169	0.943978
132	171	0.930684
132	172	0.928158
132	173	0.915837
132	174	0.947927
132	175	0.910534
132	176	0.880015
132	177	0.927201
132	179	0.903006
132	180	0.956309
133	6	1.34117
133	23	1.02548
133	57	0.974261
133	95	1.33636
133	97	0.599671
133	101	1.10058
133	111	0.986439
133	122	1.51859
133	125	0.996347
133	127	1.02994
133	132	1.05778
133	146	0.983819
133	148	0.980742
133	149	1.02454
133	150	1.07968
133	152	1.00438
133	154	0.978579
133	156	0.982898
133	159	0.997823
133	161	0.93354
133	163	0.949155
133	164	0.953878
133	165	1.01441
133	167	0.936482
133	168	0.921526
133	169	0.94035
133	171	0.927056
133	172	0.92453
133	173	0.91221
133	175	0.906907
133	176	0.876388
133	177	0.923574
133	178	0.953804
133	179	0.899379
134	1	1.06017
134	2	1.06303
134	9	0.964024
134	15	0.961967
134	27	0.94428
134	28	0.939706
134	33	1.04451
134	34	1.03112
134	40	1.02069
134	42	0.929719
134	46	1.00567
134	51	1.0028
134	63	0.873447
134	69	1.0276
134	86	0.990129
134	87	0.990603
134	88	0.98071
134	94	1.01029
134	96	0.973404
134	97	1.01768
134	99	1.01711
134	101	0.404031
134	108	0.863127
134	112	1.0301
134	116	0.963771
134	120	1.01018
134	122	0.99752
134	128	1.01963
134	131	0.973007
