1	12	0.65781
1	23	0.623157
1	24	1.43602
1	28	0.680895
1	49	0.663795
1	80	0.669481
1	82	0.657036
1	138	2.37593
1	158	0.669617
1	166	0.552997
1	167	0.622942
1	173	4.6034
2	13	0.754237
2	18	0.82596
2	21	0.835484
2	35	0.816796
2	36	0.814658
2	50	0.791179
2	81	2.0901
2	131	0.829227
2	132	2.10415
2	136	3.0558
2	145	0.776166
2	167	0.784114
3	19	0.832634
3	129	0.808929
3	130	0.78357
3	134	0.795392
3	135	0.795196
3	141	0.805067
3	142	0.805069
3	143	1.31732
3	146	0.813811
3	160	0.760595
3	164	3.61189
3	169	3.05599
4	69	0.700367
4	95	0.703655
4	112	0.757331
4	129	0.730358
4	130	0.704998
4	133	0.716734
4	134	0.71682
4	135	0.716624
4	142	0.726497
4	146	0.73524
4	167	2.75076
4	173	4.18979
5	26	0.775558
5	29	0.753225
5	33	3.81046
5	38	0.736073
5	42	0.741184
5	66	0.762758
5	91	0.709748
5	94	0.709461
5	122	0.732741
5	153	3.46983
5	166	0.634306
5	175	0.658494
6	10	0.811101
6	38	0.839666
6	52	0.814384
6	91	0.813341
6	94	0.813054
6	122	0.836334
6	125	0.785344
6	136	1.71267
6	150	2.66057
6	166	0.737899
6	175	0.762088
6	178	4.85162
7	43	0.807581
7	83	0.904148
7	85	0.800097
7	88	0.834755
7	107	3.78407
7	111	0.798662
7	114	2.04102
7	124	0.801458
7	150	0.769853
7	155	2.12117
7	165	0.748195
7	170	0.742255
8	57	0.715977
8	69	0.697588
8	75	0.726238
8	92	0.75963
8	100	3.54326
8	106	3.33853
8	133	0.713955
8	134	0.714042
8	135	0.713846
8	141	0.723717
8	142	0.723718
8	146	0.732461
9	53	0.728327
9	54	0.71386
9	77	0.729933
9	102	0.736511
9	108	0.720449
9	114	2.29993
9	115	0.749198
9	119	0.706378
9	121	0.736906
9	126	0.742415
9	163	4.58586
9	175	0.654739
10	6	0.811101
10	29	0.753203
10	38	0.736052
10	66	0.762737
10	91	0.709727
10	94	0.70944
10	120	3.11216
10	125	0.68173
10	131	0.749342
10	165	3.84854
10	166	0.634285
10	175	0.658473
11	13	0.750351
11	18	0.822075
11	21	0.831598
11	36	0.810772
11	50	0.787294
11	110	0.84438
11	131	0.825341
11	145	0.77228
11	155	1.50105
11	160	3.24063
11	165	3.22062
11	167	0.780228
12	1	0.65781
12	23	0.736054
12	24	0.627342
12	80	0.782378
12	82	0.769933
12	132	2.37311
12	140	4.29995
12	145	0.727891
12	150	0.724872
12	158	0.782514
12	166	0.665895
12	167	0.73584
13	2	0.754237
13	11	0.750351
13	21	0.722465
13	35	0.703777
13	36	0.701639
13	50	0.678161
13	70	2.87022
13	81	3.81546
13	104	0.71978
13	110	0.735246
13	131	0.716208
13	145	0.663147
13	167	0.671095
14	67	0.724326
14	148	0.670735
14	158	3.83779
14	159	0.644506
14	168	0.673197
14	171	0.652116
14	173	0.650878
14	174	0.63993
14	176	0.642849
14	177	0.616014
14	178	0.629683
14	179	0.630849
14	180	0.619146
15	48	0.619616
15	50	0.663305
15	71	0.694644
15	94	3.80013
15	141	0.679613
15	142	0.679614
15	146	0.688357
15	154	0.707853
15	167	0.656239
15	176	0.618735
15	177	0.591899
15	180	0.595031
16	79	0.300704
16	101	0.847802
16	129	0.840565
16	130	0.815206
16	133	0.826941
16	134	0.827028
16	135	0.826832
16	139	9.10539
16	141	0.836704
16	142	0.836705
16	146	0.845448
16	166	5.46717
16	177	7.75414
17	32	0.790419
17	56	1.96462
17	74	0.783138
17	93	2.77997
17	115	0.797823
17	118	0.79509
17	121	0.785531
17	123	0.781318
17	126	0.79104
17	132	0.774693
17	158	0.795795
17	160	3.57671
17	170	0.710556
18	2	0.82596
18	11	0.822075
18	21	0.794189
18	35	0.775501
18	36	0.773362
18	50	0.749884
18	110	0.80697
18	131	0.787931
18	143	2.71519
18	145	0.73487
18	157	2.08379
18	165	3.57667
18	167	0.742819
19	3	0.832634
19	58	0.757067
19	87	0.771294
19	112	0.806121
19	129	0.779148
19	133	0.765524
19	134	0.765611
19	135	0.765415
19	142	0.775287
19	146	0.78403
19	149	3.47068
19	157	1.28231
19	171	3.71178
20	26	0.845184
20	29	0.822851
20	33	1.38954
20	42	0.81081
20	52	0.780417
20	66	0.832384
20	91	0.779374
20	94	0.779087
20	125	0.751377
20	166	0.703932
20	174	3.16154
20	175	0.72812
20	178	4.48898
21	2	0.835484
21	11	0.831598
21	13	0.722465
21	18	0.794189
21	35	0.785025
21	36	0.782886
21	50	0.759408
21	122	1.91876
21	131	0.797455
21	145	0.744394
21	160	3.21265
21	165	3.19265
21	167	0.752342
22	71	1.42259
22	78	0.741798
22	102	0.796092
22	108	0.78003
22	115	0.808779
22	119	0.765959
22	121	0.796487
22	123	0.792274
22	126	0.801996
22	147	2.80267
22	158	0.806751
22	175	0.71432
22	179	4.32826
23	1	0.623157
23	12	0.736054
23	27	0.703024
23	28	0.75914
23	49	0.74204
23	80	0.747725
23	82	0.73528
23	105	1.57249
23	144	6.30164
23	145	0.693238
23	158	0.747861
23	166	0.631242
23	167	0.701187
24	1	1.43602
24	12	0.627342
24	27	0.594312
24	49	0.633328
24	80	0.639013
24	82	0.626568
24	117	1.30393
24	139	6.09461
24	150	0.581507
24	158	0.639149
24	166	1.4441
24	167	0.592475
24	170	1.48877
25	80	1.51409
25	95	1.46684
25	162	0.739673
25	163	0.722946
25	168	0.737941
25	169	0.721162
25	172	0.703062
25	174	0.704673
25	176	0.707593
25	177	0.680757
25	178	0.694427
25	179	0.695592
25	180	0.683889
26	5	0.775558
26	20	0.845184
26	38	0.804102
26	42	0.809213
26	52	0.77882
26	90	0.814898
26	91	0.777777
26	94	0.77749
26	152	1.08549
26	166	0.702334
26	172	3.15045
26	175	0.726523
26	178	4.40239
27	23	0.703024
27	24	0.594312
27	28	0.760763
27	49	0.743663
27	80	0.749348
27	82	0.736903
27	131	0.747922
27	132	3.35661
27	150	0.691842
27	152	3.69987
27	158	0.749484
27	166	0.632864
27	167	0.702809
28	1	0.680895
28	23	0.75914
28	27	0.760763
28	49	0.799778
28	80	0.805464
28	82	0.793019
28	131	0.804038
28	145	0.750977
28	152	1.28947
28	158	0.8056
28	166	0.68898
28	167	0.758925
28	174	3.65331
28	179	4.13763
29	5	0.753225
29	10	0.753203
29	20	0.822851
29	38	0.781768
29	56	1.77359
29	66	0.808453
29	91	0.755443
29	94	0.755156
29	104	0.79863
29	131	0.795059
29	145	2.44042
29	159	4.45714
29	166	0.680001
29	175	0.70419
30	36	1.75196
30	108	2.00928
30	157	0.764561
30	162	0.728407
30	170	0.695266
30	171	0.705593
30	172	0.691796
30	173	0.704355
30	174	0.693407
30	176	0.696326
30	177	0.669491
30	178	0.68316
30	179	0.684326
30	180	0.672623
31	41	0.783196
31	84	0.753757
31	85	0.761814
31	88	0.796472
31	97	0.78593
31	109	0.768897
31	111	0.760379
31	124	0.763175
31	128	1.41755
31	148	4.12288
31	150	0.731569
31	158	0.789211
31	162	3.21258
31	165	0.709912
32	17	0.790419
32	47	0.772492
32	54	0.755635
32	71	2.46579
32	73	0.778371
32	74	0.776288
32	77	0.771708
32	93	2.73178
32	119	0.748153
32	121	0.778681
32	123	0.774468
32	126	0.78419
32	165	3.50851
32	175	0.696514
33	5	3.81046
33	20	1.38954
33	140	0.737535
33	154	0.793414
33	164	0.695142
33	171	0.713563
33	172	0.699766
33	173	0.712324
33	176	0.704296
33	177	0.67746
33	178	0.69113
33	179	0.692295
33	180	0.680593
34	66	4.46776
34	85	0.663572
34	103	0.693844
34	106	0.664674
34	109	0.670655
34	111	0.662136
34	124	0.664932
34	141	0.667668
34	142	0.667669
34	146	0.676412
34	174	0.60387
34	178	0.593624
34	179	0.594789
34	180	0.583086
35	2	0.816796
35	13	0.703777
35	18	0.775501
35	21	0.785025
35	36	0.764198
35	50	0.74072
35	104	0.782339
35	110	0.797806
35	131	0.778767
35	132	1.59702
35	145	0.725706
35	149	4.64798
35	155	2.23292
35	167	0.733654
36	2	0.814658
36	11	0.810772
36	13	0.701639
36	18	0.773362
36	21	0.782886
36	30	1.75196
36	35	0.764198
36	50	0.738581
36	104	0.7802
36	131	0.776628
36	145	0.723567
36	152	1.64635
36	167	0.731516
36	170	4.36794
37	95	0.753076
37	99	0.786927
37	129	0.779779
37	130	0.754419
37	133	0.766155
37	134	0.766241
37	141	0.775917
37	142	0.775918
37	146	0.784661
37	160	0.731445
37	165	0.719919
37	167	1.91191
37	173	2.38922
37	177	5.61819
38	5	0.736073
38	6	0.839666
38	10	0.736052
38	26	0.804102
38	29	0.781768
38	42	0.769728
38	52	0.739335
38	66	0.791301
38	91	0.738292
38	94	0.738005
38	114	1.49709
38	166	0.662849
38	168	3.13288
38	174	4.67543
38	175	0.687038
39	41	2.05311
39	88	0.715425
39	112	0.0088446
39	153	0.796951
39	157	0.805659
39	162	0.769505
39	164	0.728271
39	168	0.767773
39	170	0.736364
39	171	0.746692
39	174	0.734505
39	176	0.737425
39	178	0.724259
39	179	0.725424
39	180	0.713721
40	68	1.21554
40	111	2.8124
40	125	0.70764
40	164	0.683482
40	168	0.722984
40	169	0.706205
40	171	0.701903
40	172	0.688105
40	173	0.700664
40	174	0.689716
40	176	0.692636
40	177	0.6658
40	178	0.67947
40	179	0.680635
40	180	0.668932
41	31	0.783196
41	39	2.05311
41	46	0.771048
41	55	0.761048
41	61	0.751356
41	63	0.74924
41	97	0.785024
41	109	0.767992
41	111	0.759473
41	124	0.762269
41	140	3.83542
41	154	2.13546
41	160	0.720533
41	165	0.709006
41	170	0.703066
42	5	0.741184
42	20	0.81081
42	26	0.809213
42	38	0.769728
42	52	0.744446
42	66	0.796412
42	91	0.743403
42	94	0.743116
42	125	0.715405
42	131	0.783018
42	155	2.14478
42	166	0.66796
42	167	3.1603
42	168	3.70043
42	175	0.692149
43	7	0.807581
43	46	0.75715
43	61	0.737458
43	68	0.778088
43	84	0.738954
43	88	0.781669
43	93	3.28826
43	105	1.70129
43	109	0.754094
43	111	0.745575
43	124	0.748372
43	158	0.774408
43	160	0.706635
43	165	0.695109
43	168	3.90107
44	64	0.726026
44	73	0.761141
44	74	0.759058
44	102	0.761056
44	108	0.744994
44	115	0.773743
44	118	0.77101
44	120	3.73459
44	121	0.761451
44	123	0.757237
44	126	0.76696
44	132	0.750613
44	154	2.34239
44	157	2.9781
44	170	0.686476
45	110	2.04384
45	112	1.67658
45	117	0.73526
45	151	0.725599
45	153	0.736087
45	156	0.680931
45	157	0.744796
45	163	0.691914
45	169	0.69013
45	171	0.685828
45	174	0.673641
45	177	0.649725
45	178	0.663395
45	179	0.66456
45	180	0.652858
46	41	0.771048
46	43	0.75715
46	55	0.749805
46	65	2.70814
46	68	0.780743
46	84	0.74161
46	88	0.784324
46	103	3.04509
46	109	0.756749
46	111	0.748231
46	124	0.751027
46	132	2.84621
46	158	0.777064
46	160	0.709291
46	170	0.691824
47	32	0.772492
47	54	0.744558
47	73	0.767294
47	77	0.760631
47	118	0.777163
47	119	0.737076
47	121	0.767604
47	123	0.763391
47	126	0.773113
47	127	1.18367
47	132	0.756766
47	156	3.40873
47	170	0.692629
47	175	0.685437
47	178	4.84427
48	15	0.619616
48	115	5.13986
48	120	0.684951
48	138	0.730762
48	144	0.613277
48	149	0.642353
48	154	0.715963
48	163	0.642198
48	171	0.636112
48	172	0.622314
48	173	0.634873
48	176	0.626845
48	177	0.600009
48	178	0.613679
48	179	0.614844
48	180	0.603141
49	1	0.663795
49	23	0.74204
49	24	0.633328
49	27	0.743663
49	28	0.799778
49	80	0.788364
49	82	0.775919
49	98	2.09736
49	100	0.730602
49	117	3.69502
49	131	0.786938
49	143	3.67285
49	145	0.733877
49	158	0.7885
49	166	0.67188
49	167	0.741825
50	2	0.791179
50	11	0.787294
50	13	0.678161
50	15	0.663305
50	18	0.749884
50	21	0.759408
50	35	0.74072
50	36	0.738581
50	104	0.756722
50	110	0.772189
50	127	2.11371
50	131	0.75315
50	145	0.700089
50	157	2.60256
50	167	0.708038
50	170	4.80481
51	74	1.52188
51	92	0.747708
51	144	0.716538
51	145	0.759662
51	146	0.743143
51	153	0.789632
51	155	0.794812
51	159	0.731763
51	162	0.762186
51	172	0.725575
51	173	0.738134
51	176	0.730106
51	177	0.70327
51	178	0.71694
51	179	0.718105
51	180	0.706402
52	6	0.814384
52	20	0.780417
52	26	0.77882
52	38	0.739335
52	42	0.744446
52	66	0.76602
52	89	2.47346
52	90	0.750131
52	91	0.71301
52	94	0.712723
52	100	2.70946
52	104	0.756197
52	122	0.736003
52	166	0.637567
52	170	4.31188
52	175	0.661756
53	9	0.728327
53	54	0.742169
53	64	0.72979
53	76	2.57608
53	77	0.758241
53	108	0.748757
53	114	3.27774
53	115	0.777506
53	119	0.734686
53	125	0.706304
53	126	0.770724
53	132	0.754376
53	155	3.35788
53	158	0.775479
53	170	0.690239
53	175	0.683048
54	9	0.71386
54	32	0.755635
54	47	0.744558
54	53	0.742169
54	65	2.21435
54	78	0.696058
54	104	0.763021
54	108	0.73429
54	115	0.763039
54	118	0.760307
54	122	3.434
54	123	0.746534
54	126	0.756256
54	151	3.64223
54	158	0.761011
54	175	0.668581
55	41	0.761048
55	46	0.749805
55	61	0.730113
55	63	0.727997
55	68	0.770743
55	84	0.731609
55	85	0.739665
55	97	0.763781
55	110	0.78454
55	111	0.73823
55	124	0.741026
55	127	1.44441
55	150	0.709421
55	161	2.98859
55	165	0.687764
55	166	5.10312
56	17	1.96462
56	29	1.77359
56	119	2.01597
56	143	0.774288
56	148	0.743141
56	151	0.764293
56	157	0.78349
56	165	0.720135
56	168	0.745604
56	169	0.728825
56	173	0.723284
56	174	0.712336
56	176	0.715255
56	177	0.68842
56	178	0.70209
56	179	0.703255
56	180	0.691552
57	8	0.715977
57	58	0.72176
57	72	0.703721
57	86	2.72685
57	95	0.717138
57	101	0.751077
57	116	0.758486
57	129	0.74384
57	130	0.718481
57	133	0.730216
57	134	0.730303
57	135	0.730107
57	141	0.739979
57	145	4.02222
57	146	0.748723
57	154	2.81889
57	160	0.695507
58	19	0.757067
58	57	0.72176
58	87	0.725509
58	101	0.740598
58	106	2.11679
58	112	0.760335
58	116	0.748008
58	130	0.708003
58	133	0.719738
58	134	0.719825
58	135	0.719629
58	141	0.729501
58	142	0.729502
58	146	0.738244
58	150	3.72958
58	156	4.48509
58	165	0.673502
59	64	2.87177
59	93	0.703556
59	114	0.738523
59	116	1.93596
59	122	0.721534
59	138	0.759455
59	140	0.688777
59	148	0.683424
59	149	0.671046
59	155	0.720245
59	164	0.646385
59	173	0.663567
59	176	0.655539
59	177	0.628703
59	178	0.642373
59	179	0.643538
59	180	0.631835
60	80	0.785206
60	82	0.772761
60	110	1.30351
60	115	0.30287
60	124	1.63974
60	134	0.752365
60	135	0.752169
60	141	0.762041
60	146	0.770785
60	150	0.7277
60	166	0.668722
60	167	0.738668
60	169	0.714732
60	176	0.701163
60	178	0.687997
60	179	0.689162
60	180	0.677459
61	41	0.751356
61	43	0.737458
61	55	0.730113
61	63	0.718305
61	83	0.834024
61	85	0.729974
61	88	0.764632
61	97	0.75409
61	109	0.737057
61	111	0.728539
61	124	0.731335
61	128	2.95828
61	136	3.68067
61	139	0.639923
61	154	2.95591
61	160	0.689598
61	170	0.672132
62	75	0.732054
62	79	0.768183
62	92	0.765447
62	95	0.706693
62	99	0.740544
62	106	2.68164
62	112	0.760369
62	130	0.708036
62	133	0.719772
62	134	0.719858
62	135	0.719662
62	141	0.729534
62	142	0.729535
62	146	0.738278
62	151	2.71375
62	165	0.673536
62	175	4.71261
63	41	0.74924
63	55	0.727997
63	61	0.718305
63	68	0.758935
63	83	0.831908
63	85	0.727858
63	88	0.762516
63	109	0.734941
63	111	0.726422
63	124	0.729219
63	136	1.54578
63	139	0.637807
63	158	0.755255
63	160	0.687482
63	164	4.3827
63	170	0.670016
63	176	3.88689
64	44	0.726026
64	53	0.72979
64	59	2.87177
64	73	0.738059
64	77	0.731395
64	78	0.683679
64	102	0.737974
64	108	0.721911
64	115	0.75066
64	118	0.747928
64	119	0.70784
64	121	0.738369
64	123	0.734155
64	126	0.743877
64	128	1.51241
64	156	4.90915
64	170	0.663393
64	175	0.656202
65	46	2.70814
65	54	2.21435
65	104	0.834165
65	148	0.751353
65	155	0.788174
65	163	0.73882
65	164	0.714314
65	168	0.753816
65	171	0.732734
65	172	0.718937
65	173	0.731496
65	174	0.720548
65	176	0.723467
65	177	0.696632
65	178	0.710302
65	179	0.711467
65	180	0.699764
66	5	0.762758
66	10	0.762737
66	20	0.832384
66	29	0.808453
66	34	4.46776
66	38	0.791301
66	42	0.796412
66	52	0.76602
66	91	0.764976
66	94	0.76469
66	104	0.808164
66	125	0.736979
66	128	0.970736
66	131	0.804592
66	161	1.94391
66	163	2.86766
66	166	0.689534
66	175	0.713723
67	14	0.724326
67	75	1.53763
67	86	0.793666
67	88	0.98006
67	106	0.765324
67	129	1.49223
67	140	0.740678
67	144	0.693872
67	157	0.775674
67	168	0.737788
67	172	0.702909
67	174	0.70452
67	175	0.699188
67	176	0.70744
67	177	0.680604
67	178	0.694274
67	179	0.695439
67	180	0.683736
68	40	1.21554
68	43	0.778088
68	46	0.780743
68	55	0.770743
68	63	0.758935
68	70	0.815227
68	84	0.762547
68	85	0.770603
68	88	0.805262
68	97	0.794719
68	109	0.777687
68	111	0.769168
68	124	0.771964
68	145	2.17283
68	150	0.740359
68	159	4.18955
68	162	2.76689
68	170	0.712761
69	4	0.700367
69	8	0.697588
69	72	0.685332
69	87	0.717598
69	90	0.740834
69	92	0.757503
69	101	0.732688
69	116	0.740097
69	129	0.725451
69	130	0.700092
69	133	0.711828
69	135	0.711718
69	138	2.23162
69	141	0.72159
69	142	0.721591
69	146	0.730334
69	151	2.65845
69	179	5.58706
70	13	2.87022
70	68	0.815227
70	80	0.811411
70	82	0.798966
70	97	0.808266
70	108	0.601119
70	124	0.785511
70	126	1.05355
70	134	0.236969
70	139	0.694099
70	152	0.808609
70	158	0.811547
70	159	0.729025
70	165	0.732248
70	166	0.694928
70	167	0.764873
70	176	0.727368
70	178	0.714202
70	180	0.703665
71	15	0.694644
71	22	1.42259
71	32	2.46579
71	102	2.78012
71	154	0.790991
71	155	0.766579
71	156	0.706243
71	159	0.70353
71	161	0.742635
71	164	0.692719
71	168	0.732221
71	169	0.715442
71	172	0.697342
71	173	0.709901
71	176	0.701873
71	177	0.675037
71	178	0.688707
71	179	0.689872
71	180	0.678169
72	57	0.703721
72	69	0.685332
72	75	0.713982
72	79	0.75011
72	92	0.747374
72	95	0.688621
72	98	1.47673
72	112	0.742296
72	116	0.729969
72	129	0.715323
72	130	0.689964
72	133	0.701699
72	134	0.701786
72	135	0.70159
72	140	3.48508
72	141	0.711461
72	142	0.711462
72	146	0.720205
72	179	5.77665
73	32	0.778371
73	44	0.761141
73	47	0.767294
73	64	0.738059
73	102	0.773088
73	108	0.757026
73	110	0.801224
73	115	0.785775
73	118	0.783042
73	119	0.742955
73	121	0.773483
73	122	2.25069
73	123	0.76927
73	126	0.778992
73	137	2.5121
73	160	3.54459
73	165	3.52458
73	170	0.698508
73	175	0.691316
74	17	0.783138
74	32	0.776288
74	44	0.759058
74	51	1.52188
74	78	0.716711
74	100	0.723766
74	102	0.771005
74	110	0.799141
74	115	0.783692
74	118	0.780959
74	119	0.740872
74	121	0.7714
74	122	2.24179
74	123	0.767186
74	139	0.664216
74	147	3.85304
74	158	0.781664
74	160	3.53569
74	170	0.696424
74	175	0.689233
75	8	0.726238
75	62	0.732054
75	67	1.53763
75	72	0.713982
75	92	0.786153
75	99	0.76125
75	101	0.761338
75	112	0.781074
75	114	1.68422
75	116	0.768747
75	129	0.754101
75	130	0.728742
75	133	0.740477
75	134	0.740564
75	135	0.740368
75	141	0.75024
75	142	0.750241
75	146	0.758984
75	147	3.82129
75	170	4.1933
76	53	2.57608
76	82	2.02465
76	85	1.02815
76	106	0.755689
76	139	0.664536
76	140	0.731044
76	144	0.684237
76	149	0.713313
76	152	0.779046
76	157	0.76604
76	162	0.729885
76	163	0.713158
76	171	0.707072
76	172	0.693274
76	173	0.705833
76	174	0.694885
76	176	0.697805
76	178	0.684639
76	180	0.674101
77	9	0.729933
77	32	0.771708
77	47	0.760631
77	53	0.758241
77	64	0.731395
77	78	0.712131
77	102	0.766425
77	110	0.794561
77	115	0.779112
77	118	0.776379
77	119	0.736292
77	123	0.762606
77	126	0.772329
77	152	1.71274
77	154	1.59638
77	158	0.777084
77	163	4.21117
77	170	0.691844
77	175	0.684653
77	176	4.66224
78	22	0.741798
78	54	0.696058
78	64	0.683679
78	74	0.716711
78	77	0.712131
78	102	0.718709
78	104	0.731378
78	108	0.702647
78	110	0.746845
78	115	0.731396
78	118	0.728663
78	119	0.688576
78	121	0.719104
78	123	0.714891
78	126	0.724613
78	139	0.61192
78	147	4.04414
78	155	1.9872
78	172	5.1609
78	175	0.636937
79	16	0.300704
79	62	0.768183
79	72	0.75011
79	87	0.782376
79	99	0.797378
79	101	0.797466
79	112	0.817203
79	116	0.804875
79	127	2.10512
79	129	0.790229
79	130	0.76487
79	133	0.776606
79	141	0.786368
79	142	0.786369
79	146	0.795112
79	151	3.02118
79	152	2.07463
79	160	0.741896
79	165	0.730369
79	175	5.02003
80	1	0.669481
80	12	0.782378
80	23	0.747725
80	24	0.639013
80	25	1.51409
80	27	0.749348
80	28	0.805464
80	49	0.788364
80	60	0.785206
80	70	0.811411
80	82	0.781604
80	100	0.736288
80	145	0.739562
80	150	0.736543
80	154	1.27775
80	158	0.794185
80	166	0.677566
80	167	0.747511
80	171	4.34293
80	173	4.14132
81	2	2.0901
81	13	3.81546
81	93	0.732189
81	107	0.719698
81	129	1.069
81	137	0.740293
81	143	0.743204
81	144	0.670603
81	150	0.710708
81	155	0.748877
81	157	0.752406
81	162	0.716252
81	164	0.675017
81	168	0.714519
81	169	0.69774
81	172	0.67964
81	173	0.692199
81	176	0.684171
81	177	0.657335
81	180	0.660467
82	1	0.657036
82	12	0.769933
82	23	0.73528
82	24	0.626568
82	27	0.736903
82	28	0.793019
82	49	0.775919
82	60	0.772761
82	70	0.798966
82	76	2.02465
82	80	0.781604
82	100	0.723843
82	128	2.39982
82	131	0.780179
82	145	0.727117
82	150	0.724098
82	155	2.80646
82	158	0.78174
82	161	4.08849
82	166	0.665121
82	167	0.735066
83	7	0.904148
83	61	0.834024
83	63	0.831908
83	84	0.83552
83	85	0.843577
83	86	1.55039
83	88	0.878235
83	90	1.41892
83	97	0.867693
83	109	0.85066
83	111	0.842141
83	122	1.75476
83	124	0.844938
83	150	0.813332
83	158	0.870974
83	160	0.803201
83	165	0.791675
83	168	2.00311
83	170	0.785735
83	172	3.62116
83	177	6.13098
84	31	0.753757
84	43	0.738954
84	46	0.74161
84	55	0.731609
84	68	0.762547
84	83	0.83552
84	85	0.73147
84	88	0.766128
84	97	0.755586
84	109	0.738553
84	110	0.776344
84	111	0.730034
84	124	0.732831
84	125	3.64051
84	132	2.1229
84	145	3.55313
84	157	2.9855
84	158	0.758867
84	160	0.691094
84	165	0.679568
84	170	0.673628
85	7	0.800097
85	31	0.761814
85	34	0.663572
85	55	0.739665
85	61	0.729974
85	63	0.727858
85	68	0.770603
85	76	1.02815
85	83	0.843577
85	84	0.73147
85	90	2.78141
85	97	0.763642
85	109	0.74661
85	111	0.738091
85	124	0.740887
85	158	0.766924
85	160	0.699151
85	162	3.19835
85	165	0.687624
85	170	0.681684
85	174	4.90816
86	57	2.72685
86	67	0.793666
86	83	1.55039
86	109	1.35902
86	127	0.815433
86	128	0.820092
86	133	0.605053
86	147	0.736196
86	149	0.727697
86	152	0.793431
86	154	0.801307
86	162	0.74427
86	163	0.727542
86	164	0.703036
86	168	0.742537
86	174	0.70927
86	176	0.712189
86	177	0.685354
86	178	0.699023
86	179	0.700189
86	180	0.688486
87	19	0.771294
87	58	0.725509
87	69	0.717598
87	79	0.782376
87	99	0.754738
87	112	0.774562
87	116	0.762235
87	129	0.747589
87	130	0.72223
87	133	0.733965
87	134	0.734052
87	135	0.733856
87	137	1.51465
87	141	0.743727
87	142	0.743729
87	146	0.752471
87	151	1.46147
87	160	0.699256
87	165	0.687729
87	175	3.46032
87	177	6.49108
88	7	0.834755
88	31	0.796472
88	39	0.715425
88	43	0.781669
88	46	0.784324
88	61	0.764632
88	63	0.762516
88	67	0.98006
88	68	0.805262
88	83	0.878235
88	84	0.766128
88	97	0.7983
88	109	0.781268
88	110	0.819059
88	111	0.772749
88	124	0.775545
88	138	1.43386
88	139	0.684134
88	158	0.801582
88	166	4.60334
88	176	3.86364
89	52	2.47346
89	109	2.4506
89	131	1.70023
89	144	0.67036
89	147	0.707935
89	154	0.773046
89	157	0.752163
89	159	0.685585
89	161	0.724691
89	163	0.699281
89	164	0.674774
89	165	0.688808
89	168	0.714276
89	169	0.697497
89	172	0.679397
89	173	0.691956
89	174	0.681008
89	176	0.683928
89	177	0.657092
89	178	0.670762
89	179	0.671927
89	180	0.660225
90	26	0.814898
90	52	0.750131
90	69	0.740834
90	83	1.41892
90	85	2.78141
90	91	0.749087
90	94	0.748801
90	124	2.17514
90	133	0.757202
90	135	0.757092
90	141	0.766964
90	142	0.766965
90	146	0.775708
90	158	0.97614
90	166	0.673645
90	168	0.736434
90	172	0.701555
90	175	0.697834
90	176	0.706086
90	177	0.67925
90	179	0.694085
90	180	0.682382
91	5	0.709748
91	6	0.813341
91	10	0.709727
91	20	0.779374
91	26	0.777777
91	29	0.755443
91	38	0.738292
91	42	0.743403
91	52	0.71301
91	66	0.764976
91	90	0.749087
91	94	0.71168
91	104	0.755154
91	122	0.73496
91	125	0.683969
91	131	0.751582
91	150	3.64345
91	162	2.79725
91	165	3.12843
91	166	0.636524
91	173	3.86341
91	175	0.660713
92	8	0.75963
92	51	0.747708
92	62	0.765447
92	69	0.757503
92	72	0.747374
92	75	0.786153
92	95	0.760792
92	99	0.794642
92	101	0.79473
92	116	0.80214
92	129	0.787494
92	130	0.762135
92	133	0.77387
92	134	0.773957
92	135	0.773761
92	141	0.783632
92	142	0.783634
92	146	0.792376
92	147	3.07886
92	161	2.30396
92	173	3.47648
92	175	3.6747
93	17	2.77997
93	32	2.73178
93	43	3.28826
93	59	0.703556
93	81	0.732189
93	151	0.723019
93	152	0.755222
93	154	0.763099
93	155	0.738687
93	156	0.678351
93	162	0.706061
93	163	0.689334
93	164	0.664827
93	168	0.704329
93	171	0.683248
93	172	0.66945
93	173	0.682009
93	174	0.671061
93	177	0.647145
93	178	0.660815
93	179	0.66198
93	180	0.650277
94	5	0.709461
94	6	0.813054
94	10	0.70944
94	15	3.80013
94	20	0.779087
94	26	0.77749
94	29	0.755156
94	38	0.738005
94	42	0.743116
94	52	0.712723
94	66	0.76469
94	90	0.748801
94	91	0.71168
94	104	0.754867
94	120	3.07218
94	122	0.734673
94	125	0.683682
94	131	0.751295
94	138	2.31607
94	151	2.7429
94	166	0.636237
94	175	0.660426
95	4	0.703655
95	25	1.46684
95	37	0.753076
95	57	0.717138
95	62	0.706693
95	72	0.688621
95	92	0.760792
95	99	0.735889
95	101	0.735976
95	112	0.755713
95	116	0.743386
95	129	0.72874
95	130	0.703381
95	132	0.727077
95	133	0.715116
95	134	0.715203
95	135	0.715007
95	141	0.724879
95	142	0.72488
95	145	2.43384
95	146	0.733623
95	169	4.23629
95	175	4.29229
96	113	0.647262
96	117	0.674608
96	120	0.674015
96	139	0.58264
96	143	0.674941
96	144	0.602341
96	147	0.639915
96	148	0.643794
96	149	0.631416
96	158	7.83779
96	159	0.617565
96	161	0.656671
96	163	0.631262
96	168	0.646257
96	171	0.625176
96	172	0.611378
96	173	0.623937
96	174	0.612989
96	176	0.615909
96	177	0.589073
96	178	0.602743
96	179	0.603908
96	180	0.592205
97	31	0.78593
97	41	0.785024
97	55	0.763781
97	61	0.75409
97	68	0.794719
97	70	0.808266
97	83	0.867693
97	84	0.755586
97	85	0.763642
97	88	0.7983
97	109	0.770726
97	111	0.762207
97	124	0.765003
97	139	0.673592
97	143	1.08008
97	150	0.733398
97	158	0.79104
97	165	0.71174
97	168	1.77764
97	170	0.7058
97	171	2.87815
97	179	3.8045
97	180	5.31164
98	49	2.09736
98	72	1.47673
98	104	0.890732
98	113	0.780616
98	120	0.807369
98	134	1.11476
98	149	0.76477
98	152	0.830503
98	156	0.753632
98	157	0.817497
98	158	0.203273
98	159	0.750919
98	161	0.790025
98	162	0.781343
98	168	0.77961
98	171	0.758529
98	172	0.744732
98	173	0.75729
98	174	0.746342
98	177	0.722426
98	178	0.736096
98	179	0.737261
98	180	0.725559
99	37	0.786927
99	62	0.740544
99	75	0.76125
99	79	0.797378
99	87	0.754738
99	92	0.794642
99	95	0.735889
99	112	0.789564
99	113	3.32663
99	116	0.777237
99	129	0.762591
99	130	0.737232
99	133	0.748967
99	134	0.749054
99	135	0.748858
99	141	0.758729
99	142	0.758731
99	146	0.767473
99	154	1.49642
99	157	2.13212
99	160	0.714258
99	161	3.18745
99	165	0.702731
99	176	4.56229
100	8	3.54326
100	49	0.730602
100	52	2.70946
100	74	0.723766
100	80	0.736288
100	82	0.723843
100	108	0.709702
100	119	0.695631
100	121	0.72616
100	123	0.721946
100	126	0.731669
100	136	0.713638
100	146	1.84389
100	150	0.678782
100	157	0.720479
100	166	0.619804
100	167	0.689749
100	168	0.682593
100	172	0.647714
100	177	0.625409
100	178	0.639079
100	179	0.640244
100	180	0.628541
101	16	0.847802
101	57	0.751077
101	58	0.740598
101	69	0.732688
101	75	0.761338
101	79	0.797466
101	92	0.79473
101	95	0.735976
101	116	0.777325
101	129	0.762679
101	130	0.737319
101	133	0.749055
101	134	0.749142
101	135	0.748946
101	141	0.758817
101	142	0.758818
101	146	0.767561
101	148	2.97238
101	150	2.90829
101	153	1.65927
101	160	0.714345
101	165	0.702819
101	174	3.7719
101	179	4.25622
102	9	0.736511
102	22	0.796092
102	44	0.761056
102	64	0.737974
102	71	2.78012
102	73	0.773088
102	74	0.771005
102	77	0.766425
102	78	0.718709
102	103	1.66624
102	108	0.756941
102	115	0.78569
102	118	0.782957
102	119	0.74287
102	121	0.773398
102	123	0.769185
102	126	0.778907
102	132	0.76256
102	155	2.10327
102	158	0.783662
102	161	3.38529
102	168	3.65892
102	170	0.698423
102	175	0.691231
103	34	0.693844
103	46	3.04509
103	102	1.66624
103	121	2.10825
103	131	0.672681
103	140	0.746255
103	148	0.740902
103	149	0.728525
103	152	0.794258
103	156	0.717387
103	159	0.714674
103	163	0.72837
103	164	0.703863
103	168	0.743365
103	169	0.726586
103	171	0.722284
103	172	0.708486
103	173	0.721045
103	174	0.710097
103	176	0.713017
103	177	0.686181
103	178	0.699851
103	179	0.701016
103	180	0.689313
104	13	0.71978
104	29	0.79863
104	35	0.782339
104	36	0.7802
104	50	0.756722
104	52	0.756197
104	54	0.763021
104	65	0.834165
104	66	0.808164
104	78	0.731378
104	91	0.755154
104	94	0.754867
104	98	0.890732
104	108	0.76961
104	119	0.755539
104	121	0.786067
104	126	0.791576
104	138	1.83521
104	145	0.741708
104	159	4.41918
104	166	0.679711
104	167	0.749657
104	172	4.78183
104	175	0.7039
105	23	1.57249
105	43	1.70129
105	114	0.808425
105	119	1.24435
105	126	2.00461
105	138	0.829358
105	140	0.75868
105	143	0.784474
105	146	0.37324
105	149	0.740949
105	151	0.774479
105	152	0.806682
105	153	0.784967
105	156	0.729811
105	161	0.766203
105	162	0.757522
105	164	0.716287
105	171	0.734708
105	173	0.733469
105	174	0.722521
105	176	0.725441
105	177	0.698605
105	178	0.712275
105	179	0.71344
105	180	0.701737
106	8	3.33853
106	34	0.664674
106	58	2.11679
106	62	2.68164
106	67	0.765324
106	76	0.755689
106	112	1.12201
106	128	0.79175
106	136	0.745241
106	137	0.739969
106	152	0.765089
106	153	0.743373
106	159	0.685504
106	161	0.72461
106	162	0.715928
106	163	0.6992
106	164	0.674694
106	168	0.714195
106	171	0.693114
106	172	0.679317
106	173	0.691875
106	176	0.683847
106	177	0.657012
106	178	0.670681
106	179	0.671847
106	180	0.660144
107	7	3.78407
107	81	0.719698
107	113	0.692844
107	123	1.585
107	136	0.722884
107	146	2.68027
107	147	0.685497
107	154	0.750608
107	155	0.726196
107	156	0.66586
107	160	0.677896
107	161	0.702253
107	162	0.693571
107	163	0.676843
107	164	0.652336
107	166	0.62905
107	168	0.691838
107	169	0.675059
107	172	0.656959
107	173	0.669518
107	174	0.65857
107	176	0.66149
107	177	0.634654
107	178	0.648324
107	179	0.649489
107	180	0.637787
108	9	0.720449
108	22	0.78003
108	30	2.00928
108	44	0.744994
108	53	0.748757
108	54	0.73429
108	64	0.721911
108	70	0.601119
108	73	0.757026
108	78	0.702647
108	100	0.709702
108	102	0.756941
108	104	0.76961
108	110	0.785077
108	113	3.61751
108	115	0.769627
108	118	0.766895
108	119	0.726808
108	121	0.757336
108	123	0.753122
108	126	0.762845
108	154	1.7873
108	158	0.7676
108	164	5.34897
108	170	0.68236
108	175	0.675169
109	31	0.768897
109	34	0.670655
109	41	0.767992
109	43	0.754094
109	46	0.756749
109	61	0.737057
109	63	0.734941
109	68	0.777687
109	83	0.85066
109	84	0.738553
109	85	0.74661
109	86	1.35902
109	88	0.781268
109	89	2.4506
109	97	0.770726
109	111	0.745174
109	124	0.747971
109	139	0.656559
109	150	0.716365
109	153	2.84564
109	158	0.774007
109	160	0.706234
109	163	4.06585
109	165	0.694708
109	167	2.87559
109	170	0.688768
110	11	0.84438
110	13	0.735246
110	18	0.80697
110	35	0.797806
110	45	2.04384
110	50	0.772189
110	55	0.78454
110	60	1.30351
110	73	0.801224
110	74	0.799141
110	77	0.794561
110	78	0.746845
110	84	0.776344
110	88	0.819059
110	108	0.785077
110	118	0.811093
110	124	0.785761
110	125	0.742623
110	145	0.757175
110	149	3.28253
110	159	3.67851
110	161	2.14949
110	162	2.25586
110	165	0.732499
110	167	0.765124
110	170	0.726559
111	7	0.798662
111	31	0.760379
111	34	0.662136
111	40	2.8124
111	41	0.759473
111	43	0.745575
111	46	0.748231
111	55	0.73823
111	61	0.728539
111	63	0.726422
111	68	0.769168
111	83	0.842141
111	84	0.730034
111	85	0.738091
111	88	0.772749
111	97	0.762207
111	109	0.745174
111	124	0.739452
111	137	3.68246
111	139	0.64804
111	150	0.707846
111	152	2.68272
111	154	2.56635
111	157	3.20206
111	160	0.697716
111	165	0.686189
111	170	0.680249
112	4	0.757331
112	19	0.806121
112	39	0.0088446
112	45	1.67658
112	58	0.760335
112	62	0.760369
112	72	0.742296
112	75	0.781074
112	79	0.817203
112	87	0.774562
112	95	0.755713
112	99	0.789564
112	106	1.12201
112	116	0.797062
112	129	0.782416
112	130	0.757056
112	133	0.768792
112	134	0.768878
112	135	0.768682
112	141	0.778554
112	142	0.778555
112	144	5.35034
112	146	0.787298
112	160	0.734082
112	165	0.722556
112	169	3.09697
112	173	2.95476
113	96	0.647262
113	98	0.780616
113	99	3.32663
113	107	0.692844
113	108	3.61751
113	116	2.40443
113	127	0.76056
113	137	0.713438
113	155	0.722023
113	156	0.661686
113	157	0.725551
113	159	0.658973
113	161	0.698079
113	163	0.672669
113	164	0.648163
113	168	0.687665
113	169	0.670886
113	171	0.666583
113	172	0.652786
113	173	0.665345
113	174	0.654397
113	176	0.657316
113	177	0.630481
113	178	0.644151
113	179	0.645316
113	180	0.633613
114	7	2.04102
114	9	2.29993
114	38	1.49709
114	53	3.27774
114	59	0.738523
114	75	1.68422
114	105	0.808425
114	136	0.770341
114	137	0.765069
114	144	0.695379
114	149	0.724455
114	151	0.757985
114	152	0.790189
114	153	0.768473
114	154	0.798065
114	157	0.777182
114	161	0.74971
114	163	0.7243
114	164	0.699794
114	169	0.722516
114	171	0.718214
114	173	0.716976
114	176	0.708947
114	177	0.682112
114	178	0.695781
114	179	0.696947
114	180	0.685244
115	9	0.749198
115	17	0.797823
115	22	0.808779
115	44	0.773743
115	48	5.13986
115	53	0.777506
115	54	0.763039
115	60	0.30287
115	64	0.75066
115	73	0.785775
115	74	0.783692
115	77	0.779112
115	78	0.731396
115	102	0.78569
115	108	0.769627
115	118	0.795644
115	119	0.755557
115	121	0.786085
115	123	0.781871
115	125	0.727174
115	126	0.791594
115	139	0.678901
115	140	1.15777
115	148	2.16551
115	150	2.10142
115	170	0.71111
115	175	0.703918
115	180	4.95648
116	57	0.758486
116	58	0.748008
116	59	1.93596
116	69	0.740097
116	72	0.729969
116	75	0.768747
116	79	0.804875
116	87	0.762235
116	92	0.80214
116	95	0.743386
116	99	0.777237
116	101	0.777325
116	112	0.797062
116	113	2.40443
116	122	0.771344
116	129	0.770088
116	130	0.744729
116	133	0.756465
116	134	0.756551
116	135	0.756355
116	141	0.766227
116	142	0.766228
116	145	1.77756
116	146	0.774971
116	165	0.710229
116	167	1.99875
116	169	3.58
116	176	3.64009
117	24	1.30393
117	45	0.73526
117	49	3.69502
117	96	0.674608
117	131	1.98997
117	133	1.98636
117	143	0.743695
117	144	0.671094
117	147	0.708669
117	151	0.7337
117	153	0.744188
117	154	0.77378
117	156	0.689032
117	159	0.686319
117	161	0.725425
117	162	0.716743
117	163	0.700015
117	164	0.675508
117	168	0.71501
117	171	0.693929
117	172	0.680132
117	173	0.69269
117	174	0.681742
117	176	0.684662
117	177	0.657827
117	178	0.671496
117	179	0.672661
117	180	0.660959
118	17	0.79509
118	44	0.77101
118	47	0.777163
118	54	0.760307
118	64	0.747928
118	73	0.783042
118	74	0.780959
118	77	0.776379
118	78	0.728663
118	102	0.782957
118	108	0.766895
118	110	0.811093
118	115	0.795644
118	119	0.752824
118	121	0.783352
118	123	0.779139
118	125	0.724442
118	126	0.788861
118	138	1.90703
118	139	0.676168
118	153	1.71263
118	158	0.793616
118	163	2.93284
118	169	3.32383
118	170	0.708377
118	173	3.18161
118	175	0.701185
118	180	5.81671
119	9	0.706378
119	22	0.765959
119	32	0.748153
119	47	0.737076
119	53	0.734686
119	56	2.01597
119	64	0.70784
119	73	0.742955
119	74	0.740872
119	77	0.736292
119	78	0.688576
119	100	0.695631
119	102	0.74287
119	104	0.755539
119	105	1.24435
119	108	0.726808
119	115	0.755557
119	118	0.752824
119	121	0.743265
119	123	0.739051
119	126	0.748774
119	132	0.732427
119	158	0.753529
119	160	3.62806
119	167	2.90399
119	170	0.66829
119	175	0.661098
119	176	4.54534
120	10	3.11216
120	44	3.73459
120	48	0.684951
120	94	3.07218
120	96	0.674015
120	98	0.807369
120	136	0.745463
120	137	0.740191
120	140	0.717308
120	149	0.699577
120	151	0.733107
120	155	0.748776
120	156	0.688439
120	157	0.752304
120	158	0.987876
120	159	0.685726
120	164	0.674916
120	166	0.651629
120	169	0.697639
120	171	0.693336
120	172	0.679539
120	173	0.692098
120	174	0.68115
120	176	0.684069
120	177	0.657234
120	178	0.670904
120	179	0.672069
120	180	0.660366
121	9	0.736906
121	17	0.785531
121	22	0.796487
121	32	0.778681
121	44	0.761451
121	47	0.767604
121	64	0.738369
121	73	0.773483
121	74	0.7714
121	78	0.719104
121	100	0.72616
121	102	0.773398
121	103	2.10825
121	104	0.786067
121	108	0.757336
121	115	0.786085
121	118	0.783352
121	119	0.743265
121	123	0.76958
121	125	0.714883
121	126	0.779302
121	127	2.28312
121	139	0.666609
121	152	2.25263
121	153	3.53084
121	155	2.54528
121	158	0.784057
121	168	4.10093
121	175	0.691627
122	5	0.732741
122	6	0.836334
122	21	1.91876
122	52	0.736003
122	54	3.434
122	59	0.721534
122	73	2.25069
122	74	2.24179
122	83	1.75476
122	91	0.73496
122	94	0.734673
122	116	0.771344
122	130	0.731338
122	131	0.774575
122	133	0.743074
122	134	0.743161
122	135	0.742964
122	141	0.752836
122	142	0.752837
122	146	0.76158
122	166	0.659518
122	171	0.701225
122	174	0.689038
122	175	0.683706
122	176	0.691958
122	177	0.665122
122	178	0.678792
122	179	0.679957
122	180	0.668254
123	17	0.781318
123	22	0.792274
123	32	0.774468
123	44	0.757237
123	47	0.763391
123	54	0.746534
123	64	0.734155
123	73	0.76927
123	74	0.767186
123	77	0.762606
123	78	0.714891
123	100	0.721946
123	102	0.769185
123	107	1.585
123	108	0.753122
123	115	0.781871
123	118	0.779139
123	119	0.739051
123	121	0.76958
123	125	0.710669
123	126	0.775089
123	139	0.662396
123	150	2.15668
123	158	0.779844
123	160	1.66167
123	170	0.694604
123	175	0.687413
123	176	2.57895
123	177	5.60561
123	178	4.34773
124	7	0.801458
124	31	0.763175
124	34	0.664932
124	41	0.762269
124	43	0.748372
124	46	0.751027
124	55	0.741026
124	60	1.63974
124	61	0.731335
124	63	0.729219
124	68	0.771964
124	70	0.785511
124	83	0.844938
124	84	0.732831
124	85	0.740887
124	88	0.775545
124	90	2.17514
124	97	0.765003
124	109	0.747971
124	110	0.785761
124	111	0.739452
124	139	0.650837
124	150	0.710643
124	157	1.43039
124	158	0.768285
124	160	0.700512
124	165	0.688985
124	169	3.80046
124	170	0.683045
124	175	3.85646
124	176	3.86055
125	6	0.785344
125	10	0.68173
125	20	0.751377
125	40	0.70764
125	42	0.715405
125	53	0.706304
125	66	0.736979
125	84	3.64051
125	91	0.683969
125	94	0.683682
125	110	0.742623
125	115	0.727174
125	118	0.724442
125	121	0.714883
125	123	0.710669
125	133	1.98781
125	141	1.95251
125	146	1.89907
125	149	0.656475
125	157	0.709202
125	158	0.725147
125	161	0.68173
125	166	0.608527
125	169	0.654537
125	170	0.639907
125	171	0.650234
125	172	0.636437
125	174	0.638048
125	175	0.632716
125	178	0.627802
125	179	0.628967
125	180	0.617264
126	9	0.742415
126	17	0.79104
126	22	0.801996
126	32	0.78419
126	44	0.76696
126	47	0.773113
126	53	0.770724
126	54	0.756256
126	64	0.743877
126	70	1.05355
126	73	0.778992
126	77	0.772329
126	78	0.724613
126	100	0.731669
126	102	0.778907
126	104	0.791576
126	105	2.00461
126	108	0.762845
126	115	0.791594
126	118	0.788861
126	119	0.748774
126	121	0.779302
126	123	0.775089
126	127	2.38658
126	132	0.768464
126	137	3.35583
126	139	0.672118
126	143	3.50683
126	152	2.35609
126	158	0.789566
126	167	3.66425
126	170	0.704327
126	175	0.697135
127	47	1.18367
127	50	2.11371
127	55	1.44441
127	79	2.10512
127	86	0.815433
127	113	0.76056
127	121	2.28312
127	126	2.38658
127	128	0.83711
127	136	0.790601
127	138	0.833124
127	143	0.78824
127	144	0.715639
127	151	0.778245
127	153	0.788733
127	154	0.818325
127	155	0.793913
127	157	0.797442
127	158	0.321167
127	159	0.730864
127	161	0.76997
127	162	0.761288
127	163	0.74456
127	168	0.759555
127	169	0.742776
127	171	0.738474
127	172	0.724676
127	173	0.737235
127	174	0.726287
127	177	0.702371
127	178	0.716041
127	179	0.717206
127	180	0.705503
128	31	1.41755
128	61	2.95828
128	64	1.51241
128	66	0.970736
128	82	2.39982
128	86	0.820092
128	106	0.79175
128	127	0.83711
128	130	0.920527
128	136	0.79526
128	138	0.837783
128	144	0.720298
128	147	0.757873
128	150	0.760403
128	153	0.793392
128	155	0.798572
128	156	0.738236
128	157	0.802101
128	158	0.514033
128	161	0.774629
128	162	0.765947
128	163	0.749219
128	164	0.724712
128	168	0.764214
128	169	0.747435
128	171	0.743133
128	173	0.741894
128	174	0.730946
128	176	0.733866
128	177	0.70703
128	178	0.7207
128	179	0.721865
128	180	0.710163
129	3	0.808929
129	4	0.730358
129	16	0.840565
129	19	0.779148
129	37	0.779779
129	57	0.74384
129	67	1.49223
129	69	0.725451
129	72	0.715323
129	75	0.754101
129	79	0.790229
129	81	1.069
129	87	0.747589
129	92	0.787494
129	95	0.72874
129	99	0.762591
129	101	0.762679
129	112	0.782416
129	116	0.770088
129	130	0.730083
129	132	0.753779
129	133	0.741819
129	134	0.741905
129	135	0.741709
129	138	1.94603
129	141	0.751581
129	142	0.751582
129	146	0.760325
129	156	4.70905
129	157	1.94565
129	160	0.707109
129	164	4.87162
129	165	0.695583
129	167	2.73446
130	3	0.78357
130	4	0.704998
130	16	0.815206
130	37	0.754419
130	57	0.718481
130	58	0.708003
130	62	0.708036
130	69	0.700092
130	72	0.689964
130	75	0.728742
130	79	0.76487
130	87	0.72223
130	92	0.762135
130	95	0.703381
130	99	0.737232
130	101	0.737319
130	112	0.757056
130	116	0.744729
130	122	0.731338
130	128	0.920527
130	129	0.730083
130	133	0.716459
130	134	0.716546
130	135	0.71635
130	138	1.55424
130	141	0.726222
130	142	0.726223
130	146	0.734966
130	160	0.68175
130	162	2.71556
130	165	0.670223
130	166	4.72372
130	174	4.42536
130	179	4.90968
131	2	0.829227
131	10	0.749342
131	11	0.825341
131	13	0.716208
131	18	0.787931
131	21	0.797455
131	27	0.747922
131	28	0.804038
131	29	0.795059
131	35	0.778767
131	36	0.776628
131	42	0.783018
131	49	0.786938
131	50	0.75315
131	66	0.804592
131	82	0.780179
131	89	1.70023
131	91	0.751582
131	94	0.751295
131	103	0.672681
131	117	1.98997
131	122	0.774575
131	145	0.738136
131	148	3.40839
131	150	0.735117
131	153	2.09527
131	158	0.792759
131	166	0.67614
131	167	0.746085
131	169	3.70647
131	171	3.76587
131	175	0.700329
132	2	2.10415
132	12	2.37311
132	17	0.774693
132	27	3.35661
132	35	1.59702
132	44	0.750613
132	46	2.84621
132	47	0.756766
132	53	0.754376
132	84	2.1229
132	95	0.727077
132	102	0.76256
132	119	0.732427
132	126	0.768464
132	129	0.753779
132	133	0.740156
132	134	0.740242
132	135	0.740046
132	139	0.655771
132	140	0.722278
132	141	0.749918
132	142	0.749919
132	146	0.758662
132	156	0.69341
132	159	0.690696
132	160	0.705446
