1	69	0.866814
1	79	1.0626
1	99	1.07417
1	117	0.7575
1	127	1.06791
1	167	0.771506
1	168	1.04971
1	174	1.07152
1	175	1.06545
1	178	1.06207
1	179	1.07481
1	180	1.07176
2	60	0.815243
2	118	1.04807
2	126	1.07902
2	147	1.07628
2	148	0.839472
2	155	1.0562
2	157	1.05984
2	158	1.09854
2	159	1.06005
2	166	1.05261
2	171	1.06938
2	179	0.743293
3	59	1.2
3	117	1.24577
3	118	1.18937
3	120	1.17485
3	149	1.18426
3	157	1.20115
3	164	0.585593
3	165	0.576448
3	166	1.19392
3	169	0.65374
3	171	1.21068
3	177	0.591442
4	6	1.10259
4	7	1.10259
4	19	1.05191
4	34	1.01024
4	36	1.01024
4	47	1.06959
4	52	1.06959
4	124	1.05474
4	153	0.798291
4	154	0.83019
4	161	0.776802
4	176	1.1285
5	9	1.09826
5	28	1.19826
5	44	1.12058
5	45	1.15131
5	46	1.29826
5	48	1.29826
5	51	1.20058
5	141	0.601037
5	143	0.540232
5	167	1.23449
5	169	0.643322
5	172	0.622474
6	4	1.10259
6	7	1.25327
6	19	1.20259
6	34	1.16092
6	36	1.16092
6	47	1.22027
6	52	1.22027
6	71	0.549696
6	127	0.604158
6	141	0.615976
6	172	0.637412
6	176	1.27918
7	4	1.10259
7	6	1.25327
7	15	0.702918
7	19	1.20259
7	34	1.16092
7	36	1.16092
7	47	1.22027
7	52	1.22027
7	106	0.560516
7	167	0.555736
7	172	0.584861
7	176	1.27918
8	47	1.06589
8	52	1.06589
8	70	1.0894
8	94	1.08642
8	100	1.06024
8	152	0.806193
8	155	1.03011
8	159	1.03396
8	168	0.840623
8	171	1.04329
8	176	1.1248
8	179	0.758064
9	5	1.09826
9	24	1.09826
9	28	1.04137
9	44	0.963688
9	45	0.994411
9	46	1.14137
9	48	1.14137
9	51	1.04369
9	55	0.800387
9	75	0.764498
9	165	0.840855
9	167	1.07759
10	16	0.775736
10	30	0.80703
10	49	1.0907
10	153	1.08371
10	156	0.812932
10	161	1.06238
10	169	1.03957
10	170	1.05331
10	173	1.07443
10	177	1.06228
10	178	1.06196
10	180	1.07166
11	76	1.21958
11	82	1.22761
11	88	1.18466
11	92	1.18088
11	95	1.2291
11	98	0.582393
11	102	1.1521
11	112	1.18911
11	116	1.21696
11	142	0.632056
11	169	0.628461
11	175	0.564105
12	57	1.21768
12	85	1.19565
12	92	1.17357
12	95	1.22179
12	102	1.14479
12	112	1.1818
12	113	1.25506
12	116	1.20966
12	128	0.605766
12	164	0.611943
12	174	0.579116
12	180	0.610089
13	26	1.08107
13	30	1.08695
13	37	1.04104
13	62	1.06352
13	70	1.10211
13	94	1.09913
13	100	1.07295
13	115	1.02579
13	152	0.778898
13	163	1.02742
13	168	0.813328
13	170	0.812802
14	26	1.06648
14	30	1.07235
14	35	1.14258
14	37	1.02644
14	52	0.749233
14	62	1.04893
14	70	1.08752
14	94	1.08453
14	100	1.05835
14	142	0.865078
14	163	1.01283
14	178	0.787737
15	7	0.702918
15	157	0.850649
15	159	0.842722
15	160	1.06761
15	164	1.06666
15	168	1.05458
15	169	1.04455
15	173	1.0794
15	174	1.07639
15	177	1.06726
15	178	1.06693
15	180	1.07663
16	10	0.775736
16	65	0.524233
16	87	1.13201
16	104	0.623093
16	116	0.677783
16	130	1.19509
16	134	1.13513
16	135	1.14622
16	139	1.17969
16	140	1.17746
16	148	1.14127
16	156	1.16954
16	163	1.12359
17	44	0.675774
17	102	0.723267
17	142	1.11632
17	153	1.17891
17	154	1.13488
17	155	0.633233
17	156	0.560345
17	170	1.14851
17	174	1.16661
17	175	1.16054
17	177	1.15748
17	179	1.1699
17	180	1.16685
18	31	0.623794
18	72	0.624691
18	74	1.18114
18	106	1.14604
18	126	0.650052
18	142	1.11683
18	154	1.1354
18	163	0.694526
18	174	1.16713
18	177	1.158
18	178	1.15767
18	179	1.17042
18	180	1.16737
19	4	1.05191
19	6	1.20259
19	7	1.20259
19	34	1.11024
19	36	1.11024
19	47	1.16959
19	52	1.16959
19	91	0.616574
19	124	1.15474
19	164	0.650915
19	165	0.641769
19	172	0.698212
19	176	1.2285
20	75	0.83804
20	120	1.00304
20	125	1.05
20	126	1.04853
20	131	0.884107
20	144	1.02314
20	147	1.04578
20	155	1.02571
20	158	1.06804
20	161	0.883553
20	166	1.02212
20	167	1.07476
20	171	1.03888
21	67	1.10951
21	81	1.03484
21	96	0.851477
21	125	1.03975
21	136	1.0734
21	149	1.00221
21	155	1.01546
21	157	1.0191
21	158	1.05779
21	159	1.01931
21	160	0.885492
21	171	1.02863
21	174	0.868343
22	40	0.667127
22	102	0.741219
22	152	1.1523
22	159	0.611272
22	164	1.1541
22	167	0.572934
22	169	1.13199
22	173	1.16685
22	174	1.16383
22	175	1.15776
22	177	1.1547
22	178	1.15438
22	180	1.16407
23	53	1.17356
23	116	0.677082
23	131	1.16876
23	139	0.616095
23	152	1.15006
23	167	0.624669
23	169	1.12974
23	170	1.14348
23	171	0.675679
23	173	1.1646
23	175	1.15552
23	177	1.15246
23	180	1.16183
24	9	1.09826
24	28	1.19826
24	44	1.12058
24	45	1.15131
24	46	1.29826
24	48	1.29826
24	51	1.20058
24	96	0.553616
24	107	0.607541
24	138	0.646403
24	150	0.599265
24	167	1.23449
25	44	1.07651
25	51	1.15651
25	90	0.568344
25	120	0.724793
25	125	0.659042
25	140	1.17983
25	147	0.641764
25	148	1.14365
25	156	1.17191
25	167	1.19042
25	174	1.16335
25	177	1.15422
25	180	1.16359
26	13	1.08107
26	14	1.06648
26	37	1.15217
26	62	1.17466
26	70	1.21325
26	83	0.689285
26	94	1.21026
26	100	1.18408
26	132	0.620712
26	141	1.17947
26	150	0.622891
26	163	1.13856
26	172	0.674232
27	74	0.637779
27	103	1.17873
27	121	1.12597
27	144	1.14978
27	149	1.1391
27	151	1.1377
27	155	1.15234
27	158	1.19468
27	159	1.1562
27	160	0.684834
27	165	0.691368
27	171	1.16552
27	176	0.593613
28	5	1.19826
28	9	1.04137
28	24	1.19826
28	44	1.06369
28	45	1.09441
28	46	1.24137
28	48	1.24137
28	51	1.14369
28	124	0.645151
28	162	0.633389
28	167	1.17759
28	172	0.69766
28	173	0.630969
29	61	1.15655
29	76	1.15062
29	82	1.15865
29	85	1.134
29	92	1.11193
29	101	1.15233
29	111	1.19451
29	113	1.19341
29	116	1.14801
29	172	0.705125
29	173	0.638435
29	179	0.607144
29	180	0.655974
30	10	0.80703
30	13	1.08695
30	14	1.07235
30	37	1.15805
30	62	1.18054
30	70	1.21913
30	88	1.13244
30	94	1.21614
30	100	1.18996
30	132	0.632268
30	150	0.634447
30	163	1.14444
30	176	0.53159
31	18	0.623794
31	97	1.18487
31	125	1.16795
31	126	1.16647
31	143	0.622235
31	144	1.14108
31	154	0.670577
31	155	1.14365
31	157	1.14729
31	166	1.14006
31	170	0.68853
31	171	1.15683
31	172	1.15179
32	79	1.24407
32	134	0.563904
32	146	1.25375
32	147	0.555617
32	160	1.2442
32	163	0.599776
32	164	1.24325
32	167	0.510893
32	169	1.22114
32	171	0.561903
32	174	1.25298
32	177	1.24385
32	178	1.24353
32	180	1.25322
33	38	1.34748
33	41	1.2133
33	43	1.11303
33	63	1.07502
33	68	1.04909
33	71	0.672399
33	88	1.04253
33	89	1.04752
33	101	1.07916
33	143	0.677873
33	160	0.697139
33	162	1.06825
33	172	0.760115
33	176	1.16461
34	4	1.01024
34	6	1.16092
34	7	1.16092
34	19	1.11024
34	36	1.06857
34	47	1.12792
34	52	1.12792
34	97	1.13337
34	104	0.69957
34	124	1.11307
34	150	0.67963
34	163	0.790729
34	176	1.18683
34	179	0.632991
35	14	1.14258
35	94	1.28637
35	100	1.26019
35	133	0.544075
35	134	1.2262
35	144	0.600131
35	145	1.25625
35	156	1.26061
35	160	0.521374
35	162	1.22838
35	163	1.21466
35	169	0.605199
35	176	1.32475
35	180	0.535198
36	4	1.01024
36	6	1.16092
36	7	1.16092
36	19	1.11024
36	34	1.06857
36	47	1.12792
36	49	0.615099
36	52	1.12792
36	69	0.808615
36	97	1.13337
36	124	1.11307
36	150	0.69109
36	176	1.18683
36	178	0.689535
37	13	1.04104
37	14	1.02644
37	26	1.15217
37	30	1.15805
37	62	1.13462
37	70	1.17321
37	94	1.17023
37	100	1.14404
37	101	0.708952
37	119	1.1017
37	129	0.661488
37	163	1.09852
37	166	0.746918
37	178	0.683236
38	33	1.34748
38	41	1.53664
38	43	1.43637
38	153	0.410219
38	162	1.39158
38	168	0.460595
38	170	0.46007
38	172	0.476018
38	176	1.48795
39	55	0.640735
39	59	0.770162
39	60	1.12861
39	61	1.13587
39	76	1.12994
39	82	1.13796
39	85	1.11332
39	92	1.09124
39	102	1.06245
39	111	1.17382
39	112	1.09947
39	116	1.12732
39	143	0.655404
39	172	0.737646
40	22	0.667127
40	93	1.07138
40	97	1.14642
40	114	1.14841
40	135	1.11242
40	140	1.14366
40	145	1.13138
40	148	1.10747
40	156	1.13574
40	163	1.08979
40	165	0.724077
40	172	1.11334
40	179	0.682539
40	180	0.731368
41	33	1.2133
41	38	1.53664
41	43	1.30219
41	88	1.23169
41	89	1.23668
41	101	1.26832
41	109	0.543475
41	131	0.468516
41	137	0.533128
41	152	0.505398
41	162	1.2574
41	172	0.555249
41	176	1.35377
42	91	0.577549
42	114	1.22868
42	123	1.16148
42	134	1.1816
42	135	1.19269
42	139	1.22616
42	140	1.22393
42	141	0.63775
42	145	1.21165
42	148	1.18774
42	156	1.21601
42	162	0.594916
42	163	1.17006
42	173	0.592496
42	178	0.60629
43	33	1.11303
43	38	1.43637
43	41	1.30219
43	63	1.16391
43	68	1.13798
43	88	1.13142
43	89	1.13641
43	101	1.16805
43	104	0.587085
43	109	0.606712
43	117	0.575356
43	119	0.662677
43	162	1.15713
43	176	1.2535
43	180	0.569335
44	5	1.12058
44	9	0.963688
44	17	0.675774
44	24	1.12058
44	25	1.07651
44	28	1.06369
44	45	1.01673
44	46	1.16369
44	48	1.16369
44	51	1.06601
44	67	1.14492
44	109	0.795345
44	162	0.742849
44	167	1.09991
44	170	0.791172
45	5	1.15131
45	9	0.994411
45	24	1.15131
45	28	1.09441
45	44	1.01673
45	46	1.19441
45	48	1.19441
45	51	1.09673
45	67	1.17564
45	107	0.702359
45	150	0.694083
45	162	0.681154
45	167	1.13064
45	170	0.729477
46	5	1.29826
46	9	1.14137
46	24	1.29826
46	28	1.24137
46	44	1.16369
46	45	1.19441
46	48	1.34137
46	51	1.24369
46	124	0.530992
46	141	0.562065
46	142	0.607945
46	167	1.27759
46	169	0.60435
46	174	0.503376
47	4	1.06959
47	6	1.22027
47	7	1.22027
47	8	1.06589
47	19	1.16959
47	34	1.12792
47	36	1.12792
47	52	1.18726
47	97	1.19271
47	99	0.610662
47	124	1.17242
47	143	0.593434
47	169	0.696525
47	172	0.675676
47	175	0.63217
47	176	1.24617
48	5	1.29826
48	9	1.14137
48	24	1.29826
48	28	1.24137
48	44	1.16369
48	45	1.19441
48	46	1.34137
48	51	1.24369
48	83	0.636032
48	150	0.569638
48	162	0.556708
48	167	1.27759
48	176	0.466781
48	177	0.57953
49	10	1.0907
49	36	0.615099
49	62	0.615774
49	81	1.17637
49	85	0.63017
49	99	1.18162
49	100	0.603657
49	102	0.727279
49	105	1.18342
49	123	1.133
49	145	1.18317
49	148	1.15926
49	159	1.16083
49	171	1.17016
49	179	1.18226
49	180	1.17921
50	53	0.613028
50	70	1.20292
50	77	1.16307
50	94	1.19994
50	100	1.17376
50	108	0.649642
50	125	1.16793
50	132	0.644776
50	134	1.13977
50	148	1.14591
50	156	1.17418
50	159	1.14748
50	163	1.12823
50	171	1.15681
50	177	0.656848
50	178	0.6454
51	5	1.20058
51	9	1.04369
51	24	1.20058
51	25	1.15651
51	28	1.14369
51	44	1.06601
51	45	1.09673
51	46	1.24369
51	48	1.24369
51	67	1.22492
51	71	0.628632
51	91	0.634711
51	167	1.17991
51	172	0.716349
51	176	0.562151
51	180	0.667197
52	4	1.06959
52	6	1.22027
52	7	1.22027
52	8	1.06589
52	14	0.749233
52	19	1.16959
52	34	1.12792
52	36	1.12792
52	47	1.18726
52	97	1.19271
52	124	1.17242
52	169	0.644899
52	170	0.608103
52	172	0.62405
52	175	0.580544
52	176	1.24617
53	23	1.17356
53	50	0.613028
53	70	0.598685
53	79	1.16274
53	97	0.589382
53	99	1.17431
53	115	0.701202
53	132	1.18438
53	154	1.13993
53	161	1.16263
53	163	0.68994
53	169	1.13982
53	170	1.15356
53	178	1.16221
53	179	1.17495
53	180	1.1719
54	69	1.06947
54	79	0.67764
54	87	1.11254
54	91	0.636038
54	107	0.67461
54	123	1.09554
54	127	0.684422
54	130	1.17563
54	134	1.11566
54	135	1.12676
54	139	1.16023
54	140	1.15799
54	144	0.733457
54	145	1.14572
54	148	1.12181
54	156	1.15007
54	167	1.16858
55	9	0.800387
55	39	0.640735
55	88	0.683877
55	91	1.16481
55	109	1.11818
55	112	0.676503
55	129	1.12663
55	158	0.593775
55	161	1.12978
55	169	1.10698
55	173	1.14183
55	174	1.13882
55	175	1.13275
55	177	1.12969
55	178	1.12936
55	179	1.14211
55	180	1.13906
56	72	1.15016
56	80	1.12796
56	93	1.07767
56	114	1.1547
56	124	0.684374
56	130	1.16758
56	131	0.65015
56	134	1.10762
56	135	1.11872
56	139	1.15218
56	140	1.14995
56	145	1.13767
56	148	1.11376
56	150	0.685542
56	156	1.14203
56	175	0.693377
56	177	0.695434
57	12	1.21768
57	60	1.13484
57	76	1.13617
57	81	0.72139
57	82	1.14419
57	85	1.11955
57	92	1.09747
57	95	1.14569
57	102	1.06869
57	111	1.18005
57	112	1.1057
57	116	1.13355
57	119	1.11642
57	154	0.690785
57	164	0.677388
57	169	0.745534
57	176	0.570487
58	69	1.07315
58	71	0.626616
58	93	1.0894
58	110	0.614929
58	114	1.16643
58	123	1.09923
58	130	1.17931
58	135	1.13044
58	139	1.16391
58	140	1.16168
58	141	0.692897
58	145	1.1494
58	148	1.12549
58	156	1.15376
58	163	1.10781
58	169	0.735182
58	171	0.736217
59	3	1.2
59	39	0.770162
59	103	1.14459
59	125	1.14251
59	131	0.661234
59	144	1.11564
59	147	1.13828
59	149	1.10496
59	151	1.10356
59	157	1.12185
59	158	1.16054
59	159	1.12206
59	164	0.70067
59	166	1.11462
59	171	1.13139
59	173	0.681277
59	176	0.593769
60	2	0.815243
60	39	1.12861
60	57	1.13484
60	61	1.13537
60	82	1.13746
60	85	1.11282
60	92	1.09074
60	95	1.13895
60	111	1.17332
60	112	1.09897
60	113	1.17223
60	116	1.12682
60	150	1.14986
60	168	0.673998
60	172	0.68942
60	178	0.636524
60	179	0.59144
61	29	1.15655
61	39	1.13587
61	60	1.13537
61	79	0.698401
61	85	1.12007
61	92	1.09799
61	95	1.14621
61	101	1.1384
61	102	1.06921
61	111	1.18057
61	112	1.10622
61	113	1.17948
61	116	1.13407
61	160	0.67546
61	170	0.722489
61	173	0.671746
61	179	0.640456
62	13	1.06352
62	14	1.04893
62	26	1.17466
62	30	1.18054
62	37	1.13462
62	49	0.615774
62	70	1.1957
62	79	0.703071
62	88	1.10901
62	100	1.16653
62	104	0.711705
62	115	1.11938
62	119	1.12419
62	141	1.16192
62	160	0.680131
62	163	1.12101
62	164	0.69581
63	33	1.07502
63	43	1.16391
63	93	1.08699
63	126	1.14363
63	132	0.69298
63	135	1.12804
63	144	1.11824
63	145	1.147
63	156	1.15135
63	161	0.659213
63	162	1.11912
63	166	1.11722
63	171	1.13398
63	175	0.702994
63	176	1.21549
63	177	0.705052
63	179	0.64852
64	78	0.578033
64	79	0.578013
64	88	0.683385
64	122	1.21146
64	126	1.20404
64	128	0.564574
64	133	0.577774
64	135	0.622255
64	136	1.23916
64	137	1.21867
64	149	1.16797
64	151	1.16657
64	155	1.18122
64	158	1.22355
64	159	1.18507
64	166	1.17763
64	167	1.23027
64	171	1.1944
65	16	0.524233
65	81	0.581894
65	120	0.683818
65	121	0.635461
65	131	1.20772
65	133	1.19578
65	145	0.561008
65	154	1.16882
65	169	1.1687
65	171	0.607075
65	173	1.20356
65	174	1.20055
65	175	1.19448
65	176	1.27325
65	177	1.19142
65	178	1.19109
65	179	1.20384
65	180	1.20079
66	133	1.11063
66	135	0.740009
66	136	0.677903
66	137	0.713682
66	140	0.709549
66	144	0.751585
66	152	1.10386
66	161	1.10635
66	164	1.10566
66	165	1.10231
66	168	1.09358
66	170	1.09729
66	173	1.11841
66	174	1.11539
66	177	1.10626
66	178	1.10594
66	179	1.11868
66	180	1.11563
67	21	1.10951
67	44	1.14492
67	45	1.17564
67	51	1.22492
67	76	1.21729
67	84	0.611644
67	98	0.602608
67	101	1.219
67	102	1.14981
67	111	1.26118
67	155	1.20977
67	160	0.56485
67	165	0.571384
67	166	1.20618
67	167	1.25882
67	169	0.648675
67	170	0.611879
67	171	1.22295
68	33	1.04909
68	43	1.13798
68	76	1.1024
68	88	1.06748
68	92	1.0637
68	111	1.14628
68	118	0.733571
68	145	0.679498
68	149	0.733281
68	151	0.732774
68	159	0.712894
68	162	1.09319
68	165	1.10378
68	170	1.09876
68	173	1.11988
68	175	1.11079
68	176	1.18956
68	180	1.1171
69	1	0.866814
69	36	0.808615
69	54	1.06947
69	58	1.07315
69	72	1.10433
69	99	0.716621
69	123	1.04167
69	124	0.729125
69	130	1.12175
69	134	1.06179
69	135	1.07289
69	139	1.10635
69	140	1.10412
69	145	1.09184
69	148	1.06793
69	156	1.0962
69	167	1.11471
69	172	1.0738
69	179	0.683654
70	8	1.0894
70	13	1.10211
70	14	1.08752
70	26	1.21325
70	30	1.21913
70	37	1.17321
70	50	1.20292
70	53	0.598685
70	62	1.1957
70	75	0.551154
70	94	1.2313
70	100	1.20512
70	115	1.15797
70	119	1.16278
70	132	0.630433
70	142	0.708398
70	163	1.1596
70	164	0.636656
70	172	0.683954
71	6	0.549696
71	33	0.672399
71	51	0.628632
71	58	0.626616
71	87	0.675282
71	95	1.176
71	100	0.643273
71	112	1.13602
71	113	1.20927
71	116	1.16387
71	151	1.14431
71	157	1.1626
71	161	1.17191
71	166	1.15537
71	168	1.15913
71	171	1.17214
71	173	1.18396
71	179	1.18423
71	180	1.18119
72	18	0.624691
72	56	1.15016
72	69	1.10433
72	80	1.17086
72	93	1.12057
72	96	0.608384
72	114	1.1976
72	130	1.21048
72	134	1.15052
72	137	0.683253
72	139	1.19508
72	140	1.19285
72	143	0.623133
72	148	1.15666
72	156	1.18493
72	162	0.641104
72	167	1.20344
72	172	1.16253
72	174	0.625249
73	97	0.728705
73	103	0.750349
73	104	1.09662
73	127	1.09035
73	148	0.767703
73	149	0.799105
73	152	1.08243
73	158	0.744739
73	165	1.08088
73	168	1.07215
73	169	1.06212
73	170	1.07586
73	173	1.09697
73	174	1.09396
73	175	1.08789
73	177	1.08483
73	178	1.0845
73	179	1.09725
73	180	1.0942
74	18	1.18114
74	27	0.637779
74	122	0.598125
74	125	0.638296
74	149	0.63502
74	150	1.17966
74	155	0.654547
74	160	1.16492
74	164	1.16397
74	165	1.16062
74	168	1.15189
74	171	0.627304
74	173	1.17672
74	174	1.1737
74	175	1.16763
74	177	1.16457
74	178	1.16425
74	179	1.17699
74	180	1.17394
75	9	0.764498
75	20	0.83804
75	70	0.551154
75	98	1.14649
75	120	0.681279
75	131	1.15855
75	137	0.560529
75	138	1.11707
75	150	1.15734
75	157	0.599793
75	160	1.14259
75	165	1.1383
75	169	1.11953
75	170	1.13327
75	173	1.15439
75	174	1.15137
75	175	1.14531
75	177	1.14225
75	178	1.14192
75	180	1.15162
76	11	1.21958
76	29	1.15062
76	39	1.12994
76	57	1.13617
76	67	1.21729
76	68	1.1024
76	82	1.13878
76	85	1.11414
76	102	1.06328
76	111	1.17464
76	112	1.10029
76	113	1.17355
76	116	1.12814
76	127	0.68603
76	131	0.63255
76	132	0.665763
76	146	0.642925
76	150	1.15118
76	151	0.748377
76	161	0.631995
77	50	1.16307
77	90	1.17917
77	103	1.16153
77	120	1.11249
77	128	0.677269
77	132	0.677223
77	137	1.1726
77	143	0.648501
77	144	1.13259
77	149	1.1219
77	151	1.1205
77	154	0.696843
77	155	1.13515
77	157	1.13879
77	159	1.139
77	166	1.13156
77	171	1.14833
77	172	1.1433
77	178	0.677847
77	179	0.632762
78	64	0.578033
78	127	1.15047
78	135	0.679641
78	138	1.11977
78	144	0.691216
78	149	0.705036
78	152	1.14254
78	154	1.12234
78	157	0.692577
78	160	1.14529
78	161	1.14504
78	167	0.64631
78	168	1.13226
78	170	1.13597
78	173	1.15709
78	175	1.148
78	177	1.14494
78	178	1.14462
78	179	1.15736
78	180	1.15431
79	1	1.0626
79	32	1.24407
79	53	1.16274
79	54	0.67764
79	61	0.698401
79	62	0.703071
79	64	0.578013
79	100	0.690954
79	101	0.648234
79	142	1.10047
79	146	1.15154
79	161	1.14173
79	165	1.13769
79	168	1.12896
79	169	1.11893
79	173	1.15379
79	174	1.15077
79	177	1.14164
79	179	1.15406
79	180	1.15101
80	56	1.12796
80	72	1.17086
80	87	1.1252
80	93	1.09837
80	106	0.689693
80	119	1.11996
80	123	1.1082
80	128	0.660564
80	130	1.18828
80	133	0.673764
80	135	1.13942
80	139	1.17289
80	140	1.17065
80	145	1.15837
80	154	0.680138
80	156	1.16273
80	163	1.11678
80	172	1.14033
80	174	0.633913
80	177	0.672589
81	21	1.03484
81	49	1.17637
81	57	0.72139
81	65	0.581894
81	90	1.17912
81	104	0.680754
81	118	1.12696
81	122	1.16533
81	137	1.17254
81	138	0.707951
81	147	1.15517
81	155	1.13509
81	157	1.13873
81	158	1.17743
81	159	1.13895
81	163	1.11969
81	166	1.13151
81	171	1.14827
81	173	0.645465
81	175	0.668649
82	11	1.22761
82	29	1.15865
82	39	1.13796
82	57	1.14419
82	60	1.13746
82	76	1.13878
82	88	1.10387
82	92	1.10009
82	95	1.1483
82	102	1.0713
82	108	0.667763
82	111	1.18267
82	112	1.10832
82	113	1.18158
82	127	0.683164
82	150	1.15921
82	172	0.716418
82	173	0.649727
82	177	0.674969
82	179	0.618437
83	26	0.689285
83	48	0.636032
83	90	0.672683
83	91	1.15648
83	108	1.11048
83	117	0.687373
83	121	0.780775
83	128	1.12456
83	133	1.12573
83	138	1.09619
83	148	0.728703
83	152	1.11896
83	153	1.14279
83	154	1.09877
83	164	1.12076
83	168	1.10868
83	169	1.09865
83	170	1.11239
83	178	1.12104
83	179	1.13378
83	180	1.13073
84	67	0.611644
84	95	0.682918
84	96	1.1207
84	107	1.09652
84	118	0.72916
84	134	0.723154
84	143	1.1372
84	151	0.728362
84	154	1.08988
84	157	0.71641
84	160	1.11283
84	164	1.11188
84	170	1.10351
84	173	1.12463
84	174	1.12161
84	175	1.11554
84	176	1.19431
84	177	1.11248
84	178	1.11216
84	179	1.1249
84	180	1.12185
85	12	1.19565
85	29	1.134
85	39	1.11332
85	49	0.63017
85	57	1.11955
85	60	1.11282
85	61	1.12007
85	76	1.11414
85	92	1.07544
85	95	1.12366
85	102	1.04666
85	111	1.15802
85	112	1.08367
85	113	1.15693
85	116	1.11152
85	146	0.681145
85	150	1.13456
85	162	0.693232
85	168	0.742081
85	172	0.757503
85	178	0.704607
86	93	0.741318
86	95	0.646735
86	123	0.75121
86	131	1.13707
86	138	1.0956
86	142	1.0796
86	146	1.13067
86	151	0.692179
86	153	1.1422
86	164	1.12017
86	165	1.11682
86	166	0.673872
86	168	1.10809
86	170	1.1118
86	171	0.68497
86	173	1.13291
86	174	1.1299
86	175	1.12383
86	177	1.12077
86	178	1.12044
86	180	1.13014
87	16	1.13201
87	54	1.11254
87	71	0.675282
87	80	1.1252
87	93	1.07491
87	108	0.714343
87	123	1.08474
87	124	0.710489
87	134	1.10486
87	135	1.11596
87	139	1.14943
87	140	1.14719
87	145	1.13491
87	148	1.11101
87	156	1.13927
87	162	0.698727
87	163	1.09332
87	167	1.15778
87	172	1.11687
87	173	0.696308
87	180	0.713847
88	11	1.18466
88	30	1.13244
88	33	1.04253
88	41	1.23169
88	43	1.13142
88	55	0.683877
88	62	1.10901
88	64	0.683385
88	68	1.06748
88	82	1.10387
88	92	1.05714
88	94	1.14462
88	100	1.11844
88	116	1.09323
88	133	0.740513
88	141	1.11382
88	143	0.698546
88	160	0.717811
88	162	1.08663
88	176	1.183
88	179	0.682807
89	33	1.04752
89	41	1.23668
89	43	1.13641
89	105	1.11975
89	135	1.10054
89	139	1.13401
89	145	1.1195
89	146	0.686059
89	147	1.11338
89	148	1.09559
89	153	0.696617
89	156	1.12385
89	157	1.09695
89	162	1.09163
89	165	0.705974
89	166	1.08972
89	171	1.10648
89	174	0.682292
89	175	0.71891
89	176	1.18799
89	177	0.720968
90	25	0.568344
90	77	1.17917
90	81	1.17912
90	83	0.672683
90	95	0.641279
90	114	0.613981
90	122	1.18997
90	136	1.21768
90	138	0.653426
90	144	1.15717
90	147	1.17981
90	149	1.14649
90	150	1.18768
90	151	1.14509
90	155	1.15973
90	157	1.16337
90	158	1.20207
90	159	1.16359
90	164	0.610332
90	166	1.15615
90	168	0.642207
90	171	1.17291
91	19	0.616574
91	42	0.577549
91	51	0.634711
91	54	0.636038
91	55	1.16481
91	83	1.15648
91	95	0.617462
91	116	0.657101
91	154	1.15395
91	160	1.17689
91	164	1.17595
91	165	1.1726
91	168	1.16386
91	169	1.15383
91	171	0.655698
91	173	1.18869
91	174	1.18568
91	175	1.17961
91	177	1.17655
91	178	1.17622
91	179	1.18896
91	180	1.18592
92	11	1.18088
92	12	1.17357
92	29	1.11193
92	39	1.09124
92	57	1.09747
92	60	1.09074
92	61	1.09799
92	68	1.0637
92	82	1.10009
92	85	1.07544
92	88	1.05714
92	95	1.10158
92	98	0.761493
92	112	1.0616
92	113	1.13485
92	116	1.08945
92	119	1.07232
92	133	0.746438
92	146	0.710354
92	153	0.720913
92	178	0.733816
92	180	0.737561
93	40	1.07138
93	56	1.07767
93	58	1.0894
93	63	1.08699
93	72	1.12057
93	80	1.09837
93	86	0.741318
93	87	1.07491
93	114	1.12512
93	123	1.05791
93	129	0.719039
93	130	1.138
93	135	1.08913
93	139	1.1226
93	140	1.12036
93	148	1.08418
93	156	1.11244
93	162	0.729413
93	167	1.13095
93	168	0.778261
93	173	0.726993
93	174	0.713558
94	8	1.08642
94	13	1.09913
94	14	1.08453
94	26	1.21026
94	30	1.21614
94	35	1.28637
94	37	1.17023
94	50	1.19994
94	70	1.2313
94	88	1.14462
94	100	1.20214
94	104	0.655408
94	110	0.587405
94	115	1.15498
94	119	1.15979
94	141	1.19752
94	154	0.65291
94	156	0.663049
94	163	1.15661
94	168	0.671387
94	176	0.532611
94	177	0.64536
95	11	1.2291
95	12	1.22179
95	57	1.14569
95	60	1.13895
95	61	1.14621
95	71	1.176
95	82	1.1483
95	84	0.682918
95	85	1.12366
95	86	0.646735
95	90	0.641279
95	91	0.617462
95	92	1.10158
95	102	1.07279
95	111	1.18416
95	112	1.10981
95	113	1.18307
95	116	1.13766
95	119	1.12053
95	138	0.694896
95	146	0.622742
95	150	1.1607
95	172	0.6991
96	21	0.851477
96	24	0.553616
96	72	0.608384
96	84	1.1207
96	98	1.1539
96	112	0.676423
96	127	1.15517
96	131	1.16595
96	133	1.15401
96	134	0.642346
96	144	0.634241
96	152	1.14725
96	159	0.627674
96	164	1.14905
96	165	1.1457
96	169	1.12694
96	170	1.14068
96	173	1.1618
96	174	1.15878
96	177	1.14965
96	178	1.14933
96	179	1.16207
96	180	1.15902
97	31	1.18487
97	34	1.13337
97	36	1.13337
97	40	1.14642
97	47	1.19271
97	52	1.19271
97	53	0.589382
97	73	0.728705
97	129	0.600007
97	133	0.634377
97	134	1.15307
97	136	1.21488
97	145	1.18313
97	146	0.598294
97	148	1.15922
97	149	1.14369
97	152	0.6248
97	156	1.18748
97	166	1.15335
97	171	1.17011
97	176	1.25162
97	177	0.633203
98	11	0.582393
98	67	0.602608
98	75	1.14649
98	92	0.761493
98	96	1.1539
98	105	0.665809
98	111	0.608696
98	128	1.14887
98	129	1.14262
98	133	1.15004
98	143	1.1704
98	153	1.1671
98	157	0.707374
98	158	0.665467
98	161	1.14577
98	164	1.14507
98	165	1.14173
98	169	1.12296
98	173	1.15782
98	175	1.14874
98	178	1.14535
98	179	1.15809
98	180	1.15505
99	1	1.07417
99	47	0.610662
99	49	1.18162
99	53	1.17431
99	69	0.716621
99	117	0.607307
99	129	1.15015
99	142	1.11204
99	143	1.17793
99	144	0.666219
99	160	1.15355
99	163	0.710196
99	164	1.15261
99	165	1.14926
99	166	0.661223
99	167	0.621313
99	169	1.13049
99	170	1.14423
99	173	1.16535
99	177	1.15321
99	178	1.15288
99	179	1.16562
99	180	1.16258
100	8	1.06024
100	13	1.07295
100	14	1.05835
100	26	1.18408
100	30	1.18996
100	35	1.26019
100	37	1.14404
100	49	0.603657
100	50	1.17376
100	62	1.16653
100	70	1.20512
100	71	0.643273
100	79	0.690954
100	88	1.11844
100	94	1.20214
100	115	1.1288
100	119	1.13361
100	141	1.17134
100	143	0.648748
100	162	0.666719
100	163	1.13043
100	173	0.664299
100	177	0.689541
101	29	1.15233
101	33	1.07916
101	37	0.708952
101	41	1.26832
101	43	1.16805
101	61	1.1384
101	67	1.219
101	79	0.648234
101	102	1.06499
101	109	0.676496
101	113	1.17526
101	116	1.12985
101	123	1.10096
101	134	1.12108
101	141	0.666834
101	145	1.15113
101	153	0.622471
101	156	1.15549
101	162	1.12326
101	164	0.640973
101	172	1.13309
101	175	0.644764
101	176	1.21963
102	11	1.1521
102	12	1.14479
102	17	0.723267
102	22	0.741219
102	39	1.06245
102	49	0.727279
102	57	1.06869
102	61	1.06921
102	67	1.14981
102	76	1.06328
102	82	1.0713
102	85	1.04666
102	95	1.07279
102	101	1.06499
102	111	1.10716
102	112	1.03281
102	113	1.10607
102	116	1.06066
102	119	1.04353
102	124	0.802102
102	150	1.0837
102	172	0.854612
102	179	0.756631
103	27	1.17873
103	59	1.14459
103	73	0.750349
103	77	1.16153
103	108	0.64764
103	117	1.19035
103	118	1.13396
103	120	1.11943
103	121	1.11571
103	122	1.17233
103	131	0.609562
103	138	0.692091
103	144	1.13953
103	147	1.16217
103	151	1.12744
103	155	1.14209
103	157	1.14573
103	158	1.18443
103	161	0.609007
103	163	1.12669
103	171	1.15527
103	177	0.654846
103	180	0.647144
104	16	0.623093
104	34	0.69957
104	43	0.587085
104	62	0.711705
104	73	1.09662
104	81	0.680754
104	94	0.655408
104	117	0.640918
104	129	1.15016
104	142	1.11205
104	143	1.17794
104	153	1.17465
104	161	1.15331
104	164	1.15262
104	165	1.14927
104	168	1.14054
104	170	1.14425
104	172	1.14851
104	174	1.16235
104	175	1.15628
104	177	1.15322
104	179	1.16564
104	180	1.16259
105	49	1.18342
105	89	1.11975
105	98	0.665809
105	117	1.19041
105	121	1.11577
105	137	1.1796
105	142	0.715472
105	144	1.13959
105	147	1.16223
105	149	1.1289
105	151	1.1275
105	155	1.14215
105	157	1.14579
105	158	1.18449
105	159	1.146
105	162	1.14047
105	166	1.13857
105	170	0.675081
105	171	1.15533
105	173	0.624338
105	177	0.649579
105	178	0.638132
105	180	0.641877
106	7	0.560516
106	18	1.14604
106	80	0.689693
106	108	1.11859
106	118	0.720997
106	120	0.789734
106	122	0.683812
106	136	0.633205
106	143	1.15419
106	146	1.13937
106	152	1.12707
106	154	1.10688
106	165	1.12553
106	168	1.11679
106	169	1.10676
106	170	1.1205
106	171	0.712991
106	172	1.12476
106	173	1.14162
106	175	1.13253
106	177	1.12947
106	178	1.12915
106	179	1.14189
106	180	1.13884
107	24	0.607541
107	45	0.702359
107	54	0.67461
107	84	1.09652
107	115	0.743406
107	133	1.12984
107	144	0.688166
107	146	1.13537
107	147	0.687984
107	152	1.12307
107	154	1.10287
107	157	0.689527
107	160	1.12582
107	164	1.12487
107	165	1.12152
107	170	1.1165
107	172	1.12076
107	173	1.13762
107	174	1.1346
107	176	1.2073
107	177	1.12547
107	178	1.12515
107	179	1.13789
107	180	1.13484
108	50	0.649642
108	82	0.667763
108	83	1.11048
108	87	0.714343
108	103	0.64764
108	106	1.11859
108	110	1.16721
108	119	0.710986
108	133	1.13491
108	152	1.12814
108	154	1.10795
108	155	0.715924
108	168	1.11786
108	169	1.10783
108	170	1.12157
108	171	0.688681
108	172	1.12583
108	173	1.14269
108	174	1.13967
108	175	1.13361
108	177	1.13054
108	178	1.13022
108	179	1.14296
108	180	1.13992
109	41	0.543475
109	43	0.606712
109	44	0.795345
109	55	1.11818
109	101	0.676496
109	110	1.16658
109	122	0.696382
109	128	1.13311
109	132	1.15177
109	138	1.10474
109	141	1.14257
109	154	1.10732
109	159	0.712891
109	160	1.13026
109	163	0.763435
109	165	1.12597
109	168	1.11723
109	169	1.1072
109	170	1.12094
109	175	1.13298
109	177	1.12992
109	178	1.12959
109	179	1.14234
109	180	1.13929
110	58	0.614929
110	94	0.587405
110	108	1.16721
110	109	1.16658
110	122	0.608753
110	123	0.704172
110	126	0.631331
110	131	1.1944
110	133	1.18246
110	140	0.589793
110	142	1.13693
110	148	0.614245
110	150	1.19319
110	153	1.19952
110	154	1.1555
110	164	1.17749
110	169	1.15538
110	170	1.16912
110	171	0.637932
110	174	1.18722
110	175	1.18116
110	177	1.17809
110	178	1.17777
110	179	1.19051
110	180	1.18747
111	29	1.19451
111	39	1.17382
111	57	1.18005
111	60	1.17332
111	61	1.18057
111	67	1.26118
111	68	1.14628
111	76	1.17464
111	82	1.18267
111	85	1.15802
111	95	1.18416
111	98	0.608696
111	102	1.10716
111	112	1.14418
111	113	1.21744
111	116	1.17203
111	119	1.1549
111	120	0.732543
111	127	0.600661
111	150	1.19507
111	166	0.644701
111	167	0.60479
111	172	0.633915
111	177	0.592466
111	180	0.584764
112	11	1.18911
112	12	1.1818
112	39	1.09947
112	55	0.676503
112	57	1.1057
112	60	1.09897
112	61	1.10622
112	71	1.13602
112	76	1.10029
112	82	1.10832
112	85	1.08367
112	92	1.0616
112	95	1.10981
112	96	0.676423
112	102	1.03281
112	111	1.14418
112	113	1.14308
112	116	1.09768
112	119	1.08055
112	121	0.823685
112	150	1.12072
112	162	0.709143
112	169	0.794263
112	173	0.706723
112	176	0.619216
113	12	1.25506
113	29	1.19341
113	60	1.17223
113	61	1.17948
113	71	1.20927
113	76	1.17355
113	82	1.18158
113	85	1.15693
113	92	1.13485
113	95	1.18307
113	101	1.17526
113	102	1.10607
113	111	1.21744
113	112	1.14308
113	116	1.17094
113	119	1.1538
113	132	0.592296
113	150	1.19398
113	151	0.67491
113	154	0.611916
113	163	0.705574
113	168	0.630394
113	170	0.629869
113	174	0.565691
113	180	0.596665
114	40	1.14841
114	42	1.22868
114	56	1.1547
114	58	1.16643
114	72	1.1976
114	90	0.613981
114	93	1.12512
114	123	1.13494
114	124	0.619293
114	127	0.638549
114	130	1.21503
114	134	1.15506
114	135	1.16616
114	139	1.19963
114	140	1.19739
114	145	1.18512
114	148	1.16121
114	153	0.606003
114	156	1.18947
114	158	0.647037
114	167	1.20798
114	170	0.655855
114	172	1.16707
114	173	0.605112
114	180	0.622651
115	13	1.02579
115	53	0.701202
115	62	1.11938
115	70	1.15797
115	94	1.15498
115	100	1.1288
115	107	0.743406
115	120	1.07602
115	123	1.07469
115	134	1.09481
115	139	1.13938
115	141	1.12419
115	145	1.12487
115	148	1.10096
115	155	1.09868
115	156	1.12922
115	157	1.10232
115	158	1.14101
115	160	0.723495
115	165	0.730029
115	166	1.09509
115	171	1.11185
115	176	0.632273
115	177	0.745023
115	178	0.733575
116	11	1.21696
116	12	1.20966
116	16	0.677783
116	23	0.677082
116	29	1.14801
116	39	1.12732
116	57	1.13355
116	60	1.12682
116	61	1.13407
116	71	1.16387
116	76	1.12814
116	85	1.11152
116	88	1.09323
116	91	0.657101
116	92	1.08945
116	95	1.13766
116	101	1.12985
116	102	1.06066
116	111	1.17203
116	112	1.09768
116	113	1.17094
116	150	1.14857
116	152	0.688888
116	161	0.651452
116	162	0.674469
116	168	0.723317
116	174	0.658615
117	1	0.7575
117	3	1.24577
117	43	0.575356
117	83	0.687373
117	99	0.607307
117	103	1.19035
117	104	0.640918
117	105	1.19041
117	120	1.14131
117	121	1.13759
117	122	1.19421
117	125	1.18827
117	136	1.22191
117	137	1.20142
117	144	1.16141
117	147	1.18405
117	149	1.15072
117	151	1.14932
117	152	0.622469
117	155	1.16397
117	157	1.16761
117	158	1.20631
117	159	1.16782
117	166	1.16038
117	171	1.17715
117	176	0.518122
117	179	0.574339
117	180	0.623169
118	2	1.04807
118	3	1.18937
118	68	0.733571
118	81	1.12696
118	84	0.72916
118	103	1.13396
118	106	0.720997
118	120	1.08492
118	121	1.0812
118	124	1.12851
118	125	1.13187
118	126	1.1304
118	129	0.670697
118	136	1.16552
118	147	1.12765
118	149	1.09433
118	151	1.09293
118	158	1.14991
118	159	1.11143
118	161	0.658054
118	162	1.10589
118	164	0.698045
118	166	1.10399
118	167	1.15663
118	171	1.12075
118	172	1.11572
118	175	0.701836
118	180	0.696191
119	37	1.1017
119	43	0.662677
119	57	1.11642
119	62	1.12419
119	70	1.16278
119	80	1.11996
119	92	1.07232
119	94	1.15979
119	95	1.12053
119	100	1.13361
119	102	1.04353
119	108	0.710986
119	111	1.1549
119	112	1.08055
119	113	1.1538
119	130	1.15959
119	134	1.09962
119	139	1.14419
119	141	1.129
119	142	0.784085
119	145	1.12968
119	148	1.10577
119	161	0.672353
119	162	0.695371
119	163	1.08809
119	170	0.743694
119	174	0.679516
119	179	0.66166
120	3	1.17485
120	20	1.00304
120	25	0.724793
120	65	0.683818
120	75	0.681279
120	77	1.11249
120	103	1.11943
120	106	0.789734
120	111	0.732543
120	115	1.07602
120	117	1.14131
120	118	1.08492
120	126	1.11587
120	128	0.760605
120	136	1.15099
120	137	1.1305
120	141	1.11856
120	144	1.09048
120	147	1.11313
120	149	1.0798
120	151	1.0784
120	155	1.09305
120	157	1.09669
120	158	1.13538
120	163	1.07765
120	171	1.10623
120	172	1.1012
120	176	0.659881
120	177	0.77263
121	27	1.12597
121	65	0.635461
121	83	0.780775
121	103	1.11571
121	105	1.11577
121	112	0.823685
121	117	1.13759
121	118	1.0812
121	122	1.11957
121	125	1.11363
121	126	1.11215
121	136	1.14727
121	137	1.12678
121	144	1.08677
121	145	0.74154
121	146	0.689364
121	149	1.07608
121	151	1.07468
121	155	1.08933
121	157	1.09297
121	158	1.13167
121	159	1.09318
121	163	1.07393
121	166	1.08574
121	168	0.7503
121	171	1.10251
121	172	1.09748
121	179	0.667741
121	180	0.71657
122	64	1.21146
122	74	0.598125
122	81	1.16533
122	90	1.18997
122	103	1.17233
122	106	0.683812
122	109	0.696382
122	110	0.608753
122	117	1.19421
122	121	1.11957
122	126	1.16877
122	144	1.14338
122	147	1.16603
122	149	1.1327
122	151	1.1313
122	153	0.642358
122	155	1.14595
122	157	1.14959
122	158	1.18828
122	159	1.1498
122	161	0.620869
122	162	1.14427
122	163	1.13055
122	166	1.14236
122	167	1.195
122	168	0.692735
122	171	1.15913
122	178	0.65526
122	179	0.610176
123	42	1.16148
123	49	1.133
123	54	1.09554
123	58	1.09923
123	69	1.04167
123	80	1.1082
123	86	0.75121
123	87	1.08474
123	93	1.05791
123	101	1.10096
123	110	0.704172
123	114	1.13494
123	115	1.07469
123	128	0.750101
123	129	0.728931
123	130	1.14782
123	134	1.08786
123	135	1.09896
123	139	1.13243
123	140	1.13019
123	145	1.11791
123	148	1.09401
123	156	1.12227
123	163	1.07632
123	164	0.756278
123	165	0.747133
123	172	1.09987
123	174	0.723451
123	176	0.649377
124	4	1.05474
124	19	1.15474
124	28	0.645151
124	34	1.11307
124	36	1.11307
124	46	0.530992
124	47	1.17242
124	52	1.17242
124	56	0.684374
124	69	0.729125
124	87	0.710489
124	102	0.802102
124	114	0.619293
124	118	1.12851
124	140	0.636688
124	145	0.63876
124	151	1.12199
124	155	1.13664
124	157	1.14028
124	159	1.14049
124	160	1.14985
124	161	1.14959
124	166	1.13306
124	168	1.13682
124	170	1.14053
124	171	1.14982
124	175	1.15256
124	176	1.23133
124	178	1.14918
124	180	1.15887
125	20	1.05
125	21	1.03975
125	25	0.659042
125	31	1.16795
125	50	1.16793
125	59	1.14251
125	74	0.638296
125	117	1.18827
125	118	1.13187
125	121	1.11363
125	126	1.16283
125	136	1.19795
125	137	1.17746
125	146	0.67197
125	147	1.16009
125	149	1.12676
125	151	1.12536
125	155	1.14001
125	157	1.14365
125	158	1.18234
125	159	1.14386
125	161	0.66104
125	165	0.691886
125	166	1.13642
125	170	0.732381
125	171	1.15319
125	172	1.14816
125	174	0.668203
125	176	0.59413
125	178	0.695432
126	2	1.07902
126	18	0.650052
126	20	1.04853
126	31	1.16647
126	63	1.14363
126	64	1.20404
126	110	0.631331
126	118	1.1304
126	120	1.11587
126	121	1.11215
126	122	1.16877
126	125	1.16283
126	131	0.644002
126	136	1.19648
126	137	1.17598
126	144	1.13597
126	147	1.15861
126	149	1.12528
126	151	1.12388
126	153	0.664936
126	157	1.14217
126	158	1.18087
126	159	1.14238
126	165	0.674293
126	166	1.13495
126	169	0.751584
126	171	1.15171
126	173	0.664045
126	174	0.650611
126	180	0.681584
127	1	1.06791
127	6	0.604158
127	54	0.684422
127	73	1.09035
127	76	0.68603
127	78	1.15047
127	82	0.683164
127	96	1.15517
127	111	0.600661
127	114	0.638549
127	129	1.14389
127	139	0.644499
127	146	1.15685
127	149	0.711798
127	150	1.16204
127	152	1.14455
127	153	1.16838
127	154	1.12435
127	160	1.1473
127	161	1.14704
127	163	0.741955
127	165	1.143
127	169	1.12424
127	173	1.1591
127	174	1.15608
127	175	1.15001
127	177	1.14695
127	178	1.14663
127	179	1.15937
127	180	1.15632
128	12	0.605766
128	64	0.564574
128	77	0.677269
128	80	0.660564
128	83	1.12456
128	98	1.14887
128	109	1.13311
128	120	0.760605
128	123	0.750101
128	138	1.11945
128	141	1.15728
128	142	1.10346
128	143	1.16934
128	146	1.15452
128	147	0.677575
128	148	0.660175
128	153	1.16605
128	156	0.638216
128	161	1.14472
128	164	1.14402
128	165	1.14068
128	168	1.13194
128	169	1.12191
128	170	1.13565
128	173	1.15677
128	175	1.14769
128	177	1.14462
128	178	1.1443
128	179	1.15704
128	180	1.154
129	37	0.661488
129	55	1.12663
129	93	0.719039
129	97	0.600007
129	98	1.14262
129	99	1.15015
129	104	1.15016
129	118	0.670697
129	123	0.728931
129	127	1.14389
129	132	1.16022
129	133	1.14274
129	138	1.1132
129	142	1.09721
129	152	1.13597
129	159	0.65002
129	160	1.13872
129	161	1.13846
129	163	0.700564
129	164	1.13777
129	166	0.651592
129	167	0.611681
129	168	1.12569
129	173	1.15052
129	174	1.1475
129	175	1.14143
129	176	1.2202
129	177	1.13837
129	179	1.15079
129	180	1.14774
130	16	1.19509
130	54	1.17563
130	56	1.16758
130	58	1.17931
130	69	1.12175
130	72	1.21048
130	80	1.18828
130	93	1.138
130	114	1.21503
130	119	1.15959
130	123	1.14782
130	134	1.16795
130	135	1.17904
130	139	1.21251
130	140	1.21028
130	141	0.6455
130	143	0.584695
130	145	1.198
130	147	0.682535
130	148	1.17409
130	150	0.615595
130	153	0.601138
130	156	1.20235
130	160	0.60396
130	163	1.15641
130	167	1.22086
130	172	1.17996
130	175	0.62343
130	177	0.625488
130	178	0.61404
130	180	0.617785
131	20	0.884107
131	23	1.16876
131	41	0.468516
131	56	0.65015
131	59	0.661234
131	65	1.20772
131	75	1.15855
131	76	0.63255
131	86	1.13707
131	96	1.16595
131	103	0.609562
131	110	1.1944
131	126	0.644002
131	132	1.17958
131	138	1.13256
131	140	0.602463
131	143	1.18245
131	153	1.17916
131	154	1.13513
131	158	0.603952
131	159	0.637932
131	161	1.15782
131	164	1.15713
131	168	1.14505
131	170	1.14876
131	173	1.16988
131	174	1.16686
131	175	1.16079
131	177	1.15773
131	178	1.15741
131	179	1.17015
131	180	1.1671
132	26	0.620712
132	30	0.632268
132	50	0.644776
132	53	1.18438
132	63	0.69298
132	70	0.630433
132	76	0.665763
132	77	0.677223
132	109	1.15177
132	113	0.592296
132	129	1.16022
132	131	1.17958
132	136	0.60403
132	140	0.635676
132	142	1.12211
132	143	1.188
132	152	1.16088
132	153	1.18471
132	161	1.16337
132	162	1.14874
132	164	1.16268
132	165	1.15933
132	168	1.1506
132	169	1.14057
132	170	1.15431
132	173	1.17542
132	174	1.17241
132	175	1.16634
132	177	1.16328
132	178	1.16295
132	179	1.1757
132	180	1.17265
133	35	0.544075
133	64	0.577774
133	65	1.19578
133	66	1.11063
133	80	0.673764
133	83	1.12573
133	88	0.740513
133	92	0.746438
133	96	1.15401
133	97	0.634377
133	98	1.15004
133	107	1.12984
133	108	1.13491
133	110	1.18246
133	129	1.14274
133	136	0.617275
133	140	0.648922
133	143	1.17051
133	152	1.14339
133	153	1.16722
133	155	0.724304
133	160	1.14614
133	164	1.14519
133	166	0.685962
133	168	1.13311
133	169	1.12308
133	170	1.13682
133	174	1.15492
133	175	1.14885
133	177	1.14579
133	178	1.14547
133	179	1.15821
133	180	1.15516
134	16	1.13513
134	32	0.563904
134	35	1.2262
134	42	1.1816
134	50	1.13977
134	54	1.11566
134	56	1.10762
134	69	1.06179
134	72	1.15052
134	84	0.723154
134	87	1.10486
134	96	0.642346
134	97	1.15307
134	101	1.12108
134	114	1.15506
134	115	1.09481
134	119	1.09962
134	123	1.08786
134	130	1.16795
134	135	1.11908
134	139	1.15255
134	140	1.15031
134	141	0.7179
134	145	1.13804
134	148	1.11413
134	150	0.687995
134	156	1.14239
134	164	0.692039
134	166	0.750122
134	167	1.1609
134	169	0.760185
134	172	1.11999
134	176	0.585138
134	178	0.68644
135	16	1.14622
135	40	1.11242
135	42	1.19269
135	54	1.12676
135	56	1.11872
135	58	1.13044
135	63	1.12804
135	64	0.622255
135	66	0.740009
135	69	1.07289
135	78	0.679641
135	80	1.13942
135	87	1.11596
135	89	1.10054
135	93	1.08913
135	114	1.16616
135	123	1.09896
135	130	1.17904
135	134	1.11908
135	139	1.16364
135	140	1.16141
135	141	0.698221
135	145	1.14913
135	148	1.12522
135	149	0.749258
135	152	0.669805
135	154	0.685757
135	156	1.15349
135	161	0.632369
135	162	0.655386
135	163	1.10754
135	167	1.172
135	172	1.13109
135	175	0.67615
136	21	1.0734
136	64	1.23916
136	66	0.677903
136	90	1.21768
136	97	1.21488
136	106	0.633205
136	117	1.22191
136	118	1.16552
136	120	1.15099
136	121	1.14727
136	125	1.19795
136	126	1.19648
136	132	0.60403
136	133	0.617275
136	137	1.2111
136	142	0.681994
136	144	1.17109
136	147	1.19373
136	149	1.16041
136	150	1.2016
136	151	1.15901
136	153	0.591751
136	155	1.17365
136	158	1.21599
136	159	1.17751
136	162	1.17197
136	166	1.17007
136	168	0.642128
136	170	0.641603
136	171	1.18683
136	172	1.1818
136	175	0.614044
136	176	0.503352
136	178	0.604654
137	41	0.533128
137	64	1.21867
