1	3	0.893625
1	44	1.00488
1	46	0.930301
1	94	0.907678
1	105	1.01125
1	118	0.898292
1	125	0.927231
1	127	0.929799
1	148	1.36679
1	158	0.975339
1	161	0.867487
1	175	1.80408
2	37	1.61785
2	82	0.783656
2	83	1.63429
2	152	0.93356
2	163	0.88196
2	164	0.884263
2	165	0.836164
2	166	0.870201
2	173	0.826511
2	175	0.781847
2	177	0.781259
2	180	0.793607
3	1	0.893625
3	77	0.954134
3	94	0.906184
3	105	1.00975
3	113	0.921356
3	118	0.896799
3	125	0.925737
3	127	0.928306
3	157	1.19055
3	158	0.973845
3	164	1.32245
3	172	1.64171
4	30	1.08134
4	83	1.06466
4	85	1.17263
4	111	1.13222
4	123	1.16008
4	144	0.963556
4	148	0.943062
4	149	1.10594
4	153	1.04451
4	159	1.09798
4	169	0.950908
5	16	0.948988
5	48	0.988664
5	60	0.967394
5	65	0.853364
5	70	0.916724
5	75	0.917232
5	86	0.975878
5	146	0.935436
5	152	1.18292
5	158	0.95179
5	165	1.46993
5	170	1.52364
6	28	1.03309
6	37	1.01727
6	52	1.10646
6	57	1.07575
6	63	1.04656
6	74	1.02553
6	81	1.0777
6	107	1.01836
6	163	0.858272
6	174	1.08916
6	179	1.14545
6	180	1.24949
7	18	0.871026
7	40	0.936135
7	48	1.01057
7	60	0.989305
7	65	0.875276
7	70	0.938635
7	78	1.07332
7	132	0.90635
7	146	0.957348
7	158	0.973702
7	173	1.45806
7	180	1.63457
8	19	0.966598
8	73	1.33916
8	105	1.01549
8	113	0.927092
8	118	0.902534
8	121	0.867962
8	125	0.931473
8	127	0.934041
8	136	1.37183
8	157	1.40639
8	158	0.979581
8	161	0.871729
9	45	0.894849
9	69	0.929575
9	71	1.30712
9	72	0.934267
9	79	0.926539
9	84	0.908228
9	97	0.938139
9	99	1.14279
9	103	0.938514
9	104	0.992718
9	149	0.938421
9	170	1.68884
10	16	0.961986
10	18	0.862113
10	42	0.923516
10	47	1.00249
10	132	0.897437
10	134	0.928837
10	143	0.932982
10	144	0.908169
10	157	1.28785
10	158	0.964788
10	167	0.955086
10	175	1.901
11	40	1.16464
11	41	0.981748
11	113	1.17211
11	138	0.918721
11	155	0.958294
11	163	0.96812
11	169	0.973405
11	170	0.884398
11	171	0.843189
11	173	0.912671
11	175	0.868007
11	179	0.887956
11	180	0.879767
12	44	1.08462
12	76	1.11443
12	91	0.991999
12	94	0.987424
12	113	1.0026
12	118	0.978038
12	125	1.00698
12	127	1.00955
12	144	1.1284
12	150	1.17803
12	161	0.947233
12	164	1.06395
12	165	1.27045
13	22	1.11492
13	88	1.14037
13	113	1.08623
13	150	0.945596
13	160	0.950278
13	164	0.971249
13	166	0.957187
13	173	0.913497
13	175	0.868834
13	177	0.868245
13	178	0.854162
13	179	0.888782
13	180	0.880594
14	38	0.996335
14	116	0.820061
14	142	1.11532
14	143	0.705859
14	165	1.02972
14	166	1.06375
14	167	0.626436
14	170	0.991791
14	171	0.950582
14	172	0.984381
14	175	0.9754
14	179	0.995348
14	180	0.98716
15	45	0.971044
15	55	1.03401
15	69	1.00577
15	79	1.00273
15	84	0.984423
15	97	1.01433
15	103	1.01471
15	104	1.06891
15	126	1.36822
15	147	0.936279
15	149	1.01462
15	162	0.928986
15	175	1.41067
16	5	0.948988
16	10	0.961986
16	18	0.950081
16	48	1.08963
16	70	1.01769
16	86	1.07684
16	144	0.996136
16	145	1.03219
16	158	1.05276
16	165	1.00253
16	166	0.825241
16	171	1.55548
16	175	1.27728
17	24	0.699982
17	65	0.999113
17	93	1.0643
17	117	1.0688
17	131	1.01265
17	132	0.811467
17	159	0.669355
17	167	1.06417
17	169	1.05291
17	170	0.963903
17	174	0.990983
17	178	0.932841
17	180	0.959273
18	7	0.871026
18	10	0.862113
18	16	0.950081
18	40	0.915317
18	60	0.968487
18	65	0.854458
18	75	0.918325
18	121	1.64196
18	144	0.896264
18	145	0.932312
18	158	0.952884
18	163	1.26795
18	179	1.55513
19	8	0.966598
19	21	1.17453
19	27	0.913064
19	29	0.892418
19	52	1.07151
19	81	1.04276
19	82	1.86176
19	87	0.972054
19	113	0.990087
19	118	0.96553
19	127	0.997037
19	164	0.933805
19	169	0.985612
20	56	1.02452
20	68	0.977281
20	95	0.89502
20	96	1.0319
20	128	1.00742
20	133	0.992401
20	134	0.999067
20	137	1.01688
20	150	1.25872
20	155	1.18179
20	159	1.00145
20	167	1.02532
20	168	1.26229
21	19	1.17453
21	27	1.058
21	37	1.12726
21	63	1.15655
21	74	1.13551
21	81	1.18769
21	87	1.11699
21	95	0.652927
21	107	1.12834
21	138	1.22973
21	166	0.93175
21	168	1.0202
21	169	0.95435
22	13	1.11492
22	28	0.997262
22	37	0.981435
22	52	1.07062
22	57	1.03991
22	74	0.989692
22	81	1.04187
22	85	1.29607
22	87	0.971168
22	107	0.982522
22	142	0.993641
22	146	1.02534
22	155	1.0597
23	30	0.885896
23	43	0.863664
23	50	0.868569
23	53	0.935792
23	90	0.884961
23	99	1.27104
23	111	0.936777
23	114	0.947236
23	123	0.964631
23	149	0.910497
23	159	0.902529
23	160	1.62162
23	164	1.55689
24	17	0.699982
24	28	1.00356
24	37	0.987733
24	57	1.04621
24	63	1.01703
24	73	0.945613
24	74	0.99599
24	81	1.04817
24	87	0.977466
24	107	0.98882
24	146	1.03163
24	166	1.17395
24	177	1.62609
25	86	0.864371
25	104	0.775525
25	123	0.692826
25	136	1.08796
25	143	0.806398
25	152	1.11063
25	168	1.02077
25	169	1.06432
25	172	0.967902
25	177	0.958333
25	178	0.94425
25	179	0.978869
25	180	0.970681
26	38	0.992011
26	43	0.965826
26	53	1.03795
26	90	0.987123
26	95	0.772876
26	111	1.03894
26	114	1.0494
26	123	1.06679
26	153	0.951222
26	159	1.00469
26	168	1.14015
26	175	1.50374
26	176	1.18436
27	19	0.913064
27	21	1.058
27	28	0.881618
27	37	0.865791
27	52	0.954981
27	57	0.92427
27	74	0.874049
27	87	0.855524
27	100	1.43904
27	107	0.866879
27	130	1.47707
27	146	0.909693
27	157	1.48823
28	6	1.03309
28	22	0.997262
28	24	1.00356
28	27	0.881618
28	37	0.950875
28	71	1.00876
28	81	1.01131
28	87	0.940608
28	107	0.951962
28	146	0.994776
28	152	0.998027
28	156	1.62818
28	163	1.06501
28	165	1.28504
29	19	0.892418
29	54	1.12659
29	74	0.996405
29	114	0.846069
29	156	0.957669
29	158	0.897324
29	171	0.930523
29	173	1
29	174	0.998812
29	175	0.955341
29	177	0.954753
29	178	0.94067
29	179	0.97529
29	180	0.967101
30	4	1.08134
30	23	0.885896
30	50	0.937818
30	90	0.95421
30	111	1.00603
30	114	1.01648
30	123	1.03388
30	142	1.16291
30	149	0.979746
30	153	0.91831
30	157	1.05991
30	159	0.971778
30	169	1.24362
30	179	1.46546
31	56	0.705889
31	69	0.629391
31	93	0.709802
31	133	0.670928
31	134	0.581617
31	166	1.15256
31	170	1.0806
31	172	1.07319
31	173	1.10887
31	176	1.11621
31	177	1.06362
31	178	1.04954
31	179	1.08416
31	180	1.07597
32	41	1.0774
32	61	1.00622
32	88	0.94385
32	119	0.901596
32	128	0.977095
32	133	0.962076
32	134	0.968741
32	135	1.14372
32	137	0.986559
32	143	0.972886
32	156	1.52807
32	160	1.04316
32	167	0.99499
32	179	1.25207
33	66	1.07169
33	108	1.16682
33	109	1.17648
33	112	1.1052
33	115	1.16857
33	131	1.12056
33	148	1.11605
33	155	0.786634
33	156	1.29912
33	160	0.814207
33	167	1.17208
33	176	0.911349
33	179	1.02312
34	49	0.94651
34	66	0.910273
34	93	1.01079
34	106	1.04489
34	108	1.00541
34	109	1.01506
34	112	0.94378
34	116	0.99159
34	131	0.959141
34	151	1.10929
34	160	1.26153
34	163	1.18327
34	167	1.01066
34	173	1.39799
35	36	0.9958
35	93	0.825841
35	127	1.00336
35	137	0.74625
35	157	1.05394
35	164	1.05696
35	170	0.970934
35	171	0.929725
35	173	0.999207
35	175	0.954543
35	177	0.953955
35	178	0.939872
35	179	0.974492
35	180	0.966304
36	35	0.9958
36	71	1.20329
36	76	1.07225
36	77	0.993188
36	91	0.949813
36	105	1.04881
36	113	0.96041
36	118	0.935853
36	125	0.964791
36	127	0.96736
36	130	1.18175
36	158	1.0129
36	161	0.905047
36	166	1.35402
37	2	1.61785
37	6	1.01727
37	21	1.12726
37	22	0.981435
37	24	0.987733
37	27	0.865791
37	28	0.950875
37	57	0.993527
37	63	0.964344
37	100	0.73009
37	107	0.936136
37	138	1.23837
37	146	0.978949
37	174	1.12854
38	14	0.996335
38	26	0.992011
38	43	0.936866
38	83	0.942419
38	90	0.958163
38	99	0.956056
38	111	1.00998
38	114	1.02044
38	123	1.03783
38	140	1.38655
38	149	0.983699
38	153	0.922262
38	159	0.975731
38	176	1.40378
39	68	1.06797
39	71	0.78074
39	101	1.08779
39	110	1.11291
39	119	1.02261
39	133	1.08309
39	134	1.08975
39	137	1.10757
39	143	1.0939
39	157	0.770363
39	167	1.116
39	170	1.16247
39	174	1.11962
39	180	1.27995
40	7	0.936135
40	11	1.16464
40	18	0.915317
40	60	1.0336
40	70	0.982926
40	71	0.864863
40	75	0.983434
40	86	1.04208
40	132	0.950641
40	144	0.961372
40	145	0.997421
40	158	1.01799
40	170	1.24659
40	178	1.47935
41	11	0.981748
41	32	1.0774
41	88	1.06743
41	119	1.02517
41	128	1.10067
41	133	1.08565
41	134	1.09232
41	137	1.11014
41	143	1.09646
41	152	0.722984
41	167	1.11857
41	173	1.00468
41	176	0.965366
41	177	1.28485
42	10	0.923516
42	107	0.773972
42	110	0.623572
42	127	0.836135
42	128	0.661289
42	154	1.07757
42	164	1.12327
42	166	1.10921
42	171	0.996035
42	172	1.02983
42	173	1.06552
42	177	1.02026
42	178	1.00618
42	179	1.0408
42	180	1.03261
43	23	0.863664
43	26	0.965826
43	38	0.936866
43	53	0.982809
43	90	0.931978
43	92	0.999289
43	111	0.983794
43	114	0.994253
43	123	1.01165
43	126	1.81322
43	141	1.13547
43	149	0.957514
43	151	1.28691
43	153	0.896078
43	159	0.949546
44	1	1.00488
44	12	1.08462
44	73	0.850497
44	76	1.14444
44	94	1.01744
44	113	1.03261
44	121	0.97348
44	125	1.03699
44	138	1.37681
44	141	1.13865
44	150	1.16371
44	152	0.969117
44	158	1.0851
44	161	0.977247
44	162	1.04919
45	9	0.894849
45	15	0.971044
45	55	0.980172
45	72	0.956622
45	79	0.948894
45	84	0.930583
45	92	0.815695
45	97	0.960494
45	103	0.960869
45	104	1.01507
45	132	0.91903
45	149	0.960776
45	153	1.41555
45	161	1.5674
45	170	1.45103
46	1	0.930301
46	56	0.758414
46	64	0.84511
46	114	0.494928
46	128	0.764999
46	152	1.1396
46	155	1.07818
46	163	1.088
46	164	1.0903
46	165	1.04221
46	168	1.04974
46	176	1.03989
46	177	0.987301
46	178	0.973218
46	180	0.999649
47	10	1.00249
47	67	1.08073
47	68	1.03552
47	96	1.09014
47	101	1.05534
47	119	0.990161
47	122	0.786208
47	128	1.06566
47	133	1.05064
47	143	1.06145
47	157	0.86906
47	159	1.05968
47	174	1.21832
47	176	1.16283
47	180	1.37865
48	5	0.988664
48	7	1.01057
48	16	1.08963
48	51	1.10696
48	65	0.994006
48	75	1.05787
48	132	1.02508
48	145	1.07186
48	146	1.07608
48	158	1.09243
48	164	0.903073
48	168	1.02073
48	169	0.95488
48	170	1.16328
48	178	1.39604
49	34	0.94651
49	64	0.990318
49	93	0.972132
49	102	0.95766
49	106	1.00623
49	109	0.976403
49	112	0.905123
49	131	0.920483
49	145	0.961134
49	147	1.33388
49	148	0.915975
49	151	1.23951
49	163	1.31349
49	166	1.35623
49	167	0.972003
50	23	0.868569
50	30	0.937818
50	53	0.987713
50	83	0.921138
50	90	0.936882
50	111	0.988699
50	114	0.999157
50	123	1.01655
50	139	1.16329
50	149	0.962419
50	153	0.900982
50	154	1.38418
50	159	0.954451
50	162	1.19322
50	172	1.51291
51	48	1.10696
51	54	0.796101
51	70	1.03502
51	112	0.993501
51	115	1.05688
51	116	1.04131
51	120	1.11616
51	131	1.00886
51	132	1.00273
51	136	0.834971
51	139	0.971079
51	158	1.07008
51	167	1.06038
51	172	1.32069
51	175	1.48269
52	6	1.10646
52	19	1.07151
52	22	1.07062
52	27	0.954981
52	63	1.05353
52	74	1.0325
52	81	1.08467
52	87	1.01397
52	107	1.02532
52	146	1.06814
52	154	1.15825
52	162	0.967289
52	164	0.967725
52	165	1.17423
52	174	1.18508
53	23	0.935792
53	26	1.03795
53	43	0.982809
53	50	0.987713
53	90	1.00411
53	111	1.05592
53	114	1.06638
53	123	1.08378
53	147	1.00685
53	149	1.02964
53	153	0.968205
53	155	1.03715
53	159	1.02167
53	162	0.999556
53	173	1.20118
53	178	1.49296
54	29	1.12659
54	51	0.796101
54	67	0.884761
54	80	1.03674
54	89	1.0101
54	97	0.798503
54	109	0.84496
54	138	1.0248
54	158	0.733376
54	162	1.10613
54	171	0.949267
54	172	0.983067
54	176	1.02608
54	178	0.959414
54	179	0.994034
54	180	0.985846
55	15	1.03401
55	45	0.980172
55	58	1.03472
55	69	1.0149
55	72	1.01959
55	84	0.993551
55	97	1.02346
55	103	1.02384
55	104	1.07804
55	132	0.981998
55	135	1.10082
55	149	1.02374
55	165	1.14203
55	169	0.987335
55	175	1.41678
55	176	1.0974
56	20	1.02452
56	31	0.705889
56	46	0.758414
56	67	1.03253
56	68	0.987318
56	110	1.03226
56	128	1.01746
56	133	1.00244
56	134	1.0091
56	137	1.02692
56	143	1.01325
56	154	1.34147
56	159	1.01148
56	160	1.21567
56	167	1.03535
56	173	1.35212
57	6	1.07575
57	22	1.03991
57	24	1.04621
57	27	0.92427
57	37	0.993527
57	63	1.02282
57	71	1.05141
57	74	1.00178
57	87	0.98326
57	107	0.994615
57	142	0.952618
57	146	1.03743
57	161	1.35809
57	162	0.981084
57	168	1.09917
57	180	1.35921
58	55	1.03472
58	59	1.0321
58	69	1.00648
58	72	1.01117
58	79	1.00345
58	84	0.985134
58	95	1.05666
58	97	1.01505
58	103	1.01542
58	104	1.06962
58	132	0.973581
58	138	1.36111
58	149	1.01533
58	150	1.148
58	163	1.02039
58	168	1.15158
59	58	1.0321
59	75	1.03158
59	128	1.1557
59	134	1.02484
59	135	0.998219
59	140	0.970101
59	153	0.933111
59	164	0.996206
59	170	0.910181
59	172	0.902772
59	174	0.937261
59	175	0.893791
59	176	0.94579
59	177	0.893202
59	179	0.913739
59	180	0.905551
60	5	0.967394
60	7	0.989305
60	18	0.968487
60	40	1.0336
60	65	0.972737
60	75	1.0366
60	86	1.09525
60	92	0.715586
60	132	1.00381
60	141	0.85177
60	142	1.06182
60	144	1.01454
60	146	1.05481
60	158	1.07116
60	171	1.85017
60	176	1.25259
61	32	1.00622
61	68	0.999346
61	89	1.23718
61	101	1.01917
61	110	1.04429
61	119	0.953986
61	128	1.02949
61	129	1.2656
61	133	1.01447
61	134	1.02113
61	137	1.03895
61	139	0.932913
61	143	1.02528
61	148	1.00723
61	159	1.02351
61	179	1.23691
62	63	2.12204
62	68	2.05351
62	135	0.863553
62	148	0.819757
62	157	0.858523
62	162	0.891168
62	165	0.813442
62	169	0.864522
62	171	0.734307
62	173	0.803789
62	174	0.802596
62	175	0.759125
62	177	0.758537
62	178	0.744454
62	180	0.770885
63	6	1.04656
63	21	1.15655
63	24	1.01703
63	37	0.964344
63	52	1.05353
63	57	1.02282
63	62	2.12204
63	74	0.972602
63	81	1.02478
63	87	0.954077
63	98	0.680235
63	100	0.680909
63	107	0.965431
63	146	1.00825
63	147	0.868856
63	179	1.13564
64	46	0.84511
64	49	0.990318
64	66	0.954081
64	100	1.05655
64	102	1.04013
64	108	1.04922
64	112	0.987588
64	115	1.05096
64	116	1.0354
64	131	1.00295
64	141	0.99869
64	145	1.0436
64	148	0.99844
64	151	1.15013
64	167	1.05447
64	174	1.455
65	5	0.853364
65	7	0.875276
65	17	0.999113
65	18	0.854458
65	48	0.994006
65	60	0.972737
65	70	0.922067
65	75	0.922575
65	86	0.98122
65	120	1.00321
65	139	1.41352
65	145	0.936562
65	146	0.940779
65	148	1.48784
65	158	0.957133
65	163	1.43034
66	33	1.07169
66	34	0.910273
66	64	0.954081
66	98	0.945695
66	102	0.921423
66	108	0.930514
66	109	0.940166
66	112	0.868886
66	115	0.93226
66	116	0.916696
66	129	1.43372
66	131	0.884247
66	167	0.935766
66	168	1.24904
66	172	1.45065
66	179	1.40503
67	47	1.08073
67	54	0.884761
67	56	1.03253
67	73	0.890964
67	83	0.976145
67	96	1.03991
67	101	1.00512
67	110	1.03023
67	119	0.939934
67	121	1.45057
67	134	1.00708
67	137	1.0249
67	143	1.01122
67	148	1.13406
67	160	1.15482
67	167	1.03333
68	20	0.977281
68	39	1.06797
68	47	1.03552
68	56	0.987318
68	61	0.999346
68	62	2.05351
68	96	0.994698
68	101	0.959906
68	133	0.955204
68	134	0.961869
68	135	0.958757
68	137	0.979687
68	142	0.764565
68	143	0.966014
68	150	0.907549
68	167	0.988119
68	180	1.17116
69	9	0.929575
69	15	1.00577
69	31	0.629391
69	55	1.0149
69	58	1.00648
69	72	0.991348
69	79	0.98362
69	84	0.965309
69	97	0.99522
69	103	0.995595
69	104	1.0498
69	132	0.953756
69	135	1.23973
69	149	0.995502
69	169	1.12625
69	174	1.2918
69	178	1.56741
70	5	0.916724
70	7	0.938635
70	16	1.01769
70	40	0.982926
70	51	1.03502
70	65	0.922067
70	75	0.985934
70	86	1.04458
70	89	1.39504
70	120	1.06657
70	144	0.963873
70	145	0.999921
70	147	1.12799
70	148	1.16509
70	155	1.15829
70	158	1.02049
70	166	1.15034
71	9	1.30712
71	28	1.00876
71	36	1.20329
71	39	0.78074
71	40	0.864863
71	57	1.05141
71	74	1.00119
71	81	1.05337
71	106	0.75399
71	107	0.994021
71	146	1.03683
71	170	0.943217
71	173	0.97149
71	174	0.970297
71	176	0.978825
71	179	0.946774
71	180	0.938586
72	9	0.934267
72	45	0.956622
72	55	1.01959
72	58	1.01117
72	69	0.991348
72	79	0.988313
72	84	0.970001
72	97	0.999912
72	98	0.997774
72	99	0.89369
72	103	1.00029
72	104	1.05449
72	129	1.48187
72	132	0.958448
72	139	1.14918
72	149	1.00019
72	179	1.45318
73	8	1.33916
73	24	0.945613
73	44	0.850497
73	67	0.890964
73	77	0.892902
73	111	1.05017
73	114	1.06062
73	123	1.07802
73	149	1.02389
73	153	0.962448
73	159	1.01592
73	173	0.967792
73	174	0.966599
73	176	0.975128
73	178	0.908457
73	179	0.943077
73	180	0.934888
74	6	1.02553
74	21	1.13551
74	22	0.989692
74	24	0.99599
74	27	0.874049
74	29	0.996405
74	52	1.0325
74	57	1.00178
74	63	0.972602
74	71	1.00119
74	87	0.933039
74	107	0.944393
74	121	1.39826
74	136	0.871327
74	146	0.987207
74	174	1.25515
74	179	1.31144
75	5	0.917232
75	18	0.918325
75	40	0.983434
75	48	1.05787
75	59	1.03158
75	60	1.0366
75	65	0.922575
75	70	0.985934
75	120	1.06707
75	121	1.39388
75	141	0.794462
75	144	0.964381
75	145	1.00043
75	146	1.00465
75	156	1.58305
75	158	1.021
75	166	1.06262
76	12	1.11443
76	36	1.07225
76	44	1.14444
76	91	1.05182
76	105	1.15081
76	113	1.06242
76	118	1.03786
76	125	1.0668
76	127	1.06937
76	129	1.0529
76	138	1.07775
76	153	0.975286
76	158	1.1149
76	161	1.00705
76	173	0.951748
76	175	1.23182
76	176	0.912437
77	3	0.954134
77	36	0.993188
77	73	0.892902
77	80	1.25754
77	91	0.972762
77	105	1.07176
77	113	0.983359
77	118	0.958801
77	121	0.924229
77	125	0.98774
77	127	0.990309
77	141	1.0894
77	158	1.03585
77	161	0.927996
77	162	1.0916
77	165	1.29853
77	174	1.30939
78	7	1.07332
78	106	0.69195
78	129	0.992864
78	134	0.843104
78	149	0.806573
78	159	0.930551
78	162	1.08566
78	168	1.01546
78	169	1.05901
78	170	0.970008
78	171	0.928799
78	172	0.962598
78	173	0.99828
78	176	1.00562
78	178	0.938946
78	179	0.973565
78	180	0.965377
79	9	0.926539
79	15	1.00273
79	45	0.948894
79	58	1.00345
79	69	0.98362
79	72	0.988313
79	84	0.962273
79	95	1.0338
79	97	0.992184
79	103	0.992559
79	104	1.04676
79	124	1.27898
79	149	0.992466
79	157	0.938559
79	166	1.09967
79	173	1.27164
79	180	1.44815
80	54	1.03674
80	77	1.25754
80	82	0.867299
80	102	1.19282
80	137	1.24077
80	138	0.916204
80	149	1.15564
80	166	0.953844
80	168	0.927337
80	170	0.881881
80	171	0.840672
80	172	0.874471
80	173	0.910154
80	175	0.86549
80	176	0.917489
80	177	0.864901
80	178	0.850819
80	180	0.87725
81	6	1.0777
81	19	1.04276
81	21	1.18769
81	22	1.04187
81	24	1.04817
81	28	1.01131
81	52	1.08467
81	63	1.02478
81	71	1.05337
81	82	1.55559
81	87	0.985216
81	107	0.99657
81	146	1.03938
81	169	0.679444
81	171	1.38708
81	173	0.828819
81	177	1.10899
81	180	1.00532
82	2	0.783656
82	19	1.86176
82	80	0.867299
82	81	1.55559
82	145	1.7827
82	162	0.936686
82	166	0.892997
82	168	0.86649
82	169	0.91004
82	171	0.779825
82	172	0.813624
82	174	0.848113
82	175	0.804643
82	176	0.856642
82	177	0.804054
82	178	0.789972
82	179	0.824591
82	180	0.816403
83	2	1.63429
83	4	1.06466
83	38	0.942419
83	50	0.921138
83	67	0.976145
83	88	0.927829
83	114	0.999806
83	123	1.0172
83	128	0.961075
83	135	1.09291
83	137	0.970538
83	143	0.956866
83	153	0.90163
83	159	0.955099
83	161	1.30418
83	167	0.97897
83	169	0.979423
83	174	1.14497
84	9	0.908228
84	15	0.984423
84	45	0.930583
84	55	0.993551
84	58	0.985134
84	69	0.965309
84	72	0.970001
84	79	0.962273
84	97	0.973873
84	103	0.974248
84	104	1.02845
84	121	1.31533
84	132	0.932409
84	149	0.974155
84	166	0.984062
84	172	1.27411
84	178	1.44782
84	180	1.33254
85	4	1.17263
85	22	1.29607
85	92	1.05511
85	94	1.33224
85	103	1.20378
85	160	0.928115
85	162	0.978714
85	164	0.949086
85	165	0.900988
85	169	0.952068
85	171	0.821853
85	172	0.855652
85	174	0.890141
85	175	0.846671
85	177	0.846082
85	178	0.832
85	179	0.866619
85	180	0.858431
86	5	0.975878
86	16	1.07684
86	25	0.864371
86	40	1.04208
86	60	1.09525
86	65	0.98122
86	70	1.04458
86	120	1.12572
86	122	0.794646
86	132	1.01229
86	140	1.15405
86	144	1.02303
86	145	1.05907
86	146	1.06329
86	148	1.05336
86	158	1.07965
86	169	1.06121
86	180	1.38709
87	19	0.972054
87	21	1.11699
87	22	0.971168
87	24	0.977466
87	27	0.855524
87	28	0.940608
87	52	1.01397
87	57	0.98326
87	63	0.954077
87	74	0.933039
87	81	0.985216
87	107	0.925869
87	146	0.968682
87	147	1.10277
87	153	1.32063
87	166	1.12512
87	168	1.21357
87	177	1.57726
88	13	1.14037
88	32	0.94385
88	41	1.06743
88	83	0.927829
88	96	0.991592
88	110	0.981917
88	119	0.891618
88	128	0.967118
88	133	0.952098
88	134	0.958764
88	135	1.21329
88	137	0.976581
88	143	0.962909
88	154	1.23852
88	159	0.961142
88	167	0.985013
88	173	1.24918
88	179	1.32164
89	54	1.0101
89	61	1.23718
89	70	1.39504
89	101	1.258
89	140	0.915161
89	150	0.915613
89	152	0.990564
89	155	0.929137
89	166	0.927204
89	167	1.14591
89	168	0.900698
89	170	0.855241
89	171	0.814032
89	172	0.847832
89	173	0.883514
89	176	0.89085
89	179	0.858799
89	180	0.850611
90	23	0.884961
90	26	0.987123
90	30	0.95421
90	38	0.958163
90	43	0.931978
90	50	0.936882
90	53	1.00411
90	111	1.00509
90	114	1.01555
90	123	1.03294
90	126	1.55849
90	140	1.26434
90	144	1.18415
90	149	0.978811
90	153	0.917374
90	157	0.98779
90	159	0.970843
90	173	1.32087
91	12	0.991999
91	36	0.949813
91	76	1.05182
91	77	0.972762
91	94	0.924812
91	105	1.02838
91	113	0.939984
91	118	0.915426
91	124	1.27476
91	125	0.944365
91	127	0.946933
91	141	1.04603
91	155	1.1034
91	158	0.992473
91	161	0.884621
91	168	1.18389
91	176	1.22811
91	177	1.54759
92	43	0.999289
92	45	0.815695
92	60	0.715586
92	85	1.05511
92	119	0.949293
92	125	0.762048
92	131	0.628416
92	155	1.10156
92	160	1.09272
92	165	1.06559
92	168	1.07312
92	170	1.02766
92	174	1.05474
92	176	1.06327
92	177	1.01068
92	178	0.996601
92	179	1.03122
92	180	1.02303
93	17	1.0643
93	31	0.709802
93	34	1.01079
93	35	0.825841
93	49	0.972132
93	106	1.07051
93	108	1.03103
93	109	1.04068
93	112	0.969403
93	115	1.03278
93	116	1.01721
93	117	1.04091
93	122	0.940101
93	131	0.984763
93	145	1.02541
93	164	1.15486
93	167	1.03628
93	174	1.37221
93	179	1.4285
94	1	0.907678
94	3	0.906184
94	12	0.987424
94	44	1.01744
94	85	1.33224
94	91	0.924812
94	105	1.02381
94	113	0.935408
94	118	0.910851
94	121	0.876279
94	125	0.93979
94	127	0.942358
94	141	1.04145
94	142	1.02981
94	158	0.987898
94	160	1.12344
94	161	0.880046
94	177	1.54006
94	180	1.4364
95	20	0.89502
95	21	0.652927
95	26	0.772876
95	58	1.05666
95	79	1.0338
95	97	1.0454
95	101	0.734473
95	103	1.04577
95	104	1.09998
95	119	1.07481
95	127	1.08276
95	147	1.05101
95	149	1.04568
95	166	1.03328
95	169	1.05032
95	174	0.988393
95	175	0.944923
95	178	0.930251
95	180	0.956683
96	20	1.0319
96	47	1.09014
96	67	1.03991
96	68	0.994698
96	88	0.991592
96	119	0.949339
96	124	1.27415
96	128	1.02484
96	133	1.00982
96	134	1.01648
96	137	1.0343
96	143	1.02063
96	152	0.985114
96	154	1.25615
96	157	0.933722
96	159	1.01886
96	165	1.27213
96	167	1.04273
96	169	1.11743
97	9	0.938139
97	15	1.01433
97	45	0.960494
97	54	0.798503
97	55	1.02346
97	58	1.01505
97	69	0.99522
97	72	0.999912
97	79	0.992184
97	84	0.973873
97	95	1.0454
97	103	1.00416
97	104	1.05836
97	132	0.96232
97	136	0.837372
97	140	1.14848
97	149	1.00407
97	168	1.12149
97	170	1.26404
97	171	1.76328
98	63	0.680235
98	66	0.945695
98	72	0.997774
98	106	1.08031
98	109	1.05048
98	116	1.02701
98	131	0.994563
98	132	1.07446
98	133	0.934216
98	142	1.06935
98	148	0.990054
98	149	0.808375
98	158	0.756946
98	162	1.06147
98	166	1.01778
98	167	1.04608
98	171	0.904605
98	175	0.929423
98	177	0.928834
98	180	0.941183
99	9	1.14279
99	23	1.27104
99	38	0.956056
99	72	0.89369
99	121	0.977765
99	137	0.789416
99	145	0.568893
99	150	1.03978
99	156	0.965349
99	157	1.06242
99	166	1.05137
99	169	1.06842
99	170	0.979412
99	171	0.938203
99	173	1.00768
99	175	0.963021
99	176	1.01502
99	177	0.962433
99	179	0.982969
99	180	0.974781
100	27	1.43904
100	37	0.73009
100	63	0.680909
100	64	1.05655
100	109	0.869204
100	115	0.861112
100	130	1.05253
100	151	1.05693
100	160	1.0307
100	165	1.00357
100	166	1.03761
100	168	1.0111
100	169	1.05465
100	172	0.958237
100	173	0.99392
100	174	0.992727
100	175	0.949256
100	177	0.948668
100	178	0.934585
100	180	0.961016
101	39	1.08779
101	47	1.05534
101	61	1.01917
101	67	1.00512
101	68	0.959906
101	89	1.258
101	95	0.734473
101	110	1.00485
101	119	0.914546
101	128	0.990045
101	133	0.975026
101	134	0.981692
101	137	0.999509
101	139	0.953731
101	142	0.955186
101	143	0.985836
101	159	0.98407
101	167	1.00794
101	178	1.47705
101	180	1.36178
102	49	0.95766
102	64	1.04013
102	66	0.921423
102	80	1.19282
102	106	1.05604
102	108	1.01656
102	109	1.02621
102	112	0.95493
102	115	1.0183
102	116	1.00274
102	117	1.02644
102	124	1.23584
102	131	0.970291
102	140	1.17197
102	144	1.09177
102	145	1.01094
102	148	0.965782
102	150	1.1414
102	160	1.09205
102	167	1.02181
103	9	0.938514
103	15	1.01471
103	45	0.960869
103	55	1.02384
103	58	1.01542
103	69	0.995595
103	72	1.00029
103	79	0.992559
103	84	0.974248
103	85	1.20378
103	95	1.04577
103	97	1.00416
103	104	1.05874
103	132	0.962695
103	147	0.937105
103	149	1.00444
103	153	1.15497
103	156	1.47989
103	166	0.959455
103	179	1.20389
104	9	0.992718
104	15	1.06891
104	25	0.775525
104	45	1.01507
104	55	1.07804
104	58	1.06962
104	69	1.0498
104	72	1.05449
104	79	1.04676
104	84	1.02845
104	95	1.09998
104	97	1.05836
104	103	1.05874
104	122	0.7058
104	126	1.35935
104	132	1.0169
104	139	0.890198
104	149	1.05864
104	160	0.985284
104	177	1.40191
104	180	1.29824
105	1	1.01125
105	3	1.00975
105	8	1.01549
105	36	1.04881
105	76	1.15081
105	77	1.07176
105	91	1.02838
105	94	1.02381
105	118	1.01442
105	125	1.04336
105	127	1.04593
105	141	1.14502
105	154	1.06866
105	158	1.09147
105	161	0.983617
105	162	0.877696
105	163	0.864601
105	170	1.13833
105	173	1.07932
105	177	1.35948
105	180	1.25582
106	34	1.04489
106	49	1.00623
106	71	0.75399
106	78	0.69195
106	93	1.07051
106	98	1.08031
106	102	1.05604
106	108	1.06513
106	109	1.07478
106	112	1.0035
106	115	1.06687
106	116	1.05131
106	131	1.01886
106	145	1.05951
106	148	1.01435
106	160	0.940245
106	161	1.25209
106	164	0.875517
106	167	1.07038
106	175	1.35677
106	178	1.36848
107	6	1.01836
107	21	1.12834
107	22	0.982522
107	24	0.98882
107	27	0.866879
107	28	0.951962
107	37	0.936136
107	42	0.773972
107	52	1.02532
107	57	0.994615
107	63	0.965431
107	71	0.994021
107	74	0.944393
107	81	0.99657
107	87	0.925869
107	141	1.03126
107	146	0.980037
107	147	1.27707
107	157	1.13831
107	170	1.53041
107	173	1.47139
108	33	1.16682
108	34	1.00541
108	64	1.04922
108	66	0.930514
108	93	1.03103
108	102	1.01656
108	106	1.06513
108	109	1.0353
108	115	1.0274
108	116	1.01183
108	117	1.03553
108	126	1.40073
108	131	0.979382
108	141	0.722984
108	145	1.02003
108	148	0.974874
108	151	0.874419
108	162	0.961495
108	164	0.961932
108	167	1.0309
108	171	1.72138
108	172	1.28119
109	33	1.17648
109	34	1.01506
109	49	0.976403
109	54	0.84496
109	66	0.940166
109	93	1.04068
109	98	1.05048
109	100	0.869204
109	102	1.02621
109	106	1.07478
109	108	1.0353
109	112	0.973673
109	115	1.03705
109	116	1.02148
109	131	0.989034
109	148	0.984526
109	151	0.962782
109	160	1.11502
109	167	1.04055
109	169	1.1021
109	176	1.21217
109	180	1.42798
110	39	1.11291
110	42	0.623572
110	56	1.03226
110	61	1.04429
110	67	1.03023
110	88	0.981917
110	101	1.00485
110	117	1.03769
110	119	0.939664
110	120	1.08883
110	128	1.01516
110	133	1.00014
110	137	1.02463
110	141	0.880862
110	143	1.01095
110	151	1.0323
110	155	1.15697
110	159	1.00919
110	167	1.03306
110	168	1.23746
110	172	1.43907
110	174	1.33717
111	4	1.13222
111	23	0.936777
111	26	1.03894
111	30	1.00603
111	38	1.00998
111	43	0.983794
111	50	0.988699
111	53	1.05592
111	73	1.05017
111	90	1.00509
111	114	1.06737
111	123	1.08476
111	141	0.782233
111	142	0.992279
111	149	1.03063
111	153	0.969191
111	155	1.05834
111	159	1.02266
111	169	1.07299
111	175	1.50243
111	176	1.18305
111	179	1.29483
112	33	1.1052
112	34	0.94378
112	49	0.905123
112	51	0.993501
112	64	0.987588
112	66	0.868886
112	93	0.969403
112	102	0.95493
112	106	1.0035
112	109	0.973673
112	115	0.965767
112	116	0.950203
112	131	0.917754
112	144	1.14121
112	145	0.958405
112	148	0.913245
112	155	1.11391
112	167	0.969273
112	168	1.19441
112	172	1.39601
112	174	1.29411
112	175	1.55801
113	3	0.921356
113	8	0.927092
113	11	1.17211
113	12	1.0026
113	13	1.08623
113	19	0.990087
113	36	0.96041
113	44	1.03261
113	76	1.06242
113	77	0.983359
113	91	0.939984
113	94	0.935408
113	118	0.926023
113	121	0.891451
113	125	0.954962
113	127	0.95753
113	135	1.15915
113	153	1.21858
113	156	1.5435
113	158	1.00307
113	161	0.895218
113	173	1.19504
114	23	0.947236
114	26	1.0494
114	29	0.846069
114	30	1.01648
114	38	1.02044
114	43	0.994253
114	46	0.494928
114	50	0.999157
114	53	1.06638
114	73	1.06062
114	83	0.999806
114	90	1.01555
114	111	1.06737
114	123	1.09522
114	142	0.858553
114	149	1.04109
114	153	0.979649
114	154	1.07798
114	156	1.4371
114	159	1.03312
114	171	1.6469
114	172	1.20671
115	33	1.16857
115	51	1.05688
115	64	1.05096
115	66	0.93226
115	93	1.03278
115	100	0.861112
115	102	1.0183
115	106	1.06687
115	108	1.0274
115	109	1.03705
115	112	0.965767
115	116	1.01358
115	130	0.899142
115	131	0.981128
115	145	1.02178
115	148	0.976619
115	152	0.961692
115	165	1.2487
115	167	1.03265
115	170	1.30241
115	173	1.24339
115	176	1.20407
116	14	0.820061
116	34	0.99159
116	51	1.04131
116	64	1.0354
116	66	0.916696
116	93	1.01721
116	98	1.02701
116	102	1.00274
116	106	1.05131
116	108	1.01183
116	109	1.02148
116	112	0.950203
116	115	1.01358
116	117	1.02171
116	131	0.965564
116	140	1.21028
116	141	0.826682
116	145	1.00621
116	160	1.13036
116	161	1.4422
116	162	1.06519
116	167	1.01708
116	177	1.54698
117	17	1.0688
117	93	1.04091
117	102	1.02644
117	108	1.03553
117	110	1.03769
117	116	1.02171
117	128	1.02289
117	131	0.989265
117	133	1.00787
117	134	1.01454
117	135	1.09164
117	137	1.03235
117	143	1.01868
117	148	0.984757
117	150	1.04043
117	152	0.845835
117	159	1.01691
117	162	0.925909
117	167	1.04078
117	168	1.044
117	171	1.68579
117	180	1.30403
118	1	0.898292
118	3	0.896799
118	8	0.902534
118	12	0.978038
118	19	0.96553
118	36	0.935853
118	76	1.03786
118	77	0.958801
118	91	0.915426
118	94	0.910851
118	105	1.01442
118	113	0.926023
118	125	0.930404
118	127	0.932973
118	141	1.03207
118	157	1.12927
118	158	0.978512
118	161	0.870661
118	162	1.26074
118	163	1.24765
118	166	1.29038
118	170	1.52138
118	172	1.58043
119	32	0.901596
119	39	1.02261
119	41	1.02517
119	47	0.990161
119	61	0.953986
119	67	0.939934
119	88	0.891618
119	92	0.949293
119	95	1.07481
119	96	0.949339
119	101	0.914546
119	110	0.939664
119	120	0.998536
119	130	1.18136
119	133	0.909844
119	134	0.91651
119	136	1.15796
119	137	0.934327
119	143	0.920655
119	150	1.43851
119	159	0.918888
119	167	0.942759
119	178	1.81739
120	51	1.11616
120	65	1.00321
120	70	1.06657
120	75	1.06707
120	86	1.12572
120	110	1.08883
120	119	0.998536
120	133	1.05902
120	134	1.06568
120	137	1.0835
120	143	1.06983
120	145	1.08106
120	146	1.08528
120	151	0.873759
120	152	0.880761
120	159	1.06806
120	163	0.94774
120	164	0.961273
120	166	0.990479
120	167	1.09193
120	174	1.17863
120	176	1.12314
120	177	1.44262
121	8	0.867962
121	18	1.64196
121	44	0.97348
121	67	1.45057
121	74	1.39826
121	75	1.39388
121	77	0.924229
121	84	1.31533
121	94	0.876279
121	99	0.977765
121	113	0.891451
121	124	0.884748
121	125	0.895832
121	126	0.840278
121	127	0.898401
121	152	0.969291
121	161	0.836088
121	165	0.871894
121	169	0.922975
121	172	0.826559
121	176	0.869577
121	178	0.802906
121	179	0.837526
121	180	0.829338
122	47	0.786208
122	86	0.794646
122	93	0.940101
122	104	0.7058
122	132	1.04147
122	143	0.736673
122	149	0.775385
122	151	1.11008
122	154	1.05913
122	160	1.08386
122	163	1.10252
122	164	1.10483
122	167	0.65725
122	168	1.06426
122	169	1.10781
122	170	1.0188
122	172	1.01139
122	174	1.04588
122	175	1.00241
122	176	1.05441
122	177	1.00182
122	178	0.98774
122	179	1.02236
122	180	1.01417
123	4	1.16008
123	23	0.964631
123	25	0.692826
123	26	1.06679
123	30	1.03388
123	38	1.03783
123	43	1.01165
123	50	1.01655
123	53	1.08378
123	73	1.07802
123	83	1.0172
123	90	1.03294
123	111	1.08476
123	114	1.09522
123	124	1.04638
123	140	0.982504
123	149	1.05848
123	153	0.997045
123	159	1.05051
123	160	0.902586
123	164	0.837857
123	171	1.5973
123	172	1.15711
123	177	1.31921
124	79	1.27898
124	91	1.27476
124	96	1.27415
124	102	1.23584
124	121	0.884748
124	123	1.04638
124	139	0.991704
124	147	0.976091
124	149	1.19866
124	155	0.960291
124	156	0.872332
124	160	0.951449
124	162	1.00205
124	163	0.970117
124	168	0.931852
124	169	0.975402
124	170	0.886395
124	172	0.878986
124	173	0.914668
124	175	0.870005
124	176	0.922004
124	177	0.869416
124	178	0.855333
124	179	0.889953
124	180	0.881765
125	1	0.927231
125	3	0.925737
125	8	0.931473
125	12	1.00698
125	36	0.964791
125	44	1.03699
125	76	1.0668
125	77	0.98774
125	91	0.944365
125	92	0.762048
125	94	0.93979
125	105	1.04336
125	113	0.954962
125	118	0.930404
125	121	0.895832
125	127	0.961912
125	140	1.28183
125	141	1.061
125	147	1.14404
125	148	1.18114
125	150	1.25126
125	153	1.3619
125	158	1.00745
125	161	0.899599
125	177	1.61853
126	15	1.36822
126	43	1.81322
126	90	1.55849
126	104	1.35935
126	108	1.40073
126	121	0.840278
126	136	0.954573
126	151	0.933207
126	154	0.882249
126	156	0.827861
126	157	0.924932
126	161	0.844045
126	162	0.957577
126	164	0.92795
126	165	0.879851
126	166	0.913888
126	168	0.887381
126	170	0.841925
126	171	0.800716
126	173	0.870198
126	174	0.869005
126	177	0.824946
126	178	0.810863
126	179	0.845482
126	180	0.837294
127	1	0.929799
127	3	0.928306
127	8	0.934041
127	12	1.00955
127	19	0.997037
127	35	1.00336
127	36	0.96736
127	42	0.836135
127	76	1.06937
127	77	0.990309
127	91	0.946933
127	94	0.942358
127	95	1.08276
127	105	1.04593
127	113	0.95753
127	118	0.932973
127	121	0.898401
127	125	0.961912
127	136	1.16591
127	141	1.06357
127	144	1.39683
127	152	1.25186
127	158	1.01002
127	161	0.902168
127	176	1.49424
128	20	1.00742
128	32	0.977095
128	41	1.10067
128	42	0.661289
128	46	0.764999
128	47	1.06566
128	56	1.01746
128	59	1.1557
128	61	1.02949
128	83	0.961075
128	88	0.967118
128	96	1.02484
128	101	0.990045
128	110	1.01516
128	117	1.02289
128	133	0.985344
128	134	0.992009
128	137	1.00983
128	142	1.12862
128	143	0.996154
128	148	1.20149
128	159	0.994387
128	164	1.15753
128	167	1.01826
128	169	1.20933
128	179	1.43117
129	61	1.2656
129	66	1.43372
129	72	1.48187
129	76	1.0529
129	78	0.992864
129	139	0.963781
129	146	1.23983
129	147	0.948167
129	150	0.918844
129	153	0.881402
129	158	1.24104
129	162	0.974124
129	163	0.942194
129	164	0.944497
129	165	0.896398
129	166	0.930435
129	168	0.903929
129	170	0.858472
129	171	0.817263
129	172	0.851063
129	173	0.886745
129	174	0.885552
129	176	0.894081
129	177	0.841493
129	178	0.82741
129	179	0.86203
129	180	0.853842
130	27	1.47707
130	36	1.18175
130	100	1.05253
130	115	0.899142
130	119	1.18136
130	146	0.794435
130	150	0.982871
130	151	1.01378
130	154	0.962823
130	155	0.996395
130	159	0.971056
130	162	1.03815
130	165	0.960425
130	167	0.728944
130	168	0.967955
130	169	1.01151
130	171	0.88129
130	172	0.915089
130	173	0.950772
130	174	0.949579
130	175	0.906108
130	176	0.958108
130	177	0.90552
130	178	0.891437
130	179	0.926057
130	180	0.917868
131	17	1.01265
131	33	1.12056
131	34	0.959141
131	49	0.920483
131	51	1.00886
131	64	1.00295
131	66	0.884247
131	92	0.628416
131	93	0.984763
131	98	0.994563
131	102	0.970291
131	106	1.01886
131	108	0.979382
131	109	0.989034
131	112	0.917754
131	115	0.981128
131	116	0.965564
131	117	0.989265
131	138	1.33073
131	145	0.973765
131	148	0.928606
131	151	0.916035
131	162	1.00311
131	167	0.984634
131	170	1.26375
131	171	1.763
131	172	1.3228
131	178	1.49651
132	7	0.90635
132	10	0.897437
132	17	0.811467
132	40	0.950641
132	45	0.91903
132	48	1.02508
132	51	1.00273
132	55	0.981998
132	58	0.973581
132	60	1.00381
132	69	0.953756
132	72	0.958448
132	84	0.932409
132	86	1.01229
132	97	0.96232
132	98	1.07446
132	103	0.962695
132	104	1.0169
132	122	1.04147
132	144	0.931587
132	145	0.967636
132	146	0.971853
132	149	0.962602
132	152	1.17572
132	158	0.988207
132	166	1.28544
132	168	1.37388
132	173	1.45741
132	176	1.4181
133	20	0.992401
133	31	0.670928
133	32	0.962076
133	39	1.08309
133	41	1.08565
133	47	1.05064
133	56	1.00244
133	61	1.01447
133	68	0.955204
133	88	0.952098
133	96	1.00982
133	98	0.934216
133	101	0.975026
133	110	1.00014
133	117	1.00787
133	119	0.909844
133	120	1.05902
133	128	0.985344
133	134	0.97699
133	137	0.994807
133	143	0.981135
133	148	1.15994
133	153	1.3407
133	159	0.979368
133	161	1.49255
133	163	1.10245
133	164	1.11598
133	167	1.00324
133	169	1.16779
133	173	1.31716
134	10	0.928837
134	20	0.999067
134	31	0.581617
134	32	0.968741
134	39	1.08975
134	41	1.09232
134	56	1.0091
134	59	1.02484
134	61	1.02113
134	67	1.00708
134	68	0.961869
134	78	0.843104
134	88	0.958764
134	96	1.01648
134	101	0.981692
134	117	1.01454
134	119	0.91651
134	120	1.06568
134	128	0.992009
134	133	0.97699
134	137	1.00147
134	143	0.9878
134	144	1.09112
134	159	0.986033
134	161	1.40324
134	163	1.01314
134	167	1.0099
134	172	1.34593
134	178	1.51964
134	179	1.30031
135	32	1.14372
135	55	1.10082
135	59	0.998219
135	62	0.863553
135	68	0.958757
135	69	1.23973
135	83	1.09291
135	88	1.21329
135	113	1.15915
135	117	1.09164
135	140	0.983572
135	151	1.01493
135	152	1.05898
135	154	0.963977
135	155	0.997548
135	160	0.988706
135	163	1.00737
135	165	0.961579
135	166	0.995616
135	168	0.969109
135	170	0.923653
135	171	0.882444
135	172	0.916243
135	173	0.951926
135	174	0.950732
135	175	0.907262
135	177	0.906673
135	178	0.892591
135	179	0.92721
135	180	0.919022
136	8	1.37183
136	25	1.08796
136	51	0.834971
136	74	0.871327
136	97	0.837372
136	119	1.15796
136	126	0.954573
136	127	1.16591
136	142	1.0718
136	146	0.771031
136	154	0.988588
136	155	1.02216
136	157	1.03127
136	158	0.772245
136	159	0.947652
136	160	1.01332
136	161	0.950384
136	164	1.03429
136	165	0.98619
136	166	1.02023
136	168	0.99372
136	169	1.03727
136	171	0.907055
136	172	0.940854
136	174	0.975344
136	175	0.931873
136	176	0.983872
136	177	0.931285
136	178	0.917202
136	179	0.951821
136	180	0.943633
137	20	1.01688
137	32	0.986559
137	35	0.74625
137	39	1.10757
137	41	1.11014
137	56	1.02692
137	61	1.03895
137	67	1.0249
137	68	0.979687
137	80	1.24077
137	83	0.970538
137	88	0.976581
137	96	1.0343
137	99	0.789416
137	101	0.999509
137	110	1.02463
137	117	1.03235
137	119	0.934327
137	120	1.0835
137	128	1.00983
137	133	0.994807
137	134	1.00147
137	143	1.00562
137	144	1.13972
137	152	0.994754
137	155	1.11242
137	159	1.00385
137	163	1.06173
137	167	1.02772
137	169	1.12707
137	176	1.23714
137	180	1.45295
138	11	0.918721
138	21	1.22973
138	37	1.23837
138	44	1.37681
138	54	1.0248
138	58	1.36111
138	76	1.07775
138	80	0.916204
138	131	1.33073
138	140	0.929858
138	150	0.930311
138	152	1.00526
138	155	0.943834
138	156	0.855875
138	160	0.934992
138	163	0.953661
138	164	0.955963
138	166	0.941902
138	167	1.19919
138	169	0.958945
138	170	0.869939
138	171	0.82873
138	172	0.862529
138	173	0.898211
138	174	0.897018
138	175	0.853548
138	176	0.905547
138	177	0.852959
138	179	0.873496
138	180	0.865308
139	50	1.16329
139	51	0.971079
139	61	0.932913
139	65	1.41352
139	72	1.14918
139	101	0.953731
139	104	0.890198
139	124	0.991704
139	129	0.963781
139	150	1.0013
139	151	1.03221
139	154	0.981248
139	156	0.926861
139	157	1.02393
139	158	0.908353
139	160	1.00598
139	162	1.05658
139	165	0.97885
139	166	1.01289
139	167	0.841648
139	168	0.98638
139	169	1.02993
139	171	0.899715
139	172	0.933514
139	173	0.969197
139	174	0.968004
139	175	0.924534
139	176	0.976533
139	177	0.923945
139	178	0.909862
139	179	0.944482
139	180	0.936294
140	38	1.38655
140	59	0.970101
140	86	1.15405
140	89	0.915161
140	90	1.26434
140	97	1.14848
140	102	1.17197
140	116	1.21028
140	123	0.982504
140	125	1.28183
140	135	0.983572
140	138	0.929858
140	152	1.03086
140	153	0.918464
140	155	0.96943
140	156	0.881471
140	157	0.978541
140	162	1.01119
140	163	0.979257
140	164	0.981559
140	165	0.933461
140	169	0.984541
140	170	0.895535
140	171	0.854326
140	172	0.888125
140	174	0.922614
140	175	0.879144
140	176	0.931143
140	177	0.878555
140	178	0.864473
140	179	0.899092
140	180	0.890904
141	43	1.13547
141	44	1.13865
141	60	0.85177
141	64	0.99869
141	75	0.794462
141	77	1.0894
141	91	1.04603
141	94	1.04145
141	105	1.14502
141	107	1.03126
141	108	0.722984
141	110	0.880862
141	111	0.782233
141	116	0.826682
141	118	1.03207
141	125	1.061
141	127	1.06357
141	145	0.615794
141	147	1.08884
141	154	1.03947
141	156	0.985078
141	158	1.10911
141	159	0.875169
141	161	1.00126
141	164	1.08517
141	168	1.0446
141	169	1.08815
141	170	0.999141
141	174	1.02622
141	176	1.03475
141	178	0.968079
141	179	1.0027
141	180	0.99451
142	14	1.11532
142	22	0.993641
142	30	1.16291
142	57	0.952618
142	60	1.06182
142	68	0.764565
142	94	1.02981
142	98	1.06935
142	101	0.955186
142	111	0.992279
142	114	0.858553
142	128	1.12862
142	136	1.0718
142	147	1.04884
142	148	1.00339
142	151	1.05043
142	156	0.945085
142	160	1.0242
142	163	1.04287
142	164	1.04517
142	165	0.997074
142	168	1.0046
142	169	1.04815
142	170	0.959148
142	172	0.951738
142	173	0.987421
142	174	0.986228
142	175	0.942757
142	176	0.994757
142	177	0.942169
142	178	0.928086
142	179	0.962706
142	180	0.954517
143	10	0.932982
143	14	0.705859
143	25	0.806398
143	32	0.972886
143	39	1.0939
143	41	1.09646
143	47	1.06145
143	56	1.01325
143	61	1.02528
