1	52	1.28177
1	69	0.925259
1	93	0.929354
1	100	0.946297
1	111	0.893334
1	114	0.92604
1	115	0.92859
1	119	0.976226
1	130	0.930088
1	160	0.944812
1	169	1.19364
1	172	1.13118
2	17	0.880593
2	64	0.985599
2	72	0.923662
2	78	0.899106
2	80	0.972194
2	81	0.987238
2	87	0.907836
2	96	0.932419
2	112	1.17814
2	139	1.2176
2	144	0.911353
2	173	1.20946
3	71	0.903255
3	74	0.904255
3	91	0.944747
3	101	0.93853
3	108	0.961327
3	123	0.964791
3	125	0.900465
3	128	1.1436
3	137	0.945211
3	152	0.93742
3	160	1.2452
3	168	1.21336
4	43	0.899881
4	63	0.955962
4	71	0.905141
4	91	0.946633
4	101	0.940416
4	108	0.963213
4	125	0.902351
4	137	0.947097
4	152	0.939306
4	168	1.1869
4	173	1.18977
4	174	1.22865
5	12	1.08934
5	136	1.03795
5	142	1.04927
5	157	0.882961
5	160	0.890355
5	161	0.907594
5	163	1.04862
5	167	0.911887
5	168	1.03846
5	178	1.05029
5	179	1.05089
5	180	1.03518
6	115	1.18456
6	140	1.19354
6	150	0.906248
6	164	0.950198
6	166	0.933018
6	168	0.927868
6	174	0.931789
6	176	1.21699
6	177	0.946298
6	178	0.939698
6	179	0.940299
6	180	0.924585
7	29	0.868205
7	70	0.82009
7	72	1.03395
7	75	1.02822
7	80	1.08248
7	107	0.972672
7	144	1.02164
7	147	1.04533
7	174	1.06236
7	176	0.929886
7	179	1.07087
7	180	1.05515
8	34	1.05394
8	38	0.929253
8	63	1.05382
8	67	1.03604
8	103	1.11282
8	108	1.06107
8	125	1.0002
8	137	1.04495
8	152	1.03716
8	158	0.922175
8	166	0.872157
8	179	0.881192
9	16	0.990358
9	23	0.824803
9	25	0.934986
9	35	0.947014
9	41	0.899981
9	65	0.911832
9	129	0.937215
9	134	0.943416
9	143	1.25145
9	165	1.0104
9	173	1.14644
9	180	1.2038
10	114	1.18096
10	133	1.16903
10	145	0.926979
10	155	0.924066
10	156	1.24521
10	163	0.93506
10	171	0.939629
10	172	0.935256
10	177	0.94333
10	178	0.936731
10	179	0.937332
10	180	0.921617
11	57	0.920771
11	78	1.02135
11	93	1.06148
11	96	1.05467
11	105	1.04781
11	114	1.05816
11	115	1.06071
11	130	1.06221
11	144	1.0336
11	158	0.899407
11	161	0.905527
11	170	0.877312
12	5	1.08934
12	23	1.21511
12	36	0.956945
12	108	0.79932
12	110	1.06705
12	115	1.04645
12	127	0.793723
12	130	1.04795
12	138	0.785643
12	171	1.07086
12	179	1.06856
12	180	1.05285
13	76	1.11676
13	100	1.25551
13	109	1.22343
13	166	0.931849
13	169	0.912844
13	171	0.941427
13	172	0.937055
13	174	0.93062
13	177	0.945129
13	178	0.938529
13	179	0.93913
13	180	0.923416
14	16	0.990358
14	23	0.824803
14	25	0.934986
14	35	0.947014
14	41	0.899981
14	65	0.911832
14	127	1.20405
14	129	0.937215
14	134	0.943416
14	160	1.21664
14	165	1.0104
14	166	1.17775
15	17	1.00917
15	60	0.784813
15	65	0.987419
15	66	1.07091
15	78	1.02768
15	80	1.10077
15	87	1.03641
15	96	1.06099
15	105	1.05413
15	144	1.03993
15	149	0.953208
15	164	0.875249
16	9	0.990358
16	14	0.990358
16	23	0.977683
16	32	1.06446
16	37	1.19102
16	41	1.05286
16	65	1.06471
16	134	1.0963
16	145	0.836306
16	152	0.800912
16	165	1.16327
16	172	0.780075
17	2	0.880593
17	15	1.00917
17	38	0.949385
17	64	0.97515
17	78	0.888656
17	81	0.976788
17	87	0.897387
17	96	0.921969
17	144	0.900903
17	146	1.20255
17	150	1.20617
17	180	1.19748
18	127	0.83019
18	132	0.960007
18	140	0.889941
18	168	1.04568
18	172	1.05604
18	173	1.02653
18	174	1.0496
18	176	0.913393
18	177	1.06411
18	178	1.05751
18	179	1.05811
18	180	1.0424
19	93	0.891886
19	134	0.846305
19	142	1.04995
19	148	0.925631
19	164	1.06148
19	172	1.0495
19	174	1.04307
19	176	0.927755
19	177	1.05758
19	178	1.05098
19	179	1.05158
19	180	1.03586
20	57	0.97139
20	110	1.02185
20	119	1.04888
20	130	1.00275
20	147	0.976851
20	157	1.0138
20	160	1.01747
20	167	1.0108
20	169	0.992355
20	173	0.99178
20	175	0.998108
20	176	0.994557
20	180	0.96729
21	71	1.08458
21	128	1.01474
21	165	0.80755
21	167	0.975554
21	168	1.00963
21	169	0.995771
21	172	1.01998
21	173	0.990477
21	174	1.01355
21	176	1.02463
21	177	1.02806
21	178	1.02146
21	180	1.00634
22	110	1.01452
22	116	1.00568
22	127	1.0313
22	128	0.890292
22	135	1.02345
22	140	1.0139
22	141	0.961101
22	145	1.03911
22	149	1.00122
22	154	1.02072
22	156	1.00072
22	175	1.00329
22	176	0.999736
23	9	0.824803
23	12	1.21511
23	14	0.824803
23	16	0.977683
23	32	0.898907
23	35	0.934339
23	41	0.887306
23	65	0.899157
23	129	0.92454
23	134	0.930742
23	165	0.997721
23	173	1.34456
23	179	1.34366
24	34	1.01608
24	77	1.05096
24	83	0.920081
24	91	1.00663
24	92	0.990762
24	96	1.06109
24	103	1.07496
24	108	1.02321
24	126	1.01023
24	137	1.00709
24	145	0.981536
24	161	0.951557
24	173	0.905345
25	9	0.934986
25	14	0.934986
25	32	1.00909
25	38	1.03056
25	41	0.997489
25	65	1.00934
25	129	1.03472
25	132	1.05358
25	134	1.04092
25	150	0.973426
25	165	1.1079
25	177	0.912748
25	180	0.964736
26	91	0.999253
26	134	0.944412
26	145	1.004
26	154	0.976605
26	161	0.972489
26	164	1.02425
26	170	0.995727
26	171	1.01665
26	172	1.01228
26	177	1.02035
26	178	1.01375
26	179	1.01435
26	180	0.998638
27	48	0.973203
27	69	1.00728
27	100	1.02832
27	111	0.975353
27	114	1.00806
27	115	1.01061
27	119	1.05824
27	130	1.01211
27	153	0.938605
27	158	1.01188
27	160	1.02683
27	164	0.979363
27	177	0.97716
28	51	1.34959
28	94	0.926048
28	124	0.885694
28	133	0.937946
28	136	1.2736
28	138	0.927871
28	143	0.895236
28	153	1.28334
28	161	0.908765
28	162	0.903385
28	167	0.914667
28	175	0.90197
28	176	0.898418
29	7	0.868205
29	74	1.05219
29	76	1.05093
29	109	1.02702
29	121	1.04358
29	124	0.982694
29	145	1.02088
29	148	1.00505
29	149	0.9969
29	161	1.00577
29	172	0.964653
29	173	0.992643
29	176	0.995419
30	148	1.0122
30	154	1.02355
30	155	0.956286
30	156	1.00355
30	161	1.01291
30	162	1.00753
30	163	0.952863
30	167	1.01882
30	169	1.01196
30	170	1.01275
30	175	1.00612
30	176	1.00257
30	180	0.986899
31	65	1.02094
31	121	1.04925
31	143	0.99791
31	149	1.00257
31	150	0.967242
31	156	1.00208
31	157	1.02034
31	159	1.00477
31	167	1.01734
31	169	0.983617
31	175	1.00464
31	176	1.00109
31	178	0.933536
32	16	1.06446
32	23	0.898907
32	25	1.00909
32	35	1.02112
32	38	1.00716
32	65	0.985935
32	85	0.905136
32	129	1.01132
32	134	1.01752
32	155	0.988123
32	162	1.05006
32	165	1.0845
32	173	0.96138
33	85	0.962118
33	88	0.986521
33	98	0.987701
33	106	0.996007
33	113	1.01495
33	128	0.94573
33	143	1.00823
33	149	1.01289
33	157	1.03066
33	161	1.02176
33	162	1.01638
33	175	1.01496
33	176	1.01141
34	8	1.05394
34	24	1.01608
34	82	0.963949
34	83	0.948579
34	92	1.01926
34	104	0.956199
34	108	1.0517
34	112	0.92202
34	125	0.990842
34	137	1.03559
34	148	1.0508
34	152	1.0278
34	171	0.966459
35	9	0.947014
35	14	0.947014
35	23	0.934339
35	32	1.02112
35	41	1.00952
35	65	1.02137
35	102	0.904044
35	129	1.04675
35	134	1.05295
35	139	0.952094
35	140	1.02009
35	156	1.02493
35	165	1.11993
36	12	0.956945
36	48	0.858978
36	73	0.961238
36	110	0.916984
36	111	0.861128
36	114	0.893835
36	115	0.896385
36	119	0.94402
36	120	1.3136
36	130	0.897882
36	135	1.2889
36	160	0.912606
36	173	1.29877
37	16	1.19102
37	138	1.34599
37	147	0.890705
37	155	0.902977
37	157	1.35927
37	163	0.913972
37	164	0.926142
37	168	0.903812
37	174	0.907733
37	177	0.922242
37	178	0.915643
37	179	0.916244
37	180	0.900529
38	8	0.929253
38	17	0.949385
38	25	1.03056
38	32	1.00716
38	65	1.00741
38	75	0.986722
38	81	1.05603
38	87	0.976628
38	144	0.980145
38	145	1.03015
38	160	0.982932
38	165	1.10597
38	177	0.959327
39	62	0.892006
39	86	1.08546
39	97	0.9912
39	116	1.01126
39	129	0.938986
39	135	1.02903
39	149	1.0068
39	150	0.99286
39	161	1.01567
39	162	1.01029
39	167	1.02157
39	175	1.00887
39	176	1.00532
40	50	0.945586
40	133	1.05628
40	137	1.09436
40	142	0.986577
40	159	1.09642
40	168	0.97577
40	169	0.961916
40	171	0.990499
40	172	0.986126
40	173	0.956621
40	177	0.994201
40	178	0.987601
40	179	0.988202
40	180	0.972487
41	9	0.899981
41	14	0.899981
41	16	1.05286
41	23	0.887306
41	25	0.997489
41	35	1.00952
41	65	0.974334
41	120	1.05656
41	127	1.0581
41	129	0.999717
41	134	1.00592
41	136	0.998796
41	159	1.08665
41	165	1.0729
42	43	1.06643
42	58	1.06466
42	83	1.02664
42	101	1.10697
42	111	1.05804
42	114	1.09074
42	123	1.13323
42	130	1.09479
42	137	1.11365
42	146	0.816003
42	160	1.10952
42	164	0.761148
42	170	0.771573
42	174	0.792457
43	4	0.899881
43	42	1.06643
43	90	0.966133
43	92	0.96305
43	101	0.972697
43	103	1.04725
43	123	0.998958
43	125	0.934632
43	137	0.979378
43	152	0.971587
43	158	1.05663
43	168	1.01367
43	172	1.0365
43	175	1.09664
44	99	1.06628
44	102	1.01235
44	141	1.05043
44	143	0.961605
44	148	0.974418
44	149	0.966269
44	155	1.079
44	159	0.968468
44	161	0.975134
44	162	0.969754
44	165	1.07019
44	167	0.981036
44	175	0.968339
44	176	0.964787
45	88	0.805493
45	106	1.05839
45	135	1.0975
45	145	0.913524
45	149	1.07527
45	153	0.804147
45	159	1.07747
45	165	1.17919
45	167	1.09004
45	171	0.850452
45	173	1.07101
45	175	1.07734
45	176	1.07379
45	179	0.836442
46	84	0.760104
46	131	1.08287
46	141	0.812143
46	145	0.890155
46	146	0.876392
46	149	1.07543
46	156	1.07493
46	158	1.08051
46	161	1.08429
46	165	1.17935
46	173	1.07117
46	175	1.0775
46	176	1.07395
46	180	0.871321
47	119	1.06532
47	141	0.970304
47	158	0.93914
47	161	1.12986
47	163	0.959112
47	167	1.13416
47	168	0.948952
47	169	0.935097
47	172	0.959307
47	174	0.952873
47	175	1.16376
47	177	0.967382
47	178	0.960782
47	179	0.961383
47	180	0.945669
48	27	0.973203
48	36	0.858978
48	73	1.01334
48	93	0.949247
48	100	0.96619
48	110	0.969082
48	111	0.913227
48	112	1.09063
48	114	0.945933
48	119	0.996118
48	130	0.949981
48	142	1.12219
48	153	1.08877
48	156	1.20293
48	160	0.964704
49	72	1.04146
49	95	0.808367
49	121	0.848045
49	142	1.05628
49	147	1.03237
49	159	0.878928
49	163	1.05564
49	166	1.05063
49	169	1.03162
49	171	1.06021
49	172	1.05583
49	175	0.914102
49	178	1.05731
49	179	1.05791
49	180	1.0422
50	40	0.945586
50	61	1.10707
50	117	1.05008
50	132	1.03306
50	140	1.05726
50	157	1.06235
50	159	1.04678
50	162	1.04807
50	163	0.824207
50	167	1.05935
50	168	0.79802
50	170	1.05328
50	175	1.04665
50	176	1.0431
50	178	0.833228
51	28	1.34959
51	67	0.947824
51	87	1.1735
51	101	0.950057
51	123	0.976318
51	137	0.956738
51	152	0.948947
51	159	0.984783
51	161	0.986064
51	164	0.968397
51	168	0.946067
51	170	0.939872
51	177	0.964497
51	179	0.958499
51	180	0.942784
52	1	1.28177
52	76	0.973942
52	80	1.06176
52	146	0.949706
52	150	0.927759
52	164	0.971709
52	166	0.954529
52	169	0.935525
52	171	0.964108
52	172	0.959735
52	176	1.17692
52	177	0.96781
52	178	0.96121
52	179	0.961811
52	180	0.946096
53	56	1.13345
53	68	1.09032
53	76	1.05104
53	78	1.05357
53	116	1.00148
53	127	1.02709
53	131	1.00445
53	146	0.873455
53	147	0.877945
53	154	1.01651
53	157	1.01478
53	159	0.999212
53	162	1.0005
53	175	0.999083
53	176	0.995531
53	180	0.868384
54	67	1.00733
54	77	1.06011
54	90	1.003
54	91	1.01578
54	92	0.999917
54	103	1.08412
54	104	0.936856
54	108	1.03236
54	123	1.03583
54	137	1.01624
54	152	1.00845
54	155	0.964976
54	166	0.928306
54	170	0.956229
54	175	1.01834
54	179	0.937341
55	122	1.00673
55	135	1.03335
55	142	0.935119
55	143	1.00646
55	154	1.03062
55	156	1.01063
55	157	1.02889
55	161	1.01999
55	162	1.01461
55	163	0.958206
55	167	1.02589
55	168	0.932019
55	169	1.01731
55	175	1.01319
55	176	1.00964
55	178	0.967226
56	53	1.13345
56	142	0.938063
56	145	0.929335
56	146	0.927583
56	159	1.27414
56	161	1.27542
56	165	1.11171
56	166	0.932406
56	169	0.913402
56	171	0.941985
56	172	0.937612
56	174	0.931178
56	177	0.945687
56	178	0.939087
56	179	0.939688
56	180	0.923973
57	11	0.920771
57	20	0.97139
57	125	1.09462
57	135	0.958378
57	147	0.999654
57	155	1.01193
57	165	0.850746
57	166	1.01791
57	168	1.01276
57	171	1.02749
57	172	1.02312
57	174	1.01668
57	177	1.03119
57	178	1.02459
57	179	1.02519
57	180	1.00948
58	42	1.06466
58	120	1.2327
58	121	0.974164
58	122	0.923091
58	124	0.91328
58	140	0.940166
58	143	0.922823
58	148	0.935635
58	156	0.92699
58	159	0.929685
58	161	0.936351
58	166	1.20794
58	167	0.942253
58	169	1.30029
58	175	0.929556
58	176	0.926005
59	69	1.00721
59	70	1.06192
59	93	1.0113
59	105	0.997632
59	110	1.03114
59	111	0.975285
59	114	1.00799
59	115	1.01054
59	119	1.05818
59	130	1.01204
59	144	1.02261
59	156	0.981004
59	158	0.940121
59	160	1.02676
59	164	0.907601
59	167	0.950534
60	15	0.784813
60	72	1.03139
60	75	1.01701
60	83	1.06244
60	91	0.8969
60	135	1.02674
60	159	1.00671
60	164	1.04174
60	167	1.01928
60	168	1.01941
60	169	1.00555
60	173	1.00026
60	174	1.02333
60	176	1.00303
60	177	1.03784
60	180	1.01612
61	50	1.10707
61	81	1.19867
61	114	1.2297
61	155	0.926112
61	161	1.25918
61	163	0.937107
61	164	0.949277
61	166	0.932097
61	168	0.926947
61	169	0.913092
61	172	0.937303
61	174	0.930868
61	177	0.945377
61	178	0.938778
61	179	0.939378
61	180	0.923664
62	39	0.892006
62	96	1.02773
62	97	1.02305
62	133	0.876778
62	136	1.01246
62	141	1.03432
62	145	1.01504
62	163	1.02313
62	168	1.01297
62	169	0.999111
62	171	1.02769
62	172	1.02332
62	174	1.01689
62	176	0.971566
62	179	1.0254
62	180	1.00968
63	4	0.955962
63	8	1.05382
63	77	1.07933
63	83	0.948449
63	91	1.03499
63	104	0.95607
63	108	1.05157
63	123	1.05504
63	125	0.990713
63	126	1.0386
63	137	1.03546
63	142	0.934319
63	146	0.996513
63	174	0.972967
63	177	0.939455
63	178	0.966427
64	2	0.985599
64	17	0.97515
64	66	1.03689
64	72	1.01822
64	75	1.01249
64	78	0.993663
64	79	0.99656
64	80	1.06675
64	81	1.08179
64	95	0.918079
64	96	1.02698
64	126	0.943498
64	144	1.00591
64	152	0.984506
64	158	0.983801
64	178	0.976049
65	9	0.911832
65	14	0.911832
65	15	0.987419
65	16	1.06471
65	23	0.899157
65	25	1.00934
65	31	1.02094
65	32	0.985935
65	35	1.02137
65	38	1.00741
65	41	0.974334
65	129	1.01157
65	134	1.01777
65	142	1.02676
65	165	1.08475
65	170	1.04453
65	179	1.02564
66	15	1.07091
66	64	1.03689
66	72	0.974953
66	75	0.96922
66	78	0.950396
66	79	0.953293
66	80	1.02348
66	81	1.03853
66	87	0.959127
66	96	0.983709
66	105	0.976847
66	142	1.00594
66	144	0.962643
66	152	1.0465
66	163	1.02902
66	168	1.00284
66	172	1.02566
67	8	1.03604
67	51	0.947824
67	54	1.00733
67	71	0.975724
67	83	0.93067
67	89	0.977763
67	90	1.00443
67	101	1.011
67	104	0.938291
67	123	1.03726
67	125	0.972933
67	126	1.02082
67	137	1.01768
67	164	1.03128
67	166	1.01378
67	173	1.02371
67	174	1.06259
68	53	1.09032
68	74	0.87909
68	76	1.12281
68	118	0.912833
68	121	1.11546
68	132	1.05725
68	135	1.09101
68	143	1.06412
68	144	0.894174
68	159	1.07098
68	161	1.07764
68	162	1.07226
68	163	0.794908
68	169	0.85401
68	175	1.07085
68	176	1.0673
68	177	0.776958
69	1	0.925259
69	27	1.00728
69	59	1.00721
69	70	1.03394
69	100	1.00027
69	110	1.00316
69	111	0.947302
69	114	0.980008
69	115	0.982558
69	119	1.03019
69	130	0.984056
69	142	1.00038
69	151	0.97375
69	160	0.998779
69	162	1.08883
69	163	1.02347
69	172	1.02011
70	7	0.82009
70	59	1.06192
70	69	1.03394
70	73	1.10212
70	93	1.03803
70	100	1.05497
70	110	1.05787
70	111	1.00201
70	114	1.03472
70	115	1.03727
70	119	1.0849
70	120	0.91141
70	130	1.03877
70	152	0.937375
70	160	1.05349
70	170	0.914574
70	173	0.896577
70	178	0.928918
71	3	0.903255
71	4	0.905141
71	21	1.08458
71	67	0.975724
71	77	1.02851
71	90	0.971393
71	92	0.96831
71	103	1.05251
71	104	0.905249
71	108	1.00075
71	125	0.939892
71	126	0.987776
71	137	0.984638
71	152	0.976847
71	153	1.03313
71	158	1.10641
71	170	1.08431
71	178	1.09866
72	2	0.923662
72	7	1.03395
72	49	1.04146
72	60	1.03139
72	64	1.01822
72	66	0.974953
72	75	0.95055
72	78	0.931726
72	79	0.934623
72	80	1.00481
72	81	1.01986
72	87	0.940456
72	96	0.965039
72	105	0.958177
72	144	0.943973
72	153	1.08107
72	163	1.13757
72	173	1.11425
73	36	0.961238
73	48	1.01334
73	70	1.10212
73	93	1.05151
73	99	0.880921
73	100	1.06845
73	110	1.07134
73	111	1.01549
73	112	0.835578
73	114	1.04819
73	115	1.05074
73	118	1.00814
73	119	1.09838
73	130	1.05224
73	154	0.917226
73	160	1.06696
73	173	0.866898
73	178	0.899239
74	3	0.904255
74	29	1.05219
74	68	0.87909
74	78	1.25684
74	104	0.906249
74	123	1.00522
74	125	0.940891
74	126	0.988775
74	137	0.985638
74	148	1.11175
74	156	1.09527
74	169	0.961113
74	171	0.989696
74	174	0.978888
74	177	0.993397
74	178	0.986798
74	179	0.987398
74	180	0.971684
75	7	1.02822
75	38	0.986722
75	60	1.01701
75	64	1.01249
75	66	0.96922
75	72	0.95055
75	78	0.925993
75	79	0.92889
75	80	0.999082
75	81	1.01413
75	84	1.04602
75	87	0.934724
75	96	0.959306
75	105	0.952444
75	113	1.09647
75	144	0.93824
75	159	1.14481
75	173	1.09988
76	13	1.11676
76	29	1.05093
76	52	0.973942
76	53	1.05104
76	68	1.12281
76	100	0.838746
76	126	0.803181
76	133	1.06754
76	138	1.05747
76	140	1.04218
76	157	1.04726
76	159	1.03169
76	164	0.810965
76	167	1.04426
76	173	1.02524
76	175	1.03157
76	176	1.02801
76	180	0.860749
77	24	1.05096
77	54	1.06011
77	63	1.07933
77	71	1.02851
77	83	0.983452
77	91	1.07
77	99	0.871591
77	101	1.06378
77	104	0.991072
77	108	1.08658
77	123	1.09004
77	125	1.02572
77	132	1.00377
77	137	1.07046
77	170	0.875565
77	171	0.870687
77	174	0.896449
77	178	0.889908
78	2	0.899106
78	11	1.02135
78	15	1.02768
78	17	0.888656
78	53	1.05357
78	64	0.993663
78	66	0.950396
78	72	0.931726
78	74	1.25684
78	75	0.925993
78	79	0.910066
78	80	0.980258
78	81	0.995301
78	87	0.9159
78	96	0.940482
78	102	1.10943
78	112	1.11802
78	144	0.919416
78	170	1.16733
79	64	0.99656
79	66	0.953293
79	72	0.934623
79	75	0.92889
79	78	0.910066
79	87	0.918797
79	96	0.943379
79	100	0.967134
79	110	0.970026
79	111	0.91417
79	115	0.949427
79	119	0.997062
79	130	0.950924
79	138	1.13936
79	158	1.17115
79	160	0.965648
79	168	1.12819
79	177	1.13643
79	179	1.13017
80	2	0.972194
80	7	1.08248
80	15	1.10077
80	52	1.06176
80	64	1.06675
80	66	1.02348
80	72	1.00481
80	75	0.999082
80	78	0.980258
80	81	1.06839
80	87	0.988988
80	96	1.01357
80	105	1.00671
80	118	1.03245
80	138	0.899509
80	144	0.992505
80	155	0.91795
80	171	0.904326
80	179	0.890316
81	2	0.987238
81	17	0.976788
81	38	1.05603
81	61	1.19867
81	64	1.08179
81	66	1.03853
81	72	1.01986
81	75	1.01413
81	78	0.995301
81	80	1.06839
81	87	1.00403
81	96	1.02861
81	105	1.02175
81	141	0.89067
81	144	1.00755
81	170	0.910488
81	173	0.892491
81	178	0.924832
81	179	0.8916
82	34	0.963949
82	95	0.891768
82	135	0.907531
82	137	0.960274
82	150	0.995953
82	151	1.02802
82	153	1.01825
82	159	0.962329
82	162	1.00608
82	164	1.0399
82	166	1.02272
82	169	1.00372
82	171	1.0323
82	172	1.02793
82	174	1.02149
82	177	1.036
82	178	1.0294
82	179	1.03
82	180	1.01429
83	24	0.920081
83	34	0.948579
83	42	1.02664
83	60	1.06244
83	63	0.948449
83	67	0.93067
83	77	0.983452
83	90	0.926339
83	91	0.93912
83	101	0.932904
83	103	1.00746
83	123	0.959165
83	125	0.894838
83	126	0.942722
83	137	0.939584
83	158	1.1854
83	164	1.15288
83	168	1.14244
83	170	1.1633
84	46	0.760104
84	75	1.04602
84	113	1.00349
84	122	0.994454
84	124	1.0115
84	136	1.01987
84	139	1.01239
84	140	0.92906
84	148	0.950388
84	151	1.03083
84	163	1.03054
84	168	1.02038
84	169	1.00653
84	172	1.03074
84	174	1.0243
84	177	1.03881
84	178	1.03221
84	179	1.03281
84	180	1.0171
85	32	0.905136
85	33	0.962118
85	106	1.0252
85	141	1.03544
85	148	0.948006
85	151	1.02453
85	155	1.01325
85	158	1.00428
85	163	1.02425
85	164	1.03642
85	166	1.01924
85	167	0.90105
85	171	1.02882
85	174	1.01801
85	176	0.95013
85	177	1.03252
85	178	1.02592
85	179	1.02652
85	180	1.01081
86	39	1.08546
86	107	1.2078
86	115	1.13258
86	117	1.15996
86	137	1.10831
86	142	0.956691
86	147	0.932777
86	151	0.95633
86	163	0.956045
86	164	0.968215
86	168	0.945885
86	169	0.93203
86	171	0.960613
86	172	0.956241
86	173	0.926735
86	174	0.949806
86	178	0.957715
86	179	0.958316
86	180	0.942602
87	2	0.907836
87	15	1.03641
87	17	0.897387
87	38	0.976628
87	51	1.1735
87	66	0.959127
87	72	0.940456
87	75	0.934724
87	78	0.9159
87	79	0.918797
87	80	0.988988
87	81	1.00403
87	96	0.949213
87	105	0.942351
87	128	1.06781
87	142	1.14067
87	144	0.928147
87	155	1.16718
87	170	1.15844
88	33	0.986521
88	45	0.805493
88	97	1.02601
88	101	0.927394
88	106	1.0496
88	108	0.896928
88	113	1.00492
88	145	1.02389
88	150	1.00019
88	153	1.02249
88	155	1.02098
88	164	1.04414
88	166	1.02696
88	168	1.02181
88	169	1.00796
88	177	1.04024
88	178	1.03364
88	179	1.03424
88	180	1.01853
89	67	0.977763
89	117	0.955372
89	118	0.996311
89	147	1.01058
89	150	1.00206
89	153	1.02436
89	161	0.907054
89	162	0.949521
89	163	1.03385
89	166	1.02883
89	168	1.02368
89	169	1.00983
89	171	1.03841
89	172	1.03404
89	175	0.940948
89	176	0.960427
89	177	1.04212
89	178	1.03552
89	180	1.0204
90	43	0.966133
90	54	1.003
90	67	1.00443
90	71	0.971393
90	83	0.926339
90	91	1.01288
90	92	0.99702
90	94	1.01393
90	101	1.00667
90	103	1.08122
90	108	1.02946
90	117	1.09477
90	125	0.968602
90	136	0.957313
90	137	1.01335
90	145	1.07643
90	151	0.973842
90	152	1.00556
90	165	0.882741
90	170	1.01824
91	3	0.944747
91	4	0.946633
91	24	1.00663
91	26	0.999253
91	54	1.01578
91	60	0.8969
91	63	1.03499
91	77	1.07
91	83	0.93912
91	90	1.01288
91	92	1.0098
91	101	1.01945
91	104	0.946741
91	123	1.04571
91	125	0.981384
91	137	1.02613
91	140	1.0559
91	163	1.00308
91	178	1.0121
91	180	1.03712
92	24	0.990762
92	34	1.01926
92	43	0.96305
92	54	0.999917
92	71	0.96831
92	90	0.99702
92	91	1.0098
92	94	1.01085
92	103	1.07814
92	104	0.930877
92	108	1.02638
92	120	0.987864
92	123	1.02985
92	125	0.965519
92	137	1.01027
92	147	1.03995
92	158	1.01312
92	170	0.991028
92	173	0.973031
92	178	1.00537
93	1	0.929354
93	11	1.06148
93	19	0.891886
93	48	0.949247
93	59	1.0113
93	70	1.03803
93	73	1.05151
93	100	1.00436
93	110	1.00725
93	111	0.951397
93	114	0.984103
93	115	0.986653
93	118	1.11175
93	119	1.03429
93	130	0.988151
93	150	1.03655
93	160	1.00287
93	161	1.01672
93	166	0.960578
93	170	0.988501
94	28	0.926048
94	90	1.01393
94	92	1.01085
94	104	0.947791
94	108	1.0433
94	125	0.982433
94	137	1.02718
94	143	0.996954
94	150	1.03475
94	152	1.01939
94	155	0.995442
94	157	1.01938
94	159	1.00382
94	162	1.0051
94	168	0.965832
94	172	0.988659
94	175	1.00369
94	176	1.00014
94	178	1.00104
94	180	1.02606
95	49	0.808367
95	64	0.918079
95	82	0.891768
95	99	0.895182
95	107	1.01896
95	117	1.04478
95	118	1.0224
95	122	1.03489
95	129	0.893331
95	132	1.02775
95	138	1.06725
95	141	0.879337
95	154	1.05878
95	156	1.03879
95	159	1.04148
95	161	1.04815
95	162	1.04277
95	165	1.1432
95	167	1.05405
95	175	1.04135
95	176	1.0378
96	2	0.932419
96	11	1.05467
96	15	1.06099
96	17	0.921969
96	24	1.06109
96	62	1.02773
96	64	1.02698
96	66	0.983709
96	72	0.965039
96	75	0.959306
96	78	0.940482
96	79	0.943379
96	80	1.01357
96	81	1.02861
96	87	0.949213
96	105	0.966933
96	144	0.952729
96	151	1.03614
96	166	1.05261
96	177	1.0679
96	179	1.06164
97	39	0.9912
97	62	1.02305
97	88	1.02601
97	109	0.989991
97	112	0.978151
97	117	0.965368
97	127	0.989948
97	139	1.06599
97	140	0.972549
97	146	1.12028
97	153	1.02467
97	154	0.979369
97	157	0.977635
97	158	0.964949
97	161	0.968734
97	162	0.963354
97	165	1.06379
97	166	1.04793
97	167	0.974636
97	175	0.961939
97	176	0.958387
98	33	0.987701
98	107	0.929956
98	126	1.10054
98	127	0.980357
98	133	0.988323
98	135	0.972506
98	136	1.05782
98	149	0.950277
98	151	1.07435
98	154	0.969778
98	156	0.949781
98	157	0.968043
98	159	0.952476
98	160	0.971709
98	161	0.959142
98	162	0.953763
98	167	0.965044
98	174	1.13963
98	175	0.952348
98	176	0.948796
98	177	1.10612
98	178	1.13309
99	44	1.06628
99	73	0.880921
99	77	0.871591
99	95	0.895182
99	112	1.02566
99	145	1.02435
99	150	1.00065
99	154	0.971139
99	157	0.94239
99	161	0.967023
99	163	1.03243
99	164	1.0446
99	166	1.02742
99	168	1.02227
99	169	1.00842
99	170	1.01608
99	171	1.037
99	172	1.03263
99	177	1.0407
99	178	1.0341
99	179	1.0347
99	180	1.01899
100	1	0.946297
100	13	1.25551
100	27	1.02832
100	48	0.96619
100	69	1.00027
100	70	1.05497
100	73	1.06845
100	76	0.838746
100	79	0.967134
100	93	1.00436
100	105	0.990687
100	110	1.0242
100	111	0.968341
100	112	0.910821
100	114	1.00105
100	115	1.0036
100	119	1.05123
100	130	1.00509
100	145	1.01833
100	158	0.982234
100	160	1.01982
100	170	0.960139
100	173	0.942142
101	3	0.93853
101	4	0.940416
101	42	1.10697
101	43	0.972697
101	51	0.950057
101	67	1.011
101	77	1.06378
101	83	0.932904
101	88	0.927394
101	90	1.00667
101	91	1.01945
101	103	1.08779
101	123	1.03949
101	125	0.975167
101	126	1.02305
101	137	1.01991
101	144	1.08182
101	152	1.01212
101	167	1.00974
101	172	0.979194
101	173	0.959234
101	178	0.991574
101	179	0.958343
102	35	0.904044
102	44	1.01235
102	78	1.10943
102	116	0.945316
102	117	0.961409
102	132	1.01308
102	139	0.993757
102	146	1.00207
102	147	0.988636
102	153	1.00242
102	163	1.0119
102	164	1.02407
102	166	1.00689
102	168	1.00174
102	169	0.987889
102	171	1.01647
102	172	1.0121
102	174	1.00566
102	175	0.946984
102	177	1.02017
102	178	1.01357
102	179	1.01417
102	180	0.99846
103	8	1.11282
103	24	1.07496
103	43	1.04725
103	54	1.08412
103	71	1.05251
103	83	1.00746
103	90	1.08122
103	92	1.07814
103	101	1.08779
103	104	1.01508
103	107	0.94745
103	108	1.11058
103	123	1.11405
103	125	1.04972
103	126	1.09761
103	142	0.805313
103	144	0.927665
103	152	1.08668
103	158	0.845171
103	162	0.893758
103	166	0.795153
103	169	0.887501
103	173	0.805079
104	34	0.956199
104	54	0.936856
104	63	0.95607
104	67	0.938291
104	71	0.905249
104	74	0.906249
104	77	0.991072
104	91	0.946741
104	92	0.930877
104	94	0.947791
104	103	1.01508
104	108	0.963321
104	123	0.966785
104	125	0.902459
104	126	0.950342
104	137	0.947205
104	144	1.22397
104	152	0.939414
104	155	1.12812
104	158	1.14147
104	162	1.19006
104	164	1.10895
104	171	1.1145
105	11	1.04781
105	15	1.05413
105	59	0.997632
105	66	0.976847
105	72	0.958177
105	75	0.952444
105	80	1.00671
105	81	1.02175
105	87	0.942351
105	96	0.966933
105	100	0.990687
105	110	0.993579
105	111	0.937724
105	113	1.0021
105	114	0.97043
105	115	0.97298
105	119	1.02062
105	125	1.13188
105	126	1.0053
105	160	0.989202
105	170	1.02351
105	173	1.00551
105	178	1.03785
105	179	1.00462
106	33	0.996007
106	45	1.05839
106	85	1.0252
106	88	1.0496
106	122	0.954188
106	128	1.00881
106	131	0.966023
106	140	0.971264
106	149	0.958583
106	152	1.12224
106	154	0.978084
106	155	1.10819
106	156	0.958088
106	157	0.976349
106	159	0.960782
106	160	0.980015
106	161	0.967449
106	162	0.962069
106	167	0.97335
106	170	0.967281
106	171	1.09456
106	172	1.1014
106	173	0.954326
106	175	0.960654
106	176	0.957102
107	7	0.972672
107	86	1.2078
107	95	1.01896
107	98	0.929956
107	103	0.94745
107	116	0.959613
107	117	0.960647
107	121	1.00183
107	124	0.940942
107	127	0.985227
107	138	0.983119
107	141	1.04734
107	143	0.950485
107	144	1.17174
107	148	0.963297
107	154	0.974648
107	156	0.954652
107	157	0.972914
107	163	1.07248
107	165	1.05907
107	167	0.969915
107	170	0.963845
107	174	1.08804
107	175	0.957218
107	176	0.953667
108	3	0.961327
108	4	0.963213
108	8	1.06107
108	12	0.79932
108	24	1.02321
108	34	1.0517
108	54	1.03236
108	63	1.05157
108	71	1.00075
108	77	1.08658
108	88	0.896928
108	90	1.02946
108	92	1.02638
108	94	1.0433
108	103	1.11058
108	104	0.963321
108	123	1.06229
108	125	0.997963
108	133	0.933565
108	146	0.991195
108	152	1.03492
108	154	0.979095
108	158	0.968859
108	172	0.948728
108	180	0.986124
109	13	1.22343
109	29	1.02702
109	97	0.989991
109	114	0.926794
109	117	1.01109
109	122	1.0012
109	123	0.918942
109	132	0.994065
109	133	1.04364
109	143	1.00093
109	145	0.986257
109	148	1.01374
109	154	1.02509
109	156	1.0051
109	157	1.02336
109	159	1.00779
109	161	1.01446
109	162	1.00908
109	164	0.917639
109	167	1.02036
109	171	0.923185
109	173	1.00133
109	175	1.00766
109	176	1.00411
109	178	0.942407
109	180	0.967423
110	12	1.06705
110	20	1.02185
110	22	1.01452
110	36	0.916984
110	48	0.969082
110	59	1.03114
110	69	1.00316
110	70	1.05787
110	73	1.07134
110	79	0.970026
110	93	1.00725
110	100	1.0242
110	105	0.993579
110	111	0.971232
110	114	1.00394
110	115	1.00649
110	119	1.05412
110	121	0.972435
110	129	0.970559
110	130	1.00799
110	136	0.915459
110	140	1.03452
110	160	1.02271
110	170	0.976384
110	173	0.958386
110	177	0.963756
111	1	0.893334
111	27	0.975353
111	36	0.861128
111	42	1.05804
111	48	0.913227
111	59	0.975285
111	69	0.947302
111	70	1.00201
111	73	1.01549
111	79	0.91417
111	93	0.951397
111	100	0.968341
111	105	0.937724
111	110	0.971232
111	113	1.08401
111	114	0.948083
111	115	0.950633
111	119	0.998269
111	130	0.952131
111	160	0.966855
111	163	1.11074
111	167	1.13792
111	170	1.10542
111	171	1.10054
111	174	1.1263
111	180	1.14478
112	2	1.17814
112	34	0.92202
112	48	1.09063
112	73	0.835578
112	78	1.11802
112	97	0.978151
112	99	1.02566
112	100	0.910821
112	119	0.857135
112	123	0.884343
112	149	0.993751
112	150	0.987023
112	154	1.01325
112	156	0.993256
112	159	0.995951
112	162	0.997237
112	163	1.0188
112	165	1.09767
112	166	1.01379
112	171	1.02337
112	175	0.995822
112	176	0.99227
112	177	1.02707
112	178	1.02047
112	179	1.02107
112	180	1.00536
113	33	1.01495
113	75	1.09647
113	84	1.00349
113	88	1.00492
113	105	1.0021
113	111	1.08401
113	121	0.917429
113	136	0.987858
113	142	0.999172
113	146	0.988692
113	151	0.998811
113	155	0.987531
113	162	0.992059
113	163	0.998526
113	164	1.0107
113	166	0.993515
113	168	0.988366
113	169	0.974511
113	171	1.00309
113	172	0.998722
113	173	0.969216
113	175	0.983486
113	176	1.00297
113	177	1.0068
113	178	1.0002
113	179	1.0008
113	180	0.985083
114	1	0.92604
114	10	1.18096
114	11	1.05816
114	27	1.00806
114	36	0.893835
114	42	1.09074
114	48	0.945933
114	59	1.00799
114	61	1.2297
114	69	0.980008
114	70	1.03472
114	73	1.04819
114	93	0.984103
114	100	1.00105
114	105	0.97043
114	109	0.926794
114	110	1.00394
114	111	0.948083
114	115	0.98334
114	119	1.03097
114	129	0.935688
114	130	0.984837
114	141	0.921694
114	143	1.02853
114	146	0.985943
114	151	0.897118
114	160	0.999561
115	1	0.92859
115	6	1.18456
115	11	1.06071
115	12	1.04645
115	27	1.01061
115	36	0.896385
115	59	1.01054
115	69	0.982558
115	70	1.03727
115	73	1.05074
115	79	0.949427
115	86	1.13258
115	93	0.986653
115	100	1.0036
115	105	0.97298
115	110	1.00649
115	111	0.950633
115	114	0.98334
115	119	1.03352
115	121	0.987987
115	130	0.987387
115	155	1.00068
115	160	1.00211
115	163	0.997258
115	165	0.856439
115	168	0.971071
115	173	0.973938
116	22	1.00568
116	39	1.01126
116	53	1.00148
116	102	0.945316
116	107	0.959613
116	120	1.00006
116	121	1.02661
116	132	0.968407
116	140	0.992614
116	143	0.97527
116	147	1.05214
116	149	0.979934
116	154	0.999434
116	157	0.9977
116	159	0.982133
116	161	0.988799
116	162	0.983419
116	163	1.00854
116	165	1.08386
116	167	0.994701
116	169	1.06765
116	170	0.988631
116	171	0.998344
116	174	1.02411
116	175	0.982004
116	176	0.978452
116	178	1.01757
117	50	1.05008
117	86	1.15996
117	89	0.955372
117	90	1.09477
117	95	1.04478
117	97	0.965368
117	102	0.961409
117	107	0.960647
117	109	1.01109
117	128	0.928687
117	134	1.01791
117	135	1.0032
117	138	1.00894
117	143	0.976305
117	149	0.980968
117	158	0.986049
117	159	0.983167
117	160	1.0024
117	162	0.984454
117	164	1.00889
117	166	0.991392
117	167	0.995735
117	170	0.989666
117	173	0.976711
117	175	0.983039
117	176	0.979487
117	177	1.00669
118	68	0.912833
118	73	1.00814
118	80	1.03245
118	89	0.996311
118	93	1.11175
118	95	1.0224
118	131	1.09081
118	139	0.969893
118	144	0.941084
118	145	0.979957
118	148	1.14549
118	153	0.978558
118	155	0.977044
118	157	1.06961
118	163	0.988039
118	164	1.00021
118	166	0.983028
118	168	0.977878
118	169	0.964024
118	170	0.971684
118	171	0.992607
118	172	0.988234
118	173	0.958729
118	174	0.981799
118	177	0.996309
118	178	0.989709
118	179	0.99031
118	180	0.974595
119	1	0.976226
119	20	1.04888
119	27	1.05824
119	36	0.94402
119	47	1.06532
119	48	0.996118
119	59	1.05818
119	69	1.03019
119	70	1.0849
119	73	1.09838
119	79	0.997062
119	93	1.03429
119	100	1.05123
119	105	1.02062
119	110	1.05412
119	111	0.998269
119	112	0.857135
119	114	1.03097
119	115	1.03352
119	129	0.900629
119	130	1.03502
119	145	0.964647
119	147	0.955374
119	153	0.85527
119	160	1.04975
119	167	0.938962
119	174	0.927337
119	180	0.945813
120	36	1.3136
120	41	1.05656
120	58	1.2327
120	70	0.91141
120	92	0.987864
120	116	1.00006
120	128	0.97988
120	136	0.974256
120	141	0.996116
120	142	0.98557
120	145	0.976843
120	153	0.975443
120	155	0.973929
120	157	0.9432
120	158	0.964952
120	160	0.950594
120	164	0.997094
120	166	0.979913
120	168	0.974764
120	169	0.960909
120	170	0.968569
120	171	0.989492
120	172	0.98512
120	174	0.978685
120	177	0.993194
120	178	0.986594
120	179	0.987195
120	180	0.971481
121	29	1.04358
121	31	1.04925
121	49	0.848045
121	58	0.974164
121	68	1.11546
121	107	1.00183
121	110	0.972435
121	113	0.917429
121	115	0.987987
121	116	1.02661
121	137	0.963714
121	140	1.03483
121	143	1.01748
121	154	1.04165
121	156	1.02165
121	157	1.03991
121	158	1.02723
121	159	1.02435
121	160	1.04358
121	161	1.03101
121	162	1.02563
121	163	0.944157
121	164	0.928409
121	167	1.03691
121	168	0.91797
121	175	1.02422
121	176	1.02067
121	177	0.926206
122	55	1.00673
122	58	0.923091
122	84	0.994454
122	95	1.03489
122	106	0.954188
122	109	1.0012
122	124	0.956868
122	126	1.0481
122	131	0.978513
122	133	1.00912
122	136	1.00539
122	141	1.04649
122	143	0.966411
122	148	0.979223
122	150	1.11436
122	154	0.990574
122	156	0.970578
122	159	0.973273
122	160	0.992505
122	161	0.979939
122	162	0.974559
122	167	0.985841
122	168	1.04545
122	170	0.979771
122	175	0.973144
122	176	0.969593
122	177	1.05368
122	180	1.10567
123	3	0.964791
123	42	1.13323
123	43	0.998958
123	51	0.976318
123	54	1.03583
123	63	1.05504
123	67	1.03726
123	74	1.00522
123	77	1.09004
123	83	0.959165
123	91	1.04571
123	92	1.02985
123	101	1.03949
123	103	1.11405
123	104	0.966785
123	108	1.06229
123	109	0.918942
123	112	0.884343
123	125	1.00143
123	137	1.04617
123	141	0.913842
123	152	1.03838
123	156	0.996639
123	158	0.955755
123	171	0.928782
123	172	0.935624
123	174	0.954545
123	177	0.921032
124	28	0.885694
124	29	0.982694
124	58	0.91328
124	84	1.0115
124	107	0.940942
124	122	0.956868
124	129	1.07753
124	131	0.968702
124	138	0.989234
124	140	0.973943
124	143	0.9566
124	145	1.14155
124	148	0.969412
124	149	0.961263
124	154	0.980763
124	157	0.979029
124	158	0.966343
124	159	0.963462
124	160	0.982695
124	162	0.964748
124	165	1.06518
124	167	0.97603
124	168	1.0625
124	169	1.14778
124	172	1.08532
124	175	0.963333
124	176	0.959782
124	179	1.06447
124	180	1.12272
125	3	0.900465
125	4	0.902351
125	8	1.0002
125	34	0.990842
125	43	0.934632
125	57	1.09462
125	63	0.990713
125	67	0.972933
125	71	0.939892
125	74	0.940891
125	77	1.02572
125	83	0.894838
125	90	0.968602
125	91	0.981384
125	92	0.965519
125	94	0.982433
125	101	0.975167
125	103	1.04972
125	104	0.902459
125	105	1.13188
125	108	0.997963
125	123	1.00143
125	131	1.07594
125	137	0.981847
125	139	1.0413
125	144	1.15575
125	149	1.11869
125	170	1.05116
125	173	1.03316
126	24	1.01023
126	63	1.0386
126	64	0.943498
126	67	1.02082
126	71	0.987776
126	74	0.988775
126	76	0.803181
126	83	0.942722
126	98	1.10054
126	101	1.02305
126	103	1.09761
126	104	0.950342
126	105	1.0053
126	122	1.0481
126	134	0.924712
126	137	1.02973
126	139	1.01107
126	150	0.99744
126	157	0.928156
126	159	0.951509
126	166	1.02421
126	169	1.00521
126	171	1.03379
126	174	1.02298
126	175	0.986683
126	177	1.03749
126	178	1.03089
126	179	1.03149
126	180	1.01578
127	12	0.793723
127	14	1.20405
127	18	0.83019
127	22	1.0313
127	41	1.0581
127	53	1.02709
127	97	0.989948
127	98	0.980357
127	107	0.985227
127	132	0.994022
127	135	1.02778
127	137	0.966048
127	138	1.03352
127	140	1.01823
127	147	0.990088
127	148	1.0137
127	158	1.01063
127	159	1.00775
127	161	1.01441
127	162	1.00903
127	165	1.10947
127	167	1.02032
127	170	1.01425
127	173	1.00129
127	175	1.00762
127	176	1.00407
127	177	0.92854
127	178	0.955511
127	180	0.980527
128	3	1.1436
128	21	1.01474
128	22	0.890292
128	33	0.94573
128	87	1.06781
128	106	1.00881
128	117	0.928687
128	120	0.97988
128	139	1.00238
128	141	1.03172
128	148	0.931618
128	151	1.02081
128	152	1.01325
128	153	1.01105
128	155	1.00953
128	156	0.915133
128	160	0.863131
128	163	1.02053
128	164	1.0327
128	166	1.01552
128	168	1.01037
128	169	0.996515
128	171	1.0251
128	172	1.02072
128	174	1.01429
128	177	1.0288
128	178	1.0222
128	179	1.0228
128	180	1.00709
129	9	0.937215
129	14	0.937215
129	23	0.92454
129	25	1.03472
129	32	1.01132
129	35	1.04675
129	39	0.938986
129	41	0.999717
129	65	1.01157
129	95	0.893331
129	110	0.970559
129	114	0.935688
129	119	0.900629
129	124	1.07753
129	131	0.961739
129	134	1.04315
129	142	1.03191
129	146	1.02143
129	147	1.00799
129	148	1.01642
129	165	1.11013
129	166	1.02625
129	169	1.00725
129	174	1.02502
129	175	0.999066
129	177	1.03953
129	178	1.03293
129	179	1.03353
129	180	1.01782
130	1	0.930088
130	11	1.06221
130	12	1.04795
130	20	1.00275
130	27	1.01211
130	36	0.897882
130	42	1.09479
130	48	0.949981
130	59	1.01204
130	69	0.984056
130	70	1.03877
130	73	1.05224
130	79	0.950924
130	93	0.988151
130	100	1.00509
130	110	1.00799
130	111	0.952131
130	114	0.984837
130	115	0.987387
130	119	1.03502
130	137	1.0192
130	138	0.984623
130	144	1.09891
130	151	0.949923
130	153	0.943135
130	154	1.02665
130	158	1.01641
130	160	1.00361
130	168	0.973454
130	170	0.994318
131	46	1.08287
131	53	1.00445
131	106	0.966023
131	118	1.09081
131	122	0.978513
131	124	0.968702
131	125	1.07594
131	129	0.961739
131	134	1.01985
131	138	1.01088
131	139	0.957707
131	140	0.995589
131	148	0.991058
131	149	0.982908
131	152	0.990364
131	154	1.00241
131	156	0.982412
131	157	1.00067
131	158	0.987988
131	160	1.00434
131	161	0.991773
131	163	0.972887
131	165	1.08683
131	167	0.997675
131	169	1.03199
131	173	0.978651
131	175	0.984979
131	176	0.981427
131	178	0.981907
131	179	0.948676
132	18	0.960007
132	25	1.05358
132	50	1.03306
132	68	1.05725
132	77	1.00377
132	95	1.02775
132	102	1.01308
132	109	0.994065
132	116	0.968407
132	127	0.994022
132	133	1.00199
132	134	1.00089
132	135	0.986171
132	138	0.991913
132	143	0.959279
132	148	0.972092
132	156	0.963447
132	157	0.981708
132	158	0.969023
132	159	0.966141
132	160	0.985374
132	161	0.972807
132	162	0.967428
132	164	1.06056
132	166	1.04306
132	167	0.978709
132	168	1.05012
132	171	1.06611
132	175	0.966013
132	176	0.962461
132	177	1.05836
133	10	1.16903
133	28	0.937946
133	40	1.05628
133	62	0.876778
133	76	1.06754
133	98	0.988323
133	108	0.933565
133	109	1.04364
133	122	1.00912
133	132	1.00199
133	135	1.03574
133	136	0.868658
133	140	1.0262
133	143	1.00885
133	148	1.02166
133	149	1.01352
133	154	1.03302
133	156	1.01302
133	157	1.03128
133	159	1.01571
133	160	1.03495
133	161	1.02238
133	162	1.017
133	163	0.934906
133	167	1.02828
133	169	0.994008
133	170	1.02221
133	174	0.950467
133	175	1.01559
133	176	1.01203
133	177	0.916955
133	179	0.910694
134	9	0.943416
134	14	0.943416
134	16	1.0963
134	19	0.846305
134	23	0.930742
134	25	1.04092
134	26	0.944412
134	32	1.01752
134	35	1.05295
134	41	1.00592
134	65	1.01777
134	117	1.01791
134	126	0.924712
134	129	1.04315
134	131	1.01985
134	132	1.00089
134	138	1.04038
134	144	1.04751
134	145	1.00111
134	150	0.99097
134	159	1.01461
134	161	1.02128
134	162	1.0159
134	165	1.11633
134	167	1.02718
134	169	1.00735
134	171	0.938042
134	173	1.00815
134	175	1.01448
134	176	1.01093
134	177	0.930293
134	180	0.98228
135	22	1.02345
135	36	1.2889
135	39	1.02903
135	45	1.0975
135	55	1.03335
135	57	0.958378
135	60	1.02674
135	68	1.09101
135	82	0.907531
135	98	0.972506
135	117	1.0032
135	127	1.02778
135	132	0.986171
135	133	1.03574
135	138	1.02567
135	139	0.905062
135	140	1.01038
135	143	0.993034
135	148	1.00585
135	152	0.937719
135	154	1.0172
135	156	0.997201
135	161	1.00656
135	162	1.00118
135	164	0.904494
135	165	1.10162
135	167	1.01246
135	170	1.00639
135	171	0.91004
135	172	0.916882
135	174	0.935803
135	175	0.999768
135	176	0.996216
135	179	0.89603
135	180	0.954278
136	5	1.03795
136	28	1.2736
136	41	0.998796
136	62	1.01246
136	84	1.01987
136	90	0.957313
136	98	1.05782
136	110	0.915459
136	113	0.987858
136	120	0.974256
136	122	1.00539
136	133	0.868658
136	140	0.939994
136	142	1.01555
136	146	1.00507
136	147	0.991638
136	150	0.983125
136	151	1.01519
136	153	1.00542
136	155	1.00391
136	161	0.910073
136	162	0.95254
136	163	1.01491
136	164	1.02707
136	166	1.00989
136	167	0.914367
136	168	1.00475
136	169	0.990891
136	170	0.99855
136	171	1.01947
136	172	1.0151
136	174	1.00867
136	177	1.02318
136	178	1.01658
136	179	1.01718
136	180	1.00146
137	3	0.945211
137	4	0.947097
137	8	1.04495
137	24	1.00709
137	34	1.03559
137	40	1.09436
137	42	1.11365
137	43	0.979378
137	51	0.956738
137	54	1.01624
137	63	1.03546
137	67	1.01768
137	71	0.984638
137	74	0.985638
137	77	1.07046
137	82	0.960274
137	83	0.939584
137	86	1.10831
137	90	1.01335
137	91	1.02613
137	92	1.01027
137	94	1.02718
137	101	1.01991
137	104	0.947205
137	121	0.963714
137	123	1.04617
137	125	0.981847
137	126	1.02973
137	127	0.966048
137	130	1.0192
137	152	1.0188
137	165	0.832167
137	170	0.967662
137	171	0.962784
137	178	0.982006
137	179	0.948774
138	12	0.785643
138	28	0.927871
138	37	1.34599
138	76	1.05747
