1	10	0.776932
1	25	0.763259
1	41	0.810839
1	46	0.820268
1	59	0.79003
1	62	0.784764
1	75	0.827751
1	79	0.827873
1	113	1.18765
1	148	0.82073
1	164	5.6025
1	179	2.4128
2	33	1.1846
2	73	0.885486
2	80	1.62488
2	137	0.674955
2	149	0.837275
2	156	0.783434
2	157	0.782096
2	170	0.808041
2	171	0.791527
2	174	0.783343
2	177	0.738284
2	180	0.781275
3	25	0.768873
3	33	0.768265
3	41	0.816453
3	59	0.795644
3	62	0.790379
3	75	0.833366
3	79	0.833488
3	91	2.79563
3	116	2.10437
3	123	0.784359
3	148	0.826344
3	150	2.91885
4	20	0.869914
4	43	0.744061
4	60	0.701711
4	64	0.683142
4	76	0.683705
4	90	0.770075
4	98	0.704372
4	103	0.704427
4	144	2.30912
4	160	4.57425
4	166	0.674407
4	179	0.671548
5	8	0.708526
5	12	0.715247
5	16	0.767837
5	24	0.695689
5	31	0.74536
5	42	0.730478
5	47	0.724903
5	52	0.707109
5	78	0.745068
5	117	0.673822
5	165	4.7178
5	166	2.53364
6	12	0.706889
6	16	0.759479
6	36	0.743551
6	42	0.72212
6	47	0.716545
6	52	0.69875
6	66	0.724129
6	78	0.73671
6	113	0.736029
6	117	0.665463
6	172	3.80164
6	179	3.52823
7	20	0.87461
7	60	0.706407
7	71	0.761275
7	76	0.688401
7	98	0.709068
7	103	0.709123
7	120	0.674151
7	132	0.726799
7	158	1.62121
7	166	0.679103
7	175	6.00007
7	179	0.676244
8	5	0.708526
8	12	0.715069
8	24	0.695511
8	31	0.745182
8	36	0.751732
8	47	0.724726
8	52	0.706931
8	78	0.74489
8	101	2.4458
8	113	0.74421
8	117	0.673644
8	147	4.94234
9	55	0.696312
9	57	0.697142
9	65	0.631639
9	67	0.673932
9	80	0.616345
9	83	0.65754
9	92	0.643892
9	107	0.62322
9	112	0.647107
9	115	0.63817
9	118	0.666849
9	136	5.52348
10	1	0.776932
10	45	0.724844
10	46	0.71926
10	58	0.764929
10	59	0.689023
10	62	0.683757
10	75	0.726744
10	79	0.726866
10	123	0.677738
10	148	0.719723
10	166	3.59368
10	171	3.50595
11	26	0.849536
11	63	0.77573
11	93	0.800547
11	95	0.800511
11	97	0.803118
11	102	0.840534
11	119	0.810213
11	130	0.780335
11	135	1.83559
11	141	2.24897
11	156	0.75665
11	160	3.81715
12	5	0.715247
12	6	0.706889
12	8	0.715069
12	24	0.702232
12	31	0.751903
12	42	0.737021
12	47	0.731446
12	52	0.713652
12	78	0.751611
12	117	0.680365
12	136	2.16035
12	145	4.308
13	67	0.829918
13	68	0.763668
13	69	0.777044
13	82	0.807065
13	92	0.799877
13	96	0.789929
13	112	0.803093
13	115	0.794156
13	118	0.822835
13	140	2.40463
13	150	2.23426
13	151	3.51423
14	49	0.820311
14	64	0.785443
14	70	2.98643
14	76	0.786006
14	90	0.872375
14	98	0.806673
14	103	0.806728
14	120	0.771756
14	129	1.95074
14	144	2.56183
14	166	0.776708
14	179	0.773849
15	37	0.753325
15	84	0.729192
15	85	0.729374
15	88	0.728119
15	93	0.712515
15	94	0.716435
15	95	0.712478
15	97	0.715085
15	102	0.752502
15	156	0.668617
15	162	3.24086
15	174	3.70216
16	5	0.767837
16	6	0.759479
16	31	0.804493
16	42	0.789611
16	47	0.784037
16	52	0.766242
16	66	0.791621
16	78	0.804201
16	113	0.803521
16	117	0.732955
16	127	2.31084
16	130	3.53854
16	135	2.28805
17	110	1.37551
17	122	0.796023
17	125	0.828201
17	131	0.784373
17	135	0.989432
17	137	0.794007
17	138	0.7969
17	139	0.731454
17	142	0.787868
17	143	0.808606
17	172	0.745182
17	173	0.713659
17	176	6.07565
18	70	2.18603
18	81	0.7975
18	117	2.86385
18	121	0.800674
18	122	0.787709
18	125	0.819887
18	131	0.776059
18	137	0.785693
18	142	0.779554
18	143	0.800292
18	145	2.82289
18	172	0.736869
18	173	0.705345
19	34	1.1231
19	40	0.785493
19	51	0.778109
19	68	0.75113
19	72	3.63755
19	80	0.759793
19	82	0.794527
19	92	0.78734
19	107	0.766667
19	115	0.781618
19	118	0.810297
19	135	0.791817
19	169	5.45222
20	4	0.869914
20	7	0.87461
20	64	0.856029
20	76	0.856593
20	98	0.87726
20	103	0.877315
20	132	0.894991
20	150	2.16794
20	151	3.44791
20	152	1.35197
20	155	2.62281
20	166	0.847294
20	179	0.844436
21	38	1.79961
21	63	0.753813
21	84	0.795308
21	85	0.795489
21	88	0.794235
21	93	0.778631
21	94	0.782551
21	95	0.778594
21	102	0.818618
21	119	0.788296
21	154	2.52578
21	156	0.734733
21	178	3.70764
22	31	3.5603
22	101	0.687869
22	152	0.741085
22	164	0.627981
22	165	0.62582
22	168	0.67503
22	169	0.620379
22	172	0.647845
22	174	0.644916
22	176	0.619534
22	177	0.599857
22	178	0.64814
22	180	0.642848
23	55	0.756535
23	65	0.691862
23	67	0.734155
23	69	0.681281
23	92	0.704114
23	96	0.694166
23	107	0.683442
23	112	0.70733
23	115	0.698393
23	118	0.727072
23	135	0.708592
23	167	2.02055
23	173	5.65469
24	5	0.695689
24	8	0.695511
24	12	0.702232
24	31	0.732345
24	36	0.738895
24	42	0.717463
24	47	0.711889
24	52	0.694094
24	66	0.719473
24	78	0.732053
24	117	0.660807
24	133	2.59152
24	179	4.80763
25	1	0.763259
25	3	0.768873
25	33	0.647971
25	41	0.696159
25	45	0.711171
25	58	0.751257
25	59	0.67535
25	62	0.670085
25	75	0.713072
25	79	0.713194
25	134	2.62783
25	148	0.70605
25	158	4.07811
26	11	0.849536
26	85	0.794467
26	88	0.793213
26	93	0.777609
26	94	0.781529
26	95	0.777572
26	97	0.780179
26	119	0.787274
26	120	0.73424
26	140	2.8733
26	144	1.63707
26	156	0.733711
26	180	3.8038
27	65	0.69361
27	67	0.735903
27	69	0.683029
27	82	0.71305
27	83	0.71951
27	92	0.705862
27	107	0.68519
27	112	0.709078
27	115	0.700141
27	118	0.72882
27	135	0.71034
27	139	2.72707
27	173	4.96942
28	77	0.805424
28	104	0.77149
28	105	0.819172
28	122	0.7903
28	137	0.788284
28	138	0.791177
28	142	0.782145
28	143	0.802883
28	155	2.33427
28	156	3.05732
28	172	0.739459
28	173	0.707935
28	180	2.98027
29	63	0.759971
29	84	0.801466
29	88	0.800393
29	93	0.784789
29	94	0.788709
29	95	0.784752
29	97	0.787359
29	102	0.824776
29	120	0.74142
29	140	2.2515
29	156	0.740891
29	170	2.75749
29	172	3.79369
30	46	2.46185
30	122	1.52391
30	133	0.75201
30	153	0.704391
30	155	0.708777
30	157	0.685953
30	158	0.7243
30	167	0.702958
30	168	0.717314
30	169	0.662663
30	171	0.695384
30	174	0.6872
30	176	0.661818
30	180	0.685132
31	5	0.74536
31	8	0.745182
31	12	0.751903
31	16	0.804493
31	22	3.5603
31	24	0.732345
31	36	0.788566
31	42	0.767134
31	47	0.761559
31	52	0.743765
31	78	0.781724
31	113	0.781044
31	172	1.67796
31	176	2.91227
32	66	0.647185
32	91	0.647886
32	151	0.60617
32	155	0.610947
32	165	0.570275
32	167	0.605129
32	170	0.614068
32	172	0.5923
32	174	0.589371
32	175	0.559679
32	176	0.563988
32	178	0.592594
32	179	0.592084
32	180	0.587302
33	2	1.1846
33	3	0.768265
33	25	0.647971
33	41	0.695551
33	45	0.710563
33	46	0.70498
33	58	0.750648
33	59	0.674742
33	62	0.669476
33	75	0.712463
33	79	0.712585
33	123	0.663457
33	148	0.705442
33	154	5.3887
34	19	1.1231
34	49	0.509162
34	82	2.06011
34	157	0.762969
34	163	0.770125
34	165	0.745119
34	166	0.769788
34	167	0.779973
34	168	0.794329
34	174	0.764216
34	176	0.738833
34	177	0.719156
34	178	0.767439
34	180	0.762147
35	36	0.796573
35	52	0.751772
35	78	0.789732
35	113	0.789052
35	117	0.718485
35	131	0.761457
35	132	1.63277
35	137	0.771091
35	138	0.773984
35	142	0.764952
35	143	0.78569
35	148	2.24653
35	173	0.690742
35	174	4.51149
36	6	0.743551
36	8	0.751732
36	24	0.738895
36	31	0.788566
36	35	0.796573
36	42	0.773684
36	47	0.768109
36	52	0.750314
36	54	1.34232
36	78	0.788274
36	113	0.787594
36	117	0.717027
36	176	5.56212
36	178	2.62388
37	15	0.753325
37	63	0.744613
37	66	1.45275
37	84	0.786107
37	85	0.786289
37	93	0.76943
37	94	0.773351
37	95	0.769394
37	97	0.772001
37	102	0.809417
37	120	0.726062
37	156	0.725533
37	178	3.78469
37	180	3.51986
38	21	1.79961
38	73	0.783726
38	99	0.690365
38	108	3.45576
38	145	0.704457
38	159	0.739268
38	160	0.696955
38	161	0.694599
38	168	0.711698
38	169	0.657046
38	175	0.651891
38	176	0.656201
38	177	0.636524
38	178	0.684807
38	180	0.679515
39	61	0.789341
39	100	0.75279
39	108	0.75883
39	111	0.75903
39	114	0.759911
39	130	3.00962
39	131	0.747842
39	137	0.757475
39	138	0.760369
39	142	0.751337
39	143	0.772075
39	150	2.54142
39	157	3.59146
39	172	0.708651
39	173	0.677127
40	19	0.785493
40	55	0.793879
40	57	0.794708
40	68	0.705249
40	80	0.713911
40	82	0.748646
40	83	0.755106
40	96	0.73151
40	107	0.720786
40	112	0.744674
40	115	0.735737
40	118	0.764416
40	152	1.99994
40	156	3.99383
40	161	3.23886
41	1	0.810839
41	3	0.816453
41	25	0.696159
41	33	0.695551
41	45	0.758751
41	58	0.798836
41	59	0.72293
41	62	0.717664
41	75	0.760651
41	79	0.760773
41	89	1.40079
41	123	0.711645
41	147	5.0749
41	148	0.75363
41	172	3.17617
42	5	0.730478
42	6	0.72212
42	12	0.737021
42	16	0.789611
42	24	0.717463
42	31	0.767134
42	36	0.773684
42	47	0.746678
42	52	0.728883
42	66	0.754262
42	70	2.02754
42	78	0.766842
42	113	0.766162
42	123	3.05014
42	179	4.10795
43	4	0.744061
43	60	0.748746
43	64	0.730177
43	71	0.803614
43	76	0.73074
43	90	0.81711
43	98	0.751407
43	103	0.751462
43	120	0.71649
43	128	1.79239
43	132	0.769138
43	166	0.721442
43	169	5.14777
43	173	4.14198
43	179	0.718583
44	81	0.769092
44	108	0.75864
44	110	3.57486
44	111	0.758839
44	114	0.759721
44	121	0.772266
44	131	0.747651
44	132	2.30652
44	137	0.757285
44	138	0.760179
44	142	0.751146
44	143	0.771885
44	148	2.92028
44	172	0.708461
44	173	0.676937
45	10	0.724844
45	25	0.711171
45	33	0.710563
45	41	0.758751
45	46	0.768179
45	58	0.813848
45	59	0.737942
45	62	0.732676
45	75	0.775663
45	79	0.775785
45	123	0.726656
45	130	2.90481
45	148	0.768642
45	168	2.77645
45	180	3.53748
46	1	0.820268
46	10	0.71926
46	30	2.46185
46	33	0.70498
46	45	0.768179
46	56	0.705375
46	58	0.808265
46	59	0.732359
46	62	0.727093
46	75	0.77008
46	79	0.770202
46	123	0.721073
46	128	2.94019
46	129	2.24304
46	148	0.763059
47	5	0.724903
47	6	0.716545
47	8	0.724726
47	12	0.731446
47	16	0.784037
47	24	0.711889
47	31	0.761559
47	36	0.768109
47	42	0.746678
47	52	0.723308
47	78	0.761268
47	113	0.760587
47	117	0.690021
47	126	2.01502
47	152	2.63023
47	178	4.8119
48	49	0.810314
48	60	0.794015
48	64	0.775446
48	71	0.848883
48	76	0.776009
48	90	0.862379
48	98	0.796677
48	103	0.796731
48	106	1.63965
48	116	0.805478
48	132	0.814408
48	148	1.70425
48	157	3.80508
48	166	0.766711
48	167	3.12527
48	179	0.763852
49	14	0.820311
49	34	0.509162
49	48	0.810314
49	60	0.722695
49	64	0.704126
49	71	0.777562
49	76	0.704689
49	90	0.791058
49	98	0.725356
49	103	0.725411
49	120	0.690439
49	127	1.42507
49	132	0.743087
49	164	6.81341
49	166	0.695391
49	179	0.692532
50	81	0.759893
50	104	0.731292
50	105	0.778974
50	122	0.750102
50	124	1.858
50	125	0.78228
50	131	0.738452
50	137	0.748086
50	138	0.75098
50	139	0.685533
50	142	0.741947
50	143	0.762686
50	145	3.48982
50	167	3.86443
50	172	0.699262
50	173	0.667738
51	19	0.778109
51	55	0.786495
51	65	0.721822
51	69	0.71124
51	80	0.706527
51	83	0.747722
51	92	0.734074
51	96	0.724125
51	101	2.50864
51	107	0.713402
51	112	0.73729
51	115	0.728353
51	118	0.757031
51	135	0.738552
51	165	4.83224
51	174	2.60805
52	5	0.707109
52	6	0.69875
52	8	0.706931
52	12	0.713652
52	16	0.766242
52	24	0.694094
52	31	0.743765
52	35	0.751772
52	36	0.750314
52	42	0.728883
52	47	0.723308
52	66	0.730892
52	78	0.743473
52	113	0.742792
52	140	3.84107
52	141	3.30179
52	159	2.94914
53	96	0.545428
53	111	3.67265
53	117	0.67781
53	133	0.743472
53	154	0.703127
53	157	0.677415
53	160	0.694033
53	164	0.661727
53	168	0.708776
53	169	0.654125
53	171	0.686846
53	173	0.650067
53	174	0.678662
53	176	0.653279
53	177	0.633602
53	178	0.681885
53	180	0.676593
54	36	1.34232
54	69	2.66759
54	110	0.778283
54	112	1.0722
54	140	0.75718
54	145	0.739979
54	159	0.77479
54	161	0.730121
54	162	0.727641
54	165	0.69801
54	166	0.722678
54	170	0.741804
54	171	0.72529
54	175	0.687414
54	177	0.672047
54	178	0.720329
54	180	0.715037
55	9	0.696312
55	23	0.756535
55	40	0.793879
55	51	0.786495
55	67	0.825766
55	68	0.759516
55	92	0.795726
55	96	0.785777
55	107	0.775054
55	110	1.41655
55	112	0.798941
55	115	0.790004
55	118	0.818683
55	135	0.800203
55	141	1.44385
55	150	1.81276
55	169	6.82291
56	46	0.705375
56	57	2.20676
56	58	0.751043
56	62	0.669871
56	75	0.712858
56	79	0.71298
56	90	1.04239
56	141	0.712227
56	148	0.705837
56	149	0.69833
56	151	0.661197
56	155	0.665974
56	161	0.657413
56	164	0.627463
56	168	0.674512
56	180	0.642329
57	9	0.697142
57	40	0.794708
57	56	2.20676
57	65	0.784303
57	67	0.826596
57	68	0.760346
57	69	0.773721
57	80	0.769008
57	83	0.810203
57	96	0.786606
57	107	0.775883
57	112	0.799771
57	115	0.790834
57	118	0.819512
57	152	1.21753
57	160	2.09966
57	173	4.90474
58	10	0.764929
58	25	0.751257
58	33	0.750648
58	41	0.798836
58	45	0.813848
58	46	0.808265
58	56	0.751043
58	59	0.778027
58	62	0.772762
58	72	3.56245
58	75	0.815749
58	79	0.815871
58	123	0.766742
58	148	0.808727
58	151	1.64693
58	166	1.62116
58	169	5.37711
59	1	0.79003
59	3	0.795644
59	10	0.689023
59	25	0.67535
59	33	0.674742
59	41	0.72293
59	45	0.737942
59	46	0.732359
59	58	0.778027
59	62	0.696855
59	73	1.42648
59	75	0.739842
59	79	0.739964
59	123	0.690836
59	148	0.732821
59	152	1.73757
59	175	7.30715
60	4	0.701711
60	7	0.706407
60	43	0.748746
60	48	0.794015
60	49	0.722695
60	64	0.687827
60	71	0.761263
60	76	0.68839
60	90	0.774759
60	98	0.709057
60	103	0.709112
60	116	0.717859
60	132	0.726788
60	149	2.73093
60	159	2.82227
60	166	0.679092
60	171	4.7103
60	179	0.676233
61	39	0.789341
61	104	0.759222
61	108	0.777371
61	114	0.778452
61	121	0.790997
61	122	0.778032
61	125	0.81021
61	131	0.766382
61	133	1.43993
61	137	0.776016
61	138	0.77891
61	142	0.769877
61	143	0.790616
61	150	2.21689
61	152	1.40091
61	172	0.727192
61	173	0.695668
61	176	6.52082
62	1	0.784764
62	3	0.790379
62	10	0.683757
62	25	0.670085
62	33	0.669476
62	41	0.717664
62	45	0.732676
62	46	0.727093
62	56	0.669871
62	58	0.772762
62	59	0.696855
62	75	0.734577
62	79	0.734699
62	123	0.68557
62	126	2.78135
62	132	2.54798
62	148	0.727555
62	161	4.63548
63	11	0.77573
63	21	0.753813
63	29	0.759971
63	37	0.744613
63	84	0.720479
63	85	0.720661
63	88	0.719407
63	93	0.703802
63	94	0.707723
63	95	0.703765
63	97	0.706372
63	102	0.743789
63	119	0.713468
63	130	0.68359
63	156	0.659905
63	160	2.27445
63	168	1.3184
63	177	9.22285
64	4	0.683142
64	14	0.785443
64	20	0.856029
64	43	0.730177
64	48	0.775446
64	49	0.704126
64	60	0.687827
64	71	0.742694
64	76	0.66982
64	90	0.75619
64	98	0.690488
64	103	0.690542
64	124	1.91955
64	127	2.79627
64	132	0.708219
64	139	5.31777
64	166	0.660522
64	179	0.657663
65	9	0.631639
65	23	0.691862
65	27	0.69361
65	51	0.721822
65	57	0.784303
65	68	0.694843
65	80	0.703506
65	82	0.73824
65	83	0.7447
65	96	0.721104
65	107	0.71038
65	112	0.734268
65	115	0.725331
65	118	0.75401
65	135	0.73553
65	146	3.24427
65	154	2.94962
65	178	4.13148
66	6	0.724129
66	16	0.791621
66	24	0.719473
66	32	0.647185
66	37	1.45275
66	42	0.754262
66	52	0.730892
66	78	0.768852
66	85	2.39034
66	104	1.26935
66	117	0.697605
66	136	0.76987
66	163	0.704366
66	167	0.714215
66	172	0.701386
66	174	0.698457
66	176	0.673074
66	180	0.696388
67	9	0.673932
67	13	0.829918
67	23	0.734155
67	27	0.735903
67	55	0.825766
67	57	0.826596
67	68	0.737136
67	83	0.786993
67	91	1.84824
67	92	0.773345
67	96	0.763397
67	107	0.752673
67	112	0.776561
67	115	0.767624
67	118	0.796303
67	136	1.62434
67	147	5.58276
67	179	3.41061
68	13	0.763668
68	19	0.75113
68	40	0.705249
68	55	0.759516
68	57	0.760346
68	65	0.694843
68	67	0.737136
68	69	0.684262
68	80	0.679549
68	82	0.714284
68	92	0.707096
68	106	2.28154
68	107	0.686424
68	112	0.710312
68	115	0.701374
68	118	0.730053
68	155	3.85181
68	162	4.1498
69	13	0.777044
69	23	0.681281
69	27	0.683029
69	51	0.71124
69	54	2.66759
69	57	0.773721
69	68	0.684262
69	80	0.692924
69	82	0.727659
69	83	0.734119
69	92	0.720471
69	96	0.710522
69	107	0.699799
69	112	0.723687
69	115	0.71475
69	118	0.743428
69	124	2.72494
69	149	3.54825
70	14	2.98643
70	18	2.18603
70	42	2.02754
70	99	0.720278
70	106	0.769204
70	132	0.764765
70	151	0.728295
70	153	0.728687
70	159	0.76918
70	164	0.694561
70	165	0.6924
70	167	0.727254
70	169	0.686959
70	170	0.736194
70	176	0.686114
70	177	0.666437
70	178	0.714719
70	180	0.709427
71	7	0.761275
71	43	0.803614
71	48	0.848883
71	49	0.777562
71	60	0.761263
71	64	0.742694
71	90	0.829627
71	98	0.763925
71	103	0.763979
71	116	0.772726
71	120	0.729007
71	130	2.54703
71	132	0.781656
71	163	2.84065
71	166	0.733959
71	167	2.44905
71	172	3.79139
71	179	0.7311
72	19	3.63755
72	58	3.56245
72	114	0.702637
72	125	0.734395
72	126	0.701511
72	127	0.710577
72	138	0.703095
72	140	0.688521
72	142	0.694062
72	143	0.714801
72	157	0.647201
72	164	0.631512
72	168	0.678561
72	172	0.651377
72	173	0.619853
72	175	0.618755
72	178	0.651671
72	180	0.646379
73	2	0.885486
73	38	0.783726
73	59	1.42648
73	102	1.68377
73	111	1.3753
73	114	0.581361
73	126	0.795849
73	145	0.765659
73	158	0.779885
73	162	0.75332
73	163	0.748695
73	164	0.72585
73	167	0.758543
73	170	0.767483
73	171	0.750969
73	175	0.713093
73	176	0.717403
73	177	0.697726
73	180	0.740717
74	86	0.780666
74	100	0.768486
74	108	0.774526
74	111	0.774725
74	117	4.01739
74	121	0.788153
74	122	0.775188
74	125	0.807365
74	126	2.54965
74	132	2.31628
74	134	1.96247
74	137	0.773171
74	138	0.776065
74	139	0.710619
74	142	0.767033
74	143	0.787771
74	147	0.702462
74	172	0.724347
74	173	0.692823
75	1	0.827751
75	3	0.833366
75	10	0.726744
75	25	0.713072
75	33	0.712463
75	41	0.760651
75	45	0.775663
75	46	0.77008
75	56	0.712858
75	58	0.815749
75	59	0.739842
75	62	0.734577
75	79	0.777686
75	101	3.84557
75	109	1.37015
75	123	0.728557
75	148	0.770542
75	162	3.48368
75	170	3.40718
76	4	0.683705
76	7	0.688401
76	14	0.786006
76	20	0.856593
76	43	0.73074
76	48	0.776009
76	49	0.704689
76	60	0.68839
76	64	0.66982
76	90	0.756753
76	98	0.691051
76	103	0.691106
76	116	0.699853
76	120	0.656133
76	133	2.40924
76	155	3.64107
76	166	0.661085
76	172	4.89876
76	179	0.658227
77	28	0.805424
77	100	0.756605
77	106	2.91483
77	108	0.762645
77	111	0.762844
77	114	0.763726
77	121	0.776271
77	122	0.763306
77	125	0.795484
77	127	3.27073
77	131	0.751656
77	134	2.01187
77	137	0.76129
77	138	0.764184
77	142	0.755151
77	143	0.77589
77	144	2.96437
77	172	0.712466
77	173	0.680942
78	5	0.745068
78	6	0.73671
78	8	0.74489
78	12	0.751611
78	16	0.804201
78	24	0.732053
78	31	0.781724
78	35	0.789732
78	36	0.788274
78	42	0.766842
78	47	0.761268
78	52	0.743473
78	66	0.768852
78	89	2.43645
78	113	0.780752
78	117	0.710186
78	128	1.51946
78	156	3.67718
78	172	4.21182
79	1	0.827873
79	3	0.833488
79	10	0.726866
79	25	0.713194
79	33	0.712585
79	41	0.760773
79	45	0.775785
79	46	0.770202
79	56	0.71298
79	58	0.815871
79	59	0.739964
79	62	0.734699
79	75	0.777686
79	109	1.78953
79	119	1.95312
79	123	0.728679
79	148	0.770664
79	155	3.60506
79	157	4.20022
80	2	1.62488
80	9	0.616345
80	19	0.759793
80	40	0.713911
80	51	0.706527
80	57	0.769008
80	65	0.703506
80	68	0.679549
80	69	0.692924
80	82	0.722946
80	83	0.729406
80	96	0.705809
80	107	0.695086
80	112	0.718974
80	113	3.74255
80	115	0.710037
80	118	0.738715
80	134	3.62679
80	135	0.720236
81	18	0.7975
81	44	0.769092
81	50	0.759893
81	100	0.751272
81	105	0.786845
81	108	0.757312
81	111	0.757511
81	122	0.757973
81	131	0.746323
81	137	0.755957
81	138	0.758851
81	139	0.693404
81	142	0.749818
81	143	0.770556
81	154	2.32964
81	160	3.34508
81	166	3.4
81	171	3.31227
81	172	0.707133
81	173	0.675609
82	13	0.807065
82	19	0.794527
82	27	0.71305
82	34	2.06011
82	40	0.748646
82	65	0.73824
82	68	0.714284
82	69	0.727659
82	80	0.722946
82	83	0.764141
82	92	0.750493
82	96	0.740544
82	107	0.729821
82	112	0.753709
82	115	0.744771
82	116	2.92103
82	118	0.77345
82	119	2.53844
82	135	0.754971
82	141	3.3666
83	9	0.65754
83	27	0.71951
83	40	0.755106
83	51	0.747722
83	57	0.810203
83	65	0.7447
83	67	0.786993
83	69	0.734119
83	80	0.729406
83	82	0.764141
83	92	0.756953
83	96	0.747004
83	107	0.736281
83	112	0.760169
83	115	0.751231
83	118	0.77991
83	134	1.3913
83	152	2.59369
83	153	3.53038
83	163	4.17148
84	15	0.729192
84	21	0.795308
84	29	0.801466
84	37	0.786107
84	63	0.720479
84	85	0.762156
84	88	0.760901
84	93	0.745297
84	94	0.749218
84	95	0.74526
84	97	0.747867
84	102	0.785284
84	109	1.54869
84	119	0.754963
84	120	0.701929
84	123	3.29069
84	130	0.725084
84	156	0.7014
84	168	3.24919
84	174	4.12351
85	15	0.729374
85	21	0.795489
85	26	0.794467
85	37	0.786289
85	63	0.720661
85	66	2.39034
85	84	0.762156
85	88	0.761083
85	93	0.745479
85	94	0.749399
85	95	0.745442
85	97	0.748049
85	102	0.785466
85	119	0.755144
85	120	0.70211
85	127	2.59708
85	130	0.725266
85	148	2.30578
85	156	0.701581
85	168	3.69642
86	74	0.780666
86	100	0.74696
86	104	0.734851
86	105	0.782533
86	111	0.753199
86	114	0.754081
86	121	0.766626
86	122	0.753661
86	125	0.785839
86	131	0.742011
86	136	1.27036
86	137	0.751645
86	138	0.754538
86	142	0.745506
86	143	0.766244
86	144	2.35656
86	154	3.60625
86	166	4.67661
86	172	0.70282
86	173	0.671297
87	91	0.682572
87	95	6.22508
87	106	0.681765
87	116	0.668397
87	123	0.643511
87	151	0.640856
87	162	0.634592
87	164	0.607122
87	165	0.604961
87	167	0.639815
87	168	0.654171
87	169	0.59952
87	170	0.648755
87	171	0.632241
87	174	0.624057
87	175	0.594365
87	176	0.598675
87	177	0.578998
87	178	0.62728
87	180	0.621988
88	15	0.728119
88	21	0.794235
88	26	0.793213
88	29	0.800393
88	63	0.719407
88	84	0.760901
88	85	0.761083
88	93	0.744224
88	94	0.748145
88	95	0.744188
88	97	0.746795
88	102	0.784211
88	119	0.75389
88	120	0.700856
88	129	1.83541
88	130	0.724012
88	148	2.46156
88	156	0.700327
88	158	2.94428
88	163	4.27418
89	41	1.40079
89	78	2.43645
89	133	0.76017
89	137	3.21515
89	146	0.719663
89	151	0.71216
89	154	0.719826
89	156	0.695451
89	160	0.710731
89	162	0.705895
89	166	0.700932
89	167	0.711118
89	170	0.720058
89	171	0.703544
89	174	0.69536
89	175	0.665668
89	176	0.669978
89	178	0.698583
89	179	0.698074
89	180	0.693292
90	4	0.770075
90	14	0.872375
90	43	0.81711
90	48	0.862379
90	49	0.791058
90	56	1.04239
90	60	0.774759
90	64	0.75619
90	71	0.829627
90	76	0.756753
90	98	0.777421
90	103	0.777475
90	116	0.786222
90	120	0.742503
90	132	0.795152
90	135	1.64613
90	166	0.747455
90	171	2.03757
90	172	1.44857
90	177	9.50962
90	179	0.744596
91	3	2.79563
91	32	0.647886
91	67	1.84824
91	87	0.682572
91	123	0.718612
91	124	0.767298
91	138	2.78466
91	145	0.722031
91	157	0.697911
91	158	0.736257
91	161	0.712173
91	162	0.709693
91	163	0.705067
91	164	0.682223
91	171	0.707342
91	174	0.699158
91	175	0.669466
91	176	0.673776
91	177	0.654099
91	178	0.702381
91	180	0.697089
92	9	0.643892
92	13	0.799877
92	19	0.78734
92	23	0.704114
92	27	0.705862
92	51	0.734074
92	55	0.795726
92	67	0.773345
92	68	0.707096
92	69	0.720471
92	82	0.750493
92	83	0.756953
92	96	0.733356
92	107	0.722633
92	112	0.746521
92	115	0.737584
92	118	0.766262
92	155	2.74499
92	160	3.4894
92	170	2.96649
92	178	3.65583
93	11	0.800547
93	15	0.712515
93	21	0.778631
93	26	0.777609
93	29	0.784789
93	37	0.76943
93	63	0.703802
93	84	0.745297
93	85	0.745479
93	88	0.744224
93	94	0.73254
93	95	0.728583
93	97	0.73119
93	99	5.59132
93	102	0.768607
93	120	0.685252
93	130	0.708407
93	140	2.22949
93	146	2.53762
93	156	0.684722
93	162	2.81199
94	15	0.716435
94	21	0.782551
94	26	0.781529
94	29	0.788709
94	37	0.773351
94	63	0.707723
94	84	0.749218
94	85	0.749399
94	88	0.748145
94	93	0.73254
94	95	0.732504
94	97	0.735111
94	102	0.772527
94	119	0.742206
94	120	0.689172
94	123	2.20654
94	130	0.712328
94	156	0.688643
94	157	2.87524
94	158	1.25712
94	176	6.12914
95	11	0.800511
95	15	0.712478
95	21	0.778594
95	26	0.777572
95	29	0.784752
95	37	0.769394
95	63	0.703765
95	84	0.74526
95	85	0.745442
95	87	6.22508
95	88	0.744188
95	93	0.728583
95	94	0.732504
95	97	0.731154
95	99	3.20868
95	102	0.76857
95	120	0.685215
95	130	0.708371
95	156	0.684686
95	159	1.20276
95	170	1.51085
96	13	0.789929
96	23	0.694166
96	40	0.73151
96	51	0.724125
96	53	0.545428
96	55	0.785777
96	57	0.786606
96	65	0.721104
96	67	0.763397
96	69	0.710522
96	80	0.705809
96	82	0.740544
96	83	0.747004
96	92	0.733356
96	112	0.736572
96	115	0.727635
96	118	0.756313
96	135	0.737834
96	161	1.07938
96	164	2.92276
96	177	8.06753
97	11	0.803118
97	15	0.715085
97	26	0.780179
97	29	0.787359
97	37	0.772001
97	63	0.706372
97	84	0.747867
97	85	0.748049
97	88	0.746795
97	93	0.73119
97	94	0.735111
97	95	0.731154
97	102	0.771177
97	119	0.740856
97	120	0.687822
97	130	0.710978
97	133	1.89475
97	156	0.687293
97	164	6.26132
97	171	2.79894
97	178	2.99817
98	4	0.704372
98	7	0.709068
98	14	0.806673
98	20	0.87726
98	43	0.751407
98	48	0.796677
98	49	0.725356
98	60	0.709057
98	64	0.690488
98	71	0.763925
98	76	0.691051
98	90	0.777421
98	103	0.711773
98	113	1.49055
98	116	0.72052
98	120	0.676801
98	126	1.96197
98	132	0.72945
98	139	5.15516
98	146	3.87165
98	166	0.681753
98	179	0.678894
99	38	0.690365
99	70	0.720278
99	93	5.59132
99	95	3.20868
99	135	0.705233
99	150	0.70426
99	153	0.666615
99	154	0.67389
99	162	0.65996
99	164	0.63249
99	165	0.630328
99	168	0.679539
99	169	0.624888
99	170	0.674122
99	171	0.657609
99	174	0.649425
99	175	0.619732
99	176	0.624042
99	177	0.604365
99	178	0.652648
99	179	0.652138
99	180	0.647356
100	39	0.75279
100	74	0.768486
100	77	0.756605
100	81	0.751272
100	86	0.74696
100	104	0.722671
100	108	0.740819
100	111	0.741019
100	121	0.754446
100	122	0.741481
100	131	0.729831
100	137	0.739465
100	138	0.742358
100	142	0.733326
100	143	0.754064
100	147	0.668755
100	152	2.41286
100	159	2.50727
100	170	3.9052
100	172	0.69064
100	173	0.659117
100	180	4.3297
101	8	2.4458
101	22	0.687869
101	51	2.50864
101	75	3.84557
101	106	0.741304
101	116	0.727935
101	132	0.736865
101	146	0.707899
101	151	0.700395
101	152	0.779764
101	157	0.682349
101	161	0.696611
101	165	0.6645
101	168	0.71371
101	169	0.659059
101	171	0.69178
101	175	0.653904
101	176	0.658213
101	177	0.638537
101	178	0.686819
101	179	0.686309
101	180	0.681527
102	11	0.840534
102	15	0.752502
102	21	0.818618
102	29	0.824776
102	37	0.809417
102	63	0.743789
102	73	1.68377
102	84	0.785284
102	85	0.785466
102	88	0.784211
102	93	0.768607
102	94	0.772527
102	95	0.76857
102	97	0.771177
102	113	1.73748
102	119	0.778273
102	120	0.725239
102	129	1.96313
102	130	0.748394
102	149	2.82718
102	156	0.724709
102	161	4.06303
103	4	0.704427
103	7	0.709123
103	14	0.806728
103	20	0.877315
103	43	0.751462
103	48	0.796731
103	49	0.725411
103	60	0.709112
103	64	0.690542
103	71	0.763979
103	76	0.691106
103	90	0.777475
103	98	0.711773
103	116	0.720575
103	119	1.66816
103	120	0.676855
103	132	0.729504
103	151	4.1452
103	166	0.681807
103	168	3.20507
103	179	0.678948
103	180	3.9661
104	28	0.77149
104	50	0.731292
104	61	0.759222
104	66	1.26935
104	86	0.734851
104	100	0.722671
104	105	0.758244
104	111	0.72891
104	114	0.729792
104	121	0.742337
104	122	0.729372
104	125	0.76155
104	131	0.717722
104	137	0.727356
104	138	0.730249
104	142	0.721217
104	143	0.741955
104	147	0.656646
104	162	2.98845
104	165	5.67394
104	167	2.6058
104	172	0.678531
104	173	0.647008
105	28	0.819172
105	50	0.778974
105	81	0.786845
105	86	0.782533
105	104	0.758244
105	108	0.776393
105	114	0.777474
105	121	0.79002
105	125	0.809232
105	131	0.765405
105	137	0.775038
105	138	0.777932
105	139	0.712486
105	141	1.6829
105	142	0.7689
105	143	0.789638
105	145	2.04741
105	146	2.5303
105	147	0.704329
105	149	1.23891
105	172	0.726214
105	173	0.69469
105	175	6.80541
106	48	1.63965
106	68	2.28154
106	70	0.769204
106	77	2.91483
106	87	0.681765
106	101	0.741304
106	138	1.79249
106	140	0.738425
106	141	0.766181
106	144	0.773817
106	150	0.753187
106	152	0.79452
106	154	0.722817
106	155	0.719928
106	157	0.697104
106	160	0.713722
106	162	0.708886
106	165	0.679255
106	169	0.673814
106	170	0.723049
106	175	0.668659
106	176	0.672969
106	178	0.701574
106	180	0.696282
107	9	0.62322
107	19	0.766667
107	23	0.683442
107	27	0.68519
107	40	0.720786
107	51	0.713402
107	55	0.775054
107	57	0.775883
107	65	0.71038
107	67	0.752673
107	68	0.686424
107	69	0.699799
107	80	0.695086
107	82	0.729821
107	83	0.736281
107	92	0.722633
107	112	0.725849
107	115	0.716911
107	118	0.74559
107	135	0.727111
107	156	2.71168
107	170	2.21012
107	175	6.28737
107	179	2.97291
108	38	3.45576
108	39	0.75883
108	44	0.75864
108	61	0.777371
108	74	0.774526
108	77	0.762645
108	81	0.757312
108	100	0.740819
108	105	0.776393
108	111	0.747059
108	114	0.74794
108	121	0.760486
108	122	0.747521
108	125	0.779698
108	131	0.735871
108	132	2.33354
108	134	1.97973
108	136	1.84605
108	137	0.745505
108	138	0.748398
108	142	0.739366
108	143	0.760104
108	147	0.674795
108	158	3.43001
108	172	0.69668
109	75	1.37015
109	79	1.78953
109	84	1.54869
109	117	0.732805
109	118	1.71063
109	122	1.62139
109	134	0.800572
109	135	0.789466
109	136	0.805071
109	144	0.809123
109	153	0.750848
109	155	0.755234
109	158	0.770756
109	159	0.791341
109	160	0.749028
109	163	0.739566
109	167	0.749415
109	169	0.70912
109	174	0.733657
109	175	0.703965
109	176	0.708275
109	177	0.688598
109	178	0.73688
109	179	0.73637
109	180	0.731588
110	17	1.37551
110	44	3.57486
110	54	0.778283
110	55	1.41655
110	119	0.755474
110	121	2.14007
110	134	0.768735
110	144	0.777286
110	146	0.726123
110	149	0.755752
110	151	0.718619
110	154	0.726286
110	155	0.723397
110	160	0.717191
110	161	0.714835
110	164	0.684885
110	167	0.717578
110	169	0.677283
110	171	0.710004
110	174	0.70182
110	176	0.676438
110	177	0.656761
110	178	0.705043
110	180	0.699751
111	39	0.75903
111	44	0.758839
111	53	3.67265
111	73	1.3753
111	74	0.774725
111	77	0.762844
111	81	0.757511
111	86	0.753199
111	100	0.741019
111	104	0.72891
111	108	0.747059
111	114	0.74814
111	119	2.13454
111	121	0.760685
111	122	0.747721
111	125	0.779898
111	131	0.73607
111	137	0.745704
111	138	0.748598
111	142	0.739566
111	143	0.760304
111	147	0.674995
111	153	3.45233
111	159	2.61004
111	172	0.69688
111	173	0.665356
112	9	0.647107
112	13	0.803093
112	23	0.70733
112	27	0.709078
112	40	0.744674
112	51	0.73729
112	54	1.0722
112	55	0.798941
112	57	0.799771
112	65	0.734268
112	67	0.776561
112	68	0.710312
112	69	0.723687
112	80	0.718974
112	82	0.753709
112	83	0.760169
112	92	0.746521
112	96	0.736572
112	107	0.725849
112	115	0.740799
112	118	0.769478
112	135	0.750998
112	149	1.95287
112	151	4.04574
112	163	3.52758
112	171	3.93223
113	1	1.18765
113	6	0.736029
113	8	0.74421
113	16	0.803521
113	31	0.781044
113	35	0.789052
113	36	0.787594
113	42	0.766162
113	47	0.760587
113	52	0.742792
113	78	0.780752
113	80	3.74255
113	98	1.49055
113	102	1.73748
113	125	1.42487
113	128	0.770244
113	146	0.73466
113	157	0.70911
113	158	0.747457
113	163	0.716266
113	164	0.693422
113	168	0.740471
113	170	0.735055
113	175	0.680665
113	177	0.665298
113	180	0.708289
114	39	0.759911
114	44	0.759721
114	61	0.778452
114	72	0.702637
114	73	0.581361
114	77	0.763726
114	86	0.754081
114	104	0.729792
114	105	0.777474
114	108	0.74794
114	111	0.74814
114	116	1.72319
114	121	0.761567
114	122	0.748602
114	125	0.78078
114	131	0.736952
114	137	0.746586
114	138	0.749479
114	142	0.740447
114	143	0.761185
114	146	3.01617
114	147	0.675876
114	163	3.29949
114	165	5.97603
114	172	0.697761
114	173	0.666238
115	9	0.63817
115	13	0.794156
115	19	0.781618
115	23	0.698393
115	27	0.700141
115	40	0.735737
115	51	0.728353
115	55	0.790004
115	57	0.790834
115	65	0.725331
115	67	0.767624
115	68	0.701374
115	69	0.71475
115	80	0.710037
115	82	0.744771
115	83	0.751231
115	92	0.737584
115	96	0.727635
115	107	0.716911
115	112	0.740799
115	118	0.760541
115	135	0.742061
115	141	1.9559
115	159	1.60325
115	163	3.08663
115	173	6.32917
115	180	3.42568
116	3	2.10437
116	48	0.805478
116	60	0.717859
116	71	0.772726
116	76	0.699853
116	82	2.92103
116	87	0.668397
116	90	0.786222
116	98	0.72052
116	101	0.727935
116	103	0.720575
116	114	1.72319
116	118	2.25681
116	120	0.685603
116	146	0.709285
116	147	0.666026
116	150	0.739818
116	159	0.742667
116	160	0.700353
116	162	0.695517
116	166	0.690555
116	174	0.684983
116	178	0.688206
116	179	0.687696
116	180	0.682914
117	5	0.673822
117	6	0.665463
117	8	0.673644
117	12	0.680365
117	16	0.732955
117	18	2.86385
117	24	0.660807
117	35	0.718485
117	36	0.717027
117	47	0.690021
117	53	0.67781
117	66	0.697605
117	74	4.01739
117	78	0.710186
117	109	0.732805
117	127	0.70192
117	139	0.628992
117	142	3.00891
117	149	0.693723
117	152	0.73596
117	160	0.655162
117	167	0.655549
117	175	0.610099
117	176	0.614409
117	177	0.594732
117	178	0.643014
117	180	0.637722
118	9	0.666849
118	13	0.822835
118	19	0.810297
118	23	0.727072
118	27	0.72882
118	40	0.764416
118	51	0.757031
118	55	0.818683
118	57	0.819512
118	65	0.75401
118	67	0.796303
118	68	0.730053
118	69	0.743428
118	80	0.738715
118	82	0.77345
118	83	0.77991
118	92	0.766262
118	96	0.756313
118	107	0.74559
118	109	1.71063
118	112	0.769478
118	115	0.760541
118	116	2.25681
118	123	3.45263
118	135	0.77074
118	152	2.25532
118	159	2.34973
118	167	3.44151
119	11	0.810213
119	21	0.788296
119	26	0.787274
119	63	0.713468
119	79	1.95312
119	82	2.53844
119	84	0.754963
119	85	0.755144
119	88	0.75389
119	94	0.742206
119	97	0.740856
119	102	0.778273
119	103	1.66816
119	110	0.755474
119	111	2.13454
119	123	0.713751
119	131	1.95824
119	141	0.762127
119	150	0.749133
119	156	0.694388
119	157	0.69305
119	162	0.704832
119	164	0.677362
119	174	0.694297
119	175	0.664605
119	176	0.668915
119	179	0.69701
119	180	0.692229
120	7	0.674151
120	14	0.771756
120	26	0.73424
120	29	0.74142
120	37	0.726062
120	43	0.71649
120	49	0.690439
120	71	0.729007
120	76	0.656133
120	84	0.701929
120	85	0.70211
120	88	0.700856
120	90	0.742503
120	93	0.685252
120	94	0.689172
120	95	0.685215
120	97	0.687822
120	98	0.676801
120	102	0.725239
120	103	0.676855
120	116	0.685603
120	126	3.092
120	128	3.54337
120	130	0.665039
120	135	3.74089
120	156	0.641354
120	166	0.646835
120	167	4.89339
120	179	0.643976
121	18	0.800674
121	44	0.772266
121	61	0.790997
121	74	0.788153
121	77	0.776271
121	86	0.766626
121	100	0.754446
121	104	0.742337
121	105	0.79002
121	108	0.760486
121	110	2.14007
121	111	0.760685
121	114	0.761567
121	122	0.761148
121	125	0.793325
121	131	0.749497
121	133	1.75932
121	137	0.759131
121	138	0.762025
121	139	0.696579
121	142	0.752993
121	143	0.773731
121	145	2.53189
121	147	0.688422
121	168	2.87612
121	171	3.70275
121	172	0.710307
121	173	0.678783
121	174	3.75045
122	17	0.796023
122	18	0.787709
122	28	0.7903
122	30	1.52391
122	50	0.750102
122	61	0.778032
122	74	0.775188
122	77	0.763306
122	81	0.757973
122	86	0.753661
122	100	0.741481
122	104	0.729372
122	108	0.747521
122	109	1.62139
122	111	0.747721
122	114	0.748602
122	121	0.761148
122	125	0.78036
122	131	0.736533
122	137	0.746167
122	138	0.74906
122	139	0.683614
122	142	0.740028
122	143	0.760766
122	144	1.91619
122	156	4.15997
122	161	3.405
122	170	3.65842
122	172	0.697342
122	173	0.665818
123	3	0.784359
123	10	0.677738
123	33	0.663457
123	41	0.711645
123	42	3.05014
123	45	0.726656
123	46	0.721073
123	58	0.766742
123	59	0.690836
123	62	0.68557
123	75	0.728557
123	79	0.728679
123	84	3.29069
123	87	0.643511
123	91	0.718612
123	94	2.20654
123	118	3.45263
123	119	0.713751
123	148	0.721536
123	151	0.676896
123	153	0.677287
123	155	0.681673
123	160	0.675468
123	163	0.666006
123	168	0.690211
123	169	0.635559
123	174	0.660097
123	177	0.615037
123	178	0.66332
123	180	0.658028
124	50	1.858
124	64	1.91955
124	69	2.72494
124	91	0.767298
124	125	1.69125
124	132	0.762051
124	133	0.773593
124	134	0.775698
124	137	1.64175
124	146	0.733085
124	150	0.763618
124	153	0.725973
124	154	0.733248
124	159	0.766467
124	161	0.721798
124	162	0.719318
124	163	0.714692
124	164	0.691848
124	165	0.689686
124	168	0.738897
124	169	0.684245
124	170	0.73348
124	171	0.716967
124	172	0.711712
124	173	0.680188
124	175	0.67909
124	176	0.6834
124	178	0.712006
124	180	0.706714
125	17	0.828201
125	18	0.819887
125	50	0.78228
125	61	0.81021
125	72	0.734395
125	74	0.807365
125	77	0.795484
125	86	0.785839
125	104	0.76155
125	105	0.809232
125	108	0.779698
125	111	0.779898
125	113	1.42487
125	114	0.78078
125	121	0.793325
125	122	0.78036
125	124	1.69125
125	131	0.76871
125	132	1.66291
125	136	1.17542
125	137	0.778344
125	138	0.781237
125	139	0.715791
125	142	0.772205
125	143	0.792943
125	147	0.707634
125	153	3.44819
125	158	2.75939
125	172	0.729519
125	173	0.697996
125	180	4.42834
126	47	2.01502
126	62	2.78135
126	72	0.701511
126	73	0.795849
126	74	2.54965
126	98	1.96197
126	120	3.092
126	127	0.755836
126	133	0.758516
126	134	0.760622
126	136	0.76512
126	140	0.73378
126	144	0.769172
126	145	0.71658
126	152	0.789875
126	154	0.718172
126	161	0.706722
126	163	0.699615
126	164	0.676771
126	165	0.67461
126	167	0.709464
126	168	0.72382
126	169	0.669169
126	170	0.718404
126	172	0.696636
126	173	0.665112
126	174	0.693707
126	176	0.668324
126	177	0.648647
126	178	0.69693
126	180	0.691638
127	16	2.31084
127	49	1.42507
127	64	2.79627
127	72	0.710577
127	77	3.27073
127	85	2.59708
127	117	0.70192
127	126	0.755836
127	140	0.742846
127	146	0.727075
127	150	0.757607
127	151	0.719571
127	153	0.719962
127	154	0.727238
127	155	0.724349
127	157	0.701525
127	158	0.739871
127	159	0.760456
127	160	0.718143
127	161	0.715787
127	164	0.685837
127	168	0.732886
127	169	0.678235
127	170	0.72747
127	171	0.710956
127	174	0.702772
127	175	0.67308
127	176	0.677389
127	177	0.657713
127	178	0.705995
127	180	0.700703
128	43	1.79239
128	46	2.94019
128	78	1.51946
128	113	0.770244
128	120	3.54337
128	130	0.724305
128	143	1.54091
128	144	0.775995
128	145	0.723403
128	146	0.724832
128	151	0.717329
128	152	0.796698
128	153	0.71772
128	155	0.722106
128	157	0.699282
128	158	0.737629
128	160	0.7159
128	162	0.711064
128	165	0.681433
128	167	0.716287
128	168	0.730643
128	169	0.675992
128	170	0.725227
128	171	0.708713
128	173	0.671935
128	174	0.700529
128	175	0.670837
128	177	0.65547
128	178	0.703752
128	179	0.703243
128	180	0.698461
129	14	1.95074
129	46	2.24304
129	88	1.83541
129	102	1.96313
129	134	0.796942
129	138	1.23094
129	140	0.770101
129	142	1.29541
129	144	0.805493
129	149	0.783959
129	150	0.784863
129	155	0.751604
129	156	0.730118
129	157	0.72878
129	159	0.787711
129	160	0.745398
129	161	0.743042
129	162	0.740562
129	165	0.710931
129	167	0.745785
129	168	0.760141
129	169	0.70549
129	171	0.738211
129	172	0.732956
129	174	0.730027
129	175	0.700335
129	176	0.704645
129	177	0.684968
129	178	0.73325
129	179	0.73274
129	180	0.727958
130	11	0.780335
130	16	3.53854
130	39	3.00962
130	45	2.90481
130	63	0.68359
130	71	2.54703
130	84	0.725084
130	85	0.725266
130	88	0.724012
130	93	0.708407
130	94	0.712328
130	95	0.708371
130	97	0.710978
130	102	0.748394
130	120	0.665039
130	128	0.724305
130	136	0.735832
130	154	0.688885
130	155	0.685995
130	156	0.66451
130	162	0.674954
130	163	0.670328
130	169	0.639882
130	170	0.689116
130	171	0.672603
130	173	0.635824
130	175	0.634727
130	176	0.639036
130	178	0.667642
130	180	0.66235
131	17	0.784373
131	18	0.776059
131	35	0.761457
131	39	0.747842
131	44	0.747651
131	50	0.738452
131	61	0.766382
131	77	0.751656
131	81	0.746323
131	86	0.742011
131	100	0.729831
131	104	0.717722
131	105	0.765405
131	108	0.735871
131	111	0.73607
131	114	0.736952
131	119	1.95824
131	121	0.749497
131	122	0.736533
131	125	0.76871
131	137	0.734516
131	138	0.73741
131	142	0.728378
131	143	0.749116
131	147	0.663807
131	148	2.10451
131	149	2.34241
131	153	3.27603
131	161	3.57825
131	172	0.685692
131	173	0.654168
131	174	4.36947
132	7	0.726799
132	20	0.894991
132	35	1.63277
132	43	0.769138
132	44	2.30652
132	48	0.814408
132	49	0.743087
132	60	0.726788
132	62	2.54798
132	64	0.708219
132	70	0.764765
132	71	0.781656
132	74	2.31628
132	90	0.795152
132	98	0.72945
132	101	0.736865
132	103	0.729504
132	108	2.33354
132	124	0.762051
132	125	1.66291
132	136	0.765325
132	145	0.716785
132	158	0.731011
132	159	0.751596
132	161	0.706927
132	162	0.704447
132	165	0.674815
132	166	0.699484
132	170	0.718609
132	177	0.648852
132	179	0.696625
132	180	0.691843
133	24	2.59152
133	30	0.75201
133	53	0.743472
133	61	1.43993
133	76	2.40924
133	89	0.76017
133	97	1.89475
133	121	1.75932
133	124	0.773593
133	126	0.758516
133	135	0.761262
133	140	0.745527
133	141	0.773282
133	142	2.19539
133	144	0.780919
133	150	0.760288
133	151	0.722252
133	152	0.801621
133	155	0.727029
133	158	0.742552
133	159	0.763137
133	160	0.720824
133	162	0.715988
133	163	0.711362
133	167	0.721211
133	169	0.680916
133	170	0.73015
133	171	0.713637
133	175	0.675761
133	176	0.68007
133	177	0.660394
133	178	0.708676
133	180	0.703384
134	25	2.62783
134	74	1.96247
134	77	2.01187
134	80	3.62679
134	83	1.3913
134	108	1.97973
134	109	0.800572
134	110	0.768735
134	124	0.775698
134	126	0.760622
134	129	0.796942
134	140	0.747632
134	146	0.731861
134	149	0.76149
134	150	0.762394
134	151	0.724358
134	156	0.707649
134	157	0.706311
134	159	0.765243
134	160	0.722929
134	161	0.720574
134	163	0.713467
134	164	0.690623
134	165	0.688462
134	167	0.723316
134	169	0.683021
134	170	0.732256
134	172	0.710487
134	174	0.707558
134	176	0.682176
134	177	0.662499
134	178	0.710781
134	179	0.710271
134	180	0.70549
135	11	1.83559
135	16	2.28805
135	17	0.989432
135	19	0.791817
135	23	0.708592
135	27	0.71034
135	51	0.738552
135	55	0.800203
