1	90	1.38064
1	102	1.36026
1	115	1.33432
1	134	0.48189
1	152	0.465095
1	153	0.508456
1	158	0.482314
1	159	0.469838
1	167	1.36636
1	172	1.38631
1	173	1.38816
1	176	1.38394
2	15	0.526345
2	24	1.33983
2	34	1.37279
2	69	1.41147
2	80	1.30638
2	101	1.36318
2	125	0.479425
2	129	1.41704
2	130	0.450508
2	160	0.473408
2	174	0.474846
2	179	1.38931
3	24	1.32197
3	45	1.3367
3	56	1.30126
3	64	0.38724
3	69	1.39361
3	85	1.46207
3	142	0.369422
3	146	0.367133
3	155	0.890595
3	165	1.41293
3	170	0.392814
3	179	1.37145
4	31	0.524728
4	50	1.31527
4	71	0.468541
4	88	0.478039
4	100	1.4028
4	124	0.456312
4	149	0.467969
4	167	1.36299
4	171	1.35758
4	173	1.38479
4	175	1.39894
4	178	1.37764
5	43	1.38075
5	53	1.46656
5	64	0.491224
5	97	0.439963
5	113	1.32671
5	126	1.37667
5	131	0.489803
5	138	1.33807
5	144	1.33367
5	164	0.495641
5	179	1.37757
5	180	0.490756
6	27	1.29172
6	55	1.48027
6	61	0.377009
6	112	1.35003
6	126	1.38967
6	138	1.35107
6	141	0.380647
6	144	1.34667
6	156	0.41102
6	165	0.822334
6	171	0.416777
6	179	1.39057
7	106	0.460901
7	151	0.471773
7	154	0.489011
7	156	0.492695
7	166	1.38515
7	167	1.35105
7	170	0.493469
7	172	1.371
7	173	1.37285
7	176	1.36863
7	177	1.37131
7	179	1.38
8	38	0.582055
8	72	0.614153
8	81	0.613652
8	124	0.584566
8	126	1.21319
8	144	1.17018
8	161	1.18795
8	166	1.21925
8	176	1.20272
8	178	1.1998
8	179	1.21409
8	180	1.19282
9	110	1.37195
9	127	0.485539
9	128	1.38308
9	141	0.462272
9	161	1.3552
9	162	1.39476
9	164	0.492262
9	167	1.35239
9	168	0.477561
9	174	0.490073
9	176	1.36997
9	177	1.37265
10	86	0.496207
10	91	0.508406
10	96	1.34117
10	116	0.500915
10	135	1.37672
10	137	1.38848
10	140	1.33914
10	148	1.35383
10	149	1.39884
10	165	0.408076
10	175	1.40183
10	180	0.494087
11	84	1.30594
11	112	0.510608
11	122	1.41746
11	125	0.494764
11	133	0.510208
11	135	1.37004
11	136	1.38547
11	137	1.3818
11	148	1.34714
11	149	1.39215
11	165	0.401478
11	174	0.490186
12	21	0.620718
12	79	0.498942
12	85	0.378215
12	159	1.39063
12	164	1.35588
12	169	1.38681
12	171	1.35325
12	173	0.439605
12	174	1.37379
12	176	0.456004
12	178	1.37331
12	180	1.36633
13	78	0.560933
13	110	0.495417
13	117	1.36527
13	134	1.28715
13	147	1.27729
13	151	1.30653
13	169	1.30811
13	170	1.29346
13	171	1.27456
13	172	0.511192
13	173	0.510682
13	179	0.515584
13	180	1.28764
14	16	1.47355
14	25	1.27318
14	39	1.29635
14	40	1.31371
14	72	1.25985
14	76	1.27008
14	81	1.2116
14	108	0.394488
14	125	0.415173
14	165	0.886087
14	167	0.45037
14	175	1.30168
14	176	0.455457
15	2	0.526345
15	28	1.35204
15	91	0.52647
15	119	1.30832
15	127	0.510313
15	139	0.530921
15	161	1.26882
15	166	1.30012
15	172	1.28597
15	173	1.28781
15	175	1.30196
15	179	1.29496
15	180	0.512151
16	14	1.47355
16	39	1.5335
16	50	1.45516
16	59	1.45322
16	72	1.49699
16	81	1.44874
16	133	0.477408
16	151	0.439035
16	154	0.456274
16	155	0.406923
16	165	0.368678
16	170	0.460731
16	175	1.53883
17	20	0.367662
17	100	0.551439
17	103	0.554911
17	109	1.29969
17	131	1.31603
17	165	1.34747
17	167	0.565428
17	168	1.29076
17	170	1.29054
17	171	1.27164
17	174	1.29218
17	177	0.554619
17	178	1.2917
18	21	1.16678
18	43	1.35152
18	52	1.30156
18	113	1.29748
18	114	0.453801
18	134	0.425357
18	138	1.30884
18	139	1.3168
18	144	1.30444
18	150	0.432401
18	155	1.35256
18	158	0.425782
18	165	0.870295
19	49	1.48989
19	73	0.392233
19	104	1.46935
19	119	0.433809
19	138	0.452647
19	144	0.45589
19	154	1.50065
19	160	1.49113
19	166	0.427044
19	171	1.47179
19	174	1.49233
19	179	0.430542
19	180	1.48487
20	17	0.367662
20	32	0.451379
20	45	1.45092
20	63	1.49462
20	91	1.46872
20	101	1.45954
20	102	0.374894
20	129	1.5134
20	153	0.337255
20	165	1.52715
20	174	0.305357
20	178	0.764712
20	179	1.48566
21	12	0.620718
21	18	1.16678
21	89	1.18094
21	101	1.14526
21	126	1.17049
21	138	1.13188
21	144	1.12748
21	148	1.13039
21	149	1.1754
21	151	0.654574
21	174	0.672924
21	178	0.656378
21	179	1.17138
22	109	0.44255
22	113	1.45401
22	119	0.467845
22	120	0.475836
22	126	1.50398
22	130	1.50169
22	138	1.46537
22	144	1.46097
22	154	0.430102
22	155	1.50909
22	157	0.447507
22	165	0.342506
22	179	1.50488
23	45	1.27476
23	68	0.536226
23	69	1.33167
23	80	1.22657
23	101	1.28338
23	129	1.33724
23	131	0.520458
23	154	0.522996
23	157	1.28589
23	159	0.517387
23	165	1.35099
23	178	0.507562
23	179	1.3095
24	2	1.33983
24	3	1.32197
24	56	1.23329
24	64	0.513126
24	89	1.31303
24	101	1.27734
24	106	0.486132
24	129	1.33121
24	157	1.27985
24	158	0.52111
24	173	0.543817
24	175	0.537805
24	179	1.30347
25	14	1.27318
25	39	1.33314
25	40	1.35049
25	59	1.25285
25	72	1.29663
25	76	1.30687
25	81	1.24838
25	110	0.561061
25	141	0.520061
25	151	0.529513
25	165	0.459156
25	168	0.535351
25	175	1.33846
26	61	1.38601
26	98	0.540554
26	126	0.509757
26	160	1.28666
26	161	0.523843
26	163	1.29901
26	168	1.28644
26	170	1.28622
26	174	1.28786
26	176	0.517437
26	177	0.501541
26	178	1.28739
26	180	1.28041
27	6	1.29172
27	52	1.20731
27	53	1.34308
27	113	1.20324
27	126	1.2532
27	138	1.2146
27	139	1.22256
27	144	1.21019
27	162	0.596892
27	165	0.494272
27	168	0.570467
27	169	0.56274
27	179	1.2541
27	180	0.580283
28	15	1.35204
28	67	1.41634
28	91	0.463508
28	95	1.38771
28	132	0.456852
28	139	0.46796
28	144	0.510598
28	158	0.457641
28	160	0.450448
28	162	1.42345
28	166	1.41519
28	172	1.40104
28	173	1.40289
28	177	1.40134
29	88	1.23566
29	107	1.28228
29	122	1.26965
29	123	1.27484
29	130	0.565761
29	135	1.22223
29	136	1.23766
29	137	1.23399
29	148	1.19934
29	149	1.24435
29	151	0.571749
29	152	0.578635
29	165	0.501392
29	174	0.590099
30	36	0.537631
30	82	1.19412
30	128	1.26022
30	151	0.550779
30	154	0.568017
30	157	0.585422
30	161	1.23234
30	162	1.2719
30	166	1.26364
30	167	1.22954
30	173	1.25134
30	176	1.24711
30	177	1.24979
30	180	0.566432
31	4	0.524728
31	58	0.628212
31	122	1.28517
31	124	1.25393
31	135	1.23775
31	136	1.25318
31	140	1.20017
31	148	1.21486
31	149	1.25986
31	155	0.512169
31	157	1.23223
31	166	0.592497
31	169	0.542392
31	175	1.26286
32	20	0.451379
32	64	1.28918
32	97	0.555881
32	118	1.18985
32	155	1.25661
32	161	1.22626
32	166	1.25755
32	168	0.596858
32	169	0.589131
32	170	0.612716
32	172	1.2434
32	176	1.24103
32	177	1.24371
32	179	1.2524
33	111	0.460476
33	121	0.480601
33	128	0.465609
33	156	1.38446
33	163	1.4057
33	164	1.37665
33	165	1.44986
33	169	1.40758
33	174	1.39456
33	175	0.450357
33	176	0.472768
33	178	1.39409
33	179	0.461271
33	180	1.3871
34	2	1.37279
34	63	1.34539
34	69	1.3586
34	80	1.2535
34	89	1.34599
34	101	1.31031
34	125	0.514886
34	127	0.505773
34	129	1.36417
34	130	0.485969
34	142	0.490261
34	145	0.49252
34	147	0.519767
34	157	1.31281
34	179	1.33643
35	71	1.3577
35	87	1.32928
35	116	0.52611
35	123	1.37354
35	130	0.49764
35	136	1.33635
35	137	1.33268
35	140	1.28334
35	148	1.29803
35	149	1.34304
35	160	0.52054
35	165	0.433271
35	168	0.509466
35	174	0.521978
35	175	1.34603
36	30	0.537631
36	58	0.497431
36	72	0.492304
36	78	0.510564
36	98	0.49983
36	151	1.34111
36	154	1.338
36	163	1.34082
36	168	1.32826
36	169	1.34269
36	170	1.32804
36	174	1.32967
36	175	0.454301
36	178	1.3292
36	180	1.32222
37	48	0.495057
37	78	1.26173
37	87	0.549094
37	111	1.34237
37	119	1.35913
37	132	0.494447
37	156	0.492053
37	159	0.48276
37	162	1.35919
37	166	1.35093
37	167	1.31683
37	170	0.492827
37	172	1.33678
37	173	1.33863
37	176	1.3344
38	8	0.582055
38	65	1.24783
38	123	1.38943
38	124	1.353
38	135	1.33681
38	136	1.35225
38	137	1.34858
38	140	1.29924
38	141	0.463903
38	147	0.501164
38	148	1.31392
38	149	1.35893
38	169	0.471465
38	171	0.500034
38	180	0.489008
39	14	1.29635
39	16	1.5335
39	25	1.33314
39	50	1.27797
39	59	1.27602
39	72	1.3198
39	76	1.33004
39	81	1.27155
39	101	0.557151
39	153	0.543018
39	155	0.460658
39	163	0.502889
39	165	0.422414
39	171	0.51945
39	175	1.36163
40	14	1.31371
40	25	1.35049
40	50	1.29533
40	59	1.29338
40	62	1.39464
40	72	1.33716
40	76	1.3474
40	81	1.28891
40	109	0.509347
40	142	0.477965
40	156	0.500583
40	167	0.537786
40	168	0.485499
40	175	1.37899
40	180	0.495315
41	49	0.499208
41	89	0.533078
41	103	1.32313
41	110	1.34252
41	118	1.28937
41	146	0.475452
41	158	0.503544
41	161	1.32578
41	162	1.36533
41	164	0.499976
41	167	1.32297
41	172	1.34292
41	173	1.34477
41	177	1.34322
41	180	0.495092
42	79	1.2684
42	94	1.34233
42	130	1.34396
42	157	0.517923
42	159	0.494909
42	162	1.36057
42	163	0.493398
42	164	0.503819
42	166	1.3523
42	167	1.3182
42	168	0.489118
42	171	0.509959
42	173	1.34
42	176	1.33578
42	177	1.33845
43	5	1.38075
43	18	1.35152
43	49	0.495674
43	52	1.30933
43	70	0.480647
43	84	1.27393
43	91	1.33918
43	108	0.478147
43	138	1.31662
43	143	0.50238
43	144	1.31222
43	155	1.36034
43	158	0.50001
43	161	0.545523
43	179	1.35612
44	68	1.34644
44	90	1.32443
44	116	1.29357
44	131	0.49332
44	143	1.38045
44	157	0.513263
44	158	0.502726
44	160	0.495532
44	162	1.35251
44	164	0.499159
44	167	1.31015
44	171	0.505299
44	172	1.3301
44	173	1.33195
44	177	1.3304
45	3	1.3367
45	20	1.45092
45	23	1.27476
45	49	0.490943
45	63	1.32715
45	101	1.29207
45	104	0.505265
45	112	0.509946
45	129	1.34594
45	157	1.29458
45	163	0.481292
45	165	1.35969
45	167	0.529299
45	174	0.489524
45	179	1.3182
46	57	1.29364
46	104	0.515414
46	118	1.29433
46	132	0.50464
46	139	0.515747
46	161	1.33074
46	166	1.36203
46	167	1.32793
46	168	0.487161
46	170	0.503019
46	172	1.34788
46	173	1.34973
46	176	1.34551
46	177	1.34819
46	178	0.483127
47	88	1.33056
47	107	1.37718
47	122	1.36455
47	123	1.36974
47	124	1.33332
47	130	0.510908
47	140	1.27955
47	148	1.29424
47	149	1.33925
47	155	0.484784
47	157	1.31161
47	165	0.446539
47	169	0.515007
47	178	0.5187
47	180	0.53255
48	37	0.495057
48	50	1.28892
48	81	1.2825
48	99	0.466418
48	121	0.52162
48	140	1.30989
48	148	1.32458
48	149	1.36959
48	150	1.35052
48	166	0.498791
48	170	1.35013
48	173	0.497387
48	175	1.37258
48	176	0.513787
48	178	1.35129
49	19	1.48989
49	41	0.499208
49	43	0.495674
49	45	0.490943
49	115	0.518859
49	120	1.26443
49	147	1.30508
49	152	1.33924
49	159	1.33972
49	168	1.32146
49	171	1.30235
49	173	0.493231
49	178	1.32241
49	179	0.498133
49	180	1.31543
50	4	1.31527
50	16	1.45516
50	39	1.27797
50	40	1.29533
50	48	1.28892
50	59	1.19768
50	72	1.24146
50	76	1.2517
50	81	1.19321
50	139	0.567648
50	145	0.533788
50	152	0.540111
50	155	0.501112
50	169	0.531335
50	175	1.2833
50	178	0.535029
51	83	0.436057
51	109	0.476322
51	133	0.485008
51	142	0.444939
51	143	1.46338
51	160	0.463548
51	162	1.43544
51	163	0.456754
51	166	1.42718
51	167	1.39308
51	172	1.41303
51	173	1.41488
51	175	1.42903
51	176	1.41065
51	177	1.41333
51	178	0.44844
52	18	1.30156
52	27	1.20731
52	43	1.30933
52	91	1.28921
52	92	1.29696
52	100	0.544405
52	113	1.2553
52	126	1.30526
52	138	1.26665
52	144	1.26225
52	153	0.550517
52	164	0.520808
52	167	0.558395
52	171	0.526949
52	178	0.502074
52	179	1.30616
53	5	1.46656
53	27	1.34308
53	92	1.43273
53	109	0.482513
53	125	1.43125
53	126	1.44103
53	130	1.43874
53	138	1.40243
53	144	1.39803
53	155	1.44615
53	157	0.48747
53	160	0.469739
53	163	0.462945
53	165	0.38247
53	169	0.450937
53	170	0.474522
54	75	0.549641
54	83	0.509845
54	110	1.27433
54	121	1.25831
54	127	0.534239
54	143	1.32508
54	158	0.544529
54	161	1.25758
54	162	1.29714
54	163	0.530542
54	164	0.540962
54	166	1.28888
54	172	1.27473
54	173	1.27657
54	176	1.27235
54	177	1.27503
55	6	1.48027
55	64	0.454597
55	77	0.462337
55	92	1.43345
55	113	1.39178
55	116	1.39713
55	126	1.44175
55	132	0.461792
55	138	1.40314
55	139	1.4111
55	144	1.39874
55	157	0.473119
55	162	0.470738
55	163	0.448594
55	169	0.436586
55	179	1.44264
56	3	1.30126
56	24	1.23329
56	63	1.29172
56	69	1.30493
56	80	1.19983
56	89	1.29232
56	129	1.3105
56	141	0.531028
56	146	0.536493
56	155	0.508367
56	157	1.25914
56	159	0.552108
56	165	1.32425
56	169	0.53859
56	178	0.542283
56	179	1.28276
57	46	1.29364
57	58	1.23347
57	128	1.29146
57	141	0.513888
57	146	0.519354
57	147	0.55115
57	157	0.557983
57	162	1.30313
57	166	1.29487
57	167	1.26077
57	172	1.28072
57	173	1.28257
57	174	0.54169
57	176	1.27835
57	177	1.28102
57	178	0.525144
58	31	0.628212
58	36	0.497431
58	57	1.23347
58	70	0.515322
58	82	1.23235
58	95	1.27437
58	106	0.499707
58	111	1.2933
58	134	0.53426
58	161	1.27057
58	164	0.531118
58	165	1.33819
58	172	1.28771
58	176	1.28533
58	177	1.28801
58	179	1.2967
59	16	1.45322
59	25	1.25285
59	39	1.27602
59	40	1.29338
59	50	1.19768
59	72	1.23951
59	76	1.24975
59	81	1.19126
59	85	1.36496
59	105	0.528268
59	134	0.56501
59	142	0.539632
59	152	0.548215
59	165	0.470972
59	175	1.28135
59	180	0.556983
60	62	0.525189
60	81	0.55989
60	110	0.513135
60	144	0.558649
60	151	1.28498
60	152	1.2899
60	162	0.51385
60	165	1.32884
60	168	1.27212
60	169	1.28656
60	170	1.2719
60	171	1.25301
60	174	1.27354
60	175	0.522388
60	178	1.27307
60	180	1.26608
61	6	0.377009
61	26	1.38601
61	100	0.457694
61	122	0.459786
61	137	0.476313
61	145	1.44255
61	151	1.4349
61	161	0.483177
61	163	1.43461
61	164	1.40556
61	168	1.42205
61	169	1.43649
61	170	1.42183
61	172	0.460881
61	176	0.476771
61	180	1.41601
62	40	1.39464
62	60	0.525189
62	76	1.35101
62	93	0.489104
62	113	1.32473
62	115	1.31461
62	133	0.508622
62	138	1.33609
62	143	1.41696
62	144	1.33169
62	145	0.470813
62	151	0.47025
62	152	0.477136
62	166	1.38076
62	169	0.46836
62	175	1.3826
62	177	1.36691
63	20	1.49462
63	34	1.34539
63	45	1.32715
63	56	1.29172
63	80	1.27897
63	83	0.464062
63	89	1.37146
63	101	1.33577
63	109	0.504327
63	125	0.49757
63	129	1.38964
63	165	1.40339
63	168	0.480479
63	169	0.472752
63	171	0.501321
63	179	1.3619
63	180	0.490295
64	3	0.38724
64	5	0.491224
64	24	0.513126
64	32	1.28918
64	55	0.454597
64	72	1.35491
64	81	1.30666
64	113	0.525278
64	137	0.505524
64	144	0.519832
64	161	1.3636
64	163	1.38706
64	170	1.37428
64	172	1.38074
64	175	1.39674
64	176	1.37837
64	180	1.36846
65	38	1.24783
65	77	0.593087
65	85	0.554649
65	96	1.19221
65	107	1.28782
65	120	0.632197
65	123	1.28038
65	124	1.24395
65	135	1.22776
65	140	1.19018
65	148	1.20487
65	149	1.24988
65	155	0.537113
65	156	0.590148
65	157	1.22224
65	165	0.498868
65	175	1.25287
66	114	1.21796
66	131	1.26004
66	133	1.23077
66	144	0.591349
66	151	1.24762
66	156	1.22609
66	160	1.23499
66	162	0.54655
66	163	1.24733
66	167	0.572412
66	170	1.23455
66	172	0.561609
66	174	1.23619
66	175	0.555088
66	178	1.23572
66	179	0.566002
66	180	1.22873
67	28	1.41634
67	94	1.35444
67	128	1.361
67	131	0.487163
67	145	0.473026
67	152	0.479349
67	157	0.507106
67	162	1.37268
67	166	1.36441
67	167	1.33031
67	171	0.499142
67	172	1.35026
67	173	1.35211
67	174	0.490813
67	176	1.34789
67	177	1.35056
67	178	0.474267
68	23	0.536226
68	44	1.34644
68	70	0.461859
68	73	1.4577
68	110	1.35091
68	120	0.520088
68	121	1.33489
68	127	0.470932
68	142	0.45542
68	157	0.49176
68	162	1.37372
68	167	1.33135
68	172	1.3513
68	173	1.35315
68	176	1.34893
68	177	1.3516
68	180	0.47277
69	2	1.41147
69	3	1.39361
69	23	1.33167
69	34	1.3586
69	56	1.30493
69	77	1.34492
69	80	1.29218
69	89	1.38467
69	105	0.451166
69	112	0.502999
69	120	0.527199
69	129	1.40285
69	130	0.458239
69	154	0.481465
69	159	0.475856
69	173	0.51104
69	179	1.37511
70	43	0.480647
70	58	0.515322
70	68	0.461859
70	93	1.35882
70	106	1.39657
70	119	0.486372
70	122	0.477619
70	133	1.34842
70	159	1.37068
70	160	1.35264
70	168	1.35242
70	169	1.36686
70	173	0.478204
70	174	1.35384
70	176	0.494603
70	178	1.35337
70	180	1.34638
71	4	0.468541
71	35	1.3577
71	107	1.41358
71	130	0.482107
71	135	1.35353
71	136	1.36896
71	137	1.36529
71	139	1.34008
71	140	1.31595
71	141	0.478644
71	147	0.515905
71	148	1.33063
71	149	1.37564
71	164	0.508633
71	165	0.417738
71	173	0.534908
71	175	1.37863
72	8	0.614153
72	14	1.25985
72	16	1.49699
72	25	1.29663
72	36	0.492304
72	39	1.3198
72	40	1.33716
72	50	1.24146
72	59	1.23951
72	64	1.35491
72	76	1.29353
72	81	1.23504
72	105	0.492391
72	125	0.528381
72	154	0.52269
72	160	0.522364
72	165	0.435095
72	175	1.32513
73	19	0.392233
73	68	1.4577
73	115	1.38937
73	139	0.474477
73	141	0.430602
73	143	1.49172
73	150	0.470778
73	157	0.474696
73	159	0.451682
73	161	1.42422
73	164	0.460592
73	167	1.42141
73	172	1.44136
73	173	1.44321
73	176	1.43899
73	177	1.44166
73	179	1.45035
73	180	0.455707
74	116	1.27608
74	118	1.25905
74	131	0.518248
74	134	0.52723
74	141	0.494097
74	143	1.36296
74	156	0.52447
74	158	0.527654
74	161	1.29546
74	162	1.33502
74	163	0.513666
74	167	1.29265
74	172	1.3126
74	173	1.31445
74	175	1.3286
74	176	1.31023
74	177	1.3129
74	178	0.505352
75	54	0.549641
75	113	0.538374
75	143	0.482341
75	150	1.31262
75	151	1.32529
75	153	1.28042
75	158	1.31549
75	163	1.325
75	164	1.29595
75	167	0.513991
75	168	1.31244
75	170	1.31222
75	171	1.29332
75	174	1.31386
75	175	0.496666
75	177	0.503181
75	178	1.31339
75	179	0.50758
76	14	1.27008
76	25	1.30687
76	39	1.33004
76	40	1.3474
76	50	1.2517
76	59	1.24975
76	62	1.35101
76	72	1.29353
76	81	1.24528
76	85	1.41898
76	105	0.494771
76	130	0.501844
76	146	0.503846
76	156	0.528754
76	168	0.51367
76	172	0.555155
76	175	1.33536
76	178	0.509636
77	55	0.462337
77	65	0.593087
77	69	1.34492
77	80	1.23982
77	122	0.496737
77	123	0.498024
77	129	1.35049
77	137	0.513264
77	140	0.518994
77	149	0.511384
77	161	1.29662
77	167	1.29381
77	168	1.30752
77	170	1.3073
77	172	1.31376
77	174	1.30894
77	177	1.31406
77	179	1.32275
78	13	0.560933
78	36	0.510564
78	37	1.26173
78	86	0.541485
78	100	1.27978
78	121	1.24351
78	140	0.592196
78	143	1.31027
78	162	1.28233
78	163	0.53383
78	164	0.54425
78	166	1.27407
78	167	1.23997
78	169	0.521822
78	172	1.25992
78	173	1.26177
78	176	1.25754
78	177	1.26022
78	179	1.26891
79	12	0.498942
79	42	1.2684
79	82	1.20984
79	108	0.535042
79	110	1.26481
79	119	1.28756
79	143	1.31556
79	146	0.528813
79	148	0.614133
79	161	1.24806
79	162	1.28762
79	166	1.27936
79	167	1.24525
79	168	0.538636
79	169	0.530909
79	171	0.559478
79	172	1.26521
79	176	1.26283
79	177	1.26551
80	2	1.30638
80	23	1.22657
80	34	1.2535
80	56	1.19983
80	63	1.27897
80	69	1.29218
80	77	1.23982
80	89	1.27958
80	101	1.24389
80	116	0.560374
80	129	1.29775
80	131	0.552592
80	146	0.533906
80	155	0.505779
80	165	1.3115
80	171	0.564571
80	178	0.539696
80	179	1.27002
80	180	0.553545
81	8	0.613652
81	14	1.2116
81	16	1.44874
81	25	1.24838
81	39	1.27155
81	40	1.28891
81	48	1.2825
81	50	1.19321
81	59	1.19126
81	60	0.55989
81	64	1.30666
81	72	1.23504
81	76	1.24528
81	125	0.52788
81	139	0.539375
81	161	0.57457
81	165	0.434594
81	173	0.551764
81	175	1.27688
82	30	1.19412
82	58	1.23235
82	79	1.20984
82	94	1.28377
82	128	1.29033
82	139	0.556936
82	140	0.590996
82	145	0.523076
82	159	0.534142
82	162	1.30201
82	166	1.29375
82	167	1.25965
82	169	0.520623
82	170	0.544208
82	173	1.28145
82	175	1.2956
82	176	1.27722
82	177	1.2799
82	180	0.538166
83	51	0.436057
83	54	0.509845
83	63	0.464062
83	94	0.478214
83	121	0.487115
83	146	1.40612
83	150	1.37949
83	156	1.37063
83	159	1.39757
83	160	1.37954
83	161	0.485688
83	163	1.39188
83	164	1.36283
83	168	1.37932
83	170	1.3791
83	177	0.463385
83	178	1.38026
83	179	0.467784
83	180	1.37328
84	11	1.30594
84	43	1.27393
84	90	0.54522
84	92	1.26155
84	110	0.532368
84	111	0.551741
84	126	1.26985
84	129	0.536738
84	136	1.26808
84	137	1.26441
84	143	0.527296
84	149	1.27477
84	154	1.26527
84	164	1.23903
84	172	0.548143
84	174	1.25694
84	177	0.548136
84	179	1.27075
84	180	1.24948
85	3	1.46207
85	12	0.378215
85	59	1.36496
85	65	0.554649
85	76	1.41898
85	114	0.464197
85	126	0.467604
85	129	1.4713
85	131	0.426772
85	133	0.450444
85	150	0.442797
85	163	0.42219
85	165	1.48505
85	173	1.43642
85	175	1.45057
85	176	1.4322
85	177	1.43488
85	179	1.44357
86	10	0.496207
86	78	0.541485
86	108	1.37491
86	128	0.500475
86	131	1.35239
86	154	1.33687
86	159	1.34538
86	160	1.32734
86	162	0.476685
86	163	1.33968
86	164	1.31063
86	166	0.492638
86	168	1.32712
86	171	1.308
86	172	0.491745
86	174	1.32854
86	175	0.485223
86	176	0.507634
86	178	1.32807
86	180	1.32108
87	35	1.32928
87	37	0.549094
87	96	1.28955
87	97	0.469472
87	105	0.49155
87	106	0.49374
87	116	0.527093
87	122	1.37252
87	123	1.37771
87	124	1.34129
87	135	1.3251
87	136	1.34053
87	137	1.33686
87	140	1.28752
87	148	1.30221
87	149	1.34722
87	164	0.52515
87	165	0.434254
87	175	1.35021
87	180	0.520265
88	4	0.478039
88	29	1.23566
88	47	1.33056
88	107	1.39022
88	115	0.570034
88	122	1.37759
88	124	1.34636
88	130	0.491605
88	136	1.3456
88	137	1.34193
88	140	1.29259
88	148	1.30728
88	149	1.35229
88	155	0.46548
88	157	1.32465
88	163	0.507711
88	165	0.427236
88	170	0.519289
88	175	1.35528
88	177	0.544909
89	21	1.18094
89	24	1.31303
89	34	1.34599
89	41	0.533078
89	56	1.29232
89	63	1.37146
89	69	1.38467
89	80	1.27958
89	101	1.33638
89	112	0.51906
89	119	0.535269
89	125	0.503216
89	129	1.39024
89	155	0.448175
89	157	1.33889
89	163	0.490406
89	165	1.40399
89	178	0.482092
89	179	1.36251
89	180	0.495941
90	1	1.38064
90	44	1.32443
90	84	0.54522
90	91	0.501021
90	102	1.30324
90	103	1.3095
90	114	0.523173
90	133	0.50942
90	161	1.31215
90	162	1.3517
90	165	1.37977
90	166	1.34344
90	167	1.30934
90	168	0.476886
90	170	0.492744
90	172	1.32929
90	174	0.489398
90	176	1.32691
90	177	1.32959
90	178	0.472852
91	10	0.508406
91	15	0.52647
91	20	1.46872
91	28	0.463508
91	43	1.33918
91	52	1.28921
91	90	0.501021
91	103	0.504229
91	129	1.36374
91	138	1.2965
91	144	1.2921
91	154	1.33052
91	157	1.31238
91	162	0.488884
91	166	0.504837
91	169	1.33521
91	175	0.497422
91	178	1.32172
91	179	1.336
91	180	1.31473
92	52	1.29696
92	53	1.43273
92	55	1.43345
92	84	1.26155
92	108	0.494358
92	112	1.30321
92	113	1.29289
92	126	1.34285
92	130	1.34056
92	138	1.30424
92	144	1.29984
92	150	0.522839
92	155	1.34796
92	163	0.502232
92	165	0.421757
92	174	0.510464
92	176	0.555326
92	178	0.493918
92	179	1.34375
92	180	0.507768
93	62	0.489104
93	70	1.35882
93	106	1.37303
93	107	0.481455
93	120	1.27184
93	126	0.501035
93	133	1.32487
93	144	0.522564
93	146	1.35568
93	158	1.33193
93	167	0.503627
93	168	1.32888
93	169	1.34332
93	170	1.32866
93	172	0.492825
93	174	1.3303
93	176	0.508714
93	177	0.492818
93	178	1.32983
93	180	1.32284
94	42	1.34233
94	67	1.35444
94	82	1.28377
94	83	0.478214
94	105	1.38724
94	115	1.28714
94	118	1.28559
94	128	1.34987
94	132	0.51211
94	139	0.523217
94	151	0.488793
94	152	0.495679
94	166	1.35329
94	169	0.486904
94	170	0.510489
94	171	0.515473
94	172	1.33914
94	173	1.34099
94	176	1.33676
94	177	1.33944
95	28	1.38771
95	58	1.27437
95	99	1.39359
95	104	0.508186
95	114	0.52622
95	119	1.34398
95	139	0.508518
95	150	0.50482
95	153	0.524342
95	161	1.30449
95	163	0.484213
95	165	1.37211
95	166	1.33578
95	167	1.30168
95	168	0.479932
95	172	1.32163
95	173	1.32348
95	176	1.31925
95	177	1.32193
95	178	0.475899
96	10	1.34117
96	65	1.19221
96	87	1.28955
96	97	0.494118
96	103	0.576866
96	107	1.34125
96	111	0.580178
96	122	1.32862
96	123	1.33381
96	124	1.29738
96	130	0.52327
96	135	1.28119
96	136	1.29663
96	137	1.29296
96	140	1.24362
96	142	0.527561
96	148	1.2583
96	149	1.30331
96	155	0.497145
96	165	0.458901
96	174	0.547608
97	5	0.439963
97	32	0.555881
97	87	0.469472
97	96	0.494118
97	128	0.447562
97	141	1.45
97	146	1.42315
97	152	1.41412
97	153	1.36433
97	156	1.38766
97	163	1.40891
97	164	1.37986
97	167	0.449634
97	168	1.39635
97	169	1.41079
97	171	1.37723
97	176	0.454721
97	177	0.438825
97	178	1.39729
97	179	0.443224
97	180	1.39031
98	26	0.540554
98	36	0.49983
98	105	1.33375
98	111	1.29125
98	117	0.497919
98	118	1.2321
98	119	1.308
98	128	1.29639
98	143	1.336
98	151	0.512978
98	153	0.563225
98	160	0.52989
98	164	0.533516
98	166	1.2998
98	167	1.2657
98	172	1.28565
98	173	1.2875
98	174	0.531328
98	176	1.28328
98	177	1.28595
98	179	1.29464
99	48	0.466418
99	95	1.39359
99	102	1.38088
99	115	1.35493
99	131	0.457192
99	134	0.466173
99	138	0.516311
99	139	0.476916
99	154	0.45973
99	159	0.454121
99	161	1.38979
99	162	1.42934
99	166	1.42108
99	167	1.38698
99	168	0.44833
99	170	0.464188
99	172	1.40693
99	173	1.40878
99	176	1.40455
99	177	1.40723
99	179	1.41592
100	4	1.4028
100	17	0.551439
100	52	0.544405
100	61	0.457694
100	78	1.27978
100	115	1.30283
100	117	0.455725
100	121	1.33841
100	142	0.469087
100	143	1.40518
100	145	0.471347
100	150	0.501509
100	155	1.36803
100	161	1.33768
100	162	1.37724
100	166	1.36897
100	169	0.468894
100	172	1.35482
100	173	1.35667
100	174	0.489134
100	176	1.35245
100	177	1.35513
101	2	1.36318
101	20	1.45954
101	21	1.14526
101	23	1.28338
101	24	1.27734
101	34	1.31031
101	39	0.557151
101	45	1.29207
101	63	1.33577
101	80	1.24389
101	89	1.33638
101	105	0.477968
101	129	1.35456
101	130	0.48504
101	139	0.525452
101	153	0.541276
101	157	1.3032
101	159	0.502657
101	160	0.507941
101	165	1.36831
101	168	0.496866
101	171	0.517708
101	179	1.32682
102	1	1.36026
102	20	0.374894
102	90	1.30324
102	99	1.38088
102	114	0.56666
102	115	1.25692
102	117	0.499476
102	121	1.2925
102	127	0.528351
102	128	1.31965
102	145	0.515098
102	161	1.29177
102	162	1.33133
102	166	1.32306
102	167	1.28896
102	168	0.520373
102	170	0.536231
102	171	0.541214
102	173	1.31076
102	175	1.32491
102	176	1.30654
102	177	1.30921
102	180	0.530189
103	17	0.554911
103	41	1.32313
103	90	1.3095
103	91	0.504229
103	96	0.576866
103	111	1.32077
103	118	1.26163
103	121	1.29877
103	139	0.50868
103	142	0.47256
103	143	1.36553
103	150	0.504981
103	161	1.29804
103	162	1.33759
103	166	1.32933
103	167	1.29523
103	170	0.495952
103	171	0.500936
103	172	1.31518
103	173	1.31703
103	176	1.3128
103	177	1.31548
103	180	0.48991
104	19	1.46935
104	45	0.505265
104	46	0.515414
104	95	0.508186
104	115	0.533181
104	140	0.529223
104	143	0.487215
104	150	1.30111
104	151	1.31378
104	152	1.31871
104	160	1.30115
104	162	0.493002
104	163	1.31349
104	164	1.28444
104	168	1.30093
104	169	1.31537
104	170	1.30071
104	171	1.28181
104	172	0.508062
104	174	1.30235
104	178	1.30188
104	179	0.512454
104	180	1.29489
105	59	0.528268
105	69	0.451166
105	72	0.492391
105	76	0.494771
105	87	0.49155
105	94	1.38724
105	98	1.33375
105	101	0.477968
105	113	1.34119
105	124	0.462804
105	129	0.449505
105	136	0.470023
105	137	0.476341
105	138	1.35255
105	139	1.36051
105	144	1.34815
105	166	1.39721
105	170	1.3766
105	173	1.38491
105	174	1.37824
105	175	1.39906
105	178	1.37777
105	179	1.39205
105	180	1.37078
106	7	0.460901
106	24	0.486132
106	58	0.499707
106	70	1.39657
106	87	0.49374
106	93	1.37303
106	118	0.509662
106	129	0.451694
106	134	1.36011
106	145	1.38714
106	154	1.37638
106	158	1.36969
106	161	0.485395
106	163	1.3792
106	167	0.473902
106	168	1.36664
106	169	1.38107
106	170	1.36642
106	171	1.34752
106	172	0.463099
106	174	1.36805
106	178	1.36758
106	179	0.467491
106	180	1.3606
107	29	1.28228
107	47	1.37718
107	65	1.28782
107	71	1.41358
107	88	1.39022
107	93	0.481455
107	96	1.34125
107	112	0.501373
107	122	1.42422
107	123	1.42941
107	124	1.39298
107	132	0.485917
107	135	1.3768
107	136	1.39223
107	140	1.33922
107	148	1.3539
107	149	1.39891
107	152	0.469487
107	155	0.430488
107	169	0.460711
107	173	0.509413
107	174	0.480951
107	177	0.509917
107	180	0.478254
108	14	0.394488
108	43	0.478147
108	79	0.535042
108	86	1.37491
108	92	0.494358
108	145	1.39077
108	147	1.35388
108	149	0.489766
108	152	1.38805
108	154	1.38002
108	156	1.36159
108	158	1.37332
108	160	1.37049
108	161	0.49851
108	163	1.38283
108	164	1.35378
108	168	1.37027
108	169	1.38471
108	171	1.35115
108	172	0.476214
108	173	0.475704
108	175	0.469693
108	179	0.480607
108	180	1.36423
109	17	1.29969
109	22	0.44255
109	40	0.509347
109	51	0.476322
109	53	0.482513
109	63	0.504327
109	141	1.38506
109	146	1.35821
109	147	1.31503
109	148	0.537669
109	158	1.33447
109	159	1.34967
109	160	1.33163
109	161	0.525953
109	164	1.31493
109	168	1.33141
109	169	1.34585
109	170	1.33119
109	171	1.3123
109	173	0.503147
109	174	1.33283
109	177	0.50365
109	178	1.33236
109	179	0.508049
109	180	1.32537
110	9	1.37195
110	13	0.495417
110	25	0.561061
110	41	1.34252
110	54	1.27433
110	60	0.513135
110	68	1.35091
110	79	1.26481
110	84	0.532368
110	111	1.34016
110	136	0.514632
110	147	0.486006
110	152	0.465082
110	153	0.508444
110	159	0.469825
110	161	1.31743
110	162	1.35698
110	166	1.34872
110	172	1.33457
110	173	1.33642
110	175	1.35057
110	176	1.33219
110	177	1.33487
110	178	0.46
110	179	1.34356
111	33	0.460476
111	37	1.34237
111	58	1.2933
111	84	0.551741
111	96	0.580178
111	98	1.29125
111	103	1.32077
111	110	1.34016
111	125	1.33887
111	127	0.491385
111	132	0.500885
111	142	0.475872
111	158	0.501674
111	161	1.32342
111	162	1.36297
111	166	1.35471
111	167	1.32061
111	169	0.475679
111	172	1.34056
111	173	1.34241
111	176	1.33818
111	177	1.34086
111	178	0.479373
111	179	1.34955
111	180	0.493222
112	6	1.35003
112	11	0.510608
112	45	0.509946
112	69	0.502999
112	89	0.51906
112	92	1.30321
112	107	0.501373
112	113	1.26154
112	123	0.512935
112	135	0.533797
112	136	0.521856
112	138	1.2729
112	140	0.533904
112	148	0.546755
112	158	1.30023
112	160	1.29739
112	166	1.31756
112	167	1.28346
112	172	1.30341
112	173	1.30526
112	174	1.29859
112	176	1.30104
112	177	1.30371
112	178	1.29812
112	179	1.3124
112	180	1.29114
113	5	1.32671
113	18	1.29748
113	22	1.45401
113	27	1.20324
113	52	1.2553
113	55	1.39178
113	62	1.32473
113	64	0.525278
113	75	0.538374
113	92	1.29289
113	105	1.34119
113	112	1.26154
113	116	1.25656
113	126	1.30118
113	127	0.522973
113	138	1.26258
113	139	1.27054
113	144	1.25818
113	156	0.530079
113	160	0.526069
113	163	0.519275
113	165	0.4388
113	170	0.530853
113	174	0.527507
113	175	0.549958
113	179	1.30208
114	18	0.453801
114	66	1.21796
114	85	0.464197
114	90	0.523173
114	95	0.52622
114	102	0.56666
114	128	0.534826
114	131	1.33095
114	134	1.29915
114	136	0.535209
114	151	1.31853
114	153	1.27366
114	156	1.29699
114	159	1.32393
114	160	1.3059
114	163	1.31824
114	164	1.28919
114	167	0.536899
114	169	1.32012
114	170	1.30546
114	171	1.28656
114	172	0.526096
114	174	1.3071
114	177	0.52609
114	178	1.30662
114	180	1.29964
115	1	1.33432
115	49	0.518859
115	62	1.31461
115	73	1.38937
115	88	0.570034
115	94	1.28714
115	99	1.35493
115	100	1.30283
115	102	1.25692
115	104	0.533181
115	118	1.22941
115	142	0.497393
115	143	1.33332
115	152	0.505976
115	156	0.520012
115	157	0.533733
115	159	0.510718
115	160	0.516002
115	162	1.30538
115	166	1.29712
115	167	1.26302
115	168	0.504927
115	172	1.28297
115	173	1.28482
115	176	1.28059
115	177	1.28327
116	10	0.500915
116	35	0.52611
116	44	1.29357
116	55	1.39713
116	74	1.27608
116	80	0.560374
116	87	0.527093
116	113	1.25656
116	117	1.36379
116	123	0.496644
116	135	0.517507
116	136	0.505566
116	138	1.26792
116	140	0.517614
116	144	1.26352
116	148	0.530465
116	149	0.510005
116	155	1.31164
116	163	1.30476
116	168	1.2922
116	172	1.29844
116	173	1.30029
116	176	1.29606
116	177	1.29874
116	178	1.29314
116	180	1.28616
117	13	1.36527
117	98	0.497919
117	100	0.455725
117	102	0.499476
117	116	1.36379
117	120	1.33704
117	148	0.492924
117	150	1.39425
117	151	1.40693
117	152	1.41185
117	156	1.38539
117	158	1.39713
117	160	1.3943
117	161	0.481208
117	164	1.37759
117	166	0.459805
117	167	0.469714
117	168	1.39408
117	169	1.40852
117	170	1.39386
117	171	1.37496
117	173	0.458402
117	175	0.45239
117	177	0.458905
117	178	1.39502
117	179	0.463304
118	32	1.18985
118	41	1.28937
118	46	1.29433
118	74	1.25905
118	94	1.28559
118	98	1.2321
118	103	1.26163
118	106	0.509662
118	115	1.22941
118	124	0.569751
118	128	1.29215
118	133	0.558906
118	157	0.555177
118	158	0.544639
118	160	0.537446
118	161	1.26427
118	162	1.30382
118	163	0.530652
118	166	1.29556
118	167	1.26146
118	168	0.526372
118	170	0.542229
118	173	1.28326
118	175	1.29741
118	176	1.27904
118	177	1.28171
118	180	0.536187
119	15	1.30832
119	19	0.433809
119	22	0.467845
119	37	1.35913
119	70	0.486372
119	79	1.28756
119	89	0.535269
119	95	1.34398
119	98	1.308
119	121	1.34091
119	133	0.520002
119	155	1.37052
119	159	0.493258
119	160	0.498541
119	161	1.34017
119	162	1.37973
119	165	1.4078
119	166	1.37147
119	167	1.33737
119	168	0.487467
119	169	0.47974
119	171	0.508309
119	173	1.35917
119	174	0.49998
119	175	1.37332
119	176	1.35494
119	177	1.35762
120	22	0.475836
120	49	1.26443
120	65	0.632197
120	68	0.520088
120	69	0.527199
120	93	1.27184
120	117	1.33704
120	127	1.27727
120	146	1.29225
120	147	1.24906
120	151	1.2783
120	152	1.28322
120	153	1.23342
120	156	1.25676
120	158	1.2685
120	159	1.2837
120	166	0.537836
120	167	0.547745
120	170	1.26523
120	171	1.24633
120	172	0.536943
120	173	0.536433
120	174	1.26686
120	177	0.536936
120	178	1.26639
120	179	0.541335
120	180	1.25941
121	33	0.480601
121	48	0.52162
121	54	1.25831
121	68	1.33489
121	78	1.24351
121	83	0.487115
121	100	1.33841
121	102	1.2925
121	103	1.29877
121	119	1.34091
121	125	1.31686
121	130	1.32436
121	143	1.3689
121	151	0.497694
121	152	0.50458
121	153	0.547941
121	159	0.509323
121	162	1.34097
121	165	1.36903
121	167	1.2986
121	168	0.503532
121	170	0.519389
121	171	0.524373
121	172	1.31855
121	173	1.3204
121	174	0.516044
121	176	1.31618
121	177	1.31885
122	11	1.41746
122	29	1.26965
122	31	1.28517
122	47	1.36455
122	61	0.459786
122	70	0.477619
122	77	0.496737
122	87	1.37252
122	88	1.37759
122	96	1.32862
122	107	1.42422
122	123	1.41678
122	124	1.38035
122	135	1.36416
122	136	1.3796
122	137	1.37593
122	140	1.32659
122	145	0.473439
122	147	0.500686
122	148	1.34127
122	149	1.38628
122	150	0.503601
122	155	0.440763
122	156	0.493798
122	163	0.482994
122	164	0.493414
122	171	0.499555
122	174	0.491226
122	175	1.38927
123	29	1.27484
123	35	1.37354
123	38	1.38943
123	47	1.36974
123	65	1.28038
123	77	0.498024
123	87	1.37771
123	96	1.33381
123	107	1.42941
123	112	0.512935
123	116	0.496644
123	122	1.41678
123	124	1.38554
123	135	1.36936
123	136	1.38479
123	137	1.38112
123	140	1.33178
123	147	0.501972
123	148	1.34647
123	149	1.39147
123	151	0.474162
123	155	0.44205
123	157	1.36384
123	158	0.498268
123	160	0.491074
123	165	0.403805
123	178	0.475966
123	179	0.525877
123	180	0.489816
124	4	0.456312
124	8	0.584566
124	31	1.25393
124	38	1.353
124	47	1.33332
124	65	1.24395
124	87	1.34129
124	88	1.34636
124	96	1.29738
124	105	0.462804
124	107	1.39298
124	118	0.569751
124	122	1.38035
124	123	1.38554
124	125	0.498794
124	135	1.33293
124	136	1.34836
124	137	1.34469
124	140	1.29535
124	148	1.31004
124	149	1.35505
124	153	0.526113
124	155	0.443753
124	156	0.496787
124	157	1.32741
124	162	0.508128
124	164	0.496404
124	169	0.473976
124	175	1.35804
124	180	0.491519
125	2	0.479425
125	11	0.494764
125	14	0.415173
125	34	0.514886
125	53	1.43125
125	63	0.49757
125	72	0.528381
125	81	0.52788
125	89	0.503216
125	111	1.33887
125	121	1.31686
125	124	0.498794
125	126	1.34137
125	136	0.506012
125	137	0.512331
125	138	1.30276
125	140	0.518061
125	144	1.29836
125	146	1.35384
125	155	1.34648
125	158	1.33009
125	161	1.31613
125	164	1.31055
125	166	1.34742
125	171	1.30792
125	172	1.33327
125	177	1.33358
125	178	1.32798
125	179	1.34227
125	180	1.321
126	5	1.37667
126	6	1.38967
126	8	1.21319
126	21	1.17049
126	22	1.50398
126	26	0.509757
126	27	1.2532
126	52	1.30526
126	53	1.44103
126	55	1.44175
126	84	1.26985
126	85	0.467604
126	92	1.34285
126	93	0.501035
126	113	1.30118
126	125	1.34137
126	132	0.505497
126	138	1.31254
126	139	1.3205
126	144	1.30814
126	146	0.478195
126	150	0.512906
126	153	0.532428
126	155	1.35626
126	165	0.411823
126	166	0.530397
126	170	0.503876
126	171	0.50886
126	176	0.545393
126	179	1.35205
127	9	0.485539
127	15	0.510313
127	34	0.505773
127	54	0.534239
127	68	0.470932
127	102	0.528351
127	111	0.491385
127	113	0.522973
127	120	1.27727
127	133	1.3303
127	142	1.39165
127	147	1.31792
127	150	1.33448
127	152	1.35208
127	153	1.30229
127	156	1.32562
127	158	1.33736
127	159	1.35256
127	162	0.472727
127	163	1.34687
127	168	1.33431
127	169	1.34875
127	170	1.33409
127	171	1.31519
127	174	1.33573
127	175	0.481265
127	176	0.503676
127	177	0.48778
127	178	1.33525
127	180	1.32827
128	9	1.38308
128	30	1.26022
128	33	0.465609
128	57	1.29146
128	67	1.361
128	82	1.29033
128	86	0.500475
128	94	1.34987
128	97	0.447562
128	98	1.29639
128	102	1.31965
128	114	0.534826
128	118	1.29215
128	132	0.506018
128	134	0.506382
128	140	0.551185
128	141	0.47325
128	157	0.517344
128	160	0.499613
128	161	1.32856
128	162	1.36811
128	164	0.50324
128	165	1.39618
128	167	1.32575
128	170	0.504397
128	172	1.3457
128	173	1.34755
128	176	1.34332
128	177	1.346
128	179	1.35469
129	2	1.41704
129	20	1.5134
129	23	1.33724
129	24	1.33121
129	34	1.36417
129	45	1.34594
129	56	1.3105
129	63	1.38964
129	69	1.40285
129	77	1.35049
129	80	1.29775
129	84	0.536738
129	85	1.4713
129	89	1.39024
129	91	1.36374
129	101	1.35456
129	105	0.449505
129	106	0.451694
129	130	0.456578
129	151	0.462566
129	153	0.512814
129	154	0.479804
129	155	0.430453
129	157	1.35706
129	158	0.486672
129	160	0.479478
129	165	1.42217
129	167	0.520691
129	174	0.480916
129	178	0.46437
129	179	1.38068
130	2	0.450508
130	22	1.50169
130	29	0.565761
130	34	0.485969
130	35	0.49764
130	42	1.34396
130	47	0.510908
130	53	1.43874
130	69	0.458239
130	71	0.482107
130	76	0.501844
130	88	0.491605
130	92	1.34056
130	96	0.52327
130	101	0.48504
130	121	1.32436
130	129	0.456578
130	135	0.489037
130	138	1.31026
130	144	1.30585
130	159	1.35279
130	161	1.32363
130	167	1.32082
130	169	1.34897
130	170	1.33431
130	171	1.31541
130	172	1.34077
130	173	1.34262
130	174	1.33595
130	177	1.34107
130	179	1.34976
130	180	1.32849
131	5	0.489803
131	17	1.31603
131	23	0.520458
131	44	0.49332
131	66	1.26004
131	67	0.487163
131	74	0.518248
131	80	0.552592
131	85	0.426772
131	86	1.35239
131	99	0.457192
131	114	1.33095
131	132	1.36715
131	141	1.4014
131	142	1.4051
131	145	1.36826
131	153	1.31573
131	154	1.3575
131	156	1.33907
131	159	1.36601
131	163	1.36032
131	164	1.33127
131	166	0.489564
131	169	1.36219
131	170	1.34754
131	171	1.32864
131	172	0.488671
131	173	0.488161
131	177	0.488664
131	178	1.3487
131	179	0.493063
131	180	1.34172
132	28	0.456852
132	37	0.494447
132	46	0.50464
132	55	0.461792
132	94	0.51211
132	107	0.485917
132	111	0.500885
132	126	0.505497
132	128	0.506018
132	131	1.36715
132	133	1.33788
132	134	1.33536
132	141	1.39553
132	142	1.39923
132	143	0.47644
132	145	1.36239
132	147	1.3255
132	150	1.34206
132	153	1.30986
132	159	1.36014
132	160	1.3421
132	163	1.35445
132	164	1.3254
132	168	1.34188
132	169	1.35632
132	171	1.32277
132	174	1.3433
132	175	0.490766
132	177	0.497281
132	178	1.34283
132	179	0.50168
132	180	1.33585
133	11	0.510208
133	16	0.477408
133	51	0.485008
133	62	0.508622
133	66	1.23077
133	70	1.34842
133	85	0.450444
133	90	0.50942
133	93	1.32487
133	118	0.558906
133	119	0.520002
133	127	1.3303
133	132	1.33788
133	141	1.37213
133	145	1.33898
133	149	0.525895
133	153	1.28646
133	154	1.32822
133	156	1.30979
133	158	1.32153
133	159	1.33673
133	162	0.497283
133	163	1.33104
133	164	1.30199
133	168	1.31848
133	169	1.33292
133	170	1.31826
133	171	1.29936
133	175	0.505821
133	176	0.528232
133	178	1.31942
133	179	0.516735
133	180	1.31244
134	1	0.48189
134	13	1.28715
134	18	0.425357
134	58	0.53426
134	59	0.56501
134	74	0.52723
134	99	0.466173
134	106	1.36011
134	114	1.29915
134	128	0.506382
134	132	1.33536
134	140	0.518813
134	141	1.36961
134	142	1.3733
134	144	0.527392
134	148	0.531664
134	150	1.31613
134	152	1.33374
134	153	1.28394
134	154	1.32571
134	156	1.30727
134	157	1.30757
134	160	1.31618
134	163	1.32852
134	164	1.29947
134	166	0.498546
134	167	0.508455
134	170	1.31574
134	171	1.29684
134	174	1.31738
134	178	1.3169
134	179	0.502044
134	180	1.30992
135	10	1.37672
135	11	1.37004
135	29	1.22223
135	31	1.23775
135	38	1.33681
135	65	1.22776
135	71	1.35353
135	87	1.3251
135	96	1.28119
135	107	1.3768
135	112	0.533797
135	116	0.517507
135	122	1.36416
135	123	1.36936
135	124	1.33293
135	130	0.489037
135	136	1.33218
135	137	1.32851
135	140	1.27916
135	148	1.29385
135	149	1.33886
135	150	0.52575
135	151	0.495025
135	154	0.512263
135	155	0.462912
135	157	1.31122
135	163	0.505143
135	164	0.515563
135	168	0.500863
135	175	1.34185
135	178	0.496829
135	179	0.54674
135	180	0.510679
136	11	1.38547
136	29	1.23766
136	31	1.25318
136	35	1.33635
136	38	1.35225
136	71	1.36896
136	84	1.26808
136	87	1.34053
136	88	1.3456
136	96	1.29663
136	105	0.470023
136	107	1.39223
136	110	0.514632
136	112	0.521856
136	114	0.535209
136	116	0.505566
136	122	1.3796
136	123	1.38479
136	124	1.34836
136	125	0.506012
136	135	1.33218
136	137	1.34394
136	139	1.31873
136	140	1.2946
136	142	0.481387
136	146	0.479098
136	148	1.30928
136	149	1.35429
136	150	0.513809
136	163	0.493202
136	169	0.481194
136	171	0.509763
136	174	0.501434
136	175	1.35728
136	180	0.498737
137	10	1.38848
137	11	1.3818
137	29	1.23399
137	35	1.33268
137	38	1.34858
137	61	0.476313
137	64	0.505524
137	71	1.36529
137	77	0.513264
137	84	1.26441
137	87	1.33686
137	88	1.34193
137	96	1.29296
137	105	0.476341
137	122	1.37593
