1	2	0.744076
1	6	0.950324
1	9	0.754994
1	20	0.728734
1	25	0.730159
1	42	0.791131
1	45	0.791456
1	109	3.80479
1	123	0.79916
1	131	0.841765
1	148	2.76324
1	172	4.0813
2	1	0.744076
2	3	0.653369
2	6	0.867756
2	9	0.672426
2	20	0.646167
2	25	0.647592
2	42	0.708564
2	45	0.708888
2	112	2.2797
2	123	0.716593
2	131	0.759197
2	176	7.39346
3	2	0.653369
3	4	0.779786
3	6	0.859617
3	9	0.664287
3	20	0.638028
3	25	0.639453
3	42	0.700425
3	45	0.700749
3	123	0.708454
3	131	0.751058
3	132	4.0674
3	164	3.74948
4	3	0.779786
4	9	0.798842
4	20	0.772583
4	25	0.774008
4	42	0.83498
4	45	0.835305
4	65	1.5453
4	123	0.843009
4	131	0.885613
4	149	2.75205
4	165	4.22513
5	15	0.720272
5	34	0.570373
5	49	0.682535
5	56	0.689061
5	57	0.676437
5	67	0.6713
5	72	0.720856
5	122	0.686026
5	123	0.678603
5	126	0.639173
5	152	4.74869
5	174	4.44535
6	1	0.950324
6	2	0.867756
6	3	0.859617
6	20	0.852414
6	25	0.85384
6	42	0.914811
6	45	0.915136
6	123	0.92284
6	131	0.00631603
6	133	3.71165
6	143	9.16242
6	178	6.86814
7	13	0.624537
7	78	1.23128
7	138	0.748629
7	155	0.73274
7	165	0.742725
7	167	0.759299
7	168	0.672847
7	169	0.720012
7	171	0.722449
7	173	0.705238
7	177	0.673375
7	180	0.691529
8	22	0.795203
8	37	0.823348
8	58	0.82427
8	60	0.82427
8	68	0.701001
8	74	0.862834
8	114	0.726562
8	135	2.98509
8	141	0.779357
8	149	0.819741
8	151	2.13752
8	167	3.28177
9	1	0.754994
9	2	0.672426
9	3	0.664287
9	4	0.798842
9	20	0.657084
9	25	0.65851
9	42	0.719481
9	45	0.719806
9	123	0.72751
9	131	0.770115
9	171	3.58993
9	180	5.29779
10	23	1.26616
10	28	0.701431
10	50	0.685191
10	54	0.678531
10	63	0.588001
10	90	0.672245
10	114	0.546666
10	124	0.665259
10	125	0.663061
10	129	0.604132
10	148	5.42736
10	149	2.73153
11	79	0.738553
11	91	0.717502
11	92	0.716291
11	102	0.745853
11	108	0.691546
11	117	0.710602
11	119	0.739237
11	120	0.706326
11	146	2.7587
11	158	0.654212
11	161	0.683596
11	178	5.44499
12	69	0.709097
12	78	0.672383
12	82	0.725578
12	85	0.730487
12	87	0.722379
12	101	0.695181
12	105	0.743303
12	106	2.04016
12	111	0.731476
12	118	0.702716
12	141	0.664811
12	147	5.44825
12	164	0.668929
13	7	0.624537
13	22	0.759011
13	37	0.787156
13	38	0.804671
13	47	0.792482
13	58	0.788078
13	60	0.788078
13	68	0.664809
13	74	0.826642
13	121	3.87544
13	141	0.743165
13	147	3.53679
13	149	0.783549
14	73	0.861672
14	77	0.854177
14	81	0.844157
14	88	0.812095
14	89	0.744398
14	97	2.27392
14	98	0.790658
14	104	0.776447
14	107	0.805171
14	135	0.792531
14	144	3.18734
14	158	5.57636
14	178	0.72501
15	5	0.720272
15	34	0.705116
15	36	0.808548
15	49	0.817277
15	51	5.6
15	56	0.823804
15	57	0.811179
15	62	3.39984
15	67	0.806043
15	72	0.855599
15	122	0.811531
15	126	0.773915
15	155	2.31814
16	55	0.732217
16	65	2.22177
16	78	0.738386
16	82	0.791581
16	85	0.79649
16	87	0.788382
16	101	0.761183
16	105	0.809306
16	111	0.797478
16	118	0.768719
16	128	2.51499
16	164	0.734932
16	167	3.88788
17	19	0.583591
17	21	0.8529
17	23	1.22386
17	50	0.642889
17	63	0.545699
17	90	0.629943
17	113	2.34912
17	114	0.504365
17	116	0.53395
17	124	0.622957
17	125	0.620759
17	129	0.561831
17	175	6.29327
18	72	0.727164
18	111	1.80312
18	118	0.755227
18	152	0.789057
18	166	0.791677
18	169	0.795531
18	170	0.805768
18	172	0.778754
18	173	0.780757
18	175	0.763908
18	176	0.773834
18	179	0.762757
18	180	0.767048
19	17	0.583591
19	21	0.98851
19	23	0.513966
19	28	0.794739
19	50	0.778499
19	54	0.771838
19	63	0.681308
19	124	0.758566
19	125	0.756368
19	129	0.69744
19	158	4.10662
19	167	2.66904
19	180	5.31294
20	1	0.728734
20	2	0.646167
20	3	0.638028
20	4	0.772583
20	6	0.852414
20	9	0.657084
20	25	0.63225
20	42	0.693222
20	45	0.693546
20	123	0.701251
20	126	3.58395
20	131	0.743855
20	155	4.69815
21	17	0.8529
21	19	0.98851
21	28	0.727258
21	50	0.711018
21	54	0.704358
21	63	0.950617
21	90	0.698072
21	94	8.4
21	114	0.909283
21	116	0.602079
21	129	0.62996
21	149	2.33901
21	166	4.20604
22	8	0.795203
22	13	0.759011
22	47	0.731502
22	58	0.727097
22	60	0.727097
22	68	0.603828
22	74	0.765661
22	95	2.62785
22	114	0.629389
22	141	0.682184
22	149	0.722568
22	157	4.78856
23	10	1.26616
23	17	1.22386
23	19	0.513966
23	50	0.573264
23	54	0.566603
23	63	1.03196
23	90	0.560317
23	114	0.990626
23	125	0.551133
23	129	0.492205
23	138	1.9211
23	154	4.16481
23	176	5.87958
24	50	4.50391
24	76	0.647093
24	134	0.699356
24	162	0.661986
24	163	0.628054
24	165	0.67459
24	167	0.691164
24	169	0.651877
24	171	0.654315
24	175	0.620254
24	177	0.605241
24	179	0.619103
24	180	0.623394
25	1	0.730159
25	2	0.647592
25	3	0.639453
25	4	0.774008
25	6	0.85384
25	9	0.65851
25	20	0.63225
25	42	0.694647
25	45	0.694972
25	123	0.702676
25	125	1.96602
25	131	0.74528
25	180	6.94789
26	37	0.794913
26	38	0.812428
26	47	0.80024
26	58	0.795835
26	60	0.795835
26	68	0.672566
26	74	0.834399
26	114	0.698127
26	125	3.34682
26	131	2.42339
26	141	0.750922
26	145	3.57178
26	149	0.791306
27	29	0.77571
27	34	0.630023
27	36	0.733456
27	56	0.748712
27	57	0.736087
27	67	0.73095
27	72	0.780507
27	122	0.745676
27	123	0.738253
27	124	2.83992
27	126	0.698823
27	142	7.75372
27	167	2.68144
28	10	0.701431
28	19	0.794739
28	21	0.727258
28	54	0.847376
28	63	0.756846
28	106	1.37147
28	114	0.715512
28	116	0.745097
28	124	0.834104
28	125	0.831906
28	129	0.772978
28	170	2.96508
28	173	5.70127
29	27	0.77571
29	34	0.700903
29	36	0.804336
29	49	0.813064
29	57	0.806966
29	67	0.80183
29	72	0.851386
29	93	1.78687
29	112	1.72356
29	122	0.807318
29	123	0.809133
29	126	0.769702
29	129	4.96994
30	64	0.827497
30	73	0.875175
30	75	0.748698
30	81	0.857659
30	88	0.825598
30	89	0.757901
30	98	0.804161
30	104	0.78995
30	107	0.818674
30	138	2.57052
30	155	2.7178
30	172	5.14143
30	178	0.738513
31	74	0.595889
31	88	1.28733
31	96	0.086875
31	153	0.787401
31	157	0.819461
31	160	0.78981
31	168	0.749059
31	170	0.806462
31	172	0.779448
31	175	0.764601
31	177	0.749588
31	179	0.76345
31	180	0.767741
32	73	0.715717
32	77	0.708221
32	84	0.688388
32	88	0.666139
32	89	0.598443
32	93	0.699003
32	98	0.652683
32	104	0.630491
32	106	0.7201
32	112	2.35603
32	135	0.646575
32	162	5.44398
32	178	0.579054
33	53	0.779847
33	92	0.777864
33	96	0.778118
33	103	0.804037
33	108	0.75312
33	117	0.772175
33	119	0.80081
33	120	0.767899
33	139	2.106
33	149	2.88886
33	158	0.715785
33	159	4.39263
33	161	0.74517
34	5	0.570373
34	15	0.705116
34	27	0.630023
34	29	0.700903
34	36	0.658649
34	49	0.667378
34	56	0.673905
34	67	0.656144
34	72	0.7057
34	122	0.670869
34	123	0.663447
34	126	0.624016
34	148	4.06461
34	172	5.38267
35	41	0.649539
35	69	0.626909
35	71	0.632943
35	80	0.646486
35	87	0.640191
35	101	0.612992
35	105	0.661115
35	111	0.649287
35	122	0.642714
35	141	1.63318
35	142	7.04628
35	161	2.5315
35	164	0.586741
35	173	3.2247
36	15	0.808548
36	27	0.733456
36	29	0.804336
36	34	0.658649
36	49	0.770811
36	56	0.777338
36	57	0.764713
36	67	0.759576
36	72	0.809133
36	121	4.3344
36	123	0.766879
36	125	2.18671
36	126	0.727449
36	165	3.85287
37	8	0.823348
37	13	0.787156
37	26	0.794913
37	38	0.771835
37	47	0.759647
37	58	0.755242
37	60	0.755242
37	68	0.631973
37	74	0.793806
37	131	2.12513
37	141	0.710329
37	149	0.750713
37	151	1.55121
37	175	7.0838
38	13	0.804671
38	26	0.812428
38	37	0.771835
38	47	0.777161
38	58	0.772757
38	60	0.772757
38	68	0.649488
38	74	0.811321
38	114	0.675049
38	128	2.18327
38	134	3.6061
38	141	0.727844
38	149	0.768228
38	164	4.27853
39	94	0.588412
39	139	0.670872
39	142	0.575797
39	152	0.593601
39	157	0.623312
39	160	0.593661
39	162	0.610185
39	166	0.596221
39	172	0.583299
39	173	0.585302
39	174	0.585489
39	176	0.578378
39	179	0.567301
39	180	0.571592
40	70	0.673575
40	105	3.44081
40	132	0.678682
40	134	0.696695
40	140	0.688703
40	142	0.624938
40	152	0.642743
40	163	0.625393
40	173	0.634443
40	175	0.617594
40	176	0.62752
40	177	0.60258
40	179	0.616443
40	180	0.620734
41	35	0.649539
41	55	0.734657
41	69	0.777541
41	78	0.740826
41	80	0.797117
41	85	0.79893
41	101	0.763624
41	105	0.811746
41	110	2.35029
41	111	0.799919
41	141	0.733254
41	164	0.737372
41	171	3.70381
41	176	6.02433
42	1	0.791131
42	2	0.708564
42	3	0.700425
42	4	0.83498
42	6	0.914811
42	9	0.719481
42	20	0.693222
42	25	0.694647
42	45	0.755943
42	123	0.763648
42	131	0.806252
42	147	3.43131
42	162	3.58522
42	164	2.99708
43	83	0.778939
43	92	0.761777
43	102	0.791339
43	103	0.78795
43	108	0.737033
43	110	3.26306
43	115	5.9591
43	117	0.756088
43	119	0.784723
43	120	0.751812
43	130	2.269
43	148	0.703209
43	158	0.699698
43	161	0.729083
44	48	0.698202
44	83	0.70711
44	91	0.691159
44	92	0.689947
44	95	3.18388
44	96	0.690201
44	102	0.719509
44	103	0.716121
44	113	5.1637
44	117	0.684258
44	119	0.712894
44	120	0.679982
44	158	0.627869
44	161	0.657253
45	1	0.791456
45	2	0.708888
45	3	0.700749
45	4	0.835305
45	6	0.915136
45	9	0.719806
45	20	0.693546
45	25	0.694972
45	42	0.755943
45	123	0.763972
45	131	0.806577
45	135	2.13037
45	147	3.58365
45	169	4.28237
46	50	0.0293852
46	66	1.82552
46	87	1.46154
46	155	0.782005
46	167	0.808563
46	168	0.722111
46	170	0.779514
46	172	0.7525
46	173	0.754502
46	174	0.75469
46	175	0.737653
46	176	0.747579
46	177	0.72264
46	179	0.736502
46	180	0.740793
47	13	0.792482
47	22	0.731502
47	26	0.80024
47	37	0.759647
47	38	0.777161
47	58	0.760568
47	60	0.760568
47	68	0.637299
47	74	0.799133
47	114	0.66286
47	115	4.8409
47	141	0.715655
47	149	0.756039
47	160	3.9998
47	169	2.73213
48	44	0.698202
48	66	0.750408
48	91	0.754325
48	102	0.782675
48	103	0.779287
48	109	4.99521
48	116	4.22377
48	117	0.747424
48	118	0.751758
48	119	0.77606
48	120	0.743148
48	130	1.99118
48	148	0.694545
48	158	0.691035
48	161	0.720419
49	5	0.682535
49	15	0.817277
49	29	0.813064
49	34	0.667378
49	36	0.770811
49	56	0.786066
49	57	0.773442
49	67	0.768305
49	72	0.817861
49	86	1.84114
49	122	0.773793
49	123	0.775608
49	126	0.736178
49	128	2.85976
49	146	4.90554
50	10	0.685191
50	17	0.642889
50	19	0.778499
50	21	0.711018
50	23	0.573264
50	24	4.50391
50	46	0.0293852
50	54	0.831136
50	63	0.740606
50	90	0.82485
50	116	0.728857
50	124	0.817864
50	125	0.815666
50	129	0.756738
50	135	2.72823
51	15	5.6
51	124	0.722083
51	128	0.720422
51	142	0.622796
51	152	0.640601
51	163	0.623252
51	166	0.643221
51	167	0.686362
51	174	0.632489
51	175	0.615452
51	176	0.625378
51	177	0.600439
51	179	0.614301
51	180	0.618592
52	59	0.743454
52	64	0.728946
52	73	0.776624
52	75	0.650147
52	81	0.759108
52	89	0.65935
52	98	0.71359
52	104	0.691398
52	106	0.781008
52	107	0.720122
52	127	4.01633
52	135	0.707483
52	165	3.55034
52	167	2.53662
52	178	0.639962
53	33	0.779847
53	62	3.00016
53	91	0.748054
53	96	0.747096
53	102	0.776404
53	103	0.773016
53	108	0.722098
53	117	0.741153
53	119	0.769788
53	120	0.736877
53	148	0.688274
53	158	0.684764
53	161	0.714148
53	178	4.14676
53	180	5.11702
54	10	0.678531
54	19	0.771838
54	21	0.704358
54	23	0.566603
54	28	0.847376
54	50	0.831136
54	63	0.733946
54	100	1.70117
54	114	0.692611
54	116	0.722196
54	124	0.811204
54	125	0.809006
54	129	0.750077
54	149	2.48026
54	154	6.16694
55	16	0.732217
55	41	0.734657
55	69	0.712028
55	71	0.718062
55	78	0.675313
55	87	0.725309
55	101	0.698111
55	105	0.746233
55	111	0.734406
55	122	0.727833
55	141	0.667741
55	143	6.03758
55	151	1.47871
55	164	0.671859
55	173	3.32765
56	5	0.689061
56	15	0.823804
56	27	0.748712
56	34	0.673905
56	36	0.777338
56	49	0.786066
56	57	0.779968
56	67	0.774832
56	72	0.824388
56	97	1.26412
56	122	0.78032
56	123	0.782135
56	126	0.742704
56	146	3.13039
56	156	8.15302
57	5	0.676437
57	15	0.811179
57	27	0.736087
57	29	0.806966
57	36	0.764713
57	49	0.773442
57	56	0.779968
57	67	0.762207
57	72	0.811763
57	122	0.767695
57	123	0.76951
57	126	0.73008
57	140	3.17897
57	153	4.73428
57	176	5.54829
58	8	0.82427
58	13	0.788078
58	22	0.727097
58	26	0.795835
58	37	0.755242
58	38	0.772757
58	47	0.760568
58	68	0.632895
58	74	0.794728
58	113	2.88718
58	114	0.658456
58	130	2.71697
58	141	0.711251
58	149	0.751635
58	178	5.80216
59	52	0.743454
59	76	7.2
59	77	0.819879
59	81	0.809859
59	84	0.800046
59	88	0.777797
59	89	0.710101
59	98	0.75636
59	100	0.794584
59	104	0.742149
59	107	0.770873
59	135	0.758233
59	161	2.8821
59	171	3.31479
59	178	0.690712
60	8	0.82427
60	13	0.788078
60	22	0.727097
60	26	0.795835
60	37	0.755242
60	38	0.772757
60	47	0.760568
60	68	0.632895
60	74	0.794728
60	114	0.658456
60	133	3.76247
60	135	3.26311
60	139	2.31756
60	141	0.711251
60	149	0.751635
61	66	0.724556
61	79	0.749523
61	83	0.744423
61	91	0.728472
61	92	0.727261
61	96	0.727515
61	97	2.48958
61	102	0.756823
61	103	0.753434
61	117	0.721572
61	119	0.750207
61	120	0.717296
61	148	0.668693
61	157	3.13441
61	161	0.694567
61	174	6.85427
62	15	3.39984
62	53	3.00016
62	137	0.723546
62	138	0.712451
62	155	0.696563
62	160	0.67742
62	165	0.706547
62	167	0.723121
62	169	0.683834
62	171	0.686271
62	173	0.66906
62	174	0.669248
62	175	0.652211
62	176	0.662137
62	177	0.637198
62	180	0.655351
63	10	0.588001
63	17	0.545699
63	19	0.681308
63	21	0.950617
63	23	1.03196
63	28	0.756846
63	50	0.740606
63	54	0.733946
63	90	0.72766
63	116	0.631666
63	124	0.720674
63	125	0.718476
63	129	0.659547
63	140	2.24461
63	152	6.19805
63	169	3.40509
64	30	0.827497
64	52	0.728946
64	75	0.68639
64	77	0.805371
64	81	0.795351
64	84	0.785539
64	88	0.76329
64	89	0.695593
64	93	0.796154
64	98	0.741853
64	104	0.727641
64	107	0.756365
64	134	2.69344
64	158	5.76661
64	164	3.36588
64	178	0.676205
65	4	1.5453
65	16	2.22177
65	101	1.12456
65	152	0.745096
65	155	0.764298
65	159	0.777606
65	162	0.761679
65	168	0.704404
65	169	0.751569
65	171	0.754007
65	173	0.736796
65	175	0.719946
65	177	0.704933
65	178	0.721222
65	179	0.718795
65	180	0.723086
66	46	1.82552
66	48	0.750408
66	61	0.724556
66	91	0.743365
66	95	2.58827
66	96	0.742408
66	103	0.768327
66	108	0.71741
66	117	0.736465
66	118	0.740799
66	119	0.7651
66	120	0.732189
66	137	4.38215
66	148	0.683586
66	158	0.680075
66	161	0.70946
67	5	0.6713
67	15	0.806043
67	27	0.73095
67	29	0.80183
67	34	0.656144
67	36	0.759576
67	49	0.768305
67	56	0.774832
67	57	0.762207
67	72	0.806627
67	122	0.762559
67	123	0.764374
67	126	0.724943
67	130	3.10793
67	145	2.40647
67	173	5.77748
68	8	0.701001
68	13	0.664809
68	22	0.603828
68	26	0.672566
68	37	0.631973
68	38	0.649488
68	47	0.637299
68	58	0.632895
68	60	0.632895
68	74	0.671459
68	86	2.41789
68	114	1.20303
68	141	1.25582
68	149	0.628366
68	158	2.95041
68	163	9.45989
69	12	0.709097
69	35	0.626909
69	41	0.777541
69	55	0.712028
69	78	0.718197
69	80	0.774487
69	85	0.776301
69	87	0.768193
69	99	3.85515
69	101	0.740994
69	105	0.789117
69	106	1.91818
69	111	0.777289
69	122	0.761479
69	141	0.710625
69	164	0.714743
69	170	4.37703
70	40	0.673575
70	91	1.46156
70	98	1.47333
70	133	0.70083
70	134	0.719753
70	138	0.700892
70	145	0.722691
70	146	0.693493
70	159	0.698311
70	166	0.66842
70	167	0.711561
70	174	0.657689
70	175	0.640651
70	176	0.650577
70	177	0.625638
70	179	0.6395
70	180	0.643791
71	35	0.632943
71	55	0.718062
71	80	0.780522
71	82	0.777426
71	85	0.782335
71	87	0.774227
71	100	1.45099
71	101	0.747028
71	105	0.795151
71	111	0.783323
71	118	0.754564
71	122	0.767513
71	128	1.31655
71	141	0.716659
71	164	0.720777
71	179	7.68304
72	5	0.720856
72	15	0.855599
72	18	0.727164
72	27	0.780507
72	29	0.851386
72	34	0.7057
72	36	0.809133
72	49	0.817861
72	56	0.824388
72	57	0.811763
72	67	0.806627
72	99	3.05018
72	122	0.812115
72	123	0.81393
72	126	0.774499
72	127	4.84442
72	128	1.99181
73	14	0.861672
73	30	0.875175
73	32	0.715717
73	52	0.776624
73	75	0.734068
73	84	0.833216
73	88	0.810967
73	98	0.78953
73	104	0.775319
73	106	0.864929
73	107	0.804043
73	135	0.791404
73	150	4.58576
73	157	1.685
73	165	2.07364
73	174	5.40487
73	178	0.723883
74	8	0.862834
74	13	0.826642
74	22	0.765661
74	26	0.834399
74	31	0.595889
74	37	0.793806
74	38	0.811321
74	47	0.799133
74	58	0.794728
74	60	0.794728
74	68	0.671459
74	114	0.69702
74	126	2.96664
74	139	1.70771
74	141	0.749815
74	149	0.790199
74	166	5.43356
75	30	0.748698
75	52	0.650147
75	64	0.68639
75	73	0.734068
75	77	0.726572
75	81	0.716552
75	84	0.706739
75	88	0.68449
75	89	0.616794
75	93	0.717354
75	98	0.671034
75	104	0.648842
75	106	0.738451
75	107	0.677566
75	124	2.06743
75	144	4.19733
75	169	5.31857
75	178	0.597405
76	24	0.647093
76	59	7.2
76	95	0.701163
76	115	0.634414
76	143	0.615331
76	147	0.658278
76	154	0.634794
76	155	0.65586
76	162	0.653241
76	163	0.619308
76	169	0.643131
76	173	0.628358
76	174	0.628546
76	175	0.611508
76	176	0.621435
76	177	0.596495
76	179	0.610357
76	180	0.614649
77	14	0.854177
77	32	0.708221
77	59	0.819879
77	64	0.805371
77	75	0.726572
77	81	0.835533
77	88	0.803472
77	89	0.735775
77	98	0.782035
77	100	0.820259
77	104	0.767823
77	107	0.796547
77	124	2.31068
77	128	2.3336
77	135	0.783908
77	145	3.27902
77	161	3.97984
77	178	0.716387
78	7	1.23128
78	12	0.672383
78	16	0.738386
78	41	0.740826
78	55	0.675313
78	69	0.718197
78	80	0.737773
78	82	0.734678
78	85	0.739586
78	87	0.731478
78	101	0.70428
78	105	0.752402
78	111	0.740575
78	118	0.711815
78	141	0.67391
78	164	0.678028
78	167	2.98693
78	173	5.93047
79	11	0.738553
79	61	0.749523
79	83	0.784284
79	91	0.768333
79	92	0.767121
79	96	0.767375
79	99	1.89467
79	102	0.796683
79	103	0.793295
79	108	0.742377
79	117	0.761432
79	118	0.765766
79	119	0.790067
79	120	0.757156
79	145	1.78172
79	158	0.705043
79	159	3.25359
79	180	6.53863
80	35	0.646486
80	41	0.797117
80	69	0.774487
80	71	0.780522
80	78	0.737773
80	82	0.790969
80	85	0.795877
80	87	0.787769
80	90	0.802984
80	93	1.78189
80	101	0.760571
80	105	0.808693
80	111	0.796866
80	138	3.53584
80	141	0.730201
80	161	2.82558
80	164	0.734319
80	166	5.03585
81	14	0.844157
81	30	0.857659
81	52	0.759108
81	59	0.809859
81	64	0.795351
81	75	0.716552
81	77	0.835533
81	84	0.815701
81	88	0.793452
81	98	0.772015
81	104	0.757803
81	107	0.786527
81	127	3.93925
81	135	0.773888
81	145	2.03207
81	146	3.13243
81	162	3.77006
81	178	0.706367
82	12	0.725578
82	16	0.791581
82	71	0.777426
82	78	0.734678
82	80	0.790969
82	85	0.792782
82	87	0.784674
82	90	0.799888
82	100	2.28395
82	101	0.757475
82	105	0.805598
82	111	0.79377
82	118	0.765011
82	122	0.77796
82	129	3.72795
82	132	3.29928
82	141	0.727106
82	160	5.38199
82	164	0.731224
83	43	0.778939
83	44	0.70711
83	61	0.744423
83	79	0.784284
83	92	0.762021
83	96	0.762275
83	102	0.791583
83	103	0.788195
83	108	0.737277
83	117	0.756332
83	119	0.784967
83	120	0.752056
83	136	5.14796
83	137	2.26779
83	148	0.703453
83	151	2.34445
83	153	6.1376
83	158	0.699943
83	161	0.729327
84	32	0.688388
84	59	0.800046
84	64	0.785539
84	73	0.833216
84	75	0.706739
84	81	0.815701
84	88	0.783639
84	89	0.715943
84	98	0.762202
84	100	0.800426
84	104	0.747991
84	106	0.8376
84	107	0.776715
84	133	3.23463
84	135	0.764075
84	151	1.8877
84	155	4.16284
84	161	3.3053
84	178	0.696554
85	12	0.730487
85	16	0.79649
85	41	0.79893
85	69	0.776301
85	71	0.782335
85	78	0.739586
85	80	0.795877
85	82	0.792782
85	87	0.789582
85	101	0.762384
85	111	0.798679
85	118	0.76992
85	122	0.782869
85	126	2.07281
85	132	3.0964
85	141	0.732014
85	164	0.736132
85	167	2.05612
85	174	6.40107
86	49	1.84114
86	68	2.41789
86	117	1.56498
86	120	0.802477
86	136	0.752411
86	139	0.822064
86	142	0.726988
86	156	0.713302
86	162	0.761376
86	165	0.77398
86	167	0.790554
86	169	0.751267
86	170	0.761505
86	171	0.753705
86	172	0.73449
86	173	0.736493
86	175	0.719644
86	177	0.704631
86	179	0.718493
86	180	0.722784
87	12	0.722379
87	16	0.788382
87	35	0.640191
87	46	1.46154
87	55	0.725309
87	69	0.768193
87	71	0.774227
87	78	0.731478
87	80	0.787769
87	82	0.784674
87	85	0.789582
87	90	0.796689
87	101	0.754276
87	105	0.802398
87	111	0.790571
87	122	0.77476
87	126	3.7766
87	151	2.61566
87	164	0.728024
87	170	3.96726
88	14	0.812095
88	30	0.825598
88	31	1.28733
88	32	0.666139
88	59	0.777797
88	64	0.76329
88	73	0.810967
88	75	0.68449
88	77	0.803472
88	81	0.793452
88	84	0.783639
88	98	0.739953
88	104	0.725742
88	106	0.815351
88	107	0.754466
88	134	2.35828
88	135	0.741826
88	148	4.5448
88	175	6.69669
88	178	0.674305
89	14	0.744398
89	30	0.757901
89	32	0.598443
89	52	0.65935
89	59	0.710101
89	64	0.695593
89	75	0.616794
89	77	0.735775
89	84	0.715943
89	93	0.726558
89	98	0.623423
89	100	0.710481
89	104	0.658045
89	107	0.686769
89	125	1.78994
89	135	0.67413
89	136	3.24595
89	163	9.74011
89	171	2.72908
89	178	1.22778
90	10	0.672245
90	17	0.629943
90	21	0.698072
90	23	0.560317
90	50	0.82485
90	63	0.72766
90	80	0.802984
90	82	0.799888
90	87	0.796689
90	97	2.77237
90	100	2.96388
90	101	0.769491
90	105	0.817613
90	111	0.805786
90	114	0.686326
90	116	0.715911
90	129	0.743791
90	131	2.62646
90	141	0.739121
90	161	4.47567
90	164	0.743239
91	11	0.717502
91	44	0.691159
91	48	0.754325
91	53	0.748054
91	61	0.728472
91	66	0.743365
91	70	1.46156
91	79	0.768333
91	96	0.746325
91	102	0.775632
91	103	0.772244
91	108	0.721326
91	117	0.740381
91	119	0.769017
91	120	0.736105
91	137	2.91272
91	148	0.687502
91	152	5.45326
91	158	0.683992
91	161	0.713376
91	179	5.79857
92	11	0.716291
92	33	0.777864
92	43	0.761777
92	44	0.689947
92	61	0.727261
92	79	0.767121
92	83	0.762021
92	96	0.745113
92	102	0.774421
92	108	0.720115
92	117	0.73917
92	118	0.743504
92	119	0.767805
92	120	0.734894
92	137	2.52279
92	139	2.42079
92	140	2.95938
92	148	0.686291
92	158	0.68278
92	161	0.712165
92	179	7.25814
93	29	1.78687
93	32	0.699003
93	64	0.796154
93	75	0.717354
93	80	1.78189
93	89	0.726558
93	100	0.811041
93	104	0.758606
93	107	0.78733
93	113	0.772864
93	114	2.23784
93	141	1.03687
93	145	0.787934
93	156	0.699552
93	170	0.747755
93	171	0.739955
93	175	0.705894
93	176	0.71582
93	178	0.707169
93	179	0.704743
93	180	0.709034
94	21	8.4
94	39	0.588412
94	97	0.717462
94	127	0.639317
94	140	0.675739
94	142	0.611974
94	153	0.62743
94	154	0.627916
94	156	0.598288
94	157	0.65949
94	166	0.632399
94	167	0.67554
94	168	0.589088
94	172	0.619477
94	173	0.62148
94	174	0.621667
94	175	0.60463
94	176	0.614556
94	177	0.589617
94	179	0.603479
94	180	0.60777
95	22	2.62785
95	44	3.18388
95	66	2.58827
95	76	0.701163
95	115	0.69723
95	127	0.709011
95	132	0.735413
95	140	0.745434
95	152	0.699474
95	156	0.667982
95	159	0.731985
95	165	0.728661
95	168	0.658783
95	169	0.705948
95	171	0.708385
95	172	0.689171
95	174	0.691362
95	175	0.674325
95	177	0.659311
95	179	0.673174
95	180	0.677465
96	31	0.086875
96	33	0.778118
96	44	0.690201
96	53	0.747096
96	61	0.727515
96	66	0.742408
96	79	0.767375
96	83	0.762275
96	91	0.746325
96	92	0.745113
96	103	0.771286
96	108	0.720369
96	117	0.739424
96	119	0.768059
96	120	0.735148
96	130	2.71492
96	148	0.686545
96	154	5.66825
96	158	0.683034
96	161	0.712419
96	166	4.92455
97	14	2.27392
97	56	1.26412
97	61	2.48958
97	90	2.77237
97	94	0.717462
97	121	0.744487
97	139	0.799922
97	142	0.704847
97	146	0.750343
97	149	0.77872
97	154	0.720788
97	156	0.69116
97	160	0.722711
97	165	0.751839
97	166	0.725271
97	167	0.768412
97	170	0.739363
97	175	0.697502
97	176	0.707428
97	177	0.682489
97	179	0.696351
97	180	0.700642
98	14	0.790658
98	30	0.804161
98	32	0.652683
98	52	0.71359
98	59	0.75636
98	64	0.741853
98	70	1.47333
98	73	0.78953
98	75	0.671034
98	77	0.782035
98	81	0.772015
98	84	0.762202
98	88	0.739953
98	89	0.623423
98	100	0.75674
98	104	0.712285
98	107	0.741009
98	135	0.720389
98	162	2.12727
98	168	11.819
98	178	0.660849
98	179	5.81035
99	69	3.85515
99	72	3.05018
99	79	1.89467
99	138	0.718928
99	139	0.761107
99	148	0.680214
99	153	0.681487
99	157	0.713547
99	159	0.716347
99	162	0.70042
99	163	0.666487
99	165	0.713024
99	166	0.686456
99	167	0.729597
99	168	0.643145
99	170	0.700548
99	173	0.675537
99	175	0.658687
99	176	0.668613
99	177	0.643674
99	179	0.657536
99	180	0.661827
100	54	1.70117
100	59	0.794584
100	71	1.45099
100	77	0.820259
100	82	2.28395
100	84	0.800426
100	89	0.710481
100	90	2.96388
100	93	0.811041
100	98	0.75674
100	107	0.771253
100	127	0.724503
100	150	0.705004
100	151	0.790512
100	152	0.714966
100	165	0.744153
100	174	0.706854
100	177	0.674804
100	178	0.691092
100	179	0.688666
100	180	0.692957
101	12	0.695181
101	16	0.761183
101	35	0.612992
101	41	0.763624
101	55	0.698111
101	65	1.12456
101	69	0.740994
101	71	0.747028
101	78	0.70428
101	80	0.760571
101	82	0.757475
101	85	0.762384
101	87	0.754276
101	90	0.769491
101	105	0.7752
101	111	0.763372
101	118	0.734613
101	134	2.84061
101	141	0.696708
101	144	3.52476
101	164	0.700826
101	172	6.34519
102	11	0.745853
102	43	0.791339
102	44	0.719509
102	48	0.782675
102	53	0.776404
102	61	0.756823
102	79	0.796683
102	83	0.791583
102	91	0.775632
102	92	0.774421
102	108	0.749677
102	117	0.768732
102	118	0.773066
102	119	0.797367
102	120	0.764456
102	135	2.4932
102	140	3.48473
102	148	0.715853
102	157	3.41497
102	158	0.712342
102	159	3.83428
102	161	0.741727
102	170	2.99724
103	33	0.804037
103	43	0.78795
103	44	0.716121
103	48	0.779287
103	53	0.773016
103	61	0.753434
103	66	0.768327
103	79	0.793295
103	83	0.788195
103	91	0.772244
103	96	0.771286
103	108	0.746288
103	112	1.58553
103	117	0.765343
103	119	0.793978
103	120	0.761067
103	125	2.71051
103	131	1.78709
103	148	0.712464
103	158	0.708954
103	161	0.738338
103	162	4.67347
103	171	5.98452
104	14	0.776447
104	30	0.78995
104	32	0.630491
104	52	0.691398
104	59	0.742149
104	64	0.727641
104	73	0.775319
104	75	0.648842
104	77	0.767823
104	81	0.757803
104	84	0.747991
104	88	0.725742
104	89	0.658045
104	93	0.758606
104	98	0.712285
104	106	0.779703
104	107	0.718817
104	112	2.05517
104	135	0.706178
104	151	2.68835
104	169	5.68792
104	170	4.03995
104	178	0.638657
105	12	0.743303
105	16	0.809306
105	35	0.661115
105	40	3.44081
105	41	0.811746
105	55	0.746233
105	69	0.789117
105	71	0.795151
105	78	0.752402
105	80	0.808693
105	82	0.805598
105	87	0.802398
105	90	0.817613
105	101	0.7752
105	111	0.811495
105	118	0.782736
105	122	0.795685
105	139	2.54276
105	140	2.9323
105	141	0.74483
105	164	0.748948
105	174	4.89445
105	175	4.93785
106	12	2.04016
106	28	1.37147
106	32	0.7201
106	52	0.781008
106	69	1.91818
106	73	0.864929
106	75	0.738451
106	84	0.8376
106	88	0.815351
106	104	0.779703
106	107	0.808427
106	114	1.70047
106	120	0.942493
106	143	0.730814
106	159	0.784651
106	168	0.711449
106	169	0.758614
106	173	0.74384
106	174	0.744028
106	175	0.726991
106	177	0.711978
106	178	0.728266
106	179	0.72584
106	180	0.730131
107	14	0.805171
107	30	0.818674
107	52	0.720122
107	59	0.770873
107	64	0.756365
107	73	0.804043
107	75	0.677566
107	77	0.796547
107	81	0.786527
107	84	0.776715
107	88	0.754466
107	89	0.686769
107	93	0.78733
107	98	0.741009
107	100	0.771253
107	104	0.718817
107	106	0.808427
107	135	0.734902
107	136	5.20609
107	149	1.60829
107	150	5.5935
107	159	3.11206
107	164	2.79003
107	178	0.667381
108	11	0.691546
108	33	0.75312
108	43	0.737033
108	53	0.722098
108	66	0.71741
108	79	0.742377
108	83	0.737277
108	91	0.721326
108	92	0.720115
108	96	0.720369
108	102	0.749677
108	103	0.746288
108	117	0.714425
108	118	0.71876
108	119	0.743061
108	120	1.39985
108	132	3.13692
108	134	2.50158
108	148	0.661547
108	158	0.658036
108	161	0.68742
108	164	2.819
108	168	10.981
108	178	3.33795
109	1	3.80479
109	48	4.99521
109	112	0.744375
109	113	0.677425
109	125	0.714888
109	134	0.689557
109	138	0.670695
109	147	0.657224
109	152	0.635604
109	153	0.633255
109	156	0.604113
109	159	0.668115
109	160	0.635664
109	161	0.657855
109	163	0.618255
109	169	0.642078
109	171	0.644516
109	172	0.625301
109	174	0.627492
109	176	0.620381
109	177	0.595442
109	180	0.613595
110	41	2.35029
110	43	3.26306
110	115	0.68104
110	119	1.98666
110	143	0.661958
110	144	0.702771
110	150	0.673322
110	153	0.680934
110	154	0.681421
110	157	0.712995
110	158	0.676151
110	160	0.683344
110	165	0.712471
110	167	0.729045
110	168	0.642593
110	169	0.689758
110	170	0.699995
110	172	0.672981
110	173	0.674984
110	174	0.675172
110	175	0.658135
110	176	0.668061
110	179	0.656984
110	180	0.661275
111	12	0.731476
111	16	0.797478
111	18	1.80312
111	35	0.649287
111	41	0.799919
111	55	0.734406
111	69	0.777289
111	71	0.783323
111	78	0.740575
111	80	0.796866
111	82	0.79377
111	85	0.798679
111	87	0.790571
111	90	0.805786
111	101	0.763372
111	105	0.811495
111	118	0.770908
111	122	0.783857
111	141	0.733003
111	151	3.29641
111	164	0.737121
111	167	2.3002
111	176	5.15433
111	177	9.88319
112	2	2.2797
112	29	1.72356
112	32	2.35603
112	103	1.58553
112	104	2.05517
112	109	0.744375
112	127	0.753276
112	134	0.797691
112	137	0.789925
112	138	0.77883
112	142	0.725934
112	146	0.771431
112	157	0.77345
112	160	0.743798
112	161	0.76599
112	168	0.703047
112	169	0.750212
112	171	0.75265
112	172	0.733436
112	173	0.735439
112	175	0.718589
112	176	0.728515
112	177	0.703576
112	179	0.717438
112	180	0.72173
113	17	2.34912
113	44	5.1637
113	58	2.88718
113	93	0.772864
113	109	0.677425
113	127	0.686327
113	142	0.658984
113	146	0.704481
113	147	0.698409
113	152	0.676789
113	156	0.645298
113	162	0.693372
113	167	0.72255
113	168	0.636098
113	169	0.683263
113	170	0.693501
113	171	0.685701
113	172	0.666486
113	173	0.668489
113	174	0.668677
113	175	0.65164
113	176	0.661566
113	177	0.636627
113	178	0.652915
113	179	0.650489
113	180	0.65478
114	8	0.726562
114	10	0.546666
114	17	0.504365
114	21	0.909283
114	22	0.629389
114	23	0.990626
114	26	0.698127
114	28	0.715512
114	38	0.675049
114	47	0.66286
114	54	0.692611
114	58	0.658456
114	60	0.658456
114	68	1.20303
114	74	0.69702
114	90	0.686326
114	93	2.23784
114	106	1.70047
114	116	0.590332
114	124	0.67934
114	125	0.677142
114	129	0.618213
114	141	0.613543
114	149	0.653927
114	157	4.57705
114	165	4.96569
115	43	5.9591
115	47	4.8409
115	76	0.634414
115	95	0.69723
115	110	0.68104
115	133	0.667754
115	136	0.640342
115	138	0.667815
115	142	0.614919
115	144	0.652211
115	145	0.689615
115	146	0.660416
115	147	0.654344
115	153	0.630375
115	154	0.630861
115	160	0.632784
115	162	0.649307
115	165	0.661911
115	169	0.639198
115	170	0.649435
115	173	0.624424
115	174	0.624612
115	176	0.617501
115	177	0.592561
115	178	0.60885
115	179	0.606424
115	180	0.610715
116	17	0.53395
116	21	0.602079
116	28	0.745097
116	48	4.22377
116	50	0.728857
116	54	0.722196
116	63	0.631666
116	90	0.715911
116	114	0.590332
116	118	4.67876
116	124	0.708925
116	125	0.706727
116	126	0.656367
116	129	0.647798
116	132	0.663382
116	134	0.681395
116	148	0.62382
116	166	0.630063
116	170	0.644154
116	172	0.61714
116	173	0.619143
116	174	0.619331
116	176	0.61222
116	177	0.58728
116	179	0.601142
116	180	0.605434
117	11	0.710602
117	33	0.772175
117	43	0.756088
117	44	0.684258
117	48	0.747424
117	53	0.741153
117	61	0.721572
117	66	0.736465
117	79	0.761432
117	83	0.756332
117	86	1.56498
117	91	0.740381
117	92	0.73917
117	96	0.739424
117	102	0.768732
117	103	0.765343
117	108	0.714425
117	118	0.737815
117	119	0.762116
117	120	0.729205
117	131	2.38063
117	139	2.71426
117	144	4.69057
117	148	0.680602
117	158	0.677091
117	161	0.706475
117	170	4.16384
118	12	0.702716
118	16	0.768719
118	18	0.755227
118	48	0.751758
118	66	0.740799
118	71	0.754564
118	78	0.711815
118	79	0.765766
118	82	0.765011
118	85	0.76992
118	92	0.743504
118	101	0.734613
118	102	0.773066
118	105	0.782736
118	108	0.71876
118	111	0.770908
118	116	4.67876
118	117	0.737815
118	119	0.76645
118	120	0.733539
118	122	0.755098
118	138	3.15579
118	148	0.684936
118	155	3.30307
118	160	5.29517
118	161	0.71081
118	164	0.708362
119	11	0.739237
119	33	0.80081
119	43	0.784723
119	44	0.712894
119	48	0.77606
119	53	0.769788
119	61	0.750207
119	66	0.7651
119	79	0.790067
119	83	0.784967
119	91	0.769017
119	92	0.767805
119	96	0.768059
119	102	0.797367
119	103	0.793978
119	108	0.743061
119	110	1.98666
119	117	0.762116
119	118	0.76645
119	120	0.75784
119	133	2.49125
119	148	0.709237
119	158	0.705726
119	159	1.763
119	161	0.735111
119	165	1.73233
119	169	2.57393
119	177	10.3896
120	11	0.706326
120	33	0.767899
120	43	0.751812
120	44	0.679982
120	48	0.743148
120	53	0.736877
120	61	0.717296
120	66	0.732189
120	79	0.757156
120	83	0.752056
120	86	0.802477
120	91	0.736105
120	92	0.734894
120	96	0.735148
120	102	0.764456
120	103	0.761067
120	106	0.942493
120	108	1.39985
120	117	0.729205
120	118	0.733539
120	119	0.75784
120	121	3.39016
120	148	0.676326
120	150	5.42074
120	158	0.672815
120	161	0.7022
120	172	5.44942
120	173	4.83844
121	13	3.87544
121	36	4.3344
121	97	0.744487
121	120	3.39016
121	127	0.666341
121	132	0.692743
121	134	0.710756
121	136	0.664421
121	139	0.734074
121	140	0.702764
121	143	0.635477
121	144	0.676291
121	147	0.678423
121	151	0.732349
121	152	0.656804
121	156	0.625312
121	163	0.639454
121	166	0.659423
121	168	0.616112
121	169	0.663277
121	172	0.646501
121	173	0.648504
121	174	0.648692
121	175	0.631654
121	176	0.64158
121	177	0.616641
121	178	0.63293
121	179	0.630503
121	180	0.634794
122	5	0.686026
122	15	0.811531
122	27	0.745676
122	29	0.807318
122	34	0.670869
122	35	0.642714
122	49	0.773793
122	55	0.727833
122	56	0.78032
122	57	0.767695
122	67	0.762559
122	69	0.761479
122	71	0.767513
122	72	0.812115
122	82	0.77796
122	85	0.782869
122	87	0.77476
122	105	0.795685
122	111	0.783857
122	118	0.755098
122	124	2.34463
122	126	0.730431
122	137	1.91455
122	141	0.72643
122	164	0.730548
122	171	4.27787
122	177	11.3272
122	179	6.6499
122	180	5.98573
123	1	0.79916
123	2	0.716593
123	3	0.708454
123	4	0.843009
123	5	0.678603
123	6	0.92284
123	9	0.72751
123	20	0.701251
123	25	0.702676
123	27	0.738253
123	29	0.809133
123	34	0.663447
123	36	0.766879
123	42	0.763648
123	45	0.763972
123	49	0.775608
123	56	0.782135
123	57	0.76951
123	67	0.764374
123	72	0.81393
123	126	0.732246
123	131	0.814281
123	145	2.52893
123	146	2.07293
123	153	5.52812
123	159	2.44444
123	160	4.52304
123	175	5.78839
124	10	0.665259
124	17	0.622957
124	19	0.758566
124	27	2.83992
124	28	0.834104
124	50	0.817864
124	51	0.722083
124	54	0.811204
124	63	0.720674
124	75	2.06743
124	77	2.31068
124	114	0.67934
124	116	0.708925
124	122	2.34463
124	125	0.795734
124	129	0.736806
124	140	0.76241
124	141	0.286444
124	155	0.735653
124	162	0.733033
124	169	0.722924
124	170	0.733162
124	172	0.706147
124	173	0.70815
124	174	0.708338
124	175	0.691301
124	177	0.676288
124	180	0.694441
125	10	0.663061
125	17	0.620759
125	19	0.756368
125	23	0.551133
125	25	1.96602
125	26	3.34682
125	28	0.831906
125	36	2.18671
125	50	0.815666
125	54	0.809006
125	63	0.718476
125	89	1.78994
125	103	2.71051
125	109	0.714888
125	114	0.677142
125	116	0.706727
125	124	0.795734
125	129	0.734607
125	150	0.70429
125	151	0.789798
125	155	0.733455
125	164	0.734055
125	171	0.723163
125	172	0.703949
125	173	0.705952
125	174	0.70614
125	176	0.699029
125	177	0.674089
125	179	0.687952
125	180	0.692243
126	5	0.639173
126	15	0.773915
126	20	3.58395
126	27	0.698823
126	29	0.769702
126	34	0.624016
126	36	0.727449
126	49	0.736178
126	56	0.742704
126	57	0.73008
126	67	0.724943
126	72	0.774499
126	74	2.96664
126	85	2.07281
126	87	3.7766
126	116	0.656367
126	122	0.730431
126	123	0.732246
126	130	0.720781
126	150	0.65393
126	155	0.683095
126	160	0.663952
126	168	0.623201
126	169	0.670366
126	170	0.680603
126	173	0.655592
126	175	0.638743
126	176	0.648669
126	177	0.623729
126	179	0.637592
126	180	0.641883
127	52	4.01633
127	72	4.84442
127	81	3.93925
127	94	0.639317
127	95	0.709011
127	100	0.724503
127	112	0.753276
127	113	0.686327
127	121	0.666341
127	132	0.680445
127	133	0.679535
127	137	0.690692
127	139	0.721776
127	143	0.623179
127	145	0.701396
127	150	0.634544
127	152	0.644506
127	153	0.642156
127	158	0.637372
127	159	0.677016
127	163	0.627156
127	166	0.647125
127	168	0.603814
127	171	0.653417
127	172	0.634203
127	173	0.636206
127	174	0.636394
127	175	0.619356
127	177	0.604343
127	178	0.620632
127	179	0.618205
127	180	0.622496
128	16	2.51499
128	38	2.18327
128	49	2.85976
128	51	0.720422
128	71	1.31655
128	72	1.99181
128	77	2.3336
128	130	0.771677
128	131	0.825747
128	132	0.750728
128	133	0.749819
128	139	0.792059
128	140	0.760749
128	145	0.77168
128	151	0.790334
128	155	0.733991
128	156	0.683297
128	158	0.707655
128	160	0.714848
128	162	0.731372
128	166	0.717409
128	169	0.721262
128	170	0.7315
128	171	0.7237
128	172	0.704486
128	173	0.706489
128	174	0.706677
128	175	0.689639
128	176	0.699566
128	177	0.674626
128	178	0.690915
128	179	0.688488
128	180	0.69278
129	10	0.604132
129	17	0.561831
129	19	0.69744
129	21	0.62996
129	23	0.492205
129	28	0.772978
129	29	4.96994
129	50	0.756738
129	54	0.750077
129	63	0.659547
129	82	3.72795
129	90	0.743791
129	114	0.618213
129	116	0.647798
129	124	0.736806
129	125	0.734607
129	141	3.15121
129	146	0.683016
129	155	0.674526
129	156	0.623832
129	158	0.64819
129	162	0.671907
129	163	0.637974
129	165	0.684511
129	168	0.614633
129	171	0.664235
129	174	0.647212
129	175	0.630174
129	176	0.6401
129	177	0.615161
129	178	0.63145
129	179	0.629023
129	180	0.633315
130	43	2.269
130	48	1.99118
130	58	2.71697
130	67	3.10793
130	96	2.71492
130	126	0.720781
130	128	0.771677
130	133	0.726887
130	135	0.735504
130	139	0.769127
130	143	0.67053
130	145	0.748748
130	146	0.719549
130	147	0.713477
130	153	0.689507
130	154	0.689993
130	159	0.724368
130	160	0.691916
130	161	0.714108
130	164	0.71166
130	166	0.694477
130	167	0.737617
130	168	0.651166
130	169	0.698331
130	171	0.700768
130	172	0.681554
130	173	0.683557
130	174	0.683745
130	175	0.666708
130	177	0.651694
130	179	0.665557
130	180	0.669848
131	1	0.841765
131	2	0.759197
131	3	0.751058
131	4	0.885613
131	6	0.00631603
131	9	0.770115
131	20	0.743855
131	25	0.74528
131	26	2.42339
131	37	2.12513
131	42	0.806252
131	45	0.806577
131	90	2.62646
131	103	1.78709
131	117	2.38063
131	123	0.814281
131	128	0.825747
131	141	0.106398
131	146	0.773619
131	150	0.735965
131	151	0.821473
131	154	0.744064
131	159	0.778438
131	163	0.728577
131	168	0.705236
131	169	0.752401
131	173	0.737627
131	175	0.720778
131	176	0.730704
131	177	0.705764
131	179	0.719627
131	180	0.723918
132	3	4.0674
132	40	0.678682
132	82	3.29928
132	85	3.0964
132	95	0.735413
132	108	3.13692
132	116	0.663382
132	121	0.692743
132	127	0.680445
132	128	0.750728
132	142	0.653103
132	143	0.649581
132	146	0.6986
132	147	0.692528
132	150	0.660946
132	151	0.746453
132	154	0.669044
132	157	0.700619
132	160	0.670967
132	162	0.687491
132	163	0.653558
132	167	0.716668
132	168	0.630216
132	170	0.687619
132	171	0.679819
132	172	0.660605
132	173	0.662608
132	174	0.662796
132	175	0.645758
132	176	0.655684
132	177	0.630745
132	178	0.647034
132	179	0.644607
132	180	0.648898
133	6	3.71165
133	60	3.76247
133	70	0.70083
133	84	3.23463
133	115	0.667754
133	119	2.49125
133	127	0.679535
133	128	0.749819
133	130	0.726887
133	136	0.677616
133	137	0.716184
133	138	0.705089
133	143	0.648672
133	144	0.689485
133	147	0.691618
133	150	0.660036
133	151	0.745544
133	155	0.689201
133	156	0.638507
133	160	0.670058
133	166	0.672618
133	167	0.715759
133	168	0.629307
133	169	0.676472
133	171	0.678909
133	172	0.659695
133	173	0.661698
133	174	0.661886
133	176	0.654775
133	177	0.629835
133	178	0.646124
133	179	0.643698
133	180	0.647989
134	24	0.699356
134	38	3.6061
134	40	0.696695
134	64	2.69344
134	70	0.719753
134	88	2.35828
134	101	2.84061
134	108	2.50158
134	109	0.689557
134	112	0.797691
134	116	0.681395
134	121	0.710756
134	137	0.735107
134	144	0.708408
134	147	0.710541
134	150	0.678959
134	154	0.687057
134	156	0.657429
134	157	0.718632
134	159	0.721432
134	160	0.68898
134	165	0.718108
134	166	0.691541
134	167	0.734681
134	168	0.64823
134	170	0.705632
134	171	0.697832
134	172	0.678618
134	173	0.680621
134	174	0.680809
134	175	0.663772
134	176	0.673698
134	177	0.648758
134	179	0.662621
134	180	0.666912
135	8	2.98509
135	14	0.792531
135	32	0.646575
135	45	2.13037
135	50	2.72823
135	52	0.707483
135	59	0.758233
135	60	3.26311
135	73	0.791404
135	77	0.783908
135	81	0.773888
135	84	0.764075
135	88	0.741826
135	89	0.67413
135	98	0.720389
135	102	2.4932
135	104	0.706178
135	107	0.734902
135	130	0.735504
135	136	0.686233
135	143	0.657289
135	154	0.676752
135	155	0.697818
135	156	0.647124
135	157	0.708326
135	170	0.695327
135	173	0.670315
135	174	0.670503
135	175	0.653466
135	176	0.663392
135	177	0.638453
135	178	0.654741
135	179	0.652315
135	180	0.656606
136	83	5.14796
136	86	0.752411
136	89	3.24595
136	107	5.20609
136	115	0.640342
136	121	0.664421
136	133	0.677616
136	135	0.686233
136	137	0.688772
136	143	0.62126
136	148	0.638963
136	151	0.718132
136	152	0.642586
136	154	0.640723
136	156	0.611095
136	157	0.672297
136	159	0.675097
136	160	0.642646
136	162	0.659169
136	163	0.625237
136	164	0.662389
136	165	0.671773
136	167	0.688347
136	168	0.601895
136	169	0.64906
136	170	0.659298
136	171	0.651497
136	172	0.632283
136	174	0.634474
136	175	0.617437
136	176	0.627363
136	177	0.602424
136	179	0.616286
136	180	0.620577
137	62	0.723546
137	66	4.38215
137	83	2.26779
137	91	2.91272
