1	58	1.09566
1	116	0.873246
1	118	0.910069
1	127	0.891591
1	133	1.18628
1	145	0.907688
1	146	0.901078
1	147	0.889619
1	167	0.925157
1	175	0.901551
1	177	1.26636
1	180	1.25781
2	91	1.02367
2	97	0.914616
2	98	0.986064
2	118	0.9254
2	151	0.942738
2	162	1.02929
2	168	1.04115
2	169	1.0126
2	173	1.01902
2	177	1.03383
2	179	1.03459
2	180	1.02952
3	133	0.885977
3	138	0.978796
3	150	1.0298
3	153	1.0578
3	155	1.02847
3	157	1.03113
3	160	1.05113
3	162	0.980274
3	166	1.01153
3	175	1.02287
3	179	0.971869
3	180	0.957509
4	49	1.03064
4	50	1.02433
4	68	1.00555
4	89	1.0818
4	103	1.06713
4	126	0.900865
4	144	1.00412
4	147	1.02815
4	163	0.928253
4	166	0.966475
4	175	1.04008
4	179	0.926819
5	65	1.04747
5	78	1.05906
5	81	1.0205
5	95	1.03086
5	107	1.0128
5	119	1.02743
5	131	0.950175
5	144	0.99986
5	156	1.00188
5	162	0.968576
5	167	0.900656
5	174	0.988049
6	55	1.06763
6	85	0.991258
6	87	1.05802
6	94	0.932256
6	97	1.01104
6	113	1.04055
6	131	0.936031
6	140	0.948286
6	159	0.92082
6	170	1.04168
6	173	0.957821
6	176	1.09924
7	78	0.90858
7	98	0.987916
7	128	1.00224
7	134	0.965488
7	159	1.03069
7	160	0.928385
7	162	1.01239
7	164	1.00025
7	176	1.10943
7	177	1.01693
7	179	1.01768
7	180	1.01262
8	70	1.00579
8	80	1.0213
8	93	0.927994
8	117	1.01493
8	127	1.03347
8	133	0.868081
8	145	1.04957
8	147	1.0315
8	151	1.04213
8	161	0.98443
8	174	0.98185
8	175	1.04343
9	78	1.0633
9	81	1.02474
9	95	1.0351
9	104	0.96986
9	107	1.01704
9	119	1.03168
9	143	0.959448
9	146	1.02202
9	152	0.994214
9	156	1.00612
9	164	1.04525
9	178	0.838681
10	71	0.95818
10	72	1.04807
10	73	1.10807
10	74	1.10807
10	88	1.12182
10	159	0.85121
10	160	0.948366
10	167	0.816902
10	169	0.911445
10	178	1.2558
10	179	0.876417
11	62	0.975103
11	81	1.03944
11	86	1.01041
11	95	1.0498
11	107	1.03174
11	119	1.04638
11	127	1.03123
11	129	0.883427
11	146	1.03672
11	156	1.02082
11	172	0.931646
11	174	0.947983
12	67	1.06028
12	98	1.01915
12	99	1.01799
12	106	0.988735
12	111	0.934552
12	130	1.04571
12	141	1.04621
12	152	0.951251
12	161	1.02192
12	165	0.960114
12	171	0.996439
12	180	0.964782
13	73	1.16145
13	84	1.24094
13	112	1.19709
13	131	0.919279
13	154	1.19561
13	169	0.885298
13	172	0.892387
13	173	0.891727
13	174	0.895259
13	177	0.906536
13	179	0.907289
13	180	0.902226
14	31	1.00189
14	37	1.07838
14	50	1.02482
14	68	1.00605
14	82	1.01411
14	114	1.00393
14	132	0.993713
14	136	1.08032
14	144	1.00462
14	171	0.995753
14	176	0.839816
14	180	0.964096
15	34	0.823188
15	64	0.909132
15	71	0.76946
15	72	0.859347
15	73	0.919347
15	74	0.919347
15	88	0.933097
15	155	1.27743
15	164	1.2153
15	167	1.13265
15	178	1.06708
15	180	1.1778
16	33	1.10931
16	60	0.883806
16	113	0.939463
16	140	1.02397
16	153	0.919173
16	159	1.04303
16	167	1.06046
16	172	1.01512
16	173	1.01446
16	174	1.01799
16	175	0.941097
16	180	1.02496
17	33	1.14229
17	99	1.00312
17	101	1.09159
17	130	1.03085
17	141	1.03135
17	156	1.01444
17	161	1.00705
17	166	0.941606
17	170	1.02159
17	171	0.919246
17	173	0.913743
17	180	0.88759
18	71	0.898863
18	88	1.0625
18	98	1.00474
18	106	0.97432
18	130	1.0313
18	139	0.966026
18	141	1.0318
18	143	0.894368
18	146	1.05463
18	165	0.937996
18	177	0.95121
18	178	1.19649
19	58	1.0984
19	65	0.923576
19	78	0.935163
19	81	0.896604
19	91	0.867287
19	95	0.906957
19	107	0.888897
19	119	0.903537
19	145	1.30823
19	156	0.877979
19	176	1.13627
19	180	1.26055
20	47	1.2371
20	135	0.872387
20	149	0.915916
20	151	0.911496
20	153	0.91956
20	155	0.890231
20	157	0.892892
20	160	0.912892
20	165	1.17218
20	172	1.20275
20	175	0.884625
20	179	1.19121
21	25	1.02346
21	66	1.00679
21	79	1.02523
21	91	0.954341
21	99	0.953722
21	105	1.00883
21	130	0.981445
21	156	0.965034
21	157	1.10566
21	161	0.957652
21	162	1.03226
21	170	0.972192
21	177	1.01805
22	136	0.981295
22	149	0.987042
22	151	0.982623
22	153	0.990686
22	154	0.983718
22	155	0.961358
22	157	0.964019
22	160	0.984019
22	165	1.03154
22	166	1.09022
22	170	0.946535
22	171	1.06786
22	180	1.03621
23	39	1.02202
23	63	0.875119
23	84	0.948508
23	87	1.0096
23	97	0.962614
23	109	1.04347
23	113	0.992128
23	120	1.0343
23	133	0.950895
23	134	0.939207
23	161	1.06724
23	175	1.10892
23	176	1.05081
24	132	1.04296
24	140	1.02996
24	144	1.06739
24	148	0.957533
24	150	0.964591
24	151	0.984531
24	152	0.999813
24	153	0.992595
24	154	0.985627
24	155	0.963267
24	157	0.965927
24	160	0.985927
24	166	1.06736
25	21	1.02346
25	34	1.1244
25	89	1.06294
25	137	0.970812
25	168	0.990296
25	170	1.00361
25	171	0.956507
25	172	0.968831
25	173	0.968171
25	175	0.980094
25	177	0.98298
25	179	0.983733
25	180	0.97867
26	82	0.894086
26	94	1.05935
26	115	0.942451
26	116	1.08627
26	122	0.846209
26	125	1.07022
26	136	0.78916
26	145	1.12071
26	154	1.14254
26	157	1.12284
26	160	1.14284
26	175	1.11457
26	178	0.675008
27	62	1.023
27	64	1.11244
27	71	0.972773
27	72	1.06266
27	73	1.12266
27	74	1.12266
27	88	1.13641
27	100	0.787994
27	159	0.821976
27	164	0.870325
27	168	0.827821
27	174	0.875061
27	178	1.2704
28	56	0.953333
28	98	0.972372
28	106	0.941954
28	114	0.962251
28	123	0.982047
28	129	1.06221
28	130	0.998931
28	141	0.999434
28	167	1.03937
28	168	1.07953
28	170	0.989678
28	173	1.11068
28	178	0.915466
29	51	0.967282
29	65	1.0009
29	81	0.97393
29	87	1.11794
29	95	0.984284
29	107	0.966224
29	119	0.980863
29	144	1.0897
29	145	1.08333
29	146	0.971208
29	156	0.955306
29	177	1.04419
29	178	0.866582
30	52	0.975922
30	53	0.962074
30	61	1.07558
30	92	0.996746
30	102	0.931769
30	103	1.00511
30	140	1.00542
30	145	0.984195
30	147	0.966126
30	157	1.08496
30	161	1.03362
30	163	1.0046
30	175	0.978057
31	14	1.00189
31	36	1.01982
31	48	0.970383
31	68	0.939717
31	104	1.0196
31	114	0.937599
31	122	0.978317
31	133	0.985952
31	136	1.01399
31	144	0.938288
31	168	1.05248
31	172	1.08338
31	177	1.06603
32	91	0.966791
32	98	0.967335
32	99	0.966171
32	105	1.02128
32	106	0.936917
32	111	1.0113
32	123	0.97701
32	141	0.994397
32	158	1.10688
32	161	0.970101
32	165	1.03686
32	167	0.99637
32	179	1.05589
33	16	1.10931
33	17	1.14229
33	135	0.906551
33	148	0.918662
33	149	0.95008
33	150	0.92572
33	153	0.953724
33	154	0.946756
33	155	0.924395
33	157	0.927056
33	160	0.947056
33	171	1.166
33	174	1.17658
33	176	1.01006
34	15	0.823188
34	25	1.1244
34	44	0.973188
34	64	0.941534
34	71	0.801862
34	72	0.891749
34	73	0.951749
34	74	0.951749
34	88	0.965499
34	129	1.08812
34	152	1.0969
34	169	1.15982
34	172	1.13634
34	178	1.09948
35	42	1.08272
35	65	0.926262
35	69	0.963411
35	78	0.893484
35	107	0.932819
35	111	1.02028
35	120	1.02868
35	127	0.952462
35	157	0.923137
35	158	0.994954
35	177	1.02603
35	178	1.19884
35	179	1.02678
35	180	1.02172
36	31	1.01982
36	37	1.09631
36	48	1.05465
36	68	1.02398
36	82	0.951075
36	114	1.02186
36	122	1.06258
36	136	1.09825
36	144	1.02255
36	162	0.923826
36	172	0.926962
36	175	0.987557
36	179	0.915421
36	180	0.901062
37	14	1.07838
37	36	1.09631
37	50	1.03498
37	68	1.0162
37	93	0.907449
37	114	1.01409
37	122	1.0548
37	136	1.09047
37	144	1.01477
37	155	1.0187
37	163	0.934862
37	164	0.956569
37	165	0.914399
37	167	0.873913
38	63	0.966939
38	84	1.04033
38	85	1.03465
38	87	1.10142
38	88	0.938722
38	94	0.97565
38	97	1.05443
38	112	0.935457
38	113	1.08395
38	115	1.004
38	131	0.90999
38	168	0.900623
38	176	1.14263
38	177	0.914171
39	23	1.02202
39	63	0.978282
39	84	1.05167
39	85	1.046
39	90	0.901559
39	94	0.986993
39	97	1.06578
39	100	0.889353
39	113	1.09529
39	139	0.957545
39	163	0.949977
39	174	0.976421
39	176	1.15397
39	180	0.934183
40	69	1.14839
40	85	1.06441
40	106	1.16276
40	129	0.939256
40	152	0.953036
40	153	1.07653
40	156	1.1416
40	163	0.931758
40	166	0.909371
40	168	0.942135
40	174	0.923542
40	177	0.934819
40	179	0.935572
40	180	0.930509
41	76	1.0072
41	80	1.03173
41	103	1.0809
41	117	1.02535
41	118	1.06237
41	127	1.04389
41	138	1.06154
41	139	0.917334
41	144	0.948022
41	145	1.05999
41	147	1.04192
41	175	1.05385
41	176	0.769693
41	177	0.902518
42	35	1.08272
42	92	0.916641
42	110	0.914579
42	113	0.914847
42	121	1.06081
42	147	0.970784
42	148	0.934016
42	170	0.939996
42	171	1.02798
42	172	1.04031
42	173	1.03965
42	174	1.04318
42	179	1.05521
42	180	1.05015
43	97	1.09874
43	105	1.08415
43	106	1.17515
43	118	1.10953
43	123	1.12527
43	132	0.931454
43	142	0.925254
43	159	0.951632
43	163	0.934812
43	172	0.923723
43	173	0.923064
43	177	0.937873
43	179	0.938626
43	180	0.933562
44	34	0.973188
44	61	0.936941
44	64	1.05913
44	71	0.91946
44	72	1.00935
44	73	1.06935
44	74	1.06935
44	87	0.932456
44	88	1.0831
44	99	1.02466
44	119	0.969116
44	152	0.836633
44	169	0.899551
44	178	1.21708
45	100	0.949054
45	128	0.980062
45	135	0.98217
45	148	0.994281
45	150	1.00134
45	154	1.02237
45	155	1.00001
45	157	1.00268
45	160	1.02268
45	162	1.01665
45	168	0.988881
45	169	1.04327
45	175	0.994408
45	177	1.00243
45	179	1.00824
46	55	0.973756
46	85	0.977464
46	103	1.00146
46	134	1.04843
46	146	1.03698
46	154	0.953376
46	162	1.00177
46	163	1.00326
46	165	1.01216
46	166	0.980869
46	173	0.991508
46	174	0.99504
46	177	1.00632
46	179	1.00707
46	180	1.00201
47	20	1.2371
47	77	0.956945
47	102	0.97368
47	116	0.991664
47	118	1.02849
47	125	0.975619
47	126	0.928288
47	138	1.10745
47	145	1.02611
47	146	1.01949
47	147	1.00804
47	169	0.989269
47	171	0.971538
47	175	1.01997
47	178	0.770817
48	31	0.970383
48	36	1.05465
48	49	0.999629
48	50	0.993314
48	68	0.974541
48	88	1.01302
48	95	1.06956
48	101	1.0087
48	114	0.972424
48	122	1.01314
48	136	1.04881
48	144	0.973113
48	167	0.934763
48	179	0.994278
48	180	0.979919
49	4	1.03064
49	48	0.999629
49	68	0.968963
49	84	0.986107
49	93	0.998567
49	94	0.921429
49	111	0.979956
49	113	1.02973
49	120	1.02206
49	122	1.00756
49	144	0.967534
49	167	0.965031
49	176	1.08841
49	177	1.01873
49	179	1.02455
50	4	1.02433
50	14	1.02482
50	37	1.03498
50	48	0.993314
50	68	0.962648
50	104	0.990163
50	114	0.960531
50	122	1.00125
50	131	1.03241
50	136	1.03692
50	144	0.96122
50	159	1.0172
50	168	1.02305
50	176	0.903768
50	179	1.04241
51	29	0.967282
51	52	1.0064
51	62	0.946439
51	65	1.03775
51	95	1.02113
51	107	1.00307
51	119	1.01771
51	146	1.00806
51	152	0.98736
51	156	0.992155
51	158	1.06625
51	169	1.05028
51	173	1.02704
51	176	0.876612
51	180	1.00089
52	30	0.975922
52	51	1.0064
52	80	0.988669
52	95	1.0234
52	102	0.964507
52	107	1.00534
52	111	0.954379
52	119	1.01998
52	145	1.01693
52	147	0.998863
52	158	1.04997
52	159	0.973762
52	173	1.01076
52	174	1.02685
52	177	0.993155
53	30	0.962074
53	60	1.05728
53	103	1.024
53	125	0.952598
53	127	0.986988
53	145	1.00308
53	146	0.996474
53	152	0.951673
53	156	1.09484
53	163	0.980998
53	167	1.02055
53	173	0.991357
53	174	1.00744
53	175	0.996947
53	179	0.979564
54	108	0.930064
54	122	1.08076
54	136	1.02371
54	148	0.94431
54	149	0.975727
54	150	0.951368
54	151	0.971308
54	153	0.979371
54	154	0.972403
54	155	0.950043
54	157	0.952704
54	159	1.06778
54	160	0.972704
54	167	1.03347
54	171	1.11028
54	179	1.09299
55	6	1.06763
55	46	0.973756
55	84	1.04886
55	85	1.04319
55	87	1.10995
55	94	0.984185
55	97	1.06297
55	113	1.09248
55	134	1.03956
55	143	0.880075
55	161	0.973189
55	168	0.923369
55	174	0.970609
55	176	1.15117
55	178	0.759307
55	180	0.928372
56	28	0.953333
56	66	0.992744
56	98	0.940844
56	105	0.994787
56	123	0.950519
56	130	0.967403
56	137	0.947617
56	140	1.04622
56	153	1.09417
56	156	0.950992
56	160	1.11591
56	161	0.94361
56	165	1.02493
56	166	1.08361
56	170	0.95815
56	177	1.03814
57	60	0.848371
57	113	0.904028
57	115	1.03039
57	123	0.920086
57	128	0.979332
57	149	0.910316
57	151	0.921678
57	158	1.03688
57	163	1.06489
57	168	1.07527
57	169	1.04671
57	172	1.0538
57	175	0.905661
57	176	1.16045
57	177	1.06795
57	180	1.06364
58	1	1.09566
58	19	1.0984
58	87	0.79978
58	113	0.80235
58	128	0.877655
58	135	0.859985
58	147	0.858287
58	152	1.07692
58	164	1.04202
58	168	1.06601
58	173	1.04389
58	174	1.04742
58	176	1.1512
58	177	1.0587
58	179	1.05945
58	180	1.05439
59	132	1.08849
59	134	0.918971
59	137	1.05318
59	140	1.07549
59	143	1.01058
59	149	0.976946
59	150	0.952586
59	151	0.972526
59	153	0.98059
59	154	0.973622
59	155	0.951261
59	157	0.953922
59	160	0.973922
59	164	1.09637
59	173	1.08503
59	175	0.945655
60	16	0.883806
60	53	1.05728
60	57	0.848371
60	70	1.03563
60	80	1.05114
60	118	1.08178
60	127	1.0633
60	139	0.932202
60	144	0.962889
60	145	1.0794
60	147	1.06133
60	163	0.924634
60	164	0.946341
60	167	1.09687
60	175	1.07326
60	180	0.90884
61	30	1.07558
61	44	0.936941
61	89	1.13575
61	106	1.11721
61	158	0.940142
61	164	0.954539
61	165	0.977063
61	170	1.07642
61	171	0.944745
61	172	0.957068
61	173	0.956409
61	174	0.95994
61	175	1.05291
61	177	0.971217
61	179	0.97197
61	180	0.966907
62	11	0.975103
62	27	1.023
62	51	0.946439
62	65	0.980059
62	78	0.991646
62	81	0.953087
62	95	0.96344
62	107	0.94538
62	119	0.96002
62	129	1.04749
62	142	1.07857
62	146	0.950365
62	156	0.934462
62	162	1.09257
62	172	1.09571
62	180	1.06981
63	23	0.875119
63	38	0.966939
63	39	0.978282
63	84	0.904775
63	85	0.899098
63	87	0.965864
63	94	0.840097
63	97	0.918881
63	110	1.23165
63	113	0.948394
63	134	0.895474
63	137	1.14136
63	142	1.15582
63	159	1.13621
63	163	1.16285
63	176	1.00708
63	178	0.97799
64	15	0.909132
64	27	1.11244
64	34	0.941534
64	44	1.05913
64	71	0.887807
64	72	0.977693
64	73	1.03769
64	74	1.03769
64	88	1.05144
64	122	0.97915
64	131	0.981377
64	159	0.966165
64	163	0.992807
64	168	0.97201
64	175	1.06351
64	176	0.852733
64	178	1.18543
65	5	1.04747
65	19	0.923576
65	29	1.0009
65	35	0.926262
65	51	1.03775
65	62	0.980059
65	95	1.05475
65	107	1.03669
65	119	1.05133
65	129	0.956598
65	131	0.983281
65	144	1.03297
65	146	1.04168
65	152	0.965386
65	156	1.02578
65	167	0.933762
65	171	1.01057
66	21	1.00679
66	56	0.992744
66	93	1.01378
66	99	1.01062
66	105	1.06573
66	106	0.981366
66	120	1.03727
66	130	1.03834
66	133	0.953871
66	141	1.03885
66	156	1.02193
66	161	1.01455
66	167	0.980248
66	170	1.02909
66	174	1.06764
66	176	0.901123
66	178	0.856338
67	12	1.06028
67	98	1.00101
67	101	1.08832
67	106	0.970594
67	123	1.01069
67	137	1.00778
67	140	1.01068
67	141	1.02807
67	152	0.980529
67	156	1.01116
67	161	1.00378
67	167	0.948905
67	168	0.989057
67	170	1.01832
67	176	0.86978
67	177	1.00261
67	179	1.00842
68	4	1.00555
68	14	1.00605
68	31	0.939717
68	36	1.02398
68	37	1.0162
68	48	0.974541
68	49	0.968963
68	50	0.962648
68	100	0.988967
68	114	0.941758
68	118	1.11897
68	124	1.048
68	136	1.01814
68	144	0.942447
68	161	1.07861
68	172	1.0597
68	178	0.864733
68	179	1.04816
69	35	0.963411
69	40	1.14839
69	93	1.00445
69	96	0.969638
69	112	0.994861
69	135	0.956201
69	144	1.07011
69	148	0.968312
69	151	0.99531
69	153	1.00337
69	154	0.996406
69	155	0.974046
69	157	0.976706
69	158	1.08142
69	160	0.996706
69	171	1.04772
69	175	0.968439
69	176	0.891785
70	8	1.00579
70	60	1.03563
70	78	1.06557
70	92	0.993982
70	103	1.00235
70	116	0.946988
70	121	1.00797
70	125	0.930944
70	127	0.965334
70	145	0.981431
70	147	0.963362
70	148	1.1031
70	152	0.985533
70	165	0.994396
70	167	0.9989
70	169	1.04845
70	175	0.975293
70	180	0.999064
71	10	0.95818
71	15	0.76946
71	18	0.898863
71	27	0.972773
71	34	0.801862
71	44	0.91946
71	64	0.887807
71	72	0.838022
71	73	0.898022
71	74	0.898022
71	88	0.911772
71	111	1.19455
71	143	1.17648
71	159	1.21393
71	167	1.17962
71	168	1.21977
71	178	1.04576
71	180	1.22478
72	10	1.04807
72	15	0.859347
72	27	1.06266
72	34	0.891749
72	44	1.00935
72	64	0.977693
72	71	0.838022
72	73	0.987908
72	74	0.987908
72	88	1.00166
72	115	1.09891
72	149	1.09168
72	160	1.08684
72	162	1.0233
72	173	1.02669
72	176	0.876252
72	178	1.13564
72	180	1.00053
73	10	1.10807
73	13	1.16145
73	15	0.919347
73	27	1.12266
73	34	0.951749
73	44	1.06935
73	64	1.03769
73	71	0.898022
73	72	0.987908
73	74	1.04791
73	88	1.06166
73	128	1.034
73	138	1.0414
73	161	0.918651
73	164	0.911335
73	172	0.899734
73	176	0.749554
73	178	1.19564
73	179	0.888194
74	10	1.10807
74	15	0.919347
74	27	1.12266
74	34	0.951749
74	44	1.06935
74	64	1.03769
74	71	0.898022
74	72	0.987908
74	73	1.04791
74	86	1.0258
74	88	1.06166
74	115	1.01951
74	133	0.849599
74	158	0.98649
74	162	0.943896
74	177	0.929677
74	178	1.19564
74	179	0.935491
74	180	0.921131
75	85	1.01785
75	86	1.03307
75	94	0.95885
75	97	1.03763
75	102	0.994623
75	109	0.949443
75	113	1.06715
75	118	1.04943
75	122	0.930541
75	133	0.856872
75	134	1.01423
75	147	1.02898
75	152	0.914873
75	155	1.02803
75	161	0.973221
75	167	1.06452
75	168	0.923401
75	175	1.04091
75	176	1.12583
76	41	1.0072
76	107	1.0987
76	116	1.12712
76	127	1.11834
76	133	0.994937
76	134	1.11627
76	154	1.02122
76	159	0.966525
76	163	0.949705
76	164	0.936088
76	168	0.960081
76	169	0.931527
76	170	1.10287
76	171	0.926293
76	172	0.938616
76	174	0.941488
76	177	0.952766
76	179	0.953519
76	180	0.948455
77	47	0.956945
77	92	0.968596
77	93	1.04995
77	100	1.01404
77	102	0.903619
77	103	0.976959
77	111	1.03134
77	116	0.921602
77	117	0.921407
77	118	0.958425
77	125	0.905558
77	139	1.08493
77	144	1.11562
77	146	0.949433
77	157	1.15773
77	165	1.0569
77	167	0.973513
77	169	1.11096
77	175	0.949907
78	5	1.05906
78	7	0.90858
78	9	1.0633
78	19	0.935163
78	35	0.893484
78	62	0.991646
78	70	1.06557
78	81	1.05599
78	91	1.02667
78	95	1.06634
78	100	0.901308
78	107	1.04828
78	115	1.04452
78	119	1.06292
78	146	1.05327
78	156	1.03736
78	158	1.0115
78	176	0.821858
78	179	0.960498
79	21	1.02523
79	101	0.924147
79	124	0.986462
79	133	1.04759
79	134	1.01878
79	138	1.06293
79	141	0.988387
79	151	0.997877
79	152	1.02364
79	157	0.991521
79	158	0.974344
79	161	0.989245
79	165	1.01126
79	166	0.97997
79	169	0.984181
79	173	0.99061
79	175	0.98186
79	177	1.00542
79	179	1.00617
79	180	1.00111
80	8	1.0213
80	41	1.03173
80	52	0.988669
80	60	1.05114
80	103	1.01786
80	109	1.05015
80	116	0.9625
80	118	0.999322
80	121	1.03801
80	125	0.946455
80	136	0.974199
80	144	1.08316
80	145	0.996942
80	147	0.978873
80	159	1.01826
80	166	1.08313
80	167	1.01441
80	175	0.990804
80	176	0.904831
80	178	0.860047
81	5	1.0205
81	9	1.02474
81	11	1.03944
81	19	0.896604
81	29	0.97393
81	62	0.953087
81	78	1.05599
81	91	0.988111
81	104	0.960704
81	107	1.00972
81	119	1.02436
81	122	1.00073
81	139	1.02195
81	142	1.00736
81	146	1.01471
81	156	0.998803
81	167	0.953434
81	171	1.03025
81	172	1.02449
81	179	1.01295
82	14	1.01411
82	26	0.894086
82	36	0.951075
82	106	1.08044
82	113	1.01451
82	127	1.05513
82	139	1.00031
82	140	0.99398
82	142	0.986659
82	154	0.958005
82	157	1.02581
82	164	0.982599
82	165	1.00512
82	171	0.972805
82	173	0.984469
82	174	0.988
82	176	1.09178
82	177	0.999277
82	179	1.00003
82	180	0.994967
83	89	0.944416
83	126	0.960171
83	135	0.983109
83	138	0.951277
83	141	1.06479
83	148	0.99522
83	149	1.02664
83	151	1.02222
83	153	1.03028
83	154	1.02331
83	155	1.00095
83	157	1.00361
83	158	1.03712
83	160	1.02361
83	162	0.994529
83	163	0.987558
83	173	0.997918
83	175	0.995347
83	177	0.98031
83	179	0.986124
84	13	1.24094
84	23	0.948508
84	38	1.04033
84	39	1.05167
84	49	0.986107
84	55	1.04886
84	63	0.904775
84	85	0.972488
84	87	1.03925
84	94	0.913486
84	97	0.99227
84	106	1.10412
84	113	1.02178
84	165	0.948651
84	169	1.00271
84	171	0.984976
84	172	0.97922
84	176	1.08047
84	177	0.961865
84	178	0.784255
85	6	0.991258
85	38	1.03465
85	39	1.046
85	40	1.06441
85	46	0.977464
85	55	1.04319
85	63	0.899098
85	75	1.01785
85	84	0.972488
85	87	1.03358
85	94	0.90781
85	113	1.01611
85	134	0.963187
85	147	1.07288
85	152	0.918549
85	156	1.06172
85	166	0.986096
85	171	0.963736
85	173	0.958233
85	176	1.07479
86	11	1.01041
86	74	1.0258
86	75	1.03307
86	93	0.997156
86	101	1.01308
86	110	1.06889
86	139	0.973853
86	145	1.03198
86	146	1.09626
86	156	1.11394
86	159	0.986577
86	166	0.947369
86	167	1.00401
86	169	0.951579
86	171	0.946345
86	172	0.958668
86	173	0.958009
86	174	0.96154
86	177	0.972818
86	179	0.973571
86	180	0.968507
87	6	1.05802
87	23	1.0096
87	29	1.11794
87	38	1.10142
87	44	0.932456
87	55	1.10995
87	58	0.79978
87	63	0.965864
87	84	1.03925
87	85	1.03358
87	94	0.974575
87	97	1.05336
87	113	1.08287
87	134	1.02995
87	139	0.985288
87	143	0.91363
87	167	0.916771
87	173	0.98808
87	176	1.14156
87	178	0.792862
87	180	0.961926
88	10	1.12182
88	15	0.933097
88	18	1.0625
88	27	1.13641
88	34	0.965499
88	38	0.938722
88	44	1.0831
88	48	1.01302
88	64	1.05144
88	71	0.911772
88	72	1.00166
88	73	1.06166
88	74	1.06166
88	120	0.924601
88	140	0.92935
88	143	0.864434
88	168	0.907728
88	172	0.938632
88	173	0.938884
88	174	0.954968
88	178	1.20939
89	4	1.0818
89	25	1.06294
89	61	1.13575
89	83	0.944416
89	128	0.947654
89	133	0.977445
89	138	0.917929
89	144	1.10303
89	148	0.961872
89	149	0.99329
89	150	0.96893
89	151	0.98887
89	153	0.996934
89	154	0.989966
89	155	0.967606
89	157	0.970266
89	160	0.990266
89	173	1.07513
89	174	1.09121
89	175	0.962
89	178	0.879913
90	39	0.901559
90	99	1.02151
90	101	0.875793
90	103	0.92345
90	120	1.05327
90	135	0.989507
90	143	1.07946
90	150	0.956044
90	152	1.06883
90	153	0.911582
90	154	0.875367
90	165	1.05646
90	168	1.05793
90	171	1.02414
90	172	1.03647
90	173	1.03581
90	174	1.03934
90	175	0.933506
90	177	1.05062
90	179	1.05137
90	180	1.04631
91	2	1.02367
91	19	0.867287
91	21	0.954341
91	32	0.966791
91	78	1.02667
91	81	0.988111
91	106	0.928921
91	119	0.995044
91	122	1.06522
91	123	0.969014
91	124	1.07728
91	130	0.985898
91	141	0.986401
91	143	1.01478
91	146	0.985389
91	156	0.969487
91	163	1.07887
91	166	1.11709
91	170	0.976645
91	171	1.09473
91	176	0.938798
92	30	0.996746
92	42	0.916641
92	70	0.993982
92	77	0.968596
92	102	0.985331
92	103	1.05867
92	115	1.06467
92	116	1.00331
92	118	1.04014
92	125	0.98727
92	127	1.02166
92	131	0.970655
92	137	0.960599
92	143	0.917994
92	145	1.03776
92	147	1.01969
92	158	1.03165
92	167	1.05523
92	174	1.00853
92	175	1.03162
92	177	0.974836
92	180	0.966291
93	8	0.927994
93	37	0.907449
93	49	0.998567
93	66	1.01378
93	69	1.00445
93	77	1.04995
93	86	0.997156
93	133	1.06427
93	148	0.972047
93	155	0.967643
93	162	1.01756
93	163	1.01904
93	165	1.02795
93	166	0.996655
93	169	1.00086
93	171	0.99563
93	173	1.00729
93	174	1.01083
93	175	0.954511
93	177	1.0221
93	179	1.02286
93	180	1.01779
94	6	0.932256
94	26	1.05935
94	38	0.97565
94	39	0.986993
94	49	0.921429
94	55	0.984185
94	63	0.840097
94	75	0.95885
94	84	0.913486
94	85	0.90781
94	87	0.974575
94	97	0.927592
94	113	0.957105
94	134	0.904185
94	137	1.08922
94	161	1.13973
94	167	1.04975
94	171	1.12656
94	172	1.12081
94	173	1.12106
94	176	1.01579
94	177	1.10345
95	5	1.03086
95	9	1.0351
95	11	1.0498
95	19	0.906957
95	29	0.984284
95	48	1.06956
95	51	1.02113
95	52	1.0234
95	62	0.96344
95	65	1.05475
95	78	1.06634
95	107	1.02007
95	117	1.09251
95	119	1.03471
95	139	0.992642
95	156	1.00916
95	159	0.958433
95	165	0.964612
95	167	0.924125
95	172	0.995181
95	174	1.01152
95	178	0.800216
96	69	0.969638
96	110	0.992533
96	122	0.956928
96	135	1.00189
96	138	0.970059
96	145	1.00247
96	148	1.014
96	150	1.02106
96	151	1.041
96	153	1.04906
96	154	1.0421
96	155	1.01974
96	157	1.0224
96	160	1.0424
96	168	0.949788
96	169	1.00418
96	171	0.986447
96	173	0.980944
96	174	0.997028
96	175	1.01413
96	177	0.963337
96	179	0.969151
97	2	0.914616
97	6	1.01104
97	23	0.962614
97	38	1.05443
97	39	1.06578
97	43	1.09874
97	55	1.06297
97	63	0.918881
97	75	1.03763
97	84	0.99227
97	87	1.05336
97	94	0.927592
97	109	0.975065
97	113	1.03589
97	120	0.965896
97	134	0.982969
97	158	1.01938
97	162	0.97679
97	166	1.00804
97	170	1.06404
97	176	1.09457
97	178	0.784961
98	2	0.986064
98	7	0.987916
98	12	1.01915
98	18	1.00474
98	28	0.972372
98	32	0.967335
98	56	0.940844
98	67	1.00101
98	101	1.04719
98	105	1.01383
98	117	0.957907
98	123	0.969558
98	130	0.986442
98	131	1.02984
98	139	1.04884
98	141	0.986946
98	154	1.05383
98	156	0.970031
98	161	0.962649
98	165	1.02081
98	168	1.02047
98	177	1.03402
98	180	1.02547
99	12	1.01799
99	17	1.00312
99	21	0.953722
99	32	0.966171
99	44	1.02466
99	66	1.01062
99	90	1.02151
99	101	1.04602
99	105	1.01266
99	114	0.948598
99	117	0.956743
99	123	0.968394
99	124	1.06834
99	130	0.985278
99	131	1.0585
99	133	0.982602
99	139	1.0775
99	141	0.985782
99	156	0.968867
99	159	1.04329
99	168	1.04913
99	170	0.976026
99	178	0.88507
100	27	0.787994
100	39	0.889353
100	45	0.949054
100	68	0.988967
100	77	1.01404
100	78	0.901308
100	110	0.919398
100	119	0.953757
100	125	1.03271
100	127	1.0671
100	145	1.0832
100	147	1.06513
100	151	0.937317
100	152	1.08769
100	160	0.921113
100	170	0.944816
100	172	1.05533
100	173	1.05467
100	174	1.0582
100	175	1.07706
100	177	1.06948
100	179	1.07023
100	180	1.06517
101	17	1.09159
101	48	1.0087
101	67	1.08832
101	79	0.924147
101	86	1.01308
101	90	0.875793
101	98	1.04719
101	99	1.04602
101	105	1.10113
101	106	1.01677
101	114	1.03707
101	117	1.04521
101	123	1.05686
101	130	1.07375
101	141	1.07425
101	156	1.05734
101	162	0.931182
101	164	0.945919
101	165	0.903749
101	169	0.957805
101	170	1.06449
101	178	0.739353
101	180	0.908418
102	30	0.931769
102	47	0.97368
102	52	0.964507
102	75	0.994623
102	77	0.903619
102	92	0.985331
102	103	0.993695
102	116	0.938338
102	118	0.97516
102	125	0.922293
102	127	0.956683
102	136	1.02113
102	137	1.07036
102	142	1.08481
102	145	0.97278
102	146	0.966169
102	147	0.954711
102	152	1.06252
102	159	1.0652
102	164	1.11355
102	169	1.12543
102	174	1.11828
102	175	0.966642
102	176	0.951767
103	4	1.06713
103	30	1.00511
103	41	1.0809
103	46	1.00146
103	53	1.024
103	70	1.00235
103	77	0.976959
103	80	1.01786
103	90	0.92345
103	92	1.05867
103	102	0.993695
103	108	1.06028
103	116	1.01168
103	126	0.944481
103	127	1.03002
103	139	0.979436
103	147	1.02805
103	162	0.978839
103	167	1.06359
103	174	0.998312
103	175	1.03998
103	177	0.96462
103	178	0.787011
103	179	0.970435
104	9	0.96986
104	31	1.0196
104	50	0.990163
104	81	0.960704
104	105	1.06927
104	106	0.984913
104	107	0.947588
104	123	1.02501
104	129	1.03871
104	130	1.04189
104	135	0.984247
104	137	1.0221
104	141	1.04239
104	151	0.944262
104	153	0.906321
104	155	0.941377
104	160	0.928058
104	169	1.01303
104	170	1.03264
104	171	1.0078
104	174	1.02299
104	177	1.03427
104	179	1.03502
104	180	1.02996
105	21	1.00883
105	32	1.02128
105	43	1.08415
105	56	0.994787
105	66	1.06573
105	98	1.01383
105	99	1.01266
105	101	1.10113
105	104	1.06927
105	106	0.983409
105	109	0.960475
105	114	1.0037
105	121	0.948338
105	123	1.0235
105	130	1.04039
105	137	1.0206
105	141	1.04089
105	144	0.993485
105	151	1.04195
105	159	0.928588
105	162	0.9622
105	163	0.95523
105	172	0.965336
105	178	0.770371
106	12	0.988735
106	18	0.97432
106	28	0.941954
106	32	0.936917
106	40	1.16276
106	43	1.17515
106	61	1.11721
106	66	0.981366
106	67	0.970594
106	82	1.08044
106	84	1.10412
106	91	0.928921
106	101	1.01677
106	104	0.984913
106	105	0.983409
106	111	1.0002
106	117	0.927489
106	132	1.06005
106	137	0.936238
106	141	0.956528
106	156	0.939613
106	161	0.932232
106	178	0.861367
106	179	1.04479
107	5	1.0128
107	9	1.01704
107	11	1.03174
107	19	0.888897
107	29	0.966224
107	35	0.932819
107	51	1.00307
107	52	1.00534
107	62	0.94538
107	65	1.03669
107	76	1.0987
107	78	1.04828
107	81	1.00972
107	95	1.02007
107	104	0.947588
107	119	1.01665
107	141	1.0785
107	142	0.994241
107	146	1.007
107	152	0.971942
107	155	1.0851
107	156	0.991097
107	164	1.02297
107	173	1.01163
107	176	0.861193
108	54	0.930064
108	103	1.06028
108	128	0.984212
108	135	0.986319
108	136	0.928926
108	138	0.954487
108	140	1.00046
108	143	0.935542
108	148	0.99843
108	149	1.02985
108	150	1.00549
108	151	1.02543
108	153	1.03349
108	154	1.02652
108	155	1.00416
108	157	1.00682
108	160	1.02682
108	161	1.02866
108	162	1.0066
108	166	1.03785
108	168	0.978835
108	170	0.98934
108	173	1.00999
108	174	1.02608
108	175	0.998557
109	23	1.04347
109	75	0.949443
109	80	1.05015
109	97	0.975065
109	105	0.960475
109	110	0.985268
109	126	1.02238
109	129	0.998176
109	130	1.02182
109	132	0.987322
109	142	0.981121
109	155	1.0003
109	157	0.996831
109	162	0.989194
109	166	0.968292
109	168	1.00106
109	170	1.01069
109	171	0.967267
109	172	0.979591
109	173	0.978931
109	174	0.982463
109	177	0.99374
109	178	1.16655
109	179	0.994493
109	180	0.98943
110	42	0.914579
110	63	1.23165
110	86	1.06889
110	96	0.992533
110	100	0.919398
110	109	0.985268
110	112	1.01776
110	126	0.952634
110	128	0.976988
110	129	0.94191
110	138	0.947263
110	148	0.991207
110	149	1.02262
110	150	0.998265
110	151	1.0182
110	153	1.02627
110	154	1.0193
110	155	0.99694
110	157	0.999601
110	160	1.0196
110	164	1.00173
110	166	1.01824
110	170	0.982117
110	175	0.991334
110	177	0.972774
111	12	0.934552
111	32	1.0113
111	35	1.02028
111	49	0.979956
111	52	0.954379
111	71	1.19455
111	77	1.03134
111	106	1.0002
111	119	0.968357
111	138	0.955526
111	139	0.993048
111	141	0.942428
111	148	0.999469
111	151	1.02647
111	153	1.03453
111	155	1.0052
111	156	0.979041
111	157	1.00786
111	160	1.02786
111	168	0.999329
111	173	0.977205
111	174	0.980736
111	177	0.992013
111	179	0.992766
111	180	0.987703
112	13	1.19709
112	38	0.935457
112	69	0.994861
112	110	1.01776
112	124	0.92367
112	128	1.02501
112	132	0.939082
112	134	1.01267
112	138	0.995281
112	149	1.07064
112	150	1.04628
112	151	1.06622
112	153	1.07429
112	154	1.06732
112	155	1.04496
112	157	1.04762
112	158	0.974824
112	160	1.06762
112	164	0.946967
112	166	0.963482
112	169	0.958853
112	170	1.03013
112	175	1.03935
112	178	0.740401
112	179	0.923826
112	180	0.909466
113	6	1.04055
113	16	0.939463
113	23	0.992128
113	38	1.08395
113	39	1.09529
113	42	0.914847
113	49	1.02973
113	55	1.09248
113	57	0.904028
113	58	0.80235
113	63	0.948394
113	75	1.06715
113	82	1.01451
113	84	1.02178
113	85	1.01611
113	87	1.08287
113	94	0.957105
113	97	1.03589
113	124	0.978701
113	134	1.01248
113	143	0.9162
113	159	0.953649
113	169	1.01388
113	174	1.00673
113	176	1.12409
113	180	0.964497
114	14	1.00393
114	28	0.962251
114	31	0.937599
114	36	1.02186
114	37	1.01409
114	48	0.972424
114	50	0.960531
114	68	0.941758
114	99	0.948598
114	101	1.03707
114	105	1.0037
114	123	0.959437
114	124	1.04041
114	141	0.976824
114	143	0.977906
114	144	0.940329
114	148	1.13023
114	161	0.952528
114	162	1.04897
114	164	1.0637
114	170	0.967068
114	171	1.05786
114	175	1.1127
114	176	0.901923
114	177	1.03475
114	179	1.04056
115	26	0.942451
115	38	1.004
115	57	1.03039
115	72	1.09891
115	74	1.01951
115	78	1.04452
115	92	1.06467
115	120	0.962857
115	124	0.941246
115	139	0.961238
115	140	0.954906
115	149	1.06916
115	151	1.08053
115	154	1.00637
115	159	0.973963
115	165	0.966048
115	167	0.991393
115	168	0.967519
115	172	0.946054
115	173	0.945395
115	174	0.948926
115	175	1.06451
115	177	0.960203
115	178	1.13301
115	179	0.960956
115	180	0.955893
116	1	0.873246
116	26	1.08627
116	47	0.991664
116	70	0.946988
116	76	1.12712
116	77	0.921602
116	80	0.9625
116	92	1.00331
116	102	0.938338
116	103	1.01168
116	118	0.993143
116	125	0.940277
116	126	1.00231
116	127	0.974666
116	139	1.03726
116	142	1.02267
116	145	0.990763
116	147	0.972694
116	159	1.00305
116	161	1.05872
116	166	1.06792
116	167	1.00823
116	172	1.0398
116	173	1.04005
116	175	0.984626
116	180	1.0139
117	8	1.01493
117	41	1.02535
117	77	0.921407
117	95	1.09251
117	98	0.957907
117	99	0.956743
117	101	1.04521
117	106	0.927489
117	125	0.940081
117	127	0.974471
117	141	0.984969
117	142	1.01163
117	145	0.990568
117	147	0.972499
117	153	1.06744
117	156	0.968055
117	161	0.960673
117	162	1.02563
117	163	1.01866
117	164	1.04037
117	166	1.05688
117	170	0.975213
117	171	1.03452
117	174	1.0451
117	175	0.98443
117	179	1.01722
118	1	0.910069
118	2	0.9254
118	41	1.06237
118	43	1.10953
118	47	1.02849
118	60	1.08178
118	68	1.11897
118	75	1.04943
118	77	0.958425
118	80	0.999322
118	92	1.04014
118	102	0.97516
118	116	0.993143
118	121	0.973712
118	125	0.977099
118	132	0.994426
118	136	0.909897
118	142	0.973577
118	145	1.02759
118	146	1.02097
118	147	1.00952
118	161	1.00963
118	167	1.04505
118	168	0.959807
118	171	0.996466
118	175	1.02145
118	176	0.84053
119	5	1.02743
119	9	1.03168
119	11	1.04638
119	19	0.903537
119	29	0.980863
119	44	0.969116
119	51	1.01771
119	52	1.01998
119	62	0.96002
119	65	1.05133
119	78	1.06292
119	81	1.02436
119	91	0.995044
119	95	1.03471
119	100	0.953757
119	107	1.01665
119	111	0.968357
119	137	0.992895
119	146	1.02164
119	152	0.985056
119	156	1.00574
119	161	1.0434
119	162	1.02135
119	172	1.02449
119	173	1.02474
119	178	0.829522
119	180	0.998587
120	23	1.0343
120	35	1.02868
120	49	1.02206
120	66	1.03727
120	88	0.924601
120	90	1.05327
120	97	0.965896
120	115	0.962857
120	123	0.992425
120	142	0.987799
120	145	0.939184
120	150	1.00054
120	154	0.919862
120	158	0.969343
120	159	1.01418
120	160	0.977813
120	162	0.995872
120	164	0.98374
120	166	0.97497
120	169	0.97918
120	172	0.986269
120	175	0.978
120	176	1.09292
120	177	1.00042
120	178	1.17323
120	179	1.00117
120	180	0.996108
121	42	1.06081
121	70	1.00797
121	80	1.03801
121	105	0.948338
121	118	0.973712
121	126	1.03275
121	127	1.01402
121	145	0.936217
121	150	0.997571
121	152	1.02233
121	154	0.916894
121	157	0.984694
121	158	0.973038
121	162	0.999567
121	164	0.987435
121	165	1.00996
121	166	0.978665
121	170	0.998549
121	171	0.977641
121	172	0.989964
121	173	0.989305
121	174	0.992836
121	175	0.975033
121	177	1.00411
121	178	1.17692
121	179	1.00487
121	180	0.999803
122	26	0.846209
122	31	0.978317
122	36	1.06258
122	37	1.0548
122	48	1.01314
122	49	1.00756
122	50	1.00125
122	54	1.08076
122	64	0.97915
122	75	0.930541
122	81	1.00073
122	91	1.06522
122	96	0.956928
122	126	1.03806
122	128	1.04194
122	136	1.05674
122	144	0.981047
122	150	0.990805
122	154	0.910129
122	166	0.983971
122	168	1.01674
122	170	0.991783
122	171	0.982947
122	174	0.998143
122	177	1.00942
122	179	1.01017
122	180	1.00511
123	28	0.982047
123	32	0.97701
123	43	1.12527
123	56	0.950519
123	57	0.920086
123	67	1.01069
123	91	0.969014
123	98	0.969558
123	99	0.968394
123	101	1.05686
123	104	1.02501
123	105	1.0235
123	114	0.959437
123	120	0.992425
123	127	1.10604
123	130	0.996117
123	137	0.976331
123	141	0.996621
123	156	0.979706
123	158	1.04591
123	161	0.972325
123	168	0.975552
123	169	1.02994
123	170	0.986865
123	173	1.00671
123	174	1.02279
123	177	0.989101
123	179	0.994915
124	68	1.048
124	79	0.986462
124	91	1.07728
124	99	1.06834
124	112	0.92367
124	113	0.978701
124	114	1.04041
124	115	0.941246
124	126	1.00744
124	128	1.05401
124	135	1.03634
124	139	0.979842
124	143	1.00765
124	145	0.941518
124	147	1.03464
124	152	0.997024
124	157	0.989996
124	158	0.947732
124	159	0.992567
124	162	0.974261
124	163	0.975746
124	165	0.984652
124	166	0.953359
124	174	0.96753
124	177	0.978807
124	178	1.15161
124	179	0.97956
124	180	0.974497
125	26	1.07022
125	47	0.975619
125	53	0.952598
125	70	0.930944
125	77	0.905558
125	80	0.946455
125	92	0.98727
125	100	1.03271
125	102	0.922293
125	116	0.940277
125	117	0.940081
125	118	0.977099
125	127	0.958622
125	130	1.17815
125	142	1.06576
125	145	0.974719
125	146	0.968108
125	147	0.95665
125	163	1.07279
125	165	1.05233
125	167	0.992188
125	169	1.10638
125	171	1.08865
125	174	1.09923
125	175	0.968581
125	176	0.932716
125	178	0.887932
125	179	1.07136
125	180	1.057
126	4	0.900865
126	47	0.928288
126	83	0.960171
126	103	0.944481
126	109	1.02238
126	110	0.952634
126	116	1.00231
126	121	1.03275
126	122	1.03806
126	124	1.00744
126	127	0.993523
126	138	1.03561
126	142	1.01378
126	145	0.91572
126	147	1.00884
126	148	0.972072
126	158	0.995326
126	163	1.02334
126	164	1.00972
126	168	1.03372
126	169	1.00516
126	170	0.978052
126	171	0.999928
126	172	1.01225
126	173	1.01159
126	176	1.1189
126	177	1.0264
126	179	1.02715
126	180	1.02209
127	1	0.891591
127	8	1.03347
127	11	1.03123
127	35	0.952462
127	41	1.04389
127	53	0.986988
127	60	1.0633
127	70	0.965334
127	76	1.11834
127	82	1.05513
127	92	1.02166
127	100	1.0671
127	102	0.956683
127	103	1.03002
127	116	0.974666
127	117	0.974471
127	121	1.01402
127	123	1.10604
127	125	0.958622
127	126	0.993523
127	137	0.999425
127	145	1.00911
127	146	1.0025
127	147	0.991039
127	165	1.00045
127	167	1.02658
127	175	1.00297
127	176	0.880836
127	178	0.836052
127	179	1.01948
128	7	1.00224
128	45	0.980062
128	57	0.979332
128	58	0.877655
128	73	1.034
128	89	0.947654
128	108	0.984212
128	110	0.976988
128	112	1.02501
128	122	1.04194
128	124	1.05401
128	135	0.986346
128	137	1.03411
128	138	0.954514
128	148	0.998457
128	149	1.02987
128	150	1.00552
128	151	1.02546
128	153	1.03352
128	154	1.02655
128	155	1.00419
128	157	1.00685
128	160	1.02685
128	161	1.08462
128	170	0.989367
128	173	1.06596
128	175	0.998585
128	176	0.915522
128	177	1.04835
128	178	0.870737
129	11	0.883427
129	28	1.06221
129	34	1.08812
129	40	0.939256
129	62	1.04749
129	65	0.956598
129	104	1.03871
129	109	0.998176
129	110	0.94191
129	130	0.978466
129	131	1.01494
129	138	1.02489
129	141	0.950339
129	151	0.959829
129	152	1.02042
129	156	0.986953
129	158	0.971125
129	160	0.943624
129	162	0.997654
129	163	0.999139
129	164	0.985522
129	165	1.00805
129	168	1.00952
129	169	0.980962
129	170	0.967327
129	171	0.975728
129	172	0.988051
129	176	1.0947
129	177	1.0022
129	178	1.17501
129	179	1.00295
129	180	0.99789
130	12	1.04571
130	17	1.03085
130	18	1.0313
130	21	0.981445
130	28	0.998931
130	56	0.967403
130	66	1.03834
130	91	0.985898
130	98	0.986442
130	99	0.985278
130	101	1.07375
130	104	1.04189
130	105	1.04039
130	109	1.02182
130	123	0.996117
130	125	1.17815
130	129	0.978466
130	133	0.929253
130	136	0.945872
130	137	0.993215
130	141	1.0135
130	156	0.99659
130	159	0.989937
130	161	0.989208
130	164	1.03829
130	167	0.95563
130	170	1.00375
130	172	1.02669
130	173	1.02694
130	176	0.876505
130	178	0.83172
130	179	1.01514
131	5	0.950175
131	6	0.936031
131	13	0.919279
131	38	0.90999
131	50	1.03241
131	64	0.981377
131	65	0.983281
131	92	0.970655
131	98	1.02984
131	99	1.0585
131	129	1.01494
131	141	0.977022
131	142	0.997888
131	143	1.03935
131	146	0.995962
131	149	0.975149
131	158	0.979432
131	162	1.00596
131	163	1.00745
131	164	0.993829
131	165	1.01635
131	166	0.985059
131	167	1.0417
131	168	1.01782
131	169	0.989269
131	170	0.99401
131	171	0.984034
131	172	0.996358
131	177	1.01051
131	178	1.18331
131	179	1.01126
131	180	1.0062
132	14	0.993713
132	24	1.04296
132	43	0.931454
132	59	1.08849
132	106	1.06005
132	109	0.987322
132	112	0.939082
132	118	0.994426
132	142	0.978727
132	143	1.02019
132	144	0.962973
132	146	1.02121
132	147	1.05005
132	149	1.0004
132	150	1.01828
132	151	1.01176
132	152	1.00956
132	153	0.973823
132	158	0.960271
132	159	1.00511
132	161	0.975172
132	162	0.9868
132	163	0.988285
132	167	1.02254
132	168	0.998662
132	171	0.964873
132	172	0.977197
132	173	0.976537
132	175	0.995746
132	176	1.08385
132	177	0.991346
132	179	0.992099
132	180	0.987036
133	1	1.18628
133	3	0.885977
133	8	0.868081
133	23	0.950895
133	31	0.985952
133	66	0.953871
133	74	0.849599
133	75	0.856872
133	76	0.994937
133	79	1.04759
133	89	0.977445
133	93	1.06427
133	99	0.982602
133	130	0.929253
133	138	0.975672
133	139	1.04097
133	149	0.899253
133	158	1.00886
133	159	1.05369
133	160	0.894411
133	163	1.03687
133	164	1.02326
133	165	1.04578
133	166	1.01449
133	168	1.04725
133	171	1.01346
133	172	1.02579
133	173	1.02513
133	174	1.02866
133	177	1.03994
133	178	1.21274
133	179	1.04069
133	180	1.03563
134	7	0.965488
134	23	0.939207
134	46	1.04843
134	55	1.03956
134	59	0.918971
134	63	0.895474
134	75	1.01423
134	76	1.11627
134	79	1.01878
134	85	0.963187
134	87	1.02995
134	94	0.904185
134	97	0.982969
134	112	1.01267
134	113	1.01248
134	149	1.01754
134	150	0.993177
134	151	1.01312
134	154	1.01421
134	155	0.991852
134	157	0.994513
134	158	1.0684
134	160	1.01451
134	161	1.04786
134	162	1.02581
134	164	1.04055
134	166	1.05706
134	167	0.957891
134	170	0.977029
134	173	1.0292
134	176	1.07117
134	178	0.833982
134	180	1.00305
135	20	0.872387
135	33	0.906551
135	45	0.98217
135	58	0.859985
135	69	0.956201
135	83	0.983109
135	90	0.989507
135	96	1.00189
135	104	0.984247
135	108	0.986319
135	124	1.03634
135	128	0.986346
135	138	0.956622
135	142	1.0309
135	148	1.00057
135	149	1.03198
135	150	1.00762
135	151	1.02756
135	153	1.03563
135	154	1.02866
135	155	1.0063
135	157	1.00896
135	158	1.08749
135	160	1.02896
135	163	1.03793
135	164	1.05963
135	167	0.976977
135	168	1.01713
135	170	0.991475
135	171	1.05379
135	173	1.04829
135	175	1.00069
135	177	1.03068
136	14	1.08032
136	22	0.981295
136	26	0.78916
136	31	1.01399
136	36	1.09825
136	37	1.09047
136	48	1.04881
136	50	1.03692
136	54	1.02371
136	68	1.01814
136	80	0.974199
136	102	1.02113
136	108	0.928926
136	118	0.909897
136	122	1.05674
136	130	0.945872
136	144	1.01672
136	147	0.965521
136	148	0.928753
136	150	0.933756
136	155	0.924349
136	156	0.954358
136	163	1.04203
136	164	1.02841
136	169	1.02385
136	171	1.01862
136	172	1.03094
136	173	1.03028
136	174	1.03381
136	175	0.911218
136	177	1.04509
136	179	1.04584
136	180	1.04078
137	25	0.970812
137	56	0.947617
