1	8	1.45945
1	23	0.900045
1	96	1.11135
1	118	1.07498
1	121	1.02117
1	127	0.90548
1	155	0.898016
1	168	0.89387
1	171	0.883161
1	175	0.911065
1	178	0.905943
1	180	0.906421
2	100	1.15872
2	128	1.21659
2	137	1.18496
2	142	1.12256
2	153	0.890676
2	161	0.880436
2	171	0.88979
2	173	0.909744
2	175	0.917695
2	176	0.889348
2	178	0.912572
2	180	0.91305
3	96	1.5894
3	130	1.53222
3	133	1.5824
3	170	0.808799
3	171	0.789173
3	172	0.783946
3	173	0.809127
3	174	0.784057
3	175	0.817078
3	176	0.788732
3	178	0.811955
3	180	0.812433
4	30	0.888462
4	122	0.887473
4	124	1.30924
4	127	0.911545
4	134	0.913631
4	149	0.903968
4	150	1.21006
4	163	0.907583
4	165	0.885201
4	167	1.19397
4	168	0.899935
4	177	1.21726
5	7	0.836808
5	23	0.904976
5	44	0.916115
5	75	0.920702
5	97	0.885216
5	108	0.925629
5	127	0.91041
5	140	1.21034
5	168	0.8988
5	174	1.3104
5	175	1.21829
5	178	1.18857
6	51	0.797012
6	65	1.50126
6	83	0.793482
6	87	1.635
6	94	0.798095
6	96	0.777507
6	98	0.836938
6	105	0.778246
6	109	0.770306
6	116	0.801868
6	177	1.75885
6	179	0.85272
7	5	0.836808
7	24	0.810743
7	44	0.805955
7	81	0.788667
7	97	0.775057
7	108	0.815469
7	122	0.776178
7	127	0.80025
7	164	1.72521
7	168	0.788641
7	169	1.56898
7	180	1.60426
8	1	1.45945
8	119	0.805426
8	133	0.793062
8	134	0.812209
8	149	0.802545
8	150	1.73615
8	158	0.80382
8	159	0.801846
8	162	0.789562
8	163	0.806161
8	165	0.783779
8	180	1.67202
9	11	0.852084
9	16	1.06811
9	53	0.854581
9	90	0.873035
9	105	0.905097
9	113	0.900208
9	118	0.910264
9	135	1.36339
9	148	0.925583
9	166	1.26676
9	173	1.23545
9	179	0.979571
10	37	1.57411
10	40	0.796261
10	108	1.51093
10	141	0.823788
10	151	1.61063
10	171	0.790906
10	172	0.785678
10	174	0.78579
10	176	0.790464
10	177	0.802035
10	178	0.813687
10	180	0.814166
11	9	0.852084
11	14	0.850307
11	33	0.78003
11	36	0.781596
11	53	0.731165
11	55	0.876498
11	66	0.767562
11	72	1.71036
11	103	1.64471
11	113	0.776791
11	118	0.786847
11	166	1.54848
12	22	2.35149
12	29	0.72727
12	54	2.38589
12	111	0.677246
12	112	0.712225
12	170	0.728251
12	173	0.72858
12	175	0.73653
12	176	0.708184
12	177	0.719755
12	178	0.731407
12	180	0.731886
13	33	1.2893
13	39	1.16453
13	100	1.08841
13	128	1.14627
13	161	0.884278
13	167	0.912922
13	171	0.893632
13	172	0.888404
13	173	0.913586
13	174	0.888516
13	177	0.904761
13	180	0.916892
14	11	0.850307
14	33	0.901669
14	36	0.903235
14	53	0.852804
14	55	0.998137
14	66	0.8892
14	74	1.39718
14	113	0.89843
14	118	0.908486
14	136	1.15305
14	164	1.21728
14	175	1.16063
15	52	0.917303
15	76	1.1139
15	125	1.52136
15	126	0.881293
15	129	0.870629
15	136	0.911494
15	137	0.901327
15	142	0.911648
15	143	0.902872
15	144	0.902865
15	166	1.18429
15	180	1.11587
16	9	1.06811
16	64	1.23702
16	79	1.17173
16	89	1.22402
16	153	0.891052
16	164	0.895769
16	166	0.904704
16	172	0.884938
16	173	0.91012
16	176	0.889724
16	178	0.912948
16	180	0.913426
17	45	0.871009
17	81	0.864285
17	89	0.841453
17	108	0.891087
17	120	1.34889
17	122	0.851796
17	127	0.875868
17	147	0.872339
17	155	0.868404
17	157	1.34775
17	168	0.864258
17	178	1.33311
17	180	1.29852
18	60	1.27621
18	81	1.27436
18	142	1.25748
18	144	1.27503
18	157	0.862317
18	170	0.87576
18	172	0.850907
18	174	0.851018
18	175	0.884039
18	176	0.855693
18	177	0.867264
18	178	0.878916
18	180	0.879394
19	74	1.46621
19	123	0.886502
19	139	1.18306
19	146	0.861635
19	149	0.871156
19	156	0.859992
19	159	0.870457
19	160	0.862508
19	161	1.3514
19	162	0.858172
19	163	0.874772
19	165	0.85239
19	172	1.33135
20	62	0.864122
20	85	0.864557
20	92	1.42095
20	104	1.28865
20	119	0.870319
20	128	0.868451
20	138	1.29519
20	145	0.891374
20	159	0.86674
20	162	0.854455
20	163	0.871054
20	165	0.848672
20	170	1.31932
21	72	1.40133
21	88	0.913066
21	92	0.845521
21	121	0.894496
21	126	0.8434
21	129	0.832735
21	130	0.870473
21	142	0.873755
21	143	0.864979
21	144	0.864972
21	161	1.35706
21	168	1.26419
21	171	1.30645
22	12	2.35149
22	33	0.843783
22	36	0.845349
22	53	0.794918
22	55	0.940251
22	98	0.904125
22	101	0.924769
22	109	0.837493
22	116	0.869055
22	118	0.8506
22	168	1.02431
22	175	0.995445
22	179	0.919907
23	1	0.900045
23	5	0.904976
23	33	0.847188
23	47	0.872581
23	53	0.798323
23	55	0.943656
23	89	0.834003
23	113	0.843949
23	150	1.38073
23	168	0.856809
23	175	1.3809
23	177	1.38794
23	179	1.17966
24	7	0.810743
24	44	0.89005
24	47	0.888508
24	86	0.851714
24	89	0.84993
24	97	0.859152
24	104	1.32711
24	108	0.899564
24	136	1.34855
24	155	0.876882
24	168	0.872736
24	175	1.35613
24	180	1.29183
25	63	1.32127
25	119	1.25764
25	124	0.847413
25	134	1.2804
25	149	1.21149
25	166	0.867423
25	170	0.87251
25	173	0.872839
25	174	0.847769
25	175	0.880789
25	177	0.864014
25	178	0.875666
25	180	0.876145
26	97	1.31066
26	101	0.897749
26	134	1.28395
26	151	1.2361
26	154	0.826708
26	159	1.23904
26	167	0.874924
26	169	0.883481
26	171	0.855634
26	172	0.850406
26	176	0.855192
26	178	0.878416
26	180	0.878894
27	115	0.884469
27	121	0.898976
27	124	1.4058
27	126	0.84788
27	129	0.837216
27	135	0.849708
27	137	0.867914
27	142	0.878235
27	143	0.869459
27	144	0.869452
27	158	1.30613
27	168	1.33565
27	173	1.2796
28	66	1.67756
28	122	1.72472
28	149	1.69904
28	154	0.742466
28	164	0.776994
28	170	0.791017
28	172	0.766164
28	173	0.791346
28	174	0.766275
28	175	0.799296
28	177	0.782521
28	178	0.794173
28	180	0.794652
29	12	0.72727
29	54	1.15491
29	102	1.38591
29	125	0.805785
29	142	1.45088
29	154	0.818933
29	160	1.47832
29	169	0.875706
29	171	0.847859
29	173	0.867813
29	174	0.842743
29	175	0.875763
29	178	0.870641
29	180	0.871119
30	4	0.888462
30	45	0.845912
30	78	0.846552
30	81	0.839187
30	86	0.818139
30	91	0.807987
30	95	0.839995
30	97	0.825576
30	127	0.85077
30	135	1.48295
30	154	1.57917
30	155	0.843307
30	173	1.35501
30	180	1.3179
31	88	1.26198
31	122	1.40072
31	143	1.41242
31	151	1.39609
31	153	0.834705
31	154	0.804894
31	167	0.85311
31	171	0.833819
31	172	0.828592
31	174	0.828703
31	175	0.861724
31	177	0.844949
31	178	0.856601
31	180	0.857079
32	49	0.84352
32	82	0.830793
32	90	0.792536
32	92	1.46856
32	94	0.844447
32	96	0.82386
32	98	0.88329
32	105	0.824599
32	109	0.816658
32	116	0.84822
32	172	1.46697
32	174	1.4574
32	178	1.33558
32	179	0.899072
33	11	0.78003
33	13	1.2893
33	14	0.901669
33	22	0.843783
33	23	0.847188
33	36	0.832959
33	53	0.782527
33	55	0.927861
33	66	0.818924
33	101	1.49219
33	113	0.828154
33	118	0.83821
33	140	1.55492
33	179	1.36163
34	99	0.839496
34	114	0.856878
34	146	0.83467
34	149	0.844191
34	150	1.48145
34	155	0.844304
34	156	0.833027
34	159	0.843492
34	162	0.831207
34	163	0.847806
34	165	0.825424
34	169	1.38204
34	178	1.45191
34	180	1.41732
35	36	0.83345
35	53	0.783018
35	55	0.928352
35	78	0.848896
35	89	0.818699
35	113	0.828645
35	118	0.838701
35	122	0.829042
35	131	1.37217
35	147	0.849585
35	154	1.62062
35	168	0.841504
35	174	1.51577
35	179	1.22242
36	11	0.781596
36	14	0.903235
36	22	0.845349
36	33	0.832959
36	35	0.83345
36	53	0.784093
36	55	0.929426
36	59	1.46825
36	66	0.82049
36	112	1.52752
36	113	0.82972
36	118	0.839775
36	175	1.46825
36	179	1.26701
37	10	1.57411
37	43	0.815352
37	72	1.46204
37	115	0.860542
37	126	0.823953
37	129	0.813289
37	130	0.851026
37	137	0.843987
37	142	0.854308
37	143	0.845532
37	144	0.845525
37	151	0.851074
37	172	1.39772
37	178	1.26633
38	82	0.861968
38	90	0.823711
38	94	0.875621
38	96	0.855034
38	105	0.855773
38	109	0.847833
38	116	0.879395
38	141	1.32296
38	148	0.876259
38	170	1.35502
38	177	1.36041
38	179	0.930247
38	180	1.28907
39	13	1.16453
39	111	1.65313
39	115	0.854187
39	121	0.868694
39	126	0.817598
39	129	0.806933
39	130	0.844671
39	136	0.847798
39	137	0.837632
39	142	0.847952
39	143	0.839177
39	144	0.83917
39	168	1.46697
39	178	1.40839
40	10	0.796261
40	41	1.047
40	62	1.45005
40	81	1.45939
40	89	1.53524
40	153	0.835456
40	154	0.805645
40	167	0.853861
40	169	0.862417
40	173	0.854525
40	176	0.834129
40	177	0.8457
40	178	0.857352
40	180	0.857831
41	40	1.047
41	45	1.01004
41	67	1.09002
41	81	1.00332
41	86	0.982267
41	89	0.980483
41	95	1.00412
41	97	0.989705
41	108	1.03012
41	120	0.916379
41	122	0.990827
41	125	1.2715
41	127	1.0149
41	136	0.922734
41	141	0.899899
42	50	0.923696
42	54	0.916385
42	104	1.19904
42	112	1.28734
42	121	0.925657
42	126	0.87456
42	129	0.863896
42	130	0.901634
42	139	1.18146
42	142	0.904915
42	143	0.89614
42	144	0.896133
42	151	0.901681
42	158	1.22741
42	168	1.25693
43	37	0.815352
43	50	0.844832
43	88	0.865363
43	92	0.797818
43	126	0.795697
43	129	0.785032
43	130	0.82277
43	137	0.815731
43	142	0.826052
43	143	0.817276
43	144	0.817269
43	152	1.5524
43	169	1.49145
43	173	1.56384
43	180	1.52673
44	5	0.916115
44	7	0.805955
44	24	0.89005
44	45	0.874699
44	47	0.88372
44	75	0.88985
44	79	0.873876
44	81	0.867975
44	93	1.37268
44	95	0.868783
44	122	0.855486
44	127	0.879558
44	136	1.28706
44	152	1.25601
44	158	1.29398
44	164	1.35129
45	17	0.871009
45	30	0.845912
45	41	1.01004
45	44	0.874699
45	78	0.864776
45	81	0.857412
45	86	0.836363
45	122	0.844922
45	127	0.868995
45	140	1.28574
45	147	0.865465
45	148	1.24206
45	152	1.25506
45	155	0.861531
45	161	1.41542
45	171	1.36482
46	49	0.875703
46	82	0.862976
46	90	0.824719
46	94	0.876629
46	96	0.856042
46	98	0.915473
46	105	0.856781
46	109	0.848841
46	116	0.880403
46	147	1.30574
46	148	0.877267
46	169	1.23032
46	172	1.43159
46	175	1.3299
46	179	0.931255
46	180	1.2656
47	23	0.872581
47	24	0.888508
47	44	0.88372
47	60	0.87019
47	103	1.42175
47	108	0.893234
47	110	0.850534
47	122	0.853943
47	127	0.878015
47	140	1.31345
47	147	0.874486
47	152	1.28276
47	155	0.870552
47	168	0.866406
47	173	1.29421
47	180	1.2571
48	62	0.874463
48	87	1.24279
48	114	0.890468
48	131	1.30812
48	133	0.868297
48	135	1.46035
48	146	0.868259
48	156	0.866617
48	158	0.879054
48	159	0.877081
48	160	0.869132
48	162	0.864797
48	163	0.881396
48	165	0.859014
48	169	1.26002
48	180	1.2953
49	32	0.84352
49	46	0.875703
49	51	0.872381
49	83	0.86885
49	96	0.852876
49	98	0.912307
49	104	1.24006
49	105	0.853615
49	109	0.845675
49	113	1.34959
49	116	0.877237
49	132	1.25892
49	148	0.874101
49	171	1.34021
49	172	1.37077
49	179	0.928089
50	42	0.923696
50	43	0.844832
50	54	0.895257
50	56	1.24946
50	107	1.45119
50	112	1.33211
50	126	0.853433
50	129	0.842768
50	130	0.880506
50	135	0.855261
50	137	0.873467
50	142	0.883788
50	143	0.875012
50	144	0.875005
50	167	1.25658
50	175	1.27284
51	6	0.797012
51	49	0.872381
51	82	0.859654
51	94	0.873307
51	98	0.912151
51	105	0.853459
51	106	0.925147
51	109	0.845518
51	116	0.87708
51	118	0.858626
51	135	1.35682
51	152	1.21743
51	164	1.31271
51	172	1.35775
51	176	1.32229
51	179	0.927932
52	15	0.917303
52	64	0.855882
52	69	0.912524
52	103	1.43598
52	115	0.876896
52	121	0.891403
52	129	0.829643
52	130	0.86738
52	137	0.860341
52	142	0.870662
52	143	0.861886
52	144	0.861879
52	157	1.32055
52	168	1.36449
52	173	1.30844
52	179	1.13439
53	9	0.854581
53	11	0.731165
53	14	0.852804
53	22	0.794918
53	23	0.798323
53	33	0.782527
53	35	0.783018
53	36	0.784093
53	55	0.878995
53	66	0.770058
53	113	0.779288
53	118	0.789344
53	139	1.60804
53	167	1.63839
53	173	1.62745
53	175	1.65464
54	12	2.38589
54	29	1.15491
54	42	0.916385
54	50	0.895257
54	115	0.882711
54	129	0.835458
54	130	0.873195
54	135	0.84795
54	137	0.866156
54	142	0.876477
54	143	0.867701
54	144	0.867694
54	151	0.873243
54	175	1.02985
54	176	1.09608
54	179	0.828613
55	11	0.876498
55	14	0.998137
55	22	0.940251
55	23	0.943656
55	33	0.927861
55	35	0.928352
55	36	0.929426
55	53	0.878995
55	65	0.951432
55	66	0.915392
55	101	1.13131
55	113	0.924622
55	118	0.934678
55	161	1.32372
55	170	1.20364
55	173	1.1748
55	177	1.20903
56	50	1.24946
56	79	1.34288
56	154	0.814403
56	156	1.3389
56	157	0.849511
56	160	1.32988
56	162	1.40524
56	166	0.857866
56	171	0.843328
56	172	0.8381
56	173	0.863282
56	174	0.838212
56	175	0.871232
56	176	0.842886
56	177	0.854457
56	178	0.86611
56	180	0.866588
57	77	1.27685
57	87	1.34556
57	100	0.878108
57	102	0.853177
57	114	0.860207
57	117	0.863034
57	123	0.862866
57	136	1.45479
57	149	0.84752
57	156	0.836356
57	157	1.4473
57	159	0.846821
57	160	0.838872
57	162	0.834536
57	163	0.851135
57	165	0.828753
57	173	1.43518
58	86	1.36053
58	142	1.30062
58	144	1.31818
58	146	1.33656
58	157	0.839546
58	160	1.32807
58	169	0.86121
58	171	0.833363
58	172	0.828135
58	173	0.853317
58	174	0.828247
58	175	0.861267
58	176	0.832921
58	177	0.844492
58	178	0.856145
58	179	0.910576
58	180	0.856623
59	36	1.46825
59	102	1.26085
59	105	1.34647
59	116	1.32262
59	139	0.849692
59	145	1.26877
59	161	0.829198
59	167	0.857842
59	169	0.866399
59	170	0.858177
59	172	0.833324
59	174	0.833436
59	175	0.866456
59	176	0.83811
59	177	0.849681
59	178	0.861334
59	180	0.861812
60	18	1.27621
60	47	0.87019
60	89	0.831612
60	95	0.855252
60	97	0.840833
60	110	0.838546
60	111	1.55958
60	114	0.871138
60	138	1.32206
60	149	0.85845
60	156	0.847286
60	160	0.849802
60	162	0.845466
60	165	0.839684
60	168	0.854417
60	171	1.41568
60	177	1.35159
61	102	0.936155
61	123	0.945844
61	128	0.93151
61	140	1.16285
61	146	0.920976
61	147	1.14664
61	149	0.930497
61	156	0.919334
61	159	0.929798
61	160	0.92185
61	162	0.917514
61	163	0.934113
61	164	1.22745
61	165	0.911731
61	170	1.17244
61	177	1.17784
61	180	1.1065
62	20	0.864122
62	40	1.45005
62	48	0.874463
62	71	0.810036
62	128	0.856395
62	132	1.32319
62	133	0.845898
62	134	0.865046
62	147	1.3092
62	156	0.844218
62	159	0.854683
62	160	0.846734
62	161	1.45509
62	162	0.842398
62	163	0.858997
62	164	1.39001
62	165	0.836616
63	25	1.32127
63	68	0.889196
63	85	0.845842
63	119	0.851605
63	134	0.858388
63	145	0.872659
63	146	0.839203
63	151	0.848644
63	156	0.83756
63	160	0.840076
63	161	1.54303
63	162	0.83574
63	163	0.85234
63	165	0.829958
63	168	1.45016
63	178	1.39159
63	179	1.22006
64	16	1.23702
64	52	0.855882
64	88	0.889538
64	115	0.856461
64	120	0.844239
64	121	0.870968
64	126	0.819872
64	130	0.846945
64	137	0.839906
64	139	1.38494
64	142	0.850227
64	143	0.841451
64	144	0.841444
64	147	1.40739
64	151	0.846993
64	176	1.49778
64	178	1.40184
65	6	1.50126
65	55	0.951432
65	110	1.21618
65	124	0.883744
65	137	1.13766
65	144	1.09281
65	152	0.912395
65	162	1.17806
65	166	0.903754
65	169	0.917063
65	171	0.889216
65	172	0.883989
65	174	0.8841
65	175	0.917121
65	176	0.888775
65	177	0.900346
65	178	0.911998
65	180	0.912476
66	11	0.767562
66	14	0.8892
66	28	1.67756
66	33	0.818924
66	36	0.82049
66	53	0.770058
66	55	0.915392
66	102	0.838234
66	118	0.825741
66	123	0.847923
66	125	1.63122
66	140	1.28208
66	159	0.831878
66	160	0.823929
66	163	0.836193
66	164	1.34668
66	165	0.813811
66	172	1.39172
67	41	1.09002
67	80	1.53342
67	82	1.47864
67	137	1.54793
67	145	1.42848
67	166	0.825888
67	167	0.83064
67	169	0.839197
67	170	0.830976
67	171	0.81135
67	173	0.831304
67	174	0.806234
67	175	0.839255
67	176	0.810908
67	177	0.822479
67	178	0.834132
67	179	0.888563
67	180	0.83461
68	63	0.889196
68	113	1.28903
68	114	0.911858
68	117	0.914684
68	145	0.923106
68	147	1.18436
68	149	0.89917
68	151	0.899091
68	154	1.4055
68	156	0.888007
68	158	0.900445
68	159	0.898471
68	160	0.890523
68	163	0.902786
68	165	0.880404
68	174	1.30064
68	175	1.20853
68	179	1.00729
69	52	0.912524
69	113	1.28933
69	115	0.913103
69	120	0.900881
69	121	0.927611
69	126	0.876514
69	129	0.86585
69	130	0.903587
69	137	0.896549
69	142	0.906869
69	143	0.898094
69	144	0.898086
69	151	0.903635
69	166	1.21295
69	172	1.31051
69	174	1.30094
69	176	1.27506
69	179	1.00759
70	73	0.793195
70	103	0.804266
70	117	0.852746
70	123	0.852579
70	139	1.48256
70	145	0.861168
70	146	0.827711
70	149	0.837232
70	151	0.837153
70	156	0.826069
70	157	1.51409
70	159	0.836533
70	160	0.828585
70	162	0.824249
70	165	0.818466
70	177	1.5362
70	178	1.49945
70	179	1.32793
71	62	0.810036
71	77	1.39703
71	87	1.46574
71	99	0.808659
71	100	0.843942
71	123	0.8287
71	128	0.814366
71	134	0.823017
71	140	1.57461
71	145	0.837289
71	146	0.803833
71	155	0.813467
71	156	0.80219
71	160	0.804706
71	162	0.80037
71	163	0.816969
71	165	0.794587
71	174	1.67468
71	176	1.64879
72	11	1.71036
72	21	1.40133
72	37	1.46204
72	114	1.45768
72	122	1.5032
72	132	0.818307
72	150	0.809518
72	154	0.778511
72	157	0.813619
72	158	0.823453
72	170	0.827062
72	171	0.807436
72	172	0.802209
72	174	0.802321
72	175	0.835341
72	176	0.806995
72	177	0.818566
72	178	0.830218
72	180	0.830697
73	70	0.793195
73	99	0.809967
73	100	0.84525
73	117	0.830175
73	134	0.824325
73	138	1.56964
73	145	0.838596
73	146	0.80514
73	149	0.814661
73	156	0.803497
73	157	1.57706
73	159	0.813962
73	160	0.806013
73	162	0.801677
73	163	0.818277
73	165	0.795895
73	166	1.59625
73	169	1.49255
73	180	1.52783
74	14	1.39718
74	19	1.46621
74	102	1.4974
74	131	0.814199
74	149	1.54806
74	157	0.808628
74	160	1.58981
74	161	0.793091
74	167	0.821735
74	169	0.830292
74	170	0.822071
74	171	0.802445
74	172	0.797218
74	173	0.822399
74	174	0.797329
74	175	0.83035
74	177	0.813574
74	178	0.825227
74	180	0.825705
75	5	0.920702
75	44	0.88985
75	78	0.879927
75	79	0.878463
75	81	0.872562
75	91	0.841362
75	95	0.87337
75	97	0.858951
75	108	0.899364
75	112	1.33557
75	122	0.860073
75	140	1.26835
75	147	0.880616
75	153	1.29851
75	155	0.876681
75	158	1.27564
75	164	1.33295
75	168	0.872535
75	175	1.2763
76	15	1.1139
76	85	1.31313
76	112	0.868452
76	114	1.22541
76	125	0.822778
76	133	1.31495
76	145	1.20249
76	151	1.26629
76	153	0.865738
76	157	0.871035
76	164	0.870455
76	170	0.884478
76	172	0.859625
76	173	0.884807
76	175	0.892757
76	176	0.864411
76	178	0.887634
76	179	0.942065
76	180	0.888113
77	57	1.27685
77	71	1.39703
77	80	0.87922
77	86	1.2002
77	109	1.2517
77	116	1.13709
77	121	0.901864
77	137	0.870802
77	140	0.874399
77	142	0.881122
77	143	0.872347
77	144	0.87234
77	157	0.869409
77	165	1.21002
77	172	0.857999
77	175	0.891131
77	176	0.862784
77	178	0.886008
77	180	0.886486
78	30	0.846552
78	35	0.848896
78	45	0.864776
78	75	0.879927
78	79	0.863953
78	86	0.837003
78	89	0.83522
78	91	0.826852
78	95	0.858859
78	108	0.884854
78	127	0.869635
78	141	1.38053
78	147	0.866105
78	148	1.3593
78	153	1.43315
78	155	0.862171
78	157	1.39587
78	168	0.858025
78	170	1.41259
78	179	1.2097
79	16	1.17173
79	44	0.873876
79	56	1.34288
79	75	0.878463
79	78	0.863953
79	81	0.856588
79	86	0.83554
79	89	0.833756
79	91	0.825389
79	95	0.857396
79	103	1.46661
79	108	0.88339
79	113	1.44677
79	122	0.844099
79	127	0.868171
79	147	0.864642
79	155	0.860708
79	168	0.856562
79	170	1.36791
79	173	1.33907
80	67	1.53342
80	77	0.87922
80	88	0.902416
80	92	0.834872
80	106	1.11365
80	115	0.869339
80	121	0.883846
80	126	0.83275
80	129	0.822086
80	130	0.859823
80	135	0.834578
80	137	0.852784
80	142	0.863105
80	143	0.854329
80	144	0.854322
80	147	1.34954
80	151	0.859871
80	164	1.43036
80	167	1.35745
80	170	1.37535
81	7	0.788667
81	17	0.864285
81	18	1.27436
81	30	0.839187
81	40	1.45939
81	41	1.00332
81	44	0.867975
81	45	0.857412
81	75	0.872562
81	79	0.856588
81	89	0.827855
81	97	0.837076
81	110	0.834788
81	122	0.838198
81	127	0.86227
81	148	1.29107
81	155	0.854806
81	158	1.34204
81	166	1.34682
81	171	1.41383
82	32	0.830793
82	38	0.861968
82	46	0.862976
82	51	0.859654
82	67	1.47864
82	83	0.856123
82	91	0.817685
82	92	1.42221
82	94	0.860736
82	96	0.840149
82	98	0.89958
82	105	0.840888
82	109	0.832948
82	116	0.86451
82	147	1.29477
82	148	0.861374
82	168	1.3478
82	177	1.32597
82	178	1.28922
82	179	0.915362
83	6	0.793482
83	49	0.86885
83	82	0.856123
83	90	0.817866
83	91	0.826726
83	94	0.869777
83	96	0.84919
83	98	0.90862
83	103	1.45862
83	105	0.849929
83	109	0.841988
83	116	0.87355
83	118	0.855095
83	148	0.870414
83	169	1.25869
83	170	1.35992
83	173	1.33108
83	176	1.4245
83	177	1.36531
83	179	0.924402
84	100	0.884286
84	107	1.5056
84	114	0.866386
84	119	0.856578
84	123	0.869044
84	134	0.863362
84	145	0.877633
84	155	0.853811
84	156	0.842534
84	158	0.854972
84	159	0.852999
84	160	0.84505
84	162	0.840714
84	163	0.857314
84	165	0.834932
84	167	1.31099
84	168	1.35611
84	170	1.32889
84	173	1.30006
84	176	1.39348
85	20	0.864557
85	63	0.845842
85	76	1.31313
85	117	0.871331
85	123	0.871163
85	134	0.865481
85	141	1.34899
85	145	0.879752
85	146	0.846296
85	149	0.855817
85	155	0.855931
85	156	0.844653
85	159	0.855118
85	160	0.847169
85	163	0.859433
85	165	0.837051
85	169	1.27982
85	171	1.45053
85	175	1.3794
85	177	1.38644
86	24	0.851714
86	30	0.818139
86	41	0.982267
86	45	0.836363
86	58	1.36053
86	77	1.2002
86	78	0.837003
86	79	0.83554
86	89	0.806806
86	95	0.830446
86	97	0.816028
86	103	1.48607
86	108	0.85644
86	110	0.81374
86	122	0.817149
86	125	1.72691
86	127	0.841221
86	136	1.37814
86	140	1.37778
86	155	0.833758
86	168	0.829612
87	6	1.635
87	48	1.24279
87	57	1.34556
87	71	1.46574
87	129	1.40212
87	138	0.844049
87	150	0.832119
87	154	0.801112
87	156	1.24546
87	164	0.83564
87	166	0.844575
87	167	0.849328
87	169	0.857884
87	170	0.849663
87	171	0.830037
87	174	0.824921
87	175	0.857942
87	176	0.829596
87	177	0.841167
87	178	0.852819
87	180	0.853298
88	21	0.913066
88	31	1.26198
88	43	0.865363
88	64	0.889538
88	80	0.902416
88	115	0.910553
88	120	0.898331
88	121	0.92506
88	124	1.29747
88	130	0.901037
88	136	0.904164
88	137	0.893998
88	141	1.16804
88	142	0.904318
88	143	0.895543
88	144	0.895536
88	148	1.14682
88	151	0.901085
88	161	1.32019
88	168	1.22732
88	178	1.16874
89	16	1.22402
89	17	0.841453
89	23	0.834003
89	24	0.84993
89	35	0.818699
89	40	1.53524
89	41	0.980483
89	60	0.831612
89	78	0.83522
89	79	0.833756
89	81	0.827855
89	86	0.806806
89	95	0.828663
89	97	0.814244
89	108	0.854657
89	122	0.815366
89	153	1.44076
89	155	0.831974
89	171	1.48968
89	176	1.48478
89	180	1.35425
90	9	0.873035
90	32	0.792536
90	38	0.823711
90	46	0.824719
90	83	0.817866
90	91	0.779428
90	94	0.822479
90	96	0.801892
90	98	0.861323
90	105	0.802631
90	106	0.874319
90	109	0.794691
90	116	0.826253
90	118	0.807798
90	120	1.51787
90	131	1.48032
90	132	1.52164
90	147	1.50764
90	148	0.823117
90	169	1.43222
90	170	1.53345
90	179	0.877105
91	30	0.807987
91	75	0.841362
91	78	0.826852
91	79	0.825389
91	82	0.817685
91	83	0.826726
91	90	0.779428
91	94	0.831339
91	96	0.810751
91	108	0.846289
91	109	0.80355
91	116	0.835112
91	122	0.806998
91	127	0.83107
91	131	1.43257
91	135	1.5848
91	141	1.45364
91	147	0.827541
91	158	1.48339
91	172	1.58573
91	178	1.45434
91	179	0.885964
92	20	1.42095
92	21	0.845521
92	32	1.46856
92	43	0.797818
92	80	0.834872
92	82	1.42221
92	107	0.791075
92	119	1.46094
92	129	0.795755
92	137	0.826453
92	143	0.827998
92	144	0.827991
92	146	1.46503
92	156	1.46555
92	169	0.846724
92	171	0.818878
92	174	0.813762
92	175	0.846782
92	176	0.818436
92	177	0.830007
92	178	0.841659
92	180	0.842138
93	44	1.37268
93	109	1.51526
93	112	0.815105
93	121	1.37607
93	125	0.769431
93	128	1.49788
93	130	1.40908
93	138	0.825517
93	164	0.817108
93	165	1.47358
93	166	0.826043
93	169	0.839352
93	170	0.83113
93	171	0.811505
93	173	0.831459
93	174	0.806389
93	175	0.839409
93	176	0.811063
93	177	0.822634
93	178	0.834287
93	179	0.888718
93	180	0.834765
94	6	0.798095
94	32	0.844447
94	38	0.875621
94	46	0.876629
94	51	0.873307
94	82	0.860736
94	83	0.869777
94	90	0.822479
94	91	0.831339
94	96	0.853803
94	98	0.913233
94	104	1.31621
94	105	0.854541
94	109	0.846601
94	116	0.878163
94	132	1.33507
94	138	1.32275
94	148	0.875027
94	153	1.36745
94	171	1.41636
94	175	1.34524
94	178	1.31553
94	179	0.929015
95	30	0.839995
95	41	1.00412
95	44	0.868783
95	60	0.855252
95	75	0.87337
95	78	0.858859
95	79	0.857396
95	86	0.830446
95	89	0.828663
95	97	0.837884
95	108	0.878297
95	120	1.33116
95	122	0.839006
95	127	0.863078
95	147	0.859549
95	155	0.855614
95	158	1.34443
95	167	1.32883
95	168	0.851468
95	170	1.34674
95	173	1.3179
95	174	1.4372
95	178	1.31538
96	1	1.11135
96	3	1.5894
96	6	0.777507
96	32	0.82386
96	38	0.855034
96	46	0.856042
96	49	0.852876
96	82	0.840149
96	83	0.84919
96	90	0.801892
96	91	0.810751
96	94	0.853803
96	98	0.892646
96	105	0.833954
96	106	0.905642
96	109	0.826014
96	116	0.857576
96	120	1.37429
96	131	1.33674
96	148	0.85444
96	152	1.34959
96	154	1.58519
96	168	1.41709
96	179	0.908428
97	5	0.885216
97	7	0.775057
97	24	0.859152
97	26	1.31066
97	30	0.825576
97	41	0.989705
97	60	0.840833
97	75	0.858951
97	81	0.837076
97	86	0.816028
97	89	0.814244
97	95	0.837884
97	101	1.33645
97	108	0.863878
97	122	0.824587
97	127	0.848659
97	131	1.35564
97	147	0.84513
97	155	0.841196
97	168	0.83705
97	171	1.47825
97	174	1.49924
97	176	1.47336
97	180	1.34283
98	6	0.836938
98	22	0.904125
98	32	0.88329
98	46	0.915473
98	49	0.912307
98	51	0.912151
98	82	0.89958
98	83	0.90862
98	90	0.861323
98	94	0.913233
98	96	0.892646
98	105	0.893385
98	109	0.885445
98	116	0.917007
98	118	0.898552
98	139	1.19775
98	152	1.20572
98	157	1.22928
98	167	1.2281
98	171	1.31548
98	173	1.21716
98	177	1.25139
98	178	1.21464
98	179	0.967859
99	34	0.839496
99	71	0.808659
99	73	0.809967
99	107	1.56604
99	117	0.869518
99	119	0.856885
99	128	0.855017
99	133	0.844521
99	134	0.863668
99	145	0.87794
99	146	0.844483
99	150	1.38752
99	151	0.853925
99	152	1.34905
99	156	0.842841
99	159	0.853305
99	160	0.845357
99	162	0.841021
99	163	0.85762
99	165	0.835238
99	173	1.3605
99	176	1.45391
99	177	1.39472
99	180	1.32339
100	2	1.15872
100	13	1.08841
100	57	0.878108
100	71	0.843942
100	73	0.84525
100	84	0.884286
100	101	1.2913
100	102	0.894945
100	106	1.10192
100	119	0.892168
100	125	1.70316
100	133	0.879804
100	134	0.898951
100	145	0.913223
100	146	0.879766
100	149	0.889287
100	158	0.890562
100	159	0.888588
100	160	0.88064
100	162	0.876304
100	163	0.892903
100	165	0.870521
100	169	1.2624
100	176	1.42821
100	179	1.16074
101	22	0.924769
101	26	0.897749
101	33	1.49219
101	55	1.13131
101	97	1.33645
101	100	1.2913
101	115	1.1912
101	138	0.885341
101	154	0.842404
101	155	1.27086
101	159	1.26483
101	164	0.876932
101	166	0.885868
101	167	0.89062
101	169	0.899176
101	170	0.890955
101	171	0.87133
101	172	0.866102
101	173	0.891284
101	174	0.866214
101	175	0.899234
101	176	0.870888
101	177	0.882459
101	178	0.894111
101	180	0.89459
102	29	1.38591
102	57	0.853177
102	59	1.26085
102	61	0.936155
102	66	0.838234
102	74	1.4974
102	100	0.894945
102	117	0.87987
102	119	0.867237
102	123	0.879703
102	128	0.865369
102	133	0.854873
102	134	0.87402
102	146	0.854835
102	149	0.864356
102	151	0.864277
102	156	0.853193
102	160	0.855708
102	162	0.851373
102	163	0.867972
102	165	0.84559
102	166	1.26497
102	172	1.36254
102	173	1.23366
102	176	1.32708
102	178	1.23114
103	11	1.64471
103	47	1.42175
103	52	1.43598
103	70	0.804266
103	79	1.46661
103	83	1.45862
103	86	1.48607
103	113	0.808841
103	118	1.4522
103	119	0.828613
103	141	0.843873
103	145	0.849668
103	146	0.816212
103	150	0.813072
103	153	0.811876
103	156	0.814569
103	159	0.825034
103	160	0.817085
103	162	0.812749
103	163	0.829348
103	164	0.816593
103	172	0.805763
103	176	0.810549
103	177	0.82212
103	178	0.833772
103	180	0.834251
104	20	1.28865
104	24	1.32711
104	42	1.19904
104	49	1.24006
104	94	1.31621
104	124	0.848844
104	132	0.865186
104	139	0.865456
104	142	1.29679
104	151	1.30354
104	153	0.855202
104	154	0.82539
104	156	1.33325
104	164	0.859918
104	166	0.868854
104	169	0.882163
104	170	0.873941
104	172	0.849088
104	173	0.87427
104	174	0.8492
104	175	0.88222
104	176	0.853874
104	177	0.865445
104	178	0.877098
104	179	0.931529
104	180	0.877576
105	6	0.778246
105	9	0.905097
105	32	0.824599
105	38	0.855773
105	46	0.856781
105	49	0.853615
105	51	0.853459
105	59	1.34647
105	82	0.840888
105	83	0.849929
105	90	0.802631
105	94	0.854541
105	96	0.833954
105	98	0.893385
105	106	0.906381
105	109	0.826753
105	116	0.858315
105	118	0.83986
105	148	0.855179
105	150	1.3463
105	161	1.4682
105	164	1.40312
105	166	1.35059
105	172	1.44815
105	173	1.31928
105	175	1.34647
105	179	0.909167
106	51	0.925147
106	80	1.11365
106	90	0.874319
106	96	0.905642
106	100	1.10192
106	105	0.906381
106	109	0.898441
106	116	0.930003
106	118	0.911548
106	121	1.03798
106	126	1.16623
106	128	1.15979
106	129	1.25888
106	134	1.12036
106	139	0.914782
106	148	0.926867
106	149	1.05145
106	162	1.16856
106	164	0.909245
106	173	0.923596
106	174	0.898526
106	175	0.931546
106	177	0.914771
106	178	0.926424
106	179	0.980855
106	180	0.926902
107	50	1.45119
107	84	1.5056
107	92	0.791075
107	99	1.56604
107	124	0.79594
107	131	0.813166
107	152	0.824591
107	153	0.802298
107	155	1.51989
107	156	1.54063
107	159	1.51386
107	161	0.792058
107	164	0.807015
107	165	1.5739
107	166	0.81595
107	167	0.820703
107	168	0.812122
107	170	0.821038
107	171	0.801412
107	172	0.796185
107	173	0.821367
107	174	0.796296
107	175	0.829317
107	176	0.800971
107	177	0.812542
107	178	0.824194
107	180	0.824673
108	5	0.925629
108	7	0.815469
108	10	1.51093
108	17	0.891087
108	24	0.899564
108	41	1.03012
108	47	0.893234
108	75	0.899364
108	78	0.884854
108	79	0.88339
108	86	0.85644
108	89	0.854657
108	91	0.846289
108	95	0.878297
108	97	0.863878
108	110	0.86159
108	122	0.865
108	127	0.889072
108	135	1.33361
108	147	0.885543
108	157	1.21779
108	158	1.2322
108	164	1.28951
108	168	0.877462
108	169	1.13328
108	171	1.30399
108	175	1.23286
108	178	1.20315
109	6	0.770306
109	22	0.837493
109	32	0.816658
109	38	0.847833
109	46	0.848841
109	49	0.845675
109	51	0.845518
109	77	1.2517
109	82	0.832948
109	83	0.841988
109	90	0.794691
109	91	0.80355
109	93	1.51526
109	94	0.846601
109	96	0.826014
109	98	0.885445
109	105	0.826753
109	106	0.898441
109	116	0.850375
109	118	0.83192
109	120	1.42329
109	141	1.40681
109	148	0.847239
109	158	1.43656
109	172	1.53891
109	173	1.41004
109	178	1.40751
109	179	0.901226
110	47	0.850534
110	60	0.838546
110	65	1.21618
110	81	0.834788
110	86	0.81374
110	108	0.86159
110	114	0.851482
110	117	0.854308
110	119	0.841675
110	122	0.822299
110	127	0.846371
110	128	0.839807
110	136	1.45916
110	145	0.86273
110	147	0.842842
110	149	0.838794
110	150	1.46658
110	155	0.838908
110	157	1.45167
110	159	0.838095
110	162	0.825811
110	163	0.84241
110	165	0.820028
110	168	0.834762
110	174	1.55886
110	176	1.53297
110	177	1.47378
110	179	1.26551
111	12	0.677246
111	39	1.65313
111	60	1.55958
111	123	1.50425
111	125	0.755761
111	126	1.64132
111	138	0.811847
111	140	0.809008
111	146	1.57677
111	152	0.821014
111	154	0.768909
111	155	1.55656
111	163	1.54905
111	164	0.803438
111	166	0.812373
111	167	0.817125
111	168	0.808545
111	169	0.825682
111	170	0.81746
111	171	0.797835
111	172	0.792607
111	173	0.817789
111	174	0.792719
111	175	0.825739
111	176	0.797393
111	177	0.808964
111	178	0.820617
111	180	0.821095
112	12	0.712225
112	36	1.52752
112	42	1.28734
112	50	1.33211
112	75	1.33557
112	76	0.868452
112	93	0.815105
112	122	1.39647
112	123	1.3485
112	132	0.843684
112	135	0.822184
112	137	1.44749
112	139	0.843954
112	148	0.856039
112	150	0.834896
112	155	1.40081
112	166	0.847352
112	167	0.852104
112	169	0.860661
112	171	0.832814
112	172	0.827587
112	174	0.827698
112	175	0.860718
112	176	0.832372
112	177	0.843943
112	178	0.855596
112	179	0.910027
112	180	0.856074
113	9	0.900208
113	11	0.776791
113	14	0.89843
113	23	0.843949
113	33	0.828154
113	35	0.828645
113	36	0.82972
113	49	1.34959
113	53	0.779288
113	55	0.924622
113	68	1.28903
113	69	1.28933
113	79	1.44677
113	103	0.808841
113	115	1.34238
113	118	0.834971
113	119	1.43817
113	127	1.40532
113	132	0.837935
113	162	1.50912
113	170	0.84669
113	171	0.827065
113	172	0.821837
113	173	0.847019
113	175	0.854969
113	176	0.826623
113	177	0.838194
113	180	0.850325
114	34	0.856878
114	48	0.890468
114	57	0.860207
114	60	0.871138
114	68	0.911858
114	72	1.45768
114	76	1.22541
114	84	0.866386
114	110	0.851482
114	119	0.874267
114	124	1.3907
114	128	0.872399
114	133	0.861903
114	138	1.26919
114	145	0.895322
114	146	0.861866
114	149	0.871387
114	156	0.860223
114	158	0.872661
114	159	0.870687
114	160	0.862739
114	162	0.858403
114	163	0.875002
114	164	1.34833
114	165	0.85262
114	166	1.2958
114	169	1.1921
114	173	1.26449
114	174	1.3838
115	27	0.884469
115	37	0.860542
115	39	0.854187
115	52	0.876896
115	54	0.882711
115	64	0.856461
115	69	0.913103
115	80	0.869339
115	88	0.910553
115	101	1.1912
115	113	1.34238
115	120	0.865254
115	121	0.891983
115	125	1.60306
115	126	0.840887
115	129	0.830222
115	130	0.86796
115	136	0.871087
115	137	0.860921
115	142	0.871241
115	143	0.862466
115	144	0.862459
115	151	0.868008
115	164	1.31853
115	166	1.266
115	167	1.24562
115	172	1.36356
115	175	1.26188
115	178	1.23216
116	6	0.801868
116	22	0.869055
116	32	0.84822
116	38	0.879395
116	46	0.880403
116	49	0.877237
116	51	0.87708
116	59	1.32262
116	77	1.13709
116	82	0.86451
116	83	0.87355
116	90	0.826253
116	91	0.835112
116	94	0.878163
116	96	0.857576
116	98	0.917007
116	105	0.858315
116	106	0.930003
116	109	0.850375
116	118	0.863482
116	135	1.42337
116	136	1.31504
116	141	1.29221
116	148	0.878801
116	171	1.39375
116	176	1.38885
116	178	1.29291
116	179	0.932789
116	180	1.25832
117	57	0.863034
117	68	0.914684
117	70	0.852746
117	73	0.830175
117	85	0.871331
117	99	0.869518
117	102	0.87987
117	110	0.854308
117	123	0.889559
117	125	1.62802
117	128	0.875226
117	133	0.864729
117	141	1.25642
117	145	0.898148
117	146	0.864692
117	151	0.874133
117	154	1.4838
117	156	0.863049
117	159	0.873514
117	160	0.865565
117	162	0.861229
117	163	0.877828
117	165	0.855447
117	169	1.18725
117	170	1.28848
117	171	1.35796
117	174	1.37895
117	179	1.0856
117	180	1.22254
118	1	1.07498
118	9	0.910264
118	11	0.786847
118	14	0.908486
118	22	0.8506
118	33	0.83821
118	35	0.838701
118	36	0.839775
118	51	0.858626
118	53	0.789344
118	55	0.934678
118	66	0.825741
118	83	0.855095
118	90	0.807798
118	98	0.898552
118	103	1.4522
118	105	0.83986
118	106	0.911548
118	109	0.83192
118	113	0.834971
118	116	0.863482
118	120	1.33792
118	135	1.45261
118	148	0.860346
118	161	1.47359
118	169	1.25227
118	172	1.45354
118	174	1.44397
118	179	0.914334
118	180	1.28756
119	8	0.805426
119	20	0.870319
119	25	1.25764
119	63	0.851605
119	84	0.856578
119	92	1.46094
119	99	0.856885
119	100	0.892168
119	102	0.867237
119	103	0.828613
119	110	0.841675
119	113	1.43817
119	114	0.874267
119	128	0.862592
119	133	0.852096
119	134	0.871243
119	140	1.34972
119	145	0.885514
119	149	0.861579
119	150	1.3575
119	153	1.37988
119	156	0.850416
119	159	0.86088
119	160	0.852932
119	162	0.848596
119	163	0.865195
119	165	0.842813
119	169	1.25808
119	173	1.33048
119	177	1.3647
120	17	1.34889
120	41	0.916379
120	64	0.844239
120	69	0.900881
120	88	0.898331
120	90	1.51787
120	95	1.33116
120	96	1.37429
120	109	1.42329
120	115	0.865254
120	118	1.33792
120	121	0.879761
120	126	0.828665
120	134	1.36649
120	137	0.848699
120	142	0.85902
120	143	0.850244
120	144	0.850237
120	161	0.831769
120	163	1.32009
120	167	0.860414
120	169	0.86897
120	170	0.860749
120	171	0.841123
120	173	0.861077
120	174	0.836007
120	176	0.840682
120	177	0.852253
120	178	0.863905
120	180	0.864383
121	1	1.02117
121	21	0.894496
121	27	0.898976
121	39	0.868694
121	42	0.925657
121	52	0.891403
121	64	0.870968
121	69	0.927611
121	77	0.901864
121	80	0.883846
121	88	0.92506
121	93	1.37607
121	106	1.03798
121	115	0.891983
121	120	0.879761
121	126	0.855394
121	129	0.844729
121	130	0.882467
121	135	0.857222
121	136	0.885594
121	137	0.875428
121	138	1.27555
121	142	0.885749
121	143	0.876973
121	144	0.876966
121	161	1.41977
121	168	1.3269
121	172	1.39972
121	176	1.36427
121	177	1.30508
121	179	1.0968
122	4	0.887473
122	7	0.776178
122	17	0.851796
122	28	1.72472
122	31	1.40072
122	35	0.829042
122	41	0.990827
122	44	0.855486
122	45	0.844922
122	47	0.853943
122	72	1.5032
122	75	0.860073
122	79	0.844099
122	81	0.838198
122	86	0.817149
122	89	0.815366
122	91	0.806998
122	95	0.839006
122	97	0.824587
122	108	0.865
122	110	0.822299
122	112	1.39647
122	127	0.849781
122	147	0.846252
122	153	1.35941
122	155	0.842317
122	168	0.838171
122	174	1.42931
122	175	1.33719
122	179	1.13596
122	180	1.2729
123	19	0.886502
123	57	0.862866
123	61	0.945844
123	66	0.847923
123	70	0.852579
123	71	0.8287
123	84	0.869044
123	85	0.871163
123	102	0.879703
123	111	1.50425
123	112	1.3485
123	117	0.889559
123	124	1.38824
123	128	0.875058
123	133	0.864562
123	134	0.883709
123	138	1.26674
123	145	0.89798
123	148	1.23759
123	149	0.874045
123	155	0.874159
123	156	0.862882
123	159	0.873346
123	160	0.865397
123	162	0.861062
123	163	0.877661
123	165	0.855279
123	166	1.29335
123	174	1.38134
123	175	1.28923
123	178	1.25952
123	179	1.08799
124	4	1.30924
124	25	0.847413
124	27	1.4058
124	65	0.883744
124	88	1.29747
124	104	0.848844
124	107	0.79594
124	114	1.3907
124	123	1.38824
124	125	0.781668
124	132	0.834613
124	134	1.47944
124	141	0.856625
124	144	1.44239
124	151	1.43158
124	152	0.846922
124	153	0.824629
124	154	0.794817
124	157	0.829925
124	161	0.814389
124	162	1.52763
124	167	0.843033
124	170	0.843368
124	171	0.823743
124	172	0.818515
124	173	0.843697
124	174	0.818627
124	176	0.823301
124	177	0.834872
124	178	0.846524
124	179	0.900956
124	180	0.847003
125	15	1.52136
125	29	0.805785
125	41	1.2715
125	66	1.63122
125	76	0.822778
125	86	1.72691
125	93	0.769431
125	100	1.70316
125	111	0.755761
125	115	1.60306
125	117	1.62802
125	124	0.781668
125	138	0.801152
125	141	0.820023
125	144	1.68456
125	147	0.80593
125	152	0.810319
125	154	0.758215
125	166	0.801678
125	167	0.806431
125	169	0.814987
125	170	0.806766
125	171	0.78714
125	172	0.781913
125	173	0.807095
125	174	0.782024
125	175	0.815045
125	176	0.786699
125	177	0.79827
125	178	0.809922
125	179	0.864353
125	180	0.810401
126	15	0.881293
126	21	0.8434
126	27	0.84788
126	37	0.823953
126	39	0.817598
126	42	0.87456
126	43	0.795697
126	50	0.853433
126	64	0.819872
126	69	0.876514
126	80	0.83275
126	106	1.16623
126	111	1.64132
126	115	0.840887
126	120	0.828665
126	121	0.855394
126	129	0.793633
126	130	0.831371
126	135	0.806126
126	136	0.834498
126	137	0.824332
126	139	1.37969
126	142	0.834652
126	143	0.825877
126	144	0.82587
126	151	0.831419
126	154	1.62326
126	157	1.41122
126	174	1.51841
126	176	1.49252
126	177	1.43333
126	180	1.36199
127	1	0.90548
127	4	0.911545
127	5	0.91041
127	7	0.80025
127	17	0.875868
127	30	0.85077
127	41	1.0149
127	44	0.879558
127	45	0.868995
127	47	0.878015
127	78	0.869635
127	79	0.868171
127	81	0.86227
127	86	0.841221
127	91	0.83107
127	95	0.863078
127	97	0.848659
127	108	0.889072
127	110	0.846371
127	113	1.40532
127	122	0.849781
127	131	1.27334
127	132	1.31465
127	147	0.870324
127	150	1.32465
127	153	1.34703
127	158	1.32416
127	168	0.862243
127	170	1.32646
127	176	1.39105
127	179	1.12358
127	180	1.26052
128	2	1.21659
128	13	1.14627
128	20	0.868451
128	61	0.93151
128	62	0.856395
128	71	0.814366
128	93	1.49788
128	99	0.855017
128	102	0.865369
128	106	1.15979
128	110	0.839807
128	114	0.872399
128	117	0.875226
128	119	0.862592
128	123	0.875058
128	133	0.850228
128	134	0.869375
128	145	0.883647
128	146	0.850191
128	147	1.39568
128	149	0.859712
128	155	0.859825
128	156	0.848548
128	159	0.859013
128	160	0.851064
128	162	0.846728
128	163	0.863327
128	165	0.840945
128	166	1.42397
128	170	1.42149
128	171	1.49097
128	175	1.41985
128	179	1.21861
129	15	0.870629
129	21	0.832735
129	27	0.837216
129	37	0.813289
129	39	0.806933
129	42	0.863896
129	43	0.785032
129	50	0.842768
129	52	0.829643
129	54	0.835458
129	69	0.86585
129	80	0.822086
129	87	1.40212
129	92	0.795755
129	106	1.25888
129	115	0.830222
129	121	0.844729
129	126	0.793633
129	130	0.820706
129	135	0.795461
129	136	0.823834
129	137	0.813667
129	142	0.823988
129	143	0.815212
129	144	0.815205
129	151	0.820754
129	153	1.54115
129	154	1.71591
129	164	1.57559
129	167	1.50268
129	176	1.58517
129	177	1.52598
129	179	1.3177
130	3	1.53222
130	21	0.870473
130	37	0.851026
130	39	0.844671
130	42	0.901634
130	43	0.82277
130	50	0.880506
130	52	0.86738
130	54	0.873195
130	64	0.846945
130	69	0.903587
130	80	0.859823
130	88	0.901037
130	93	1.40908
130	115	0.86796
130	121	0.882467
130	126	0.831371
130	129	0.820706
130	135	0.833199
130	136	0.861571
130	137	0.851405
130	142	0.861726
130	143	0.85295
130	144	0.852943
130	147	1.30688
130	148	1.27941
130	151	0.858492
130	158	1.33038
130	161	1.45278
130	168	1.35991
130	169	1.23146
130	174	1.42316
130	179	1.12981
131	35	1.37217
131	48	1.30812
131	74	0.814199
131	90	1.48032
131	91	1.43257
131	96	1.33674
131	97	1.35564
131	107	0.813166
131	127	1.27334
131	139	0.852108
131	140	0.852141
131	150	0.84305
131	152	0.864147
131	154	0.812043
131	157	0.847151
131	158	0.856985
131	159	1.28402
131	161	0.831614
131	162	1.37713
131	163	1.28254
131	164	0.846571
131	167	0.860258
131	169	0.868815
131	170	0.860594
131	171	0.840968
131	172	0.835741
131	173	0.860922
131	174	0.835852
131	175	0.868873
131	176	0.840526
131	177	0.852097
131	178	0.86375
131	179	0.918181
131	180	0.864228
132	49	1.25892
132	62	1.32319
132	72	0.818307
132	90	1.52164
132	94	1.33507
132	104	0.865186
132	112	0.843684
