1	10	0.914222
1	43	1.06236
1	62	1.10409
1	97	1.0173
1	102	0.973714
1	109	1.07353
1	113	1.01802
1	150	1.05027
1	151	0.93066
1	159	1.14573
1	170	1.18056
1	179	1.24681
2	91	0.990725
2	103	1.06456
2	110	0.959743
2	112	1.00211
2	113	1.06851
2	121	1.03521
2	124	1.09106
2	125	1.0201
2	160	1.03223
2	163	1.0679
2	166	1.2334
2	167	1.14597
3	26	1.14185
3	41	0.968545
3	44	0.949887
3	68	1.04825
3	73	1.07457
3	123	1.20323
3	140	0.997106
3	154	1.07271
3	155	0.947028
3	161	1.03307
3	166	1.11617
3	179	1.18006
4	109	0.814549
4	126	0.957279
4	127	1.01991
4	132	0.990367
4	133	1.04582
4	134	1.04613
4	135	1.05784
4	139	1.05807
4	153	0.955055
4	160	1.01319
4	165	1.28416
4	177	1.18984
5	48	1.10765
5	83	1.02548
5	92	1.08515
5	96	1.08496
5	130	1.01211
5	146	1.13887
5	157	1.02733
5	165	1.1937
5	166	0.954339
5	169	0.913339
5	172	1.0291
5	175	1.16462
6	61	0.725824
6	73	0.805739
6	84	0.744736
6	91	2.29746
6	133	2.20821
6	136	0.720729
6	142	0.802027
6	154	0.699692
6	161	0.76424
6	177	0.682322
6	179	0.656478
6	180	0.59634
7	16	1.06128
7	39	0.939304
7	43	1.05456
7	62	1.0963
7	97	1.0095
7	102	0.965922
7	109	1.06574
7	147	1.03775
7	159	1.14495
7	170	1.17978
7	172	1.04214
7	173	1.12529
8	59	1.04071
8	70	0.96657
8	75	1.02631
8	98	1.03813
8	99	1.09782
8	146	0.987851
8	157	1.04055
8	160	0.935942
8	171	1.18495
8	172	1.03667
8	173	1.08027
8	174	1.28232
9	45	0.920406
9	55	0.986061
9	93	1.04777
9	105	1.03989
9	107	1.04729
9	115	1.03772
9	116	1.05262
9	150	1.04092
9	156	1.23024
9	159	1.25413
9	160	1.09014
9	166	0.94391
10	1	0.914222
10	17	1.11482
10	39	0.785816
10	43	0.901075
10	97	0.856015
10	102	0.812434
10	109	0.912247
10	148	1.31436
10	150	0.888987
10	153	1.21998
10	167	1.39186
10	177	1.45477
11	103	1.06237
11	110	0.957554
11	112	0.999916
11	124	1.08887
11	125	1.01792
11	144	1.04399
11	154	0.995337
11	156	0.986839
11	163	1.06571
11	168	1.04589
11	171	1.09575
11	180	1.36659
12	37	1.03622
12	49	1.07308
12	54	1.06512
12	88	0.948409
12	90	1.03902
12	111	1.04822
12	142	1.02956
12	153	0.939064
12	154	1.0141
12	164	1.19019
12	170	1.19602
12	177	1.17385
13	56	1.11289
13	67	1.11601
13	71	1.03246
13	151	1.03195
13	161	1.02059
13	171	0.892214
13	173	0.937857
13	174	0.858618
13	177	0.908765
13	178	0.873457
13	179	0.88292
13	180	0.822782
14	41	0.848637
14	44	0.829979
14	63	0.851721
14	66	0.985887
14	68	0.928343
14	73	0.954664
14	136	0.869654
14	138	1.32222
14	151	1.19153
14	156	1.38271
14	161	0.913165
14	175	1.4845
15	21	1.09997
15	89	1.03021
15	132	1.04572
15	135	1.02479
15	158	0.893059
15	171	0.919805
15	175	0.906366
15	176	0.88792
15	177	0.936356
15	178	0.901048
15	179	0.910512
15	180	0.850374
16	7	1.06128
16	39	0.940669
16	62	1.09766
16	97	1.01087
16	100	1.10862
16	102	0.967287
16	109	1.0671
16	150	1.04384
16	155	1.00394
16	172	1.03309
16	177	1.14856
16	179	1.23698
17	10	1.11482
17	39	1.14769
17	43	1.26295
17	97	1.21789
17	102	1.17431
17	109	1.27413
17	130	0.890535
17	136	1.03133
17	148	0.837385
17	152	0.893137
17	175	1.04304
17	177	0.977799
18	86	0.900503
18	89	1.01485
18	108	0.829921
18	117	0.86887
18	122	0.925384
18	128	0.873126
18	129	0.873111
18	141	1.32655
18	145	0.905547
18	154	1.34726
18	165	1.46053
18	172	1.25073
19	28	1.03188
19	42	1.10492
19	70	0.963816
19	75	1.02355
19	87	1.0196
19	98	1.03538
19	143	1.08936
19	160	0.972212
19	162	1.22185
19	167	1.08596
19	172	1.03391
19	177	1.14886
20	47	0.939982
20	83	0.984935
20	92	1.0446
20	94	0.996842
20	96	1.04442
20	147	1.00389
20	155	1.01383
20	166	0.913791
20	169	0.872792
20	172	0.988557
20	177	1.15845
20	178	1.2549
20	180	1.50164
21	15	1.09997
21	86	0.975224
21	89	1.08957
21	108	0.904642
21	117	0.943591
21	118	0.980876
21	122	1.00011
21	128	0.947847
21	129	0.947832
21	153	0.937509
21	164	1.18864
21	169	1.36437
21	170	1.19447
22	56	1.14347
22	60	1.15214
22	78	1.09985
22	88	1.03316
22	90	1.12377
22	111	1.13297
22	142	0.854593
22	146	1.03838
22	152	0.914226
22	154	1.09885
22	165	1.09321
22	171	1.07124
22	178	1.09534
23	76	0.975269
23	78	1.12606
23	95	1.03096
23	108	0.913984
23	117	0.952934
23	118	0.990219
23	122	1.00945
23	128	0.957189
23	129	0.957175
23	142	1.03646
23	148	1.04034
23	168	1.20325
23	180	1.52395
24	93	1.16287
24	102	1.07948
24	109	1.17929
24	115	1.15283
24	141	0.93754
24	144	0.997786
24	164	0.993533
24	166	1.05902
24	169	1.01802
24	171	1.04955
24	172	1.13378
24	175	1.04243
24	179	1.06561
25	29	1.01348
25	32	0.909904
25	58	0.913058
25	92	0.808458
25	128	0.897205
25	165	0.992597
25	167	1.02682
25	174	0.954586
25	176	0.956296
25	177	1.00473
25	178	0.969425
25	179	0.978888
25	180	0.91875
26	3	1.14185
26	44	1.05354
26	63	1.07528
26	68	1.1519
26	73	1.17822
26	121	0.813294
26	136	1.09321
26	140	1.10076
26	151	0.759236
26	158	1.21175
26	168	1.00946
26	173	0.954647
26	180	1.33016
27	40	1.0191
27	61	0.944273
27	65	0.982905
27	72	0.988453
27	74	0.988536
27	85	0.941381
27	106	1.15821
27	142	1.15481
27	145	0.966499
27	149	1.15469
27	157	1.22706
27	163	0.988516
27	167	1.23619
28	19	1.03188
28	29	0.942173
28	59	0.982563
28	66	0.932977
28	70	0.908418
28	75	0.968154
28	87	0.9642
28	99	1.03967
28	150	1.09483
28	151	1.05304
28	162	1.35375
28	169	1.47285
28	172	0.978514
29	25	1.01348
29	28	0.942173
29	33	1.08058
29	42	1.01521
29	59	0.948249
29	79	1.09834
29	87	0.929886
29	98	0.945666
29	99	1.00535
29	120	1.09916
29	137	1.1386
29	171	1.41575
29	172	0.9442
30	55	0.843064
30	93	1.13533
30	105	1.12745
30	115	1.12528
30	116	1.14018
30	130	1.03654
30	137	0.919005
30	141	1.08415
30	143	1.06429
30	145	1.11375
30	150	1.12848
30	154	1.10486
30	166	1.03147
31	82	0.936311
31	106	1.0981
31	119	0.956634
31	120	0.994765
31	127	0.967296
31	132	0.937757
31	133	0.993212
31	134	0.993519
31	135	1.00523
31	139	1.00546
31	152	1.15434
31	166	1.26352
31	174	1.40873
32	25	0.909904
32	76	0.975269
32	95	1.03096
32	108	0.913984
32	117	0.952934
32	118	0.990219
32	122	1.00945
32	128	0.957189
32	129	0.957175
32	130	1.15255
32	147	1.11996
32	157	1.16776
32	169	1.43189
33	29	1.08058
33	59	1.12097
33	87	1.10261
33	98	1.11839
33	99	1.17807
33	100	0.861772
33	146	1.06811
33	159	0.889053
33	164	0.918059
33	169	1.09379
33	172	1.11692
33	176	1.06274
33	180	1.24491
34	47	0.939982
34	83	0.984935
34	92	1.0446
34	94	1.11058
34	96	1.04442
34	141	1.23254
34	147	1.00389
34	153	1.0374
34	160	1.09554
34	166	0.913791
34	169	0.872792
34	172	0.988557
34	174	1.44192
35	81	1.06708
35	103	0.987523
35	110	0.882708
35	112	0.925071
35	124	1.01403
35	125	0.94307
35	149	1.00373
35	157	1.07609
35	159	1.13548
35	161	0.985039
35	163	0.990866
35	171	1.2205
35	180	1.49134
36	53	0.989135
36	93	1.00309
36	105	0.995215
36	107	1.00261
36	115	0.993049
36	116	1.00795
36	131	1.10674
36	143	1.12858
36	146	0.925185
36	166	0.899235
36	171	1.26044
36	173	1.15576
36	178	1.28454
37	12	1.03622
37	56	0.965592
37	60	0.974262
37	69	0.996549
37	78	0.921966
37	90	0.945888
37	111	0.955084
37	142	1.02837
37	152	1.088
37	163	0.991346
37	169	1.36474
37	170	1.19483
37	171	1.24502
38	40	1.09667
38	61	1.02184
38	65	1.06047
38	74	1.06611
38	79	0.901731
38	84	1.04076
38	85	1.01895
38	143	1.08727
38	145	1.04407
38	154	1.12784
38	163	1.06609
38	172	1.03131
38	173	1.11446
38	175	1.21202
39	7	0.939304
39	10	0.785816
39	16	0.940669
39	17	1.14769
39	62	0.975682
39	97	0.888889
39	102	0.845308
39	109	0.945122
39	150	0.921861
39	162	1.28475
39	166	1.23629
39	167	1.14886
39	174	1.38149
39	175	1.27701
40	27	1.0191
40	38	1.09667
40	61	1.02594
40	65	1.06458
40	72	1.07012
40	84	1.04486
40	85	1.02305
40	136	1.1041
40	156	1.01401
40	163	1.07019
40	166	1.07509
40	168	1.07306
40	170	1.07274
40	179	1.13898
41	3	0.968545
41	14	0.848637
41	44	0.880232
41	63	0.901975
41	68	0.978596
41	73	1.00492
41	136	0.919908
41	140	0.927451
41	155	1.1647
41	157	1.23727
41	161	0.963419
41	167	1.24641
41	173	1.27699
41	178	1.40577
42	19	1.10492
42	29	1.01521
42	70	0.981455
42	75	1.04119
42	87	1.03724
42	98	1.05302
42	99	1.1127
42	152	0.950697
42	159	1.02269
42	168	1.05785
42	172	1.05155
42	174	1.20508
42	176	1.19639
42	177	1.03536
43	1	1.06236
43	7	1.05456
43	10	0.901075
43	17	1.26295
43	62	1.09094
43	97	1.00415
43	102	0.960567
43	109	1.06038
43	130	0.987245
43	156	1.03795
43	157	1.00246
43	158	1.2993
43	160	0.897856
43	174	1.24424
44	3	0.949887
44	14	0.829979
44	26	1.05354
44	41	0.880232
44	63	0.883316
44	68	0.959938
44	73	0.986259
44	114	1.22311
44	136	0.90125
44	150	1.10269
44	156	1.25208
44	161	0.94476
44	165	1.38296
44	175	1.35388
45	9	0.920406
45	56	0.840243
45	90	0.825364
45	107	0.799651
45	127	0.74674
45	144	1.11388
45	161	0.747943
45	170	1.06206
45	171	1.0574
45	174	1.0238
45	177	1.07395
45	178	1.03864
45	179	1.0481
45	180	0.987965
46	76	1.0418
46	86	1.0511
46	95	1.09749
46	100	0.977942
46	117	1.01946
46	118	1.05675
46	122	1.07598
46	128	1.02372
46	129	1.0237
46	154	0.998946
46	166	1.04241
46	173	0.985565
46	179	1.1063
46	180	1.36108
47	20	0.939982
47	34	0.939982
47	48	1.01051
47	83	0.928345
47	92	0.98801
47	96	0.987825
47	149	1.15798
47	151	1.07466
47	157	1.23035
47	166	0.857201
47	169	0.816202
47	172	0.931967
47	174	1.47212
47	179	1.39081
48	5	1.10765
48	47	1.01051
48	83	1.05546
48	92	1.11513
48	96	1.11494
48	123	1.19332
48	142	0.937446
48	149	0.93733
48	150	0.895796
48	159	1.06908
48	166	0.984319
48	169	0.94332
48	172	1.05908
48	180	1.42494
49	12	1.07308
49	54	1.00884
49	69	1.03341
49	88	0.892133
49	90	0.982746
49	111	0.991942
49	144	1.19659
49	147	1.01401
49	153	0.941203
49	154	0.957828
49	163	1.0282
49	165	1.27031
49	172	1.06052
49	175	1.24123
49	177	1.17599
50	65	0.920276
50	96	0.825378
50	118	0.85589
50	128	0.91767
50	140	0.890221
50	163	0.75178
50	166	0.998833
50	167	1.03747
50	168	1.03268
50	173	1.04448
50	176	0.966947
50	177	1.01538
50	178	0.980075
50	179	0.989539
50	180	0.929401
51	54	1.01676
51	56	1.01037
51	69	1.04133
51	79	0.956626
51	88	0.900052
51	90	0.990665
51	111	0.999861
51	136	1.25521
51	138	1.10463
51	143	1.14217
51	147	1.02193
51	154	0.965747
51	159	1.18901
51	163	1.03612
51	164	1.21802
52	57	1.00997
52	71	1.02862
52	81	1.08644
52	91	0.933051
52	112	0.944431
52	124	1.03339
52	125	0.96243
52	141	1.1604
52	144	1.22065
52	150	1.01411
52	161	1.0044
52	163	1.01023
52	167	1.13715
52	172	1.08458
52	175	1.2653
53	36	0.989135
53	58	1.0058
53	78	1.11546
53	93	1.02477
53	105	1.01689
53	107	1.02429
53	115	1.01472
53	116	1.02962
53	121	0.996489
53	143	1.11066
53	145	1.00319
53	147	1.05031
53	166	0.92091
53	176	1.33119
53	179	1.25858
54	12	1.06512
54	49	1.00884
54	51	1.01676
54	56	0.994484
54	60	1.00315
54	69	1.02544
54	88	0.884167
54	90	0.974779
54	138	1.03386
54	146	1.17039
54	163	1.02024
54	166	1.15543
54	173	1.09858
54	175	1.19614
54	178	1.22735
55	9	0.986061
55	30	0.843064
55	63	1.03299
55	84	0.917579
55	95	0.832302
55	161	0.813598
55	164	1.0529
55	173	1.05366
55	174	0.974424
55	175	0.994581
55	176	0.976134
55	177	1.02457
55	178	0.989263
55	179	0.998726
55	180	0.938588
56	13	1.11289
56	22	1.14347
56	37	0.965592
56	45	0.840243
56	51	1.01037
56	54	0.994484
56	60	0.996765
56	69	1.01905
56	88	0.877778
56	111	0.977587
56	113	1.04626
56	148	1.04622
56	150	1.00069
56	163	1.01385
56	180	1.52983
57	52	1.00997
57	71	1.05774
57	91	0.962168
57	110	0.931185
57	112	0.973548
57	124	1.0625
57	125	0.991548
57	131	1.02822
57	144	1.13016
57	148	0.969148
57	154	0.968969
57	162	1.18255
57	163	1.03934
57	164	1.1259
57	180	1.45276
58	25	0.913058
58	53	1.0058
58	93	1.01975
58	105	1.01188
58	107	1.01927
58	113	0.982515
58	114	1.17744
58	115	1.00971
58	116	1.02461
58	143	1.18346
58	150	1.01291
58	151	1.01523
58	152	1.1583
58	166	0.915897
58	170	1.26514
59	8	1.04071
59	28	0.982563
59	29	0.948249
59	33	1.12097
59	70	0.914494
59	75	0.97423
59	98	0.986056
59	99	1.04574
59	120	0.902583
59	148	1.0064
59	170	1.16899
59	172	0.98459
59	176	1.30784
59	178	1.24327
59	179	1.23523
60	22	1.15214
60	37	0.974262
60	54	1.00315
60	56	0.996765
60	77	0.969351
60	88	0.886447
60	111	0.986257
60	138	1.13923
60	147	1.00832
60	152	1.15162
60	154	0.952143
60	160	1.05962
60	163	1.02252
60	165	1.3306
60	173	1.20396
61	6	0.725824
61	27	0.944273
61	38	1.02184
61	40	1.02594
61	65	0.989747
61	72	0.995295
61	74	0.995378
61	79	0.942952
61	84	0.970027
61	85	0.948223
61	136	1.24154
61	163	0.995358
61	169	1.38008
61	172	1.07253
61	174	1.35773
61	179	1.27642
62	1	1.10409
62	7	1.0963
62	16	1.09766
62	39	0.975682
62	43	1.09094
62	78	0.980438
62	97	1.04588
62	102	1.0023
62	109	1.10211
62	123	1.14672
62	150	1.07885
62	154	1.0162
62	155	0.890516
62	156	0.998581
62	173	1.00281
62	180	1.37833
63	14	0.851721
63	26	1.07528
63	41	0.901975
63	44	0.883316
63	55	1.03299
63	66	1.03922
63	68	0.98168
63	73	1.008
63	77	1.0468
63	136	0.922992
63	140	0.930535
63	142	1.16943
63	153	1.07894
63	161	0.966503
63	176	1.47475
63	177	1.31373
64	66	0.917556
64	80	0.945757
64	101	0.928127
64	104	0.900197
64	119	0.962707
64	126	0.910742
64	132	0.94383
64	133	0.999285
64	134	0.999592
64	135	1.0113
64	139	1.01154
64	144	1.28594
64	167	1.20244
64	172	1.14988
64	178	1.3618
64	179	1.35377
65	27	0.982905
65	38	1.06047
65	40	1.06458
65	50	0.920276
65	61	0.989747
65	72	1.03393
65	74	1.03401
65	84	1.00866
65	85	0.986855
65	120	0.985484
65	145	1.01197
65	147	1.10986
65	148	1.0893
65	152	1.14506
65	154	1.21078
65	163	1.03399
65	173	1.1974
66	14	0.985887
66	28	0.932977
66	63	1.03922
66	64	0.917556
66	75	0.919202
66	87	0.823512
66	99	0.782423
66	104	0.909206
66	107	0.798248
66	128	1.05206
66	129	1.05204
66	140	1.0647
66	161	1.10067
66	171	1.0022
66	178	0.983443
66	179	0.992906
66	180	0.932768
67	13	1.11601
67	101	0.989312
67	119	1.02389
67	126	0.971927
67	127	1.03455
67	132	1.00502
67	133	1.06047
67	134	1.06078
67	135	1.07249
67	139	1.07272
67	147	1.06989
67	150	1.0038
67	151	0.962016
67	163	0.815055
67	167	1.12684
67	169	0.891913
67	179	1.27817
68	3	1.04825
68	14	0.928343
68	26	1.1519
68	41	0.978596
68	44	0.959938
68	63	0.98168
68	73	1.08462
68	78	1.10894
68	136	0.999614
68	137	0.958846
68	140	1.00716
68	155	1.01902
68	160	0.986988
68	161	1.04312
68	171	1.236
68	174	1.33337
68	177	1.16364
69	37	0.996549
69	49	1.03341
69	51	1.04133
69	54	1.02544
69	56	1.01905
69	90	0.999347
69	111	1.00854
69	136	1.14531
69	141	1.05213
69	146	1.13127
69	147	1.03061
69	154	0.97443
69	156	1.05522
69	157	1.01973
69	158	1.31657
69	163	1.0448
69	168	1.11427
70	8	0.96657
70	19	0.963816
70	28	0.908418
70	42	0.981455
70	59	0.914494
70	75	0.900085
70	87	0.896131
70	98	0.911911
70	99	0.971596
70	146	0.861631
70	149	1.16687
70	151	1.08354
70	168	1.33377
70	172	0.910446
70	175	1.37652
70	177	1.31128
70	178	1.40773
71	13	1.03246
71	52	1.02862
71	57	1.05774
71	91	0.980821
71	103	1.05465
71	110	0.949838
71	112	0.992201
71	124	1.08116
71	125	1.0102
71	131	1.02486
71	141	1.06655
71	154	0.987622
71	161	1.05217
71	162	1.17919
71	166	1.13072
71	167	1.04329
71	178	1.20265
72	27	0.988453
72	40	1.07012
72	61	0.995295
72	65	1.03393
72	74	1.03956
72	84	1.01421
72	85	0.992403
72	113	1.00186
72	138	0.907771
72	145	1.01752
72	148	0.8644
72	158	1.2296
72	163	1.03954
72	165	1.09913
72	169	1.19689
72	174	1.17454
72	180	1.34801
73	3	1.07457
73	6	0.805739
73	14	0.954664
73	26	1.17822
73	41	1.00492
73	44	0.986259
73	63	1.008
73	68	1.08462
73	131	1.05507
73	140	1.03348
73	141	1.09676
73	147	1.01656
73	158	1.3612
73	159	1.12375
73	161	1.06945
73	168	1.15891
73	172	1.02094
74	27	0.988536
74	38	1.06611
74	61	0.995378
74	65	1.03401
74	72	1.03956
74	84	1.01429
74	85	0.992486
74	94	0.952984
74	113	1.00194
74	142	0.970295
74	145	1.0176
74	153	0.879801
74	158	1.33938
74	163	1.03962
74	171	1.18695
74	176	1.27562
74	179	1.20301
75	8	1.02631
75	19	1.02355
75	28	0.968154
75	42	1.04119
75	59	0.97423
75	66	0.919202
75	70	0.900085
75	87	0.955866
75	98	0.971646
75	99	1.03133
75	121	1.09332
75	146	0.921366
75	150	1.08105
75	151	1.03926
75	166	1.29152
75	167	1.20409
75	172	0.970181
75	176	1.42802
76	23	0.975269
76	32	0.975269
76	46	1.0418
76	86	0.976182
76	89	1.09053
76	108	0.9056
76	117	0.944549
76	118	0.981834
76	122	1.00106
76	128	0.948805
76	129	0.948791
76	131	1.07001
76	136	1.20489
76	160	0.974706
76	165	1.24568
76	166	1.17588
76	171	1.22372
76	174	1.32108
77	60	0.969351
77	63	1.0468
77	98	0.951846
77	99	0.863291
77	119	0.928497
77	122	0.884203
77	127	0.826205
77	155	1.08971
77	160	1.08768
77	167	1.00203
77	170	0.968048
77	171	0.963386
77	173	1.00903
77	174	0.92979
77	175	0.949947
77	178	0.944629
77	179	0.954093
77	180	0.893954
78	22	1.09985
78	23	1.12606
78	37	0.921966
78	53	1.11546
78	62	0.980438
78	68	1.10894
78	87	1.11661
78	103	1.06482
78	111	0.93396
78	132	0.938029
78	135	1.0055
78	139	1.00574
78	157	0.924428
78	165	0.870341
78	174	0.83233
78	175	0.852487
78	180	0.796494
79	29	1.09834
79	38	0.901731
79	51	0.956626
79	61	0.942952
79	88	1.02613
79	91	0.812988
79	97	1.02214
79	102	0.978559
79	108	0.964753
79	109	1.07837
79	118	1.04099
79	126	1.02351
79	128	1.00796
79	129	1.00794
79	176	0.926215
79	178	0.939344
79	179	0.948807
79	180	0.888669
80	64	0.945757
80	101	0.961441
80	104	0.93351
80	126	0.944056
80	127	1.00668
80	132	0.977144
80	133	1.0326
80	134	1.03291
80	135	1.04462
80	139	1.04485
80	141	1.17442
80	149	1.06966
80	153	0.979282
80	158	1.43886
80	159	1.20141
80	160	1.03742
80	169	0.864041
80	178	1.31052
81	35	1.06708
81	52	1.08644
81	91	1.03864
81	103	1.11247
81	110	1.00766
81	112	1.05002
81	124	1.13898
81	125	1.06802
81	130	0.9725
81	151	0.832032
81	155	0.915144
81	156	1.02321
81	161	1.10999
81	163	1.11582
81	171	1.13212
81	173	1.02744
81	177	1.05976
81	180	1.40296
82	31	0.936311
82	104	0.930137
82	119	0.992647
82	126	0.940682
82	127	1.00331
82	132	0.973771
82	133	1.02923
82	134	1.02953
82	135	1.04124
82	139	1.04148
82	160	1.00441
82	164	1.19741
82	169	0.860668
82	172	1.0656
82	173	1.14874
82	176	1.34209
82	177	1.18107
82	178	1.27752
83	5	1.02548
83	20	0.984935
83	34	0.984935
83	47	0.928345
83	48	1.05546
83	92	1.03296
83	96	1.03278
83	146	1.19188
83	147	0.992255
83	155	1.00777
83	166	0.902155
83	168	1.17489
83	169	0.861155
83	170	1.17456
83	172	0.97692
83	173	1.12007
83	174	1.32212
83	179	1.24081
84	6	0.744736
84	38	1.04076
84	40	1.04486
84	55	0.917579
84	61	0.970027
84	65	1.00866
84	72	1.01421
84	74	1.01429
84	85	0.967136
84	113	0.976593
84	138	1.10127
84	145	0.992254
84	155	1.05369
84	157	1.12627
84	163	1.01427
84	170	1.22049
84	176	1.35934
84	178	1.29476
85	27	0.941381
85	38	1.01895
85	40	1.02305
85	61	0.948223
85	65	0.986855
85	72	0.992403
85	74	0.992486
85	84	0.967136
85	113	0.954789
85	130	1.09155
85	141	1.13916
85	145	0.97045
85	150	0.992868
85	157	1.10677
85	163	0.992467
85	168	1.20131
85	174	1.34854
85	176	1.33984
86	18	0.900503
86	21	0.975224
86	46	1.0511
86	76	0.976182
86	89	1.09983
86	108	0.914897
86	117	0.953847
86	118	0.991132
86	122	1.01036
86	128	0.958102
86	129	0.958088
86	146	1.23499
86	147	1.07565
86	156	1.15895
86	164	1.21184
86	171	1.26786
86	172	1.08003
86	177	1.1955
87	19	1.0196
87	28	0.9642
87	29	0.929886
87	33	1.10261
87	42	1.03724
87	66	0.823512
87	70	0.896131
87	75	0.955866
87	78	1.11661
87	98	0.967692
87	99	1.02738
87	113	1.03093
87	146	0.917412
87	154	1.15236
87	169	1.36338
87	172	0.966227
87	177	1.17131
87	178	1.26776
88	12	0.948409
88	22	1.03316
88	49	0.892133
88	51	0.900052
88	54	0.884167
88	56	0.877778
88	60	0.886447
88	79	1.02613
88	90	0.858073
88	111	0.86727
88	147	0.889335
88	154	0.833156
88	158	1.49596
88	162	1.34416
88	163	0.903531
88	166	1.2957
88	172	1.15571
88	180	1.61437
89	15	1.03021
89	18	1.01485
89	21	1.08957
89	76	1.09053
89	86	1.09983
89	95	1.14622
89	108	1.02924
89	117	1.06819
89	118	1.10548
89	121	0.928863
89	128	1.07245
89	129	1.07243
89	137	0.897742
89	149	0.958126
89	155	0.957917
89	173	1.07022
89	174	1.27226
89	177	1.10254
90	12	1.03902
90	22	1.12377
90	37	0.945888
90	45	0.825364
90	49	0.982746
90	51	0.990665
90	54	0.974779
90	69	0.999347
90	88	0.858073
90	111	0.957883
90	142	1.02746
90	146	1.21124
90	154	0.923769
90	163	0.994144
90	166	1.19628
90	168	1.19425
90	169	1.36383
90	179	1.26017
91	2	0.990725
91	6	2.29746
91	52	0.933051
91	57	0.962168
91	71	0.980821
91	79	0.812988
91	81	1.03864
91	103	0.959083
91	110	0.854268
91	112	0.89663
91	123	1.16962
91	124	0.985587
91	125	0.91463
91	136	0.913088
91	138	0.960996
91	142	0.913744
91	144	1.07863
91	146	1.09753
91	161	0.956599
92	5	1.08515
92	20	1.0446
92	25	0.808458
92	34	1.0446
92	47	0.98801
92	48	1.11513
92	83	1.03296
92	96	1.09244
92	147	1.05192
92	155	0.993745
92	160	0.961712
92	164	1.15471
92	165	1.23269
92	166	0.961819
92	167	1.07546
92	168	1.16086
92	169	0.920819
92	172	1.03658
92	179	1.22678
93	9	1.04777
93	24	1.16287
93	30	1.13533
93	36	1.00309
93	53	1.02477
93	58	1.01975
93	107	1.03824
93	115	1.02868
93	116	1.04358
93	123	1.23883
93	146	0.960818
93	149	0.982838
93	152	1.04259
93	154	1.10831
93	155	0.982629
93	160	0.950597
93	164	1.14359
93	166	0.934868
93	174	1.29698
94	20	0.996842
94	34	1.11058
94	74	0.952984
94	118	1.00373
94	128	1.06551
94	132	0.95644
94	135	0.935517
94	156	1.01173
94	157	1.01115
94	158	0.925898
94	162	0.953216
94	168	0.986491
94	174	0.919048
94	175	0.939206
94	176	0.920759
94	177	0.969195
94	178	0.933887
94	179	0.943351
94	180	0.883213
95	23	1.03096
95	32	1.03096
95	46	1.09749
95	55	0.832302
95	89	1.14622
95	108	0.961293
95	117	1.00024
95	118	1.03753
95	122	1.05676
95	128	1.0045
95	129	1.00448
95	140	1.01714
95	143	1.05353
95	146	1.15253
95	156	1.07648
95	157	1.04099
95	167	1.05013
95	169	1.30511
95	177	1.11304
96	5	1.08496
96	20	1.04442
96	34	1.04442
96	47	0.987825
96	48	1.11494
96	50	0.825378
96	83	1.03278
96	92	1.09244
96	120	0.890587
96	136	1.18836
96	147	1.05173
96	160	0.958167
96	162	1.2078
96	164	1.15116
96	166	0.961634
96	168	1.15731
96	169	0.920635
96	172	1.0364
96	178	1.23127
97	1	1.0173
97	7	1.0095
97	10	0.856015
97	16	1.01087
97	17	1.21789
97	39	0.888889
97	43	1.00415
97	62	1.04588
97	79	1.02214
97	100	1.10768
97	102	0.915507
97	109	1.01532
97	130	1.06036
97	138	1.05058
97	150	0.99206
97	157	1.07558
97	165	1.24194
97	177	1.14762
97	178	1.24407
97	179	1.23604
98	8	1.03813
98	19	1.03538
98	29	0.945666
98	33	1.11839
98	42	1.05302
98	59	0.986056
98	70	0.911911
98	75	0.971646
98	77	0.951846
98	87	0.967692
98	99	1.04316
98	121	1.0451
98	137	1.01398
98	146	0.933192
98	157	1.14673
98	167	1.15586
98	168	1.24127
98	172	0.982007
98	173	1.18645
98	175	1.28401
99	8	1.09782
99	28	1.03967
99	29	1.00535
99	33	1.17807
99	42	1.1127
99	59	1.04574
99	66	0.782423
99	70	0.971596
99	75	1.03133
99	77	0.863291
99	87	1.02738
99	98	1.04316
99	106	0.989322
99	123	1.2418
99	146	0.992877
99	147	1.01036
99	152	1.04556
99	166	1.15474
99	172	1.04169
99	173	1.0979
99	178	1.22667
100	16	1.10862
100	33	0.861772
100	46	0.977942
100	97	1.10768
100	112	1.27344
100	115	1.05054
100	128	1.18717
100	138	0.994232
100	149	1.03378
100	165	0.92099
100	170	0.921237
100	171	0.916575
100	173	0.962218
100	174	0.882979
100	175	0.903136
100	176	0.884689
100	177	0.933126
100	178	0.897818
100	179	0.907281
100	180	0.847143
101	64	0.928127
101	67	0.989312
101	80	0.961441
101	104	0.91588
101	119	0.97839
101	126	0.926425
101	127	0.989053
101	132	0.959514
101	133	1.01497
101	134	1.01528
101	135	1.02699
101	137	1.08705
101	139	1.02722
101	148	1.15143
101	151	1.06411
101	153	1.05706
101	154	1.2729
101	156	1.25529
101	169	0.846411
101	170	1.31402
101	175	1.35709
102	1	0.973714
102	7	0.965922
102	10	0.812434
102	16	0.967287
102	17	1.17431
102	24	1.07948
102	39	0.845308
102	43	0.960567
102	62	1.0023
102	79	0.978559
102	97	0.915507
102	109	0.971739
102	137	1.04355
102	142	1.10405
102	149	1.10393
102	150	0.948479
102	152	1.16368
102	162	1.32133
102	166	1.27287
102	172	1.13287
102	176	1.40937
103	2	1.06456
103	11	1.06237
103	35	0.987523
103	71	1.05465
103	78	1.06482
103	81	1.11247
103	91	0.959083
103	110	0.9281
103	112	0.970463
103	121	0.945846
103	124	1.05942
103	125	0.988462
103	131	1.03817
103	136	0.98692
103	143	1.06001
103	148	0.979107
103	154	0.965883
103	163	1.03626
103	166	1.14404
103	169	1.3116
103	178	1.21597
103	179	1.20794
104	64	0.900197
104	66	0.909206
104	80	0.93351
104	82	0.930137
104	101	0.91588
104	119	0.95046
104	126	0.898495
104	127	0.961123
104	132	0.931583
104	133	0.987038
104	134	0.987345
104	135	0.999057
104	139	0.999289
104	141	1.21735
104	154	1.23806
104	161	0.957948
104	162	1.32998
104	164	1.27334
104	165	1.35132
104	169	0.81848
104	170	1.27917
104	173	1.22468
105	9	1.03989
105	30	1.12745
105	36	0.995215
105	53	1.01689
105	58	1.01188
105	107	1.03037
105	113	0.993609
105	114	1.12217
105	115	1.0208
105	116	1.03571
105	131	1.10634
105	136	1.24123
105	137	0.982896
105	145	1.00927
105	146	0.952942
105	150	1.024
105	159	1.17503
105	160	1.01104
105	162	1.26067
105	166	0.926991
105	167	1.12478
105	172	1.07222
106	27	1.15821
106	31	1.0981
106	99	0.989322
106	107	1.00515
106	115	0.949595
106	129	1.06255
106	132	0.977151
106	133	0.827892
106	136	0.97611
106	151	1.06088
106	159	0.959917
106	160	1.04545
106	164	0.96603
106	170	0.925814
106	173	0.966796
106	174	0.887556
106	175	0.907713
106	176	0.889267
106	177	0.937703
106	178	0.902395
106	179	0.911859
106	180	0.851721
107	9	1.04729
107	36	1.00261
107	45	0.799651
107	53	1.02429
107	58	1.01927
107	66	0.798248
107	93	1.03824
107	105	1.03037
107	106	1.00515
107	113	1.00101
107	115	1.0282
107	116	1.0431
107	145	1.01667
107	146	0.960338
107	150	1.0314
107	151	0.91831
107	157	1.074
107	166	0.934388
107	167	1.08313
107	169	1.33812
107	170	1.16821
107	180	1.48924
108	18	0.829921
108	21	0.904642
108	23	0.913984
108	32	0.913984
108	76	0.9056
108	79	0.964753
108	86	0.914897
108	89	1.02924
108	95	0.961293
108	118	0.92055
108	122	0.939779
108	128	0.887521
108	129	0.887506
108	131	1.18987
108	140	0.900164
108	144	1.29181
108	145	0.919942
108	166	1.29574
108	170	1.29339
108	171	1.34358
108	175	1.33646
108	177	1.27122
108	179	1.35964
109	1	1.07353
109	4	0.814549
109	7	1.06574
109	10	0.912247
109	16	1.0671
109	17	1.27413
109	24	1.17929
109	39	0.945122
109	43	1.06038
109	62	1.10211
109	79	1.07837
109	97	1.01532
109	102	0.971739
109	114	0.995099
109	121	0.886946
109	138	0.963577
109	150	1.04829
109	158	1.28541
109	160	0.883968
109	164	1.07696
109	171	1.13298
109	174	1.23035
109	176	1.22165
110	2	0.959743
110	11	0.957554
110	35	0.882708
110	57	0.931185
110	71	0.949838
110	81	1.00766
110	91	0.854268
110	103	0.9281
110	112	0.865648
110	121	1.11522
110	124	0.954604
110	125	0.883647
110	136	0.882105
110	150	1.10295
110	154	0.861068
110	156	1.25234
110	159	1.27623
110	161	0.925616
110	163	0.931443
110	166	1.31342
110	170	1.31107
110	175	1.35414
110	180	1.63209
111	12	1.04822
111	22	1.13297
111	37	0.955084
111	49	0.991942
111	51	0.999861
111	56	0.977587
111	60	0.986257
111	69	1.00854
111	78	0.93396
111	88	0.86727
111	90	0.957883
111	113	1.06728
111	120	0.963422
111	147	0.989145
111	151	0.979924
111	154	0.932965
111	155	1.06304
111	163	1.00334
111	168	1.23015
111	170	1.22983
111	176	1.36868
111	178	1.30411
111	179	1.29607
112	2	1.00211
112	11	0.999916
112	35	0.925071
112	52	0.944431
112	57	0.973548
112	71	0.992201
112	81	1.05002
112	91	0.89663
112	100	1.27344
112	103	0.970463
112	110	0.865648
112	121	1.13971
112	124	0.996967
112	125	0.92601
112	137	1.10859
112	148	1.17297
112	150	1.12744
112	151	1.08566
112	153	1.0786
112	154	0.903431
112	161	0.967979
112	163	0.973806
112	171	1.38575
112	175	1.37863
113	1	1.01802
113	2	1.06851
113	56	1.04626
113	58	0.982515
113	72	1.00186
113	74	1.00194
113	84	0.976593
113	85	0.954789
113	87	1.03093
113	105	0.993609
113	107	1.00101
113	111	1.06728
113	115	0.991442
113	116	1.00634
113	124	0.939196
113	127	0.95276
113	134	0.966164
113	139	0.938349
113	148	1.01127
113	163	1.00192
113	176	0.865743
113	177	0.914179
113	178	0.878871
113	180	0.828197
114	44	1.22311
114	58	1.17744
114	105	1.12217
114	109	0.995099
114	127	1.02761
114	134	1.04101
114	135	1.0316
114	139	1.0132
114	146	0.945042
114	158	0.892345
114	164	0.963969
114	165	0.923506
114	167	0.95773
114	168	0.952938
114	170	0.923752
114	171	0.91909
114	173	0.964734
114	174	0.885495
114	175	0.905652
114	176	0.887205
114	178	0.900334
114	179	0.909797
114	180	0.849659
115	9	1.03772
115	24	1.15283
115	30	1.12528
115	36	0.993049
115	53	1.01472
115	58	1.00971
115	93	1.02868
115	100	1.05054
115	105	1.0208
115	106	0.949595
115	107	1.0282
115	113	0.991442
115	116	1.03354
115	143	1.03098
115	144	1.11108
115	145	1.0071
115	150	1.02184
115	153	0.855701
115	164	1.10683
115	166	0.924824
115	168	1.11298
115	169	1.28256
115	177	1.09049
115	178	1.18694
116	9	1.05262
116	30	1.14018
116	36	1.00795
116	53	1.02962
116	58	1.02461
116	93	1.04358
116	105	1.03571
116	107	1.0431
116	113	1.00634
116	115	1.03354
116	131	1.07075
116	136	1.20563
116	141	1.11244
116	143	1.09258
116	145	1.022
116	146	0.965675
116	147	1.03224
116	149	1.00768
116	150	1.03674
116	164	1.16843
116	166	0.939725
116	168	1.17459
116	170	1.17426
116	172	1.03662
117	18	0.86887
117	21	0.943591
117	23	0.952934
117	32	0.952934
117	46	1.01946
117	76	0.944549
117	86	0.953847
117	89	1.06819
117	95	1.00024
117	118	0.959499
117	122	0.978728
117	128	0.92647
117	129	0.926455
117	130	1.13894
117	140	0.939113
117	143	1.16669
117	145	0.958891
117	148	1.08579
117	154	1.20726
117	172	1.11073
117	173	1.19388
117	174	1.39593
117	176	1.38723
117	177	1.2262
118	21	0.980876
118	23	0.990219
118	32	0.990219
118	46	1.05675
118	50	0.85589
118	76	0.981834
118	79	1.04099
118	86	0.991132
118	89	1.10548
118	94	1.00373
118	95	1.03753
118	108	0.92055
118	117	0.959499
118	122	1.01601
118	128	0.963755
118	129	0.96374
118	142	1.02104
118	145	0.996176
118	148	1.02492
118	151	0.9376
118	165	1.25965
118	169	1.35741
118	171	1.23769
118	173	1.13301
118	176	1.32636
119	31	0.956634
119	64	0.962707
119	67	1.02389
119	77	0.928497
119	82	0.992647
119	101	0.97839
119	104	0.95046
119	126	0.961005
119	127	1.02363
119	132	0.994094
119	133	1.04955
119	134	1.04986
119	135	1.06157
119	139	1.0618
119	144	1.21602
119	147	1.07557
119	152	1.11076
119	155	1.0508
119	159	1.18276
119	160	1.01877
119	161	1.02046
119	167	1.13251
119	169	0.880991
119	170	1.21759
119	174	1.36515
120	29	1.09916
120	31	0.994765
120	59	0.902583
120	65	0.985484
120	96	0.890587
120	111	0.963422
120	125	1.00569
120	132	0.873813
120	134	0.862301
120	135	0.85289
120	143	1.06409
120	157	1.04863
120	164	1.035
120	167	1.02877
120	168	1.02397
120	170	0.994787
120	171	0.990126
120	173	1.03577
120	174	0.95653
120	175	0.976687
120	176	0.95824
120	177	1.00668
120	178	0.971369
120	179	0.980832
120	180	0.920694
121	2	1.03521
121	26	0.813294
121	53	0.996489
121	75	1.09332
121	89	0.928863
121	98	1.0451
121	103	0.945846
121	109	0.886946
121	110	1.11522
121	112	1.13971
121	123	1.0008
121	138	1.05532
121	149	1.09487
121	152	1.06226
121	160	1.10196
121	168	1.01151
121	169	0.936665
121	170	0.982326
121	173	1.02331
121	174	0.944069
121	175	0.964226
121	177	0.994216
121	178	0.958908
121	179	0.968371
121	180	0.908233
122	18	0.925384
122	21	1.00011
122	23	1.00945
122	32	1.00945
122	46	1.07598
122	76	1.00106
122	77	0.884203
122	86	1.01036
122	95	1.05676
122	108	0.939779
122	117	0.978728
122	118	1.01601
122	128	0.982984
122	129	0.982969
122	140	0.995627
122	145	1.01541
122	146	1.19062
122	153	0.916339
122	165	1.24545
122	167	1.08822
122	169	1.3432
122	172	1.03566
122	175	1.21637
122	177	1.15113
122	178	1.24758
123	3	1.20323
123	48	1.19332
123	62	1.14672
123	91	1.16962
123	93	1.23883
123	99	1.2418
123	121	1.0008
123	127	1.20471
123	131	0.939578
123	140	1.31124
123	143	0.928112
123	149	0.971353
123	153	0.997101
123	156	0.913231
123	158	0.827402
123	159	0.892912
123	162	0.85472
123	165	0.858563
123	174	0.820552
123	175	0.840709
123	176	0.822262
123	177	0.870699
123	178	0.835391
123	179	0.844854
123	180	0.784716
124	2	1.09106
124	11	1.08887
124	35	1.01403
124	52	1.03339
124	57	1.0625
124	71	1.08116
124	81	1.13898
124	91	0.985587
124	103	1.05942
124	110	0.954604
124	112	0.996967
124	113	0.939196
124	125	1.01497
124	136	1.01342
124	149	0.935156
124	150	0.893622
124	152	0.994905
124	154	0.992387
124	156	1.04301
124	158	1.30435
124	161	1.05693
124	164	1.09591
124	175	1.14481
124	176	1.24059
124	177	1.07957
124	178	1.17602
125	2	1.0201
125	11	1.01792
125	35	0.94307
125	52	0.96243
125	57	0.991548
125	71	1.0102
125	81	1.06802
125	91	0.91463
125	103	0.988462
125	110	0.883647
125	112	0.92601
125	120	1.00569
125	124	1.01497
125	136	0.942467
125	143	1.19042
125	151	1.02219
125	152	1.16527
125	153	1.01514
125	154	0.92143
125	161	0.985978
125	163	0.991805
125	164	1.26627
125	169	1.442
125	172	1.13446
125	173	1.21761
125	177	1.24993
126	4	0.957279
126	64	0.910742
126	67	0.971927
126	79	1.02351
126	80	0.944056
126	82	0.940682
126	101	0.926425
126	104	0.898495
126	119	0.961005
126	127	0.971668
126	132	0.942129
126	133	0.997584
126	134	0.997891
126	135	1.0096
126	138	1.17151
126	139	1.00983
126	140	0.932526
126	149	1.12414
126	150	1.08261
126	153	1.03377
126	161	0.968494
126	166	1.29308
126	169	0.829026
126	171	1.34091
126	175	1.3338
126	176	1.42958
126	177	1.26856
127	4	1.01991
127	31	0.967296
127	45	0.74674
127	67	1.03455
127	77	0.826205
127	80	1.00668
127	82	1.00331
127	101	0.989053
127	104	0.961123
127	113	0.95276
127	114	1.02761
127	119	1.02363
127	123	1.20471
127	126	0.971668
127	132	1.00476
127	133	1.06021
127	134	1.06052
127	135	1.07223
127	139	1.07246
127	149	0.94872
127	161	1.03112
127	168	1.11562
127	169	0.891654
127	172	0.97766
127	176	1.25416
127	178	1.18958
127	180	1.43633
128	18	0.873126
128	21	0.947847
128	23	0.957189
128	25	0.897205
128	32	0.957189
128	46	1.02372
128	50	0.91767
128	66	1.05206
128	76	0.948805
128	79	1.00796
128	86	0.958102
128	89	1.07245
128	94	1.06551
128	95	1.0045
128	100	1.18717
128	108	0.887521
128	117	0.92647
128	118	0.963755
128	122	0.982984
128	129	0.930711
128	137	1.02232
128	140	0.943369
128	145	0.963147
128	154	1.20817
128	157	1.15507
128	159	1.21445
128	160	1.05046
128	179	1.31553
128	180	1.57031
129	18	0.873111
129	21	0.947832
129	23	0.957175
129	32	0.957175
129	46	1.0237
129	66	1.05204
129	76	0.948791
129	79	1.00794
129	86	0.958088
129	89	1.07243
129	95	1.00448
129	106	1.06255
129	108	0.887506
129	117	0.926455
129	118	0.96374
129	122	0.982969
129	128	0.930711
129	134	0.874061
129	140	0.943354
129	145	0.963132
129	146	1.24293
129	150	1.0175
129	154	1.1845
129	155	1.05882
129	162	1.27643
129	166	1.22796
129	171	1.2758
129	175	1.26868
129	179	1.29186
130	5	1.01211
130	17	0.890535
130	30	1.03654
130	32	1.15255
130	43	0.987245
130	81	0.9725
130	85	1.09155
130	97	1.06036
130	117	1.13894
130	131	1.02893
130	134	1.01927
130	148	1.05714
130	153	1.08645
130	158	0.916751
130	160	1.06779
130	162	0.944069
130	163	0.973958
130	165	0.947913
130	167	0.982137
130	168	0.977344
130	170	0.948159
130	173	0.989141
130	174	0.909901
130	175	0.930059
130	176	0.911612
130	177	0.960048
130	178	0.92474
130	179	0.934204
130	180	0.874066
131	36	1.10674
131	57	1.02822
131	71	1.02486
131	73	1.05507
131	76	1.07001
131	103	1.03817
131	105	1.10634
131	108	1.18987
131	116	1.07075
131	123	0.939578
131	130	1.02893
131	137	1.05434
131	139	0.997374
131	153	1.05939
131	155	1.04277
131	156	0.975523
131	158	0.889694
131	161	1.01299
131	164	0.961318
131	167	0.955079
131	168	0.950287
131	170	0.921101
131	173	0.962083
131	174	0.882844
131	175	0.903001
131	176	0.884554
131	177	0.932991
131	178	0.897683
131	179	0.907146
131	180	0.847008
132	4	0.990367
132	15	1.04572
132	31	0.937757
132	64	0.94383
132	67	1.00502
132	78	0.938029
132	80	0.977144
132	82	0.973771
132	94	0.95644
132	101	0.959514
132	104	0.931583
132	106	0.977151
132	119	0.994094
132	120	0.873813
132	126	0.942129
132	127	1.00476
132	133	1.03067
132	134	1.03098
132	135	1.04269
132	139	1.04292
132	140	0.965614
132	144	1.13864
132	157	1.046
132	161	1.00158
132	169	0.862114
132	171	1.1904
132	175	1.18329
132	176	1.27907
132	178	1.2145
132	179	1.20646
132	180	1.46124
133	4	1.04582
133	6	2.20821
133	31	0.993212
133	64	0.999285
133	67	1.06047
133	80	1.0326
133	82	1.02923
133	101	1.01497
133	104	0.987038
133	106	0.827892
133	119	1.04955
133	126	0.997584
133	127	1.06021
133	132	1.03067
133	134	1.08643
133	135	1.09815
133	136	1.02232
133	139	1.09838
133	140	1.02107
133	144	0.989382
133	154	0.949846
133	155	0.824167
133	161	1.05704
133	167	0.905878
133	168	0.991281
133	169	0.917569
133	172	0.853316
133	173	0.936465
133	174	1.13851
133	179	1.0572
133	180	1.31198
134	4	1.04613
134	31	0.993519
134	64	0.999592
134	67	1.06078
134	80	1.03291
134	82	1.02953
134	101	1.01528
134	104	0.987345
134	113	0.966164
134	114	1.04101
134	119	1.04986
134	120	0.862301
134	126	0.997891
134	127	1.06052
134	129	0.874061
134	130	1.01927
134	132	1.03098
134	133	1.08643
134	135	1.09845
134	136	1.16007
134	139	1.09868
134	140	1.02138
134	149	0.962124
134	150	0.92059
134	152	1.02187
134	156	1.06998
134	161	1.05734
134	162	1.17952
134	169	0.917876
134	176	1.26756
134	178	1.20299
135	4	1.05784
135	15	1.02479
135	31	1.00523
135	64	1.0113
135	67	1.07249
135	78	1.0055
135	80	1.04462
135	82	1.04124
135	94	0.935517
135	101	1.02699
135	104	0.999057
135	114	1.0316
135	119	1.06157
135	120	0.85289
135	126	1.0096
135	127	1.07223
135	132	1.04269
135	133	1.09815
135	134	1.09845
135	137	0.892328
135	139	1.1104
135	140	1.03309
135	147	0.977268
135	148	0.95671
135	149	0.952712
135	161	1.06906
135	164	1.11346
135	165	1.19144
135	169	0.929588
135	171	1.16948
135	176	1.25815
135	177	1.09712
135	178	1.19357
136	6	0.720729
136	14	0.869654
136	17	1.03133
136	26	1.09321
136	40	1.1041
136	41	0.919908
136	44	0.90125
136	51	1.25521
136	61	1.24154
136	63	0.922992
136	68	0.999614
136	69	1.14531
136	76	1.20489
136	91	0.913088
136	96	1.18836
136	103	0.98692
136	105	1.24123
136	106	0.97611
136	110	0.882105
136	116	1.20563
136	124	1.01342
136	125	0.942467
136	133	1.02232
136	134	1.16007
136	154	0.919888
136	165	0.890383
136	173	0.931611
136	176	0.854082
136	177	0.902519
136	178	0.867211
136	179	0.876674
136	180	0.816536
137	29	1.1386
137	30	0.919005
137	68	0.958846
137	89	0.897742
137	98	1.01398
137	101	1.08705
137	102	1.04355
137	105	0.982896
137	112	1.10859
137	128	1.02232
137	131	1.05434
137	135	0.892328
137	140	0.994868
137	149	1.08612
137	153	1.11187
137	156	1.028
137	157	1.02742
137	158	0.942166
137	159	1.00768
137	162	0.969484
137	163	0.856427
137	165	0.973328
137	167	1.00755
137	170	0.973574
137	171	0.968912
137	173	1.01456
137	174	0.935316
137	175	0.955474
137	176	0.937027
137	177	0.985463
137	178	0.950155
137	179	0.959619
137	180	0.899481
138	14	1.32222
138	51	1.10463
138	54	1.03386
138	60	1.13923
138	72	0.907771
138	84	1.10127
138	91	0.960996
138	97	1.05058
138	100	0.994232
138	109	0.963577
138	121	1.05532
138	126	1.17151
138	140	1.10262
138	143	0.982631
138	144	0.965153
138	145	1.04577
138	149	1.02587
138	151	1.0484
138	157	0.96717
138	159	0.947432
138	162	0.909239
138	164	0.953545
138	165	0.913082
138	168	0.942514
138	170	0.913329
138	171	0.908667
138	173	0.954311
138	174	0.875071
138	175	0.895228
138	176	0.876782
138	177	0.925218
138	179	0.899374
138	180	0.839235
139	4	1.05807
139	31	1.00546
139	64	1.01154
139	67	1.07272
139	78	1.00574
139	80	1.04485
139	82	1.04148
139	101	1.02722
139	104	0.999289
139	113	0.938349
139	114	1.0132
139	119	1.0618
139	126	1.00983
139	127	1.07246
139	131	0.997374
139	132	1.04292
139	133	1.09838
139	134	1.09868
139	135	1.1104
139	140	1.03332
139	144	1.09931
139	146	1.11821
139	149	0.934309
139	151	0.850988
139	161	1.06929
139	164	1.09506
139	165	1.17304
139	169	0.92982
139	172	0.963249
139	173	1.0464
139	176	1.23975
139	178	1.17517
139	179	1.16714
140	3	0.997106
140	26	1.10076
140	41	0.927451
140	50	0.890221
140	63	0.930535
140	66	1.0647
140	68	1.00716
140	73	1.03348
140	95	1.01714
140	108	0.900164
140	117	0.939113
140	122	0.995627
140	123	1.31124
140	126	0.932526
140	128	0.943369
140	129	0.943354
140	132	0.965614
140	133	1.02107
140	134	1.02138
140	135	1.03309
140	137	0.994868
140	138	1.10262
140	139	1.03332
140	142	1.05537
140	147	1.07981
140	150	1.01372
140	155	1.05504
140	156	1.16311
140	158	1.42445
140	159	1.187
140	161	0.991979
140	167	1.13675
140	172	1.08419
141	18	1.32655
141	24	0.93754
141	30	1.08415
141	34	1.23254
141	52	1.1604
141	69	1.05213
141	71	1.06655
141	73	1.09676
141	80	1.17442
141	85	1.13916
141	104	1.21735
141	116	1.11244
141	144	0.956652
141	148	1.0138
141	152	0.984762
141	155	1.02649
141	156	0.95925
141	158	0.873421
141	159	0.938932
141	160	1.02446
141	164	0.945045
141	165	0.904582
141	167	0.938806
141	168	0.934014
141	170	0.904828
141	171	0.900167
141	173	0.94581
141	174	0.866571
141	175	0.886728
141	176	0.868281
141	177	0.916718
141	178	0.88141
141	179	0.890873
141	180	0.830735
142	6	0.802027
142	12	1.02956
142	22	0.854593
142	23	1.03646
142	27	1.15481
142	37	1.02837
142	48	0.937446
142	63	1.16943
142	74	0.970295
