1	4	0.931403
1	32	0.884315
1	42	0.877304
1	44	0.883319
1	111	0.860582
1	114	2.53345
1	115	0.795048
1	129	0.842883
1	136	0.761437
1	157	0.804901
1	168	2.82342
1	180	0.781576
2	37	0.878729
2	40	0.870264
2	47	0.883107
2	51	0.861588
2	52	0.861112
2	55	0.860867
2	115	0.795235
2	117	0.724385
2	132	0.819345
2	144	0.889447
2	165	3.06823
2	167	2.79966
3	13	0.896059
3	18	0.960582
3	19	0.959773
3	33	0.95208
3	43	0.951795
3	46	0.95172
3	109	1.39562
3	132	0.899921
3	144	0.970023
3	156	0.887002
3	173	3.30823
3	179	3.09565
4	1	0.931403
4	32	0.982848
4	36	0.980453
4	42	0.975836
4	44	0.981852
4	129	0.941416
4	135	1.74349
4	136	0.85997
4	157	0.903434
4	175	3.5874
4	176	2.62467
4	180	0.880109
5	59	1.77685
5	67	0.833277
5	90	0.842565
5	98	0.882907
5	99	0.823977
5	101	0.83771
5	104	0.887382
5	107	0.867672
5	119	0.839219
5	141	3.33491
5	153	0.749558
5	162	0.863824
6	10	0.865516
6	20	0.942041
6	21	0.856866
6	24	0.847522
6	34	0.8357
6	135	0.853705
6	139	2.92203
6	147	0.756224
6	148	0.784594
6	164	2.75244
6	168	0.895302
6	169	0.785656
7	9	0.815533
7	31	0.898497
7	38	0.875692
7	41	0.788717
7	49	0.846525
7	56	0.840444
7	61	0.840608
7	66	0.899147
7	153	0.747592
7	163	3.40418
7	165	2.44515
7	168	0.869319
8	25	0.799964
8	27	0.888673
8	39	0.876986
8	45	0.868462
8	50	0.850767
8	121	3.12074
8	122	2.4849
8	129	0.83803
8	143	0.875704
8	156	0.801386
8	162	0.86189
8	179	0.756484
9	7	0.815533
9	35	0.869606
9	38	0.868125
9	49	0.838957
9	56	0.832877
9	61	0.833041
9	66	0.89158
9	152	0.853555
9	153	0.740024
9	165	3.13552
9	168	0.861751
9	174	2.58564
10	6	0.865516
10	15	0.935509
10	17	0.842349
10	21	0.847314
10	24	0.83797
10	34	0.826148
10	135	0.844153
10	148	0.775042
10	154	1.96915
10	168	0.88575
10	169	0.776104
10	179	4.43747
11	53	0.854326
11	84	0.854136
11	86	0.840517
11	88	0.85198
11	91	0.83891
11	94	0.826102
11	95	0.832474
11	100	0.822536
11	108	0.861558
11	129	2.13549
11	145	0.816441
11	174	3.36124
12	25	0.937564
12	27	1.02627
12	28	0.930178
12	45	1.00606
12	50	0.988366
12	62	4.8
12	93	1.2896
12	154	1.87516
12	156	0.938986
12	162	0.999489
12	179	0.894084
13	3	0.896059
13	16	0.884314
13	18	0.862244
13	19	0.861435
13	33	0.853742
13	43	0.853457
13	46	0.853382
13	117	0.706623
13	144	0.871685
13	156	0.788664
13	161	3.07403
13	170	2.84055
14	82	0.86654
14	84	0.927692
14	85	0.919551
14	86	0.914073
14	88	0.925536
14	91	0.912466
14	94	0.899658
14	95	0.906029
14	100	0.896092
14	108	0.935113
14	117	7.8
14	136	3.39689
14	137	3.17083
15	10	0.935509
15	17	0.921894
15	20	1.01203
15	24	0.917514
15	34	0.905693
15	77	2.31068
15	93	1.34147
15	135	0.923697
15	147	0.826216
15	148	0.854587
15	155	2.65671
15	168	0.965295
15	169	0.855648
16	13	0.884314
16	18	0.948837
16	19	0.948027
16	33	0.940335
16	43	0.94005
16	46	0.939975
16	117	0.793216
16	132	0.888176
16	144	0.958278
16	156	0.875257
16	168	1.68332
16	172	1.65
16	179	4.86125
17	10	0.842349
17	15	0.921894
17	20	0.918874
17	21	0.833699
17	24	0.824355
17	34	0.812533
17	71	5.1
17	135	0.830538
17	138	1.68551
17	147	0.733057
17	148	0.761427
17	168	0.872135
17	169	0.762489
18	3	0.960582
18	13	0.862244
18	16	0.948837
18	19	0.925958
18	33	0.918265
18	43	0.91798
18	46	0.917905
18	132	0.866106
18	137	2.11476
18	144	0.936208
18	149	3.11743
18	154	2.24911
18	156	0.853187
19	3	0.959773
19	13	0.861435
19	16	0.948027
19	18	0.925958
19	33	0.917456
19	43	0.917171
19	46	0.917096
19	132	0.865297
19	144	0.935399
19	155	2.16043
19	156	0.852378
19	166	2.03743
19	167	2.75983
20	6	0.942041
20	15	1.01203
20	17	0.918874
20	21	0.923839
20	24	0.914495
20	34	0.902673
20	105	1.21891
20	136	3.19525
20	147	0.823197
20	148	0.851567
20	168	0.962275
20	169	0.852629
20	179	3.42267
21	6	0.856866
21	10	0.847314
21	17	0.833699
21	20	0.923839
21	24	0.82932
21	34	0.817498
21	135	0.835503
21	147	0.738022
21	148	0.766392
21	164	2.64599
21	167	3.44272
21	168	0.8771
21	169	0.767454
22	31	0.892643
22	35	0.871319
22	41	0.782863
22	49	0.84067
22	56	0.834589
22	61	0.834753
22	66	0.893293
22	110	6.9
22	152	0.855268
22	153	0.741737
22	158	3.63791
22	168	0.863464
23	58	0.699895
23	107	2.92951
23	113	0.793717
23	131	0.760223
23	139	0.797376
23	146	0.774775
23	155	0.792529
23	159	0.832505
23	170	0.755801
23	171	0.742569
23	175	0.729009
23	177	0.711857
23	178	0.711858
24	6	0.847522
24	10	0.83797
24	15	0.917514
24	17	0.824355
24	20	0.914495
24	21	0.82932
24	34	0.808154
24	118	2.10765
24	147	0.728678
24	148	0.757048
24	168	0.867756
24	169	0.758109
24	172	3.54929
25	8	0.799964
25	12	0.937564
25	28	0.769377
25	39	0.853785
25	45	0.845261
25	50	0.827566
25	132	2.46693
25	143	0.852504
25	144	0.861206
25	145	2.98381
25	156	0.778185
25	162	0.838689
25	179	0.733283
26	47	0.986425
26	85	1.07669
26	92	0.889781
26	151	0.873862
26	159	0.879133
26	164	0.837651
26	166	0.830256
26	170	0.802428
26	172	0.83187
26	174	0.814862
26	175	0.775637
26	178	0.758486
26	180	0.786888
27	8	0.888673
27	12	1.02627
27	28	0.858087
27	39	0.942495
27	50	0.916275
27	127	1.68105
27	129	0.903539
27	144	0.949916
27	149	1.76769
27	156	0.866895
27	162	0.927398
27	178	5.95377
27	179	0.821993
28	12	0.930178
28	25	0.769377
28	27	0.858087
28	39	0.8464
28	45	0.837875
28	50	0.82018
28	79	2.47047
28	132	2.82479
28	143	0.845118
28	144	0.85382
28	156	0.770799
28	162	0.831303
28	179	0.725897
29	54	0.938574
29	78	0.885834
29	80	0.940643
29	83	0.943252
29	89	0.977807
29	97	0.897029
29	103	0.946206
29	116	0.923482
29	168	0.945263
29	170	2.50172
29	173	4.14411
29	179	0.830771
29	180	0.851011
30	63	0.858263
30	78	0.813222
30	80	0.868031
30	83	0.870641
30	87	0.862102
30	97	0.824418
30	112	2.31737
30	115	3.11563
30	116	0.85087
30	120	0.888019
30	169	0.76138
30	179	0.75816
30	180	0.7784
31	7	0.898497
31	22	0.892643
31	41	0.864114
31	49	0.921921
31	56	0.91584
31	61	0.916005
31	66	0.974544
31	150	4.06076
31	151	1.13564
31	152	0.936519
31	153	0.822988
31	168	0.944715
31	172	2.00396
32	1	0.884315
32	4	0.982848
32	36	0.933364
32	42	0.928748
32	44	0.934764
32	111	0.912027
32	115	0.846492
32	119	0.893582
32	123	1.67771
32	136	0.812881
32	157	0.856345
32	169	4.22612
32	172	1.55828
32	180	0.833021
33	3	0.95208
33	13	0.853742
33	16	0.940335
33	18	0.918265
33	19	0.917456
33	43	0.909478
33	46	0.909403
33	117	0.762645
33	126	2.59954
33	132	0.857604
33	144	0.927706
33	156	0.844685
33	159	1.96714
33	166	2.62941
34	6	0.8357
34	10	0.826148
34	15	0.905693
34	17	0.812533
34	20	0.902673
34	21	0.817498
34	24	0.808154
34	135	0.814337
34	147	0.716856
34	148	0.745226
34	153	3.44674
34	168	0.855935
34	169	0.746288
34	180	3.13547
35	9	0.869606
35	22	0.871319
35	38	0.929765
35	41	0.84279
35	49	0.900597
35	56	0.894516
35	61	0.894681
35	66	0.95322
35	150	1.96893
35	152	0.915195
35	153	0.801664
35	159	1.84913
35	168	0.923391
35	177	4.99666
36	4	0.980453
36	32	0.933364
36	42	0.926353
36	44	0.932369
36	105	1.34995
36	111	0.909632
36	115	0.844098
36	119	0.891187
36	129	0.891933
36	136	0.810486
36	139	1.93504
36	157	0.853951
36	177	5.60347
36	180	0.830626
37	2	0.878729
37	40	0.915748
37	47	0.928591
37	48	0.924048
37	51	0.907072
37	52	0.906596
37	55	0.90635
37	111	0.906253
37	117	0.769869
37	124	4.30368
37	125	1.44623
37	132	0.864829
37	139	1.54592
37	144	0.934931
38	7	0.875692
38	9	0.868125
38	35	0.929765
38	41	0.841309
38	49	0.899116
38	56	0.893035
38	61	0.893199
38	66	0.951739
38	122	2.55604
38	130	2.96887
38	145	1.59275
38	152	0.913713
38	153	0.800183
38	168	0.92191
39	8	0.876986
39	25	0.853785
39	27	0.942495
39	28	0.8464
39	45	0.922283
39	129	0.891852
39	143	0.929526
39	144	0.938228
39	150	1.73833
39	156	0.855207
39	162	0.915711
39	175	3.60491
39	176	2.64218
39	179	0.810305
40	2	0.870264
40	37	0.915748
40	47	0.920126
40	48	0.915583
40	51	0.898607
40	52	0.898131
40	55	0.897886
40	111	0.897789
40	115	0.832254
40	132	0.856364
40	144	0.926466
40	157	1.4328
40	173	3.10656
40	175	3.6061
41	7	0.788717
41	22	0.782863
41	31	0.864114
41	35	0.84279
41	38	0.841309
41	49	0.812141
41	56	0.806061
41	61	0.806225
41	66	0.864764
41	109	3.15788
41	152	0.826739
41	153	0.713208
41	166	3.25169
41	168	0.834935
42	1	0.877304
42	4	0.975836
42	32	0.928748
42	36	0.926353
42	44	0.927752
42	111	0.905015
42	119	0.886571
42	129	0.887316
42	130	2.4825
42	136	0.80587
42	141	1.9077
42	146	2.91229
42	157	0.849334
42	180	0.826009
43	3	0.951795
43	13	0.853457
43	16	0.94005
43	18	0.91798
43	19	0.917171
43	33	0.909478
43	46	0.909118
43	113	1.97076
43	117	0.76236
43	132	0.857319
43	144	0.927421
43	156	0.8444
43	178	5.92943
43	179	1.71801
44	1	0.883319
44	4	0.981852
44	32	0.934764
44	36	0.932369
44	42	0.927752
44	113	2.59725
44	115	0.845497
44	119	0.892586
44	127	2.47677
44	129	0.893332
44	136	0.811886
44	142	1.7782
44	157	0.85535
44	180	0.832025
45	8	0.868462
45	12	1.00606
45	25	0.845261
45	28	0.837875
45	39	0.922283
45	50	0.896064
45	139	1.55472
45	143	0.921002
45	144	0.929704
45	156	0.846683
45	162	0.907187
45	163	3.40947
45	165	2.45044
45	179	0.801781
46	3	0.95172
46	13	0.853382
46	16	0.939975
46	18	0.917905
46	19	0.917096
46	33	0.909403
46	43	0.909118
46	73	1.68847
46	117	0.762284
46	122	3.05906
46	132	0.857244
46	144	0.927346
46	145	2.09576
46	156	0.844325
47	2	0.883107
47	26	0.986425
47	37	0.928591
47	40	0.920126
47	48	0.928427
47	51	0.91145
47	52	0.910974
47	55	0.910729
47	115	0.845098
47	117	0.774248
47	132	0.869207
47	144	0.939309
47	145	1.38052
47	160	3.72519
48	37	0.924048
48	40	0.915583
48	47	0.928427
48	51	0.906908
48	52	0.906431
48	55	0.906186
48	111	0.906089
48	115	0.840555
48	117	0.769705
48	131	3.06787
48	132	0.864664
48	135	1.12877
48	140	3.04186
48	144	0.934767
49	7	0.846525
49	9	0.838957
49	22	0.84067
49	31	0.921921
49	35	0.900597
49	38	0.899116
49	41	0.812141
49	56	0.863868
49	61	0.864032
49	66	0.922571
49	139	2.54228
49	152	0.884546
49	157	2.77267
49	164	2.37269
49	168	0.892742
50	8	0.850767
50	12	0.988366
50	25	0.827566
50	27	0.916275
50	28	0.82018
50	45	0.896064
50	79	1.32447
50	129	0.865632
50	136	3.90786
50	143	0.903307
50	144	0.912009
50	156	0.828988
50	162	0.889492
50	169	3.59187
50	179	0.784086
51	2	0.861588
51	37	0.907072
51	40	0.898607
51	47	0.91145
51	48	0.906908
51	52	0.889455
51	55	0.88921
51	111	0.889113
51	115	0.823579
51	117	0.752729
51	119	1.72951
51	132	0.847688
51	144	0.91779
51	173	4.32109
51	180	3.07233
52	2	0.861112
52	37	0.906596
52	40	0.898131
52	47	0.910974
52	48	0.906431
52	51	0.889455
52	55	0.888734
52	59	1.32229
52	111	0.888637
52	115	0.823102
52	117	0.752252
52	132	0.847212
52	141	2.15483
52	144	0.917314
52	163	4.32114
53	11	0.854326
53	76	0.863192
53	82	0.844321
53	86	0.891854
53	88	0.903317
53	91	0.890247
53	94	0.877439
53	95	0.88381
53	100	0.873873
53	108	0.912895
53	125	2.31173
53	129	1.53151
53	148	0.799892
53	160	3.64322
53	162	0.903139
54	29	0.938574
54	57	0.896031
54	63	0.897709
54	72	0.875631
54	97	0.863864
54	103	0.91304
54	111	0.896852
54	116	0.890317
54	120	0.927465
54	146	3.12391
54	156	2.36171
54	169	0.800826
54	172	2.19245
54	179	0.797606
54	180	0.817846
55	2	0.860867
55	37	0.90635
55	40	0.897886
55	47	0.910729
55	48	0.906186
55	51	0.88921
55	52	0.888734
55	105	2.76407
55	111	0.888391
55	112	1.49951
55	115	0.822857
55	117	0.752007
55	132	0.846967
55	141	3.10256
55	144	0.917069
56	7	0.840444
56	9	0.832877
56	22	0.834589
56	31	0.91584
56	35	0.894516
56	38	0.893035
56	41	0.806061
56	49	0.863868
56	61	0.857951
56	66	0.91649
56	105	1.86706
56	121	3.00337
56	152	0.878465
56	153	0.764935
56	165	3.41283
56	168	0.886662
57	54	0.896031
57	63	0.888331
57	72	0.866252
57	73	2.09432
57	78	0.84329
57	83	0.900709
57	89	0.935263
57	97	0.854486
57	116	0.880938
57	118	1.93442
57	120	0.918087
57	145	0.858272
57	169	0.791448
57	172	3.37606
57	179	0.788227
57	180	0.808467
58	23	0.699895
58	62	0.69499
58	75	0.78675
58	117	0.632538
58	130	0.743941
58	131	0.709878
58	160	0.698472
58	164	0.740678
58	165	0.711969
58	173	0.685921
58	174	0.717889
58	175	0.678665
58	176	0.686914
58	177	0.661512
58	178	0.661513
58	180	0.689916
59	5	1.77685
59	52	1.32229
59	100	0.759004
59	141	0.882954
59	150	0.862632
59	159	0.941506
59	161	0.846053
59	170	0.864801
59	172	0.894244
59	174	0.877235
59	175	0.83801
59	176	0.84626
59	177	0.820858
59	178	0.820859
59	179	0.829022
59	180	0.849262
60	70	0.861172
60	76	0.847905
60	82	0.829034
60	84	0.890186
60	85	0.882045
60	86	0.876567
60	91	0.87496
60	94	0.862152
60	95	0.868523
60	100	0.858586
60	108	0.897608
60	127	2.03068
60	148	0.784605
60	149	3.69964
60	162	0.887852
60	166	2.23157
61	7	0.840608
61	9	0.833041
61	22	0.834753
61	31	0.916005
61	35	0.894681
61	38	0.893199
61	41	0.806225
61	49	0.864032
61	56	0.857951
61	66	0.916654
61	119	2.13198
61	129	2.79919
61	151	2.57237
61	152	0.878629
61	153	0.765099
61	168	0.886826
62	12	4.8
62	58	0.69499
62	122	0.767478
62	124	0.740398
62	137	0.778406
62	141	0.769048
62	149	0.749255
62	155	0.787624
62	160	0.743912
62	163	0.736729
62	166	0.778724
62	173	0.73136
62	174	0.763329
62	175	0.724104
62	176	0.732354
62	178	0.706953
63	30	0.858263
63	54	0.897709
63	57	0.888331
63	78	0.844968
63	83	0.902387
63	97	0.856164
63	103	0.90534
63	115	2.01681
63	116	0.882616
63	120	0.919765
63	145	0.859951
63	151	2.02641
63	169	0.793126
63	174	3.47899
63	179	0.789906
63	180	0.810146
64	67	0.857942
64	69	0.86242
64	81	0.906796
64	90	0.86723
64	99	0.848642
64	101	0.862375
64	102	0.902254
64	104	0.912047
64	107	0.892337
64	136	0.783183
64	143	0.902304
64	147	0.756871
64	154	1.38353
64	162	0.888489
64	178	6.53998
64	180	1.29239
65	111	4.07975
65	124	0.731472
65	131	0.746392
65	134	0.731682
65	154	0.784071
65	158	0.775115
65	159	0.818674
65	160	0.734985
65	170	0.741969
65	171	0.728738
65	172	0.771412
65	173	0.722434
65	174	0.754403
65	175	0.715178
65	177	0.698026
65	178	0.698027
65	180	0.726429
66	7	0.899147
66	9	0.89158
66	22	0.893293
66	31	0.974544
66	35	0.95322
66	38	0.951739
66	41	0.864764
66	49	0.922571
66	56	0.91649
66	61	0.916654
66	73	1.31721
66	145	1.72451
66	151	1.73065
66	152	0.937168
66	153	0.823638
66	168	0.945365
66	170	4.3804
67	5	0.833277
67	64	0.857942
67	69	0.843999
67	74	0.821382
67	98	0.889151
67	99	0.830221
67	101	0.843953
67	102	0.883833
67	104	0.893626
67	107	0.873916
67	114	1.86216
67	126	3.14066
67	135	2.80141
67	143	0.883883
67	147	0.73845
67	152	0.869332
67	162	0.870068
68	69	0.923994
68	74	0.901377
68	90	0.928804
68	98	0.969146
68	99	0.910216
68	101	0.923948
68	102	0.963828
68	104	0.973621
68	107	0.953911
68	124	4.09632
68	133	2.12125
68	137	1.70872
68	147	0.818445
68	153	0.835796
68	155	1.36632
68	157	0.888221
68	162	0.950063
69	64	0.86242
69	67	0.843999
69	68	0.923994
69	81	0.892853
69	90	0.853288
69	98	0.893629
69	99	0.834699
69	101	0.848432
69	102	0.888312
69	104	0.898104
69	107	0.878394
69	147	0.742929
69	148	3.84824
69	153	0.76028
69	154	1.98681
69	157	0.812704
69	170	3.02533
70	60	0.861172
70	76	0.833987
70	82	0.815116
70	84	0.876269
70	85	0.868128
70	88	0.874113
70	91	0.861043
70	94	0.848235
70	95	0.854606
70	100	0.844668
70	108	0.88369
70	134	1.5155
70	145	0.838574
70	148	0.770687
70	151	1.45265
70	162	0.873935
70	178	6.47682
71	17	5.1
71	88	0.795405
71	91	0.782335
71	95	0.775898
71	100	0.765961
71	108	0.804983
71	116	0.782532
71	117	0.652683
71	120	0.819681
71	137	0.753111
71	161	0.706852
71	173	0.706065
71	174	0.738034
71	176	0.707059
71	178	0.681658
71	179	0.689821
71	180	0.710061
72	54	0.875631
72	57	0.866252
72	75	1.53696
72	80	0.877699
72	83	0.880309
72	87	0.871769
72	89	0.914863
72	97	0.834086
72	116	0.860538
72	120	0.897687
72	123	3.11274
72	145	0.837872
72	152	0.872498
72	154	3.73623
72	169	0.771048
72	179	0.767827
72	180	0.788067
73	46	1.68847
73	57	2.09432
73	66	1.31721
73	114	0.924657
73	121	0.866317
73	161	0.83368
73	163	0.838261
73	164	0.887651
73	165	0.858942
73	167	0.858446
73	171	0.839197
73	173	0.832893
73	174	0.864862
73	175	0.825637
73	176	0.833886
73	177	0.808485
73	178	0.808486
74	67	0.821382
74	68	0.901377
74	81	0.870236
74	90	0.83067
74	98	0.871012
74	99	0.812082
74	101	0.825814
74	102	0.865694
74	104	0.875487
74	107	0.855777
74	143	0.865744
74	145	1.92264
74	152	0.851193
74	153	0.737663
74	156	2.96635
74	157	0.790087
74	162	0.851929
74	174	3.38136
75	58	0.78675
75	72	1.53696
75	80	0.693235
75	90	0.947639
75	125	0.882617
75	130	0.881141
75	133	0.867218
75	142	0.916986
75	149	0.841015
75	151	0.914089
75	154	0.884758
75	171	0.829424
75	173	0.82312
75	174	0.855089
75	176	0.824114
75	177	0.798712
75	178	0.798713
76	53	0.863192
76	60	0.847905
76	70	0.833987
76	82	0.801849
76	84	0.863002
76	85	0.854861
76	86	0.849382
76	88	0.860845
76	94	0.834967
76	95	0.841339
76	100	0.831401
76	108	0.870423
76	109	2.6465
76	137	3.20569
76	145	0.825306
76	148	0.75742
76	162	0.860667
76	166	2.7403
77	15	2.31068
77	96	0.748905
77	102	2.48935
77	109	0.805114
77	149	0.780446
77	154	0.824188
77	155	0.818815
77	159	0.858791
77	161	0.763337
77	165	0.788599
77	166	0.809914
77	171	0.768855
77	172	0.811528
77	173	0.762551
77	175	0.755295
77	176	0.763544
77	177	0.738142
77	178	0.738143
77	179	0.746307
78	29	0.885834
78	30	0.813222
78	57	0.84329
78	63	0.844968
78	80	0.854737
78	87	0.848807
78	89	0.891901
78	103	0.8603
78	116	0.837576
78	120	0.874725
78	135	0.816135
78	143	0.864086
78	145	0.81491
78	150	4.53198
78	159	1.9561
78	164	2.54402
78	169	0.748086
78	179	0.744865
78	180	0.765105
79	28	2.47047
79	50	1.32447
79	92	0.954985
79	105	0.940648
79	128	0.907119
79	130	0.906117
79	152	0.0231418
79	158	0.900777
79	159	0.944337
79	160	0.860648
79	162	0.670702
79	164	0.902854
79	165	0.874145
79	170	0.867632
79	172	0.897074
79	173	0.848096
79	175	0.84084
79	177	0.823688
79	178	0.823689
80	29	0.940643
80	30	0.868031
80	72	0.877699
80	75	0.693235
80	78	0.854737
80	87	0.903616
80	89	0.94671
80	97	0.865933
80	103	0.915109
80	111	0.89892
80	116	0.892385
80	120	0.929534
80	135	0.870944
80	140	3.83673
80	143	0.918895
80	151	1.28127
80	167	3.01516
80	179	0.799675
80	180	0.819914
81	64	0.906796
81	69	0.892853
81	74	0.870236
81	90	0.897663
81	98	0.938005
81	99	0.879075
81	101	0.892807
81	102	0.932687
81	107	0.92277
81	119	0.894317
81	121	1.67589
81	130	1.45287
81	147	0.787304
81	152	0.918186
81	153	0.804655
81	157	0.85708
81	162	0.918922
81	166	1.09438
81	177	6.03572
82	14	0.86654
82	53	0.844321
82	60	0.829034
82	70	0.815116
82	76	0.801849
82	84	0.84413
82	85	0.83599
82	86	0.830511
82	88	0.841974
82	91	0.828905
82	94	0.816096
82	95	0.822468
82	100	0.81253
82	108	0.851552
82	131	3.0058
82	133	2.31375
82	145	0.806435
82	162	0.841796
82	169	3.96048
83	29	0.943252
83	30	0.870641
83	57	0.900709
83	63	0.902387
83	72	0.880309
83	87	0.906226
83	89	0.94932
83	92	2.11474
83	97	0.868542
83	103	0.917718
83	115	2.36757
83	116	0.894995
83	119	1.93678
83	120	0.932143
83	142	2.4892
83	152	0.906954
83	169	0.805504
83	179	0.802284
83	180	0.822524
84	11	0.854136
84	14	0.927692
84	60	0.890186
84	70	0.876269
84	76	0.863002
84	82	0.84413
84	85	0.897142
84	86	0.891664
84	88	0.903127
84	91	0.890057
84	94	0.877249
84	95	0.88362
84	100	0.873682
84	106	1.76014
84	108	0.912704
84	147	5.63044
84	159	1.23788
84	162	0.902949
84	170	1.95644
85	14	0.919551
85	26	1.07669
85	60	0.882045
85	70	0.868128
85	76	0.854861
85	82	0.83599
85	84	0.897142
85	86	0.883523
85	88	0.894986
85	91	0.881916
85	94	0.869108
85	95	0.875479
85	100	0.865542
85	108	0.904563
85	135	2.1193
85	145	0.859447
85	148	0.79156
85	155	2.61141
85	162	0.894808
85	174	2.9295
86	11	0.840517
86	14	0.914073
86	53	0.891854
86	60	0.876567
86	76	0.849382
86	82	0.830511
86	84	0.891664
86	85	0.883523
86	88	0.889507
86	91	0.876438
86	94	0.863629
86	95	0.870001
86	100	0.860063
86	108	0.899085
86	112	1.30273
86	132	1.58757
86	145	0.853969
86	162	0.88933
86	168	2.10368
86	171	4.42271
87	30	0.862102
87	72	0.871769
87	78	0.848807
87	80	0.903616
87	83	0.906226
87	89	0.94078
87	97	0.860003
87	103	0.909179
87	116	0.886455
87	120	0.923604
87	134	3.53811
87	138	3.26392
87	143	0.912965
87	145	0.863789
87	152	0.898415
87	157	1.54558
87	169	0.796965
87	171	2.52056
87	179	0.793745
87	180	0.813984
88	11	0.85198
88	14	0.925536
88	53	0.903317
88	70	0.874113
88	71	0.795405
88	76	0.860845
88	82	0.841974
88	84	0.903127
88	85	0.894986
88	86	0.889507
88	91	0.887901
88	94	0.875092
88	100	0.871526
88	108	0.910548
88	114	1.70036
88	132	1.47421
88	148	0.797545
88	162	0.900793
88	168	1.99032
88	171	4.30934
89	29	0.977807
89	57	0.935263
89	72	0.914863
89	78	0.891901
89	80	0.94671
89	83	0.94932
89	87	0.94078
89	97	0.903097
89	103	0.952273
89	116	0.929549
89	120	0.966698
89	125	2.03989
89	132	1.2465
89	135	0.908108
89	152	0.941509
89	153	4.38749
89	157	2.36997
89	169	0.840059
89	172	1.90115
89	179	0.836839
89	180	0.857078
90	5	0.842565
90	64	0.86723
90	68	0.928804
90	69	0.853288
90	74	0.83067
90	75	0.947639
90	81	0.897663
90	98	0.898439
90	99	0.83951
90	101	0.853242
90	102	0.893122
90	104	0.902915
90	107	0.883204
90	119	0.854751
90	136	0.774051
90	143	0.893171
90	149	4.01523
90	152	0.878621
90	155	2.67016
90	157	0.817515
90	159	1.8849
91	11	0.83891
91	14	0.912466
91	53	0.890247
91	60	0.87496
91	70	0.861043
91	71	0.782335
91	82	0.828905
91	84	0.890057
91	85	0.881916
91	86	0.876438
91	88	0.887901
91	92	0.868183
91	94	0.862023
91	95	0.868394
91	100	0.858457
91	108	0.897478
91	128	1.81429
91	148	0.784475
91	160	3.46915
91	162	0.887723
91	180	4.17401
92	26	0.889781
92	79	0.954985
92	83	2.11474
92	91	0.868183
92	97	0.931876
92	110	0.814277
92	128	0.888202
92	134	0.838428
92	140	0.831635
92	143	0.357629
92	149	0.847074
92	155	0.885444
92	158	0.88186
92	160	0.841731
92	164	0.883937
92	171	0.835483
92	172	0.878157
92	174	0.861148
92	175	0.821923
92	176	0.830173
92	177	0.804771
92	178	0.804772
93	12	1.2896
93	15	1.34147
93	97	1.01355
93	120	1.02296
93	125	0.893448
93	127	0.892808
93	140	0.836406
93	141	0.871639
93	146	0.872461
93	161	0.834738
93	163	0.83932
93	164	0.888709
93	166	0.881314
93	167	0.859504
93	170	0.853486
93	171	0.840255
93	172	0.882929
93	174	0.86592
93	175	0.826695
93	176	0.834945
93	177	0.809543
93	178	0.809544
94	11	0.826102
94	14	0.899658
94	53	0.877439
94	60	0.862152
94	70	0.848235
94	76	0.834967
94	82	0.816096
94	84	0.877249
94	85	0.869108
94	86	0.863629
94	88	0.875092
94	91	0.862023
94	95	0.855586
94	100	0.845648
94	108	0.88467
94	129	1.33795
94	145	0.839554
94	146	2.91089
94	148	0.771667
94	153	4.46577
94	156	2.14869
94	162	0.874915
95	11	0.832474
95	14	0.906029
95	53	0.88381
95	60	0.868523
95	70	0.854606
95	71	0.775898
95	76	0.841339
95	82	0.822468
95	84	0.88362
95	85	0.875479
95	86	0.870001
95	91	0.868394
95	94	0.855586
95	100	0.85202
95	108	0.891042
95	145	0.845925
95	146	2.12368
95	148	0.778039
95	160	2.66244
95	162	0.881286
95	164	1.26106
95	175	5.1156
96	77	0.748905
96	104	5.33431
96	124	0.717683
96	126	0.752908
96	133	0.752743
96	138	0.725227
96	139	0.769756
96	146	0.747155
96	148	0.69456
96	149	0.72654
96	154	0.770283
96	158	0.761326
96	159	0.804886
96	160	0.721197
96	163	0.714014
96	172	0.757623
96	173	0.708645
96	174	0.740614
96	175	0.701389
96	176	0.709639
96	177	0.684237
96	178	0.684238
97	29	0.897029
97	30	0.824418
97	54	0.863864
97	57	0.854486
97	63	0.856164
97	72	0.834086
97	80	0.865933
97	83	0.868542
97	87	0.860003
97	89	0.903097
97	92	0.931876
97	93	1.01355
97	103	0.871495
97	111	0.855307
97	116	0.848772
97	120	0.88592
97	135	0.82733
97	143	0.875282
97	168	1.1874
97	169	0.759281
97	175	5.986
97	179	0.756061
97	180	0.776301
98	5	0.882907
98	67	0.889151
98	68	0.969146
98	69	0.893629
98	74	0.871012
98	81	0.938005
98	90	0.898439
98	99	0.879851
98	101	0.893584
98	102	0.933463
98	104	0.943256
98	107	0.923546
98	133	3.10614
98	134	4.54638
98	136	0.814392
98	142	1.32875
98	143	0.933513
98	147	0.78808
98	152	0.918962
98	153	0.805432
98	156	2.25429
98	162	0.919698
98	168	1.20981
99	5	0.823977
99	64	0.848642
99	67	0.830221
99	68	0.910216
99	69	0.834699
99	74	0.812082
99	81	0.879075
99	90	0.83951
99	98	0.879851
99	101	0.834654
99	102	0.874534
99	104	0.884326
99	107	0.864616
99	119	0.836163
99	143	0.874583
99	152	0.860032
99	153	0.746502
99	157	0.798926
99	162	0.860768
99	165	1.98783
99	169	3.52153
99	171	2.29749
99	179	4.06494
100	11	0.822536
100	14	0.896092
100	53	0.873873
100	59	0.759004
100	60	0.858586
100	70	0.844668
100	71	0.765961
100	76	0.831401
100	82	0.81253
100	84	0.873682
100	85	0.865542
100	86	0.860063
100	88	0.871526
100	91	0.858457
100	94	0.845648
100	95	0.85202
100	108	0.881104
100	142	1.63391
100	145	0.835987
100	148	0.768101
100	158	2.37529
100	162	0.871348
100	176	5.35084
101	5	0.83771
101	64	0.862375
101	67	0.843953
101	68	0.923948
101	69	0.848432
101	74	0.825814
101	81	0.892807
101	90	0.853242
101	98	0.893584
101	99	0.834654
101	102	0.888266
101	104	0.898059
101	107	0.878348
101	119	0.849895
101	136	0.769195
101	147	0.742883
101	152	0.873765
101	153	0.760234
101	156	1.66543
101	157	0.812659
101	158	1.48126
101	173	4.92001
101	180	3.67125
102	64	0.902254
102	67	0.883833
102	68	0.963828
102	69	0.888312
102	74	0.865694
102	77	2.48935
102	81	0.932687
102	90	0.893122
102	98	0.933463
102	99	0.874534
102	101	0.888266
102	104	0.937939
102	107	0.918228
102	113	2.63198
102	114	1.40403
102	118	1.12757
102	127	2.5115
102	136	0.809074
102	143	0.928195
102	147	0.782763
102	152	0.913645
102	157	0.852538
102	162	0.91438
103	29	0.946206
103	54	0.91304
103	63	0.90534
103	78	0.8603
103	80	0.915109
103	83	0.917718
103	87	0.909179
103	89	0.952273
103	97	0.871495
103	111	0.904483
103	112	1.29316
103	116	0.897948
103	120	0.935097
103	128	2.78469
103	142	2.21305
103	143	0.924458
103	145	0.875282
103	151	2.10102
103	152	0.909907
103	157	3.43815
103	169	0.808457
103	179	0.805237
103	180	0.825477
104	5	0.887382
104	64	0.912047
104	67	0.893626
104	68	0.973621
104	69	0.898104
104	74	0.875487
104	90	0.902915
104	96	5.33431
104	98	0.943256
104	99	0.884326
104	101	0.898059
104	102	0.937939
104	107	0.928021
104	126	1.30913
104	136	0.818867
104	143	0.937988
104	146	1.22922
104	147	0.792555
104	153	0.809907
104	157	0.862331
104	162	0.924173
104	174	1.87401
104	180	2.47284
105	20	1.21891
105	36	1.34995
105	55	2.76407
105	56	1.86706
105	79	0.940648
105	106	0.858569
105	114	0.906607
105	115	0.83231
105	126	0.859106
105	133	0.858941
105	140	0.817299
105	149	0.832738
105	158	0.867524
105	160	0.827395
105	161	0.81563
105	165	0.840892
105	167	0.840396
105	171	0.821147
105	172	0.863821
105	173	0.814843
105	175	0.807587
105	176	0.815837
105	177	0.790435
105	178	0.790436
106	84	1.76014
106	105	0.858569
106	122	0.802135
106	123	0.830912
106	128	0.82504
106	131	0.789975
106	136	0.749873
106	139	0.827128
106	144	1.07053
106	146	0.804527
106	150	0.783383
106	151	0.856986
106	154	0.827655
106	155	0.822282
106	162	2.06304
106	163	0.771386
106	164	0.820775
106	165	0.792066
106	167	0.791571
106	170	0.785553
106	174	0.797986
106	175	0.758761
106	176	0.767011
106	177	0.741609
107	5	0.867672
107	23	2.92951
107	64	0.892337
107	67	0.873916
107	68	0.953911
107	69	0.878394
107	74	0.855777
107	81	0.92277
107	90	0.883204
107	98	0.923546
107	99	0.864616
107	101	0.878348
107	102	0.918228
107	104	0.928021
107	136	0.799157
107	140	3.62141
107	143	0.918278
107	147	0.772845
107	152	0.903727
107	156	2.10352
107	157	0.842621
107	159	1.41517
107	162	0.904463
107	168	1.05904
108	11	0.861558
108	14	0.935113
108	53	0.912895
108	60	0.897608
108	70	0.88369
108	71	0.804983
108	76	0.870423
108	82	0.851552
108	84	0.912704
108	85	0.904563
108	86	0.899085
108	88	0.910548
108	91	0.897478
108	94	0.88467
108	95	0.891042
108	100	0.881104
108	118	1.43904
108	145	0.875009
108	148	0.807123
108	158	2.09119
108	159	1.58702
108	161	4.12103
108	162	0.91037
108	171	3.5499
109	3	1.39562
109	41	3.15788
109	76	2.6465
109	77	0.805114
109	110	0.749953
109	112	0.893194
109	113	0.822307
109	117	0.711472
109	123	0.82975
109	130	0.822876
109	139	0.825966
109	146	0.803365
109	155	0.821119
109	164	0.819613
109	165	0.790904
109	166	0.812218
109	167	0.790408
109	168	0.861478
109	171	0.771159
109	172	0.813833
109	173	0.764855
109	174	0.796824
109	175	0.757599
109	178	0.740448
110	22	6.9
110	92	0.814277
110	109	0.749953
110	127	0.766246
110	130	0.765409
110	134	0.716637
110	140	0.709844
110	146	0.745899
110	148	0.693303
110	150	0.724754
110	154	0.769026
110	155	0.763653
110	160	0.71994
110	165	0.733437
110	167	0.732942
110	169	0.694365
110	171	0.713693
110	172	0.756366
110	174	0.739357
110	175	0.700133
110	176	0.708382
110	177	0.68298
110	178	0.682981
111	1	0.860582
111	32	0.912027
111	36	0.909632
111	37	0.906253
111	40	0.897789
111	42	0.905015
111	48	0.906089
111	51	0.889113
111	52	0.888637
111	54	0.896852
111	55	0.888391
111	65	4.07975
111	80	0.89892
111	97	0.855307
111	103	0.904483
111	120	0.918908
111	123	1.15717
111	133	2.05885
111	144	0.916972
111	157	0.832613
111	158	1.02283
111	161	3.05266
111	179	0.789049
111	180	0.809288
112	30	2.31737
112	55	1.49951
112	86	1.30273
112	103	1.29316
112	109	0.893194
112	126	0.894893
112	131	0.874588
112	139	0.911741
112	140	0.853086
112	148	0.836545
112	152	0.0926178
112	158	0.903311
112	159	0.946871
112	161	0.851417
112	163	0.855999
112	164	0.905388
112	165	0.876679
112	166	0.897994
112	167	0.876184
112	170	0.870166
112	174	0.882599
112	175	0.843374
112	176	0.851624
112	177	0.826222
112	178	0.826223
113	23	0.793717
113	43	1.97076
113	44	2.59725
113	102	2.63198
113	109	0.822307
113	123	0.844638
113	124	0.788781
113	131	0.803701
113	133	0.82384
113	138	0.796325
113	141	0.817431
113	150	0.797109
113	158	0.832424
113	159	0.875983
113	161	0.78053
113	163	0.785112
113	167	0.805296
113	169	0.766719
113	171	0.786047
113	173	0.779743
113	174	0.811712
113	176	0.780737
113	177	0.755335
113	178	0.755336
114	1	2.53345
114	67	1.86216
114	73	0.924657
114	88	1.70036
114	102	1.40403
114	105	0.906607
114	117	0.760672
114	126	0.858318
114	146	0.852565
114	147	0.771599
114	150	0.831421
114	153	0.788951
114	154	0.875692
114	158	0.866736
114	163	0.819424
114	165	0.840104
114	166	0.861418
114	167	0.839608
114	170	0.833591
114	171	0.820359
114	175	0.806799
114	176	0.815049
114	177	0.789647
114	178	0.789648
114	180	0.818051
115	1	0.795048
115	2	0.795235
115	30	3.11563
115	32	0.846492
115	36	0.844098
115	40	0.832254
115	44	0.845497
115	47	0.845098
115	48	0.840555
115	51	0.823579
115	52	0.823102
115	55	0.822857
115	63	2.01681
115	83	2.36757
115	105	0.83231
115	124	0.748797
115	145	0.793559
115	150	0.757124
115	157	0.767078
115	166	0.787122
115	173	0.739758
115	174	0.771727
115	177	0.71535
115	178	0.715351
115	180	0.743754
116	29	0.923482
116	30	0.85087
116	54	0.890317
116	57	0.880938
116	63	0.882616
116	71	0.782532
116	72	0.860538
116	78	0.837576
116	80	0.892385
116	83	0.894995
116	87	0.886455
116	89	0.929549
116	97	0.848772
116	103	0.897948
116	120	0.912373
116	126	2.25067
116	128	1.95271
116	129	1.49587
116	135	0.853783
116	143	0.901734
116	152	0.887184
116	161	4.15228
116	167	3.00293
116	169	0.785734
116	179	0.782513
116	180	0.802753
117	2	0.724385
117	13	0.706623
117	14	7.8
117	16	0.793216
117	33	0.762645
117	37	0.769869
117	43	0.76236
117	46	0.762284
117	47	0.774248
117	48	0.769705
117	51	0.752729
117	52	0.752252
117	55	0.752007
117	58	0.632538
117	71	0.652683
117	109	0.711472
117	114	0.760672
117	130	0.726929
117	144	0.780588
117	156	0.697566
117	163	0.674277
117	164	0.723666
117	167	0.694462
117	171	0.675212
117	172	0.717886
117	178	0.644501
118	24	2.10765
118	57	1.93442
118	102	1.12757
118	108	1.43904
118	121	0.871258
118	127	0.896691
118	130	0.895855
118	146	0.876344
118	150	0.8552
118	154	0.899471
118	155	0.894098
118	158	0.890514
118	159	0.934074
118	160	0.850385
118	162	0.164991
118	164	0.892592
118	166	0.885197
118	167	0.863387
118	169	0.82481
118	170	0.857369
118	173	0.837834
118	174	0.869803
118	176	0.838827
118	177	0.813426
118	178	0.813427
118	179	0.82159
119	5	0.839219
119	32	0.893582
119	36	0.891187
119	42	0.886571
119	44	0.892586
119	51	1.72951
119	61	2.13198
119	81	0.894317
119	83	1.93678
119	90	0.854751
119	99	0.836163
119	101	0.849895
119	120	0.763328
119	126	0.831111
119	136	0.770704
119	151	0.877817
119	153	0.761744
119	157	0.814168
119	166	0.834211
119	172	0.835826
119	174	0.818817
119	175	0.779592
119	177	0.76244
119	178	0.762441
119	180	0.790844
120	30	0.888019
120	54	0.927465
120	57	0.918087
120	63	0.919765
120	71	0.819681
120	72	0.897687
120	78	0.874725
120	80	0.929534
120	83	0.932143
120	87	0.923604
120	89	0.966698
120	93	1.02296
120	97	0.88592
120	103	0.935097
120	111	0.918908
120	116	0.912373
120	119	0.763328
120	135	0.890931
120	143	0.938883
120	152	0.924332
120	157	2.54084
120	159	1.55294
120	163	4.16521
120	166	2.21521
120	169	0.822882
120	179	0.819662
120	180	0.839902
121	8	3.12074
121	56	3.00337
121	73	0.866317
121	81	1.67589
121	118	0.871258
121	122	0.791834
121	133	0.799813
121	138	0.772298
121	139	0.816826
121	150	0.773081
121	151	0.846685
121	154	0.817353
121	155	0.81198
121	157	0.783036
121	161	0.756502
121	163	0.761084
121	164	0.810473
121	165	0.781764
121	166	0.803079
121	167	0.781269
121	171	0.76202
121	172	0.804693
121	175	0.74846
121	176	0.756709
121	177	0.731307
121	178	0.731308
122	8	2.4849
122	38	2.55604
122	46	3.05906
122	62	0.767478
122	106	0.802135
122	121	0.791834
122	124	0.767447
122	125	0.817906
122	128	0.817432
122	134	0.767657
122	135	0.813434
122	137	0.805455
122	140	0.760865
122	154	0.820047
122	155	0.814673
122	159	0.854649
122	160	0.770961
122	164	0.813167
122	165	0.784458
122	166	0.805773
122	170	0.777945
122	172	0.807387
122	173	0.758409
122	175	0.751153
122	176	0.759403
122	177	0.734001
122	178	0.734002
123	32	1.67771
123	72	3.11274
123	106	0.830912
123	109	0.82975
123	111	1.15717
123	113	0.844638
123	126	0.831449
123	136	0.771042
123	138	0.803768
123	139	0.848296
123	141	0.824874
123	147	0.74473
123	149	0.805081
123	155	0.84345
123	159	0.883426
123	161	0.787973
123	162	1.72606
123	164	0.841944
123	165	0.813235
123	166	0.834549
123	167	0.812739
123	170	0.806721
123	171	0.79349
123	172	0.836163
123	173	0.787186
123	175	0.77993
123	176	0.78818
123	177	0.762778
123	178	0.762779
124	37	4.30368
124	62	0.740398
124	65	0.731472
124	68	4.09632
124	96	0.717683
124	113	0.788781
124	115	0.748797
124	122	0.767447
124	134	0.740577
124	137	0.778375
124	142	0.825195
124	149	0.749224
124	150	0.748695
124	154	0.792967
124	156	0.759987
124	159	0.82757
124	161	0.732116
124	163	0.736698
124	165	0.757378
124	166	0.778693
124	170	0.750865
124	173	0.731329
124	174	0.763298
124	175	0.724073
124	176	0.732323
124	177	0.706921
124	178	0.706922
124	180	0.735325
125	37	1.44623
125	53	2.31173
125	75	0.882617
125	89	2.03989
125	93	0.893448
125	122	0.817906
125	134	0.791036
125	137	0.828834
125	138	0.79837
125	145	0.835589
125	146	0.820298
125	149	0.799683
125	152	1.90753
125	155	0.838052
125	156	0.810446
125	158	0.834469
125	160	0.794339
125	161	0.782575
125	163	0.787157
125	164	0.836546
125	166	0.829151
125	167	0.807341
125	170	0.801323
125	171	0.788092
125	173	0.781788
125	174	0.813757
125	176	0.782782
125	177	0.75738
125	178	0.757381
126	33	2.59954
126	67	3.14066
126	96	0.752908
126	104	1.30913
126	105	0.859106
126	112	0.894893
126	114	0.858318
126	116	2.25067
126	119	0.831111
126	123	0.831449
126	128	0.825577
126	130	0.824575
126	131	0.790511
126	133	0.810651
126	136	0.75041
126	139	0.827664
126	147	0.724098
126	154	0.828191
126	156	0.795212
126	159	0.862794
126	160	0.779105
126	164	0.821312
126	167	0.792107
126	168	0.863177
126	171	0.772858
126	173	0.766554
126	174	0.798523
126	175	0.759298
126	176	0.767547
126	177	0.742146
126	178	0.742147
127	27	1.68105
127	44	2.47677
127	60	2.03068
127	93	0.892808
127	102	2.5115
127	110	0.766246
127	118	0.896691
127	133	0.825246
127	134	0.790396
127	136	0.765004
127	138	0.79773
127	139	0.842259
127	140	0.783604
127	142	0.875014
127	155	0.837412
127	157	0.808468
127	158	0.833829
127	159	0.877389
127	160	0.7937
127	163	0.786517
127	165	0.807197
127	170	0.800684
127	172	0.830126
127	173	0.781148
127	174	0.813117
127	175	0.773892
127	176	0.782142
127	177	0.75674
127	178	0.756741
128	79	0.907119
128	91	1.81429
128	92	0.888202
128	103	2.78469
128	106	0.82504
128	116	1.95271
128	122	0.817432
128	126	0.825577
128	134	0.790562
128	138	0.797896
128	140	0.78377
128	149	0.799209
128	150	0.79868
128	153	0.75621
128	154	0.842952
128	159	0.877554
128	160	0.793866
128	161	0.782101
128	162	1.42199
128	163	0.786683
128	165	0.807363
128	166	0.828678
128	167	0.806867
128	171	0.787618
128	172	0.830292
128	175	0.774058
128	176	0.782308
128	177	0.756906
128	178	0.756907
128	179	0.76507
129	1	0.842883
129	4	0.941416
129	8	0.83803
129	11	2.13549
129	27	0.903539
129	36	0.891933
129	39	0.891852
129	42	0.887316
129	44	0.893332
129	50	0.865632
129	53	1.53151
129	61	2.79919
129	94	1.33795
129	116	1.49587
129	136	0.771449
129	144	0.899273
129	148	0.773508
129	150	0.804959
129	153	0.762489
129	156	0.816251
129	157	0.814914
129	158	0.840274
129	162	0.876755
129	167	0.813147
129	170	0.807129
129	172	0.836571
129	173	0.787594
129	177	0.763185
129	178	0.763186
129	179	0.771349
129	180	0.791589
130	38	2.96887
130	42	2.4825
130	58	0.743941
130	75	0.881141
130	79	0.906117
130	81	1.45287
130	109	0.822876
130	110	0.765409
130	117	0.726929
130	118	0.895855
130	126	0.824575
130	134	0.78956
130	138	0.796894
130	144	1.11579
130	149	0.798207
130	150	0.797678
130	154	0.841949
130	158	0.832992
130	161	0.781099
130	164	0.83507
130	167	0.805865
130	169	0.767288
130	170	0.799847
130	172	0.829289
130	173	0.780312
130	174	0.812281
130	175	0.773056
130	176	0.781305
130	177	0.755904
130	178	0.755905
130	179	0.764068
131	23	0.760223
131	48	3.06787
131	58	0.709878
131	65	0.746392
131	82	3.0058
131	106	0.789975
131	112	0.874588
131	113	0.803701
131	126	0.790511
131	136	0.730105
131	139	0.807359
131	140	0.748704
131	142	0.840114
131	143	2.19278
131	149	0.764144
131	150	0.763614
131	154	0.807886
131	158	0.798929
131	159	0.842489
131	160	0.7588
131	161	0.747036
131	163	0.751617
131	164	0.801007
131	165	0.772298
131	171	0.752553
131	172	0.795226
131	173	0.746249
131	175	0.738993
131	176	0.747242
131	177	0.72184
131	178	0.721842
131	179	0.730005
132	2	0.819345
132	3	0.899921
132	16	0.888176
132	18	0.866106
132	19	0.865297
132	25	2.46693
132	28	2.82479
132	33	0.857604
132	37	0.864829
132	40	0.856364
132	43	0.857319
132	46	0.857244
132	47	0.869207
132	48	0.864664
132	51	0.847688
132	52	0.847212
132	55	0.846967
132	86	1.58757
132	88	1.47421
132	89	1.2465
132	134	0.773116
132	144	0.875547
132	148	0.749782
132	149	0.781763
132	156	0.792526
132	163	0.769237
132	164	0.818626
132	165	0.789917
132	172	0.812846
132	174	0.795837
132	176	0.764862
132	178	0.739461
133	68	2.12125
133	75	0.867218
133	82	2.31375
133	96	0.752743
133	98	3.10614
133	105	0.858941
133	111	2.05885
133	113	0.82384
133	121	0.799813
133	126	0.810651
133	127	0.825246
133	138	0.782971
133	141	0.804077
133	142	0.860254
133	151	0.857358
133	158	0.819069
133	159	0.862629
133	160	0.77894
133	161	0.767175
133	164	0.821146
133	165	0.792437
133	166	0.813752
133	167	0.791942
133	169	0.753365
133	171	0.772692
133	173	0.766389
133	174	0.798357
133	175	0.759133
133	176	0.767382
133	177	0.74198
133	178	0.741981
133	180	0.770384
134	65	0.731682
134	70	1.5155
134	87	3.53811
134	92	0.838428
134	98	4.54638
134	110	0.716637
134	122	0.767657
134	124	0.740577
134	125	0.791036
134	127	0.790396
134	128	0.790562
134	130	0.78956
134	132	0.773116
134	139	0.79265
134	142	0.825405
134	151	0.822508
134	154	0.793177
134	158	0.78422
134	159	0.82778
134	160	0.744091
134	164	0.786297
134	167	0.757092
134	168	0.828162
134	170	0.751075
134	171	0.737843
134	172	0.780517
134	173	0.731539
134	174	0.763508
134	175	0.724283
134	176	0.732533
134	178	0.707132
134	180	0.735535
135	4	1.74349
135	6	0.853705
135	10	0.844153
135	15	0.923697
135	17	0.830538
135	21	0.835503
135	34	0.814337
135	48	1.12877
135	67	2.80141
135	78	0.816135
135	80	0.870944
135	85	2.1193
135	89	0.908108
135	97	0.82733
135	116	0.853783
135	120	0.890931
135	122	0.813434
135	147	0.734861
135	151	0.868285
135	152	0.865742
135	153	0.752212
135	158	0.829997
135	161	0.778103
135	162	1.3807
135	168	0.873939
135	169	0.764292
135	171	0.78362
135	172	0.826294
135	175	0.77006
135	176	0.77831
135	177	0.752908
135	178	0.752909
135	179	0.761072
135	180	0.781312
136	1	0.761437
136	4	0.85997
136	14	3.39689
136	20	3.19525
136	32	0.812881
136	36	0.810486
136	42	0.80587
136	44	0.811886
136	50	3.90786
136	64	0.783183
136	90	0.774051
136	98	0.814392
136	101	0.769195
136	102	0.809074
136	104	0.818867
136	106	0.749873
136	107	0.799157
136	119	0.770704
136	123	0.771042
136	126	0.75041
136	127	0.765004
136	129	0.771449
136	131	0.730105
136	157	0.733467
136	158	0.758828
136	161	0.706934
136	162	0.795309
136	163	0.711516
136	166	0.753511
136	172	0.755125
136	174	0.738116
136	175	0.698891
136	177	0.681739
