1	30	1.17264
1	43	1.0192
1	94	1.04623
1	106	1.02823
1	121	0.77989
1	155	1.07961
1	157	1.05852
1	158	0.806468
1	159	0.81262
1	162	1.07527
1	163	1.05724
1	174	1.06306
2	30	0.481514
2	93	1.19631
2	100	1.1945
2	104	0.685368
2	122	0.642462
2	148	1.18769
2	151	0.589828
2	159	1.2034
2	161	1.20827
2	164	1.19989
2	165	1.19823
2	172	1.21171
3	22	0.754393
3	53	0.733555
3	78	0.905393
3	91	1.06791
3	139	1.0935
3	160	1.05961
3	170	1.06568
3	173	1.05186
3	176	1.0767
3	177	1.05201
3	178	1.07032
3	179	1.06242
4	8	0.564173
4	14	1.11593
4	98	1.17745
4	114	1.20585
4	130	1.25246
4	144	0.639334
4	155	1.22289
4	162	1.21855
4	163	1.20052
4	172	0.594322
4	174	1.20635
4	178	0.605308
5	36	0.54736
5	62	1.13941
5	133	1.21796
5	159	1.20213
5	161	1.207
5	164	1.19862
5	165	1.19696
5	172	1.21044
5	173	0.64855
5	174	0.598075
5	178	0.608797
5	180	1.22749
6	27	0.745212
6	106	0.864445
6	112	1.08127
6	161	0.786877
6	167	1.07532
6	169	1.07234
6	170	1.06318
6	171	1.0564
6	176	1.07421
6	177	1.04952
6	178	1.06783
6	179	1.05993
7	49	0.557972
7	133	1.21068
7	143	1.19041
7	155	0.59344
7	159	1.19484
7	161	1.19971
7	164	1.19133
7	165	1.18968
7	166	0.617609
7	167	0.635275
7	172	1.20315
7	180	1.2202
8	4	0.564173
8	45	0.576479
8	110	0.631155
8	113	0.625544
8	121	1.22983
8	159	1.19102
8	161	1.19589
8	164	1.18751
8	172	1.19933
8	177	1.18924
8	178	1.20755
8	179	1.19965
9	80	0.59481
9	154	0.585571
9	156	1.17303
9	159	0.6211
9	168	1.18626
9	169	1.21575
9	171	1.19982
9	175	0.592317
9	176	1.21762
9	177	1.19293
9	178	1.21125
9	179	1.20334
10	18	0.596016
10	125	1.19325
10	152	0.635528
10	158	1.19936
10	159	1.19627
10	161	1.20114
10	164	1.19276
10	165	1.1911
10	166	0.572228
10	171	0.603778
10	172	1.20458
10	175	1.22155
11	38	1.17344
11	50	0.695533
11	94	1.18647
11	114	1.20281
11	135	1.20568
11	148	0.6078
11	155	1.21985
11	157	1.19876
11	162	1.21551
11	163	1.19748
11	164	0.550093
11	167	0.550455
12	35	0.814103
12	46	0.702625
12	54	0.8795
12	92	1.1321
12	149	1.03255
12	168	1.04789
12	171	1.06144
12	173	1.0544
12	176	1.07924
12	177	1.05455
12	178	1.07287
12	179	1.06496
13	21	0.606018
13	45	0.586956
13	156	1.17418
13	161	0.607757
13	168	1.18741
13	170	1.20774
13	171	1.20096
13	176	1.21876
13	177	1.19407
13	178	1.21239
13	179	1.20448
13	180	0.592823
14	4	1.11593
14	19	0.754405
14	46	1.13472
14	120	0.816776
14	156	1.02084
14	162	1.06618
14	163	1.04814
14	164	0.823455
14	168	1.03407
14	169	1.06356
14	176	1.06543
14	179	1.05115
15	51	0.542401
15	90	0.618114
15	117	1.19357
15	146	1.20519
15	150	1.18907
15	161	1.20133
15	164	1.19295
15	165	1.1913
15	169	0.639245
15	170	0.608757
15	172	1.20477
15	180	1.22182
16	58	0.562058
16	91	1.20516
16	99	0.624378
16	143	0.602885
16	147	1.2236
16	164	0.603944
16	166	1.21448
16	168	1.18259
16	171	1.19614
16	173	1.18911
16	177	1.18926
16	179	1.19967
17	118	1.14655
17	120	0.679432
17	122	1.12666
17	130	0.602909
17	155	0.644637
17	165	0.667782
17	169	1.17097
17	170	1.16181
17	173	1.148
17	176	1.17284
17	177	1.14815
17	178	1.16646
17	179	1.15856
18	10	0.596016
18	121	1.18303
18	135	0.678015
18	156	1.12255
18	163	0.67622
18	166	1.16766
18	169	1.16527
18	170	1.15611
18	171	1.14933
18	177	1.14244
18	178	1.16076
18	179	1.15285
18	180	0.64644
19	14	0.754405
19	86	1.17723
19	104	1.10238
19	127	0.561555
19	137	0.666634
19	142	1.14958
19	151	1.16757
19	153	1.14922
19	154	1.17451
19	167	1.16358
19	174	1.15101
19	179	0.622368
19	180	1.16492
20	55	0.728335
20	58	1.18408
20	78	1.13301
20	117	1.15034
20	140	0.612578
20	143	1.14881
20	150	1.14584
20	164	1.14972
20	165	1.14807
20	170	0.621222
20	172	1.16154
20	179	0.644872
20	180	1.17859
21	13	0.606018
21	97	0.61141
21	104	1.10535
21	108	1.17887
21	113	1.15411
21	136	1.14232
21	152	0.699147
21	153	1.15219
21	154	1.17748
21	168	0.689382
21	174	1.15398
21	175	1.16781
21	180	1.16789
22	3	0.754393
22	48	1.1887
22	50	0.711942
22	80	1.1638
22	132	1.14965
22	142	1.14042
22	153	1.14006
22	154	1.16535
22	167	1.15442
22	174	1.14185
22	177	0.588428
22	178	0.550026
22	180	1.15575
23	59	0.63648
23	77	1.12245
23	128	1.19805
23	140	0.628644
23	152	0.701344
23	158	1.1526
23	159	1.14951
23	161	1.15438
23	163	0.639256
23	164	1.146
23	165	1.14434
23	172	1.15782
23	180	1.17487
24	47	1.1043
24	67	0.676014
24	81	1.19173
24	86	0.635086
24	113	0.653776
24	148	1.13496
24	160	1.15649
24	166	1.17411
24	173	1.14874
24	174	0.629253
24	176	1.17358
24	177	1.14889
24	178	1.16721
25	56	1.06862
25	83	1.05988
25	85	0.969948
25	96	1.02369
25	126	1.01784
25	130	1.07985
25	133	0.837278
25	145	1.07819
25	160	1.02811
25	162	1.04595
25	163	1.02791
25	175	0.861243
25	178	0.89989
26	95	1.13766
26	140	0.622068
26	148	1.14124
26	150	1.14956
26	151	0.629071
26	152	0.694769
26	159	1.15695
26	161	1.16182
26	164	1.15344
26	165	1.15178
26	169	0.6612
26	172	1.16526
26	180	1.18231
27	6	0.745212
27	87	0.598871
27	101	1.11969
27	115	1.15882
27	125	1.1503
27	144	0.630776
27	150	1.14593
27	161	1.15819
27	165	1.14816
27	171	0.627472
27	172	1.16163
27	175	1.1786
27	180	1.17868
28	35	1.13365
28	111	1.09621
28	132	1.16913
28	134	1.15481
28	135	0.629717
28	136	1.14967
28	152	0.69001
28	154	1.18482
28	170	0.625953
28	171	0.658261
28	174	1.16132
28	175	1.17515
28	180	1.17523
29	96	1.09441
29	123	0.689974
29	127	1.1586
29	130	1.15057
29	135	1.10684
29	145	1.14891
29	155	1.12101
29	156	0.733436
29	157	1.09991
29	162	1.11667
29	163	1.09863
29	167	0.701298
29	170	0.682875
29	174	1.10446
30	1	1.17264
30	2	0.481514
30	60	0.565745
30	67	1.23843
30	91	0.60334
30	98	1.22507
30	126	1.23807
30	127	1.3081
30	148	0.615519
30	157	1.24942
30	162	1.26617
30	163	1.24814
30	174	1.25396
30	178	0.541337
31	107	1.08108
31	128	0.672904
31	129	0.663783
31	139	1.14648
31	140	1.13623
31	165	0.742226
31	166	1.13021
31	169	1.12781
31	173	1.10484
31	176	1.12968
31	177	1.10499
31	178	1.1233
31	179	1.1154
31	180	0.714682
32	68	0.694941
32	104	1.07533
32	111	1.05884
32	140	1.14196
32	144	1.11813
32	153	1.12216
32	154	1.14745
32	167	1.13653
32	170	0.68457
32	174	1.12395
32	175	1.13778
32	176	0.699427
32	177	0.724557
32	180	1.13786
33	44	1.06188
33	46	1.2019
33	94	1.10432
33	98	1.09225
33	105	0.747955
33	155	1.1377
33	157	1.11661
33	160	1.11552
33	161	0.667628
33	162	1.13336
33	163	1.11532
33	165	0.680238
33	174	1.12115
33	179	0.704155
34	85	0.754224
34	94	0.68281
34	98	0.698252
34	115	1.12274
34	157	0.659662
34	158	1.12033
34	164	1.11373
34	165	1.11207
34	168	1.10879
34	172	1.12555
34	173	1.11531
34	176	1.14015
34	177	1.11546
34	179	1.12587
35	12	0.814103
35	28	1.13365
35	58	0.615575
35	66	0.683093
35	99	1.09423
35	132	1.12452
35	134	1.1102
35	142	1.11529
35	153	1.11493
35	156	0.689961
35	167	1.12929
35	174	1.11672
35	175	1.13054
35	180	1.13062
36	5	0.54736
36	48	0.515608
36	118	1.2387
36	134	0.591622
36	137	1.22727
36	149	1.21829
36	170	1.25396
36	171	1.24718
36	174	0.58072
36	176	1.26499
36	177	1.2403
36	178	1.25861
36	179	1.25071
36	180	0.562044
37	75	1.24194
37	77	1.22428
37	81	0.5372
37	101	1.2177
37	125	1.24831
37	158	1.25443
37	159	1.25133
37	160	0.580843
37	161	1.2562
37	165	1.24617
37	167	0.560179
37	171	0.574063
37	172	1.25964
37	176	0.556613
38	11	1.17344
38	67	1.09899
38	83	1.14066
38	92	0.664883
38	96	1.10448
38	110	1.12152
38	126	1.09863
38	135	1.1169
38	157	1.10998
38	162	1.12673
38	163	1.10869
38	166	0.716909
38	170	0.716151
38	172	0.706751
39	44	0.790224
39	53	0.612884
39	129	0.656278
39	147	1.1374
39	160	1.11066
39	163	0.736956
39	166	1.12828
39	167	1.12886
39	168	1.09639
39	169	1.12588
39	171	1.10994
39	176	1.12775
39	178	1.12137
39	179	1.11347
40	45	1.18251
40	82	0.660718
40	87	1.13178
40	88	1.11456
40	96	1.10386
40	98	1.08501
40	154	0.653597
40	155	1.13045
40	156	0.747966
40	157	1.10936
40	160	1.10827
40	162	1.12611
40	163	1.10808
40	173	0.738744
41	56	1.14545
41	57	1.13613
41	123	0.699553
41	131	1.1293
41	135	1.11295
41	141	0.69883
41	155	1.12712
41	157	1.10603
41	160	1.10494
41	162	1.12278
41	163	1.10474
41	166	0.693211
41	174	1.11057
41	179	0.716104
42	82	1.26616
42	119	1.22559
42	133	1.25281
42	139	0.528576
42	143	1.23254
42	147	0.547841
42	158	1.24006
42	161	1.24184
42	164	1.23346
42	168	0.59832
42	169	0.574517
42	172	1.24528
42	175	1.26225
42	176	0.558886
43	1	1.0192
43	49	0.685333
43	68	1.09386
43	87	1.1184
43	88	1.10117
43	106	1.06569
43	118	0.773265
43	135	1.1029
43	149	0.802269
43	157	1.09598
43	160	1.09489
43	162	1.11273
43	163	1.09469
43	174	1.10052
43	178	0.745799
44	33	1.06188
44	39	0.790224
44	56	1.12
44	67	1.06958
44	87	1.10299
44	98	1.05622
44	100	0.765462
44	106	1.05028
44	130	1.13122
44	145	1.12957
44	153	0.707709
44	155	1.10166
44	162	1.09732
44	163	1.07929
44	169	0.735431
45	8	0.576479
45	13	0.586956
45	40	1.18251
45	85	1.14919
45	97	0.592347
45	106	1.17815
45	122	0.667021
45	126	1.19709
45	135	1.21537
45	155	1.22953
45	157	1.20844
45	160	1.20736
45	162	1.2252
45	163	1.20716
45	175	0.578967
46	12	0.702625
46	14	1.13472
46	33	1.2019
46	47	0.677923
46	54	1.16177
46	63	1.20172
46	85	1.16134
46	96	1.21509
46	155	1.24168
46	162	1.23734
46	163	1.21931
46	167	0.546344
46	169	0.55841
46	172	0.51852
46	174	1.22513
47	24	1.1043
47	46	0.677923
47	132	0.764835
47	138	1.10807
47	151	1.10312
47	160	1.08093
47	166	1.09855
47	169	1.09615
47	170	1.087
47	173	1.07318
47	174	0.790573
47	175	0.762647
47	177	1.07333
47	178	1.09165
47	179	1.08374
48	22	1.1887
48	36	0.515608
48	78	0.625193
48	101	0.664276
48	113	1.19137
48	118	0.604511
48	132	1.19904
48	136	1.17958
48	145	1.23569
48	153	1.18945
48	154	1.21474
48	157	0.585836
48	174	1.19124
48	175	1.20506
48	180	1.20514
49	7	0.557972
49	43	0.685333
49	60	1.20608
49	97	1.24668
49	109	1.19904
49	152	1.18008
49	164	0.608889
49	166	1.20565
49	171	1.18732
49	172	0.581426
49	176	1.20512
49	177	1.18043
49	178	1.19875
49	179	1.19084
49	180	0.563015
50	11	0.695533
50	22	0.711942
50	102	1.12429
50	158	0.798778
50	162	0.791357
50	166	1.10127
50	168	1.06939
50	169	1.09887
50	170	1.08972
50	171	1.08294
50	173	1.0759
50	176	1.10074
50	177	1.07605
50	178	1.09437
50	179	1.08646
51	15	0.542401
51	59	1.21402
51	78	0.633084
51	88	0.603119
51	100	0.64387
51	147	1.22043
51	161	0.570473
51	166	1.21131
51	168	1.17942
51	169	1.20891
51	171	1.19297
51	173	1.18594
51	177	1.18609
51	178	1.20441
51	179	1.1965
52	71	0.623184
52	84	1.21444
52	124	0.623323
52	127	0.544005
52	132	1.20042
52	134	1.1861
52	136	1.18096
52	142	1.19119
52	149	0.639224
52	154	1.21612
52	167	1.20519
52	170	0.581168
52	174	1.19262
52	175	1.20644
52	180	1.20652
53	3	0.733555
53	39	0.612884
53	70	0.593385
53	74	1.19705
53	95	1.17321
53	123	0.534702
53	128	1.24104
53	133	1.20834
53	143	1.18807
53	161	1.19737
53	163	0.529571
53	164	1.18899
53	165	1.18734
53	172	1.20081
53	175	1.21778
54	12	0.8795
54	46	1.16177
54	57	1.10658
54	87	1.0989
54	94	1.06419
54	122	0.75579
54	126	1.06512
54	131	1.09976
54	135	1.0834
54	139	0.689344
54	157	1.07648
54	160	1.07539
54	162	1.09323
54	163	1.07519
54	180	0.676985
55	20	0.728335
55	64	1.08922
55	156	1.06234
55	162	0.734967
55	163	0.758788
55	164	0.774881
55	166	1.10746
55	168	1.07557
55	169	1.10506
55	170	1.0959
55	173	1.08209
55	176	1.10693
55	177	1.08224
55	178	1.10055
55	179	1.09265
56	25	1.06862
56	41	1.14545
56	44	1.12
56	72	0.687385
56	82	0.594747
56	94	1.16244
56	126	1.16337
56	130	1.22538
56	155	1.19582
56	157	1.17473
56	162	1.19148
56	163	1.17344
56	169	0.661922
56	174	1.17927
56	179	0.655083
56	180	0.603623
57	41	1.13613
57	54	1.10658
57	68	1.16329
57	88	1.1706
57	92	0.613088
57	102	0.612748
57	110	1.17694
57	114	1.16945
57	131	1.18868
57	135	1.17232
57	138	0.657827
57	141	0.670732
57	155	1.18649
57	157	1.1654
57	161	0.651479
57	163	1.16412
58	16	0.562058
58	20	1.18408
58	35	0.615575
58	73	1.15666
58	82	1.18153
58	120	1.14046
58	128	1.20087
58	137	0.693798
58	150	1.14495
58	161	1.1572
58	164	1.14883
58	165	1.14717
58	172	1.16064
58	173	0.667221
58	175	1.17761
58	177	0.66587
59	23	0.63648
59	51	1.21402
59	93	0.682203
59	113	0.664285
59	121	1.18644
59	145	0.571552
59	149	1.12384
59	160	1.15345
59	166	1.17107
59	169	1.16867
59	173	1.1457
59	174	0.639763
59	176	1.17054
59	177	1.14585
59	178	1.16417
59	179	1.15626
60	30	0.565745
60	49	1.20608
60	117	0.704172
60	123	1.16847
60	134	0.677468
60	145	0.598354
60	147	1.17791
60	166	1.16878
60	170	1.15723
60	171	1.15045
60	173	1.14342
60	176	1.16825
60	177	1.14356
60	178	1.16188
60	179	1.15397
60	180	0.64789
61	72	0.676423
61	95	1.14279
61	119	1.15069
61	125	1.15906
61	140	0.611828
61	150	1.15469
61	158	1.16517
61	161	1.16695
61	164	1.15857
61	165	1.15691
61	172	1.17039
61	173	0.661811
61	174	0.611336
61	175	1.18736
61	179	0.644122
61	180	1.18744
62	5	1.13941
62	64	0.753258
62	89	1.08059
62	93	1.05168
62	115	1.06427
62	120	1.04689
62	125	1.05575
62	143	1.05434
62	146	1.0675
62	160	0.830889
62	161	1.06364
62	164	1.05526
62	165	1.0536
62	170	0.791801
62	172	1.06708
62	177	0.831789
63	46	1.20172
63	68	1.11431
63	87	1.13885
63	90	0.65701
63	96	1.11092
63	98	1.09207
63	106	1.08614
63	110	1.12796
63	127	1.17511
63	130	1.16708
63	149	0.705709
63	152	0.71171
63	155	1.13752
63	162	1.13318
63	163	1.11514
63	166	0.64841
63	177	0.68764
64	55	1.08922
64	62	0.753258
64	101	0.69998
64	104	0.705062
64	115	0.633103
64	122	1.10343
64	138	1.15965
64	139	1.1664
64	156	1.10502
64	167	1.15072
64	169	1.14773
64	172	0.601762
64	173	1.12476
64	176	1.1496
64	177	1.12491
64	178	1.14323
64	179	1.13532
65	80	1.14296
65	102	0.61299
65	113	1.12115
65	132	1.12882
65	134	1.1145
65	140	1.13902
65	145	1.16546
65	149	0.722654
65	153	1.11922
65	154	1.14451
65	160	0.703686
65	166	0.665355
65	167	1.13359
65	174	1.12101
65	175	1.13484
65	177	0.704585
65	180	1.13492
66	35	0.683093
66	74	0.710847
66	97	1.18593
66	121	1.16028
66	143	0.710403
66	145	0.616053
66	149	1.09768
66	152	1.11933
66	156	1.09979
66	162	0.671549
66	166	1.14491
66	170	1.13335
66	171	1.12657
66	176	1.14438
66	177	1.11969
66	178	1.138
66	179	1.1301
67	24	0.676014
67	30	1.23843
67	38	1.09899
67	44	1.06958
67	85	1.06506
67	110	1.13585
67	130	1.17496
67	131	1.14759
67	135	1.13123
67	141	0.693708
67	155	1.1454
67	162	1.14106
67	163	1.12302
67	166	0.688089
67	170	0.687332
67	174	1.12885
67	180	0.659521
68	32	0.694941
68	43	1.09386
68	57	1.16329
68	63	1.11431
68	83	1.16386
68	85	1.07393
68	110	1.14472
68	135	1.1401
68	140	0.651433
68	155	1.15427
68	160	1.13209
68	162	1.14993
68	163	1.1319
68	173	0.701416
68	174	1.13773
68	176	0.674935
68	179	0.683727
69	111	1.07025
69	113	1.1355
69	134	1.12885
69	136	1.12371
69	139	0.648908
69	142	1.13394
69	144	1.12954
69	148	0.740129
69	151	1.15193
69	153	1.13358
69	154	1.15887
69	166	0.665117
69	174	1.13537
69	175	1.14919
69	178	0.665946
69	179	0.68801
69	180	1.14927
70	53	0.593385
70	80	0.680921
70	124	1.13554
70	125	0.70347
70	138	1.15885
70	146	0.728058
70	156	1.10421
70	160	1.13171
70	166	1.14933
70	168	1.11744
70	169	1.14693
70	171	1.13099
70	173	1.12396
70	177	1.12411
70	178	1.14242
70	179	1.13452
70	180	0.687678
71	52	0.623184
71	93	0.725026
71	114	1.13216
71	136	0.687242
71	143	0.708725
71	154	0.647914
71	155	1.14921
71	157	1.12812
71	162	1.14487
71	163	1.12683
71	168	1.11276
71	169	1.14225
71	174	1.13266
71	176	1.14412
71	177	1.11943
71	178	1.13775
71	179	1.12984
72	56	0.687385
72	61	0.676423
72	73	0.721531
72	81	1.16701
72	112	1.15593
72	137	1.11115
72	138	1.15891
72	145	0.62831
72	149	1.10217
72	155	0.682245
72	156	1.10428
72	170	1.13784
72	171	1.13106
72	173	1.12403
72	176	1.14886
72	177	1.12418
72	179	1.13458
73	58	1.15666
73	72	0.721531
73	78	1.10559
73	95	1.10651
73	115	1.1313
73	117	1.12291
73	125	1.12279
73	128	1.17435
73	133	1.14164
73	134	0.667348
73	138	0.659051
73	161	1.13067
73	164	1.1223
73	166	0.666338
73	172	1.13411
73	179	0.68923
73	180	1.15117
74	53	1.19705
74	66	0.710847
74	77	1.09898
74	115	1.13153
74	118	0.696205
74	120	1.11416
74	123	0.674253
74	133	1.14187
74	140	0.658509
74	143	1.12161
74	146	1.13477
74	161	1.1309
74	164	1.12253
74	165	1.12087
74	166	0.66791
74	172	1.13434
74	180	1.15139
75	37	1.24194
75	89	1.13391
75	100	1.1032
75	103	1.15955
75	120	1.10021
75	124	0.697992
75	128	1.16063
75	158	1.11518
75	159	1.11209
75	164	1.10858
75	165	1.10693
75	167	0.67426
75	168	0.710128
75	170	0.655836
75	172	1.1204
75	175	1.13737
75	176	0.670694
76	84	0.652184
76	91	1.1325
76	92	1.19415
76	93	0.729694
76	116	1.12042
76	123	1.1415
76	130	0.63125
76	151	1.14639
76	161	0.683513
76	165	0.696122
76	168	1.10993
76	170	1.13027
76	171	1.12349
76	173	1.11645
76	176	1.14129
76	177	1.1166
76	179	1.12701
77	23	1.12245
77	37	1.22428
77	74	1.09898
77	96	0.728216
77	115	1.09993
77	131	0.693239
77	143	1.09
77	146	1.10316
77	150	1.08704
77	158	1.09752
77	159	1.09443
77	160	0.742789
77	161	1.0993
77	164	1.09092
77	165	1.08926
77	172	1.10274
77	173	0.74504
77	174	0.694566
78	3	0.905393
78	20	1.13301
78	48	0.625193
78	51	0.633084
78	73	1.10559
78	89	1.12308
78	133	1.1171
78	148	1.08556
78	150	1.09387
78	158	1.10435
78	159	1.10126
78	160	0.738528
78	161	1.10613
78	164	1.09775
78	165	1.0961
78	172	1.10957
78	178	0.701026
78	180	1.12662
79	92	1.1724
79	118	1.09326
79	124	1.10628
79	145	0.669045
79	146	0.758961
79	149	1.07285
79	166	1.12007
79	168	1.08819
79	169	1.11768
79	171	1.10174
79	172	0.736991
79	173	1.0947
79	175	0.70933
79	176	1.11954
79	177	1.09485
79	178	1.11317
79	179	1.10526
79	180	0.71858
80	9	0.59481
80	22	1.1638
80	65	1.14296
80	70	0.680921
80	84	1.18816
80	98	0.664105
80	99	1.14385
80	104	1.11771
80	127	0.577975
80	132	1.17414
80	142	1.16491
80	145	1.21079
80	153	1.16454
80	154	1.18983
80	167	1.17891
80	173	0.656477
80	175	1.18016
80	176	0.629995
80	180	1.18024
81	24	1.19173
81	37	0.5372
81	72	1.16701
81	88	0.66492
81	111	0.770272
81	121	1.20135
81	122	1.13928
81	128	0.575562
81	137	1.14773
81	152	1.16041
81	168	1.1541
81	170	1.17443
81	171	1.16765
81	173	1.16061
81	174	0.636015
81	175	0.60809
81	176	1.18545
81	178	1.17908
81	179	1.17117
82	40	0.660718
82	42	1.26616
82	56	0.594747
82	58	1.18153
82	93	1.14359
82	101	1.11704
82	102	1.19713
82	103	1.19813
82	137	0.680936
82	146	1.15941
82	151	0.611379
82	158	1.15377
82	160	0.652107
82	161	1.15554
82	164	1.14717
82	165	1.14551
82	172	1.15898
82	174	0.603884
82	180	1.17603
83	25	1.05988
83	38	1.14066
83	68	1.16386
83	87	1.1884
83	102	0.576267
83	105	0.695325
83	109	0.615699
83	110	1.17752
83	124	0.67003
83	130	1.21663
83	131	1.18926
83	145	1.21497
83	157	1.16598
83	160	1.16489
83	162	1.18273
83	163	1.1647
83	171	0.660182
83	174	1.17052
83	175	0.590814
84	52	1.21444
84	76	0.652184
84	80	1.18816
84	99	1.14372
84	111	1.10109
84	124	0.647656
84	126	0.614
84	132	1.17401
84	136	1.15455
84	142	1.16478
84	153	1.16442
84	154	1.18971
84	164	0.623563
84	167	1.17878
84	169	0.635989
84	174	1.16621
84	175	1.18003
84	179	0.62915
84	180	1.18011
85	25	0.969948
85	34	0.754224
85	45	1.14919
85	46	1.16134
85	67	1.06506
85	68	1.07393
85	87	1.09847
85	88	1.08124
85	106	1.04576
85	110	1.08759
85	130	1.1267
85	144	0.790257
85	155	1.09714
85	157	1.07605
85	162	1.0928
85	163	1.07477
85	165	0.754378
85	172	0.745244
85	178	0.756231
86	19	1.17723
86	24	0.635086
86	108	1.1955
86	109	0.634227
86	113	1.17074
86	119	1.14777
86	127	0.60924
86	131	0.635941
86	134	1.16409
86	153	1.16882
86	158	1.16225
86	159	1.15916
86	161	1.16403
86	165	1.15399
86	166	0.64716
86	172	1.16747
86	175	1.18444
86	178	0.647989
86	180	1.18452
87	27	0.598871
87	40	1.13178
87	43	1.1184
87	44	1.10299
87	54	1.0989
87	63	1.13885
87	83	1.1884
87	85	1.09847
87	94	1.14543
87	110	1.16926
87	157	1.15772
87	160	1.15663
87	161	0.640536
87	162	1.17447
87	163	1.15644
87	168	0.707704
87	171	0.68572
87	173	0.694752
87	174	1.16226
87	179	0.677062
88	40	1.11456
88	43	1.10117
88	51	0.603119
88	57	1.1706
88	81	0.66492
88	85	1.08124
88	96	1.13499
88	110	1.15203
88	114	1.14454
88	118	0.698527
88	130	1.19115
88	131	1.16377
88	135	1.14742
88	155	1.16158
88	157	1.14049
88	162	1.15725
88	163	1.13921
88	173	0.710813
88	176	0.684332
88	180	0.641664
89	62	1.08059
89	75	1.13391
89	78	1.12308
89	103	1.19076
89	121	0.621451
89	122	0.713452
89	133	1.15914
89	143	1.13888
89	148	1.1276
89	150	1.13592
89	151	0.660818
89	159	1.14331
89	164	1.1398
89	165	1.13814
89	166	0.663216
89	172	1.15161
89	175	1.16858
89	178	0.664045
89	179	0.686109
89	180	1.16866
90	15	0.618114
90	63	0.65701
90	95	0.710861
90	102	1.18488
90	109	1.15525
90	115	0.681004
90	122	1.11515
90	137	1.12361
90	142	0.64971
90	143	0.676066
90	149	1.11463
90	156	1.11674
90	169	1.15946
90	170	1.1503
90	171	1.14352
90	173	1.13649
90	176	1.16133
90	177	1.13664
90	178	1.15495
90	179	1.14705
91	3	1.06791
91	16	1.20516
91	30	0.60334
91	76	1.1325
91	102	1.18206
91	105	1.10666
91	114	0.689976
91	132	0.678423
91	145	0.635949
91	152	1.13347
91	158	0.698865
91	166	1.15904
91	168	1.12716
91	169	1.15665
91	171	1.14071
91	176	1.15851
91	177	1.13382
91	178	1.15214
91	179	1.14423
91	180	0.685485
92	12	1.1321
92	38	0.664883
92	57	0.613088
92	76	1.19415
92	79	1.1724
92	97	1.26172
92	132	0.563565
92	135	0.602201
92	137	1.18244
92	138	1.23021
92	156	1.17558
92	165	0.59817
92	168	1.18881
92	169	1.2183
92	170	1.20914
92	173	1.19532
92	174	0.589302
92	175	0.561376
92	176	1.22016
92	178	1.21379
92	179	1.20588
93	2	1.19631
93	59	0.682203
93	62	1.05168
93	71	0.725026
93	76	0.729694
93	82	1.14359
93	101	1.08076
93	102	1.16085
93	119	1.10301
93	127	0.645847
93	146	1.12313
93	150	1.10701
93	158	1.11749
93	159	1.1144
93	161	1.11927
93	164	1.11089
93	165	1.10923
93	172	1.12271
93	173	0.724349
93	175	1.13968
93	176	0.697868
94	1	1.04623
94	11	1.18647
94	33	1.10432
94	34	0.68281
94	54	1.06419
94	56	1.16244
94	87	1.14543
94	96	1.11751
94	106	1.09272
94	114	1.12706
94	121	0.642223
94	126	1.11166
94	135	1.12993
94	138	0.676702
94	148	0.759
94	156	0.733793
94	157	1.12301
94	162	1.13976
94	163	1.12173
94	169	0.71372
94	174	1.12755
95	26	1.13766
95	53	1.17321
95	61	1.14279
95	73	1.10651
95	90	0.710861
95	103	1.14965
95	119	1.09081
95	125	1.09917
95	129	1.17175
95	139	0.686051
95	143	1.09777
95	147	0.705316
95	148	1.08649
95	155	0.678092
95	158	1.10528
95	159	1.10219
95	163	0.703473
95	164	1.09868
95	167	0.719927
95	172	1.1105
95	180	1.12755
96	25	1.02369
96	29	1.09441
96	38	1.10448
96	40	1.10386
96	46	1.21509
96	63	1.11092
96	77	0.728216
96	88	1.13499
96	94	1.11751
96	98	1.10545
96	99	0.712717
96	106	1.09951
96	116	0.724609
96	155	1.15089
96	157	1.1298
96	162	1.14655
96	163	1.12851
96	174	1.13434
96	177	0.714208
96	178	0.675806
96	180	0.646409
97	21	0.61141
97	45	0.592347
97	49	1.24668
97	66	1.18593
97	92	1.26172
97	103	0.593482
97	123	1.20907
97	129	0.547316
97	138	1.21891
97	148	1.17024
97	156	1.16427
97	159	0.617748
97	162	0.604174
97	165	0.625758
97	166	1.20939
97	168	1.1775
97	171	1.19105
97	173	1.18402
97	177	1.18417
97	178	1.20248
97	179	1.19458
98	4	1.17745
98	30	1.22507
98	33	1.09225
98	34	0.698252
98	40	1.08501
98	44	1.05622
98	63	1.09207
98	80	0.664105
98	96	1.10545
98	114	1.11499
98	125	0.686655
98	135	1.11787
98	145	1.15994
98	149	0.756729
98	151	0.697032
98	157	1.11095
98	160	1.10986
98	162	1.1277
98	163	1.10966
98	174	1.11549
98	178	0.700259
99	16	0.624378
99	35	1.09423
99	80	1.14385
99	84	1.14372
99	96	0.712717
99	104	1.07327
99	108	1.14679
99	111	1.05678
99	113	1.12203
99	132	1.1297
99	136	1.11024
99	139	0.67275
99	142	1.12047
99	153	1.12011
99	154	1.1454
99	156	0.738764
99	173	0.729542
99	174	1.1219
99	175	1.13572
99	177	0.72819
99	180	1.1358
100	2	1.1945
100	44	0.765462
100	51	0.64387
100	75	1.1032
100	101	1.07895
100	117	1.10969
100	120	1.10071
100	125	1.10957
100	127	0.673062
100	128	1.16113
100	131	0.699763
100	143	1.10816
100	150	1.1052
100	158	1.11568
100	163	0.712195
100	164	1.10908
100	165	1.10742
100	166	0.710983
100	172	1.1209
100	175	1.13787
100	180	1.13795
101	27	1.11969
101	37	1.2177
101	48	0.664276
101	64	0.69998
101	82	1.11704
101	93	1.08076
101	100	1.07895
101	117	1.08495
101	120	1.07597
101	144	0.774135
101	146	1.09658
101	150	1.08046
101	151	0.736882
101	158	1.09094
101	159	1.08785
101	161	1.09272
101	164	1.08434
101	165	1.08268
101	168	0.792815
101	170	0.738523
101	172	1.09616
101	180	1.11321
102	50	1.12429
102	57	0.612748
102	65	0.61299
102	82	1.19713
102	83	0.576267
102	90	1.18488
102	91	1.18206
102	93	1.16085
102	106	0.66279
102	111	0.723219
102	113	0.613485
102	125	1.16492
102	136	0.593618
102	150	1.16055
102	164	1.16443
102	165	1.16278
102	166	1.19138
102	169	1.18898
102	172	1.17625
102	176	1.19085
102	177	1.16616
102	178	1.18448
103	75	1.15955
103	82	1.19813
103	89	1.19076
103	95	1.14965
103	97	0.593482
103	117	1.16604
103	120	1.15706
103	123	0.624261
103	133	1.18478
103	142	0.607808
103	146	1.17767
103	148	1.15323
103	150	1.16155
103	158	1.17203
103	160	0.65625
103	165	1.16377
103	167	0.635585
103	171	0.649469
103	172	1.17725
103	175	1.19422
103	179	0.640812
103	180	1.1943
104	2	0.685368
104	19	1.10238
104	21	1.10535
104	32	1.07533
104	64	0.705062
104	80	1.11771
104	99	1.07327
104	105	0.811055
104	132	1.10357
104	133	0.682579
104	134	1.08924
104	142	1.09433
104	144	1.08993
104	151	1.11232
104	153	1.09397
104	154	1.11926
104	167	1.10833
104	170	0.743605
104	171	0.775913
104	174	1.09576
104	175	1.10959
104	180	1.10967
105	33	0.747955
105	83	0.695325
105	91	1.10666
105	104	0.811055
105	107	1.06685
105	116	1.09458
105	124	1.10219
105	152	1.0904
105	157	0.727533
105	159	0.708878
105	161	0.70428
105	166	1.11598
105	167	1.11656
105	168	1.08409
105	169	1.11358
105	170	1.10442
105	171	1.09764
105	173	1.09061
105	176	1.11545
105	177	1.09076
105	178	1.10907
105	179	1.10117
106	1	1.02823
106	6	0.864445
106	43	1.06569
106	44	1.05028
106	45	1.17815
106	63	1.08614
106	85	1.04576
106	94	1.09272
106	96	1.09951
106	102	0.66279
106	114	1.10906
106	120	0.725781
106	130	1.15566
106	131	1.12829
106	153	0.717165
106	155	1.1261
106	157	1.10501
106	160	1.10392
106	162	1.12176
106	163	1.10373
106	170	0.714398
106	178	0.715984
107	31	1.08108
107	105	1.06685
107	112	1.12577
107	116	1.09785
107	119	0.765847
107	120	0.764703
107	128	0.683731
107	130	0.68818
107	141	1.11569
107	144	1.10143
107	152	1.09366
107	156	1.07412
107	160	1.10162
107	166	1.11924
107	168	1.08736
107	169	1.11684
107	170	1.10769
107	172	0.743919
107	174	0.744184
107	177	1.09402
107	178	1.11234
107	179	1.10443
108	21	1.17887
108	86	1.1955
108	99	1.14679
108	111	1.10416
108	127	0.592751
108	129	1.22738
108	134	1.16276
108	136	1.15761
108	139	0.614462
108	141	0.636291
108	144	1.16345
108	151	1.18583
108	153	1.16748
108	154	1.19277
108	163	0.631884
108	164	0.647977
108	167	1.18185
108	169	0.660403
108	172	0.620514
108	174	1.16927
108	175	1.1831
108	180	1.18318
109	49	1.19904
109	83	0.615699
109	86	0.634227
109	90	1.15525
109	111	0.762651
109	117	0.666001
109	118	1.13494
109	136	0.63305
109	138	1.17127
109	139	1.17803
109	143	0.654533
109	147	1.17088
109	149	1.11453
109	156	1.11664
109	161	0.624654
109	168	1.12987
109	170	1.1502
109	171	1.14342
109	173	1.13639
109	176	1.16122
109	177	1.13653
109	178	1.15485
109	179	1.14694
110	8	0.631155
110	38	1.12152
110	57	1.17694
110	63	1.12796
110	67	1.13585
110	68	1.14472
110	83	1.17752
110	85	1.08759
110	87	1.16926
110	88	1.15203
110	126	1.13549
110	129	0.591994
110	140	0.66206
110	145	1.19583
110	151	0.669063
110	155	1.16793
110	157	1.14684
110	159	0.662426
110	162	1.16359
110	163	1.14555
110	169	0.701192
110	174	1.15138
110	176	0.685561
111	28	1.09621
111	32	1.05884
111	69	1.07025
111	81	0.770272
111	84	1.10109
111	99	1.05678
111	102	0.723219
111	108	1.10416
111	109	0.762651
111	112	0.768775
111	113	1.0794
111	122	0.82582
111	134	1.07276
111	136	1.06761
111	142	1.07784
111	144	1.07344
111	151	1.09583
111	153	1.07748
111	154	1.10277
111	155	0.751415
111	174	1.07927
111	175	1.0931
111	180	1.09318
112	6	1.08127
112	72	1.15593
112	107	1.12577
112	111	0.768775
112	119	0.656181
112	123	1.17458
112	135	0.647418
112	139	1.19117
112	149	1.12767
112	152	1.14932
112	156	1.12978
112	159	0.635376
112	161	0.630778
112	163	0.645623
112	168	1.14301
112	170	1.16334
112	171	1.15656
112	173	1.14952
112	175	0.606593
112	176	1.17436
112	177	1.14967
112	178	1.16799
112	179	1.16008
113	8	0.625544
113	21	1.15411
113	24	0.653776
113	48	1.19137
113	59	0.664285
113	65	1.12115
113	69	1.1355
113	86	1.17074
113	99	1.12203
113	102	0.613485
113	111	1.0794
113	129	1.20262
113	136	1.13286
113	143	0.682096
113	151	1.16108
113	153	1.14273
113	154	1.16802
113	156	0.715655
113	162	0.643242
113	167	1.1571
113	174	1.14452
113	175	1.15835
113	180	1.15843
114	4	1.20585
114	11	1.20281
114	57	1.16945
114	71	1.13216
114	88	1.14454
114	91	0.689976
114	94	1.12706
114	98	1.11499
114	106	1.10906
114	116	0.676775
114	126	1.12799
114	130	1.19
114	144	0.661998
114	147	0.630199
114	155	1.16044
114	157	1.13935
114	160	1.13826
114	162	1.1561
114	163	1.13806
114	170	0.626387
114	171	0.658694
114	174	1.14389
114	177	0.666374
115	27	1.15882
115	34	1.12274
115	62	1.06427
115	64	0.633103
115	73	1.1313
115	74	1.13153
115	77	1.09993
115	90	0.681004
115	116	0.722035
115	117	1.12409
115	120	1.1151
115	124	0.713802
115	125	1.12396
115	128	1.17552
115	146	1.13571
115	161	1.13185
115	164	1.12347
115	165	1.12182
115	167	0.69007
115	172	1.13529
115	175	1.15226
115	178	0.673233
115	179	0.695296
115	180	1.15234
116	76	1.12042
116	96	0.724609
116	105	1.09458
116	107	1.09785
116	114	0.676775
116	115	0.722035
116	122	1.10026
116	133	0.639068
116	139	1.16324
116	141	1.14342
116	145	0.622748
116	164	0.718157
116	166	1.14697
116	167	1.14756
116	168	1.11508
116	169	1.14457
116	170	1.13541
116	171	1.12863
116	173	1.1216
116	174	0.690959
116	176	1.14644
116	177	1.12175
116	178	1.14006
116	179	1.13216
117	15	1.19357
117	20	1.15034
117	60	0.704172
117	73	1.12291
117	100	1.10969
117	101	1.08495
117	103	1.16604
117	109	0.666001
117	115	1.12409
117	139	0.662725
117	140	0.669533
117	143	1.11416
117	146	1.12732
117	158	1.12168
117	159	1.11859
117	161	1.12346
117	164	1.11508
117	165	1.11342
117	168	0.732469
117	172	1.1269
117	174	0.669042
117	175	1.14387
117	179	0.701827
117	180	1.14395
118	17	1.14655
118	36	1.2387
118	43	0.773265
118	48	0.604511
118	74	0.696205
118	79	1.09326
118	88	0.698527
118	109	1.13494
118	124	1.12776
118	137	1.1033
118	147	1.15067
118	149	1.09432
118	150	0.716095
118	152	1.11597
118	156	1.09643
118	162	0.656907
118	166	1.14155
118	168	1.10966
118	169	1.13915
118	170	1.13
118	177	1.11633
118	178	1.13465
118	179	1.12674
118	180	0.650947
119	42	1.22559
119	61	1.15069
119	86	1.14777
119	93	1.10301
119	95	1.09081
119	107	0.765847
119	112	0.656181
119	120	1.09822
119	128	1.15864
119	129	1.17965
119	140	0.653589
119	141	0.668609
119	146	1.11883
119	147	0.666045
119	150	1.10271
119	156	0.712795
119	158	1.11319
119	159	1.1101
119	164	1.10659
119	165	1.10493
119	172	1.11841
119	175	1.13538
119	179	0.685883
119	180	1.13546
120	14	0.816776
120	17	0.679432
120	58	1.14046
120	62	1.04689
120	74	1.11416
120	75	1.10021
120	100	1.10071
120	101	1.07597
120	103	1.15706
120	106	0.725781
120	107	0.764703
120	115	1.1151
120	119	1.09822
120	131	0.650627
120	146	1.11834
120	150	1.10222
120	158	1.1127
120	159	1.10961
120	161	1.11448
120	164	1.1061
120	169	0.691578
120	172	1.11792
120	175	1.13489
120	176	0.675947
120	180	1.13497
121	1	0.77989
121	8	1.22983
121	18	1.18303
121	59	1.18644
121	66	1.16028
121	81	1.20135
121	89	0.621451
121	94	0.642223
121	137	1.14549
121	147	1.19286
121	152	1.15816
121	154	0.56489
121	155	0.585285
121	157	0.619075
121	165	0.60843
121	167	1.18432
121	168	1.15185
121	169	1.18134
121	170	1.17218
121	171	1.1654
121	175	0.571636
121	176	1.1832
121	177	1.15851
121	178	1.17683
121	179	1.16892
122	2	0.642462
122	17	1.12666
122	45	0.667021
122	54	0.75579
122	64	1.10343
122	81	1.13928
122	89	0.713452
122	90	1.11515
122	111	0.82582
122	116	1.10026
122	138	1.13118
122	141	1.11811
122	147	1.13078
122	149	1.07443
122	152	1.09608
122	163	0.702668
122	167	1.12225
122	168	1.08977
122	170	1.11011
122	171	1.10332
122	172	0.691299
122	176	1.12113
122	177	1.09644
122	178	1.11476
122	179	1.10685
123	29	0.689974
123	41	0.699553
123	53	0.534702
123	60	1.16847
123	74	0.674253
123	76	1.1415
123	97	1.20907
123	103	0.624261
123	112	1.17458
123	143	0.673808
123	146	0.669375
123	148	1.1289
123	152	1.14247
123	156	1.12293
123	166	1.16805
123	167	1.16863
123	168	1.13616
123	169	1.16565
123	170	1.15649
123	171	1.14971
123	173	1.14268
123	176	1.16752
123	177	1.14283
123	178	1.16114
123	179	1.15324
123	180	0.628994
124	52	0.623323
124	70	1.13554
124	75	0.697992
124	79	1.10628
124	83	0.67003
124	84	0.647656
124	105	1.10219
124	115	0.713802
124	118	1.12776
124	131	1.16132
124	134	0.693629
124	139	1.17084
124	141	1.15102
124	149	1.10734
124	152	1.129
124	161	0.678985
124	162	0.67001
124	166	1.15457
124	168	1.12269
124	169	1.15217
124	170	1.14302
124	171	1.13624
124	173	1.1292
124	176	1.15404
124	177	1.12935
124	178	1.14767
124	179	1.13976
125	10	1.19325
125	27	1.1503
125	37	1.24831
125	61	1.15906
125	62	1.05575
125	70	0.70347
125	73	1.12279
125	95	1.09917
125	98	0.686655
125	100	1.10957
125	102	1.16492
125	115	1.12396
125	128	1.167
125	158	1.12156
125	159	1.11846
125	160	0.676775
125	161	1.12333
125	164	1.11495
125	165	1.1133
125	166	0.638445
125	167	0.656111
125	168	0.691979
125	172	1.12677
125	173	0.679026
125	175	1.14374
125	177	0.677675
125	180	1.14382
126	25	1.01784
126	30	1.23807
126	38	1.09863
126	45	1.19709
126	54	1.06512
126	56	1.16337
126	84	0.614
126	94	1.11166
126	110	1.13549
126	114	1.12799
126	127	1.18263
126	130	1.1746
126	135	1.13087
126	145	1.17294
126	148	0.733974
126	155	1.14504
126	157	1.12395
126	160	1.12286
126	162	1.1407
126	163	1.12266
126	167	0.676629
126	168	0.712497
126	171	0.690513
126	173	0.699545
126	174	1.12849
126	175	0.621144
126	178	0.659792
127	19	0.561555
127	29	1.1586
127	30	1.3081
127	52	0.544005
127	63	1.17511
127	80	0.577975
127	86	0.60924
127	93	0.645847
127	100	0.673062
127	108	0.592751
127	126	1.18263
127	132	0.57767
127	153	0.61531
127	155	1.21507
127	157	1.19398
127	162	1.21074
127	163	1.1927
127	166	1.21051
127	168	1.17863
127	169	1.20812
127	170	1.19896
127	171	1.19218
127	173	1.18515
127	174	1.19853
127	176	1.20998
127	177	1.1853
127	179	1.1957
128	23	1.19805
128	31	0.672904
128	53	1.24104
128	58	1.20087
128	73	1.17435
128	75	1.16063
128	81	0.575562
128	100	1.16113
128	107	0.683731
128	115	1.17552
128	119	1.15864
128	125	1.167
128	143	1.1656
128	144	0.615728
128	146	1.17875
128	152	0.644174
128	158	1.17312
128	159	1.17002
128	160	0.619204
128	161	1.17489
128	164	1.16651
128	165	1.16486
128	166	0.580874
128	167	0.59854
128	172	1.17833
128	175	1.1953
128	177	0.620104
128	180	1.19538
129	31	0.663783
129	39	0.656278
129	95	1.17175
129	97	0.547316
129	108	1.22738
129	110	0.591994
129	113	1.20262
129	119	1.17965
129	132	1.2103
129	134	1.19597
129	142	1.20106
129	143	1.18661
129	153	1.2007
129	154	1.22599
129	158	1.19413
129	161	1.19591
129	162	0.549145
129	164	1.18753
129	165	1.18587
129	166	0.571753
129	169	0.601485
129	172	1.19935
129	173	0.612335
129	174	1.20249
129	175	1.21632
129	177	0.610984
129	180	1.2164
130	4	1.25246
130	17	0.602909
130	25	1.07985
130	29	1.15057
130	44	1.13122
130	56	1.22538
130	63	1.16708
130	67	1.17496
130	76	0.63125
130	83	1.21663
130	85	1.1267
130	88	1.19115
130	106	1.15566
130	107	0.68818
130	114	1.19
130	126	1.1746
130	135	1.19288
130	137	0.652482
130	150	0.621904
130	153	0.587333
130	155	1.20704
130	157	1.18595
130	162	1.2027
130	163	1.18467
130	164	0.602629
130	169	0.615055
130	174	1.1905
130	176	0.599424
131	41	1.1293
131	54	1.09976
131	57	1.18868
131	67	1.14759
131	77	0.693239
131	83	1.18926
131	86	0.635941
131	88	1.16377
131	100	0.699763
131	106	1.12829
131	120	0.650627
131	124	1.16132
131	133	0.578217
131	138	1.18463
131	146	0.651813
131	150	0.676581
131	154	0.595436
131	155	1.17967
131	163	1.1573
131	166	1.17511
131	169	1.17271
131	171	1.15678
131	173	1.14974
131	174	1.16312
131	176	1.17458
131	177	1.14989
131	178	1.16821
131	179	1.1603
131	180	0.611433
132	22	1.14965
132	28	1.16913
132	35	1.12452
132	47	0.764835
132	48	1.19904
132	52	1.20042
132	65	1.12882
132	80	1.17414
132	84	1.17401
132	91	0.678423
132	92	0.563565
132	99	1.1297
132	104	1.10357
132	127	0.57767
132	129	1.2103
132	136	1.14053
132	140	1.1702
132	142	1.15077
132	150	0.65217
132	153	1.1504
132	154	1.17569
132	167	1.16477
132	169	0.645322
132	174	1.15219
132	175	1.16602
132	176	0.629691
132	177	0.654821
132	179	0.638483
132	180	1.1661
133	5	1.21796
133	7	1.21068
133	25	0.837278
133	42	1.25281
133	53	1.20834
133	73	1.14164
133	74	1.14187
133	78	1.1171
133	89	1.15914
133	103	1.18478
133	104	0.682579
133	116	0.639068
133	131	0.578217
133	143	1.13289
133	144	0.624291
133	146	1.14605
133	147	0.592492
133	150	1.12993
133	158	1.14041
133	159	1.13732
133	161	1.14219
133	164	1.13381
133	165	1.13215
133	168	0.642971
133	171	0.620987
133	172	1.14563
133	175	1.1626
133	178	0.590265
133	180	1.16268
134	28	1.15481
134	35	1.1102
134	36	0.591622
134	52	1.1861
134	60	0.677468
134	65	1.1145
134	69	1.12885
134	73	0.667348
134	86	1.16409
134	104	1.08924
134	108	1.16276
134	111	1.07276
134	124	0.693629
134	129	1.19597
134	136	1.12621
134	137	0.719389
134	142	1.13644
134	144	1.13205
134	145	1.18232
134	147	0.655285
134	151	1.15443
134	153	1.13608
134	154	1.16137
134	167	1.15045
134	171	0.683781
134	174	1.13787
134	175	1.1517
134	176	0.666331
134	178	0.653059
134	180	1.15178
135	11	1.20568
135	18	0.678015
135	28	0.629717
135	29	1.10684
135	38	1.1169
135	41	1.11295
135	43	1.1029
135	45	1.21537
135	54	1.0834
135	57	1.17232
135	67	1.13123
135	68	1.1401
135	88	1.14742
135	92	0.602201
135	94	1.12993
135	98	1.11787
135	112	0.647418
135	126	1.13087
135	130	1.19288
135	144	0.689081
135	148	0.729238
135	155	1.16331
135	157	1.14222
135	160	1.14113
135	162	1.15897
135	163	1.14094
135	170	0.65347
135	171	0.685777
135	174	1.14677
135	177	0.693457
136	21	1.14232
136	28	1.14967
136	48	1.17958
136	52	1.18096
136	69	1.12371
136	71	0.687242
136	84	1.15455
136	99	1.11024
136	102	0.593618
136	108	1.15761
136	109	0.63305
136	111	1.06761
136	113	1.13286
136	132	1.14053
136	134	1.12621
136	140	1.15074
136	142	1.1313
136	145	1.17718
136	148	0.720995
136	149	0.703282
136	151	1.14929
136	153	1.13094
136	154	1.15623
136	163	0.647195
136	167	1.1453
136	169	0.675715
136	173	0.686565
136	175	1.14655
136	176	0.660084
136	180	1.14663
137	19	0.666634
137	36	1.22727
137	58	0.693798
137	72	1.11115
137	81	1.14773
137	82	0.680936
137	90	1.12361
137	92	1.18244
137	118	1.1033
137	121	1.14549
137	130	0.652482
137	134	0.719389
137	139	1.14639
137	141	1.12657
137	142	0.708268
137	144	1.1123
137	147	1.13924
137	149	1.08289
137	154	0.673815
137	156	1.085
137	160	1.11249
137	163	0.719591
137	166	1.13011
137	169	1.12772
137	170	1.11856
137	173	1.10475
137	175	0.680561
137	176	1.12958
137	177	1.10489
137	178	1.12321
137	179	1.1153
138	47	1.10807
138	57	0.657827
138	64	1.15965
138	70	1.15885
138	72	1.15891
138	73	0.659051
138	92	1.23021
138	94	0.676702
138	97	1.21891
138	109	1.17127
138	122	1.13118
138	131	1.18463
138	140	1.1839
138	141	1.17433
138	149	1.13065
138	152	1.1523
138	155	0.619765
138	156	1.13276
138	157	0.653554
138	159	0.634899
138	168	1.146
138	169	1.17548
138	170	1.16633
138	172	0.633776
138	173	1.15251
138	174	0.634041
138	175	0.606115
138	176	1.17735
138	177	1.15266
138	178	1.17098
138	179	1.16307
138	180	0.615366
139	3	1.0935
139	31	1.14648
139	42	0.528576
139	54	0.689344
139	64	1.1664
139	69	0.648908
139	95	0.686051
139	99	0.67275
139	108	0.614462
139	109	1.17803
139	112	1.19117
139	116	1.16324
139	117	0.662725
139	124	1.17084
139	137	1.14639
139	140	1.19066
139	149	1.13741
139	150	0.671591
139	156	1.13952
139	160	1.16702
139	166	1.18463
139	168	1.15275
139	169	1.18224
139	170	1.17308
139	171	1.1663
139	172	0.624853
139	173	1.15927
139	175	0.597192
139	176	1.18411
139	177	1.15942
139	178	1.17773
139	179	1.16983
140	20	0.612578
140	23	0.628644
140	26	0.622068
140	31	1.13623
140	32	1.14196
140	61	0.611828
140	65	1.13902
140	68	0.651433
140	74	0.658509
140	110	0.66206
140	117	0.669533
140	119	0.653589
140	132	1.1702
140	136	1.15074
140	138	1.1839
140	139	1.19066
140	142	1.16097
140	153	1.1606
140	154	1.18589
140	161	0.628185
140	167	1.17497
140	169	1.17199
140	170	1.16283
140	171	1.15605
140	173	1.14901
140	174	1.16239
140	175	1.17622
140	176	1.17385
140	177	1.14916
140	178	1.16748
140	179	1.15957
140	180	1.1763
141	41	0.69883
141	57	0.670732
141	67	0.693708
141	107	1.11569
141	108	0.636291
141	116	1.14342
141	119	0.668609
141	122	1.11811
141	124	1.15102
141	137	1.12657
141	138	1.17433
141	142	0.646728
141	144	1.147
141	146	0.668652
141	147	1.17394
141	149	1.11759
141	151	1.16938
141	152	1.13924
141	160	1.14719
141	162	0.634231
141	165	0.655815
141	166	1.16481
