1	11	0.768207
1	34	0.904039
1	37	0.811964
1	65	0.799205
1	91	0.793966
1	97	0.776643
1	129	1.73116
1	150	1.75098
1	164	2.17936
1	168	0.784123
1	171	0.825987
1	173	0.749364
2	46	0.770743
2	47	0.861021
2	73	0.868329
2	80	0.838401
2	95	0.77326
2	96	0.773188
2	107	0.795235
2	123	1.41397
2	131	0.824016
2	148	1.51171
2	178	0.720227
2	179	2.83689
3	71	0.839468
3	90	0.789254
3	113	0.787487
3	115	0.820022
3	118	0.805424
3	121	0.838758
3	148	1.52012
3	161	0.797885
3	169	0.716814
3	171	0.81938
3	172	2.13112
3	178	2.09306
4	49	0.933717
4	71	0.922388
4	76	1.41207
4	90	0.872174
4	115	0.902942
4	118	0.888344
4	121	0.921678
4	144	0.881673
4	161	0.880806
4	171	0.902301
4	172	1.49517
4	175	2.24663
5	10	0.940455
5	28	0.900722
5	44	0.931316
5	50	0.895991
5	57	0.895753
5	94	1.15574
5	159	0.91122
5	161	1.2845
5	163	0.903301
5	164	0.835748
5	172	1.80865
5	178	1.77058
6	10	0.834994
6	28	0.795261
6	44	0.825855
6	50	0.79053
6	57	0.790293
6	139	0.841331
6	149	1.46617
6	159	0.805759
6	160	2.05619
6	163	0.79784
6	164	0.730288
6	178	2.17999
7	17	0.819171
7	85	1.12898
7	89	0.788514
7	100	0.817646
7	104	0.812568
7	105	0.816638
7	108	0.797354
7	151	1.98203
7	161	0.794125
7	168	0.773756
7	171	0.81562
7	175	2.61658
8	17	0.814766
8	19	1.70426
8	88	0.779026
8	89	0.78411
8	100	0.813242
8	104	0.808163
8	105	0.812234
8	108	0.79295
8	112	1.94112
8	150	1.97532
8	158	0.839139
8	171	0.811215
9	16	1.34267
9	32	0.910469
9	65	0.670904
9	145	0.697653
9	167	0.968941
9	170	0.961733
9	174	0.852928
9	175	0.843128
9	176	0.909757
9	177	0.875026
9	179	0.852343
9	180	0.918509
10	5	0.940455
10	6	0.834994
10	44	0.939765
10	50	0.90444
10	57	0.904203
10	127	0.869609
10	142	1.06398
10	159	0.919669
10	163	0.911751
10	164	0.844198
10	174	2.25553
10	177	1.83712
11	1	0.768207
11	36	0.821601
11	66	0.818372
11	91	0.806094
11	97	0.788771
11	132	1.91927
11	138	1.81503
11	154	0.789834
11	164	2.02104
11	168	0.796251
11	171	0.838115
11	173	0.761492
12	61	0.923916
12	77	0.881229
12	84	0.923812
12	92	0.903358
12	111	0.841728
12	117	0.927898
12	120	0.947614
12	137	1.41208
12	142	0.87986
12	178	0.842894
12	179	2.37865
12	180	1.41089
13	47	0.880845
13	63	0.816734
13	80	0.858225
13	95	0.793083
13	96	0.793011
13	106	2.20839
13	107	0.815059
13	143	1.77812
13	149	1.68904
13	157	0.749519
13	164	0.762291
13	178	0.740051
14	18	0.892225
14	32	0.864272
14	33	0.86382
14	40	0.972873
14	42	0.929428
14	53	0.894774
14	101	0.994263
14	158	0.944806
14	166	0.861682
14	172	1.86137
14	173	1.55024
14	180	1.60779
15	41	0.965924
15	73	0.97377
15	80	0.943842
15	95	0.878701
15	96	0.878629
15	107	0.900676
15	126	1.62601
15	132	1.384
15	141	1.20491
15	164	0.847909
15	169	1.88852
15	178	0.825668
16	9	1.34267
16	54	0.77508
16	55	0.860067
16	72	0.804775
16	75	0.781448
16	87	0.82759
16	93	0.804017
16	141	1.88905
16	163	0.830552
16	166	0.786
16	172	0.740315
16	173	2.20856
17	7	0.819171
17	8	0.814766
17	70	1.40858
17	88	0.867257
17	100	0.901473
17	104	0.896394
17	105	0.900465
17	108	0.881181
17	124	1.46936
17	153	1.46949
17	168	0.857582
17	171	0.899446
17	176	2.0352
18	14	0.892225
18	32	0.818627
18	33	0.818174
18	40	0.927227
18	42	0.883783
18	53	0.849128
18	59	1.42175
18	129	1.48851
18	139	0.904079
18	142	1.90002
18	150	1.50833
18	158	0.899161
18	166	0.816036
19	8	1.70426
19	29	1.03561
19	134	0.830066
19	155	0.88743
19	160	0.893684
19	167	0.93343
19	169	0.863654
19	171	0.724988
19	174	0.817417
19	175	0.807617
19	176	0.874246
19	179	0.816832
19	180	0.882998
20	22	0.912039
20	62	0.89297
20	78	0.923015
20	81	0.845224
20	83	0.889389
20	86	0.893717
20	110	1.39609
20	127	1.60362
20	149	1.43255
20	155	1.96155
20	169	0.808241
20	172	0.809921
20	173	0.834184
21	34	0.876017
21	36	0.781451
21	37	0.783943
21	48	0.827868
21	91	0.765944
21	97	0.748622
21	101	1.82498
21	130	2.19965
21	153	2.0439
21	154	0.749684
21	168	0.756102
21	171	0.797966
21	173	0.721343
22	20	0.912039
22	38	0.887231
22	60	0.872193
22	64	0.874021
22	78	0.909335
22	81	0.831545
22	106	1.61779
22	134	0.920963
22	137	1.59794
22	168	1.41294
22	172	0.796241
22	173	0.820505
22	178	1.81226
23	90	0.770962
23	113	0.769195
23	115	0.80173
23	118	0.787132
23	119	2.12735
23	121	0.820466
23	125	2.06007
23	144	1.91166
23	145	0.797924
23	154	0.752807
23	159	0.798358
23	169	0.698522
23	171	0.801088
24	55	1.1729
24	92	0.925175
24	121	1.00834
24	149	0.952851
24	151	0.867304
24	159	0.918054
24	165	0.918236
24	174	0.819022
24	175	0.809221
24	176	0.87585
24	177	0.841119
24	179	0.818437
24	180	0.884602
25	30	0.852289
25	35	0.85349
25	52	0.886835
25	69	0.832424
25	74	0.831787
25	79	0.881317
25	99	0.919578
25	122	0.890083
25	159	0.882255
25	161	1.33148
25	167	1.32518
25	173	1.5445
25	177	2.24231
26	32	0.816476
26	33	0.816023
26	40	0.925076
26	42	0.881632
26	53	0.846977
26	99	0.903679
26	133	1.097
26	139	0.901928
26	158	0.89701
26	166	0.813885
26	173	1.45872
26	177	2.15653
26	178	1.73178
27	51	0.844188
27	54	0.852856
27	72	0.88255
27	75	0.859223
27	87	0.905366
27	93	0.881792
27	98	1.37913
27	112	1.31863
27	163	0.908327
27	165	1.78465
27	166	0.863775
27	172	0.81809
27	180	1.8774
28	5	0.900722
28	6	0.795261
28	44	0.900032
28	50	0.864707
28	57	0.86447
28	139	0.915509
28	141	1.22703
28	151	1.97457
28	159	0.879936
28	163	0.872018
28	164	0.804465
28	166	1.45641
28	178	1.8196
29	19	1.03561
29	30	0.865204
29	35	0.866405
29	45	0.835137
29	52	0.89975
29	69	0.845339
29	74	0.844702
29	79	0.894232
29	119	1.68701
29	122	0.902998
29	137	1.83243
29	159	0.89517
29	161	1.56067
30	25	0.852289
30	29	0.865204
30	35	0.831704
30	45	0.800436
30	52	0.865048
30	69	0.810637
30	74	0.810001
30	79	0.859531
30	134	0.887034
30	136	1.61206
30	151	2.15181
30	154	1.59347
30	159	0.860468
30	161	1.51076
31	60	0.959645
31	64	0.961474
31	67	0.96278
31	81	0.918997
31	83	0.963162
31	86	0.96749
31	126	1.34289
31	132	1.10088
31	138	0.996644
31	147	1.41213
31	169	0.882014
31	172	0.883694
31	173	0.907957
31	174	2.35753
32	9	0.910469
32	14	0.864272
32	18	0.818627
32	26	0.816476
32	33	0.790222
32	40	0.899275
32	42	0.85583
32	53	0.821176
32	125	1.6224
32	139	0.876127
32	158	0.871208
32	166	0.788084
32	169	2.14046
32	180	1.83391
33	14	0.86382
33	18	0.818174
33	26	0.816023
33	32	0.790222
33	40	0.898822
33	42	0.855378
33	53	0.820723
33	98	1.37767
33	136	1.70667
33	139	0.875674
33	140	1.647
33	158	0.870756
33	166	0.787632
33	178	2.09145
34	1	0.904039
34	21	0.876017
34	48	1.00385
34	65	0.947165
34	91	0.941926
34	97	0.924603
34	101	1.02514
34	127	1.31142
34	137	1.63986
34	154	0.925666
34	160	1.73038
34	170	1.43312
34	171	0.973947
34	173	0.897324
35	25	0.85349
35	29	0.866405
35	30	0.831704
35	45	0.801637
35	52	0.86625
35	69	0.811839
35	74	0.811202
35	79	0.860733
35	112	1.41508
35	122	0.869498
35	147	2.08713
35	153	1.57924
35	159	0.86167
35	167	1.69698
36	11	0.821601
36	21	0.781451
36	65	0.852598
36	66	0.859638
36	91	0.84736
36	97	0.830037
36	142	1.66633
36	145	0.876216
36	153	1.4046
36	164	1.70301
36	168	0.837517
36	171	0.879381
36	173	0.802758
36	178	2.01472
37	1	0.811964
37	21	0.783943
37	66	0.862129
37	91	0.849851
37	97	0.832528
37	140	1.29758
37	145	0.878708
37	146	1.93838
37	154	0.833591
37	168	0.840009
37	169	1.83307
37	171	0.881873
37	172	1.7801
37	173	0.80525
38	22	0.887231
38	60	0.861064
38	64	0.862892
38	67	0.864199
38	81	0.820416
38	83	0.864581
38	86	0.868908
38	123	1.47648
38	140	1.7027
38	152	1.80712
38	165	1.83889
38	169	0.783432
38	172	0.785112
38	173	0.809376
39	84	0.942782
39	92	0.922328
39	102	0.953135
39	103	0.946322
39	109	0.928294
39	117	0.946868
39	120	0.966584
39	152	1.01197
39	160	1.22819
39	163	0.951657
39	165	1.04374
39	177	1.77675
39	178	0.861864
39	179	2.10424
40	14	0.972873
40	18	0.927227
40	26	0.925076
40	32	0.899275
40	33	0.898822
40	42	0.964431
40	53	0.929776
40	136	1.13444
40	139	0.984727
40	147	1.417
40	156	1.55422
40	166	0.896684
40	169	1.61026
40	176	1.47482
41	15	0.965924
41	46	0.885783
41	63	0.91195
41	80	0.953441
41	95	0.8883
41	96	0.888228
41	99	0.96006
41	107	0.910275
41	126	1.64203
41	128	0.9129
41	130	1.35913
41	151	1.96847
41	164	0.857508
41	178	0.835267
41	180	1.59798
42	14	0.929428
42	18	0.883783
42	26	0.881632
42	32	0.85583
42	33	0.855378
42	40	0.964431
42	53	0.886331
42	59	0.989034
42	99	0.943033
42	123	1.14503
42	155	1.63088
42	158	0.936364
42	166	0.85324
42	169	1.90674
42	172	1.85376
43	51	0.870702
43	54	0.87937
43	55	0.964357
43	72	0.909064
43	75	0.885737
43	87	0.93188
43	93	0.908306
43	141	1.31547
43	155	1.72323
43	161	1.42197
43	163	0.934841
43	164	1.59634
43	166	0.89029
43	168	1.50872
43	172	0.844604
44	5	0.931316
44	6	0.825855
44	10	0.939765
44	28	0.900032
44	50	0.895301
44	57	0.895064
44	101	0.958212
44	116	1.94371
44	126	1.58178
44	144	1.17782
44	159	0.91053
44	162	1.17824
44	163	0.902612
44	164	0.835059
44	176	1.70884
45	29	0.835137
45	30	0.800436
45	35	0.801637
45	52	0.834982
45	69	0.780571
45	74	0.779934
45	79	0.829464
45	99	0.867725
45	114	0.797421
45	124	1.60678
45	134	0.856967
45	148	1.64409
45	154	1.81365
45	159	0.830402
45	176	2.17261
46	2	0.770743
46	41	0.885783
46	63	0.82221
46	73	0.893629
46	80	0.8637
46	95	0.798559
46	96	0.798487
46	107	0.820534
46	122	1.39535
46	145	0.842804
46	153	1.36371
46	164	0.767767
46	173	1.70077
46	175	2.76335
46	178	0.745527
47	2	0.861021
47	13	0.880845
47	63	0.912488
47	80	0.953978
47	95	0.888837
47	96	0.888765
47	107	0.910813
47	131	0.939593
47	145	0.933082
47	154	1.39793
47	155	1.61648
47	168	1.40197
47	170	1.38023
47	176	1.75689
47	178	0.835805
48	21	0.827868
48	34	1.00385
48	65	0.899015
48	66	0.906055
48	91	0.893777
48	97	0.876454
48	145	0.922633
48	146	1.9179
48	156	1.75654
48	166	1.35836
48	167	1.22917
48	168	0.883934
48	170	1.30049
48	171	0.925798
48	173	0.849175
49	4	0.933717
49	58	0.847729
49	90	0.897186
49	110	1.43047
49	112	1.40646
49	113	0.895419
49	115	0.927954
49	118	0.913356
49	121	0.94669
49	128	0.904503
49	133	1.54597
49	149	1.46692
49	162	1.60573
49	169	0.824746
49	171	0.927312
50	5	0.895991
50	6	0.79053
50	10	0.90444
50	28	0.864707
50	44	0.895301
50	57	0.859739
50	101	0.922887
50	126	1.66327
50	139	0.910778
50	156	1.86973
50	159	0.875205
50	161	1.34865
50	162	1.25972
50	163	0.867286
50	164	0.799734
50	178	1.83473
51	27	0.844188
51	43	0.870702
51	54	0.754986
51	55	0.839973
51	72	0.78468
51	75	0.761353
51	87	0.807496
51	93	0.783922
51	101	0.866058
51	146	2.19147
51	147	1.89289
51	154	1.59175
51	163	0.810457
51	166	0.765906
51	172	0.72022
51	178	1.99512
52	25	0.886835
52	29	0.89975
52	30	0.865048
52	35	0.86625
52	45	0.834982
52	69	0.845183
52	74	0.844547
52	79	0.894077
52	114	0.862033
52	127	1.05184
52	134	0.92158
52	156	1.62959
52	159	0.895014
52	172	1.63266
52	173	1.32153
52	179	2.34684
53	14	0.894774
53	18	0.849128
53	26	0.846977
53	32	0.821176
53	33	0.820723
53	40	0.929776
53	42	0.886331
53	99	0.908379
53	137	1.75433
53	139	0.906628
53	144	1.39322
53	158	0.901709
53	161	1.48257
53	166	0.818585
53	168	1.56933
53	180	1.75314
54	16	0.77508
54	27	0.852856
54	43	0.87937
54	51	0.754986
54	55	0.848641
54	72	0.793348
54	75	0.770021
54	87	0.816164
54	93	0.79259
54	111	1.60003
54	141	1.79213
54	163	0.819125
54	165	2.07645
54	166	0.774574
54	172	0.728888
54	180	2.16919
55	16	0.860067
55	24	1.1729
55	43	0.964357
55	51	0.839973
55	54	0.848641
55	72	0.878336
55	75	0.855008
55	87	0.901151
55	93	0.877578
55	111	1.32278
55	123	1.43679
55	163	0.904112
55	164	1.79575
55	166	0.859561
55	172	0.813876
55	180	1.89194
56	57	1.15453
56	90	1.45705
56	116	0.764653
56	128	1.33398
56	145	1.27385
56	153	0.862882
56	162	0.868121
56	165	0.829092
56	167	0.84589
56	170	0.838682
56	172	0.777795
56	175	0.720077
56	176	0.786706
56	177	0.751975
56	179	0.729293
56	180	0.795458
57	5	0.895753
57	6	0.790293
57	10	0.904203
57	28	0.86447
57	44	0.895064
57	50	0.859739
57	56	1.15453
57	94	1.10243
57	101	0.92265
57	139	0.91054
57	153	1.10716
57	159	0.874968
57	163	0.867049
57	164	0.799497
57	175	2.5068
57	178	1.71728
58	49	0.847729
58	90	0.786185
58	113	0.784418
58	115	0.816953
58	118	0.802356
58	121	0.835689
58	138	1.71417
58	145	0.813147
58	154	0.768031
58	159	0.813581
58	161	0.794817
58	165	1.92362
58	168	1.83256
58	169	0.713746
58	171	0.816312
58	176	2.18747
59	18	1.42175
59	42	0.989034
59	63	1.3245
59	113	1.18075
59	126	0.890599
59	145	1.00994
59	146	0.837338
59	148	0.924767
59	155	0.866122
59	165	0.895324
59	173	0.86829
59	174	0.79611
59	175	0.786309
59	176	0.852938
59	177	0.818207
59	179	0.795525
59	180	0.86169
60	22	0.872193
60	31	0.959645
60	38	0.861064
60	62	0.853124
60	64	0.847855
60	67	0.849161
60	78	0.883169
60	86	0.853871
60	124	1.36911
60	152	1.63933
60	158	0.898884
60	169	0.768395
60	170	1.55829
60	172	0.770075
60	173	0.794338
60	178	1.97935
60	180	1.76384
61	12	0.923916
61	77	0.814368
61	82	0.822232
61	84	0.856951
61	92	0.836497
61	102	0.867304
61	103	0.860491
61	109	0.842463
61	112	1.29051
61	117	0.861037
61	120	0.880753
61	124	1.45455
61	134	0.90031
61	148	1.49186
61	167	1.57241
61	177	2.48955
61	178	0.776033
62	20	0.89297
62	60	0.853124
62	67	0.856259
62	78	0.890266
62	81	0.812476
62	83	0.856641
62	86	0.860968
62	94	1.63362
62	119	1.88872
62	134	0.901894
62	144	1.67304
62	149	1.53464
62	150	1.50838
62	158	0.905982
62	169	0.775492
62	172	0.777172
62	173	0.801436
63	13	0.816734
63	41	0.91195
63	46	0.82221
63	47	0.912488
63	59	1.3245
63	73	0.919797
63	80	0.889868
63	95	0.824727
63	96	0.824655
63	107	0.846702
63	145	0.868972
63	149	1.43734
63	150	1.41108
63	153	1.54105
63	164	0.793935
63	169	2.24221
63	178	0.771694
64	22	0.874021
64	31	0.961474
64	38	0.862892
64	60	0.847855
64	78	0.884997
64	81	0.807207
64	83	0.851371
64	86	0.855699
64	106	1.68978
64	119	1.52452
64	134	0.896624
64	165	1.576
64	169	0.770223
64	172	0.771903
64	173	0.796166
64	176	1.83985
64	180	1.66875
65	1	0.799205
65	9	0.670904
65	34	0.947165
65	36	0.852598
65	48	0.899015
65	66	0.84937
65	91	0.837092
65	97	0.819769
65	129	1.04995
65	145	0.865948
65	154	0.820832
65	157	1.73272
65	168	0.827249
65	169	1.90089
65	171	0.869113
65	173	0.79249
65	174	2.65302
66	11	0.818372
66	36	0.859638
66	37	0.862129
66	48	0.906055
66	65	0.84937
66	70	1.39212
66	76	2.0181
66	91	0.844131
66	97	0.826808
66	101	1.2341
66	119	1.70339
66	145	0.872988
66	154	0.827871
66	160	1.93933
66	168	0.834288
66	171	0.876152
66	173	0.799529
67	31	0.96278
67	38	0.864199
67	60	0.849161
67	62	0.856259
67	78	0.886303
67	81	0.808513
67	83	0.852678
67	86	0.857005
67	110	1.35524
67	123	1.43486
67	151	2.26049
67	158	0.902019
67	167	1.61314
67	169	0.771529
67	170	1.68446
67	172	0.773209
67	173	0.797473
68	77	0.8207
68	82	0.828563
68	84	0.863282
68	85	1.5258
68	92	0.842828
68	102	0.873635
68	103	0.866822
68	109	0.848794
68	112	1.4496
68	117	0.867369
68	120	0.887084
68	131	0.886153
68	144	1.64845
68	162	1.64887
68	163	0.872157
68	178	0.782364
68	180	2.00837
69	25	0.832424
69	29	0.845339
69	30	0.810637
69	35	0.811839
69	45	0.780571
69	52	0.845183
69	74	0.790136
69	79	0.839666
69	99	0.877927
69	114	0.807622
69	122	0.848432
69	134	0.867169
69	143	1.32509
69	146	2.14618
69	155	1.76502
69	156	1.98483
69	159	0.840603
69	170	1.52877
70	17	1.40858
70	66	1.39212
70	109	1.36361
70	126	0.86104
70	136	0.884587
70	137	0.864959
70	148	0.895208
70	153	0.899556
70	155	0.836564
70	156	0.829752
70	158	0.961674
70	163	1.13768
70	174	0.766552
70	175	0.756751
70	176	0.82338
70	177	0.788649
70	179	0.765967
70	180	0.832132
71	3	0.839468
71	4	0.922388
71	90	0.885857
71	111	1.1918
71	113	0.88409
71	114	0.880272
71	115	0.916625
71	118	0.902027
71	121	0.93536
71	130	1.5221
71	133	1.3417
71	145	0.912819
71	159	0.913253
71	161	0.894488
71	167	1.48409
71	171	0.915983
71	173	1.70342
71	180	1.76096
72	16	0.804775
72	27	0.88255
72	43	0.909064
72	51	0.78468
72	54	0.793348
72	55	0.878336
72	75	0.799716
72	87	0.845859
72	93	0.822285
72	122	0.864567
72	144	1.34296
72	157	1.84126
72	162	1.34337
72	163	0.84882
72	166	0.804268
72	170	1.49733
72	172	0.758583
72	175	2.70791
73	2	0.868329
73	15	0.97377
73	46	0.893629
73	63	0.919797
73	95	0.896146
73	96	0.896074
73	107	0.918121
73	119	1.46902
73	128	0.920746
73	137	1.61444
73	138	1.31105
73	145	0.940391
73	147	1.72653
73	157	0.852582
73	164	0.865354
73	165	1.5205
73	168	1.42944
73	178	0.843113
74	25	0.831787
74	29	0.844702
74	30	0.810001
74	35	0.811202
74	45	0.779934
74	52	0.844547
74	69	0.790136
74	79	0.83903
74	99	0.87729
74	101	0.921995
74	114	0.806986
74	122	0.847795
74	132	1.33756
74	134	0.866532
74	159	0.839967
74	172	1.7891
74	175	2.54056
74	177	2.17579
75	16	0.781448
75	27	0.859223
75	43	0.885737
75	51	0.761353
75	54	0.770021
75	55	0.855008
75	72	0.799716
75	85	0.869996
75	87	0.822531
75	93	0.798958
75	122	0.84124
75	142	1.6211
75	163	0.825493
75	166	0.780941
75	168	1.57017
75	169	2.06053
75	172	0.735256
75	176	1.92508
75	178	1.96949
76	4	1.41207
76	66	2.0181
76	86	1.7541
76	101	0.86854
76	132	0.809026
76	134	1.79617
76	138	0.812176
76	146	0.716014
76	147	0.761169
76	152	0.786022
76	153	0.80779
76	160	0.751053
76	165	0.774
76	167	0.790799
76	174	0.674786
76	175	0.664985
76	176	0.731614
76	177	0.696883
76	180	0.740366
77	12	0.881229
77	61	0.814368
77	68	0.8207
77	82	0.779545
77	92	0.79381
77	102	0.824617
77	103	0.817804
77	109	0.799776
77	114	0.798077
77	117	0.81835
77	120	0.838066
77	131	0.837135
77	139	0.86663
77	150	1.24329
77	160	1.85957
77	164	1.67167
77	166	1.62019
77	178	0.733346
77	179	2.73562
78	20	0.923015
78	22	0.909335
78	60	0.883169
78	62	0.890266
78	64	0.884997
78	67	0.886303
78	81	0.84252
78	83	0.886685
78	85	1.06172
78	86	0.891013
78	124	1.14956
78	158	0.936026
78	164	1.4481
78	165	1.45155
78	169	0.805537
78	172	0.807217
78	173	0.83148
78	174	2.60297
78	176	1.71539
79	25	0.881317
79	29	0.894232
79	30	0.859531
79	35	0.860733
79	45	0.829464
79	52	0.894077
79	69	0.839666
79	74	0.83903
79	99	0.92682
79	114	0.856516
79	116	2.11446
79	122	0.897325
79	133	1.28923
79	134	0.916063
79	144	1.34857
79	159	0.889497
79	166	1.56081
79	168	1.52468
79	173	1.65094
80	2	0.838401
80	13	0.858225
80	15	0.943842
80	41	0.953441
80	46	0.8637
80	47	0.953978
80	63	0.889868
80	95	0.866217
80	96	0.866145
80	107	0.888193
80	122	1.32914
80	136	1.52284
80	141	1.31505
80	150	1.16754
80	157	0.822653
80	164	0.835425
80	170	1.48656
80	178	0.813185
80	179	2.65987
81	20	0.845224
81	22	0.831545
81	31	0.918997
81	38	0.820416
81	62	0.812476
81	64	0.807207
81	67	0.808513
81	78	0.84252
81	83	0.808895
81	86	0.813223
81	142	1.94173
81	150	1.55004
81	158	0.858236
81	161	1.80404
81	166	1.92693
81	169	0.727747
81	170	1.86906
81	172	0.729427
81	173	0.75369
82	61	0.822232
82	68	0.828563
82	77	0.779545
82	84	0.822127
82	92	0.801673
82	102	0.83248
82	103	0.825668
82	109	0.807639
82	117	0.826214
82	120	0.84593
82	139	0.874494
82	141	1.38574
82	142	0.778175
82	144	1.40289
82	163	0.831002
82	166	1.61513
82	169	2.06935
82	178	0.74121
82	179	2.73056
83	20	0.889389
83	31	0.963162
83	38	0.864581
83	62	0.856641
83	64	0.851371
83	67	0.852678
83	78	0.886685
83	81	0.808895
83	86	0.857387
83	132	1.63931
83	133	1.41802
83	134	0.898312
83	135	1.90295
83	154	1.64942
83	158	0.902401
83	168	1.65347
83	169	0.771911
83	170	1.63173
83	172	0.773591
83	173	0.797855
84	12	0.923812
84	39	0.942782
84	61	0.856951
84	68	0.863282
84	82	0.822127
84	92	0.836392
84	102	0.867199
84	103	0.860387
84	109	0.842358
84	116	1.90088
84	117	0.860933
84	120	0.880649
84	123	1.03976
84	132	1.29695
84	136	1.32565
84	142	0.812894
84	151	1.8654
84	163	0.865721
84	175	2.49995
84	178	0.775929
85	7	1.12898
85	68	1.5258
85	75	0.869996
85	78	1.06172
85	87	0.916139
85	91	0.897729
85	93	0.892566
85	97	0.880406
85	121	1.24481
85	128	1.19865
85	158	0.934613
85	168	0.887886
85	171	0.92975
85	172	0.828864
85	173	0.853127
85	174	0.780946
85	175	0.771146
85	176	0.837775
85	179	0.780361
85	180	0.846527
86	20	0.893717
86	31	0.96749
86	38	0.868908
86	60	0.853871
86	62	0.860968
86	64	0.855699
86	67	0.857005
86	76	1.7541
86	78	0.891013
86	81	0.813223
86	83	0.857387
86	133	1.16437
86	148	1.22621
86	158	0.906729
86	165	1.49089
86	169	0.776239
86	170	1.37808
86	172	0.777919
86	173	0.802182
86	179	2.55139
87	16	0.82759
87	27	0.905366
87	43	0.93188
87	51	0.807496
87	54	0.816164
87	55	0.901151
87	72	0.845859
87	75	0.822531
87	85	0.916139
87	93	0.8451
87	106	1.76771
87	122	0.887382
87	127	1.41943
87	152	1.62216
87	155	1.77737
87	163	0.871635
87	166	0.827084
87	168	1.56286
87	172	0.781398
87	173	1.68913
88	8	0.779026
88	17	0.867257
88	89	0.836601
88	100	0.865733
88	104	0.860654
88	105	0.864725
88	108	0.845441
88	123	1.06736
88	128	0.840897
88	131	0.867053
88	141	1.14545
88	142	0.80023
88	147	1.6358
88	157	0.772732
88	158	0.89163
88	161	0.842211
88	168	0.821842
88	169	1.82906
88	171	0.863706
88	177	2.16278
88	179	2.49027
89	7	0.788514
89	8	0.78411
89	88	0.836601
89	100	0.870816
89	104	0.865738
89	105	0.869808
89	108	0.850524
89	128	0.84598
89	131	0.872136
89	135	1.6674
89	138	1.29953
89	142	0.805313
89	154	1.41388
89	157	0.777816
89	158	0.896713
89	161	0.847295
89	168	0.826926
89	169	1.90829
89	171	0.86879
89	176	1.77284
89	177	2.242
90	3	0.789254
90	4	0.872174
90	23	0.770962
90	49	0.897186
90	56	1.45705
90	58	0.786185
90	71	0.885857
90	99	1.16637
90	113	0.833876
90	115	0.866411
90	116	0.751741
90	118	0.851813
90	121	0.885146
90	138	1.50209
90	145	0.862604
90	154	0.817488
90	156	2.0548
90	157	1.94267
90	159	0.863038
90	171	0.865769
90	180	1.80429
91	1	0.793966
91	11	0.806094
91	21	0.765944
91	34	0.941926
91	36	0.84736
91	37	0.849851
91	48	0.893777
91	65	0.837092
91	66	0.844131
91	85	0.897729
91	94	1.51608
91	97	0.81453
91	142	1.78254
91	143	1.50618
91	154	0.815593
91	157	2.0538
91	162	1.55592
91	166	1.76774
91	168	0.82201
91	171	0.863874
91	173	0.787251
92	12	0.903358
92	24	0.925175
92	39	0.922328
92	61	0.836497
92	68	0.842828
92	77	0.79381
92	82	0.801673
92	84	0.836392
92	99	1.00629
92	102	0.846746
92	103	0.839933
92	109	0.821904
92	117	0.840479
92	120	0.860195
92	131	0.859264
92	140	1.41528
92	162	1.28472
92	163	0.845268
92	174	2.7029
92	178	0.755475
92	179	2.61198
93	16	0.804017
93	27	0.881792
93	43	0.908306
93	51	0.783922
93	54	0.79259
93	55	0.877578
93	72	0.822285
93	75	0.798958
93	85	0.892566
93	87	0.8451
93	99	1.33791
93	101	0.903662
93	122	0.863809
93	140	1.7469
93	142	1.84296
93	149	1.47753
93	152	1.85132
93	163	0.848062
93	166	0.80351
93	172	0.757825
93	173	1.91829
94	5	1.15574
94	57	1.10243
94	62	1.63362
94	91	1.51608
94	97	1.49707
94	121	1.32805
94	129	0.937036
94	132	0.891064
94	135	0.843597
94	143	0.909148
94	151	0.805106
94	156	0.820025
94	160	0.833091
94	170	0.865629
94	172	0.804741
94	174	0.756824
94	175	0.747023
94	176	0.813652
94	177	0.778921
94	178	0.805185
94	179	0.756239
94	180	0.822404
95	2	0.77326
95	13	0.793083
95	15	0.878701
95	41	0.8883
95	46	0.798559
95	47	0.888837
95	63	0.824727
95	73	0.896146
95	80	0.866217
95	96	0.801004
95	107	0.823051
95	122	1.57434
95	128	0.825676
95	130	1.69845
95	131	0.851832
95	155	1.96801
95	157	0.757512
95	160	2.02902
95	162	1.57781
95	164	0.770284
95	166	1.78963
95	178	0.748044
96	2	0.773188
96	13	0.793011
96	15	0.878629
96	41	0.888228
96	46	0.798487
96	47	0.888765
96	63	0.824655
96	73	0.896074
96	80	0.866145
96	95	0.801004
96	107	0.822979
96	128	0.825604
96	131	0.85176
96	135	1.47218
96	144	1.0466
96	151	1.777
96	157	0.75744
96	164	0.770212
96	174	2.46519
96	176	1.57762
96	178	0.747972
96	179	2.37428
97	1	0.776643
97	11	0.788771
97	21	0.748622
97	34	0.924603
97	36	0.830037
97	37	0.832528
97	48	0.876454
97	65	0.819769
97	66	0.826808
97	85	0.880406
97	91	0.81453
97	94	1.49707
97	111	1.32724
97	124	1.50168
97	145	0.843387
97	150	1.37184
97	154	0.79827
97	168	0.804687
97	171	0.846552
97	173	0.769928
97	176	2.06751
97	177	2.53667
98	27	1.37913
98	33	1.37767
98	100	1.34104
98	104	1.36665
98	118	1.11337
98	124	0.879187
98	127	0.905402
98	137	0.83769
98	138	0.876672
98	141	0.88467
98	143	0.891606
98	147	0.825666
98	157	0.797112
98	162	0.877526
98	170	0.848087
98	171	1.02235
98	173	0.811463
98	174	0.739282
98	175	0.729482
98	177	0.76138
98	179	0.738697
98	180	0.804863
99	25	0.919578
99	26	0.903679
99	41	0.96006
99	42	0.943033
99	45	0.867725
99	53	0.908379
99	69	0.877927
99	74	0.87729
99	79	0.92682
99	90	1.16637
99	92	1.00629
99	93	1.33791
99	104	1.22699
99	113	1.15397
99	120	1.01183
99	158	0.958411
99	162	0.919929
99	166	0.875287
99	175	0.771884
99	177	0.803782
99	179	0.7811
99	180	0.847265
100	7	0.817646
100	8	0.813242
100	17	0.901473
100	88	0.865733
100	89	0.870816
100	98	1.34104
100	104	0.89487
100	105	0.89894
100	108	0.879656
100	116	0.783894
100	127	1.51206
100	128	0.875112
100	129	1.29491
100	142	0.834445
100	149	1.34099
100	157	0.806948
100	158	0.925845
100	161	0.876427
100	167	1.56243
100	168	0.856058
100	171	0.897922
100	172	2.09288
100	180	1.8393
101	14	0.994263
101	21	1.82498
101	34	1.02514
101	44	0.958212
101	50	0.922887
101	51	0.866058
101	57	0.92265
101	66	1.2341
101	74	0.921995
101	76	0.86854
101	93	0.903662
101	114	1.27348
101	130	0.892511
101	155	0.862056
101	163	0.930197
101	164	0.862645
101	170	0.900848
101	171	0.907095
101	172	0.83996
101	175	0.782243
101	177	0.81414
101	180	0.857624
102	39	0.953135
102	61	0.867304
102	68	0.873635
102	77	0.824617
102	82	0.83248
102	84	0.867199
102	92	0.846746
102	103	0.87074
102	109	0.852711
102	114	0.851012
102	116	2.20403
102	117	0.871286
102	120	0.891002
102	122	1.43509
102	130	1.5592
102	134	0.910559
102	141	1.421
102	142	0.823248
102	148	1.44064
102	154	1.61021
102	163	0.876075
102	173	1.74052
102	178	0.786282
103	39	0.946322
103	61	0.860491
103	68	0.866822
103	77	0.817804
103	82	0.825668
103	84	0.860387
103	92	0.839933
103	102	0.87074
103	109	0.845899
103	112	1.17859
103	114	0.8442
103	117	0.864473
103	120	0.884189
103	122	1.37439
103	134	0.903746
103	139	0.912753
103	150	1.21279
103	153	1.34275
103	157	1.87574
103	163	0.869262
103	170	1.53181
103	175	2.74239
103	178	0.779469
104	7	0.812568
104	8	0.808163
104	17	0.896394
104	88	0.860654
104	89	0.865738
104	98	1.36665
104	99	1.22699
104	100	0.89487
104	105	0.893862
104	108	0.874578
104	116	0.778815
104	128	0.870034
104	131	0.89619
104	148	1.5075
104	154	1.67706
104	157	0.80187
104	158	0.920767
104	161	0.871348
104	162	1.50542
104	167	1.58805
104	168	0.850979
104	171	0.892843
104	180	1.86492
105	7	0.816638
105	8	0.812234
105	17	0.900465
105	88	0.864725
105	89	0.869808
105	100	0.89894
105	104	0.893862
105	108	0.878649
105	111	1.17857
105	116	0.782886
105	128	0.874105
105	129	1.20334
105	137	1.74893
105	142	0.833438
105	148	1.39031
105	157	0.80594
105	158	0.924837
105	161	0.875419
105	166	1.60006
105	167	1.47087
105	168	0.85505
105	171	0.896914
105	175	2.75277
106	13	2.20839
106	22	1.61779
106	64	1.68978
106	87	1.76771
106	119	0.780687
106	125	0.790323
106	127	0.850073
106	132	0.818195
106	138	0.821344
106	146	0.725182
106	149	0.817783
106	155	0.753967
106	160	0.760221
106	162	0.822198
106	163	1.61423
106	165	0.783169
106	170	0.792759
106	175	0.674154
106	176	0.740783
106	177	0.706051
106	178	0.732315
106	179	0.683369
106	180	0.749535
107	2	0.795235
107	13	0.815059
107	15	0.900676
107	41	0.910275
107	46	0.820534
107	47	0.910813
107	63	0.846702
107	73	0.918121
107	80	0.888193
107	95	0.823051
107	96	0.822979
107	116	2.23692
107	126	1.875
107	127	1.50371
107	128	0.847652
107	131	0.873808
107	132	1.63299
107	145	0.867297
107	148	1.47353
107	157	0.779487
107	162	1.47145
107	164	0.792259
107	168	1.64714
107	178	0.770019
108	7	0.797354
108	8	0.79295
108	17	0.881181
108	88	0.845441
108	89	0.850524
108	100	0.879656
108	104	0.874578
108	105	0.878649
108	116	0.763602
108	125	1.47825
108	128	0.854821
108	131	0.880976
108	142	0.814154
108	143	1.28053
108	148	1.33234
108	157	0.786656
108	158	0.905553
108	161	0.856135
108	165	1.59702
108	167	1.41289
108	168	0.835766
108	171	0.87763
108	174	2.74844
108	178	1.90528
109	39	0.928294
109	61	0.842463
109	68	0.848794
109	70	1.36361
109	77	0.799776
109	82	0.807639
109	84	0.842358
109	92	0.821904
109	102	0.852711
109	103	0.845899
109	114	0.826171
109	117	0.846445
109	120	0.866161
109	131	0.865229
109	134	0.885718
109	139	0.894725
109	148	1.46169
109	156	2.06962
109	162	1.45961
109	163	0.851233
109	164	1.72292
109	168	1.6353
109	173	1.76157
109	178	0.761441
110	20	1.39609
110	49	1.43047
110	67	1.35524
110	111	0.96295
110	115	1.1363
110	126	0.866704
110	130	0.872683
110	131	0.901769
110	134	1.09093
110	141	0.917603
110	151	0.820498
110	155	0.842228
110	156	0.835416
110	162	0.910459
110	163	1.05842
110	164	0.842817
110	165	0.87143
110	167	0.888228
110	174	0.772215
110	175	0.762415
110	176	0.829044
110	177	0.794312
110	179	0.77163
110	180	0.837796
111	12	0.841728
111	54	1.60003
111	55	1.32278
111	71	1.1918
111	97	1.32724
111	105	1.17857
111	110	0.96295
111	124	0.928927
111	125	0.895392
111	127	0.955142
111	136	0.907059
111	144	0.944062
111	148	0.91768
111	149	0.922852
111	152	0.90026
111	153	0.922028
111	158	0.848021
111	159	1.06794
111	169	0.83526
111	175	0.779223
111	176	0.845852
111	177	0.81112
111	178	0.837384
111	179	0.788438
111	180	0.854604
112	8	1.94112
112	27	1.31863
112	35	1.41508
112	49	1.40646
112	61	1.29051
112	68	1.4496
112	103	1.17859
112	119	0.85474
112	132	0.892248
112	135	0.84478
112	141	0.903395
112	146	0.799235
112	148	0.886664
112	149	0.891836
112	151	0.80629
112	162	0.896251
112	167	0.87402
112	169	0.804244
112	170	0.866812
112	174	0.758007
112	175	0.748207
112	176	0.814836
112	177	0.780105
112	179	0.757422
112	180	0.823588
113	3	0.787487
113	23	0.769195
113	49	0.895419
113	58	0.784418
113	59	1.18075
113	71	0.88409
113	90	0.833876
113	99	1.15397
113	114	0.828291
113	115	0.864644
113	116	0.749974
113	118	0.850046
113	121	0.883379
113	128	0.841193
113	136	1.62263
113	143	1.38266
113	145	0.860837
113	147	1.90518
113	154	0.815721
113	159	0.861271
113	161	0.842507
113	167	1.51503
113	169	0.761436
113	171	0.864002
113	175	2.79693
114	45	0.797421
114	52	0.862033
114	69	0.807622
114	71	0.880272
114	74	0.806986
114	77	0.798077
114	79	0.856516
114	101	1.27348
114	102	0.851012
114	103	0.8442
114	109	0.826171
114	113	0.828291
114	118	0.846228
114	120	0.864462
114	121	0.879561
114	132	1.68904
114	135	1.95267
114	143	1.47777
114	159	0.857453
114	160	1.97871
114	169	0.757618
114	170	1.68145
114	171	0.860184
114	173	1.82946
114	178	0.759742
115	3	0.820022
115	4	0.902942
115	23	0.80173
115	49	0.927954
115	58	0.816953
115	71	0.916625
115	90	0.866411
115	110	1.1363
115	113	0.864644
115	116	0.782509
115	118	0.882581
115	121	0.915914
115	123	1.21592
115	128	0.873728
115	145	0.893372
115	147	1.78435
115	154	0.848256
115	155	1.70177
115	159	0.893806
115	161	0.875042
115	164	1.57487
115	167	1.3942
115	169	0.793971
115	171	0.896537
115	172	1.92465
115	176	1.84217
116	44	1.94371
116	56	0.764653
116	79	2.11446
116	84	1.90088
116	90	0.751741
116	100	0.783894
116	102	2.20403
116	104	0.778815
116	105	0.782886
116	107	2.23692
116	108	0.763602
116	113	0.749974
116	115	0.782509
116	118	0.767911
116	121	0.801245
116	125	0.739433
116	136	0.7511
116	162	0.771308
116	168	0.740003
116	169	0.679301
116	170	0.741869
116	171	0.781867
116	174	0.633064
116	176	0.689892
116	179	0.632479
116	180	0.698644
117	12	0.927898
117	39	0.946868
117	61	0.861037
117	68	0.867369
117	77	0.81835
117	82	0.826214
117	84	0.860933
117	92	0.840479
117	102	0.871286
117	103	0.864473
117	109	0.846445
117	120	0.884735
117	131	0.883804
117	134	0.904292
117	138	1.43116
117	139	0.913299
117	142	0.816981
117	146	2.14522
117	149	1.23505
117	161	1.4628
117	162	1.37386
117	163	0.869808
117	164	1.63717
117	173	1.67582
117	176	1.90447
117	178	0.780015
118	3	0.805424
118	4	0.888344
118	23	0.787132
118	49	0.913356
118	58	0.802356
118	71	0.902027
118	90	0.851813
118	98	1.11337
118	113	0.850046
118	114	0.846228
118	115	0.882581
118	116	0.767911
118	121	0.901317
118	122	1.24867
118	128	0.85913
118	143	1.2024
118	145	0.878775
118	152	1.48712
118	153	1.21703
118	154	0.833658
118	159	0.879209
118	161	0.860445
118	169	0.779373
118	171	0.88194
118	172	1.86521
118	177	2.2519
118	179	2.5794
119	23	2.12735
119	29	1.68701
119	62	1.88872
119	64	1.52452
119	66	1.70339
119	73	1.46902
119	106	0.780687
119	112	0.85474
119	126	0.789511
119	133	0.872454
119	136	0.813058
119	138	0.832412
119	142	0.780349
119	146	0.73625
119	147	0.781405
119	150	0.824009
119	156	0.758223
119	160	0.771289
119	166	0.788624
119	167	0.811035
119	170	0.803827
119	175	0.685221
119	177	0.717119
119	178	0.743383
119	179	0.694437
119	180	0.760602
120	12	0.947614
120	39	0.966584
120	61	0.880753
120	68	0.887084
120	77	0.838066
120	82	0.84593
120	84	0.880649
120	92	0.860195
120	99	1.01183
120	102	0.891002
120	103	0.884189
120	109	0.866161
120	114	0.864462
120	117	0.884735
120	127	1.32251
120	131	0.90352
120	134	0.924008
120	135	1.71542
120	139	0.933015
120	142	0.836697
120	151	2.02023
120	160	1.74146
120	161	1.37918
120	163	0.889524
120	165	1.55701
120	166	1.50207
120	168	1.46594
120	178	0.799731
121	3	0.838758
121	4	0.921678
121	23	0.820466
121	24	1.00834
121	49	0.94669
121	58	0.835689
121	71	0.93536
121	85	1.24481
121	90	0.885146
121	94	1.32805
121	113	0.883379
121	114	0.879561
121	115	0.915914
121	116	0.801245
121	118	0.901317
121	125	1.51587
121	128	0.892463
121	129	1.18299
121	145	0.912108
121	154	0.866992
121	157	1.86576
121	159	0.912542
121	161	0.893778
121	166	1.57971
121	168	1.54357
121	169	0.812707
121	171	0.915273
121	180	1.72738
122	25	0.890083
122	29	0.902998
122	35	0.869498
122	46	1.39535
122	69	0.848432
122	72	0.864567
122	74	0.847795
122	75	0.84124
122	79	0.897325
122	80	1.32914
122	87	0.887382
122	93	0.863809
122	95	1.57434
122	102	1.43509
122	103	1.37439
122	118	1.24867
122	131	1.07357
122	139	1.14111
122	149	0.886019
122	155	0.822202
122	156	0.815391
122	166	0.845792
122	172	0.800107
122	175	0.742389
122	176	0.809018
122	177	0.774287
122	179	0.751605
122	180	0.81777
123	2	1.41397
123	38	1.47648
123	42	1.14503
123	55	1.43679
123	67	1.43486
123	84	1.03976
123	88	1.06736
123	115	1.21592
123	132	0.903404
123	133	0.946596
123	137	0.867571
123	138	0.906553
123	140	0.89426
123	141	0.914551
123	143	0.921487
123	144	0.924202
123	147	0.855547
123	151	0.817446
123	152	0.8804
123	156	0.832364
123	162	0.907407
123	165	0.868378
123	167	0.885176
123	170	0.877968
123	171	1.06547
123	175	0.759363
123	176	0.825992
123	177	0.791261
123	180	0.834744
124	17	1.46936
124	45	1.60678
124	60	1.36911
124	61	1.45455
124	78	1.14956
124	97	1.50168
124	98	0.879187
124	111	0.928927
124	125	0.844562
124	126	0.832682
124	127	0.904312
124	130	0.838661
124	133	0.915625
124	135	0.824966
124	150	0.86718
124	151	0.786476
124	152	0.849429
124	159	1.24237
124	162	0.876437
124	163	1.19846
124	165	0.837408
124	167	0.854206
124	173	0.810373
124	174	0.738193
124	175	0.728393
124	176	0.795022
124	177	0.76029
124	179	0.737608
124	180	0.803774
125	23	2.06007
125	32	1.6224
125	106	0.790323
125	108	1.47825
125	111	0.895392
125	116	0.739433
125	121	1.51587
125	124	0.844562
125	129	0.88487
125	131	1.22503
125	133	0.88209
125	135	0.791431
125	140	0.829754
125	144	0.859697
125	145	1.40958
125	147	0.791041
125	154	0.80518
125	155	0.774671
125	160	0.780925
125	163	1.38168
125	165	0.803873
125	169	0.750895
125	170	0.813463
125	174	0.704658
125	175	0.694857
125	176	0.761486
125	177	0.726755
125	179	0.704073
125	180	0.770239
126	15	1.62601
126	31	1.34289
126	41	1.64203
126	44	1.58178
126	50	1.66327
126	59	0.890599
126	70	0.86104
126	107	1.875
126	110	0.866704
126	119	0.789511
126	124	0.832682
126	129	0.87299
126	130	0.793245
126	135	0.77955
126	137	0.791185
126	143	0.845102
126	144	0.847816
126	150	0.821765
126	152	0.804014
126	157	0.750607
126	164	0.763379
126	167	0.808791
126	171	1.56466
126	174	0.692778
126	175	0.682977
126	176	0.749606
126	177	0.714875
126	179	0.692193
126	180	0.758358
127	10	0.869609
127	20	1.60362
127	34	1.31142
127	52	1.05184
127	87	1.41943
127	98	0.905402
127	100	1.51206
127	106	0.850073
127	107	1.50371
127	111	0.955142
127	120	1.32251
127	124	0.904312
127	136	0.882444
127	138	0.901798
127	147	0.850791
127	148	0.893065
127	149	0.898237
127	150	0.893395
127	158	1.08994
127	162	0.902652
127	165	0.863623
127	167	0.880421
127	169	0.810645
127	170	0.873213
127	174	0.764408
127	175	0.754607
127	176	0.821236
127	177	0.786505
127	179	0.763823
127	180	0.829989
128	41	0.9129
128	49	0.904503
128	56	1.33398
128	73	0.920746
128	85	1.19865
128	88	0.840897
128	89	0.84598
128	95	0.825676
128	96	0.825604
128	100	0.875112
128	104	0.870034
128	105	0.874105
128	107	0.847652
128	108	0.854821
128	113	0.841193
128	115	0.873728
128	118	0.85913
128	121	0.892463
128	133	1.26196
128	136	1.51195
128	140	1.45228
128	141	1.30416
128	145	0.869922
128	166	1.53354
128	168	0.831222
128	169	0.77052
128	171	0.873086
128	174	2.7399
128	176	1.85233
128	178	0.772644
129	1	1.73116
129	18	1.48851
129	65	1.04995
129	94	0.937036
129	100	1.29491
129	105	1.20334
129	121	1.18299
129	125	0.88487
129	126	0.87299
129	135	0.865274
129	136	0.896537
129	140	0.903597
129	145	1.0767
129	146	0.819729
129	148	0.907158
129	153	0.911505
129	156	0.841702
129	159	1.09271
129	160	0.854768
129	165	0.877715
129	167	0.894514
129	170	0.887306
129	171	0.976227
129	172	0.826418
129	174	0.778501
129	175	0.7687
129	176	0.835329
129	177	0.800598
129	179	0.777916
129	180	0.844081
130	21	2.19965
130	41	1.35913
130	71	1.5221
130	95	1.69845
130	101	0.892511
130	102	1.5592
130	110	0.872683
130	124	0.838661
130	126	0.793245
130	136	0.816792
130	144	0.853795
130	145	1.38223
130	146	0.739984
130	147	0.78514
130	149	0.832586
130	152	0.809993
130	153	0.831761
130	156	0.761957
130	160	0.775024
130	165	0.797971
130	166	0.792359
130	169	0.744994
130	170	0.807562
130	171	1.28176
130	175	0.688956
130	176	0.755585
130	177	0.720854
130	179	0.698172
130	180	0.764337
131	2	0.824016
131	47	0.939593
131	68	0.886153
131	77	0.837135
131	88	0.867053
131	89	0.872136
131	92	0.859264
131	95	0.851832
131	96	0.85176
131	104	0.89619
131	107	0.873808
131	108	0.880976
131	109	0.865229
131	110	0.901769
131	117	0.883804
131	120	0.90352
131	122	1.07357
131	125	1.22503
131	143	1.0273
131	156	1.68704
131	157	0.808268
131	158	0.927165
131	160	1.52825
131	168	0.857378
131	171	0.899242
131	174	2.49522
131	177	2.0768
131	178	0.7988
131	180	1.43654
132	11	1.91927
132	15	1.384
132	31	1.10088
132	74	1.33756
132	76	0.809026
132	83	1.63931
132	84	1.29695
132	94	0.891064
132	106	0.818195
132	107	1.63299
132	112	0.892248
132	114	1.68904
132	123	0.903404
132	140	0.857626
132	146	0.773757
132	148	0.861186
132	149	0.866358
132	150	0.861516
132	154	0.833052
132	160	0.808796
132	164	0.803131
132	167	0.848542
132	170	0.841334
132	174	0.732529
132	175	0.722729
132	176	0.789358
132	177	0.754627
132	178	0.780891
132	179	0.731944
132	180	0.79811
133	26	1.097
133	49	1.54597
133	71	1.3417
133	79	1.28923
133	83	1.41802
133	86	1.16437
133	119	0.872454
133	123	0.946596
133	124	0.915625
133	125	0.88209
133	128	1.26196
133	141	0.921109
133	144	0.93076
133	146	0.816949
133	147	0.862104
133	150	0.904708
133	155	0.845734
133	156	0.838922
133	160	0.851988
133	161	0.90303
133	163	1.17393
133	170	0.884526
133	171	1.10136
133	172	0.823638
133	174	0.775721
133	175	0.765921
133	177	0.797818
133	178	0.824082
133	179	0.775136
133	180	0.841302
134	19	0.830066
134	22	0.920963
134	30	0.887034
134	45	0.856967
134	52	0.92158
134	61	0.90031
134	62	0.901894
134	64	0.896624
134	69	0.867169
134	74	0.866532
134	76	1.79617
134	79	0.916063
134	83	0.898312
134	102	0.910559
134	103	0.903746
134	109	0.885718
134	110	1.09093
134	117	0.904292
134	120	0.924008
134	140	1.39676
134	147	1.73898
134	152	1.50119
134	157	1.76408
134	159	0.917
134	161	1.35513
134	168	1.44189
134	169	0.817164
134	172	0.818844
134	173	0.843107
134	178	0.819288
134	180	1.6257
135	83	1.90295
135	89	1.6674
135	94	0.843597
135	96	1.47218
135	112	0.84478
135	114	1.95267
135	120	1.71542
135	124	0.824966
135	125	0.791431
135	126	0.77955
135	129	0.865274
135	143	0.837386
135	149	0.818891
135	151	0.733344
135	152	0.796298
135	154	0.785584
135	155	0.755074
135	156	0.748262
135	158	1.48285
135	162	0.823305
135	166	0.778664
135	167	0.801074
135	169	0.731299
135	171	1.58629
135	173	0.757242
135	174	0.685062
135	175	0.675261
135	176	0.74189
135	177	0.707159
135	179	0.684477
135	180	0.750642
136	30	1.61206
136	33	1.70667
136	40	1.13444
136	70	0.884587
136	80	1.52284
136	84	1.32565
136	111	0.907059
136	113	1.62263
136	116	0.7511
136	119	0.813058
136	127	0.882444
136	128	1.51195
136	129	0.896537
136	130	0.816792
136	147	0.802708
136	149	0.850154
136	150	0.845312
136	152	0.827561
136	153	0.849329
136	158	1.24791
136	160	0.792592
136	162	0.854569
136	165	0.815539
136	167	0.832338
136	170	0.82513
136	174	0.716325
136	176	0.773153
136	177	0.738422
136	179	0.71574
136	180	0.781905
137	12	1.41208
