1	95	1.25689
1	107	1.18569
1	119	1.19541
1	125	1.222
1	126	1.19567
1	128	0.739552
1	147	0.926544
1	160	0.758591
1	171	0.681565
1	173	1.18169
1	178	1.15206
1	179	0.846056
2	46	1.27481
2	61	1.15944
2	64	1.05618
2	67	0.649325
2	113	1.20302
2	124	1.22353
2	152	1.27273
2	166	1.23716
2	167	0.806635
2	170	0.934817
2	173	0.77014
2	174	0.788395
3	80	1.141
3	85	1.2201
3	99	1.18625
3	105	1.14732
3	106	0.749181
3	111	1.20103
3	155	1.21773
3	158	0.743653
3	163	0.76293
3	171	1.28831
3	178	0.840098
3	179	0.85622
4	13	1.2097
4	41	0.635828
4	66	1.13151
4	68	1.20299
4	75	1.17846
4	89	1.18956
4	131	1.22123
4	149	1.25259
4	151	0.807441
4	162	0.718769
4	178	0.821709
4	180	0.940676
5	87	0.854268
5	89	0.828529
5	114	0.813398
5	131	0.83349
5	150	1.20971
5	168	1.0552
5	170	1.01383
5	174	1.06891
5	175	1.01442
5	177	1.02535
5	179	1.0492
5	180	0.998585
6	127	1.18426
6	138	1.20255
6	139	1.15735
6	140	1.22226
6	142	1.20455
6	144	1.16546
6	165	0.773349
6	166	1.25045
6	172	0.729757
6	174	0.766188
6	176	0.888089
6	179	0.787705
7	21	1.01825
7	56	0.749283
7	125	0.79878
7	152	0.751848
7	159	1.06568
7	169	1.07914
7	174	1.09273
7	175	1.03824
7	176	1.01477
7	177	1.04917
7	179	1.07302
7	180	1.02241
8	77	1.18907
8	79	1.18724
8	93	1.16568
8	94	1.16597
8	98	1.22445
8	102	1.22438
8	104	1.22405
8	120	0.767432
8	161	0.759454
8	162	0.75175
8	172	0.812865
8	174	0.849295
9	122	1.24512
9	127	1.17068
9	133	0.775795
9	138	1.18898
9	140	1.20869
9	142	1.19098
9	144	1.15189
9	146	0.734743
9	166	1.23688
9	171	0.680079
9	173	0.804798
9	180	0.947414
10	28	1.54603
10	31	1.33142
10	51	1.03883
10	73	1.14656
10	108	1.20956
10	130	1.09238
10	135	0.671884
10	143	1.05816
10	151	0.815939
10	154	0.758958
10	168	0.858743
10	178	0.830208
11	31	1.23079
11	42	1.15135
11	51	0.938199
11	56	0.992659
11	73	1.04593
11	108	1.10893
11	130	0.991752
11	134	0.825421
11	143	0.957531
11	159	1.09787
11	165	0.979219
11	178	0.977453
12	21	1.04783
12	43	0.639281
12	59	1.20134
12	86	1.13682
12	110	1.24791
12	134	1.28574
12	136	1.24552
12	157	0.751079
12	160	1.24467
12	161	0.744848
12	176	0.956591
12	179	0.856207
13	4	1.2097
13	19	1.3155
13	74	0.705572
13	75	1.12928
13	89	1.14038
13	108	1.22904
13	131	1.17204
13	146	0.777432
13	149	1.20341
13	155	0.759497
13	172	0.829311
13	174	0.865742
14	16	1.22991
14	52	1.12657
14	103	1.21423
14	106	0.70908
14	113	1.20079
14	124	1.2213
14	137	1.16447
14	148	0.733151
14	159	0.92041
14	163	0.722829
14	166	1.23492
14	177	0.870823
15	105	0.855063
15	125	0.820463
15	141	0.824505
15	142	0.826705
15	159	1.05462
15	163	1.16462
15	168	1.06797
15	175	1.02719
15	176	1.00372
15	177	1.03812
15	179	1.06197
15	180	1.01135
16	14	1.22991
16	63	1.15471
16	65	1.15297
16	103	1.21285
16	113	1.1994
16	116	0.729705
16	124	1.21991
16	147	0.942249
16	158	0.749194
16	161	0.750402
16	163	0.76847
16	166	1.23354
17	44	0.740859
17	72	1.22661
17	77	1.18344
17	93	1.16006
17	94	1.16035
17	98	1.21882
17	102	1.21876
17	104	1.21842
17	157	0.684346
17	167	0.786196
17	169	0.821533
17	170	0.914378
18	22	1.27134
18	23	0.583577
18	59	1.28339
18	74	0.652199
18	86	1.21887
18	97	0.655316
18	131	1.30425
18	134	1.36779
18	136	1.32756
18	146	0.724059
18	160	1.32671
18	172	0.775938
18	175	0.912767
19	13	1.3155
19	20	1.26636
19	66	1.23731
19	68	1.30879
19	89	1.29536
19	131	1.32703
19	135	0.608895
19	149	1.35839
19	160	0.695877
19	162	0.664278
19	169	0.815401
19	173	0.743569
19	179	0.783341
20	19	1.26636
20	30	1.27164
20	58	1.10547
20	66	1.03319
20	75	1.08014
20	89	1.09124
20	131	1.12291
20	149	1.15427
20	155	0.776321
20	164	0.868157
20	172	0.846136
20	173	0.864311
20	178	0.887961
21	7	1.01825
21	12	1.04783
21	22	0.976274
21	32	0.987636
21	59	0.988324
21	86	0.923803
21	96	1.06972
21	134	1.07273
21	136	1.0325
21	156	0.954588
21	160	1.03165
21	174	1.05626
21	179	1.07777
22	18	1.27134
22	21	0.976274
22	32	1.1291
22	86	1.06527
22	110	1.17636
22	131	1.15066
22	136	1.17396
22	153	0.785145
22	160	1.17312
22	169	0.900028
22	170	0.992873
22	171	0.703477
22	179	0.867968
23	18	0.583577
23	40	0.524805
23	101	0.679457
23	114	0.569974
23	136	0.625295
23	139	1.33191
23	140	1.39682
23	144	1.34001
23	152	0.561063
23	174	1.30496
23	176	1.22699
23	179	1.28524
23	180	1.23463
24	54	1.21286
24	77	1.11543
24	79	1.11361
24	93	1.09204
24	94	1.09234
24	97	0.753674
24	98	1.15081
24	102	1.15074
24	104	1.15041
24	132	0.868196
24	153	0.849421
24	172	0.874296
24	173	0.892471
25	27	0.773903
25	45	1.17864
25	52	1.05046
25	92	1.19666
25	103	1.13812
25	113	1.12467
25	124	1.14518
25	134	0.775346
25	137	1.08836
25	146	0.833673
25	154	0.856128
25	166	1.15881
25	177	0.998205
26	84	1.25796
26	118	1.32529
26	119	1.31354
26	123	1.32992
26	135	0.606939
26	145	1.29409
26	161	0.670027
26	168	0.793797
26	171	0.616894
26	173	1.29981
26	174	0.759868
26	175	0.860266
26	178	1.27019
27	25	0.773903
27	52	0.799828
27	57	0.742363
27	95	0.619343
27	125	0.688708
27	129	1.19709
27	139	1.16697
27	141	1.20527
27	144	1.17507
27	170	1.08493
27	177	1.09645
27	179	1.1203
27	180	1.06969
28	10	1.54603
28	51	1.4633
28	56	1.51776
28	57	1.51569
28	73	1.57104
28	116	0.560276
28	120	0.58895
28	133	0.623556
28	143	1.48264
28	153	0.609509
28	164	0.656404
28	167	0.689054
28	173	0.652559
29	52	1.07274
29	64	1.00011
29	76	1.14092
29	92	1.21894
29	103	1.16041
29	113	1.14696
29	124	1.16747
29	132	0.813952
29	166	1.18109
29	170	1.0029
29	171	0.713508
29	173	0.838227
29	179	0.878
30	20	1.27164
30	58	1.31486
30	66	1.24258
30	68	1.31406
30	75	1.28953
30	89	1.30063
30	117	0.648451
30	149	1.36367
30	153	0.704375
30	157	0.68207
30	161	0.675839
30	167	0.78392
30	169	0.819257
31	10	1.33142
31	11	1.23079
31	56	1.30315
31	57	1.30107
31	73	1.35642
31	130	1.30224
31	132	0.720681
31	143	1.26802
31	150	0.664948
31	151	0.754338
31	158	0.672162
31	172	0.726781
31	174	0.763212
32	21	0.987636
32	22	1.1291
32	59	1.14115
32	74	0.75511
32	86	1.07663
32	131	1.16202
32	134	1.22555
32	136	1.18532
32	146	0.82697
32	160	1.18448
32	163	0.843507
32	173	0.897025
32	174	0.91528
33	42	0.711575
33	89	0.71196
33	107	0.739715
33	140	0.659625
33	145	0.742334
33	159	1.14803
33	164	1.19959
33	174	1.17509
33	175	1.1206
33	176	1.09712
33	177	1.13152
33	179	1.15537
33	180	1.10476
34	109	1.32665
34	120	0.70139
34	121	1.34082
34	135	0.630325
34	139	1.24516
34	140	1.31007
34	142	1.29236
34	144	1.25327
34	158	1.3344
34	160	0.717307
34	162	0.685708
34	165	0.790415
34	178	0.788648
35	67	0.799799
35	83	1.08742
35	85	1.16181
35	99	1.12796
35	105	1.08903
35	111	1.14274
35	134	0.792232
35	145	1.09943
35	151	0.929995
35	154	0.873014
35	155	1.15945
35	161	0.849028
35	171	1.23003
36	101	1.11275
36	114	1.14007
36	119	1.13047
36	123	1.14685
36	126	1.13072
36	148	0.767858
36	152	1.20923
36	163	0.757536
36	165	0.83647
36	173	1.11674
36	175	0.929706
36	178	1.08712
36	180	0.95367
37	47	0.674431
37	48	0.695424
37	49	0.683548
37	72	0.729477
37	126	0.766805
37	154	1.2386
37	162	1.2748
37	170	1.10093
37	175	1.10152
37	176	1.07805
37	177	1.11245
37	179	1.1363
37	180	1.08568
38	60	1.15337
38	100	1.082
38	114	1.14345
38	118	1.1456
38	123	1.15023
38	146	0.780138
38	152	1.21261
38	155	0.762202
38	167	0.886688
38	173	1.12012
38	174	0.868448
38	177	0.944669
38	178	1.0905
39	49	1.24035
39	85	1.24004
39	99	1.20619
39	105	1.16726
39	111	1.22098
39	145	1.17766
39	150	0.628566
39	155	1.23768
39	164	0.71242
39	167	0.74507
39	170	0.873252
39	171	1.30826
39	177	0.803051
39	180	0.851191
40	23	0.524805
40	80	1.16733
40	83	1.17203
40	99	1.21257
40	105	1.17364
40	111	1.22736
40	135	1.29756
40	155	1.24406
40	169	0.807174
40	171	1.31464
40	173	0.735342
40	177	0.829819
40	179	0.775115
40	180	0.877959
41	4	0.635828
41	42	0.633025
41	49	0.602716
41	103	0.620312
41	105	0.690901
41	126	0.685972
41	151	1.29734
41	168	1.23262
41	172	1.29439
41	174	1.24633
41	175	1.19184
41	176	1.16837
41	179	1.22662
41	180	1.176
42	11	1.15135
42	33	0.711575
42	41	0.633025
42	51	1.16925
42	56	1.22371
42	57	1.22163
42	73	1.27698
42	108	1.33999
42	120	0.731648
42	130	1.2228
42	143	1.18858
42	154	0.747657
42	165	0.820673
42	179	0.835029
43	12	0.639281
43	54	0.638744
43	86	0.712193
43	127	0.6922
43	152	0.594447
43	166	0.564199
43	168	1.24481
43	172	1.30658
43	174	1.25852
43	175	1.20404
43	176	1.18056
43	177	1.21496
43	179	1.23881
43	180	1.1882
44	17	0.740859
44	80	0.847416
44	108	0.757193
44	145	0.817174
44	152	0.762758
44	162	1.23539
44	168	1.10289
44	170	1.06152
44	174	1.1166
44	175	1.06211
44	176	1.03863
44	177	1.07303
44	179	1.09689
44	180	1.04627
45	25	1.17864
45	52	1.15004
45	92	1.29623
45	103	1.2377
45	113	1.22425
45	124	1.24476
45	132	0.716219
45	137	1.18794
45	153	0.697444
45	158	0.6677
45	159	0.884558
45	166	1.25839
45	170	0.905172
45	173	0.740495
46	2	1.27481
46	61	1.19849
46	87	1.18263
46	88	1.18249
46	90	1.24631
46	116	0.716194
46	130	1.18853
46	132	0.784201
46	141	1.2214
46	152	1.31178
46	155	0.720486
46	159	0.95254
46	163	0.754959
46	171	0.683758
47	37	0.674431
47	112	1.26101
47	133	0.726827
47	138	1.21721
47	139	1.17201
47	141	1.21031
47	142	1.21921
47	144	1.18011
47	158	1.26124
47	160	0.708138
47	166	1.26511
47	167	0.792325
47	177	0.850307
47	179	0.795603
48	37	0.695424
48	72	1.25286
48	77	1.20969
48	79	1.20787
48	93	1.18631
48	94	1.1866
48	98	1.24507
48	102	1.24501
48	104	1.24467
48	157	0.711468
48	171	0.652104
48	173	0.776823
48	175	0.895476
48	179	0.816596
49	37	0.683548
49	39	1.24035
49	41	0.602716
49	85	1.23836
49	99	1.20451
49	105	1.16558
49	111	1.21929
49	145	1.17598
49	155	1.23599
49	158	0.692153
49	168	0.817132
49	170	0.929624
49	171	1.30657
49	172	0.746772
50	122	1.27705
50	127	1.20261
50	138	1.22091
50	139	1.1757
50	140	1.24061
50	142	1.22291
50	144	1.18381
50	146	0.713872
50	153	0.740877
50	157	0.718572
50	159	0.92799
50	166	1.26881
50	169	0.855759
50	171	0.659208
51	10	1.03883
51	11	0.938199
51	28	1.4633
51	42	1.16925
51	57	1.00848
51	70	0.792938
51	73	1.06383
51	108	1.12683
51	130	1.00965
51	143	0.975431
51	158	0.832815
51	169	0.977441
51	172	0.887434
51	176	1.04577
52	14	1.12657
52	25	1.05046
52	27	0.799828
52	29	1.07274
52	45	1.15004
52	64	0.949223
52	76	1.09003
52	103	1.10952
52	124	1.11658
52	157	0.864298
52	158	0.856858
52	160	0.881961
52	166	1.1302
52	180	1.07227
53	80	0.806157
53	84	0.849968
53	109	0.748423
53	113	0.742024
53	157	1.19064
53	161	1.2104
53	166	0.691251
53	169	1.08735
53	170	1.04586
53	174	1.10095
53	176	1.02298
53	177	1.05738
53	179	1.08123
53	180	1.03062
54	24	1.21286
54	43	0.638744
54	72	1.25325
54	79	1.20826
54	93	1.1867
54	94	1.18699
54	98	1.24546
54	102	1.2454
54	104	1.24506
54	158	0.743103
54	160	0.768205
54	168	0.868082
54	171	0.691179
54	174	0.834152
55	67	0.777386
55	71	1.1022
55	82	0.672908
55	87	1.12255
55	88	1.12241
55	90	1.18623
55	110	1.21435
55	130	1.12846
55	133	0.869198
55	136	1.21195
55	141	1.16133
55	148	0.855006
55	152	1.2517
55	155	0.810211
55	167	0.934697
56	7	0.749283
56	11	0.992659
56	28	1.51776
56	31	1.30315
56	42	1.22371
56	57	1.06294
56	73	1.11829
56	108	1.18129
56	130	1.06411
56	143	1.02989
56	156	0.685623
56	158	0.696242
56	159	0.913099
56	175	0.887689
56	180	0.911652
57	27	0.742363
57	28	1.51569
57	31	1.30107
57	42	1.22163
57	51	1.00848
57	56	1.06294
57	73	1.11622
57	108	1.17922
57	116	0.779905
57	128	0.805457
57	130	1.06203
57	143	1.02781
57	156	0.788775
57	158	0.799394
57	168	0.924373
58	20	1.10547
58	30	1.31486
58	66	1.07642
58	68	1.1479
58	75	1.12337
58	78	0.717602
58	89	1.13447
58	108	1.22313
58	131	1.16613
58	135	0.699376
58	143	0.903472
58	149	1.1975
58	158	0.761255
58	174	0.852304
58	176	0.974206
59	12	1.20134
59	18	1.28339
59	21	0.988324
59	32	1.14115
59	86	1.07732
59	110	1.18841
59	132	0.806812
59	134	1.22624
59	135	0.696414
59	136	1.18601
59	143	0.90051
59	160	1.18517
59	164	0.834933
59	172	0.812912
59	178	0.854738
60	38	1.15337
60	69	0.815316
60	100	1.11985
60	114	1.1813
60	119	1.1717
60	123	1.18808
60	125	1.19828
60	126	1.17195
60	134	0.73116
60	148	0.816346
60	167	0.896037
60	168	0.911726
60	171	0.734823
60	173	1.15797
60	178	1.12835
61	2	1.15944
61	46	1.19849
61	71	1.0469
61	87	1.06725
61	88	1.06712
61	90	1.13093
61	117	0.752965
61	130	1.07316
61	136	1.15665
61	141	1.10603
61	143	0.921361
61	152	1.1964
61	162	0.772648
61	163	0.798421
61	175	0.970592
61	180	0.994555
62	100	1.0681
62	101	1.10222
62	114	1.12955
62	118	1.13169
62	125	1.14653
62	126	1.1202
62	145	1.1005
62	152	1.1987
62	153	0.786925
62	165	0.855391
62	168	0.88216
62	169	0.901807
62	173	1.10621
62	177	0.924452
62	178	1.07659
62	179	0.869748
63	16	1.15471
63	64	0.978749
63	65	1.07917
63	76	1.11955
63	92	1.19758
63	103	1.13904
63	113	1.12559
63	124	1.1461
63	137	1.08928
63	148	0.789162
63	164	0.836203
63	165	0.857774
63	166	1.15973
63	175	0.951011
63	177	0.926835
63	178	0.856007
64	2	1.05618
64	29	1.00011
64	52	0.949223
64	63	0.978749
64	65	0.97701
64	70	0.937239
64	76	1.0174
64	92	1.09542
64	113	1.02344
64	124	1.04395
64	137	0.987123
64	157	0.984556
64	162	0.97062
64	164	1.05376
64	166	1.05757
64	176	1.19007
65	16	1.15297
65	63	1.07917
65	64	0.97701
65	76	1.11782
65	92	1.19584
65	103	1.1373
65	113	1.12385
65	124	1.14436
65	134	0.766319
65	137	1.08754
65	155	0.80671
65	156	0.811288
65	166	1.15799
65	168	0.946885
65	173	0.8947
65	177	0.989177
66	4	1.13151
66	19	1.23731
66	20	1.03319
66	30	1.24258
66	58	1.07642
66	68	1.07562
66	75	1.05109
66	89	1.06219
66	108	1.15085
66	134	0.735011
66	149	1.12522
66	153	0.820342
66	157	0.798038
66	176	1.00355
66	177	0.957869
66	179	0.903165
67	2	0.649325
67	35	0.799799
67	55	0.777386
67	73	0.660154
67	96	0.615772
67	138	0.688966
67	151	1.24214
67	161	1.30059
67	164	1.21563
67	166	0.620537
67	167	1.21709
67	172	1.23919
67	174	1.19113
67	175	1.13664
67	176	1.11317
67	177	1.14757
67	180	1.12081
68	4	1.20299
68	19	1.30879
68	30	1.31406
68	58	1.1479
68	66	1.07562
68	75	1.12257
68	89	1.13367
68	91	0.902436
68	108	1.22233
68	131	1.16533
68	149	1.1967
68	160	0.665466
68	170	0.877835
68	172	0.694982
68	176	0.853315
68	178	0.736808
68	180	0.855774
69	60	0.815316
69	79	0.85385
69	81	0.798502
69	94	0.784895
69	144	0.784285
69	152	0.727375
69	163	1.18373
69	167	1.12675
69	169	1.0872
69	170	1.04571
69	172	1.14885
69	174	1.10079
69	175	1.0463
69	176	1.02283
69	177	1.05723
69	179	1.08108
69	180	1.03047
70	51	0.792938
70	64	0.937239
70	99	0.712817
70	141	0.709903
70	142	0.712103
70	152	0.658929
70	165	1.15687
70	168	1.13308
70	169	1.1332
70	172	1.19485
70	174	1.14679
70	175	1.0923
70	176	1.06883
70	177	1.10323
70	179	1.12708
70	180	1.07646
71	55	1.1022
71	61	1.0469
71	81	1.07805
71	87	1.03104
71	88	1.0309
71	90	1.09472
71	97	0.808096
71	110	1.12284
71	130	1.03695
71	134	0.818512
71	136	1.12044
71	141	1.06982
71	152	1.16019
71	157	0.881539
71	168	0.999079
71	169	1.01873
71	179	0.986666
72	17	1.22661
72	37	0.729477
72	48	1.25286
72	54	1.25325
72	77	1.15582
72	79	1.154
72	93	1.13244
72	94	1.13273
72	98	1.1912
72	102	1.19114
72	104	1.1908
72	128	0.744145
72	151	0.820258
72	163	0.757358
72	172	0.792701
72	174	0.829131
72	178	0.834526
73	10	1.14656
73	11	1.04593
73	28	1.57104
73	31	1.35642
73	42	1.27698
73	51	1.06383
73	56	1.11829
73	57	1.11622
73	67	0.660154
73	130	1.11739
73	143	1.08317
73	150	0.70096
73	156	0.697556
73	165	0.806385
73	176	0.921126
73	178	0.804619
73	180	0.923586
74	13	0.705572
74	18	0.652199
74	32	0.75511
74	98	0.66337
74	136	0.693917
74	137	0.728439
74	149	0.629587
74	156	1.31329
74	164	1.23077
74	167	1.23222
74	168	1.19255
74	169	1.19267
74	175	1.15178
74	176	1.1283
74	177	1.1627
74	179	1.18655
74	180	1.13594
75	4	1.17846
75	13	1.12928
75	20	1.08014
75	30	1.28953
75	58	1.12337
75	66	1.05109
75	68	1.12257
75	89	1.10914
75	108	1.1978
75	131	1.14081
75	149	1.17217
75	157	0.76028
75	162	0.746344
75	164	0.82948
75	165	0.851051
75	172	0.807459
75	177	0.920112
75	180	0.968251
76	29	1.14092
76	52	1.09003
76	63	1.11955
76	64	1.0174
76	65	1.11782
76	92	1.23622
76	103	1.17769
76	113	1.16424
76	124	1.18475
76	137	1.12793
76	148	0.802498
76	150	0.765685
76	157	0.780339
76	166	1.19838
76	167	0.882189
76	168	0.897879
76	178	0.869344
76	179	0.885466
77	8	1.18907
77	17	1.18344
77	24	1.11543
77	48	1.20969
77	72	1.15582
77	79	1.11083
77	93	1.08927
77	94	1.08956
77	98	1.14803
77	102	1.14797
77	104	1.14763
77	117	0.769567
77	147	0.988801
77	148	0.825345
77	156	0.785128
77	171	0.743822
77	173	0.86854
77	179	0.908313
78	58	0.717602
78	93	1.16006
78	94	1.16035
78	98	1.21883
78	102	1.21876
78	104	1.21842
78	121	0.663955
78	123	0.713184
78	126	0.731757
78	136	0.719384
78	139	0.730739
78	141	0.706128
78	167	1.15229
78	172	1.1744
78	174	1.12634
78	176	1.04838
78	177	1.08278
78	180	1.05601
79	8	1.18724
79	24	1.11361
79	48	1.20787
79	54	1.20826
79	69	0.85385
79	72	1.154
79	77	1.11083
79	93	1.08744
79	94	1.08773
79	98	1.14621
79	102	1.14614
79	104	1.14581
79	117	0.799102
79	135	0.763402
79	158	0.825281
79	161	0.82649
79	162	0.818785
79	174	0.916331
80	3	1.141
80	40	1.16733
80	44	0.847416
80	53	0.806157
80	83	1.08456
80	85	1.15895
80	99	1.1251
80	105	1.08617
80	111	1.13988
80	135	1.21008
80	145	1.09657
80	153	0.813208
80	155	1.15659
80	157	0.790903
80	158	0.783464
80	160	0.808566
80	171	1.22717
80	179	0.896031
81	69	0.798502
81	71	1.07805
81	87	1.0984
81	88	1.09827
81	90	1.16208
81	106	0.775461
81	112	1.18788
81	120	0.779119
81	138	1.14408
81	140	1.16379
81	141	1.13718
81	143	0.91215
81	144	1.10698
81	152	1.22755
81	166	1.19198
81	171	0.718009
81	175	0.961381
81	179	0.8825
82	55	0.672908
82	99	0.600195
82	102	0.605712
82	127	0.644059
82	137	0.64506
82	141	0.597281
82	144	0.603217
82	152	0.546307
82	163	1.37288
82	168	1.27623
82	169	1.27635
82	170	1.23486
82	174	1.28994
82	175	1.23545
82	176	1.21198
82	177	1.24638
82	179	1.27023
82	180	1.21962
83	35	1.08742
83	40	1.17203
83	80	1.08456
83	85	1.16366
83	99	1.1298
83	105	1.09088
83	111	1.14459
83	128	0.784231
83	135	1.21479
83	145	1.10128
83	155	1.16129
83	161	0.779376
83	164	0.854807
83	167	0.887457
83	171	1.23187
83	172	0.832786
83	173	0.850962
83	179	0.890734
84	26	1.25796
84	53	0.849968
84	100	1.04475
84	101	1.07887
84	107	1.08687
84	118	1.10834
84	119	1.09659
84	125	1.12317
84	126	1.09685
84	145	1.07715
84	152	1.17535
84	155	0.812079
84	160	0.852377
84	163	0.846552
84	171	0.775351
84	173	1.08286
84	176	1.04023
84	178	1.05324
84	179	0.939842
85	3	1.2201
85	35	1.16181
85	39	1.24004
85	49	1.23836
85	80	1.15895
85	83	1.16366
85	105	1.16527
85	111	1.21898
85	128	0.670709
85	133	0.708437
85	145	1.17567
85	147	0.857701
85	155	1.23568
85	157	0.672085
85	171	1.30626
85	174	0.755695
85	176	0.877597
85	177	0.831917
85	180	0.880056
86	12	1.13682
86	18	1.21887
86	21	0.923803
86	22	1.06527
86	32	1.07663
86	43	0.712193
86	59	1.07732
86	96	1.15872
86	110	1.12389
86	131	1.09818
86	134	1.16172
86	136	1.12149
86	143	0.958768
86	160	1.12065
86	165	0.914762
86	171	0.764627
86	172	0.87117
86	177	0.983823
86	178	0.912996
87	5	0.854268
87	46	1.18263
87	55	1.12255
87	61	1.06725
87	71	1.03104
87	81	1.0984
87	88	1.05125
87	90	1.11507
87	91	1.01066
87	110	1.14319
87	130	1.0573
87	136	1.14079
87	141	1.09017
87	150	0.741373
87	152	1.18054
87	156	0.737969
87	159	0.965445
87	170	0.986059
87	173	0.821381
88	46	1.18249
88	55	1.12241
88	61	1.06712
88	71	1.0309
88	81	1.09827
88	87	1.05125
88	90	1.11493
88	110	1.14305
88	130	1.05716
88	133	0.873334
88	135	0.767664
88	136	1.14065
88	141	1.09003
88	152	1.18041
88	161	0.830751
88	163	0.84882
88	164	0.906182
88	173	0.902337
88	180	1.04495
89	4	1.18956
89	5	0.828529
89	13	1.14038
89	19	1.29536
89	20	1.09124
89	30	1.30063
89	33	0.71196
89	58	1.13447
89	66	1.06219
89	68	1.13367
89	75	1.10914
89	106	0.728375
89	108	1.2089
89	131	1.15191
89	149	1.18327
89	151	0.805024
89	159	0.939706
89	162	0.716352
89	164	0.799487
89	177	0.890119
90	46	1.24631
90	55	1.18623
90	61	1.13093
90	71	1.09472
90	81	1.16208
90	87	1.11507
90	88	1.11493
90	106	0.739832
90	110	1.20687
90	130	1.12098
90	136	1.20447
90	141	1.15385
90	152	1.24422
90	153	0.764049
90	154	0.759499
90	160	0.759407
90	168	0.859284
90	169	0.878931
90	170	0.971776
90	174	0.825354
91	68	0.902436
91	87	1.01066
91	103	0.971821
91	114	0.969789
91	140	0.932585
91	147	0.995424
91	159	0.966954
91	160	1.10904
91	161	1.10347
91	162	1.1128
91	166	0.93063
91	167	1.01997
91	168	0.980299
91	170	0.938929
91	172	1.04207
91	174	0.994012
91	175	0.939523
91	176	0.916049
91	179	0.9743
91	180	0.923685
92	25	1.19666
92	29	1.21894
92	45	1.29623
92	63	1.19758
92	64	1.09542
92	65	1.19584
92	76	1.23622
92	97	0.659493
92	103	1.25571
92	113	1.24226
92	124	1.26277
92	137	1.20595
92	150	0.718282
92	153	0.75524
92	162	0.719
92	164	0.802136
92	166	1.2764
92	168	0.850476
92	171	0.673572
92	174	0.816546
92	175	0.916944
93	8	1.16568
93	17	1.16006
93	24	1.09204
93	48	1.18631
93	54	1.1867
93	72	1.13244
93	77	1.08927
93	78	1.16006
93	79	1.08744
93	94	1.06617
93	97	0.749242
93	98	1.12465
93	102	1.12458
93	104	1.12424
93	150	0.808031
93	154	0.84044
93	156	0.804627
93	162	0.808749
93	165	0.913456
93	175	1.00669
93	178	0.91169
94	8	1.16597
94	17	1.16035
94	24	1.09234
94	48	1.1866
94	54	1.18699
94	69	0.784895
94	72	1.13273
94	77	1.08956
94	78	1.16035
94	79	1.08773
94	93	1.06617
94	98	1.12494
94	102	1.12487
94	104	1.12453
94	148	0.785924
94	172	0.810944
94	173	0.82912
94	174	0.847375
94	175	0.947773
94	177	0.923597
94	178	0.85277
95	1	1.25689
95	27	0.619343
95	107	1.20393
95	114	1.22326
95	118	1.2254
95	119	1.21365
95	123	1.23004
95	125	1.24023
95	126	1.2139
95	143	0.81859
95	145	1.1942
95	152	1.29241
95	158	0.676373
95	159	0.893231
95	160	0.701476
95	171	0.624449
95	173	1.19992
95	177	0.843645
95	178	1.1703
95	179	0.78894
95	180	0.891784
96	21	1.06972
96	67	0.615772
96	86	1.15872
96	109	1.25999
96	110	1.26981
96	129	1.20861
96	134	1.30764
96	136	1.26741
96	139	1.17849
96	142	1.22569
96	144	1.1866
96	147	0.856847
96	148	0.693391
96	151	0.745968
96	160	1.26657
96	164	0.740432
96	166	1.27159
96	169	0.808419
96	175	0.85524
96	178	0.760237
96	179	0.776359
97	18	0.655316
97	24	0.753674
97	71	0.808096
97	92	0.659493
97	93	0.749242
97	115	0.729372
97	131	0.661806
97	139	0.708389
97	150	1.32403
97	153	1.28857
97	159	1.15618
97	161	1.29269
97	165	1.19332
97	166	0.602555
97	169	1.16964
97	170	1.12815
97	172	1.23129
97	175	1.12875
97	176	1.10527
97	177	1.13967
97	179	1.16352
97	180	1.11291
98	8	1.22445
98	17	1.21882
98	24	1.15081
98	48	1.24507
98	54	1.24546
98	72	1.1912
98	74	0.66337
98	77	1.14803
98	78	1.21883
98	79	1.14621
98	93	1.12465
98	94	1.12494
98	102	1.18335
98	104	1.18301
98	143	0.874707
98	156	0.721872
98	157	0.73993
98	158	0.73249
98	164	0.80913
98	169	0.877116
98	173	0.805284
98	175	0.923937
99	3	1.18625
99	35	1.12796
99	39	1.20619
99	40	1.21257
99	49	1.20451
99	70	0.712817
99	80	1.1251
99	82	0.600195
99	83	1.1298
99	105	1.13142
99	111	1.18513
99	135	1.25533
99	145	1.14181
99	146	0.755433
99	151	0.83487
99	153	0.782438
99	154	0.777889
99	155	1.20183
99	162	0.746198
99	171	1.27241
99	175	0.944141
99	177	0.919965
100	38	1.082
100	60	1.11985
100	62	1.0681
100	84	1.04475
100	107	1.09061
100	118	1.11208
100	119	1.10033
100	123	1.11672
100	125	1.12692
100	126	1.10059
100	128	0.836431
100	145	1.08089
100	148	0.859966
100	152	1.17909
100	157	0.837807
100	161	0.831576
100	162	0.823871
100	169	0.974993
100	173	1.0866
100	176	1.04332
100	178	1.05698
100	179	0.942934
101	23	0.679457
101	36	1.11275
101	62	1.10222
101	84	1.07887
101	107	1.12473
101	114	1.14406
101	118	1.1462
101	119	1.13446
101	123	1.15084
101	126	1.13471
101	145	1.11501
101	148	0.846799
101	152	1.21321
101	153	0.846944
101	155	0.802004
101	156	0.806582
101	160	0.842303
101	167	0.92649
101	173	1.12073
101	178	1.09111
101	180	1.03261
102	8	1.22438
102	17	1.21876
102	24	1.15074
102	48	1.24501
102	54	1.2454
102	72	1.19114
102	77	1.14797
102	78	1.21876
102	79	1.14614
102	82	0.605712
102	93	1.12458
102	94	1.12487
102	98	1.18335
102	104	1.18294
102	133	0.802002
102	134	0.702624
102	154	0.783406
102	158	0.758211
102	163	0.777488
102	167	0.867501
102	170	0.995683
102	174	0.849261
103	14	1.21423
103	16	1.21285
103	25	1.13812
103	29	1.16041
103	41	0.620312
103	45	1.2377
103	52	1.10952
103	63	1.13904
103	65	1.1373
103	76	1.17769
103	91	0.971821
103	92	1.25571
103	113	1.18373
103	120	0.718935
103	124	1.20424
103	146	0.712489
103	163	0.729026
103	166	1.21786
103	168	0.834728
103	172	0.764368
103	176	0.9227
103	178	0.806193
104	8	1.22405
104	17	1.21842
104	24	1.15041
104	48	1.24467
104	54	1.24506
104	72	1.1908
104	77	1.14763
104	78	1.21842
104	79	1.14581
104	93	1.12424
104	94	1.12453
104	98	1.18301
104	102	1.18294
104	156	0.683117
104	159	0.910593
104	167	0.803024
104	169	0.838361
104	171	0.641811
104	172	0.748354
104	175	0.885182
104	176	0.906686
104	179	0.806302
105	3	1.14732
105	15	0.855063
105	35	1.08903
105	39	1.16726
105	40	1.17364
105	41	0.690901
105	49	1.16558
105	80	1.08617
105	83	1.09088
105	85	1.16527
105	99	1.13142
105	111	1.1462
105	116	0.76085
105	135	1.2164
105	145	1.10289
105	148	0.809937
105	150	0.773124
105	155	1.1629
105	158	0.780339
105	165	0.878549
105	171	1.23348
105	172	0.834957
105	176	0.99329
106	3	0.749181
106	14	0.70908
106	81	0.775461
106	89	0.728375
106	90	0.739832
106	119	0.760156
106	129	0.71616
106	144	0.761244
106	157	1.24251
106	162	1.2716
106	164	1.17731
106	165	1.16289
106	166	0.674085
106	167	1.17877
106	169	1.13922
106	170	1.09773
106	172	1.20087
106	174	1.15281
106	175	1.09832
106	176	1.07485
106	177	1.10925
106	179	1.1331
106	180	1.08249
107	1	1.18569
107	33	0.739715
107	84	1.08687
107	95	1.20393
107	100	1.09061
107	101	1.12473
107	114	1.15206
107	118	1.1542
107	119	1.14245
107	123	1.15884
107	125	1.16904
107	126	1.14271
107	147	0.943657
107	148	0.780201
107	150	0.743388
107	152	1.22121
107	156	0.739984
107	158	0.750602
107	169	0.895228
107	173	1.12872
107	175	0.94205
107	177	0.917873
107	178	1.0991
108	10	1.20956
108	11	1.10893
108	13	1.22904
108	42	1.33999
108	44	0.757193
108	51	1.12683
108	56	1.18129
108	57	1.17922
108	58	1.22313
108	66	1.15085
108	68	1.22233
108	75	1.1978
108	89	1.2089
108	143	1.14617
108	149	1.27194
108	155	0.678046
108	158	0.693242
108	159	0.910099
108	161	0.69445
108	167	0.802531
108	168	0.818221
108	173	0.766036
108	178	0.789686
108	180	0.908652
109	34	1.32665
109	53	0.748423
109	96	1.25999
109	115	1.18802
109	122	1.23518
109	127	1.16074
109	129	1.16396
109	138	1.17904
109	139	1.13384
109	140	1.19875
109	141	1.17214
109	142	1.18104
109	144	1.14194
109	157	0.733169
109	158	1.22308
109	160	0.750832
109	161	0.726937
109	162	0.719233
109	166	1.22694
109	167	0.835019
109	169	0.870355
109	171	0.673805
109	178	0.822173
109	180	0.94114
110	12	1.24791
110	22	1.17636
110	55	1.21435
110	59	1.18841
110	71	1.12284
110	86	1.12389
110	87	1.14319
110	88	1.14305
110	90	1.20687
110	96	1.26981
110	128	0.761328
110	131	1.20928
110	135	0.693385
110	136	1.23259
110	143	0.897481
110	150	0.74805
110	152	1.27234
110	155	0.740068
110	160	1.23174
110	161	0.756473
110	163	0.774541
110	172	0.809883
110	174	0.846314
110	178	0.851708
111	3	1.20103
111	35	1.14274
111	39	1.22098
111	40	1.22736
111	49	1.21929
111	80	1.13988
111	83	1.14459
111	85	1.21898
111	99	1.18513
111	105	1.1462
111	117	0.667506
111	133	0.737476
111	135	1.27011
111	143	0.835902
111	145	1.1566
111	151	0.775861
111	155	1.21662
111	161	0.694893
111	167	0.802975
111	169	0.838311
111	171	1.2872
111	174	0.784735
111	175	0.885132
111	177	0.860956
112	47	1.26101
112	81	1.18788
112	115	1.19553
112	121	1.23701
112	127	1.16825
112	129	1.17147
112	138	1.18655
112	139	1.14135
112	140	1.20626
112	142	1.18855
112	144	1.14946
112	146	0.717069
112	149	1.23833
112	154	0.739524
112	157	0.721769
112	158	1.23059
112	162	0.707833
112	166	1.23445
112	170	0.951801
112	171	0.662405
112	172	0.768948
112	174	0.805379
112	176	0.927281
112	177	0.881601
113	2	1.20302
113	14	1.20079
113	16	1.1994
113	25	1.12467
113	29	1.14696
113	45	1.22425
113	53	0.742024
113	63	1.12559
113	64	1.02344
113	65	1.12385
113	76	1.16424
113	92	1.24226
113	103	1.18373
113	120	0.728516
113	124	1.19079
113	137	1.13397
113	143	0.861547
113	146	0.72207
113	150	0.712116
113	159	0.936188
113	166	1.20442
113	169	0.863957
113	170	0.956802
113	171	0.667406
113	176	0.932281
114	5	0.813398
114	23	0.569974
114	36	1.14007
114	38	1.14345
114	60	1.1813
114	62	1.12955
114	91	0.969789
114	95	1.22326
114	101	1.14406
114	107	1.15206
114	118	1.17353
114	123	1.17817
114	125	1.18837
114	126	1.16204
114	134	0.652129
114	143	0.849933
114	145	1.14234
114	147	0.900771
114	152	1.24054
114	153	0.73746
114	173	1.14805
114	174	0.798766
114	177	0.874988
114	178	1.11843
114	179	0.820283
115	97	0.729372
115	109	1.18802
115	112	1.19553
115	116	0.775887
115	121	1.20219
115	122	1.20787
115	127	1.13343
115	128	0.801439
115	129	1.13665
115	133	0.839166
115	137	1.12918
115	138	1.15173
115	139	1.10653
115	140	1.17144
115	142	1.15373
115	144	1.11463
115	149	1.20351
115	150	0.788161
115	154	0.82057
115	155	0.780179
115	156	0.784757
115	158	1.19576
115	164	0.872015
115	166	1.19963
115	168	0.920354
116	16	0.729705
116	28	0.560276
116	46	0.716194
116	57	0.779905
116	105	0.76085
116	115	0.775887
116	118	0.771482
116	126	0.755921
116	140	0.651024
116	145	0.733733
116	157	1.23662
116	159	1.11986
116	161	1.25638
116	164	1.17142
116	165	1.157
116	167	1.17288
116	168	1.13321
116	171	1.33494
116	172	1.19498
116	174	1.14692
116	175	1.09243
116	177	1.10336
116	178	1.18044
116	179	1.12721
116	180	1.07659
117	30	0.648451
117	61	0.752965
117	77	0.769567
117	79	0.799102
117	111	0.667506
117	127	0.770379
117	140	0.644334
117	141	0.723601
117	142	0.725801
117	154	1.25527
117	157	1.26238
117	159	1.14563
117	163	1.25562
117	165	1.18277
117	166	0.642378
117	168	1.15897
117	169	1.15909
117	170	1.1176
117	172	1.22074
117	174	1.17269
117	175	1.1182
117	176	1.09472
117	177	1.12912
117	179	1.15297
117	180	1.10236
118	26	1.32529
118	38	1.1456
118	62	1.13169
118	84	1.10834
118	95	1.2254
118	100	1.11208
118	101	1.1462
118	107	1.1542
118	114	1.17353
118	116	0.771482
118	119	1.16392
118	120	0.800156
118	123	1.18031
118	125	1.19051
118	145	1.14448
118	148	0.820569
118	150	0.783756
118	151	0.873146
118	153	0.820714
118	156	0.780352
118	157	0.79841
118	162	0.784474
118	173	1.1502
118	174	0.88202
118	178	1.12057
119	1	1.19541
119	26	1.31354
119	36	1.13047
119	60	1.1717
119	84	1.09659
119	95	1.21365
119	100	1.10033
119	101	1.13446
119	106	0.760156
119	107	1.14245
119	118	1.16392
119	125	1.17876
119	126	1.15243
119	152	1.23093
119	154	0.779823
119	157	0.762068
119	160	0.779731
119	162	0.748132
119	163	0.773905
119	165	0.852839
119	170	0.9921
119	171	0.702704
119	173	1.13845
119	176	0.967579
119	178	1.10883
120	8	0.767432
120	28	0.58895
120	34	0.70139
120	42	0.731648
120	81	0.779119
120	103	0.718935
120	113	0.728516
120	118	0.800156
120	122	0.709357
120	130	0.830036
120	153	1.26661
120	157	1.25097
120	161	1.27073
120	163	1.24421
120	164	1.18577
120	168	1.14756
120	169	1.14768
120	170	1.10619
120	172	1.20933
120	174	1.16127
120	175	1.10678
120	176	1.08331
120	177	1.11771
120	179	1.14156
120	180	1.09095
121	34	1.34082
121	78	0.663955
121	112	1.23701
121	115	1.20219
121	122	1.24935
121	127	1.17491
121	128	0.713671
121	129	1.17813
121	132	0.756127
121	137	1.17066
121	138	1.19321
121	139	1.14801
121	140	1.21292
121	142	1.19521
121	144	1.15611
121	147	0.900663
121	149	1.24499
121	153	0.737352
121	158	1.23724
121	162	0.701112
121	166	1.24111
121	171	0.655684
121	172	0.762227
121	177	0.874879
121	178	0.804052
121	180	0.923019
122	9	1.24512
122	50	1.27705
122	109	1.23518
122	115	1.20787
122	120	0.709357
122	121	1.24935
122	127	1.18059
122	128	0.706235
122	129	1.18381
122	134	0.644584
122	137	1.17634
122	138	1.19889
122	139	1.15369
122	140	1.2186
122	142	1.20089
122	144	1.16179
122	147	0.893226
122	154	0.725366
122	155	0.684975
122	158	1.24292
122	159	0.917029
122	161	0.70138
122	165	0.798382
122	166	1.24679
122	178	0.796615
122	180	0.915582
123	26	1.32992
123	36	1.14685
123	38	1.15023
123	60	1.18808
123	78	0.713184
123	95	1.23004
123	100	1.11672
123	101	1.15084
123	107	1.15884
123	114	1.17817
123	118	1.18031
123	125	1.19514
123	126	1.16882
123	134	0.701249
123	145	1.14912
123	152	1.24732
123	154	0.782031
123	155	0.741641
123	158	0.756837
123	161	0.758045
123	170	0.994308
123	171	0.704912
123	172	0.811455
123	173	1.15483
123	174	0.847886
123	176	0.969787
123	178	1.12521
124	2	1.22353
124	14	1.2213
124	16	1.21991
124	25	1.14518
124	29	1.16747
124	45	1.24476
124	52	1.11658
124	63	1.1461
124	64	1.04395
124	65	1.14436
124	76	1.18475
124	92	1.26277
124	103	1.20424
124	113	1.19079
124	132	0.759096
124	133	0.754368
124	137	1.15448
124	147	0.903632
124	150	0.703363
124	159	0.927435
124	166	1.22493
124	168	0.835556
124	169	0.855203
124	171	0.658653
124	172	0.765196
124	177	0.877848
124	179	0.823144
125	1	1.222
125	7	0.79878
125	15	0.820463
125	27	0.688708
125	60	1.19828
125	62	1.14653
125	84	1.12317
125	95	1.24023
125	100	1.12692
125	107	1.16904
125	114	1.18837
125	118	1.19051
125	119	1.17876
125	123	1.19514
125	126	1.17901
125	134	0.690151
125	145	1.15931
125	146	0.748478
125	152	1.25752
125	155	0.730542
125	156	0.73512
125	159	0.962596
125	161	0.746947
125	163	0.765015
125	173	1.16503
125	178	1.13541
125	180	0.961149
126	1	1.19567
126	36	1.13072
126	37	0.766805
126	41	0.685972
126	60	1.17195
126	62	1.1202
126	78	0.731757
126	84	1.09685
126	95	1.2139
126	100	1.10059
126	101	1.13471
126	107	1.14271
126	114	1.16204
126	116	0.755921
126	119	1.15243
126	123	1.16882
126	125	1.17901
126	145	1.13298
126	150	0.768195
126	152	1.23119
126	154	0.800604
126	157	0.782849
126	158	0.77541
126	164	0.852049
126	173	1.1387
126	175	0.966857
126	176	0.988361
126	178	1.10908
127	6	1.18426
127	9	1.17068
127	43	0.6922
127	50	1.20261
127	82	0.644059
127	109	1.16074
127	112	1.16825
127	115	1.13343
127	117	0.770379
127	121	1.17491
127	122	1.18059
127	138	1.12445
127	139	1.07925
127	140	1.14416
127	141	1.11755
127	142	1.12645
127	144	1.08735
127	146	0.799298
127	149	1.17623
127	158	1.16849
127	161	0.797767
127	163	0.815836
127	165	0.894769
127	166	1.17235
127	169	0.941185
127	171	0.744634
127	174	0.887608
127	177	0.96383
128	1	0.739552
128	57	0.805457
128	72	0.744145
128	83	0.784231
128	85	0.670709
128	100	0.836431
128	110	0.761328
128	115	0.801439
128	121	0.713671
128	122	0.706235
128	136	0.769101
128	151	1.2065
128	157	1.24518
128	159	1.12843
128	161	1.26494
128	164	1.17998
128	165	1.16557
128	167	1.18144
128	168	1.14177
128	169	1.14189
128	170	1.1004
128	172	1.20354
128	174	1.15549
128	175	1.101
128	176	1.07752
128	177	1.11192
128	179	1.13577
128	180	1.08516
129	27	1.19709
129	96	1.20861
129	106	0.71616
129	109	1.16396
129	112	1.17147
129	115	1.13665
129	121	1.17813
129	122	1.18381
129	137	1.10512
129	138	1.12767
129	139	1.08247
129	140	1.14738
129	141	1.12076
129	142	1.12967
129	143	0.85285
129	144	1.09057
129	147	0.903688
129	148	0.740232
129	149	1.17945
129	158	1.1717
129	161	0.711841
129	166	1.17557
129	167	0.819922
129	168	0.835612
129	175	0.90208
129	176	0.923584
129	177	0.877904
129	178	0.807077
130	10	1.09238
130	11	0.991752
130	31	1.30224
130	42	1.2228
130	46	1.18853
130	51	1.00965
130	55	1.12846
130	56	1.06411
130	57	1.06203
130	61	1.07316
130	71	1.03695
130	73	1.11739
130	87	1.0573
130	88	1.05716
130	90	1.12098
130	120	0.830036
130	132	0.869369
130	134	0.765263
130	136	1.1467
130	141	1.09607
130	143	1.02898
130	152	1.18645
130	154	0.846045
130	155	0.805655
130	165	0.919061
130	168	0.94583
130	171	0.768926
130	177	0.988122
130	178	0.917295
130	180	1.03626
131	4	1.22123
131	5	0.83349
131	13	1.17204
131	18	1.30425
131	19	1.32703
131	20	1.12291
131	22	1.15066
131	32	1.16202
131	58	1.16613
131	68	1.16533
131	75	1.14081
131	86	1.09818
131	89	1.15191
131	97	0.661806
131	110	1.20928
131	134	1.24711
131	136	1.20688
131	146	0.730548
131	149	1.21494
131	151	0.809985
131	153	0.757553
131	155	0.712613
131	160	1.20603
131	161	0.729017
131	163	0.747086
131	169	0.872435
131	172	0.782428
131	173	0.800603
131	180	0.94322
132	24	0.868196
132	29	0.813952
132	31	0.720681
132	45	0.716219
132	46	0.784201
132	59	0.806812
132	121	0.756127
132	124	0.759096
132	130	0.869369
132	151	1.16711
132	152	0.747325
132	153	1.22143
132	154	1.19868
132	156	1.22312
132	163	1.19903
132	164	1.14059
132	165	1.12618
132	166	0.717077
132	167	1.14205
132	169	1.1025
132	170	1.06101
132	172	1.16415
132	174	1.11609
132	175	1.0616
132	176	1.03813
132	177	1.07253
132	178	1.14961
132	179	1.09638
132	180	1.04577
133	9	0.775795
133	28	0.623556
133	47	0.726827
133	55	0.869198
133	85	0.708437
133	88	0.873334
133	102	0.802002
133	111	0.737476
133	115	0.839166
133	124	0.754368
133	146	1.24304
133	148	1.21805
133	149	0.742498
133	156	1.23208
133	157	1.21476
133	159	1.098
133	161	1.23452
133	162	1.24385
133	165	1.13514
133	166	0.712349
133	168	1.11135
133	169	1.11147
133	170	1.06998
133	172	1.17312
133	174	1.12506
133	175	1.07057
133	176	1.0471
133	177	1.0815
133	178	1.15858
133	179	1.10535
133	180	1.05473
134	11	0.825421
134	12	1.28574
134	18	1.36779
134	21	1.07273
134	25	0.775346
134	32	1.22555
134	35	0.792232
134	59	1.22624
134	60	0.73116
134	65	0.766319
134	66	0.735011
134	71	0.818512
134	86	1.16172
134	96	1.30764
134	102	0.702624
134	114	0.652129
134	122	0.644584
134	123	0.701249
134	125	0.690151
134	130	0.765263
134	131	1.24711
134	160	1.26957
134	165	1.16463
134	168	1.14083
134	169	1.14095
134	170	1.09946
134	172	1.2026
134	175	1.10005
134	176	1.07658
134	177	1.11098
134	179	1.13483
134	180	1.08422
135	10	0.671884
135	19	0.608895
135	26	0.606939
135	34	0.630325
135	40	1.29756
135	58	0.699376
135	59	0.696414
135	79	0.763402
135	80	1.21008
135	83	1.21479
135	88	0.767664
135	99	1.25533
135	105	1.2164
135	110	0.693385
135	111	1.27011
135	136	0.701158
135	137	0.735681
135	139	0.712513
135	145	1.2268
135	149	0.636828
135	152	0.636927
135	155	1.28682
135	156	1.2764
135	164	1.19387
135	165	1.17946
135	167	1.19533
135	169	1.15578
135	171	1.3574
135	172	1.21743
135	174	1.16938
135	177	1.12581
135	179	1.14966
135	180	1.09905
136	12	1.24552
136	18	1.32756
136	21	1.0325
136	22	1.17396
136	23	0.625295
136	32	1.18532
136	55	1.21195
136	59	1.18601
136	61	1.15665
136	71	1.12044
136	74	0.693917
136	78	0.719384
136	86	1.12149
136	87	1.14079
136	88	1.14065
136	90	1.20447
136	96	1.26741
136	110	1.23259
136	128	0.769101
136	130	1.1467
136	131	1.20688
136	135	0.701158
136	141	1.17956
136	150	0.755823
136	151	0.845213
136	152	1.26994
136	153	0.792781
136	154	0.788232
136	160	1.22934
136	162	0.756541
136	164	0.839677
136	171	0.711113
136	173	0.835832
136	180	0.978448
137	14	1.16447
137	25	1.08836
137	45	1.18794
137	63	1.08928
137	64	0.987123
137	65	1.08754
137	74	0.728439
137	76	1.12793
137	82	0.64506
137	92	1.20595
137	113	1.13397
137	115	1.12918
137	121	1.17066
137	122	1.17634
137	124	1.15448
137	129	1.10512
137	135	0.735681
137	138	1.1202
137	140	1.13991
137	142	1.1222
137	144	1.0831
137	146	0.800299
137	147	0.990615
137	149	1.17198
137	150	0.790345
137	156	0.786941
137	158	1.16424
137	162	0.791063
137	164	0.874199
137	165	0.89577
137	166	1.1681
137	168	0.922539
137	170	1.03503
137	174	0.888609
138	6	1.20255
138	9	1.18898
138	47	1.21721
138	50	1.22091
138	67	0.688966
138	81	1.14408
138	109	1.17904
138	112	1.18655
138	115	1.15173
138	121	1.19321
138	122	1.19889
138	127	1.12445
138	129	1.12767
138	137	1.1202
138	139	1.09755
138	140	1.16246
138	141	1.13585
138	142	1.14475
138	144	1.10565
138	149	1.19453
138	151	0.819162
138	155	0.72179
138	157	0.744426
138	158	1.18678
138	159	0.953844
138	160	0.762089
138	162	0.73049
138	163	0.756263
138	166	1.19065
138	169	0.881613
138	172	0.791605
138	174	0.828036
138	175	0.928434
138	176	0.949937
138	178	0.833431
139	6	1.15735
139	23	1.33191
139	27	1.16697
139	34	1.24516
139	47	1.17201
139	50	1.1757
139	78	0.730739
139	96	1.17849
139	97	0.708389
139	109	1.13384
139	112	1.14135
139	115	1.10653
139	121	1.14801
139	122	1.15369
139	127	1.07925
139	129	1.08247
139	135	0.712513
139	138	1.09755
139	140	1.11726
139	141	1.09064
139	142	1.09955
139	144	1.06045
139	148	0.803991
139	149	1.14933
139	151	0.856568
139	156	0.763774
139	158	1.14158
139	160	0.799494
139	163	0.793669
139	164	0.851031
139	165	0.872603
139	166	1.14545
139	167	0.883682
139	168	0.899371
139	170	1.01186
139	174	0.865441
140	6	1.22226
140	9	1.20869
140	23	1.39682
140	33	0.659625
140	34	1.31007
140	50	1.24061
140	81	1.16379
140	91	0.932585
140	109	1.19875
140	112	1.20626
140	115	1.17144
140	116	0.651024
140	117	0.644334
140	121	1.21292
140	122	1.2186
140	127	1.14416
140	129	1.14738
140	137	1.13991
140	138	1.16246
140	139	1.11726
140	142	1.16446
140	143	0.81273
140	144	1.12536
140	149	1.21424
140	151	0.752689
140	156	0.659895
140	158	1.20649
140	159	0.887371
140	166	1.21036
140	167	0.779802
