1	27	1.20899
1	98	1.14288
1	116	1.24291
1	139	0.870402
1	150	0.927614
1	166	1.20153
1	172	0.899148
1	173	0.890398
1	176	0.901139
1	177	0.906017
1	179	0.901199
1	180	0.914463
2	39	0.919371
2	47	1.02426
2	119	0.976429
2	132	1.02033
2	155	1.03923
2	157	1.03055
2	159	1.01682
2	163	1.03078
2	167	0.978862
2	168	0.961187
2	170	1.03845
2	180	0.967025
3	56	1.20294
3	73	0.920055
3	137	0.920825
3	141	0.880994
3	143	0.907127
3	147	1.19236
3	163	0.880983
3	170	0.888657
3	175	0.886117
3	176	1.19647
3	177	1.2099
3	178	0.917102
4	144	1.20635
4	150	0.92039
4	153	1.21229
4	156	1.18888
4	162	0.901376
4	167	0.902821
4	172	0.891925
4	176	0.893915
4	177	0.898793
4	178	1.19
4	179	0.893975
4	180	0.907239
5	115	0.978395
5	127	1.02567
5	139	1.0182
5	155	1.03554
5	157	1.02686
5	159	1.01313
5	164	0.938988
5	167	0.943592
5	168	0.925916
5	170	1.03477
5	171	1.03231
5	175	1.03223
6	19	1.00122
6	49	0.965011
6	53	1.01603
6	55	0.947579
6	108	1.03027
6	111	1.03275
6	133	0.992923
6	141	1.0222
6	143	1.04833
6	162	0.945794
6	169	0.947594
6	178	1.05831
7	96	0.891121
7	115	1.01051
7	122	1.02354
7	135	0.958893
7	162	1.03445
7	166	0.953476
7	167	1.03589
7	170	0.968238
7	176	1.02699
7	177	1.03186
7	179	1.02705
7	180	1.04031
8	102	1.00252
8	121	1.03535
8	149	1.02238
8	161	1.02192
8	164	1.03731
8	165	1.03022
8	167	0.947829
8	168	1.03222
8	169	1.02162
8	173	0.985775
8	175	0.931968
8	180	0.935992
9	108	0.990719
9	118	0.942956
9	133	1.03866
9	136	0.901241
9	138	0.922992
9	159	1.01566
9	170	1.0373
9	172	1.02653
9	173	1.01778
9	175	1.03476
9	177	1.0334
9	180	1.04184
10	19	1.01053
10	60	1.08602
10	61	0.893443
10	105	0.94476
10	120	1.00474
10	152	1.04096
10	160	0.997461
10	165	1.01919
10	166	1.01423
10	170	0.981748
10	174	1.0271
10	176	0.975993
11	13	0.93493
11	24	0.99794
11	27	0.981702
11	70	1.05638
11	94	0.914123
11	107	1.05378
11	140	1.00015
11	155	1.03199
11	164	0.985271
11	170	1.03122
11	175	1.02868
11	176	0.983256
12	74	1.04528
12	137	0.940661
12	146	0.988028
12	153	0.963224
12	156	0.939816
12	163	1.02652
12	171	1.03174
12	173	1.01468
12	174	0.967574
12	176	1.02542
12	179	1.02548
12	180	1.03875
13	11	0.93493
13	53	1.01926
13	80	0.90793
13	97	0.972877
13	102	1.01948
13	108	1.0335
13	120	0.986923
13	133	0.996154
13	137	1.06526
13	143	1.05156
13	175	0.948931
13	178	1.06154
14	101	0.971765
14	133	1.00456
14	138	1.06914
14	152	1.0454
14	154	0.950197
14	160	1.0019
14	161	1.01534
14	162	0.933941
14	163	0.937134
14	165	1.02363
14	166	1.01867
14	168	1.02564
15	51	1.0511
15	91	0.9417
15	102	0.990399
15	116	0.993644
15	157	0.939646
15	158	0.991888
15	160	1.01346
15	164	1.04228
15	166	1.03022
15	169	1.0266
15	174	1.04309
15	177	0.94252
16	27	1.00954
16	62	1.11548
16	108	0.969568
16	145	0.94134
16	164	1.01952
16	165	1.01243
16	166	1.00746
16	167	0.958398
16	168	1.01443
16	172	0.969582
16	174	1.02033
16	177	0.965206
17	23	1.2334
17	38	1.12533
17	112	0.889211
17	145	0.907242
17	152	1.19459
17	172	0.899075
17	173	0.890324
17	175	1.23792
17	176	0.901066
17	177	0.905943
17	179	0.901126
17	180	0.91439
18	26	1.03717
18	101	0.952328
18	125	0.927791
18	137	0.999974
18	141	0.960143
18	143	0.986277
18	147	1.02108
18	153	0.976297
18	156	1.00169
18	160	1.06166
18	168	1.01414
18	173	1.06976
18	178	0.996251
19	6	1.00122
19	10	1.01053
19	70	1.02602
19	132	1.09186
19	142	1.06736
19	149	0.956051
19	153	0.987886
19	169	0.955294
19	172	0.968629
19	177	0.975497
19	178	1.00923
19	179	0.97068
19	180	0.983944
20	114	0.905665
20	132	0.884614
20	146	1.11996
20	151	0.854079
20	152	1.12954
20	157	0.860346
20	164	1.11486
20	165	1.10777
20	166	1.1028
20	168	1.10977
20	173	0.894359
20	174	1.11567
20	178	0.801984
21	57	1.08428
21	70	0.998028
21	93	0.991024
21	130	1.03367
21	140	0.941795
21	143	0.986013
21	155	0.973638
21	159	0.951229
21	167	1.04475
21	170	0.972865
21	175	0.970325
21	177	1.05156
21	178	1.00131
22	74	1.00696
22	104	0.960634
22	110	1.04239
22	111	0.973602
22	133	0.933778
22	137	1.00288
22	139	1.10668
22	141	0.963054
22	143	0.989187
22	153	0.979207
22	169	1.02237
22	176	1.02545
22	178	0.999162
23	17	1.2334
23	86	0.932743
23	105	1.00903
23	118	0.962764
23	120	0.977141
23	150	0.965062
23	157	0.97245
23	158	1.05553
23	163	0.972684
23	170	0.980358
23	171	0.977897
23	175	0.977818
23	180	0.98752
24	11	0.99794
24	82	1.01062
24	131	0.961706
24	135	0.976037
24	138	0.990991
24	149	1.05211
24	159	0.948653
24	161	1.04886
24	170	0.970289
24	171	0.967829
24	175	0.967749
24	177	1.05436
24	179	1.05544
25	64	0.962214
25	68	0.915865
25	108	1.05674
25	115	0.973687
25	125	1.0962
25	132	0.980813
25	160	0.961696
25	162	1.03407
25	169	0.974836
25	170	0.998938
25	171	0.996478
25	172	1.05675
25	175	0.996398
26	18	1.03717
26	48	1.03842
26	92	1.02346
26	114	1.07435
26	146	0.983395
26	160	0.949467
26	167	0.986838
26	168	0.973203
26	169	0.962606
26	171	1.0214
26	177	0.98281
26	179	0.977993
26	180	0.991257
27	1	1.20899
27	11	0.981702
27	16	1.00954
27	151	1.00923
27	152	0.991426
27	160	0.947925
27	164	0.976747
27	166	0.96469
27	168	0.971661
27	169	0.961064
27	174	0.97756
27	176	1.00494
27	180	0.999726
28	31	1.09566
28	121	0.979295
28	144	0.997087
28	153	0.998159
28	160	0.952427
28	161	0.965866
28	164	0.981248
28	168	0.976163
28	169	0.965566
28	172	1.04636
28	174	0.982062
28	177	1.04198
28	180	1.02334
29	65	0.970631
29	91	1.08597
29	120	0.977508
29	123	1.00114
29	132	0.9626
29	134	1.01399
29	154	0.968499
29	155	0.981498
29	157	0.972818
29	158	1.13615
29	170	0.980725
29	171	0.978265
29	175	0.978185
30	32	1.0769
30	134	0.979527
30	140	1.06317
30	142	1.04922
30	145	0.976518
30	151	0.985991
30	167	0.979247
30	168	1.02784
30	172	0.968351
30	176	0.970342
30	177	0.975219
30	179	0.970401
30	180	0.983666
31	28	1.09566
31	71	0.987727
31	128	0.963828
31	134	1.01423
31	140	0.953885
31	145	0.982355
31	153	1.04807
31	163	0.977281
31	174	1.05242
31	175	0.982415
31	177	0.981056
31	179	0.976238
31	180	0.989503
32	30	1.0769
32	47	1.02068
32	77	0.998539
32	107	0.982089
32	136	1.00285
32	138	1.00389
32	148	1.08015
32	155	1.03911
32	161	0.950091
32	164	0.965473
32	168	0.960388
32	169	0.949791
32	174	0.966287
33	67	0.868162
33	96	0.814612
33	109	0.890163
33	119	1.09782
33	125	1.07825
33	133	1.08133
33	137	1.15044
33	138	0.836036
33	141	1.11061
33	143	1.13674
33	164	0.887989
33	177	0.899401
33	178	1.14671
34	72	0.885454
34	98	1.0819
34	139	0.994112
34	146	1.0538
34	148	0.94854
34	151	0.917171
34	154	1.04488
34	159	1.03547
34	162	0.908004
34	163	1.04944
34	165	1.0416
34	168	1.04361
34	173	0.95745
34	174	1.0495
35	53	1.10554
35	77	1.11026
35	98	0.959315
35	114	0.927128
35	123	1.07273
35	125	1.20219
35	135	0.94027
35	140	0.903452
35	144	0.954636
35	150	1.11727
35	154	0.922296
35	157	0.926615
35	170	0.934522
35	175	0.931982
36	69	0.91489
36	108	0.92841
36	112	0.960183
36	125	0.967869
36	134	1.08534
36	147	1.04705
36	149	1.03996
36	161	1.0395
36	166	1.04283
36	167	0.917241
36	168	1.0498
36	169	1.0392
36	170	0.916377
36	174	1.0557
37	80	0.847815
37	90	0.939833
37	95	0.980782
37	102	0.959364
37	107	1.06802
37	109	0.902246
37	128	1.02432
37	139	0.979285
37	144	1.06557
37	163	1.03778
37	170	1.04545
37	171	1.04299
37	175	1.04291
37	178	1.0739
38	17	1.12533
38	74	1.05811
38	105	1.0757
38	109	0.888858
38	130	0.880209
38	132	1.02891
38	144	1.06715
38	146	0.883946
38	154	1.03481
38	170	1.04703
38	171	1.04457
38	173	0.929234
38	175	1.04449
38	179	0.899183
39	2	0.919371
39	82	0.903035
39	111	0.945674
39	144	0.922158
39	157	0.964178
39	162	1.05625
39	165	0.941526
39	167	1.05769
39	172	1.0468
39	173	1.03805
39	176	1.04879
39	177	1.05366
39	179	1.04885
39	180	1.06211
40	77	0.906066
40	101	0.973694
40	128	1.03142
40	142	1.04657
40	148	0.976407
40	156	0.891817
40	157	1.04464
40	162	0.935871
40	163	1.04487
40	170	1.05255
40	171	1.05009
40	174	0.919575
40	175	1.05001
40	178	1.08099
41	60	1.0078
41	117	0.959186
41	119	1.15714
41	140	1.17722
41	152	1.10038
41	158	0.919752
41	167	0.939944
41	169	1.14987
41	172	0.929047
41	173	0.920296
41	176	0.931038
41	177	0.935915
41	179	0.931098
41	180	0.944362
42	43	1.09944
42	85	1.09968
42	115	1.03283
42	126	0.897631
42	134	1.08011
42	151	0.902787
42	158	0.961297
42	160	1.02084
42	165	1.04257
42	166	1.0376
42	169	1.03398
42	174	1.05047
42	176	0.898502
42	178	0.850693
43	42	1.09944
43	60	1.06228
43	79	1.06354
43	86	0.887355
43	105	0.963642
43	109	1.21162
43	114	0.927576
43	131	0.926387
43	135	0.940717
43	138	1.15749
43	144	0.955084
43	170	0.93497
43	171	0.932509
43	175	0.93243
44	114	0.931256
44	116	1.1576
44	128	0.917523
44	130	1.12077
44	134	1.06585
44	154	0.926423
44	157	0.930742
44	159	0.917013
44	166	1.11622
44	170	0.938649
44	171	0.936189
44	172	1.14303
44	175	0.936109
44	178	0.967094
45	79	0.879195
45	142	1.0334
45	151	1.01274
45	154	1.03446
45	155	1.0177
45	158	0.985808
45	162	1.00455
45	167	1.006
45	171	1.02601
45	172	0.995103
45	174	1.00191
45	176	0.997094
45	177	1.00197
45	179	0.997154
45	180	1.01042
46	70	0.977385
46	119	0.987853
46	127	1.00662
46	133	0.971362
46	136	0.936713
46	141	1.00064
46	149	1.01958
46	160	1.04487
46	164	1.01042
46	172	0.997535
46	176	0.999526
46	177	1.0044
46	178	1.03675
46	179	0.999586
46	180	1.01285
47	2	1.02426
47	32	1.02068
47	70	1.01453
47	82	1.0297
47	90	1.02446
47	133	1.04842
47	142	0.983392
47	152	0.930108
47	153	0.957155
47	159	0.967732
47	160	1.01915
47	170	0.989368
47	171	0.986907
47	175	0.986828
47	178	1.01781
48	26	1.03842
48	61	0.943888
48	94	0.957306
48	97	0.945555
48	104	0.995688
48	119	0.985322
48	125	0.965755
48	126	1.02557
48	137	1.03794
48	141	0.998108
48	143	1.02424
48	147	1.02232
48	153	1.01426
48	175	1.0172
48	178	1.03422
49	6	0.965011
49	79	0.876942
49	101	1.05378
49	139	0.971552
49	146	1.02011
49	158	0.991004
49	159	1.05486
49	162	1.00975
49	167	1.0112
49	171	1.02376
49	172	1.0003
49	176	1.00229
49	177	1.00717
49	179	1.00235
49	180	1.01561
50	105	0.9999
50	143	0.979013
50	145	1.00338
50	146	1.03041
50	151	1.01285
50	156	0.982198
50	167	1.00611
50	172	0.99521
50	173	0.986459
50	175	1.02189
50	176	0.9972
50	177	1.00208
50	178	0.983324
50	179	0.99726
50	180	1.01052
51	15	1.0511
51	80	1.04202
51	114	1.05303
51	124	0.969727
51	126	0.996291
51	149	0.980621
51	152	1.01023
51	155	0.991773
51	160	0.966724
51	166	0.983489
51	168	0.99046
51	169	0.979864
51	171	1.00009
51	174	0.99636
51	180	0.991944
52	63	0.967994
52	103	0.999295
52	131	1.00294
52	141	1.00693
52	146	0.989817
52	160	1.02701
52	161	0.998466
52	168	0.979483
52	171	1.00906
52	173	0.992003
52	175	1.00898
52	176	1.00274
52	177	1.00762
52	179	1.0028
52	180	1.01607
53	6	1.01603
53	13	1.01926
53	35	1.10554
53	81	1.0309
53	106	0.951134
53	133	0.952797
53	135	0.963498
53	137	1.0219
53	141	0.982073
53	142	0.977405
53	143	1.00821
53	148	1.00274
53	171	0.970014
53	177	0.980516
53	178	1.01818
54	63	0.968372
54	74	1.02298
54	86	0.964283
54	100	1.02303
54	121	1.0029
54	126	0.994008
54	127	1.0028
54	130	0.990419
54	131	1.00331
54	154	0.999671
54	159	0.990261
54	166	0.985873
54	171	1.00944
54	178	1.04034
54	179	1.00939
55	6	0.947579
55	67	0.985591
55	71	1.03834
55	74	0.984907
55	99	1.04344
55	118	1.01601
55	148	1.03906
55	149	0.987398
55	161	0.986941
55	165	0.995234
55	166	0.990266
55	168	0.997237
55	169	0.98664
55	174	1.00314
55	180	0.998185
56	3	1.20294
56	62	1.03329
56	71	0.973346
56	86	1.08867
56	91	1.02557
56	110	1.0299
56	113	0.924032
56	115	0.920499
56	134	0.967781
56	138	0.975746
56	152	0.952009
56	156	0.979632
56	168	0.932244
56	172	1.03077
56	174	0.938143
56	179	1.02748
57	21	1.08428
57	72	1.02521
57	85	1.01032
57	121	0.958352
57	126	1.05177
57	139	1.13387
57	153	0.977216
57	160	0.931484
57	161	0.944923
57	162	1.04776
57	164	0.960305
57	165	0.953217
57	166	0.948248
57	168	0.95522
57	174	0.961119
57	177	1.06607
58	60	0.959954
58	96	1.03375
58	116	1.13748
58	124	0.985977
58	135	1.10152
58	146	1.10438
58	150	0.981574
58	158	0.943813
58	162	0.96256
58	172	0.953109
58	173	0.944358
58	176	0.955099
58	177	0.959977
58	178	1.0573
58	179	0.955159
58	180	0.968423
59	60	1.12316
59	69	0.894782
59	84	0.85599
59	97	1.01866
59	115	1.04659
59	118	1.07711
59	138	1.10184
59	148	0.926167
59	151	0.894798
59	159	0.924539
59	160	1.0346
59	163	0.888825
59	165	1.05633
59	166	1.05136
59	168	1.05834
59	169	1.04774
60	10	1.08602
60	41	1.0078
60	43	1.06228
60	58	0.959954
60	59	1.12316
60	84	0.826823
60	94	1.11033
60	110	0.878283
60	136	1.08384
60	164	1.04646
60	165	1.03937
60	166	1.0344
60	169	1.03078
60	174	1.04727
60	178	0.813536
60	180	0.856127
61	10	0.893443
61	48	0.943888
61	92	0.928932
61	139	1.04078
61	148	1.05653
61	153	0.898422
61	162	1.07897
61	164	0.925964
61	171	0.926874
61	172	1.06952
61	173	1.06077
61	176	1.07151
61	177	1.07639
61	178	0.876139
61	179	1.07157
61	180	1.08484
62	16	1.11548
62	56	1.03329
62	90	0.921917
62	95	0.962866
62	116	1.03405
62	132	0.914962
62	158	0.942937
62	160	1.05386
62	161	1.0673
62	165	1.0756
62	166	1.07063
62	169	1.067
62	170	0.885896
62	171	0.883067
62	174	1.0835
62	177	0.893569
63	52	0.967994
63	54	0.968372
63	71	1.00958
63	75	1.0434
63	84	1.06093
63	98	0.984832
63	114	0.952646
63	120	0.956822
63	142	0.954063
63	154	0.947813
63	157	0.952132
63	168	1.08439
63	171	0.957579
63	172	1.11325
63	175	0.957499
63	176	1.09545
64	25	0.962214
64	70	0.898748
64	82	0.879175
64	88	0.885421
64	102	1.06222
64	139	1.03822
64	145	1.07514
64	151	1.08461
64	155	0.924376
64	158	1.05768
64	165	0.917665
64	169	0.926685
64	172	1.06697
64	176	1.06896
64	179	1.06902
64	180	1.08229
65	29	0.970631
65	66	1.035
65	133	0.969503
65	144	0.872302
65	151	1.08597
65	155	0.89838
65	156	0.854835
65	158	1.05904
65	160	0.940242
65	168	0.892713
65	172	1.06833
65	173	1.05958
65	176	1.07033
65	177	1.0752
65	179	1.07038
65	180	1.08365
66	65	1.035
66	126	0.967508
66	136	1.02338
66	153	1.06955
66	158	0.939402
66	162	0.958148
66	165	1.08297
66	168	1.08402
66	172	0.948697
66	173	0.939946
66	175	1.08583
66	176	0.950688
66	177	0.955565
66	178	1.04726
66	179	0.950748
66	180	0.964012
67	33	0.868162
67	55	0.985591
67	74	1.02887
67	82	1.05811
67	90	1.03046
67	92	1.01302
67	122	0.982978
67	123	0.916468
67	146	0.987963
67	155	1.01856
67	157	1.00988
67	158	1.05148
67	163	1.01011
67	170	1.01778
67	171	1.01532
67	174	0.967509
67	178	1.04623
68	25	0.915865
68	79	1.00873
68	94	0.975938
68	106	1.17217
68	123	0.948748
68	143	1.07017
68	146	0.917178
68	157	1.13285
68	163	1.12061
68	164	0.912072
68	165	0.904983
68	166	0.900015
68	168	0.906986
68	169	0.89639
68	173	1.16686
68	174	0.912886
68	179	1.13681
69	36	0.91489
69	59	0.894782
69	112	1.00527
69	124	1.048
69	131	1.02261
69	145	1.0233
69	148	1.00214
69	149	1.02195
69	152	0.958193
69	157	1.02132
69	162	1.02458
69	167	1.02603
69	173	1.00638
69	177	1.022
69	178	0.962958
69	179	1.01718
69	180	1.03045
70	11	1.05638
70	19	1.02602
70	21	0.998028
70	46	0.977385
70	47	1.01453
70	64	0.898748
70	111	0.967531
70	122	0.993922
70	135	1.03447
70	140	0.997657
70	155	1.0295
70	161	0.983408
70	163	1.02105
70	170	1.02873
70	171	1.02627
70	172	0.993285
70	174	0.954305
71	31	0.987727
71	55	1.03834
71	56	0.973346
71	63	1.00958
71	80	1.06921
71	99	0.960662
71	125	0.977872
71	128	0.949038
71	136	1.06012
71	158	0.98342
71	160	0.993919
71	161	1.00736
71	164	1.02274
71	166	1.01068
71	168	1.01766
71	169	1.00706
71	179	0.935138
72	34	0.885454
72	57	1.02521
72	97	1.10721
72	105	0.947834
72	134	0.919693
72	139	0.991747
72	151	1.03813
72	152	0.926492
72	158	1.0112
72	162	1.02994
72	170	0.984822
72	172	1.02049
72	173	1.01174
72	176	1.02248
72	177	1.02736
72	179	1.02254
72	180	1.03581
73	3	0.920055
73	78	0.999131
73	82	1.07529
73	104	0.98553
73	111	0.961203
73	116	1.00153
73	129	0.990793
73	132	1.01684
73	150	0.941478
73	154	1.02274
73	155	1.03574
73	159	1.01333
73	162	0.964273
73	163	1.02729
73	170	1.03496
73	174	0.947977
73	178	1.06341
74	12	1.04528
74	22	1.00696
74	38	1.05811
74	54	1.02298
74	55	0.984907
74	67	1.02887
74	110	1.00494
74	124	0.960567
74	129	0.970478
74	134	0.928629
74	135	1.0204
74	155	1.01542
74	156	0.939068
74	166	0.978995
74	170	1.01465
74	171	1.01219
74	175	1.01211
75	63	1.0434
75	99	1.01867
75	112	1.01027
75	120	0.983203
75	122	1.01551
75	138	0.904514
75	139	0.991392
75	162	1.02959
75	165	0.942353
75	167	1.03104
75	171	0.957378
75	172	1.02014
75	175	0.94521
75	176	1.02213
75	177	1.02701
75	179	1.02219
75	180	1.03545
76	98	1.04091
76	105	1.04479
76	107	1.03869
76	115	1.0063
76	124	0.937444
76	129	0.971952
76	146	0.964156
76	148	1.00053
76	154	1.0039
76	155	1.01689
76	163	1.00845
76	169	0.961798
76	170	1.01612
76	171	1.01366
76	177	0.978306
76	178	1.04457
76	180	0.959661
77	32	0.998539
77	35	1.11026
77	40	0.906066
77	98	0.904153
77	136	1.05717
77	144	0.940346
77	151	1.03508
77	155	0.966423
77	159	1.00584
77	161	1.00441
77	168	1.0147
77	169	1.00411
77	172	1.01744
77	175	0.962571
77	177	1.02431
77	179	1.01949
77	180	1.03276
78	73	0.999131
78	86	1.11218
78	118	0.994622
78	134	1.01139
78	137	0.988386
78	143	0.984356
78	149	0.96601
78	154	1.04785
78	163	1.03479
78	165	0.973847
78	167	0.989485
78	169	0.965253
78	173	0.969838
78	175	1.02723
78	176	0.98058
78	177	0.985457
78	179	0.980639
78	180	0.993904
79	43	1.06354
79	45	0.879195
79	49	0.876942
79	68	1.00873
79	136	1.12075
79	138	1.1218
79	152	1.09806
79	158	0.925401
79	161	1.068
79	164	1.08338
79	165	1.07629
79	166	1.07132
79	169	1.0677
79	172	0.880409
79	173	0.907171
79	174	1.08419
79	178	0.814797
79	180	0.857388
80	13	0.90793
80	37	0.847815
80	51	1.04202
80	71	1.06921
80	84	0.921733
80	108	0.974044
80	118	1.04688
80	122	1.01731
80	146	1.0383
80	152	1.04788
80	161	1.01781
80	164	1.0332
80	165	1.02611
80	167	0.962875
80	168	1.02811
80	169	1.01751
80	173	1.00082
80	174	1.03401
80	179	0.97077
81	53	1.0309
81	88	0.917485
81	94	0.892696
81	99	1.00187
81	101	1.02925
81	106	1.00613
81	111	1.04762
81	115	1.00325
81	119	1.02428
81	123	0.889611
81	125	1.00472
81	133	1.00779
81	137	1.0769
81	141	1.03707
81	143	1.0632
81	147	0.957712
81	170	0.967584
81	178	1.07318
81	179	0.976343
82	24	1.01062
82	39	0.903035
82	47	1.0297
82	64	0.879175
82	67	1.05811
82	73	1.07529
82	86	0.996281
82	121	0.963931
82	148	0.991563
82	154	1.03167
82	157	1.03599
82	160	0.99238
82	161	0.963835
82	163	1.03622
82	170	1.0439
82	171	1.04143
82	172	0.973711
82	174	0.934731
82	175	1.04136
83	105	0.929987
83	124	1.06228
83	139	1.00067
83	145	1.03758
83	146	0.960496
83	149	0.972399
83	150	1.05788
83	151	1.04706
83	164	0.963235
83	165	0.94912
83	167	1.04031
83	168	0.950163
83	169	0.958139
83	172	1.02942
83	173	1.02066
83	177	1.03628
83	178	0.91341
83	179	1.03147
83	180	1.04473
84	59	0.85599
84	60	0.826823
84	63	1.06093
84	80	0.921733
84	92	0.97696
84	106	1.02185
84	132	1.0068
84	145	1.04169
84	148	1.02052
84	150	1.06198
84	158	1.02422
84	162	1.04297
84	172	1.03352
84	173	1.02477
84	176	1.03551
84	177	1.04039
84	178	0.924167
84	179	1.03557
84	180	1.04883
85	42	1.09968
85	57	1.01032
85	89	1.04375
85	116	0.988107
85	126	0.943975
85	152	1.05142
85	154	0.956221
85	156	1.07905
85	158	1.00764
85	160	1.00792
85	161	1.02136
85	165	1.02965
85	167	0.951465
85	168	1.03166
85	170	0.950601
85	174	1.03756
85	177	0.958273
85	178	0.897037
85	180	0.939628
86	23	0.932743
86	43	0.887355
86	54	0.964283
86	56	1.08867
86	78	1.11218
86	82	0.996281
86	88	0.994038
86	92	0.951188
86	114	0.948556
86	124	1.05477
86	126	1.08133
86	140	0.92488
86	154	0.943724
86	160	1.11868
86	162	1.07732
86	163	0.948276
86	168	1.07115
86	170	0.95595
86	171	0.95349
87	100	1.02979
87	108	0.972497
87	112	1.02552
87	113	0.989613
87	118	0.924735
87	136	0.88302
87	142	0.965025
87	148	1.02239
87	151	1.05302
87	164	0.956724
87	166	0.945702
87	167	1.04628
87	171	0.957634
87	172	1.03538
87	173	1.02663
87	176	1.03737
87	177	1.04225
87	179	1.03743
87	180	1.0507
88	64	0.885421
88	81	0.917485
88	86	0.994038
88	89	0.974633
88	92	1.03689
88	99	1.00219
88	127	1.03256
88	132	1.02353
88	135	1.0474
88	152	0.90958
88	155	1.04243
88	157	1.03375
88	170	1.04165
88	171	1.03919
88	172	0.979957
88	175	1.03911
88	177	0.975581
88	178	1.0701
88	180	0.956936
89	85	1.04375
89	88	0.974633
89	93	1.02031
89	96	0.947615
89	124	0.991542
89	134	1.02418
89	138	1.03215
89	144	0.98751
89	146	0.998835
89	149	0.978803
89	160	0.964906
89	161	0.978346
89	162	1.0141
89	164	0.993728
89	166	0.981671
89	168	0.988643
89	172	1.03678
89	174	0.994542
89	176	1.01898
89	179	1.03349
90	37	0.939833
90	47	1.02446
90	62	0.921917
90	67	1.03046
90	91	1.00651
90	107	0.985865
90	117	1.02515
90	121	1.0563
90	147	0.989526
90	148	0.982018
90	151	1.01265
90	158	0.985718
90	162	1.00446
90	165	1.03617
90	167	1.00591
90	173	0.986262
90	176	0.997004
90	178	1.00046
90	179	0.997064
90	180	1.01033
91	15	0.9417
91	29	1.08597
91	56	1.02557
91	90	1.00651
91	98	0.951445
91	124	1.02639
91	136	0.947416
91	148	0.980531
91	151	1.01117
91	161	1.02703
91	162	1.00298
91	166	1.0101
91	167	1.00442
91	168	1.00805
91	172	0.993526
91	173	0.984775
91	176	0.995516
91	177	1.00039
91	179	0.995576
91	180	1.00884
92	26	1.02346
92	61	0.928932
92	67	1.01302
92	84	0.97696
92	86	0.951188
92	88	1.03689
92	103	1.02024
92	142	0.992827
92	144	1.01892
92	146	1.01076
92	147	1.00737
92	154	0.986577
92	155	0.999576
92	157	0.990896
92	163	0.991129
92	171	0.996342
92	175	0.996263
92	176	1.01148
92	178	1.02725
92	179	1.026
93	21	0.991024
93	89	1.02031
93	97	1.09523
93	104	0.983459
93	114	1.01433
93	116	0.964667
93	127	1.01263
93	129	0.977554
93	139	1.04831
93	145	0.956644
93	154	1.0095
93	160	0.984482
93	166	1.00125
93	167	0.973702
93	168	1.00822
93	169	0.997621
93	171	1.01926
93	172	0.984886
93	177	0.98051
93	179	0.981597
94	11	0.914123
94	48	0.957306
94	60	1.11033
94	68	0.975938
94	81	0.892696
94	98	0.869706
94	123	1.08727
94	125	0.994613
94	138	1.08901
94	147	1.04276
94	149	1.03567
94	150	0.909689
94	161	1.03521
94	164	1.05059
94	166	1.03853
94	168	1.04551
94	169	1.03491
94	172	0.955169
94	173	0.981931
94	174	1.0514
94	175	0.928123
95	37	0.980782
95	62	0.962866
95	98	1.02156
95	100	0.960248
95	126	0.984651
95	140	1.11349
95	147	0.960353
95	148	0.952845
95	151	0.98348
95	153	1.0637
95	162	0.975291
95	163	1.08753
95	167	0.976736
95	168	1.07817
95	169	1.08614
95	172	0.96584
95	173	0.957089
95	176	0.967831
95	177	0.972708
95	179	0.96789
95	180	0.981155
96	7	0.891121
96	33	0.814612
96	58	1.03375
96	89	0.947615
96	105	1.07741
96	127	1.03964
96	131	1.04016
96	132	1.03061
96	135	1.05449
96	141	0.951527
96	144	1.06885
96	155	1.04951
96	159	1.0271
96	163	1.04107
96	170	1.04874
96	172	0.952939
96	174	0.913959
96	175	1.0462
96	177	0.948563
96	178	1.07718
96	179	0.94965
97	13	0.972877
97	48	0.945555
97	59	1.01866
97	72	1.10721
97	93	1.09523
97	104	0.933265
97	106	0.904746
97	108	0.943753
97	111	0.946233
97	119	0.9229
97	123	1.06242
97	125	0.903332
97	133	0.906409
97	137	0.975516
97	141	0.935685
97	143	0.961818
97	156	0.977231
97	167	1.14126
97	169	1.13156
97	174	1.11346
97	176	1.13464
97	178	0.971793
98	1	1.14288
98	34	1.0819
98	35	0.959315
98	63	0.984832
98	76	1.04091
98	77	0.904153
98	91	0.951445
98	94	0.869706
98	95	1.02156
98	101	0.971781
98	120	1.02514
98	127	1.01926
98	128	1.00723
98	129	0.984189
98	133	1.00457
98	139	1.02007
98	140	0.997288
98	153	0.913312
98	163	1.02068
98	170	1.02836
98	171	1.0259
98	175	1.02582
99	55	1.04344
99	71	0.960662
99	75	1.01867
99	81	1.00187
99	88	1.00219
99	100	0.974975
99	117	1.01071
99	118	1.01656
99	125	1.10378
99	126	0.999377
99	134	0.987162
99	139	0.951819
99	145	0.988733
99	155	1.04115
99	158	0.971271
99	162	0.990017
99	169	1.04346
99	172	0.980566
99	173	0.971816
99	176	0.982557
99	177	0.987435
99	179	0.982617
99	180	0.995881
100	54	1.02303
100	87	1.02979
100	95	0.960248
100	99	0.974975
100	117	1.00658
100	118	1.00467
100	127	1.03287
100	145	0.984606
100	149	1.04583
100	150	1.00491
100	155	1.02926
100	162	0.98589
100	164	1.03666
100	165	1.02255
100	167	0.987336
100	172	0.976439
100	173	0.967689
100	174	1.01347
100	176	0.97843
100	177	0.983308
100	178	0.986839
100	179	0.97849
100	180	0.991754
101	14	0.971765
101	18	0.952328
101	40	0.973694
101	49	1.05378
101	81	1.02925
101	98	0.971781
101	104	0.978002
101	106	0.949483
101	108	0.988491
101	111	0.990971
101	119	0.967637
101	125	0.94807
101	133	0.951147
101	137	1.02025
101	141	0.980422
101	143	1.00656
101	147	1.03532
101	156	1.02197
101	164	1.04146
101	167	1.04606
101	172	1.05724
101	178	1.01653
101	179	1.05395
102	8	1.00252
102	13	1.01948
102	15	0.990399
102	37	0.959364
102	64	1.06222
102	126	0.996092
102	139	0.948534
102	143	1.01568
102	148	0.964287
102	150	1.00575
102	151	0.994921
102	157	1.07836
102	158	0.967986
102	167	0.988178
102	169	1.06472
102	172	0.977281
102	173	0.968531
102	174	1.04663
102	176	0.979272
102	177	0.98415
102	178	1.02
102	179	0.979332
102	180	0.992596
103	52	0.999295
103	92	1.02024
103	106	1.06513
103	113	0.970534
103	118	0.997519
103	121	0.981878
103	130	0.991127
103	136	1.02121
103	138	1.02225
103	140	1.03953
103	141	1.03164
103	146	0.988938
103	147	0.975998
103	150	0.987577
103	161	0.96845
103	162	1.01037
103	164	0.983832
103	165	0.976743
103	166	0.971775
103	168	0.978746
103	169	0.968149
103	171	1.01818
103	177	1.02868
104	22	0.960634
104	48	0.995688
104	73	0.98553
104	93	0.983459
104	97	0.933265
104	101	0.978002
104	106	0.954879
104	108	0.993886
104	115	1.0643
104	125	0.953465
104	130	1.01841
104	133	0.956542
104	137	1.02565
104	141	0.985818
104	143	1.01195
104	153	1.00197
104	156	1.02736
104	167	1.02949
104	169	1.01979
104	173	1.06744
104	176	1.02287
104	178	1.02193
104	180	1.01766
105	10	0.94476
105	23	1.00903
105	38	1.0757
105	43	0.963642
105	50	0.9999
105	72	0.947834
105	76	1.04479
105	83	0.929987
105	96	1.07741
105	120	1.02902
105	121	0.983289
105	128	1.01111
105	140	1.00117
105	150	0.94759
105	154	1.02001
105	156	0.926331
105	157	1.02433
105	163	1.02456
105	166	0.966259
105	167	0.981885
105	171	1.02978
105	175	1.0297
105	176	0.975266
105	178	1.06068
106	53	0.951134
106	68	1.17217
106	81	1.00613
106	84	1.02185
106	97	0.904746
106	101	0.949483
106	103	1.06513
106	104	0.954879
106	108	0.965367
106	111	0.967847
106	113	1.09128
106	119	0.944513
106	120	1.08512
106	125	0.924946
106	133	0.928023
106	137	0.99713
106	141	0.957299
106	143	0.983432
106	147	1.05225
106	152	1.0038
106	153	0.973452
106	172	1.07417
106	174	1.03519
106	178	0.993407
107	11	1.05378
107	32	0.982089
107	37	1.06802
107	76	1.03869
107	90	0.985865
107	113	0.978994
107	114	1.01874
107	122	0.991327
107	123	0.871872
107	125	1.00134
107	131	1.01755
107	132	1.00801
107	139	1.02532
107	142	1.02016
107	144	1.04625
107	153	0.918563
107	157	1.01823
107	162	0.939209
107	163	1.01846
107	164	0.946105
107	171	1.02367
107	175	1.02359
107	177	0.957517
107	178	1.05458
108	6	1.03027
108	9	0.990719
108	13	1.0335
108	16	0.969568
108	25	1.05674
108	36	0.92841
108	80	0.974044
108	87	0.972497
108	97	0.943753
108	101	0.988491
108	104	0.993886
108	106	0.965367
108	111	1.00685
108	116	1.05666
108	119	0.983521
108	125	0.963954
108	130	1.01983
108	133	0.967031
108	137	1.03614
108	141	0.996306
108	143	1.02244
108	156	1.03785
108	166	1.01528
108	178	1.03241
108	180	1.01907
109	33	0.890163
109	37	0.902246
109	38	0.888858
109	43	1.21162
109	114	1.06656
109	120	1.03944
109	121	0.996639
109	145	1.00441
109	150	1.02471
109	154	1.02206
109	156	1.04089
109	160	0.96977
109	163	1.009
109	164	0.998592
109	166	0.986535
109	167	1.00714
109	169	0.98291
109	173	0.987495
109	174	0.999406
109	175	1.00145
109	176	0.998236
109	177	1.00311
109	178	0.962878
109	179	0.998296
109	180	1.01156
110	22	1.04239
110	56	1.0299
110	60	0.878283
110	74	1.00494
110	117	1.0189
110	123	1.02778
110	124	1.02162
110	126	1.00757
110	138	0.973498
110	143	0.971317
110	145	0.996923
110	151	1.0064
110	157	1.03399
110	158	0.979461
110	162	0.998208
110	165	1.01134
110	167	0.999653
110	169	1.02036
110	170	1.02919
110	172	0.988757
110	173	0.980006
110	176	0.990747
110	177	0.995625
110	179	0.990807
110	180	1.00407
111	6	1.03275
111	22	0.973602
111	39	0.945674
111	70	0.967531
111	73	0.961203
111	81	1.04762
111	97	0.946233
111	101	0.990971
111	106	0.967847
111	108	1.00685
111	119	0.986001
111	124	0.971112
111	125	0.966433
111	132	1.03337
111	133	0.96951
111	139	1.07977
111	141	0.998786
111	143	1.02492
111	153	1.01494
111	156	1.04033
111	160	1.03502
111	166	0.98954
111	173	1.04311
111	174	0.97737
111	178	1.03489
112	17	0.889211
112	36	0.960183
112	69	1.00527
112	75	1.01027
112	87	1.02552
112	131	1.0679
112	139	0.943421
112	141	1.07245
112	148	0.959173
112	150	1.00063
112	153	1.03053
112	158	0.962872
112	162	0.981619
112	164	1.05807
112	167	0.983064
112	169	1.05298
112	170	1.06181
112	172	0.972167
112	173	0.963417
112	174	1.03488
112	175	1.04682
112	176	0.974158
112	177	0.979036
112	178	1.00825
112	179	0.974218
112	180	0.987482
113	56	0.924032
113	87	0.989613
113	103	0.970534
113	106	1.09128
113	107	0.978994
113	118	0.987114
113	128	1.06982
113	130	0.980723
113	134	1.00388
113	136	1.0108
113	138	1.01184
113	146	0.978533
113	148	1.07706
113	152	0.988106
113	160	0.944605
113	161	0.958045
113	162	1.03652
113	164	0.973427
113	165	0.966338
113	168	0.968341
113	169	0.957745
113	171	1.04433
113	173	1.08597
113	174	0.974241
113	175	1.03216
113	178	0.993594
114	20	0.905665
114	26	1.07435
114	35	0.927128
114	43	0.927576
114	44	0.931256
114	51	1.05303
114	63	0.952646
114	86	0.948556
114	93	1.01433
114	107	1.01874
114	109	1.06656
114	127	0.987077
114	132	0.978046
114	136	0.990681
114	141	1.07876
114	142	0.990195
114	154	0.983945
114	157	0.988264
114	159	0.974535
114	161	1.0703
114	162	1.05749
114	163	0.988497
114	165	1.05027
114	168	1.05131
114	170	0.996171
114	175	0.993631
115	5	0.978395
115	7	1.01051
115	25	0.973687
115	42	1.03283
115	56	0.920499
115	59	1.04659
115	76	1.0063
115	81	1.00325
115	104	1.0643
115	116	0.921257
115	129	1.11702
115	140	1.07219
115	144	1.01645
115	152	0.984573
115	158	0.958252
115	159	1.08195
115	166	0.957837
115	167	0.978444
115	170	1.05368
115	173	0.958797
115	174	0.970708
115	176	0.969538
115	177	0.974416
115	178	1.00011
115	179	0.969598
115	180	0.982862
116	1	1.24291
116	15	0.993644
116	44	1.1576
116	58	1.13748
116	62	1.03405
116	73	1.00153
116	85	0.988107
116	93	0.964667
116	108	1.05666
116	115	0.921257
116	134	0.96854
116	136	0.975463
116	138	0.976505
116	146	0.943194
116	149	0.923163
116	150	1.0112
116	159	1.0729
116	161	0.922706
116	162	1.03399
116	164	0.938088
116	165	0.930999
116	166	0.926031
116	167	1.04549
116	168	0.933002
116	169	0.922406
116	171	1.0418
116	174	0.938902
117	41	0.959186
117	90	1.02515
117	99	1.01071
117	100	1.00658
117	110	1.0189
117	118	0.958951
117	126	1.03098
117	130	1.02181
117	133	1.05466
117	142	0.999241
117	143	0.936805
117	144	0.957457
117	148	0.999176
117	155	0.983535
117	161	0.996851
117	162	1.02162
117	163	0.987236
117	167	1.02307
117	169	0.985844
117	171	0.99185
117	172	1.01217
117	173	1.00342
117	176	1.01416
117	177	1.01904
117	178	0.941115
117	179	1.01422
117	180	1.02749
118	9	0.942956
118	23	0.962764
118	55	1.01601
118	59	1.07711
118	78	0.994622
118	80	1.04688
118	87	0.924735
118	99	1.01656
118	100	1.00467
118	103	0.997519
118	113	0.987114
118	117	0.958951
118	127	0.974744
118	132	1.01134
118	134	1.03086
118	138	1.03883
118	152	1.01509
118	153	1.01732
118	156	1.04271
118	157	0.987078
118	160	0.97159
118	161	0.98503
118	165	0.993323
118	169	0.984729
118	172	0.994328
118	173	1.02109
118	174	1.00123
119	2	0.976429
119	33	1.09782
119	41	1.15714
119	46	0.987853
119	48	0.985322
119	81	1.02428
119	97	0.9229
119	101	0.967637
119	106	0.944513
119	108	0.983521
119	111	0.986001
119	125	0.9431
119	130	1.00622
119	133	0.946177
119	137	1.01528
119	141	0.975453
119	143	1.00159
119	147	1.00657
119	153	0.991606
119	156	1.017
119	164	1.0127
119	166	1.00168
119	170	1.01644
119	174	0.989507
119	175	1.00144
119	176	1.01068
119	178	1.01156
119	179	1.0252
120	10	1.00474
120	13	0.986923
120	23	0.977141
120	29	0.977508
120	63	0.956822
120	75	0.983203
120	98	1.02514
120	105	1.02902
120	106	1.08512
120	109	1.03944
120	122	0.965542
120	123	0.963031
120	127	0.991253
120	128	0.979221
120	129	0.956178
120	131	0.991765
120	140	0.969278
120	143	0.983129
120	144	1.02046
120	157	0.99244
120	159	0.978711
120	163	0.992674
120	164	1.03726
120	167	1.04187
120	170	1.00035
120	175	0.997808
120	179	1.04976
120	180	1.03003
121	8	1.03535
121	28	0.979295
121	54	1.0029
121	57	0.958352
121	82	0.963931
121	90	1.0563
121	103	0.981878
121	105	0.983289
121	109	0.996639
121	134	1.01522
121	136	1.02215
121	145	1.00408
121	146	0.989878
121	156	1.02707
121	158	1.07732
121	159	1.04855
121	160	0.955949
121	161	0.969389
121	162	1.00964
121	164	0.984771
121	165	0.977682
121	166	0.972714
121	168	0.979686
121	169	0.969089
121	170	1.02028
121	174	0.985585
121	179	1.02904
121	180	1.0093
122	7	1.02354
122	67	0.982978
122	70	0.993922
122	75	1.01551
122	80	1.01731
122	107	0.991327
122	120	0.965542
122	128	0.947632
122	129	0.92459
122	131	0.960176
122	135	0.974507
122	140	0.937689
122	142	0.962783
122	144	0.988873
122	147	1.06344
122	149	1.07873
122	150	1.03988
122	154	0.956533
122	155	0.969532
122	159	0.947123
122	160	1.10403
122	167	1.07417
122	170	0.968759
122	171	0.966299
122	174	1.04638
122	175	0.966219
122	178	0.997204
122	179	1.08207
122	180	1.06234
123	29	1.00114
123	35	1.07273
123	67	0.916468
123	68	0.948748
123	81	0.889611
123	94	1.08727
123	97	1.06242
123	107	0.871872
123	110	1.02778
123	120	0.963031
123	124	1.05392
123	128	0.962694
123	129	1.00338
123	141	0.950671
123	146	1.02851
123	148	1.00806
123	149	1.00848
123	152	1.03808
123	159	0.968306
123	163	0.932593
123	166	1.01134
123	167	1.03195
123	168	1.01832
123	173	1.0123
123	174	1.02421
123	176	1.02305
123	177	1.02792
123	179	1.0231
123	180	1.03637
124	51	0.969727
124	58	0.985977
124	69	1.048
124	74	0.960567
124	76	0.937444
124	83	1.06228
124	86	1.05477
124	89	0.991542
124	91	1.02639
124	110	1.02162
124	111	0.971112
124	123	1.05392
124	137	0.930974
124	145	1.02307
124	147	1.00941
124	148	1.00191
124	150	1.04337
124	152	0.926489
124	156	0.930129
124	160	1.01554
124	163	0.977375
124	167	1.0258
124	172	1.0149
124	173	1.00615
124	176	1.01689
124	177	1.02177
124	178	0.931254
124	179	1.01695
124	180	1.03021
125	18	0.927791
125	25	1.0962
125	33	1.07825
125	35	1.20219
125	36	0.967869
125	48	0.965755
125	71	0.977872
125	81	1.00472
125	94	0.994613
125	97	0.903332
125	99	1.10378
125	101	0.94807
125	104	0.953465
125	106	0.924946
125	107	1.00134
125	108	0.963954
125	111	0.966433
125	119	0.9431
125	133	0.92661
125	137	0.995717
125	141	0.955885
125	143	0.982019
125	153	0.972039
125	156	0.997431
125	161	1.07167
125	165	1.05165
125	175	1.0545
125	177	1.07717
125	178	0.991993
126	42	0.897631
126	48	1.02557
126	51	0.996291
126	54	0.994008
126	57	1.05177
126	66	0.967508
126	85	0.943975
126	86	1.08133
126	95	0.984651
126	99	0.999377
126	102	0.996092
126	110	1.00757
126	117	1.03098
126	139	0.972095
126	148	0.987848
126	150	1.02931
126	155	1.00024
126	156	0.956693
126	158	0.991547
126	160	1.0421
126	162	1.01029
126	167	1.01174
126	170	1.01138
126	172	1.00084
126	173	0.992092
126	175	0.996385
126	176	1.00283
126	177	1.00771
126	179	1.00289
126	180	1.01616
127	5	1.02567
127	46	1.00662
127	54	1.0028
127	88	1.03256
127	93	1.01263
127	96	1.03964
127	98	1.01926
127	100	1.03287
127	114	0.987077
127	118	0.974744
127	120	0.991253
127	128	0.973344
127	131	0.985888
127	132	0.976346
127	134	0.945344
127	142	0.988494
127	144	1.01458
127	146	1.00399
127	149	1.0159
127	156	0.955783
127	157	0.986563
127	158	1.06751
127	162	0.999837
127	163	0.986797
127	170	0.99447
127	171	0.99201
127	172	1.02252
127	174	0.983541
127	175	0.99193
127	180	0.999499
128	31	0.963828
128	37	1.02432
128	40	1.03142
128	44	0.917523
128	71	0.949038
128	98	1.00723
128	105	1.01111
128	113	1.06982
128	120	0.979221
128	122	0.947632
128	123	0.962694
128	127	0.973344
128	133	1.10065
128	135	0.988185
128	140	0.951368
128	145	1.02447
128	147	1.0308
128	149	1.04609
128	154	0.970212
128	155	0.983211
128	157	0.974531
128	159	0.960802
128	160	1.07138
128	163	0.974764
128	168	1.02386
128	170	0.982438
128	171	0.979977
128	175	0.979898
128	177	1.04834
128	179	1.04943
128	180	1.02969
129	73	0.990793
129	74	0.970478
129	76	0.971952
129	93	0.977554
129	98	0.984189
129	115	1.11702
129	120	0.956178
129	122	0.92459
129	123	1.00338
129	130	1.07114
129	132	0.941271
129	134	1.01622
129	135	0.965143
129	136	1.00391
129	140	0.928326
129	142	0.953419
129	144	0.97951
129	145	1.06516
129	148	1.11125
129	154	0.94717
129	155	0.960168
129	159	0.937759
129	163	0.951722
129	165	1.0635
129	170	0.959395
129	171	0.956935
129	173	1.12016
129	175	0.956856
129	176	1.0756
129	177	1.08902
129	178	0.98784
129	180	1.07038
130	21	1.03367
130	38	0.880209
130	44	1.12077
130	54	0.990419
130	103	0.991127
130	104	1.01841
130	108	1.01983
130	113	0.980723
130	117	1.02181
130	119	1.00622
130	129	1.07114
130	131	1.01388
130	139	0.962927
130	149	0.979095
130	152	1.0087
130	154	1.01341
130	155	0.996649
130	159	1.03606
130	160	0.965199
130	161	0.978638
130	162	1.00112
130	164	0.99402
130	165	0.986931
130	167	1.00257
130	169	0.978338
130	172	0.991674
130	173	0.982923
130	174	0.994834
130	175	0.992796
130	176	0.993664
130	177	0.998542
130	179	0.993724
130	180	1.00699
131	24	0.961706
131	43	0.926387
131	52	1.00294
131	54	1.00331
131	69	1.02261
131	96	1.04016
131	107	1.01755
131	112	1.0679
131	120	0.991765
131	122	0.960176
131	127	0.985888
131	130	1.01388
131	135	1.00073
131	136	0.946648
131	137	0.970248
131	139	1.09956
131	142	0.989006
131	144	1.0151
131	150	0.990661
131	154	0.982756
131	155	0.995755
131	156	0.969403
131	157	0.987075
131	159	0.973346
131	161	1.02626
131	162	1.01346
131	163	0.987308
131	170	0.994982
131	171	0.992521
131	172	1.03614
131	175	0.992442
131	176	1.01834
131	177	1.03176
132	2	1.02033
132	19	1.09186
132	20	0.884614
132	25	0.980813
132	29	0.9626
132	38	1.02891
132	62	0.914962
132	73	1.01684
132	84	1.0068
132	88	1.02353
132	96	1.03061
132	107	1.00801
132	111	1.03337
132	114	0.978046
132	118	1.01134
132	127	0.976346
132	129	0.941271
132	140	0.95437
132	142	0.979464
132	144	1.00555
132	150	1.01364
132	151	1.0456
132	153	1.01579
132	154	0.973214
132	159	0.963804
132	163	0.977766
132	166	1.03231
132	171	0.98298
132	172	1.05912
132	175	0.9829
132	176	1.04132
132	177	1.05475
132	178	1.01388
133	6	0.992923
133	9	1.03866
133	13	0.996154
133	14	1.00456
133	22	0.933778
133	33	1.08133
133	46	0.971362
133	47	1.04842
133	53	0.952797
133	65	0.969503
133	81	1.00779
133	97	0.906409
133	98	1.00457
133	101	0.951147
133	104	0.956542
133	106	0.928023
133	108	0.967031
133	111	0.96951
133	117	1.05466
133	119	0.946177
133	125	0.92661
133	128	1.10065
133	137	0.998793
133	141	0.958962
133	143	0.985096
133	145	1.06179
133	152	1.01966
133	153	0.975116
133	156	1.00051
133	161	1.08016
133	164	1.07425
133	170	1.07799
133	175	1.06299
133	178	0.99507
134	29	1.01399
134	30	0.979527
134	31	1.01423
134	36	1.08534
134	42	1.08011
134	44	1.06585
134	56	0.967781
134	72	0.919693
134	74	0.928629
134	78	1.01139
134	89	1.02418
134	99	0.987162
134	113	1.00388
134	116	0.96854
134	118	1.03086
134	121	1.01522
134	127	0.945344
134	129	1.01622
134	136	1.05455
134	149	1.00225
134	152	1.03186
134	155	0.941735
134	156	1.05948
134	161	1.00179
134	163	0.945437
134	164	1.01718
134	165	1.01009
134	166	1.00512
134	168	1.01209
134	169	1.00149
134	174	1.01799
134	175	0.937883
134	179	0.961639
134	180	0.941906
135	7	0.958893
135	24	0.976037
135	35	0.94027
135	43	0.940717
135	53	0.963498
135	58	1.10152
135	70	1.03447
135	74	1.0204
135	88	1.0474
135	96	1.05449
135	122	0.974507
135	128	0.988185
135	129	0.965143
135	131	1.00073
135	140	0.978242
135	142	1.00334
135	143	0.950788
135	144	1.02943
135	145	0.992469
135	148	1.03856
135	149	1.01409
135	152	0.950334
135	154	0.997086
135	155	1.01009
135	159	0.987676
135	163	1.00164
135	165	0.990809
135	166	0.993901
135	169	0.999828
135	171	1.00685
135	173	1.04747
135	174	0.981731
135	175	1.00677
135	178	1.03776
135	179	1.01742
136	9	0.901241
136	32	1.00285
136	46	0.936713
136	60	1.08384
136	66	1.02338
136	71	1.06012
136	77	1.05717
136	79	1.12075
136	87	0.88302
136	91	0.947416
136	103	1.02121
136	113	1.0108
136	114	0.990681
136	116	0.975463
136	121	1.02215
136	129	1.00391
136	131	0.946648
136	134	1.05455
136	139	1.01604
136	146	1.02921
136	147	1.01627
136	149	1.00917
136	152	1.03878
136	158	0.997605
136	160	0.995277
136	161	1.00872
136	164	1.0241
136	165	1.01701
136	167	0.941428
136	168	1.01901
136	169	1.00842
136	170	0.940564
136	172	0.952612
136	173	0.979375
136	174	1.02491
136	177	0.948236
137	3	0.920825
137	12	0.940661
137	13	1.06526
137	18	0.999974
137	22	1.00288
137	33	1.15044
137	48	1.03794
137	53	1.0219
137	78	0.988386
137	81	1.0769
137	97	0.975516
137	101	1.02025
