1	104	1.08126
1	112	1.03191
1	131	0.77504
1	148	1.03775
1	156	1.07671
1	157	1.07202
1	165	1.05431
1	166	1.08057
1	168	1.07913
1	171	1.08634
1	174	0.840494
1	178	0.79015
2	24	1.04045
2	25	1.0225
2	41	0.992111
2	52	1.09083
2	57	0.94173
2	69	1.1233
2	109	0.816969
2	120	0.765181
2	123	1.0543
2	164	0.821928
2	175	1.17027
2	176	1.16451
3	58	0.728717
3	123	0.518753
3	124	1.20185
3	136	1.17499
3	162	1.18062
3	163	1.18047
3	167	0.568433
3	168	1.20474
3	170	1.27697
3	171	1.21196
3	172	0.585551
3	173	1.16839
4	40	0.650745
4	50	1.22204
4	65	1.17744
4	74	1.23092
4	78	1.23837
4	90	1.17708
4	94	1.23932
4	98	1.21081
4	107	1.10402
4	139	0.580375
4	145	0.579254
4	146	0.594774
5	122	1.15659
5	159	0.603293
5	162	0.625582
5	165	0.609632
5	166	0.554989
5	169	1.18032
5	174	1.18043
5	176	1.32751
5	177	1.18697
5	178	1.19559
5	179	1.18785
5	180	1.18475
6	9	0.553312
6	58	1.10443
6	70	1.17716
6	118	0.573915
6	127	1.16188
6	141	0.597697
6	144	1.21022
6	145	0.676113
6	159	1.23335
6	164	1.22289
6	167	1.20281
6	170	1.28727
7	29	1.19326
7	43	1.19326
7	49	1.24705
7	58	1.09696
7	70	1.16969
7	93	0.65582
7	120	1.21722
7	144	1.20275
7	163	0.572171
7	169	0.586197
7	170	1.2798
7	177	0.589508
8	24	1.17433
8	37	1.13965
8	41	1.12599
8	44	0.576892
8	52	1.22471
8	57	1.07561
8	69	1.25718
8	110	0.541021
8	130	0.683944
8	147	0.607318
8	175	1.30415
8	176	1.29839
9	6	0.553312
9	10	1.26218
9	59	0.579489
9	68	0.653639
9	136	1.18017
9	148	1.16855
9	157	1.20282
9	163	1.18565
9	168	1.20992
9	171	1.21714
9	173	1.17357
9	174	0.617654
10	9	1.26218
10	13	0.738003
10	26	1.07295
10	137	1.23085
10	148	1.17659
10	153	0.59234
10	154	1.23017
10	161	1.20826
10	162	1.19383
10	171	1.22518
10	172	0.625559
10	176	0.453006
11	84	0.635433
11	97	0.633168
11	100	1.17529
11	132	0.541848
11	138	1.2021
11	145	1.20766
11	158	1.19611
11	159	0.582361
11	169	1.20006
11	177	1.20671
11	179	1.20758
11	180	1.20448
12	21	0.965386
12	54	1.07705
12	65	1.05107
12	67	0.814399
12	74	1.10455
12	78	1.112
12	85	0.755855
12	90	1.0507
12	94	1.11295
12	98	1.08443
12	109	1.04187
12	173	0.834889
13	10	0.738003
13	35	1.09669
13	77	0.883294
13	90	0.774003
13	92	1.11537
13	100	1.0299
13	158	1.05072
13	174	1.05478
13	177	1.06132
13	178	1.06993
13	179	1.06219
13	180	1.05909
14	39	0.644283
14	44	0.599983
14	88	0.655188
14	104	1.19649
14	118	1.23091
14	137	1.20724
14	154	1.20656
14	156	1.19193
14	165	1.16953
14	166	1.19579
14	171	1.20156
14	176	0.507062
15	88	1.07441
15	102	0.833955
15	113	1.09382
15	116	1.08255
15	151	0.804483
15	153	1.0572
15	171	0.757307
15	174	1.05172
15	177	1.05826
15	178	1.06687
15	179	1.05913
15	180	1.05603
16	26	1.0826
16	55	0.596661
16	105	0.552172
16	136	1.19785
16	143	1.21393
16	149	0.663893
16	157	1.2205
16	161	1.21791
16	163	1.20333
16	166	1.22905
16	171	1.23482
16	178	0.596074
17	49	0.765415
17	76	0.88285
17	89	1.06574
17	114	1.09257
17	116	1.08447
17	138	1.05557
17	170	0.746753
17	172	1.05367
17	177	1.06018
17	178	1.06879
17	179	1.06105
17	180	1.05795
18	75	0.782708
18	97	1.04059
18	104	1.06177
18	143	1.04595
18	146	0.819895
18	157	1.05252
18	161	1.04993
18	165	1.03481
18	168	1.05963
18	171	1.06684
18	172	0.800729
18	175	1.18796
19	23	0.567934
19	72	0.620571
19	91	1.17286
19	92	1.25461
19	104	0.587429
19	138	1.19596
19	165	0.614877
19	173	1.18218
19	174	1.19403
19	177	1.20057
19	179	1.20144
19	180	1.19834
20	76	1.15089
20	82	1.22059
20	101	0.550351
20	125	0.662167
20	138	0.582835
20	139	0.613335
20	150	1.19683
20	151	1.20016
20	152	1.19922
20	160	1.22296
20	164	1.21471
20	167	1.19463
21	12	0.965386
21	50	1.09627
21	54	1.07765
21	63	1.0465
21	65	1.05167
21	78	1.11261
21	90	1.05131
21	94	1.11356
21	98	1.08504
21	141	0.781373
21	144	0.79894
21	173	0.82481
22	95	1.11422
22	97	1.04929
22	112	1.02111
22	136	1.03857
22	139	0.825365
22	143	1.05465
22	165	1.04351
22	166	1.06977
22	168	1.06833
22	170	1.14055
22	179	0.769197
22	180	0.81093
23	19	0.567934
23	62	1.11338
23	92	0.561737
23	112	1.18005
23	113	0.611717
23	118	1.26383
23	134	1.19922
23	148	1.18589
23	157	1.22016
23	163	1.20299
23	171	1.23448
23	177	0.664437
24	2	1.04045
24	8	1.17433
24	41	1.1144
24	53	0.574964
24	57	1.06402
24	69	1.24558
24	73	1.00529
24	83	0.784951
24	123	1.17658
24	124	0.597989
24	175	1.29255
24	176	1.28679
24	177	0.642293
25	2	1.0225
25	37	1.1101
25	41	1.09645
25	52	1.19516
25	57	1.04607
25	69	1.22763
25	85	0.59049
25	123	1.15864
25	174	0.688038
25	175	1.2746
25	176	1.26885
25	178	0.637694
25	180	0.691188
26	10	1.07295
26	16	1.0826
26	121	1.04081
26	124	1.0178
26	154	1.0329
26	157	1.01358
26	158	0.875704
26	163	0.996415
26	166	1.02213
26	169	0.885388
26	170	1.09292
26	171	1.02791
26	178	0.844882
27	64	1.0319
27	68	1.02773
27	86	1.03699
27	114	0.891136
27	135	1.04867
27	136	0.9309
27	142	1.05041
27	149	1.03745
27	159	1.06266
27	164	1.0522
27	167	1.03211
27	172	1.01987
27	175	0.778462
28	62	1.06703
28	87	0.652075
28	102	1.09722
28	147	0.636318
28	154	1.19312
28	156	1.17849
28	163	1.15664
28	164	0.641046
28	165	1.15609
28	166	1.18236
28	168	1.18091
28	171	1.18813
28	180	0.675855
29	7	1.19326
29	34	1.19326
29	39	0.598718
29	43	1.13708
29	48	0.746806
29	49	1.19087
29	58	1.04078
29	70	1.11351
29	120	1.16104
29	144	1.14657
29	162	0.631098
29	170	1.22362
29	180	0.624381
30	136	1.14016
30	143	1.15624
30	147	0.625571
30	161	1.16022
30	162	1.14579
30	163	1.14564
30	166	1.17135
30	168	1.16991
30	169	0.652119
30	171	1.17713
30	172	0.674777
30	173	1.13356
30	177	0.65543
31	40	1.13773
31	75	1.13017
31	94	0.648587
31	95	0.61251
31	130	1.14913
31	138	1.15896
31	142	0.686795
31	153	1.1625
31	171	0.643934
31	177	1.16356
31	178	1.17218
31	179	1.16444
31	180	1.16134
32	108	1.13951
32	112	0.704145
32	116	1.17549
32	117	1.15026
32	129	0.660547
32	140	1.17799
32	152	0.626788
32	166	0.600716
32	174	1.14466
32	177	1.15121
32	178	1.15982
32	179	1.15208
32	180	1.14898
33	58	1.04637
33	70	1.11909
33	74	1.19629
33	90	1.14244
33	94	1.20469
33	98	1.17617
33	109	1.1336
33	125	0.694472
33	144	1.15215
33	145	0.644519
33	170	1.2292
33	172	0.640875
33	174	0.628055
34	29	1.19326
34	43	1.19326
34	49	1.24705
34	58	1.09696
34	67	0.599407
34	70	1.16969
34	120	1.21722
34	144	1.20275
34	153	0.618012
34	160	0.598821
34	170	1.2798
34	178	0.588068
35	13	1.09669
35	76	0.663346
35	106	1.11373
35	138	1.16055
35	148	0.663081
35	150	0.632542
35	151	0.63425
35	155	1.20266
35	169	1.1585
35	177	1.16516
35	178	1.17377
35	179	1.16603
35	180	1.16293
36	94	0.611863
36	96	1.13108
36	125	1.11933
36	141	1.19882
36	143	0.673312
36	153	1.15854
36	154	0.610691
36	162	0.697458
36	172	1.15309
36	174	1.15306
36	178	1.16822
36	179	1.16048
36	180	1.15738
37	8	1.13965
37	25	1.1101
37	41	1.07971
37	52	1.17843
37	57	1.02933
37	59	0.667313
37	69	1.2109
37	120	0.617072
37	123	1.1419
37	147	0.669092
37	175	1.25787
37	176	1.25211
37	178	0.655134
38	102	1.07585
38	128	1.1663
38	134	1.1315
38	138	0.655688
38	148	1.11817
38	153	0.648203
38	156	1.15713
38	160	0.629011
38	162	1.13542
38	166	1.16099
38	171	1.16676
38	175	1.28788
38	180	0.671752
39	14	0.644283
39	29	0.598718
39	86	1.16539
39	99	1.11965
39	101	0.656079
39	107	1.08515
39	129	1.16031
39	133	1.19605
39	142	1.1788
39	146	1.15135
39	150	1.16271
39	164	1.18059
39	180	0.704628
40	4	0.650745
40	31	1.13773
40	108	1.09225
40	110	1.17898
40	141	1.14316
40	155	1.14145
40	163	0.788082
40	168	0.751859
40	169	1.0973
40	172	1.09744
40	174	1.09741
40	175	0.604719
40	178	1.11256
40	180	1.10172
41	2	0.992111
41	8	1.12599
41	24	1.1144
41	25	1.09645
41	37	1.07971
41	52	1.16477
41	57	1.01567
41	109	0.665324
41	116	0.70526
41	123	1.12824
41	145	0.718407
41	149	0.719418
41	175	1.24421
41	176	1.23845
42	49	1.16971
42	58	1.01962
42	69	0.598103
42	70	1.09235
42	114	1.14466
42	115	0.81229
42	144	1.12541
42	158	1.10168
42	159	0.72605
42	170	1.20246
42	171	0.658091
42	178	1.12089
42	179	1.11315
42	180	1.11005
43	7	1.19326
43	29	1.13708
43	34	1.19326
43	49	1.19087
43	58	1.04078
43	70	1.11351
43	118	0.602217
43	120	1.16104
43	122	0.696411
43	140	0.614543
43	144	1.14657
43	170	1.22362
43	180	0.691101
44	8	0.576892
44	14	0.599983
44	117	1.19672
44	119	1.206
44	120	1.22527
44	121	0.613679
44	124	0.606347
44	138	1.19305
44	153	1.1966
44	166	0.596452
44	169	1.19101
44	174	1.19112
44	178	1.20627
44	179	1.19853
44	180	1.19543
45	68	0.659622
45	86	0.604302
45	93	1.15654
45	121	0.580138
45	122	1.16033
45	140	1.2175
45	158	1.18011
45	161	0.604843
45	171	0.543256
45	174	1.18417
45	176	1.33124
45	177	1.19071
45	178	1.19932
45	179	1.19158
45	180	1.18848
46	81	1.1549
46	99	1.16763
46	139	0.659585
46	146	1.19933
46	150	1.21069
46	151	1.21402
46	152	1.21308
46	158	0.622478
46	159	1.23903
46	162	1.19659
46	167	1.20848
46	172	1.19625
46	174	0.642
46	176	0.482266
46	179	0.603417
47	91	0.649549
47	95	1.25317
47	96	0.619298
47	102	1.12358
47	117	0.583176
47	132	1.20699
47	137	1.22016
47	157	1.20017
47	163	1.183
47	165	1.18245
47	166	1.20871
47	168	1.20727
47	169	0.572765
47	171	1.21449
47	180	0.585753
48	29	0.746806
48	91	1.07039
48	96	1.06956
48	106	1.04666
48	138	1.09348
48	141	1.1373
48	156	0.817112
48	166	0.788839
48	169	1.09144
48	174	1.09155
48	175	0.642338
48	177	1.09809
48	178	1.1067
48	179	1.09896
48	180	1.09586
49	7	1.24705
49	17	0.765415
49	29	1.19087
49	34	1.24705
49	42	1.16971
49	43	1.19087
49	58	1.09457
49	63	0.56983
49	70	1.16729
49	108	0.617813
49	110	0.499762
49	120	1.21483
49	144	1.20036
49	170	1.27741
49	178	0.552102
50	4	1.22204
50	21	1.09627
50	54	1.20793
50	65	1.18195
50	74	1.23544
50	78	1.24288
50	90	1.18159
50	94	1.24383
50	98	1.21532
50	101	0.579409
50	106	0.719125
50	109	1.17275
50	144	0.580424
50	155	0.556959
50	178	0.574464
51	77	1.16383
51	81	1.15818
51	84	1.20124
51	91	0.694117
51	106	0.721488
51	111	0.562883
51	115	1.1695
51	127	1.17083
51	131	1.23815
51	142	1.23006
51	152	1.21635
51	160	1.2401
51	167	1.21176
51	173	0.608657
51	175	0.419944
52	2	1.09083
52	8	1.22471
52	25	1.19516
52	37	1.17843
52	41	1.16477
52	57	1.11439
52	68	0.633818
52	69	1.29596
52	73	1.05566
52	96	0.634528
52	129	0.596937
52	173	0.579319
52	175	1.34293
52	176	1.33717
52	179	0.55925
53	24	0.574964
53	65	1.14427
53	74	1.19775
53	78	1.2052
53	79	1.11337
53	90	1.14391
53	94	1.20615
53	96	0.686829
53	98	1.17763
53	116	0.653451
53	125	0.716551
53	150	1.14841
53	152	1.1508
53	154	0.573235
53	164	1.1663
53	167	1.14621
54	12	1.07705
54	21	1.07765
54	50	1.20793
54	55	0.668553
54	63	1.15816
54	65	1.16333
54	74	1.21682
54	78	1.22427
54	90	1.16297
54	94	1.22522
54	98	1.1967
54	107	1.08991
54	110	0.615627
54	128	0.66119
54	170	0.578104
54	179	0.679727
55	16	0.596661
55	54	0.668553
55	89	1.16082
55	92	1.2093
55	93	1.12109
55	111	1.19888
55	139	1.13295
55	141	1.19447
55	143	0.659954
55	153	1.15419
55	161	0.65544
55	168	0.614146
55	177	1.15526
55	178	1.16387
55	179	1.15613
55	180	1.15303
56	68	1.15199
56	123	0.643961
56	129	1.15617
56	135	1.17293
56	149	1.16171
56	150	1.15857
56	151	1.16191
56	159	1.18692
56	160	1.18471
56	162	1.14448
56	164	1.17646
56	169	0.688102
56	172	1.14413
56	176	0.538206
56	177	0.691413
56	178	0.647597
57	2	0.94173
57	8	1.07561
57	24	1.06402
57	25	1.04607
57	37	1.02933
57	41	1.01567
57	52	1.11439
57	69	1.14686
57	73	0.906566
57	111	0.785449
57	123	1.07786
57	127	0.879773
57	131	0.784283
57	137	0.751804
57	175	1.19383
57	176	1.18807
58	3	0.728717
58	6	1.10443
58	7	1.09696
58	29	1.04078
58	33	1.04637
58	34	1.09696
58	42	1.01962
58	43	1.04078
58	49	1.09457
58	70	1.01721
58	110	0.777292
58	120	1.06474
58	144	1.05027
58	169	0.870138
58	170	1.12732
58	178	0.829632
59	9	0.579489
59	37	0.667313
59	87	1.15838
59	133	0.647283
59	141	1.18889
59	142	0.648307
59	151	0.652621
59	158	1.13908
59	169	1.14303
59	173	1.13129
59	174	1.14314
59	176	1.29021
59	177	1.14968
59	178	1.15829
59	179	1.15055
59	180	1.14745
60	101	0.619457
60	121	1.17583
60	130	0.705095
60	132	1.15543
60	136	1.12595
60	143	1.14203
60	144	0.620472
60	154	1.16791
60	155	0.597007
60	156	1.15329
60	161	1.14601
60	165	1.13088
60	168	1.15571
60	171	1.16292
60	175	1.28404
60	180	0.668006
61	85	0.751335
61	112	1.02537
61	121	1.09271
61	136	1.04283
61	148	1.03121
61	153	0.828485
61	154	1.08479
61	155	0.781035
61	157	1.06548
61	161	1.06289
61	163	1.04831
61	165	1.04776
61	166	1.07403
61	167	0.844585
61	170	1.14481
61	171	1.0798
62	23	1.11338
62	28	1.06703
62	64	0.805861
62	72	0.993711
62	85	0.743584
62	100	0.875108
62	128	1.05857
62	136	1.02206
62	141	0.779181
62	156	1.0494
62	163	1.02754
62	166	1.05326
62	168	1.05182
62	170	1.12404
62	171	1.05903
62	175	1.18015
63	21	1.0465
63	49	0.56983
63	54	1.15816
63	65	1.13218
63	90	1.13182
63	93	0.75116
63	94	1.19407
63	98	1.16555
63	102	1.06266
63	103	0.758962
63	157	1.13925
63	158	0.671853
63	163	1.12208
63	166	1.1478
63	168	1.14636
63	171	1.15357
63	179	0.652792
64	27	1.0319
64	62	0.805861
64	76	1.09729
64	115	1.09876
64	116	0.692036
64	129	1.14082
64	133	1.17656
64	141	0.626768
64	142	1.15932
64	144	0.644335
64	146	1.13187
64	150	1.14322
64	151	1.14656
64	159	1.17157
64	164	1.16111
64	167	1.14102
64	178	0.638375
65	4	1.17744
65	12	1.05107
65	21	1.05167
65	50	1.18195
65	53	1.14427
65	54	1.16333
65	63	1.13218
65	78	1.19829
65	90	1.13699
65	98	1.17072
65	107	1.06393
65	108	0.754654
65	109	1.12815
65	123	0.685308
65	176	0.579553
65	178	0.688943
65	179	0.700704
66	86	0.692353
66	87	1.13954
66	89	1.1364
66	93	1.09666
66	111	1.17445
66	132	0.658753
66	143	0.697408
66	144	1.14397
66	148	0.707314
66	153	1.12977
66	154	0.634788
66	172	1.12432
66	174	1.12429
66	177	1.13083
66	178	1.13945
66	179	1.13171
66	180	1.12861
67	12	0.814399
67	34	0.599407
67	101	1.15436
67	129	0.684091
67	136	1.11504
67	143	1.13112
67	155	1.16434
67	156	1.14237
67	157	1.13769
67	160	0.645396
67	163	1.12052
67	164	0.653327
67	165	1.11997
67	177	1.12684
67	178	1.13545
67	179	1.12771
67	180	1.12461
68	9	0.653639
68	27	1.02773
68	45	0.659622
68	52	0.633818
68	56	1.15199
68	85	1.13486
68	129	1.13665
68	133	1.17239
68	135	1.15341
68	146	1.1277
68	152	1.14144
68	159	1.1674
68	162	1.12496
68	166	0.69925
68	167	1.13685
68	172	1.12461
68	177	0.753449
69	2	1.1233
69	8	1.25718
69	24	1.24558
69	25	1.22763
69	37	1.2109
69	42	0.598103
69	52	1.29596
69	57	1.14686
69	73	1.08813
69	111	0.519334
69	123	1.25943
69	149	0.601098
69	157	0.54097
69	165	0.577539
69	173	0.565108
69	175	1.3754
69	176	1.36964
70	6	1.17716
70	7	1.16969
70	29	1.11351
70	33	1.11909
70	34	1.16969
70	42	1.09235
70	43	1.11351
70	49	1.16729
70	58	1.01721
70	120	1.13746
70	134	0.696512
70	144	1.123
70	147	0.718711
70	155	0.687249
70	165	0.749015
70	170	1.20004
70	175	0.54787
71	83	1.13885
71	101	1.22551
71	122	1.16761
71	130	1.18355
71	139	1.17569
71	142	0.603455
71	146	0.672958
71	159	0.628552
71	163	0.61711
71	167	0.636675
71	173	1.1796
71	174	1.19145
71	175	0.433746
71	176	1.33852
71	177	1.19799
71	178	1.2066
71	179	1.19886
71	180	1.19576
72	19	0.620571
72	62	0.993711
72	106	0.817919
72	118	1.14416
72	123	0.669623
72	128	1.11435
72	130	0.763841
72	132	1.10732
72	137	1.12048
72	148	1.06622
72	156	1.10518
72	161	1.0979
72	163	1.08332
72	166	1.10904
72	168	1.10759
72	171	1.11481
72	172	0.736421
72	175	1.23593
73	24	1.00529
73	52	1.05566
73	57	0.906566
73	69	1.08813
73	105	0.869551
73	114	0.869243
73	123	1.01914
73	133	1.03008
73	146	0.985385
73	151	1.00007
73	158	0.944275
73	159	1.02508
73	160	1.02287
73	162	0.982645
73	164	1.01462
73	175	1.1351
73	176	1.12935
73	179	0.925214
74	4	1.23092
74	12	1.10455
74	33	1.19629
74	50	1.23544
74	53	1.19775
74	54	1.21682
74	78	1.25177
74	82	0.576378
74	90	1.19048
74	91	0.655382
74	94	1.25272
74	98	1.2242
74	107	1.11742
74	109	1.18164
74	130	0.628675
74	149	0.605911
74	161	0.569641
74	173	0.569921
75	18	0.782708
75	31	1.13017
75	76	0.714679
75	79	0.767821
75	113	1.13195
75	114	1.12878
75	118	0.633055
75	119	1.10473
75	140	1.12318
75	145	1.09734
75	155	1.13389
75	158	1.08579
75	163	0.694924
75	169	1.08974
75	173	1.078
75	178	1.10501
75	179	1.09726
75	180	1.09416
76	17	0.88285
76	20	1.15089
76	35	0.663346
76	64	1.09729
76	75	0.714679
76	89	0.66881
76	99	1.05664
76	101	0.674482
76	115	1.05524
76	133	1.13304
76	142	1.11579
76	147	1.11941
76	150	1.0997
76	151	1.10303
76	159	1.12805
76	160	1.12584
76	164	1.11759
76	167	1.0975
77	13	0.883294
77	51	1.16383
77	82	1.11927
77	92	0.648804
77	115	1.05103
77	126	0.726987
77	133	1.12884
77	142	1.11159
77	150	1.0955
77	151	1.09883
77	152	1.09789
77	159	1.12384
77	160	1.12163
77	164	1.11339
77	167	1.0933
77	172	1.08106
77	176	0.598297
77	177	0.751504
78	4	1.23837
78	12	1.112
78	21	1.11261
78	50	1.24288
78	53	1.2052
78	54	1.22427
78	65	1.19829
78	74	1.25177
78	90	1.19792
78	94	1.26017
78	98	1.23165
78	107	1.12487
78	120	0.557512
78	125	0.712335
78	147	0.609532
78	176	0.486184
78	177	0.639391
78	179	0.607335
79	53	1.11337
79	75	0.767821
79	81	1.05481
79	82	1.13436
79	103	1.0621
79	119	0.749254
79	127	1.06746
79	129	1.10819
79	140	0.699616
79	142	1.12669
79	147	1.1303
79	151	1.11393
79	152	1.11298
79	159	1.13894
79	164	1.12848
79	167	1.10839
79	170	0.632818
79	173	0.75451
80	111	0.59296
80	114	0.562694
80	132	1.16748
80	134	1.13971
80	137	1.18065
80	148	1.12639
80	149	0.674723
80	154	1.17997
80	156	1.16534
80	161	1.15806
80	165	1.14294
80	166	1.1692
80	168	1.16776
80	171	1.17498
80	172	0.670067
80	173	1.13141
80	175	1.29609
80	177	0.650721
80	180	0.660398
81	46	1.1549
81	51	1.15818
81	79	1.05481
81	83	1.02279
81	89	0.721393
81	96	0.809159
81	99	1.0468
81	115	1.04539
81	126	0.741419
81	127	1.04672
81	129	1.08745
81	135	1.10421
81	149	1.09299
81	150	1.08985
81	152	1.09224
81	160	1.11599
81	167	1.08765
81	174	0.772464
81	177	0.765937
82	20	1.22059
82	74	0.576378
82	77	1.11927
82	79	1.13436
82	99	1.12635
82	113	0.652687
82	135	1.18376
82	142	1.1855
82	146	1.15805
82	150	1.1694
82	154	0.635034
82	159	1.19775
82	160	1.19554
82	164	1.18729
82	167	1.1672
82	170	0.571728
82	172	1.15496
82	173	0.69342
82	179	0.673351
83	24	0.784951
83	71	1.13885
83	81	1.02279
83	98	0.784865
83	101	1.09817
83	132	0.807188
83	137	0.762189
83	142	1.09467
83	150	1.07857
83	152	1.08096
83	155	1.10815
83	159	1.10692
83	160	1.10471
83	167	1.07637
83	175	0.652895
83	177	1.07065
83	178	1.07926
83	179	1.07152
83	180	1.06842
84	11	0.635433
84	51	1.20124
84	123	0.710662
84	127	1.08978
84	131	1.15709
84	133	1.16625
84	135	1.14726
84	138	0.751727
84	146	1.12155
84	147	1.15262
84	149	1.13605
84	150	1.13291
84	151	1.13624
84	160	1.15904
84	164	1.15079
84	167	1.13071
84	172	1.11847
84	173	0.746128
84	175	0.557414
84	176	0.604907
85	12	0.755855
85	25	0.59049
85	61	0.751335
85	62	0.743584
85	68	1.13486
85	105	1.14088
85	112	0.669144
85	113	1.16908
85	142	1.15753
85	149	1.14458
85	150	1.14144
85	151	1.14478
85	164	1.15933
85	167	1.13924
85	170	0.486236
85	174	1.12697
85	177	1.13352
85	178	1.14213
85	179	1.13439
85	180	1.13129
86	27	1.03699
86	39	1.16539
86	45	0.604302
86	66	0.692353
86	88	0.693047
86	107	1.07076
86	129	1.14592
86	133	1.18166
86	135	1.16267
86	145	0.72112
86	146	1.13696
86	151	1.15165
86	152	1.15071
86	154	0.627756
86	159	1.17666
86	160	1.17445
86	164	1.1662
86	167	1.14611
86	172	1.13388
86	179	0.666073
87	28	0.652075
87	59	1.15838
87	66	1.13954
87	92	1.19253
87	96	1.10996
87	119	1.14683
87	133	0.664818
87	138	1.13388
87	139	1.11618
87	141	1.1777
87	142	0.665842
87	162	0.713227
87	164	0.671701
87	169	1.13183
87	171	0.62298
87	174	1.13195
87	177	1.13849
87	178	1.1471
87	179	1.13936
87	180	1.13626
88	14	0.655188
88	15	1.07441
88	86	0.693047
88	93	1.11177
88	111	1.18955
88	124	0.661552
88	131	1.17804
88	139	1.12363
88	140	1.17272
88	143	0.698103
88	153	1.14487
88	158	1.13534
88	168	0.652295
88	169	1.13928
88	171	0.632002
88	174	1.13939
88	177	1.14593
88	178	1.15455
88	179	1.14681
88	180	1.14371
89	17	1.06574
89	55	1.16082
89	66	1.1364
89	76	0.66881
89	81	0.721393
89	103	0.740507
89	105	1.14271
89	106	1.08392
89	118	0.587187
89	119	1.14368
89	126	1.15973
89	150	0.638007
89	152	0.638265
89	155	1.17285
89	158	1.12475
89	172	1.12883
89	176	1.27588
89	177	1.13535
89	179	1.13622
89	180	1.13312
90	4	1.17708
90	12	1.0507
90	13	0.774003
90	21	1.05131
90	33	1.14244
90	50	1.18159
90	53	1.14391
90	54	1.16297
90	63	1.13182
90	65	1.13699
90	74	1.19048
90	78	1.19792
90	94	1.19887
90	98	1.17036
90	107	1.06357
90	158	0.629218
90	162	0.658607
90	172	0.661559
90	173	0.630226
90	180	0.65189
91	19	1.17286
91	47	0.649549
91	48	1.07039
91	51	0.694117
91	74	0.655382
91	110	1.17711
91	117	1.10114
91	137	0.693004
91	138	1.09747
91	145	1.10303
91	153	1.10102
91	155	1.13958
91	161	0.772143
91	166	0.730211
91	173	1.08369
91	174	1.09554
91	176	1.24261
91	177	1.10208
91	178	1.11069
91	179	1.10295
91	180	1.09985
92	13	1.11537
92	19	1.25461
92	23	0.561737
92	55	1.2093
92	77	0.648804
92	87	1.19253
92	108	1.17213
92	121	0.571265
92	141	1.22304
92	147	1.21147
92	148	0.61039
92	162	0.624631
92	163	0.5909
92	164	0.583104
92	172	1.17732
92	174	1.17729
92	176	1.32436
92	177	1.18383
92	178	1.19244
92	179	1.1847
92	180	1.1816
93	7	0.65582
93	45	1.15654
93	55	1.12109
93	63	0.75116
93	66	1.09666
93	88	1.11177
93	111	1.13923
93	126	1.11999
93	128	0.726655
93	131	1.12772
93	141	1.13483
93	148	0.779402
93	171	0.703395
93	173	1.07722
93	174	1.08907
93	175	0.576548
93	176	1.23615
93	177	1.09562
93	178	1.10423
93	179	1.09649
93	180	1.09339
94	4	1.23932
94	12	1.11295
94	21	1.11356
94	31	0.648587
94	33	1.20469
94	36	0.611863
94	50	1.24383
94	53	1.20615
94	54	1.22522
94	63	1.19407
94	74	1.25272
94	78	1.26017
94	90	1.19887
94	98	1.2326
94	107	1.12582
94	109	1.19004
94	130	0.688503
94	170	0.508057
94	176	0.488529
94	179	0.60968
94	180	0.651413
95	22	1.11422
95	31	0.61251
95	47	1.25317
95	100	0.646163
95	102	1.1279
95	114	0.517633
95	115	0.686005
95	121	1.23172
95	124	1.20871
95	131	0.546733
95	132	1.21132
95	161	1.2019
95	162	1.18747
95	163	1.18732
95	165	1.18678
95	168	1.2116
95	170	1.28383
95	171	1.21881
95	172	0.625006
95	173	1.17525
95	179	0.573604
96	36	1.13108
96	47	0.619298
96	48	1.06956
96	52	0.634528
96	53	0.686829
96	81	0.809159
96	87	1.10996
96	114	1.13364
96	138	1.09665
96	141	1.14047
96	145	1.1022
96	147	1.12889
96	152	0.726031
96	155	1.13876
96	160	0.721095
96	174	1.09471
96	176	1.24179
96	177	1.10126
96	178	1.10987
96	179	1.10213
96	180	1.09903
97	11	0.633168
97	18	1.04059
97	22	1.04929
97	112	1.09944
97	121	1.16678
97	134	1.11861
97	138	0.749462
97	140	0.688969
97	143	1.13299
97	148	1.10529
97	151	0.729171
97	155	0.694528
97	156	1.14424
97	157	1.13956
97	163	1.12239
97	165	1.12184
97	166	1.14811
97	168	1.14666
97	171	1.15388
97	173	1.11031
97	178	0.712033
98	4	1.21081
98	12	1.08443
98	21	1.08504
98	33	1.17617
98	50	1.21532
98	53	1.17763
98	54	1.1967
98	63	1.16555
98	65	1.17072
98	74	1.2242
98	78	1.23165
98	83	0.784865
98	90	1.17036
98	94	1.2326
98	107	1.0973
98	109	1.16152
98	119	0.624964
98	120	0.560327
98	126	0.617689
98	131	0.58328
98	140	0.575326
98	149	0.666209
99	39	1.11965
99	46	1.16763
99	76	1.05664
99	81	1.0468
99	82	1.12635
99	120	0.691852
99	123	0.726279
99	127	1.05945
99	130	1.08022
99	131	1.12676
99	135	1.11693
99	136	0.725468
99	146	1.09123
99	151	1.10591
99	152	1.10497
99	162	1.08849
99	164	1.12047
99	166	0.719532
99	167	1.10038
99	172	1.08814
99	173	0.761744
99	174	0.780258
100	11	1.17529
100	13	1.0299
100	62	0.875108
100	95	0.646163
100	106	1.04694
100	113	1.13393
100	116	1.12265
100	126	1.12275
100	130	1.08393
100	134	0.699382
100	139	1.07606
100	141	1.13758
100	150	0.723054
100	151	0.724762
100	153	1.0973
100	156	0.725513
100	158	1.08777
100	169	1.09171
100	174	1.09182
100	178	1.10698
100	179	1.09924
100	180	1.09614
101	20	0.550351
101	39	0.656079
101	50	0.579409
101	60	0.619457
101	67	1.15436
101	71	1.22551
101	76	0.674482
101	83	1.09817
101	108	1.14561
101	114	1.1897
101	123	1.18763
101	139	1.135
101	140	1.1841
101	150	0.643679
101	155	1.19481
101	167	0.674293
101	174	1.15077
101	176	1.29784
101	177	1.15731
101	178	1.16592
101	179	1.15818
101	180	1.15508
102	15	0.833955
102	28	1.09722
102	38	1.07585
102	47	1.12358
102	63	1.06266
102	95	1.1279
102	104	1.08414
102	110	1.13908
102	127	0.750295
102	143	1.06833
102	144	0.675875
102	153	0.699859
102	156	1.07959
102	157	1.0749
102	161	1.07231
102	165	1.05719
102	166	1.08345
102	170	1.15423
102	171	1.08922
102	172	0.733077
102	175	1.21034
102	177	0.713731
103	63	0.758962
103	79	1.0621
103	89	0.740507
103	122	0.800038
103	127	1.05401
103	131	1.12132
103	133	1.13048
103	135	1.11149
103	142	1.11323
103	146	1.08578
103	150	1.09714
103	151	1.10047
103	152	1.09953
103	159	1.12548
103	160	1.12327
103	162	1.08304
103	164	1.11502
103	167	1.09494
103	168	0.731491
103	172	1.0827
103	176	0.631844
103	178	0.741234
104	1	1.08126
104	14	1.19649
104	18	1.06177
104	19	0.587429
104	102	1.08414
104	106	0.784777
104	128	1.17459
104	135	0.630594
104	137	1.18073
104	148	1.12647
104	155	0.622611
104	156	1.16542
104	161	1.15814
104	162	1.14371
104	163	1.14356
104	166	1.16928
104	168	1.16784
104	170	1.24007
104	171	1.17505
104	173	1.13149
104	174	0.69046
104	178	0.640116
104	179	0.651876
105	16	0.552172
105	73	0.869551
105	85	1.14088
105	89	1.14271
105	107	0.722662
105	112	0.672446
105	113	1.17271
105	114	1.16953
105	121	0.586245
105	145	1.13809
105	149	1.14821
105	153	1.13608
105	156	0.597291
105	158	1.12655
105	160	0.590154
105	169	1.13049
105	172	1.13063
105	174	1.1306
105	176	1.27768
105	177	1.13715
105	178	1.14576
105	179	1.13802
105	180	1.13492
106	35	1.11373
106	48	1.04666
106	50	0.719125
106	51	0.721488
106	72	0.817919
106	89	1.08392
106	100	1.04694
106	104	0.784777
106	114	1.11074
106	119	1.08669
106	123	1.10868
106	135	0.758442
106	139	1.05605
106	141	1.11757
106	144	1.09149
106	153	1.07729
106	158	1.06776
106	163	0.794444
106	174	1.07181
106	177	1.07835
106	178	1.08697
106	179	1.07923
106	180	1.07613
107	4	1.10402
107	39	1.08515
107	54	1.08991
107	65	1.06393
107	74	1.11742
107	78	1.12487
107	86	1.07076
107	90	1.06357
107	94	1.12582
107	98	1.0973
107	105	0.722662
107	109	1.05474
107	115	1.02361
107	122	0.825368
107	129	1.06568
107	141	0.754957
107	146	1.05672
107	153	0.796509
107	154	0.740008
107	159	1.09642
107	160	1.09421
107	167	1.06587
107	178	0.766564
108	32	1.13951
108	40	1.09225
108	49	0.617813
108	65	0.754654
108	92	1.17213
108	101	1.14561
108	117	1.11714
108	119	1.12642
108	129	0.738462
108	139	1.09578
108	144	1.13122
108	145	1.11903
108	152	0.704703
108	154	0.662458
108	163	0.715494
108	169	1.11143
108	170	0.599152
108	173	1.09969
108	174	1.11154
108	176	1.25862
108	177	1.11809
108	178	1.1267
108	179	1.11896
108	180	1.11586
109	2	0.816969
109	12	1.04187
109	33	1.1336
109	41	0.665324
109	50	1.17275
109	65	1.12815
109	74	1.18164
109	94	1.19004
109	98	1.16152
109	107	1.05474
109	112	0.730074
109	134	0.628787
109	138	1.11976
109	143	0.673093
109	155	1.16187
109	158	1.11377
109	161	0.668578
109	169	1.11772
109	171	0.606992
109	174	1.11783
109	177	1.12437
109	178	1.13298
109	179	1.12524
109	180	1.12214
110	8	0.541021
110	40	1.17898
110	49	0.499762
110	54	0.615627
110	58	0.777292
110	91	1.17711
110	102	1.13908
110	122	1.17443
110	132	1.22249
110	133	0.582764
110	134	1.19472
110	138	1.2002
110	143	1.20909
110	147	1.23245
110	152	0.586652
110	159	0.608886
110	160	0.581716
110	163	1.19849
110	165	1.19795
110	166	1.22421
110	171	1.22999
110	177	1.20481
110	178	1.21342
110	180	1.20258
111	51	0.562883
111	55	1.19888
111	57	0.785449
111	66	1.17445
111	69	0.519334
111	80	0.59296
111	88	1.18955
111	93	1.13923
111	114	1.20579
111	126	1.19778
111	132	0.606769
111	138	1.16879
111	139	1.1511
111	141	1.21261
111	148	0.655329
111	153	1.17234
111	162	0.66957
111	168	0.599616
111	169	1.16675
111	173	1.15501
111	174	1.16686
111	177	1.1734
111	178	1.18202
111	179	1.17427
111	180	1.17117
112	1	1.03191
112	22	1.02111
112	23	1.18005
112	32	0.704145
112	61	1.02537
112	85	0.669144
112	97	1.09944
112	105	0.672446
112	109	0.730074
112	118	1.15505
112	121	1.1386
112	124	1.11559
112	134	1.09043
112	137	1.13137
112	143	1.10481
112	144	0.722309
112	156	1.11606
112	157	1.11137
112	163	1.09421
112	165	1.09366
112	168	1.11848
112	171	1.1257
112	172	0.779512
112	175	1.24681
112	179	0.72811
113	15	1.09382
113	23	0.611717
113	75	1.13195
113	82	0.652687
113	85	1.16908
113	100	1.13393
113	105	1.17271
113	117	1.1644
113	125	1.12506
113	127	0.69478
113	129	0.663848
113	130	1.15091
113	140	1.19213
113	145	1.16629
113	156	0.63229
113	158	1.15475
113	159	0.652322
113	160	0.625153
113	167	0.660445
113	169	1.15869
113	172	1.15883
113	174	1.1588
113	177	1.16535
113	178	1.17396
113	179	1.16622
113	180	1.16312
114	17	1.09257
114	27	0.891136
114	42	1.14466
114	73	0.869243
114	75	1.12878
114	80	0.562694
114	95	0.517633
114	96	1.13364
114	101	1.1897
114	105	1.16953
114	106	1.11074
114	111	1.20579
114	122	1.13179
114	125	1.12189
114	126	1.18655
114	137	0.531504
114	143	0.615158
114	149	1.17323
114	151	0.596232
114	155	1.19967
114	161	0.610643
114	169	1.15552
114	177	1.16217
114	178	1.17078
114	179	1.16304
114	180	1.15994
115	42	0.81229
115	51	1.1695
115	64	1.09876
115	76	1.05524
115	77	1.05103
115	81	1.04539
115	95	0.686005
115	107	1.02361
115	127	1.05804
115	130	1.07881
115	131	1.12535
115	133	1.13451
115	135	1.11553
115	140	0.724401
115	142	1.11727
115	146	1.08982
115	150	1.10117
115	152	1.10356
115	160	1.12731
115	162	1.08708
115	164	1.11906
115	167	1.09897
115	169	0.78797
115	176	0.638074
115	179	0.759226
115	180	0.800959
116	15	1.08255
116	17	1.08447
116	32	1.17549
116	41	0.70526
116	53	0.653451
116	64	0.692036
116	100	1.12265
116	125	1.11379
116	126	1.17845
116	131	1.18618
116	147	1.18171
116	149	1.16514
116	152	0.692653
116	153	1.15301
116	158	1.14347
116	164	0.695648
116	169	1.14742
116	170	0.587101
116	171	0.646927
116	174	1.14753
116	175	0.52008
116	176	1.2946
116	177	1.15407
116	178	1.16269
116	179	1.15494
116	180	1.15184
117	32	1.15026
117	44	1.19672
117	47	0.583176
117	91	1.10114
117	108	1.11714
117	113	1.1644
117	122	1.09846
117	123	1.15916
117	126	1.15322
117	131	1.16095
117	132	0.671629
117	134	0.665979
117	140	1.15563
117	142	0.687045
117	145	1.12979
117	150	0.689651
117	153	1.12778
117	157	0.681912
117	158	1.11824
117	161	0.70577
117	163	0.7007
117	169	1.12219
117	174	1.1223
117	177	1.12884
117	178	1.13745
117	179	1.12971
117	180	1.12661
118	6	0.573915
118	14	1.23091
118	23	1.26383
118	43	0.602217
118	72	1.14416
118	75	0.633055
118	89	0.587187
118	112	1.15505
118	119	0.614488
118	121	1.22239
118	131	0.572804
118	134	1.17421
118	141	0.576307
118	143	1.18859
118	148	1.16089
118	152	0.603603
118	154	1.21447
118	156	1.19985
118	157	1.19516
118	161	1.19257
118	163	1.17799
118	165	1.17744
118	166	1.20371
118	168	1.20227
118	173	1.16592
118	175	1.3306
118	180	0.641408
119	44	1.206
119	75	1.10473
119	79	0.749254
119	87	1.14683
119	89	1.14368
119	98	0.624964
119	106	1.08669
119	108	1.12642
119	118	0.614488
119	122	1.10774
119	139	1.11582
119	141	1.17733
119	145	1.13907
119	146	0.732205
119	148	0.695847
119	154	0.623321
119	155	1.17562
119	157	0.657569
119	158	1.12752
119	167	0.695922
119	169	1.13147
119	172	1.13161
119	173	1.11973
119	177	1.13812
119	178	1.14673
119	179	1.13899
119	180	1.13589
120	2	0.765181
120	7	1.21722
120	29	1.16104
120	34	1.21722
120	37	0.617072
120	43	1.16104
120	44	1.22527
120	49	1.21483
120	58	1.06474
120	70	1.13746
120	78	0.557512
120	98	0.560327
120	99	0.691852
120	133	0.597042
120	140	1.18418
120	142	0.598066
120	144	1.17053
120	147	1.18503
120	158	1.14679
120	165	0.629502
120	168	0.575497
120	169	1.15074
120	170	1.24758
120	173	1.139
120	176	1.29792
120	178	1.166
120	179	1.15826
120	180	1.15516
121	26	1.04081
121	44	0.613679
121	45	0.580138
121	60	1.17583
121	61	1.09271
121	92	0.571265
121	95	1.23172
121	97	1.16678
121	105	0.586245
121	112	1.1386
121	118	1.22239
121	124	1.18293
121	125	0.746909
121	134	1.15777
121	136	1.15607
121	137	1.19871
121	138	0.667577
121	151	0.647287
121	154	1.19803
121	161	1.17612
121	165	1.161
121	168	1.18582
121	170	1.25805
121	171	1.19304
121	173	1.14947
121	175	1.31415
121	176	0.520758
121	177	0.673965
122	5	1.15659
122	43	0.696411
122	45	1.16033
122	71	1.16761
122	103	0.800038
122	107	0.825368
122	110	1.17443
122	114	1.13179
122	117	1.09846
122	119	1.10774
122	125	1.05912
122	126	1.12378
122	133	0.693909
122	139	1.0771
122	141	1.13862
122	145	1.10035
122	150	0.697538
122	152	0.697797
122	154	0.655551
122	169	1.09275
122	172	1.09289
122	173	1.08101
122	174	1.09286
122	175	0.525224
122	176	1.23994
122	177	1.09941
122	178	1.10802
122	180	1.09718
123	2	1.0543
123	3	0.518753
123	24	1.17658
123	25	1.15864
123	37	1.1419
123	41	1.12824
123	56	0.643961
123	57	1.07786
123	65	0.685308
123	69	1.25943
123	72	0.669623
123	73	1.01914
123	84	0.710662
123	99	0.726279
123	101	1.18763
123	106	1.10868
123	117	1.15916
123	135	0.610146
123	139	1.1378
123	146	0.701996
123	155	1.19761
123	169	1.15345
123	170	0.529805
123	174	1.15356
123	175	1.3064
123	176	1.30064
123	177	1.16011
123	179	1.16098
123	180	1.15788
124	3	1.20185
124	24	0.597989
124	26	1.0178
124	44	0.606347
124	88	0.661552
124	95	1.20871
124	112	1.11559
124	121	1.18293
124	126	0.642115
124	128	1.16956
124	130	0.713399
124	132	1.16253
124	134	1.13476
124	137	1.1757
124	145	0.689624
124	148	1.12144
124	154	1.17502
124	155	0.605311
124	156	1.16039
124	157	1.1557
124	161	1.15311
124	162	1.13868
124	165	1.13799
124	166	1.16425
124	168	1.16281
124	171	1.17003
124	174	0.67316
124	175	1.29114
124	178	0.622816
125	20	0.662167
125	33	0.694472
125	36	1.11933
125	53	0.716551
125	78	0.712335
125	113	1.12506
125	114	1.12189
125	116	1.11379
125	121	0.746909
125	122	1.05912
125	126	1.11388
125	138	1.0849
125	140	1.11629
125	141	1.12871
125	145	1.09045
125	153	1.08844
125	155	1.127
125	157	0.747756
125	158	1.07891
125	165	0.784325
125	168	0.730321
125	169	1.08285
125	173	1.07111
125	174	1.08296
125	176	1.23004
125	177	1.0895
125	178	1.09812
125	179	1.09038
125	180	1.08728
126	77	0.726987
126	81	0.741419
126	89	1.15973
126	93	1.11999
126	98	0.617689
126	100	1.12275
126	111	1.19778
126	114	1.18655
126	116	1.17845
126	117	1.15322
126	122	1.12378
126	124	0.642115
126	125	1.11388
126	133	0.654404
126	134	0.634361
126	142	0.655427
126	144	1.1673
126	145	1.15511
126	149	1.16523
126	153	1.1531
126	158	1.14357
126	166	0.63222
126	169	1.14751
126	174	1.14762
126	175	0.485719
126	176	1.2947
126	178	1.16278
126	179	1.15504
126	180	1.15194
127	6	1.16188
127	51	1.17083
127	57	0.879773
127	79	1.06746
127	81	1.04672
127	84	1.08978
127	99	1.05945
127	102	0.750295
127	103	1.05401
127	113	0.69478
127	115	1.05804
127	131	1.12669
127	133	1.13585
127	135	1.11686
127	139	0.771613
127	146	1.09115
127	147	1.12222
127	149	1.10564
127	150	1.1025
127	151	1.10584
127	152	1.1049
127	159	1.13085
127	160	1.12864
127	164	1.12039
127	167	1.1003
127	169	0.744189
127	175	0.5468
127	178	0.703684
127	179	0.715444
128	38	1.1663
128	54	0.66119
128	62	1.05857
128	72	1.11435
128	93	0.726655
128	104	1.17459
128	124	1.16956
128	131	0.601417
128	134	1.1444
128	136	1.1427
128	137	1.18534
128	143	1.15878
128	145	0.683334
128	154	1.18466
128	156	1.17003
128	157	1.16535
128	161	1.16276
128	163	1.14818
128	165	1.14763
128	166	1.17389
128	167	0.662571
128	168	1.17245
128	170	1.24468
128	171	1.17967
128	172	0.679689
128	173	1.1361
128	176	0.507136
128	177	0.660343
128	179	0.628287
129	32	0.660547
129	39	1.16031
129	52	0.596937
129	56	1.15617
129	64	1.14082
129	67	0.684091
129	68	1.13665
129	79	1.10819
129	81	1.08745
129	86	1.14592
129	107	1.06568
129	108	0.738462
129	113	0.663848
129	133	1.17658
129	135	1.15759
129	140	0.649687
129	142	1.15933
129	146	1.13188
129	147	1.16295
129	149	1.14637
129	151	1.14657
129	152	1.14563
129	159	1.17158
129	160	1.16937
129	164	1.16112
129	167	1.14103
129	170	0.582889
129	172	1.1288
129	173	0.704581
129	174	0.723095
130	8	0.683944
130	31	1.14913
130	60	0.705095
130	71	1.18355
130	72	0.763841
130	74	0.628675
130	94	0.688503
130	99	1.08022
130	100	1.08393
130	113	1.15091
130	115	1.07881
130	124	0.713399
130	135	1.13763
130	140	1.14214
130	142	1.13937
130	146	1.11192
130	150	1.12327
130	152	1.12566
130	155	1.15285
130	159	1.15162
130	160	1.14941
130	164	1.14116
130	167	1.12107
130	168	0.704143
130	169	1.10869
130	170	0.624024
130	171	0.68385
130	177	1.11535
130	178	1.12396
130	179	1.11622
130	180	1.11312
131	1	0.77504
131	51	1.23815
131	57	0.784283
131	84	1.15709
131	88	1.17804
131	93	1.12772
131	95	0.546733
131	98	0.58328
131	99	1.12676
131	103	1.12132
131	115	1.12535
131	116	1.18618
131	117	1.16095
131	118	0.572804
131	127	1.12669
131	128	0.601417
131	150	1.16982
131	155	1.19939
131	156	0.626083
131	157	0.615886
131	159	1.19816
131	160	1.19595
131	163	0.634674
131	165	0.652455
131	167	1.16762
131	169	1.15524
131	172	1.15538
131	174	1.15535
131	177	1.16189
131	178	1.17051
131	179	1.16277
131	180	1.15967
132	11	0.541848
132	47	1.20699
132	60	1.15543
132	66	0.658753
132	72	1.10732
132	80	1.16748
132	83	0.807188
132	95	1.21132
132	110	1.22249
132	111	0.606769
132	117	0.671629
132	124	1.16253
132	134	1.13737
132	136	1.13567
132	137	1.17831
132	139	0.688642
132	140	0.597649
132	148	1.12405
132	154	1.17763
132	156	1.163
132	161	1.15572
132	162	1.1413
132	163	1.14115
132	165	1.1406
132	166	1.16686
132	168	1.16542
132	169	0.661218
132	170	1.23765
132	171	1.17264
132	173	1.12907
132	176	0.511322
132	177	0.664529
133	39	1.19605
133	59	0.647283
133	64	1.17656
133	68	1.17239
133	73	1.03008
133	76	1.13304
133	77	1.12884
133	84	1.16625
133	86	1.18166
133	87	0.664818
133	103	1.13048
133	110	0.582764
133	115	1.13451
133	120	0.597042
133	122	0.693909
133	126	0.654404
133	127	1.13585
133	129	1.17658
133	135	1.19333
133	146	1.16762
133	150	1.17898
133	151	1.18231
133	159	1.20732
133	160	1.20511
133	162	1.16488
133	164	1.19686
133	167	1.17677
133	172	1.16454
133	173	0.666934
133	174	0.685448
133	176	0.525714
133	180	0.688598
134	23	1.19922
134	38	1.1315
134	70	0.696512
134	80	1.13971
134	97	1.11861
134	100	0.699382
134	109	0.628787
134	110	1.19472
134	112	1.09043
134	117	0.665979
134	118	1.17421
134	121	1.15777
134	124	1.13476
134	126	0.634361
134	128	1.1444
134	132	1.13737
134	137	1.15054
134	138	0.652491
134	143	1.12398
134	153	0.645006
134	154	1.14986
134	158	0.645884
134	161	1.12795
134	163	1.11338
134	165	1.11283
134	166	1.13909
134	167	0.661107
134	168	1.13765
134	170	1.20988
134	171	1.14487
134	172	0.678225
134	173	1.1013
134	175	1.26598
135	27	1.04867
135	56	1.17293
135	68	1.15341
135	81	1.10421
135	82	1.18376
135	84	1.14726
135	86	1.16267
135	99	1.11693
135	103	1.11149
135	104	0.630594
135	106	0.758442
135	115	1.11553
135	123	0.610146
135	127	1.11686
135	129	1.15759
135	130	1.13763
135	133	1.19333
135	142	1.17608
135	145	0.680589
135	146	1.14864
135	150	1.15999
135	151	1.16332
135	152	1.16238
135	153	0.643725
135	160	1.18613
135	164	1.17788
135	167	1.15779
135	169	0.654287
135	172	1.14555
135	173	0.645611
135	174	0.664125
135	177	0.657598
135	180	0.667275
136	3	1.17499
136	9	1.18017
136	16	1.19785
136	22	1.03857
136	27	0.9309
136	30	1.14016
136	60	1.12595
136	61	1.04283
136	62	1.02206
136	67	1.11504
136	99	0.725468
136	121	1.15607
136	128	1.1427
136	132	1.13567
136	140	0.595793
136	143	1.12227
136	148	1.09457
136	154	1.14815
136	156	1.13353
136	157	1.12884
136	159	0.65678
136	160	0.62961
136	161	1.12625
136	163	1.11167
136	164	0.637542
136	165	1.11112
136	167	0.664902
136	168	1.13595
136	170	1.20817
136	171	1.14316
136	174	0.669201
136	175	1.26428
136	177	0.662674
136	179	0.630618
137	10	1.23085
137	14	1.20724
137	47	1.22016
137	57	0.751804
137	72	1.12048
137	80	1.18065
137	83	0.762189
137	91	0.693004
137	104	1.18073
137	112	1.13137
137	114	0.531504
137	121	1.19871
137	124	1.1757
137	128	1.18534
137	132	1.17831
137	134	1.15054
137	140	0.55265
137	141	0.564107
137	144	0.581674
137	146	0.658042
137	148	1.13722
137	154	1.1908
137	156	1.17617
137	161	1.16889
137	162	1.15446
137	165	1.15377
137	166	1.18003
137	168	1.17859
137	170	1.25082
137	173	1.14224
137	175	1.30692
137	176	0.466324
137	177	0.619531
137	180	0.629208
138	11	1.2021
138	17	1.05557
138	19	1.19596
138	20	0.582835
138	31	1.15896
138	35	1.16055
138	38	0.655688
138	44	1.19305
138	48	1.09348
138	84	0.751727
138	87	1.13388
138	91	1.09747
138	96	1.09665
138	97	0.749462
138	109	1.11976
138	110	1.2002
138	111	1.16879
138	121	0.667577
138	125	1.0849
138	134	0.652491
138	139	1.10287
138	140	1.15196
138	143	0.696797
138	148	0.706702
138	153	1.12411
138	158	1.11458
138	164	0.679417
138	166	0.65035
138	169	1.11852
138	174	1.11863
138	177	1.12518
138	178	1.13379
138	179	1.12605
138	180	1.12295
139	4	0.580375
139	20	0.613335
139	22	0.825365
139	46	0.659585
139	55	1.13295
139	71	1.17569
139	87	1.11618
139	88	1.12363
139	100	1.07606
139	101	1.135
139	106	1.05605
139	108	1.09578
