1	25	1.13968
1	33	0.928324
1	86	0.894383
1	92	0.941115
1	99	0.928907
1	107	0.954443
1	118	0.975061
1	126	0.984125
1	139	0.871799
1	156	1.3773
1	169	0.926438
1	180	1.56675
2	35	1.00969
2	49	1.09112
2	56	1.06863
2	70	1.02117
2	78	1.09443
2	87	0.988858
2	133	0.926024
2	135	1.02373
2	136	0.782748
2	158	1.24998
2	165	1.09136
2	179	1.32561
3	13	0.998831
3	65	1.05241
3	66	1.05211
3	68	1.06149
3	72	1.03523
3	81	0.95516
3	124	1.0505
3	133	1.03887
3	160	1.05702
3	162	1.1049
3	167	1.12426
3	180	1.13141
4	44	0.984896
4	51	0.981741
4	58	0.936604
4	60	0.946223
4	61	0.911948
4	62	0.912488
4	64	0.913016
4	124	0.902151
4	161	1.67938
4	162	1.08543
4	163	1.36296
4	178	0.903694
5	23	1.06052
5	28	1.0596
5	35	1.01954
5	49	1.10096
5	70	1.03101
5	87	0.998699
5	128	1.02745
5	135	1.03357
5	150	1.04089
5	165	1.1012
5	171	0.928764
5	177	1.27848
6	100	1.03675
6	121	0.882587
6	122	1.05401
6	125	1.03306
6	129	1.06859
6	133	1.07288
6	138	1.03401
6	142	1.06371
6	143	1.02431
6	155	1.0648
6	174	1.29249
6	176	1.01402
7	27	0.530583
7	28	1.05603
7	35	1.01597
7	56	1.0749
7	70	1.02744
7	78	1.1007
7	87	0.995131
7	135	1.03
7	163	1.15353
7	165	1.09763
7	172	1.54761
7	174	1.03325
8	16	1.00298
8	47	0.994964
8	50	0.890504
8	63	0.930301
8	69	0.920231
8	82	0.879381
8	94	0.901756
8	95	0.907738
8	111	0.983146
8	154	1.20973
8	166	1.46629
8	180	1.42709
9	41	0.91828
9	88	0.885744
9	98	1.00361
9	99	0.928824
9	107	0.95436
9	126	0.984042
9	139	0.871716
9	140	1.43454
9	151	1.51419
9	157	0.925266
9	169	0.926355
9	176	1.16617
10	77	0.885073
10	116	1.07381
10	117	1.07579
10	120	1.05774
10	121	0.892876
10	128	0.985606
10	131	1.02637
10	132	1.07844
10	134	1.02498
10	141	1.06287
10	173	0.980573
10	179	1.48276
11	13	0.993311
11	65	1.04689
11	66	1.04659
11	67	1.15295
11	68	1.05597
11	72	1.02971
11	105	0.97707
11	149	0.983063
11	159	1.21854
11	164	0.896604
11	167	1.11874
11	174	1.18291
12	71	1.03538
12	109	1.05137
12	120	1.07734
12	127	1.03925
12	131	1.04597
12	132	1.09804
12	134	1.04458
12	159	1.05157
12	160	0.810808
12	172	1.5303
12	173	1.00018
12	180	0.885204
13	3	0.998831
13	11	0.993311
13	26	0.949258
13	65	0.90552
13	66	0.905222
13	68	0.914599
13	72	0.888338
13	96	1.41403
13	104	1.21901
13	133	0.891979
13	147	1.44867
13	167	0.977364
14	25	0.926568
14	109	1.04326
14	110	0.928578
14	116	1.0853
14	117	1.08728
14	127	1.03114
14	131	1.03786
14	134	1.03647
14	150	1.18065
14	155	1.06989
14	173	0.992065
14	178	1.19727
15	67	0.902897
15	94	1.1694
15	96	1.00578
15	101	0.979864
15	103	1.03598
15	104	1.03281
15	163	0.860838
15	164	0.925375
15	171	0.979875
15	177	0.886572
15	179	0.842108
15	180	0.887157
16	8	1.00298
16	30	0.987947
16	53	0.997498
16	69	1.07513
16	91	1.08442
16	94	1.05666
16	95	1.06264
16	111	1.13805
16	154	0.811231
16	161	1.59602
16	171	0.743462
16	174	1.15933
17	34	1.1231
17	66	1.06847
17	67	0.911403
17	140	0.929734
17	156	1.00193
17	161	0.867411
17	162	0.950843
17	166	0.925935
17	174	0.930662
17	176	0.967223
17	179	0.885207
17	180	0.930255
18	21	1.06048
18	32	1.02391
18	58	1.06886
18	60	1.07848
18	61	1.04421
18	62	1.04475
18	64	1.04527
18	75	1.02834
18	144	0.931858
18	146	1.02707
18	166	1.24615
18	178	1.03595
19	74	0.994873
19	104	0.870578
19	108	1.0126
19	109	1.00393
19	116	1.04597
19	120	1.0299
19	127	0.991811
19	131	0.998532
19	132	1.0506
19	134	0.997141
19	166	1.41062
19	173	0.952735
19	176	1.22369
20	23	1.02818
20	28	1.02726
20	35	0.987197
20	59	0.957692
20	70	0.998668
20	78	1.07193
20	83	1.32694
20	87	0.96636
20	96	0.860465
20	135	1.00123
20	165	1.06886
20	175	1.1654
20	177	1.23087
21	18	1.06048
21	24	0.737382
21	32	0.970849
21	44	1.0641
21	58	1.0158
21	60	1.02542
21	61	0.991147
21	62	0.991687
21	64	0.992215
21	169	1.03803
21	172	1.78916
21	176	0.996326
21	178	0.982893
22	88	0.963197
22	92	1.01849
22	99	1.00628
22	107	1.03181
22	118	1.05243
22	126	1.0615
22	139	0.949169
22	156	0.880843
22	157	1.00272
22	169	1.00381
22	174	1.20104
22	177	1.13489
22	179	1.38101
23	5	1.06052
23	20	1.02818
23	24	1.04348
23	35	0.957815
23	49	1.03924
23	52	0.875402
23	56	1.01675
23	70	0.969286
23	75	1.27155
23	78	1.04255
23	87	0.936979
23	165	1.03948
23	178	1.29379
24	21	0.737382
24	23	1.04348
24	91	0.848041
24	143	0.922302
24	145	1.02774
24	150	1.08463
24	158	0.979858
24	161	0.949301
24	166	1.00783
24	175	1.01955
24	176	1.04911
24	179	0.967097
24	180	1.01215
25	1	1.13968
25	14	0.926568
25	116	0.770837
25	132	0.741292
25	144	1.12437
25	148	1.05009
25	159	0.99876
25	161	0.953102
25	172	0.944385
25	175	1.02335
25	177	1.01536
25	179	0.970898
25	180	1.01595
26	13	0.949258
26	48	1.08312
26	65	1.00284
26	66	1.00254
26	67	1.10889
26	72	0.985657
26	105	0.933016
26	133	0.989297
26	145	1.17025
26	166	1.203
26	167	1.07468
26	175	1.16293
26	176	1.01607
27	7	0.530583
27	82	1.05891
27	97	1.0078
27	109	1.03162
27	127	1.01951
27	134	1.02484
27	138	0.83572
27	152	1.05648
27	159	0.968726
27	162	1.0065
27	168	1.00655
27	173	0.980434
27	180	0.985913
28	5	1.0596
28	7	1.05603
28	20	1.02726
28	49	1.03832
28	59	0.927396
28	70	0.968372
28	78	1.04163
28	87	0.936064
28	152	0.949104
28	163	1.45871
28	165	1.03856
28	167	0.919278
28	177	1.27228
29	38	0.900746
29	70	0.714876
29	72	0.917424
29	90	1.08837
29	100	0.782305
29	140	0.977223
29	160	1.03094
29	163	0.951427
29	164	1.01596
29	168	0.998379
29	171	1.07046
29	174	0.978151
29	180	0.977745
30	16	0.987947
30	31	0.902733
30	50	0.87547
30	63	0.915266
30	69	0.905197
30	73	0.880824
30	82	0.864347
30	91	0.914485
30	95	0.892704
30	111	0.968112
30	139	1.49437
30	150	1.27043
30	151	1.64372
31	30	0.902733
31	47	1.06465
31	53	0.912284
31	63	0.999987
31	73	0.965544
31	79	1.05687
31	82	0.949067
31	91	0.999206
31	94	0.971442
31	95	0.977424
31	111	1.05283
31	147	1.09469
31	160	1.29147
31	173	1.41981
32	18	1.02391
32	21	0.970849
32	44	1.02753
32	51	1.02437
32	60	0.988854
32	61	0.954579
32	62	0.955118
32	64	0.955647
32	124	0.944781
32	133	1.21766
32	154	1.08919
32	163	1.55756
32	165	1.02987
32	178	0.946324
33	1	0.928324
33	88	0.935656
33	97	0.969146
33	98	1.05352
33	99	0.978736
33	104	0.991114
33	118	1.02489
33	126	1.03395
33	139	0.921628
33	152	1.23337
33	157	0.975178
33	168	1.43449
33	169	0.976267
33	171	1.20683
34	17	1.1231
34	103	1.00929
34	117	1.00753
34	120	0.989473
34	127	0.951386
34	131	0.958107
34	132	1.01017
34	134	0.956716
34	141	0.994611
34	155	0.990137
34	156	1.05156
34	166	1.28021
34	173	0.91231
34	180	1.24102
35	2	1.00969
35	5	1.01954
35	7	1.01597
35	20	0.987197
35	23	0.957815
35	56	0.97577
35	78	1.00156
35	87	0.895997
35	135	0.930865
35	164	1.10452
35	165	0.998495
35	170	1.40576
35	175	1.25922
35	178	1.10372
36	43	0.93807
36	76	0.954837
36	85	1.01766
36	106	0.994426
36	115	1.01629
36	119	1.01446
36	122	0.979151
36	138	0.959151
36	143	0.949452
36	151	1.30835
36	155	0.989944
36	169	1.00203
36	177	1.17265
36	179	1.41877
37	47	1.16262
37	135	1.28413
37	138	1.23997
37	147	0.964317
37	151	0.882555
37	159	0.882091
37	161	0.836434
37	172	0.827717
37	174	0.899684
37	175	0.906682
37	176	0.936246
37	177	0.898693
37	179	0.854229
37	180	0.899278
38	29	0.900746
38	42	0.956824
38	81	1.25894
38	93	0.994807
38	112	0.986054
38	114	0.963577
38	122	0.990536
38	125	0.969588
38	130	0.997678
38	142	1.00024
38	143	0.960837
38	149	1.36608
38	157	0.979872
38	171	1.15006
39	50	1.07301
39	53	1.0251
39	69	1.10273
39	73	1.07836
39	82	1.06188
39	91	1.11202
39	94	1.08426
39	95	1.09024
39	111	1.16565
39	165	0.718575
39	167	0.706831
39	168	0.937776
39	172	1.64034
39	173	1.04919
40	45	1.03711
40	54	1.009
40	76	0.956606
40	100	0.963657
40	114	0.953961
40	119	1.01623
40	121	1.16248
40	130	0.988062
40	138	0.96092
40	142	0.990622
40	143	0.951221
40	146	1.26177
40	147	1.17048
40	156	1.25219
41	9	0.91828
41	84	1.04376
41	86	0.934251
41	92	0.980983
41	97	0.959185
41	98	1.04356
41	107	0.994311
41	118	1.01493
41	121	0.986133
41	126	1.02399
41	157	0.965217
41	162	1.23879
41	169	0.966306
41	179	1.57601
42	38	0.956824
42	74	1.13424
42	76	0.935504
42	106	0.975094
42	114	0.93286
42	115	0.99696
42	125	0.938871
42	138	0.939819
42	142	0.969521
42	143	0.93012
42	144	1.2357
42	152	1.2522
42	155	0.970612
42	157	0.949155
42	180	1.51078
43	36	0.93807
43	100	0.935187
43	112	0.947969
43	119	0.987756
43	122	0.95245
43	128	1.27612
43	129	0.967032
43	130	0.959592
43	139	1.51351
43	141	0.967718
43	142	0.962152
43	143	0.922751
43	152	1.20397
43	157	0.941786
43	167	1.17415
44	4	0.984896
44	21	1.0641
44	32	1.02753
44	51	1.11762
44	58	1.07248
44	61	1.04783
44	62	1.04836
44	64	1.04889
44	124	1.03803
44	150	0.863508
44	161	1.60394
44	168	0.97904
44	171	0.75138
44	174	1.16724
44	178	1.03957
45	40	1.03711
45	55	0.806798
45	114	1.02277
45	115	1.08687
45	119	1.08503
45	125	1.02878
45	129	1.06431
45	138	1.02972
45	139	1.23176
45	142	1.05943
45	143	1.02003
45	153	1.14713
45	157	1.03906
45	167	0.892405
45	173	1.23476
46	71	1.02226
46	103	1.08403
46	116	1.08029
46	117	1.08227
46	127	1.02612
46	131	1.03284
46	132	1.08491
46	134	1.03145
46	140	1.31088
46	146	1.01037
46	148	1.19634
46	152	0.931663
46	155	1.06487
46	171	0.905122
46	173	0.987047
47	8	0.994964
47	31	1.06465
47	37	1.16262
47	53	0.989481
47	63	1.07718
47	73	1.04274
47	82	1.02626
47	94	1.04864
47	95	1.05462
47	108	1.06052
47	111	1.13003
47	147	0.859124
47	162	1.10379
47	165	0.853629
47	173	1.18424
48	26	1.08312
48	65	1.03938
48	66	1.03909
48	67	1.14544
48	68	1.04846
48	72	1.0222
48	105	0.969562
48	124	1.03747
48	133	1.02584
48	137	1.07893
48	144	0.948059
48	152	0.964562
48	166	1.26235
48	167	1.11123
48	176	1.07541
49	2	1.09112
49	5	1.10096
49	23	1.03924
49	28	1.03832
49	56	1.05719
49	70	1.00973
49	78	1.08298
49	87	0.977417
49	135	1.01229
49	152	0.80801
49	158	1.30167
49	165	1.07992
49	169	0.960562
49	170	1.21226
49	175	1.06572
50	8	0.890504
50	30	0.87547
50	39	1.07301
50	53	0.885021
50	63	0.972724
50	69	0.962654
50	73	0.938281
50	91	0.971943
50	94	0.944179
50	95	0.950161
50	111	1.02557
50	137	1.21909
50	152	1.10472
50	163	1.61433
50	169	1.25727
51	4	0.981741
51	32	1.02437
51	44	1.11762
51	58	1.06933
51	60	1.07894
51	61	1.04467
51	62	1.04521
51	64	1.04574
51	81	0.899481
51	90	0.704632
51	124	1.03487
51	158	1.31081
51	159	1.2421
51	166	1.11493
51	178	1.03642
52	23	0.875402
52	73	0.844889
52	82	0.856078
52	93	0.838351
52	134	0.779374
52	147	1.05937
52	150	1.06682
52	159	0.977148
52	162	1.01492
52	164	1.03255
52	165	1.0992
52	166	0.990014
52	174	0.994741
52	175	1.00174
52	179	0.949286
52	180	0.994334
53	16	0.997498
53	31	0.912284
53	39	1.0251
53	47	0.989481
53	50	0.885021
53	73	0.890375
53	82	0.873898
53	91	0.924036
53	94	0.896273
53	95	0.902255
53	108	0.908156
53	110	1.19659
53	111	0.977663
53	164	1.46608
53	171	1.33653
53	178	1.46528
54	40	1.009
54	55	0.829296
54	83	1.36398
54	89	1.02525
54	93	1.02589
54	106	1.03689
54	112	1.01713
54	125	1.00067
54	129	1.03619
54	138	1.00161
54	142	1.03132
54	143	0.991914
54	149	1.1342
54	155	1.03241
54	160	1.12892
54	168	1.14585
55	45	0.806798
55	54	0.829296
55	97	1.0057
55	129	0.808879
55	152	1.08413
55	153	1.03285
55	157	0.869471
55	159	0.99637
55	164	1.05177
55	170	1.00481
55	172	0.941995
55	174	1.01396
55	175	1.02096
55	176	1.05052
55	179	0.968508
55	180	1.01356
56	2	1.06863
56	7	1.0749
56	23	1.01675
56	35	0.97577
56	49	1.05719
56	59	0.946265
56	70	0.987241
56	78	1.0605
56	87	0.954933
56	96	0.762953
56	135	0.989801
56	136	0.836611
56	161	1.6362
56	163	1.31979
56	165	1.05743
56	173	1.12271
57	75	1.02445
57	84	0.98152
57	86	0.976746
57	88	0.968189
57	92	1.02348
57	96	0.897248
57	97	1.00168
57	99	1.01127
57	102	1.051
57	107	1.03681
57	118	1.05742
57	126	1.06649
57	147	0.931888
57	157	1.00771
57	161	1.7705
57	169	1.0088
58	4	0.936604
58	18	1.06886
58	21	1.0158
58	44	1.07248
58	51	1.06933
58	60	1.03381
58	61	0.999532
58	62	1.00007
58	64	1.0006
58	124	0.989735
58	149	1.16363
58	154	1.01538
58	166	1.27194
58	171	0.947611
58	178	0.991278
58	180	1.23274
59	20	0.957692
59	28	0.927396
59	56	0.946265
59	87	0.866492
59	98	0.993357
59	107	0.944108
59	126	0.97379
59	135	0.90136
59	136	1.17107
59	139	0.861464
59	148	1.40931
59	157	0.915014
59	159	1.56959
59	165	0.96899
59	168	1.34576
59	169	0.916103
60	4	0.946223
60	18	1.07848
60	21	1.02542
60	32	0.988854
60	51	1.07894
60	58	1.03381
60	61	1.00915
60	62	1.00969
60	64	1.01022
60	110	0.939634
60	124	0.999355
60	144	1.08961
60	152	1.10612
60	154	1.14734
60	175	1.36383
60	178	1.0009
61	4	0.911948
61	18	1.04421
61	21	0.991147
61	32	0.954579
61	44	1.04783
61	51	1.04467
61	58	0.999532
61	60	1.00915
61	62	0.975416
61	64	0.975945
61	75	1.04228
61	124	0.96508
61	162	1.19438
61	167	0.932483
61	178	0.966623
61	179	1.53161
61	180	1.22089
62	4	0.912488
62	18	1.04475
62	21	0.991687
62	32	0.955118
62	44	1.04836
62	51	1.04521
62	58	1.00007
62	60	1.00969
62	61	0.975416
62	64	0.976484
62	124	0.965619
62	139	1.37084
62	146	1.14001
62	152	1.06131
62	165	1.04322
62	175	1.31902
62	178	0.967162
63	8	0.930301
63	30	0.915266
63	31	0.999987
63	47	1.07718
63	50	0.972724
63	73	0.978078
63	82	0.961601
63	91	1.01174
63	94	0.983976
63	95	0.989958
63	108	0.995859
63	111	1.06537
63	162	1.22988
63	171	0.971264
63	174	1.38713
63	178	1.10002
63	180	1.25639
64	4	0.913016
64	18	1.04527
64	21	0.992215
64	32	0.955647
64	44	1.04889
64	51	1.04574
64	58	1.0006
64	60	1.01022
64	61	0.975945
64	62	0.976484
64	113	0.938195
64	124	0.966148
64	153	1.25617
64	164	1.13429
64	169	1.18382
64	170	1.43552
64	178	0.967691
65	3	1.05241
65	11	1.04689
65	13	0.90552
65	26	1.00284
65	48	1.03938
65	66	0.958801
65	67	1.06516
65	68	0.968179
65	72	0.941918
65	121	0.968235
65	124	0.957191
65	133	0.945559
65	146	1.06752
65	159	1.41377
65	164	1.09183
65	167	1.03094
65	170	1.39307
66	3	1.05211
66	11	1.04659
66	13	0.905222
66	17	1.06847
66	26	1.00254
66	48	1.03909
66	65	0.958801
66	67	1.06486
66	68	0.967881
66	72	0.94162
66	124	0.956893
66	133	0.945261
66	144	0.911297
66	149	1.11727
66	158	1.42146
66	167	1.03065
66	173	1.24033
67	11	1.15295
67	15	0.902897
67	17	0.911403
67	26	1.10889
67	48	1.14544
67	65	1.06516
67	66	1.06486
67	68	1.07424
67	72	1.04797
67	105	0.995334
67	124	1.06325
67	133	1.05162
67	137	0.885094
67	167	1.137
67	170	1.17498
67	175	1.02844
67	178	0.872942
68	3	1.06149
68	11	1.05597
68	13	0.914599
68	48	1.04846
68	65	0.968179
68	66	0.967881
68	67	1.07424
68	72	0.950998
68	105	0.898358
68	124	0.966271
68	133	0.954639
68	153	1.10419
68	154	0.920516
68	161	1.70531
68	164	0.982303
68	167	1.04002
68	174	1.26861
69	8	0.920231
69	16	1.07513
69	30	0.905197
69	39	1.10273
69	50	0.962654
69	73	0.968009
69	82	0.951531
69	91	1.00167
69	94	0.973907
69	95	0.979889
69	108	0.98579
69	111	1.0553
69	137	1.12672
69	159	1.4373
69	165	0.99427
69	178	1.11457
69	180	1.27094
70	2	1.02117
70	5	1.03101
70	7	1.02744
70	20	0.998668
70	23	0.969286
70	28	0.968372
70	29	0.714876
70	49	1.00973
70	56	0.987241
70	78	1.01304
70	87	0.907468
70	135	0.942336
70	145	1.25576
70	148	1.25541
70	165	1.00997
70	173	1.30327
70	180	1.24932
71	12	1.03538
71	46	1.02226
71	85	1.00022
71	96	1.04001
71	109	0.945862
71	116	0.987912
71	120	0.971835
71	127	0.933748
71	131	0.940469
71	132	0.992535
71	134	0.939078
71	135	0.937388
71	140	1.46646
71	141	0.976973
71	162	1.31931
71	164	1.19025
71	169	1.23979
71	173	0.894672
72	3	1.03523
72	11	1.02971
72	13	0.888338
72	26	0.985657
72	29	0.917424
72	48	1.0222
72	65	0.941918
72	66	0.94162
72	67	1.04797
72	68	0.950998
72	105	0.872097
72	113	1.1002
72	124	0.94001
72	133	0.928378
72	167	1.01376
72	168	1.3944
72	169	1.34583
72	176	1.30413
73	30	0.880824
73	31	0.965544
73	39	1.07836
73	47	1.04274
73	50	0.938281
73	52	0.844889
73	53	0.890375
73	63	0.978078
73	69	0.968009
73	82	0.927158
73	91	0.977297
73	94	0.949534
73	95	0.955516
73	111	1.03092
73	153	1.38596
73	165	1.14298
73	175	1.41877
73	176	1.27191
74	19	0.994873
74	42	1.13424
74	79	1.02817
74	93	1.03656
74	109	0.925846
74	147	1.01719
74	155	0.841453
74	159	0.934966
74	163	0.925834
74	164	0.990371
74	171	1.04487
74	172	0.880591
74	175	0.959557
74	176	0.98912
74	177	0.951568
74	178	0.996126
74	179	0.907104
74	180	0.952152
75	18	1.02834
75	23	1.27155
75	57	1.02445
75	61	1.04228
75	85	0.873911
75	110	1.04982
75	149	0.975524
75	150	1.01913
75	151	0.92992
75	156	1.01831
75	162	0.96723
75	166	0.942322
75	171	1.03936
75	172	0.875081
75	176	0.98361
75	177	0.946058
75	179	0.901594
75	180	0.946642
76	36	0.954837
76	40	0.956606
76	42	0.935504
76	79	1.15848
76	85	1.00773
76	110	1.0424
76	112	0.964735
76	119	1.00452
76	122	0.969217
76	125	0.948269
76	129	0.983798
76	130	0.976359
76	138	0.949217
76	141	0.984485
76	143	0.939518
76	165	1.1908
76	166	1.50667
76	176	1.31974
77	10	0.885073
77	130	1.01799
77	131	0.976392
77	132	0.881397
77	157	0.956517
77	158	0.930555
77	159	0.945657
77	160	1.01604
77	162	0.983431
77	170	0.9541
77	173	0.957364
77	174	0.96325
77	175	0.970248
77	176	0.999811
77	177	0.962259
77	178	1.00682
77	179	0.917795
77	180	0.962843
78	2	1.09443
78	7	1.1007
78	20	1.07193
78	23	1.04255
78	28	1.04163
78	35	1.00156
78	49	1.08298
78	56	1.0605
78	70	1.01304
78	87	0.980728
78	135	1.0156
78	148	1.04543
78	156	0.84989
78	165	1.08323
78	166	1.07854
78	170	1.18501
78	174	1.17008
78	177	1.10394
79	31	1.05687
79	74	1.02817
79	76	1.15848
79	111	0.809026
79	117	0.910792
79	140	0.945914
79	141	0.940023
79	145	0.962028
79	156	1.01811
79	158	0.914147
79	164	0.984654
79	168	0.96707
79	171	1.03915
79	174	0.946842
79	175	0.95384
79	176	0.983403
79	179	0.901387
79	180	0.946435
80	98	1.17463
80	118	1.03935
80	119	1.21401
80	142	1.26264
80	153	0.903773
80	156	0.956152
80	162	0.905069
80	164	0.922699
80	168	0.905116
80	170	0.875737
80	171	0.977199
80	172	0.81292
80	174	0.884888
80	175	0.891886
80	176	0.921449
80	177	0.883897
80	179	0.839433
80	180	0.884481
81	3	0.95516
81	38	1.25894
81	51	0.899481
81	119	0.909455
81	121	1.05808
81	146	1.01748
81	155	1.04175
81	158	0.933998
81	161	0.903441
81	162	0.986874
81	168	0.98692
81	169	1.01827
81	170	0.957542
81	172	0.894725
81	174	0.966692
81	177	0.965701
81	179	0.921237
81	180	0.966285
82	8	0.879381
82	27	1.05891
82	30	0.864347
82	31	0.949067
82	39	1.06188
82	47	1.02626
82	52	0.856078
82	53	0.873898
82	63	0.961601
82	69	0.951531
82	73	0.927158
82	91	0.96082
82	94	0.933056
82	95	0.939038
82	108	0.94494
82	111	1.01445
82	140	1.55147
82	149	1.36172
82	168	1.37337
83	20	1.32694
83	54	1.36398
83	127	1.34413
83	132	1.32903
83	137	0.92885
83	139	0.861685
83	148	0.89849
83	149	0.893227
83	150	0.936828
83	154	0.95392
83	160	0.917544
83	163	0.838026
83	168	0.884979
83	170	0.855601
83	174	0.864751
83	175	0.871749
83	176	0.901312
83	179	0.819296
83	180	0.864344
84	41	1.04376
84	57	0.98152
84	92	1.10117
84	126	0.984402
84	130	1.08342
84	136	1.04053
84	148	0.960379
84	154	1.01581
84	156	0.997904
84	161	0.863389
84	163	0.899915
84	166	0.921913
84	168	0.946868
84	170	0.91749
84	171	1.01895
84	176	0.963202
84	177	0.925649
84	179	0.881185
84	180	0.926234
85	36	1.01766
85	71	1.00022
85	75	0.873911
85	76	1.00773
85	120	1.04217
85	121	0.773353
85	123	0.761936
85	129	1.04662
85	130	1.03918
85	131	1.0108
85	132	1.06287
85	134	1.00941
85	136	0.820367
85	138	1.01204
85	142	1.04174
85	143	1.00234
85	161	1.61996
85	172	1.69762
85	173	0.965007
86	1	0.894383
86	41	0.934251
86	57	0.976746
86	88	0.901715
86	92	0.957004
86	97	0.935205
86	98	1.01958
86	99	0.944796
86	107	0.970332
86	118	0.990949
86	126	1.00001
86	139	0.887687
86	152	1.18718
86	153	1.41208
86	157	0.941237
86	164	1.29019
86	169	0.942326
86	171	1.16064
86	177	1.51036
87	2	0.988858
87	5	0.998699
87	7	0.995131
87	20	0.96636
87	23	0.936979
87	28	0.936064
87	35	0.895997
87	49	0.977417
87	56	0.954933
87	59	0.866492
87	70	0.907468
87	78	0.980728
87	135	0.910028
87	144	1.15439
87	151	1.62977
87	154	1.21212
87	165	0.977658
87	167	1.14107
87	180	1.42948
88	9	0.885744
88	22	0.963197
88	33	0.935656
88	57	0.968189
88	86	0.901715
88	92	0.948447
88	97	0.926649
88	98	1.01102
88	99	0.936239
88	101	1.09694
88	102	0.97597
88	104	0.934818
88	118	0.982393
88	126	0.991457
88	146	1.25578
88	157	0.93268
88	158	1.67073
88	169	0.93377
88	170	1.58133
89	54	1.02525
89	93	1.00144
89	100	0.9799
89	106	1.01244
89	112	0.992682
89	114	0.970205
89	115	1.0343
89	119	1.03247
89	130	1.00431
89	138	0.977163
89	142	1.00687
89	143	0.967464
89	153	1.22392
89	155	1.00796
89	157	0.986499
89	160	1.18321
89	167	0.969189
89	175	1.25673
89	176	1.10987
89	180	1.2576
90	29	1.08837
90	51	0.704632
90	95	0.89593
90	97	1.00862
90	129	0.811795
90	130	0.933858
90	137	1.04555
90	146	1.03224
90	150	1.05353
90	154	1.07062
90	155	0.846899
90	158	0.948754
90	162	1.00163
90	170	0.972299
90	172	0.909481
90	174	0.981449
90	175	0.988447
90	177	0.980458
90	179	0.935994
90	180	0.981042
91	16	1.08442
91	24	0.848041
91	30	0.914485
91	31	0.999206
91	39	1.11202
91	50	0.971943
91	53	0.924036
91	63	1.01174
91	69	1.00167
91	73	0.977297
91	82	0.96082
91	94	0.983195
91	95	0.989177
91	108	0.995078
91	111	1.06459
91	136	1.02257
91	168	1.19725
91	171	0.969593
91	175	1.25385
91	179	1.56543
92	1	0.941115
92	22	1.01849
92	41	0.980983
92	57	1.02348
92	84	1.10117
92	86	0.957004
92	88	0.948447
92	97	0.981938
92	98	1.06631
92	99	0.991528
92	107	1.01706
92	118	1.03768
92	126	1.04675
92	150	1.14972
92	156	1.13326
92	157	0.987969
92	165	1.04605
92	169	0.989059
92	171	1.03759
92	173	1.37666
93	38	0.994807
93	52	0.838351
93	54	1.02589
93	74	1.03656
93	89	1.00144
93	106	1.01308
93	113	1.06145
93	114	0.970844
93	119	1.03311
93	122	0.997802
93	125	0.976855
93	129	1.01238
93	130	1.00494
93	138	0.977802
93	142	1.0075
93	143	0.968103
93	147	1.14194
93	157	0.987138
93	169	1.30707
93	176	1.26537
94	8	0.901756
94	15	1.1694
94	16	1.05666
94	31	0.971442
94	39	1.08426
94	47	1.04864
94	50	0.944179
94	53	0.896273
94	63	0.983976
94	69	0.973907
94	73	0.949534
94	82	0.933056
94	91	0.983195
94	95	0.961414
94	108	0.967315
94	111	1.03682
94	123	1.00523
94	128	1.10938
94	151	1.49611
94	166	1.33502
94	171	1.01069
95	8	0.907738
95	16	1.06264
95	30	0.892704
95	31	0.977424
95	39	1.09024
95	47	1.05462
95	50	0.950161
95	53	0.902255
95	63	0.989958
95	69	0.979889
95	73	0.955516
95	82	0.939038
95	90	0.89593
95	91	0.989177
95	94	0.961414
95	111	1.0428
95	113	0.915369
95	158	1.50211
95	163	1.51805
95	165	0.990363
95	173	1.32098
96	13	1.41403
96	15	1.00578
96	20	0.860465
96	56	0.762953
96	57	0.897248
96	71	1.04001
96	114	0.842828
96	151	0.972325
96	152	1.05962
96	156	1.06072
96	158	0.95676
96	159	0.971861
96	163	0.96273
96	166	0.984728
96	168	1.00968
96	171	1.08177
96	174	0.989454
96	177	0.988463
96	179	0.943999
96	180	0.989048
97	27	1.0078
97	33	0.969146
97	41	0.959185
97	55	1.0057
97	57	1.00168
97	86	0.935205
97	88	0.926649
97	90	1.00862
97	92	0.981938
97	98	1.04451
97	99	0.96973
97	102	1.00946
97	107	0.995266
97	118	1.01588
97	126	1.02495
97	139	0.912621
97	149	1.31061
97	157	0.966171
97	164	1.22415
97	169	0.96726
97	176	1.23199
98	9	1.00361
98	33	1.05352
98	41	1.04356
98	59	0.993357
98	80	1.17463
98	86	1.01958
98	88	1.01102
98	92	1.06631
98	97	1.04451
98	99	1.0541
98	107	1.07964
98	118	1.10026
98	126	1.10932
98	128	0.859882
98	140	1.16696
98	149	0.977209
98	157	1.05055
98	160	0.971925
98	169	1.05164
98	173	1.10027
98	180	1.04632
99	1	0.928907
99	9	0.928824
99	22	1.00628
99	33	0.978736
99	57	1.01127
99	86	0.944796
99	88	0.936239
99	92	0.991528
99	97	0.96973
99	98	1.0541
99	104	0.826096
99	118	1.02547
99	126	1.03454
99	136	1.09478
99	139	0.922211
99	156	1.13748
99	157	0.975761
99	163	1.57796
99	165	1.05027
99	169	0.976851
99	179	1.63765
100	6	1.03675
100	29	0.782305
100	40	0.963657
100	43	0.935187
100	89	0.9799
100	105	1.28446
100	106	0.991543
100	112	0.971786
100	115	1.01341
100	122	0.976268
100	125	0.95532
100	129	0.990849
100	130	0.98341
100	138	0.956268
100	142	0.98597
100	143	0.946569
100	145	1.32319
100	146	1.13687
100	155	0.987061
100	162	1.29024
100	180	1.31675
101	15	0.979864
101	88	1.09694
101	102	0.932043
101	106	0.834799
101	120	0.794627
101	129	0.844177
101	135	0.913088
101	137	1.02763
101	147	1.02817
101	149	0.992011
101	153	0.98242
101	158	0.93084
101	160	1.01633
101	162	0.983716
101	164	1.00135
101	166	0.958808
101	168	0.983763
101	170	0.954385
101	175	0.970533
101	179	0.91808
101	180	0.963128
102	57	1.051
102	88	0.97597
102	97	1.00946
102	101	0.932043
102	103	1.0561
102	107	1.04459
102	118	1.0652
102	126	1.07427
102	127	0.998199
102	131	1.00492
102	132	1.05699
102	134	1.00353
102	136	1.03861
102	145	1.2772
102	155	1.03695
102	156	1.08131
102	157	1.01549
102	165	0.994095
102	167	0.982351
102	169	1.01658
102	173	0.959123
102	177	1.33536
103	15	1.03598
103	34	1.00929
103	46	1.08403
103	102	1.0561
103	109	1.00763
103	116	1.04968
103	117	1.05166
103	120	1.03361
103	127	0.995518
103	131	1.00224
103	132	1.05431
103	134	1.00085
103	135	0.999159
103	137	1.01817
103	141	1.03874
103	144	0.887303
103	148	1.16848
103	155	1.03427
103	171	0.877265
103	173	0.956442
103	179	1.4731
103	180	1.16239
104	13	1.21901
104	15	1.03281
104	19	0.870578
104	33	0.991114
104	88	0.934818
104	99	0.826096
104	109	0.801552
104	111	0.617175
104	145	1.03166
104	146	1.06727
104	148	1.05022
104	160	1.06927
104	163	0.989752
104	168	1.0367
104	170	1.00733
104	171	1.10879
104	172	0.944509
104	174	1.01648
104	175	1.02347
104	177	1.01549
104	179	0.971021
104	180	1.01607
105	11	0.97707
105	26	0.933016
105	48	0.969562
105	67	0.995334
105	68	0.898358
105	72	0.872097
105	100	1.28446
105	107	1.1879
105	114	1.11636
105	124	0.88737
105	129	1.15061
105	137	0.909444
105	153	0.864231
105	154	0.934514
105	155	1.18572
105	160	0.898138
105	167	0.961123
105	171	0.937657
105	172	0.773378
105	174	0.845345
105	176	0.881907
105	180	0.844939
106	36	0.994426
106	42	0.975094
106	54	1.03689
106	89	1.01244
106	93	1.01308
106	100	0.991543
106	101	0.834799
106	112	1.00432
106	114	0.981848
106	119	1.04411
106	122	1.00881
106	125	0.987859
106	130	1.01595
106	138	0.988806
106	142	1.01851
106	143	0.979107
106	154	0.956162
106	155	1.0196
106	160	1.09912
106	165	0.896851
106	172	1.81862
106	174	1.30426
106	178	1.01715
107	1	0.954443
107	9	0.95436
107	22	1.03181
107	41	0.994311
107	57	1.03681
107	59	0.944108
107	86	0.970332
107	92	1.01706
107	97	0.995266
107	98	1.07964
107	102	1.04459
107	105	1.1879
107	118	1.05101
107	126	1.06007
107	139	0.947747
107	147	0.949015
107	156	1.03073
107	157	1.0013
107	160	1.14579
107	168	1.16272
107	169	1.00239
107	174	1.35093
107	176	1.07245
108	19	1.0126
108	47	1.06052
108	53	0.908156
108	63	0.995859
108	69	0.98579
108	82	0.94494
108	91	0.995078
108	94	0.967315
108	109	0.970522
108	111	1.04871
108	116	1.01257
108	117	1.01455
108	123	0.984227
108	131	0.965128
108	132	1.01719
108	133	1.18593
108	134	0.963737
108	139	1.32576
108	150	1.10181
108	154	1.05746
108	155	0.997158
108	173	0.919331
108	178	1.11844
108	179	1.58553
109	12	1.05137
109	14	1.04326
109	19	1.00393
109	27	1.03162
109	71	0.945862
109	74	0.925846
109	103	1.00763
109	104	0.801552
109	108	0.970522
109	116	1.00389
109	117	1.00587
109	120	0.987818
109	127	0.94973
109	131	0.956451
109	132	1.00852
109	134	0.955061
109	135	0.953371
109	137	1.15817
109	155	0.988481
109	164	1.14682
109	166	1.34159
109	168	1.24493
109	173	0.910654
109	174	1.43313
110	14	0.928578
110	53	1.19659
110	60	0.939634
110	75	1.04982
110	76	1.0424
110	123	1.08322
110	131	0.838296
110	141	0.823946
110	143	0.903913
110	145	0.989189
110	147	1.03864
110	153	0.992888
110	156	1.04527
110	160	1.0268
110	161	0.910752
110	163	0.947278
110	166	0.969276
110	170	0.964853
110	172	0.902035
110	175	0.981001
110	176	1.01056
110	177	0.973012
110	179	0.928548
110	180	0.973596
111	8	0.983146
111	16	1.13805
111	30	0.968112
111	31	1.05283
111	39	1.16565
111	47	1.13003
111	50	1.02557
111	53	0.977663
111	63	1.06537
111	69	1.0553
111	73	1.03092
111	79	0.809026
111	82	1.01445
111	91	1.06459
111	94	1.03682
111	95	1.0428
111	104	0.617175
111	108	1.04871
111	156	0.928562
111	165	0.841349
111	172	1.76312
111	173	1.17196
111	178	0.961645
111	180	1.11802
112	38	0.986054
112	43	0.947969
112	54	1.01713
112	76	0.964735
112	89	0.992682
112	100	0.971786
112	106	1.00432
112	114	0.962091
112	115	1.02619
112	122	0.989049
112	129	1.00363
112	130	0.996191
112	133	1.01629
112	138	0.969049
112	142	0.998751
112	143	0.95935
112	151	1.30546
112	155	0.999843
112	157	0.978385
112	160	1.03078
112	161	1.67261
112	169	0.999138
112	174	1.23591
112	177	1.16976
113	64	0.938195
113	72	1.1002
113	93	1.06145
113	95	0.915369
113	122	0.851849
113	124	0.959795
113	146	1.02436
113	147	1.03821
113	149	1.00205
113	151	0.956444
113	152	1.04374
113	155	0.866338
113	164	1.01138
113	166	0.968846
113	170	0.964423
113	171	1.06588
113	172	0.901606
113	173	0.967688
113	174	0.973573
113	175	0.980571
113	176	1.01013
113	177	0.972582
113	179	0.928118
113	180	0.973166
114	38	0.963577
114	40	0.953961
114	42	0.93286
114	45	1.02277
114	89	0.970205
114	93	0.970844
114	96	0.842828
114	105	1.11636
114	106	0.981848
114	112	0.962091
114	115	1.00371
114	122	0.966572
114	125	0.945625
114	129	0.981154
114	130	0.973714
114	138	0.946572
114	139	1.19959
114	140	1.26928
114	141	0.98184
114	142	0.976274
114	154	0.931283
114	155	0.977366
114	157	0.955908
114	161	1.71608
114	170	1.29431
115	36	1.01629
115	42	0.99696
115	45	1.08687
115	89	1.0343
115	100	1.01341
115	112	1.02619
115	114	1.00371
115	122	1.03067
115	125	1.00972
115	129	1.04525
115	130	1.03781
115	138	1.01067
115	140	1.3114
115	141	1.04594
115	142	1.04037
115	143	1.00097
115	150	1.01777
115	151	1.39106
115	154	0.973411
115	155	1.04147
115	157	1.02001
115	167	0.902356
115	168	1.1333
115	171	0.905641
115	173	1.24472
116	10	1.07381
116	14	1.0853
116	19	1.04597
116	25	0.770837
116	46	1.08029
116	71	0.987912
116	103	1.04968
116	108	1.01257
116	109	1.00389
116	117	1.04792
116	120	1.02987
116	123	0.907329
116	127	0.991779
116	131	0.998501
116	132	1.05057
116	134	0.99711
116	141	1.035
116	147	0.926741
116	148	1.204
116	153	1.16423
116	155	1.03053
116	163	1.44893
116	173	0.952703
116	175	1.19704
116	178	1.04154
117	10	1.07579
117	14	1.08728
117	34	1.00753
117	46	1.08227
117	79	0.910792
117	103	1.05166
117	108	1.01455
117	109	1.00587
117	116	1.04792
117	120	1.03185
117	127	0.993758
117	131	1.00048
117	132	1.05255
117	134	0.999089
117	135	0.997399
117	137	1.07556
117	141	1.03698
117	144	0.944693
117	154	1.00242
117	155	1.03251
117	162	1.19327
117	167	0.93137
117	169	1.11375
117	173	0.954682
117	179	1.53049
118	1	0.975061
118	22	1.05243
118	33	1.02489
118	41	1.01493
118	57	1.05742
118	80	1.03935
118	86	0.990949
118	88	0.982393
118	92	1.03768
118	97	1.01588
118	98	1.10026
118	99	1.02547
118	102	1.0652
118	107	1.05101
118	126	1.08069
118	128	0.724612
118	139	0.968365
118	148	0.917137
118	151	1.11134
118	157	1.02192
118	159	1.07742
118	169	1.023
118	170	1.05672
118	172	1.55615
118	179	1.22176
119	36	1.01446
119	40	1.01623
119	43	0.987756
119	45	1.08503
119	76	1.00452
119	80	1.21401
119	81	0.909455
119	89	1.03247
119	93	1.03311
119	106	1.04411
119	122	1.02884
119	125	1.00789
119	129	1.04342
119	130	1.03598
119	138	1.00884
119	141	1.0441
119	142	1.03854
119	143	0.999138
119	145	1.09215
119	150	0.912707
119	155	1.03963
119	164	0.930136
119	170	1.23137
119	173	1.13965
119	175	1.08483
120	10	1.05774
120	12	1.07734
120	19	1.0299
120	34	0.989473
120	71	0.971835
120	85	1.04217
120	101	0.794627
120	103	1.03361
120	109	0.987818
120	116	1.02987
120	117	1.03185
120	127	0.975703
120	131	0.982424
120	132	1.03449
120	134	0.981033
120	135	0.979343
120	141	1.01893
120	145	1.13979
120	155	1.01445
120	156	0.943891
120	158	1.36842
120	168	1.07588
120	169	1.02731
120	173	0.936627
120	177	1.19794
120	179	1.44406
121	6	0.882587
121	10	0.892876
121	40	1.16248
121	41	0.986133
121	65	0.968235
121	81	1.05808
121	85	0.773353
121	124	1.03229
121	134	1.07496
121	154	1.05179
121	156	1.03388
121	159	0.945026
121	160	1.01541
121	163	0.935894
121	164	1.00043
121	166	0.957892
121	167	1.0784
121	168	0.982847
121	171	1.05493
121	173	0.956734
121	174	0.962619
121	175	0.969617
121	176	0.99918
121	177	0.961628
121	178	1.00619
121	179	0.917164
121	180	0.962212
122	6	1.05401
122	36	0.979151
122	38	0.990536
122	43	0.95245
122	76	0.969217
122	93	0.997802
122	100	0.976268
122	106	1.00881
122	112	0.989049
122	113	0.851849
122	114	0.966572
122	115	1.03067
122	119	1.02884
122	125	0.972583
122	130	1.00067
122	137	1.05929
122	138	0.973531
122	141	1.0088
122	142	1.00323
122	143	0.963832
122	152	0.944925
122	154	0.986154
122	155	1.00432
122	164	1.04794
122	172	1.84861
122	178	1.04714
122	179	1.51422
123	85	0.761936
123	94	1.00523
123	108	0.984227
123	110	1.08322
123	116	0.907329
123	126	0.915357
123	130	1.01437
123	138	0.917059
123	145	0.995633
123	155	0.927415
123	156	1.05171
123	158	0.947752
123	159	0.962854
123	160	1.03324
123	161	0.917196
123	163	0.953722
123	164	1.01826
123	167	1.09622
123	168	1.00068
123	172	0.908479
123	173	0.974562
123	175	0.987445
123	176	1.01701
123	177	0.979456
123	178	1.02401
123	179	0.934992
123	180	0.98004
124	3	1.0505
124	4	0.902151
124	32	0.944781
124	44	1.03803
124	48	1.03747
124	51	1.03487
124	58	0.989735
124	60	0.999355
124	61	0.96508
124	62	0.965619
124	64	0.966148
124	65	0.957191
124	66	0.956893
124	67	1.06325
124	68	0.966271
124	72	0.94001
124	105	0.88737
124	113	0.959795
124	121	1.03229
124	133	0.94365
124	144	1.03637
124	145	1.3179
124	149	1.24235
124	152	1.05287
124	159	1.47782
124	162	1.28495
124	167	1.02904
124	178	0.956826
125	6	1.03306
125	38	0.969588
125	42	0.938871
125	45	1.02878
125	54	1.00067
125	76	0.948269
125	93	0.976855
125	100	0.95532
125	106	0.987859
125	114	0.945625
125	115	1.00972
125	119	1.00789
125	122	0.972583
125	129	0.987164
125	130	0.979725
125	133	1.17741
125	138	0.952583
125	141	0.987851
125	142	0.982285
125	143	0.942884
125	153	1.2326
125	157	0.961919
125	164	1.11071
125	167	0.977872
125	168	1.20882
125	170	1.41195
125	173	1.32023
125	177	1.33088
126	1	0.984125
126	9	0.984042
126	22	1.0615
126	33	1.03395
126	41	1.02399
126	57	1.06649
126	59	0.97379
126	84	0.984402
126	86	1.00001
126	88	0.991457
126	92	1.04675
126	97	1.02495
126	98	1.10932
126	99	1.03454
126	102	1.07427
126	107	1.06007
126	118	1.08069
126	123	0.915357
126	139	0.977429
126	144	0.930854
126	145	1.21238
126	157	1.03098
126	159	1.37231
126	165	0.929275
126	169	1.03207
126	171	0.920816
126	177	1.27054
126	178	1.04957
127	12	1.03925
127	14	1.03114
127	19	0.991811
127	27	1.01951
127	34	0.951386
127	46	1.02612
127	71	0.933748
127	83	1.34413
127	102	0.998199
127	103	0.995518
127	109	0.94973
127	116	0.991779
127	117	0.993758
127	120	0.975703
127	131	0.944337
127	132	0.996402
127	134	0.942946
127	135	0.941256
127	139	1.23441
127	141	0.980841
127	155	0.976367
127	158	1.41854
127	160	1.10907
127	162	1.15695
127	169	1.07743
127	173	0.898539
127	175	1.18259
127	176	1.03573
128	5	1.02745
128	10	0.985606
128	43	1.27612
128	94	1.10938
128	98	0.859882
128	118	0.724612
128	138	1.02121
128	149	1.00415
128	153	0.994558
128	157	1.05705
128	158	0.942978
128	159	0.95808
128	160	1.02847
128	161	0.912422
128	162	0.995854
128	163	0.948948
128	166	0.970946
128	168	0.995901
128	170	0.966523
128	171	1.06798
128	172	0.903705
128	174	0.975673
128	175	0.982671
128	176	1.01223
128	177	0.974682
128	178	1.01924
128	179	0.930218
128	180	0.975266
129	6	1.06859
129	43	0.967032
129	45	1.06431
129	54	1.03619
129	55	0.808879
129	76	0.983798
129	85	1.04662
129	90	0.811795
129	93	1.01238
129	100	0.990849
129	101	0.844177
129	105	1.15061
129	112	1.00363
129	114	0.981154
129	115	1.04525
129	119	1.04342
129	125	0.987164
129	130	1.01525
129	138	0.988112
129	141	1.02338
129	142	1.01781
129	143	0.978413
129	155	1.01891
129	157	0.997448
129	167	0.894485
129	170	1.32856
129	178	1.02652
129	179	1.49361
129	180	1.1829
130	38	0.997678
130	40	0.988062
130	43	0.959592
130	76	0.976359
130	77	1.01799
130	84	1.08342
130	85	1.03918
130	89	1.00431
130	90	0.933858
130	93	1.00494
130	100	0.98341
130	106	1.01595
130	112	0.996191
130	114	0.973714
130	115	1.03781
130	119	1.03598
130	122	1.00067
130	123	1.01437
130	125	0.979725
130	129	1.01525
130	138	0.980673
130	141	1.01594
130	142	1.01037
130	143	0.970974
130	144	1.02987
130	145	1.3114
130	154	1.0876
130	157	0.990009
130	167	1.01655
130	177	1.36955
131	10	1.02637
131	12	1.04597
131	14	1.03786
131	19	0.998532
131	34	0.958107
131	46	1.03284
131	71	0.940469
131	77	0.976392
131	85	1.0108
131	102	1.00492
131	103	1.00224
131	108	0.965128
131	109	0.956451
131	110	0.838296
131	116	0.998501
131	117	1.00048
131	120	0.982424
131	127	0.944337
131	132	1.00312
131	134	0.949667
131	135	0.947977
131	136	1.03121
131	141	0.987562
131	155	0.983088
131	159	1.42973
131	165	0.986695
131	167	0.974952
131	168	1.2059
131	169	1.15733
131	172	1.90846
131	173	0.905261
132	10	1.07844
132	12	1.09804
132	19	1.0506
132	25	0.741292
132	34	1.01017
132	46	1.08491
132	71	0.992535
132	77	0.881397
132	83	1.32903
132	85	1.06287
132	102	1.05699
132	103	1.05431
132	108	1.01719
132	109	1.00852
132	116	1.05057
132	117	1.05255
132	120	1.03449
132	127	0.996402
132	131	1.00312
132	134	1.00173
132	135	1.00004
132	140	1.28901
132	141	1.03963
132	150	0.995369
132	155	1.03515
132	160	1.09397
132	165	0.891701
132	169	1.06233
132	173	0.957326
132	176	1.02063
132	180	1.16837
133	2	0.926024
133	3	1.03887
133	6	1.07288
133	13	0.891979
133	26	0.989297
133	32	1.21766
133	48	1.02584
133	65	0.945559
133	66	0.945261
133	67	1.05162
133	68	0.954639
133	72	0.928378
133	108	1.18593
133	112	1.01629
133	124	0.94365
133	125	1.17741
133	143	1.2401
133	146	0.952417
133	152	0.971791
133	155	1.12912
133	159	0.884033
133	160	0.954419
133	163	0.874901
133	167	1.0174
133	168	0.921854
133	169	0.9532
133	172	0.829659
133	176	0.938188
133	177	0.900635
133	179	0.856171
133	180	0.901219
134	10	1.02498
134	12	1.04458
134	14	1.03647
134	19	0.997141
134	27	1.02484
134	34	0.956716
134	46	1.03145
134	52	0.779374
134	71	0.939078
134	85	1.00941
134	102	1.00353
134	103	1.00085
134	108	0.963737
134	109	0.955061
134	116	0.99711
134	117	0.999089
134	120	0.981033
134	121	1.07496
134	127	0.942946
134	131	0.949667
134	132	1.00173
134	135	0.946586
134	146	1.17425
134	153	1.32045
134	155	0.981697
134	160	1.27974
134	171	1.069
134	173	0.90387
134	175	1.35326
134	176	1.2064
134	178	1.19776
135	2	1.02373
135	5	1.03357
135	7	1.03
135	20	1.00123
135	35	0.930865
135	37	1.28413
135	49	1.01229
135	56	0.989801
135	59	0.90136
135	70	0.942336
135	71	0.937388
135	78	1.0156
135	87	0.910028
135	101	0.913088
135	103	0.999159
135	109	0.953371
135	117	0.997399
135	120	0.979343
135	127	0.941256
135	131	0.947977
135	132	1.00004
135	134	0.946586
135	136	1.01965
135	146	1.07193
135	155	0.980007
135	158	1.48688
135	163	1.50283
135	164	1.09624
135	165	1.01253
135	173	0.90218
135	176	1.10407
135	177	1.3164
136	2	0.782748
136	56	0.836611
136	59	1.17107
136	84	1.04053
136	85	0.820367
136	91	1.02257
136	99	1.09478
136	102	1.03861
136	131	1.03121
136	135	1.01965
136	137	1.04922
136	142	0.902178
136	145	1.00031
136	146	1.03592
136	150	1.0572
136	154	1.07429
136	156	1.05639
136	158	0.95243
136	159	0.967532
136	161	0.921874
136	162	1.00531
136	164	1.02294
136	166	0.980398
136	168	1.00535
136	170	0.975975
136	171	1.07744
136	172	0.913157
136	173	0.979239
136	176	1.02169
136	177	0.984134
136	178	1.02869
136	179	0.93967
136	180	0.984718
137	48	1.07893
137	50	1.21909
137	67	0.885094
137	69	1.12672
137	83	0.92885
137	90	1.04555
137	101	1.02763
137	103	1.01817
137	105	0.909444
137	109	1.15817
137	117	1.07556
137	122	1.05929
137	136	1.04922
137	141	1.10479
137	144	1.04335
137	147	0.999966
137	149	0.963809
137	150	1.00741
137	152	1.0055
137	158	0.902638
137	159	0.91774
137	160	0.988126
137	161	0.872082
137	164	0.973145
137	166	0.930606
137	169	0.986907
137	170	0.926183
137	174	0.935333
137	175	0.942331
137	176	0.971894
137	177	0.934342
137	179	0.889878
137	180	0.934926
138	6	1.03401
138	27	0.83572
138	36	0.959151
138	37	1.23997
138	40	0.96092
138	42	0.939819
138	45	1.02972
138	54	1.00161
138	76	0.949217
138	85	1.01204
138	89	0.977163
138	93	0.977802
138	100	0.956268
138	106	0.988806
138	112	0.969049
138	114	0.946572
138	115	1.01067
138	119	1.00884
138	122	0.973531
138	123	0.917059
138	125	0.952583
138	128	1.02121
138	129	0.988112
138	130	0.980673
138	141	0.988799
138	142	0.983233
138	143	0.943832
138	148	1.21373
138	153	1.17396
138	155	0.984324
138	157	0.962867
138	162	1.18113
138	175	1.20677
138	179	1.51836
138	180	1.20764
139	1	0.871799
139	9	0.871716
139	22	0.949169
139	30	1.49437
139	33	0.921628
139	43	1.51351
139	45	1.23176
139	59	0.861464
139	62	1.37084
139	83	0.861685
139	86	0.887687
139	97	0.912621
139	99	0.922211
139	107	0.947747
139	108	1.32576
139	114	1.19959
139	118	0.968365
139	126	0.977429
139	127	1.23441
139	154	0.957337
139	155	1.26895
139	156	0.939433
139	157	0.918653
139	158	0.835474
