1	25	0.691723
1	41	0.745963
1	45	0.666572
1	49	0.73125
1	51	0.721122
1	57	0.726029
1	107	0.718998
1	119	0.72962
1	141	0.742503
1	144	2.16789
1	167	5.02338
1	168	0.726132
2	8	0.967778
2	48	0.784496
2	57	1.38182
2	147	0.766669
2	151	0.744744
2	166	0.686475
2	174	0.703064
2	175	0.706051
2	176	0.707064
2	178	0.708033
2	179	0.693267
2	180	0.700202
3	22	0.696145
3	42	0.756373
3	61	0.658299
3	72	0.755293
3	76	0.759175
3	79	0.69758
3	92	0.764504
3	96	0.748112
3	149	0.722375
3	154	1.93915
3	160	0.642131
3	177	5.36844
4	63	0.671452
4	78	0.706337
4	85	0.726157
4	97	0.703837
4	102	0.731024
4	103	1.79611
4	104	0.729266
4	106	0.722035
4	110	0.721422
4	113	0.749851
4	147	5.3693
4	153	0.738541
5	28	0.684824
5	77	0.700629
5	85	0.72569
5	87	0.723988
5	93	0.703606
5	102	0.730556
5	106	0.721568
5	108	2.19647
5	110	0.720955
5	113	0.749384
5	141	0.738666
5	162	4.88641
6	48	1.91904
6	55	0.791898
6	61	0.740879
6	72	0.837873
6	76	0.841756
6	79	0.78016
6	92	0.847084
6	96	0.830692
6	126	2.63777
6	149	0.804955
6	160	0.724711
6	179	4.34175
7	10	2.39683
7	36	0.831487
7	89	5.13153
7	99	0.789047
7	108	1.39
7	114	0.833284
7	117	0.789282
7	124	0.807731
7	127	0.800202
7	133	0.81847
7	139	0.804151
7	177	0.726234
8	2	0.967778
8	34	0.920513
8	50	1.56488
8	70	0.934596
8	73	0.913411
8	81	0.923506
8	84	0.890857
8	90	0.881782
8	105	0.893618
8	116	1.29991
8	163	4.54255
8	172	0.841667
9	55	0.82349
9	61	0.772472
9	66	0.904951
9	69	0.774383
9	71	3.01533
9	72	0.869466
9	96	0.862285
9	112	2.15336
9	149	0.836548
9	157	2.6391
9	160	0.756304
10	7	2.39683
10	104	0.940571
10	142	0.799823
10	161	0.703254
10	167	0.732816
10	173	0.732462
10	174	0.706969
10	176	0.710969
10	177	0.700556
10	178	0.711938
10	179	0.697172
10	180	0.704107
11	18	0.666233
11	23	0.684171
11	32	0.766203
11	40	0.656979
11	43	0.734635
11	52	0.738781
11	65	0.774399
11	109	3.10785
11	119	0.730315
11	123	0.707904
11	138	3.99935
11	140	0.741462
12	30	0.85004
12	41	0.824316
12	45	0.744925
12	51	0.799476
12	57	0.804382
12	89	0.743497
12	98	3.31317
12	103	1.67468
12	119	0.807973
12	141	0.820856
12	143	2.93825
12	168	0.804485
13	75	2.13459
13	114	0.753429
13	115	4.93246
13	118	0.738325
13	121	0.728302
13	122	0.734191
13	127	0.720348
13	133	0.738615
13	139	0.724296
13	140	0.747477
13	163	0.668484
13	177	0.646379
14	18	0.881012
14	27	0.876838
14	40	0.871758
14	43	0.796303
14	52	0.653464
14	65	0.897325
14	119	0.644998
14	123	0.922683
14	128	1.81526
14	140	0.656145
14	159	4.13677
14	180	2.92705
15	60	0.706067
15	63	0.661113
15	77	0.690758
15	78	0.695998
15	85	0.715818
15	102	0.720685
15	104	0.718927
15	106	0.711697
15	110	0.711084
15	113	0.739513
15	125	4.11431
15	153	0.728203
15	158	3.59733
16	24	0.748536
16	56	0.799131
16	67	0.829573
16	81	0.813592
16	84	0.780943
16	90	0.771868
16	98	1.98316
16	101	0.74853
16	105	0.783704
16	121	0.792348
16	128	5.31739
16	158	2.51074
16	172	0.731753
17	77	0.757063
17	93	0.760041
17	97	0.759803
17	102	0.78699
17	103	1.79364
17	104	0.785232
17	106	0.778002
17	110	0.777389
17	113	0.805818
17	130	4.27626
17	138	2.57619
17	141	0.7951
17	153	0.794508
18	11	0.666233
18	14	0.881012
18	23	0.650757
18	27	0.720496
18	32	0.732789
18	40	0.623565
18	52	0.705366
18	65	0.740984
18	68	6.4
18	119	0.696901
18	123	0.674489
18	140	0.708047
18	143	1.41427
19	28	0.672718
19	78	0.693764
19	85	0.713584
19	87	0.711883
19	91	1.81545
19	97	0.691264
19	102	0.718451
19	104	0.716693
19	106	0.709462
19	110	0.708849
19	113	0.737278
19	126	5.9642
19	153	0.725968
20	38	0.593361
20	54	0.629781
20	63	0.581055
20	78	0.615941
20	110	0.631026
20	113	0.659455
20	128	0.583339
20	152	0.627304
20	153	0.648145
20	171	0.568523
20	175	0.555303
20	178	0.557285
20	180	0.549453
21	120	0.549731
21	147	0.645049
21	152	0.656433
21	155	0.614191
21	162	0.643647
21	164	0.603015
21	174	0.581444
21	175	0.584431
21	176	0.585444
21	178	0.586413
21	179	0.571647
21	180	0.578582
22	3	0.696145
22	61	0.637651
22	66	0.77013
22	72	0.734645
22	76	0.738528
22	79	0.676933
22	92	0.743857
22	94	0.751373
22	96	0.727465
22	147	3.76586
22	149	0.701727
22	160	0.621483
22	173	3.90436
23	11	0.684171
23	18	0.650757
23	27	0.738435
23	32	0.750727
23	40	0.641503
23	43	0.719159
23	52	0.723305
23	65	0.758922
23	119	0.714839
23	123	0.692428
23	140	0.725986
23	151	3.0132
23	171	4.74472
24	16	0.748536
24	33	0.748077
24	39	2.89745
24	59	0.717066
24	70	0.733448
24	73	0.712264
24	81	0.722359
24	82	0.717537
24	90	0.680635
24	93	0.686967
24	105	0.692471
24	156	4.48728
24	172	0.64052
25	1	0.691723
25	41	0.73943
25	45	0.66004
25	49	0.724718
25	51	0.71459
25	57	0.719497
25	89	0.658611
25	100	2.49836
25	107	0.712466
25	119	0.723087
25	141	0.735971
25	164	5.15085
25	168	0.7196
26	55	0.769135
26	61	0.718117
26	76	0.818993
26	79	0.757398
26	89	3.26847
26	92	0.824322
26	94	0.831838
26	96	0.80793
26	107	0.788084
26	149	0.782193
26	160	0.701949
26	169	3.62656
26	171	2.43353
27	14	0.876838
27	18	0.720496
27	23	0.738435
27	40	0.711243
27	43	0.788898
27	52	0.793045
27	65	0.828662
27	119	0.784579
27	123	0.762167
27	130	3.459
27	132	2.82621
27	140	0.795725
27	143	2.23995
28	5	0.684824
28	19	0.672718
28	60	0.710179
28	77	0.69487
28	78	0.700111
28	97	0.697611
28	102	0.724798
28	104	0.72304
28	110	0.715197
28	113	0.743625
28	125	2.21056
28	141	0.732908
28	180	5.61203
29	46	1.57568
29	95	0.79945
29	114	0.831184
29	117	0.787182
29	118	0.816079
29	124	0.805631
29	131	0.817799
29	133	0.81637
29	139	0.802051
29	152	2.75265
29	170	4.55645
29	177	0.724133
30	12	0.85004
30	45	0.740004
30	49	0.804682
30	51	0.794554
30	57	0.799461
30	107	0.792429
30	108	1.32472
30	119	0.803051
30	141	0.815934
30	147	1.8833
30	168	0.799564
30	174	5.31906
31	95	0.707647
31	99	0.695144
31	114	0.739381
31	118	0.724277
31	122	0.720143
31	124	0.713829
31	127	0.7063
31	131	0.725997
31	133	0.724567
31	139	0.710248
31	145	2.29116
31	176	5.42184
31	177	0.632331
32	11	0.766203
32	18	0.732789
32	23	0.750727
32	40	0.723535
32	43	0.801191
32	52	0.805337
32	54	3.00294
32	65	0.840955
32	119	0.796872
32	123	0.77446
32	140	0.808018
32	146	3.45145
32	162	2.28938
33	24	0.748077
33	53	0.788506
33	70	0.824222
33	73	0.803038
33	84	0.780484
33	90	0.771408
33	93	0.77774
33	105	0.783245
33	121	0.791888
33	129	2.12049
33	156	2.51327
33	158	4.07946
33	172	0.731293
34	8	0.920513
34	53	0.759796
34	56	0.769961
34	67	0.800403
34	70	0.795512
34	73	0.774327
34	82	0.7796
34	90	0.742698
34	105	0.754535
34	148	4.17783
34	152	1.64763
34	172	0.702583
34	178	3.31487
35	75	2.16062
35	95	0.710728
35	114	0.742462
35	117	0.69846
35	122	0.723224
35	124	0.716909
35	131	0.729077
35	135	0.735192
35	137	5.29251
35	139	0.713329
35	153	0.737654
35	163	0.657517
35	177	0.635411
36	7	0.831487
36	86	1.33055
36	117	0.749382
36	124	0.767831
36	127	0.760302
36	131	0.779999
36	133	0.77857
36	139	0.764251
36	140	0.787432
36	146	3.49522
36	149	0.759772
36	151	0.734427
36	167	4.43651
36	177	0.686334
37	60	0.694717
37	63	0.649763
37	77	0.679408
37	97	0.682149
37	102	0.709336
37	104	0.707577
37	106	0.700347
37	110	0.699734
37	113	0.728163
37	135	0.714391
37	141	0.717445
37	153	0.716853
37	154	1.93277
37	161	6.11288
38	20	0.593361
38	42	4.55846
38	146	0.671301
38	159	0.642288
38	165	0.699832
38	167	0.660799
38	170	0.663073
38	173	0.660445
38	174	0.634952
38	175	0.637939
38	176	0.638952
38	178	0.639921
38	179	0.625155
38	180	0.63209
39	24	2.89745
39	61	1.55411
39	129	0.774127
39	150	0.714325
39	154	0.747115
39	156	0.729585
39	157	0.722485
39	173	0.695151
39	174	0.669659
39	175	0.672645
39	176	0.673659
39	178	0.674627
39	179	0.659861
39	180	0.666796
40	11	0.656979
40	14	0.871758
40	18	0.623565
40	23	0.641503
40	27	0.711243
40	32	0.723535
40	43	0.691967
40	52	0.696113
40	65	0.73173
40	119	0.687647
40	123	0.665236
40	140	0.698794
40	155	3.79191
40	163	4.2176
41	1	0.745963
41	12	0.824316
41	25	0.73943
41	45	0.714279
41	48	3.68096
41	49	0.778957
41	51	0.768829
41	57	0.773736
41	86	1.45141
41	89	0.712851
41	119	0.777327
41	141	0.79021
41	168	0.773839
41	178	4.59085
42	3	0.756373
42	38	4.55846
42	61	0.697879
42	72	0.794873
42	76	0.798756
42	79	0.737161
42	92	0.804085
42	94	0.811601
42	96	0.787693
42	107	0.767847
42	149	0.761955
42	152	2.01333
42	156	1.29493
42	160	0.681711
43	11	0.734635
43	14	0.796303
43	23	0.719159
43	27	0.788898
43	32	0.801191
43	40	0.691967
43	52	0.773769
43	65	0.809386
43	119	0.765303
43	123	0.742892
43	140	0.776449
43	163	2.0027
43	172	2.86236
43	174	4.47932
44	55	0.976422
44	82	0.277607
44	89	0.765231
44	122	0.460047
44	132	0.846625
44	155	0.778915
44	161	0.742453
44	170	0.774289
44	171	0.762375
44	175	0.749155
44	176	0.750168
44	178	0.751137
44	179	0.736371
44	180	0.743306
45	1	0.666572
45	12	0.744925
45	25	0.66004
45	30	0.740004
45	41	0.714279
45	49	0.699567
45	51	0.689439
45	57	0.694345
45	107	0.687314
45	119	0.697936
45	141	0.710819
45	168	0.694449
45	170	3.45777
45	176	4.64858
46	29	1.57568
46	79	1.69777
46	86	0.874578
46	141	0.0611812
46	148	0.75245
46	156	0.802289
46	157	0.79519
46	161	0.738648
46	166	0.725774
46	175	0.74535
46	176	0.746363
46	178	0.747332
46	179	0.732566
46	180	0.739501
47	70	0.956038
47	116	0.83244
47	131	1.02037
47	142	0.828387
47	147	0.799137
47	149	1.86555
47	169	0.741441
47	170	0.763653
47	173	0.761025
47	174	0.735532
47	176	0.739532
47	178	0.740501
47	179	0.725735
47	180	0.73267
48	2	0.784496
48	6	1.91904
48	41	3.68096
48	128	0.706362
48	148	0.685426
48	155	0.708086
48	157	0.728165
48	158	0.728807
48	159	0.682675
48	175	0.678326
48	176	0.679339
48	178	0.680308
48	179	0.665541
48	180	0.672476
49	1	0.73125
49	25	0.724718
49	30	0.804682
49	41	0.778957
49	45	0.699567
49	51	0.754117
49	57	0.759023
49	89	0.698138
49	107	0.751992
49	119	0.762614
49	141	0.775497
49	160	5.05557
49	167	2.07124
49	168	0.759126
49	176	2.6237
50	8	1.56488
50	66	0.948154
50	78	1.06869
50	116	0.818368
50	144	0.794864
50	156	0.781386
50	158	0.774929
50	169	0.727369
50	170	0.749581
50	173	0.746953
50	175	0.724447
50	176	0.72546
50	178	0.726429
50	179	0.711663
50	180	0.718598
51	1	0.721122
51	12	0.799476
51	25	0.71459
51	30	0.794554
51	41	0.768829
51	45	0.689439
51	49	0.754117
51	57	0.748896
51	107	0.741864
51	119	0.752486
51	141	0.76537
51	154	2.30393
51	162	2.14159
51	168	0.748999
51	171	5.13361
52	11	0.738781
52	14	0.653464
52	18	0.705366
52	23	0.723305
52	27	0.793045
52	32	0.805337
52	40	0.696113
52	43	0.773769
52	65	0.813532
52	119	0.769449
52	123	0.747038
52	132	1.64211
52	140	0.780595
52	145	1.99167
52	177	6.05816
53	33	0.788506
53	34	0.759796
53	56	0.748327
53	59	0.757496
53	67	0.77877
53	82	0.757967
53	84	0.73014
53	90	0.721064
53	105	0.732901
53	108	0.802443
53	112	2.9253
53	121	0.741544
53	123	3.04417
53	134	3.50887
53	172	0.680949
54	20	0.629781
54	32	3.00294
54	130	0.728092
54	138	0.791379
54	141	1.73138
54	144	0.744775
54	157	0.724198
54	166	0.654783
54	170	0.699492
54	174	0.671372
54	175	0.674358
54	176	0.675371
54	178	0.67634
54	179	0.661574
54	180	0.668509
55	6	0.791898
55	9	0.82349
55	26	0.769135
55	44	0.976422
55	66	0.783303
55	72	0.747818
55	76	0.751701
55	92	0.757029
55	94	0.764545
55	96	0.740637
55	107	0.720791
55	142	2.27494
55	149	0.7149
55	160	0.634656
55	176	5.26419
56	16	0.799131
56	34	0.769961
56	53	0.748327
56	70	0.784043
56	73	0.762859
56	81	0.772954
56	90	0.731229
56	93	0.737562
56	101	0.707891
56	105	0.743066
56	121	0.751709
56	128	5.66735
56	157	1.5665
56	162	2.35169
56	172	0.691115
57	1	0.726029
57	2	1.38182
57	12	0.804382
57	25	0.719497
57	30	0.799461
57	41	0.773736
57	45	0.694345
57	49	0.759023
57	51	0.748896
57	89	0.692917
57	119	0.757393
57	141	0.770276
57	142	2.76508
57	151	4.359
57	168	0.753905
58	90	1.00973
58	131	0.545516
58	135	0.76263
58	154	0.803973
58	158	0.779985
58	159	0.733853
58	165	0.791396
58	167	0.752363
58	170	0.754637
58	173	0.752009
58	175	0.729503
58	176	0.730516
58	178	0.731485
58	179	0.716719
58	180	0.723654
59	24	0.717066
59	53	0.757496
59	67	0.798103
59	70	0.793212
59	73	0.772027
59	82	0.7773
59	84	0.749473
59	98	1.13866
59	105	0.752235
59	108	0.821777
59	121	0.760878
59	145	1.69956
59	169	6.35946
59	172	0.700283
60	15	0.706067
60	28	0.710179
60	37	0.694717
60	77	0.725985
60	78	0.731225
60	97	0.728725
60	102	0.755912
60	104	0.754154
60	106	0.746924
60	109	2.02522
60	110	0.746311
60	113	0.77474
60	132	3.98401
60	135	0.760968
60	141	0.764022
60	156	3.75124
61	3	0.658299
61	6	0.740879
61	9	0.772472
61	22	0.637651
61	26	0.718117
61	39	1.55411
61	42	0.697879
61	66	0.732284
61	69	0.601717
61	72	0.6968
61	76	0.700682
61	92	0.706011
61	96	0.689619
61	149	0.663881
61	160	0.583637
61	163	6.0592
62	95	0.743809
62	99	0.731306
62	109	2.01212
62	114	0.775543
62	117	0.731541
62	122	0.756305
62	127	0.742462
62	131	0.762159
62	139	0.74641
62	140	0.769591
62	143	0.765092
62	151	0.716586
62	156	3.73813
62	157	4.01012
62	163	0.690598
62	177	0.668493
63	4	0.671452
63	15	0.661113
63	20	0.581055
63	37	0.649763
63	77	0.681031
63	93	0.684008
63	97	0.683771
63	102	0.710958
63	103	2.21125
63	104	0.7092
63	106	0.70197
63	110	0.701357
63	113	0.729786
63	135	0.716014
63	153	0.718476
63	164	6.50407
64	96	0.0442279
64	101	0.804283
64	103	0.893392
64	118	0.554052
64	122	0.0893549
64	149	0.784749
64	158	0.82606
64	162	0.834794
64	165	0.837471
64	166	0.756003
64	171	0.788799
64	174	0.772592
64	176	0.776592
64	178	0.777561
64	179	0.762794
64	180	0.769729
65	11	0.774399
65	14	0.897325
65	18	0.740984
65	23	0.758922
65	27	0.828662
65	32	0.840955
65	40	0.73173
65	43	0.809386
65	52	0.813532
65	119	0.805067
65	123	0.782655
65	132	1.61257
65	140	0.816213
65	145	1.96213
65	157	1.65179
65	177	6.02862
66	9	0.904951
66	22	0.77013
66	50	0.948154
66	55	0.783303
66	61	0.732284
66	72	0.829278
66	76	0.833161
66	79	0.771566
66	92	0.83849
66	96	0.822098
66	107	0.802252
66	149	0.79636
66	155	3.50013
66	160	0.716116
66	164	3.68632
66	165	1.86403
67	16	0.829573
67	34	0.800403
67	53	0.77877
67	59	0.798103
67	81	0.803396
67	82	0.798574
67	84	0.770747
67	90	0.761672
67	101	0.738334
67	105	0.773508
67	108	0.843051
67	121	0.782152
67	125	3.26086
67	132	1.41047
67	144	1.48275
67	172	0.721557
67	175	5.50248
68	18	6.4
68	89	0.640681
68	156	0.681545
68	158	0.675087
68	159	0.628955
68	160	0.6084
68	162	0.683821
68	164	0.64319
68	165	0.686498
68	166	0.60503
68	169	0.627527
68	172	0.636534
68	176	0.625619
68	178	0.626588
68	179	0.611822
68	180	0.618756
69	9	0.774383
69	61	0.601717
69	79	0.640998
69	92	0.707922
69	96	0.69153
69	104	5.3374
69	120	0.567053
69	137	0.650269
69	149	0.665792
69	156	0.658693
69	159	0.606103
69	160	0.585548
69	165	0.663647
69	174	0.598767
69	176	0.602767
69	179	0.58897
69	180	0.595905
70	8	0.934596
70	24	0.733448
70	33	0.824222
70	34	0.795512
70	47	0.956038
70	56	0.784043
70	59	0.793212
70	73	0.788409
70	82	0.793682
70	90	0.75678
70	101	0.733442
70	105	0.768617
70	121	0.77726
70	159	6.80822
70	168	1.23568
70	170	2.63606
70	172	0.716665
71	9	3.01533
71	86	0.779182
71	126	0.682139
71	127	2.61705
71	142	0.739822
71	148	0.657054
71	150	0.691634
71	157	0.699794
71	162	0.70917
71	164	0.668539
71	169	0.652876
71	171	0.663174
71	173	0.67246
71	176	0.650967
71	178	0.651936
71	179	0.63717
71	180	0.644105
72	3	0.755293
72	6	0.837873
72	9	0.869466
72	22	0.734645
72	42	0.794873
72	55	0.747818
72	61	0.6968
72	66	0.829278
72	79	0.736081
72	92	0.803005
72	96	0.786613
72	107	0.766767
72	123	1.34882
72	136	1.93762
72	149	0.760875
72	155	2.11413
72	160	0.680631
72	166	6.6229
73	8	0.913411
73	24	0.712264
73	33	0.803038
73	34	0.774327
73	56	0.762859
73	59	0.772027
73	70	0.788409
73	81	0.77732
73	84	0.744671
73	90	0.735595
73	105	0.747432
73	108	0.816975
73	121	0.756076
73	129	1.22535
73	142	1.38645
73	148	5.99731
73	163	3.57795
73	172	0.695481
74	101	0.729591
74	107	1.44905
74	111	0.752054
74	121	1.08199
74	129	0.802368
74	135	1.11307
74	150	0.742566
74	164	0.719471
74	169	0.703808
74	170	0.72602
74	171	0.714107
74	173	0.723392
74	174	0.6979
74	175	0.700886
74	176	0.701899
74	178	0.702868
74	179	0.688102
74	180	0.695037
75	13	2.13459
75	35	2.16062
75	90	0.0670925
75	103	0.874039
75	136	0.804847
75	149	0.4703
75	155	0.785986
75	159	0.760575
75	166	0.73665
75	169	0.759148
75	170	0.78136
75	173	0.778732
75	174	0.753239
75	175	0.756226
75	176	0.757239
75	178	0.758208
75	179	0.743442
75	180	0.750377
76	3	0.759175
76	6	0.841756
76	22	0.738528
76	26	0.818993
76	42	0.798756
76	55	0.751701
76	61	0.700682
76	66	0.833161
76	79	0.739963
76	88	1.73528
76	92	0.806887
76	96	0.790495
76	107	0.770649
76	149	0.764758
76	160	0.684514
76	169	3.81887
76	178	3.04831
76	180	4.06128
77	5	0.700629
77	15	0.690758
77	17	0.757063
77	28	0.69487
77	37	0.679408
77	60	0.725985
77	63	0.681031
77	78	0.715916
77	85	0.735736
77	97	0.713416
77	100	3.39655
77	106	0.731614
77	110	0.731002
77	123	3.27841
77	135	0.745659
77	141	0.748713
77	152	4.09168
77	153	0.74812
78	4	0.706337
78	15	0.695998
78	19	0.693764
78	20	0.615941
78	28	0.700111
78	50	1.06869
78	60	0.731225
78	77	0.715916
78	85	0.740977
78	97	0.718656
78	102	0.745844
78	104	0.744085
78	106	0.736855
78	110	0.736242
78	113	0.764671
78	125	3.21426
78	153	0.753361
78	175	5.45588
79	3	0.69758
79	6	0.78016
79	22	0.676933
79	26	0.757398
79	42	0.737161
79	46	1.69777
79	66	0.771566
79	69	0.640998
79	72	0.736081
79	76	0.739963
79	92	0.745292
79	94	0.752808
79	96	0.7289
79	107	0.709054
79	137	4.34135
79	143	3.34837
79	149	0.703163
79	160	0.622919
80	81	2.24102
80	83	2.71716
80	103	0.77078
80	112	0.722898
80	132	0.750437
80	148	0.660067
80	156	0.709906
80	166	0.633391
80	167	0.675827
80	169	0.655889
80	170	0.678101
80	174	0.64998
80	175	0.652967
80	176	0.65398
80	177	0.643567
80	178	0.654949
80	179	0.640183
80	180	0.647118
81	8	0.923506
81	16	0.813592
81	24	0.722359
81	56	0.772954
81	67	0.803396
81	73	0.77732
81	80	2.24102
81	82	0.782593
81	84	0.754766
81	90	0.745691
81	93	0.752023
81	101	0.722353
81	105	0.757528
81	121	0.766171
81	130	3.16881
81	134	2.67306
81	144	2.60829
81	172	0.705576
82	24	0.717537
82	34	0.7796
82	44	0.277607
82	53	0.757967
82	59	0.7773
82	67	0.798574
82	70	0.793682
82	81	0.782593
82	84	0.749944
82	90	0.740868
82	93	0.747201
82	101	0.717531
82	105	0.752705
82	108	0.822248
82	121	0.761349
82	126	3.79804
82	171	3.56674
82	172	0.700754
82	178	3.9892
83	80	2.71716
83	95	0.715193
83	117	0.702925
83	118	0.731823
83	121	0.7218
83	122	0.727689
83	124	0.721375
83	127	0.713846
83	129	2.38661
83	131	0.733543
83	133	0.732113
83	139	0.717794
83	143	0.736476
83	149	0.713315
83	151	0.68797
83	153	0.742119
83	163	0.661982
83	173	4.87401
83	177	0.639877
84	8	0.890857
84	16	0.780943
84	33	0.780484
84	53	0.73014
84	59	0.749473
84	67	0.770747
84	73	0.744671
84	81	0.754766
84	82	0.749944
84	90	0.713042
84	93	0.719374
84	101	0.689704
84	105	0.724878
84	108	0.794421
84	111	2.76264
84	121	0.733522
84	130	1.49593
84	169	4.86265
84	172	0.672927
84	175	3.9452
85	4	0.726157
85	5	0.72569
85	15	0.715818
85	19	0.713584
85	77	0.735736
85	78	0.740977
85	87	0.759096
85	97	0.738477
85	101	2.80814
85	102	0.765664
85	104	0.763906
85	106	0.756675
85	110	0.756062
85	113	0.784491
85	135	0.770719
85	141	0.773773
85	147	1.95859
85	153	0.773181
85	162	2.06196
85	166	7.0008
86	36	1.33055
86	41	1.45141
86	46	0.874578
86	71	0.779182
86	99	2.46765
86	126	0.761293
86	153	0.392293
86	157	0.778947
86	158	0.779589
86	160	0.712902
86	169	0.732029
86	170	0.754241
86	173	0.751613
86	174	0.726121
86	175	0.729108
86	176	0.730121
86	177	0.719708
86	178	0.73109
86	179	0.716324
86	180	0.723258
87	5	0.723988
87	19	0.711883
87	85	0.759096
87	104	0.762204
87	106	0.754974
87	110	0.754361
87	111	2.67999
87	113	0.78279
87	114	0.776288
87	118	0.761183
87	122	0.75705
87	127	0.743206
87	131	0.762903
87	133	0.761474
87	139	0.747155
87	141	0.772072
87	142	1.58733
87	172	3.31269
87	177	0.669237
87	179	5.52226
88	76	1.73528
88	123	0.734573
88	131	0.969299
88	136	0.725054
88	139	2.7776
88	142	0.766301
88	144	0.74685
88	147	0.737051
88	151	0.715126
88	156	0.733372
88	161	0.669731
88	165	0.738326
88	166	0.656858
88	167	0.699293
88	172	0.688361
88	173	0.698939
88	176	0.677446
88	178	0.678415
88	179	0.663649
88	180	0.670584
89	7	5.13153
89	12	0.743497
89	25	0.658611
89	26	3.26847
89	41	0.712851
89	44	0.765231
89	49	0.698138
89	57	0.692917
89	68	0.640681
89	107	0.685886
89	141	0.709391
89	146	0.649317
89	164	0.63454
89	167	0.638815
89	168	0.69302
89	174	0.612969
89	175	0.615956
89	176	0.616969
89	178	0.617938
89	179	0.603172
89	180	0.610107
90	8	0.881782
90	16	0.771868
90	24	0.680635
90	33	0.771408
90	34	0.742698
90	53	0.721064
90	56	0.731229
90	58	1.00973
90	67	0.761672
90	70	0.75678
90	73	0.735595
90	75	0.0670925
90	81	0.745691
90	82	0.740868
90	84	0.713042
90	101	0.680628
90	105	0.715803
90	108	0.785345
90	161	7.0247
90	168	2.74687
90	172	0.663851
91	19	1.81545
91	118	1.99956
91	124	2.16262
91	150	0.725626
91	154	0.758417
91	157	0.733786
91	159	0.688296
91	163	0.696652
91	164	0.702531
91	165	0.74584
91	166	0.664371
91	169	0.686869
91	170	0.709081
91	171	0.697167
91	173	0.706452
91	174	0.68096
91	175	0.683947
91	176	0.68496
91	178	0.685929
91	179	0.671163
91	180	0.678098
92	3	0.764504
92	6	0.847084
92	22	0.743857
92	26	0.824322
92	42	0.804085
92	55	0.757029
92	61	0.706011
92	66	0.83849
92	69	0.707922
92	72	0.803005
92	76	0.806887
92	79	0.745292
92	94	0.819732
92	96	0.795824
92	107	0.775978
92	111	4.95737
92	116	1.48777
92	149	0.770086
92	150	3.57893
92	156	1.81514
92	160	0.689843
92	168	2.93696
93	5	0.703606
93	17	0.760041
93	24	0.686967
93	33	0.77774
93	56	0.737562
93	63	0.684008
93	81	0.752023
93	82	0.747201
93	84	0.719374
93	97	0.716393
93	102	0.743581
93	104	0.741822
93	105	0.722135
93	106	0.734592
93	108	0.791678
93	113	0.762408
93	134	1.77263
93	135	0.748636
93	154	2.62234
93	168	2.52463
93	172	0.670184
93	180	6.88744
94	22	0.751373
94	26	0.831838
94	42	0.811601
94	55	0.764545
94	79	0.752808
94	92	0.819732
94	96	0.80334
94	115	1.52249
94	122	0.791976
94	124	0.785662
94	131	0.79783
94	133	0.7964
94	134	1.58684
94	139	0.782081
94	140	0.805262
94	149	0.777602
94	160	0.697359
94	163	0.726269
94	164	3.89278
94	168	2.33883
94	175	5.5418
94	177	0.704164
95	29	0.79945
95	31	0.707647
95	35	0.710728
95	62	0.743809
95	83	0.715193
95	99	0.71921
95	114	0.763447
95	118	0.748342
95	122	0.744209
95	124	0.737894
95	127	0.730365
95	131	0.750062
95	133	0.748633
95	139	0.734314
95	142	1.61674
95	143	0.752996
95	153	0.758639
95	158	1.33057
95	163	0.678502
95	177	0.656396
95	179	5.74887
95	180	5.24902
96	3	0.748112
96	6	0.830692
96	9	0.862285
96	22	0.727465
96	26	0.80793
96	42	0.787693
96	55	0.740637
96	61	0.689619
96	64	0.0442279
96	66	0.822098
96	69	0.69153
96	72	0.786613
96	76	0.790495
96	79	0.7289
96	92	0.795824
96	94	0.80334
96	101	2.74158
96	107	0.759586
96	149	0.753694
96	160	0.673451
96	167	3.09644
96	170	2.4581
96	179	5.92039
97	4	0.703837
97	17	0.759803
97	19	0.691264
97	28	0.697611
97	37	0.682149
97	60	0.728725
97	63	0.683771
97	77	0.713416
97	78	0.718656
97	85	0.738477
97	93	0.716393
97	102	0.743343
97	104	0.741585
97	106	0.734355
97	110	0.733742
97	113	0.762171
97	135	0.748399
97	141	0.751453
97	151	2.05894
97	153	0.750861
97	171	3.79047
97	177	4.39009
97	178	4.21294
98	12	3.31317
98	16	1.98316
98	59	1.13866
98	110	1.5943
98	115	0.773475
98	137	0.757047
98	144	0.778949
98	155	0.738292
98	161	0.70183
98	164	0.727116
98	165	0.770425
98	166	0.688956
98	167	0.731392
98	169	0.711454
98	170	0.733666
98	172	0.72046
98	173	0.731038
98	174	0.705545
98	175	0.708532
98	176	0.709545
98	177	0.699132
98	178	0.710514
98	180	0.702683
99	7	0.789047
99	31	0.695144
99	62	0.731306
99	86	2.46765
99	95	0.71921
99	109	1.54124
99	114	0.750944
99	117	0.706942
99	118	0.735839
99	122	0.731706
99	124	0.725391
99	125	0.697501
99	127	0.717862
99	131	0.737559
99	133	0.73613
99	135	0.743674
99	136	5.58031
99	139	0.721811
99	143	0.740493
99	149	0.717332
99	151	0.691986
99	157	3.53924
99	163	0.665999
99	177	0.643893
100	25	2.49836
100	77	3.39655
100	105	1.23078
100	116	0.789188
100	123	0.753408
100	134	0.786001
100	141	0.97591
100	150	0.736947
100	155	0.725028
100	158	0.745749
100	159	0.699617
100	164	0.713852
100	165	0.75716
100	167	0.718127
100	170	0.720401
100	171	0.708488
100	172	0.707196
100	174	0.692281
100	175	0.695268
100	176	0.696281
100	177	0.685867
100	178	0.69725
100	179	0.682483
100	180	0.689418
101	16	0.74853
101	56	0.707891
101	64	0.804283
101	67	0.738334
101	70	0.733442
101	74	0.729591
101	81	0.722353
101	82	0.717531
101	84	0.689704
101	85	2.80814
101	90	0.680628
101	96	2.74158
101	105	0.692465
101	119	3.04227
101	136	0.677206
101	148	0.635685
101	155	0.658345
101	164	0.647169
101	169	0.631507
101	172	0.640513
101	173	0.651091
101	174	0.625598
101	176	0.629598
101	179	0.615801
101	180	0.622736
102	4	0.731024
102	5	0.730556
102	15	0.720685
102	17	0.78699
102	19	0.718451
102	28	0.724798
102	37	0.709336
102	60	0.755912
102	63	0.710958
102	78	0.745844
102	85	0.765664
102	93	0.743581
102	97	0.743343
102	104	0.768772
102	106	0.761542
102	110	0.760929
102	113	0.789358
102	116	2.49103
102	135	0.775586
102	141	0.77864
102	143	2.46492
102	153	0.778048
102	154	4.03794
102	157	3.0904
102	165	3.67188
103	4	1.79611
103	12	1.67468
103	17	1.79364
103	63	2.21125
103	64	0.893392
103	75	0.874039
103	80	0.77078
103	126	0.749878
103	142	0.807561
103	148	0.724794
103	149	1.34564
103	157	0.767533
103	161	0.710991
103	162	0.776909
103	164	0.736278
103	167	0.740553
103	169	0.720615
103	171	0.730914
103	174	0.714707
103	175	0.717693
103	176	0.718707
103	177	0.708293
103	178	0.719675
103	179	0.704909
103	180	0.711844
104	4	0.729266
104	10	0.940571
104	15	0.718927
104	17	0.785232
104	19	0.716693
104	28	0.72304
104	37	0.707577
104	60	0.754154
104	63	0.7092
104	69	5.3374
104	78	0.744085
104	85	0.763906
104	87	0.762204
104	93	0.741822
104	97	0.741585
104	102	0.768772
104	106	0.759784
104	110	0.759171
104	113	0.7876
104	135	0.773828
104	141	0.776882
104	153	0.77629
104	165	1.79068
104	172	2.56606
104	175	3.11592
105	8	0.893618
105	16	0.783704
105	24	0.692471
105	33	0.783245
105	34	0.754535
105	53	0.732901
105	56	0.743066
105	59	0.752235
105	67	0.773508
105	70	0.768617
105	73	0.747432
105	81	0.757528
105	82	0.752705
105	84	0.724878
105	90	0.715803
105	93	0.722135
105	100	1.23078
105	101	0.692465
105	108	0.797182
105	121	0.736283
105	143	1.83379
105	145	1.78985
105	170	3.72972
105	172	0.675688
105	179	7.19201
106	4	0.722035
106	5	0.721568
106	15	0.711697
106	17	0.778002
106	19	0.709462
106	37	0.700347
106	60	0.746924
106	63	0.70197
106	77	0.731614
106	78	0.736855
106	85	0.756675
106	87	0.754974
106	93	0.734592
106	97	0.734355
106	102	0.761542
106	104	0.759784
106	110	0.751941
106	113	0.78037
106	132	2.12463
106	135	0.766598
106	141	0.769652
106	144	2.19691
106	145	2.47419
106	153	0.769059
106	172	5.66678
106	173	3.98648
107	1	0.718998
107	25	0.712466
107	26	0.788084
107	30	0.792429
107	42	0.767847
107	45	0.687314
107	49	0.751992
107	51	0.741864
107	55	0.720791
107	66	0.802252
107	72	0.766767
107	74	1.44905
107	76	0.770649
107	79	0.709054
107	89	0.685886
107	92	0.775978
107	96	0.759586
107	119	0.750362
107	141	0.763245
107	143	1.36045
107	149	0.733849
107	152	2.43233
107	160	0.653605
107	168	0.746874
107	173	3.80856
107	175	6.03872
108	5	2.19647
108	7	1.39
108	30	1.32472
108	53	0.802443
108	59	0.821777
108	67	0.843051
108	73	0.816975
108	82	0.822248
108	84	0.794421
108	90	0.785345
108	93	0.791678
108	105	0.797182
108	127	0.336077
108	139	0.248983
108	144	0.803719
108	145	0.845471
108	147	0.79392
108	149	1.32994
108	161	0.7266
108	167	0.756162
108	169	0.736224
108	172	0.745231
108	176	0.734315
108	178	0.735284
108	179	0.720518
108	180	0.727453
109	11	3.10785
109	60	2.02522
109	62	2.01212
109	99	1.54124
109	112	0.791294
109	120	0.686662
109	126	0.753548
109	130	0.775097
109	133	0.571012
109	146	0.754725
109	147	0.781981
109	148	0.728463
109	157	0.771202
109	162	0.780579
109	163	0.734068
109	165	0.783256
109	167	0.744223
109	171	0.734583
109	172	0.733291
109	173	0.743869
109	175	0.721363
109	176	0.722376
109	177	0.711963
109	178	0.723345
109	179	0.708579
109	180	0.715514
110	4	0.721422
110	5	0.720955
110	15	0.711084
110	17	0.777389
110	19	0.708849
110	20	0.631026
110	28	0.715197
110	37	0.699734
110	60	0.746311
110	63	0.701357
110	77	0.731002
110	78	0.736242
110	85	0.756062
110	87	0.754361
110	97	0.733742
110	98	1.5943
110	102	0.760929
110	104	0.759171
110	106	0.751941
110	113	0.779757
110	115	1.87835
110	135	0.765985
110	141	0.769039
110	151	3.89055
110	153	0.768446
110	165	2.42634
110	178	6.04454
111	74	0.752054
111	84	2.76264
111	87	2.67999
111	92	4.95737
111	116	0.744968
111	125	0.695255
111	132	0.748518
111	134	0.741781
111	148	0.658148
111	154	0.725518
111	159	0.655397
111	161	0.644345
111	163	0.663753
111	164	0.669632
111	166	0.631472
111	167	0.673907
111	168	0.728112
111	171	0.664268
111	173	0.673553
111	174	0.648061
111	175	0.651048
111	176	0.652061
111	177	0.641648
111	178	0.65303
111	179	0.638264
111	180	0.645199
112	9	2.15336
112	53	2.9253
112	80	0.722898
112	109	0.791294
112	115	0.734753
112	120	0.63511
112	128	0.697847
112	133	2.08328
112	134	0.760544
112	137	0.718326
112	139	1.66799
112	146	0.703172
112	152	0.741813
112	154	0.744281
112	156	0.72675
112	157	0.71965
112	161	0.663108
112	162	0.729026
112	169	0.672732
112	170	0.694945
112	171	0.683031
112	174	0.666824
112	175	0.669811
112	176	0.670824
112	177	0.660411
112	178	0.671793
112	179	0.657027
112	180	0.663962
113	4	0.749851
113	5	0.749384
113	15	0.739513
113	17	0.805818
113	19	0.737278
113	20	0.659455
113	28	0.743625
113	37	0.728163
113	60	0.77474
113	63	0.729786
113	78	0.764671
113	85	0.784491
113	87	0.78279
113	93	0.762408
113	97	0.762171
113	102	0.789358
113	104	0.7876
113	106	0.78037
113	110	0.779757
113	135	0.794414
113	141	0.797468
113	147	1.7766
113	153	0.796875
113	167	2.98102
113	170	2.34267
113	173	1.9151
113	177	4.46929
113	180	5.30511
114	7	0.833284
114	13	0.753429
114	29	0.831184
114	31	0.739381
114	35	0.742462
114	62	0.775543
114	87	0.776288
114	95	0.763447
114	99	0.750944
114	117	0.751179
114	118	0.780077
114	122	0.775943
114	123	1.67947
114	124	0.769628
114	125	0.741738
114	127	0.7621
114	131	0.781796
114	133	0.780367
114	136	3.13242
114	137	1.45885
114	139	0.766048
114	150	2.58315
114	151	0.736224
114	153	0.790373
114	163	0.710236
114	176	4.53237
114	177	0.688131
114	178	5.29103
115	13	4.93246
115	94	1.52249
115	98	0.773475
115	110	1.87835
115	112	0.734753
115	121	1.65235
115	128	0.692859
115	138	0.781843
115	144	0.735239
115	147	0.725441
115	150	0.706502
115	152	0.736824
115	154	0.739293
115	157	0.714662
115	158	0.715304
115	162	0.724038
115	164	0.683407
115	166	0.645247
115	167	0.687682
115	169	0.667744
115	171	0.678043
115	173	0.687328
115	174	0.661836
115	175	0.664823
115	176	0.665836
115	178	0.666805
115	179	0.652039
115	180	0.658973
116	8	1.29991
116	47	0.83244
116	50	0.818368
116	92	1.48777
116	100	0.789188
116	102	2.49103
116	111	0.744968
116	127	1.64145
116	130	0.747535
116	133	1.96965
116	134	0.784534
116	136	0.742422
116	144	0.764218
116	157	0.74364
116	159	0.69815
116	161	0.687099
116	168	0.770865
116	170	0.718935
116	171	0.707021
116	172	0.705729
116	173	0.716306
116	174	0.690814
116	175	0.693801
116	176	0.694814
116	177	0.684401
116	178	0.695783
116	179	0.681017
116	180	0.687952
117	7	0.789282
117	29	0.787182
117	35	0.69846
117	36	0.749382
117	62	0.731541
117	83	0.702925
117	99	0.706942
117	114	0.751179
117	118	0.736074
117	121	0.726052
117	122	0.731941
117	123	3.04912
117	124	0.725626
117	125	0.697736
117	127	0.718097
117	129	2.75121
117	131	0.737794
117	133	0.736365
117	135	0.743909
117	139	0.722046
117	142	3.86776
117	143	0.740728
117	149	0.717567
117	151	0.692221
117	152	3.86239
117	153	0.746371
117	163	0.666234
117	165	3.99747
117	177	0.644129
118	13	0.738325
118	29	0.816079
118	31	0.724277
118	64	0.554052
118	83	0.731823
118	87	0.761183
118	91	1.99956
118	95	0.748342
118	99	0.735839
118	114	0.780077
118	117	0.736074
118	121	0.754949
118	122	0.760838
118	124	0.754524
118	127	0.746995
118	131	0.766692
118	133	0.765262
118	135	0.772807
118	137	2.50729
118	139	0.750943
118	140	0.774124
118	143	0.769625
118	149	0.746465
118	151	0.721119
118	153	0.775268
118	155	4.35737
118	158	3.43399
118	163	0.695132
118	173	3.96243
118	177	0.673026
119	1	0.72962
119	11	0.730315
119	12	0.807973
119	14	0.644998
119	18	0.696901
119	23	0.714839
119	25	0.723087
119	27	0.784579
119	30	0.803051
119	32	0.796872
119	40	0.687647
119	41	0.777327
119	43	0.765303
119	45	0.697936
119	49	0.762614
119	51	0.752486
119	52	0.769449
119	57	0.757393
119	65	0.805067
119	101	3.04227
119	107	0.750362
119	123	0.738572
119	134	1.65793
119	136	2.54965
119	138	1.53054
119	140	0.77213
119	141	0.773867
119	168	0.757496
119	177	4.88541
119	178	4.70826
120	21	0.549731
120	69	0.567053
120	109	0.686662
120	112	0.63511
120	125	0.609387
120	126	0.597365
120	129	0.666661
120	143	0.652379
120	144	0.635596
120	145	0.677348
120	147	0.625798
120	154	0.63965
120	158	0.615661
120	159	0.569529
120	161	0.558477
120	162	0.624395
120	165	0.627072
120	167	0.588039
120	169	0.568101
120	170	0.590313
120	171	0.5784
120	172	0.577108
120	173	0.587685
120	174	0.562193
120	175	0.56518
120	176	0.566193
120	178	0.567162
120	179	0.552396
120	180	0.55933
121	13	0.728302
121	16	0.792348
121	33	0.791888
121	53	0.741544
121	56	0.751709
121	59	0.760878
121	67	0.782152
121	70	0.77726
121	73	0.756076
121	74	1.08199
121	81	0.766171
121	82	0.761349
121	83	0.7218
121	84	0.733522
121	105	0.736283
121	115	1.65235
121	117	0.726052
121	118	0.754949
121	122	0.750816
121	124	0.744501
121	127	0.736972
121	131	0.756669
121	133	0.75524
121	139	0.74092
121	150	3.11066
121	154	2.5664
121	155	3.83645
121	163	0.685109
121	172	0.684331
121	176	5.05988
121	177	0.663003
122	13	0.734191
122	31	0.720143
122	35	0.723224
122	44	0.460047
122	62	0.756305
122	64	0.0893549
122	83	0.727689
122	87	0.75705
122	94	0.791976
122	95	0.744209
122	99	0.731706
122	114	0.775943
122	117	0.731941
122	118	0.760838
122	121	0.750816
122	124	0.75039
122	125	0.7225
122	127	0.742861
122	131	0.762558
122	133	0.761129
122	135	0.768674
122	139	0.74681
122	143	0.765492
122	149	0.742331
122	153	0.771135
122	160	6.00766
122	161	5.26242
122	163	0.690998
122	173	1.95741
122	176	3.57579
122	177	0.668893
123	11	0.707904
123	14	0.922683
123	18	0.674489
123	23	0.692428
123	27	0.762167
123	32	0.77446
123	40	0.665236
123	43	0.742892
123	52	0.747038
123	53	3.04417
123	65	0.782655
123	72	1.34882
123	77	3.27841
123	88	0.734573
123	100	0.753408
123	114	1.67947
123	117	3.04912
123	119	0.738572
123	130	0.711754
123	140	0.749718
123	150	0.6997
123	156	0.71496
123	164	0.676605
123	165	0.719913
123	170	0.683154
123	171	0.671241
123	175	0.65802
123	176	0.659033
123	178	0.660002
123	179	0.645236
123	180	0.652171
124	7	0.807731
124	29	0.805631
124	31	0.713829
124	35	0.716909
124	36	0.767831
124	83	0.721375
124	91	2.16262
124	94	0.785662
124	95	0.737894
124	99	0.725391
124	114	0.769628
124	117	0.725626
124	118	0.754524
124	121	0.744501
124	122	0.75039
124	127	0.736547
124	131	0.756243
124	133	0.754814
124	134	2.40067
124	135	0.762359
124	139	0.740495
124	140	0.763676
124	145	2.61318
124	149	0.736016
124	150	3.79464
124	151	0.710671
124	153	0.76482
124	157	2.30285
124	163	0.684683
124	167	5.1914
124	177	0.662578
125	15	4.11431
125	28	2.21056
125	67	3.26086
125	78	3.21426
125	99	0.697501
125	111	0.695255
125	114	0.741738
125	117	0.697736
125	120	0.609387
125	122	0.7225
125	127	0.708657
125	131	0.728353
125	139	0.712605
125	140	0.735786
125	145	0.756256
125	147	0.704706
125	150	0.685767
125	151	0.682781
125	153	0.73693
125	155	0.673848
125	157	0.693927
125	162	0.703303
125	163	0.656793
125	165	0.705981
125	169	0.64701
125	173	0.666593
125	174	0.641101
125	176	0.645101
125	177	0.634688
125	178	0.64607
125	179	0.631304
125	180	0.638239
126	6	2.63777
126	19	5.9642
126	71	0.682139
126	82	3.79804
126	86	0.761293
126	103	0.749878
126	109	0.753548
126	120	0.597365
126	137	0.68058
126	138	0.749086
126	146	0.665427
126	148	0.639165
126	150	0.673745
126	154	0.706535
126	156	0.689004
126	158	0.682547
126	159	0.636414
126	161	0.625363
126	162	0.691281
126	164	0.65065
126	166	0.612489
126	170	0.657199
126	171	0.645285
126	173	0.654571
126	174	0.629078
126	175	0.632065
126	176	0.633078
126	177	0.622665
126	178	0.634047
126	179	0.619281
126	180	0.626216
127	7	0.800202
127	13	0.720348
127	31	0.7063
127	36	0.760302
127	62	0.742462
127	71	2.61705
127	83	0.713846
127	87	0.743206
127	95	0.730365
127	99	0.717862
127	108	0.336077
127	114	0.7621
127	116	1.64145
127	117	0.718097
127	118	0.746995
127	121	0.736972
127	122	0.742861
127	124	0.736547
127	125	0.708657
127	131	0.748715
127	133	0.747285
127	135	0.75483
127	139	0.732966
127	140	0.756147
127	143	0.751648
127	149	0.728487
127	150	3.73262
127	151	0.703142
127	153	0.757291
127	163	0.677154
127	165	2.8223
127	172	5.74375
127	177	0.655049
128	14	1.81526
128	16	5.31739
128	20	0.583339
128	48	0.706362
128	56	5.66735
128	112	0.697847
128	115	0.692859
128	138	0.744937
128	142	0.717784
128	145	0.740085
128	147	0.688535
128	148	0.635017
128	150	0.669596
128	152	0.699918
128	154	0.702387
128	158	0.678398
128	160	0.611711
128	161	0.621214
128	164	0.646501
128	165	0.689809
128	167	0.650776
128	168	0.704981
128	169	0.630838
128	170	0.65305
128	171	0.641137
128	173	0.650422
128	175	0.627917
128	176	0.62893
128	177	0.618517
128	178	0.629899
128	179	0.615133
128	180	0.622067
129	33	2.12049
129	39	0.774127
129	73	1.22535
129	74	0.802368
129	83	2.38661
129	117	2.75121
129	120	0.666661
129	134	0.792094
129	137	0.749876
129	138	0.818382
129	139	1.48895
129	142	0.791229
129	143	0.788561
129	146	0.734723
129	148	0.708462
129	153	0.799113
129	156	0.758301
129	161	0.694659
129	163	0.714067
129	165	0.763254
129	166	0.681786
129	167	0.724221
129	168	0.778425
129	169	0.704283
129	170	0.726495
129	171	0.714582
129	173	0.723867
129	174	0.698375
129	175	0.701362
129	176	0.702375
129	178	0.703344
129	179	0.688577
129	180	0.695512
130	17	4.27626
130	27	3.459
130	54	0.728092
130	81	3.16881
130	84	1.49593
130	109	0.775097
130	116	0.747535
130	123	0.711754
130	134	0.744347
130	145	0.765783
130	146	0.686976
130	147	0.714232
130	148	0.660714
130	150	0.695294
130	151	0.692307
130	155	0.683375
130	157	0.703454
130	159	0.657963
130	162	0.71283
130	165	0.715507
130	166	0.634038
130	169	0.656536
130	170	0.678748
130	171	0.666834
130	172	0.665542
130	174	0.650627
130	175	0.653614
130	176	0.654627
130	178	0.655596
130	179	0.64083
130	180	0.647765
131	29	0.817799
131	31	0.725997
131	35	0.729077
131	36	0.779999
131	47	1.02037
131	58	0.545516
131	62	0.762159
131	83	0.733543
131	87	0.762903
131	88	0.969299
131	94	0.79783
131	95	0.750062
131	99	0.737559
131	114	0.781796
131	117	0.737794
131	118	0.766692
131	121	0.756669
131	122	0.762558
131	124	0.756243
131	125	0.728353
131	127	0.748715
131	133	0.766982
131	135	0.774527
131	139	0.752663
131	140	0.775844
131	143	0.771345
131	146	2.29269
131	149	0.748184
131	151	0.722839
131	153	0.776988
131	172	3.84836
131	174	5.46532
131	177	0.674746
131	180	5.55807
132	27	2.82621
132	44	0.846625
132	52	1.64211
132	60	3.98401
132	65	1.61257
132	67	1.41047
132	80	0.750437
132	106	2.12463
132	111	0.748518
132	134	0.788083
132	137	0.745865
132	145	0.809519
132	151	0.736043
132	154	0.77182
132	157	0.74719
132	158	0.747832
132	160	0.681145
132	161	0.690648
132	162	0.756566
132	164	0.715934
132	165	0.759243
132	166	0.677774
132	167	0.72021
132	169	0.700272
132	170	0.722484
132	171	0.71057
132	173	0.719856
132	174	0.694363
132	175	0.69735
132	176	0.698363
132	177	0.68795
132	178	0.699332
132	179	0.684566
132	180	0.691501
133	7	0.81847
133	13	0.738615
133	29	0.81637
133	31	0.724567
133	36	0.77857
133	83	0.732113
133	87	0.761474
133	94	0.7964
133	95	0.748633
133	99	0.73613
133	109	0.571012
133	112	2.08328
133	114	0.780367
133	116	1.96965
133	117	0.736365
133	118	0.765262
133	121	0.75524
133	122	0.761129
133	124	0.754814
133	127	0.747285
133	131	0.766982
133	135	0.773097
133	138	1.46252
133	139	0.751234
133	140	0.774414
133	143	0.769916
133	149	0.746755
133	151	0.721409
133	153	0.775559
133	163	0.695422
133	165	3.1505
133	170	4.81923
133	173	4.39165
133	177	0.673316
134	53	3.50887
134	81	2.67306
134	93	1.77263
134	94	1.58684
134	100	0.786001
134	111	0.741781
134	112	0.760544
134	116	0.784534
134	119	1.65793
134	124	2.40067
134	129	0.792094
134	130	0.744347
134	132	0.788083
134	142	0.780481
134	150	0.732293
134	151	0.729306
134	152	0.762615
134	155	0.720374
134	157	0.740453
134	162	0.749829
134	163	0.703319
134	164	0.709198
134	165	0.752506
134	166	0.671037
134	169	0.693535
134	170	0.715747
134	171	0.703833
