1	105	1.04725
1	126	1.02709
1	136	1.03391
1	144	1.00005
1	147	1.01635
1	149	1.0335
1	152	1.05916
1	154	0.947729
1	170	0.99914
1	172	1.17673
1	174	1.17444
1	175	1.05616
2	57	0.915887
2	78	0.931843
2	100	0.909101
2	110	0.918827
2	128	1.25754
2	130	0.918849
2	135	0.896668
2	137	0.870949
2	151	1.40391
2	152	1.32291
2	154	1.2843
2	179	0.823109
3	122	1.03003
3	124	1.00732
3	127	0.940082
3	146	1.03997
3	147	1.01572
3	149	1.03287
3	152	1.05853
3	153	1.02371
3	165	1.1158
3	170	0.998509
3	172	1.18163
3	178	1.15301
4	16	0.852685
4	68	1.09711
4	89	1.01956
4	106	1.0206
4	128	0.993364
4	130	1.06474
4	137	1.01684
4	143	1.01314
4	151	1.13974
4	155	1.04139
4	177	1.32796
4	179	0.968997
5	71	0.857789
5	73	0.962119
5	105	1.05108
5	141	1.07055
5	144	1.00388
5	149	1.03733
5	152	1.06299
5	153	1.07652
5	157	1.07916
5	170	1.00297
5	178	1.20582
5	179	1.1781
6	85	1.11036
6	110	1.1427
6	120	0.889285
6	135	1.12054
6	143	1.09112
6	160	1.07396
6	163	0.990418
6	167	0.991821
6	169	1.00205
6	172	1.11658
6	179	1.04698
7	68	1.08454
7	95	1.06238
7	127	1.00163
7	130	1.05216
7	135	1.02998
7	137	1.00426
7	143	1.00056
7	153	1.08526
7	158	1.04186
7	170	1.16395
7	175	1.12261
7	179	0.956425
8	88	1.09578
8	116	0.895433
8	122	0.898684
8	126	0.895111
8	132	0.911276
8	145	1.32576
8	147	0.884373
8	149	0.901526
8	152	0.927181
8	167	1.433
8	170	0.867165
8	171	1.41074
9	30	0.863265
9	44	0.965853
9	75	0.923719
9	77	0.916276
9	79	0.811072
9	80	0.920901
9	104	1.22533
9	129	0.915377
9	148	0.876189
9	168	1.41258
9	175	1.28712
9	179	1.35135
10	12	1.051
10	30	0.991692
10	58	1.00865
10	62	0.869391
10	75	1.05215
10	77	1.0447
10	80	1.04933
10	148	1.00462
10	164	1.0999
10	170	1.11213
10	171	1.04433
10	177	1.27018
11	39	0.957714
11	66	0.97761
11	67	1.13934
11	69	1.0029
11	81	0.980868
11	104	0.998287
11	107	1.10618
11	124	1.0273
11	152	0.99025
11	161	1.17465
11	170	1.10142
11	179	1.1243
12	10	1.051
12	60	1.0266
12	75	1.05806
12	77	1.05062
12	79	0.945413
12	98	0.886201
12	129	1.04972
12	145	0.923793
12	148	1.01053
12	167	1.03103
12	176	1.22951
12	180	1.32394
13	28	1.14516
13	29	0.997166
13	37	1.00052
13	55	0.992921
13	109	0.955972
13	129	1.04839
13	133	1.01985
13	157	1.04017
13	162	1.10904
13	165	1.12962
13	169	0.998556
13	178	1.16683
14	29	0.983354
14	37	0.986709
14	40	1.12392
14	42	1.03681
14	43	0.925423
14	47	1.05562
14	52	1.06788
14	108	1.01576
14	129	1.03458
14	152	1.12225
14	163	1.18647
14	169	0.984744
15	21	1.04233
15	86	1.02441
15	101	0.99576
15	112	1.06733
15	114	1.0306
15	146	1.02815
15	157	0.956164
15	159	1.19632
15	164	1.02
15	171	1.00185
15	173	1.17409
15	179	1.0551
16	4	0.852685
16	21	0.885818
16	101	0.962553
16	115	0.868148
16	149	0.801554
16	163	1.10916
16	165	1.05826
16	168	1.03392
16	174	1.02275
16	176	0.99329
16	177	1.00396
16	180	0.975856
17	33	1.01237
17	35	0.878954
17	86	0.88075
17	101	0.852102
17	112	0.923677
17	114	0.886939
17	146	0.88449
17	154	1.1468
17	159	1.46068
17	160	1.29744
17	171	0.858189
17	174	1.37351
18	33	1.0054
18	35	0.871982
18	36	0.84641
18	84	0.962739
18	101	0.84513
18	103	1.27775
18	112	0.916704
18	114	0.879967
18	128	1.30649
18	150	1.30987
18	155	1.35451
18	171	0.851216
19	44	1.09387
19	58	1.00824
19	74	0.869112
19	75	1.05173
19	77	1.04429
19	79	0.939087
19	80	1.04892
19	148	1.0042
19	154	1.00604
19	156	1.23032
19	167	1.11028
19	179	1.1787
20	83	0.940692
20	104	1.0698
20	115	1.04566
20	118	1.06423
20	121	1.03616
20	134	1.04638
20	138	1.00431
20	140	1.04337
20	154	1.02315
20	169	1.13761
20	173	0.944796
20	178	1.22353
21	15	1.04233
21	16	0.885818
21	41	1.0885
21	49	0.94007
21	84	1.11034
21	86	1.02137
21	112	1.0643
21	133	1.01237
21	145	1.05026
21	150	1.02988
21	160	1.2039
21	171	0.998813
22	39	0.957885
22	61	1.03372
22	66	0.977781
22	67	1.13951
22	81	0.981039
22	97	1.03755
22	111	1.07274
22	158	0.937916
22	160	1.06087
22	166	1.24859
22	167	1.01447
22	168	1.14413
23	58	1.03415
23	60	1.04619
23	61	1.0271
23	77	1.07021
23	79	0.965005
23	97	1.03094
23	124	1.02086
23	155	0.959417
23	163	1.04099
23	170	1.08793
23	172	1.16716
23	178	1.13854
24	25	1.02538
24	62	0.972508
24	63	0.983042
24	100	1.05501
24	104	1.11211
24	106	1.02062
24	110	1.06473
24	135	1.04257
24	143	1.01315
24	171	1.14744
24	175	1.1739
24	179	0.969015
25	24	1.02538
25	85	0.9804
25	100	1.00301
25	109	1.0293
25	135	0.990582
25	137	0.964863
25	143	0.961162
25	148	1.11453
25	154	1.03978
25	159	1.35367
25	160	0.944004
25	161	1.26279
25	179	0.917023
26	43	0.693658
26	48	1.14796
26	53	0.952955
26	116	1.10253
26	122	1.10579
26	126	1.10221
26	141	1.14184
26	147	1.09147
26	149	1.10863
26	163	0.95471
26	165	1.01505
26	179	1.02454
26	180	1.24902
27	28	1.08251
27	29	0.934513
27	37	0.937868
27	45	0.970243
27	47	1.00678
27	56	0.964509
27	72	0.979535
27	133	0.957193
27	139	1.03498
27	151	1.23518
27	155	1.13682
27	169	0.935903
27	177	1.4234
28	13	1.14516
28	27	1.08251
28	42	1.14153
28	45	0.728766
28	55	1.08382
28	56	1.11807
28	129	1.13929
28	160	1.02473
28	165	1.03726
28	169	1.08946
28	174	1.10079
28	175	0.98252
28	179	1.04675
29	13	0.997166
29	14	0.983354
29	27	0.934513
29	42	0.993533
29	56	0.970071
29	72	0.985097
29	87	0.911959
29	129	0.9913
29	139	1.06138
29	167	1.2462
29	169	0.941465
29	171	1.22394
29	178	1.34234
30	9	0.863265
30	10	0.991692
30	44	1.04089
30	60	0.967298
30	77	0.991313
30	80	0.995938
30	129	0.990414
30	142	1.12247
30	148	0.951226
30	150	1.05854
30	163	1.18475
30	170	1.23169
30	175	1.19035
31	36	0.958788
31	49	0.904851
31	86	0.986156
31	101	0.957508
31	103	1.01077
31	112	1.02908
31	114	0.992345
31	146	0.989896
31	158	1.09396
31	164	1.20383
31	168	1.30017
31	169	1.18074
31	171	0.963595
32	39	0.916966
32	59	1.02891
32	66	0.936861
32	69	0.962154
32	81	0.94012
32	97	0.996634
32	111	1.03182
32	124	0.986552
32	128	1.05836
32	148	1.15987
32	150	1.06174
32	163	1.18795
32	174	1.31182
33	17	1.01237
33	18	1.0054
33	84	1.22403
33	93	0.944959
33	101	1.10642
33	103	0.831833
33	112	1.178
33	114	1.14126
33	136	0.973516
33	142	0.927885
33	163	0.990168
33	166	1.22569
33	171	1.11251
34	91	1.01723
34	98	0.963642
34	122	0.969808
34	126	0.966235
34	132	0.9824
34	144	0.939202
34	146	0.979749
34	147	0.955497
34	149	0.972651
34	159	1.31812
34	161	1.22724
34	175	1.11267
34	179	1.1769
35	17	0.878954
35	18	0.871982
35	70	1.58277
35	86	1.00165
35	112	1.04458
35	114	1.00784
35	127	0.955554
35	133	0.992647
35	146	1.00539
35	150	0.944721
35	161	1.19111
35	171	0.979093
35	179	1.14076
36	18	0.84641
36	31	0.958788
36	83	1.0343
36	84	1.06504
36	86	0.976083
36	112	1.01901
36	114	0.982272
36	146	0.979823
36	151	1.23637
36	153	1.18784
36	154	1.11676
36	171	0.953522
36	175	1.22519
37	13	1.00052
37	14	0.986709
37	27	0.937868
37	56	0.973426
37	72	0.988452
37	87	0.886938
37	129	0.994655
37	133	0.96611
37	136	1.20312
37	139	1.03636
37	158	1.14462
37	169	0.94482
37	180	1.51408
38	106	0.910113
38	117	0.98691
38	122	0.928518
38	129	0.83704
38	143	0.94028
38	158	1.06734
38	167	1.00963
38	172	0.967931
38	174	0.950466
38	175	1.00554
38	177	0.931679
38	178	0.965133
38	180	0.903572
39	11	0.957714
39	22	0.957885
39	32	0.916966
39	50	1.13604
39	67	0.988082
39	69	0.851641
39	81	0.829608
39	97	0.886122
39	124	0.87604
39	136	1.16247
39	145	1.07329
39	158	1.10398
39	176	1.37901
39	180	1.47344
40	14	1.12392
40	42	1.1341
40	47	1.15291
40	55	1.0764
40	72	1.12567
40	120	0.811511
40	133	1.10332
40	160	0.96045
40	169	1.08203
40	173	1.10146
40	175	0.918244
40	177	1.11765
40	178	1.01019
41	21	1.0885
41	42	0.923144
41	125	1.07404
41	130	1.04929
41	141	1.00287
41	159	0.928156
41	162	0.991481
41	165	0.953549
41	167	0.977205
41	172	0.935505
41	174	0.918041
41	176	0.888581
41	178	0.932708
41	180	0.871147
42	14	1.03681
42	28	1.14153
42	29	0.993533
42	40	1.1341
42	41	0.923144
42	47	1.0658
42	55	0.989287
42	63	0.805485
42	72	1.03855
42	150	0.864526
42	169	0.994923
42	172	1.1169
42	177	1.19574
42	180	1.28505
43	14	0.925423
43	26	0.693658
43	96	0.986376
43	111	0.855817
43	126	0.809796
43	130	0.85583
43	158	1.14725
43	161	1.06327
43	165	1.06588
43	175	1.08545
43	176	1.00092
43	177	1.01159
43	178	1.04504
43	180	0.983482
44	9	0.965853
44	19	1.09387
44	30	1.04089
44	58	1.05785
44	77	1.0939
44	79	0.988697
44	80	1.09853
44	108	0.852573
44	148	1.05381
44	162	1.06304
44	169	1.03492
44	171	1.00243
44	175	1.02889
44	180	1.3176
45	27	0.970243
45	28	0.728766
45	59	0.81105
45	123	0.871872
45	130	0.868727
45	132	0.862657
45	164	1.09895
45	166	1.02318
45	167	1.0965
45	174	1.03733
45	175	1.09241
45	176	1.00787
45	178	1.052
45	180	0.990438
46	99	1.06477
46	115	1.06389
46	116	1.0557
46	123	1.05522
46	132	1.07155
46	140	1.0616
46	149	1.0618
46	154	0.88287
46	166	1.22123
46	169	0.997334
46	172	1.11187
46	173	0.963021
46	174	1.10958
46	175	0.991304
47	14	1.05562
47	27	1.00678
47	40	1.15291
47	42	1.0658
47	53	1.01876
47	55	1.0081
47	72	1.05737
47	98	0.877091
47	133	1.03502
47	152	0.956295
47	159	1.23157
47	161	1.14069
47	169	1.01373
47	179	1.09035
48	26	1.14796
48	83	1.1077
48	90	0.993966
48	126	1.02965
48	127	0.858694
48	132	1.04581
48	144	1.00261
48	147	1.01891
48	149	1.03606
48	162	1.01383
48	166	1.2096
48	167	0.975477
48	172	1.10024
48	176	1.17396
49	21	0.94007
49	31	0.904851
49	84	1.01111
49	86	0.922145
49	101	0.893498
49	112	0.965072
49	114	0.928335
49	133	0.913138
49	168	1.25336
49	170	1.16924
49	171	0.899584
49	172	1.24846
49	176	1.32218
49	178	1.21984
50	39	1.13604
50	61	1.21187
50	66	1.15594
50	69	1.18123
50	97	1.21571
50	107	1.28451
50	124	1.20563
50	145	0.809539
50	152	0.85115
50	164	0.950096
50	167	0.916777
50	169	0.927003
50	170	0.962319
50	178	1.01292
51	73	0.869688
51	87	0.966618
51	88	0.963643
51	99	0.947875
51	116	0.938809
51	141	0.978117
51	144	0.911454
51	147	0.927749
51	149	0.944902
51	152	0.970557
51	160	1.34726
51	170	0.910541
51	173	1.48826
51	174	1.42333
52	14	1.06788
52	57	1.01974
52	82	0.894106
52	92	1.0805
52	101	1.11423
52	148	1.0034
52	162	0.989946
52	167	0.975671
52	168	0.927676
52	174	0.916506
52	176	0.887047
52	177	0.897719
52	178	0.931173
52	180	0.869612
53	26	0.952955
53	47	1.01876
53	110	1.07682
53	126	1.06909
53	138	1.11039
53	151	0.964817
53	155	1.02529
53	156	0.940857
53	162	0.974885
53	166	0.887289
53	167	0.96061
53	177	0.882658
53	178	0.916112
53	180	0.854551
54	92	0.977681
54	109	0.968715
54	115	1.02142
54	123	1.01275
54	125	1.01097
54	131	1.02184
54	134	1.02214
54	138	0.980068
54	140	1.01913
54	151	1.09881
54	158	1.00688
54	161	1.2022
54	173	0.920554
54	177	1.28703
54	179	1.15186
55	13	0.992921
55	28	1.08382
55	40	1.0764
55	42	0.989287
55	47	1.0081
55	56	0.965825
55	71	0.818371
55	72	0.980851
55	133	0.958509
55	156	1.1903
55	162	1.10861
55	165	1.12919
55	169	0.937219
55	172	1.19502
55	177	1.27386
56	27	0.964509
56	28	1.11807
56	29	0.970071
56	37	0.973426
56	55	0.965825
56	72	1.01509
56	83	0.970186
56	109	1.04216
56	120	1.05434
56	129	1.0213
56	133	0.992751
56	152	1.09125
56	166	1.391
56	169	0.97146
56	175	1.16108
57	2	0.915887
57	52	1.01974
57	106	1.00505
57	110	1.04916
57	120	1.0372
57	130	1.04918
57	135	1.027
57	137	1.00128
57	139	0.954922
57	143	0.997579
57	145	1.0325
57	160	0.980421
57	164	1.17306
57	166	1.37386
57	179	0.95344
58	10	1.00865
58	19	1.00824
58	23	1.03415
58	44	1.05785
58	60	0.984254
58	74	1.0009
58	75	1.01571
58	79	0.903066
58	80	1.0129
58	87	0.907829
58	103	1.08233
58	148	0.968183
58	152	1.17644
58	162	1.28042
58	163	1.24066
59	32	1.02891
59	45	0.81105
59	61	0.994226
59	66	0.938291
59	67	1.10002
59	69	0.963584
59	81	0.94155
59	97	0.998064
59	111	1.03325
59	124	0.987982
59	136	1.04255
59	168	1.19027
59	171	1.03835
59	173	1.24801
59	177	1.26421
60	12	1.0266
60	23	1.04619
60	30	0.967298
60	58	0.984254
60	75	1.02775
60	79	0.915105
60	80	1.02493
60	129	1.01941
60	148	0.980221
60	158	0.933053
60	160	1.05601
60	168	1.13926
60	177	1.21321
60	179	1.07803
60	180	1.30251
61	22	1.03372
61	23	1.0271
61	50	1.21187
61	59	0.994226
61	66	0.902179
61	69	0.927471
61	81	0.905438
61	97	0.961952
61	107	1.03075
61	161	1.12824
61	164	1.04279
61	172	1.13423
61	173	1.19688
61	175	1.01367
61	176	1.20795
62	10	0.869391
62	24	0.972508
62	115	0.942633
62	133	0.910664
62	135	0.850311
62	144	0.971336
62	155	1.11141
62	161	1.02045
62	166	0.973405
62	174	0.987561
62	175	1.04264
62	176	0.958101
62	177	0.968773
62	178	1.00223
62	180	0.940666
63	24	0.983042
63	42	0.805485
63	120	1.13263
63	124	0.901151
63	131	0.947608
63	143	0.927683
63	147	0.946877
63	165	1.01677
63	168	0.992431
63	174	0.981261
63	175	1.03634
63	176	0.951801
63	177	0.962474
63	178	0.995928
63	180	0.934367
64	91	1.04
64	103	0.958194
64	109	1.00321
64	120	1.0154
64	124	0.969873
64	126	0.989011
64	132	1.00518
64	141	1.02864
64	144	0.961978
64	149	0.995427
64	152	1.02108
64	165	1.17687
64	170	0.961065
64	172	1.24269
64	173	1.30534
65	96	1.03524
65	113	1.10991
65	119	1.0971
65	125	1.07248
65	131	1.08335
65	134	1.08365
65	138	1.04158
65	140	1.08064
65	152	0.875681
65	153	0.908153
65	159	1.15095
65	170	0.98685
65	173	0.982064
65	175	0.945505
65	176	1.13979
65	180	1.23422
66	11	0.97761
66	22	0.977781
66	32	0.936861
66	50	1.15594
66	59	0.938291
66	61	0.902179
66	67	1.00798
66	69	0.871537
66	81	0.849503
66	107	0.974819
66	160	1.17086
66	165	1.18339
66	168	1.25411
66	170	1.17
66	175	1.12865
66	178	1.2206
67	11	1.13934
67	22	1.13951
67	39	0.988082
67	59	1.10002
67	66	1.00798
67	69	1.03327
67	81	1.01124
67	97	1.06775
67	111	1.10293
67	145	0.865001
67	163	0.970836
67	170	1.01778
67	171	0.949981
67	172	1.097
67	173	1.15965
67	176	1.17072
68	4	1.09711
68	7	1.08454
68	95	1.09473
68	110	1.08449
68	111	1.07652
68	130	1.08452
68	137	1.03662
68	143	1.03292
68	148	0.98368
68	152	0.947541
68	158	0.936616
68	164	1.04649
68	167	1.01317
68	173	1.20058
68	178	1.10931
68	179	0.988777
69	11	1.0029
69	32	0.962154
69	39	0.851641
69	50	1.18123
69	59	0.963584
69	61	0.927471
69	66	0.871537
69	67	1.03327
69	81	0.874795
69	97	0.93131
69	157	1.12963
69	165	1.21908
69	169	1.17037
69	170	1.20569
69	171	1.13789
69	178	1.25629
70	35	1.58277
70	72	1.39203
70	85	0.852572
70	129	1.52154
70	135	0.862754
70	143	0.833334
70	146	1.52305
70	150	0.888162
70	159	0.764158
70	160	0.816176
70	170	0.822869
70	174	0.754043
70	177	0.735256
70	178	0.76871
70	179	0.789195
70	180	0.707149
71	5	0.857789
71	55	0.818371
71	84	0.776773
71	100	0.839246
71	105	0.79785
71	117	0.909083
71	141	0.819985
71	150	1.15924
71	155	1.14897
71	158	1.142
71	166	1.01097
71	167	1.08429
71	175	1.0802
71	176	0.995667
71	177	1.00634
71	180	0.978232
72	27	0.979535
72	29	0.985097
72	37	0.988452
72	40	1.12567
72	42	1.03855
72	47	1.05737
72	55	0.980851
72	56	1.01509
72	70	1.39203
72	129	1.03632
72	152	0.81597
72	159	1.09124
72	161	1.00037
72	166	1.11572
72	169	0.986487
72	170	0.927139
72	180	1.17451
73	5	0.962119
73	51	0.869688
73	91	0.966095
73	122	0.918677
73	126	0.915104
73	127	1.11165
73	132	0.931269
73	141	0.954734
73	144	0.888071
73	147	0.904366
73	149	0.921519
73	150	1.10082
73	152	0.947174
73	169	1.23866
73	173	1.41584
73	174	1.35091
73	179	1.29686
74	19	0.869112
74	58	1.0009
74	79	0.962037
74	91	0.747416
74	110	0.838813
74	133	0.866692
74	147	0.892371
74	150	1.13968
74	165	1.04107
74	166	0.991411
74	172	1.02303
74	174	1.00557
74	175	1.06064
74	176	0.976107
74	177	0.986779
74	178	1.02023
74	180	0.958672
75	9	0.923719
75	10	1.05215
75	12	1.05806
75	19	1.05173
75	58	1.01571
75	60	1.02775
75	79	0.946563
75	80	1.05639
75	83	0.833886
75	129	1.05087
75	148	1.01168
75	159	1.23022
75	161	1.13935
75	162	1.05893
75	168	1.15024
75	169	1.03081
75	173	1.20799
76	78	1.06238
76	89	1.00421
76	95	1.0596
76	106	1.00525
76	110	1.04936
76	120	0.997736
76	130	1.04938
76	135	1.0272
76	142	1.03659
76	143	0.997781
76	153	1.06712
76	160	0.980623
76	164	1.13359
76	167	1.10027
76	171	1.07801
76	172	1.22503
76	179	0.953642
77	9	0.916276
77	10	1.0447
77	12	1.05062
77	19	1.04429
77	23	1.07021
77	30	0.991313
77	44	1.0939
77	79	0.93912
77	129	1.04342
77	148	1.00424
77	160	1.01072
77	161	1.08308
77	164	0.997631
77	173	1.15172
77	175	0.968509
77	177	1.16791
77	180	1.25722
78	2	0.931843
78	76	1.06238
78	85	1.03277
78	95	1.07535
78	106	1.021
78	130	1.06514
78	137	1.01724
78	143	1.01354
78	153	1.02599
78	157	1.02863
78	158	0.982595
78	160	0.996378
78	162	1.0975
78	165	1.11808
78	166	1.29327
78	170	1.10469
78	179	0.969396
79	9	0.811072
79	12	0.945413
79	19	0.939087
79	23	0.965005
79	44	0.988697
79	58	0.903066
79	60	0.915105
79	74	0.962037
79	75	0.946563
79	77	0.93912
79	80	0.943745
79	148	0.899033
79	152	1.13757
79	162	1.24155
79	168	1.33286
79	174	1.32567
79	176	1.40168
80	9	0.920901
80	10	1.04933
80	19	1.04892
80	30	0.995938
80	44	1.09853
80	58	1.0129
80	60	1.02493
80	75	1.05639
80	79	0.943745
80	129	1.04805
80	153	1.0277
80	158	0.984299
80	162	1.0992
80	167	1.06085
80	168	1.19051
80	170	1.10639
80	172	1.18561
81	11	0.980868
81	22	0.981039
81	32	0.94012
81	39	0.829608
81	59	0.94155
81	61	0.905438
81	66	0.849503
81	67	1.01124
81	69	0.874795
81	97	0.909276
81	107	0.978078
81	148	1.20088
81	150	1.10275
81	154	1.12613
81	172	1.35513
81	176	1.42885
81	179	1.29879
82	52	0.894106
82	113	1.05828
82	117	1.01566
82	119	1.04547
82	121	1.02179
82	123	1.02263
82	131	1.03171
82	134	1.03201
82	138	0.989944
82	140	1.02901
82	160	1.06051
82	163	1.0127
82	164	1.04743
82	166	1.24823
82	173	0.930429
82	174	1.13658
82	178	1.11025
83	20	0.940692
83	36	1.0343
83	48	1.1077
83	56	0.970186
83	75	0.833886
83	91	1.11295
83	112	0.860788
83	113	0.868157
83	116	1.06228
83	138	0.926854
83	147	1.05122
83	156	1.0046
83	170	1.03401
83	172	0.982649
83	177	0.946397
83	178	0.979851
83	180	0.91829
84	18	0.962739
84	21	1.11034
84	33	1.22403
84	36	1.06504
84	49	1.01111
84	71	0.776773
84	93	0.982049
84	101	1.06376
84	114	1.0986
84	133	1.0834
84	136	1.01061
84	139	0.843843
84	146	1.09615
84	150	0.901045
84	171	1.06985
84	174	1.15113
84	175	1.03286
84	180	1.32157
85	6	1.11036
85	25	0.9804
85	70	0.852572
85	78	1.03277
85	98	0.981738
85	106	0.975645
85	109	1.01185
85	130	1.01978
85	135	0.997599
85	137	0.97188
85	143	0.968179
85	155	1.04359
85	160	0.951021
85	161	1.24534
85	164	1.15989
85	170	1.17211
85	179	0.92404
85	180	1.41948
86	15	1.02441
86	17	0.88075
86	21	1.02137
86	31	0.986156
86	35	1.00165
86	36	0.976083
86	49	0.922145
86	88	0.816438
86	101	0.974803
86	109	1.03894
86	114	1.00964
86	146	1.00719
86	159	1.3633
86	164	1.18697
86	167	1.15365
86	170	1.19919
86	171	0.980889
86	172	1.27841
87	29	0.911959
87	37	0.886938
87	51	0.966618
87	58	0.907829
87	95	0.685248
87	119	0.752586
87	131	0.800027
87	147	0.799296
87	161	1.10468
87	164	1.13341
87	166	1.05763
87	172	1.08925
87	173	1.0762
87	175	1.12687
87	176	1.04233
87	177	1.053
87	178	1.08646
87	180	1.02489
88	8	1.09578
88	51	0.963643
88	86	0.816438
88	111	0.781058
88	119	0.749611
88	126	0.735037
88	129	0.673887
88	132	0.775
88	154	1.18668
88	167	1.12065
88	168	1.07265
88	172	1.07895
88	174	1.06148
88	175	1.11656
88	176	1.03202
88	177	1.0427
88	178	1.07615
88	180	1.01459
89	4	1.01956
89	76	1.00421
89	95	1.01718
89	100	0.997219
89	106	0.962833
89	109	1.02778
89	110	1.00695
89	130	1.00697
89	137	0.959067
89	143	0.955366
89	150	1.01488
89	151	1.15787
89	154	1.03826
89	159	1.35214
89	160	0.938209
89	165	1.20143
89	178	1.23864
89	179	0.911227
90	48	0.993966
90	93	1.11971
90	117	0.94109
90	121	0.947221
90	131	0.957146
90	138	0.915376
90	139	0.981503
90	140	0.954439
90	141	0.987852
90	146	0.961735
90	148	1.13683
90	149	0.954637
90	152	0.980292
90	166	1.40044
90	170	0.920276
90	171	1.14406
90	173	0.855861
90	174	1.28879
90	176	1.3648
91	34	1.01723
91	64	1.04
91	73	0.966095
91	74	0.747416
91	83	1.11295
91	105	1.05505
91	126	1.03489
91	141	1.07452
91	144	1.00786
91	147	1.02416
91	149	1.04131
91	153	0.955424
91	156	1.10862
91	157	0.958065
91	170	1.00695
91	174	1.11105
91	177	1.19218
91	178	1.08472
91	180	1.28149
92	52	1.0805
92	54	0.977681
92	108	1.02839
92	113	0.984156
92	117	0.941538
92	118	0.975743
92	119	0.971346
92	121	0.947668
92	123	0.948508
92	125	0.946724
92	134	0.95789
92	138	0.915823
92	140	0.954887
92	148	1.17102
92	153	1.16735
92	156	1.32055
92	160	1.24691
92	173	0.856308
92	178	1.29665
93	33	0.944959
93	84	0.982049
93	90	1.11971
93	118	1.04385
93	119	1.04021
93	135	1.00089
93	146	0.966001
93	163	1.01539
93	164	0.990596
93	165	0.964485
93	167	0.988141
93	168	0.940147
93	172	0.946441
93	174	0.928977
93	175	0.984055
93	176	0.899517
93	177	0.910189
93	178	0.943644
93	180	0.882082
94	113	1.07298
94	115	1.046
94	117	1.03036
94	118	1.06457
94	119	1.06017
94	121	1.03649
94	125	1.03555
94	128	0.923522
94	131	1.04642
94	138	1.00465
94	140	1.04371
94	142	0.990835
94	158	0.977968
94	159	1.26417
94	169	1.06475
94	171	1.03226
94	172	1.17928
94	173	0.945133
94	179	1.12295
95	7	1.06238
95	68	1.09473
95	76	1.0596
95	78	1.07535
95	87	0.685248
95	89	1.01718
95	100	1.05261
95	135	1.04018
95	137	1.01446
95	143	1.01076
95	151	1.03486
95	152	0.953859
95	155	0.93651
95	156	1.13953
95	159	1.22913
95	160	0.993601
95	161	1.13826
95	179	0.96662
95	180	1.31239
96	43	0.986376
96	65	1.03524
96	115	0.95322
96	117	0.937583
96	118	0.971789
96	119	0.967392
96	123	0.944553
96	125	0.94277
96	128	1.11783
96	131	0.953639
96	134	0.953936
96	138	0.911869
96	140	0.950932
96	148	1.21934
96	150	1.12121
96	158	1.17228
96	167	1.24883
96	173	0.852354
96	176	1.44731
97	22	1.03755
97	23	1.03094
97	32	0.996634
97	39	0.886122
97	50	1.21571
97	59	0.998064
97	61	0.961952
97	67	1.06775
97	69	0.93131
97	81	0.909276
97	111	1.00097
97	124	0.955708
97	136	1.03828
97	139	0.871512
97	155	0.973355
97	159	1.26598
97	165	1.11527
97	173	1.24374
97	174	1.1788
97	177	1.25993
98	12	0.886201
98	34	0.963642
98	47	0.877091
98	85	0.981738
98	106	0.939343
98	114	0.95219
98	133	0.963025
98	143	0.96951
98	156	1.019
98	157	1.08095
98	159	0.989703
98	165	1.0151
98	167	1.03875
98	172	0.997052
98	173	0.983999
98	175	1.03467
98	176	0.950128
98	177	0.9608
98	178	0.994255
98	180	0.932693
99	46	1.06477
99	51	0.947875
99	102	0.970787
99	105	1.01345
99	107	1.05304
99	122	0.996864
99	126	0.993291
99	141	1.03292
99	144	0.966258
99	147	0.982554
99	149	0.999707
99	156	1.17275
99	158	0.976152
99	161	1.17148
99	162	1.09106
99	163	1.0513
99	170	0.965345
99	174	1.17518
99	175	1.0569
99	177	1.25631
100	2	0.909101
100	24	1.05501
100	25	1.00301
100	71	0.839246
100	89	0.997219
100	95	1.05261
100	106	0.99826
100	108	0.919015
100	110	1.04237
100	135	1.02021
100	137	0.994495
100	142	1.02745
100	143	0.990794
100	156	1.21118
100	160	0.973636
100	162	1.12949
100	169	1.10136
100	172	1.2159
100	179	0.946655
100	180	1.38404
101	15	0.99576
101	16	0.962553
101	17	0.852102
101	18	0.84513
101	31	0.957508
101	33	1.10642
101	49	0.893498
101	52	1.11423
101	84	1.06376
101	86	0.974803
101	108	1.06211
101	112	1.01773
101	114	0.980992
101	128	1.10323
101	133	0.965795
101	136	1.21618
101	146	0.978543
101	154	1.12999
101	157	1.20372
101	171	0.952242
101	179	1.30266
102	99	0.970787
102	104	1.00793
102	105	0.981558
102	116	0.96172
102	122	0.964972
102	126	0.961398
102	132	0.977564
102	141	1.00103
102	144	0.934365
102	146	0.974912
102	147	0.950661
102	148	1.03603
102	149	0.967814
102	152	0.993469
102	156	1.18556
102	161	1.18429
102	166	1.29964
102	168	1.19518
102	170	0.933452
102	174	1.18799
102	176	1.264
103	18	1.27775
103	31	1.01077
103	33	0.831833
103	58	1.08233
103	64	0.958194
103	111	0.958534
103	121	0.975105
103	131	0.974528
103	153	1.05666
103	157	1.03993
103	163	1.02497
103	164	1.00018
103	165	0.974072
103	166	0.924408
103	168	0.949734
103	172	0.956028
103	174	0.938564
103	176	0.909104
103	178	0.953231
103	179	0.973715
103	180	0.891669
104	9	1.22533
104	11	0.998287
104	20	1.0698
104	24	1.11211
104	102	1.00793
104	107	0.940074
104	110	1.02239
104	133	1.05027
104	150	1.03597
104	151	0.965228
104	153	1.01995
104	161	0.934745
104	162	0.975296
104	163	0.988266
104	164	0.963475
104	174	0.901856
104	175	0.956934
104	176	0.872396
104	177	0.883068
104	178	0.916523
104	179	0.937007
104	180	0.854961
105	1	1.04725
105	5	1.05108
105	71	0.79785
105	91	1.05505
105	99	1.01345
105	102	0.981558
105	116	1.00438
105	122	1.00764
105	128	0.91874
105	132	1.02023
105	141	1.04369
105	142	0.986052
105	144	0.977029
105	147	0.993325
105	149	1.01048
105	153	1.01658
105	166	1.28386
105	170	0.976116
105	171	1.02748
105	173	1.23715
105	178	1.14588
105	180	1.34265
106	4	1.0206
106	24	1.02062
106	38	0.910113
106	57	1.00505
106	76	1.00525
106	78	1.021
106	85	0.975645
106	89	0.962833
106	98	0.939343
106	100	0.99826
106	111	1.00002
106	121	1.0864
106	130	1.00801
106	137	0.960108
106	143	0.956407
106	155	1.0012
106	156	1.20422
106	157	1.05366
106	160	0.939249
106	170	1.12972
106	174	1.20664
106	177	1.28777
106	179	0.912268
107	11	1.10618
107	50	1.28451
107	61	1.03075
107	66	0.974819
107	81	0.978078
107	99	1.05304
107	104	0.940074
107	111	1.06978
107	116	1.04397
107	132	1.05981
107	141	1.08328
107	144	1.01662
107	147	1.03291
107	149	1.05006
107	153	0.964509
107	154	0.893427
107	156	1.11771
107	162	1.03602
107	164	1.03098
107	168	1.12732
107	171	0.975407
107	175	1.00186
107	176	1.19615
108	14	1.01576
108	44	0.852573
108	92	1.02839
108	100	0.919015
108	101	1.06211
108	121	0.962724
108	130	0.946166
108	144	0.996409
108	147	0.961415
108	154	1.08875
108	159	0.973675
108	161	0.996449
108	163	1.04997
108	164	1.02518
108	166	0.949404
108	168	0.97473
108	172	0.981024
108	174	0.96356
108	175	1.01864
108	176	0.9341
108	177	0.944773
108	178	0.978227
108	180	0.916666
109	13	0.955972
109	25	1.0293
109	54	0.968715
109	56	1.04216
109	64	1.00321
109	85	1.01185
109	86	1.03894
109	89	1.02778
109	143	0.999624
109	157	1.06443
109	159	0.973184
109	162	1.03651
109	164	1.02469
109	166	0.948913
109	168	0.974239
109	172	0.980533
109	173	0.96748
109	174	0.963069
109	175	1.01815
109	177	0.944281
109	178	0.977736
109	179	0.99822
109	180	0.916175
110	2	0.918827
110	6	1.1427
110	24	1.06473
110	53	1.07682
110	57	1.04916
110	68	1.08449
110	74	0.838813
110	76	1.04936
110	89	1.00695
110	100	1.04237
110	104	1.02239
110	130	1.05212
110	135	1.02994
110	137	1.00422
110	143	1.00052
110	148	1.05049
110	155	0.997001
110	157	1.04946
110	160	0.983362
110	164	1.1133
110	167	1.07998
110	170	1.12552
110	175	1.08417
110	179	0.956381
111	22	1.07274
111	32	1.03182
111	43	0.855817
111	59	1.03325
111	67	1.10293
111	68	1.07652
111	88	0.781058
111	97	1.00097
111	103	0.958534
111	106	1.00002
111	107	1.06978
111	124	0.990892
111	130	1.04415
111	135	1.02197
111	137	0.996251
111	143	0.99255
111	145	1.01103
111	150	0.990655
111	151	1.13365
111	164	1.15159
111	165	1.17721
111	174	1.24074
111	175	1.12247
111	179	0.948411
112	15	1.06733
112	17	0.923677
112	18	0.916704
112	21	1.0643
112	31	1.02908
112	33	1.178
112	35	1.04458
112	36	1.01901
112	49	0.965072
112	83	0.860788
112	101	1.01773
112	114	1.05257
112	127	0.930698
112	133	1.03737
112	142	0.983796
112	146	1.05012
112	148	1.01799
112	155	0.964506
112	167	1.04748
112	171	1.02382
112	173	1.23489
112	175	1.05168
112	177	1.25108
112	180	1.34039
113	65	1.10991
113	82	1.05828
113	83	0.868157
113	92	0.984156
113	94	1.07298
113	118	1.04646
113	119	1.04207
113	120	0.952314
113	121	1.01839
113	123	1.01923
113	125	1.01745
113	131	1.02831
113	134	1.02861
113	138	0.986544
113	139	0.870033
113	140	1.02561
113	157	1.02434
113	159	1.2645
113	164	1.08817
113	165	1.11379
113	170	1.10039
113	173	0.927029
113	176	1.25333
113	178	1.15099
114	15	1.0306
114	17	0.886939
114	18	0.879967
114	31	0.992345
114	33	1.14126
114	35	1.00784
114	36	0.982272
114	49	0.928335
114	84	1.0986
114	86	1.00964
114	98	0.95219
114	101	0.980992
114	112	1.05257
114	133	1.00063
114	146	1.01338
114	150	0.969404
114	151	1.1124
114	152	1.03139
114	153	1.06387
114	160	1.14342
114	162	1.13537
114	171	0.987078
114	177	1.30062
114	178	1.19316
114	179	1.16545
115	16	0.868148
115	20	1.04566
115	46	1.06389
115	54	1.02142
115	62	0.942633
115	94	1.046
115	96	0.95322
115	117	0.985277
115	118	1.01948
115	121	0.991408
115	123	0.992247
115	125	0.990464
115	131	1.00133
115	134	1.00163
115	138	0.959562
115	140	0.998626
115	145	1.03259
115	150	1.01221
115	155	1.05685
115	156	1.25987
115	167	1.13983
115	170	1.18537
115	173	0.900048
115	178	1.23597
115	179	1.20825
116	8	0.895433
116	26	1.10253
116	46	1.0557
116	51	0.938809
116	83	1.06228
116	102	0.96172
116	105	1.00438
116	107	1.04397
116	126	0.984224
116	128	0.899503
116	132	1.00039
116	141	1.02386
116	144	0.957192
116	147	0.973487
116	152	1.0163
116	157	0.999987
116	161	1.14927
116	164	1.06382
116	165	1.08944
116	166	1.26462
116	168	1.16016
116	170	0.956279
116	173	1.21791
116	177	1.2341
116	178	1.12665
117	38	0.98691
117	71	0.909083
117	82	1.01566
117	90	0.94109
117	92	0.941538
117	94	1.03036
117	96	0.937583
117	115	0.985277
117	118	1.00385
117	119	0.999449
117	121	0.975771
117	123	0.97661
117	125	0.974827
117	131	0.985696
117	134	0.985993
117	138	0.943925
117	139	0.976153
117	140	0.982989
117	158	1.08442
117	165	1.21991
117	167	1.16097
117	169	1.1712
117	170	1.20651
117	173	0.884411
117	174	1.28344
117	176	1.35945
118	20	1.06423
118	92	0.975743
118	93	1.04385
118	94	1.06457
118	96	0.971789
118	113	1.04646
118	115	1.01948
118	117	1.00385
118	119	1.03365
118	121	1.00998
118	123	1.01082
118	125	1.00903
118	128	0.959465
118	131	1.0199
118	134	1.0202
118	138	0.978131
118	140	1.01719
118	145	0.983225
118	155	1.00749
118	156	1.21051
118	157	1.05995
118	158	1.01391
118	166	1.32458
118	168	1.22012
118	169	1.10069
118	171	1.06821
118	173	0.918616
119	65	1.0971
119	82	1.04547
119	87	0.752586
119	88	0.749611
119	92	0.971346
119	93	1.04021
119	94	1.06017
119	96	0.967392
119	113	1.04207
119	117	0.999449
119	118	1.03365
119	121	1.00558
119	123	1.00642
119	125	1.00464
119	131	1.0155
119	134	1.0158
119	138	0.973734
119	140	1.0128
119	148	1.05734
119	157	1.05631
119	160	1.13323
119	162	1.12518
119	165	1.14576
119	170	1.13237
119	173	0.914219
119	176	1.28531
119	177	1.29043
120	6	0.889285
120	40	0.811511
120	56	1.05434
120	57	1.0372
120	63	1.13263
120	64	1.0154
120	76	0.997736
120	113	0.952314
120	122	1.00004
120	126	0.969714
120	143	1.0118
120	149	0.970695
120	153	1.05982
120	154	1.06692
120	157	1.04309
120	159	0.951841
120	161	0.974616
120	162	1.01517
120	164	1.00335
120	165	0.977234
120	168	0.952896
120	172	0.959191
120	175	0.996804
120	176	0.912267
120	177	0.922939
120	178	0.956393
120	179	0.976878
120	180	0.894832
121	20	1.03616
121	82	1.02179
121	90	0.947221
121	92	0.947668
121	94	1.03649
121	103	0.975105
121	106	1.0864
121	108	0.962724
121	113	1.01839
121	115	0.991408
121	117	0.975771
121	118	1.00998
121	119	1.00558
121	123	0.98274
121	125	0.980957
121	131	0.991827
121	134	0.992123
121	138	0.950056
121	139	0.950024
121	140	0.98912
121	150	1.00723
121	154	1.03061
121	164	1.16816
121	169	1.14507
121	173	0.890541
121	174	1.25731
121	176	1.33332
121	178	1.23099
122	3	1.03003
122	8	0.898684
122	26	1.10579
122	34	0.969808
122	38	0.928518
122	73	0.918677
122	99	0.996864
122	102	0.964972
122	105	1.00764
122	120	1.00004
122	124	0.968337
122	126	0.987475
122	132	1.00364
122	141	1.02711
122	144	0.960443
122	146	1.00099
122	147	0.976738
122	149	0.993891
122	151	1.11795
122	153	1.06942
122	157	1.07206
122	168	1.23224
122	169	1.11281
122	170	0.95953
122	171	1.08032
122	176	1.30106
122	178	1.19872
122	179	1.17101
123	45	0.871872
123	46	1.05522
123	54	1.01275
123	82	1.02263
123	92	0.948508
123	96	0.944553
123	113	1.01923
123	115	0.992247
123	117	0.97661
123	118	1.01082
123	119	1.00642
123	121	0.98274
123	125	0.981796
123	131	0.992666
123	134	0.992962
123	138	0.950895
123	140	0.989959
123	151	1.13681
123	152	1.0558
123	160	1.16783
123	162	1.15978
123	163	1.12003
123	165	1.18036
123	167	1.12143
123	168	1.25109
123	169	1.13166
123	173	0.891381
123	179	1.18986
124	3	1.00732
124	11	1.0273
124	23	1.02086
124	32	0.986552
124	39	0.87604
124	50	1.20563
124	59	0.987982
124	63	0.901151
124	64	0.969873
124	97	0.955708
124	111	0.990892
124	122	0.968337
124	132	0.980929
124	141	1.00439
124	144	0.937731
124	147	0.954027
124	149	0.97118
124	155	1.00483
124	158	1.01126
124	160	1.13421
124	162	1.12616
124	163	1.08641
124	170	0.936818
124	172	1.21257
124	176	1.28629
124	177	1.29141
124	178	1.18395
124	179	1.15624
125	41	1.07404
125	54	1.01097
125	65	1.07248
125	92	0.946724
125	94	1.03555
125	96	0.94277
125	113	1.01745
125	115	0.990464
125	117	0.974827
125	118	1.00903
125	119	1.00464
125	121	0.980957
125	123	0.981796
125	131	0.990883
125	134	0.991179
125	136	1.12498
125	138	0.949112
125	140	0.988176
125	145	1.0358
125	155	1.06006
125	157	1.11252
125	158	1.06648
125	160	1.18944
125	163	1.14163
125	164	1.17635
125	170	1.18858
125	173	0.889597
125	179	1.21146
126	1	1.02709
126	8	0.895111
126	26	1.10221
126	34	0.966235
126	43	0.809796
126	48	1.02965
126	53	1.06909
126	64	0.989011
126	73	0.915104
126	88	0.735037
126	91	1.03489
126	99	0.993291
126	102	0.961398
126	116	0.984224
126	120	0.969714
126	122	0.987475
126	141	1.02353
126	144	0.956869
126	147	0.973165
126	149	0.990318
126	161	1.19102
126	164	1.10557
126	165	1.13119
126	166	1.30637
126	170	0.955956
126	175	1.07645
126	177	1.27585
126	180	1.36516
127	3	0.940082
127	7	1.00163
127	35	0.955554
127	48	0.858694
127	73	1.11165
127	112	0.930698
127	134	0.936191
127	137	0.999168
127	143	0.997557
127	146	0.895829
127	149	0.956448
127	153	1.06715
127	155	1.0729
127	157	1.05042
127	163	1.03546
127	164	1.01067
127	165	0.984562
127	168	0.960224
127	171	1.03304
127	172	0.966519
127	173	0.953465
127	174	0.949054
127	175	1.00413
127	176	0.919594
127	177	0.930267
127	178	0.963721
127	179	0.984206
127	180	0.90216
128	2	1.25754
128	4	0.993364
128	18	1.30649
128	32	1.05836
128	94	0.923522
128	96	1.11783
128	101	1.10323
128	105	0.91874
128	116	0.899503
128	118	0.959465
128	142	1.07785
128	149	0.942233
128	156	0.969899
128	158	1.04736
128	161	0.963376
128	162	1.00393
128	164	0.992106
128	165	0.965995
128	166	0.916331
128	167	0.989651
128	168	0.941657
128	171	1.01447
128	172	0.947951
128	174	0.930487
128	175	0.985565
128	176	0.901027
128	177	0.911699
128	178	0.945154
128	180	0.883593
129	9	0.915377
129	12	1.04972
129	13	1.04839
129	14	1.03458
129	28	1.13929
129	29	0.9913
129	30	0.990414
129	37	0.994655
129	38	0.83704
129	56	1.0213
129	60	1.01941
129	70	1.52154
129	72	1.03632
129	75	1.05087
129	77	1.04342
129	80	1.04805
129	88	0.673887
129	133	1.01398
129	142	0.947415
129	148	1.00334
129	152	0.945474
129	154	0.906863
129	155	0.928125
129	159	1.22075
129	166	1.24522
129	169	0.99269
129	172	1.13586
129	176	1.20958
129	178	1.10724
130	2	0.918849
130	4	1.06474
130	7	1.05216
130	41	1.04929
130	43	0.85583
130	45	0.868727
130	57	1.04918
130	68	1.08452
130	76	1.04938
130	78	1.06514
130	85	1.01978
130	89	1.00697
130	106	1.00801
130	108	0.946166
130	110	1.05212
130	111	1.04415
130	135	1.02996
130	136	1.10023
130	137	1.00424
130	143	1.00054
130	145	1.01105
130	154	1.01405
130	157	1.08777
130	158	1.04173
130	160	0.983384
130	166	1.35241
130	171	1.09603
130	175	1.12248
130	179	0.956403
131	54	1.02184
131	63	0.947608
131	65	1.08335
131	82	1.03171
131	87	0.800027
131	90	0.957146
131	94	1.04642
131	96	0.953639
131	103	0.974528
131	113	1.02831
131	115	1.00133
131	117	0.985696
131	118	1.0199
131	119	1.0155
131	121	0.991827
131	123	0.992666
131	125	0.990883
131	134	1.00205
131	138	0.959981
131	140	0.999045
131	152	1.06864
131	153	1.10111
131	154	1.03003
131	155	1.05129
131	158	1.05771
131	163	1.13286
131	167	1.13427
131	173	0.900467
131	177	1.33787
131	180	1.42717
132	8	0.911276
132	34	0.9824
132	45	0.862657
132	46	1.07155
132	48	1.04581
132	64	1.00518
132	73	0.931269
132	88	0.775
132	102	0.977564
132	105	1.02023
132	107	1.05981
132	116	1.00039
132	122	1.00364
132	124	0.980929
132	136	1.09416
132	139	0.927396
132	141	1.0397
132	144	0.973035
132	145	1.00498
132	146	1.01358
132	147	0.989331
132	149	1.00648
132	157	1.0817
132	161	1.23099
132	164	1.14553
132	168	1.24187
132	169	1.12244
132	170	0.972122
132	173	1.29962
132	180	1.40512
133	13	1.01985
133	21	1.01237
133	27	0.957193
133	35	0.992647
133	37	0.96611
133	40	1.10332
133	47	1.03502
133	49	0.913138
133	55	0.958509
133	56	0.992751
133	62	0.910664
133	74	0.866692
133	84	1.0834
133	98	0.963025
133	101	0.965795
133	104	1.05027
133	112	1.03737
133	114	1.00063
133	129	1.01398
133	146	0.998183
133	148	1.07837
133	151	1.12323
133	157	1.07734
133	164	1.14117
133	165	1.16679
133	167	1.10786
133	169	0.964145
133	171	0.971881
133	173	1.29526
133	179	1.17628
134	20	1.04638
134	54	1.02214
134	65	1.08365
134	82	1.03201
134	92	0.95789
134	96	0.953936
134	113	1.02861
134	115	1.00163
134	117	0.985993
134	118	1.0202
134	119	1.0158
134	121	0.992123
134	123	0.992962
134	125	0.991179
134	127	0.936191
134	131	1.00205
134	138	0.960278
134	140	0.999342
134	142	0.989289
134	150	0.925358
134	151	1.06835
134	154	0.948737
134	166	1.2871
134	168	1.18263
134	172	1.17774
134	173	0.900763
134	175	1.05717
134	176	1.25146
134	178	1.14912
134	180	1.34588
135	2	0.896668
135	6	1.12054
135	7	1.02998
135	24	1.04257
135	25	0.990582
135	57	1.027
135	62	0.850311
135	70	0.862754
135	76	1.0272
135	85	0.997599
135	93	1.00089
135	95	1.04018
135	100	1.02021
135	110	1.02994
135	111	1.02197
135	130	1.02996
135	137	0.982062
135	142	0.983817
135	143	0.978361
135	155	0.964527
135	160	0.961203
135	162	1.08585
135	163	1.0461
135	168	1.17716
135	170	1.09305
135	172	1.17227
135	173	1.23491
135	177	1.2511
135	179	0.934222
135	180	1.34041
136	1	1.03391
136	33	0.973516
136	37	1.20312
136	39	1.16247
136	59	1.04255
136	84	1.01061
136	97	1.03828
136	101	1.21618
136	125	1.12498
136	130	1.10023
136	132	1.09416
136	153	1.02598
136	156	0.9473
136	157	1.00925
136	158	1.02476
136	159	0.918003
136	161	0.940777
136	162	0.981328
136	163	0.994298
136	164	0.969508
136	165	0.943396
136	166	0.893732
136	167	0.967053
136	172	0.925353
136	173	0.912299
136	174	0.907888
136	175	0.962966
136	176	0.878428
136	178	0.922555
136	180	0.860994
137	2	0.870949
137	4	1.01684
137	7	1.00426
137	25	0.964863
137	57	1.00128
137	68	1.03662
137	78	1.01724
137	85	0.97188
137	89	0.959067
137	95	1.01446
137	100	0.994495
137	106	0.960108
137	110	1.00422
137	111	0.996251
137	127	0.999168
137	130	1.00424
137	135	0.982062
137	143	0.952642
137	145	1.00871
137	148	1.08646
137	155	1.03298
137	157	1.08544
137	160	0.935484
137	162	1.1543
137	163	1.11455
137	165	1.17489
137	171	1.09369
137	173	1.30336
137	174	1.23842
137	179	0.908503
137	180	1.40886
138	20	1.00431
138	53	1.11039
138	54	0.980068
138	65	1.04158
138	82	0.989944
138	83	0.926854
138	90	0.915376
138	92	0.915823
138	94	1.00465
138	96	0.911869
138	113	0.986544
138	115	0.959562
138	117	0.943925
138	118	0.978131
138	119	0.973734
138	121	0.950056
138	123	0.950895
138	125	0.949112
138	131	0.959981
138	134	0.960278
138	140	0.957274
138	158	1.03699
138	159	1.32319
138	167	1.11355
138	168	1.24321
138	171	1.09129
138	172	1.23831
138	173	0.858696
138	175	1.11774
138	178	1.20969
138	179	1.18197
138	180	1.40646
139	27	1.03498
139	29	1.06138
139	37	1.03636
139	57	0.954922
139	84	0.843843
139	90	0.981503
139	97	0.871512
139	113	0.870033
139	117	0.976153
139	121	0.950024
139	132	0.927396
139	140	0.889614
139	147	0.948716
139	149	0.888413
139	150	1.11912
139	151	1.04838
139	156	1.02442
139	157	1.08637
139	159	0.99512
139	164	1.04662
139	165	1.02051
139	166	0.970849
139	167	1.04417
139	168	0.996175
139	169	1.06125
139	171	1.06899
139	172	1.00247
139	174	0.985005
139	175	1.04008
139	176	0.955545
139	177	0.966218
139	178	0.999672
139	179	1.02016
139	180	0.938111
140	20	1.04337
140	46	1.0616
140	54	1.01913
140	65	1.08064
140	82	1.02901
140	90	0.954439
140	92	0.954887
140	94	1.04371
140	96	0.950932
140	113	1.02561
140	115	0.998626
140	117	0.982989
140	118	1.01719
140	119	1.0128
140	121	0.98912
140	123	0.989959
140	125	0.988176
140	131	0.999045
140	134	0.999342
140	138	0.957274
140	139	0.889614
140	152	1.00881
140	153	1.04128
140	154	0.970195
140	157	1.04392
140	159	1.28408
140	162	1.11278
140	163	1.07303
140	164	1.10775
140	166	1.30855
140	170	1.11997
140	173	0.89776
140	175	1.07863
140	179	1.14286
140	180	1.36734
141	5	1.07055
141	26	1.14184
141	41	1.00287
141	51	0.978117
141	64	1.02864
141	71	0.819985
141	73	0.954734
141	90	0.987852
141	91	1.07452
141	99	1.03292
141	102	1.00103
141	105	1.04369
141	107	1.08328
141	116	1.02386
141	122	1.02711
141	124	1.00439
141	126	1.02353
141	132	1.0397
141	142	1.00819
141	144	0.9965
141	146	1.03705
141	147	1.0128
141	149	1.02995
141	150	0.944257
141	151	1.08725
141	153	1.03872
141	158	0.99532
141	160	1.11828
141	163	1.07047
141	167	1.07187
141	168	1.20153
141	170	0.995587
141	171	1.04962
141	174	1.19434
141	175	1.07607
141	176	1.27035
142	30	1.12247
142	33	0.927885
142	76	1.03659
142	94	0.990835
142	100	1.02745
142	105	0.986052
142	112	0.983796
142	128	1.07785
142	129	0.947415
