1	25	1.16165
1	69	1.11604
1	78	0.78507
1	82	0.761388
1	140	0.671459
1	141	1.17475
1	156	1.18387
1	160	1.19421
1	162	0.688697
1	163	1.25179
1	165	1.31773
1	180	0.693919
2	45	0.710114
2	109	1.18427
2	112	0.716365
2	148	0.718302
2	149	1.19246
2	162	1.22289
2	170	1.21483
2	171	1.20325
2	172	0.736703
2	175	1.19379
2	176	1.18852
2	178	0.724611
3	16	0.795643
3	76	1.24246
3	86	0.705938
3	96	0.701041
3	128	1.22714
3	131	1.16683
3	135	0.741877
3	141	1.17641
3	153	1.2058
3	156	1.18554
3	160	1.19588
3	163	0.660019
4	21	0.752381
4	96	0.708712
4	113	1.1607
4	125	0.723166
4	127	1.17575
4	168	1.21064
4	169	0.718859
4	170	1.22795
4	171	1.21637
4	172	0.707794
4	175	1.20691
4	176	1.20165
5	54	0.689172
5	105	1.1848
5	118	0.729394
5	123	1.25117
5	142	0.722187
5	151	0.744257
5	152	0.725976
5	158	1.15767
5	162	1.21947
5	170	1.21141
5	175	1.19037
5	176	1.1851
6	65	1.19563
6	75	1.10502
6	79	1.10502
6	80	0.775021
6	96	0.698937
6	99	1.25041
6	107	0.755449
6	130	1.15223
6	142	0.686226
6	157	1.21719
6	164	0.692293
6	179	1.37454
7	20	0.757512
7	69	0.852531
7	95	1.20732
7	134	1.19507
7	136	1.23474
7	138	1.21039
7	142	0.644968
7	153	1.19424
7	155	0.685979
7	156	1.17398
7	160	1.18433
7	180	0.660829
8	35	0.96576
8	40	0.974077
8	43	1.1197
8	81	1.07976
8	82	1.05961
8	102	0.870486
8	104	1.06968
8	124	1.04795
8	155	0.920613
8	157	1.08326
8	168	0.911064
8	169	0.90246
9	22	0.693392
9	45	1.22281
9	55	0.752968
9	75	1.10049
9	79	1.10049
9	99	1.24588
9	104	0.748418
9	130	1.1477
9	147	0.715889
9	157	1.21265
9	172	0.68587
9	179	1.37001
10	14	1.11374
10	29	1.10859
10	49	1.13368
10	50	1.13738
10	69	1.04678
10	71	0.781779
10	104	0.817618
10	124	1.12869
10	125	0.770442
10	151	0.765346
10	161	0.771033
10	163	1.18253
10	165	1.24847
11	97	0.752545
11	116	1.15761
11	131	1.10384
11	134	1.14364
11	136	1.18331
11	140	0.783203
11	141	1.11343
11	153	1.14281
11	156	1.12255
11	160	1.1329
11	163	0.761491
11	173	0.822107
11	177	0.783684
12	88	1.08687
12	112	0.761682
12	114	1.16984
12	119	1.13607
12	121	1.18583
12	147	0.812039
12	164	0.776294
12	167	1.12988
12	172	0.782021
12	173	1.14906
12	174	0.777401
12	175	1.12382
12	176	1.11855
13	26	0.775634
13	73	1.17417
13	100	1.16363
13	121	0.772046
13	136	1.163
13	138	1.13865
13	152	0.766751
13	153	1.1225
13	156	1.10224
13	160	1.11258
13	166	0.797423
13	167	1.1233
13	170	0.791412
14	10	1.11374
14	18	1.11082
14	25	1.10284
14	29	1.11904
14	49	1.14413
14	69	1.05723
14	117	0.826676
14	133	0.775264
14	150	0.771397
14	163	1.19298
14	165	1.25892
14	177	0.757589
14	180	0.77957
15	30	1.12853
15	34	0.738474
15	40	1.05259
15	56	1.07647
15	81	1.15827
15	87	1.20777
15	93	1.1663
15	104	1.14819
15	119	0.791974
15	120	0.814275
15	157	1.16177
15	165	0.707578
15	176	0.855399
16	3	0.795643
16	57	1.18051
16	65	1.12698
16	75	1.03637
16	79	1.03637
16	99	1.18177
16	130	1.08358
16	150	0.801621
16	157	1.14854
16	165	0.690691
16	170	0.822381
16	178	0.793634
16	179	1.3059
17	21	0.798803
17	36	0.847136
17	109	1.12047
17	145	1.12575
17	152	0.746211
17	155	0.783434
17	162	1.1591
17	168	1.13372
17	170	1.15103
17	173	1.15524
17	175	1.13
17	176	1.12473
17	177	0.736303
18	14	1.11082
18	22	1.15412
18	29	1.10567
18	50	1.13446
18	69	1.04386
18	102	0.743389
18	124	1.12576
18	126	0.783647
18	163	1.17961
18	165	1.24555
18	166	0.786965
18	168	0.783967
18	171	0.804664
19	30	1.11931
19	56	1.06725
19	78	0.88908
19	81	1.14905
19	87	1.19855
19	93	1.15708
19	104	1.13898
19	111	0.753918
19	124	1.11724
19	157	1.15255
19	159	0.818653
19	162	0.792707
19	179	0.649757
20	7	0.757512
20	33	1.20555
20	52	1.14252
20	59	1.09389
20	77	1.0757
20	83	1.24847
20	90	1.09994
20	92	1.09994
20	125	0.826328
20	151	1.13373
20	165	0.695921
20	169	0.822021
20	174	0.806337
21	4	0.752381
21	17	0.798803
21	62	0.748804
21	117	1.08347
21	144	1.12313
21	148	1.13202
21	160	0.809896
21	166	1.10716
21	169	1.10718
21	172	1.12123
21	175	0.7857
21	179	1.30694
21	180	1.11889
22	9	0.693392
22	18	1.15412
22	25	1.14615
22	49	1.18744
22	50	1.19114
22	85	0.70609
22	124	1.18244
22	135	0.759481
22	155	0.746946
22	163	1.23629
22	165	1.30223
22	177	0.699815
23	83	0.722757
23	118	0.797171
23	124	0.814001
23	137	1.14597
23	139	0.764766
23	154	1.12139
23	167	1.13831
23	168	1.13598
23	171	1.14171
23	173	1.15749
23	175	1.13225
23	176	1.12698
23	180	0.805825
24	30	1.12187
24	35	1.03761
24	81	1.15161
24	82	1.13146
24	87	1.20111
24	93	1.15964
24	104	1.14153
24	111	0.76944
24	154	0.853765
24	157	1.15511
24	169	0.820448
24	178	0.797291
24	179	0.665279
25	1	1.16165
25	14	1.10284
25	22	1.14615
25	50	1.12648
25	68	0.87997
25	69	1.03588
25	70	0.744162
25	124	1.11779
25	136	0.757675
25	152	0.757644
25	162	0.764495
25	163	1.17163
25	165	1.23758
26	13	0.775634
26	68	1.04842
26	79	0.823849
26	116	0.767266
26	122	0.79555
26	151	1.11995
26	152	1.11681
26	168	0.730752
26	172	1.12475
26	177	1.13596
26	178	1.1213
26	179	1.31046
26	180	1.12241
27	36	0.883052
27	115	1.11375
27	125	0.805504
27	145	1.12897
27	157	0.789222
27	162	1.16231
27	164	0.784405
27	168	1.13694
27	170	1.15425
27	171	1.14267
27	175	1.13321
27	176	1.12794
27	179	0.646027
28	115	1.11197
28	132	1.15987
28	147	0.860982
28	154	1.12057
28	165	0.715928
28	170	1.15247
28	171	1.14089
28	173	1.15667
28	174	0.826344
28	175	1.13143
28	176	1.12616
28	178	0.818871
28	179	0.686858
29	10	1.10859
29	14	1.11904
29	18	1.10567
29	49	1.13898
29	69	1.05208
29	77	0.864699
29	85	0.764239
29	97	0.726825
29	120	0.767538
29	124	1.13399
29	144	0.784766
29	163	1.18784
29	165	1.25378
30	15	1.12853
30	19	1.11931
30	24	1.12187
30	40	1.08228
30	56	1.10616
30	82	1.16782
30	93	1.196
30	96	0.809672
30	104	1.17789
30	114	0.796035
30	150	0.80465
30	166	0.831421
30	179	0.66465
31	33	1.2215
31	37	1.09444
31	44	0.741475
31	52	1.15847
31	77	1.09165
31	84	1.15225
31	90	1.11589
31	92	1.11589
31	132	0.799597
31	144	0.802285
31	150	0.789291
31	151	1.14968
31	177	0.775483
32	60	0.749277
32	127	1.19088
32	133	0.69237
32	137	1.23576
32	148	0.674207
32	155	0.721826
32	158	1.18934
32	162	1.25114
32	164	0.686881
32	168	1.22577
32	170	1.24308
32	173	1.24728
32	174	0.687988
32	176	1.21677
33	20	1.20555
33	31	1.2215
33	77	1.17219
33	83	1.34495
33	84	1.23278
33	90	1.19642
33	92	1.19642
33	118	0.731997
33	121	0.733873
33	129	0.706468
33	151	1.23021
33	177	0.718671
33	178	0.724491
33	179	0.592479
34	15	0.738474
34	58	0.716984
34	111	1.25021
34	116	0.68225
34	141	0.720854
34	142	1.24347
34	149	0.663816
34	155	1.19554
34	166	1.21264
34	167	0.668275
34	169	1.21266
34	177	1.23792
34	178	1.22326
34	180	1.22437
35	8	0.96576
35	24	1.03761
35	43	1.14364
35	81	1.1037
35	82	1.08356
35	87	1.1532
35	93	1.11174
35	102	0.813807
35	104	1.09363
35	137	0.85827
35	157	1.1072
35	176	0.867502
35	178	0.822624
35	180	0.838784
36	17	0.847136
36	27	0.883052
36	129	1.12299
36	136	0.795152
36	144	1.08953
36	147	1.05981
36	164	1.09354
36	169	1.07358
36	174	1.09229
36	175	0.834033
36	176	0.835912
36	177	1.09884
36	178	1.08418
36	180	1.08528
37	31	1.09444
37	52	1.11194
37	59	1.06332
37	62	1.13739
37	77	1.04512
37	84	1.10572
37	90	1.06936
37	92	1.06936
37	148	0.820242
37	150	0.834538
37	151	1.10315
37	167	0.880851
37	178	0.826551
37	180	0.842711
38	59	1.18688
38	62	1.26095
38	77	1.16869
38	83	1.34146
38	84	1.22929
38	86	0.720879
38	90	1.19293
38	92	1.19293
38	111	0.675121
38	129	0.684949
38	151	1.22672
38	172	0.715064
38	177	0.697152
38	180	0.719132
39	53	1.21965
39	107	1.23285
39	111	0.689103
39	112	0.708709
39	114	0.716327
39	116	1.24487
39	128	1.25142
39	131	1.19111
39	137	0.752601
39	153	1.23008
39	156	1.20982
39	160	1.22016
39	165	0.614012
39	174	0.724428
40	8	0.974077
40	15	1.05259
40	30	1.08228
40	81	1.11202
40	87	1.16151
40	93	1.12005
40	104	1.10194
40	114	0.868742
40	124	1.08021
40	129	0.851346
40	139	0.84447
40	157	1.11552
40	168	0.90113
40	179	0.737357
41	107	1.09558
41	130	1.05698
41	136	1.13331
41	138	1.10896
41	139	0.827743
41	141	1.06343
41	153	1.09281
41	156	1.07255
41	160	1.0829
41	165	0.749699
41	167	1.09362
41	168	0.884402
41	169	0.875798
41	180	0.868802
42	57	1.26801
42	65	1.21448
42	75	1.12387
42	79	1.12387
42	99	1.26927
42	109	0.747052
42	112	0.678535
42	120	0.690535
42	130	1.17108
42	150	0.694769
42	157	1.23604
42	174	0.694254
42	179	1.3934
42	180	0.702942
43	8	1.1197
43	35	1.14364
43	81	1.25764
43	82	1.23749
43	87	1.30714
43	104	1.24757
43	105	0.729084
43	110	0.686827
43	124	1.22583
43	143	0.687113
43	148	0.681386
43	151	0.710062
43	157	1.26114
43	169	0.710851
44	31	0.741475
44	84	0.695449
44	99	0.629204
44	122	0.742753
44	125	1.18666
44	132	0.664487
44	140	1.23787
44	156	0.717474
44	161	1.22625
44	172	1.22784
44	174	1.2325
44	177	1.23905
44	178	1.22439
44	180	1.2255
45	2	0.710114
45	9	1.22281
45	48	0.718492
45	57	1.26682
45	75	1.12269
45	79	1.12269
45	99	1.26808
45	130	1.1699
45	151	0.693893
45	157	1.23486
45	161	0.69958
45	164	0.677891
45	166	0.706284
45	179	1.39222
46	90	0.906764
46	98	1.06752
46	103	0.82434
46	142	1.10638
46	143	0.785222
46	145	0.860324
46	150	1.094
46	161	1.08803
46	169	1.07557
46	170	0.814551
46	174	1.09428
46	177	1.10083
46	178	1.08617
46	180	1.08728
47	51	0.661222
47	74	0.789476
47	78	1.15656
47	90	0.749983
47	116	0.697296
47	135	1.22519
47	143	1.2447
47	146	1.24666
47	159	0.665905
47	162	1.25157
47	168	1.2262
47	171	1.23193
47	174	0.636494
47	176	1.2172
48	45	0.718492
48	72	0.657513
48	117	0.796255
48	141	0.839867
48	148	0.72668
48	149	1.16243
48	158	1.13106
48	166	0.767747
48	167	1.16983
48	168	1.16749
48	170	1.1848
48	171	1.17322
48	173	1.189
48	175	1.16376
48	176	1.15849
49	10	1.13368
49	14	1.14413
49	22	1.18744
49	29	1.13898
49	50	1.16777
49	69	1.07717
49	80	0.835171
49	117	0.809344
49	119	0.72753
49	124	1.15907
49	133	0.757932
49	163	1.21292
49	165	1.27886
49	169	0.769234
49	179	0.614065
50	10	1.13738
50	18	1.13446
50	22	1.19114
50	25	1.12648
50	49	1.16777
50	55	0.812829
50	69	1.08087
50	124	1.16278
50	129	0.715615
50	145	0.80816
50	156	0.804919
50	163	1.21662
50	165	1.28256
50	169	0.756796
50	179	0.601626
51	47	0.661222
51	67	0.750455
51	111	1.19452
51	115	0.810241
51	117	1.13326
51	143	0.717641
51	150	1.1754
51	158	0.777673
51	166	1.15695
51	167	0.772522
51	169	1.15698
51	172	1.17102
51	174	1.17569
51	178	1.16757
51	180	1.16868
52	20	1.14252
52	31	1.15847
52	37	1.11194
52	62	1.20142
52	83	1.28192
52	84	1.16975
52	90	1.13339
52	92	1.13339
52	119	0.722315
52	140	0.734561
52	151	1.16718
52	170	0.769609
52	172	0.752954
52	175	0.783861
52	178	0.740861
53	39	1.21965
53	70	0.741728
53	95	1.16911
53	100	1.19716
53	119	0.732576
53	128	1.17736
53	138	1.17218
53	141	1.12664
53	153	1.15603
53	156	1.13577
53	160	1.14611
53	162	0.762061
53	163	0.72311
53	168	0.782883
53	172	0.763215
54	5	0.689172
54	100	0.66853
54	132	0.671598
54	133	1.23897
54	140	1.25231
54	142	1.25904
54	146	0.695113
54	166	1.22821
54	168	0.685065
54	172	1.24228
54	173	0.685908
54	174	1.24694
54	175	0.696304
54	177	1.2535
54	178	1.23883
54	180	1.23994
55	9	0.752968
55	50	0.812829
55	68	0.891625
55	113	1.06968
55	121	1.17791
55	133	0.777067
55	145	1.11165
55	158	1.08319
55	159	0.802095
55	162	1.14499
55	164	0.771577
55	168	1.11962
55	171	1.12535
55	173	1.14113
55	175	1.11589
55	176	1.11062
56	15	1.07647
56	19	1.06725
56	30	1.10616
56	81	1.1359
56	82	1.11575
56	87	1.1854
56	93	1.14393
56	97	0.744051
56	104	1.12583
56	122	0.877568
56	124	1.10409
56	139	0.75611
56	157	1.1394
56	173	0.813612
56	175	0.824008
56	178	0.781009
57	16	1.18051
57	42	1.26801
57	45	1.26682
57	65	1.23511
57	72	0.616437
57	75	1.1445
57	79	1.1445
57	91	0.662767
57	99	1.28989
57	133	0.703767
57	138	0.710051
57	150	0.699899
57	157	1.25667
57	158	0.751362
57	163	0.663899
57	179	1.41403
58	34	0.716984
58	98	0.811147
58	101	1.14695
58	103	1.10896
58	117	0.852297
58	125	0.816494
58	143	1.1296
58	151	0.811398
58	154	1.0965
58	157	0.800213
58	162	1.13646
58	168	1.11109
58	170	1.1284
58	173	1.1326
58	175	1.10736
58	176	1.10209
59	20	1.09389
59	37	1.06332
59	38	1.18688
59	62	1.15279
59	77	1.06053
59	83	1.2333
59	84	1.12113
59	89	0.809069
59	90	1.08477
59	92	1.08477
59	126	0.815645
59	151	1.11856
59	157	0.795387
59	166	0.818963
59	174	0.791677
59	177	0.778384
60	32	0.749277
60	67	0.787016
60	78	0.862095
60	110	1.1489
60	112	1.14321
60	143	0.754202
60	147	1.09172
60	151	1.11474
60	152	1.11159
60	156	0.826064
60	158	0.814234
60	159	1.12032
60	166	1.10547
60	177	1.13075
60	178	1.11609
60	180	1.1172
61	69	0.807212
61	101	0.640689
61	107	0.668872
61	111	1.27106
61	120	1.25377
61	122	0.695909
61	125	1.20638
61	127	0.705115
61	152	1.23962
61	169	1.23352
61	170	0.628098
61	172	1.24756
61	175	0.642349
61	177	1.25878
61	178	1.24411
61	180	1.24522
62	21	0.748804
62	37	1.13739
62	38	1.26095
62	52	1.20142
62	59	1.15279
62	77	1.1346
62	83	1.30737
62	84	1.1952
62	90	1.15884
62	92	1.15884
62	149	0.741965
62	151	1.19263
62	157	0.703307
62	159	0.729008
62	161	0.720179
62	169	0.715281
62	171	0.744582
63	84	0.855044
63	123	0.804816
63	130	0.904423
63	140	1.07499
63	144	1.06686
63	146	0.847597
63	164	1.07088
63	166	1.05089
63	168	0.83755
63	169	1.05092
63	172	1.06496
63	173	0.838392
63	174	1.06962
63	177	1.07618
63	178	1.06151
63	179	1.25067
63	180	1.06262
64	69	0.833076
64	74	0.785669
64	80	1.11021
64	94	1.11925
64	128	0.649823
64	130	0.723849
64	141	0.732092
64	142	1.21005
64	151	1.18849
64	160	0.692409
64	165	1.30612
64	166	1.17922
64	172	1.19329
64	174	1.19795
64	176	0.670092
64	177	1.20451
64	180	1.19095
65	6	1.19563
65	16	1.12698
65	42	1.21448
65	57	1.23511
65	71	0.74988
65	75	1.09098
65	79	1.09098
65	88	0.804889
65	89	1.14589
65	97	0.67412
65	99	1.23637
65	111	0.683227
65	133	0.722934
65	157	1.20315
65	161	0.739133
65	169	0.734235
65	179	1.3605
66	75	0.786696
66	87	0.680839
66	88	0.752332
66	90	0.779483
66	112	1.20664
66	129	1.21833
66	148	1.19375
66	152	1.17502
66	161	1.18137
66	162	0.66946
66	167	0.712822
66	172	1.18297
66	174	1.18763
66	176	0.7034
66	177	1.19418
66	178	1.17951
66	180	1.18062
67	51	0.750455
67	60	0.787016
67	96	0.731264
67	101	1.2241
67	115	1.16506
67	132	1.21295
67	135	1.18724
67	144	0.739236
67	145	1.18027
67	149	1.18318
67	154	1.17366
67	165	0.615311
67	166	0.753013
67	173	1.20976
67	175	1.18452
67	176	1.17925
67	180	0.734415
68	25	0.87997
68	26	1.04842
68	55	0.891625
68	73	0.835834
68	117	1.0539
68	136	0.816553
68	143	0.811854
68	144	1.09357
68	147	1.06385
68	159	1.09245
68	161	1.09007
68	166	1.07759
68	172	1.09167
68	174	1.09633
68	176	0.857313
68	177	1.10288
68	180	1.08932
69	1	1.11604
69	7	0.852531
69	10	1.04678
69	14	1.05723
69	18	1.04386
69	25	1.03588
69	29	1.05208
69	49	1.07717
69	50	1.08087
69	61	0.807212
69	64	0.833076
69	124	1.07218
69	158	0.953334
69	163	1.12602
69	165	1.19196
69	178	0.893884
69	179	0.761871
70	25	0.744162
70	53	0.741728
70	73	0.700025
70	93	0.700101
70	95	0.731385
70	100	0.691853
70	140	1.19653
70	141	0.783505
70	164	1.19241
70	170	1.2015
70	171	1.18992
70	173	1.20571
70	174	1.19116
70	175	1.18047
70	176	1.1752
70	178	1.18304
70	180	1.18415
71	10	0.781779
71	65	0.74988
71	72	1.21994
71	86	1.11717
71	102	1.11678
71	106	0.780364
71	118	1.13699
71	128	0.749432
71	137	0.760469
71	159	1.12644
71	160	0.792018
71	164	1.13157
71	165	1.23848
71	171	0.77728
71	174	1.13031
71	177	1.13686
71	178	1.1222
71	180	1.12331
72	48	0.657513
72	57	0.616437
72	71	1.21994
72	82	0.694176
72	93	0.63402
72	94	1.18825
72	108	1.21897
72	113	0.710395
72	116	0.678821
72	141	0.717425
72	147	1.23447
72	155	1.23112
72	156	0.681827
72	174	1.26695
72	177	1.27351
72	178	1.25884
72	179	1.448
72	180	1.25995
73	13	1.17417
73	68	0.835834
73	70	0.700025
73	95	1.23121
73	120	1.22511
73	128	1.23947
73	131	1.17916
73	134	1.21896
73	141	1.18875
73	151	0.731788
73	153	1.21813
73	156	1.19787
73	160	1.20822
73	163	0.681407
73	167	1.21894
73	175	0.752419
73	177	0.7036
73	179	0.577407
73	180	0.72558
74	47	0.789476
74	64	0.785669
74	116	1.12369
74	119	0.827929
74	128	1.13023
74	129	0.828453
74	131	1.06992
74	133	1.10635
74	134	1.10972
74	136	1.14939
74	138	1.12504
74	141	1.07951
74	153	1.10889
74	156	1.08864
74	160	1.09898
74	165	0.743533
74	167	1.1097
74	168	0.878237
74	174	0.853949
75	6	1.10502
75	9	1.10049
75	16	1.03637
75	42	1.12387
75	45	1.12269
75	57	1.1445
75	65	1.09098
75	66	0.786696
75	79	1.00037
75	99	1.14576
75	130	1.04758
75	133	0.82605
75	142	0.814494
75	143	0.813614
75	148	0.807887
75	152	0.818283
75	157	1.11254
75	161	0.84225
75	179	1.26989
76	3	1.24246
76	103	0.734515
76	106	1.19922
76	107	1.20589
76	110	0.695111
76	116	1.21792
76	122	1.18843
76	123	0.695005
76	136	1.24362
76	138	1.21927
76	143	0.695397
76	153	1.20312
76	156	1.18287
76	159	0.732862
76	160	1.19321
76	164	0.702344
76	167	1.20393
76	171	0.748436
76	178	0.695979
77	20	1.0757
77	29	0.864699
77	31	1.09165
77	33	1.17219
77	37	1.04512
77	38	1.16869
77	59	1.06053
77	62	1.1346
77	83	1.2151
77	84	1.10294
77	90	1.06658
77	92	1.06657
77	123	0.785963
77	138	0.805075
77	139	0.762037
77	151	1.10037
77	158	0.846387
77	162	0.797875
77	176	0.831814
78	1	0.78507
78	19	0.88908
78	47	1.15656
78	60	0.862095
78	83	0.726425
78	100	0.808559
78	123	1.15083
78	126	0.824773
78	145	1.08579
78	146	1.11423
78	154	1.07917
78	162	1.11913
78	168	1.09376
78	170	1.11107
78	171	1.09949
78	172	0.805425
78	173	1.11527
78	175	1.09003
78	176	1.08476
79	6	1.10502
79	9	1.10049
79	16	1.03637
79	26	0.823849
79	42	1.12387
79	45	1.12269
79	57	1.1445
79	65	1.09098
79	75	1.00037
79	98	0.832996
79	99	1.14576
79	111	0.783027
79	130	1.04758
79	157	1.11254
79	158	0.870329
79	159	0.847763
79	165	0.707936
79	170	0.839627
79	179	1.26989
80	6	0.775021
80	49	0.835171
80	64	1.11021
80	91	1.15947
80	113	0.874964
80	136	0.779234
80	138	0.793254
80	144	1.08682
80	148	1.0957
80	152	1.07697
80	153	0.827165
80	164	1.09083
80	166	1.07085
80	172	1.08492
80	173	0.807719
80	174	1.08958
80	178	1.08147
80	179	1.27063
80	180	1.08258
81	8	1.07976
81	15	1.15827
81	19	1.14905
81	24	1.15161
81	35	1.1037
81	40	1.11202
81	43	1.25764
81	56	1.1359
81	82	1.19756
81	93	1.22574
81	104	1.20763
81	114	0.723942
81	131	0.819907
81	140	0.718269
81	150	0.732557
81	157	1.22121
81	169	0.747726
81	171	0.777027
81	173	0.757173
81	178	0.724569
82	1	0.761388
82	8	1.05961
82	24	1.13146
82	30	1.16782
82	35	1.08356
82	43	1.23749
82	56	1.11575
82	72	0.694176
82	81	1.19756
82	87	1.24705
82	93	1.20559
82	104	1.18748
82	119	0.751104
82	124	1.16575
82	134	0.807202
82	152	0.773738
82	157	1.20106
82	170	0.798398
82	172	0.781743
82	179	0.637638
83	20	1.24847
83	23	0.722757
83	33	1.34495
83	38	1.34146
83	52	1.28192
83	59	1.2333
83	62	1.30737
83	77	1.2151
83	78	0.726425
83	84	1.2757
83	90	1.23934
83	92	1.23934
83	145	0.693635
83	150	0.627101
83	151	1.27313
83	159	0.655997
83	166	0.653872
83	169	0.64227
83	172	0.631205
83	173	0.651717
84	31	1.15225
84	33	1.23278
84	37	1.10572
84	38	1.22929
84	44	0.695449
84	52	1.16975
84	59	1.12113
84	62	1.1952
84	63	0.855044
84	77	1.10294
84	83	1.2757
84	90	1.12717
84	92	1.12717
84	133	0.747131
84	151	1.16097
84	162	0.746215
84	163	0.707264
84	166	0.770036
84	178	0.735277
84	180	0.751437
85	22	0.70609
85	29	0.764239
85	90	0.807438
85	104	0.761117
85	105	1.14744
85	119	1.16525
85	125	1.11785
85	128	0.711085
85	130	0.785111
85	148	1.16982
85	156	0.757757
85	157	0.697659
85	165	1.27186
85	170	1.17404
85	171	1.16246
85	173	1.17824
85	175	1.153
85	176	1.14773
85	178	1.15558
85	180	1.15669
86	3	0.705938
86	38	0.720879
86	71	1.11717
86	98	1.13742
86	107	0.77345
86	128	0.728537
86	135	0.757774
86	139	1.15982
86	140	1.16956
86	141	0.810807
86	147	1.13171
86	166	1.14546
86	167	0.758228
86	168	0.735689
86	169	1.14548
86	174	1.16419
86	177	1.17074
86	178	1.15608
86	179	1.34524
86	180	1.15718
87	15	1.20777
87	19	1.19855
87	24	1.20111
87	35	1.1532
87	40	1.16151
87	43	1.30714
87	56	1.1854
87	66	0.680839
87	82	1.24705
87	93	1.27523
87	104	1.25712
87	111	0.680487
87	120	0.712093
87	124	1.23539
87	139	0.68344
87	144	0.729321
87	157	1.2707
87	163	0.680326
87	169	0.731496
87	174	0.715812
87	177	0.702519
88	12	1.08687
88	65	0.804889
88	66	0.752332
88	96	0.792842
88	98	0.801949
88	101	1.15858
88	114	1.16502
88	115	1.09953
88	123	1.17979
88	127	1.08783
88	132	1.14743
88	134	0.817384
88	148	0.773524
88	149	1.11766
88	162	1.14809
88	164	0.786198
88	168	1.12272
88	171	1.12845
88	173	1.14423
88	176	1.11372
88	178	0.779832
89	59	0.809069
89	65	1.14589
89	91	1.21365
89	97	0.673928
89	99	1.20067
89	116	0.779161
89	130	1.10249
89	134	0.748438
89	150	1.14348
89	157	1.16744
89	159	1.13988
89	162	0.721825
89	170	0.739634
89	171	0.763344
89	172	1.1391
89	176	0.755764
89	177	1.15031
89	178	1.13564
89	179	1.3248
89	180	1.13675
90	20	1.09994
90	31	1.11589
90	33	1.19642
90	37	1.06936
90	38	1.19293
90	46	0.906764
90	47	0.749983
90	52	1.13339
90	59	1.08477
90	62	1.15884
90	66	0.779483
90	77	1.06658
90	83	1.23934
90	84	1.12717
90	85	0.807438
90	92	1.09081
90	133	0.818838
90	151	1.12461
90	154	0.863456
90	165	0.70404
90	179	0.67497
91	57	0.662767
91	80	1.15947
91	89	1.21365
91	93	0.680351
91	95	0.711635
91	122	0.753436
91	125	1.20137
91	140	1.25258
91	143	0.656296
91	147	1.21474
91	152	1.23461
91	154	0.713351
91	155	1.21138
91	166	1.22848
91	171	0.709335
91	172	1.24256
91	174	1.24722
91	175	0.699876
91	176	0.701755
91	177	1.25377
91	180	1.24021
92	20	1.09994
92	31	1.11589
92	33	1.19642
92	37	1.06936
92	38	1.19293
92	52	1.13339
92	59	1.08477
92	62	1.15884
92	77	1.06657
92	83	1.23934
92	84	1.12717
92	90	1.09081
92	94	0.856607
92	110	0.765784
92	132	0.784945
92	150	0.774639
92	151	1.1246
92	161	0.794706
92	172	0.778744
92	174	0.774125
92	180	0.782812
93	15	1.1663
93	19	1.15708
93	24	1.15964
93	30	1.196
93	35	1.11174
93	40	1.12005
93	56	1.14393
93	70	0.700101
93	72	0.63402
93	81	1.22574
93	82	1.20559
93	87	1.27523
93	91	0.680351
93	104	1.21566
93	115	0.801514
93	116	0.77777
93	124	1.19393
93	127	0.815261
93	144	0.730477
93	157	1.22924
93	168	0.741256
93	174	0.716968
94	64	1.11925
94	72	1.18825
94	92	0.856607
94	117	1.0562
94	123	0.775004
94	124	0.800313
94	126	1.07713
94	127	0.881742
94	129	1.12933
94	138	0.794116
94	142	1.11072
94	147	1.06614
94	154	0.832451
94	159	1.09475
94	161	1.09237
94	167	0.830277
94	169	1.07992
94	174	1.09863
94	175	0.818976
94	177	1.10518
94	178	1.09051
94	180	1.09162
95	7	1.20732
95	53	1.16911
95	70	0.731385
95	73	1.23121
95	91	0.711635
95	107	1.18231
95	116	1.19433
95	124	0.765116
95	128	1.20088
95	131	1.14057
95	135	0.794626
95	136	1.22004
95	138	1.19569
95	140	0.734479
95	141	1.15016
95	153	1.17954
95	154	0.797254
95	156	1.15928
95	160	1.16962
95	163	0.712767
95	174	0.748253
95	179	0.608767
96	3	0.701041
96	4	0.708712
96	6	0.698937
96	30	0.809672
96	67	0.731264
96	88	0.792842
96	99	0.682041
96	125	1.13722
96	132	0.717325
96	142	1.19516
96	144	1.1803
96	147	1.15058
96	155	1.14723
96	164	1.18432
96	166	1.16433
96	167	0.753331
96	169	1.16435
96	172	1.1784
96	174	1.18306
96	178	1.17495
96	179	1.36411
96	180	1.17606
97	11	0.752545
97	29	0.726825
97	56	0.744051
97	65	0.67412
97	89	0.673928
97	113	1.18493
97	114	1.27717
97	118	0.656568
97	125	0.676527
97	126	0.680504
97	132	1.25958
97	145	1.2269
97	149	1.22982
97	153	0.701113
97	154	1.22029
97	162	1.26025
97	163	0.62105
97	168	1.23488
97	170	1.25219
97	171	1.24061
97	173	1.25639
97	175	1.23115
97	176	1.22588
98	46	1.06752
98	58	0.811147
98	79	0.832996
98	86	1.13742
98	88	0.801949
98	101	0.749478
98	108	1.10258
98	111	1.1694
98	132	0.726432
98	143	0.707557
98	149	0.757979
98	152	1.13795
98	155	1.11473
98	163	1.19278
98	166	1.13183
98	169	1.13185
98	172	1.1459
98	174	1.15056
98	175	0.751138
98	176	0.753016
98	178	1.14245
98	179	1.33161
98	180	1.14355
99	6	1.25041
99	9	1.24588
99	16	1.18177
99	42	1.26927
99	44	0.629204
99	45	1.26808
99	57	1.28989
99	65	1.23637
99	75	1.14576
99	79	1.14576
99	89	1.20067
99	96	0.682041
99	119	0.650485
99	125	0.696495
99	127	0.774796
99	130	1.19297
99	148	0.662723
99	153	0.721081
99	157	1.25793
99	166	0.70379
99	168	0.700792
99	179	1.41529
99	180	0.685192
100	13	1.16363
100	53	1.19716
100	54	0.66853
100	70	0.691853
100	78	0.808559
100	106	1.20368
100	109	0.761518
100	119	0.682701
100	120	1.21457
100	122	1.1929
100	129	0.683224
100	131	1.16862
100	134	1.20842
100	136	1.24809
100	138	1.22374
100	141	1.17821
100	146	0.743055
100	149	0.751088
100	153	1.20759
100	156	1.18733
100	160	1.19767
100	167	1.2084
100	177	0.695427
100	180	0.717408
101	58	1.14695
101	61	0.640689
101	67	1.2241
101	88	1.15858
101	98	0.749478
101	112	0.719115
101	115	1.17607
101	123	1.25633
101	129	0.709338
101	130	0.825996
101	132	1.22396
101	143	1.21776
101	145	1.19128
101	149	1.19419
101	151	0.749729
101	168	1.19925
101	169	0.750518
101	171	1.20498
101	173	1.22077
101	175	1.19553
101	176	1.19026
101	178	0.727361
101	179	0.595348
101	180	0.743521
102	8	0.870486
102	18	0.743389
102	35	0.813807
102	71	1.11678
102	120	1.16534
102	125	1.11795
102	132	0.695498
102	135	0.731051
102	139	1.15943
102	142	1.17589
102	144	1.16104
102	146	0.719013
102	149	0.727045
102	154	0.733678
102	155	1.12796
102	156	0.748485
102	159	1.15992
102	164	1.16505
102	168	0.708965
102	172	1.15914
102	174	1.1638
102	177	1.17035
102	178	1.15568
102	179	1.34484
102	180	1.15679
103	46	0.82434
103	58	1.10896
103	76	0.734515
103	106	0.780099
103	121	1.21955
103	123	1.21833
103	139	0.699659
103	143	1.17977
103	145	1.15329
103	146	1.18173
103	149	1.1562
103	151	0.746926
103	154	1.14667
103	158	1.12483
103	161	0.752613
103	166	0.759317
103	167	1.1636
103	168	1.16126
103	169	0.747715
103	170	1.17857
103	171	1.16699
103	173	1.18277
103	175	1.15753
103	178	0.724558
103	180	0.740718
104	8	1.06968
104	9	0.748418
104	10	0.817618
104	15	1.14819
104	19	1.13898
104	24	1.14153
104	30	1.17789
104	35	1.09363
104	40	1.10194
104	43	1.24757
104	56	1.12583
104	81	1.20763
104	82	1.18748
104	85	0.761117
104	87	1.25712
104	93	1.21566
104	119	0.742115
104	124	1.17582
104	142	0.76096
104	148	0.754353
104	150	0.768649
104	157	1.21113
104	177	0.754842
104	179	0.628649
104	180	0.776822
105	5	1.1848
105	43	0.729084
105	85	1.14744
105	108	0.780629
105	114	1.1964
105	118	0.734917
105	121	1.21239
105	132	1.17881
105	135	1.1531
105	138	0.745551
105	140	0.721111
105	145	1.14613
105	146	1.17457
105	150	1.16079
105	152	0.731499
105	154	1.13951
105	156	0.798692
105	159	0.764295
105	166	0.76217
105	168	1.1541
105	170	1.17141
105	171	1.15983
105	173	1.17561
105	176	1.14511
105	180	0.743572
106	71	0.780364
106	76	1.19922
106	100	1.20368
106	103	0.780099
106	107	1.16532
106	111	0.713711
106	116	1.17735
106	121	0.750944
106	122	1.14786
106	128	1.18389
106	131	1.12358
106	134	1.16338
106	136	1.20305
106	138	1.1787
106	139	0.716663
106	141	1.13317
106	151	0.76393
106	153	1.16255
106	156	1.14229
106	160	1.15264
106	164	0.747928
106	167	1.16336
106	169	0.764719
106	177	0.735742
106	180	0.757723
107	6	0.755449
107	39	1.23285
107	41	1.09558
107	61	0.668872
107	76	1.20589
107	86	0.77345
107	95	1.18231
107	106	1.16532
107	122	1.15453
107	128	1.19056
107	131	1.13025
107	134	1.17005
107	138	1.18538
107	141	1.13984
107	151	0.777911
107	153	1.16923
107	156	1.14897
107	158	0.814994
107	160	1.15931
107	162	0.766482
107	167	1.17003
107	169	0.7787
107	173	0.788147
107	178	0.755543
107	179	0.623531
108	72	1.21897
108	98	1.10258
108	105	0.780629
108	117	1.08692
108	118	1.13602
108	124	0.763576
108	137	0.774886
108	142	1.14144
108	143	0.738658
108	146	0.781048
108	147	1.09686
108	149	0.78908
108	150	1.12906
108	158	0.79869
108	160	0.806434
108	161	1.12309
108	166	1.11061
108	169	1.11064
108	172	1.12468
108	173	0.771843
108	174	1.12934
108	175	0.782239
108	177	1.13589
108	178	1.12123
108	179	1.31039
108	180	1.12234
109	2	1.18427
109	17	1.12047
109	42	0.747052
109	100	0.761518
109	110	0.745425
109	113	1.1002
109	123	1.20722
109	127	1.11526
109	135	1.14914
109	137	1.16014
109	140	0.739992
109	145	1.14218
109	146	1.17061
109	147	0.788403
109	150	1.15683
109	152	0.750379
109	154	1.13556
109	155	0.787602
109	156	0.817572
109	159	0.783176
109	161	0.774347
109	162	1.17552
109	163	0.718279
109	170	1.16746
109	171	1.15588
109	173	1.17166
109	175	1.14642
109	176	1.14115
110	43	0.686827
110	60	1.1489
110	76	0.695111
110	92	0.765784
110	109	0.745425
110	121	0.694536
110	126	1.18054
110	128	0.709763
110	129	1.23273
110	139	1.19765
110	140	1.20739
110	142	1.21412
110	145	0.759676
110	146	0.726962
110	149	0.734995
110	150	1.20175
110	152	1.18942
110	153	0.737204
110	155	1.16619
110	159	1.19815
110	161	1.19577
110	164	1.20328
110	166	1.18329
110	169	1.18332
110	170	0.713902
110	173	0.717758
110	177	1.20858
110	178	1.19391
110	180	1.19502
111	19	0.753918
111	24	0.76944
111	34	1.25021
111	38	0.675121
111	39	0.689103
111	51	1.19452
111	61	1.27106
111	65	0.683227
111	79	0.783027
111	87	0.680487
111	98	1.1694
111	106	0.713711
111	113	1.13926
111	125	1.15032
111	130	0.756805
111	131	0.753508
111	146	1.20966
111	153	0.71022
111	158	1.15277
111	160	0.725365
111	168	1.1892
111	170	1.20651
111	171	1.19493
111	173	1.21071
111	174	1.19616
111	175	1.18547
111	177	1.20271
111	178	1.18805
111	180	1.18916
112	2	0.716365
112	12	0.761682
112	39	0.708709
112	42	0.678535
112	60	1.14321
112	66	1.20664
112	101	0.719115
112	117	1.15391
112	125	1.15049
112	133	1.18836
112	139	1.19197
112	140	1.2017
112	148	1.20246
112	149	0.727616
112	155	1.1605
112	156	0.749056
112	160	0.744971
112	161	1.19008
112	164	1.19759
112	166	1.1776
112	169	1.17763
112	171	0.730233
112	173	0.710379
112	175	0.720775
112	176	0.722654
112	177	1.20289
112	178	1.18822
112	179	1.37738
112	180	1.18933
113	4	1.1607
113	55	1.06968
113	72	0.710395
113	80	0.874964
113	97	1.18493
113	109	1.1002
113	111	1.13926
113	118	0.793376
113	121	1.17174
113	123	1.17053
113	125	0.813334
113	132	1.13816
113	143	1.13196
113	144	0.806852
113	146	1.13392
113	149	1.1084
113	150	1.12014
113	152	0.789958
113	156	0.857151
113	158	1.07702
113	165	0.682927
113	166	0.820629
113	168	1.11346
113	170	1.13077
113	173	1.13497
113	175	1.10973
113	176	1.10446
113	177	0.78005
113	178	0.78587
114	12	1.16984
114	30	0.796035
114	39	0.716327
114	40	0.868742
114	81	0.723942
114	88	1.16502
114	97	1.27717
114	105	1.1964
114	115	1.18251
114	118	0.6929
114	121	1.26398
114	127	1.1708
114	137	1.21569
114	143	1.2242
114	145	1.19772
114	146	1.22616
114	153	0.737444
114	154	1.19111
114	155	0.726705
114	158	1.16926
114	159	0.722278
114	164	0.69176
114	167	1.20803
114	168	1.2057
114	170	1.223
114	171	1.21143
114	172	0.697487
114	175	1.20197
114	178	0.685394
114	179	0.553382
114	180	0.701555
115	27	1.11375
115	28	1.11197
115	51	0.810241
115	67	1.16506
115	88	1.09953
115	93	0.801514
115	101	1.17607
115	114	1.18251
115	120	0.781794
115	123	1.19728
115	124	0.802376
115	127	1.10532
115	129	0.760016
115	137	1.15021
115	142	0.778338
115	146	1.16068
115	149	1.13515
115	154	1.12562
115	158	1.10378
115	163	0.750027
115	165	0.675097
115	168	1.14021
115	169	0.801196
115	170	1.15752
115	171	1.14594
115	172	0.790132
115	173	1.16172
115	175	1.13648
115	176	1.13121
115	177	0.77222
115	180	0.7942
116	11	1.15761
116	26	0.767266
116	34	0.68225
116	39	1.24487
116	47	0.697296
116	72	0.678821
116	74	1.12369
116	76	1.21792
116	89	0.779161
116	93	0.77777
116	95	1.19433
116	106	1.17735
116	122	1.16656
116	128	1.20259
116	130	1.14542
116	131	1.14228
116	133	1.17871
116	134	1.18208
116	136	1.22175
116	138	1.1974
116	141	1.15187
116	148	0.747987
116	153	1.18125
116	156	1.16099
116	160	1.17134
116	163	0.726283
116	167	1.18206
116	171	0.806753
116	172	0.766388
116	176	0.799174
116	178	0.754296
116	179	0.622283
117	14	0.826676
117	21	1.08347
117	48	0.796255
117	49	0.809344
117	51	1.13326
117	58	0.852297
117	68	1.0539
117	94	1.0562
117	108	1.08692
117	112	1.15391
117	118	1.14158
117	121	0.75867
117	129	1.1656
117	134	0.78684
117	145	0.82381
117	146	0.791096
117	148	1.14103
117	150	1.13462
117	152	1.12229
117	154	0.805762
117	155	1.09907
117	161	1.12865
117	162	0.760227
117	164	1.13616
117	166	1.11617
117	169	1.1162
117	173	0.781892
117	174	1.1349
117	176	0.794166
117	177	1.14145
117	178	1.12679
117	180	1.1279
118	5	0.729394
118	23	0.797171
118	33	0.731997
118	71	1.13699
118	97	0.656568
118	105	0.734917
118	108	1.13602
118	113	0.793376
118	114	0.6929
118	117	1.14158
118	123	0.692554
118	125	1.13816
118	139	1.17963
118	140	1.18937
118	141	0.800405
118	144	1.18124
118	147	1.15152
118	159	1.18013
118	160	0.760722
118	161	1.17775
118	162	0.704465
118	164	1.18526
118	166	1.16527
118	167	0.747827
118	169	1.1653
118	171	0.745984
118	172	1.17934
118	174	1.184
118	177	1.19056
118	178	1.17589
118	179	1.36505
118	180	1.177
119	12	1.13607
119	15	0.791974
119	49	0.72753
119	52	0.722315
119	53	0.732576
119	74	0.827929
119	82	0.751104
119	85	1.16525
119	99	0.650485
119	100	0.682701
119	104	0.742115
119	123	1.22899
119	126	1.15739
119	130	0.76611
119	138	0.685614
119	141	0.774353
119	144	1.17612
119	145	1.16395
119	146	1.19238
119	147	1.1464
119	148	1.18501
119	154	1.15733
119	156	0.738755
119	162	1.19729
119	165	1.28705
119	169	1.16018
119	170	1.18923
119	171	1.17765
119	172	1.17422
119	176	1.16292
119	178	1.17077
119	180	1.17188
120	15	0.814275
120	29	0.767538
120	42	0.690535
120	61	1.25377
120	73	1.22511
120	87	0.712093
120	100	1.21457
120	102	1.16534
120	115	0.781794
120	128	1.19477
120	132	0.708069
120	133	1.17089
120	134	1.17426
120	135	0.743621
120	138	1.18958
120	141	1.14405
120	147	1.14639
120	150	1.17859
120	154	0.746249
120	156	1.15318
120	158	0.749226
120	159	1.17499
120	160	1.16352
120	162	0.700714
120	164	1.18012
120	166	1.16014
120	169	1.16016
120	170	0.718523
120	173	0.722379
120	174	1.17887
120	176	0.734653
120	180	1.17186
121	12	1.18583
121	13	0.772046
121	33	0.733873
121	55	1.17791
121	103	1.21955
121	105	1.21239
121	106	0.750944
121	110	0.694536
121	113	1.17174
121	114	1.26398
121	117	0.75867
121	126	0.726844
121	137	1.23168
121	142	0.695702
121	145	1.21371
121	147	0.737514
121	149	1.21663
121	150	1.22837
121	154	1.2071
121	158	1.18525
121	163	0.667391
121	167	1.22402
121	168	1.22169
121	169	0.71856
121	170	1.23899
121	171	1.22742
121	173	1.2432
121	175	1.21796
121	176	1.21269
121	177	0.689583
121	178	0.695403
121	179	0.563391
121	180	0.711564
122	26	0.79555
122	44	0.742753
122	56	0.877568
122	61	0.695909
122	76	1.18843
122	91	0.753436
122	100	1.1929
122	106	1.14786
122	107	1.15453
122	116	1.16656
122	127	1.11534
122	134	1.15259
122	135	1.14923
122	136	1.19226
122	137	1.16023
122	140	0.77628
122	144	0.803562
122	148	0.776272
122	153	1.15176
122	156	1.13151
122	158	1.1138
122	160	1.14185
122	162	1.17561
122	164	0.788946
122	165	0.679637
122	168	1.15023
122	171	1.15596
122	173	1.17175
122	175	1.14651
122	176	1.14124
122	177	0.77676
122	179	0.650568
122	180	0.798741
123	5	1.25117
123	63	0.804816
123	76	0.695005
123	77	0.785963
123	78	1.15083
123	88	1.17979
123	94	0.775004
123	101	1.25633
123	103	1.21833
123	109	1.20722
123	113	1.17053
123	115	1.19728
123	118	0.692554
123	119	1.22899
123	129	0.667025
123	132	1.24518
123	135	1.21946
123	140	0.678748
123	143	1.23897
123	144	0.70603
123	149	1.21541
123	155	0.726359
123	158	1.18404
123	161	0.713103
123	162	1.24584
123	165	0.582105
123	166	0.719807
123	168	1.22047
123	173	1.24198
123	174	0.692521
123	175	1.21674
123	176	1.21147
123	177	0.679228
124	8	1.04795
124	10	1.12869
124	18	1.12576
124	19	1.11724
124	22	1.18244
124	23	0.814001
124	25	1.11779
124	29	1.13399
124	40	1.08021
124	43	1.22583
124	49	1.15907
124	50	1.16278
124	56	1.10409
124	69	1.07218
124	82	1.16575
124	87	1.23539
124	93	1.19393
124	94	0.800313
124	95	0.765116
124	104	1.17582
124	108	0.763576
124	115	0.802376
124	125	0.737822
124	126	0.741798
124	133	0.722212
124	137	0.746004
124	146	0.752166
124	149	0.760198
124	155	0.751668
124	157	1.18939
124	159	0.747241
124	163	1.20793
124	165	1.27387
125	4	0.723166
125	10	0.770442
125	20	0.826328
125	27	0.805504
125	44	1.18666
125	58	0.816494
125	61	1.20638
125	85	1.11785
125	91	1.20137
125	96	1.13722
125	97	0.676527
125	99	0.696495
125	102	1.11795
125	111	1.15032
125	112	1.15049
125	113	0.813334
125	118	1.13816
125	124	0.737822
125	129	1.16219
125	131	0.808823
125	138	0.731625
125	144	1.12872
125	155	1.09565
125	159	1.12761
125	161	1.12523
125	165	1.23965
125	169	1.11278
125	170	0.742233
125	172	1.12682
125	173	0.746089
125	177	1.13803
125	179	1.31253
125	180	1.12448
126	18	0.783647
126	59	0.815645
126	78	0.824773
126	94	1.07713
126	97	0.680504
126	110	1.18054
126	119	1.15739
126	121	0.726844
126	124	0.741798
126	129	1.18654
126	139	1.15146
126	142	1.16793
126	144	1.15308
126	152	1.14323
126	153	0.769512
126	155	1.12
126	156	0.788743
126	157	0.728645
126	159	1.15196
126	160	0.784657
126	161	1.14958
126	162	0.728401
126	164	1.15709
126	165	1.264
126	166	1.1371
126	167	0.771762
126	169	1.13713
126	170	0.74621
126	172	1.15117
126	174	1.15584
126	177	1.16239
126	178	1.14772
126	180	1.14883
127	4	1.17575
127	32	1.19088
127	61	0.705115
127	88	1.08783
127	93	0.815261
127	94	0.881742
127	99	0.774796
127	109	1.11526
127	114	1.1708
127	115	1.10532
127	122	1.11534
127	132	1.15321
127	135	1.1275
127	137	1.1385
127	139	0.766888
127	140	0.785486
127	142	0.792085
127	143	1.14701
127	145	1.12054
127	147	0.833898
127	150	1.13519
127	153	0.843836
127	154	1.11392
127	157	0.802969
127	158	1.09207
127	162	1.15388
127	163	0.763774
127	168	1.12851
127	171	1.13424
127	173	1.15002
127	175	1.12478
127	176	1.11951
127	177	0.785967
127	179	0.659774
128	3	1.22714
128	39	1.25142
128	53	1.17736
128	64	0.649823
128	71	0.749432
128	73	1.23947
128	74	1.13023
128	85	0.711085
128	86	0.728537
128	95	1.20088
128	106	1.18389
128	107	1.19056
128	110	0.709763
128	116	1.20259
128	120	1.19477
128	130	1.15196
128	131	1.14882
128	134	1.18862
128	136	1.22829
128	138	1.20394
128	141	1.15841
128	144	0.731612
128	153	1.1878
128	156	1.16754
128	159	0.747514
128	160	1.17788
128	164	0.716996
128	167	1.1886
128	168	0.742391
128	171	0.763088
128	174	0.718103
128	175	0.75363
128	176	0.755508
128	180	0.726791
129	33	0.706468
129	36	1.12299
129	38	0.684949
129	40	0.851346
129	50	0.715615
129	66	1.21833
129	74	0.828453
129	94	1.12933
129	100	0.683224
129	101	0.709338
129	110	1.23273
129	115	0.760016
129	117	1.1656
129	123	0.667025
129	125	1.16219
129	126	1.18654
129	131	0.763336
129	135	0.721844
129	137	0.703645
129	139	1.20366
129	140	1.2134
129	147	1.17555
129	152	1.19542
129	155	1.17219
129	159	1.20415
129	161	1.20177
129	169	1.18932
129	170	0.696746
129	172	1.20337
129	173	0.700601
129	174	1.20803
129	177	1.21458
129	178	1.19991
129	180	1.20102
130	6	1.15223
130	9	1.1477
130	16	1.08358
130	41	1.05698
130	42	1.17108
130	45	1.1699
130	63	0.904423
130	64	0.723849
130	75	1.04758
130	79	1.04758
130	85	0.785111
130	89	1.10249
130	99	1.19297
130	101	0.825996
130	111	0.756805
130	116	1.14542
130	119	0.76611
130	128	1.15196
130	131	1.09165
130	132	0.80295
130	134	1.13145
130	138	1.14677
130	141	1.10124
130	152	0.788744
130	153	1.13062
130	157	1.15975
130	160	1.12071
130	165	0.681713
130	167	1.13143
130	172	0.796749
130	174	0.792129
130	178	0.784656
130	179	1.3171
130	180	0.800817
131	3	1.16683
131	11	1.10384
131	39	1.19111
131	73	1.17916
131	74	1.06992
131	81	0.819907
131	95	1.14057
131	100	1.16862
131	106	1.12358
131	107	1.13025
131	111	0.753508
131	116	1.14228
131	125	0.808823
131	128	1.14882
131	129	0.763336
131	130	1.09165
131	133	1.12494
131	134	1.12831
131	136	1.16798
131	138	1.14363
131	140	0.775059
131	141	1.0981
131	147	0.82347
131	149	0.8312
131	150	0.789347
131	153	1.12749
131	156	1.10723
131	160	1.11757
131	163	0.753347
131	167	1.12829
131	174	0.788832
131	175	0.824359
131	176	0.826237
131	179	0.649347
132	28	1.15987
132	31	0.799597
132	44	0.664487
132	54	0.671598
132	67	1.21295
132	88	1.14743
132	92	0.784945
132	96	0.717325
132	97	1.25958
132	98	0.726432
132	101	1.22396
132	102	0.695498
132	105	1.17881
132	113	1.13816
132	120	0.708069
132	123	1.24518
132	127	1.15321
132	130	0.80295
132	139	0.679416
132	142	0.704614
132	143	1.20661
132	145	1.18013
132	146	1.20857
132	147	0.746426
132	154	1.17352
132	158	1.15167
132	160	0.77151
132	161	0.73237
132	168	1.1881
132	170	1.20541
132	171	1.19383
132	173	1.20962
132	175	1.18438
132	176	1.17911
133	14	0.775264
133	32	0.69237
133	49	0.757932
133	54	1.23897
133	55	0.777067
133	57	0.703767
133	65	0.722934
133	74	1.10635
133	75	0.82605
133	84	0.747131
133	90	0.818838
133	112	1.18836
133	116	1.17871
133	120	1.17089
133	124	0.722212
133	131	1.12494
133	134	1.16474
133	136	1.20441
133	139	1.16497
133	141	1.13453
133	148	1.17547
133	153	1.16391
133	154	0.75435
133	156	1.14365
133	160	1.154
133	163	1.21157
133	164	1.1706
133	166	1.15061
133	168	0.729637
133	169	1.15064
133	170	0.726624
133	172	1.16469
133	175	0.740876
133	177	1.1759
133	180	1.16234
134	7	1.19507
134	11	1.14364
134	73	1.21896
134	74	1.10972
