1	39	1.35556
1	40	1.3667
1	65	1.48548
1	68	1.33922
1	69	1.29009
1	73	1.42827
1	145	0.489855
1	146	1.33468
1	147	0.483345
1	173	0.47659
1	175	0.476326
1	180	0.478576
2	59	0.626439
2	136	0.578039
2	140	0.59344
2	161	1.20162
2	166	0.594497
2	171	1.2046
2	172	1.2016
2	173	1.20689
2	177	1.19492
2	178	1.2098
2	179	1.17398
2	180	1.2066
3	10	1.25503
3	95	1.3842
3	110	0.463275
3	126	1.38705
3	145	0.48963
3	148	0.472493
3	156	0.481124
3	162	0.486393
3	173	1.40101
3	178	1.40392
3	179	1.36809
3	180	1.40072
4	39	1.35681
4	47	1.30712
4	65	1.48673
4	69	1.29134
4	73	1.42953
4	90	0.464318
4	105	0.48664
4	123	1.39252
4	146	1.33593
4	172	0.491824
4	178	0.479467
4	180	0.483562
5	74	0.520641
5	125	0.467569
5	141	0.473259
5	156	0.462315
5	166	0.468208
5	168	1.36496
5	171	1.37764
5	173	1.37994
5	177	1.36797
5	178	1.38285
5	179	1.34702
5	180	1.37964
6	34	1.25456
6	62	1.38289
6	71	1.28044
6	72	1.40411
6	74	1.28044
6	83	1.48898
6	100	0.448304
6	157	0.478272
6	161	0.495333
6	164	0.498011
6	169	1.50859
6	178	0.485003
7	58	1.3338
7	106	1.38913
7	121	1.36913
7	122	1.34487
7	126	1.38855
7	130	1.36721
7	136	1.40732
7	156	0.478709
7	161	0.482171
7	168	0.471021
7	179	0.496582
7	180	0.475936
8	71	1.28535
8	72	1.40902
8	74	1.28535
8	80	1.41951
8	106	1.36577
8	122	1.32151
8	135	0.495398
8	154	0.496642
8	169	1.5135
8	174	0.453963
8	175	0.475301
8	177	0.48364
9	28	1.31138
9	62	1.37342
9	70	0.534101
9	71	1.27097
9	72	1.39464
9	74	1.27097
9	83	1.47951
9	104	0.474206
9	117	0.460964
9	167	0.469981
9	169	1.49912
9	171	0.465885
10	3	1.25503
10	60	0.591218
10	79	1.14768
10	80	1.24896
10	95	1.19179
10	121	1.17521
10	126	1.19463
10	130	1.17329
10	133	0.578253
10	136	1.2134
10	152	0.617157
10	171	0.616595
11	48	1.47482
11	50	0.5254
11	51	1.31579
11	109	1.35887
11	145	1.37575
11	146	1.33879
11	149	0.473897
11	154	1.34273
11	156	1.39326
11	169	0.420613
11	177	0.495775
11	180	0.489686
12	41	0.488902
12	59	0.514634
12	89	0.470379
12	132	1.34086
12	148	0.468169
12	168	1.37423
12	171	1.38691
12	174	0.450438
12	176	1.3607
12	178	1.39211
12	179	1.35629
12	180	1.38891
13	61	1.4066
13	90	1.44788
13	111	1.33646
13	116	1.30729
13	120	0.469819
13	142	1.35524
13	151	1.35752
13	157	1.38901
13	172	0.496875
13	174	0.465025
13	178	0.484517
13	180	0.488613
14	83	0.562434
14	100	1.28709
14	126	0.625032
14	138	0.608037
14	168	1.18442
14	170	1.17687
14	174	0.598744
14	175	1.19632
14	177	1.18742
14	178	1.2023
14	179	1.16648
14	180	1.1991
15	34	1.25456
15	62	1.38289
15	71	1.28044
15	72	1.40411
15	74	1.28044
15	83	1.48898
15	97	0.490961
15	156	0.477443
15	167	0.474629
15	169	1.50859
15	175	0.47242
15	176	0.48893
16	58	1.32604
16	80	1.43511
16	106	1.38137
16	121	1.36137
16	122	1.33711
16	127	0.478213
16	130	1.35945
16	136	1.39956
16	138	0.466154
16	159	0.501372
16	165	0.47036
16	170	0.485781
17	37	0.543941
17	45	1.39127
17	61	1.42102
17	67	1.36517
17	111	1.35088
17	116	1.32171
17	120	0.441857
17	122	1.34653
17	144	0.510748
17	157	1.40342
17	165	0.450562
17	173	0.458666
18	37	1.31775
18	51	1.34635
18	59	1.32983
18	112	0.455776
18	124	0.512722
18	138	1.40663
18	145	1.4063
18	146	1.36934
18	156	1.42381
18	171	0.472485
18	176	0.490882
18	178	0.472527
19	41	0.477707
19	58	0.508157
19	96	1.33583
19	132	1.34662
19	150	0.48033
19	152	0.459255
19	156	0.465604
19	168	1.37999
19	177	1.38299
19	178	1.39787
19	179	1.36205
19	180	1.39467
20	54	0.505715
20	75	1.42619
20	79	1.32675
20	96	0.479014
20	106	1.37427
20	121	1.35427
20	126	1.3737
20	130	1.35235
20	136	1.39246
20	159	0.481172
20	170	0.46558
20	176	0.474509
21	90	0.459225
21	112	0.457623
21	116	0.529019
21	155	1.34873
21	159	1.35783
21	160	1.36063
21	163	1.35796
21	164	1.36743
21	165	1.36864
21	168	0.473553
21	174	1.43878
21	177	0.484558
22	46	1.41918
22	61	1.33532
22	67	1.27948
22	88	0.529781
22	111	1.26519
22	116	1.23602
22	122	1.26083
22	128	0.537849
22	151	1.28625
22	157	1.31773
22	164	0.543788
22	165	0.524786
22	169	0.465802
23	57	0.401989
23	59	0.47241
23	115	0.442373
23	152	1.49643
23	155	1.47141
23	159	1.48051
23	162	1.48963
23	163	1.48063
23	164	1.49011
23	166	1.49129
23	171	0.427664
23	178	0.427706
23	180	0.431802
24	43	0.496542
24	64	1.39169
24	82	1.29074
24	89	1.29928
24	98	1.2661
24	103	1.24361
24	107	1.2902
24	114	1.25594
24	116	0.569525
24	133	0.476496
24	154	0.538066
24	174	1.36245
24	177	0.525064
25	68	0.52415
25	118	0.507266
25	125	0.518057
25	147	1.29885
25	150	0.52753
25	160	0.515756
25	170	1.28575
25	172	1.30298
25	173	1.30828
25	175	1.30521
25	176	1.27977
25	178	1.31119
25	180	1.30799
26	50	0.556457
26	56	1.40168
26	61	1.31746
26	68	0.534863
26	81	1.31378
26	90	1.35874
26	111	1.24733
26	116	1.21816
26	122	1.24297
26	157	1.29987
26	161	0.526978
26	169	0.451669
26	176	0.535003
27	58	0.54413
27	74	0.559903
27	87	0.506274
27	108	1.30256
27	134	0.4795
27	156	0.501576
27	161	1.30513
27	170	1.28788
27	172	1.30511
27	177	1.29843
27	178	1.31331
27	179	1.27749
27	180	1.31011
28	9	1.31138
28	34	1.18151
28	62	1.30983
28	71	1.20739
28	72	1.33105
28	74	1.20739
28	83	1.41592
28	142	0.537358
28	150	0.525816
28	168	0.503401
28	169	1.43553
28	175	0.506067
28	179	0.528963
29	59	1.31328
29	66	1.47614
29	77	1.42209
29	99	0.382705
29	109	1.37287
29	120	0.345012
29	131	1.42853
29	132	0.395624
29	138	1.39008
29	144	0.413903
29	145	1.38975
29	156	1.40726
29	165	0.888656
29	179	0.384452
30	140	0.465639
30	149	0.442242
30	150	0.475531
30	162	0.466073
30	163	0.474649
30	166	0.466697
30	171	1.40639
30	172	1.40339
30	173	1.40868
30	175	1.40561
30	176	1.38018
30	178	1.4116
30	179	1.37577
30	180	1.40839
31	70	0.513997
31	77	0.442461
31	87	0.457389
31	144	1.35124
31	148	0.444062
31	155	0.473523
31	166	0.458585
31	168	1.40383
31	170	1.39628
31	175	1.41573
31	177	1.40683
31	178	1.42171
31	179	1.38589
31	180	1.41851
32	57	1.48791
32	89	1.3902
32	93	1.40746
32	98	1.35702
32	107	1.38113
32	114	1.34686
32	128	1.37606
32	146	0.481569
32	153	0.475871
32	167	0.462967
32	171	0.458871
32	173	0.461023
32	174	1.45337
32	180	0.463009
33	56	0.528705
33	62	0.547808
33	108	1.25084
33	138	0.552502
33	150	0.584297
33	151	1.22645
33	153	0.57966
33	168	1.2437
33	171	1.25639
33	176	1.23017
33	177	1.24671
33	178	1.26159
33	179	1.22577
33	180	1.25839
34	6	1.25456
34	15	1.25456
34	28	1.18151
34	62	1.24354
34	71	1.1411
34	72	1.26476
34	74	1.1411
34	83	1.34963
34	135	0.574009
34	160	0.561889
34	167	0.556121
34	168	0.551247
34	169	1.36924
34	170	0.561494
35	42	0.48067
35	61	0.45826
35	119	0.463841
35	126	0.474005
35	148	0.465448
35	167	1.4026
35	170	1.39162
35	171	1.41185
35	174	0.447717
35	175	1.41107
35	176	1.38564
35	177	1.40217
35	179	1.38123
35	180	1.41385
36	86	0.474225
36	116	0.500256
36	123	0.447417
36	144	1.35227
36	146	0.468267
36	148	0.443849
36	166	0.458372
36	168	1.40485
36	172	1.41453
36	176	1.39132
36	177	1.40786
36	178	1.42274
36	179	1.38691
36	180	1.41954
37	17	0.543941
37	18	1.31775
37	43	0.548884
37	51	1.20107
37	76	1.18602
37	87	1.25206
37	109	1.24414
37	138	1.26135
37	145	1.26102
37	154	1.228
37	158	1.24858
37	160	0.577043
37	168	0.566401
37	178	0.567221
38	58	1.28655
38	79	1.29434
38	80	1.39562
38	91	0.52301
38	95	1.33845
38	106	1.34187
38	121	1.32187
38	126	1.34129
38	129	0.486637
38	130	1.31995
38	132	0.518259
38	136	1.36006
38	167	0.486401
38	173	0.484457
38	179	0.507088
39	1	1.35556
39	4	1.35681
39	40	1.32854
39	53	1.2721
39	65	1.44733
39	68	1.30107
39	69	1.25194
39	73	1.39012
39	96	0.495757
39	103	0.530049
39	144	0.527088
39	146	1.29653
39	177	0.483081
39	178	0.472896
39	179	0.497638
40	1	1.3667
40	39	1.32854
40	47	1.27885
40	53	1.28323
40	65	1.45847
40	68	1.31221
40	69	1.26307
40	73	1.40126
40	88	0.485128
40	132	0.522039
40	141	0.50394
40	146	1.30767
40	158	0.50653
40	172	0.498484
40	180	0.490222
41	12	0.488902
41	19	0.477707
41	104	0.507088
41	108	0.505268
41	140	1.34021
41	150	1.32679
41	151	0.524676
41	152	1.34362
41	155	1.3186
41	159	1.3277
41	160	1.3305
41	162	1.33682
41	164	1.3373
41	166	1.33848
41	180	0.502904
42	35	0.48067
42	97	0.513683
42	149	1.37692
42	152	1.3315
42	153	1.32421
42	156	1.35705
42	160	1.31838
42	162	1.3247
42	163	1.3157
42	164	1.32518
42	166	1.32636
42	170	0.502723
42	175	0.495142
42	176	0.511652
42	177	0.503481
43	24	0.496542
43	37	0.548884
43	71	1.23666
43	74	1.23666
43	83	1.44519
43	111	0.498916
43	153	0.478458
43	155	0.489199
43	163	0.482213
43	169	1.46481
43	172	1.32516
43	173	1.33046
43	178	1.33337
43	179	1.29754
43	180	1.33017
44	76	0.539171
44	103	0.525164
44	106	0.485703
44	110	0.457031
44	111	0.505427
44	157	1.32837
44	160	0.477832
44	169	1.46346
44	170	1.30659
44	171	1.32682
44	176	1.30061
44	177	1.31714
44	178	1.33202
44	179	1.2962
44	180	1.32882
45	17	1.39127
45	46	1.44238
45	52	1.26141
45	90	1.3998
45	111	1.28839
45	116	1.25922
45	134	0.486975
45	142	1.30717
45	149	0.490488
45	151	1.30945
45	157	1.34093
45	158	0.522586
45	165	0.496188
45	168	0.501362
45	180	0.506278
46	22	1.41918
46	45	1.44238
46	52	1.37501
46	79	0.507381
46	90	1.5134
46	108	0.447052
46	111	1.40199
46	116	1.37282
46	122	1.39764
46	147	0.449457
46	151	1.42305
46	154	0.463778
46	157	1.45453
46	158	0.460996
46	165	0.434598
46	167	0.444646
47	4	1.30712
47	40	1.27885
47	53	1.22241
47	65	1.39764
47	68	1.25138
47	69	1.20225
47	73	1.34043
47	92	1.24966
47	95	0.546637
47	123	1.30343
47	127	0.529868
47	146	1.24684
47	149	0.516315
47	153	0.544968
47	167	0.532064
47	173	0.530119
48	11	1.47482
48	59	1.37217
48	70	1.37528
48	104	0.466203
48	108	0.464383
48	120	0.443224
48	138	1.44897
48	142	1.41663
48	145	1.44864
48	146	1.41168
48	154	1.41562
48	158	1.43619
48	165	0.451929
48	168	0.457103
48	173	0.460033
48	177	0.468108
49	57	1.36849
49	63	1.30568
49	89	1.27078
49	93	1.28804
49	97	0.54502
49	98	1.2376
49	107	1.26171
49	114	1.22744
49	139	1.23628
49	144	0.578826
49	147	1.27003
49	154	0.54782
49	167	0.528688
49	169	0.459656
49	174	1.33395
49	179	0.549375
50	11	0.5254
50	26	0.556457
50	119	0.516277
50	126	0.526441
50	153	0.536604
50	164	0.532655
50	170	1.26787
50	171	1.2881
50	172	1.2851
50	173	1.2904
50	175	1.28733
50	176	1.26189
50	177	1.27843
50	178	1.29331
50	179	1.25749
50	180	1.29011
51	11	1.31579
51	18	1.34635
51	37	1.20107
51	59	1.21315
51	78	1.33553
51	142	1.25761
51	143	0.525154
51	145	1.28961
51	154	1.25659
51	156	1.30712
51	158	1.27717
51	161	0.543301
51	165	0.526977
51	171	0.532929
51	172	0.545328
51	173	0.535081
52	45	1.26141
52	46	1.37501
52	56	1.37537
52	81	1.28747
52	90	1.33243
52	91	0.564131
52	92	0.561606
52	111	1.22102
52	116	1.19185
52	133	0.485084
52	142	1.2398
52	149	0.511773
52	151	1.24208
52	154	0.546654
52	157	1.27356
52	177	0.533652
53	39	1.2721
53	40	1.28323
53	47	1.22241
53	65	1.40202
53	68	1.25576
53	69	1.20662
53	73	1.34481
53	92	1.25404
53	120	0.5192
53	123	1.3078
53	146	1.25122
53	147	0.542764
53	157	0.527168
53	167	0.537953
53	177	0.544083
53	180	0.537994
54	20	0.505715
54	61	0.520448
54	112	1.33445
54	125	0.541521
54	128	0.536468
54	140	0.541102
54	141	0.547211
54	151	1.25543
54	168	1.27268
54	171	1.28536
54	175	1.28458
54	176	1.25915
54	177	1.27569
54	178	1.29057
54	179	1.25474
54	180	1.28736
55	88	0.543345
55	117	0.53938
55	129	1.27893
55	149	1.31852
55	153	1.26581
55	155	1.24808
55	156	1.29865
55	159	1.25717
55	160	1.25998
55	161	0.554674
55	164	1.26678
55	166	1.26795
55	169	0.479365
55	174	1.33813
55	178	0.544343
55	180	0.548439
56	26	1.40168
56	33	0.528705
56	52	1.37537
56	61	1.47249
56	67	1.41664
56	90	1.51376
56	111	1.40235
56	112	0.429089
56	116	1.37318
56	142	1.42113
56	151	1.42341
56	158	0.466244
56	172	0.458197
56	174	0.426347
56	175	0.447685
56	180	0.449935
57	23	0.401989
57	32	1.48791
57	49	1.36849
57	82	1.42637
57	90	0.43897
57	98	1.40173
57	101	0.50684
57	103	1.37924
57	107	1.42584
57	114	1.39157
57	128	1.42077
57	159	0.479137
57	165	0.448125
57	174	1.49808
57	176	0.472475
57	178	0.454119
58	7	1.3338
58	16	1.32604
58	19	0.508157
58	27	0.54413
58	38	1.28655
58	75	1.3244
58	79	1.22495
58	81	0.530319
58	95	1.26906
58	103	1.2215
58	106	1.27248
58	130	1.25056
58	135	0.551201
58	136	1.29067
58	172	0.541616
58	173	0.531369
59	2	0.626439
59	12	0.514634
59	18	1.32983
59	23	0.47241
59	29	1.31328
59	48	1.37217
59	51	1.21315
59	70	1.19974
59	128	1.25277
59	131	1.31188
59	138	1.27343
59	145	1.2731
59	157	0.517809
59	158	1.26065
59	168	0.52372
59	179	0.549282
60	10	0.591218
60	63	0.467478
60	95	0.473045
60	110	0.443438
60	121	0.478197
60	153	0.471376
60	161	1.3634
60	164	0.467427
60	171	1.36638
60	172	1.36338
60	173	1.36867
60	175	1.3656
60	176	1.34017
60	177	1.3567
60	178	1.37158
60	179	1.33576
60	180	1.36838
61	13	1.4066
61	17	1.42102
61	22	1.33532
61	26	1.31746
61	35	0.45826
61	54	0.520448
61	56	1.47249
61	67	1.33242
61	74	0.536082
61	111	1.31814
61	113	0.448575
61	116	1.28896
61	142	1.33691
61	157	1.37068
61	159	0.495905
61	168	0.470067
61	175	0.472732
62	6	1.38289
62	9	1.37342
62	15	1.38289
62	28	1.30983
62	33	0.547808
62	34	1.24354
62	71	1.26942
62	72	1.39308
62	74	1.26942
62	83	1.47795
62	142	0.49808
62	143	0.457127
62	147	0.473808
62	150	0.486538
62	169	1.49757
62	171	0.464901
62	177	0.475128
63	49	1.30568
63	60	0.467478
63	69	0.556657
63	89	1.37209
63	93	1.38936
63	98	1.33891
63	107	1.36302
63	113	0.470585
63	114	1.32876
63	122	0.535173
63	128	1.35795
63	133	0.454513
63	139	1.3376
63	147	1.37135
63	168	0.492076
63	169	0.427918
63	174	1.43527
64	24	1.39169
64	75	0.44077
64	82	1.42107
64	93	1.44688
64	98	1.39643
64	107	1.42054
64	114	1.38627
64	128	1.41547
64	135	0.464544
64	147	1.42886
64	155	0.470301
64	158	0.463006
64	161	0.452932
64	167	0.446656
64	174	1.49279
64	179	0.467343
65	1	1.48548
65	4	1.48673
65	39	1.44733
65	40	1.45847
65	47	1.39764
65	53	1.40202
65	68	1.43099
65	69	1.38186
65	120	0.41878
65	123	1.48304
65	142	0.466615
65	144	0.487671
65	146	1.42645
65	159	0.458497
65	167	0.437533
65	170	0.442905
65	176	0.451834
65	177	0.443663
66	29	1.47614
66	77	1.46829
66	78	1.48187
66	87	1.42699
66	88	0.43883
66	91	0.480493
66	93	0.453115
66	109	1.41908
66	137	0.449137
66	138	1.43629
66	145	1.43595
66	146	1.39899
66	154	1.40293
66	156	1.45346
66	170	0.449256
66	172	0.452186
66	173	0.441939
66	180	0.443925
67	17	1.36517
67	22	1.27948
67	56	1.41664
67	61	1.33242
67	85	0.512734
67	90	1.3737
67	96	0.537847
67	99	0.53798
67	111	1.26229
67	116	1.23312
67	122	1.25794
67	142	1.28107
67	151	1.28335
67	157	1.31483
67	162	0.527124
67	169	0.450008
67	177	0.525171
67	180	0.519082
68	1	1.33922
68	25	0.52415
68	26	0.534863
68	39	1.30107
68	40	1.31221
68	47	1.25138
68	53	1.25576
68	65	1.43099
68	69	1.2356
68	71	0.54987
68	73	1.37379
68	92	1.28301
68	105	0.505225
68	113	0.47574
68	123	1.33678
68	146	1.28019
68	158	0.518456
68	171	0.49801
69	1	1.29009
69	4	1.29134
69	39	1.25194
69	40	1.26307
69	47	1.20225
69	53	1.20662
69	63	0.556657
69	65	1.38186
69	68	1.2356
69	73	1.32465
69	89	0.544046
69	92	1.23388
69	108	0.550057
69	123	1.28764
69	129	0.547888
69	132	0.57951
69	146	1.23106
69	169	0.478619
69	180	0.547693
70	9	0.534101
70	31	0.513997
70	48	1.37528
70	59	1.19974
70	71	0.599829
70	100	0.511313
70	112	0.53126
70	138	1.27654
70	140	1.26476
70	142	1.24421
70	145	1.27621
70	153	1.26088
70	158	1.26377
70	162	1.26136
70	163	1.25237
70	164	1.26185
70	166	1.26303
70	170	0.557438
70	177	0.558195
71	6	1.28044
71	8	1.28535
71	9	1.27097
71	15	1.28044
71	28	1.20739
71	34	1.1411
71	43	1.23666
71	62	1.26942
71	68	0.54987
71	70	0.599829
71	72	1.29064
71	74	1.16697
71	83	1.37551
71	133	0.493271
71	143	0.523838
71	160	0.541476
71	162	0.543792
71	169	1.39512
71	176	0.55001
72	6	1.40411
72	8	1.40902
72	9	1.39464
72	15	1.40411
72	28	1.33105
72	34	1.26476
72	62	1.39308
72	71	1.29064
72	74	1.29064
72	83	1.49917
72	85	0.469338
72	100	0.434892
72	115	0.486256
72	144	0.525782
72	165	0.465596
72	167	0.475644
72	169	1.51879
72	173	0.4737
72	177	0.481774
73	1	1.42827
73	4	1.42953
73	39	1.39012
73	40	1.40126
73	47	1.34043
73	53	1.34481
73	68	1.37379
73	69	1.32465
73	92	1.37206
73	113	0.443808
73	123	1.42583
73	144	0.520312
73	146	1.36924
73	154	0.489307
73	161	0.476451
73	171	0.466078
73	174	0.446628
73	177	0.476305
73	179	0.490862
74	5	0.520641
74	6	1.28044
74	8	1.28535
74	9	1.27097
74	15	1.28044
74	27	0.559903
74	28	1.20739
74	34	1.1411
74	43	1.23666
74	61	0.536082
74	62	1.26942
74	71	1.16697
74	72	1.29064
74	83	1.37551
74	127	0.546891
74	147	0.553897
74	165	0.539038
74	167	0.549086
74	169	1.39512
75	20	1.42619
75	58	1.3244
75	64	0.44077
75	94	1.40347
75	95	1.3763
75	100	0.441307
75	121	1.35972
75	122	1.33547
75	123	1.41023
75	126	1.37914
75	130	1.3578
75	131	1.42938
75	136	1.39791
75	154	0.501192
75	160	0.487827
75	162	0.490143
75	165	0.472011
75	167	0.48206
75	172	0.490363
76	37	1.18602
76	44	0.539171
76	77	1.3069
76	78	1.32049
76	87	1.26561
76	100	0.514299
76	109	1.25769
76	113	0.528686
76	127	0.552856
76	128	1.25424
76	131	1.31335
76	138	1.2749
76	142	1.24256
76	145	1.27457
76	152	0.551517
76	154	1.24155
76	157	0.544267
76	158	1.26212
76	179	0.575739
77	29	1.42209
77	31	0.442461
77	66	1.46829
77	76	1.3069
77	87	1.37294
77	109	1.36503
77	117	0.471511
77	125	0.488597
77	127	0.478333
77	128	1.36158
77	131	1.42068
77	135	0.498417
77	138	1.38224
77	145	1.3819
77	152	0.476994
77	154	1.34888
77	158	1.36946
77	165	0.47048
77	173	0.478585
78	51	1.33553
78	66	1.48187
78	76	1.32049
78	97	0.489449
78	102	0.460847
78	109	1.37861
78	127	0.470921
78	128	1.37516
78	138	1.39582
78	145	1.39549
78	146	1.35853
78	152	0.469582
78	154	1.36247
78	156	1.413
78	158	1.38304
78	177	0.479247
78	178	0.469062
78	179	0.493804
78	180	0.473158
79	10	1.14768
79	20	1.32675
79	38	1.29434
79	46	0.507381
79	58	1.22495
79	94	1.30403
79	95	1.27685
79	97	0.567012
79	99	0.56962
79	106	1.28027
79	121	1.26027
79	122	1.23602
79	123	1.31078
79	126	1.2797
79	130	1.25835
79	133	0.508243
79	153	0.563585
79	157	0.539895
79	167	0.55068
80	8	1.41951
80	10	1.24896
80	16	1.43511
80	38	1.39562
80	94	1.4053
80	97	0.489031
80	105	0.475818
80	106	1.38155
80	121	1.36155
80	123	1.41206
80	126	1.38097
80	130	1.35963
80	135	0.490588
80	136	1.39974
80	157	0.461914
80	161	0.478976
80	165	0.462651
80	172	0.481002
80	180	0.472741
81	26	1.31378
81	52	1.28747
81	58	0.530319
81	92	0.519035
81	111	1.31445
81	116	1.28528
81	119	0.477528
81	136	0.4772
81	139	0.52468
81	142	1.33323
81	151	1.33551
81	159	0.505915
81	164	0.493906
81	172	1.36244
81	174	0.461404
81	176	1.33923
81	177	1.35576
81	178	1.37064
81	179	1.33482
81	180	1.36744
82	24	1.29074
82	57	1.42637
82	64	1.42107
82	89	1.32865
82	93	1.34592
82	98	1.29547
82	103	1.27298
82	107	1.31958
82	114	1.28532
82	127	0.496972
82	139	1.29416
82	147	1.32791
82	158	0.515517
82	164	0.508122
82	165	0.489119
82	167	0.499167
82	171	0.495071
82	172	0.50747
82	174	1.39183
82	175	0.496958
83	6	1.48898
83	9	1.47951
83	14	0.562434
83	15	1.48898
83	28	1.41592
83	34	1.34963
83	43	1.44519
83	62	1.47795
83	71	1.37551
83	72	1.49917
83	74	1.37551
83	112	0.407284
83	115	0.438701
83	134	0.408827
83	151	0.449902
83	164	0.437043
83	165	0.418041
83	169	1.60365
83	172	0.436392
83	179	0.448776
84	90	0.481961
84	91	0.537774
84	99	0.520104
84	101	1.28573
84	110	1.39339
84	125	1.33637
84	141	1.33608
84	147	0.505975
84	150	1.3257
84	152	1.34254
84	154	0.520296
84	155	1.31751
84	159	1.32661
84	162	1.33573
84	163	1.32674
84	164	1.33621
84	166	1.33739
84	169	0.432132
84	176	0.515465
84	178	0.49711
85	67	0.512734
85	72	0.469338
85	91	1.27786
85	98	0.519197
85	107	0.486079
85	121	0.501364
85	124	0.517779
85	153	0.494543
85	166	0.490346
85	168	1.32179
85	169	1.47112
85	170	1.31424
85	172	1.33147
85	173	1.33677
85	175	1.3337
85	176	1.30826
85	177	1.3248
85	178	1.33968
85	179	1.30386
85	180	1.33648
86	36	0.474225
86	124	1.29047
86	134	1.38828
86	141	1.33348
86	142	0.541587
86	143	0.500634
86	148	1.37325
86	150	1.3231
86	155	1.31491
86	159	1.32401
86	160	1.32682
86	162	1.33313
86	163	1.32414
86	164	1.33362
86	166	1.33479
86	169	0.443472
86	171	0.508408
86	173	0.510561
86	175	0.510296
86	177	0.518635
87	27	0.506274
87	31	0.457389
87	37	1.25206
87	66	1.42699
87	76	1.26561
87	77	1.37294
87	132	0.527316
87	134	1.3809
87	145	1.34061
87	151	0.517271
87	153	1.32528
87	155	1.30754
87	156	1.35812
87	162	1.32576
87	163	1.31677
87	166	1.32742
87	168	0.490583
87	170	0.50083
87	175	0.493248
87	179	0.516144
88	22	0.529781
88	40	0.485128
88	55	0.543345
88	66	0.43883
88	93	0.492123
88	96	1.29289
88	103	0.535991
88	121	0.502617
88	135	1.31626
88	143	1.34215
88	149	0.467144
88	168	1.33705
88	170	1.3295
88	172	1.34674
88	173	1.35203
88	175	1.34896
88	176	1.32352
88	177	1.34006
88	179	1.31912
88	180	1.35174
89	12	0.470379
89	24	1.29928
89	32	1.3902
89	49	1.27078
89	63	1.37209
89	69	0.544046
89	82	1.32865
89	93	1.35446
89	101	0.533006
89	107	1.32812
89	114	1.29386
89	127	0.482145
89	128	1.32305
89	139	1.30269
89	147	1.33645
89	153	0.497244
89	160	0.490107
89	167	0.48434
89	174	1.40037
89	176	0.498641
90	4	0.464318
90	13	1.44788
90	21	0.459225
90	26	1.35874
90	45	1.3998
90	46	1.5134
90	52	1.33243
90	56	1.51376
90	57	0.43897
90	67	1.3737
90	84	0.481961
90	111	1.35942
90	116	1.33024
90	133	0.426304
90	137	0.473996
90	142	1.37819
90	146	0.487344
90	151	1.38047
90	154	0.487874
90	157	1.41196
90	158	0.485092
91	38	0.52301
91	52	0.564131
91	66	0.480493
91	84	0.537774
91	85	1.27786
91	104	1.2906
91	119	0.517131
91	120	1.36172
91	123	0.522307
91	131	0.505137
91	159	0.545519
91	161	1.29038
91	171	1.29336
91	172	1.29036
91	173	1.29565
91	175	1.29258
91	176	1.26715
91	177	1.28368
91	178	1.29856
91	179	1.26274
91	180	1.29536
92	47	1.24966
92	52	0.561606
92	53	1.25404
92	68	1.28301
92	69	1.23388
92	73	1.37206
92	81	0.519035
92	117	0.513012
92	123	1.33506
92	146	1.27847
92	152	1.30739
92	153	1.3001
92	159	1.29146
92	163	1.29159
92	164	1.30106
92	166	1.30224
92	170	0.527402
92	175	0.51982
92	177	0.528159
92	178	0.517975
92	180	0.52207
93	32	1.40746
93	49	1.28804
93	63	1.38936
93	64	1.44688
93	66	0.453115
93	82	1.34592
93	88	0.492123
93	89	1.35446
93	98	1.32128
93	103	1.29879
93	107	1.34539
93	114	1.31112
93	137	0.502431
93	139	1.31996
93	143	0.485306
93	147	1.35371
93	157	0.486391
93	167	0.497177
93	171	0.49308
93	172	0.505479
93	174	1.41763
93	175	0.494968
94	75	1.40347
94	79	1.30403
94	80	1.4053
94	95	1.34813
94	103	1.30058
94	106	1.35155
94	121	1.33155
94	123	1.38206
94	126	1.35098
94	130	1.32963
94	131	1.40122
94	132	0.50861
94	136	1.36974
94	139	1.32175
94	151	0.498565
94	158	0.493101
94	163	0.493411
94	167	0.476752
94	172	0.485055
94	173	0.474808
94	177	0.482882
94	179	0.497439
95	3	1.3842
95	10	1.19179
95	38	1.33845
95	47	0.546637
95	58	1.26906
95	60	0.473045
95	75	1.3763
95	79	1.27685
95	94	1.34813
95	103	1.2734
95	109	0.515785
95	121	1.30438
95	126	1.3238
95	127	0.500323
95	130	1.30246
95	131	1.37404
95	136	1.34257
95	137	0.507773
95	139	1.29458
95	144	0.552656
95	158	0.518868
95	165	0.49247
95	175	0.50031
96	19	1.33583
96	20	0.479014
96	39	0.495757
96	67	0.537847
96	88	1.29289
96	100	1.38312
96	103	0.55985
96	113	1.335
96	120	1.3615
96	143	1.28556
96	148	0.500935
96	152	0.503217
96	161	1.29016
96	164	0.515706
96	165	1.27977
96	166	0.515459
96	169	1.42978
96	174	0.483204
96	176	1.26693
96	177	1.28346
96	178	1.29834
96	179	1.26252
96	180	1.29514
97	15	0.490961
97	42	0.513683
97	49	0.54502
97	78	0.489449
97	79	0.567012
97	80	0.489031
97	127	1.3197
97	129	0.504513
97	135	1.29144
97	145	0.515598
97	161	1.32193
97	165	1.31155
97	168	1.31223
97	170	1.30468
97	172	1.32191
97	173	1.3272
97	174	0.48073
97	175	1.32413
97	176	1.2987
97	177	1.31523
97	178	1.33011
97	179	1.29429
97	180	1.32691
98	24	1.2661
98	32	1.35702
98	49	1.2376
98	57	1.40173
98	63	1.33891
98	64	1.39643
98	82	1.29547
98	85	0.519197
98	93	1.32128
98	107	1.29494
98	114	1.26068
98	120	0.506751
98	128	1.28987
98	139	1.26951
98	143	0.513633
98	147	1.30327
98	157	0.514718
98	158	0.541853
98	165	0.515455
98	168	0.520629
98	169	0.456471
98	174	1.36719
98	175	0.523295
99	29	0.382705
99	67	0.53798
99	79	0.56962
99	84	0.520104
99	104	1.31897
99	122	0.545106
99	136	0.499133
99	141	0.520643
99	148	0.501069
99	157	1.32328
99	166	0.515592
99	167	1.31248
99	168	1.30904
99	170	1.3015
99	171	1.32173
99	172	1.31873
99	173	1.32402
99	175	1.32095
99	176	1.29552
99	177	1.31205
99	178	1.32693
99	179	1.29111
99	180	1.32373
100	6	0.448304
100	14	1.28709
100	70	0.511313
100	72	0.434892
100	75	0.441307
100	76	0.514299
100	96	1.38312
100	117	1.44667
100	123	0.444945
100	141	0.460952
100	152	0.443658
100	154	1.40674
100	155	0.470838
100	170	1.41974
100	171	1.43997
100	172	1.43697
100	174	0.423646
100	175	1.43919
100	176	1.41376
100	177	1.43029
100	178	1.44517
100	179	1.40935
100	180	1.44197
101	57	0.50684
101	84	1.28573
101	89	0.533006
101	105	0.53973
101	112	0.515807
101	119	1.29197
101	121	0.556336
101	134	1.32501
101	143	0.524741
101	148	1.30999
101	149	1.3221
101	151	0.558425
101	153	1.26939
101	155	1.25165
101	159	1.26075
101	160	1.26355
101	162	1.26987
101	163	1.26088
101	164	1.27035
101	165	1.27156
101	166	1.27153
101	167	1.27568
101	168	0.531737
101	170	0.541984
102	78	0.460847
102	110	1.41519
102	116	0.526267
102	125	1.35817
102	132	0.507534
102	148	1.39765
102	149	1.40976
102	151	0.497489
102	152	1.36433
102	155	1.33931
102	158	0.492025
102	159	1.34841
102	160	1.35121
102	162	1.35753
102	163	1.34854
102	164	1.35801
102	166	1.35919
102	167	1.36334
102	169	0.406643
102	174	1.42937
102	175	0.473467
102	176	0.489977
102	177	0.481806
102	180	0.475717
103	24	1.24361
103	39	0.530049
103	44	0.525164
103	57	1.37924
103	58	1.2215
103	82	1.27298
103	88	0.535991
103	93	1.29879
103	94	1.30058
103	95	1.2734
103	96	0.55985
103	106	1.27683
103	107	1.27245
103	114	1.23819
103	130	1.25491
103	136	1.29502
103	139	1.24702
103	147	1.28078
103	169	0.472012
103	170	0.546417
103	174	1.3447
103	175	0.538835
103	178	0.53699
103	179	0.561731
104	9	0.474206
104	41	0.507088
104	48	0.466203
104	91	1.2906
104	99	1.31897
104	117	1.35393
104	130	0.52412
104	135	1.31375
104	136	0.484419
104	139	0.531899
104	140	0.49982
104	142	0.521253
104	158	1.33457
104	159	0.513134
104	161	1.34424
104	170	1.32699
104	172	1.34422
104	173	1.34951
104	174	0.468624
104	175	1.34644
104	176	1.32101
104	177	1.33754
104	178	1.35242
104	179	1.3166
104	180	1.34922
105	4	0.48664
105	68	0.505225
105	80	0.475818
105	101	0.53973
105	109	0.50433
105	131	0.471646
105	135	1.30978
105	137	1.34546
105	138	0.47681
105	139	0.530793
105	143	1.33567
105	156	0.493878
105	157	1.34481
105	158	1.33061
105	161	1.34027
105	163	0.507723
105	168	1.33057
105	170	1.32302
105	171	1.34326
105	173	1.34555
105	175	1.34248
105	176	1.31704
105	177	1.33358
105	179	1.31264
105	180	1.34526
106	7	1.38913
106	8	1.36577
106	16	1.38137
106	20	1.37427
106	38	1.34187
106	44	0.485703
106	58	1.27248
106	79	1.28027
106	80	1.38155
106	94	1.35155
106	103	1.27683
106	112	0.480778
106	121	1.3078
106	126	1.32723
106	130	1.30588
106	133	0.459145
106	136	1.34599
106	139	1.298
106	144	0.551721
106	156	0.504398
106	175	0.499375
106	177	0.507714
106	178	0.497529
106	179	0.52227
106	180	0.501625
107	24	1.2902
107	32	1.38113
107	49	1.26171
107	57	1.42584
107	63	1.36302
107	64	1.42054
107	82	1.31958
107	85	0.486079
107	89	1.32812
107	93	1.34539
107	98	1.29494
107	103	1.27245
107	114	1.28478
107	139	1.29362
107	147	1.32738
107	151	0.514198
107	154	0.511517
107	160	0.498152
107	162	0.500468
107	164	0.501339
107	174	1.3913
107	175	0.490176
107	177	0.498515
107	179	0.513072
107	180	0.492426
108	27	1.30256
108	33	1.25084
108	41	0.505268
108	46	0.447052
108	48	0.464383
108	69	0.550057
108	112	1.39352
108	114	0.531785
108	115	1.35752
108	122	0.528573
108	123	0.488103
108	155	0.513996
108	161	1.34146
108	162	0.498434
108	167	1.33519
108	170	1.32421
108	172	1.34144
108	173	1.34673
108	174	0.466804
108	175	1.34366
108	176	1.31823
108	177	1.33476
108	178	1.34964
108	179	1.31382
108	180	1.34644
109	11	1.35887
109	29	1.37287
109	37	1.24414
109	66	1.41908
109	76	1.25769
109	77	1.36503
109	78	1.37861
109	95	0.515785
109	105	0.50433
109	118	0.498489
109	120	0.482459
109	131	1.37147
109	138	1.33302
109	142	1.30069
109	145	1.33269
109	146	1.29573
109	154	1.29967
109	156	1.3502
109	158	1.32025
109	162	0.509295
109	165	0.491163
109	167	0.501211
109	173	0.499267
109	177	0.507342
109	178	0.497157
110	3	0.463275
110	44	0.457031
110	60	0.443438
110	84	1.39339
110	102	1.41519
110	125	1.37817
110	130	0.504861
110	140	1.38092
110	141	1.37788
110	144	0.523049
110	148	1.41765
110	150	1.3675
110	153	1.37705
110	154	0.492043
110	159	1.36841
110	160	1.37122
110	162	1.37753
110	163	1.36854
110	164	1.37801
110	166	1.37919
110	169	0.403879
110	170	0.478284
110	172	0.481214
110	174	1.44937
110	178	0.468857
110	179	0.493598
111	13	1.33646
111	17	1.35088
111	22	1.26519
111	26	1.24733
111	43	0.498916
111	44	0.505427
111	45	1.28839
111	46	1.40199
111	52	1.22102
111	56	1.40235
111	61	1.31814
111	67	1.26229
111	81	1.31445
111	90	1.35942
111	113	0.494942
111	116	1.21883
111	122	1.24365
111	132	0.553166
111	151	1.26906
111	155	0.544953
111	157	1.30055
111	167	0.521308
111	168	0.516433
111	176	0.535609
111	178	0.517253
111	180	0.521349
112	18	0.455776
112	21	0.457623
112	54	1.33445
112	56	0.429089
112	70	0.53126
112	83	0.407284
112	101	0.515807
112	106	0.480778
112	108	1.39352
112	130	0.49909
112	140	0.47479
112	143	1.39148
112	156	0.469955
112	160	0.472908
112	161	1.39608
112	167	1.38982
112	168	1.38638
112	170	1.37883
112	171	1.39907
112	172	1.39607
112	175	1.39829
112	176	1.37285
112	177	1.38939
112	178	1.40427
112	179	1.36845
112	180	1.40107
113	61	0.448575
113	63	0.470585
113	68	0.47574
113	73	0.443808
113	76	0.528686
113	96	1.335
113	111	0.494942
113	131	0.442161
113	140	0.469229
113	141	0.475338
113	144	1.32657
113	145	0.4729
113	157	1.3934
113	166	0.470287
113	168	1.37916
113	169	1.52849
113	170	1.37161
113	171	1.39184
113	172	1.38884
113	173	1.39413
113	175	1.39106
113	176	1.36563
113	177	1.38217
113	178	1.39705
113	179	1.36122
113	180	1.39384
114	24	1.25594
114	32	1.34686
114	49	1.22744
114	57	1.39157
114	63	1.32876
114	64	1.38627
114	82	1.28532
114	89	1.29386
114	93	1.31112
114	98	1.26068
114	103	1.23819
114	107	1.28478
114	108	0.531785
114	118	0.526657
114	128	1.27972
114	138	0.515126
114	139	1.25936
114	147	1.29311
114	157	0.518594
114	160	0.535147
114	167	0.52938
114	169	0.460347
114	170	0.534752
114	171	0.525283
114	173	0.527435
114	174	1.35703
115	23	0.442373
115	72	0.486256
115	83	0.438701
115	108	1.35752
115	134	0.479296
115	139	0.538286
115	142	0.52764
115	143	1.35548
115	144	1.29779
115	148	0.492742
115	149	0.482809
115	153	0.511462
115	154	1.32984
115	161	1.36008
115	163	0.515217
115	165	1.3497
115	170	1.34283
115	171	1.36306
115	172	1.36006
115	173	1.36536
115	174	0.475011
115	175	1.36228
115	176	1.33685
115	177	1.35339
115	178	1.36827
115	179	1.33244
115	180	1.36506
116	13	1.30729
116	17	1.32171
116	21	0.529019
116	22	1.23602
116	24	0.569525
116	26	1.21816
116	36	0.500256
116	45	1.25922
116	46	1.37282
116	52	1.19185
116	56	1.37318
116	61	1.28896
116	67	1.23312
116	81	1.28528
116	90	1.33024
116	102	0.526267
116	111	1.21883
116	122	1.21448
116	134	0.519275
116	142	1.23761
116	151	1.23989
116	155	0.562181
116	157	1.27137
116	158	0.554886
116	177	0.544667
116	179	0.559224
116	180	0.538578
117	9	0.460964
117	55	0.53938
117	77	0.471511
117	92	0.513012
117	100	1.44667
117	104	1.35393
117	130	0.510877
117	144	1.29142
117	145	0.490249
117	148	0.473112
117	153	0.491832
117	158	1.34404
117	161	1.35371
117	163	0.495587
117	165	1.34332
117	166	0.487635
117	167	1.34744
117	168	1.34401
117	170	1.33646
117	173	1.35898
117	174	0.455381
117	175	1.35591
117	176	1.33048
117	177	1.34701
117	178	1.36189
117	179	1.32607
117	180	1.35869
118	25	0.507266
118	109	0.498489
118	114	0.526657
118	134	1.39459
118	140	1.34284
118	141	1.3398
118	147	0.490034
118	148	1.37957
118	150	1.32942
118	153	1.33897
118	155	1.32123
118	156	1.37181
118	158	0.501572
118	160	1.33314
118	161	0.491499
118	162	1.33945
118	163	1.33046
118	164	1.33993
118	165	1.34114
118	166	1.34111
118	167	1.34526
118	169	0.41619
118	172	0.493526
118	174	1.41129
118	176	0.499524
118	178	0.481168
118	179	0.50591
119	35	0.463841
119	50	0.516277
119	81	0.477528
119	91	0.517131
119	101	1.29197
119	134	1.39711
119	139	0.52025
119	140	1.34536
119	147	0.485332
119	148	1.38209
119	149	1.3942
119	150	1.33194
119	152	1.34877
119	153	1.34148
119	154	0.499654
119	155	1.32375
119	159	1.33285
119	160	1.33565
119	162	1.34197
119	163	1.33298
119	164	1.34245
119	166	1.34363
119	170	0.485894
119	173	0.478578
119	174	1.41381
119	177	0.486652
119	178	0.476467
120	13	0.469819
120	17	0.441857
120	29	0.345012
120	48	0.443224
120	53	0.5192
120	65	0.41878
120	91	1.36172
120	96	1.3615
120	98	0.506751
120	109	0.482459
120	122	0.507414
120	143	1.41076
120	144	1.35307
120	153	0.482097
120	155	0.492837
120	163	0.485852
120	165	1.40497
120	168	1.40565
120	170	1.39811
120	171	1.41834
120	172	1.41534
120	173	1.42063
120	175	1.41756
120	176	1.39213
120	177	1.40866
120	178	1.42354
120	179	1.38772
120	180	1.42034
121	7	1.36913
121	10	1.17521
121	16	1.36137
121	20	1.35427
121	38	1.32187
121	60	0.478197
121	75	1.35972
121	79	1.26027
121	80	1.36155
121	85	0.501364
121	88	0.502617
121	94	1.33155
121	95	1.30438
121	101	0.556336
121	106	1.3078
121	123	1.33831
121	126	1.30723
121	128	0.510685
121	130	1.28588
121	131	1.35746
121	133	0.465232
121	136	1.32599
121	139	1.278
121	144	0.557808
121	152	0.504135
121	157	0.496885
121	161	0.513946
121	162	0.515753
122	7	1.34487
122	8	1.32151
122	16	1.33711
122	17	1.34653
122	22	1.26083
122	26	1.24297
122	46	1.39764
122	63	0.535173
122	67	1.25794
122	75	1.33547
122	79	1.23602
122	99	0.545106
122	108	0.528573
122	111	1.24365
122	116	1.21448
122	120	0.507414
122	126	1.28297
122	128	0.529183
122	130	1.26163
122	134	0.506905
122	136	1.30174
122	139	1.25374
122	151	1.26471
122	157	1.29619
122	161	0.532443
122	163	0.542826
122	165	0.516119
122	172	0.53447
122	175	0.523959
123	4	1.39252
123	36	0.447417
123	47	1.30343
123	53	1.3078
123	65	1.48304
123	68	1.33678
123	69	1.28764
123	73	1.42583
123	75	1.41023
123	79	1.31078
123	80	1.41206
123	91	0.522307
123	92	1.33506
123	94	1.38206
123	100	0.444945
123	108	0.488103
123	121	1.33831
123	126	1.35774
123	131	1.40798
123	133	0.443259
123	136	1.3765
123	145	0.497018
123	146	1.33224
123	149	0.469949
123	159	0.506661
123	161	0.491974
123	176	0.499998
123	179	0.506385
123	180	0.485739
124	18	0.512722
124	85	0.517779
124	86	1.29047
124	129	1.28985
124	134	1.33235
124	135	0.541974
124	137	0.52934
124	140	1.2806
124	145	0.535407
124	146	0.542688
124	147	0.528897
124	148	1.31733
124	149	1.32944
124	150	1.26718
124	152	1.28402
124	153	1.27673
124	155	1.25899
124	159	1.26809
124	160	1.2709
124	162	1.27721
124	163	1.26822
124	164	1.27769
124	166	1.27887
124	167	1.28302
124	168	0.519211
124	173	0.522142
124	174	1.34905
124	176	0.538387
124	178	0.520031
125	5	0.467569
125	25	0.518057
125	54	0.541521
125	77	0.488597
125	84	1.33637
125	102	1.35817
125	110	1.37817
125	126	0.498755
125	140	1.3239
125	141	1.32086
125	148	1.36062
125	152	1.32731
125	153	1.32002
125	155	1.30229
125	156	1.35287
125	159	1.31139
125	160	1.31419
125	162	1.32051
125	163	1.31152
125	164	1.32099
125	166	1.32217
125	167	1.32631
125	168	0.491139
125	170	0.501386
125	171	0.491917
125	172	0.504317
125	174	1.39234
125	178	0.491959
125	179	0.516701
125	180	0.496055
126	3	1.38705
126	7	1.38855
126	10	1.19463
126	14	0.625032
126	20	1.3737
126	35	0.474005
126	38	1.34129
126	50	0.526441
126	75	1.37914
126	79	1.2797
126	80	1.38097
126	94	1.35098
126	95	1.3238
126	106	1.32723
126	121	1.30723
126	122	1.28297
126	123	1.35774
126	125	0.498755
126	130	1.30531
126	131	1.37689
126	133	0.448248
126	136	1.34542
126	139	1.29742
126	147	0.495497
126	154	0.509819
126	157	0.479901
126	165	0.480638
126	168	0.485812
126	172	0.498989
126	175	0.488478
127	16	0.478213
127	47	0.529868
127	74	0.546891
127	76	0.552856
127	77	0.478333
127	78	0.470921
127	82	0.496972
127	89	0.482145
127	95	0.500323
127	97	1.3197
127	137	1.34697
127	138	0.471496
127	144	1.2795
127	152	0.482215
127	157	1.34633
127	159	0.506714
127	161	1.34179
127	165	1.33141
127	167	1.33552
127	168	1.33209
127	170	1.32454
127	171	1.34477
127	172	1.34177
127	173	1.34706
127	175	1.34399
127	176	1.31856
127	177	1.33509
127	178	1.34998
127	179	1.31415
127	180	1.34677
128	22	0.537849
128	32	1.37606
128	54	0.536468
128	57	1.42077
128	59	1.25277
128	63	1.35795
128	64	1.41547
128	76	1.25424
128	77	1.36158
128	78	1.37516
128	89	1.32305
128	98	1.28987
128	114	1.27972
128	121	0.510685
128	122	0.529183
128	138	1.32957
128	139	1.28855
128	143	0.47909
128	145	1.32924
128	154	1.29622
128	156	1.34675
128	157	0.480176
128	158	1.3168
128	165	0.480912
128	167	0.490961
128	172	0.499264
128	173	0.489017
128	174	1.38623
128	178	0.486906
128	180	0.491002
129	38	0.486637
129	55	1.27893
129	69	0.547888
129	97	0.504513
129	124	1.28985
129	133	1.38753
129	137	0.493435
129	141	1.33286
129	148	1.37263
129	149	1.38474
129	150	1.32248
129	151	0.509995
129	152	1.33932
129	153	1.33203
129	154	0.507314
129	155	1.3143
129	157	0.477396
129	159	1.32339
129	160	1.3262
129	162	1.33251
129	163	1.32352
129	164	1.333
129	165	1.3342
129	166	1.33417
129	167	1.33832
129	172	0.496484
129	176	0.502482
129	177	0.494312
129	178	0.484127
129	179	0.508868
130	7	1.36721
130	10	1.17329
130	16	1.35945
130	20	1.35235
130	38	1.31995
130	58	1.25056
130	75	1.3578
130	79	1.25835
130	80	1.35963
130	94	1.32963
130	95	1.30246
130	103	1.25491
130	104	0.52412
130	106	1.30588
130	110	0.504861
130	112	0.49909
130	117	0.510877
130	121	1.28588
130	122	1.26163
130	126	1.30531
130	131	1.35555
130	136	1.32407
130	139	1.27608
130	143	0.508024
130	147	0.524706
130	162	0.527978
130	167	0.519895
130	174	0.496348
130	176	0.534196
130	178	0.51584
130	179	0.540582
131	29	1.42853
131	59	1.31188
131	75	1.42938
131	76	1.31335
131	77	1.42068
131	91	0.505137
131	94	1.40122
131	95	1.37404
131	105	0.471646
131	109	1.37147
131	113	0.442161
131	121	1.35746
131	123	1.40798
131	126	1.37689
131	130	1.35555
131	136	1.39565
131	137	0.473781
131	138	1.38868
131	139	1.34766
131	141	0.482286
131	145	1.38835
131	147	0.473338
131	151	0.490341
131	152	0.464992
131	154	1.35533
131	155	0.492172
131	158	1.3759
131	162	0.476611
131	172	0.47683
131	175	0.466318
131	179	0.489214
132	12	1.34086
132	19	1.34662
132	29	0.395624
132	38	0.518259
132	40	0.522039
132	69	0.57951
132	87	0.527316
132	94	0.50861
132	102	0.507534
132	111	0.553166
132	138	0.50555
132	144	1.23867
132	147	1.2968
132	156	0.522618
132	158	1.29128
132	160	0.525571
132	161	1.30095
132	166	0.528511
132	167	1.29469
132	168	1.29125
132	169	1.44058
132	170	1.2837
132	171	1.30393
132	172	1.30093
132	173	1.30623
132	175	1.30316
132	176	1.27772
132	177	1.29426
132	178	1.30914
132	179	1.27331
132	180	1.30594
133	10	0.578253
133	24	0.476496
133	52	0.485084
133	63	0.454513
133	71	0.493271
133	79	0.508243
133	90	0.426304
133	106	0.459145
133	121	0.465232
133	123	0.443259
133	126	0.448248
133	129	1.38753
133	139	0.485236
133	140	1.37828
133	142	0.474589
133	147	1.3828
133	152	1.38169
133	153	1.3744
133	160	1.36857
133	162	1.37489
133	163	1.36589
133	164	1.37537
133	166	1.37655
133	170	1.36971
133	171	1.38994
133	172	1.38694
133	173	1.39223
133	176	1.36373
133	177	1.38026
133	179	1.35932
133	180	1.39194
134	27	0.4795
134	45	0.486975
134	83	0.408827
134	86	1.38828
134	87	1.3809
134	101	1.32501
134	115	0.479296
134	116	0.519275
134	118	1.39459
134	119	1.39711
134	122	0.506905
134	124	1.33235
134	145	0.480004
134	149	1.42725
134	150	1.36499
134	152	1.38182
134	153	1.37453
134	155	1.3568
134	159	1.3659
134	160	1.3687
134	163	1.36602
134	164	1.3755
134	165	1.37671
134	166	1.37668
134	170	0.474056
134	171	0.464587
134	174	1.44685
134	175	0.466475
134	176	0.482985
134	179	0.489371
134	180	0.468725
135	8	0.495398
135	34	0.574009
135	58	0.551201
135	64	0.464544
135	77	0.498417
135	80	0.490588
135	88	1.31626
135	97	1.29144
135	104	1.31375
135	105	1.30978
135	124	0.541974
135	143	1.30892
135	144	1.25124
135	160	0.511601
135	161	1.31352
135	162	0.513917
135	163	0.522493
135	164	0.514788
135	166	0.514541
135	167	1.30726
135	168	1.30382
135	170	1.29627
135	171	1.31651
135	172	1.31351
135	173	1.3188
135	175	1.31573
135	176	1.29029
135	177	1.30683
135	178	1.32171
135	179	1.28589
135	180	1.31851
136	2	0.578039
136	7	1.40732
136	10	1.2134
136	16	1.39956
136	20	1.39246
136	38	1.36006
136	58	1.29067
136	75	1.39791
136	80	1.39974
136	81	0.4772
136	94	1.36974
136	95	1.34257
136	99	0.499133
136	103	1.29502
136	104	0.484419
136	106	1.34599
136	121	1.32599
136	122	1.30174
136	123	1.3765
136	126	1.34542
136	130	1.32407
136	131	1.39565
136	137	0.485448
136	139	1.31619
