1	18	0.745395
1	56	0.769797
1	65	0.740165
1	72	0.740339
1	77	0.740609
1	80	0.724439
1	81	0.712842
1	82	0.71268
1	125	0.679416
1	146	0.646195
1	150	3.73241
1	173	3.81477
2	71	0.757202
2	86	0.791673
2	89	0.772725
2	90	0.825404
2	102	0.809916
2	104	0.799037
2	107	0.79853
2	108	0.798075
2	109	4.09033
2	111	0.829243
2	137	2.10317
2	180	4.12061
3	21	0.759533
3	23	0.75963
3	25	0.839374
3	27	0.772699
3	34	0.819627
3	96	1.22508
3	103	0.824242
3	121	0.721731
3	145	0.845609
3	150	2.33975
3	165	0.856201
3	167	5.34092
4	8	0.761068
4	11	0.871941
4	28	0.851579
4	30	0.74036
4	33	0.830215
4	38	0.746602
4	44	0.879698
4	48	0.793514
4	49	0.793427
4	126	1.53787
4	157	4.13716
4	171	4.04444
5	12	0.691151
5	16	0.691158
5	17	0.691075
5	29	0.690979
5	36	0.750894
5	41	2.41206
5	46	0.733638
5	47	0.733593
5	54	0.733464
5	60	0.788005
5	129	5.09639
5	173	0.698934
6	68	0.749544
6	92	0.701679
6	95	0.739737
6	98	0.721219
6	99	0.689251
6	101	0.728721
6	112	0.713505
6	113	0.715226
6	115	0.715793
6	123	0.726546
6	140	3.92405
6	165	2.99206
7	21	0.759533
7	23	0.75963
7	25	0.839374
7	27	0.772699
7	34	0.819627
7	62	1.41164
7	103	0.824242
7	121	0.721731
7	145	0.845609
7	146	3.29461
7	163	3.21328
7	165	0.856201
8	4	0.761068
8	9	0.75796
8	11	0.751109
8	28	0.730747
8	30	0.619528
8	33	0.709382
8	38	0.816034
8	48	0.672681
8	49	0.672595
8	93	0.713575
8	150	2.97006
8	158	4.72269
9	8	0.75796
9	11	0.868833
9	28	0.848471
9	30	0.737252
9	33	0.827106
9	38	0.743493
9	44	0.876589
9	48	0.790405
9	49	0.790319
9	139	1.44877
9	153	3.71038
9	177	3.71133
10	13	0.692463
10	31	3.14428
10	39	0.748201
10	55	0.724811
10	63	0.724343
10	75	0.754454
10	83	0.731871
10	88	0.771816
10	94	2.96423
10	143	0.693496
10	148	0.666925
10	154	0.688498
11	4	0.871941
11	8	0.751109
11	9	0.868833
11	30	0.7304
11	38	0.736642
11	44	0.869738
11	48	0.783554
11	49	0.783468
11	93	0.824448
11	140	1.36926
11	161	3.11136
11	164	4.81642
12	5	0.691151
12	15	0.751296
12	16	0.674454
12	17	0.674371
12	29	0.674275
12	36	0.73419
12	46	0.716934
12	47	0.716889
12	54	0.71676
12	60	0.771301
12	132	2.98338
12	146	4.46559
12	173	0.68223
13	10	0.692463
13	51	0.725151
13	53	0.726242
13	55	0.715841
13	63	0.715373
13	83	0.722901
13	88	0.762846
13	103	0.73153
13	116	2.88237
13	144	0.670696
13	148	0.657956
13	150	4.74795
13	154	0.679528
14	18	0.826907
14	32	0.798476
14	45	2.07212
14	64	0.713159
14	65	0.661255
14	72	0.821851
14	79	0.815653
14	80	0.805951
14	81	0.794355
14	82	0.794192
14	140	1.75477
14	146	0.727707
14	155	4.87892
15	12	0.751296
15	16	0.751303
15	17	0.75122
15	29	0.751124
15	36	0.811039
15	46	0.793783
15	47	0.793738
15	54	0.793609
15	60	0.84815
15	61	3.82711
15	130	1.37437
15	155	4.22935
15	173	0.759079
16	5	0.691158
16	12	0.674454
16	15	0.751303
16	17	0.674378
16	29	0.674282
16	36	0.734197
16	46	0.716941
16	47	0.716896
16	54	0.716767
16	60	0.771308
16	96	3.55669
16	132	3.90341
16	173	0.682237
17	5	0.691075
17	12	0.674371
17	15	0.75122
17	16	0.674378
17	29	0.674199
17	36	0.734114
17	46	0.716858
17	47	0.716813
17	54	0.716684
17	60	0.771225
17	148	5.8104
17	154	3.18081
17	173	0.682154
18	1	0.745395
18	14	0.826907
18	64	0.707945
18	77	0.816907
18	79	0.810439
18	80	0.800737
18	81	0.789141
18	82	0.788978
18	91	1.1052
18	125	0.755714
18	146	0.722493
18	171	5.2106
18	178	3.14779
19	77	0.82425
19	86	0.870294
19	110	0.79818
19	118	0.11566
19	124	0.814578
19	133	0.853771
19	158	0.776277
19	164	0.748033
19	173	0.798266
19	174	0.74201
19	178	0.773897
19	179	0.743512
19	180	0.753115
20	56	0.847322
20	64	0.709172
20	65	0.657268
20	72	0.817864
20	77	0.818134
20	79	0.811666
20	80	0.801964
20	81	0.790367
20	82	0.790205
20	142	1.8217
20	146	0.72372
20	157	5.52295
20	173	2.19213
21	3	0.759533
21	7	0.759533
21	23	0.650246
21	25	0.72999
21	27	0.663315
21	34	0.710243
21	50	0.718461
21	94	2.05528
21	103	0.714858
21	121	0.612347
21	125	4.8605
21	145	0.736225
21	165	0.746817
22	66	0.706757
22	87	0.705338
22	92	0.701667
22	95	0.739725
22	99	0.689239
22	112	0.713493
22	113	0.715214
22	115	0.715781
22	118	0.732536
22	123	0.726534
22	147	0.655289
22	149	5.20366
22	165	2.05652
23	3	0.75963
23	7	0.75963
23	21	0.650246
23	25	0.730086
23	27	0.663411
23	34	0.710339
23	50	0.718558
23	103	0.714954
23	114	2.17629
23	121	0.612443
23	145	0.736321
23	147	6.50752
23	165	0.746913
24	89	0.761404
24	97	0.766733
24	102	0.798595
24	104	0.787715
24	107	0.787209
24	108	0.786754
24	111	0.817921
24	119	0.777432
24	145	0.825323
24	149	1.63247
24	153	0.720496
24	154	4.10783
24	175	4.05261
25	3	0.839374
25	7	0.839374
25	21	0.72999
25	23	0.730086
25	27	0.743156
25	34	0.790084
25	103	0.794699
25	121	0.692188
25	145	0.816065
25	148	4.16403
25	149	2.16636
25	165	0.826658
25	174	5.41393
26	69	0.825009
26	73	0.834945
26	97	0.76207
26	102	0.793932
26	104	0.783052
26	107	0.782546
26	108	0.78209
26	111	0.813258
26	128	3.81276
26	145	0.82066
26	153	0.715832
26	162	2.33167
26	179	4.98696
27	3	0.772699
27	7	0.772699
27	21	0.663315
27	23	0.663411
27	25	0.743156
27	34	0.723409
27	103	0.728024
27	121	0.625513
27	143	3.0524
27	145	0.749391
27	165	0.759983
27	167	5.0222
28	4	0.851579
28	8	0.730747
28	9	0.848471
28	30	0.710039
28	33	0.799893
28	38	0.719336
28	44	0.849376
28	48	0.763192
28	49	0.763106
28	93	0.804086
28	96	1.40091
28	140	1.52221
28	177	6.02219
29	5	0.690979
29	12	0.674275
29	15	0.751124
29	16	0.674282
29	17	0.674199
29	36	0.734019
29	46	0.716762
29	47	0.716717
29	54	0.716588
29	60	0.771129
29	163	3.06619
29	173	0.682058
29	178	4.6625
30	4	0.74036
30	8	0.619528
30	9	0.737252
30	11	0.7304
30	28	0.710039
30	31	0.65678
30	33	0.688674
30	38	0.795326
30	44	0.738157
30	48	0.651973
30	49	0.651887
30	93	0.692867
30	127	4.6479
30	137	3.43155
31	10	3.14428
31	30	0.65678
31	33	0.746635
31	44	0.796118
31	48	0.709934
31	49	0.709848
31	115	0.185873
31	141	0.706894
31	142	0.748478
31	161	0.679315
31	170	0.684052
31	174	0.646121
31	178	0.678008
31	180	0.657226
32	14	0.798476
32	56	0.817664
32	64	0.679514
32	72	0.788206
32	77	0.788476
32	79	0.782008
32	80	0.772306
32	81	0.760709
32	82	0.760547
32	117	1.82278
32	119	1.58946
32	125	0.727283
32	146	0.694062
32	176	6.21343
33	4	0.830215
33	8	0.709382
33	9	0.827106
33	28	0.799893
33	30	0.688674
33	31	0.746635
33	38	0.697971
33	44	0.828012
33	48	0.741828
33	49	0.741741
33	93	0.782722
33	110	3.25467
33	142	1.86219
33	153	4.68434
34	3	0.819627
34	7	0.819627
34	21	0.710243
34	23	0.710339
34	25	0.790084
34	27	0.723409
34	50	0.778555
34	103	0.774951
34	121	0.672441
34	129	1.87514
34	145	0.796318
34	157	3.69771
34	165	0.80691
34	180	4.77604
35	67	0.79553
35	85	0.761419
35	92	0.747457
35	98	0.766998
35	99	0.73503
35	106	0.761766
35	112	0.759283
35	113	0.761005
35	115	0.761572
35	116	2.65539
35	118	0.778326
35	119	3.6387
35	123	0.772325
35	126	2.79353
36	5	0.750894
36	12	0.73419
36	15	0.811039
36	16	0.734197
36	17	0.734114
36	29	0.734019
36	46	0.776677
36	47	0.776632
36	54	0.776503
36	60	0.831044
36	126	1.96078
36	173	0.741973
36	178	2.82386
36	180	6.05772
37	82	0.430864
37	107	1.94138
37	109	0.701284
37	126	0.798221
37	158	0.702928
37	166	0.670897
37	169	0.692979
37	170	0.706592
37	171	0.698821
37	175	0.694796
37	176	0.681823
37	178	0.700547
37	179	0.670162
37	180	0.679766
38	4	0.746602
38	8	0.816034
38	9	0.743493
38	11	0.736642
38	28	0.719336
38	30	0.795326
38	33	0.697971
38	44	0.744398
38	48	0.84848
38	49	0.848394
38	59	2.60605
38	93	0.699109
38	147	3.12377
38	172	7.3226
39	10	0.748201
39	51	0.780889
39	52	0.776197
39	75	0.801222
39	83	0.778639
39	88	0.818584
39	105	1.33394
39	116	2.02406
39	140	0.781458
39	143	0.740264
39	144	0.726433
39	148	0.713693
39	154	0.735266
39	179	7.90108
40	87	0.749401
40	92	0.74573
40	95	0.783788
40	98	0.76527
40	101	0.772772
40	106	0.760039
40	112	0.757556
40	113	0.759277
40	115	0.759844
40	118	0.776599
40	123	0.770597
40	137	1.45272
40	150	2.20983
40	176	5.95152
41	5	2.41206
41	68	1.40525
41	122	0.821379
41	142	0.776
41	152	0.680614
41	164	0.679667
41	166	0.675879
41	169	0.697962
41	170	0.711575
41	177	0.692425
41	178	0.70553
41	179	0.675145
41	180	0.684748
42	61	0.693415
42	71	2.83939
42	130	0.716832
42	134	0.624293
42	156	0.634771
42	157	0.658249
42	168	0.653627
42	169	0.640267
42	174	0.615948
42	175	0.642083
42	176	0.62911
42	178	0.647835
42	179	0.617449
42	180	0.627053
43	66	0.693441
43	94	2.49368
43	95	0.726409
43	98	0.707891
43	99	0.675923
43	101	0.715393
43	106	0.70266
43	112	0.700177
43	113	0.701898
43	115	0.702465
43	118	0.71922
43	123	0.713218
43	130	5.01688
43	147	0.641974
44	4	0.879698
44	9	0.876589
44	11	0.869738
44	28	0.849376
44	30	0.738157
44	31	0.796118
44	33	0.828012
44	38	0.744398
44	45	1.73305
44	48	0.79131
44	49	0.791224
44	93	0.832205
44	105	2.0419
44	110	4.48505
44	127	2.81329
45	14	2.07212
45	44	1.73305
45	74	1.71363
45	100	0.846354
45	126	0.835436
45	139	0.789219
45	154	0.754907
45	156	0.724698
45	158	0.740142
45	160	0.718862
45	174	0.705876
45	177	0.724657
45	178	0.737762
45	179	0.707377
45	180	0.71698
46	5	0.733638
46	12	0.716934
46	15	0.793783
46	16	0.716941
46	17	0.716858
46	29	0.716762
46	36	0.776677
46	47	0.759376
46	50	0.773097
46	54	0.759247
46	60	0.813788
46	135	4.60212
46	136	3.7464
46	165	1.05479
46	173	0.724717
47	5	0.733593
47	12	0.716889
47	15	0.793738
47	16	0.716896
47	17	0.716813
47	29	0.716717
47	36	0.776632
47	46	0.759376
47	50	0.773052
47	54	0.759202
47	60	0.813743
47	130	1.35964
47	152	6.82492
47	173	0.724672
47	176	2.08535
48	4	0.793514
48	8	0.672681
48	9	0.790405
48	11	0.783554
48	28	0.763192
48	30	0.651973
48	31	0.709934
48	33	0.741828
48	38	0.84848
48	44	0.79131
48	49	0.70504
48	93	0.746021
48	125	2.29266
48	165	1.82265
48	175	6.37676
49	4	0.793427
49	8	0.672595
49	9	0.790319
49	11	0.783468
49	28	0.763106
49	30	0.651887
49	31	0.709848
49	33	0.741741
49	38	0.848394
49	44	0.791224
49	48	0.70504
49	93	0.745934
49	117	1.46124
49	169	5.11727
49	178	3.36785
50	21	0.718461
50	23	0.718558
50	34	0.778555
50	46	0.773097
50	47	0.773052
50	54	0.772923
50	60	0.827464
50	117	3.57144
50	119	3.33812
50	121	0.680659
50	126	2.49295
50	145	0.804537
50	165	0.815129
50	173	0.738393
51	13	0.725151
51	39	0.780889
51	53	0.7679
51	55	0.757499
51	63	0.757031
51	75	0.787142
51	83	0.764558
51	88	0.804503
51	128	3.569
51	143	0.726184
51	144	0.712353
51	148	0.699613
51	154	0.721186
51	156	6.21676
51	164	2.39184
52	39	0.776197
52	53	0.763208
52	55	0.752807
52	75	0.78245
52	83	0.759867
52	88	0.799812
52	103	0.768496
52	119	2.23371
52	136	2.91065
52	140	0.762686
52	143	0.721492
52	144	0.707662
52	148	0.694921
52	154	0.716494
52	158	4.86862
53	13	0.726242
53	51	0.7679
53	52	0.763208
53	63	0.758122
53	75	0.788233
53	83	0.76565
53	88	0.805595
53	122	1.87194
53	140	0.768469
53	143	0.727275
53	144	0.713444
53	148	0.700704
53	153	4.25036
53	154	0.722277
53	177	4.25132
54	5	0.733464
54	12	0.71676
54	15	0.793609
54	16	0.716767
54	17	0.716684
54	29	0.716588
54	36	0.776503
54	46	0.759247
54	47	0.759202
54	50	0.772923
54	60	0.813614
54	137	1.34616
54	163	2.7912
54	173	0.724543
54	175	5.80021
55	10	0.724811
55	13	0.715841
55	51	0.757499
55	52	0.752807
55	63	0.747721
55	75	0.777832
55	83	0.755249
55	88	0.795194
55	138	1.84066
55	140	0.758068
55	143	0.716874
55	144	0.703043
55	148	0.690303
55	154	0.711876
55	168	3.59018
55	178	4.53396
56	1	0.769797
56	20	0.847322
56	32	0.817664
56	64	0.732347
56	65	0.680443
56	72	0.841039
56	77	0.841309
56	79	0.834841
56	80	0.825139
56	81	0.813542
56	82	0.81338
56	93	1.27244
56	142	1.42062
56	146	0.746895
56	167	4.70987
56	177	4.24373
57	71	3.63939
57	120	0.598719
57	133	0.723188
57	134	0.619773
57	150	0.67038
57	154	0.660459
57	155	0.673444
57	159	0.625521
57	168	0.649106
57	169	0.635746
57	172	0.61226
57	176	0.624589
57	177	0.630209
57	178	0.643314
57	179	0.612929
57	180	0.622532
58	73	1.68292
58	89	1.48213
58	114	0.747604
58	128	0.716896
58	135	0.705172
58	152	0.675287
58	164	0.674339
58	167	0.686896
58	169	0.692635
58	170	0.706247
58	172	0.669149
58	175	0.694451
58	176	0.681478
58	179	0.669817
58	180	0.679421
59	38	2.60605
59	73	0.519148
59	87	0.658463
59	117	0.823926
59	137	0.819485
59	160	0.718768
59	163	0.782479
59	164	0.711805
59	167	0.724362
59	172	0.706615
59	174	0.705782
59	176	0.718944
59	177	0.724564
59	178	0.737669
59	179	0.707284
59	180	0.716887
60	5	0.788005
60	12	0.771301
60	15	0.84815
60	16	0.771308
60	17	0.771225
60	29	0.771129
60	36	0.831044
60	46	0.813788
60	47	0.813743
60	50	0.827464
60	54	0.813614
60	62	1.89688
60	114	1.47283
60	166	8.16609
60	170	2.0561
60	173	0.779084
61	15	3.82711
61	42	0.693415
61	112	0.78599
61	116	0.7687
61	120	0.642259
61	149	0.723503
61	157	0.697269
61	163	0.731664
61	172	0.655801
61	174	0.654968
61	175	0.681103
61	176	0.66813
61	177	0.67375
61	178	0.686854
61	179	0.656469
61	180	0.666073
62	7	1.41164
62	60	1.89688
62	98	1.95905
62	128	0.757179
62	142	0.810956
62	161	0.741793
62	166	0.710835
62	167	0.727179
62	169	0.732918
62	171	0.738759
62	172	0.709432
62	173	0.764855
62	175	0.734734
62	178	0.740486
62	179	0.7101
62	180	0.719704
63	10	0.724343
63	13	0.715373
63	51	0.757031
63	53	0.758122
63	55	0.747721
63	75	0.777364
63	83	0.754781
63	88	0.794726
63	96	3.01732
63	139	4.35586
63	140	0.7576
63	143	0.716406
63	144	0.702576
63	148	0.689836
63	154	0.711408
63	165	2.20663
64	14	0.713159
64	18	0.707945
64	20	0.709172
64	32	0.679514
64	56	0.732347
64	65	1.27944
64	72	0.702889
64	77	0.703159
64	79	0.696691
64	80	0.686989
64	81	0.675393
64	82	0.67523
64	91	1.74463
64	125	0.641966
64	138	3.26861
64	146	0.608745
64	168	5.01813
65	1	0.740165
65	14	0.661255
65	20	0.657268
65	56	0.680443
65	64	1.27944
65	72	0.650985
65	77	0.651255
65	79	0.644787
65	80	0.635085
65	81	0.783911
65	82	0.783748
65	125	1.32721
65	141	1.73477
65	146	0.717263
65	171	2.05655
65	174	5.34115
65	179	5.21034
66	22	0.706757
66	43	0.693441
66	84	0.738505
66	87	0.728279
66	92	0.724608
66	93	3.4864
66	95	0.762666
66	99	0.71218
66	100	1.86441
66	106	0.738917
66	112	0.736434
66	113	0.738156
66	115	0.738723
66	118	0.755477
66	123	0.749476
66	144	4.52837
66	147	0.678231
67	35	0.79553
67	68	0.815455
67	70	0.816827
67	87	0.771261
67	95	0.805648
67	98	0.787131
67	99	0.755162
67	106	0.781899
67	112	0.779416
67	115	0.781704
67	116	1.75081
67	118	0.798459
67	123	0.792457
67	131	4.12065
67	132	1.87686
67	147	0.721213
67	173	3.69875
68	6	0.749544
68	41	1.40525
68	67	0.815455
68	84	0.78128
68	85	0.781344
68	95	0.805441
68	98	0.786923
68	99	0.754955
68	101	0.794425
68	106	0.781692
68	112	0.779209
68	113	0.78093
68	118	0.798252
68	123	0.79225
68	140	1.43263
68	168	2.81285
68	177	5.03401
69	26	0.825009
69	74	0.828122
69	76	0.7505
69	86	0.781678
69	89	0.76273
69	90	0.815409
69	97	0.76806
69	102	0.799922
69	104	0.789042
69	107	0.788536
69	108	0.78808
69	111	0.819248
69	136	1.7837
69	138	1.87021
69	153	0.721822
69	175	3.32039
69	179	7.1243
70	67	0.816827
70	84	0.782652
70	85	0.782716
70	87	0.772426
70	92	0.768755
70	98	0.788295
70	99	0.756327
70	101	0.795797
70	106	0.783064
70	112	0.780581
70	113	0.782302
70	118	0.799624
70	123	0.793622
70	138	1.65252
70	139	2.34046
70	142	2.80009
70	158	4.8408
71	2	0.757202
71	42	2.83939
71	57	3.63939
71	74	0.744331
71	76	0.666708
71	78	0.638284
71	86	0.697886
71	89	0.678939
71	90	0.731618
71	97	0.684268
71	102	0.71613
71	104	0.70525
71	107	0.704744
71	108	0.704289
71	111	0.735456
71	119	0.694967
71	145	0.742858
71	180	2.36399
72	1	0.740339
72	14	0.821851
72	20	0.817864
72	32	0.788206
72	56	0.841039
72	64	0.702889
72	65	0.650985
72	77	0.811851
72	79	0.805383
72	80	0.795681
72	81	0.784084
72	82	0.783922
72	91	1.69421
72	125	0.750658
72	135	3.39454
72	146	0.717437
72	149	2.99435
72	170	4.97374
73	26	0.834945
73	58	1.68292
73	59	0.519148
73	74	0.838058
73	78	0.979319
73	86	0.791614
73	89	0.772666
73	90	0.825345
73	97	0.777996
73	102	0.809857
73	104	0.798978
73	107	0.798471
73	108	0.798016
73	111	0.829184
73	144	1.40385
73	145	0.836585
73	153	0.731758
73	180	6.29215
74	45	1.71363
74	69	0.828122
74	71	0.744331
74	73	0.838058
74	76	0.747623
74	78	1.24609
74	86	0.778801
74	89	0.759854
74	97	0.765183
74	102	0.797045
74	104	0.786165
74	107	0.785659
74	108	0.785204
74	111	0.816371
74	151	6.90348
74	153	0.718946
74	155	2.38367
74	156	5.38378
75	10	0.754454
75	39	0.801222
75	51	0.787142
75	52	0.78245
75	53	0.788233
75	55	0.777832
75	63	0.777364
75	83	0.784892
75	88	0.824837
75	132	2.38578
75	140	0.787711
75	143	0.746517
75	144	0.732686
75	146	3.868
75	148	0.719946
75	154	0.741519
75	165	1.22838
75	173	4.20767
76	69	0.7505
76	71	0.666708
76	74	0.747623
76	78	0.641576
76	86	0.701179
76	89	0.682231
76	90	0.73491
76	97	0.687561
76	102	0.719422
76	104	0.708543
76	107	0.708036
76	108	0.707581
76	111	0.738749
76	122	1.49219
76	145	0.74615
76	153	0.641323
76	161	5.02023
76	177	5.13743
77	1	0.740609
77	18	0.816907
77	19	0.82425
77	20	0.818134
77	32	0.788476
77	56	0.841309
77	64	0.703159
77	65	0.651255
77	72	0.811851
77	79	0.805653
77	80	0.795951
77	81	0.784355
77	82	0.784192
77	105	2.94969
77	125	0.750928
77	146	0.717707
77	165	1.39149
77	178	5.54608
78	71	0.638284
78	73	0.979319
78	74	1.24609
78	76	0.641576
78	86	0.671718
78	89	0.879947
78	90	1.04352
78	97	0.659136
78	102	0.690998
78	104	0.680118
78	107	0.679612
78	108	0.679157
78	111	0.710324
78	128	4.61824
78	134	12
78	136	2.8796
78	153	0.612899
78	178	2.57009
79	14	0.815653
79	18	0.810439
79	20	0.811666
79	32	0.782008
79	56	0.834841
79	64	0.696691
79	65	0.644787
79	72	0.805383
79	77	0.805653
79	80	0.789483
79	81	0.777887
79	82	0.777724
79	125	0.74446
79	143	2.3175
79	146	0.711239
79	154	2.54468
79	160	7.10539
79	175	2.48946
80	1	0.724439
80	14	0.805951
80	18	0.800737
80	20	0.801964
80	32	0.772306
80	56	0.825139
80	64	0.686989
80	65	0.635085
80	72	0.795681
80	77	0.795951
80	79	0.789483
80	81	0.768184
80	82	0.768022
80	122	1.87366
80	125	0.734758
80	146	0.701537
80	163	1.43117
80	173	1.85219
80	174	8.37489
81	1	0.712842
81	14	0.794355
81	18	0.789141
81	20	0.790367
81	32	0.760709
81	56	0.813542
81	64	0.675393
81	65	0.783911
81	72	0.784084
81	77	0.784355
81	79	0.777887
81	80	0.768184
81	82	0.756425
81	94	1.28681
81	121	5.34331
81	125	0.723161
81	133	2.14119
81	146	0.689941
81	176	5.22817
82	1	0.71268
82	14	0.794192
82	18	0.788978
82	20	0.790205
82	32	0.760547
82	37	0.430864
82	56	0.81338
82	64	0.67523
82	65	0.783748
82	72	0.783922
82	77	0.784192
82	79	0.777724
82	80	0.768022
82	81	0.756425
82	109	5.50967
82	125	0.722999
82	133	1.70318
82	146	0.689778
82	147	5.16871
83	10	0.731871
83	13	0.722901
83	39	0.778639
83	51	0.764558
83	52	0.759867
83	53	0.76565
83	55	0.755249
83	63	0.754781
83	75	0.784892
83	88	0.802253
83	93	2.12696
83	103	0.770937
83	129	2.25557
83	140	0.765128
83	143	0.723934
83	144	0.710103
83	148	0.697363
83	154	0.718936
83	171	3.98543
83	174	7.27003
84	66	0.738505
84	68	0.78128
84	70	0.782652
84	85	0.747376
84	87	0.737086
84	91	2.20238
84	92	0.733415
84	95	0.771473
84	98	0.752955
84	100	2.10126
84	101	0.760457
84	106	0.747724
84	112	0.745241
84	113	0.746962
84	115	0.747529
84	118	0.764284
84	123	0.758282
84	140	3.19707
84	144	4.76522
84	147	0.687038
85	35	0.761419
85	68	0.781344
85	70	0.782716
85	84	0.747376
85	87	0.73715
85	92	0.733479
85	95	0.771538
85	98	0.75302
85	99	0.721051
85	101	0.760522
85	106	0.747788
85	113	0.747027
85	115	0.747594
85	117	2.0637
85	118	0.764348
85	123	0.758347
85	147	0.687102
85	165	1.88231
85	168	3.02653
85	180	7.20417
86	2	0.791673
86	19	0.870294
86	69	0.781678
86	71	0.697886
86	73	0.791614
86	74	0.778801
86	76	0.701179
86	78	0.671718
86	89	0.713409
86	90	0.766088
86	97	0.718739
86	102	0.750601
86	104	0.739721
86	107	0.739215
86	108	0.738759
86	111	0.769927
86	124	3.89839
86	137	2.55077
86	145	0.777328
86	153	0.672501
86	168	4.64834
87	22	0.705338
87	40	0.749401
87	59	0.658463
87	66	0.728279
87	67	0.771261
87	70	0.772426
87	84	0.737086
87	85	0.73715
87	92	0.723189
87	95	0.761247
87	98	0.742729
87	99	0.710761
87	101	0.750231
87	112	0.735015
87	113	0.736736
87	115	0.737303
87	118	0.754058
87	123	0.748056
87	159	5.75504
87	170	4.16955
87	173	2.02232
88	10	0.771816
88	13	0.762846
88	39	0.818584
88	51	0.804503
88	52	0.799812
88	53	0.805595
88	55	0.795194
88	63	0.794726
88	75	0.824837
88	83	0.802253
88	93	1.91419
88	103	0.810882
88	116	1.48737
88	124	2.91686
88	135	4.00334
88	140	0.805073
88	143	0.763879
88	144	0.750048
88	148	0.737308
88	149	3.60316
88	154	0.758881
89	2	0.772725
89	24	0.761404
89	58	1.48213
89	69	0.76273
89	71	0.678939
89	73	0.772666
89	74	0.759854
89	76	0.682231
89	78	0.879947
89	86	0.713409
89	90	0.747141
89	97	0.699791
89	102	0.731653
89	104	0.720773
89	107	0.720267
89	108	0.719811
89	111	0.750979
89	121	5.45669
89	133	2.25457
89	145	0.758381
89	170	3.82944
90	2	0.825404
90	69	0.815409
90	71	0.731618
90	73	0.825345
90	76	0.73491
90	78	1.04352
90	86	0.766088
90	89	0.747141
90	97	0.75247
90	102	0.784332
90	104	0.773452
90	107	0.772946
90	108	0.772491
90	111	0.803658
90	117	1.88085
90	124	2.09372
90	127	1.96246
90	145	0.81106
90	153	0.706233
90	159	6.34489
90	173	2.61217
91	18	1.1052
91	64	1.74463
91	72	1.69421
91	84	2.20238
91	106	0.967474
91	109	0.782994
91	146	0.773268
91	150	0.809324
91	158	0.784638
91	159	0.764464
91	160	0.763357
91	164	0.756394
91	165	0.883363
91	166	0.752607
91	167	0.768951
91	169	0.77469
91	174	0.750371
91	175	0.776506
91	176	0.763533
91	178	0.782258
91	179	0.751873
91	180	0.761476
92	6	0.701679
92	22	0.701667
92	35	0.747457
92	40	0.74573
92	66	0.724608
92	70	0.768755
92	84	0.733415
92	85	0.733479
92	87	0.723189
92	98	0.739058
92	99	0.70709
92	101	0.74656
92	106	0.733827
92	112	0.731344
92	113	0.733065
92	115	0.733632
92	118	0.750387
92	123	0.744385
92	127	1.45348
92	153	4.55492
92	155	3.18004
92	169	5.02791
93	8	0.713575
93	11	0.824448
93	28	0.804086
93	30	0.692867
93	33	0.782722
93	38	0.699109
93	44	0.832205
93	48	0.746021
93	49	0.745934
93	56	1.27244
93	66	3.4864
93	83	2.12696
93	88	1.91419
93	152	0.689178
93	157	0.724509
93	161	0.715402
93	162	0.707254
93	168	0.719886
93	171	0.712368
93	178	0.714094
93	179	0.683709
93	180	0.693313
94	10	2.96423
94	21	2.05528
94	43	2.49368
94	81	1.28681
94	117	0.816934
94	133	0.810551
94	140	0.794013
94	151	0.703479
94	154	0.747821
94	157	0.741091
94	164	0.704813
94	167	0.71737
94	169	0.723108
94	170	0.736721
94	171	0.72895
94	172	0.699623
94	174	0.69879
94	175	0.724925
94	176	0.711952
94	178	0.730676
94	179	0.700291
94	180	0.709895
95	6	0.739737
95	22	0.739725
95	40	0.783788
95	43	0.726409
95	66	0.762666
95	67	0.805648
95	68	0.805441
95	84	0.771473
95	85	0.771538
95	87	0.761247
95	98	0.777116
95	99	0.745148
95	101	0.784619
95	106	0.771885
95	110	2.26027
95	115	0.77169
95	118	0.788445
95	123	0.782443
95	133	1.81058
95	147	0.711199
95	161	3.5737
95	164	5.27875
95	167	4.15703
96	3	1.22508
96	16	3.55669
96	28	1.40091
96	63	3.01732
96	117	0.807889
96	135	0.726601
96	137	0.803447
96	149	0.75828
96	153	0.707318
96	155	0.751762
96	157	0.732046
96	162	0.714792
96	166	0.691981
96	167	0.708325
96	168	0.727424
96	170	0.727677
96	171	0.719905
96	172	0.690578
96	174	0.689745
96	175	0.71588
96	177	0.708527
96	178	0.721632
96	180	0.70085
97	24	0.766733
97	26	0.76207
97	69	0.76806
97	71	0.684268
97	73	0.777996
97	74	0.765183
97	76	0.687561
97	78	0.659136
97	86	0.718739
97	89	0.699791
97	90	0.75247
97	102	0.736983
97	104	0.726103
97	107	0.725597
97	108	0.725141
97	111	0.756309
97	119	0.715819
97	136	1.47966
97	141	2.63722
97	145	0.76371
97	153	0.658883
97	159	5.50007
97	162	5.50395
98	6	0.721219
98	35	0.766998
98	40	0.76527
98	43	0.707891
98	62	1.95905
98	67	0.787131
98	68	0.786923
98	70	0.788295
98	84	0.752955
98	85	0.75302
98	87	0.742729
98	92	0.739058
98	95	0.777116
98	101	0.766101
98	106	0.753367
98	112	0.750884
98	113	0.752606
98	115	0.753172
98	118	0.769927
98	123	0.763925
98	130	2.40358
98	137	2.31564
98	144	3.70255
98	163	3.76068
99	6	0.689251
99	22	0.689239
99	35	0.73503
99	43	0.675923
99	66	0.71218
99	67	0.755162
99	68	0.754955
99	70	0.756327
99	85	0.721051
99	87	0.710761
99	92	0.70709
99	95	0.745148
99	101	0.734132
99	106	0.721399
99	112	0.718916
99	113	0.720637
99	115	0.721204
99	118	0.737959
99	122	2.2799
99	123	0.731957
99	132	1.65057
99	147	0.660713
99	164	7.513
99	168	3.70397
100	45	0.846354
100	66	1.86441
100	84	2.10126
100	101	0.768358
100	106	0.866355
100	110	0.774149
100	118	0.519085
100	121	0.716501
100	129	0.789178
100	135	0.754835
100	137	0.831681
100	143	0.772009
100	150	0.776931
100	158	0.752246
100	159	0.732072
100	161	0.751173
100	162	0.743026
100	164	0.724002
100	168	0.755658
100	171	0.748139
100	177	0.736761
100	178	0.749866
100	179	0.719481
100	180	0.729084
101	6	0.728721
101	40	0.772772
101	43	0.715393
101	68	0.794425
101	70	0.795797
101	84	0.760457
101	85	0.760522
101	87	0.750231
101	92	0.74656
101	95	0.784619
101	98	0.766101
101	99	0.734132
101	100	0.768358
101	106	0.760869
101	112	0.758386
101	113	0.760108
101	114	3.61813
101	115	0.760675
101	118	0.777429
101	123	0.771428
101	139	3.08141
101	142	3.54104
101	146	3.57179
101	147	0.700183
102	2	0.809916
102	24	0.798595
102	26	0.793932
102	69	0.799922
102	71	0.71613
102	73	0.809857
102	74	0.797045
102	76	0.719422
102	78	0.690998
102	86	0.750601
102	89	0.731653
102	90	0.784332
102	97	0.736983
102	104	0.757965
102	107	0.757458
102	108	0.757003
102	111	0.788171
102	119	0.747681
102	130	2.64552
102	148	3.62557
102	153	0.690745
102	160	5.55669
102	169	2.77699
102	172	6.5895
103	3	0.824242
103	7	0.824242
103	13	0.73153
103	21	0.714858
103	23	0.714954
103	25	0.794699
103	27	0.728024
103	34	0.774951
103	52	0.768496
103	83	0.770937
103	88	0.810882
103	114	3.13275
103	121	0.677056
103	122	2.23353
103	131	3.84799
103	140	0.773756
103	141	4.29595
103	143	0.732563
103	144	0.718732
103	145	0.800933
103	148	0.705992
103	154	0.727565
103	163	3.00507
103	165	0.811525
104	2	0.799037
104	24	0.787715
104	26	0.783052
104	69	0.789042
104	71	0.70525
104	73	0.798978
104	74	0.786165
104	76	0.708543
104	78	0.680118
104	86	0.739721
104	89	0.720773
104	90	0.773452
104	97	0.726103
104	102	0.757965
104	107	0.746579
104	108	0.746123
104	111	0.777291
104	119	0.736801
104	143	2.65312
104	145	0.784692
104	153	0.679865
104	154	4.34731
104	162	5.44071
104	165	1.38697
104	170	3.85134
105	39	1.33394
105	44	2.0419
105	77	2.94969
105	106	2.58837
105	120	0.673186
105	128	0.734474
105	131	0.737605
105	136	0.781428
105	139	0.769237
105	144	0.726093
105	152	0.692865
105	156	0.704717
105	163	0.76259
105	164	0.691917
105	167	0.704474
105	168	0.723573
105	169	0.710213
105	172	0.686727
105	174	0.685894
105	175	0.712029
105	176	0.699056
105	177	0.704676
105	178	0.717781
105	179	0.687395
105	180	0.696999
106	35	0.761766
106	40	0.760039
106	43	0.70266
106	66	0.738917
106	67	0.781899
106	68	0.781692
106	70	0.783064
106	84	0.747724
106	85	0.747788
106	91	0.967474
106	92	0.733827
106	95	0.771885
106	98	0.753367
106	99	0.721399
106	100	0.866355
106	101	0.760869
106	105	2.58837
106	112	0.745653
106	113	0.747374
106	115	0.747941
106	118	0.764696
106	123	0.758694
106	124	3.49102
106	131	4.43137
106	147	0.687449
107	2	0.79853
107	24	0.787209
107	26	0.782546
107	37	1.94138
107	69	0.788536
107	71	0.704744
107	73	0.798471
107	74	0.785659
107	76	0.708036
107	78	0.679612
107	86	0.739215
107	89	0.720267
107	90	0.772946
107	97	0.725597
107	102	0.757458
107	104	0.746579
107	108	0.745617
107	111	0.776785
107	119	0.736295
107	122	1.44877
107	145	0.784186
107	153	0.679359
107	165	1.9782
107	169	5.56605
107	171	5.87943
108	2	0.798075
108	24	0.786754
108	26	0.78209
108	69	0.78808
108	71	0.704289
108	73	0.798016
108	74	0.785204
108	76	0.707581
108	78	0.679157
108	86	0.738759
108	89	0.719811
108	90	0.772491
108	97	0.725141
108	102	0.757003
108	104	0.746123
108	107	0.745617
108	111	0.776329
108	119	0.73584
108	125	1.87034
108	145	0.783731
108	152	8.37508
108	153	0.678903
108	154	2.61937
108	158	1.64644
108	180	4.38531
109	2	4.09033
109	37	0.701284
109	82	5.50967
109	91	0.782994
109	119	0.684632
109	127	0.71466
109	132	0.713399
109	134	0.618469
109	141	0.670897
109	150	0.669076
109	151	0.614813
109	155	0.67214
109	158	0.644391
109	159	0.624217
109	161	0.643318
109	162	0.635171
109	167	0.628704
109	170	0.648055
109	174	0.610124
109	176	0.623286
109	177	0.628906
109	178	0.64201
109	179	0.611625
109	180	0.621229
110	19	0.79818
110	33	3.25467
110	44	4.48505
110	95	2.26027
110	100	0.774149
110	117	0.751814
110	119	0.708179
110	120	0.620962
110	127	0.738206
110	146	0.656566
110	149	0.702205
110	151	0.638359
110	159	0.647763
110	161	0.666864
110	165	0.766662
110	167	0.65225
110	168	0.671349
110	169	0.657989
110	171	0.66383
110	174	0.63367
110	175	0.659805
110	176	0.646832
110	178	0.665557
110	179	0.635172
110	180	0.644775
111	2	0.829243
111	24	0.817921
111	26	0.813258
111	69	0.819248
111	71	0.735456
111	73	0.829184
111	74	0.816371
111	76	0.738749
111	78	0.710324
111	86	0.769927
111	89	0.750979
111	90	0.803658
111	97	0.756309
111	102	0.788171
111	104	0.777291
111	107	0.776785
111	108	0.776329
111	119	0.767007
111	125	1.43435
111	139	1.9735
111	142	2.55435
111	145	0.814899
111	153	0.710071
111	166	7.84267
111	171	2.82354
111	179	5.97733
112	6	0.713505
112	22	0.713493
112	35	0.759283
112	40	0.757556
112	43	0.700177
112	61	0.78599
112	66	0.736434
112	67	0.779416
112	68	0.779209
112	70	0.780581
112	84	0.745241
112	87	0.735015
112	92	0.731344
112	98	0.750884
112	99	0.718916
112	101	0.758386
112	106	0.745653
112	113	0.744891
112	115	0.745458
112	118	0.762213
112	123	0.756211
112	133	2.13105
112	147	0.684967
112	151	9.49652
112	157	3.44219
112	163	2.58083
113	6	0.715226
113	22	0.715214
113	35	0.761005
113	40	0.759277
113	43	0.701898
113	66	0.738156
113	68	0.78093
113	70	0.782302
113	84	0.746962
113	85	0.747027
113	87	0.736736
113	92	0.733065
113	98	0.752606
113	99	0.720637
113	101	0.760108
113	106	0.747374
113	112	0.744891
113	115	0.74718
113	118	0.763934
113	123	0.757932
113	125	1.94214
113	133	2.75942
113	143	3.13608
113	147	0.686688
113	162	5.92366
113	169	5.11178
114	23	2.17629
114	58	0.747604
114	60	1.47283
114	101	3.61813
114	103	3.13275
114	122	0.804524
114	124	0.729356
114	130	0.757673
114	133	0.76855
114	142	0.759145
114	152	0.663759
114	155	0.718805
114	156	0.675611
114	163	0.733485
114	165	0.789781
114	166	0.659025
114	167	0.675369
114	168	0.694467
114	169	0.681107
114	170	0.69472
114	171	0.686949
114	174	0.656789
114	175	0.682924
114	176	0.669951
114	178	0.688675
114	180	0.667894
115	6	0.715793
115	22	0.715781
115	31	0.185873
115	35	0.761572
115	40	0.759844
115	43	0.702465
115	66	0.738723
115	67	0.781704
115	84	0.747529
115	85	0.747594
115	87	0.737303
115	92	0.733632
115	95	0.77169
115	98	0.753172
115	99	0.721204
115	101	0.760675
115	106	0.747941
115	112	0.745458
115	113	0.74718
115	118	0.764501
115	123	0.758499
115	129	3.17289
115	147	0.687255
115	156	5.59946
115	160	4.93792
115	166	5.99124
116	13	2.88237
116	35	2.65539
116	39	2.02406
116	61	0.7687
116	67	1.75081
116	88	1.48737
116	126	0.820794
116	127	0.795769
116	136	0.786767
116	141	0.752007
116	150	0.750185
116	151	0.695922
116	160	0.704219
116	161	0.724427
116	163	0.76793
116	164	0.697256
116	165	0.824225
116	166	0.693469
116	170	0.729164
116	171	0.721393
116	173	0.747489
116	174	0.691233
116	176	0.704395
116	177	0.710015
116	178	0.72312
116	179	0.692735
116	180	0.702338
117	32	1.82278
117	49	1.46124
117	50	3.57144
117	59	0.823926
117	85	2.0637
117	90	1.88085
117	94	0.816934
117	96	0.807889
117	110	0.751814
117	133	0.807406
117	142	0.798001
117	146	0.718541
117	156	0.714467
117	160	0.708631
117	162	0.720691
117	164	0.701668
117	166	0.697881
117	167	0.714225
117	169	0.719963
117	171	0.725805
117	174	0.695645
117	175	0.72178
117	176	0.708807
117	177	0.714427
117	178	0.727531
117	179	0.697146
117	180	0.70675
118	19	0.11566
118	22	0.732536
118	35	0.778326
118	40	0.776599
118	43	0.71922
118	66	0.755477
118	67	0.798459
118	68	0.798252
118	70	0.799624
118	84	0.764284
118	85	0.764348
118	87	0.754058
118	92	0.750387
118	95	0.788445
118	98	0.769927
118	99	0.737959
118	100	0.519085
118	101	0.777429
118	106	0.764696
118	112	0.762213
118	113	0.763934
118	115	0.764501
118	123	0.775254
118	126	1.8524
118	138	2.14419
118	141	4.53206
118	147	0.704009
118	176	7.32154
119	24	0.777432
119	32	1.58946
119	35	3.6387
119	50	3.33812
119	52	2.23371
119	71	0.694967
119	97	0.715819
119	102	0.747681
119	104	0.736801
119	107	0.736295
119	108	0.73584
119	109	0.684632
119	110	0.708179
119	111	0.767007
119	145	0.774409
119	149	0.720544
119	153	0.669582
119	155	0.714026
119	156	0.670832
119	159	0.666102
119	160	0.664995
119	162	0.677056
119	170	0.689941
119	174	0.652009
119	178	0.683896
119	179	0.653511
119	180	0.663114
120	57	0.598719
120	61	0.642259
120	105	0.673186
120	110	0.620962
120	131	0.616503
120	132	0.668067
120	134	0.573138
120	139	0.648135
120	150	0.623745
120	152	0.571763
120	157	0.607093
120	161	0.597986
120	162	0.589839
120	163	0.641489
120	164	0.570815
120	166	0.567028
120	167	0.583372
120	169	0.589111
120	170	0.602724
120	171	0.594952
120	172	0.565625
120	174	0.564793
120	175	0.590928
120	176	0.577954
120	177	0.583574
120	178	0.596679
120	179	0.566294
120	180	0.575897
121	3	0.721731
121	7	0.721731
121	21	0.612347
121	23	0.612443
121	25	0.692188
121	27	0.625513
121	34	0.672441
121	50	0.680659
121	81	5.34331
121	89	5.45669
121	100	0.716501
121	103	0.677056
121	122	0.723758
121	131	0.627733
121	132	0.679298
121	145	0.698422
121	147	0.600654
121	154	0.625054
121	160	0.589009
121	162	0.601069
121	163	0.652719
121	165	0.709015
121	175	0.602158
121	176	0.589185
121	178	0.607909
121	179	0.577524
121	180	0.587128
122	41	0.821379
122	53	1.87194
122	76	1.49219
122	80	1.87366
122	99	2.2799
122	103	2.23353
122	107	1.44877
122	114	0.804524
122	121	0.723758
122	130	0.82612
122	137	0.838938
122	139	0.808579
122	151	0.729925
122	152	0.732207
122	158	0.759503
122	159	0.739329
122	161	0.75843
122	164	0.731259
122	165	0.858228
122	167	0.743816
122	169	0.749555
122	171	0.755396
122	174	0.725236
122	175	0.751371
122	176	0.738398
122	177	0.744018
122	179	0.726738
122	180	0.736341
123	6	0.726546
123	22	0.726534
123	35	0.772325
123	40	0.770597
123	43	0.713218
123	66	0.749476
123	67	0.792457
123	68	0.79225
123	70	0.793622
123	84	0.758282
123	85	0.758347
123	87	0.748056
123	92	0.744385
123	95	0.782443
123	98	0.763925
123	99	0.731957
123	101	0.771428
123	106	0.758694
123	112	0.756211
123	113	0.757932
123	115	0.758499
123	118	0.775254
123	127	1.52288
123	147	0.698008
123	161	4.50807
123	163	1.75157
123	170	4.31982
123	175	4.76058
123	178	3.34788
124	19	0.814578
124	86	3.89839
124	88	2.91686
124	90	2.09372
124	106	3.49102
124	114	0.729356
124	125	0.706185
124	130	0.750952
124	131	0.701779
124	135	0.686924
124	137	0.76377
124	146	0.672964
124	153	0.66764
124	156	0.66889
124	157	0.692369
124	160	0.663054
124	161	0.683262
124	163	0.726764
124	164	0.656091
124	166	0.652304
124	167	0.668648
124	168	0.687746
124	169	0.674386
124	170	0.687999
124	171	0.680228
124	174	0.650068
124	175	0.676203
124	176	0.66323
124	177	0.66885
124	179	0.651569
124	180	0.661173
125	1	0.679416
125	18	0.755714
125	21	4.8605
125	32	0.727283
125	48	2.29266
125	64	0.641966
125	65	1.32721
125	72	0.750658
125	77	0.750928
125	79	0.74446
125	80	0.734758
125	81	0.723161
125	82	0.722999
125	108	1.87034
125	111	1.43435
125	113	1.94214
125	124	0.706185
125	136	0.729152
125	143	0.687647
125	146	0.656514
125	158	0.667885
125	162	0.658665
125	163	0.710314
125	169	0.657936
125	171	0.663778
125	172	0.634451
125	175	0.659753
125	176	0.64678
125	177	0.6524
125	178	0.665504
125	180	0.644723
126	4	1.53787
126	35	2.79353
126	36	1.96078
126	37	0.798221
126	45	0.835436
126	50	2.49295
126	116	0.820794
126	118	1.8524
126	134	0.715406
126	141	0.767835
126	142	0.809418
126	145	0.12175
126	158	0.741328
126	159	0.721154
126	161	0.740255
126	162	0.732108
126	163	0.783758
126	164	0.713084
126	166	0.709297
126	167	0.725641
126	168	0.74474
126	170	0.744993
126	171	0.737221
126	172	0.707894
126	174	0.707061
126	175	0.733196
126	176	0.720223
126	177	0.725843
126	178	0.738948
126	179	0.708563
126	180	0.718166
127	30	4.6479
127	44	2.81329
127	90	1.96246
127	92	1.45348
127	109	0.71466
127	110	0.738206
127	116	0.795769
127	123	1.52288
127	134	0.690382
127	135	0.718893
127	141	0.74281
127	143	0.736066
127	152	0.689007
127	155	0.744053
127	156	0.70086
127	157	0.724338
127	158	0.716304
127	159	0.69613
127	161	0.715231
127	162	0.707084
127	163	0.758733
127	166	0.684273
127	168	0.719715
127	169	0.706355
127	171	0.712197
127	172	0.68287
127	173	0.738293
127	176	0.695199
127	177	0.700819
127	179	0.683538
127	180	0.693142
128	26	3.81276
128	51	3.569
128	58	0.716896
128	62	0.757179
128	78	4.61824
128	105	0.734474
128	129	0.697279
128	136	0.721614
128	139	0.709423
128	144	0.666279
128	147	0.650712
128	148	0.653539
128	151	0.630769
128	154	0.675112
128	157	0.668381
128	159	0.640173
128	160	0.639066
128	162	0.651127
128	163	0.702777
128	164	0.632103
128	166	0.628316
128	168	0.663759
128	171	0.65624
128	172	0.626913
128	173	0.682336
128	175	0.652215
128	176	0.639242
128	177	0.644862
128	179	0.627582
128	180	0.637185
129	5	5.09639
129	34	1.87514
129	83	2.25557
129	100	0.789178
129	115	3.17289
129	128	0.697279
129	131	0.70041
129	135	0.685555
129	136	0.744233
129	138	0.775624
129	141	0.709473
129	143	0.702729
129	144	0.688898
129	151	0.653388
129	155	0.710716
129	156	0.667522
129	157	0.691
129	158	0.682966
129	160	0.661685
129	161	0.681893
129	162	0.673746
129	163	0.725396
129	166	0.650935
129	167	0.667279
129	168	0.686378
129	170	0.686631
129	172	0.649532
129	174	0.648699
129	177	0.667481
129	179	0.650201
129	180	0.659804
130	15	1.37437
130	42	0.716832
130	43	5.01688
130	47	1.35964
130	98	2.40358
130	102	2.64552
130	114	0.757673
130	122	0.82612
130	124	0.750952
130	146	0.701281
130	149	0.74692
130	151	0.683074
130	153	0.695957
130	155	0.740401
130	157	0.720686
130	159	0.692478
130	164	0.684408
130	166	0.680621
130	167	0.696965
130	168	0.716063
130	169	0.702703
130	170	0.716316
130	171	0.708545
130	172	0.679218
130	173	0.734641
130	174	0.678385
130	175	0.70452
130	176	0.691547
130	177	0.697167
130	178	0.710271
130	179	0.679886
130	180	0.68949
131	67	4.12065
131	103	3.84799
131	105	0.737605
131	106	4.43137
131	120	0.616503
131	121	0.627733
131	124	0.701779
131	129	0.70041
131	134	0.637557
131	137	0.742914
131	138	0.756137
131	141	0.689985
131	150	0.688164
131	151	0.6339
131	152	0.636182
131	160	0.642198
131	161	0.662405
131	162	0.654258
131	163	0.705908
131	164	0.635235
131	167	0.647791
131	169	0.65353
131	170	0.667143
131	171	0.659372
131	174	0.629212
131	175	0.655347
131	176	0.642373
131	177	0.647993
131	178	0.661098
131	179	0.630713
131	180	0.640316
132	12	2.98338
132	16	3.90341
132	67	1.87686
132	75	2.38578
132	99	1.65057
132	109	0.713399
132	120	0.668067
132	121	0.679298
132	139	0.764119
132	143	0.734805
132	149	0.749311
132	152	0.687746
132	154	0.729807
132	155	0.742792
132	158	0.715043
132	159	0.694869
132	160	0.693762
132	163	0.757472
132	164	0.686799
132	165	0.813767
132	166	0.683012
132	167	0.699356
132	168	0.718454
132	169	0.705094
132	171	0.710936
132	172	0.681609
132	174	0.680776
132	175	0.706911
132	177	0.699557
132	178	0.712662
132	179	0.682277
132	180	0.69188
133	19	0.853771
133	57	0.723188
133	81	2.14119
133	82	1.70318
133	89	2.25457
133	94	0.810551
133	95	1.81058
133	112	2.13105
133	113	2.75942
133	114	0.76855
133	117	0.807406
133	134	0.697607
133	135	0.726117
133	141	0.750035
133	142	0.791618
133	149	0.757796
133	155	0.751278
133	158	0.723528
133	160	0.702248
133	161	0.722455
133	162	0.714308
133	163	0.765958
133	164	0.695285
133	166	0.691497
133	168	0.72694
133	170	0.727193
133	171	0.719422
133	173	0.745518
133	176	0.702423
133	177	0.708043
133	178	0.721148
133	180	0.700366
134	42	0.624293
134	57	0.619773
134	78	12
134	109	0.618469
134	120	0.573138
134	126	0.715406
134	127	0.690382
134	131	0.637557
134	133	0.697607
134	143	0.639875
134	147	0.610477
134	152	0.592816
134	155	0.647862
134	158	0.620113
134	159	0.599939
134	161	0.61904
134	162	0.610893
134	163	0.662542
134	164	0.591869
134	166	0.588082
134	168	0.623524
134	169	0.610164
134	171	0.616006
134	172	0.586679
134	174	0.585846
134	175	0.611981
134	177	0.604628
134	178	0.617732
134	179	0.587347
134	180	0.596951
135	46	4.60212
135	58	0.705172
135	72	3.39454
135	88	4.00334
135	96	0.726601
135	100	0.754835
135	124	0.686924
135	127	0.718893
135	129	0.685555
135	133	0.726117
135	137	0.728059
135	138	0.741281
135	139	0.697699
135	141	0.67513
135	144	0.654555
135	146	0.637253
135	156	0.633179
135	158	0.648623
135	160	0.627342
135	161	0.64755
135	169	0.638675
135	170	0.652288
135	172	0.615189
135	174	0.614357
135	175	0.640491
135	176	0.627518
