1	123	0.804589
1	124	0.801199
1	127	0.824321
1	128	0.794415
1	130	0.785967
1	134	0.813372
1	137	0.804046
1	140	0.788868
1	144	0.783575
1	150	1.29428
1	162	1.70556
1	174	2.19187
2	3	0.686309
2	17	0.750275
2	21	0.758142
2	51	0.703439
2	55	0.692264
2	64	0.740966
2	72	0.727905
2	131	0.705211
2	166	0.704196
2	172	0.731238
2	174	2.8262
2	179	2.23896
3	2	0.686309
3	21	0.76498
3	25	0.679509
3	51	0.710276
3	55	0.699101
3	64	0.747803
3	72	0.734742
3	79	0.72791
3	166	0.711033
3	170	2.5241
3	172	0.738075
3	180	2.53742
4	38	0.811369
4	52	0.786885
4	65	0.81615
4	77	1.48098
4	81	0.80501
4	90	0.785608
4	92	0.826103
4	94	0.779097
4	139	1.84229
4	167	1.84551
4	172	0.817296
4	174	0.772513
5	44	2.51001
5	107	2.5264
5	120	0.733428
5	145	0.73004
5	148	0.723882
5	153	0.725336
5	157	0.720217
5	158	0.717544
5	161	0.726525
5	164	0.715569
5	168	0.712979
5	174	0.694713
6	17	1.42522
6	37	1.55114
6	67	0.822917
6	105	0.836052
6	108	0.782316
6	111	0.77794
6	113	0.809583
6	159	1.45682
6	174	0.778653
6	178	0.797383
6	179	0.801983
6	180	0.793411
7	109	0.817749
7	111	0.779636
7	115	0.811198
7	134	0.808683
7	140	0.784178
7	144	0.778886
7	145	0.815676
7	157	0.805853
7	163	1.52909
7	168	0.798615
7	173	1.84351
7	176	1.80998
8	100	0.821086
8	123	0.804985
8	124	0.801595
8	128	0.794811
8	130	0.786363
8	134	0.813768
8	135	1.71304
8	137	0.804442
8	140	0.789264
8	144	0.783971
8	169	1.79311
8	179	1.68959
9	72	1.58096
9	132	0.773334
9	161	1.64752
9	169	0.807455
9	172	1.19644
9	173	0.794262
9	175	0.819756
9	176	0.800504
9	177	0.798686
9	178	0.801852
9	179	0.806452
9	180	0.79788
10	96	0.780432
10	143	1.67242
10	145	0.813579
10	152	0.796298
10	153	0.808876
10	158	0.801083
10	159	0.79427
10	161	0.810065
10	164	0.799108
10	168	0.796519
10	176	1.8221
10	179	1.69386
11	12	0.760365
11	17	0.83579
11	51	0.788954
11	55	0.777779
11	64	0.826481
11	72	0.81342
11	131	0.790727
11	135	1.70709
11	166	0.789711
11	169	1.78716
11	172	0.816753
11	180	1.70112
12	11	0.760365
12	17	0.745653
12	21	0.753521
12	25	0.66805
12	51	0.698817
12	55	0.687642
12	64	0.736344
12	72	0.723283
12	98	2.61013
12	166	0.699574
12	172	0.726616
12	180	2.45324
13	60	1.89464
13	116	1.61122
13	123	0.802762
13	127	0.822494
13	128	0.792588
13	130	0.784139
13	137	0.802219
13	140	0.78704
13	144	0.781748
13	162	1.68682
13	170	0.799331
13	172	0.827993
14	64	0.74965
14	72	0.736589
14	137	0.714147
14	140	0.698969
14	144	0.693676
14	149	2.47886
14	155	2.5728
14	157	0.720643
14	158	0.717971
14	164	0.715996
14	166	0.71288
14	172	0.739922
15	122	2.35486
15	145	0.731104
15	146	0.710683
15	148	0.724946
15	152	0.713823
15	153	0.726401
15	157	0.721281
15	158	0.718608
15	159	0.711795
15	161	0.727589
15	168	0.714043
15	171	2.69803
16	36	2.60944
16	70	0.809992
16	114	1.65196
16	122	1.30637
16	146	0.769093
16	148	0.783356
16	152	0.772232
16	153	0.78481
16	158	0.777018
16	159	0.770205
16	161	0.785999
16	164	0.775043
16	168	0.772453
17	2	0.750275
17	6	1.42522
17	11	0.83579
17	12	0.745653
17	20	1.58631
17	25	0.743475
17	51	0.774242
17	55	0.763067
17	64	0.811769
17	72	0.798708
17	166	0.774999
17	172	0.802041
17	173	2.43812
18	31	0.804427
18	46	0.771611
18	59	0.753393
18	65	0.794423
18	90	0.763882
18	92	0.804376
18	94	0.757371
18	102	0.746637
18	105	0.808186
18	139	2.0661
18	154	1.69485
18	169	1.82363
18	172	0.795569
19	104	0.782295
19	124	0.778141
19	127	0.801263
19	128	0.771357
19	130	0.762909
19	134	0.790314
19	137	0.780988
19	140	0.76581
19	144	0.760517
19	155	1.60391
19	172	0.806763
19	173	2.01217
19	177	1.96628
20	17	1.58631
20	106	1.83327
20	136	0.791588
20	155	0.787174
20	163	0.791313
20	165	0.772603
20	167	0.760125
20	168	1.529
20	175	0.793934
20	176	0.774682
20	178	0.77603
20	179	0.78063
20	180	0.772058
21	2	0.758142
21	3	0.76498
21	12	0.753521
21	25	0.751343
21	51	0.78211
21	55	0.770935
21	64	0.819637
21	72	0.806576
21	166	0.782867
21	172	0.809908
21	174	2.32983
21	175	1.52314
21	179	1.74259
22	57	0.771212
22	61	1.30731
22	97	1.56513
22	104	1.95359
22	150	0.803403
22	160	0.79635
22	165	0.773041
22	169	0.782072
22	173	0.768878
22	176	0.775121
22	178	0.776468
22	179	0.781069
22	180	0.772497
23	106	0.77134
23	112	0.801169
23	117	0.757971
23	119	1.89358
23	146	0.773434
23	153	0.789152
23	157	0.784032
23	158	0.78136
23	159	0.774546
23	161	0.790341
23	165	1.83276
23	168	0.776795
23	176	1.85232
24	63	0.813227
24	99	1.68605
24	120	1.51315
24	130	1.63344
24	165	0.7747
24	171	0.758938
24	173	0.770537
24	175	0.796031
24	176	0.776779
24	177	0.77496
24	178	0.778127
24	179	0.782727
24	180	0.774155
25	3	0.679509
25	12	0.66805
25	17	0.743475
25	21	0.751343
25	51	0.696639
25	55	0.685464
25	62	2.20857
25	64	0.734166
25	72	0.721105
25	131	0.698412
25	166	0.697396
25	171	3.23864
25	172	0.724438
26	85	0.784764
26	121	1.98114
26	123	0.784052
26	124	0.780662
26	127	0.803784
26	128	0.773878
26	130	0.765429
26	134	0.792835
26	137	0.783509
26	140	0.76833
26	144	0.763038
26	166	1.69949
26	171	1.89898
27	34	1.93915
27	85	0.783947
27	104	0.783999
27	118	1.79907
27	123	0.783235
27	124	0.779845
27	127	0.802967
27	130	0.764612
27	134	0.792018
27	136	1.85026
27	140	0.767513
27	144	0.762221
27	170	0.779804
28	95	0.815433
28	139	0.762379
28	146	0.769042
28	147	1.95945
28	148	0.783305
28	152	0.772181
28	153	0.784759
28	157	0.77964
28	161	0.785948
28	164	0.774992
28	168	0.772402
28	169	1.858
28	180	1.77196
29	49	1.85552
29	74	0.754886
29	89	0.776803
29	91	0.786747
29	97	0.776812
29	103	0.793961
29	108	0.765398
29	109	0.799135
29	111	0.761022
29	113	0.792665
29	115	0.792584
29	131	1.98393
29	177	1.76258
30	46	0.705618
30	50	0.706306
30	52	0.699166
30	59	0.687401
30	81	0.717291
30	90	0.697889
30	92	0.738383
30	94	0.691378
30	105	0.742193
30	170	2.67456
30	172	0.729577
30	174	0.684794
30	177	2.78626
31	18	0.804427
31	33	1.9118
31	46	0.767903
31	65	0.790716
31	67	0.791342
31	81	0.779576
31	82	1.76116
31	90	0.760174
31	92	0.800668
31	94	0.753663
31	105	0.804478
31	162	1.93569
31	174	0.747079
32	46	0.763531
32	50	0.764218
32	52	0.757078
32	59	0.745313
32	67	0.78697
32	82	1.85586
32	90	0.755802
32	92	0.796296
32	94	0.749291
32	102	0.738557
32	105	0.800106
32	166	2.09228
32	174	0.742707
32	177	2.04533
33	31	1.9118
33	64	1.8051
33	80	1.60571
33	137	0.768539
33	140	0.753361
33	144	0.748068
33	158	0.772363
33	159	0.76555
33	164	0.770388
33	168	0.767798
33	171	0.749073
33	178	0.768261
33	179	0.772861
33	180	0.764289
34	27	1.93915
34	80	1.45588
34	113	1.93538
34	150	0.789455
34	162	0.763779
34	165	0.759093
34	167	0.746616
34	169	0.768123
34	171	0.743332
34	175	0.780424
34	176	0.761173
34	178	0.76252
34	179	0.767121
34	180	0.758549
35	75	2.76637
35	108	0.687808
35	109	0.721545
35	113	0.715075
35	115	0.714994
35	137	0.703153
35	140	0.687974
35	141	0.678321
35	144	0.682682
35	157	2.58871
35	177	0.699708
35	178	0.702875
35	179	0.707475
35	180	0.698903
36	16	2.60944
36	70	2.86479
36	119	0.691252
36	126	0.657365
36	129	0.727241
36	162	0.702478
36	169	0.706823
36	173	0.69363
36	175	0.719124
36	176	0.699872
36	177	0.698053
36	178	0.70122
36	179	0.70582
36	180	0.697248
37	6	1.55114
37	62	1.7345
37	71	0.781299
37	100	0.776517
37	104	0.76118
37	123	0.760416
37	127	0.780148
37	130	0.741794
37	134	0.769199
37	137	0.759873
37	140	0.744695
37	144	0.739402
37	166	2.56508
37	172	0.785648
38	4	0.811369
38	46	0.753119
38	59	0.734901
38	65	0.775931
38	67	0.776558
38	81	0.764791
38	90	0.74539
38	94	0.738879
38	105	0.789694
38	147	2.14007
38	156	1.83798
38	172	0.777077
38	174	0.732295
38	178	2.00871
39	88	0.750183
39	96	0.729436
39	98	2.1256
39	99	0.767376
39	132	2.55001
39	133	1.7127
39	152	0.745302
39	156	0.763981
39	157	0.75276
39	158	0.750088
39	159	0.743275
39	161	0.759069
39	164	0.748113
39	166	0.744997
39	168	0.745523
40	74	0.715541
40	80	0.819764
40	84	0.773615
40	89	0.737457
40	91	0.747402
40	97	0.737467
40	103	0.754615
40	108	0.726052
40	109	0.759789
40	111	0.721676
40	113	0.753319
40	114	2.35073
40	115	0.753239
40	136	1.82434
40	138	2.19013
41	85	0.750576
41	100	0.765964
41	104	0.750628
41	124	0.746474
41	127	0.769596
41	128	0.73969
41	130	0.731242
41	134	0.758647
41	137	0.749321
41	140	0.734143
41	144	0.72885
41	151	2.115
41	163	2.00234
41	165	2.26366
41	172	0.775096
42	74	0.715541
42	80	0.819764
42	84	0.773615
42	89	0.737457
42	91	0.747402
42	97	0.737467
42	103	0.754615
42	108	0.726052
42	109	0.759789
42	110	1.83496
42	111	0.721676
42	113	0.753319
42	115	0.753239
42	169	2.32705
42	170	2.22769
43	96	0.730604
43	112	0.771066
43	117	0.727867
43	120	0.76714
43	126	2.69348
43	141	2.11849
43	146	0.743331
43	152	0.74647
43	153	0.759048
43	157	0.753929
43	159	0.744443
43	161	0.760237
43	164	0.749281
43	168	0.746691
43	177	1.57325
44	5	2.51001
44	106	1.8044
44	125	0.754567
44	142	0.768911
44	149	0.757976
44	152	1.43933
44	155	0.757847
44	171	0.727514
44	173	0.739113
44	175	0.764607
44	176	0.745355
44	177	0.743536
44	178	0.746703
44	179	0.751303
44	180	0.742731
45	54	2.13626
45	71	0.771166
45	85	0.750996
45	100	0.766384
45	123	0.750283
45	124	0.746893
45	127	0.770015
45	128	0.740109
45	130	0.731661
45	134	0.759066
45	137	0.74974
45	140	0.734562
45	144	0.729269
45	147	2.15051
45	166	2.10834
46	18	0.771611
46	30	0.705618
46	31	0.767903
46	32	0.763531
46	38	0.753119
46	65	0.757899
46	81	0.746759
46	83	1.79268
46	92	0.767852
46	94	0.720847
46	105	0.771662
46	156	2.16825
46	172	0.759045
46	173	2.42713
46	174	0.714263
47	53	0.698074
47	92	2.8086
47	98	0.673567
47	111	3.3303
47	134	0.695656
47	137	0.68633
47	144	0.665859
47	157	0.692826
47	164	0.688178
47	168	0.685589
47	171	0.666863
47	175	0.703956
47	176	0.684704
47	178	0.686052
47	179	0.690652
47	180	0.68208
48	63	1.91622
48	99	0.752109
48	106	0.724802
48	112	0.754631
48	120	0.750705
48	146	0.726896
48	148	0.741159
48	153	0.742614
48	157	0.737494
48	158	0.734821
48	159	0.728008
48	160	2.27338
48	161	0.743802
48	162	2.59068
48	164	0.732846
48	168	0.730256
49	29	1.85552
49	53	2.14703
49	134	2.13125
49	143	0.752259
49	147	0.733363
49	154	0.751529
49	163	0.752906
49	165	0.734196
49	169	0.743227
49	171	0.718435
49	173	0.730034
49	176	0.736276
49	177	0.734457
49	178	0.737624
49	179	0.742224
49	180	0.733652
50	30	0.706306
50	32	0.764218
50	52	0.729322
50	59	0.717557
50	67	0.759213
50	81	0.747447
50	90	0.728045
50	92	0.768539
50	94	0.721534
50	102	0.710801
50	105	0.772349
50	155	2.0076
50	156	2.15699
50	171	2.61639
50	172	0.759733
50	174	0.71495
51	2	0.703439
51	3	0.710276
51	11	0.788954
51	12	0.698817
51	17	0.774242
51	21	0.78211
51	25	0.696639
51	55	0.716231
51	64	0.764933
51	72	0.751872
51	131	0.729179
51	133	1.98518
51	139	2.56969
51	166	0.728163
51	170	2.22787
51	172	0.755205
52	4	0.786885
52	30	0.699166
52	32	0.757078
52	50	0.729322
52	59	0.710417
52	60	0.716795
52	63	1.75823
52	67	0.752074
52	81	0.740307
52	90	0.720905
52	92	0.7614
52	105	0.765209
52	167	2.68097
52	170	2.33592
52	172	0.752593
52	174	0.70781
53	47	0.698074
53	49	2.14703
53	71	0.764624
53	104	0.744505
53	123	0.743742
53	124	0.740351
53	127	0.763474
53	128	0.733567
53	130	0.725119
53	134	0.752524
53	137	0.743198
53	140	0.72802
53	141	2.59932
53	144	0.722727
53	154	1.91297
53	170	0.74031
54	45	2.13626
54	75	0.749289
54	90	2.31961
54	108	0.710201
54	111	0.705825
54	113	0.737468
54	115	0.737387
54	127	2.07882
54	147	0.721006
54	148	0.735707
54	161	0.73835
54	168	0.724804
54	175	0.743172
54	176	0.72392
54	177	0.722101
54	179	0.729868
54	180	0.721296
55	2	0.692264
55	3	0.699101
55	11	0.777779
55	12	0.687642
55	17	0.763067
55	21	0.770935
55	25	0.685464
55	51	0.716231
55	64	0.753758
55	72	0.740697
55	79	0.733865
55	131	0.718003
55	138	2.49227
55	155	2.04166
55	166	0.716988
55	167	2.63737
55	172	0.74403
56	86	0.729014
56	87	0.773194
56	88	0.726373
56	117	0.702889
56	145	0.738773
56	146	0.718352
56	149	2.2187
56	152	0.721492
56	153	0.73407
56	157	0.72895
56	158	0.726278
56	159	0.719464
56	161	0.735259
56	163	2.40649
56	164	0.724303
56	168	0.721713
56	179	2.55914
57	22	0.771212
57	133	0.748237
57	138	0.716317
57	147	0.72138
57	152	2.24518
57	157	1.93044
57	163	0.740924
57	164	2.25213
57	167	0.709736
57	171	0.706452
57	173	0.718051
57	175	0.743545
57	176	0.724293
57	177	0.722474
57	178	0.725641
57	179	0.730241
57	180	0.721669
58	120	2.1804
58	151	0.739198
58	160	0.748694
58	162	0.730072
58	165	0.725386
58	167	0.712908
58	168	2.298
58	170	0.726203
58	171	0.709625
58	172	1.94644
58	173	0.721223
58	175	0.746717
58	176	0.727465
58	177	0.725647
58	178	0.728813
58	179	0.733413
58	180	0.724842
59	18	0.753393
59	30	0.687401
59	32	0.745313
59	38	0.734901
59	50	0.717557
59	52	0.710417
59	65	0.739682
59	67	0.740309
59	81	0.728542
59	82	2.46141
59	92	0.749635
59	94	0.70263
59	105	0.753444
59	149	2.19458
59	172	0.740828
59	174	0.696045
59	179	2.53501
60	13	1.89464
60	52	0.716795
60	61	2.13791
60	65	0.74606
60	95	0.763721
60	105	0.759822
60	124	2.51241
60	159	0.718441
60	164	0.723279
60	168	0.72069
60	172	0.747206
60	174	0.702423
60	176	0.719805
60	177	0.717986
60	178	0.721153
60	179	0.725753
60	180	0.717181
61	22	1.30731
61	60	2.13791
61	71	0.790998
61	100	0.786215
61	104	0.770879
61	122	1.84828
61	123	0.770115
61	124	0.766725
61	127	0.789847
61	128	0.759941
61	130	0.751492
61	131	2.16637
61	134	0.778898
61	137	0.769572
61	140	0.754394
61	144	0.749101
61	170	0.766684
61	172	0.795347
62	25	2.20857
62	37	1.7345
62	125	0.773362
62	129	0.791519
62	146	1.51828
62	150	0.792432
62	152	1.49048
62	155	0.776642
62	162	0.766756
62	163	0.780781
62	169	0.771101
62	173	0.757908
62	174	0.746768
62	175	0.783402
62	177	0.762331
62	178	0.765498
62	179	0.770098
62	180	0.761526
63	24	0.813227
63	48	1.91622
63	52	1.75823
63	110	0.794658
63	124	1.63013
63	126	0.722143
63	130	1.64821
63	133	0.788594
63	150	0.792933
63	160	0.785879
63	165	0.762571
63	169	0.771601
63	171	0.746809
63	173	0.758408
63	176	0.76465
63	178	0.765998
63	179	0.770598
63	180	0.762026
64	2	0.740966
64	3	0.747803
64	11	0.826481
64	12	0.736344
64	14	0.74965
64	17	0.811769
64	21	0.819637
64	25	0.734166
64	33	1.8051
64	51	0.764933
64	55	0.753758
64	72	0.789399
64	131	0.766706
64	135	1.75151
64	166	0.76569
64	172	0.792732
64	174	2.31531
64	179	1.72806
65	4	0.81615
65	18	0.794423
65	31	0.790716
65	38	0.775931
65	46	0.757899
65	59	0.739682
65	60	0.74606
65	67	0.781338
65	90	0.75017
65	92	0.790664
65	94	0.743659
65	105	0.794474
65	138	2.19011
65	149	1.64557
65	156	1.88889
65	172	0.781858
65	174	0.737075
65	179	1.986
66	81	0.726792
66	90	0.70739
66	92	0.747884
66	105	0.751694
66	124	0.710456
66	128	0.703672
66	134	0.722629
66	137	0.713303
66	144	0.692832
66	148	0.723464
66	152	0.712341
66	159	0.710313
66	161	0.726107
66	162	2.61587
66	168	0.712561
66	172	0.739078
66	173	2.67669
66	175	2.29548
67	6	0.822917
67	31	0.791342
67	32	0.78697
67	38	0.776558
67	50	0.759213
67	52	0.752074
67	59	0.740309
67	65	0.781338
67	81	0.770199
67	90	0.750797
67	92	0.791291
67	94	0.744286
67	105	0.795101
67	110	1.66751
67	142	1.85573
67	170	2.06025
67	174	0.737702
67	178	2.1297
68	90	2.17586
68	108	2.38526
68	132	0.692684
68	140	2.24512
68	142	0.74341
68	147	0.716941
68	151	0.731586
68	154	0.735107
68	162	0.72246
68	167	0.705297
68	169	0.726805
68	171	0.702013
68	174	0.702472
68	175	0.739106
68	177	0.718035
68	178	0.721201
68	179	0.725802
68	180	0.71723
69	75	0.785033
69	76	1.87528
69	112	0.784923
69	120	0.780998
69	125	1.98272
69	145	0.777609
69	146	0.757188
69	148	0.771451
69	149	1.76473
69	152	0.760328
69	153	0.772906
69	154	2.07991
69	156	0.779007
69	157	0.767786
69	158	0.765113
69	161	0.774095
69	164	0.763139
69	168	0.760549
70	16	0.809992
70	36	2.86479
70	96	0.751424
70	117	0.748687
70	122	1.56173
70	145	0.784571
70	148	0.778413
70	151	1.50261
70	152	0.76729
70	153	0.779868
70	157	0.774748
70	158	0.772076
70	159	0.765262
70	161	0.781057
70	164	0.770101
70	165	1.65128
70	168	0.767511
70	174	0.749244
71	37	0.781299
71	45	0.771166
71	53	0.764624
71	61	0.790998
71	100	0.769524
71	104	0.754187
71	116	1.64788
71	123	0.753423
71	127	0.773155
71	128	0.743249
71	130	0.734801
71	134	0.762206
71	137	0.75288
71	140	0.737702
71	141	2.28365
71	144	0.732409
71	171	1.98484
71	172	0.778655
71	174	2.20979
72	2	0.727905
72	3	0.734742
72	9	1.58096
72	11	0.81342
72	12	0.723283
72	14	0.736589
72	17	0.798708
72	21	0.806576
72	25	0.721105
72	51	0.751872
72	55	0.740697
72	64	0.789399
72	76	2.02212
72	79	0.769506
72	131	0.753644
72	155	2.00551
72	166	0.752629
72	172	0.779671
72	177	2.36787
73	99	0.77602
73	107	1.49399
73	112	0.778542
73	117	0.735343
73	145	0.771227
73	146	0.750807
73	147	2.4015
73	148	0.76507
73	150	1.88616
73	152	0.753946
73	153	0.766524
73	157	0.761405
73	158	0.758732
73	159	0.751919
73	161	0.767713
73	164	0.756757
73	168	0.754167
73	170	0.752021
73	176	2.32475
74	29	0.754886
74	40	0.715541
74	42	0.715541
74	80	0.783965
74	84	0.737816
74	89	0.701658
74	91	0.711603
74	93	2.14056
74	97	0.701668
74	103	0.718816
74	108	0.690253
74	109	0.72399
74	111	0.685877
74	113	0.717521
74	115	0.71744
74	139	3.05938
74	149	2.37295
74	156	0.723315
75	35	2.76637
75	54	0.749289
75	69	0.785033
75	88	0.759116
75	93	1.44834
75	96	0.738369
75	120	0.774905
75	129	1.76084
75	143	1.99973
75	145	0.771516
75	146	0.751095
75	148	0.765358
75	152	0.754235
75	153	0.766813
75	157	0.761693
75	158	0.759021
75	159	0.752208
75	164	0.757046
75	168	0.754456
76	69	1.87528
76	72	2.02212
76	112	1.76521
76	121	0.738352
76	139	0.741376
76	147	0.747601
76	154	0.765768
76	155	0.763006
76	161	2.08867
76	165	0.748435
76	167	0.735958
76	169	0.757466
76	171	0.732674
76	173	0.744272
76	175	0.769767
76	176	0.750515
76	177	0.748696
76	178	0.751862
76	179	0.756463
76	180	0.747891
77	4	1.48098
77	91	2.0248
77	132	0.721527
77	133	0.772641
77	138	0.740721
77	149	0.761318
77	151	0.76043
77	155	0.761189
77	157	1.82819
77	159	2.29262
77	160	0.769926
77	165	0.746618
77	167	0.73414
77	169	0.755648
77	170	0.747435
77	171	0.730856
77	177	0.746878
77	178	0.750045
77	179	0.754645
77	180	0.746073
78	103	0.765389
78	108	0.736826
78	109	0.770563
78	111	0.73245
78	113	0.764093
78	115	0.764013
78	119	2.32213
78	124	0.749324
78	125	2.03019
78	128	0.74254
78	130	0.734092
78	140	0.736993
78	144	0.7317
78	146	0.748069
78	156	0.769888
78	159	0.749181
78	163	1.99998
78	164	0.754019
78	168	0.75143
78	179	2.15263
79	3	0.72791
79	55	0.733865
79	72	0.769506
79	103	0.760282
79	108	0.731719
79	109	0.765457
79	111	0.727344
79	113	0.758987
79	115	0.758906
79	146	0.742962
79	150	1.8876
79	153	0.75868
79	158	0.750888
79	163	2.0453
79	164	0.748913
79	165	2.30662
79	166	0.745797
79	168	0.746323
79	172	0.772839
79	178	2.27157
80	33	1.60571
80	34	1.45588
80	40	0.819764
80	42	0.819764
80	74	0.783965
80	84	0.842039
80	89	0.805881
80	91	0.815826
80	97	0.805891
80	103	0.823039
80	108	0.794476
80	109	0.828213
80	111	0.7901
80	113	0.821744
80	115	0.821663
80	143	1.50723
80	156	0.827538
80	174	2.11591
80	175	1.30922
81	4	0.80501
81	30	0.717291
81	31	0.779576
81	38	0.764791
81	46	0.746759
81	50	0.747447
81	52	0.740307
81	59	0.728542
81	66	0.726792
81	67	0.770199
81	90	0.73903
81	94	0.732519
81	102	0.721786
81	105	0.783334
81	131	2.4333
81	135	2.11954
81	160	1.87972
81	172	0.770718
81	174	0.725935
81	179	2.09608
82	31	1.76116
82	32	1.85586
82	59	2.46141
82	108	0.733799
82	109	0.767536
82	111	0.729423
82	113	0.761066
82	115	0.760985
82	117	0.729578
82	142	0.771074
82	145	0.765463
82	159	0.746154
82	164	0.750992
82	168	0.748402
82	172	1.79388
82	173	0.741276
82	176	0.747518
82	178	0.748865
82	179	0.753466
82	180	0.744894
83	46	1.79268
83	89	1.87855
83	117	2.10509
83	119	0.737997
83	142	0.770174
83	149	0.759238
83	155	0.75911
83	159	1.83527
83	160	0.767847
83	162	0.749224
83	167	0.732061
83	169	0.753569
83	171	0.728777
83	173	0.740375
83	175	0.76587
83	176	0.746618
83	177	0.744799
83	178	0.747965
83	179	0.752566
83	180	0.743994
84	40	0.773615
84	42	0.773615
84	74	0.737816
84	80	0.842039
84	89	0.759732
84	91	0.769677
84	97	0.759742
84	103	0.77689
84	108	0.748327
84	109	0.782064
84	111	0.743951
84	113	0.775595
84	115	0.775514
84	131	1.99633
84	156	0.781389
84	170	1.66328
84	173	1.82087
84	174	2.24636
85	26	0.784764
85	27	0.783947
85	41	0.750576
85	45	0.750996
85	100	0.749353
85	104	0.734017
85	123	0.733253
85	124	0.729863
85	127	0.752985
85	128	0.723079
85	130	0.71463
85	134	0.742036
85	135	2.28077
85	137	0.73271
85	140	0.717531
85	144	0.712239
85	170	0.729822
85	172	0.758485
85	175	2.03786
85	178	2.33093
85	180	2.2748
86	56	0.729014
86	87	0.788755
86	96	0.721186
86	98	2.63886
86	106	0.731819
86	107	1.76195
86	142	2.26414
86	145	0.754333
86	148	0.748176
86	152	0.737052
86	153	0.74963
86	157	0.744511
86	158	0.741838
86	159	0.735025
86	161	0.750819
86	164	0.739863
86	166	0.736748
86	168	0.737273
86	170	0.735126
86	174	0.719007
86	175	2.24503
87	56	0.773194
87	86	0.788755
87	88	0.786113
87	99	0.803306
87	101	1.55564
87	112	0.805828
87	117	0.762629
87	133	1.66903
87	145	0.798513
87	148	0.792355
87	152	0.781232
87	153	0.79381
87	157	0.78869
87	158	0.786018
87	159	0.779205
87	161	0.794999
87	163	1.75491
87	164	0.784043
87	168	0.781453
87	173	2.06932
87	178	1.98118
88	39	0.750183
88	56	0.726373
88	75	0.759116
88	87	0.786113
88	96	0.718544
88	99	0.756484
88	110	1.95994
88	145	0.751691
88	146	0.731271
88	148	0.745534
88	152	0.73441
88	158	0.739196
88	159	0.732383
88	161	0.748177
88	164	0.737221
88	168	0.734631
88	170	0.732485
88	174	0.716365
88	175	2.12906
88	177	2.46438
88	180	2.366
89	29	0.776803
89	40	0.737457
89	42	0.737457
89	74	0.701658
89	80	0.805881
89	83	1.87855
89	84	0.759732
89	91	0.733519
89	97	0.723584
89	103	0.740733
89	108	0.71217
89	109	0.745907
89	111	0.707794
89	113	0.739437
89	115	0.739356
89	116	0.749006
89	135	0.744146
89	150	2.04088
89	156	0.745231
89	166	2.51405
89	170	2.3554
90	4	0.785608
90	18	0.763882
90	30	0.697889
90	31	0.760174
90	32	0.755802
90	38	0.74539
90	50	0.728045
90	52	0.720905
90	54	2.31961
90	65	0.75017
90	66	0.70739
90	67	0.750797
90	68	2.17586
90	81	0.73903
90	92	0.760123
90	94	0.713118
90	105	0.763933
90	156	2.03177
90	170	2.13305
90	172	0.751316
90	174	0.706533
91	29	0.786747
91	40	0.747402
91	42	0.747402
91	74	0.711603
91	77	2.0248
91	80	0.815826
91	84	0.769677
91	89	0.733519
91	97	0.733529
91	102	2.23123
91	103	0.750677
91	108	0.722114
91	109	0.755851
91	111	0.717738
91	113	0.749381
91	115	0.7493
91	135	0.75409
91	150	1.72977
91	156	0.755175
91	167	2.38934
92	4	0.826103
92	18	0.804376
92	30	0.738383
92	31	0.800668
92	32	0.796296
92	46	0.767852
92	47	2.8086
92	50	0.768539
92	52	0.7614
92	59	0.749635
92	65	0.790664
92	66	0.747884
92	67	0.791291
92	90	0.760123
92	94	0.753612
92	105	0.804427
92	131	1.89687
92	139	1.90564
92	142	1.35931
92	160	1.34328
92	172	0.79181
92	174	0.747028
93	74	2.14056
93	75	1.44834
93	118	0.79324
93	120	1.52861
93	129	0.798076
93	141	0.747502
93	143	0.78669
93	149	0.783328
93	153	1.56365
93	154	0.785961
93	155	0.783199
93	161	1.74573
93	162	0.773314
93	165	0.768628
93	167	0.75615
93	169	0.777658
93	175	0.789959
93	176	0.770707
93	177	0.768889
93	178	0.772055
93	179	0.776655
93	180	0.768084
94	4	0.779097
94	18	0.757371
94	30	0.691378
94	31	0.753663
94	32	0.749291
94	38	0.738879
94	46	0.720847
94	50	0.721534
94	59	0.70263
94	65	0.743659
94	67	0.744286
94	81	0.732519
94	90	0.713118
94	92	0.753612
94	102	0.695873
94	105	0.757422
94	139	2.55689
94	143	2.18946
94	172	0.744805
94	174	0.700023
94	176	2.33914
94	180	2.22838
95	28	0.815433
95	60	0.763721
95	106	0.767548
95	117	0.754178
95	139	0.762979
95	143	1.94567
95	145	0.790063
95	146	0.769642
95	148	0.783905
95	152	0.772781
95	153	0.78536
95	155	1.72061
95	157	0.78024
95	158	0.777567
95	159	0.770754
95	160	1.75074
95	161	0.786548
95	164	0.775592
95	168	0.773002
95	170	0.770856
95	178	2.04073
95	180	1.98459
96	10	0.780432
96	39	0.729436
96	43	0.730604
96	70	0.751424
96	75	0.738369
96	86	0.721186
96	88	0.718544
96	120	0.734334
96	146	0.710524
96	148	0.724787
96	152	0.713664
96	153	0.726242
96	155	2.26205
96	157	0.721122
96	158	0.718449
96	159	0.711636
96	161	0.72743
96	164	0.716474
96	168	0.713884
96	170	0.711738
96	175	2.2891
96	176	2.63679
96	180	2.52604
97	22	1.56513
97	29	0.776812
97	40	0.737467
97	42	0.737467
97	74	0.701668
97	80	0.805891
97	84	0.759742
97	89	0.723584
97	91	0.733529
97	103	0.740742
97	108	0.712179
97	109	0.745917
97	111	0.707804
97	113	0.739447
97	115	0.739366
97	116	0.749016
97	126	3.32306
97	135	0.744155
97	151	2.04698
97	155	1.84047
97	156	0.745241
98	12	2.61013
98	39	2.1256
98	47	0.673567
98	86	2.63886
98	115	2.09244
98	133	0.741009
98	136	0.733971
98	147	0.714152
98	150	0.745348
98	154	0.732319
98	155	0.729557
98	162	0.719672
98	163	0.733696
98	167	0.702509
98	169	0.724016
98	170	0.715803
98	171	0.699225
98	173	0.710823
98	175	0.736317
98	176	0.717066
98	177	0.715247
98	178	0.718413
98	179	0.723014
98	180	0.714442
99	24	1.68605
99	39	0.767376
99	48	0.752109
99	73	0.77602
99	87	0.803306
99	88	0.756484
99	106	0.74637
99	117	0.733
99	129	2.01401
99	145	0.768884
99	146	0.748464
99	148	0.762727
99	150	1.96399
99	152	0.751603
99	153	0.764181
99	157	0.759062
99	158	0.756389
99	159	0.749576
99	160	2.05797
99	161	0.76537
99	164	0.754414
99	166	0.751299
99	174	0.733558
99	177	2.39021
100	8	0.821086
100	37	0.776517
100	41	0.765964
100	45	0.766384
100	61	0.786215
100	71	0.769524
100	85	0.749353
100	104	0.749405
100	121	2.36732
100	123	0.748641
100	124	0.745251
100	125	1.80042
100	127	0.768373
100	128	0.738467
100	130	0.730018
100	134	0.757424
100	137	0.748098
100	140	0.732919
100	144	0.727627
100	165	2.03153
100	170	0.74521
100	172	0.773872
100	177	2.03873
100	178	1.99648
101	87	1.55564
101	104	2.12351
101	112	1.64318
101	122	0.775384
101	132	0.728549
101	147	0.752806
101	151	0.767452
101	154	0.770972
101	160	0.776948
101	161	1.96664
101	163	0.77235
101	164	1.81328
101	165	0.75364
101	167	0.741162
101	169	0.76267
101	170	0.754457
101	171	0.737878
101	173	0.749477
101	175	0.774971
101	176	0.755719
101	177	0.7539
101	178	0.757067
101	179	0.761667
101	180	0.753095
102	18	0.746637
102	32	0.738557
102	50	0.710801
102	81	0.721786
102	91	2.23123
102	94	0.695873
102	108	2.5294
102	112	0.73193
102	130	2.41284
102	144	2.44615
102	145	0.724616
102	149	0.719291
102	153	0.719913
102	157	0.714793
102	161	0.721101
102	167	0.692114
102	168	0.707555
102	169	0.713622
102	171	0.68883
102	172	0.734072
102	174	0.689289
102	177	0.704852
102	178	0.708019
102	179	0.712619
102	180	0.704047
103	29	0.793961
103	40	0.754615
103	42	0.754615
103	74	0.718816
103	78	0.765389
103	79	0.760282
103	80	0.823039
103	84	0.77689
103	89	0.740733
103	91	0.750677
103	97	0.740742
103	108	0.729327
103	109	0.763065
103	111	0.724952
103	113	0.756595
103	115	0.756514
103	116	0.766164
103	135	0.761303
103	143	2.03989
103	150	1.75098
103	156	0.762389
103	165	2.17
103	166	2.22414
103	179	2.06133
104	19	0.782295
104	22	1.95359
104	27	0.783999
104	37	0.76118
104	41	0.750628
104	53	0.744505
104	61	0.770879
104	71	0.754187
104	85	0.734017
104	100	0.749405
104	101	2.12351
104	107	1.7729
104	123	0.733304
104	124	0.729914
104	127	0.753036
104	128	0.72313
104	130	0.714682
104	134	0.742087
104	137	0.732761
104	139	0.721996
104	140	0.717583
104	144	0.71229
104	151	2.43543
104	170	0.729873
104	172	0.758536
104	180	2.49291
105	6	0.836052
105	18	0.808186
105	30	0.742193
105	31	0.804478
105	32	0.800106
105	38	0.789694
105	46	0.771662
105	50	0.772349
105	52	0.765209
105	59	0.753444
105	60	0.759822
105	65	0.794474
105	66	0.751694
105	67	0.795101
105	81	0.783334
105	90	0.763933
105	92	0.804427
105	94	0.757422
105	116	1.82074
105	156	1.69829
105	162	1.89634
105	166	1.95822
105	169	1.89893
105	172	0.79562
105	174	0.750838
105	177	1.91127
106	20	1.83327
106	23	0.77134
106	44	1.8044
106	48	0.724802
106	86	0.731819
106	95	0.767548
106	99	0.74637
106	112	0.748892
106	120	0.744966
106	125	2.40088
106	131	0.725007
106	135	0.74189
106	145	0.741577
106	146	0.721156
106	148	0.73542
106	152	0.724296
106	153	0.736874
106	156	0.742975
106	157	0.731755
106	158	0.729082
106	159	0.722269
106	161	0.738063
106	162	2.62425
106	164	0.727107
106	168	0.724517
106	170	0.72237
106	179	2.52332
107	5	2.5264
107	73	1.49399
107	86	1.76195
107	104	1.7729
107	122	0.783067
107	133	0.787346
107	143	0.779385
107	145	1.37583
107	147	0.760489
107	149	0.776023
107	150	0.791685
107	154	0.778656
107	155	0.775894
107	160	0.784632
107	161	1.61603
107	162	0.766009
107	163	0.780033
107	165	0.761323
107	169	0.770353
107	171	0.745562
107	173	0.75716
107	175	0.782654
107	176	0.763403
107	177	0.761584
107	178	0.76475
107	179	0.769351
107	180	0.760779
108	6	0.782316
108	29	0.765398
108	35	0.687808
108	40	0.726052
108	42	0.726052
108	54	0.710201
108	68	2.38526
108	74	0.690253
108	78	0.736826
108	79	0.731719
108	80	0.794476
108	82	0.733799
108	84	0.748327
108	89	0.71217
108	91	0.722114
108	97	0.712179
108	102	2.5294
108	103	0.729327
108	109	0.734502
108	111	0.696389
108	113	0.728032
108	115	0.727951
108	116	0.737601
108	133	2.09977
108	135	0.73274
108	156	0.733826
108	160	2.12192
108	165	2.44696
109	7	0.817749
109	29	0.799135
109	35	0.721545
109	40	0.759789
109	42	0.759789
109	74	0.72399
109	78	0.770563
109	79	0.765457
109	80	0.828213
109	82	0.767536
109	84	0.782064
109	89	0.745907
109	91	0.755851
109	97	0.745917
109	103	0.763065
109	108	0.734502
109	111	0.730126
109	113	0.761769
109	115	0.761688
109	116	0.771338
109	121	2.14034
109	135	0.766478
109	141	2.35698
109	154	1.67063
109	156	0.767563
109	170	1.70005
109	174	2.28312
109	176	1.82412
110	42	1.83496
110	63	0.794658
110	67	1.66751
110	88	1.95994
110	118	0.780742
110	119	0.74959
110	133	0.782154
110	141	0.735005
110	145	1.68978
110	149	0.770831
110	151	0.769943
110	154	0.773463
110	158	1.73601
110	160	0.779439
110	161	1.92999
110	162	0.760816
110	163	0.774841
110	165	0.756131
110	167	0.743653
110	169	0.765161
110	171	0.740369
110	173	0.751968
110	175	0.777462
110	176	0.75821
110	177	0.756391
110	178	0.759558
110	179	0.764158
110	180	0.755586
111	6	0.77794
111	7	0.779636
111	29	0.761022
111	40	0.721676
111	42	0.721676
111	47	3.3303
111	54	0.705825
111	74	0.685877
111	78	0.73245
111	79	0.727344
111	80	0.7901
111	82	0.729423
111	84	0.743951
111	89	0.707794
111	91	0.717738
111	97	0.707804
111	103	0.724952
111	108	0.696389
111	109	0.730126
111	113	0.723656
111	115	0.723575
111	116	0.733225
111	118	1.86848
111	135	0.728365
111	156	0.72945
111	165	2.19002
111	166	2.24416
111	170	2.08552
112	23	0.801169
112	43	0.771066
112	48	0.754631
112	69	0.784923
112	73	0.778542
112	76	1.76521
112	87	0.805828
112	101	1.64318
112	102	0.73193
112	106	0.748892
112	120	0.774795
112	129	1.73476
112	145	0.771406
112	146	0.750986
112	148	0.765249
112	152	0.754125
112	153	0.766703
112	157	0.761584
112	158	0.758911
112	159	0.752098
112	161	0.767892
112	162	2.09603
112	164	0.756936
112	167	2.34431
112	168	0.754346
112	170	0.7522
112	174	0.73608
112	176	2.12334
113	6	0.809583
113	29	0.792665
113	34	1.93538
113	35	0.715075
113	40	0.753319
113	42	0.753319
113	54	0.737468
113	74	0.717521
113	78	0.764093
113	79	0.758987
113	80	0.821744
113	82	0.761066
113	84	0.775595
113	89	0.739437
113	91	0.749381
113	97	0.739447
113	103	0.756595
113	108	0.728032
113	109	0.761769
113	111	0.723656
113	115	0.755218
113	116	0.764868
113	135	0.760008
113	154	1.98292
113	156	0.761093
113	169	2.11169
113	170	2.01233
113	177	2.12404
113	178	2.08179
114	16	1.65196
114	40	2.35073
114	118	0.74325
114	120	2.46615
114	126	0.67821
114	129	0.748086
114	132	0.693547
114	138	0.712741
114	143	0.7367
114	146	2.55075
114	147	0.717804
114	149	0.733338
114	150	0.748999
114	151	0.73245
114	154	0.73597
114	155	0.733209
114	157	2.20822
114	160	0.741946
114	162	0.723323
114	163	0.737348
114	167	0.70616
114	169	0.727668
114	171	0.702876
114	175	0.739969
114	176	0.720717
114	177	0.718898
114	178	0.722065
114	179	0.726665
114	180	0.718093
115	7	0.811198
115	29	0.792584
115	35	0.714994
115	40	0.753239
115	42	0.753239
115	54	0.737387
115	74	0.71744
115	78	0.764013
115	79	0.758906
115	80	0.821663
115	82	0.760985
115	84	0.775514
115	89	0.739356
115	91	0.7493
115	97	0.739366
115	98	2.09244
115	103	0.756514
115	108	0.727951
115	109	0.761688
115	111	0.723575
115	113	0.755218
115	116	0.764787
115	135	0.759927
115	156	0.761012
115	174	2.50531
115	175	1.69862
115	176	2.0463
115	178	1.99169
115	179	1.91806
116	13	1.61122
116	71	1.64788
116	89	0.749006
116	97	0.749016
116	103	0.766164
116	105	1.82074
116	108	0.737601
116	109	0.771338
116	111	0.733225
116	113	0.764868
116	115	0.764787
116	120	0.772654
116	134	1.94777
116	137	1.95366
116	140	2.22347
116	157	0.759442
116	158	0.756769
116	159	0.749956
116	161	0.765751
116	163	0.76795
116	164	0.754794
116	165	0.74924
116	168	0.752205
116	169	0.758271
116	175	0.770572
116	176	0.75132
116	177	0.749501
116	179	0.757268
116	180	0.748696
117	23	0.757971
117	43	0.727867
117	56	0.702889
117	70	0.748687
117	73	0.735343
117	82	0.729578
117	83	2.10509
117	87	0.762629
117	95	0.754178
117	99	0.733
117	120	0.731596
117	122	2.5969
117	145	0.728208
117	146	0.707787
117	148	0.72205
117	152	0.710926
117	153	0.723505
117	156	0.729605
117	157	0.718385
117	158	0.715712
117	159	0.708899
117	160	2.3614
117	161	0.724693
117	164	0.713737
117	168	0.711147
117	170	0.709001
117	174	0.692881
117	175	2.35832
117	177	2.69364
118	27	1.79907
118	93	0.79324
118	110	0.780742
118	111	1.86848
118	114	0.74325
118	132	0.723565
118	137	1.71546
118	138	0.742759
118	141	0.727529
118	143	0.766717
118	148	1.60322
118	149	0.763355
118	150	0.779017
118	151	0.762467
118	155	0.763226
118	159	2.09508
118	160	0.771964
118	162	0.753341
118	163	0.767365
118	168	2.00617
118	169	0.757686
118	171	0.732894
118	173	0.744492
118	175	0.769987
118	176	0.750735
118	177	0.748916
118	178	0.752082
118	179	0.756683
118	180	0.748111
119	23	1.89358
119	36	0.691252
119	78	2.32213
119	83	0.737997
119	110	0.74959
119	130	2.39123
119	133	0.743526
119	135	0.737839
119	136	0.736488
119	147	0.716669
119	149	0.732203
119	152	2.32774
119	154	0.734835
119	155	0.732074
119	158	2.29408
119	160	0.740811
119	162	0.722188
119	163	0.736213
119	167	0.705025
119	169	0.726533
119	171	0.701741
119	173	0.71334
119	174	0.7022
119	175	0.738834
119	176	0.719582
119	177	0.717763
119	178	0.72093
119	179	0.72553
119	180	0.716958
120	5	0.733428
120	24	1.51315
120	43	0.76714
120	48	0.750705
120	58	2.1804
120	69	0.780998
120	75	0.774905
120	93	1.52861
120	96	0.734334
120	106	0.744966
120	112	0.774795
120	114	2.46615
120	116	0.772654
120	117	0.731596
120	135	0.767793
120	142	1.9011
120	145	0.767481
120	146	0.74706
120	148	0.761323
120	152	0.7502
120	153	0.762778
120	157	0.757658
120	158	0.754985
120	159	0.748172
120	161	0.763967
120	164	0.75301
120	166	0.749895
120	168	0.75042
120	173	2.26321
121	26	1.98114
121	76	0.738352
121	100	2.36732
121	109	2.14034
121	125	0.725251
121	126	0.673532
121	129	0.743408
121	130	2.66619
121	132	0.688869
121	142	0.739595
121	143	0.732022
121	147	0.713126
121	149	0.72866
121	152	2.6027
121	155	0.728531
121	156	0.735382
121	160	0.737268
121	162	0.718646
121	163	0.73267
121	165	0.71396
121	167	0.701482
121	169	0.72299
121	171	0.698199
121	173	0.709797
121	175	0.735291
121	176	0.716039
121	177	0.71422
121	178	0.717387
121	179	0.721987
121	180	0.713415
122	15	2.35486
122	16	1.30637
122	61	1.84828
122	70	1.56173
122	101	0.775384
122	107	0.783067
122	117	2.5969
122	126	0.70536
122	132	0.720697
122	141	0.724662
122	142	0.771423
122	146	2.20517
122	150	0.776149
122	151	0.7596
122	154	0.76312
122	155	0.760359
122	162	0.750473
122	163	0.764498
122	165	0.745788
122	167	0.73331
122	169	0.754818
122	171	0.730026
122	173	0.741625
122	174	0.730485
122	175	0.767119
122	176	0.747867
122	177	0.746048
122	178	0.749215
122	179	0.753815
122	180	0.745243
123	1	0.804589
123	8	0.804985
123	13	0.802762
123	26	0.784052
123	27	0.783235
123	37	0.760416
123	45	0.750283
123	53	0.743742
123	61	0.770115
123	71	0.753423
123	85	0.733253
123	100	0.748641
123	104	0.733304
123	124	0.729151
123	125	1.96257
123	127	0.752273
123	128	0.722367
123	130	0.713918
123	134	0.741324
123	137	0.731998
123	138	2.28912
123	139	0.721233
123	140	0.716819
123	144	0.711526
123	147	2.28999
123	151	2.04502
123	156	1.9879
123	169	2.18853
123	170	0.72911
123	172	0.757772
124	1	0.801199
124	8	0.801595
124	19	0.778141
124	26	0.780662
124	27	0.779845
124	41	0.746474
124	45	0.746893
124	53	0.740351
124	60	2.51241
124	61	0.766725
124	63	1.63013
124	66	0.710456
124	78	0.749324
124	85	0.729863
124	100	0.745251
124	104	0.729914
124	123	0.729151
124	127	0.748883
124	128	0.718976
124	130	0.710528
124	134	0.737933
124	136	2.04197
124	137	0.728607
124	139	0.717843
124	140	0.713429
124	144	0.708136
124	156	2.10654
124	165	2.31233
124	169	2.30718
124	170	0.725719
124	172	0.754382
125	44	0.754567
125	62	0.773362
125	69	1.98272
125	78	2.03019
125	100	1.80042
125	106	2.40088
125	121	0.725251
125	123	1.96257
125	135	0.755671
125	136	0.75432
125	141	0.714209
125	143	0.753397
125	147	0.734501
125	149	0.750035
125	150	0.765696
125	151	0.749147
125	154	0.752667
125	160	0.758643
125	162	0.74002
125	163	0.754044
125	167	0.722857
125	168	2.0966
125	169	0.744365
125	171	0.719573
125	173	0.731172
125	175	0.756666
125	176	0.737414
125	177	0.735595
125	178	0.738762
125	179	0.743362
125	180	0.73479
126	36	0.657365
126	43	2.69348
126	63	0.722143
126	97	3.32306
126	114	0.67821
126	121	0.673532
126	122	0.70536
126	132	0.658525
126	133	0.709638
126	138	0.677719
126	142	0.709251
126	147	0.682782
126	148	3.05218
126	149	0.698315
126	151	0.697427
126	154	0.700948
126	157	3.0796
126	160	0.706924
126	162	0.688301
126	163	0.702325
126	165	0.683615
126	166	0.686054
126	167	0.671138
126	169	0.692646
126	171	0.667854
126	173	0.679453
126	175	0.704947
126	177	0.683876
126	178	0.687043
126	179	0.691643
126	180	0.683071
127	1	0.824321
127	13	0.822494
127	19	0.801263
127	26	0.803784
127	27	0.802967
127	37	0.780148
127	41	0.769596
127	45	0.770015
127	53	0.763474
127	54	2.07882
127	61	0.789847
127	71	0.773155
127	85	0.752985
127	100	0.768373
127	104	0.753036
127	123	0.752273
127	124	0.748883
127	128	0.742099
127	129	1.62776
127	130	0.73365
127	134	0.761056
127	137	0.75173
127	139	0.740965
127	140	0.736551
127	144	0.731259
127	147	2.09307
127	160	1.67172
127	170	0.748842
127	172	0.777504
127	174	2.47534
127	175	1.66864
127	178	1.96171
128	1	0.794415
128	8	0.794811
128	13	0.792588
128	19	0.771357
128	26	0.773878
128	41	0.73969
128	45	0.740109
128	53	0.733567
128	61	0.759941
128	66	0.703672
128	71	0.743249
128	78	0.74254
128	85	0.723079
128	100	0.738467
128	104	0.72313
128	123	0.722367
128	124	0.718976
128	127	0.742099
128	130	0.703744
128	132	2.85521
128	133	2.0179
128	134	0.73115
128	137	0.721823
128	139	0.711059
128	140	0.706645
128	144	0.701352
128	149	1.91599
128	163	2.10378
128	170	0.718935
128	172	0.747598
128	173	2.41819
128	179	2.25642
129	36	0.727241
129	62	0.791519
129	75	1.76084
129	93	0.798076
129	99	2.01401
129	112	1.73476
129	114	0.748086
129	121	0.743408
129	127	1.62776
129	136	0.772477
129	141	0.732365
129	142	0.779127
129	143	0.771553
129	145	1.81802
129	147	0.752657
129	150	0.783853
129	151	0.767303
129	154	0.770824
129	155	0.768063
129	160	0.7768
129	162	0.758177
129	164	1.90487
129	165	0.753491
129	168	1.95871
129	169	0.762522
129	171	0.73773
129	173	0.749328
129	175	0.774823
129	176	0.755571
129	177	0.753752
129	178	0.756918
129	179	0.761519
129	180	0.752947
130	1	0.785967
130	8	0.786363
130	13	0.784139
130	19	0.762909
130	24	1.63344
130	26	0.765429
130	27	0.764612
130	37	0.741794
130	41	0.731242
130	45	0.731661
130	53	0.725119
130	61	0.751492
130	63	1.64821
130	71	0.734801
130	78	0.734092
130	85	0.71463
130	100	0.730018
130	102	2.41284
130	104	0.714682
130	119	2.39123
130	121	2.66619
130	123	0.713918
130	124	0.710528
130	127	0.73365
130	128	0.703744
130	134	0.722701
130	137	0.713375
130	139	0.70261
130	140	0.698196
130	144	0.692904
130	167	2.57095
130	170	0.710487
130	172	0.73915
131	2	0.705211
131	11	0.790727
131	25	0.698412
131	29	1.98393
131	51	0.729179
131	55	0.718003
131	61	2.16637
131	64	0.766706
131	72	0.753644
131	81	2.4333
131	84	1.99633
131	92	1.89687
131	106	0.725007
131	141	0.706371
131	144	2.59226
131	145	0.747521
131	148	0.741364
131	152	0.73024
131	159	0.728213
131	161	0.744007
131	164	0.733051
131	165	0.727497
131	166	0.729936
131	167	0.71502
131	168	0.730461
131	172	0.756977
131	173	0.723334
131	175	0.748829
131	176	0.729577
131	177	0.727758
131	178	0.730924
131	179	0.735525
131	180	0.726953
132	9	0.773334
132	39	2.55001
132	68	0.692684
132	77	0.721527
132	101	0.728549
132	114	0.693547
132	118	0.723565
132	121	0.688869
132	122	0.720697
132	126	0.658525
132	128	2.85521
132	137	2.52711
132	138	0.693056
132	141	0.677827
