1	11	0.944628
1	18	0.818395
1	44	1.08317
1	48	1.07321
1	67	1.01596
1	76	0.92101
1	77	1.08331
1	138	1.07872
1	162	0.997038
1	171	1.00937
1	172	0.993091
1	180	0.988555
2	21	0.832868
2	30	1.05897
2	83	0.980771
2	137	0.964971
2	142	0.955814
2	144	1.03902
2	158	1.03338
2	167	1.02392
2	168	1.02419
2	175	1.04417
2	176	1.0198
2	180	1.0155
3	11	0.937743
3	21	1.16684
3	23	1.02396
3	67	1.00908
3	76	0.914126
3	77	1.07643
3	134	1.02447
3	138	1.07183
3	156	0.929653
3	169	0.99721
3	178	0.87419
3	179	0.981021
4	11	0.94934
4	20	1.04001
4	23	1.03555
4	48	1.07792
4	76	0.925722
4	77	1.08802
4	119	1.00381
4	136	0.913879
4	138	1.08343
4	159	0.984107
4	162	0.956622
4	180	0.948139
5	66	0.986057
5	93	0.995066
5	111	1.04583
5	113	0.941558
5	116	0.976978
5	145	0.947575
5	147	1.01936
5	160	1.02166
5	164	1.05708
5	166	0.932225
5	175	1.04935
5	180	1.02067
6	18	0.838579
6	125	1.03615
6	128	1.03799
6	133	1.03262
6	134	1.00457
6	139	0.99386
6	140	1.03627
6	153	0.974537
6	157	1.01149
6	169	0.977316
6	173	1.02222
6	179	1.04088
7	115	1.00335
7	124	0.988672
7	137	1.0447
7	142	1.04854
7	145	1.03145
7	148	1.05847
7	152	1.02482
7	167	0.938533
7	168	0.941891
7	172	0.986825
7	176	0.956956
7	180	0.982288
8	118	1.07487
8	129	0.966593
8	133	1.02983
8	139	0.991064
8	140	1.03347
8	161	0.988217
8	166	1.01326
8	173	1.01943
8	174	0.985401
8	177	0.993173
8	178	0.873152
8	179	1.03808
9	94	1.01188
9	110	1.05041
9	125	1.03879
9	128	1.04062
9	130	0.937239
9	139	0.996493
9	140	1.0389
9	143	1.02981
9	164	0.892158
9	172	0.965614
9	179	1.04351
9	180	0.961078
10	21	1.13776
10	72	0.997711
10	89	0.981379
10	95	1.00647
10	122	0.950357
10	141	1.00759
10	143	1.02646
10	144	0.9662
10	156	1.04263
10	165	0.974131
10	167	0.957143
10	174	0.958704
11	1	0.944628
11	3	0.937743
11	4	0.94934
11	28	0.896774
11	44	0.912021
11	48	0.90206
11	76	0.749864
11	138	0.90757
11	149	1.18715
11	168	1.24133
11	173	1.24944
11	178	1.12728
12	30	1.00211
12	72	1.01249
12	84	1.03931
12	89	0.996156
12	103	1.07016
12	141	1.02237
12	144	0.956906
12	153	0.957402
12	156	1.05741
12	168	0.951207
12	174	0.94941
12	180	0.991603
13	52	1.03583
13	81	0.99069
13	98	0.985069
13	113	1.05103
13	121	1.07048
13	123	1.04024
13	144	0.955336
13	147	1.02666
13	160	0.94727
13	161	0.950656
13	171	1.01084
13	179	0.942422
14	71	1.0297
14	85	1.02647
14	97	1.04696
14	109	1.02195
14	116	0.994184
14	134	0.969498
14	150	0.926721
14	161	1.01065
14	163	0.997772
14	173	0.941381
14	177	0.939242
14	178	1.10201
15	40	1.00251
15	85	0.971445
15	97	0.991934
15	102	0.925435
15	109	0.966919
15	116	0.939156
15	146	1.0458
15	155	1.03123
15	161	0.955621
15	176	1.05362
15	177	1.04453
15	178	1.04698
15	179	1.03134
16	22	1.20365
16	93	1.07596
16	100	1.07065
16	113	1.11636
16	121	1.13581
16	123	1.10557
16	147	1.09199
16	150	0.886517
16	155	0.885741
16	156	0.834481
16	157	0.936212
16	178	0.779017
16	179	0.885849
17	32	1.0175
17	34	0.897535
17	41	0.972468
17	51	0.989682
17	60	0.928031
17	80	1.02271
17	107	0.986121
17	111	0.985956
17	122	1.02438
17	150	1.02797
17	162	1.0834
17	169	1.04349
17	179	1.02731
18	1	0.818395
18	6	0.838579
18	104	0.922766
18	130	1.08657
18	147	0.869507
18	148	0.811773
18	150	1.13111
18	152	0.934098
18	170	1.12797
18	174	1.10646
18	175	1.13365
18	176	1.10927
18	180	1.10497
19	47	0.957629
19	60	0.929902
19	64	0.931604
19	73	0.949219
19	80	1.02458
19	90	1.03125
19	107	0.987992
19	111	0.987827
19	158	1.01281
19	160	1.02477
19	161	1.02815
19	163	1.0687
19	172	1.07207
20	4	1.04001
20	28	0.987448
20	44	1.00269
20	48	0.992734
20	67	0.935488
20	71	1.11509
20	76	0.840538
20	77	1.00284
20	108	1.01567
20	117	1.02142
20	138	0.998244
20	169	1.02763
20	173	1.02677
21	2	0.832868
21	3	1.16684
21	10	1.13776
21	76	0.978962
21	77	1.14126
21	91	1.12437
21	103	1.1493
21	141	1.1015
21	157	0.871621
21	163	0.870041
21	171	0.889679
21	172	0.873405
21	180	0.868868
22	16	1.20365
22	42	1.08576
22	98	1.05066
22	100	1.07091
22	106	1.14711
22	121	1.13607
22	123	1.10583
22	135	0.942741
22	160	0.865763
22	164	0.839606
22	171	0.929337
22	173	0.876244
22	178	0.754084
23	3	1.02396
23	4	1.03555
23	28	0.982987
23	44	0.998234
23	67	0.931027
23	76	0.836078
23	77	0.99838
23	129	1.02256
23	136	1.0493
23	138	0.993784
23	151	1.04907
23	158	1.02884
23	165	1.0568
24	79	1.069
24	83	1.13235
24	93	1.10352
24	98	1.07796
24	99	1.10963
24	106	1.17441
24	123	1.13313
24	146	0.852104
24	159	0.921224
24	164	0.816336
24	172	0.889793
24	174	0.843062
24	180	0.885256
25	81	0.93365
25	93	0.953589
25	96	1.10014
25	98	0.928029
25	106	1.02448
25	113	0.993991
25	121	1.01344
25	123	0.983199
25	147	0.969621
25	154	1.02253
25	157	1.05461
25	173	1.01957
25	174	1.00966
26	82	0.995695
26	88	0.865496
26	120	0.998927
26	131	1.00263
26	137	0.989157
26	145	0.975902
26	148	1.00292
26	152	0.969277
26	154	1.06278
26	158	1.03738
26	161	1.05273
26	164	1.02319
26	170	1.03046
27	55	1.02708
27	57	0.973442
27	58	0.973885
27	89	0.936173
27	91	0.985247
27	95	0.961264
27	103	1.01018
27	141	0.962385
27	153	1.04751
27	156	0.997423
27	160	1.03895
27	162	1.0902
27	175	1.00274
28	11	0.896774
28	20	0.987448
28	23	0.982987
28	44	1.03531
28	48	1.02535
28	67	0.968106
28	76	0.873156
28	132	1.07598
28	138	1.03086
28	144	1.02566
28	157	1.06311
28	175	0.981378
28	180	1.06036
29	75	1.08924
29	102	1.08109
29	109	1.12257
29	110	0.958831
29	116	1.09481
29	144	0.834797
29	159	0.905463
29	161	1.11127
29	163	1.09839
29	165	0.842728
29	176	0.844163
29	178	1.20263
29	179	0.821884
30	2	1.05897
30	12	1.00211
30	84	0.968017
30	91	0.973934
30	95	0.949951
30	103	0.998868
30	141	0.951071
30	143	0.969941
30	149	1.0004
30	155	1.04725
30	156	0.98611
30	167	1.05122
30	179	1.04736
31	69	1.04467
31	79	1.09897
31	127	0.963998
31	135	0.94477
31	140	1.0244
31	152	1.06169
31	161	0.977429
31	162	0.97937
31	169	0.977026
31	174	0.977505
31	176	0.980322
31	177	0.987559
31	180	0.976019
32	17	1.0175
32	47	1.03488
32	60	1.00715
32	73	1.02647
32	80	1.10182
32	90	1.1085
32	111	1.06507
32	146	0.934043
32	147	1.03861
32	160	0.924432
32	168	0.926799
32	169	0.935773
32	179	0.919584
32	180	0.967195
33	122	0.907165
33	125	1.05982
33	128	1.06166
33	136	0.923445
33	139	1.01752
33	140	1.05993
33	155	1.05092
33	166	1.03972
33	171	0.978517
33	172	0.962242
33	173	1.04589
33	175	0.878725
33	179	1.06454
33	180	0.957706
34	17	0.897535
34	51	0.948834
34	64	0.888885
34	66	0.885336
34	80	0.981857
34	90	0.988533
34	92	1.21861
34	107	0.945273
34	111	0.945108
34	147	0.918639
34	153	1.11296
34	156	1.04818
34	174	1.10497
34	176	1.12183
35	104	0.959623
35	124	0.882056
35	129	1.09585
35	131	0.951558
35	136	1.12259
35	137	0.938089
35	138	0.931859
35	142	0.941922
35	145	0.924834
35	148	0.951851
35	152	0.918208
35	161	1.11747
35	172	1.16139
35	179	1.10924
36	88	0.949838
36	124	1.01747
36	131	1.08697
36	138	1.06727
36	142	1.07733
36	145	1.06024
36	146	0.948236
36	148	1.08726
36	152	1.05362
36	165	0.954621
36	170	0.919737
36	171	1.0022
36	176	0.956056
36	178	0.826946
37	79	0.880572
37	83	0.943918
37	93	0.91509
37	98	0.889529
37	100	0.909777
37	106	0.985983
37	113	0.955492
37	121	0.974939
37	123	0.9447
37	129	1.1219
37	130	1.15907
37	154	1.15358
37	161	1.14353
37	178	1.02846
38	42	1.04803
38	79	1.00397
38	93	1.03849
38	99	1.0446
38	100	1.03317
38	113	1.07889
38	121	1.09834
38	147	1.05452
38	149	0.878443
38	171	0.993825
38	173	0.940732
38	174	0.93082
38	177	0.938592
38	179	0.925403
39	75	0.903162
39	85	0.94102
39	97	0.961509
39	102	0.89501
39	109	0.936495
39	116	0.908731
39	122	1.09809
39	159	1.18459
39	161	0.925197
39	163	0.912319
39	172	1.15316
39	175	1.06965
39	178	1.01656
39	179	1.10102
40	15	1.00251
40	63	1.09548
40	78	1.06927
40	97	1.06923
40	102	1.00273
40	116	1.01645
40	144	0.939212
40	150	0.926967
40	160	0.931146
40	163	1.02004
40	173	0.941628
40	175	0.894929
40	178	1.12428
40	180	0.97391
41	17	0.972468
41	47	0.989844
41	60	0.962116
41	66	0.960269
41	73	0.981433
41	80	1.05679
41	90	1.06347
41	110	1.10185
41	111	1.02004
41	147	0.993572
41	151	0.978019
41	159	1.04848
41	169	0.981087
41	175	0.933529
41	179	0.964899
42	22	1.08576
42	38	1.04803
42	61	0.925553
42	62	0.904425
42	81	0.938132
42	83	0.986899
42	98	0.93251
42	106	1.02896
42	121	1.01792
42	123	0.987681
42	147	0.974102
42	153	1.0176
42	159	1.08777
42	163	1.05297
42	173	1.01952
43	63	0.880923
43	67	1.03064
43	81	1.05937
43	95	0.969238
43	100	1.1239
43	142	0.928298
43	146	1.00791
43	158	1.00696
43	164	1.02548
43	165	0.997914
43	167	0.997497
43	171	0.984003
43	174	0.990558
43	177	1.00061
43	180	0.989072
44	1	1.08317
44	11	0.912021
44	20	1.00269
44	23	0.998234
44	28	1.03531
44	67	0.983353
44	76	0.888403
44	77	1.05071
44	138	1.04611
44	150	1.00209
44	165	1.02226
44	169	1.01761
44	171	1.06984
44	178	0.894587
44	179	1.00142
45	101	0.921919
45	110	1.09702
45	125	1.01891
45	128	1.02075
45	133	1.01538
45	139	0.976613
45	140	1.01902
45	159	1.04366
45	166	0.998809
45	170	0.946037
45	173	1.00498
45	174	0.965495
45	176	0.982356
45	177	0.973267
45	179	1.02363
46	101	0.921919
46	125	1.01891
46	128	1.02075
46	133	1.01538
46	139	0.976613
46	140	1.01902
46	151	1.01658
46	153	1.01687
46	163	1.05224
46	166	0.998809
46	173	1.00498
46	174	1.00887
46	177	1.01665
46	178	0.896626
46	179	1.02363
47	19	0.957629
47	32	1.03488
47	41	0.989844
47	51	1.00706
47	66	0.943559
47	80	1.04008
47	90	1.04676
47	111	1.00333
47	130	1.01914
47	134	1.03881
47	146	1.00982
47	147	0.976863
47	177	1.00855
47	178	0.888532
47	180	1.04297
48	1	1.07321
48	4	1.07792
48	11	0.90206
48	20	0.992734
48	28	1.02535
48	67	0.973393
48	76	0.878443
48	77	1.04074
48	136	1.02148
48	138	1.03615
48	146	1.02259
48	155	1.00803
48	170	0.994093
48	172	1.06028
48	178	0.901302
49	104	1.01949
49	120	1.00772
49	127	0.993357
49	131	1.01142
49	138	0.991725
49	142	1.00179
49	145	0.9847
49	148	1.01172
49	152	0.978074
49	154	1.00461
49	158	0.979211
49	160	0.99117
49	165	1.00717
49	174	0.99174
49	180	1.03393
50	58	1.20416
50	75	1.21831
50	83	1.20711
50	106	1.16179
50	119	0.848812
50	136	0.892465
50	162	0.887551
50	164	0.920607
50	165	0.893042
50	166	1.20202
50	167	0.892625
50	168	0.892894
50	178	0.976972
50	179	0.910832
50	180	0.8842
51	17	0.989682
51	34	0.948834
51	47	1.00706
51	60	0.97933
51	64	0.981032
51	66	0.977483
51	73	0.998647
51	90	1.08068
51	111	1.03726
51	117	0.98888
51	129	0.965504
51	132	1.04213
51	151	0.992015
51	162	1.03499
51	174	0.984312
52	13	1.03583
52	83	1.00256
52	93	0.973729
52	98	0.948168
52	100	0.968416
52	106	1.04462
52	121	1.03358
52	123	1.00334
52	147	0.98976
52	151	1.0086
52	157	1.04584
52	167	0.999336
52	172	1.04763
52	176	1.01776
52	178	0.888649
53	78	1.02173
53	85	1.0012
53	97	1.02169
53	102	0.955189
53	109	0.996674
53	116	0.968911
53	132	1.04189
53	134	1.0221
53	154	0.996942
53	158	0.971544
53	160	0.983503
53	161	0.985376
53	163	0.972498
53	177	0.991845
53	178	1.07674
54	82	0.942262
54	90	0.949367
54	143	0.993856
54	147	1.02338
54	151	1.00547
54	152	1.08797
54	159	0.981354
54	166	0.995399
54	167	1.00299
54	170	1.01756
54	172	0.972662
54	174	0.99605
54	175	1.02324
54	177	1.0061
54	180	0.994564
55	27	1.02708
55	89	1.02512
55	95	0.978116
55	104	1.03829
55	112	0.95708
55	127	0.951926
55	141	0.973131
55	159	0.985815
55	170	1.02202
55	171	0.993955
55	174	1.00051
55	175	1.0277
55	176	1.00333
55	177	1.01056
55	180	0.999024
56	61	0.909723
56	92	1.10741
56	105	1.03191
56	108	0.992595
56	125	1.00511
56	133	1.00158
56	139	0.962816
56	140	1.00523
56	143	0.99613
56	155	0.996214
56	164	0.96705
56	170	0.974319
56	171	1.05678
56	173	0.991179
56	179	1.00983
57	27	0.973442
57	59	1.06441
57	72	0.972508
57	84	0.999333
57	89	0.956177
57	91	1.00525
57	95	0.981267
57	103	1.03018
57	129	0.963782
57	135	1.059
57	150	0.977841
57	156	1.01743
57	165	0.998017
57	168	0.984387
57	180	1.02478
58	27	0.973885
58	50	1.20416
58	59	1.06486
58	72	0.972952
58	84	0.999776
58	89	0.95662
58	95	0.981711
58	103	1.03063
58	143	1.0017
58	155	0.966095
58	156	1.01787
58	163	1.01499
58	168	0.973417
58	176	0.988481
58	178	0.859371
59	57	1.06441
59	58	1.06486
59	89	1.02715
59	91	1.07622
59	95	1.05224
59	103	1.10115
59	141	1.05336
59	143	1.07223
59	155	0.915295
59	156	1.0884
59	157	0.965766
59	160	0.92025
59	174	0.92082
59	178	0.808571
59	179	0.915403
59	180	0.963013
60	17	0.928031
60	19	0.929902
60	32	1.00715
60	41	0.962116
60	51	0.97933
60	64	0.919381
60	73	0.936996
60	80	1.01235
60	111	0.975604
60	122	1.04896
60	147	0.949135
60	153	1.06529
60	169	1.06807
60	176	1.07416
60	179	1.05189
60	180	1.0995
61	42	0.925553
61	56	0.909723
61	66	0.970456
61	71	1.03869
61	86	0.940936
61	107	0.895773
61	121	0.872256
61	131	0.878688
61	160	1.07118
61	165	1.07904
61	169	1.07121
61	171	1.06513
61	172	1.0483
61	176	1.0745
61	177	1.08174
61	180	1.0702
62	42	0.904425
62	81	0.975512
62	84	0.900137
62	91	0.885439
62	104	0.94555
62	107	0.874644
62	114	0.906643
62	135	1.02799
62	154	1.0519
62	157	1.05882
62	163	1.04777
62	168	1.06794
62	176	1.06354
62	177	1.07078
62	178	1.15201
62	180	1.05924
63	40	1.09548
63	43	0.880923
63	78	1.08494
63	97	1.0849
63	102	1.0184
63	109	1.05989
63	116	1.03213
63	126	0.927511
63	135	0.978653
63	154	0.915113
63	158	0.889716
63	161	1.04859
63	163	1.03571
63	176	0.919106
63	178	1.13995
63	179	0.896827
64	19	0.931604
64	34	0.888885
64	51	0.981032
64	60	0.919381
64	73	0.938698
64	80	1.01406
64	90	1.02073
64	107	0.977471
64	111	0.977306
64	126	1.09579
64	129	1.05171
64	134	1.10855
64	147	0.950837
64	162	1.1212
64	168	1.07232
64	178	0.958273
65	86	0.965857
65	94	0.948412
65	99	0.942184
65	101	0.878335
65	105	1.00213
65	118	1.01683
65	130	1.09526
65	133	0.971791
65	139	0.933029
65	149	1.02453
65	158	1.06438
65	161	1.07972
65	164	1.05018
65	173	0.961392
65	176	1.09377
65	179	0.980045
66	5	0.986057
66	34	0.885336
66	41	0.960269
66	47	0.943559
66	51	0.977483
66	61	0.970456
66	73	0.935149
66	90	1.01718
66	107	0.973922
66	111	0.973757
66	119	1.15238
66	135	1.13092
66	147	0.947288
66	158	1.04198
66	168	1.05631
66	174	1.05451
67	1	1.01596
67	3	1.00908
67	20	0.935488
67	23	0.931027
67	28	0.968106
67	43	1.03064
67	44	0.983353
67	48	0.973393
67	76	0.821196
67	77	0.983499
67	138	0.978902
67	160	1.05139
67	171	1.11497
67	176	1.06882
67	179	1.04654
67	180	1.09415
68	101	0.873197
68	105	0.996988
68	118	1.01169
68	119	1.16202
68	128	0.972024
68	129	1.04535
68	133	0.966654
68	136	1.07209
68	139	0.927892
68	140	0.970302
68	149	1.01178
68	166	0.950088
68	170	1.0447
68	173	0.956255
68	177	1.07193
68	179	0.974908
69	31	1.04467
69	114	0.927434
69	115	0.928778
69	120	0.979904
69	127	0.965536
69	131	0.983604
69	137	0.970134
69	142	0.973967
69	148	0.983896
69	151	1.05274
69	152	0.950254
69	153	1.05303
69	159	1.1232
69	160	1.04447
69	163	1.08841
69	166	0.936493
70	82	0.945114
70	87	0.913106
70	114	0.895876
70	124	0.882543
70	127	0.933978
70	131	0.952045
70	137	0.938576
70	142	0.942409
70	145	0.925321
70	148	0.952338
70	152	0.918695
70	154	1.14538
70	160	1.13195
70	164	1.10579
70	165	1.14794
70	168	1.13431
70	173	1.14243
71	14	1.0297
71	20	1.11509
71	61	1.03869
71	107	1.07806
71	136	0.959965
71	143	1.06618
71	148	1.03797
71	153	0.941162
71	160	0.952684
71	166	1.06772
71	167	0.960125
71	171	0.946631
71	172	0.929799
71	176	0.956004
71	177	0.963241
71	180	0.9517
72	10	0.997711
72	12	1.01249
72	57	0.972508
72	58	0.972952
72	84	0.978397
72	89	0.93524
72	91	0.984314
72	95	0.960331
72	103	1.00925
72	108	1.02588
72	132	1.08488
72	143	0.980321
72	155	1.02154
72	156	0.99649
72	169	1.03783
72	174	1.02706
72	175	0.990274
72	179	1.02164
73	19	0.949219
73	32	1.02647
73	41	0.981433
73	51	0.998647
73	60	0.936996
73	64	0.938698
73	66	0.935149
73	80	1.03167
73	90	1.03835
73	111	0.994921
73	117	1.05138
73	147	0.968452
73	156	0.990027
73	161	1.04963
73	171	1.10982
73	175	1.01002
73	176	1.06367
73	178	0.934564
74	87	0.973821
74	104	1.02082
74	115	0.957934
74	124	0.943258
74	131	1.01276
74	137	0.99929
74	141	0.957897
74	142	1.00312
74	145	0.986035
74	149	0.986944
74	151	1.04702
74	152	0.97941
74	153	1.04731
74	154	1.05219
74	155	1.0338
74	166	0.965649
74	174	1.03932
74	175	1.00253
75	29	1.08924
75	39	0.903162
75	50	1.21831
75	78	1.00035
75	85	0.979822
75	97	1.00031
75	102	0.933812
75	109	0.975296
75	116	0.947533
75	117	0.990337
75	130	1.00412
75	155	0.980245
75	161	0.963999
75	163	0.951121
75	167	0.984208
75	176	1.00263
75	178	1.05536
75	180	1.02796
76	1	0.92101
76	3	0.914126
76	4	0.925722
76	11	0.749864
76	20	0.840538
76	21	0.978962
76	23	0.836078
76	28	0.873156
76	44	0.888403
76	48	0.878443
76	67	0.821196
76	77	0.888549
76	138	0.883953
76	160	1.28312
76	164	1.25696
76	167	1.28213
76	172	1.33042
76	174	1.28369
76	178	1.17144
77	1	1.08331
77	3	1.07643
77	4	1.08802
77	20	1.00284
77	21	1.14126
77	23	0.99838
77	44	1.05071
77	48	1.04074
77	67	0.983499
77	76	0.888549
77	122	0.917212
77	138	1.04625
77	158	0.91303
77	162	0.976236
77	163	0.968926
77	169	0.93633
77	171	0.988564
77	176	0.94242
77	180	0.967752
78	40	1.06927
78	53	1.02173
78	63	1.08494
78	75	1.00035
78	102	0.992195
78	107	1.0463
78	109	1.03368
78	116	1.00592
78	134	0.983468
78	150	0.940691
78	161	1.02238
78	163	1.0095
78	165	0.960867
78	167	0.943879
78	170	0.925983
78	176	0.962302
78	177	0.953213
78	178	1.11374
78	179	0.940023
79	24	1.069
79	31	1.09897
79	37	0.880572
79	38	1.00397
79	81	0.894072
79	83	0.942839
79	93	0.914011
79	100	0.908697
79	106	0.984904
79	113	0.954413
79	121	0.97386
79	123	0.943621
79	130	1.1177
79	147	0.930042
79	154	1.11221
79	156	1.04256
79	170	1.07989
79	175	1.06256
79	179	1.09393
80	17	1.02271
80	19	1.02458
80	32	1.10182
80	34	0.981857
80	41	1.05679
80	47	1.04008
80	60	1.01235
80	64	1.01406
80	73	1.03167
80	96	1.02184
80	111	1.07028
80	147	1.04381
80	154	0.944222
80	155	0.925829
80	162	0.98203
80	163	0.97472
80	173	0.941265
80	175	0.894566
80	179	0.925936
81	13	0.99069
81	25	0.93365
81	42	0.938132
81	43	1.05937
81	62	0.975512
81	79	0.894072
81	83	0.957418
81	98	0.903029
81	100	0.923276
81	106	0.999483
81	112	1.16816
81	113	0.968992
81	121	0.988439
81	123	0.958199
81	135	1.1571
81	147	0.944621
81	149	1.02832
81	172	1.12742
81	173	1.0906
82	26	0.995695
82	54	0.942262
82	70	0.945114
82	92	1.02999
82	114	1.01796
82	120	1.07043
82	127	1.05606
82	137	1.06066
82	142	1.06449
82	145	1.0474
82	148	1.07442
82	152	1.04078
82	161	0.919168
82	162	0.967028
82	166	1.02701
82	168	0.918149
82	172	0.963082
82	179	0.910934
82	180	0.958545
83	2	0.980771
83	24	1.13235
83	37	0.943918
83	42	0.986899
83	50	1.20711
83	52	1.00256
83	79	0.942839
83	81	0.957418
83	98	0.951796
83	100	0.972044
83	106	1.04825
83	108	0.973396
83	113	1.01776
83	121	1.03721
83	123	1.00697
83	150	0.969828
83	156	0.917792
83	167	0.973016
83	179	0.96916
83	180	1.01677
84	12	1.03931
84	30	0.968017
84	57	0.999333
84	58	0.999776
84	62	0.900137
84	72	0.978397
84	89	0.962065
84	91	1.01114
84	95	0.987155
84	103	1.03607
84	132	1.06314
84	141	0.988276
84	143	1.00715
84	146	1.01436
84	156	1.02331
84	162	1.056
84	164	0.978592
84	173	1.01523
84	175	0.968531
84	177	1.01309
85	14	1.02647
85	15	0.971445
85	39	0.94102
85	53	1.0012
85	75	0.979822
85	102	0.97167
85	107	1.02577
85	109	1.01315
85	116	0.985391
85	129	0.960381
85	134	1.01722
85	157	1.02414
85	161	1.00186
85	162	1.02987
85	163	0.988979
85	169	0.98996
85	170	0.959731
85	171	1.04219
85	177	0.986961
85	178	1.09322
86	61	0.940936
86	65	0.965857
86	94	0.990654
86	101	0.920577
86	105	1.04437
86	125	1.01756
86	128	1.0194
86	133	1.01403
86	139	0.975271
86	140	1.01768
86	149	0.972612
86	153	1.03298
86	155	1.00867
86	156	0.968205
86	165	1.04042
86	167	1.02343
86	170	1.00553
86	173	1.00363
86	174	1.02499
86	179	1.02229
87	70	0.913106
87	74	0.973821
87	110	0.942538
87	120	1.03842
87	124	0.972616
87	127	1.02405
87	131	1.04212
87	136	1.00174
87	138	1.02242
87	141	0.987255
87	142	1.03248
87	148	1.04241
87	150	0.989053
87	152	1.00877
87	154	1.00667
87	155	0.988278
87	158	0.981273
87	163	1.03717
87	168	0.995599
87	176	1.01066
88	26	0.865496
88	36	0.949838
88	104	0.951991
88	115	0.889101
88	119	1.23505
88	120	0.940227
88	127	0.925859
88	131	0.943927
88	137	0.930457
88	142	0.93429
88	145	0.917202
88	148	0.944219
88	152	0.910577
88	156	1.0804
88	158	1.12465
88	166	0.896815
88	168	1.13898
88	169	1.14795
88	174	1.13718
88	177	1.14495
89	10	0.981379
89	12	0.996156
89	27	0.936173
89	55	1.02512
89	57	0.956177
89	58	0.95662
89	59	1.02715
89	72	0.93524
89	84	0.962065
89	91	0.967982
89	95	0.943999
89	103	0.992916
89	112	1.12503
89	134	1.07559
89	143	0.963989
89	156	0.980158
89	157	1.08251
89	169	1.04834
89	173	1.04748
89	178	0.925317
89	180	1.07976
90	19	1.03125
90	32	1.1085
90	34	0.988533
90	41	1.06347
90	47	1.04676
90	51	1.08068
90	54	0.949367
90	64	1.02073
90	66	1.01718
90	73	1.03835
90	107	1.07712
90	111	1.07695
90	146	0.932498
90	147	1.05048
90	161	0.926273
90	163	0.966824
90	164	0.89673
90	168	0.925254
90	171	0.986461
90	175	0.886669
90	176	0.940318
91	21	1.12437
91	27	0.985247
91	30	0.973934
91	57	1.00525
91	59	1.07622
91	62	0.885439
91	72	0.984314
91	84	1.01114
91	89	0.967982
91	95	0.993072
91	103	1.04199
91	117	0.995188
91	134	1.02865
91	141	0.994193
91	143	1.01306
91	155	0.985096
91	156	1.02923
91	162	1.0413
91	168	0.992418
91	170	0.971163
91	178	0.878372
91	180	1.03281
92	34	1.21861
92	56	1.10741
92	82	1.02999
92	99	1.11299
92	120	1.04752
92	125	1.08265
92	147	1.11111
92	153	0.921024
92	157	0.931141
92	162	0.934913
92	164	0.96797
92	166	1.08313
92	167	0.939988
92	168	0.940257
92	169	0.932569
92	170	0.954562
92	172	0.909661
92	174	0.933049
92	176	0.935866
92	177	0.943103
92	178	1.02433
92	180	0.931562
93	5	0.995066
93	16	1.07596
93	24	1.10352
93	25	0.953589
93	37	0.91509
93	38	1.03849
93	52	0.973729
93	79	0.914011
93	98	0.922968
93	100	0.943216
93	106	1.01942
93	113	0.988931
93	121	1.00838
93	123	0.978139
93	144	1.03983
93	147	0.96456
93	155	1.02681
93	156	0.975545
93	158	1.0198
93	160	1.03176
93	165	1.04776
93	167	1.03077
93	169	1.0431
94	9	1.01188
94	65	0.948412
94	86	0.990654
94	101	0.903132
94	105	1.02692
94	110	1.15414
94	125	1.00012
94	126	1.04788
94	128	1.00196
94	133	0.996588
94	136	1.03054
94	139	0.957826
94	140	1.00024
94	151	1.03031
94	155	0.991224
94	158	1.01008
94	166	0.980022
94	170	1.00315
94	173	0.986189
94	175	0.985824
94	176	1.03947
94	178	0.910363
94	179	1.00484
95	10	1.00647
95	27	0.961264
95	30	0.949951
95	43	0.969238
95	55	0.978116
95	57	0.981267
95	58	0.981711
95	59	1.05224
95	72	0.960331
95	84	0.987155
95	89	0.943999
95	91	0.993072
95	103	1.01801
95	110	1.12209
95	135	1.06697
95	141	0.97021
95	143	0.98908
95	156	1.00525
95	160	0.98999
95	162	1.04124
95	169	1.00133
95	176	1.00742
95	180	1.03275
96	25	1.10014
96	80	1.02184
96	118	0.981489
96	123	1.13128
96	138	1.11481
96	141	1.07606
96	145	1.07532
96	148	1.03022
96	150	0.976058
96	157	0.949498
96	162	0.953271
96	164	0.986327
96	165	0.958762
96	166	1.05997
96	168	0.958614
96	169	0.950927
96	170	0.97292
96	171	0.944851
96	172	0.928019
96	175	0.978596
96	176	0.954224
96	177	0.961461
96	179	0.976552
96	180	0.94992
97	14	1.04696
97	15	0.991934
97	39	0.961509
97	40	1.06923
97	53	1.02169
97	63	1.0849
97	75	1.00031
97	102	0.992159
97	107	1.04626
97	109	1.03364
97	116	1.00588
97	130	1.0593
97	152	0.0640828
97	155	1.03542
97	159	1.11911
97	161	1.02235
97	163	1.00947
97	164	1.01422
97	167	1.03939
97	171	1.10395
97	172	1.08768
97	175	1.00416
97	178	1.11371
97	180	1.08314
98	13	0.985069
98	22	1.05066
98	24	1.07796
98	25	0.928029
98	37	0.889529
98	42	0.93251
98	52	0.948168
98	81	0.903029
98	83	0.951796
98	93	0.922968
98	100	0.917655
98	106	0.993862
98	113	0.96337
98	121	0.982817
98	123	0.952578
98	126	1.0975
98	156	1.01545
98	161	1.07505
98	162	1.12291
98	170	1.05277
98	172	1.11896
98	176	1.08909
98	177	1.08
98	178	0.959983
99	24	1.10963
99	38	1.0446
99	65	0.942184
99	92	1.11299
99	100	0.949328
99	106	1.02553
99	113	0.995043
99	118	1.0354
99	121	1.01449
99	122	0.991
99	123	0.984251
99	129	0.980539
99	133	0.990361
99	139	0.951598
99	140	0.994008
99	153	1.00734
99	155	0.984996
99	157	1.04429
99	161	1.00216
99	170	0.979889
99	173	0.979961
99	174	0.999347
99	177	1.00712
99	178	0.887099
99	179	0.998614
100	16	1.07065
100	22	1.07091
100	37	0.909777
100	38	1.03317
100	43	1.1239
100	52	0.968416
100	79	0.908697
100	81	0.923276
100	83	0.972044
100	93	0.943216
100	98	0.917655
100	99	0.949328
100	106	1.01411
100	113	0.983618
100	121	1.00306
100	123	0.972825
100	132	1.20304
100	138	0.130613
100	147	0.959247
100	153	1.15321
100	168	1.14702
100	169	1.15599
100	172	1.19195
100	175	1.10843
100	176	1.16208
100	178	1.03297
101	45	0.921919
101	46	0.921919
101	65	0.878335
101	68	0.873197
101	86	0.920577
101	94	0.903132
101	117	1.16807
101	118	0.97155
101	125	0.930042
101	126	1.18877
101	128	0.93188
101	133	0.926511
101	139	0.887749
101	140	0.930159
101	143	0.921062
101	149	1.11113
101	151	1.17121
101	153	1.17149
101	155	0.921146
101	156	1.10672
101	166	0.909945
101	167	1.16194
101	173	0.916112
101	175	1.12672
101	179	0.934765
101	180	1.2057
102	15	0.925435
102	29	1.08109
102	39	0.89501
102	40	1.00273
102	53	0.955189
102	63	1.0184
102	75	0.933812
102	78	0.992195
102	85	0.97167
102	97	0.992159
102	107	0.979759
102	109	0.967144
102	116	0.939381
102	117	1.04464
102	144	1.04757
102	149	0.987693
102	161	0.955846
102	163	0.942968
102	164	1.01334
102	168	1.04187
102	169	1.05084
102	174	1.04007
102	176	1.05693
102	177	1.04784
102	178	1.04721
102	180	1.08226
103	12	1.07016
103	21	1.1493
103	27	1.01018
103	30	0.998868
103	57	1.03018
103	58	1.03063
103	59	1.10115
103	72	1.00925
103	84	1.03607
103	89	0.992916
103	91	1.04199
103	95	1.01801
103	119	1.02118
103	132	0.981131
103	141	1.01913
103	143	1.038
103	149	0.870936
103	151	0.931016
103	156	1.05417
103	158	0.910784
103	159	1.00148
103	163	0.96668
103	165	0.93874
103	168	0.92511
103	169	0.934085
103	173	0.933225
104	18	0.922766
104	35	0.959623
104	49	1.01949
104	55	1.03829
104	62	0.94555
104	74	1.02082
104	88	0.951991
104	114	1.03295
104	115	1.0343
104	120	1.08542
104	124	1.01962
104	127	1.07105
104	132	1.10855
104	135	1.12714
104	137	1.07565
104	140	0.0365693
104	142	1.07948
104	145	1.0624
104	148	1.08941
104	152	1.05577
104	155	1.04521
104	166	1.04201
104	173	1.06064
104	174	1.05073
104	175	1.01394
104	177	1.0585
105	56	1.03191
105	65	1.00213
105	68	0.996988
105	86	1.04437
105	94	1.02692
105	118	1.09534
105	123	0.0352792
105	125	1.05383
105	126	1.05868
105	128	1.05567
105	133	1.0503
105	139	1.01154
105	140	1.05395
105	143	1.04485
105	150	1.02867
105	156	0.976632
105	162	1.08409
105	166	1.03374
105	170	1.01396
105	171	1.09642
105	172	1.08015
105	173	1.0399
105	177	1.04119
105	178	0.921168
105	179	1.05856
105	180	1.07561
106	22	1.14711
106	24	1.17441
106	25	1.02448
106	37	0.985983
106	42	1.02896
106	50	1.16179
106	52	1.04462
106	79	0.984904
106	81	0.999483
106	83	1.04825
106	93	1.01942
106	98	0.993862
106	99	1.02553
106	100	1.01411
106	112	1.01672
106	113	1.05982
106	123	1.04903
106	150	0.924504
106	151	0.936956
106	165	0.94468
106	170	0.909796
106	173	0.939165
106	175	0.892466
106	176	0.946115
106	178	0.817005
106	179	0.923836
107	17	0.986121
107	19	0.987992
107	34	0.945273
107	61	0.895773
107	62	0.874644
107	64	0.977471
107	66	0.973922
107	71	1.07806
107	78	1.0463
107	85	1.02577
107	90	1.07712
107	97	1.04626
107	102	0.979759
107	109	1.02124
107	111	1.03369
107	116	0.99348
107	135	1.05624
107	147	1.00723
107	154	0.992695
107	156	0.923041
107	157	1.02477
107	163	0.997068
107	170	0.960369
107	171	1.04283
107	177	0.987599
107	178	1.10131
107	179	0.974409
108	20	1.01567
108	56	0.992595
108	72	1.02588
108	83	0.973396
108	112	0.966267
108	113	0.97764
108	116	1.01306
108	120	0.932701
108	122	1.02793
108	125	0.967833
108	128	0.963363
108	133	0.960312
108	146	1.02705
108	154	1.00087
108	160	1.0092
108	166	0.968306
108	168	1.01691
108	169	1.00922
108	170	1.03121
108	171	1.00314
108	172	0.98631
108	174	1.0097
108	175	1.03689
108	176	1.01251
108	177	1.01975
108	179	1.03484
108	180	1.00821
109	14	1.02195
109	15	0.966919
109	29	1.12257
109	39	0.936495
109	53	0.996674
109	63	1.05989
109	75	0.975296
109	78	1.03368
109	85	1.01315
109	97	1.03364
109	102	0.967144
109	107	1.02124
109	110	1.09671
109	116	0.980865
109	117	0.969752
109	119	1.06305
109	149	0.912807
109	151	0.972887
109	161	0.997331
109	163	0.984453
109	167	0.963623
109	170	0.945726
109	173	0.975095
109	176	0.982045
109	177	0.972956
109	178	1.08869
109	179	0.959767
110	9	1.05041
110	29	0.958831
110	41	1.10185
110	45	1.09702
110	87	0.942538
110	94	1.15414
110	95	1.12209
110	109	1.09671
110	111	1.09637
110	118	1.02254
110	120	0.977778
110	124	0.911976
110	128	1.09607
110	137	0.968008
110	145	0.954753
110	148	0.98177
110	149	0.960406
110	152	0.948127
110	160	0.933539
110	166	0.934366
110	171	0.927486
110	175	0.961231
110	176	0.936859
110	177	0.944096
110	178	1.02533
110	179	0.959187
110	180	0.932555
111	5	1.04583
111	17	0.985956
111	19	0.987827
111	32	1.06507
111	34	0.945108
111	41	1.02004
111	47	1.00333
111	51	1.03726
111	60	0.975604
111	64	0.977306
111	66	0.973757
111	73	0.994921
111	80	1.07028
111	90	1.07695
111	107	1.03369
111	110	1.09637
111	117	0.969406
111	147	1.00706
111	149	0.912462
111	151	0.972542
111	157	1.00979
111	159	1.043
111	171	1.02784
111	173	0.97475
111	176	0.9817
111	177	0.972611
111	178	0.85259
112	55	0.95708
112	81	1.16816
112	89	1.12503
112	106	1.01672
112	108	0.966267
112	114	1.09929
112	121	1.04377
112	123	1.12825
112	127	1.05183
112	128	1.05201
112	133	1.04896
112	146	0.960102
112	150	0.967406
112	158	0.959154
112	159	0.928058
112	164	0.977675
112	165	0.95011
112	166	1.05695
112	167	0.949693
112	168	0.949962
112	169	0.942275
112	171	0.936198
112	173	0.949246
112	174	0.942754
112	175	0.969944
112	177	0.952809
112	180	0.941268
113	5	0.941558
113	13	1.05103
113	16	1.11636
113	25	0.993991
113	37	0.955492
113	38	1.07889
113	79	0.954413
113	81	0.968992
113	83	1.01776
113	93	0.988931
113	98	0.96337
113	99	0.995043
113	100	0.983618
113	106	1.05982
113	108	0.97764
113	121	1.04878
113	122	0.970474
113	123	1.01854
113	147	1.00496
113	155	0.973297
113	157	1.02377
113	158	0.966292
113	159	1.05698
113	164	0.952095
113	175	0.942034
113	177	0.986594
113	180	1.02101
114	62	0.906643
114	69	0.927434
114	70	0.895876
114	82	1.01796
114	104	1.03295
114	112	1.09929
114	115	0.970062
114	117	0.97409
114	124	0.955385
114	127	1.00682
114	131	1.02489
114	137	1.01142
114	138	1.00519
114	141	0.970024
114	142	1.01525
114	145	0.998163
114	148	1.02518
114	150	1.00708
114	152	0.991537
114	162	1.0625
114	165	1.02725
114	166	0.977776
114	167	1.01026
114	170	0.992367
114	172	1.05856
114	173	1.02174
114	177	1.0196
114	179	1.00641
115	7	1.00335
115	69	0.928778
115	74	0.957934
115	88	0.889101
115	104	1.0343
115	114	0.970062
115	117	0.975434
115	120	1.02253
115	124	0.95673
115	127	1.00816
115	131	1.02623
115	137	1.01276
115	142	1.01659
115	144	1.04379
115	145	0.999507
115	148	1.02652
115	152	0.992881
115	153	1.04428
115	154	1.04916
115	156	0.979506
115	158	1.02376
115	161	1.03911
115	166	0.97912
115	174	1.03629
115	175	0.999504
115	177	1.04406
115	178	0.924043
115	179	1.03087
116	5	0.976978
116	14	0.994184
116	15	0.939156
116	29	1.09481
116	39	0.908731
116	40	1.01645
116	53	0.968911
116	63	1.03213
116	75	0.947533
116	78	1.00592
116	85	0.985391
116	97	1.00588
116	102	0.939381
116	107	0.99348
116	108	1.01306
116	109	0.980865
116	130	1.0326
116	146	1.02328
116	150	1.00949
116	160	1.01367
116	161	0.969567
116	163	0.956689
116	165	1.02967
116	167	1.01268
116	169	1.02501
116	172	1.06097
116	174	1.01424
116	178	1.06093
117	20	1.02142
117	51	0.98888
117	73	1.05138
117	75	0.990337
117	91	0.995188
117	101	1.16807
117	102	1.04464
117	109	0.969752
117	111	0.969406
117	114	0.97409
117	115	0.975434
117	119	0.945949
117	124	0.960758
117	128	0.969112
117	135	0.950089
117	138	1.01056
117	140	1.02933
117	142	1.02062
117	145	1.00354
117	148	1.03055
117	152	0.996909
117	158	0.999223
117	159	0.968127
117	170	1.00434
117	174	0.982823
117	175	1.01001
117	176	0.985641
117	180	0.981337
118	8	1.07487
118	65	1.01683
118	68	1.01169
118	96	0.981489
118	99	1.0354
118	101	0.97155
118	105	1.09534
118	110	1.02254
118	125	1.06854
118	128	1.07038
118	133	1.06501
118	135	0.967414
118	139	1.02624
118	140	1.06865
118	143	1.05956
118	150	0.886256
118	151	0.898708
118	155	1.05964
118	157	0.935952
118	159	0.969167
118	160	0.890436
118	161	0.893822
118	162	0.941682
118	166	1.04844
118	170	0.871548
118	171	0.95401
118	173	1.05461
118	179	1.07326
119	4	1.00381
119	50	0.848812
119	66	1.15238
119	68	1.16202
119	88	1.23505
119	103	1.02118
119	109	1.06305
119	117	0.945949
119	127	1.06224
119	133	1.05936
119	137	1.05664
119	139	1.14006
119	144	0.971348
119	148	1.03761
119	151	0.958734
119	153	0.937286
119	158	0.96571
119	159	0.934614
119	162	0.951175
119	165	0.956666
119	167	0.956249
119	169	0.948831
119	170	0.970823
119	171	0.942754
119	172	0.925923
119	174	0.94931
119	175	0.9765
119	176	0.952127
119	177	0.959365
119	180	0.947824
120	26	0.998927
120	49	1.00772
120	69	0.979904
120	82	1.07043
120	87	1.03842
120	88	0.940227
120	92	1.04752
120	104	1.08542
120	108	0.932701
120	110	0.977778
120	115	1.02253
120	124	1.00786
120	127	1.05929
120	131	1.07736
120	132	0.991701
120	137	1.06389
120	142	1.06772
120	145	1.05063
120	146	0.942925
120	148	1.07765
120	152	1.04401
120	154	0.946752
120	162	0.98456
120	166	1.03025
120	167	0.932322
120	168	0.93568
120	171	0.996888
120	173	0.943794
120	174	0.933883
120	175	0.897096
120	179	0.928466
121	13	1.07048
121	16	1.13581
121	22	1.13607
121	25	1.01344
121	37	0.974939
121	38	1.09834
121	42	1.01792
121	52	1.03358
121	61	0.872256
121	79	0.97386
121	81	0.988439
121	83	1.03721
121	93	1.00838
121	98	0.982817
121	99	1.01449
121	100	1.00306
121	112	1.04377
121	113	1.04878
121	123	1.03799
121	130	0.974665
121	136	0.964243
121	144	0.963805
121	147	1.02441
121	154	0.969178
121	158	0.943781
121	163	0.999676
121	167	0.954748
121	169	0.967081
121	173	0.966221
121	178	0.844061
121	179	0.950892
122	10	0.950357
122	17	1.02438
122	33	0.907165
122	39	1.09809
122	60	1.04896
122	77	0.917212
122	99	0.991
122	108	1.02793
122	113	0.970474
122	124	1.04001
122	125	0.960668
122	126	0.98192
122	130	0.984531
122	135	0.971684
122	136	1.0112
122	141	0.977227
122	145	0.976491
122	148	0.931392
122	154	0.995589
122	158	1.02082
122	168	1.01163
122	169	1.00394
122	170	1.02593
122	171	0.997863
122	172	0.981031
122	174	1.00442
122	175	1.03161
122	176	1.00724
122	177	1.01447
122	178	1.0957
122	179	1.02956
122	180	1.00293
123	13	1.04024
123	16	1.10557
123	22	1.10583
123	24	1.13313
123	25	0.983199
123	37	0.9447
123	42	0.987681
123	52	1.00334
123	79	0.943621
123	81	0.958199
123	83	1.00697
123	93	0.978139
123	96	1.13128
123	98	0.952578
123	99	0.984251
123	100	0.972825
123	105	0.0352792
123	106	1.04903
123	112	1.12825
123	113	1.01854
123	121	1.03799
123	136	1.04873
123	147	0.99417
123	157	1.08574
123	160	1.04022
123	165	1.05622
123	169	1.05156
123	170	1.02133
123	172	1.08752
123	173	1.0507
123	174	1.04079
123	179	1.03537
124	7	0.988672
124	35	0.882056
124	36	1.01747
124	70	0.882543
124	74	0.943258
124	87	0.972616
124	104	1.01962
124	110	0.911976
124	114	0.955385
124	115	0.95673
124	117	0.960758
124	120	1.00786
124	122	1.04001
124	126	1.07362
124	127	0.993488
124	131	1.01156
124	136	1.05629
124	137	0.998085
124	141	0.956692
124	142	1.00192
124	144	1.05585
124	145	0.984831
124	146	1.0574
124	148	1.01185
124	152	0.978205
124	156	0.99157
124	157	1.0933
124	160	1.04779
124	166	0.964444
124	167	1.04679
124	168	1.05015
124	174	1.04836
124	175	1.01157
124	179	1.04294
125	6	1.03615
125	9	1.03879
125	33	1.05982
125	45	1.01891
125	46	1.01891
125	56	1.00511
125	86	1.01756
125	92	1.08265
125	94	1.00012
125	101	0.930042
125	105	1.05383
125	108	0.967833
125	118	1.06854
125	122	0.960668
125	126	0.994282
125	128	1.02887
125	132	1.02683
125	133	1.0235
125	139	0.984736
125	140	1.02715
125	143	1.01805
125	144	0.976511
125	155	1.01813
125	156	0.91223
125	164	0.942289
125	166	1.00693
125	168	0.970812
125	170	0.949557
125	173	1.0131
125	176	0.985877
125	177	0.976787
125	178	0.856767
125	179	1.03175
125	180	1.01121
126	63	0.927511
126	64	1.09579
126	94	1.04788
126	98	1.0975
126	101	1.18877
126	105	1.05868
126	122	0.98192
126	124	1.07362
126	125	0.994282
126	131	0.988008
126	136	0.970464
126	139	1.06745
126	140	1.05003
126	141	1.01084
126	143	0.993212
126	144	0.985723
126	150	0.988338
126	151	0.973109
126	155	0.975213
126	160	0.963184
126	161	0.96361
126	162	0.965551
126	165	0.971042
126	169	0.963207
126	170	0.985199
126	171	0.95713
126	172	0.940298
126	173	0.970178
126	174	0.963686
126	175	0.990876
126	176	0.966503
126	177	0.97374
126	179	0.988831
126	180	0.9622
127	31	0.963998
127	49	0.993357
127	55	0.951926
127	69	0.965536
127	70	0.933978
127	82	1.05606
127	87	1.02405
127	88	0.925859
127	104	1.07105
127	112	1.05183
127	114	1.00682
127	115	1.00816
127	119	1.06224
127	120	1.05929
127	124	0.993488
127	131	1.06299
127	137	1.04952
127	138	1.04329
127	141	1.00813
127	142	1.05335
127	145	1.03627
127	148	1.06328
127	152	1.02964
127	155	0.958844
127	156	0.907584
127	158	0.95184
127	161	0.967186
127	163	1.00774
127	166	1.01588
127	169	0.97514
127	170	0.944911
127	172	1.0111
127	178	0.85212
127	180	1.00656
128	6	1.03799
128	9	1.04062
128	33	1.06166
128	45	1.02075
128	46	1.02075
128	68	0.972024
128	86	1.0194
128	94	1.00196
128	101	0.93188
128	105	1.05567
128	108	0.963363
128	110	1.09607
128	112	1.05201
128	117	0.969112
128	118	1.07038
128	125	1.02887
128	129	0.945736
128	133	1.02534
128	134	1.00257
128	139	0.986575
128	140	1.02898
128	143	1.01989
128	149	0.912167
128	155	1.01997
128	156	0.907759
128	162	1.01522
128	164	0.937818
128	166	1.00877
128	169	0.975316
128	172	1.01127
128	173	1.01494
128	177	0.972317
128	178	0.852296
128	179	1.03359
129	8	0.966593
129	23	1.02256
129	35	1.09585
129	37	1.1219
129	51	0.965504
129	57	0.963782
129	64	1.05171
129	68	1.04535
129	85	0.960381
129	99	0.980539
129	128	0.945736
129	134	0.985017
129	135	0.966621
129	137	0.939969
129	138	1.00551
129	142	0.930812
129	144	1.02139
129	150	1.02401
129	151	1.00878
129	154	0.990526
129	155	1.01088
129	157	0.997447
129	159	0.98466
129	160	0.998853
129	162	1.00122
129	165	1.00671
129	168	1.00656
129	169	0.998876
129	170	1.02087
129	171	0.9928
129	172	0.975968
129	174	0.999355
129	176	1.00217
129	177	1.00941
129	180	0.997869
130	9	0.937239
130	18	1.08657
130	37	1.15907
130	47	1.01914
130	65	1.09526
130	75	1.00412
130	79	1.1177
130	97	1.0593
130	116	1.0326
130	121	0.974665
130	122	0.984531
130	131	0.981097
130	137	0.977132
130	142	0.967975
130	144	0.988335
130	150	0.990949
130	151	0.97572
130	152	1.08042
130	154	0.957467
130	157	0.964389
130	159	0.951601
130	160	0.965795
130	162	0.968162
130	164	1.00122
130	165	0.973653
130	166	0.987843
130	168	0.973505
130	170	0.98781
130	171	0.959741
130	172	0.94291
130	174	0.966297
130	175	0.993487
130	176	0.969114
130	177	0.976352
130	178	1.05758
130	180	0.964811
131	26	1.00263
131	35	0.951558
131	36	1.08697
131	49	1.01142
131	61	0.878688
131	69	0.983604
131	70	0.952045
131	74	1.01276
131	87	1.04212
131	88	0.943927
131	114	1.02489
131	115	1.02623
131	120	1.07736
131	124	1.01156
131	126	0.988008
131	127	1.06299
131	130	0.981097
131	136	0.970675
131	137	1.06759
131	138	1.06136
131	141	1.02619
131	142	1.07142
131	144	0.970238
131	145	1.05433
131	148	1.08135
131	152	1.04771
131	158	0.950213
131	159	1.0409
131	164	0.936015
131	165	0.978168
131	167	0.96118
131	172	1.00947
131	173	0.972653
131	177	0.970514
131	178	0.850493
131	179	0.957324
132	28	1.07598
132	51	1.04213
132	53	1.04189
132	72	1.08488
132	84	1.06314
132	100	1.20304
132	103	0.981131
132	104	1.10855
132	120	0.991701
132	125	1.02683
132	134	0.945311
132	138	1.08214
132	141	1.04339
132	142	1.00744
132	145	1.04266
132	146	0.976997
132	149	0.986013
132	151	0.969072
132	154	0.950819
132	157	0.957741
132	158	0.976049
132	159	0.944953
132	161	0.959573
132	162	0.961514
132	163	0.946695
132	164	0.99457
132	165	0.967005
132	167	0.966588
132	168	0.966857
132	169	0.95917
132	170	0.981162
132	171	0.953093
132	174	0.959649
132	175	0.986839
132	176	0.962466
132	177	0.969703
132	180	0.958163
133	6	1.03262
133	8	1.02983
133	45	1.01538
133	46	1.01538
133	56	1.00158
133	65	0.971791
133	68	0.966654
133	86	1.01403
133	94	0.996588
133	99	0.990361
133	101	0.926511
133	105	1.0503
133	108	0.960312
133	112	1.04896
133	118	1.06501
133	119	1.05936
133	125	1.0235
133	128	1.02534
133	139	0.981205
133	140	1.02362
133	143	1.01452
133	144	0.96899
133	155	1.0146
133	157	1.00644
133	158	0.948965
133	159	1.03966
133	161	0.96431
133	164	0.934767
133	166	1.0034
133	170	0.942036
133	171	1.0245
133	172	1.00822
133	173	1.00957
133	174	0.961494
133	176	0.978355
133	177	0.969266
133	179	1.02822
134	3	1.02447
