1	30	0.877943
1	74	0.934153
1	151	0.882429
1	155	0.893063
1	159	1.05101
1	169	1.03346
1	170	1.05227
1	172	1.04375
1	174	1.03411
1	175	1.06445
1	177	1.06549
1	180	1.05546
2	35	0.966422
2	104	0.952692
2	121	1.09582
2	123	0.88819
2	147	1.01897
2	149	1.06097
2	151	1.03739
2	152	1.03737
2	164	1.05546
2	165	1.03262
2	173	1.0614
2	178	0.80357
3	93	1.14102
3	144	0.916709
3	158	1.22666
3	161	0.939646
3	164	1.22882
3	168	0.927145
3	170	0.936534
3	171	0.92342
3	174	0.918367
3	175	0.948707
3	177	0.949755
3	180	0.939718
4	61	1.07202
4	71	1.04328
4	78	0.990131
4	86	1.04846
4	106	1.06466
4	108	1.06466
4	157	1.03114
4	166	0.853245
4	173	0.856203
4	174	0.95489
4	176	1.08566
4	180	0.937038
5	16	1.09373
5	27	0.90205
5	43	0.997549
5	55	1.1033
5	61	1.06196
5	71	1.03322
5	102	0.980815
5	143	1.03865
5	146	0.99599
5	176	1.0756
5	178	0.861985
5	179	0.867176
6	20	0.947079
6	48	0.99582
6	66	0.929639
6	91	0.885519
6	97	0.93847
6	106	0.9413
6	108	0.9413
6	115	0.913087
6	152	1.1865
6	157	0.907784
6	159	1.21093
6	179	1.20532
7	113	0.938612
7	133	1.02245
7	134	0.931529
7	136	0.849362
7	148	1.053
7	156	1.0317
7	158	1.04674
7	160	1.05275
7	163	1.0664
7	166	1.05571
7	167	0.880527
7	178	1.07126
8	11	0.852685
8	45	0.979306
8	131	1.18691
8	149	0.940353
8	156	1.22136
8	165	0.912005
8	166	1.1858
8	173	0.940782
8	175	0.94402
8	177	0.945069
8	178	0.950748
8	180	0.935031
9	19	1.06165
9	59	1.06719
9	63	1.07922
9	81	1.01204
9	93	1.07946
9	94	1.05011
9	98	1.05011
9	109	0.915746
9	112	0.938769
9	113	0.887268
9	146	1.00022
9	161	0.864974
10	100	1.23152
10	114	0.923731
10	124	1.18634
10	145	0.921278
10	149	1.17524
10	162	0.928203
10	169	0.92257
10	171	0.92827
10	174	0.923217
10	175	0.953557
10	177	0.954606
10	180	0.944568
11	8	0.852685
11	21	0.92112
11	41	0.895265
11	45	0.980445
11	50	0.966293
11	56	0.973042
11	58	0.933115
11	113	1.24668
11	141	0.926147
11	142	1.1491
11	178	0.951888
11	179	1.20674
12	37	1.05088
12	49	1.01027
12	59	1.08047
12	75	0.944173
12	81	1.02532
12	93	1.09275
12	94	1.0634
12	98	1.0634
12	140	0.880042
12	146	1.01351
12	178	0.890177
12	179	0.895368
13	44	1.30749
13	47	0.846692
13	64	1.30749
13	77	1.31393
13	78	1.22392
13	86	1.28225
13	132	0.640801
13	157	1.26492
13	168	0.672379
13	176	0.541336
13	179	0.60275
14	21	1.02771
14	41	1.00185
14	45	1.08703
14	50	1.07288
14	56	1.07963
14	58	1.0397
14	141	1.03273
14	144	0.93055
14	168	0.94127
14	177	0.86565
14	178	1.05847
14	179	0.87164
15	80	1.0357
15	82	1.00025
15	103	0.97206
15	127	1.0401
15	145	0.996515
15	163	0.890423
15	165	0.96823
15	169	0.997806
15	170	1.01662
15	174	0.998454
15	175	1.02879
15	177	1.02984
15	180	1.0198
16	5	1.09373
16	36	0.918456
16	43	0.997549
16	55	1.1033
16	61	1.06196
16	71	1.03322
16	101	0.94594
16	114	0.871558
16	143	1.03865
16	146	0.99599
16	162	0.876686
16	176	1.0756
17	35	1.11797
17	58	0.877334
17	89	0.9638
17	122	1.01846
17	129	1.02791
17	135	0.984677
17	150	0.956007
17	164	1.02593
17	165	1.00309
17	167	1.01498
17	173	1.03187
17	178	0.955119
17	179	1.02929
18	69	0.998031
18	99	0.935046
18	102	1.06208
18	112	1.03989
18	127	0.878077
18	136	1.0355
18	141	1.00985
18	142	1.01887
18	147	0.983193
18	153	1.00525
18	154	1.004
18	164	1.01968
18	173	1.02563
19	9	1.06165
19	49	0.95644
19	56	0.849728
19	59	1.02664
19	63	1.03868
19	81	0.971494
19	93	1.03892
19	94	1.00957
19	98	1.00957
19	101	0.987036
19	145	1.03492
19	171	1.02661
19	180	0.994342
20	6	0.947079
20	28	0.975639
20	29	1.01597
20	31	1.03011
20	48	1.07577
20	73	1.00467
20	91	0.965472
20	97	1.01842
20	106	1.02125
20	108	1.02125
20	170	0.992261
20	178	0.968434
20	179	0.973624
21	11	0.92112
21	14	1.02771
21	41	0.96256
21	45	1.04774
21	50	1.03359
21	56	1.04034
21	58	1.00041
21	69	0.899138
21	79	1.04735
21	109	1.02208
21	157	1.02711
21	178	1.01918
21	179	0.953655
22	55	0.870607
22	77	1.03742
22	78	0.947411
22	86	1.00574
22	110	1.01848
22	132	1.02464
22	153	1.00884
22	156	0.977504
22	167	1.01232
22	173	1.02921
22	174	1.00211
22	177	1.03349
22	180	1.02346
23	30	1.01045
23	34	1.09795
23	44	1.02202
23	64	1.02202
23	77	1.02845
23	78	0.938438
23	86	0.996772
23	140	0.923797
23	141	1.00446
23	157	0.979447
23	171	1.01053
23	174	0.996123
23	180	0.978271
24	65	0.915231
24	96	1.01365
24	122	0.992017
24	128	0.991605
24	131	1.00639
24	132	1.00601
24	134	1.01278
24	156	0.997512
24	158	1.01255
24	160	1.01856
24	163	1.03221
24	166	1.02152
24	175	0.978564
25	65	1.03039
25	82	0.977601
25	133	0.959405
25	137	0.939846
25	146	1.08294
25	147	0.990221
25	149	1.03222
25	151	1.00865
25	152	1.00863
25	165	1.00388
25	167	1.01576
25	173	1.03265
25	178	0.924378
26	65	1.01667
26	116	0.921177
26	124	0.979203
26	138	1.04683
26	142	1.01218
26	151	0.994931
26	152	0.99491
26	153	0.998563
26	155	1.004
26	164	1.01299
26	166	0.978245
26	173	1.01894
26	175	1.02154
27	5	0.90205
27	147	1.03736
27	164	0.980208
27	168	1.004
27	169	0.994577
27	171	1.00028
27	172	1.00487
27	174	0.995225
27	175	1.02557
27	176	0.97512
27	177	1.02661
27	178	1.03229
27	180	1.01658
28	20	0.975639
28	124	0.959987
28	144	0.995542
28	152	0.984857
28	161	1.01848
28	162	1.00218
28	163	0.973871
28	169	0.996552
28	170	1.01537
28	174	0.997199
28	175	1.02754
28	177	1.02859
28	180	1.01855
29	20	1.01597
29	32	1.00594
29	36	1.06033
29	48	1.06471
29	62	1.02864
29	66	0.998531
29	73	0.993606
29	83	0.970793
29	97	1.00736
29	99	0.936322
29	106	1.01019
29	108	1.01019
29	160	0.909085
30	1	0.877943
30	23	1.01045
30	34	1.09795
30	44	1.02202
30	64	1.02202
30	77	1.02845
30	78	0.938438
30	86	0.996772
30	88	0.995456
30	111	0.986166
30	141	1.00446
30	157	0.979447
30	169	1.04615
31	20	1.03011
31	62	1.04278
31	66	1.01267
31	83	0.98493
31	91	0.968548
31	97	1.0215
31	106	1.02433
31	108	1.02433
31	114	1.03113
31	140	0.952089
31	157	0.990813
31	172	0.959377
31	179	0.967414
32	29	1.00594
32	111	1.03196
32	134	0.970856
32	151	1.07281
32	155	1.08344
32	159	0.985803
32	161	0.990173
32	162	0.97388
32	168	0.977673
32	169	0.968247
32	171	0.973947
32	174	0.968894
32	177	1.00028
32	180	0.990245
33	110	0.966946
33	114	1.11315
33	120	0.990688
33	125	0.964004
33	128	0.959265
33	136	1.00013
33	141	0.987047
33	143	1.10029
33	148	0.986472
33	156	0.965173
33	160	0.986217
33	163	0.999869
33	166	0.989184
33	179	0.992182
34	23	1.09795
34	30	1.09795
34	44	1.10952
34	64	1.10952
34	77	1.11595
34	78	1.02594
34	86	1.08427
34	141	1.09196
34	143	0.873824
34	154	0.863566
34	157	1.06695
34	170	0.841599
34	176	0.761549
34	180	0.86211
35	2	0.966422
35	17	1.11797
35	93	1.0152
35	145	0.965848
35	168	0.976565
35	169	0.967139
35	170	0.985954
35	171	0.972839
35	172	0.97743
35	174	0.967787
35	175	0.998127
35	176	1.09791
35	177	0.999175
35	180	0.989138
36	16	0.918456
36	29	1.06033
36	69	1.05776
36	77	1.00466
36	78	0.914647
36	86	0.97298
36	135	1.15855
36	144	0.967684
36	160	0.987899
36	163	1.00155
36	166	0.990866
36	174	0.969342
36	175	0.999682
36	180	0.990693
37	12	1.05088
37	49	0.932386
37	59	1.00259
37	63	1.01462
37	81	0.94744
37	87	0.930553
37	90	0.999553
37	93	1.01486
37	94	0.985517
37	98	0.985517
37	146	0.935628
37	150	1.04691
37	174	1.10821
37	175	1.04986
38	65	1.02203
38	70	1.05592
38	88	0.99375
38	116	0.996991
38	131	1.04318
38	153	1.06839
38	159	0.979286
38	168	0.971156
38	170	0.980544
38	171	0.96743
38	172	0.972021
38	174	0.962377
38	175	0.992717
38	180	0.983728
39	76	1.15564
39	79	0.964304
39	82	0.945275
39	121	1.03475
39	126	0.9609
39	127	0.993466
39	134	1.09669
39	135	0.953134
39	142	0.993567
39	143	0.977106
39	153	0.979954
39	165	0.97155
39	167	0.983438
39	173	1.00033
40	44	0.992279
40	45	1.01968
40	73	1.08981
40	97	1.08422
40	109	0.965034
40	110	0.96436
40	145	0.963135
40	147	0.949744
40	163	0.997283
40	170	0.983241
40	173	0.992176
40	177	0.996462
40	178	1.00214
40	180	0.986425
41	11	0.895265
41	14	1.00185
41	21	0.96256
41	45	1.02189
41	50	1.00773
41	56	1.01448
41	58	0.974555
41	99	0.960753
41	127	1.00815
41	141	0.967587
41	149	1.02373
41	161	1.09616
41	178	0.993328
41	179	1.07851
42	70	0.959544
42	85	0.990235
42	95	1.09494
42	105	1.00646
42	116	0.986661
42	117	0.997265
42	118	0.993469
42	156	0.953564
42	158	0.968597
42	160	0.974608
42	163	0.98826
42	166	0.977575
42	169	1.12242
42	176	0.996885
43	5	0.997549
43	16	0.997549
43	55	1.00712
43	61	0.965786
43	71	0.937045
43	72	0.951733
43	84	0.891291
43	115	0.93021
43	140	1.1249
43	143	0.942475
43	146	0.899814
43	147	1.14104
43	166	1.09558
43	176	0.979428
43	179	1.14022
44	13	1.30749
44	23	1.02202
44	30	1.02202
44	34	1.10952
44	40	0.992279
44	64	1.03358
44	75	0.923395
44	77	1.04001
44	78	0.950002
44	86	1.00834
44	139	0.787673
44	141	1.01602
44	157	0.99101
44	161	0.892242
44	180	0.913737
45	8	0.979306
45	11	0.980445
45	14	1.08703
45	21	1.04774
45	40	1.01968
45	41	1.02189
45	50	1.09291
45	52	0.836877
45	56	1.09966
45	57	0.906662
45	58	1.05974
45	141	1.05277
45	176	0.840578
45	178	1.07851
45	179	0.901992
46	99	1.07783
46	135	0.924299
46	146	1.2446
46	149	0.971062
46	151	0.947487
46	152	0.947466
46	154	0.949866
46	155	0.956552
46	163	1.06142
46	164	0.965548
46	165	0.942714
46	167	0.954602
46	169	1.12527
46	173	0.971491
46	179	0.968912
47	13	0.846692
47	72	1.18205
47	111	1.21967
47	134	0.942143
47	137	0.960914
47	147	1.24642
47	159	0.957089
47	161	0.96146
47	169	0.939533
47	171	0.945234
47	172	0.949824
47	174	0.940181
47	175	0.970521
47	177	0.971569
47	180	0.961532
48	6	0.99582
48	20	1.07577
48	29	1.06471
48	53	0.867112
48	66	1.05833
48	73	1.05341
48	83	1.03059
48	91	1.01421
48	92	0.90485
48	97	1.06716
48	106	1.06999
48	108	1.06999
48	163	0.913736
48	176	0.882126
48	177	0.937549
49	12	1.01027
49	19	0.95644
49	37	0.932386
49	59	0.961976
49	63	0.974009
49	70	1.09971
49	79	0.99903
49	81	0.906825
49	93	0.97425
49	94	0.944903
49	98	0.944903
49	127	1.06014
49	134	1.16337
49	143	1.18136
49	146	0.895013
50	11	0.966293
50	14	1.07288
50	21	1.03359
50	41	1.00773
50	45	1.09291
50	56	1.08551
50	58	1.04558
50	79	1.09253
50	115	0.956915
50	123	0.925521
50	140	0.830765
50	141	1.03862
50	143	0.896953
50	165	0.894095
50	178	1.06436
51	102	0.930778
51	125	1.03165
51	131	1.04169
51	132	1.04131
51	146	0.970513
51	148	1.05412
51	156	1.03282
51	157	0.89059
51	158	1.04785
51	160	1.05386
51	161	0.834791
51	163	1.06751
51	166	1.05683
51	168	0.886768
51	178	1.07237
52	45	0.836877
52	110	0.968442
52	129	0.912404
52	145	1.03717
52	160	0.895916
52	162	1.04409
52	164	0.880219
52	168	1.04788
52	169	1.03846
52	171	1.04416
52	172	1.04875
52	174	1.0391
52	175	1.06944
52	177	1.07049
52	180	1.06046
53	48	0.867112
53	74	0.991879
53	114	1.03524
53	141	0.862847
53	148	0.86214
53	150	1.04475
53	152	0.906415
53	161	1.056
53	162	1.03971
53	170	1.05289
53	171	1.03978
53	172	1.04437
53	175	1.06507
53	177	1.06611
53	180	1.05608
54	67	0.952856
54	100	1.02088
54	107	0.898017
54	125	1.03148
54	139	0.823372
54	148	1.05395
54	156	1.03265
54	158	1.04769
54	160	1.0537
54	163	1.06735
54	166	1.05666
54	170	0.928925
54	175	0.908939
54	176	1.07597
54	179	1.05966
55	5	1.1033
55	16	1.1033
55	22	0.870607
55	43	1.00712
55	61	1.07153
55	71	1.04279
55	84	0.997039
55	115	1.03596
55	143	1.04822
55	146	1.00556
55	159	0.891293
55	165	0.933685
55	176	1.08518
55	179	0.885681
55	180	0.924829
56	11	0.973042
56	14	1.07963
56	19	0.849728
56	21	1.04034
56	41	1.01448
56	45	1.09966
56	50	1.08551
56	58	1.05233
56	99	1.03853
56	141	1.04537
56	154	0.936797
56	166	0.851548
56	171	0.967605
56	178	1.07111
56	179	0.896193
57	45	0.906662
57	94	1.01405
57	105	1.04077
57	119	0.92082
57	138	0.89773
57	150	1.01266
57	159	1.01955
57	165	1.05433
57	168	1.01142
57	169	1.00199
57	171	1.00769
57	172	1.01228
57	174	1.00264
57	175	1.03298
57	177	1.03403
57	180	1.02399
58	11	0.933115
58	14	1.0397
58	17	0.877334
58	21	1.00041
58	41	0.974555
58	45	1.05974
58	50	1.04558
58	56	1.05233
58	79	1.05935
58	80	1.03416
58	99	0.998603
58	141	1.00544
58	162	0.98753
58	168	0.988313
58	178	1.03118
58	179	0.918683
59	9	1.06719
59	12	1.08047
59	19	1.02664
59	37	1.00259
59	49	0.961976
59	63	1.04421
59	81	0.97703
59	93	1.04445
59	94	1.01511
59	98	1.01511
59	146	0.965218
59	151	0.969093
59	169	0.988221
59	172	0.946134
59	178	0.948981
59	179	0.954171
60	82	1.08871
60	130	0.788139
60	133	0.800389
60	135	1.09657
60	147	1.10133
60	149	1.14333
60	151	1.11976
60	152	1.11973
60	154	1.12213
60	157	0.844005
60	164	1.13782
60	167	1.12687
60	171	0.841965
60	173	1.14376
60	175	0.769204
60	178	0.765363
61	4	1.07202
61	5	1.06196
61	16	1.06196
61	43	0.965786
61	55	1.07153
61	71	1.00146
61	84	0.955704
61	115	0.994623
61	143	1.00689
61	146	0.964227
61	163	0.940567
61	166	0.925725
61	169	1.00442
61	176	1.04384
61	177	0.96438
61	179	0.970371
62	29	1.02864
62	31	1.04278
62	66	1.02226
62	73	1.01733
62	83	0.994521
62	91	0.978139
62	97	1.03109
62	105	0.897735
62	106	1.03392
62	108	1.03392
62	112	1.017
62	157	1.0004
62	161	0.997306
62	167	0.961516
62	172	0.971616
62	179	0.979654
63	9	1.07922
63	19	1.03868
63	37	1.01462
63	49	0.974009
63	59	1.04421
63	70	0.931185
63	81	0.989063
63	87	0.972177
63	93	1.05649
63	94	1.02714
63	98	1.02714
63	145	1.0417
63	146	0.977251
63	167	0.943837
63	173	0.920287
63	179	0.961974
64	13	1.30749
64	23	1.02202
64	30	1.02202
64	34	1.10952
64	44	1.03358
64	77	1.04001
64	78	0.950002
64	86	1.00834
64	101	0.977591
64	125	0.885654
64	135	0.885762
64	141	1.01602
64	145	0.91922
64	157	0.99101
64	178	0.8343
65	24	0.915231
65	25	1.03039
65	26	1.01667
65	38	1.02203
65	79	0.837453
65	112	1.02843
65	138	1.05564
65	147	0.985319
65	152	1.00373
65	153	1.00738
65	162	1.00582
65	164	1.02181
65	165	0.998974
65	167	1.01086
65	173	1.02775
65	176	1.04148
66	6	0.929639
66	29	0.998531
66	31	1.01267
66	48	1.05833
66	62	1.02226
66	73	0.987226
66	83	0.964413
66	84	1.16304
66	91	0.948031
66	94	1.03216
66	97	1.00098
66	106	1.00381
66	108	1.00381
66	127	0.954074
66	139	0.937519
66	157	0.970296
66	179	1.02444
67	54	0.952856
67	113	0.983744
67	141	0.981843
67	150	0.989763
67	151	1.05915
67	154	1.08483
67	162	0.984729
67	163	1.01442
67	168	0.988522
67	169	0.979096
67	170	0.99791
67	171	0.984796
67	172	0.989387
67	174	0.979743
67	175	1.01008
67	177	1.01113
67	180	1.00109
68	111	0.979235
68	114	1.04817
68	135	0.961474
68	136	1.01854
68	147	0.966235
68	153	0.988294
68	154	0.987041
68	155	0.993727
68	159	0.990059
68	164	1.00272
68	165	0.979889
68	167	0.991777
68	168	1.05408
68	173	1.00867
68	174	1.04145
68	176	1.0224
68	177	0.978457
69	18	0.998031
69	21	0.899138
69	36	1.05776
69	83	1.0402
69	129	0.998463
69	135	0.955233
69	136	1.0123
69	138	1.03032
69	144	1.00605
69	146	1.10052
69	147	0.959993
69	149	1.002
69	151	0.978421
69	154	0.9808
69	164	0.996482
69	167	0.985536
69	173	1.00243
70	38	1.05592
70	42	0.959544
70	49	1.09971
70	63	0.931185
70	100	0.965051
70	119	1.0169
70	125	0.975652
70	131	0.985698
70	148	0.998121
70	156	0.976821
70	158	0.991854
70	160	0.997865
70	163	1.01152
70	166	1.00083
70	170	0.989507
70	174	1.02787
70	176	1.02014
71	4	1.04328
71	5	1.03322
71	16	1.03322
71	43	0.937045
71	55	1.04279
71	61	1.00146
71	72	0.987405
71	84	0.926963
71	105	0.969661
71	115	0.965882
71	139	0.964663
71	143	0.978147
71	146	0.935486
71	157	1.12503
71	158	0.9931
71	159	1.05719
71	176	1.0151
72	43	0.951733
72	47	1.18205
72	71	0.987405
72	106	0.926863
72	123	1.01754
72	133	0.977211
72	146	0.950174
72	151	0.992052
72	156	0.986468
72	158	1.0015
72	163	1.02116
72	165	0.987279
72	167	0.999167
72	168	1.00774
72	169	0.972159
72	173	1.01606
72	176	1.02979
73	20	1.00467
73	29	0.993606
73	40	1.08981
73	48	1.05341
73	62	1.01733
73	66	0.987226
73	83	0.959488
73	91	0.943106
73	97	0.996057
73	104	1.11605
73	106	0.998887
73	108	0.998887
73	112	0.981969
73	117	0.893361
73	123	1.05155
73	140	0.95679
73	157	0.965371
74	1	0.934153
74	53	0.991879
74	107	1.05603
74	129	0.992824
74	136	1.00666
74	138	1.02468
74	149	0.996357
74	153	0.976414
74	154	0.975161
74	155	0.981847
74	164	0.990843
74	165	0.968009
74	167	0.979897
74	173	0.996787
74	176	1.01052
74	177	1.06232
74	178	1.06312
75	12	0.944173
75	44	0.923395
75	80	1.16594
75	98	1.06984
75	116	1.01045
75	145	0.973893
75	161	0.997111
75	162	0.980818
75	164	0.99414
75	168	0.98461
75	171	0.980885
75	172	0.985476
75	174	0.975832
75	175	1.00617
75	177	1.00722
75	179	1.00035
75	180	0.997183
76	39	1.15564
76	105	0.991717
76	113	0.957584
76	117	1.01472
76	137	0.974317
76	151	1.1084
76	157	0.939897
76	162	0.958569
76	163	1.06367
76	168	0.962362
76	170	0.971751
76	171	0.958637
76	172	0.963227
76	173	1.05179
76	175	0.983924
76	177	0.984972
76	179	0.978106
76	180	0.974935
77	13	1.31393
77	22	1.03742
77	23	1.02845
77	30	1.02845
77	34	1.11595
77	36	1.00466
77	44	1.04001
77	64	1.04001
77	78	0.956437
77	86	1.01477
77	101	1.0087
77	140	0.855273
77	141	1.02246
77	157	0.997445
77	159	0.876211
77	162	0.939445
77	178	0.865408
77	179	0.870599
78	4	0.990131
78	13	1.22392
78	22	0.947411
78	23	0.938438
78	30	0.938438
78	34	1.02594
78	36	0.914647
78	44	0.950002
78	64	0.950002
78	77	0.956437
78	86	0.924758
78	99	1.04035
78	101	1.19184
78	107	1.04147
78	141	0.932448
78	157	0.907433
78	169	1.08779
78	179	1.05374
79	21	1.04735
79	39	0.964304
79	49	0.99903
79	50	1.09253
79	58	1.05935
79	65	0.837453
79	81	1.01408
79	94	1.05216
79	98	1.05216
79	150	1.05107
79	152	0.883319
79	154	0.942739
79	156	0.893055
79	163	0.872333
79	172	1.0507
79	174	1.04105
79	178	1.07812
79	180	1.0624
80	15	1.0357
80	58	1.03416
80	75	1.16594
80	82	0.929079
80	109	0.95699
80	111	0.954701
80	117	1.03838
80	126	0.944705
80	136	0.994007
80	137	1.12741
80	138	1.01202
80	142	0.977371
80	149	0.983702
80	154	0.962506
80	164	0.978188
80	165	0.955354
80	167	0.967242
80	173	0.984131
81	9	1.01204
81	12	1.02532
81	19	0.971494
81	37	0.94744
81	49	0.906825
81	59	0.97703
81	63	0.989063
81	79	1.01408
81	93	0.989304
81	94	0.959957
81	98	0.959957
81	101	0.937421
81	146	0.910067
81	160	1.0332
81	162	1.14267
81	168	1.14346
81	176	1.01241
81	179	1.07383
82	15	1.00025
82	25	0.977601
82	39	0.945275
82	60	1.08871
82	80	0.929079
82	92	1.043
82	122	0.961553
82	144	1.1406
82	152	0.950942
82	153	0.954594
82	154	0.953341
82	155	0.960027
82	164	0.969024
82	165	0.94619
82	168	1.15132
82	172	1.07365
82	173	0.974967
82	176	0.988699
83	29	0.970793
83	31	0.98493
83	48	1.03059
83	62	0.994521
83	66	0.964413
83	69	1.0402
83	73	0.959488
83	91	0.920294
83	97	0.973244
83	106	0.976074
83	108	0.976074
83	112	0.959156
83	115	0.947861
83	140	1.07939
83	149	1.03993
83	157	0.942559
83	174	1.15171
83	179	1.09471
84	43	0.891291
84	55	0.997039
84	61	0.955704
84	66	1.16304
84	71	0.926963
84	152	1.12145
84	160	0.947069
84	162	0.933498
84	163	0.960722
84	165	1.18827
84	166	0.950036
84	167	1.12213
84	170	0.946679
84	173	1.09858
84	175	0.958852
84	176	0.969346
84	177	0.959901
84	179	0.953035
84	180	0.949864
85	42	0.990235
85	98	0.936516
85	100	0.995743
85	110	1.00929
85	118	1.04742
85	133	0.998256
85	137	0.927423
85	148	1.02881
85	156	1.00751
85	158	1.02255
85	160	1.02856
85	162	0.985992
85	163	1.04221
85	166	1.03152
85	171	0.988557
85	175	0.915797
85	176	1.05083
85	178	1.04707
85	180	0.956294
86	4	1.04846
86	13	1.28225
86	22	1.00574
86	23	0.996772
86	30	0.996772
86	34	1.08427
86	36	0.97298
86	44	1.00834
86	64	1.00834
86	77	1.01477
86	78	0.924758
86	87	1.07505
86	101	1.04611
86	141	0.990781
86	149	0.853227
86	157	0.965767
86	170	0.926645
86	177	0.902018
86	178	0.902818
87	37	0.930553
87	63	0.972177
87	86	1.07505
87	93	0.972417
87	94	0.94307
87	96	0.945615
87	98	0.94307
87	116	1.06699
87	150	1.1644
87	151	0.935059
87	155	0.944123
87	157	1.24216
87	158	0.944507
87	160	0.950518
87	163	0.96417
87	166	0.953485
87	167	0.942174
87	172	1.16067
87	173	0.959063
88	30	0.995456
88	38	0.99375
88	107	1.01953
88	116	1.0418
88	119	0.89951
88	129	0.960879
88	134	1.00915
88	135	1.03129
88	138	0.87642
88	139	1.05043
88	161	1.02847
88	168	1.01597
88	171	1.01224
88	172	1.01683
88	174	1.00719
88	175	1.03753
88	176	0.923606
88	177	1.03858
88	180	1.02854
89	17	0.9638
89	122	0.948535
89	136	0.971825
89	137	1.15295
89	138	0.989842
89	147	0.919517
89	149	0.96152
89	151	0.937945
89	152	0.937924
89	153	0.941577
89	154	0.940324
89	155	0.94701
89	160	1.10205
89	165	0.933172
89	167	0.94506
89	172	1.13464
89	173	0.961949
89	177	1.13669
89	180	1.18183
90	37	0.999553
90	96	1.01715
90	117	1.04471
90	120	1.02652
90	127	0.879643
90	128	0.9951
90	132	1.0095
90	142	0.89237
90	144	1.00891
90	148	1.02231
90	156	1.00101
90	158	1.01604
90	160	1.02205
90	163	1.0357
90	166	1.02502
90	169	0.984055
90	176	1.04433
90	177	0.944014
90	178	1.04056
91	6	0.885519
91	20	0.965472
91	31	0.968548
91	48	1.01421
91	62	0.978139
91	66	0.948031
91	73	0.943106
91	83	0.920294
91	97	0.956863
91	106	0.959693
91	108	0.959693
91	112	0.942774
91	115	0.93148
91	144	1.15794
91	146	1.2524
91	157	0.926177
91	167	1.08089
91	170	1.11767
91	179	1.09903
92	48	0.90485
92	82	1.043
92	131	0.919439
92	133	0.992807
92	150	1.01825
92	159	1.02513
92	162	1.01321
92	163	0.933167
92	168	1.017
92	169	1.00758
92	170	1.02639
92	171	1.01328
92	172	1.01787
92	174	1.00823
92	175	1.03857
92	176	0.901557
92	177	1.03961
92	178	1.04529
92	180	1.02958
93	3	1.14102
93	9	1.07946
93	12	1.09275
93	19	1.03892
93	35	1.0152
93	37	1.01486
93	49	0.97425
93	59	1.04445
93	63	1.05649
93	81	0.989304
93	87	0.972417
93	94	1.02738
93	98	1.02738
93	101	1.00485
93	146	0.977492
93	147	0.858357
93	165	0.905539
93	171	0.928947
93	178	0.852345
94	9	1.05011
94	12	1.0634
94	19	1.00957
94	37	0.985517
94	49	0.944903
94	57	1.01405
94	59	1.01511
94	63	1.02714
94	66	1.03216
94	79	1.05216
94	81	0.959957
94	87	0.94307
94	93	1.02738
94	98	0.998034
94	101	0.975499
94	136	0.960079
94	146	0.948145
94	148	0.946288
94	163	0.979578
94	174	1.06638
95	42	1.09494
95	103	0.960211
95	113	0.990605
95	128	1.01867
95	137	1.00734
95	145	0.984666
95	148	0.94513
95	149	0.953442
95	152	0.989406
95	159	1.00351
95	161	1.00788
95	162	0.99159
95	167	0.990086
95	170	1.00477
95	172	0.996248
95	174	0.986605
95	175	1.01694
95	177	1.01799
95	178	1.02367
95	180	1.00796
96	24	1.01365
96	87	0.945615
96	90	1.01715
96	100	0.975212
96	103	1.10697
96	105	0.909364
96	110	0.988756
96	131	0.995859
96	132	0.995478
96	148	1.00828
96	156	0.986982
96	158	1.00202
96	160	1.00803
96	161	1.00894
96	162	1.06013
96	163	1.02168
96	164	0.934957
96	166	1.01099
96	175	0.989933
96	176	1.0303
97	6	0.93847
97	20	1.01842
97	29	1.00736
97	31	1.0215
97	40	1.08422
97	48	1.06716
97	62	1.03109
97	66	1.00098
97	73	0.996057
97	83	0.973244
97	91	0.956863
97	106	1.01264
97	108	1.01264
97	115	0.984431
97	140	0.951202
97	144	1.02544
97	157	0.979128
97	174	1.02353
97	178	0.961337
97	179	0.966528
98	9	1.05011
98	12	1.0634
98	19	1.00957
98	37	0.985517
98	49	0.944903
98	59	1.01511
98	63	1.02714
98	75	1.06984
98	79	1.05216
98	81	0.959957
98	85	0.936516
98	87	0.94307
98	93	1.02738
98	94	0.998034
98	101	0.975499
98	130	1.03862
98	136	0.971727
98	142	0.963395
98	146	0.948145
98	175	1.01968
99	18	0.935046
99	29	0.936322
99	41	0.960753
99	46	1.07783
99	56	1.03853
99	58	0.998603
99	78	1.04035
99	120	1.00334
99	124	0.985911
99	131	0.986698
99	135	1.03454
99	148	0.99912
99	153	0.969951
99	166	1.00183
99	170	0.998475
99	171	0.985361
99	175	1.01065
99	177	1.0117
99	178	1.01738
99	180	1.00166
100	10	1.23152
100	54	1.02088
100	70	0.965051
100	85	0.995743
100	96	0.975212
100	103	1.11884
100	116	0.90144
100	124	0.967162
100	128	0.953164
100	132	0.967567
100	148	0.980371
100	156	0.959072
100	158	0.974105
100	159	1.00876
100	160	0.980115
100	163	0.993768
100	165	1.05116
100	166	0.983082
100	177	0.997163
100	178	0.998626
100	179	0.98608
101	16	0.94594
101	19	0.987036
101	64	0.977591
101	77	1.0087
101	78	1.19184
101	81	0.937421
101	86	1.04611
101	93	1.00485
101	94	0.975499
101	98	0.975499
101	106	1.12852
101	135	0.944298
101	138	1.01938
101	164	0.985548
101	167	0.974602
101	169	0.963742
101	173	0.991491
101	174	0.964389
101	175	0.994729
101	177	0.995778
101	180	0.98574
102	5	0.980815
102	18	1.06208
102	51	0.930778
102	128	1.12574
102	134	0.969546
102	139	1.01083
102	141	1.05291
102	143	0.971466
102	145	0.965646
102	150	0.977605
102	155	1.14086
102	162	0.97257
102	168	0.976363
102	169	0.966937
102	170	0.985752
102	171	0.972638
102	172	0.977228
102	174	0.967585
102	175	0.997925
102	177	0.998973
102	180	0.988936
103	15	0.97206
103	95	0.960211
103	96	1.10697
103	100	1.11884
103	134	0.951383
103	144	0.947764
103	148	1.05425
103	150	0.959441
103	153	1.09903
103	154	1.15795
103	159	0.96633
103	168	0.9582
103	169	0.948774
103	170	0.967589
103	171	0.954474
103	172	0.959065
103	174	0.949422
103	175	0.979762
103	176	1.05593
103	177	0.98081
103	179	0.973944
103	180	0.970773
104	2	0.952692
104	73	1.11605
104	109	1.21402
104	113	0.952068
104	114	0.948581
104	121	1.00799
104	127	0.989717
104	130	0.972469
104	133	1.17543
104	150	0.958087
104	161	0.969346
104	162	0.953053
104	167	1.12745
104	168	0.956846
104	169	0.94742
104	170	0.966234
104	171	0.95312
104	172	0.957711
104	174	0.948067
104	175	0.978407
104	177	0.979456
104	180	0.969418
105	42	1.00646
105	57	1.04077
105	62	0.897735
105	71	0.969661
105	76	0.991717
105	96	0.909364
105	109	0.988166
105	130	1.03835
105	139	1.05719
105	144	1.01229
105	150	1.02397
105	155	0.945297
105	161	1.03523
105	162	1.01893
105	169	1.0133
105	170	1.03212
105	171	1.019
105	172	1.02359
105	173	0.878054
105	174	1.01395
105	175	1.04429
105	180	1.0353
106	4	1.06466
106	6	0.9413
106	20	1.02125
106	29	1.01019
106	31	1.02433
106	48	1.06999
106	62	1.03392
106	66	1.00381
106	72	0.926863
106	73	0.998887
106	83	0.976074
106	91	0.959693
106	97	1.01264
106	101	1.12852
106	108	1.01547
106	112	0.998555
106	115	0.987261
106	140	0.975088
106	157	0.981958
106	158	0.931935
106	160	0.949786
106	170	1.00905
106	177	0.984424
107	54	0.898017
107	74	1.05603
107	78	1.04147
107	88	1.01953
107	127	1.02981
107	136	0.940085
107	137	1.00889
107	139	1.03141
107	144	0.986501
107	147	0.990209
107	150	0.998179
107	158	0.930909
107	159	1.00507
107	161	1.00944
107	165	1.03739
107	168	0.996937
107	169	0.987511
107	171	0.993212
107	172	0.997802
107	174	0.988159
107	175	1.0185
107	177	1.01955
107	180	1.00951
108	4	1.06466
108	6	0.9413
108	20	1.02125
108	29	1.01019
108	31	1.02433
108	48	1.06999
108	62	1.03392
108	66	1.00381
108	73	0.998887
108	83	0.976074
108	91	0.959693
108	97	1.01264
108	106	1.01547
108	111	0.960065
108	112	0.998555
108	115	0.98726
108	140	0.97067
108	157	0.981958
108	171	1.05741
108	175	0.984646
108	176	0.924582
108	179	0.985995
108	180	1.02514
109	9	0.915746
109	21	1.02208
109	40	0.965034
109	80	0.95699
109	104	1.21402
109	105	0.988166
109	120	1.0174
109	122	0.989463
109	135	0.955684
109	136	1.01275
109	138	1.03077
109	139	0.983168
109	142	0.996117
109	149	1.00245
109	152	0.978852
109	153	0.982505
109	154	0.981251
109	155	0.987938
109	164	0.996934
109	165	0.9741
109	167	0.985988
109	172	1.06205
109	173	1.00288
109	179	1.0003
110	22	1.01848
110	33	0.966946
110	40	0.96436
110	52	0.968442
110	85	1.00929
110	96	0.988756
110	117	1.01632
110	120	0.99813
110	124	0.980705
110	128	0.966707
110	131	0.981491
110	133	0.963358
110	148	0.993914
110	156	0.972615
110	158	0.987648
110	160	0.993659
110	163	1.00731
110	164	0.977231
110	166	0.996626
110	169	1.06761
110	170	1.05219
110	174	1.09056
110	175	1.03221
110	178	1.01217
111	30	0.986166
111	32	1.03196
111	47	1.21967
111	68	0.979235
111	80	0.954701
111	108	0.960065
111	125	1.02189
111	129	0.996626
111	136	1.01046
111	138	1.02848
111	140	1.00648
111	142	0.993828
111	147	0.958156
111	149	1.00016
111	151	0.976584
111	152	0.976563
111	154	0.978962
111	155	0.985649
111	165	0.971811
111	167	0.983699
111	172	0.967692
111	173	1.00059
111	179	0.998008
111	180	1.01488
112	9	0.938769
112	18	1.03989
112	62	1.017
112	65	1.02843
112	73	0.981969
112	83	0.959156
112	91	0.942774
112	106	0.998555
112	108	0.998555
112	124	0.984329
112	125	0.97507
112	128	0.970332
112	138	0.984508
112	141	1.03072
112	147	1.09393
112	161	1
112	163	1.01094
112	166	1.00025
112	167	1.07497
112	171	0.983779
112	172	0.98837
112	174	0.978726
112	177	1.01011
112	180	1.00008
113	7	0.938612
113	9	0.887268
113	11	1.24668
113	67	0.983744
113	76	0.957584
113	95	0.990605
113	104	0.952068
113	122	1.05371
113	123	0.984134
113	139	1.02306
113	145	0.977877
113	150	0.989836
113	155	1.06716
113	159	0.996724
113	160	1.00098
113	162	0.984801
113	168	0.988594
113	169	0.979168
113	172	0.989459
113	173	0.999919
113	174	0.979816
113	175	1.01016
113	177	1.0112
113	180	1.00117
114	10	0.923731
114	16	0.871558
114	31	1.03113
114	33	1.11315
114	53	1.03524
114	68	1.04817
114	104	0.948581
114	123	0.980647
114	126	1.1036
114	137	0.997062
114	148	1.00229
114	150	0.986349
114	161	0.997607
114	168	0.985107
114	169	0.975681
114	171	0.981382
114	172	0.985972
114	173	1.02369
114	174	0.976329
114	175	1.00667
114	177	1.00772
114	178	1.0134
114	179	1.00085
114	180	0.99768
115	6	0.913087
115	43	0.93021
115	50	0.956915
115	55	1.03596
115	61	0.994623
115	71	0.965882
115	83	0.947861
115	91	0.93148
115	97	0.984431
115	106	0.987261
115	108	0.98726
115	118	1.03497
115	130	1.13007
115	139	1.02557
115	146	0.928651
115	152	0.970508
115	153	0.974161
115	155	0.979594
115	164	0.98859
115	167	0.977644
115	172	1.10445
115	173	0.994533
115	176	1.00827
115	177	1.10649
115	180	1.15163
116	26	0.921177
116	38	0.996991
116	42	0.986661
116	75	1.01045
116	87	1.06699
116	88	1.0418
116	100	0.90144
116	122	0.91205
116	125	0.94611
116	127	1.05208
116	137	1.03116
116	139	1.05368
116	150	1.02045
116	151	0.914868
116	159	1.02734
116	161	1.03171
116	164	0.843621
116	168	1.01921
116	170	1.0286
116	172	1.02007
116	174	1.01043
116	177	1.04182
116	178	1.0475
116	179	1.03495
116	180	1.03178
117	42	0.997265
117	73	0.893361
117	76	1.01472
117	80	1.03838
117	90	1.04471
117	110	1.01632
117	118	1.05445
117	119	1.05462
117	124	1.02263
117	125	1.01337
117	130	0.940491
117	131	1.02342
117	132	1.02304
117	133	1.00529
117	142	0.86527
117	148	1.03584
117	156	1.01454
117	158	1.02958
117	160	1.03559
117	163	1.04924
117	166	1.03855
117	172	0.914867
117	175	0.921555
117	177	0.916914
117	179	1.04155
118	42	0.993469
118	85	1.04742
118	115	1.03497
118	117	1.05445
118	119	1.05083
118	120	1.03626
118	128	1.00484
118	130	0.941728
118	131	1.01962
118	132	1.01924
118	133	1.00149
118	144	0.983052
118	148	1.03205
118	149	0.869361
118	155	0.949698
118	156	1.01075
118	158	1.02578
118	160	1.03179
118	163	1.04544
118	166	1.03476
118	173	0.882455
118	175	0.922793
118	176	1.05407
118	177	0.918152
118	179	1.03776
119	57	0.92082
119	70	1.0169
119	88	0.89951
119	117	1.05462
119	118	1.05083
119	120	1.03644
119	124	1.01901
119	125	1.00975
119	127	0.845789
119	128	1.00502
119	130	0.933736
119	132	1.01942
119	133	1.00167
119	143	0.967012
119	146	1.06952
119	148	1.03222
119	156	1.01092
119	158	1.02596
119	159	0.921762
119	160	1.03197
119	163	1.04562
119	166	1.03493
119	176	1.05424
119	178	1.05048
119	180	0.955298
120	33	0.990688
120	90	1.02652
120	99	1.00334
120	109	1.0174
120	110	0.99813
120	118	1.03626
120	119	1.03644
120	123	1.0284
120	124	1.00445
120	125	0.995187
120	128	0.990449
120	131	1.00523
120	133	0.987099
120	143	0.999833
120	148	1.01766
120	150	0.944668
120	156	0.996356
120	158	1.01139
120	160	1.0174
120	166	1.02037
120	169	0.983021
120	173	0.907284
120	176	1.03968
120	177	0.942981
120	179	1.02337
120	180	0.988119
121	2	1.09582
121	39	1.03475
121	104	1.00799
121	126	1.02501
121	129	1.06048
121	135	1.01725
121	137	0.874334
121	142	1.05768
121	144	0.922967
121	147	1.02201
121	149	1.06401
121	150	0.859755
121	152	1.04042
121	153	1.04407
121	154	1.04282
121	155	1.0495
121	163	0.834254
121	164	1.0585
121	165	1.03566
121	167	1.04755
121	168	0.933687
121	173	1.06444
121	174	0.921057
121	176	1.07817
121	178	0.858867
121	179	1.06186
121	180	0.903205
122	17	1.01846
122	24	0.992017
122	82	0.961553
122	89	0.948535
122	109	0.989463
122	113	1.05371
122	116	0.91205
122	126	0.977178
122	128	1.02421
122	132	1.05181
122	135	0.969412
122	138	1.0445
122	142	1.00984
122	147	0.974173
122	151	0.992601
122	152	0.992579
122	153	0.996232
122	154	0.994979
122	155	1.00167
122	164	1.01066
122	165	0.987827
122	167	0.999716
122	173	1.0166
122	177	1.00777
122	178	1.00857
122	179	1.01402
122	180	1.05291
123	2	0.88819
123	50	0.925521
123	72	1.01754
123	73	1.05155
123	113	0.984134
123	114	0.980647
123	120	1.0284
123	126	1.11931
123	127	1.02178
123	130	1.00454
123	139	1.02338
123	142	1.02345
123	144	0.978476
123	145	0.978195
123	159	0.997042
123	161	1.00141
123	162	0.985119
123	168	0.988912
123	169	0.979486
123	170	0.998301
123	171	0.985187
123	172	0.989777
123	173	1.0394
123	174	0.980134
123	175	1.01047
123	177	1.01152
123	180	1.00148
124	10	1.18634
124	26	0.979203
124	28	0.959987
124	99	0.985911
124	100	0.967162
124	110	0.980705
124	112	0.984329
124	117	1.02263
124	119	1.01901
124	120	1.00445
124	128	0.973024
124	131	0.987808
124	132	0.987428
124	133	0.969675
124	148	1.00023
124	156	0.978932
124	158	0.993965
124	160	0.999975
124	161	0.975625
124	162	1.02682
124	163	1.01363
124	166	1.00294
124	169	0.992023
124	170	0.976609
124	174	1.01497
124	176	1.02225
124	179	1.00594
125	33	0.964004
125	51	1.03165
125	54	1.03148
125	64	0.885654
125	70	0.975652
125	111	1.02189
125	112	0.97507
125	116	0.94611
125	117	1.01337
125	119	1.00975
125	120	0.995187
125	128	0.963765
125	129	1.02368
125	131	0.978549
125	132	0.978168
125	139	0.960907
125	144	1.10673
125	148	0.990972
125	150	1.04352
125	158	0.984706
125	160	0.990716
125	163	1.00437
125	166	0.993683
125	171	1.11923
125	176	1.01299
125	178	1.00923
125	179	0.996681
126	39	0.9609
126	80	0.944705
126	114	1.1036
126	121	1.02501
126	122	0.977178
126	123	1.11931
126	136	1.00047
126	138	1.01849
126	139	0.952967
126	142	0.983832
126	147	0.948161
126	149	0.990163
126	151	0.966588
126	152	0.966567
126	153	0.97022
126	154	0.968967
126	155	0.975653
126	164	0.984649
126	165	0.961815
126	167	0.973703
126	169	1.07393
126	170	1.05852
126	172	1.03185
126	173	0.990592
126	175	1.03853
126	176	1.00432
126	178	1.03469
126	179	0.988013
127	15	1.0401
127	18	0.878077
127	39	0.993466
127	41	1.00815
127	49	1.06014
127	66	0.954074
127	90	0.879643
127	104	0.989717
127	107	1.02981
127	116	1.05208
127	119	0.845789
127	123	1.02178
127	129	0.907157
127	130	1.04187
127	144	1.01581
127	159	1.03437
127	161	1.03874
127	162	1.02245
127	168	1.02624
127	169	1.01682
127	170	1.03563
127	172	1.02711
127	174	1.01746
127	175	1.0478
127	176	0.869885
127	177	1.04885
127	178	1.05453
127	180	1.03882
128	24	0.991605
128	33	0.959265
128	90	0.9951
128	95	1.01867
128	100	0.953164
128	102	1.12574
128	110	0.966707
128	112	0.970332
128	118	1.00484
128	119	1.00502
128	120	0.990449
128	122	1.02421
128	124	0.973024
128	125	0.963765
128	132	0.97343
128	133	0.955677
128	148	0.986233
128	150	1.0078
128	154	1.05271
128	156	0.964934
128	157	1.08556
128	158	0.979967
128	160	0.985978
128	163	0.99963
128	166	0.988945
128	168	1.08173
128	175	1.01076
128	179	0.991943
129	17	1.02791
129	52	0.912404
129	69	0.998463
129	74	0.992824
129	88	0.960879
129	111	0.996626
129	121	1.06048
129	125	1.02368
129	127	0.907157
129	138	1.05395
129	142	1.0193
129	147	0.983625
129	148	0.914425
129	149	1.02563
129	150	0.973216
129	151	1.00205
129	152	1.00203
129	153	1.00568
129	154	1.00443
129	155	1.01112
129	161	0.995171
129	164	1.02011
129	165	0.997279
129	167	1.00917
129	171	1.04893
129	173	1.02606
129	176	1.03979
129	178	0.972328
129	179	1.02348
130	60	0.788139
130	98	1.03862
130	104	0.972469
130	105	1.03835
130	115	1.13007
130	117	0.940491
130	118	0.941728
130	119	0.933736
130	123	1.00454
130	127	1.04187
130	131	0.975714
130	137	1.02095
130	139	1.04346
130	145	0.998278
130	150	1.01024
130	159	1.01713
130	161	1.0215
130	162	1.0052
130	163	0.989442
130	168	1.009
130	169	0.999569
130	170	1.01838
130	171	1.00527
130	172	1.00986
130	174	1.00022
130	175	1.03056
130	176	0.957832
130	177	1.03161
130	180	1.02157
131	8	1.18691
131	24	1.00639
131	38	1.04318
131	51	1.04169
131	70	0.985698
131	92	0.919439
131	96	0.995859
131	99	0.986698
131	110	0.981491
131	117	1.02342
131	118	1.01962
131	120	1.00523
131	124	0.987808
131	125	0.978549
131	130	0.975714
131	132	0.988214
131	133	0.970461
131	140	1.0152
131	148	1.00102
131	156	0.979718
131	158	0.994751
131	160	1.00076
131	161	0.975781
131	163	1.01441
131	164	0.901802
131	166	1.00373
131	169	0.992178
131	174	1.01513
131	178	1.01927
131	180	0.997276
132	13	0.640801
132	22	1.02464
132	24	1.00601
132	51	1.04131
132	90	1.0095
132	96	0.995478
132	100	0.967567
132	117	1.02304
132	118	1.01924
132	119	1.01942
132	122	1.05181
132	124	0.987428
132	125	0.978168
132	128	0.97343
132	131	0.988214
132	133	0.97008
132	141	0.977326
132	148	1.00064
132	156	0.979337
132	158	0.994371
132	160	1.00038
132	163	1.01403
132	166	1.00335
132	169	1.07376
132	170	1.05835
132	171	1.11112
132	172	1.03167
132	175	1.03836
132	176	1.02266
132	179	1.00635
133	7	1.02245
133	25	0.959405
133	60	0.800389
133	72	0.977211
133	85	0.998256
133	92	0.992807
133	104	1.17543
133	110	0.963358
133	117	1.00529
133	118	1.00149
133	119	1.00167
133	120	0.987099
133	124	0.969675
133	128	0.955677
133	131	0.970461
133	132	0.97008
133	140	0.99707
133	145	1.11123
133	148	0.982884
133	153	1.01318
133	156	0.961585
133	158	0.976618
133	160	0.982628
133	161	1.04915
133	163	0.996281
133	166	0.985595
133	168	1.10112
133	171	1.10291
133	176	1.00491
133	178	1.00114
133	179	0.988593
134	7	0.931529
134	24	1.01278
134	32	0.970856
134	39	1.09669
134	47	0.942143
134	49	1.16337
134	88	1.00915
134	102	0.969546
134	103	0.951383
134	137	0.998511
134	144	0.976119
134	145	0.975838
134	147	1.03535
134	150	0.987797
134	158	0.976045
134	159	0.994685
134	162	0.982762
134	164	0.978199
134	165	1.08253
134	167	1.01639
134	168	0.986555
134	169	0.977129
134	170	0.995944
134	171	0.98283
134	172	0.987421
134	174	0.977777
134	175	1.00812
134	177	1.00917
134	178	1.01485
134	179	1.0023
134	180	0.999128
135	17	0.984677
135	36	1.15855
135	39	0.953134
135	46	0.924299
135	60	1.09657
135	64	0.885762
135	68	0.961474
135	69	0.955233
135	88	1.03129
135	99	1.03454
135	101	0.944298
135	109	0.955684
135	121	1.01725
135	122	0.969412
135	138	1.01072
135	147	0.940394
135	149	0.982397
135	151	0.958822
135	152	0.958801
135	153	0.962454
135	155	0.967887
135	162	1.11678
135	164	0.976883
135	165	0.954049
135	167	0.965937
135	168	1.11756
135	171	1.11934
135	173	0.982826
135	174	1.10493
135	176	0.996558
135	178	1.04274
135	179	0.980246
136	7	0.849362
136	18	1.0355
136	33	1.00013
136	68	1.01854
136	69	1.0123
136	74	1.00666
136	80	0.994007
136	89	0.971825
136	94	0.960079
136	98	0.971727
136	107	0.940085
136	109	1.01275
136	111	1.01046
136	126	1.00047
136	138	1.06779
136	142	1.03313
136	143	1.01667
136	145	1.03209
136	147	0.997463
136	149	1.03947
136	150	0.948054
136	151	1.01589
136	152	1.01587
136	154	1.01827
136	155	1.02496
136	164	1.03395
136	165	1.01112
136	167	1.02301
136	170	0.970993
136	173	1.03989
136	177	0.946366
136	180	0.991505
137	25	0.939846
137	47	0.960914
137	76	0.974317
137	80	1.12741
137	85	0.927423
137	89	1.15295
137	95	1.00734
137	107	1.00889
137	114	0.997062
137	116	1.03116
137	121	0.874334
137	130	1.02095
137	134	0.998511
137	138	0.903337
137	144	0.994891
137	146	0.957769
137	150	1.00657
137	152	0.993119
137	154	1.05254
137	158	0.953457
137	159	1.01346
137	162	1.00153
137	166	0.967291
137	168	1.00533
137	169	0.995901
137	170	1.01472
137	171	1.0016
137	172	1.00619
137	174	0.996549
137	175	1.02689
137	177	1.02794
137	178	1.03362
137	180	1.0179
138	26	1.04683
138	57	0.89773
138	65	1.05564
138	69	1.03032
138	74	1.02468
138	80	1.01202
138	88	0.87642
138	89	0.989842
138	101	1.01938
138	109	1.03077
138	111	1.02848
138	112	0.984508
138	122	1.0445
138	126	1.01849
138	129	1.05395
138	135	1.01072
138	136	1.06779
138	137	0.903337
138	141	1.04214
138	145	0.97279
138	146	1.04643
138	147	1.01548
138	149	1.05748
138	151	1.03391
138	153	1.03754
138	159	0.898672
138	164	1.05197
138	165	1.02913
138	166	0.848415
138	167	1.04102
138	171	0.964472
138	173	1.05791
138	177	0.88707
138	180	0.932208
139	44	0.787673
139	54	0.823372
139	66	0.937519
139	71	0.964663
139	88	1.05043
139	102	1.01083
139	105	1.05719
139	107	1.03141
139	109	0.983168
139	113	1.02306
139	115	1.02557
139	116	1.05368
139	123	1.02338
139	125	0.960907
139	126	0.952967
139	130	1.04346
139	144	1.0174
139	145	1.01712
139	150	1.02908
139	151	0.929665
139	154	0.955346
139	159	1.03597
139	161	1.04034
139	168	1.02784
139	169	1.01841
139	170	1.03723
139	171	1.02411
139	173	0.873056
139	174	1.01906
139	175	1.0494
139	177	1.05045
139	178	1.05613
139	179	1.04358
139	180	1.04041
140	12	0.880042
140	23	0.923797
140	31	0.952089
140	43	1.1249
140	50	0.830765
140	73	0.95679
140	77	0.855273
140	83	1.07939
140	97	0.951202
140	106	0.975088
140	108	0.97067
140	111	1.00648
140	131	1.0152
