1	34	0.538924
1	123	1.39919
1	128	1.39852
1	131	1.34438
1	141	1.37678
1	149	1.37751
1	150	1.33415
1	154	0.469061
1	166	0.464356
1	170	0.484199
1	176	1.36953
1	179	0.45046
2	23	1.54598
2	74	0.488862
2	80	1.3076
2	112	0.469853
2	113	1.40465
2	125	1.34437
2	144	1.30337
2	149	1.37094
2	154	0.490116
2	155	0.470274
2	167	1.32326
2	169	0.48807
3	32	0.43753
3	98	1.17078
3	107	0.648754
3	113	0.621757
3	147	1.20466
3	153	1.22665
3	161	0.685035
3	162	1.18812
3	172	1.20848
3	177	1.18283
3	179	1.20416
3	180	1.21441
4	20	0.47484
4	98	1.34965
4	104	0.469871
4	122	0.476236
4	133	0.484635
4	162	1.36698
4	172	1.38735
4	173	1.35808
4	177	1.3617
4	178	0.486635
4	179	1.38302
4	180	1.39328
5	33	1.42337
5	44	0.487689
5	63	1.38775
5	110	1.38809
5	119	0.479973
5	133	0.480709
5	140	0.472185
5	143	1.35078
5	156	1.35589
5	168	0.470771
5	177	1.3312
5	180	1.36278
6	74	0.589782
6	95	1.19471
6	124	1.18803
6	125	1.19645
6	130	0.638717
6	137	1.19193
6	158	0.605338
6	160	1.21784
6	168	1.20292
6	174	1.21088
6	175	1.19736
6	179	0.572435
7	46	1.37317
7	62	0.465149
7	92	1.36192
7	104	1.40743
7	117	0.500109
7	133	1.35021
7	134	0.490369
7	152	0.482179
7	167	1.34997
7	174	1.3855
7	175	1.37199
7	179	0.470305
8	15	1.41298
8	35	1.4373
8	131	0.492933
8	140	0.480261
8	145	1.31867
8	157	1.34574
8	161	0.489953
8	166	1.3625
8	169	1.36385
8	176	0.466098
8	178	1.35912
8	180	0.466552
9	23	1.33874
9	42	1.18549
9	61	1.21076
9	75	0.599897
9	105	1.17423
9	107	1.18384
9	122	1.15962
9	128	1.18471
9	141	1.16297
9	156	0.589954
9	178	0.619423
9	180	0.595191
10	52	1.37679
10	57	0.530122
10	96	1.33197
10	123	1.41858
10	131	1.36376
10	133	1.34946
10	148	1.41014
10	156	0.450898
10	165	0.479144
10	167	1.34921
10	169	0.479954
10	179	0.4634
11	46	1.37988
11	49	1.37289
11	64	1.2797
11	123	1.42604
11	126	0.469218
11	138	0.480244
11	157	0.500166
11	162	0.48459
11	164	1.3925
11	167	1.35668
11	172	0.471201
11	174	1.39221
12	44	1.35588
12	95	1.35372
12	123	1.40371
12	132	1.36341
12	140	1.37933
12	147	0.483483
12	152	0.47891
12	173	0.492734
12	174	1.36988
12	176	1.37404
12	177	0.484161
12	179	0.467035
13	19	0.561315
13	135	1.16069
13	140	0.612231
13	147	1.21011
13	156	1.21297
13	160	0.600254
13	169	0.622342
13	172	1.21392
13	173	1.18466
13	177	1.18827
13	179	1.2096
13	180	1.21985
14	84	1.3285
14	103	0.519505
14	116	0.4604
14	139	0.485128
14	143	1.38242
14	150	0.473338
14	172	1.38849
14	173	1.35922
14	177	1.36284
14	178	0.45966
14	179	1.38416
14	180	1.39442
15	8	1.41298
15	44	0.496013
15	51	0.469792
15	90	0.438758
15	96	0.495062
15	129	1.32166
15	154	1.39476
15	158	1.36298
15	163	1.35657
15	169	1.37794
15	171	0.491404
15	178	1.37321
16	120	0.617509
16	123	0.570362
16	126	1.23696
16	137	0.621564
16	146	1.15019
16	151	0.583922
16	156	1.21
16	164	1.21238
16	173	1.18169
16	177	1.1853
16	179	1.20663
16	180	1.21688
17	32	0.288772
17	58	1.34558
17	119	0.534373
17	139	1.35479
17	145	1.35019
17	159	1.38713
17	162	0.534593
17	165	1.39104
17	168	0.525172
17	170	1.38082
17	176	0.512423
17	178	1.39064
18	128	1.41447
18	134	0.484343
18	147	0.480727
18	149	1.39346
18	150	1.3501
18	161	1.3449
18	162	0.478731
18	167	1.34578
18	168	1.37336
18	169	0.480834
18	171	1.37804
18	177	0.481405
19	13	0.561315
19	40	1.28346
19	43	1.36956
19	72	0.47646
19	146	0.483702
19	154	0.450421
19	160	1.40545
19	167	1.36296
19	171	1.39522
19	174	1.39849
19	175	1.38498
19	179	0.43182
20	4	0.47484
20	50	0.497499
20	60	1.41074
20	73	1.36942
20	75	0.478906
20	108	0.462765
20	119	1.35949
20	139	1.33846
20	150	1.35185
20	152	0.493339
20	154	1.39585
20	178	1.3743
21	68	0.511937
21	69	1.3185
21	107	0.504864
21	145	1.26579
21	157	1.29286
21	159	1.30273
21	164	0.508432
21	165	1.30664
21	167	0.545793
21	169	1.31097
21	170	1.29642
21	178	1.30624
21	179	0.52501
22	70	1.58781
22	72	0.448493
22	100	0.481351
22	107	0.383708
22	135	1.42951
22	138	0.413959
22	143	1.47668
22	144	0.449264
22	156	1.48179
22	171	0.421193
22	177	1.4571
22	179	1.47842
22	180	1.48868
23	2	1.54598
23	9	1.33874
23	28	1.46165
23	53	0.376228
23	95	1.5079
23	110	0.416239
23	129	0.486522
23	133	1.48877
23	149	1.53621
23	159	0.449742
23	170	0.447931
23	171	1.52079
23	178	0.431161
24	48	0.489743
24	67	0.490717
24	98	1.2615
24	103	0.576319
24	108	1.33676
24	127	1.31418
24	131	0.518623
24	143	1.29313
24	147	1.29538
24	172	1.2992
24	175	0.515298
24	179	1.29487
24	180	1.30512
25	44	1.29883
25	80	1.26165
25	93	0.526126
25	113	1.35869
25	115	1.26571
25	126	0.507533
25	140	1.32228
25	161	1.27643
25	162	0.522905
25	165	0.524199
25	169	0.525008
25	175	1.29932
25	176	1.317
26	100	0.48936
26	107	0.391717
26	117	0.441666
26	140	0.418306
26	146	1.44395
26	161	0.427998
26	162	1.48436
26	164	1.50615
26	173	1.47546
26	174	0.427261
26	177	1.47907
26	179	1.5004
26	180	1.51065
27	46	0.4102
27	98	1.45913
27	103	0.47341
27	124	0.438564
27	144	0.442008
27	156	1.49587
27	162	1.47646
27	171	0.413937
27	175	0.412389
27	176	1.50213
27	177	1.47117
27	179	1.4925
27	180	1.50275
28	23	1.46165
28	53	0.499877
28	88	1.32175
28	89	0.520715
28	109	1.32047
28	114	0.518661
28	122	1.28253
28	133	1.23917
28	167	1.23893
28	174	1.27446
28	175	1.26095
28	179	0.537843
28	180	0.530577
29	56	0.464518
29	61	0.422691
29	97	1.45677
29	100	1.45132
29	135	0.458463
29	146	0.454052
29	149	0.405222
29	165	1.49904
29	166	1.50202
29	169	1.50337
29	170	1.48883
29	178	1.49864
29	180	0.394905
30	61	0.450254
30	79	1.43443
30	92	0.443292
30	106	0.388638
30	130	1.46044
30	136	1.46159
30	155	1.55972
30	163	1.48681
30	164	0.413155
30	170	1.49363
30	173	0.455431
30	177	0.446859
30	178	1.50344
31	34	1.32491
31	45	1.40794
31	74	1.3974
31	104	0.449733
31	124	0.491496
31	137	0.482564
31	152	0.461405
31	155	1.46151
31	163	1.3886
31	165	1.40563
31	166	1.40862
31	171	0.466869
31	176	0.441811
31	178	1.40523
32	3	0.43753
32	17	0.288772
32	40	1.27811
32	66	0.273802
32	94	1.40041
32	102	1.57084
32	118	1.45761
32	130	0.311205
32	133	1.35785
32	156	0.744426
32	161	1.35673
32	164	1.39342
32	168	1.38518
32	180	0.749662
33	5	1.42337
33	48	0.446683
33	117	0.486251
33	123	0.438278
33	124	0.498413
33	126	1.42712
33	147	1.3973
33	160	0.450913
33	172	1.40112
33	173	1.37185
33	174	0.471846
33	177	1.37547
33	179	1.39679
33	180	1.40705
34	1	0.538924
34	31	1.32491
34	55	1.35507
34	58	1.19396
34	106	0.523661
34	122	0.571325
34	129	1.18748
34	130	1.19602
34	133	0.579724
34	142	1.24881
34	157	1.22564
34	170	1.22921
34	174	0.580155
34	178	1.23902
35	8	1.4373
35	68	0.437604
35	87	0.500457
35	142	1.40732
35	153	0.458488
35	157	1.38415
35	158	1.3873
35	165	1.39793
35	166	1.40091
35	170	1.38771
35	174	0.466075
35	175	0.466468
35	177	0.467803
35	178	1.39753
36	92	1.37988
36	105	1.42614
36	107	1.43575
36	121	1.36382
36	143	0.464585
36	148	1.42884
36	150	1.37225
36	155	0.453872
36	158	0.488016
36	173	0.480812
36	174	1.40346
36	175	1.38994
36	178	0.472081
36	180	0.447848
37	69	1.2564
37	84	0.610485
37	105	0.534816
37	117	1.27631
37	136	1.20228
37	154	1.26568
37	163	1.2275
37	164	0.543164
37	165	1.24453
37	169	1.24886
37	170	1.23432
37	176	0.552023
37	178	1.24413
37	179	0.559742
38	55	1.50614
38	70	0.419607
38	87	0.518636
38	106	0.427761
38	116	1.40546
38	123	0.450687
38	125	0.501914
38	139	1.35426
38	140	0.475299
38	158	1.37987
38	165	1.3905
38	166	1.39348
38	170	1.38028
38	178	1.3901
39	41	0.563375
39	82	0.536994
39	90	1.32056
39	113	0.522905
39	121	0.594443
39	132	0.573589
39	139	1.20451
39	156	1.24702
39	157	1.22697
39	165	1.24075
39	177	1.22232
39	178	1.24035
39	179	1.24365
39	180	1.2539
40	19	1.28346
40	32	1.27811
40	65	0.548619
40	74	0.584936
40	75	0.56503
40	76	1.32316
40	108	0.548889
40	128	1.25501
40	161	1.18544
40	171	1.21857
40	174	1.22185
40	175	1.20833
40	176	1.22601
40	180	0.560324
41	39	0.563375
41	71	1.32699
41	73	1.33146
41	99	0.438736
41	118	1.40958
41	124	1.32226
41	136	0.509662
41	137	1.32616
41	139	0.512056
41	144	1.28968
41	148	1.37049
41	150	1.31389
41	167	1.30957
41	173	0.495319
41	178	0.486588
42	9	1.18549
42	43	1.34188
42	60	1.39849
42	73	1.35718
42	78	0.480133
42	79	0.555592
42	115	1.32369
42	142	0.499097
42	144	1.31539
42	167	1.33528
42	171	1.36754
42	172	0.485219
42	176	1.37498
42	177	0.501283
42	179	0.484157
43	19	1.36956
43	42	1.34188
43	88	1.35524
43	109	1.35396
43	110	0.499892
43	113	1.3538
43	114	0.478665
43	125	1.29351
43	141	1.31936
43	162	0.512298
43	166	0.511742
43	171	1.30467
43	174	1.30794
43	177	0.514972
43	180	0.490581
44	5	0.487689
44	12	1.35588
44	15	0.496013
44	25	1.29883
44	47	0.518575
44	50	0.514275
44	61	1.38208
44	109	1.36889
44	119	1.2993
44	127	0.499634
44	128	1.35603
44	151	1.32967
44	161	1.28646
44	174	1.32287
44	180	0.490975
45	31	1.40794
45	70	0.455354
45	79	1.25305
45	94	0.511819
45	116	1.33742
45	119	0.518834
45	128	0.503691
45	149	0.507655
45	154	1.3436
45	155	1.37833
45	163	1.30542
45	166	1.32544
45	169	1.32679
45	176	0.496884
45	178	1.32206
46	7	1.37317
46	11	1.37988
46	27	0.4102
46	47	0.510229
46	71	1.30644
46	85	0.534609
46	92	1.30096
46	106	1.42343
46	115	1.27742
46	150	1.29333
46	157	0.519922
46	163	0.527366
46	166	0.50379
46	168	1.31659
46	176	1.32871
47	44	0.518575
47	46	0.510229
47	68	0.483554
47	85	1.29824
47	116	1.36803
47	123	0.478458
47	129	1.30112
47	130	1.30967
47	136	1.31082
47	154	1.37421
47	158	1.34244
47	160	0.491093
47	170	1.34285
47	174	0.512025
47	178	1.35267
48	24	0.489743
48	33	0.446683
48	54	0.524344
48	84	0.517271
48	106	1.43217
48	121	1.29364
48	131	1.31229
48	137	1.31433
48	140	1.34272
48	141	1.34469
48	145	0.524118
48	161	1.29687
48	163	0.503999
48	171	1.33001
48	174	1.33328
49	11	1.37289
49	54	0.545198
49	56	1.27529
49	61	1.37677
49	112	0.48572
49	114	0.468201
49	123	1.35139
49	148	1.34295
49	151	1.32436
49	155	0.486141
49	159	0.522931
49	160	1.32452
49	166	0.501278
49	171	1.31429
49	174	1.31756
50	20	0.497499
50	44	0.514275
50	70	1.42798
50	110	1.35416
50	118	0.485504
50	120	0.521305
50	151	0.487719
50	152	1.33578
50	153	1.3411
50	160	0.486793
50	162	1.30256
50	173	1.29366
50	177	1.29727
50	179	1.3186
50	180	1.32885
51	15	0.469792
51	91	0.488479
51	120	1.31257
51	129	0.544349
51	137	1.33295
51	138	0.482125
51	144	1.29648
51	146	0.523902
51	160	1.35886
51	167	1.31636
51	168	1.34394
51	171	1.34862
51	173	0.497718
51	174	1.3519
51	175	1.33838
52	10	1.37679
52	54	0.528013
52	93	0.48787
52	109	1.37493
52	111	0.514816
52	120	1.28959
52	142	0.485138
52	148	1.3543
52	149	1.34106
52	162	0.484649
52	163	0.507669
52	167	1.29338
52	171	1.32564
52	174	1.32892
52	175	1.3154
53	23	0.376228
53	28	0.499877
53	99	1.49172
53	110	1.45287
53	118	0.431504
53	125	0.471385
53	131	0.457443
53	135	1.3684
53	137	0.471361
53	144	0.483737
53	162	1.40127
53	172	1.42163
53	173	1.39236
53	176	1.42693
53	179	1.41731
53	180	1.42756
54	48	0.524344
54	49	0.545198
54	52	0.528013
54	78	1.34939
54	79	1.20133
54	91	1.2826
54	95	0.531124
54	116	1.2857
54	118	1.34358
54	123	0.515939
54	145	1.22988
54	155	1.32662
54	157	1.25696
54	161	0.550244
54	163	1.2537
54	178	1.27034
55	34	1.35507
55	38	1.50614
55	93	0.481074
55	101	0.426027
55	129	1.38385
55	132	0.466944
55	136	1.39355
55	156	0.4509
55	157	1.42202
55	158	1.42517
55	166	1.43878
55	169	1.44013
55	172	0.464465
55	176	0.455683
55	178	1.4354
55	180	0.456137
56	29	0.464518
56	49	1.27529
56	78	0.534616
56	103	1.22848
56	124	1.27176
56	127	0.540033
56	141	1.30602
56	150	1.2634
56	151	1.30141
56	153	0.546451
56	168	1.28665
56	171	1.29133
56	173	0.564339
56	174	1.29461
56	175	1.28109
56	177	0.555766
57	10	0.530122
57	97	1.2379
57	101	0.505639
57	114	1.33641
57	130	1.23678
57	142	1.28957
57	155	1.33606
57	158	1.26955
57	159	1.27627
57	163	1.26314
57	168	0.548045
57	169	1.28451
57	170	1.26996
57	172	0.544077
57	176	0.535295
57	180	0.535749
58	17	1.34558
58	34	1.19396
58	71	0.550296
58	74	1.26645
58	76	0.471792
58	96	0.557158
58	138	1.32689
58	142	1.28408
58	154	1.29584
58	159	1.27079
58	166	1.27767
58	170	1.26448
58	176	0.528441
58	177	0.553286
58	178	1.27429
58	179	0.53616
59	111	1.23961
59	113	0.479361
59	120	0.555482
59	128	0.525591
59	134	1.27991
59	147	1.28945
59	152	1.30613
59	156	1.29231
59	161	0.542639
59	162	1.2729
59	165	0.542248
59	167	0.547286
59	173	1.264
59	177	1.26761
59	179	1.28894
59	180	1.29919
60	20	1.41074
60	42	1.39849
60	84	0.517729
60	100	1.30847
60	146	0.518868
60	151	1.37135
60	152	0.47886
60	153	0.474796
60	157	1.34241
60	166	1.35917
60	168	1.3566
60	170	1.34597
60	173	0.492684
60	175	1.35104
60	178	1.35579
60	179	0.466985
60	180	0.45972
61	9	1.21076
61	29	0.422691
61	30	0.450254
61	44	1.38208
61	49	1.37677
61	92	1.37251
61	115	1.34896
61	133	1.3608
61	141	1.40751
61	142	0.511753
61	143	0.506284
61	161	1.35968
61	162	0.511264
61	168	1.38814
61	171	1.39282
61	177	0.513939
61	180	0.489548
62	7	0.465149
62	72	1.33992
62	88	0.460395
62	92	0.484696
62	120	0.500115
62	125	0.504195
62	139	1.32981
62	147	1.36946
62	169	1.37038
62	170	1.35584
62	171	0.488476
62	172	1.37327
62	174	0.486536
62	177	1.34762
62	178	1.36565
62	179	1.36895
62	180	1.3792
63	5	1.38775
63	81	1.30328
63	94	0.478276
63	110	1.39674
63	121	0.495456
63	128	0.470148
63	135	1.31226
63	148	0.468486
63	152	1.37836
63	153	1.38367
63	154	0.489661
63	159	0.506609
63	172	1.3655
63	177	1.33985
63	178	0.488027
63	179	1.36117
63	180	1.37142
64	11	1.2797
64	73	1.21072
64	77	0.533173
64	80	1.17317
64	82	1.29586
64	99	0.537019
64	113	1.27022
64	132	1.21789
64	148	1.24975
64	149	1.23651
64	151	1.23117
64	162	0.582355
64	170	0.601642
64	174	1.22436
64	175	1.21085
64	177	0.58503
64	179	0.567904
65	40	0.548619
65	123	0.439154
65	126	1.39491
65	133	0.47229
65	135	1.31567
65	136	0.497364
65	137	0.490356
65	152	1.38176
65	154	0.475923
65	156	1.36795
65	162	1.34854
65	169	0.473877
65	172	1.3689
65	173	1.33964
65	177	1.34325
65	179	1.36458
65	180	1.37483
66	32	0.273802
66	84	1.30673
66	104	0.505374
66	112	1.39857
66	122	0.51174
66	142	0.520111
66	147	1.3629
66	152	1.37958
66	157	0.535199
66	167	0.525955
66	171	0.52251
66	172	1.36672
66	173	1.33745
66	176	1.37202
66	177	1.34106
66	179	1.36239
66	180	1.37264
67	24	0.490717
67	82	1.44251
67	87	1.30275
67	107	1.40331
67	131	1.35003
67	139	1.32641
67	145	1.3218
67	146	0.519385
67	147	0.48395
67	152	0.479377
67	157	1.34888
67	162	0.481954
67	169	1.36699
67	176	1.37518
67	177	0.484628
67	178	1.36226
67	179	0.467503
68	21	0.511937
68	35	0.437604
68	47	0.483554
68	100	0.540717
68	122	1.3786
68	125	1.35609
68	138	0.473325
68	140	1.37996
68	146	1.30861
68	156	1.36843
68	166	0.477115
68	171	1.36725
68	175	1.35701
68	177	1.34373
68	178	0.480187
68	179	1.36506
68	180	1.37531
69	21	1.3185
69	37	1.2564
69	70	0.480266
69	77	0.494784
69	90	0.494209
69	92	0.543075
69	105	0.504589
69	115	0.565387
69	129	1.28007
69	136	1.28976
69	145	1.29116
69	157	1.31823
69	159	1.32811
69	163	1.31498
69	164	0.512938
69	166	1.335
69	169	1.33634
69	178	1.33161
70	22	1.58781
70	38	0.419607
70	45	0.455354
70	50	1.42798
70	69	0.480266
70	80	0.497004
70	118	0.42022
70	122	0.433612
70	146	1.37889
70	161	0.443179
70	162	1.4193
70	164	1.44109
70	172	1.43966
70	173	1.41039
70	174	0.442442
70	177	1.41401
70	179	1.43534
70	180	1.44559
71	41	1.32699
71	46	1.30644
71	58	0.550296
71	81	0.545793
71	119	1.2952
71	122	1.32684
71	144	1.26335
71	148	1.34416
71	156	0.477926
71	159	0.525977
71	164	1.31906
71	167	1.28324
71	168	1.31081
71	173	0.516126
71	174	1.31877
71	175	1.30526
71	178	0.507395
71	180	0.483163
72	19	0.47646
72	22	0.448493
72	62	1.33992
72	89	1.36781
72	95	0.517948
72	111	0.56555
72	117	1.32579
72	138	1.34622
72	146	0.572814
72	158	1.28339
72	159	1.29011
72	163	1.27698
72	164	0.504354
72	165	1.29402
72	169	1.29835
72	170	1.2838
72	176	0.513213
72	178	1.29362
73	20	1.36942
73	41	1.33146
73	42	1.35718
73	64	1.21072
73	87	1.25497
73	120	1.28391
73	123	1.35707
73	137	1.30429
73	139	0.533184
73	143	0.50022
73	145	0.548339
73	158	0.523652
73	159	0.526298
73	167	1.2877
73	171	1.31997
73	172	0.491812
73	174	1.32324
73	180	0.483484
74	2	0.488862
74	6	0.589782
74	31	1.3974
74	40	0.584936
74	58	1.26645
74	109	0.481192
74	113	0.446497
74	128	0.492727
74	145	1.27106
74	147	1.31532
74	157	1.29813
74	159	1.30801
74	164	1.32056
74	173	1.28987
74	175	0.50943
74	177	1.29349
74	179	1.31481
74	180	1.32507
75	9	0.599897
75	20	0.478906
75	40	0.56503
75	77	1.3715
75	84	1.25894
75	87	1.2518
75	93	1.3265
75	116	0.491441
75	131	0.492849
75	141	0.478929
75	143	1.31286
75	152	1.33179
75	162	1.29857
75	169	0.490288
75	172	1.31893
75	173	1.28966
75	179	1.31461
75	180	1.32486
76	40	1.32316
76	58	0.471792
76	78	0.4079
76	91	0.428383
76	100	0.489421
76	102	1.61589
76	116	0.429632
76	127	1.45203
76	129	0.484253
76	140	1.44763
76	145	0.469514
76	166	0.425819
76	167	1.40266
76	172	1.43705
76	173	1.40778
76	174	1.43819
76	179	1.43273
76	180	1.44298
77	64	0.533173
77	69	0.494784
77	75	1.3715
77	110	1.41841
77	120	0.470539
77	127	1.40214
77	135	1.33393
77	140	0.448004
77	148	0.438987
77	153	1.40534
77	156	1.38621
77	158	0.474464
77	163	0.479032
77	172	1.38716
77	173	1.3579
77	175	0.457352
77	177	1.36151
77	179	1.38284
77	180	1.39309
78	42	0.480133
78	54	1.34939
78	56	0.534616
78	76	0.4079
78	109	0.459822
78	126	0.471348
78	136	1.35655
78	139	1.36256
78	145	1.35795
78	158	1.38817
78	159	1.39489
78	165	1.3988
78	166	1.40178
78	169	1.40313
78	170	1.38859
78	171	0.489607
78	175	0.48806
78	176	0.464549
78	178	1.3984
79	30	1.43443
79	42	0.555592
79	45	1.25305
79	54	1.20133
79	83	0.527526
79	113	0.500586
79	116	1.2657
79	117	1.28251
79	138	1.30294
79	145	1.20989
79	148	0.545154
79	154	1.27189
79	163	1.23371
79	166	1.25372
79	170	1.24052
79	175	0.563519
79	176	0.540008
79	177	0.564853
79	178	1.25034
80	2	1.3076
80	25	1.26165
80	64	1.17317
80	70	0.497004
80	83	0.526052
80	119	1.26211
80	121	1.24605
80	122	1.29376
80	124	1.26284
80	126	0.545333
80	128	1.31885
80	143	0.555725
80	150	1.25448
80	151	1.29249
80	152	0.558128
80	161	1.24928
80	165	0.561999
80	168	1.27773
80	178	0.563221
81	63	1.30328
81	71	0.545793
81	84	1.21239
81	98	1.23468
81	109	0.51921
81	116	0.549365
81	126	1.29838
81	127	1.28736
81	131	0.550773
81	132	0.535199
81	142	0.546597
81	152	1.28524
81	153	1.29055
81	162	1.25201
81	173	1.24311
81	175	0.547448
81	177	1.24673
81	179	1.26805
81	180	1.27831
82	39	0.536994
82	64	1.29586
82	67	1.44251
82	93	0.460912
82	96	1.35559
82	103	1.34225
82	117	0.473044
82	135	0.499532
82	144	1.35295
82	151	1.41517
82	158	0.476142
82	160	1.41533
82	161	1.37196
82	162	0.457691
82	171	1.4051
82	173	0.468938
82	174	1.40837
82	175	1.39486
82	180	0.435974
83	79	0.527526
83	80	0.526052
83	102	0.382848
83	108	1.42956
83	111	1.33834
83	115	0.491962
83	118	0.449268
83	135	1.33877
83	142	0.471031
83	152	1.40486
83	153	1.41018
83	161	0.472227
83	162	1.37164
83	172	1.392
83	173	1.36273
83	175	0.471882
83	177	1.36635
83	179	1.38768
83	180	1.39793
84	14	1.3285
84	37	0.610485
84	48	0.517271
84	60	0.517729
84	66	1.30673
84	75	1.25894
84	81	1.21239
84	115	0.562907
84	118	0.520213
84	133	0.542003
84	135	1.22138
84	151	0.522428
84	153	1.29279
84	162	1.25425
84	173	1.24535
84	176	1.27991
84	177	1.24896
84	179	1.27029
84	180	1.28054
85	46	0.534609
85	47	1.29824
85	87	0.570787
85	91	1.27719
85	130	1.22193
85	137	0.554041
85	139	1.22909
85	142	1.27472
85	151	0.516399
85	154	1.28648
85	155	1.32121
85	158	1.2547
85	163	1.2483
85	166	1.26831
85	170	1.25511
85	173	0.546705
85	174	0.536405
85	177	0.538133
85	178	1.26493
86	90	0.445813
86	101	0.443745
86	106	0.440025
86	121	0.505516
86	130	1.34117
86	142	1.39395
86	145	1.34371
86	154	1.40571
86	155	1.44044
86	157	1.37079
86	159	1.38066
86	163	1.36753
86	165	1.38456
86	166	1.38755
86	168	0.48615
86	171	0.498459
86	174	0.496519
86	176	0.473401
86	178	1.38417
87	35	0.500457
87	38	0.518636
87	67	1.30275
87	73	1.25497
87	75	1.2518
87	85	0.570787
87	94	1.27588
87	127	1.28245
87	136	0.566113
87	137	1.24966
87	138	0.536177
87	139	0.568507
87	147	1.26365
87	149	1.28075
87	150	1.2374
87	153	1.28564
87	177	1.24182
87	178	0.543039
87	180	1.27339
88	28	1.32175
88	43	1.35524
88	62	0.460395
88	95	1.36801
88	99	0.434665
88	104	1.4061
88	113	1.43003
88	119	1.3606
88	128	1.41733
88	135	0.521843
88	146	0.517433
88	151	1.39097
88	154	0.484151
88	156	0.453049
88	160	1.39113
88	166	0.479446
88	175	1.37066
88	176	1.38833
88	180	0.458285
89	28	0.520715
89	72	1.36781
89	91	1.4058
89	97	1.35167
89	105	0.434239
89	124	0.501131
89	129	1.34199
89	131	0.478281
89	140	0.465609
89	142	1.40333
89	157	1.38016
89	163	1.37691
89	166	1.39692
89	168	0.464195
89	169	1.39827
89	170	1.38373
89	175	0.474956
89	176	0.451446
89	178	1.39354
90	15	0.438758
90	39	1.32056
90	69	0.494209
90	86	0.445813
90	92	1.38474
90	97	0.481594
90	119	1.38474
90	124	1.38547
90	129	0.513314
90	130	0.507267
90	135	1.35395
90	138	0.451091
90	158	0.473888
90	168	1.40036
90	173	1.37791
90	175	1.39481
90	177	1.38153
90	179	1.40286
90	180	1.41311
91	51	0.488479
91	54	1.2826
91	76	0.428383
91	85	1.27719
91	89	1.4058
91	111	0.53737
91	114	1.38825
91	150	0.523397
91	154	1.35316
91	158	1.32139
91	163	1.31498
91	165	1.33201
91	166	1.33499
91	167	0.513535
91	169	1.33634
91	170	1.3218
91	171	0.51009
91	174	0.50815
91	176	0.485032
91	178	1.33161
92	7	1.36192
92	30	0.443292
92	36	1.37988
92	46	1.30096
92	61	1.37251
92	62	0.484696
92	69	0.543075
92	90	1.38474
92	134	0.509916
92	137	1.29435
92	140	1.32274
92	141	1.32471
92	149	1.32544
92	154	0.508452
92	158	0.522754
92	162	0.504303
92	168	1.30534
92	171	1.31003
92	176	1.31746
92	179	0.489851
93	25	0.526126
93	52	0.48787
93	55	0.481074
93	75	1.3265
93	82	0.460912
93	94	0.501181
93	108	1.37973
93	110	1.37341
93	124	0.535931
93	135	1.28894
93	143	1.3361
93	146	1.2814
93	148	0.491391
93	162	1.32181
93	172	1.34217
93	175	0.509756
93	176	1.34747
93	177	1.31652
93	179	1.33785
93	180	1.3481
94	32	1.40041
94	45	0.511819
94	63	0.478276
94	87	1.27588
94	93	0.501181
94	119	1.32058
94	120	1.30482
94	132	1.33768
94	137	1.32521
94	145	0.541098
94	149	1.3563
94	150	1.31294
94	156	0.471007
94	158	0.516411
94	160	1.35111
94	168	1.3362
94	173	0.509207
94	175	1.33064
94	176	1.34831
94	180	0.476243
95	6	1.19471
95	12	1.35372
95	23	1.5079
95	54	0.531124
95	72	0.517948
95	88	1.36801
95	123	1.35454
95	128	1.35387
95	130	0.539591
95	134	0.493373
95	143	0.48278
95	153	0.481119
95	155	0.472067
95	161	1.2843
95	168	1.31276
95	171	1.31744
95	174	1.32071
95	175	1.3072
95	176	1.32487
95	177	0.490434
96	10	1.33197
96	15	0.495062
96	58	0.557158
96	82	1.35559
96	99	1.35305
96	114	0.478108
96	130	0.563572
96	132	1.27763
96	141	1.29552
96	147	1.27915
96	156	1.282
96	159	0.532839
96	163	0.534761
96	168	1.27615
96	170	0.531028
96	173	1.25369
96	175	1.27059
96	177	1.25731
96	178	0.514257
96	179	1.27864
96	180	1.28889
97	29	1.45677
97	57	1.2379
97	89	1.35167
97	90	0.481594
97	121	0.541297
97	124	0.558867
97	136	1.23562
97	138	1.33008
97	143	0.526372
97	144	0.562311
97	156	0.504399
97	158	1.26725
97	159	1.27397
97	160	0.511367
97	163	1.26084
97	165	1.27787
97	166	1.28086
97	169	1.28221
97	170	1.26766
97	176	0.509182
97	178	1.27748
98	3	1.17078
98	4	1.34965
98	24	1.2615
98	27	1.45913
98	81	1.23468
98	109	0.502001
98	112	1.32876
98	116	0.532155
98	126	1.32291
98	141	0.519644
98	146	1.23613
98	149	0.5175
98	160	0.508914
98	161	0.530583
98	163	0.551918
98	173	1.26763
98	176	1.3022
98	177	1.27125
98	178	0.531415
98	179	1.29258
98	180	1.30283
99	41	0.438736
99	53	1.49172
99	64	0.537019
99	88	0.434665
99	96	1.35305
99	111	1.35103
99	112	1.43654
99	118	0.438584
99	124	0.487373
99	134	1.39133
99	153	1.42286
99	156	1.40373
99	162	1.38432
99	163	0.482878
99	168	0.450437
99	171	0.462746
99	173	1.37542
99	174	0.460806
99	177	1.37903
99	179	1.40036
99	180	1.41061
100	22	0.481351
100	26	0.48936
100	29	1.45132
100	60	1.30847
100	68	0.540717
100	76	0.489421
100	101	0.516414
100	114	1.32866
100	118	1.34527
100	129	1.22048
100	130	1.22903
100	131	0.572905
100	136	1.23018
100	155	1.3283
100	158	1.2618
100	165	1.27242
100	166	1.27541
100	168	0.55882
100	169	1.27676
100	176	0.546071
100	178	1.27203
101	55	0.426027
101	57	0.505639
101	86	0.443745
101	100	0.516414
101	112	1.43795
101	119	1.38365
101	122	1.4153
101	127	1.42107
101	133	1.37194
101	141	1.41864
101	146	1.34532
101	160	1.41419
101	161	1.37082
101	163	0.476388
101	164	1.40752
101	166	0.452813
101	169	0.455472
101	170	0.472655
101	178	0.455884
101	179	1.40176
101	180	1.41202
102	32	1.57084
102	76	1.61589
102	83	0.382848
102	107	1.54688
102	131	1.4936
102	135	0.459342
102	139	0.445484
102	140	1.52402
102	149	1.52673
102	151	1.52138
102	152	0.414924
102	153	0.41086
102	161	1.47817
102	163	0.44052
102	164	1.51487
102	168	1.50663
102	169	0.419604
102	170	0.436787
102	175	1.50107
102	179	0.403049
102	180	0.395784
103	14	0.519505
103	24	0.576319
103	27	0.47341
103	56	1.22848
103	82	1.34225
103	123	1.30459
103	130	1.21899
103	131	1.24977
103	137	1.25181
103	145	1.22154
103	146	0.604987
103	159	1.25849
103	163	1.24536
103	167	1.23522
103	168	1.2628
103	169	1.26672
103	170	1.25218
103	172	0.554167
103	173	0.578803
103	178	1.26199
103	179	0.553105
103	180	0.54584
104	4	0.469871
104	7	1.40743
104	31	0.449733
104	66	0.505374
104	88	1.4061
104	105	1.38149
104	108	0.457796
104	133	1.32352
104	136	0.516537
104	143	0.485967
104	144	1.30338
104	146	0.528378
104	161	1.3224
104	164	1.35909
104	165	0.49224
104	167	1.32327
104	168	1.35085
104	171	1.35553
104	173	0.502194
104	174	1.3588
104	175	1.34529
104	176	1.36297
105	9	1.17423
105	36	1.42614
105	37	0.534816
105	69	0.504589
105	89	0.434239
105	104	1.38149
105	117	0.481171
105	126	1.38443
105	129	0.523695
105	136	0.491408
105	148	1.38495
105	151	1.36636
105	156	1.35747
105	158	0.484269
105	165	0.467111
105	168	1.35161
105	170	0.485104
105	172	1.35842
105	176	1.36372
105	177	1.33277
105	179	1.3541
105	180	1.36435
106	30	0.388638
106	34	0.523661
106	38	0.427761
106	46	1.42343
106	48	1.43217
106	86	0.440025
106	129	0.507526
106	144	1.38035
106	145	0.492787
106	146	1.37386
106	147	1.43082
106	150	1.40456
106	155	0.433956
106	158	0.4681
106	159	0.470746
106	161	1.39936
106	172	1.43463
106	173	1.40536
106	174	1.43577
106	177	1.40898
106	178	0.452165
106	179	1.43031
106	180	1.44056
107	3	0.648754
107	9	1.18384
107	21	0.504864
107	22	0.383708
107	26	0.391717
107	36	1.43575
107	67	1.40331
107	102	1.54688
107	122	1.37725
107	127	0.45754
107	132	1.3627
107	141	1.38059
107	142	0.471087
107	146	0.508029
107	149	1.38132
107	160	1.37613
107	161	1.33276
107	163	0.493618
107	167	1.33364
107	168	1.36122
107	170	0.489885
107	172	0.457209
107	174	1.36917
107	175	1.35566
108	20	0.462765
108	24	1.33676
108	40	0.548889
108	83	1.42956
108	93	1.37973
108	104	0.457796
108	119	0.471824
108	141	0.462789
108	147	1.36834
108	150	0.488239
108	152	1.38502
108	153	1.39033
108	159	0.493142
108	162	1.3518
108	164	1.37359
108	165	0.473338
108	168	0.462623
108	172	1.37216
108	173	1.34289
108	174	0.472991
108	176	1.37746
108	177	1.34651
108	179	1.36784
108	180	1.37809
109	28	1.32047
109	43	1.35396
109	44	1.36889
109	52	1.37493
109	74	0.481192
109	78	0.459822
109	81	0.51921
109	98	0.502001
109	122	1.39097
109	125	1.36846
109	126	0.462925
109	132	1.37642
109	140	1.39233
109	148	1.40828
109	149	1.39504
109	150	1.35168
109	161	1.34648
109	162	0.478297
109	166	0.477741
109	170	0.497584
109	172	0.464908
109	174	1.38289
109	175	1.36938
109	179	0.463845
110	5	1.38809
110	23	0.416239
110	43	0.499892
110	50	1.35416
110	53	1.45287
110	63	1.39674
110	77	1.41841
110	93	1.37341
110	123	0.46017
110	126	1.39185
110	128	0.477426
110	135	1.31261
110	146	1.30507
110	148	0.475764
110	165	0.494083
110	168	0.483368
110	171	0.495677
110	172	1.36584
110	173	1.33657
110	174	0.493737
110	175	0.494129
110	176	1.37114
110	179	1.36152
110	180	1.37177
111	52	0.514816
111	59	1.23961
111	72	0.56555
111	83	1.33834
111	91	0.53737
111	99	1.35103
111	114	0.501729
111	126	1.30694
111	137	0.553945
111	141	0.526107
111	143	1.27487
111	146	1.22017
111	147	1.27713
111	152	1.2938
111	160	0.515377
111	161	0.537047
111	162	1.26058
111	167	0.541694
111	172	1.28094
111	173	1.25167
111	176	1.28624
111	177	1.25529
111	179	1.27662
111	180	1.28687
112	2	0.469853
112	49	0.48572
112	66	1.39857
112	98	1.32876
112	99	1.43654
112	101	1.43795
112	113	0.427488
112	125	0.507688
112	128	0.473718
112	131	0.493745
112	141	0.479826
112	143	1.36039
112	147	1.36264
112	153	1.38463
112	156	1.3655
112	160	0.469096
112	162	1.34609
112	172	1.36646
112	173	1.33719
112	174	0.490028
112	177	1.34081
112	178	0.491597
112	179	1.36213
112	180	1.37239
113	2	1.40465
113	3	0.621757
113	25	1.35869
113	39	0.522905
113	43	1.3538
113	59	0.479361
113	64	1.27022
113	74	0.446497
113	79	0.500586
113	88	1.43003
113	112	0.427488
113	118	1.44721
113	121	1.3431
113	123	1.41656
113	124	1.35989
113	127	0.430543
113	135	0.485443
113	144	1.32731
113	150	1.35152
113	157	0.459178
113	168	1.37478
113	171	1.37946
113	172	0.430213
113	174	1.38273
114	28	0.518661
114	43	0.478665
114	49	0.468201
114	57	1.33641
114	91	1.38825
114	96	0.478108
114	100	1.32866
114	111	0.501729
114	118	1.44922
114	129	1.32443
114	135	0.513403
114	142	1.38577
114	149	0.460163
114	150	0.487756
114	154	1.39753
114	157	1.3626
114	158	1.36576
114	163	1.35935
114	164	0.440533
114	166	1.37936
114	169	1.38071
114	170	1.36617
114	176	0.449391
114	178	1.37598
115	25	1.26571
115	42	1.32369
115	46	1.27742
115	61	1.34896
115	69	0.565387
115	83	0.491962
115	84	0.562907
115	120	1.25042
115	121	1.25012
115	124	1.26691
115	137	1.27081
115	143	0.521635
115	160	1.29671
115	161	1.25334
115	163	0.549634
115	165	0.527908
115	167	1.25422
115	168	1.2818
115	170	0.545902
115	174	1.28975
115	175	1.27624
115	176	1.29391
115	177	0.529289
115	179	0.512163
116	14	0.4604
116	38	1.40546
116	45	1.33742
116	47	1.36803
116	54	1.2857
116	75	0.491441
116	76	0.429632
116	79	1.2657
116	81	0.549365
116	98	0.532155
116	129	1.28317
116	136	1.29286
116	137	0.527034
116	138	1.38732
116	155	1.39099
116	159	1.33121
116	163	1.31808
116	165	1.33511
116	167	0.514783
116	169	1.33945
116	170	1.3249
116	172	0.495063
116	175	0.509791
116	176	0.486281
116	178	1.33472
117	7	0.500109
117	26	0.441666
117	33	0.486251
117	37	1.27631
117	72	1.32579
117	79	1.28251
117	82	0.473044
117	105	0.481171
117	121	0.530493
117	130	1.30853
117	134	1.34579
117	136	1.30968
117	138	1.40413
117	139	1.31568
117	142	1.36131
117	144	0.551507
117	145	1.31107
117	149	0.509149
117	154	1.37307
117	159	1.34802
117	163	1.33489
117	165	1.35192
117	175	0.521888
117	176	0.498378
117	178	1.35153
118	32	1.45761
118	41	1.40958
118	50	0.485504
118	53	0.431504
118	54	1.34358
118	70	0.42022
118	83	0.449268
118	84	0.520213
118	99	0.438584
118	100	1.34527
118	113	1.44721
118	114	1.44922
118	123	1.43518
118	127	0.470863
118	136	1.35074
118	148	1.42674
118	153	0.47728
118	157	1.37921
118	160	1.40832
118	163	1.37596
118	165	1.39299
118	171	1.39808
118	173	0.495168
118	175	1.38784
118	177	0.486595
118	178	1.39259
118	179	0.469469
118	180	0.462204
119	5	0.479973
119	17	0.534373
119	20	1.35949
119	44	1.2993
119	45	0.518834
119	71	1.2952
119	80	1.26211
119	88	1.3606
119	90	1.38474
119	94	1.32058
119	101	1.38365
119	108	0.471824
119	120	1.27398
119	122	1.32138
119	129	0.562853
119	135	0.546816
119	144	1.25788
119	148	1.33869
119	149	1.32545
119	151	1.3201
119	160	1.32026
119	161	1.2769
119	162	0.504975
119	165	0.506269
119	175	1.29979
119	178	0.507491
119	179	0.490524
119	180	0.483259
120	16	0.617509
120	50	0.521305
120	51	1.31257
120	52	1.28959
120	59	0.555482
120	62	0.500115
120	73	1.28391
120	77	0.470539
120	94	1.30482
120	115	1.25042
120	119	1.27398
120	121	1.25792
120	122	1.30562
120	126	0.50435
120	132	1.29108
120	134	0.525335
120	140	1.30699
120	141	1.30897
120	144	1.24213
120	148	1.32294
120	151	1.30435
120	153	0.513082
120	157	0.535298
120	160	1.30451
120	163	0.542742
120	165	0.521016
120	167	1.26202
120	171	1.29428
120	175	1.28404
121	36	1.36382
121	39	0.594443
121	48	1.29364
121	63	0.495456
121	80	1.24605
121	86	0.505516
121	97	0.541297
121	113	1.3431
121	115	1.25012
121	117	0.530493
121	120	1.25792
121	125	1.28281
121	128	1.3304
121	140	1.30669
121	141	1.30866
121	144	1.24182
121	145	0.558278
121	150	1.26603
121	153	0.508499
121	160	1.3042
121	161	1.26084
121	167	1.26171
121	170	0.534427
121	173	0.526387
121	174	1.29724
121	175	1.28373
121	176	1.3014
121	178	0.517656
121	180	0.493423
122	4	0.476236
122	9	1.15962
122	28	1.28253
122	34	0.571325
122	66	0.51174
122	68	1.3786
122	70	0.433612
122	71	1.32684
122	80	1.29376
122	101	1.4153
122	107	1.37725
122	109	1.39097
122	119	1.32138
122	120	1.30562
122	125	1.33052
122	130	0.549143
122	132	1.33848
122	140	1.35439
122	143	0.492332
122	151	1.35175
122	164	1.34524
122	168	1.337
122	169	0.499416
122	171	1.34168
122	172	0.483923
122	173	0.508559
122	176	1.34911
122	177	0.499987
122	178	0.499828
122	179	0.482861
123	1	1.39919
123	10	1.41858
123	11	1.42604
123	12	1.40371
123	16	0.570362
123	33	0.438278
123	38	0.450687
123	47	0.478458
123	49	1.35139
123	54	0.515939
123	65	0.439154
123	73	1.35707
123	95	1.35454
123	103	1.30459
123	110	0.46017
123	113	1.41656
123	118	1.43518
123	124	1.34786
123	128	1.40387
123	132	1.36423
123	140	1.38015
123	143	0.467595
123	150	1.3395
123	154	0.476725
123	159	0.493672
123	160	1.37767
123	165	0.473869
123	168	1.36275
123	173	0.483822
123	175	1.35719
123	179	0.458124
124	6	1.18803
124	27	0.438564
124	31	0.491496
124	33	0.498413
124	41	1.32226
124	56	1.27176
124	80	1.26284
124	89	0.501131
124	90	1.38547
124	93	0.535931
124	97	0.558867
124	99	0.487373
124	113	1.35989
124	115	1.26691
124	123	1.34786
124	125	1.2996
124	132	1.30756
124	136	0.5583
124	140	1.32348
124	141	1.32545
124	148	1.33942
124	152	0.530133
124	154	0.536859
124	155	0.517016
124	161	1.27763
124	167	1.2785
124	170	0.551997
124	171	1.31076
124	174	1.31403
124	175	1.30052
124	176	1.31819
125	2	1.34437
125	6	1.19645
125	38	0.501914
125	43	1.29351
125	53	0.471385
125	62	0.504195
125	68	1.35609
125	109	1.36846
125	112	0.507688
125	121	1.28281
125	122	1.33052
125	124	1.2996
125	127	0.510743
125	130	0.575632
125	133	1.28716
125	137	1.3035
125	143	0.518821
125	144	1.26703
125	150	1.29124
125	151	1.32925
125	154	0.527951
125	161	1.28604
125	162	0.523801
125	166	0.523246
125	167	1.28692
125	171	1.31918
125	172	0.510413
125	173	0.535048
125	174	1.32245
125	175	1.30894
125	176	1.32661
126	11	0.469218
126	16	1.23696
126	25	0.507533
126	33	1.42712
126	65	1.39491
126	78	0.471348
126	80	0.545333
126	81	1.29838
126	98	1.32291
126	105	1.38443
126	109	0.462925
126	110	1.39185
126	111	1.30694
126	120	0.50435
126	128	0.47446
126	140	0.481815
126	143	1.35453
126	146	1.29983
126	147	1.35679
126	152	1.37346
126	157	0.505399
126	161	0.491508
126	162	1.34024
126	164	1.36203
126	167	0.496155
126	172	1.3606
126	173	1.33134
126	174	0.49077
126	175	0.491163
126	177	1.33495
126	179	1.35628
126	180	1.36653
127	24	1.31418
127	44	0.499634
127	56	0.540033
127	76	1.45203
127	77	1.40214
127	81	1.28736
127	87	1.28245
127	101	1.42107
127	107	0.45754
127	113	0.430543
127	118	0.470863
127	125	0.510743
127	136	0.517727
127	143	1.34351
127	146	1.28881
127	148	0.475112
127	150	0.508331
127	152	1.36244
127	153	1.36775
127	156	1.34862
127	162	1.32922
127	164	1.35101
127	167	0.498469
127	168	0.482716
127	169	0.49424
127	170	0.511424
127	172	1.34958
127	173	1.32031
127	176	1.35488
127	177	1.32393
127	179	1.34525
127	180	1.35551
128	1	1.39852
128	9	1.18471
128	18	1.41447
128	40	1.25501
128	44	1.35603
128	45	0.503691
128	59	0.525591
128	63	0.470148
128	74	0.492727
128	80	1.31885
128	88	1.41733
128	95	1.35387
128	110	0.477426
128	112	0.473718
128	121	1.3304
128	123	1.40387
128	126	0.47446
128	131	1.34905
128	135	0.531673
128	140	1.37948
128	143	0.484851
128	144	1.31462
128	161	1.33363
128	163	0.512851
128	164	1.37033
128	165	0.491125
128	167	1.3345
128	168	1.36208
128	171	1.36677
128	173	0.501079
128	175	1.35652
128	180	0.468115
129	15	1.32166
129	23	0.486522
129	34	1.18748
129	47	1.30112
129	51	0.544349
129	55	1.38385
129	69	1.28007
129	76	0.484253
129	89	1.34199
129	90	0.513314
129	100	1.22048
129	105	0.523695
129	106	0.507526
129	114	1.32443
129	116	1.28317
129	119	0.562853
129	138	1.32041
129	139	1.23196
129	142	1.27759
129	145	1.22735
129	147	0.565069
129	155	1.32408
129	157	1.25442
129	158	1.25758
129	159	1.2643
129	164	0.532043
129	169	1.27253
129	170	1.25799
129	171	0.56596
129	175	0.564412
129	178	1.2678
129	179	0.548621
130	6	0.638717
130	30	1.46044
130	32	0.311205
130	34	1.19602
130	47	1.30967
130	57	1.23678
130	85	1.22193
130	86	1.34117
130	90	0.507267
130	95	0.539591
130	96	0.563572
130	100	1.22903
130	103	1.21899
130	117	1.30853
130	122	0.549143
130	125	0.575632
130	138	1.32895
130	139	1.24051
130	155	1.33263
130	157	1.26297
130	158	1.26613
130	159	1.27285
130	160	0.537041
130	163	1.25972
130	164	0.525997
130	165	1.27675
130	166	1.27973
130	167	0.563358
130	168	0.547605
130	169	1.28108
130	176	0.534855
130	178	1.27635
131	1	1.34438
131	8	0.492933
131	10	1.36376
131	24	0.518623
131	48	1.31229
131	53	0.457443
131	67	1.35003
131	75	0.492849
131	81	0.550773
131	89	0.478281
131	100	0.572905
131	102	1.4936
131	103	1.24977
131	112	0.493745
131	128	1.34905
131	132	1.30942
131	137	1.29695
131	144	1.26047
131	148	1.34128
131	150	1.28468
131	151	1.32269
131	153	0.503219
131	159	0.530957
131	160	1.32285
131	161	1.27948
131	164	1.31618
131	167	1.28036
131	168	1.30794
131	171	1.31262
131	175	1.30238
131	177	0.512534
131	178	0.512375
131	180	0.488143
132	12	1.36341
132	39	0.573589
132	55	0.466944
132	64	1.21789
132	81	0.535199
132	94	1.33768
132	96	1.27763
132	107	1.3627
132	109	1.37642
132	120	1.29108
132	122	1.33848
132	123	1.36423
132	124	1.30756
132	131	1.30942
132	135	0.536127
132	137	1.31146
132	147	0.496282
132	149	1.34255
132	150	1.29919
132	151	1.3372
132	152	0.491709
132	154	0.498435
132	157	0.509861
132	161	1.294
132	162	0.494285
132	166	0.49373
132	167	1.29487
132	170	0.513572
132	171	1.32713
132	173	0.505532
132	174	1.3304
132	175	1.31689
132	177	0.49696
133	4	0.484635
133	5	0.480709
133	7	1.35021
133	10	1.34946
133	23	1.48877
133	28	1.23917
133	32	1.35785
133	34	0.579724
133	61	1.3608
133	65	0.47229
133	84	0.542003
133	101	1.37194
133	104	1.32352
133	125	1.28716
133	136	0.531301
133	137	1.28264
133	140	1.31103
133	143	0.500731
133	149	1.31374
133	152	0.503134
133	154	0.509861
133	160	1.30855
133	164	1.30188
133	166	0.505155
133	167	1.26606
133	168	1.29363
133	169	0.507814
133	171	1.29832
133	174	1.30159
133	175	1.28808
133	176	1.30575
133	177	0.508386
133	180	0.483995
134	7	0.490369
134	18	0.484343
134	59	1.27991
134	92	0.509916
134	95	0.493373
134	99	1.39133
134	117	1.34579
134	120	0.525335
134	140	0.5028
134	142	1.3234
134	144	0.541766
134	145	1.27316
134	148	0.493783
134	151	0.491748
134	152	1.3341
134	153	1.33941
134	155	1.36989
134	161	0.512492
134	163	1.29698
134	165	1.31401
134	166	1.317
134	167	0.51714
134	169	1.31835
134	170	1.3038
134	171	0.513695
134	172	1.32124
134	173	1.29197
134	174	0.511755
134	176	1.32654
134	177	1.29559
134	178	1.31362
134	179	1.31692
134	180	1.32717
135	13	1.16069
135	22	1.42951
135	29	0.458463
135	53	1.3684
135	63	1.31226
135	65	1.31567
135	77	1.33393
135	82	0.499532
135	83	1.33877
135	84	1.22138
135	88	0.521843
135	90	1.35395
135	93	1.28894
135	102	0.459342
135	110	1.31261
135	113	0.485443
135	114	0.513403
135	119	0.546816
135	128	0.531673
135	132	0.536127
135	139	0.57502
135	144	0.577995
135	153	1.29954
135	156	1.28041
135	162	1.261
135	164	1.28279
135	167	0.553368
135	168	0.537615
135	172	1.28136
135	173	1.2521
135	176	1.28667
135	177	1.25571
135	179	1.27704
135	180	1.28729
136	30	1.46159
136	37	1.20228
136	41	0.509662
136	47	1.31082
136	55	1.39355
136	65	0.497364
136	69	1.28976
136	78	1.35655
136	87	0.566113
136	97	1.23562
136	100	1.23018
136	104	0.516537
136	105	0.491408
136	116	1.29286
136	117	1.30968
136	118	1.35074
136	124	0.5583
136	127	0.517727
136	133	0.531301
136	139	1.24166
136	141	0.52153
136	142	1.28729
136	144	0.561744
136	148	0.51376
136	155	1.33378
136	157	1.26412
136	158	1.26727
136	159	1.27399
136	163	1.26087
136	164	0.499756
136	165	1.2779
136	169	1.28223
136	176	0.508615
136	178	1.2775
137	6	1.19193
137	16	0.621564
137	31	0.482564
137	41	1.32616
137	48	1.31433
137	51	1.33295
137	53	0.471361
137	65	0.490356
137	73	1.30429
137	85	0.554041
137	87	1.24966
137	92	1.29435
137	94	1.32521
137	103	1.25181
137	111	0.553945
137	115	1.27081
137	116	0.527034
137	125	1.3035
137	131	1.29695
137	132	1.31146
137	133	1.28264
137	155	0.508085
137	156	0.496825
137	158	0.542229
137	160	1.32489
137	161	1.28152
137	164	1.31822
137	166	0.523222
137	167	1.2824
137	171	1.31466
137	174	1.31793
137	175	1.30442
137	177	0.526452
137	179	0.509326
138	11	0.480244
138	22	0.413959
