1	50	0.881664
1	95	0.912422
1	99	0.839151
1	105	0.886777
1	124	0.91311
1	127	0.944393
1	134	0.935836
1	156	1.2199
1	170	1.19028
1	173	0.88914
1	176	1.21094
1	178	1.27835
2	11	0.920103
2	108	1.06551
2	136	0.995738
2	148	0.980507
2	149	0.960526
2	150	1.01265
2	154	1.03716
2	168	0.99573
2	170	1.05304
2	173	1.016
2	177	1.05579
2	179	1.03082
3	57	0.973665
3	59	0.855561
3	71	0.920897
3	76	0.891462
3	82	0.932179
3	84	0.902208
3	96	0.886957
3	126	1.17456
3	152	1.25071
3	165	0.84119
3	172	1.21298
3	179	1.26044
4	6	1.05167
4	21	0.997488
4	26	0.995636
4	78	1.01093
4	87	1.0017
4	98	1.10329
4	144	0.990978
4	151	1.0081
4	159	0.976242
4	166	1.03594
4	169	1.02041
4	170	0.936059
5	9	1.0525
5	40	1.07652
5	41	1.08447
5	81	1.05773
5	115	1.00158
5	121	0.985783
5	154	0.915999
5	163	0.973652
5	174	1.05153
5	175	0.96133
5	179	0.999599
5	180	0.960522
6	4	1.05167
6	26	0.989452
6	55	1.02663
6	78	1.00474
6	98	1.0971
6	119	1.00835
6	151	1.00192
6	155	0.959862
6	160	0.957401
6	163	1.03931
6	166	1.02975
6	172	0.957634
7	8	0.911294
7	14	1.0585
7	29	0.99383
7	47	0.944781
7	48	0.954178
7	112	0.995098
7	119	1.01672
7	127	0.87495
7	130	1.0341
7	132	1.03575
7	178	1.02397
7	180	1.03938
8	7	0.911294
8	32	0.964592
8	105	1.01368
8	112	0.985107
8	117	1.06507
8	124	1.04001
8	127	1.0713
8	134	1.06274
8	162	1.09454
8	169	1.00003
8	170	0.915677
8	172	0.978219
9	5	1.0525
9	31	1.02306
9	49	1.02644
9	115	1.02343
9	121	1.00764
9	149	1.06804
9	156	0.947582
9	160	0.98027
9	163	0.995504
9	174	1.07339
9	176	0.938618
9	180	0.988892
10	52	1.04516
10	114	0.99644
10	118	1.05957
10	123	1.01181
10	130	1.0186
10	131	1.04364
10	132	1.02024
10	133	1.05591
10	148	0.936938
10	164	1.00375
10	175	0.948986
10	179	0.987255
11	2	0.920103
11	62	1.03899
11	138	0.931765
11	147	1.01088
11	151	0.962777
11	157	1.01595
11	167	1.02638
11	174	0.847001
11	175	1.03291
11	176	1.05014
11	179	1.01975
11	180	1.04322
12	34	0.762867
12	37	0.844634
12	65	0.809105
12	108	0.836005
12	149	0.731023
12	150	0.783144
12	169	1.65338
12	170	0.823539
12	172	1.63157
12	173	0.786501
12	176	1.58968
12	177	0.826285
13	47	0.881415
13	95	0.90255
13	112	0.848332
13	117	0.928295
13	124	0.903238
13	127	0.934521
13	134	0.925964
13	145	1.18108
13	159	1.22959
13	170	1.18941
13	173	0.879268
13	179	1.29942
14	7	1.0585
14	21	0.996688
14	29	0.991588
14	78	1.01013
14	98	1.10249
14	145	0.903885
14	151	1.0073
14	163	1.05643
14	165	1.0676
14	166	1.03514
14	170	0.912215
14	175	0.983954
15	58	1.10156
15	61	0.969111
15	67	0.969095
15	73	1.03582
15	77	1.00329
15	140	0.9671
15	146	0.972564
15	164	1.02726
15	166	1.04195
15	169	0.985116
15	177	1.07897
15	180	0.971695
16	74	0.91517
16	92	0.829409
16	121	0.85353
16	127	0.94257
16	131	0.911848
16	132	0.888451
16	133	0.924118
16	134	0.934013
16	140	1.21843
16	161	1.22014
16	169	1.23644
16	175	1.22383
17	58	1.10156
17	61	0.969111
17	67	0.969095
17	73	1.03582
17	77	1.00329
17	143	1.04452
17	146	0.971232
17	148	0.959123
17	153	0.972338
17	166	1.04195
17	168	0.974346
17	177	1.07897
18	51	0.993627
18	65	1.04168
18	108	1.06858
18	143	1.04242
18	145	0.889009
18	149	0.9636
18	157	1.0168
18	167	0.990329
18	170	1.05612
18	173	1.01908
18	177	1.05886
18	178	0.985402
19	57	1.11145
19	85	1.19244
19	147	0.881602
19	159	0.9306
19	166	1.22924
19	169	0.875303
19	172	0.887438
19	174	1.17162
19	176	0.920856
19	178	0.898527
19	179	0.890468
19	180	0.913936
20	47	1.09588
20	109	0.841373
20	112	1.0628
20	117	1.14276
20	124	1.11771
20	127	1.14899
20	134	1.14043
20	140	0.898166
20	154	0.858238
20	163	0.97605
20	170	0.83183
20	173	1.09374
20	179	0.941838
21	4	0.997488
21	14	0.996688
21	26	0.935266
21	29	0.932019
21	55	0.97244
21	78	0.950558
21	98	1.04292
21	109	0.985661
21	143	1.1212
21	146	1.04792
21	163	1.12034
21	166	0.975568
21	180	1.04705
22	80	0.96094
22	87	0.967908
22	108	1.07351
22	153	0.975177
22	166	1.02677
22	168	0.994148
22	171	0.995572
22	173	1.024
22	174	1.05597
22	177	1.06379
22	179	1.01228
22	180	0.973202
23	91	0.996732
23	113	0.975076
23	114	0.948548
23	120	1.11815
23	123	0.963917
23	130	0.970703
23	131	0.995747
23	132	0.972349
23	133	1.00802
23	145	1.01475
23	148	1.08277
23	173	0.971216
23	178	1.11114
24	72	1.00013
24	90	0.964431
24	98	1.03857
24	115	0.950466
24	121	0.93467
24	143	1.12367
24	154	1.005
24	155	1.04336
24	166	0.97122
24	168	0.938601
24	169	1.06294
24	174	1.00042
24	179	1.0886
25	60	1.13172
25	63	0.934916
25	100	0.959232
25	104	0.974213
25	107	0.999035
25	137	0.935227
25	138	0.977511
25	139	0.978196
25	141	0.983159
25	144	1.06874
25	147	1.14174
25	158	1.04746
25	170	1.0005
26	4	0.995636
26	6	0.989452
26	21	0.935266
26	55	0.970587
26	78	0.948706
26	98	1.04106
26	151	0.945882
26	159	1.03143
26	160	1.05356
26	164	1.11775
26	166	0.973715
26	168	1.06616
26	172	1.05379
27	68	0.890567
27	95	0.852603
27	108	0.815022
27	120	1.08648
27	125	0.874279
27	134	0.79599
27	136	1.11856
27	166	0.827187
27	172	1.10389
27	176	1.13731
27	178	1.11498
27	179	1.10692
27	180	1.13039
28	54	1.1646
28	61	1.05878
28	67	1.05876
28	73	1.12549
28	77	1.09296
28	111	0.907322
28	153	0.865024
28	154	0.818526
28	162	0.970984
28	166	1.13162
28	167	0.885109
28	177	1.16864
28	179	0.902126
29	7	0.99383
29	14	0.991588
29	21	0.932019
29	35	0.946995
29	55	0.967339
29	98	1.03782
29	125	0.964051
29	135	1.12831
29	151	0.942634
29	159	1.0507
29	166	0.970467
29	169	1.09487
29	171	1.10382
30	75	0.96435
30	76	0.9786
30	82	1.01932
30	84	0.989346
30	96	0.974095
30	128	1.16152
30	140	0.975872
30	150	0.975651
30	160	1.01678
30	165	0.928329
30	169	1.03883
30	178	1.04254
30	179	1.06448
31	9	1.02306
31	42	0.927428
31	56	0.9502
31	74	1.01798
31	92	0.932217
31	115	0.972134
31	121	0.956338
31	140	1.08222
31	143	1.16097
31	170	1.01588
31	174	1.02209
31	176	1.03654
31	177	1.02771
32	8	0.964592
32	50	0.949563
32	109	0.998359
32	112	0.926103
32	117	1.00607
32	120	1.08388
32	124	0.981009
32	127	1.01229
32	134	1.00373
32	164	1.11532
32	168	1.06373
32	173	0.957039
32	175	1.06056
33	86	1.26717
33	108	0.905478
33	114	1.29885
33	124	0.879943
33	134	0.902669
33	137	1.32031
33	164	0.814964
33	173	0.855974
33	174	1.21564
33	177	0.895758
33	178	0.845329
33	179	0.837269
33	180	0.860738
34	12	0.762867
34	51	0.959406
34	65	1.00746
34	108	1.03436
34	135	1.11293
34	154	1.00601
34	156	1.02475
34	160	1.05744
34	168	1.07004
34	170	1.02189
34	172	1.05767
34	173	0.984856
34	177	1.02464
35	29	0.946995
35	44	0.994004
35	80	0.948528
35	94	0.861974
35	138	0.868958
35	144	1.06855
35	152	1.02881
35	160	1.05741
35	171	1.04063
35	173	0.856356
35	175	1.05306
35	178	1.04796
35	179	1.0399
35	180	1.06337
36	52	1.19829
36	64	0.884202
36	93	0.955688
36	102	0.930757
36	104	0.945694
36	106	0.976339
36	137	0.906708
36	138	0.948992
36	139	0.949677
36	149	1.18045
36	151	0.909875
36	158	1.06401
36	164	1.15687
36	167	1.12336
37	12	0.844634
37	65	1.08923
37	108	1.11613
37	128	1.04651
37	144	0.894377
37	149	1.01115
37	150	1.06327
37	161	0.907505
37	162	1.01832
37	167	0.932448
37	170	1.10366
37	173	1.06662
37	177	1.10641
37	179	0.949465
38	47	0.918769
38	68	0.926697
38	105	0.91426
38	112	0.885687
38	117	0.96565
38	120	1.15638
38	124	0.940593
38	127	0.971876
38	134	0.963319
38	154	1.08772
38	164	1.18781
38	168	1.13622
38	171	1.15461
38	173	0.916623
39	92	1.17965
39	103	0.949649
39	129	1.08266
39	133	1.07599
39	144	0.952475
39	146	0.942389
39	161	0.947037
39	162	0.886354
39	172	0.9208
39	173	1.10577
39	174	1.0336
39	178	0.931888
39	179	0.923829
39	180	0.947298
40	5	1.07652
40	56	1.02552
40	74	1.0933
40	87	0.971292
40	92	1.00754
40	115	1.04745
40	121	1.03166
40	148	0.965346
40	154	0.932064
40	163	1.01953
40	167	0.998646
40	170	0.905656
40	174	1.09741
40	180	0.976587
41	5	1.08447
41	65	1.06938
41	84	1.15452
41	90	1.11965
41	127	1.07421
41	161	0.947031
41	169	0.908658
41	171	0.924551
41	172	0.920794
41	175	0.936984
41	176	0.954211
41	178	0.931882
41	179	0.923823
41	180	0.947291
42	31	0.927428
42	56	0.905867
42	72	0.97747
42	81	0.983951
42	92	0.887884
42	115	0.927802
42	121	0.912006
42	146	1.13806
42	152	1.16653
42	153	1.13916
42	163	0.899874
42	168	1.14117
42	174	0.977756
42	180	1.13719
43	57	1.00371
43	78	0.898917
43	82	1.07128
43	95	1.14692
43	98	0.991276
43	124	1.13751
43	130	0.920651
43	131	0.945694
43	133	0.957964
43	141	1.1209
43	166	0.923927
43	176	0.932848
43	179	0.902459
43	180	0.925928
44	35	0.994004
44	75	0.914942
44	77	0.893711
44	84	0.939938
44	96	0.924687
44	130	0.929087
44	132	0.930733
44	133	0.9664
44	147	1.18545
44	163	1.20174
44	164	1.18402
44	166	0.932363
44	168	1.13244
44	177	0.969384
45	57	1.01308
45	59	0.894975
45	71	0.960311
45	76	0.930876
45	84	0.941622
45	96	0.926371
45	140	0.928148
45	150	0.927927
45	158	1.10147
45	160	1.13014
45	161	1.13588
45	163	1.21205
45	165	0.880605
45	168	1.14274
46	53	1.05137
46	74	1.08577
46	81	1.09608
46	92	1.00001
46	115	1.03993
46	121	1.02413
46	136	0.934998
46	140	0.926412
46	152	0.960349
46	157	0.979534
46	163	1.012
46	165	1.01546
46	174	1.08988
46	180	0.931007
47	7	0.944781
47	13	0.881415
47	20	1.09588
47	38	0.918769
47	105	1.00827
47	119	1.06243
47	125	1.00698
47	127	1.06589
47	134	1.05733
47	148	1.00886
47	149	0.955159
47	153	1.02207
47	168	1.02408
47	173	1.01064
47	179	1.05917
48	7	0.954178
48	62	0.949318
48	70	1.01601
48	80	0.937815
48	85	1.03374
48	88	1.03356
48	89	1.0334
48	90	0.996854
48	103	1.01123
48	136	1.03348
48	163	1.10278
48	168	0.971024
48	171	1.05186
48	174	1.03284
48	177	0.97039
49	9	1.02644
49	53	0.986961
49	72	1.02518
49	74	1.02136
49	81	1.03166
49	115	0.975515
49	121	0.959719
49	145	0.968656
49	146	1.04879
49	154	1.00339
49	163	0.947587
49	164	1.10349
49	170	0.976986
49	174	1.02547
49	180	1.04792
50	1	0.881664
50	32	0.949563
50	95	1.0243
50	105	0.998651
50	112	0.970078
50	117	1.05004
50	124	1.02498
50	127	1.05627
50	134	1.04771
50	140	1.00721
50	142	1.03423
50	155	1.00564
50	157	1.06033
50	178	1.02894
50	180	1.0118
51	18	0.993627
51	34	0.959406
51	65	1.00564
51	108	1.03254
51	135	1.05541
51	140	1.00394
51	143	1.08269
51	144	0.992527
51	150	0.979683
51	154	1.0042
51	160	0.999916
51	168	1.01252
51	170	1.02008
51	173	0.98304
51	177	1.02282
52	10	1.04516
52	36	1.19829
52	97	1.11026
52	108	1.06108
52	130	1.11188
52	145	0.974052
52	162	0.88849
52	164	0.903659
52	171	0.926693
52	175	0.939126
52	176	0.956353
52	178	0.934024
52	179	0.925965
52	180	0.949433
53	46	1.05137
53	49	0.986961
53	60	1.03793
53	72	1.03362
53	81	1.0401
53	92	0.944037
53	115	0.983954
53	120	1.01509
53	121	0.968158
53	156	0.949646
53	157	1.03948
53	163	0.956027
53	165	1.07541
53	174	1.03391
53	179	1.03003
54	28	1.1646
54	58	1.10661
54	61	0.974167
54	67	0.974151
54	73	1.04088
54	77	1.00835
54	99	1.00472
54	119	0.988097
54	166	1.047
54	168	0.949749
54	170	0.874835
54	177	1.08402
54	179	0.984843
54	180	0.945766
55	6	1.02663
55	21	0.97244
55	26	0.970587
55	29	0.967339
55	78	0.985879
55	98	1.07824
55	125	1.00447
55	144	0.988518
55	151	0.983055
55	160	0.995907
55	165	1.08898
55	166	1.01089
55	168	1.00851
55	178	1.02166
55	179	1.04361
56	31	0.9502
56	40	1.02552
56	42	0.905867
56	72	1.00024
56	74	0.996417
56	92	0.910656
56	115	0.950574
56	121	0.934778
56	163	0.922646
56	164	1.13744
56	165	1.16633
56	167	1.10394
56	170	1.01095
56	174	1.00053
56	176	1.0316
56	178	1.09901
57	3	0.973665
57	19	1.11145
57	43	1.00371
57	45	1.01308
57	59	1.05398
57	71	1.11931
57	82	1.13059
57	84	1.10062
57	96	1.08537
57	116	0.876744
57	128	0.994589
57	145	0.779209
57	150	1.08693
57	159	0.827722
57	163	0.931758
57	165	1.03961
58	15	1.10156
58	17	1.10156
58	54	1.10661
58	61	1.00079
58	67	1.00077
58	73	1.0675
58	77	1.03497
58	142	0.9427
58	143	0.994431
58	157	0.968803
58	158	0.882988
58	166	1.07363
58	167	0.942335
58	175	0.921084
58	177	1.11065
58	180	0.920276
59	3	0.855561
59	45	0.894975
59	57	1.05398
59	60	1.16604
59	71	1.00121
59	75	0.957523
59	76	0.971774
59	82	1.01249
59	96	0.967269
59	145	1.03981
59	150	0.968824
59	160	1.11045
59	165	0.921502
59	168	1.12306
59	170	1.04814
59	177	1.05997
60	25	1.13172
60	53	1.03793
60	59	1.16604
60	118	0.99534
60	133	1.008
60	134	0.992034
60	153	0.96491
60	159	0.985947
60	162	0.908339
60	171	0.946542
60	172	0.942785
60	176	0.976202
60	177	1.0043
60	178	0.953873
60	179	0.945814
60	180	0.969282
61	15	0.969111
61	17	0.969111
61	28	1.05878
61	54	0.974167
61	58	1.00079
61	67	0.868328
61	73	0.935052
61	77	0.902528
61	126	1.00512
61	128	1.18804
61	152	1.08126
61	155	1.04576
61	162	1.15986
61	166	0.94118
61	177	0.978201
61	178	1.06905
62	11	1.03899
62	48	0.949318
62	70	0.972055
62	80	0.893864
62	85	0.989791
62	88	0.989609
62	89	0.989446
62	90	0.952903
62	111	1.15491
62	145	1.03138
62	150	0.953572
62	168	0.927072
62	174	0.988891
62	175	1.11144
62	176	1.06036
62	178	1.12777
63	25	0.934916
63	69	0.897541
63	76	0.907859
63	77	0.893452
63	84	0.880736
63	130	0.865053
63	132	0.871132
63	145	1.0998
63	156	1.08721
63	164	1.02941
63	172	1.04868
63	175	1.06487
63	176	1.0821
63	178	1.05977
63	179	1.05171
63	180	1.07518
64	36	0.884202
64	66	0.978522
64	93	0.97849
64	104	0.968497
64	122	0.950271
64	126	1.06835
64	137	0.929511
64	138	0.971795
64	139	0.97248
64	141	0.977442
64	142	1.13757
64	145	1.03589
64	152	1.14449
64	158	1.07786
64	159	1.0844
64	170	0.994785
65	12	0.809105
65	18	1.04168
65	34	1.00746
65	37	1.08923
65	41	1.06938
65	51	1.00564
65	108	1.0806
65	116	0.963708
65	143	1.01959
65	149	0.975617
65	152	0.974775
65	154	1.05225
65	157	0.993961
65	158	0.908146
65	163	1.01872
65	170	1.06813
65	177	1.07088
66	64	0.978522
66	69	1.03883
66	97	1.00221
66	110	0.985813
66	122	1.02179
66	126	0.962133
66	129	1.03885
66	138	1.04331
66	139	1.044
66	141	1.04896
66	151	1.00419
66	154	0.96441
66	159	0.978185
66	167	1.03099
66	171	1.0313
66	176	0.958658
66	179	1.04801
67	15	0.969095
67	17	0.969095
67	28	1.05876
67	54	0.974151
67	58	1.00077
67	61	0.868328
67	73	0.935037
67	77	0.902512
67	111	1.12968
67	155	1.07924
67	158	1.04812
67	165	1.16985
67	166	0.941164
67	170	1.01447
67	171	1.10777
67	177	0.978185
68	27	0.890567
68	38	0.926697
68	95	1.04185
68	105	1.0162
68	112	0.987629
68	117	1.06759
68	124	1.04253
68	127	1.07382
68	134	1.06526
68	136	1.04363
68	145	0.960379
68	149	0.963087
68	169	1.05306
68	172	1.03125
68	173	1.01856
68	176	0.989365
68	177	0.980537
69	63	0.897541
69	66	1.03883
69	86	1.00888
69	102	1.01386
69	122	1.01057
69	129	1.02764
69	137	0.989814
69	138	1.0321
69	139	1.03278
69	140	1.01491
69	141	1.03775
69	145	0.968117
69	158	1.01009
69	172	1.03899
69	175	1.04819
69	176	0.997103
69	177	0.988275
70	48	1.01601
70	62	0.972055
70	79	1.06742
70	80	0.960552
70	85	1.05648
70	88	1.0563
70	89	1.05613
70	90	1.01959
70	136	0.976739
70	149	1.0519
70	150	1.02026
70	159	0.942
70	163	1.04604
70	168	0.99376
70	174	1.05558
70	175	0.973556
70	177	0.913645
71	3	0.920897
71	45	0.960311
71	57	1.11931
71	59	1.00121
71	75	1.02286
71	82	1.07783
71	84	1.04786
71	96	1.0326
71	99	1.05777
71	150	1.03416
71	158	0.961527
71	163	1.0721
71	165	0.986838
71	170	0.927884
71	177	0.939712
71	178	1.01595
71	180	0.998815
72	24	1.00013
72	42	0.97747
72	49	1.02518
72	53	1.03362
72	56	1.00024
72	81	1.07833
72	92	0.982259
72	111	1.02044
72	115	1.02218
72	121	1.00638
72	149	1.05531
72	158	0.938879
72	162	1.0841
72	170	0.905235
72	174	1.07213
72	175	0.976975
72	178	0.993299
73	15	1.03582
73	17	1.03582
73	28	1.12549
73	54	1.04088
73	58	1.0675
73	61	0.935052
73	67	0.935037
73	77	0.969236
73	128	1.10586
73	136	0.97373
73	152	0.999081
73	156	0.928428
73	165	1.05419
73	166	1.00789
73	171	0.992108
73	176	0.919464
73	177	1.04491
74	16	0.91517
74	31	1.01798
74	40	1.0933
74	46	1.08577
74	49	1.02136
74	56	0.996417
74	92	0.978434
74	109	0.946848
74	115	1.01835
74	121	1.00256
74	135	1.0551
74	153	1.01021
74	159	0.977488
74	174	1.06831
74	177	0.949134
74	178	1.02537
74	180	1.00824
75	30	0.96435
75	44	0.914942
75	59	0.957523
75	71	1.02286
75	76	0.993425
75	82	1.03414
75	84	1.00417
75	96	0.98892
75	140	0.990696
75	144	1.06694
75	150	0.990475
75	154	1.03842
75	159	1.0522
75	165	0.943153
75	169	1.09637
75	170	1.01202
75	175	1.08376
75	177	1.02384
76	3	0.891462
76	30	0.9786
76	45	0.930876
76	59	0.971774
76	63	0.907859
76	75	0.993425
76	82	1.04839
76	84	1.01842
76	96	1.00317
76	99	1.11665
76	140	1.00495
76	150	1.00473
76	154	1.01317
76	156	1.01639
76	157	1.10622
76	163	1.13098
76	165	0.957403
76	180	1.0577
77	15	1.00329
77	17	1.00329
77	28	1.09296
77	44	0.893711
77	54	1.00835
77	58	1.03497
77	61	0.902528
77	63	0.893452
77	67	0.902512
77	73	0.969236
77	142	1.06571
77	157	1.09182
77	165	1.12774
77	166	0.975364
77	167	1.06535
77	168	1.04727
77	169	1.05671
77	177	1.01239
78	4	1.01093
78	6	1.00474
78	14	1.01013
78	21	0.950558
78	26	0.948706
78	43	0.898917
78	55	0.985879
78	98	1.05636
78	109	1.00081
78	125	0.98259
78	146	1.06307
78	149	1.14135
78	151	0.961174
78	156	1.02089
78	158	1.02491
78	166	0.989007
78	168	1.06618
78	172	1.05381
79	70	1.06742
79	82	1.02071
79	83	1.05298
79	90	1.09037
79	98	1.01402
79	111	0.946747
79	131	1.09187
79	132	1.11564
79	158	0.979338
79	160	0.965216
79	161	0.970918
79	162	0.910235
79	164	0.925404
79	169	0.932545
79	171	0.948438
79	172	0.94468
79	178	0.955769
79	179	0.94771
79	180	0.971178
80	22	0.96094
80	35	0.948528
80	48	0.937815
80	62	0.893864
80	70	0.960552
80	85	0.978288
80	88	0.978106
80	89	0.977943
80	90	0.9414
80	99	1.14193
80	125	0.941772
80	135	1.12985
80	150	0.942069
80	163	1.15627
80	165	1.16743
80	168	0.915569
80	174	0.977388
80	179	1.12206
80	180	1.08298
81	5	1.05773
81	42	0.983951
81	46	1.09608
81	49	1.03166
81	53	1.0401
81	72	1.07833
81	92	0.98874
81	115	1.02866
81	121	1.01286
81	145	0.893242
81	154	0.92798
81	157	1.02103
81	162	1.08044
81	163	1.00073
81	170	0.901572
81	174	1.07861
81	175	0.973312
81	178	0.989636
81	179	1.01158
82	3	0.932179
82	30	1.01932
82	43	1.07128
82	57	1.13059
82	59	1.01249
82	71	1.07783
82	75	1.03414
82	76	1.04839
82	79	1.02071
82	84	1.05914
82	96	1.04389
82	120	0.950171
82	140	1.04566
82	147	0.983025
82	149	1.00518
82	156	0.884723
82	165	0.99812
82	177	0.866931
82	179	0.96511
83	79	1.05298
83	86	1.0312
83	100	1.03613
83	102	1.03618
83	103	0.940041
83	106	1.08176
83	110	0.996913
83	122	1.03289
83	126	0.9115
83	137	1.01213
83	138	1.05441
83	139	1.0551
83	141	1.06006
83	154	0.913777
83	165	1.04275
83	167	0.980359
83	168	1.01051
83	178	0.975433
83	180	0.9583
84	3	0.902208
84	30	0.989346
84	41	1.15452
84	44	0.939938
84	45	0.941622
84	57	1.10062
84	63	0.880736
84	71	1.04786
84	75	1.00417
84	76	1.01842
84	82	1.05914
84	96	1.01392
84	135	1.07744
84	140	1.01569
84	160	1.02195
84	165	0.968149
84	168	1.03456
84	170	0.959641
84	177	0.97147
84	178	1.0477
85	19	1.19244
85	48	1.03374
85	62	0.989791
85	70	1.05648
85	80	0.978288
85	88	1.07403
85	89	1.07387
85	90	1.03733
85	125	1.0377
85	145	0.860203
85	147	0.996455
85	148	0.928224
85	150	1.038
85	152	0.968806
85	155	0.933303
85	160	0.930841
85	167	0.961523
85	168	1.0115
85	174	1.07332
86	33	1.26717
86	69	1.00888
86	83	1.0312
86	87	0.964881
86	97	0.972265
86	100	0.99509
86	102	0.995135
86	104	1.01007
86	119	1.01251
86	129	1.00891
86	137	0.971085
86	138	1.01337
86	139	1.01405
86	141	1.01902
86	161	0.967292
86	164	1.02575
86	165	1.05463
86	168	0.969466
86	177	0.911073
86	180	0.970176
87	4	1.0017
87	22	0.967908
87	40	0.971292
87	86	0.964881
87	101	1.01164
87	122	1.01005
87	135	0.970396
87	146	1.00549
87	150	1.00315
87	155	1.00342
87	156	1.02242
87	159	1.02706
87	161	1.01013
87	166	0.970966
87	167	0.99356
87	171	0.987653
87	172	0.983896
87	175	1.00009
87	179	0.986925
87	180	1.01039
88	48	1.03356
88	62	0.989609
88	70	1.0563
88	80	0.978106
88	85	1.07403
88	89	1.07369
88	90	1.03714
88	125	1.03752
88	135	0.990098
88	140	0.938636
88	150	1.03781
88	163	1.01652
88	165	1.02768
88	167	0.965291
88	168	1.01131
88	169	0.956652
88	174	1.07313
88	178	0.960364
88	180	0.943231
89	48	1.0334
89	62	0.989446
89	70	1.05613
89	80	0.977943
89	85	1.07387
89	88	1.07369
89	90	1.03698
89	99	1.02932
89	125	1.03735
89	126	0.923569
89	150	1.03765
89	155	0.964208
89	162	1.0783
89	168	1.01115
89	169	0.98379
89	170	0.899438
89	174	1.07297
89	177	0.911267
89	179	1.00945
90	24	0.964431
90	41	1.11965
90	48	0.996854
90	62	0.952903
90	70	1.01959
90	79	1.09037
90	80	0.9414
90	85	1.03733
90	88	1.03714
90	89	1.03698
90	125	1.00081
90	144	0.979684
90	146	0.996565
90	150	1.00111
90	152	1.02504
90	153	0.997671
90	154	0.951173
90	168	0.974608
90	172	0.987307
90	174	1.03643
91	23	0.996732
91	96	0.956583
91	105	0.926825
91	113	0.889241
91	123	0.930675
91	141	0.878374
91	150	0.911164
91	156	1.07426
91	158	1.0704
91	161	1.06198
91	162	1.00129
91	167	1.0454
91	171	1.0395
91	172	1.03574
91	173	0.893528
91	174	0.821367
91	175	1.05193
91	176	1.06916
91	178	1.04683
91	179	1.03877
91	180	1.06224
92	16	0.829409
92	31	0.932217
92	39	1.17965
92	40	1.00754
92	42	0.887884
92	46	1.00001
92	53	0.944037
92	56	0.910656
92	72	0.982259
92	74	0.978434
92	81	0.98874
92	115	0.932591
92	121	0.916795
92	128	1.20081
92	142	1.08711
92	157	1.11321
92	162	1.17262
92	163	0.904664
92	165	1.14914
92	169	1.07811
92	170	0.993756
92	174	0.982545
93	36	0.955688
93	64	0.97849
93	97	1.00218
93	107	1.0648
93	110	0.985781
93	119	1.01078
93	122	1.02176
93	129	1.03882
93	137	1.001
93	138	1.04328
93	139	1.04397
93	140	1.0261
93	141	1.04893
93	149	1.0476
93	155	0.96229
93	162	1.07639
93	165	1.0529
93	168	0.999377
93	175	0.969259
93	177	0.909348
93	178	0.985584
93	179	1.00753
94	35	0.861974
94	101	1.00011
94	113	1.01607
94	114	0.989547
94	118	1.05267
94	123	1.00492
94	130	1.0117
94	131	1.03675
94	132	1.01335
94	133	1.04902
94	143	1.07058
94	146	0.997294
94	149	1.07557
94	160	0.987803
94	164	1.05199
94	165	0.961535
94	166	1.01498
94	169	1.00985
94	173	1.01221
94	174	1.04418
94	176	0.946151
94	180	0.996426
95	1	0.912422
95	13	0.90255
95	27	0.852603
95	43	1.14692
95	50	1.0243
95	68	1.04185
95	99	0.981783
95	103	0.983417
95	105	1.02941
95	112	1.00084
95	117	1.0808
95	124	1.05574
95	127	1.08702
95	134	1.07847
95	146	1.00254
95	147	1.05867
95	149	0.976294
95	154	0.957153
95	156	0.960365
95	160	0.993053
95	173	1.03177
95	178	1.01881
96	3	0.886957
96	30	0.974095
96	44	0.924687
96	45	0.926371
96	57	1.08537
96	59	0.967269
96	71	1.0326
96	75	0.98892
96	76	1.00317
96	82	1.04389
96	84	1.01392
96	91	0.956583
96	120	1.078
96	140	1.00044
96	144	1.03785
96	150	1.00022
96	153	1.05584
96	162	1.1618
96	165	0.952898
96	167	1.07592
96	170	0.98293
96	172	1.04547
96	176	1.00359
97	52	1.11026
97	66	1.00221
97	86	0.972265
97	93	1.00218
97	99	1.07222
97	104	0.992182
97	106	1.02283
97	107	1.017
97	119	1.0556
97	122	0.973956
97	129	0.991018
97	136	1.01726
97	137	0.953196
97	138	0.99548
97	139	0.996165
97	141	1.00113
97	151	0.956363
97	153	1.01524
97	157	1.0618
97	163	0.935515
97	165	1.09772
97	177	0.954167
97	180	1.01327
98	4	1.10329
98	6	1.0971
98	14	1.10249
98	21	1.04292
98	24	1.03857
98	26	1.04106
98	29	1.03782
98	43	0.991276
98	55	1.07824
98	78	1.05636
98	79	1.01402
98	99	0.978302
98	125	1.07495
98	142	0.941773
98	147	0.97634
98	151	1.05353
98	154	0.874826
98	159	0.888601
98	161	0.916465
98	163	0.992638
98	166	1.08137
98	175	0.920157
98	180	0.919349
99	1	0.839151
99	54	1.00472
99	71	1.05777
99	76	1.11665
99	80	1.14193
99	89	1.02932
99	95	0.981783
99	97	1.07222
99	98	0.978302
99	123	0.951202
99	124	0.982471
99	127	1.01375
99	130	0.957988
99	131	0.983031
99	132	0.959634
99	133	0.995301
99	134	1.0052
99	137	1.08228
99	150	1.0674
99	161	0.963004
99	164	0.917491
99	178	0.947856
99	179	0.939796
99	180	0.963265
100	25	0.959232
100	83	1.03613
100	86	0.99509
100	102	1.00007
100	104	1.01501
100	106	1.04565
100	107	1.03983
100	109	0.961317
100	110	0.960805
100	122	0.996781
100	129	1.01384
100	136	1.0267
100	137	0.976021
100	138	1.0183
100	141	1.02395
100	146	1.02357
100	161	1.01982
100	163	0.958339
100	165	1.10716
100	167	1.04476
100	168	0.974402
100	169	1.03613
100	175	1.02351
100	177	0.963603
100	178	1.03984
101	87	1.01164
101	94	1.00011
101	109	0.955543
101	113	1.00025
101	114	0.97372
101	118	1.03685
101	120	1.04107
101	123	0.989089
101	130	0.995875
101	131	1.02092
101	132	0.997521
101	133	1.03319
101	148	1.00569
101	151	0.971318
101	154	1.01755
101	155	1.01077
101	156	0.975621
101	162	1.12487
101	165	0.945708
101	166	0.999151
101	168	1.02091
101	173	0.996388
101	174	1.02835
101	175	1.01774
101	179	1.05601
102	36	0.930757
102	69	1.01386
102	83	1.03618
102	86	0.995135
102	100	1.00007
102	106	1.0457
102	110	0.96085
102	116	1.0453
102	129	1.01389
102	137	0.976065
102	138	1.01835
102	139	1.01903
102	141	1.024
102	152	1.05637
102	156	0.985715
102	158	0.989738
102	160	1.0184
102	163	0.958384
102	167	1.04909
102	168	0.974446
102	170	1.04134
102	171	1.04939
102	172	1.01864
102	177	0.967923
102	179	1.0661
103	39	0.949649
103	48	1.01123
103	83	0.940041
103	95	0.983417
103	104	0.989211
103	106	0.936685
103	123	1.00969
103	137	1.00506
103	139	0.976825
103	142	1.00676
103	151	1.01616
103	160	1.01441
103	162	0.959427
103	164	0.974596
103	166	0.958002
103	167	1.00354
103	169	0.981737
103	171	0.99763
103	172	0.993872
103	175	1.01006
103	176	1.02729
103	177	1.05539
103	178	1.00496
103	179	0.996902
103	180	1.02037
104	25	0.974213
104	36	0.945694
104	64	0.968497
104	86	1.01007
104	97	0.992182
104	100	1.01501
104	103	0.989211
104	110	0.975787
104	122	1.01176
104	129	1.02882
104	137	0.991002
104	138	1.03329
104	139	1.03397
104	140	1.0161
104	141	1.03893
104	143	1.08162
104	149	1.08662
104	154	0.962947
104	155	1.00131
104	161	1.00459
104	163	0.973321
104	167	1.02953
104	169	1.02089
104	172	0.999081
104	179	1.04655
105	1	0.886777
105	8	1.01368
105	38	0.91426
105	47	1.00827
105	50	0.998651
105	68	1.0162
105	91	0.926825
105	95	1.02941
105	109	0.962714
105	112	0.975191
105	117	1.05515
105	124	1.0301
105	125	1.00247
105	127	1.06138
105	134	1.05282
105	136	1.02809
105	148	1.01286
105	149	0.950649
105	157	1.07263
105	162	1.13204
105	173	1.00613
105	175	1.02491
105	176	0.973828
105	179	1.06318
105	180	1.0241
106	36	0.976339
106	83	1.08176
106	97	1.02283
106	100	1.04565
106	102	1.0457
106	103	0.936685
106	107	1.08546
106	110	1.00643
106	119	0.997275
106	122	1.04241
106	126	0.908143
106	129	1.05947
106	137	1.02165
106	138	1.06393
106	139	1.06462
106	141	1.06958
106	149	1.03409
106	159	0.924195
106	161	0.952059
106	163	1.00397
106	164	1.01051
106	165	1.03939
106	167	0.977003
106	168	1.02003
106	177	0.895841
106	178	0.972076
107	25	0.999035
107	93	1.0648
107	97	1.017
107	100	1.03983
107	106	1.08546
107	110	1.00061
107	111	0.994201
107	116	0.968203
107	122	1.03658
107	129	1.05365
107	137	1.01582
107	138	1.05811
107	139	1.05879
107	141	1.06376
107	147	1.00692
107	149	1.02908
107	151	1.01899
107	156	0.908618
107	157	0.998456
107	159	0.919181
107	160	0.941306
107	168	1.0142
107	170	1.0811
107	175	0.950737
107	178	0.967061
107	179	0.989006
108	2	1.06551
108	12	0.836005
108	18	1.06858
108	22	1.07351
108	27	0.815022
108	33	0.905478
108	34	1.03436
108	37	1.11613
108	51	1.03254
108	52	1.06108
108	65	1.0806
108	119	1.00643
108	140	0.9595
108	142	0.986519
108	143	1.03825
108	149	1.00252
108	150	1.05464
108	154	1.07915
108	158	0.926807
108	168	0.968078
108	170	1.09503
108	173	1.05799
108	176	0.91382
108	177	1.09778
108	178	0.981228
108	180	0.964095
109	20	0.841373
109	21	0.985661
109	32	0.998359
109	74	0.946848
109	78	1.00081
109	100	0.961317
109	101	0.955543
109	105	0.962714
109	127	0.888876
109	140	1.0418
109	145	1.07432
109	148	1.06518
109	153	1.04533
109	159	1.06636
109	161	1.04944
109	162	0.988755
109	164	1.00393
109	167	1.03287
109	171	1.02696
109	173	0.929418
109	174	0.857257
109	175	1.03939
109	176	1.05662
109	178	1.03429
109	179	1.02623
109	180	1.0497
110	66	0.985813
110	83	0.996913
110	93	0.985781
110	100	0.960805
110	102	0.96085
110	104	0.975787
110	106	1.00643
110	107	1.00061
110	122	0.957561
110	126	1.00027
110	128	1.18319
110	129	0.974623
110	137	0.936801
110	138	0.979085
110	139	0.97977
110	141	0.984733
110	145	0.967804
110	149	1.12621
110	152	1.07641
110	154	1.00254
110	161	1.04418
110	163	0.91912
110	165	1.13152
110	167	1.06912
110	170	1.00208
110	180	1.04707
111	28	0.907322
111	62	1.15491
111	67	1.12968
111	72	1.02044
111	79	0.946747
111	107	0.994201
111	119	0.97093
111	124	1.03653
111	133	1.0053
111	138	1.04768
111	145	1.01821
111	146	0.988679
111	157	0.966325
111	161	0.993327
111	162	0.932644
111	166	1.02053
111	167	0.976753
111	168	0.958967
111	169	0.954954
111	172	0.96709
111	174	0.962917
111	175	0.98328
111	176	1.00051
111	178	0.978178
111	179	0.970119
111	180	0.993587
112	7	0.995098
112	8	0.985107
112	13	0.848332
112	20	1.0628
112	32	0.926103
112	38	0.885687
112	50	0.970078
112	68	0.987629
112	95	1.00084
112	105	0.975191
112	117	1.02658
112	124	1.00152
112	125	0.973901
112	127	1.03281
112	134	1.02425
112	140	1.06582
112	142	1.09284
112	144	1.0544
112	149	0.922076
112	158	1.03312
112	163	1.1437
112	169	1.08383
112	173	0.977554
112	175	1.07122
112	177	1.01131
112	180	1.07041
113	23	0.975076
113	91	0.889241
113	94	1.01607
113	101	1.00025
113	114	0.989682
113	118	1.05281
113	123	1.00505
113	130	1.01184
113	131	1.03688
113	132	1.01348
113	133	1.04915
113	135	1.03339
113	142	1.00894
113	151	0.98728
113	154	1.03351
113	162	1.09445
113	163	1.05981
113	165	0.961671
113	166	1.01511
113	167	1.00858
113	169	0.999939
113	170	0.915588
113	171	1.00889
113	173	1.01235
113	174	1.04431
113	178	1.00365
113	179	1.0256
114	10	0.99644
114	23	0.948548
114	33	1.29885
114	94	0.989547
114	101	0.97372
114	113	0.989682
114	118	1.02628
114	123	0.978523
114	128	1.13798
114	130	0.985309
114	131	1.01035
114	132	0.986955
114	133	1.02262
114	144	0.985849
114	151	0.960752
114	154	1.00698
114	156	0.96055
114	161	0.998976
114	164	1.05743
114	165	0.935143
114	166	0.988585
114	172	0.993471
114	173	0.985822
114	174	1.01779
114	175	1.00267
114	176	0.951586
114	178	1.01899
114	179	1.04094
115	5	1.00158
115	9	1.02343
115	24	0.950466
115	31	0.972134
115	40	1.04745
115	42	0.927802
115	46	1.03993
115	49	0.975515
115	53	0.983954
115	56	0.950574
115	72	1.02218
115	74	1.01835
115	81	1.02866
115	92	0.932591
115	116	1.05214
115	121	0.956712
115	136	1.03786
115	153	1.03585
115	155	1.02771
115	157	1.0824
115	158	0.996583
115	163	0.944581
115	164	1.08944
115	171	1.05624
115	172	1.02548
115	174	1.02246
115	175	1.03468
115	180	1.03387
116	57	0.876744
116	65	0.963708
116	102	1.0453
116	107	0.968203
116	115	1.05214
116	117	0.96894
116	121	1.08583
116	124	1.01053
116	126	1.00627
116	131	1.01547
116	139	1.01336
116	148	1.01424
116	151	1.0527
116	152	0.964205
116	155	0.991792
116	156	1.01079
116	157	0.971499
116	158	1.00692
116	159	1.01543
116	160	0.992799
116	164	0.952987
116	167	0.981927
116	169	0.960128
116	172	0.972263
116	176	1.00568
116	178	0.983352
116	179	0.975292
116	180	0.998761
117	8	1.06507
117	13	0.928295
117	20	1.14276
117	32	1.00607
117	38	0.96565
117	50	1.05004
117	68	1.06759
117	95	1.0808
117	105	1.05515
117	112	1.02658
117	116	0.96894
117	124	1.08149
117	125	1.05386
117	127	1.11277
117	134	1.10421
117	135	0.997533
117	149	1.00204
117	152	0.980008
117	158	0.913379
117	161	0.947782
117	163	1.02396
117	168	0.954649
117	171	0.973036
117	173	1.05752
117	175	0.951475
117	176	0.900392
117	177	0.891564
117	178	0.967799
118	10	1.05957
118	60	0.99534
118	94	1.05267
118	101	1.03685
118	113	1.05281
118	114	1.02628
118	123	1.04165
118	130	1.04844
118	131	1.07348
118	132	1.05008
118	133	1.08575
118	144	0.932358
118	146	0.949238
118	147	1.00536
118	148	0.937129
118	149	1.02752
118	151	1.02388
118	154	1.07011
118	157	0.996896
118	158	0.911082
118	160	0.939747
118	161	0.945486
118	165	0.998269
118	166	1.05171
118	168	0.952352
118	170	0.877439
118	173	1.04895
118	174	1.08091
119	6	1.00835
119	7	1.01672
119	47	1.06243
119	54	0.988097
119	86	1.01251
119	93	1.01078
119	97	1.0556
119	106	0.997275
119	108	1.00643
119	111	0.97093
119	127	0.992595
119	144	1.00054
119	145	1.01998
119	153	0.99099
119	155	0.988393
119	157	0.968099
119	158	1.00352
119	160	0.9894
119	161	0.995101
119	167	0.978528
119	169	0.956728
119	171	0.972621
119	173	1.03314
119	174	0.960976
119	176	1.00228
119	178	0.979952
119	179	0.971893
119	180	0.995362
120	23	1.11815
120	27	1.08648
120	32	1.08388
120	38	1.15638
120	53	1.01509
120	82	0.950171
120	96	1.078
120	101	1.04107
120	132	1.04511
120	134	0.969201
120	137	1.04746
120	142	0.960495
120	143	0.932035
120	144	0.979282
120	146	0.969196
120	152	0.939548
120	160	0.968143
120	162	0.913161
120	164	0.928331
120	166	1.0004
120	167	0.957271
120	169	0.935472
120	170	1.00638
120	172	0.947607
120	175	0.963797
120	176	0.981025
120	177	1.00912
120	179	0.950636
120	180	0.974105
121	5	0.985783
121	9	1.00764
121	16	0.85353
121	24	0.93467
121	31	0.956338
121	40	1.03166
121	42	0.912006
121	46	1.02413
121	49	0.959719
121	53	0.968158
121	56	0.934778
121	72	1.00638
121	74	1.00256
121	81	1.01286
121	92	0.916795
121	115	0.956712
121	116	1.08583
121	147	1.12455
121	153	1.06953
121	154	1.02303
121	159	1.03681
121	162	1.17549
121	163	0.928785
121	167	1.08961
121	172	1.05917
121	174	1.00667
121	177	1.00845
121	179	1.10663
121	180	1.06756
122	64	0.950271
122	66	1.02179
122	69	1.01057
122	83	1.03289
122	87	1.01005
122	93	1.02176
122	97	0.973956
122	100	0.996781
122	104	1.01176
122	106	1.04241
122	107	1.03658
122	110	0.957561
122	129	1.0106
122	137	0.972776
122	138	1.01506
122	140	0.997877
122	141	1.02071
122	149	1.0945
122	151	0.975943
122	153	1.01732
122	154	0.970826
122	155	1.00919
122	156	0.974038
122	161	1.01246
122	163	0.955095
122	164	1.07092
122	165	1.0998
122	176	0.965074
122	178	1.03248
122	180	1.01535
123	10	1.01181
123	23	0.963917
123	91	0.930675
123	94	1.00492
123	99	0.951202
123	101	0.989089
123	103	1.00969
123	113	1.00505
123	114	0.978523
123	118	1.04165
123	128	1.16407
123	130	1.00068
123	131	1.02572
123	132	1.00232
123	133	1.03799
123	140	1.02336
123	145	0.948692
123	151	0.976121
123	154	1.02235
123	161	1.02507
123	163	1.10124
123	165	0.950512
123	166	1.00395
123	171	1.05032
123	172	1.01956
123	173	1.00119
123	174	1.03315
123	176	0.977678
123	177	0.96885
123	180	1.02795
124	1	0.91311
124	8	1.04001
124	13	0.903238
124	20	1.11771
124	32	0.981009
124	33	0.879943
124	38	0.940593
124	43	1.13751
124	50	1.02498
124	68	1.04253
124	95	1.05574
124	99	0.982471
124	105	1.0301
124	111	1.03653
124	112	1.00152
124	116	1.01053
124	117	1.08149
124	125	1.02881
124	127	1.08771
124	134	1.07916
124	142	1.01468
124	148	0.98102
124	149	0.976982
124	153	0.994235
124	156	0.95095
124	158	0.954973
124	161	0.989377
124	167	1.01432
124	168	0.996243
124	173	1.03246
124	177	0.933158
124	179	1.03134
125	27	0.874279
125	29	0.964051
125	47	1.00698
125	55	1.00447
125	78	0.98259
125	80	0.941772
125	85	1.0377
125	88	1.03752
125	89	1.03735
125	90	1.00081
125	98	1.07495
125	105	1.00247
125	112	0.973901
125	117	1.05386
125	124	1.02881
125	126	0.976552
125	134	1.05153
125	140	1.01876
125	144	1.00734
125	146	1.02422
125	148	1.01211
125	151	0.979766
125	155	1.01719
125	166	1.0076
125	167	1.04541
125	168	0.97498
125	169	1.03677
125	170	0.952421
125	171	1.04572
125	174	1.0368
125	179	1.06243
125	180	1.02335
126	3	1.17456
126	61	1.00512
126	64	1.06835
126	66	0.962133
126	83	0.9115
126	89	0.923569
126	106	0.908143
126	110	1.00027
126	116	1.00627
126	125	0.976552
126	129	0.920904
126	137	0.976523
126	143	0.983454
126	145	1.05014
126	146	1.02061
126	147	0.99319
126	153	1.02115
126	155	1.01855
126	158	1.03368
126	159	1.04219
126	160	1.01956
126	162	0.96458
126	166	0.92946
126	167	1.00869
126	169	0.98689
126	171	1.00278
126	172	0.999026
126	173	0.944006
126	175	1.01522
126	178	1.01011
126	179	1.00206
126	180	1.02552
127	1	0.944393
127	7	0.87495
127	8	1.0713
127	13	0.934521
127	16	0.94257
127	20	1.14899
127	32	1.01229
127	38	0.971876
127	41	1.07421
127	47	1.06589
127	50	1.05627
127	68	1.07382
127	95	1.08702
127	99	1.01375
127	105	1.06138
127	109	0.888876
127	112	1.03281
127	117	1.11277
127	119	0.992595
127	124	1.08771
127	134	1.11044
127	135	0.997131
127	144	0.934252
127	147	1.00726
127	149	1.00826
127	156	0.908953
127	161	0.94738
127	164	1.00583
127	165	1.03471
127	173	1.06374
127	176	0.899989
127	177	0.891161
127	179	0.989341
128	30	1.16152
128	37	1.04651
128	57	0.994589
128	61	1.18804
128	73	1.10586
128	92	1.20081
128	110	1.18319
128	114	1.13798
128	123	1.16407
128	129	1.10382
128	136	0.930468
128	143	0.900225
128	153	0.937922
128	154	0.958689
128	155	0.935325
128	157	0.915032
128	158	0.950454
128	159	0.958958
128	160	0.936332
128	161	0.942034
128	162	0.881351
128	163	0.891612
128	164	0.89652
128	165	0.886851
128	166	1.11238
128	170	0.974568
128	171	0.919554
128	172	0.915796
128	173	1.12693
128	175	0.931987
128	176	0.949214
128	178	0.926885
128	179	0.918826
128	180	0.942294
129	39	1.08266
129	66	1.03885
129	69	1.02764
129	86	1.00891
129	93	1.03882
129	97	0.991018
129	100	1.01384
129	102	1.01389
129	104	1.02882
129	106	1.05947
129	107	1.05365
129	110	0.974623
129	122	1.0106
129	126	0.920904
129	128	1.10382
129	137	0.989838
129	138	1.03212
129	139	1.03281
129	140	1.01494
129	141	1.03777
129	148	0.956464
129	151	0.993005
129	159	0.936956
129	160	0.959081
129	162	1.07564
129	164	1.02327
129	165	1.05215
129	168	0.988219
129	170	1.05511
129	171	0.990073
129	172	0.959315
129	176	0.917429
129	177	0.908601
129	178	0.984837
130	7	1.0341
130	10	1.0186
130	23	0.970703
130	43	0.920651
130	44	0.929087
130	52	1.11188
130	63	0.865053
130	94	1.0117
130	99	0.957988
130	101	0.995875
130	113	1.01184
130	114	0.985309
130	118	1.04844
130	123	1.00068
130	131	1.03251
130	132	1.00911
130	133	1.04478
130	136	1.01888
130	142	1.03731
130	147	1.07188
130	149	1.09404
130	151	0.982907
130	152	1.04423
130	154	1.02914
130	159	0.984141
130	164	1.07046
130	165	0.957298
130	166	1.01074
130	170	0.943959
130	171	1.03726
130	172	1.0065
130	173	1.00798
130	174	1.03994
130	177	0.955787
130	179	1.05397
131	10	1.04364
131	16	0.911848
131	23	0.995747
131	43	0.945694
131	79	1.09187
131	94	1.03675
131	99	0.983031
131	101	1.02092
131	113	1.03688
131	114	1.01035
131	116	1.01547
131	118	1.07348
131	123	1.02572
131	130	1.03251
131	132	1.03415
131	133	1.06982
131	144	0.981183
131	145	0.917934
131	151	1.00795
131	154	1.05418
131	156	0.955884
131	157	1.04572
131	158	0.959907
131	165	0.982341
131	166	1.03578
131	169	1.01062
131	170	0.926264
131	173	1.03302
131	174	1.06498
131	175	0.998003
131	176	0.94692
131	178	1.01433
131	179	1.03627
131	180	0.997195
132	7	1.03575
132	10	1.02024
132	16	0.888451
132	23	0.972349
132	44	0.930733
132	63	0.871132
132	79	1.11564
132	94	1.01335
132	99	0.959634
132	101	0.997521
132	113	1.01348
132	114	0.986955
132	118	1.05008
132	120	1.04511
132	123	1.00232
132	130	1.00911
132	131	1.03415
132	133	1.04642
132	136	1.02496
132	140	1.01637
132	143	1.09512
132	151	0.984553
132	154	1.03078
132	155	1.01481
132	156	0.979658
132	165	0.958944
132	166	1.01239
132	168	1.02495
132	169	1.03439
132	171	1.04334
132	172	1.01258
132	173	1.00962
132	174	1.04159
132	175	1.02178
132	176	0.970694
133	10	1.05591
133	16	0.924118
133	23	1.00802
133	39	1.07599
133	43	0.957964
133	44	0.9664
133	60	1.008
133	94	1.04902
133	99	0.995301
133	101	1.03319
133	111	1.0053
133	113	1.04915
133	114	1.02262
133	118	1.08575
133	123	1.03799
133	130	1.04478
133	131	1.06982
133	132	1.04642
133	146	0.9619
133	148	0.949791
133	151	1.02022
133	152	0.990373
133	153	0.963005
133	154	1.06645
133	155	0.95487
133	159	0.930283
133	160	0.952408
133	161	0.958147
133	163	1.03432
133	165	0.994611
133	166	1.04805
133	168	0.965014
133	171	0.9834
133	173	1.04529
133	174	1.07725
133	180	0.961031
134	1	0.935836
134	8	1.06274
134	13	0.925964
134	16	0.934013
134	20	1.14043
134	27	0.79599
134	32	1.00373
134	33	0.902669
134	38	0.963319
134	47	1.05733
134	50	1.04771
134	60	0.992034
134	68	1.06526
134	95	1.07847
134	99	1.0052
134	105	1.05282
134	112	1.02425
134	117	1.10421
134	120	0.969201
134	124	1.07916
134	125	1.05153
134	127	1.11044
134	140	0.940468
134	142	0.967488
134	143	1.01922
134	149	0.999708
134	152	0.974405
134	157	0.99359
134	165	1.02951
134	168	0.949046
134	170	0.874132
134	171	0.967432
134	173	1.05519
134	174	1.32643
134	177	0.885961
134	178	0.962196
135	29	1.12831
135	34	1.11293
135	51	1.05541
135	74	1.0551
135	80	1.12985
135	84	1.07744
135	87	0.970396
135	88	0.990098
135	113	1.03339
135	117	0.997533
135	127	0.997131
135	142	0.96441
135	143	0.935951
135	146	0.973112
135	147	0.945687
135	148	0.993503
135	150	1.05531
135	151	1.08129
135	153	0.973649
135	155	0.971052
135	156	0.990047
135	157	0.950758
135	158	0.98618
135	159	0.994685
135	161	0.97776
135	164	0.932247
135	166	1.02313
135	167	0.961187
135	168	0.9434
135	169	0.939387
135	171	0.95528
135	174	0.965512
135	175	0.967713
135	176	0.984941
135	178	0.962611
135	179	0.954552
135	180	0.978021
136	2	0.995738
136	27	1.11856
