1	34	1.00709
1	65	0.94673
1	66	1.009
1	76	0.928782
1	80	0.978581
1	85	0.981731
1	88	0.962171
1	99	0.989189
1	100	0.987168
1	158	1.54086
1	167	2.09667
1	180	0.853356
2	50	1.04094
2	109	1.06869
2	121	1.09149
2	128	1.07209
2	131	1.10157
2	134	1.04891
2	141	1.06536
2	157	1.09299
2	158	1.03096
2	162	0.732871
2	164	1.93475
2	170	1.7914
3	11	1.01884
3	22	0.987464
3	29	0.978279
3	30	0.965186
3	32	0.964144
3	36	0.963353
3	39	0.947395
3	140	1.41712
3	144	0.932015
3	151	0.914304
3	165	0.992979
3	167	2.17939
4	9	1.03675
4	47	0.953035
4	54	0.951925
4	55	0.943651
4	59	1.01513
4	67	0.922677
4	70	0.917211
4	77	0.9739
4	84	0.956674
4	93	0.998529
4	136	1.52197
4	154	2.03446
5	8	1.13381
5	25	1.23225
5	26	1.09585
5	35	1.06788
5	79	0.720528
5	89	1.08963
5	98	0.778072
5	115	3.12544
5	126	1.00542
5	145	1.01605
5	158	1.02149
5	176	0.970302
6	33	0.966297
6	35	0.398198
6	68	0.480629
6	83	1.03565
6	113	1.0337
6	157	1.05621
6	168	0.919734
6	173	0.965115
6	174	0.8974
6	175	0.908718
6	178	0.913395
6	179	0.933425
7	17	0.959778
7	137	0.469682
7	155	1.05205
7	156	0.996486
7	164	0.948973
7	166	0.943349
7	169	0.92866
7	174	0.918266
7	175	0.929584
7	177	0.987187
7	178	0.934261
7	179	0.95429
8	5	1.13381
8	25	1.24529
8	26	1.10888
8	35	1.08092
8	112	1.00393
8	126	1.01845
8	145	1.02908
8	154	0.736466
8	158	1.03453
8	167	1.20229
8	172	2.39655
8	176	0.983334
9	4	1.03675
9	54	1.06275
9	59	1.12596
9	67	1.0335
9	70	1.02804
9	77	1.08473
9	84	1.0675
9	93	1.10935
9	114	1.03012
9	135	1.08026
9	154	1.35394
9	162	1.91192
10	13	0.940829
10	17	1.04068
10	21	1.04047
10	33	0.900834
10	40	0.996068
10	41	0.994779
10	46	0.993609
10	101	0.840735
10	127	1.49704
10	132	1.00256
10	155	1.93258
10	173	0.899651
11	3	1.01884
11	22	1.10593
11	30	1.08366
11	32	1.08261
11	36	1.08182
11	39	1.06587
11	144	1.05049
11	151	1.03277
11	162	1.15143
11	165	1.11145
11	170	2.20996
11	177	1.0129
12	63	1.06449
12	73	1.05672
12	74	1.13861
12	86	1.1035
12	87	1.10324
12	106	0.723789
12	161	2.02161
12	165	1.13443
12	172	0.982227
12	173	1.02368
12	176	1.00155
12	179	1.69148
13	10	0.940829
13	17	1.04629
13	21	1.04607
13	33	0.906442
13	40	1.00168
13	41	1.00039
13	46	0.999217
13	104	1.36124
13	132	1.00817
13	173	0.90526
13	179	2.15767
14	24	1.04537
14	37	1.08899
14	76	1.04078
14	80	1.09058
14	88	1.07417
14	96	1.12792
14	99	1.10119
14	100	1.09917
14	140	1.01849
14	155	0.838057
14	179	2.34739
14	180	0.965357
15	53	1.00342
15	63	0.953859
15	73	0.946094
15	74	1.02798
15	86	0.992869
15	87	0.992609
15	111	1.56339
15	165	1.0238
15	172	0.871598
15	173	0.913054
15	176	0.890924
15	177	2.09321
16	48	1.01907
16	63	1.07683
16	73	1.06907
16	86	1.11584
16	87	1.11558
16	107	0.955154
16	116	1.75334
16	159	1.02876
16	165	1.14678
16	172	0.994571
16	173	1.03603
16	176	1.0139
17	7	0.959778
17	10	1.04068
17	13	1.04629
17	21	1.14593
17	33	1.00629
17	40	1.10153
17	41	1.10024
17	46	1.09907
17	106	1.31023
17	119	1.36628
17	132	1.10802
17	173	1.00511
18	64	0.929779
18	92	1.02442
18	106	0.740763
18	113	0.969051
18	123	0.978967
18	131	1.00013
18	134	0.947471
18	141	0.963927
18	148	0.982054
18	157	0.991556
18	175	3.06841
18	180	0.84522
19	112	0.968356
19	121	0.547334
19	128	0.513821
19	147	1.09871
19	152	1.03606
19	166	0.927255
19	171	0.929929
19	174	0.902172
19	175	0.91349
19	177	0.971094
19	178	0.918168
19	179	0.938197
20	43	1.05078
20	47	1.03343
20	55	1.02404
20	59	1.09552
20	67	1.00307
20	70	0.997601
20	77	1.05429
20	84	1.03706
20	91	1.08068
20	93	1.07892
20	119	1.48084
20	136	1.38305
20	155	1.41866
21	10	1.04047
21	13	1.04607
21	17	1.14593
21	33	1.00608
21	40	1.10131
21	41	1.10002
21	46	1.09885
21	91	0.630224
21	132	1.10781
21	133	2.56231
21	135	0.853854
21	173	1.0049
22	3	0.987464
22	11	1.10593
22	29	1.06537
22	30	1.05228
22	32	1.05123
22	36	1.05044
22	39	1.03448
22	126	1.24619
22	144	1.01911
22	146	0.598939
22	151	1.00139
22	161	2.61384
22	165	1.08007
23	31	0.949031
23	42	1.01612
23	44	0.932364
23	52	0.99729
23	56	0.987584
23	68	0.9602
23	81	1.08632
23	133	0.912474
23	145	0.941018
23	150	0.939243
23	159	0.910131
23	167	0.921774
23	180	3.11792
24	14	1.04537
24	37	0.957249
24	58	0.939766
24	61	1.28584
24	65	0.926989
24	76	0.909041
24	80	0.95884
24	96	0.996182
24	99	0.969448
24	100	0.967427
24	144	0.938643
24	158	2.39102
24	180	0.833615
25	5	1.23225
25	8	1.24529
25	26	1.20732
25	35	1.17936
25	111	1.03142
25	112	1.10237
25	116	0.774168
25	126	1.11689
25	143	1.50116
25	145	1.12752
25	158	1.13297
25	167	1.60762
25	176	1.08178
26	5	1.09585
26	8	1.10888
26	25	1.20732
26	35	1.04295
26	89	1.0647
26	112	0.965967
26	126	0.980484
26	145	0.991116
26	154	1.03343
26	158	0.99656
26	159	1.49212
26	160	1.76554
26	176	0.945368
27	34	1.07451
27	37	1.04441
27	66	1.07642
27	80	1.046
27	85	1.04915
27	88	1.02959
27	96	1.08335
27	100	1.05459
27	103	1.13597
27	139	1.05044
27	171	2.32308
27	176	1.49665
27	180	0.920778
28	85	0.936174
28	125	1.00864
28	142	0.996045
28	145	0.969882
28	154	0.988938
28	157	0.715326
28	169	0.888943
28	170	0.910219
28	171	0.906306
28	174	0.878549
28	175	0.889867
28	177	0.947471
28	178	0.894544
28	179	0.914574
29	3	0.978279
29	22	1.06537
29	30	1.04309
29	32	1.04205
29	36	1.04126
29	39	1.0253
29	57	0.976648
29	103	0.973978
29	144	1.00992
29	151	0.992209
29	165	1.07088
29	172	2.35227
29	173	1.3566
29	177	1.11163
30	3	0.965186
30	11	1.08366
30	22	1.05228
30	29	1.04309
30	32	1.02896
30	36	1.02817
30	39	1.01221
30	103	0.960885
30	122	0.657525
30	144	0.996827
30	151	0.979116
30	165	1.05779
30	168	2.38679
30	176	1.81257
31	23	0.949031
31	42	0.994434
31	44	0.910676
31	52	0.975602
31	56	0.965896
31	68	0.938512
31	110	0.998638
31	133	0.890787
31	142	1.32922
31	145	0.91933
31	150	0.917555
31	159	0.888443
31	167	0.900086
31	172	2.91072
32	3	0.964144
32	11	1.08261
32	22	1.05123
32	29	1.04205
32	30	1.02896
32	36	1.02712
32	39	1.01117
32	75	1.05149
32	103	0.959843
32	127	0.679572
32	133	2.61065
32	144	0.995786
32	151	0.978074
32	165	1.05675
33	6	0.966297
33	10	0.900834
33	13	0.906442
33	17	1.00629
33	21	1.00608
33	40	0.961682
33	41	0.960393
33	46	0.959222
33	81	0.922577
33	101	0.806348
33	110	1.58927
33	132	0.968177
33	135	2.10689
33	173	0.865265
34	1	1.00709
34	27	1.07451
34	58	1.01348
34	65	1.00071
34	66	1.06298
34	79	1.45585
34	85	1.03571
34	88	1.01615
34	99	1.04316
34	100	1.04114
34	139	1.037
34	142	1.61001
34	145	1.73399
34	180	0.907331
35	5	1.06788
35	6	0.398198
35	8	1.08092
35	25	1.17936
35	26	1.04295
35	38	1.04342
35	89	1.03674
35	112	0.938003
35	126	0.952521
35	145	0.963152
35	146	0.750111
35	158	0.968596
35	176	0.917405
35	180	3.0395
36	3	0.963353
36	11	1.08182
36	22	1.05044
36	29	1.04126
36	30	1.02817
36	32	1.02712
36	39	1.01037
36	103	0.959052
36	136	1.43936
36	144	0.994995
36	147	1.09108
36	150	1.9438
36	151	0.977283
36	165	1.05596
37	14	1.08899
37	24	0.957249
37	27	1.04441
37	58	0.983386
37	80	1.00246
37	85	1.00561
37	88	0.98605
37	96	1.0398
37	99	1.01307
37	100	1.01105
37	135	1.00691
37	166	2.2308
37	167	1.31002
37	177	1.26364
37	180	0.877235
38	35	1.04342
38	60	1.01073
38	68	1.01077
38	123	1.04647
38	139	1.04239
38	145	0.991587
38	157	1.05906
38	158	0.997031
38	159	0.9607
38	161	1.59543
38	167	0.972342
38	171	2.33319
38	176	0.945839
38	179	1.2653
38	180	0.912728
39	3	0.947395
39	11	1.06587
39	22	1.03448
39	29	1.0253
39	30	1.01221
39	32	1.01117
39	36	1.01037
39	57	0.945763
39	103	0.943094
39	144	0.979036
39	151	0.961325
39	152	1.44519
39	155	1.10024
39	165	1.04
39	173	2.24154
40	10	0.996068
40	13	1.00168
40	17	1.10153
40	21	1.10131
40	33	0.961682
40	41	1.05563
40	46	1.05446
40	81	1.01781
40	98	1.3157
40	101	0.901583
40	117	1.14903
40	132	1.06341
40	163	2.09029
40	173	0.960499
41	10	0.994779
41	13	1.00039
41	17	1.10024
41	21	1.10002
41	33	0.960393
41	40	1.05563
41	46	1.05317
41	57	1.18655
41	81	1.01652
41	101	0.900294
41	132	1.06212
41	158	0.77648
41	171	2.9668
41	173	0.95921
42	23	1.01612
42	31	0.994434
42	44	0.977767
42	52	1.04269
42	56	1.03299
42	68	1.0056
42	98	1.28859
42	132	1.06572
42	133	0.957878
42	139	1.03723
42	144	1.45235
42	145	0.986422
42	159	0.955535
42	163	2.06318
42	167	0.967177
43	20	1.05078
43	47	0.997503
43	54	0.996392
43	55	0.988119
43	59	1.0596
43	67	0.967145
43	70	0.961679
43	77	1.01837
43	84	1.00114
43	93	1.043
43	126	0.952456
43	135	1.01391
43	147	0.716215
43	150	0.987638
43	180	3.19604
44	23	0.932364
44	31	0.910676
44	42	0.977767
44	52	0.958935
44	56	0.949229
44	68	0.921845
44	127	1.90831
44	132	0.981958
44	133	0.874119
44	139	0.953469
44	145	0.902663
44	146	2.16841
44	150	0.900888
44	159	0.871776
44	167	0.883419
45	53	1.06594
45	63	1.01637
45	73	1.00861
45	74	1.0905
45	86	1.05538
45	87	1.05512
45	101	4.6
45	151	1.62002
45	159	0.9683
45	165	1.08632
45	172	0.934114
45	173	0.975569
45	176	0.953439
45	177	1.51879
46	10	0.993609
46	13	0.999217
46	17	1.09907
46	21	1.09885
46	33	0.959222
46	40	1.05446
46	41	1.05317
46	81	1.01535
46	101	0.899123
46	103	1.74004
46	132	1.06095
46	158	0.736835
46	172	2.4869
46	173	0.95804
47	4	0.953035
47	20	1.03343
47	43	0.997503
47	54	0.979039
47	55	0.970766
47	57	0.938631
47	59	1.04225
47	67	0.949792
47	70	0.944326
47	77	1.00102
47	84	0.983789
47	89	1.01932
47	93	1.02564
47	138	0.737988
47	153	0.885494
47	169	3.44857
48	16	1.01907
48	113	0.958734
48	117	1.07547
48	137	0.18898
48	138	1.05619
48	149	0.983064
48	162	1.0229
48	163	0.986822
48	164	0.963219
48	168	0.954846
48	169	0.942906
48	171	0.960269
48	174	0.932512
48	177	1.00143
48	178	0.948507
48	179	0.968536
49	127	1.09092
49	130	0.669651
49	134	0.731824
49	142	1.0491
49	152	1.06549
49	157	0.214799
49	161	0.979733
49	168	0.953936
49	170	0.963273
49	171	0.959359
49	174	0.931602
49	175	0.942921
49	177	1.00052
49	178	0.947598
49	179	0.967627
49	180	0.944076
50	2	1.04094
50	94	0.952022
50	109	0.969917
50	113	0.97171
50	123	0.981626
50	124	0.989539
50	128	0.973309
50	130	0.979312
50	131	1.00279
50	137	0.976097
50	138	0.786868
50	148	0.984713
50	157	0.994215
50	165	1.01387
50	171	2.27787
50	178	2.29802
51	74	0.262143
51	106	1.15088
51	118	0.383532
51	141	0.628541
51	146	1.12782
51	159	0.987293
51	166	0.951931
51	168	0.949181
51	169	0.937242
51	170	0.958518
51	171	0.954604
51	174	0.926847
51	175	0.938166
51	177	0.995769
51	178	0.942843
51	179	0.962872
52	23	0.99729
52	31	0.975602
52	42	1.04269
52	44	0.958935
52	56	1.01416
52	61	0.693856
52	68	0.986771
52	110	1.0469
52	133	0.939046
52	139	1.0184
52	145	0.96759
52	150	0.965815
52	152	1.75709
52	159	0.936703
52	162	2.447
52	167	0.948346
53	15	1.00342
53	45	1.06594
53	63	0.995255
53	73	0.987491
53	74	1.06938
53	81	1.8143
53	86	1.03427
53	87	1.03401
53	150	1.63751
53	152	1.51362
53	159	0.947181
53	165	1.0652
53	172	0.912995
53	173	0.95445
53	176	0.93232
54	4	0.951925
54	9	1.06275
54	43	0.996392
54	47	0.979039
54	55	0.969655
54	59	1.04114
54	67	0.948682
54	70	0.943215
54	77	0.999905
54	84	0.982678
54	93	1.02453
54	126	0.933992
54	135	0.995443
54	144	1.04241
54	151	0.725063
54	180	3.28228
55	4	0.943651
55	20	1.02404
55	43	0.988119
55	47	0.970766
55	54	0.969655
55	59	1.03286
55	67	0.940408
55	70	0.934941
55	77	0.991631
55	84	0.974404
55	89	1.00993
55	91	1.01802
55	93	1.01626
55	153	1.44758
55	156	1.67484
55	177	1.86623
56	23	0.987584
56	31	0.965896
56	42	1.03299
56	44	0.949229
56	52	1.01416
56	68	0.977065
56	89	1.07671
56	110	1.03719
56	132	1.03718
56	139	1.00869
56	145	0.957884
56	150	0.956109
56	151	1.62815
56	153	1.9858
56	159	0.926997
56	167	0.93864
57	29	0.976648
57	39	0.945763
57	41	1.18655
57	47	0.938631
57	67	0.908273
57	70	0.902806
57	81	0.937909
57	93	0.984124
57	118	1.6239
57	151	0.912672
57	163	0.867192
57	165	0.991347
57	169	0.823276
57	170	0.844552
57	177	0.881803
57	178	0.828877
57	179	0.848906
58	24	0.939766
58	34	1.01348
58	37	0.983386
58	65	0.953125
58	66	1.0154
58	76	0.935178
58	85	0.988127
58	88	0.968566
58	89	1.40651
58	91	1.40137
58	96	1.02232
58	99	0.995584
58	100	0.993563
58	135	0.98943
58	144	0.964779
58	158	2.22482
58	180	0.859751
59	4	1.01513
59	9	1.12596
59	20	1.09552
59	43	1.0596
59	47	1.04225
59	54	1.04114
59	55	1.03286
59	62	0.653834
59	67	1.01189
59	70	1.00642
59	77	1.06311
59	84	1.04589
59	93	1.08774
59	126	0.9972
59	140	0.982681
59	155	0.802252
59	178	3.39961
60	38	1.01073
60	72	1.02078
60	78	1.00967
60	102	0.941507
60	105	0.948017
60	113	0.975429
60	130	0.98303
60	132	1.00975
60	141	0.970304
60	148	0.988431
60	154	1.3001
60	157	0.997934
60	159	1.75878
60	160	2.03221
60	165	1.01759
60	167	0.911213
60	180	0.851598
61	24	1.28584
61	52	0.693856
61	67	0.929351
61	119	1.0632
61	143	1.02389
61	154	1.03322
61	160	0.975066
61	164	0.953538
61	166	0.947914
61	168	0.945165
61	169	0.933225
61	170	0.954501
61	171	0.950588
61	174	0.922831
61	177	0.991753
61	178	0.938826
61	179	0.958856
62	59	0.653834
62	68	0.296274
62	105	1.19867
62	127	1.06298
62	146	1.10463
62	147	1.10019
62	149	0.954207
62	162	0.994045
62	164	0.934362
62	168	0.925988
62	170	0.935325
62	171	0.931411
62	174	0.903654
62	175	0.914973
62	177	0.972576
62	178	0.91965
62	179	0.939679
63	12	1.06449
63	15	0.953859
63	16	1.07683
63	45	1.01637
63	53	0.995255
63	69	1.17273
63	73	0.937928
63	74	1.01981
63	86	0.984702
63	87	0.984442
63	142	1.84669
63	159	0.897618
63	165	1.01564
63	167	2.23393
63	172	0.863432
63	173	0.904887
63	176	0.882757
64	18	0.929779
64	72	1.00734
64	92	1.01736
64	94	0.942302
64	118	0.943288
64	122	0.63289
64	123	0.971905
64	124	0.979819
64	128	0.963589
64	130	0.969591
64	132	0.996312
64	134	0.94041
64	137	0.966377
64	148	0.974992
64	157	0.984495
64	164	3.02107
64	172	0.851945
64	173	1.92562
65	1	0.94673
65	24	0.926989
65	34	1.00071
65	58	0.953125
65	76	0.922401
65	80	0.9722
65	85	0.97535
65	88	0.955789
65	96	1.00954
65	99	0.982807
65	100	0.980786
65	110	1.00514
65	122	1.15196
65	129	1.48466
65	139	0.976639
65	144	0.952003
65	179	2.81273
65	180	0.846974
66	1	1.009
66	27	1.07642
66	34	1.06298
66	58	1.0154
66	76	0.984671
66	80	1.03447
66	85	1.03762
66	88	1.01806
66	96	1.07181
66	99	1.04508
66	100	1.04306
66	110	1.06741
66	120	1.19307
66	122	1.09374
66	139	1.03891
66	140	1.42561
66	159	2.18074
66	180	0.909245
67	4	0.922677
67	9	1.0335
67	20	1.00307
67	43	0.967145
67	47	0.949792
67	54	0.948682
67	55	0.940408
67	57	0.908273
67	59	1.01189
67	61	0.929351
67	70	0.913968
67	77	0.970657
67	84	0.953431
67	89	0.98896
67	93	0.995286
67	95	1.68089
67	112	2.14675
67	126	0.904745
68	6	0.480629
68	23	0.9602
68	31	0.938512
68	38	1.01077
68	42	1.0056
68	44	0.921845
68	52	0.986771
68	56	0.977065
68	62	0.296274
68	110	1.00981
68	132	1.00979
68	133	0.901956
68	139	0.981305
68	145	0.930499
68	150	0.928724
68	159	0.899612
68	167	0.911255
68	169	3.48544
69	63	1.17273
69	140	1.07
69	141	0.953447
69	142	1.02927
69	149	0.962321
69	162	1.00216
69	163	0.966079
69	164	0.942476
69	165	0.316226
69	166	0.936852
69	168	0.934103
69	169	0.922163
69	171	0.939526
69	174	0.911769
69	175	0.923087
69	177	0.980691
69	178	0.927764
69	179	0.947794
70	4	0.917211
70	9	1.02804
70	20	0.997601
70	43	0.961679
70	47	0.944326
70	54	0.943215
70	55	0.934941
70	57	0.902806
70	59	1.00642
70	67	0.913968
70	77	0.965191
70	84	0.947964
70	91	0.991581
70	93	0.98982
70	114	1.21619
70	135	0.96073
70	155	1.06314
70	170	3.15653
71	102	1.00837
71	105	1.01488
71	109	1.0405
71	110	0.754095
71	114	1.13218
71	118	1.02359
71	121	1.06329
71	123	1.05221
71	124	1.06012
71	128	1.04389
71	131	1.07338
71	134	1.02071
71	141	1.03717
71	144	1.4165
71	151	1.00578
71	157	1.0648
71	170	3.07252
71	180	0.918462
72	60	1.02078
72	64	1.00734
72	89	0.787724
72	94	1.02692
72	97	1.01786
72	105	1.0192
72	123	1.05652
72	128	1.04821
72	137	1.051
72	141	1.04148
72	145	1.4472
72	148	1.05961
72	157	1.06911
72	163	1.81596
72	165	1.08877
72	167	0.982393
72	172	0.936564
72	179	2.27709
73	12	1.05672
73	15	0.946094
73	16	1.06907
73	45	1.00861
73	53	0.987491
73	63	0.937928
73	74	1.01205
73	86	0.976938
73	87	0.976678
73	126	1.71607
73	133	0.892197
73	147	0.860386
73	159	0.889854
73	165	1.00787
73	172	0.855668
73	173	0.897123
73	176	0.874993
73	179	2.7536
74	12	1.13861
74	15	1.02798
74	45	1.0905
74	51	0.262143
74	53	1.06938
74	63	1.01981
74	73	1.01205
74	86	1.05882
74	87	1.05856
74	129	1.00518
74	133	0.974083
74	159	0.97174
74	161	1.91565
74	165	1.08976
74	172	0.937554
74	173	0.979009
74	175	3.02622
74	176	0.956879
75	32	1.05149
75	79	1.06003
75	90	1.01254
75	134	1.25992
75	152	1.03395
75	161	0.948202
75	163	0.954381
75	164	0.930778
75	165	0.3711
75	168	0.922405
75	169	0.910466
75	170	0.931742
75	171	0.927828
75	174	0.900071
75	175	0.91139
75	177	0.968993
75	178	0.916067
75	179	0.936096
75	180	0.912545
76	1	0.928782
76	14	1.04078
76	24	0.909041
76	58	0.935178
76	65	0.922401
76	66	0.984671
76	80	0.954252
76	85	0.957402
76	88	0.937842
76	91	1.4319
76	96	0.991594
76	99	0.96486
76	100	0.962839
76	110	0.987193
76	114	2.02151
76	139	0.958691
76	144	0.934055
76	151	1.98848
76	180	0.829027
77	4	0.9739
77	9	1.08473
77	20	1.05429
77	43	1.01837
77	47	1.00102
77	54	0.999905
77	55	0.991631
77	59	1.06311
77	67	0.970657
77	70	0.965191
77	84	1.00465
77	91	1.04827
77	93	1.04651
77	126	0.955968
77	135	1.01742
77	142	0.786674
77	171	1.45818
77	174	3.1487
77	180	1.5582
78	60	1.00967
78	83	1.03744
78	101	0.907995
78	105	1.00809
78	109	1.03371
78	111	1.03016
78	121	1.0565
78	124	1.05333
78	125	1.10788
78	130	1.0431
78	131	1.06658
78	134	1.01392
78	137	1.03989
78	144	1.10102
78	148	1.0485
78	157	1.05801
78	171	3.24087
78	172	0.925457
78	180	0.911671
79	5	0.720528
79	34	1.45585
79	75	1.06003
79	83	0.819654
79	140	1.04684
79	153	1.00559
79	154	0.999
79	156	0.96683
79	161	0.936741
79	163	0.94292
79	166	0.913694
79	168	0.910944
79	171	0.916367
79	172	0.91487
79	174	0.88861
79	175	0.899929
79	177	0.957532
79	178	0.904606
79	179	0.924635
80	1	0.978581
80	14	1.09058
80	24	0.95884
80	27	1.046
80	37	1.00246
80	65	0.9722
80	66	1.03447
80	76	0.954252
80	85	1.0072
80	88	0.987641
80	91	0.736505
80	96	1.04139
80	99	1.01466
80	100	1.01264
80	129	0.766676
80	135	1.0085
80	139	1.00849
80	149	3.0562
80	179	2.09474
80	180	0.878826
81	23	1.08632
81	33	0.922577
81	40	1.01781
81	41	1.01652
81	46	1.01535
81	53	1.8143
81	57	0.937909
81	84	0.37714
81	124	1.00781
81	148	1.00299
81	157	1.01249
81	163	0.907989
81	167	0.925768
81	171	0.881436
81	172	0.879939
81	173	0.921394
81	174	0.853679
81	177	0.922601
81	178	0.869675
81	179	0.889704
82	86	1.22073
82	123	0.940028
82	128	0.141952
82	144	0.991674
82	145	0.965504
82	146	1.07514
82	152	1.00805
82	153	0.99115
82	160	0.926406
82	161	0.922302
82	162	0.964562
82	164	0.904879
82	166	0.899255
82	169	0.884566
82	170	0.905842
82	171	0.901928
82	175	0.88549
82	177	0.943093
82	178	0.890167
82	179	0.910196
83	6	1.03565
83	78	1.03744
83	79	0.819654
83	92	1.05857
83	97	0.974457
83	102	0.969281
83	108	0.789743
83	118	0.984501
83	121	1.0242
83	128	1.0048
83	131	1.03428
83	137	1.00759
83	141	0.998078
83	148	1.01621
83	157	1.02571
83	162	1.45322
83	165	1.04536
83	167	0.938986
83	178	3.01572
83	180	0.879372
84	4	0.956674
84	9	1.0675
84	20	1.03706
84	43	1.00114
84	47	0.983789
84	54	0.982678
84	55	0.974404
84	59	1.04589
84	67	0.953431
84	70	0.947964
84	77	1.00465
84	81	0.37714
84	89	1.02296
84	91	1.03104
84	93	1.02928
84	126	0.938741
84	133	1.22704
84	135	1.00019
84	168	2.05651
84	178	2.32887
85	1	0.981731
85	27	1.04915
85	28	0.936174
85	34	1.03571
85	37	1.00561
85	58	0.988127
85	65	0.97535
85	66	1.03762
85	76	0.957402
85	80	1.0072
85	88	0.990791
85	96	1.04454
85	99	1.01781
85	100	1.01579
85	135	1.01165
85	144	0.987004
85	154	1.50425
85	158	1.41426
85	167	1.97007
85	180	0.881976
86	12	1.1035
86	15	0.992869
86	16	1.11584
86	45	1.05538
86	53	1.03427
86	63	0.984702
86	73	0.976938
86	74	1.05882
86	82	1.22073
86	87	1.02345
86	112	0.942366
86	122	1.19058
86	133	0.938971
86	150	1.81085
86	151	1.46204
86	159	0.936628
86	165	1.05465
86	172	0.902442
86	173	0.943897
86	176	0.921767
87	12	1.10324
87	15	0.992609
87	16	1.11558
87	45	1.05512
87	53	1.03401
87	63	0.984442
87	73	0.976678
87	74	1.05856
87	86	1.02345
87	98	1.21764
87	112	0.942106
87	133	0.938711
87	144	1.38139
87	156	1.64896
87	159	0.936368
87	160	2.15302
87	165	1.05439
87	172	0.902182
87	173	0.943637
87	176	0.921507
88	1	0.962171
88	14	1.07417
88	27	1.02959
88	34	1.01615
88	37	0.98605
88	58	0.968566
88	65	0.955789
88	66	1.01806
88	76	0.937842
88	80	0.987641
88	85	0.990791
88	96	1.02498
88	99	0.998248
88	100	0.996227
88	107	0.774669
88	125	1.43415
88	135	0.992094
88	139	0.992079
88	173	2.13122
88	176	2.74071
88	180	0.862415
89	5	1.08963
89	26	1.0647
89	35	1.03674
89	47	1.01932
89	55	1.00993
89	56	1.07671
89	58	1.40651
89	67	0.98896
89	72	0.787724
89	84	1.02296
89	93	1.06481
89	135	1.03572
89	157	0.375105
89	158	0.990346
89	169	0.903964
89	170	0.92524
89	174	0.893569
89	176	0.939155
89	177	0.962491
89	178	0.909565
89	179	0.929594
90	75	1.01254
90	96	1.81511
90	114	0.956942
90	131	0.746729
90	154	0.951511
90	156	0.919341
90	160	0.893356
90	162	0.931512
90	164	0.871829
90	166	0.866205
90	168	0.863455
90	169	0.851516
90	170	0.872792
90	171	0.868878
90	174	0.841121
90	175	0.85244
90	177	0.910043
90	178	0.857117
90	179	0.877146
91	20	1.08068
91	21	0.630224
91	55	1.01802
91	58	1.40137
91	70	0.991581
91	76	1.4319
91	77	1.04827
91	80	0.736505
91	84	1.03104
91	93	1.0729
91	156	0.979876
91	159	0.962102
91	165	1.08012
91	170	0.933326
91	172	0.927916
91	173	0.969371
91	175	0.912974
91	176	0.947241
91	177	0.970578
91	178	0.917652
91	179	0.937681
92	18	1.02442
92	64	1.01736
92	83	1.05857
92	94	1.03694
92	97	1.02788
92	105	1.02922
92	109	1.05484
92	115	1.87456
92	123	1.06655
92	124	1.07446
92	130	1.06423
92	134	1.03505
92	137	1.06102
92	144	1.20633
92	149	1.53914
92	157	1.07913
92	158	1.0171
92	165	1.09879
92	172	0.946585
92	173	1.12201
92	174	3.33609
92	180	0.932799
93	4	0.998529
93	9	1.10935
93	20	1.07892
93	43	1.043
93	47	1.02564
93	54	1.02453
93	55	1.01626
93	57	0.984124
93	59	1.08774
93	67	0.995286
93	70	0.98982
93	77	1.04651
93	84	1.02928
93	89	1.06481
93	91	1.0729
93	126	0.980597
93	135	1.04205
93	145	1.00826
93	151	0.97625
93	158	0.715723
93	172	2.46579
93	180	3.00606
94	50	0.952022
94	64	0.942302
94	72	1.02692
94	92	1.03694
94	103	0.926829
94	107	0.795856
94	109	0.97978
94	113	0.981574
94	118	0.962872
94	124	0.999403
94	128	0.983173
94	131	1.01266
94	134	0.959994
94	137	0.985961
94	141	0.976449
94	147	1.10091
94	148	0.994576
94	156	2.18972
94	157	1.00408
94	165	1.02373
94	177	2.38111
94	180	0.857743
95	67	1.68089
95	103	0.934733
95	104	0.97964
95	107	1.07347
95	124	0.766914
95	136	1.01022
95	146	1.05414
95	153	0.970151
95	157	0.839765
95	160	0.905408
95	161	0.901303
95	162	0.943563
95	163	0.907483
95	168	0.875507
95	169	0.863567
95	170	0.884843
95	171	0.88093
95	174	0.853173
95	175	0.864491
95	177	0.922095
95	178	0.869168
95	179	0.889198
96	14	1.12792
96	24	0.996182
96	27	1.08335
96	37	1.0398
96	58	1.02232
96	65	1.00954
96	66	1.07181
96	76	0.991594
96	80	1.04139
96	85	1.04454
96	88	1.02498
96	90	1.81511
96	99	1.052
96	100	1.04998
96	120	0.899259
96	135	1.04585
96	139	1.04583
96	143	1.78761
96	144	1.0212
96	146	0.77592
96	150	1.4202
96	180	0.916167
97	72	1.01786
97	83	0.974457
97	92	1.02788
97	102	0.938594
97	109	0.970723
97	110	1.03087
97	113	0.972516
97	123	0.982431
97	124	0.990345
97	127	1.32588
97	128	0.974115
97	130	0.980118
97	131	1.0036
97	134	0.950936
97	137	0.976903
97	141	0.967391
97	147	1.37754
97	148	0.985518
97	157	0.995021
97	158	0.932988
97	163	2.80962
97	167	0.9083
97	172	0.862471
98	5	0.778072
98	40	1.3157
98	42	1.28859
98	87	1.21764
98	110	1.08355
98	111	1.07135
98	143	1.01397
98	149	0.963458
98	156	0.991125
98	160	0.96514
98	162	1.0033
98	163	0.967215
98	164	0.943612
98	166	0.937988
98	168	0.935239
98	169	0.923299
98	170	0.944575
98	171	0.940662
98	174	0.912905
98	175	0.924223
98	177	0.981827
98	178	0.928901
98	179	0.94893
99	1	0.989189
99	14	1.10119
99	24	0.969448
99	34	1.04316
99	37	1.01307
99	58	0.995584
99	65	0.982807
99	66	1.04508
99	76	0.96486
99	80	1.01466
99	85	1.01781
99	88	0.998248
99	96	1.052
99	100	1.02325
99	103	1.92399
99	110	1.0476
99	112	1.03299
99	135	1.01911
99	139	1.0191
99	140	0.71431
99	144	0.994461
99	149	3.00466
99	173	1.67518
99	180	0.889433
100	1	0.987168
100	14	1.09917
100	24	0.967427
100	27	1.05459
100	34	1.04114
100	37	1.01105
100	58	0.993563
100	65	0.980786
100	66	1.04306
100	76	0.962839
100	80	1.01264
100	85	1.01579
100	88	0.996227
100	96	1.04998
100	99	1.02325
100	110	1.04558
100	129	0.978462
100	135	1.01709
100	144	0.992441
100	146	0.647616
100	169	2.89156
100	172	1.98777
100	176	1.60159
100	180	0.887412
101	10	0.840735
101	33	0.806348
101	40	0.901583
101	41	0.900294
101	45	4.6
101	46	0.899123
101	78	0.907995
101	105	0.846344
101	130	0.881357
101	131	0.904838
101	134	0.852176
101	138	0.861134
101	141	0.868631
101	155	0.871237
101	157	0.89626
101	160	0.789686
101	169	0.747845
101	173	0.805166
101	174	0.737451
101	175	0.748769
101	177	0.806372
101	178	0.753446
101	179	0.773475
102	60	0.941507
102	71	1.00837
102	83	0.969281
102	97	0.938594
102	105	0.939928
102	108	0.957771
102	109	0.965546
102	113	0.96734
102	121	0.988338
102	124	0.985169
102	130	0.974941
102	131	0.998422
102	134	0.94576
102	135	0.944364
102	137	0.971727
102	139	0.973173
102	141	0.962215
102	148	0.980342
102	156	1.86222
102	157	0.989845
102	165	1.0095
102	168	3.48229
102	172	0.857295
102	180	0.843509
103	27	1.13597
103	29	0.973978
103	30	0.960885
103	32	0.959843
103	36	0.959052
103	39	0.943094
103	46	1.74004
103	94	0.926829
103	95	0.934733
103	99	1.92399
103	123	0.956432
103	131	0.977599
103	137	0.950904
103	151	0.910003
103	157	0.969022
103	162	0.900602
103	164	0.840919
103	165	0.988678
103	170	0.841882
103	175	0.82153
103	177	0.879134
103	178	0.826207
103	179	0.846237
103	180	0.822686
104	13	1.36124
104	95	0.97964
104	126	0.935821
104	133	0.917908
104	148	1.01272
104	152	0.989003
104	153	0.972097
104	155	0.988905
104	160	0.907354
104	161	0.903249
104	162	0.945509
104	163	0.909429
104	164	0.885826
104	165	1.14763
104	166	0.880202
104	168	0.877453
104	170	0.886789
104	171	0.882876
104	174	0.855119
104	175	0.866437
104	176	0.900704
104	177	0.924041
104	178	0.871114
104	179	0.891144
105	60	0.948017
105	62	1.19867
105	71	1.01488
105	72	1.0192
105	78	1.00809
105	92	1.02922
105	101	0.846344
105	102	0.939928
105	108	1.14757
105	118	0.955148
105	120	1.29499
105	121	0.994848
105	128	0.975449
105	134	0.95227
105	137	0.978237
105	141	0.968725
105	148	0.986852
105	157	0.996355
105	158	0.934322
105	165	1.01601
105	167	0.909634
105	172	0.863805
105	176	3.09788
105	180	0.850019
106	12	0.723789
106	17	1.31023
106	18	0.740763
106	51	1.15088
106	146	1.15365
106	148	0.305951
106	154	1.06307
106	156	1.0309
106	160	1.00492
106	162	1.04307
106	163	1.00699
106	164	0.983388
106	165	0.440859
106	166	0.977764
106	168	0.975014
106	169	0.963075
106	170	0.984351
106	171	0.980437
106	174	0.952681
106	175	0.963999
106	177	1.0216
106	178	0.968676
106	179	0.988705
106	180	0.965155
107	16	0.955154
107	88	0.774669
107	94	0.795856
107	95	1.07347
107	108	1.15697
107	113	0.894822
107	123	0.372389
107	138	1.07263
107	154	1.05934
107	155	1.08274
107	160	1.00118
107	161	0.997079
107	162	1.03934
107	166	0.974032
107	168	0.971283
107	169	0.959343
107	170	0.980619
107	171	0.976706
107	174	0.948949
107	175	0.960267
107	177	1.01787
107	178	0.964944
107	179	0.984973
107	180	0.961423
108	83	0.789743
108	102	0.957771
108	105	1.14757
108	107	1.15697
108	137	0.61448
108	139	0.202878
108	152	1.07055
108	153	1.05365
108	155	1.07046
108	156	1.01489
108	161	0.9848
108	162	1.02706
108	163	0.990979
108	164	0.967377
108	166	0.961753
108	168	0.959003
108	170	0.96834
108	171	0.964426
108	172	0.962929
108	173	1.00438
108	174	0.936669
108	175	0.947988
108	177	1.00559
108	178	0.952665
108	179	0.972694
109	2	1.06869
109	50	0.969917
109	71	1.0405
109	78	1.03371
109	92	1.05484
109	94	0.97978
109	97	0.970723
109	102	0.965546
109	110	0.705301
109	117	1.54279
109	121	1.02047
109	124	1.0173
109	125	1.88007
109	128	1.00107
109	130	1.00707
109	131	1.03055
109	134	0.977889
109	147	1.05197
109	148	1.01247
109	157	1.02197
109	158	0.95994
109	159	2.37142
109	165	1.04163
109	167	0.935252
109	180	0.875638
110	31	0.998638
110	33	1.58927
110	52	1.0469
110	56	1.03719
110	65	1.00514
110	66	1.06741
110	68	1.00981
110	71	0.754095
110	76	0.987193
110	97	1.03087
110	98	1.08355
110	99	1.0476
110	100	1.04558
110	109	0.705301
110	134	0.592995
110	144	1.01679
110	150	0.98885
110	159	0.959738
110	161	0.947423
110	167	0.971381
110	168	0.921626
110	175	0.910611
110	177	0.968214
110	178	0.915288
110	179	0.935317
110	180	0.911766
111	15	1.56339
111	25	1.03142
111	78	1.03016
111	98	1.07135
111	120	1.0628
111	121	0.663258
111	147	1.08363
111	153	1.00407
111	155	1.02088
111	156	0.965313
111	160	0.939328
111	161	0.935223
111	163	0.941403
111	164	0.9178
111	166	0.912176
111	168	0.909426
111	169	0.897487
111	170	0.918763
111	171	0.914849
111	172	0.913352
111	174	0.887092
111	175	0.898411
111	177	0.956014
111	178	0.903088
111	179	0.923117
112	8	1.00393
112	19	0.968356
112	25	1.10237
112	26	0.965967
112	35	0.938003
112	67	2.14675
112	86	0.942366
112	87	0.942106
112	99	1.03299
112	127	0.954158
112	139	0.901504
112	145	0.886169
112	152	0.92872
112	155	0.928623
112	158	0.891613
112	159	0.855282
112	163	0.849146
112	165	0.973302
112	166	0.81992
112	171	0.822593
112	172	0.821096
112	173	0.862551
112	176	0.840421
112	177	0.863758
113	6	1.0337
113	18	0.969051
113	48	0.958734
113	50	0.97171
113	60	0.975429
113	94	0.981574
113	97	0.972516
113	102	0.96734
113	107	0.894822
113	118	0.98256
113	121	1.02226
113	124	1.01909
113	128	1.00286
113	129	1.76501
113	130	1.00886
113	134	0.979682
113	137	1.00565
113	138	1.91392
113	139	1.0071
113	141	0.996137
113	148	1.01426
113	150	0.954515
113	155	1.58375
113	157	1.02377
113	167	0.937046
113	172	0.891217
113	180	0.877431
114	9	1.03012
114	70	1.21619
114	71	1.13218
114	76	2.02151
114	90	0.956942
114	116	0.992547
114	117	0.987434
114	120	1.02018
114	122	1.07066
114	129	1.01162
114	142	0.961968
114	146	1.04544
114	147	1.04101
114	154	0.954862
114	155	0.978259
114	156	0.922692
114	161	0.892603
114	164	0.87518
114	166	0.869556
114	168	0.866806
114	169	0.854867
114	170	0.876143
114	175	0.855791
114	176	0.890058
114	177	0.913394
114	178	0.860468
114	179	0.880497
115	5	3.12544
115	92	1.87456
115	120	0.971512
115	122	1.02199
115	140	0.954034
115	142	0.9133
115	143	0.896866
115	149	0.846357
115	154	0.906193
115	155	0.929591
115	156	0.874024
115	161	0.843934
115	162	0.886194
115	163	0.850114
115	164	0.826511
115	166	0.820888
115	167	0.867893
115	169	0.806198
115	170	0.827474
115	171	0.823561
115	174	0.795804
115	175	0.807123
115	177	0.864726
115	178	0.8118
115	179	0.831829
116	16	1.75334
116	25	0.774168
116	114	0.992547
116	128	0.372497
116	130	1.37062
116	136	1.03377
116	143	0.977789
116	149	0.92728
116	154	0.987116
116	155	1.01051
116	156	0.954947
116	158	0.973504
116	160	0.928962
116	162	0.967118
116	164	0.907434
116	166	0.901811
116	167	0.948816
116	168	0.899061
116	169	0.887122
116	170	0.908398
116	171	0.904484
116	173	0.944442
116	174	0.876727
116	175	0.888046
116	177	0.945649
116	178	0.892723
116	179	0.912752
117	40	1.14903
117	48	1.07547
117	109	1.54279
117	114	0.987434
117	123	1.16826
117	125	1.00171
117	128	0.370181
117	136	1.02866
117	147	1.06815
117	152	1.0055
117	156	0.949834
117	160	0.923849
117	161	0.919744
117	163	0.925924
117	164	0.902321
117	166	0.896697
117	168	0.893948
117	169	0.882008
117	170	0.903284
117	171	0.899371
117	173	0.939329
117	174	0.871614
117	175	0.882932
117	177	0.940536
117	178	0.887609
117	179	0.907639
117	180	0.884088
118	51	0.383532
118	57	1.6239
118	64	0.943288
118	71	1.02359
118	83	0.984501
118	94	0.962872
118	105	0.955148
118	113	0.98256
118	121	1.00356
118	123	0.992475
118	128	0.984159
118	130	0.990161
118	131	1.01364
118	132	1.01688
118	134	0.96098
118	137	0.986947
118	139	0.988393
118	141	0.977435
118	145	1.50637
118	148	0.995562
118	151	0.946046
118	152	1.17188
118	157	1.00506
118	165	1.02472
118	166	2.69042
118	167	0.918344
118	172	0.872515
118	180	0.858729
119	17	1.36628
119	20	1.48084
119	61	1.0632
119	131	0.492773
119	134	1.38573
119	142	0.986514
119	146	1.06999
119	147	1.06556
119	149	0.91957
119	152	1.0029
119	154	0.979407
119	156	0.947237
119	160	0.921252
119	162	0.959408
119	163	0.923328
119	164	0.899725
119	166	0.894101
119	168	0.891351
119	169	0.879412
119	170	0.900688
119	171	0.896774
119	172	0.895277
119	174	0.869017
119	175	0.880336
119	177	0.937939
119	178	0.885013
119	179	0.905042
120	66	1.19307
120	96	0.899259
120	105	1.29499
120	111	1.0628
120	114	1.02018
120	115	0.971512
120	122	1.13055
120	124	0.681563
120	142	1.02186
120	143	1.00542
120	153	1.02134
120	154	1.01475
120	156	0.98258
120	160	0.956595
120	161	0.952491
120	162	0.994751
120	163	0.95867
120	165	0.382617
120	166	0.929444
120	169	0.914755
120	170	0.936031
120	171	0.932117
120	174	0.90436
120	175	0.915679
120	177	0.973282
120	178	0.920356
120	179	0.940385
120	180	0.916834
121	2	1.09149
121	19	0.547334
121	71	1.06329
121	78	1.0565
121	83	1.0242
121	102	0.988338
121	105	0.994848
121	109	1.02047
121	111	0.663258
121	113	1.02226
121	118	1.00356
121	123	1.03218
121	128	1.02386
121	130	1.02986
121	131	1.05334
121	132	1.05658
121	137	1.02665
121	139	1.02809
121	141	1.01714
121	147	0.924452
121	148	1.03526
121	150	0.975513
121	153	0.774428
121	157	1.04476
121	162	1.33162
121	172	0.912215
121	174	4.56449
121	180	0.898429
122	30	0.657525
122	64	0.63289
122	65	1.15196
122	66	1.09374
122	86	1.19058
122	114	1.07066
122	115	1.02199
122	120	1.13055
122	125	1.08493
122	138	1.07852
122	153	1.07182
122	154	1.06523
122	155	1.08862
122	160	1.00707
122	164	0.985545
122	165	0.283284
122	166	0.979921
122	168	0.977171
122	169	0.965232
122	170	0.986508
122	171	0.982594
122	172	0.981097
122	174	0.954837
122	175	0.966156
122	176	1.00042
122	177	1.02376
122	178	0.970833
122	179	0.990862
123	18	0.978967
123	38	1.04647
123	50	0.981626
123	64	0.971905
123	71	1.05221
123	72	1.05652
123	82	0.940028
123	92	1.06655
123	97	0.982431
123	103	0.956432
123	107	0.372389
123	117	1.16826
123	118	0.992475
123	121	1.03218
123	124	1.02901
123	130	1.01878
123	131	1.04226
123	134	0.989597
123	137	1.01556
123	139	1.01701
123	141	1.00605
123	147	0.67744
123	148	1.02418
123	150	0.96443
123	151	0.974663
123	155	1.06132
123	157	1.03368
123	164	3.29806
123	167	0.946961
124	50	0.989539
124	64	0.979819
124	71	1.06012
124	78	1.05333
124	81	1.00781
124	92	1.07446
124	94	0.999403
124	95	0.766914
124	97	0.990345
124	102	0.985169
124	109	1.0173
124	113	1.01909
124	120	0.681563
124	123	1.02901
124	125	1.17789
124	126	1.20547
124	128	1.02069
124	130	1.02669
124	134	0.997511
124	135	0.520744
124	137	1.02348
124	141	1.01397
124	148	1.03209
124	157	1.0416
124	165	1.06125
124	167	0.954875
124	169	3.77442
124	172	0.909046
124	180	0.89526
125	28	1.00864
125	78	1.10788
125	88	1.43415
125	109	1.88007
125	117	1.00171
125	122	1.08493
125	124	1.17789
125	129	1.0259
125	136	1.01579
125	140	1.01697
125	152	0.992628
125	160	0.910979
125	161	0.906874
125	162	0.949134
125	163	0.913054
125	164	0.889451
125	166	0.883827
125	168	0.881078
125	169	0.869138
125	170	0.890414
125	171	0.886501
125	173	0.926459
125	174	0.858744
125	175	0.870062
125	176	0.904329
125	177	0.927666
125	178	0.874739
125	179	0.894769
126	5	1.00542
126	8	1.01845
126	22	1.24619
126	25	1.11689
126	26	0.980484
126	35	0.952521
126	43	0.952456
126	54	0.933992
126	59	0.9972
126	67	0.904745
126	73	1.71607
126	77	0.955968
126	84	0.938741
126	93	0.980597
126	104	0.935821
126	124	1.20547
126	135	0.951507
126	145	0.900687
126	155	0.94314
126	157	1.27832
126	158	0.906131
126	164	0.840061
126	167	0.881442
126	170	0.841024
126	174	0.809354
126	175	0.820672
126	176	0.854939
126	177	0.878275
126	178	0.825349
126	179	0.845378
127	10	1.49704
127	32	0.679572
127	44	1.90831
127	49	1.09092
127	62	1.06298
127	97	1.32588
127	112	0.954158
127	138	1.01166
127	151	0.987765
127	152	1.02186
127	153	1.00495
127	154	0.998363
127	155	1.02176
127	156	0.966194
127	160	0.940209
127	161	0.936104
127	162	0.978364
127	163	0.942284
127	164	0.918681
127	165	0.452912
127	166	0.913057
127	169	0.898368
127	170	0.919644
127	171	0.915731
127	172	0.914234
127	174	0.887974
127	175	0.899292
127	177	0.956896
127	178	0.903969
127	179	0.923999
128	2	1.07209
128	19	0.513821
128	50	0.973309
128	64	0.963589
128	71	1.04389
128	72	1.04821
128	82	0.141952
128	83	1.0048
128	94	0.983173
128	97	0.974115
128	105	0.975449
128	109	1.00107
128	113	1.00286
128	116	0.372497
128	117	0.370181
128	118	0.984159
128	121	1.02386
128	124	1.02069
128	130	1.01046
128	134	0.981281
128	137	1.00725
128	141	0.997736
128	148	1.01586
128	151	0.966347
128	157	1.02537
128	158	0.963333
128	165	1.04502
128	172	0.892816
128	175	3.21327
128	178	2.8606
129	65	1.48466
129	74	1.00518
129	80	0.766676
129	100	0.978462
129	113	1.76501
129	114	1.01162
129	125	1.0259
129	136	1.05285
129	138	1.01949
129	152	1.02969
129	153	1.01278
129	154	1.00619
129	156	0.974024
129	159	0.95625
129	161	0.943935
129	162	0.986194
129	163	0.950114
129	164	0.926511
129	166	0.920888
129	168	0.918138
129	169	0.906199
129	170	0.927474
129	171	0.923561
129	173	0.963519
129	174	0.895804
129	175	0.907123
129	177	0.964726
129	178	0.9118
129	179	0.931829
129	180	0.908278
130	49	0.669651
130	50	0.979312
130	60	0.98303
130	64	0.969591
130	78	1.0431
130	92	1.06423
130	97	0.980118
130	101	0.881357
130	102	0.974941
130	109	1.00707
130	113	1.00886
130	116	1.37062
130	118	0.990161
130	121	1.02986
130	123	1.01878
130	124	1.02669
130	128	1.01046
130	131	1.03995
130	134	0.987283
130	136	1.22576
130	137	1.01325
130	138	1.59154
130	140	1.4418
130	141	1.00374
130	148	1.02187
130	150	0.962116
130	157	1.03137
130	158	0.969335
130	159	2.19694
130	172	0.898818
130	180	0.885033
131	2	1.10157
131	18	1.00013
131	50	1.00279
131	71	1.07338
131	78	1.06658
131	83	1.03428
131	90	0.746729
131	94	1.01266
131	97	1.0036
131	101	0.904838
131	102	0.998422
131	103	0.977599
131	109	1.03055
131	118	1.01364
131	119	0.492773
131	121	1.05334
131	123	1.04226
131	130	1.03995
131	134	1.01076
131	136	0.576962
131	137	1.03673
131	139	1.03818
131	141	1.02722
131	146	0.984726
131	148	1.04535
131	150	0.985597
131	157	1.05485
131	158	0.992816
131	164	2.11973
131	170	1.97638
131	172	0.922299
131	174	4.15072
131	180	0.908513
132	10	1.00256
132	13	1.00817
132	17	1.10802
132	21	1.10781
132	33	0.968177
132	40	1.06341
132	41	1.06212
132	42	1.06572
132	44	0.981958
132	46	1.06095
132	56	1.03718
132	60	1.00975
132	64	0.996312
132	68	1.00979
132	118	1.01688
132	121	1.05658
132	133	0.962068
132	134	1.014
132	136	0.852896
132	145	0.990612
132	148	1.04859
132	152	1.10854
132	153	0.667341
132	156	0.8946
132	157	1.05809
132	159	0.959725
132	164	2.42641
132	167	0.971368
132	168	2.51467
132	172	0.925539
132	173	0.966994
132	175	3.13969
132	180	0.911753
133	21	2.56231
133	23	0.912474
133	31	0.890787
133	32	2.61065
133	42	0.957878
133	44	0.874119
133	52	0.939046
133	68	0.901956
133	73	0.892197
133	74	0.974083
133	84	1.22704
133	86	0.938971
133	87	0.938711
133	104	0.917908
133	132	0.962068
133	136	0.948487
133	138	0.915124
133	153	0.90842
133	159	0.851887
133	164	0.822148
133	165	0.969907
133	167	0.86353
133	168	0.813775
133	170	0.823112
133	171	0.819198
133	172	0.817701
133	173	0.859156
133	174	0.791441
133	175	0.80276
133	176	0.837026
133	178	0.807437
133	179	0.827466
134	2	1.04891
134	18	0.947471
134	49	0.731824
134	64	0.94041
134	71	1.02071
134	75	1.25992
134	78	1.01392
134	92	1.03505
134	94	0.959994
134	97	0.950936
134	101	0.852176
134	102	0.94576
134	105	0.95227
134	109	0.977889
134	110	0.592995
134	113	0.979682
134	118	0.96098
134	119	1.38573
134	123	0.989597
134	124	0.997511
134	128	0.981281
134	130	0.987283
134	131	1.01076
134	132	1.014
134	137	0.984069
134	141	0.974557
134	148	0.992684
134	153	1.80122
134	157	1.00219
134	165	1.02184
134	167	0.915466
134	172	0.869637
134	177	2.21987
134	180	0.855851
135	9	1.08026
135	21	0.853854
135	33	2.10689
135	37	1.00691
135	43	1.01391
135	54	0.995443
135	58	0.98943
135	70	0.96073
135	77	1.01742
135	80	1.0085
135	84	1.00019
135	85	1.01165
135	88	0.992094
135	89	1.03572
135	93	1.04205
135	96	1.04585
135	99	1.01911
135	100	1.01709
135	102	0.944364
135	124	0.520744
135	126	0.951507
135	141	0.859018
135	157	0.593595
135	161	0.918935
135	163	0.925115
135	164	0.901512
135	166	0.895888
135	168	0.893139
135	171	0.898562
135	174	0.870805
135	175	0.882123
135	177	0.939727
135	178	0.8868
135	179	0.90683
135	180	0.883279
136	4	1.52197
136	20	1.38305
136	36	1.43936
136	95	1.01022
136	116	1.03377
136	117	1.02866
136	125	1.01579
136	129	1.05285
136	130	1.22576
136	131	0.576962
136	132	0.852896
