1	3	0.904411
1	27	1.08111
1	30	0.981074
1	45	0.871025
1	47	0.934711
1	52	0.934847
1	53	0.935016
1	55	0.935159
1	109	1.55549
1	155	1.33435
1	166	4.4542
1	177	0.830823
2	8	0.81227
2	13	0.908291
2	15	0.899879
2	18	0.809931
2	23	0.872564
2	29	0.89224
2	40	0.849995
2	46	0.863029
2	107	0.775272
2	137	2.01016
2	152	3.96506
2	178	0.770896
3	1	0.904411
3	28	0.884709
3	30	0.894254
3	33	0.801392
3	45	0.784204
3	47	0.847891
3	52	0.848027
3	53	0.848196
3	55	0.848338
3	119	3.00777
3	141	2.65487
3	177	0.744003
4	78	0.853778
4	80	0.856495
4	94	0.807248
4	95	0.847615
4	98	0.851883
4	102	0.839033
4	122	0.870812
4	125	2.85804
4	131	2.70862
4	147	0.872183
4	154	0.846076
4	162	0.752782
5	7	1.42568
5	22	0.700012
5	25	0.699047
5	31	0.698425
5	34	0.85673
5	42	0.83163
5	44	0.830648
5	113	4.25052
5	121	0.780026
5	145	2.02688
5	147	0.805122
5	161	0.744112
6	11	0.91001
6	71	0.825215
6	74	0.888615
6	77	0.806037
6	78	0.862464
6	94	0.815934
6	98	0.860569
6	102	0.847719
6	141	2.28053
6	149	3.38894
6	154	0.854762
6	162	0.761468
7	5	1.42568
7	22	1.04985
7	25	1.04888
7	31	1.04826
7	34	0.56145
7	42	0.53635
7	44	0.535368
7	147	0.509841
7	161	1.0201
7	163	2.94899
7	180	7.14603
8	2	0.81227
8	13	0.914665
8	15	0.906252
8	18	0.816304
8	29	0.898613
8	40	0.856368
8	46	0.869402
8	107	0.781645
8	117	0.803643
8	153	3.31731
8	163	2.79886
8	178	0.777269
9	19	0.901089
9	39	0.870365
9	48	0.855936
9	56	0.855404
9	66	0.918712
9	154	0.86281
9	158	1.57509
9	161	0.827907
9	163	0.758415
9	167	0.780444
9	169	4.63243
9	178	0.780249
10	39	0.969194
10	48	0.954764
10	56	0.954233
10	66	1.01754
10	143	2.16105
10	148	1.74503
10	154	0.961639
10	161	0.926736
10	163	0.857244
10	167	0.879273
10	176	3.24401
10	178	0.879078
11	6	0.91001
11	71	0.926717
11	78	0.963966
11	81	0.963233
11	94	0.917436
11	95	0.957804
11	98	0.962072
11	102	0.949221
11	161	1.48516
11	162	0.86297
11	171	1.62137
11	177	4.17427
12	64	0.863273
12	69	0.868295
12	79	0.89616
12	91	0.852812
12	96	0.840232
12	103	0.904877
12	108	2.90122
12	125	2.86916
12	156	0.861466
12	162	0.781957
12	167	0.792885
12	176	0.764987
13	2	0.908291
13	8	0.914665
13	15	1.00227
13	18	0.912326
13	23	0.974958
13	40	0.952389
13	110	0.987803
13	117	0.899664
13	146	1.58844
13	165	2.14213
13	170	3.55802
13	178	0.87329
14	61	1.03259
14	65	0.957901
14	82	0.924158
14	93	0.939492
14	100	0.969147
14	101	0.969091
14	159	2.66876
14	160	1.72065
14	163	0.871742
14	165	0.886421
14	174	2.84553
14	176	0.865872
15	2	0.899879
15	8	0.906252
15	13	1.00227
15	18	0.903913
15	23	0.966546
15	40	0.943977
15	46	0.957011
15	110	0.979391
15	116	1.4395
15	141	1.80014
15	144	3.39524
15	178	0.864878
16	57	0.85908
16	59	0.917135
16	60	0.823438
16	70	0.822739
16	73	0.885633
16	87	0.855327
16	148	0.808564
16	154	0.854507
16	156	0.840722
16	164	2.24323
16	166	3.99628
16	177	0.739207
17	61	1.02411
17	76	0.931355
17	82	0.915681
17	93	0.931014
17	100	0.960669
17	101	0.960614
17	107	2.33584
17	155	1.5626
17	156	0.953874
17	165	0.877944
17	172	3.41064
17	176	0.857395
18	2	0.809931
18	8	0.816304
18	13	0.912326
18	15	0.903913
18	29	0.896274
18	40	0.854029
18	46	0.867063
18	107	0.779306
18	117	0.801304
18	121	2.13987
18	178	0.77493
18	179	3.70685
19	9	0.901089
19	39	0.94685
19	48	0.932421
19	56	0.93189
19	66	0.995197
19	116	1.20801
19	135	5.34858
19	154	0.939295
19	161	0.904393
19	163	0.834901
19	167	0.85693
19	174	1.3512
19	178	0.856735
20	65	0.931362
20	76	0.913294
20	93	0.912953
20	100	0.942608
20	101	0.942552
20	110	0.98155
20	114	2.07729
20	144	2.04901
20	156	0.935813
20	163	0.845203
20	164	3.44114
20	165	0.859882
20	176	0.839333
21	38	0.929004
21	51	0.909064
21	57	0.923606
21	59	0.981661
21	70	0.887265
21	73	0.950158
21	85	2.06833
21	87	0.919852
21	143	3.0576
21	154	0.919032
21	156	0.905247
21	177	0.803732
21	180	7.90068
22	5	0.700012
22	7	1.04985
22	25	0.742046
22	31	0.741424
22	34	0.899729
22	42	0.874629
22	44	0.873647
22	114	0.786835
22	121	0.823025
22	147	0.848121
22	161	0.787111
22	164	2.47715
22	169	4.08164
23	2	0.872564
23	13	0.974958
23	15	0.966546
23	29	0.958907
23	40	0.916662
23	46	0.929696
23	107	0.841939
23	110	0.952075
23	117	0.863937
23	121	1.175
23	175	3.45646
23	178	0.837563
23	179	2.74198
24	41	0.940658
24	43	0.93955
24	62	0.904755
24	83	0.864676
24	89	0.915411
24	90	0.912307
24	92	0.964608
24	97	1.5432
24	99	0.942608
24	148	0.890628
24	165	0.846856
24	174	2.97392
24	178	3.02874
25	5	0.699047
25	7	1.04888
25	22	0.742046
25	31	0.740459
25	34	0.898764
25	42	0.873664
25	44	0.872682
25	112	2.55266
25	114	0.78587
25	121	0.82206
25	147	0.847156
25	161	0.786146
25	162	3.60542
26	64	2.69735
26	117	0.771455
26	143	0.761987
26	144	0.780134
26	153	0.747085
26	155	0.777309
26	164	0.752182
26	170	0.74152
26	171	0.769588
26	173	0.756426
26	175	0.753607
26	179	0.76754
26	180	0.707107
27	1	1.08111
27	28	1.06141
27	33	0.97809
27	45	0.960902
27	47	1.02459
27	52	1.02472
27	53	1.02489
27	55	1.02504
27	97	1.59901
27	117	2.06098
27	118	2.76877
27	177	0.920701
27	178	2.38012
28	3	0.884709
28	27	1.06141
28	30	0.961372
28	33	0.86851
28	45	0.851323
28	47	0.915009
28	52	0.915145
28	53	0.915315
28	55	0.915457
28	111	1.93772
28	130	1.86087
28	176	4.45671
28	177	0.811121
29	2	0.89224
29	8	0.898613
29	18	0.896274
29	23	0.958907
29	40	0.936338
29	46	0.949371
29	107	0.861615
29	110	0.971751
29	117	0.883612
29	124	1.45553
29	132	3.46417
29	159	2.5396
29	178	0.857239
30	1	0.981074
30	3	0.894254
30	28	0.961372
30	33	0.878055
30	45	0.860868
30	47	0.924554
30	52	0.92469
30	53	0.92486
30	55	0.925002
30	114	2.2678
30	137	1.67107
30	163	3.56719
30	177	0.820666
31	5	0.698425
31	7	1.04826
31	22	0.741424
31	25	0.740459
31	34	0.898142
31	42	0.873042
31	44	0.87206
31	114	0.785248
31	121	0.821438
31	135	5.45142
31	140	1.52749
31	147	0.846533
31	161	0.785524
32	63	0.938965
32	64	0.932399
32	79	0.965286
32	91	0.921938
32	96	0.909358
32	103	0.974003
32	116	1.72517
32	131	2.3474
32	156	0.930592
32	162	0.851083
32	167	0.862012
32	168	7.64051
32	176	0.834113
33	3	0.801392
33	27	0.97809
33	28	0.86851
33	30	0.878055
33	45	0.768006
33	47	0.831692
33	52	0.831828
33	53	0.831997
33	55	0.83214
33	105	0.747169
33	142	3.31333
33	160	2.97322
33	177	0.727804
34	5	0.85673
34	7	0.56145
34	22	0.899729
34	25	0.898764
34	31	0.898142
34	42	1.03135
34	44	1.03037
34	107	2.84306
34	121	0.979743
34	140	1.45033
34	147	1.00484
34	161	0.943829
34	163	3.37216
35	41	0.937135
35	49	0.910917
35	58	0.926572
35	62	0.901232
35	83	0.861153
35	84	0.930233
35	85	0.971212
35	89	0.911889
35	92	0.961086
35	99	0.939086
35	138	3.23044
35	165	0.843333
35	171	3.06551
36	38	0.94185
36	51	0.921909
36	60	0.900809
36	70	0.90011
36	73	0.963004
36	87	0.932698
36	128	1.85902
36	143	3.16473
36	148	0.885935
36	154	0.931878
36	156	0.918093
36	171	2.40744
36	177	0.816578
37	65	0.914359
37	76	0.89629
37	82	0.880616
37	93	0.895949
37	100	0.925604
37	101	0.925549
37	106	3.80846
37	122	0.957331
37	156	0.918809
37	161	1.47271
37	163	0.8282
37	165	0.842879
37	176	0.82233
37	179	2.51902
38	21	0.929004
38	36	0.94185
38	57	0.915561
38	60	0.879919
38	73	0.942114
38	87	0.911808
38	113	0.813389
38	121	1.36547
38	146	2.81126
38	148	0.865045
38	154	0.910988
38	156	0.897203
38	175	3.64693
38	177	0.795688
39	9	0.870365
39	10	0.969194
39	19	0.94685
39	48	0.901697
39	56	0.901166
39	66	0.964473
39	126	2.81466
39	128	1.45156
39	154	0.908571
39	161	0.873669
39	163	0.804177
39	167	0.826206
39	170	3.72387
39	178	0.82601
40	2	0.849995
40	8	0.856368
40	13	0.952389
40	15	0.943977
40	18	0.854029
40	23	0.916662
40	29	0.936338
40	46	0.907126
40	110	0.929506
40	117	0.841368
40	125	1.92152
40	155	3.13093
40	160	2.57556
40	178	0.814994
41	24	0.940658
41	35	0.937135
41	58	0.898626
41	62	0.873286
41	83	0.833207
41	84	0.902287
41	89	0.883943
41	90	0.880838
41	92	0.93314
41	99	0.91114
41	116	1.60746
41	160	3.03315
41	161	2.93074
41	165	0.815387
42	5	0.83163
42	7	0.53635
42	22	0.874629
42	25	0.873664
42	31	0.873042
42	34	1.03135
42	44	1.00527
42	114	0.918453
42	121	0.954643
42	137	2.79184
42	141	1.76519
42	147	0.979739
42	149	2.87359
42	161	0.918729
43	24	0.93955
43	58	0.897518
43	62	0.872178
43	68	1.03705
43	83	0.832099
43	84	0.901179
43	89	0.882835
43	90	0.879731
43	92	0.932032
43	107	0.82581
43	114	2.39273
43	152	3.7509
43	161	1.732
43	165	0.814279
44	5	0.830648
44	7	0.535368
44	22	0.873647
44	25	0.872682
44	31	0.87206
44	34	1.03037
44	42	1.00527
44	112	1.47387
44	114	0.917471
44	121	0.953661
44	142	2.17242
44	147	0.978757
44	161	0.917747
44	172	4.23572
45	1	0.871025
45	3	0.784204
45	27	0.960902
45	28	0.851323
45	30	0.860868
45	33	0.768006
45	47	0.814505
45	52	0.814641
45	53	0.81481
45	55	0.814952
45	105	0.729982
45	123	2.4708
45	163	4.11279
45	177	0.710617
46	2	0.863029
46	8	0.869402
46	15	0.957011
46	18	0.867063
46	23	0.929696
46	29	0.949371
46	40	0.907126
46	107	0.832403
46	109	2.667
46	110	0.94254
46	116	1.35919
46	117	0.854401
46	162	3.47919
46	178	0.828027
47	1	0.934711
47	3	0.847891
47	27	1.02459
47	28	0.915009
47	30	0.924554
47	33	0.831692
47	45	0.814505
47	52	0.878327
47	53	0.878497
47	55	0.878639
47	105	0.793668
47	134	2.52638
47	167	2.90338
47	177	0.774303
47	179	2.58846
48	9	0.855936
48	10	0.954764
48	19	0.932421
48	39	0.901697
48	56	0.886736
48	66	0.950044
48	108	1.50772
48	117	0.837955
48	154	0.894142
48	161	0.85924
48	162	2.82401
48	163	0.789747
48	165	3.50609
48	167	0.811777
48	178	0.811581
49	35	0.910917
49	50	0.878865
49	58	0.872407
49	62	0.847067
49	68	1.01194
49	75	0.910507
49	83	0.806989
49	84	0.876068
49	92	0.906921
49	99	0.884921
49	140	1.53477
49	148	0.832941
49	153	3.97505
49	165	0.789169
49	167	2.85772
50	49	0.878865
50	62	0.86918
50	68	1.03405
50	75	0.932619
50	83	0.829101
50	84	0.898181
50	90	0.876732
50	99	0.907034
50	105	0.805062
50	107	0.822812
50	111	1.92913
50	144	2.95175
50	148	0.855054
50	155	2.97708
50	165	0.811281
51	21	0.909064
51	36	0.921909
51	59	0.953676
51	60	0.859978
51	70	0.85928
51	73	0.922173
51	87	0.891867
51	104	2.42711
51	113	0.793448
51	120	2.10648
51	148	0.845104
51	154	0.891047
51	155	3.3016
51	156	0.877262
51	177	0.775747
52	1	0.934847
52	3	0.848027
52	27	1.02472
52	28	0.915145
52	30	0.92469
52	33	0.831828
52	45	0.814641
52	47	0.878327
52	53	0.878633
52	55	0.878775
52	105	0.793805
52	129	1.52318
52	133	2.31412
52	170	4.35735
52	177	0.774439
53	1	0.935016
53	3	0.848196
53	27	1.02489
53	28	0.915315
53	30	0.92486
53	33	0.831997
53	45	0.81481
53	47	0.878497
53	52	0.878633
53	55	0.878944
53	104	1.97604
53	105	0.793974
53	151	4.49177
53	167	2.5435
53	177	0.774609
54	67	0.940609
54	77	0.925514
54	78	0.981941
54	80	0.984658
54	81	0.981208
54	94	0.935411
54	95	0.975778
54	98	0.980046
54	102	0.967196
54	123	1.65215
54	140	1.37232
54	144	1.96649
54	154	0.974239
54	162	0.880945
54	176	4.34508
55	1	0.935159
55	3	0.848338
55	27	1.02504
55	28	0.915457
55	30	0.925002
55	33	0.83214
55	45	0.814952
55	47	0.878639
55	52	0.878775
55	53	0.878944
55	105	0.794116
55	132	3.62273
55	141	1.64261
55	164	3.67223
55	177	0.774751
56	9	0.855404
56	10	0.954233
56	19	0.93189
56	39	0.901166
56	48	0.886736
56	66	0.949512
56	117	0.837424
56	120	2.20068
56	121	2.21735
56	133	3.5895
56	154	0.893611
56	161	0.858708
56	163	0.789216
56	167	0.811245
56	178	0.81105
57	16	0.85908
57	21	0.923606
57	38	0.915561
57	59	0.968218
57	60	0.874521
57	70	0.873822
57	73	0.936715
57	87	0.906409
57	121	1.78497
57	148	0.859646
57	149	2.4514
57	156	0.891804
57	177	0.790289
57	179	3.35196
58	35	0.926572
58	41	0.898626
58	43	0.897518
58	49	0.872407
58	84	0.891723
58	89	0.873379
58	90	0.870275
58	92	0.922576
58	99	0.900576
58	105	0.798604
58	117	1.70322
58	138	2.076
58	148	0.848596
58	165	0.804824
58	177	4.46396
59	16	0.917135
59	21	0.981661
59	51	0.953676
59	57	0.968218
59	60	0.932576
59	70	0.931877
59	87	0.964464
59	113	0.866046
59	148	0.917702
59	154	0.963645
59	156	0.949859
59	157	1.67539
59	161	1.70189
59	175	2.51845
59	176	3.76871
59	177	0.848344
60	16	0.823438
60	36	0.900809
60	38	0.879919
60	51	0.859978
60	57	0.874521
60	59	0.932576
60	70	0.838179
60	73	0.901073
60	87	0.870767
60	129	1.62953
60	142	2.01152
60	148	0.824004
60	151	4.87852
60	154	0.869947
60	156	0.856162
60	177	0.754647
61	14	1.03259
61	17	1.02411
61	76	0.921168
61	82	0.905493
61	93	0.920827
61	100	0.950482
61	101	0.950426
61	145	1.3714
61	146	1.42648
61	147	0.983579
61	156	0.943687
61	163	0.853077
61	165	0.867757
61	169	4.13043
61	172	3.00718
61	176	0.847208
62	24	0.904755
62	35	0.901232
62	41	0.873286
62	43	0.872178
62	49	0.847067
62	50	0.86918
62	75	0.900822
62	83	0.797304
62	85	2.06046
62	89	0.84804
62	90	0.844935
62	92	0.897236
62	99	0.875236
62	116	1.66067
62	165	0.779484
62	174	4.21124
63	32	0.938965
63	64	0.883627
63	69	0.888648
63	72	0.943969
63	88	0.846531
63	91	0.873165
63	96	0.860585
63	103	0.925231
63	111	1.26398
63	113	0.798005
63	156	0.881819
63	157	2.25704
63	162	0.80231
63	167	0.813239
63	176	0.78534
63	180	8.35329
64	12	0.863273
64	26	2.69735
64	32	0.932399
64	63	0.883627
64	69	0.882082
64	72	0.937403
64	88	0.839965
64	91	0.866599
64	96	0.854019
64	103	0.918665
64	146	1.98827
64	156	0.875253
64	162	0.795744
64	165	2.54196
64	167	0.806673
64	176	0.778774
65	14	0.957901
65	20	0.931362
65	37	0.914359
65	76	0.846476
65	82	0.830802
65	93	0.846135
65	100	0.875791
65	101	0.875735
65	104	2.29367
65	137	2.57438
65	145	3.38042
65	147	0.908888
65	156	0.868995
65	163	0.778386
65	165	0.793065
65	176	0.772516
66	9	0.918712
66	10	1.01754
66	19	0.995197
66	39	0.964473
66	48	0.950044
66	56	0.949512
66	86	1.86743
66	114	1.66219
66	117	0.900731
66	148	1.41423
66	154	0.956918
66	161	0.922016
66	163	0.852524
66	166	4.77909
66	167	0.874553
66	178	0.874357
67	54	0.940609
67	71	0.83784
67	74	0.90124
67	78	0.875089
67	80	0.877806
67	81	0.874356
67	95	0.868927
67	98	0.873194
67	102	0.860344
67	106	3.39154
67	113	4.14948
67	115	0.777765
67	124	2.14712
67	147	0.893494
67	154	0.867387
67	162	0.774093
68	43	1.03705
68	49	1.01194
68	50	1.03405
68	75	1.0657
68	83	0.962178
68	84	1.03126
68	89	1.01291
68	90	1.00981
68	92	1.06211
68	99	1.04011
68	124	1.27138
68	142	1.74745
68	150	3.43512
68	158	1.87665
68	165	0.944358
68	174	2.53221
69	12	0.868295
69	63	0.888648
69	64	0.882082
69	79	0.914969
69	88	0.844987
69	91	0.871621
69	96	0.859041
69	103	0.923687
69	119	1.66236
69	121	0.895072
69	134	3.25634
69	139	3.44692
69	156	0.880275
69	162	0.800766
69	167	0.811695
69	176	0.783796
70	16	0.822739
70	21	0.887265
70	36	0.90011
70	51	0.85928
70	57	0.873822
70	59	0.931877
70	60	0.838179
70	73	0.900374
70	87	0.870068
70	108	1.94586
70	130	2.88064
70	148	0.823305
70	154	0.869248
70	156	0.855463
70	157	3.38315
70	177	0.753948
71	6	0.825215
71	11	0.926717
71	67	0.83784
71	74	0.905322
71	77	0.822745
71	80	0.881889
71	94	0.832641
71	95	0.873009
71	98	0.877277
71	102	0.864426
71	120	1.17034
71	122	0.896206
71	124	1.67413
71	127	5.44317
71	147	0.897576
71	162	0.778175
72	63	0.943969
72	64	0.937403
72	79	0.97029
72	85	0.949243
72	88	0.900308
72	91	0.926942
72	96	0.914362
72	103	0.979008
72	108	1.7452
72	114	0.914203
72	123	2.58289
72	131	1.56371
72	156	0.935596
72	162	0.856087
72	167	0.867016
72	176	0.839117
72	178	3.54688
73	16	0.885633
73	21	0.950158
73	36	0.963004
73	38	0.942114
73	51	0.922173
73	57	0.936715
73	60	0.901073
73	70	0.900374
73	87	0.932962
73	131	1.56343
73	148	0.886199
73	154	0.932142
73	156	0.918357
73	157	2.21052
73	158	1.86452
73	166	5.07043
73	177	0.816841
74	6	0.888615
74	67	0.90124
74	71	0.905322
74	77	0.886145
74	78	0.942571
74	80	0.945288
74	94	0.896041
74	95	0.936409
74	98	0.940676
74	102	0.927826
74	138	2.94434
74	147	0.960976
74	148	2.02138
74	154	0.934869
74	158	2.18033
74	162	0.841575
74	178	2.89071
75	49	0.910507
75	50	0.932619
75	62	0.900822
75	68	1.0657
75	83	0.860743
75	84	0.929823
75	89	0.911479
75	90	0.908375
75	92	0.960676
75	99	0.938676
75	107	0.854454
75	148	0.886696
75	158	1.53974
75	164	2.99259
75	165	0.842923
75	172	3.47383
75	179	2.01432
76	17	0.931355
76	20	0.913294
76	37	0.89629
76	61	0.921168
76	65	0.846476
76	82	0.812733
76	93	0.828067
76	100	0.857722
76	101	0.857666
76	147	0.890819
76	156	0.850927
76	160	2.13479
76	163	0.760317
76	165	0.774996
76	167	3.39362
76	171	3.20318
76	176	0.754448
77	6	0.806037
77	54	0.925514
77	71	0.822745
77	74	0.886145
77	78	0.859994
77	80	0.862711
77	81	0.859261
77	94	0.813464
77	95	0.853831
77	98	0.858099
77	102	0.845249
77	122	0.877028
77	126	3.1513
77	147	0.878399
77	152	3.18471
77	162	0.758998
77	167	2.52705
78	4	0.853778
78	6	0.862464
78	11	0.963966
78	54	0.981941
78	67	0.875089
78	74	0.942571
78	77	0.859994
78	94	0.86989
78	95	0.910258
78	98	0.914525
78	102	0.901675
78	124	1.87191
78	125	1.35383
78	147	0.934825
78	154	0.908718
78	162	0.815424
78	174	3.13275
78	175	3.66625
79	12	0.89616
79	32	0.965286
79	69	0.914969
79	72	0.97029
79	88	0.872851
79	91	0.899485
79	96	0.886905
79	97	1.41832
79	103	0.951551
79	115	4.27067
79	121	0.922936
79	122	0.946661
79	146	2.54688
79	148	2.03453
79	156	0.90814
79	162	0.828631
79	167	0.839559
79	176	0.81166
80	4	0.856495
80	54	0.984658
80	67	0.877806
80	71	0.881889
80	74	0.945288
80	77	0.862711
80	81	0.918405
80	94	0.872608
80	95	0.912975
80	98	0.917243
80	102	0.904392
80	107	2.92109
80	147	0.937543
80	148	1.90284
80	154	0.911436
80	159	2.54059
80	162	0.818142
80	165	2.96887
81	11	0.963233
81	54	0.981208
81	67	0.874356
81	77	0.859261
81	80	0.918405
81	94	0.869157
81	95	0.909525
81	98	0.913793
81	102	0.900942
81	105	3.75257
81	115	0.818364
81	122	0.932722
81	133	1.8765
81	147	0.934092
81	154	0.907985
81	162	0.814691
81	165	2.50383
81	171	2.19583
82	14	0.924158
82	17	0.915681
82	37	0.880616
82	61	0.905493
82	65	0.830802
82	76	0.812733
82	93	0.812392
82	97	2.33947
82	100	0.842048
82	101	0.841992
82	122	0.873774
82	147	0.875145
82	148	2.95568
82	156	0.835252
82	163	0.744643
82	165	0.759322
82	173	3.70709
82	176	0.738773
83	24	0.864676
83	35	0.861153
83	41	0.833207
83	43	0.832099
83	49	0.806989
83	50	0.829101
83	62	0.797304
83	68	0.962178
83	75	0.860743
83	84	0.826305
83	89	0.807961
83	90	0.804857
83	92	0.857158
83	99	0.835158
83	136	5.48017
83	148	0.783178
83	150	2.82322
83	158	1.26476
83	165	0.739405
84	35	0.930233
84	41	0.902287
84	43	0.901179
84	49	0.876068
84	50	0.898181
84	58	0.891723
84	68	1.03126
84	75	0.929823
84	83	0.826305
84	89	0.87704
84	90	0.873936
84	99	0.904237
84	105	0.802265
84	128	1.44257
84	148	0.852257
84	151	4.12971
84	162	1.61692
84	165	0.808485
84	172	3.32602
85	21	2.06833
85	35	0.971212
85	62	2.06046
85	72	0.949243
85	91	0.878438
85	100	0.893888
85	101	0.893832
85	103	0.930504
85	111	0.910779
85	134	0.839888
85	150	0.814603
85	162	0.807584
85	163	0.796483
85	171	0.842824
85	176	0.790613
85	177	0.785577
85	180	0.780344
86	66	1.86743
86	88	2.72566
86	107	0.781243
86	127	0.762249
86	130	0.819872
86	135	0.768414
86	136	0.753742
86	144	0.81192
86	157	0.823943
86	160	0.826808
86	165	0.769712
86	168	0.736518
86	169	0.75785
86	171	0.801374
86	172	0.77749
86	173	0.788213
86	175	0.785393
86	179	0.799326
86	180	0.738894
87	16	0.855327
87	21	0.919852
87	36	0.932698
87	38	0.911808
87	51	0.891867
87	57	0.906409
87	59	0.964464
87	60	0.870767
87	70	0.870068
87	73	0.932962
87	113	0.804237
87	142	2.38006
87	148	0.855893
87	154	0.901836
87	156	0.888051
87	161	1.93753
87	171	3.10833
87	173	3.10171
87	177	0.786536
88	63	0.846531
88	64	0.839965
88	69	0.844987
88	72	0.900308
88	79	0.872851
88	86	2.72566
88	91	0.829503
88	96	0.816923
88	103	0.881569
88	110	0.883894
88	113	0.754344
88	121	0.852954
88	122	0.876679
88	130	2.27489
88	156	0.838157
88	162	0.758649
88	167	0.769577
88	173	3.02387
88	176	0.741678
89	24	0.915411
89	35	0.911889
89	41	0.883943
89	43	0.882835
89	58	0.873379
89	62	0.84804
89	68	1.01291
89	75	0.911479
89	83	0.807961
89	84	0.87704
89	90	0.855592
89	92	0.907893
89	99	0.885893
89	107	0.801671
89	129	1.90379
89	148	0.833913
89	149	1.98902
89	150	3.97345
89	165	0.790141
89	171	3.01406
90	24	0.912307
90	41	0.880838
90	43	0.879731
90	50	0.876732
90	58	0.870275
90	62	0.844935
90	68	1.00981
90	75	0.908375
90	83	0.804857
90	84	0.873936
90	89	0.855592
90	92	0.904789
90	99	0.882789
90	105	0.780817
90	107	0.798567
90	124	1.77993
90	138	3.14921
90	148	0.830809
90	165	0.787036
90	167	3.17472
90	171	2.98428
91	12	0.852812
91	32	0.921938
91	63	0.873165
91	64	0.866599
91	69	0.871621
91	72	0.926942
91	79	0.899485
91	85	0.878438
91	88	0.829503
91	96	0.843557
91	103	0.908203
91	110	0.910529
91	122	0.903313
91	126	3.63404
91	156	0.864792
91	160	1.75096
91	162	0.785283
91	167	0.796211
91	174	2.87584
91	176	0.768312
91	178	2.93066
92	24	0.964608
92	35	0.961086
92	41	0.93314
92	43	0.932032
92	49	0.906921
92	58	0.922576
92	62	0.897236
92	68	1.06211
92	75	0.960676
92	83	0.857158
92	89	0.907893
92	90	0.904789
92	99	0.93509
92	105	0.833118
92	136	5.61983
92	139	2.00751
92	142	1.27522
92	148	0.88311
92	157	1.75041
92	159	1.88321
92	165	0.839338
93	14	0.939492
93	17	0.931014
93	20	0.912953
93	37	0.895949
93	61	0.920827
93	65	0.846135
93	76	0.828067
93	82	0.812392
93	100	0.857381
93	101	0.857325
93	110	0.896323
93	115	0.774749
93	120	2.008
93	122	0.889107
93	131	1.84429
93	147	0.890478
93	156	0.850586
93	162	3.34207
93	163	0.759976
93	165	0.774656
93	176	0.754107
93	179	3.59166
94	4	0.807248
94	6	0.815934
94	11	0.917436
94	54	0.935411
94	71	0.832641
94	74	0.896041
94	77	0.813464
94	78	0.86989
94	80	0.872608
94	81	0.869157
94	95	0.863728
94	98	0.867996
94	102	0.855145
94	115	0.772567
94	121	1.21733
94	122	0.886925
94	132	3.7131
94	147	0.888295
94	150	3.8682
94	154	0.862188
94	157	2.65573
94	162	0.768894
95	4	0.847615
95	11	0.957804
95	54	0.975778
95	67	0.868927
95	71	0.873009
95	74	0.936409
95	77	0.853831
95	78	0.910258
95	80	0.912975
95	81	0.909525
95	94	0.863728
95	98	0.908363
95	102	0.895513
95	115	0.812934
95	122	0.927292
95	129	1.83414
95	131	1.07255
95	147	0.928663
95	149	1.91937
95	154	0.902556
95	158	2.34534
95	162	0.809262
95	177	5.4973
96	12	0.840232
96	32	0.909358
96	63	0.860585
96	64	0.854019
96	69	0.859041
96	72	0.914362
96	79	0.886905
96	88	0.816923
96	91	0.843557
96	103	0.895623
96	110	0.897949
96	113	0.768398
96	114	0.830818
96	121	0.867008
96	122	0.890733
96	123	2.59416
96	139	3.45085
96	140	2.31432
96	156	0.852212
96	162	0.772703
96	167	0.783631
96	173	3.44022
96	176	0.755732
97	24	1.5432
97	27	1.59901
97	79	1.41832
97	82	2.33947
97	118	0.859745
97	119	0.915972
97	132	0.836026
97	137	0.883022
97	139	0.863095
97	152	0.83644
97	153	0.840735
97	160	0.888672
97	163	0.816897
97	164	0.845833
97	168	0.798382
97	169	0.819714
97	170	0.83517
97	172	0.839355
97	173	0.850077
97	174	0.858909
97	175	0.847258
97	179	0.86119
97	180	0.800758
98	4	0.851883
98	6	0.860569
98	11	0.962072
98	54	0.980046
98	67	0.873194
98	71	0.877277
98	74	0.940676
98	77	0.858099
98	78	0.914525
98	80	0.917243
98	81	0.913793
98	94	0.867996
98	95	0.908363
98	102	0.89978
98	111	1.21489
98	115	0.817202
98	144	2.23752
98	147	0.932931
98	154	0.906824
98	162	0.81353
98	165	3.08387
98	173	2.76924
98	175	3.36585
99	24	0.942608
99	35	0.939086
99	41	0.91114
99	49	0.884921
99	50	0.907034
99	58	0.900576
99	62	0.875236
99	68	1.04011
99	75	0.938676
99	83	0.835158
99	84	0.904237
99	89	0.885893
99	90	0.882789
99	92	0.93509
99	105	0.811118
99	107	0.828868
99	115	3.82933
99	134	2.16465
99	148	0.86111
99	152	3.19932
99	160	1.28283
99	165	0.817337
99	173	2.3446
100	14	0.969147
100	17	0.960669
100	20	0.942608
100	37	0.925604
100	61	0.950482
100	65	0.875791
100	76	0.857722
100	82	0.842048
100	85	0.893888
100	93	0.857381
100	101	0.886981
100	110	0.925978
100	115	0.804405
100	122	0.918763
100	125	1.19745
100	145	2.61913
100	147	0.920133
100	156	0.880241
100	159	2.7996
100	163	0.789632
100	164	3.77367
100	165	0.804311
100	173	2.91327
100	176	0.783762
101	14	0.969091
101	17	0.960614
101	20	0.942552
101	37	0.925549
101	61	0.950426
101	65	0.875735
101	76	0.857666
101	82	0.841992
101	85	0.893832
101	93	0.857325
101	100	0.886981
101	110	0.925922
101	115	0.804349
101	119	1.72592
101	122	0.918707
101	140	2.37395
101	147	0.920078
101	155	2.99344
101	156	0.880185
101	158	2.90739
101	162	3.13239
101	163	0.789576
101	165	0.804255
101	176	0.783706
102	4	0.839033
102	6	0.847719
102	11	0.949221
102	54	0.967196
102	67	0.860344
102	71	0.864426
102	74	0.927826
102	77	0.845249
102	78	0.901675
102	80	0.904392
102	81	0.900942
102	94	0.855145
102	95	0.895513
102	98	0.89978
102	115	0.804351
102	119	1.21669
102	122	0.91871
102	147	0.92008
102	154	0.893973
102	159	2.87695
102	160	1.92884
102	161	1.82643
102	162	0.800679
102	169	5.4555
103	12	0.904877
103	32	0.974003
103	63	0.925231
103	64	0.918665
103	69	0.923687
103	72	0.979008
103	79	0.951551
103	85	0.930504
103	88	0.881569
103	91	0.908203
103	96	0.895623
103	110	0.962594
103	113	0.833044
103	114	0.895464
103	117	1.68429
103	118	2.39208
103	120	1.5145
103	121	0.931654
103	122	0.955379
103	127	4.45683
103	145	1.59137
103	156	0.916857
103	162	0.837349
103	167	0.848277
103	170	3.61603
103	176	0.820378
104	51	2.42711
104	53	1.97604
104	65	2.29367
104	118	0.840146
104	125	0.884361
104	126	0.83259
104	127	0.804514
104	132	0.816427
104	133	0.84609
104	137	0.863423
104	139	0.843497
104	144	0.854186
104	147	0.801957
104	151	0.804642
104	152	0.816841
104	153	0.821136
104	158	0.886961
104	162	0.808399
104	166	0.801114
104	168	0.778783
104	172	0.819756
104	173	0.830478
104	174	0.83931
104	175	0.827659
104	179	0.841591
104	180	0.781159
105	33	0.747169
105	45	0.729982
105	47	0.793668
105	50	0.805062
105	52	0.793805
105	53	0.793974
105	55	0.794116
105	58	0.798604
105	81	3.75257
105	84	0.802265
105	90	0.780817
105	92	0.833118
105	99	0.811118
105	115	0.715459
105	136	0.699396
105	143	0.739426
105	144	0.757574
105	147	2.66449
105	148	0.759138
105	170	0.718959
105	172	0.723144
105	173	0.733866
105	174	0.742698
105	177	0.689781
105	179	0.744979
105	180	0.684547
106	37	3.80846
106	67	3.39154
106	108	0.820168
106	109	0.819347
106	112	0.803117
106	113	0.728817
106	120	0.829719
106	136	0.72073
106	141	0.830942
106	142	0.798437
106	145	0.794708
106	151	0.729364
106	152	0.741563
106	160	0.793796
106	164	0.750956
106	168	0.703506
106	170	0.740294
106	171	0.768362
106	173	0.755201
106	174	0.764033
106	175	0.752381
106	177	0.711115
106	179	0.766314
106	180	0.705882
107	2	0.775272
107	8	0.781645
107	17	2.33584
107	18	0.779306
107	23	0.841939
107	29	0.861615
107	34	2.84306
107	43	0.82581
107	46	0.832403
107	50	0.822812
107	75	0.854454
107	80	2.92109
107	86	0.781243
107	89	0.801671
107	90	0.798567
107	99	0.828868
107	114	0.787653
107	153	0.742275
107	155	0.772499
107	160	0.790212
107	165	0.733116
107	171	0.764778
107	172	0.740894
107	173	0.751616
107	178	0.740271
107	179	0.76273
107	180	0.702297
108	12	2.90122
108	48	1.50772
108	70	1.94586
108	72	1.7452
108	106	0.820168
108	124	0.905881
108	132	0.809503
108	136	0.789083
108	142	0.86679
108	144	0.847261
108	146	0.8598
108	149	0.853531
108	155	0.844436
108	159	0.842402
108	164	0.819309
108	166	0.794189
108	168	0.771859
108	169	0.79319
108	170	0.808647
108	171	0.836715
108	173	0.823554
108	174	0.832386
108	175	0.820734
108	176	0.784504
108	177	0.779468
108	178	0.812208
108	180	0.774235
109	1	1.55549
109	46	2.667
109	106	0.819347
109	120	0.897251
109	132	0.808682
109	134	0.832958
109	136	0.788262
109	137	0.855678
109	140	0.887242
109	145	0.86224
109	147	1.0032
109	150	0.807672
109	155	0.843615
109	156	1.03457
109	159	0.841581
109	160	0.861328
109	164	0.818488
109	166	0.793368
109	168	0.771038
109	171	0.835894
109	172	0.81201
109	173	0.822733
109	174	0.831565
109	175	0.819913
109	179	0.833846
109	180	0.773413
110	13	0.987803
110	15	0.979391
110	20	0.98155
110	23	0.952075
110	29	0.971751
110	40	0.929506
110	46	0.94254
110	88	0.883894
110	91	0.910529
110	93	0.896323
110	96	0.897949
110	100	0.925978
110	101	0.925922
110	103	0.962594
110	128	2.53593
110	141	0.950909
110	146	2.83867
110	148	2.32632
110	153	4.39212
110	161	1.91355
110	162	0.839674
110	163	0.828573
110	165	0.843252
110	167	0.850603
110	176	0.822704
110	178	0.850407
111	28	1.93772
111	50	1.92913
111	63	1.26398
111	85	0.910779
111	98	1.21489
111	129	0.912629
111	131	0.901246
111	133	0.855315
111	138	0.847137
111	139	0.852721
111	140	0.904212
111	143	0.845263
111	147	0.67134
111	150	0.824642
111	152	0.826065
111	155	0.860585
111	158	0.896185
111	159	0.858551
111	164	0.835458
111	169	0.809339
111	170	0.824796
111	171	0.852864
111	172	0.82898
111	173	0.839703
111	174	0.848535
111	175	0.836883
111	179	0.850816
111	180	0.790383
112	25	2.55266
112	44	1.47387
112	106	0.803117
112	119	0.872398
112	122	0.784743
112	125	0.860385
112	128	0.866644
112	137	0.839448
112	138	0.813937
112	142	0.84974
112	144	0.830211
112	145	0.84601
112	155	0.827385
112	156	0.794003
112	158	0.862986
112	160	0.845098
112	161	0.842815
112	164	0.802259
112	166	0.777138
112	168	0.754808
112	171	0.819664
112	172	0.795781
112	173	0.806503
112	174	0.815335
112	175	0.803683
112	179	0.817616
112	180	0.757184
113	5	4.25052
113	38	0.813389
113	51	0.793448
113	59	0.866046
113	63	0.798005
113	67	4.14948
113	87	0.804237
113	88	0.754344
113	96	0.768398
113	103	0.833044
113	106	0.728817
113	114	0.768239
113	115	0.713796
113	127	0.706238
113	153	0.72286
113	154	0.803417
113	155	0.753085
113	156	0.789632
113	157	0.767932
113	162	0.710123
113	168	0.680508
113	172	0.72148
113	174	0.741034
113	175	0.729383
113	176	0.693153
113	177	0.688117
113	179	0.743315
113	180	0.682883
114	20	2.07729
114	22	0.786835
114	25	0.78587
114	30	2.2678
114	31	0.785248
114	42	0.918453
114	43	2.39273
114	44	0.917471
114	66	1.66219
114	72	0.914203
114	96	0.830818
114	103	0.895464
114	107	0.787653
114	113	0.768239
114	145	0.83413
114	147	0.891945
114	150	0.779562
114	156	0.852052
114	161	0.830935
114	166	0.765258
114	167	0.783472
114	169	0.76426
114	172	0.783901
114	175	0.791803
114	176	0.755573
114	178	0.783277
114	179	0.805736
114	180	0.745304
115	67	0.777765
115	79	4.27067
115	81	0.818364
115	93	0.774749
115	94	0.772567
115	95	0.812934
115	98	0.817202
115	99	3.82933
115	100	0.804405
115	101	0.804349
115	102	0.804351
115	105	0.715459
115	113	0.713796
115	136	0.705709
115	155	0.761062
115	156	0.797609
115	162	0.718101
115	163	0.707
115	164	0.735935
115	165	0.721679
115	170	0.725273
115	171	0.753341
115	172	0.729457
115	174	0.749012
115	176	0.70113
115	179	0.751293
115	180	0.69086
116	15	1.4395
116	19	1.20801
116	32	1.72517
116	41	1.60746
116	46	1.35919
116	62	1.66067
116	126	0.869576
116	129	0.940391
116	131	0.929008
116	140	0.931974
116	146	0.90371
116	152	0.853827
116	153	0.858122
116	157	0.903194
116	159	0.886313
116	160	0.90606
116	161	0.903777
116	164	0.86322
116	166	0.8381
116	168	0.81577
116	169	0.837101
116	170	0.852557
116	171	0.880625
116	172	0.856742
116	173	0.867464
116	174	0.876296
116	175	0.864645
116	176	0.828415
116	179	0.878577
116	180	0.818145
117	8	0.803643
117	13	0.899664
117	18	0.801304
117	23	0.863937
117	26	0.771455
117	27	2.06098
117	29	0.883612
117	40	0.841368
117	46	0.854401
117	48	0.837955
117	56	0.837424
117	58	1.70322
117	66	0.900731
117	103	1.68429
117	144	0.797322
117	154	0.844829
117	156	2.013
117	157	0.809344
117	158	0.830097
117	161	0.809927
117	163	0.740435
117	167	0.762464
117	171	0.786776
117	172	0.762892
117	173	0.773614
117	175	0.770795
117	178	0.762269
117	179	0.784728
117	180	0.724295
118	27	2.76877
118	97	0.859745
118	103	2.39208
118	104	0.840146
118	119	0.834149
118	123	0.804881
118	124	0.850582
118	126	0.770366
118	128	0.828395
118	133	0.783866
118	135	0.748455
118	143	0.773814
118	144	0.791962
118	150	0.753194
118	154	2.6452
118	159	0.787102
118	160	0.80685
118	163	0.735075
118	164	0.76401
118	166	0.73889
118	168	0.71656
118	169	0.737891
118	170	0.753347
118	171	0.781415
118	172	0.757532
118	173	0.768254
118	174	0.777086
118	175	0.765435
118	179	0.779367
118	180	0.718935
119	3	3.00777
119	69	1.66236
119	97	0.915972
119	101	1.72592
119	102	1.21669
119	112	0.872398
119	118	0.834149
119	122	0.431034
119	123	0.861109
119	126	0.826594
119	127	0.798517
119	131	0.886025
119	134	0.834707
119	142	0.867718
119	146	0.860728
119	150	0.809421
119	151	0.798645
119	152	0.810844
119	157	0.860212
119	158	0.880964
119	159	0.84333
119	164	0.820237
119	166	0.795117
119	169	0.794118
119	170	0.809575
119	171	0.837643
119	173	0.824482
119	174	0.833314
119	175	0.821662
119	179	0.835595
119	180	0.775162
120	51	2.10648
120	56	2.20068
120	71	1.17034
120	93	2.008
120	103	1.5145
120	106	0.829719
120	109	0.897251
120	130	0.864765
120	134	0.84333
120	136	0.798635
120	140	0.897615
120	141	0.908846
120	142	0.876342
120	146	0.869351
120	149	0.863082
120	150	0.818045
120	151	0.807269
120	152	0.819468
120	153	0.823763
120	157	0.868835
120	159	0.851953
120	164	0.828861
120	166	0.80374
120	169	0.802742
120	170	0.818198
120	172	0.822383
120	174	0.841937
120	175	0.830286
120	179	0.844218
120	180	0.783786
121	5	0.780026
121	18	2.13987
121	22	0.823025
121	23	1.175
121	25	0.82206
121	31	0.821438
121	34	0.979743
121	38	1.36547
121	42	0.954643
121	44	0.953661
121	56	2.21735
121	57	1.78497
121	69	0.895072
121	79	0.922936
121	88	0.852954
121	94	1.21733
121	96	0.867008
121	103	0.931654
121	143	0.836373
121	147	0.928135
121	150	0.815752
121	161	0.867125
121	162	0.808734
121	164	0.826568
121	166	0.801448
121	167	0.819662
121	170	0.815906
121	171	0.843974
121	173	0.830813
121	174	0.839645
121	176	0.791763
121	179	0.841926
121	180	0.781494
122	4	0.870812
122	37	0.957331
122	71	0.896206
122	77	0.877028
122	79	0.946661
122	81	0.932722
122	82	0.873774
122	88	0.876679
122	91	0.903313
122	93	0.889107
122	94	0.886925
122	95	0.927292
122	96	0.890733
122	100	0.918763
122	101	0.918707
122	102	0.91871
122	103	0.955379
122	112	0.784743
122	119	0.431034
122	145	1.91082
122	147	0.95186
122	154	0.925753
122	156	0.911967
122	159	2.09129
122	162	0.832459
122	163	0.821358
122	165	0.836037
122	167	0.843387
122	172	3.5466
122	176	0.815488
122	177	4.76447
122	178	2.32288
123	45	2.4708
123	54	1.65215
123	72	2.58289
123	96	2.59416
123	118	0.804881
123	119	0.861109
123	127	0.769249
123	129	0.86814
123	130	0.826873
123	131	0.856757
123	132	0.781163
123	138	0.802647
123	141	0.870955
123	149	0.825191
123	150	0.780153
123	152	0.781576
123	153	0.785872
123	155	0.816096
123	157	0.830943
123	158	0.851696
123	165	0.776713
123	168	0.743519
123	169	0.76485
123	170	0.780307
123	171	0.808375
123	172	0.784491
123	173	0.795213
123	174	0.804045
123	175	0.792394
123	179	0.806327
123	180	0.745894
124	29	1.45553
124	67	2.14712
124	68	1.27138
124	71	1.67413
124	78	1.87191
124	90	1.77993
124	108	0.905881
124	118	0.850582
124	129	0.91384
124	131	0.902457
124	132	0.826863
124	134	0.851139
124	136	0.806443
124	137	0.873859
124	143	0.846474
124	144	0.864622
124	145	0.880421
124	149	0.870891
124	155	0.861796
124	158	0.897397
124	159	0.859762
124	160	0.879509
124	164	0.836669
124	166	0.811549
124	168	0.789219
124	169	0.810551
124	170	0.826007
124	171	0.854075
124	172	0.830192
124	173	0.840914
124	174	0.849746
124	178	0.829568
124	179	0.852027
124	180	0.791595
125	4	2.85804
125	12	2.86916
125	40	1.92152
125	78	1.35383
125	100	1.19745
125	104	0.884361
125	112	0.860385
125	126	0.814581
125	129	0.885395
125	130	0.844129
125	131	0.874012
125	133	0.828081
125	135	0.79267
125	136	0.777998
125	137	0.845414
125	141	0.88821
125	144	0.836177
125	146	0.848715
125	151	0.786632
125	152	0.798832
125	153	0.803127
125	155	0.833351
125	159	0.831317
125	164	0.808224
125	165	0.793968
125	166	0.783104
125	169	0.782106
125	170	0.797562
125	171	0.82563
125	172	0.801747
125	174	0.821301
125	178	0.801123
125	179	0.823582
125	180	0.76315
126	39	2.81466
126	77	3.1513
126	91	3.63404
126	104	0.83259
126	116	0.869576
126	118	0.770366
126	119	0.826594
126	125	0.814581
126	127	0.734734
126	128	0.820839
126	131	0.822242
126	136	0.726228
126	139	0.773717
126	141	0.83644
126	146	0.796945
126	150	0.745638
126	155	0.781581
126	158	0.817181
126	164	0.756454
126	165	0.742198
126	166	0.731334
126	168	0.709004
126	169	0.730335
126	170	0.745792
126	171	0.77386
126	172	0.749976
126	173	0.760699
126	174	0.769531
126	175	0.757879
126	177	0.716613
126	179	0.771812
126	180	0.711379
127	71	5.44317
127	86	0.762249
127	103	4.45683
127	104	0.804514
127	113	0.706238
127	119	0.798517
127	123	0.769249
127	126	0.734734
127	128	0.792763
127	129	0.805549
127	130	0.764282
127	131	0.794166
127	135	0.712823
127	140	0.797132
127	143	0.738182
127	145	0.77213
127	149	0.762599
127	152	0.718985
127	153	0.72328
127	158	0.789105
127	159	0.75147
127	160	0.771218
127	166	0.703258
127	168	0.680928
127	169	0.702259
127	170	0.717715
127	171	0.745783
127	172	0.7219
127	173	0.732622
127	175	0.729803
127	177	0.688537
127	179	0.743735
127	180	0.683303
128	36	1.85902
128	39	1.45156
128	84	1.44257
128	110	2.53593
128	112	0.866644
128	118	0.828395
128	126	0.820839
128	127	0.792763
128	133	0.834339
128	137	0.851672
128	138	0.826161
128	142	0.861964
128	143	0.824287
128	146	0.854973
128	150	0.803667
128	151	0.792891
128	152	0.80509
128	153	0.809385
128	156	1.67242
128	157	0.854457
128	158	0.87521
128	160	0.857322
128	162	0.796648
128	164	0.814483
128	166	0.789362
128	168	0.767032
128	169	0.788364
128	170	0.80382
128	171	0.831888
128	172	0.808005
128	173	0.818727
128	175	0.815908
128	179	0.82984
128	180	0.769408
129	52	1.52318
129	60	1.62953
129	89	1.90379
129	95	1.83414
129	111	0.912629
129	116	0.940391
129	123	0.86814
129	124	0.91384
129	125	0.885395
129	127	0.805549
129	132	0.817462
129	136	0.797042
129	138	0.838947
129	141	0.907254
129	142	0.874749
129	145	0.87102
129	147	1.0792
129	149	0.86149
129	151	0.805677
129	153	0.822171
129	154	1.03498
129	155	0.852395
129	158	0.887996
129	159	0.850361
129	164	0.827268
129	165	0.813012
129	168	0.779818
129	169	0.80115
129	172	0.820791
129	173	0.831513
129	174	0.840345
129	175	0.828693
129	178	0.820167
129	179	0.842626
129	180	0.782194
130	28	1.86087
130	70	2.88064
130	86	0.819872
130	88	2.27489
130	120	0.864765
130	123	0.826873
130	125	0.844129
130	127	0.764282
130	131	0.85179
130	135	0.770447
130	138	0.79768
130	139	0.803265
130	146	0.826492
130	149	0.820223
130	150	0.775186
130	151	0.76441
130	152	0.776609
130	154	1.38966
130	157	0.825976
130	158	0.846729
130	159	0.809094
130	160	0.828842
130	163	0.757066
130	166	0.760882
130	169	0.759883
130	170	0.775339
130	171	0.803407
130	173	0.790246
130	174	0.799078
130	175	0.787427
130	179	0.801359
130	180	0.740927
131	4	2.70862
131	32	2.3474
131	72	1.56371
131	73	1.56343
131	93	1.84429
131	95	1.07255
131	111	0.901246
131	116	0.929008
131	119	0.886025
131	123	0.856757
131	124	0.902457
131	125	0.874012
131	126	0.822242
131	127	0.794166
131	130	0.85179
131	132	0.806079
131	143	0.82569
131	145	0.859637
131	148	0.845402
131	149	0.850107
131	150	0.80507
131	153	0.810788
131	157	0.85586
131	158	0.876613
131	160	0.858725
131	163	0.78695
131	164	0.815885
131	166	0.790765
131	168	0.768435
131	169	0.789767
131	171	0.833291
131	172	0.809408
131	173	0.82013
131	174	0.828962
131	175	0.81731
131	179	0.831243
131	180	0.770811
132	29	3.46417
132	55	3.62273
132	94	3.7131
132	97	0.836026
132	104	0.816427
132	108	0.809503
132	109	0.808682
132	123	0.781163
132	124	0.826863
132	129	0.817462
132	131	0.806079
132	134	0.75476
132	135	0.724737
132	137	0.77748
132	138	0.751969
132	142	0.787772
132	144	0.768243
132	146	0.780781
132	149	0.774513
132	151	0.718699
132	152	0.730898
132	155	0.765418
132	157	0.780265
132	158	0.801018
132	159	0.763384
132	164	0.740291
132	168	0.692841
132	169	0.714172
132	170	0.729629
132	171	0.757697
132	172	0.733813
132	174	0.753367
132	175	0.741716
132	176	0.705486
132	179	0.755649
132	180	0.695216
133	52	2.31412
133	56	3.5895
133	81	1.8765
133	104	0.84609
133	111	0.855315
133	118	0.783866
133	125	0.828081
133	128	0.834339
133	134	0.784423
133	139	0.787217
133	140	0.838708
133	141	0.84994
133	142	0.817435
133	143	0.779758
133	146	0.810444
133	149	0.804176
133	150	0.759138
133	151	0.748362
133	152	0.760561
133	154	1.82593
133	155	0.795081
133	157	0.809928
133	159	0.793047
133	160	0.812794
133	166	0.744834
133	168	0.722504
133	169	0.743835
133	171	0.787359
133	172	0.763476
133	173	0.774198
133	174	0.78303
133	175	0.771379
133	176	0.735149
133	178	0.762852
133	179	0.785311
133	180	0.724879
134	47	2.52638
134	69	3.25634
134	85	0.839888
134	99	2.16465
134	109	0.832958
134	119	0.834707
134	120	0.84333
134	124	0.851139
134	132	0.75476
134	133	0.784423
134	140	0.833321
134	141	0.844553
134	145	0.808319
134	146	0.805057
134	148	0.794083
134	149	0.798789
134	150	0.753751
134	151	0.742975
134	152	0.755174
134	153	0.759469
134	154	1.95869
134	155	0.789694
134	157	0.804541
134	159	0.78766
134	160	0.807407
134	164	0.764567
134	165	0.750311
134	166	0.739447
