1	23	0.896608
1	29	0.884396
1	32	0.800748
1	45	0.842353
1	56	0.82679
1	72	0.813143
1	81	0.854636
1	82	0.854673
1	88	0.854668
1	111	2.89505
1	140	0.784326
1	148	2.90782
2	22	0.885528
2	38	0.944288
2	63	0.921935
2	64	0.921847
2	69	0.909703
2	74	0.963631
2	77	0.963741
2	79	0.963934
2	111	2.43775
2	129	1.3839
2	142	0.938533
2	160	3.40062
3	10	0.906912
3	11	0.827345
3	14	0.826604
3	16	0.825238
3	18	0.805157
3	33	0.894616
3	43	0.788021
3	50	0.851717
3	51	0.851787
3	52	0.851805
3	62	2.67368
3	120	2.86417
4	31	0.391534
4	49	1.129
4	65	0.967978
4	154	0.94328
4	158	0.955186
4	160	0.952551
4	168	0.931112
4	169	0.930794
4	177	0.944181
4	178	0.907539
4	179	0.915982
4	180	0.915414
5	52	0.728175
5	139	0.654831
5	141	0.864479
5	142	0.909465
5	156	0.842327
5	168	0.828579
5	174	0.85578
5	176	0.826895
5	177	0.841649
5	178	0.805007
5	179	0.81345
5	180	0.812882
6	106	0.915681
6	112	0.941959
6	113	1.77785
6	125	0.95016
6	128	0.943659
6	135	0.931784
6	137	0.955662
6	138	0.945103
6	139	0.943438
6	147	1.52624
6	163	0.865311
6	164	3.29131
7	41	0.963069
7	75	0.928151
7	78	0.921638
7	86	1.18518
7	95	0.942661
7	97	0.942463
7	100	0.939749
7	104	0.97555
7	120	2.01248
7	157	0.92068
7	162	0.896982
7	172	3.36707
8	97	1.3979
8	136	0.950797
8	138	0.233908
8	140	0.840653
8	155	0.871388
8	169	0.818938
8	172	0.837287
8	174	0.846456
8	177	0.832325
8	178	0.795683
8	179	0.804126
8	180	0.803558
9	48	0.955695
9	53	1.86833
9	76	0.922633
9	89	0.959749
9	94	0.946206
9	96	0.935549
9	105	0.92313
9	107	0.972903
9	149	0.886936
9	164	2.28148
9	173	0.89808
9	177	2.94978
10	3	0.906912
10	16	0.907482
10	33	0.97686
10	37	0.949077
10	43	0.870265
10	50	0.933961
10	51	0.934031
10	52	0.934049
10	84	0.984166
10	120	1.24158
10	152	1.50813
10	154	4.08478
11	3	0.827345
11	14	0.829281
11	16	0.827915
11	18	0.807834
11	33	0.897293
11	37	0.86951
11	43	0.790698
11	50	0.854394
11	51	0.854464
11	52	0.854482
11	162	2.40344
11	171	3.62839
12	42	0.779375
12	57	1.86861
12	147	0.856441
12	170	0.74201
12	171	0.765288
12	174	0.781663
12	175	0.744119
12	176	0.752778
12	177	0.767532
12	178	0.73089
12	179	0.739333
12	180	0.738765
13	92	0.840806
13	103	0.86604
13	106	0.804337
13	112	0.830615
13	121	0.851829
13	124	0.856896
13	132	1.40418
13	134	0.859609
13	137	0.844318
13	138	0.833759
13	139	0.832094
13	172	4.17579
14	3	0.826604
14	11	0.829281
14	16	0.827174
14	18	0.807093
14	33	0.896553
14	37	0.868769
14	43	0.789958
14	50	0.853654
14	51	0.853724
14	52	0.853742
14	110	2.68046
14	119	2.77785
15	17	0.982122
15	45	0.932995
15	56	0.917433
15	72	0.903786
15	81	0.945279
15	82	0.945315
15	88	0.94531
15	109	0.9585
15	140	0.874968
15	147	1.1658
15	149	3.40975
15	152	1.90455
16	3	0.825238
16	10	0.907482
16	11	0.827915
16	14	0.827174
16	18	0.805727
16	37	0.867403
16	43	0.788591
16	50	0.852287
16	51	0.852357
16	52	0.852375
16	163	3.61437
16	174	2.43809
17	15	0.982122
17	32	0.872099
17	45	0.913704
17	55	0.916772
17	56	0.898141
17	72	0.884494
17	81	0.925987
17	82	0.926024
17	88	0.926019
17	127	2.50398
17	140	0.855676
17	146	2.02409
17	173	2.79966
18	3	0.805157
18	11	0.807834
18	14	0.807093
18	16	0.805727
18	33	0.875105
18	37	0.847322
18	43	0.76851
18	50	0.832206
18	51	0.832276
18	52	0.832294
18	84	0.882411
18	161	3.56798
18	163	3.03071
19	26	0.87717
19	117	0.834239
19	126	0.803437
19	128	0.832665
19	133	1.19529
19	134	0.859958
19	135	0.82079
19	137	0.844667
19	138	0.834108
19	139	0.832443
19	145	0.790823
19	163	0.754317
19	180	5.20803
20	21	0.796459
20	54	0.847968
20	65	0.833579
20	73	0.889229
20	83	0.857842
20	94	0.833657
20	96	0.823
20	105	0.810581
20	107	0.860354
20	119	1.69576
20	149	0.774387
20	156	4.40592
20	173	0.785531
21	20	0.796459
21	54	0.830944
21	71	0.951309
21	73	0.872205
21	83	0.840819
21	89	0.830176
21	94	0.816633
21	105	0.793557
21	107	0.84333
21	147	2.54557
21	149	0.757364
21	152	3.28432
21	173	0.768507
22	2	0.885528
22	24	0.858836
22	39	0.832258
22	49	0.822084
22	63	0.797897
22	64	0.797809
22	69	0.785665
22	74	0.839593
22	77	0.839703
22	79	0.839897
22	142	0.814495
22	176	3.57815
22	177	2.8073
23	1	0.896608
23	29	0.960875
23	32	0.877228
23	55	0.9219
23	56	0.903269
23	72	0.889622
23	81	0.931116
23	82	0.931152
23	88	0.931147
23	140	0.860805
23	151	1.2994
23	167	2.2996
23	168	3.60603
24	22	0.858836
24	38	0.917596
24	39	0.929603
24	59	1.62239
24	63	0.895243
24	64	0.895155
24	69	0.883011
24	74	0.936939
24	77	0.937049
24	79	0.937242
24	142	0.911841
24	157	1.92679
24	178	5.5837
25	29	0.951721
25	45	0.909678
25	55	0.912746
25	56	0.894115
25	72	0.880468
25	81	0.921961
25	82	0.921998
25	88	0.921993
25	109	0.935182
25	114	1.81298
25	140	0.851651
25	142	1.80592
25	168	3.96801
26	19	0.87717
26	98	0.948157
26	99	0.888249
26	112	0.912514
26	121	0.933727
26	125	0.920716
26	126	0.884987
26	128	0.914215
26	138	0.915658
26	139	0.913993
26	168	2.90045
26	174	1.43774
26	176	3.11723
27	99	0.894311
27	101	1.95378
27	117	0.92185
27	123	0.899688
27	126	0.891048
27	128	0.920276
27	134	0.947569
27	137	0.932279
27	138	0.921719
27	139	0.920055
27	140	2.65767
27	163	0.841928
27	177	3.05434
28	38	0.915519
28	39	0.927527
28	47	1.0782
28	63	0.893166
28	64	0.893078
28	69	0.880934
28	74	0.934862
28	76	0.879358
28	77	0.934972
28	79	0.935166
28	142	0.909764
28	150	3.29498
28	157	2.23934
29	1	0.884396
29	23	0.960875
29	25	0.951721
29	45	0.90662
29	55	0.909688
29	72	0.87741
29	81	0.918903
29	82	0.91894
29	88	0.918935
29	140	0.848593
29	152	1.86947
29	155	1.28926
29	175	5.08197
30	57	2.16861
30	95	0.809154
30	97	0.808956
30	100	0.806242
30	154	0.746392
30	157	0.787173
30	162	0.763475
30	170	0.721772
30	174	0.761425
30	177	0.747293
30	178	0.710651
30	179	0.719094
30	180	0.718527
31	4	0.391534
31	54	0.927228
31	58	0.97844
31	65	0.91284
31	89	0.926461
31	94	0.912918
31	96	0.902261
31	105	0.889842
31	107	0.939615
31	123	2.22465
31	149	0.853648
31	150	3.65189
31	173	0.864792
32	1	0.800748
32	17	0.872099
32	23	0.877228
32	55	0.826041
32	56	0.80741
32	72	0.793763
32	81	0.835256
32	82	0.835293
32	88	0.835288
32	109	0.848477
32	131	3.50117
32	132	2.49902
32	140	0.764946
33	3	0.894616
33	10	0.97686
33	11	0.897293
33	14	0.896553
33	18	0.875105
33	37	0.936781
33	43	0.85797
33	50	0.921666
33	51	0.921735
33	52	0.921753
33	91	2.7404
33	140	2.53296
33	172	2.32304
34	41	0.844773
34	46	0.838872
34	67	0.833567
34	75	0.809855
34	78	0.803343
34	90	0.852768
34	93	0.906471
34	100	0.821454
34	104	0.857254
34	157	0.802384
34	159	2.75588
34	162	0.778687
34	163	3.68975
35	67	0.821054
35	75	0.797342
35	78	0.79083
35	84	2.14392
35	90	0.840255
35	93	0.893958
35	95	0.811852
35	97	0.811654
35	100	0.808941
35	104	0.844741
35	118	0.850406
35	130	3.335
35	157	0.789871
35	162	0.766174
36	37	0.479951
36	134	1.28018
36	154	0.830573
36	158	0.842479
36	161	0.830715
36	165	0.787107
36	166	0.801027
36	174	0.845605
36	175	0.808062
36	176	0.816721
36	177	0.831474
36	178	0.794832
36	179	0.803275
36	180	0.802707
37	10	0.949077
37	11	0.86951
37	14	0.868769
37	16	0.867403
37	18	0.847322
37	33	0.936781
37	36	0.479951
37	43	0.830186
37	50	0.893882
37	51	0.893952
37	52	0.89397
37	84	0.944087
37	174	1.46442
37	175	4.83659
38	2	0.944288
38	24	0.917596
38	28	0.915519
38	39	0.891018
38	63	0.856657
38	64	0.856569
38	69	0.844425
38	74	0.898353
38	77	0.898463
38	79	0.898656
38	129	1.91719
38	142	0.873255
38	147	2.58739
38	151	2.36837
39	22	0.832258
39	24	0.929603
39	28	0.927527
39	38	0.891018
39	63	0.868665
39	64	0.868576
39	69	0.856432
39	74	0.91036
39	77	0.91047
39	79	0.910664
39	142	0.885262
39	144	1.30913
39	155	2.22871
39	156	3.8549
40	57	0.892563
40	92	0.90539
40	98	0.930842
40	106	0.868922
40	116	3.58187
40	121	0.916413
40	126	0.867672
40	134	0.924193
40	135	0.885025
40	137	0.908903
40	139	0.896679
40	153	3.00653
40	163	0.818552
40	180	2.26281
41	7	0.963069
41	34	0.844773
41	90	0.904399
41	93	0.958101
41	95	0.875996
41	97	0.875798
41	100	0.873084
41	104	0.908885
41	114	1.72769
41	118	0.914549
41	157	0.854015
41	162	0.830317
41	163	3.59629
41	173	2.41797
42	12	0.779375
42	82	2.52524
42	120	0.823895
42	136	0.862183
42	158	0.754716
42	164	0.759316
42	170	0.718189
42	172	0.748672
42	174	0.757842
42	175	0.720298
42	177	0.74371
42	178	0.707069
42	179	0.715512
42	180	0.714944
43	3	0.788021
43	10	0.870265
43	11	0.790698
43	14	0.789958
43	16	0.788591
43	18	0.76851
43	33	0.85797
43	37	0.830186
43	50	0.815071
43	51	0.815141
43	52	0.815159
43	84	0.865275
43	110	3.68659
43	165	7.13615
44	112	0.596163
44	115	1.23321
44	116	0.825506
44	131	0.900979
44	159	0.8425
44	171	0.814185
44	172	0.821391
44	174	0.830561
44	175	0.793017
44	176	0.801676
44	177	0.816429
44	178	0.779787
44	179	0.78823
44	180	0.787662
45	1	0.842353
45	15	0.932995
45	17	0.913704
45	25	0.909678
45	29	0.90662
45	53	2.63167
45	55	0.867646
45	56	0.849015
45	72	0.835368
45	81	0.876861
45	82	0.876898
45	88	0.876892
45	127	2.50676
45	140	0.80655
45	145	3.29536
46	34	0.838872
46	67	0.879297
46	75	0.855585
46	90	0.898498
46	93	0.952201
46	95	0.870095
46	97	0.869897
46	100	0.867184
46	104	0.902984
46	113	2.39326
46	118	0.908648
46	144	2.32625
46	146	2.88876
46	157	0.848114
46	162	0.824417
47	28	1.0782
47	89	1.34741
47	139	0.655646
47	153	0.87879
47	161	0.886026
47	167	0.907211
47	168	0.873715
47	170	0.861262
47	174	0.900916
47	175	0.863372
47	176	0.872031
47	177	0.886784
47	178	0.850142
47	179	0.858585
47	180	0.858017
48	9	0.955695
48	54	0.877631
48	71	0.997996
48	76	0.839748
48	83	0.887506
48	94	0.86332
48	96	0.852664
48	105	0.840244
48	107	0.890017
48	108	2.32363
48	115	0.87761
48	136	1.34768
48	149	0.804051
48	173	0.815194
48	179	4.98147
49	4	1.129
49	22	0.822084
49	69	0.846259
49	74	0.900187
49	77	0.900297
49	79	0.90049
49	117	0.877768
49	121	0.895706
49	122	2.67783
49	126	0.846966
49	132	2.23587
49	135	0.864319
49	138	0.877637
49	139	0.875972
49	142	0.875089
50	3	0.851717
50	10	0.933961
50	11	0.854394
50	14	0.853654
50	16	0.852287
50	18	0.832206
50	33	0.921666
50	37	0.893882
50	43	0.815071
50	51	0.878837
50	52	0.878855
50	84	0.928971
50	118	1.07865
50	155	2.7544
50	162	3.50016
51	3	0.851787
51	10	0.934031
51	11	0.854464
51	14	0.853724
51	16	0.852357
51	18	0.832276
51	33	0.921735
51	37	0.893952
51	43	0.815141
51	50	0.878837
51	52	0.878925
51	84	0.929041
51	142	1.71944
51	161	2.32132
51	178	4.52681
52	3	0.851805
52	5	0.728175
52	10	0.934049
52	11	0.854482
52	14	0.853742
52	16	0.852375
52	18	0.832294
52	33	0.921753
52	37	0.89397
52	43	0.815159
52	50	0.878855
52	51	0.878925
52	84	0.929059
52	144	1.33465
52	169	4.90031
53	9	1.86833
53	45	2.63167
53	116	0.829209
53	158	0.831137
53	161	0.819374
53	165	0.775765
53	169	0.806746
53	170	0.79461
53	171	0.817888
53	174	0.834264
53	175	0.79672
53	177	0.820132
53	178	0.78349
53	179	0.791933
53	180	0.791366
54	20	0.847968
54	21	0.830944
54	31	0.927228
54	48	0.877631
54	71	1.00282
54	76	0.844569
54	89	0.881685
54	94	0.868142
54	96	0.857485
54	101	2.50956
54	105	0.845066
54	107	0.894839
54	167	2.85776
54	173	0.820016
54	174	2.70148
55	17	0.916772
55	23	0.9219
55	25	0.912746
55	29	0.909688
55	32	0.826041
55	45	0.867646
55	56	0.852083
55	72	0.838436
55	81	0.879929
55	82	0.879966
55	88	0.87996
55	108	1.46603
55	140	0.809618
55	145	2.04002
55	175	4.9213
56	1	0.82679
56	15	0.917433
56	17	0.898141
56	23	0.903269
56	25	0.894115
56	32	0.80741
56	45	0.849015
56	55	0.852083
56	81	0.861298
56	82	0.861335
56	88	0.861329
56	109	0.874519
56	114	2.01458
56	140	0.790987
56	151	0.963138
56	179	5.28162
57	12	1.86861
57	30	2.16861
57	40	0.892563
57	60	0.866951
57	103	0.899096
57	117	0.866946
57	126	0.836144
57	128	0.865372
57	134	0.892665
57	135	0.853497
57	137	0.877375
57	138	0.866815
57	139	0.865151
57	145	0.823531
57	163	0.787024
57	179	2.07168
58	31	0.97844
58	61	2.01324
58	65	0.919275
58	71	1.05403
58	73	0.974925
58	80	1.58176
58	83	0.943539
58	89	0.932896
58	94	0.919353
58	96	0.908697
58	105	0.896277
58	107	0.94605
58	146	2.1226
58	149	0.860084
58	164	3.14056
58	173	0.871227
59	24	1.62239
59	63	0.436735
59	124	0.581356
59	141	0.892807
59	159	0.896047
59	163	0.860549
59	169	0.85659
59	170	0.844455
59	172	0.874938
59	174	0.884108
59	175	0.846564
59	176	0.855223
59	177	0.869976
59	178	0.833334
59	179	0.841777
59	180	0.84121
60	57	0.866951
60	99	0.845323
60	117	0.872863
60	125	0.87779
60	126	0.84206
60	128	0.871289
60	134	0.898581
60	135	0.859414
60	137	0.883291
60	138	0.872732
60	139	0.871067
60	145	0.829447
60	163	0.79294
60	167	2.20551
60	172	2.35128
60	176	3.72872
61	58	2.01324
61	104	1.63173
61	131	0.884693
61	152	0.870111
61	161	0.799384
61	166	0.769696
61	168	0.787073
61	170	0.774621
61	171	0.797899
61	172	0.805105
61	174	0.814274
61	176	0.785389
61	177	0.800143
61	178	0.763501
61	179	0.771944
61	180	0.771376
62	3	2.67368
62	91	0.840722
62	112	0.879272
62	156	0.813575
62	161	0.812138
62	164	0.828503
62	165	0.768529
62	166	0.78245
62	170	0.787375
62	171	0.810653
62	175	0.789485
62	176	0.798143
62	177	0.812897
62	178	0.776255
62	179	0.784698
62	180	0.78413
63	2	0.921935
63	22	0.797897
63	24	0.895243
63	28	0.893166
63	38	0.856657
63	39	0.868665
63	59	0.436735
63	64	0.834216
63	69	0.822072
63	74	0.876
63	76	0.820495
63	77	0.87611
63	79	0.876303
63	111	1.8672
63	142	0.850902
63	179	4.86714
64	2	0.921847
64	22	0.797809
64	24	0.895155
64	28	0.893078
64	38	0.856569
64	39	0.868576
64	63	0.834216
64	69	0.821983
64	74	0.875911
64	76	0.820407
64	77	0.876021
64	79	0.876215
64	80	1.94324
64	142	0.850813
64	144	1.92157
64	149	3.98091
65	4	0.967978
65	20	0.833579
65	31	0.91284
65	58	0.919275
65	73	0.909325
65	83	0.877939
65	89	0.867296
65	94	0.853753
65	96	0.843097
65	105	0.830678
65	107	0.880451
65	115	0.868043
65	146	1.82301
65	149	0.794484
65	173	0.805627
65	180	5.49416
66	68	0.599231
66	105	1.59277
66	129	0.933252
66	143	0.797329
66	158	0.808471
66	160	0.805836
66	161	0.796708
66	164	0.813072
66	165	0.753099
66	168	0.784397
66	171	0.795223
66	174	0.811598
66	177	0.797466
66	178	0.760824
66	179	0.769267
66	180	0.7687
67	34	0.833567
67	35	0.821054
67	46	0.879297
67	75	0.850279
67	78	0.843767
67	93	0.946895
67	95	0.864789
67	97	0.864591
67	100	0.861878
67	101	2.13666
67	104	0.897678
67	124	0.89643
67	142	1.62921
67	157	0.842808
67	162	0.819111
67	179	4.90331
68	66	0.599231
68	70	1.36124
68	98	0.949081
68	99	0.889174
68	115	0.92149
68	121	0.934652
68	123	0.894552
68	125	0.921641
68	128	0.91514
68	134	0.942432
68	135	0.903264
68	137	0.927142
68	138	0.916583
68	139	0.914918
68	145	0.873298
68	162	1.60629
68	178	5.20012
69	2	0.909703
69	22	0.785665
69	24	0.883011
69	28	0.880934
69	38	0.844425
69	39	0.856432
69	49	0.846259
69	63	0.822072
69	64	0.821983
69	74	0.863768
69	76	0.808263
69	77	0.863878
69	79	0.864071
69	118	2.35465
69	136	2.49487
69	142	0.83867
69	151	2.70719
70	68	1.36124
70	111	0.851675
70	131	0.8751
70	139	2.6816
70	143	0.790413
70	154	0.789649
70	156	0.791228
70	159	0.816621
70	160	0.79892
70	165	0.746183
70	167	0.810977
70	171	0.788306
70	175	0.767138
70	177	0.79055
70	178	0.753908
70	179	0.762351
70	180	0.761783
71	21	0.951309
71	48	0.997996
71	54	1.00282
71	58	1.05403
71	73	1.04408
71	83	1.01269
71	89	1.00205
71	96	0.977851
71	105	0.965431
71	107	1.0152
71	113	1.2677
71	122	1.23512
71	149	0.929238
71	157	1.75617
71	158	3.0875
71	160	3.07849
71	173	0.940381
72	1	0.813143
72	15	0.903786
72	17	0.884494
72	23	0.889622
72	25	0.880468
72	29	0.87741
72	32	0.793763
72	45	0.835368
72	55	0.838436
72	81	0.847651
72	82	0.847688
72	88	0.847682
72	109	0.860872
72	131	1.31788
72	140	0.77734
72	149	3.50449
72	177	3.69392
73	20	0.889229
73	21	0.872205
73	58	0.974925
73	65	0.909325
73	71	1.04408
73	83	0.933588
73	89	0.922946
73	94	0.909403
73	96	0.898746
73	105	0.886327
73	107	0.9361
73	118	1.38297
73	119	1.14386
73	149	0.850133
73	158	3.19507
73	171	4.19854
73	173	0.861277
74	2	0.963631
74	22	0.839593
74	24	0.936939
74	28	0.934862
74	38	0.898353
74	39	0.91036
74	49	0.900187
74	63	0.876
74	64	0.875911
74	69	0.863768
74	76	0.862191
74	77	0.917806
74	79	0.917999
74	123	1.74058
74	142	0.892598
74	148	2.48439
74	157	2.11218
74	159	3.13924
75	7	0.928151
75	34	0.809855
75	35	0.797342
75	46	0.855585
75	67	0.850279
75	78	0.820055
75	90	0.869481
75	91	0.807042
75	95	0.841078
75	97	0.84088
75	100	0.838166
75	104	0.873967
75	124	0.872719
75	148	2.28365
75	157	0.819097
75	162	0.795399
75	172	2.99815
75	177	3.60474
76	9	0.922633
76	28	0.879358
76	48	0.839748
76	54	0.844569
76	63	0.820495
76	64	0.820407
76	69	0.808263
76	74	0.862191
76	77	0.862301
76	79	0.862494
76	84	0.958605
76	105	0.807183
76	107	0.856956
76	122	2.35888
76	142	0.837093
76	149	0.770989
76	173	0.782133
76	174	4.38648
77	2	0.963741
77	22	0.839703
77	24	0.937049
77	28	0.934972
77	38	0.898463
77	39	0.91047
77	49	0.900297
77	63	0.87611
77	64	0.876021
77	69	0.863878
77	74	0.917806
77	76	0.862301
77	79	0.918109
77	102	1.59174
77	142	0.892708
77	159	1.63093
77	161	3.10208
77	170	4.23947
78	7	0.921638
78	34	0.803343
78	35	0.79083
78	67	0.843767
78	75	0.820055
78	85	5.1
78	90	0.862969
78	91	0.80053
78	93	0.916671
78	95	0.834566
78	97	0.834368
78	100	0.831654
78	104	0.867454
78	118	0.873119
78	145	1.96376
78	157	0.812584
78	162	0.788887
78	177	2.38151
79	2	0.963934
79	22	0.839897
79	24	0.937242
79	28	0.935166
79	38	0.898656
79	39	0.910664
79	49	0.90049
79	63	0.876303
79	64	0.876215
79	69	0.864071
79	74	0.917999
79	76	0.862494
79	77	0.918109
79	131	1.24845
79	142	0.892901
79	154	2.76363
79	170	3.8239
79	171	2.52311
80	58	1.58176
80	64	1.94324
80	114	0.917368
80	124	1.11858
80	130	0.927624
80	161	0.830523
80	165	0.786914
80	166	0.800834
80	168	0.818212
80	170	0.805759
80	171	0.829037
80	172	0.836243
80	173	0.844137
80	174	0.845413
80	176	0.816528
80	177	0.831281
80	178	0.794639
80	179	0.803082
80	180	0.802515
81	1	0.854636
81	15	0.945279
81	17	0.925987
81	23	0.931116
81	25	0.921961
81	29	0.918903
81	32	0.835256
81	45	0.876861
81	55	0.879929
81	56	0.861298
81	72	0.847651
81	82	0.889181
81	88	0.889176
81	109	0.902365
81	140	0.818833
81	141	2.77945
81	145	2.51737
81	172	2.32854
81	177	2.93513
82	1	0.854673
82	15	0.945315
82	17	0.926024
82	23	0.931152
82	25	0.921998
82	29	0.91894
82	32	0.835293
82	42	2.52524
82	45	0.876898
82	55	0.879966
82	56	0.861335
82	72	0.847688
82	81	0.889181
82	88	0.889212
82	109	0.902402
82	118	1.97715
82	140	0.81887
82	169	2.15451
82	178	3.84802
83	20	0.857842
83	21	0.840819
83	48	0.887506
83	58	0.943539
83	65	0.877939
83	71	1.01269
83	73	0.933588
83	89	0.89156
83	94	0.878017
83	96	0.86736
83	105	0.854941
83	107	0.904714
83	115	0.892306
83	147	1.64258
83	149	0.818747
83	151	1.42356
83	159	3.40973
83	162	3.49253
83	173	0.82989
84	10	0.984166
84	18	0.882411
84	35	2.14392
84	37	0.944087
84	43	0.865275
84	50	0.928971
84	51	0.929041
84	52	0.929059
84	76	0.958605
84	105	1.05118
84	117	0.108472
84	151	0.946015
84	154	0.85462
84	167	0.875948
84	168	0.842452
84	169	0.842135
84	178	0.818879
84	179	0.827322
84	180	0.826754
85	78	5.1
85	143	0.748522
85	147	0.837568
85	156	0.749337
85	158	0.759664
85	165	0.704292
85	166	0.718212
85	167	0.769086
85	168	0.73559
85	169	0.735273
85	171	0.746415
85	174	0.762791
85	175	0.725247
85	177	0.748659
85	178	0.712017
85	179	0.72046
85	180	0.719892
86	7	1.18518
86	109	0.979802
86	125	1.53106
86	141	0.851641
86	151	0.919304
86	152	0.898778
86	156	0.829488
86	161	0.828052
86	166	0.798364
86	167	0.849237
86	170	0.803289
86	172	0.833772
86	174	0.842942
86	175	0.805398
86	176	0.814057
86	177	0.82881
86	178	0.792168
86	179	0.800611
86	180	0.800044
87	93	1.20935
87	102	0.841832
87	126	2.81351
87	141	0.80014
87	147	0.866219
87	148	0.821601
87	154	0.776408
87	160	0.78568
87	165	0.732942
87	167	0.797737
87	168	0.76424
87	173	0.790166
87	174	0.791441
87	175	0.753898
87	176	0.762556
87	177	0.77731
87	178	0.740668
87	179	0.749111
87	180	0.748543
88	1	0.854668
88	15	0.94531
88	17	0.926019
88	23	0.931147
88	25	0.921993
88	29	0.918935
88	32	0.835288
88	45	0.876892
88	55	0.87996
88	56	0.861329
88	72	0.847682
88	81	0.889176
88	82	0.889212
88	109	0.902397
88	129	1.46257
88	140	0.818865
88	155	2.45235
88	157	2.08824
88	168	4.33561
89	9	0.959749
89	21	0.830176
89	31	0.926461
89	47	1.34741
89	54	0.881685
89	58	0.932896
89	65	0.867296
89	71	1.00205
89	73	0.922946
89	83	0.89156
89	94	0.867374
89	96	0.856718
89	105	0.844299
89	115	0.881664
89	123	2.13694
89	149	0.808105
89	166	6.32965
89	171	2.35557
89	173	0.819248
90	34	0.852768
90	35	0.840255
90	41	0.904399
90	46	0.898498
90	75	0.869481
90	78	0.862969
90	93	0.966097
90	95	0.883991
90	97	0.883793
90	100	0.881079
90	104	0.91688
90	118	0.922544
90	124	0.915632
90	129	0.799526
90	141	2.85987
90	157	0.86201
90	160	2.64456
90	161	3.82045
90	162	0.838313
91	33	2.7404
91	62	0.840722
91	75	0.807042
91	78	0.80053
91	92	1.31888
91	93	0.903658
91	100	0.818641
91	104	0.854441
91	150	0.779411
91	157	0.799571
91	162	0.775874
91	165	0.715324
91	166	0.729245
91	171	0.757448
91	172	0.764654
91	175	0.73628
91	176	0.744938
91	179	0.731493
91	180	0.730925
92	13	0.840806
92	40	0.90539
92	91	1.31888
92	103	0.911924
92	106	0.850221
92	112	0.876499
92	115	0.88455
92	117	0.879774
92	124	0.90278
92	125	0.884701
92	126	0.848971
92	127	1.46811
92	134	0.905492
92	135	0.866325
92	137	0.890202
92	138	0.879643
92	139	0.877978
92	163	0.799851
92	175	3.97164
92	180	3.49301
93	34	0.906471
93	35	0.893958
93	41	0.958101
93	46	0.952201
93	67	0.946895
93	78	0.916671
93	87	1.20935
93	90	0.966097
93	91	0.903658
93	95	0.937694
93	97	0.937496
93	100	0.934782
93	104	0.970583
93	116	4.21813
93	124	0.969335
93	136	2.02996
93	149	2.00484
93	157	0.915713
93	162	0.892015
93	166	5.52977
94	9	0.946206
94	20	0.833657
94	21	0.816633
94	31	0.912918
94	48	0.86332
94	54	0.868142
94	58	0.919353
94	65	0.853753
94	73	0.909403
94	83	0.878017
94	89	0.867374
94	96	0.843175
94	102	1.40214
94	105	0.830755
94	107	0.880528
94	115	0.868121
94	149	0.794562
94	153	4.83617
94	156	2.40456
94	173	0.805705
94	176	2.87842
95	7	0.942661
95	30	0.809154
95	35	0.811852
95	41	0.875996
95	46	0.870095
95	67	0.864789
95	75	0.841078
95	78	0.834566
95	90	0.883991
95	93	0.937694
95	97	0.85539
95	100	0.852676
95	104	0.888477
95	118	0.894141
95	124	0.887229
95	146	2.3821
95	155	2.50076
95	157	0.833607
95	162	0.80991
95	165	10.2638
95	173	2.91927
96	9	0.935549
96	20	0.823
96	31	0.902261
96	48	0.852664
96	54	0.857485
96	58	0.908697
96	65	0.843097
96	71	0.977851
96	73	0.898746
96	83	0.86736
96	89	0.856718
96	94	0.843175
96	105	0.820099
96	107	0.869872
96	110	1.13294
96	115	0.857464
96	149	0.783905
96	151	0.991099
96	167	2.89114
96	173	0.795048
96	180	5.6284
97	7	0.942463
97	8	1.3979
97	30	0.808956
97	35	0.811654
97	41	0.875798
97	46	0.869897
97	67	0.864591
97	75	0.84088
97	78	0.834368
97	90	0.883793
97	93	0.937496
97	95	0.85539
97	100	0.852479
97	104	0.888279
97	118	0.893943
97	123	2.29783
97	124	0.887031
97	136	1.498
97	157	0.833409
97	162	0.809712
97	172	3.75614
98	26	0.948157
98	40	0.930842
98	68	0.949081
98	99	0.877686
98	103	0.937375
98	106	0.875672
98	112	0.90195
98	121	0.923164
98	125	0.910152
98	126	0.874423
98	128	0.903651
98	133	1.50797
98	134	0.930944
98	135	0.891776
98	137	0.915654
98	138	0.905094
98	139	0.90343
98	144	1.28704
98	163	0.825303
98	168	4.08989
98	173	2.62513
98	174	2.62717
99	26	0.888249
99	27	0.894311
99	60	0.845323
99	68	0.889174
99	98	0.877686
99	103	0.877468
99	109	0.866682
99	112	0.842043
99	117	0.845318
99	123	0.823156
99	124	0.868324
99	125	0.850245
99	126	0.814516
99	128	0.843744
99	135	0.831869
99	137	0.855746
99	138	0.845187
99	139	0.843522
99	140	2.80761
99	148	1.88319
99	154	4.08631
99	162	2.62085
100	7	0.939749
100	30	0.806242
100	34	0.821454
100	35	0.808941
100	41	0.873084
100	46	0.867184
100	67	0.861878
100	75	0.838166
100	78	0.831654
100	90	0.881079
100	91	0.818641
100	93	0.934782
100	95	0.852676
100	97	0.852479
100	104	0.885565
100	124	0.884317
100	145	2.78348
100	147	1.82817
100	157	0.830695
100	162	0.806998
100	163	3.46888
100	169	4.51813
101	27	1.95378
101	54	2.50956
101	67	2.13666
101	119	0.895281
101	141	0.82843
101	146	0.8636
101	154	0.804698
101	155	0.844663
101	159	0.83167
101	164	0.821205
101	166	0.775153
101	167	0.826026
101	168	0.79253
101	170	0.780078
101	172	0.810561
101	174	0.819731
101	175	0.782187
101	176	0.790846
101	177	0.805599
101	178	0.768958
101	179	0.777401
101	180	0.776833
102	77	1.59174
102	87	0.841832
102	94	1.40214
102	127	0.867922
102	134	2.46787
102	136	0.914861
102	142	0.864205
102	152	0.866357
102	158	0.807394
102	159	0.82246
102	160	0.804758
102	166	0.765942
102	169	0.783002
102	170	0.770867
102	171	0.794145
102	172	0.801351
102	174	0.81052
102	176	0.781635
102	177	0.796388
102	178	0.759747
102	179	0.76819
102	180	0.767622
103	13	0.86604
103	57	0.899096
103	92	0.911924
103	98	0.937375
103	99	0.877468
103	106	0.875455
103	112	0.901733
103	121	0.922946
103	123	0.882845
103	125	0.909934
103	126	0.874205
103	131	1.84026
103	134	0.930726
103	135	0.891558
103	137	0.915436
103	138	0.904877
103	139	0.903212
103	145	0.861592
103	158	1.86829
103	163	0.825085
103	166	5.54058
103	169	2.24187
103	175	3.38851
104	7	0.97555
104	34	0.857254
104	35	0.844741
104	41	0.908885
104	46	0.902984
104	61	1.63173
104	67	0.897678
104	75	0.873967
104	78	0.867454
104	90	0.91688
104	91	0.854441
104	93	0.970583
104	95	0.888477
104	97	0.888279
104	100	0.885565
104	118	0.92703
104	122	1.39641
104	124	0.920118
104	142	1.81934
104	157	0.866496
104	158	3.0654
104	162	0.842798
104	171	4.06887
105	9	0.92313
105	20	0.810581
105	21	0.793557
105	31	0.889842
105	48	0.840244
105	54	0.845066
105	58	0.896277
105	65	0.830678
105	66	1.59277
105	71	0.965431
105	73	0.886327
105	76	0.807183
105	83	0.854941
105	84	1.05118
105	89	0.844299
105	94	0.830755
105	96	0.820099
105	107	0.857453
105	115	0.845045
105	149	0.771486
105	154	4.06529
105	161	3.98817
105	173	0.782629
106	6	0.915681
106	13	0.804337
106	40	0.868922
106	92	0.850221
106	98	0.875672
106	103	0.875455
106	109	0.864669
106	112	0.84003
106	114	2.24475
106	115	0.848081
106	117	0.843305
106	121	0.861243
106	125	0.848232
106	126	0.812503
106	128	0.841731
106	130	1.64443
106	134	0.869024
106	135	0.829856
106	138	0.843174
106	139	0.841509
106	158	3.48375
106	163	0.763382
106	176	4.61656
107	9	0.972903
107	20	0.860354
107	21	0.84333
107	31	0.939615
107	48	0.890017
107	54	0.894839
107	58	0.94605
107	65	0.880451
107	71	1.0152
107	73	0.9361
107	76	0.856956
107	83	0.904714
107	94	0.880528
107	96	0.869872
107	105	0.857453
107	115	0.894818
107	136	1.19732
107	144	1.81327
107	148	2.74095
107	149	0.821259
107	167	3.30968
107	173	0.832402
107	174	3.1534
108	48	2.32363
108	55	1.46603
108	124	2.35393
108	144	0.890278
108	147	0.87853
108	150	0.809339
108	152	0.859589
108	154	0.788719
108	156	0.790298
108	157	0.8295
108	160	0.79799
108	161	0.788862
108	164	0.805226
108	167	0.810047
108	169	0.776234
108	170	0.764099
108	171	0.787377
108	174	0.803752
108	175	0.766208
108	176	0.774867
108	177	0.78962
108	178	0.752979
108	179	0.761421
108	180	0.760854
109	15	0.9585
109	25	0.935182
109	32	0.848477
109	56	0.874519
109	72	0.860872
109	81	0.902365
109	82	0.902402
109	86	0.979802
109	88	0.902397
109	99	0.866682
109	106	0.864669
109	112	0.890947
109	126	0.86342
109	128	0.892648
109	131	1.39224
109	132	1.09407
109	135	0.880773
109	137	0.90465
109	138	0.894091
109	139	0.892426
109	140	0.832054
109	150	3.13063
109	163	0.814299
109	169	5.08517
110	14	2.68046
110	43	3.68659
110	96	1.13294
110	116	0.790717
110	122	0.901952
110	147	0.87055
110	151	0.872134
110	154	0.780739
110	155	0.820703
110	158	0.792645
110	159	0.807711
110	162	0.797822
110	164	0.797246
110	167	0.802067
110	169	0.768254
110	170	0.756119
110	171	0.779396
110	172	0.786602
110	174	0.795772
110	175	0.758228
110	176	0.766887
110	177	0.78164
110	178	0.744998
110	179	0.753441
110	180	0.752874
111	1	2.89505
111	2	2.43775
111	63	1.8672
111	70	0.851675
111	130	0.889334
111	146	0.850992
111	152	0.86296
111	153	0.784997
111	155	0.832055
111	160	0.801362
111	164	0.808598
111	165	0.748624
111	166	0.762545
111	167	0.813419
111	168	0.779922
111	170	0.76747
111	172	0.797954
111	174	0.807123
111	175	0.76958
111	176	0.778238
111	177	0.792992
111	178	0.75635
111	179	0.764793
111	180	0.764225
112	6	0.941959
112	13	0.830615
112	26	0.912514
112	44	0.596163
112	62	0.879272
112	92	0.876499
112	98	0.90195
112	99	0.842043
112	103	0.901733
112	106	0.84003
112	109	0.890947
112	115	0.874359
112	117	0.869583
112	121	0.887521
112	124	0.892589
112	125	0.87451
112	128	0.868009
112	134	0.895302
112	135	0.856134
112	136	1.03216
112	137	0.880011
112	138	0.869452
112	163	0.78966
112	167	2.27859
112	178	6.04135
113	6	1.77785
113	46	2.39326
113	71	1.2677
113	138	1.01697
113	143	0.82978
113	144	0.930575
113	146	0.887917
113	148	0.874208
113	156	0.830595
113	157	0.869797
113	159	0.855988
113	161	0.829159
113	165	0.78555
113	166	0.799471
113	167	0.850344
113	169	0.816531
113	170	0.804396
113	171	0.827674
113	172	0.834879
113	174	0.844049
113	175	0.806505
113	176	0.815164
113	178	0.793275
113	179	0.801718
113	180	0.801151
114	25	1.81298
114	41	1.72769
114	56	2.01458
114	80	0.917368
114	106	2.24475
114	140	0.826282
114	147	0.906863
114	148	0.862245
114	154	0.817052
114	155	0.857017
114	158	0.828959
114	161	0.817195
114	164	0.83356
114	167	0.838381
114	168	0.804884
114	169	0.804567
114	170	0.792432
114	171	0.81571
114	172	0.822916
114	173	0.83081
114	174	0.832085
114	175	0.794542
114	177	0.817954
114	178	0.781312
114	179	0.789755
114	180	0.789187
115	44	1.23321
115	48	0.87761
115	65	0.868043
115	68	0.92149
115	83	0.892306
115	89	0.881664
115	92	0.88455
115	94	0.868121
115	96	0.857464
115	105	0.845045
115	106	0.848081
115	107	0.894818
115	112	0.874359
115	117	0.877634
115	122	0.731757
115	125	0.882561
115	134	0.903353
115	135	0.864185
115	138	0.877503
115	144	1.41923
115	145	0.834219
115	149	0.808851
115	159	3.00176
115	163	0.797712
115	170	5.6103
115	173	0.819995
116	40	3.58187
116	44	0.825506
116	53	0.829209
116	93	4.21813
116	110	0.790717
116	129	0.876729
116	144	0.8416
116	150	0.760662
116	152	0.810911
116	156	0.741621
116	160	0.749313
116	161	0.740185
116	165	0.696576
116	167	0.76137
116	168	0.727874
116	169	0.727557
116	171	0.7387
116	172	0.745905
116	173	0.753799
116	174	0.755075
116	175	0.717531
116	176	0.72619
116	177	0.740943
116	178	0.704301
116	179	0.712744
116	180	0.712177
117	19	0.834239
117	27	0.92185
117	49	0.877768
117	57	0.866946
117	60	0.872863
117	84	0.108472
117	92	0.879774
117	99	0.845318
117	106	0.843305
117	112	0.869583
117	115	0.877634
117	121	0.890796
117	125	0.877784
117	126	0.842055
117	128	0.871283
117	133	1.55618
117	134	0.898576
117	135	0.859408
117	137	0.883286
117	138	0.872727
117	139	0.871062
117	145	0.829442
117	151	1.89593
117	163	0.792935
117	170	5.52633
117	171	4.22554
118	35	0.850406
118	41	0.914549
118	46	0.908648
118	50	1.07865
118	69	2.35465
118	73	1.38297
118	78	0.873119
118	82	1.97715
118	90	0.922544
118	95	0.894141
118	97	0.893943
118	104	0.92703
118	124	0.925782
118	134	0.168345
118	157	0.87216
118	159	0.858352
118	160	0.840651
118	162	0.848463
118	165	0.787913
118	167	0.852708
118	168	0.819211
118	174	0.846412
118	176	0.817527
118	177	0.832281
118	178	0.795639
118	179	0.804082
118	180	0.803514
119	14	2.77785
119	20	1.69576
119	73	1.14386
119	101	0.895281
119	128	1.04699
119	145	0.848628
119	147	0.910457
119	150	0.841267
119	153	0.813554
119	154	0.820647
119	155	0.860611
119	156	0.822226
119	157	0.861428
119	161	0.82079
119	164	0.837154
119	165	0.777181
119	167	0.841975
119	169	0.808162
119	170	0.796026
119	171	0.819304
119	172	0.82651
119	175	0.798136
119	176	0.806795
119	178	0.784906
119	179	0.793349
119	180	0.792781
120	3	2.86417
120	7	2.01248
120	10	1.24158
120	42	0.823895
120	133	0.897518
120	138	1.23756
120	146	0.870051
120	147	0.900961
120	150	0.83177
120	153	0.804057
120	154	0.81115
120	155	0.851114
120	156	0.812729
120	160	0.820421
120	164	0.827657
120	165	0.767684
120	166	0.781605
120	168	0.798982
120	169	0.798665
120	170	0.78653
120	172	0.817013
120	173	0.824908
120	174	0.826183
120	175	0.788639
120	176	0.797298
120	178	0.77541
120	179	0.783852
120	180	0.783285
121	13	0.851829
121	26	0.933727
121	40	0.916413
121	49	0.895706
121	68	0.934652
121	98	0.923164
121	103	0.922946
121	106	0.861243
121	112	0.887521
121	117	0.890796
121	123	0.868634
121	124	0.913802
121	125	0.895723
121	126	0.859994
121	128	0.889222
121	130	1.35828
121	132	1.12551
121	134	0.916515
121	135	0.877347
121	137	0.901224
121	138	0.890665
121	139	0.889
121	145	0.84738
121	151	1.85131
121	155	3.17452
121	157	2.81042
121	163	0.810874
121	173	3.59303
122	49	2.67783
122	71	1.23512
122	76	2.35888
122	104	1.39641
122	110	0.901952
122	115	0.731757
122	148	0.896469
122	155	0.891242
122	158	0.863184
122	159	0.87825
122	161	0.85142
122	164	0.867784
122	165	0.807811
122	166	0.821732
122	167	0.872606
122	168	0.839109
122	169	0.838792
122	170	0.826657
122	171	0.849935
122	172	0.85714
122	173	0.865035
122	174	0.86631
122	175	0.828766
122	176	0.837425
122	177	0.852178
122	178	0.815537
122	179	0.82398
122	180	0.823412
123	27	0.899688
123	31	2.22465
123	68	0.894552
123	74	1.74058
123	89	2.13694
123	97	2.29783
123	99	0.823156
123	103	0.882845
123	121	0.868634
123	125	0.855623
123	126	0.819893
123	133	0.865667
123	134	0.876414
123	137	0.861124
123	141	0.80303
123	145	0.80728
123	148	0.824491
123	161	0.779442
123	163	0.770773
123	164	0.795806
123	166	0.749753
123	171	0.777956
123	172	0.785162
123	174	0.794332
123	176	0.765447
123	177	0.7802
123	179	0.752001
123	180	0.751434
124	13	0.856896
124	59	0.581356
124	67	0.89643
124	75	0.872719
124	80	1.11858
124	90	0.915632
124	92	0.90278
124	93	0.969335
124	95	0.887229
124	97	0.887031
124	99	0.868324
124	100	0.884317
124	104	0.920118
124	108	2.35393
124	112	0.892589
124	118	0.925782
124	121	0.913802
124	125	0.900791
124	126	0.865061
124	128	0.89429
124	137	0.906292
124	139	0.894068
124	143	4.11082
124	146	1.65942
124	152	1.65105
124	157	0.865248
124	162	0.84155
124	163	0.815941
125	6	0.95016
125	26	0.920716
125	60	0.87779
125	68	0.921641
125	86	1.53106
125	92	0.884701
125	98	0.910152
125	99	0.850245
125	103	0.909934
125	106	0.848232
125	112	0.87451
125	115	0.882561
125	117	0.877784
125	121	0.895723
125	123	0.855623
125	124	0.900791
125	128	0.876211
125	130	1.17411
125	132	0.941341
125	133	2.29169
125	134	0.903503
125	135	0.864335
125	137	0.888213
125	138	0.877654
125	139	0.875989
125	145	0.834369
125	160	3.94856
125	163	0.797862
125	164	3.65123
126	19	0.803437
126	26	0.884987
126	27	0.891048
126	40	0.867672
126	49	0.846966
126	57	0.836144
126	60	0.84206
126	87	2.81351
126	92	0.848971
126	98	0.874423
126	99	0.814516
126	103	0.874205
126	106	0.812503
126	109	0.86342
126	117	0.842055
126	121	0.859994
126	123	0.819893
126	124	0.865061
126	128	0.840481
126	134	0.867774
126	135	0.828606
126	137	0.852484
126	138	0.841924
126	139	0.84026
126	140	3.40176
126	142	2.19041
126	152	2.1038
126	163	0.762133
126	174	2.88979
127	17	2.50398
127	45	2.50676
127	92	1.46811
127	102	0.867922
127	133	0.888867
127	137	0.822329
127	144	0.904057
127	150	0.823119
127	152	0.873368
127	154	0.802499
127	156	0.804078
127	158	0.814405
127	160	0.81177
127	161	0.802642
127	162	0.819582
127	164	0.819006
127	166	0.772953
127	168	0.790331
127	169	0.790014
127	170	0.777878
127	171	0.801156
127	172	0.808362
127	174	0.817532
127	175	0.779988
127	176	0.788647
127	177	0.8034
127	178	0.766758
127	179	0.775201
127	180	0.774634
128	6	0.943659
128	19	0.832665
128	26	0.914215
128	27	0.920276
128	57	0.865372
128	60	0.871289
128	68	0.91514
128	98	0.903651
128	99	0.843744
128	106	0.841731
128	109	0.892648
128	112	0.868009
128	117	0.871283
128	119	1.04699
128	121	0.889222
128	124	0.89429
128	125	0.876211
128	126	0.840481
128	130	1.18819
128	134	0.897002
128	135	0.857834
128	137	0.881712
128	138	0.871153
128	139	0.869488
128	143	4.2253
128	145	0.827868
128	150	2.8225
128	157	1.76686
128	162	2.87673
128	163	0.791361
129	2	1.3839
129	38	1.91719
129	66	0.933252
129	88	1.46257
129	90	0.799526
129	116	0.876729
129	135	0.934049
129	139	0.4065
129	143	0.867515
129	144	0.96831
129	146	0.925652
129	153	0.859658
129	155	0.906715
129	157	0.907532
129	160	0.876022
129	161	0.866894
129	162	0.883835
129	164	0.883258
129	165	0.823285
129	167	0.888079
129	168	0.854583
129	169	0.854266
129	170	0.842131
129	172	0.872614
129	174	0.881784
129	175	0.84424
129	176	0.852899
129	178	0.83101
129	179	0.839453
129	180	0.838886
130	35	3.335
130	80	0.927624
130	106	1.64443
130	111	0.889334
130	121	1.35828
130	125	1.17411
130	128	1.18819
130	131	0.912759
130	143	0.828072
130	144	0.928866
130	148	0.8725
130	151	0.918703
130	154	0.827308
130	155	0.867272
130	159	0.85428
130	163	0.818782
130	167	0.848636
130	169	0.814823
130	170	0.802687
130	171	0.825965
130	172	0.833171
130	173	0.841065
130	174	0.842341
130	175	0.804797
130	176	0.813456
130	177	0.828209
130	178	0.791567
130	179	0.80001
130	180	0.799442
131	32	3.50117
131	44	0.900979
131	61	0.884693
131	70	0.8751
131	72	1.31788
131	79	1.24845
131	103	1.84026
131	109	1.39224
131	130	0.912759
131	141	0.839247
131	146	0.874417
131	151	0.906911
131	152	0.886385
131	157	0.856296
131	158	0.827422
131	159	0.842488
131	160	0.824786
131	161	0.815658
131	164	0.832022
131	165	0.772049
131	166	0.78597
131	169	0.80303
131	171	0.814173
131	173	0.829273
131	174	0.830548
131	175	0.793004
131	176	0.801663
131	177	0.816417
131	178	0.779775
131	179	0.788218
131	180	0.78765
132	13	1.40418
132	32	2.49902
132	49	2.23587
132	109	1.09407
132	121	1.12551
132	125	0.941341
132	144	0.957834
132	146	0.915177
132	150	0.876896
132	151	0.947671
132	153	0.849182
132	155	0.89624
132	157	0.897056
132	158	0.868182
132	159	0.883248
132	160	0.865547
132	162	0.873359
132	164	0.872782
132	166	0.82673
132	169	0.84379
132	170	0.831655
132	171	0.854933
132	172	0.862139
132	173	0.870033
132	174	0.871308
132	175	0.833765
132	176	0.842423
132	177	0.857177
132	178	0.820535
132	179	0.828978
132	180	0.82841
133	19	1.19529
133	98	1.50797
133	117	1.55618
133	120	0.897518
133	123	0.865667
133	125	2.29169
133	127	0.888867
133	135	2.00978
133	144	0.917991
133	151	0.907827
133	152	0.887302
133	153	0.809339
133	155	0.856397
133	156	0.818011
133	158	0.828339
133	159	0.843405
133	160	0.825703
133	165	0.772966
133	166	0.786887
133	168	0.804264
133	169	0.803947
133	170	0.791812
133	171	0.81509
133	172	0.822295
133	173	0.83019
133	174	0.831465
133	175	0.793921
133	176	0.80258
133	177	0.817333
133	178	0.780692
133	179	0.789135
133	180	0.788567
134	13	0.859609
134	19	0.859958
134	27	0.947569
134	36	1.28018
134	40	0.924193
134	57	0.892665
134	60	0.898581
134	68	0.942432
134	92	0.905492
134	98	0.930944
134	102	2.46787
134	103	0.930726
134	106	0.869024
134	112	0.895302
134	115	0.903353
134	117	0.898576
134	118	0.168345
134	121	0.916515
134	123	0.876414
134	125	0.903503
134	126	0.867774
134	128	0.897002
134	135	0.885127
134	137	0.909005
134	138	0.898445
134	139	0.896781
134	141	3.01762
134	145	0.855161
134	152	1.47866
134	163	0.818654
134	164	2.50499
134	177	3.17329
135	6	0.931784
135	19	0.82079
135	40	0.885025
135	49	0.864319
135	57	0.853497
135	60	0.859414
135	68	0.903264
135	92	0.866325
135	98	0.891776
135	99	0.831869
135	103	0.891558
135	106	0.829856
135	109	0.880773
135	112	0.856134
135	115	0.864185
135	117	0.859408
135	121	0.877347
135	125	0.864335
135	126	0.828606
135	128	0.857834
135	129	0.934049
135	133	2.00978
135	134	0.885127
135	137	0.869837
135	138	0.859278
135	139	0.857613
135	144	1.78885
135	145	0.815993
135	147	1.60425
135	156	4.33462
135	163	0.779486
135	173	3.12694
136	8	0.950797
136	42	0.862183
136	48	1.34768
136	69	2.49487
136	93	2.02996
136	97	1.498
136	102	0.914861
136	107	1.19732
136	112	1.03216
136	143	0.850202
136	145	0.877419
136	146	0.908339
136	148	0.89463
136	151	0.940833
136	152	0.920307
136	154	0.849438
136	156	0.851017
136	158	0.861344
136	161	0.849581
136	164	0.865945
136	165	0.805972
136	166	0.819892
136	167	0.870766
136	168	0.83727
136	169	0.836953
136	170	0.824817
136	171	0.848095
136	172	0.855301
136	175	0.826927
136	178	0.813697
136	179	0.82214
136	180	0.821572
137	6	0.955662
137	13	0.844318
137	19	0.844667
137	27	0.932279
137	40	0.908903
137	57	0.877375
137	60	0.883291
137	68	0.927142
137	92	0.890202
137	98	0.915654
137	99	0.855746
137	103	0.915436
137	109	0.90465
137	112	0.880011
137	117	0.883286
137	121	0.901224
137	123	0.861124
137	124	0.906292
137	125	0.888213
137	126	0.852484
137	127	0.822329
137	128	0.881712
137	134	0.909005
137	135	0.869837
137	138	0.883155
137	139	0.88149
137	142	1.93567
137	145	0.83987
137	153	4.7573
137	159	1.36246
137	173	1.11801
137	179	3.69478
137	180	4.01359
138	6	0.945103
138	8	0.233908
138	13	0.833759
138	19	0.834108
