1	2	0.773701
1	4	0.697223
1	13	0.777281
1	33	0.667414
1	43	0.733221
1	60	0.700181
1	65	0.697513
1	71	0.688641
1	72	0.75019
1	136	2.50904
1	139	0.712284
1	169	2.55656
2	1	0.773701
2	33	0.761755
2	60	0.794523
2	65	0.791855
2	71	0.782982
2	72	0.844531
2	99	0.824114
2	123	0.819903
2	139	0.806626
2	170	1.6055
2	178	1.67411
2	180	1.92287
3	25	0.746041
3	29	0.665977
3	35	1.72692
3	37	0.725982
3	45	0.716255
3	128	0.731462
3	138	2.79679
3	140	0.705039
3	152	0.744609
3	165	0.705202
3	171	0.719012
3	180	0.740319
4	1	0.697223
4	13	0.795144
4	33	0.685277
4	43	0.751085
4	60	0.718044
4	71	0.706504
4	72	0.768053
4	99	0.747636
4	139	0.730147
4	154	2.35669
4	177	2.31961
5	47	2.24536
5	77	0.702642
5	117	0.683544
5	118	2.28969
5	135	0.739053
5	160	0.71312
5	163	0.703367
5	169	0.732869
5	173	0.732275
5	176	0.72546
5	178	0.735012
5	180	0.732736
6	15	1.95069
6	104	0.72101
6	109	0.715317
6	119	0.714683
6	122	0.742622
6	131	0.714008
6	133	0.735979
6	158	0.725822
6	165	3.1138
6	167	0.712947
6	175	0.683078
6	179	0.735301
7	46	0.723761
7	48	0.722404
7	49	0.722718
7	50	0.723741
7	80	0.747626
7	85	1.90405
7	96	0.70802
7	100	3.17458
7	102	0.69109
7	130	0.727101
7	151	0.702802
7	158	0.730585
8	39	2.91943
8	113	2.16335
8	127	0.724732
8	132	0.712786
8	146	0.700223
8	147	0.721493
8	155	0.729119
8	161	0.712815
8	164	0.721248
8	168	0.730665
8	177	0.709486
8	179	0.737874
9	105	2.10466
9	154	0.697363
9	161	2.42794
9	162	0.717622
9	163	0.705539
9	166	0.715681
9	170	0.729641
9	171	0.713602
9	172	0.721191
9	176	0.727632
9	178	0.737184
9	180	0.734908
10	36	0.736184
10	90	0.715028
10	96	0.706862
10	114	0.721739
10	128	0.721717
10	129	0.726425
10	130	0.725942
10	139	0.715589
10	148	2.50353
10	150	2.58073
10	151	0.701643
10	158	0.729427
11	85	0.734876
11	107	0.693023
11	111	2.5507
11	112	0.69092
11	132	1.97594
11	152	0.739916
11	153	0.703294
11	166	0.716398
11	174	0.719991
11	176	0.728349
11	178	0.737901
11	180	0.735625
12	49	2.18335
12	128	2.31988
12	140	0.699799
12	141	0.718414
12	156	0.732242
12	160	0.715463
12	163	0.70571
12	165	0.699963
12	167	0.721057
12	169	0.735212
12	178	0.737355
12	180	0.735079
13	1	0.777281
13	4	0.795144
13	33	0.765335
13	60	0.798103
13	65	0.795435
13	71	0.786562
13	72	0.848111
13	123	0.823483
13	139	0.810206
13	162	1.68891
13	165	2.04791
13	169	1.47199
14	38	2.13534
14	135	0.728952
14	144	0.729835
14	145	0.732693
14	152	0.726925
14	160	0.703018
14	161	2.40095
14	163	0.693265
14	169	0.722767
14	176	0.715358
14	178	0.72491
14	180	0.722634
15	6	1.95069
15	89	1.52181
15	115	0.791575
15	142	0.799354
15	147	1.05897
15	160	0.791159
15	163	0.781406
15	170	0.805507
15	172	0.797058
15	173	0.810313
15	178	0.813051
15	180	0.810775
16	49	0.729028
16	92	0.674528
16	96	0.71433
16	102	0.6974
16	114	0.729207
16	128	0.729185
16	129	0.733893
16	130	0.733411
16	139	0.723058
16	158	0.736896
16	166	2.5647
16	176	2.50379
17	83	2.41147
17	109	2.14318
17	117	0.685928
17	125	0.738969
17	141	0.718455
17	160	0.715504
17	165	0.700003
17	172	0.721403
17	174	0.719485
17	176	0.727844
17	178	0.737396
17	180	0.73512
18	21	0.924035
18	25	0.921957
18	29	0.841893
18	37	0.901898
18	45	0.892171
18	113	0.895703
18	123	0.914527
18	128	0.907378
18	150	0.98279
18	174	1.28305
18	175	2.03862
18	177	1.0573
19	91	1.52726
19	106	1.36147
19	139	1.49769
19	144	0.812429
19	149	0.790718
19	156	0.80239
19	159	0.802006
19	161	0.788501
19	162	0.787942
19	168	0.806351
19	173	0.804767
19	180	0.805228
20	21	0.804173
20	22	0.742458
20	25	0.802095
20	29	0.72203
20	37	0.782036
20	45	0.772308
20	78	0.816498
20	113	0.775841
20	123	0.794665
20	128	0.787516
20	140	2.15559
20	153	1.90501
20	174	1.55085
21	18	0.924035
21	20	0.804173
21	22	0.729063
21	25	0.7887
21	29	0.708636
21	37	0.768642
21	45	0.758914
21	97	1.49881
21	113	0.762447
21	123	0.781271
21	128	0.774121
21	167	2.05062
21	177	2.05802
22	20	0.742458
22	21	0.729063
22	45	0.697198
22	92	0.657749
22	113	0.700731
22	114	0.712428
22	123	0.719555
22	128	0.712406
22	129	0.717114
22	137	2.69336
22	151	0.692332
22	158	0.720116
22	162	2.78789
23	78	2.27041
23	110	0.706592
23	111	0.703923
23	141	3.1772
23	146	0.688338
23	149	0.703146
23	155	0.717233
23	157	0.71167
23	159	0.714434
23	161	0.700929
23	164	0.709363
23	168	0.718779
23	179	0.725988
24	38	0.797133
24	48	0.786489
24	62	0.772328
24	90	0.780273
24	92	0.732304
24	114	0.786983
24	117	2.42751
24	129	0.791669
24	130	0.791187
24	151	0.766887
24	158	0.794671
24	171	1.56319
24	172	1.608
25	3	0.746041
25	18	0.921957
25	20	0.802095
25	21	0.7887
25	29	0.706558
25	37	0.766563
25	45	0.756836
25	75	1.94502
25	113	0.760368
25	123	0.779192
25	128	0.772043
25	169	1.67454
25	172	1.96243
26	75	0.688264
26	121	0.728593
26	132	0.701709
26	147	0.710415
26	150	0.705739
26	151	2.76139
26	155	0.718042
26	159	0.715242
26	161	0.701737
26	162	0.701178
26	164	0.710171
26	168	0.719587
26	171	2.69941
27	103	0.714843
27	110	2.45579
27	141	0.699668
27	144	0.723534
27	156	0.713495
27	162	0.699047
27	163	0.686963
27	168	2.4903
27	172	0.702615
27	173	0.715871
27	176	0.709056
27	178	0.718609
27	180	0.716333
28	61	0.775191
28	64	2.0676
28	82	0.755711
28	87	0.782405
28	90	0.787199
28	92	0.739231
28	114	0.79391
28	129	0.798596
28	130	0.798113
28	173	1.68008
28	175	0.758853
28	177	1.85617
28	179	0.811077
29	3	0.665977
29	18	0.841893
29	20	0.72203
29	21	0.708636
29	25	0.706558
29	37	0.686499
29	45	0.676771
29	78	0.720961
29	113	0.680304
29	123	0.699128
29	128	0.691978
29	154	2.76452
29	180	2.71397
30	107	2.87195
30	111	0.705359
30	127	0.714282
30	134	0.68947
30	147	0.711042
30	149	0.704582
30	159	0.71587
30	161	0.702365
30	164	0.710798
30	168	0.720215
30	177	0.699036
30	178	2.57525
30	179	0.727424
31	74	0.75101
31	91	0.775863
31	104	0.78517
31	109	0.779477
31	122	0.806782
31	131	0.778169
31	133	0.800139
31	141	1.6901
31	142	2.10942
31	167	0.777107
31	175	0.747238
31	179	0.799462
31	180	1.81228
32	67	0.749607
32	76	1.31075
32	87	0.76981
32	91	0.774882
32	95	0.801268
32	104	0.78419
32	124	0.799763
32	131	0.777188
32	133	0.799159
32	171	2.22418
32	173	2.05374
32	175	0.746258
32	179	0.798481
33	1	0.667414
33	2	0.761755
33	4	0.685277
33	13	0.765335
33	55	2.42189
33	60	0.688235
33	65	0.685567
33	71	0.676695
33	72	0.738244
33	99	0.717827
33	123	0.713615
33	139	0.700338
33	151	3.04225
34	112	0.676512
34	131	2.42619
34	135	0.727535
34	156	0.71838
34	158	2.4925
34	167	0.707196
34	169	0.721351
34	172	0.707501
34	174	0.705584
34	175	0.677327
34	176	0.713942
34	178	0.723494
34	180	0.721218
35	3	1.72692
35	56	0.67667
35	134	0.77154
35	140	1.80252
35	147	0.793112
35	149	0.786651
35	150	0.788436
35	157	0.795175
35	161	0.784435
35	164	0.792868
35	168	0.802284
35	175	1.95335
35	179	0.809493
36	10	0.736184
36	46	0.772818
36	49	0.771774
36	50	0.772797
36	90	0.765243
36	96	0.757076
36	101	1.73889
36	102	0.740146
36	129	0.776639
36	130	0.776157
36	151	0.751858
36	158	0.779642
36	162	2.12126
36	177	2.15306
37	3	0.725982
37	18	0.901898
37	20	0.782036
37	21	0.768642
37	25	0.766563
37	29	0.686499
37	45	0.736777
37	69	1.81686
37	78	0.780967
37	113	0.74031
37	123	0.759134
37	128	0.751984
37	176	2.08488
37	177	2.07308
38	14	2.13534
38	24	0.797133
38	49	0.767478
38	79	2.19922
38	80	0.792386
38	90	0.760947
38	92	0.712979
38	96	0.752781
38	102	0.73585
38	129	0.772344
38	130	0.771861
38	137	1.53536
38	139	0.761508
38	158	0.775346
39	8	2.91943
39	107	0.67164
39	144	0.721443
39	149	2.54071
39	151	0.685312
39	156	0.711404
39	160	0.694626
39	163	0.684873
39	172	0.700525
39	174	0.698607
39	176	0.706966
39	177	0.694186
39	178	0.716518
39	180	0.714242
40	56	0.54118
40	60	5.44245
40	107	0.62307
40	119	0.653386
40	122	0.681324
40	133	0.674681
40	140	0.630392
40	167	0.651649
40	173	0.66521
40	174	0.650037
40	175	0.621781
40	178	0.667948
40	179	0.674004
40	180	0.665672
41	54	1.81065
41	88	0.763148
41	107	2.21138
41	116	0.752233
41	126	0.774509
41	134	0.748542
41	145	1.94184
41	146	0.748845
41	147	0.770114
41	149	0.763653
41	157	0.772177
41	164	0.76987
41	168	0.779286
41	177	0.758108
42	123	2.64273
42	137	0.708776
42	142	0.697165
42	143	0.699521
42	145	0.718644
42	148	0.702371
42	152	0.712876
42	154	0.67104
42	155	2.68183
42	165	0.673469
42	166	0.689358
42	173	0.708124
42	178	0.710861
42	180	0.708585
43	1	0.733221
43	4	0.751085
43	60	0.754043
43	63	2.27173
43	65	0.751375
43	71	0.742502
43	72	0.804052
43	79	0.733343
43	97	0.801663
43	99	0.783634
43	113	1.86469
43	123	0.779423
43	139	0.766146
43	150	1.90863
44	83	0.71816
44	121	0.769151
44	146	0.729704
44	147	0.750973
44	148	1.93005
44	149	0.744513
44	155	0.7586
44	157	0.753036
44	159	0.7558
44	161	0.742296
44	164	0.750729
44	165	2.40895
44	167	2.07435
44	168	0.760145
44	179	0.767354
45	3	0.716255
45	18	0.892171
45	20	0.772308
45	21	0.758914
45	22	0.697198
45	25	0.756836
45	29	0.676771
45	37	0.736777
45	78	0.771239
45	113	0.730582
45	123	0.749406
45	128	0.742256
45	135	2.05504
45	152	2.03389
45	180	2.31185
46	7	0.723761
46	36	0.772818
46	48	0.757878
46	80	0.783101
46	92	0.703693
46	97	1.84757
46	102	0.726564
46	114	0.758372
46	128	0.75835
46	129	0.763058
46	130	0.762575
46	139	0.752222
46	151	0.738276
46	171	2.40114
46	178	2.14455
47	5	2.24536
47	61	0.728328
47	86	0.745787
47	95	0.767
47	106	0.751751
47	109	0.744229
47	119	0.743596
47	122	0.771534
47	124	0.765496
47	133	0.764891
47	145	2.02344
47	167	0.741859
47	175	0.711991
47	178	1.99629
47	179	0.764214
48	7	0.722404
48	24	0.786489
48	46	0.757878
48	50	0.757858
48	63	2.33791
48	80	0.781743
48	92	0.702335
48	96	0.742137
48	102	0.725206
48	129	0.7617
48	130	0.761217
48	151	0.736918
48	158	0.764702
48	163	2.30657
48	178	1.78709
49	7	0.722718
49	12	2.18335
49	16	0.729028
49	36	0.771774
49	38	0.767478
49	50	0.758172
49	90	0.750618
49	102	0.72552
49	114	0.757328
49	128	0.757306
49	129	0.762014
49	130	0.761532
49	151	0.737232
49	160	2.24621
49	162	1.85624
50	7	0.723741
50	36	0.772797
50	48	0.757858
50	49	0.758172
50	62	0.743696
50	94	1.85357
50	96	0.743475
50	102	0.726544
50	114	0.758351
50	129	0.763037
50	130	0.762555
50	139	0.752202
50	151	0.738256
50	175	2.78378
50	180	1.78899
51	83	0.720144
51	121	0.771135
51	138	0.746287
51	146	0.731688
51	147	0.752957
51	149	0.746497
51	155	0.760584
51	157	0.75502
51	159	0.757784
51	162	0.74372
51	163	2.29228
51	164	0.752713
51	168	0.762129
51	173	1.85896
51	174	2.26078
52	89	0.743244
52	105	0.751665
52	108	0.742745
52	126	0.754342
52	138	0.743278
52	141	2.09649
52	149	0.743487
52	155	0.757574
52	157	0.752011
52	159	0.754775
52	161	0.74127
52	164	0.749704
52	173	2.05606
52	176	2.24395
52	179	0.766329
53	57	0.749404
53	70	0.720449
53	91	0.745417
53	106	0.756553
53	107	2.2609
53	109	0.749031
53	124	0.770298
53	131	0.747722
53	133	0.769693
53	158	0.759537
53	167	0.746661
53	170	1.89559
53	175	0.716792
53	177	2.22643
53	179	0.769015
54	41	1.81065
54	74	1.80534
54	115	0.74259
54	140	0.72651
54	142	0.75037
54	146	2.13084
54	148	0.755576
54	152	0.766081
54	160	0.742174
54	170	0.756523
54	171	0.740484
54	172	0.748073
54	174	0.746156
54	178	0.764066
54	180	0.76179
55	33	2.42189
55	119	1.77743
55	137	0.761028
55	140	0.725558
55	143	0.751774
55	152	0.765129
55	157	1.53045
55	165	0.725722
55	172	0.747121
55	173	0.760377
55	174	0.745204
55	176	0.753562
55	177	0.740783
55	178	0.763114
55	180	0.760838
56	35	0.67667
56	40	0.54118
56	57	5.84419
56	97	0.671219
56	120	0.670073
56	145	0.660744
56	147	0.642637
56	155	0.650264
56	159	0.647464
56	165	0.615569
56	168	0.651809
56	172	0.636969
56	173	0.650225
56	174	0.635051
56	180	0.650686
57	53	0.749404
57	56	5.84419
57	74	0.723779
57	82	0.716865
57	86	0.753803
57	95	0.775017
57	109	0.752246
57	124	0.773513
57	131	0.750937
57	142	0.289713
57	158	0.762751
57	167	0.749876
57	175	0.720007
57	179	0.77223
57	180	0.148479
58	89	0.794303
58	98	1.88533
58	111	0.795323
58	116	0.783125
58	120	0.828443
58	121	0.819185
58	137	1.41769
58	146	0.779737
58	147	0.801007
58	149	0.794546
58	155	0.808633
58	157	0.80307
58	161	0.792329
58	164	0.800763
58	165	1.87121
58	174	1.76976
59	110	0.736179
59	121	0.757372
59	126	0.743588
59	134	0.717621
59	136	2.1596
59	146	0.717924
59	147	0.739193
59	151	2.51219
59	155	0.74682
59	157	0.741257
59	161	0.730516
59	164	0.738949
59	168	0.748366
59	170	2.125
59	177	0.727187
59	179	0.755575
60	1	0.700181
60	2	0.794523
60	4	0.718044
60	13	0.798103
60	33	0.688235
60	40	5.44245
60	43	0.754043
60	65	0.718335
60	71	0.709462
60	72	0.771011
60	79	0.700303
60	97	0.768623
60	123	0.746383
60	139	0.733106
60	144	0.162745
60	175	1.07798
61	28	0.775191
61	47	0.728328
61	81	0.753788
61	82	0.700591
61	87	0.727285
61	91	0.732357
61	94	2.35304
61	119	0.735338
61	122	0.763277
61	131	0.734663
61	133	0.756634
61	154	2.33901
61	167	0.733602
61	173	2.12585
61	175	0.703733
61	179	0.755956
62	24	0.772328
62	50	0.743696
62	80	0.767581
62	92	0.688173
62	96	0.727975
62	102	0.711045
62	114	0.742852
62	128	0.74283
62	129	0.747538
62	130	0.747056
62	139	0.736703
62	148	2.17279
62	151	0.722757
62	158	0.750541
62	167	2.31709
62	171	2.31886
63	43	2.27173
63	48	2.33791
63	93	1.6417
63	142	0.740603
63	148	0.745809
63	153	0.719692
63	156	0.749186
63	160	0.732407
63	163	0.722654
63	165	0.716907
63	167	0.738001
63	170	0.746756
63	171	0.730717
63	173	0.751562
63	178	0.754299
63	180	0.752023
64	28	2.0676
64	94	0.733566
64	98	0.730746
64	100	0.690752
64	105	1.81545
64	115	0.736053
64	138	2.25334
64	143	0.746189
64	165	0.720137
64	166	0.736026
64	170	0.749986
64	172	0.741536
64	173	0.754792
64	176	0.747977
64	178	0.757529
64	180	0.755253
65	1	0.697513
65	2	0.791855
65	13	0.795435
65	33	0.685567
65	43	0.751375
65	60	0.718335
65	71	0.706794
65	72	0.768343
65	79	0.697635
65	97	0.765955
65	99	0.747926
65	123	0.743715
65	139	0.730438
65	141	1.73491
65	160	2.22873
65	175	2.85188
66	73	0.620226
66	88	2.94916
66	137	0.70352
66	143	0.694265
66	148	0.697115
66	153	0.670999
66	160	0.683714
66	164	3.18747
66	165	0.668213
66	166	0.684102
66	167	0.689307
66	172	0.689612
66	173	0.702868
66	174	0.687695
66	178	0.705606
66	180	0.70333
67	32	0.749607
67	82	0.687603
67	91	0.719369
67	95	0.745754
67	104	0.728677
67	119	0.72235
67	122	0.750288
67	124	0.74425
67	131	0.721675
67	133	0.743645
67	158	0.733489
67	165	2.78765
67	167	0.720613
67	169	2.21174
67	175	0.690745
67	178	2.19823
67	179	0.742968
68	80	2.08057
68	85	0.74012
68	100	0.676368
68	114	2.40031
68	136	0.741519
68	144	0.74807
68	162	0.723583
68	163	0.711499
68	170	0.735601
68	171	0.719562
68	173	0.740407
68	174	0.725234
68	176	0.733592
68	177	0.720813
68	178	0.743145
68	179	1.90428
68	180	0.740869
69	37	1.81686
69	70	2.3834
69	113	0.723585
69	116	2.35655
69	137	0.744306
69	151	0.715186
69	154	0.706571
69	160	0.7245
69	163	0.714747
69	165	0.709
69	166	0.724889
69	169	0.744249
69	171	0.72281
69	173	0.743655
69	176	0.73684
69	178	0.746392
69	180	0.744116
70	53	0.720449
70	69	2.3834
70	86	0.724848
70	99	2.30862
70	104	0.728983
70	106	0.730812
70	109	0.72329
70	119	0.722657
70	122	0.750595
70	124	0.744557
70	131	0.721982
70	133	0.743952
70	156	2.37666
70	158	0.733796
70	167	0.72092
70	175	0.691051
70	179	0.743275
71	1	0.688641
71	2	0.782982
71	4	0.706504
71	13	0.786562
71	33	0.676695
71	43	0.742502
71	60	0.709462
71	65	0.706794
71	72	0.759471
71	79	0.688762
71	97	0.757082
71	99	0.739054
71	123	0.734842
71	139	0.721565
71	163	2.66705
71	178	2.14758
71	180	2.39633
72	1	0.75019
72	2	0.844531
72	4	0.768053
72	13	0.848111
72	33	0.738244
72	43	0.804052
72	60	0.771011
72	65	0.768343
72	71	0.759471
72	79	0.750311
72	97	0.818632
72	123	0.796391
72	139	0.783114
72	144	1.95835
72	145	1.65718
72	162	1.86046
72	180	1.87879
73	66	0.620226
73	120	3.19895
73	132	3.32299
73	135	0.698391
73	136	0.692724
73	137	0.692264
73	145	0.702132
73	153	0.659743
73	163	0.662705
73	166	0.672846
73	169	0.692207
73	170	0.686806
73	171	0.670768
73	172	0.678357
73	176	0.684798
73	178	0.69435
73	180	0.692074
74	31	0.75101
74	54	1.80534
74	57	0.723779
74	86	0.724963
74	87	0.714718
74	95	0.746176
74	98	2.51292
74	104	0.729099
74	106	0.730928
74	109	0.723405
74	119	0.722772
74	124	0.744672
74	153	2.75151
74	158	0.733911
74	167	0.721035
74	175	0.691167
74	179	0.74339
75	25	1.94502
75	26	0.688264
75	106	2.18233
75	109	2.41247
75	134	0.715355
75	142	0.733557
75	146	0.715659
75	152	0.749267
75	153	0.712646
75	155	0.744555
75	163	0.715608
75	164	0.736684
75	166	0.72575
75	168	0.7461
75	177	0.724921
75	178	0.747253
75	180	0.744977
76	32	1.31075
76	92	2.46799
76	109	1.47162
76	120	0.809767
76	143	0.781316
76	149	0.775871
76	153	0.75805
76	155	0.789958
76	158	1.16222
76	161	0.773654
76	164	0.782087
76	168	0.791504
76	169	0.790513
76	173	0.789919
76	174	0.774746
76	178	0.792656
76	180	0.79038
77	5	0.702642
77	97	0.765616
77	112	0.700377
77	117	0.695891
77	122	2.06771
77	131	2.2094
77	140	0.709803
77	143	0.736019
77	149	2.09749
77	152	0.749373
77	163	0.715714
77	166	0.725856
77	169	0.745216
77	171	0.723777
77	176	0.737807
77	178	0.747359
77	180	0.745083
78	20	0.816498
78	23	2.27041
78	29	0.720961
78	37	0.780967
78	45	0.771239
78	108	1.39897
78	116	1.57032
78	123	0.793596
78	128	0.786446
78	143	0.786239
78	152	0.799593
78	168	1.1772
78	170	0.790036
78	171	0.773997
78	176	0.788027
78	178	0.797579
78	180	0.795303
79	38	2.19922
79	43	0.733343
79	60	0.700303
79	65	0.697635
79	71	0.688762
79	72	0.750311
79	97	0.747923
79	111	2.49686
79	135	0.733707
79	139	0.712406
79	141	0.710725
79	144	0.734591
79	166	0.708163
79	172	0.713673
79	174	0.711755
79	178	0.729666
79	179	2.23407
79	180	0.72739
80	7	0.747626
80	38	0.792386
80	46	0.783101
80	48	0.781743
80	62	0.767581
80	68	2.08057
80	90	0.775526
80	92	0.727557
80	94	1.92394
80	96	0.767359
80	101	1.45867
80	102	0.750429
80	114	0.782236
80	129	0.786922
80	130	0.78644
80	142	2.1565
80	151	0.762141
80	158	0.789925
81	61	0.753788
81	86	0.771246
81	110	1.596
81	118	1.71371
81	129	1.46147
81	131	0.76838
81	133	0.790351
81	146	1.90797
81	152	0.785631
81	156	0.778503
81	166	0.762113
81	167	0.767318
81	169	0.781474
81	172	0.767624
81	174	0.765706
81	175	0.73745
81	179	0.789673
81	180	0.781341
82	28	0.755711
82	57	0.716865
82	61	0.700591
82	67	0.687603
82	86	0.718049
82	91	0.712878
82	106	0.724014
82	109	0.716492
82	122	0.743797
82	124	0.737759
82	131	0.715183
82	133	0.737154
82	143	2.38629
82	150	2.53851
82	166	2.68574
82	167	0.714122
82	175	0.684253
82	179	0.736476
83	17	2.41147
83	44	0.71816
83	51	0.720144
83	116	0.708384
83	138	0.719596
83	146	0.704996
83	147	0.726266
83	149	0.719805
83	154	0.69677
83	155	0.733892
83	157	0.728329
83	159	0.731093
83	161	0.717588
83	164	0.726021
83	168	0.735438
83	171	2.65334
83	177	0.714259
83	178	2.39675
84	93	0.789649
84	105	0.761152
84	118	0.744623
84	120	0.786871
84	126	0.763829
84	134	0.737862
84	138	0.752765
84	146	0.738165
84	150	0.754759
84	153	2.52751
84	155	0.767061
84	157	0.761498
84	159	0.764262
84	161	0.750757
84	164	0.759191
84	168	0.768607
84	169	1.69888
84	171	1.94196
84	176	1.9594
85	7	1.90405
85	11	0.734876
85	68	0.74012
85	96	2.08503
85	107	0.731826
85	126	1.73808
85	137	0.774619
85	148	0.768214
85	153	0.742098
85	155	1.45209
85	169	0.774561
85	170	0.769161
85	171	0.753122
85	172	0.760711
85	173	0.773967
85	174	0.758794
85	176	0.767152
85	178	0.776704
85	180	0.774428
86	47	0.745787
86	57	0.753803
86	70	0.724848
86	74	0.724963
86	81	0.771246
86	82	0.718049
86	104	0.759123
86	106	0.760952
86	109	0.75343
86	119	0.752797
86	131	0.752121
86	133	0.774092
86	143	2.08851
86	152	2.0238
86	154	2.35232
86	158	0.763936
86	167	0.75106
86	169	2.06652
86	175	0.721191
86	179	0.773414
87	28	0.782405
87	32	0.76981
87	61	0.727285
87	74	0.714718
87	95	0.765957
87	104	0.748879
87	106	0.750708
87	109	0.743185
87	119	0.742552
87	122	0.770491
87	124	0.764452
87	131	0.741877
87	133	0.763848
87	152	1.97263
87	154	2.30114
87	156	2.0011
87	167	0.740815
87	175	0.710947
87	177	2.26406
87	179	0.76317
88	41	0.763148
88	66	2.94916
88	105	0.75383
88	118	0.737301
88	120	0.779549
88	134	0.73054
88	138	0.745443
88	141	1.53296
88	146	0.730843
88	147	0.752113
88	149	0.745652
88	150	0.747437
88	153	2.24853
88	154	0.722617
88	157	0.754176
88	159	0.75694
88	164	0.751868
88	168	0.761285
88	171	1.66298
88	179	0.768494
89	15	1.52181
89	52	0.743244
89	58	0.794303
89	110	0.74936
89	116	0.734494
89	118	0.737564
89	125	1.89025
89	127	0.755614
89	134	0.730803
89	146	0.731106
89	149	0.745914
89	157	0.754438
89	159	0.757202
89	161	0.743698
89	164	0.752131
89	168	0.761547
89	172	2.3969
89	174	2.58347
89	177	0.740369
89	179	0.768756
90	10	0.715028
90	24	0.780273
90	28	0.787199
90	36	0.765243
90	38	0.760947
90	49	0.750618
90	80	0.775526
90	92	0.696118
90	96	0.73592
90	102	0.71899
90	114	0.750797
90	128	0.750775
90	129	0.755483
90	130	0.755001
90	139	0.744648
90	150	2.09464
90	158	0.758485
90	162	2.13735
90	167	2.16174
90	177	2.16915
91	19	1.52726
91	31	0.775863
91	32	0.774882
91	53	0.745417
91	61	0.732357
91	67	0.719369
91	82	0.712878
91	101	1.91218
91	104	0.753952
91	106	0.755781
91	109	0.748258
91	119	0.747625
91	122	0.775563
91	131	0.74695
91	133	0.76892
91	158	0.758764
91	165	2.65354
91	175	0.71602
91	179	0.768243
91	180	2.31288
92	16	0.674528
92	22	0.657749
92	24	0.732304
92	28	0.739231
92	38	0.712979
92	46	0.703693
92	48	0.702335
92	62	0.688173
92	76	2.46799
92	80	0.727557
92	90	0.696118
92	96	0.687952
92	102	0.671021
92	114	0.702829
92	129	0.707515
92	130	0.707032
92	139	0.696679
92	151	0.682733
92	158	0.710517
92	169	3.13835
92	170	3.05623
93	63	1.6417
93	84	0.789649
93	108	0.78209
93	116	0.771412
93	118	0.774482
93	126	0.793687
93	127	0.792532
93	132	0.780587
93	138	0.782623
93	153	1.93303
93	155	0.79692
93	157	0.791356
93	159	0.79412
93	160	1.71128
93	161	0.780616
93	164	0.789049
93	168	0.798465
93	175	2.33443
93	177	0.777287
93	179	0.805674
93	180	1.33964
94	50	1.85357
94	61	2.35304
94	64	0.733566
94	80	1.92394
94	132	0.736735
94	134	0.723869
94	146	0.724172
94	148	0.747276
94	154	0.715945
94	157	0.747505
94	158	2.13241
94	159	0.750269
94	160	0.733874
94	163	0.724121
94	168	0.754614
94	169	0.753623
94	174	0.737856
94	176	0.746214
94	178	0.755766
94	179	0.761823
94	180	0.75349
95	32	0.801268
95	47	0.767
95	57	0.775017
95	67	0.745754
95	74	0.746176
95	87	0.765957
95	103	1.69105
95	104	0.780337
95	106	0.782166
95	109	0.774643
95	119	0.77401
95	122	0.801949
95	124	0.79591
95	131	0.773335
95	133	0.795306
95	143	1.83218
95	152	1.76748
95	158	0.785149
95	171	2.05327
95	172	2.09808
95	175	0.742405
95	179	0.794628
96	7	0.70802
96	10	0.706862
96	16	0.71433
96	36	0.757076
96	38	0.752781
96	48	0.742137
96	50	0.743475
96	62	0.727975
96	80	0.767359
96	85	2.08503
96	90	0.73592
96	92	0.687952
96	102	0.710823
96	114	0.742631
96	129	0.747317
96	130	0.746834
96	139	0.736481
96	151	0.722535
96	158	0.750319
96	173	2.2624
96	177	2.43849
96	180	2.42502
97	21	1.49881
97	43	0.801663
97	46	1.84757
97	56	0.671219
97	60	0.768623
97	65	0.765955
97	71	0.757082
97	72	0.818632
97	77	0.765616
97	79	0.747923
97	99	0.798214
97	102	2.13654
97	121	1.5486
97	139	0.780726
97	156	0.792873
97	161	1.36809
97	171	0.774404
97	173	0.795249
97	174	0.780076
97	176	0.788434
97	178	0.797986
97	180	0.79571
98	58	1.88533
98	64	0.730746
98	74	2.51292
98	112	0.705965
98	117	0.701478
98	125	0.75452
98	130	2.40129
98	132	1.72589
98	148	0.744456
98	153	0.718339
98	162	0.733384
98	165	0.715554
98	166	0.731443
98	169	0.750803
98	170	0.745403
98	171	0.729364
98	173	0.750209
98	174	0.735036
98	175	0.706779
98	176	0.743394
98	178	0.752946
98	180	0.75067
99	2	0.824114
99	4	0.747636
99	33	0.717827
99	43	0.783634
99	65	0.747926
99	70	2.30862
99	71	0.739054
99	97	0.798214
99	123	0.775974
99	128	1.69359
99	138	1.71092
99	139	0.762697
99	149	1.5721
99	165	0.742565
99	169	0.777814
99	170	0.772414
99	171	0.756375
99	172	0.763964
99	174	0.762047
99	176	0.770405
99	178	0.779957
99	179	1.36556
99	180	0.777681
100	7	3.17458
100	64	0.690752
100	68	0.676368
100	115	0.691476
100	141	0.694011
100	148	0.704462
100	153	0.678345
100	159	2.74106
100	160	0.69106
100	163	0.681307
100	166	0.691449
100	167	0.696654
100	169	0.710809
100	170	0.705409
100	171	0.68937
100	173	0.710215
100	174	0.695042
100	175	0.666785
100	176	0.7034
100	178	0.712952
100	179	2.61362
100	180	0.710676
101	36	1.73889
101	80	1.45867
101	91	1.91218
101	107	0.736924
101	109	1.97653
101	134	1.8534
101	136	0.780176
101	140	0.744246
101	141	0.762861
101	144	0.786727
101	148	0.773312
101	156	0.776688
101	162	0.76224
101	165	0.74441
101	166	0.760299
101	169	0.779659
101	170	0.774259
101	171	0.75822
101	172	0.765809
101	173	0.779065
101	174	0.763892
101	176	0.77225
101	180	0.779526
102	7	0.69109
102	16	0.6974
102	36	0.740146
102	38	0.73585
102	46	0.726564
102	48	0.725206
102	49	0.72552
102	50	0.726544
102	62	0.711045
102	80	0.750429
102	90	0.71899
102	92	0.671021
102	96	0.710823
102	97	2.13654
102	114	0.7257
102	128	0.725678
102	129	0.730386
102	130	0.729904
102	139	0.719551
102	151	0.705604
102	156	2.43279
102	158	0.733388
102	172	2.73492
102	177	2.69575
103	27	0.714843
103	95	1.69105
103	112	0.728982
103	115	0.754487
103	117	0.724495
103	124	1.73054
103	129	1.68275
103	135	0.780004
103	136	0.774337
103	142	0.762267
103	143	0.764623
103	146	2.12924
103	148	0.767473
103	152	0.777978
103	163	0.744318
103	165	0.738571
103	168	1.85179
103	170	0.76842
103	171	0.752381
103	173	0.773226
103	174	0.758053
103	176	0.766411
103	178	0.775963
103	180	0.773687
104	6	0.72101
104	31	0.78517
104	32	0.78419
104	67	0.728677
104	70	0.728983
104	74	0.729099
104	86	0.759123
104	87	0.748879
104	91	0.753952
104	95	0.780337
104	119	0.756932
104	122	0.784871
104	124	0.778833
104	131	0.756257
104	133	0.778228
104	142	2.15862
104	144	1.94104
104	158	0.768071
104	160	2.23312
104	162	1.84315
104	163	2.13219
104	167	0.755196
104	175	0.725327
104	179	0.77755
105	9	2.10466
105	52	0.751665
105	64	1.81545
105	84	0.761152
105	88	0.75383
105	110	0.757782
105	112	2.28033
105	118	0.745985
105	127	0.764036
105	132	0.75209
105	138	0.754127
105	146	0.739527
105	147	0.760797
105	149	0.754336
105	153	2.18393
105	155	0.768423
105	157	0.76286
105	159	0.765624
105	161	0.752119
105	164	0.760552
105	168	0.769969
105	176	1.61582
105	177	0.74879
105	179	0.777178
106	19	1.36147
106	47	0.751751
106	53	0.756553
106	70	0.730812
106	74	0.730928
106	75	2.18233
106	82	0.724014
106	86	0.760952
106	87	0.750708
106	91	0.755781
106	95	0.782166
106	109	0.759395
106	119	0.758761
106	122	0.7867
106	124	0.780662
106	131	0.758086
106	133	0.780057
106	145	1.92548
106	158	0.7699
106	162	2.12876
106	163	2.4178
106	167	0.757025
106	175	0.727156
106	179	0.779379
107	11	0.693023
107	30	2.87195
107	39	0.67164
107	40	0.62307
107	41	2.21138
107	53	2.2609
107	85	0.731826
107	101	0.736924
107	136	0.733225
107	143	0.723511
107	146	2.53157
107	148	0.726361
107	152	0.736866
107	156	0.729738
107	165	0.697459
107	166	0.713348
107	170	0.727308
107	171	0.711269
107	172	0.718858
107	173	0.732114
107	175	0.688684
107	176	0.725299
107	177	0.71252
107	178	0.734851
107	180	0.732575
108	52	0.742745
108	78	1.39897
108	93	0.78209
108	110	0.748861
108	111	0.746192
108	118	0.737064
108	120	0.779312
108	126	0.75627
108	132	0.743169
108	137	2.31509
108	138	0.745206
108	146	0.730606
108	147	0.751876
108	148	2.28971
108	149	0.745415
108	150	0.7472
108	154	0.72238
108	157	0.753939
108	159	0.756703
108	161	0.743198
108	167	2.43401
108	168	0.761048
108	170	2.11058
108	177	0.739869
108	179	0.768257
109	6	0.715317
109	17	2.14318
109	31	0.779477
109	47	0.744229
109	53	0.749031
109	57	0.752246
109	70	0.72329
109	74	0.723405
109	75	2.41247
109	76	1.47162
109	82	0.716492
109	86	0.75343
109	87	0.743185
109	91	0.748258
109	95	0.774643
109	101	1.97653
109	106	0.759395
109	119	0.751239
109	122	0.779177
109	124	0.773139
109	131	0.750564
109	133	0.772534
109	175	0.719634
109	178	2.12847
109	179	0.771857
110	23	0.706592
110	27	2.45579
110	59	0.736179
110	81	1.596
110	89	0.74936
110	105	0.757782
110	108	0.748861
110	118	0.741253
110	126	0.760459
110	127	0.759304
110	132	0.747358
110	138	0.749394
110	146	0.734795
110	147	0.756064
110	149	0.749604
110	156	1.92218
110	157	0.758128
110	159	0.760892
110	161	0.747387
110	164	0.75582
110	168	0.765237
110	172	2.22431
110	176	2.19694
110	177	0.744058
110	179	0.772445
111	11	2.5507
111	23	0.703923
111	30	0.705359
111	58	0.795323
111	79	2.49686
111	108	0.746192
111	118	0.738584
111	121	0.771574
111	126	0.75779
111	127	0.756635
111	138	0.746726
111	146	0.732126
111	147	0.753396
111	149	0.746935
111	155	0.761022
111	157	0.755459
111	159	0.758223
111	161	0.744718
111	164	0.753152
111	168	0.762568
111	170	1.6285
111	173	1.78325
111	177	0.741389
111	179	0.769777
111	180	1.94586
112	11	0.69092
112	34	0.676512
112	77	0.700377
112	98	0.705965
112	103	0.728982
112	105	2.28033
112	132	2.06088
112	133	2.64836
112	140	0.695192
112	141	0.713806
112	142	0.719051
112	143	0.721407
112	144	0.737672
112	148	0.724257
112	153	0.698141
112	160	0.710855
112	161	2.60361
112	166	0.711244
112	169	0.730604
112	170	0.725204
112	171	0.709165
112	174	0.714837
112	176	0.723195
112	178	0.732748
112	180	0.730472
113	8	2.16335
113	18	0.895703
113	20	0.775841
113	21	0.762447
113	22	0.700731
113	25	0.760368
113	29	0.680304
113	37	0.74031
113	43	1.86469
113	45	0.730582
113	69	0.723585
113	123	0.752939
113	128	0.745789
113	137	0.754836
113	145	0.764704
113	147	1.77643
113	157	1.976
113	161	1.80885
113	170	0.749379
113	173	0.754185
113	174	0.739011
113	175	0.710755
113	176	0.74737
113	178	0.756922
113	180	0.754646
114	10	0.721739
114	16	0.729207
114	22	0.712428
114	24	0.786983
114	28	0.79391
114	46	0.758372
114	49	0.757328
114	50	0.758351
114	62	0.742852
114	68	2.40031
114	80	0.782236
114	90	0.750797
114	92	0.702829
114	96	0.742631
114	102	0.7257
114	128	0.757486
114	129	0.762194
114	130	0.761711
114	136	1.89634
114	139	0.751358
114	148	2.04087
114	151	0.737412
114	158	0.765196
114	173	2.01649
114	177	2.19258
115	15	0.791575
115	54	0.74259
115	64	0.736053
115	100	0.691476
115	103	0.754487
115	121	2.00249
115	122	1.76799
115	130	1.95465
115	135	0.762294
115	139	2.19145
115	141	0.739312
115	142	0.744556
115	143	0.746913
115	147	1.78956
115	153	0.723646
115	156	0.753139
115	160	0.736361
115	165	0.72086
115	166	0.736749
115	169	0.75611
115	172	0.74226
115	173	0.755516
115	174	0.740342
115	175	0.712086
115	178	0.758253
115	180	0.755977
116	41	0.752233
116	58	0.783125
116	69	2.35655
116	78	1.57032
116	83	0.708384
116	89	0.734494
116	93	0.771412
116	120	0.768633
116	125	2.14529
116	127	0.744437
116	132	0.732491
116	134	0.719625
116	138	0.734528
116	146	0.719928
116	147	0.741198
116	149	0.734737
116	150	0.736522
116	155	0.748824
116	157	0.743261
116	159	0.746025
116	161	0.73252
116	164	0.740953
116	168	0.75037
116	170	2.28193
116	173	2.43668
116	179	0.757579
117	5	0.683544
117	17	0.685928
117	24	2.42751
117	77	0.695891
117	98	0.701478
117	103	0.724495
117	120	2.11921
117	140	0.690705
117	141	0.70932
117	147	2.75356
117	152	0.730275
117	153	0.693654
117	156	0.723147
117	159	2.68266
117	160	0.706369
117	163	0.696616
117	165	0.690869
117	169	0.726118
117	170	0.720718
117	171	0.704679
117	172	0.712268
117	173	0.725524
117	176	0.718709
117	177	0.70593
117	178	0.728261
117	180	0.725985
118	5	2.28969
118	81	1.71371
118	84	0.744623
118	88	0.737301
118	89	0.737564
118	93	0.774482
118	105	0.745985
118	108	0.737064
118	110	0.741253
118	111	0.738584
118	121	0.762446
118	134	0.722695
118	138	0.737598
118	144	2.36893
118	147	0.744268
118	148	2.15113
118	154	0.714772
118	155	0.751894
118	159	0.749095
118	161	0.73559
118	162	0.735031
118	164	0.744023
118	167	2.29544
118	168	0.75344
118	177	0.732261
118	179	0.760649
119	6	0.714683
119	40	0.653386
119	47	0.743596
119	55	1.77743
119	61	0.735338
119	67	0.72235
119	70	0.722657
119	74	0.722772
119	86	0.752797
119	87	0.742552
119	91	0.747625
119	95	0.77401
119	104	0.756932
119	106	0.758761
119	109	0.751239
119	122	0.778544
119	124	0.772506
119	131	0.749931
119	145	2.10637
119	158	0.761745
119	167	0.748869
119	173	2.16536
119	174	2.56719
119	175	0.719
119	179	0.771224
119	180	2.32797
120	56	0.670073
120	58	0.828443
120	73	3.19895
120	76	0.809767
120	84	0.786871
120	88	0.779549
120	108	0.779312
120	116	0.768633
120	117	2.11921
120	126	0.790909
120	134	0.764942
120	136	0.964293
120	138	0.779845
120	146	0.765246
120	148	1.10882
120	149	0.780054
120	151	1.31688
120	155	0.794142
120	157	0.788578
120	161	0.777837
120	162	0.777278
120	164	0.786271
120	168	0.795687
120	175	2.24185
120	177	0.774509
120	179	0.802896
121	26	0.728593
121	44	0.769151
121	51	0.771135
121	58	0.819185
121	59	0.757372
121	97	1.5486
121	111	0.771574
121	115	2.00249
121	118	0.762446
121	126	0.781652
121	127	0.780497
121	132	0.768551
121	135	1.83753
121	137	1.98149
121	138	0.770587
121	146	0.755988
121	147	0.777257
121	150	0.772581
121	154	0.747761
121	155	0.784884
121	156	1.84486
121	159	0.782085
121	161	0.76858
121	162	0.76802
121	164	0.777013
121	168	0.78643
121	176	2.11962
122	6	0.742622
122	31	0.806782
122	40	0.681324
122	47	0.771534
122	61	0.763277
122	67	0.750288
122	70	0.750595
122	77	2.06771
122	82	0.743797
122	87	0.770491
122	91	0.775563
122	95	0.801949
122	104	0.784871
122	106	0.7867
122	109	0.779177
122	115	1.76799
122	119	0.778544
122	124	0.800444
122	133	0.79984
122	137	1.74698
122	150	1.7988
122	158	0.789683
122	167	0.776807
122	171	1.86767
122	174	2.09905
122	175	0.746939
122	179	0.799162
123	2	0.819903
123	13	0.823483
123	18	0.914527
123	20	0.794665
123	21	0.781271
123	22	0.719555
123	25	0.779192
123	29	0.699128
123	33	0.713615
123	37	0.759134
123	42	2.64273
123	43	0.779423
123	45	0.749406
123	60	0.746383
123	65	0.743715
123	71	0.734842
123	72	0.796391
123	78	0.793596
123	99	0.775974
123	113	0.752939
123	128	0.764613
123	139	0.758486
123	156	1.50349
123	160	2.12462
123	166	1.83917
123	173	1.59036
123	176	1.77825
124	32	0.799763
124	47	0.765496
124	53	0.770298
124	57	0.773513
124	67	0.74425
124	70	0.744557
124	74	0.744672
124	82	0.737759
124	87	0.764452
124	95	0.79591
124	103	1.73054
124	104	0.778833
124	106	0.780662
124	109	0.773139
124	119	0.772506
124	122	0.800444
124	131	0.771831
124	133	0.793801
124	135	1.82811
124	143	1.87167
124	158	0.783645
124	165	2.42559
124	167	0.770769
124	170	1.76756
124	175	0.740901
124	178	1.83617
124	179	0.793124
125	17	0.738969
125	89	1.89025
125	98	0.75452
125	116	2.14529
125	133	1.50458
125	140	0.743747
125	141	0.762362
125	143	0.769963
125	145	0.789085
125	146	2.02963
125	150	0.766302
125	151	0.750096
125	153	0.746696
125	156	0.776189
125	159	1.35651
125	160	0.759411
125	163	0.749658
125	165	0.74391
125	168	1.75217
125	169	0.77916
125	170	0.773759
125	171	0.757721
125	172	0.76531
125	173	0.778566
125	174	0.763392
125	176	0.771751
125	178	0.781303
125	180	0.779027
126	41	0.774509
126	52	0.754342
126	59	0.743588
126	84	0.763829
126	85	1.73808
126	93	0.793687
126	108	0.75627
126	110	0.760459
126	111	0.75779
126	120	0.790909
126	121	0.781652
126	146	0.742204
126	147	0.763473
126	148	1.93982
126	149	0.757013
126	154	0.733977
126	155	0.7711
126	157	0.765537
126	159	0.768301
126	160	2.4497
126	161	0.754796
126	164	0.763229
126	167	2.08413
126	168	0.772646
126	170	1.7607
126	173	1.91545
126	177	0.751467
126	179	0.779855
127	8	0.724732
127	30	0.714282
127	89	0.755614
127	93	0.792532
127	105	0.764036
127	110	0.759304
127	111	0.756635
127	116	0.744437
127	121	0.780497
127	134	0.740746
127	138	0.755648
127	142	2.39557
127	143	1.88517
127	146	0.741049
127	147	0.762318
127	149	0.755858
127	154	0.732822
127	155	0.769945
127	156	1.84894
127	157	0.764382
127	159	0.767146
127	161	0.753641
127	162	0.753082
127	164	0.762074
127	168	0.771491
127	174	2.33764
127	178	1.84967
127	179	0.7787
127	180	2.09843
128	3	0.731462
128	10	0.721717
128	12	2.31988
128	16	0.729185
128	18	0.907378
128	20	0.787516
128	21	0.774121
128	22	0.712406
128	25	0.772043
128	29	0.691978
128	37	0.751984
128	45	0.742256
128	46	0.75835
128	49	0.757306
128	62	0.74283
128	78	0.786446
128	90	0.750775
128	99	1.69359
128	102	0.725678
128	113	0.745789
128	114	0.757486
128	123	0.764613
128	129	0.762172
128	130	0.761689
128	158	0.765174
128	162	1.99278
128	166	2.0973
128	176	2.03638
128	180	2.01111
129	10	0.726425
129	16	0.733893
129	22	0.717114
129	24	0.791669
129	28	0.798596
129	36	0.776639
129	38	0.772344
129	46	0.763058
129	48	0.7617
129	49	0.762014
129	50	0.763037
129	62	0.747538
129	80	0.786922
129	81	1.46147
129	90	0.755483
129	92	0.707515
129	96	0.747317
129	102	0.730386
129	103	1.68275
129	114	0.762194
129	128	0.762172
129	130	0.766397
129	139	0.756044
129	150	1.9761
129	151	0.742098
129	153	2.63052
129	158	0.769882
129	163	2.30785
129	172	2.08978
130	7	0.727101
130	10	0.725942
130	16	0.733411
130	24	0.791187
130	28	0.798113
130	36	0.776157
130	38	0.771861
130	46	0.762575
130	48	0.761217
130	49	0.761532
130	50	0.762555
130	62	0.747056
130	80	0.78644
130	90	0.755001
130	92	0.707032
130	96	0.746834
130	98	2.40129
130	102	0.729904
130	114	0.761711
130	115	1.95465
130	128	0.761689
130	129	0.766397
130	139	0.755562
130	145	1.82489
130	151	0.741616
130	154	2.09705
130	158	0.769399
130	166	2.13269
130	170	1.72914
131	6	0.714008
131	31	0.778169
131	32	0.777188
131	34	2.42619
131	53	0.747722
131	57	0.750937
131	61	0.734663
131	67	0.721675
131	70	0.721982
131	77	2.2094
131	81	0.76838
131	82	0.715183
131	86	0.752121
131	87	0.741877
131	91	0.74695
131	95	0.773335
131	104	0.756257
131	106	0.758086
131	109	0.750564
131	119	0.749931
131	124	0.771831
131	133	0.771226
131	148	1.86328
131	158	0.76107
131	162	1.98319
131	167	0.748194
131	172	2.05417
131	175	0.718325
131	177	2.01499
131	179	0.770548
132	8	0.712786
132	11	1.97594
132	26	0.701709
132	73	3.32299
132	93	0.780587
132	94	0.736735
132	98	1.72589
132	105	0.75209
132	108	0.743169
132	110	0.747358
132	112	2.06088
132	116	0.732491
132	121	0.768551
132	134	0.7288
132	138	0.743703
132	140	2.21506
132	146	0.729103
132	147	0.750373
132	149	0.743912
132	150	0.745697
132	154	0.720877
132	155	0.757999
132	157	0.752436
132	159	0.7552
132	161	0.741695
132	162	0.741136
132	164	0.750128
132	167	1.37717
132	168	0.759545
132	177	0.738366
132	179	0.766754
133	6	0.735979
133	31	0.800139
133	32	0.799159
133	40	0.674681
133	47	0.764891
133	53	0.769693
133	61	0.756634
133	67	0.743645
133	70	0.743952
133	81	0.790351
133	82	0.737154
133	86	0.774092
133	87	0.763848
133	91	0.76892
133	95	0.795306
133	104	0.778228
133	106	0.780057
133	109	0.772534
133	112	2.64836
133	122	0.79984
133	124	0.793801
133	125	1.50458
133	131	0.771226
133	144	2.03814
133	150	1.89755
133	152	1.68063
133	158	0.78304
133	167	0.770165
133	169	1.72334
133	175	0.740296
133	176	1.98386
133	179	0.792519
134	30	0.68947
134	35	0.77154
134	41	0.748542
134	59	0.717621
134	75	0.715355
134	84	0.737862
134	88	0.73054
134	89	0.730803
134	94	0.723869
134	101	1.8534
134	116	0.719625
134	118	0.722695
134	120	0.764942
134	127	0.740746
134	132	0.7288
134	136	1.97133
134	138	0.730837
134	146	0.716237
134	149	0.731046
134	150	0.732831
134	155	0.745133
134	156	2.00461
134	157	0.73957
134	159	0.742334
134	161	0.728829
134	162	0.72827
134	163	2.52481
134	164	0.737262
134	168	0.746679
134	175	3.24889
134	176	2.27937
134	177	0.7255
134	179	0.753888
135	5	0.739053
135	14	0.728952
135	34	0.727535
135	45	2.05504
135	73	0.698391
135	79	0.733707
135	103	0.780004
135	115	0.762294
135	121	1.83753
135	124	1.82811
135	136	0.782144
135	141	0.764829
135	143	0.77243
135	144	0.788695
135	150	0.768769
135	155	1.53526
135	156	0.778657
135	157	1.82417
135	160	0.761878
135	163	0.752125
135	164	1.63664
135	165	0.746378
135	166	0.762267
135	168	1.94936
135	169	0.781627
135	170	0.776227
135	171	0.760188
135	172	0.767777
135	174	0.76586
135	176	0.774218
135	177	0.761439
135	178	0.78377
135	180	0.781494
136	1	2.50904
136	59	2.1596
136	68	0.741519
136	73	0.692724
136	101	0.780176
136	103	0.774337
136	107	0.733225
136	114	1.89634
136	120	0.964293
136	134	1.97133
136	135	0.782144
136	137	0.776017
136	141	0.759162
136	142	0.764407
136	143	0.766763
136	144	0.783028
136	145	0.785885
136	148	0.769613
136	153	0.743496
136	155	1.5093
136	156	0.77299
136	163	0.746458
136	165	0.740711
136	166	0.7566
136	167	0.761805
136	168	1.92341
136	170	0.77056
136	171	0.754521
136	172	0.76211
136	174	0.760193
136	176	0.768551
136	178	0.778103
136	180	0.775827
137	22	2.69336
137	38	1.53536
137	42	0.708776
137	55	0.761028
137	58	1.41769
137	66	0.70352
137	69	0.744306
137	73	0.692264
137	85	0.774619
137	108	2.31509
137	113	0.754836
137	121	1.98149
137	122	1.74698
137	136	0.776017
137	141	0.758702
137	145	0.785426
137	147	1.76855
137	152	0.779658
137	153	0.743037
137	156	0.77253
137	160	0.755751
137	163	0.745998
137	165	0.740251
137	169	0.7755
