1	22	1.398
1	44	1.0182
1	54	0.889653
1	69	1.02222
1	120	0.98834
1	125	0.936566
1	128	0.97841
1	131	0.968005
1	139	0.991612
1	151	0.922748
1	159	2.09049
1	170	0.895426
2	32	0.90776
2	52	0.961622
2	55	0.962913
2	66	0.94269
2	72	0.926678
2	75	0.988332
2	76	0.988535
2	78	0.988784
2	108	0.982378
2	111	0.966187
2	147	1.48118
2	166	2.23653
3	15	1.13665
3	24	1.10011
3	25	1.00953
3	37	1.00285
3	46	1.07747
3	51	1.08008
3	53	1.05684
3	120	1.09182
3	121	1.8608
3	134	0.785515
3	135	1.04316
3	160	1.7163
4	107	1.04525
4	108	1.1038
4	109	1.04185
4	112	1.09021
4	115	1.07238
4	122	1.0907
4	126	1.08197
4	127	1.08214
4	156	0.604756
4	164	1.27872
4	169	0.97905
4	175	2.36339
5	41	0.97472
5	56	1.04278
5	67	1.01516
5	77	0.903089
5	84	0.960141
5	86	0.960158
5	88	0.960257
5	123	0.956042
5	125	0.92161
5	135	0.924723
5	157	1.86084
5	159	1.66615
6	17	0.929512
6	24	0.999563
6	25	0.908982
6	36	1.02162
6	37	0.902309
6	46	0.976923
6	51	0.979538
6	53	0.956291
6	120	0.991278
6	135	0.942617
6	160	1.51424
6	176	2.24863
7	59	1.07623
7	73	1.10613
7	74	1.03035
7	81	1.08734
7	83	1.08728
7	85	1.08729
7	94	0.650829
7	117	1.06622
7	132	0.987588
7	143	1.30753
7	156	1.0876
7	167	1.73414
8	22	1.002
8	42	0.999474
8	67	1.14093
8	77	1.02886
8	84	1.08591
8	86	1.08593
8	88	1.08603
8	123	1.08181
8	125	1.04738
8	135	1.05049
8	147	1.5428
8	167	1.50897
9	12	1.03268
9	16	1.04174
9	23	1.02218
9	26	0.89339
9	27	0.889323
9	33	0.892395
9	35	0.995372
9	48	0.874576
9	50	0.9709
9	62	0.990328
9	147	1.26175
9	180	2.43794
10	97	0.962526
10	99	0.95706
10	104	1.17727
10	109	0.932143
10	110	0.983795
10	112	0.980508
10	122	0.980999
10	126	0.972263
10	127	0.972436
10	128	0.981588
10	156	2.04577
10	169	0.869347
11	12	1.13621
11	16	1.14526
11	23	1.1257
11	26	0.996912
11	27	0.992845
11	35	1.09889
11	39	1.28564
11	48	0.978098
11	50	1.07442
11	96	1.05511
11	116	1.08568
11	162	1.72699
12	9	1.03268
12	11	1.13621
12	23	1.14911
12	26	1.02032
12	27	1.01625
12	33	1.01932
12	35	1.1223
12	48	1.0015
12	50	1.09783
12	154	0.72344
12	163	1.26627
12	172	2.25009
13	19	1.03029
13	29	1.02786
13	38	1.10749
13	43	1.09023
13	47	1.08192
13	63	1.14901
13	64	1.06222
13	71	1.04545
13	117	1.0567
13	118	0.585423
13	148	2.16266
13	177	1.53332
14	42	0.992555
14	56	1.16163
14	77	1.02194
14	84	1.07899
14	86	1.07901
14	88	1.07911
14	111	1.07862
14	123	1.07489
14	135	1.04357
14	153	1.34582
14	158	1.32625
14	166	1.70066
15	3	1.13665
15	17	1.02729
15	24	1.09734
15	37	1.00008
15	45	0.683559
15	46	1.0747
15	51	1.07731
15	53	1.05406
15	120	1.08905
15	135	1.04039
15	176	1.73256
15	178	2.06291
16	9	1.04174
16	11	1.14526
16	26	1.02937
16	27	1.0253
16	33	1.02837
16	35	1.13135
16	48	1.01055
16	50	1.10688
16	96	1.08756
16	133	0.832727
16	161	1.738
16	180	1.7134
17	6	0.929512
17	15	1.02729
17	25	0.900165
17	34	1.00628
17	36	1.01281
17	37	0.893492
17	46	0.968106
17	53	0.947474
17	120	0.982461
17	130	3.2164
17	135	0.9338
17	142	1.22401
18	19	0.926308
18	29	0.923878
18	43	0.986246
18	57	0.986216
18	63	1.04503
18	64	0.958234
18	71	0.941467
18	95	0.889346
18	113	1.02064
18	117	0.952718
18	158	1.92906
18	159	1.6998
19	13	1.03029
19	18	0.926308
19	29	0.90496
19	43	0.967329
19	57	0.967298
19	63	1.02611
19	64	0.939316
19	71	0.92255
19	113	1.00172
19	117	0.9338
19	153	1.26628
19	169	2.41873
20	59	1.07507
20	73	1.10497
20	74	1.02919
20	81	1.08618
20	83	1.08612
20	85	1.08613
20	129	1.07872
20	130	2.5836
20	132	0.986427
20	136	0.712554
20	146	1.21087
20	156	1.08644
21	49	0.998292
21	54	0.8949
21	61	0.97518
21	69	1.02747
21	125	0.941813
21	128	0.983657
21	131	0.973252
21	139	0.996859
21	143	1.30313
21	151	0.927995
21	164	2.18186
21	170	0.900673
22	1	1.398
22	8	1.002
22	143	1.02082
22	152	1.0061
22	164	0.982268
22	173	0.937322
22	174	0.907071
22	176	0.943114
22	177	0.962642
22	178	0.934649
22	179	0.936061
22	180	0.954579
23	9	1.02218
23	11	1.1257
23	12	1.14911
23	27	1.00575
23	33	1.00882
23	35	1.1118
23	48	0.991
23	50	1.08732
23	62	1.10675
23	124	1.02613
23	165	1.18351
23	174	3.47812
24	3	1.10011
24	6	0.999563
24	15	1.09734
24	25	0.970216
24	34	1.07633
24	46	1.03816
24	51	1.04077
24	53	1.01753
24	93	0.93414
24	119	2.38838
24	120	1.05251
24	132	1.65622
24	135	1.00385
25	3	1.00953
25	6	0.908982
25	17	0.900165
25	24	0.970216
25	34	0.985752
25	36	0.992275
25	37	0.872962
25	51	0.950191
25	53	0.926944
25	120	0.961931
25	124	2.3099
25	135	0.91327
25	143	1.53106
26	9	0.89339
26	11	0.996912
26	12	1.02032
26	16	1.02937
26	27	0.876956
26	33	0.880028
26	35	0.983004
26	48	0.862209
26	50	0.958533
26	62	0.977961
26	96	0.939216
26	133	2.07301
26	155	1.75598
27	9	0.889323
27	11	0.992845
27	12	1.01625
27	16	1.0253
27	23	1.00575
27	26	0.876956
27	33	0.875961
27	35	0.978937
27	48	0.858141
27	50	0.954466
27	96	0.935149
27	103	2.00489
27	143	1.69367
28	92	0.935839
28	110	1.00957
28	123	0.256686
28	154	1.00141
28	162	1.0016
28	164	0.958692
28	167	0.985796
28	171	0.889784
28	172	0.929235
28	174	0.883495
28	177	0.939066
28	179	0.912485
28	180	0.931004
29	13	1.02786
29	18	0.923878
29	19	0.90496
29	47	0.956588
29	57	0.964869
29	63	1.02368
29	64	0.936886
29	71	0.92012
29	95	0.867999
29	117	0.93137
29	123	0.956037
29	163	1.7132
29	165	2.12948
30	31	0.986004
30	32	0.89408
30	52	0.947942
30	55	0.949233
30	65	0.923599
30	66	0.92901
30	72	0.912998
30	75	0.974652
30	76	0.974855
30	78	0.975104
30	108	0.968698
30	155	1.10274
30	176	2.84531
31	30	0.986004
31	52	1.04593
31	55	1.04722
31	65	1.02159
31	66	1.027
31	72	1.01099
31	75	1.07264
31	76	1.07285
31	78	1.07309
31	89	2.06131
31	106	0.772917
31	111	1.0505
31	158	1.56225
32	2	0.90776
32	30	0.89408
32	52	0.954009
32	55	0.9553
32	65	0.929666
32	66	0.935077
32	72	0.919065
32	75	0.980719
32	76	0.980921
32	78	0.98117
32	108	0.974764
32	154	1.63276
32	163	2.1756
33	9	0.892395
33	12	1.01932
33	16	1.02837
33	23	1.00882
33	26	0.880028
33	27	0.875961
33	35	0.982009
33	48	0.861214
33	50	0.957538
33	62	0.976966
33	96	0.938221
33	106	1.3313
33	170	2.42465
34	17	1.00628
34	24	1.07633
34	25	0.985752
34	36	1.09839
34	37	0.979078
34	46	1.05369
34	51	1.05631
34	53	1.03306
34	120	1.06805
34	135	1.01939
34	136	1.984
34	156	0.892235
34	157	1.49427
35	9	0.995372
35	11	1.09889
35	12	1.1223
35	16	1.13135
35	23	1.1118
35	26	0.983004
35	27	0.978937
35	33	0.982009
35	48	0.96419
35	96	1.0412
35	98	1.29489
35	113	1.33385
35	154	1.5048
36	6	1.02162
36	17	1.01281
36	25	0.992275
36	34	1.09839
36	37	0.985602
36	46	1.06022
36	51	1.06283
36	53	1.03958
36	95	2.48603
36	120	1.07457
36	135	1.02591
36	141	1.48977
36	154	0.669689
37	3	1.00285
37	6	0.902309
37	15	1.00008
37	17	0.893492
37	25	0.872962
37	34	0.979078
37	36	0.985602
37	46	0.940902
37	51	0.943518
37	90	1.76289
37	120	0.955257
37	135	0.906596
37	172	2.11668
38	13	1.10749
38	43	1.04453
38	47	1.03622
38	57	1.0445
38	63	1.10331
38	71	0.99975
38	95	0.947629
38	113	1.07892
38	117	1.011
38	123	1.03567
38	132	2.48263
38	145	1.16291
38	158	1.06816
39	11	1.28564
39	82	0.693656
39	140	1.02017
39	143	1.00478
39	155	1.03783
39	168	0.90991
39	171	0.897319
39	174	0.891031
39	175	0.92539
39	176	0.927073
39	178	0.918609
39	179	0.920021
39	180	0.938539
40	59	1.01892
40	68	1.10492
40	73	1.04882
40	74	0.973036
40	81	1.03003
40	83	1.02997
40	85	1.02998
40	117	1.0089
40	118	1.06347
40	129	1.02256
40	132	0.930274
40	154	1.54937
40	156	1.03029
40	167	1.75679
41	5	0.97472
41	42	0.945881
41	56	1.11495
41	67	1.08734
41	77	0.975267
41	84	1.03232
41	86	1.03234
41	88	1.03244
41	111	1.03195
41	125	0.993789
41	134	0.671146
41	135	0.996902
41	152	1.35356
41	168	2.77962
42	8	0.999474
42	14	0.992555
42	41	0.945881
42	67	0.986322
42	77	0.87425
42	84	0.931302
42	86	0.931319
42	88	0.931418
42	92	0.845949
42	111	0.930932
42	123	0.927204
42	135	0.895884
42	154	1.30953
42	180	2.72695
43	13	1.09023
43	18	0.986246
43	19	0.967329
43	38	1.04453
43	47	1.01896
43	57	1.02724
43	63	1.08605
43	64	0.999255
43	71	0.982488
43	117	0.993739
43	123	1.01841
43	138	2.16453
43	156	1.0671
43	159	1.47446
44	1	1.0182
44	49	1.07879
44	54	0.975398
44	61	1.05568
44	69	1.10797
44	79	1.10523
44	128	1.06416
44	131	1.05375
44	139	1.07736
44	146	2.48004
44	151	1.00849
44	156	0.889953
44	170	0.981171
45	15	0.683559
45	122	1.29916
45	130	0.941235
45	143	1.01186
45	148	0.941377
45	159	0.98963
45	173	0.928369
45	174	0.898118
45	176	0.934161
45	177	0.953689
45	178	0.925696
45	179	0.927108
45	180	0.945626
46	3	1.07747
46	6	0.976923
46	15	1.0747
46	17	0.968106
46	24	1.03816
46	34	1.05369
46	36	1.06022
46	37	0.940902
46	51	1.01813
46	53	0.994885
46	135	0.98121
46	137	1.08135
46	155	1.21712
46	180	2.41483
47	13	1.08192
47	29	0.956588
47	38	1.03622
47	43	1.01896
47	57	1.01893
47	63	1.07774
47	64	0.990944
47	71	0.974177
47	80	1.25333
47	113	1.05335
47	117	0.985428
47	123	1.01009
47	151	1.84864
47	163	1.61516
48	9	0.874576
48	11	0.978098
48	12	1.0015
48	16	1.01055
48	23	0.991
48	26	0.862209
48	27	0.858141
48	33	0.861214
48	35	0.96419
48	50	0.939719
48	62	0.959147
48	96	0.920402
48	104	1.57476
48	118	1.97179
49	21	0.998292
49	44	1.07879
49	54	0.950244
49	61	1.03052
49	69	1.08282
49	94	0.807533
49	120	1.04893
49	125	0.997157
49	131	1.0286
49	139	1.0522
49	147	0.928228
49	151	0.983339
49	168	3.21116
49	170	0.956018
50	9	0.9709
50	11	1.07442
50	12	1.09783
50	16	1.10688
50	23	1.08732
50	26	0.958533
50	27	0.954466
50	33	0.957538
50	48	0.939719
50	62	1.05547
50	95	1.71397
50	96	1.01673
50	150	1.52938
50	175	1.64183
51	3	1.08008
51	6	0.979538
51	15	1.07731
51	24	1.04077
51	25	0.950191
51	34	1.05631
51	36	1.06283
51	37	0.943518
51	46	1.01813
51	53	0.9975
51	135	0.983825
51	145	1.28901
51	151	1.34839
51	172	2.09873
52	2	0.961622
52	30	0.947942
52	31	1.04593
52	32	0.954009
52	55	1.00916
52	65	0.983528
52	66	0.988939
52	72	0.972927
52	75	1.03458
52	76	1.03478
52	78	1.03503
52	100	1.03953
52	142	0.722446
52	150	2.06717
52	175	2.17962
53	3	1.05684
53	6	0.956291
53	15	1.05406
53	17	0.947474
53	24	1.01753
53	25	0.926944
53	34	1.03306
53	36	1.03958
53	46	0.994885
53	51	0.9975
53	70	1.46331
53	116	1.32648
53	120	1.00924
53	135	0.960579
53	140	1.72108
54	1	0.889653
54	21	0.8949
54	44	0.975398
54	49	0.950244
54	61	0.927133
54	69	0.979423
54	120	0.945539
54	125	0.893766
54	128	0.93561
54	131	0.925205
54	137	1.31732
54	139	0.948812
54	151	0.879947
54	170	0.852626
54	175	2.97757
55	2	0.962913
55	30	0.949233
55	31	1.04722
55	32	0.9553
55	52	1.00916
55	65	0.984819
55	66	0.990231
55	72	0.974218
55	75	1.03587
55	76	1.03608
55	78	1.03632
55	111	1.01373
55	114	1.3353
55	167	1.10232
55	180	2.31233
56	5	1.04278
56	14	1.16163
56	41	1.11495
56	67	1.15539
56	77	1.04332
56	84	1.10037
56	86	1.10039
56	88	1.10049
56	92	1.01502
56	116	0.490098
56	123	1.09628
56	135	1.06496
56	166	1.02173
56	169	1.81935
56	179	2.14236
57	18	0.986216
57	19	0.967298
57	29	0.964869
57	38	1.0445
57	43	1.02724
57	47	1.01893
57	64	0.999225
57	71	0.982458
57	89	1.93869
57	95	0.930337
57	113	1.06163
57	117	0.993709
57	123	1.01838
57	134	1.11455
57	170	1.74365
58	79	1.29285
58	97	0.999094
58	99	0.993628
58	102	1.04785
58	109	0.968711
58	110	1.02036
58	115	0.999242
58	122	1.01757
58	126	1.00883
58	127	1.009
58	128	1.01816
58	131	1.00775
58	136	2.16934
58	167	1.29942
58	169	0.905916
59	7	1.07623
59	20	1.07507
59	40	1.01892
59	68	1.06624
59	73	1.01014
59	74	0.93436
59	81	0.991351
59	83	0.99129
59	85	0.991299
59	113	0.925817
59	129	0.983887
59	132	0.891598
59	152	1.65371
59	156	0.991611
59	178	2.84823
60	87	0.961198
60	94	0.932518
60	97	1.00428
60	99	0.998815
60	102	1.05304
60	107	0.9773
60	110	1.02555
60	112	1.02226
60	115	1.00443
60	119	3.01162
60	122	1.02275
60	126	1.01402
60	127	1.01419
60	169	0.911102
60	177	1.57559
61	21	0.97518
61	44	1.05568
61	49	1.03052
61	54	0.927133
61	69	1.0597
61	104	0.658171
61	120	1.02582
61	125	0.974045
61	128	1.01589
61	131	1.00548
61	137	1.15646
61	139	1.02909
61	151	0.960227
61	170	0.932906
61	179	3.18973
62	9	0.990328
62	23	1.10675
62	26	0.977961
62	33	0.976966
62	48	0.959147
62	50	1.05547
62	74	0.981687
62	81	1.03868
62	83	1.03862
62	85	1.03863
62	156	1.03894
62	158	0.979968
62	166	1.35437
62	179	2.475
63	13	1.14901
63	18	1.04503
63	19	1.02611
63	29	1.02368
63	38	1.10331
63	43	1.08605
63	47	1.07774
63	64	1.05804
63	71	1.04127
63	95	0.989153
63	113	1.12045
63	123	1.07719
63	143	0.742466
63	149	1.05521
63	158	1.58385
63	160	2.18955
64	13	1.06222
64	18	0.958234
64	19	0.939316
64	29	0.936886
64	43	0.999255
64	47	0.990944
64	57	0.999225
64	63	1.05804
64	71	0.954476
64	95	0.902355
64	113	1.03365
64	117	0.965727
64	123	0.990393
64	134	1.35869
64	140	1.38051
64	177	2.39439
65	30	0.923599
65	31	1.02159
65	32	0.929666
65	52	0.983528
65	55	0.984819
65	66	0.964596
65	72	0.948584
65	75	1.01024
65	76	1.01044
65	78	1.01069
65	100	1.01518
65	108	1.00428
65	111	0.988093
65	156	0.750659
65	163	1.30792
65	178	3.05772
66	2	0.94269
66	30	0.92901
66	31	1.027
66	32	0.935077
66	52	0.988939
66	55	0.990231
66	65	0.964596
66	72	0.953995
66	75	1.01565
66	76	1.01585
66	78	1.0161
66	100	1.0206
66	111	0.993505
66	149	1.16014
66	155	1.28631
66	172	2.59324
67	5	1.01516
67	8	1.14093
67	41	1.08734
67	42	0.986322
67	56	1.15539
67	77	1.01571
67	84	1.07276
67	86	1.07278
67	88	1.07288
67	111	1.07239
67	123	1.06866
67	125	1.03423
67	149	0.641086
67	155	0.767251
67	164	1.20706
67	168	3.07171
68	40	1.10492
68	59	1.06624
68	73	1.09614
68	74	1.02036
68	81	1.07735
68	83	1.07729
68	85	1.0773
68	98	0.83279
68	100	1.11171
68	117	1.05623
68	129	1.06989
68	132	0.977598
68	150	2.18436
68	155	0.772322
68	156	1.07761
68	169	2.34681
69	1	1.02222
69	21	1.02747
69	44	1.10797
69	49	1.08282
69	54	0.979423
69	61	1.0597
69	120	1.07811
69	121	1.79688
69	125	1.02634
69	128	1.06818
69	131	1.05778
69	132	2.46115
69	139	1.08138
69	141	1.24458
69	142	0.711522
69	151	1.01252
69	170	0.985197
70	53	1.46331
70	72	1.41427
70	105	0.94849
70	121	0.915582
70	145	0.956608
70	146	0.911671
70	148	0.878972
70	158	0.941119
70	161	0.881936
70	162	0.95382
70	167	0.938013
70	172	0.881452
70	173	0.865963
70	175	0.870072
70	176	0.871755
70	177	0.891283
70	180	0.883221
71	13	1.04545
71	18	0.941467
71	19	0.92255
71	29	0.92012
71	38	0.99975
71	43	0.982488
71	47	0.974177
71	57	0.982458
71	63	1.04127
71	64	0.954476
71	94	1.00534
71	95	0.885588
71	105	1.76548
71	113	1.01688
71	117	0.94896
71	123	0.973626
71	149	1.9748
72	2	0.926678
72	30	0.912998
72	31	1.01099
72	32	0.919065
72	52	0.972927
72	55	0.974218
72	65	0.948584
72	66	0.953995
72	70	1.41427
72	75	0.999637
72	76	0.99984
72	78	1.00009
72	100	1.00458
72	108	0.993683
72	111	0.977492
72	113	1.18217
72	133	1.88987
73	7	1.10613
73	20	1.10497
73	40	1.04882
73	59	1.01014
73	68	1.09614
73	74	0.964259
73	81	1.02125
73	83	1.02119
73	85	1.0212
73	100	1.05561
73	117	1.00013
73	129	1.01379
73	132	0.921497
73	144	1.78397
73	155	1.12915
73	156	1.02151
73	159	1.30236
73	170	1.83564
74	7	1.03035
74	20	1.02919
74	40	0.973036
74	59	0.93436
74	62	0.981687
74	68	1.02036
74	73	0.964259
74	81	0.945467
74	83	0.945405
74	85	0.945415
74	100	0.979829
74	117	0.924343
74	129	0.938002
74	132	0.845713
74	156	0.945726
74	158	1.20704
74	176	2.54714
74	177	1.91766
75	2	0.988332
75	30	0.974652
75	31	1.07264
75	32	0.980719
75	52	1.03458
75	55	1.03587
75	65	1.01024
75	66	1.01565
75	72	0.999637
75	76	1.06149
75	78	1.06174
75	90	2.23711
75	100	1.06624
75	108	1.05534
75	111	1.03915
75	142	1.35128
75	147	1.30549
75	149	1.1578
76	2	0.988535
76	30	0.974855
76	31	1.07285
76	32	0.980921
76	52	1.03478
76	55	1.03608
76	65	1.01044
76	66	1.01585
76	72	0.99984
76	75	1.06149
76	78	1.06195
76	100	1.06644
76	108	1.05554
76	111	1.03935
76	138	0.996518
76	141	0.945983
76	157	1.41515
76	174	4.26522
77	5	0.903089
77	8	1.02886
77	14	1.02194
77	41	0.975267
77	42	0.87425
77	56	1.04332
77	67	1.01571
77	84	0.960688
77	86	0.960705
77	88	0.960804
77	92	0.875335
77	111	0.960319
77	123	0.95659
77	125	0.922157
77	135	0.92527
77	140	0.956907
77	173	2.59142
77	177	1.97078
78	2	0.988784
78	30	0.975104
78	31	1.07309
78	32	0.98117
78	52	1.03503
78	55	1.03632
78	65	1.01069
78	66	1.0161
78	72	1.00009
78	75	1.06174
78	76	1.06195
78	100	1.06669
78	108	1.05579
78	111	1.0396
78	133	1.40439
78	162	1.43327
78	163	1.41047
78	165	1.82675
79	44	1.10523
79	58	1.29285
79	129	0.547733
79	137	1.03511
79	157	0.980698
79	158	1.00048
79	161	0.941295
79	164	0.970268
79	165	0.971003
79	166	0.982134
79	167	0.997372
79	168	0.913951
79	173	0.925322
79	175	0.929431
79	176	0.931114
79	178	0.922649
79	179	0.924061
79	180	0.94258
80	47	1.25333
80	116	1.0428
80	120	0.0631175
80	122	1.10167
80	141	1.01165
80	145	0.998006
80	155	1.02391
80	159	0.968622
80	161	0.923334
80	162	0.995218
80	165	0.953042
80	170	0.935137
80	171	0.883399
80	172	0.92285
80	174	0.877111
80	175	0.91147
80	178	0.904688
80	179	0.9061
80	180	0.924619
81	7	1.08734
81	20	1.08618
81	40	1.03003
81	59	0.991351
81	62	1.03868
81	68	1.07735
81	73	1.02125
81	74	0.945467
81	83	1.0024
81	85	1.00241
81	100	1.03682
81	116	1.36566
81	117	0.981334
81	129	0.994993
81	132	0.902705
81	137	1.52529
81	143	1.22214
81	156	1.00272
81	159	1.83426
82	39	0.693656
82	87	0.972361
82	97	1.01544
82	102	1.0642
82	107	0.988463
82	108	1.04701
82	109	0.985061
82	110	1.03671
82	112	1.03343
82	115	1.01559
82	122	1.03392
82	126	1.02518
82	127	1.02535
82	129	1.01609
82	131	1.0241
82	160	1.79727
82	162	1.13501
82	169	0.922265
82	172	2.09604
83	7	1.08728
83	20	1.08612
83	40	1.02997
83	59	0.99129
83	62	1.03862
83	68	1.07729
83	73	1.02119
83	74	0.945405
83	81	1.0024
83	85	1.00234
83	100	1.03676
83	104	0.580314
83	113	0.820866
83	117	0.981272
83	129	0.994932
83	132	0.902643
83	148	2.95396
83	156	1.00266
83	165	1.95093
84	5	0.960141
84	8	1.08591
84	14	1.07899
84	41	1.03232
84	42	0.931302
84	56	1.10037
84	67	1.07276
84	77	0.960688
84	86	1.01776
84	88	1.01786
84	92	0.932387
84	93	1.26782
84	111	1.01737
84	121	1.94232
84	123	1.01364
84	125	0.979209
84	135	0.982322
84	140	0.888858
84	169	2.36414
85	7	1.08729
85	20	1.08613
85	40	1.02998
85	59	0.991299
85	62	1.03863
85	68	1.0773
85	73	1.0212
85	74	0.945415
85	81	1.00241
85	83	1.00234
85	100	1.03677
85	114	1.4139
85	117	0.981282
85	129	0.994941
85	132	0.902653
85	153	1.61527
85	156	1.00267
85	167	1.18092
85	170	1.89971
86	5	0.960158
86	8	1.08593
86	14	1.07901
86	41	1.03234
86	42	0.931319
86	56	1.10039
86	67	1.07278
86	77	0.960705
86	84	1.01776
86	88	1.01787
86	92	0.932404
86	111	1.01739
86	123	1.01366
86	125	0.979226
86	135	0.982339
86	138	1.72982
86	140	0.965746
86	152	1.74494
86	180	2.06425
87	60	0.961198
87	82	0.972361
87	97	0.943161
87	99	0.937695
87	102	0.991917
87	109	0.912778
87	110	0.96443
87	112	0.961143
87	115	0.943308
87	122	0.961634
87	126	0.952898
87	127	0.953071
87	128	0.962223
87	131	0.951818
87	139	0.975425
87	157	1.91935
87	164	1.99127
87	167	1.53915
87	169	0.849982
88	5	0.960257
88	8	1.08603
88	14	1.07911
88	41	1.03244
88	42	0.931418
88	56	1.10049
88	67	1.07288
88	77	0.960804
88	84	1.01786
88	86	1.01787
88	92	0.932503
88	98	1.09585
88	111	1.01749
88	123	1.01376
88	125	0.979326
88	135	0.982438
88	142	1.59279
88	145	2.0227
88	149	1.39931
89	31	2.06131
89	57	1.93869
89	91	0.849001
89	99	0.930887
89	107	0.909373
89	109	0.90597
89	115	0.936501
89	122	0.954826
89	126	0.94609
89	127	0.946263
89	130	0.857522
89	159	0.905916
89	166	0.901467
89	169	0.843175
89	172	0.860144
89	174	0.814405
89	175	0.848764
89	177	0.869976
89	179	0.843395
89	180	0.861913
90	37	1.76289
90	75	2.23711
90	119	0.884739
90	145	0.946926
90	146	0.901989
90	155	0.972825
90	157	0.911657
90	159	0.917542
90	162	0.944138
90	164	0.901227
90	168	0.84491
90	171	0.832319
90	172	0.87177
90	173	0.856281
90	175	0.86039
90	176	0.862073
90	177	0.881601
90	178	0.853608
90	179	0.85502
90	180	0.873539
91	89	0.849001
91	106	0.9595
91	125	3.00391
91	144	0.868279
91	146	0.852902
91	147	0.920997
91	150	0.840922
91	157	0.86257
91	159	0.868455
91	162	0.895051
91	171	0.783232
91	173	0.807194
91	174	0.776944
91	175	0.811303
91	176	0.812986
91	177	0.832514
91	178	0.804521
91	179	0.805934
91	180	0.824452
92	28	0.935839
92	42	0.845949
92	56	1.01502
92	77	0.875335
92	84	0.932387
92	86	0.932404
92	88	0.932503
92	96	1.45098
92	125	0.893856
92	129	1.45831
92	135	0.896969
92	141	0.929231
92	159	0.886202
92	160	0.868436
92	161	0.840914
92	173	0.824941
92	176	0.830733
92	177	0.850261
92	178	0.822268
92	179	0.82368
92	180	0.842199
93	24	0.93414
93	84	1.26782
93	114	0.969507
93	115	1.32401
93	121	0.944708
93	136	0.955269
93	152	0.963864
93	154	0.982758
93	155	1.01163
93	157	0.950465
93	161	0.911062
93	163	0.963601
93	164	0.940035
93	172	0.910578
93	173	0.895089
93	174	0.864839
93	176	0.900881
93	177	0.920409
93	178	0.892416
93	179	0.893829
93	180	0.912347
94	7	0.650829
94	49	0.807533
94	60	0.932518
94	71	1.00534
94	104	1.18887
94	112	0.292074
94	143	1.09705
94	162	1.10141
94	163	1.08207
94	164	1.0585
94	165	1.05924
94	166	1.07037
94	168	1.00218
94	171	0.989592
94	174	0.983304
94	175	1.01766
94	176	1.01935
94	177	1.03887
94	178	1.01088
94	179	1.01229
94	180	1.03081
95	18	0.889346
95	29	0.867999
95	36	2.48603
95	38	0.947629
95	50	1.71397
95	57	0.930337
95	63	0.989153
95	64	0.902355
95	71	0.885588
95	113	0.964763
95	123	0.921506
95	144	0.879242
95	155	0.934702
95	162	0.906015
95	164	0.863104
95	171	0.794196
95	172	0.833647
95	174	0.787907
95	176	0.82395
95	178	0.815485
95	180	0.835416
96	11	1.05511
96	16	1.08756
96	26	0.939216
96	27	0.935149
96	33	0.938221
96	35	1.0412
96	48	0.920402
96	50	1.01673
96	92	1.45098
96	97	0.991826
96	99	0.986361
96	107	0.964846
96	110	1.0131
96	115	0.991974
96	122	1.0103
96	126	1.00156
96	127	1.00174
96	159	0.732476
96	160	1.56744
96	169	0.898648
96	173	2.29299
97	10	0.962526
97	58	0.999094
97	60	1.00428
97	82	1.01544
97	87	0.943161
97	96	0.991826
97	102	1.035
97	109	0.95586
97	110	1.00751
97	115	0.986391
97	126	0.99598
97	127	0.996154
97	128	1.00531
97	129	0.986886
97	131	0.9949
97	139	1.01851
97	144	1.5852
97	153	1.35242
97	161	2.15269
97	166	1.70725
97	169	0.893065
98	35	1.29489
98	68	0.83279
98	88	1.09585
98	127	0.608696
98	145	1.03806
98	149	1.04955
98	151	1.00251
98	158	1.02257
98	161	0.963388
98	163	1.01593
98	164	0.992361
98	167	1.01946
98	168	0.936044
98	171	0.923453
98	173	0.947415
98	174	0.917164
98	175	0.951523
98	176	0.953207
98	177	0.972735
98	178	0.944742
98	179	0.946154
98	180	0.964672
99	10	0.95706
99	58	0.993628
99	60	0.998815
99	87	0.937695
99	89	0.930887
99	96	0.986361
99	102	1.02953
99	107	0.953797
99	109	0.950394
99	110	1.00205
99	112	0.998759
99	115	0.980925
99	122	0.99925
99	126	0.990515
99	127	0.990688
99	131	0.989434
99	137	1.20769
99	139	1.01304
99	144	1.99827
99	151	1.90006
99	164	1.78327
99	169	0.887599
100	52	1.03953
100	65	1.01518
100	66	1.0206
100	68	1.11171
100	72	1.00458
100	73	1.05561
100	74	0.979829
100	75	1.06624
100	76	1.06644
100	78	1.06669
100	81	1.03682
100	83	1.03676
100	85	1.03677
100	108	1.06028
100	116	0.932089
100	124	1.07821
100	129	1.02936
100	132	0.937067
100	156	1.03708
100	166	1.51516
100	172	2.04523
100	173	2.47201
101	111	1.29372
101	134	0.976878
101	136	0.901541
101	139	1.4863
101	141	0.945652
101	144	0.902446
101	146	0.887069
101	150	0.875089
101	153	0.919568
101	157	0.896737
101	158	0.916517
101	160	0.884856
101	161	0.857334
101	162	0.929218
101	172	0.85685
101	174	0.811111
101	175	0.84547
101	176	0.847153
101	178	0.838689
101	179	0.840101
101	180	0.858619
102	58	1.04785
102	60	1.05304
102	82	1.0642
102	87	0.991917
102	97	1.035
102	99	1.02953
102	107	1.00802
102	109	1.00462
102	110	1.05627
102	112	1.05298
102	115	1.03515
102	122	1.05347
102	126	1.04474
102	127	1.04491
102	128	1.05406
102	139	1.06726
102	145	1.0486
102	146	1.90731
102	151	1.10798
102	152	1.42977
102	169	0.941821
102	176	2.29394
103	27	2.00489
103	116	1.01808
103	117	0.679358
103	124	0.966109
103	133	0.956405
103	134	1.01816
103	139	0.32388
103	157	0.938015
103	158	0.957795
103	159	0.943901
103	160	0.926134
103	161	0.898613
103	164	0.927586
103	167	0.95469
103	169	0.881159
103	171	0.858677
103	172	0.898128
103	173	0.88264
103	176	0.888432
103	177	0.90796
103	178	0.879967
103	179	0.881379
104	10	1.17727
104	48	1.57476
104	61	0.658171
104	83	0.580314
104	94	1.18887
104	139	0.456512
104	154	1.06584
104	157	1.03354
104	158	1.05332
104	159	1.03943
104	162	1.06602
104	165	1.02385
104	167	1.05022
104	168	0.966796
104	169	0.976686
104	172	0.993656
104	173	0.978167
104	175	0.982276
104	176	0.983959
104	177	1.00349
104	178	0.975494
104	179	0.976906
104	180	0.995425
105	70	0.94849
105	71	1.76548
105	112	1.05221
105	127	0.702838
105	132	0.885427
105	140	0.984259
105	141	0.989665
105	145	0.97602
105	157	0.940751
105	160	0.92887
105	161	0.901348
105	163	0.953887
105	164	0.930321
105	165	0.931056
105	171	0.861413
105	172	0.900864
105	173	0.885375
105	175	0.889484
105	176	0.891167
105	177	0.910695
105	178	0.882702
105	179	0.884115
105	180	0.902633
106	31	0.772917
106	33	1.3313
106	91	0.9595
106	110	0.841307
106	129	0.179733
106	148	0.968163
106	158	1.03031
106	160	0.998649
106	161	0.971127
106	162	1.04301
106	166	1.01197
106	167	1.0272
106	168	0.943783
106	171	0.931192
106	172	0.970643
106	173	0.955154
106	174	0.924904
106	175	0.959263
106	177	0.980474
106	178	0.952481
106	179	0.953894
106	180	0.972412
107	4	1.04525
107	60	0.9773
107	82	0.988463
107	89	0.909373
107	96	0.964846
107	99	0.953797
107	102	1.00802
107	108	0.990833
107	109	0.92888
107	112	0.977245
107	115	0.959411
107	122	0.977736
107	126	0.969
107	127	0.969174
107	128	0.978325
107	129	0.959906
107	131	0.96792
107	139	0.991527
107	149	1.01165
107	153	1.55985
107	164	1.57763
107	169	0.866085
107	173	2.87153
108	2	0.982378
108	4	1.1038
108	30	0.968698
108	32	0.974764
108	65	1.00428
108	72	0.993683
108	75	1.05534
108	76	1.05554
108	78	1.05579
108	82	1.04701
108	100	1.06028
108	107	0.990833
108	110	1.03908
108	112	1.03579
108	122	1.03629
108	126	1.02755
108	127	1.02772
108	141	1.10468
108	162	0.850228
108	165	1.24371
108	167	1.01411
108	169	0.924634
108	171	4.1134
109	4	1.04185
109	10	0.932143
109	58	0.968711
109	82	0.985061
109	87	0.912778
109	89	0.90597
109	97	0.95586
109	99	0.950394
109	102	1.00462
109	107	0.92888
109	110	0.977129
109	112	0.973842
109	114	2.0508
109	115	0.956008
109	122	0.974333
109	126	0.965598
109	127	0.965771
109	128	0.974923
109	129	0.956503
109	134	1.90751
109	139	0.988124
109	154	1.61041
109	156	1.59598
109	169	0.862682
110	10	0.983795
110	28	1.00957
110	58	1.02036
110	60	1.02555
110	82	1.03671
110	87	0.96443
110	96	1.0131
110	97	1.00751
110	99	1.00205
110	102	1.05627
110	106	0.841307
110	108	1.03908
110	109	0.977129
110	112	1.02549
110	115	1.00766
110	122	1.02599
110	126	1.01725
110	127	1.01742
110	129	1.00816
110	139	1.03978
110	152	2.10657
110	155	1.22817
110	162	1.57409
110	169	0.914334
111	2	0.966187
111	14	1.07862
111	31	1.0505
111	41	1.03195
111	42	0.930932
111	55	1.01373
111	65	0.988093
111	66	0.993505
111	67	1.07239
111	72	0.977492
111	75	1.03915
111	76	1.03935
111	77	0.960319
111	78	1.0396
111	84	1.01737
111	86	1.01739
111	88	1.01749
111	101	1.29372
111	113	0.537294
111	125	0.97884
111	135	0.981953
111	166	1.03587
111	178	2.33191
111	179	2.15649
112	4	1.09021
112	10	0.980508
112	60	1.02226
112	82	1.03343
112	87	0.961143
112	94	0.292074
112	99	0.998759
112	102	1.05298
112	105	1.05221
112	107	0.977245
112	108	1.03579
112	109	0.973842
112	110	1.02549
112	115	1.00437
112	122	1.0227
112	126	1.01396
112	127	1.01414
112	128	1.02329
112	129	1.00487
112	139	1.03649
112	140	1.4869
112	156	1.15354
112	161	2.61
112	169	0.911047
113	18	1.02064
113	19	1.00172
113	35	1.33385
113	38	1.07892
113	47	1.05335
113	57	1.06163
113	59	0.925817
113	63	1.12045
113	64	1.03365
113	71	1.01688
113	72	1.18217
113	83	0.820866
113	95	0.964763
113	111	0.537294
113	123	1.0528
113	142	1.07173
113	157	1.00483
113	165	0.995134
113	168	0.938082
113	171	0.925491
113	175	0.953562
113	177	0.974773
113	178	0.94678
113	180	0.966711
114	55	1.3353
114	85	1.4139
114	93	0.969507
114	109	2.0508
114	132	0.877317
114	140	0.976149
114	149	0.979399
114	150	0.910993
114	152	0.946041
114	159	0.938526
114	160	0.92076
114	161	0.893239
114	164	0.922212
114	166	0.934078
114	167	0.949315
114	168	0.865895
114	172	0.892754
114	173	0.877265
114	175	0.881374
114	176	0.883057
114	177	0.902586
114	178	0.874593
114	179	0.876005
114	180	0.894523
115	4	1.07238
115	58	0.999242
115	60	1.00443
115	82	1.01559
115	87	0.943308
115	89	0.936501
115	93	1.32401
115	96	0.991974
115	97	0.986391
115	99	0.980925
115	102	1.03515
115	107	0.959411
115	109	0.956008
115	110	1.00766
115	112	1.00437
115	122	1.00486
115	124	1.18577
115	126	0.996128
115	127	0.996302
115	129	0.987034
115	131	0.995048
115	138	1.70913
115	139	1.01866
115	146	2.20178
115	165	1.58525
115	169	0.893213
116	11	1.08568
116	53	1.32648
116	56	0.490098
116	80	1.0428
116	81	1.36566
116	100	0.932089
116	103	1.01808
116	118	1.07385
116	140	1.03717
116	142	1.06057
116	148	0.951295
116	149	1.04042
116	150	0.972014
116	155	1.05483
116	162	1.02614
116	164	0.983232
116	166	0.995098
116	167	1.01034
116	168	0.926915
116	172	0.953775
116	174	0.908035
116	175	0.942395
116	177	0.963606
116	178	0.935613
116	179	0.937025
116	180	0.955544
117	7	1.06622
117	13	1.0567
117	18	0.952718
117	19	0.9338
117	29	0.93137
117	38	1.011
117	40	1.0089
117	43	0.993739
117	47	0.985428
117	57	0.993709
117	64	0.965727
117	68	1.05623
117	71	0.94896
117	73	1.00013
117	74	0.924343
117	81	0.981334
117	83	0.981272
117	85	0.981282
117	103	0.679358
117	123	0.984877
117	129	0.97387
117	132	0.881581
117	145	1.30427
117	150	2.21909
117	156	0.981593
117	160	1.81522
117	161	2.02936
118	13	0.585423
118	40	1.06347
118	48	1.97179
118	116	1.07385
118	120	0.0242735
118	135	0.370862
118	136	0.998589
118	149	1.04054
118	153	1.01662
118	154	1.02608
118	157	0.993785
118	158	1.01356
118	159	0.99967
118	162	1.02627
118	164	0.983355
118	165	0.98409
118	166	0.995221
118	168	0.927038
118	169	0.936928
118	172	0.953898
118	174	0.908159
118	175	0.942518
118	176	0.944201
118	177	0.963729
118	178	0.935736
118	179	0.937148
118	180	0.955667
119	24	2.38838
119	60	3.01162
119	90	0.884739
119	132	0.831357
119	136	0.891485
119	137	0.941091
119	141	0.935596
119	145	0.921951
119	148	0.844314
119	154	0.918974
119	159	0.892567
119	161	0.847279
119	163	0.899817
119	164	0.876252
119	166	0.888118
119	168	0.819935
119	170	0.859081
119	171	0.807344
119	172	0.846795
119	173	0.831306
119	174	0.801055
119	175	0.835414
119	176	0.837098
119	177	0.856626
119	178	0.828633
119	179	0.830045
119	180	0.848564
120	1	0.98834
120	3	1.09182
120	6	0.991278
120	15	1.08905
120	17	0.982461
120	24	1.05251
120	25	0.961931
120	34	1.06805
120	36	1.07457
120	37	0.955257
120	49	1.04893
120	53	1.00924
120	54	0.945539
120	61	1.02582
120	69	1.07811
120	80	0.0631175
120	118	0.0242735
120	125	0.992452
120	128	1.0343
120	131	1.02389
120	135	0.995565
120	139	1.0475
120	142	0.990253
120	151	0.978634
120	170	0.951313
120	171	3.71092
120	178	2.17474
120	180	1.29954
121	3	1.8608
121	69	1.79688
121	70	0.915582
121	84	1.94232
121	93	0.944708
121	137	0.962252
121	143	0.935961
121	146	0.898175
121	149	0.954601
121	152	0.921242
121	153	0.930673
121	155	0.969011
121	157	0.907843
121	160	0.895962
121	163	0.920979
121	164	0.897413
121	165	0.898148
121	166	0.909279
121	168	0.841096
121	171	0.828505
121	173	0.852467
121	174	0.822217
121	175	0.856576
121	176	0.858259
121	177	0.877787
121	178	0.849794
121	179	0.851206
121	180	0.869725
122	4	1.0907
122	10	0.980999
122	45	1.29916
122	58	1.01757
122	60	1.02275
122	80	1.10167
122	82	1.03392
122	87	0.961634
122	89	0.954826
122	96	1.0103
122	99	0.99925
122	102	1.05347
122	107	0.977736
122	108	1.03629
122	109	0.974333
122	110	1.02599
122	112	1.0227
122	115	1.00486
122	126	1.01445
122	127	1.01463
122	128	1.02378
122	129	1.00536
122	131	1.01337
122	139	1.03698
122	142	1.20769
122	157	1.50827
122	162	1.4863
122	164	1.58019
122	169	0.911538
123	5	0.956042
123	8	1.08181
123	14	1.07489
123	28	0.256686
123	29	0.956037
123	38	1.03567
123	42	0.927204
123	43	1.01841
123	47	1.01009
123	56	1.09628
123	57	1.01838
123	63	1.07719
123	64	0.990393
123	67	1.06866
123	71	0.973626
123	77	0.95659
123	84	1.01364
123	86	1.01366
123	88	1.01376
123	95	0.921506
123	113	1.0528
123	117	0.984877
123	125	0.975111
123	135	0.978224
123	144	1.1301
123	145	0.972507
123	162	0.821202
123	163	0.798404
123	174	5.45666
124	23	1.02613
124	25	2.3099
124	100	1.07821
124	103	0.966109
124	115	1.18577
124	136	0.946497
124	140	0.985201
124	142	1.0086
124	147	1.00012
124	152	0.955093
124	154	0.973986
124	157	0.941693
124	158	0.961473
124	160	0.929812
124	161	0.90229
124	162	0.974174
124	163	0.954829
124	166	0.943129
124	167	0.958367
124	171	0.862355
124	173	0.886317
124	174	0.856067
124	175	0.890426
124	176	0.892109
124	177	0.911638
124	178	0.883645
124	179	0.885057
124	180	0.903575
125	1	0.936566
125	5	0.92161
125	8	1.04738
125	21	0.941813
125	41	0.993789
125	49	0.997157
125	54	0.893766
125	61	0.974045
125	67	1.03423
125	69	1.02634
125	77	0.922157
125	84	0.979209
125	86	0.979226
125	88	0.979326
125	91	3.00391
125	92	0.893856
125	111	0.97884
125	120	0.992452
125	123	0.975111
125	128	0.982523
125	131	0.972118
125	135	0.943791
125	139	0.995725
125	151	0.92686
125	152	0.911457
125	162	0.98867
125	168	2.33752
125	170	0.899539
125	180	1.23077
126	4	1.08197
126	10	0.972263
126	58	1.00883
126	60	1.01402
126	82	1.02518
126	87	0.952898
126	89	0.94609
126	96	1.00156
126	97	0.99598
126	99	0.990515
126	102	1.04474
126	107	0.969
126	108	1.02755
126	109	0.965598
126	110	1.01725
126	112	1.01396
126	115	0.996128
126	122	1.01445
126	127	1.00589
126	128	1.01504
126	129	0.996623
126	131	1.00464
126	139	1.02824
126	147	0.811376
126	157	1.15774
126	163	1.11297
126	169	0.902802
126	170	1.49634
126	176	2.53242
126	179	2.68735
127	4	1.08214
127	10	0.972436
127	58	1.009
127	60	1.01419
127	82	1.02535
127	87	0.953071
127	89	0.946263
127	96	1.00174
127	97	0.996154
127	98	0.608696
127	99	0.990688
127	102	1.04491
127	105	0.702838
127	107	0.969174
127	108	1.02772
127	109	0.965771
127	110	1.01742
127	112	1.01414
127	115	0.996302
127	122	1.01463
127	126	1.00589
127	128	1.01522
127	129	0.996797
127	131	1.00481
127	139	1.02842
127	151	1.59492
127	153	1.46036
127	162	1.38424
127	169	0.902975
127	173	2.77204
128	1	0.97841
128	10	0.981588
128	21	0.983657
128	44	1.06416
128	54	0.93561
128	58	1.01816
128	61	1.01589
128	69	1.06818
128	87	0.962223
128	97	1.00531
128	102	1.05406
128	107	0.978325
128	109	0.974923
128	112	1.02329
128	120	1.0343
128	122	1.02378
128	125	0.982523
128	126	1.01504
128	127	1.01522
128	131	1.01396
128	139	1.03757
128	148	2.48338
128	151	0.968705
128	155	0.740954
128	158	1.14342
128	165	1.48036
128	169	0.912127
128	170	0.941384
128	175	2.26544
128	177	1.85404
129	20	1.07872
129	40	1.02256
129	59	0.983887
129	68	1.06989
129	73	1.01379
129	74	0.938002
129	79	0.547733
129	81	0.994993
129	82	1.01609
129	83	0.994932
129	85	0.994941
129	92	1.45831
129	97	0.986886
129	100	1.02936
129	106	0.179733
129	107	0.959906
129	109	0.956503
129	110	1.00816
129	112	1.00487
129	115	0.987034
129	117	0.97387
129	122	1.00536
129	126	0.996623
129	127	0.996797
129	131	0.995543
129	132	0.89524
129	134	0.762584
129	141	1.16697
129	156	0.995253
129	169	0.893708
129	171	4.17569
130	17	3.2164
130	20	2.5836
130	45	0.941235
130	89	0.857522
130	137	0.9255
130	138	0.879635
130	146	0.861422
130	147	0.929518
130	150	0.849443
130	152	0.88449
130	157	0.87109
130	158	0.89087
130	159	0.876976
130	160	0.859209
130	162	0.903572
130	163	0.884226
130	164	0.860661
130	165	0.861396
130	166	0.872527
130	168	0.804344
130	171	0.791753
130	172	0.831204
130	174	0.785464
130	175	0.819823
130	176	0.821507
130	177	0.841035
130	178	0.813042
130	179	0.814454
130	180	0.832973
131	1	0.968005
131	21	0.973252
131	44	1.05375
131	49	1.0286
131	54	0.925205
131	58	1.00775
131	61	1.00548
131	69	1.05778
131	82	1.0241
131	87	0.951818
131	97	0.9949
131	99	0.989434
131	107	0.96792
131	115	0.995048
131	120	1.02389
131	122	1.01337
131	125	0.972118
131	126	1.00464
131	127	1.00481
131	128	1.01396
131	129	0.995543
131	137	0.911884
131	139	1.02716
131	141	1.64802
131	144	1.70246
131	147	1.06917
131	151	0.9583
131	161	2.26995
131	169	0.901722
131	170	0.930979
131	175	2.57214
132	7	0.987588
132	20	0.986427
132	24	1.65622
132	38	2.48263
132	40	0.930274
132	59	0.891598
132	68	0.977598
132	69	2.46115
132	73	0.921497
132	74	0.845713
132	81	0.902705
132	83	0.902643
132	85	0.902653
132	100	0.937067
132	105	0.885427
132	114	0.877317
132	117	0.881581
132	119	0.831357
132	129	0.89524
132	146	0.848607
132	147	0.916703
132	152	0.871675
132	155	0.919444
132	156	0.902964
132	159	0.864161
132	160	0.846394
132	172	0.818389
132	174	0.772649
132	176	0.808692
132	177	0.82822
132	178	0.800227
132	179	0.801639
132	180	0.820157
133	16	0.832727
133	26	2.07301
133	72	1.88987
133	78	1.40439
133	103	0.956405
133	134	1.01213
133	146	0.922321
133	147	0.990416
133	148	0.889622
133	153	0.95482
133	156	0.976677
133	157	0.931989
133	158	0.951769
133	160	0.920108
133	161	0.892586
133	163	0.945125
133	164	0.921559
133	165	0.922294
133	166	0.933425
133	167	0.948663
133	168	0.865242
133	169	0.875132
133	170	0.904389
133	173	0.876613
133	174	0.846363
133	175	0.880722
133	176	0.882405
133	177	0.901934
133	178	0.873941
133	179	0.875353
133	180	0.893871
134	3	0.785515
134	41	0.671146
134	57	1.11455
134	64	1.35869
134	101	0.976878
134	103	1.01816
134	109	1.90751
134	129	0.762584
134	133	1.01213
134	143	1.02186
134	149	1.0405
134	155	1.05491
134	158	1.01352
134	159	0.999626
134	160	0.98186
134	161	0.954338
134	163	1.00688
134	164	0.983311
134	165	0.984046
134	166	0.995177
134	167	1.01041
134	168	0.926994
134	170	0.966141
134	171	0.914403
134	172	0.953854
134	173	0.938365
134	174	0.908115
134	175	0.942474
134	176	0.944157
134	177	0.963685
134	178	0.935692
134	179	0.937104
134	180	0.955623
135	3	1.04316
135	5	0.924723
135	6	0.942617
135	8	1.05049
135	14	1.04357
135	15	1.04039
135	17	0.9338
135	24	1.00385
135	25	0.91327
135	34	1.01939
135	36	1.02591
135	37	0.906596
135	41	0.996902
135	42	0.895884
135	46	0.98121
135	51	0.983825
135	53	0.960579
135	56	1.06496
135	77	0.92527
135	84	0.982322
135	86	0.982339
135	88	0.982438
135	92	0.896969
135	111	0.981953
135	118	0.370862
135	120	0.995565
135	123	0.978224
135	125	0.943791
135	136	1.9341
135	157	1.44437
135	167	1.06418
135	169	2.65097
135	177	2.18956
136	20	0.712554
136	34	1.984
136	58	2.16934
136	93	0.955269
136	101	0.901541
136	118	0.998589
136	119	0.891485
136	124	0.946497
136	135	1.9341
136	142	0.985308
136	148	0.876036
136	150	0.896756
136	152	0.931803
136	153	0.941234
136	155	0.979572
136	160	0.906523
136	162	0.950885
136	163	0.931539
136	164	0.907974
136	165	0.908709
136	166	0.91984
136	167	0.935078
136	168	0.851657
136	170	0.890804
136	171	0.839066
136	172	0.878517
136	173	0.863028
136	174	0.832777
136	175	0.867136
136	176	0.86882
136	177	0.888348
136	178	0.860355
136	179	0.861767
136	180	0.880286
137	46	1.08135
137	54	1.31732
137	61	1.15646
137	79	1.03511
137	81	1.52529
137	99	1.20769
137	119	0.941091
137	121	0.962252
137	130	0.9255
137	131	0.911884
137	140	1.01152
137	144	0.973718
137	147	1.02644
137	149	1.01477
137	150	0.946361
137	153	0.99084
137	155	1.02918
137	156	1.0127
137	159	0.973894
137	160	0.956128
137	161	0.928606
137	162	1.00049
137	163	0.981145
137	164	0.957579
137	166	0.969445
137	167	0.984683
137	171	0.888671
137	172	0.928122
137	173	0.912633
137	174	0.882383
137	175	0.916742
137	176	0.918425
137	177	0.937953
137	178	0.90996
137	179	0.911373
137	180	0.929891
138	43	2.16453
138	76	0.996518
138	86	1.72982
138	115	1.70913
138	130	0.879635
138	144	0.927853
138	145	0.957413
138	146	0.912476
138	147	0.980571
138	148	0.879777
138	149	0.968902
138	152	0.935543
138	154	0.954437
138	155	0.983313
138	156	0.966832
138	157	0.922144
138	158	0.941924
138	160	0.910263
138	163	0.93528
138	165	0.912449
138	166	0.92358
138	167	0.938818
138	168	0.855397
138	171	0.842806
138	172	0.882257
138	173	0.866768
138	174	0.836518
138	175	0.870877
138	176	0.87256
138	177	0.892088
138	178	0.864095
138	179	0.865508
138	180	0.884026
139	1	0.991612
139	21	0.996859
139	44	1.07736
139	49	1.0522
139	54	0.948812
139	61	1.02909
139	69	1.08138
139	87	0.975425
139	97	1.01851
139	99	1.01304
139	101	1.4863
139	102	1.06726
139	103	0.32388
139	104	0.456512
139	107	0.991527
139	109	0.988124
139	110	1.03978
139	112	1.03649
139	115	1.01866
139	120	1.0475
139	122	1.03698
139	125	0.995725
139	126	1.02824
139	127	1.02842
139	128	1.03757
139	131	1.02716
139	151	0.981907
139	166	1.22844
139	169	0.925329
139	170	0.954585
139	177	1.56466
139	178	2.52449
139	179	2.34907
140	39	1.02017
140	53	1.72108
140	64	1.38051
140	77	0.956907
140	84	0.888858
140	86	0.965746
140	105	0.984259
140	112	1.4869
