1	10	0.832258
1	56	0.835844
1	63	0.827354
1	67	0.819735
1	71	0.819219
1	74	3.1506
1	79	0.868013
1	101	0.836346
1	130	0.852288
1	138	0.86963
1	140	0.857225
1	149	1.61243
2	23	0.824019
2	38	0.802958
2	56	0.832887
2	63	0.824397
2	65	0.81256
2	72	0.878045
2	130	0.849331
2	138	0.866673
2	140	0.854269
2	161	0.863449
2	165	2.3376
2	173	2.37923
3	91	1.73784
3	122	0.945126
3	132	0.933034
3	133	0.935209
3	139	0.947436
3	143	0.931262
3	149	1.28594
3	150	0.960529
3	156	0.881887
3	157	2.13973
3	161	0.962067
3	179	0.888498
4	111	0.741589
4	155	0.68185
4	159	0.719564
4	165	0.73244
4	166	0.718946
4	167	0.688623
4	172	0.718958
4	174	0.702237
4	175	0.663956
4	176	0.667194
4	178	0.665947
4	180	0.688519
5	42	0.836822
5	62	0.872316
5	81	0.835895
5	87	0.826205
5	90	0.833266
5	105	0.833368
5	112	0.844169
5	120	0.834781
5	129	0.822139
5	131	1.70501
5	141	0.843554
5	170	3.02793
6	30	1.74026
6	159	0.867552
6	160	0.912004
6	161	0.819958
6	162	0.839311
6	164	0.818198
6	169	0.855265
6	175	0.811944
6	176	0.815182
6	177	0.820949
6	178	0.813935
6	180	0.836507
7	56	0.920521
7	59	0.983445
7	63	0.91203
7	65	0.900193
7	67	0.904412
7	111	1.43652
7	130	0.936964
7	138	0.954306
7	140	0.941902
7	152	1.47149
7	161	0.951082
7	177	2.46657
8	102	1.63479
8	141	1.03309
8	162	0.83638
8	163	0.85981
8	167	0.83368
8	169	0.852334
8	170	0.836865
8	171	0.844246
8	172	0.864015
8	176	0.812251
8	177	0.818018
8	180	0.833575
9	10	0.802489
9	18	0.871778
9	30	0.854581
9	59	0.868999
9	79	0.838243
9	124	0.846376
9	130	0.822518
9	138	0.83986
9	140	0.827456
9	148	1.99741
9	161	0.836636
9	166	2.66335
10	1	0.832258
10	9	0.802489
10	23	0.820613
10	49	0.862277
10	63	0.82099
10	72	0.874639
10	98	2.54451
10	101	0.829982
10	130	0.845924
10	138	0.863266
10	140	0.850862
10	144	2.04664
11	22	0.881515
11	37	0.851818
11	78	0.851864
11	84	0.840824
11	93	0.826941
11	97	0.817027
11	99	0.861025
11	110	0.823032
11	117	0.84561
11	148	0.822863
11	159	2.40722
11	169	2.32072
12	41	0.780678
12	61	0.88843
12	76	0.84327
12	81	0.845947
12	87	0.836257
12	90	0.843318
12	120	0.844833
12	123	2.15024
12	125	0.829866
12	129	0.832191
12	141	0.853606
12	179	2.51796
13	17	0.799859
13	28	0.809091
13	53	1.755
13	58	0.898228
13	84	0.856715
13	95	2.51982
13	97	0.832918
13	99	0.876916
13	110	0.838923
13	117	0.861502
13	151	0.860205
13	154	0.794607
14	57	0.814399
14	82	0.83829
14	84	0.834806
14	97	0.811009
14	99	0.855007
14	106	0.864686
14	110	0.817014
14	117	0.839592
14	148	0.816845
14	151	0.838296
14	154	0.772697
14	168	2.15453
14	171	2.84645
15	43	0.658713
15	101	0.987841
15	143	0.503572
15	144	0.99061
15	149	0.998724
15	164	0.876425
15	169	0.913492
15	170	0.898024
15	174	0.908453
15	175	0.870172
15	176	0.87341
15	178	0.872162
15	180	0.894734
16	29	0.777115
16	39	0.859083
16	41	0.775557
16	62	0.877246
16	64	0.797948
16	70	0.857053
16	77	0.835097
16	90	0.838196
16	105	0.838299
16	124	2.19927
16	129	0.827069
16	141	0.848485
16	152	2.85589
17	13	0.799859
17	22	0.865904
17	24	0.859557
17	47	2.05416
17	60	0.869248
17	82	0.828696
17	93	0.811329
17	99	0.845413
17	102	0.850756
17	110	0.80742
17	116	2.67125
17	117	0.829999
17	154	0.763104
18	9	0.871778
18	40	0.932424
18	43	0.925986
18	65	0.878443
18	67	0.882662
18	116	0.912083
18	118	1.69629
18	130	0.915214
18	138	0.932556
18	140	0.920152
18	161	0.929332
18	169	2.03353
18	172	1.89636
19	129	2.66627
19	164	0.750706
19	165	0.812936
19	167	0.769119
19	170	0.772304
19	173	0.806224
19	176	0.74769
19	177	0.753457
19	178	0.746443
19	179	0.766981
19	180	0.769015
20	24	0.655301
20	48	1.22699
20	108	0.998754
20	133	0.295052
20	155	0.89579
20	158	0.895779
20	166	0.932886
20	167	0.902563
20	171	0.913129
20	176	0.881134
20	177	0.886901
20	178	0.879887
20	180	0.902459
21	59	0.584619
21	79	1.05574
21	82	0.841876
21	149	0.999386
21	169	0.914155
21	170	0.898686
21	172	0.925836
21	173	0.932606
21	174	0.909115
21	175	0.870834
21	177	0.879839
21	178	0.872825
21	180	0.895397
22	11	0.881515
22	17	0.865904
22	57	0.902353
22	69	0.687705
22	78	0.9338
22	84	0.92276
22	93	0.908877
22	99	0.942961
22	110	0.904968
22	117	0.927547
22	151	0.92625
22	156	2.17811
22	178	2.70767
23	2	0.824019
23	10	0.820613
23	25	1.98288
23	65	0.80387
23	67	0.808089
23	71	0.807573
23	72	0.869356
23	101	0.8247
23	138	0.857984
23	140	0.845579
23	155	0.776557
23	161	0.85476
23	162	3.07746
24	17	0.859557
24	20	0.655301
24	78	0.927454
24	82	0.919898
24	93	0.902531
24	97	0.892617
24	99	0.936615
24	106	0.946294
24	110	0.898622
24	117	0.9212
24	148	0.898453
24	172	2.18984
24	173	2.19302
25	23	1.98288
25	65	1.29674
25	128	0.868829
25	146	0.850312
25	163	0.830585
25	166	0.834778
25	169	0.823109
25	170	0.80764
25	172	0.83479
25	173	0.84156
25	174	0.818069
25	178	0.781779
25	180	0.804351
26	102	0.947207
26	119	0.922694
26	126	1.31127
26	132	0.898691
26	133	0.900866
26	134	0.903034
26	137	0.924646
26	143	0.896919
26	147	0.918511
26	150	0.926186
26	168	1.79394
26	172	2.39883
26	179	0.854155
27	74	0.7645
27	135	0.824283
27	142	0.786352
27	143	3.34305
27	152	0.765668
27	165	0.780235
27	168	0.801544
27	173	0.773522
27	175	0.711751
27	176	0.714989
27	177	0.720755
27	178	0.713741
27	180	0.736313
28	13	0.809091
28	78	0.845485
28	82	0.837929
28	93	0.820562
28	97	0.810648
28	99	0.854646
28	102	0.859989
28	110	0.816653
28	117	0.839232
28	131	2.07621
28	151	0.837935
28	154	0.772337
28	174	2.90307
29	16	0.777115
29	47	1.41853
29	58	0.864247
29	61	0.869592
29	76	0.824432
29	81	0.827109
29	87	0.817419
29	96	0.811913
29	107	0.839439
29	120	0.825996
29	129	0.813353
29	141	0.834769
29	159	3.45706
30	6	1.74026
30	9	0.854581
30	49	0.914369
30	56	0.881573
30	65	0.861245
30	71	0.864948
30	79	0.913741
30	98	1.8381
30	101	0.882074
30	130	0.898016
30	138	0.915358
30	140	0.902954
30	151	1.6219
30	161	0.912134
31	80	0.825035
31	113	0.61851
31	146	0.922396
31	147	1.00023
31	159	0.90748
31	164	0.858126
31	165	0.920357
31	167	0.876539
31	172	0.906874
31	173	0.913644
31	174	0.890153
31	176	0.855111
31	177	0.860877
31	180	0.876435
32	41	0.836533
32	42	0.902728
32	55	0.873023
32	77	0.896073
32	90	0.899172
32	105	0.899275
32	112	0.910075
32	120	0.900688
32	125	0.88572
32	127	1.5601
32	129	0.888045
32	136	1.79699
32	141	0.909461
32	167	2.45139
33	38	0.855994
33	40	0.919576
33	56	0.885923
33	65	0.865595
33	101	0.886425
33	116	0.899236
33	130	0.902367
33	138	0.919709
33	140	0.907304
33	153	2.04464
33	155	0.838282
33	157	1.69121
33	161	0.916485
33	179	2.13597
34	61	0.871776
34	63	0.791926
34	64	0.786417
34	67	0.784308
34	72	0.845575
34	96	0.814097
34	112	0.837567
34	120	0.82818
34	138	0.834203
34	140	0.821798
34	141	0.836953
34	155	0.752776
34	156	3.4554
34	160	1.85011
35	111	2.11834
35	118	1.82914
35	122	0.898655
35	132	0.886562
35	133	0.888737
35	134	0.890905
35	137	0.912517
35	143	0.88479
35	147	0.906382
35	150	0.914057
35	156	0.835415
35	160	0.919558
35	173	2.0324
35	179	0.842027
36	41	0.831799
36	55	0.868289
36	61	0.93955
36	70	0.913294
36	77	0.891339
36	83	3.01175
36	87	0.887377
36	90	0.894438
36	112	0.905341
36	120	0.895953
36	124	1.21022
36	129	0.883311
36	141	0.904726
36	165	1.70431
37	11	0.851818
37	57	0.872656
37	60	0.937099
37	82	0.896547
37	97	0.869266
37	99	0.913264
37	106	0.922944
37	110	0.875271
37	117	0.89785
37	148	0.875103
37	151	0.896553
37	163	2.05535
37	171	1.95771
37	173	1.87387
38	2	0.802958
38	33	0.855994
38	43	0.830353
38	49	0.835934
38	63	0.794647
38	67	0.787028
38	71	0.786512
38	101	0.803639
38	106	2.62204
38	130	0.819581
38	138	0.836923
38	140	0.824519
38	160	2.69449
38	161	0.833699
39	16	0.859083
39	44	0.894283
39	55	0.880299
39	64	0.8662
39	68	0.861561
39	76	0.906401
39	81	0.909077
39	105	0.906551
39	106	0.827794
39	112	0.917351
39	129	0.895321
39	141	0.916737
39	178	3.0351
39	180	2.03711
40	18	0.932424
40	33	0.919576
40	59	0.929645
40	71	0.850095
40	79	0.898888
40	89	2.93359
40	101	0.867221
40	127	1.01131
40	130	0.883163
40	138	0.900506
40	140	0.888101
40	155	0.819079
40	161	0.897281
40	170	2.06689
41	12	0.780678
41	16	0.775557
41	32	0.836533
41	36	0.831799
41	44	0.810757
41	62	0.861972
41	64	0.782674
41	81	0.825551
41	90	0.822922
41	120	0.824438
41	129	0.811795
41	141	0.833211
41	148	2.12265
41	171	3.12425
42	5	0.836822
42	32	0.902728
42	52	2.25379
42	61	0.93423
42	62	0.928167
42	76	0.88907
42	96	0.876551
42	105	0.88922
42	120	0.890633
42	125	0.875666
42	129	0.877991
42	141	0.899406
42	168	1.27745
42	179	2.26938
43	15	0.658713
43	18	0.925986
43	38	0.830353
43	59	0.923207
43	67	0.844173
43	71	0.843657
43	72	0.90544
43	101	0.860783
43	130	0.876725
43	138	0.894067
43	140	0.881663
43	155	0.81264
43	161	0.890843
43	164	3.04962
43	169	1.91012
44	39	0.894283
44	41	0.810757
44	58	0.913163
44	70	0.892253
44	81	0.876025
44	87	0.866335
44	90	0.873396
44	96	0.860829
44	112	0.884299
44	120	0.874912
44	129	0.862269
44	141	0.883685
44	145	3.70972
44	157	1.61053
44	160	0.876374
45	54	1.37503
45	102	1.30279
45	113	0.358332
45	145	0.849502
45	153	0.894668
45	163	0.895706
45	166	0.899899
45	167	0.869576
45	168	0.934703
45	169	0.88823
45	175	0.84491
45	176	0.848148
45	177	0.853914
45	178	0.8469
45	180	0.869472
46	51	1.26485
46	54	0.870746
46	75	0.901306
46	114	0.89811
46	122	0.87317
46	134	0.86542
46	137	0.887032
46	139	0.87548
46	143	0.859305
46	147	0.880897
46	150	0.888572
46	152	2.30965
46	161	0.89011
46	179	0.816542
46	180	2.53054
47	17	2.05416
47	29	1.41853
47	131	0.943836
47	138	0.499398
47	158	0.857624
47	163	0.890538
47	169	0.883062
47	170	0.867593
47	172	0.894743
47	173	0.901513
47	175	0.839741
47	177	0.848746
47	178	0.841732
47	179	0.86227
47	180	0.864304
48	20	1.22699
48	50	0.875874
48	88	0.886731
48	119	0.88433
48	134	0.864669
48	137	0.886281
48	139	0.874729
48	143	0.858555
48	147	0.880146
48	149	1.85001
48	150	0.887822
48	160	0.893322
48	161	0.889359
48	166	2.51288
48	179	0.815791
49	10	0.862277
49	30	0.914369
49	38	0.835934
49	59	0.928788
49	63	0.857372
49	67	0.849754
49	101	0.866365
49	116	0.879176
49	138	0.899649
49	140	0.887244
49	154	2.80645
49	155	0.818222
49	161	0.896424
49	168	1.18733
49	179	2.17926
50	48	0.875874
50	94	0.911931
50	103	0.881118
50	113	0.889139
50	114	0.888704
50	115	0.89366
50	132	0.851671
50	136	1.36461
50	137	0.877626
50	147	0.871491
50	150	0.879166
50	160	0.884667
50	166	1.38115
50	175	3.42174
50	179	0.807136
51	46	1.26485
51	122	1.30678
51	141	0.934766
51	145	0.844606
51	157	0.912135
51	163	0.890811
51	165	0.908499
51	166	0.895004
51	170	0.867867
51	173	0.901786
51	174	0.878295
51	175	0.840015
51	177	0.849019
51	178	0.842005
51	180	0.864577
52	42	2.25379
52	106	0.878232
52	123	0.812137
52	143	1.98925
52	157	0.830436
52	164	0.764569
52	166	0.813305
52	169	0.801636
52	171	0.793548
52	172	0.813317
52	173	0.820087
52	174	0.796596
52	175	0.758316
52	177	0.76732
52	178	0.760306
52	180	0.782878
53	13	1.755
53	68	1.33417
53	77	0.68936
53	140	0.206754
53	146	0.962231
53	152	0.945625
53	159	0.947315
53	166	0.946697
53	168	0.9815
53	169	0.935028
53	170	0.919559
53	172	0.946709
53	176	0.894945
53	177	0.900712
53	178	0.893698
53	180	0.916269
54	45	1.37503
54	46	0.870746
54	88	0.872198
54	113	0.883262
54	114	0.882826
54	116	1.33167
54	119	0.869797
54	122	0.857886
54	134	0.850136
54	137	0.871748
54	139	0.860196
54	143	0.844021
54	147	0.865613
54	150	0.873288
54	162	3.04131
54	179	0.801258
55	32	0.873023
55	36	0.868289
55	39	0.880299
55	61	0.904524
55	64	0.819165
55	68	0.814525
55	70	0.878269
55	76	0.859365
55	81	0.862041
55	112	0.870315
55	120	0.860928
55	125	0.84596
55	128	1.5493
55	141	0.869701
55	167	2.55295
55	174	2.22117
56	1	0.835844
56	2	0.832887
56	7	0.920521
56	30	0.881573
56	33	0.885923
56	59	0.895991
56	65	0.812739
56	69	1.63621
56	71	0.816441
56	79	0.865235
56	124	0.873368
56	130	0.84951
56	138	0.866852
56	140	0.854448
56	163	2.49787
56	172	2.31321
57	14	0.814399
57	22	0.902353
57	37	0.872656
57	60	0.905698
57	78	0.872702
57	82	0.865146
57	84	0.861662
57	106	0.891542
57	110	0.84387
57	117	0.866448
57	131	1.77888
57	148	0.843701
57	151	0.865152
57	154	0.799553
57	160	1.75643
57	180	2.89329
58	13	0.898228
58	29	0.864247
58	44	0.913163
58	60	0.967617
58	82	0.927066
58	87	0.918267
58	97	0.899785
58	105	0.925431
58	107	0.940287
58	111	1.83832
58	117	0.928368
58	131	0.979765
58	141	0.935617
58	148	0.905621
58	154	0.861473
58	162	2.26108
58	170	2.30268
59	7	0.983445
59	9	0.868999
59	21	0.584619
59	40	0.929645
59	43	0.923207
59	49	0.928788
59	56	0.895991
59	65	0.875664
59	72	0.941149
59	130	0.912435
59	138	0.929777
59	140	0.917373
59	142	1.82919
59	155	0.84835
59	157	1.96403
59	161	0.926553
59	180	2.36673
60	17	0.869248
60	37	0.937099
60	57	0.905698
60	58	0.967617
60	78	0.937145
60	84	0.926104
60	93	0.912222
60	95	1.25107
60	97	0.902307
60	110	0.908312
60	117	0.930891
60	126	1.70933
60	128	2.18245
60	144	1.86951
60	148	0.908144
60	151	0.929595
60	154	0.863996
61	12	0.88843
61	29	0.869592
61	34	0.871776
61	36	0.93955
61	42	0.93423
61	55	0.904524
61	64	0.890425
61	76	0.930626
61	77	0.927575
61	90	0.930673
61	107	0.945632
61	121	1.91505
61	127	1.72465
61	129	0.919546
61	141	0.940962
61	146	2.14898
61	160	1.43485
62	5	0.872316
62	16	0.877246
62	41	0.861972
62	42	0.928167
62	70	0.943468
62	77	0.921512
62	81	0.92724
62	96	0.912044
62	98	1.91739
62	105	0.924714
62	112	0.935514
62	120	0.926127
62	126	1.25934
62	129	0.913484
62	141	0.9349
62	160	1.55502
62	171	2.43393
63	1	0.827354
63	2	0.824397
63	7	0.91203
63	10	0.82099
63	34	0.791926
63	38	0.794647
63	49	0.857372
63	72	0.869734
63	79	0.856745
63	116	0.837889
63	124	0.864878
63	130	0.841019
63	138	0.858362
63	140	0.845957
63	144	1.89745
63	155	0.776935
63	168	2.21994
63	174	2.88227
64	16	0.797948
64	34	0.786417
64	39	0.8662
64	41	0.782674
64	55	0.819165
64	61	0.890425
64	70	0.86417
64	77	0.842215
64	81	0.847942
64	90	0.845314
64	96	0.832746
64	105	0.845416
64	112	0.856216
64	116	1.33542
64	120	0.846829
64	141	0.855602
64	160	1.74129
64	164	3.80985
65	2	0.81256
65	7	0.900193
65	18	0.878443
65	23	0.80387
65	25	1.29674
65	30	0.861245
65	33	0.865595
65	56	0.812739
65	59	0.875664
65	79	0.844907
65	101	0.81324
65	116	0.826051
65	138	0.846524
65	140	0.83412
65	153	2.17514
65	155	0.765098
65	161	0.8433
65	176	3.08919
66	81	2.13106
66	87	2.01595
66	118	0.857383
66	121	0.819497
66	148	0.827534
66	153	0.805216
66	162	0.782825
66	163	0.806255
66	167	0.780125
66	171	0.790691
66	172	0.81046
66	174	0.793739
66	175	0.755458
66	176	0.758696
66	177	0.764463
66	178	0.757448
66	180	0.78002
67	1	0.819735
67	7	0.904412
67	18	0.882662
67	23	0.808089
67	34	0.784308
67	38	0.787028
67	43	0.844173
67	49	0.849754
67	69	1.07467
67	72	0.862115
67	79	0.849126
67	101	0.817459
67	124	0.857259
67	130	0.833401
67	140	0.838339
67	161	0.847519
67	164	3.02835
67	176	2.96142
68	39	0.861561
68	53	1.33417
68	55	0.814525
68	103	0.845402
68	105	0.840777
68	112	0.851577
68	115	0.857944
68	119	0.839959
68	120	0.84219
68	129	0.829547
68	135	2.31137
68	137	0.84191
68	141	0.850963
68	147	0.835775
68	148	2.73022
68	150	0.843451
68	160	0.848951
68	179	0.77142
69	22	0.687705
69	56	1.63621
69	67	1.07467
69	81	1.54109
69	126	1.01498
69	153	0.910013
69	158	0.878137
69	162	0.887621
69	166	0.915244
69	167	0.884921
69	168	0.950047
69	170	0.888106
69	174	0.898535
69	176	0.863492
69	177	0.869259
69	178	0.862245
69	179	0.882783
69	180	0.884817
70	16	0.857053
70	36	0.913294
70	44	0.892253
70	55	0.878269
70	62	0.943468
70	64	0.86417
70	76	0.90437
70	77	0.901319
70	87	0.897357
70	105	0.904521
70	112	0.915321
70	118	1.11993
70	120	0.905934
70	129	0.893291
70	141	0.914707
70	154	2.33423
70	170	1.87349
70	177	2.43917
71	1	0.819219
71	23	0.807573
71	30	0.864948
71	38	0.786512
71	40	0.850095
71	43	0.843657
71	56	0.816441
71	79	0.84861
71	101	0.816943
71	116	0.829754
71	124	0.856743
71	130	0.832885
71	135	2.02618
71	138	0.850227
71	140	0.837823
71	148	2.44503
71	155	0.7688
71	161	0.847003
71	168	2.75472
72	2	0.878045
72	10	0.874639
72	23	0.869356
72	34	0.845575
72	43	0.90544
72	59	0.941149
72	63	0.869734
72	67	0.862115
72	79	0.910393
72	101	0.878726
72	106	1.12157
72	130	0.894668
72	138	0.91201
72	140	0.899606
72	155	0.830583
72	161	0.908786
72	170	2.5394
72	172	1.98591
72	180	2.33089
73	82	1.72149
73	85	0.827984
73	104	1.2332
73	135	0.906267
73	141	1.29795
73	142	0.868337
73	158	0.811617
73	159	0.849343
73	162	0.821102
73	163	0.844532
73	165	0.862219
73	169	0.837056
73	170	0.821587
73	171	0.828968
73	175	0.793735
73	176	0.796973
73	177	0.80274
73	178	0.795725
73	180	0.818297
74	1	3.1506
74	27	0.7645
74	129	1.61567
74	154	0.782674
74	158	0.772628
74	159	0.810354
74	163	0.805543
74	165	0.82323
74	166	0.809736
74	167	0.779413
74	169	0.798066
74	172	0.809748
74	173	0.816518
74	175	0.754746
74	176	0.757984
74	177	0.763751
74	178	0.756736
74	180	0.779308
75	46	0.901306
75	88	0.902757
75	100	0.87019
75	108	1.13062
75	114	0.913386
75	115	0.918341
75	119	0.900356
75	122	0.888445
75	132	0.876353
75	134	0.880695
75	137	0.902307
75	139	0.890755
75	150	0.903848
75	153	2.20272
75	156	0.825206
75	158	2.95647
75	161	0.905385
75	166	1.65838
75	179	0.831817
76	12	0.84327
76	29	0.824432
76	39	0.906401
76	42	0.88907
76	55	0.859365
76	61	0.930626
76	70	0.90437
76	77	0.882415
76	81	0.888143
76	105	0.885616
76	107	0.900473
76	112	0.896417
76	118	1.7934
76	120	0.887029
76	129	0.874387
76	141	0.895802
76	149	1.08195
76	166	1.74482
76	178	3.33644
77	16	0.835097
77	32	0.896073
77	36	0.891339
77	53	0.68936
77	61	0.927575
77	62	0.921512
77	64	0.842215
77	70	0.901319
77	76	0.882415
77	87	0.875402
77	90	0.882463
77	105	0.882565
77	112	0.893366
77	116	1.80224
77	120	0.883978
77	125	0.869011
77	135	1.66656
77	141	0.892751
77	165	2.96156
78	11	0.851864
78	22	0.9338
78	24	0.927454
78	28	0.845485
78	57	0.872702
78	60	0.937145
78	82	0.896593
78	84	0.893109
78	93	0.879226
78	97	0.869312
78	99	0.91331
78	110	0.875317
78	117	0.897895
78	148	0.875148
78	152	1.87171
78	154	0.831
78	159	1.97129
78	163	1.93228
78	167	2.13682
79	1	0.868013
79	9	0.838243
79	21	1.05574
79	30	0.913741
79	40	0.898888
79	56	0.865235
79	63	0.856745
79	65	0.844907
79	67	0.849126
79	71	0.84861
79	72	0.910393
79	124	0.905537
79	126	1.40532
79	130	0.881679
79	136	2.22769
79	138	0.899021
79	140	0.886616
79	155	0.817594
79	161	0.895797
79	179	2.87992
80	31	0.825035
80	83	2.98825
80	94	0.92354
80	104	0.892333
80	113	0.900748
80	119	0.887284
80	122	0.875373
80	125	0.874547
80	132	0.86328
80	133	0.865455
80	134	0.867623
80	139	0.877683
80	143	0.861508
80	147	0.8831
80	150	0.890775
80	156	0.812133
80	160	0.896276
80	169	1.85642
80	179	0.818745
80	180	2.06423
81	5	0.835895
81	12	0.845947
81	29	0.827109
81	39	0.909077
81	41	0.825551
81	44	0.876025
81	55	0.862041
81	62	0.92724
81	64	0.847942
81	66	2.13106
81	69	1.54109
81	76	0.888143
81	87	0.881129
81	105	0.888293
81	112	0.899093
81	120	0.889706
81	121	1.90641
81	129	0.877064
81	131	1.44866
81	141	0.898479
82	14	0.83829
82	17	0.828696
82	21	0.841876
82	24	0.919898
82	28	0.837929
82	37	0.896547
82	57	0.865146
82	58	0.927066
82	73	1.72149
82	78	0.896593
82	93	0.87167
82	97	0.861756
82	99	0.905753
82	109	1.79187
82	110	0.86776
82	117	0.890339
82	148	0.867592
82	151	0.889043
82	154	0.823444
82	167	2.66822
83	36	3.01175
83	80	2.98825
83	89	0.773324
83	136	0.823612
83	148	0.806804
83	153	0.784487
83	163	0.785525
83	165	0.803213
83	167	0.759395
83	168	0.824522
83	170	0.762581
83	171	0.769961
83	172	0.78973
83	173	0.7965
83	174	0.77301
83	175	0.734729
83	177	0.743733
83	178	0.736719
83	179	0.757257
83	180	0.759291
84	11	0.840824
84	13	0.856715
84	14	0.834806
84	22	0.92276
84	57	0.861662
84	60	0.926104
84	78	0.893109
84	93	0.868186
84	97	0.858271
84	99	0.902269
84	102	0.907612
84	110	0.864276
84	117	0.886855
84	148	0.864108
84	151	0.885559
84	154	0.81996
84	168	1.23465
84	173	1.84273
84	177	2.95872
84	179	2.22658
85	73	0.827984
85	93	2.37402
85	120	2.46344
85	126	0.890971
85	135	0.848777
85	145	0.740837
85	159	0.791853
85	162	0.763612
85	163	0.787042
85	164	0.742498
85	169	0.779566
85	171	0.771478
85	172	0.791247
85	174	0.774526
85	175	0.736245
85	176	0.739483
85	177	0.74525
85	178	0.738236
85	179	0.758773
85	180	0.760807
86	90	1.59329
86	108	0.897086
86	117	1.49136
86	141	1.34062
86	142	0.85083
86	149	0.90478
86	152	0.830146
86	159	0.831836
86	164	0.782481
86	168	0.866021
86	169	0.819549
86	170	0.80408
86	171	0.811461
86	172	0.83123
86	173	0.838
86	175	0.776228
86	176	0.779466
86	177	0.785233
86	178	0.778219
86	180	0.80079
87	5	0.826205
87	12	0.836257
87	29	0.817419
87	36	0.887377
87	44	0.866335
87	58	0.918267
87	66	2.01595
87	70	0.897357
87	77	0.875402
87	81	0.881129
87	105	0.878603
87	106	1.23864
87	107	0.893459
87	112	0.889403
87	120	0.880016
87	123	2.12229
87	125	0.865048
87	129	0.867373
87	141	0.888789
87	163	2.28764
88	48	0.886731
88	54	0.872198
88	75	0.902757
88	91	1.81715
88	104	0.891581
88	108	1.50036
88	113	0.899997
88	115	0.904517
88	122	0.874621
88	133	0.864704
88	134	0.866871
88	137	0.888483
88	139	0.876931
88	143	0.860756
88	147	0.882348
88	150	0.890024
88	153	2.57246
88	156	0.811382
88	165	2.23833
88	179	0.817993
89	40	2.93359
89	83	0.773324
89	94	2.45666
89	142	0.815193
89	153	0.79035
89	157	0.812712
89	158	0.758474
89	159	0.796199
89	162	0.767958
89	164	0.746845
89	167	0.765258
89	168	0.830385
89	169	0.783912
89	171	0.775825
89	172	0.795593
89	174	0.778873
89	175	0.740592
89	176	0.74383
89	178	0.742582
89	180	0.765154
90	5	0.833266
90	12	0.843318
90	16	0.838196
90	32	0.899172
90	36	0.894438
90	41	0.822922
90	44	0.873396
90	61	0.930673
90	64	0.845314
90	77	0.882463
90	86	1.59329
90	105	0.885664
90	112	0.896464
90	120	0.887077
90	124	1.57563
90	125	0.872109
90	129	0.874435
90	141	0.89585
90	160	1.31627
90	177	3.22733
91	3	1.73784
91	88	1.81715
91	116	0.859112
91	121	0.844304
91	126	0.93499
91	130	1.92129
91	145	0.784856
91	152	0.834182
91	158	0.798147
91	164	0.786518
91	167	0.804931
91	168	0.870058
91	169	0.823585
91	172	0.835266
91	173	0.842036
91	174	0.818545
91	175	0.780264
91	177	0.789269
91	178	0.782255
91	180	0.804827
92	136	0.777588
92	148	0.760779
92	149	0.817255
92	154	0.716631
92	158	0.706586
92	159	0.744311
92	160	0.788763
92	161	5.13871
92	162	0.71607
92	164	0.694957
92	165	0.757188
92	166	0.743693
92	168	0.778497
92	173	0.750475
92	174	0.726985
92	176	0.691942
92	177	0.697708
92	178	0.690694
92	180	0.713266
93	11	0.826941
93	17	0.811329
93	22	0.908877
93	24	0.902531
93	28	0.820562
93	60	0.912222
93	78	0.879226
93	82	0.87167
93	84	0.868186
93	85	2.37402
93	97	0.844389
93	99	0.888387
93	106	0.898067
93	110	0.850394
93	117	0.872972
93	142	1.43722
93	148	0.850225
93	151	0.871676
93	154	0.806078
93	156	2.44319
93	174	1.68722
94	50	0.911931
94	80	0.92354
94	89	2.45666
94	100	0.890221
94	103	0.92583
94	104	0.925436
94	132	0.896384
94	133	0.898559
94	134	0.900727
94	137	0.922339
94	139	0.910786
94	143	0.894612
94	147	0.916203
94	150	0.923879
94	156	0.845237
94	157	0.978735
94	160	0.92938
94	161	0.925416
94	162	1.54835
94	173	1.03965
94	175	2.8284
94	179	0.851848
95	13	2.51982
95	60	1.25107
95	115	0.43728
95	128	0.953898
95	147	0.348625
95	150	0.39962
95	157	0.936978
95	162	0.892224
95	163	0.915654
95	165	0.933341
95	166	0.919847
95	167	0.889524
95	168	0.95465
95	169	0.908177
95	170	0.892709
95	173	0.926629
95	174	0.903138
95	175	0.864857
95	176	0.868095
95	177	0.873862
95	178	0.866847
95	180	0.889419
96	29	0.811913
96	34	0.814097
96	42	0.876551
96	44	0.860829
96	62	0.912044
96	64	0.832746
96	100	0.842113
96	114	0.885309
96	122	0.860368
96	125	0.859542
96	129	0.861867
96	132	0.848276
96	133	0.850451
96	135	1.25678
96	141	0.883283
96	143	0.846504
96	147	0.868095
96	150	0.875771
96	151	1.9445
96	173	2.5934
96	179	0.80374
96	180	2.93519
97	11	0.817027
97	13	0.832918
97	14	0.811009
97	24	0.892617
97	28	0.810648
97	37	0.869266
97	58	0.899785
97	60	0.902307
97	78	0.869312
97	82	0.861756
97	84	0.858271
97	93	0.844389
97	99	0.878473
97	102	0.883815
97	110	0.84048
97	117	0.863058
97	149	1.45342
97	151	0.861762
97	154	0.796163
97	162	2.87683
97	166	2.1163
97	173	2.36813
98	10	2.54451
98	30	1.8381
98	62	1.91739
98	121	0.843793
98	145	0.784346
98	146	0.850277
98	153	0.829512
98	158	0.797636
98	162	0.80712
98	164	0.786007
98	165	0.848238
98	166	0.834743
98	168	0.869547
98	170	0.807606
98	171	0.814987
98	172	0.834755
98	174	0.818035
98	176	0.782992
98	177	0.788758
98	178	0.781744
98	180	0.804316
99	11	0.861025
99	13	0.876916
99	14	0.855007
99	17	0.845413
99	22	0.942961
99	24	0.936615
99	28	0.854646
99	37	0.913264
99	78	0.91331
99	82	0.905753
99	84	0.902269
99	93	0.888387
99	97	0.878473
99	106	0.93215
99	110	0.884477
99	117	0.907056
99	144	1.21815
99	148	0.884309
99	151	0.90576
99	156	2.95894
99	160	1.35365
99	168	1.54064
99	179	2.53257
100	75	0.87019
100	94	0.890221
100	96	0.842113
100	104	0.859014
100	113	0.867429
100	115	0.87195
100	119	0.853964
100	122	0.842054
100	133	0.832136
100	134	0.834304
100	137	0.855916
100	139	0.844363
100	143	0.828189
100	147	0.849781
100	149	1.47731
100	150	0.857456
100	156	0.778814
100	157	2.33111
100	160	0.862957
100	161	0.858994
100	167	2.77804
100	171	2.47586
100	179	0.785425
101	1	0.836346
101	10	0.829982
101	15	0.987841
101	23	0.8247
101	30	0.882074
101	33	0.886425
101	38	0.803639
101	40	0.867221
101	43	0.860783
101	49	0.866365
101	65	0.81324
101	67	0.817459
101	71	0.816943
101	72	0.878726
101	124	0.87387
101	130	0.850012
101	138	0.867354
101	140	0.854949
101	155	0.785927
101	161	0.86413
101	166	1.85343
101	176	3.31182
101	180	2.44705
102	8	1.63479
102	17	0.850756
102	26	0.947207
102	28	0.859989
102	45	1.30279
102	84	0.907612
102	97	0.883815
102	103	0.914087
102	104	0.913693
102	110	0.88982
102	113	0.922108
102	116	1.25943
102	117	0.912399
102	139	0.899043
102	143	0.882868
102	147	0.90446
102	148	0.889652
102	149	1.54566
102	150	0.912135
102	151	0.911103
102	154	0.845504
102	163	2.64185
102	179	0.840105
103	50	0.881118
103	68	0.845402
103	94	0.92583
103	102	0.914087
103	104	0.894623
103	113	0.903039
103	114	0.902604
103	115	0.907559
103	119	0.889574
103	124	1.13406
103	132	0.865571
103	133	0.867746
103	134	0.869913
103	137	0.891525
103	139	0.879973
103	143	0.863798
103	144	0.739209
103	147	0.88539
103	150	0.893066
103	161	0.894603
103	173	1.66978
103	175	3.45853
103	178	3.00956
103	179	0.821035
104	73	1.2332
104	80	0.892333
104	88	0.891581
104	94	0.925436
104	100	0.859014
104	102	0.913693
104	103	0.894623
104	109	1.30358
104	113	0.902645
104	119	0.88918
104	122	0.877269
104	125	0.876443
104	132	0.865177
104	134	0.869519
104	137	0.891131
104	139	0.879579
104	143	0.863405
104	147	0.884996
104	150	0.892672
104	154	2.80495
104	161	0.894209
104	169	1.9279
104	179	0.820641
104	180	2.1357
105	5	0.833368
105	16	0.838299
105	32	0.899275
105	39	0.906551
105	42	0.88922
105	58	0.925431
105	62	0.924714
105	64	0.845416
105	68	0.840777
105	70	0.904521
105	76	0.885616
105	77	0.882565
105	81	0.888293
105	87	0.878603
105	90	0.885664
105	108	1.17457
105	112	0.896567
105	120	0.88718
105	129	0.874537
105	141	0.895953
105	149	1.03945
105	155	2.65161
105	156	2.76437
105	180	2.29595
106	14	0.864686
106	24	0.946294
106	37	0.922944
106	38	2.62204
106	39	0.827794
106	52	0.878232
106	57	0.891542
106	72	1.12157
106	87	1.23864
106	93	0.898067
106	99	0.93215
106	110	0.894157
106	116	0.900761
106	117	0.916736
106	137	0.789772
106	146	0.892437
106	154	0.849841
106	158	0.839796
106	164	0.828167
106	168	0.911706
106	173	0.883685
106	174	0.860194
106	178	0.823904
106	180	0.846476
107	29	0.839439
107	58	0.940287
107	61	0.945632
107	76	0.900473
107	87	0.893459
107	112	0.911423
107	117	0.935885
107	119	0.909453
107	120	0.902036
107	125	0.887068
107	129	0.889394
107	130	1.31056
107	132	1.36924
107	141	0.910809
107	144	0.929176
107	161	0.276977
107	164	0.814991
107	168	0.898531
107	171	0.843971
107	172	0.86374
107	176	0.811976
107	177	0.817743
107	178	0.810728
107	179	0.831266
107	180	0.8333
108	20	0.998754
108	75	1.13062
108	86	0.897086
108	88	1.50036
108	105	1.17457
108	110	1.45113
108	136	0.911738
108	150	1.16903
108	151	0.91638
108	152	0.876771
108	157	0.894975
108	166	0.877844
108	167	0.847521
108	168	0.912647
108	169	0.866174
108	170	0.850706
108	171	0.858087
108	172	0.877856
108	173	0.884626
108	174	0.861135
108	175	0.822854
108	176	0.826092
108	177	0.831859
108	178	0.824844
108	180	0.847416
109	82	1.79187
109	104	1.30358
109	110	1.74039
109	123	0.842287
109	131	0.89256
109	135	0.900997
109	140	1.62625
109	144	0.908904
109	145	0.793057
109	158	0.806347
109	159	0.844073
109	162	0.815832
109	164	0.794718
109	165	0.856949
109	168	0.878258
109	169	0.831786
109	170	0.816317
109	172	0.843467
109	173	0.850237
109	174	0.826746
109	175	0.788465
109	176	0.791703
109	177	0.79747
109	178	0.790456
109	180	0.813027
110	11	0.823032
110	13	0.838923
110	14	0.817014
110	17	0.80742
110	22	0.904968
110	24	0.898622
110	28	0.816653
110	37	0.875271
110	57	0.84387
110	60	0.908312
110	78	0.875317
110	82	0.86776
110	84	0.864276
110	93	0.850394
110	97	0.84048
110	99	0.884477
110	102	0.88982
110	106	0.894157
110	108	1.45113
110	109	1.74039
110	117	0.869063
110	123	2.24684
110	124	1.695
110	148	0.846316
110	151	0.867767
110	154	0.802168
110	179	2.61457
111	4	0.741589
111	7	1.43652
111	35	2.11834
111	58	1.83832
111	121	0.843669
111	127	0.895238
111	134	2.14932
111	136	0.868513
111	145	0.784221
111	149	0.908181
111	151	0.873156
111	153	0.829388
111	163	0.830426
111	164	0.785883
111	165	0.848113
111	167	0.804296
111	169	0.82295
111	170	0.807481
111	171	0.814862
111	172	0.834631
111	173	0.841401
111	174	0.81791
111	175	0.779629
111	176	0.782867
111	177	0.788634
111	178	0.78162
111	180	0.804192
112	5	0.844169
112	32	0.910075
112	34	0.837567
112	36	0.905341
112	39	0.917351
112	44	0.884299
112	55	0.870315
112	62	0.935514
112	64	0.856216
112	68	0.851577
112	70	0.915321
112	76	0.896417
112	77	0.893366
112	81	0.899093
112	87	0.889403
112	90	0.896464
112	105	0.896567
112	107	0.911423
112	120	0.89798
112	124	1.48582
112	125	0.883012
112	126	0.930785
112	129	0.885337
112	141	0.906753
112	144	1.09096
112	145	4.0598
112	166	1.7697
112	180	2.36332
113	31	0.61851
113	45	0.358332
113	50	0.889139
113	54	0.883262
113	80	0.900748
113	88	0.899997
113	100	0.867429
113	102	0.922108
113	103	0.903039
113	104	0.902645
113	114	0.910625
113	115	0.915581
113	119	0.897596
113	122	0.885685
113	132	0.873592
113	133	0.875768
113	134	0.877935
113	137	0.899547
113	139	0.887995
113	143	0.87182
113	146	1.43497
113	147	0.893412
113	150	0.901088
113	155	2.21336
113	161	0.902625
113	175	3.30466
113	176	2.72247
113	179	0.829057
114	46	0.89811
114	50	0.888704
114	54	0.882826
114	75	0.913386
114	96	0.885309
114	103	0.902604
114	113	0.910625
114	115	0.915146
114	119	0.897161
114	121	2.15367
114	122	0.88525
114	125	0.884424
114	128	1.8509
114	132	0.873157
114	133	0.875332
114	134	0.8775
114	137	0.899112
114	139	0.88756
114	143	0.871385
114	144	1.53797
114	147	0.892977
114	149	1.55383
114	150	0.900652
114	151	1.81963
114	160	0.906153
114	161	0.90219
114	174	2.52278
114	179	0.828622
115	50	0.89366
115	68	0.857944
115	75	0.918341
115	88	0.904517
115	95	0.43728
115	100	0.87195
115	103	0.907559
115	113	0.915581
115	114	0.915146
115	119	0.902116
115	125	0.889379
115	127	1.48101
115	132	0.878113
115	133	0.880288
115	134	0.882456
115	137	0.904068
115	139	0.892515
115	143	0.876341
115	147	0.897932
115	150	0.905608
115	151	1.33738
115	156	0.826966
115	159	2.20677
115	160	0.911109
115	161	0.907145
115	162	2.49498
115	176	3.19285
115	179	0.833577
116	17	2.67125
116	18	0.912083
116	33	0.899236
116	49	0.879176
116	54	1.33167
116	63	0.837889
116	64	1.33542
116	65	0.826051
116	71	0.829754
116	77	1.80224
116	91	0.859112
116	102	1.25943
116	106	0.900761
116	121	0.844884
116	126	0.93557
116	130	0.862823
116	138	0.880165
116	140	0.867761
116	144	0.901283
116	155	0.798738
116	161	0.876941
116	163	0.831641
116	166	0.835834
116	169	0.824165
116	170	0.808696
116	175	0.780844
116	178	0.782835
116	180	0.805407
117	11	0.84561
117	13	0.861502
117	14	0.839592
117	17	0.829999
117	22	0.927547
117	24	0.9212
117	28	0.839232
117	37	0.89785
117	57	0.866448
117	58	0.928368
117	60	0.930891
117	78	0.897895
117	82	0.890339
117	84	0.886855
117	86	1.49136
117	93	0.872972
117	97	0.863058
117	99	0.907056
117	102	0.912399
117	106	0.916736
117	107	0.935885
117	110	0.869063
117	128	1.39178
117	146	1.92847
117	148	0.868895
117	151	0.890346
117	154	0.824747
117	165	1.96778
117	177	3.1254
118	18	1.69629
118	35	1.82914
118	66	0.857383
118	70	1.11993
118	76	1.7934
118	127	0.91953
118	146	0.874445
118	147	1.69437
118	153	0.85368
118	155	0.821816
118	159	0.85953
118	163	0.854719
118	164	0.810175
118	165	0.872406
118	166	0.858911
118	167	0.828589
118	168	0.893715
118	169	0.847242
118	170	0.831774
118	171	0.839155
118	172	0.858923
118	173	0.865693
118	174	0.842203
118	175	0.803922
118	176	0.80716
118	177	0.812926
118	178	0.805912
118	179	0.82645
118	180	0.828484
119	26	0.922694
119	48	0.88433
119	54	0.869797
119	68	0.839959
119	75	0.900356
119	80	0.887284
119	100	0.853964
119	103	0.889574
119	104	0.88918
119	107	0.909453
119	113	0.897596
119	114	0.897161
119	115	0.902116
119	122	0.87222
119	125	0.871394
119	132	0.860128
119	133	0.862303
119	134	0.86447
119	139	0.87453
119	143	0.858355
119	146	1.90204
119	147	0.879947
119	150	0.887623
119	156	0.808981
119	159	2.20347
119	161	0.88916
119	168	1.3749
119	171	2.06681
119	178	3.32276
119	179	0.815592
120	5	0.834781
120	12	0.844833
120	29	0.825996
120	32	0.900688
120	34	0.82818
120	36	0.895953
120	41	0.824438
120	42	0.890633
120	44	0.874912
120	55	0.860928
120	62	0.926127
120	64	0.846829
120	68	0.84219
120	70	0.905934
120	76	0.887029
120	77	0.883978
120	81	0.889706
120	85	2.46344
120	87	0.880016
120	90	0.887077
120	105	0.88718
120	107	0.902036
120	112	0.89798
120	129	0.87595
120	141	0.897366
120	153	2.01491
120	154	2.73344
120	157	1.66148
120	168	1.11432
120	169	1.85638
121	61	1.91505
121	66	0.819497
121	81	1.90641
121	91	0.844304
121	98	0.843793
121	111	0.843669
121	114	2.15367
121	116	0.844884
121	122	1.91581
121	123	0.819857
121	135	0.878568
121	142	0.840637
121	149	0.894588
121	152	0.819953
121	155	0.78393
121	157	0.838157
121	162	0.793402
121	163	0.816832
121	166	0.821025
121	171	0.801269
121	172	0.821037
121	174	0.804317
121	175	0.766036
121	176	0.769274
121	177	0.77504
121	178	0.768026
121	179	0.788564
121	180	0.790598
122	3	0.945126
122	35	0.898655
122	46	0.87317
122	51	1.30678
122	54	0.857886
122	75	0.888445
122	80	0.875373
122	88	0.874621
122	96	0.860368
122	100	0.842054
122	104	0.877269
122	113	0.885685
122	114	0.88525
122	119	0.87222
122	121	1.91581
122	132	0.848217
122	133	0.850392
122	134	0.852559
122	137	0.874171
122	139	0.862619
122	143	0.846444
122	144	1.30011
122	147	0.868036
122	148	1.31291
122	150	0.875712
122	155	2.92813
122	156	0.79707
122	160	0.881212
122	161	0.877249
122	167	2.61669
122	179	0.803681
123	12	2.15024
123	52	0.812137
123	87	2.12229
123	109	0.842287
123	110	2.24684
123	121	0.819857
123	126	0.910544
123	147	1.91375
123	149	0.88437
123	152	0.809736
123	153	0.805576
123	157	0.827939
123	158	0.7737
123	159	0.811426
123	162	0.783185
123	163	0.806615
123	165	0.824302
123	166	0.810808
123	168	0.845611
123	169	0.799139
123	171	0.791051
123	172	0.81082
123	173	0.81759
123	174	0.794099
123	175	0.755818
123	176	0.759056
123	177	0.764823
123	178	0.757809
123	179	0.778346
123	180	0.78038
124	9	0.846376
124	16	2.19927
124	36	1.21022
124	56	0.873368
124	63	0.864878
124	67	0.857259
124	71	0.856743
124	79	0.905537
124	90	1.57563
124	101	0.87387
124	103	1.13406
124	110	1.695
124	112	1.48582
124	127	0.923442
124	130	0.889812
124	138	0.907154
124	140	0.894749
124	142	0.882435
124	155	0.825727
124	157	0.879954
124	161	0.903929
124	162	0.8352
124	165	0.876317
124	166	0.862823
124	167	0.8325
124	168	0.897626
124	172	0.862835
124	173	0.869605
124	175	0.807833
124	176	0.811071
124	180	0.832395
125	12	0.829866
125	32	0.88572
125	42	0.875666
125	55	0.84596
125	77	0.869011
125	80	0.874547
125	87	0.865048
125	90	0.872109
125	96	0.859542
125	104	0.876443
125	107	0.887068
125	112	0.883012
125	114	0.884424
125	115	0.889379
125	119	0.871394
125	129	0.860982
125	133	0.849566
125	139	0.861793
125	141	0.882398
125	143	0.845618
125	147	0.86721
125	148	0.89211
125	150	0.874886
125	154	2.82092
125	160	0.880386
125	161	0.876423
125	167	2.1959
125	171	1.89372
125	174	1.86412
125	177	2.92586
125	179	0.802855
126	26	1.31127
126	60	1.70933
126	62	1.25934
126	69	1.01498
126	79	1.40532
126	85	0.890971
126	91	0.93499
126	112	0.930785
126	116	0.93557
126	123	0.910544
126	139	0.86108
126	141	0.767917
126	146	0.927246
126	152	0.91064
126	153	0.906481
126	156	0.87264
126	158	0.874605
126	162	0.884089
126	163	0.907519
126	165	0.925207
126	166	0.911712
126	167	0.881389
126	168	0.946516
126	171	0.891955
126	173	0.918494
126	174	0.895004
126	175	0.856723
126	176	0.859961
126	178	0.858713
126	179	0.879251
126	180	0.881285
127	32	1.5601
127	40	1.01131
127	61	1.72465
127	111	0.895238
127	115	1.48101
127	118	0.91953
127	124	0.923442
127	140	1.61131
127	142	0.892207
127	144	0.938043
127	145	0.822197
127	149	0.946157
127	152	0.871522
127	153	0.867363
127	157	0.889726
127	159	0.873213
127	161	0.845229
127	162	0.844972
127	164	0.823858
127	167	0.842272
127	168	0.907398
127	171	0.852838
127	172	0.872607
127	173	0.879377
127	174	0.855886
127	175	0.817605
127	176	0.820843
127	177	0.82661
127	178	0.819595
127	179	0.840133
127	180	0.842167
128	25	0.868829
128	55	1.5493
128	60	2.18245
128	95	0.953898
128	114	1.8509
128	117	1.39178
128	131	0.895132
128	141	1.24103
128	146	0.861561
128	149	0.919589
128	152	0.844955
128	154	0.818965
128	157	0.863158
128	158	0.808919
128	159	0.846645
128	162	0.818404
128	164	0.797291
128	165	0.859521
128	167	0.815704
128	168	0.88083
128	169	0.834358
128	170	0.818889
128	171	0.82627
128	172	0.846039
128	173	0.852809
128	174	0.829318
128	177	0.800042
128	178	0.793028
128	180	0.8156
129	5	0.822139
129	12	0.832191
129	16	0.827069
129	19	2.66627
129	29	0.813353
129	32	0.888045
129	36	0.883311
129	39	0.895321
129	41	0.811795
129	42	0.877991
129	44	0.862269
129	61	0.919546
129	62	0.913484
129	68	0.829547
129	70	0.893291
129	74	1.61567
129	76	0.874387
129	81	0.877064
129	87	0.867373
129	90	0.874435
129	96	0.861867
129	105	0.874537
129	107	0.889394
129	112	0.885337
129	120	0.87595
129	125	0.860982
129	141	0.884723
129	145	3.03048
129	159	1.2127
129	165	0.950584
129	177	2.1082
130	1	0.852288
130	2	0.849331
130	7	0.936964
130	9	0.822518
130	10	0.845924
130	18	0.915214
130	30	0.898016
130	33	0.902367
130	38	0.819581
130	40	0.883163
130	43	0.876725
130	56	0.84951
130	59	0.912435
130	63	0.841019
130	67	0.833401
130	71	0.832885
130	72	0.894668
130	79	0.881679
130	91	1.92129
130	101	0.850012
130	107	1.31056
130	116	0.862823
130	124	0.889812
130	131	1.61147
130	136	2.11571
130	138	0.883296
130	140	0.870891
130	142	2.18833
130	155	0.801869
130	157	2.32317
130	161	0.880071
131	5	1.70501
131	28	2.07621
131	47	0.943836
131	57	1.77888
131	58	0.979765
131	81	1.44866
131	109	0.89256
131	128	0.895132
131	130	1.61147
131	135	0.918623
131	136	0.894975
131	149	0.934643
131	152	0.860009
131	153	0.85585
131	157	0.878212
131	159	0.861699
131	164	0.812345
131	165	0.874576
131	166	0.861081
131	167	0.830758
131	168	0.895885
131	169	0.849412
131	170	0.833944
131	171	0.841324
131	172	0.861093
131	173	0.867863
131	174	0.844372
131	175	0.806092
131	176	0.80933
131	177	0.815096
131	178	0.808082
131	180	0.830654
132	3	0.933034
132	26	0.898691
132	35	0.886562
132	50	0.851671
132	75	0.876353
132	80	0.86328
132	94	0.896384
132	96	0.848276
132	103	0.865571
132	104	0.865177
132	107	1.36924
132	113	0.873592
132	114	0.873157
132	115	0.878113
132	119	0.860128
132	122	0.848217
132	133	0.838299
132	134	0.840467
132	137	0.862079
132	139	0.850527
132	142	2.24701
132	143	0.834352
132	147	0.855944
132	150	0.863619
132	151	1.79386
132	156	0.784977
132	160	0.86912
132	161	0.865157
132	168	1.83468
132	169	2.57675
132	174	2.49701
132	179	0.791589
133	3	0.935209
133	20	0.295052
133	26	0.900866
133	35	0.888737
133	80	0.865455
133	88	0.864704
133	94	0.898559
133	96	0.850451
133	100	0.832136
133	103	0.867746
133	113	0.875768
133	114	0.875332
133	115	0.880288
133	119	0.862303
133	122	0.850392
133	125	0.849566
133	132	0.838299
133	134	0.842642
133	137	0.864254
133	139	0.852702
133	143	0.836527
133	147	0.858119
133	150	0.865794
133	156	0.787152
133	158	2.87904
133	160	0.871295
133	161	0.867332
133	163	2.01425
133	169	1.96676
133	170	2.38308
133	177	2.94876
133	179	0.793764
134	26	0.903034
134	35	0.890905
134	46	0.86542
134	48	0.864669
134	54	0.850136
134	75	0.880695
134	80	0.867623
134	88	0.866871
134	94	0.900727
134	100	0.834304
