1	24	0.558336
1	27	0.54977
1	121	0.528023
1	154	0.447679
1	160	1.26071
1	164	1.21056
1	175	1.21413
1	176	1.15141
1	177	1.25725
1	178	1.17616
1	179	1.15995
1	180	1.18086
2	72	1.22525
2	77	1.07152
2	81	1.31436
2	131	1.1616
2	134	1.22313
2	135	0.792178
2	136	1.19596
2	137	1.19615
2	139	0.627005
2	143	0.679569
2	145	0.625158
2	165	1.17761
3	13	0.699824
3	25	0.383877
3	35	0.254127
3	79	0.307248
3	89	0.398131
3	148	1.48131
3	154	1.51879
3	170	1.41711
3	171	1.32679
3	178	1.28681
3	179	1.27061
3	180	1.29151
4	21	1.39004
4	48	1.32661
4	89	1.30649
4	94	1.49638
4	96	1.37364
4	100	1.374
4	104	0.453717
4	148	0.517387
4	165	0.534721
4	167	1.32027
4	175	0.62031
4	179	0.685425
5	31	1.34478
5	35	1.44847
5	39	1.26098
5	67	1.30652
5	84	1.42687
5	87	1.42733
5	133	1.41428
5	147	0.490188
5	151	0.506143
5	161	0.592788
5	166	0.576955
5	180	0.644029
6	9	1.20777
6	65	0.603411
6	73	1.3807
6	74	1.39135
6	97	1.48997
6	118	0.532292
6	125	0.614359
6	139	0.465633
6	142	0.569051
6	148	1.38798
6	154	1.42545
6	170	1.32378
7	10	1.45749
7	17	1.46776
7	25	1.37674
7	89	1.28685
7	96	1.354
7	100	1.35436
7	132	0.573974
7	145	0.466424
7	160	0.617093
7	167	1.30063
7	170	0.541699
7	175	0.608232
8	76	1.42367
8	90	1.39245
8	93	1.46534
8	101	1.29837
8	111	1.28577
8	113	1.34338
8	123	1.40858
8	150	0.457352
8	155	0.557898
8	161	0.564624
8	171	0.591736
8	174	0.639025
9	6	1.20777
9	43	1.23352
9	73	1.17401
9	74	1.18467
9	97	1.28329
9	129	0.612843
9	148	1.18129
9	154	1.21877
9	164	0.746581
9	169	0.634913
9	170	1.11709
9	179	0.74167
10	7	1.45749
10	25	1.37179
10	89	1.2819
10	94	1.47178
10	96	1.34905
10	100	1.34941
10	128	0.470041
10	139	0.457446
10	142	0.560863
10	160	0.606267
10	167	1.29567
10	176	0.711212
11	18	1.41383
11	50	1.25116
11	54	1.36087
11	60	1.38221
11	76	1.3989
11	90	1.36769
11	93	1.44058
11	128	0.492028
11	140	0.475638
11	150	0.500997
11	161	0.608269
11	176	0.733199
12	71	1.29528
12	80	1.35373
12	91	1.37425
12	105	1.32833
12	110	1.38596
12	141	1.39807
12	152	0.478479
12	159	0.530405
12	163	1.42757
12	169	0.538337
12	172	0.733646
12	177	0.534424
13	3	0.699824
13	15	1.24352
13	50	1.28007
13	54	1.38978
13	56	1.40791
13	76	1.42781
13	78	0.410222
13	90	1.39659
13	93	1.46948
13	128	0.4841
13	140	0.467709
13	178	0.668193
14	21	1.39004
14	48	1.32661
14	75	0.441898
14	89	1.30649
14	94	1.49638
14	96	1.37364
14	100	1.374
14	149	0.548581
14	156	0.61586
14	165	0.576452
14	167	1.32027
14	168	0.628367
15	13	1.24352
15	54	1.16276
15	56	1.18089
15	58	0.593332
15	60	1.1841
15	76	1.20079
15	83	0.620619
15	90	1.16957
15	93	1.24246
15	119	1.20483
15	142	0.774386
15	165	0.72534
16	20	0.573466
16	43	1.40606
16	52	0.416121
16	73	1.34655
16	74	1.35721
16	97	1.45583
16	118	0.558043
16	132	0.597087
16	148	1.35383
16	154	1.39131
16	170	1.28963
16	171	0.647331
17	7	1.46776
17	48	1.31229
17	89	1.29217
17	94	1.48205
17	96	1.35932
17	100	1.35968
17	142	0.550687
17	144	0.489281
17	150	0.468834
17	167	1.30594
17	174	0.650507
17	179	0.652346
18	11	1.41383
18	50	1.25226
18	54	1.36197
18	56	1.3801
18	60	1.38331
18	90	1.36878
18	93	1.44167
18	157	0.473885
18	164	0.616336
18	171	0.562297
18	176	0.660116
18	177	0.500755
19	57	1.4393
19	68	1.29827
19	91	1.3609
19	105	1.31498
19	110	1.3726
19	132	0.545303
19	141	1.38472
19	146	0.576193
19	149	0.466099
19	163	1.41422
19	167	0.583629
19	178	0.636287
20	16	0.573466
20	82	0.452708
20	110	0.547855
20	116	0.580706
20	168	1.25681
20	171	1.1967
20	173	1.23513
20	174	1.16449
20	175	1.19469
20	177	1.23782
20	178	1.15672
20	180	1.16142
21	4	1.39004
21	14	1.39004
21	25	1.28469
21	89	1.1948
21	94	1.38468
21	96	1.26195
21	100	1.26231
21	129	0.574005
21	159	0.588143
21	166	0.610759
21	167	1.20858
21	168	0.604042
21	175	0.637717
22	69	0.405676
22	70	1.29975
22	88	1.2849
22	102	1.31056
22	108	1.28577
22	125	0.659538
22	126	1.29728
22	127	1.33885
22	130	1.26779
22	154	1.3357
22	156	0.604591
22	161	0.639648
22	180	0.690888
23	61	1.53243
23	101	1.43771
23	111	1.4251
23	113	1.48272
23	117	1.53531
23	123	1.54792
23	142	1.47393
23	143	0.451519
23	145	0.397108
23	156	0.492735
23	160	0.547777
23	174	0.602192
23	179	0.604031
24	1	0.558336
24	35	1.34302
24	83	0.474627
24	84	1.32143
24	87	1.32189
24	106	1.27691
24	133	1.30884
24	134	1.29789
24	135	0.69015
24	136	1.27071
24	137	1.2709
24	151	0.567167
24	168	0.631263
25	3	0.383877
25	7	1.37674
25	10	1.37179
25	21	1.28469
25	89	1.20115
25	94	1.39104
25	96	1.2683
25	100	1.26866
25	143	0.658983
25	144	0.648431
25	145	0.604573
25	147	0.632655
25	167	1.21493
26	45	1.55226
26	47	1.38177
26	55	1.46619
26	72	1.52885
26	77	1.37512
26	81	1.61796
26	86	0.352538
26	135	0.588051
26	148	0.459916
26	157	0.490413
26	165	1.48121
26	168	0.529164
26	176	0.676644
27	1	0.54977
27	66	1.27441
27	71	1.2206
27	79	1.3522
27	91	1.29958
27	105	1.25366
27	110	1.31129
27	141	1.3234
27	143	0.568975
27	147	0.542646
27	163	1.3529
27	175	0.656372
27	177	0.610817
28	36	0.501201
28	46	1.3689
28	53	1.37104
28	107	1.29118
28	111	1.18458
28	113	1.24219
28	117	1.29479
28	123	1.30739
28	140	1.38288
28	146	0.628099
28	160	0.640327
28	169	0.589824
28	171	0.647453
29	58	0.43164
29	63	1.31385
29	70	1.31458
29	85	1.22416
29	102	1.32539
29	108	1.3006
29	126	1.31211
29	127	1.35368
29	129	0.585525
29	130	1.28262
29	146	0.64587
29	155	0.631386
29	174	0.712513
30	32	0.699183
30	72	0.287429
30	74	0.282785
30	87	0.275381
30	117	0.269598
30	136	0.277616
30	171	1.52057
30	172	1.44421
30	176	1.45584
30	177	1.56169
30	178	1.48059
30	179	1.46439
30	180	1.48529
31	5	1.34478
31	39	1.18812
31	62	1.29646
31	67	1.23367
31	84	1.35401
31	87	1.35447
31	98	1.27631
31	118	0.57802
31	133	1.34142
31	153	0.569109
31	155	0.63347
31	168	0.617647
31	177	0.605766
32	30	0.699183
32	42	1.23478
32	49	1.21174
32	120	1.31957
32	127	1.37693
32	130	1.30586
32	135	1.18961
32	138	1.40239
32	140	0.427623
32	154	1.37378
32	155	0.553529
32	172	0.725047
32	177	0.525824
33	45	1.35537
33	47	1.18488
33	51	1.38177
33	55	1.2693
33	72	1.33196
33	77	1.17823
33	81	1.42107
33	165	1.28432
33	166	0.621012
33	169	0.606328
33	170	0.581437
33	173	0.601979
33	177	0.602414
34	64	0.432439
34	68	0.373008
34	85	0.458953
34	87	0.360664
34	102	0.340716
34	129	1.50334
34	134	0.354163
34	172	1.32737
34	173	1.44216
34	174	1.37152
34	175	1.40172
34	177	1.44484
34	179	1.34755
34	180	1.36845
35	3	0.254127
35	5	1.44847
35	24	1.34302
35	38	1.47175
35	39	1.29181
35	62	1.40015
35	65	0.614447
35	67	1.33736
35	84	1.4577
35	87	1.45816
35	124	0.494164
35	125	0.625395
35	155	0.598779
35	161	0.605505
36	28	0.501201
36	70	0.503257
36	74	0.499783
36	101	0.536641
36	156	1.35049
36	163	0.428929
36	166	1.30325
36	171	1.24921
36	174	1.217
36	176	1.18448
36	177	1.29032
36	178	1.20923
36	179	1.19302
36	180	1.21393
37	57	1.19257
37	66	1.089
37	71	1.03519
37	79	1.16679
37	80	1.09365
37	91	1.11417
37	105	1.06825
37	110	1.12587
37	129	0.72562
37	135	0.814544
37	141	1.13799
37	159	0.739757
37	163	1.16749
37	174	0.852607
38	35	1.47175
38	39	1.28426
38	52	0.415098
38	62	1.39261
38	67	1.32981
38	84	1.45016
38	87	1.45062
38	98	1.37246
38	103	0.494548
38	133	1.43757
38	152	0.528822
38	153	0.548109
38	175	0.630321
38	180	0.670437
39	5	1.26098
39	31	1.18812
39	35	1.29181
39	38	1.28426
39	62	1.21266
39	67	1.14986
39	84	1.27021
39	87	1.27067
39	128	0.580261
39	129	0.643915
39	133	1.25762
39	162	0.600956
39	166	0.680669
39	175	0.707627
40	112	1.35578
40	115	1.40762
40	121	1.37505
40	124	0.50246
40	131	1.36504
40	134	1.42657
40	136	1.3994
40	137	1.39959
40	149	0.511464
40	150	0.506528
40	152	0.523426
40	163	1.44791
40	169	0.583284
40	180	0.665041
41	64	1.43755
41	101	1.3346
41	107	1.4286
41	111	1.32199
41	113	1.37961
41	117	1.43221
41	123	1.44481
41	133	1.47282
41	155	0.562581
41	159	0.530858
41	162	0.473761
41	164	0.650458
41	165	0.494843
41	167	0.584501
42	32	1.23478
42	63	1.26077
42	85	1.17108
42	88	1.24665
42	102	1.27231
42	120	1.24325
42	126	1.25903
42	127	1.3006
42	130	1.22953
42	144	0.584127
42	158	0.564367
42	174	0.745353
42	175	0.682077
42	177	0.636522
43	9	1.23352
43	16	1.40606
43	73	1.40644
43	74	1.4171
43	75	0.40173
43	97	1.51572
43	147	0.508148
43	148	1.41373
43	154	1.4512
43	157	0.549448
43	166	0.594915
43	169	0.580232
43	170	1.34952
43	180	0.661989
44	103	0.508839
44	112	1.35925
44	116	1.41104
44	122	1.34695
44	131	1.36851
44	134	1.43004
44	136	1.40287
44	137	1.40306
44	144	0.546663
44	148	0.54169
44	162	0.537942
44	163	1.45138
44	165	0.559024
44	173	0.598622
45	26	1.55226
45	33	1.35537
45	47	1.26959
45	51	1.46649
45	72	1.41667
45	77	1.26294
45	81	1.50578
45	144	0.460341
45	147	0.444565
45	151	0.46052
45	165	1.36903
45	172	0.711958
45	174	0.621567
45	180	0.598406
46	28	1.3689
46	61	1.40092
46	107	1.4002
46	111	1.29359
46	117	1.40381
46	123	1.41641
46	124	0.47547
46	133	1.44442
46	140	1.49189
46	158	0.480226
46	161	0.586811
46	169	0.556294
46	177	0.55238
46	180	0.638051
47	26	1.38177
47	33	1.18488
47	45	1.26959
47	51	1.296
47	55	1.18353
47	72	1.24619
47	77	1.09246
47	81	1.3353
47	149	0.580998
47	153	0.612246
47	157	0.622033
47	162	0.587788
47	165	1.19855
47	176	0.808264
48	4	1.32661
48	14	1.32661
48	17	1.31229
48	89	1.13138
48	94	1.32126
48	96	1.19853
48	98	1.2161
48	100	1.19889
48	140	0.559217
48	148	0.600051
48	167	1.14515
48	170	0.636441
48	173	0.656983
48	178	0.759701
49	32	1.21174
49	58	0.466735
49	92	1.23854
49	108	1.22448
49	120	1.22021
49	126	1.23598
49	127	1.27756
49	130	1.20649
49	138	1.30302
49	153	0.60212
49	154	1.27441
49	169	0.642691
49	174	0.747609
49	179	0.749448
50	11	1.25116
50	13	1.28007
50	18	1.25226
50	56	1.21743
50	60	1.22065
50	76	1.23734
50	90	1.20612
50	93	1.27901
50	119	1.24138
50	155	0.631273
50	166	0.622166
50	173	0.603133
50	175	0.649124
50	178	0.705851
51	33	1.38177
51	45	1.46649
51	47	1.296
51	55	1.38042
51	72	1.44308
51	77	1.28935
51	81	1.53219
51	103	0.407731
51	157	0.471078
51	160	0.552365
51	165	1.39544
51	168	0.50983
51	172	0.697171
51	176	0.657309
52	16	0.416121
52	38	0.415098
52	55	1.47645
52	70	0.418299
52	77	1.38538
52	91	0.392291
52	97	0.401658
52	131	0.429528
52	132	1.46778
52	165	1.49147
52	173	1.40714
52	178	1.32872
52	179	1.31252
52	180	1.33342
53	28	1.37104
53	107	1.40234
53	111	1.29574
53	113	1.35335
53	117	1.40595
53	123	1.41855
53	139	1.46606
53	140	1.49404
53	145	0.489738
53	149	0.518085
53	162	0.524875
53	165	0.545957
53	170	0.565013
53	171	0.647533
54	11	1.36087
54	13	1.38978
54	15	1.16276
54	18	1.36197
54	56	1.32715
54	60	1.33036
54	90	1.31583
54	93	1.38872
54	119	1.35109
54	148	0.474497
54	164	0.647446
54	165	0.491831
54	169	0.535778
54	172	0.731087
54	180	0.617535
55	26	1.46619
55	33	1.2693
55	47	1.18353
55	51	1.38042
55	52	1.47645
55	72	1.33061
55	77	1.17687
55	81	1.41972
55	142	0.592301
55	147	0.515119
55	161	0.617719
55	165	1.28297
55	168	0.59517
55	173	0.582853
55	177	0.583289
56	13	1.40791
56	15	1.18089
56	18	1.3801
56	50	1.21743
56	54	1.32715
56	76	1.36518
56	90	1.33396
56	93	1.40685
56	119	1.36922
56	139	0.466275
56	156	0.560054
56	164	0.676261
56	173	0.560244
56	177	0.56068
56	179	0.67135
57	19	1.4393
57	37	1.19257
57	80	1.38295
57	82	1.51949
57	91	1.40347
57	105	1.35755
57	110	1.41518
57	151	0.497014
57	152	0.493286
57	153	0.512573
57	163	1.45679
57	170	0.528252
57	171	0.610772
57	178	0.651512
58	15	0.593332
58	29	0.43164
58	49	0.466735
58	79	0.452154
58	92	0.436321
58	109	0.379135
58	159	1.38697
58	162	1.46586
58	169	1.39458
58	175	1.31674
58	176	1.25402
58	177	1.35986
58	178	1.27877
58	179	1.26257
58	180	1.28347
59	74	1.33803
59	97	1.43665
59	103	0.480272
59	121	1.2969
59	122	1.26533
59	136	1.32124
59	137	1.32143
59	148	1.33465
59	150	0.497648
59	154	1.37213
59	165	0.530456
59	170	1.27045
59	171	0.632032
59	178	0.672772
59	179	0.68116
60	11	1.38221
60	15	1.1841
60	18	1.38331
60	50	1.22065
60	54	1.33036
60	76	1.36839
60	90	1.33717
60	93	1.41006
60	119	1.37243
60	139	0.453754
60	143	0.506317
60	150	0.475317
60	164	0.66374
60	172	0.747381
60	178	0.650441
61	23	1.53243
61	46	1.40092
61	101	1.22921
61	107	1.32321
61	111	1.21661
61	113	1.27422
61	117	1.32682
61	123	1.33942
61	139	1.38692
61	143	0.510228
61	146	0.594258
61	152	0.496125
61	157	0.525199
61	176	0.71143
61	178	0.654352
62	31	1.29646
62	35	1.40015
62	38	1.39261
62	39	1.21266
62	67	1.25821
62	84	1.37856
62	87	1.37902
62	98	1.30086
62	133	1.36596
62	140	0.51727
62	156	0.614845
62	158	0.543317
62	160	0.669888
62	162	0.554356
62	170	0.594494
63	29	1.31385
63	42	1.26077
63	108	1.34983
63	120	1.34555
63	125	0.645091
63	126	1.36133
63	130	1.33184
63	135	1.21559
63	138	1.42837
63	141	1.36789
63	147	0.522599
63	161	0.6252
63	162	0.529654
63	170	0.569792
63	173	0.590334
64	34	0.432439
64	41	1.43755
64	101	1.23744
64	104	0.527826
64	107	1.33144
64	113	1.28245
64	117	1.33505
64	123	1.34765
64	133	1.37566
64	139	1.39515
64	142	1.27367
64	150	0.576022
64	158	0.57671
64	173	0.648428
64	177	0.648864
65	6	0.603411
65	35	0.614447
65	68	0.632806
65	81	0.54975
65	132	1.24585
65	149	1.34475
65	154	0.552098
65	168	1.20688
65	169	1.22259
65	172	1.07041
65	173	1.1852
65	175	1.14475
65	176	1.08204
65	178	1.10678
65	179	1.09058
65	180	1.11149
66	27	1.27441
66	37	1.089
66	68	1.23727
66	71	1.22092
66	79	1.35252
66	80	1.27938
66	82	1.41591
66	105	1.25398
66	110	1.3116
66	159	0.581119
66	161	0.619568
66	163	1.35321
66	166	0.603735
66	167	0.634762
66	170	0.56416
66	174	0.69397
67	5	1.30652
67	31	1.23367
67	35	1.33736
67	38	1.32981
67	39	1.14986
67	62	1.25821
67	84	1.31576
67	87	1.31622
67	98	1.23806
67	125	0.670813
67	133	1.30317
67	139	0.522087
67	145	0.520239
67	148	0.559124
67	166	0.635089
67	176	0.775852
68	19	1.29827
68	34	0.373008
68	65	0.632806
68	66	1.23727
68	71	1.18346
68	79	1.31506
68	82	1.37845
68	91	1.26244
68	105	1.21652
68	110	1.27414
68	141	1.28626
68	146	0.631621
68	152	0.533489
68	163	1.31576
68	166	0.60803
68	176	0.748793
69	22	0.405676
69	76	0.354629
69	92	0.408822
69	96	0.419544
69	126	0.38639
69	137	0.372904
69	138	0.352107
69	153	1.54116
69	171	1.41957
69	173	1.458
69	174	1.38735
69	175	1.41755
69	177	1.46068
69	178	1.37958
69	179	1.36338
69	180	1.38428
70	22	1.29975
70	29	1.31458
70	36	0.503257
70	52	0.418299
70	75	1.45108
70	102	1.37535
70	118	1.31892
70	120	1.34629
70	126	1.36207
70	128	0.506157
70	130	1.33258
70	141	1.36862
70	142	0.596979
70	145	0.491715
70	154	1.40049
70	164	0.703548
70	173	0.587532
71	12	1.29528
71	27	1.2206
71	37	1.03519
71	66	1.22092
71	68	1.18346
71	75	0.551843
71	80	1.22557
71	82	1.36211
71	86	0.561686
71	105	1.20017
71	110	1.2578
71	139	0.632026
71	141	1.26991
71	146	0.76862
71	158	0.654277
71	163	1.29941
71	177	0.726432
72	2	1.22525
72	26	1.52885
72	30	0.287429
72	33	1.33196
72	45	1.41667
72	47	1.24619
72	51	1.44308
72	55	1.33061
72	77	1.23953
72	81	1.48237
72	128	0.507327
72	156	0.588511
72	159	0.585119
72	165	1.34562
72	167	0.638762
72	169	0.593051
72	174	0.697969
73	6	1.3807
73	9	1.17401
73	16	1.34655
73	43	1.40644
73	74	1.35759
73	83	1.40429
73	97	1.45621
73	135	0.628272
73	143	0.515662
73	146	0.599692
73	148	1.35422
73	154	1.39169
73	157	0.530634
73	158	0.48535
73	159	0.553486
73	170	1.29002
73	178	0.659787
74	6	1.39135
74	9	1.18467
74	16	1.35721
74	30	0.282785
74	36	0.499783
74	43	1.4171
74	59	1.33803
74	73	1.35759
74	97	1.46687
74	128	0.502682
74	142	0.593505
74	147	0.516323
74	148	1.36487
74	154	1.40235
74	170	1.30067
74	172	0.783715
74	175	0.630048
75	14	0.441898
75	43	0.40173
75	70	1.45108
75	71	0.551843
75	88	1.43622
75	106	0.442322
75	107	0.398069
75	108	1.4371
75	122	0.441155
75	126	1.4486
75	127	1.49018
75	134	0.395999
75	171	1.29504
75	172	1.21868
75	173	1.33347
75	179	1.23885
75	180	1.25975
76	8	1.42367
76	11	1.3989
76	13	1.42781
76	15	1.20079
76	50	1.23734
76	56	1.36518
76	60	1.36839
76	69	0.354629
76	90	1.35386
76	93	1.42675
76	119	1.38912
76	144	0.501776
76	156	0.553544
76	160	0.608586
76	164	0.669751
76	177	0.55417
76	178	0.656452
77	2	1.07152
77	26	1.37512
77	33	1.17823
77	45	1.26294
77	47	1.09246
77	51	1.28935
77	52	1.38538
77	55	1.17687
77	72	1.23953
77	81	1.32864
77	118	0.616767
77	124	0.567603
77	140	0.546311
77	165	1.19189
77	167	0.694137
77	171	0.706055
77	179	0.755183
78	13	0.410222
78	85	0.519689
78	98	0.418527
78	99	0.362642
78	117	0.415617
78	133	0.424379
78	150	1.54383
78	154	0.353036
78	157	1.46376
78	159	1.40992
78	174	1.30949
78	175	1.33969
78	176	1.27697
78	177	1.38281
78	178	1.30172
78	179	1.28551
78	180	1.30642
79	3	0.307248
79	27	1.3522
79	37	1.16679
79	58	0.452154
79	66	1.35252
79	68	1.31506
79	80	1.35717
79	82	1.4937
79	91	1.37769
79	105	1.33177
79	110	1.38939
79	152	0.568252
79	157	0.597325
79	163	1.43101
79	168	0.636077
79	173	0.62376
79	177	0.624196
80	12	1.35373
80	37	1.09365
80	57	1.38295
80	66	1.27938
80	71	1.22557
80	79	1.35717
80	82	1.42056
80	105	1.25863
80	110	1.31625
80	128	0.524454
80	141	1.32837
80	143	0.564423
80	151	0.554049
80	152	0.550321
80	155	0.633969
80	163	1.35787
80	167	0.655889
80	180	0.691935
81	2	1.31436
81	26	1.61796
81	33	1.42107
81	45	1.50578
81	47	1.3353
81	51	1.53219
81	55	1.41972
81	65	0.54975
81	72	1.48237
81	77	1.32864
81	140	0.408176
81	148	0.449009
81	156	0.505751
81	165	1.43473
81	170	0.485399
81	176	0.665737
81	177	0.506377
81	178	0.60866
82	20	0.452708
82	57	1.51949
82	66	1.41591
82	68	1.37845
82	71	1.36211
82	79	1.4937
82	80	1.42056
82	91	1.44108
82	105	1.39516
82	110	1.45279
82	147	0.396861
82	161	0.499462
82	163	1.4944
82	172	0.664254
82	174	0.573863
82	177	0.465032
82	179	0.575702
82	180	0.550702
83	15	0.620619
83	24	0.474627
83	73	1.40429
83	94	0.371734
83	97	1.51357
83	111	0.488117
83	133	0.435313
83	141	0.425952
83	148	1.41158
83	154	1.44905
83	163	0.368884
83	170	1.34737
83	172	1.18069
83	175	1.25504
83	176	1.19232
83	178	1.21707
83	179	1.20087
83	180	1.22177
84	5	1.42687
84	24	1.32143
84	31	1.35401
84	35	1.4577
84	38	1.45016
84	39	1.27021
84	62	1.37856
84	67	1.31576
84	87	1.43657
84	98	1.35841
84	132	0.560286
84	133	1.42351
84	143	0.507146
84	147	0.480817
84	149	0.481082
84	157	0.522117
84	171	0.61053
84	174	0.657819
84	180	0.634658
85	29	1.22416
85	34	0.458953
85	42	1.17108
85	78	0.519689
85	88	1.25927
85	92	1.27421
85	108	1.26014
85	120	1.25587
85	125	0.729699
85	126	1.27165
85	127	1.31322
85	130	1.24216
85	138	1.33868
85	139	0.580973
85	141	1.2782
85	143	0.633536
85	149	0.607472
85	154	1.31008
85	159	0.671359
86	26	0.352538
86	71	0.561686
86	115	0.411742
86	130	0.393144
86	133	0.415323
86	137	0.407699
86	141	0.405961
86	163	0.348893
86	168	1.45776
86	171	1.39766
86	172	1.32129
86	173	1.43609
86	174	1.36544
86	175	1.39564
86	176	1.33292
86	177	1.43877
86	178	1.35767
86	179	1.34147
86	180	1.36237
87	5	1.42733
87	24	1.32189
87	30	0.275381
87	31	1.35447
87	34	0.360664
87	35	1.45816
87	38	1.45062
87	39	1.27067
87	62	1.37902
87	67	1.31622
87	84	1.43657
87	98	1.35887
87	133	1.42397
87	151	0.524873
87	153	0.540432
87	172	0.776311
87	173	0.576653
87	177	0.577089
87	180	0.662759
88	22	1.2849
88	42	1.24665
88	75	1.43622
88	85	1.25927
88	92	1.34977
88	108	1.33571
88	118	1.30407
88	120	1.33144
88	124	0.519039
88	126	1.34722
88	127	1.38879
88	130	1.31772
88	151	0.543734
88	152	0.540006
88	154	1.38564
88	158	0.523795
88	159	0.591931
88	171	0.657492
88	173	0.595514
88	180	0.68162
89	3	0.398131
89	4	1.30649
89	7	1.28685
89	10	1.2819
89	14	1.30649
89	17	1.29217
89	21	1.1948
89	25	1.20115
89	48	1.13138
89	94	1.30114
89	96	1.17841
89	98	1.19598
89	100	1.17877
89	132	0.726376
89	151	0.662863
89	157	0.688208
89	158	0.642924
89	162	0.653963
89	167	1.12503
89	173	0.714643
90	8	1.39245
90	11	1.36769
90	13	1.39659
90	15	1.16957
90	18	1.36878
90	50	1.20612
90	54	1.31583
90	56	1.33396
90	60	1.33717
90	76	1.35386
90	93	1.39553
90	119	1.3579
90	151	0.47298
90	162	0.46408
90	169	0.529109
90	171	0.586738
90	172	0.724418
90	175	0.570751
90	176	0.684556
90	178	0.627478
91	12	1.37425
91	19	1.3609
91	27	1.29958
91	37	1.11417
91	52	0.392291
91	57	1.40347
91	68	1.26244
91	79	1.37769
91	82	1.44108
91	105	1.27915
91	110	1.33677
91	141	1.34889
91	149	0.494054
91	150	0.489118
91	155	0.589664
91	160	0.616375
91	163	1.37838
91	169	0.565873
91	172	0.761182
91	179	0.67263
92	49	1.23854
92	58	0.436321
92	69	0.408822
92	85	1.27421
92	88	1.34977
92	108	1.35064
92	118	1.319
92	120	1.34637
92	124	0.531453
92	126	1.36215
92	127	1.40372
92	130	1.33266
92	135	1.21641
92	141	1.36871
92	145	0.512111
92	154	1.40058
92	161	0.642793
92	175	0.653918
92	177	0.608363
92	180	0.694034
93	8	1.46534
93	11	1.44058
93	13	1.46948
93	15	1.24246
93	18	1.44167
93	50	1.27901
93	54	1.38872
93	56	1.40685
93	60	1.41006
93	76	1.42675
93	90	1.39553
93	104	0.439193
93	119	1.43079
93	150	0.487389
93	151	0.508015
93	152	0.504286
93	162	0.499115
93	164	0.675812
93	173	0.559795
93	175	0.605786
93	178	0.662513
94	4	1.49638
94	10	1.47178
94	14	1.49638
94	17	1.48205
94	21	1.38468
94	25	1.39104
94	48	1.32126
94	83	0.371734
94	89	1.30114
94	96	1.36829
94	98	1.38587
94	100	1.36865
94	103	0.426272
94	135	0.587257
94	166	0.535087
94	167	1.31492
94	170	0.495512
94	173	0.516054
94	174	0.625321
94	176	0.67585
94	179	0.62716
95	106	1.30667
95	109	1.29957
95	112	1.25686
95	114	1.25757
95	115	1.3087
95	116	1.30865
95	121	1.27613
95	122	1.24456
95	131	1.26612
95	134	1.32765
95	136	1.30047
95	137	1.30066
95	145	0.533989
95	146	0.67243
95	149	0.562336
95	156	0.629616
95	158	0.558087
95	163	1.34899
95	165	0.590208
95	173	0.629806
95	175	0.675797
96	4	1.37364
96	7	1.354
96	10	1.34905
96	14	1.37364
96	17	1.35932
96	21	1.26195
96	25	1.2683
96	48	1.19853
96	69	0.419544
96	89	1.17841
96	94	1.36829
96	98	1.26313
96	100	1.24592
96	104	0.498048
96	140	0.520884
96	152	0.563142
96	160	0.673502
96	167	1.19218
96	172	0.818308
96	173	0.61865
96	175	0.664641
97	6	1.48997
97	9	1.28329
97	16	1.45583
97	43	1.51572
97	52	0.401658
97	59	1.43665
97	73	1.45621
97	74	1.46687
97	83	1.51357
97	132	0.582624
97	140	0.473125
97	145	0.475074
97	148	1.4635
97	153	0.534669
97	154	1.50097
97	162	0.51021
97	165	0.531292
97	170	1.39929
97	173	0.57089
97	177	0.571326
98	31	1.27631
98	38	1.37246
98	48	1.2161
98	62	1.30086
98	67	1.23806
98	78	0.418527
98	84	1.35841
98	87	1.35887
98	89	1.19598
98	94	1.38587
98	96	1.26313
98	100	1.26349
98	133	1.34582
98	135	0.644984
98	148	0.516849
98	160	0.628633
98	161	0.608647
98	167	1.20976
98	175	0.619772
98	178	0.676499
98	180	0.659887
99	78	0.362642
99	109	1.40725
99	112	1.36454
99	114	1.36525
99	115	1.41638
99	116	1.41634
99	121	1.38381
99	122	1.35224
99	131	1.3738
99	134	1.43533
99	136	1.40816
99	137	1.40835
99	145	0.422079
99	153	0.481674
99	163	1.45667
99	166	0.536929
99	167	0.567955
99	172	0.717554
99	174	0.627163
99	177	0.518331
99	179	0.629002
100	4	1.374
100	7	1.35436
100	10	1.34941
100	14	1.374
100	17	1.35968
100	21	1.26231
100	25	1.26866
100	48	1.19889
100	89	1.17877
100	94	1.36865
100	96	1.24592
100	98	1.26349
100	129	0.571619
100	150	0.516933
100	156	0.589149
100	158	0.517621
100	164	0.705356
100	167	1.19254
100	174	0.698606
100	177	0.589775
100	180	0.675445
101	8	1.29837
101	23	1.43771
101	36	0.536641
101	41	1.3346
101	61	1.22921
101	64	1.23744
101	107	1.22848
101	111	1.12188
101	113	1.1795
101	117	1.23209
101	123	1.2447
101	129	0.603195
101	133	1.2727
101	139	1.2922
101	140	1.32018
101	142	1.17071
101	148	0.563983
101	153	0.584694
101	157	0.594481
101	161	0.655781
101	179	0.732022
101	180	0.707022
102	22	1.31056
102	29	1.32539
102	34	0.340716
102	42	1.27231
102	70	1.37535
102	118	1.32973
102	120	1.3571
102	126	1.37288
102	127	1.41445
102	129	0.538985
102	130	1.34338
102	132	0.568439
102	135	1.22713
102	138	1.43991
102	141	1.37943
102	147	0.488971
102	154	1.4113
102	167	0.606766
102	170	0.536164
102	171	0.618684
102	176	0.716502
102	180	0.642812
103	38	0.494548
103	44	0.508839
103	51	0.407731
103	59	0.480272
103	94	0.426272
103	112	0.525783
103	116	0.502811
103	127	0.457304
103	130	0.467672
103	144	1.45316
103	150	1.48959
103	152	1.45119
103	166	1.34151
103	169	1.36329
103	171	1.28747
103	172	1.21111
103	174	1.25526
103	175	1.28545
103	176	1.22274
103	177	1.32858
103	178	1.24748
103	179	1.23128
103	180	1.25219
104	4	0.453717
104	64	0.527826
104	93	0.439193
104	96	0.498048
104	114	0.474174
104	116	0.471991
104	126	0.464894
104	127	0.426484
104	138	0.430611
104	159	1.37633
104	160	1.35268
104	166	1.36216
104	168	1.36822
104	169	1.38394
104	171	1.30811
104	172	1.23175
104	173	1.34654
104	174	1.2759
104	176	1.24338
104	177	1.34923
104	178	1.26813
104	179	1.25193
104	180	1.27283
105	12	1.32833
105	19	1.31498
105	27	1.25366
105	37	1.06825
105	57	1.35755
105	66	1.25398
105	68	1.21652
105	71	1.20017
105	79	1.33177
105	80	1.25863
105	82	1.39516
105	91	1.27915
105	110	1.29085
105	140	0.519966
105	141	1.30297
105	148	0.5608
105	149	0.550262
105	158	0.546013
105	160	0.672584
105	163	1.33246
105	168	0.630048
105	173	0.617732
105	175	0.663723
105	176	0.777528
106	24	1.27691
106	75	0.442322
106	95	1.30667
106	109	1.33997
106	112	1.29726
106	114	1.29797
106	115	1.3491
106	116	1.34906
106	121	1.31653
106	122	1.28496
106	124	0.54
106	131	1.30652
106	134	1.36805
106	136	1.34088
106	137	1.34107
106	138	1.42037
106	145	0.520658
106	146	0.659099
106	150	0.544069
106	158	0.544756
106	162	0.555795
106	163	1.38939
106	166	0.635508
106	168	0.628791
106	175	0.662466
107	28	1.29118
107	41	1.4286
107	46	1.4002
107	53	1.40234
107	61	1.32321
107	64	1.33144
107	75	0.398069
107	101	1.22848
107	111	1.21588
107	113	1.27349
107	117	1.32609
107	123	1.33869
107	132	0.583955
107	133	1.3667
107	139	1.3862
107	140	1.41418
107	142	1.26471
107	158	0.500503
107	162	0.511542
107	165	0.532624
107	167	0.622281
107	171	0.634199
107	175	0.618212
107	178	0.67494
107	180	0.658328
108	22	1.28577
108	29	1.3006
108	49	1.22448
108	63	1.34983
108	75	1.4371
108	85	1.26014
108	88	1.33571
108	92	1.35064
108	120	1.33231
108	126	1.34809
108	127	1.38966
108	135	1.20234
108	138	1.41512
108	141	1.35464
108	142	0.576862
108	149	0.499944
108	151	0.515634
108	154	1.38651
108	158	0.495695
108	165	0.527816
108	166	0.586447
108	168	0.57973
108	171	0.629392
108	176	0.72721
108	179	0.67852
109	58	0.379135
109	95	1.29957
109	99	1.40725
109	106	1.33997
109	112	1.29015
109	114	1.29087
109	115	1.342
109	116	1.34195
109	119	1.36301
109	121	1.30943
109	122	1.27785
109	131	1.29942
109	134	1.36095
109	136	1.33377
109	137	1.33396
109	149	0.483271
109	157	0.524306
109	163	1.38229
109	167	0.600801
109	168	0.563057
109	170	0.530199
109	176	0.710537
109	178	0.653459
109	179	0.661847
109	180	0.636847
110	12	1.38596
110	19	1.3726
110	20	0.547855
110	27	1.31129
110	37	1.12587
110	57	1.41518
110	66	1.3116
110	68	1.27414
110	71	1.2578
110	79	1.38939
110	80	1.31625
110	82	1.45279
110	91	1.33677
110	105	1.29085
110	125	0.614499
110	141	1.36059
110	144	0.507784
110	145	0.463925
110	151	0.507962
110	156	0.559552
110	163	1.39009
110	166	0.578775
110	171	0.62172
110	174	0.66901
110	178	0.66246
111	8	1.28577
111	23	1.4251
111	28	1.18458
111	41	1.32199
111	46	1.29359
111	53	1.29574
111	61	1.21661
111	83	0.488117
111	101	1.12188
111	107	1.21588
111	113	1.16689
111	117	1.21949
111	123	1.23209
111	124	0.555962
111	133	1.2601
111	139	1.27959
111	140	1.30758
111	142	1.15811
111	157	0.606002
111	159	0.628854
111	164	0.748454
111	168	0.644753
111	170	0.611895
111	177	0.632872
111	179	0.743543
112	40	1.35578
112	44	1.35925
112	95	1.25686
112	99	1.36454
112	103	0.525783
112	106	1.29726
112	109	1.29015
112	114	1.24815
112	115	1.29928
112	116	1.29924
112	118	0.588255
112	121	1.26671
112	122	1.23514
112	128	0.534191
112	131	1.2567
112	134	1.31823
112	136	1.29106
112	137	1.29125
112	143	0.57416
112	150	0.54316
112	156	0.615375
112	162	0.554886
112	163	1.33957
112	168	0.627882
112	170	0.595024
112	176	0.775362
113	8	1.34338
113	23	1.48272
113	28	1.24219
113	41	1.37961
113	53	1.35335
113	61	1.27422
113	64	1.28245
113	101	1.1795
113	107	1.27349
113	111	1.16689
113	117	1.2771
113	123	1.2897
113	133	1.31771
113	139	1.33721
113	140	1.36519
113	142	1.21572
113	144	0.563325
113	148	0.558351
113	151	0.563503
113	153	0.579062
113	157	0.588848
113	165	0.575685
113	166	0.634316
113	169	0.619633
113	173	0.615283
113	179	0.72639
114	95	1.25757
114	99	1.36525
114	104	0.474174
114	106	1.29797
114	109	1.29087
114	112	1.24815
114	115	1.29999
114	116	1.29995
114	118	0.567465
114	119	1.32101
114	121	1.26743
114	122	1.23585
114	124	0.518301
114	131	1.25741
114	134	1.31894
114	136	1.29177
114	137	1.29196
114	138	1.37126
114	140	0.49701
114	144	0.542817
114	162	0.534096
114	163	1.34028
114	169	0.599125
114	172	0.794434
114	174	0.704043
114	179	0.705882
115	40	1.40762
115	86	0.411742
115	95	1.3087
115	99	1.41638
115	106	1.3491
115	109	1.342
115	112	1.29928
115	114	1.29999
115	116	1.35108
115	121	1.31856
115	122	1.28698
115	129	0.558332
115	131	1.30854
115	134	1.37007
115	136	1.3429
115	137	1.34309
115	138	1.42239
115	142	0.5855
115	143	0.534646
115	148	0.51912
115	156	0.575862
115	160	0.630904
115	162	0.515372
115	163	1.39141
115	168	0.588368
115	171	0.63803
115	180	0.662158
116	20	0.580706
116	44	1.41104
116	95	1.30865
116	99	1.41634
116	103	0.502811
116	104	0.471991
116	106	1.34906
116	109	1.34195
116	112	1.29924
116	114	1.29995
116	115	1.35108
116	118	0.565283
116	121	1.31851
116	122	1.28694
116	128	0.511218
116	131	1.3085
116	134	1.37003
116	136	1.34286
116	137	1.34305
116	138	1.42235
116	145	0.496776
116	147	0.524859
116	163	1.39137
116	170	0.572051
116	173	0.592593
116	175	0.638584
116	177	0.593029
117	23	1.53531
117	28	1.29479
117	30	0.269598
117	41	1.43221
117	46	1.40381
117	53	1.40595
117	61	1.32682
117	64	1.33505
117	78	0.415617
117	101	1.23209
117	107	1.32609
117	111	1.21949
117	113	1.2771
117	123	1.3423
117	133	1.37031
117	139	1.38981
117	140	1.41779
117	142	1.26832
117	147	0.503136
117	148	0.513939
117	155	0.599011
117	166	0.589904
117	168	0.583187
117	171	0.632848
117	174	0.680138
117	178	0.673589
117	179	0.681977
118	6	0.532292
118	16	0.558043
118	31	0.57802
118	70	1.31892
118	77	0.616767
118	88	1.30407
118	92	1.319
118	102	1.32973
118	112	0.588255
118	114	0.567465
118	116	0.565283
118	120	1.30067
118	125	1.22135
118	126	1.31645
118	130	1.28695
118	134	0.542842
118	135	1.1707
118	163	0.485893
118	169	1.2387
118	173	1.20131
118	174	1.13067
118	176	1.09815
118	177	1.20399
118	178	1.1229
118	179	1.10669
118	180	1.1276
119	15	1.20483
119	50	1.24138
119	54	1.35109
119	56	1.36922
119	60	1.37243
119	76	1.38912
119	90	1.3579
119	93	1.43079
119	109	1.36301
119	114	1.32101
119	122	1.308
119	131	1.32956
119	134	1.39109
119	136	1.36392
119	137	1.36411
119	139	0.498464
119	140	0.494668
119	145	0.496617
119	152	0.536925
119	155	0.620574
119	158	0.520715
119	163	1.41243
119	166	0.611467
119	169	0.596783
119	175	0.638425
119	177	0.59287
119	178	0.695152
120	32	1.31957
120	42	1.24325
120	49	1.22021
120	63	1.34555
120	70	1.34629
120	85	1.25587
120	88	1.33144
120	92	1.34637
120	102	1.3571
120	108	1.33231
120	118	1.30067
120	126	1.34382
120	127	1.38539
120	129	0.58596
120	130	1.31432
120	135	1.19807
120	139	0.509711
120	141	1.35037
120	144	0.551722
120	147	0.535946
120	152	0.548172
120	153	0.567459
120	154	1.38224
120	156	0.60349
120	161	0.638547
120	169	0.60803
120	171	0.665658
120	180	0.689787
121	1	0.528023
121	40	1.37505
121	59	1.2969
121	95	1.27613
121	99	1.38381
121	106	1.31653
121	109	1.30943
121	112	1.26671
121	114	1.26743
121	115	1.31856
121	116	1.31851
121	122	1.25441
121	131	1.27598
121	134	1.33751
121	136	1.31033
121	137	1.31052
121	138	1.38983
121	139	0.494665
121	144	0.536676
121	151	0.536854
121	159	0.585051
121	160	0.643486
121	163	1.35885
121	164	0.704651
121	168	0.60095
121	169	0.592983
121	170	0.568092
121	175	0.634625
122	44	1.34695
122	59	1.26533
122	75	0.441155
122	95	1.24456
122	99	1.35224
122	106	1.28496
122	109	1.27785
122	112	1.23514
122	114	1.23585
122	115	1.28698
122	116	1.28694
122	119	1.308
122	121	1.25441
122	131	1.2444
122	134	1.30593
122	136	1.27876
122	137	1.27895
122	138	1.35825
122	142	0.624756
122	148	0.558376
122	152	0.559799
122	155	0.643448
122	158	0.543589
122	159	0.611725
122	161	0.650174
122	163	1.32727
122	167	0.665368
122	169	0.619657
122	180	0.701414
123	8	1.40858
123	23	1.54792
123	28	1.30739
123	41	1.44481
123	46	1.41641
123	53	1.41855
123	61	1.33942
123	64	1.34765
123	101	1.2447
123	107	1.33869
123	111	1.23209
123	113	1.2897
123	117	1.3423
123	128	0.488185
123	132	0.581293
123	133	1.38291
123	139	1.40241
123	140	1.43039
123	142	1.28092
123	148	0.512628
123	150	0.497154
123	153	0.533339
123	162	0.50888
123	166	0.588593
123	168	0.581876
123	173	0.56956
123	177	0.569996
123	178	0.672278
123	179	0.680666
124	35	0.494164
124	40	0.50246
124	46	0.47547
124	77	0.567603
124	88	0.519039
124	92	0.531453
124	106	0.54
124	111	0.555962
124	114	0.518301
124	134	0.493678
124	144	1.43074
124	158	1.40705
124	161	1.32271
124	163	0.436729
124	164	1.25947
124	166	1.31909
124	168	1.32515
124	169	1.34087
124	170	1.35536
124	171	1.26505
124	172	1.18868
124	173	1.30348
124	174	1.23283
124	175	1.26303
124	176	1.20031
124	177	1.30616
124	178	1.22506
124	179	1.20886
124	180	1.22976
125	6	0.614359
125	22	0.659538
125	35	0.625395
125	63	0.645091
125	67	0.670813
125	85	0.729699
125	110	0.614499
125	118	1.22135
125	126	0.640252
125	133	0.63439
125	135	1.11875
125	146	1.1703
125	153	1.23253
125	155	1.1819
125	157	1.23299
125	161	1.16859
125	162	1.25804
125	164	1.10535
125	166	1.16497
125	168	1.17104
125	169	1.18675
125	172	1.03457
125	173	1.14936
125	174	1.07872
125	175	1.10892
125	176	1.0462
125	177	1.15204
125	178	1.07095
125	179	1.05474
125	180	1.07565
126	22	1.29728
126	29	1.31211
126	42	1.25903
126	49	1.23598
126	63	1.36133
126	69	0.38639
126	70	1.36207
126	75	1.4486
126	85	1.27165
126	88	1.34722
126	92	1.36215
126	102	1.37288
126	104	0.464894
126	108	1.34809
126	118	1.31645
126	120	1.34382
126	125	0.640252
126	127	1.40117
126	130	1.3301
126	135	1.21385
126	144	0.533537
126	149	0.518026
126	154	1.39802
126	157	0.559061
126	160	0.640348
126	164	0.701513
126	165	0.545898
126	166	0.604529
126	170	0.564954
126	177	0.585932
127	22	1.33885
127	29	1.35368
127	32	1.37693
127	42	1.3006
127	49	1.27756
127	75	1.49018
127	85	1.31322
127	88	1.38879
127	92	1.40372
127	102	1.41445
127	103	0.457304
127	104	0.426484
127	108	1.38966
127	120	1.38539
127	126	1.40117
127	130	1.37167
127	135	1.25542
127	138	1.4682
127	139	0.453117
127	141	1.40772
127	144	0.495128
127	146	0.58971
127	149	0.479617
127	151	0.495307
127	154	1.43959
127	164	0.663103
127	167	0.597146
127	171	0.609064
127	173	0.547087
127	179	0.658193
127	180	0.633193
128	10	0.470041
128	11	0.492028
128	13	0.4841
128	39	0.580261
128	70	0.506157
128	72	0.507327
128	74	0.502682
128	80	0.524454
128	112	0.534191
128	116	0.511218
128	123	0.488185
128	131	0.517385
128	151	1.43204
128	153	1.38255
128	155	1.33193
128	158	1.40296
128	162	1.40807
128	164	1.25538
128	165	1.38372
128	166	1.315
128	168	1.32107
128	170	1.35128
128	171	1.26096
128	173	1.29939
128	174	1.22875
128	175	1.25894
128	176	1.19623
128	177	1.30207
128	178	1.22098
128	179	1.20477
128	180	1.22568
129	9	0.612843
129	21	0.574005
129	29	0.585525
129	34	1.50334
129	37	0.72562
129	39	0.643915
129	100	0.571619
129	101	0.603195
129	102	0.538985
129	115	0.558332
129	120	0.58596
129	144	1.31777
129	148	1.30659
129	158	1.29408
129	160	1.19664
129	164	1.14649
129	165	1.27483
129	166	1.20611
129	168	1.21218
129	169	1.22789
129	171	1.15207
129	172	1.07571
129	173	1.1905
129	174	1.11986
129	175	1.15006
129	176	1.08734
129	177	1.19318
129	178	1.11209
129	179	1.09588
129	180	1.11679
130	22	1.26779
130	29	1.28262
130	32	1.30586
130	42	1.22953
130	49	1.20649
130	63	1.33184
130	70	1.33258
130	85	1.24216
130	86	0.393144
130	88	1.31772
130	92	1.33266
130	102	1.34338
130	103	0.467672
130	118	1.28695
130	120	1.31432
130	126	1.3301
130	127	1.37167
130	135	1.18436
130	138	1.39714
130	141	1.33666
130	142	0.566902
130	153	0.521233
130	154	1.36853
130	155	0.585594
130	159	0.553871
130	164	0.673471
130	171	0.619432
130	172	0.757112
130	173	0.557454
130	178	0.660173
130	179	0.668561
131	2	1.1616
131	40	1.36504
131	44	1.36851
131	52	0.429528
131	95	1.26612
131	99	1.3738
131	106	1.30652
131	109	1.29942
131	112	1.2567
131	114	1.25741
131	115	1.30854
131	116	1.3085
131	119	1.32956
131	121	1.27598
131	122	1.2444
131	128	0.517385
131	134	1.32749
131	135	0.669963
131	136	1.30032
131	137	1.30051
131	138	1.37981
131	140	0.500994
131	142	0.608207
131	143	0.557354
131	162	0.53808
131	163	1.34883
131	165	0.559162
131	166	0.617793
131	167	0.648819
131	171	0.660737
131	179	0.709866
132	7	0.573974
132	16	0.597087
132	19	0.545303
132	52	1.46778
132	65	1.24585
132	84	0.560286
132	89	0.726376
132	97	0.582624
132	102	0.568439
132	107	0.583955
132	123	0.581293
132	133	0.591367
132	146	1.21091
132	150	1.35366
132	155	1.22251
132	156	1.25282
132	159	1.21976
132	160	1.19611
132	161	1.2092
132	162	1.29865
132	163	0.524937
132	166	1.20558
132	169	1.22736
132	171	1.15154
132	172	1.07518
132	173	1.18997
132	174	1.11933
132	175	1.14952
132	176	1.08681
132	177	1.19265
132	178	1.11155
132	179	1.09535
132	180	1.11626
133	5	1.41428
133	24	1.30884
133	31	1.34142
133	38	1.43757
133	39	1.25762
133	41	1.47282
133	46	1.44442
133	62	1.36596
133	64	1.37566
133	67	1.30317
133	78	0.424379
133	83	0.435313
133	84	1.42351
133	86	0.415323
133	87	1.42397
133	98	1.34582
133	101	1.2727
133	107	1.3667
133	111	1.2601
133	113	1.31771
133	117	1.37031
133	123	1.38291
133	125	0.63439
133	132	0.591367
133	135	0.650836
133	142	1.30893
133	145	0.483816
133	149	0.512163
133	153	0.543412
133	159	0.57605
133	162	0.518953
133	165	0.540035
133	167	0.629693
133	169	0.583982
134	2	1.22313
134	24	1.29789
134	34	0.354163
134	40	1.42657
134	44	1.43004
134	75	0.395999
134	95	1.32765
134	99	1.43533
134	106	1.36805
134	109	1.36095
134	112	1.31823
134	114	1.31894
134	115	1.37007
134	116	1.37003
134	118	0.542842
134	119	1.39109
134	121	1.33751
134	122	1.30593
134	124	0.493678
134	131	1.32749
134	136	1.36185
134	137	1.36204
134	138	1.44134
134	150	0.497746
134	156	0.569962
134	157	0.543717
134	158	0.498433
134	160	0.625004
134	163	1.41036
134	167	0.620212
134	168	0.582468
134	170	0.54961
134	174	0.679419
134	178	0.67287
135	2	0.792178
135	24	0.69015
135	26	0.588051
135	32	1.18961
135	37	0.814544
135	63	1.21559
135	73	0.628272
135	92	1.21641
135	94	0.587257
135	98	0.644984
135	102	1.22713
135	108	1.20234
135	118	1.1707
135	120	1.19807
135	125	1.11875
135	126	1.21385
135	127	1.25542
135	130	1.18436
135	131	0.669963
135	133	0.650836
135	136	0.650091
135	140	1.28699
135	142	1.13752
135	164	1.0547
135	169	1.1361
135	171	1.06028
135	172	0.98392
135	173	1.09871
135	174	1.02807
135	175	1.05827
135	177	1.10139
135	178	1.0203
135	179	1.00409
135	180	1.025
136	2	1.19596
136	24	1.27071
136	30	0.277616
136	40	1.3994
136	44	1.40287
136	59	1.32124
136	95	1.30047
136	99	1.40816
136	106	1.34088
136	109	1.33377
136	112	1.29106
136	114	1.29177
136	115	1.3429
136	116	1.34286
136	119	1.36392
136	121	1.31033
136	122	1.27876
136	131	1.30032
136	134	1.36185
136	135	0.650091
136	137	1.33487
136	138	1.41417
136	143	0.537482
136	146	0.621512
136	147	0.511153
136	152	0.52338
136	159	0.575305
136	161	0.613754
136	163	1.38319
136	165	0.53929
136	167	0.628948
136	168	0.591204
136	170	0.558346
136	172	0.778546
136	177	0.579324
137	2	1.19615
137	24	1.2709
137	40	1.39959
137	44	1.40306
137	59	1.32143
137	69	0.372904
137	86	0.407699
137	95	1.30066
137	99	1.40835
137	106	1.34107
137	109	1.33396
137	112	1.29125
137	114	1.29196
137	115	1.34309
137	116	1.34305
137	119	1.36411
137	121	1.31052
137	122	1.27895
137	131	1.30051
137	134	1.36204
137	136	1.33487
137	138	1.41436
137	139	0.47804
137	150	0.499603
137	152	0.516501
137	160	0.626861
137	163	1.38338
137	169	0.576359
137	170	0.551467
137	174	0.681277
137	175	0.618
137	176	0.731805
137	177	0.572445
137	178	0.674728
137	179	0.683116
138	32	1.40239
138	49	1.30302
138	63	1.42837
138	69	0.352107
138	85	1.33868
138	102	1.43991
138	104	0.430611
138	106	1.42037
138	108	1.41512
138	114	1.37126
138	115	1.42239
138	116	1.42235
138	121	1.38983
138	122	1.35825
138	127	1.4682
138	130	1.39714
138	131	1.37981
138	134	1.44134
138	136	1.41417
138	137	1.41436
138	141	1.43318
138	144	0.499254
138	147	0.483478
138	148	0.494281
138	149	0.483743
138	153	0.514992
138	154	1.46506
138	156	0.551022
138	158	0.479494
138	162	0.490533
138	163	1.46268
138	164	0.66723
138	169	0.555562
138	173	0.551213
138	176	0.711009
138	178	0.653931
138	180	0.637319
139	2	0.627005
139	6	0.465633
139	10	0.457446
139	53	1.46606
139	56	0.466275
139	60	0.453754
139	61	1.38692
139	64	1.39515
139	67	0.522087
139	71	0.632026
139	85	0.580973
139	101	1.2922
139	107	1.3862
139	111	1.27959
139	113	1.33721
139	117	1.38981
139	119	0.498464
139	120	0.509711
139	121	0.494665
