1	5	1.06889
1	41	1.13683
1	55	1.19155
1	65	1.14337
1	67	1.16603
1	131	2.30886
1	135	0.972117
1	137	0.418204
1	150	0.514401
1	168	1.1957
1	180	0.925486
2	77	1.30466
2	90	1.34357
2	96	0.056775
2	125	1.21287
2	137	1.26403
2	139	0.425458
2	147	1.00034
2	149	0.497774
2	150	1.20696
2	169	1.0903
2	170	1.1772
2	179	0.377141
3	36	1.12408
3	49	1.19222
3	52	0.868795
3	61	0.465367
3	97	1.2525
3	104	1.16687
3	131	0.945538
3	135	0.717355
3	153	0.92713
3	168	1.1879
3	173	0.934934
3	180	2.58322
4	49	0.582175
4	94	0.941788
4	118	0.594262
4	140	1.1543
4	150	1.14263
4	167	1.08026
4	170	1.11287
4	171	0.464125
4	172	1.06987
4	173	0.986526
4	175	1.02609
4	176	1.08573
5	1	1.06889
5	17	1.12358
5	39	1.16496
5	55	1.12224
5	60	0.952886
5	65	1.07406
5	91	0.44123
5	108	1.11106
5	120	2.32458
5	150	0.515042
5	168	1.12639
5	180	0.856176
6	8	0.962534
6	9	0.888376
6	94	0.822048
6	113	1.08613
6	141	1.10674
6	148	1.30573
6	149	1.08234
6	154	1.06095
6	162	1.08034
6	166	1.11393
6	178	1.11986
6	179	1.12768
7	35	1.27784
7	72	0.197223
7	118	0.514024
7	133	1.2946
7	155	0.496572
7	163	1.18119
7	164	1.18195
7	165	1.17176
7	169	1.11534
7	170	1.20224
7	176	1.1751
7	178	0.354149
8	6	0.962534
8	25	1.18682
8	137	1.13039
8	138	1.0541
8	140	1.08499
8	144	0.539131
8	150	1.07331
8	156	1.07563
8	163	1.02251
8	164	1.02326
8	174	0.948977
8	178	0.40422
9	6	0.888376
9	24	0.180286
9	114	1.21443
9	126	0.384103
9	150	1.23286
9	151	1.33829
9	158	1.20462
9	161	0.362034
9	163	1.18205
9	169	1.1162
9	170	1.2031
9	174	1.10852
10	100	0.858457
10	116	1.17409
10	123	0.599436
10	136	1.00234
10	139	1.23273
10	152	0.766299
10	154	1.19573
10	166	1.24871
10	171	1.2293
10	176	1.17412
10	178	1.25464
10	179	1.26246
11	63	1.15124
11	108	1.21139
11	113	1.19309
11	117	0.677465
11	139	1.20491
11	142	1.17681
11	150	0.917543
11	152	0.650046
11	161	1.19057
11	162	1.1873
11	178	1.22682
11	179	1.23464
12	48	0.833329
12	93	0.860407
12	95	0.915446
12	111	0.876675
12	125	0.768864
12	137	0.820023
12	159	0.722712
12	168	0.859817
12	175	0.646414
12	177	0.568585
12	178	0.859917
12	179	0.867737
13	33	0.952986
13	66	1.03933
13	132	1.1069
13	134	0.894962
13	149	1.08209
13	155	1.08059
13	161	1.08335
13	165	1.30755
13	171	1.09425
13	173	0.866529
13	178	1.1196
13	179	1.12742
14	53	0.73813
14	83	0.729364
14	92	0.710061
14	119	1.22555
14	124	1.20393
14	130	1.23098
14	159	1.17613
14	161	1.21303
14	171	1.22394
14	173	0.996215
14	178	1.24928
14	179	1.2571
15	40	1.06769
15	86	0.993833
15	132	1.08164
15	133	0.860449
15	134	0.861326
15	141	1.08121
15	155	1.05532
15	160	1.42683
15	162	1.05481
15	171	1.06899
15	178	1.09433
15	179	1.10215
16	24	0.378963
16	114	1.07734
16	137	1.15285
16	141	0.713622
16	150	1.09577
16	152	1.11533
16	157	1.04496
16	162	0.722623
16	169	0.979109
16	172	1.02301
16	174	0.971435
16	176	1.03887
16	177	0.901407
17	5	1.12358
17	27	1.21554
17	39	1.28896
17	41	1.19152
17	55	1.24624
17	60	1.07689
17	75	0.352077
17	112	1.30618
17	120	1.06176
17	135	1.02681
17	136	1.37622
17	168	1.25039
17	180	0.980176
18	49	1.11902
18	52	0.756911
18	92	1.08111
18	114	0.960721
18	127	1.12082
18	131	0.833654
18	152	0.998712
18	163	0.928345
18	164	0.929103
18	165	0.918913
18	170	0.949397
18	176	0.922253
18	178	0.971228
19	21	1.2051
19	52	0.85504
19	118	0.668062
19	125	1.0832
19	138	1.05807
19	142	1.01083
19	146	1.12974
19	152	1.09684
19	155	0.65061
19	170	1.04753
19	171	0.537925
19	174	0.952945
19	175	0.960746
20	24	1.17118
20	30	1.16632
20	37	1.16353
20	84	1.16361
20	96	1.19972
20	99	0.448669
20	103	1.15542
20	105	1.21308
20	111	1.23762
20	129	2.01184
20	131	1.32041
20	163	0.298941
20	177	0.929533
21	19	1.2051
21	99	1.27711
21	126	0.433994
21	142	1.12084
21	150	1.18729
21	163	1.13648
21	168	0.372957
21	170	1.15753
21	171	0.409693
21	172	1.11452
21	175	1.07075
21	176	1.13039
21	178	0.379954
22	87	0.72973
22	90	0.670037
22	116	1.10896
22	128	1.11093
22	130	1.17121
22	133	0.867033
22	143	1.12702
22	144	1.14728
22	164	1.2634
22	166	1.18359
22	171	1.16417
22	178	1.18952
22	179	1.19734
23	76	1.17126
23	121	1.15495
23	127	0.446693
23	128	1.10779
23	154	1.12747
23	160	1.14767
23	161	1.15012
23	162	1.14685
23	165	0.99475
23	171	1.16103
23	172	1.02739
23	178	1.18637
23	179	1.19419
24	9	0.180286
24	16	0.378963
24	20	1.17118
24	37	1.14638
24	73	1.2283
24	93	1.2042
24	96	1.18256
24	103	1.13826
24	105	1.19592
24	111	1.22047
24	115	2.00667
24	167	0.843448
24	177	0.91238
25	8	1.18682
25	123	1.26905
25	130	0.375113
25	132	0.495639
25	138	1.15376
25	145	1.19617
25	146	1.22543
25	160	1.10721
25	161	0.390726
25	162	0.355455
25	165	1.11273
25	172	1.10021
25	174	1.04864
26	34	0.476967
26	36	0.302577
26	77	1.30265
26	138	1.18574
26	144	0.522888
26	152	1.22451
26	160	1.13919
26	167	1.14258
26	168	0.380979
26	169	1.08829
26	174	1.08062
26	175	1.08842
26	176	1.14806
27	17	1.21554
27	39	1.25692
27	55	1.2142
27	65	1.16602
27	67	1.18868
27	104	1.19731
27	135	0.994764
27	148	0.405406
27	153	1.89186
27	160	0.420288
27	168	1.21835
27	173	1.42597
27	180	0.948133
28	32	1.12613
28	50	0.395811
28	51	3.2
28	72	1.2578
28	74	1.2321
28	76	1.19491
28	79	1.19834
28	97	1.27453
28	109	0.800335
28	153	0.949153
28	168	1.20993
28	173	0.956956
28	180	0.766914
29	33	1.27694
29	67	0.158517
29	81	0.58734
29	122	1.33379
29	148	1.31513
29	157	1.23432
29	159	1.2449
29	164	1.23509
29	167	1.22276
29	169	1.16847
29	171	0.346248
29	175	1.1686
29	178	0.316509
29	179	0.299546
30	20	1.16632
30	68	1.17168
30	84	1.1416
30	93	1.19935
30	96	1.17771
30	103	1.13341
30	105	1.19107
30	111	1.21562
30	115	1.55284
30	137	0.301694
30	147	0.89527
30	173	1.86596
30	176	0.271504
30	177	0.907526
31	32	1.13941
31	49	1.22752
31	58	0.422068
31	74	1.24537
31	79	1.21161
31	97	1.2878
31	120	0.951377
31	131	0.980833
31	135	2.2735
31	151	0.397806
31	153	0.962426
31	164	0.784051
31	168	1.2232
31	173	0.970229
32	28	1.12613
32	31	1.13941
32	49	1.17373
32	72	1.21728
32	79	1.15782
32	97	1.23401
32	101	0.549767
32	104	1.14837
32	135	0.473311
32	136	0.917203
32	168	1.16941
32	173	0.916437
32	177	2.39657
32	180	1.41171
33	13	0.952986
33	29	1.27694
33	52	0.829024
33	90	1.18788
33	132	0.746753
33	135	0.924547
33	142	0.984817
33	148	1.08126
33	151	1.1567
33	168	0.602871
33	169	0.934603
33	173	0.895163
33	175	0.934729
33	176	0.994366
34	26	0.476967
34	124	1.10136
34	126	1.15447
34	128	1.06813
34	130	1.1284
34	141	1.13359
34	143	1.08422
34	146	0.564112
34	162	1.10719
34	171	1.12136
34	174	1.34922
34	176	1.16129
34	178	1.14671
34	179	1.15453
35	7	1.27784
35	44	1.13961
35	53	1.13525
35	66	0.364286
35	91	1.18396
35	106	0.45745
35	113	0.445265
35	127	1.24697
35	143	0.553116
35	157	1.05449
35	163	1.05449
35	167	1.04293
35	170	1.07555
35	175	0.988766
36	3	1.12408
36	26	0.302577
36	49	1.1937
36	72	1.23725
36	74	1.21155
36	79	1.17779
36	97	1.25398
36	100	0.452679
36	131	0.947012
36	147	3.83761
36	153	0.928605
36	164	0.596195
36	168	1.18938
36	173	0.936408
37	20	1.16353
37	24	1.14638
37	84	1.13881
37	87	0.353657
37	93	1.19656
37	96	1.17492
37	103	1.13062
37	105	1.18828
37	109	0.94281
37	111	1.21283
37	134	0.296753
37	160	0.862262
37	173	2.41167
37	177	0.904735
38	47	1.17532
38	54	0.365458
38	68	1.13423
38	73	1.186
38	84	1.10415
38	93	1.1619
38	96	1.14026
38	103	1.09596
38	105	1.15362
38	111	1.17817
38	148	0.349061
38	153	2.7343
38	163	0.692856
38	177	0.870076
39	5	1.16496
39	17	1.28896
39	27	1.25692
39	55	1.28762
39	60	1.11827
39	65	1.23944
39	67	1.2621
39	135	1.06819
39	150	0.476995
39	158	0.418429
39	164	0.429676
39	168	1.29177
39	173	0.7221
39	177	3.34285
39	180	1.02156
40	15	1.06769
40	85	0.659328
40	98	0.578923
40	106	1.24229
40	126	1.23451
40	137	0.683145
40	141	1.21363
40	154	1.16785
40	161	1.1905
40	166	1.22082
40	167	1.24617
40	171	1.20141
40	172	1.05283
40	178	1.22675
40	179	1.23457
41	1	1.13683
41	17	1.19152
41	54	0.62396
41	60	1.02083
41	65	1.142
41	67	1.16466
41	69	0.902319
41	83	0.716157
41	104	1.17329
41	108	1.179
41	109	1.2855
41	135	0.970746
41	168	1.19433
41	177	2.65445
41	180	0.924115
42	46	1.09388
42	108	0.579068
42	115	0.993193
42	118	0.589615
42	133	1.18964
42	138	1.10782
42	146	1.17949
42	156	1.12935
42	157	1.07622
42	158	1.0988
42	165	1.06679
42	166	0.376429
42	171	0.459478
42	172	1.05427
42	175	1.0105
43	58	0.837687
43	119	1.09637
43	121	1.08868
43	124	1.07476
43	143	1.05762
43	146	0.727454
43	152	0.916808
43	154	1.0612
43	161	1.08386
43	162	1.08059
43	166	1.11418
43	171	1.09476
43	174	1.51256
43	178	1.12011
43	179	1.12793
44	35	1.13961
44	91	1.17244
44	102	0.651668
44	116	0.538738
44	117	1.18334
44	145	1.11697
44	149	0.476254
44	152	1.11333
44	158	1.06554
44	163	1.04297
44	165	1.03353
44	167	1.0314
44	170	1.06402
44	176	1.03687
44	178	0.372584
45	55	0.261994
45	76	0.471552
45	105	0.319111
45	121	0.496571
45	122	1.28467
45	138	1.2168
45	145	1.25922
45	148	1.26601
45	158	1.20778
45	162	0.405935
45	163	1.18521
45	164	1.18597
45	172	1.16325
45	174	1.11168
45	175	1.11948
46	42	1.09388
46	55	0.118009
46	97	0.12282
46	117	1.11587
46	123	1.12238
46	138	1.00709
46	140	1.03798
46	150	1.02631
46	152	1.04587
46	164	0.976259
46	168	1.57918
46	169	0.909645
46	174	0.901971
46	175	0.909772
46	180	0.85296
47	38	1.17532
47	68	1.24013
47	73	1.2919
47	92	0.540705
47	93	1.2678
47	94	1.62855
47	103	1.20187
47	105	1.25953
47	108	1.25188
47	111	1.28407
47	112	1.05119
47	151	0.583884
47	156	0.543824
47	177	0.97598
47	180	2.5262
48	12	0.833329
48	64	0.588938
48	123	1.22592
48	128	0.510813
48	140	1.14152
48	151	1.23528
48	152	1.1494
48	154	0.538517
48	158	1.10161
48	165	1.0696
48	168	0.385553
48	170	1.10009
48	172	1.05708
48	175	1.01331
48	176	1.07294
49	3	1.19222
49	4	0.582175
49	18	1.11902
49	31	1.22752
49	32	1.17373
49	36	1.1937
49	61	0.616065
49	74	1.27969
49	76	1.2425
49	79	1.24593
49	88	0.804614
49	120	0.985695
49	137	0.775177
49	153	0.996744
49	168	1.25752
49	173	1.00455
50	28	0.395811
50	127	1.25307
50	128	0.757836
50	148	1.1414
50	156	1.11372
50	163	1.0606
50	164	1.06136
50	165	1.05117
50	167	1.04903
50	169	0.994743
50	171	0.669312
50	172	1.03864
50	174	0.987068
50	175	0.99487
50	176	1.05451
50	178	0.639573
51	28	3.2
51	85	0.904377
51	93	0.956803
51	100	0.90751
51	103	0.890866
51	105	0.948526
51	110	0.652247
51	120	0.684391
51	156	0.861665
51	161	0.92006
51	166	0.950383
51	174	0.735009
51	176	0.802446
51	177	0.664981
51	178	0.956313
51	179	0.964133
52	3	0.868795
52	18	0.756911
52	19	0.85504
52	33	0.829024
52	69	0.642078
52	74	0.956259
52	91	0.915885
52	97	0.99869
52	105	2.74429
52	149	0.896677
52	156	0.839542
52	167	0.774849
52	171	0.908843
52	173	0.68112
52	178	0.93419
52	179	0.94201
53	14	0.73813
53	35	1.13525
53	102	0.661986
53	118	0.542778
53	125	1.09532
53	137	1.14648
53	140	1.10108
53	152	1.10897
53	154	0.528869
53	158	1.06118
53	163	1.0386
53	164	1.03936
53	170	1.05966
53	172	1.01665
53	174	0.965074
53	176	1.03251
54	38	0.365458
54	41	0.62396
54	66	0.299477
54	86	0.708229
54	123	1.27713
54	148	1.21105
54	150	1.18105
54	151	1.28649
54	152	1.20061
54	154	0.492396
54	157	1.13024
54	158	1.15282
54	160	1.11529
54	174	1.05672
54	175	1.06452
54	176	1.12415
55	1	1.19155
55	5	1.12224
55	17	1.24624
55	27	1.2142
55	39	1.28762
55	45	0.261994
55	46	0.118009
55	60	1.07555
55	65	1.19672
55	67	1.21938
55	112	0.711139
55	115	1.01834
55	136	0.781178
55	168	1.24905
55	177	3.01272
55	180	0.978835
56	89	0.708297
56	97	0.184125
56	124	0.771401
56	134	1.13649
56	140	1.11545
56	148	1.13377
56	151	1.20921
56	152	1.12334
56	157	1.05296
56	159	1.06354
56	160	1.03801
56	165	1.04354
56	166	0.631251
56	169	0.987115
56	175	0.987242
56	177	0.909413
57	98	1.30883
57	128	0.424877
57	129	1.03599
57	130	0.322973
57	137	1.25928
57	144	0.441525
57	146	1.25466
57	154	0.452581
57	156	1.20453
57	159	1.16197
57	161	0.338586
57	165	1.14197
57	167	1.13983
57	172	1.12944
57	174	1.07787
57	175	1.08567
58	31	0.422068
58	43	0.837687
58	87	1.26607
58	125	1.12067
58	127	1.25642
58	132	0.72224
58	142	1.0483
58	143	0.727234
58	147	0.908132
58	160	1.04899
58	165	1.05451
58	167	1.05238
58	169	0.99809
58	174	0.990416
58	175	0.998217
58	176	1.05785
59	71	1.13002
59	87	0.574586
59	117	0.852817
59	118	1.20459
59	126	1.18901
59	132	1.16855
59	151	0.722014
59	154	1.12234
59	155	1.14224
59	162	1.14173
59	166	1.17532
59	169	1.3389
59	170	1.0009
59	171	1.1559
59	178	1.18125
59	179	1.18907
60	5	0.952886
60	17	1.07689
60	39	1.11827
60	41	1.02083
60	55	1.07555
60	67	1.05003
60	69	0.787682
60	76	1.06468
60	104	1.05865
60	115	0.848987
60	135	0.856108
60	152	0.581696
60	164	0.864557
60	168	1.07969
60	173	2.58398
60	180	0.809478
61	3	0.465367
61	49	0.616065
61	77	1.27306
61	78	1.08646
61	121	0.555611
61	140	1.18703
61	152	1.19492
61	154	0.614242
61	157	1.12454
61	163	1.12455
61	164	1.12531
61	166	0.414966
61	169	1.0587
61	170	1.1456
61	172	1.1026
61	175	1.05882
61	176	1.11846
62	89	1.10046
62	91	0.989401
62	106	1.18134
62	114	0.875491
62	116	1.08524
62	130	1.14749
62	143	1.1033
62	144	1.12356
62	145	0.793616
62	146	0.606362
62	149	1.12828
62	155	1.12679
62	161	1.12954
62	166	1.15987
62	171	1.14045
62	174	1.39147
62	179	1.17362
63	11	1.15124
63	107	0.671744
63	117	0.819605
63	124	1.13247
63	125	0.760005
63	130	1.15951
63	132	1.16512
63	149	1.14031
63	155	1.13881
63	157	0.992792
63	162	1.1383
63	166	1.17189
63	171	1.15247
63	175	1.4181
63	177	0.886489
63	178	1.17782
63	179	1.18564
64	48	0.588938
64	81	1.21498
64	95	0.613913
64	107	0.740422
64	116	1.20247
64	118	1.30636
64	123	0.694002
64	126	1.29078
64	143	1.22053
64	145	0.858764
64	162	1.2435
64	165	1.16082
64	166	1.27709
64	171	1.25767
64	178	1.28302
64	179	1.29084
64	180	1.01271
65	1	1.14337
65	5	1.07406
65	27	1.16602
65	39	1.23944
65	41	1.142
65	55	1.19672
65	67	1.1712
65	78	0.405416
65	104	1.17983
65	108	1.18553
65	112	1.86011
65	115	0.97016
65	129	2.29205
65	145	0.423563
65	168	1.20087
65	170	0.299172
65	180	0.93065
66	13	1.03933
66	35	0.364286
66	54	0.299477
66	81	1.10509
66	119	1.1494
66	121	1.14171
66	126	1.18089
66	143	1.11064
66	154	1.11423
66	155	1.13412
66	161	1.13688
66	162	1.13361
66	174	1.21328
66	175	1.24344
66	176	1.02535
66	178	1.17313
66	179	1.18095
67	1	1.16603
67	27	1.18868
67	29	0.158517
67	39	1.2621
67	41	1.16466
67	55	1.21938
67	60	1.05003
67	65	1.1712
67	82	0.313288
67	108	1.2082
67	109	3.51416
67	115	0.992825
67	117	0.287498
67	135	0.999946
67	165	0.560039
67	168	1.22353
67	180	0.953315
68	30	1.17168
68	38	1.13423
68	47	1.24013
68	84	1.16896
68	90	0.404878
68	93	1.22671
68	96	1.20507
68	103	1.16077
68	105	1.21843
68	109	0.972964
68	111	1.24298
68	131	1.96606
68	147	0.922632
68	167	0.430035
68	173	1.90639
68	176	0.311928
68	177	0.934889
69	41	0.902319
69	52	0.642078
69	60	0.787682
69	93	3.07251
69	106	0.976827
69	109	0.70803
69	112	0.745166
69	122	0.912974
69	139	0.939377
69	149	0.923774
69	156	0.866639
69	163	0.813512
69	168	0.961187
69	172	0.791558
69	176	0.80742
69	178	0.961287
69	179	0.969107
69	180	0.690971
70	94	1.06502
70	128	0.430891
70	130	0.328986
70	134	1.29857
70	142	1.19941
70	144	0.447539
70	146	1.31831
70	150	1.26586
70	153	1.10195
70	157	1.21504
70	162	0.309328
70	164	1.21581
70	170	1.2361
70	172	1.1931
70	174	1.14152
70	175	1.14932
70	178	0.312628
70	179	0.295665
71	59	1.13002
71	113	1.16845
71	114	0.789494
71	121	1.17075
71	128	1.12359
71	134	0.597088
71	141	1.18906
71	143	1.13968
71	149	1.16466
71	152	0.709719
71	157	0.910325
71	158	0.918649
71	161	1.16592
71	162	1.16266
71	166	1.19625
71	171	1.17683
71	175	1.33563
71	178	1.20218
71	179	1.21
72	7	0.197223
72	28	1.2578
72	32	1.21728
72	36	1.23725
72	74	1.32324
72	79	1.28948
72	91	0.282849
72	94	1.00336
72	97	1.36567
72	120	1.02925
72	129	1.03799
72	136	1.04886
72	153	1.0403
72	156	0.31756
72	160	0.542042
72	168	1.30107
72	173	1.0481
72	176	0.49699
72	180	3.72734
73	24	1.2283
73	38	1.186
73	47	1.2919
73	84	1.22073
73	91	0.330659
73	93	1.27848
73	96	1.25684
73	103	1.21254
73	105	1.2702
73	109	1.02473
73	110	0.973922
73	111	1.29475
73	129	2.09611
73	131	1.40468
73	147	0.974399
73	158	0.484353
73	173	1.34501
73	175	0.479971
73	177	0.986656
74	28	1.2321
74	31	1.24537
74	36	1.21155
74	49	1.27969
74	52	0.956259
74	72	1.32324
74	79	1.26378
74	95	0.448989
74	97	1.33997
74	110	5.2
74	129	1.01229
74	136	1.02316
74	140	0.304052
74	146	0.431574
74	147	0.990136
74	153	1.01459
74	168	1.27537
74	173	1.0224
74	177	0.969264
75	17	0.352077
75	99	1.11795
75	106	0.984386
75	109	0.87183
75	117	1.11769
75	125	1.03403
75	126	0.992213
75	134	1.06083
75	140	1.03979
75	142	0.961672
75	145	1.05132
75	146	1.08057
75	148	1.05811
75	153	0.864214
75	163	0.977312
75	164	0.978071
75	169	0.911458
75	174	0.903783
75	176	0.971221
75	179	0.92121
76	23	1.17126
76	28	1.19491
76	45	0.471552
76	49	1.2425
76	60	1.06468
76	80	0.460324
76	104	1.21714
76	115	1.00748
76	135	1.0146
76	156	0.955189
76	158	0.935723
76	162	1.19876
76	165	1.02675
76	168	1.23818
76	171	1.21293
76	173	0.985211
76	175	1.35271
76	178	1.23828
76	179	1.2461
76	180	0.967965
77	2	1.30466
77	26	1.30265
77	61	1.27306
77	125	1.16308
77	132	0.469017
77	136	1.00183
77	140	1.16884
77	143	0.474011
77	149	0.435803
77	150	1.15716
77	151	1.2626
77	153	0.993258
77	154	0.4781
77	164	1.10711
77	169	1.0405
77	171	0.361872
77	172	1.0844
77	175	1.04063
77	176	1.10026
77	179	0.31517
78	61	1.08646
78	65	0.405416
78	85	1.0156
78	95	1.12306
78	112	0.85141
78	113	1.56526
78	120	0.795609
78	133	1.03317
78	148	1.00056
78	151	1.076
78	156	0.972883
78	158	0.942329
78	164	0.920514
78	167	0.90819
78	170	0.940808
78	174	0.846227
78	176	0.913664
78	177	0.776199
78	178	1.53123
78	180	0.797215
79	28	1.19834
79	31	1.21161
79	32	1.15782
79	36	1.17779
79	49	1.24593
79	72	1.28948
79	74	1.26378
79	97	1.30621
79	120	0.969789
79	123	0.278473
79	129	0.97853
79	133	0.365429
79	136	0.989408
79	142	0.460332
79	147	4.77225
79	148	0.275085
79	153	0.980838
79	163	0.326701
79	168	1.24161
79	173	0.988642
80	76	0.460324
80	86	0.759807
80	87	1.33013
80	101	1.32221
80	105	0.307883
80	114	1.16038
80	116	0.564161
80	138	1.1596
80	142	1.11236
80	157	1.128
80	164	1.12876
80	165	1.11857
80	167	1.11644
80	169	1.06215
80	170	1.14906
80	171	0.427746
80	172	1.10605
80	176	1.12191
80	177	0.984446
80	179	0.381044
81	29	0.58734
81	64	1.21498
81	66	1.10509
81	85	0.874402
81	92	0.625664
81	121	1.15393
81	128	1.10677
81	130	1.16705
81	133	0.821799
81	139	1.16345
81	140	0.94401
81	144	1.14312
81	155	1.14634
81	161	1.1491
81	166	1.17943
81	171	1.16001
81	173	0.932285
81	176	1.34313
81	178	1.18536
81	179	1.19318
82	67	0.313288
82	87	1.28398
82	90	1.26928
82	92	1.23462
82	97	0.280045
82	100	1.18083
82	101	1.27606
82	119	0.532779
82	146	1.18512
82	152	1.15222
82	154	0.635004
82	155	0.63146
82	156	1.13498
82	159	1.09243
82	162	0.485737
82	164	1.08262
82	165	1.07243
82	172	1.0599
82	175	1.01613
82	180	0.959317
83	14	0.729364
83	41	0.716157
83	92	1.26045
83	108	0.523465
83	111	0.204194
83	122	1.20714
83	123	1.25457
83	138	1.13927
83	145	1.18169
83	146	1.21094
83	149	0.477806
83	155	0.516559
83	158	1.13026
83	159	1.11825
83	160	1.09272
83	165	1.09825
83	170	1.12873
83	174	1.03415
83	175	1.04195
83	176	1.10159
84	20	1.16361
84	30	1.1416
84	37	1.13881
84	38	1.10415
84	68	1.16896
84	73	1.22073
84	93	1.19663
84	94	2.77145
84	96	1.17499
84	98	0.401628
84	103	1.13069
84	105	1.18835
84	108	1.18071
84	111	1.2129
84	112	0.980021
84	117	0.32546
84	122	0.334159
84	133	0.429431
84	136	2.42241
84	147	0.892553
84	177	0.904809
85	40	0.659328
85	51	0.904377
85	78	1.0156
85	81	0.874402
85	95	1.25699
85	121	0.690906
85	125	1.11041
85	134	1.1372
85	135	0.977778
85	139	0.634924
85	145	1.1277
85	146	1.15695
85	157	1.05368
85	158	1.07626
85	159	1.06426
85	169	0.987833
85	172	1.03173
85	174	0.980159
85	175	0.98796
85	178	0.60357
85	180	0.931147
86	15	0.993833
86	54	0.708229
86	80	0.759807
86	92	0.716633
86	118	1.17624
86	119	1.12916
86	121	1.12147
86	127	0.77818
86	130	1.13459
86	139	1.13099
86	143	1.09041
86	144	1.11066
86	146	0.836922
86	154	1.09399
86	155	1.11389
86	161	1.11665
86	166	1.14697
86	171	1.12755
86	172	1.35887
86	178	1.1529
86	179	1.16072
87	22	0.72973
87	37	0.353657
87	58	1.26607
87	59	0.574586
87	80	1.33013
87	82	1.28398
87	103	0.0858197
87	117	1.30035
87	123	1.30686
87	137	1.26785
87	143	0.555543
87	148	1.24077
87	163	1.15997
87	164	1.16073
87	169	1.09412
87	171	0.443404
87	173	1.05468
87	174	1.08644
87	175	1.09425
87	176	1.15388
87	178	0.413665
88	49	0.804614
88	93	0.216791
88	101	1.22923
88	114	1.06741
88	126	0.710865
88	128	0.775088
88	133	1.14844
88	134	1.11855
88	136	0.9305
88	142	1.01939
88	144	0.791736
88	145	1.10904
88	156	1.08816
88	160	1.02007
88	163	1.03503
88	164	1.03579
88	165	1.0256
88	172	1.01307
88	174	0.9615
88	175	0.969301
88	176	1.02894
89	56	0.708297
89	62	1.10046
89	128	1.10947
89	139	1.16615
89	143	1.12557
89	144	1.14582
89	148	0.771157
89	149	1.15055
89	150	0.95571
89	153	0.927186
89	155	1.14905
89	161	1.15181
89	162	1.14854
89	163	1.11495
89	166	1.18213
89	170	0.863718
89	171	1.16271
89	176	1.09604
89	177	0.896727
89	178	1.18806
89	179	1.19588
90	2	1.34357
90	22	0.670037
90	33	1.18788
90	68	0.404878
90	82	1.26928
90	93	0.343661
90	107	1.23934
90	116	0.520126
90	124	0.440812
90	143	0.49585
90	148	1.22607
90	156	1.19839
90	159	1.15584
90	160	1.13031
90	161	0.385943
90	165	1.13584
90	167	1.1337
90	169	1.07941
90	170	1.16632
90	172	1.12331
90	174	1.07174
90	176	1.13918
91	5	0.44123
91	35	1.18396
91	44	1.17244
91	52	0.915885
91	62	0.989401
91	72	0.282849
91	73	0.330659
91	107	1.18139
91	118	1.01804
91	131	0.992627
91	137	1.1952
91	140	1.1498
91	145	1.16133
91	148	1.16812
91	156	1.14045
91	159	1.09789
91	167	1.07575
91	169	1.02146
91	170	1.10837
91	174	1.01379
91	175	1.02159
91	179	0.841198
92	14	0.710061
92	18	1.08111
92	47	0.540705
92	81	0.625664
92	82	1.23462
92	83	1.26045
92	86	0.716633
92	109	1.00513
92	121	0.442169
92	123	1.2575
92	132	0.491718
92	137	1.2185
92	140	1.1731
92	146	1.21388
92	148	1.19142
92	151	1.26685
92	153	0.997517
92	156	1.16374
92	164	1.11137
92	167	1.09905
92	172	1.08866
92	174	1.03709
92	179	0.33787
93	12	0.860407
93	24	1.2042
93	30	1.19935
93	37	1.19656
93	38	1.1619
93	47	1.2678
93	51	0.956803
93	68	1.22671
93	69	3.07251
93	73	1.27848
93	84	1.19663
93	88	0.216791
93	90	0.343661
93	96	1.23274
93	99	0.542833
93	100	0.353915
93	103	1.18844
93	105	1.2461
93	111	1.27065
93	147	0.9503
93	153	0.850934
93	177	0.962556
93	180	2.02093
94	4	0.941788
94	6	0.822048
94	47	1.62855
94	70	1.06502
94	72	1.00336
94	84	2.77145
94	97	1.02009
94	101	1.00202
94	115	0.724785
94	124	0.910237
94	126	0.963349
94	131	0.713125
94	136	0.703287
94	137	0.915697
94	144	0.913355
94	155	0.916579
94	160	0.792856
94	168	0.955491
94	169	0.741961
94	170	0.828868
94	173	0.702521
94	179	0.963411
95	12	0.915446
95	64	0.613913
95	74	0.448989
95	78	1.12306
95	85	1.25699
95	107	1.25522
95	113	0.451553
95	116	0.58368
95	138	1.19274
95	139	0.448879
95	141	0.405224
95	146	1.26441
95	157	1.16115
95	158	1.18373
95	163	1.16115
95	164	1.16191
95	165	1.15172
95	168	0.410528
95	169	1.0953
95	172	1.1392
95	174	1.08762
95	175	1.09542
95	176	1.15506
96	2	0.056775
96	20	1.19972
96	24	1.18256
96	30	1.17771
96	37	1.17492
96	38	1.14026
96	68	1.20507
96	73	1.25684
96	84	1.17499
96	93	1.23274
96	103	1.1668
96	105	1.22446
96	108	1.21682
96	110	0.928186
96	111	1.24901
96	135	1.88403
96	136	2.50321
96	147	0.928663
96	157	0.312324
96	163	0.538457
96	165	0.411678
96	174	0.707471
96	177	0.940919
97	3	1.2525
97	28	1.27453
97	31	1.2878
97	32	1.23401
97	36	1.25398
97	46	0.12282
97	52	0.99869
97	56	0.184125
97	72	1.36567
97	74	1.33997
97	79	1.30621
97	82	0.280045
97	94	1.02009
97	104	1.29676
97	112	1.52257
97	115	0.890279
97	120	1.04598
97	131	1.07543
97	136	1.06559
97	140	0.483595
97	151	0.376071
97	168	1.3178
97	173	1.06483
97	177	3.82415
98	40	0.578923
98	57	1.30883
98	84	0.401628
98	114	1.14766
98	119	0.566907
98	137	1.22316
98	140	1.17776
98	145	1.18929
98	152	1.18565
98	156	1.16841
98	160	1.10032
98	162	0.519865
98	165	1.10585
98	166	0.469856
98	167	1.10371
98	169	1.04942
98	170	1.13633
98	172	1.09333
98	173	1.00998
98	174	1.04175
98	175	1.04955
98	176	1.10919
98	178	0.523165
98	179	0.506203
99	20	0.448669
99	21	1.27711
99	75	1.11795
99	93	0.542833
99	107	1.19255
99	113	0.513777
99	121	0.567085
99	125	1.15521
99	138	1.13008
99	139	0.511102
99	142	1.08284
99	145	1.17249
99	146	1.20174
99	152	1.16885
99	156	1.15161
99	158	1.12106
99	159	1.10905
99	161	0.51172
99	163	1.09848
99	167	1.08692
99	168	0.472751
99	169	1.03263
99	172	1.07653
99	174	1.02495
100	10	0.858457
100	36	0.452679
100	51	0.90751
100	82	1.18083
100	93	0.353915
100	101	1.25103
100	117	1.19719
100	133	1.17023
100	143	0.898513
100	148	1.13762
100	150	1.10763
100	157	1.05681
100	159	1.06739
100	163	1.05682
100	164	1.05758
100	167	1.04526
100	169	0.990966
100	172	1.03487
100	174	0.983292
100	175	0.991093
100	176	1.05073
100	177	0.913264
100	178	0.756634
100	179	0.739672
101	32	0.549767
101	80	1.32221
101	82	1.27606
101	88	1.22923
101	94	1.00202
101	100	1.25103
101	108	0.459414
101	132	0.446969
101	133	1.26546
101	137	1.25993
101	145	1.22606
101	154	0.456052
101	155	0.452509
101	157	1.15205
101	158	1.17463
101	159	1.16262
101	165	1.14262
101	168	0.303088
101	170	1.17311
101	172	1.1301
101	174	1.07852
101	176	1.14596
101	177	1.0085
101	178	0.310085
101	179	0.293122
102	44	0.651668
102	53	0.661986
102	118	1.18554
102	119	1.13846
102	120	0.890278
102	121	1.13077
102	123	0.776698
102	124	1.11685
102	126	1.16996
102	130	1.14389
102	132	1.1495
102	138	0.916538
102	139	1.14029
102	140	0.952264
102	143	1.09971
102	147	0.858612
102	149	1.12469
102	154	1.10329
102	156	1.17196
102	162	1.12268
102	166	1.15627
102	170	1.11907
102	171	1.13685
102	178	1.1622
102	179	1.17002
103	20	1.15542
103	24	1.13826
103	30	1.13341
103	37	1.13062
103	38	1.09596
103	47	1.20187
103	51	0.890866
103	68	1.16077
103	73	1.21254
103	84	1.13069
103	87	0.0858197
103	93	1.18844
103	96	1.1668
103	105	1.18016
103	108	1.17252
103	110	0.883886
103	111	1.20471
103	112	0.971831
103	120	2.41366
103	123	0.368652
103	145	0.334531
103	147	0.884363
103	167	0.862564
103	170	0.512136
103	173	2.33892
103	177	0.89662
104	3	1.16687
104	27	1.19731
104	32	1.14837
104	41	1.17329
104	60	1.05865
104	65	1.17983
104	76	1.21714
104	97	1.29676
104	114	0.777692
104	127	0.44982
104	131	0.989794
104	138	0.670894
104	143	1.16977
104	144	1.19002
104	154	1.17335
104	155	1.19325
104	157	0.898524
104	163	1.12466
104	165	0.997877
104	168	1.23216
104	169	1.21142
104	173	0.97919
104	176	1.10574
104	178	1.23226
104	179	1.24008
104	180	0.961944
105	20	1.21308
105	24	1.19592
105	30	1.19107
105	37	1.18828
105	38	1.15362
105	45	0.319111
105	47	1.25953
105	51	0.948526
105	52	2.74429
105	68	1.21843
105	73	1.2702
105	80	0.307883
105	84	1.18835
105	93	1.2461
105	96	1.22446
105	103	1.18016
105	109	0.992354
105	110	0.941546
105	111	1.26237
105	112	1.02949
105	135	0.618429
105	136	0.916983
105	147	0.942023
105	153	0.993676
105	172	0.526055
105	177	0.954279
105	180	2.16367
106	35	0.45745
106	40	1.24229
106	62	1.18134
106	69	0.976827
106	75	0.984386
106	115	1.03813
106	124	1.22359
106	125	0.678508
106	127	0.462592
106	130	1.25063
106	139	1.24703
106	141	1.25582
106	149	1.23143
106	151	0.607306
106	154	1.21003
106	155	1.22993
106	156	0.939085
106	161	1.23269
106	162	1.22942
106	164	0.993551
106	166	1.26301
106	170	0.886194
106	171	1.24359
106	176	1.11852
106	178	1.26894
106	179	1.27676
106	180	0.998623
107	63	0.671744
107	64	0.740422
107	90	1.23934
107	91	1.18139
107	95	1.25522
107	99	1.19255
107	114	1.0843
107	139	0.575388
107	147	0.896105
107	150	1.10273
107	151	1.20816
107	156	1.10505
107	157	1.05191
107	160	1.03696
107	161	0.576005
107	162	0.540734
107	163	1.05192
107	164	1.05268
107	165	1.04249
107	168	0.537037
107	169	0.986064
107	170	1.07297
107	172	1.02996
107	174	0.97839
107	175	0.986191
107	176	1.04583
107	179	0.527071
108	5	1.11106
108	11	1.21139
108	41	1.179
108	42	0.579068
108	47	1.25188
108	65	1.18553
108	67	1.2082
108	83	0.523465
108	84	1.18071
108	96	1.21682
108	101	0.459414
108	103	1.17252
108	111	1.25472
108	133	0.700297
108	148	0.896749
108	151	0.710422
108	154	1.17906
108	155	1.19895
108	156	1.0422
108	158	1.02274
108	161	1.20171
108	164	1.09667
108	168	1.23787
108	171	1.21262
108	177	0.946634
108	178	1.23797
108	179	1.24579
108	180	0.96765
109	28	0.800335
109	37	0.94281
109	41	1.2855
109	67	3.51416
109	68	0.972964
109	69	0.70803
109	73	1.02473
109	75	0.87183
109	92	1.00513
109	105	0.992354
109	111	1.0169
109	135	0.776456
109	136	0.747838
109	140	0.914848
109	141	0.987021
109	147	0.696553
109	148	0.933168
109	156	0.905494
109	158	0.874939
109	162	0.960621
109	166	0.994212
109	167	0.840801
109	168	1.00004
109	169	0.786512
109	177	0.708809
109	178	1.00014
109	179	1.00796
109	180	0.729826
110	51	0.652247
110	73	0.973922
110	74	5.2
110	96	0.928186
110	103	0.883886
110	105	0.941546
110	111	0.966091
110	116	0.868777
110	142	0.785917
110	155	0.910321
110	156	0.854685
110	159	0.812128
110	160	0.786598
110	165	0.792126
110	166	0.943403
110	167	0.789992
110	169	0.735703
110	171	0.923986
110	172	0.779604
110	173	0.696263
110	175	0.73583
110	176	0.795466
110	177	0.658001
110	178	0.949333
110	179	0.957153
110	180	0.679017
111	12	0.876675
111	20	1.23762
111	24	1.22047
111	30	1.21562
111	37	1.21283
111	38	1.17817
111	47	1.28407
111	68	1.24298
111	73	1.29475
111	83	0.204194
111	84	1.2129
111	93	1.27065
111	96	1.24901
111	103	1.20471
111	105	1.26237
111	108	1.25472
111	109	1.0169
111	110	0.966091
111	112	1.05404
111	115	1.75021
111	117	0.300539
111	122	0.33763
111	135	1.83337
111	147	0.966568
111	150	0.328552
111	153	2.52924
111	167	0.586988
111	169	0.574562
111	177	0.978825
112	17	1.30618
112	47	1.05119
112	55	0.711139
112	65	1.86011
112	69	0.745166
112	78	0.85141
112	84	0.980021
112	97	1.52257
112	103	0.971831
112	105	1.02949
112	111	1.05404
112	132	1.02458
112	145	0.963512
112	146	0.992764
112	147	0.733689
112	154	0.97837
112	155	0.998266
112	159	0.900073
112	161	1.00102
112	165	0.880071
112	167	0.877937
112	170	0.910555
112	171	1.01193
112	174	0.815973
112	177	0.745946
112	178	1.03728
112	179	1.0451
113	6	1.08613
113	11	1.19309
113	35	0.445265
113	71	1.16845
113	78	1.56526
113	95	0.451553
113	99	0.513777
113	124	1.17432
113	128	1.14108
113	129	0.956489
113	132	1.20697
113	133	0.584996
113	139	1.19776
113	141	1.20655
113	144	1.17743
113	148	0.781448
113	149	1.18216
113	152	0.698505
113	154	1.16076
113	155	1.18066
113	159	0.854932
113	160	1.15138
113	161	1.18342
113	162	1.18015
113	166	1.21374
113	171	1.19432
113	178	1.21967
113	179	1.22749
113	180	0.949355
114	9	1.21443
114	16	1.07734
114	18	0.960721
114	62	0.875491
114	71	0.789494
114	80	1.16038
114	88	1.06741
114	98	1.14766
114	104	0.777692
114	107	1.0843
114	115	0.907194
114	119	0.787993
114	125	1.04695
114	133	1.10364
114	138	1.02182
114	146	1.09349
114	153	0.877127
114	155	0.886675
114	158	1.0128
114	160	0.975265
114	163	0.990225
114	165	0.980793
114	172	0.968271
114	173	0.88493
114	174	0.916696
114	175	0.924497
114	176	0.984133
114	178	0.744251
115	24	2.00667
115	30	1.55284
115	42	0.993193
115	55	1.01834
115	60	0.848987
115	65	0.97016
115	67	0.992825
115	76	1.00748
115	94	0.724785
115	97	0.890279
115	106	1.03813
115	111	1.75021
115	114	0.907194
115	120	0.750671
115	125	0.931539
115	127	1.06729
115	132	1.0099
115	141	1.00947
115	147	0.719004
115	148	0.955619
115	149	0.985079
115	160	0.859858
115	164	0.875576
115	168	1.02249
115	171	0.997246
115	173	0.769523
115	175	0.80909
115	177	0.731261
115	178	1.02259
115	179	1.03041
115	180	0.752277
116	10	1.17409
116	22	1.10896
116	44	0.538738
116	62	1.08524
116	64	1.20247
116	80	0.564161
116	90	0.520126
116	95	0.58368
116	110	0.868777
116	118	1.19618
116	119	1.14911
116	121	1.14142
116	122	0.866749
116	132	1.16015
116	139	1.15093
116	141	1.15972
116	144	1.13061
116	149	1.13533
116	153	0.91197
116	154	1.11394
116	155	1.13383
116	158	1.03956
116	159	0.987058
116	161	1.13659
116	163	1.25737
116	165	1.13059
116	166	1.16691
116	168	1.17274
116	171	1.1475
116	178	1.17284
116	179	1.18066
117	11	0.677465
117	44	1.18334
117	46	1.11587
117	59	0.852817
117	63	0.819605
117	67	0.287498
117	75	1.11769
117	84	0.32546
117	87	1.30035
117	100	1.19719
117	111	0.300539
117	137	1.2061
117	143	0.833774
117	146	1.20148
117	148	1.17902
117	150	1.14903
117	151	1.25446
117	152	1.16859
117	158	1.12079
117	164	1.09898
117	165	1.08879
117	167	1.08666
117	168	0.684898
117	169	1.03237
117	170	1.11927
117	172	1.07627
117	174	1.02469
117	175	1.03249
117	176	1.09213
117	177	0.954664
117	179	0.674933
118	4	0.594262
118	7	0.514024
118	19	0.668062
118	42	0.589615
118	53	0.542778
118	59	1.20459
118	64	1.30636
118	86	1.17624
118	91	1.01804
118	102	1.18554
118	116	1.19618
118	124	1.23139
118	129	1.01356
118	130	1.25843
118	134	0.711721
118	144	1.2345
118	145	0.822252
118	146	0.634998
118	147	0.973152
118	149	1.23923
118	150	1.09185
118	154	1.21783
118	155	1.23773
118	161	1.24049
118	162	1.23722
118	166	1.27081
118	173	1.02367
118	177	0.985408
118	178	1.27674
118	179	1.28456
118	180	1.00642
119	14	1.22555
119	43	1.09637
119	66	1.1494
119	82	0.532779
119	86	1.12916
119	98	0.566907
119	102	1.13846
119	114	0.787993
119	116	1.14911
119	121	1.19823
119	125	0.676037
119	137	0.67113
119	139	1.20775
119	141	1.21654
119	143	1.16717
119	144	1.18743
119	145	0.706118
119	147	0.926073
119	148	0.791162
119	149	1.19215
119	154	1.17075
119	155	1.19065
119	161	1.19341
119	162	1.19014
119	166	1.22373
119	167	1.23415
119	170	0.883723
119	171	1.20431
119	173	0.976591
119	174	1.30397
119	178	1.22966
119	179	1.23748
120	5	2.32458
120	17	1.06176
120	31	0.951377
120	49	0.985695
120	51	0.684391
120	72	1.02925
120	78	0.795609
120	79	0.969789
120	97	1.04598
120	102	0.890278
120	103	2.41366
120	115	0.750671
120	130	0.963169
120	134	0.917219
120	136	0.729173
120	137	0.941583
120	139	0.959567
120	140	0.896183
120	142	0.818061
120	151	0.989942
120	166	0.975547
120	168	0.981377
120	171	0.95613
120	172	0.811747
120	173	0.728407
120	175	0.767974
120	177	0.690145
120	178	0.981477
120	179	0.989297
121	23	1.15495
121	43	1.08868
121	45	0.496571
121	61	0.555611
121	66	1.14171
121	71	1.17075
121	81	1.15393
121	85	0.690906
121	86	1.12147
121	92	0.442169
121	99	0.567085
121	102	1.13077
121	116	1.14142
121	119	1.19823
121	129	0.95879
121	130	1.20366
121	137	0.714724
121	138	0.724789
121	139	1.20006
121	141	1.20885
121	144	1.17974
121	149	1.18446
121	154	1.16306
121	155	1.18296
121	161	1.18572
121	162	1.18245
121	167	1.27774
121	169	1.26532
121	170	0.927317
121	171	1.19662
121	178	1.22197
121	179	1.22979
122	29	1.33379
122	45	1.28467
122	69	0.912974
122	83	1.20714
122	84	0.334159
122	111	0.33763
122	116	0.866749
122	133	1.17072
122	134	1.14083
122	136	0.952782
122	140	1.11979
122	141	0.688293
122	142	1.04167
122	145	1.13132
122	156	1.11044
122	157	1.0573
122	158	1.07988
122	159	1.06788
122	160	1.04235
122	163	1.05731
122	164	1.05807
122	166	0.647285
122	168	0.693597
122	169	0.991456
122	170	1.07836
122	174	0.983781
122	175	0.991582
122	176	1.05122
122	178	0.700594
122	179	0.683632
122	180	0.93477
123	10	0.599436
123	25	1.26905
123	46	1.12238
123	48	1.22592
123	54	1.27713
123	64	0.694002
123	79	0.278473
123	83	1.25457
123	87	1.30686
123	92	1.2575
123	102	0.776698
123	103	0.368652
123	127	1.29721
123	133	1.21814
123	134	1.18825
123	137	1.21261
123	140	1.16721
123	145	1.17874
123	147	0.948919
123	156	1.15786
123	157	1.10472
123	165	1.0953
123	166	0.444304
123	168	0.490616
123	169	1.03888
123	170	1.12578
123	171	0.527353
123	172	1.08278
123	174	1.0312
123	175	1.039
123	178	0.497614
123	179	0.480651
124	14	1.20393
124	34	1.10136
124	43	1.07476
124	56	0.771401
124	63	1.13247
124	90	0.440812
124	94	0.910237
124	102	1.11685
124	106	1.22359
124	113	1.17432
124	118	1.23139
124	128	1.12946
124	132	1.19535
124	138	0.724293
124	139	1.18614
124	142	1.27808
124	144	1.16581
124	145	0.749216
124	149	1.17053
124	151	0.647933
124	154	1.14914
124	155	1.16903
124	156	0.979712
124	157	0.951923
124	159	0.907743
124	161	1.17179
124	162	1.16853
124	166	1.20212
124	171	1.1827
124	172	1.08391
124	177	0.916713
124	178	1.20805
124	179	1.21587
125	2	1.21287
125	12	0.768864
125	19	1.0832
125	53	1.09532
125	58	1.12067
125	63	0.760005
125	75	1.03403
125	77	1.16308
125	85	1.11041
125	99	1.15521
125	106	0.678508
125	114	1.04695
125	115	0.931539
125	119	0.676037
125	126	0.686335
125	128	0.750558
125	133	1.12798
125	134	1.09809
125	140	1.07705
125	151	1.17081
125	152	1.08494
125	155	0.774719
125	156	1.0677
125	161	0.664266
125	163	1.01457
125	164	1.01533
125	166	0.578985
125	167	1.003
125	169	0.948716
125	170	1.03562
125	172	0.992616
125	174	0.941041
125	176	1.00848
125	180	0.89203
126	9	0.384103
126	21	0.433994
126	34	1.15447
126	40	1.23451
126	59	1.18901
126	64	1.29078
126	66	1.18089
126	75	0.992213
126	88	0.710865
126	94	0.963349
126	102	1.16996
126	125	0.686335
126	127	0.47042
126	128	1.18257
126	132	1.24846
126	136	1.00885
126	137	0.681428
126	141	1.24804
126	143	1.19866
126	144	1.21892
126	150	0.986013
126	155	1.22214
126	158	0.927447
126	159	0.874943
126	161	1.2249
126	162	1.22164
126	166	1.25523
126	168	1.26106
126	171	1.23581
126	176	1.12634
126	177	0.969825
126	178	1.26116
126	179	1.26898
126	180	0.990841
127	18	1.12082
127	23	0.446693
127	35	1.24697
127	50	1.25307
127	58	1.25642
127	86	0.77818
127	104	0.44982
127	106	0.462592
127	115	1.06729
127	123	1.29721
127	126	0.47042
127	130	0.432738
127	134	1.23384
127	135	1.07442
127	144	0.551291
127	146	1.25359
127	148	1.23113
127	151	1.30657
127	152	1.22069
127	154	0.562347
127	155	0.558803
127	158	1.1729
127	159	1.1609
127	160	1.13537
127	163	1.15033
127	164	1.15108
127	167	1.13876
127	168	0.409382
127	170	1.17138
127	173	1.04503
127	174	1.0768
127	175	1.0846
127	176	1.14423
127	177	1.00677
127	179	0.399417
128	22	1.11093
128	23	1.10779
128	34	1.06813
128	48	0.510813
128	50	0.757836
128	57	0.424877
128	70	0.430891
128	71	1.12359
128	81	1.10677
128	88	0.775088
128	89	1.10947
128	113	1.14108
128	124	1.12946
128	125	0.750558
128	126	1.18257
128	130	1.15651
128	139	1.1529
128	141	1.16169
128	143	1.11232
128	144	1.13258
128	149	1.1373
128	154	1.11591
128	155	1.1358
128	156	1.01113
128	159	0.939166
128	160	1.23562
128	161	1.13856
128	163	1.20948
128	166	1.16888
128	168	1.17471
128	171	1.14947
128	173	0.921743
128	178	1.17481
128	179	1.18263
128	180	0.904497
129	20	2.01184
129	57	1.03599
129	65	2.29205
129	72	1.03799
129	73	2.09611
129	74	1.01229
129	79	0.97853
129	113	0.956489
129	118	1.01356
129	121	0.95879
129	131	0.747751
129	132	0.97752
129	136	0.737914
129	141	0.977097
129	142	0.826802
129	147	0.686629
129	148	0.923244
129	151	0.998683
129	153	0.729344
129	156	0.895569
129	159	0.853012
129	160	0.827483
129	161	0.953964
129	162	0.950697
129	167	0.830877
129	173	0.737148
129	174	0.768913
129	175	0.776714
129	177	0.698885
129	178	0.990218
129	179	0.998038
129	180	0.719902
130	14	1.23098
130	22	1.17121
130	25	0.375113
130	34	1.1284
130	57	0.322973
130	62	1.14749
130	63	1.15951
130	70	0.328986
130	81	1.16705
130	86	1.13459
130	102	1.14389
130	106	1.25063
130	118	1.25843
130	120	0.963169
130	121	1.20366
130	127	0.432738
130	128	1.15651
130	131	0.992625
130	140	0.689538
130	141	1.22197
130	142	1.2076
130	143	1.1726
130	144	1.19286
130	154	1.17618
130	156	0.90923
130	158	0.889765
130	161	1.19884
130	162	1.19557
130	166	1.22916
130	168	1.23499
130	169	1.19434
130	170	0.85634
130	171	1.20974
130	172	1.01343
130	173	0.982021
130	175	1.30675
130	178	1.23509
130	179	1.24291
131	1	2.30886
131	3	0.945538
131	18	0.833654
131	20	1.32041
131	31	0.980833
131	36	0.947012
131	68	1.96606
131	73	1.40468
131	91	0.992627
131	94	0.713125
131	97	1.07543
131	104	0.989794
131	129	0.747751
131	130	0.992625
131	133	0.976569
131	135	0.787248
131	138	0.89475
131	141	0.997813
131	145	0.937167
131	148	0.943959
131	150	0.913966
131	153	0.75006
131	154	0.952025
131	155	0.971921
131	156	0.916285
131	168	1.01083
131	171	0.985586
131	172	0.841203
131	173	0.757863
131	175	0.79743
131	176	0.857066
131	177	0.719601
131	178	1.01093
131	179	1.01875
131	180	0.740617
132	13	1.1069
132	15	1.08164
132	25	0.495639
132	33	0.746753
132	58	0.72224
132	59	1.16855
132	63	1.16512
132	77	0.469017
132	92	0.491718
132	101	0.446969
132	102	1.1495
132	112	1.02458
132	113	1.20697
132	115	1.0099
132	116	1.16015
132	124	1.19535
132	126	1.24846
132	129	0.97752
132	136	0.988398
132	139	1.21879
132	140	0.810064
132	143	1.17821
132	144	1.19847
132	149	1.20319
132	151	0.697977
132	152	0.801361
132	154	1.18179
132	155	1.20169
132	159	0.957788
132	161	1.20445
132	162	1.20118
132	166	1.23477
132	167	1.32729
132	168	1.2406
132	169	1.31487
132	171	1.21535
132	177	0.94937
132	178	1.2407
