1	28	1.26254
1	49	1.31543
1	59	1.37696
1	65	1.48025
1	89	1.31499
1	90	1.40211
1	100	1.45506
1	136	0.535018
1	142	0.494764
1	148	0.475438
1	173	0.528047
1	179	0.580329
2	70	0.570451
2	79	0.499684
2	89	0.598274
2	139	0.560372
2	150	1.21782
2	154	1.18137
2	158	1.29605
2	162	1.16574
2	166	1.26638
2	172	1.20095
2	178	1.14624
2	180	1.13115
3	16	0.340745
3	50	0.416445
3	64	0.500355
3	91	0.499832
3	157	0.429382
3	170	1.40242
3	173	1.40874
3	176	1.38038
3	177	1.39064
3	178	1.34396
3	179	1.34004
3	180	1.32887
4	39	1.36952
4	64	1.34666
4	80	1.37871
4	81	1.26872
4	83	1.38689
4	84	1.44617
4	92	1.40225
4	131	0.496241
4	136	0.586874
4	140	0.504861
4	158	0.521058
4	174	0.504467
5	26	1.2844
5	79	1.18363
5	91	1.11055
5	101	1.28704
5	103	1.23466
5	104	1.12834
5	107	1.18553
5	112	1.18558
5	150	0.628676
5	161	0.59207
5	169	0.618466
5	171	0.731717
6	16	0.708031
6	20	1.11607
6	29	0.809442
6	70	1.19548
6	79	0.751454
6	95	1.09789
6	136	1.05906
6	155	1.11697
6	167	0.988797
6	173	1.05684
6	178	0.992059
6	180	0.976972
7	41	1.31498
7	42	1.2533
7	43	1.32339
7	68	1.1448
7	69	1.03825
7	75	1.14555
7	88	1.16755
7	150	0.633865
7	153	0.650538
7	157	1.22016
7	162	0.68859
7	166	0.597911
8	77	1.40456
8	79	1.37796
8	91	1.30489
8	103	1.42899
8	104	1.32267
8	105	0.583294
8	107	1.37987
8	112	1.37991
8	151	0.522433
8	166	0.487044
8	168	0.457499
8	176	0.564268
9	33	1.4793
9	62	1.47385
9	68	1.31353
9	69	1.20698
9	75	1.31428
9	76	1.42762
9	131	0.473925
9	151	0.545791
9	157	1.38889
9	160	0.514203
9	161	0.509748
9	170	0.569934
10	36	1.35197
10	74	1.29651
10	106	1.29149
10	113	1.46245
10	115	1.40583
10	156	0.533282
10	157	1.36868
10	163	0.459276
10	168	0.434547
10	171	0.603086
10	174	1.42145
10	175	0.583787
11	31	1.11009
11	36	1.19359
11	74	1.13812
11	106	1.13311
11	113	1.30406
11	114	0.563353
11	115	1.24745
11	157	1.2103
11	159	0.59295
11	162	0.691991
11	164	0.722636
11	174	1.26307
12	120	1.37204
12	126	1.36597
12	127	1.3555
12	132	1.39068
12	136	0.502052
12	138	1.34236
12	139	1.37823
12	148	1.39789
12	165	0.508727
12	170	0.507429
12	178	0.548807
12	179	0.547363
13	63	0.54058
13	125	1.24032
13	126	1.17819
13	132	1.20291
13	133	0.596981
13	137	1.2189
13	138	1.15459
13	139	1.19046
13	141	0.685746
13	145	1.22881
13	152	1.18323
13	164	0.747951
14	37	1.43353
14	63	0.415274
14	85	1.52156
14	106	1.39008
14	113	1.56103
14	115	1.50442
14	121	0.488711
14	140	0.473464
14	157	1.46727
14	158	0.489661
14	159	0.492959
14	163	0.496506
14	174	1.52004
15	22	1.27034
15	60	1.21247
15	87	1.3921
15	93	1.32317
15	94	1.34655
15	97	1.27935
15	110	1.31482
15	116	1.26851
15	166	0.500911
15	171	0.639905
15	174	0.47266
15	179	0.600378
15	180	0.600519
16	3	0.340745
16	6	0.708031
16	53	1.20438
16	77	1.33205
16	91	1.23238
16	101	1.40887
16	103	1.35648
16	104	1.25016
16	107	1.30736
16	112	1.3074
16	166	0.752371
16	170	0.455089
16	176	0.472781
17	29	1.24572
17	39	1.31115
17	64	1.2883
17	81	1.21035
17	83	1.32852
17	84	1.3878
17	92	1.34388
17	124	1.28488
17	140	0.506234
17	150	0.570045
17	158	0.522432
17	173	0.581276
17	179	0.633558
18	63	0.357992
18	93	1.50407
18	97	1.46026
18	106	1.42216
18	115	1.5365
18	116	1.44942
18	143	0.440388
18	152	1.47077
18	160	0.447841
18	170	0.503572
18	174	1.55211
18	175	0.563735
18	179	0.543506
19	122	0.51711
19	126	1.28974
19	127	1.27927
19	132	1.31445
19	137	1.33045
19	138	1.26613
19	139	1.30201
19	142	0.514082
19	152	1.29478
19	154	0.582048
19	155	1.32066
19	178	0.601091
19	179	0.599647
20	6	1.11607
20	61	1.31561
20	67	1.25778
20	78	1.38291
20	82	1.34499
20	95	1.32897
20	135	1.30595
20	147	0.538581
20	148	0.524904
20	155	1.34805
20	170	0.589861
20	172	0.586543
20	177	0.573448
21	30	0.521811
21	53	1.20438
21	77	1.33205
21	91	1.23238
21	101	1.40887
21	103	1.35648
21	104	1.25016
21	107	1.30736
21	112	1.3074
21	147	0.512522
21	173	0.551454
21	175	0.623965
21	180	0.603878
22	15	1.27034
22	87	1.3799
22	93	1.31097
22	94	1.33435
22	97	1.26715
22	110	1.30262
22	116	1.25631
22	121	0.491073
22	152	1.27766
22	158	0.492024
22	167	0.626754
22	175	0.623379
22	176	0.580908
23	102	1.34249
23	119	1.36906
23	123	1.2483
23	125	1.33547
23	127	1.26288
23	129	1.28392
23	136	0.58797
23	137	1.31406
23	138	1.24974
23	161	0.533162
23	166	0.533815
23	174	0.505564
23	175	0.65351
24	37	1.25916
24	51	0.634111
24	74	1.22072
24	85	1.34718
24	106	1.2157
24	113	1.38666
24	115	1.33004
24	153	0.573982
24	157	1.29289
24	159	0.512992
24	168	0.49181
24	174	1.34566
24	176	0.598579
25	33	0.466799
25	47	1.35414
25	103	0.445842
25	120	0.50675
25	145	0.4818
25	153	1.3021
25	154	1.27609
25	155	0.483362
25	161	1.36066
25	167	1.2377
25	168	1.41307
25	179	1.23704
25	180	1.22587
26	5	1.2844
26	77	1.46464
26	79	1.43804
26	91	1.36496
26	104	1.38275
26	107	1.43994
26	112	1.43998
26	136	1.38597
26	142	0.489803
26	150	0.511856
26	161	0.475249
26	167	0.598973
26	172	0.532116
26	174	0.447651
27	56	1.28672
27	61	1.21612
27	67	1.15829
27	70	1.32707
27	78	1.28341
27	82	1.2455
27	95	1.22947
27	109	0.512146
27	134	0.611969
27	135	1.20646
27	142	0.591372
27	155	1.24856
27	177	0.62059
27	180	0.677079
28	1	1.26254
28	45	1.18547
28	49	1.17825
28	55	0.533394
28	65	1.34307
28	89	1.1778
28	90	1.26493
28	99	1.21217
28	100	1.31788
28	143	0.611411
28	145	1.25685
28	160	0.618864
28	163	0.610247
28	169	0.640806
29	6	0.809442
29	17	1.24572
29	34	1.34107
29	64	1.22849
29	73	1.19946
29	80	1.26053
29	81	1.15054
29	83	1.26871
29	92	1.28408
29	122	0.513896
29	124	1.22508
29	143	0.493316
29	165	0.557798
29	180	0.596575
30	21	0.521811
30	38	0.496832
30	49	0.542687
30	69	1.16196
30	72	1.25175
30	88	1.29125
30	124	0.550736
30	139	0.517209
30	157	1.34386
30	162	1.23576
30	169	1.29332
30	175	1.20518
30	179	1.21234
30	180	1.20117
31	11	1.11009
31	37	1.2204
31	74	1.18196
31	85	1.30842
31	106	1.17694
31	113	1.3479
31	115	1.29128
31	121	0.555567
31	131	0.531701
31	142	0.582079
31	156	0.637368
31	157	1.25413
31	171	0.707172
31	174	1.3069
32	45	1.35273
32	49	1.34551
32	71	1.43442
32	89	1.34506
32	90	1.43219
32	99	1.37943
32	100	1.48514
32	145	1.42411
32	158	0.454492
32	168	0.436608
32	169	0.491895
32	170	0.525685
32	171	0.605147
32	176	0.543377
33	9	1.4793
33	25	0.466799
33	47	0.451605
33	62	1.52972
33	68	1.36939
33	69	1.26284
33	72	1.35263
33	75	1.37014
33	88	1.39214
33	141	0.52996
33	154	0.552709
33	157	1.44475
33	174	0.442591
33	179	0.570308
34	29	1.34107
34	39	1.40651
34	64	1.38365
34	80	1.4157
34	81	1.30571
34	83	1.42388
34	84	1.48316
34	92	1.43924
34	128	0.466049
34	130	0.483166
34	156	0.539938
34	161	0.470095
34	172	0.526962
34	179	0.570214
35	54	0.403913
35	58	1.45909
35	60	1.32407
35	93	1.43476
35	97	1.39094
35	110	1.42642
35	116	1.38011
35	135	1.38524
35	149	0.452254
35	152	1.40146
35	156	0.54335
35	167	0.59723
35	171	0.613154
35	174	0.445909
36	10	1.35197
36	11	1.19359
36	74	1.26546
36	85	1.39192
36	106	1.26044
36	113	1.4314
36	115	1.37478
36	149	0.469815
36	153	0.544347
36	157	1.33763
36	166	0.49172
36	174	1.3904
36	176	0.568945
36	179	0.591187
36	180	0.591328
37	14	1.43353
37	24	1.25916
37	31	1.2204
37	85	1.3749
37	106	1.24342
37	113	1.41438
37	115	1.35776
37	141	0.529194
37	148	0.464651
37	157	1.32061
37	171	0.60907
37	174	1.37338
37	177	0.513195
37	178	0.570986
37	179	0.569543
38	30	0.496832
38	56	1.38078
38	61	1.31018
38	67	1.25235
38	70	1.42113
38	82	1.33956
38	95	1.32353
38	111	1.33256
38	135	1.30052
38	141	0.53841
38	142	0.493193
38	155	1.34262
38	173	0.526476
38	178	0.580202
38	180	0.578899
39	4	1.36952
39	17	1.31115
39	34	1.40651
39	80	1.32597
39	81	1.21598
39	83	1.33415
39	84	1.39343
39	92	1.34951
39	124	1.29051
39	131	0.49863
39	134	0.569604
39	143	0.531455
39	150	0.57106
39	174	0.506855
39	177	0.578226
40	87	1.42138
40	93	1.35245
40	94	1.37584
40	97	1.30863
40	110	1.34411
40	116	1.2978
40	117	1.27587
40	134	0.55534
40	135	1.30293
40	152	1.31915
40	158	0.509182
40	160	0.524643
40	163	0.516027
40	168	0.491297
40	171	0.659836
41	7	1.31498
41	43	1.55239
41	69	1.26725
41	72	1.35704
41	75	1.37455
41	76	1.48789
41	86	0.526521
41	88	1.39655
41	96	0.409776
41	148	0.496519
41	150	0.537897
41	151	0.537333
41	157	1.44916
41	173	0.549128
42	7	1.2533
42	62	1.47245
42	68	1.31212
42	69	1.20557
42	72	1.29536
42	75	1.31287
42	76	1.42621
42	86	0.528385
42	88	1.33487
42	114	0.465849
42	144	0.55259
42	147	0.512061
42	156	0.572998
42	157	1.38748
42	164	0.625132
43	7	1.32339
43	41	1.55239
43	48	0.330497
43	51	0.598741
43	62	1.54253
43	68	1.38221
43	69	1.27566
43	72	1.36545
43	76	1.4963
43	88	1.40495
43	136	0.54014
43	148	0.48056
43	157	1.45757
43	165	0.546815
43	172	0.542199
43	174	0.457734
44	64	0.599594
44	107	0.564386
44	115	0.500287
44	124	0.577621
44	131	1.31787
44	144	1.2385
44	150	1.21584
44	151	1.22192
44	152	0.54629
44	159	1.29218
44	171	1.12429
44	176	1.18068
44	178	1.14426
44	179	1.14034
44	180	1.12917
45	28	1.18547
45	32	1.35273
45	46	1.23765
45	49	1.23836
45	52	1.24693
45	65	1.40318
45	90	1.32505
45	99	1.27229
45	117	1.22811
45	145	1.31697
45	147	0.536418
45	151	0.563555
45	154	0.610033
45	162	0.618844
45	174	0.499914
45	180	0.627773
46	45	1.23765
46	52	1.23899
46	65	1.39524
46	71	1.31934
46	73	1.22136
46	89	1.22998
46	99	1.26435
46	100	1.37006
46	109	0.528589
46	117	1.22017
46	131	0.557437
46	140	0.566056
46	145	1.30903
46	148	0.588488
46	168	0.564368
46	172	0.650127
47	25	1.35414
47	33	0.451605
47	48	1.45999
47	52	0.512542
47	72	0.535367
47	73	0.533513
47	87	0.471671
47	94	0.482282
47	156	1.26901
47	166	1.33246
47	172	1.26702
47	175	1.20123
47	176	1.24873
47	177	1.25899
47	179	1.20839
47	180	1.19722
48	43	0.330497
48	47	1.45999
48	66	0.725772
48	86	1.48292
48	92	0.385104
48	112	0.371331
48	133	1.49389
48	135	0.374991
48	137	0.352899
48	138	0.401342
48	140	1.48739
48	163	1.46356
48	177	1.39349
48	178	1.34681
48	179	1.34289
48	180	1.33172
49	1	1.31543
49	28	1.17825
49	30	0.542687
49	32	1.34551
49	45	1.23836
49	52	1.2397
49	73	1.22207
49	90	1.31782
49	96	0.432978
49	99	1.26506
49	100	1.37077
49	145	1.30974
49	154	0.607013
49	167	0.648217
49	172	0.581361
49	176	0.602371
50	3	0.416445
50	53	1.32387
50	77	1.45154
50	79	1.42494
50	101	1.52836
50	103	1.47597
50	104	1.36965
50	107	1.42685
50	112	1.42689
50	122	0.488187
50	133	0.441612
50	136	1.37288
50	160	0.475059
50	164	0.592582
50	172	0.527472
50	177	0.514377
51	24	0.634111
51	43	0.598741
51	83	0.64271
51	99	0.628805
51	105	1.16914
51	115	0.568618
51	142	1.19756
51	144	1.20613
51	146	1.25374
51	150	1.18347
51	166	1.23204
51	175	1.10081
51	176	1.14831
51	178	1.11189
51	179	1.10797
51	180	1.0968
52	45	1.24693
52	46	1.23899
52	47	0.512542
52	49	1.2397
52	59	1.30123
52	71	1.32862
52	89	1.23926
52	90	1.32639
52	99	1.27362
52	100	1.37933
52	117	1.22944
52	146	0.520304
52	154	0.613646
52	174	0.503528
52	178	0.632689
52	180	0.631387
53	16	1.20438
53	21	1.20438
53	50	1.32387
53	79	1.23618
53	91	1.16311
53	101	1.3396
53	103	1.28721
53	104	1.18089
53	107	1.23809
53	112	1.23813
53	136	1.18412
53	151	0.613237
53	159	0.569485
53	160	0.581649
53	161	0.577195
53	170	0.63738
53	180	0.677456
54	35	0.403913
54	64	1.37723
54	65	0.376054
54	72	0.484358
54	80	1.40928
54	81	1.29929
54	84	1.47674
54	87	0.420662
54	92	1.43282
54	95	0.473516
54	106	0.49942
54	138	0.486584
54	163	1.40801
54	177	1.33794
54	178	1.29126
54	179	1.28734
54	180	1.27618
55	28	0.533394
55	61	0.433788
55	89	0.455901
55	94	0.419851
55	104	0.458555
55	118	0.423338
55	132	0.417666
55	146	1.44668
55	150	1.37641
55	156	1.36153
55	161	1.42453
55	166	1.42498
55	169	1.38189
55	175	1.29375
55	178	1.30483
55	179	1.30091
55	180	1.28974
56	27	1.28672
56	38	1.38078
56	61	1.35467
56	67	1.29684
56	78	1.42197
56	82	1.38405
56	95	1.36803
56	111	1.37705
56	121	0.469813
56	122	0.499352
56	133	0.452777
56	135	1.34501
56	144	0.531205
56	155	1.38711
56	156	0.551613
56	162	0.573102
56	171	0.621417
57	66	0.36645
57	69	0.58046
57	83	0.43865
57	88	0.444168
57	92	0.449288
57	107	0.428657
57	133	1.42939
57	142	1.36798
57	146	1.42416
57	147	1.40591
57	150	1.35389
57	157	0.392892
57	160	1.40087
57	166	1.40246
57	167	1.27904
57	179	1.27839
57	180	1.26722
58	35	1.45909
58	60	1.27743
58	86	0.517063
58	93	1.38813
58	94	1.41151
58	97	1.34431
58	110	1.37978
58	116	1.33347
58	117	1.31154
58	124	1.33835
58	130	0.504904
58	152	1.35482
58	154	0.574353
58	165	0.553316
58	168	0.462941
58	170	0.552018
58	177	0.535605
59	1	1.37696
59	52	1.30123
59	63	0.410506
59	65	1.45749
59	71	1.38158
59	89	1.29222
59	90	1.37935
59	99	1.32659
59	100	1.4323
59	117	1.28241
59	144	0.545335
59	145	1.37127
59	148	0.491128
59	153	0.54918
59	164	0.617877
59	174	0.468302
59	175	0.616248
60	15	1.21247
60	35	1.32407
60	58	1.27743
60	93	1.25311
60	94	1.27649
60	97	1.20929
60	109	0.519278
60	110	1.24476
60	116	1.19845
60	117	1.17652
60	124	1.20333
60	148	0.579177
60	152	1.2198
60	163	0.579787
60	173	0.631786
60	176	0.661827
60	179	0.684069
61	20	1.31561
61	27	1.21612
61	38	1.31018
61	55	0.433788
61	56	1.35467
61	67	1.22624
61	70	1.39502
61	78	1.35137
61	82	1.31345
61	95	1.29743
61	111	1.30645
61	141	0.574575
61	149	0.493551
61	155	1.31651
61	162	0.606135
61	169	0.541199
61	176	0.592681
61	180	0.615064
62	9	1.47385
62	33	1.52972
62	42	1.47245
62	43	1.54253
62	68	1.36395
62	72	1.34719
62	75	1.3647
62	76	1.47804
62	88	1.38669
62	105	0.522535
62	141	0.485403
62	157	1.43931
62	159	0.417922
62	162	0.516963
62	163	0.421469
62	170	0.485817
62	171	0.565279
62	178	0.527195
63	13	0.54058
63	14	0.415274
63	18	0.357992
63	59	0.410506
63	67	1.40744
63	74	0.476947
63	78	1.53256
63	95	1.47863
63	100	0.389964
63	135	1.45561
63	137	0.42234
63	152	0.415817
63	155	1.49771
63	166	1.49295
63	169	1.44986
63	171	1.35283
63	178	1.3728
63	180	1.35771
64	3	0.500355
64	4	1.34666
64	17	1.2883
64	29	1.22849
64	34	1.38365
64	44	0.599594
64	54	1.37723
64	80	1.30311
64	81	1.19312
64	83	1.31129
64	84	1.37058
64	92	1.32666
64	114	0.517208
64	124	1.26766
64	133	0.525522
64	149	0.533262
64	150	0.591121
64	159	0.546805
65	1	1.48025
65	28	1.34307
65	45	1.40318
65	46	1.39524
65	54	0.376054
65	59	1.45749
65	71	1.48487
65	86	0.470877
65	89	1.39551
65	99	1.42988
65	100	1.53559
65	145	1.47456
65	165	0.507131
65	169	0.472043
65	171	0.585295
65	174	0.418049
65	176	0.523525
65	178	0.547211
66	48	0.725772
66	57	0.36645
66	98	1.36966
66	108	1.39818
66	120	1.37808
66	123	1.34696
66	127	1.36154
66	130	0.470171
66	132	1.39672
66	133	0.428107
66	137	1.41272
66	138	1.3484
66	139	1.38428
66	148	1.40394
66	155	1.40293
66	166	0.457753
66	170	0.517285
66	176	0.534978
66	180	0.557361
67	20	1.25778
67	27	1.15829
67	38	1.25235
67	56	1.29684
67	61	1.22624
67	63	1.40744
67	70	1.33719
67	78	1.29354
67	82	1.25562
67	95	1.2396
67	96	0.48578
67	122	0.594876
67	135	1.21658
67	142	0.591849
67	146	0.566472
67	150	0.613901
67	155	1.25869
67	159	0.569585
67	179	0.677414
68	7	1.1448
68	9	1.31353
68	33	1.36939
68	42	1.31212
68	43	1.38221
68	62	1.36395
68	69	1.09707
68	72	1.18686
68	75	1.20437
68	76	1.31771
68	88	1.22637
68	136	0.606829
68	148	0.547248
68	157	1.27898
68	158	0.541013
68	167	0.675743
68	168	0.523128
68	172	0.608887
68	177	0.595792
69	7	1.03825
69	9	1.20698
69	30	1.16196
69	33	1.26284
69	41	1.26725
69	42	1.20557
69	43	1.27566
69	57	0.58046
69	68	1.09707
69	72	1.08031
69	75	1.09782
69	76	1.21116
69	88	1.11982
69	142	0.685664
69	149	0.649858
69	151	0.707152
69	157	1.17243
69	160	0.675564
69	177	0.714882
70	2	0.570451
70	6	1.19548
70	27	1.32707
70	38	1.42113
70	61	1.39502
70	67	1.33719
70	78	1.46232
70	82	1.4244
70	95	1.40838
70	96	0.417579
70	111	1.4174
70	130	0.522165
70	131	0.47327
70	135	1.38536
70	146	0.498272
70	148	0.504322
70	155	1.42746
70	163	0.504932
70	180	0.609355
71	32	1.43442
71	46	1.31934
71	52	1.32862
71	59	1.38158
71	65	1.48487
71	86	0.494754
71	89	1.31961
71	90	1.40674
71	99	1.35398
71	100	1.45969
71	105	0.566427
71	117	1.3098
71	130	0.482595
71	145	1.39866
71	149	0.448272
71	160	0.473978
71	173	0.517362
71	175	0.589872
71	180	0.569785
72	30	1.25175
72	33	1.35263
72	41	1.35704
72	42	1.29536
72	43	1.36545
72	47	0.535367
72	54	0.484358
72	62	1.34719
72	68	1.18686
72	69	1.08031
72	75	1.18761
72	76	1.30095
72	88	1.20961
72	146	0.543129
72	157	1.26222
72	162	0.645283
72	163	0.549789
72	173	0.601788
72	180	0.654212
73	29	1.19946
73	46	1.22136
73	47	0.533513
73	49	1.22207
73	80	1.27408
73	81	1.16409
73	83	1.28226
73	84	1.34155
73	89	1.22163
73	90	1.30876
73	92	1.29763
73	100	1.36171
73	141	0.611869
73	145	1.30068
73	147	0.561003
73	158	0.54109
73	165	0.613581
73	168	0.523206
73	175	0.672446
74	10	1.29651
74	11	1.13812
74	24	1.22072
74	31	1.18196
74	36	1.26546
74	63	0.476947
74	85	1.33646
74	106	1.20498
74	113	1.37593
74	115	1.31932
74	122	1.24194
74	128	0.558295
74	153	0.615621
74	157	1.28217
74	161	0.562341
74	163	0.558179
74	170	0.622527
74	174	1.33494
74	180	0.662602
75	7	1.14555
75	9	1.31428
75	33	1.37014
75	41	1.37455
75	42	1.31287
75	62	1.3647
75	68	1.20437
75	69	1.09782
75	72	1.18761
75	76	1.31846
75	88	1.22712
75	114	0.54302
75	130	0.593398
75	140	0.553123
75	144	0.629762
75	146	0.569504
75	157	1.27973
75	174	0.552729
75	176	0.658204
76	9	1.42762
76	41	1.48789
76	42	1.42621
76	43	1.4963
76	62	1.47804
76	68	1.31771
76	69	1.21116
76	72	1.30095
76	75	1.31846
76	88	1.34046
76	134	0.507586
76	141	0.532206
76	147	0.48134
76	151	0.508477
76	156	0.542278
76	157	1.39307
76	170	0.532621
76	174	0.444837
76	175	0.592783
77	8	1.40456
77	16	1.33205
77	21	1.33205
77	26	1.46464
77	50	1.45154
77	91	1.29079
77	101	1.46728
77	103	1.41489
77	104	1.30857
77	107	1.36576
77	112	1.36581
77	142	0.498576
77	160	0.488476
77	163	0.479859
77	165	0.545505
77	166	0.484674
77	173	0.531859
77	177	0.527794
77	178	0.585585
78	20	1.38291
78	27	1.28341
78	56	1.42197
78	61	1.35137
78	63	1.53256
78	67	1.29354
78	70	1.46232
78	82	1.38075
78	95	1.36472
78	135	1.34171
78	144	0.507828
78	149	0.43714
78	155	1.38381
78	159	0.450683
78	162	0.549724
78	165	0.519876
78	167	0.582116
78	176	0.53627
78	179	0.558512
79	2	0.499684
79	5	1.18363
79	6	0.751454
79	8	1.37796
79	26	1.43804
79	50	1.42494
79	53	1.23618
79	91	1.26418
79	101	1.44068
79	103	1.38829
79	104	1.28197
79	107	1.33916
79	112	1.33921
79	136	1.28519
79	164	0.560304
79	166	0.43898
79	170	0.498512
79	173	0.486164
79	177	0.482099
79	178	0.53989
80	4	1.37871
80	29	1.26053
80	34	1.4157
80	39	1.32597
80	54	1.40928
80	64	1.30311
80	73	1.27408
80	81	1.22516
80	83	1.34334
80	84	1.40262
80	92	1.3587
80	124	1.2997
80	131	0.499248
80	133	0.506079
80	147	0.543977
80	161	0.535072
80	165	0.596555
80	169	0.561468
80	172	0.591939
80	174	0.507474
81	4	1.26872
81	17	1.21035
81	29	1.15054
81	34	1.30571
81	39	1.21598
81	54	1.29929
81	64	1.19312
81	73	1.16409
81	80	1.22516
81	83	1.23334
81	84	1.29263
81	92	1.24871
81	109	0.513252
81	124	1.18971
81	140	0.550719
81	160	0.582378
81	165	0.639407
81	172	0.634791
81	175	0.698272
81	178	0.679487
82	20	1.34499
82	27	1.2455
82	38	1.33956
82	56	1.38405
82	61	1.31345
82	67	1.25562
82	70	1.4244
82	78	1.38075
82	86	0.559499
82	95	1.32681
82	109	0.469598
82	111	1.33583
82	135	1.30379
82	148	0.529498
82	149	0.513017
82	153	0.58755
82	154	0.61679
82	155	1.34589
82	159	0.52656
82	160	0.538724
83	4	1.38689
83	17	1.32852
83	29	1.26871
83	34	1.42388
83	39	1.33415
83	51	0.64271
83	57	0.43865
83	64	1.31129
83	73	1.28226
83	80	1.34334
83	81	1.23334
83	84	1.4108
83	92	1.36688
83	109	0.464629
83	124	1.30788
83	147	0.538206
83	163	0.525138
83	165	0.590784
83	168	0.500409
83	169	0.555696
84	4	1.44617
84	17	1.3878
84	34	1.48316
84	39	1.39343
84	54	1.47674
84	64	1.37058
84	73	1.34155
84	80	1.40262
84	81	1.29263
84	83	1.4108
84	92	1.42616
84	105	0.560487
84	124	1.36716
84	128	0.459538
84	140	0.43638
84	141	0.523355
84	144	0.513019
84	153	0.516864
84	160	0.468038
84	164	0.585561
84	172	0.520451
85	14	1.52156
85	24	1.34718
85	31	1.30842
85	36	1.39192
85	37	1.3749
85	74	1.33646
85	106	1.33144
85	113	1.5024
85	114	0.440059
85	115	1.44578
85	122	1.36841
85	128	0.47332
85	141	0.537137
85	150	0.513972
85	151	0.513408
85	157	1.40863
85	160	0.48182
85	162	0.568697
85	172	0.534233
85	174	1.4614
85	177	0.521138
86	41	0.526521
86	42	0.528385
86	48	1.48292
86	58	0.517063
86	65	0.470877
86	71	0.494754
86	82	0.559499
86	100	0.500588
86	110	0.517203
86	158	1.38505
86	161	1.35495
86	164	1.22822
86	170	1.2937
86	172	1.28995
86	173	1.30002
86	175	1.22416
86	176	1.27167
86	177	1.28192
86	178	1.23524
86	179	1.23132
86	180	1.22015
87	15	1.3921
87	22	1.3799
87	40	1.42138
87	47	0.471671
87	54	0.420662
87	93	1.43273
87	94	1.45612
87	97	1.38891
87	110	1.42439
87	116	1.37808
87	117	1.35614
87	124	1.38295
87	135	1.38321
87	150	0.526862
87	152	1.39942
87	158	0.479248
87	160	0.494709
87	163	0.486093
87	168	0.461363
87	172	0.547122
87	175	0.610603
88	7	1.16755
88	30	1.29125
88	33	1.39214
88	41	1.39655
88	42	1.33487
88	43	1.40495
88	57	0.444168
88	62	1.38669
88	68	1.22637
88	69	1.11982
88	72	1.20961
88	75	1.22712
88	76	1.34046
88	143	0.53182
88	149	0.513566
88	157	1.30173
88	163	0.530656
88	166	0.535471
88	171	0.674466
88	179	0.634938
88	180	0.635079
89	1	1.31499
89	2	0.598274
89	28	1.1778
89	32	1.34506
89	46	1.22998
89	52	1.23926
89	55	0.455901
89	59	1.29222
89	65	1.39551
89	71	1.31961
89	73	1.22163
89	90	1.31738
89	99	1.26462
89	100	1.37033
89	128	0.53287
89	143	0.533918
89	145	1.3093
89	159	0.529207
89	162	0.628248
89	169	0.563312
89	176	0.614794
90	1	1.40211
90	28	1.26493
90	32	1.43219
90	45	1.32505
90	49	1.31782
90	52	1.32639
90	59	1.37935
90	71	1.40674
90	73	1.30876
90	89	1.31738
90	99	1.35175
90	100	1.45746
90	105	0.625997
90	117	1.30757
90	133	0.5001
90	146	0.518271
90	147	0.537999
90	158	0.518086
90	161	0.529093
90	163	0.524931
90	166	0.529746
90	174	0.501495
91	3	0.499832
91	5	1.11055
91	8	1.30489
91	16	1.23238
91	21	1.23238
91	26	1.36496
91	53	1.16311
91	77	1.29079
91	79	1.26418
91	101	1.3676
91	103	1.31521
91	104	1.2089
91	107	1.26609
91	112	1.26613
91	134	0.589143
91	136	1.21212
91	148	0.54922
91	151	0.590034
91	164	0.675969
91	168	0.5251
91	170	0.614177
91	178	0.655555
92	4	1.40225
92	17	1.34388
92	29	1.28408
92	34	1.43924
92	39	1.34951
92	48	0.385104
92	54	1.43282
92	57	0.449288
92	64	1.32666
92	73	1.29763
92	80	1.3587
92	81	1.24871
92	83	1.36688
92	84	1.42616
92	124	1.32324
92	158	0.528931
92	159	0.532228
92	166	0.540591
92	168	0.511047
92	170	0.600124
92	174	0.51234
92	179	0.640058
93	15	1.32317
93	18	1.50407
93	22	1.31097
93	35	1.43476
93	40	1.35245
93	58	1.38813
93	60	1.25311
93	87	1.43273
93	110	1.35545
93	116	1.30915
93	117	1.28721
93	133	0.459928
93	135	1.31428
93	143	0.485923
93	152	1.33049
93	165	0.550404
93	166	0.489574
93	167	0.612645
93	169	0.515317
93	172	0.545788
93	173	0.536758
93	179	0.589041
94	15	1.34655
94	22	1.33435
94	40	1.37584
94	47	0.482282
94	55	0.419851
94	58	1.41151
94	60	1.27649
94	87	1.45612
94	97	1.34337
94	110	1.37884
94	116	1.33253
94	117	1.3106
94	124	1.33741
94	130	0.513937
94	135	1.33766
94	142	0.515421
94	148	0.496095
94	150	0.537473
94	152	1.35388
94	153	0.554146
94	176	0.578744
94	180	0.601127
95	6	1.09789
95	20	1.32897
95	27	1.22947
95	38	1.32353
95	54	0.473516
95	56	1.36803
95	61	1.29743
95	63	1.47863
95	67	1.2396
95	70	1.40838
95	78	1.36472
95	82	1.32681
95	111	1.31981
95	122	0.560691
95	128	0.539063
95	134	0.57826
95	135	1.28777
95	140	0.515905
95	143	0.540111
95	144	0.592544
95	154	0.625629
95	155	1.32987
95	174	0.515511
96	41	0.409776
96	49	0.432978
96	67	0.48578
96	70	0.417579
96	98	0.463405
96	111	0.42043
96	120	0.418624
96	127	0.441013
96	129	0.414278
96	135	0.438311
96	140	1.51011
96	160	1.48809
96	162	1.38903
96	163	1.48628
96	167	1.36627
96	168	1.54165
96	171	1.34956
96	175	1.35845
96	176	1.40595
96	177	1.41621
96	178	1.36953
96	179	1.36561
96	180	1.35444
97	15	1.27935
97	18	1.46026
97	22	1.26715
97	35	1.39094
97	40	1.30863
97	58	1.34431
97	60	1.20929
97	87	1.38891
97	94	1.34337
97	110	1.31164
97	116	1.26533
97	124	1.2702
97	130	0.500218
97	135	1.27046
97	147	0.496052
97	148	0.482375
97	152	1.28667
97	153	0.540427
97	164	0.609124
97	171	0.626794
97	173	0.534984
97	175	0.607495
97	180	0.587408
98	66	1.36966
98	96	0.463405
98	108	1.31094
98	118	1.32732
98	119	1.38047
98	120	1.29083
98	123	1.25972
98	125	1.34689
98	126	1.28476
98	127	1.2743
98	129	1.29534
98	131	0.519097
98	132	1.30948
98	137	1.32547
98	139	1.29703
98	145	1.33538
98	149	0.533668
98	159	0.54721
98	166	0.555573
98	168	0.526029
98	170	0.615106
98	174	0.527322
98	179	0.65504
99	28	1.21217
99	32	1.37943
99	45	1.27229
99	46	1.26435
99	49	1.26506
99	51	0.628805
99	52	1.27362
99	59	1.32659
99	65	1.42988
99	71	1.35398
99	89	1.26462
99	90	1.35175
99	100	1.40469
99	117	1.25481
99	121	0.503438
99	122	0.532977
99	145	1.34367
99	146	0.504573
99	150	0.552002
99	158	0.504388
99	173	0.563233
99	176	0.593273
99	177	0.559167
100	1	1.45506
100	28	1.31788
100	32	1.48514
100	46	1.37006
100	49	1.37077
100	52	1.37933
100	59	1.4323
100	63	0.389964
100	65	1.53559
100	71	1.45969
100	73	1.36171
100	86	0.500588
100	89	1.37033
100	90	1.45746
100	99	1.40469
100	144	0.524793
100	150	0.511965
100	153	0.528638
100	160	0.479812
100	169	0.501754
100	172	0.532225
100	173	0.523196
100	174	0.44776
101	5	1.28704
101	16	1.40887
101	21	1.40887
101	50	1.52836
101	53	1.3396
101	77	1.46728
101	79	1.44068
101	91	1.3676
101	103	1.49171
101	104	1.38539
101	107	1.44258
101	112	1.44263
101	130	0.485354
101	136	1.38861
101	141	0.532054
101	143	0.469284
101	156	0.542126
101	166	0.472935
101	168	0.443391
101	174	0.444685
101	176	0.55016
101	177	0.516055
101	179	0.572402
102	23	1.34249
102	119	1.45197
102	120	1.36233
102	123	1.33122
102	125	1.41839
102	126	1.35626
102	127	1.3458
102	129	1.36684
102	132	1.38098
102	137	1.39697
102	138	1.33266
102	139	1.36853
102	143	0.487953
102	152	1.3613
102	155	1.38718
102	156	0.560794
102	160	0.495405
102	161	0.490951
102	166	0.491604
102	167	0.614675
102	168	0.462059
102	174	0.463353
102	176	0.568829
102	178	0.592514
103	5	1.23466
103	8	1.42899
103	16	1.35648
103	21	1.35648
103	25	0.445842
103	50	1.47597
103	53	1.28721
103	77	1.41489
103	79	1.38829
103	91	1.31521
103	101	1.49171
103	104	1.333
103	107	1.39019
103	112	1.39024
103	136	1.33622
103	146	0.438409
103	154	0.531751
103	162	0.540563
103	165	0.510715
103	167	0.572955
103	169	0.475627
103	175	0.56958
103	178	0.550795
103	179	0.549351
104	5	1.12834
104	8	1.32267
104	16	1.25016
104	21	1.25016
104	26	1.38275
104	50	1.36965
104	53	1.18089
104	55	0.458555
104	77	1.30857
104	79	1.28197
104	91	1.2089
104	101	1.38539
104	103	1.333
104	107	1.28387
104	112	1.28392
104	136	1.22991
104	140	0.512366
104	143	0.536572
104	169	0.565967
104	173	0.587408
104	176	0.617448
104	177	0.583343
104	178	0.641134
104	180	0.639832
105	8	0.583294
105	51	1.16914
105	62	0.522535
105	71	0.566427
105	84	0.560487
105	90	0.625997
105	122	1.24377
105	123	0.631199
105	130	1.31387
105	152	0.598114
105	155	0.583654
105	161	1.27609
105	162	1.17589
105	165	1.2275
105	167	1.15312
105	169	1.23345
105	170	1.21484
105	171	1.13642
105	172	1.2111
105	176	1.19281
105	177	1.20307
105	178	1.15639
105	179	1.15246
105	180	1.1413
106	10	1.29149
106	11	1.13311
106	14	1.39008
106	18	1.42216
106	24	1.2157
106	31	1.17694
106	36	1.26044
106	37	1.24342
106	54	0.49942
106	74	1.20498
106	85	1.33144
106	113	1.37092
106	114	0.531707
106	115	1.3143
106	121	0.557056
106	122	1.23693
106	140	0.541809
106	143	0.566015
106	157	1.27715
106	162	0.660345
106	168	0.540121
106	170	0.629199
106	173	0.616851
106	174	1.32992
107	5	1.18553
107	8	1.37987
107	16	1.30736
107	21	1.30736
107	26	1.43994
107	44	0.564386
107	50	1.42685
107	53	1.23809
107	57	0.428657
107	77	1.36576
107	79	1.33916
107	91	1.26609
107	101	1.44258
107	103	1.39019
107	104	1.28387
107	112	1.34111
107	131	0.483484
107	134	0.554458
107	136	1.2871
107	143	0.516309
107	151	0.55535
107	160	0.523761
107	161	0.519307
107	172	0.576174
107	179	0.619427
108	66	1.39818
108	98	1.31094
108	118	1.35584
108	120	1.31936
108	123	1.28825
108	125	1.37541
108	126	1.31329
108	127	1.30282
108	129	1.32387
108	130	0.508005
108	132	1.33801
108	133	0.465941
108	137	1.354
108	138	1.28969
108	139	1.32556
108	145	1.36391
108	149	0.473681
108	155	1.34421
108	161	0.494933
108	162	0.586265
108	169	0.521329
108	171	0.634581
108	172	0.551801
108	178	0.596497
108	180	0.595194
109	27	0.512146
109	46	0.528589
109	60	0.519278
109	81	0.513252
109	82	0.469598
109	83	0.464629
109	119	0.426535
109	123	0.469624
109	132	0.43401
109	134	1.3495
109	138	0.491506
109	142	1.36982
109	144	1.37839
109	154	1.31927
109	158	1.43395
109	163	1.40089
109	169	1.3612
109	170	1.3426
109	171	1.26417
109	173	1.34892
109	175	1.27306
109	177	1.33082
109	178	1.28414
109	179	1.28022
109	180	1.26905
110	15	1.31482
110	22	1.30262
110	35	1.42642
110	40	1.34411
110	58	1.37978
110	60	1.24476
110	86	0.517203
110	87	1.42439
110	93	1.35545
110	94	1.37884
110	97	1.31164
110	116	1.3008
110	117	1.27887
110	121	0.480016
110	124	1.30568
110	135	1.30593
110	144	0.541408
110	149	0.470721
110	152	1.32215
110	164	0.61395
110	165	0.553457
110	167	0.615697
110	168	0.463081
110	177	0.535745
110	178	0.593536
111	38	1.33256
111	56	1.37705
111	61	1.30645
111	70	1.4174
111	82	1.33583
111	95	1.31981
111	96	0.42043
111	123	1.28293
111	125	1.3701
111	128	0.507898
111	129	1.31855
111	131	0.476121
111	132	1.33269
111	137	1.34868
111	138	1.28437
111	139	1.32024
111	141	0.571716
111	146	0.501122
111	152	1.31301
111	155	1.3389
111	169	0.53834
111	172	0.568812
111	175	0.632293
111	177	0.555717
111	179	0.612064
112	5	1.18558
112	8	1.37991
112	16	1.3074
112	21	1.3074
112	26	1.43998
112	48	0.371331
112	50	1.42689
112	53	1.23813
112	77	1.36581
112	79	1.33921
112	91	1.26613
112	101	1.44263
112	103	1.39024
112	104	1.28392
112	107	1.34111
112	130	0.539236
112	134	0.561316
112	136	1.28714
112	140	0.498961
112	149	0.504913
112	151	0.562208
112	156	0.596008
112	158	0.515158
112	167	0.649889
112	170	0.586351
113	10	1.46245
113	11	1.30406
113	14	1.56103
113	24	1.38666
113	31	1.3479
113	36	1.4314
113	37	1.41438
113	74	1.37593
113	85	1.5024
113	106	1.37092
113	115	1.48526
113	122	1.40789
113	130	0.455534
113	136	0.497272
113	140	0.415259
113	144	0.491898
113	146	0.431641
113	154	0.524983
113	157	1.44811
113	164	0.56444
113	165	0.503947
113	170	0.502649
113	174	1.50088
113	175	0.562812
113	176	0.520341
114	11	0.563353
114	42	0.465849
114	64	0.517208
114	75	0.54302
114	85	0.440059
114	106	0.531707
114	116	0.511106
114	122	1.32213
114	127	0.495222
114	129	0.468487
114	131	1.40836
114	135	0.492519
114	136	1.30175
114	146	1.3766
114	151	1.31241
114	154	1.26987
114	158	1.38455
114	164	1.22773
114	165	1.30586
114	166	1.35489
114	169	1.31181
114	171	1.21478
114	173	1.29953
114	176	1.27117
114	179	1.23082
114	180	1.21966
115	10	1.40583
115	11	1.24745
115	14	1.50442
115	18	1.5365
115	24	1.33004
115	31	1.29128
115	36	1.37478
115	37	1.35776
115	44	0.500287
115	51	0.568618
115	74	1.31932
115	85	1.44578
115	106	1.3143
115	113	1.48526
115	122	1.35127
115	136	0.510017
115	144	0.504643
115	147	0.464113
115	151	0.491251
115	157	1.39149
115	159	0.447498
115	161	0.455208
115	170	0.515394
115	171	0.594855
115	174	1.44426
115	176	0.533086
116	15	1.26851
116	18	1.44942
116	22	1.25631
116	35	1.38011
116	40	1.2978
116	58	1.33347
116	60	1.19845
116	87	1.37808
116	93	1.30915
116	94	1.33253
116	97	1.26533
116	110	1.3008
116	114	0.511106
116	117	1.23256
116	124	1.25937
116	131	0.512589
116	135	1.25962
116	140	0.521209
116	142	0.562967
116	144	0.597848
116	148	0.543641
116	152	1.27584
116	161	0.548413
116	163	0.544251
116	177	0.592185
116	178	0.649976
117	40	1.27587
117	45	1.22811
117	46	1.22017
117	52	1.22944
117	58	1.31154
117	59	1.28241
117	60	1.17652
117	71	1.3098
117	87	1.35614
117	90	1.30757
117	93	1.28721
117	94	1.3106
117	99	1.25481
117	110	1.27887
117	116	1.23256
117	122	0.551152
117	135	1.23769
117	136	0.588379
117	145	1.29949
117	146	0.522748
117	154	0.616091
117	158	0.522563
117	161	0.53357
117	167	0.657294
117	172	0.590438
117	176	0.611448
117	180	0.633831
118	55	0.423338
118	98	1.32732
118	108	1.35584
118	119	1.42538
118	120	1.33574
118	121	0.492396
118	123	1.30462
118	125	1.39179
118	126	1.32967
118	127	1.3192
118	129	1.34024
118	132	1.35438
118	136	0.559162
118	137	1.37038
118	138	1.30606
118	139	1.34194
118	145	1.38028
118	148	1.3616
118	149	0.483101
118	155	1.36059
118	167	0.628077
118	168	0.475462
118	170	0.564539
118	173	0.552191
118	174	0.476755
118	175	0.624702
118	177	0.548126
119	23	1.36906
119	98	1.38047
119	102	1.45197
119	109	0.426535
119	118	1.42538
119	121	0.479249
119	123	1.35778
119	125	1.44495
119	126	1.38283
119	127	1.37236
119	128	0.487161
119	129	1.3934
119	131	0.455383
119	132	1.40754
119	137	1.42353
119	138	1.35922
119	139	1.39509
119	143	0.488208
119	144	0.540642
119	145	1.43344
119	152	1.38786
119	153	0.544487
119	154	0.573727
119	155	1.41374
119	158	0.4802
119	161	0.491207
119	166	0.49186
119	175	0.611555
120	12	1.37204
120	25	0.50675
120	66	1.37808
120	96	0.418624
120	98	1.29083
120	102	1.36233
120	108	1.31936
120	118	1.33574
120	123	1.26814
120	126	1.29319
120	127	1.28272
120	129	1.30376
120	132	1.3179
120	137	1.33389
120	138	1.26958
120	139	1.30545
120	145	1.3438
120	148	1.32512
120	152	1.29822
120	154	0.592659
120	156	0.579982
120	158	0.499132
120	161	0.510139
120	162	0.60147
120	165	0.571622
120	174	0.482541
120	178	0.611702
120	180	0.6104
121	14	0.488711
121	22	0.491073
121	31	0.555567
121	56	0.469813
121	99	0.503438
121	106	0.557056
121	110	0.480016
121	118	0.492396
121	119	0.479249
121	123	0.522338
121	134	1.33363
121	141	1.33538
121	149	1.42423
121	155	0.474794
121	156	1.32497
121	161	1.38797
121	165	1.33939
121	167	1.265
121	169	1.34533
121	170	1.32672
121	172	1.32298
121	173	1.33305
121	175	1.25719
121	176	1.30469
121	177	1.31495
121	178	1.26827
121	179	1.26435
121	180	1.25318
122	19	0.51711
122	29	0.513896
122	50	0.488187
122	56	0.499352
122	67	0.594876
122	74	1.24194
122	85	1.36841
122	95	0.560691
122	99	0.532977
122	105	1.24377
122	106	1.23693
122	113	1.40789
122	114	1.32213
122	115	1.35127
122	117	0.551152
122	123	0.551877
122	146	1.32836
122	147	1.31011
122	155	0.504333
122	157	1.31412
122	164	1.17949
122	171	1.16655
122	174	1.36689
122	175	1.17543
122	177	1.23319
122	179	1.18259
122	180	1.17142
123	23	1.2483
123	66	1.34696
123	98	1.25972
123	102	1.33122
123	105	0.631199
123	108	1.28825
123	109	0.469624
123	111	1.28293
123	118	1.30462
123	119	1.35778
123	120	1.26814
123	121	0.522338
123	122	0.551877
123	126	1.26207
123	129	1.27265
123	132	1.28679
123	137	1.30278
123	138	1.23847
123	139	1.27434
123	145	1.31269
123	147	0.543201
123	148	1.294
123	149	0.513043
123	150	0.570902
123	152	1.26711
123	159	0.526586
123	163	0.530133
123	167	0.658019
123	173	0.582133
124	17	1.28488
124	29	1.22508
124	30	0.550736
124	39	1.29051
124	44	0.577621
124	58	1.33835
124	60	1.20333
124	64	1.26766
124	80	1.2997
124	81	1.18971
124	83	1.30788
124	84	1.36716
124	87	1.38295
124	92	1.32324
124	94	1.33741
124	97	1.2702
124	110	1.30568
124	116	1.25937
124	135	1.2645
124	152	1.28072
124	159	0.524832
124	164	0.654519
124	165	0.594026
124	166	0.533195
124	168	0.503651
124	169	0.558938
124	170	0.592728
124	172	0.58941
124	174	0.504944
125	13	1.24032
125	23	1.33547
125	98	1.34689
125	102	1.41839
125	108	1.37541
125	111	1.3701
125	118	1.39179
125	119	1.44495
125	126	1.34924
125	129	1.35982
125	132	1.37395
125	136	0.52039
125	137	1.38995
125	138	1.32564
125	139	1.36151
125	143	0.462583
125	148	1.38117
125	152	1.35428
125	153	0.518861
125	155	1.38016
125	156	0.535424
125	159	0.457871
125	162	0.556913
125	163	0.461419
125	164	0.587558
125	173	0.513419
125	178	0.567145
125	179	0.565701
125	180	0.565842
126	12	1.36597
126	13	1.17819
126	19	1.28974
126	98	1.28476
126	102	1.35626
126	108	1.31329
126	118	1.32967
126	119	1.38283
126	120	1.29319
126	123	1.26207
126	125	1.34924
126	127	1.27665
126	128	0.517774
126	129	1.29769
126	137	1.32782
126	138	1.26351
126	139	1.29938
126	144	0.571255
126	146	0.510997
126	148	1.31904
126	152	1.29215
126	155	1.31804
126	158	0.510813
126	160	0.526274
126	168	0.492928
126	169	0.548216
126	170	0.582005
126	175	0.642168
126	177	0.565592
126	178	0.623383
126	179	0.621939
127	12	1.3555
127	19	1.27927
127	23	1.26288
127	66	1.36154
127	96	0.441013
127	98	1.2743
127	102	1.3458
127	108	1.30282
127	114	0.495222
127	118	1.3192
127	119	1.37236
127	120	1.28272
127	126	1.27665
127	129	1.28723
127	132	1.30136
127	137	1.31736
127	138	1.25304
127	139	1.28892
127	145	1.32726
127	146	0.521706
127	148	1.30858
127	149	0.511276
127	152	1.28169
127	153	0.585808
127	161	0.532528
127	163	0.528366
127	169	0.558924
127	176	0.610406
127	177	0.576301
127	178	0.634091
127	179	0.632648
128	34	0.466049
128	74	0.558295
128	84	0.459538
128	85	0.47332
128	89	0.53287
128	95	0.539063
128	111	0.507898
128	119	0.487161
128	126	0.517774
128	134	1.30287
128	138	0.552131
128	139	0.494969
128	140	1.37809
128	143	1.37388
128	147	1.36111
128	153	1.29865
128	155	0.482705
128	166	1.35766
128	168	1.40962
128	169	1.31457
128	170	1.29596
128	171	1.21754
128	172	1.29222
128	173	1.30229
128	174	1.41788
128	175	1.22643
128	176	1.27393
128	177	1.28419
128	178	1.23751
128	179	1.23359
128	180	1.22242
129	23	1.28392
129	96	0.414278
129	98	1.29534
129	102	1.36684
129	108	1.32387
129	111	1.31855
129	114	0.468487
129	118	1.34024
129	119	1.3934
129	120	1.30376
129	123	1.27265
129	125	1.35982
129	126	1.29769
129	127	1.28723
129	132	1.32241
129	134	0.540944
129	137	1.3384
129	138	1.27409
129	139	1.30996
129	144	0.555228
129	145	1.34831
129	148	1.32962
129	152	1.30273
129	154	0.588313
129	155	1.32861
129	156	0.575636
129	158	0.494786
129	159	0.498083
129	167	0.629517
129	169	0.532189
129	172	0.562661
129	175	0.626142
129	176	0.583671
130	34	0.483166
130	58	0.504904
130	66	0.470171
130	70	0.522165
130	71	0.482595
130	75	0.593398
130	94	0.513937
130	97	0.500218
130	101	0.485354
130	105	1.31387
130	108	0.508005
130	112	0.539236
130	113	0.455534
130	141	1.32373
130	145	0.49826
130	147	1.38021
130	150	1.3282
130	153	1.31776
130	156	1.31331
130	160	1.37517
130	161	1.37632
130	162	1.27611
130	163	1.37336
130	166	1.37676
130	168	1.42873
130	172	1.31132
130	173	1.32139
130	175	1.24553
130	176	1.29304
130	177	1.30329
130	178	1.25661
130	179	1.25269
130	180	1.24152
131	4	0.496241
131	9	0.473925
131	31	0.531701
131	39	0.49863
131	44	1.31787
131	46	0.557437
131	70	0.47327
131	80	0.499248
131	98	0.519097
131	107	0.483484
131	111	0.476121
131	114	1.40836
131	116	0.512589
131	119	0.455383
131	137	0.47191
131	142	1.35842
131	143	1.40912
131	149	1.4287
131	152	0.465387
131	153	1.33389
131	158	1.42255
131	159	1.42066
131	161	1.39245
131	162	1.29224
131	164	1.26572
131	167	1.26948
131	169	1.3498
131	171	1.25277
131	172	1.32745
131	173	1.33752
131	175	1.26166
131	176	1.30916
131	177	1.31942
131	178	1.27274
131	180	1.25765
132	12	1.39068
132	13	1.20291
132	19	1.31445
132	55	0.417666
132	66	1.39672
132	98	1.30948
132	102	1.38098
132	108	1.33801
132	109	0.43401
132	111	1.33269
132	118	1.35438
132	119	1.40754
132	120	1.3179
132	123	1.28679
132	125	1.37395
132	127	1.30136
132	129	1.32241
132	134	0.533833
132	137	1.35254
132	138	1.28823
132	139	1.3241
132	147	0.507587
132	148	1.34376
132	152	1.31687
132	153	0.551962
132	155	1.34275
132	160	0.503136
132	163	0.494519
132	169	0.525078
132	171	0.638329
132	173	0.546519
132	175	0.61903
132	177	0.542454
132	178	0.600245
132	180	0.598943
133	13	0.596981
133	48	1.49389
133	50	0.441612
133	56	0.452777
133	57	1.42939
133	64	0.525522
133	66	0.428107
133	80	0.506079
133	90	0.5001
133	93	0.459928
133	108	0.465941
133	135	0.500833
133	136	1.31321
133	138	0.527184
133	139	0.470022
133	141	1.31332
133	142	1.33188
133	145	0.456196
133	149	1.40217
133	153	1.30735
133	156	1.30291
133	157	0.454549
133	159	1.39413
133	161	1.36591
133	165	1.31732
133	166	1.36635
133	168	1.41832
133	169	1.32327
133	170	1.30466
133	172	1.30092
133	173	1.31099
133	177	1.29289
133	178	1.24621
133	179	1.24229
133	180	1.23112
134	27	0.611969
134	39	0.569604
134	40	0.55534
134	76	0.507586
134	91	0.589143
134	95	0.57826
134	107	0.554458
134	109	1.3495
134	112	0.561316
134	121	1.33363
134	128	1.30287
134	129	0.540944
134	132	0.533833
134	138	0.591328
134	140	1.30507
134	142	1.25016
134	145	0.52034
134	151	1.24215
134	153	1.22563
134	156	1.22119
134	158	1.3143
134	162	1.18399
134	165	1.2356
134	166	1.28463
134	167	1.16122
134	168	1.3366
134	170	1.22294
134	171	1.14452
134	172	1.2192
134	175	1.15341
134	176	1.20091
134	177	1.21117
134	179	1.16057
134	180	1.1494
135	20	1.30595
135	27	1.20646
135	35	1.38524
135	38	1.30052
135	40	1.30293
135	48	0.374991
135	56	1.34501
135	63	1.45561
135	67	1.21658
135	70	1.38536
135	78	1.34171
135	82	1.30379
135	87	1.38321
135	93	1.31428
135	94	1.33766
135	95	1.28777
