1	51	1.01154
1	56	1.23374
1	61	0.98574
1	81	0.786095
1	108	1.05586
1	120	1.07919
1	123	1.04739
1	126	1.08389
1	140	1.08771
1	148	1.0452
1	163	1.71227
1	168	1.08416
2	89	0.708173
2	112	0.414049
2	144	0.634835
2	148	0.578999
2	149	1.14305
2	153	1.06457
2	155	1.07067
2	159	0.991801
2	160	1.08696
2	174	1.0552
2	176	1.02761
2	179	0.944636
3	7	0.981717
3	11	0.998556
3	21	0.876914
3	32	0.955584
3	37	0.928666
3	43	0.924115
3	55	0.888602
3	74	0.906329
3	82	0.940844
3	87	1.22878
3	111	1.1641
3	180	2.08581
4	20	1.10104
4	35	1.02184
4	40	1.03226
4	50	1.09852
4	54	0.999329
4	66	1.04111
4	88	1.04551
4	95	0.875194
4	136	1.08101
4	147	1.19027
4	159	1.66532
4	169	1.12738
5	27	1.08077
5	42	1.04164
5	45	0.700136
5	47	1.01153
5	49	1.01189
5	58	1.08232
5	60	1.08274
5	76	0.92408
5	138	1.22653
5	167	1.95069
5	171	1.07557
5	177	1.00165
6	41	1.05038
6	42	1.0459
6	47	1.01579
6	49	1.01615
6	58	1.08658
6	60	1.087
6	67	0.702174
6	97	0.880511
6	121	1.06123
6	171	1.07983
6	177	1.00591
6	178	2.19621
7	3	0.981717
7	11	1.10376
7	21	0.982116
7	32	1.06079
7	38	1.13851
7	74	1.01153
7	79	1.06602
7	82	1.04605
7	155	1.12454
7	162	1.50622
7	164	1.12567
7	165	1.19387
8	46	1.23036
8	77	0.860523
8	84	1.04027
8	151	0.638077
8	163	0.903832
8	165	0.95429
8	170	0.884289
8	171	1.03713
8	174	0.958445
8	175	0.898638
8	178	0.855853
8	179	0.847882
9	46	1.00282
9	50	1.10171
9	54	1.00252
9	66	1.0443
9	88	1.0487
9	121	1.04406
9	125	1.07202
9	130	0.97889
9	136	1.0842
9	160	1.06234
9	165	1.22271
9	170	1.68867
10	72	0.981158
10	106	0.971665
10	113	0.948712
10	114	0.936594
10	122	0.944075
10	128	0.919414
10	131	0.934269
10	133	0.929322
10	146	1.07269
10	147	0.842092
10	174	1.20642
10	178	2.29083
11	3	0.998556
11	7	1.10376
11	37	1.05071
11	43	1.04616
11	55	1.01064
11	74	1.02837
11	79	1.08286
11	82	1.06289
11	150	1.27289
11	156	0.912448
11	166	1.16573
11	180	1.56763
12	20	1.09876
12	29	0.950121
12	31	1.07344
12	35	1.01957
12	40	1.02998
12	46	0.997355
12	50	1.09624
12	88	1.04324
12	125	1.06656
12	143	1.28702
12	149	1.24581
12	158	1.37168
13	26	0.795659
13	93	0.987477
13	115	0.905985
13	134	1.01752
13	143	1.03387
13	160	0.997541
13	173	0.875285
13	175	0.905971
13	176	0.938194
13	178	0.863187
13	179	0.855216
13	180	0.903666
14	33	1.09068
14	81	1.02288
14	100	1.02645
14	104	1.02997
14	109	1.05734
14	113	1.01008
14	124	1.0987
14	155	1.03628
14	157	1.39168
14	168	1.10511
14	172	0.963641
14	174	1.41577
15	53	1.00785
15	65	1.06691
15	68	1.03615
15	78	2.72523
15	105	0.773903
15	122	1.09045
15	128	1.06578
15	131	1.08064
15	133	1.07569
15	147	0.988463
15	153	0.711473
15	169	0.75898
16	24	0.939915
16	32	0.936894
16	37	0.909975
16	38	1.01462
16	43	0.905424
16	74	0.887638
16	79	0.942123
16	82	0.922153
16	85	0.939881
16	164	1.62553
16	166	1.5376
16	174	1.42697
17	100	1.00092
17	115	1.07302
17	116	1.13839
17	118	1.07392
17	124	1.07317
17	132	1.18251
17	141	0.966131
17	142	1.10845
17	150	1.59744
17	155	1.01075
17	168	1.07958
17	172	0.938105
18	27	0.965231
18	41	0.93058
18	42	0.926099
18	47	0.895998
18	49	0.896352
18	58	0.966787
18	60	0.9672
18	129	1.33632
18	132	1.41757
18	171	0.960032
18	176	1.8017
18	177	0.886112
19	68	1.01964
19	101	1.05785
19	112	1.04794
19	122	1.07393
19	128	1.04927
19	131	1.06413
19	133	1.05918
19	148	1.02848
19	158	0.745174
19	164	1.07802
19	165	1.14622
19	178	1.96387
20	4	1.10104
20	12	1.09876
20	31	1.06709
20	35	1.01321
20	46	0.990999
20	66	1.03248
20	84	1.06509
20	88	1.03688
20	117	1.14272
20	134	1.17989
20	136	1.07238
20	152	1.48881
21	3	0.876914
21	7	0.982116
21	24	0.959005
21	43	0.924514
21	55	0.889001
21	74	0.906728
21	79	0.961213
21	82	0.941243
21	85	0.958971
21	139	1.46451
21	157	1.47778
21	169	1.60114
22	26	0.926246
22	86	0.932118
22	94	1.36288
22	107	0.918888
22	108	0.91733
22	110	0.961089
22	120	0.940657
22	123	0.908862
22	126	0.945356
22	153	1.58982
22	154	1.58208
22	168	0.945634
23	61	0.862984
23	63	0.940324
23	71	0.925797
23	108	0.933104
23	120	0.956431
23	123	0.924636
23	129	1.23893
23	137	0.972538
23	138	1.30346
23	148	0.922446
23	168	0.961409
23	180	2.02984
24	16	0.939915
24	21	0.959005
24	37	1.01076
24	38	1.1154
24	55	0.970693
24	74	0.98842
24	79	1.04291
24	82	1.02294
24	85	1.04066
24	111	1.06251
24	135	1.19261
24	145	1.3976
24	174	1.47169
25	30	0.914148
25	89	1.01675
25	91	1.01613
25	95	1.37587
25	96	1.0161
25	98	1.0162
25	102	1.04071
25	103	1.04094
25	142	1.25759
25	151	1.04011
25	153	1.58055
25	154	0.988468
25	180	0.918792
26	13	0.795659
26	22	0.926246
26	39	1.09079
26	86	1.00988
26	107	0.996646
26	120	1.01841
26	125	1.016
26	126	1.02311
26	142	0.922977
26	144	0.989397
26	147	1.35633
26	162	1.77329
26	168	1.02339
27	5	1.08077
27	18	0.965231
27	30	0.870812
27	41	1.00729
27	47	0.972709
27	49	0.973063
27	58	1.0435
27	60	1.04391
27	84	1.28829
27	156	1.3428
27	164	1.68402
27	171	1.03674
27	177	0.962823
28	51	0.853572
28	71	0.89058
28	86	0.912675
28	110	0.941646
28	120	0.921214
28	123	0.889419
28	126	0.925913
28	130	1.78027
28	135	1.47826
28	137	0.937321
28	144	0.892197
28	158	1.62305
28	168	0.926192
29	12	0.950121
29	48	0.669238
29	102	0.577571
29	148	0.715832
29	153	1.07157
29	163	1.00759
29	167	0.998296
29	170	0.988052
29	174	1.06221
29	175	1.0024
29	176	1.03462
29	178	0.959616
29	179	0.951645
30	25	0.914148
30	27	0.870812
30	49	0.786141
30	115	0.68986
30	140	1.10195
30	145	1.07059
30	158	1.08965
30	164	1.01135
30	169	1.02726
30	170	0.940579
30	175	0.954927
30	176	0.98715
30	179	0.904172
31	12	1.07344
31	20	1.06709
31	35	0.987891
31	40	0.998308
31	46	0.965679
31	54	0.965379
31	66	1.00716
31	88	1.01156
31	125	1.03488
31	145	0.962111
31	146	0.902468
31	153	1.08795
31	179	2.24995
32	3	0.955584
32	7	1.06079
32	16	0.936894
32	38	1.11238
32	43	1.00318
32	55	0.967671
32	64	1.19447
32	74	0.985399
32	79	1.03988
32	82	1.01991
32	150	1.45741
32	174	1.23962
32	177	1.32274
33	14	1.09068
33	83	1.02514
33	93	0.996901
33	99	1.02088
33	116	1.08716
33	118	1.02269
33	150	1.10908
33	154	0.93531
33	155	0.959517
33	164	1.08985
33	168	1.02835
33	172	0.886876
33	179	2.10504
34	36	0.801166
34	50	1.25166
34	91	1.23459
34	134	0.957672
34	158	0.980851
34	165	0.901777
34	166	0.907919
34	169	0.918458
34	173	0.815438
34	174	0.905932
34	176	0.878348
34	177	0.910693
34	178	0.80334
34	179	0.795369
35	4	1.02184
35	12	1.01957
35	20	1.01321
35	31	0.987891
35	46	0.911802
35	66	0.953288
35	88	0.957688
35	105	1.11213
35	121	0.953044
35	125	0.981006
35	136	0.993182
35	153	1.0497
35	165	1.2647
35	173	2.11294
36	34	0.801166
36	62	0.921426
36	65	0.992996
36	106	1.04412
36	114	1.00905
36	128	0.991866
36	130	0.943271
36	131	1.00672
36	133	1.00177
36	147	0.914544
36	148	0.971077
36	155	1.16104
36	170	1.69633
36	172	1.54511
37	3	0.928666
37	11	1.05071
37	16	0.909975
37	24	1.01076
37	43	0.976266
37	55	0.940753
37	74	0.95848
37	79	1.01296
37	82	0.992995
37	85	1.01072
37	142	1.01709
37	158	1.15401
37	170	2.02101
37	174	1.28829
38	7	1.13851
38	16	1.01462
38	24	1.1154
38	32	1.11238
38	43	1.08091
38	55	1.04539
38	74	1.06312
38	79	1.11761
38	82	1.09764
38	117	0.861397
38	127	0.738364
38	155	1.17836
38	162	1.56004
38	180	1.49346
39	26	1.09079
39	57	0.46629
39	61	1.01176
39	92	0.942875
39	107	1.08344
39	110	1.12564
39	120	1.1052
39	123	1.07341
39	126	1.1099
39	140	0.83709
39	148	1.07122
39	159	1.56558
39	168	1.11018
39	173	2.04337
40	4	1.03226
40	12	1.02998
40	31	0.998308
40	46	0.922219
40	54	0.92192
40	66	0.963704
40	81	1.06746
40	88	0.968104
40	121	0.96346
40	125	0.991423
40	136	1.0036
40	153	1.51211
40	156	1.31769
40	169	1.55962
41	6	1.05038
41	18	0.93058
41	27	1.00729
41	42	0.968159
41	47	0.938058
41	49	0.938412
41	58	1.00885
41	60	1.00926
41	141	1.08606
41	146	1.36585
41	154	1.5436
41	157	1.47548
41	171	1.00209
41	177	0.928172
42	5	1.04164
42	6	1.0459
42	18	0.926099
42	41	0.968159
42	47	0.933578
42	49	0.933932
42	58	1.00437
42	60	1.00478
42	132	1.29787
42	138	1.28115
42	143	1.27607
42	169	1.59427
42	171	0.997612
42	177	0.923692
43	3	0.924115
43	11	1.04616
43	16	0.905424
43	21	0.924514
43	32	1.00318
43	37	0.976266
43	38	1.08091
43	55	0.936202
43	79	1.00841
43	82	0.988444
43	146	0.771408
43	160	1.01152
43	170	1.63785
43	179	2.11889
44	63	0.948854
44	71	0.934327
44	107	0.943193
44	108	0.941634
44	110	0.985393
44	113	0.734802
44	120	0.964961
44	123	0.933166
44	125	0.962547
44	126	0.969661
44	148	0.930977
44	158	1.00622
44	161	2.83335
44	166	1.25112
44	168	0.969939
45	5	0.700136
45	50	0.673859
45	74	0.542291
45	75	1.03159
45	98	0.67402
45	112	1.10238
45	114	1.1209
45	118	0.699159
45	131	1.11857
45	133	1.11363
45	142	1.13391
45	157	1.05188
45	178	0.935001
45	179	0.92703
45	180	0.97548
46	8	1.23036
46	9	1.00282
46	12	0.997355
46	20	0.990999
46	31	0.965679
46	35	0.911802
46	40	0.922219
46	50	0.98848
46	54	0.889291
46	66	0.931075
46	88	0.935475
46	113	1.31725
46	136	0.970969
46	141	1.30942
46	146	1.58922
47	5	1.01153
47	6	1.01579
47	18	0.895998
47	27	0.972709
47	41	0.938058
47	42	0.933578
47	49	0.90383
47	58	0.974266
47	60	0.974678
47	119	0.970705
47	153	1.2702
47	171	0.96751
47	172	1.79993
47	175	1.75787
47	177	0.89359
48	29	0.669238
48	89	1.04791
48	90	1.12565
48	91	1.04729
48	96	1.04726
48	98	1.04736
48	102	1.07187
48	103	1.0721
48	140	1.1338
48	151	1.07127
48	152	1.45163
48	154	1.01963
48	160	1.33146
48	174	1.22508
48	180	0.949954
49	5	1.01189
49	6	1.01615
49	18	0.896352
49	27	0.973063
49	30	0.786141
49	41	0.938412
49	42	0.933932
49	47	0.90383
49	58	0.97462
49	60	0.975032
49	127	1.15821
49	155	1.59821
49	163	1.93406
49	171	0.967864
49	177	0.893944
50	4	1.09852
50	9	1.10171
50	12	1.09624
50	34	1.25166
50	45	0.673859
50	46	0.98848
50	54	0.98818
50	66	1.02997
50	88	1.03436
50	121	1.02972
50	125	1.05768
50	134	1.33175
50	136	1.06986
50	141	1.00059
50	149	1.15396
51	1	1.01154
51	28	0.853572
51	71	0.934549
51	78	2.97477
51	86	0.956645
51	107	0.943415
51	120	0.965184
51	125	0.962769
51	126	0.969883
51	137	0.98129
51	144	0.936166
51	150	1.12704
51	158	0.774972
51	160	1.01564
51	168	0.970161
52	89	1.04791
52	90	1.12565
52	91	1.04729
52	96	1.04726
52	98	1.04736
52	102	1.07187
52	103	1.0721
52	119	0.959581
52	151	1.07127
52	154	1.01963
52	160	1.31371
52	165	1.47408
52	171	1.10195
52	177	1.29044
52	180	0.949954
53	15	1.00785
53	62	0.878063
53	101	0.957081
53	112	0.947169
53	113	0.977801
53	114	0.965683
53	122	0.973165
53	128	0.948504
53	129	0.981505
53	131	0.963358
53	133	0.958412
53	148	0.927715
53	156	1.11724
53	173	2.37489
53	177	1.34301
54	4	0.999329
54	9	1.00252
54	31	0.965379
54	40	0.92192
54	46	0.889291
54	50	0.98818
54	66	0.930776
54	88	0.935176
54	113	1.0106
54	121	0.930532
54	125	0.958495
54	136	0.97067
54	143	1.19736
54	164	1.61486
54	167	1.9266
55	3	0.888602
55	11	1.01064
55	21	0.889001
55	24	0.970693
55	32	0.967671
55	37	0.940753
55	38	1.04539
55	43	0.936202
55	74	0.918416
55	79	0.972901
55	82	0.952931
55	149	0.795541
55	160	1.16208
55	175	1.59511
55	179	2.26944
56	1	1.23374
56	92	0.937888
56	104	1.29452
56	110	1.34987
56	129	1.00025
56	140	0.953545
56	152	0.877992
56	153	0.875696
56	158	0.941249
56	166	0.868317
56	169	0.878855
56	175	0.806522
56	176	0.838745
56	178	0.763737
56	179	0.755766
57	39	0.46629
57	75	0.829337
57	106	0.598117
57	107	0.829999
57	109	0.780311
57	157	1.08011
57	159	1.00242
57	161	0.941996
57	162	1.01767
57	165	1.06167
57	173	0.975329
57	174	1.06582
57	176	1.03824
57	177	1.07058
57	178	0.963231
57	179	0.95526
58	5	1.08232
58	6	1.08658
58	18	0.966787
58	27	1.0435
58	41	1.00885
58	42	1.00437
58	47	0.974266
58	49	0.97462
58	60	1.04547
58	111	0.851512
58	142	0.989493
58	167	1.771
58	171	1.0383
58	174	1.26069
58	176	1.44768
58	177	0.96438
59	64	1.33013
59	70	1.00955
59	81	0.982384
59	92	1.38978
59	93	1.01019
59	99	1.03416
59	109	0.993859
59	115	1.03508
59	116	1.10045
59	118	1.03597
59	119	1.12754
59	124	1.03522
59	151	1.01654
59	168	1.04163
59	172	0.900161
59	176	1.56227
60	5	1.08274
60	6	1.087
60	18	0.9672
60	27	1.04391
60	41	1.00926
60	42	1.00478
60	47	0.974678
60	49	0.975032
60	58	1.04547
60	127	1.18029
60	139	1.3855
60	142	1.15166
60	149	1.16271
60	153	1.47462
60	171	1.03871
60	177	0.964792
61	1	0.98574
61	23	0.862984
61	39	1.01176
61	63	0.923272
61	67	1.15359
61	107	0.91761
61	108	0.916052
61	110	0.959811
61	123	0.907584
61	126	0.944078
61	144	0.910361
61	147	1.72537
61	148	0.905394
61	153	1.61497
61	168	0.944356
61	174	1.56321
62	36	0.921426
62	53	0.878063
62	65	0.937124
62	101	0.944572
62	106	0.988245
62	112	0.934659
62	114	0.953174
62	127	1.11686
62	128	0.935994
62	130	0.887398
62	131	0.950848
62	133	0.945902
62	138	1.14557
62	148	0.915205
62	167	1.86974
62	172	1.94092
63	23	0.940324
63	44	0.948854
63	61	0.923272
63	71	0.986084
63	80	0.734094
63	86	1.00818
63	107	0.99495
63	110	1.03715
63	123	0.984923
63	126	1.02142
63	137	1.03283
63	144	0.987701
63	154	1.08195
63	155	1.23535
63	168	1.0217
63	173	2.15293
63	175	1.57735
64	32	1.19447
64	59	1.33013
64	67	1.0698
64	79	0.922554
64	88	0.978929
64	145	0.995775
64	158	1.01484
64	161	0.816097
64	163	0.885311
64	166	0.941911
64	170	0.865768
64	172	0.882753
64	175	0.880117
64	176	0.91234
64	177	0.944685
64	178	0.837332
64	179	0.829361
65	15	1.06691
65	36	0.992996
65	62	0.937124
65	68	0.977927
65	75	0.935437
65	112	1.00623
65	122	1.03223
65	128	1.00756
65	131	1.02242
65	133	1.01747
65	145	1.06619
65	147	0.930242
65	148	0.986775
65	152	1.36683
65	166	1.2509
65	172	1.72176
65	176	1.32727
66	4	1.04111
66	9	1.0443
66	20	1.03248
66	31	1.00716
66	35	0.953288
66	40	0.963704
66	46	0.931075
66	50	1.02997
66	54	0.930776
66	80	0.809018
66	88	0.97696
66	121	0.972317
66	136	1.01245
66	162	1.69196
66	165	1.37961
66	166	1.22347
66	172	1.69434
67	6	0.702174
67	61	1.15359
67	64	1.0698
67	93	0.976372
67	125	0.758402
67	133	0.527538
67	138	1.1002
67	143	1.07215
67	157	1.01834
67	162	0.955901
67	170	0.929898
67	171	1.08274
67	173	0.91356
67	174	1.00405
67	175	0.944247
67	178	0.901462
67	179	0.893491
68	15	1.03615
68	19	1.01964
68	65	0.977927
68	72	1.03854
68	80	1.17293
68	95	1.32384
68	101	0.985375
68	106	1.02905
68	112	0.975462
68	114	0.993977
68	128	0.976797
68	131	0.991652
68	133	0.986705
68	135	1.19769
68	139	1.43939
68	147	0.899475
68	177	1.55988
69	70	0.96856
69	93	0.969194
69	99	0.993168
69	100	0.92198
69	109	0.952866
69	115	0.994082
69	116	1.05946
69	118	0.994981
69	124	0.994231
69	130	1.27856
69	135	0.976553
69	151	0.975545
69	152	1.48218
69	155	0.931809
69	165	1.52239
69	168	1.00064
69	172	0.859168
69	175	1.79505
70	59	1.00955
70	69	0.96856
70	81	0.949405
70	83	1.0075
70	100	0.932045
70	104	0.935559
70	109	0.96293
70	115	1.00415
70	124	1.0043
70	144	0.976707
70	151	0.985609
70	154	1.38632
70	155	0.941874
70	168	1.0107
70	171	1.23693
70	172	0.869232
70	175	1.88172
70	176	1.52929
71	23	0.925797
71	28	0.89058
71	44	0.934327
71	51	0.934549
71	63	0.986084
71	107	0.980422
71	108	0.978864
71	110	1.02262
71	113	1.05978
71	123	0.970396
71	126	1.00689
71	144	0.973174
71	145	1.3914
71	148	0.968206
71	149	1.20533
71	156	1.32282
71	167	1.97579
71	168	1.00717
72	10	0.981158
72	68	1.03854
72	75	0.996051
72	101	1.07676
72	106	1.12043
72	112	1.06684
72	121	1.2181
72	122	1.09284
72	128	1.06818
72	130	1.01958
72	131	1.08303
72	133	1.07809
72	141	0.855148
72	147	0.990856
72	152	1.49522
72	156	1.12601
72	160	1.37505
72	174	1.26867
73	89	1.03852
73	90	1.11626
73	91	1.0379
73	96	1.03787
73	98	1.03797
73	102	1.06248
73	103	1.06271
73	136	1.09176
73	137	1.0981
73	138	0.907544
73	151	1.06188
73	154	1.01024
73	160	1.22779
73	162	1.70051
73	164	1.31996
73	171	1.01603
73	177	1.20452
73	180	0.940562
74	3	0.906329
74	7	1.01153
74	11	1.02837
74	16	0.887638
74	21	0.906728
74	24	0.98842
74	32	0.985399
74	37	0.95848
74	38	1.06312
74	45	0.542291
74	55	0.918416
74	79	0.990628
74	82	0.970658
74	85	0.988386
74	159	1.91975
74	169	1.38181
74	176	1.46953
74	177	1.36566
75	45	1.03159
75	57	0.829337
75	65	0.935437
75	72	0.996051
75	77	0.993919
75	101	0.942885
75	106	0.986558
75	112	0.932972
75	114	0.951487
75	122	0.958968
75	128	0.934307
75	130	0.885712
75	131	0.949162
75	133	0.944215
75	147	0.856985
75	155	1.48885
75	157	1.26732
75	159	1.92863
75	176	1.47841
76	5	0.92408
76	86	0.482149
76	126	0.663729
76	127	1.17174
76	144	0.811199
76	148	0.755364
76	150	1.05176
76	160	1.0717
76	162	0.991782
76	164	1.03655
76	165	1.03578
76	166	1.04192
76	168	0.437911
76	174	1.03994
76	175	0.980128
76	176	1.01235
76	178	0.937343
76	179	0.929372
76	180	0.977822
77	8	0.860523
77	75	0.993919
77	102	1.05972
77	103	1.05996
77	106	1.1183
77	111	0.943927
77	112	1.06471
77	122	1.09071
77	128	1.06605
77	133	1.07595
77	135	1.07404
77	145	1.27903
77	148	1.04526
77	151	1.05913
77	154	1.00748
77	174	1.35311
77	177	1.43623
77	180	0.937808
78	15	2.72523
78	51	2.97477
78	105	0.87312
78	132	0.870285
78	139	0.816113
78	154	0.806653
78	156	0.881646
78	162	0.750937
78	163	0.744476
78	164	0.795706
78	166	0.801077
78	170	0.724934
78	171	0.87777
78	173	0.708596
78	175	0.739282
78	176	0.771505
78	178	0.696497
78	179	0.688527
78	180	0.736976
79	7	1.06602
79	11	1.08286
79	16	0.942123
79	21	0.961213
79	24	1.04291
79	32	1.03988
79	37	1.01296
79	38	1.11761
79	43	1.00841
79	55	0.972901
79	64	0.922554
79	74	0.990628
79	82	1.02514
79	85	1.04287
79	105	1.08189
79	129	0.689315
79	169	1.06697
79	172	1.54919
79	178	2.05212
80	63	0.734094
80	66	0.809018
80	68	1.17293
80	83	0.723717
80	86	0.694625
80	128	0.842806
80	138	1.11285
80	149	1.10456
80	156	1.09926
80	157	1.03099
80	159	0.953306
80	161	0.892877
80	166	1.01869
80	169	1.02923
80	174	1.0167
80	175	0.956896
80	176	0.98912
80	178	0.914112
80	179	0.906141
80	180	0.954591
81	1	0.786095
81	14	1.02288
81	40	1.06746
81	59	0.982384
81	70	0.949405
81	110	0.90222
81	142	1.11788
81	153	1.03093
81	156	1.10412
81	157	1.03585
81	162	0.973414
81	165	1.01741
81	167	0.957655
81	169	1.03409
81	173	0.931073
81	174	1.02157
81	175	0.961759
81	178	0.918974
81	179	0.911004
81	180	0.959453
82	3	0.940844
82	7	1.04605
82	11	1.06289
82	16	0.922153
82	21	0.941243
82	24	1.02294
82	32	1.01991
82	37	0.992995
82	38	1.09764
82	43	0.988444
82	55	0.952931
82	74	0.970658
82	79	1.02514
82	85	1.0229
82	94	1.13349
82	127	1.06609
82	134	1.2263
82	143	1.08973
82	167	1.81897
82	176	1.49565
83	33	1.02514
83	70	1.0075
83	80	0.723717
83	92	1.04205
83	93	1.00813
83	99	1.03211
83	100	0.960921
83	104	0.964435
83	109	0.991806
83	115	1.03302
83	118	1.03392
83	124	1.03317
83	151	1.01449
83	155	0.97075
83	156	0.884889
83	164	1.22611
83	168	1.03958
83	172	0.898109
83	179	2.2413
83	180	1.54007
84	8	1.04027
84	20	1.06509
84	27	1.28829
84	119	1.05213
84	125	0.970863
84	128	0.949474
84	131	0.712803
84	139	0.973036
84	150	0.967833
84	152	0.967675
84	161	0.832185
84	164	0.952629
84	166	0.958
84	167	0.892101
84	173	0.865518
84	175	0.896205
84	176	0.928428
84	177	0.960773
84	178	0.85342
84	179	0.845449
85	16	0.939881
85	21	0.958971
85	24	1.04066
85	37	1.01072
85	74	0.988386
85	79	1.04287
85	82	1.0229
85	104	0.966561
85	109	0.993932
85	115	1.03515
85	119	0.951228
85	124	1.0353
85	149	0.938819
85	151	1.01661
85	156	1.05631
85	163	1.73225
85	168	1.0417
85	169	1.29823
85	170	1.93168
85	172	0.900235
86	22	0.932118
86	26	1.00988
86	28	0.912675
86	51	0.956645
86	63	1.00818
86	76	0.482149
86	80	0.694625
86	107	1.00252
86	108	1.00096
86	110	1.04472
86	120	1.02429
86	123	0.992492
86	126	1.02899
86	137	1.04039
86	148	0.990302
86	150	1.21624
86	168	1.02926
86	175	1.53788
86	176	1.18545
86	179	2.21221
87	3	1.22878
87	110	0.950607
87	123	0.982897
87	126	0.835527
87	130	0.976295
87	145	1.01462
87	146	1.03191
87	151	0.786154
87	153	0.968131
87	158	1.03368
87	159	0.895366
87	161	0.834938
87	162	0.910611
87	163	0.904151
87	164	0.955381
87	166	0.960752
87	167	0.894853
87	170	0.884608
87	178	0.856172
87	179	0.848201
88	4	1.04551
88	9	1.0487
88	12	1.04324
88	20	1.03688
88	31	1.01156
88	35	0.957688
88	40	0.968104
88	46	0.935475
88	50	1.03436
88	54	0.935176
88	64	0.978929
88	66	0.97696
88	121	0.976716
88	125	1.00468
88	136	1.01685
88	147	1.18623
88	157	0.99998
88	176	1.21107
88	177	1.1072
88	178	2.10849
89	2	0.708173
89	25	1.01675
89	48	1.04791
89	52	1.04791
89	73	1.03852
89	90	1.02361
89	91	0.94525
89	94	1.22567
89	96	0.945217
89	98	0.945322
89	102	0.969828
89	103	0.97006
89	136	0.999109
89	137	1.00545
89	147	1.563
89	151	0.969231
89	154	0.917589
89	171	1.29547
89	176	1.58783
89	177	1.48396
89	180	0.847912
90	48	1.12565
90	52	1.12565
90	73	1.11626
90	89	1.02361
90	91	1.02299
90	96	1.02296
90	98	1.02306
90	102	1.04757
90	103	1.0478
90	129	0.898946
90	134	1.09497
90	136	1.07685
90	137	1.0832
90	139	1.13997
90	149	0.917186
90	150	1.39512
90	151	1.04697
90	154	0.99533
90	175	1.71676
90	176	1.36433
90	180	0.925654
91	25	1.01613
91	34	1.23459
91	48	1.04729
91	52	1.04729
91	73	1.0379
91	89	0.94525
91	90	1.02299
91	96	0.944598
91	98	0.944703
91	102	0.969209
91	103	0.969442
91	121	1.34647
91	129	1.11865
91	136	0.99849
91	137	1.00484
91	142	1.12584
91	151	0.968612
91	154	0.91697
91	164	1.5956
91	166	1.50766
91	180	0.847294
92	39	0.942875
92	56	0.937888
92	59	1.38978
92	83	1.04205
92	102	1.14791
92	114	1.11414
92	140	1.03296
92	146	1.01888
92	147	0.934546
92	153	0.955108
92	161	0.821915
92	164	0.942358
92	166	0.947729
92	167	0.88183
92	169	0.958267
92	170	0.871586
92	173	0.855248
92	175	0.885934
92	177	0.950503
92	178	0.84315
92	179	0.835179
93	13	0.987477
93	33	0.996901
93	59	1.01019
93	67	0.976372
93	69	0.969194
93	83	1.00813
93	99	1.00387
93	100	0.932679
93	104	0.936192
93	109	0.963564
93	116	1.07015
93	118	1.00568
93	124	1.00493
93	127	1.14342
93	143	1.16706
93	144	0.977341
93	155	0.942508
93	157	1.3619
93	163	1.91927
93	168	1.01134
93	172	0.869866
94	22	1.36288
94	82	1.13349
94	89	1.22567
94	111	1.05995
94	126	1.00486
94	135	1.02926
94	143	1.00128
94	146	1.00633
94	150	0.945005
94	151	0.955484
94	159	0.869786
94	162	0.885031
94	163	0.87857
94	167	0.869272
94	169	0.945709
94	170	0.859028
94	173	0.84269
94	174	0.933184
94	176	0.905599
94	178	0.830591
94	179	0.822621
95	4	0.875194
95	25	1.37587
95	68	1.32384
95	124	0.97749
95	135	1.06511
95	152	0.980693
95	153	0.978396
95	157	0.983316
95	161	0.845203
95	163	0.914416
95	166	0.971017
95	168	0.801296
95	169	0.981555
95	170	0.894874
95	173	0.878536
95	175	0.909222
95	176	0.941445
95	178	0.866437
95	179	0.858467
95	180	0.906916
96	25	1.0161
96	48	1.04726
96	52	1.04726
96	73	1.03787
96	89	0.945217
96	90	1.02296
96	91	0.944598
96	98	0.94467
96	102	0.969176
96	103	0.969409
96	121	0.9124
96	135	0.683898
96	136	0.998457
96	137	1.0048
96	151	0.968579
96	154	0.916937
96	161	2.65582
96	169	1.06224
96	171	0.857598
96	173	2.07797
96	180	0.847261
97	6	0.880511
97	113	1.00022
97	118	1.20812
97	119	1.00092
97	122	0.972107
97	123	1.09612
97	127	1.03661
97	143	0.972892
97	146	0.977942
97	149	0.992652
97	150	0.91662
97	151	0.899375
97	155	0.920269
97	157	0.919085
97	165	0.900644
97	166	0.906786
97	170	0.830643
97	173	0.814305
97	174	0.904799
97	178	0.802207
97	179	0.794236
98	25	1.0162
98	45	0.67402
98	48	1.04736
98	52	1.04736
98	73	1.03797
98	89	0.945322
98	90	1.02306
98	91	0.944703
98	96	0.94467
98	102	0.969281
98	103	0.969513
98	136	0.998562
98	137	1.00491
98	140	1.32299
98	146	1.28055
98	151	0.968684
98	154	0.917042
98	158	1.27999
98	174	1.41427
98	175	1.95369
98	180	0.847366
99	33	1.02088
99	59	1.03416
99	69	0.993168
99	83	1.03211
99	93	1.00387
99	100	0.956653
99	104	0.960166
99	105	1.42571
99	113	0.905826
99	115	1.02875
99	116	1.09413
99	118	1.02965
99	124	1.0289
99	132	1.11439
99	141	0.898004
99	144	1.00132
99	151	1.01022
99	154	1.35554
99	155	0.966482
99	162	1.89063
99	165	1.57829
99	168	1.03531
99	172	0.89384
100	14	1.02645
100	17	1.00092
100	69	0.92198
100	70	0.932045
100	83	0.960921
100	93	0.932679
100	99	0.956653
100	104	0.888979
100	109	0.916351
100	115	0.957567
100	116	1.02294
100	118	0.958466
100	124	0.957716
100	144	0.930128
100	151	0.93903
100	152	1.38517
100	156	1.01596
100	158	1.02434
100	161	2.85147
100	164	1.35718
100	166	1.26924
100	168	0.964123
100	172	0.822653
101	19	1.05785
101	53	0.957081
101	62	0.944572
101	68	0.985375
101	72	1.07676
101	75	0.942885
101	106	1.06726
101	112	1.01368
101	114	1.03219
101	121	1.15667
101	122	1.03967
101	128	1.01501
101	130	0.966417
101	131	1.02987
101	133	1.02492
101	139	1.16987
101	145	1.13315
101	147	0.93769
101	148	0.994223
101	158	1.07296
101	171	1.10186
101	172	1.78873
101	180	1.71976
102	25	1.04071
102	29	0.577571
102	48	1.07187
102	52	1.07187
102	73	1.06248
102	77	1.05972
102	89	0.969828
102	90	1.04757
102	91	0.969209
102	92	1.14791
102	96	0.969176
102	98	0.969281
102	103	0.994019
102	136	1.02307
102	137	1.02941
102	140	1.04213
102	146	0.999684
102	151	0.99319
102	153	1.18517
102	154	0.941548
102	169	1.23268
102	179	2.34716
102	180	0.871871
103	25	1.04094
103	48	1.0721
103	52	1.0721
103	73	1.06271
103	77	1.05996
103	89	0.97006
103	90	1.0478
103	91	0.969442
103	96	0.969409
103	98	0.969513
103	102	0.994019
103	105	1.19576
103	127	0.838998
103	136	1.0233
103	137	1.02965
103	138	0.86771
103	151	0.993423
103	154	0.941781
103	161	2.77442
103	164	1.28013
103	174	1.08157
103	177	1.16469
103	180	0.872104
104	14	1.02997
104	56	1.29452
104	70	0.935559
104	83	0.964435
104	85	0.966561
104	93	0.936192
104	99	0.960166
104	100	0.888979
104	109	0.919864
104	115	0.961081
104	116	1.02646
104	118	0.96198
104	124	0.961229
104	130	1.2627
104	144	0.933642
104	150	1.45755
104	151	0.942543
104	155	0.898808
104	168	0.967637
104	170	1.97248
104	171	1.13439
104	172	0.826167
104	176	1.42676
105	15	0.773903
105	35	1.11213
105	78	0.87312
105	79	1.08189
105	99	1.42571
105	103	1.19576
105	125	1.28222
105	135	1.04429
105	140	1.03543
105	146	1.02136
105	150	0.960035
105	153	0.95758
105	156	1.03077
105	157	0.962499
105	163	0.8936
105	164	0.94483
105	167	0.884302
105	170	0.874057
105	173	0.857719
105	174	0.948213
105	175	0.888406
105	176	0.920629
105	178	0.845621
105	179	0.83765
106	10	0.971665
106	36	1.04412
106	57	0.598117
106	62	0.988245
106	68	1.02905
106	72	1.12043
106	75	0.986558
106	77	1.1183
106	101	1.06726
106	112	1.05735
106	113	1.08798
106	114	1.07587
106	117	0.94066
106	122	1.08335
106	131	1.07354
106	133	1.06859
106	134	0.977836
106	141	0.646678
106	147	0.981363
106	148	1.0379
106	156	0.91754
106	167	1.5705
106	173	2.1752
106	180	1.57272
107	22	0.918888
107	26	0.996646
107	39	1.08344
107	44	0.943193
107	51	0.943415
107	57	0.829999
107	61	0.91761
107	63	0.99495
107	71	0.980422
107	86	1.00252
107	108	0.98773
107	110	1.03149
107	113	0.886383
107	120	1.01106
107	123	0.979262
107	125	1.00864
107	143	1.07314
107	144	0.982039
107	146	1.15835
107	148	0.977072
107	149	1.03193
107	156	1.14942
107	161	2.98493
107	168	1.01603
108	1	1.05586
108	22	0.91733
108	23	0.933104
108	44	0.941634
108	61	0.916052
108	71	0.978864
108	86	1.00096
108	107	0.98773
108	110	1.02993
108	120	1.0095
108	123	0.977704
108	125	1.00708
108	126	1.0142
108	127	0.810947
108	137	1.02561
108	140	0.962237
108	144	0.980481
108	146	0.919791
108	148	0.975514
108	156	0.910859
108	168	1.01448
108	173	2.16852
108	178	2.13793
108	180	1.56604
109	14	1.05734
109	57	0.780311
109	59	0.993859
109	69	0.952866
109	70	0.96293
109	83	0.991806
109	85	0.993932
109	93	0.963564
109	100	0.916351
109	104	0.919864
109	115	0.988453
109	116	1.05383
109	118	0.989352
109	124	0.988601
109	140	1.15111
109	144	0.961013
109	145	1.16831
109	151	0.969915
109	155	0.92618
109	159	1.8796
109	166	1.35302
109	168	0.995008
109	170	1.97511
109	171	1.13702
109	172	0.853538
110	22	0.961089
110	28	0.941646
110	39	1.12564
110	44	0.985393
110	56	1.34987
110	61	0.959811
110	63	1.03715
110	71	1.02262
110	81	0.90222
110	86	1.04472
110	87	0.950607
110	107	1.03149
110	108	1.02993
110	120	1.05326
110	123	1.02146
110	125	1.05084
110	126	1.05796
110	135	1.01604
110	137	1.06936
110	139	1.25775
110	140	1.20383
110	143	1.07618
110	148	1.01927
110	168	1.05824
110	174	1.29511
111	3	1.1641
111	24	1.06251
111	58	0.851512
111	77	0.943927
111	94	1.05995
111	117	1.09235
111	120	0.872175
111	144	0.918324
111	145	1.0568
111	151	0.721481
111	161	0.877121
111	163	0.946334
111	165	0.996793
111	166	1.00293
111	167	0.937036
111	169	1.01347
111	170	0.926792
111	172	0.943776
111	173	0.910454
111	174	1.00095
111	176	0.973363
111	177	1.00571
111	178	0.898355
111	179	0.890385
111	180	0.938834
112	2	0.414049
112	19	1.04794
112	45	1.10238
112	53	0.947169
112	62	0.934659
112	65	1.00623
112	68	0.975462
112	72	1.06684
112	75	0.932972
112	77	1.06471
112	101	1.01368
112	106	1.05735
112	114	1.02228
112	117	0.987182
112	122	1.02976
112	128	1.0051
112	130	0.956504
112	131	1.01995
112	133	1.01501
112	138	0.892861
112	145	1.03264
112	148	0.98431
112	167	1.61703
112	169	1.20599
112	172	1.68821
112	178	2.19113
113	10	0.948712
113	14	1.01008
113	44	0.734802
113	46	1.31725
113	53	0.977801
113	54	1.0106
113	71	1.05978
113	97	1.00022
113	99	0.905826
113	106	1.08798
113	107	0.886383
113	114	1.05291
113	122	1.06039
113	128	1.03573
113	131	1.05059
113	133	1.04564
113	138	1.06575
113	148	1.01494
113	156	1.05216
113	158	1.04453
113	165	0.965451
113	168	0.54852
113	169	0.982132
113	173	0.879112
113	174	0.969606
113	176	0.942022
114	10	0.936594
114	36	1.00905
114	45	1.1209
114	53	0.965683
114	62	0.953174
114	68	0.993977
114	75	0.951487
114	92	1.11414
114	101	1.03219
114	106	1.07587
114	112	1.02228
114	113	1.05291
114	122	1.04827
114	128	1.02361
114	130	0.975019
114	131	1.03847
114	133	1.03352
114	135	0.820568
114	142	0.828438
114	147	0.946292
114	148	1.00282
114	149	0.83949
114	150	1.31743
114	154	1.14366
114	162	1.67875
114	179	2.31339
115	13	0.905985
115	17	1.07302
115	30	0.68986
115	59	1.03508
115	69	0.994082
115	70	1.00415
115	83	1.03302
115	85	1.03515
115	99	1.02875
115	100	0.957567
115	104	0.961081
115	109	0.988453
115	116	1.09504
115	118	1.03057
115	124	1.02982
115	132	1.10737
115	140	1.21322
115	144	1.00223
115	149	1.04435
115	151	1.01113
115	155	0.967396
115	163	1.83778
115	164	1.50307
115	168	1.03623
115	169	1.40377
115	172	0.894755
116	17	1.13839
116	33	1.08716
116	59	1.10045
116	69	1.05946
116	93	1.07015
116	99	1.09413
116	100	1.02294
116	104	1.02646
116	109	1.05383
116	115	1.09504
116	117	1.06984
116	118	1.09594
116	124	1.09519
116	127	0.946807
116	141	0.775858
116	144	1.0676
116	147	1.35153
116	151	1.07651
116	155	1.03277
116	156	1.04672
116	166	1.3
116	167	1.69968
116	168	1.1016
116	171	1.08401
116	172	0.960129
116	176	1.37637
117	20	1.14272
117	38	0.861397
117	106	0.94066
117	111	1.09235
117	112	0.987182
117	116	1.06984
117	121	1.01453
117	124	1.01087
117	148	1.15213
117	149	1.05344
117	153	0.974956
117	156	1.04815
117	157	0.979876
117	158	1.04051
117	159	0.902192
117	160	0.997352
117	161	0.841763
117	162	0.917437
117	165	0.961435
117	169	0.978115
117	170	0.891434
117	175	0.905782
117	176	0.938006
117	178	0.862998
117	179	0.855027
117	180	0.903477
118	17	1.07392
118	33	1.02269
118	45	0.699159
118	59	1.03597
118	69	0.994981
118	83	1.03392
118	93	1.00568
118	97	1.20812
118	99	1.02965
118	100	0.958466
118	104	0.96198
118	109	0.989352
118	115	1.03057
118	116	1.09594
118	124	1.03072
118	129	1.16102
118	135	1.16034
118	142	1.16821
118	144	1.00313
118	151	1.01203
118	154	1.48343
118	155	0.968295
118	158	1.30513
118	166	1.55003
118	168	1.03712
118	172	0.895654
119	47	0.970705
119	52	0.959581
119	59	1.12754
119	84	1.05213
119	85	0.951228
119	97	1.00092
119	120	1.03362
119	123	1.07967
119	139	0.987329
119	149	1.05816
119	150	0.982126
119	158	1.04522
119	163	0.915691
119	165	0.96615
119	166	0.972292
119	167	0.906393
119	168	0.706478
119	169	0.98283
119	170	0.896149
119	173	0.879811
119	174	0.970305
119	175	0.910497
119	176	0.942721
119	177	0.975066
119	178	0.867713
119	179	0.859742
120	1	1.07919
120	22	0.940657
120	23	0.956431
120	26	1.01841
120	28	0.921214
120	39	1.1052
120	44	0.964961
120	51	0.965184
120	86	1.02429
120	107	1.01106
120	108	1.0095
120	110	1.05326
120	111	0.872175
120	119	1.03362
120	123	1.00103
120	126	1.03752
120	130	1.3043
120	137	1.04893
120	138	1.0675
120	144	1.00381
120	148	0.998841
120	152	1.50791
120	155	1.47878
120	158	1.14708
120	166	1.39198
120	168	1.0378
121	6	1.06123
121	9	1.04406
121	35	0.953044
121	40	0.96346
121	50	1.02972
121	54	0.930532
121	66	0.972317
121	72	1.2181
121	88	0.976716
121	91	1.34647
121	96	0.9124
121	101	1.15667
121	117	1.01453
121	125	1.00004
121	136	1.01221
121	137	0.981433
121	151	1.08009
121	157	0.937414
121	159	0.85973
121	164	0.919744
121	166	0.925115
121	167	0.859216
121	170	0.848972
121	174	0.923128
121	175	0.86332
121	176	0.895543
121	178	0.820535
121	179	0.812565
122	10	0.944075
122	15	1.09045
122	19	1.07393
122	53	0.973165
122	65	1.03223
122	72	1.09284
122	75	0.958968
122	77	1.09071
122	97	0.972107
122	101	1.03967
122	106	1.08335
122	112	1.02976
122	113	1.06039
122	114	1.04827
122	128	1.0311
122	130	0.9825
122	131	1.04595
122	132	1.00626
122	133	1.041
122	138	0.989536
122	147	0.953773
122	148	1.01031
122	154	1.24742
122	157	1.1793
122	160	1.30978
122	165	1.47016
122	171	1.09802
122	180	1.71592
123	1	1.04739
123	22	0.908862
123	23	0.924636
123	28	0.889419
123	39	1.07341
123	44	0.933166
123	61	0.907584
123	63	0.984923
123	71	0.970396
123	86	0.992492
123	87	0.982897
123	97	1.09612
123	107	0.979262
123	108	0.977704
123	110	1.02146
123	119	1.07967
123	120	1.00103
123	125	0.998617
123	126	1.00573
123	137	1.01714
123	144	0.972013
123	146	1.19368
123	148	0.967046
123	149	1.06726
123	157	1.30331
123	168	1.00601
123	169	1.42667
123	180	1.83993
124	14	1.0987
124	17	1.07317
124	59	1.03522
124	69	0.994231
124	70	1.0043
124	83	1.03317
124	85	1.0353
124	93	1.00493
124	95	0.97749
124	99	1.0289
124	100	0.957716
124	104	0.961229
124	109	0.988601
124	115	1.02982
124	116	1.09519
124	117	1.01087
124	118	1.03072
124	139	1.09305
124	144	1.00238
124	145	1.05633
124	151	1.01128
124	155	0.967545
124	158	0.996131
124	162	1.70952
124	168	1.03637
124	172	0.894903
124	174	1.13041
124	176	1.3174
124	180	1.64293
125	9	1.07202
125	12	1.06656
125	26	1.016
125	31	1.03488
125	35	0.981006
125	40	0.991423
125	44	0.962547
125	50	1.05768
125	51	0.962769
125	54	0.958495
125	67	0.758402
125	84	0.970863
125	88	1.00468
125	105	1.28222
125	107	1.00864
125	108	1.00708
125	110	1.05084
125	121	1.00004
125	123	0.998617
125	126	1.03511
125	129	0.889637
125	134	1.08566
125	136	1.04017
125	144	1.00139
125	165	1.43479
125	166	1.27865
125	168	1.03539
125	170	1.90074
125	171	1.06265
126	1	1.08389
126	22	0.945356
126	26	1.02311
126	28	0.925913
126	39	1.1099
126	44	0.969661
126	51	0.969883
126	61	0.944078
126	63	1.02142
126	71	1.00689
126	76	0.663729
126	86	1.02899
126	87	0.835527
126	94	1.00486
126	108	1.0142
126	110	1.05796
126	120	1.03752
126	123	1.00573
126	125	1.03511
126	137	1.05363
126	144	1.00851
126	146	1.04631
126	148	1.00354
126	149	0.919886
126	157	1.15594
126	159	1.81724
126	168	1.0425
126	170	1.91275
126	177	1.26316
127	38	0.738364
127	49	1.15821
127	60	1.18029
127	62	1.11686
127	76	1.17174
127	82	1.06609
127	93	1.14342
127	97	1.03661
127	103	0.838998
127	108	0.810947
127	116	0.946807
127	132	1.07719
127	134	1.05773
127	135	1.10207
127	140	1.09321
127	156	1.08855
127	157	1.02028
127	159	0.942594
127	160	1.03775
127	161	0.882165
127	165	1.00184
127	170	0.931836
127	172	0.948821
127	173	0.915498
127	174	1.00599
127	175	0.946185
127	176	0.978408
127	178	0.9034
127	179	0.895429
127	180	0.943879
128	10	0.919414
128	15	1.06578
128	19	1.04927
128	36	0.991866
128	53	0.948504
128	62	0.935994
128	65	1.00756
128	68	0.976797
128	72	1.06818
128	75	0.934307
128	77	1.06605
128	80	0.842806
128	84	0.949474
128	101	1.01501
128	112	1.0051
128	113	1.03573
128	114	1.02361
128	122	1.0311
128	130	0.957839
128	131	1.02129
128	133	1.01634
128	141	0.733116
128	147	0.929112
128	148	0.985645
128	155	1.34406
128	157	1.12254
128	160	1.25302
128	163	1.67992
128	175	1.68606
128	180	1.65916
129	18	1.33632
129	23	1.23893
129	53	0.981505
129	56	1.00025
129	79	0.689315
129	90	0.898946
129	91	1.11865
129	118	1.16102
129	125	0.889637
129	131	0.631576
129	134	1.05985
129	149	1.09596
129	150	1.01993
129	152	1.01977
129	153	1.01747
129	154	1.01567
129	159	0.94471
129	160	1.03987
129	161	0.884281
129	162	0.959955
129	163	0.953495
129	164	1.00472
129	165	1.00395
129	166	1.0101
129	167	0.944196
129	174	1.00811
129	175	0.9483
129	176	0.980524
129	178	0.905516
129	179	0.897545
129	180	0.945995
130	9	0.97889
130	28	1.78027
130	36	0.943271
130	62	0.887398
130	69	1.27856
130	72	1.01958
130	75	0.885712
130	87	0.976295
130	101	0.966417
130	104	1.2627
130	112	0.956504
130	114	0.975019
130	120	1.3043
130	122	0.9825
130	128	0.957839
130	131	0.972693
130	137	1.05494
130	148	0.93705
130	158	0.966633
130	159	0.828315
130	160	0.923476
130	168	0.977157
130	169	0.904239
130	170	0.817557
130	172	0.834542
130	173	0.801219
130	174	0.891713
130	175	0.831906
130	178	0.789121
130	179	0.78115
130	180	0.8296
131	10	0.934269
131	15	1.08064
131	19	1.06413
131	36	1.00672
131	45	1.11857
131	53	0.963358
131	62	0.950848
131	65	1.02242
131	68	0.991652
131	72	1.08303
131	75	0.949162
131	84	0.712803
131	101	1.02987
131	106	1.07354
131	112	1.01995
131	113	1.05059
131	114	1.03847
131	122	1.04595
131	128	1.02129
131	129	0.631576
131	130	0.972693
131	133	1.0312
131	147	0.943967
131	148	1.0005
131	155	1.10739
131	160	1.01635
131	162	1.48907
131	165	1.17673
131	166	1.02059
131	173	2.02497
131	177	0.993085
131	179	2.12372
132	17	1.18251
132	18	1.41757
132	42	1.29787
132	78	0.870285
132	99	1.11439
132	115	1.10737
132	122	1.00626
132	127	1.07719
132	134	0.997118
132	142	1.04169
132	145	1.00123
132	146	1.01852
132	148	1.07453
132	152	0.957041
132	154	0.952941
132	158	1.0203
132	159	0.88198
132	161	0.821551
132	162	0.897225
132	164	0.941995
132	165	0.941223
132	166	0.947366
132	167	0.881467
132	168	0.75708
132	169	0.957904
132	173	0.854884
132	174	0.945378
132	175	0.885571
132	176	0.917794
132	178	0.842786
132	179	0.834815
132	180	0.883265
133	10	0.929322
133	15	1.07569
133	19	1.05918
133	36	1.00177
133	45	1.11363
133	53	0.958412
133	62	0.945902
133	65	1.01747
133	67	0.527538
133	68	0.986705
133	72	1.07809
133	75	0.944215
133	77	1.07595
133	101	1.02492
133	106	1.06859
133	112	1.01501
133	113	1.04564
133	114	1.03352
133	122	1.041
133	128	1.01634
133	131	1.0312
133	140	0.845881
133	147	0.93902
133	148	0.995553
133	152	1.16371
133	155	1.13459
133	158	0.802882
133	172	1.51865
133	174	0.937162
133	175	1.47658
133	178	2.02157
133	179	2.15092
134	13	1.01752
134	20	1.17989
134	34	0.957672
134	50	1.33175
134	82	1.2263
134	90	1.09497
134	106	0.977836
134	125	1.08566
134	127	1.05773
134	129	1.05985
134	132	0.997118
134	139	0.942946
134	145	0.981774
134	148	1.18931
134	152	0.937586
134	153	0.935289
134	154	0.933486
134	157	0.940209
134	158	1.00084
134	163	0.871309
134	164	0.922539
134	165	0.921768
134	168	0.871855
134	169	0.938448
134	173	0.835429
134	174	0.925923
134	175	0.866115
134	176	0.898338
134	177	0.930684
134	178	0.82333
134	179	0.81536
134	180	0.86381
135	24	1.19261
135	28	1.47826
135	68	1.19769
135	69	0.976553
135	77	1.07404
135	94	1.02926
135	95	1.06511
135	96	0.683898
135	105	1.04429
135	110	1.01604
135	114	0.820568
135	118	1.16034
135	127	1.10207
135	140	1.05748
135	145	1.02611
135	149	1.05811
135	152	0.981924
135	153	0.979628
135	156	1.05282
135	157	0.984548
135	160	1.00202
135	162	0.922108
135	163	0.915648
135	167	0.90635
135	170	0.896106
135	172	0.91309
135	173	0.879767
135	174	0.970261
135	175	0.910454
135	176	0.942677
135	178	0.867669
135	179	0.859698
136	4	1.08101
136	9	1.0842
136	20	1.07238
136	35	0.993182
136	40	1.0036
136	46	0.970969
136	50	1.06986
136	54	0.97067
136	66	1.01245
136	73	1.09176
136	88	1.01685
136	89	0.999109
136	90	1.07685
136	91	0.99849
136	96	0.998457
136	98	0.998562
136	102	1.02307
136	103	1.0233
136	121	1.01221
136	125	1.04017
136	137	1.05869
136	142	0.750749
136	143	0.803013
136	147	1.18411
136	151	1.02247
136	154	0.970829
136	155	1.21938
136	156	0.879292
136	159	1.65916
136	163	1.55523
136	165	1.28871
136	174	1.02195
136	175	1.56137
136	178	2.10636
136	180	0.901153
137	23	0.972538
137	28	0.937321
137	51	0.98129
137	63	1.03283
137	73	1.0981
137	86	1.04039
137	89	1.00545
137	90	1.0832
137	91	1.00484
137	96	1.0048
137	98	1.00491
137	102	1.02941
137	103	1.02965
137	108	1.02561
137	110	1.06936
137	120	1.04893
137	121	0.981433
137	123	1.01714
137	126	1.05363
137	130	1.05494
137	136	1.05869
137	138	0.818143
137	144	1.01991
137	150	1.24979
137	151	1.02882
137	152	1.25855
137	154	0.977174
137	155	1.22943
137	157	1.0079
137	163	1.56528
137	168	1.05391
137	171	0.92663
137	176	1.21899
137	178	2.11641
137	180	0.907498
138	5	1.22653
138	23	1.30346
138	42	1.28115
138	62	1.14557
138	67	1.1002
138	73	0.907544
138	80	1.11285
138	103	0.86771
138	112	0.892861
138	113	1.06575
138	120	1.0675
138	122	0.989536
