1	33	1.40704
1	59	1.03102
1	60	0.514538
1	87	1.0706
1	98	1.10476
1	107	1.08886
1	119	1.05834
1	125	1.05274
1	133	1.04088
1	134	1.06868
1	155	1.08414
1	176	0.496478
2	37	0.975115
2	104	0.992421
2	136	1.36747
2	153	0.962484
2	166	0.947246
2	168	0.967537
2	170	0.938069
2	171	0.967596
2	172	0.947672
2	173	0.951422
2	175	1.04227
2	177	0.950437
3	87	1.23104
3	122	0.953231
3	127	1.15781
3	156	0.969807
3	160	0.969094
3	169	0.97313
3	174	0.959322
3	175	0.948783
3	176	0.963989
3	178	0.950586
3	179	0.958689
3	180	0.953369
4	18	0.907785
4	29	1.10021
4	54	0.954924
4	71	1.00554
4	130	0.954753
4	131	0.956272
4	163	0.961011
4	166	0.96538
4	170	0.956203
4	173	0.969556
4	177	0.968571
4	178	1.3091
5	44	0.759653
5	62	1.03102
5	117	1.07198
5	132	0.816498
5	149	1.06072
5	163	1.06272
5	165	1.07376
5	166	1.06709
5	168	1.08738
5	170	1.05791
5	171	1.08744
5	179	0.837836
6	47	1.06611
6	57	1.0534
6	63	1.03364
6	88	1.06449
6	129	0.810736
6	148	1.09899
6	149	1.06625
6	158	0.876286
6	163	1.06826
6	169	0.72694
6	172	1.07305
6	177	1.07582
7	63	0.968036
7	136	1.03169
7	139	1.06447
7	144	0.741227
7	147	1.06833
7	158	1.07379
7	171	0.677024
7	175	1.06605
7	176	1.08125
7	178	1.06785
7	179	1.07595
7	180	1.07063
8	9	1.0116
8	41	0.946731
8	47	0.935209
8	63	0.902744
8	65	0.993802
8	73	0.973257
8	78	0.952487
8	88	0.933595
8	120	0.982489
8	148	0.968092
8	169	1.1584
8	180	1.25101
9	8	1.0116
9	13	1.01261
9	22	1.09339
9	41	1.06769
9	73	1.09422
9	78	1.07345
9	88	1.05455
9	120	1.10345
9	146	0.773288
9	148	1.08905
9	174	0.836624
9	179	0.804831
10	46	0.965004
10	99	1.29428
10	112	1.09574
10	128	0.955292
10	139	0.953452
10	161	0.944966
10	164	0.974646
10	175	0.955028
10	176	0.970234
10	178	0.956831
10	179	0.964934
10	180	0.959614
11	22	1.08996
11	47	1.05274
11	51	0.821165
11	63	1.02027
11	65	1.11133
11	68	1.01895
11	78	1.07001
11	88	1.05112
11	120	1.10002
11	148	1.08562
11	158	0.810346
11	174	0.784017
12	48	0.963871
12	131	0.945091
12	136	1.32269
12	152	0.96614
12	165	0.960872
12	166	0.9542
12	168	0.97449
12	170	0.945023
12	171	0.974549
12	173	0.958375
12	177	0.957391
12	179	1.0867
13	9	1.01261
13	22	0.973436
13	41	0.947738
13	47	0.936215
13	63	0.90375
13	65	0.994808
13	73	0.974263
13	78	0.953493
13	88	0.934601
13	148	0.969098
13	164	1.21688
13	167	1.19272
14	62	0.929114
14	77	0.981291
14	85	0.9664
14	109	0.935683
14	131	0.956068
14	136	1.35022
14	150	0.959543
14	152	0.977118
14	160	1.05918
14	163	0.960808
14	172	0.965602
14	177	0.968368
15	43	0.956477
15	122	1.22589
15	128	1.18298
15	149	0.946593
15	152	0.964904
15	165	0.959635
15	168	0.973253
15	171	0.973313
15	172	0.953389
15	173	0.957139
15	174	0.959144
15	177	0.956154
16	90	1.05113
16	103	1.0954
16	144	1.07351
16	145	1.06419
16	151	1.04461
16	164	0.817919
16	165	1.06896
16	167	0.793764
16	169	0.802568
16	170	1.05311
16	171	1.08263
16	173	1.06646
17	52	0.952562
17	83	0.961249
17	120	1.14713
17	129	1.26205
17	131	0.947518
17	138	0.994304
17	149	0.950256
17	163	0.952257
17	166	0.956626
17	170	0.947449
17	171	0.976976
17	173	0.960802
18	4	0.907785
18	44	1.31048
18	64	0.983369
18	71	0.975383
18	138	0.972898
18	151	0.917549
18	163	0.930851
18	168	0.95551
18	170	0.926043
18	171	0.95557
18	172	0.935646
18	173	0.939396
18	175	1.29946
19	31	0.741585
19	75	1.04558
19	85	0.950127
19	154	1.0392
19	157	1.05038
19	162	1.02981
19	169	1.05421
19	175	1.02986
19	176	1.04507
19	177	0.89547
19	178	1.03167
19	179	1.03977
19	180	1.03445
20	35	0.977684
20	36	1.20554
20	45	0.954421
20	55	0.933771
20	82	0.948483
20	87	0.950394
20	102	0.930463
20	107	0.968656
20	125	0.932533
20	126	0.934452
20	133	0.920673
20	134	0.948474
20	175	1.40605
21	123	1.02738
21	127	0.745115
21	133	0.980525
21	144	0.859629
21	147	1.03464
21	158	1.0401
21	160	1.05267
21	162	1.0323
21	164	1.05197
21	176	1.04756
21	178	1.03416
21	179	1.04226
21	180	1.03694
22	9	1.09339
22	11	1.08996
22	13	0.973436
22	40	0.847198
22	41	1.02852
22	42	0.814195
22	63	0.984532
22	65	1.07559
22	73	1.05505
22	78	1.03428
22	88	1.01538
22	130	0.95462
22	148	1.04988
23	75	0.821823
23	85	1.03845
23	100	1.06698
23	120	0.810326
23	149	1.03086
23	151	1.01956
23	163	1.03286
23	165	1.0439
23	168	1.05752
23	170	1.02805
23	173	1.0414
23	177	1.04042
23	178	0.981656
24	48	0.96522
24	98	0.741655
24	123	1.02868
24	129	1.03708
24	135	1.03201
24	141	1.06109
24	153	0.877962
24	158	1.0414
24	175	1.03365
24	176	1.04886
24	178	1.03545
24	179	1.04356
24	180	1.03824
25	76	1.24775
25	85	0.939545
25	112	0.956855
25	114	0.94104
25	149	0.931951
25	153	0.953559
25	162	1.36146
25	163	0.933952
25	165	0.944994
25	166	0.938321
25	168	0.958612
25	171	0.958671
25	173	0.942497
26	35	0.97798
26	53	0.942383
26	80	0.953111
26	92	1.1942
26	98	0.984849
26	99	0.928062
26	102	0.93076
26	125	0.93283
26	126	0.934748
26	133	0.920969
26	134	0.94877
26	139	1.41471
26	145	0.945542
27	94	1.00051
27	113	1.04109
27	132	0.818235
27	144	1.02792
27	150	1.01106
27	161	0.954224
27	163	1.01232
27	165	1.02337
27	166	1.01669
27	168	1.03698
27	170	1.00752
27	173	1.02087
27	174	1.02287
27	177	1.01989
28	68	0.978071
28	82	1.02352
28	118	1.00846
28	133	0.995711
28	134	1.02351
28	143	0.973986
28	155	1.03897
28	157	0.883288
28	163	1.01401
28	168	1.03866
28	171	1.03872
28	172	1.0188
28	177	1.02157
28	178	0.957482
29	4	1.10021
29	30	0.794679
29	81	1.01634
29	157	1.03144
29	158	1.01866
29	160	1.03123
29	161	1.00085
29	162	1.01086
29	167	1.03065
29	172	0.896086
29	175	1.01092
29	178	1.01272
29	179	1.02082
29	180	1.0155
30	29	0.794679
30	63	0.972586
30	73	1.0431
30	77	1.02768
30	78	1.02233
30	88	1.00344
30	135	1.00183
30	148	1.03793
30	158	1.01271
30	168	1.03186
30	170	1.00239
30	171	1.03192
30	172	1.012
30	177	1.01476
31	19	0.741585
31	55	1.01545
31	95	1.01527
31	99	1.00945
31	111	1.08666
31	119	1.01982
31	126	1.01613
31	131	1.01591
31	134	1.03015
31	151	1.00734
31	161	0.980513
31	170	1.01584
31	172	1.02544
31	173	1.02919
32	81	1.39053
32	103	0.954492
32	104	0.966553
32	121	1.4186
32	127	0.947376
32	144	0.9326
32	151	0.903707
32	153	0.936616
32	163	0.917009
32	165	0.928051
32	168	0.941669
32	172	0.921804
32	173	0.925554
32	177	0.924569
33	1	1.40704
33	73	1.38682
33	91	0.9191
33	108	0.855541
33	132	0.951344
33	138	0.96621
33	141	0.951613
33	150	0.922898
33	164	0.943792
33	168	0.948822
33	171	0.948882
33	172	0.928957
33	179	0.93408
33	180	0.92876
34	105	0.992078
34	132	0.939817
34	147	0.949365
34	149	1.00899
34	153	1.0306
34	162	0.924335
34	166	1.01536
34	168	1.03565
34	170	1.00618
34	171	1.03571
34	172	1.01579
34	173	1.01954
34	174	1.02154
34	177	1.01855
35	20	0.977684
35	26	0.97798
35	59	0.994643
35	82	1.03231
35	92	0.738178
35	98	1.06838
35	102	1.01429
35	107	1.05248
35	125	1.01636
35	133	1.0045
35	134	1.0323
35	140	1.08915
35	145	1.02907
35	154	0.986155
36	20	1.20554
36	87	0.716709
36	90	1.00505
36	126	0.866233
36	149	1.00983
36	165	1.02288
36	166	1.01621
36	167	1.03158
36	169	1.03619
36	170	1.00703
36	177	1.0194
36	178	1.01365
36	179	1.02175
36	180	1.01643
37	2	0.975115
37	48	1.03036
37	60	0.777798
37	71	1.06085
37	106	1.27823
37	131	1.01158
37	150	1.01505
37	151	1.00301
37	166	1.02068
37	170	1.01151
37	172	1.02111
37	174	1.02687
37	176	0.759739
37	177	1.02388
38	42	1.01295
38	84	1.01419
38	100	0.8294
38	117	0.992268
38	124	1.0509
38	146	1.01095
38	152	0.964332
38	156	1.0259
38	169	1.02922
38	175	1.00488
38	176	1.02008
38	178	1.00668
38	179	1.01478
38	180	1.00946
39	58	1.06438
39	117	1.01427
39	118	0.999459
39	124	0.774753
39	138	1.04705
39	150	1.00374
39	153	1.02461
39	168	1.02967
39	171	1.02972
39	172	1.0098
39	173	1.01355
39	174	1.01556
39	176	0.975618
39	177	1.01257
40	22	0.847198
40	91	0.989314
40	102	1.21975
40	110	0.922944
40	131	0.989638
40	154	1.00373
40	162	0.994333
40	166	0.998747
40	169	1.01874
40	172	0.999172
40	174	1.00493
40	177	1.00194
40	178	0.996192
40	179	1.00429
40	180	0.998975
41	8	0.946731
41	9	1.06769
41	13	0.947738
41	22	1.02852
41	47	0.991299
41	63	0.958834
41	65	1.04989
41	68	0.957515
41	73	1.02935
41	78	1.00858
41	88	0.989685
41	140	1.09819
41	146	0.980096
41	148	1.02418
41	164	0.935768
42	22	0.814195
42	38	1.01295
42	139	0.990599
42	145	1.04167
42	154	1.00152
42	161	0.982113
42	162	0.99212
42	163	1.1346
42	164	1.01179
42	169	1.01652
42	175	0.992176
42	176	1.00738
42	178	0.993979
42	179	1.00208
42	180	0.996762
43	15	0.956477
43	80	1.07794
43	83	1.00095
43	112	1.01486
43	127	1.02233
43	135	1.0416
43	149	0.989958
43	150	0.990694
43	152	1.00827
43	165	1.003
43	167	0.894339
43	171	1.01668
43	172	0.996754
43	173	1.0005
43	177	0.99952
44	5	0.759653
44	18	1.31048
44	84	0.997496
44	142	1.01061
44	146	0.994251
44	147	0.990464
44	158	0.995929
44	160	1.00849
44	164	1.0078
44	169	1.01253
44	170	0.925067
44	175	0.988182
44	176	1.00339
44	179	0.998088
44	180	0.992768
45	20	0.954421
45	62	1.19126
45	88	0.776223
45	102	0.991028
45	110	1.03594
45	125	0.993097
45	126	0.995016
45	134	1.00904
45	135	0.9979
45	161	0.98948
45	164	1.01916
45	168	1.0161
45	178	1.00135
45	179	1.00945
45	180	1.00413
46	10	0.965004
46	115	1.00695
46	121	0.990417
46	125	1.00492
46	139	0.992498
46	144	0.97825
46	154	1.00342
46	156	1.0151
46	158	1.00182
46	160	1.01439
46	163	1.00242
46	164	1.01369
46	175	0.994075
46	179	1.00398
46	180	0.998661
47	6	1.06611
47	8	0.935209
47	11	1.05274
47	13	0.936215
47	41	0.991299
47	63	0.947311
47	65	1.03837
47	73	1.01783
47	78	0.997055
47	88	0.978162
47	96	0.981779
47	97	1.03835
47	120	1.02706
47	148	1.01266
47	174	0.995153
48	12	0.963871
48	24	0.96522
48	37	1.03036
48	57	0.983262
48	94	0.986302
48	112	1.02102
48	128	1.0411
48	130	0.991859
48	150	0.996853
48	152	1.01443
48	165	1.00916
48	170	0.99331
48	172	1.00291
48	173	1.00666
48	175	1.00335
49	55	0.989724
49	69	0.934283
49	107	1.02461
49	119	0.994094
49	125	0.988486
49	133	0.976626
49	134	1.00443
49	149	0.992919
49	152	1.01123
49	153	1.01453
49	156	1.03295
49	163	0.99492
49	165	1.00596
49	177	1.00248
49	180	1.04707
50	86	1.19366
50	112	0.999151
50	129	0.979384
50	134	0.992159
50	135	0.974315
50	141	1.0034
50	154	0.9853
50	156	0.996981
50	159	0.968135
50	161	0.965894
50	164	0.995575
50	167	0.995691
50	176	0.991163
50	178	0.97776
50	179	0.985863
50	180	0.980543
51	11	0.821165
51	105	0.960249
51	117	0.988429
51	118	0.973617
51	125	1.14333
51	126	1.2249
51	137	0.98084
51	143	0.969146
51	150	0.977899
51	164	0.998793
51	165	0.990206
51	171	1.00388
51	174	0.989714
51	176	0.994381
51	179	0.989081
51	180	0.983761
52	17	0.952562
52	57	0.969525
52	74	0.972533
52	89	1.04454
52	99	0.97318
52	125	0.977948
52	126	0.979866
52	133	0.966087
52	134	0.993888
52	144	0.999972
52	145	0.99066
52	151	0.971079
52	161	1.17791
52	166	0.988751
52	177	0.991942
52	179	1.06326
53	26	0.942383
53	55	0.982001
53	87	0.998624
53	99	0.975995
53	102	0.978694
53	110	1.02361
53	113	0.958395
53	119	0.986371
53	126	0.982682
53	133	0.968903
53	134	0.996704
53	145	0.993476
53	155	1.01217
53	157	1.02726
53	176	1.08615
53	178	1.10146
54	4	0.954924
54	95	0.972616
54	117	0.987255
54	138	1.02004
54	148	1.00872
54	151	0.964688
54	153	0.997597
54	154	1.09034
54	163	0.97799
54	166	0.982359
54	169	1.01556
54	170	0.973182
54	173	0.986535
54	174	0.98854
54	177	0.98555
54	180	1.10817
55	20	0.933771
55	31	1.01545
55	49	0.989724
55	53	0.982001
55	76	1.00411
55	82	0.988397
55	87	0.990308
55	98	1.02447
55	102	0.970377
55	119	0.978055
55	126	0.974366
55	133	0.960587
55	134	0.988388
55	156	1.03636
55	174	1.08088
55	178	1.09807
56	65	0.664115
56	132	1.08449
56	146	1.06339
56	149	0.894272
56	154	1.06667
56	156	1.07835
56	159	1.0495
56	161	1.04726
56	166	0.806756
56	169	1.08167
56	174	1.06786
56	176	1.07253
56	177	0.815131
56	178	1.05913
56	179	1.06723
56	180	1.06191
57	6	1.0534
57	48	0.983262
57	52	0.969525
57	115	1.08707
57	117	0.978486
57	144	0.984812
57	147	1.10304
57	149	0.96722
57	150	0.967956
57	153	0.988828
57	165	0.980263
57	168	0.99388
57	169	1.0236
57	170	0.964413
57	171	0.99394
57	172	0.974016
58	39	1.06438
58	106	0.919642
58	127	1.05565
58	137	0.985514
58	143	0.97382
58	156	1.00487
58	157	1.00437
58	158	0.991596
58	159	0.976027
58	161	0.973787
58	164	1.00347
58	168	1.07004
58	176	0.999055
58	178	0.985653
58	179	0.993755
58	180	0.988435
59	1	1.03102
59	35	0.994643
59	82	0.965442
59	87	0.967353
59	98	1.00151
59	99	0.944724
59	110	0.992339
59	114	0.963014
59	119	0.9551
59	125	0.949492
59	126	0.95141
59	133	0.937632
59	134	0.965433
59	146	1.18024
59	155	0.980895
59	167	1.11176
59	175	1.12258
60	1	0.514538
60	37	0.777798
60	116	1.04431
60	136	1.00673
60	139	1.03951
60	157	1.06161
60	158	1.04883
60	159	1.03327
60	162	1.04103
60	164	1.06071
60	165	1.03467
60	166	1.06311
60	167	1.06082
60	169	1.06543
60	175	1.04109
60	179	1.05099
60	180	1.04567
61	64	1.08862
61	66	1.01447
61	72	1.07185
61	85	1.04169
61	89	1.09626
61	105	1.01719
61	114	1.04319
61	118	1.03055
61	120	0.754239
61	163	1.0361
61	166	1.04047
61	170	1.03129
61	173	1.04465
61	176	0.910267
61	177	1.04366
61	179	0.876589
61	180	0.877975
62	5	1.03102
62	14	0.929114
62	45	1.19126
62	89	1.01254
62	127	0.982749
62	138	0.99443
62	149	0.950382
62	150	0.951118
62	153	0.97199
62	163	0.952383
62	164	1.04688
62	165	0.963424
62	168	0.977042
62	173	0.960928
62	174	0.962933
62	177	0.959943
62	178	1.17173
63	6	1.03364
63	7	0.968036
63	8	0.902744
63	11	1.02027
63	13	0.90375
63	22	0.984532
63	30	0.972586
63	41	0.958834
63	47	0.947311
63	65	1.0059
63	73	0.98536
63	78	0.964589
63	88	0.945697
63	120	0.994591
63	148	0.980195
63	159	1.25795
63	169	1.1833
64	18	0.983369
64	61	1.08862
64	76	0.784492
64	103	1.07408
64	141	0.854092
64	144	1.05219
64	151	1.02329
64	163	1.0366
64	165	1.04764
64	166	1.04096
64	168	1.06126
64	169	0.843803
64	171	1.06131
64	172	1.04139
64	173	1.04514
64	177	1.04416
64	180	0.936412
65	8	0.993802
65	11	1.11133
65	13	0.994808
65	22	1.07559
65	41	1.04989
65	47	1.03837
65	56	0.664115
65	63	1.0059
65	68	1.00459
65	73	1.07642
65	78	1.05565
65	88	1.03676
65	120	1.08565
65	130	1.07186
65	148	1.07125
65	174	0.900525
65	175	0.779522
66	61	1.01447
66	117	0.971706
66	118	0.956894
66	122	1.13961
66	123	1.16262
66	131	0.957702
66	144	0.978032
66	151	0.949139
66	152	0.978751
66	162	1.11136
66	165	0.973483
66	166	0.96681
66	170	0.957633
66	171	0.98716
66	172	0.967236
66	173	0.970986
66	177	0.970001
67	101	0.955532
67	119	1.1283
67	137	0.966856
67	140	0.960867
67	141	0.99263
67	157	0.985714
67	158	0.972938
67	159	0.957369
67	160	0.985502
67	162	0.965135
67	165	1.11429
67	166	1.14272
67	175	0.965191
67	176	0.980397
67	178	0.966994
67	179	0.975097
67	180	0.969777
68	11	1.01895
68	28	0.978071
68	41	0.957515
68	65	1.00459
68	73	0.984041
68	78	0.963271
68	88	0.944378
68	96	1.09542
68	107	0.977832
68	110	0.984556
68	119	0.947317
68	130	1.28013
68	133	0.929849
68	134	0.95765
68	148	0.978876
68	155	0.973112
68	162	1.04018
69	49	0.934283
69	70	1.0447
69	124	1.05649
69	132	1.03763
69	148	0.815272
69	154	1.01981
69	156	1.03149
69	157	1.03099
69	164	1.03008
69	167	1.0302
69	169	1.03481
69	170	0.891853
69	172	0.9446
69	175	1.01046
69	176	1.02567
69	178	1.01227
69	179	1.02037
69	180	1.01505
70	69	1.0447
70	103	0.838849
70	130	1.01207
70	134	0.770162
70	143	1.00831
70	150	1.00332
70	152	0.968358
70	156	1.03936
70	157	1.03886
70	160	1.03865
70	161	1.00828
70	164	1.03796
70	167	1.03807
70	174	1.02888
70	176	1.03354
70	178	1.02014
70	179	1.02824
70	180	1.02292
71	4	1.00554
71	18	0.975383
71	37	1.06085
71	74	0.828917
71	91	1.02355
71	94	1.01679
71	105	1.00969
71	122	0.911079
71	149	1.02661
71	161	1.03429
71	163	1.02861
71	164	0.84377
71	165	1.03965
71	168	1.05327
71	171	1.05333
71	172	1.0334
71	173	1.03715
71	177	1.03617
72	61	1.07185
72	81	0.789137
72	95	1.01445
72	96	1.01921
72	109	0.994703
72	116	0.865252
72	127	1.05019
72	131	1.01509
72	136	1.05676
72	138	1.06187
72	140	0.907323
72	151	1.00653
72	166	1.0242
72	168	1.04449
72	170	1.01502
72	172	1.02462
72	174	1.03038
72	177	1.02739
73	8	0.973257
73	9	1.09422
73	13	0.974263
73	22	1.05505
73	30	1.0431
73	33	1.38682
73	41	1.02935
73	47	1.01783
73	63	0.98536
73	65	1.07642
73	68	0.984041
73	78	1.0351
73	88	1.01621
73	108	1.3076
73	120	1.0651
73	148	1.05071
73	156	0.429855
73	178	0.491562
74	52	0.972533
74	71	0.828917
74	97	1.01034
74	135	1.00753
74	140	1.00485
74	143	0.999146
74	147	1.01146
74	149	1.00817
74	156	1.0302
74	159	1.00135
74	162	1.00912
74	163	0.981163
74	167	1.02891
74	174	1.01971
74	175	1.00918
74	176	1.02438
74	178	1.01098
74	179	1.01908
74	180	1.01376
75	19	1.04558
75	23	0.821823
75	85	0.963554
75	92	1.05867
75	102	1.01319
75	124	1.04584
75	143	0.989792
75	149	0.988038
75	156	1.02085
75	158	1.00757
75	159	0.992
75	161	0.989759
75	162	0.999766
75	167	1.01956
75	175	0.999822
75	176	1.01503
75	178	1.00162
75	179	1.00973
75	180	1.00441
76	25	1.24775
76	55	1.00411
76	64	0.784492
76	87	1.02074
76	98	1.0549
76	99	0.998109
76	102	1.00081
76	126	1.0048
76	133	0.991016
76	134	1.01882
76	140	1.005
76	152	0.897255
76	161	0.999259
76	166	0.86084
76	169	1.03367
76	176	1.02453
76	178	1.01112
76	179	1.01923
76	180	1.01391
77	14	0.981291
77	30	1.02768
77	104	1.0541
77	112	1.02746
77	130	0.998302
77	135	1.0056
77	138	1.04661
77	149	1.00256
77	150	1.0033
77	151	0.991258
77	153	1.02417
77	157	0.933151
77	162	0.921544
77	166	1.00893
77	170	0.999753
77	172	1.00936
77	173	1.01311
77	177	1.01212
77	179	0.958365
78	8	0.952487
78	9	1.07345
78	11	1.07001
78	13	0.953493
78	22	1.03428
78	30	1.02233
78	41	1.00858
78	47	0.997055
78	63	0.964589
78	65	1.05565
78	68	0.963271
78	73	1.0351
78	84	0.991226
78	88	0.99544
78	120	1.04433
78	148	1.02994
78	169	0.911631
78	175	0.913643
78	179	1.00285
79	111	0.959964
79	118	1.03429
79	122	0.998797
79	132	1.02152
79	137	0.996014
79	142	1.01678
79	146	1.00042
79	147	0.996631
79	151	0.962879
79	152	1.00598
79	161	0.984287
79	162	0.994293
79	164	1.01397
79	167	1.01408
79	175	0.994349
79	176	1.00955
79	177	0.977937
79	178	0.996152
79	179	1.00426
79	180	0.998935
80	26	0.953111
80	43	1.07794
80	104	0.855393
80	107	1.02761
80	119	0.997098
80	125	0.991491
80	126	0.993409
80	133	0.97963
80	136	0.963575
80	138	0.937997
80	141	1.02538
80	145	1.0042
80	155	1.02289
80	162	0.99788
80	169	1.02228
80	173	1.11457
80	175	0.997935
80	176	1.01314
80	179	1.00784
80	180	1.00252
81	29	1.01634
81	32	1.39053
81	72	0.789137
81	97	0.990682
81	128	0.989786
81	140	0.985199
81	148	0.895038
81	157	1.01005
81	158	0.997269
81	160	1.00983
81	162	0.989466
81	164	1.00914
81	167	1.00926
81	168	0.915962
81	169	1.01387
81	175	0.989522
81	176	1.00473
81	178	0.991326
81	179	0.999428
81	180	0.994108
82	20	0.948483
82	28	1.02352
82	35	1.03231
82	55	0.988397
82	59	0.965442
82	87	1.00502
82	98	1.03918
82	99	0.982391
82	102	0.98509
82	107	1.02328
82	110	1.03001
82	116	0.993517
82	119	0.992767
82	125	0.98716
82	130	1.15217
82	133	0.975299
82	134	1.0031
82	155	1.01856
82	160	0.893982
82	174	0.980828
83	17	0.961249
83	43	1.00095
83	100	1.02719
83	128	0.994426
83	132	1.02455
83	145	0.999347
83	151	0.979767
83	152	1.00938
83	154	1.02945
83	163	0.993069
83	164	0.970019
83	165	1.00411
83	166	0.997438
83	168	1.01773
83	170	0.988261
83	171	1.01779
83	172	0.997863
83	173	1.00161
83	174	1.00362
83	177	1.00063
84	38	1.01419
84	44	0.997496
84	78	0.991226
84	100	0.901228
84	111	0.959027
84	121	0.989756
84	124	1.03944
84	128	0.993677
84	133	1.15699
84	142	1.01584
84	143	0.983383
84	146	0.999482
84	159	0.985591
84	160	1.01372
84	167	1.01315
84	168	0.935967
84	175	0.993413
84	176	1.00862
84	178	0.995216
84	180	0.997999
85	14	0.9664
85	19	0.950127
85	23	1.03845
85	25	0.939545
85	61	1.04169
85	75	0.963554
85	127	1.02004
85	130	0.983411
85	144	1.00526
85	151	0.976368
85	153	1.00928
85	154	1.05796
85	162	1.03759
85	165	1.00071
85	168	1.01433
85	171	1.01439
85	172	0.994464
85	173	0.998215
85	174	1.00022
85	177	0.99723
86	50	1.19366
86	90	0.97895
86	100	1.01986
86	103	1.02322
86	118	0.980194
86	124	0.883906
86	127	1.01611
86	138	1.02779
86	144	1.00133
86	163	0.985741
86	164	0.975221
86	165	0.996782
86	166	0.99011
86	168	1.0104
86	170	0.980933
86	171	1.01046
86	172	0.990535
86	173	0.994286
86	175	0.961883
86	177	0.993301
87	1	1.0706
87	3	1.23104
87	20	0.950394
87	36	0.716709
87	53	0.998624
87	55	0.990308
87	59	0.967353
87	76	1.02074
87	82	1.00502
87	96	1.02485
87	99	0.984302
87	102	0.987
87	107	1.02519
87	110	1.03192
87	114	1.00259
87	119	0.994678
87	125	0.98907
87	133	0.97721
87	134	1.00501
87	174	1.03823
88	6	1.06449
88	8	0.933595
88	9	1.05455
88	11	1.05112
88	13	0.934601
88	22	1.01538
88	30	1.00344
88	41	0.989685
88	45	0.776223
88	47	0.978162
88	63	0.945697
88	65	1.03676
88	68	0.944378
88	73	1.01621
88	78	0.99544
88	108	1.57274
88	120	1.02544
88	130	0.91085
88	148	1.01105
88	178	0.756699
89	52	1.04454
89	61	1.09626
89	62	1.01254
89	92	0.612722
89	97	0.952132
89	109	1.01911
89	131	1.03949
89	144	1.05982
89	146	0.845599
89	151	1.03093
89	152	1.06054
89	158	0.935266
89	165	1.05528
89	166	1.0486
89	168	1.06889
89	170	1.03943
89	171	1.06895
89	172	1.04903
89	174	1.05478
89	177	1.05179
89	179	0.877143
90	16	1.05113
90	36	1.00505
90	86	0.97895
90	91	0.972224
90	118	0.97174
90	131	0.972548
90	141	1.01872
90	151	0.963985
90	152	0.993597
90	153	0.996894
90	163	0.977287
90	166	0.981656
90	167	0.999627
90	168	1.00195
90	170	0.972479
90	171	1.00201
90	173	0.985832
90	174	0.987837
90	177	0.984847
90	179	1.09965
90	180	1.10104
91	33	0.9191
91	40	0.989314
91	71	1.02355
91	90	0.972224
91	104	1.02856
91	138	1.02106
91	139	1.03998
91	141	1.00296
91	144	0.994605
91	150	0.977749
91	151	0.965712
91	157	1.05868
91	163	0.979014
91	168	1.00367
91	170	0.974206
91	171	1.00373
91	172	0.983809
91	173	0.987559
91	174	0.989564
91	176	1.11757
91	177	0.986574
92	26	1.1942
92	35	0.738178
92	75	1.05867
92	89	0.612722
92	116	1.04617
92	117	0.811304
92	137	1.04462
92	139	1.04137
92	142	1.06538
92	146	1.04902
92	147	1.04523
92	149	0.83447
92	159	1.03513
92	162	1.0429
92	164	1.06257
92	167	1.06268
92	175	1.04295
92	176	1.05816
92	178	1.04475
92	179	1.05286
92	180	1.04754
93	108	0.922458
93	111	0.956704
93	122	0.995538
93	136	0.95673
93	139	0.989513
93	142	1.01352
93	146	0.997159
93	150	1.09057
93	156	1.01211
93	157	1.01161
93	158	0.998837
93	159	0.983268
93	161	0.981028
93	162	0.991034
93	163	1.0797
93	166	1.01919
93	167	1.01082
93	171	0.991327
93	175	0.99109
93	178	0.992893
93	180	0.995676
94	27	1.00051
94	48	0.986302
94	71	1.01679
94	105	0.953346
94	117	0.981526
94	138	1.01431
94	148	1.00299
94	152	0.988571
94	153	0.991868
94	161	1.17751
94	163	0.972261
94	165	0.983303
94	166	0.976631
94	168	0.996921
94	169	0.971638
94	171	0.99698
94	172	0.977056
94	173	0.980806
94	175	0.97365
94	176	1.09654
94	177	0.979822
95	31	1.01527
95	54	0.972616
95	72	1.01445
95	96	0.978088
95	103	1.01618
95	118	0.973156
95	145	0.984981
95	146	1.03755
95	149	0.976701
95	150	0.977437
95	152	0.995012
95	155	1.01106
95	159	1.05251
95	163	0.978703
95	166	0.983072
95	170	0.973895
95	171	1.00342
95	172	0.983497
95	173	0.987247
95	177	0.986263
95	178	1.11807
96	47	0.981779
96	68	1.09542
96	72	1.01921
96	87	1.02485
96	95	0.978088
96	106	0.919266
96	125	1.09281
96	143	0.973444
96	150	0.982197
96	158	0.99122
96	162	0.983417
96	163	0.983462
96	167	1.00321
96	168	1.00812
96	169	1.00782
96	170	0.978654
96	171	1.00818
96	172	0.988257
96	174	0.994012
96	179	0.993379
96	180	0.988059
97	47	1.03835
97	74	1.01034
97	81	0.990682
97	89	0.952132
97	101	0.9756
97	105	1.06961
97	111	0.950874
97	136	0.950899
97	142	1.00769
97	154	0.994602
97	157	1.00578
97	158	0.993006
97	159	0.977437
97	160	1.00557
97	161	0.975197
97	167	1.00499
97	172	1.13099
97	175	0.985259
97	178	0.987062
97	179	0.995165
97	180	0.989845
98	1	1.10476
98	24	0.741655
98	26	0.984849
98	35	1.06838
98	55	1.02447
98	59	1.00151
98	76	1.0549
98	82	1.03918
98	99	1.01846
98	107	1.05935
98	110	1.06608
98	113	1.00086
98	114	1.03675
98	119	1.02884
98	126	1.02515
98	133	1.01137
98	134	1.03917
98	137	0.989145
98	145	1.03594
98	174	0.900792
98	178	0.91798
98	180	0.870385
99	10	1.29428
99	26	0.928062
99	31	1.00945
99	52	0.97318
99	53	0.975995
99	59	0.944724
99	76	0.998109
99	82	0.982391
99	87	0.984302
99	98	1.01846
99	102	0.964372
99	107	1.00256
99	114	0.979964
99	119	0.972049
99	123	1.06957
99	125	0.966442
99	126	0.96836
99	133	0.954582
99	145	0.979154
99	155	0.997844
99	169	0.963905
99	174	1.08692
100	23	1.06698
100	38	0.8294
100	83	1.02719
100	84	0.901228
100	86	1.01986
100	103	1.05568
100	104	1.06774
100	114	1.02528
100	127	1.04856
100	138	1.06024
100	149	1.01619
100	150	1.01693
100	155	0.854831
100	158	0.970979
100	160	0.857803
100	163	1.0182
100	165	1.02924
100	168	1.04286
100	170	1.01339
100	171	1.04291
100	172	1.02299
100	177	1.02576
101	67	0.955532
101	97	0.9756
101	105	1.1568
101	110	0.989415
101	121	0.970783
101	128	0.974704
101	136	0.94008
101	137	0.976105
101	138	1.01661
101	140	0.970116
101	146	0.980509
101	156	0.995464
101	157	0.994963
101	160	0.994751
101	161	0.964377
101	167	0.994174
101	169	0.998787
101	172	1.21818
101	175	0.97444
101	178	0.976243
101	179	0.984346
101	180	0.979026
102	20	0.930463
102	26	0.93076
102	35	1.01429
102	40	1.21975
102	45	0.991028
102	53	0.978694
102	55	0.970377
102	75	1.01319
102	76	1.00081
102	82	0.98509
102	87	0.987
102	99	0.964372
102	107	1.00526
102	110	1.01199
102	113	0.946772
102	125	0.96914
102	126	0.971058
102	133	0.95728
102	134	0.98508
102	155	1.00054
102	159	1.10746
102	160	1.06899
103	16	1.0954
103	32	0.954492
103	64	1.07408
103	70	0.838849
103	86	1.02322
103	95	1.01618
103	100	1.05568
103	118	1.01601
103	127	1.05193
103	131	1.01682
103	145	1.02784
103	148	1.05229
103	153	1.04117
103	162	0.881459
103	166	1.02593
103	168	1.04622
103	169	0.827057
103	171	1.04628
103	172	1.02635
103	173	1.0301
103	176	0.951957
103	180	0.919666
104	2	0.992421
104	32	0.966553
104	77	1.0541
104	80	0.855393
104	91	1.02856
104	100	1.06774
104	136	1.00781
104	137	0.891968
104	140	0.858375
104	144	1.04921
104	150	1.03236
104	151	1.02032
104	152	1.04993
104	163	1.03362
104	166	1.03799
104	168	1.05828
104	170	1.02881
104	171	1.05834
104	172	1.03842
104	173	1.04217
104	176	0.8055
104	177	1.04118
105	34	0.992078
105	51	0.960249
105	61	1.01719
105	71	1.00969
105	94	0.953346
105	97	1.06961
105	101	1.1568
105	111	1.21542
105	115	0.966859
105	131	0.960423
105	138	1.00721
105	144	0.980753
105	150	0.963897
105	151	0.95186
105	153	0.984769
105	165	0.976203
105	170	0.960354
105	171	0.989881
105	172	0.969957
105	173	0.973707
105	174	0.975712
105	177	0.972722
106	37	1.27823
106	58	0.919642
106	96	0.919266
106	115	0.932765
106	129	0.923319
106	132	0.947062
106	136	0.885532
106	140	0.915569
106	146	0.925961
106	147	0.922174
106	151	1.55686
106	154	0.929235
106	157	0.940415
106	158	0.927639
106	159	0.91207
106	164	0.93951
106	167	0.939626
106	169	0.944239
106	170	1.55542
106	178	0.921695
106	179	0.929798
106	180	0.924478
107	1	1.08886
107	20	0.968656
107	35	1.05248
107	49	1.02461
107	68	0.977832
107	80	1.02761
107	82	1.02328
107	87	1.02519
107	98	1.05935
107	99	1.00256
107	102	1.00526
107	110	1.05018
107	125	1.00733
107	126	1.00925
107	133	0.995473
107	134	1.02327
107	142	0.916447
107	145	1.02005
107	154	0.913043
107	155	1.03874
107	157	0.904273
107	174	0.96128
107	179	0.929487
108	33	0.855541
108	73	1.3076
108	88	1.57274
108	93	0.922458
108	109	0.890331
108	113	0.886654
108	127	0.945822
108	130	0.909197
108	134	1.71461
108	144	0.931047
108	148	0.946189
108	156	0.936491
108	157	0.93599
108	160	0.935778
108	163	0.915456
108	169	0.939814
108	170	0.910648
108	173	0.924001
108	175	0.915467
108	176	0.930673
108	177	0.923016
108	179	0.925373
108	180	0.920053
109	14	0.935683
109	72	0.994703
109	89	1.01911
109	108	0.890331
109	111	1.34596
109	112	0.981855
109	117	0.968217
109	131	0.954213
109	138	1.001
109	144	0.974543
109	146	1.09362
109	149	0.956951
109	152	0.975262
109	159	1.10858
109	160	1.07011
109	163	0.958952
109	165	0.969994
109	168	0.983612
109	170	0.954145
109	171	0.983671
109	172	0.963747
109	173	0.967497
109	177	0.966513
110	40	0.922944
110	45	1.03594
110	53	1.02361
110	59	0.992339
110	68	0.984556
110	82	1.03001
110	87	1.03192
110	98	1.06608
110	101	0.989415
110	102	1.01199
110	107	1.05018
110	113	0.991689
110	114	1.02758
110	119	1.01966
110	125	1.01406
110	126	1.01598
110	130	1.03037
110	133	1.0022
110	134	1.03
110	142	0.814193
110	145	1.02677
110	155	1.04546
110	174	0.859026
111	31	1.08666
111	79	0.959964
111	84	0.959027
111	93	0.956704
111	97	0.950874
111	105	1.21542
111	109	1.34596
111	120	0.994832
111	122	0.954162
111	137	0.951378
111	141	0.977153
111	143	0.939684
111	147	0.951995
111	148	1.14747
111	156	0.970737
111	162	0.949658
111	167	0.969447
111	169	0.974061
111	174	0.960253
111	175	0.949713
111	176	0.964919
111	178	0.951517
111	179	0.959619
111	180	0.9543
112	10	1.09574
112	25	0.956855
112	43	1.01486
112	48	1.02102
112	50	0.999151
112	77	1.02746
112	109	0.981855
112	149	1.00498
112	150	1.00571
112	151	0.993678
112	152	1.02329
112	153	1.02659
112	161	0.971233
112	163	1.00698
112	165	1.01802
112	166	1.01135
112	168	1.03164
112	170	1.00217
112	171	1.0317
112	172	1.01177
112	173	1.01552
112	176	0.890262
112	177	1.01454
112	180	0.85797
113	27	1.04109
113	53	0.958395
113	98	1.00086
113	102	0.946772
113	108	0.886654
113	110	0.991689
113	116	0.958505
113	119	0.954449
113	125	0.948842
113	126	0.95076
113	131	1.23954
113	133	0.936982
113	134	0.964782
113	142	0.977716
113	149	1.30041
113	154	0.96463
113	155	0.980244
113	158	0.963033
113	161	0.945224
113	164	0.974904
113	170	1.20477
113	176	0.970492
113	179	0.965193
113	180	0.959873
114	25	0.94104
114	59	0.963014
114	61	1.04319
114	87	1.00259
114	98	1.03675
114	99	0.979964
114	100	1.02528
114	110	1.02758
114	119	0.990339
114	121	0.992741
114	133	0.972871
114	134	1.00067
114	140	1.08286
114	145	0.997444
114	152	1.00748
114	155	1.01613
114	165	1.00221
114	166	0.995534
114	169	0.905089
114	170	0.986357
114	171	1.01588
114	172	0.99596
114	173	0.99971
114	178	1.04529
114	180	0.997697
115	46	1.00695
115	57	1.08707
115	105	0.966859
115	106	0.932765
115	116	1.00019
115	121	0.993314
115	123	0.991997
115	124	1.04299
115	140	0.992648
115	143	0.986942
115	146	1.00304
115	147	0.999253
115	152	1.02003
115	154	1.00631
115	159	0.98915
115	161	0.986909
115	164	1.01659
115	167	1.01671
115	168	0.919836
115	169	1.02132
115	174	1.00751
115	175	0.996972
115	177	0.99199
115	179	1.00688
115	180	1.00156
116	60	1.04431
116	72	0.865252
116	82	0.993517
116	92	1.04617
116	113	0.958505
116	115	1.00019
116	124	1.03334
116	130	0.981048
116	132	1.01449
116	135	0.985675
116	139	0.985741
116	140	0.982994
116	142	1.00975
116	143	0.977288
116	145	1.02344
116	160	1.00763
116	164	1.00694
116	171	1.028
116	173	1.07548
116	174	0.997857
116	175	0.987317
116	176	1.00252
116	178	0.989121
116	179	0.997223
116	180	0.991903
117	5	1.07198
117	38	0.992268
117	39	1.01427
117	51	0.988429
117	54	0.987255
117	57	0.978486
117	66	0.971706
117	92	0.811304
117	94	0.981526
117	109	0.968217
117	118	0.987795
117	128	1.02426
117	130	0.987083
117	145	0.99962
117	148	1.02407
117	152	1.00965
117	165	1.00438
117	168	1.018
117	170	0.988534
117	171	1.01806
117	172	0.998136
117	173	1.00189
117	176	1.1094
117	177	1.0009
117	180	1.07711
118	28	1.00846
118	39	0.999459
118	51	0.973617
118	61	1.03055
118	66	0.956894
118	79	1.03429
118	86	0.980194
118	90	0.97174
118	95	0.973156
118	103	1.01601
118	117	0.987795
118	127	1.0089
118	144	0.994121
118	146	1.04455
118	152	0.99484
118	163	0.97853
118	168	1.00319
118	170	0.973722
118	171	1.00325
118	172	0.983325
118	173	0.987075
118	174	0.98908
118	175	0.986886
118	177	0.98609
118	179	1.0761
118	180	1.07748
119	1	1.05834
119	31	1.01982
119	49	0.994094
119	53	0.986371
119	55	0.978055
119	59	0.9551
119	67	1.1283
119	68	0.947317
119	80	0.997098
119	82	0.992767
119	87	0.994678
119	98	1.02884
119	99	0.972049
119	110	1.01966
119	113	0.954449
119	114	0.990339
119	125	0.976817
119	126	0.978736
119	133	0.964957
119	134	0.992758
119	142	0.983913
119	145	0.98953
119	155	1.00822
119	161	1.1116
119	179	0.996952
119	180	0.998339
120	8	0.982489
120	9	1.10345
120	11	1.10002
120	17	1.14713
120	23	0.810326
120	47	1.02706
120	61	0.754239
120	63	0.994591
120	65	1.08565
120	73	1.0651
120	78	1.04433
120	88	1.02544
120	111	0.994832
120	138	0.732076
120	146	1.03529
120	147	1.0315
120	148	1.05994
120	161	1.01916
120	169	1.05356
120	170	0.880901
120	171	0.861164
120	175	1.02922
120	176	1.04442
120	178	1.03102
120	179	1.03912
120	180	1.0338
121	32	1.4186
121	46	0.990417
121	84	0.989756
121	101	0.970783
121	114	0.992741
121	115	0.993314
121	128	0.980706
121	132	1.00761
121	138	0.850856
121	143	0.970412
121	154	0.989785
121	155	1.0054
121	157	1.00096
121	160	1.00075
121	161	0.97038
121	164	1.00006
121	165	0.979366
121	167	1.00018
121	168	0.944024
121	169	1.00479
121	174	0.990981
121	175	0.980442
121	176	0.995648
121	178	0.982245
121	179	0.990348
121	180	0.985028
122	3	0.953231
122	15	1.22589
122	66	1.13961
122	71	0.911079
122	79	0.998797
122	93	0.995538
122	111	0.954162
122	129	0.991974
122	136	0.954187
122	142	1.01098
122	146	0.994616
122	147	0.990829
122	148	0.918107
122	151	0.996128
122	154	0.997891
122	156	1.00957
122	159	0.980725
122	160	1.00886
122	161	0.978485
122	162	0.988492
122	167	1.00828
122	169	1.01289
122	175	0.988547
122	178	0.990351
122	179	0.998453
122	180	0.993133
123	21	1.02738
123	24	1.02868
123	66	1.16262
123	99	1.06957
123	115	0.991997
123	129	0.982552
123	135	0.977483
123	141	1.00656
123	143	0.969095
123	145	0.993407
123	147	0.981406
123	157	0.999648
123	158	0.986871
123	159	0.971303
123	160	0.999435
123	161	0.969062
123	162	0.979069
123	167	0.998858
123	168	0.96204
123	169	1.00347
123	171	0.997959
123	175	0.979124
123	176	0.99433
123	178	0.980928
123	179	0.989031
123	180	0.983711
124	38	1.0509
124	39	0.774753
124	69	1.05649
124	75	1.04584
124	84	1.03944
124	86	0.883906
124	115	1.04299
124	116	1.03334
124	135	1.02848
124	140	1.0258
124	147	1.0324
124	149	0.931703
124	153	0.838119
124	155	1.05508
124	159	1.0223
124	160	1.05043
124	162	1.03007
124	167	1.04986
124	169	1.05447
124	172	0.88881
124	173	0.863808
124	175	1.03012
124	176	1.04533
124	178	1.03193
124	179	1.04003
124	180	1.03471
125	1	1.05274
125	20	0.932533
125	26	0.93283
125	35	1.01636
125	45	0.993097
125	46	1.00492
125	49	0.988486
125	51	1.14333
125	52	0.977948
125	59	0.949492
125	80	0.991491
125	82	0.98716
125	87	0.98907
125	96	1.09281
125	99	0.966442
125	102	0.96914
125	107	1.00733
125	110	1.01406
125	113	0.948842
125	119	0.976817
125	126	0.973128
125	133	0.95935
125	134	0.98715
125	145	0.983922
125	147	1.0626
125	155	1.00261
125	174	1.10618
126	20	0.934452
126	26	0.934748
126	31	1.01613
126	36	0.866233
126	45	0.995016
126	51	1.2249
126	52	0.979866
126	53	0.982682
126	55	0.974366
126	59	0.95141
126	76	1.0048
126	80	0.993409
126	98	1.02515
126	99	0.96836
126	102	0.971058
126	107	1.00925
126	110	1.01598
126	113	0.95076
126	119	0.978736
126	125	0.973128
126	133	0.961268
126	134	0.989069
126	145	0.98584
126	155	1.00453
126	164	1.08009
126	167	1.05593
126	174	1.18775
127	3	1.15781
127	21	0.745115
127	32	0.947376
127	43	1.02233
127	58	1.05565
127	62	0.982749
127	72	1.05019
127	85	1.02004
127	86	1.01611
127	100	1.04856
127	103	1.05193
127	108	0.945822
127	118	1.0089
127	130	1.00819
127	138	1.05649
127	149	1.01244
127	152	1.03075
127	153	1.03405
127	156	0.920476
127	160	0.878149
127	163	1.01444
127	164	0.85733
127	165	1.02549
127	166	1.01881
127	168	1.0391
127	172	1.01924
127	174	1.02499
127	177	1.022
128	10	0.955292
128	15	1.18298
128	48	1.0411
128	81	0.989786
128	83	0.994426
128	84	0.993677
128	101	0.974704
128	117	1.02426
128	121	0.980706
128	129	0.98779
128	132	1.01153
128	139	0.982787
128	141	1.0118
128	142	1.00679
128	143	0.974333
128	156	1.00539
128	157	1.00489
128	159	0.976541
128	160	1.00467
128	161	0.974301
128	164	1.00398
128	167	1.0041
128	169	1.00871
128	173	0.97953
128	174	0.994902
128	175	0.984363
128	176	0.999569
128	177	0.968284
128	178	0.986166
128	179	0.994269
128	180	0.988949
129	6	0.810736
129	17	1.26205
129	24	1.03708
129	50	0.979384
129	106	0.923319
129	122	0.991974
129	123	0.982552
129	128	0.98779
129	135	0.985884
129	136	0.953166
129	137	0.989191
129	143	0.977497
129	151	0.997264
129	153	0.997879
129	154	0.996869
129	155	1.01248
129	156	1.00855
129	157	1.00805
129	158	0.995273
129	161	0.977464
129	163	1.06446
129	164	1.00714
129	167	1.00726
129	169	1.01187
129	172	1.04857
129	174	0.998065
129	175	0.987526
129	176	1.00273
129	178	0.989329
129	179	0.997432
129	180	0.992112
130	4	0.954753
130	22	0.95462
130	48	0.991859
130	65	1.07186
130	68	1.28013
130	70	1.01207
130	77	0.998302
130	82	1.15217
130	85	0.983411
130	88	0.91085
130	108	0.909197
130	110	1.03037
130	116	0.981048
130	117	0.987083
130	127	1.00819
130	135	0.976188
130	152	0.994129
130	153	0.997426
130	158	0.985577
130	159	0.970008
130	162	0.977774
130	164	0.997448
130	166	0.982188
130	169	1.00218
130	171	1.00254
130	172	0.982613
130	175	0.97783
130	176	0.993036
130	177	0.985379
130	178	0.979633
130	179	0.987736
130	180	0.982416
131	4	0.956272
131	12	0.945091
131	14	0.956068
131	17	0.947518
131	31	1.01591
131	37	1.01158
131	40	0.989638
131	66	0.957702
131	72	1.01509
131	89	1.03949
131	90	0.972548
131	103	1.01682
131	105	0.960423
131	109	0.954213
131	113	1.23954
131	143	1.1035
131	144	0.994929
131	149	0.977337
131	150	0.978073
131	151	0.966036
131	152	0.995648
131	153	0.998945
131	159	1.02144
131	166	0.983707
131	168	1.004
131	171	1.00406
131	172	0.984132
131	173	0.987883
131	175	0.948808
131	176	1.0717
131	177	0.986898
131	180	1.0394
132	5	0.816498
132	27	0.818235
132	33	0.951344
132	34	0.939817
132	56	1.08449
132	69	1.03763
132	79	1.02152
132	83	1.02455
132	106	0.947062
132	116	1.01449
132	121	1.00761
132	128	1.01153
132	136	0.976909
132	137	1.01293
132	141	1.03871
132	142	1.0337
132	144	1.02638
132	146	1.01734
132	147	1.01355
132	156	1.03229
132	157	1.03179
132	158	1.01902
132	159	1.00345
132	161	1.00121
132	162	1.01121
132	169	1.03562
132	171	0.962175
132	174	1.02181
132	175	1.01127
132	176	1.02648
132	177	0.99841
132	179	1.02118
132	180	1.01586
133	1	1.04088
133	20	0.920673
133	21	0.980525
133	26	0.920969
133	28	0.995711
133	35	1.0045
133	49	0.976626
133	52	0.966087
133	53	0.968903
133	55	0.960587
133	59	0.937632
133	68	0.929849
133	76	0.991016
133	80	0.97963
133	82	0.975299
133	84	1.15699
133	87	0.97721
133	98	1.01137
133	99	0.954582
133	102	0.95728
133	107	0.995473
133	110	1.0022
133	113	0.936982
133	114	0.972871
133	119	0.964957
133	125	0.95935
133	126	0.961268
133	134	0.97529
133	143	1.2341
133	145	0.972062
133	155	0.990752
133	174	1.20041
133	175	1.0794
133	179	1.16861
134	1	1.06868
134	20	0.948474
134	26	0.94877
134	28	1.02351
134	31	1.03015
134	35	1.0323
134	45	1.00904
134	49	1.00443
134	50	0.992159
134	52	0.993888
134	53	0.996704
134	55	0.988388
134	59	0.965433
134	68	0.95765
134	70	0.770162
134	76	1.01882
134	82	1.0031
134	87	1.00501
134	98	1.03917
134	102	0.98508
134	107	1.02327
134	108	1.71461
134	110	1.03
134	113	0.964782
134	114	1.00067
134	119	0.992758
134	125	0.98715
134	126	0.989069
134	133	0.97529
134	135	0.896829
134	137	0.969738
134	145	0.999862
134	155	1.01855
134	160	0.794539
134	174	0.881385
135	24	1.03201
135	30	1.00183
135	43	1.0416
135	45	0.9979
135	50	0.974315
135	74	1.00753
135	77	1.0056
135	116	0.985675
135	123	0.977483
135	124	1.02848
135	129	0.985884
135	130	0.976188
135	134	0.896829
135	137	0.984122
135	140	0.978133
135	141	1.0099
135	142	1.00489
135	144	1.09495
135	147	0.984739
135	154	0.9918
135	156	1.00348
135	157	1.00298
135	158	0.990204
135	159	0.974635
135	161	0.972395
135	162	0.982401
135	164	1.00207
135	167	1.00219
135	169	1.0068
135	173	1.07823
135	175	0.982457
135	176	0.997663
135	177	1.06699
135	178	0.98426
135	179	0.992363
135	180	0.987043
136	2	1.36747
136	7	1.03169
136	12	1.32269
136	14	1.35022
136	60	1.00673
136	72	1.05676
136	80	0.963575
136	93	0.95673
136	97	0.950899
136	101	0.94008
136	104	1.00781
136	106	0.885532
136	122	0.954187
136	129	0.953166
136	132	0.976909
136	138	1.09041
136	139	0.948163
136	140	0.945416
136	141	0.977179
136	142	0.972168
136	146	0.955808
136	154	0.959082
136	156	0.970763
136	158	0.957486
136	159	0.941917
136	160	0.97005
136	161	0.939677
136	162	0.949683
136	164	0.969357
136	167	0.969473
136	169	0.974086
136	175	0.949739
136	176	0.964945
136	178	0.951542
136	179	0.959645
136	180	0.954325
137	51	0.98084
137	58	0.985514
137	67	0.966856
137	79	0.996014
137	92	1.04462
137	98	0.989145
137	101	0.976105
137	104	0.891968
137	111	0.951378
137	129	0.989191
137	132	1.01293
137	134	0.969738
137	135	0.984122
137	138	0.974572
137	139	0.984187
137	141	1.0132
137	143	0.975734
137	145	1.09911
137	146	0.991833
137	151	1.12484
