1	29	0.788535
1	48	0.77979
1	65	0.827373
1	70	0.820737
1	74	0.885757
1	79	0.872333
1	83	0.863386
1	84	0.863362
1	86	0.863377
1	88	0.863405
1	116	1.625
1	167	3.22455
2	6	0.807511
2	16	0.901472
2	39	0.860371
2	41	0.866288
2	42	0.862069
2	50	0.773419
2	53	0.837446
2	87	0.86656
2	131	0.862324
2	133	2.32155
2	159	0.774919
2	167	2.73458
3	15	0.828012
3	23	0.972094
3	30	0.889762
3	38	0.856165
3	44	0.874259
3	45	0.854157
3	126	0.857951
3	139	2.16458
3	157	2.12481
3	165	0.907996
4	38	0.873672
4	45	0.871665
4	54	0.633841
4	86	1.23675
4	104	0.850896
4	138	0.872782
4	142	0.893906
4	165	0.925504
4	173	0.7986
4	174	0.77755
4	178	0.784654
4	180	0.780717
5	7	1.01131
5	59	1.00942
5	60	0.9117
5	68	0.917719
5	75	0.891326
5	85	0.948905
5	94	0.91681
5	98	0.920788
5	133	1.59359
5	155	1.95493
5	163	0.893846
5	175	2.41027
6	2	0.807511
6	19	0.816699
6	39	0.877396
6	41	0.883313
6	42	0.879094
6	50	0.790444
6	53	0.854471
6	62	0.839659
6	131	0.879348
6	149	1.93252
6	159	0.791943
6	164	3.14607
7	5	1.01131
7	68	0.928816
7	75	0.902423
7	78	0.903281
7	85	0.960002
7	94	0.927907
7	98	0.931885
7	143	1.69047
7	146	0.943928
7	163	0.904942
7	164	1.6622
7	173	2.53184
8	9	0.99731
8	10	0.900538
8	14	0.889315
8	25	0.878608
8	46	0.948345
8	57	0.936819
8	58	0.936213
8	66	0.999259
8	87	1.57212
8	91	1.4429
8	146	0.930706
8	152	2.54313
9	8	0.99731
9	10	0.901883
9	14	0.89066
9	25	0.879953
9	46	0.94969
9	57	0.938164
9	58	0.937558
9	66	1.0006
9	123	1.42817
9	146	0.932051
9	149	0.722121
9	170	4.51451
10	8	0.900538
10	9	0.901883
10	14	0.793889
10	25	0.783182
10	46	0.852919
10	57	0.841392
10	58	0.840786
10	66	0.903832
10	93	0.772847
10	126	2.66134
10	146	0.835279
10	149	2.37766
11	16	0.921587
11	19	0.819789
11	39	0.880486
11	41	0.886403
11	42	0.882184
11	50	0.793534
11	53	0.857561
11	62	0.842749
11	64	0.75227
11	154	1.00161
11	159	0.795034
11	170	4.3228
12	99	6.3
12	103	0.827281
12	107	0.873259
12	108	0.81689
12	117	0.802123
12	125	0.863182
12	127	0.858508
12	130	0.846312
12	137	0.824109
12	138	0.847842
12	142	0.868966
12	147	2.46789
13	21	0.992157
13	36	0.88116
13	40	0.944122
13	71	0.981329
13	77	0.975659
13	81	0.958329
13	82	0.957551
13	129	0.999626
13	159	0.875717
13	163	0.889779
13	173	1.70868
13	180	3.46431
14	8	0.889315
14	9	0.89066
14	10	0.793889
14	25	0.771959
14	46	0.841696
14	57	0.830169
14	58	0.829564
14	66	0.89261
14	105	0.868015
14	119	2.43065
14	146	0.824056
14	163	2.70053
15	3	0.828012
15	23	0.971167
15	30	0.888835
15	38	0.855237
15	44	0.873331
15	45	0.853229
15	110	3.84957
15	126	0.857023
15	129	1.10807
15	165	0.907069
16	2	0.901472
16	11	0.921587
16	19	0.91066
16	39	0.971357
16	41	0.977275
16	50	0.884405
16	53	0.948432
16	62	0.93362
16	106	0.839241
16	131	0.97331
16	144	1.62228
16	174	4.60388
17	20	0.803753
17	24	0.88098
17	26	0.785476
17	31	0.883491
17	54	0.83694
17	63	0.824184
17	67	0.823858
17	69	0.881929
17	76	0.881699
17	150	1.48176
17	156	0.836145
17	168	3.62424
18	57	0.75082
18	62	0.76764
18	84	0.758017
18	162	1.01101
18	167	0.938166
18	173	0.940368
18	174	0.919318
18	176	0.941467
18	177	0.886344
18	178	0.926422
18	179	0.91504
18	180	0.922484
19	6	0.816699
19	11	0.819789
19	16	0.91066
19	39	0.869559
19	42	0.871257
19	50	0.782608
19	53	0.846635
19	62	0.831822
19	131	0.871512
19	135	2.91993
19	149	2.19977
19	159	0.784107
20	17	0.803753
20	24	0.881254
20	26	0.785751
20	32	0.877109
20	52	2.68441
20	54	0.837215
20	63	0.824459
20	67	0.824132
20	69	0.882204
20	76	0.881974
20	156	0.83642
20	177	6.22287
21	13	0.992157
21	36	0.881235
21	40	0.944196
21	71	0.981403
21	77	0.975733
21	81	0.958404
21	82	0.957625
21	119	1.6309
21	159	0.875792
21	160	1.99394
21	163	0.889854
21	169	2.28456
22	28	0.819605
22	33	0.824993
22	34	0.823418
22	35	0.900134
22	131	0.888047
22	139	0.865613
22	141	1.36871
22	153	0.874001
22	165	0.914492
22	169	0.82346
22	179	3.74341
23	3	0.972094
23	15	0.971167
23	30	1.03292
23	38	0.999319
23	44	1.01741
23	45	0.997311
23	93	3.73079
23	139	1.31755
23	165	1.05115
23	174	2.60984
24	17	0.88098
24	20	0.881254
24	26	0.862977
24	32	0.954336
24	54	0.914441
24	63	0.901685
24	67	0.901359
24	69	0.95943
24	76	0.9592
24	156	0.913646
24	163	0.847629
24	166	2.01667
24	180	3.62134
25	8	0.878608
25	9	0.879953
25	10	0.783182
25	14	0.771959
25	46	0.830989
25	57	0.819462
25	58	0.818856
25	66	0.881902
25	95	0.797871
25	105	0.857308
25	141	3.13404
25	146	0.813349
25	163	2.40853
26	17	0.785476
26	20	0.785751
26	24	0.862977
26	31	0.865489
26	32	0.858832
26	54	0.818938
26	63	0.806182
26	67	0.805855
26	69	0.863927
26	76	0.863697
26	106	1.44704
26	156	0.818143
26	175	3.80575
27	55	1.04205
27	60	1.00759
27	75	0.98722
27	78	0.988078
27	94	1.0127
27	98	1.01668
27	139	1.04065
27	146	1.02872
27	155	1.93587
27	156	1.62338
27	163	0.989739
27	172	1.57212
27	177	8.09082
28	22	0.819605
28	33	0.802665
28	34	0.801091
28	35	0.877807
28	47	0.772491
28	91	1.13232
28	122	0.782356
28	131	0.86572
28	139	0.843285
28	153	0.851673
28	165	0.892165
28	168	4.10987
28	169	0.801132
29	1	0.788535
29	43	0.840046
29	48	0.758301
29	56	0.820656
29	74	0.864267
29	79	0.850844
29	83	0.841897
29	84	0.841873
29	86	0.841887
29	88	0.841915
29	153	0.836558
29	157	2.00562
29	169	3.42898
30	3	0.889762
30	15	0.888835
30	23	1.03292
30	38	0.916987
30	44	0.935081
30	45	0.914979
30	87	0.946609
30	126	0.918773
30	135	1.33967
30	145	4.68405
30	156	1.41441
30	165	0.968818
31	17	0.883491
31	26	0.865489
31	49	1.67469
31	54	0.916953
31	63	0.904197
31	67	0.903871
31	69	0.961942
31	76	0.961712
31	95	0.898997
31	96	2.16891
31	115	0.909127
31	139	1.67062
31	156	0.916158
32	20	0.877109
32	24	0.954336
32	26	0.858832
32	54	0.910297
32	63	0.89754
32	67	0.897214
32	69	0.955285
32	76	0.955056
32	101	2.46951
32	115	0.902471
32	150	1.73151
32	152	1.99666
32	156	0.909501
33	22	0.824993
33	28	0.802665
33	34	0.806479
33	35	0.883194
33	122	0.787744
33	131	0.871107
33	139	0.848673
33	153	0.857061
33	163	2.06431
33	165	0.897553
33	169	0.80652
33	173	3.08238
34	22	0.823418
34	28	0.801091
34	33	0.806479
34	35	0.88162
34	122	0.78617
34	131	0.869533
34	139	0.847098
34	147	1.35397
34	153	0.855487
34	165	0.895978
34	169	0.804946
34	170	4.52861
35	22	0.900134
35	28	0.877807
35	33	0.883194
35	34	0.88162
35	116	1.63581
35	122	0.862885
35	131	0.946249
35	139	0.923814
35	147	2.25477
35	153	0.932203
35	157	1.87078
35	165	0.972694
35	169	0.881661
36	13	0.88116
36	21	0.881235
36	40	0.833199
36	71	0.870406
36	77	0.864736
36	81	0.847407
36	82	0.846628
36	110	0.742358
36	126	0.828599
36	159	0.764794
36	161	2.74555
36	163	0.778856
36	173	2.81222
37	59	1.00809
37	60	0.910374
37	68	0.916393
37	75	0.89
37	78	0.890858
37	85	0.947579
37	90	0.903783
37	94	0.915483
37	98	0.919461
37	99	0.810852
37	150	1.01814
37	172	2.609
37	176	2.64429
38	3	0.856165
38	4	0.873672
38	15	0.855237
38	23	0.999319
38	30	0.916987
38	44	0.901483
38	45	0.881381
38	64	0.778607
38	87	0.913012
38	110	3.05043
38	122	1.44435
38	126	0.885175
38	165	0.935221
38	180	2.77361
39	2	0.860371
39	6	0.877396
39	11	0.880486
39	16	0.971357
39	19	0.869559
39	41	0.936174
39	42	0.931954
39	50	0.843304
39	53	0.907331
39	62	0.892519
39	134	1.02704
39	156	1.24208
39	159	0.844804
39	174	4.78741
40	13	0.944122
40	21	0.944196
40	36	0.833199
40	71	0.933368
40	77	0.927698
40	81	0.910369
40	82	0.90959
40	90	0.853083
40	126	0.891561
40	156	1.30118
40	159	0.827756
40	161	2.29175
40	163	0.841818
40	168	2.93313
41	2	0.866288
41	6	0.883313
41	11	0.886403
41	16	0.977275
41	39	0.936174
41	42	0.937872
41	50	0.849222
41	53	0.913249
41	62	0.898436
41	64	0.807958
41	118	3.04041
41	157	1.2164
41	159	0.850721
41	163	2.25598
42	2	0.862069
42	6	0.879094
42	11	0.882184
42	19	0.871257
42	39	0.931954
42	41	0.937872
42	50	0.845002
42	53	0.909029
42	62	0.894217
42	87	0.938143
42	150	1.47024
42	159	0.846502
42	161	2.97134
42	164	2.16837
43	29	0.840046
43	48	0.831301
43	56	0.893657
43	65	0.878884
43	70	0.872248
43	74	0.937268
43	79	0.923844
43	83	0.914897
43	84	0.914873
43	86	0.914888
43	88	0.914915
43	163	2.40901
43	170	1.87536
43	177	7.28631
44	3	0.874259
44	15	0.873331
44	23	1.01741
44	30	0.935081
44	38	0.901483
44	45	0.899475
44	61	4.5
44	64	0.796701
44	87	0.931106
44	126	0.903269
44	162	0.860152
44	165	0.953315
44	172	1.3311
45	3	0.854157
45	4	0.871665
45	15	0.853229
45	23	0.997311
45	30	0.914979
45	38	0.881381
45	44	0.899475
45	64	0.776599
45	87	0.911004
45	92	1.95188
45	126	0.883167
45	151	1.34795
45	165	0.933213
45	170	3.95872
46	8	0.948345
46	9	0.94969
46	10	0.852919
46	14	0.841696
46	25	0.830989
46	49	1.30783
46	51	1.45399
46	57	0.889199
46	58	0.888593
46	66	0.951639
46	95	0.867608
46	105	0.927044
46	146	0.883086
46	176	3.38004
47	28	0.772491
47	77	0.853469
47	81	0.83614
47	82	0.835361
47	112	0.832825
47	137	0.790923
47	138	0.814656
47	142	0.83578
47	147	2.55291
47	153	0.826887
47	162	2.91137
47	163	0.76759
47	165	0.867378
47	169	0.776345
48	1	0.77979
48	29	0.758301
48	43	0.831301
48	65	0.797139
48	70	0.790502
48	74	0.855522
48	79	0.842099
48	83	0.833152
48	84	0.833127
48	86	0.833142
48	88	0.83317
48	153	0.827812
48	158	3.2031
48	175	2.68696
49	31	1.67469
49	46	1.30783
49	124	0.923307
49	141	0.92177
49	154	0.960968
49	160	0.92724
49	165	0.286818
49	170	0.861936
49	172	0.90652
49	173	0.882238
49	177	0.828214
49	178	0.868292
49	179	0.85691
49	180	0.864354
50	2	0.773419
50	6	0.790444
50	11	0.793534
50	16	0.884405
50	19	0.782608
50	39	0.843304
50	41	0.849222
50	42	0.845002
50	53	0.82038
50	62	0.805567
50	87	0.849493
50	159	0.757852
50	160	2.64633
50	167	2.87817
51	46	1.45399
51	69	0.648807
51	127	0.434583
51	141	0.935124
51	164	0.945558
51	170	0.87529
51	171	0.885168
51	172	0.919874
51	174	0.874542
51	176	0.896691
51	177	0.841567
51	178	0.881646
51	179	0.870264
51	180	0.877708
52	20	2.68441
52	100	0.800942
52	112	0.945682
52	140	0.818189
52	161	0.831236
52	166	0.8416
52	170	0.795787
52	173	0.816089
52	174	0.795039
52	175	0.832664
52	176	0.817188
52	177	0.762064
52	178	0.802143
52	179	0.790761
52	180	0.798205
53	2	0.837446
53	6	0.854471
53	11	0.857561
53	16	0.948432
53	19	0.846635
53	39	0.907331
53	41	0.913249
53	42	0.909029
53	50	0.82038
53	62	0.869594
53	118	2.81097
53	120	1.95716
53	131	0.909284
53	159	0.821879
53	164	2.17498
54	4	0.633841
54	17	0.83694
54	20	0.837215
54	24	0.914441
54	26	0.818938
54	31	0.916953
54	32	0.910297
54	63	0.857646
54	67	0.857319
54	69	0.915391
54	76	0.915161
54	115	0.862576
54	154	1.41135
54	156	0.869607
54	178	4.26079
55	27	1.04205
55	59	0.955357
55	60	0.857642
55	68	0.863661
55	75	0.837268
55	78	0.838126
55	85	0.894847
55	94	0.862752
55	98	0.86673
55	99	0.758121
55	136	5.63391
55	139	0.890696
55	162	1.36608
55	163	0.839787
55	164	1.03216
56	29	0.820656
56	43	0.893657
56	65	0.859494
56	70	0.852858
56	74	0.917878
56	79	0.904454
56	83	0.895507
56	84	0.895483
56	86	0.895498
56	88	0.895526
56	110	0.794373
56	136	3.96609
56	153	0.890168
56	174	2.72206
56	175	1.11039
57	8	0.936819
57	9	0.938164
57	10	0.841392
57	14	0.830169
57	18	0.75082
57	25	0.819462
57	46	0.889199
57	58	0.877067
57	66	0.940113
57	90	1.96988
57	93	0.809127
57	95	0.856081
57	105	0.915518
57	146	0.871559
57	167	3.0264
58	8	0.936213
58	9	0.937558
58	10	0.840786
58	14	0.829564
58	25	0.818856
58	46	0.888593
58	57	0.877067
58	66	0.939507
58	90	1.75902
58	93	0.808521
58	95	0.855475
58	105	0.914912
58	146	0.870954
58	151	2.52391
58	162	2.19341
59	5	1.00942
59	37	1.00809
59	55	0.955357
59	60	0.9209
59	68	0.926919
59	75	0.900526
59	85	0.958105
59	89	6
59	93	2.56921
59	94	0.926009
59	98	0.929988
59	99	0.821379
59	146	0.942031
59	147	1.75355
59	163	0.903045
59	178	2.2071
60	5	0.9117
60	27	1.00759
60	37	0.910374
60	55	0.857642
60	59	0.9209
60	68	0.829204
60	75	0.802811
60	78	0.803669
60	85	0.86039
60	94	0.828294
60	98	0.832273
60	140	3.20982
60	146	0.844316
60	163	0.80533
60	166	2.49032
60	169	1.70505
61	44	4.5
61	133	0.826086
61	151	0.79968
61	154	0.817866
61	164	0.789102
61	170	0.718834
61	171	0.728712
61	172	0.763418
61	173	0.739136
61	174	0.718086
61	175	0.755711
61	177	0.685111
61	178	0.72519
61	179	0.713808
61	180	0.721252
62	6	0.839659
62	11	0.842749
62	16	0.93362
62	18	0.76764
62	19	0.831822
62	39	0.892519
62	41	0.898436
62	42	0.894217
62	50	0.805567
62	53	0.869594
62	64	0.764303
62	87	0.898708
62	131	0.894472
62	159	0.807067
62	171	2.74895
62	178	3.98315
63	17	0.824184
63	20	0.824459
63	24	0.901685
63	26	0.806182
63	31	0.904197
63	32	0.89754
63	54	0.857646
63	67	0.844563
63	69	0.902635
63	76	0.902405
63	95	0.83969
63	115	0.84982
63	126	0.893912
63	140	2.82189
63	156	0.856851
63	180	3.70705
64	11	0.75227
64	38	0.778607
64	41	0.807958
64	44	0.796701
64	45	0.776599
64	62	0.764303
64	103	3.40993
64	136	0.698731
64	154	0.782265
64	159	0.716588
64	165	0.830438
64	166	0.729046
64	171	0.693111
64	176	0.704634
64	179	0.678207
64	180	0.685651
65	1	0.827373
65	43	0.878884
65	48	0.797139
65	56	0.859494
65	70	0.838085
65	74	0.903105
65	79	0.889682
65	83	0.880735
65	84	0.88071
65	86	0.880725
65	88	0.880753
65	122	0.806078
65	134	1.62047
65	151	1.90806
65	153	0.875396
65	168	3.46747
66	8	0.999259
66	9	1.0006
66	10	0.903832
66	14	0.89261
66	25	0.881902
66	46	0.951639
66	57	0.940113
66	58	0.939507
66	93	0.871567
66	95	0.918521
66	105	0.977958
66	146	0.934
66	156	1.20864
66	169	1.63159
66	171	2.91969
66	172	2.28897
67	17	0.823858
67	20	0.824132
67	24	0.901359
67	26	0.805855
67	31	0.903871
67	32	0.897214
67	54	0.857319
67	63	0.844563
67	69	0.902308
67	76	0.902078
67	87	1.4291
67	95	0.839363
67	115	0.849494
67	139	1.68484
67	156	0.856524
67	173	3.70273
68	5	0.917719
68	7	0.928816
68	37	0.916393
68	55	0.863661
68	59	0.926919
68	60	0.829204
68	75	0.80883
68	78	0.809688
68	94	0.834314
68	98	0.838292
68	124	2.44417
68	139	0.862258
68	146	0.850335
68	163	0.811349
68	166	2.47681
68	176	2.38422
69	17	0.881929
69	20	0.882204
69	24	0.95943
69	26	0.863927
69	31	0.961942
69	32	0.955285
69	51	0.648807
69	54	0.915391
69	63	0.902635
69	67	0.902308
69	76	0.96015
69	95	0.897435
69	102	1.98309
69	115	0.907565
69	124	2.6348
69	156	0.914596
69	159	2.4194
70	1	0.820737
70	43	0.872248
70	48	0.790502
70	56	0.852858
70	65	0.838085
70	74	0.896469
70	79	0.883045
70	83	0.874098
70	84	0.874074
70	86	0.874089
70	88	0.874116
70	110	0.772964
70	122	0.799442
70	129	1.76204
70	153	0.868759
70	174	3.98127
70	178	3.38119
71	13	0.981329
71	21	0.981403
71	36	0.870406
71	40	0.933368
71	77	0.964905
71	81	0.947576
71	82	0.946797
71	90	0.89029
71	99	0.797359
71	114	1.23383
71	115	0.912663
71	126	0.928768
71	131	1.16455
71	132	4.90051
71	152	1.36894
71	159	0.864963
71	163	0.879025
72	97	0.894531
72	102	2.96803
72	104	0.823866
72	107	0.871169
72	109	0.867835
72	111	0.813585
72	112	0.863921
72	125	0.861092
72	127	0.856417
72	128	2.31835
72	130	0.844221
72	137	0.822019
72	138	0.845751
72	142	0.866875
72	152	2.1988
72	165	0.898474
72	169	0.807441
73	75	1.06085
73	104	2.54878
73	113	0.799624
73	152	0.861414
73	154	0.867539
73	166	0.81432
73	170	0.768507
73	171	0.778385
73	172	0.813091
73	173	0.788808
73	174	0.767758
73	175	0.805384
73	176	0.789908
73	177	0.734784
73	178	0.774863
73	179	0.763481
73	180	0.770925
74	1	0.885757
74	29	0.864267
74	43	0.937268
74	48	0.855522
74	56	0.917878
74	65	0.903105
74	70	0.896469
74	79	0.948065
74	83	0.939118
74	84	0.939094
74	86	0.939109
74	88	0.939137
74	129	2.15774
74	133	1.76071
74	134	1.59451
74	153	0.933779
74	173	2.8668
75	5	0.891326
75	7	0.902423
75	27	0.98722
75	37	0.89
75	55	0.837268
75	59	0.900526
75	60	0.802811
75	68	0.80883
75	73	1.06085
75	78	0.783295
75	85	0.840016
75	94	0.80792
75	98	0.811898
75	105	0.8679
75	113	3.17063
75	122	2.59062
75	163	0.784956
76	17	0.881699
76	20	0.881974
76	24	0.9592
76	26	0.863697
76	31	0.961712
76	32	0.955056
76	54	0.915161
76	63	0.902405
76	67	0.902078
76	69	0.96015
76	95	0.897205
76	115	0.907335
76	156	0.914366
76	158	1.32732
76	166	1.25156
76	178	2.98859
76	179	3.18273
77	13	0.975659
77	21	0.975733
77	36	0.864736
77	40	0.927698
77	47	0.853469
77	71	0.964905
77	81	0.941905
77	82	0.941127
77	90	0.88462
77	99	0.791689
77	110	0.836857
77	115	0.906993
77	132	3.79949
77	159	0.859293
77	160	1.35825
77	163	0.873355
77	169	0.93623
77	180	3.32616
78	7	0.903281
78	27	0.988078
78	37	0.890858
78	55	0.838126
78	60	0.803669
78	68	0.809688
78	75	0.783295
78	85	0.840874
78	90	0.797079
78	94	0.808779
78	98	0.812757
78	105	0.868758
78	131	1.8942
78	139	0.836723
78	146	0.8248
78	150	1.83344
78	163	0.785814
78	171	4.05501
79	1	0.872333
79	29	0.850844
79	43	0.923844
79	48	0.842099
79	56	0.904454
79	65	0.889682
79	70	0.883045
79	74	0.948065
79	83	0.925695
79	84	0.92567
79	86	0.925685
79	88	0.925713
79	101	1.4685
79	120	1.21081
79	122	0.851038
79	153	0.920356
79	169	1.66398
79	179	4.38041
80	97	0.886131
80	107	0.862768
80	108	0.806399
80	109	0.859434
80	111	0.805185
80	112	0.85552
80	116	1.78258
80	117	0.791632
80	121	0.824437
80	125	0.852691
80	127	0.848017
80	137	0.813618
80	138	0.837351
80	139	2.05731
80	142	0.858475
80	153	0.849582
80	165	0.890073
80	167	3.38213
81	13	0.958329
81	21	0.958404
81	36	0.847407
81	40	0.910369
81	47	0.83614
81	71	0.947576
81	77	0.941905
81	82	0.923797
81	90	0.86729
81	99	0.774359
81	110	0.819528
81	115	0.889663
81	126	0.905769
81	144	2.6232
81	156	2.05947
81	157	1.05906
81	159	0.841964
81	163	0.856026
81	172	3.13981
82	13	0.957551
82	21	0.957625
82	36	0.846628
82	40	0.90959
82	47	0.835361
82	71	0.946797
82	77	0.941127
82	81	0.923797
82	87	1.35082
82	90	0.866511
82	99	0.77358
82	106	0.97633
82	110	0.818749
82	115	0.888884
82	126	0.90499
82	151	2.63976
82	159	0.841185
82	163	0.855247
82	175	3.33504
83	1	0.863386
83	29	0.841897
83	43	0.914897
83	48	0.833152
83	56	0.895507
83	65	0.880735
83	70	0.874098
83	74	0.939118
83	79	0.925695
83	84	0.916724
83	86	0.916738
83	88	0.916766
83	110	0.815613
83	122	0.842091
83	124	2.42103
83	131	0.795688
83	153	0.911409
83	164	1.43305
83	179	4.38483
84	1	0.863362
84	18	0.758017
84	29	0.841873
84	43	0.914873
84	48	0.833127
84	56	0.895483
84	65	0.88071
84	70	0.874074
84	74	0.939094
84	79	0.92567
84	83	0.916724
84	86	0.916714
84	88	0.916742
84	110	0.815589
84	116	1.43404
84	122	0.842067
84	143	2.8853
84	153	0.911384
84	156	2.66942
85	5	0.948905
85	7	0.960002
85	37	0.947579
85	55	0.894847
85	59	0.958105
85	60	0.86039
85	75	0.840016
85	78	0.840874
85	94	0.865499
85	98	0.869478
85	99	0.760869
85	105	0.925479
85	119	1.75071
85	122	3.46503
85	139	0.893444
85	146	0.881521
85	156	1.98142
85	162	1.72346
85	163	0.842535
86	1	0.863377
86	4	1.23675
86	29	0.841887
86	43	0.914888
86	48	0.833142
86	56	0.895498
86	65	0.880725
86	70	0.874089
86	74	0.939109
86	79	0.925685
86	83	0.916738
86	84	0.916714
86	88	0.916757
86	110	0.815604
86	119	1.68775
86	122	0.842082
86	153	0.911399
86	159	2.87863
86	169	2.3414
87	2	0.86656
87	8	1.57212
87	30	0.946609
87	38	0.913012
87	42	0.938143
87	44	0.931106
87	45	0.911004
87	50	0.849493
87	62	0.898708
87	67	1.4291
87	82	1.35082
87	131	0.938398
87	153	0.549012
87	165	0.964843
87	173	0.837939
87	175	0.854515
87	176	0.839039
87	177	0.783915
87	180	0.820056
88	1	0.863405
88	29	0.841915
88	43	0.914915
88	48	0.83317
88	56	0.895526
88	65	0.880753
88	70	0.874116
88	74	0.939137
88	79	0.925713
88	83	0.916766
88	84	0.916742
88	86	0.916757
88	110	0.815632
88	122	0.84211
88	128	1.52728
88	144	2.21684
88	153	0.911427
88	160	1.78544
88	171	3.36415
89	59	6
89	132	0.72784
89	135	0.802052
89	141	0.772031
89	143	0.775873
89	161	0.747646
89	164	0.782465
89	166	0.75801
89	167	0.730297
89	168	0.721206
89	170	0.712197
89	171	0.722075
89	173	0.732499
89	174	0.711449
89	175	0.749074
89	176	0.733598
89	177	0.678474
89	178	0.718553
89	179	0.707171
89	180	0.714615
90	37	0.903783
90	40	0.853083
90	57	1.96988
90	58	1.75902
90	71	0.89029
90	77	0.88462
90	78	0.797079
90	81	0.86729
90	82	0.866511
90	98	0.825682
90	119	0.848229
90	137	1.58229
90	146	0.837725
90	163	0.79874
90	172	0.795907
90	173	0.771624
90	175	0.7882
90	176	0.772724
90	179	0.746297
90	180	0.753741
91	8	1.4429
91	28	1.13232
91	101	0.938732
91	111	1.22924
91	125	0.783724
91	135	0.938018
91	160	0.913466
91	166	0.893976
91	167	0.866263
91	168	0.857172
91	171	0.858041
91	172	0.892747
91	173	0.868465
91	174	0.847414
91	175	0.88504
91	176	0.869564
91	177	0.81444
91	178	0.854519
91	179	0.843137
91	180	0.850581
92	45	1.95188
92	99	0.715475
92	115	3.35299
92	133	0.856977
92	147	0.835382
92	150	0.877913
92	158	0.798687
92	166	0.795538
92	168	0.758734
92	170	0.749725
92	171	0.759603
92	172	0.794309
92	173	0.770026
92	174	0.748976
92	175	0.786602
92	176	0.771126
92	177	0.716002
92	178	0.75608
92	179	0.744699
92	180	0.752143
93	10	0.772847
93	23	3.73079
93	57	0.809127
93	58	0.808521
93	59	2.56921
93	66	0.871567
93	121	0.798181
93	126	0.813771
93	127	0.821761
93	130	0.809564
93	137	0.787362
93	140	0.739013
93	142	0.832219
93	145	0.702288
93	146	0.803014
93	175	0.753489
93	176	0.738013
93	177	0.682889
93	178	0.722967
93	179	0.711586
93	180	0.719029
94	5	0.91681
94	7	0.927907
94	27	1.0127
94	37	0.915483
94	55	0.862752
94	59	0.926009
94	60	0.828294
94	68	0.834314
94	75	0.80792
94	78	0.808779
94	85	0.865499
94	98	0.837382
94	99	0.728773
94	105	0.893384
94	139	0.861348
94	146	0.849425
94	149	1.35932
94	154	2.48107
94	155	2.69775
94	163	0.81044
94	169	2.80821
95	25	0.797871
95	31	0.898997
95	46	0.867608
95	57	0.856081
95	58	0.855475
95	63	0.83969
95	66	0.918521
95	67	0.839363
95	69	0.897435
95	76	0.897205
95	109	0.880132
95	113	4.02937
95	127	0.868715
95	128	1.83993
95	137	0.834316
95	138	0.858049
95	139	1.0051
95	142	0.879173
95	146	0.849968
95	155	2.27824
95	156	0.851651
96	31	2.16891
96	107	1.63131
96	142	1.02003
96	151	0.863118
96	152	0.875179
96	155	0.852151
96	157	0.913204
96	158	0.831234
96	164	0.85254
96	166	0.828085
96	168	0.791281
96	170	0.782272
96	171	0.79215
96	173	0.802574
96	174	0.781524
96	175	0.819149
96	176	0.803673
96	177	0.748549
96	178	0.788628
96	179	0.777246
96	180	0.78469
97	72	0.894531
97	80	0.886131
97	104	0.908502
97	108	0.899436
97	111	0.898222
97	116	1.02258
97	117	0.884668
97	120	2.22774
97	121	0.917474
97	125	0.945728
97	127	0.941054
97	130	0.928857
97	137	0.906655
97	138	0.930388
97	142	0.951512
97	149	1.23201
97	153	0.942619
97	154	2.35376
97	159	3.21813
97	165	0.98311
97	169	0.892077
98	5	0.920788
98	7	0.931885
98	27	1.01668
98	37	0.919461
98	55	0.86673
98	59	0.929988
98	60	0.832273
98	68	0.838292
98	75	0.811898
98	78	0.812757
98	85	0.869478
98	90	0.825682
98	94	0.837382
98	99	0.732751
98	123	1.21752
98	131	1.1939
98	139	0.865326
98	141	2.40835
98	146	0.853403
98	163	0.814418
98	179	4.78305
99	12	6.3
99	37	0.810852
99	55	0.758121
99	59	0.821379
99	71	0.797359
99	77	0.791689
99	81	0.774359
99	82	0.77358
99	85	0.760869
99	92	0.715475
99	94	0.728773
99	98	0.732751
99	110	0.669311
99	128	0.78416
99	163	0.705809
99	168	0.667401
99	172	0.702976
99	175	0.695269
99	176	0.679793
99	178	0.664748
99	180	0.66081
100	52	0.800942
100	113	0.728913
100	120	0.818325
100	141	0.75763
100	149	0.844174
100	155	0.767675
100	162	0.788739
100	165	5.06934
100	168	0.706805
100	170	0.697796
100	171	0.707674
100	172	0.74238
100	173	0.718098
100	174	0.697048
100	175	0.734674
100	176	0.719197
100	177	0.664074
100	178	0.704152
100	179	0.69277
100	180	0.700214
101	32	2.46951
101	79	1.4685
101	91	0.938732
101	141	0.843044
101	146	1.54295
101	148	0.794857
101	150	0.911398
101	155	0.853088
101	166	0.829023
101	167	0.80131
101	168	0.792219
101	171	0.793088
101	172	0.827794
101	173	0.803511
101	174	0.782461
101	175	0.820087
101	176	0.804611
101	177	0.749487
101	178	0.789566
101	179	0.778184
101	180	0.785628
102	69	1.98309
102	72	2.96803
102	129	0.895857
102	150	0.906403
102	151	0.859061
102	152	0.871123
102	161	0.813665
102	162	0.869159
102	164	0.848483
102	165	0.118216
102	167	0.796315
102	170	0.778215
102	172	0.822799
102	173	0.798517
102	174	0.777467
102	175	0.815093
102	176	0.799617
102	178	0.784571
102	179	0.77319
102	180	0.780633
103	12	0.827281
103	64	3.40993
103	104	0.839161
103	107	0.886464
103	108	0.830095
103	109	0.88313
103	111	0.828881
103	112	0.879216
103	117	0.815328
103	121	0.848133
103	125	0.876387
103	127	0.871713
103	130	0.859516
103	133	1.07806
103	137	0.837314
103	138	0.861047
103	142	0.882171
103	153	0.873278
103	165	0.913769
103	169	0.822737
103	174	2.89553
103	178	2.29545
104	4	0.850896
104	72	0.823866
104	73	2.54878
104	97	0.908502
104	103	0.839161
104	108	0.82877
104	109	0.881805
104	111	0.827556
104	112	0.877891
104	117	0.814003
104	121	0.846808
104	125	0.875062
104	127	0.870388
104	130	0.858191
104	133	2.54609
104	135	2.28915
104	137	0.835989
104	138	0.859722
104	142	0.880846
104	157	1.59452
104	165	0.912444
104	169	0.821412
105	14	0.868015
105	25	0.857308
105	46	0.927044
105	57	0.915518
105	58	0.914912
105	66	0.977958
105	75	0.8679
105	78	0.868758
105	85	0.925479
105	94	0.893384
105	111	0.88532
105	121	0.904572
105	130	0.915955
105	131	1.48357
105	137	0.893753
105	138	0.917486
105	139	0.921328
105	142	0.93861
105	147	1.31691
105	162	1.67537
105	164	2.12093
105	168	3.56529
106	16	0.839241
106	26	1.44704
106	82	0.97633
106	108	1.32698
106	137	0.683755
106	148	0.891597
106	152	0.972857
106	159	0.913304
106	162	0.970892
106	164	0.950217
106	167	0.898049
106	168	0.888958
106	171	0.889827
106	172	0.924533
106	173	0.900251
106	174	0.879201
106	175	0.916826
106	176	0.90135
106	177	0.846226
106	178	0.886305
106	179	0.874923
106	180	0.882367
107	12	0.873259
107	72	0.871169
107	80	0.862768
107	96	1.63131
107	103	0.886464
107	108	0.876073
107	109	0.929108
107	111	0.874859
107	112	0.925194
107	117	0.861306
107	121	0.894111
107	125	0.922365
107	127	0.917691
107	130	0.905495
107	134	1.87862
107	137	0.883292
107	138	0.907025
107	142	0.928149
107	146	0.898944
107	150	1.58315
107	156	0.900627
107	162	1.83571
107	172	3.17401
108	12	0.81689
108	80	0.806399
108	97	0.899436
108	103	0.830095
108	104	0.82877
108	106	1.32698
108	107	0.876073
108	109	0.872739
108	112	0.868825
108	117	0.804936
108	121	0.837742
108	125	0.865996
108	126	2.1756
108	127	0.861322
108	130	0.849125
108	131	2.46809
108	137	0.826923
108	138	0.850655
108	142	0.87178
108	143	3.13373
108	153	0.862886
108	156	0.844257
108	169	0.812345
109	72	0.867835
109	80	0.859434
109	95	0.880132
109	103	0.88313
109	104	0.881805
109	107	0.929108
109	108	0.872739
109	111	0.871525
109	115	0.890262
109	121	0.890777
109	125	0.919031
109	127	0.914357
109	130	0.90216
109	135	1.33269
109	137	0.879958
109	138	0.903691
109	142	0.924815
109	150	1.12795
109	152	1.3931
109	159	2.59865
109	165	0.956413
109	169	0.865381
109	178	4.58372
110	15	3.84957
110	36	0.742358
110	38	3.05043
110	56	0.794373
110	70	0.772964
110	77	0.836857
110	81	0.819528
110	82	0.818749
110	83	0.815613
110	84	0.815589
110	86	0.815604
110	88	0.815632
110	99	0.669311
110	118	0.775851
110	120	0.824089
110	159	0.736915
110	163	0.750977
110	164	0.773828
110	167	0.72166
110	177	0.669837
110	178	0.709916
110	179	0.698534
110	180	0.705978
111	72	0.813585
111	80	0.805185
111	91	1.22924
111	97	0.898222
111	103	0.828881
111	104	0.827556
111	105	0.88532
111	107	0.874859
111	109	0.871525
111	112	0.867611
111	117	0.803722
111	121	0.836528
111	125	0.864782
111	127	0.860108
111	130	0.847911
111	137	0.825709
111	138	0.849442
111	142	0.870566
111	156	0.843044
111	157	1.57443
111	163	2.61401
111	169	0.811131
111	176	3.69047
112	47	0.832825
112	52	0.945682
112	72	0.863921
112	80	0.85552
112	103	0.879216
112	104	0.877891
112	107	0.925194
112	108	0.868825
112	111	0.867611
112	117	0.854058
112	121	0.886863
112	127	0.910443
112	128	1.01094
112	130	0.898246
112	137	0.876044
112	138	0.899777
112	142	0.920901
112	146	0.891696
112	153	0.912008
112	156	0.893379
112	158	2.42075
112	169	0.861467
112	176	2.2524
112	180	3.94964
113	73	0.799624
113	75	3.17063
113	95	4.02937
113	100	0.728913
113	149	0.870136
113	154	0.82279
113	157	0.85469
113	158	0.77272
113	161	0.759207
113	162	0.814701
113	164	0.794026
113	166	0.769571
113	168	0.732767
113	170	0.723758
113	171	0.733636
113	172	0.768342
113	173	0.74406
113	174	0.72301
113	175	0.760635
113	176	0.745159
113	177	0.690035
113	178	0.730114
113	179	0.718732
113	180	0.726176
114	71	1.23383
114	115	0.980327
114	127	0.282508
114	138	0.827488
114	145	0.84102
114	147	0.941
114	149	1.00172
114	153	0.802897
114	160	0.920647
114	161	0.890792
114	162	0.946286
114	167	0.873443
114	168	0.864352
114	170	0.855343
114	171	0.865221
114	172	0.899927
114	173	0.875645
114	174	0.854595
114	175	0.892221
114	176	0.876745
114	177	0.821621
114	178	0.861699
114	179	0.850317
114	180	0.857761
115	31	0.909127
115	32	0.902471
115	54	0.862576
115	63	0.84982
115	67	0.849494
115	69	0.907565
115	71	0.912663
115	76	0.907335
115	77	0.906993
115	81	0.889663
115	82	0.888884
115	92	3.35299
115	109	0.890262
115	114	0.980327
115	117	0.82246
115	130	0.866648
115	137	0.844446
115	138	0.868179
115	142	0.889303
115	149	0.916884
115	151	2.01537
115	153	0.88041
115	155	2.25532
115	159	0.807051
115	163	0.821113
116	1	1.625
116	35	1.63581
116	80	1.78258
116	84	1.43404
116	97	1.02258
116	145	0.825479
116	149	0.986179
116	155	0.90968
116	157	0.970733
116	160	0.905105
116	162	0.930745
116	164	0.910069
116	167	0.857902
116	168	0.848811
116	170	0.839802
116	171	0.84968
116	172	0.884386
116	173	0.860103
116	174	0.839053
116	175	0.876679
116	176	0.861203
116	177	0.806079
116	178	0.846157
116	179	0.834776
116	180	0.84222
117	12	0.802123
117	80	0.791632
117	97	0.884668
117	103	0.815328
117	104	0.814003
117	107	0.861306
117	108	0.804936
117	111	0.803722
117	112	0.854058
117	115	0.82246
117	121	0.822974
117	125	0.851229
117	127	0.846554
117	130	0.834358
117	137	0.812156
117	138	0.835888
117	142	0.857012
117	144	2.82894
117	146	0.827808
117	153	0.848119
117	157	1.2648
117	161	3.25578
117	165	0.888611
117	166	3.47342
117	169	0.797578
118	41	3.04041
118	53	2.81097
118	110	0.775851
118	143	0.828608
118	144	0.835531
118	151	0.845778
118	152	0.85784
118	154	0.863964
118	160	0.830236
118	161	0.800381
118	162	0.855875
118	165	0.417955
118	167	0.783032
118	170	0.764932
118	171	0.77481
118	172	0.809516
118	173	0.785234
118	174	0.764184
118	175	0.801809
118	176	0.786333
118	177	0.731209
118	178	0.771288
118	179	0.759906
118	180	0.76735
119	14	2.43065
119	21	1.6309
119	85	1.75071
119	86	1.68775
119	90	0.848229
119	124	0.850919
119	135	0.879402
119	140	0.811949
119	147	0.875205
119	149	0.935925
119	152	0.882455
119	162	0.880491
119	164	0.859815
119	166	0.835361
119	168	0.798557
119	170	0.789548
119	171	0.799426
119	172	0.834132
119	173	0.809849
119	174	0.788799
119	175	0.826425
119	176	0.810949
119	178	0.795903
119	179	0.784522
119	180	0.791966
120	53	1.95716
120	79	1.21081
120	97	2.22774
120	100	0.818325
120	110	0.824089
120	136	0.828669
120	145	0.798847
120	146	1.28526
120	152	0.906078
120	154	0.912202
120	161	0.848619
120	166	0.858983
120	167	0.83127
120	168	0.822179
120	170	0.81317
120	171	0.823048
120	172	0.857754
120	173	0.833472
120	174	0.812422
120	175	0.850048
120	176	0.834571
120	177	0.779448
120	178	0.819526
120	179	0.808144
120	180	0.815588
121	80	0.824437
121	93	0.798181
121	97	0.917474
121	103	0.848133
121	104	0.846808
121	105	0.904572
121	107	0.894111
121	108	0.837742
121	109	0.890777
121	111	0.836528
121	112	0.886863
121	117	0.822974
121	125	0.884034
121	126	1.28208
121	127	0.87936
121	129	2.37252
121	130	0.867163
121	135	1.71855
121	137	0.844961
121	138	0.868694
121	142	0.889818
121	148	4.13789
121	153	0.880925
121	160	2.15666
121	165	0.921416
121	169	0.830383
122	28	0.782356
122	33	0.787744
122	34	0.78617
122	35	0.862885
122	38	1.44435
122	65	0.806078
122	70	0.799442
122	75	2.59062
122	79	0.851038
122	83	0.842091
122	84	0.842067
122	85	3.46503
122	86	0.842082
122	88	0.84211
122	148	0.741686
122	153	0.836752
122	164	0.800306
122	165	0.877244
122	169	0.786211
122	175	0.766915
122	176	0.751439
122	177	0.696315
122	178	0.736394
122	179	0.725012
122	180	0.732456
123	9	1.42817
123	98	1.21752
123	125	1.70318
123	134	0.958797
123	140	0.857102
123	142	1.05624
123	143	0.898376
123	145	0.820377
123	157	0.965632
123	162	0.925643
123	164	0.904968
123	165	0.68863
123	166	0.880513
123	167	0.8528
123	168	0.843709
123	170	0.8347
123	171	0.844578
123	172	0.879284
123	173	0.855002
123	174	0.833952
123	175	0.871577
123	176	0.856101
123	177	0.800977
123	178	0.841056
123	179	0.829674
123	180	0.837118
124	49	0.923307
124	68	2.44417
124	69	2.6348
124	83	2.42103
124	119	0.850919
124	140	0.776414
124	150	0.8822
124	157	0.884944
124	158	0.802974
124	160	0.819316
124	166	0.799826
124	167	0.772112
124	168	0.763021
124	169	0.810185
124	170	0.754012
124	171	0.76389
124	172	0.798596
124	173	0.774314
124	174	0.753264
124	175	0.79089
124	176	0.775414
124	177	0.72029
124	178	0.760368
124	179	0.748986
124	180	0.75643
125	12	0.863182
125	72	0.861092
125	80	0.852691
125	91	0.783724
125	97	0.945728
125	103	0.876387
125	104	0.875062
125	107	0.922365
125	108	0.865996
125	109	0.919031
125	111	0.864782
125	117	0.851229
125	121	0.884034
125	123	1.70318
125	126	1.38707
125	127	0.907614
125	128	2.0035
125	130	0.895417
125	137	0.873215
125	138	0.896948
125	142	0.918072
125	146	0.888867
125	153	0.909179
125	156	0.89055
125	160	2.26166
125	165	0.94967
125	169	0.858638
125	176	3.24495
126	3	0.857951
126	10	2.66134
126	15	0.857023
126	30	0.918773
126	36	0.828599
126	38	0.885175
126	40	0.891561
126	44	0.903269
126	45	0.883167
126	63	0.893912
126	71	0.928768
126	81	0.905769
126	82	0.90499
126	93	0.813771
126	108	2.1756
126	121	1.28208
126	125	1.38707
126	152	0.882709
126	159	0.823156
126	163	0.837218
126	165	0.937007
126	171	0.799679
126	174	0.789053
126	176	0.811202
126	177	0.756078
126	178	0.796157
126	179	0.784775
126	180	0.792219
127	12	0.858508
127	51	0.434583
127	72	0.856417
127	80	0.848017
127	93	0.821761
127	95	0.868715
127	97	0.941054
127	103	0.871713
127	104	0.870388
127	107	0.917691
127	108	0.861322
127	109	0.914357
127	111	0.860108
127	112	0.910443
127	114	0.282508
127	117	0.846554
127	121	0.87936
127	125	0.907614
127	130	0.890743
127	137	0.868541
127	138	0.892274
127	142	0.913398
127	144	1.80874
127	146	0.884193
127	148	3.35856
127	161	2.23558
127	165	0.944996
127	169	0.853964
127	180	4.05788
128	72	2.31835
128	88	1.52728
128	95	1.83993
128	99	0.78416
128	112	1.01094
128	125	2.0035
128	132	0.834052
128	134	0.942506
128	140	0.840811
128	141	0.878243
128	148	0.830057
128	151	0.899255
128	158	0.867371
128	160	0.883713
128	161	0.853858
128	164	0.888677
128	166	0.864222
128	168	0.827418
128	170	0.818409
128	171	0.828287
128	172	0.862993
128	173	0.838711
128	174	0.817661
128	175	0.855286
128	176	0.83981
128	177	0.784687
128	178	0.824765
128	179	0.813383
128	180	0.820827
129	13	0.999626
129	15	1.10807
129	70	1.76204
129	74	2.15774
129	102	0.895857
129	121	2.37252
129	132	0.825926
129	135	0.900137
129	145	0.79596
129	147	0.89594
129	149	0.95666
129	150	0.938471
129	152	0.90319
129	154	0.909315
129	158	0.859245
129	161	0.845732
129	166	0.856096
129	167	0.828383
129	170	0.810283
129	171	0.820161
129	172	0.854867
129	173	0.830584
129	174	0.809534
129	175	0.84716
129	177	0.77656
129	178	0.816639
129	179	0.805257
129	180	0.812701
130	12	0.846312
130	72	0.844221
130	93	0.809564
130	97	0.928857
130	103	0.859516
130	104	0.858191
130	105	0.915955
130	107	0.905495
130	108	0.849125
130	109	0.90216
130	111	0.847911
130	112	0.898246
130	115	0.866648
130	117	0.834358
130	121	0.867163
130	125	0.895417
130	127	0.890743
130	137	0.856344
130	138	0.880077
130	142	0.901201
130	146	0.871997
130	151	1.86495
130	154	1.88821
130	156	0.873679
130	162	1.53444
130	165	0.932799
130	166	3.00061
130	169	0.841767
130	172	2.87274
130	175	2.56023
131	2	0.862324
131	6	0.879348
131	16	0.97331
131	19	0.871512
131	22	0.888047
131	28	0.86572
131	33	0.871107
131	34	0.869533
131	35	0.946249
131	53	0.909284
131	62	0.894472
131	71	1.16455
131	78	1.8942
131	83	0.795688
131	87	0.938398
131	98	1.1939
131	105	1.48357
131	108	2.46809
131	153	0.920116
131	159	0.846757
131	160	0.878705
131	165	0.960607
131	167	0.831501
131	169	0.869574
131	170	0.813401
131	173	0.833703
131	175	0.850279
131	177	0.779679
131	179	0.808375
131	180	0.815819
132	71	4.90051
132	77	3.79949
132	89	0.72784
132	128	0.834052
132	129	0.825926
132	134	0.832381
132	135	0.798139
132	136	0.723783
132	143	0.77196
132	144	0.778883
132	147	0.793941
132	148	0.719932
132	155	0.778163
132	160	0.773588
132	162	0.799227
132	166	0.754097
132	167	0.726384
132	169	0.764457
132	170	0.708284
132	171	0.718162
132	172	0.752868
132	173	0.728586
132	174	0.707536
132	175	0.745161
132	176	0.729685
132	177	0.674561
132	178	0.71464
132	179	0.703258
132	180	0.710702
133	2	2.32155
133	5	1.59359
133	61	0.826086
133	74	1.76071
133	92	0.856977
133	103	1.07806
133	104	2.54609
133	136	0.815392
133	140	0.822295
133	145	0.78557
133	150	0.928081
133	155	0.869772
133	157	0.930825
133	158	0.848855
133	160	0.865197
133	162	0.890836
133	164	0.870161
133	166	0.845706
133	167	0.817993
133	168	0.808902
133	170	0.799893
133	171	0.809771
133	172	0.844477
133	173	0.820195
133	174	0.799145
133	175	0.836771
133	176	0.821294
133	177	0.766171
133	178	0.806249
133	179	0.794867
133	180	0.802311
134	39	1.02704
134	65	1.62047
134	74	1.59451
134	107	1.87862
134	123	0.958797
134	128	0.942506
134	132	0.832381
134	141	0.876572
134	144	0.887337
134	147	0.902395
134	150	0.944926
134	152	0.909646
134	153	1.55035
134	158	0.8657
134	160	0.882042
134	161	0.852187
134	162	0.907681
134	165	0.199415
134	167	0.834838
134	168	0.825747
134	169	0.872911
134	170	0.816738
134	171	0.826616
134	172	0.861322
134	173	0.83704
134	174	0.81599
134	175	0.853616
134	176	0.838139
134	177	0.783016
134	178	0.823094
134	179	0.811712
134	180	0.819156
135	19	2.91993
135	30	1.33967
135	89	0.802052
135	91	0.938018
135	104	2.28915
135	109	1.33269
135	119	0.879402
135	121	1.71855
135	129	0.900137
135	132	0.798139
135	140	0.804897
135	141	0.84233
135	143	0.846172
135	145	0.768173
135	149	0.928873
135	150	0.910684
135	157	0.913427
135	158	0.831458
135	161	0.817945
135	162	0.873439
135	164	0.852763
135	167	0.800596
135	170	0.782496
135	171	0.792374
135	173	0.802798
135	174	0.781747
135	175	0.819373
135	176	0.803897
135	177	0.748773
135	178	0.788852
135	179	0.77747
135	180	0.784914
136	55	5.63391
136	56	3.96609
136	64	0.698731
136	120	0.828669
136	132	0.723783
136	133	0.815392
136	141	0.767974
136	143	0.771816
136	144	0.778738
136	145	0.693817
136	147	0.793796
136	148	0.719787
136	150	0.836327
136	151	0.788986
136	155	0.778018
136	160	0.773443
136	163	0.755557
136	164	0.778407
136	166	0.753953
136	167	0.726239
136	168	0.717149
136	170	0.708139
136	171	0.718018
136	172	0.752724
136	173	0.728441
136	174	0.707391
136	175	0.745017
136	176	0.729541
136	177	0.674417
136	178	0.714495
136	179	0.703114
136	180	0.710558
137	12	0.824109
137	47	0.790923
137	72	0.822019
137	80	0.813618
137	90	1.58229
137	93	0.787362
137	95	0.834316
137	97	0.906655
137	103	0.837314
137	104	0.835989
137	105	0.893753
137	106	0.683755
137	107	0.883292
137	108	0.826923
137	109	0.879958
137	111	0.825709
137	112	0.876044
137	115	0.844446
137	117	0.812156
137	121	0.844961
137	125	0.873215
137	127	0.868541
137	130	0.856344
137	138	0.857875
137	142	0.878999
137	143	2.49051
137	146	0.849794
137	152	2.02926
137	153	0.870106
137	156	0.851477
137	164	2.46224
137	165	0.910597
137	169	0.819565
137	171	3.98568
138	4	0.872782
138	12	0.847842
138	47	0.814656
138	72	0.845751
138	80	0.837351
138	95	0.858049
138	97	0.930388
138	103	0.861047
138	104	0.859722
138	105	0.917486
138	107	0.907025
138	108	0.850655
138	109	0.903691
138	111	0.849442
138	112	0.899777
138	114	0.827488
138	115	0.868179
138	117	0.835888
138	121	0.868694
138	125	0.896948
138	127	0.892274
138	130	0.880077
138	137	0.857875
138	142	0.902732
138	146	0.873527
138	148	3.90354
138	153	0.893839
138	154	1.88579
138	156	0.87521
138	157	0.789574
138	165	0.93433
138	167	2.15416
138	169	0.843297
138	175	2.55782
138	176	2.90561
139	3	2.16458
139	22	0.865613
139	23	1.31755
139	27	1.04065
139	28	0.843285
139	31	1.67062
139	33	0.848673
139	34	0.847098
139	35	0.923814
139	55	0.890696
139	67	1.68484
139	68	0.862258
139	78	0.836723
139	80	2.05731
139	85	0.893444
139	94	0.861348
139	95	1.0051
139	98	0.865326
139	105	0.921328
139	153	0.897681
139	154	0.889999
139	163	0.838384
139	165	0.938172
139	167	0.809067
139	169	0.84714
139	170	0.790967
139	172	0.835551
139	174	0.790218
139	176	0.812368
139	177	0.757244
139	178	0.797323
139	179	0.785941
139	180	0.793385
140	52	0.818189
140	60	3.20982
140	63	2.82189
140	93	0.739013
140	119	0.811949
140	123	0.857102
140	124	0.776414
140	128	0.840811
140	133	0.822295
140	135	0.804897
140	142	3.4101
140	143	0.778719
140	144	0.785642
140	147	0.8007
140	148	0.72669
