1	15	1.04965
1	78	0.842159
1	113	0.90717
1	147	0.862661
1	153	1.81124
1	155	0.936465
1	156	0.883733
1	166	0.834273
1	170	0.796584
1	174	0.836075
1	176	0.822935
1	178	0.804556
2	63	0.964796
2	65	1.61901
2	87	0.9912
2	157	0.818715
2	159	0.892726
2	162	0.797143
2	171	0.882201
2	175	0.85288
2	176	0.864407
2	178	0.846028
2	179	0.866504
2	180	0.802542
3	35	1.10253
3	106	1.2529
3	120	1.0305
3	129	1.08211
3	131	1.04264
3	136	1.07428
3	139	1.82594
3	151	1.0568
3	153	1.07619
3	155	1.25538
3	172	1.06633
3	173	1.07216
4	50	1.33587
4	67	0.966378
4	129	0.0323249
4	150	1.01628
4	155	1.04431
4	158	0.970729
4	159	0.9591
4	162	0.863517
4	168	1.00315
4	170	0.90443
4	175	0.919254
4	179	0.932879
5	112	0.839809
5	115	1.6464
5	118	0.963957
5	126	1.09046
5	143	1.13069
5	145	1.87379
5	157	0.979929
5	160	1.15515
5	162	0.958357
5	169	1.1678
5	173	1.166
5	180	0.963756
6	74	0.848827
6	109	0.83161
6	116	0.830172
6	140	0.985231
6	147	1.59346
6	153	1.02268
6	160	1.0078
6	163	0.992669
6	169	1.02045
6	171	2.34578
6	172	1.01282
6	173	1.01865
7	34	0.809851
7	61	0.676436
7	112	0.893076
7	130	0.884491
7	135	0.855157
7	136	0.858613
7	155	0.829636
7	158	0.756054
7	169	0.858288
7	173	0.856486
7	177	0.661197
7	180	0.654241
8	85	1.0316
8	117	0.969612
8	128	1.06161
8	136	0.542837
8	152	0.985323
8	154	0.977962
8	157	0.869484
8	158	0.955124
8	163	0.285166
8	176	0.915176
8	178	0.896797
8	179	0.917274
9	90	0.383726
9	95	0.917829
9	103	0.888167
9	139	1.00997
9	152	1.00118
9	156	0.991832
9	161	0.999339
9	164	1.01357
9	170	0.904683
9	174	0.944174
9	176	0.931034
9	177	0.876125
10	49	1.04561
10	56	1.10332
10	104	1.37199
10	131	1.02832
10	136	1.05996
10	139	1.48462
10	145	1.65345
10	149	1.04732
10	153	1.06187
10	167	0.864701
10	169	1.05964
10	172	1.05201
10	173	1.05784
11	34	0.906081
11	63	0.912725
11	85	0.928759
11	110	0.854186
11	134	0.902423
11	145	0.867421
11	147	0.852062
11	149	2.00427
11	164	0.894867
11	165	0.852033
11	171	0.830131
11	175	0.800809
11	178	0.793957
12	14	0.844811
12	47	1.05271
12	107	1.00404
12	134	0.976651
12	147	0.926291
12	148	0.649427
12	152	0.956711
12	154	0.949349
12	156	0.947362
12	164	0.969095
12	172	0.539295
12	176	0.886564
12	178	0.868185
13	38	0.996405
13	57	0.85344
13	121	1.01652
13	128	1.04787
13	143	0.563768
13	158	0.941384
13	164	0.983966
13	165	0.941132
13	171	0.91923
13	174	0.914576
13	178	0.883057
13	179	0.903533
13	180	0.839571
14	12	0.844811
14	89	0.79128
14	94	0.853209
14	110	0.780051
14	121	0.853289
14	128	0.884636
14	157	0.692508
14	158	0.778148
14	159	0.766519
14	164	0.820731
14	165	0.777897
14	168	0.810571
14	176	0.7382
15	1	1.04965
15	17	0.195474
15	98	0.260016
15	117	1.0611
15	119	1.15398
15	152	1.07681
15	168	1.07904
15	169	0.46177
15	170	0.980316
15	174	1.01981
15	176	1.00667
15	179	1.00877
15	180	0.944803
16	135	1.11069
16	137	0.973531
16	151	0.191654
16	155	1.03597
16	159	0.950762
16	164	1.00497
16	166	0.933781
16	170	0.896092
16	171	0.940238
16	174	0.935583
16	175	0.910916
16	179	0.924541
16	180	0.860578
17	15	0.195474
17	40	0.925801
17	95	1.10708
17	116	0.94497
17	126	1.05791
17	136	1.13558
17	140	1.10003
17	143	1.09814
17	144	0.951347
17	149	1.12293
17	165	2.61249
17	167	0.940315
17	168	1.33322
18	47	1.07539
18	79	1.06884
18	152	0.979393
18	153	0.864895
18	155	1.02278
18	158	0.949194
18	173	0.228947
18	174	0.922386
18	175	0.897719
18	176	0.909246
18	177	0.854337
18	179	0.911344
19	44	1.16876
19	64	1.35464
19	80	0.974646
19	103	0.871675
19	111	0.954771
19	143	0.146853
19	161	0.982847
19	166	0.92588
19	174	0.927682
19	176	0.914542
19	177	0.859633
19	178	0.896163
19	179	0.91664
20	39	0.814812
20	44	0.979331
20	104	0.835025
20	130	0.893503
20	142	0.870616
20	158	0.765066
20	161	0.793423
20	165	0.764815
20	168	0.797489
20	174	0.738258
20	176	0.725118
20	177	0.670209
20	179	0.727216
21	82	1.49891
21	116	0.803959
21	120	0.950786
21	123	0.978681
21	139	2.4262
21	143	0.957125
21	146	0.974863
21	148	0.993881
21	149	0.981918
21	160	0.981591
21	163	0.966457
21	172	0.986612
21	180	0.790193
22	23	0.83226
22	66	1.00852
22	85	1.00309
22	112	1.06364
22	128	1.03311
22	137	0.93776
22	139	0.96561
22	148	0.716781
22	163	0.665486
22	174	0.899811
22	176	0.886671
22	177	0.831762
22	178	0.868292
22	179	0.888769
23	22	0.83226
23	54	0.889382
23	76	0.898843
23	87	0.852336
23	111	0.765772
23	115	0.796525
23	121	0.840631
23	142	0.871041
23	150	0.811044
23	159	0.753861
23	170	0.699192
23	171	0.743337
23	176	0.725543
23	178	0.707164
24	48	0.83312
24	83	1.32012
24	98	1.03032
24	100	1.07618
24	108	1.05404
24	149	1.05017
24	151	1.04533
24	156	2.4987
24	157	0.87462
24	160	1.04984
24	163	1.03471
24	172	1.05487
24	173	1.06069
24	180	0.858447
25	27	0.955789
25	47	1.0196
25	73	0.371176
25	78	0.872674
25	81	0.683905
25	101	0.956174
25	115	0.924432
25	127	0.824814
25	132	1.03062
25	152	0.923597
25	155	0.966979
25	159	0.881769
25	161	0.921755
25	165	0.893147
26	111	0.941265
26	115	0.972018
26	141	0.973682
26	145	0.95612
26	150	0.986538
26	157	0.855344
26	160	0.25988
26	161	0.969341
26	166	0.912374
26	168	0.973407
26	172	0.879513
26	176	0.901036
26	178	0.882657
26	180	0.839171
27	25	0.955789
27	50	1.03902
27	77	1.03695
27	111	0.922522
27	128	1.02873
27	132	1.05946
27	134	0.97238
27	166	0.893631
27	168	0.954664
27	170	0.855942
27	171	0.900087
27	175	0.870766
27	176	0.882293
27	179	0.884391
28	44	0.652899
28	50	1.01819
28	51	3.2
28	77	1.04212
28	99	1.07797
28	100	1.0729
28	148	1.05886
28	157	0.871341
28	158	1.9219
28	160	1.04657
28	163	1.03143
28	169	1.05921
28	173	1.05741
28	177	0.862124
29	48	1.0163
29	65	0.310276
29	69	1.00958
29	97	0.922592
29	116	0.827443
29	128	1.02198
29	132	1.05271
29	140	1.05138
29	154	0.938327
29	164	0.958072
29	167	0.822788
29	170	0.849191
29	174	0.888682
29	175	0.864015
30	57	1.03371
30	130	1.10329
30	133	1.07471
30	140	1.06723
30	142	1.41189
30	144	0.918552
30	150	1.96803
30	157	0.914582
30	160	1.08981
30	163	1.07467
30	172	1.09483
30	173	1.10065
30	177	0.905365
30	180	0.898409
31	41	0.881376
31	46	0.866282
31	89	0.789915
31	127	0.7082
31	141	0.809482
31	146	0.859641
31	149	0.866696
31	152	0.806983
31	153	0.881249
31	166	0.748174
31	173	0.877216
31	174	0.749976
31	175	0.725309
31	176	0.736836
31	180	0.674971
32	58	1.0361
32	102	1.13629
32	108	0.893432
32	115	1.01692
32	145	1.00103
32	153	0.372524
32	155	1.05947
32	156	1.00674
32	158	0.985889
32	163	0.495191
32	166	0.957279
32	174	0.959081
32	175	0.934414
32	176	0.945941
32	178	0.927562
33	48	1.09852
33	89	1.01084
33	91	0.878842
33	115	1.02874
33	131	0.180049
33	132	1.13493
33	134	1.04785
33	147	0.997488
33	155	1.07129
33	160	0.45487
33	167	0.905007
33	175	0.946234
33	177	0.902852
33	178	0.939382
33	180	0.895896
34	7	0.809851
34	11	0.906081
34	37	1.3928
34	82	0.974662
34	107	0.991172
34	119	1.02101
34	123	0.327058
34	137	0.924787
34	150	0.9592
34	159	0.902017
34	161	0.942003
34	168	0.94607
34	171	0.891493
34	175	0.862171
34	178	0.85532
35	3	1.10253
35	45	1.03879
35	88	0.9094
35	91	1.05823
35	105	0.905063
35	114	1.07961
35	123	1.07733
35	146	1.07351
35	158	0.863781
35	162	0.883445
35	166	3.22346
35	173	1.09109
35	174	1.29735
35	177	0.8958
35	180	0.888844
36	54	1.04539
36	59	0.971039
36	96	1.00029
36	103	0.838681
36	110	0.923398
36	130	1.04993
36	139	0.960487
36	152	0.951695
36	165	0.921245
36	169	0.741069
36	170	0.855197
36	174	0.894688
36	175	0.870021
36	177	0.826639
36	178	0.863169
37	34	1.3928
37	112	1.45315
37	129	1.03426
37	131	0.994788
37	133	0.998366
37	135	1.02298
37	142	1.40525
37	143	0.988992
37	146	1.00673
37	151	1.00895
37	160	1.01346
37	169	1.02611
37	172	1.01848
37	173	1.02431
37	177	0.829016
38	13	0.996405
38	47	1.04107
38	100	0.718943
38	113	0.959158
38	125	0.981122
38	146	0.777145
38	150	0.960425
38	157	0.829231
38	161	0.943228
38	168	0.947294
38	170	0.848572
38	174	0.888063
38	176	0.874923
38	177	0.820014
38	179	0.877021
39	20	0.814812
39	114	1.11436
39	128	1.01608
39	130	1.03803
39	149	0.732862
39	154	0.932433
39	155	0.983178
39	161	0.937953
39	164	0.952179
39	166	0.880986
39	168	0.942019
39	174	0.882788
39	175	0.858121
39	176	0.869648
39	178	0.851269
40	17	0.925801
40	63	0.813076
40	67	0.748284
40	76	0.885987
40	121	0.827775
40	142	0.858185
40	148	0.85451
40	153	0.8571
40	162	0.645423
40	168	0.785058
40	171	0.730481
40	172	0.847241
40	173	0.853067
40	177	0.657778
40	178	0.694308
41	31	0.881376
41	42	1.05747
41	45	1.01258
41	95	1.03851
41	119	1.17839
41	123	1.05112
41	126	0.989334
41	148	1.06632
41	151	1.04952
41	167	0.87174
41	168	1.34
41	169	1.06668
41	172	1.05905
41	179	3.26192
41	180	0.862629
42	41	1.05747
42	86	1.04047
42	109	0.866274
42	129	1.06327
42	141	1.19394
42	143	1.018
42	146	1.03574
42	148	1.05476
42	153	1.05735
42	160	1.04247
42	162	0.84567
42	163	1.02733
42	164	0.737029
42	176	3.34884
42	177	0.858025
43	84	1.03453
43	86	1.02485
43	98	1.00731
43	122	1.01854
43	127	0.86867
43	131	1.00817
43	138	0.854583
43	151	1.02233
43	156	0.965636
43	163	1.0117
43	165	2.27126
43	169	1.03949
43	172	1.03186
43	173	1.03769
43	174	2.21817
43	180	0.835441
44	19	1.16876
44	20	0.979331
44	28	0.652899
44	50	0.82511
44	86	0.623687
44	106	1.14055
44	111	1.0744
44	134	1.12425
44	137	1.08526
44	162	0.966903
44	168	1.10654
44	171	1.05196
44	173	0.482094
44	174	1.04731
44	175	1.02264
44	178	1.01579
45	35	1.03879
45	41	1.01258
45	57	0.941474
45	120	0.966767
45	130	1.19836
45	134	2.39892
45	136	1.01055
45	142	1.50696
45	146	0.990845
45	148	1.00986
45	160	0.997572
45	162	0.800775
45	163	0.982438
45	169	1.01022
45	172	1.00259
45	173	1.00842
46	31	0.866282
46	54	0.870211
46	55	3.2
46	86	1.03694
46	92	1.12033
46	114	1.0383
46	123	1.03602
46	129	1.05973
46	140	1.01636
46	143	1.01447
46	153	1.05381
46	167	0.856646
46	172	1.04395
46	173	1.04978
46	177	0.854491
46	180	0.847535
47	12	1.05271
47	18	1.07539
47	25	1.0196
47	38	1.04107
47	118	0.884437
47	122	0.158606
47	124	0.883448
47	126	0.879324
47	152	1.01625
47	164	1.02863
47	168	1.01847
47	170	0.91975
47	171	0.963896
47	172	0.189029
47	176	0.946101
47	178	0.927722
48	24	0.83312
48	29	1.0163
48	33	1.09852
48	62	1.14193
48	95	0.854215
48	114	0.45581
48	134	1.0108
48	142	1.06621
48	145	0.975797
48	156	0.981511
48	157	0.875021
48	166	0.932051
48	168	0.993084
48	176	0.920713
48	177	0.865804
48	178	0.902334
49	10	1.04561
49	60	1.65371
49	76	1.24224
49	81	1.02617
49	88	0.866795
49	95	1.02212
49	135	1.04715
49	136	1.05061
49	141	2.37595
49	153	1.05252
49	167	0.85535
49	169	1.05029
49	172	1.04266
49	173	1.04848
49	177	0.853195
49	180	0.846239
50	4	1.33587
50	27	1.03902
50	28	1.01819
50	44	0.82511
50	84	1.01833
50	91	0.98863
50	103	0.838242
50	122	1.00234
50	129	1.03144
50	136	1.02362
50	143	0.986177
50	146	1.00392
50	149	1.01097
50	157	0.835418
50	163	0.995509
50	172	1.01566
51	28	3.2
51	55	0.80349
51	63	0.893816
51	85	0.909851
51	111	0.833656
51	121	0.908515
51	130	0.961812
51	132	0.970598
51	134	0.883514
51	139	0.872366
51	166	0.804765
51	167	0.740673
51	168	0.865798
51	170	0.767076
51	178	0.775048
51	179	0.795525
52	66	0.996195
52	93	0.840305
52	99	0.512187
52	116	0.826243
52	130	1.04273
52	139	0.95328
52	141	0.946988
52	152	0.944488
52	158	0.914289
52	162	0.807078
52	164	0.956872
52	165	0.914038
52	173	1.08216
52	174	0.887481
52	176	0.874341
52	179	0.876439
53	69	1.49038
53	82	1.5527
53	96	0.997154
53	120	0.988778
53	123	1.01667
53	125	1.88131
53	126	0.95489
53	133	1.00449
53	135	1.0291
53	153	1.03446
53	157	0.844358
53	162	0.822786
53	163	1.00445
53	169	1.03223
53	172	1.0246
53	173	1.03043
54	23	0.889382
54	36	1.04539
54	46	0.870211
54	89	0.996872
54	97	0.990843
54	141	1.01644
54	153	0.829789
54	155	1.05732
54	156	1.00459
54	159	0.972112
54	164	1.02632
54	171	0.961587
54	173	0.193841
54	176	0.943793
54	178	0.925414
54	179	0.945891
55	46	3.2
55	51	0.80349
55	62	1.01124
55	72	0.917637
55	104	0.899924
55	115	0.860999
55	125	0.896217
55	134	0.880104
55	137	0.841105
55	159	0.818336
55	165	0.829714
55	168	0.862388
55	170	0.763666
55	171	0.807812
55	174	0.803157
55	175	0.77849
56	10	1.10332
56	62	0.841057
56	65	1.10705
56	77	1.09091
56	81	1.08388
56	101	1.76009
56	119	1.18116
56	126	1.03065
56	146	1.08862
56	150	1.82912
56	160	1.09535
56	162	0.898551
56	163	1.08021
56	169	1.108
56	172	1.10037
56	177	0.910906
56	180	0.90395
57	13	0.85344
57	30	1.03371
57	45	0.941474
57	70	0.655046
57	99	1.01432
57	118	0.791725
57	120	0.952117
57	140	0.960349
57	143	0.958456
57	148	0.995212
57	149	0.983249
57	159	2.97729
57	160	0.982922
57	163	0.967788
57	169	0.99557
57	172	0.987943
57	173	0.993769
58	32	1.0361
58	61	0.83044
58	67	0.905708
58	90	1.37042
58	107	0.987584
58	147	0.909837
58	150	0.955613
58	158	0.910059
58	159	0.89843
58	161	0.938416
58	164	0.952642
58	166	0.881449
58	170	0.84376
58	173	0.713532
58	178	0.851732
58	179	0.872209
58	180	0.808246
59	36	0.971039
59	90	1.1705
59	123	0.904603
59	150	0.954947
59	152	0.939592
59	155	0.982975
59	156	0.930243
59	159	0.897764
59	162	0.802181
59	164	0.951976
59	165	0.909142
59	167	0.816691
59	168	0.941816
59	175	0.857918
59	176	0.869445
59	178	0.851066
59	179	0.871543
60	49	1.65371
60	75	1.02684
60	104	0.958847
60	118	0.787276
60	125	0.95514
60	132	1.02611
60	137	0.900028
60	142	0.994439
60	146	1.02771
60	152	0.919087
60	164	0.931471
60	166	0.860278
60	171	0.866735
60	174	0.86208
60	175	0.837413
60	177	0.794031
60	179	0.851038
61	7	0.676436
61	58	0.83044
61	63	0.840672
61	119	0.887598
61	135	0.879334
61	138	0.69756
61	143	0.84535
61	144	0.698561
61	147	0.78001
61	153	0.884696
61	164	0.822814
61	165	0.77998
61	167	0.687529
61	172	0.874837
61	173	0.880663
61	174	0.753423
61	175	0.728756
62	48	1.14193
62	55	1.01124
62	56	0.841057
62	69	1.13521
62	106	1.10756
62	115	1.07216
62	121	1.11626
62	129	0.179862
62	158	1.04112
62	159	1.02949
62	160	0.584046
62	167	0.948419
62	170	0.974822
62	171	1.01897
62	172	0.146395
62	175	0.989646
62	178	0.982795
63	2	0.964796
63	11	0.912725
63	40	0.813076
63	51	0.893816
63	61	0.840672
63	116	0.832245
63	125	0.986543
63	134	0.97043
63	153	1.28355
63	161	0.948648
63	164	0.962874
63	169	1.10451
63	170	0.853992
63	171	0.898138
63	175	0.868816
63	176	0.880343
63	178	0.861964
63	179	0.882441
64	19	1.35464
64	65	1.02562
64	77	1.00948
64	79	1.42689
64	86	1.01193
64	100	1.04025
64	109	0.837727
64	129	1.03472
64	132	1.78971
64	135	1.02344
64	138	0.841664
64	146	1.00719
64	149	1.01425
64	157	0.838695
64	162	0.817123
64	169	1.02657
64	173	1.02477
64	177	0.829478
65	2	1.61901
65	29	0.310276
65	56	1.10705
65	64	1.02562
65	90	1.03888
65	100	1.07705
65	133	1.03563
65	134	1.188
65	137	2.01352
65	143	1.02626
65	146	1.044
65	148	1.06301
65	151	1.04621
65	160	1.05072
65	169	1.06337
65	173	1.06157
65	177	0.866281
65	180	0.859325
66	22	1.00852
66	52	0.996195
66	77	1.46924
66	97	0.948858
66	101	1.00453
66	107	1.01928
66	134	0.991895
66	137	0.952896
66	139	0.980746
66	140	0.161461
66	145	0.956892
66	158	0.941755
66	159	0.930126
66	169	0.261606
66	171	0.919602
66	174	0.914947
66	176	0.901807
66	179	0.903905
67	4	0.966378
67	40	0.748284
67	58	0.905708
67	72	0.943171
67	74	0.786108
67	105	0.769905
67	117	0.869987
67	119	0.962865
67	120	2.91484
67	141	0.888197
67	157	0.769859
67	164	0.898082
67	165	0.855248
67	170	0.7892
67	174	0.828691
67	176	0.815551
67	179	0.817649
67	180	0.753686
68	83	0.87368
68	91	0.847069
68	97	0.7866
68	103	0.696682
68	127	0.710913
68	130	0.907935
68	132	0.916721
68	135	0.8786
68	157	0.693857
68	163	0.853948
68	166	0.750887
68	168	0.81192
68	172	0.874103
68	173	0.879929
68	176	0.739549
68	177	0.68464
68	178	0.72117
68	179	0.741647
69	29	1.00958
69	53	1.49038
69	62	1.13521
69	83	1.04812
69	99	0.686944
69	110	0.955839
69	114	0.664554
69	121	1.02908
69	145	0.969073
69	150	0.99949
69	164	0.996519
69	170	0.887637
69	174	0.927128
69	175	0.902461
69	176	0.913988
69	177	0.859079
69	179	0.916086
69	180	0.852124
70	57	0.655046
70	73	0.148971
70	80	1.06597
70	85	1.12229
70	89	1.05895
70	147	1.0456
70	154	1.06866
70	156	1.06667
70	157	0.960179
70	158	1.04582
70	160	0.692862
70	162	0.938607
70	163	0.220838
70	170	0.97952
70	174	1.01901
70	175	0.994344
70	176	1.00587
70	179	1.00797
71	104	1.57625
71	120	1.0399
71	121	1.26952
71	124	0.878514
71	128	0.981788
71	131	1.05203
71	140	1.04813
71	147	3.00656
71	149	1.07103
71	151	1.06619
71	153	1.08558
71	160	1.0707
71	162	0.873903
71	163	1.05557
71	169	1.08335
71	172	1.07572
71	173	1.08155
71	180	0.879302
72	55	0.917637
72	67	0.943171
72	117	0.96201
72	119	1.05489
72	120	0.444527
72	130	1.07596
72	138	0.864851
72	149	0.824072
72	150	0.993076
72	164	0.990105
72	165	0.947271
72	168	0.979945
72	170	0.881223
72	171	0.925369
72	172	0.531199
72	174	0.920714
72	176	0.907574
72	178	0.889195
72	179	0.909672
73	25	0.371176
73	70	0.148971
73	109	0.80961
73	122	0.977502
73	123	0.982893
73	126	0.92111
73	131	0.967133
73	135	0.995321
73	148	0.998093
73	151	0.981293
73	153	1.00068
73	160	0.985803
73	163	0.970669
73	169	0.998452
73	172	0.990824
73	173	0.99665
73	175	4.08637
73	177	0.801361
73	180	0.794405
74	6	0.848827
74	67	0.786108
74	104	0.860418
74	107	0.867984
74	110	0.792361
74	138	0.707788
74	148	0.892334
74	149	0.880371
74	155	0.86404
74	157	0.704819
74	161	0.818816
74	162	0.683247
74	166	0.761849
74	169	0.892693
74	172	0.885065
74	175	0.738984
74	178	0.732132
74	179	0.752608
74	180	0.688646
75	60	1.02684
75	79	1.11745
75	111	0.998086
75	115	1.02884
75	119	1.10517
75	140	0.0137949
75	143	0.490525
75	147	0.997584
75	151	0.386378
75	158	0.997805
75	159	0.986176
75	161	1.02616
75	164	1.04039
75	168	1.03023
75	173	0.269631
75	174	0.970997
75	175	0.94633
75	176	0.957857
75	178	0.939478
76	23	0.898843
76	40	0.885987
76	49	1.24224
76	113	1.03749
76	141	1.0259
76	144	0.911532
76	145	1.00834
76	147	0.99298
76	148	0.434724
76	153	0.842318
76	166	0.964592
76	167	0.9005
76	170	0.926903
76	171	0.971048
76	174	0.966394
76	175	0.941727
76	177	0.898345
76	178	0.934875
76	180	0.891389
77	27	1.03695
77	28	1.04212
77	56	1.09091
77	64	1.00948
77	66	1.46924
77	79	1.05015
77	99	1.06598
77	100	1.06091
77	120	1.00377
77	128	1.29272
77	133	1.01948
77	140	1.012
77	149	1.0349
77	160	1.03458
77	162	0.83778
77	163	1.01944
77	172	1.0396
77	173	1.04542
77	177	0.850135
78	1	0.842159
78	25	0.872674
78	83	0.933309
78	97	0.846229
78	106	0.905566
78	113	0.883414
78	130	0.967564
78	134	0.889266
78	141	0.871825
78	151	2.95269
78	157	0.753486
78	158	0.839126
78	161	0.867483
78	166	0.810516
78	170	0.772827
78	177	0.74427
78	178	0.780799
78	179	0.801276
79	18	1.06884
79	64	1.42689
79	75	1.11745
79	77	1.05015
79	85	1.05597
79	89	0.992624
79	100	0.342694
79	106	1.04593
79	112	1.11651
79	117	0.993981
79	154	1.00233
79	155	1.05307
79	156	1.00034
79	159	0.967864
79	163	0.0745675
79	167	0.886791
79	168	1.01192
79	175	0.928018
79	179	0.941642
80	19	0.974646
80	70	1.06597
80	104	0.949965
80	113	0.924293
80	115	0.91104
80	139	0.918997
80	143	1.55978
80	147	0.879785
80	151	0.775304
80	154	0.902843
80	156	0.900856
80	161	0.908363
80	162	0.772794
80	165	0.879755
80	171	0.857853
80	176	0.840058
80	178	0.821679
80	179	0.842156
81	25	0.683905
81	49	1.02617
81	56	1.08388
81	95	1.01203
81	103	0.855148
81	122	1.01925
81	129	1.04835
81	136	1.04052
81	138	0.855293
81	140	1.00498
81	146	1.02082
81	149	1.02788
81	153	1.04243
81	155	1.17776
81	163	1.01241
81	164	1.13651
81	169	1.0402
81	173	1.0384
81	176	3.74832
81	180	0.836151
82	21	1.49891
82	34	0.974662
82	53	1.5527
82	97	0.927967
82	107	0.99839
82	125	0.987117
82	128	1.02735
82	132	1.05809
82	138	0.838194
82	139	0.959856
82	140	0.291039
82	147	0.920644
82	150	0.966419
82	155	0.994447
82	159	0.909236
82	162	0.813653
82	168	0.953288
82	170	0.854566
82	174	0.894057
82	175	0.86939
83	24	1.32012
83	68	0.87368
83	69	1.04812
83	78	0.933309
83	102	1.10443
83	105	0.868439
83	108	1.30707
83	117	0.96852
83	118	0.85242
83	120	0.18177
83	127	0.885448
83	147	0.953811
83	152	0.984231
83	156	0.974882
83	161	0.982389
83	166	0.925423
83	171	0.931879
83	175	0.902557
83	179	0.916182
83	180	0.85222
84	43	1.03453
84	50	1.01833
84	94	0.956917
84	98	1.02718
84	117	1.76229
84	122	1.03841
84	127	0.888543
84	129	1.06751
84	138	0.874456
84	140	1.02414
84	149	1.04704
84	151	1.0422
84	160	1.04671
84	162	0.849915
84	163	1.03158
84	170	5.41862
84	171	1.58245
84	172	1.05173
84	173	1.05756
84	177	0.86227
85	8	1.0316
85	11	0.928759
85	22	1.00309
85	51	0.909851
85	70	1.12229
85	79	1.05597
85	93	0.862341
85	109	0.849717
85	122	0.914873
85	137	0.947466
85	139	0.975316
85	154	0.959163
85	165	0.936074
85	169	0.772387
85	173	0.315486
85	174	0.909517
85	175	0.88485
85	178	0.877998
85	179	0.898475
85	180	0.834513
86	42	1.04047
86	43	1.02485
86	44	0.623687
86	46	1.03694
86	64	1.01193
86	91	1.01501
86	114	1.03639
86	118	0.845829
86	135	1.04654
86	136	1.05
86	146	1.0303
86	149	1.03735
86	151	1.03252
86	156	1.41808
86	163	1.02189
86	168	1.44443
86	173	1.04787
86	176	3.58426
86	177	0.852584
86	180	0.845628
87	2	0.9912
87	23	0.852336
87	95	0.985867
87	108	0.951728
87	113	0.990983
87	125	1.01295
87	141	0.979394
87	147	0.946474
87	150	0.992249
87	154	0.969533
87	156	0.967545
87	158	0.946695
87	160	0.115437
87	162	0.839484
87	165	0.946444
87	166	0.918085
87	171	0.924542
87	174	0.919888
87	179	0.908845
87	180	0.844883
88	35	0.9094
88	49	0.866795
88	105	0.692999
88	112	0.915614
88	116	0.690546
88	121	0.853733
88	124	0.675992
88	130	0.90703
88	141	0.811291
88	144	0.696923
88	149	0.868505
88	159	0.766964
88	160	0.868178
88	165	0.778342
88	167	0.685891
88	169	0.880826
88	173	0.879025
88	177	0.683736
88	178	0.720266
89	14	0.79128
89	31	0.789915
89	33	1.01084
89	54	0.996872
89	70	1.05895
89	79	0.992624
89	115	0.904015
89	139	0.911972
89	144	0.791311
89	145	0.888118
89	147	0.87276
89	149	1.46764
89	154	0.895819
89	157	0.787341
89	161	0.901338
89	166	0.844371
89	169	1.51345
89	170	0.806682
89	171	0.850828
89	178	0.814654
89	179	0.835131
90	9	0.383726
90	58	1.37042
90	59	1.1705
90	65	1.03888
90	92	1.93938
90	108	1.03138
90	131	1.00851
90	136	1.04015
90	148	1.03947
90	149	1.0275
90	151	1.02267
90	153	1.04206
90	157	0.851953
90	160	1.02718
90	162	0.830381
90	163	1.01204
90	169	1.03983
90	172	1.0322
90	173	1.03802
90	177	0.842736
90	180	0.83578
91	33	0.878842
91	35	1.05823
91	50	0.98863
91	68	0.847069
91	86	1.01501
91	98	0.997477
91	105	0.841828
91	121	2.02714
91	122	1.00871
91	127	0.858837
91	128	1.21313
91	136	1.02998
91	140	0.994434
91	146	1.01028
91	151	1.0125
91	155	1.87596
91	160	1.01701
91	163	1.00187
91	169	1.02966
91	172	1.02203
91	173	1.02785
92	46	1.12033
92	90	1.93938
92	102	1.05265
92	104	0.972214
92	113	0.946542
92	130	1.03069
92	134	0.952394
92	139	0.941246
92	142	1.00781
92	145	0.917392
92	151	0.492977
92	154	0.925092
92	155	0.975837
92	156	0.923105
92	159	0.890626
92	161	0.930612
92	165	0.902004
92	167	0.809553
92	170	0.835956
92	174	0.875447
92	175	0.85078
93	52	0.840305
93	85	0.862341
93	100	0.901781
93	111	0.786147
93	116	0.69782
93	118	0.684254
93	125	0.852117
93	127	0.717282
93	135	0.884968
93	140	0.852879
93	142	0.891416
93	144	0.704196
93	153	0.890331
93	161	0.814223
93	165	0.785615
93	169	0.8881
93	172	0.880472
93	175	0.734391
93	176	0.745918
93	177	0.691009
93	179	0.748016
93	180	0.684053
94	14	0.853209
94	84	0.956917
94	97	0.942013
94	110	0.936813
94	125	1.00116
94	135	1.21617
94	142	1.04046
94	145	0.950048
94	146	0.65799
94	155	1.00849
94	158	0.934911
94	161	0.963268
94	164	0.977494
94	165	0.93466
94	167	0.842209
94	171	0.912758
94	174	0.908103
94	175	0.883436
94	176	0.894963
94	178	0.876584
94	179	0.897061
95	9	0.917829
95	17	1.10708
95	41	1.03851
95	48	0.854215
95	49	1.02212
95	81	1.01203
95	87	0.985867
95	96	1.00107
95	103	0.851102
95	109	0.847309
95	114	1.02287
95	122	1.0152
95	123	1.02059
95	143	0.999036
95	153	1.03838
95	154	2.27075
95	157	0.848277
95	163	1.00837
95	167	0.841215
95	169	1.03615
95	172	1.02852
95	177	0.839061
96	36	1.00029
96	53	0.997154
96	95	1.00107
96	99	1.04799
96	114	1.01596
96	121	1.15831
96	122	1.00829
96	123	1.01368
96	129	1.03739
96	131	0.997921
96	144	0.845336
96	149	1.01692
96	151	1.01208
96	159	2.57025
96	162	0.819794
96	163	1.00146
96	164	1.59929
96	167	0.834304
96	169	1.02924
96	172	1.02161
96	173	1.02744
96	177	0.832149
97	29	0.922592
97	54	0.990843
97	66	0.948858
97	68	0.7866
97	78	0.846229
97	82	0.927967
97	94	0.942013
97	128	0.97344
97	131	1.80819
97	138	0.784282
97	150	0.912506
97	154	0.88979
97	155	0.940534
97	158	0.866952
97	159	0.855323
97	160	0.9051
97	161	0.895309
97	166	0.838342
97	174	0.840144
97	178	0.808625
97	179	0.829102
97	180	0.765139
98	15	0.260016
98	24	1.03032
98	43	1.00731
98	84	1.02718
98	91	0.997477
98	102	1.00346
98	122	1.01119
98	124	0.827304
98	126	0.954797
98	127	0.861321
98	132	0.935908
98	135	1.02901
98	138	0.847235
98	140	0.996918
98	148	1.03178
98	151	1.01498
98	153	1.03437
98	162	0.822694
98	163	1.00436
98	169	1.03214
98	171	4.11904
98	173	1.03034
99	28	1.07797
99	52	0.512187
99	57	1.01432
99	69	0.686944
99	77	1.06598
99	96	1.04799
99	133	1.05533
99	138	0.898165
99	143	1.04595
99	145	1.14761
99	146	1.06369
99	148	1.08271
99	149	1.07075
99	151	1.06591
99	153	1.0853
99	160	1.07042
99	162	0.873624
99	169	1.08307
99	172	1.07544
99	176	2.92501
99	179	2.7071
99	180	0.879023
100	24	1.07618
100	28	1.0729
100	38	0.718943
100	64	1.04025
100	65	1.07705
100	77	1.06091
100	79	0.342694
100	93	0.901781
100	109	0.889157
100	117	1.67475
100	131	1.04668
100	137	2.01766
100	143	1.04088
100	148	1.07764
100	151	1.06084
100	158	2.49943
100	160	1.06535
100	163	1.05022
100	167	0.883063
100	169	1.078
100	172	1.07037
100	173	1.0762
101	25	0.956174
101	56	1.76009
101	66	1.00453
101	111	0.922907
101	119	1.02999
101	125	0.988878
101	127	0.854042
101	133	0.757558
101	142	1.02818
101	147	0.922405
101	154	0.945463
101	162	0.815414
101	164	0.965209
101	165	0.922375
101	166	0.894016
101	168	0.955049
101	173	0.435617
101	174	0.895818
101	175	0.871151
101	176	0.882678
101	177	0.827769
101	178	0.864299
102	32	1.13629
102	83	1.10443
102	92	1.05265
102	98	1.00346
102	123	0.206982
102	142	1.1158
102	146	0.225851
102	147	1.01002
102	149	0.227079
102	152	1.04045
102	155	1.08383
102	156	1.0311
102	158	1.01025
102	161	1.0386
102	162	0.903035
102	166	0.981637
102	168	1.04267
102	169	0.272884
102	170	0.943947
102	175	0.958771
102	176	0.970298
102	178	0.95192
102	179	0.972396
103	9	0.888167
103	19	0.871675
103	36	0.838681
103	50	0.838242
103	68	0.696682
103	81	0.855148
103	95	0.851102
103	127	0.70845
103	132	0.914258
103	138	0.694364
103	151	0.862109
103	153	0.881499
103	156	0.797884
103	157	0.691394
103	160	0.866619
103	165	0.776783
103	169	0.879268
103	172	0.871641
103	174	0.750227
103	177	0.682178
103	178	0.718708
103	179	0.739184
103	180	0.675222
104	10	1.37199
104	20	0.835025
104	55	0.899924
104	60	0.958847
104	71	1.57625
104	74	0.860418
104	80	0.949965
104	92	0.972214
104	110	0.931711
104	128	1.0363
104	130	1.05825
104	138	0.847138
104	141	0.962507
104	145	0.944945
104	156	0.950659
104	157	0.844169
104	159	0.91818
104	163	0.92599
104	167	0.837107
104	171	0.907655
104	176	0.889861
104	178	0.871482
104	179	0.891958
105	35	0.905063
105	67	0.769905
105	83	0.868439
105	88	0.692999
105	91	0.841828
105	110	0.776159
105	129	0.884639
105	130	0.902693
105	141	0.806954
105	143	0.839375
105	149	0.864168
105	157	0.688616
105	158	0.774256
105	166	0.745646
105	168	0.806679
105	169	0.87649
105	171	0.752103
105	172	0.868862
105	173	0.874688
105	175	0.722781
105	177	0.679399
105	179	0.736406
105	180	0.672443
106	3	1.2529
106	44	1.14055
106	62	1.10756
106	78	0.905566
106	79	1.04593
106	128	1.03278
106	129	0.0347107
106	130	1.05473
106	141	0.958987
106	142	1.03184
106	148	0.516884
106	150	0.971843
106	152	0.956488
106	159	0.91466
106	161	0.954646
106	165	0.926038
106	166	0.897679
106	169	0.74543
106	171	0.904136
106	174	0.899481
106	175	0.874814
106	176	0.886341
106	179	0.888439
107	12	1.00404
107	34	0.991172
107	58	0.987584
107	66	1.01928
107	74	0.867984
107	82	0.99839
107	114	1.19459
107	121	1.01252
107	124	0.834774
107	149	0.813094
107	152	0.967574
107	156	0.958225
107	166	0.908765
107	167	0.844673
107	170	0.871076
107	172	0.520221
107	174	0.910567
107	175	0.8859
107	176	0.897427
107	178	0.879048
107	179	0.899525
107	180	0.835562
108	24	1.05404
108	32	0.893432
108	83	1.30707
108	87	0.951728
108	90	1.03138
108	118	0.852021
108	124	0.851032
108	126	0.978525
108	129	1.06402
108	132	0.905286
108	133	1.02813
108	135	1.05274
108	136	1.05619
108	140	1.02065
108	148	1.05551
108	149	1.04354
108	150	1.66151
108	151	1.03871
108	160	1.04322
108	163	1.02808
108	169	1.05587
108	172	1.04824
108	173	1.05407
109	6	0.83161
109	42	0.866274
109	64	0.837727
109	73	0.80961
109	85	0.849717
109	95	0.847309
109	100	0.889157
109	127	0.704657
109	134	0.823381
109	144	0.691572
109	148	0.875117
109	153	0.877707
109	159	0.761612
109	164	0.815824
109	165	0.77299
109	167	0.680539
109	169	0.875475
109	171	0.751088
109	174	0.746434
109	175	0.721766
109	178	0.714915
110	11	0.854186
110	14	0.780051
110	36	0.923398
110	69	0.955839
110	74	0.792361
110	94	0.936813
110	104	0.931711
110	105	0.776159
110	112	0.998774
110	117	0.87624
110	122	1.95259
110	137	0.872893
110	139	0.900743
110	150	0.907306
110	154	0.88459
110	155	0.935334
110	156	0.882602
110	164	0.904335
110	166	0.833142
110	167	0.76905
110	170	0.795453
110	172	1.47142
110	174	0.834944
110	175	0.810277
111	19	0.954771
111	23	0.765772
111	26	0.941265
111	27	0.922522
111	44	1.0744
111	51	0.833656
111	75	0.998086
111	93	0.786147
111	101	0.922907
111	116	0.772084
111	127	0.791547
111	128	0.966619
111	129	1.33208
111	130	0.988568
111	131	1.98757
111	134	0.91027
111	145	0.875267
111	162	0.752919
111	170	0.793832
111	171	0.837977
111	174	0.833323
111	176	0.820183
111	178	0.801804
111	179	0.82228
112	5	0.839809
112	7	0.893076
112	22	1.06364
112	37	1.45315
112	79	1.11651
112	88	0.915614
112	110	0.998774
112	113	1.04116
112	117	1.01136
112	121	1.07201
112	141	1.02957
112	145	1.01201
112	148	0.224769
112	154	1.01971
112	156	1.01772
112	164	1.03945
112	165	0.99662
112	168	1.02929
112	169	0.453315
112	173	0.566073
112	174	0.970063
112	175	0.945396
112	176	0.956923
112	178	0.938544
112	180	0.895058
113	1	0.90717
113	38	0.959158
113	76	1.03749
113	78	0.883414
113	80	0.924293
113	87	0.990983
113	92	0.946542
113	112	1.04116
113	118	0.802525
113	145	0.919274
113	148	0.892615
113	149	1.07536
113	155	0.977719
113	156	0.924987
113	157	0.818497
113	158	0.904137
113	164	0.94672
113	169	1.12116
113	170	0.837838
113	171	0.881984
113	174	0.877329
113	175	0.852662
113	176	0.864189
113	177	0.80928
113	178	0.84581
114	35	1.07961
114	39	1.11436
114	46	1.0383
114	48	0.45581
114	69	0.664554
114	86	1.03639
114	95	1.02287
114	96	1.01596
114	107	1.19459
114	118	0.84719
114	126	0.973695
114	133	1.0233
114	136	1.05136
114	143	1.01392
114	144	0.867133
114	148	1.05068
114	149	1.03871
114	151	1.03388
114	160	1.03839
114	161	2.13326
114	163	1.02325
114	169	1.05104
114	173	1.04923
114	177	0.853946
114	180	0.84699
115	5	1.6464
115	23	0.796525
115	25	0.924432
115	26	0.972018
115	32	1.01692
115	33	1.02874
115	55	0.860999
115	62	1.07216
115	75	1.02884
115	80	0.91104
115	89	0.904015
115	133	1.12494
115	139	0.929875
115	151	0.852015
115	155	0.964466
115	158	0.890884
115	164	0.933467
115	166	0.862274
115	167	0.798182
115	171	0.86873
115	174	0.864076
115	176	0.850936
115	177	0.796027
115	178	0.832557
115	179	0.853034
116	6	0.830172
116	17	0.94497
116	21	0.803959
116	29	0.827443
116	52	0.826243
116	63	0.832245
116	88	0.690546
116	93	0.69782
116	111	0.772084
116	120	0.830584
116	138	0.689133
116	146	0.854661
116	151	0.856878
116	152	0.802002
116	154	0.794641
116	156	0.792653
116	157	0.686163
116	160	0.861389
116	163	0.846254
116	164	0.814386
116	166	0.743194
116	172	0.86641
116	173	0.872236
116	176	0.731855
116	177	0.676947
117	8	0.969612
117	15	1.0611
117	67	0.869987
117	72	0.96201
117	79	0.993981
117	83	0.96852
117	84	1.76229
117	100	1.67475
117	110	0.87624
117	112	1.01136
117	119	0.981704
117	125	0.940589
117	138	0.791667
117	141	0.907036
117	159	0.862708
117	160	0.821671
117	161	0.902695
117	164	0.91692
117	165	0.874087
117	166	0.845728
117	168	0.906761
117	171	0.852184
117	174	0.84753
117	175	0.822863
117	178	0.816011
117	180	0.772525
118	5	0.963957
118	47	0.884437
118	57	0.791725
118	60	0.787276
118	83	0.85242
118	86	0.845829
118	93	0.684254
118	108	0.852021
118	113	0.802525
118	114	0.84719
118	123	0.844913
118	139	0.797228
118	147	0.758016
118	148	0.860113
118	151	0.843312
118	152	0.788437
118	160	0.847823
118	163	0.832689
118	165	0.757987
118	167	0.665536
118	168	0.790661
118	169	0.860471
118	170	0.691938
118	176	0.718289
118	179	0.720387
118	180	0.656425
119	15	1.15398
119	34	1.02101
119	41	1.17839
119	56	1.18116
119	61	0.887598
119	67	0.962865
119	72	1.05489
119	75	1.10517
119	101	1.02999
119	117	0.981704
119	123	0.247682
119	141	0.999914
119	142	1.07277
119	146	0.266551
119	150	1.01277
119	153	0.492631
119	157	0.881576
119	159	0.955587
119	164	1.0098
119	165	0.966965
119	167	0.874514
119	168	0.999639
119	171	0.945063
119	176	0.927268
119	177	0.872359
119	178	0.908889
119	179	0.929366
120	3	1.0305
120	21	0.950786
120	45	0.966767
120	53	0.988778
120	57	0.952117
120	67	2.91484
120	71	1.0399
120	72	0.444527
120	77	1.00377
120	83	0.18177
120	116	0.830584
120	129	1.02901
120	133	0.993123
120	136	1.02119
120	138	0.835959
120	141	1.9681
120	143	0.983749
120	146	1.00149
120	149	1.00854
120	151	1.0037
120	153	1.0231
120	160	1.00822
120	163	0.993081
120	164	1.51119
120	167	0.825928
120	169	1.02086
120	172	1.01324
120	177	0.823773
121	13	1.01652
121	14	0.853289
121	23	0.840631
121	40	0.827775
121	51	0.908515
121	62	1.11626
121	69	1.02908
121	71	1.26952
121	88	0.853733
121	91	2.02714
121	96	1.15831
121	107	1.01252
121	112	1.07201
121	127	0.866406
121	137	0.94613
121	138	0.852319
121	144	0.85332
121	147	0.934768
121	150	0.980544
121	155	1.00857
121	163	0.619256
121	164	0.977573
121	168	0.967413
121	170	0.868691
121	171	0.912837
121	175	0.883515
121	176	0.895042
121	177	0.840133
121	180	0.833177
122	43	1.01854
122	47	0.158606
122	50	1.00234
122	73	0.977502
122	81	1.01925
122	84	1.03841
122	85	0.914873
122	91	1.00871
122	95	1.0152
122	96	1.00829
122	98	1.01119
122	110	1.95259
122	123	1.02781
122	129	1.05152
122	131	1.01205
122	133	1.01563
122	134	1.43986
122	135	1.04024
122	143	1.00625
122	149	1.03105
122	152	1.60004
122	153	1.0456
122	156	1.92819
122	160	1.03072
122	169	1.04337
122	172	1.03574
122	173	1.04157
122	177	0.846277
122	180	0.839321
123	21	0.978681
123	34	0.327058
123	35	1.07733
123	41	1.05112
123	46	1.03602
123	53	1.01667
123	59	0.904603
123	73	0.982893
123	95	1.02059
123	96	1.01368
123	102	0.206982
123	118	0.844913
123	119	0.247682
123	122	1.02781
123	126	0.971417
123	136	1.04908
123	140	1.01354
123	144	0.864855
123	146	1.02938
123	148	1.0484
123	151	1.0316
123	158	2.53877
123	160	1.03611
123	162	0.839313
123	163	1.02098
123	167	0.853823
123	169	1.04876
123	171	3.32257
123	172	1.04113
123	173	1.04696
124	47	0.883448
124	71	0.878514
124	88	0.675992
124	98	0.827304
124	107	0.834774
124	108	0.851032
124	125	0.8235
124	126	0.782141
124	129	0.867632
124	132	0.894472
124	136	0.859808
124	137	0.768389
124	142	0.862799
124	154	0.780086
124	157	0.671609
124	160	0.846834
124	161	0.785605
124	163	0.8317
124	165	0.756998
124	166	0.728639
124	167	0.664547
124	168	0.789672
124	169	0.859482
124	172	0.851855
124	173	0.857681
124	176	0.717301
124	177	0.662392
124	179	0.719398
125	38	0.981122
125	53	1.88131
125	55	0.896217
125	60	0.95514
125	63	0.986543
125	82	0.987117
125	87	1.01295
125	93	0.852117
125	94	1.00116
125	101	0.988878
125	117	0.940589
125	124	0.8235
125	131	0.664571
125	132	1.06332
125	134	0.976241
125	156	0.946951
125	159	0.914472
125	163	0.439953
125	166	0.897491
125	167	0.833399
125	168	0.958524
125	169	0.719794
125	170	0.859802
125	171	0.903948
125	174	0.899294
125	175	0.874626
125	176	0.886153
125	177	0.831244
125	179	0.888251
126	5	1.09046
126	17	1.05791
126	41	0.989334
126	47	0.879324
126	53	0.95489
126	56	1.03065
126	73	0.92111
126	98	0.954797
126	108	0.978525
126	114	0.973695
126	123	0.971417
126	124	0.782141
126	127	0.816158
126	129	0.995125
126	130	0.960014
126	131	0.955657
126	133	0.959234
126	136	0.987301
126	140	0.951755
126	142	1.26862
126	143	0.949861
126	146	0.967599
126	148	0.986617
126	151	0.969817
126	153	0.989207
126	155	1.61111
126	163	0.959193
126	167	0.79204
126	172	0.979348
126	174	3.90144
126	180	0.782929
127	25	0.824814
127	31	0.7082
127	43	0.86867
127	68	0.710913
127	83	0.885448
127	84	0.888543
127	91	0.858837
127	93	0.717282
127	98	0.861321
127	101	0.854042
127	103	0.70845
127	109	0.704657
127	111	0.791547
127	121	0.866406
127	126	0.816158
127	142	0.896816
127	151	0.87634
127	152	0.821465
127	156	0.812116
127	158	0.791266
127	159	0.779636
127	166	0.762656
127	167	0.698564
127	169	0.893499
127	171	0.769112
127	173	0.891698
127	174	0.764458
127	176	0.751318
127	178	0.732939
127	179	0.753415
127	180	0.689453
128	8	1.06161
128	13	1.04787
128	14	0.884636
128	22	1.03311
128	27	1.02873
128	29	1.02198
128	39	1.01608
128	71	0.981788
128	77	1.29272
128	82	1.02735
128	91	1.21313
128	97	0.97344
128	104	1.0363
128	106	1.03278
128	111	0.966619
128	134	1.01648
128	135	0.596232
128	136	0.0629175
128	137	0.977478
128	142	1.07189
128	145	0.981474
128	146	0.038055
128	154	0.989175
128	156	0.987187
128	159	0.954708
128	165	0.966087
128	170	0.900038
128	171	0.944184
128	175	0.914862
128	176	0.926389
128	177	0.871481
128	179	0.928487
129	3	1.08211
129	4	0.0323249
129	37	1.03426
129	42	1.06327
129	46	1.05973
129	50	1.03144
129	62	0.179862
129	64	1.03472
129	81	1.04835
129	84	1.06751
129	96	1.03739
129	105	0.884639
129	106	0.0347107
129	108	1.06402
129	111	1.33208
129	120	1.02901
129	122	1.05152
129	124	0.867632
129	126	0.995125
129	131	1.04115
129	133	1.04473
129	136	1.07279
129	148	1.07211
129	150	0.867706
129	152	0.74683
129	163	1.04468
129	169	1.07247
129	172	1.06484
129	173	1.07066
129	177	0.875376
129	178	5.15139
129	180	0.86842
130	7	0.884491
130	20	0.893503
130	30	1.10329
130	36	1.04993
130	39	1.03803
130	45	1.19836
130	51	0.961812
130	52	1.04273
130	68	0.907935
130	72	1.07596
130	78	0.967564
130	88	0.90703
130	92	1.03069
130	104	1.05825
130	105	0.902693
130	106	1.05473
130	111	0.988568
130	126	0.960014
130	135	0.607955
130	142	1.09384
130	143	0.473395
130	145	1.00342
130	152	1.01849
130	158	0.988287
130	168	1.02071
130	170	0.921988
130	172	0.269719
130	174	0.961479
130	175	0.936812
130	177	0.89343
130	178	0.92996
130	179	0.950437
130	180	0.886474
131	3	1.04264
131	10	1.02832
131	33	0.180049
131	37	0.994788
131	43	1.00817
131	71	1.05203
131	73	0.967133
131	90	1.00851
131	96	0.997921
131	97	1.80819
131	100	1.04668
131	111	1.98757
131	122	1.01205
131	125	0.664571
131	126	0.955657
131	129	1.04115
131	135	1.02987
131	136	1.03332
131	139	1.26324
131	140	0.997778
131	143	0.995884
131	144	0.849095
131	146	1.01362
131	148	1.03264
131	149	1.02068
131	151	1.01584
131	153	1.03523
131	160	1.02035
131	161	1.74235
131	163	1.00522
131	164	1.28485
131	169	1.033
131	173	1.0312
131	177	0.835908
131	180	0.828952
132	25	1.03062
132	27	1.05946
132	29	1.05271
132	33	1.13493
132	51	0.970598
132	60	1.02611
132	64	1.78971
132	68	0.916721
132	82	1.05809
132	98	0.935908
132	103	0.914258
132	108	0.905286
132	124	0.894472
132	125	1.06332
132	133	0.0703708
132	139	1.03606
132	141	1.02977
132	142	1.10262
132	145	1.01221
132	152	1.02727
132	153	0.384378
132	158	0.997073
132	160	0.0689955
132	164	1.03966
132	166	0.968463
132	167	0.904371
132	168	1.0295
132	170	0.930774
132	171	0.97492
132	172	0.441599
132	174	0.970265
132	175	0.945598
132	176	0.957125
132	178	0.938746
132	179	0.959223
133	30	1.07471
133	37	0.998366
133	53	1.00449
133	65	1.03563
133	77	1.01948
133	99	1.05533
133	101	0.757558
133	108	1.02813
133	114	1.0233
133	115	1.12494
133	120	0.993123
133	122	1.01563
133	126	0.959234
133	129	1.04473
133	132	0.0703708
133	134	1.16242
133	135	1.03344
133	136	1.0369
133	140	1.00136
133	141	1.66202
133	144	0.852672
133	146	1.0172
133	148	1.03622
133	149	1.02425
133	151	1.01942
133	153	1.03881
133	156	1.65074
133	163	1.00879
133	167	0.84164
133	169	1.03658
133	172	1.02895
133	173	1.03477
133	177	0.839485
133	179	3.59902
133	180	0.83253
134	11	0.902423
134	12	0.976651
134	27	0.97238
134	33	1.04785
134	44	1.12425
134	45	2.39892
134	48	1.0108
134	51	0.883514
134	55	0.880104
134	63	0.97043
134	65	1.188
134	66	0.991895
134	78	0.889266
134	92	0.952394
134	109	0.823381
134	111	0.91027
134	122	1.43986
134	125	0.976241
134	128	1.01648
134	133	1.16242
134	136	0.620451
134	139	0.94898
134	147	0.909768
134	150	0.955543
134	154	0.932827
134	155	0.983571
134	156	0.930839
