1	13	0.910015
1	16	0.933849
1	21	1.02335
1	45	0.962233
1	61	0.926988
1	121	0.951516
1	135	0.993929
1	141	1.01407
1	145	1.2306
1	157	0.932602
1	170	1.60823
1	173	0.963453
2	15	0.912315
2	19	1.02305
2	26	0.889944
2	27	0.997837
2	34	0.972051
2	42	0.96947
2	44	0.946299
2	70	1.27193
2	129	0.986041
2	134	0.923524
2	141	1.5117
2	177	0.983374
3	52	1.07286
3	59	1.05842
3	60	1.05836
3	64	1.0583
3	65	1.05825
3	114	1.07747
3	116	1.081
3	117	1.06917
3	118	1.06917
3	120	0.460244
3	151	0.513862
3	180	2.08716
4	10	0.94599
4	20	0.936117
4	39	0.922597
4	52	0.972867
4	53	0.980036
4	59	0.958427
4	60	0.958364
4	64	0.958307
4	65	0.958252
4	129	1.00996
4	162	0.706151
4	175	2.16074
5	12	1.01632
5	17	1.01192
5	21	1.00056
5	45	0.939439
5	61	0.904194
5	75	1.52608
5	121	0.928721
5	135	0.971135
5	141	0.991272
5	144	1.33658
5	157	0.909808
5	173	0.940659
6	25	1.05816
6	69	0.962345
6	113	1.07363
6	162	1.03178
6	170	0.955844
6	171	0.970697
6	172	0.947593
6	175	0.91229
6	176	0.920087
6	178	0.954588
6	179	0.933251
6	180	0.901247
7	88	0.96068
7	133	0.936343
7	138	0.911852
7	147	0.958914
7	149	0.978572
7	152	0.955271
7	161	0.963845
7	164	0.972709
7	167	0.981435
7	169	0.97667
7	172	1.67929
7	173	1.15937
8	41	0.986729
8	133	0.935053
8	136	1.62601
8	138	0.910563
8	139	0.964423
8	150	0.963817
8	155	0.942976
8	156	0.973149
8	161	0.962555
8	167	0.980145
8	169	0.97538
8	177	1.2309
9	112	0.939916
9	130	0.941966
9	139	0.9629
9	147	0.956103
9	155	0.941453
9	156	0.971627
9	161	0.961033
9	163	0.871534
9	164	0.969897
9	167	0.978623
9	169	0.973858
9	175	1.99969
10	4	0.94599
10	43	0.9822
10	50	0.982129
10	52	0.958454
10	53	0.965624
10	59	0.944015
10	60	0.943952
10	64	0.943894
10	65	0.94384
10	129	0.995547
10	148	0.855234
10	175	2.03124
11	19	1.10933
11	27	1.08412
11	28	1.11213
11	34	1.05834
11	42	1.05576
11	44	1.03259
11	129	1.07233
11	134	1.00981
11	137	1.03385
11	159	0.873737
11	168	1.11222
11	177	1.06966
12	5	1.01632
12	13	1.02689
12	40	0.567174
12	45	1.07911
12	61	1.04387
12	121	1.0684
12	135	1.11081
12	141	1.13095
12	145	1.30766
12	157	1.04948
12	160	1.1221
12	173	1.08033
13	1	0.910015
13	12	1.02689
13	21	1.01113
13	45	0.950011
13	61	0.914766
13	93	1.78871
13	121	0.939294
13	135	0.981707
13	141	1.00184
13	144	1.06885
13	157	0.92038
13	173	0.951231
14	18	0.924924
14	25	1.0009
14	91	0.964375
14	100	0.954899
14	107	0.983458
14	109	0.968149
14	114	0.953651
14	116	0.957184
14	117	0.945356
14	118	0.945356
14	126	1.38271
14	141	1.42281
15	2	0.912315
15	26	0.889693
15	27	0.997586
15	28	1.02559
15	34	0.9718
15	42	0.969219
15	44	0.946048
15	129	0.98579
15	134	0.923273
15	170	1.40381
15	177	0.983123
15	178	1.45095
16	1	0.933849
16	21	1.03496
16	45	0.973845
16	57	0.9505
16	121	0.963128
16	135	1.00554
16	141	1.02568
16	154	1.39216
16	157	0.944214
16	162	1.26082
16	173	0.975065
17	5	1.01192
17	23	1.05988
17	45	1.07471
17	47	1.05007
17	61	1.03946
17	84	0.901589
17	121	1.06399
17	135	1.1064
17	141	1.12654
17	157	1.04507
17	159	1.09069
17	173	1.07593
18	14	0.924924
18	31	0.901188
18	75	1.59272
18	86	1.24952
18	90	0.981781
18	100	0.967064
18	107	0.995623
18	109	0.980315
18	114	0.965816
18	116	0.969349
18	117	0.957521
18	118	0.957521
19	2	1.02305
19	11	1.10933
19	26	1.00042
19	27	1.10832
19	42	1.07995
19	44	1.05678
19	129	1.09652
19	134	1.03401
19	151	0.913308
19	162	0.916393
19	163	1.24283
19	177	1.09386
20	4	0.936117
20	39	0.898311
20	43	0.972327
20	50	0.972256
20	52	0.948581
20	53	0.955751
20	59	0.934142
20	60	0.934079
20	64	0.934021
20	65	0.933967
20	99	1.40993
20	129	0.985674
20	148	1.65224
21	1	1.02335
21	5	1.00056
21	13	1.01113
21	16	1.03496
21	57	1.04
21	61	1.0281
21	121	1.05263
21	141	1.11518
21	148	0.917025
21	157	1.03371
21	170	1.16754
21	173	1.06457
21	178	1.21469
22	80	1.03147
22	85	0.586088
22	90	1.05066
22	91	1.04542
22	100	1.03594
22	107	1.0645
22	109	1.04919
22	114	1.03469
22	116	1.03823
22	117	1.0264
22	118	1.0264
22	143	0.759438
22	176	1.87584
23	17	1.05988
23	61	0.952158
23	111	1.00843
23	135	1.0191
23	157	0.957772
23	162	0.988368
23	167	1.14811
23	173	0.988623
23	174	0.90679
23	175	0.868876
23	178	0.911174
23	179	0.889837
23	180	0.857833
24	36	0.507929
24	72	1.04778
24	119	1.0289
24	123	1.06224
24	139	1.03736
24	147	1.03056
24	150	1.03675
24	152	1.02692
24	161	1.03549
24	162	1.04472
24	164	1.04436
24	169	1.04832
24	174	1.65535
25	6	1.05816
25	14	1.0009
25	78	1.03674
25	91	1.05251
25	94	1.05933
25	100	1.04304
25	109	1.05629
25	114	1.04179
25	116	1.04532
25	117	1.03349
25	118	1.03349
25	143	0.934108
25	153	1.02795
26	2	0.889944
26	15	0.889693
26	19	1.00042
26	27	0.975215
26	28	1.00322
26	34	0.949429
26	42	0.946848
26	44	0.923677
26	129	0.963419
26	134	0.900902
26	138	1.84953
26	157	1.23239
26	177	0.960752
27	2	0.997837
27	11	1.08412
27	15	0.997586
27	19	1.10832
27	26	0.975215
27	34	1.05732
27	44	1.03157
27	113	0.562472
27	129	1.07131
27	134	1.0088
27	157	1.09327
27	177	1.06865
27	179	1.59451
28	11	1.11213
28	15	1.02559
28	26	1.00322
28	34	1.08532
28	42	1.08274
28	44	1.05957
28	103	0.496645
28	129	1.09931
28	134	1.0368
28	165	1.16622
28	174	1.39218
28	177	1.09665
29	34	1.10651
29	72	1.06315
29	128	0.984549
29	142	1.0407
29	146	1.05297
29	163	0.951145
29	170	0.925094
29	171	0.939947
29	174	0.919454
29	176	0.889338
29	178	0.923838
29	179	0.902502
29	180	0.870497
30	77	1.02168
30	101	1.01708
30	113	1.01866
30	133	0.988183
30	140	1.05088
30	145	1.42592
30	147	1.01075
30	149	1.03041
30	152	1.00711
30	155	0.996105
30	161	1.01569
30	167	1.03327
30	169	1.02851
30	177	0.991623
31	18	0.901188
31	35	0.953907
31	49	0.931242
31	78	0.924863
31	94	0.947451
31	100	0.931163
31	107	0.959722
31	109	0.944413
31	114	0.929915
31	116	0.933448
31	117	0.92162
31	118	0.92162
31	135	1.60013
31	177	1.62705
32	46	0.743848
32	95	0.729805
32	124	1.00764
32	127	1.0011
32	133	0.99201
32	147	1.01458
32	149	1.03424
32	155	0.999933
32	156	1.03011
32	161	1.01951
32	164	1.02838
32	167	1.0371
32	169	1.03234
32	176	1.93022
33	49	1.01409
33	78	1.00771
33	90	1.02873
33	94	1.0303
33	100	1.01401
33	107	1.04257
33	109	1.02726
33	114	1.01276
33	116	1.0163
33	117	1.00447
33	118	1.00447
33	144	0.878696
33	153	0.99933
33	174	1.57223
34	2	0.972051
34	11	1.05834
34	15	0.9718
34	26	0.949429
34	27	1.05732
34	28	1.08532
34	29	1.10651
34	42	1.02896
34	44	1.00578
34	58	0.679772
34	129	1.04553
34	134	0.98301
34	177	1.04286
34	178	1.43595
35	31	0.953907
35	49	1.01986
35	56	0.958569
35	66	0.771825
35	90	1.0345
35	91	1.02926
35	94	1.03607
35	96	1.60489
35	100	1.01978
35	107	1.04834
35	114	1.01853
35	116	1.02207
35	117	1.01024
35	118	1.01024
36	24	0.507929
36	45	0.989236
36	112	0.93459
36	158	1.07034
36	163	1.0397
36	168	1.04216
36	170	1.01365
36	174	1.00801
36	175	0.970099
36	176	0.977896
36	177	1.1146
36	178	1.0124
36	179	0.991061
36	180	0.959056
37	78	1.00705
37	90	1.02806
37	91	1.02282
37	94	1.02963
37	100	1.01335
37	107	1.04191
37	109	1.0266
37	114	1.0121
37	116	1.01563
37	117	1.0038
37	118	1.0038
37	125	1.30236
37	142	1.05924
37	177	1.0829
38	41	1.00633
38	101	1.36757
38	157	0.976686
38	159	0.999599
38	166	0.962556
38	168	0.959851
38	170	0.931344
38	171	0.946197
38	172	0.923093
38	175	0.88779
38	176	0.895588
38	178	0.930088
38	179	0.908752
38	180	0.876747
39	4	0.922597
39	20	0.898311
39	43	0.958807
39	50	0.958737
39	52	0.935061
39	53	0.942231
39	59	0.920622
39	60	0.920559
39	64	0.920501
39	65	0.920447
39	87	1.39417
39	88	0.936334
39	129	0.972154
39	148	1.88285
40	12	0.567174
40	53	0.945268
40	91	1.07939
40	104	0.88877
40	109	1.08316
40	114	1.06866
40	117	1.06037
40	118	1.06037
40	172	0.989281
40	174	0.991892
40	175	0.953978
40	178	0.996276
40	179	0.97494
40	180	0.942935
41	8	0.986729
41	38	1.00633
41	81	1.01719
41	110	0.998286
41	111	1.03597
41	119	1.01179
41	123	1.04513
41	147	1.01345
41	155	0.998799
41	160	0.834995
41	164	1.02724
41	167	1.03597
41	169	1.0312
41	170	1.39819
42	2	0.96947
42	11	1.05576
42	15	0.969219
42	19	1.07995
42	26	0.946848
42	28	1.08274
42	34	1.02896
42	44	1.0032
42	129	1.04295
42	134	0.980429
42	138	1.52828
42	148	0.914725
42	171	1.09719
42	177	1.04028
43	10	0.9822
43	20	0.972327
43	39	0.958807
43	50	1.03275
43	52	1.00908
43	53	1.01625
43	58	1.37477
43	59	0.994637
43	60	0.994574
43	64	0.994516
43	65	0.994462
43	70	1.02706
43	73	1.15849
43	88	1.01035
43	129	1.04617
44	2	0.946299
44	11	1.03259
44	15	0.946048
44	19	1.05678
44	26	0.923677
44	27	1.03157
44	28	1.05957
44	34	1.00578
44	42	1.0032
44	92	0.98287
44	122	0.856201
44	129	1.01977
44	134	0.957258
44	138	1.85233
44	177	1.01711
45	1	0.962233
45	5	0.939439
45	12	1.07911
45	13	0.950011
45	16	0.973845
45	17	1.07471
45	36	0.989236
45	61	0.966984
45	121	0.991512
45	126	1.19807
45	135	1.03393
45	141	1.05406
45	142	1.21954
45	157	0.972598
45	173	1.00345
46	32	0.743848
46	52	1.1169
46	100	0.724211
46	154	1.05715
46	160	1.07307
46	166	1.02723
46	168	1.02452
46	170	0.996014
46	171	1.01087
46	172	0.987763
46	175	0.95246
46	176	0.960258
46	178	0.994758
46	179	0.973422
46	180	0.941417
47	17	1.05007
47	86	1.06643
47	114	0.741102
47	125	1.05653
47	142	1.08065
47	147	0.736545
47	151	1.04925
47	159	1.03329
47	166	0.99625
47	170	0.965038
47	171	0.979891
47	172	0.956787
47	178	0.963782
47	179	0.942446
47	180	0.910442
48	62	1.04024
48	98	0.993863
48	101	0.992649
48	123	1.018
48	131	1.1088
48	136	1.48912
48	139	0.993123
48	142	1.07035
48	150	0.992517
48	152	0.982682
48	155	0.971676
48	156	1.00185
48	164	1.00012
48	167	1.00885
48	169	1.00408
49	31	0.931242
49	33	1.01409
49	35	1.01986
49	87	0.894774
49	90	1.01184
49	91	1.00659
49	94	1.01341
49	107	1.02568
49	109	1.01037
49	114	0.995869
49	116	0.999403
49	117	0.987575
49	118	0.987575
49	154	1.23621
49	171	1.56591
50	10	0.982129
50	20	0.972256
50	39	0.958737
50	43	1.03275
50	52	1.00901
50	53	1.01618
50	55	1.29935
50	59	0.994567
50	60	0.994504
50	64	0.994446
50	65	0.994392
50	88	1.01028
50	129	1.0461
50	138	1.36986
50	178	1.05396
51	62	1.04072
51	73	0.77423
51	111	1.00932
51	115	1.0045
51	119	0.985142
51	124	0.979865
51	139	0.993601
51	147	0.986804
51	152	0.98316
51	156	1.00233
51	162	1.17044
51	164	1.0006
51	167	1.00932
51	169	1.00456
51	170	1.69953
52	3	1.07286
52	4	0.972867
52	10	0.958454
52	20	0.948581
52	39	0.935061
52	43	1.00908
52	46	1.1169
52	50	1.00901
52	53	0.992501
52	59	0.970892
52	60	0.970829
52	64	0.970771
52	65	0.970717
52	99	1.27926
52	129	1.02242
52	151	1.2399
53	4	0.980036
53	10	0.965624
53	20	0.955751
53	39	0.942231
53	40	0.945268
53	43	1.01625
53	50	1.01618
53	52	0.992501
53	59	0.978061
53	60	0.977998
53	64	0.977941
53	65	0.977886
53	88	0.993773
53	103	1.24938
53	129	1.02959
53	144	1.45139
54	57	0.980694
54	74	0.741351
54	80	0.922548
54	125	1.06324
54	158	1.02844
54	159	1.04
54	162	1.04769
54	166	1.00296
54	171	0.986602
54	172	0.963498
54	174	0.966109
54	175	0.928195
54	176	0.935992
54	178	0.970493
54	179	0.949156
54	180	0.917152
55	50	1.29935
55	115	0.958105
55	118	1.68532
55	119	0.938743
55	141	1.00118
55	148	0.930907
55	156	0.955928
55	161	0.945334
55	166	0.905584
55	167	0.962924
55	169	0.958159
55	172	0.866122
55	175	0.830819
55	178	0.873117
55	179	0.85178
55	180	0.819776
56	35	0.958569
56	57	1.08741
56	122	1.07407
56	129	0.781756
56	154	1.03595
56	162	1.05076
56	163	1.00087
56	165	0.989488
56	170	0.974819
56	171	0.989672
56	172	0.966568
56	175	0.931265
56	176	0.939062
56	178	0.973563
56	179	0.952226
56	180	0.920222
57	16	0.9505
57	21	1.04
57	54	0.980694
57	56	1.08741
57	61	0.943639
57	97	1.35045
57	119	0.96828
57	135	1.01058
57	141	1.03072
57	156	0.985466
57	157	0.949253
57	161	0.974872
57	164	0.983736
57	167	0.992462
57	169	0.987697
57	173	0.980104
58	34	0.679772
58	43	1.37477
58	68	0.938505
58	157	1.02358
58	158	1.03493
58	162	1.05418
58	166	1.00945
58	168	1.00675
58	171	0.993091
58	172	0.969988
58	174	0.972599
58	175	0.934685
58	176	0.942482
58	178	0.976982
58	179	0.955646
58	180	0.923642
59	3	1.05842
59	4	0.958427
59	10	0.944015
59	20	0.934142
59	39	0.920622
59	43	0.994637
59	50	0.994567
59	52	0.970892
59	53	0.978061
59	60	0.956389
59	64	0.956332
59	65	0.956277
59	88	0.972164
59	113	1.07791
59	129	1.00798
59	144	1.25081
59	165	1.71837
60	3	1.05836
60	4	0.958364
60	10	0.943952
60	20	0.934079
60	39	0.920559
60	43	0.994574
60	50	0.994504
60	52	0.970829
60	53	0.977998
60	59	0.956389
60	64	0.956269
60	65	0.956214
60	88	0.972101
60	129	1.00792
60	134	1.42971
60	151	1.31325
60	162	1.31633
61	1	0.926988
61	5	0.904194
61	12	1.04387
61	13	0.914766
61	17	1.03946
61	21	1.0281
61	23	0.952158
61	45	0.966984
61	57	0.943639
61	75	0.881198
61	121	0.956267
61	135	0.99868
61	136	0.88688
61	141	1.01882
61	157	0.937353
61	173	0.968204
61	180	2.34481
62	48	1.04024
62	51	1.04072
62	80	1.04014
62	87	1.13
62	106	1.0262
62	111	1.06078
62	126	1.01214
62	130	1.02412
62	131	1.07205
62	149	1.05792
62	150	1.04445
62	155	1.02361
62	156	1.05379
62	161	1.04319
62	164	1.05206
62	167	1.06078
62	169	1.05602
63	121	0.876572
63	123	0.920127
63	137	0.997154
63	153	1.03405
63	155	0.953997
63	158	1.01122
63	159	1.02278
63	165	0.969196
63	166	0.985738
63	168	0.983034
63	173	1.03072
63	174	0.948887
63	175	0.910973
63	176	0.91877
63	178	0.953271
63	179	0.931934
63	180	0.89993
64	3	1.0583
64	4	0.958307
64	10	0.943894
64	20	0.934021
64	39	0.920501
64	43	0.994516
64	50	0.994446
64	52	0.970771
64	53	0.977941
64	59	0.956332
64	60	0.956269
64	65	0.956156
64	88	0.972044
64	128	1.4418
64	129	1.00786
64	146	1.12525
64	168	1.47089
65	3	1.05825
65	4	0.958252
65	10	0.94384
65	20	0.933967
65	39	0.920447
65	43	0.994462
65	50	0.994392
65	52	0.970717
65	53	0.977886
65	59	0.956277
65	60	0.956214
65	64	0.956156
65	88	0.971989
65	103	0.732276
65	129	1.00781
65	131	0.74914
65	180	2.5874
66	35	0.771825
66	108	1.07077
66	127	0.66676
66	130	0.740315
66	155	0.557964
66	160	1.11183
66	165	1.04945
66	166	1.06599
66	170	1.03478
66	171	1.04963
66	172	1.02653
66	174	1.02914
66	176	0.999025
66	177	1.13573
66	178	1.03353
66	179	1.01219
66	180	0.980185
67	69	1.05383
67	76	1.26794
67	89	1.05879
67	95	0.993997
67	111	1.04159
67	112	1.00289
67	133	0.996501
67	139	1.02587
67	141	0.84626
67	147	1.01907
67	150	1.02526
67	155	1.00442
67	156	1.0346
67	161	1.024
67	164	1.03287
67	167	1.04159
67	168	1.32805
67	169	1.03683
68	58	0.938505
68	82	1.03336
68	98	1.03173
68	101	1.03052
68	119	1.02253
68	130	1.01006
68	133	1.00162
68	149	1.04385
68	152	1.02055
68	155	1.00954
68	156	1.03972
68	157	1.39343
68	159	1.07387
68	161	1.02912
68	164	1.03799
68	167	1.04671
68	169	1.04195
68	177	0.835602
69	6	0.962345
69	67	1.05383
69	70	0.366761
69	77	1.03003
69	83	1.0285
69	104	1.01857
69	115	1.0368
69	119	1.01744
69	150	1.02529
69	152	1.01546
69	155	1.00445
69	156	1.03463
69	161	1.02403
69	164	1.0329
69	167	1.04162
69	169	1.03686
69	173	0.90976
69	176	1.95469
70	2	1.27193
70	43	1.02706
70	69	0.366761
70	105	1.05862
70	112	0.943747
70	148	1.05581
70	151	1.08348
70	153	1.07879
70	154	1.06041
70	163	1.02532
70	165	1.01394
70	170	0.999272
70	172	0.991021
70	174	0.993632
70	175	0.955718
70	176	0.963515
70	178	0.998016
70	179	0.976679
70	180	0.944675
71	75	0.983987
71	78	0.902919
71	129	1.16077
71	136	0.997916
71	137	0.972185
71	148	0.986091
71	153	1.00908
71	156	1.10425
71	162	1.0055
71	165	0.944227
71	168	0.958064
71	172	0.921307
71	173	1.00575
71	174	0.923918
71	175	0.886004
71	176	0.893801
71	178	0.928302
71	179	0.906965
71	180	0.874961
72	24	1.04778
72	29	1.06315
72	89	1.04128
72	110	0.986398
72	112	0.985374
72	123	1.03324
72	130	0.987424
72	139	1.00836
72	149	1.02122
72	150	1.00775
72	152	0.997917
72	153	0.85407
72	154	0.94768
72	156	1.01708
72	161	1.00649
72	164	1.01536
72	167	1.02408
72	169	1.01932
72	179	1.59258
73	43	1.15849
73	51	0.77423
73	108	1.03426
73	110	0.947838
73	128	1.05772
73	132	1.10684
73	162	1.0742
73	163	1.02432
73	164	0.501769
73	165	1.01293
73	170	0.998265
73	172	0.990014
73	173	1.07446
73	174	0.992625
73	175	0.954711
73	176	0.962509
73	178	0.997009
73	179	0.975673
73	180	0.943668
74	54	0.741351
74	82	1.00188
74	86	0.846785
74	123	1.02439
74	127	0.979224
74	130	0.978572
74	133	0.970137
74	140	1.03283
74	147	0.992709
74	149	1.01237
74	150	0.9989
74	152	0.989065
74	155	0.978059
74	156	1.00823
74	157	1.35839
74	161	0.997639
74	164	1.0065
74	167	1.01523
74	169	1.01046
74	174	1.69402
75	5	1.52608
75	18	1.59272
75	61	0.881198
75	71	0.983987
75	98	0.98028
75	102	0.982156
75	119	0.971082
75	147	0.972743
75	149	0.992401
75	164	0.986538
75	167	0.995263
75	168	0.935219
75	169	0.990498
75	170	0.906712
75	172	0.898461
75	174	0.901073
75	175	0.863158
75	178	0.905456
75	179	0.88412
75	180	0.852115
76	67	1.26794
76	127	1.22264
76	128	0.979381
76	149	1.08151
76	153	0.999448
76	154	0.981061
76	157	0.965269
76	158	0.976617
76	160	0.996979
76	162	0.995865
76	165	0.934596
76	166	0.951138
76	168	0.948434
76	172	0.911676
76	174	0.914287
76	175	0.876373
76	176	0.88417
76	178	0.918671
76	179	0.897334
76	180	0.86533
77	30	1.02168
77	69	1.03003
77	89	1.03499
77	103	0.851675
77	124	0.98833
77	130	0.981132
77	133	0.972697
77	138	0.948206
77	145	1.28804
77	147	0.995268
77	150	1.00146
77	152	0.991625
77	155	0.980619
77	156	1.01079
77	158	1.20517
77	161	1.0002
77	164	1.00906
77	165	1.52125
77	167	1.01779
77	169	1.01302
78	25	1.03674
78	31	0.924863
78	33	1.00771
78	37	1.00705
78	71	0.902919
78	80	0.986268
78	85	0.529774
78	90	1.00546
78	91	1.00021
78	93	1.39619
78	94	1.00703
78	100	0.990739
78	103	1.06881
78	107	1.0193
78	109	1.00399
78	114	0.98949
78	116	0.993023
78	117	0.981196
78	118	0.981196
78	176	1.81953
79	114	1.63908
79	120	0.970954
79	145	0.91108
79	146	0.994737
79	148	0.923394
79	154	0.927995
79	158	0.923551
79	159	0.935115
79	162	0.942799
79	164	1.71077
79	165	0.88153
79	170	0.866861
79	171	0.881714
79	174	0.861221
79	175	0.823307
79	176	0.831104
79	178	0.865605
79	179	0.844268
79	180	0.812264
80	22	1.03147
80	54	0.922548
80	62	1.04014
80	78	0.986268
80	86	1.02798
80	100	0.992569
80	107	1.02113
80	109	1.00582
80	115	1.00392
80	116	0.994854
80	117	0.983026
80	118	0.983026
80	127	0.972737
80	133	0.96365
80	143	1.20848
80	149	1.00588
80	164	1.00002
80	167	1.00874
80	168	1.45851
80	169	1.00398
81	41	1.01719
81	83	0.997485
81	89	1.02781
81	98	0.995627
81	111	1.01061
81	115	1.00579
81	125	1.11642
81	127	0.974605
81	135	0.870037
81	139	0.994887
81	140	1.02821
81	147	0.988089
81	150	0.994281
81	152	0.984446
81	155	0.97344
81	161	0.99302
81	162	1.17979
81	167	1.01061
81	169	1.00584
81	172	1.71507
82	68	1.03336
82	74	1.00188
82	98	1.00105
82	101	0.999838
82	104	0.992981
82	110	0.978352
82	112	0.977328
82	119	0.991854
82	134	1.17579
82	149	1.01317
82	150	0.999707
82	152	0.989871
82	154	1.19376
82	155	0.978865
82	156	1.00904
82	158	1.13101
82	163	1.38885
82	164	1.00731
82	167	1.01603
82	169	1.01127
83	69	1.0285
83	81	0.997485
83	103	1.0982
83	104	0.993207
83	115	1.01144
83	130	0.979604
83	132	1.08892
83	133	0.971169
83	138	0.946678
83	140	1.03386
83	143	1.32701
83	149	1.0134
83	150	0.999932
83	155	0.979091
83	156	1.00926
83	159	1.33855
83	161	0.998671
83	164	1.00754
83	167	1.01626
83	169	1.0115
84	17	0.901589
84	89	0.434315
84	90	1.02102
84	117	0.999228
84	148	1.03202
84	151	1.05969
84	153	1.05501
84	154	1.03662
84	158	1.03217
84	162	1.05142
84	163	1.00154
84	165	0.990154
84	170	0.975485
84	172	0.967234
84	175	0.931931
84	176	0.939728
84	177	1.07643
84	178	0.974229
84	179	0.952892
84	180	0.920888
85	22	0.586088
85	78	0.529774
85	122	1.13349
85	129	0.787621
85	133	0.957325
85	159	1.10249
85	160	1.11129
85	163	1.06029
85	166	1.06545
85	167	0.709113
85	168	1.06274
85	170	1.03424
85	171	1.04909
85	172	1.02599
85	173	1.11043
85	174	1.0286
85	175	0.990684
85	176	0.998481
85	178	1.03298
85	179	1.01165
85	180	0.979641
86	18	1.24952
86	47	1.06643
86	74	0.846785
86	80	1.02798
86	120	1.05776
86	143	1.0353
86	145	0.99789
86	148	1.0102
86	153	1.03319
86	158	1.01036
86	161	0.866207
86	163	0.979721
86	168	0.982177
86	170	0.95367
86	171	0.968523
86	174	0.94803
86	176	0.917913
86	177	1.05462
86	178	0.952414
86	179	0.931077
86	180	0.899073
87	39	1.39417
87	49	0.894774
87	62	1.13
87	96	0.995282
87	115	0.551932
87	143	1.0451
87	145	1.00769
87	151	1.04768
87	159	1.03172
87	160	1.04052
87	162	1.0394
87	163	0.989518
87	165	0.978136
87	168	0.991974
87	171	0.97832
87	172	0.955216
87	174	0.957827
87	176	0.92771
87	178	0.962211
87	179	0.940875
87	180	0.90887
88	7	0.96068
88	39	0.936334
88	43	1.01035
88	50	1.01028
88	53	0.993773
88	59	0.972164
88	60	0.972101
88	64	0.972044
88	65	0.971989
88	92	1.30121
88	129	1.0237
88	135	0.968777
88	139	0.992908
88	144	0.990492
88	147	0.986111
88	161	0.991041
88	164	0.999906
88	167	1.00863
88	169	1.00387
88	170	1.80763
88	177	0.995696
89	67	1.05879
89	72	1.04128
89	77	1.03499
89	81	1.02781
89	84	0.434315
89	106	0.354083
89	115	1.04177
89	123	1.05574
89	130	1.00993
89	133	1.00149
89	140	1.06418
89	148	0.946564
89	149	1.04372
89	150	1.03026
89	152	1.02042
89	155	1.00941
89	156	1.03959
89	161	1.02899
89	167	1.04658
89	169	1.04182
89	175	2.12257
89	179	1.44422
90	18	0.981781
90	22	1.05066
90	33	1.02873
90	35	1.0345
90	37	1.02806
90	49	1.01184
90	78	1.00546
90	84	1.02102
90	91	1.02123
90	92	1.0132
90	94	1.02804
90	100	1.01176
90	103	1.08983
90	107	1.04032
90	109	1.02501
90	114	1.01051
90	116	1.01404
90	117	1.00221
90	118	1.00221
90	122	1.1507
90	134	1.36806
90	135	0.944936
90	177	0.971855
91	14	0.964375
91	22	1.04542
91	25	1.05251
91	35	1.02926
91	37	1.02282
91	40	1.07939
91	49	1.00659
91	78	1.00021
91	90	1.02123
91	93	1.41509
91	94	1.0228
91	100	1.00651
91	103	1.08459
91	107	1.03507
91	109	1.01976
91	114	1.00527
91	116	1.0088
91	117	0.996972
91	118	0.996972
91	136	0.890415
91	154	0.909476
91	171	1.23918
91	172	1.31342
92	44	0.98287
92	88	1.30121
92	90	1.0132
92	94	1.01478
92	100	0.998487
92	107	1.02705
92	109	1.01174
92	114	0.997238
92	116	1.00077
92	117	0.988944
92	118	0.988944
92	149	0.970376
92	154	0.987243
92	160	1.00316
92	163	0.95216
92	164	0.920655
92	166	0.95732
92	168	0.954616
92	174	0.920469
92	175	0.882555
92	178	0.924853
92	179	0.903516
92	180	0.871512
93	13	1.78871
93	78	1.39619
93	91	1.41509
93	105	0.941485
93	139	0.954969
93	140	0.988293
93	144	0.952553
93	147	0.948172
93	150	0.954363
93	156	0.963696
93	164	0.961966
93	165	0.89681
93	167	0.970692
93	168	0.910648
93	169	0.965927
93	172	0.87389
93	174	0.876501
93	175	0.838587
93	176	0.846384
93	177	0.98309
93	178	0.880885
93	179	0.859548
93	180	0.827544
94	25	1.05933
94	31	0.947451
94	33	1.0303
94	35	1.03607
94	37	1.02963
94	49	1.01341
94	78	1.00703
94	90	1.02804
94	91	1.0228
94	92	1.01478
94	100	1.01333
94	103	1.0914
94	107	1.04189
94	109	1.02658
94	114	1.01208
94	116	1.01561
94	117	1.00378
94	118	1.00378
94	144	0.960867
94	151	1.04069
94	159	0.999209
94	165	1.42843
94	168	1.23769
95	32	0.729805
95	67	0.993997
95	97	1.05579
95	123	0.806035
95	136	1.05653
95	145	1.03239
95	150	0.820948
95	151	1.07238
95	154	1.04931
95	159	1.05643
95	160	1.06523
95	163	1.01422
95	165	1.00284
95	166	1.01938
95	167	0.798445
95	168	1.01668
95	170	0.988173
95	171	1.00303
95	174	0.982533
95	175	0.944619
95	176	0.952416
95	178	0.986917
95	179	0.965581
95	180	0.933576
96	35	1.60489
96	87	0.995282
96	100	1.2613
96	131	1.00175
96	143	0.965728
96	145	0.928318
96	146	1.01198
96	148	0.940632
96	153	0.963619
96	154	0.945232
96	160	0.961151
96	162	0.960036
96	163	0.910149
96	164	1.30898
96	165	0.898768
96	171	0.898951
96	172	0.875847
96	174	0.878459
96	175	0.840544
96	176	0.848342
96	178	0.882842
96	179	0.861506
96	180	0.829502
97	57	1.35045
97	95	1.05579
97	99	0.987559
97	102	0.990905
97	122	1.01915
97	125	1.0114
97	136	0.988259
97	137	0.962529
97	146	1.04778
97	147	0.849442
97	158	0.976591
97	160	0.996953
97	163	0.945952
97	166	0.951113
97	168	0.948408
97	169	0.930311
97	171	0.934754
97	172	0.91165
97	175	0.876347
97	176	0.884145
97	177	1.02085
97	178	0.918645
97	179	0.897309
97	180	0.865304
98	48	0.993863
98	68	1.03173
98	75	0.98028
98	81	0.995627
98	82	1.00105
98	112	0.975696
98	115	1.00958
98	119	0.990221
98	123	1.02356
98	124	0.984944
98	127	0.978397
98	140	1.032
98	149	1.01154
98	150	0.998074
98	152	0.988238
98	155	0.977233
98	157	1.17925
98	160	0.870156
98	161	0.996812
98	164	1.00568
98	166	1.17465
98	167	1.0144
98	169	1.00964
98	171	1.3653
98	174	1.51488
99	20	1.40993
99	52	1.27926
99	97	0.987559
99	121	0.938878
99	125	1.01144
99	126	1.00266
99	131	1.03759
99	132	1.02851
99	145	0.96416
99	157	0.965283
99	158	0.976631
99	160	0.996993
99	162	0.995879
99	163	0.945991
99	166	0.951152
99	168	0.948447
99	169	0.938869
99	170	0.919941
99	172	0.91169
99	174	0.914301
99	175	0.876387
99	176	0.884184
99	178	0.918685
99	179	0.897348
99	180	0.865344
100	14	0.954899
100	18	0.967064
100	22	1.03594
100	25	1.04304
100	31	0.931163
100	33	1.01401
100	35	1.01978
100	37	1.01335
100	46	0.724211
100	78	0.990739
100	80	0.992569
100	90	1.01176
100	91	1.00651
100	92	0.998487
100	94	1.01333
100	96	1.2613
100	105	1.12683
100	107	1.0256
100	109	1.01029
100	114	0.995791
100	116	0.999324
100	117	0.987496
100	118	0.987496
100	166	1.12069
100	178	1.42654
101	30	1.01708
101	38	1.36757
101	48	0.992649
101	68	1.03052
101	82	0.999838
101	110	0.975506
101	112	0.974482
101	123	1.02235
101	124	0.98373
101	127	0.977183
101	131	0.962286
101	140	1.03079
101	144	0.995049
101	145	1.38179
101	149	1.01033
101	150	0.99686
101	152	0.987025
101	155	0.976019
101	156	1.00619
101	159	1.18577
101	161	0.995598
101	164	1.00446
101	167	1.01319
101	169	1.00842
101	177	0.947498
102	75	0.982156
102	97	0.990905
102	111	1.01628
102	112	0.977571
102	115	1.01146
102	123	1.02543
102	127	0.980273
102	128	1.12801
102	130	0.979621
102	133	0.971186
102	139	1.00056
102	140	1.03388
102	146	0.811468
102	147	0.993758
102	149	1.01342
102	150	0.999949
102	152	0.990114
102	155	0.979108
102	156	1.00928
102	161	0.998688
102	164	1.00755
102	167	1.01628
102	169	1.01151
102	171	1.42423
102	178	1.53943
103	28	0.496645
103	53	1.24938
103	65	0.732276
103	77	0.851675
103	78	1.06881
103	83	1.0982
103	90	1.08983
103	91	1.08459
103	94	1.0914
103	107	1.10367
103	109	1.08836
103	114	1.07386
103	116	1.0774
103	117	1.06557
103	118	1.06557
103	137	1.04536
103	147	0.536818
103	158	1.05942
103	163	1.02878
103	170	1.00273
103	174	0.997093
103	175	0.959179
103	176	0.966976
103	178	1.00148
103	179	0.98014
103	180	0.948136
104	40	0.88877
104	69	1.01857
104	82	0.992981
104	83	0.993207
104	110	0.968648
104	111	1.00633
104	113	1.22199
104	115	1.00151
104	123	1.01549
104	126	1.14983
104	127	0.970326
104	130	0.969675
104	133	0.961239
104	137	1.59334
104	138	0.936749
104	140	1.02393
104	142	1.1713
104	147	0.983811
104	149	1.00347
104	150	0.990003
104	155	0.969162
104	156	0.999335
104	161	0.988741
104	164	0.997606
104	167	1.00633
104	169	1.00157
105	70	1.05862
105	93	0.941485
105	100	1.12683
105	116	1.03389
105	122	1.01088
105	137	0.954255
105	148	0.968161
105	153	0.991148
105	154	0.972761
105	158	0.968317
105	159	0.979882
105	162	0.987565
105	163	0.937678
105	165	0.926297
105	166	0.942839
105	167	1.21511
105	169	1.17914
105	170	0.911627
105	171	0.92648
105	174	0.905988
105	175	0.868074
105	176	0.875871
105	177	1.01258
105	178	0.910371
105	179	0.889035
105	180	0.857031
106	62	1.0262
106	89	0.354083
106	107	0.82182
106	110	1.03014
106	113	1.11
106	123	0.632261
106	126	1.07494
106	129	0.703179
106	132	1.10079
106	142	1.10783
106	146	1.1201
106	151	1.07643
106	153	1.07174
106	158	1.04891
106	162	1.06816
106	163	1.01827
106	165	1.00689
106	166	1.02343
106	170	0.99222
106	171	1.00707
106	172	0.983969
106	174	0.986581
106	175	0.948666
106	176	0.956464
106	178	0.990964
106	179	0.969628
106	180	0.937624
107	14	0.983458
107	18	0.995623
107	22	1.0645
107	31	0.959722
107	33	1.04257
107	35	1.04834
107	37	1.04191
107	49	1.02568
107	78	1.0193
107	80	1.02113
107	90	1.04032
107	91	1.03507
107	92	1.02705
107	94	1.04189
107	100	1.0256
107	103	1.10367
107	106	0.82182
107	109	1.03885
107	114	1.02435
107	116	1.02788
107	117	1.01606
107	118	1.01606
107	120	1.07902
107	125	1.07234
107	144	1.05281
107	154	1.26706
107	158	1.20431
108	66	1.07077
108	73	1.03426
108	118	1.13037
108	121	1.16928
108	122	0.987528
108	123	1.21283
108	125	0.97977
108	128	0.947729
108	134	0.929374
108	142	1.00388
108	153	0.967795
108	156	1.22724
108	158	0.944964
108	159	0.956529
108	162	0.964212
108	165	0.902944
108	168	0.916781
108	170	0.888274
108	171	0.903127
108	172	0.880023
108	173	0.964467
108	174	0.882635
108	175	0.84472
108	176	0.852518
108	177	0.989224
108	178	0.887018
108	179	0.865682
108	180	0.833677
109	14	0.968149
109	18	0.980315
109	22	1.04919
109	25	1.05629
109	31	0.944413
109	33	1.02726
109	37	1.0266
109	40	1.08316
109	49	1.01037
109	78	1.00399
109	80	1.00582
109	90	1.02501
109	91	1.01976
109	92	1.01174
109	94	1.02658
109	100	1.01029
109	103	1.08836
109	107	1.03885
109	114	1.00904
109	116	1.01257
109	117	1.00075
109	118	1.00075
109	125	0.897026
109	151	0.957317
109	157	1.23539
109	160	0.926302
109	171	1.42144
109	172	1.49568
110	41	0.998286
110	72	0.986398
110	73	0.947838
110	82	0.978352
110	101	0.975506
110	104	0.968648
110	106	1.03014
110	112	0.952996
110	119	0.967521
110	123	1.00086
110	124	0.962244
110	127	0.955698
110	130	0.955046
110	133	0.946611
110	137	1.45959
110	139	0.97598
110	146	1.19232
110	147	0.969182
110	149	0.98884
110	150	0.975374
110	152	0.965539
110	155	0.954533
110	156	0.984706
110	161	0.974113
110	164	0.982977
110	166	1.61444
110	167	0.991703
110	169	0.986937
111	23	1.00843
111	41	1.03597
111	51	1.00932
111	62	1.06078
111	67	1.04159
111	81	1.01061
111	102	1.01628
111	104	1.00633
111	112	0.990676
111	115	1.02456
111	119	1.0052
111	121	1.00509
111	123	1.03854
111	124	0.999924
111	139	1.01366
111	140	1.04698
111	141	0.511032
111	150	1.01305
111	151	0.795811
111	152	1.00322
111	155	0.992213
111	161	1.01179
111	164	1.02066
111	167	1.02938
111	169	1.02462
111	170	1.32799
111	173	0.814256
111	175	2.25348
112	9	0.939916
112	36	0.93459
112	67	1.00289
112	70	0.943747
112	72	0.985374
112	82	0.977328
112	98	0.975696
112	101	0.974482
112	102	0.977571
112	110	0.952996
112	111	0.990676
112	124	0.96122
112	127	0.954674
112	130	0.954022
112	133	0.945587
112	139	0.974956
112	140	1.00828
112	147	0.968158
112	150	0.97435
112	152	0.964515
112	156	0.983683
112	159	1.42682
112	160	1.43729
112	161	0.973089
112	164	0.981953
112	167	0.990679
112	169	0.985914
112	173	1.48675
113	6	1.07363
113	27	0.562472
113	30	1.01866
113	59	1.07791
113	104	1.22199
113	106	1.11
113	120	1.07416
113	132	1.07864
113	143	1.0517
113	146	1.09794
113	151	1.05428
113	153	1.04959
113	154	1.0312
113	158	1.02676
113	160	1.04712
113	162	1.046
113	163	0.996118
113	164	0.642174
113	165	0.984736
113	168	0.998574
113	169	0.646797
113	171	0.98492
113	172	0.961816
113	174	0.964427
113	176	0.93431
113	178	0.968811
113	179	0.947474
113	180	0.91547
114	3	1.07747
114	14	0.953651
114	18	0.965816
114	22	1.03469
114	25	1.04179
114	31	0.929915
114	33	1.01276
114	35	1.01853
114	37	1.0121
114	40	1.06866
114	47	0.741102
114	49	0.995869
114	78	0.98949
114	79	1.63908
114	90	1.01051
114	91	1.00527
114	92	0.997238
114	94	1.01208
114	100	0.995791
114	103	1.07386
114	107	1.02435
114	109	1.00904
114	116	0.998075
114	117	0.986248
114	118	0.986247
114	125	0.76291
114	136	0.938563
114	170	1.35538
114	171	1.28733
115	51	1.0045
115	55	0.958105
115	69	1.0368
115	80	1.00392
115	81	1.00579
115	83	1.01144
115	87	0.551932
115	89	1.04177
115	98	1.00958
115	102	1.01146
115	104	1.00151
115	111	1.02456
115	124	0.995108
115	127	0.988562
115	141	0.474167
115	146	0.610308
115	147	1.00205
115	149	1.0217
115	150	1.00824
115	152	0.998403
115	155	0.987397
115	156	1.01757
115	160	0.727932
115	161	1.00698
115	164	1.01584
115	167	1.02457
115	169	1.0198
115	175	2.21662
115	180	2.33224
116	3	1.081
116	14	0.957184
116	18	0.969349
116	22	1.03823
116	25	1.04532
116	31	0.933448
116	33	1.0163
116	35	1.02207
116	37	1.01563
116	49	0.999403
116	78	0.993023
116	80	0.994854
116	90	1.01404
116	91	1.0088
116	92	1.00077
116	94	1.01561
116	100	0.999324
116	103	1.0774
116	105	1.03389
116	107	1.02788
116	109	1.01257
116	114	0.998075
116	117	0.989781
116	118	0.989781
116	153	0.795079
116	158	0.825937
116	166	1.02774
116	174	1.36798
116	176	1.81764
117	3	1.06917
117	14	0.945356
117	18	0.957521
117	22	1.0264
117	25	1.03349
117	31	0.92162
117	33	1.00447
117	35	1.01024
117	37	1.0038
117	40	1.06037
117	49	0.987575
117	78	0.981196
117	80	0.983026
117	84	0.999228
117	90	1.00221
117	91	0.996972
117	92	0.988944
117	94	1.00378
117	100	0.987496
117	103	1.06557
117	107	1.01606
117	109	1.00075
117	114	0.986248
117	116	0.989781
117	118	0.977953
117	131	0.964849
117	135	0.923142
117	143	1.17679
117	157	1.50789
117	166	1.50329
118	3	1.06917
118	14	0.945356
118	18	0.957521
118	22	1.0264
118	25	1.03349
118	31	0.92162
118	33	1.00447
118	35	1.01024
118	37	1.0038
118	40	1.06037
118	49	0.987575
118	55	1.68532
118	78	0.981196
118	80	0.983026
118	90	1.00221
118	91	0.996972
118	92	0.988944
118	94	1.00378
118	100	0.987496
118	103	1.06557
118	107	1.01606
118	108	1.13037
118	109	1.00075
118	114	0.986247
118	116	0.989781
118	117	0.977953
118	128	1.02852
118	158	0.932284
118	160	0.829597
118	165	1.24836
119	24	1.0289
119	41	1.01179
119	51	0.985142
119	55	0.938743
119	57	0.96828
119	68	1.02253
119	69	1.01744
119	75	0.971082
119	82	0.991854
119	98	0.990221
119	110	0.967521
119	111	1.0052
119	123	1.01436
119	124	0.975745
119	130	0.968547
119	131	0.810804
119	132	0.784652
119	139	0.989481
119	140	1.0228
119	149	1.00234
119	150	0.988875
119	152	0.97904
119	153	1.11658
119	155	0.968034
119	161	0.987614
119	164	0.996478
119	167	1.0052
119	168	1.27277
119	169	1.00044
119	178	1.65509
119	179	1.85509
120	3	0.460244
120	79	0.970954
120	86	1.05776
120	107	1.07902
120	113	1.07416
120	121	0.845903
120	124	0.957833
120	126	1.03909
120	129	0.960376
120	132	1.06495
120	153	1.0359
120	154	1.01751
120	158	1.01307
120	159	1.02463
120	160	1.03343
120	161	1.04611
120	162	1.03231
120	163	0.982427
120	165	0.971046
120	166	0.987588
120	168	0.984883
120	170	0.956376
120	171	0.971229
120	172	0.948126
120	174	0.950737
120	175	0.912822
120	176	0.92062
120	177	1.05733
120	178	0.95512
120	179	0.933784
120	180	0.90178
121	1	0.951516
121	5	0.928721
121	12	1.0684
121	13	0.939294
121	16	0.963128
121	17	1.06399
121	21	1.05263
121	45	0.991512
121	61	0.956267
121	63	0.876572
121	99	0.938878
121	108	1.16928
121	111	1.00509
121	120	0.845903
121	127	0.969085
121	130	0.968433
121	135	1.02321
121	139	0.989367
121	141	1.04335
121	144	0.986951
121	149	1.00223
121	152	0.978926
121	155	0.96792
121	157	0.961881
121	161	0.9875
121	164	0.996365
121	165	1.28727
121	167	1.00509
121	169	1.00032
121	173	0.992732
121	174	1.51323
122	44	0.856201
122	56	1.07407
122	85	1.13349
122	90	1.1507
122	97	1.01915
122	105	1.01088
122	108	0.987528
122	131	1.06919
122	140	0.70994
122	145	0.995756
122	146	1.07941
122	154	1.01267
122	158	1.00823
122	159	1.01979
122	160	1.02859
122	161	0.998827
122	162	1.02747
122	163	0.977587
122	164	0.793986
122	165	0.966206
122	167	0.834583
122	168	0.980043
122	170	0.951536
122	171	0.966389
122	172	0.943286
122	174	0.945897
122	175	0.907983
122	176	0.91578
122	178	0.95028
122	179	0.928944
122	180	0.89694
123	24	1.06224
123	41	1.04513
123	48	1.018
123	63	0.920127
123	72	1.03324
123	74	1.02439
123	89	1.05574
123	95	0.806035
123	98	1.02356
123	101	1.02235
123	102	1.02543
123	104	1.01549
123	106	0.632261
123	108	1.21283
123	110	1.00086
123	111	1.03854
123	119	1.01436
123	124	1.00908
123	127	1.00254
123	133	0.99345
123	144	1.0204
123	146	0.794438
123	150	1.02221
123	152	1.01238
123	155	1.00137
123	156	1.03155
123	161	1.02095
123	164	1.02982
123	167	1.03854
123	169	1.03378
123	173	0.961522
123	179	1.7224
124	32	1.00764
124	51	0.979865
124	77	0.98833
124	98	0.984944
124	101	0.98373
124	110	0.962244
124	111	0.999924
124	112	0.96122
124	115	0.995108
124	119	0.975745
124	120	0.957833
124	123	1.00908
124	127	0.963922
124	130	0.96327
124	133	0.954835
124	139	0.984204
124	140	1.01753
124	144	0.981788
124	145	1.166
124	147	0.977407
124	149	0.997064
124	150	0.983598
124	155	0.962757
124	156	0.992931
124	161	0.982337
124	164	0.991201
124	166	1.28493
124	167	0.999927
124	169	0.995162
124	171	1.47558
124	173	1.0299
124	178	1.59078
125	37	1.30236
125	47	1.05653
125	54	1.06324
125	81	1.11642
125	97	1.0114
125	99	1.01144
125	107	1.07234
125	108	0.97977
125	109	0.897026
125	114	0.76291
125	135	1.05045
125	143	1.02541
125	145	0.987998
125	146	1.07166
125	148	1.00031
125	151	1.02799
125	154	1.00491
125	160	1.02083
125	161	1.03944
125	163	0.969829
125	165	0.958448
125	166	0.97499
125	170	0.943779
125	171	0.958632
125	172	0.935528
125	174	0.938139
125	175	0.900225
125	176	0.908022
125	177	1.04473
125	178	0.942523
125	179	0.921186
125	180	0.889182
126	14	1.38271
126	45	1.19807
126	62	1.01214
126	99	1.00266
126	104	1.14983
126	106	1.07494
126	120	1.03909
126	128	0.994455
126	131	1.05265
126	138	0.95397
126	142	1.05061
126	144	1.00541
126	146	1.06288
126	151	1.01921
126	155	0.652068
126	158	0.991691
126	159	1.00326
126	161	0.774852
126	162	1.01094
126	163	0.961052
126	165	0.94967
126	166	0.966212
126	168	0.963508
126	170	0.935001
126	171	0.949854
126	172	0.92675
126	174	0.929361
126	175	0.891447
126	176	0.899244
126	177	1.03595
126	178	0.933745
126	179	0.912408
126	180	0.880404
127	32	1.0011
127	66	0.66676
127	74	0.979224
127	76	1.22264
127	80	0.972737
127	81	0.974605
127	98	0.978397
127	101	0.977183
127	102	0.980273
127	104	0.970326
127	110	0.955698
127	112	0.954674
127	115	0.988562
127	121	0.969085
127	123	1.00254
127	124	0.963922
127	133	0.948288
127	134	1.2022
127	140	1.01098
127	144	0.975241
127	147	0.97086
127	149	0.990518
127	150	0.977052
127	152	0.967216
127	155	0.956211
127	156	0.986384
127	160	1.05473
127	161	0.97579
127	164	0.984655
127	167	0.99338
127	169	0.988615
127	172	1.62411
127	174	1.69945
128	29	0.984549
128	64	1.4418
128	73	1.05772
128	76	0.979381
128	102	1.12801
128	108	0.947729
128	118	1.02852
128	126	0.994455
128	136	0.980095
128	145	0.955957
128	148	0.968271
128	149	1.11252
128	151	0.995947
128	158	0.968427
128	159	0.979992
128	161	1.26764
128	162	0.987675
128	163	0.937788
128	165	0.926407
128	166	0.942949
128	168	0.940244
128	170	0.911737
128	171	0.92659
128	172	0.903487
128	173	0.98793
128	174	0.906098
128	175	0.868184
128	176	0.875981
128	177	1.01269
128	178	0.910481
128	179	0.889145
128	180	0.857141
129	2	0.986041
129	4	1.00996
129	10	0.995547
129	11	1.07233
129	15	0.98579
129	19	1.09652
129	20	0.985674
129	26	0.963419
129	27	1.07131
129	28	1.09931
129	34	1.04553
129	39	0.972154
129	42	1.04295
129	43	1.04617
129	44	1.01977
129	50	1.0461
129	52	1.02242
129	53	1.02959
129	56	0.781756
129	59	1.00798
129	60	1.00792
129	64	1.00786
129	65	1.00781
129	71	1.16077
129	85	0.787621
129	88	1.0237
129	106	0.703179
129	120	0.960376
129	134	0.997
129	165	1.40174
129	173	1.03244
129	177	1.05685
130	9	0.941966
130	62	1.02412
130	66	0.740315
130	68	1.01006
130	72	0.987424
130	74	0.978572
130	77	0.981132
130	83	0.979604
130	89	1.00993
130	102	0.979621
130	104	0.969675
130	110	0.955046
130	112	0.954022
130	119	0.968547
130	121	0.968433
130	124	0.96327
130	132	0.868184
130	138	0.923146
130	139	0.977006
130	140	1.01033
130	144	0.97459
130	149	0.989866
130	152	0.966565
130	155	0.955559
130	156	0.985733
130	161	0.975139
130	163	1.48882
130	164	0.984003
130	167	0.992729
130	169	0.987964
130	172	1.69767
130	173	1.17774
130	178	1.73863
131	48	1.1088
131	62	1.07205
131	65	0.74914
131	96	1.00175
131	99	1.03759
131	101	0.962286
131	117	0.964849
131	119	0.810804
131	122	1.06919
131	126	1.05265
131	132	1.07851
131	139	0.913565
131	142	1.08555
131	143	1.05157
131	145	1.01416
131	148	1.02647
131	153	1.04946
131	157	1.01528
131	158	1.02663
131	159	1.03819
131	160	1.04699
131	165	0.984605
131	166	1.00115
131	168	0.998443
131	170	0.969936
131	171	0.984789
131	172	0.961685
131	173	1.04613
131	174	0.964296
131	175	0.926382
131	176	0.934179
131	178	0.96868
131	179	0.947343
131	180	0.915339
132	73	1.10684
132	83	1.08892
132	99	1.02851
132	106	1.10079
132	113	1.07864
132	119	0.784652
132	120	1.06495
132	130	0.868184
132	131	1.07851
132	133	0.892585
132	137	1.00348
132	139	0.887413
132	145	1.00507
132	151	1.04506
132	153	1.04038
132	157	1.0062
132	158	1.01754
132	160	1.03791
132	161	0.808616
132	163	0.986905
132	165	0.975524
132	166	0.992066
132	168	0.989361
132	169	0.608398
132	170	0.960854
132	171	0.975707
132	173	1.03705
132	174	0.955215
132	175	0.9173
132	176	0.925098
132	177	1.0618
132	178	0.959598
132	179	0.938262
132	180	0.906258
133	7	0.936343
133	8	0.935053
133	30	0.988183
133	32	0.99201
133	67	0.996501
133	68	1.00162
133	74	0.970137
133	77	0.972697
133	80	0.96365
133	83	0.971169
133	85	0.957325
