1	2	0.977407
1	26	2.1181
1	49	0.87009
1	71	0.899112
1	80	0.954755
1	90	0.927496
1	105	0.944991
1	107	0.925997
1	109	0.920382
1	122	1.24067
1	148	1.21812
1	149	0.956384
2	1	0.977407
2	80	1.07209
2	90	1.04483
2	93	0.974426
2	102	1.05712
2	105	1.06233
2	107	1.04333
2	108	1.5742
2	109	1.03772
2	136	1.34682
2	147	1.05319
2	149	1.07372
3	6	1.11221
3	70	0.905075
3	77	0.929891
3	85	0.850773
3	86	0.901564
3	88	0.910451
3	99	0.9281
3	111	0.885471
3	126	1.00756
3	135	0.955905
3	173	1.92757
3	180	1.72795
4	24	1.04004
4	28	1.03914
4	37	1.00273
4	45	1.08075
4	50	1.0809
4	54	1.04127
4	119	1.22154
4	122	1.09297
4	134	1.02138
4	140	1.47136
4	142	1.22696
4	148	1.06001
5	43	0.980808
5	89	1.03139
5	103	1.04977
5	106	1.051
5	114	1.07702
5	115	1.07724
5	116	1.07738
5	128	1.01943
5	133	1.20816
5	153	0.888768
5	157	1.41422
5	165	1.54
6	3	1.11221
6	86	1.21136
6	99	1.23789
6	111	1.19526
6	124	0.661295
6	125	1.21137
6	127	1.21152
6	130	1.21158
6	136	0.630524
6	160	1.04192
6	172	1.65262
6	173	1.42748
7	32	0.902286
7	59	0.951194
7	65	0.931574
7	69	0.933559
7	82	0.882592
7	91	0.940481
7	94	0.917283
7	100	0.967618
7	113	1.00365
7	129	0.957043
7	155	1.7849
7	163	1.88444
8	61	0.944335
8	71	0.889504
8	102	0.930171
8	104	0.844774
8	105	0.935383
8	107	0.916389
8	149	0.946777
8	150	0.939953
8	153	0.972734
8	171	2.06533
8	174	0.902428
8	179	1.76154
9	18	1.094
9	37	1.02092
9	43	0.984886
9	54	1.05946
9	78	1.06421
9	103	1.05385
9	106	1.05508
9	113	0.427358
9	134	1.03956
9	159	1.10002
9	170	2.23947
9	180	1.31562
10	34	0.48856
10	44	0.611939
10	45	0.711972
10	65	0.321104
10	159	1.09463
10	170	1.00419
10	173	1.02856
10	174	1.14976
10	176	1.0086
10	178	1.02642
10	179	1.03625
10	180	1.04331
11	22	1.33733
11	52	0.936051
11	83	0.948849
11	117	0.956034
11	118	0.933182
11	120	0.914503
11	121	0.914836
11	125	0.925541
11	127	0.925688
11	130	0.925751
11	146	1.61399
11	168	1.67215
12	33	0.56154
12	83	0.763232
12	107	0.94637
12	142	1.13263
12	155	1.00188
12	172	0.923103
12	175	0.920519
12	176	0.911227
12	178	0.929053
12	179	0.938876
12	180	0.945935
13	16	0.745549
13	52	1.053
13	98	1.06159
13	117	1.07298
13	120	1.03145
13	121	1.03178
13	125	1.04249
13	127	1.04263
13	130	1.0427
13	153	1.15335
13	162	1.37271
13	177	1.75009
14	30	0.955597
14	51	0.959899
14	65	0.924225
14	69	0.92621
14	82	0.875243
14	91	0.933132
14	94	0.909934
14	100	0.960269
14	129	0.949694
14	133	1.71286
14	147	1.22511
14	174	1.72183
15	29	1.04179
15	40	1.00888
15	133	0.98652
15	135	1.10033
15	144	0.854732
15	149	1.07199
15	150	1.06516
15	153	1.09794
15	157	1.31159
15	160	1.32279
15	161	1.54523
15	174	1.02764
16	13	0.745549
16	18	0.745028
16	128	0.558795
16	140	1.18101
16	149	0.473279
16	172	1.02552
16	173	1.03361
16	175	1.02294
16	176	1.01365
16	178	1.03147
16	179	1.0413
16	180	1.04836
17	29	1.04179
17	40	1.00888
17	79	0.772978
17	123	1.09897
17	133	0.98652
17	135	1.10033
17	143	0.896724
17	149	1.07199
17	150	1.06516
17	153	1.09794
17	174	1.02764
17	176	2.25193
18	9	1.094
18	16	0.745028
18	19	1.03406
18	37	0.994154
18	45	1.07218
18	50	1.07232
18	54	1.03269
18	122	1.08439
18	134	1.0128
18	148	0.91617
18	153	1.15283
18	179	1.83331
19	18	1.03406
19	22	0.939777
19	24	0.998281
19	28	0.997382
19	37	0.960973
19	45	1.039
19	50	1.03914
19	54	0.999514
19	122	1.05121
19	132	1.36059
19	134	0.979619
19	138	1.04576
19	173	1.91993
20	56	1.04767
20	64	1.11954
20	81	0.887331
20	97	1.25227
20	101	1.03696
20	112	1.06771
20	131	1.04243
20	150	1.03161
20	161	1.46437
20	169	0.948057
20	174	1.03362
20	177	0.918108
20	178	1.62098
21	42	1.15577
21	58	0.996159
21	78	0.990937
21	89	0.9622
21	103	0.980579
21	106	0.981807
21	114	1.00783
21	115	1.00805
21	116	1.00819
21	154	1.04545
21	159	0.866157
21	170	2.00561
21	172	1.50652
22	11	1.33733
22	19	0.939777
22	57	1.30598
22	157	0.966469
22	158	0.906511
22	160	0.947124
22	166	0.915886
22	171	0.901537
22	172	0.883472
22	176	0.871596
22	178	0.889422
22	179	0.899245
22	180	0.906304
23	60	1.02789
23	66	1.01001
23	70	1.01013
23	76	1.36518
23	77	1.03494
23	85	0.955825
23	86	1.00662
23	88	1.0155
23	111	0.990524
23	113	1.01455
23	135	1.06096
23	147	1.01184
23	180	1.9028
24	4	1.04004
24	19	0.998281
24	28	0.994787
24	37	0.958378
24	45	1.0364
24	50	1.03655
24	54	0.996919
24	122	1.04862
24	134	0.977024
24	153	0.523809
24	157	1.04926
24	170	2.17026
24	175	1.65918
25	41	1.09043
25	46	0.953081
25	61	1.01879
25	80	1.01961
25	102	1.00463
25	105	1.00984
25	107	0.990847
25	109	0.985232
25	149	1.02123
25	158	1.57443
25	163	1.26044
25	174	0.873661
25	175	1.68068
26	1	2.1181
26	37	1.42756
26	68	0.853165
26	155	0.869914
26	162	0.903298
26	167	0.87092
26	170	0.774856
26	171	0.809201
26	172	0.791136
26	173	0.799226
26	175	0.788553
26	179	0.80691
26	180	0.813969
27	70	1.03312
27	75	0.997324
27	77	1.05794
27	85	0.978818
27	86	1.02961
27	88	1.0385
27	93	0.765485
27	108	0.953522
27	111	1.01352
27	128	0.992376
27	145	1.45164
27	161	1.77171
27	168	1.2895
28	4	1.03914
28	19	0.997382
28	24	0.994787
28	37	0.95748
28	45	1.0355
28	50	1.03565
28	54	0.996021
28	122	1.04772
28	134	0.976126
28	140	1.07502
28	165	1.55156
28	174	1.22867
28	177	1.49706
29	15	1.04179
29	17	1.04179
29	40	0.959392
29	133	0.937033
29	135	1.05085
29	139	0.449433
29	149	1.0225
29	150	1.01568
29	153	1.04846
29	158	1.40979
29	170	2.02713
29	174	0.978151
29	176	1.51972
30	14	0.955597
30	32	1.00091
30	57	0.948168
30	59	1.04982
30	69	1.03219
30	82	0.98122
30	91	1.03911
30	94	1.01591
30	100	1.06625
30	153	1.02054
30	162	1.2399
30	166	1.74341
30	174	1.34889
31	41	1.10348
31	44	0.950452
31	46	0.966137
31	61	1.03185
31	80	1.03266
31	107	1.0039
31	109	0.998289
31	124	1.11589
31	134	0.987123
31	142	0.890152
31	149	1.03429
31	161	1.71896
31	165	1.61109
32	7	0.902286
32	30	1.00091
32	34	1.06676
32	51	1.00522
32	59	0.989162
32	65	0.969542
32	82	0.92056
32	91	0.978449
32	94	0.955251
32	100	1.00559
32	155	1.23202
32	166	1.3393
32	172	1.76379
32	180	1.33902
33	12	0.56154
33	51	1.0101
33	57	0.892395
33	58	0.984059
33	91	0.983336
33	94	0.960137
33	100	1.01047
33	103	0.968479
33	114	0.995727
33	115	0.995946
33	116	0.996085
33	167	1.32456
33	171	1.89071
33	177	1.50318
34	10	0.48856
34	32	1.06676
34	57	1.01402
34	59	1.11567
34	65	1.09605
34	82	1.04707
34	91	1.10496
34	94	1.08176
34	100	1.13209
34	123	0.888095
34	129	1.12152
34	162	1.12137
34	163	1.61715
34	177	1.49876
35	70	0.967233
35	86	0.963722
35	99	0.990257
35	106	0.958059
35	111	0.947629
35	114	0.98408
35	115	0.984298
35	116	0.984437
35	129	0.98825
35	135	1.01806
35	170	2.11448
35	174	0.796386
35	176	1.60708
35	180	1.19063
36	63	0.967938
36	67	0.968534
36	73	0.942641
36	108	1.24598
36	117	1.01606
36	118	0.993207
36	120	0.974527
36	121	0.974861
36	125	0.985565
36	127	0.985712
36	130	0.985776
36	137	0.95637
36	164	1.40456
36	172	2.0407
37	4	1.00273
37	9	1.02092
37	18	0.994154
37	19	0.960973
37	24	0.958378
37	26	1.42756
37	28	0.95748
37	45	0.999096
37	50	0.999238
37	54	0.959612
37	134	0.939717
37	146	0.982963
37	155	1.37982
37	180	1.48683
38	56	1.02382
38	62	0.923952
38	64	1.09569
38	79	0.674054
38	81	0.863476
38	92	0.985314
38	95	1.0538
38	101	1.01311
38	112	1.04386
38	153	1.01396
38	158	2.04308
38	169	0.924201
38	177	0.894252
38	178	1.92968
39	43	0.909064
39	58	0.993606
39	78	0.988385
39	89	0.959647
39	103	0.978026
39	106	0.979254
39	114	1.00527
39	115	1.00549
39	116	1.00563
39	128	0.947683
39	158	1.79583
39	162	0.986072
39	165	1.41795
39	179	1.4472
40	15	1.00888
40	17	1.00888
40	29	0.959392
40	66	0.966996
40	131	0.899945
40	133	0.904125
40	135	1.01794
40	149	0.989591
40	150	0.982767
40	153	1.01555
40	165	1.57635
40	166	1.64799
40	174	0.945243
40	177	1.52186
41	25	1.09043
41	31	1.10348
41	44	1.03805
41	71	1.06462
41	90	1.093
41	102	1.10529
41	105	1.1105
41	107	1.09151
41	109	1.08589
41	137	0.897604
41	148	0.597916
41	160	1.37123
41	174	1.16293
41	175	1.96995
42	21	1.15577
42	43	1.09316
42	78	1.17248
42	89	1.14375
42	103	1.16213
42	106	1.16335
42	114	1.18937
42	115	1.18959
42	116	1.18973
42	155	1.02905
42	156	0.716123
42	173	1.33567
42	174	0.741814
42	176	1.55251
42	178	1.32918
43	5	0.980808
43	9	0.984886
43	39	0.909064
43	42	1.09316
43	103	0.917968
43	106	0.919196
43	114	0.945216
43	115	0.945435
43	116	0.945574
43	128	0.887625
43	129	0.949387
43	142	1.31008
43	145	1.81881
43	148	1.14313
43	162	1.59915
44	10	0.611939
44	31	0.950452
44	41	1.03805
44	46	0.900706
44	80	0.967231
44	90	0.939972
44	102	0.952254
44	105	0.957467
44	107	0.938473
44	109	0.932858
44	124	1.18143
44	134	0.921692
44	149	0.96886
44	155	1.64098
44	176	2.16444
45	4	1.08075
45	10	0.711972
45	18	1.07218
45	19	1.039
45	24	1.0364
45	28	1.0355
45	37	0.999096
45	50	1.07726
45	54	1.03764
45	122	1.08933
45	123	1.11151
45	134	1.01774
45	141	1.10915
45	162	1.34479
45	164	1.63665
46	25	0.953081
46	31	0.966137
46	44	0.900706
46	71	0.927273
46	90	0.955657
46	102	0.967939
46	104	0.921909
46	105	0.973152
46	107	0.954158
46	109	0.948543
46	134	0.937377
46	145	1.59722
46	149	0.984545
46	163	1.87333
46	169	1.52061
47	75	1.03929
47	81	1.02989
47	88	0.623991
47	115	0.442783
47	133	0.95959
47	149	1.04506
47	150	1.03823
47	153	1.07101
47	164	0.932813
47	165	0.920544
47	174	1.00071
47	176	0.859542
47	178	0.877367
47	179	0.887191
47	180	0.89425
48	63	1.03601
48	73	1.01071
48	87	1.04335
48	96	1.09716
48	118	1.06128
48	120	1.0426
48	121	1.04293
48	125	1.05364
48	127	1.05378
48	130	1.05385
48	141	0.847025
48	157	1.38875
48	164	1.37452
48	168	1.14018
48	179	1.54378
49	1	0.87009
49	62	1.50154
49	63	0.879859
49	69	1.14448
49	102	0.949799
49	105	0.955012
49	107	0.936018
49	109	0.930403
49	146	0.946975
49	151	0.882283
49	158	0.815806
49	173	0.800856
49	176	0.78089
49	178	0.798716
49	180	0.815599
50	4	1.0809
50	18	1.07232
50	19	1.03914
50	24	1.03655
50	28	1.03565
50	37	0.999238
50	45	1.07726
50	54	1.03778
50	122	1.08947
50	124	0.764099
50	134	1.01788
50	161	1.36717
50	172	1.75543
50	174	0.936421
50	178	1.52378
51	14	0.959899
51	32	1.00522
51	33	1.0101
51	57	0.95247
51	59	1.05412
51	65	1.0345
51	69	1.03649
51	79	1.02175
51	82	0.985522
51	91	1.04341
51	94	1.02021
51	100	1.07055
51	124	1.51769
51	126	1.36386
51	139	1.43041
51	147	1.19329
52	11	0.936051
52	13	1.053
52	96	1.05476
52	98	1.03035
52	117	1.04174
52	118	1.01888
52	120	1.0002
52	121	1.00054
52	125	1.01124
52	127	1.01139
52	130	1.01145
52	153	1.0346
52	156	1.33726
52	159	1.5416
52	168	1.31148
52	169	1.39702
53	90	0.617316
53	101	1.03991
53	108	0.969751
53	114	0.880627
53	149	0.816601
53	158	0.921233
53	162	1.01036
53	165	0.947319
53	166	0.930608
53	168	0.993288
53	170	0.881913
53	175	0.89561
53	176	0.886317
53	178	0.904143
53	179	0.913967
53	180	0.921026
54	4	1.04127
54	9	1.05946
54	18	1.03269
54	19	0.999514
54	24	0.996919
54	28	0.996021
54	37	0.959612
54	45	1.03764
54	50	1.03778
54	84	1.34135
54	122	1.04985
54	134	0.978258
54	137	1.15467
54	152	1.17835
54	167	1.50977
54	174	1.42
55	68	0.988371
55	74	1.04686
55	81	0.948881
55	92	1.07072
55	95	1.13921
55	101	1.09851
55	112	1.12926
55	132	0.902385
55	150	1.09316
55	156	0.842169
55	169	1.00961
55	175	1.67488
55	176	1.67855
55	177	0.979658
55	179	1.21999
56	20	1.04767
56	38	1.02382
56	62	0.971318
56	81	0.910842
56	92	1.03268
56	95	1.10117
56	101	1.06047
56	112	1.09123
56	144	1.04163
56	146	1.19176
56	148	0.736377
56	150	1.05512
56	164	1.48425
56	169	0.971568
56	175	2.10841
56	177	0.941619
57	22	1.30598
57	30	0.948168
57	33	0.892395
57	34	1.01402
57	51	0.95247
57	59	0.936416
57	65	0.916796
57	69	0.918781
57	82	0.867814
57	91	0.925703
57	94	0.902505
57	100	0.95284
57	119	1.28879
57	122	1.1498
57	129	0.942265
57	180	2.08651
58	21	0.996159
58	33	0.984059
58	39	0.993606
58	78	1.01287
58	79	1.08777
58	89	0.984132
58	103	1.00251
58	106	1.00374
58	114	1.02976
58	115	1.02998
58	116	1.03012
58	141	0.826867
58	160	1.3798
58	167	1.26126
58	174	1.17149
58	176	1.98219
59	7	0.951194
59	30	1.04982
59	32	0.989162
59	34	1.11567
59	51	1.05412
59	57	0.936416
59	69	1.02043
59	82	0.969468
59	91	1.02736
59	94	1.00416
59	100	1.05449
59	131	1.19975
59	138	1.27297
59	139	1.29367
59	142	1.15521
59	167	1.64304
60	23	1.02789
60	70	1.02549
60	75	0.989697
60	77	1.05031
60	85	0.971191
60	86	1.02198
60	88	1.03087
60	99	1.04852
60	108	0.945895
60	111	1.00589
60	113	0.973743
60	124	1.29544
60	135	1.07632
60	141	1.12313
60	162	1.35876
60	179	1.81989
61	8	0.944335
61	25	1.01879
61	31	1.03185
61	71	0.992985
61	76	1.26015
61	80	1.04863
61	90	1.02137
61	102	1.03365
61	105	1.03886
61	107	1.01987
61	109	1.01426
61	126	1.07739
61	134	1.00309
61	140	1.24989
61	144	1.14378
61	161	1.83429
62	38	0.923952
62	49	1.50154
62	56	0.971318
62	64	1.04319
62	74	0.908952
62	81	0.810977
62	92	0.932816
62	95	1.0013
62	101	0.960609
62	112	0.991361
62	147	1.32707
62	148	1.25878
62	150	0.955252
62	162	1.7148
62	169	0.871703
62	177	0.841754
63	36	0.967938
63	48	1.03601
63	49	0.879859
63	83	1.00641
63	87	0.972817
63	98	1.00221
63	117	1.0136
63	118	0.990747
63	120	0.972068
63	121	0.972401
63	125	0.983106
63	127	0.983253
63	130	0.983316
63	152	0.960464
63	159	1.38075
63	165	1.52499
63	173	1.79597
64	20	1.11954
64	38	1.09569
64	62	1.04319
64	74	1.08069
64	81	0.982713
64	92	1.10455
64	101	1.13234
64	112	1.1631
64	122	0.80254
64	142	0.946947
64	150	1.12699
64	156	1.31932
64	164	1.52787
64	168	1.29354
64	169	1.04344
64	174	1.34501
64	177	1.01349
65	7	0.931574
65	10	0.321104
65	14	0.924225
65	32	0.969542
65	34	1.09605
65	51	1.0345
65	57	0.916796
65	69	1.00081
65	82	0.949848
65	91	1.00774
65	94	0.984539
65	100	1.03487
65	129	1.0243
65	168	1.01144
65	171	1.71883
65	175	1.86993
65	178	1.65027
66	23	1.01001
66	40	0.966996
66	68	1.43494
66	75	0.971824
66	85	0.953318
66	99	1.03065
66	108	0.928022
66	111	0.988017
66	133	0.944637
66	149	1.0301
66	150	1.02328
66	153	1.05606
66	167	1.15629
66	168	1.01505
66	174	0.985755
66	175	1.87354
66	179	1.41865
67	36	0.968534
67	68	1.83743
67	83	1.00701
67	87	0.973412
67	96	1.02722
67	98	1.00281
67	104	0.904375
67	117	1.01419
67	118	0.991343
67	120	0.972663
67	121	0.972997
67	125	0.983701
67	126	1.14286
67	127	0.983849
67	130	0.983912
67	151	1.53798
67	156	1.44332
68	26	0.853165
68	55	0.988371
68	66	1.43494
68	67	1.83743
68	74	0.887965
68	87	1.474
68	95	0.980317
68	112	0.970374
68	132	0.901415
68	169	0.850716
68	170	0.75117
68	171	0.785516
68	175	0.764867
68	177	0.820767
68	178	0.773401
68	179	0.783224
68	180	0.790283
69	7	0.933559
69	14	0.92621
69	30	1.03219
69	49	1.14448
69	51	1.03649
69	57	0.918781
69	59	1.02043
69	65	1.00081
69	82	0.951833
69	91	1.00972
69	94	0.986524
69	100	1.03686
69	119	1.06325
69	129	1.02628
69	148	0.901714
69	155	1.75396
69	159	1.64537
70	3	0.905075
70	23	1.01013
70	27	1.03312
70	35	0.967233
70	60	1.02549
70	75	0.971936
70	77	1.03255
70	85	0.953431
70	88	1.01311
70	99	1.03076
70	111	0.988129
70	128	0.966988
70	138	0.992919
70	147	0.776503
70	155	1.56046
70	164	1.45609
70	176	2.08391
71	1	0.899112
71	8	0.889504
71	41	1.06462
71	46	0.927273
71	61	0.992985
71	80	0.993797
71	90	0.966539
71	102	0.978821
71	105	0.984033
71	107	0.965039
71	109	0.959424
71	122	0.983008
71	131	1.17195
71	134	0.948259
71	149	0.995427
71	157	1.72257
71	160	1.73378
71	169	1.55954
72	91	0.748758
72	102	0.945816
72	109	0.780121
72	116	0.613777
72	150	0.600957
72	157	1.01388
72	158	0.953925
72	159	1.00504
72	160	0.994538
72	164	0.992282
72	165	0.980012
72	168	1.02598
72	172	0.930886
72	175	0.928302
72	176	0.91901
72	178	0.936836
72	179	0.946659
72	180	0.953718
73	36	0.942641
73	48	1.01071
73	83	0.981117
73	87	0.947519
73	96	1.00133
73	98	0.976917
73	117	0.988302
73	118	0.96545
73	120	0.946771
73	121	0.947104
73	125	0.957809
73	127	0.957956
73	130	0.958019
73	137	1.21534
73	140	1.32701
73	143	0.936146
73	168	1.42919
73	176	2.29135
74	55	1.04686
74	62	0.908952
74	64	1.08069
74	68	0.887965
74	81	0.848476
74	92	0.970314
74	95	1.0388
74	101	0.998108
74	112	1.02886
74	126	0.965218
74	131	1.00357
74	137	1.02605
74	150	0.992751
74	154	1.64932
74	164	1.47424
74	169	0.909201
74	175	2.09839
74	177	0.879253
75	27	0.997324
75	47	1.03929
75	60	0.989697
75	66	0.971824
75	70	0.971936
75	77	0.996752
75	79	1.11414
75	85	0.917634
75	86	0.968426
75	88	0.977313
75	99	0.994961
75	108	0.892338
75	110	1.28759
75	111	0.952333
75	128	0.931192
75	135	1.02277
75	152	1.54076
75	169	1.81646
76	23	1.36518
76	61	1.26015
76	80	1.04791
76	129	1.00158
76	147	1.04862
76	154	0.909869
76	161	0.892264
76	163	0.887336
76	164	0.909286
76	165	0.897016
76	166	0.880304
76	167	0.927673
76	168	0.942985
76	170	0.831609
76	171	0.865955
76	175	0.845306
76	179	0.863663
76	180	0.870722
77	3	0.929891
77	23	1.03494
77	27	1.05794
77	60	1.05031
77	70	1.03255
77	75	0.996752
77	85	0.978246
77	86	1.02904
77	88	1.03793
77	93	1.09516
77	99	1.05557
77	110	1.17583
77	111	1.01294
77	122	1.12818
77	128	0.991804
77	132	1.70517
77	135	1.08338
77	147	1.17392
77	152	1.429
78	9	1.06421
78	21	0.990937
78	39	0.988385
78	42	1.17248
78	58	1.01287
78	89	0.97891
78	103	0.997288
78	106	0.998516
78	114	1.02454
78	115	1.02476
78	116	1.02489
78	128	0.966945
78	129	1.02871
78	138	0.9201
78	141	0.855775
78	145	1.31107
78	168	1.14893
78	172	2.01941
78	180	1.59464
79	17	0.772978
79	38	0.674054
79	51	1.02175
79	58	1.08777
79	75	1.11414
79	89	1.05381
79	114	1.09944
79	115	1.09966
79	116	1.0998
79	121	0.624437
79	129	1.10361
79	134	0.762955
79	167	1.01122
79	168	1.02653
79	173	0.939526
79	176	0.919561
79	178	0.937386
79	179	0.94721
79	180	0.954269
80	1	0.954755
80	2	1.07209
80	25	1.01961
80	31	1.03266
80	44	0.967231
80	61	1.04863
80	71	0.993797
80	76	1.04791
80	90	1.02218
80	102	1.03446
80	105	1.03968
80	107	1.02068
80	109	1.01507
80	136	0.988208
80	139	0.931706
80	149	1.05107
80	159	1.36995
80	166	1.58582
80	180	1.58554
81	20	0.887331
81	38	0.863476
81	47	1.02989
81	55	0.948881
81	56	0.910842
81	62	0.810977
81	64	0.982713
81	74	0.848476
81	92	0.87234
81	95	0.940828
81	101	0.900133
81	112	0.930885
81	131	0.9056
81	150	0.894776
81	151	1.84196
81	159	1.95164
81	164	1.95586
81	169	0.811227
81	177	0.781278
82	7	0.882592
82	14	0.875243
82	30	0.98122
82	32	0.92056
82	34	1.04707
82	51	0.985522
82	57	0.867814
82	59	0.969468
82	65	0.949848
82	69	0.951833
82	91	0.958755
82	94	0.935557
82	100	0.985892
82	129	0.975317
82	137	1.30432
82	143	1.02513
82	148	1.00464
82	166	1.96416
82	173	2.16351
83	11	0.948849
83	12	0.763232
83	63	1.00641
83	67	1.00701
83	73	0.981117
83	96	1.06756
83	117	1.05453
83	118	1.03168
83	119	1.06513
83	120	1.013
83	121	1.01334
83	122	0.894018
83	124	1.26416
83	125	1.02404
83	127	1.02419
83	130	1.02425
83	153	1.10813
83	160	1.64479
83	179	1.78861
84	54	1.34135
84	87	1.02694
84	100	1.03587
84	108	0.910904
84	116	1.22812
84	132	0.973311
84	152	1.02081
84	157	0.922344
84	158	0.862386
84	159	0.913498
84	163	0.878793
84	166	0.871761
84	171	0.857412
84	173	0.847436
84	175	0.836763
84	176	0.827471
84	178	0.845297
84	179	0.85512
84	180	0.862179
85	3	0.850773
85	23	0.955825
85	27	0.978818
85	60	0.971191
85	66	0.953318
85	70	0.953431
85	75	0.917634
85	77	0.978246
85	86	0.94992
85	88	0.958807
85	99	0.976455
85	111	0.933827
85	128	0.912686
85	135	1.00426
85	142	1.12215
85	143	0.975691
85	151	1.58918
85	168	1.46874
85	172	2.33921
86	3	0.901564
86	6	1.21136
86	23	1.00662
86	27	1.02961
86	35	0.963722
86	60	1.02198
86	75	0.968426
86	77	1.02904
86	85	0.94992
86	88	1.0096
86	99	1.02725
86	108	0.924624
86	111	0.984619
86	128	0.963478
86	136	1.02514
86	140	1.07457
86	153	0.899876
86	169	1.26229
86	171	1.88415
86	175	2.03525
87	48	1.04335
87	63	0.972817
87	67	0.973412
87	68	1.474
87	73	0.947519
87	84	1.02694
87	96	1.03396
87	98	1.00955
87	117	1.02094
87	118	0.998085
87	119	1.03153
87	120	0.979406
87	121	0.979739
87	125	0.990444
87	126	0.779433
87	127	0.990591
87	130	0.990654
87	132	1.14011
87	163	1.49237
87	180	1.49983
88	3	0.910451
88	23	1.0155
88	27	1.0385
88	47	0.623991
88	60	1.03087
88	70	1.01311
88	75	0.977313
88	77	1.03793
88	85	0.958807
88	86	1.0096
88	99	1.03613
88	108	0.933511
88	111	0.993506
88	122	0.824634
88	128	0.972365
88	131	1.01358
88	135	1.06394
88	160	1.5754
88	173	1.96096
88	180	1.76134
89	5	1.03139
89	21	0.9622
89	39	0.959647
89	42	1.14375
89	58	0.984132
89	78	0.97891
89	79	1.05381
89	103	0.968551
89	106	0.969779
89	108	1.24896
89	114	0.9958
89	115	0.996018
89	116	0.996157
89	128	0.938208
89	129	0.99997
89	132	1.25919
89	145	1.33534
89	151	1.29364
89	168	1.1732
89	178	1.81203
90	1	0.927496
90	2	1.04483
90	41	1.093
90	44	0.939972
90	46	0.955657
90	53	0.617316
90	61	1.02137
90	71	0.966539
90	80	1.02218
90	102	1.00721
90	105	1.01242
90	107	0.993424
90	109	0.987809
90	134	0.976643
90	136	0.807053
90	149	1.02381
90	154	1.36809
90	158	1.71091
90	169	1.04421
90	170	2.32824
91	7	0.940481
91	14	0.933132
91	30	1.03911
91	32	0.978449
91	33	0.983336
91	34	1.10496
91	51	1.04341
91	57	0.925703
91	59	1.02736
91	65	1.00774
91	69	1.00972
91	72	0.748758
91	82	0.958755
91	94	0.993446
91	100	1.04378
91	126	1.11559
91	133	1.43278
91	139	1.18215
91	165	1.76463
91	167	1.53151
92	38	0.985314
92	55	1.07072
92	56	1.03268
92	62	0.932816
92	64	1.10455
92	74	0.970314
92	81	0.87234
92	95	1.06267
92	101	1.02197
92	112	1.05272
92	131	1.02744
92	150	1.01661
92	152	0.876443
92	156	1.09239
92	159	1.29673
92	165	1.44097
92	169	0.933065
92	171	1.77401
92	177	0.903116
92	178	1.70545
93	2	0.974426
93	27	0.765485
93	77	1.09516
93	99	0.777101
93	107	1.04414
93	115	0.61041
93	124	1.13204
93	151	1.02116
93	154	0.993624
93	160	0.995298
93	162	1.04381
93	165	0.980771
93	166	0.964059
93	167	1.01143
93	170	0.915365
93	172	0.931645
93	173	0.939735
93	176	0.919769
93	178	0.937595
93	179	0.947419
93	180	0.954478
94	7	0.917283
94	14	0.909934
94	30	1.01591
94	32	0.955251
94	33	0.960137
94	34	1.08176
94	51	1.02021
94	57	0.902505
94	59	1.00416
94	65	0.984539
94	69	0.986524
94	82	0.935557
94	91	0.993446
94	100	1.02058
94	129	1.01001
94	143	0.752411
94	166	1.69144
94	168	1.24546
94	169	1.33099
94	177	1.56532
94	178	1.88429
95	38	1.0538
95	55	1.13921
95	56	1.10117
95	62	1.0013
95	68	0.980317
95	74	1.0388
95	81	0.940828
95	92	1.06267
95	101	1.09046
95	112	1.12121
95	119	0.501673
95	131	1.09593
95	136	0.702057
95	150	1.0851
95	152	0.663507
95	169	1.00155
95	170	2.22325
95	171	1.56107
95	172	1.72416
95	177	0.971605
95	178	1.49251
96	48	1.09716
96	52	1.05476
96	67	1.02722
96	73	1.00133
96	83	1.06756
96	87	1.03396
96	98	1.06336
96	110	0.683959
96	117	1.07474
96	118	1.05189
96	120	1.03321
96	121	1.03355
96	125	1.04425
96	127	1.0444
96	130	1.04446
96	142	0.780708
96	162	1.06977
96	164	1.36163
96	167	1.26854
96	171	1.83469
96	173	1.77263
97	20	1.25227
97	118	1.46804
97	127	1.36487
97	135	1.43994
97	139	0.97121
97	141	1.0284
97	153	0.981197
97	158	0.80464
97	160	0.845253
97	161	0.825975
97	162	0.893763
97	165	0.830727
97	166	0.814015
97	167	0.861384
97	168	0.876696
97	173	0.789691
97	174	0.910891
97	175	0.779017
97	176	0.769725
97	178	0.787551
97	179	0.797374
97	180	0.804433
98	13	1.06159
98	52	1.03035
98	63	1.00221
98	67	1.00281
98	73	0.976917
98	87	1.00955
98	96	1.06336
98	117	1.05033
98	118	1.02748
98	119	1.06093
98	120	1.0088
98	121	1.00914
98	123	1.06149
98	125	1.01984
98	127	1.01999
98	130	1.02005
98	131	1.05024
98	140	1.25011
98	147	0.907049
98	153	1.07542
98	154	1.76171
98	178	1.99113
99	3	0.9281
99	6	1.23789
99	35	0.990257
99	60	1.04852
99	66	1.03065
99	70	1.03076
99	75	0.994961
99	77	1.05557
99	85	0.976455
99	86	1.02725
99	88	1.03613
99	93	0.777101
99	108	0.951159
99	111	1.01115
99	123	1.01031
99	128	0.990013
99	135	1.08159
99	138	1.07228
99	139	1.09299
99	157	1.54968
99	160	1.56089
99	165	1.67547
100	7	0.967618
100	14	0.960269
100	30	1.06625
100	32	1.00559
100	33	1.01047
100	34	1.13209
100	51	1.07055
100	57	0.95284
100	59	1.05449
100	65	1.03487
100	69	1.03686
100	82	0.985892
100	84	1.03587
100	91	1.04378
100	94	1.02058
100	129	1.06034
100	141	0.769881
100	142	0.716449
100	158	1.81527
100	161	1.54525
100	177	1.3829
100	180	1.50875
101	20	1.03696
101	38	1.01311
101	53	1.03991
101	55	1.09851
101	56	1.06047
101	62	0.960609
101	64	1.13234
101	74	0.998108
101	81	0.900133
101	92	1.02197
101	95	1.09046
101	110	0.937929
101	112	1.08052
101	119	1.02926
101	131	1.05523
101	139	1.17314
101	150	1.04441
101	151	1.50171
101	152	1.1911
101	163	1.81952
101	169	0.960858
101	177	0.93091
102	2	1.05712
102	8	0.930171
102	25	1.00463
102	41	1.10529
102	44	0.952254
102	46	0.967939
102	49	0.949799
102	61	1.03365
102	71	0.978821
102	72	0.945816
102	80	1.03446
102	90	1.00721
102	104	1.07416
102	105	1.0247
102	107	1.00571
102	109	1.00009
102	134	0.988925
102	136	1.43571
102	143	1.09429
102	144	1.37905
102	148	1.07379
102	149	1.03609
102	179	1.99093
103	5	1.04977
103	9	1.05385
103	21	0.980579
103	33	0.968479
103	39	0.978026
103	42	1.16213
103	43	0.917968
103	58	1.00251
103	78	0.997288
103	89	0.968551
103	106	0.988157
103	114	1.01418
103	115	1.0144
103	116	1.01454
103	128	0.956587
103	129	1.01835
103	131	1.00068
103	141	1.00958
103	143	0.809689
103	153	1.02585
103	158	2.05497
103	161	1.78495
103	180	1.74845
104	8	0.844774
104	46	0.921909
104	67	0.904375
104	102	1.07416
104	117	0.671558
104	125	0.672689
104	150	0.729303
104	159	1.04636
104	160	1.03586
104	161	1.01658
104	163	1.01165
104	166	1.00462
104	167	1.05199
104	168	1.0673
104	170	0.955924
104	171	0.990269
104	172	0.972204
104	175	0.969621
104	176	0.960328
104	177	1.02552
104	178	0.978154
104	179	0.987977
104	180	0.995037
105	1	0.944991
105	2	1.06233
105	8	0.935383
105	25	1.00984
105	41	1.1105
105	44	0.957467
105	46	0.973152
105	49	0.955012
105	61	1.03886
105	71	0.984033
105	80	1.03968
105	90	1.01242
105	102	1.0247
105	109	1.0053
105	134	0.994138
105	144	0.990976
105	149	1.04131
105	152	1.00909
105	157	1.44783
105	162	1.14174
105	172	2.06974
105	174	1.25073
105	177	1.51912
106	5	1.051
106	9	1.05508
106	21	0.981807
106	35	0.958059
106	39	0.979254
106	42	1.16335
106	43	0.919196
106	58	1.00374
106	78	0.998516
106	89	0.969779
106	103	0.988157
106	113	0.691649
106	114	1.01541
106	115	1.01562
106	116	1.01576
106	128	0.957814
106	129	1.01958
106	151	1.25463
106	154	1.54361
106	159	1.36431
106	166	1.58018
106	169	1.21973
106	173	1.77953
107	1	0.925997
107	2	1.04333
107	8	0.916389
107	12	0.94637
107	25	0.990847
107	31	1.0039
107	41	1.09151
107	44	0.938473
107	46	0.954158
107	49	0.936018
107	61	1.01987
107	71	0.965039
107	80	1.02068
107	90	0.993424
107	93	1.04414
107	102	1.00571
107	109	0.986309
107	122	1.07716
107	134	0.975144
107	138	1.33932
107	143	1.07511
107	145	1.73029
107	149	1.02231
107	167	1.70939
108	2	1.5742
108	27	0.953522
108	36	1.24598
108	53	0.969751
108	60	0.945895
108	66	0.928022
108	75	0.892338
108	84	0.910904
108	86	0.924624
108	88	0.933511
108	89	1.24896
108	99	0.951159
108	111	0.908531
108	127	1.17051
108	130	1.24656
108	145	0.86364
108	153	0.976575
108	167	0.856762
108	168	0.872074
108	170	0.760698
108	176	0.765103
108	178	0.782929
108	179	0.792752
108	180	0.799811
109	1	0.920382
109	2	1.03772
109	25	0.985232
109	31	0.998289
109	41	1.08589
109	44	0.932858
109	46	0.948543
109	49	0.930403
109	61	1.01426
109	71	0.959424
109	72	0.780121
109	80	1.01507
109	90	0.987809
109	102	1.00009
109	105	1.0053
109	107	0.986309
109	134	0.969529
109	137	1.20778
109	141	1.12848
109	143	0.928591
109	149	1.0167
109	168	1.42164
109	178	2.06047
109	179	1.82524
110	75	1.28759
110	77	1.17583
110	96	0.683959
110	101	0.937929
110	112	0.562485
110	118	0.754586
110	135	0.72648
110	147	1.14052
110	160	1.00345
110	162	1.05196
110	163	0.979242
110	164	1.00119
110	165	0.988921
110	166	0.972209
110	168	1.03489
110	169	1.02306
110	171	0.95786
110	172	0.939795
110	173	0.947885
110	175	0.937212
110	176	0.927919
110	178	0.945745
110	179	0.955568
110	180	0.962628
111	3	0.885471
111	6	1.19526
111	23	0.990524
111	27	1.01352
111	35	0.947629
111	60	1.00589
111	66	0.988017
111	70	0.988129
111	75	0.952333
111	77	1.01294
111	85	0.933827
111	86	0.984619
111	88	0.993506
111	99	1.01115
111	108	0.908531
111	123	0.983901
111	128	0.947385
111	132	1.3607
111	133	1.31721
111	135	1.03896
111	142	0.928115
111	154	1.68412
111	166	1.72069
111	180	1.72042
112	20	1.06771
112	38	1.04386
112	55	1.12926
112	56	1.09123
112	62	0.991361
112	64	1.1631
112	68	0.970374
112	74	1.02886
112	81	0.930885
112	92	1.05272
112	95	1.12121
112	101	1.08052
112	110	0.562485
112	119	0.653817
112	123	0.715021
112	131	1.08598
112	150	1.07516
112	163	1.44407
112	165	1.38018
112	169	0.99161
112	176	1.86799
112	177	0.961661
112	178	1.64466
112	180	1.45154
113	7	1.00365
113	9	0.427358
113	23	1.01455
113	60	0.973743
113	106	0.691649
113	121	0.798683
113	126	1.15713
113	138	1.17552
113	149	0.715415
113	150	0.799926
113	155	1.05913
113	156	1.11098
113	158	1.00339
113	161	1.02472
113	163	1.0198
113	168	1.07544
113	170	0.964069
113	171	0.998415
113	172	0.98035
113	173	0.98844
113	175	0.977766
113	176	0.968474
113	178	0.9863
113	179	0.996123
113	180	1.00318
114	5	1.07702
114	21	1.00783
114	33	0.995727
114	35	0.98408
114	39	1.00527
114	42	1.18937
114	43	0.945216
114	53	0.880627
114	58	1.02976
114	78	1.02454
114	79	1.09944
114	89	0.9958
114	103	1.01418
114	106	1.01541
114	115	1.04165
114	116	1.04178
114	128	0.983835
114	129	1.0456
114	133	1.26449
114	140	1.1198
114	141	0.928829
114	146	1.16383
114	148	0.708447
114	151	1.34242
114	170	2.59155
115	5	1.07724
115	21	1.00805
115	33	0.995946
115	35	0.984298
115	39	1.00549
115	42	1.18959
115	43	0.945435
115	47	0.442783
115	58	1.02998
115	78	1.02476
115	79	1.09966
115	89	0.996018
115	93	0.61041
115	103	1.0144
115	106	1.01562
115	114	1.04165
115	116	1.042
115	128	0.984054
115	129	1.04582
115	140	1.03224
115	157	1.38299
115	160	1.39419
115	177	1.45428
115	178	1.77326
115	180	1.58013
116	5	1.07738
116	21	1.00819
116	33	0.996085
116	35	0.984437
116	39	1.00563
116	42	1.18973
116	43	0.945574
116	58	1.03012
116	72	0.613777
116	78	1.02489
116	79	1.0998
116	84	1.22812
116	89	0.996157
116	103	1.01454
116	106	1.01576
116	114	1.04178
116	115	1.042
116	128	0.984193
116	129	1.04596
116	138	1.02646
116	144	1.04701
116	147	0.810043
116	156	1.28107
116	166	1.70128
116	173	1.90062
117	11	0.956034
117	13	1.07298
117	36	1.01606
117	52	1.04174
117	63	1.0136
117	67	1.01419
117	73	0.988302
117	83	1.05453
117	87	1.02094
117	96	1.07474
117	98	1.05033
117	104	0.671558
117	118	1.03887
117	120	1.02019
117	121	1.02052
117	125	1.03123
117	127	1.03137
117	130	1.03144
117	133	1.22723
117	146	1.12657
117	152	0.994554
117	154	1.59414
117	167	1.32597
117	168	1.18473
117	171	1.89212
118	11	0.933182
118	36	0.993207
118	48	1.06128
118	52	1.01888
118	63	0.990747
118	67	0.991343
118	73	0.96545
118	83	1.03168
118	87	0.998085
118	96	1.05189
118	97	1.46804
118	98	1.02748
118	110	0.754586
118	117	1.03887
118	119	1.04946
118	120	0.997336
118	121	0.997669
118	125	1.00837
118	127	1.00852
118	130	1.00858
118	136	1.0463
118	152	1.00775
118	155	1.53663
118	167	1.33916
118	169	1.28346
118	177	1.51778
119	4	1.22154
119	57	1.28879
119	69	1.06325
119	83	1.06513
119	87	1.03153
119	95	0.501673
119	98	1.06093
119	101	1.02926
119	112	0.653817
119	118	1.04946
119	120	1.03078
119	121	1.03112
119	125	1.04182
119	127	1.04197
119	130	1.04203
119	135	0.817812
119	144	1.08896
119	149	0.805953
119	160	0.957817
119	162	1.00633
119	172	0.894165
119	173	0.902255
119	174	1.02346
119	176	0.882289
119	178	0.900115
119	179	0.909938
119	180	0.916997
120	11	0.914503
120	13	1.03145
120	36	0.974527
120	48	1.0426
120	52	1.0002
120	63	0.972068
120	67	0.972663
120	73	0.946771
120	83	1.013
120	87	0.979406
120	96	1.03321
120	98	1.0088
120	117	1.02019
120	118	0.997336
120	119	1.03078
120	121	0.97899
120	125	0.989695
120	127	0.989842
120	130	0.989905
120	131	0.915985
120	138	0.989207
120	147	0.77279
120	151	1.33848
120	156	1.24382
120	175	2.07653
120	176	2.0802
120	177	1.5379
121	11	0.914836
121	13	1.03178
121	36	0.974861
121	48	1.04293
121	52	1.00054
121	63	0.972401
121	67	0.972997
121	73	0.947104
121	79	0.624437
121	83	1.01334
121	87	0.979739
121	96	1.03355
121	98	1.00914
121	113	0.798683
121	117	1.02052
121	118	0.997669
121	119	1.03112
121	120	0.97899
121	125	0.990028
121	127	0.990175
121	130	0.990239
121	139	1.03311
121	154	1.65064
121	156	1.26701
121	163	1.67948
121	177	1.56109
121	179	1.64483
122	1	1.24067
122	4	1.09297
122	18	1.08439
122	19	1.05121
122	24	1.04862
122	28	1.04772
122	45	1.08933
122	50	1.08947
122	54	1.04985
122	57	1.1498
122	64	0.80254
122	71	0.983008
122	77	1.12818
122	83	0.894018
122	88	0.824634
122	107	1.07716
122	134	1.02995
122	155	0.982261
122	160	0.967136
122	166	0.935897
122	172	0.903483
122	173	0.911573
122	176	0.891607
122	177	0.9568
122	178	0.909433
122	179	0.919257
122	180	0.926316
123	17	1.09897
123	34	0.888095
123	45	1.11151
123	98	1.06149
123	99	1.01031
123	111	0.983901
123	112	0.715021
123	126	1.10755
123	132	1.06473
123	139	1.12038
123	149	0.867157
123	154	0.992747
123	156	1.0614
123	157	1.01377
123	163	0.970215
123	164	0.992164
123	165	0.979894
123	166	0.963183
123	167	1.01055
123	168	1.02586
123	170	0.914488
123	175	0.928185
123	176	0.918892
123	177	0.984085
123	178	0.936718
123	179	0.946542
123	180	0.953601
124	6	0.661295
124	31	1.11589
124	44	1.18143
124	50	0.764099
124	51	1.51769
124	60	1.29544
124	83	1.26416
124	93	1.13204
124	140	1.0613
124	154	0.967792
124	155	0.984591
124	158	0.928852
124	161	0.950187
124	162	1.01798
124	163	0.94526
124	164	0.967209
124	166	0.938227
124	168	1.00091
124	170	0.889532
124	171	0.923878
124	172	0.905813
124	175	0.903229
124	176	0.893937
124	178	0.911763
124	179	0.921586
124	180	0.928645
125	6	1.21137
125	11	0.925541
125	13	1.04249
125	36	0.985565
125	48	1.05364
125	52	1.01124
125	63	0.983106
125	67	0.983701
125	73	0.957809
125	83	1.02404
125	87	0.990444
125	96	1.04425
125	98	1.01984
125	104	0.672689
125	117	1.03123
125	118	1.00837
125	119	1.04182
125	120	0.989695
125	121	0.990028
125	127	1.00088
125	130	1.00094
125	132	1.27185
125	152	0.995685
125	160	1.44563
125	161	1.66807
125	164	1.42019
125	169	1.27139
125	174	1.23733
125	179	1.58946
126	3	1.00756
126	51	1.36386
126	61	1.07739
126	67	1.14286
126	74	0.965218
126	87	0.779433
126	91	1.11559
126	113	1.15713
126	123	1.10755
126	130	0.896124
126	137	1.0884
126	139	1.07181
126	147	1.08293
126	155	0.960983
126	158	0.905245
126	160	0.945858
126	162	0.994368
126	163	0.921652
126	164	0.943602
126	165	0.931332
126	167	0.961989
126	168	0.9773
126	170	0.865925
126	171	0.900271
126	173	0.890295
126	175	0.879622
126	178	0.888156
126	179	0.897979
126	180	0.905038
127	6	1.21152
127	11	0.925688
127	13	1.04263
127	36	0.985712
127	48	1.05378
127	52	1.01139
127	63	0.983253
127	67	0.983849
127	73	0.957956
127	83	1.02419
127	87	0.990591
127	96	1.0444
127	97	1.36487
127	98	1.01999
127	108	1.17051
127	117	1.03137
127	118	1.00852
127	119	1.04197
127	120	0.989842
127	121	0.990175
127	125	1.00088
127	130	1.00109
127	133	1.13726
127	137	0.8809
127	146	1.0366
127	162	1.03723
127	163	1.533
127	168	1.09475
127	175	1.95324
128	5	1.01943
128	16	0.558795
128	27	0.992376
128	39	0.947683
128	43	0.887625
128	70	0.966988
128	75	0.931192
128	77	0.991804
128	78	0.966945
128	85	0.912686
128	86	0.963478
128	88	0.972365
128	89	0.938208
128	99	0.990013
128	103	0.956587
128	106	0.957814
128	111	0.947385
128	114	0.983835
128	115	0.984054
128	116	0.984193
128	129	0.988006
128	135	1.01782
128	152	1.0533
128	155	1.58218
128	158	1.99571
128	159	1.47359
128	167	1.38472
128	169	1.32901
128	178	1.88231
129	7	0.957043
129	14	0.949694
129	34	1.12152
129	35	0.98825
129	43	0.949387
129	57	0.942265
129	65	1.0243
129	69	1.02628
129	76	1.00158
129	78	1.02871
129	79	1.10361
129	82	0.975317
129	89	0.99997
129	94	1.01001
129	100	1.06034
129	103	1.01835
129	106	1.01958
129	114	1.0456
129	115	1.04582
129	116	1.04596
129	128	0.988006
129	144	0.88521
129	145	1.25563
129	146	1.03534
129	154	1.50291
129	157	1.34206
129	167	1.23474
129	171	1.80089
129	179	1.49709
130	6	1.21158
130	11	0.925751
130	13	1.0427
130	36	0.985776
130	48	1.05385
130	52	1.01145
130	63	0.983316
130	67	0.983912
130	73	0.958019
130	83	1.02425
130	87	0.990654
130	96	1.04446
130	98	1.02005
130	108	1.24656
130	117	1.03144
130	118	1.00858
130	119	1.04203
130	120	0.989905
130	121	0.990239
130	125	1.00094
130	126	0.896124
130	127	1.00109
130	137	0.956955
130	143	0.677761
130	146	1.11265
130	162	1.11328
130	171	1.8782
130	173	1.81614
130	177	1.49067
131	20	1.04243
131	40	0.899945
131	59	1.19975
131	71	1.17195
131	74	1.00357
131	81	0.9056
131	88	1.01358
131	92	1.02744
131	95	1.09593
131	98	1.05024
131	101	1.05523
131	103	1.00068
131	112	1.08598
131	120	0.915985
131	134	1.07769
131	140	1.03854
131	142	1.09258
131	150	1.04987
131	169	0.966325
131	170	0.866779
131	171	0.901125
131	172	0.88306
131	173	0.891149
131	175	0.880476
131	176	0.871184
131	177	0.936376
131	178	0.88901
131	179	0.898833
131	180	0.905892
132	19	1.36059
132	55	0.902385
132	68	0.901415
132	77	1.70517
132	84	0.973311
132	87	1.14011
132	89	1.25919
132	111	1.3607
132	123	1.06473
132	125	1.27185
132	145	0.926047
132	151	0.928902
132	152	1.02085
132	153	1.03898
132	154	0.901365
132	156	0.97002
132	157	0.922383
132	159	0.913538
132	161	0.883761
132	163	0.878833
132	168	0.934481
132	170	0.823106
132	171	0.857451
132	173	0.847476
132	174	0.968676
132	175	0.836802
132	176	0.82751
132	178	0.845336
132	179	0.855159
132	180	0.862219
133	5	1.20816
133	14	1.71286
133	15	0.98652
133	17	0.98652
133	29	0.937033
133	40	0.904125
133	47	0.95959
133	66	0.944637
133	91	1.43278
133	111	1.31721
133	114	1.26449
133	117	1.22723
133	127	1.13726
133	135	0.995579
133	143	1.06921
133	149	0.967233
133	150	0.960409
133	151	0.88311
133	153	0.99319
133	155	0.872372
133	156	0.924228
133	157	0.876591
133	158	0.816633
133	161	0.837968
133	165	0.84272
133	172	0.793594
133	174	0.922884
133	176	0.781718
133	178	0.799544
133	179	0.809367
133	180	0.816426
134	4	1.02138
134	9	1.03956
134	18	1.0128
134	19	0.979619
134	24	0.977024
134	28	0.976126
134	31	0.987123
134	37	0.939717
134	44	0.921692
134	45	1.01774
134	46	0.937377
134	50	1.01788
134	54	0.978258
134	61	1.00309
134	71	0.948259
134	79	0.762955
134	90	0.976643
134	102	0.988925
134	105	0.994138
134	107	0.975144
134	109	0.969529
134	122	1.02995
134	131	1.07769
134	144	1.17146
134	149	1.00553
134	153	1.10287
134	156	1.40553
134	159	1.60986
134	166	1.82573
134	169	1.46528
134	174	1.43122
135	3	0.955905
135	15	1.10033
135	17	1.10033
135	23	1.06096
135	29	1.05085
135	35	1.01806
135	40	1.01794
135	60	1.07632
135	75	1.02277
135	77	1.08338
135	85	1.00426
135	88	1.06394
135	97	1.43994
135	99	1.08159
135	110	0.72648
135	111	1.03896
135	119	0.817812
135	128	1.01782
135	133	0.995579
135	136	1.0182
135	138	0.940987
135	142	0.82323
135	149	1.08105
135	150	1.07422
135	153	1.107
135	160	1.42959
135	164	1.40415
135	167	1.31106
135	174	1.0367
135	179	1.57342
136	2	1.34682
136	6	0.630524
136	80	0.988208
136	86	1.02514
136	90	0.807053
136	95	0.702057
136	102	1.43571
136	118	1.0463
136	135	1.0182
136	142	1.14449
136	143	1.21058
136	154	0.996947
136	156	1.0656
136	157	1.01797
136	158	0.958007
136	161	0.979342
136	162	1.04713
136	163	0.974414
136	166	0.967382
136	167	1.01475
136	168	1.03006
136	170	0.918687
136	172	0.934968
136	173	0.943057
136	174	1.06426
136	175	0.932384
136	176	0.923092
136	178	0.940918
136	179	0.950741
136	180	0.9578
137	36	0.95637
137	41	0.897604
137	54	1.15467
137	73	1.21534
137	74	1.02605
137	82	1.30432
137	109	1.20778
137	126	1.0884
137	127	0.8809
137	130	0.956955
137	138	1.10678
137	142	1.12114
137	154	0.973592
137	156	1.04225
137	159	0.985765
137	160	0.975265
137	161	0.955987
137	162	1.02378
137	165	0.960739
137	166	0.944027
137	167	0.991396
137	169	0.994878
137	170	0.895332
137	171	0.929678
137	172	0.911613
137	173	0.919703
137	175	0.909029
137	176	0.899737
137	177	0.96493
137	178	0.917563
137	179	0.927386
137	180	0.934446
138	19	1.04576
138	59	1.27297
138	70	0.992919
138	78	0.9201
138	99	1.07228
138	107	1.33932
138	113	1.17552
138	116	1.02646
138	120	0.989207
138	135	0.940987
138	137	1.10678
138	148	1.13235
138	151	0.990104
138	152	1.08205
138	154	0.962567
138	158	0.923627
138	161	0.944962
138	162	1.01275
138	164	0.961984
138	165	0.949714
138	166	0.933002
138	167	0.980371
138	168	0.995682
138	169	0.983853
138	170	0.884307
138	171	0.918653
138	172	0.900588
138	175	0.898004
138	176	0.888712
138	178	0.906538
138	179	0.916361
138	180	0.92342
139	29	0.449433
139	51	1.43041
139	59	1.29367
139	80	0.931706
139	91	1.18215
139	97	0.97121
139	99	1.09299
139	101	1.17314
139	121	1.03311
139	123	1.12038
139	126	1.07181
139	147	1.09576
139	149	0.949836
139	155	0.973808
139	156	1.02566
139	160	0.958683
139	161	0.939405
139	162	1.00719
139	163	0.934477
139	164	0.956426
139	166	0.927445
139	167	0.974814
139	168	0.990125
139	170	0.87875
139	171	0.913096
139	172	0.895031
