1	3	1.02225
1	7	1.02085
1	19	1.1203
1	20	1.1203
1	21	1.01364
1	30	1.01428
1	43	1.09494
1	48	1.09551
1	49	1.09587
1	134	1.13296
1	151	1.2659
1	154	1.53812
2	113	0.973068
2	116	0.965889
2	125	0.98729
2	136	0.939368
2	138	0.936738
2	141	0.94621
2	146	0.940148
2	148	0.963148
2	152	0.973055
2	155	0.958325
2	166	2.91778
2	177	0.732456
3	1	1.02225
3	6	1.02027
3	10	1.01865
3	19	0.973665
3	20	0.973665
3	21	0.867004
3	30	0.867645
3	43	0.948306
3	48	0.948872
3	49	0.949235
3	112	0.583944
3	176	3.17096
4	18	0.931596
4	52	0.984578
4	54	0.895848
4	56	0.971219
4	61	0.983498
4	75	0.9481
4	80	1.0277
4	82	0.948674
4	123	0.96433
4	133	0.965808
4	140	1.2589
4	177	2.18621
5	26	1.04542
5	65	1.0745
5	69	1.0816
5	83	1.06842
5	88	1.13846
5	92	1.044
5	105	1.07732
5	155	1.09445
5	161	0.85912
5	162	0.987519
5	172	1.06548
5	175	2.56342
6	3	1.02027
6	7	1.01886
6	19	1.11832
6	20	1.11832
6	21	1.01166
6	30	1.0123
6	43	1.09296
6	48	1.09353
6	49	1.09389
6	117	0.880434
6	154	1.12043
6	180	2.14834
7	1	1.02085
7	6	1.01886
7	10	1.01725
7	19	0.972264
7	20	0.972264
7	21	0.865603
7	30	0.866244
7	43	0.946905
7	48	0.947471
7	49	0.947834
7	117	1.66889
7	124	1.99824
8	47	0.977155
8	84	1.3058
8	97	0.95362
8	119	0.950913
8	129	0.964264
8	136	0.935419
8	146	0.936198
8	148	0.959199
8	149	1.98023
8	150	0.984732
8	152	0.969106
8	155	0.954376
9	13	0.709202
9	39	1.06641
9	110	1.09848
9	124	1.14273
9	136	1.04384
9	138	1.04121
9	141	1.05068
9	146	1.04462
9	148	1.06762
9	150	1.09316
9	152	1.07753
9	158	2.71939
10	3	1.01865
10	7	1.01725
10	19	1.1167
10	20	1.1167
10	21	1.01004
10	30	1.01069
10	43	1.09135
10	44	1.4305
10	48	1.09191
10	49	1.09227
10	123	1.34132
10	151	1.14617
11	31	0.825898
11	79	0.852507
11	122	0.873086
11	147	0.872246
11	157	0.775613
11	158	0.79408
11	171	0.762338
11	172	0.778546
11	177	0.788646
11	178	0.75211
11	179	0.753565
11	180	0.778322
12	24	1.02173
12	38	0.997532
12	55	0.951879
12	62	0.95177
12	63	0.951839
12	64	0.952027
12	81	1.00212
12	132	1.61435
12	133	0.952159
12	139	0.914351
12	149	1.74991
12	170	0.912033
13	9	0.709202
13	89	0.644705
13	146	0.352638
13	166	1.05091
13	172	1.08645
13	173	1.05716
13	174	1.10399
13	175	1.0484
13	176	1.02949
13	177	1.09655
13	179	1.06147
13	180	1.08623
14	47	0.97596
14	76	1.00017
14	103	1.16222
14	109	0.93539
14	117	0.953552
14	138	0.931593
14	141	0.941065
14	146	0.935004
14	148	0.958004
14	150	0.983537
14	152	0.967911
14	167	2.47211
15	60	1.09132
15	67	1.07202
15	70	1.07103
15	74	1.04298
15	93	1.11292
15	96	1.07859
15	98	1.09018
15	147	1.09068
15	151	0.95975
15	153	1.20122
15	174	1.95498
15	178	0.970545
16	36	1.10176
16	58	1.0522
16	70	1.03564
16	74	1.00759
16	79	1.03556
16	88	1.0889
16	107	1.04052
16	122	1.05614
16	132	0.534869
16	147	1.0553
16	160	2.903
16	170	1.09467
16	178	0.93516
17	24	1.00626
17	38	0.982062
17	55	0.93641
17	60	0.959595
17	62	0.936301
17	63	0.936369
17	64	0.936558
17	81	0.986651
17	123	1.52971
17	133	0.93669
17	139	0.898881
17	170	0.896564
17	177	2.08363
18	4	0.931596
18	28	1.00507
18	52	0.963159
18	54	0.874428
18	56	0.9498
18	61	0.962079
18	75	0.926681
18	80	1.00628
18	82	0.927255
18	123	0.942911
18	124	1.40768
18	133	0.944389
18	172	2.55857
19	1	1.1203
19	3	0.973665
19	6	1.11832
19	7	0.972264
19	10	1.1167
19	21	0.965057
19	30	0.965699
19	43	1.04636
19	48	1.04693
19	49	1.04729
19	140	0.709291
19	143	1.4318
19	180	2.18766
20	1	1.1203
20	3	0.973665
20	6	1.11832
20	7	0.972264
20	10	1.1167
20	21	0.965057
20	30	0.965699
20	43	1.04636
20	48	1.04693
20	49	1.04729
20	145	1.59768
20	163	0.988458
20	174	1.8055
21	1	1.01364
21	3	0.867004
21	6	1.01166
21	7	0.865603
21	10	1.01004
21	19	0.965057
21	20	0.965057
21	30	0.859038
21	43	0.939698
21	48	0.940265
21	49	0.940627
21	143	2.1549
21	149	1.49723
22	42	0.552152
22	88	0.150106
22	124	1.11706
22	148	0.0137214
22	157	1.03776
22	159	1.05671
22	169	1.00957
22	172	1.04069
22	173	1.0114
22	174	1.05822
22	176	0.983726
22	177	1.05079
22	180	1.04047
23	76	0.986881
23	109	0.922102
23	125	0.968858
23	134	1.37989
23	136	0.920936
23	138	0.918306
23	143	0.910746
23	146	0.921716
23	147	0.950293
23	148	0.944716
23	150	0.97025
23	152	0.954623
23	170	2.3443
24	12	1.02173
24	17	1.00626
24	55	1.04789
24	62	1.04778
24	63	1.04785
24	64	1.04804
24	81	1.09813
24	133	1.04817
24	139	1.01036
24	140	0.901586
24	170	1.00804
24	172	2.09953
24	180	1.8872
25	56	0.468583
25	129	0.126041
25	146	0.193807
25	157	1.03632
25	163	1.11951
25	164	1.05271
25	166	1.00371
25	169	1.00813
25	171	1.02304
25	174	1.05678
25	177	1.04935
25	179	1.01427
25	180	1.03903
26	5	1.04542
26	51	0.987592
26	59	0.962238
26	65	0.933337
26	69	0.940442
26	78	0.855771
26	83	0.927264
26	105	0.93616
26	118	1.67556
26	128	1.0179
26	155	0.953293
26	162	0.84636
26	164	2.20181
27	42	1.08958
27	51	1.10136
27	59	1.07601
27	65	1.04711
27	69	1.05421
27	78	0.96954
27	83	1.04103
27	92	1.01661
27	117	1.19318
27	130	1.50017
27	155	1.06706
27	162	0.960128
27	165	1.64962
28	18	1.00507
28	41	1.06931
28	54	0.969317
28	56	1.04469
28	66	1.11858
28	68	1.02945
28	75	1.02157
28	80	1.10117
28	82	1.02214
28	121	1.12258
28	123	1.0378
28	163	1.15288
28	174	1.96992
29	46	1.28084
29	55	1.20139
29	62	1.20128
29	63	1.20135
29	64	1.20154
29	81	1.25163
29	133	1.20167
29	135	1.39473
29	139	1.16386
29	140	0.623973
29	165	1.29087
29	170	1.16154
30	1	1.01428
30	3	0.867645
30	6	1.0123
30	7	0.866244
30	10	1.01069
30	19	0.965699
30	20	0.965699
30	21	0.859038
30	43	0.940339
30	48	0.940906
30	49	0.941269
30	72	1.21379
30	174	2.58681
31	11	0.825898
31	34	0.922386
31	36	1.02324
31	57	0.98221
31	58	0.973683
31	73	0.944596
31	79	0.95704
31	93	0.999022
31	98	0.976277
31	126	2.57075
31	143	1.20025
31	147	0.976779
31	178	0.856644
32	34	0.917726
32	36	1.01858
32	67	0.953457
32	70	0.952464
32	88	1.00572
32	89	0.937068
32	96	0.960028
32	98	0.971618
32	104	0.890328
32	122	0.97296
32	137	1.70376
32	153	1.96035
32	178	0.851984
33	39	0.134638
33	81	0.0924884
33	120	1.09289
33	136	0.520805
33	164	1.06118
33	166	1.01217
33	169	1.0166
33	172	1.04772
33	173	1.01842
33	174	1.06525
33	176	0.990754
33	177	1.05782
33	180	1.04749
34	31	0.922386
34	32	0.917726
34	57	0.974165
34	58	0.965637
34	79	0.948995
34	88	1.00234
34	89	0.933682
34	98	0.968232
34	101	1.57286
34	122	0.969574
34	142	3.0721
34	147	0.968734
34	178	0.848598
35	77	0.921418
35	86	0.971511
35	97	0.943826
35	129	0.95447
35	134	1.54515
35	136	0.925625
35	138	0.922995
35	139	2.09617
35	146	0.926405
35	148	0.949405
35	150	0.974938
35	152	0.959312
35	155	0.944582
36	16	1.10176
36	31	1.02324
36	32	1.01858
36	73	1.03741
36	96	1.0575
36	98	1.06909
36	104	0.987801
36	107	1.05482
36	122	1.07043
36	164	0.931028
36	171	1.86848
36	178	0.949456
36	179	1.86281
37	63	1.11432
37	74	0.175327
37	135	0.997026
37	144	0.983544
37	165	1.01545
37	168	0.907426
37	169	0.894628
37	172	0.925745
37	173	0.896451
37	174	0.943279
37	175	0.887692
37	177	0.935846
37	179	0.900765
37	180	0.925522
38	12	0.997532
38	17	0.982062
38	55	1.02369
38	60	1.04688
38	62	1.02358
38	63	1.02365
38	64	1.02384
38	81	1.07393
38	133	1.02397
38	139	0.986164
38	161	1.641
38	163	1.08417
38	169	2.62252
38	170	0.983847
39	9	1.06641
39	33	0.134638
39	99	1.26218
39	115	1.02942
39	116	1.0135
39	119	1.00247
39	129	1.01583
39	138	0.98435
39	141	0.993822
39	146	0.98776
39	148	1.01076
39	150	1.03629
39	152	1.02067
39	168	2.69988
40	103	1.16005
40	110	1.04834
40	116	1.02023
40	119	1.0092
40	129	1.02255
40	136	0.993709
40	138	0.991079
40	141	1.00055
40	143	0.983519
40	144	1.44159
40	148	1.01749
40	150	1.04302
40	152	1.0274
40	156	2.05695
41	28	1.06931
41	52	1.02741
41	54	0.938675
41	56	1.01405
41	61	1.02633
41	66	1.08794
41	68	0.998803
41	75	0.990928
41	80	1.07052
41	82	0.991502
41	99	1.5178
41	133	1.00864
41	151	0.76905
41	167	2.27301
42	22	0.552152
42	27	1.08958
42	50	1.08404
42	51	1.05914
42	59	1.03379
42	69	1.01199
42	78	0.927323
42	83	0.998816
42	92	0.974393
42	128	1.08945
42	153	1.24154
42	155	1.02485
42	162	0.917912
42	164	2.22111
43	1	1.09494
43	3	0.948306
43	6	1.09296
43	7	0.946905
43	10	1.09135
43	19	1.04636
43	20	1.04636
43	21	0.939698
43	30	0.940339
43	48	1.02157
43	49	1.02193
43	87	1.64995
43	111	2.02702
43	128	0.73193
44	10	1.4305
44	148	0.745971
44	153	1.02631
44	158	0.951631
44	161	0.964185
44	168	0.917778
44	169	0.904979
44	171	0.91989
44	172	0.936097
44	173	0.906803
44	174	0.95363
44	176	0.879134
44	179	0.911117
44	180	0.935874
45	97	0.155974
45	110	0.29527
45	129	0.108589
45	165	1.11366
45	167	1.02573
45	168	1.00563
45	172	1.02395
45	173	0.99466
45	174	1.04149
45	175	0.9859
45	176	0.966991
45	177	1.03405
45	179	0.998973
45	180	1.02373
46	29	1.28084
46	63	0.852233
46	149	0.994898
46	159	0.953529
46	165	1.02721
46	166	0.901962
46	169	0.906389
46	172	0.937506
46	173	0.908212
46	175	0.899453
46	176	0.880544
46	177	0.947607
46	179	0.912526
46	180	0.937283
47	8	0.977155
47	14	0.97596
47	72	0.939699
47	109	1.00732
47	116	1.03267
47	125	1.05407
47	128	0.925223
47	138	1.00352
47	141	1.01299
47	146	1.00693
47	147	1.03551
47	148	1.02993
47	152	1.03984
47	161	2.62359
48	1	1.09551
48	3	0.948872
48	6	1.09353
48	7	0.947471
48	10	1.09191
48	19	1.04693
48	20	1.04693
48	21	0.940265
48	30	0.940906
48	43	1.02157
48	49	1.0225
48	156	0.702837
48	158	1.5501
48	175	2.62227
49	1	1.09587
49	3	0.949235
49	6	1.09389
49	7	0.947834
49	10	1.09227
49	19	1.04729
49	20	1.04729
49	21	0.940627
49	30	0.941269
49	43	1.02193
49	48	1.0225
49	157	2.2398
49	170	0.65287
49	173	1.93713
50	42	1.08404
50	59	1.07047
50	65	1.04157
50	69	1.04867
50	78	0.964004
50	83	1.0355
50	92	1.01107
50	128	1.12613
50	155	1.06153
50	159	0.944973
50	162	0.954593
50	166	1.97711
50	178	1.87578
51	26	0.987592
51	27	1.10136
51	42	1.05914
51	65	1.01667
51	69	1.02378
51	78	0.939104
51	83	1.0106
51	90	1.60279
51	92	0.986174
51	128	1.10123
51	143	1.3665
51	155	1.03663
51	162	0.929693
51	170	1.65369
52	4	0.984578
52	18	0.963159
52	41	1.02741
52	54	0.92741
52	56	1.00278
52	61	1.01506
52	66	1.07667
52	75	0.979663
52	80	1.05926
52	82	0.980237
52	123	0.995893
52	133	0.997371
52	174	0.960217
52	178	2.79805
52	180	1.26511
53	118	0.985128
53	119	1.29521
53	125	0.656905
53	131	0.992582
53	149	0.977792
53	167	0.922175
53	168	0.902081
53	169	0.889283
53	171	0.904193
53	172	0.920401
53	173	0.891106
53	174	0.937934
53	176	0.863438
53	179	0.89542
53	180	0.920177
54	4	0.895848
54	18	0.874428
54	28	0.969317
54	41	0.938675
54	52	0.92741
54	61	0.92633
54	66	0.987942
54	68	0.898807
54	75	0.890932
54	80	0.970527
54	82	0.891506
54	123	0.907162
54	133	0.90864
54	145	1.8886
54	161	2.40729
55	12	0.951879
55	17	0.93641
55	24	1.04789
55	29	1.20139
55	38	1.02369
55	62	0.977932
55	63	0.978
55	64	0.978188
55	81	1.02828
55	104	1.98727
55	121	1.17962
55	133	0.97832
55	139	0.940512
55	162	2.89607
55	170	0.938194
56	4	0.971219
56	18	0.9498
56	25	0.468583
56	28	1.04469
56	41	1.01405
56	52	1.00278
56	61	1.0017
56	66	1.06331
56	75	0.966304
56	80	1.0459
56	82	0.966878
56	107	1.62158
56	123	0.982534
56	133	0.984012
56	145	1.97334
57	31	0.98221
57	34	0.974165
57	58	1.02546
57	67	1.0099
57	70	1.0089
57	74	0.980856
57	79	1.00882
57	93	1.0508
57	96	1.01647
57	102	2.33127
57	107	1.01379
57	117	1.0575
57	122	1.0294
57	130	1.3645
57	178	0.908423
58	16	1.0522
58	31	0.973683
58	34	0.965637
58	57	1.02546
58	73	0.987848
58	89	0.98498
58	93	1.04227
58	96	1.00794
58	107	1.00526
58	122	1.02087
58	147	1.02003
58	159	1.5142
58	168	1.7984
58	169	1.89957
58	178	0.899895
59	26	0.962238
59	27	1.07601
59	42	1.03379
59	50	1.07047
59	69	0.998421
59	78	0.91375
59	83	0.985242
59	92	0.96082
59	105	0.994139
59	128	1.07588
59	155	1.01127
59	156	0.891812
59	157	2.21923
59	162	0.904338
59	169	2.08848
60	15	1.09132
60	17	0.959595
60	38	1.04688
60	73	0.991586
60	74	0.976066
60	81	1.05147
60	96	1.01168
60	106	0.869851
60	112	0.693006
60	122	1.02461
60	126	3.02925
60	133	1.00151
60	139	0.963697
60	170	0.961379
60	178	0.903633
61	4	0.983498
61	18	0.962079
61	41	1.02633
61	52	1.01506
61	54	0.92633
61	56	1.0017
61	66	1.07559
61	68	0.986458
61	75	0.978583
61	80	1.05818
61	82	0.979156
61	108	1.93055
61	133	0.99629
61	151	0.933495
61	170	1.76496
62	12	0.95177
62	17	0.936301
62	24	1.04778
62	29	1.20128
62	38	1.02358
62	55	0.977932
62	63	0.977891
62	64	0.978079
62	81	1.02817
62	114	1.40742
62	133	0.978212
62	139	0.940403
62	151	1.45085
62	163	1.62904
62	170	0.938086
63	12	0.951839
63	17	0.936369
63	24	1.04785
63	29	1.20135
63	37	1.11432
63	38	1.02365
63	46	0.852233
63	55	0.978
63	62	0.977891
63	64	0.978148
63	81	1.02824
63	133	0.97828
63	139	0.940471
63	170	0.938154
63	180	1.67373
64	12	0.952027
64	17	0.936558
64	24	1.04804
64	29	1.20154
64	38	1.02384
64	55	0.978188
64	62	0.978079
64	63	0.978148
64	81	1.02843
64	102	1.66873
64	133	0.978468
64	139	0.940659
64	164	1.58378
64	170	0.938342
64	180	1.66287
65	5	1.0745
65	26	0.933337
65	27	1.04711
65	50	1.04157
65	51	1.01667
65	69	0.96952
65	78	0.884849
65	83	0.956342
65	88	1.02637
65	92	0.93192
65	95	1.43972
65	120	1.83562
65	128	1.04698
65	155	0.982371
65	162	0.875438
65	163	1.60403
66	28	1.11858
66	41	1.08794
66	52	1.07667
66	54	0.987942
66	56	1.06331
66	61	1.07559
66	68	1.04807
66	75	1.04019
66	80	1.11979
66	82	1.04077
66	84	0.539825
66	123	1.05642
66	127	1.09943
66	133	1.0579
66	154	1.59987
66	177	2.07672
67	15	1.07202
67	32	0.953457
67	57	1.0099
67	70	0.98481
67	73	0.972282
67	74	0.956762
67	79	0.984726
67	89	0.969414
67	93	1.02671
67	96	0.992373
67	105	1.51369
67	122	1.0053
67	128	1.18131
67	130	1.91279
67	147	1.00446
67	178	0.884329
68	28	1.02945
68	41	0.998803
68	54	0.898807
68	61	0.986458
68	66	1.04807
68	75	0.95106
68	82	0.951634
68	84	0.919626
68	106	1.46282
68	119	0.977169
68	135	2.29997
68	136	0.961674
68	148	0.985454
68	150	1.01099
68	152	0.995361
68	155	0.980631
69	5	1.0816
69	26	0.940442
69	27	1.05421
69	42	1.01199
69	50	1.04867
69	51	1.02378
69	59	0.998421
69	65	0.96952
69	78	0.891954
69	83	0.963447
69	92	0.939024
69	124	0.851352
69	155	0.989476
69	162	0.882543
69	171	1.35253
69	176	3.20794
70	15	1.07103
70	16	1.03564
70	32	0.952464
70	57	1.0089
70	67	0.98481
70	73	0.971289
70	79	0.983733
70	89	0.968421
70	98	1.00297
70	104	0.921681
70	107	0.988702
70	147	1.00347
70	159	2.19173
70	167	1.79343
70	174	1.2847
70	178	0.883336
71	92	1.15164
71	100	1.07587
71	147	0.487639
71	152	0.281799
71	158	1.00166
71	161	1.01422
71	164	0.999587
71	168	0.967809
71	171	0.969921
71	172	0.986128
71	173	0.956834
71	174	1.00366
71	175	0.948074
71	176	0.929165
71	179	0.961147
71	180	0.985905
72	30	1.21379
72	47	0.939699
72	85	1.03965
72	102	0.979979
72	122	0.453375
72	163	1.06972
72	166	0.95391
72	168	0.971135
72	171	0.973247
72	172	0.989454
72	174	1.00699
72	175	0.951401
72	176	0.932492
72	177	0.999554
72	179	0.964474
72	180	0.989231
73	31	0.944596
73	36	1.03741
73	58	0.987848
73	60	0.991586
73	67	0.972282
73	70	0.971289
73	74	0.943241
73	79	0.971205
73	89	0.955893
73	96	0.978853
73	98	0.990442
73	112	1.45331
73	122	0.991785
73	132	1.62583
73	147	0.990945
73	151	1.87478
73	178	0.870809
74	15	1.04298
74	16	1.00759
74	37	0.175327
74	57	0.980856
74	60	0.976066
74	67	0.956762
74	73	0.943241
74	88	1.00903
74	89	0.940373
74	93	0.997667
74	96	0.963333
74	98	0.974923
74	122	0.976265
74	147	0.975425
74	160	2.07439
74	162	2.84305
74	178	0.855289
75	4	0.9481
75	18	0.926681
75	28	1.02157
75	41	0.990928
75	52	0.979663
75	54	0.890932
75	56	0.966304
75	61	0.978583
75	66	1.04019
75	68	0.95106
75	80	1.02278
75	82	0.943758
75	123	0.959415
75	131	1.23642
75	133	0.960892
75	170	1.42689
75	179	2.74825
76	14	1.00017
76	23	0.986881
76	86	1.07624
76	112	0.818822
76	119	1.04585
76	125	1.07828
76	129	1.0592
76	136	1.03036
76	138	1.02773
76	139	1.22882
76	141	1.0372
76	146	1.03114
76	148	1.05414
76	150	1.07967
76	152	1.06404
76	164	2.03178
76	180	2.11087
77	35	0.921418
77	109	0.961372
77	115	1.00265
77	116	0.986726
77	119	0.9757
77	126	0.87495
77	127	0.726962
77	129	0.989051
77	138	0.957575
77	139	1.37326
77	141	0.967047
77	146	0.960986
77	148	0.983986
77	150	1.00952
77	152	0.993893
77	155	0.979163
77	171	3.11368
78	26	0.855771
78	27	0.96954
78	42	0.927323
78	50	0.964004
78	51	0.939104
78	59	0.91375
78	65	0.884849
78	69	0.891954
78	83	0.878775
78	88	0.948808
78	92	0.854353
78	105	0.887672
78	128	0.969409
78	155	0.904805
78	162	0.797872
78	163	1.29009
78	169	3.39953
79	11	0.852507
79	16	1.03556
79	31	0.95704
79	34	0.948995
79	57	1.00882
79	67	0.984726
79	70	0.983733
79	73	0.971205
79	89	0.968337
79	96	0.991297
79	98	1.00289
79	122	1.00423
79	135	1.42945
79	147	1.00339
79	177	1.586
79	178	0.883253
79	180	2.13706
80	4	1.0277
80	18	1.00628
80	28	1.10117
80	41	1.07052
80	52	1.05926
80	54	0.970527
80	56	1.0459
80	61	1.05818
80	66	1.11979
80	75	1.02278
80	82	1.02335
80	104	2.21273
80	123	1.03901
80	133	1.04049
80	172	1.22554
80	179	1.8659
80	180	1.01321
81	12	1.00212
81	17	0.986651
81	24	1.09813
81	29	1.25163
81	33	0.0924884
81	38	1.07393
81	55	1.02828
81	60	1.05147
81	62	1.02817
81	63	1.02824
81	64	1.02843
81	99	1.22003
81	111	1.3741
81	133	1.02856
81	139	0.990753
81	168	2.65773
81	170	0.988435
82	4	0.948674
82	18	0.927255
82	28	1.02214
82	41	0.991502
82	52	0.980237
82	54	0.891506
82	56	0.966878
82	61	0.979156
82	66	1.04077
82	68	0.951634
82	75	0.943758
82	80	1.02335
82	95	1.30179
82	121	1.43581
82	123	0.959989
82	133	0.961466
82	156	2.37888
83	5	1.06842
83	26	0.927264
83	27	1.04103
83	42	0.998816
83	50	1.0355
83	51	1.0106
83	59	0.985242
83	65	0.956342
83	69	0.963447
83	78	0.878775
83	85	1.72782
83	92	0.925846
83	105	0.959165
83	143	1.04655
83	155	0.976298
83	162	0.869364
83	169	2.7899
84	8	1.3058
84	66	0.539825
84	68	0.919626
84	98	0.340217
84	140	1.16104
84	153	1.11477
84	164	1.03802
84	167	1.02633
84	169	0.993442
84	171	1.00835
84	172	1.02456
84	173	0.995266
84	174	1.04209
84	175	0.986506
84	176	0.967597
84	177	1.03466
84	179	0.999579
84	180	1.02434
85	72	1.03965
85	83	1.72782
85	89	0.896324
85	103	0.986237
85	108	0.908716
85	120	0.9311
85	158	0.901457
85	159	0.901946
85	161	0.91401
85	167	0.887697
85	168	0.867604
85	169	0.854805
85	171	0.869715
85	173	0.856629
85	176	0.82896
85	177	0.896023
85	179	0.860942
85	180	0.8857
86	35	0.971511
86	76	1.07624
86	94	1.04383
86	106	0.983923
86	109	1.01146
86	113	1.044
86	114	1.18512
86	129	1.03914
86	136	1.0103
86	141	1.01714
86	143	1.00011
86	146	1.01108
86	148	1.03408
86	150	1.05961
86	152	1.04399
86	154	1.50077
86	155	1.02926
86	177	1.97763
87	43	1.64995
87	102	0.890205
87	122	1.35692
87	140	1.03616
87	144	0.957479
87	160	0.896454
87	161	0.927768
87	166	0.864136
87	167	0.901455
87	168	0.881361
87	169	0.868563
87	171	0.883473
87	174	0.917214
87	175	0.861627
87	176	0.842718
87	177	0.909781
87	179	0.8747
87	180	0.899457
88	5	1.13846
88	16	1.0889
88	22	0.150106
88	32	1.00572
88	34	1.00234
88	65	1.02637
88	74	1.00903
88	78	0.948808
88	92	0.995878
88	93	1.07897
88	122	1.05757
88	128	1.11093
88	155	1.04633
88	162	0.939397
88	165	1.08668
88	174	1.59326
88	178	0.936594
88	179	2.75085
89	13	0.644705
89	32	0.937068
89	34	0.933682
89	58	0.98498
89	67	0.969414
89	70	0.968421
89	73	0.955893
89	74	0.940373
89	79	0.968337
89	85	0.896324
89	93	1.01032
89	96	0.975984
89	98	0.987574
89	104	0.906285
89	107	0.973306
89	122	0.988916
89	142	3.9279
89	178	0.86794
90	51	1.60279
90	117	0.97455
90	142	0.883474
90	151	0.989803
90	152	1.39439
90	154	0.97127
90	161	0.918967
90	164	0.904338
90	167	0.892653
90	169	0.859761
90	172	0.890879
90	173	0.861585
90	174	0.908412
90	175	0.852825
90	176	0.833916
90	177	0.900979
90	179	0.865898
90	180	0.890656
91	100	0.920024
91	103	0.9306
91	121	0.930316
91	138	2.75638
91	142	0.822881
91	149	0.887678
91	164	0.843745
91	165	0.919989
91	167	0.83206
91	168	0.811967
91	169	0.799168
91	171	0.814078
91	172	0.830286
91	175	0.792232
91	176	0.773323
91	177	0.840386
91	179	0.805305
91	180	0.830062
92	5	1.044
92	27	1.01661
92	42	0.974393
92	50	1.01107
92	51	0.986174
92	59	0.96082
92	65	0.93192
92	69	0.939024
92	71	1.15164
92	78	0.854353
92	83	0.925846
92	88	0.995878
92	103	1.67773
92	105	0.934743
92	128	1.01648
92	139	1.90175
92	155	0.951876
92	162	0.844942
93	15	1.11292
93	31	0.999022
93	57	1.0508
93	58	1.04227
93	67	1.02671
93	74	0.997667
93	88	1.07897
93	89	1.01032
93	96	1.03328
93	98	1.04487
93	100	1.4988
93	104	0.963579
93	120	1.68592
93	122	1.04621
93	140	1.09791
93	147	1.04537
93	163	1.45434
93	178	0.925234
94	86	1.04383
94	101	2.62714
94	102	0.924127
94	107	1.00099
94	115	1.04039
94	116	1.02447
94	125	1.04587
94	126	0.91269
94	129	1.02679
94	136	0.997945
94	141	1.00479
94	146	0.998725
94	147	1.0273
94	148	1.02173
94	150	1.04726
94	152	1.03163
94	155	1.0169
94	159	1.77151
94	171	2.02774
95	65	1.43972
95	82	1.30179
95	121	1.04218
95	129	0.316227
95	130	1.02056
95	154	1.02254
95	165	1.03185
95	166	0.906603
95	167	0.943922
95	168	0.923829
95	171	0.92594
95	173	0.912854
95	174	0.959681
95	175	0.904094
95	176	0.885185
95	177	0.952248
95	178	0.915712
95	179	0.917167
95	180	0.941924
96	15	1.07859
96	32	0.960028
96	36	1.0575
96	57	1.01647
96	58	1.00794
96	60	1.01168
96	67	0.992373
96	73	0.978853
96	74	0.963333
96	79	0.991297
96	89	0.975984
96	93	1.03328
96	98	1.01053
96	107	0.996265
96	114	1.03189
96	122	1.01188
96	127	0.847104
96	144	1.55093
96	159	2.97759
96	178	0.8909
97	8	0.95362
97	35	0.943826
97	45	0.155974
97	109	0.98378
97	113	1.01631
97	115	1.02506
97	116	1.00913
97	125	1.03054
97	128	0.511254
97	129	1.01146
97	136	0.982614
97	138	0.979984
97	141	0.989456
97	146	0.983394
97	147	1.01197
97	148	1.00639
97	150	1.03193
97	152	1.0163
97	157	2.76812
97	179	2.50256
98	15	1.09018
98	31	0.976277
98	32	0.971618
98	34	0.968232
98	36	1.06909
98	70	1.00297
98	73	0.990442
98	74	0.974923
98	79	1.00289
98	84	0.340217
98	89	0.987574
98	93	1.04487
98	96	1.01053
98	104	0.940834
98	105	1.06817
98	106	0.883408
98	122	1.02347
98	147	1.02263
98	173	3.24376
98	178	0.90249
99	39	1.26218
99	41	1.5178
99	81	1.22003
99	104	0.954339
99	145	0.98043
99	159	0.958453
99	160	0.939203
99	163	1.02269
99	166	0.906886
99	169	0.911312
99	170	0.973741
99	171	0.926223
99	172	0.94243
99	173	0.913136
99	174	0.959963
99	175	0.904376
99	176	0.885467
99	177	0.95253
99	179	0.91745
99	180	0.942207
100	71	1.07587
100	91	0.920024
100	93	1.4988
100	125	0.775619
100	150	0.526915
100	154	1.00586
100	157	0.922533
100	160	0.922238
100	163	1.00573
100	164	0.938925
100	165	1.01517
100	167	0.92724
100	169	0.894348
100	171	0.909258
100	174	0.942998
100	175	0.887411
100	176	0.868502
100	177	0.935565
100	179	0.900485
100	180	0.925242
101	34	1.57286
101	94	2.62714
101	126	0.845205
101	127	1.04022
101	145	0.904117
101	154	0.946508
101	159	0.88214
101	160	0.86289
101	163	0.946382
101	164	0.879577
101	165	0.95582
101	167	0.867892
101	171	0.84991
101	172	0.866117
101	173	0.836823
101	174	0.883651
101	175	0.828063
101	176	0.809154
101	177	0.876217
101	179	0.841137
101	180	0.865894
102	57	2.33127
102	64	1.66873
102	72	0.979979
102	87	0.890205
102	94	0.924127
102	110	0.945228
102	115	0.933036
102	119	0.906089
102	143	0.880404
102	146	0.891374
102	148	0.914374
102	149	0.883643
102	150	0.939908
102	151	0.925176
102	153	0.916466
102	167	0.828026
102	174	0.843785
102	175	0.788198
102	176	0.769289
102	180	0.826028
103	14	1.16222
103	40	1.16005
103	85	0.986237
103	91	0.9306
103	92	1.67773
103	153	1.02626
103	154	1.01643
103	164	0.949501
103	165	1.02574
103	166	0.900497
103	168	0.917722
103	169	0.904924
103	171	0.919834
103	173	0.906747
103	174	0.953575
103	175	0.897987
103	176	0.879078
103	177	0.946141
103	179	0.911061
103	180	0.935818
104	32	0.890328
104	36	0.987801
104	55	1.98727
104	70	0.921681
104	80	2.21273
104	89	0.906285
104	93	0.963579
104	98	0.940834
104	99	0.954339
104	122	0.942176
104	156	0.890494
104	160	0.844409
104	165	0.937339
104	166	0.812091
104	172	0.847636
104	173	0.818341
104	174	0.865169
104	176	0.790673
104	178	0.8212
104	179	0.822655
104	180	0.847412
105	5	1.07732
105	26	0.93616
105	59	0.994139
105	67	1.51369
105	78	0.887672
105	83	0.959165
105	92	0.934743
105	98	1.06817
105	119	1.13139
105	121	1.00192
105	135	0.973175
105	142	0.894489
105	155	0.985194
105	157	0.898962
105	159	0.917917
105	162	0.878261
105	164	0.915354
105	174	0.919427
105	176	0.844931
105	179	0.876914
105	180	0.901671
106	60	0.869851
106	68	1.46282
106	86	0.983923
106	98	0.883408
106	144	1.04798
106	156	1.03304
106	158	1.00571
106	163	1.07044
106	166	0.954633
106	167	0.991952
106	168	0.971858
106	169	0.95906
106	171	0.97397
106	172	0.990177
106	173	0.960883
106	174	1.00771
106	175	0.952124
106	176	0.933215
106	177	1.00028
106	179	0.965197
106	180	0.989954
107	16	1.04052
107	36	1.05482
107	56	1.62158
107	57	1.01379
107	58	1.00526
107	70	0.988702
107	89	0.973306
107	94	1.00099
107	96	0.996265
107	150	0.73991
107	160	0.91143
107	166	0.879112
107	172	0.914657
107	173	0.885362
107	175	0.876603
107	176	0.857694
107	177	0.924757
107	178	0.888221
107	179	0.889676
107	180	0.914433
108	61	1.93055
108	85	0.908716
108	131	0.930702
108	136	1.89665
108	137	0.986558
108	144	0.916319
108	154	0.938911
108	157	0.855588
108	158	0.874054
108	159	0.874543
108	161	0.886608
108	164	0.87198
108	165	0.948223
108	166	0.822976
108	168	0.840201
108	171	0.842313
108	172	0.85852
108	174	0.876053
108	176	0.801557
108	177	0.86862
108	179	0.83354
108	180	0.858297
109	14	0.93539
109	23	0.922102
109	47	1.00732
109	77	0.961372
109	86	1.01146
109	97	0.98378
109	115	1.00802
109	116	0.9921
109	123	0.884425
109	126	0.880323
109	129	0.994424
109	136	0.965579
109	138	0.962949
109	143	0.955389
109	146	0.966359
109	147	0.994936
109	148	0.989359
109	150	1.01489
109	152	0.999266
109	160	2.7304
109	174	1.08585
109	178	2.92368
110	9	1.09848
110	40	1.04834
110	45	0.29527
110	102	0.945228
110	113	1.05275
110	115	1.06149
110	119	1.03454
110	125	1.06697
110	126	0.933791
110	127	0.660076
110	136	1.01905
110	137	1.02124
110	138	1.01642
110	141	1.02589
110	146	1.01983
110	147	1.0484
110	148	1.04283
110	150	1.06836
110	152	1.05273
110	155	1.038
110	165	0.977691
110	176	4.50294
111	43	2.02702
111	81	1.3741
111	118	0.969528
111	130	0.983209
111	138	0.355256
111	151	1.00373
111	153	0.995015
111	157	0.901869
111	159	0.920824
111	161	0.932888
111	163	0.985065
111	164	0.91826
111	166	0.869256
111	167	0.906575
111	171	0.888593
111	172	0.904801
111	173	0.875506
111	174	0.922334
111	175	0.866747
111	176	0.847838
111	177	0.914901
111	179	0.87982
111	180	0.904577
112	3	0.583944
112	60	0.693006
112	73	1.45331
112	76	0.818822
112	136	0.478116
112	137	1.14306
112	151	1.11395
112	156	1.05788
112	161	1.04311
112	164	1.02848
112	167	1.0168
112	168	0.996704
112	169	0.983906
112	170	1.04633
112	171	0.998816
112	173	0.985729
112	174	1.03256
112	175	0.97697
112	176	0.958061
112	177	1.02512
112	178	0.988588
112	179	0.990043
112	180	1.0148
113	2	0.973068
113	86	1.044
113	97	1.01631
113	110	1.05275
113	115	1.04055
113	116	1.02463
113	117	1.01744
113	118	1.4767
113	119	1.01361
113	125	1.04604
113	128	0.861468
113	129	1.02696
113	136	0.998113
113	137	0.766794
113	138	0.995483
113	141	1.00495
113	143	0.987923
113	144	1.25752
113	146	0.998893
113	148	1.02189
113	150	1.04743
113	152	1.0318
113	178	3.61498
114	62	1.40742
114	86	1.18512
114	96	1.03189
114	138	0.131946
114	156	1.01849
114	160	0.972405
114	162	0.951998
114	163	1.0559
114	164	0.989091
114	166	0.940087
114	167	0.977406
114	168	0.957312
114	169	0.944514
114	171	0.959424
114	172	0.975632
114	173	0.946337
114	174	0.993165
114	175	0.937578
114	176	0.918669
114	177	0.985732
114	178	0.949196
114	179	0.950651
114	180	0.975408
115	39	1.02942
115	77	1.00265
115	94	1.04039
115	97	1.02506
115	102	0.933036
115	109	1.00802
115	110	1.06149
115	113	1.04055
115	116	1.03338
115	119	1.02235
115	136	1.00685
115	137	1.3003
115	138	1.00422
115	140	1.13719
115	141	1.0137
115	143	0.996665
115	144	1.79103
115	146	1.00763
115	148	1.03063
115	149	1.20203
115	150	1.05617
115	152	1.04054
115	165	1.80408
116	2	0.965889
116	39	1.0135
116	40	1.02023
116	47	1.03267
116	77	0.986726
116	94	1.02447
116	97	1.00913
116	109	0.9921
116	113	1.02463
116	115	1.03338
116	119	1.00643
116	130	0.822548
116	135	1.07585
116	136	0.990934
116	138	0.988303
116	141	0.997775
116	144	0.958938
116	146	0.991714
116	148	1.01471
116	150	1.04025
116	152	1.02462
116	155	1.00989
116	156	1.5743
116	166	3.41774
117	6	0.880434
117	7	1.66889
117	14	0.953552
117	27	1.19318
117	57	1.0575
117	90	0.97455
117	113	1.01744
117	129	1.01259
117	136	0.983741
117	141	0.990583
117	146	0.984521
117	150	1.03305
117	151	1.01832
117	152	1.01743
117	155	1.0027
117	157	0.916466
117	161	0.947486
117	167	0.921173
117	171	0.903191
117	172	0.919398
117	173	0.890104
117	175	0.881345
117	179	0.894418
117	180	0.919175
118	26	1.67556
118	53	0.985128
118	111	0.969528
118	113	1.4767
118	130	0.978863
118	147	1.02111
118	153	0.990669
118	158	0.915988
118	163	0.980719
118	165	0.990157
118	166	0.86491
118	168	0.882135
118	169	0.869337
118	170	0.931765
118	171	0.884247
118	172	0.900454
118	173	0.87116
118	174	0.917987
118	175	0.8624
118	176	0.843491
118	177	0.910554
118	178	0.874019
118	179	0.875474
118	180	0.900231
119	8	0.950913
119	39	1.00247
119	40	1.0092
119	53	1.29521
119	68	0.977169
119	76	1.04585
119	77	0.9757
119	102	0.906089
119	105	1.13139
119	110	1.03454
119	113	1.01361
119	115	1.02235
119	116	1.00643
119	125	1.02783
119	131	1.83226
119	134	1.05832
119	138	0.977277
119	141	0.986749
119	146	0.980687
119	147	1.00926
119	148	1.00369
119	150	1.02922
119	152	1.01359
119	153	1.43273
119	155	0.998865
120	33	1.09289
120	65	1.83562
120	85	0.9311
120	93	1.68592
120	124	0.957279
120	141	0.819214
120	145	0.918904
120	149	0.938296
120	151	0.979828
120	156	0.923763
120	157	0.877972
120	161	0.908991
120	163	0.961168
120	164	0.894363
120	165	0.970607
120	169	0.849786
120	171	0.864696
120	172	0.880904
120	173	0.85161
120	174	0.898437
120	175	0.84285
120	176	0.823941
120	177	0.891004
120	179	0.855923
120	180	0.880681
121	28	1.12258
121	55	1.17962
121	82	1.43581
121	91	0.930316
121	95	1.04218
121	105	1.00192
121	125	0.700853
121	140	1.07223
121	142	0.928352
121	144	0.993556
121	149	0.993149
121	153	1.02597
121	158	0.951292
121	159	0.95178
121	167	0.937532
121	168	0.917438
121	169	0.90464
121	171	0.91955
121	174	0.953291
121	175	0.897704
121	176	0.878795
121	177	0.945858
121	178	0.909322
121	179	0.910777
121	180	0.935534
122	11	0.873086
122	16	1.05614
122	32	0.97296
122	34	0.969574
122	36	1.07043
122	57	1.0294
122	58	1.02087
122	60	1.02461
122	67	1.0053
122	72	0.453375
122	73	0.991785
122	74	0.976265
122	79	1.00423
122	87	1.35692
122	88	1.05757
122	89	0.988916
122	93	1.04621
122	96	1.01188
122	98	1.02347
122	104	0.942176
122	147	1.02397
122	163	1.00936
122	170	1.66262
122	172	2.34362
122	178	0.903832
123	4	0.96433
123	10	1.34132
123	17	1.52971
123	18	0.942911
123	28	1.0378
123	52	0.995893
123	54	0.907162
123	56	0.982534
123	66	1.05642
123	75	0.959415
123	80	1.03901
123	82	0.959989
123	109	0.884425
123	126	0.884773
123	133	0.977123
123	140	1.04216
123	146	1.1063
123	160	0.902459
123	166	0.870142
123	168	0.887367
123	172	0.905686
123	173	0.876392
123	175	0.867632
123	176	0.848723
123	177	0.915786
123	179	0.880705
123	180	0.905463
124	7	1.99824
124	9	1.14273
124	18	1.40768
124	22	1.11706
124	69	0.851352
124	120	0.957279
124	144	0.969901
124	149	0.969494
124	151	1.01103
124	153	1.00232
124	154	0.992494
124	160	0.908876
124	163	0.992367
124	165	1.00181
124	166	0.876558
124	168	0.893783
124	170	0.943413
124	171	0.895895
124	172	0.912103
124	173	0.882808
124	174	0.929636
124	175	0.874049
124	176	0.85514
124	177	0.922203
124	178	0.885667
124	179	0.887122
124	180	0.911879
125	2	0.98729
125	23	0.968858
125	47	1.05407
125	53	0.656905
125	76	1.07828
125	94	1.04587
125	97	1.03054
125	100	0.775619
125	110	1.06697
125	113	1.04604
125	119	1.02783
125	121	0.700853
125	126	0.92708
125	129	1.04118
125	136	1.01234
125	137	0.537844
125	138	1.0097
125	141	1.01918
125	143	1.00215
125	146	1.01311
125	147	1.04169
125	148	1.03612
125	150	1.06165
125	152	1.04602
125	155	1.03129
125	165	1.04162
125	166	3.48736
126	31	2.57075
126	60	3.02925
126	77	0.87495
126	94	0.91269
126	101	0.845205
126	109	0.880323
126	110	0.933791
126	123	0.884773
126	125	0.92708
126	129	0.908002
126	138	0.876527
126	139	0.848443
126	141	0.885999
126	142	0.807409
126	148	0.902938
126	150	0.928471
126	152	0.912845
126	154	0.895206
126	158	0.830349
126	161	0.842902
126	167	0.816589
126	168	0.796495
126	172	0.814814
126	173	0.78552
126	174	0.832348
126	177	0.824915
126	179	0.789834
126	180	0.814591
127	66	1.09943
127	77	0.726962
127	96	0.847104
127	101	1.04022
127	110	0.660076
127	133	1.05579
127	137	1.13787
127	144	1.06763
127	150	0.076039
127	156	1.05269
127	159	1.02585
127	161	1.03792
127	163	1.09009
127	164	1.02329
127	166	0.974286
127	168	0.991511
127	169	0.978713
127	170	1.04114
127	171	0.993623
127	172	1.00983
127	173	0.980536
127	174	1.02736
127	175	0.971777
127	176	0.952868
127	177	1.01993
127	178	0.983395
127	179	0.98485
127	180	1.00961
128	26	1.0179
128	42	1.08945
128	43	0.73193
128	47	0.925223
128	50	1.12613
128	51	1.10123
128	59	1.07588
128	65	1.04698
128	67	1.18131
128	78	0.969409
128	88	1.11093
128	92	1.01648
128	97	0.511254
128	113	0.861468
128	133	0.891741
128	144	1.04143
128	154	1.06402
128	155	1.06693
128	157	0.980699
128	162	0.959998
128	166	0.948087
128	167	0.985405
128	169	0.952513
128	172	0.983631
128	176	0.926668
128	177	0.993731
128	179	0.95865
128	180	0.983408
129	8	0.964264
129	25	0.126041
129	35	0.95447
129	39	1.01583
129	40	1.02255
129	45	0.108589
129	76	1.0592
129	77	0.989051
129	86	1.03914
129	94	1.02679
129	95	0.316227
129	97	1.01146
129	109	0.994424
129	113	1.02696
129	117	1.01259
129	125	1.04118
129	126	0.908002
129	136	0.993258
129	138	0.990628
129	141	1.0001
129	146	0.994038
129	147	1.02262
129	148	1.01704
129	150	1.04257
129	152	1.02695
129	155	1.01222
129	161	1.60845
129	175	3.31275
129	179	2.45517
130	27	1.50017
130	57	1.3645
130	67	1.91279
130	95	1.02056
130	111	0.983209
130	116	0.822548
130	118	0.978863
130	131	0.986317
130	140	1.05061
130	154	0.994526
130	156	0.956994
130	158	0.929669
130	159	0.930158
130	160	0.910908
130	163	0.9944
130	166	0.878591
130	167	0.915909
130	168	0.895816
130	171	0.897928
130	172	0.914135
130	173	0.884841
130	174	0.931668
130	175	0.876081
130	176	0.857172
130	177	0.924235
130	178	0.8877
130	179	0.889155
130	180	0.913912
131	53	0.992582
131	75	1.23642
131	108	0.930702
131	119	1.83226
131	130	0.986317
131	134	1.00785
131	142	0.900503
131	149	0.9653
131	150	0.945251
131	151	1.00683
131	155	0.395451
131	157	0.904976
131	158	0.923443
131	160	0.904681
131	161	0.935996
131	163	0.988173
131	165	0.997611
131	167	0.909683
131	168	0.889589
131	169	0.876791
131	170	0.939219
131	171	0.891701
131	173	0.878614
131	174	0.925441
131	175	0.869854
131	176	0.850945
131	177	0.918008
131	179	0.882928
131	180	0.907685
132	12	1.61435
132	16	0.534869
132	73	1.62583
132	133	1.03505
132	134	1.04245
132	145	0.980501
132	149	0.999893
132	150	0.0553023
132	153	1.03272
132	154	1.02289
132	156	0.98536
132	157	0.939569
132	160	0.939274
132	161	0.970589
132	162	0.918868
132	163	1.02277
132	164	0.955961
132	165	1.0322
132	166	0.906957
132	169	0.911384
132	170	0.973812
132	171	0.926294
132	172	0.942501
132	173	0.913207
132	174	0.960035
132	175	0.904448
132	176	0.885539
132	177	0.952602
132	179	0.917521
132	180	0.942278
133	4	0.965808
133	12	0.952159
133	17	0.93669
133	18	0.944389
133	24	1.04817
133	29	1.20167
133	38	1.02397
133	41	1.00864
133	52	0.997371
133	54	0.90864
133	55	0.97832
133	56	0.984012
133	60	1.00151
133	61	0.99629
133	62	0.978212
133	63	0.97828
133	64	0.978468
133	66	1.0579
133	75	0.960892
133	80	1.04049
133	81	1.02856
133	82	0.961466
133	123	0.977123
133	127	1.05579
133	128	0.891741
133	132	1.03505
133	139	0.940792
133	149	1.17061
133	154	1.55622
133	170	0.938474
133	177	2.03308
134	1	1.13296
134	23	1.37989
134	35	1.54515
134	119	1.05832
134	131	1.00785
134	132	1.04245
134	143	0.989825
134	144	0.993471
134	145	0.973672
134	152	0.480876
134	153	1.02589
134	156	0.978531
134	157	0.93274
134	159	0.951695
134	161	0.96376
134	163	1.01594
134	164	0.949132
134	165	1.02538
134	166	0.900128
134	167	0.937447
134	168	0.917353
134	169	0.904555
134	172	0.935672
134	173	0.906378
134	174	0.953206
134	175	0.897619
134	176	0.87871
134	177	0.945773
134	178	0.909237
134	179	0.910692
134	180	0.935449
135	29	1.39473
135	37	0.997026
135	68	2.29997
135	79	1.42945
135	105	0.973175
135	116	1.07585
135	142	0.899603
135	143	0.961161
135	144	0.964806
135	145	0.945008
135	151	1.00593
135	157	0.904076
135	158	0.922542
135	159	0.923031
135	160	0.903781
135	161	0.935095
135	165	0.996711
135	166	0.871464
135	167	0.908782
135	168	0.888689
135	169	0.87589
135	171	0.8908
135	172	0.907008
135	173	0.877714
135	174	0.924541
135	175	0.868954
135	176	0.850045
135	177	0.917108
135	178	0.880572
135	179	0.882027
135	180	0.906785
136	2	0.939368
136	8	0.935419
136	9	1.04384
136	23	0.920936
136	33	0.520805
136	35	0.925625
136	40	0.993709
136	68	0.961674
136	76	1.03036
136	86	1.0103
136	94	0.997945
136	97	0.982614
136	108	1.89665
136	109	0.965579
136	110	1.01905
136	112	0.478116
136	113	0.998113
136	115	1.00685
136	116	0.990934
136	117	0.983741
136	125	1.01234
136	129	0.993258
136	138	0.961783
136	141	0.971255
136	146	0.965193
136	147	0.99377
136	148	0.988193
136	152	0.9981
136	153	1.14107
136	155	0.98337
136	158	2.83782
136	165	1.38825
137	32	1.70376
137	108	0.986558
137	110	1.02124
137	112	1.14306
137	113	0.766794
137	115	1.3003
137	125	0.537844
137	127	1.13787
137	142	0.95636
137	145	1.00176
137	148	0.446523
137	149	1.02116
137	154	1.04416
137	156	1.00662
137	159	0.979788
137	160	0.960538
137	161	0.991852
137	164	0.977224
137	165	1.05347
137	166	0.92822
137	167	0.965539
137	168	0.945446
137	169	0.932647
137	170	0.995075
137	171	0.947557
137	172	0.963765
137	173	0.93447
137	175	0.925711
137	176	0.906802
137	177	0.973865
137	179	0.938784
137	180	0.963541
138	2	0.936738
138	9	1.04121
138	14	0.931593
138	23	0.918306
138	35	0.922995
138	39	0.98435
138	40	0.991079
138	47	1.00352
138	76	1.02773
138	77	0.957575
138	91	2.75638
138	97	0.979984
138	109	0.962949
138	110	1.01642
138	111	0.355256
138	113	0.995483
138	114	0.131946
138	115	1.00422
138	116	0.988303
138	119	0.977277
138	125	1.0097
138	126	0.876527
138	129	0.990628
138	136	0.961783
138	141	0.968624
138	146	0.962563
138	148	0.985563
138	150	1.0111
138	152	0.99547
138	155	0.98074
138	160	2.09221
138	162	2.86088
138	165	0.712786
139	12	0.914351
139	17	0.898881
139	24	1.01036
139	29	1.16386
139	35	2.09617
139	38	0.986164
139	55	0.940512
139	60	0.963697
139	62	0.940403
139	63	0.940471
139	64	0.940659
139	76	1.22882
139	77	1.37326
139	81	0.990753
139	92	1.90175
139	126	0.848443
139	133	0.940792
139	145	0.907355
139	149	0.926747
139	157	0.866423
139	159	0.885378
139	166	0.833811
139	167	0.871129
139	168	0.851036
139	169	0.838237
139	170	0.900666
139	171	0.853148
139	172	0.869355
139	174	0.886888
139	175	0.831301
139	177	0.879455
139	179	0.844374
139	180	0.869132
140	4	1.2589
140	19	0.709291
140	24	0.901586
140	29	0.623973
140	84	1.16104
140	87	1.03616
140	93	1.09791
140	115	1.13719
140	121	1.07223
140	123	1.04216
140	130	1.05061
140	145	1.0102
140	146	0.732914
140	149	1.0296
140	154	1.0526
140	156	1.01506
140	157	0.969272
140	158	0.987738
140	159	0.988227
140	160	0.968977
140	163	1.05247
140	164	0.985663
140	165	1.06191
140	167	0.973978
140	168	0.953885
140	169	0.941086
140	170	1.00351
140	171	0.955996
140	172	0.972204
140	173	0.94291
140	175	0.93415
140	176	0.915241
140	177	0.982304
140	179	0.947223
140	180	0.971981
141	2	0.94621
141	9	1.05068
141	14	0.941065
141	39	0.993822
141	40	1.00055
141	47	1.01299
141	76	1.0372
141	77	0.967047
141	86	1.01714
141	94	1.00479
141	97	0.989456
141	110	1.02589
141	113	1.00495
141	115	1.0137
141	116	0.997775
141	117	0.990583
141	119	0.986749
141	120	0.819214
141	125	1.01918
141	126	0.885999
141	129	1.0001
141	136	0.971255
141	138	0.968624
141	143	0.961065
141	146	0.972035
141	147	1.00061
141	148	0.995035
141	150	1.02057
141	152	1.00494
141	155	0.990212
141	163	0.587632
141	164	1.63048
141	165	0.898099
141	167	1.9134
141	168	2.59589
141	171	2.56793
142	34	3.0721
142	89	3.9279
142	90	0.883474
142	91	0.822881
142	105	0.894489
142	121	0.928352
142	126	0.807409
142	131	0.900503
142	135	0.899603
142	137	0.95636
142	144	0.88612
142	145	0.866322
142	153	0.918536
142	156	0.871181
142	158	0.843856
142	159	0.844345
142	160	0.825095
142	161	0.856409
142	162	0.804688
142	163	0.908586
142	165	0.918025
142	166	0.792777
142	167	0.830096
142	168	0.810003
142	169	0.797204
142	171	0.812114
142	172	0.828322
142	173	0.799028
142	174	0.845855
142	175	0.790268
142	176	0.771359
