1	24	0.757721
1	32	0.738959
1	40	0.729396
1	63	0.766353
1	65	0.710735
1	77	0.697267
1	98	0.705995
1	139	0.703556
1	143	0.692391
1	154	3.66104
1	161	0.734981
1	180	3.54319
2	46	0.716869
2	102	0.718865
2	108	0.7235
2	115	0.707743
2	124	0.724593
2	127	0.722359
2	129	0.714285
2	135	0.734212
2	138	0.756232
2	142	2.92393
2	151	4.26619
2	178	0.682404
3	4	0.849865
3	9	0.7717
3	13	0.829281
3	18	1.77008
3	22	0.828504
3	26	0.812878
3	27	0.812605
3	111	0.77571
3	132	0.795192
3	144	2.47001
3	169	0.763951
3	180	3.85302
4	3	0.849865
4	13	0.824848
4	22	0.82407
4	26	0.808445
4	27	0.808171
4	49	2.90544
4	111	0.771276
4	118	2.33573
4	132	0.790758
4	137	0.777861
4	139	2.81745
4	169	0.759517
5	12	0.861642
5	16	0.777743
5	23	0.860827
5	28	0.767614
5	44	0.820726
5	45	0.820311
5	134	1.6249
5	137	0.79605
5	149	1.85666
5	155	0.731186
5	166	0.803316
5	172	4.81802
6	8	0.700479
6	15	0.677571
6	19	0.755779
6	48	0.724476
6	51	0.724385
6	57	0.779033
6	119	0.706878
6	132	0.714918
6	156	3.30011
6	165	0.759545
6	177	3.8325
6	180	0.680267
7	20	0.769518
7	25	0.749329
7	30	0.679345
7	33	0.747296
7	34	0.746666
7	47	0.732124
7	98	0.70998
7	113	3.62142
7	132	0.719125
7	139	0.707541
7	149	3.50457
7	169	0.687884
8	6	0.700479
8	15	0.684298
8	48	0.731204
8	51	0.731113
8	57	0.78576
8	106	0.681511
8	117	2.91925
8	119	0.713606
8	125	3.98979
8	132	0.721646
8	165	0.766273
8	180	0.686995
9	3	0.7717
9	13	0.746683
9	22	0.745906
9	26	0.73028
9	27	0.730007
9	97	0.703537
9	111	0.693111
9	132	0.712593
9	137	0.699697
9	149	3.7304
9	169	0.681353
9	178	3.45933
10	38	1.58091
10	67	0.786176
10	78	0.781022
10	80	0.815746
10	88	0.803062
10	92	0.796276
10	98	0.793927
10	114	2.63873
10	156	3.7816
10	161	0.822913
10	165	0.847699
10	174	0.754253
11	59	0.690067
11	73	0.747086
11	100	0.672949
11	102	0.708937
11	107	0.723011
11	124	0.714666
11	127	0.712432
11	129	0.704358
11	135	0.724284
11	138	0.746305
11	147	3.27002
11	167	4.46086
11	178	0.672476
12	5	0.861642
12	16	0.757577
12	28	0.747448
12	31	0.82327
12	44	0.80056
12	45	0.800145
12	111	0.769299
12	137	0.775884
12	155	0.71102
12	166	0.78315
12	173	2.79258
12	178	1.82151
12	179	4.30019
13	3	0.829281
13	4	0.824848
13	9	0.746683
13	22	0.803487
13	26	0.787861
13	27	0.787588
13	97	0.761118
13	132	0.770174
13	137	0.757278
13	141	1.85431
13	156	2.53723
13	169	0.738934
13	170	4.38697
14	24	0.748874
14	40	0.720549
14	63	0.757506
14	65	0.701888
14	77	0.68842
14	97	0.697236
14	98	0.697148
14	106	0.666157
14	122	2.60866
14	139	0.694709
14	146	7.54415
14	150	0.721535
14	161	0.726134
15	6	0.677571
15	8	0.684298
15	19	0.739598
15	21	0.737104
15	48	0.708296
15	51	0.708204
15	57	0.762852
15	119	0.690697
15	132	0.698737
15	143	2.64887
15	157	4.8374
15	165	0.743364
15	180	0.664087
16	5	0.777743
16	12	0.757577
16	23	0.756762
16	28	0.663549
16	31	0.739371
16	44	0.716661
16	45	0.716246
16	111	0.6854
16	128	4.28843
16	137	0.691985
16	143	3.10805
16	155	0.627121
16	166	0.699251
17	36	0.834507
17	55	0.803321
17	58	0.80176
17	60	0.817298
17	61	0.802006
17	72	0.790774
17	103	1.20866
17	163	0.717558
17	170	3.63853
17	171	0.719811
17	178	0.771483
17	179	3.9476
17	180	0.76352
18	3	1.77008
18	65	2.45475
18	104	0.722214
18	130	0.714512
18	145	0.747117
18	149	0.722464
18	151	0.721987
18	157	0.699765
18	160	0.683659
18	174	0.697624
18	176	0.702103
18	177	0.698505
18	179	0.688445
19	6	0.755779
19	15	0.739598
19	21	0.815312
19	48	0.786504
19	51	0.786412
19	57	0.84106
19	96	3.0811
19	106	0.73681
19	132	0.776945
19	137	2.8698
19	149	2.92087
19	165	0.821573
19	180	0.742295
20	7	0.769518
20	25	0.816682
20	30	0.746698
20	33	0.814649
20	34	0.814019
20	47	0.799477
20	83	1.7335
20	111	0.766996
20	118	3.44539
20	119	0.778438
20	123	3.03622
20	139	0.774894
20	169	0.755237
21	15	0.737104
21	19	0.815312
21	48	0.784009
21	51	0.783918
21	57	0.838566
21	93	2.85412
21	106	0.734316
21	117	2.79322
21	119	0.766411
21	132	0.774451
21	143	2.72896
21	165	0.819078
21	180	0.7398
22	3	0.828504
22	4	0.82407
22	9	0.745906
22	13	0.803487
22	26	0.787084
22	27	0.78681
22	97	0.760341
22	121	2.64049
22	132	0.769397
22	137	0.7565
22	142	2.91172
22	143	2.89825
22	169	0.738156
23	5	0.860827
23	16	0.756762
23	28	0.746633
23	31	0.822455
23	44	0.799745
23	45	0.79933
23	111	0.768484
23	112	3.20562
23	137	0.775069
23	142	2.42109
23	155	0.710205
23	166	0.782335
23	178	3.14414
24	1	0.757721
24	14	0.748874
24	32	0.802485
24	40	0.792923
24	63	0.829879
24	65	0.774262
24	77	0.760794
24	116	0.774737
24	131	2.84872
24	133	2.40116
24	150	0.793909
24	153	3.29565
24	161	0.798507
25	7	0.749329
25	20	0.816682
25	30	0.726509
25	33	0.79446
25	34	0.79383
25	47	0.779288
25	98	0.757144
25	111	0.746807
25	118	1.21094
25	119	0.758249
25	132	0.766289
25	159	3.98932
25	162	3.76432
25	169	0.735048
26	3	0.812878
26	4	0.808445
26	9	0.73028
26	13	0.787861
26	22	0.787084
26	27	0.771185
26	95	1.36657
26	97	0.744715
26	111	0.73429
26	132	0.753771
26	137	0.740875
26	155	5.39024
26	156	2.62119
26	169	0.722531
27	3	0.812605
27	4	0.808171
27	9	0.730007
27	13	0.787588
27	22	0.78681
27	26	0.771185
27	93	1.44026
27	96	2.48293
27	97	0.744442
27	111	0.734016
27	132	0.753498
27	137	0.740601
27	169	0.722257
27	171	5.24603
28	5	0.767614
28	12	0.747448
28	16	0.663549
28	23	0.746633
28	31	0.729243
28	44	0.706532
28	45	0.706117
28	94	0.683277
28	111	0.675271
28	137	0.681856
28	155	0.616993
28	166	0.689122
28	177	4.41661
28	178	3.56434
29	42	0.772924
29	52	0.775897
29	54	1.49368
29	67	0.743455
29	78	0.738301
29	80	0.773025
29	88	0.760341
29	92	0.753555
29	110	0.796241
29	120	2.12412
29	161	0.780191
29	163	5.97797
29	165	0.804977
29	174	0.711532
30	7	0.679345
30	20	0.746698
30	25	0.726509
30	33	0.724476
30	34	0.723846
30	47	0.709304
30	98	0.68716
30	111	0.676823
30	119	0.688265
30	132	0.696305
30	139	0.684721
30	166	2.84491
30	169	0.665064
30	170	5.20248
31	12	0.82327
31	16	0.739371
31	23	0.822455
31	28	0.729243
31	44	0.782354
31	45	0.781939
31	94	0.759099
31	111	0.751093
31	136	3.94721
31	137	0.757678
31	140	1.91149
31	155	0.692815
31	166	0.764944
31	177	3.42133
32	1	0.738959
32	24	0.802485
32	40	0.774161
32	63	0.811118
32	65	0.7555
32	77	0.742032
32	116	0.755975
32	139	0.748321
32	143	0.737156
32	150	0.775147
32	156	2.13806
32	158	4.37683
32	161	0.779746
32	180	2.55371
33	7	0.747296
33	20	0.814649
33	25	0.79446
33	30	0.724476
33	34	0.791797
33	47	0.777255
33	98	0.755111
33	111	0.744774
33	132	0.764256
33	139	0.752672
33	141	2.34939
33	151	3.33164
33	169	0.733015
33	174	3.47447
34	7	0.746666
34	20	0.814019
34	25	0.79383
34	30	0.723846
34	33	0.791797
34	47	0.776625
34	104	3.86481
34	111	0.744144
34	119	0.755586
34	132	0.763626
34	139	0.752042
34	154	3.17074
34	169	0.732386
34	178	2.31735
35	43	0.716695
35	52	0.711606
35	53	0.702056
35	67	0.679164
35	78	0.67401
35	80	0.708734
35	88	0.69605
35	92	0.689264
35	110	0.731951
35	133	3.45427
35	153	4.34876
35	161	0.715901
35	165	0.740687
35	174	0.647241
36	17	0.834507
36	50	0.834195
36	55	0.777572
36	58	0.776011
36	60	0.791549
36	61	0.776258
36	69	3.76895
36	72	0.765026
36	123	1.75591
36	163	0.69181
36	171	0.694062
36	173	3.64355
36	178	0.745735
36	180	0.737771
37	42	1.66758
37	73	0.745203
37	105	0.735143
37	125	0.762413
37	136	0.770984
37	138	0.337997
37	147	0.745209
37	154	0.766542
37	160	0.737747
37	164	0.758485
37	172	0.730387
37	173	0.768114
37	175	0.728279
37	177	0.752593
37	179	0.742533
38	10	1.58091
38	90	1.74226
38	103	0.789297
38	107	0.404567
38	114	0.800886
38	121	0.806096
38	130	0.753909
38	134	0.77277
38	160	0.723057
38	167	0.724039
38	168	0.743361
38	170	0.730032
38	172	0.715697
38	175	0.713588
38	177	0.737902
39	62	4.95802
39	83	0.736128
39	105	0.615351
39	113	0.662565
39	152	0.712121
39	158	0.620231
39	160	0.617955
39	167	0.618937
39	168	0.638259
39	170	0.62493
39	172	0.610595
39	173	0.648321
39	176	0.636399
39	177	0.6328
39	179	0.622741
40	1	0.729396
40	14	0.720549
40	24	0.792923
40	32	0.774161
40	63	0.801555
40	65	0.745937
40	77	0.732469
40	106	0.710206
40	109	2.13574
40	125	3.44898
40	139	0.738758
40	143	0.727593
40	150	0.765584
40	161	0.770183
40	169	3.70713
41	66	0.804721
41	74	0.80216
41	76	0.783999
41	79	0.774527
41	87	0.746437
41	89	0.748643
41	90	0.737743
41	91	0.737709
41	104	3.45314
41	110	0.784318
41	140	1.24811
41	163	0.667815
41	166	0.742796
41	171	5.10008
41	174	0.699608
42	29	0.772924
42	37	1.66758
42	43	0.769294
42	52	0.764205
42	53	0.754655
42	78	0.726609
42	80	0.761333
42	88	0.748649
42	92	0.741863
42	103	3.12716
42	106	0.708523
42	134	3.42673
42	161	0.7685
42	165	0.793286
42	174	0.69984
43	35	0.716695
43	42	0.769294
43	53	0.762716
43	67	0.739824
43	69	3.03105
43	78	0.73467
43	80	0.769395
43	81	3.35441
43	88	0.75671
43	92	0.749924
43	104	3.48205
43	106	0.716584
43	161	0.776561
43	165	0.801347
43	174	0.707902
44	5	0.820726
44	12	0.80056
44	16	0.716661
44	23	0.799745
44	28	0.706532
44	31	0.782354
44	45	0.759229
44	94	0.736388
44	111	0.728382
44	137	0.734967
44	141	2.45382
44	143	2.08034
44	155	0.670104
44	162	4.86284
44	166	0.742234
45	5	0.820311
45	12	0.800145
45	16	0.716246
45	23	0.79933
45	28	0.706117
45	31	0.781939
45	44	0.759229
45	94	0.735974
45	101	2.8196
45	109	3.1571
45	111	0.727968
45	137	0.734553
45	143	3.33554
45	155	0.669689
45	166	0.741819
46	2	0.716869
46	71	0.729679
46	95	2.71878
46	107	0.767712
46	108	0.758273
46	115	0.742516
46	121	2.65922
46	124	0.759366
46	127	0.757132
46	129	0.749058
46	135	0.768985
46	138	0.791006
46	155	0.666104
46	164	3.98048
46	165	0.788491
47	7	0.732124
47	20	0.799477
47	25	0.779288
47	30	0.709304
47	33	0.777255
47	34	0.776625
47	98	0.739939
47	111	0.729602
47	119	0.741044
47	121	1.92947
47	132	0.749084
47	139	0.7375
47	151	2.51212
47	169	0.717843
47	175	6.21266
48	6	0.724476
48	8	0.731204
48	15	0.708296
48	19	0.786504
48	21	0.784009
48	51	0.75511
48	57	0.809758
48	106	0.705508
48	119	0.737603
48	132	0.745643
48	137	1.63816
48	163	4.20082
48	165	0.79027
48	175	4.29306
48	180	0.710993
49	4	2.90544
49	111	1.79256
49	114	0.741484
49	120	0.72985
49	130	0.694507
49	140	0.751476
49	149	0.70246
49	164	0.684393
49	168	0.683959
49	170	0.670631
49	171	0.648079
49	173	0.694022
49	175	0.654186
49	176	0.682099
49	179	0.668441
50	36	0.834195
50	55	0.803009
50	58	0.801448
50	60	0.816985
50	61	0.801694
50	72	0.790462
50	125	3.08546
50	144	2.03972
50	163	0.717246
50	171	0.719499
50	173	3.65827
50	178	0.771171
50	180	0.763207
51	6	0.724385
51	8	0.731113
51	15	0.708204
51	19	0.786412
51	21	0.783918
51	48	0.75511
51	57	0.809666
51	106	0.705416
51	119	0.737512
51	123	2.37004
51	132	0.745551
51	141	2.92357
51	165	0.790178
51	177	4.13888
51	180	0.710901
52	29	0.775897
52	35	0.711606
52	42	0.764205
52	53	0.757628
52	67	0.734736
52	78	0.729582
52	80	0.764306
52	88	0.751622
52	92	0.744836
52	105	4.09238
52	152	1.87741
52	161	0.771473
52	165	0.796259
52	171	3.76171
52	174	0.702813
53	35	0.702056
53	42	0.754655
53	43	0.762716
53	52	0.757628
53	67	0.725186
53	78	0.720032
53	80	0.754756
53	88	0.742072
53	92	0.735286
53	101	1.77704
53	106	0.701946
53	160	5.19365
53	161	0.761922
53	165	0.786708
53	174	0.693263
53	178	3.0295
54	29	1.49368
54	79	1.38466
54	107	1.11507
54	121	0.796809
54	130	0.744622
54	145	0.777228
54	149	0.752575
54	160	0.71377
54	162	0.721878
54	168	0.734074
54	169	0.745313
54	172	0.70641
54	173	0.744137
54	175	0.704301
54	177	0.728615
54	179	0.718556
55	17	0.803321
55	36	0.777572
55	50	0.803009
55	58	0.744825
55	60	0.760363
55	61	0.745071
55	72	0.73384
55	96	0.719688
55	110	0.777126
55	121	2.77685
55	153	3.37212
55	163	0.660623
55	166	3.58318
55	171	0.662876
55	178	0.714549
55	180	0.706585
56	59	0.724618
56	71	0.719529
56	85	0.738747
56	95	2.60192
56	100	0.707499
56	107	0.757561
56	115	0.732366
56	117	2.8644
56	124	0.749216
56	127	0.746982
56	129	0.738908
56	135	0.758835
56	138	0.780855
56	161	0.753555
56	174	4.2987
56	178	0.707027
57	6	0.779033
57	8	0.78576
57	15	0.762852
57	19	0.84106
57	21	0.838566
57	48	0.809758
57	51	0.809666
57	93	2.65194
57	101	2.01085
57	106	0.760064
57	119	0.792159
57	122	3.38285
57	132	0.800199
57	152	2.61499
57	165	0.844826
57	180	0.765549
58	17	0.80176
58	36	0.776011
58	50	0.801448
58	55	0.744825
58	60	0.758802
58	61	0.74351
58	72	0.732279
58	94	0.728199
58	110	0.775565
58	113	1.99627
58	151	2.22755
58	163	0.659062
58	171	0.661315
58	175	5.92809
58	178	0.712988
58	180	0.705024
59	11	0.690067
59	56	0.724618
59	64	0.773696
59	85	0.732023
59	107	0.750837
59	108	0.741398
59	122	3.34853
59	124	0.742492
59	127	0.740258
59	128	3.67285
59	129	0.732184
59	135	0.752111
59	140	2.57142
59	161	0.74683
59	165	0.771616
59	178	0.700303
60	17	0.817298
60	36	0.791549
60	50	0.816985
60	55	0.760363
60	58	0.758802
60	61	0.759048
60	72	0.747816
60	97	0.746156
60	101	1.64027
60	155	4.91835
60	157	3.28143
60	163	0.6746
60	171	0.676853
60	178	0.728525
60	180	0.720562
61	17	0.802006
61	36	0.776258
61	50	0.801694
61	55	0.745071
61	58	0.74351
61	60	0.759048
61	72	0.732525
61	96	0.718373
61	110	0.775812
61	121	1.50476
61	137	2.71905
61	163	0.659309
61	171	0.661562
61	172	5.73148
61	178	0.713234
61	180	0.70527
62	39	4.95802
62	66	0.784971
62	68	0.723278
62	70	0.775948
62	74	0.782411
62	79	0.754778
62	84	0.74065
62	87	0.726688
62	89	0.728893
62	90	0.717994
62	91	0.71796
62	130	2.71652
62	139	1.38274
62	150	0.74392
62	163	0.648065
62	166	0.723047
62	174	0.679859
63	1	0.766353
63	14	0.757506
63	24	0.829879
63	32	0.811118
63	40	0.801555
63	77	0.769426
63	97	0.778242
63	106	0.747163
63	116	0.783369
63	131	1.3792
63	139	0.775714
63	143	0.76455
63	150	0.802541
63	153	1.82613
63	161	0.807139
63	163	6.45266
63	166	2.03719
64	59	0.773696
64	100	0.756577
64	108	0.7972
64	115	0.781443
64	124	0.798294
64	126	1.79298
64	129	0.787986
64	135	0.807912
64	138	0.829933
64	143	0.760043
64	156	2.8441
64	161	0.802632
64	165	0.827418
64	166	2.33625
64	170	4.69383
64	171	0.704432
64	178	0.756104
65	1	0.710735
65	14	0.701888
65	18	2.45475
65	24	0.774262
65	32	0.7555
65	40	0.745937
65	77	0.713808
65	97	0.722625
65	98	0.722536
65	103	3.54189
65	106	0.691545
65	116	0.727751
65	139	0.720097
65	143	0.708933
65	144	3.15468
65	150	0.746923
65	161	0.751522
66	41	0.804721
66	62	0.784971
66	68	0.786979
66	70	0.839649
66	76	0.827951
66	84	0.804351
66	87	0.790389
66	89	0.792594
66	90	0.781695
66	91	0.781661
66	113	3.05397
66	152	2.01772
66	163	0.711767
66	164	2.99301
66	166	0.786748
66	169	3.32247
66	174	0.74356
67	10	0.786176
67	29	0.743455
67	35	0.679164
67	43	0.739824
67	52	0.734736
67	53	0.725186
67	78	0.69714
67	80	0.731864
67	88	0.71918
67	92	0.712394
67	110	0.75508
67	142	1.95814
67	160	4.84535
67	161	0.73903
67	165	0.763816
67	174	0.670371
67	177	3.53347
68	62	0.723278
68	66	0.786979
68	74	0.784418
68	79	0.756785
68	84	0.742657
68	87	0.728695
68	89	0.730901
68	90	0.720002
68	91	0.719967
68	116	0.726756
68	126	2.90804
68	134	3.67859
68	139	3.61359
68	150	0.745928
68	163	0.650073
68	166	0.725055
68	174	0.681867
69	36	3.76895
69	43	3.03105
69	112	0.720792
69	145	0.722669
69	147	0.666672
69	151	0.697539
69	157	0.675317
69	158	0.661488
69	159	0.668904
69	162	0.667319
69	167	0.660194
69	168	0.679515
69	173	0.689578
69	175	0.649742
69	176	0.677655
69	177	0.674056
69	179	0.663997
70	62	0.775948
70	66	0.839649
70	74	0.837088
70	79	0.809455
70	84	0.795327
70	87	0.781365
70	90	0.772672
70	91	0.772637
70	110	0.819246
70	133	1.27962
70	150	0.798598
70	152	1.92481
70	163	0.702743
70	166	0.777725
70	171	5.76753
70	174	0.734537
70	178	2.57313
71	46	0.729679
71	56	0.719529
71	73	0.769823
71	85	0.726934
71	86	3.31704
71	100	0.695685
71	107	0.745748
71	112	1.60252
71	115	0.720552
71	124	0.737402
71	127	0.735169
71	129	0.727095
71	135	0.747021
71	138	0.769042
71	150	0.737142
71	155	0.64414
71	163	5.76856
72	17	0.790774
72	36	0.765026
72	50	0.790462
72	55	0.73384
72	58	0.732279
72	60	0.747816
72	61	0.732525
72	94	0.717213
72	97	0.719633
72	110	0.76458
72	126	2.85445
72	145	2.92204
72	163	0.648077
72	168	4.54528
72	171	0.65033
72	178	0.702002
72	180	0.694038
73	11	0.747086
73	37	0.745203
73	71	0.769823
73	93	1.85368
73	102	0.793782
73	107	0.807856
73	108	0.798417
73	115	0.78266
73	124	0.799511
73	127	0.797277
73	129	0.789203
73	135	0.80913
73	138	0.83115
73	139	2.43935
73	158	5.0237
73	171	0.705649
73	178	0.757321
74	41	0.80216
74	62	0.782411
74	68	0.784418
74	70	0.837088
74	76	0.82539
74	87	0.787828
74	89	0.790034
74	90	0.779134
74	91	0.7791
74	120	2.24434
74	150	0.80506
74	162	3.91666
74	163	0.709206
74	166	0.784187
74	174	0.740999
74	176	3.63827
74	178	1.87068
75	82	0.803887
75	85	0.796941
75	100	0.765693
75	107	0.815755
75	108	0.806317
75	115	0.79056
75	119	0.783868
75	120	2.03881
75	129	0.797102
75	135	0.817029
75	138	0.839049
75	141	1.30211
75	155	0.714147
75	171	0.713548
75	172	4.89757
75	176	3.43273
75	178	0.765221
76	41	0.783999
76	66	0.827951
76	74	0.82539
76	79	0.797757
76	84	0.783629
76	87	0.769667
76	89	0.771873
76	90	0.760973
76	91	0.760939
76	116	0.767728
76	123	1.37058
76	136	2.46396
76	150	0.786899
76	155	4.17474
76	163	0.691045
76	166	0.766026
76	167	4.36107
76	174	0.722839
77	1	0.697267
77	14	0.68842
77	24	0.760794
77	32	0.742032
77	40	0.732469
77	63	0.769426
77	65	0.713808
77	94	3.55489
77	97	0.709156
77	98	0.709068
77	106	0.678077
77	116	0.714283
77	117	3.42313
77	139	0.706629
77	143	0.695464
77	150	0.733455
77	152	3.44707
77	161	0.738054
78	10	0.781022
78	29	0.738301
78	35	0.67401
78	42	0.726609
78	43	0.73467
78	52	0.729582
78	53	0.720032
78	67	0.69714
78	80	0.72671
78	88	0.714026
78	92	0.70724
78	95	2.11273
78	96	0.692488
78	148	4.78317
78	154	3.90086
78	161	0.733876
78	165	0.758662
78	174	0.665217
79	41	0.774527
79	54	1.38466
79	62	0.754778
79	68	0.756785
79	70	0.809455
79	76	0.797757
79	84	0.774157
79	87	0.760195
79	89	0.762401
79	90	0.751501
79	91	0.751467
79	101	0.794054
79	116	0.758256
79	140	1.89739
79	150	0.777428
79	163	0.681573
79	164	2.88193
79	174	0.713367
79	179	5.03365
80	10	0.815746
80	29	0.773025
80	35	0.708734
80	42	0.761333
80	43	0.769395
80	52	0.764306
80	53	0.754756
80	67	0.731864
80	78	0.72671
80	88	0.74875
80	92	0.741964
80	96	0.727212
80	106	0.708624
80	144	1.41795
80	154	2.91881
80	159	4.3364
80	161	0.768601
80	165	0.793387
80	170	4.23504
80	174	0.699941
81	43	3.35441
81	98	3.36469
81	103	0.705573
81	105	0.636729
81	113	0.683943
81	123	0.730071
81	142	0.726138
81	147	0.646795
81	151	0.677661
81	153	0.692461
81	156	0.687567
81	157	0.65544
81	158	0.64161
81	160	0.639333
81	167	0.640316
81	168	0.659637
81	175	0.629865
81	176	0.657778
81	177	0.654179
81	179	0.644119
82	75	0.803887
82	102	0.757838
82	107	0.771912
82	108	0.762473
82	115	0.746716
82	116	0.744135
82	124	0.763567
82	127	0.761333
82	129	0.753259
82	131	1.95126
82	135	0.773186
82	138	0.795206
82	143	0.725316
82	145	2.13357
82	147	4.88164
82	150	0.763307
82	155	0.670304
82	171	0.669705
82	177	3.64949
82	178	0.721377
83	20	1.7335
83	39	0.736128
83	91	1.42932
83	115	0.940691
83	124	0.719484
83	142	0.815495
83	146	0.70811
83	148	0.735434
83	151	0.767019
83	153	0.781818
83	156	0.776925
83	160	0.728691
83	164	0.749429
83	167	0.729674
83	168	0.748995
83	170	0.735667
83	171	0.713116
83	173	0.759058
83	176	0.747135
83	177	0.743537
84	62	0.74065
84	66	0.804351
84	68	0.742657
84	70	0.795327
84	76	0.783629
84	79	0.774157
84	87	0.746067
84	89	0.748273
84	90	0.737373
84	91	0.737339
84	101	0.779926
84	116	0.744128
84	131	2.3203
84	140	2.50868
84	150	0.763299
84	151	3.78546
84	163	0.667445
84	166	0.742427
84	168	4.12585
84	174	0.699239
85	56	0.738747
85	59	0.732023
85	71	0.726934
85	75	0.796941
85	100	0.714904
85	108	0.755528
85	115	0.739771
85	116	0.737189
85	124	0.756621
85	127	0.754387
85	129	0.746313
85	135	0.76624
85	138	0.788261
85	150	0.756361
85	161	0.76096
85	166	1.65237
85	169	2.49676
85	175	6.16008
85	178	0.714432
85	180	2.57587
86	71	3.31704
86	94	0.680267
86	129	3.87847
86	140	0.71678
86	142	0.715764
86	145	0.692417
86	149	0.667765
86	152	0.723126
86	153	0.682087
86	157	0.645066
86	160	0.628959
86	162	0.637068
86	167	0.629942
86	168	0.649264
86	170	0.635935
86	172	0.6216
86	173	0.659326
86	176	0.647404
86	177	0.643805
86	178	0.665056
86	179	0.633745
87	41	0.746437
87	62	0.726688
87	66	0.790389
87	68	0.728695
87	70	0.781365
87	74	0.787828
87	76	0.769667
87	79	0.760195
87	84	0.746067
87	89	0.734311
87	90	0.723411
87	91	0.723377
87	101	0.765964
87	126	1.40381
87	144	1.48757
87	146	9.65585
87	150	0.749337
87	163	0.653483
87	166	0.728464
87	173	1.75
87	174	0.685276
88	10	0.803062
88	29	0.760341
88	35	0.69605
88	42	0.748649
88	43	0.75671
88	52	0.751622
88	53	0.742072
88	67	0.71918
88	78	0.714026
88	80	0.74875
88	92	0.72928
88	98	0.72693
88	106	0.69594
88	110	0.771966
88	114	1.66039
88	157	3.93538
88	161	0.755916
88	165	0.780702
88	169	3.13979
88	174	0.687257
88	176	4.25095
89	41	0.748643
89	62	0.728893
89	66	0.792594
89	68	0.730901
89	74	0.790034
89	76	0.771873
89	79	0.762401
89	84	0.748273
89	87	0.734311
89	90	0.725617
89	91	0.725583
89	96	3.23597
89	109	1.88971
89	110	0.772191
89	116	0.732371
89	150	0.751543
89	153	2.40566
89	158	5.36333
89	163	0.655689
89	166	0.73067
89	174	0.687482
90	38	1.74226
90	41	0.737743
90	62	0.717994
90	66	0.781695
90	68	0.720002
90	70	0.772672
90	74	0.779134
90	76	0.760973
90	79	0.751501
90	84	0.737373
90	87	0.723411
90	89	0.725617
90	91	0.714683
90	110	0.761292
90	116	0.721472
90	145	2.95942
90	150	0.740644
90	163	0.644789
90	164	3.95003
90	166	0.719771
90	174	0.676583
90	178	3.62306
91	41	0.737709
91	62	0.71796
91	66	0.781661
91	68	0.719967
91	70	0.772637
91	74	0.7791
91	76	0.760939
91	79	0.751467
91	83	1.42932
91	84	0.737339
91	87	0.723377
91	89	0.725583
91	90	0.714683
91	94	3.10811
91	110	0.761258
91	116	0.721438
91	145	2.98496
91	150	0.74061
91	163	0.644755
91	166	0.719737
91	168	4.6082
91	174	0.676549
92	10	0.796276
92	29	0.753555
92	35	0.689264
92	42	0.741863
92	43	0.749924
92	52	0.744836
92	53	0.735286
92	67	0.712394
92	78	0.70724
92	80	0.741964
92	88	0.72928
92	96	0.707742
92	98	0.720144
92	101	1.35224
92	106	0.689154
92	110	0.76518
92	160	4.76886
92	161	0.74913
92	165	0.773916
92	166	2.41675
92	174	0.680471
92	179	5.08339
93	21	2.85412
93	27	1.44026
93	57	2.65194
93	73	1.85368
93	118	0.77186
93	131	0.78158
93	139	0.752854
93	140	0.789475
93	141	0.790267
93	142	0.788458
93	147	0.709115
93	154	0.730448
93	157	0.71776
93	160	0.701654
93	164	0.722392
93	168	0.721958
93	171	0.686078
93	172	0.694294
93	175	0.692185
93	176	0.720098
93	177	0.716499
93	179	0.70644
94	28	0.683277
94	31	0.759099
94	44	0.736388
94	45	0.735974
94	58	0.728199
94	72	0.717213
94	77	3.55489
94	86	0.680267
94	91	3.10811
94	149	0.70063
94	154	0.690619
94	155	0.646849
94	161	0.945862
94	163	0.643997
94	164	0.682563
94	166	0.718978
94	171	0.64625
94	172	0.654465
94	173	0.692192
94	178	0.697922
94	179	0.666611
94	180	0.689958
95	26	1.36657
95	46	2.71878
95	56	2.60192
95	78	2.11273
95	104	0.748198
95	112	0.771224
95	117	0.751127
95	154	0.738437
95	156	0.757877
95	158	0.711919
95	164	0.73038
95	166	0.766796
95	167	0.710625
95	168	0.729947
95	170	0.716618
95	172	0.702282
95	173	0.740009
95	175	0.700174
95	176	0.728087
95	177	0.724488
95	179	0.714428
95	180	0.737776
96	19	3.0811
96	27	2.48293
96	55	0.719688
96	61	0.718373
96	78	0.692488
96	80	0.727212
96	89	3.23597
96	92	0.707742
96	144	0.749082
96	149	0.690559
96	153	0.704881
96	161	0.734379
96	162	0.659862
96	163	0.633925
96	165	0.759165
96	171	0.636178
96	173	0.68212
96	174	0.665719
96	176	0.670198
96	178	0.687851
96	179	0.65654
96	180	0.679887
97	9	0.703537
97	13	0.761118
97	14	0.697236
97	22	0.760341
97	26	0.744715
97	27	0.744442
97	60	0.746156
97	63	0.778242
97	65	0.722625
97	72	0.719633
97	77	0.709156
97	126	2.21198
97	137	0.714132
97	142	2.22016
97	143	0.70428
97	150	0.742271
97	161	0.74687
97	163	0.646417
97	169	0.695788
97	171	0.648669
97	172	6.17564
97	177	3.79548
97	178	0.700342
97	180	0.692378
98	1	0.705995
98	7	0.70998
98	10	0.793927
98	14	0.697148
98	25	0.757144
98	30	0.68716
98	33	0.755111
98	47	0.739939
98	65	0.722536
98	77	0.709068
98	81	3.36469
98	88	0.72693
98	92	0.720144
98	116	0.723011
98	120	2.31852
98	132	0.72694
98	137	2.16486
98	139	0.715356
98	161	0.746781
98	165	0.771567
98	169	0.695699
98	172	5.17729
98	174	0.678122
99	119	1.29171
99	122	0.718579
99	123	0.76045
99	128	0.705982
99	132	2.19414
99	141	0.758326
99	144	0.767041
99	145	0.733171
99	146	0.649132
99	149	0.708518
99	150	1.72276
99	155	0.654737
99	159	0.679406
99	160	0.669713
99	162	0.677821
99	167	0.670696
99	170	0.676689
99	172	0.662353
99	175	0.660244
99	176	0.688157
99	177	0.684558
99	179	0.674499
100	11	0.672949
100	56	0.707499
100	64	0.756577
100	71	0.695685
100	75	0.765693
100	85	0.714904
100	102	0.719645
100	107	0.733718
100	108	0.72428
100	115	0.708523
100	124	0.725373
100	127	0.723139
100	129	0.715065
100	135	0.734992
100	136	4.40643
100	138	0.757012
100	143	0.687122
100	144	2.38081
100	150	0.725113
100	161	0.729712
100	165	0.754497
100	171	0.631511
100	173	3.99935
100	174	3.79032
101	45	2.8196
101	53	1.77704
101	57	2.01085
101	60	1.64027
101	79	0.794054
101	84	0.779926
101	87	0.765964
101	92	1.35224
101	107	0.791802
101	127	0.781223
101	129	0.773149
101	135	0.793075
101	138	0.815096
101	141	0.793783
101	151	0.743498
101	162	0.713279
101	163	0.687342
101	165	0.812581
101	166	0.762324
101	172	0.697811
101	173	0.735537
101	174	0.719136
101	175	0.695702
101	179	0.709956
102	2	0.718865
102	11	0.708937
102	73	0.793782
102	82	0.757838
102	100	0.719645
102	107	0.769707
102	108	0.760268
102	112	3.15336
102	115	0.744511
102	119	0.737819
102	124	0.761362
102	127	0.759128
102	129	0.751054
102	131	2.24593
102	135	0.77098
102	138	0.793001
102	143	0.723111
102	150	0.761101
102	153	2.69286
102	161	0.7657
102	165	0.790486
102	171	0.6675
102	174	3.85392
102	178	0.719172
102	180	3.82742
103	17	1.20866
103	38	0.789297
103	42	3.12716
103	65	3.54189
103	81	0.705573
103	114	0.754587
103	119	1.30402
103	125	0.701423
103	131	0.756684
103	147	0.684219
103	148	0.6835
103	151	0.715085
103	152	0.770924
103	157	0.692864
103	158	0.679035
103	159	0.686451
103	162	0.684866
103	164	0.697496
103	166	0.733911
103	167	0.67774
103	170	0.683733
103	173	0.707124
103	176	0.695202
103	177	0.691603
103	178	0.712855
103	179	0.681544
104	18	0.722214
104	34	3.86481
104	41	3.45314
104	43	3.48205
104	95	0.748198
104	117	0.690557
104	120	0.715268
104	149	0.687878
104	151	0.6874
104	153	0.7022
104	154	0.677867
104	155	0.634096
104	158	0.65135
104	159	0.658766
104	160	0.649073
104	162	0.657181
104	167	0.650055
104	168	0.669377
104	169	0.680616
104	170	0.656048
104	172	0.641713
104	173	0.679439
104	175	0.639604
104	176	0.667517
104	177	0.663918
104	178	0.68517
104	179	0.653859
105	37	0.735143
105	39	0.615351
105	52	4.09238
105	81	0.636729
105	109	0.696112
105	112	0.669495
105	114	0.685742
105	119	5.08934
105	128	0.644183
105	141	0.696526
105	142	0.694718
105	143	0.647949
105	145	0.671371
105	149	0.646719
105	152	0.70208
105	153	0.661041
105	156	0.656148
105	157	0.62402
105	164	0.628651
105	167	0.608896
105	172	0.600554
105	174	0.621879
105	175	0.598445
105	176	0.626358
105	177	0.622759
105	179	0.612699
106	8	0.681511
106	14	0.666157
106	19	0.73681
106	21	0.734316
106	40	0.710206
106	42	0.708523
106	43	0.716584
106	48	0.705508
106	51	0.705416
106	53	0.701946
106	57	0.760064
106	63	0.747163
106	65	0.691545
106	77	0.678077
106	80	0.708624
106	88	0.69594
106	92	0.689154
106	120	4.47421
106	131	3.2546
106	140	3.44298
106	143	0.673201
106	150	0.711192
106	161	0.71579
106	164	4.42752
106	165	0.740576
106	174	0.647131
106	180	0.661299
107	11	0.723011
107	38	0.404567
107	46	0.767712
107	54	1.11507
107	56	0.757561
107	59	0.750837
107	71	0.745748
107	73	0.807856
107	75	0.815755
107	82	0.771912
107	100	0.733718
107	101	0.791802
107	102	0.769707
107	108	0.774342
107	115	0.758585
107	124	0.775435
107	127	0.773202
107	129	0.765127
107	135	0.785054
107	138	0.807075
107	149	2.55644
107	155	0.682173
107	159	4.55634
107	165	0.80456
107	168	3.24497
107	171	0.681574
107	176	4.05295
107	178	0.733246
108	2	0.7235
108	46	0.758273
108	59	0.741398
108	64	0.7972
108	73	0.798417
108	75	0.806317
108	82	0.762473
108	85	0.755528
108	100	0.72428
108	102	0.760268
108	107	0.774342
108	115	0.749146
108	124	0.765997
108	127	0.763763
108	129	0.755689
108	130	3.81691
108	134	2.54813
108	135	0.775615
108	138	0.797636
108	143	0.727746
108	152	1.8605
108	155	0.672734
108	161	0.770335
108	164	2.83578
108	165	0.795121
108	171	0.672135
108	176	4.2764
108	178	0.723807
108	180	3.24435
109	40	2.13574
109	45	3.1571
109	89	1.88971
109	105	0.696112
109	117	0.7402
109	121	0.781755
109	125	0.723381
109	128	0.734985
109	129	1.18751
109	136	0.731953
109	137	0.748602
109	145	0.762173
109	148	0.705458
109	158	0.700992
109	159	0.708409
109	160	0.698716
109	162	0.706824
109	164	0.719454
109	165	1.32071
109	167	0.699698
109	168	0.71902
109	170	0.705691
109	172	0.691356
109	173	0.729082
109	175	0.689247
109	176	0.71716
109	177	0.713561
109	178	0.734812
109	179	0.703501
109	180	0.726849
110	29	0.796241
110	35	0.731951
110	41	0.784318
110	55	0.777126
110	58	0.775565
110	61	0.775812
110	67	0.75508
110	70	0.819246
110	72	0.76458
110	88	0.771966
110	89	0.772191
110	90	0.761292
110	91	0.761258
110	92	0.76518
110	121	1.68921
110	130	2.93583
110	137	1.84773
110	155	4.71667
110	161	0.791817
110	163	0.691364
110	165	0.816603
110	166	0.766345
110	167	4.903
110	168	2.58733
110	171	0.693617
110	174	0.723157
110	178	0.745289
110	180	0.737325
111	3	0.77571
111	4	0.771276
111	9	0.693111
111	12	0.769299
111	16	0.6854
111	20	0.766996
111	23	0.768484
111	25	0.746807
111	26	0.73429
111	27	0.734016
111	28	0.675271
111	30	0.676823
111	31	0.751093
111	33	0.744774
111	34	0.744144
111	44	0.728382
111	45	0.727968
111	47	0.729602
111	49	1.79256
111	132	0.716603
111	137	0.703706
111	139	0.705019
111	155	0.638843
111	160	3.89441
111	166	0.710973
111	169	0.685362
111	171	4.92466
111	178	1.73026
111	179	4.20895
112	23	3.20562
112	69	0.720792
112	71	1.60252
112	95	0.771224
112	102	3.15336
112	105	0.669495
112	120	0.738294
112	121	0.755138
112	136	0.705336
112	142	0.758903
112	144	0.769427
112	146	0.651518
112	150	2.0568
112	154	0.700893
112	156	0.720333
112	157	0.688205
112	158	0.674375
112	162	0.680207
112	163	0.65427
112	167	0.673081
112	170	0.679074
112	172	0.664739
112	173	0.702465
112	175	0.66263
112	176	0.690543
112	177	0.686944
112	179	0.676884
112	180	0.700232
113	7	3.62142
113	39	0.662565
113	58	1.99627
113	66	3.05397
113	81	0.683943
113	114	0.732956
113	123	0.745865
113	126	0.74229
113	128	0.691397
113	131	0.735053
113	140	0.742948
113	141	0.74374
113	147	0.662589
113	152	0.749294
113	153	0.708255
113	156	0.703361
113	159	0.66482
113	160	0.655127
113	162	0.663236
113	163	0.637299
113	164	0.675865
113	165	2.6236
113	167	0.65611
113	168	0.675431
113	170	0.662103
113	172	0.647767
113	173	0.685494
113	175	0.645659
113	176	0.673572
113	178	0.691224
113	179	0.659913
114	10	2.63873
114	38	0.800886
114	49	0.741484
114	88	1.66039
114	103	0.754587
114	105	0.685742
114	113	0.732956
114	118	0.758553
114	123	0.779084
114	124	2.11579
114	136	0.721583
114	146	0.667765
114	149	0.727151
114	150	1.17234
114	153	0.741474
114	154	0.71714
114	155	0.67337
114	157	0.704453
114	159	0.698039
114	160	0.688346
114	164	0.709084
114	165	1.41269
114	167	0.689329
114	168	0.70865
114	169	0.719889
114	170	0.695322
114	172	0.680986
114	175	0.678878
114	176	0.706791
114	177	0.703192
114	179	0.693132
115	2	0.707743
115	46	0.742516
115	56	0.732366
115	64	0.781443
115	71	0.720552
115	73	0.78266
115	75	0.79056
115	82	0.746716
115	83	0.940691
115	85	0.739771
115	100	0.708523
115	102	0.744511
115	107	0.758585
115	108	0.749146
115	119	0.726697
115	123	2.24341
115	124	0.75024
115	126	2.42874
115	127	0.748006
115	129	0.739932
115	135	0.759858
115	138	0.781879
115	143	0.711989
115	149	3.43105
115	150	0.74998
115	161	0.754578
115	162	5.20595
115	165	0.779364
115	171	0.656378
115	177	4.01225
115	178	0.70805
116	24	0.774737
116	32	0.755975
116	63	0.783369
116	65	0.727751
116	68	0.726756
116	76	0.767728
116	77	0.714283
116	79	0.758256
116	82	0.744135
116	84	0.744128
116	85	0.737189
116	89	0.732371
116	90	0.721472
116	91	0.721438
116	98	0.723011
116	124	0.747658
116	127	0.745424
116	128	2.51737
116	129	0.73735
116	135	0.757277
116	138	0.779297
116	143	0.709407
116	145	1.40987
116	150	0.747398
116	159	4.34449
116	161	0.751997
116	166	0.726525
116	170	4.24314
116	171	0.653796
116	174	0.683337
116	179	4.5522
116	180	2.80906
117	8	2.91925
117	21	2.79322
117	56	2.8644
117	77	3.42313
117	95	0.751127
117	104	0.690557
117	109	0.7402
117	120	0.718197
117	121	0.735041
117	128	0.688271
117	134	0.701715
117	140	0.739823
117	141	0.740614
117	142	0.738806
117	144	0.74933
117	147	0.659463
117	148	0.658744
117	151	0.690329
117	152	0.746168
117	160	0.652002
117	162	0.66011
117	164	0.67274
117	168	0.672306
117	170	0.658977
117	172	0.644642
117	174	0.665967
117	175	0.642533
117	176	0.670446
117	177	0.666847
117	179	0.656787
118	4	2.33573
118	20	3.44539
118	25	1.21094
118	93	0.77186
118	114	0.758553
118	121	0.763763
118	123	0.771461
118	125	0.705389
118	130	0.711577
118	131	0.76065
118	134	0.730437
118	135	1.82618
118	145	0.744182
118	146	0.660143
118	147	0.688185
118	149	0.719529
118	154	0.709518
118	156	0.728958
118	158	0.683001
118	159	0.690417
118	160	0.680724
118	164	0.701462
118	165	1.72827
118	167	0.681707
118	168	0.701028
118	172	0.673364
118	173	0.711091
118	175	0.671255
118	176	0.699168
118	177	0.69557
118	179	0.68551
118	180	0.708857
119	6	0.706878
119	8	0.713606
119	15	0.690697
119	20	0.778438
119	21	0.766411
119	25	0.758249
119	30	0.688265
119	34	0.755586
119	47	0.741044
119	48	0.737603
119	51	0.737512
119	57	0.792159
119	75	0.783868
119	99	1.29171
119	102	0.737819
119	103	1.30402
119	105	5.08934
119	115	0.726697
119	124	0.743548
119	127	0.741314
119	129	0.73324
119	132	0.728045
119	135	0.753166
119	138	0.775187
119	139	0.716461
119	154	2.41766
119	157	3.01628
119	165	0.772672
119	169	0.696804
119	176	3.33186
119	178	0.701358
119	180	0.693394
120	29	2.12412
120	49	0.72985
120	74	2.24434
120	75	2.03881
120	98	2.31852
120	104	0.715268
120	106	4.47421
120	112	0.738294
120	117	0.718197
120	125	0.701378
120	128	0.712982
120	133	0.786077
120	142	0.763517
120	144	0.774041
120	145	0.74017
120	148	0.683455
120	151	0.71504
120	154	0.705507
120	156	0.724947
120	157	0.692819
120	158	0.678989
120	159	0.686406
120	160	0.676713
120	162	0.684821
120	164	0.697451
120	167	0.677695
120	168	0.697017
120	170	0.683688
120	172	0.669353
120	175	0.667244
120	176	0.695157
120	177	0.691558
120	179	0.681498
121	22	2.64049
121	38	0.806096
121	46	2.65922
121	47	1.92947
121	54	0.796809
121	55	2.77685
121	61	1.50476
121	109	0.781755
121	110	1.68921
121	112	0.755138
121	117	0.735041
121	118	0.763763
121	125	0.718222
121	126	0.780719
121	134	0.74327
121	141	0.78217
121	144	0.790885
121	145	0.757015
121	146	0.672976
121	147	0.701018
121	148	0.700299
121	151	0.731885
121	156	0.741791
121	159	0.70325
121	162	0.701665
121	164	0.714295
121	167	0.69454
121	170	0.700533
121	172	0.686197
121	173	0.723924
121	176	0.712001
121	177	0.708402
121	179	0.698343
122	14	2.60866
122	57	3.38285
122	59	3.34853
122	99	0.718579
122	125	0.684049
122	126	0.746546
122	131	0.739309
122	134	0.709097
122	140	0.747204
122	143	0.699419
122	146	0.638803
122	148	0.666126
122	151	0.697711
122	152	0.75355
122	154	0.688178
122	156	0.707618
122	158	0.66166
122	159	0.669077
122	160	0.659383
122	162	0.667492
122	164	0.680121
122	165	2.35522
122	167	0.660366
122	168	0.679688
122	170	0.666359
122	171	0.643808
122	172	0.652023
122	173	0.68975
122	175	0.649915
122	176	0.677828
122	177	0.674229
122	179	0.664169
123	20	3.03622
123	36	1.75591
123	51	2.37004
123	76	1.37058
123	81	0.730071
123	99	0.76045
123	113	0.745865
123	114	0.779084
123	115	2.24341
123	118	0.771461
123	126	0.788417
123	128	0.737524
123	133	0.81062
123	141	0.789868
123	149	0.74006
123	154	0.730049
123	156	0.749489
123	157	0.717361
123	159	0.710948
123	160	0.701255
123	162	0.709363
123	163	0.683427
123	165	1.31911
123	167	0.702238
123	168	0.721559
123	169	0.732798
123	170	0.708231
123	172	0.693895
123	173	0.731622
123	175	0.691786
123	176	0.719699
123	177	0.7161
123	179	0.706041
124	2	0.724593
124	11	0.714666
124	46	0.759366
124	56	0.749216
124	59	0.742492
124	64	0.798294
124	71	0.737402
124	73	0.799511
124	82	0.763567
124	83	0.719484
124	85	0.756621
124	100	0.725373
124	102	0.761362
124	107	0.775435
124	108	0.765997
124	114	2.11579
124	115	0.75024
124	116	0.747658
124	119	0.743548
124	127	0.764856
124	129	0.756782
124	133	1.64526
124	135	0.776709
124	138	0.798729
124	143	0.728839
124	148	4.67447
124	150	0.76683
124	161	0.771429
124	165	0.796214
124	166	2.75081
124	171	0.673228
124	173	3.90985
124	174	3.70081
124	178	0.724901
125	8	3.98979
125	37	0.762413
125	40	3.44898
125	50	3.08546
125	103	0.701423
125	109	0.723381
125	118	0.705389
125	120	0.701378
125	121	0.718222
125	122	0.684049
125	126	0.722345
125	130	0.666035
125	133	0.744548
125	136	0.66842
125	141	0.723796
125	144	0.732511
125	145	0.698641
125	146	0.614602
125	152	0.729349
125	153	0.68831
125	158	0.63746
125	159	0.644876
125	160	0.635183
125	161	1.88463
125	162	0.643291
125	164	0.655921
125	168	0.655487
125	169	0.666726
125	170	0.642159
125	173	0.66555
125	175	0.625714
125	176	0.653627
125	177	0.650028
125	179	0.639969
126	64	1.79298
126	68	2.90804
126	72	2.85445
126	87	1.40381
126	97	2.21198
126	113	0.74229
126	115	2.42874
126	121	0.780719
126	122	0.746546
126	123	0.788417
126	125	0.722345
126	134	0.747393
126	136	0.730917
126	141	0.786292
126	144	0.795008
126	146	0.677099
126	147	0.705141
126	151	0.736007
126	152	0.791846
126	153	0.750807
126	156	0.745914
126	157	0.713786
126	158	0.699957
126	163	0.679851
126	164	0.718418
126	167	0.698662
126	170	0.704655
126	171	0.682104
126	172	0.69032
126	173	0.728046
126	175	0.688211
126	176	0.716124
126	177	0.712525
126	179	0.702466
127	2	0.722359
127	11	0.712432
127	46	0.757132
127	56	0.746982
127	59	0.740258
127	71	0.735169
127	73	0.797277
127	82	0.761333
127	85	0.754387
127	100	0.723139
127	101	0.781223
127	102	0.759128
127	107	0.773202
127	108	0.763763
127	115	0.748006
127	116	0.745424
127	119	0.741314
127	124	0.764856
127	129	0.754548
127	135	0.774475
127	136	3.58241
127	138	0.796495
127	143	0.726605
127	148	3.93996
127	150	0.764596
127	155	0.671594
127	161	0.769195
127	162	4.25024
127	164	2.53123
127	165	0.793981
127	166	2.0163
127	171	0.670994
127	173	3.17534
127	174	2.9663
127	178	0.722667
128	16	4.28843
128	59	3.67285
128	99	0.705982
128	105	0.644183
128	109	0.734985
128	113	0.691397
128	116	2.51737
128	117	0.688271
128	120	0.712982
128	123	0.737524
128	133	0.756151
128	134	0.6965
128	141	0.735399
128	146	0.626206
128	147	0.654248
128	148	0.653529
128	152	0.740953
128	153	0.699914
128	155	0.63181
128	157	0.662893
128	159	0.65648
128	161	1.93022
128	164	0.667525
128	167	0.647769
128	169	0.67833
128	172	0.639427
128	173	0.677153
128	174	0.660752
128	175	0.637318
128	176	0.665231
128	177	0.661632
128	178	0.682884
128	179	0.651573
128	180	0.67492
129	2	0.714285
129	11	0.704358
129	46	0.749058
129	56	0.738908
129	59	0.732184
129	64	0.787986
129	71	0.727095
129	73	0.789203
129	75	0.797102
129	82	0.753259
129	85	0.746313
129	86	3.87847
129	100	0.715065
129	101	0.773149
129	102	0.751054
129	107	0.765127
129	108	0.755689
129	109	1.18751
129	115	0.739932
129	116	0.73735
129	119	0.73324
129	124	0.756782
129	127	0.754548
129	135	0.766401
129	138	0.788421
129	141	1.73944
129	143	0.718531
129	147	4.1869
129	150	0.756522
129	155	0.663519
129	159	4.37345
129	165	0.785907
129	166	1.91452
129	168	3.06208
129	171	0.66292
129	178	0.714593
130	18	0.714512
130	38	0.753909
130	49	0.694507
130	54	0.744622
130	62	2.71652
130	108	3.81691
130	110	2.93583
130	118	0.711577
130	125	0.666035
130	134	0.691083
130	136	0.674607
130	137	0.691257
130	138	3.36593
130	143	0.681406
130	144	0.738698
130	145	0.704828
130	146	0.620789
130	147	0.648831
130	148	0.648112
130	151	0.679698
130	152	0.735536
130	153	0.694497
130	159	0.651063
130	162	0.649478
130	164	0.662108
130	167	0.642353
130	168	0.661674
130	170	0.648346
130	172	0.63401
130	173	0.671737
130	175	0.631901
130	176	0.659814
130	177	0.656216
130	179	0.646156
130	180	0.669503
131	24	2.84872
131	63	1.3792
131	82	1.95126
131	84	2.3203
131	93	0.78158
131	102	2.24593
131	103	0.756684
131	106	3.2546
131	113	0.735053
131	118	0.76065
131	122	0.739309
131	134	0.740157
131	136	0.72368
131	140	0.778264
131	142	0.777248
131	145	0.753901
131	146	0.669862
131	153	0.743571
131	154	0.719237
131	156	0.738677
131	157	0.70655
131	158	0.69272
