1	79	1.01675
1	82	1.04844
1	109	1.08694
1	111	1.09137
1	115	0.824716
1	118	1.04615
1	120	1.08236
1	137	1.02196
1	166	1.06068
1	167	0.98527
1	174	0.904877
1	177	1.72727
2	113	1.29847
2	123	0.949255
2	141	0.911186
2	143	0.903375
2	149	0.884519
2	151	0.935148
2	154	0.96367
2	155	0.946314
2	158	0.940948
2	159	0.943533
2	161	1.23931
2	175	1.6876
3	49	0.904497
3	100	1.16637
3	113	1.40473
3	141	0.914581
3	146	0.944065
3	151	0.938542
3	154	0.967064
3	155	0.949708
3	157	0.87281
3	158	0.944342
3	159	0.946927
3	176	1.62881
4	89	0.870597
4	93	1.2018
4	127	1.06659
4	147	1.03028
4	154	0.894256
4	165	0.949993
4	169	0.872176
4	173	0.957925
4	176	0.917387
4	178	0.859874
4	179	0.854361
4	180	0.899987
5	18	1.00145
5	28	0.955735
5	40	1.03084
5	53	0.971095
5	77	0.908499
5	87	0.945633
5	94	0.90068
5	117	1.41903
5	119	1.42817
5	127	1.38163
5	157	0.860828
5	171	0.838413
6	9	1.08657
6	83	1.09206
6	84	1.08226
6	93	1.03675
6	102	1.02093
6	105	1.00966
6	110	1.03093
6	136	0.923622
6	142	1.21192
6	144	1.18683
6	168	1.02948
6	174	1.11034
7	16	1.01509
7	55	1.0111
7	76	1.14046
7	86	0.960762
7	91	0.968077
7	103	0.933569
7	152	0.890906
7	160	0.911328
7	166	0.947767
7	172	1.4635
7	176	1.60036
7	177	0.78148
8	36	1.07949
8	51	1.03072
8	66	1.10085
8	75	0.962458
8	125	1.06416
8	138	1.09264
8	145	1.0155
8	150	0.802125
8	160	1.05125
8	164	1.22391
8	167	1.01228
8	175	1.38126
9	6	1.08657
9	33	0.945809
9	44	1.15104
9	48	1.02984
9	67	1.07798
9	102	1.0431
9	105	1.03184
9	145	0.959691
9	152	1.11319
9	153	1.43114
9	168	1.05165
9	174	0.976476
10	75	0.854602
10	81	0.949644
10	104	0.923126
10	107	0.954077
10	113	1.43807
10	125	0.956303
10	126	1.19344
10	131	0.969719
10	138	0.984783
10	142	1.57981
10	152	0.922967
10	171	0.878009
11	74	1.04587
11	86	1.0937
11	91	1.10101
11	97	1.11137
11	103	1.0665
11	149	1.0164
11	157	1.13109
11	161	0.927258
11	162	1.01261
11	166	1.0807
11	177	0.914414
11	180	1.38793
12	24	0.906059
12	31	0.962539
12	36	0.949703
12	96	1.09156
12	104	0.901193
12	108	0.911438
12	125	0.93437
12	131	0.947786
12	138	0.96285
12	168	0.940882
12	170	1.55774
12	174	1.5729
13	19	0.889308
13	78	0.94607
13	82	0.954151
13	109	0.992655
13	110	1.28333
13	118	0.95186
13	120	0.988072
13	139	1.24699
13	142	0.887645
13	149	0.902088
13	167	0.890984
13	176	1.67805
14	85	1.07559
14	99	1.0347
14	111	1.09737
14	118	1.05215
14	120	1.08836
14	148	1.2175
14	149	1.00237
14	152	1.03504
14	166	1.06668
14	167	0.99127
14	173	0.948463
14	180	1.25967
15	46	1.05373
15	53	1.11826
15	77	1.05567
15	87	1.0928
15	94	1.04785
15	137	1.02235
15	139	0.676367
15	157	1.008
15	165	0.971617
15	171	0.98558
15	176	1.10743
15	179	1.67356
16	7	1.01509
16	74	1.06109
16	97	1.12659
16	103	1.08173
16	115	0.983655
16	137	1.1809
16	147	0.86213
16	149	1.03162
16	160	1.05949
16	166	1.09592
16	177	0.929637
16	180	1.42517
17	129	1.06093
17	132	1.08755
17	141	1.04156
17	151	1.06553
17	152	1.09554
17	155	1.07669
17	158	1.07132
17	159	1.07391
17	162	0.944861
17	167	1.09878
17	177	0.91291
17	180	1.32018
18	5	1.00145
18	53	1.12068
18	65	1.08884
18	87	1.09522
18	94	1.05026
18	135	0.898287
18	137	1.02476
18	157	1.01041
18	162	0.682504
18	169	1.42754
18	171	0.987995
18	179	1.44652
19	13	0.889308
19	78	0.931195
19	85	0.960428
19	99	0.919539
19	109	0.97778
19	118	0.936985
19	120	0.973197
19	139	0.946779
19	157	1.29842
19	166	0.951515
19	167	0.876109
19	177	2.0163
20	55	0.9804
20	116	0.971391
20	127	1.06451
20	146	0.98686
20	153	0.916331
20	162	0.983542
20	169	0.870099
20	170	0.957969
20	173	0.955848
20	175	0.896303
20	178	0.857797
20	180	0.89791
21	115	0.85523
21	153	0.760127
21	156	0.780719
21	164	0.773078
21	168	3.39375
21	169	0.713895
21	170	0.801765
21	174	0.815827
21	176	0.759107
21	178	0.701593
21	179	0.69608
21	180	0.741706
22	79	0.905625
22	82	0.937309
22	109	0.975812
22	111	0.980241
22	118	0.935018
22	120	0.971229
22	148	1.6033
22	149	0.885245
22	157	1.38863
22	163	1.25901
22	166	0.949547
22	167	0.874141
23	46	1.04682
23	53	1.11135
23	65	1.07951
23	77	1.04875
23	87	1.08589
23	94	1.04093
23	95	0.92682
23	110	0.982738
23	157	1.00108
23	171	0.978665
23	172	1.24059
23	173	1.24366
24	12	0.906059
24	45	0.944022
24	51	0.9198
24	81	0.946576
24	101	1.02881
24	108	0.930303
24	131	0.966651
24	138	0.981715
24	157	1.26648
24	160	0.940322
24	171	0.874941
24	177	1.98436
25	102	1.05747
25	103	1.06884
25	105	1.04621
25	113	0.975712
25	128	0.922398
25	155	1.08053
25	159	1.07775
25	166	1.08304
25	167	1.15583
25	168	1.06603
25	177	0.916753
25	180	1.37722
26	30	0.738305
26	109	0.976586
26	132	0.966505
26	147	1.05127
26	162	1.00661
26	165	0.970983
26	166	1.01236
26	170	0.981035
26	173	0.978915
26	178	0.880864
26	179	0.875351
26	180	0.920977
27	33	0.834223
27	42	0.932777
27	48	0.918257
27	83	1.00264
27	84	0.99285
27	93	0.947333
27	102	0.931515
27	105	0.920249
27	136	1.26016
27	144	1.52338
27	168	0.940069
27	170	1.43172
28	5	0.955735
28	40	1.13471
28	64	0.896012
28	65	1.04313
28	77	1.01236
28	87	1.0495
28	94	1.00455
28	110	1.12981
28	113	1.30044
28	137	0.979045
28	157	0.964695
28	171	0.942279
28	172	1.38766
29	78	0.999347
29	85	1.02858
29	99	0.987691
29	109	1.04593
29	111	1.05036
29	118	1.00514
29	120	1.04135
29	147	0.966004
29	157	1.2722
29	166	1.01967
29	167	0.944261
29	174	1.16769
29	176	1.35162
30	26	0.738305
30	68	0.725857
30	75	0.600596
30	82	0.713584
30	100	0.753992
30	111	0.756516
30	120	0.747504
30	155	0.723315
30	158	0.717949
30	159	0.720534
30	172	0.674664
30	176	0.623119
30	180	0.605719
31	12	0.962539
31	57	1.08827
31	104	0.976537
31	108	0.986782
31	125	1.00971
31	126	1.05132
31	131	1.02313
31	138	1.03819
31	139	1.08897
31	140	1.04694
31	160	0.996801
31	164	1.52774
31	168	1.01623
32	45	1.02005
32	104	0.996084
32	107	1.02703
32	108	1.00633
32	125	1.02926
32	130	0.793019
32	138	1.05774
32	148	1.26044
32	167	0.97738
32	168	1.03577
32	171	0.950966
32	172	0.988326
32	179	1.69132
33	9	0.945809
33	27	0.834223
33	42	0.881433
33	44	0.988109
33	67	0.91505
33	83	0.951298
33	84	0.941506
33	93	0.895989
33	105	0.868905
33	137	1.43837
33	156	1.52059
33	168	0.888725
33	171	1.56943
34	62	1.01917
34	74	1.01032
34	91	1.06547
34	92	1.03723
34	97	1.07583
34	114	1.06449
34	142	1.47396
34	149	0.980858
34	150	1.14222
34	152	0.988298
34	160	1.00872
34	166	1.04516
34	177	0.878872
35	47	0.5813
35	86	0.879244
35	149	0.911314
35	162	1.0774
35	164	1.02314
35	166	0.696793
35	170	1.05183
35	174	1.06589
35	175	0.990163
35	176	1.00917
35	178	0.951657
35	179	0.946144
35	180	0.99177
36	8	1.07949
36	12	0.949703
36	56	1.08114
36	108	0.973947
36	125	0.996879
36	127	0.579982
36	131	1.0103
36	138	1.02536
36	160	0.983966
36	165	0.91059
36	168	1.00339
36	169	1.59354
36	177	1.68486
37	86	0.587877
37	94	1.15149
37	97	0.595804
37	99	0.754382
37	111	0.475448
37	131	0.518134
37	140	1.23618
37	143	1.1456
37	155	1.18854
37	158	1.18317
37	171	1.08922
37	179	1.02531
37	180	1.07094
38	96	0.861887
38	112	1.03391
38	124	1.00259
38	136	1.15651
38	141	0.97804
38	146	1.00752
38	151	1.002
38	154	1.03052
38	155	1.01317
38	158	1.0078
38	159	1.01039
38	160	1.29761
38	173	1.39336
39	52	0.671227
39	120	0.886257
39	133	1.00213
39	150	1.09495
39	159	0.812902
39	163	1.03031
39	169	0.929455
39	170	1.01732
39	173	1.0152
39	175	0.955659
39	176	0.974666
39	178	0.917152
39	179	0.91164
39	180	0.957266
40	5	1.03084
40	28	1.13471
40	53	1.15007
40	65	1.11823
40	77	1.08747
40	87	1.12461
40	94	1.07965
40	101	0.746232
40	115	0.79923
40	157	1.0398
40	170	0.864233
40	171	1.01738
40	175	1.22837
40	179	1.62945
41	89	0.99872
41	121	1.01619
41	129	0.971745
41	132	0.998363
41	133	0.959361
41	141	0.952376
41	146	0.98186
41	150	1.07282
41	151	0.976338
41	155	0.987503
41	156	1.50229
41	158	0.982137
41	159	0.984722
41	167	1.44294
42	27	0.932777
42	33	0.881433
42	44	1.08666
42	47	0.954084
42	52	1.02315
42	67	1.0136
42	93	0.994542
42	101	1.01575
42	102	0.978724
42	105	0.967458
42	117	0.903817
42	157	1.25342
42	168	0.987278
42	179	1.89897
43	120	0.89356
43	122	1.00915
43	125	0.858908
43	140	1.10862
43	141	0.930469
43	158	0.675674
43	161	1.05203
43	164	0.97475
43	174	1.0175
43	175	0.941771
43	176	0.960778
43	178	0.903265
43	179	0.897752
43	180	0.943378
44	9	1.15104
44	33	0.988109
44	42	1.08666
44	47	1.06076
44	52	1.12982
44	84	1.14674
44	102	1.0854
44	105	1.07413
44	122	0.73276
44	128	0.572098
44	153	1.12023
44	168	1.09395
44	169	1.39664
44	177	1.48796
45	24	0.944022
45	32	1.02005
45	61	0.899695
45	66	1.00902
45	70	1.01972
45	108	0.9494
45	125	0.972333
45	131	0.985749
45	137	1.47059
45	138	1.00081
45	145	1.33672
45	162	1.33954
45	167	0.920452
45	168	0.978845
46	15	1.05373
46	23	1.04682
46	53	1.02579
46	65	0.993958
46	77	0.963197
46	87	1.00033
46	94	0.955378
46	137	0.929877
46	152	1.39017
46	157	0.915526
46	160	1.20783
46	161	1.15413
46	165	1.30157
46	171	0.893111
47	35	0.5813
47	42	0.954084
47	44	1.06076
47	48	0.939564
47	67	0.987702
47	83	1.02395
47	84	1.01416
47	93	0.96864
47	102	0.952822
47	105	0.941556
47	160	0.8916
47	168	0.961376
47	177	1.75961
47	178	1.62907
48	9	1.02984
48	27	0.918257
48	47	0.939564
48	52	1.00863
48	67	0.999084
48	83	1.03533
48	93	0.980023
48	102	0.964205
48	105	0.952939
48	140	1.05358
48	145	1.32596
48	163	1.31763
48	168	0.972759
48	174	1.34275
49	3	0.904497
49	88	1.00144
49	117	0.983941
49	123	0.981314
49	132	0.989232
49	133	0.95023
49	143	0.935434
49	151	0.967207
49	154	0.995729
49	158	0.973006
49	159	0.975591
49	163	1.20392
49	169	1.9601
49	174	1.22903
49	177	0.814592
50	116	1.10372
50	123	1.07006
50	124	1.05654
50	132	1.07798
50	143	1.02419
50	144	0.883573
50	148	1.12625
50	151	1.05596
50	156	1.00638
50	158	1.06176
50	159	1.06434
50	166	1.06963
50	171	1.05522
50	177	0.903344
50	178	1.49893
51	8	1.03072
51	24	0.9198
51	66	0.984802
51	70	0.9955
51	104	0.914934
51	107	0.945884
51	108	0.925178
51	128	1.30302
51	131	0.961526
51	138	0.97659
51	147	1.19481
51	167	0.89623
51	168	0.954623
51	172	1.44355
51	174	1.39649
52	39	0.671227
52	42	1.02315
52	44	1.12982
52	48	1.00863
52	67	1.05676
52	75	1.46209
52	83	1.09301
52	84	1.08322
52	93	1.0377
52	102	1.02188
52	105	1.01062
52	161	0.870807
52	167	1.11008
52	168	1.03044
52	171	1.21827
53	5	0.971095
53	15	1.11826
53	18	1.12068
53	23	1.11135
53	40	1.15007
53	46	1.02579
53	77	1.02772
53	94	1.01991
53	95	0.915777
53	106	0.797245
53	142	1.28406
53	157	0.980054
53	160	1.13686
53	164	1.37411
53	171	0.957639
54	68	1.18361
54	72	0.897441
54	92	1.06739
54	110	1.04861
54	124	1.06223
54	133	1.04467
54	143	1.02987
54	146	1.06717
54	151	1.06164
54	154	1.09017
54	155	1.07281
54	159	1.07003
54	161	1.16008
54	163	1.23428
54	177	0.90903
55	7	1.0111
55	20	0.9804
55	74	1.05709
55	86	1.10492
55	97	1.1226
55	103	1.07773
55	149	1.02763
55	152	1.03507
55	160	1.05549
55	161	0.971017
55	166	1.09193
55	167	1.21029
55	170	1.05518
55	173	1.12047
55	177	0.925641
56	36	1.08114
56	104	1.03263
56	107	1.06358
56	108	1.04287
56	131	1.07922
56	138	1.09428
56	152	1.03247
56	153	1.19945
56	160	1.05289
56	167	1.01392
56	171	0.98751
56	172	0.791848
56	175	1.09376
56	176	0.928711
56	177	1.56717
57	31	1.08827
57	81	1.05344
57	107	1.05788
57	108	1.03717
57	114	0.818915
57	125	1.0601
57	131	1.07352
57	136	0.940088
57	137	1.24389
57	138	1.08858
57	160	1.04719
57	164	1.31843
57	167	1.00822
57	171	0.981807
57	172	1.17386
58	119	0.799791
58	124	1.05318
58	133	1.03562
58	135	1.23756
58	141	1.02863
58	144	1.11224
58	146	1.05812
58	149	1.00196
58	151	1.05259
58	155	1.06376
58	158	1.05839
58	159	1.06098
58	164	1.22737
58	166	1.06627
58	167	1.1757
59	74	1.29005
59	125	1.35178
59	136	0.975237
59	145	0.925906
59	148	0.872377
59	163	0.921323
59	165	0.89828
59	166	1.25399
59	169	0.820462
59	172	0.917219
59	175	0.846667
59	176	0.865674
59	178	0.80816
59	179	0.802647
59	180	0.848273
60	80	1.14765
60	119	1.06235
60	149	0.99105
60	156	0.964749
60	161	1.03438
60	162	1.01137
60	165	0.975743
60	166	0.776529
60	168	0.765748
60	169	0.897925
60	175	0.924129
60	176	0.943137
60	178	0.885623
60	179	0.88011
60	180	0.925736
61	45	0.899695
61	104	0.901574
61	129	0.749855
61	133	0.847219
61	155	0.547411
61	161	1.10484
61	163	1.06924
61	164	1.02756
61	165	1.0462
61	169	0.96838
61	171	1.01447
61	172	1.06514
61	175	0.994585
61	178	0.956078
61	179	0.950566
61	180	0.996191
62	34	1.01917
62	112	0.846948
62	132	0.653648
62	147	1.12009
62	151	0.805605
62	158	0.614058
62	161	1.09845
62	162	1.07543
62	164	1.02117
62	165	1.03981
62	169	0.961991
62	175	0.988195
62	176	1.0072
62	177	0.943618
62	178	0.949689
62	180	0.989802
63	85	0.918141
63	120	1.01456
63	129	1.03307
63	143	1.0114
63	150	1.03204
63	156	0.933375
63	161	1.00301
63	162	0.979995
63	163	0.967412
63	164	0.925735
63	173	0.9523
63	175	0.892756
63	176	0.911763
63	178	0.854249
63	179	0.848736
63	180	0.894362
64	28	0.896012
64	79	0.918508
64	88	0.707522
64	102	0.672652
64	115	1.09032
64	124	0.765555
64	145	1.05443
64	150	1.11448
64	170	1.03685
64	172	1.04574
64	174	1.05092
64	175	0.975188
64	176	0.994195
64	178	0.936681
64	179	0.931169
64	180	0.976794
65	18	1.08884
65	23	1.07951
65	28	1.04313
65	40	1.11823
65	46	0.993958
65	77	0.99589
65	87	1.03302
65	94	0.988072
65	135	1.26024
65	137	0.96257
65	142	1.16001
65	144	1.13492
65	157	0.94822
65	171	0.925805
65	174	1.05843
65	176	1.24235
66	8	1.10085
66	45	1.00902
66	51	0.984802
66	76	0.725566
66	104	0.98506
66	107	1.01601
66	108	0.995305
66	122	1.06874
66	125	1.01824
66	131	1.03165
66	138	1.04672
66	148	1.32072
66	152	0.984901
66	168	1.02475
66	173	1.05169
66	178	1.6934
67	9	1.07798
67	33	0.91505
67	42	1.0136
67	47	0.987702
67	48	0.999084
67	52	1.05676
67	83	1.08347
67	93	1.02816
67	102	1.01234
67	105	1.00108
67	128	0.91781
67	160	0.965662
67	167	1.15124
67	168	1.0209
67	174	1.01128
67	177	1.83367
68	30	0.725857
68	54	1.18361
68	70	0.873415
68	85	1.01295
68	88	1.07633
68	134	1.0376
68	150	1.04621
68	163	0.981578
68	164	0.939901
68	165	0.958535
68	172	0.977474
68	173	0.966467
68	176	0.925929
68	178	0.868416
68	179	0.862903
68	180	0.908529
69	129	1.02374
69	132	1.05036
69	141	1.00437
69	143	0.996559
69	146	1.03385
69	151	1.02833
69	153	1.52382
69	154	1.05685
69	155	1.0395
69	158	1.03413
69	159	1.03672
69	163	1.04404
69	172	1.11621
69	173	1.11929
69	174	1.06915
69	177	0.875717
70	45	1.01972
70	51	0.9955
70	68	0.873415
70	81	1.02228
70	107	1.02671
70	108	1.006
70	125	1.02893
70	131	1.04235
70	138	1.05741
70	145	0.932416
70	160	1.01602
70	164	1.14083
70	168	1.03545
70	171	0.95064
70	174	0.9492
70	177	1.77159
71	75	0.875581
71	84	0.863305
71	102	1.04035
71	112	1.12327
71	119	1.01732
71	127	1.0473
71	158	0.890383
71	161	0.989352
71	170	0.940762
71	172	0.949649
71	173	0.938641
71	174	0.954825
71	175	0.879097
71	176	0.898104
71	179	0.835078
71	180	0.880704
72	54	0.897441
72	81	0.916783
72	93	0.940927
72	111	0.760782
72	121	1.1121
72	125	0.78855
72	128	1.05469
72	148	0.972971
72	164	0.980239
72	170	1.00893
72	172	1.01781
72	173	1.0068
72	174	1.02299
72	176	0.966267
72	178	0.908754
72	179	0.903241
72	180	0.948867
73	112	1.01512
73	116	1.03097
73	133	0.966237
73	134	1.102
73	135	1.4813
73	141	0.959252
73	143	0.951441
73	146	0.988736
73	147	1.07779
73	151	0.983214
73	154	1.01174
73	155	0.994379
73	158	0.989013
73	159	0.991598
73	160	1.23386
73	163	1.25436
73	166	0.996886
74	11	1.04587
74	16	1.06109
74	34	1.01032
74	55	1.05709
74	59	1.29005
74	86	1.00676
74	91	1.01407
74	97	1.02443
74	103	0.979564
74	134	0.911289
74	140	0.799604
74	152	0.936901
74	160	0.957323
74	166	0.993762
74	172	1.13583
74	177	0.827475
74	178	1.78062
75	8	0.962458
75	10	0.854602
75	30	0.600596
75	52	1.46209
75	71	0.875581
75	77	1.61828
75	105	1.62074
75	113	0.873797
75	131	0.893261
75	137	0.838317
75	138	0.908325
75	154	0.91822
75	158	0.895498
75	159	0.898083
75	172	0.852213
75	179	0.737642
75	180	0.783268
76	7	1.14046
76	66	0.725566
76	112	0.924178
76	124	0.934162
76	145	1.04435
76	162	1.05235
76	163	1.03976
76	164	0.998085
76	168	0.765951
76	169	0.938902
76	173	1.02465
76	174	1.04083
76	175	0.965106
76	176	0.984114
76	178	0.9266
76	179	0.921087
76	180	0.966713
77	5	0.908499
77	15	1.05567
77	23	1.04875
77	28	1.01236
77	40	1.08747
77	46	0.963197
77	53	1.02772
77	65	0.99589
77	75	1.61828
77	87	1.00226
77	94	0.957311
77	121	0.839521
77	137	0.931809
77	150	0.896159
77	152	1.26304
77	164	1.31795
77	171	0.895043
78	13	0.94607
78	19	0.931195
78	29	0.999347
78	79	0.964355
78	82	0.996039
78	85	1.01719
78	99	0.976301
78	109	1.03454
78	111	1.03897
78	118	0.993748
78	120	1.02996
78	144	1.03505
78	147	0.756867
78	163	0.933435
78	166	1.00828
78	169	1.68962
78	177	1.78094
79	1	1.01675
79	22	0.905625
79	64	0.918508
79	78	0.964355
79	82	0.972437
79	85	0.993588
79	99	0.952699
79	109	1.01094
79	111	1.01537
79	118	0.970146
79	120	1.00636
79	130	1.21485
79	134	1.18562
79	149	0.920373
79	166	0.984675
79	167	0.909269
79	170	1.34794
79	176	1.54702
80	60	1.14765
80	89	0.988886
80	98	1.01355
80	117	1.17874
80	126	1.13904
80	129	0.961911
80	132	0.988529
80	133	0.949527
80	142	0.901431
80	143	0.93473
80	146	0.972026
80	147	1.22215
80	151	0.966503
80	155	0.977669
80	158	0.972303
80	159	0.974888
80	166	0.980176
80	167	1.56379
81	10	0.949644
81	24	0.946576
81	57	1.05344
81	70	1.02228
81	72	0.916783
81	104	0.941709
81	106	0.893498
81	107	0.97266
81	125	0.974886
81	131	0.988302
81	138	1.00337
81	150	1.04858
81	152	0.94155
81	160	0.961973
81	167	0.923006
81	171	0.896592
81	173	1.32888
81	179	2.02879
82	1	1.04844
82	13	0.954151
82	22	0.937309
82	30	0.713584
82	78	0.996039
82	79	0.972437
82	85	1.02527
82	99	0.984383
82	111	1.04705
82	114	0.934963
82	118	1.00183
82	120	1.03804
82	137	1.35993
82	142	0.937614
82	149	0.952057
82	170	1.22769
82	173	1.29299
82	180	1.6042
83	6	1.09206
83	27	1.00264
83	33	0.951298
83	47	1.02395
83	48	1.03533
83	52	1.09301
83	67	1.08347
83	84	1.10992
83	93	1.06441
83	102	1.04859
83	105	1.03732
83	137	1.09962
83	142	1.08411
83	153	1.4372
83	163	0.957416
83	167	1.12249
83	168	1.05714
83	174	0.982533
84	6	1.08226
84	27	0.99285
84	33	0.941506
84	44	1.14674
84	47	1.01416
84	52	1.08322
84	71	0.863305
84	83	1.10992
84	93	1.05462
84	102	1.0388
84	105	1.02753
84	110	1.0488
84	121	0.653396
84	152	1.07691
84	168	1.04735
84	169	1.67126
84	174	0.940193
84	175	1.28917
85	14	1.07559
85	19	0.960428
85	29	1.02858
85	63	0.918141
85	68	1.01295
85	78	1.01719
85	79	0.993588
85	82	1.02527
85	99	1.00553
85	106	0.703495
85	109	1.06378
85	111	1.0682
85	118	1.02298
85	120	1.05919
85	164	1.28036
85	166	1.03751
85	167	0.962104
85	171	1.33688
85	176	1.27266
86	7	0.960762
86	11	1.0937
86	35	0.879244
86	37	0.587877
86	55	1.10492
86	74	1.00676
86	91	1.0619
86	92	1.03367
86	97	1.07226
86	100	0.956644
86	103	1.02739
86	110	1.02602
86	128	1.14169
86	140	0.945998
86	149	0.97729
86	160	1.00515
86	166	1.04159
86	177	0.875305
86	179	1.98522
87	5	0.945633
87	15	1.0928
87	18	1.09522
87	23	1.08589
87	28	1.0495
87	40	1.12461
87	46	1.00033
87	65	1.03302
87	77	1.00226
87	94	0.994445
87	95	1.01089
87	96	0.796259
87	130	1.12935
87	137	0.968944
87	142	1.37918
87	157	0.954593
87	162	1.26363
87	165	1.32571
87	171	0.932178
88	49	1.00144
88	64	0.707522
88	68	1.07633
88	123	1.04959
88	129	1.03089
88	132	1.05751
88	133	1.01851
88	141	1.01152
88	143	1.00371
88	146	1.04101
88	154	1.06401
88	155	1.04665
88	159	1.04387
88	162	1.13815
88	163	1.12699
88	167	1.29207
88	168	1.03214
88	172	1.19917
88	177	0.882869
89	4	0.870597
89	41	0.99872
89	80	0.988886
89	98	1.07069
89	129	1.01904
89	132	1.04566
89	133	1.00666
89	146	1.02916
89	154	1.05216
89	155	1.0348
89	157	0.957902
89	158	1.02943
89	159	1.03202
89	160	0.926058
89	162	0.957713
89	165	1.01979
89	168	1.02029
89	175	1.32065
89	178	1.66353
90	96	1.17614
90	98	0.836813
90	107	0.765831
90	133	0.876335
90	141	0.797371
90	145	1.04818
90	147	1.10083
90	150	1.10822
90	153	0.988963
90	155	0.576526
90	165	1.02055
90	168	0.61724
90	173	1.02848
90	174	1.04466
90	175	0.968936
90	176	0.987943
90	178	0.93043
90	179	0.924917
90	180	0.970543
91	7	0.968077
91	11	1.10101
91	34	1.06547
91	74	1.01407
91	86	1.0619
91	97	1.07957
91	103	1.03471
91	110	1.03334
91	126	0.859214
91	139	0.896867
91	142	1.24558
91	149	0.984605
91	152	0.992045
91	160	1.01247
91	163	1.11888
91	166	1.04891
91	176	1.32793
91	177	0.882619
91	180	1.50535
92	34	1.03723
92	54	1.06739
92	86	1.03367
92	103	1.00647
92	121	0.990763
92	125	0.997146
92	131	1.01056
92	138	1.02563
92	140	0.988392
92	150	1.0474
92	154	1.03552
92	156	1.47686
92	158	1.0128
92	159	1.01538
92	162	1.26359
92	166	1.02067
92	167	0.945265
92	171	0.918852
92	176	1.46149
92	177	0.854384
93	4	1.2018
93	6	1.03675
93	27	0.947333
93	33	0.895989
93	42	0.994542
93	47	0.96864
93	48	0.980023
93	52	1.0377
93	67	1.02816
93	72	0.940927
93	83	1.06441
93	84	1.05462
93	102	0.99328
93	105	0.982014
93	110	1.00328
93	126	1.01809
93	136	1.11617
93	160	1.25726
93	168	1.00183
93	170	1.28772
94	5	0.90068
94	15	1.04785
94	18	1.05026
94	23	1.04093
94	28	1.00455
94	37	1.15149
94	40	1.07965
94	46	0.955378
94	53	1.01991
94	65	0.988072
94	77	0.957311
94	87	0.994445
94	127	1.01939
94	130	1.15364
94	140	1.01272
94	157	0.90964
94	160	1.25626
94	162	1.28792
94	164	1.49351
94	171	0.887225
95	23	0.92682
95	53	0.915777
95	87	1.01089
95	122	1.02908
95	125	0.883797
95	127	1.1299
95	138	0.882475
95	148	0.987404
95	153	0.981721
95	162	1.04893
95	163	1.03635
95	165	1.01331
95	166	0.786007
95	169	0.93549
95	172	1.03225
95	174	1.03742
95	175	0.961694
95	178	0.923188
95	179	0.917675
95	180	0.963301
96	12	1.09156
96	38	0.861887
96	87	0.796259
96	90	1.17614
96	98	0.780167
96	128	1.09981
96	131	0.684083
96	134	1.12306
96	138	0.667843
96	148	1.01809
96	156	1.033
96	159	0.630462
96	163	1.06704
96	165	1.044
96	170	1.05405
96	172	1.06293
96	173	1.05193
96	174	1.06811
96	178	0.953876
96	179	0.948363
96	180	0.993989
97	11	1.11137
97	16	1.12659
97	34	1.07583
97	37	0.595804
97	55	1.1226
97	74	1.02443
97	86	1.07226
97	91	1.07957
97	103	1.04507
97	106	0.857853
97	110	1.0437
97	114	0.935205
97	134	1.06561
97	136	1.05638
97	144	1.31959
97	149	0.994963
97	152	1.0024
97	153	1.69776
97	160	1.02283
97	166	1.05927
97	177	0.892978
98	80	1.01355
98	89	1.07069
98	90	0.836813
98	96	0.780167
98	110	1.05072
98	114	0.953619
98	116	1.09606
98	123	1.06241
98	127	0.979013
98	141	1.02434
98	143	1.01653
98	146	1.05383
98	149	0.997673
98	151	1.0483
98	154	1.07682
98	155	1.05947
98	158	1.0541
98	159	1.05669
98	168	1.04496
98	170	1.24635
98	176	1.44543
99	14	1.0347
99	19	0.919539
99	29	0.987691
99	37	0.754382
99	78	0.976301
99	79	0.952699
99	82	0.984383
99	85	1.00553
99	109	1.02289
99	111	1.02732
99	117	1.00652
99	118	0.982092
99	120	1.0183
99	130	1.25343
99	135	1.60349
99	139	1.15453
99	140	1.1125
99	142	0.917876
99	149	0.932319
99	165	1.44979
99	167	0.921215
100	3	1.16637
100	30	0.753992
100	86	0.956644
100	118	0.991119
100	120	0.906635
100	134	1.06573
100	135	0.977756
100	140	1.1019
100	144	1.02008
100	146	0.798276
100	149	0.988714
100	153	0.955084
100	163	1.00971
100	165	0.98667
100	169	0.908853
100	170	0.996722
100	174	1.01078
100	175	0.935057
100	176	0.954064
100	178	0.896551
100	179	0.891038
100	180	0.936664
101	24	1.02881
101	40	0.746232
101	42	1.01575
101	115	1.05147
101	134	1.06701
101	135	0.979034
101	143	1.04884
101	158	0.834112
101	159	0.978643
101	161	1.04659
101	162	1.02357
101	165	0.987948
101	169	0.910131
101	172	1.00689
101	173	0.99588
101	174	1.01206
101	175	0.936335
101	176	0.955342
101	178	0.897829
101	179	0.892316
101	180	0.937942
102	6	1.02093
102	9	1.0431
102	25	1.05747
102	27	0.931515
102	42	0.978724
102	44	1.0854
102	47	0.952822
102	48	0.964205
102	52	1.02188
102	64	0.672652
102	67	1.01234
102	71	1.04035
102	83	1.04859
102	84	1.0388
102	93	0.99328
102	105	0.966197
102	110	0.98746
102	157	1.22175
102	160	1.07162
102	164	1.30887
102	165	1.16536
102	168	0.986016
102	180	1.47859
103	7	0.933569
103	11	1.0665
103	16	1.08173
103	25	1.06884
103	55	1.07773
103	74	0.979564
103	86	1.02739
103	91	1.03471
103	92	1.00647
103	97	1.04507
103	110	0.998829
103	140	0.890628
103	142	1.28137
103	149	0.950097
103	152	0.957537
103	160	0.97796
103	161	1.08048
103	164	1.37143
103	165	1.22791
103	166	1.0144
103	167	1.31975
103	170	1.16464
103	177	0.848112
104	10	0.923126
104	12	0.901193
104	31	0.976537
104	32	0.996084
104	51	0.914934
104	56	1.03263
104	61	0.901574
104	66	0.98506
104	81	0.941709
104	107	0.946142
104	108	0.925436
104	125	0.948369
104	131	0.961784
104	138	0.976848
104	150	1.12522
104	157	1.45989
104	160	0.935455
104	165	1.4035
104	167	0.896488
104	168	0.954881
104	170	1.34023
104	171	0.870074
104	180	1.71673
105	6	1.00966
105	9	1.03184
105	25	1.04621
105	27	0.920249
105	33	0.868905
105	42	0.967458
105	44	1.07413
105	47	0.941556
105	48	0.952939
105	52	1.01062
105	67	1.00108
105	75	1.62074
105	83	1.03732
105	84	1.02753
105	93	0.982014
105	102	0.966197
105	110	0.976194
105	117	0.883678
105	145	1.11199
105	150	0.898613
105	160	1.08315
105	168	0.97475
105	171	1.37691
105	180	1.49012
106	53	0.797245
106	81	0.893498
106	85	0.703495
106	97	0.857853
106	122	1.08002
106	123	0.660626
106	129	0.818425
106	145	1.09187
106	149	0.881996
106	159	0.726562
106	161	1.12289
106	162	1.09987
106	167	1.05894
106	169	0.986429
106	170	1.0743
106	171	1.03252
106	172	1.08319
106	173	1.07218
106	174	1.08836
106	175	1.01263
106	176	1.03164
106	178	0.974127
106	179	0.968614
106	180	1.01424
107	10	0.954077
107	32	1.02703
107	51	0.945884
107	56	1.06358
107	57	1.05788
107	66	1.01601
107	70	1.02671
107	81	0.97266
107	90	0.765831
107	104	0.946142
107	108	0.956387
107	117	1.01274
107	125	0.979319
107	127	0.908031
107	131	0.992735
107	136	1.00381
107	138	1.0078
107	147	0.988839
107	152	0.945983
107	160	0.966406
107	171	0.901025
107	173	1.24066
107	175	1.5395
107	177	2.01291
108	12	0.911438
108	24	0.930303
108	31	0.986782
108	32	1.00633
108	36	0.973947
108	45	0.9494
108	51	0.925178
108	56	1.04287
108	57	1.03717
108	66	0.995305
108	70	1.006
108	104	0.925436
108	107	0.956387
108	117	0.992036
108	119	0.76989
108	125	0.958614
108	131	0.972029
108	138	0.987093
108	144	1.08234
108	147	0.804158
108	152	0.925277
108	157	1.11035
108	169	1.73691
108	177	1.82823
108	178	1.6977
109	1	1.08694
109	13	0.992655
109	19	0.97778
109	22	0.975812
109	26	0.976586
109	29	1.04593
109	78	1.03454
109	79	1.01094
109	85	1.06378
109	99	1.02289
109	111	1.08556
109	117	1.06476
109	118	1.04033
109	120	1.07654
109	127	0.734449
109	139	0.769806
109	142	0.976117
109	149	0.99056
109	153	1.47161
109	160	0.971321
109	161	0.917622
109	166	1.05486
109	167	0.979456
109	179	1.767
109	180	1.37829
110	6	1.03093
110	13	1.28333
110	23	0.982738
110	28	1.12981
110	54	1.04861
110	84	1.0488
110	86	1.02602
110	91	1.03334
110	93	1.00328
110	97	1.0437
110	98	1.05072
110	102	0.98746
110	103	0.998829
110	105	0.976194
110	154	0.784549
110	155	0.790431
110	160	0.976588
110	168	0.996014
110	172	0.96187
110	173	0.950862
110	174	0.967045
110	176	0.910324
110	177	0.84674
110	179	0.847298
110	180	0.892924
111	1	1.09137
111	14	1.09737
111	22	0.980241
111	29	1.05036
111	30	0.756516
111	37	0.475448
111	72	0.760782
111	78	1.03897
111	79	1.01537
111	82	1.04705
111	85	1.0682
111	99	1.02732
111	109	1.08556
111	113	1.08258
111	117	1.06919
111	118	1.04476
111	120	1.08097
111	135	1.32455
111	142	0.980546
111	147	0.92105
111	163	1.09762
111	165	1.17085
111	166	1.05929
111	167	0.983885
111	177	1.94512
112	38	1.03391
112	62	0.846948
112	71	1.12327
112	73	1.01512
112	76	0.924178
112	116	1.08092
112	123	1.04726
112	132	1.05518
112	133	1.01618
112	134	1.02268
112	140	0.910993
112	141	1.0092
112	143	1.00139
112	146	1.03868
112	151	1.03316
112	154	1.06168
112	155	1.04432
112	158	1.03896
112	159	1.04154
112	166	1.04683
112	168	1.02982
112	170	1.185
112	172	1.24722
112	173	1.2503
112	177	0.880543
113	2	1.29847
113	3	1.40473
113	10	1.43807
113	25	0.975712
113	28	1.30044
113	75	0.873797
113	111	1.08258
113	136	1.00588
113	139	1.04219
113	148	0.903024
113	156	0.917933
113	160	0.962584
113	161	0.987569
113	164	0.910292
113	165	0.928927
113	169	0.851109
113	170	0.938978
113	172	0.947866
113	173	0.936858
113	174	0.953041
113	175	0.877313
113	176	0.89632
113	178	0.838807
113	179	0.833294
113	180	0.87892
114	34	1.06449
114	57	0.818915
114	82	0.934963
114	97	0.935205
114	98	0.953619
114	128	1.08331
114	133	0.993141
114	135	1.01858
114	144	1.0609
114	145	1.05512
114	153	0.995904
114	162	1.06312
114	163	1.05053
114	166	0.744827
114	168	0.734046
114	169	0.949672
114	170	1.03754
114	172	1.04643
114	173	1.03542
114	174	1.0516
114	175	0.975876
114	176	0.994883
114	177	0.931299
114	178	0.93737
114	179	0.931857
114	180	0.977483
115	1	0.824716
115	16	0.983655
115	21	0.85523
115	40	0.79923
115	64	1.09032
115	101	1.05147
115	128	1.00774
115	129	1.1235
115	133	1.22087
115	135	0.943007
115	147	1.03221
115	150	1.0396
115	151	1.07866
115	155	0.921059
115	156	0.940927
115	161	1.01056
115	163	0.974964
115	170	0.961973
115	172	0.97086
115	173	0.959852
115	174	0.976036
115	175	0.900308
115	177	0.855731
115	178	0.861801
115	179	0.856289
115	180	0.901915
116	20	0.971391
116	50	1.10372
116	73	1.03097
116	98	1.09606
116	112	1.08092
116	117	0.816234
116	123	1.06312
116	129	1.04442
116	132	1.07104
116	133	1.03204
116	139	0.814192
116	141	1.02505
116	143	1.01724
116	146	1.05454
116	151	1.04901
116	154	1.07753
116	155	1.06018
116	158	1.05481
116	159	1.0574
116	163	1.03621
116	166	1.06269
116	167	1.20129
116	171	1.30947
116	172	1.10839
116	173	1.11147
116	177	0.896398
116	180	1.42268
117	5	1.41903
117	42	0.903817
117	49	0.983941
117	80	1.17874
117	99	1.00652
117	105	0.883678
117	107	1.01274
117	108	0.992036
117	109	1.06476
117	111	1.06919
117	116	0.816234
117	118	1.02396
117	120	1.06018
117	131	1.02838
117	138	1.04345
117	144	1.00181
117	154	0.750244
117	158	0.722176
117	162	1.00402
117	166	1.03849
117	168	1.02148
117	171	0.936674
117	174	0.992512
117	176	0.935791
117	178	0.878278
117	179	0.872765
117	180	0.918391
118	1	1.04615
118	13	0.95186
118	14	1.05215
118	19	0.936985
118	22	0.935018
118	29	1.00514
118	78	0.993748
118	79	0.970146
118	82	1.00183
118	85	1.02298
118	99	0.982092
118	100	0.991119
118	109	1.04033
118	111	1.04476
118	117	1.02396
118	120	1.03575
118	138	0.327098
118	142	0.935323
118	147	1.06796
118	149	0.949766
118	150	1.03948
118	157	1.37415
118	163	1.24452
118	166	1.01407
118	167	0.938661
118	171	1.51778
118	175	1.61862
119	5	1.42817
119	58	0.799791
119	60	1.06235
119	71	1.01732
119	108	0.76989
119	122	0.990779
119	126	1.07208
119	138	0.913229
119	139	1.08827
119	141	0.986112
119	144	1.00842
119	146	0.840844
119	153	0.943424
119	156	0.964016
119	161	1.03365
119	163	0.998052
119	164	0.956375
119	165	0.97501
119	166	0.816761
119	168	0.80598
119	169	0.897192
119	170	0.985061
119	173	0.982941
119	174	0.999124
119	175	0.923396
119	178	0.88489
119	179	0.879377
119	180	0.925003
120	1	1.08236
120	13	0.988072
120	14	1.08836
120	19	0.973197
120	22	0.971229
120	29	1.04135
120	30	0.747504
120	39	0.886257
120	43	0.89356
120	63	1.01456
120	78	1.02996
120	79	1.00636
120	82	1.03804
120	85	1.05919
120	99	1.0183
120	100	0.906635
120	109	1.07654
120	111	1.08097
120	117	1.06018
120	118	1.03575
120	128	1.09168
120	137	1.30224
120	140	0.895989
120	142	0.971535
120	148	1.50433
120	149	0.985977
120	165	1.23327
120	166	1.05028
120	167	0.974873
121	41	1.01619
121	72	1.1121
121	77	0.839521
121	84	0.653396
121	92	0.990763
121	131	0.878626
121	132	0.720063
121	136	1.07859
121	139	1.11489
121	140	1.11686
121	146	0.79
121	148	0.975727
121	149	0.980439
121	150	1.0893
121	161	1.06027
121	162	1.03726
121	163	1.02467
121	165	1.00163
121	168	0.755136
121	169	0.923812
121	170	1.01168
121	172	1.02057
121	173	1.00956
121	174	1.02574
121	175	0.950016
121	176	0.969023
121	178	0.91151
121	179	0.905997
121	180	0.951623
122	43	1.00915
122	44	0.73276
122	66	1.06874
122	95	1.02908
122	106	1.08002
122	119	0.990779
122	123	1.11305
122	126	1.00124
122	138	1.21637
122	142	0.895525
122	143	1.24918
122	144	0.937581
122	150	0.991848
122	151	1.22601
122	156	0.893179
122	158	1.03446
122	162	0.939799
122	163	0.927216
122	164	0.885539
122	169	0.826355
122	170	0.914225
122	172	0.923112
122	173	0.912104
122	174	0.928288
122	175	0.85256
122	176	0.871567
122	178	0.814053
122	179	0.808541
122	180	0.854166
123	2	0.949255
123	49	0.981314
123	50	1.07006
123	88	1.04959
123	98	1.06241
123	106	0.660626
123	112	1.04726
123	116	1.06312
123	122	1.11305
123	124	1.01594
123	132	1.03738
123	133	0.998382
123	141	0.991397
123	143	0.983585
123	145	1.02908
123	146	1.02088
123	151	1.01536
123	152	1.18258
123	154	1.04388
123	155	1.02652
123	158	1.02116
123	159	1.02374
123	160	1.00024
123	162	1.0319
123	168	1.01202
123	174	1.04586
123	177	0.862744
123	178	1.73772
123	180	1.40721
124	38	1.00259
124	50	1.05654
124	54	1.06223
124	58	1.05318
124	64	0.765555
124	76	0.934162
124	123	1.01594
124	129	0.997245
124	132	1.02386
124	133	0.984862
124	134	1.03266
124	141	0.977876
124	143	0.970065
124	146	1.00736
124	149	0.951209
124	150	0.979985
124	151	1.00184
124	154	1.03036
124	155	1.013
124	157	0.936106
124	158	1.00764
124	159	1.01022
124	164	1.40177
124	165	1.25826
124	166	1.01551
124	167	1.3501
124	168	0.998497
124	171	1.45829
124	172	1.25721
124	177	0.849223
125	8	1.06416
125	10	0.956303
125	12	0.93437
125	31	1.00971
125	32	1.02926
125	36	0.996879
125	43	0.858908
125	45	0.972333
125	57	1.0601
125	59	1.35178
125	66	1.01824
125	70	1.02893
125	72	0.78855
125	81	0.974886
125	92	0.997146
125	95	0.883797
125	104	0.948369
125	107	0.979319
125	108	0.958614
125	127	0.868011
125	131	0.994962
125	135	1.35232
125	138	1.01003
125	152	0.94821
125	160	0.968633
125	162	1.13654
125	167	0.929665
125	168	0.988058
125	171	0.903252
125	172	1.19757
125	179	1.90056
126	10	1.19344
126	31	1.05132
126	80	1.13904
126	91	0.859214
126	93	1.01809
126	119	1.07208
126	122	1.00124
126	131	0.880635
126	136	1.06243
126	144	1.01888
126	147	1.06576
126	148	0.959568
126	154	0.71055
126	156	0.974477
126	159	0.827013
126	161	1.04411
126	162	1.0211
126	163	1.00851
126	165	0.985471
126	166	0.767926
126	169	0.907653
126	170	0.995523
126	171	0.953748
126	172	1.00441
126	173	0.993402
126	174	1.00959
126	175	0.933858
126	176	0.952865
126	178	0.895351
126	179	0.889839
126	180	0.935464
127	4	1.06659
127	5	1.38163
127	20	1.06451
127	36	0.579982
127	71	1.0473
127	94	1.01939
127	95	1.1299
127	98	0.979013
127	107	0.908031
127	109	0.734449
127	125	0.868011
127	135	0.996082
127	139	1.11826
127	143	0.899502
127	145	1.03262
127	147	1.08528
127	148	0.979093
127	150	1.09267
127	159	0.829308
127	161	1.06364
127	163	1.02804
127	164	0.986361
127	166	0.770221
127	169	0.927178
127	172	1.02393
127	173	1.01293
127	174	1.02911
127	175	0.953382
127	176	0.972389
127	178	0.914876
127	179	0.909363
127	180	0.954989
128	25	0.922398
128	44	0.572098
128	51	1.30302
128	67	0.91781
128	72	1.05469
128	86	1.14169
128	96	1.09981
128	114	1.08331
128	115	1.00774
128	120	1.09168
128	130	1.00086
128	133	1.20756
128	134	1.02328
128	144	0.97763
128	145	0.971848
128	147	1.02451
128	149	1.17376
128	156	0.933228
128	162	0.979848
128	163	0.967265
128	164	0.925588
128	165	0.944222
128	168	0.948461
128	169	0.866405
128	170	0.954274
128	172	0.963161
128	173	0.952153
128	174	0.968337
128	175	0.892609
128	176	0.911616
128	178	0.854103
128	179	0.84859
128	180	0.894216
129	17	1.06093
129	41	0.971745
129	61	0.749855
129	63	1.03307
129	69	1.02374
129	80	0.961911
129	88	1.03089
129	89	1.01904
129	106	0.818425
129	115	1.1235
129	116	1.04442
129	124	0.997245
129	132	1.01868
129	133	0.979682
129	137	0.945278
129	141	0.972697
129	142	0.931587
129	143	0.964886
129	146	1.00218
129	149	0.94603
129	151	0.996659
129	154	1.02518
129	155	1.00782
129	158	1.00246
129	159	1.00504
129	160	1.15804
129	161	1.10434
129	166	1.01033
129	167	1.34362
129	168	0.993318
129	170	1.18851
129	175	1.55264
129	176	1.38759
129	177	0.844044
130	32	0.793019
130	79	1.21485
130	87	1.12935
130	94	1.15364
130	99	1.25343
130	128	1.00086
130	139	1.05831
130	140	1.06028
130	142	0.936394
130	144	0.978451
130	145	0.972668
130	146	0.928552
130	147	1.02533
130	148	0.91914
130	149	1.11899
130	150	1.03272
130	153	0.913457
130	154	0.847094
130	156	0.934049
130	161	1.00368
130	162	0.980668
130	164	0.926408
130	166	0.904469
130	169	0.867225
130	170	0.955094
130	171	0.913319
130	172	0.963982
130	173	0.952974
130	174	0.969157
130	175	0.893429
130	176	0.912436
130	178	0.854923
130	179	0.84941
130	180	0.895036
131	10	0.969719
131	12	0.947786
131	24	0.966651
131	31	1.02313
131	36	1.0103
131	37	0.518134
131	45	0.985749
131	51	0.961526
131	56	1.07922
131	57	1.07352
131	66	1.03165
131	70	1.04235
131	75	0.893261
131	81	0.988302
131	92	1.01056
131	96	0.684083
131	104	0.961784
131	107	0.992735
131	108	0.972029
131	117	1.02838
131	121	0.878626
131	125	0.994962
131	126	0.880635
131	137	1.28251
131	138	1.02344
131	152	0.961626
131	156	1.36473
131	157	1.26993
131	167	0.943081
131	168	1.00147
131	171	0.916667
131	173	1.21556
131	178	1.85728
131	180	1.52677
132	17	1.08755
132	26	0.966505
132	41	0.998363
132	49	0.989232
132	50	1.07798
132	62	0.653648
132	69	1.05036
132	80	0.988529
132	88	1.05751
132	89	1.04566
132	112	1.05518
132	116	1.07104
132	121	0.720063
132	123	1.03738
132	124	1.02386
132	129	1.01868
132	134	0.829378
132	141	0.999315
132	142	0.958205
132	143	0.991504
132	144	1.08336
132	146	1.0288
132	151	1.02328
132	154	1.0518
132	157	0.957545
132	158	1.02908
132	159	1.03166
132	161	0.907541
132	168	1.01994
132	169	1.73793
132	170	0.991702
132	171	1.255
132	175	1.35584
132	177	0.870662
132	178	1.69871
133	39	1.00213
133	41	0.959361
133	49	0.95023
133	54	1.04467
133	58	1.03562
133	61	0.847219
133	73	0.966237
133	80	0.949527
133	88	1.01851
133	89	1.00666
133	90	0.876335
133	112	1.01618
133	114	0.993141
133	115	1.22087
133	116	1.03204
133	123	0.998382
133	124	0.984862
133	128	1.20756
133	129	0.979682
133	137	0.932894
133	141	0.960314
133	146	0.989798
133	149	0.933646
133	151	0.984275
133	154	1.0128
133	155	0.995441
133	157	0.918543
133	158	0.990075
133	159	0.99266
133	161	1.20171
133	162	1.28706
133	165	1.34914
133	168	0.980934
133	173	1.35117
133	177	0.831661
134	68	1.0376
134	73	1.102
134	74	0.911289
134	79	1.18562
134	96	1.12306
134	97	1.06561
134	100	1.06573
134	101	1.06701
134	112	1.02268
134	124	1.03266
134	128	1.02328
134	132	0.829378
134	135	0.958552
134	139	1.08073
134	147	1.04775
134	151	0.981335
134	153	0.93588
134	161	1.02611
134	162	1.00309
134	163	0.990509
134	164	0.948832
134	165	0.967466
134	166	0.875232
134	168	0.864451
134	169	0.889648
134	170	0.977518
134	172	0.986405
134	173	0.975397
134	174	0.991581
134	175	0.915853
134	176	0.93486
134	177	0.871275
134	178	0.877346
134	179	0.871833
134	180	0.917459
135	18	0.898287
135	58	1.23756
135	65	1.26024
135	73	1.4813
135	99	1.60349
135	100	0.977756
135	101	0.979034
135	111	1.32455
135	114	1.01858
135	115	0.943007
135	125	1.35232
135	127	0.996082
135	134	0.958552
135	139	0.992754
135	140	0.994724
135	141	1.42388
135	150	0.967165
135	152	0.892725
135	156	0.868496
135	161	0.938132
135	162	0.915115
135	163	0.902532
135	164	0.860855
135	165	0.87949
135	169	0.801672
135	170	0.889542
135	171	0.847767
135	172	0.898429
135	173	0.887421
135	174	0.903604
135	175	0.827876
135	176	0.846884
135	177	0.783299
135	178	0.78937
135	179	0.783857
135	180	0.829483
136	6	0.923622
136	27	1.26016
136	38	1.15651
136	57	0.940088
136	59	0.975237
136	93	1.11617
136	97	1.05638
136	107	1.00381
136	113	1.00588
136	121	1.07859
136	126	1.06243
136	138	0.962468
136	139	1.07863
136	145	0.992987
136	147	1.04565
136	148	0.939458
136	153	0.933775
136	156	0.954367
136	159	0.925087
136	161	1.024
136	162	1.00099
136	163	0.988404
136	164	0.946727
136	165	0.965361
136	168	0.855219
136	169	0.887543
136	170	0.975413
136	172	0.9843
136	173	0.973292
136	174	0.989476
136	175	0.913748
136	176	0.932755
136	177	0.86917
136	178	0.875241
136	179	0.869729
136	180	0.915354
137	1	1.02196
137	15	1.02235
137	16	1.1809
137	18	1.02476
137	28	0.979045
137	33	1.43837
137	45	1.47059
137	46	0.929877
137	57	1.24389
137	65	0.96257
137	75	0.838317
137	77	0.931809
137	82	1.35993
137	83	1.09962
137	87	0.968944
137	120	1.30224
137	129	0.945278
137	131	1.28251
137	133	0.932894
137	140	1.00868
137	143	0.918097
137	146	0.955393
137	151	0.949871
137	154	0.978393
137	156	0.882453
137	157	0.884139
137	158	0.95567
137	159	0.958255
137	161	0.952089
137	163	0.916489
137	169	0.815629
137	171	0.861723
137	172	0.912385
137	175	0.841833
137	177	0.797256
137	178	0.803327
137	179	0.797814
137	180	0.84344
138	8	1.09264
138	10	0.984783
138	12	0.96285
138	24	0.981715
138	31	1.03819
138	32	1.05774
138	36	1.02536
138	45	1.00081
138	51	0.97659
138	56	1.09428
138	57	1.08858
138	66	1.04672
138	70	1.05741
138	75	0.908325
138	81	1.00337
138	92	1.02563
138	95	0.882475
