1	5	1.00618
1	21	0.881056
1	31	1.04344
1	44	1.02918
1	66	1.06791
1	69	1.03727
1	106	1.06724
1	143	0.899762
1	154	0.915687
1	164	1.07898
1	167	1.06981
1	173	0.912906
2	7	0.780827
2	28	0.872778
2	68	0.963429
2	93	0.975392
2	105	1.03357
2	109	1.01201
2	118	1.09843
2	152	1.03491
2	157	1.04664
2	159	1.05688
2	178	1.06224
2	180	1.05531
3	36	0.918221
3	46	0.905461
3	65	1.19866
3	124	0.925354
3	125	0.914498
3	131	0.930251
3	135	0.971377
3	143	0.954536
3	151	0.937226
3	178	1.19584
3	179	0.943077
3	180	1.21158
4	16	0.976678
4	32	0.970556
4	96	1.05386
4	98	0.947839
4	105	1.05589
4	109	1.03433
4	112	1.0782
4	115	1.08027
4	127	1.03419
4	156	0.862992
4	175	1.08659
4	178	0.824419
5	1	1.00618
5	44	0.888167
5	49	1.37127
5	66	0.926897
5	73	0.908049
5	93	0.925436
5	106	0.926229
5	140	1.11127
5	149	0.952269
5	164	0.937968
5	167	0.9288
5	173	1.12509
6	12	1.08323
6	34	1.03224
6	89	1.083
6	109	1.00291
6	112	1.04678
6	115	1.04885
6	126	0.897556
6	136	0.971335
6	164	1.04783
6	167	0.877667
6	175	1.05517
6	179	0.862022
7	2	0.780827
7	36	1.03622
7	40	1.03998
7	94	0.911518
7	120	1.04256
7	124	1.04335
7	131	1.04825
7	151	1.05522
7	158	1.08057
7	168	1.00165
7	173	1.05386
7	174	0.908371
8	21	0.916817
8	41	1.02568
8	53	0.876959
8	57	0.976189
8	61	1.03569
8	67	1.13905
8	68	1.03569
8	76	1.01387
8	90	1.10106
8	143	0.935523
8	158	1.07277
8	163	0.87972
9	17	1.057
9	25	0.953342
9	33	1.02162
9	74	1.1058
9	82	1.06949
9	87	1.04962
9	100	1.07778
9	149	0.907106
9	163	0.855693
9	173	0.92464
9	175	1.06535
9	179	0.920192
10	66	0.930864
10	69	0.900228
10	75	0.903623
10	93	0.929404
10	101	1.11263
10	106	0.930196
10	149	0.956237
10	161	1.26863
10	163	0.974743
10	164	0.941936
10	167	0.932767
10	176	1.22466
11	17	0.934995
11	21	1.19776
11	23	0.946757
11	25	0.831332
11	74	0.98379
11	82	0.947482
11	84	0.936006
11	100	0.955771
11	132	0.920531
11	134	1.1842
11	175	0.943336
11	179	1.22516
12	6	1.08323
12	89	1.08132
12	96	1.02076
12	97	0.815955
12	105	1.02279
12	112	1.0451
12	115	1.04717
12	139	1.04145
12	164	1.04615
12	175	1.05349
12	177	0.885785
12	179	0.865039
13	80	0.826221
13	98	0.960787
13	129	0.9084
13	144	1.04803
13	145	1.05085
13	148	1.03171
13	162	1.06028
13	166	1.07091
13	168	1.04048
13	169	1.04109
13	170	1.05664
13	174	0.910267
14	42	0.700873
14	56	0.929733
14	99	1.06492
14	122	1.07789
14	136	1.02591
14	146	1.04397
14	170	0.893967
14	171	1.04216
14	174	1.04942
14	177	1.04419
14	178	1.0617
14	180	1.05477
15	86	0.957635
15	145	1.00978
15	150	1.00948
15	152	1.00189
15	162	1.01922
15	166	1.02985
15	167	1.01475
15	168	0.999421
15	169	1.00003
15	170	1.01558
15	172	1.00204
15	174	1.0118
15	176	0.93597
16	4	0.976678
16	34	0.89259
16	47	0.959803
16	96	0.882796
16	105	0.884823
16	109	0.863266
16	112	0.907132
16	115	0.909199
16	149	1.30281
16	157	1.28299
16	164	0.908187
16	173	1.32035
16	175	0.915525
17	9	1.057
17	11	0.934995
17	24	1.02223
17	27	1.02223
17	82	1.02124
17	87	1.00137
17	100	1.02953
17	118	0.894665
17	132	0.994292
17	145	1.04045
17	173	0.98698
17	175	1.0171
17	179	0.982532
18	60	1.01791
18	71	1.06973
18	126	0.987184
18	144	1.00861
18	150	1.01111
18	155	1.00965
18	157	0.918738
18	160	1.01946
18	168	1.00106
18	169	1.00166
18	170	1.01722
18	173	1.01331
18	180	0.933444
19	88	0.894492
19	114	0.925623
19	117	0.914193
19	123	0.891285
19	153	0.927097
19	155	1.33902
19	157	0.903471
19	161	0.910348
19	162	1.25781
19	170	1.29751
19	176	0.91979
19	177	0.901558
19	180	0.912142
20	73	0.995841
20	116	0.867631
20	120	1.0022
20	124	1.003
20	125	0.99214
20	131	1.00789
20	135	1.04902
20	137	0.994818
20	146	1.02894
20	151	1.01487
20	153	1.0085
20	154	1.00388
20	158	1.04022
21	1	0.881056
21	8	0.916817
21	11	1.19776
21	30	0.984364
21	55	1.02027
21	82	0.902406
21	168	0.994794
21	169	0.995399
21	170	1.01095
21	175	1.02663
21	176	1.02532
21	178	1.0246
21	180	1.01767
22	64	1.05626
22	65	1.00449
22	67	0.837725
22	126	1.01382
22	145	0.982352
22	146	1.00817
22	156	1.01083
22	164	1.01904
22	172	1.00108
22	173	1.00834
22	177	1.00839
22	178	1.0259
22	180	1.01897
23	11	0.946757
23	33	0.98513
23	74	1.06931
23	82	1.03301
23	86	0.937291
23	87	1.01313
23	100	1.04129
23	127	0.976454
23	132	1.00605
23	136	1.06181
23	173	0.956947
23	175	1.02886
23	179	0.952499
24	17	1.02223
24	25	0.91857
24	33	0.986846
24	74	1.07103
24	82	1.03472
24	87	1.01485
24	100	1.04301
24	127	0.978169
24	149	0.957549
24	161	0.977739
24	162	0.993947
24	173	0.975084
24	175	1.03057
25	9	0.953342
25	11	0.831332
25	24	0.91857
25	27	0.91857
25	33	0.869705
25	74	0.953888
25	82	0.91758
25	85	1.30574
25	87	0.897709
25	100	0.925869
25	167	1.30813
25	175	0.913434
25	179	1.29249
26	41	0.984441
26	57	0.934947
26	58	1.02993
26	61	0.994447
26	67	1.09781
26	68	0.994447
26	76	0.972626
26	90	1.05982
26	140	0.971769
26	158	1.03153
26	161	0.988246
26	173	0.985591
26	180	0.962938
27	17	1.02223
27	25	0.91857
27	33	0.986846
27	74	1.07103
27	81	1.06265
27	82	1.03472
27	87	1.01485
27	100	1.04301
27	118	0.873505
27	127	0.978169
27	165	0.967167
27	174	1.00033
27	175	1.03057
28	2	0.872778
28	69	0.976194
28	75	0.979589
28	79	1.03861
28	93	1.00537
28	106	1.00616
28	132	1.00244
28	149	1.0322
28	161	0.968467
28	163	1.05071
28	165	0.96716
28	167	1.00873
28	168	1.0936
29	50	1.0083
29	70	0.956045
29	86	1.00635
29	91	0.970987
29	98	1.01596
29	120	0.96327
29	131	0.96896
29	135	1.01009
29	137	0.955885
29	147	1.13857
29	151	0.975935
29	166	1.07144
29	173	0.974576
29	176	0.984681
30	21	0.984364
30	34	0.960237
30	47	1.02745
30	78	1.01441
30	96	0.950442
30	105	0.95247
30	112	0.974778
30	115	0.976846
30	143	1.03484
30	162	1.06684
30	164	0.975833
30	167	1.05918
30	175	0.983171
30	179	1.04353
31	1	1.04344
31	44	0.925424
31	51	0.99556
31	54	1.07146
31	66	0.964153
31	79	0.995929
31	93	0.962693
31	106	0.963485
31	163	1.00803
31	164	0.975225
31	167	0.966056
31	172	1.06978
31	179	1.04058
31	180	1.02238
32	4	0.970556
32	83	0.997313
32	95	1.0252
32	106	1.09978
32	117	0.977052
32	126	0.969847
32	146	0.9642
32	160	1.08047
32	171	0.962391
32	175	1.04317
32	176	0.982649
32	177	0.964417
32	178	0.981929
32	180	0.975
33	9	1.02162
33	23	0.98513
33	24	0.986846
33	25	0.869705
33	27	0.986846
33	74	1.02216
33	82	0.985855
33	87	0.965984
33	100	0.994144
33	157	1.02489
33	165	1.0636
33	173	1.06225
33	175	0.981709
33	179	1.0578
34	6	1.03224
34	16	0.89259
34	30	0.960237
34	37	0.914584
34	89	1.03033
34	96	0.969774
34	105	0.971801
34	109	0.950244
34	112	0.994109
34	115	0.996177
34	121	1.1163
34	173	1.09078
34	175	1.0025
34	179	1.08633
35	63	0.942979
35	147	0.977902
35	148	0.961718
35	152	0.972963
35	155	0.97908
35	160	0.988893
35	162	0.99029
35	166	1.00092
35	168	0.97049
35	169	0.971094
35	170	0.98665
35	171	1.10804
35	176	1.06912
35	180	1.08779
36	3	0.918221
36	7	1.03622
36	50	1.00234
36	64	0.975284
36	98	1.00999
36	122	0.986839
36	124	0.958101
36	135	1.00412
36	137	0.949923
36	151	0.969973
36	166	1.09817
36	171	1.05033
36	177	1.06903
36	179	0.975824
37	34	0.914584
37	51	0.808843
37	80	1.10239
37	82	1.1004
37	98	0.805209
37	100	1.10869
37	131	0.879142
37	135	0.787336
37	168	1.06442
37	169	1.06502
37	170	1.08058
37	175	1.09625
37	176	1.09494
37	180	1.0873
38	130	1.0665
38	131	1.08756
38	139	0.952797
38	153	1.00046
38	155	1.02867
38	157	0.97683
38	158	1.00958
38	165	0.97819
38	171	0.972891
38	172	0.967606
38	174	0.980151
38	176	0.993149
38	178	0.992429
38	180	0.9855
39	60	0.982332
39	88	1.09717
39	147	0.972895
39	152	0.967957
39	155	0.974074
39	159	0.989929
39	160	0.983887
39	162	0.985284
39	166	0.995912
39	169	0.966087
39	170	0.981643
39	171	1.06183
39	176	1.02291
39	178	1.02584
40	7	1.03998
40	57	0.902509
40	67	1.06537
40	76	0.940189
40	90	1.02738
40	122	1.01232
40	137	0.953684
40	140	1.06439
40	151	0.973734
40	168	0.960129
40	169	0.960733
40	170	0.976289
40	176	1.03689
40	177	1.09451
41	8	1.02568
41	26	0.984441
41	57	0.896022
41	58	0.99101
41	61	0.955522
41	67	1.05889
41	68	0.955522
41	76	0.933702
41	90	1.02089
41	104	0.978315
41	132	1.07067
41	172	1.05696
41	173	1.03221
41	177	1.04851
42	14	0.700873
42	49	1.00803
42	85	0.770653
42	139	0.933809
42	145	1.08494
42	155	1.08317
42	159	1.09902
42	160	1.09298
42	162	1.09438
42	166	1.10501
42	168	1.07458
42	169	1.07518
42	170	1.09074
42	174	0.796357
43	70	1.02356
43	81	1.08124
43	98	1.08347
43	125	1.02072
43	131	1.03648
43	135	1.0776
43	137	1.0234
43	143	1.06076
43	149	0.872685
43	150	1.01103
43	151	1.04345
43	157	0.852859
43	167	0.901416
43	179	1.0493
43	180	0.867566
44	1	1.02918
44	5	0.888167
44	31	0.925424
44	51	0.981295
44	69	0.919252
44	75	0.922647
44	79	0.981664
44	93	0.948428
44	106	0.94922
44	134	1.09917
44	156	1.14476
44	163	0.993767
44	164	0.96096
44	171	1.14217
44	180	1.12192
45	70	0.938169
45	77	0.937722
45	120	0.945394
45	125	0.935331
45	131	0.951084
45	135	0.99221
45	137	0.938009
45	151	0.958059
45	154	1.13617
45	158	0.983413
45	163	1.06444
45	171	1.13098
45	173	0.956699
45	175	1.17243
45	179	0.96391
46	3	0.905461
46	77	0.936876
46	81	0.995
46	91	0.952264
46	117	1.0849
46	120	0.944547
46	123	1.13227
46	125	0.934485
46	128	1.08296
46	130	1.20377
46	135	0.991363
46	137	0.937162
46	151	0.957213
46	158	0.982567
46	179	0.963063
47	16	0.959803
47	30	1.02745
47	55	1.06335
47	66	0.988485
47	78	1.10095
47	89	1.09754
47	105	1.03901
47	109	1.01746
47	112	1.06132
47	115	1.06339
47	143	0.865124
47	149	0.860733
47	167	0.889464
47	172	0.903016
47	175	1.06972
48	64	0.95968
48	83	1.07936
48	91	0.949421
48	120	0.941704
48	125	0.931641
48	131	0.947394
48	135	0.98852
48	137	0.934319
48	151	0.954369
48	158	0.979723
48	162	1.17164
48	163	1.08383
48	173	0.95301
48	177	1.16907
48	179	0.96022
49	5	1.37127
49	42	1.00803
49	107	1.09221
49	117	0.942114
49	119	0.94044
49	125	1.3236
49	128	0.930192
49	136	0.911207
49	165	0.932752
49	171	0.927453
49	172	0.922168
49	173	0.929432
49	176	0.947711
49	177	0.929479
49	178	0.946991
49	180	0.940062
50	29	1.0083
50	36	1.00234
50	77	1.00101
50	98	1.06136
50	110	1.04454
50	117	0.95262
50	120	1.00868
50	125	0.998616
50	131	1.01437
50	135	1.05549
50	137	1.00129
50	151	1.02134
50	156	0.933777
50	160	1.00994
50	163	0.864649
50	179	1.02719
51	31	0.99556
51	37	0.808843
51	44	0.981295
51	66	1.02002
51	69	0.989388
51	75	0.992783
51	79	1.0518
51	93	1.01856
51	106	1.01936
51	134	0.939636
51	149	1.0454
51	152	1.12916
51	163	1.0639
51	167	1.02193
51	178	0.946649
51	179	0.980592
52	55	0.914566
52	85	1.01752
52	95	1.06933
52	112	0.947045
52	129	0.995024
52	130	1.01058
52	156	1.01099
52	157	1.01046
52	161	1.01734
52	165	1.01182
52	166	0.918114
52	168	1.00047
52	174	1.01378
52	177	1.00855
52	178	1.02606
52	180	1.01913
53	8	0.876959
53	99	1.05419
53	120	1.00069
53	121	1.00154
53	126	1.01919
53	127	1.0165
53	154	1.01976
53	157	1.01567
53	162	0.843533
53	165	1.01703
53	172	1.00645
53	174	1.01899
53	176	1.03199
53	177	1.01376
53	178	1.03127
53	180	1.02434
54	31	1.07146
54	114	0.902202
54	133	1.00124
54	136	1.02767
54	144	1.0155
54	145	1.01831
54	147	1.01536
54	155	1.01653
54	160	1.02635
54	161	0.92546
54	162	1.02774
54	166	1.03837
54	168	1.00794
54	169	1.00855
54	170	1.0241
54	176	0.881485
55	21	1.02027
55	47	1.06335
55	52	0.914566
55	78	1.05032
55	84	1.01175
55	89	1.0469
55	96	0.986348
55	109	0.966817
55	112	1.01068
55	115	1.01275
55	126	0.969355
55	143	0.925125
55	147	1.05083
55	153	0.945664
55	164	1.01174
55	175	1.01908
56	14	0.929733
56	80	0.941171
56	95	0.922883
56	126	1.02179
56	138	1.03209
56	142	1.0295
56	144	1.00986
56	150	1.01236
56	154	0.993489
56	155	1.0109
56	159	1.02675
56	162	1.02211
56	166	1.03274
56	168	1.00231
56	169	1.00291
56	170	1.01847
57	8	0.976189
57	26	0.934947
57	40	0.902509
57	41	0.896022
57	58	0.941516
57	61	0.906028
57	67	1.00939
57	68	0.906028
57	76	0.884207
57	84	0.928653
57	90	0.9714
57	101	1.08329
57	145	1.29011
57	157	1.19929
57	158	0.943107
57	179	1.2322
58	26	1.02993
58	41	0.99101
58	57	0.941516
58	61	1.00102
58	67	1.10438
58	68	1.00102
58	73	1.06138
58	76	0.979195
58	84	1.02364
58	90	1.06639
58	104	1.02381
58	118	0.880091
58	157	0.935046
58	158	1.03809
58	167	0.983603
58	180	0.949753
59	73	1.05123
59	117	0.981279
59	132	1.00072
59	137	1.15224
59	138	1.00658
59	142	1.00398
59	145	0.987157
59	148	0.968023
59	150	0.98685
59	159	1.00124
59	160	0.995198
59	162	0.996595
59	166	1.00722
59	168	0.976795
59	169	0.977399
59	170	0.992955
59	176	0.920935
60	18	1.01791
60	39	0.982332
60	95	0.979244
60	118	0.954754
60	128	1.06416
60	148	0.969844
60	150	0.988671
60	152	0.981089
60	159	1.00306
60	160	0.997019
60	162	0.998417
60	165	1.04842
60	166	1.00905
60	168	0.978616
60	169	0.97922
60	170	0.994776
60	177	1.06337
61	8	1.03569
61	26	0.994447
61	41	0.955522
61	57	0.906028
61	58	1.00102
61	67	1.06889
61	68	0.965527
61	76	0.943707
61	90	1.0309
61	97	1.00735
61	104	0.98832
61	111	1.01341
61	129	1.04582
61	158	1.00261
61	173	1.01317
61	177	1.02947
61	179	1.00873
62	78	1.01686
62	103	1.01524
62	138	1.00298
62	141	1.01435
62	142	1.00038
62	145	0.983554
62	152	0.975665
62	159	0.997637
62	160	0.991595
62	162	0.992992
62	165	1.03133
62	166	1.00362
62	168	0.973191
62	169	0.973796
62	170	0.989351
62	172	1.05473
62	176	0.988657
63	35	0.942979
63	123	1.07477
63	124	0.874739
63	128	1.08576
63	129	1.07152
63	136	1.06677
63	139	1.06292
63	158	0.809904
63	164	0.819068
63	165	1.08832
63	168	0.856708
63	170	0.78748
63	171	1.08302
63	172	1.07773
63	174	1.09028
63	176	1.10328
63	180	1.09563
64	22	1.05626
64	36	0.975284
64	48	0.95968
64	91	0.98934
64	98	1.03431
64	116	0.890284
64	120	0.981623
64	124	0.982416
64	131	0.987313
64	135	1.02844
64	137	0.974238
64	151	0.994289
64	164	1.1139
64	173	0.992929
64	174	1.05826
64	178	0.985362
64	179	1.00014
65	3	1.19866
65	22	1.00449
65	91	0.994914
65	102	1.0168
65	114	1.00651
65	132	0.979187
65	139	0.960329
65	147	0.973367
65	154	0.988449
65	160	0.937147
65	168	0.988593
65	171	0.980424
65	174	0.987683
65	176	1.00068
65	177	0.982449
65	178	0.999961
65	180	0.993033
66	1	1.06791
66	5	0.926897
66	10	0.930864
66	31	0.964153
66	47	0.988485
66	51	1.02002
66	75	0.961376
66	79	1.02039
66	93	0.987157
66	97	0.953064
66	112	1.08097
66	119	1.04883
66	121	1.03212
66	132	0.984222
66	149	1.01399
66	163	1.0325
66	167	0.99052
67	8	1.13905
67	22	0.837725
67	26	1.09781
67	40	1.06537
67	41	1.05889
67	57	1.00939
67	58	1.10438
67	61	1.06889
67	68	1.06889
67	76	1.04707
67	90	1.13427
67	142	0.887968
67	144	0.924421
67	158	1.10597
67	163	0.736271
67	164	0.895369
67	167	0.816414
68	2	0.963429
68	8	1.03569
68	26	0.994447
68	41	0.955522
68	57	0.906028
68	58	1.00102
68	61	0.965527
68	67	1.06889
68	76	0.943707
68	90	1.0309
68	97	1.00735
68	104	0.98832
68	116	0.922994
68	136	1.16133
68	158	1.00261
68	163	0.987517
68	177	1.07276
69	1	1.03727
69	10	0.900228
69	28	0.976194
69	44	0.919252
69	51	0.989388
69	73	0.939134
69	93	0.956521
69	106	0.957313
69	118	1.01055
69	143	1.08765
69	149	0.983354
69	157	1.06344
69	163	1.00186
69	164	0.969053
69	167	0.959884
69	173	1.1008
69	178	1.0624
69	179	1.09635
70	29	0.956045
70	43	1.02356
70	45	0.938169
70	81	1.00688
70	91	0.96414
70	120	0.956423
70	121	1.08786
70	124	0.957216
70	125	0.94636
70	131	0.962113
70	135	1.00324
70	137	0.949038
70	142	1.14509
70	151	0.969088
70	167	1.07353
70	173	0.967729
70	176	1.02102
70	177	1.07863
71	18	1.06973
71	82	1.04789
71	86	0.964014
71	94	0.940024
71	101	0.995408
71	117	0.967794
71	134	0.984677
71	149	0.981664
71	153	0.980698
71	154	0.961159
71	156	0.957601
71	164	1.10016
71	169	1.12561
71	175	1.04906
71	176	0.973391
71	177	0.955159
71	178	0.972671
71	180	0.965742
72	85	0.975008
72	108	0.98715
72	124	1.13494
72	133	1.13086
72	136	0.947764
72	139	0.943916
72	150	1.10993
72	153	0.991575
72	157	0.967949
72	165	0.969309
72	171	0.964011
72	172	0.958726
72	174	0.97127
72	175	1.02817
72	176	0.984268
72	177	0.966036
72	178	0.983548
72	180	0.97662
73	5	0.908049
73	20	0.995841
73	58	1.06138
73	59	1.05123
73	69	0.939134
73	84	1.07073
73	102	1.00299
73	106	0.969102
73	124	0.958078
73	137	0.9499
73	147	1.09792
73	151	0.96995
73	164	0.980842
73	168	1.11315
73	174	0.973871
73	176	0.98687
73	178	0.98615
73	180	0.979221
74	9	1.1058
74	11	0.98379
74	23	1.06931
74	24	1.07103
74	25	0.953888
74	27	1.07103
74	33	1.02216
74	82	1.07004
74	84	1.05856
74	87	1.05017
74	100	1.07833
74	118	0.777858
74	136	0.975038
74	152	1.01429
74	155	0.970242
74	163	0.801227
74	175	1.06589
74	179	0.865725
75	10	0.903623
75	28	0.979589
75	44	0.922647
75	51	0.992783
75	66	0.961376
75	79	0.993152
75	93	0.959916
75	101	0.932665
75	106	0.960708
75	118	1.01394
75	124	1.23184
75	132	0.956981
75	143	1.07287
75	149	0.986749
75	163	1.00525
75	167	0.963279
75	171	1.08362
75	173	1.08602
76	8	1.01387
76	26	0.972626
76	40	0.940189
76	41	0.933702
76	57	0.884207
76	58	0.979195
76	61	0.943707
76	67	1.04707
76	68	0.943707
76	84	0.966333
76	90	1.00908
76	97	0.985527
76	143	1.08294
76	156	1.09626
76	158	0.980787
76	163	1.02714
76	167	1.10728
76	173	1.09608
77	45	0.937722
77	46	0.936876
77	50	1.00101
77	80	1.0425
77	81	1.00643
77	97	1.03851
77	98	1.00866
77	117	1.11106
77	124	0.956769
77	125	0.945913
77	131	0.961666
77	137	0.948591
77	143	0.985951
77	149	1.0745
77	151	0.968641
77	159	1.13849
77	173	0.967282
77	179	0.974492
78	30	1.01441
78	47	1.10095
78	55	1.05032
78	62	1.01686
78	89	1.0845
78	96	1.02395
78	104	0.906746
78	105	1.02597
78	109	1.00442
78	112	1.04828
78	115	1.05035
78	118	1.09083
78	134	0.837857
78	149	0.865726
78	164	1.04934
78	173	0.883261
78	175	1.05668
78	177	0.899559
79	28	1.03861
79	31	0.995929
79	44	0.981664
79	51	1.0518
79	66	1.02039
79	75	0.993152
79	93	1.01893
79	97	0.872371
79	106	1.01973
79	119	0.968138
79	124	1.07173
79	132	1.016
79	149	1.04577
79	163	1.06427
79	164	1.03146
79	167	1.0223
79	172	0.950651
79	174	0.960412
79	176	0.884582
80	13	0.826221
80	37	1.10239
80	56	0.941171
80	77	1.0425
80	121	0.999817
80	125	1.02788
80	136	0.993759
80	151	0.951253
80	153	1.03757
80	161	1.02082
80	170	0.905405
80	171	1.01001
80	172	1.00472
80	174	1.01727
80	176	1.03026
80	177	1.01203
80	178	1.02954
80	179	1.01919
80	180	1.02261
81	27	1.06265
81	43	1.08124
81	46	0.995
81	70	1.00688
81	77	1.00643
81	83	0.919789
81	97	0.939675
81	101	0.839854
81	104	1.03783
81	120	1.0141
81	124	1.01489
81	125	1.00404
81	131	1.01979
81	135	1.06092
81	137	1.00671
81	151	1.02677
81	154	0.995988
81	173	1.02541
81	176	0.951886
82	9	1.06949
82	11	0.947482
82	17	1.02124
82	21	0.902406
82	23	1.03301
82	24	1.03472
82	25	0.91758
82	27	1.03472
82	33	0.985855
82	37	1.1004
82	71	1.04789
82	74	1.07004
82	87	1.01386
82	100	1.04202
82	126	0.965342
82	134	0.888853
82	143	0.921113
82	166	0.979695
82	175	1.02958
83	32	0.997313
83	48	1.07936
83	81	0.919789
83	85	1.02822
83	125	1.004
83	142	0.905711
83	144	0.942163
83	154	1.02525
83	156	1.02169
83	161	1.02804
83	162	0.841823
83	165	1.02252
83	171	1.01722
83	172	1.01194
83	174	1.02448
83	176	1.03748
83	177	1.01925
83	178	1.03676
83	180	1.02983
84	11	0.936006
84	55	1.01175
84	57	0.928653
84	58	1.02364
84	73	1.07073
84	74	1.05856
84	76	0.966333
84	87	1.00238
84	90	1.05353
84	105	0.987407
84	109	0.965849
84	115	1.01178
84	146	1.0096
84	149	0.964218
84	158	1.02523
84	164	1.01077
84	172	1.0065
84	173	0.981752
84	175	1.01811
84	179	0.977304
85	25	1.30574
85	42	0.770653
85	52	1.01752
85	72	0.975008
85	83	1.02822
85	103	0.952672
85	117	1.00796
85	129	0.981802
85	139	0.973205
85	141	1.00907
85	158	0.98617
85	161	1.00411
85	168	1.03297
85	171	0.993299
85	172	0.988014
85	174	1.00056
85	175	0.94423
85	178	1.01284
85	179	1.00249
85	180	1.00591
86	15	0.957635
86	23	0.937291
86	29	1.00635
86	71	0.964014
86	94	0.980072
86	102	1.02956
86	104	1.00759
86	125	1.05776
86	148	1.05473
86	151	0.981134
86	153	1.02075
86	154	1.00121
86	165	0.99848
86	171	0.993182
86	172	0.987897
86	174	1.00044
86	176	1.01344
86	177	0.995208
86	179	1.00237
86	180	1.00579
87	9	1.04962
87	17	1.00137
87	23	1.01313
87	24	1.01485
87	25	0.897709
87	27	1.01485
87	33	0.965984
87	74	1.05017
87	82	1.01386
87	84	1.00238
87	100	1.02215
87	110	1.10244
87	127	0.957308
87	132	0.986907
87	140	0.977677
87	167	1.0027
87	171	0.989097
87	175	1.00971
87	178	0.953108
87	179	0.987051
88	19	0.894492
88	39	1.09717
88	96	1.06353
88	104	0.991667
88	111	1.00313
88	121	0.967072
88	127	1.12114
88	129	0.965763
88	141	0.993032
88	147	1.04188
88	153	1.00483
88	161	0.988076
88	162	0.948174
88	164	1.01946
88	171	0.977261
88	172	0.971976
88	173	0.979239
88	176	0.997518
88	177	0.979286
88	178	0.996798
88	180	0.989869
89	6	1.083
89	12	1.08132
89	34	1.03033
89	47	1.09754
89	55	1.0469
89	78	1.0845
89	96	1.02053
89	105	1.02256
89	109	1.001
89	112	1.04487
89	113	1.03741
89	118	1.08742
89	127	1.00086
89	128	0.875621
89	139	1.0305
89	161	0.861189
89	164	1.04592
89	175	1.05326
89	178	0.820143
89	179	0.854086
89	180	0.835881
90	8	1.10106
90	26	1.05982
90	40	1.02738
90	41	1.02089
90	57	0.9714
90	58	1.06639
90	61	1.0309
90	67	1.13427
90	68	1.0309
90	76	1.00908
90	84	1.05353
90	97	1.07272
90	104	1.05369
90	123	0.93888
90	139	1.04445
90	158	1.06798
90	163	0.803539
90	165	0.873833
90	171	0.870084
90	175	0.911533
90	179	0.868038
91	29	0.970987
91	46	0.952264
91	48	0.949421
91	64	0.98934
91	65	0.994914
91	70	0.96414
91	97	0.976959
91	98	1.02405
91	120	0.971364
91	121	1.05601
91	125	0.961301
91	131	0.977054
91	135	1.01818
91	137	0.963979
91	139	1.20245
91	143	1.00134
91	151	0.98403
91	153	1.03789
91	167	1.04169
91	173	0.98267
91	179	0.98988
92	95	0.823562
92	100	0.946047
92	103	1.07155
92	107	1.10303
92	111	0.891621
92	119	0.933622
92	129	0.924029
92	130	1.03554
92	142	1.0567
92	147	1.03692
92	153	0.898782
92	155	1.0381
92	159	1.05395
92	160	1.04791
92	162	1.04931
92	165	0.892734
92	166	1.05994
92	168	1.02951
92	169	1.03011
92	170	1.04567
92	173	1.04175
93	2	0.975392
93	5	0.925436
93	10	0.929404
93	28	1.00537
93	31	0.962693
93	44	0.948428
93	51	1.01856
93	66	0.987157
93	69	0.956521
93	75	0.959916
93	79	1.01893
93	106	0.986489
93	114	1.04782
93	126	1.09951
93	132	0.982762
93	157	1.03107
93	163	1.03104
93	164	0.998229
93	167	0.98906
93	172	1.09318
93	179	1.06398
94	7	0.911518
94	71	0.940024
94	86	0.980072
94	99	1.16355
94	108	0.932067
94	111	0.995057
94	125	1.11507
94	134	1.00074
94	140	0.982156
94	141	0.984964
94	148	1.11205
94	150	1.05485
94	163	1.01623
94	165	0.97449
94	167	0.974253
94	171	0.969192
94	172	0.963907
94	174	0.976451
94	176	0.98945
94	177	0.971218
94	180	0.981801
95	32	1.0252
95	52	1.06933
95	56	0.922883
95	60	0.979244
95	92	0.823562
95	113	1.00936
95	115	0.879638
95	128	1.04785
95	138	0.908941
95	140	1.05808
95	141	1.06088
95	154	1.05314
95	156	1.04958
95	160	0.9049
95	165	1.05041
95	166	0.873992
95	174	1.05237
95	177	1.04714
95	178	1.06465
95	179	1.0543
95	180	1.05772
96	4	1.05386
96	12	1.02076
96	16	0.882796
96	30	0.950442
96	34	0.969774
96	55	0.986348
96	78	1.02395
96	88	1.06353
96	89	1.02053
96	105	0.962007
96	109	0.940449
96	112	0.984315
96	115	0.986383
96	121	1.05611
96	127	0.940304
96	143	1.01745
96	164	0.98537
96	169	1.14619
96	173	1.03059
96	175	0.992709
96	178	0.992202
97	12	0.815955
97	61	1.00735
97	66	0.953064
97	68	1.00735
97	76	0.985527
97	77	1.03851
97	79	0.872371
97	81	0.939675
97	90	1.07272
97	91	0.976959
97	116	1.07573
97	131	1.00181
97	158	1.04443
97	159	1.02991
97	161	1.02655
97	166	1.0359
97	168	1.00547
97	169	1.00607
97	170	1.02163
97	177	1.01776
97	178	1.03527
97	180	1.02834
98	4	0.947839
98	13	0.960787
98	29	1.01596
98	36	1.00999
98	37	0.805209
98	43	1.08347
98	50	1.06136
98	64	1.03431
98	77	1.00866
98	91	1.02405
98	120	1.01633
98	124	1.01713
98	125	1.00627
98	131	1.02202
98	137	1.00895
98	149	0.963872
98	151	1.029
98	163	0.91246
98	167	0.992603
98	173	1.02764
98	175	1.02045
98	179	1.03485
99	14	1.06492
99	53	1.05419
99	94	1.16355
99	107	1.01898
99	130	0.951489
99	141	1.11026
99	142	0.972645
99	147	0.952869
99	150	0.955512
99	152	0.94793
99	155	0.954047
99	159	0.969903
99	160	0.96386
99	161	1.12855
99	162	0.965257
99	166	0.975886
99	167	0.960785
99	168	0.945457
99	169	0.946061
99	170	0.961617
99	173	0.957703
99	176	1.08457
100	9	1.07778
100	11	0.955771
100	17	1.02953
100	23	1.04129
100	24	1.04301
100	25	0.925869
100	27	1.04301
100	33	0.994144
100	37	1.10869
100	74	1.07833
100	82	1.04202
100	87	1.02215
100	92	0.946047
100	122	0.885148
100	127	0.985468
100	128	0.968124
100	132	1.01507
100	140	0.937216
100	146	0.978881
100	173	0.951038
100	175	1.03787
100	179	0.94659
101	10	1.11263
101	57	1.08329
101	71	0.995408
101	75	0.932665
101	81	0.839854
101	110	1.00654
101	130	0.880926
101	136	1.00833
101	141	1.04035
101	146	1.02639
101	148	0.921037
101	154	1.0326
101	157	1.02852
101	158	0.824013
101	161	1.03539
101	165	1.02988
101	171	1.02458
101	172	1.01929
101	176	1.04483
101	177	1.0266
101	178	1.04411
101	180	1.03719
102	65	1.0168
102	73	1.00299
102	86	1.02956
102	106	0.977932
102	108	0.880305
102	122	1.05441
102	134	1.05023
102	135	0.949428
102	145	0.935739
102	154	1.02671
102	157	1.02262
102	158	0.96326
102	160	0.958619
102	165	1.02398
102	167	1.02374
102	171	1.01868
102	172	1.0134
102	174	1.02594
102	175	0.92132
102	176	1.03894
102	177	1.02071
102	180	1.03129
103	62	1.01524
103	85	0.952672
103	92	1.07155
103	107	1.07734
103	115	0.994952
103	134	0.898463
103	138	1.0336
103	148	0.995042
103	152	1.00629
103	153	0.951262
103	155	1.0124
103	156	0.944048
103	160	1.02222
103	161	0.946522
103	162	1.02361
103	163	1.06112
103	166	1.03424
103	167	1.01914
103	168	1.00381
103	169	1.00442
103	170	1.01997
103	180	0.921214
104	41	0.978315
104	58	1.02381
104	61	0.98832
104	68	0.98832
104	78	0.906746
104	81	1.03783
104	86	1.00759
104	88	0.991667
104	90	1.05369
104	124	0.988173
104	135	1.0342
104	137	0.979995
104	142	1.00261
104	146	0.998516
104	150	1.04068
104	151	1.00005
104	152	1.06398
104	162	0.938726
104	170	0.978427
104	174	1.00397
104	175	0.958911
104	178	1.01625
104	180	1.00932
105	2	1.03357
105	4	1.05589
105	12	1.02279
105	16	0.884823
105	30	0.95247
105	34	0.971801
105	47	1.03901
105	78	1.02597
105	84	0.987407
105	89	1.02256
105	96	0.962007
105	109	0.942477
105	112	0.986342
105	115	0.98841
105	116	0.932789
105	127	0.942331
105	157	1.0289
105	163	0.997312
105	164	0.987398
105	165	1.06761
105	167	1.07746
105	173	1.06626
105	175	0.994736
105	180	1.04361
106	1	1.06724
106	5	0.926229
106	10	0.930196
106	28	1.00616
106	31	0.963485
106	32	1.09978
106	44	0.94922
106	51	1.01936
106	69	0.957313
106	73	0.969102
106	75	0.960708
106	79	1.01973
106	93	0.986489
106	102	0.977932
106	113	1.17091
106	114	0.971434
106	118	1.04052
106	132	0.983554
106	161	0.994692
106	163	1.03183
106	164	0.999021
106	167	0.989853
106	177	1.00834
106	179	0.987589
107	49	1.09221
107	92	1.10303
107	99	1.01898
107	103	1.07734
107	113	1.0249
107	127	1.01472
107	130	1.04132
107	142	1.06248
107	144	1.04284
107	146	0.873867
107	148	1.02652
107	155	1.04388
107	157	0.808664
107	159	1.05973
107	160	1.05369
107	161	0.84868
107	166	1.06572
107	168	1.03529
107	169	1.03589
107	170	1.05145
107	174	0.880534
107	175	1.06712
107	177	0.862322
107	180	0.823371
108	72	0.98715
108	94	0.932067
108	102	0.880305
108	111	0.894645
108	130	1.02197
108	139	1.06637
108	142	1.04313
108	144	1.02349
108	145	1.0263
108	147	1.02335
108	148	1.00716
108	150	1.02599
108	153	0.901805
108	159	1.04038
108	160	1.03434
108	162	1.03574
108	166	1.04637
108	167	1.03126
108	168	1.01594
108	169	1.01654
108	170	1.0321
108	172	0.919159
108	173	1.02818
108	174	0.92892
108	175	1.04777
109	2	1.01201
109	4	1.03433
109	6	1.00291
109	16	0.863266
109	34	0.950244
109	47	1.01746
109	55	0.966817
109	78	1.00442
109	84	0.965849
109	89	1.001
109	96	0.940449
109	105	0.942477
109	112	0.964785
109	115	0.966853
109	118	1.00734
109	127	0.920774
109	152	1.18586
109	158	1.12273
109	163	0.972797
109	164	0.96584
109	167	1.05294
109	174	1.07625
109	175	0.973178
109	177	1.05804
109	179	1.0373
110	50	1.04454
110	87	1.10244
110	101	1.00654
110	119	0.977249
110	123	0.956014
110	139	0.944168
110	146	0.96607
110	153	0.991826
110	154	0.972288
110	156	0.96873
110	158	1.08831
110	159	1.05378
110	161	0.975078
110	162	1.02619
110	165	0.96956
110	166	1.05276
110	169	1.12292
110	171	0.964262
110	172	0.958977
110	173	0.966241
110	174	0.971521
110	176	0.98452
110	177	0.966288
110	178	0.9838
110	180	0.976871
111	61	1.01341
111	88	1.00313
111	92	0.891621
111	94	0.995057
111	108	0.894645
111	113	0.972413
111	123	0.999919
111	126	1.01562
111	131	1.05557
111	133	1.03835
111	140	1.02113
111	141	1.02394
111	145	0.950079
111	156	1.01263
111	161	1.01898
111	165	1.01346
111	169	1.01221
111	171	1.00817
111	172	1.00288
111	173	1.01015
111	174	1.01543
111	175	0.93566
111	176	1.02842
111	177	1.01019
111	178	1.0277
111	180	1.02078
112	4	1.0782
112	6	1.04678
112	12	1.0451
112	16	0.907132
112	30	0.974778
112	34	0.994109
112	47	1.06132
112	52	0.947045
112	55	1.01068
112	66	1.08097
112	78	1.04828
112	89	1.04487
112	96	0.984315
112	105	0.986342
112	109	0.964785
112	115	1.01072
112	118	1.0512
112	127	0.964639
112	143	0.957604
112	163	0.901801
112	164	1.00971
112	167	0.981944
112	173	0.970747
112	174	1.00526
112	175	1.01704
112	179	0.966299
113	89	1.03741
113	95	1.00936
113	106	1.17091
113	107	1.0249
113	111	0.972413
113	116	1.00654
113	119	0.959535
113	121	0.936359
113	123	0.9383
113	126	0.954003
113	139	0.926453
113	145	1.12872
113	154	0.954573
113	156	0.951016
113	161	0.957363
113	162	1.09411
113	165	0.951846
113	168	1.20304
113	170	1.13381
113	171	0.946548
113	172	0.941263
113	174	0.953807
113	176	0.966805
113	177	0.948573
113	178	0.966085
113	180	0.959157
114	19	0.925623
114	54	0.902202
114	65	1.00651
114	93	1.04782
114	106	0.971434
114	121	0.998203
114	128	1.01113
114	137	1.06576
114	154	1.01642
114	156	1.01286
114	157	1.01233
114	160	0.952121
114	161	1.01921
114	162	0.894638
114	163	1.05543
114	164	0.965926
114	165	1.01369
114	167	1.01345
114	169	0.991372
114	171	1.00839
114	172	1.00311
114	174	1.01565
114	176	1.02865
114	177	1.01042
114	178	1.02793
114	180	1.021
115	4	1.08027
115	6	1.04885
115	12	1.04717
115	16	0.909199
115	30	0.976846
115	34	0.996177
115	47	1.06339
115	55	1.01275
115	78	1.05035
115	84	1.01178
115	95	0.879638
115	96	0.986383
115	103	0.994952
115	105	0.98841
115	109	0.966853
115	112	1.01072
115	118	1.05327
115	119	0.989698
115	127	0.966707
115	148	1.12547
115	149	0.929928
115	164	1.01177
115	167	0.95866
115	173	0.947463
115	174	0.981972
115	175	1.01911
116	20	0.867631
116	64	0.890284
116	68	0.922994
116	97	1.07573
116	105	0.932789
116	113	1.00654
116	120	0.938931
116	122	1.07802
116	123	1.03405
116	126	1.04975
116	129	1.0308
116	138	0.843297
116	140	1.05526
116	148	0.940919
116	153	1.06986
116	155	0.862977
116	156	1.04677
116	161	1.05311
116	165	1.0476
116	168	0.8907
116	171	1.0423
116	172	1.03701
116	174	1.04956
116	176	1.06256
116	177	1.04432
116	178	1.06184
116	180	1.05491
117	19	0.914193
117	32	0.977052
117	46	1.0849
117	49	0.942114
117	50	0.95262
117	59	0.981279
117	71	0.967794
117	77	1.11106
117	85	1.00796
117	121	0.986773
117	134	1.02851
117	140	1.00993
117	142	0.998152
117	146	0.99877
117	151	1.01981
117	153	1.02453
117	154	1.00499
117	160	0.991748
117	165	1.00226
117	171	0.996962
117	172	0.991677
117	174	1.00422
117	175	0.954449
117	176	1.01722
117	177	0.998988
117	178	1.0165
117	180	1.00957
118	2	1.09843
118	17	0.894665
118	27	0.873505
118	58	0.880091
118	60	0.954754
118	69	1.01055
118	74	0.777858
118	75	1.01394
118	78	1.09083
118	89	1.08742
118	106	1.04052
118	109	1.00734
118	112	1.0512
118	115	1.05327
118	131	0.963024
118	136	1.02178
118	147	0.916629
118	152	0.948179
118	157	1.04197
118	158	0.88505
118	161	1.04884
118	163	1.08507
118	164	1.05226
118	167	1.04309
118	174	1.04529
118	178	1.05757
118	180	1.05064
119	49	0.94044
119	66	1.04883
119	79	0.968138
119	92	0.933622
119	110	0.977249
119	113	0.959535
119	115	0.989698
119	126	1.00274
119	127	1.13045
119	128	0.998027
119	136	0.979042
119	140	1.00825
119	141	1.01106
119	146	0.997097
119	154	1.00331
119	155	1.03868
119	157	0.999227
119	159	0.985067
119	165	1.00059
119	170	0.997177
119	171	0.995289
119	172	0.990004
119	174	1.00255
119	176	1.01555
119	177	0.997314
119	178	1.01483
119	180	1.0079
120	7	1.04256
120	20	1.0022
120	29	0.96327
120	45	0.945394
120	46	0.944547
120	48	0.941704
120	50	1.00868
120	53	1.00069
120	64	0.981623
120	70	0.956423
120	81	1.0141
120	91	0.971364
120	98	1.01633
120	116	0.938931
120	124	0.96444
120	125	0.953585
120	135	1.01046
120	137	0.956262
120	143	0.993623
120	149	1.05487
120	151	0.976313
120	163	1.00345
120	165	1.07375
120	170	1.13096
120	172	1.09715
120	173	0.974953
120	174	1.10691
120	179	0.982163
121	34	1.1163
121	53	1.00154
121	66	1.03212
121	70	1.08786
121	80	0.999817
121	88	0.967072
121	91	1.05601
121	96	1.05611
121	113	0.936359
121	114	0.998203
121	117	0.986773
121	122	1.00784
121	123	0.963865
121	136	0.955866
121	140	0.985077
121	152	1.06601
121	157	0.976051
121	159	0.968351
121	161	0.982928
121	164	1.01205
121	165	0.977411
121	171	0.972113
121	172	0.966828
121	174	0.979372
121	176	0.99237
121	177	0.974138
121	178	0.991651
121	180	0.984722
122	14	1.07789
122	36	0.986839
122	40	1.01232
122	100	0.885148
122	102	1.05441
122	116	1.07802
122	121	1.00784
122	123	1.00978
122	126	1.02548
122	137	1.02047
122	142	0.913238
122	144	0.949691
122	146	1.01984
122	153	1.04559
122	154	1.02605
122	157	1.02197
122	159	0.876941
122	165	1.02333
122	166	0.875927
122	171	1.01803
122	172	1.01274
122	174	1.02529
122	175	0.869535
122	176	1.03828
122	177	1.02005
122	178	1.03756
122	179	1.02722
122	180	1.03064
123	19	0.891285
123	46	1.13227
123	63	1.07477
123	90	0.93888
123	110	0.956014
123	111	0.999919
123	113	0.9383
123	116	1.03405
123	121	0.963865
123	122	1.00978
123	136	0.957807
123	138	1.04316
123	139	0.953959
123	144	1.08198
123	154	0.982079
123	156	0.978522
123	159	1.00923
123	160	1.03912
123	161	0.984869
123	164	1.05292
123	168	1.09056
123	171	0.974054
123	172	0.968769
123	174	0.981313
123	176	0.994311
123	177	0.976079
123	178	0.993591
123	180	0.986663
124	3	0.925354
124	7	1.04335
124	20	1.003
124	36	0.958101
124	63	0.874739
124	64	0.982416
124	70	0.957216
124	72	1.13494
124	73	0.958078
124	75	1.23184
124	77	0.956769
124	79	1.07173
124	81	1.01489
124	98	1.01713
124	104	0.988173
124	120	0.96444
124	125	0.954378
124	129	1.07484
124	131	0.97013
124	135	1.01126
124	137	0.957055
124	151	0.977106
124	156	1.04238
124	158	1.00246
124	163	0.973254
124	173	0.975746
124	178	1.00381
124	179	0.982956
125	3	0.914498
125	20	0.99214
125	43	1.02072
125	45	0.935331
125	46	0.934485
125	48	0.931641
125	49	1.3236
125	50	0.998616
125	70	0.94636
125	77	0.945913
125	80	1.02788
125	81	1.00404
125	83	1.004
125	86	1.05776
125	91	0.961301
125	94	1.11507
125	98	1.00627
125	120	0.953585
125	124	0.954378
125	131	0.959275
125	135	1.0004
125	137	0.946199
125	151	0.96625
125	154	1.0802
125	158	0.991604
125	163	1.00847
125	167	1.08861
125	173	0.96489
125	179	0.972101
126	6	0.897556
126	18	0.987184
126	22	1.01382
126	32	0.969847
126	53	1.01919
126	55	0.969355
126	56	1.02179
126	82	0.965342
126	93	1.09951
126	111	1.01562
126	113	0.954003
126	116	1.04975
126	119	1.00274
126	122	1.02548
126	129	0.97826
126	134	1.0213
126	138	1.00785
126	155	1.02753
126	156	0.994226
126	157	0.993696
126	161	1.00057
126	164	1.01762
126	165	0.995056
126	171	0.989757
126	172	0.984472
126	173	0.991736
126	174	0.997017
126	177	0.991783
126	178	1.00929
126	180	1.00237
127	4	1.03419
127	23	0.976454
127	24	0.978169
127	27	0.978169
127	53	1.0165
127	87	0.957308
127	88	1.12114
127	89	1.00086
127	96	0.940304
127	100	0.985468
127	105	0.942331
127	107	1.01472
127	109	0.920774
127	112	0.964639
127	115	0.966707
127	119	1.13045
127	132	0.950228
127	152	0.943671
127	156	1.08839
127	162	0.960998
127	166	0.971627
127	168	0.941197
127	169	0.941802
127	170	0.957357
127	171	1.08581
127	172	1.11296
127	175	0.973033
127	177	1.10451
127	178	1.04982
128	46	1.08296
128	49	0.930192
128	60	1.06416
128	63	1.08576
128	89	0.875621
128	95	1.04785
128	100	0.968124
128	114	1.01113
128	119	0.998027
128	129	0.973543
128	134	1.01658
128	136	0.968794
128	140	0.998005
128	141	1.00081
128	144	1.03267
128	146	0.986849
128	147	1.02603
128	153	1.0126
128	156	0.989509
128	159	0.959917
128	161	0.995856
128	163	1.03208
128	165	0.990339
128	169	1.02906
128	172	0.979755
128	174	0.9923
128	175	0.952511
128	176	1.0053
128	177	0.987066
128	180	0.997649
129	13	0.9084
129	52	0.995024
129	61	1.04582
129	63	1.07152
129	85	0.981802
129	88	0.965763
129	92	0.924029
129	116	1.0308
129	124	1.07484
129	126	0.97826
129	128	0.973543
129	131	1.08798
129	134	1.00235
129	139	0.95071
129	144	1.04822
129	146	0.972613
129	148	1.10703
129	150	1.04983
129	156	0.975273
129	157	0.974743
129	161	0.98162
129	163	1.01784
129	165	0.976103
129	169	1.04462
129	171	0.970804
129	172	0.965519
129	174	0.978064
129	176	0.991062
129	177	0.97283
129	178	0.990342
129	180	0.983413
130	38	1.0665
130	46	1.20377
130	52	1.01058
130	92	1.03554
130	99	0.951489
130	101	0.880926
130	107	1.04132
130	108	1.02197
130	133	0.9611
130	138	0.997586
130	142	0.994989
130	144	0.975352
130	145	0.978162
130	146	1.06212
130	147	0.975212
130	148	0.959028
130	150	0.977855
130	152	0.970273
130	155	0.97639
130	156	1.03446
130	157	0.996919
130	159	0.992246
130	160	0.986203
130	166	0.998229
130	168	0.9678
130	169	0.968404
130	170	0.98396
130	172	1.05903
130	175	0.999635
130	178	0.995888
130	179	0.987256
131	3	0.930251
131	7	1.04825
131	20	1.00789
131	29	0.96896
131	37	0.879142
131	38	1.08756
131	43	1.03648
131	45	0.951084
131	48	0.947394
131	50	1.01437
131	64	0.987313
131	70	0.962113
131	77	0.961666
131	81	1.01979
131	91	0.977054
131	97	1.00181
131	98	1.02202
131	111	1.05557
131	118	0.963024
131	124	0.97013
131	125	0.959275
131	129	1.08798
131	135	1.01615
131	137	0.961952
131	142	1.13809
131	151	0.982003
131	158	1.00736
131	165	1.05669
131	173	0.980643
131	179	0.987853
131	180	1.03269
132	11	0.920531
132	17	0.994292
132	23	1.00605
132	28	1.00244
132	41	1.07067
132	59	1.00072
132	65	0.979187
132	66	0.984222
132	75	0.956981
132	79	1.016
132	87	0.986907
132	93	0.982762
132	100	1.01507
132	106	0.983554
132	127	0.950228
132	138	1.01523
132	144	1.05404
132	147	1.04741
132	150	1.05566
132	159	0.981295
132	160	1.01119
132	164	0.995294
132	169	1.05044
132	171	0.981064
132	172	0.975779
132	174	0.988324
132	175	1.00263
132	176	1.00132
132	177	0.98309
132	178	1.0006
132	180	0.993673
133	54	1.00124
133	72	1.13086
133	111	1.03835
133	130	0.9611
133	135	1.10527
133	138	0.984854
133	142	0.982256
133	145	0.96543
133	146	1.06596
133	147	0.96248
133	148	0.946296
133	150	0.965122
133	151	1.14253
133	152	0.957541
133	155	0.963658
133	157	1.00076
133	158	0.994027
133	159	0.979513
133	160	0.973471
133	162	0.974868
133	163	1.01237
133	164	0.979564
133	166	0.985497
133	168	0.955067
133	169	0.955672
133	170	0.971227
133	171	1.03572
133	173	0.967313
133	174	1.07263
133	175	0.986903
133	179	0.974524
133	180	1.01546
134	11	1.1842
134	44	1.09917
134	51	0.939636
134	71	0.984677
134	78	0.837857
134	82	0.888853
134	94	1.00074
134	102	1.05023
134	103	0.898463
134	117	1.02851
134	126	1.0213
134	128	1.01658
134	129	1.00235
134	136	0.997599
134	139	0.993752
134	150	0.971789
134	153	1.04141
134	154	1.02187
134	157	1.01778
134	161	1.02466
134	165	1.01914
134	166	0.896413
134	167	1.01891
134	169	0.966572
134	170	0.909538
134	171	1.01385
134	172	1.00856
134	174	1.02111
134	176	1.0341
134	178	1.03338
134	179	1.02303
134	180	1.02645
135	3	0.971377
135	20	1.04902
135	29	1.01009
135	36	1.00412
135	37	0.787336
135	43	1.0776
135	45	0.99221
135	46	0.991363
135	48	0.98852
135	50	1.05549
135	64	1.02844
135	70	1.00324
135	81	1.06092
135	91	1.01818
135	102	0.949428
135	104	1.0342
135	120	1.01046
135	124	1.01126
135	125	1.0004
135	131	1.01615
135	133	1.10527
135	137	1.00308
135	149	0.945999
135	151	1.02313
135	160	1.03988
135	163	0.894587
135	167	0.97473
135	172	0.988282
135	173	1.02177
135	174	0.998043
135	178	0.925142
135	179	1.02898
136	6	0.971335
136	14	1.02591
136	23	1.06181
136	49	0.911207
136	54	1.02767
136	63	1.06677
136	68	1.16133
136	72	0.947764
136	74	0.975038
136	80	0.993759
136	101	1.00833
136	118	1.02178
136	119	0.979042
136	121	0.955866
136	123	0.957807
136	128	0.968794
136	134	0.997599
136	138	1.08163
136	141	0.981826
136	154	0.974081
136	156	0.970523
136	157	0.969993
136	161	0.97687
136	162	1.02011
136	164	1.09139
136	165	0.971353
136	170	1.05981
136	171	0.966055
136	172	0.96077
136	175	1.04029
136	176	0.986313
136	177	0.96808
136	178	0.985593
136	179	0.975244
136	180	0.978664
137	20	0.994818
137	29	0.955885
137	36	0.949923
137	40	0.953684
137	43	1.0234
137	45	0.938009
137	46	0.937162
137	48	0.934319
137	50	1.00129
137	59	1.15224
137	64	0.974238
137	70	0.949038
137	73	0.9499
137	77	0.948591
137	81	1.00671
137	91	0.963979
137	98	1.00895
