1	82	0.902718
1	88	0.881554
1	105	0.884576
1	114	0.894806
1	116	1.23916
1	122	0.908947
1	125	1.20901
1	129	0.929208
1	135	0.896472
1	155	0.901058
1	159	1.1848
1	169	1.16677
2	66	1.03727
2	73	0.986386
2	76	1.10014
2	120	1.03938
2	125	0.99905
2	139	0.881971
2	146	0.941604
2	147	0.977963
2	149	1.0477
2	157	1.05172
2	160	1.03522
2	171	0.902126
3	13	1.04985
3	29	1.05369
3	62	0.939691
3	76	1.0867
3	92	1.01488
3	95	0.855059
3	138	1.04523
3	141	1.00143
3	149	1.02587
3	151	1.00174
3	164	0.912685
3	174	1.02444
4	78	0.951781
4	97	0.970259
4	139	0.961316
4	147	1.00148
4	158	0.942605
4	165	1.03309
4	169	1.03092
4	171	1.04089
4	172	1.02955
4	173	0.985925
4	176	1.03054
4	178	1.03579
5	10	1.0391
5	66	0.958086
5	81	1.02985
5	105	1.01141
5	107	1.0072
5	120	0.960007
5	122	1.03578
5	126	0.998577
5	129	1.05604
5	135	1.0233
5	173	0.952119
5	174	0.941556
6	97	1.20327
6	112	0.932752
6	127	0.890851
6	138	1.15035
6	151	1.25388
6	164	0.903882
6	169	0.892362
6	171	0.902338
6	172	0.890994
6	176	0.891981
6	177	1.19549
6	178	0.897238
7	17	0.922551
7	34	1.00451
7	35	0.990137
7	98	1.02583
7	139	1.04595
7	165	0.945893
7	170	1.0333
7	173	1.02997
7	175	1.03128
7	178	0.928367
7	179	1.01447
7	180	1.02237
8	114	1.22434
8	137	0.91586
8	145	1.17314
8	148	0.879029
8	166	1.18924
8	167	0.901094
8	168	0.917815
8	169	1.20717
8	175	0.902337
8	177	0.909093
8	179	0.885531
8	180	0.893425
9	63	0.933952
9	105	0.982493
9	107	0.989114
9	143	1.02919
9	165	0.948428
9	167	1.03103
9	170	1.0343
9	175	1.03228
9	176	0.937514
9	177	1.03903
9	179	1.01547
9	180	1.02336
10	5	1.0391
10	82	1.04236
10	83	0.942593
10	88	1.0212
10	89	0.904662
10	100	0.915286
10	103	0.969215
10	122	1.04859
10	129	1.06885
10	135	1.03611
10	161	0.986814
10	163	1.02128
11	99	1.01405
11	112	1.05707
11	131	1.02944
11	132	0.894774
11	133	1.0089
11	144	1.00803
11	150	1.04129
11	170	0.954227
11	171	1.02666
11	176	1.0163
11	177	0.933496
11	178	1.02156
12	41	0.992285
12	81	1.04926
12	82	1.04896
12	83	0.949194
12	100	0.878299
12	102	1.01907
12	114	1.04105
12	129	1.07545
12	135	1.04272
12	149	0.965871
12	160	0.97009
12	170	0.970854
13	3	1.04985
13	19	1.05555
13	33	0.994149
13	69	0.991912
13	85	0.923311
13	120	1.04006
13	136	0.989001
13	142	1.03636
13	146	0.989258
13	160	1.0359
13	170	0.951513
13	171	0.94978
14	57	1.00268
14	100	0.884303
14	104	1.04931
14	117	1.00006
14	120	0.987465
14	130	1.02557
14	132	1.07124
14	144	1.00963
14	145	1.04249
14	148	1.02046
14	158	0.936257
14	179	0.982143
15	69	0.992973
15	79	0.918452
15	116	0.993866
15	126	0.990435
15	136	0.990062
15	142	1.03742
15	149	1.04944
15	151	1.02532
15	155	1.05199
15	157	1.05346
15	162	0.951605
15	179	0.946543
16	28	0.935316
16	98	0.965523
16	149	0.963551
16	161	1.05007
16	162	1.02951
16	169	1.02194
16	171	1.03192
16	172	1.02057
16	174	0.96069
16	176	1.02156
16	178	1.02682
16	180	0.982055
17	7	0.922551
17	33	1.01981
17	48	0.911606
17	108	1.08356
17	147	0.989051
17	154	1.03063
17	159	0.975424
17	162	1.02606
17	164	1.03001
17	167	0.981387
17	176	1.01811
17	178	1.02337
18	41	1.03712
18	81	0.953646
18	93	0.995139
18	120	1.04345
18	129	0.943117
18	130	0.954344
18	145	0.903043
18	160	1.03929
18	173	1.03568
18	178	1.04068
18	179	1.02019
18	180	1.02808
19	13	1.05555
19	31	0.991138
19	42	1.07331
19	115	1.02288
19	129	0.950636
19	130	0.961864
19	136	0.972183
19	138	1.05093
19	157	1.03559
19	165	0.978861
19	177	0.943644
19	178	0.961336
20	27	1.08985
20	57	1.20106
20	62	0.834519
20	101	1.17537
20	109	0.77332
20	120	0.795856
20	126	0.834426
20	130	1.22395
20	132	1.26962
20	145	1.24087
20	151	0.822914
20	166	0.747534
21	32	0.997631
21	61	0.98065
21	87	0.994122
21	142	0.968756
21	150	1.05288
21	153	1.01922
21	154	1.04041
21	157	0.916735
21	165	1.03044
21	173	0.938007
21	176	1.02789
21	178	1.03314
22	24	0.936189
22	35	1.01055
22	56	0.964519
22	146	1.0148
22	157	0.933263
22	159	1.03303
22	171	0.950083
22	173	1.03409
22	175	1.0354
22	177	1.04216
22	179	1.0186
22	180	1.02649
23	105	0.984121
23	111	0.897016
23	118	1.00092
23	144	0.989375
23	162	1.03046
23	164	1.03441
23	165	1.02506
23	166	1.04041
23	172	1.02152
23	174	0.927725
23	176	1.02251
23	178	1.02777
24	22	0.936189
24	61	1.01576
24	63	1.01178
24	112	1.05703
24	132	0.910946
24	161	1.04477
24	166	1.03416
24	169	1.01664
24	170	0.970399
24	172	1.01528
24	175	0.967863
24	178	1.02152
25	70	1.07675
25	111	1.03846
25	133	0.99804
25	138	1.04116
25	145	1.02435
25	148	0.992227
25	152	1.01015
25	158	0.908024
25	162	1.01339
25	175	0.946089
25	178	1.0107
25	179	0.95391
26	34	0.987629
26	57	0.938096
26	107	0.969696
26	114	0.911911
26	117	0.984527
26	136	0.988183
26	161	1.05972
26	163	1.0404
26	177	1.03954
26	178	1.03647
26	179	1.01598
26	180	1.02388
27	20	1.08985
27	100	1.14365
27	104	0.885324
27	117	0.836075
27	130	0.861586
27	132	0.907257
27	145	0.878498
27	163	0.868779
27	166	1.19849
27	169	1.21643
27	174	0.874511
27	176	1.23978
28	16	0.935316
28	49	0.897002
28	136	1.05291
28	142	0.986278
28	148	1.01251
28	150	0.922916
28	159	1.03344
28	173	1.0345
28	175	1.03582
28	177	1.04257
28	179	1.01901
28	180	1.02691
29	3	1.05369
29	73	0.990904
29	114	0.938173
29	125	1.00357
29	133	0.9896
29	141	1.02779
29	148	0.984387
29	151	1.0281
29	157	1.05624
29	160	1.03974
29	171	0.939051
29	176	0.944358
30	33	1.07889
30	139	1.01437
30	140	0.990121
30	147	0.942752
30	160	1.03549
30	164	0.983712
30	165	0.974363
30	166	0.989711
30	169	0.972193
30	174	1.02841
30	176	0.971812
30	178	0.977068
30	180	1.04978
31	19	0.991138
31	38	0.953531
31	96	1.04383
31	125	0.935322
31	129	1.04089
31	138	1.00334
31	140	1.04142
31	141	0.959539
31	149	0.983974
31	155	0.986518
31	157	0.987995
31	161	1.0336
31	177	1.03389
32	21	0.997631
32	62	1.08396
32	91	0.946104
32	121	0.981158
32	122	1.03654
32	145	0.980872
32	146	1.07243
32	150	0.986441
32	159	1.03294
32	161	0.989953
32	171	0.971803
32	172	0.960459
32	178	0.966703
33	13	0.994149
33	17	1.01981
33	30	1.07889
33	119	1.07291
33	167	0.975204
33	170	0.97847
33	173	0.975133
33	174	0.989794
33	175	0.976447
33	176	1.03224
33	177	0.983203
33	179	0.959641
33	180	0.967535
34	7	1.00451
34	26	0.987629
34	39	1.10424
34	81	0.988219
34	83	0.888152
34	88	0.966756
34	114	0.980008
34	122	0.994149
34	129	1.01441
34	135	0.981674
34	140	1.04592
34	155	0.98626
34	171	1.0574
35	7	0.990137
35	22	1.01055
35	86	1.04989
35	136	1.14485
35	140	0.98105
35	147	0.933681
35	156	1.03224
35	166	0.98064
35	169	0.963122
35	172	0.961754
35	176	0.962741
35	177	1.02403
35	178	0.967997
36	42	1.00141
36	104	1.06036
36	107	0.9699
36	115	1.08575
36	132	1.02082
36	135	0.986003
36	145	1.02646
36	164	0.983596
36	175	0.973267
36	176	0.971696
36	177	0.980023
36	178	0.976952
36	180	0.964356
37	58	1.05843
37	128	0.988381
37	150	0.993992
37	162	0.976945
37	165	0.971549
37	167	1.05214
37	169	0.969378
37	170	1.04792
37	171	0.979354
37	172	0.96801
37	176	0.968997
37	178	0.974254
37	180	1.06144
38	31	0.953531
38	69	0.937487
38	77	1.04847
38	119	0.949952
38	137	1.05359
38	138	1.01333
38	142	0.981934
38	151	0.969835
38	155	0.996501
38	157	0.997978
38	168	1.01608
38	175	1.04048
38	179	1.0483
39	34	1.10424
39	84	0.99841
39	132	0.971678
39	133	1.07995
39	165	1.04562
39	166	0.993416
39	167	0.973726
39	170	0.976992
39	173	0.973655
39	175	0.974968
39	177	0.981724
39	179	0.958162
39	180	0.966057
40	103	1.00399
40	136	0.928469
40	137	1.06054
40	141	0.963416
40	149	0.987851
40	151	0.963728
40	156	0.987097
40	157	0.991871
40	160	0.975367
40	166	1.01225
40	170	1.04996
40	177	1.02923
40	179	1.05525
41	12	0.992285
41	18	1.03712
41	72	0.966077
41	105	0.95799
41	107	0.953782
41	114	0.96822
41	122	0.982361
41	129	1.00262
41	135	0.969886
41	148	1.1099
41	155	0.974472
41	157	1.04774
41	177	1.04556
42	19	1.07331
42	36	1.00141
42	44	0.990376
42	56	1.05983
42	125	1.01749
42	126	0.956333
42	135	0.932159
42	137	0.91773
42	138	1.08551
42	142	1.05412
42	149	1.06614
42	160	1.05366
42	176	0.910728
42	177	0.886425
43	53	0.927927
43	67	1.04495
43	68	0.960835
43	87	0.973354
43	99	1.0243
43	101	1.00612
43	130	1.0547
43	145	1.07161
43	156	1.0683
43	162	0.924867
43	163	1.06189
43	174	1.06762
43	176	0.918093
43	177	0.893789
44	42	0.990376
44	74	0.911039
44	93	0.892001
44	103	0.964777
44	108	1.04967
44	115	0.939944
44	136	0.889251
44	142	0.936609
44	151	0.924511
44	157	0.952653
44	158	1.11141
44	169	1.13223
44	178	1.14897
44	179	1.15729
45	64	0.939024
45	68	1.04457
45	110	0.899439
45	119	1.02923
45	136	1.01385
45	141	1.0488
45	142	1.06121
45	143	0.936244
45	148	0.967236
45	151	1.04911
45	155	1.07578
45	157	1.07725
45	164	0.945898
45	178	0.920594
46	67	0.968531
46	98	1.04654
46	108	0.824905
46	113	1.08078
46	146	1.03139
46	151	0.964905
46	153	0.967512
46	155	0.93167
46	170	1.05402
46	175	1.052
46	176	0.930812
46	177	1.05875
46	179	1.03519
46	180	1.04308
47	84	1.0791
47	99	1.18409
47	153	0.917363
47	154	0.938547
47	161	0.954531
47	162	0.933973
47	164	0.937926
47	168	1.09733
47	169	0.926406
47	171	0.936382
47	174	1.11642
47	176	0.926025
47	178	0.931282
47	179	1.12955
48	17	0.911606
48	75	0.927975
48	134	1.07177
48	141	0.952371
48	153	0.960733
48	159	1.04811
48	161	0.899433
48	163	0.933903
48	167	1.04924
48	170	1.05251
48	175	1.05048
48	177	1.05724
48	179	1.03368
48	180	1.04157
49	28	0.897002
49	64	0.94561
49	68	0.976535
49	104	0.910299
49	115	0.935694
49	122	0.932072
49	161	1.06985
49	162	1.04929
49	165	1.0439
49	166	1.05924
49	171	1.0517
49	172	1.04036
49	176	1.04135
49	178	1.0466
50	115	1.14484
50	138	1.0735
50	153	0.918657
50	158	1.09877
50	161	0.955825
50	164	0.939219
50	165	0.92987
50	166	0.945218
50	169	0.9277
50	172	0.926332
50	173	1.14208
50	176	0.927319
50	178	0.932576
50	179	1.14465
51	67	0.989918
51	70	0.866809
51	112	0.914874
51	123	0.892095
51	142	0.982094
51	143	1.05538
51	146	1.03786
51	148	1.03516
51	170	1.06049
51	175	1.05847
51	177	1.06522
51	178	0.945587
51	179	1.04166
51	180	1.04956
52	149	1.11925
52	150	1.09434
52	152	0.913528
52	159	0.934774
52	162	1.13458
52	163	1.13768
52	168	0.952629
52	169	1.10445
52	170	0.939175
52	173	0.935838
52	175	0.937152
52	177	0.943907
52	179	0.920346
52	180	0.92824
53	43	0.927927
53	96	0.988637
53	128	1.03305
53	139	1.01046
53	147	1.07354
53	150	0.96954
53	158	1.00813
53	167	0.994549
53	172	1.02897
53	173	0.994478
53	175	0.995792
53	176	1.00301
53	177	1.00255
53	179	0.978986
53	180	0.98688
54	61	0.99474
54	67	0.997158
54	79	1.01673
54	99	0.976508
54	101	0.958328
54	118	0.977068
54	130	1.00691
54	132	1.05258
54	139	0.98036
54	152	1.06378
54	166	0.964534
54	170	1.00225
54	174	1.01983
54	177	0.981518
54	180	1.01577
55	67	0.987518
55	89	1.08233
55	98	0.989188
55	101	0.948688
55	117	0.971757
55	120	1.00281
55	130	0.997269
55	131	0.974682
55	140	0.978988
55	144	0.98132
55	145	1.01418
55	153	1.03247
55	163	1.00446
55	172	1.02174
55	174	1.01019
56	22	0.964519
56	42	1.05983
56	78	0.967305
56	91	1.033
56	93	0.961454
56	124	0.999917
56	126	1.04791
56	136	0.958705
56	141	0.993652
56	142	1.00606
56	151	0.993964
56	157	1.02211
56	159	0.996981
56	160	1.0056
56	170	0.998729
57	14	1.00268
57	20	1.20106
57	26	0.938096
57	99	0.942389
57	101	0.92421
57	104	0.996528
57	111	0.971047
57	117	0.947279
57	126	1.05878
57	131	0.992083
57	132	1.01846
57	145	0.989702
57	152	1.07113
57	163	0.979983
57	166	0.971884
58	37	1.05843
58	74	0.972462
58	77	1.00199
58	89	0.893352
58	103	1.0262
58	123	1.05426
58	124	0.991886
58	136	0.950674
58	141	0.985621
58	149	1.01006
58	157	1.01408
58	160	0.997572
58	164	1.0188
58	172	1.02607
58	176	1.0001
59	94	1.09448
59	97	0.98055
59	153	0.986177
59	161	1.02334
59	164	1.00674
59	165	0.99739
59	168	0.966558
59	169	0.99522
59	171	1.0052
59	172	0.993852
59	175	0.990961
59	176	0.994839
59	177	0.972766
59	178	1.0001
59	180	1.00702
60	81	0.990407
60	87	1.05245
60	147	0.969938
60	153	0.990335
60	154	1.01152
60	165	1.00155
60	166	1.0169
60	169	0.999379
60	171	1.00935
60	173	0.996334
60	174	0.985771
60	176	0.998998
60	177	0.972884
60	178	1.00425
60	180	1.00714
61	21	0.98065
61	24	1.01576
61	54	0.99474
61	70	1.05283
61	79	0.99334
61	99	0.953119
61	100	0.938834
61	130	0.98352
61	132	1.02919
61	145	1.00043
61	156	0.997122
61	159	1.02964
61	168	1.00445
61	174	0.996445
61	176	1.03496
62	3	0.939691
62	20	0.834519
62	32	1.08396
62	75	1.04281
62	152	0.980195
62	155	1.03973
62	159	1.00144
62	163	1.04874
62	168	1.0193
62	170	1.00584
62	173	1.0025
62	175	1.00382
62	177	1.01057
62	179	0.987012
62	180	0.994907
63	9	0.933952
63	24	1.01178
63	99	1.04586
63	102	1.03425
63	124	1.00215
63	133	0.97982
63	146	1.02378
63	150	1.01222
63	154	0.999745
63	161	1.01573
63	166	1.00512
63	171	0.99758
63	176	0.987223
63	177	0.965307
63	178	0.99248
64	45	0.939024
64	49	0.94561
64	96	0.99062
64	117	1.07142
64	126	1.00397
64	153	1.04169
64	159	0.998829
64	167	0.999964
64	168	1.01668
64	173	0.999893
64	175	1.00121
64	176	1.00499
64	177	1.00796
64	179	0.9844
64	180	0.992295
65	103	1.01816
65	116	1.0491
65	123	1.04623
65	124	0.98385
65	128	0.936951
65	141	0.977585
65	144	0.971715
65	149	1.00202
65	154	1.00026
65	157	1.00604
65	159	0.994744
65	163	0.994857
65	172	1.02603
65	174	1.00059
65	178	0.993453
66	2	1.03727
66	5	0.958086
66	105	1.04326
66	117	1.06472
66	122	0.996564
66	130	0.992201
66	145	0.9409
66	151	0.989845
66	160	1.00148
66	164	1.00952
66	167	0.997947
66	169	0.997998
66	176	0.997618
66	179	0.982383
66	180	0.990278
67	43	1.04495
67	46	0.968531
67	51	0.989918
67	54	0.997158
67	55	0.987518
67	79	0.995758
67	118	0.956097
67	130	0.985939
67	132	1.03161
67	145	1.00285
67	158	0.986718
67	170	1.02732
67	171	1.02559
67	174	0.998863
67	177	1.00659
68	43	0.960835
68	45	1.04457
68	49	0.976535
68	98	1.02933
68	103	1.01188
68	123	1.03995
68	125	0.947088
68	134	0.999572
68	138	1.01511
68	142	0.983717
68	151	0.971618
68	157	0.999761
68	159	1.03059
68	163	0.988578
68	177	1.01161
69	13	0.991912
69	15	0.992973
69	38	0.937487
69	79	1.03674
69	115	0.959241
69	118	0.923733
69	127	1.05104
69	142	0.955907
69	146	1.09729
69	148	1.10314
69	151	0.943808
69	156	0.967176
69	157	0.971951
69	160	0.955446
69	161	1.03851
69	180	1.07306
70	25	1.07675
70	51	0.866809
70	61	1.05283
70	77	0.909667
70	79	1.07482
70	90	0.960502
70	104	1.08874
70	117	1.03949
70	130	1.065
70	137	0.914784
70	144	1.04905
70	145	1.08191
70	162	0.914557
70	163	1.07219
70	172	0.933747
70	178	0.90117
71	73	0.978173
71	74	0.991239
71	86	0.810613
71	136	0.978675
71	140	0.865369
71	146	1.04822
71	154	0.88235
71	155	0.88301
71	158	1.08116
71	167	1.06758
71	168	1.0843
71	173	1.06751
71	175	1.06882
71	177	1.07558
71	179	1.05202
71	180	1.05991
72	41	0.966077
72	77	0.891267
72	121	0.871566
72	133	0.934625
72	141	0.91772
72	142	0.919278
72	148	1.04714
72	155	0.890241
72	159	1.06807
72	168	1.08593
72	170	1.07247
72	173	1.06914
72	175	1.07045
72	177	1.07721
72	179	1.05365
72	180	1.06154
73	2	0.986386
73	29	0.990904
73	71	0.978173
73	111	0.979752
73	124	0.944915
73	125	0.914432
73	127	1.07711
73	131	1.0681
73	138	0.982452
73	142	0.951061
73	143	1.09823
73	149	0.963085
73	151	0.938962
73	154	1.08939
73	160	0.950601
73	171	1.08389
74	44	0.911039
74	58	0.972462
74	71	0.991239
74	93	0.930175
74	98	1.09568
74	111	1.00347
74	119	0.942802
74	125	0.938155
74	128	1.03915
74	142	0.974783
74	151	0.962685
74	157	0.990827
74	160	0.974323
74	161	1.07766
74	178	1.09565
74	179	1.10397
75	48	0.927975
75	62	1.04281
75	97	0.980594
75	103	1.03821
75	113	0.95558
75	117	0.982202
75	132	1.05338
75	134	0.960771
75	138	1.04144
75	145	1.02463
75	158	0.95294
75	160	1.00959
75	161	1.03423
75	170	0.99354
75	172	1.00473
75	176	1.00572
75	178	1.01098
76	2	1.10014
76	3	1.0867
76	103	1.14368
76	105	0.926985
76	107	0.922778
76	132	1.12285
76	135	0.938881
76	137	0.939669
76	141	1.21421
76	145	1.12849
76	164	0.936474
76	171	0.93493
76	173	0.924832
76	176	0.924574
76	178	0.92983
76	179	0.909339
76	180	0.917234
77	38	1.04847
77	58	1.00199
77	70	0.909667
77	72	0.891267
77	147	0.988685
77	150	1.04274
77	153	1.00908
77	154	1.03027
77	156	0.978964
77	165	1.0203
77	166	1.03564
77	169	1.01813
77	170	0.991484
77	172	1.01676
77	174	0.98364
77	176	1.01774
77	178	1.023
78	4	0.951781
78	56	0.967305
78	115	0.960077
78	147	1.02871
78	151	0.992267
78	152	0.99849
78	158	1.03445
78	161	0.933575
78	167	1.02087
78	168	1.03759
78	170	1.02414
78	173	1.0208
78	175	1.02211
78	176	0.958175
78	177	1.02887
78	179	1.00531
78	180	1.0132
79	15	0.918452
79	54	1.01673
79	61	0.99334
79	67	0.995758
79	69	1.03674
79	70	1.07482
79	104	1.02925
79	117	0.979998
79	132	1.05118
79	140	0.950011
79	145	1.02242
79	156	1.01911
79	167	0.967436
79	172	0.992759
79	174	1.01843
79	175	0.960685
79	180	0.976742
80	118	1.01538
80	130	0.947513
80	133	0.99884
80	134	1.04219
80	142	0.983493
80	146	1.00029
80	156	1.03492
80	157	0.931471
80	165	0.964511
80	167	1.01965
80	170	1.02292
80	171	0.948291
80	173	1.01958
80	175	1.02089
80	177	1.02765
80	179	1.00409
80	180	1.01198
81	5	1.02985
81	12	1.04926
81	18	0.953646
81	34	0.988219
81	60	0.990407
81	82	1.03311
81	83	0.93334
81	105	1.01497
81	114	1.0252
81	122	1.03934
81	129	1.0596
81	135	1.02686
81	158	0.942217
81	174	0.974974
81	176	0.986391
81	177	0.962087
81	180	0.99634
82	1	0.902718
82	10	1.04236
82	12	1.04896
82	81	1.03311
82	89	0.891981
82	103	0.956535
82	105	1.01467
82	107	1.01046
82	113	0.9572
82	114	1.0249
82	122	1.03904
82	129	1.0593
82	130	0.99265
82	135	1.02656
82	152	1.05669
82	158	0.954561
82	179	1.00045
83	10	0.942593
83	12	0.949194
83	34	0.888152
83	81	0.93334
83	88	0.911877
83	105	0.914899
83	107	0.910691
83	108	1.04125
83	114	0.925129
83	120	1.15419
83	122	0.93927
83	125	1.16605
83	129	0.959531
83	135	0.926795
83	170	1.14358
83	178	1.14054
83	180	1.1571
84	39	0.99841
84	47	1.0791
84	104	1.04245
84	106	0.961051
84	107	1.01492
84	114	1.02936
84	130	1.01871
84	131	0.923346
84	135	1.03102
84	145	1.03562
84	154	0.944633
84	162	0.951209
84	164	0.963126
84	172	0.970399
84	177	1.02504
84	179	1.00148
84	180	1.00937
85	13	0.923311
85	106	0.978014
85	113	1.04416
85	122	0.959677
85	137	1.0289
85	143	1.01229
85	147	1.03193
85	155	0.962255
85	158	1.02772
85	159	1.013
85	160	0.957061
85	164	0.980089
85	168	1.03085
85	170	1.0174
85	177	1.02213
85	179	0.99857
85	180	1.00646
86	35	1.04989
86	71	0.810613
86	127	1.07772
86	132	0.858607
86	143	0.930671
86	144	0.971867
86	150	1.10384
86	153	1.07019
86	154	1.09137
86	156	0.905541
86	168	0.891122
86	169	1.07923
86	171	1.08921
86	172	1.07786
86	174	0.910217
86	176	1.07885
86	178	1.08411
86	180	0.931582
87	21	0.994122
87	43	0.973354
87	60	1.05245
87	88	0.972749
87	103	1.00585
87	104	1.02494
87	129	1.0204
87	135	0.987667
87	138	1.00908
87	144	0.959404
87	160	0.977225
87	165	1.05935
87	167	0.973688
87	171	1.04313
87	175	0.97493
87	176	1.04843
87	179	0.958125
87	180	0.966019
88	1	0.881554
88	10	1.0212
88	34	0.966756
88	83	0.911877
88	87	0.972749
88	105	0.993503
88	107	0.989295
88	108	0.95237
88	114	1.00373
88	121	1.04046
88	122	1.01787
88	129	1.03813
88	134	1.02193
88	135	1.0054
88	166	1.01699
88	167	1.05892
88	178	1.05167
88	179	1.05999
89	10	0.904662
89	55	1.08233
89	58	0.893352
89	82	0.891981
89	105	0.931399
89	117	1.05524
89	129	0.869108
89	135	0.90785
89	142	0.916315
89	145	1.09766
89	149	0.877864
89	166	1.09666
89	167	1.07909
89	168	1.09581
89	169	1.07914
89	178	1.08402
89	179	1.06352
89	180	1.07142
90	70	0.960502
90	127	1.03381
90	143	0.982258
90	152	0.961719
90	157	1.02377
90	159	0.982965
90	160	1.04156
90	162	1.05267
90	167	0.9841
90	168	1.00082
90	170	0.987366
90	171	1.04059
90	173	0.984029
90	175	0.985343
90	177	0.992098
90	178	1.03928
90	179	0.968537
90	180	0.976431
91	32	0.946104
91	56	1.033
91	106	0.971665
91	135	1.0453
91	140	0.994668
91	141	1.05221
91	150	1.00135
91	156	1.00778
91	159	1.01855
91	161	1.00486
91	165	0.97891
91	166	0.994257
91	167	1.02452
91	169	0.97674
91	172	0.975371
91	173	1.02302
91	176	0.976359
91	178	0.981615
92	3	1.01488
92	112	0.978342
92	131	0.950708
92	139	1.0886
92	140	0.95588
92	150	0.962565
92	157	1.09193
92	160	1.10972
92	161	0.966077
92	162	0.945519
92	165	0.940122
92	169	0.937952
92	171	0.947928
92	172	0.936584
92	174	1.10264
92	175	1.10795
92	176	0.937571
92	177	1.08975
92	178	0.942828
93	18	0.995139
93	44	0.892001
93	56	0.961454
93	74	0.930175
93	102	1.12535
93	106	1.09732
93	115	0.959079
93	124	0.949599
93	136	0.908387
93	138	0.987136
93	141	0.943334
93	148	1.12074
93	151	0.943646
93	157	0.971789
93	163	0.960606
93	166	1.03942
93	168	1.0502
93	176	1.08071
93	180	1.09066
94	59	1.09448
94	106	1.10719
94	127	1.0785
94	130	1.08449
94	134	0.974038
94	139	0.967413
94	140	1.07379
94	146	0.93214
94	148	0.929438
94	152	0.929123
94	158	0.965085
94	161	1.06598
94	167	0.951504
94	168	0.968224
94	170	0.954769
94	171	1.08527
94	173	0.951432
94	179	0.93594
94	180	0.943835
95	3	0.855059
95	115	0.95614
95	133	0.999481
95	134	1.05952
95	148	1.01492
95	152	1.0146
95	155	0.955097
95	158	1.05056
95	161	0.929639
95	163	0.964109
95	167	1.03698
95	168	1.0537
95	170	1.04025
95	172	0.980204
95	175	1.03822
95	177	1.04498
95	178	0.947627
95	179	1.02142
95	180	1.02931
96	31	1.04383
96	53	0.988637
96	64	0.99062
96	97	0.962283
96	102	1.02344
96	108	1.04923
96	112	1.02454
96	121	1.00348
96	125	0.997696
96	144	1.02904
96	154	0.996294
96	159	0.973482
96	161	1.01228
96	164	0.995673
96	165	0.986324
96	169	0.984154
96	171	0.994129
96	172	0.982786
96	176	0.983773
96	178	0.989029
97	4	0.970259
97	6	1.20327
97	59	0.98055
97	75	0.980594
97	96	0.962283
97	121	0.958836
97	137	1.01455
97	139	1.01569
97	143	0.997943
97	146	0.980422
97	148	0.977719
97	158	1.01337
97	161	0.952052
97	163	0.986522
97	168	1.01651
97	170	1.00305
97	173	0.999714
97	177	1.00778
97	179	0.984222
97	180	0.992116
98	7	1.02583
98	16	0.965523
98	46	1.04654
98	55	0.989188
98	68	1.02933
98	74	1.09568
98	121	0.968773
98	128	1.02665
98	151	1.02068
98	152	0.965771
98	158	1.00173
98	161	0.961989
98	168	1.00487
98	169	0.963235
98	170	0.991418
98	174	1.00274
98	175	0.989394
98	177	0.99615
98	179	0.972588
98	180	0.980483
99	11	1.01405
99	43	1.0243
99	47	1.18409
99	54	0.976508
99	57	0.942389
99	61	0.953119
99	63	1.04586
99	100	0.953294
99	101	0.916708
99	104	0.989026
99	117	0.939777
99	130	0.965288
99	132	1.01096
99	135	1.07085
99	140	1.03264
99	143	1.05846
99	144	0.94934
99	145	0.9822
99	156	0.97889
99	163	0.972481
99	175	1.04331
100	10	0.915286
100	12	0.878299
100	14	0.884303
100	27	1.14365
100	61	0.938834
100	99	0.953294
100	111	1.08224
100	115	1.05689
100	117	0.963475
100	124	1.04741
100	125	1.01692
100	129	0.879733
100	139	1.06546
100	145	0.839659
100	153	1.04056
100	166	1.06712
100	173	1.04948
100	176	1.04923
100	178	1.05448
100	179	1.03399
100	180	1.04189
101	20	1.17537
101	43	1.00612
101	54	0.958328
101	55	0.948688
101	57	0.92421
101	99	0.916708
101	111	1.02456
101	117	0.921597
101	124	1.07923
101	130	0.947109
101	132	0.992779
101	138	0.997248
101	144	0.93116
101	145	0.96402
101	150	1.03322
101	155	1.06755
101	163	0.954301
101	173	1.06584
101	174	0.960033
101	176	1.06669
101	178	1.06008
102	12	1.01907
102	63	1.03425
102	93	1.12535
102	96	1.02344
102	118	1.09959
102	121	1.02
102	128	1.00582
102	137	0.982086
102	139	0.983229
102	143	0.965478
102	146	0.947957
102	152	0.944939
102	155	1.03867
102	158	0.980901
102	160	1.03348
102	170	0.970586
102	173	0.967249
102	175	0.968562
102	177	0.975318
102	179	0.951757
102	180	0.959651
103	10	0.969215
103	40	1.00399
103	44	0.964777
103	58	1.0262
103	65	1.01816
103	68	1.01188
103	75	1.03821
103	76	1.14368
103	82	0.956535
103	87	1.00585
103	119	0.996539
103	120	1.03222
103	141	1.01611
103	142	1.02852
103	148	0.991002
103	149	1.04054
103	151	1.01642
103	166	0.909685
103	172	0.976938
103	175	0.944864
103	179	0.952685
103	180	0.960922
104	14	1.04931
104	27	0.885324
104	36	1.06036
104	49	0.910299
104	57	0.996528
104	70	1.08874
104	79	1.02925
104	84	1.04245
104	87	1.02494
104	99	0.989026
104	117	0.993916
104	130	1.01943
104	133	1.01492
104	137	0.97668
104	138	0.900237
104	144	1.00348
104	145	1.03634
104	149	0.961122
104	155	0.970536
104	156	1.03303
104	174	1.03235
104	180	0.979627
105	1	0.884576
105	5	1.01141
105	9	0.982493
105	23	0.984121
105	41	0.95799
105	66	1.04326
105	76	0.926985
105	81	1.01497
105	82	1.01467
105	83	0.914899
105	88	0.993503
105	89	0.931399
105	107	0.992317
105	114	1.00675
105	120	1.04519
105	122	1.0209
105	129	1.04116
105	135	1.00842
105	136	1.13467
105	155	1.01301
105	157	1.01603
105	170	1.03458
105	175	1.03204
106	84	0.961051
106	85	0.978014
106	91	0.971665
106	93	1.09732
106	94	1.10719
106	116	0.964237
106	127	0.985878
106	133	0.979604
106	137	1.01679
106	142	1.03968
106	147	0.957948
106	154	0.999529
106	162	0.994956
106	163	0.996195
106	164	0.998908
106	165	0.989559
106	171	0.997365
106	172	0.986021
106	173	1.00893
106	176	0.987008
106	177	0.985485
106	178	0.992265
106	179	1.0115
107	5	1.0072
107	9	0.989114
107	26	0.969696
107	36	0.9699
107	41	0.953782
107	76	0.922778
107	82	1.01046
107	83	0.910691
107	84	1.01492
107	88	0.989295
107	105	0.992317
107	118	0.962058
107	122	1.01669
107	129	1.03695
107	135	1.00421
107	155	1.0088
107	158	1.0006
107	159	1.03945
107	164	1.06346
107	174	1.03336
107	176	1.04477
107	177	1.02047
107	179	1.04648
108	17	1.08356
108	44	1.04967
108	46	0.824905
108	83	1.04125
108	88	0.95237
108	96	1.04923
108	127	1.05602
108	131	1.07029
108	148	0.927294
108	153	1.04849
108	156	0.871172
108	162	1.0651
108	164	1.06906
108	165	1.05971
108	167	0.887907
108	169	1.05754
108	170	0.883692
108	171	1.06751
108	172	1.05617
108	174	0.875848
108	176	1.05716
108	178	1.06241
108	180	0.897213
109	20	0.77332
109	110	1.05555
109	119	1.01834
109	121	0.959855
109	128	1.05942
109	134	1.04345
109	135	0.999101
109	137	1.03568
109	146	1.00155
109	150	0.944205
109	158	1.0345
109	160	0.973334
109	163	0.987541
109	165	0.988585
109	167	1.02092
109	168	1.03764
109	170	1.02418
109	171	0.972365
109	173	1.02085
109	175	1.02216
109	177	1.02892
109	178	0.971059
109	179	1.00535
109	180	1.01325
110	45	0.899439
110	109	1.05555
110	118	1.02719
110	125	0.984298
110	126	1.03101
110	128	1.0655
110	143	1.02516
110	146	1.00763
110	149	0.956849
110	150	0.931938
110	152	1.00462
110	154	0.965603
110	158	1.04058
110	159	1.02586
110	160	0.961068
110	161	0.940805
110	163	0.975275
110	167	1.027
110	169	0.942051
110	173	1.02693
110	175	1.02824
110	177	1.03499
110	179	1.01143
110	180	1.01933
111	23	0.897016
111	25	1.03846
111	57	0.971047
111	73	0.979752
111	74	1.00347
111	100	1.08224
111	101	1.02456
111	119	0.997062
111	120	1.03275
111	123	1.08528
111	125	0.992416
111	141	1.01663
111	142	1.02904
111	149	1.04107
111	151	1.01695
111	152	1.009
111	157	1.04509
111	164	0.969738
111	165	0.96196
111	166	0.909759
111	174	1.03964
111	178	0.944434
111	179	0.952759
111	180	0.960995
112	6	0.932752
112	11	1.05707
112	24	1.05703
112	51	0.914874
112	92	0.978342
112	96	1.02454
112	116	1.0097
112	122	0.954126
112	140	1.05078
112	141	0.984184
112	144	1.00608
112	148	0.995876
112	154	1.04499
112	162	1.04042
112	163	1.04166
112	166	1.05037
112	168	0.925335
112	170	0.952274
112	171	1.04283
112	173	0.954993
112	176	1.03247
112	178	1.03773
112	179	0.957559
112	180	0.965796
113	46	1.08078
113	75	0.95558
113	82	0.9572
113	85	1.04416
113	129	0.934327
113	139	1.0383
113	141	0.979976
113	148	1.00032
113	151	0.985731
113	158	1.03597
113	159	1.02125
113	162	0.958413
113	163	0.961508
113	165	0.962552
113	167	1.02239
113	168	1.03911
113	170	1.02565
113	171	0.946332
113	173	1.02232
113	175	1.02363
113	177	1.03039
113	178	0.945026
113	179	1.00682
113	180	1.01472
114	1	0.894806
114	8	1.22434
114	12	1.04105
114	26	0.911911
114	29	0.938173
114	34	0.980008
114	41	0.96822
114	81	1.0252
114	82	1.0249
114	83	0.925129
114	84	1.02936
114	88	1.00373
114	105	1.00675
114	118	0.976496
114	120	0.994022
114	122	1.03113
114	129	1.05139
114	135	1.01865
114	143	0.996025
114	144	1.03722
114	155	1.02324
114	167	0.98763
114	168	0.956476
114	173	0.986133
114	175	0.980879
115	19	1.02288
115	36	1.08575
115	44	0.939944
115	49	0.935694
115	50	1.14484
115	69	0.959241
115	78	0.960077
115	93	0.959079
115	95	0.95614
115	100	1.05689
115	124	0.997542
115	125	0.967059
115	138	1.03508
115	139	0.969612
115	142	1.00369
115	149	1.01571
115	151	0.991589
115	156	1.01496
115	157	1.01973
115	160	1.00323
115	162	1.00185
115	167	0.995716
115	168	0.964562
115	170	0.991501
115	174	1.01428
116	1	1.23916
116	15	0.993866
116	65	1.0491
116	106	0.964237
116	112	1.0097
116	125	1.0611
116	133	0.961526
116	138	0.972766
116	139	1.01675
116	140	0.987239
116	145	0.984822
116	147	0.93987
116	150	0.993924
116	151	1.0763
116	153	0.960268
116	154	0.981451
116	158	0.998034
116	162	0.976878
116	164	0.98083
116	166	0.986829
116	168	1.0117
116	169	0.969311
116	171	0.979286
116	172	0.967943
116	176	0.96893
116	178	0.974187
117	14	1.00006
117	26	0.984527
117	27	0.836075
117	55	0.971757
117	57	0.947279
117	64	1.07142
117	66	1.06472
117	70	1.03949
117	75	0.982202
117	79	0.979998
117	89	1.05524
117	99	0.939777
117	100	0.963475
117	101	0.921597
117	104	0.993916
117	125	1.0785
117	129	1.04229
117	130	0.970178
117	132	1.01585
117	138	0.990162
117	145	0.98709
117	148	1.09963
117	163	0.977371
117	169	1.03625
117	174	0.983103
117	180	1.06955
118	23	1.00092
118	54	0.977068
118	67	0.956097
118	69	0.923733
118	80	1.01538
118	102	1.09959
118	107	0.962058
118	110	1.02719
118	114	0.976496
118	122	0.990636
118	123	1.02441
118	124	0.962034
118	129	1.0109
118	132	1.01152
118	134	1.01861
118	135	0.978162
118	136	0.920822
118	139	1.02949
118	143	1.06399
118	145	0.98276
118	156	0.97945
118	160	0.96772
118	174	0.978773
118	175	1.04885
118	178	1.04834
118	179	1.05667
119	33	1.07291
119	38	0.949952
119	45	1.02923
119	74	0.942802
119	103	0.996539
119	109	1.01834
119	111	0.997062
119	123	1.0246
119	125	0.931743
119	136	0.921014
119	138	0.999763
119	139	1.00838
119	142	0.968372
119	147	1.10438
119	149	0.980395
119	151	0.956273
119	153	1.07055
119	154	1.03404
119	157	0.984416
119	158	0.989672
119	160	0.967911
119	163	0.973232
119	173	1.03299
119	174	0.978964
119	175	1.02774
119	180	1.04379
120	2	1.03938
120	5	0.960007
120	13	1.04006
120	14	0.987465
120	18	1.04345
120	20	0.795856
120	55	1.00281
120	83	1.15419
120	103	1.03222
120	105	1.04519
120	111	1.03275
120	114	0.994022
120	128	1.03856
120	129	0.982895
120	130	0.994123
120	132	0.93718
120	141	0.991644
120	143	0.998217
120	145	0.942821
120	152	0.977678
120	169	1.00011
120	171	1.01009
120	172	0.998742
120	175	1.0013
120	176	0.99973
120	177	1.00806
120	180	0.99239
121	32	0.981158
121	72	0.871566
121	88	1.04046
121	96	1.00348
121	97	0.958836
121	98	0.968773
121	102	1.02
121	109	0.959855
121	133	1.00401
121	136	1.07188
121	139	0.949894
121	140	1.02972
121	142	1.00525
121	147	0.982353
121	149	0.9668
121	150	1.03641
121	153	1.00275
121	154	1.02393
121	164	1.02331
121	165	1.01396
121	166	1.02931
121	169	1.01179
121	171	1.02177
121	172	1.01043
121	176	1.01141
121	178	1.01667
121	180	0.985304
122	1	0.908947
122	5	1.03578
122	10	1.04859
122	32	1.03654
122	34	0.994149
122	41	0.982361
122	49	0.932072
122	66	0.996564
122	81	1.03934
122	82	1.03904
122	83	0.93927
122	85	0.959677
122	88	1.01787
122	105	1.0209
122	107	1.01669
122	112	0.954126
122	114	1.03113
122	118	0.990636
122	129	1.06553
122	135	1.03279
122	155	1.03738
122	156	0.975359
122	167	0.992094
122	169	0.968097
122	172	1.01742
122	175	0.985343
122	178	0.984839
123	51	0.892095
123	58	1.05426
123	65	1.04623
123	68	1.03995
123	111	1.08528
123	118	1.02441
123	119	1.0246
123	135	0.954498
123	136	1.00923
123	141	1.04417
123	142	1.05658
123	143	0.942106
123	144	1.0383
123	146	0.96724
123	149	1.06861
123	150	0.899602
123	151	1.04449
123	153	0.969768
123	156	1.06785
123	157	1.07263
123	159	0.927747
123	160	1.05612
123	162	0.939842
123	169	0.909714
123	174	1.06718
123	175	0.926959
123	178	0.926456
123	180	0.943017
124	56	0.999917
124	58	0.991886
124	63	1.00215
124	65	0.98385
124	73	0.944915
124	93	0.949599
124	100	1.04741
124	101	1.07923
124	115	0.997542
124	118	0.962034
124	125	0.957579
124	131	0.984626
124	133	1.05096
124	136	0.94685
124	138	1.0256
124	139	0.980253
124	141	0.981797
124	142	0.994207
124	146	1.03989
124	149	1.00623
124	155	1.00878
124	157	1.01025
124	160	0.993747
124	164	1.02441
124	171	1.00041
124	172	1.03168
124	178	0.999103
124	179	1.00743
125	1	1.20901
125	2	0.99905
125	29	1.00357
125	31	0.935322
125	42	1.01749
125	68	0.947088
125	73	0.914432
125	74	0.938155
125	83	1.16605
125	96	0.997696
125	100	1.01692
125	110	0.984298
125	111	0.992416
125	115	0.967059
125	116	1.0611
125	117	1.0785
125	119	0.931743
125	124	0.957579
125	141	0.951314
125	142	0.963725
125	143	1.0211
125	147	1.0826
125	149	0.975749
125	150	0.978599
125	151	0.951626
125	160	0.963264
125	170	1.00849
125	174	0.974318
125	179	1.01378
126	5	0.998577
126	15	0.990435
126	20	0.834426
126	42	0.956333
126	56	1.04791
126	57	1.05878
126	64	1.00397
126	110	1.03101
126	128	1.03487
126	134	1.0189
126	137	1.01114
126	138	0.969335
126	143	0.994528
126	146	0.977006
126	148	0.974304
126	150	1.00531
126	152	0.973989
126	157	1.01665
126	159	0.995234
126	165	1.04969
126	167	0.996369
126	168	1.01309
126	171	1.03347
126	173	0.996298
126	174	1.01096
126	175	0.997612
126	177	1.00437
126	178	1.03216
126	179	0.980806
126	180	0.9887
127	6	0.890851
127	69	1.05104
127	73	1.07711
127	86	1.07772
127	90	1.03381
127	94	1.0785
127	106	0.985878
127	108	1.05602
127	128	0.917979
127	131	1.00371
127	137	0.988095
127	140	1.00888
127	147	0.961512
127	148	1.02112
127	150	1.01557
127	154	1.00309
127	156	0.965
127	161	1.01908
127	162	0.998519
127	164	1.00247
127	165	0.993123
127	166	1.00847
127	170	0.97752
127	171	1.00093
127	172	0.989584
127	173	0.980239
127	174	0.969676
127	176	0.990572
127	177	0.956789
127	178	0.995828
128	37	0.988381
128	53	1.03305
128	65	0.936951
128	74	1.03915
128	98	1.02665
128	102	1.00582
128	109	1.05942
128	110	1.0655
128	120	1.03856
128	126	1.03487
128	127	0.917979
128	129	0.912747
128	137	1.04562
128	141	0.958396
128	143	1.02902
128	147	1.00059
128	148	1.00879
128	152	1.00848
128	154	0.930257
128	155	0.930917
128	158	1.04444
128	160	0.925722
128	163	0.939928
128	164	0.94875
128	168	1.04758
128	172	0.956023
128	174	1.04545
128	175	1.0321
128	177	1.03886
128	179	1.0153
128	180	1.02319
129	1	0.929208
129	5	1.05604
129	10	1.06885
129	12	1.07545
129	18	0.943117
129	19	0.950636
129	31	1.04089
129	34	1.01441
129	41	1.00262
129	81	1.0596
129	82	1.0593
129	83	0.959531
129	87	1.0204
129	88	1.03813
129	89	0.869108
129	100	0.879733
129	105	1.04116
129	107	1.03695
129	113	0.934327
129	114	1.05139
129	117	1.04229
129	118	1.0109
129	120	0.982895
129	122	1.06553
129	128	0.912747
129	135	1.05305
129	138	0.90642
129	144	1.02609
129	155	1.05764
129	168	0.945349
129	178	0.969249
130	14	1.02557
130	18	0.954344
130	19	0.961864
130	20	1.22395
130	27	0.861586
130	43	1.0547
130	54	1.00691
130	55	0.997269
130	61	0.98352
130	66	0.992201
130	67	0.985939
130	70	1.065
130	80	0.947513
130	82	0.99265
130	84	1.01871
130	94	1.08449
130	99	0.965288
130	101	0.947109
130	104	1.01943
130	117	0.970178
130	120	0.994123
130	132	1.04136
130	138	0.917647
130	145	1.0126
130	155	0.987946
130	156	1.00929
130	160	0.982752
130	163	1.00288
130	164	1.00578
130	172	1.01305
130	174	1.00861
130	177	0.962785
131	11	1.02944
131	55	0.974682
131	57	0.992083
131	73	1.0681
131	84	0.923346
131	92	0.950708
131	108	1.07029
131	124	0.984626
131	127	1.00371
131	133	0.997434
131	136	1.06861
131	141	1.00042
131	145	0.914698
131	147	0.975778
131	150	1.02983
131	152	1.03004
131	153	0.996176
131	154	1.01736
131	161	1.03334
131	162	1.01279
131	164	1.01674
131	165	1.00739
131	166	1.02274
131	169	1.00522
131	171	1.01519
131	172	1.00385
131	174	0.960666
131	175	0.965975
131	176	1.00484
131	177	0.947779
131	178	1.01009
131	179	0.973796
132	11	0.894774
132	14	1.07124
132	20	1.26962
132	24	0.910946
132	27	0.907257
132	36	1.02082
132	39	0.971678
132	54	1.05258
132	57	1.01846
132	61	1.02919
132	67	1.03161
132	75	1.05338
132	76	1.12285
132	79	1.05118
132	86	0.858607
132	99	1.01096
132	101	0.992779
132	117	1.01585
132	118	1.01152
132	120	0.93718
132	130	1.04136
132	140	0.913363
132	143	0.939184
132	144	1.02541
132	145	1.05827
132	150	0.89668
132	154	0.930344
132	156	1.05496
132	163	1.04855
132	172	0.956111
132	174	1.05428
132	177	0.905842
132	180	0.940095
133	11	1.0089
133	25	0.99804
133	29	0.9896
133	39	1.07995
133	63	0.97982
133	72	0.934625
133	80	0.99884
133	95	0.999481
133	104	1.01492
133	106	0.979604
133	116	0.961526
133	121	1.00401
133	124	1.05096
133	131	0.997434
133	140	1.00261
133	145	0.98103
133	147	0.955238
133	153	0.975636
133	154	0.996819
133	156	1.02232
133	161	1.0128
133	162	0.992245
133	164	0.996198
133	165	0.986849
133	166	1.0022
133	167	1.03906
133	169	0.984679
133	171	0.994654
133	172	0.983311
133	173	1.03756
133	174	1.027
133	175	1.03231
133	178	0.989554
134	48	1.07177
134	68	0.999572
134	75	0.960771
134	80	1.04219
134	88	1.02193
134	94	0.974038
134	95	1.05952
134	109	1.04345
134	118	1.01861
134	126	1.0189
134	143	1.01305
134	147	1.02736
134	148	0.992828
134	150	0.923363
134	152	0.992513
134	153	0.993529
134	154	0.957028
134	155	0.957687
134	158	1.02848
134	159	1.01376
134	161	0.932229
134	163	0.966699
134	166	0.915542
134	167	1.01489
134	168	1.03161
134	170	1.01816
134	173	1.01482
134	174	1.02948
134	175	1.01614
134	176	0.956829
134	177	1.02289
134	178	0.950217
134	179	0.99933
134	180	1.00722
135	1	0.896472
135	5	1.0233
135	10	1.03611
135	12	1.04272
135	34	0.981674
135	36	0.986003
135	41	0.969886
135	42	0.932159
135	76	0.938881
135	81	1.02686
135	82	1.02656
135	83	0.926795
135	84	1.03102
135	87	0.987667
135	88	1.0054
135	89	0.90785
135	91	1.0453
135	99	1.07085
135	105	1.00842
135	107	1.00421
135	109	0.999101
135	114	1.01865
135	118	0.978162
135	122	1.03279
135	123	0.954498
135	129	1.05305
135	143	1.02364
135	144	1.06484
135	155	1.0249
135	156	0.99851
135	157	0.992477
135	169	0.991248
135	174	1.00319
135	175	1.00849
135	179	1.01631
136	13	0.989001
136	15	0.990062
136	19	0.972183
136	26	0.988183
136	28	1.05291
136	35	1.14485
136	40	0.928469
136	44	0.889251
136	45	1.01385
136	56	0.958705
136	58	0.950674
136	71	0.978675
136	93	0.908387
136	105	1.13467
136	118	0.920822
136	119	0.921014
136	121	1.07188
136	123	1.00923
136	124	0.94685
136	131	1.06861
136	141	0.940584
136	142	0.952995
136	144	0.934715
136	149	0.965019
136	151	0.940897
136	157	0.96904
136	158	1.04552
136	160	0.952535
136	163	0.957856
136	168	1.05918
136	173	1.08884
136	175	1.08359
136	176	1.0897
136	179	1.09141
136	180	1.09964
137	8	0.91586
137	38	1.05359
137	40	1.06054
137	42	0.91773
137	70	0.914784
137	76	0.939669
137	85	1.0289
137	97	1.01455
137	102	0.982086
137	104	0.97668
137	106	1.01679
137	109	1.03568
137	126	1.01114
137	127	0.988095
137	128	1.04562
137	141	1.02851
137	143	1.00528
137	146	0.987762
137	148	0.98506
137	150	0.966708
137	151	1.03427
137	152	0.984745
137	154	1.00037
137	159	1.00599
137	162	1.00695
137	163	1.01004
137	165	1.01109
137	167	1.00713
137	168	1.02385
137	170	1.01039
137	173	1.00705
137	175	1.00837
137	177	1.01512
137	179	0.991562
137	180	0.999456
138	3	1.04523
138	6	1.15035
138	19	1.05093
138	25	1.04116
138	31	1.00334
138	38	1.01333
138	42	1.08551
138	50	1.0735
138	68	1.01511
138	73	0.982452
138	75	1.04144
138	87	1.00908
138	93	0.987136
138	101	0.997248
138	104	0.900237
138	115	1.03508
138	116	0.972766
138	117	0.990162
138	119	0.999763
138	124	1.0256
138	126	0.969335
138	129	0.90642
138	130	0.917647
138	142	1.03174
138	149	1.04377
138	151	1.01965
138	153	0.960431
138	155	1.04631
138	156	1.04301
138	163	1.03661
138	168	0.89322
138	169	0.900377
138	170	0.920158
138	174	1.04234
138	175	0.917623
138	180	0.93368
139	2	0.881971
139	4	0.961316
139	7	1.04595
139	30	1.01437
139	53	1.01046
139	54	0.98036
139	92	1.0886
139	94	0.967413
139	97	1.01569
139	100	1.06546
139	102	0.983229
139	113	1.0383
139	115	0.969612
139	116	1.01675
139	118	1.02949
139	119	1.00838
139	121	0.949894
139	124	0.980253
139	143	1.00643
139	144	0.993985
139	146	0.988906
139	148	0.986203
139	152	0.985888
139	153	1.00441
139	158	1.02185
139	159	1.00713
139	164	0.986402
139	168	1.02499
139	170	1.01153
139	171	0.962404
139	173	1.0082
139	174	1.02286
139	175	1.00951
139	177	1.01627
139	178	0.961098
139	179	0.992706
139	180	1.0006
140	30	0.990121
140	31	1.04142
140	34	1.04592
140	35	0.98105
140	55	0.978988
140	71	0.865369
140	79	0.950011
140	91	0.994668
140	92	0.95588
140	94	1.07379
140	99	1.03264
140	112	1.05078
140	116	0.987239
140	121	1.02972
140	127	1.00888
140	132	0.913363
140	133	1.00261
140	146	1.01056
140	147	0.980951
140	150	1.03501
140	151	1.01048
140	152	1.03434
140	153	1.00135
140	154	1.02253
140	156	0.960297
140	161	1.03852
140	162	1.01796
140	165	1.01256
140	166	1.02791
