1	44	1.06363
1	55	1.0504
1	91	0.671067
1	94	1.0671
1	98	1.0376
1	118	1.05202
1	125	1.09023
1	127	0.847021
1	128	1.07427
1	143	1.06732
1	163	0.891518
1	174	1.09743
2	28	0.926315
2	115	1.17169
2	118	1.22136
2	144	0.960697
2	165	0.960682
2	170	0.96739
2	171	0.964914
2	173	0.965293
2	175	0.960485
2	177	0.967041
2	179	0.957877
2	180	0.969306
3	20	1.34945
3	90	1.0582
3	136	0.973866
3	158	0.972222
3	159	0.96153
3	160	0.93944
3	161	0.949214
3	162	0.964428
3	164	0.955236
3	166	0.957505
3	167	0.953848
3	168	0.972713
4	134	0.951123
4	141	1.13893
4	146	0.958845
4	148	0.947611
4	153	0.964736
4	161	1.25711
4	169	0.969703
4	173	0.962889
4	175	0.958081
4	177	0.964637
4	179	0.955473
4	180	0.966902
5	18	1.09948
5	21	1.01059
5	48	1.05639
5	62	0.913875
5	63	1.10269
5	69	1.08467
5	74	1.00714
5	146	0.82168
5	149	1.08524
5	154	1.0662
5	172	0.673991
5	174	1.08759
6	15	1.03793
6	56	1.15684
6	77	0.897972
6	83	0.952159
6	99	0.92546
6	105	0.974049
6	126	0.976145
6	138	0.952771
6	152	0.963571
6	172	0.957829
6	176	0.962115
6	178	1.24934
7	32	0.993934
7	41	0.898745
7	94	0.956498
7	115	0.969614
7	125	0.979634
7	130	0.968305
7	135	0.931653
7	143	0.95672
7	144	1.2419
7	156	0.95807
7	166	1.15887
7	174	0.986829
8	132	0.955542
8	144	1.24562
8	145	0.941727
8	152	1.1608
8	157	0.971556
8	158	0.971505
8	162	0.963711
8	164	0.95452
8	166	0.956788
8	167	0.953131
8	168	0.971996
8	172	0.959524
9	17	1.0853
9	31	1.32309
9	55	0.930449
9	68	0.98716
9	82	0.956422
9	94	0.947146
9	115	0.960262
9	125	0.970282
9	128	0.954321
9	143	0.947368
9	147	0.971465
9	149	0.975127
10	100	1.00337
10	103	1.08945
10	121	0.65333
10	150	1.07873
10	166	0.73968
10	169	1.06821
10	170	1.06349
10	171	1.06102
10	175	1.05659
10	177	1.06314
10	179	1.05398
10	180	1.06541
11	18	1.01059
11	21	0.921705
11	27	0.954141
11	48	0.967503
11	63	1.0138
11	69	0.995785
11	74	0.918252
11	93	1.25368
11	149	0.996348
11	154	0.977313
11	174	0.998698
12	19	0.992204
12	35	0.977349
12	88	0.931225
12	97	1.2625
12	102	0.96948
12	120	0.935454
12	139	0.970511
12	156	0.945029
12	172	1.14439
12	174	0.973788
12	176	0.957408
12	178	0.947553
13	29	0.991897
13	80	0.794071
13	88	1.05426
13	102	1.09252
13	111	1.06868
13	120	1.05849
13	129	1.06335
13	130	0.863459
13	139	1.09355
13	150	0.750739
13	174	1.09682
13	176	1.08044
14	47	1.19256
14	117	1.21527
14	132	0.955463
14	151	0.961215
14	158	0.971426
14	161	0.948418
14	162	0.963632
14	164	0.95444
14	166	0.956709
14	167	0.953052
14	168	0.971917
14	176	0.96373
15	6	1.03793
15	51	0.748552
15	59	1.06174
15	64	1.04889
15	77	1.02828
15	83	1.08247
15	99	1.05577
15	105	1.10436
15	130	0.894849
15	172	1.08814
15	176	1.09242
15	180	0.762486
16	29	0.993399
16	70	0.673074
16	111	1.07019
16	120	1.05999
16	129	1.06485
16	139	1.09505
16	149	1.09597
16	156	1.06957
16	163	1.0789
16	167	0.86128
16	177	0.867077
16	178	1.07209
17	9	1.0853
17	168	0.677403
17	169	1.07196
17	170	1.06724
17	171	1.06477
17	172	1.07677
17	173	1.06514
17	175	1.06034
17	176	0.630741
17	177	1.06689
17	179	1.05773
17	180	1.06916
18	5	1.09948
18	11	1.01059
18	21	0.98427
18	22	0.75042
18	48	1.03007
18	63	1.07637
18	69	1.05835
18	74	0.980817
18	80	1.00638
18	149	1.05891
18	154	1.03988
18	162	0.847661
18	174	1.06126
19	12	0.992204
19	35	1.07134
19	70	0.673248
19	78	1.05096
19	102	1.06348
19	112	1.04508
19	114	0.99662
19	129	1.03431
19	146	1.01277
19	149	1.06543
19	156	1.03902
19	175	0.921896
19	178	1.04155
20	3	1.34945
20	97	0.935951
20	146	0.943019
20	162	1.24828
20	165	0.942453
20	169	0.953877
20	170	0.949161
20	171	0.946685
20	173	0.947063
20	175	0.942255
20	177	0.948812
20	179	0.939648
20	180	0.951076
21	5	1.01059
21	11	0.921705
21	18	0.98427
21	48	0.941179
21	63	0.987478
21	69	0.96946
21	74	0.891928
21	141	1.14374
21	149	0.970024
21	154	0.950989
21	174	0.972374
21	177	1.25667
22	18	0.75042
22	74	1.0584
22	128	0.783505
22	139	1.06112
22	140	1.06542
22	159	1.04502
22	161	1.03271
22	167	1.03734
22	173	1.03211
22	175	1.0273
22	178	1.03816
22	179	1.02469
22	180	1.03612
23	124	1.32603
23	145	0.930567
23	151	0.950135
23	157	0.960396
23	159	0.949653
23	160	0.927564
23	161	0.937338
23	162	0.952552
23	164	0.94336
23	166	0.945629
23	167	0.941971
23	168	0.960836
23	180	1.28021
24	136	0.959294
24	157	0.9577
24	159	0.946958
24	160	0.924868
24	161	0.934642
24	162	0.949856
24	164	0.940664
24	166	0.942933
24	167	0.939276
24	168	0.958141
24	172	0.945669
24	175	1.31767
24	179	1.28835
25	74	1.00792
25	112	1.06567
25	139	1.08509
25	143	0.775114
25	154	1.06698
25	162	1.07189
25	163	1.06894
25	166	1.06497
25	168	1.08017
25	170	0.823338
25	171	0.804376
25	174	1.08837
26	42	1.25556
26	141	0.947537
26	142	0.939426
26	157	0.958834
26	158	0.958784
26	159	0.948092
26	160	0.926002
26	161	0.935776
26	164	0.941798
26	166	0.944067
26	167	0.94041
26	168	0.959275
26	169	1.35109
27	11	0.954141
27	83	0.813492
27	153	1.04149
27	155	1.04391
27	165	1.03503
27	168	0.825291
27	169	1.04646
27	170	1.04174
27	171	1.03926
27	175	1.03483
27	177	1.04139
27	179	1.03223
27	180	1.04366
28	2	0.926315
28	43	0.963914
28	52	1.25807
28	144	0.941215
28	149	1.33658
28	169	0.952625
28	170	0.947908
28	171	0.945432
28	173	0.945811
28	175	0.941002
28	177	0.947559
28	179	0.938395
28	180	0.949824
29	13	0.991897
29	16	0.993399
29	30	0.944063
29	35	0.948002
29	46	0.92485
29	70	1.39113
29	114	0.873278
29	120	0.906107
29	123	1.41387
29	129	0.910964
29	139	0.941164
29	154	0.923056
29	163	0.925016
29	178	0.918206
30	29	0.944063
30	51	1.04134
30	78	1.03217
30	88	1.00643
30	91	0.899236
30	104	0.866814
30	111	1.02085
30	114	0.977826
30	120	1.01065
30	139	1.04571
30	149	1.04664
30	152	1.03407
30	174	1.04899
30	176	1.03261
31	9	1.32309
31	36	0.826653
31	75	0.643751
31	117	1.02545
31	150	1.03266
31	153	1.01718
31	169	1.02214
31	170	1.01743
31	171	1.01495
31	173	1.01533
31	175	1.01052
31	177	1.01708
31	179	1.00791
31	180	1.01934
32	7	0.993934
32	44	1.02267
32	50	1.00955
32	55	1.00944
32	98	0.996638
32	115	1.03926
32	118	1.01106
32	128	1.03332
32	135	1.0013
32	142	0.91857
32	143	1.02636
32	169	0.907294
32	174	1.05647
32	179	0.977425
33	40	1.04118
33	59	0.996268
33	64	0.983421
33	83	1.017
33	99	0.990297
33	105	1.03889
33	138	1.01761
33	147	1.03732
33	152	1.02841
33	163	0.954837
33	170	0.950277
33	172	1.02267
33	176	1.02695
33	178	0.902278
34	133	1.01345
34	137	1.0202
34	142	1.01146
34	151	1.0206
34	156	0.914617
34	157	1.03087
34	158	1.03081
34	160	0.998033
34	161	1.00781
34	162	1.02302
34	167	1.01244
34	168	1.03131
34	173	0.933704
34	175	0.96122
35	12	0.977349
35	19	1.07134
35	29	0.948002
35	88	1.01036
35	114	0.981765
35	120	1.01459
35	122	0.884272
35	129	1.01945
35	139	1.04965
35	146	1.04602
35	152	1.038
35	153	0.879142
35	174	1.05293
35	176	1.03655
36	31	0.826653
36	141	1.01778
36	151	1.01882
36	157	1.02908
36	158	1.02903
36	161	1.00602
36	162	1.02124
36	164	1.01205
36	166	1.01431
36	167	1.01066
36	168	1.02952
36	178	1.01148
36	179	1.00392
36	180	0.975043
37	127	0.951251
37	131	0.944289
37	142	1.40788
37	144	0.9261
37	155	0.934962
37	165	0.926085
37	166	1.38712
37	169	0.937509
37	170	0.932793
37	173	0.930695
37	175	0.925887
37	177	0.932444
37	179	0.923279
37	180	0.934708
38	41	0.960827
38	47	1.02402
38	60	0.970318
38	82	1.02786
38	115	1.0317
38	118	1.0035
38	125	1.04172
38	128	1.02575
38	135	0.993735
38	138	1.02319
38	143	1.0188
38	163	0.927967
38	171	0.904445
38	174	1.04891
39	63	1.05934
39	64	1.01514
39	69	1.04132
39	74	0.963792
39	111	0.83628
39	143	0.941262
39	145	1.00578
39	162	1.02776
39	164	1.01857
39	171	1.01157
39	174	1.04424
39	175	1.00714
39	179	1.00453
39	180	1.01596
40	33	1.04118
40	59	1.00015
40	64	0.987307
40	77	0.966695
40	83	1.02088
40	99	0.994183
40	105	1.04277
40	140	1.04823
40	147	1.0412
40	150	0.960782
40	156	0.952738
40	166	0.890406
40	172	1.02655
40	176	1.03084
41	7	0.898745
41	38	0.960827
41	55	0.914254
41	75	1.27835
41	94	0.930951
41	98	0.901448
41	115	0.944067
41	125	0.954088
41	128	0.938126
41	135	0.906106
41	143	0.931173
41	149	0.958932
41	172	1.52171
41	174	0.961282
42	26	1.25556
42	72	1.03921
42	95	0.985108
42	106	1.02676
42	113	0.871692
42	148	0.981259
42	157	0.866968
42	165	0.991926
42	169	1.00335
42	171	0.996158
42	173	0.996537
42	175	0.991728
42	177	0.998285
42	179	0.989121
42	180	1.00055
43	28	0.963914
43	78	0.990717
43	90	0.99685
43	106	1.03312
43	137	1.07817
43	148	0.987615
43	165	0.998282
43	169	1.00971
43	171	1.00251
43	173	1.00289
43	174	0.923511
43	175	0.998084
43	177	1.00464
43	179	0.995477
43	180	1.00691
44	1	1.06363
44	32	1.02267
44	70	1.01242
44	85	0.985324
44	94	0.985237
44	115	0.998353
44	118	0.970155
44	125	1.00837
44	128	0.992413
44	135	0.960393
44	143	0.985459
44	172	0.980465
44	174	1.01557
44	175	1.03728
44	178	0.990931
45	109	1.00616
45	127	1.02791
45	133	0.994797
45	142	0.992805
45	151	1.00195
45	155	1.01538
45	157	1.01221
45	158	1.01216
45	159	1.00147
45	160	0.97938
45	164	0.995177
45	166	0.997446
45	167	0.993788
45	168	1.01265
45	169	0.966738
46	29	0.92485
46	91	0.88487
46	111	1.00164
46	112	1.00708
46	114	0.958613
46	131	1.08258
46	139	1.0265
46	152	1.01485
46	154	1.00839
46	156	1.00102
46	163	1.01035
46	172	1.0423
46	174	1.02978
46	176	1.0134
46	178	1.00354
47	14	1.19256
47	38	1.02402
47	83	0.99814
47	105	1.02003
47	125	1.01728
47	135	0.969299
47	136	0.882541
47	143	0.994365
47	167	0.918233
47	171	0.991807
47	172	1.00381
47	173	0.992186
47	176	1.0081
47	179	0.98477
47	180	0.996199
48	5	1.05639
48	11	0.967503
48	18	1.03007
48	21	0.941179
48	63	1.03328
48	69	1.01526
48	74	0.937726
48	84	0.999893
48	85	0.987927
48	149	1.01582
48	154	0.996787
48	160	1.05487
48	174	1.01817
48	176	0.956153
48	178	0.985207
49	50	0.980503
49	55	0.980397
49	82	1.00637
49	84	1.00915
49	117	0.9425
49	118	0.982012
49	125	1.02023
49	128	1.00427
49	131	1.07511
49	135	0.972249
49	143	0.997316
49	147	1.02141
49	156	0.998666
49	169	0.992189
49	174	1.02743
50	32	1.00955
50	49	0.980503
50	66	1.11532
50	68	1.01213
50	115	0.985229
50	118	0.957031
50	125	0.99525
50	143	0.972335
50	147	0.996432
50	149	1.00009
50	153	0.977389
50	156	0.973686
50	174	1.00244
50	178	1.00705
50	179	1.02407
51	15	0.748552
51	30	1.04134
51	103	1.02405
51	114	1.21272
51	117	1.00612
51	150	1.01333
51	153	0.997847
51	165	0.99139
51	170	0.998098
51	171	0.995621
51	173	0.996
51	175	0.991192
51	177	0.997749
51	179	0.988584
51	180	1.00001
52	28	1.25807
52	109	1.00822
52	134	0.928187
52	137	1.00362
52	141	1.00298
52	145	0.984452
52	157	1.01428
52	160	0.981448
52	161	0.991222
52	162	1.00644
52	164	0.997245
52	166	0.999513
52	167	0.995856
52	168	1.01472
52	170	0.819591
53	64	0.973874
53	68	0.959838
53	77	0.953261
53	128	1.07173
53	145	0.995321
53	166	1.01038
53	167	1.00673
53	168	1.02559
53	172	1.01312
53	173	1.00149
53	174	0.959169
53	176	1.0174
53	177	1.00324
53	179	0.994079
53	180	1.00551
54	87	0.93056
54	101	1.06648
54	104	1.01327
54	108	1.00536
54	142	0.994766
54	157	1.01417
54	159	1.00343
54	160	0.981341
54	161	0.991115
54	162	1.00633
54	164	0.997138
54	166	0.999407
54	167	0.995749
54	168	1.01461
54	178	0.996573
55	1	1.0504
55	9	0.930449
55	32	1.00944
55	41	0.914254
55	49	0.980397
55	68	1.01202
55	80	0.997228
55	107	1.03887
55	118	0.956925
55	125	0.995144
55	127	1.08986
55	128	0.979182
55	143	0.972229
55	149	0.999988
55	174	1.00234
55	178	1.0818
56	6	1.15684
56	58	1.03015
56	61	0.962114
56	88	1.00732
56	91	1.04188
56	95	0.967671
56	104	1.01433
56	155	0.983366
56	165	0.974489
56	169	0.985914
56	170	0.981197
56	173	0.979099
56	175	0.974291
56	177	0.980848
56	179	0.971684
56	180	0.983112
57	90	1.0568
57	103	1.09089
57	107	1.08041
57	125	0.712565
57	137	0.777731
57	155	1.06711
57	160	0.874785
57	168	0.822727
57	169	1.06965
57	170	1.06494
57	171	1.06246
57	173	1.06284
57	175	1.05803
57	177	1.06459
57	179	1.05543
57	180	1.06685
58	56	1.03015
58	84	1.05369
58	100	0.94997
58	119	1.0204
58	141	0.989262
58	142	0.981151
58	145	0.97073
58	151	0.990298
58	156	1.1224
58	158	1.00051
58	160	0.967727
58	161	0.977501
58	164	0.983524
58	166	0.985792
58	167	0.982135
58	168	1.001
59	15	1.06174
59	33	0.996268
59	40	1.00015
59	64	0.942395
59	77	0.921783
59	83	0.975969
59	99	0.94927
59	105	0.997859
59	140	1.00332
59	147	0.996292
59	151	1.0243
59	152	0.987382
59	172	0.98164
59	176	0.985925
59	177	1.08506
59	178	1.09335
60	38	0.970318
60	102	0.999136
60	103	1.0533
60	111	0.975304
60	112	0.980743
60	120	0.965109
60	126	1.00109
60	129	0.969966
60	139	1.00017
60	154	0.982059
60	156	0.974685
60	163	0.984019
60	171	1.18177
60	174	1.00344
60	176	0.987064
60	178	0.977209
61	56	0.962114
61	103	0.995855
61	122	0.96757
61	131	0.981397
61	146	0.963759
61	149	1.03304
61	150	0.985134
61	153	0.96965
61	155	0.97207
61	162	1.13316
61	167	1.22667
61	170	0.9699
61	173	0.967803
61	175	0.962995
61	177	0.969551
61	179	0.960387
61	180	0.971816
62	5	0.913875
62	101	1.00389
62	146	0.963659
62	148	0.952425
62	150	0.985034
62	155	0.97197
62	159	1.20674
62	167	1.27315
62	169	0.974517
62	170	0.9698
62	171	0.967324
62	172	0.979327
62	173	0.967703
62	175	0.962895
62	177	0.969451
62	179	0.960287
62	180	0.971716
63	5	1.10269
63	11	1.0138
63	18	1.07637
63	21	0.987478
63	39	1.05934
63	48	1.03328
63	69	1.06156
63	74	0.984025
63	76	1.06559
63	84	1.04619
63	119	0.708811
63	149	1.06212
63	154	1.04309
63	163	0.933386
63	168	0.898435
63	174	1.06447
63	176	0.851772
64	15	1.04889
64	33	0.983421
64	39	1.01514
64	40	0.987307
64	53	0.973874
64	59	0.942395
64	77	0.908936
64	83	0.963122
64	99	0.936424
64	105	0.985012
64	114	1.31215
64	138	0.963734
64	140	0.990476
64	152	0.974535
64	169	1.07837
64	172	0.968793
64	176	0.973078
65	111	1.08733
65	117	0.978485
65	123	1.00593
65	131	0.981955
65	134	0.956596
65	137	1.16515
65	146	0.964318
65	158	1.13945
65	165	0.963751
65	169	0.975176
65	170	0.970459
65	171	0.967983
65	173	0.968362
65	175	0.963553
65	177	0.97011
65	179	0.960946
65	180	0.972375
66	50	1.11532
66	70	1.15909
66	76	1.16336
66	79	0.666983
66	82	1.14118
66	85	1.13199
66	98	1.1024
66	118	1.11683
66	125	1.15504
66	128	1.13908
66	135	1.10706
66	138	1.13652
66	143	1.13213
66	144	0.679565
66	163	0.711686
66	170	0.707126
66	172	0.648661
67	81	1.13814
67	87	1.01832
67	96	1.30312
67	127	0.973715
67	146	0.949115
67	152	0.970526
67	153	0.955006
67	154	1.15412
67	155	0.957426
67	165	0.948549
67	169	0.959973
67	170	0.955257
67	171	0.952781
67	173	0.953159
67	175	0.948351
67	177	0.954908
67	179	0.945744
67	180	0.957172
68	9	0.98716
68	50	1.01213
68	53	0.959838
68	55	1.01202
68	82	1.03799
68	85	1.02881
68	98	0.999216
68	125	1.05185
68	128	1.03589
68	135	1.00387
68	138	1.03333
68	143	1.02894
68	147	1.05304
68	149	1.0567
68	171	0.905486
68	172	0.865982
68	174	1.05905
68	178	0.876449
69	5	1.08467
69	11	0.995785
69	18	1.05835
69	21	0.96946
69	39	1.04132
69	48	1.01526
69	63	1.06156
69	74	0.966008
69	76	1.04757
69	84	1.02818
69	85	1.01621
69	130	1.00174
69	149	1.0441
69	154	1.02507
69	169	0.828122
69	173	0.900059
69	174	1.04645
69	178	0.881226
70	16	0.673074
70	19	0.673248
70	29	1.39113
70	44	1.01242
70	66	1.15909
70	120	0.862065
70	135	0.991038
70	142	1.01817
70	143	1.0161
70	157	1.03758
70	165	1.00931
70	166	1.02281
70	168	1.03802
70	174	1.04621
70	175	1.00912
70	177	1.01567
70	179	1.00651
70	180	1.01794
71	98	1.02952
71	106	1.05603
71	122	1.02557
71	127	1.04636
71	136	0.856488
71	142	0.864445
71	148	1.01052
71	151	0.837219
71	165	1.02119
71	169	1.03262
71	170	1.0279
71	171	1.02542
71	173	1.0258
71	175	1.02099
71	177	1.02755
71	178	1.03186
71	179	1.01839
71	180	1.02981
72	42	1.03921
72	95	1.01604
72	123	1.06504
72	136	0.8746
72	142	0.882557
72	144	1.02287
72	148	1.01219
72	161	0.921338
72	165	1.02286
72	167	0.910292
72	169	1.03428
72	170	1.02956
72	171	1.02709
72	173	1.02747
72	175	1.02266
72	177	1.02921
72	179	1.02005
72	180	1.03148
73	79	1.12942
73	138	0.781075
73	144	1.1039
73	146	1.10446
73	148	1.09322
73	153	1.11035
73	157	0.685482
73	158	0.674615
73	165	1.10389
73	168	0.745312
73	170	1.1106
73	171	1.10812
73	173	1.1085
73	175	1.10369
73	176	0.698649
73	177	1.11025
73	179	1.10108
73	180	1.11251
74	5	1.00714
74	11	0.918252
74	18	0.980817
74	21	0.891928
74	22	1.0584
74	25	1.00792
74	39	0.963792
74	48	0.937726
74	63	0.984025
74	69	0.966008
74	76	0.970042
74	84	0.950643
74	85	0.938676
74	122	1.23871
74	149	0.966571
74	154	0.947536
74	174	0.968921
74	175	1.30958
75	31	0.643751
75	41	1.27835
75	121	1.06307
75	131	0.833814
75	141	1.02884
75	142	1.02073
75	145	1.01031
75	157	1.04014
75	158	1.04009
75	159	1.02939
75	160	1.0073
75	161	1.01708
75	162	1.03229
75	164	1.0231
75	166	1.02537
75	167	1.02171
75	168	1.04058
75	175	0.850342
76	63	1.06559
76	66	1.16336
76	69	1.04757
76	74	0.970042
76	77	0.969966
76	89	0.795278
76	95	0.946044
76	99	0.997454
76	118	1.00507
76	135	0.995311
76	143	1.02038
76	154	1.0291
76	156	1.02173
76	172	1.02982
76	174	1.05049
76	175	0.962406
76	176	1.03411
76	177	0.907762
77	6	0.897972
77	15	1.02828
77	40	0.966695
77	53	0.953261
77	59	0.921783
77	64	0.908936
77	76	0.969966
77	83	0.94251
77	95	1.40504
77	99	0.915811
77	104	1.17474
77	105	0.9644
77	121	1.22612
77	138	0.943122
77	140	0.969863
77	147	0.962833
77	152	0.953922
77	172	0.94818
77	176	0.952466
78	19	1.05096
78	30	1.03217
78	43	0.990717
78	88	0.989981
78	102	1.02824
78	111	1.0044
78	112	1.00984
78	114	0.961381
78	120	0.99421
78	126	1.0302
78	129	0.999067
78	139	1.02927
78	149	1.03019
78	152	1.01762
78	153	0.913327
78	161	0.939939
78	176	1.01616
78	178	1.00631
78	179	0.960012
79	66	0.666983
79	73	1.12942
79	122	1.00548
79	143	1.06545
79	144	1.00111
79	146	1.00167
79	148	0.990432
79	150	1.02304
79	157	1.02346
79	165	1.0011
79	169	1.01252
79	170	1.00781
79	171	1.00533
79	173	1.00571
79	175	1.0009
79	176	1.03663
79	177	1.00746
79	179	0.998294
79	180	1.00972
80	13	0.794071
80	18	1.00638
80	55	0.997228
80	94	1.01392
80	102	0.991149
80	111	1.00374
80	135	0.98908
80	143	1.01415
80	156	1.0155
80	157	1.03562
80	159	1.02488
80	160	1.00279
80	165	1.00736
80	167	1.0172
80	168	1.03606
80	173	1.01197
80	177	1.01372
80	179	1.00455
80	180	1.01598
81	67	1.13814
81	88	0.994621
81	94	0.954742
81	99	0.98415
81	105	1.03274
81	111	1.00904
81	123	0.758027
81	129	1.00371
81	139	1.03391
81	145	0.998721
81	147	1.03117
81	159	1.01781
81	160	0.995718
81	166	1.01378
81	167	1.01013
81	172	1.01652
81	174	1.03718
81	176	1.0208
81	179	0.954614
82	9	0.956422
82	38	1.02786
82	49	1.00637
82	66	1.14118
82	68	1.03799
82	94	0.99798
82	98	0.968478
82	115	1.0111
82	128	1.00516
82	135	0.973136
82	143	0.998202
82	147	1.0223
82	149	1.02596
82	156	0.999553
82	158	0.900995
82	163	1.00664
82	172	0.943617
82	174	1.02831
82	178	0.954083
83	6	0.952159
83	15	1.08247
83	27	0.813492
83	33	1.017
83	40	1.02088
83	47	0.99814
83	59	0.975969
83	64	0.963122
83	77	0.94251
83	84	0.994669
83	99	0.969998
83	105	1.01859
83	126	1.02068
83	138	0.997308
83	140	1.02405
83	144	1.08407
83	152	1.00811
83	163	1.11619
83	172	1.00237
83	176	1.00665
84	48	0.999893
84	49	1.00915
84	58	1.05369
84	63	1.04619
84	69	1.02818
84	74	0.950643
84	83	0.994669
84	92	0.978679
84	94	1.00076
84	98	0.971254
84	135	0.975913
84	143	1.00098
84	164	0.969017
84	171	0.998421
84	173	0.9988
84	174	1.03109
84	175	0.993991
84	177	1.00055
84	179	0.991384
84	180	1.00281
85	44	0.985324
85	48	0.987927
85	66	1.13199
85	68	1.02881
85	69	1.01621
85	74	0.938676
85	94	0.988791
85	113	0.987152
85	122	0.9866
85	143	0.989013
85	154	0.997737
85	159	0.944148
85	160	1.09432
85	166	0.962064
85	170	0.988931
85	174	1.01912
85	175	0.982025
85	177	0.988582
85	179	0.979418
85	180	0.990846
86	92	0.984882
86	132	0.99752
86	136	1.01513
86	140	0.95101
86	141	1.00224
86	142	0.994125
86	151	1.00327
86	157	1.01353
86	158	1.01348
86	159	1.00279
86	160	0.980701
86	161	0.990475
86	162	1.00569
86	164	0.996498
86	166	0.998766
86	167	0.995109
86	170	1.10126
86	171	1.0823
86	174	0.871218
86	176	1.00579
87	54	0.93056
87	67	1.01832
87	116	0.773967
87	117	1.06007
87	138	0.828172
87	144	1.04535
87	145	0.861399
87	150	1.06728
87	153	1.05179
87	155	1.05421
87	165	1.04534
87	168	0.792409
87	169	1.05676
87	170	1.05204
87	171	1.04957
87	173	1.04995
87	175	1.04514
87	177	1.05169
87	178	1.056
87	179	1.04253
87	180	1.05396
88	12	0.931225
88	13	1.05426
88	30	1.00643
88	35	1.01036
88	56	1.00732
88	78	0.989981
88	81	0.994621
88	95	1.1298
88	102	1.0025
88	114	0.935641
88	120	0.96847
88	129	0.973327
88	139	1.00353
88	140	1.00782
88	141	0.978591
88	154	0.985419
88	156	0.978045
88	163	0.987379
88	176	0.990425
88	178	0.98057
88	180	1.08797
89	76	0.795278
89	97	1.03885
89	106	1.08019
89	129	0.912236
89	142	0.895216
89	144	1.04537
89	146	1.04592
89	148	1.03469
89	153	1.05181
89	154	0.832791
89	165	1.04535
89	169	1.05678
89	170	1.05206
89	171	1.04959
89	173	1.04997
89	174	0.754999
89	175	1.04516
89	177	1.05171
89	178	1.05602
89	179	1.04255
89	180	1.05398
90	3	1.0582
90	43	0.99685
90	57	1.0568
90	103	1.0068
90	110	0.961739
90	117	0.98887
90	144	0.974151
90	150	0.996078
90	153	0.980594
90	155	0.983013
90	160	1.1343
90	169	0.985561
90	170	0.980844
90	171	0.978368
90	173	0.978747
90	175	0.973939
90	176	1.03558
90	177	0.980495
90	178	0.984801
90	179	0.971331
90	180	0.98276
91	1	0.671067
91	30	0.899236
91	46	0.88487
91	56	1.04188
91	122	1.04734
91	127	1.06813
91	137	0.862544
91	146	1.04353
91	150	1.0649
91	153	1.04942
91	165	1.04296
91	167	0.875839
91	169	1.05439
91	170	1.04967
91	171	1.04719
91	172	1.0592
91	173	1.04757
91	175	1.04276
91	177	1.04932
91	179	1.04016
91	180	1.05158
92	84	0.978679
92	86	0.984882
92	100	0.952859
92	108	0.994637
92	129	1.02283
92	132	0.987435
92	137	0.992785
92	142	0.984041
92	146	1.18486
92	151	0.993187
92	153	1.01798
92	157	1.00345
92	158	1.0034
92	159	0.992706
92	160	0.970616
92	161	0.98039
92	162	0.995604
92	164	0.986413
92	166	0.988681
92	167	0.985024
92	168	1.00389
93	11	1.25368
93	106	1.01448
93	117	0.994378
93	123	1.02183
93	139	0.964951
93	141	0.985994
93	144	0.979659
93	147	0.98788
93	148	0.968977
93	153	0.986101
93	155	0.988521
93	165	0.979644
93	169	0.991069
93	170	0.986352
93	171	0.983876
93	173	0.984254
93	175	0.979446
93	177	0.986003
93	178	0.990309
93	179	0.976839
93	180	0.988267
94	1	1.0671
94	7	0.956498
94	9	0.947146
94	41	0.930951
94	44	0.985237
94	80	1.01392
94	81	0.954742
94	82	0.99798
94	84	1.00076
94	85	0.988791
94	98	0.959201
94	115	1.00182
94	118	0.973622
94	125	1.01184
94	135	0.963859
94	138	0.993312
94	143	0.988926
94	148	1.15118
94	158	1.02189
94	174	1.01904
94	178	1.07498
95	42	0.985108
95	56	0.967671
95	72	1.01604
95	76	0.946044
95	77	1.40504
95	88	1.1298
95	117	0.983484
95	119	0.915794
95	122	0.973127
95	131	0.986954
95	134	0.961595
95	150	0.990692
95	155	0.977627
95	165	0.96875
95	169	0.980175
95	170	0.975458
95	171	0.972982
95	173	0.97336
95	175	0.968552
95	177	0.975109
95	179	0.965945
95	180	0.977373
96	67	1.30312
96	109	0.983713
96	113	0.979486
96	115	0.99345
96	125	1.01001
96	136	0.991363
96	141	0.978472
96	145	0.95994
96	151	0.979508
96	157	0.989769
96	158	0.989719
96	160	0.956937
96	161	0.966711
96	162	0.981925
96	163	0.978978
96	164	0.972733
96	165	1.0907
96	166	0.975002
96	167	0.971345
96	168	0.99021
96	176	0.982023
96	178	0.972168
97	12	1.2625
97	20	0.935951
97	89	1.03885
97	103	1.00173
97	109	1.05363
97	119	0.99345
97	133	1.08065
97	144	0.969081
97	146	0.969633
97	150	0.991008
97	153	0.975523
97	155	0.977943
97	165	0.969066
97	169	0.980491
97	170	0.975774
97	171	0.973298
97	173	0.973676
97	175	0.968868
97	177	0.975425
97	178	0.979731
97	179	0.966261
97	180	0.977689
98	1	1.0376
98	32	0.996638
98	41	0.901448
98	66	1.1024
98	68	0.999216
98	71	1.02952
98	82	0.968478
98	84	0.971254
98	94	0.959201
98	101	1.03396
98	115	0.972317
98	118	0.944119
98	125	0.982338
98	128	0.966376
98	130	0.971008
98	135	0.934357
98	143	0.959423
98	147	0.98352
98	155	1.17661
98	156	0.960774
98	165	1.1692
98	174	0.989533
99	6	0.92546
99	15	1.05577
99	33	0.990297
99	40	0.994183
99	59	0.94927
99	64	0.936424
99	76	0.997454
99	77	0.915811
99	81	0.98415
99	83	0.969998
99	105	0.991888
99	126	0.993984
99	138	0.97061
99	140	0.997351
99	147	0.99032
99	152	0.98141
99	155	1.0876
99	163	1.14462
99	169	1.03895
99	170	1.14006
99	172	0.975668
99	176	0.979954
100	10	1.00337
100	58	0.94997
100	92	0.952859
100	109	0.975455
100	110	0.974404
100	121	1.00445
100	133	0.964095
100	137	0.970847
100	138	0.964421
100	141	0.970213
100	158	0.98146
100	159	0.970768
100	160	0.948678
100	161	0.958452
100	164	0.964475
100	165	1.24706
100	166	0.966743
100	167	0.963086
100	168	0.981951
100	174	1.07689
100	176	0.973765
100	178	0.96391
100	179	1.27596
101	54	1.06648
101	62	1.00389
101	98	1.03396
101	122	1.02074
101	123	1.05855
101	124	1.01278
101	131	1.03457
101	144	1.01638
101	145	0.997315
101	147	0.791376
101	148	1.0057
101	149	0.702997
101	150	1.03831
101	153	1.02282
101	165	1.01637
101	169	1.02779
101	170	1.02307
101	171	1.0206
101	173	1.02098
101	175	1.01617
101	177	1.02273
101	179	1.01356
101	180	1.02499
102	12	0.96948
102	13	1.09252
102	19	1.06348
102	60	0.999136
102	78	1.02824
102	80	0.991149
102	88	1.0025
102	112	1.02236
102	114	0.973897
102	120	1.00673
102	121	0.791091
102	129	1.01158
102	131	0.969847
102	139	1.04178
102	152	1.03014
102	154	1.02367
102	156	1.0163
102	163	1.02563
102	165	0.928155
102	174	1.04506
102	176	1.02868
102	178	1.01883
102	180	0.928174
103	10	1.08945
103	51	1.02405
103	57	1.09089
103	60	1.0533
103	61	0.995855
103	90	1.0068
103	97	1.00173
103	137	0.931003
103	138	1.01176
103	139	0.816121
103	150	1.03017
103	153	1.01469
103	155	1.01711
103	169	1.01965
103	170	1.01494
103	171	1.01246
103	172	1.02447
103	173	1.01284
103	174	0.776346
103	175	1.00803
103	177	1.01459
103	179	1.00543
103	180	1.01685
104	30	0.866814
104	54	1.01327
104	56	1.01433
104	77	1.17474
104	127	1.04058
104	131	1.03362
104	134	1.00826
104	141	0.736283
104	146	1.01598
104	150	1.03735
104	153	1.02187
104	155	1.02429
104	158	0.804422
104	165	1.01541
104	169	1.02684
104	170	1.02212
104	171	1.01964
104	173	1.02002
104	175	1.01521
104	177	1.02177
104	178	1.02608
104	179	1.01261
104	180	1.02403
105	6	0.974049
105	15	1.10436
105	33	1.03889
105	40	1.04277
105	47	1.02003
105	59	0.997859
105	64	0.985012
105	77	0.9644
105	81	1.03274
105	83	1.01859
105	99	0.991888
105	126	1.04257
105	129	0.866898
105	130	1.01222
105	138	1.0192
105	140	1.04594
105	147	1.03891
105	152	1.03
105	161	0.88866
105	163	0.944265
105	172	1.02426
105	176	1.02854
105	178	0.891707
106	42	1.02676
106	43	1.03312
106	71	1.05603
106	89	1.08019
106	93	1.01448
106	134	1.00325
106	148	0.999737
106	149	0.778952
106	150	1.03235
106	153	1.01686
106	155	1.01928
106	159	0.906168
106	160	1.05634
106	162	0.879073
106	164	0.966828
106	165	1.0104
106	169	1.02183
106	170	1.01711
106	173	1.01501
106	175	1.01021
106	177	1.01676
106	179	1.0076
106	180	1.01903
107	55	1.03887
107	57	1.08041
107	123	1.03993
107	127	1.02291
107	128	0.94542
107	131	1.01595
107	132	0.925827
107	134	0.990589
107	136	0.965115
107	146	0.998311
107	148	0.987077
107	150	1.01969
107	153	1.0042
107	154	0.910646
107	155	1.00662
107	165	0.997744
107	170	1.00445
107	171	1.00198
107	172	1.01398
107	173	1.00235
107	177	1.0041
107	178	1.00841
107	179	0.994939
107	180	1.00637
108	54	1.00536
108	92	0.994637
108	116	0.999631
108	119	1.04313
108	124	1.00556
108	132	1.00728
108	141	1.01199
108	142	1.00388
108	151	1.01303
108	152	0.90721
108	155	0.96713
108	157	1.02329
108	158	1.02324
108	159	1.01255
108	160	0.990456
108	161	1.00023
108	162	1.01544
108	163	1.0125
108	164	1.00625
108	166	1.00852
108	167	1.00486
108	168	1.02373
108	169	0.918485
108	175	1.01794
109	45	1.00616
109	52	1.00822
109	96	0.983713
109	97	1.05363
109	100	0.975455
109	116	1.00239
109	119	1.04588
109	124	0.979956
109	126	0.864926
109	131	0.975807
109	141	1.01475
109	145	0.996215
109	151	1.01578
109	157	1.02604
109	158	1.02599
109	159	1.0153
109	160	0.993212
109	162	1.0182
109	164	1.00901
109	166	1.01128
109	167	1.00762
109	168	1.02648
109	176	1.0183
109	177	0.93769
110	90	0.961739
110	100	0.974404
110	116	1.00134
110	121	1.04793
110	133	1.00758
110	137	1.01433
110	141	1.0137
110	145	0.995164
110	151	1.01473
110	155	0.95047
110	156	0.954675
110	158	1.02494
110	159	1.01425
110	160	0.992161
110	161	1.00193
110	162	1.01715
110	164	1.00796
110	166	1.01023
110	167	1.00657
110	168	1.02543
110	172	1.01296
110	173	0.973762
110	176	1.01725
110	179	0.971956
111	13	1.06868
111	16	1.07019
111	30	1.02085
111	39	0.83628
111	46	1.00164
111	60	0.975304
111	65	1.08733
111	78	1.0044
111	80	1.00374
111	81	1.00904
111	112	0.998527
111	120	0.982893
111	126	1.01888
111	129	0.98775
111	139	1.01795
111	140	1.02225
111	152	1.0063
111	156	0.992469
111	163	1.0018
111	164	0.932773
111	174	1.02123
111	176	1.00485
111	178	0.994993
111	180	0.940763
112	19	1.04508
112	25	1.06567
112	46	1.00708
112	60	0.980743
112	78	1.00984
112	102	1.02236
112	111	0.998527
112	114	0.955504
112	120	0.988332
112	126	1.02432
112	129	0.993189
112	130	1.04286
112	139	1.02339
112	149	1.02432
112	152	1.01174
112	154	1.00528
112	155	0.917895
112	163	1.00724
112	170	0.970353
112	174	1.02667
112	175	0.968703
112	176	1.01029
112	177	0.914059
112	178	1.00043
113	42	0.871692
113	85	0.987152
113	96	0.979486
113	119	1.04166
113	121	1.04475
113	123	0.840765
113	136	1.02341
113	137	1.01115
113	141	1.01052
113	142	1.00241
113	145	0.991988
113	148	1.09652
113	151	1.01156
113	158	1.02177
113	159	1.01107
113	160	0.988985
113	161	0.998759
113	162	1.01397
113	163	1.01103
113	164	1.00478
113	166	1.00705
113	167	1.00339
113	168	1.02226
113	177	1.01203
114	19	0.99662
114	29	0.873278
114	30	0.977826
114	35	0.981765
114	46	0.958613
114	51	1.21272
114	64	1.31215
114	78	0.961381
114	88	0.935641
114	102	0.973897
114	112	0.955504
114	120	0.93987
114	129	0.944727
114	132	1.14943
114	139	0.974927
114	140	0.979222
114	147	1.11916
114	149	0.975854
114	152	0.963281
114	154	0.956819
114	163	0.958779
114	174	0.978204
114	176	0.961825
114	178	0.951969
115	2	1.17169
115	7	0.969614
115	9	0.960262
115	32	1.03926
115	38	1.0317
115	41	0.944067
115	44	0.998353
115	50	0.985229
115	82	1.0111
115	94	1.00182
115	96	0.99345
115	98	0.972317
115	118	0.986738
115	128	1.009
115	130	1.01363
115	135	0.976975
115	138	1.00643
115	143	1.00204
115	147	1.02614
115	149	1.0298
115	150	0.956496
115	156	1.00339
115	172	0.93824
115	174	1.03215
115	178	0.948706
116	87	0.773967
116	108	0.999631
116	109	1.00239
116	110	1.00134
116	119	1.02828
116	126	0.975929
116	133	0.991027
116	134	1.21359
116	136	1.01004
116	137	0.997779
116	147	1.01106
116	152	0.99261
116	156	1.05674
116	157	1.00844
116	158	1.00839
116	159	0.9977
116	160	0.97561
116	161	0.985384
116	162	1.0006
116	163	0.997651
116	164	0.991407
116	166	0.993675
116	167	0.990018
116	168	1.00888
116	176	1.0007
117	14	1.21527
117	31	1.02545
117	49	0.9425
117	51	1.00612
117	65	0.978485
117	87	1.06007
117	90	0.98887
117	93	0.994378
117	95	0.983484
117	123	1.03248
117	124	0.986717
117	146	0.990868
117	153	0.996759
117	155	0.999179
117	164	0.935188
117	165	0.990301
117	168	0.97264
117	169	1.00173
117	170	0.997009
117	173	0.994912
117	175	0.990104
117	176	0.925977
117	177	0.99666
117	179	0.987496
117	180	0.998925
118	1	1.05202
118	2	1.22136
118	32	1.01106
118	38	1.0035
118	44	0.970155
118	49	0.982012
118	50	0.957031
118	55	0.956925
118	66	1.11683
118	76	1.00507
118	94	0.973622
118	98	0.944119
118	115	0.986738
118	125	0.996759
118	128	0.980797
118	130	0.985429
118	135	0.948777
118	138	0.97823
118	143	0.973844
118	147	0.997941
118	156	0.975195
118	172	0.987916
118	173	1.01722
118	174	1.00395
118	178	0.998383
118	180	0.98653
119	58	1.0204
119	63	0.708811
119	95	0.915794
119	97	0.99345
119	108	1.04313
119	109	1.04588
119	113	1.04166
119	116	1.02828
119	136	1.05354
119	137	1.04128
119	140	0.783556
119	141	1.04064
119	142	1.03253
119	147	1.05456
119	157	1.05194
119	158	1.05189
119	160	1.01911
119	161	1.02888
119	162	1.0441
119	164	1.03491
119	166	1.03717
119	167	1.03352
119	168	1.05238
119	173	0.90464
119	176	1.0442
119	179	0.902835
120	12	0.935454
120	13	1.05849
120	16	1.05999
120	29	0.906107
120	30	1.01065
120	35	1.01459
120	60	0.965109
120	70	0.862065
120	78	0.99421
120	88	0.96847
120	102	1.00673
120	111	0.982893
120	112	0.988332
120	114	0.93987
120	129	0.977555
120	130	1.18487
120	133	0.979543
120	139	1.00776
120	140	1.01205
120	154	0.989648
120	161	1.06132
120	163	0.991608
120	170	1.11236
120	174	1.01103
120	176	0.994653
120	178	0.984798
121	10	0.65333
121	75	1.06307
121	77	1.22612
121	100	1.00445
121	102	0.791091
121	110	1.04793
121	113	1.04475
121	126	0.827827
121	132	1.03902
121	139	0.766618
121	141	1.04374
121	142	1.03563
121	145	1.02521
121	151	1.04477
121	158	1.05498
121	159	1.04429
121	160	1.0222
121	161	1.03198
121	162	1.04719
121	164	1.038
121	166	1.04027
121	167	1.03661
121	168	1.05548
121	171	0.937925
121	172	1.043
121	178	1.03743
122	35	0.884272
122	61	0.96757
122	71	1.02557
122	74	1.23871
122	79	1.00548
122	85	0.9866
122	91	1.04734
122	95	0.973127
122	101	1.02074
122	124	0.97636
122	127	1.00511
122	146	0.980512
122	148	0.969278
122	153	0.986402
122	155	0.988822
122	164	1.01345
122	165	0.979945
122	168	1.0509
122	170	0.986653
122	171	0.984177
122	173	0.984555
122	175	0.979747
122	176	1.00424
122	177	0.986304
122	179	0.97714
122	180	0.988569
123	29	1.41387
123	65	1.00593
123	72	1.06504
123	81	0.758027
123	93	1.02183
123	101	1.05855
123	107	1.03993
123	113	0.840765
123	117	1.03248
123	124	1.01416
123	131	1.03595
123	134	1.01059
123	140	1.05567
123	146	1.01832
123	147	0.758922
123	155	1.02663
123	162	0.770665
123	169	1.02917
123	170	1.02446
123	171	1.02198
123	172	1.03398
123	173	1.02236
123	175	1.01755
123	176	0.849209
123	177	1.02411
123	179	1.01494
123	180	1.02637
124	23	1.32603
124	101	1.01278
124	108	1.00556
124	109	0.979956
124	117	0.986717
124	122	0.97636
124	123	1.01416
124	127	0.99715
124	130	0.990358
124	131	0.990187
124	134	0.964828
124	144	0.971998
124	146	0.97255
124	148	0.961316
124	150	0.993925
124	155	0.98086
124	159	1.01129
124	164	1.07195
124	165	0.971983
124	169	0.983408
124	170	0.978691
124	171	0.976215
124	173	0.976594
124	175	0.971785
124	177	0.978342
124	179	0.969178
124	180	0.980607
125	1	1.09023
125	7	0.979634
125	9	0.970282
125	38	1.04172
125	41	0.954088
125	44	1.00837
125	47	1.01728
125	49	1.02023
125	50	0.99525
125	55	0.995144
125	57	0.712565
125	66	1.15504
125	68	1.05185
125	94	1.01184
125	96	1.01001
125	98	0.982338
125	118	0.996759
125	128	1.01902
125	135	0.986996
125	138	1.01645
125	143	1.01206
125	149	1.03982
125	156	1.01341
125	163	1.01783
125	164	0.945427
125	172	0.954804
125	174	1.04217
125	178	0.965271
126	6	0.976145
126	60	1.00109
126	78	1.0302
126	83	1.02068
126	99	0.993984
126	105	1.04257
126	109	0.864926
126	111	1.01888
126	112	1.02432
126	116	0.975929
126	121	0.827827
126	129	1.01354
126	145	1.06336
126	148	0.999452
126	149	1.04467
126	152	1.0321
126	159	0.896261
126	167	0.96267
126	170	1.01683
126	171	1.01435
126	172	1.02635
126	173	1.01473
126	174	1.04702
126	175	1.00992
126	176	1.03064
126	177	1.01648
126	179	1.00731
126	180	1.01874
127	1	0.847021
127	37	0.951251
127	45	1.02791
127	55	1.08986
127	67	0.973715
127	71	1.04636
127	91	1.06813
127	104	1.04058
127	107	1.02291
127	122	1.00511
127	124	0.99715
127	131	1.01894
127	134	0.993579
127	144	1.00075
127	148	0.990067
127	153	1.00719
127	155	1.00961
127	159	0.985384
127	162	0.958288
127	163	1.01821
127	169	1.01216
127	170	1.00744
127	171	1.00497
127	172	1.01697
127	174	0.883842
127	175	1.00054
127	177	1.00709
127	179	0.997929
127	180	1.00936
128	1	1.07427
128	9	0.954321
128	22	0.783505
128	32	1.03332
128	38	1.02575
128	41	0.938126
128	44	0.992413
128	49	1.00427
128	53	1.07173
128	55	0.979182
128	66	1.13908
128	68	1.03589
128	82	1.00516
128	98	0.966376
128	107	0.94542
128	115	1.009
128	118	0.980797
128	125	1.01902
128	130	1.00769
128	135	0.971034
128	138	1.00049
128	143	0.996101
128	147	1.0202
128	149	1.02386
128	156	0.997452
128	163	1.0409
128	172	0.977878
128	174	1.02621
128	178	0.988344
129	13	1.06335
129	16	1.06485
129	19	1.03431
129	29	0.910964
129	35	1.01945
129	60	0.969966
129	78	0.999067
129	81	1.00371
129	88	0.973327
129	89	0.912236
129	92	1.02283
129	102	1.01158
129	105	0.866898
129	111	0.98775
129	112	0.993189
129	114	0.944727
129	120	0.977555
129	126	1.01354
129	131	1.06284
129	139	1.01261
129	140	1.01691
129	149	1.01354
129	152	1.00097
129	156	0.987131
129	163	0.996465
129	170	1.08101
129	171	1.06205
129	174	1.01589
129	176	0.99951
129	178	0.989655
130	7	0.968305
130	13	0.863459
130	15	0.894849
130	69	1.00174
130	98	0.971008
130	105	1.01222
130	112	1.04286
130	115	1.01363
130	118	0.985429
130	120	1.18487
130	124	0.990358
130	128	1.00769
130	135	0.975666
130	136	1.0238
130	143	1.00073
130	145	0.99238
130	153	1.0004
130	161	0.999151
130	164	1.00517
130	166	1.00744
130	167	1.00378
130	168	1.02265
130	170	1.00065
130	171	0.998175
130	172	1.01018
130	173	0.998553
130	174	1.03084
130	177	1.0003
130	179	0.991138
130	180	1.00257
131	37	0.944289
131	46	1.08258
131	49	1.07511
131	61	0.981397
131	65	0.981955
131	75	0.833814
131	95	0.986954
131	101	1.03457
131	102	0.969847
131	104	1.03362
131	107	1.01595
131	109	0.975807
131	123	1.03595
131	124	0.990187
131	127	1.01894
131	129	1.06284
131	134	0.986617
131	144	0.993787
131	153	1.00023
131	155	1.00265
131	165	0.993772
131	169	1.0052
131	170	1.00048
131	171	0.998004
131	172	1.01001
131	173	0.998382
131	175	0.993574
131	177	1.00013
131	179	0.990967
131	180	1.0024
132	8	0.955542
132	14	0.955463
132	86	0.99752
132	92	0.987435
132	107	0.925827
132	108	1.00728
132	114	1.14943
132	121	1.03902
132	133	0.998671
132	136	1.01768
132	137	1.00542
132	141	1.00479
132	145	0.986258
132	150	0.97654
132	151	1.00583
132	157	1.01609
132	158	1.01604
132	159	1.00534
132	160	0.983254
132	161	0.993028
132	162	1.00824
132	164	0.999051
132	166	1.00132
132	167	0.997662
132	168	1.01653
132	170	1.01675
132	172	1.00406
132	178	0.998486
132	179	0.985778
132	180	0.956898
133	34	1.01345
133	45	0.994797
133	97	1.08065
133	100	0.964095
133	110	1.00758
133	116	0.991027
133	120	0.979543
133	132	0.998671
133	136	1.01628
133	141	1.00339
133	142	0.995276
133	145	0.984856
133	151	1.00442
133	152	0.908623
133	157	1.01468
133	158	1.01463
133	159	1.00394
133	160	0.981852
133	161	0.991626
133	162	1.00684
133	163	1.00389
133	164	0.997649
133	166	0.999917
133	167	0.99626
133	168	1.01513
133	170	1.021
133	171	1.00204
133	172	1.00265
133	175	1.01935
133	178	0.997084
134	4	0.951123
134	52	0.928187
134	65	0.956596
134	95	0.961595
134	104	1.00826
134	106	1.00325
134	107	0.990589
134	116	1.21359
134	123	1.01059
134	124	0.964828
134	127	0.993579
134	131	0.986617
134	144	0.968428
134	148	0.957746
134	149	1.0067
134	150	0.990355
134	151	1.14537
134	153	0.97487
134	154	1.11017
134	155	0.97729
134	163	0.985887
134	165	0.968413
134	169	0.979837
134	170	0.975121
134	171	0.972645
134	172	0.984648
134	173	0.973023
134	175	0.968215
134	176	1.18536
134	177	0.974772
134	178	0.979078
134	179	0.965608
134	180	0.977036
135	7	0.931653
135	32	1.0013
135	38	0.993735
135	41	0.906106
135	44	0.960393
135	47	0.969299
135	49	0.972249
135	66	1.10706
135	68	1.00387
135	70	0.991038
135	76	0.995311
135	80	0.98908
135	82	0.973136
135	84	0.975913
135	94	0.963859
135	98	0.934357
135	115	0.976975
135	118	0.948777
135	125	0.986996
135	128	0.971034
135	130	0.975666
135	138	0.968467
135	143	0.964081
135	147	0.988178
135	149	0.991841
135	153	1.08124
135	156	0.965432
135	164	1.09105
135	165	1.09902
135	172	1.10043
135	173	1.12973
135	174	0.994191
135	178	1.11089
136	3	0.973866
136	24	0.959294
136	47	0.882541
136	71	0.856488
136	72	0.8746
136	86	1.01513
136	96	0.991363
136	107	0.965115
136	113	1.02341
136	116	1.01004
136	119	1.05354
136	130	1.0238
136	132	1.01768
136	133	1.01628
136	141	1.0224
136	142	1.01429
136	145	1.00387
136	151	1.02343
136	153	0.97838
136	157	1.03369
136	158	1.03364
136	159	1.02295
136	160	1.00086
136	161	1.01064
136	162	1.02585
136	163	1.0229
136	164	1.01666
136	166	1.01893
136	167	1.01527
136	168	1.03413
136	173	1.02687
136	178	1.01609
136	179	1.02507
137	34	1.0202
137	43	1.07817
137	52	1.00362
137	57	0.777731
137	65	1.16515
137	91	0.862544
137	92	0.992785
137	100	0.970847
137	103	0.931003
137	110	1.01433
137	113	1.01115
137	116	0.997779
137	119	1.04128
137	132	1.00542
137	141	1.01014
137	142	1.00203
137	145	0.991608
137	151	1.01118
137	152	0.966056
137	155	1.02598
137	157	1.02144
137	158	1.02139
137	159	1.01069
137	160	0.988605
137	161	0.998379
137	162	1.01359
137	163	1.01065
137	164	1.0044
137	166	1.00667
137	167	1.00301
137	168	1.02188
137	172	1.00941
137	176	1.01369
137	178	1.00384
138	6	0.952771
138	33	1.01761
138	38	1.02319
138	64	0.963734
138	66	1.13652
138	68	1.03333
138	73	0.781075
138	77	0.943122
