1	36	0.761689
1	51	0.884857
1	89	0.952092
1	114	0.923923
1	115	0.87038
1	151	1.10968
1	157	1.07953
1	160	0.967927
1	175	1.0199
1	177	1.0161
1	178	0.98966
1	180	1.00446
2	72	0.854108
2	104	0.944979
2	114	0.903899
2	117	0.867582
2	133	1.23142
2	145	0.878112
2	155	0.898384
2	158	0.900535
2	161	1.27277
2	167	1.33421
2	170	1.28157
2	172	0.954502
3	81	1.20758
3	83	1.0973
3	87	1.26274
3	115	1.20536
3	118	0.779095
3	141	1.21431
3	157	0.868706
3	167	0.958771
3	169	0.8999
3	172	0.734074
3	178	1.04557
3	179	1.20284
4	22	1.0072
4	58	1.02889
4	111	1.033
4	123	1.02505
4	128	1.04231
4	135	1.03014
4	145	1.03095
4	151	0.91989
4	155	1.03103
4	168	1.0036
4	177	1.12257
4	180	1.1431
5	96	0.95379
5	100	1.00878
5	103	1.05959
5	107	1.06437
5	141	1.04125
5	143	1.05292
5	148	1.04711
5	156	0.99189
5	163	0.97325
5	168	0.930915
5	174	1.21887
5	177	1.04988
6	35	1.20351
6	98	1.1225
6	123	1.0488
6	155	1.09925
6	167	0.906439
6	170	0.916601
6	173	0.922805
6	174	0.848446
6	175	0.893685
6	178	0.863447
6	179	0.953566
6	180	0.878245
7	68	1.08594
7	72	0.991043
7	108	0.979565
7	117	1.00452
7	130	0.795234
7	145	1.01505
7	157	0.962747
7	158	1.03747
7	172	1.09144
7	174	1.23136
7	175	1.08821
7	178	1.13962
8	20	1.29804
8	43	1.05359
8	75	0.945862
8	82	0.984905
8	102	0.964102
8	112	0.98601
8	121	1.0335
8	130	0.91925
8	144	1.06165
8	156	0.953283
8	162	1.07416
8	170	1.12418
9	70	0.98565
9	92	0.878364
9	96	0.963696
9	100	1.01868
9	103	1.06949
9	107	1.07428
9	143	1.06282
9	156	1.0018
9	159	0.995405
9	164	1.11327
9	175	1.11894
9	180	1.11363
10	32	1.00376
10	39	0.954818
10	46	1.07587
10	56	1.01615
10	78	1.05087
10	98	1.08543
10	99	0.989427
10	143	1.06026
10	150	0.963812
10	151	0.920932
10	167	1.11405
10	176	1.1195
11	85	1.10116
11	95	1.04776
11	104	1.0684
11	108	0.96605
11	114	1.02732
11	145	1.00153
11	149	0.903518
11	155	1.0218
11	159	0.931346
11	160	1.20893
11	172	1.07792
11	180	1.04957
12	29	0.889707
12	60	0.856466
12	81	0.916682
12	83	0.806396
12	86	0.985704
12	115	0.914454
12	141	0.923411
12	150	1.25884
12	166	1.26796
12	172	1.18438
12	177	1.41864
12	179	0.911938
13	33	1.1559
13	55	1.22223
13	94	1.24859
13	105	1.18057
13	131	1.17786
13	147	1.21045
13	158	0.819868
13	163	0.875459
13	164	0.972266
13	166	0.801406
13	173	0.879744
13	177	0.952092
14	70	0.986848
14	96	0.964895
14	100	1.01988
14	103	1.07069
14	106	0.929829
14	107	1.07548
14	141	1.05235
14	156	1.003
14	167	1.03126
14	173	0.968468
14	174	1.20981
14	175	1.06665
15	18	1.06116
15	60	0.983156
15	83	0.933086
15	87	1.09853
15	115	1.04114
15	122	1.04115
15	126	1.03706
15	145	1.01521
15	146	1.06785
15	162	0.994612
15	176	1.10273
15	179	1.03863
16	21	1.02351
16	49	1.03804
16	59	1.04388
16	75	0.999612
16	90	1.0632
16	102	1.01785
16	112	1.03976
16	156	1.00703
16	157	1.02298
16	162	1.01038
16	171	0.98418
16	180	1.14313
17	33	0.966277
17	47	0.950305
17	71	1.11934
17	93	1.07892
17	94	1.05896
17	105	0.990941
17	118	0.881492
17	147	1.02083
17	163	0.994096
17	168	0.95176
17	174	1.23972
17	178	1.14797
18	15	1.06116
18	81	1.02878
18	83	0.918489
18	86	1.0978
18	92	0.952638
18	115	1.02655
18	141	1.0355
18	148	1.1646
18	152	0.968628
18	158	1.03515
18	169	1.09894
18	179	1.02403
19	119	1.00839
19	124	0.980036
19	129	0.962754
19	132	0.983799
19	136	0.942953
19	138	0.939374
19	142	0.98215
19	152	0.993533
19	159	1.14401
19	163	1.16508
19	166	1.09102
19	171	1.10329
19	179	1.11565
20	8	1.29804
20	82	1.30211
20	85	0.943128
20	90	1.32665
20	92	0.65627
20	102	1.2813
20	112	1.30321
20	121	0.718113
20	137	0.763315
20	156	1.27048
20	164	0.89118
20	174	1.04
20	179	0.744945
21	16	1.02351
21	49	0.973219
21	75	0.93479
21	82	0.973832
21	90	0.998373
21	102	0.95303
21	112	0.974937
21	121	1.04548
21	145	1.10675
21	151	0.995693
21	156	0.942211
21	167	1.18881
21	178	1.27561
22	4	1.0072
22	38	0.941492
22	52	0.987517
22	59	1.10953
22	123	0.97844
22	131	0.931013
22	135	0.983529
22	139	0.981146
22	140	0.932521
22	155	0.984418
22	160	1.36815
22	171	0.988572
22	177	1.18825
23	54	1.18654
23	65	0.937173
23	77	1.0018
23	91	0.921905
23	123	0.977638
23	128	0.994891
23	135	0.982727
23	154	1.04432
23	155	0.983616
23	157	1.09783
23	166	1.04677
23	171	0.98777
23	180	1.21798
24	124	1.12687
24	125	1.11955
24	127	1.11281
24	132	1.13064
24	133	0.942042
24	136	1.08979
24	138	1.08621
24	142	1.12899
24	153	0.922677
24	161	0.983393
24	163	0.977762
24	167	1.04483
24	172	0.820137
25	113	0.988085
25	125	0.976766
25	129	0.966813
25	132	0.987858
25	136	0.947012
25	138	0.943433
25	142	0.986209
25	152	0.997592
25	162	1.11132
25	169	1.15511
25	170	1.16134
25	171	1.08512
25	179	1.09749
26	28	0.928393
26	55	0.969633
26	69	1.07073
26	93	1.01594
26	94	0.995987
26	105	0.927965
26	130	0.975836
26	131	0.925256
26	147	0.957853
26	151	1.0403
26	163	1.16634
26	165	1.19952
26	176	1.23887
27	40	1.16738
27	46	0.897731
27	69	1.18883
27	88	1.31787
27	143	1.23154
27	160	0.820026
27	165	0.889739
27	167	0.884752
27	170	0.894914
27	174	0.826758
27	177	0.868198
27	178	0.841759
27	180	0.856557
28	26	0.928393
28	55	0.948952
28	69	1.05005
28	71	1.03568
28	93	0.995263
28	94	0.975306
28	105	0.907284
28	147	0.937171
28	152	1.01525
28	153	1.08228
28	166	1.06331
28	171	1.07558
28	174	1.38299
29	12	0.889707
29	44	1.02777
29	56	0.958298
29	60	0.923796
29	78	0.99302
29	98	1.02758
29	115	0.981784
29	164	1.21252
29	166	1.04166
29	171	1.05392
29	173	1.12
29	176	1.18824
29	179	0.979269
30	37	0.908604
30	91	1.06344
30	111	1.12712
30	123	1.11917
30	128	1.13642
30	131	1.07174
30	134	0.91639
30	135	1.12426
30	157	0.899775
30	162	0.887177
30	167	0.98984
30	171	1.1293
30	178	1.07664
31	75	1.24855
31	92	0.95774
31	95	1.18395
31	131	1.25688
31	134	0.912547
31	143	1.17431
31	153	0.939611
31	160	0.798352
31	170	0.87324
31	174	0.805084
31	176	0.859239
31	178	0.820086
31	180	0.834883
32	10	1.00376
32	90	0.98641
32	98	1.01644
32	99	0.920437
32	112	0.962974
32	122	0.970653
32	134	1.14025
32	143	0.991274
32	156	0.930247
32	158	1.09104
32	164	1.24344
32	172	0.989004
32	173	1.15091
33	13	1.1559
33	17	0.966277
33	54	1.18241
33	55	0.92386
33	59	1.1146
33	69	1.02495
33	93	0.970171
33	94	0.950214
33	105	0.882192
33	133	1.08097
33	147	0.91208
33	168	1.07436
33	170	1.13112
34	35	1.02971
34	71	0.889972
34	94	0.980879
34	129	0.979943
34	142	0.927878
34	149	1.02066
34	153	1.03214
34	168	0.987693
34	169	0.962377
34	173	0.971976
34	176	0.951772
34	177	0.939057
34	180	0.927416
35	6	1.20351
35	34	1.02971
35	53	0.986286
35	63	0.96316
35	66	0.960608
35	88	0.964427
35	89	0.979511
35	97	0.935374
35	110	1.01291
35	116	1.005
35	151	0.999768
35	168	1.08348
35	169	1.13401
36	1	0.761689
36	53	1.12403
36	64	1.07626
36	88	1.10218
36	89	1.11726
36	97	1.07312
36	110	1.15066
36	116	1.14274
36	167	1.00955
36	171	0.880685
36	175	1.04494
36	177	1.01911
36	179	0.893047
37	30	0.908604
37	71	0.971916
37	103	1.0217
37	118	1.06299
37	141	0.969946
37	142	1.00982
37	161	0.990034
37	162	1.01672
37	164	0.947942
37	175	0.952568
37	176	0.961483
37	178	0.922329
37	180	0.937127
38	22	0.941492
38	42	0.745969
38	84	0.819598
38	94	0.906858
38	115	0.881036
38	147	0.891746
38	166	1.09947
38	167	1.04457
38	168	1.07665
38	169	1.05133
38	173	1.06093
38	177	1.02801
38	178	1.00157
38	180	1.01637
39	10	0.954818
39	52	0.925668
39	76	1.07186
39	78	0.932946
39	98	0.967503
39	99	0.871499
39	128	0.933843
39	135	0.92168
39	143	0.942336
39	152	1.06199
39	171	0.926723
39	177	1.26073
39	178	1.33797
39	180	1.28126
40	27	1.16738
40	53	1.04794
40	63	1.02481
40	66	1.02226
40	84	1.14543
40	88	1.02608
40	97	0.99703
40	110	1.07457
40	116	1.06665
40	126	0.954026
40	173	0.951458
40	176	1.0197
40	177	1.02381
40	179	0.897746
41	44	1.11007
41	54	0.988266
41	56	1.04059
41	57	1.05778
41	59	0.99516
41	64	0.998793
41	78	1.07532
41	99	1.01387
41	139	0.866781
41	143	1.0847
41	168	0.954919
41	175	1.09972
41	177	1.07389
41	180	1.09442
42	38	0.745969
42	60	1.06789
42	86	1.19713
42	96	1.04738
42	100	1.10237
42	107	1.15796
42	134	0.909719
42	156	1.08548
42	159	0.895036
42	160	1.17262
42	168	0.873762
42	175	1.01857
42	179	1.12337
43	8	1.05359
43	49	1.05705
43	75	1.01862
43	82	1.05766
43	102	1.03686
43	112	1.05877
43	122	1.06645
43	134	1.05985
43	149	1.01734
43	152	0.944114
43	156	1.02604
43	166	0.992174
43	173	1.07051
43	179	1.0168
44	29	1.02777
44	41	1.11007
44	56	1.02903
44	57	1.04622
44	64	0.987232
44	78	1.06375
44	98	1.09831
44	99	1.00231
44	157	0.939938
44	158	0.90734
44	164	1.05974
44	174	1.20856
44	175	1.0654
44	179	0.913503
45	77	1.06552
45	80	1.0693
45	111	1.04931
45	123	1.04136
45	128	1.05862
45	135	1.04645
45	137	0.924102
45	140	0.995445
45	165	0.988333
45	168	0.912824
45	171	1.0515
45	173	0.959444
45	174	1.20078
45	178	1.10903
46	10	1.07587
46	27	0.897731
46	69	0.997519
46	113	1.08098
46	125	1.05583
46	132	1.07576
46	151	0.997252
46	164	0.902847
46	166	0.975127
46	172	1.02684
46	175	0.907472
46	177	0.903672
46	178	0.877233
46	180	0.892031
47	17	0.950305
47	55	0.907888
47	69	1.00898
47	71	0.994615
47	93	0.954199
47	94	0.934242
47	105	0.86622
47	131	0.863511
47	144	1.21064
47	147	0.896107
47	152	1.13664
47	164	1.35556
47	172	1.10113
47	179	1.20933
48	74	1.00537
48	106	0.978228
48	113	1.0722
48	125	1.06088
48	127	1.05415
48	136	1.03113
48	138	1.02755
48	142	1.07032
48	152	1.08171
48	171	0.950793
48	172	0.854958
48	174	1.25821
48	176	1.08511
48	179	0.963155
49	16	1.03804
49	21	0.973219
49	43	1.05705
49	82	0.988358
49	90	1.0129
49	102	0.967556
49	112	0.989463
49	122	0.997143
49	126	1.13736
49	137	1.09945
49	156	0.956737
49	158	1.07492
49	163	1.13051
49	172	0.972883
49	179	1.08108
50	59	1.00492
50	70	1.00366
50	96	0.981709
50	100	1.0367
50	103	1.08751
50	107	1.09229
50	109	0.993015
50	141	1.06917
50	143	1.08084
50	156	1.01981
50	165	1.04018
50	172	0.849385
50	175	1.10948
50	177	1.08364
51	1	0.884857
51	113	1.02454
51	120	1.06318
51	127	1.00649
51	129	1.00327
51	132	1.02431
51	133	1.02992
51	136	0.983467
51	138	0.979888
51	140	0.960054
51	142	1.02266
51	147	0.991142
51	157	1.04265
51	173	1.06993
51	174	1.31127
52	22	0.987517
52	39	0.925668
52	80	1.0333
52	109	1.03537
52	111	1.01332
52	123	1.00537
52	128	1.02262
52	131	0.957943
52	135	1.01046
52	151	0.923318
52	161	1.05499
52	171	1.0155
52	173	1.05365
52	174	1.29499
52	177	1.126
53	35	0.986286
53	36	1.12403
53	40	1.04794
53	63	0.948372
53	66	0.945821
53	84	1.06899
53	88	0.94964
53	97	0.920587
53	110	0.998125
53	134	1.0954
53	150	1.01861
53	152	0.979664
53	169	1.10998
53	171	1.03999
53	178	1.25565
54	23	1.18654
54	33	1.18241
54	41	0.988266
54	57	0.924419
54	77	1.15274
54	99	0.880506
54	131	1.15963
54	143	0.951343
54	155	1.08728
54	159	0.928612
54	174	0.823082
54	176	0.877237
54	178	0.838083
54	179	0.928202
54	180	0.852881
55	13	1.22223
55	26	0.969633
55	28	0.948952
55	33	0.92386
55	47	0.907888
55	62	1.22468
55	71	1.07692
55	93	1.0365
55	105	0.948524
55	131	0.945815
55	137	1.02185
55	145	1.03791
55	161	1.05853
55	165	1.08608
55	169	1.0611
56	10	1.01615
56	29	0.958298
56	41	1.04059
56	44	1.02903
56	57	0.976746
56	78	0.99428
56	98	1.02884
56	99	0.932833
56	143	1.00367
56	145	1.06225
56	148	1.15111
56	166	1.00319
56	168	1.03491
56	173	1.08153
56	180	1.1744
57	41	1.05778
57	44	1.04622
57	54	0.924419
57	56	0.976746
57	64	0.934945
57	78	1.01147
57	92	1.01716
57	98	1.04603
57	99	0.95002
57	137	1.12421
57	139	1.02479
57	143	1.02086
57	150	1.0721
57	171	1.09347
57	173	1.15955
58	4	1.02889
58	65	0.959658
58	77	1.02428
58	91	0.944391
58	101	1.15893
58	111	1.00807
58	123	1.00012
58	135	1.00521
58	150	1.02378
58	153	1.05186
58	155	1.0061
58	169	1.11514
58	171	1.01026
58	172	0.949316
58	176	1.17946
59	16	1.04388
59	22	1.10953
59	33	1.1146
59	41	0.99516
59	50	1.00492
59	132	1.04477
59	150	1.03551
59	163	0.991589
59	167	0.954429
59	169	0.961195
59	173	0.970795
59	175	0.941675
59	176	0.950591
59	177	0.937876
59	178	0.911437
59	180	0.926235
60	12	0.856466
60	15	0.983156
60	29	0.923796
60	42	1.06789
60	81	0.950772
60	87	1.00593
60	115	0.948543
60	122	0.948548
60	133	1.14291
60	141	0.957501
60	152	1.05652
60	154	1.10213
60	159	1.15757
60	173	1.18291
60	177	1.25526
60	179	0.946028
61	113	0.975192
61	119	0.999555
61	124	0.971201
61	125	0.963872
61	127	0.957137
61	129	0.953919
61	136	0.934119
61	138	0.930539
61	142	0.973315
61	147	0.941793
61	158	1.07856
61	162	1.09856
61	167	1.20122
61	173	1.13843
61	178	1.28802
61	179	1.08472
62	55	1.22468
62	63	1.27897
62	128	1.17345
62	141	1.15589
62	144	0.889501
62	147	1.23365
62	148	0.848688
62	149	0.918265
62	150	0.934296
62	154	0.923495
62	163	0.890377
62	173	0.869582
62	176	0.849378
62	177	0.836663
62	178	0.810225
62	180	0.825022
63	35	0.96316
63	40	1.02481
63	53	0.948372
63	62	1.27897
63	64	0.900601
63	66	0.922694
63	79	1.04357
63	89	0.941597
63	97	0.89746
63	110	0.974998
63	116	0.967082
63	126	1.11404
63	139	0.976717
63	164	1.204
63	169	1.11539
63	170	1.12162
64	36	1.07626
64	41	0.998793
64	44	0.987232
64	57	0.934945
64	63	0.900601
64	89	0.916953
64	98	0.987037
64	99	0.891032
64	110	0.950354
64	116	0.942438
64	126	1.15871
64	148	1.22572
64	158	1.09626
64	161	1.15749
64	165	1.18503
64	166	1.0778
65	23	0.937173
65	58	0.959658
65	80	0.983762
65	92	0.989621
65	111	0.963777
65	123	0.955827
65	128	0.97308
65	131	0.9084
65	135	0.960916
65	145	1.11273
65	154	1.05123
65	155	0.961805
65	160	1.38425
65	161	1.13336
65	171	0.96596
65	180	1.22488
66	35	0.960608
66	40	1.02226
66	53	0.945821
66	63	0.922694
66	79	1.04102
66	88	0.923962
66	89	0.939045
66	97	0.894909
66	110	0.972447
66	116	0.96453
66	130	1.01915
66	137	1.1786
66	151	1.08361
66	168	1.16732
66	171	1.14787
66	180	1.30682
67	80	1.20264
67	86	1.1376
67	123	1.14577
67	127	1.20129
67	140	1.29162
67	160	0.809503
67	166	0.929129
67	167	0.874228
67	170	0.88439
67	173	0.890594
67	175	0.861474
67	176	0.87039
67	177	0.857675
67	178	0.831236
67	179	0.921355
67	180	0.846034
68	7	1.08594
68	95	1.08482
68	101	1.06677
68	104	1.10547
68	108	1.00312
68	109	1.00078
68	114	1.06439
68	117	1.02807
68	118	0.902175
68	137	0.98372
68	139	0.884304
68	155	1.05887
68	158	1.06102
68	161	1.02041
68	167	1.08185
68	172	1.11499
69	26	1.07073
69	27	1.18883
69	28	1.05005
69	33	1.02495
69	46	0.997519
69	47	1.00898
69	76	0.856387
69	93	1.1376
69	94	1.11764
69	105	1.04962
69	131	1.04691
69	147	1.07951
69	154	0.892124
69	158	0.913031
69	167	1.03569
69	179	0.919194
70	9	0.98565
70	14	0.986848
70	50	1.00366
70	92	1.04553
70	96	0.871481
70	100	0.926467
70	103	0.977279
70	107	0.982064
70	141	0.958941
70	143	0.970608
70	154	1.10713
70	156	0.909582
70	169	1.19183
70	172	1.02601
70	173	1.18792
70	178	1.33751
71	17	1.11934
71	28	1.03568
71	34	0.889972
71	37	0.971916
71	47	0.994615
71	55	1.07692
71	93	1.12323
71	94	1.10327
71	105	1.03525
71	131	1.03254
71	147	1.06514
71	149	0.93719
71	160	1.24261
71	162	0.950488
71	172	0.828454
71	173	0.990364
72	2	0.854108
72	7	0.991043
72	95	0.989924
72	104	1.01057
72	108	0.908219
72	114	0.969487
72	117	0.933171
72	126	1.20205
72	144	1.14709
72	152	1.07309
72	155	0.963973
72	158	0.966124
72	171	1.13341
72	172	1.02009
72	173	1.19949
72	179	1.14577
73	79	0.832637
73	89	0.896907
73	100	0.852468
73	119	0.84281
73	132	0.810894
73	141	0.74814
73	147	0.825904
73	159	1.11192
73	161	1.08909
73	166	1.11928
73	169	1.07115
73	173	1.08075
73	174	1.00639
73	177	1.04783
73	178	1.02139
73	180	1.03619
74	48	1.00537
74	113	0.966595
74	119	0.990959
74	124	0.962604
74	127	0.94854
74	129	0.945323
74	132	0.966368
74	136	0.925522
74	138	0.921942
74	142	0.964718
74	151	1.03305
74	159	1.13803
74	172	1.00147
74	176	1.23162
74	177	1.23573
74	180	1.25625
75	8	0.945862
75	16	0.999612
75	21	0.93479
75	31	1.24855
75	43	1.01862
75	82	0.949929
75	90	0.97447
75	102	0.929127
75	112	0.951034
75	122	0.958713
75	151	0.959535
75	156	0.918308
75	160	1.34211
75	169	1.09378
75	172	0.927956
75	178	1.23946
76	39	1.07186
76	69	0.856387
76	87	0.856812
76	94	0.964752
76	100	0.976203
76	133	1.04317
76	156	0.944209
76	166	1.05212
76	167	0.997224
76	173	1.01359
76	175	0.98447
76	176	0.993385
76	177	0.98067
76	178	0.954232
76	180	0.969029
77	23	1.0018
77	45	1.06552
77	54	1.15274
77	58	1.02428
77	91	0.96472
77	111	1.0284
77	120	1.08455
77	123	1.02045
77	128	1.0377
77	130	0.89651
77	135	1.02554
77	140	0.974534
77	154	1.01052
77	166	1.01296
77	169	1.09522
77	171	1.03058
77	179	1.03759
78	10	1.05087
78	29	0.99302
78	39	0.932946
78	41	1.07532
78	44	1.06375
78	56	0.99428
78	57	1.01147
78	98	1.06356
78	99	0.967555
78	143	1.03839
78	149	0.98596
78	153	0.979765
78	163	1.03485
78	169	1.04305
78	173	1.03913
78	177	1.11148
78	178	1.18872
79	63	1.04357
79	66	1.04102
79	73	0.832637
79	88	1.04484
79	89	1.05992
79	108	1.02932
79	114	1.09059
79	116	1.08541
79	117	1.05427
79	150	0.985442
79	151	0.942562
79	153	1.01352
79	162	1.03302
79	170	1.08303
79	171	1.00682
79	172	1.14119
80	45	1.0693
80	52	1.0333
80	65	0.983762
80	67	1.20264
80	88	0.989971
80	89	1.00505
80	97	0.960918
80	110	1.03846
80	116	1.03054
80	133	0.992261
80	148	1.10184
80	149	0.979091
80	155	1.0302
80	158	0.97239
80	159	1.00692
80	170	1.0424
80	171	1.03436
81	3	1.20758
81	12	0.916682
81	18	1.02878
81	60	0.950772
81	83	0.900701
81	86	1.08001
81	87	1.06615
81	109	0.971748
81	115	1.00876
81	126	0.992595
81	141	1.01772
81	160	1.24227
81	165	1.01892
81	171	0.923952
81	175	1.08821
81	178	1.13962
81	179	1.00624
82	8	0.984905
82	20	1.30211
82	21	0.973832
82	43	1.05766
82	49	0.988358
82	75	0.949929
82	90	1.01351
82	101	1.09838
82	102	0.968169
82	112	0.990077
82	152	0.924276
82	156	0.95735
82	163	1.04639
82	167	1.11346
82	170	1.06081
82	176	1.11891
82	179	0.99696
83	3	1.0973
83	12	0.806396
83	15	0.933086
83	18	0.918489
83	81	0.900701
83	86	0.969724
83	87	0.95586
83	115	0.898473
83	118	1.16798
83	122	0.898478
83	141	0.907431
83	149	1.2317
83	152	1.15847
83	166	1.20653
83	168	1.23825
83	170	1.29501
83	179	0.895958
84	38	0.819598
84	40	1.14543
84	53	1.06899
84	97	1.01808
84	110	1.09561
84	116	1.0877
84	126	0.996579
84	127	1.0819
84	132	1.09972
84	138	1.0553
84	140	1.03547
84	142	1.09808
84	149	0.940837
84	150	0.90656
84	158	0.934135
84	170	1.00415
84	174	1.23535
84	179	0.940298
85	11	1.10116
85	20	0.943128
85	117	1.2347
85	129	1.22481
85	142	1.17274
85	144	0.921368
85	147	1.21063
85	157	0.931959
85	159	0.93262
85	160	0.820358
85	162	0.936484
85	164	0.867705
85	165	0.890071
85	166	0.939985
85	169	0.89185
85	173	0.901449
85	176	0.881245
85	180	0.856889
86	12	0.985704
86	18	1.0978
86	42	1.19713
86	67	1.1376
86	81	1.08001
86	83	0.969724
86	87	1.13517
86	115	1.07778
86	122	1.07779
86	130	0.772437
86	141	1.08674
86	148	1.03681
86	153	0.907859
86	161	0.968574
86	172	0.805319
86	177	1.03958
86	178	1.11682
86	179	1.07527
87	3	1.26274
87	15	1.09853
87	60	1.00593
87	76	0.856812
87	81	1.06615
87	83	0.95586
87	86	1.13517
87	115	1.06392
87	122	1.06392
87	141	1.07288
87	144	0.920938
87	146	1.00669
87	159	0.947985
87	161	0.974678
87	169	0.977248
87	176	1.04157
87	177	1.04568
87	179	1.0614
88	27	1.31787
88	35	0.964427
88	36	1.10218
88	40	1.02608
88	53	0.94964
88	66	0.923962
88	79	1.04484
88	80	0.989971
88	89	0.942865
88	97	0.898728
88	110	0.976266
88	116	0.968349
88	118	0.985067
88	120	1.09521
88	158	1.04208
88	165	1.13084
88	172	0.940046
88	176	1.17019
89	1	0.952092
89	35	0.979511
89	36	1.11726
89	63	0.941597
89	64	0.916953
89	66	0.939045
89	73	0.896907
89	79	1.05992
89	80	1.00505
89	88	0.942865
89	97	0.913812
89	110	0.99135
89	116	0.983433
89	168	1.09054
89	170	1.1473
89	175	1.23535
89	176	1.2054
89	179	1.08345
90	16	1.0632
90	20	1.32665
90	21	0.998373
90	32	0.98641
90	49	1.0129
90	75	0.97447
90	82	1.01351
90	102	0.99271
90	112	1.01462
90	122	1.0223
90	133	0.962391
90	146	1.03576
90	152	0.875998
90	156	0.981891
90	160	1.25464
90	165	1.03128
90	171	0.936321
90	176	1.07063
90	180	1.09527
91	23	0.921905
91	30	1.06344
91	58	0.944391
91	77	0.96472
91	111	0.94851
91	123	0.940559
91	128	0.957812
91	130	1.00377
91	131	0.893133
91	135	0.945649
91	137	1.16322
91	140	0.894641
91	144	1.14616
91	146	1.23192
91	155	0.946537
91	164	1.29108
91	171	0.950692
91	173	1.19856
91	179	1.14485
92	9	0.878364
92	18	0.952638
92	20	0.65627
92	31	0.95774
92	57	1.01716
92	65	0.989621
92	70	1.04553
92	104	1.09901
92	117	1.02161
92	119	0.940677
92	122	0.951692
92	155	1.05241
92	158	1.05456
92	166	1.05681
92	167	1.00191
92	171	1.05656
92	172	1.10853
92	176	0.998071
92	180	0.973714
93	17	1.07892
93	26	1.01594
93	28	0.995263
93	33	0.970171
93	47	0.954199
93	55	1.0365
93	69	1.1376
93	71	1.12323
93	94	1.06286
93	105	0.994835
93	121	0.980293
93	130	0.866046
93	147	1.02472
93	152	0.93444
93	161	1.06218
93	164	1.15336
93	166	0.9825
93	175	1.15902
93	176	1.12908
94	13	1.24859
94	17	1.05896
94	26	0.995987
94	28	0.975306
94	33	0.950214
94	34	0.980879
94	38	0.906858
94	47	0.934242
94	69	1.11764
94	71	1.10327
94	76	0.964752
94	93	1.06286
94	105	0.974878
94	131	0.972169
94	139	0.946513
94	144	1.02888
94	149	1.0281
94	172	0.919362
94	178	1.23086
95	11	1.04776
95	31	1.18395
95	68	1.08482
95	72	0.989924
95	104	1.08079
95	108	0.978445
95	114	1.03971
95	117	1.0034
95	145	1.01393
95	149	0.972091
95	154	0.944482
95	155	1.0342
95	158	1.03635
95	163	1.02098
95	164	1.11779
95	166	0.946928
95	172	1.09032
95	173	1.02526
95	179	0.971552
96	5	0.95379
96	9	0.963696
96	14	0.964895
96	42	1.04738
96	50	0.981709
96	70	0.871481
96	100	0.904513
96	103	0.955325
96	107	0.96011
96	120	1.11031
96	141	0.936987
96	143	0.948654
96	154	1.03628
96	156	0.887628
96	158	1.05719
96	164	1.20958
96	174	1.3584
96	176	1.1853
96	180	1.20994
97	35	0.935374
97	36	1.07312
97	40	0.99703
97	53	0.920587
97	63	0.89746
97	66	0.894909
97	80	0.960918
97	84	1.01808
97	88	0.898728
97	89	0.913812
97	110	0.947213
97	116	0.939296
97	121	1.07035
97	157	1.12362
97	164	1.24342
97	165	1.17978
97	169	1.15481
97	170	1.16103
97	180	1.24377
98	6	1.1225
98	10	1.08543
98	29	1.02758
98	32	1.01644
98	39	0.967503
98	44	1.09831
98	56	1.02884
98	57	1.04603
98	64	0.987037
98	78	1.06356
98	99	1.00211
98	118	0.9322
98	143	1.07295
98	145	1.02981
98	153	0.989719
98	154	0.968306
98	166	0.970751
98	173	1.04909
98	176	1.11733
99	10	0.989427
99	32	0.920437
99	39	0.871499
99	41	1.01387
99	44	1.00231
99	54	0.880506
99	56	0.932833
99	57	0.95002
99	64	0.891032
99	78	0.967555
99	98	1.00211
99	143	0.976945
99	148	1.27355
99	150	1.11652
99	151	1.07364
99	154	1.12319
99	162	1.1641
99	163	1.19969
99	165	1.23286
100	5	1.00878
100	9	1.01868
100	14	1.01988
100	42	1.10237
100	50	1.0367
100	70	0.926467
100	73	0.852468
100	76	0.976203
100	96	0.904513
100	103	1.01031
100	107	1.0151
100	141	0.991973
100	143	1.00364
100	156	0.942614
100	159	1.06738
100	165	1.12161
100	166	1.01439
100	178	1.24231
100	179	1.03901
100	180	1.1856
101	58	1.15893
101	68	1.06677
101	82	1.09838
101	116	1.11322
101	117	1.13793
101	141	1.0361
101	142	1.07598
101	146	0.925201
101	149	0.965539
101	150	0.98157
101	157	0.947365
101	162	0.95189
101	166	0.955391
101	167	0.900491
101	168	0.932573
101	170	0.910652
101	175	0.887737
101	176	0.896652
101	178	0.857498
101	180	0.872296
102	8	0.964102
102	16	1.01785
102	20	1.2813
102	21	0.95303
102	43	1.03686
102	49	0.967556
102	75	0.929127
102	82	0.968169
102	90	0.99271
102	112	0.969274
102	122	0.976954
102	145	1.0354
102	149	1.00151
102	154	0.973896
102	156	0.936548
102	160	1.30692
102	168	1.00806
102	171	0.988604
102	178	1.20427
102	180	1.14755
103	5	1.05959
103	9	1.06949
103	14	1.07069
103	37	1.0217
103	50	1.08751
103	70	0.977279
103	96	0.955325
103	100	1.01031
103	107	1.06591
103	109	1.02187
103	137	1.0048
103	141	1.04278
103	143	1.05445
103	153	0.980777
103	156	0.993426
103	159	1.0148
103	163	1.03586
103	167	1.10293
103	179	0.986433
104	2	0.944979
104	11	1.0684
104	68	1.10547
104	72	1.01057
104	92	1.09901
104	95	1.08079
104	108	0.999089
104	114	1.06036
104	117	1.02404
104	145	1.03457
104	151	0.883351
104	152	0.887284
104	154	0.932899
104	158	1.05699
104	165	1.04257
104	166	0.935344
104	172	1.11096
104	175	1.11187
104	177	1.08603
104	178	1.16327
104	180	1.10656
105	13	1.18057
105	17	0.990941
105	26	0.927965
105	28	0.907284
105	33	0.882192
105	47	0.86622
105	55	0.948524
105	69	1.04962
105	71	1.03525
105	93	0.994835
105	94	0.974878
105	131	0.904147
105	147	0.936743
105	157	1.11546
105	165	1.17163
105	168	1.09612
105	169	1.14666
105	171	1.07667
105	172	0.980831
105	174	1.38408
105	179	1.08903
106	14	0.929829
106	48	0.978228
106	125	0.992574
106	128	0.967321
106	140	1.08261
106	142	0.98963
106	143	0.976977
106	154	1.03749
106	155	0.987204
106	160	0.902487
106	161	0.991925
106	162	1.01861
106	164	0.949833
106	166	1.02211
106	170	0.977374
106	173	0.983577
106	174	0.909218
106	176	0.963374
106	177	0.950658
106	178	0.92422
106	180	0.939017
107	5	1.06437
107	9	1.07428
107	14	1.07548
107	42	1.15796
107	50	1.09229
107	70	0.982064
107	96	0.96011
107	100	1.0151
107	103	1.06591
107	139	0.932926
107	141	1.04757
107	143	1.05924
107	150	0.980234
107	154	0.986902
107	156	0.998211
107	161	1.06903
107	168	1.02106
107	170	1.07782
107	171	1.00161
107	172	0.905775
107	180	1.16056
108	7	0.979565
108	11	0.96605
108	68	1.00312
108	72	0.908219
108	79	1.02932
108	95	0.978445
108	104	0.999089
108	114	0.958009
108	117	0.921693
108	121	1.05482
108	130	0.940572
108	145	0.932222
108	155	0.952494
108	157	1.10809
108	158	0.954646
108	159	1.11002
108	172	1.00861
108	173	1.13536
108	176	1.2036
108	178	1.28495
108	180	1.22824
109	50	0.993015
109	52	1.03537
109	68	1.00078
109	81	0.971748
109	103	1.02187
109	111	1.05319
109	130	1.08157
109	131	1.07991
109	143	0.997337
109	158	1.01156
109	163	0.996071
109	165	0.963898
109	167	0.958911
109	168	0.990994
109	169	0.965677
109	170	0.969073
109	174	0.900917
109	175	0.946157
109	177	0.942358
109	178	0.915919
109	180	0.930717
110	35	1.01291
110	36	1.15066
110	40	1.07457
110	53	0.998125
110	63	0.974998
110	64	0.950354
110	66	0.972447
110	80	1.03846
110	84	1.09561
110	88	0.976266
110	89	0.99135
110	97	0.947213
110	116	1.01683
110	133	1.01071
110	137	1.01537
110	144	0.998319
110	150	0.963263
110	160	1.30296
110	163	1.04643
110	168	1.00409
110	169	1.05463
110	180	1.14359
111	4	1.033
111	30	1.12712
111	45	1.04931
111	52	1.01332
111	58	1.00807
111	65	0.963777
111	77	1.0284
111	91	0.94851
111	109	1.05319
111	128	1.02149
111	135	1.00933
111	140	0.958324
111	146	1.10483
111	148	1.14105
111	150	0.984024
111	155	1.01022
111	161	1.07282
111	162	1.0316
111	171	1.01437
111	172	0.909564
111	177	1.14382
111	179	1.01776
112	8	0.98601
112	16	1.03976
112	20	1.30321
112	21	0.974937
112	32	0.962974
112	43	1.05877
112	49	0.989463
112	75	0.951034
112	82	0.990077
112	90	1.01462
112	102	0.969274
112	121	0.971492
112	122	0.998861
112	134	1.04137
112	146	1.0854
112	156	0.958456
112	157	1.02476
112	167	1.11482
112	170	1.06218
112	172	0.890127
112	178	1.20163
112	180	1.14491
113	25	0.988085
113	46	1.08098
113	48	1.0722
113	51	1.02454
113	61	0.975192
113	74	0.966595
113	119	1.05779
113	124	1.02944
113	125	1.02211
113	129	1.01216
113	132	1.0332
113	136	0.992355
113	138	0.988775
113	142	1.03155
113	150	0.968922
113	151	0.926042
113	161	1.05772
113	162	1.0165
113	167	1.11916
113	175	1.15456
113	176	1.12461
113	179	1.00266
114	1	0.923923
114	2	0.903899
114	11	1.02732
114	68	1.06439
114	72	0.969487
114	79	1.09059
114	95	1.03971
114	104	1.06036
114	108	0.958009
114	117	0.982961
114	118	0.992104
114	137	1.07365
114	145	0.993491
114	150	1.02154
114	155	1.01376
114	157	1.08171
114	158	1.01591
114	165	1.13788
114	168	1.06237
114	170	1.11913
114	171	1.04292
114	172	1.06988
115	1	0.87038
115	3	1.20536
115	12	0.914454
115	15	1.04114
115	18	1.02655
115	29	0.981784
115	38	0.881036
115	60	0.948543
115	81	1.00876
115	83	0.898473
115	86	1.07778
115	87	1.06392
115	122	1.00654
115	126	1.05802
115	141	1.01549
115	158	0.995574
115	162	1.01557
115	173	1.05545
115	175	1.15363
115	178	1.20504
115	179	1.00402
115	180	1.14833
116	35	1.005
116	36	1.14274
116	40	1.06665
116	63	0.967082
116	64	0.942438
116	66	0.96453
116	79	1.08541
116	80	1.03054
116	84	1.0877
116	88	0.968349
116	89	0.983433
116	97	0.939296
116	101	1.11322
116	110	1.01683
116	118	0.948624
116	134	1.05485
116	139	0.930753
116	158	1.00564
116	166	0.987175
116	173	1.06551
116	176	1.13375
116	178	1.2151
117	2	0.867582
117	7	1.00452
117	68	1.02807
117	72	0.933171
117	79	1.05427
117	85	1.2347
117	92	1.02161
117	95	1.0034
117	101	1.13793
117	104	1.02404
117	108	0.921693
117	114	0.982961
117	121	1.00968
117	133	1.05022
117	134	1.07956
117	139	0.955467
117	144	1.03783
117	145	0.957174
117	155	0.977446
117	158	0.979598
117	170	1.10037
117	172	1.03356
117	177	1.16257
118	3	0.779095
118	17	0.881492
118	37	1.06299
118	68	0.902175
118	83	1.16798
118	88	0.985067
118	98	0.9322
118	114	0.992104
118	116	0.948624
118	137	1.04571
118	139	1.11203
118	143	0.898728
118	144	1.0412
118	151	1.08195
118	156	0.943841
118	161	1.02963
118	169	1.01168
118	170	1.01508
118	173	1.02128
118	175	0.992165
118	177	0.988365
118	178	0.961927
118	179	1.05205
118	180	0.976724
119	19	1.00839
119	61	0.999555
119	73	0.84281
119	74	0.990959
119	92	0.940677
119	113	1.05779
119	124	1.0538
119	125	1.04647
119	127	1.03974
119	129	1.03652
119	132	1.05756
119	136	1.01672
119	137	1.04772
119	138	1.01314
119	139	0.948306
119	140	0.993305
119	142	1.05591
119	146	1.11642
119	147	1.02439
119	149	1.02989
119	153	1.0237
119	170	1.0932
119	175	1.18125
119	179	1.02935
120	51	1.06318
120	77	1.08455
120	88	1.09521
120	96	1.11031
120	124	1.04258
120	125	1.02447
120	126	0.95967
120	131	1.09144
120	142	1.02152
120	146	0.951308
120	147	1.05941
120	150	1.00768
120	153	1.00313
120	159	0.974134
120	160	0.861872
120	163	0.963758
120	165	0.931585
120	166	0.981499
120	169	0.933364
120	173	0.942963
120	174	0.868604
120	176	0.922759
120	177	0.910044
120	178	0.883605
120	180	0.898403
121	8	1.0335
121	20	0.718113
121	21	1.04548
121	93	0.980293
121	97	1.07035
121	108	1.05482
121	112	0.971492
121	117	1.00968
121	125	0.95067
121	138	0.998389
121	144	1.02515
121	146	1.01357
121	148	0.984336
121	151	1.06589
121	160	0.924139
121	161	1.01358
121	163	1.02602
121	166	1.04377
121	167	0.988865
121	169	0.995631
121	176	0.985026
121	177	0.972311
121	178	0.945872
121	179	1.03599
121	180	0.96067
122	15	1.04115
122	32	0.970653
122	43	1.06645
122	49	0.997143
122	60	0.948548
122	75	0.958713
122	83	0.898478
122	86	1.07779
122	87	1.06392
122	90	1.0223
122	92	0.951692
122	102	0.976954
122	112	0.998861
122	115	1.00654
122	134	1.08342
122	153	1.03471
122	156	0.966135
122	163	1.0898
122	167	1.15687
122	168	1.04746
122	169	1.098
122	172	0.93217
122	176	1.16232
122	179	1.00402
122	180	1.18696
123	4	1.02505
123	6	1.0488
123	22	0.97844
123	23	0.977638
123	30	1.11917
123	45	1.04136
123	52	1.00537
123	58	1.00012
123	65	0.955827
123	67	1.14577
123	77	1.02045
123	91	0.940559
123	128	1.01354
123	131	0.948865
123	135	1.00138
123	140	0.950374
123	146	1.00875
123	153	0.916023
123	160	1.22763
123	162	0.935516
123	170	0.985531
123	171	1.00642
123	174	1.21673
123	177	1.04774
123	178	1.12498
124	19	0.980036
124	24	1.12687
124	61	0.971201
124	74	0.962604
124	113	1.02944
124	119	1.0538
124	120	1.04258
124	125	1.01812
124	127	1.01138
124	129	1.00816
124	132	1.02921
124	136	0.988364
124	138	0.984784
124	140	0.96495
124	142	1.02756
124	147	0.996038
124	152	1.03894
124	153	0.989958
124	154	0.968545
124	159	1.02398
124	164	1.14185
124	166	0.97099
124	167	1.11211
124	169	1.05324
124	171	0.983253
124	178	1.19892
124	180	1.1422
125	24	1.11955
125	25	0.976766
125	46	1.05583
125	48	1.06088
125	61	0.963872
125	106	0.992574
125	113	1.02211
125	119	1.04647
125	120	1.02447
125	121	0.95067
125	124	1.01812
125	127	1.00405
125	129	1.00084
125	132	1.02188
125	136	0.981035
125	138	0.977456
125	140	0.957622
125	142	1.02023
125	144	0.97882
125	146	1.06457
125	147	0.98871
125	152	1.03161
125	154	0.950431
125	157	1.00394
125	170	1.04135
125	175	1.1294
125	178	1.1808
126	15	1.03706
126	40	0.954026
126	49	1.13736
126	63	1.11404
126	64	1.15871
126	72	1.20205
126	81	0.992595
126	84	0.996579
126	115	1.05802
126	120	0.95967
126	144	0.976603
126	146	0.965029
126	148	0.93579
126	149	1.00537
126	156	1.0633
126	162	0.991719
126	163	0.977479
126	165	0.945306
126	167	0.940319
126	168	0.972402
126	170	0.950481
126	173	0.956684
126	174	0.882325
126	177	0.923765
126	178	0.897327
126	179	0.987446
126	180	0.912124
127	24	1.11281
127	48	1.05415
127	51	1.00649
127	61	0.957137
127	67	1.20129
127	74	0.94854
127	84	1.0819
127	119	1.03974
127	124	1.01138
127	125	1.00405
127	129	0.994101
127	132	1.01515
127	136	0.9743
127	138	0.970721
127	142	1.0135
127	144	0.978522
127	147	0.981975
127	148	1.10049
127	150	0.943466
127	151	0.900586
127	152	1.02488
127	159	1.00557
127	160	1.28316
127	162	0.99104
127	164	1.12344
127	179	0.977204
127	180	1.12379
128	4	1.04231
128	23	0.994891
128	30	1.13642
128	39	0.933843
128	45	1.05862
128	52	1.02262
128	62	1.17345
128	65	0.97308
128	77	1.0377
128	91	0.957812
128	106	0.967321
128	111	1.02149
128	123	1.01354
128	131	0.966118
128	134	0.995298
128	135	1.01863
128	140	0.967626
128	145	0.986686
128	148	1.07554
128	149	0.952787
128	155	1.01952
128	159	0.980614
128	163	1.00168
128	171	1.02368
128	174	1.2473
128	176	1.0742
128	180	1.09884
129	19	0.962754
129	25	0.966813
129	34	0.979943
129	51	1.00327
129	61	0.953919
129	74	0.945323
129	85	1.22481
129	113	1.01216
129	119	1.03652
129	124	1.00816
129	125	1.00084
129	127	0.994101
129	132	1.01193
129	136	0.971082
129	138	0.967503
129	140	0.947669
129	142	1.01028
129	144	1.02794
129	145	1.06106
129	146	1.11369
129	147	0.978757
129	150	0.992884
129	152	1.02166
129	153	1.02097
129	160	1.33258
129	162	1.04046
129	172	0.918425
129	178	1.22993
130	7	0.795234
130	8	0.91925
130	26	0.975836
130	66	1.01915
130	77	0.89651
130	86	0.772437
130	91	1.00377
130	93	0.866046
130	108	0.940572
130	109	1.08157
130	135	0.91307
130	136	0.955617
130	138	0.884142
130	148	1.02538
130	151	1.10693
130	154	1.10019
130	157	1.07678
130	162	1.08131
130	163	1.06707
130	164	1.01253
130	169	1.03667
130	172	1.13653
130	173	1.04627
130	174	0.971913
130	175	1.01715
130	177	1.01335
130	178	0.986915
130	180	1.00171
131	13	1.17786
131	22	0.931013
131	26	0.925256
131	30	1.07174
131	31	1.25688
131	47	0.863511
131	52	0.957943
131	54	1.15963
131	55	0.945815
131	65	0.9084
131	69	1.04691
131	71	1.03254
131	91	0.893133
131	94	0.972169
131	105	0.904147
131	109	1.07991
131	120	1.09144
131	123	0.948865
131	128	0.966118
131	135	0.953955
131	139	0.963431
131	147	0.934035
131	148	1.16777
131	158	1.03831
131	165	1.12708
131	166	1.01985
131	169	1.10211
131	171	0.958998
131	177	1.17054
132	19	0.983799
132	24	1.13064
132	25	0.987858
132	46	1.07576
132	51	1.02431
132	59	1.04477
132	73	0.810894
132	74	0.966368
132	84	1.09972
132	113	1.0332
132	119	1.05756
132	124	1.02921
132	125	1.02188
132	127	1.01515
132	129	1.01193
132	136	0.992127
132	140	0.968714
132	142	1.03132
132	145	1.03187
132	147	0.999802
132	152	1.04271
132	153	0.991779
132	163	1.04686
132	164	1.14367
132	165	1.08004
132	168	1.00453
132	171	0.985074
132	179	0.997436
132	180	1.14402
133	2	1.23142
133	24	0.942042
133	33	1.08097
133	51	1.02992
133	60	1.14291
133	76	1.04317
133	80	0.992261
133	90	0.962391
133	110	1.01071
133	117	1.05022
133	138	1.03893
133	141	0.94839
133	145	0.983417
133	151	1.03021
133	159	1.00072
133	160	0.888463
133	163	0.990348
133	164	0.935809
133	165	0.958175
133	168	0.985271
133	170	0.96335
133	171	1.00784
133	173	0.969554
133	174	0.895194
133	175	0.940434
133	177	0.936635
133	178	0.910196
133	179	1.00031
133	180	0.924993
134	30	0.91639
134	31	0.912547
134	32	1.14025
134	42	0.909719
134	43	1.05985
134	53	1.0954
134	112	1.04137
134	116	1.05485
134	117	1.07956
134	122	1.08342
134	128	0.995298
134	136	1.13974
134	144	0.993
134	148	0.952187
134	154	1.02699
134	157	1.00359
134	159	1.00425
134	161	0.981428
134	165	0.961703
134	166	1.01162
134	168	0.988798
134	169	0.963482
134	170	0.966878
134	173	0.973081
134	174	0.898722
134	175	0.943962
134	177	0.940162
134	178	0.913724
134	180	0.928521
135	4	1.03014
135	22	0.983529
135	23	0.982727
135	30	1.12426
135	39	0.92168
135	45	1.04645
135	52	1.01046
135	58	1.00521
135	65	0.960916
135	77	1.02554
135	91	0.945649
135	111	1.00933
135	123	1.00138
135	128	1.01863
135	130	0.91307
135	131	0.953955
135	140	0.955463
135	146	1.14122
135	149	1.05469
135	152	0.981464
135	155	1.00736
135	157	1.08058
135	158	1.04799
135	159	1.08251
135	165	1.13675
135	166	1.02952
135	168	1.06124
135	171	1.01151
135	175	1.20605
135	177	1.18021
136	19	0.942953
136	24	1.08979
136	25	0.947012
136	48	1.03113
136	51	0.983467
136	61	0.934119
136	74	0.925522
136	113	0.992355
136	119	1.01672
136	124	0.988364
136	125	0.981035
136	127	0.9743
136	129	0.971082
136	130	0.955617
136	132	0.992127
136	134	1.13974
136	138	0.947702
136	139	1.01565
136	140	0.927868
136	142	0.990478
136	144	1.09801
136	147	0.958956
136	149	1.09723
136	151	1.02008
136	152	1.00186
136	158	1.09053
136	164	1.24293
136	168	1.10379
136	172	0.988498
136	175	1.24859
136	177	1.22276
137	20	0.763315
137	45	0.924102
137	49	1.09945
137	55	1.02185
137	57	1.12421
137	66	1.1786
137	68	0.98372
137	91	1.16322
137	103	1.0048
137	110	1.01537
137	114	1.07365
137	118	1.04571
137	119	1.04772
137	149	1.01308
137	153	1.02457
137	154	1.01831
137	157	0.99491
137	161	0.972748
137	163	0.985196
137	164	0.930656
137	165	0.953023
137	166	1.00294
137	168	0.980118
137	169	0.954802
137	172	1.05465
137	175	0.935282
137	176	0.944197
137	177	0.931482
137	178	0.905043
137	179	0.995162
137	180	0.919841
138	19	0.939374
138	24	1.08621
138	25	0.943433
138	48	1.02755
138	51	0.979888
138	61	0.930539
138	74	0.921942
138	84	1.0553
138	113	0.988775
138	119	1.01314
138	121	0.998389
138	124	0.984784
138	125	0.977456
138	127	0.970721
138	129	0.967503
138	130	0.884142
138	133	1.03893
138	136	0.947702
138	140	0.924289
138	142	0.986898
138	145	1.05966
138	146	1.11229
138	147	0.955377
138	152	0.998281
138	160	1.33118
138	172	0.917023
138	173	1.07893
138	175	1.17712
138	176	1.14717
138	178	1.22852
138	180	1.17181
139	22	0.981146
139	41	0.866781
139	57	1.02479
139	63	0.976717
139	68	0.884304
139	94	0.946513
139	107	0.932926
139	116	0.930753
139	117	0.955467
139	118	1.11203
139	119	0.948306
139	131	0.963431
139	136	1.01565
139	144	1.05064
139	146	1.03907
139	155	0.891085
139	159	1.0619
139	160	0.949635
139	161	1.03907
139	164	0.996981
139	167	1.01436
139	168	1.04644
139	170	1.02452
139	171	1.06902
139	172	1.12098
139	173	1.03073
139	175	1.00161
139	177	0.997807
139	178	0.971368
139	179	1.06149
139	180	0.986165
140	22	0.932521
140	45	0.995445
140	51	0.960054
140	67	1.29162
140	77	0.974534
140	84	1.03547
140	91	0.894641
140	106	1.08261
140	111	0.958324
140	119	0.993305
140	123	0.950374
140	124	0.96495
140	125	0.957622
140	128	0.967626
140	129	0.947669
140	132	0.968714
140	135	0.955463
140	136	0.927868
140	138	0.924289
140	142	0.967065
140	144	1.06886
140	145	1.10198
140	149	1.06808
140	155	0.956352
140	159	1.0959
140	162	1.08137
140	163	1.11697
140	168	1.07463
140	171	0.960506
140	174	1.36259
140	175	1.21943
140	179	1.06754
141	3	1.21431
141	5	1.04125
141	12	0.923411
141	14	1.05235
141	18	1.0355
141	37	0.969946
141	50	1.06917
141	60	0.957501
141	62	1.15589
141	70	0.958941
141	73	0.74814
141	81	1.01772
141	83	0.907431
141	86	1.08674
141	87	1.07288
141	96	0.936987
141	100	0.991973
141	101	1.0361
141	103	1.04278
141	107	1.04757
141	115	1.01549
141	133	0.94839
141	143	1.03611
141	154	0.907612
141	156	0.975088
141	161	0.98974
141	164	1.08092
141	173	0.988394
141	174	1.22973
141	175	1.08658
141	176	1.05663
141	177	1.06074
141	179	1.01297
141	180	1.08127
142	19	0.98215
142	24	1.12899
142	25	0.986209
142	34	0.927878
142	37	1.00982
142	48	1.07032
142	51	1.02266
142	61	0.973315
142	74	0.964718
142	84	1.09808
142	85	1.17274
142	101	1.07598
142	106	0.98963
142	113	1.03155
142	119	1.05591
142	120	1.02152
142	124	1.02756
142	125	1.02023
142	127	1.0135
142	129	1.01028
142	132	1.03132
142	136	0.990478
142	138	0.986898
142	140	0.967065
142	146	1.06163
142	147	0.998153
142	148	1.09785
142	152	1.04106
142	159	1.00292
142	161	1.02962
142	162	0.988394
142	166	0.949933
142	171	0.962195
142	179	0.974557
143	5	1.05292
143	9	1.06282
143	10	1.06026
143	27	1.23154
143	31	1.17431
143	32	0.991274
143	39	0.942336
143	41	1.0847
143	50	1.08084
143	54	0.951343
143	56	1.00367
143	57	1.02086
143	70	0.970608
143	78	1.03839
143	96	0.948654
143	98	1.07295
143	99	0.976945
143	100	1.00364
143	103	1.05445
143	106	0.976977
143	107	1.05924
143	109	0.997337
143	118	0.898728
143	141	1.03611
143	146	1.04898
143	156	0.986755
143	157	0.988339
143	162	0.97574
143	167	1.0784
143	171	0.949542
143	172	0.853707
143	175	1.1138
143	177	1.08797
143	179	0.961904
144	8	1.06165
144	47	1.21064
144	62	0.889501
144	72	1.14709
144	85	0.921368
144	87	0.920938
144	91	1.14616
