1	41	0.858662
1	48	0.843796
1	79	0.796795
1	98	0.832753
1	100	0.824428
1	105	0.870027
1	106	0.8545
1	108	0.854063
1	118	0.829979
1	165	0.834997
1	170	1.62201
1	180	1.98329
2	16	1.8142
2	129	1.78263
2	167	0.831774
2	171	0.835122
2	173	0.846816
2	174	0.844707
2	175	0.84139
2	176	0.839838
2	177	0.836613
2	178	0.84256
2	179	0.841629
2	180	0.839551
3	113	0.842037
3	141	0.854699
3	142	0.844065
3	143	0.848132
3	144	0.816931
3	153	0.843116
3	154	1.88896
3	157	0.831778
3	160	0.843493
3	164	0.838986
3	166	0.836763
3	178	1.71644
4	121	0.923712
4	122	0.882427
4	123	0.922643
4	132	1.02593
4	133	0.93882
4	134	0.933525
4	135	0.967567
4	136	0.920714
4	140	0.955465
4	148	0.955127
4	179	1.18254
4	180	1.39936
5	13	0.901403
5	71	1.92614
5	81	0.84642
5	139	0.850904
5	144	0.810771
5	147	0.827169
5	153	0.836955
5	157	0.825617
5	160	0.837333
5	164	0.832825
5	166	0.830603
5	179	1.67944
6	109	0.901334
6	115	1.41961
6	130	0.921931
6	146	0.939821
6	147	0.934555
6	149	0.946815
6	153	0.944341
6	157	0.933003
6	164	0.940211
6	166	0.937989
6	170	1.00554
6	174	1.18284
7	61	1.85287
7	129	0.855721
7	130	0.820594
7	138	1.74159
7	157	0.831666
7	159	0.852219
7	164	0.838874
7	166	0.836652
7	177	0.837593
7	178	0.84354
7	179	0.842609
7	180	0.840531
8	41	0.851298
8	56	0.819752
8	75	0.855587
8	100	0.817064
8	105	0.862663
8	106	0.847136
8	108	0.846699
8	118	0.822615
8	139	0.849553
8	162	1.79283
8	165	0.827633
8	171	1.81251
9	157	1.91081
9	158	0.844377
9	166	1.68379
9	167	0.831885
9	169	0.836669
9	174	0.844819
9	175	0.841502
9	176	0.83995
9	177	0.836725
9	178	0.842672
9	179	0.84174
9	180	0.839662
10	62	1.87219
10	120	1.72222
10	162	0.842055
10	168	0.849821
10	171	0.832589
10	173	0.844283
10	174	0.842174
10	175	0.838858
10	177	0.83408
10	178	0.840027
10	179	0.839096
10	180	0.837018
11	53	1.15751
11	90	0.939886
11	103	1.44774
11	122	0.880474
11	123	0.92069
11	133	0.936867
11	135	0.965614
11	136	0.918762
11	138	0.949274
11	148	0.953174
11	165	0.935258
11	176	1.0032
12	29	0.948194
12	49	1.08046
12	86	1.53769
12	129	0.937469
12	139	0.938701
12	149	0.927226
12	155	0.989945
12	157	0.913414
12	160	0.92513
12	164	0.920622
12	166	0.9184
12	172	0.970844
13	5	0.901403
13	101	0.923773
13	109	0.900872
13	119	0.994412
13	125	0.913176
13	142	0.944829
13	151	1.32111
13	160	0.944257
13	164	0.93975
13	166	0.937527
13	177	1.19158
13	180	1.0955
14	100	0.822588
14	105	0.868186
14	108	0.852223
14	113	1.76966
14	118	0.828139
14	121	1.8248
14	165	0.833157
14	176	0.838942
14	177	0.835717
14	178	0.841664
14	179	0.840732
14	180	0.838654
15	38	0.936331
15	47	0.922771
15	83	0.883459
15	84	0.944075
15	89	0.928672
15	102	0.907917
15	156	0.93056
15	170	0.965284
15	172	0.98093
15	175	1.10728
15	177	1.2985
15	180	1.20242
16	2	1.8142
16	38	0.917678
16	51	1.27945
16	56	0.806507
16	62	0.901004
16	73	0.873991
16	80	0.922424
16	83	0.864806
16	89	0.910019
16	102	0.889264
16	156	0.911907
16	170	0.94663
16	172	0.962277
17	79	2.11274
17	104	1.052
17	161	0.918236
17	167	0.901919
17	169	0.906702
17	171	0.905267
17	172	0.72942
17	173	0.91696
17	176	0.909983
17	177	0.906758
17	178	0.912705
17	179	0.911774
17	180	0.909695
18	154	0.819479
18	160	1.99473
18	162	0.830113
18	166	1.89983
18	168	0.837878
18	169	0.822082
18	171	0.820647
18	173	0.83234
18	174	0.830232
18	175	0.826915
18	178	0.828085
18	179	0.827153
18	180	0.825075
19	120	0.931987
19	125	0.876388
19	126	1.27383
19	127	1.39792
19	142	0.908041
19	146	0.902572
19	149	0.909565
19	153	0.907092
19	160	0.907469
19	162	1.2362
19	164	0.902962
19	166	0.900739
19	172	0.953184
20	69	1.26924
20	104	0.93379
20	114	0.913578
20	121	0.897624
20	122	0.856339
20	123	0.896555
20	134	0.907437
20	138	0.925138
20	140	0.929378
20	148	0.929039
20	165	0.911123
20	169	1.35992
20	174	1.27835
21	61	0.899552
21	104	0.930845
21	112	0.917663
21	122	0.853394
21	123	0.89361
21	135	0.938534
21	136	0.891682
21	138	0.922193
21	140	0.926433
21	148	0.926094
21	150	1.07178
21	178	1.34291
21	180	1.49345
22	34	0.85242
22	37	0.774588
22	39	0.838933
22	65	1.58043
22	79	0.784799
22	98	0.820757
22	105	0.85803
22	106	0.842504
22	108	0.842067
22	118	0.817983
22	139	0.84492
22	165	0.823
22	173	2.32514
23	55	1.49533
23	80	1.17763
23	142	1.21863
23	145	0.908858
23	167	0.900744
23	168	0.921323
23	174	0.913677
23	175	0.91036
23	176	0.908808
23	177	0.905583
23	178	0.91153
23	179	0.910598
23	180	0.90852
24	70	0.875712
24	112	0.831565
24	121	0.808581
24	122	0.767296
24	123	0.807512
24	134	0.818394
24	135	0.852436
24	138	0.836095
24	140	0.840334
24	148	0.839996
24	165	0.822079
24	167	2.07139
24	173	1.83394
25	92	0.810689
25	101	0.801922
25	119	0.872561
25	120	0.846924
25	130	0.799619
25	146	0.817508
25	152	0.826675
25	160	0.822406
25	164	0.817898
25	166	0.815676
25	172	0.868121
25	174	1.96913
25	179	1.93628
26	55	0.99478
26	75	1.04621
26	79	0.980056
26	103	1.41533
26	110	0.978871
26	118	1.01324
26	160	1.02661
26	164	1.0221
26	165	1.01826
26	166	1.01988
26	167	0.929229
26	170	0.595432
26	176	0.970792
27	67	1.76151
27	159	0.835499
27	162	0.828849
27	166	2.13298
27	168	0.836614
27	169	0.820818
27	173	0.831076
27	175	0.825651
27	176	0.824099
27	177	0.820874
27	178	0.826821
27	179	0.825889
27	180	0.823811
28	35	1.28481
28	125	1.49013
28	155	0.896462
28	159	0.920328
28	160	1.11665
28	168	0.921443
28	169	0.905647
28	175	0.91048
28	176	0.908928
28	177	0.905703
28	178	0.91165
28	179	0.910718
28	180	0.90864
29	12	0.948194
29	46	0.906157
29	68	1.09324
29	142	0.903823
29	143	0.90789
29	146	0.898354
29	147	0.893087
29	156	1.45464
29	157	0.891536
29	159	1.35973
29	160	0.903251
29	164	0.898743
29	172	0.948966
30	38	1.38419
30	108	1.22304
30	143	1.28435
30	163	0.902319
30	168	0.92198
30	169	0.906184
30	171	0.904749
30	173	0.916442
30	176	0.909465
30	177	0.90624
30	178	0.912187
30	179	0.911255
30	180	0.909177
31	36	0.846402
31	42	0.850739
31	62	0.814064
31	73	0.787051
31	83	0.777866
31	84	0.838482
31	89	0.823079
31	102	0.802323
31	150	1.73493
31	156	0.824967
31	170	0.85969
31	172	0.875337
31	176	2.17067
32	55	0.792978
32	67	0.860647
32	91	1.90279
32	129	0.837143
32	130	0.802017
32	141	0.836009
32	153	0.824426
32	157	0.813088
32	160	0.824804
32	164	0.820296
32	166	0.818074
32	170	2.00263
32	172	0.870519
33	81	1.38128
33	133	1.384
33	137	0.896101
33	164	1.12643
33	167	0.903479
33	169	0.908262
33	171	0.906827
33	173	0.918521
33	174	0.916412
33	176	0.911543
33	178	0.914265
33	179	0.913334
33	180	0.911256
34	22	0.85242
34	48	0.901708
34	56	0.885029
34	79	0.854708
34	97	1.46541
34	98	0.890666
34	100	0.88234
34	105	0.927939
34	106	0.912413
34	107	1.36703
34	108	0.911976
34	118	0.887892
34	158	1.37592
34	165	0.89291
35	28	1.28481
35	90	0.888889
35	91	1.27736
35	104	0.906927
35	112	0.893746
35	114	0.886715
35	121	0.870761
35	133	0.88587
35	135	0.914617
35	136	0.867764
35	138	0.898276
35	148	0.902176
35	165	0.88426
35	175	1.64335
36	31	0.846402
36	73	0.854395
36	80	0.902829
36	83	0.845211
36	84	0.905827
36	89	0.890424
36	102	0.869668
36	103	1.77611
36	124	0.923216
36	156	0.892312
36	170	0.927035
36	172	0.942682
36	176	1.33158
36	179	1.10068
37	22	0.774588
37	56	0.807197
37	65	1.80883
37	75	0.843031
37	79	0.776876
37	98	0.812834
37	100	0.804508
37	105	0.850107
37	106	0.834581
37	108	0.834144
37	118	0.81006
37	139	0.836997
37	150	2.3968
37	165	0.815078
38	15	0.936331
38	16	0.917678
38	30	1.38419
38	62	0.865745
38	73	0.838731
38	84	0.890163
38	89	0.87476
38	91	1.19944
38	102	0.854004
38	124	0.907552
38	127	1.62196
38	156	0.876648
38	170	0.911371
38	172	0.927018
39	22	0.838933
39	56	0.871542
39	75	0.907377
39	98	0.87718
39	105	0.914453
39	106	0.898927
39	108	0.898489
39	118	0.874405
39	119	0.937927
39	139	0.901343
39	163	1.44623
39	165	0.879423
39	170	1.24785
39	175	1.514
40	130	2.16745
40	140	2.0278
40	155	0.801486
40	159	0.825352
40	161	0.822204
40	162	0.818701
40	168	0.826467
40	171	0.809235
40	173	0.820929
40	174	0.81882
40	177	0.810726
40	178	0.816674
40	179	0.815742
40	180	0.813664
41	1	0.858662
41	8	0.851298
41	75	0.915109
41	98	0.884912
41	100	0.876586
41	105	0.922185
41	106	0.906659
41	108	0.906221
41	118	0.882138
41	139	0.909075
41	150	1.26071
41	162	1.48205
41	165	0.887155
41	179	1.46555
42	31	0.850739
42	47	0.88886
42	62	0.885746
42	73	0.858733
42	80	0.907166
42	83	0.849548
42	84	0.910164
42	102	0.874005
42	128	1.12749
42	155	1.61419
42	156	0.896649
42	170	0.931372
42	172	0.947019
42	180	1.46627
43	56	1.85009
43	118	1.2591
43	139	1.08421
43	154	0.884086
43	161	0.898223
43	163	0.882825
43	168	0.902486
43	169	0.886689
43	174	0.894839
43	176	0.88997
43	177	0.886745
43	178	0.892692
43	179	0.891761
43	180	0.889683
44	61	0.88082
44	71	1.43213
44	96	0.886574
44	112	0.89893
44	121	0.875946
44	133	0.891054
44	134	0.885759
44	136	0.872949
44	138	0.903461
44	140	0.9077
44	148	0.907361
44	161	1.27784
44	165	0.889445
44	177	1.49833
45	115	1.52888
45	125	0.861901
45	133	0.886244
45	134	0.880949
45	135	0.914991
45	138	0.89865
45	141	0.904188
45	145	1.42015
45	147	0.882818
45	148	0.90255
45	160	0.892982
45	164	0.888475
45	166	0.886253
45	179	1.25926
46	29	0.906157
46	57	0.872472
46	69	0.853304
46	92	0.871376
46	111	0.842463
46	120	0.907611
46	125	0.852011
46	127	1.61549
46	149	0.885189
46	157	0.871377
46	160	0.883092
46	164	0.878585
46	166	0.876363
46	173	1.38916
46	178	1.50356
47	15	0.922771
47	42	0.88886
47	62	0.852185
47	80	0.873604
47	82	1.23325
47	83	0.815987
47	84	0.876603
47	89	0.8612
47	102	0.840444
47	124	0.893992
47	154	1.60046
47	156	0.863087
47	170	0.897811
47	172	0.913457
47	177	1.67456
48	1	0.843796
48	34	0.901708
48	56	0.864408
48	79	0.834087
48	88	1.45508
48	94	1.66067
48	98	0.870045
48	100	0.86172
48	105	0.907319
48	106	0.891792
48	108	0.891355
48	118	0.867271
48	139	0.894209
48	156	1.39208
48	165	0.872289
49	12	1.08046
49	74	1.71603
49	148	1.69795
49	159	0.884843
49	162	0.878193
49	163	0.866297
49	171	0.868727
49	173	0.88042
49	174	0.878312
49	175	0.874995
49	176	0.873443
49	177	0.870218
49	178	0.876165
49	179	0.875233
49	180	0.873155
50	93	1.52701
50	120	1.17102
50	144	1.79373
50	151	0.855121
50	155	0.864143
50	161	0.884861
50	169	0.873327
50	171	0.871892
50	173	0.883586
50	174	0.881477
50	175	0.878161
50	177	0.873383
50	178	0.87933
50	179	0.878399
50	180	0.876321
51	16	1.27945
51	82	0.885417
51	92	1.85713
51	131	0.870626
51	149	1.35975
51	154	0.868597
51	162	0.879231
51	163	0.867336
51	174	0.879351
51	175	0.876034
51	176	0.874482
51	177	0.871257
51	178	0.877204
51	179	0.876272
51	180	0.874194
52	84	1.38467
52	101	0.855991
52	136	1.70287
52	140	1.405
52	143	0.881114
52	152	0.880744
52	159	0.885312
52	160	0.876475
52	164	0.871967
52	166	0.869745
52	174	0.878781
52	176	0.873912
52	178	0.876634
52	179	0.875702
52	180	0.873624
53	11	1.15751
53	141	1.59776
53	153	1.7392
53	161	0.881387
53	167	0.86507
53	168	0.88565
53	171	0.868418
53	173	0.880112
53	174	0.878003
53	175	0.874687
53	176	0.873134
53	177	0.86991
53	178	0.875857
53	179	0.874925
53	180	0.872847
54	115	0.858744
54	139	1.68006
54	140	1.6584
54	150	0.87313
54	163	0.852968
54	167	0.85205
54	168	0.872629
54	169	0.856833
54	172	1.45453
54	173	0.867091
54	174	0.864983
54	176	0.860114
54	177	0.856889
54	178	0.862836
54	179	0.861905
54	180	0.859826
55	23	1.49533
55	26	0.99478
55	32	0.792978
55	67	0.884204
55	119	0.898516
55	129	0.8607
55	141	0.859566
55	143	0.853
55	144	0.821799
55	152	0.85263
55	153	0.847983
55	160	0.848361
55	164	0.843853
55	166	0.841631
55	171	1.61226
55	175	1.69776
56	8	0.819752
56	16	0.806507
56	34	0.885029
56	37	0.807197
56	39	0.871542
56	43	1.85009
56	48	0.864408
56	69	2.14558
56	75	0.883563
56	98	0.853366
56	100	0.84504
56	106	0.875113
56	108	0.874676
56	118	0.850592
56	119	0.914113
56	165	0.855609
57	46	0.872472
57	99	1.79922
57	112	0.870704
57	114	0.863674
57	123	0.846651
57	130	0.84678
57	136	0.844723
57	140	0.879474
57	144	0.843005
57	152	0.873836
57	160	0.869567
57	164	0.865059
57	165	0.861219
57	166	0.862837
57	173	1.46404
57	174	1.54499
58	72	1.8653
58	119	0.907001
58	120	0.881364
58	129	0.869186
58	130	0.834059
58	143	0.861485
58	144	0.830284
58	146	0.851948
58	147	0.846682
58	152	0.861115
58	157	0.845131
58	160	0.856846
58	161	1.56762
58	164	0.852338
58	168	1.37513
58	172	0.902561
59	67	0.964123
59	78	0.95399
59	79	0.932502
59	94	1.37327
59	125	0.897199
59	141	0.939485
59	147	0.918116
59	149	0.930376
59	152	0.932549
59	155	1.38668
59	157	0.916565
59	160	0.92828
59	161	1.11435
59	164	0.923772
59	166	0.92155
59	172	0.973995
60	77	1.8973
60	90	0.867638
60	96	0.860139
60	121	0.849511
60	122	0.808226
60	123	0.848442
60	133	0.864619
60	134	0.859324
60	135	0.893366
60	136	0.846513
60	138	0.877025
60	140	0.881264
60	148	0.880925
60	163	1.37393
60	165	0.863009
60	180	1.53684
61	7	1.85287
61	21	0.899552
61	44	0.88082
61	86	0.820704
61	104	0.877533
61	112	0.864351
61	121	0.841367
61	133	0.856475
61	134	0.85118
61	136	0.83837
61	138	0.868881
61	140	0.87312
61	148	0.872782
61	165	0.854865
61	178	1.40096
61	180	1.55149
62	10	1.87219
62	16	0.901004
62	31	0.814064
62	38	0.865745
62	42	0.885746
62	47	0.852185
62	73	0.822058
62	80	0.870491
62	83	0.812873
62	84	0.873489
62	102	0.83733
62	156	0.859974
62	170	0.894697
62	172	0.910344
62	174	1.42218
62	175	1.51102
63	130	1.8119
63	160	1.69145
63	161	0.857399
63	163	0.842
63	164	1.58838
63	167	0.841082
63	168	0.861661
63	169	0.845865
63	171	0.84443
63	173	0.856123
63	174	0.854015
63	175	0.850698
63	176	0.849146
63	177	0.845921
63	178	0.851868
63	179	0.850936
63	180	0.848858
64	75	1.10143
64	113	1.24677
64	146	1.3689
64	158	0.91902
64	159	0.925993
64	163	0.907447
64	165	1.37225
64	167	0.906528
64	171	0.909876
64	173	0.92157
64	174	0.919461
64	175	0.916145
64	176	0.914592
64	177	0.911367
64	178	0.917314
64	179	0.916383
64	180	0.914305
65	22	1.58043
65	37	1.80883
65	67	0.946029
65	112	0.866038
65	136	0.839351
65	142	0.910758
65	153	0.909808
65	164	0.905678
65	166	0.903456
65	168	0.920138
65	169	0.904342
65	172	0.955901
65	175	0.909175
65	176	0.907623
65	178	0.910345
65	179	0.909413
65	180	0.907335
66	89	1.51047
66	124	1.24911
66	138	1.15493
66	148	1.17424
66	158	0.91841
66	162	0.918733
66	163	0.906837
66	168	0.926498
66	169	0.910702
66	171	0.909266
66	173	0.92096
66	174	0.918852
66	175	0.915535
66	176	0.913983
66	177	0.910758
66	179	0.915773
66	180	0.913695
67	27	1.76151
67	32	0.860647
67	55	0.884204
67	59	0.964123
67	65	0.946029
67	81	0.925117
67	110	0.868295
67	113	0.914574
67	116	1.02088
67	120	0.940548
67	144	0.889468
67	152	0.920299
67	153	0.915652
67	154	1.12594
67	166	0.9093
67	172	0.961745
67	177	1.20004
68	29	1.09324
68	78	1.4367
68	96	0.908915
68	114	0.914241
68	134	0.9081
68	136	0.89529
68	138	0.925802
68	144	1.58344
68	148	0.929702
68	155	0.905105
68	166	0.97996
68	174	0.92244
68	175	0.919123
68	177	0.914346
68	178	0.920293
68	179	0.919361
68	180	0.917283
69	20	1.26924
69	46	0.853304
69	56	2.14558
69	112	1.68258
69	129	0.862739
69	152	0.854668
69	153	0.850021
69	160	0.850399
69	164	0.845891
69	166	0.843669
69	169	0.844555
69	173	0.854813
69	175	0.849388
69	176	0.847836
69	177	0.844611
69	178	0.850558
69	180	0.847548
70	24	0.875712
70	104	0.93979
70	114	0.919578
70	121	0.903624
70	122	0.86234
70	133	0.918733
70	134	0.913438
70	135	0.94748
70	136	0.900627
70	138	0.931139
70	140	0.935378
70	148	0.935039
70	150	1.07144
70	158	1.30435
70	165	0.917123
70	173	1.22817
70	176	1.50718
71	5	1.92614
71	44	1.43213
71	123	1.73901
71	159	0.859748
71	162	0.853097
71	163	0.841202
71	167	0.840283
71	168	0.860863
71	171	0.843631
71	173	0.855325
71	174	0.853216
71	175	0.8499
71	176	0.848347
71	177	0.845122
71	178	0.851069
71	179	0.850138
71	180	0.84806
72	58	1.8653
72	113	1.79517
72	128	0.847014
72	132	0.838341
72	143	1.73399
72	151	0.81739
72	155	0.826412
72	161	0.847131
72	162	0.843628
72	163	0.831732
72	169	0.835597
72	170	0.87151
72	173	0.845855
72	176	0.838878
72	177	0.835653
72	178	0.8416
72	179	0.840668
72	180	0.83859
73	16	0.873991
73	31	0.787051
73	36	0.854395
73	38	0.838731
73	42	0.858733
73	62	0.822058
73	80	0.843477
73	83	0.78586
73	84	0.846476
73	89	0.831073
73	102	0.810317
73	124	0.863865
73	132	1.65215
73	156	0.83296
73	162	1.82526
73	170	0.867684
73	172	0.88333
73	175	1.93044
74	49	1.71603
74	113	0.898395
74	141	0.911056
74	142	0.900423
74	143	0.90449
74	144	0.873289
74	146	0.894953
74	147	0.889687
74	149	0.901947
74	152	0.90412
74	153	0.899473
74	157	0.888136
74	159	1.2486
74	164	0.895343
74	166	0.893121
74	170	1.1163
74	172	0.945566
74	178	1.32705
75	8	0.855587
75	26	1.04621
75	37	0.843031
75	39	0.907377
75	41	0.915109
75	56	0.883563
75	64	1.10143
75	79	0.853243
75	87	1.43464
75	98	0.8892
75	100	0.880875
75	105	0.926474
75	106	0.910947
75	108	0.91051
75	118	0.886426
75	165	0.891444
75	175	1.38144
75	176	1.49066
76	92	0.889683
76	99	1.42588
76	125	0.870319
76	129	0.913739
76	139	0.914971
76	144	0.874838
76	146	0.896502
76	149	0.903496
76	152	0.905669
76	153	0.901022
76	157	0.889684
76	160	0.9014
76	164	0.896892
76	166	0.89467
76	167	1.32814
76	172	0.947115
76	177	1.45171
76	178	1.20509
77	60	1.8973
77	141	1.78984
77	158	0.841201
77	161	0.845026
77	162	0.841523
77	167	0.828709
77	169	0.833492
77	170	0.869405
77	171	0.832057
77	172	1.70773
77	173	0.843751
77	174	0.841642
77	175	0.838326
77	176	0.836773
77	177	0.833548
77	178	0.839496
77	179	0.838564
77	180	0.836486
78	59	0.95399
78	68	1.4367
78	93	0.891434
78	109	0.862512
78	111	0.865268
78	140	0.446457
78	141	0.917102
78	142	0.906469
78	143	0.910536
78	144	0.879335
78	146	0.901
78	147	0.895733
78	152	0.910166
78	160	0.905897
78	164	0.90139
78	166	0.899167
78	167	1.90468
78	168	1.61527
79	1	0.796795
79	17	2.11274
79	22	0.784799
79	26	0.980056
79	34	0.854708
79	37	0.776876
79	48	0.834087
79	59	0.932502
79	75	0.853243
79	98	0.823045
79	100	0.81472
79	105	0.860318
79	106	0.844792
79	118	0.820271
79	119	0.883792
79	132	2.35715
79	139	0.847208
79	165	0.825289
80	16	0.922424
80	23	1.17763
80	36	0.902829
80	42	0.907166
80	47	0.873604
80	62	0.870491
80	73	0.843477
80	83	0.834293
80	84	0.894909
80	89	0.879506
80	94	0.870981
80	102	0.85875
80	117	1.4702
80	124	0.912298
80	156	0.881394
80	170	0.916117
80	172	0.931763
80	176	1.48928
80	177	1.57129
81	5	0.84642
81	33	1.38128
81	67	0.925117
81	92	0.877557
81	111	0.848645
81	113	0.887818
81	128	1.38333
81	142	0.889846
81	143	0.893913
81	147	0.87911
81	152	0.893543
81	153	0.888897
81	157	0.877559
81	160	0.889274
81	164	0.884767
81	166	0.882544
81	168	1.40521
81	172	0.934989
81	174	1.53813
82	47	1.23325
82	51	0.885417
82	110	1.67871
82	131	0.882141
82	145	0.886046
82	147	1.37799
82	161	0.894248
82	162	0.890746
82	163	0.87885
82	165	1.40217
82	167	0.877932
82	168	0.898511
82	169	0.882715
82	174	0.890865
82	175	0.887548
82	177	0.882771
82	178	0.888718
82	179	0.887786
82	180	0.885708
83	15	0.883459
83	16	0.864806
83	31	0.777866
83	36	0.845211
83	42	0.849548
83	47	0.815987
83	62	0.812873
83	73	0.78586
83	80	0.834293
83	84	0.837291
83	89	0.821888
83	94	0.813363
83	95	1.69102
83	102	0.801133
83	128	1.92069
83	156	0.823776
83	163	2.09656
83	170	0.858499
83	172	0.874146
84	15	0.944075
84	31	0.838482
84	36	0.905827
84	38	0.890163
84	42	0.910164
84	47	0.876603
84	52	1.38467
84	62	0.873489
84	73	0.846476
84	80	0.894909
84	83	0.837291
84	89	0.882504
84	102	0.861748
84	156	0.884392
84	169	1.42838
84	170	0.919115
84	171	1.35015
84	172	0.934762
84	176	1.54487
85	135	1.1916
85	146	1.512
85	155	0.873933
85	157	1.47041
85	158	0.890826
85	159	0.897799
85	162	0.891149
85	163	0.879253
85	165	1.51536
85	167	0.878334
85	169	0.883118
85	173	0.893376
85	174	0.891268
85	175	0.887951
85	176	0.886399
85	177	0.883174
85	178	0.889121
85	179	0.888189
85	180	0.886111
86	12	1.53769
86	61	0.820704
86	90	0.833957
86	119	1.994
86	122	0.774545
86	133	0.830938
86	134	0.825643
86	140	0.847584
86	148	0.847245
86	161	0.843366
86	163	0.827968
86	164	2.16293
86	165	0.829329
86	171	0.830397
86	173	0.842091
86	175	0.836666
86	178	0.837836
86	179	0.836904
86	180	0.834826
87	75	1.43464
87	90	0.886829
87	107	0.895412
87	122	0.827417
87	132	0.887448
87	135	0.912557
87	136	0.865704
87	140	0.900455
87	143	1.51879
87	148	0.900116
87	159	0.899385
87	165	0.8822
87	166	1.43349
87	172	1.30532
87	175	0.889537
87	177	0.88476
87	178	0.890707
87	179	0.889775
87	180	0.887697
88	48	1.45508
88	100	1.51482
88	131	0.882476
88	135	1.35257
88	138	1.36913
88	151	0.864843
88	155	0.873865
88	163	0.879185
88	167	0.878267
88	168	0.898846
88	170	0.918963
88	171	0.881615
88	173	0.893308
88	174	0.8912
88	175	0.887883
88	176	0.886331
88	178	0.889053
88	179	0.888121
88	180	0.886043
89	15	0.928672
89	16	0.910019
89	31	0.823079
89	36	0.890424
89	38	0.87476
89	47	0.8612
89	66	1.51047
89	73	0.831073
89	80	0.879506
89	83	0.821888
89	84	0.882504
89	94	0.858576
89	95	1.2273
89	102	0.846345
89	124	0.899893
89	145	1.73981
89	156	0.868989
89	170	0.903712
89	172	0.919359
89	173	1.53081
90	11	0.939886
90	35	0.888889
90	60	0.867638
90	86	0.833957
90	87	0.886829
90	96	0.865249
90	114	0.870574
90	121	0.854621
90	123	0.853551
90	126	1.8812
90	133	0.869729
90	134	0.864434
90	135	0.898476
90	136	0.851623
90	138	0.882135
90	140	0.886374
90	148	0.886035
90	156	1.90982
90	172	0.354321
90	174	1.85992
91	32	1.90279
91	35	1.27736
91	38	1.19944
91	99	0.865864
91	144	1.61778
91	154	0.870007
91	155	0.863425
91	158	0.880318
91	161	0.884143
91	163	0.868745
91	167	0.867826
91	168	0.888406
91	169	0.87261
91	174	0.88076
91	175	0.877443
91	176	0.875891
91	177	0.872666
91	178	0.878613
91	179	0.877681
91	180	0.875603
92	25	0.810689
92	46	0.871376
92	51	1.85713
92	76	0.889683
92	81	0.877557
92	93	0.854007
92	113	0.867014
92	124	0.894719
92	125	0.837389
92	142	0.869042
92	144	0.841908
92	146	0.863573
92	147	0.858306
92	153	0.868093
92	157	0.856755
92	164	0.863963
92	165	0.792909
92	166	0.86174
92	170	1.72106
92	172	0.914185
92	178	1.93181
93	50	1.52701
93	78	0.891434
93	92	0.854007
93	109	0.822339
93	110	0.817989
93	116	1.72911
93	120	0.890242
93	124	0.891973
93	125	0.834642
93	141	0.876929
93	142	0.866295
93	146	0.860826
93	149	0.86782
93	150	1.39052
93	152	0.869993
93	153	0.865346
93	157	0.854008
93	160	0.865724
93	166	0.858994
93	172	0.911439
93	178	1.66165
94	48	1.66067
94	59	1.37327
94	80	0.870981
94	83	0.813363
94	89	0.858576
94	102	0.83782
94	124	0.891368
94	137	0.847114
94	142	1.65071
94	150	0.875572
94	156	0.860464
94	163	0.85541
94	166	1.60994
94	170	0.895187
94	172	0.910834
94	173	0.869533
94	176	0.862556
94	177	0.859331
94	178	0.865278
94	179	0.864346
94	180	0.862268
95	83	1.69102
95	89	1.2273
95	101	1.41122
95	104	1.10139
95	116	0.917805
95	126	0.931574
95	141	0.860923
95	154	0.913108
95	155	0.906526
95	162	0.923742
95	167	0.910928
95	169	0.915711
95	171	0.914276
95	173	0.925969
95	174	0.923861
95	175	0.920544
95	176	0.918992
95	177	0.915767
95	178	0.921714
95	179	0.920782
95	180	0.918704
96	44	0.886574
96	60	0.860139
96	68	0.908915
96	90	0.865249
96	112	0.870106
96	114	0.863075
96	121	0.847121
96	122	0.805837
96	123	0.846052
96	133	0.86223
96	134	0.856935
96	135	0.890977
96	136	0.844124
96	137	1.72367
96	138	0.874636
96	140	0.878875
96	148	0.878536
96	165	0.86062
96	167	1.71941
96	170	1.38561
96	173	1.48196
97	34	1.46541
97	136	1.74973
97	139	1.47353
97	150	0.874721
97	154	0.855821
97	157	1.60319
97	158	0.866132
97	159	0.873105
97	161	0.869958
97	162	0.866455
97	163	0.854559
97	168	0.87422
97	171	0.856989
97	173	0.868682
97	174	0.866574
97	175	0.863257
97	176	0.861705
97	177	0.85848
97	178	0.864427
97	179	0.863495
97	180	0.861417
98	1	0.832753
98	22	0.820757
98	34	0.890666
98	37	0.812834
98	39	0.87718
98	41	0.884912
98	48	0.870045
98	56	0.853366
98	75	0.8892
98	79	0.823045
98	100	0.850678
98	105	0.896276
98	106	0.88075
98	108	0.880313
98	118	0.856229
98	119	0.91975
98	161	1.58834
98	163	1.54984
98	165	0.861247
98	169	1.61033
98	178	1.56221
99	57	1.79922
99	76	1.42588
99	91	0.865864
99	105	1.42701
99	114	1.64228
99	127	0.84118
99	128	0.873169
99	150	0.87805
99	154	0.859149
99	155	0.852568
99	161	0.873286
99	169	0.861752
99	171	0.860317
99	173	0.872011
99	174	0.869902
99	175	0.866586
99	176	0.865033
99	177	0.861808
99	178	0.867755
99	179	0.866824
99	180	0.864746
100	1	0.824428
100	8	0.817064
100	14	0.822588
100	34	0.88234
100	37	0.804508
100	41	0.876586
100	48	0.86172
100	56	0.84504
100	75	0.880875
100	79	0.81472
100	88	1.51482
100	98	0.850678
100	105	0.887951
100	106	0.872424
100	108	0.871987
100	118	0.847903
100	119	0.911425
100	139	0.874841
100	151	1.8115
100	165	0.852921
100	176	1.59997
100	177	1.68198
101	13	0.923773
101	25	0.801922
101	52	0.855991
101	95	1.41122
101	110	0.811968
101	111	0.819074
101	113	0.858247
101	130	0.836916
101	141	0.870908
101	142	0.860275
101	143	0.864342
101	147	0.849539
101	149	0.861799
101	152	0.863972
101	157	0.847987
101	160	0.859703
101	162	1.77934
101	164	0.855195
101	166	0.852973
101	170	1.61838
101	171	1.79902
101	172	0.905418
102	15	0.907917
102	16	0.889264
102	31	0.802323
102	36	0.869668
102	38	0.854004
102	42	0.874005
102	47	0.840444
102	62	0.83733
102	73	0.810317
102	80	0.85875
102	83	0.801133
102	84	0.861748
102	89	0.846345
102	94	0.83782
102	124	0.879137
102	155	1.86805
102	156	0.848233
102	158	1.53138
102	159	1.49114
102	170	0.882957
102	172	0.898603
102	180	1.72013
103	11	1.44774
103	26	1.41533
103	36	1.77611
103	108	1.95803
103	145	0.855622
103	151	0.834085
103	158	0.86
103	161	0.863825
103	162	0.860322
103	163	0.848427
103	167	0.847508
103	168	0.868088
103	169	0.852291
103	171	0.850856
103	173	0.86255
103	174	0.860441
103	175	0.857125
103	176	0.855572
103	177	0.852347
103	178	0.858294
103	179	0.857363
103	180	0.855285
104	17	1.052
104	20	0.93379
104	21	0.930845
104	35	0.906927
104	61	0.877533
104	70	0.93979
104	95	1.10139
104	112	0.895644
104	114	0.888613
104	121	0.872659
104	122	0.831374
104	123	0.87159
104	133	0.887767
104	134	0.882472
104	135	0.916514
104	136	0.869662
104	138	0.900174
104	140	0.904413
104	148	0.904074
104	156	1.53576
104	165	0.886158
104	177	1.76592
104	179	1.45301
105	1	0.870027
105	8	0.862663
105	14	0.868186
105	22	0.85803
105	34	0.927939
105	37	0.850107
105	39	0.914453
105	41	0.922185
105	48	0.907319
105	75	0.926474
105	79	0.860318
105	98	0.896276
105	99	1.42701
105	100	0.887951
105	106	0.918023
105	108	0.917586
105	117	1.35176
105	118	0.893502
105	139	0.92044
105	145	1.30083
105	154	1.37875
105	165	0.89852
105	177	1.45285
106	1	0.8545
106	8	0.847136
106	22	0.842504
106	34	0.912413
106	37	0.834581
106	39	0.898927
106	41	0.906659
106	48	0.891792
106	56	0.875113
106	75	0.910947
106	79	0.844792
106	98	0.88075
106	100	0.872424
106	105	0.918023
106	108	0.90206
106	118	0.877976
106	119	0.941497
106	126	1.37598
106	139	0.904913
106	154	1.56066
106	165	0.882994
106	167	1.51119
106	175	1.44354
106	179	1.32185
107	34	1.36703
107	87	0.895412
107	126	0.89507
107	127	0.858634
107	131	0.878633
107	136	1.65135
107	149	1.38733
107	152	1.41076
107	158	0.886915
107	159	0.893888
107	160	1.37269
107	161	0.890741
107	167	0.874424
107	168	0.895003
107	169	0.879207
107	171	0.877772
107	173	0.889465
107	174	0.887357
107	175	0.88404
107	176	0.882488
107	177	0.879263
107	178	0.88521
107	179	0.884278
107	180	0.8822
108	1	0.854063
108	8	0.846699
108	14	0.852223
108	22	0.842067
108	30	1.22304
108	34	0.911976
108	37	0.834144
108	39	0.898489
108	41	0.906221
108	48	0.891355
108	56	0.874676
108	75	0.91051
108	98	0.880313
108	100	0.871987
108	103	1.95803
108	105	0.917586
108	106	0.90206
108	118	0.877539
108	119	0.94106
108	139	0.904476
108	161	1.37501
108	163	1.33651
108	165	0.882556
108	174	1.31545
109	6	0.901334
109	13	0.900872
109	78	0.862512
109	93	0.822339
109	110	0.789067
109	124	0.863051
109	125	0.805721
109	127	1.9515
109	129	0.849142
109	130	0.814015
109	144	0.81024
109	146	0.831904
109	147	0.826638
109	149	0.838898
109	152	0.841071
109	153	0.836424
109	157	0.825087
109	159	1.76112
109	160	0.836802
109	164	0.832294
109	166	0.830072
109	172	0.882517
109	173	1.72516
109	179	1.77328
110	26	0.978871
110	67	0.868295
110	82	1.67871
110	93	0.817989
110	101	0.811968
110	109	0.789067
110	124	0.858701
110	129	0.844792
110	141	0.843657
110	142	0.833024
110	143	0.837091
110	144	0.80589
110	147	0.822288
110	149	0.834548
110	152	0.836721
110	153	0.832074
110	157	0.820737
110	159	1.79495
110	160	0.832452
110	163	1.86103
110	164	0.827944
110	166	0.825722
110	172	0.878167
110	178	1.8734
111	46	0.842463
111	78	0.865268
111	81	0.848645
111	101	0.819074
111	113	0.838102
111	116	1.89035
111	125	0.808476
111	129	0.851897
111	130	0.81677
111	141	0.850763
111	142	0.840129
111	143	0.844197
111	146	0.83466
111	147	0.829394
111	149	0.841654
111	152	0.843827
111	153	0.83918
111	157	0.827842
111	160	0.839558
111	166	0.832828
111	168	1.65653
111	169	1.87101
111	171	1.79279
111	172	0.885272
112	21	0.917663
112	24	0.831565
112	35	0.893746
112	44	0.89893
112	57	0.870704
112	61	0.864351
112	65	0.866038
112	69	1.68258
112	96	0.870106
112	104	0.895644
112	114	0.875431
112	121	0.859478
112	122	0.818193
112	123	0.858408
112	133	0.874586
112	134	0.869291
112	135	0.903333
112	136	0.85648
112	138	0.886992
112	140	0.891231
112	148	0.890892
112	156	1.7416
112	165	0.872976
112	168	1.55878
112	179	1.65885
113	3	0.842037
113	14	1.76966
113	64	1.24677
113	67	0.914574
113	72	1.79517
113	74	0.898395
113	81	0.887818
113	92	0.867014
113	101	0.858247
113	111	0.838102
113	120	0.903249
113	129	0.89107
113	130	0.855944
113	142	0.879303
113	143	0.88337
113	144	0.852169
113	146	0.873833
113	147	0.868567
113	152	0.883
113	153	0.878353
113	158	1.43316
113	160	0.878731
113	164	0.874223
113	166	0.872001
113	170	1.26063
114	20	0.913578
114	35	0.886715
114	57	0.863674
114	68	0.914241
114	70	0.919578
114	90	0.870574
114	96	0.863075
114	99	1.64228
114	104	0.888613
114	112	0.875431
114	121	0.852447
114	122	0.811162
114	123	0.851378
114	133	0.867555
114	134	0.86226
114	135	0.896302
114	136	0.84945
114	138	0.879961
114	140	0.8842
114	148	0.883862
114	155	1.71995
114	162	1.37171
114	165	0.865945
114	178	1.4215
114	179	1.35521
115	6	1.41961
115	45	1.52888
115	54	0.858744
115	145	0.87374
115	150	0.886707
115	151	0.852203
115	153	1.62361
115	154	0.867806
115	158	0.878118
115	159	0.885091
115	163	0.866545
115	164	1.52005
115	167	0.865626
115	168	0.886206
115	170	0.906322
115	171	0.868974
115	172	1.40005
115	173	0.880668
115	174	0.878559
115	175	0.875243
115	176	0.87369
115	177	0.870465
115	178	0.876412
115	179	0.875481
115	180	0.873403
116	67	1.02088
116	93	1.72911
116	95	0.917805
116	111	1.89035
116	128	0.88201
116	137	0.858432
116	143	1.47765
116	148	1.37644
116	151	0.852386
116	155	0.861408
116	159	0.885274
116	162	0.878623
116	163	0.866728
116	167	0.865809
116	168	0.886389
116	169	0.870592
116	171	0.869157
116	173	0.880851
116	174	0.878742
116	175	0.875426
116	176	0.873873
116	177	0.870649
116	178	0.876596
116	179	0.875664
116	180	0.873586
117	80	1.4702
117	105	1.35176
117	130	1.68577
117	135	1.41864
117	137	0.858157
117	150	0.886615
117	156	0.871507
117	158	0.878026
117	159	0.884999
117	160	1.56532
117	161	0.881852
117	162	0.878349
117	163	0.866453
117	167	0.865535
117	168	0.886114
117	169	0.870318
117	171	0.868883
117	173	0.880576
117	174	0.878468
117	175	0.875151
117	176	0.873599
117	177	0.870374
117	178	0.876321
117	179	0.875389
117	180	0.873311
118	1	0.829979
118	8	0.822615
118	14	0.828139
118	22	0.817983
118	26	1.01324
118	34	0.887892
118	37	0.81006
118	39	0.874405
118	41	0.882138
118	43	1.2591
118	48	0.867271
118	56	0.850592
118	75	0.886426
118	79	0.820271
118	98	0.856229
118	100	0.847903
118	105	0.893502
118	106	0.877976
118	108	0.877539
118	119	0.916976
118	137	1.72446
118	139	0.880392
118	163	1.58477
118	165	0.858473
118	169	1.64527
118	178	1.59715
119	13	0.994412
119	25	0.872561
119	39	0.937927
119	55	0.898516
119	56	0.914113
119	58	0.907001
119	79	0.883792
119	86	1.994
119	98	0.91975
119	100	0.911425
119	106	0.941497
119	108	0.94106
119	118	0.916976
119	125	0.899261
119	126	1.13564
119	129	0.942682
119	132	0.924908
119	143	0.934981
119	144	0.90378
119	149	0.932438
119	156	1.16426
119	164	0.925834
119	165	0.921994
119	168	0.981434
119	176	1.31241
120	10	1.72222
120	19	0.931987
120	25	0.846924
120	46	0.907611
120	50	1.17102
120	58	0.881364
120	67	0.940548
120	93	0.890242
120	113	0.903249
120	125	0.873624
120	130	0.881918
120	139	0.918276
120	141	0.91591
120	142	0.905277
120	143	0.909344
120	144	0.878143
120	145	1.40025
120	146	0.899808
120	149	0.906801
120	152	0.908974
120	153	0.904328
120	156	1.32211
120	157	0.89299
120	160	0.904705
120	162	1.25586
120	166	0.897975
120	179	1.23936
121	4	0.923712
121	14	1.8248
121	20	0.897624
121	24	0.808581
121	35	0.870761
121	44	0.875946
121	60	0.849511
121	61	0.841367
121	70	0.903624
121	90	0.854621
121	96	0.847121
121	104	0.872659
121	112	0.859478
121	114	0.852447
121	122	0.795208
121	123	0.835424
121	133	0.851602
121	134	0.846307
121	135	0.880349
121	136	0.833496
121	138	0.864008
121	140	0.868247
121	148	0.867908
121	156	1.54297
121	162	1.47672
121	174	1.49307
121	177	1.77313
122	4	0.882427
122	11	0.880474
122	20	0.856339
122	21	0.853394
122	24	0.767296
122	60	0.808226
122	70	0.86234
122	86	0.774545
122	87	0.827417
122	96	0.805837
122	104	0.831374
122	112	0.818193
122	114	0.811162
122	121	0.795208
122	123	0.794139
122	133	0.810317
122	134	0.805022
122	135	0.839064
122	136	0.792211
122	138	0.822723
122	140	0.826962
122	148	0.826623
122	158	2.01661
122	161	2.08095
122	165	0.808707
122	171	2.02472
122	179	1.98854
123	4	0.922643
123	11	0.92069
123	20	0.896555
123	21	0.89361
123	24	0.807512
123	57	0.846651
123	60	0.848442
123	71	1.73901
123	90	0.853551
123	96	0.846052
123	104	0.87159
123	112	0.858408
123	114	0.851378
123	121	0.835424
123	122	0.794139
123	126	1.54644
123	133	0.850532
123	134	0.845237
123	135	0.879279
123	136	0.832427
123	137	1.68591
123	138	0.862939
123	140	0.867178
123	148	0.866839
123	165	0.848923
123	174	1.52515
123	175	1.614
124	36	0.923216
124	38	0.907552
124	47	0.893992
124	66	1.24911
124	73	0.863865
124	80	0.912298
124	89	0.899893
124	92	0.894719
124	93	0.891973
124	94	0.891368
124	102	0.879137
124	109	0.863051
124	110	0.858701
124	141	0.917641
124	147	0.896272
124	149	0.908532
124	152	0.910705
124	156	0.901781
124	157	0.894721
124	158	1.34564
124	159	1.3054
124	161	1.40998
124	163	1.37148
124	164	0.901928
124	169	1.43197
124	170	0.936504
124	172	0.952151
125	13	0.913176
125	19	0.876388
125	28	1.49013
125	45	0.861901
125	46	0.852011
125	59	0.897199
125	76	0.870319
125	92	0.837389
125	93	0.834642
125	109	0.805721
125	111	0.808476
125	119	0.899261
125	120	0.873624
125	130	0.826318
125	131	1.88794
125	142	0.849677
125	143	0.853745
125	144	0.822544
125	146	0.844208
125	149	0.851202
125	153	0.848728
125	157	0.83739
125	160	0.849106
125	164	0.844598
125	166	0.842376
125	168	1.62691
125	173	1.67887
125	179	1.72699
126	19	1.27383
126	90	1.8812
126	95	0.931574
126	106	1.37598
126	107	0.89507
126	119	1.13564
126	123	1.54644
126	128	0.895778
126	151	0.866155
126	154	0.881758
126	155	0.875177
126	158	0.892069
126	161	0.895895
126	162	0.892392
126	163	0.880496
126	167	0.879578
126	168	0.900157
126	169	0.884361
126	170	0.920274
126	171	0.882926
126	172	1.18457
126	173	0.894619
126	174	0.892511
126	176	0.887642
126	177	0.884417
126	178	0.890364
126	179	0.889433
126	180	0.887354
127	19	1.39792
127	38	1.62196
127	46	1.61549
127	99	0.84118
127	107	0.858634
127	109	1.9515
127	132	0.85067
127	136	1.81039
127	145	0.851257
127	150	0.864223
127	151	0.829719
127	154	0.845323
127	158	0.855634
127	159	0.862607
127	161	0.85946
127	162	0.855957
127	167	0.843143
127	168	0.863722
127	169	0.847926
127	171	0.846491
127	173	0.858184
127	174	0.856076
127	175	0.852759
127	176	0.851207
127	177	0.847982
127	178	0.853929
127	179	0.852997
127	180	0.850919
128	42	1.12749
128	72	0.847014
128	81	1.38333
128	83	1.92069
128	99	0.873169
128	116	0.88201
128	126	0.895778
128	129	1.13433
128	132	0.88266
128	133	1.38605
128	144	1.74013
128	145	0.883246
128	154	0.877312
128	158	0.887624
128	159	0.894597
128	161	0.891449
128	162	0.887946
128	163	0.876051
128	167	0.875132
128	168	0.895712
128	169	0.879915
128	171	0.87848
128	173	0.890174
128	175	0.884749
128	176	0.883196
128	177	0.879971
128	178	0.885918
128	179	0.884987
128	180	0.882909
129	2	1.78263
129	7	0.855721
129	12	0.937469
129	32	0.837143
129	55	0.8607
129	58	0.869186
129	69	0.862739
129	76	0.913739
129	109	0.849142
129	110	0.844792
129	111	0.851897
129	113	0.89107
129	119	0.942682
129	128	1.13433
129	130	0.869739
129	141	0.903732
129	143	0.897166
129	147	0.882362
129	149	0.894623
129	151	1.69871
129	152	0.896796
129	153	0.892149
129	157	0.880811
129	159	1.24412
129	160	0.892526
129	164	0.888019
129	166	0.885797
129	175	1.37797
129	180	1.4731
130	6	0.921931
130	7	0.820594
130	25	0.799619
130	32	0.802017
130	40	2.16745
130	57	0.84678
130	58	0.834059
130	63	1.8119
130	101	0.836916
130	109	0.814015
130	111	0.81677
130	113	0.855944
130	117	1.68577
130	120	0.881918
130	125	0.826318
130	129	0.869739
130	142	0.857971
130	144	0.830838
130	146	0.852502
130	147	0.847236
130	149	0.859496
130	152	0.861669
130	153	0.857022
130	157	0.845684
130	160	0.8574
130	161	1.56637
130	164	0.852892
130	166	0.85067
130	179	1.47395
131	51	0.870626
131	82	0.882141
131	88	0.882476
131	107	0.878633
131	125	1.88794
131	132	0.870668
131	134	1.61636
131	135	1.36777
131	145	0.871255
131	148	1.40364
131	154	0.865321
131	158	0.875632
131	159	0.882606
131	161	0.879458
131	162	0.875955
131	163	0.864059
131	166	1.41956
131	167	0.863141
131	168	0.88372
131	169	0.867924
131	170	0.903837
131	171	0.866489
131	172	1.29139
131	173	0.878182
131	174	0.876074
131	175	0.872757
131	176	0.871205
131	178	0.873927
131	179	0.872996
131	180	0.870917
132	4	1.02593
132	72	0.838341
132	73	1.65215
132	79	2.35715
132	87	0.887448
132	119	0.924908
132	127	0.85067
132	128	0.88266
132	131	0.870668
132	137	0.859082
132	144	1.70548
132	145	0.874573
132	150	0.88754
132	157	1.32902
132	158	0.878951
132	159	0.885924
132	161	0.882776
132	162	0.879274
132	163	0.867378
132	167	0.866459
132	168	0.887039
132	169	0.871243
132	170	0.907155
132	171	0.869807
132	174	0.879393
132	176	0.874524
132	177	0.871299
132	178	0.877246
132	179	0.876314
132	180	0.874236
133	4	0.93882
133	11	0.936867
133	33	1.384
133	35	0.88587
133	44	0.891054
133	45	0.886244
133	60	0.864619
133	61	0.856475
133	70	0.918733
133	86	0.830938
133	90	0.869729
133	96	0.86223
133	104	0.887767
133	112	0.874586
133	114	0.867555
133	121	0.851602
133	122	0.810317
133	123	0.850532
133	128	1.38605
133	134	0.861415
133	135	0.895457
133	136	0.848604
133	138	0.879116
133	140	0.883355
133	148	0.883016
133	158	1.53608
133	165	0.8651
133	169	1.62242
133	178	1.57429
133	179	1.50801
134	4	0.933525
134	20	0.907437
134	24	0.818394
134	44	0.885759
134	45	0.880949
134	60	0.859324
134	61	0.85118
134	68	0.9081
134	70	0.913438
134	86	0.825643
134	90	0.864434
134	96	0.856935
134	104	0.882472
134	112	0.869291
134	114	0.86226
134	121	0.846307
134	122	0.805022
134	123	0.845237
134	131	1.61636
134	133	0.861415
134	135	0.890162
134	136	0.843309
134	138	0.873821
134	140	0.87806
134	145	1.61629
134	148	0.877721
134	158	1.48348
134	165	0.859805
134	168	1.35533
134	169	1.56982
134	180	1.67223
135	4	0.967567
135	11	0.965614
135	21	0.938534
135	24	0.852436
135	35	0.914617
135	45	0.914991
135	60	0.893366
135	70	0.94748
135	85	1.1916
135	87	0.912557
135	88	1.35257
135	90	0.898476
135	96	0.890977
135	104	0.916514
135	112	0.903333
135	114	0.896302
135	117	1.41864
135	121	0.880349
135	122	0.839064
135	123	0.879279
135	131	1.36777
135	133	0.895457
135	134	0.890162
135	136	0.877351
135	138	0.907863
135	140	0.912102
135	148	0.911763
135	161	1.29923
135	165	0.893847
135	173	1.15871
135	177	1.51973
136	4	0.920714
136	11	0.918762
136	21	0.891682
136	35	0.867764
136	44	0.872949
136	52	1.70287
136	57	0.844723
136	60	0.846513
136	61	0.83837
136	65	0.839351
136	68	0.89529
136	70	0.900627
136	87	0.865704
136	90	0.851623
136	96	0.844124
136	97	1.74973
136	104	0.869662
136	107	1.65135
136	112	0.85648
136	114	0.84945
136	121	0.833496
136	122	0.792211
136	123	0.832427
136	127	1.81039
136	133	0.848604
136	134	0.843309
136	135	0.877351
136	138	0.86101
136	140	0.86525
136	148	0.864911
136	165	0.846995
136	180	1.84899
137	33	0.896101
137	94	0.847114
137	96	1.72367
137	116	0.858432
137	117	0.858157
137	118	1.72446
137	123	1.68591
137	132	0.859082
137	149	1.56174
137	151	0.838131
137	155	0.847153
137	156	0.857527
137	158	0.864046
137	159	0.871019
137	161	0.867871
137	162	0.864368
137	163	0.852473
137	164	1.44403
137	166	1.4522
137	167	0.851554
137	168	0.872134
137	169	0.856338
137	170	0.89225
137	171	0.854902
137	173	0.866596
137	174	0.864488
