1	8	0.741672
1	16	0.710402
1	18	0.533102
1	19	0.615719
1	24	0.614651
1	34	0.684133
1	37	1.29888
1	38	0.691401
1	93	0.672192
1	99	1.21592
1	118	0.679182
1	167	6.40644
2	20	0.698001
2	44	0.815823
2	66	0.826533
2	68	0.762329
2	74	0.794641
2	84	0.787636
2	88	0.783565
2	110	2.20182
2	113	0.808908
2	124	0.799354
2	163	3.82122
2	176	0.723555
3	14	0.802603
3	22	0.869204
3	35	0.862079
3	50	0.846124
3	51	0.822768
3	59	0.832322
3	61	0.822205
3	69	0.876159
3	73	0.875915
3	123	0.784564
3	179	3.79818
3	180	4.45591
4	7	0.986595
4	9	0.953835
4	15	0.833987
4	54	0.8467
4	56	0.861463
4	57	0.784709
4	75	0.892795
4	117	1.61611
4	144	0.780629
4	152	0.786086
4	160	3.86514
4	178	0.751931
5	6	0.842938
5	17	0.830253
5	23	0.747629
5	30	0.812909
5	42	0.878083
5	45	0.879245
5	48	0.879832
5	49	0.879698
5	108	2.46376
5	146	3.7193
5	150	0.770531
5	155	0.768215
6	5	0.842938
6	17	0.82812
6	23	0.745497
6	30	0.810777
6	42	0.875951
6	45	0.877113
6	48	0.877699
6	49	0.877566
6	129	2.55976
6	141	2.79642
6	150	0.768399
6	155	0.766083
7	4	0.986595
7	52	0.98948
7	54	0.986218
7	57	0.924227
7	75	1.03231
7	125	4.15282
7	144	0.920148
7	152	0.925605
7	163	1.88924
7	177	2.37191
7	178	0.89145
8	1	0.741672
8	16	1.04221
8	18	0.864914
8	19	0.94753
8	24	0.946462
8	34	1.01594
8	37	0.782048
8	38	1.02321
8	77	1.90204
8	116	0.690083
8	118	1.01099
8	162	4.44264
9	4	0.953835
9	52	0.95672
9	54	0.953459
9	56	0.968222
9	57	0.891468
9	75	0.999554
9	144	0.887389
9	146	1.39444
9	152	0.892845
9	164	3.22719
9	168	3.98816
9	178	0.85869
10	29	0.784965
10	32	0.786687
10	43	0.845646
10	64	0.819317
10	79	0.808408
10	82	0.855714
10	87	0.855963
10	89	0.855777
10	92	0.901779
10	116	0.826569
10	121	2.03588
10	131	2.85416
11	12	0.927514
11	23	0.841602
11	30	0.906881
11	31	4.2
11	42	0.972055
11	45	0.973218
11	48	0.973804
11	49	0.973671
11	115	3.40299
11	126	2.73468
11	150	0.864503
11	155	0.862188
12	11	0.927514
12	17	0.818723
12	23	0.7361
12	30	0.801379
12	42	0.866553
12	45	0.867716
12	48	0.868302
12	49	0.868169
12	118	2.10874
12	148	2.69872
12	150	0.759001
12	155	0.756686
13	22	0.932222
13	35	0.925097
13	40	0.908171
13	50	0.909142
13	51	0.885786
13	59	0.89534
13	61	0.885223
13	69	0.939177
13	73	0.938933
13	108	1.70645
13	123	0.847582
13	134	1.45873
13	164	4.79473
14	3	0.802603
14	40	0.843823
14	50	0.844795
14	51	0.821438
14	59	0.830993
14	61	0.820875
14	69	0.87483
14	73	0.874586
14	97	0.725209
14	100	0.818229
14	120	1.40756
14	123	0.783235
14	164	5.55067
15	4	0.833987
15	52	0.836872
15	54	0.833611
15	56	0.848374
15	57	0.77162
15	75	0.879706
15	94	0.862887
15	113	0.8738
15	118	1.42251
15	144	0.76754
15	151	6.55902
15	152	0.772997
15	178	0.738842
16	1	0.710402
16	8	1.04221
16	18	0.833643
16	19	0.91626
16	24	0.915192
16	34	0.984674
16	37	0.750778
16	38	0.991942
16	99	0.841224
16	118	0.979723
16	152	3.23025
16	163	2.63659
16	180	5.61446
17	5	0.830253
17	6	0.82812
17	12	0.818723
17	23	0.732811
17	30	0.798091
17	42	0.863265
17	45	0.864427
17	48	0.865014
17	49	0.86488
17	150	0.755713
17	155	0.753397
17	158	1.94561
17	167	6.55613
18	1	0.533102
18	8	0.864914
18	16	0.833643
18	19	0.73896
18	24	0.737892
18	34	0.807375
18	37	1.42212
18	38	0.814642
18	93	0.795434
18	99	0.663925
18	118	0.802423
18	132	1.82224
18	162	4.65912
19	1	0.615719
19	8	0.94753
19	16	0.91626
19	18	0.73896
19	24	0.820509
19	34	0.889992
19	37	0.656095
19	38	0.897259
19	93	0.87805
19	99	0.746542
19	118	0.88504
19	163	3.26226
19	176	3.78791
20	2	0.698001
20	27	0.803206
20	44	0.822709
20	66	0.833419
20	68	0.769215
20	74	0.801527
20	84	0.794523
20	88	0.790451
20	119	0.67545
20	124	0.80624
20	147	4.44521
20	169	3.90143
20	176	0.730441
21	27	0.96242
21	62	1.00836
21	66	0.955183
21	68	0.928428
21	72	0.974686
21	74	0.96074
21	84	0.953736
21	88	0.949664
21	106	1.69111
21	119	0.834664
21	135	1.81748
21	168	4.97047
21	176	0.889655
22	3	0.869204
22	13	0.932222
22	35	0.927349
22	50	0.911395
22	51	0.888039
22	59	0.897593
22	61	0.887475
22	69	0.94143
22	73	0.941186
22	123	0.849835
22	168	3.32606
22	177	2.78786
22	179	4.66351
23	5	0.747629
23	6	0.745497
23	11	0.841602
23	12	0.7361
23	17	0.732811
23	30	0.715468
23	42	0.780642
23	45	0.781804
23	48	0.78239
23	49	0.782257
23	142	6.07638
23	150	0.67309
23	155	0.670774
24	1	0.614651
24	8	0.946462
24	16	0.915192
24	18	0.737892
24	19	0.820509
24	34	0.888924
24	37	0.655027
24	38	0.896191
24	93	0.876982
24	99	0.745473
24	107	2.44332
24	112	2.89347
24	118	0.883972
25	29	0.753403
25	32	0.755126
25	41	0.81709
25	63	0.787652
25	64	0.787756
25	67	0.79749
25	76	0.841295
25	79	0.776846
25	82	0.824153
25	87	0.824402
25	89	0.824215
25	92	0.870217
25	153	4.91332
25	176	2.67274
26	36	0.949416
26	39	0.852104
26	46	0.927282
26	47	0.920209
26	53	0.911229
26	55	0.912732
26	65	0.972654
26	100	0.893706
26	126	0.884402
26	147	4.54249
26	169	3.99872
26	176	1.65931
26	179	0.822717
26	180	0.814278
27	20	0.803206
27	21	0.96242
27	44	0.921028
27	62	0.947467
27	68	0.867534
27	72	0.913792
27	74	0.899846
27	84	0.892842
27	88	0.88877
27	110	2.00027
27	124	0.904559
27	169	5.13091
27	176	0.82876
27	177	2.74852
28	29	0.760401
28	32	0.762124
28	41	0.824088
28	63	0.794649
28	64	0.794753
28	67	0.804488
28	79	0.783844
28	82	0.83115
28	87	0.831399
28	89	0.831213
28	92	0.877215
28	116	0.802005
28	133	2.02207
28	178	8.94626
29	10	0.784965
29	25	0.753403
29	28	0.760401
29	41	0.826877
29	43	0.82387
29	63	0.797438
29	67	0.807276
29	71	2.1379
29	79	0.786633
29	82	0.833939
29	87	0.834188
29	89	0.834002
29	92	0.880003
29	138	5.30853
30	5	0.812909
30	6	0.810777
30	11	0.906881
30	12	0.801379
30	17	0.798091
30	23	0.715468
30	42	0.845921
30	45	0.847084
30	48	0.84767
30	49	0.847536
30	127	2.34436
30	149	4.5277
30	150	0.738369
30	155	0.736054
31	11	4.2
31	127	0.799134
31	148	0.827114
31	151	0.725649
31	155	0.709358
31	156	0.768295
31	159	0.74136
31	162	0.743055
31	165	0.699501
31	169	0.73294
31	171	0.731387
31	173	0.713264
31	176	0.741675
31	179	0.71028
32	10	0.786687
32	25	0.755126
32	28	0.762124
32	43	0.825593
32	63	0.79916
32	64	0.799264
32	67	0.808999
32	79	0.788355
32	82	0.835661
32	87	0.83591
32	89	0.835724
32	92	0.881726
32	170	3.87787
32	177	3.19897
33	58	0.783377
33	81	0.735933
33	85	1.46215
33	86	0.792357
33	90	0.79331
33	91	0.762288
33	96	0.763059
33	98	0.767815
33	102	0.757492
33	105	0.796629
33	151	5.06811
33	159	3.291
33	168	0.667403
33	177	0.694636
34	1	0.684133
34	8	1.01594
34	16	0.984674
34	18	0.807375
34	19	0.889992
34	24	0.888924
34	37	0.724509
34	38	0.965674
34	93	0.946465
34	95	2.64987
34	99	0.814956
34	118	0.953454
34	125	2.61111
34	145	6.64557
35	3	0.862079
35	13	0.925097
35	22	0.927349
35	40	0.903298
35	51	0.880914
35	59	0.890468
35	61	0.88035
35	69	0.934305
35	73	0.934061
35	97	0.784684
35	122	5.55068
35	123	0.84271
35	129	1.50395
35	160	2.06922
36	26	0.949416
36	39	0.849291
36	46	0.924469
36	47	0.917396
36	53	0.908416
36	55	0.909919
36	65	0.969842
36	99	0.809055
36	118	1.34062
36	126	0.88159
36	153	4.21596
36	154	4.31762
36	179	0.819904
36	180	0.811465
37	1	1.29888
37	8	0.782048
37	16	0.750778
37	18	1.42212
37	19	0.656095
37	24	0.655027
37	34	0.724509
37	38	0.731777
37	93	0.712568
37	99	1.29737
37	118	0.719558
37	151	2.47288
37	172	6.445
37	180	3.70993
38	1	0.691401
38	8	1.02321
38	16	0.991942
38	18	0.814642
38	19	0.897259
38	24	0.896191
38	34	0.965674
38	37	0.731777
38	93	0.953732
38	99	0.822224
38	101	1.80124
38	118	0.960722
38	162	3.19051
38	171	5.30984
39	26	0.852104
39	36	0.849291
39	46	0.827157
39	47	0.820084
39	53	0.811104
39	55	0.812607
39	65	0.872529
39	93	0.843251
39	99	0.711743
39	100	0.793581
39	119	7.8
39	126	0.784277
39	141	3.21419
39	179	0.722592
39	180	0.714153
40	13	0.908171
40	14	0.843823
40	35	0.903298
40	50	0.887344
40	51	0.863988
40	59	0.873542
40	61	0.863424
40	69	0.917379
40	73	0.917135
40	97	0.767758
40	100	0.860778
40	109	1.9535
40	123	0.825784
40	131	1.96863
40	156	3.644
41	25	0.81709
41	28	0.824088
41	29	0.826877
41	63	0.861125
41	64	0.861229
41	67	0.870963
41	79	0.850319
41	82	0.897626
41	87	0.897875
41	89	0.897688
41	92	0.94369
41	116	0.868481
41	133	1.19901
41	156	2.34144
41	171	6.16495
42	5	0.878083
42	6	0.875951
42	11	0.972055
42	12	0.866553
42	17	0.863265
42	23	0.780642
42	30	0.845921
42	45	0.912258
42	48	0.912844
42	49	0.91271
42	71	2.9621
42	109	2.10557
42	111	2.92622
42	150	0.803543
42	155	0.801228
43	10	0.845646
43	29	0.82387
43	32	0.825593
43	63	0.858119
43	64	0.858223
43	67	0.867957
43	79	0.847313
43	82	0.89462
43	87	0.894869
43	89	0.894682
43	92	0.940684
43	97	6.6
43	116	0.865475
43	144	2.67046
43	171	2.78706
44	2	0.815823
44	20	0.822709
44	27	0.921028
44	62	0.96697
44	66	0.913791
44	72	0.933294
44	74	0.919348
44	76	0.939752
44	84	0.912344
44	88	0.908272
44	124	0.924061
44	126	2.74966
44	148	1.52375
44	160	3.31805
44	176	0.848263
45	5	0.879245
45	6	0.877113
45	11	0.973218
45	12	0.867716
45	17	0.864427
45	23	0.781804
45	30	0.847084
45	42	0.912258
45	48	0.914006
45	49	0.913873
45	134	1.98364
45	135	1.70424
45	139	6.40843
45	150	0.804706
45	155	0.80239
46	26	0.927282
46	36	0.924469
46	39	0.827157
46	47	0.895262
46	53	0.886281
46	55	0.887785
46	65	0.947707
46	99	0.78692
46	100	0.868759
46	126	0.859455
46	131	1.58353
46	153	4.97072
46	158	3.80334
46	179	0.79777
46	180	0.789331
47	26	0.920209
47	36	0.917396
47	39	0.820084
47	46	0.895262
47	53	0.879209
47	55	0.880712
47	65	0.940635
47	77	1.42397
47	93	0.911356
47	100	0.861687
47	126	0.852382
47	138	3.00081
47	173	6.02433
47	179	0.790697
47	180	0.782258
48	5	0.879832
48	6	0.877699
48	11	0.973804
48	12	0.868302
48	17	0.865014
48	23	0.78239
48	30	0.84767
48	42	0.912844
48	45	0.914006
48	49	0.914459
48	150	0.805292
48	155	0.802976
48	158	3.8253
48	163	2.14627
48	172	7.23123
49	5	0.879698
49	6	0.877566
49	11	0.973671
49	12	0.868169
49	17	0.86488
49	23	0.782257
49	30	0.847536
49	42	0.91271
49	45	0.913873
49	48	0.914459
49	107	2.21598
49	143	3.4509
49	150	0.805158
49	155	0.802843
49	175	5.24606
50	3	0.846124
50	13	0.909142
50	14	0.844795
50	22	0.911395
50	40	0.887344
50	51	0.864959
50	59	0.874514
50	61	0.864396
50	69	0.91835
50	73	0.918106
50	97	0.76873
50	100	0.861749
50	133	1.09288
50	143	4.80926
50	159	4.10435
51	3	0.822768
51	13	0.885786
51	14	0.821438
51	22	0.888039
51	35	0.880914
51	40	0.863988
51	50	0.864959
51	59	0.851157
51	61	0.84104
51	69	0.894994
51	73	0.89475
51	100	0.838393
51	123	0.803399
51	130	2.63536
51	157	4.7539
51	159	2.91369
52	7	0.98948
52	9	0.95672
52	15	0.836872
52	54	0.849584
52	56	0.864347
52	57	0.787593
52	75	0.895679
52	94	0.87886
52	95	0.80021
52	113	0.889774
52	116	2.25197
52	144	0.783514
52	152	0.788971
52	164	2.81239
52	167	7.13742
52	178	0.754816
53	26	0.911229
53	36	0.908416
53	39	0.811104
53	46	0.886281
53	47	0.879209
53	55	0.871731
53	65	0.931654
53	70	2.23085
53	93	0.902376
53	99	0.770867
53	100	0.852706
53	121	2.02551
53	126	0.843402
53	155	7.44609
53	179	0.781716
53	180	0.773278
54	4	0.8467
54	7	0.986218
54	9	0.953459
54	15	0.833611
54	52	0.849584
54	56	0.861086
54	57	0.784332
54	70	3.16915
54	75	0.892418
54	94	0.875599
54	113	0.886513
54	129	1.89317
54	141	2.12983
54	144	0.780253
54	152	0.785709
54	178	0.751554
55	26	0.912732
55	36	0.909919
55	39	0.812607
55	46	0.887785
55	47	0.880712
55	53	0.871731
55	65	0.933157
55	93	0.903879
55	99	0.77237
55	100	0.854209
55	120	2.36043
55	126	0.844905
55	144	3.6299
55	172	7.62376
55	179	0.783219
55	180	0.774781
56	4	0.861463
56	9	0.968222
56	15	0.848374
56	52	0.864347
56	54	0.861086
56	57	0.799095
56	75	0.907181
56	94	0.890362
56	95	0.811712
56	106	2.83604
56	113	0.901275
56	127	2.37331
56	136	3.30851
56	144	0.795016
56	152	0.800472
56	178	0.766317
57	4	0.784709
57	7	0.924227
57	9	0.891468
57	15	0.77162
57	52	0.787593
57	54	0.784332
57	56	0.799095
57	75	0.830427
57	94	0.813608
57	95	0.734958
57	113	0.824521
57	144	0.718262
57	152	0.723718
57	156	1.98892
57	157	5.78066
57	178	0.689563
58	33	0.783377
58	78	2.83183
58	81	0.865486
58	83	0.906229
58	85	0.692785
58	91	0.89184
58	96	0.892612
58	98	0.897367
58	102	0.887045
58	105	0.926181
58	116	2.2436
58	120	0.914996
58	122	0.792485
58	166	7.41421
58	168	0.796955
58	177	0.824188
59	3	0.832322
59	13	0.89534
59	14	0.830993
59	22	0.897593
59	35	0.890468
59	40	0.873542
59	50	0.874514
59	51	0.851157
59	61	0.850594
59	69	0.904549
59	73	0.904305
59	77	2.37399
59	97	0.754928
59	100	0.847948
59	140	6.25811
59	163	2.10703
60	80	0.844609
60	85	0.673047
60	86	0.902172
60	90	0.903124
60	91	0.872102
60	94	0.889165
60	96	0.872874
60	98	0.877629
60	102	0.867307
60	105	0.906443
60	120	0.895258
60	168	0.777218
60	169	3.00313
60	171	3.63638
60	173	5.17306
60	177	0.80445
61	3	0.822205
61	13	0.885223
61	14	0.820875
61	22	0.887475
61	35	0.88035
61	40	0.863424
61	50	0.864396
61	51	0.84104
61	59	0.850594
61	69	0.894431
61	73	0.894187
61	97	0.74481
61	100	0.83783
61	117	2.01588
61	118	1.88064
61	123	0.802836
61	134	3.47607
62	21	1.00836
62	27	0.947467
62	44	0.96697
62	66	0.94023
62	68	0.913476
62	72	0.959734
62	74	0.945788
62	84	0.938783
62	88	0.934712
62	112	1.50922
62	113	0.960055
62	119	0.819711
62	124	0.950501
62	133	1.75155
62	146	2.43201
62	161	6.51299
62	176	0.874702
63	25	0.787652
63	28	0.794649
63	29	0.797438
63	32	0.79916
63	41	0.861125
63	43	0.858119
63	64	0.83179
63	67	0.841524
63	76	0.88533
63	79	0.820881
63	82	0.868187
63	87	0.868436
63	89	0.86825
63	92	0.914252
63	133	2.05484
63	161	4.81503
63	175	4.80886
64	10	0.819317
64	25	0.787756
64	28	0.794753
64	32	0.799264
64	41	0.861229
64	43	0.858223
64	63	0.83179
64	67	0.841628
64	76	0.885434
64	79	0.820985
64	82	0.868291
64	87	0.86854
64	89	0.868354
64	92	0.914356
64	107	0.897514
64	134	2.02632
64	152	5.73427
65	26	0.972654
65	36	0.969842
65	39	0.872529
65	46	0.947707
65	47	0.940635
65	53	0.931654
65	55	0.933157
65	93	0.963802
65	99	0.832293
65	100	0.914132
65	115	4.39701
65	117	1.68085
65	123	2.973
65	126	0.904828
65	130	3.47924
65	179	0.843142
65	180	0.834703
66	2	0.826533
66	20	0.833419
66	21	0.955183
66	44	0.913791
66	62	0.94023
66	68	0.860297
66	72	0.698685
66	74	1.06794
66	84	0.885605
66	88	0.918982
66	108	2.7298
66	113	0.906877
66	119	0.766532
66	124	0.934772
66	174	6.96302
66	176	0.858973
66	178	10.2537
67	25	0.79749
67	28	0.804488
67	29	0.807276
67	32	0.808999
67	41	0.870963
67	43	0.867957
67	63	0.841524
67	64	0.841628
67	79	0.830719
67	82	0.878026
67	87	0.878274
67	89	0.878088
67	92	0.92409
67	111	2.02953
67	116	0.848881
67	135	2.71692
67	158	4.82344
68	2	0.762329
68	20	0.769215
68	21	0.928428
68	27	0.867534
68	62	0.913476
68	66	0.860297
68	72	0.879801
68	74	0.865854
68	84	0.85885
68	88	0.854779
68	113	0.880122
68	117	0.802516
68	119	0.739778
68	124	0.870568
68	150	6.58533
68	160	1.60291
68	176	0.794769
69	3	0.876159
69	13	0.939177
69	14	0.87483
69	22	0.94143
69	35	0.934305
69	40	0.917379
69	50	0.91835
69	51	0.894994
69	59	0.904549
69	61	0.894431
69	73	0.948141
69	97	0.798765
69	100	0.891785
69	123	0.85679
69	131	1.00664
69	148	1.49559
69	154	5.8751
69	160	2.3444
70	53	2.23085
70	54	3.16915
70	95	0.785733
70	106	0.8343
70	114	0.783118
70	153	0.771023
70	157	0.762319
70	158	0.80226
70	160	0.82472
70	161	0.766997
70	162	0.791323
70	164	0.786089
70	167	0.763915
70	169	0.781208
70	171	0.779655
70	172	0.7564
70	174	0.751853
70	175	0.763541
71	29	2.1379
71	42	2.9621
71	114	0.783892
71	129	0.869698
71	137	0.746547
71	148	0.876157
71	150	0.760715
71	156	0.817337
71	157	0.763093
71	162	0.792097
71	163	0.813846
71	166	0.761202
71	172	0.757175
71	173	0.762306
71	174	0.752628
71	175	0.764315
71	178	0.741113
72	21	0.974686
72	27	0.913792
72	44	0.933294
72	62	0.959734
72	66	0.698685
72	68	0.879801
72	74	0.912112
72	76	0.932516
72	84	0.905108
72	88	0.901037
72	107	1.64318
72	113	0.92638
72	119	0.786036
72	122	3.14932
72	124	0.916826
72	164	2.21502
72	174	7.27071
72	176	0.841027
73	3	0.875915
73	13	0.938933
73	14	0.874586
73	22	0.941186
73	35	0.934061
73	40	0.917135
73	50	0.918106
73	51	0.89475
73	59	0.904305
73	61	0.894187
73	69	0.948141
73	97	0.798521
73	100	0.89154
73	123	0.856546
73	130	3.7854
73	135	1.92972
73	163	2.43739
73	170	3.59896
74	2	0.794641
74	20	0.801527
74	21	0.96074
74	27	0.899846
74	44	0.919348
74	62	0.945788
74	66	1.06794
74	68	0.865854
74	72	0.912112
74	84	0.891162
74	88	0.88709
74	113	0.912434
74	124	0.902879
74	147	3.9123
74	158	2.10231
74	171	4.00177
74	176	0.827081
74	179	4.48624
75	4	0.892795
75	7	1.03231
75	9	0.999554
75	15	0.879706
75	52	0.895679
75	54	0.892418
75	56	0.907181
75	57	0.830427
75	94	0.921694
75	95	0.843044
75	113	0.932608
75	133	1.7706
75	144	0.826348
75	146	2.98473
75	152	0.831804
75	156	2.60794
75	174	8.26627
75	178	0.797649
76	25	0.841295
76	44	0.939752
76	63	0.88533
76	64	0.885434
76	72	0.932516
76	79	0.874524
76	82	0.921831
76	84	0.911566
76	87	0.92208
76	88	0.907494
76	89	0.921893
76	92	0.967895
76	119	0.792493
76	132	2.17882
76	144	5.69963
76	146	2.36952
76	176	0.847484
76	177	2.80059
77	8	1.90204
77	47	1.42397
77	59	2.37399
77	121	0.930316
77	130	0.830493
77	136	0.848064
77	156	0.86233
77	159	0.835395
77	163	0.858839
77	165	0.793536
77	166	0.806194
77	168	0.798203
77	170	0.837053
77	172	0.802167
77	174	0.79762
77	175	0.809308
77	176	0.83571
77	178	0.786105
77	180	0.795876
78	58	2.83183
78	86	1.28512
78	119	0.73955
78	137	0.75037
78	139	0.763944
78	142	0.774243
78	149	0.803275
78	151	0.778514
78	157	0.766916
78	158	0.806857
78	161	0.771595
78	169	0.785805
78	171	0.784253
78	172	0.760998
78	173	0.766129
78	175	0.768138
78	177	0.784267
78	178	0.744936
78	179	0.763145
79	10	0.808408
79	25	0.776846
79	28	0.783844
79	29	0.786633
79	32	0.788355
79	41	0.850319
79	43	0.847313
79	63	0.820881
79	64	0.820985
79	67	0.830719
79	76	0.874524
79	82	0.857382
79	87	0.857631
79	89	0.857445
79	92	0.903446
79	116	0.828237
79	120	1.21264
79	170	2.95124
79	173	6.82466
80	60	0.844609
80	81	0.816903
80	83	0.857647
80	85	0.644203
80	86	0.873327
80	90	0.87428
80	91	0.843258
80	96	0.844029
80	98	0.848785
80	102	0.838462
80	105	0.877599
80	110	2.99791
80	120	0.866414
80	122	0.743903
80	124	0.861679
80	129	2.28171
80	132	3.1594
80	168	0.748373
80	177	0.775606
81	33	0.735933
81	58	0.865486
81	80	0.816903
81	83	0.858785
81	85	0.645341
81	86	0.874466
81	90	0.875418
81	91	0.844396
81	94	0.861458
81	96	0.845168
81	98	0.849923
81	102	0.839601
81	105	0.878737
81	116	2.61434
81	124	0.862817
81	141	2.88898
81	148	2.5308
81	168	0.749511
81	177	0.776744
82	10	0.855714
82	25	0.824153
82	28	0.83115
82	29	0.833939
82	32	0.835661
82	41	0.897626
82	43	0.89462
82	63	0.868187
82	64	0.868291
82	67	0.878026
82	76	0.921831
82	79	0.857382
82	87	0.904937
82	89	0.904751
82	92	0.950753
82	101	1.21711
82	116	0.875543
82	131	2.18703
82	148	1.73049
82	176	4.71326
83	58	0.906229
83	80	0.857647
83	81	0.858785
83	85	0.686085
83	86	0.91521
83	90	0.916162
83	91	0.88514
83	96	0.885911
83	98	0.890667
83	101	1.80246
83	102	0.880345
83	105	0.919481
83	120	0.908296
83	122	0.785785
83	124	0.903561
83	132	2.38366
83	157	5.96544
83	159	4.12523
83	168	0.790255
83	177	0.817488
84	2	0.787636
84	20	0.794523
84	21	0.953736
84	27	0.892842
84	44	0.912344
84	62	0.938783
84	66	0.885605
84	68	0.85885
84	72	0.905108
84	74	0.891162
84	76	0.911566
84	88	0.880086
84	112	1.83064
84	113	0.90543
84	119	0.765085
84	124	0.895875
84	127	1.67322
84	168	5.41531
84	176	0.820077
84	177	3.25267
85	33	1.46215
85	58	0.692785
85	60	0.673047
85	80	0.644203
85	81	0.645341
85	83	0.686085
85	86	0.701766
85	90	0.702718
85	96	0.672467
85	98	0.677223
85	101	1.08112
85	102	0.6669
85	105	0.706037
85	120	0.694852
85	122	1.2474
85	137	11.4
85	162	3.03795
85	168	1.47572
85	173	4.17795
85	177	1.50296
86	33	0.792357
86	60	0.902172
86	78	1.28512
86	80	0.873327
86	81	0.874466
86	83	0.91521
86	85	0.701766
86	90	0.931842
86	91	0.900821
86	96	0.901592
86	98	0.906347
86	102	0.896025
86	105	0.935161
86	122	0.801465
86	124	0.919241
86	128	3.78726
86	143	3.73983
86	168	0.805936
86	176	1.93423
86	177	0.833169
87	10	0.855963
87	25	0.824402
87	28	0.831399
87	29	0.834188
87	32	0.83591
87	41	0.897875
87	43	0.894869
87	63	0.868436
87	64	0.86854
87	67	0.878274
87	76	0.92208
87	79	0.857631
87	82	0.904937
87	89	0.905
87	92	0.951002
87	116	0.875792
87	123	1.92097
87	138	3.09066
87	152	3.33548
87	180	5.7197
88	2	0.783565
88	20	0.790451
88	21	0.949664
88	27	0.88877
88	44	0.908272
88	62	0.934712
88	66	0.918982
88	68	0.854779
88	72	0.901037
88	74	0.88709
88	76	0.907494
88	84	0.880086
88	101	0.998073
88	113	0.901358
88	114	3.95194
88	119	0.761014
88	121	0.840883
88	124	0.891803
88	176	0.816005
88	179	6.55208
89	10	0.855777
89	25	0.824215
89	28	0.831213
89	29	0.834002
89	32	0.835724
89	41	0.897688
89	43	0.894682
89	63	0.86825
89	64	0.868354
89	67	0.878088
89	76	0.921893
89	79	0.857445
89	82	0.904751
89	87	0.905
89	92	0.950815
89	116	0.875606
89	118	1.34749
89	145	5.35443
89	155	4.85391
89	166	5.17345
90	33	0.79331
90	60	0.903124
90	80	0.87428
90	81	0.875418
90	83	0.916162
90	85	0.702718
90	86	0.931842
90	91	0.901773
90	95	3.65013
90	96	0.902544
90	98	0.907299
90	102	0.896977
90	105	0.936113
90	122	0.802418
90	123	4.10604
90	124	0.920194
90	126	2.03307
90	148	0.807152
90	168	0.806888
90	177	0.834121
91	33	0.762288
91	58	0.89184
91	60	0.872102
91	80	0.843258
91	81	0.844396
91	83	0.88514
91	86	0.900821
91	90	0.901773
91	94	0.887813
91	96	0.871522
91	98	0.876278
91	102	0.865956
91	105	0.905092
91	120	0.893907
91	122	0.771396
91	127	2.30912
91	142	5.02362
91	149	2.88731
91	168	0.775866
91	169	4.66582
91	177	0.803099
92	10	0.901779
92	25	0.870217
92	28	0.877215
92	29	0.880003
92	32	0.881726
92	41	0.94369
92	43	0.940684
92	63	0.914252
92	64	0.914356
92	67	0.92409
92	76	0.967895
92	79	0.903446
92	82	0.950753
92	87	0.951002
92	89	0.950815
92	116	0.921608
92	140	5.44189
92	149	2.37736
92	160	2.0238
92	162	2.66978
92	170	2.45237
93	1	0.672192
93	18	0.795434
93	19	0.87805
93	24	0.876982
93	34	0.946465
93	37	0.712568
93	38	0.953732
93	39	0.843251
93	47	0.911356
93	53	0.902376
93	55	0.903879
93	65	0.963802
93	100	0.884853
93	106	2.67285
93	118	0.941513
93	126	0.875549
93	134	1.85524
93	156	2.98169
93	176	3.83255
93	179	0.813864
93	180	0.805425
94	15	0.862887
94	52	0.87886
94	54	0.875599
94	56	0.890362
94	57	0.813608
94	60	0.889165
94	75	0.921694
94	81	0.861458
94	91	0.887813
94	96	0.888584
94	102	0.883018
94	105	0.922154
94	111	2.24425
94	135	2.93164
94	136	3.27773
94	144	0.809529
94	152	0.814985
94	160	2.77649
94	168	0.792928
94	177	0.820161
94	178	0.78083
95	34	2.64987
95	52	0.80021
95	56	0.811712
95	57	0.734958
95	70	0.785733
95	75	0.843044
95	90	3.65013
95	113	0.837138
95	132	0.809889
95	144	0.730879
95	145	0.726946
95	148	0.837224
95	152	0.736335
95	159	0.75147
95	161	0.728839
95	163	0.774914
95	167	0.725756
95	172	0.718242
95	175	0.725383
95	178	0.70218
95	179	0.72039
96	33	0.763059
96	58	0.892612
96	60	0.872874
96	80	0.844029
96	81	0.845168
96	83	0.885911
96	85	0.672467
96	86	0.901592
96	90	0.902544
96	91	0.871522
96	94	0.888584
96	98	0.877049
96	102	0.866727
96	105	0.905863
96	120	0.894678
96	121	2.10204
96	124	0.889943
96	139	5.29157
96	141	0.970574
96	150	5.41467
96	168	0.776637
96	177	0.80387
97	14	0.725209
97	35	0.784684
97	40	0.767758
97	43	6.6
97	50	0.76873
97	59	0.754928
97	61	0.74481
97	69	0.798765
97	73	0.798521
97	103	0.676104
97	123	0.70717
97	131	0.769759
97	135	0.750235
97	140	0.690008
97	158	0.714886
97	159	0.702255
97	160	0.737347
97	167	0.676541
97	171	0.692282
97	172	0.669027
97	174	0.66448
97	179	0.671174
98	33	0.767815
98	58	0.897367
98	60	0.877629
98	80	0.848785
98	81	0.849923
98	83	0.890667
98	85	0.677223
98	86	0.906347
98	90	0.907299
98	91	0.876278
98	96	0.877049
98	102	0.871482
98	105	0.910618
98	109	1.38129
98	112	1.26667
98	120	0.899434
98	122	0.776923
98	124	0.894698
98	129	1.0614
98	168	0.781393
98	175	7.5234
98	177	0.808626
99	1	1.21592
99	16	0.841224
99	18	0.663925
99	19	0.746542
99	24	0.745473
99	34	0.814956
99	36	0.809055
99	37	1.29737
99	38	0.822224
99	39	0.711743
99	46	0.78692
99	53	0.770867
99	55	0.77237
99	65	0.832293
99	103	6.6
99	104	2.39501
99	118	0.810004
99	120	1.90279
99	126	0.744041
99	148	1.70444
99	165	9.28637
99	179	1.3576
99	180	1.34916
100	14	0.818229
100	26	0.893706
100	39	0.793581
100	40	0.860778
100	46	0.868759
100	47	0.861687
100	50	0.861749
100	51	0.838393
100	53	0.852706
100	55	0.854209
100	59	0.847948
100	61	0.83783
100	65	0.914132
100	69	0.891785
100	73	0.89154
100	93	0.884853
100	109	1.75965
100	120	1.51658
100	123	0.80019
100	136	3.61377
100	170	4.93692
100	179	0.764194
100	180	0.755755
101	38	1.80124
101	82	1.21711
101	83	1.80246
101	85	1.08112
101	88	0.998073
101	104	0.885064
101	133	0.983926
101	135	0.92541
101	139	0.847149
101	141	0.914862
101	148	0.963185
101	149	0.886479
101	151	0.861719
101	157	0.850121
101	159	0.87743
101	162	0.879126
101	164	0.873892
101	165	0.835571
101	169	0.86901
101	171	0.867458
101	173	0.849334
101	174	0.839656
101	180	0.837912
102	33	0.757492
102	58	0.887045
102	60	0.867307
102	80	0.838462
102	81	0.839601
102	83	0.880345
102	85	0.6669
102	86	0.896025
102	90	0.896977
102	91	0.865956
102	94	0.883018
102	96	0.866727
102	98	0.871482
102	105	0.900296
102	120	0.889111
102	122	0.7666
102	124	0.884376
102	154	4.20728
102	156	2.63601
102	159	2.96573
102	161	5.47197
102	168	0.771071
102	177	0.798304
103	97	0.676104
103	99	6.6
103	104	0.736848
103	111	0.7833
103	142	0.709232
103	144	0.708623
103	147	0.715569
103	149	0.738263
103	151	0.713503
103	153	0.710609
103	157	0.701905
103	158	0.741846
103	160	0.764306
103	162	0.730909
103	164	0.725676
103	165	0.687355
103	167	0.703501
103	169	0.720794
103	170	0.730872
103	171	0.719242
103	174	0.69144
103	175	0.703127
104	99	2.39501
104	101	0.885064
104	103	0.736848
104	105	3.32314
104	139	0.732716
104	141	0.80043
104	143	0.756623
104	146	0.798581
104	154	0.749557
104	156	0.789933
104	158	0.77563
104	160	0.79809
104	164	0.759459
104	165	0.721139
104	166	0.733797
104	167	0.737284
104	169	0.754578
104	171	0.753025
104	172	0.72977
104	173	0.734902
104	175	0.736911
104	179	0.731918
104	180	0.723479
105	33	0.796629
105	58	0.926181
105	60	0.906443
105	80	0.877599
105	81	0.878737
105	83	0.919481
105	85	0.706037
105	86	0.935161
105	90	0.936113
105	91	0.905092
105	94	0.922154
105	96	0.905863
105	98	0.910618
105	102	0.900296
105	104	3.32314
105	117	1.68464
105	120	0.928248
105	122	0.805737
105	124	0.923513
105	128	5.21274
105	133	0.909041
105	148	1.30906
105	168	0.810207
105	177	0.83744
106	21	1.69111
106	56	2.83604
106	70	0.8343
106	93	2.67285
106	127	0.857811
106	130	0.795135
106	131	0.867541
106	137	0.756182
106	139	0.769755
106	140	0.78779
106	143	0.793662
106	150	0.77035
106	157	0.772728
106	159	0.800037
106	162	0.801732
106	165	0.758178
106	169	0.791617
106	170	0.801695
106	172	0.766809
106	173	0.77194
106	174	0.762262
106	175	0.77395
106	176	0.800352
106	179	0.768957
107	24	2.44332
107	49	2.21598
107	64	0.897514
107	72	1.64318
107	132	0.895754
107	134	0.889608
107	142	0.817353
107	143	0.830961
107	146	0.872918
107	147	0.823691
107	159	0.837336
107	162	0.839031
107	163	0.86078
107	164	0.833797
107	166	0.808135
107	169	0.828916
107	170	0.838994
107	171	0.827363
107	172	0.804108
107	173	0.809239
107	174	0.799561
107	177	0.827377
107	178	0.788046
107	180	0.797817
108	5	2.46376
108	13	1.70645
108	66	2.7298
108	134	0.852882
108	147	0.786965
108	148	0.886364
108	156	0.827544
108	157	0.7733
108	158	0.813241
108	159	0.80061
108	160	0.835702
108	161	0.777979
108	163	0.824054
108	165	0.75875
108	166	0.771409
108	167	0.774896
108	170	0.802268
108	171	0.790637
108	172	0.767382
108	173	0.772513
108	174	0.762835
108	175	0.774522
108	177	0.790651
109	40	1.9535
109	42	2.10557
109	98	1.38129
109	100	1.75965
109	112	0.900936
109	137	0.789102
109	141	0.870389
109	147	0.819312
109	148	0.918712
109	151	0.817246
109	154	0.819516
109	157	0.805648
109	159	0.832957
109	160	0.868049
109	161	0.810327
109	163	0.856401
109	164	0.829418
109	169	0.824537
109	170	0.834615
109	171	0.822984
109	172	0.79973
109	173	0.804861
109	178	0.783668
109	179	0.801877
110	2	2.20182
110	27	2.00027
110	80	2.99791
110	114	0.785639
110	130	0.787248
110	134	0.844422
110	138	0.786403
110	140	0.779903
110	142	0.772167
110	145	0.767625
110	146	0.827732
110	147	0.778504
110	148	0.877904
110	149	0.801198
110	155	0.760147
110	157	0.76484
110	161	0.769519
110	165	0.75029
110	167	0.766436
110	169	0.783729
110	171	0.782177
110	173	0.764053
110	174	0.754375
110	177	0.782191
111	42	2.92622
111	67	2.02953
111	94	2.24425
111	103	0.7833
111	115	0.809239
111	139	0.779169
111	149	0.8185
111	155	0.777448
111	156	0.836386
111	158	0.822082
111	160	0.844543
111	161	0.78682
111	162	0.811146
111	165	0.767592
111	167	0.783737
111	170	0.811109
111	171	0.799478
111	172	0.776223
111	173	0.781354
111	174	0.771676
111	175	0.783363
111	177	0.799492
111	178	0.760161
111	180	0.769932
112	24	2.89347
112	62	1.50922
112	84	1.83064
112	98	1.26667
112	109	0.900936
112	114	0.816834
112	130	0.818442
112	132	0.881763
112	133	0.929839
112	138	0.817598
112	147	0.809699
112	152	0.808209
112	154	0.809903
112	162	0.825039
112	163	0.846788
112	164	0.819805
112	166	0.794143
112	167	0.79763
112	169	0.814924
112	171	0.813371
112	173	0.795248
112	174	0.785569
112	175	0.797257
112	176	0.823659
112	177	0.813385
113	2	0.808908
113	15	0.8738
113	52	0.889774
113	54	0.886513
113	56	0.901275
113	57	0.824521
113	62	0.960055
113	66	0.906877
113	68	0.880122
113	72	0.92638
113	74	0.912434
113	75	0.932608
113	84	0.90543
113	88	0.901358
113	95	0.837138
113	119	0.786357
113	126	1.48259
113	132	1.25588
113	144	0.820442
113	152	0.825899
113	166	6.91233
113	175	4.92167
113	176	0.841348
113	177	3.23948
113	178	0.791744
114	70	0.783118
114	71	0.783892
114	88	3.95194
114	110	0.785639
114	112	0.816834
114	124	1.65513
114	128	0.734861
114	141	0.786287
114	142	0.728872
114	145	0.72433
114	147	0.73521
114	148	0.834609
114	149	0.757904
114	153	0.73025
114	154	0.735414
114	156	0.77579
114	159	0.748855
114	164	0.745316
114	165	0.706996
114	169	0.740435
114	172	0.715627
114	173	0.720758
114	174	0.71108
114	175	0.722767
114	177	0.738896
114	179	0.717775
115	11	3.40299
115	65	4.39701
115	111	0.809239
115	119	0.700477
115	125	0.766813
115	136	0.767822
115	141	0.792585
115	144	0.734562
115	145	0.730628
115	148	0.840907
115	152	0.740018
115	153	0.736548
115	157	0.727843
115	158	0.767784
115	159	0.755153
115	164	0.751614
115	165	0.713294
115	166	0.725952
115	169	0.746733
115	170	0.756811
115	171	0.74518
115	173	0.727056
115	174	0.717378
115	175	0.729065
115	179	0.724072
115	180	0.715634
116	8	0.690083
116	10	0.826569
116	28	0.802005
116	41	0.868481
116	43	0.865475
116	52	2.25197
116	58	2.2436
116	67	0.848881
116	79	0.828237
116	81	2.61434
116	82	0.875543
116	87	0.875792
116	89	0.875606
116	92	0.921608
116	136	0.813551
116	139	0.7706
116	147	0.787237
116	154	0.787441
116	157	0.773572
116	160	0.835974
116	161	0.778251
116	163	0.824326
116	170	0.80254
116	174	0.763107
116	175	0.774794
116	176	0.801197
117	4	1.61611
117	61	2.01588
117	65	1.68085
117	68	0.802516
117	105	1.68464
117	131	0.935961
117	138	0.862711
117	139	0.838175
117	144	0.847866
117	147	0.854812
117	157	0.841148
117	158	0.881089
117	159	0.868457
117	160	0.903549
117	162	0.870152
117	163	0.891901
117	164	0.864918
117	165	0.826598
117	166	0.839256
117	168	0.831265
117	170	0.870115
117	172	0.835229
117	173	0.840361
117	174	0.830682
117	175	0.84237
117	180	0.828938
118	1	0.679182
118	8	1.01099
118	12	2.10874
118	15	1.42251
118	16	0.979723
118	18	0.802423
118	19	0.88504
118	24	0.883972
118	34	0.953454
118	36	1.34062
118	37	0.719558
118	38	0.960722
118	61	1.88064
118	89	1.34749
118	93	0.941513
118	99	0.810004
118	136	0.864603
118	143	0.845559
118	149	0.860983
118	166	0.822733
118	167	0.82622
118	169	0.843514
118	170	0.853592
118	172	0.818706
118	173	0.823837
118	175	0.825847
118	179	0.820854
119	20	0.67545
119	21	0.834664
119	39	7.8
119	62	0.819711
119	66	0.766532
119	68	0.739778
119	72	0.786036
119	76	0.792493
119	78	0.73955
119	84	0.765085
119	88	0.761014
119	113	0.786357
119	115	0.700477
119	137	0.656834
119	143	0.694314
119	144	0.680098
119	156	0.727624
119	159	0.700689
119	160	0.735781
119	161	0.678058
119	166	0.671488
119	171	0.690716
119	174	0.662914
119	176	0.701004
119	178	0.651399
119	179	0.669609
120	14	1.40756
120	55	2.36043
120	58	0.914996
120	60	0.895258
120	79	1.21264
120	80	0.866414
120	83	0.908296
120	85	0.694852
120	91	0.893907
120	96	0.894678
120	98	0.899434
120	99	1.90279
120	100	1.51658
120	102	0.889111
120	105	0.928248
120	142	0.816231
120	146	0.871797
120	148	0.921968
120	161	0.813583
120	165	0.794355
120	167	0.8105
120	168	0.799022
120	170	0.837872
120	172	0.802986
120	173	0.808117
120	174	0.798439
120	175	0.810127
120	177	0.826255
121	10	2.03588
121	53	2.02551
121	77	0.930316
121	88	0.840883
121	96	2.10204
121	124	1.25133
121	128	0.836292
121	130	0.845384
121	138	0.844539
121	151	0.834574
121	153	0.831681
121	154	0.836845
121	156	0.87722
121	157	0.822976
121	158	0.862917
121	159	0.850286
121	163	0.87373
121	164	0.846747
121	166	0.821085
121	167	0.824572
121	168	0.813094
121	171	0.840313
121	172	0.817058
121	173	0.822189
121	174	0.812511
121	175	0.824198
121	176	0.850601
121	178	0.800996
121	180	0.810767
122	35	5.55068
122	58	0.792485
122	72	3.14932
122	80	0.743903
122	83	0.785785
122	85	1.2474
122	86	0.801465
122	90	0.802418
122	91	0.771396
122	98	0.776923
122	102	0.7666
122	105	0.805737
122	123	0.718618
122	134	0.765975
122	140	0.701456
122	145	0.689178
122	163	0.737147
122	164	0.710164
122	166	0.684502
122	167	0.687989
122	168	0.676511
122	169	0.705283
122	170	0.715361
122	172	0.680475
122	173	0.685606
122	174	0.675928
122	175	0.687615
122	177	0.703744
122	179	0.682622
123	3	0.784564
123	13	0.847582
123	14	0.783235
123	22	0.849835
123	35	0.84271
123	40	0.825784
123	51	0.803399
123	61	0.802836
123	65	2.973
123	69	0.85679
123	73	0.856546
123	87	1.92097
123	90	4.10604
123	97	0.70717
123	100	0.80019
123	122	0.718618
123	128	0.746286
123	143	0.753905
123	150	0.730593
123	154	0.746839
123	160	0.795372
123	166	0.73108
123	169	0.75186
123	170	0.761938
123	171	0.750307
123	173	0.732184
123	174	0.722506
123	175	0.734193
123	176	0.760595
123	177	0.750321
124	2	0.799354
124	20	0.80624
124	27	0.904559
124	44	0.924061
124	62	0.950501
124	66	0.934772
124	68	0.870568
124	72	0.916826
124	74	0.902879
124	80	0.861679
124	81	0.862817
124	83	0.903561
124	84	0.895875
124	86	0.919241
124	88	0.891803
124	90	0.920194
124	96	0.889943
124	98	0.894698
124	102	0.884376
124	105	0.923513
124	114	1.65513
124	121	1.25133
124	125	2.53607
124	149	3.10763
124	165	9.91363
124	168	0.794287
124	170	3.18264
124	176	0.831794
124	177	0.82152
125	7	4.15282
125	34	2.61111
125	115	0.766813
125	124	2.53607
125	131	0.834529
125	138	0.761279
125	140	0.754779
125	143	0.76065
125	146	0.802608
125	147	0.75338
125	148	0.85278
125	149	0.776074
125	150	0.737339
125	151	0.751314
125	156	0.79396
125	157	0.739716
125	160	0.802117
125	161	0.744395
125	162	0.768721
125	163	0.79047
125	164	0.763487
125	165	0.725166
125	166	0.737825
125	167	0.741312
125	170	0.768683
125	171	0.757053
125	172	0.733798
125	173	0.738929
125	174	0.729251
125	175	0.740938
125	178	0.717736
126	11	2.73468
126	26	0.884402
126	36	0.88159
126	39	0.784277
126	44	2.74966
126	46	0.859455
126	47	0.852382
126	53	0.843402
126	55	0.844905
126	65	0.904828
126	90	2.03307
126	93	0.875549
126	99	0.744041
126	113	1.48259
126	128	0.771976
126	132	0.844389
126	140	0.773723
126	143	0.779595
126	153	0.767365
126	156	0.812905
126	159	0.78597
126	162	0.787665
126	165	0.744111
126	167	0.760257
126	171	0.775997
126	173	0.757874
126	174	0.748195
126	177	0.776011
126	179	0.75489
126	180	0.746451
127	30	2.34436
127	31	0.799134
127	56	2.37331
127	84	1.67322
127	91	2.30912
127	106	0.857811
127	135	0.861119
127	139	0.782857
127	141	0.850571
127	147	0.799494
127	148	0.898893
127	151	0.797427
127	154	0.799698
127	158	0.82577
127	161	0.790508
127	163	0.836583
127	165	0.77128
127	166	0.783938
127	168	0.775947
127	169	0.804719
127	170	0.814797
127	171	0.803166
127	172	0.779911
127	174	0.775364
127	175	0.787052
127	177	0.80318
127	178	0.763849
127	179	0.782059
127	180	0.77362
128	86	3.78726
128	105	5.21274
128	114	0.734861
128	121	0.836292
128	123	0.746286
128	126	0.771976
128	134	0.793644
128	137	0.697516
128	138	0.735625
128	140	0.729124
128	143	0.734996
128	145	0.716847
128	146	0.776954
128	147	0.727726
128	153	0.722766
128	154	0.72793
128	158	0.754003
128	159	0.741371
128	160	0.776463
128	162	0.743066
128	163	0.764815
128	164	0.737832
128	167	0.715658
128	170	0.743029
128	171	0.731398
128	173	0.713275
128	174	0.703596
128	175	0.715284
128	176	0.741686
128	180	0.701852
129	6	2.55976
129	35	1.50395
129	54	1.89317
129	71	0.869698
129	80	2.28171
129	98	1.0614
129	131	0.902164
129	134	0.886933
129	143	0.828285
129	144	0.814069
129	145	0.810136
129	151	0.818949
129	153	0.816055
129	154	0.821219
129	159	0.83466
129	160	0.869752
129	161	0.81203
129	163	0.858104
129	164	0.831121
129	165	0.792801
129	166	0.80546
129	167	0.808947
129	169	0.82624
129	170	0.836318
129	172	0.801433
129	173	0.806564
129	174	0.796886
129	175	0.808573
129	176	0.834975
129	178	0.785371
129	179	0.80358
130	51	2.63536
130	65	3.47924
130	73	3.7854
130	77	0.830493
130	106	0.795135
130	110	0.787248
130	112	0.818442
130	121	0.845384
130	133	0.856958
130	140	0.738216
130	142	0.73048
130	146	0.786046
130	147	0.736818
130	148	0.836218
130	151	0.734752
130	153	0.731858
130	154	0.737022
130	156	0.777398
130	158	0.763095
130	159	0.750463
130	160	0.785555
130	163	0.773907
130	165	0.708604
130	167	0.72475
130	168	0.713271
130	169	0.742043
130	170	0.752121
130	171	0.74049
130	172	0.717235
130	173	0.722367
130	174	0.712688
130	175	0.724376
130	179	0.719383
131	10	2.85416
131	40	1.96863
131	46	1.58353
131	69	1.00664
131	82	2.18703
131	97	0.769759
131	106	0.867541
131	117	0.935961
131	125	0.834529
131	129	0.902164
131	138	0.817123
131	141	0.860301
131	142	0.802886
131	147	0.809224
131	151	0.807158
131	153	0.804264
131	156	0.849804
131	158	0.8355
131	159	0.822869
131	161	0.800238
131	163	0.846313
131	164	0.81933
131	167	0.797155
131	169	0.814449
131	170	0.824527
131	171	0.812896
131	172	0.789641
131	173	0.794773
131	174	0.785094
131	175	0.796782
131	176	0.823184
131	178	0.773579
132	18	1.82224
132	76	2.17882
132	80	3.1594
132	83	2.38366
132	95	0.809889
132	107	0.895754
132	112	0.881763
132	113	1.25588
132	126	0.844389
132	137	0.769928
132	139	0.783502
132	143	0.807409
132	146	0.849366
132	149	0.822833
132	153	0.795179
132	157	0.786474
132	159	0.813784
132	160	0.848876
132	161	0.791153
132	162	0.815479
132	163	0.837228
132	164	0.810245
132	165	0.771924
132	166	0.784583
132	167	0.78807
132	169	0.805363
132	170	0.815442
132	171	0.803811
132	172	0.780556
132	173	0.785687
132	174	0.776009
132	175	0.787696
132	177	0.803825
132	178	0.764494
132	179	0.782703
132	180	0.774265
133	28	2.02207
133	41	1.19901
133	50	1.09288
133	62	1.75155
133	63	2.05484
133	75	1.7706
133	101	0.983926
133	105	0.909041
133	112	0.929839
133	130	0.856958
133	135	0.90984
133	137	0.818005
133	143	0.855485
133	145	0.837336
133	149	0.870909
133	153	0.843255
133	156	0.888795
133	157	0.834551
133	158	0.874491
133	159	0.86186
133	160	0.896952
133	162	0.863555
133	163	0.885304
133	164	0.858321
133	165	0.820001
133	166	0.832659
133	167	0.836146
133	169	0.85344
133	170	0.863518
133	171	0.851887
133	173	0.833764
133	174	0.824085
133	175	0.835773
133	176	0.862175
133	177	0.851901
133	180	0.822341
134	13	1.45873
134	45	1.98364
134	61	3.47607
134	64	2.02632
134	93	1.85524
134	107	0.889608
134	108	0.852882
134	110	0.844422
134	122	0.765975
134	128	0.793644
134	129	0.886933
134	138	0.801891
134	140	0.795391
134	141	0.845069
134	145	0.783113
134	147	0.793992
134	150	0.777951
134	151	0.791926
134	153	0.789033
134	154	0.794197
134	155	0.775635
134	156	0.834572
134	159	0.807638
134	160	0.84273
134	164	0.804099
134	165	0.765778
134	166	0.778437
134	168	0.770446
134	169	0.799217
134	170	0.809296
134	171	0.797665
134	172	0.77441
134	173	0.779541
134	174	0.769863
134	175	0.78155
134	177	0.797679
135	21	1.81748
135	45	1.70424
135	67	2.71692
135	73	1.92972
135	94	2.93164
135	97	0.750235
135	101	0.92541
135	127	0.861119
135	133	0.90984
135	137	0.75949
135	138	0.797599
135	139	0.773063
135	140	0.791098
135	148	0.889099
135	153	0.78474
135	156	0.83028
135	157	0.776036
135	158	0.815976
135	159	0.803345
135	160	0.838437
135	161	0.780714
135	162	0.80504
135	163	0.826789
135	164	0.799806
135	165	0.761486
135	166	0.774144
135	167	0.777631
135	168	0.766153
135	169	0.794925
135	170	0.805003
135	172	0.770117
135	173	0.775248
135	174	0.76557
135	176	0.80366
135	177	0.793386
