1	10	0.780916
1	11	0.920364
1	14	0.786135
1	34	0.840065
1	37	0.839384
1	38	0.93782
1	72	2.49133
1	78	0.856697
1	84	0.798711
1	129	0.834251
1	133	0.839504
1	149	2.33966
2	83	1.94509
2	91	0.851066
2	102	0.836061
2	108	0.829666
2	111	0.829534
2	123	0.855867
2	126	0.84367
2	127	0.843426
2	128	0.842711
2	129	0.849416
2	154	2.58869
2	172	0.789279
3	5	0.865332
3	7	0.706178
3	12	0.836562
3	15	0.704996
3	17	0.721367
3	23	0.792464
3	25	0.695546
3	27	0.7924
3	67	0.79548
3	112	0.747006
3	144	0.792483
3	147	4.19798
4	80	0.841177
4	82	1.37734
4	131	0.915488
4	143	0.904295
4	146	0.877975
4	174	0.852408
4	175	0.805973
4	176	0.799379
4	177	0.790337
4	178	0.800325
4	179	0.812492
4	180	0.841281
5	3	0.865332
5	7	0.938841
5	15	0.937658
5	23	1.02513
5	25	0.928208
5	27	1.02506
5	112	0.979668
5	144	1.02514
5	160	1.40081
5	174	1.07833
5	177	3.09739
6	16	0.815348
6	22	0.891755
6	40	0.872467
6	51	0.861575
6	75	0.82651
6	82	0.880114
6	85	0.864458
6	159	1.83455
6	164	0.802112
6	168	0.841222
6	170	0.786656
6	175	3.21826
7	3	0.706178
7	5	0.938841
7	12	0.910071
7	17	0.794876
7	23	0.865973
7	25	0.769055
7	27	0.865909
7	67	0.868989
7	87	2.10268
7	112	0.820515
7	133	2.67545
7	144	0.865992
8	19	0.880768
8	24	0.800774
8	42	0.781376
8	48	0.845463
8	55	0.82948
8	58	0.829317
8	63	0.823105
8	65	0.904274
8	80	0.867453
8	109	0.849282
8	112	2.15682
8	171	2.79661
9	21	0.877234
9	24	0.801559
9	42	0.782161
9	48	0.846248
9	55	0.830264
9	56	0.823823
9	58	0.830102
9	65	0.905058
9	80	0.868238
9	109	0.850067
9	143	2.16337
9	146	2.66952
10	1	0.780916
10	11	0.916203
10	14	0.781973
10	34	0.835904
10	37	0.835223
10	38	0.933659
10	52	0.834407
10	78	0.852535
10	129	0.830089
10	133	0.835343
10	152	2.20128
10	174	2.72994
11	1	0.920364
11	10	0.916203
11	14	0.921422
11	20	3.9
11	34	0.975352
11	37	0.974671
11	38	1.07311
11	129	0.969538
11	133	0.974791
11	166	0.978319
11	169	1.0523
12	3	0.836562
12	7	0.910071
12	15	0.908889
12	17	0.925259
12	23	0.996357
12	25	0.899438
12	27	0.996293
12	45	2.17818
12	112	0.950899
12	144	0.996375
12	153	1.53062
12	155	1.70448
13	81	0.892297
13	93	0.852532
13	95	0.860986
13	127	0.858426
13	144	0.898851
13	147	0.836098
13	150	0.853753
13	154	1.95816
13	168	2.47108
13	171	0.823495
13	172	0.804278
14	1	0.786135
14	10	0.781973
14	11	0.921422
14	34	0.841123
14	37	0.840442
14	38	0.938878
14	52	0.839626
14	84	0.799769
14	87	1.66284
14	129	0.835308
14	133	0.840562
14	137	3.0539
15	3	0.704996
15	5	0.937658
15	12	0.908889
15	17	0.793693
15	23	0.864791
15	25	0.767873
15	27	0.864727
15	67	0.867807
15	112	0.819333
15	121	2.14163
15	144	0.864809
15	153	2.53037
16	6	0.815348
16	22	0.888958
16	51	0.858778
16	75	0.823713
16	82	0.877317
16	85	0.861661
16	135	0.86985
16	163	2.8517
16	164	0.799315
16	168	0.838425
16	170	0.783859
16	179	2.2344
17	3	0.721367
17	7	0.794876
17	12	0.925259
17	15	0.793693
17	23	0.881161
17	25	0.784243
17	27	0.881097
17	67	0.884177
17	112	0.835703
17	135	1.57194
17	142	3.45262
17	144	0.88118
18	110	1.66142
18	117	0.939713
18	145	0.858666
18	148	0.923068
18	149	0.857994
18	169	0.865408
18	175	0.813331
18	176	0.806737
18	177	0.797695
18	178	0.807683
18	179	0.81985
18	180	0.848639
19	8	0.880768
19	42	0.856547
19	56	0.898208
19	63	0.898275
19	80	0.942624
19	116	0.953301
19	117	0.903271
19	139	0.914454
19	140	0.934777
19	141	0.904493
19	159	1.46717
19	163	3.11726
19	165	1.54941
20	11	3.9
20	74	0.839963
20	92	0.763058
20	153	0.805769
20	156	0.756108
20	162	0.767778
20	166	0.769024
20	174	0.76696
20	176	0.713931
20	177	0.704889
20	178	0.714877
20	179	0.727044
20	180	0.755832
21	9	0.877234
21	24	0.871627
21	28	0.948876
21	48	0.916316
21	55	0.900332
21	56	0.893891
21	58	0.90017
21	63	0.893957
21	65	0.975126
21	80	0.938306
21	151	2.34396
21	168	0.970908
21	175	2.68869
22	6	0.891755
22	16	0.888958
22	39	0.939725
22	75	0.90012
22	82	0.953724
22	85	0.938069
22	100	0.978953
22	135	0.946257
22	164	0.875723
22	166	2.0151
22	168	0.914832
22	170	0.860266
22	179	2.99514
23	3	0.792464
23	5	1.02513
23	7	0.865973
23	12	0.996357
23	15	0.864791
23	17	0.881161
23	25	0.85534
23	27	0.952195
23	35	1.32157
23	92	3.1383
23	112	0.906801
23	144	0.952277
23	145	1.71472
24	8	0.800774
24	9	0.801559
24	21	0.871627
24	28	0.873201
24	42	0.776553
24	48	0.84064
24	55	0.824656
24	56	0.818215
24	58	0.824494
24	63	0.818282
24	80	0.86263
24	113	2.53347
24	172	2.74196
25	3	0.695546
25	5	0.928208
25	7	0.769055
25	12	0.899438
25	15	0.767873
25	17	0.784243
25	23	0.85534
25	27	0.855276
25	67	0.858357
25	112	0.809882
25	131	2.0752
25	144	0.855359
25	174	3.12771
26	50	0.928409
26	62	0.98063
26	64	0.908666
26	68	0.887457
26	89	0.933223
26	95	0.921862
26	125	1.21623
26	136	0.842779
26	147	0.896974
26	150	0.914629
26	157	1.90854
26	161	2.69548
26	171	0.884371
27	3	0.7924
27	5	1.02506
27	7	0.865909
27	12	0.996293
27	15	0.864727
27	17	0.881097
27	23	0.952195
27	25	0.855276
27	105	1.42464
27	112	0.906737
27	120	2.39231
27	131	1.84002
27	144	0.952213
28	21	0.948876
28	24	0.873201
28	42	0.853803
28	48	0.917889
28	55	0.901906
28	56	0.895464
28	57	1.91167
28	58	0.901744
28	63	0.895531
28	65	0.9767
28	67	1.72864
28	80	0.93988
28	121	1.77236
29	49	0.905993
29	50	0.909155
29	60	0.891253
29	62	0.961375
29	68	0.868202
29	89	0.913969
29	95	0.902608
29	106	1.48691
29	131	1.49831
29	136	0.823524
29	147	0.87772
29	150	0.895375
29	156	3.10473
29	171	0.865116
30	39	0.840871
30	40	0.847222
30	51	0.836331
30	75	0.801266
30	82	0.854869
30	84	0.79
30	85	0.839214
30	90	0.835619
30	109	0.978159
30	135	0.847402
30	164	0.776868
30	168	0.815978
30	170	0.761411
30	177	4.70402
31	73	0.863967
31	97	0.886465
31	103	0.875058
31	104	0.922636
31	115	0.893603
31	117	0.879826
31	131	1.81437
31	132	0.881941
31	137	2.50819
31	139	0.891009
31	140	0.911332
31	141	0.881049
31	154	1.5366
31	155	0.917909
32	41	0.905589
32	71	0.936079
32	81	0.91933
32	91	0.893097
32	93	0.879564
32	108	0.871698
32	123	0.897898
32	126	0.885702
32	127	0.885458
32	128	0.884743
32	138	1.46521
32	165	1.73453
32	172	0.831311
32	176	3.11312
33	47	0.916877
33	49	0.913122
33	60	0.898382
33	64	0.896541
33	68	0.875332
33	89	0.921098
33	95	0.909737
33	134	1.34126
33	136	0.830654
33	147	0.88485
33	150	0.902504
33	171	0.872246
33	172	2.47287
33	180	2.33658
34	1	0.840065
34	10	0.835904
34	11	0.975352
34	14	0.841123
34	37	0.894372
34	38	0.992808
34	52	0.893556
34	57	1.00107
34	66	1.3181
34	78	0.911684
34	84	0.853699
34	129	0.889239
34	133	0.894492
34	175	3.77507
35	23	1.32157
35	71	0.898775
35	91	0.855794
35	98	0.844177
35	111	0.834262
35	126	0.848399
35	141	2.20483
35	163	0.764426
35	166	0.810271
35	169	0.813848
35	172	0.794007
35	177	0.746135
35	179	0.76829
35	180	0.797078
36	53	0.901792
36	54	0.797325
36	71	0.859772
36	81	0.843024
36	91	0.816791
36	98	0.805175
36	102	0.801786
36	105	2.08917
36	108	0.795392
36	126	0.809396
36	127	0.809152
36	128	0.808437
36	158	3.25345
36	172	0.755004
37	1	0.839384
37	10	0.835223
37	11	0.974671
37	14	0.840442
37	34	0.894372
37	38	0.992127
37	52	0.892875
37	78	0.911003
37	84	0.853018
37	105	1.43864
37	120	2.40631
37	129	0.888558
37	133	0.893811
37	155	2.15775
38	1	0.93782
38	10	0.933659
38	11	1.07311
38	14	0.938878
38	34	0.992808
38	37	0.992127
38	70	1.10128
38	78	1.00944
38	84	0.951454
38	129	0.986994
38	133	0.992247
38	152	1.23521
38	155	1.01509
38	176	3.44293
39	22	0.939725
39	30	0.840871
39	40	0.920437
39	51	0.909545
39	75	0.874481
39	82	0.928084
39	85	0.912429
39	114	2.17484
39	135	0.920617
39	143	1.81138
39	153	2.01388
39	164	0.850083
39	168	0.889193
39	170	0.834626
40	6	0.872467
40	30	0.847222
40	39	0.920437
40	74	0.961172
40	75	0.880832
40	82	0.934436
40	85	0.91878
40	90	0.915186
40	135	0.926969
40	157	1.45087
40	164	0.856434
40	168	0.895544
40	170	0.840978
40	178	3.71739
41	32	0.905589
41	61	0.877063
41	76	0.914325
41	91	0.899215
41	102	0.884211
41	123	0.904016
41	126	0.89182
41	127	0.891576
41	128	0.890861
41	129	0.897566
41	145	2.20233
41	156	2.28657
41	172	0.837429
41	174	1.73267
42	8	0.781376
42	9	0.782161
42	19	0.856547
42	24	0.776553
42	28	0.853803
42	48	0.821242
42	55	0.805259
42	56	0.798817
42	58	0.805097
42	63	0.798884
42	65	0.880053
42	80	0.843232
42	134	2.3103
42	171	3.18092
43	69	0.842685
43	74	1.9292
43	78	0.892942
43	88	0.886842
43	104	0.896896
43	110	0.84893
43	118	0.901539
43	119	0.892568
43	124	0.879237
43	132	0.856201
43	139	0.86527
43	140	0.885592
43	141	0.855309
43	147	1.80652
43	158	2.57479
44	71	0.921846
44	81	0.905098
44	91	0.878865
44	93	0.865332
44	100	1.43941
44	101	3.76806
44	108	0.857466
44	111	0.857333
44	114	1.4429
44	123	0.883666
44	126	0.87147
44	127	0.871226
44	128	0.870511
44	129	0.877215
44	172	0.817078
45	12	2.17818
45	76	1.66207
45	125	0.871994
45	138	0.839851
45	148	0.879376
45	161	0.814413
45	162	0.816893
45	163	0.772294
45	166	0.818139
45	174	0.816074
45	176	0.763045
45	177	0.754003
45	178	0.763991
45	179	0.776158
45	180	0.804947
46	86	0.816672
46	116	0.905191
46	117	0.855161
46	118	0.902614
46	119	0.893643
46	124	0.880311
46	132	0.857276
46	139	0.866344
46	140	0.886667
46	141	0.856384
46	148	0.969114
46	150	0.860909
46	155	0.893244
46	163	3.71503
46	180	1.87186
47	33	0.916877
47	50	0.890252
47	60	0.87235
47	62	0.942473
47	64	0.870509
47	68	0.8493
47	89	0.895066
47	95	0.883705
47	130	1.2427
47	136	0.804622
47	147	0.858817
47	150	0.876472
47	151	3.26322
47	171	0.846214
47	180	2.03116
48	8	0.845463
48	9	0.846248
48	21	0.916316
48	24	0.84064
48	28	0.917889
48	42	0.821242
48	55	0.869345
48	56	0.862904
48	58	0.869183
48	63	0.862971
48	65	0.94414
48	80	0.907319
48	130	1.684
48	133	1.27033
48	160	3.54964
49	29	0.905993
49	33	0.913122
49	50	0.886498
49	62	0.938718
49	64	0.866754
49	68	0.845545
49	89	0.891312
49	95	0.879951
49	136	0.800867
49	147	0.855063
49	150	0.872718
49	166	1.69383
49	171	0.842459
49	172	1.5843
49	178	3.22989
50	26	0.928409
50	29	0.909155
50	47	0.890252
50	49	0.886498
50	60	0.871758
50	68	0.848707
50	89	0.894474
50	95	0.883113
50	133	1.65113
50	135	1.74263
50	136	0.804029
50	147	0.858225
50	150	0.87588
50	165	3.12859
50	171	0.845622
51	6	0.861575
51	16	0.858778
51	30	0.836331
51	39	0.909545
51	75	0.86994
51	82	0.923544
51	84	0.858675
51	85	0.907889
51	107	2.29826
51	135	0.916077
51	147	1.27782
51	162	2.89281
51	164	0.845543
51	168	0.884652
51	170	0.830086
52	10	0.834407
52	14	0.839626
52	34	0.893556
52	37	0.892875
52	76	0.904501
52	111	0.86786
52	125	1.97058
52	126	0.881996
52	127	0.881752
52	128	0.881037
52	129	0.887742
52	133	0.892995
52	147	2.05051
52	168	2.30503
52	172	0.827605
53	36	0.901792
53	54	0.952258
53	61	0.949572
53	93	0.958191
53	102	0.956719
53	112	1.79985
53	123	0.976525
53	126	0.964329
53	127	0.964085
53	128	0.96337
53	135	1.4537
53	144	1.00451
53	147	1.46731
53	167	2.40795
53	172	0.909937
54	36	0.797325
54	53	0.952258
54	76	0.882367
54	81	0.89349
54	98	0.855641
54	102	0.852252
54	108	0.845858
54	111	0.845725
54	123	0.872058
54	126	0.859862
54	127	0.859618
54	128	0.858903
54	148	1.85792
54	157	2.27602
54	167	2.60429
54	172	0.80547
55	8	0.82948
55	9	0.830264
55	21	0.900332
55	24	0.824656
55	28	0.901906
55	42	0.805259
55	48	0.869345
55	56	0.84692
55	58	0.8532
55	63	0.846987
55	65	0.928156
55	80	0.891335
55	109	0.873165
55	125	1.56978
55	157	2.26209
55	172	2.88302
56	9	0.823823
56	19	0.898208
56	21	0.893891
56	24	0.818215
56	28	0.895464
56	42	0.798817
56	48	0.862904
56	55	0.84692
56	58	0.846758
56	63	0.840545
56	65	0.921715
56	67	1.13221
56	80	0.884894
56	109	0.866723
56	145	2.95696
56	164	2.53563
57	28	1.91167
57	34	1.00107
57	108	1.28795
57	145	0.875905
57	148	0.940307
57	149	0.875233
57	151	0.849448
57	159	0.894863
57	160	0.849301
57	161	0.875344
57	173	0.877366
57	176	0.823976
57	177	0.814934
57	178	0.824922
57	179	0.837089
57	180	0.865877
58	8	0.829317
58	9	0.830102
58	21	0.90017
58	24	0.824494
58	28	0.901744
58	42	0.805097
58	48	0.869183
58	55	0.8532
58	56	0.846758
58	63	0.846825
58	65	0.927994
58	80	0.891173
58	105	1.64756
58	109	0.873003
58	125	1.96364
58	169	2.87308
59	110	1.931
59	111	0.700855
59	119	0.394196
59	122	0.904943
59	138	0.901752
59	149	0.876202
59	157	0.920194
59	160	0.850271
59	170	0.859784
59	173	0.878336
59	175	0.83154
59	176	0.824946
59	177	0.815904
59	178	0.825892
59	179	0.838059
59	180	0.866847
60	29	0.891253
60	33	0.898382
60	47	0.87235
60	50	0.871758
60	62	0.923978
60	64	0.852014
60	68	0.830805
60	89	0.876572
60	95	0.865211
60	114	1.78387
60	136	0.786127
60	147	0.840323
60	150	0.857978
60	169	2.30319
60	171	0.827719
60	180	2.5707
61	41	0.877063
61	53	0.949572
61	91	0.864571
61	93	0.851038
61	98	0.852955
61	102	0.849567
61	108	0.843172
61	111	0.843039
61	123	0.869372
61	126	0.857176
61	127	0.856932
61	128	0.856217
61	130	2.19157
61	135	1.8694
61	137	2.59619
61	172	0.802785
62	26	0.98063
62	29	0.961375
62	47	0.942473
62	49	0.938718
62	60	0.923978
62	64	0.922137
62	68	0.900928
62	89	0.946694
62	92	2.8617
62	95	0.935333
62	101	2.53194
62	147	0.910445
62	150	0.9281
62	155	0.95895
62	162	1.51158
62	171	0.897842
63	8	0.823105
63	19	0.898275
63	21	0.893957
63	24	0.818282
63	28	0.895531
63	42	0.798884
63	48	0.862971
63	55	0.846987
63	56	0.840545
63	58	0.846825
63	65	0.921781
63	80	0.884961
63	109	0.86679
63	134	2.07516
63	146	2.42632
63	148	2.16772
64	26	0.908666
64	33	0.896541
64	47	0.870509
64	49	0.866754
64	60	0.852014
64	62	0.922137
64	68	0.828964
64	89	0.87473
64	95	0.863369
64	121	1.37754
64	136	0.784286
64	147	0.838481
64	150	0.856136
64	169	2.44656
64	171	0.825878
64	180	2.71407
65	8	0.904274
65	9	0.905058
65	21	0.975126
65	28	0.9767
65	42	0.880053
65	48	0.94414
65	55	0.928156
65	56	0.921715
65	58	0.927994
65	63	0.921781
65	70	1.55384
65	80	0.96613
65	109	0.947959
65	122	2.11205
65	152	1.68777
65	173	2.02533
66	34	1.3181
66	106	0.938631
66	116	1.14568
66	120	0.889464
66	127	0.918478
66	156	0.863046
66	158	0.880066
66	161	0.872237
66	162	0.874717
66	163	0.830118
66	169	0.87954
66	175	0.827463
66	176	0.820869
66	177	0.811827
66	179	0.833982
66	180	0.86277
67	3	0.79548
67	7	0.868989
67	15	0.867807
67	17	0.884177
67	25	0.858357
67	28	1.72864
67	56	1.13221
67	126	1.35659
67	144	0.955293
67	156	0.864068
67	169	0.880561
67	173	0.87528
67	176	0.82189
67	177	0.812848
67	179	0.835004
67	180	0.863792
68	26	0.887457
68	29	0.868202
68	33	0.875332
68	47	0.8493
68	49	0.845545
68	50	0.848707
68	60	0.830805
68	62	0.900928
68	64	0.828964
68	89	0.853521
68	95	0.84216
68	135	1.65057
68	147	0.817272
68	150	0.834927
68	171	0.804669
68	174	2.73605
68	180	2.76119
69	43	0.842685
69	73	0.823343
69	86	0.800714
69	88	0.871958
69	110	0.834046
69	114	1.79839
69	116	0.889233
69	119	0.877684
69	120	0.825241
69	124	0.864353
69	132	0.841317
69	140	0.870708
69	141	0.840425
69	150	0.844951
69	155	0.877285
69	161	2.88752
69	173	2.36899
70	38	1.10128
70	65	1.55384
70	92	0.850537
70	94	0.939017
70	101	0.834311
70	128	1.80304
70	135	0.92224
70	154	0.919354
70	166	0.856504
70	167	0.855685
70	173	0.8548
70	175	0.808005
70	176	0.80141
70	177	0.792368
70	178	0.802356
70	179	0.814523
70	180	0.843312
71	32	0.936079
71	35	0.898775
71	36	0.859772
71	44	0.921846
71	76	0.944815
71	77	5.1
71	93	0.916172
71	108	0.908306
71	123	0.934506
71	126	0.92231
71	127	0.922066
71	128	0.92135
71	129	0.928055
71	130	1.24201
71	136	2.15333
71	148	1.12772
71	172	0.867918
72	1	2.49133
72	99	1.92625
72	121	0.855191
72	149	0.799377
72	151	0.773592
72	152	0.839569
72	162	0.801968
72	164	0.798416
72	165	0.809614
72	167	0.802395
72	169	0.806791
72	173	0.801511
72	175	0.754715
72	176	0.748121
72	178	0.749067
72	179	0.761234
72	180	0.790022
73	31	0.863967
73	69	0.823343
73	88	0.8675
73	99	0.834525
73	103	0.829976
73	104	0.877554
73	110	0.829588
73	119	0.873226
73	124	0.859895
73	132	0.836859
73	140	0.86625
73	141	0.835967
73	150	0.840492
73	154	1.34994
73	155	0.872827
73	160	3.78254
73	168	1.86286
74	20	0.839963
74	40	0.961172
74	43	1.9292
74	97	1.58074
74	143	0.916439
74	152	0.902971
74	159	0.88241
74	160	0.836847
74	169	0.870193
74	172	0.850353
74	174	0.864552
74	175	0.818117
74	176	0.811523
74	177	0.802481
74	178	0.812469
74	179	0.824636
74	180	0.853424
75	6	0.82651
75	16	0.823713
75	22	0.90012
75	30	0.801266
75	39	0.874481
75	40	0.880832
75	51	0.86994
75	82	0.888479
75	84	0.82361
75	85	0.872824
75	107	1.19492
75	135	0.881012
75	142	2.04155
75	164	0.810478
75	168	0.849587
75	170	0.795021
75	177	4.04526
76	41	0.914325
76	45	1.66207
76	52	0.904501
76	54	0.882367
76	71	0.944815
76	91	0.901833
76	93	0.8883
76	98	0.890217
76	102	0.886828
76	123	0.906634
76	126	0.894438
76	127	0.894194
76	128	0.893479
76	144	0.934619
76	145	2.4068
76	165	2.23761
76	168	1.11979
76	172	0.840046
77	71	5.1
77	97	0.759388
77	115	0.766526
77	116	0.802779
77	122	0.75019
77	132	0.754864
77	138	0.746998
77	139	0.763932
77	140	0.784255
77	141	0.753972
77	147	0.740842
77	157	0.765441
77	161	0.72156
77	174	0.723221
77	177	0.66115
77	179	0.683305
77	180	0.712094
78	1	0.856697
78	10	0.852535
78	34	0.911684
78	37	0.911003
78	38	1.00944
78	43	0.892942
78	79	0.914822
78	86	0.850971
78	96	0.892744
78	129	0.90587
78	133	0.911123
78	139	0.900643
78	140	0.920965
78	141	0.890682
78	146	1.66197
78	152	1.75232
78	158	1.97736
78	166	2.55194
79	78	0.914822
79	97	0.882605
79	104	0.918775
79	109	1.84224
79	115	0.889743
79	116	0.925996
79	117	0.875965
79	118	0.923419
79	119	0.914447
79	124	0.901116
79	132	0.87808
79	139	0.887149
79	140	0.907471
79	141	0.877188
79	143	1.64405
79	148	1.8916
79	150	0.881714
79	173	2.5781
80	4	0.841177
80	8	0.867453
80	9	0.868238
80	19	0.942624
80	21	0.938306
80	24	0.86263
80	28	0.93988
80	42	0.843232
80	48	0.907319
80	55	0.891335
80	56	0.884894
80	58	0.891173
80	63	0.884961
80	65	0.96613
80	109	0.911138
80	120	1.17248
80	136	3.65947
80	159	1.89093
81	13	0.892297
81	32	0.91933
81	36	0.843024
81	44	0.905098
81	54	0.89349
81	98	0.90134
81	102	0.897951
81	111	0.891424
81	123	0.917757
81	126	0.905561
81	127	0.905317
81	128	0.904602
81	144	0.945742
81	155	0.752789
81	156	2.05547
81	160	2.60389
81	172	0.851169
81	179	2.75258
82	4	1.37734
82	6	0.880114
82	16	0.877317
82	22	0.953724
82	30	0.854869
82	39	0.928084
82	40	0.934436
82	51	0.923544
82	75	0.888479
82	84	0.877214
82	85	0.926427
82	135	0.934616
82	157	1.74936
82	164	0.864081
82	168	0.903191
82	170	0.848625
82	173	2.01777
82	180	2.23401
83	2	1.94509
83	85	0.201631
83	103	1.11605
83	113	0.905385
83	125	0.953778
83	140	0.263081
83	148	0.96116
83	153	0.936668
83	156	0.887007
83	159	0.915716
83	166	0.899923
83	167	0.899104
83	169	0.9035
83	173	0.898219
83	176	0.844829
83	178	0.845776
83	179	0.857943
83	180	0.886731
84	1	0.798711
84	14	0.799769
84	30	0.79
84	34	0.853699
84	37	0.853018
84	38	0.951454
84	51	0.858675
84	75	0.82361
84	82	0.877214
84	85	0.861559
84	129	0.847885
84	133	0.853138
84	143	1.7296
84	164	0.799213
84	167	2.72352
84	168	0.838322
84	170	0.783756
84	180	2.8799
85	6	0.864458
85	16	0.861661
85	22	0.938069
85	30	0.839214
85	39	0.912429
85	40	0.91878
85	51	0.907889
85	75	0.872824
85	82	0.926427
85	83	0.201631
85	84	0.861559
85	90	0.907177
85	122	2.07113
85	135	0.91896
85	155	1.42674
85	164	0.848426
85	168	0.887536
85	170	0.832969
85	178	3.98254
86	46	0.816672
86	69	0.800714
86	78	0.850971
86	88	0.84487
86	97	0.818754
86	104	0.854924
86	110	0.806959
86	115	0.825892
86	116	0.862145
86	117	0.812115
86	118	0.859568
86	119	0.850597
86	122	1.97762
86	132	0.814229
86	135	0.996516
86	139	0.823298
86	140	0.843621
86	141	0.813337
86	177	4.8809
87	7	2.10268
87	14	1.66284
87	100	0.973299
87	105	0.956115
87	123	0.448455
87	139	0.704469
87	143	0.941499
87	153	0.928422
87	158	0.89578
87	163	0.845832
87	166	0.891677
87	173	0.889973
87	174	0.889612
87	175	0.843177
87	176	0.836583
87	177	0.827541
87	178	0.837529
87	179	0.849696
87	180	0.878484
88	43	0.886842
88	69	0.871958
88	73	0.8675
88	86	0.84487
88	96	0.886643
88	99	0.88314
88	103	0.878591
88	104	0.926169
88	115	0.897136
88	117	0.883359
88	124	0.90851
88	132	0.885474
88	133	1.40602
88	139	0.894543
88	140	0.914865
88	141	0.884582
88	154	1.25273
88	164	2.63132
88	166	2.85397
89	26	0.933223
89	29	0.913969
89	33	0.921098
89	47	0.895066
89	49	0.891312
89	50	0.894474
89	60	0.876572
89	62	0.946694
89	64	0.87473
89	68	0.853521
89	95	0.887927
89	109	1.90463
89	125	1.67978
89	136	0.808843
89	147	0.863039
89	148	1.95399
89	149	2.65663
89	150	0.880694
89	171	0.850436
90	30	0.835619
90	40	0.915186
90	85	0.907177
90	94	1.03495
90	110	0.871937
90	115	0.89087
90	117	0.877093
90	119	0.915575
90	135	0.915365
90	139	0.888276
90	140	0.908599
90	141	0.878315
90	151	3.36885
90	155	0.915176
90	157	1.65215
90	161	2.43908
90	164	0.844831
90	168	0.883941
90	170	0.829374
91	2	0.851066
91	32	0.893097
91	35	0.855794
91	36	0.816791
91	41	0.899215
91	44	0.878865
91	61	0.864571
91	76	0.901833
91	98	0.875107
91	108	0.865324
91	113	2.2198
91	123	0.891524
91	126	0.879328
91	127	0.879084
91	128	0.878369
91	144	0.91951
91	168	1.44949
91	170	2.86022
91	171	2.1673
91	172	0.824937
92	20	0.763058
92	23	3.1383
92	62	2.8617
92	70	0.850537
92	137	0.79628
92	145	0.786546
92	156	0.776795
92	158	0.793814
92	159	0.805504
92	161	0.785985
92	165	0.796111
92	166	0.789711
92	167	0.788891
92	169	0.793288
92	175	0.741211
92	176	0.734617
92	177	0.725575
92	178	0.735563
92	179	0.74773
92	180	0.776519
93	13	0.852532
93	32	0.879564
93	44	0.865332
93	53	0.958191
93	61	0.851038
93	71	0.916172
93	76	0.8883
93	98	0.861574
93	102	0.858186
93	111	0.851658
93	112	1.4889
93	123	0.877991
93	126	0.865795
93	127	0.865551
93	128	0.864836
93	144	0.905976
93	154	0.89796
93	162	2.77135
93	172	0.811404
93	179	3.47926
94	70	0.939017
94	90	1.03495
94	112	0.911023
94	113	0.883652
94	121	0.930167
94	129	0.677932
94	139	1.37753
94	144	0.876507
94	157	0.918345
94	159	0.893984
94	167	0.877371
94	171	0.881143
94	173	0.876487
94	174	0.876126
94	175	0.829691
94	176	0.823097
94	177	0.814055
94	178	0.824043
94	179	0.83621
94	180	0.864998
95	13	0.860986
95	26	0.921862
95	29	0.902608
95	33	0.909737
95	47	0.883705
95	49	0.879951
95	50	0.883113
95	60	0.865211
95	62	0.935333
95	64	0.863369
95	68	0.84216
95	89	0.887927
95	136	0.797482
95	138	2.19069
95	147	0.851678
95	150	0.869333
95	165	2.46001
95	171	0.839074
95	173	1.96844
95	174	2.15954
96	78	0.892744
96	88	0.886643
96	97	0.860527
96	99	0.853668
96	103	0.849119
96	104	0.896697
96	115	0.867665
96	116	0.903918
96	117	0.853887
96	118	0.901341
96	119	0.892369
96	124	0.879038
96	132	0.856002
96	139	0.865071
96	140	0.885393
96	141	0.85511
96	146	1.38592
96	159	2.22315
96	167	1.87369
96	179	3.25594
97	31	0.886465
97	74	1.58074
97	77	0.759388
97	79	0.882605
97	86	0.818754
97	96	0.860527
97	99	0.857023
97	103	0.852475
97	115	0.87102
97	116	0.907273
97	117	0.857243
97	118	0.904696
97	119	0.895725
97	132	0.859357
97	139	0.868426
97	140	0.888749
97	141	0.858465
97	143	1.40479
97	150	0.862991
97	172	2.69138
97	180	2.55508
98	35	0.844177
98	36	0.805175
98	54	0.855641
98	61	0.852955
98	76	0.890217
98	81	0.90134
98	91	0.875107
98	93	0.861574
98	108	0.853708
98	111	0.853575
98	123	0.879908
98	126	0.867712
98	127	0.867468
98	128	0.866753
98	129	0.873457
98	144	0.907893
98	158	1.68739
98	159	2.20923
98	171	1.89145
98	172	0.81332
98	179	3.24202
99	72	1.92625
99	73	0.834525
99	88	0.88314
99	96	0.853668
99	97	0.857023
99	103	0.845616
99	104	0.893194
99	110	0.845228
99	116	0.900414
99	117	0.850384
99	118	0.897837
99	119	0.888866
99	120	0.836422
99	124	0.875535
99	132	0.852499
99	138	1.98069
99	139	0.861568
99	141	0.851607
99	145	2.41919
99	150	0.856132
99	164	1.99786
100	22	0.978953
100	44	1.43941
100	87	0.973299
100	118	1.05022
100	124	1.50405
100	131	0.938315
100	149	0.873463
100	151	0.847678
100	160	0.847531
100	162	0.876054
100	163	0.831455
100	165	0.8837
100	166	0.8773
100	173	0.875596
100	174	0.875235
100	175	0.828801
100	176	0.822206
100	177	0.813164
100	178	0.823152
100	179	0.83532
100	180	0.864108
101	44	3.76806
101	62	2.53194
101	70	0.834311
101	130	0.850196
101	134	0.818015
101	137	0.780054
101	147	0.789041
101	152	0.809839
101	156	0.760568
101	157	0.81364
101	158	0.777588
101	162	0.772239
101	163	0.72764
101	167	0.772665
101	171	0.776438
101	174	0.77142
101	176	0.718391
101	177	0.709349
101	178	0.719337
101	179	0.731504
101	180	0.760292
102	2	0.836061
102	36	0.801786
102	41	0.884211
102	53	0.956719
102	54	0.852252
102	61	0.849567
102	76	0.886828
102	81	0.897951
102	93	0.858186
102	108	0.850319
102	111	0.850187
102	123	0.87652
102	126	0.864323
102	127	0.864079
102	128	0.863364
102	129	0.870069
102	131	1.36999
102	169	2.18013
102	170	3.01588
102	172	0.809932
102	173	2.2314
103	31	0.875058
103	73	0.829976
103	83	1.11605
103	88	0.878591
103	96	0.849119
103	97	0.852475
103	99	0.845616
103	110	0.840679
103	116	0.895865
103	117	0.845835
103	118	0.893288
103	119	0.884317
103	124	0.870986
103	132	0.84795
103	139	0.857019
103	140	0.877341
103	141	0.847058
103	152	2.56128
103	153	2.16729
103	155	0.883918
103	168	2.27258
104	31	0.922636
104	43	0.896896
104	73	0.877554
104	79	0.918775
104	86	0.854924
104	88	0.926169
104	96	0.896697
104	99	0.893194
104	116	0.943443
104	117	0.893413
104	120	0.879452
104	124	0.918564
104	132	0.895528
104	133	1.00843
104	139	0.904597
104	140	0.924919
104	141	0.894636
104	143	1.06027
104	146	1.56641
104	155	0.931496
104	156	2.73932
104	179	3.43644
105	27	1.42464
105	36	2.08917
105	37	1.43864
105	58	1.64756
105	87	0.956115
105	121	0.912092
105	130	0.936827
105	138	0.881828
105	156	0.847199
105	159	0.875909
105	160	0.830347
105	163	0.814271
105	165	0.866516
105	166	0.860116
105	171	0.863068
105	174	0.858051
105	175	0.811616
105	176	0.805022
105	177	0.79598
105	178	0.805968
105	179	0.818135
105	180	0.846923
106	29	1.48691
106	66	0.938631
106	108	1.3961
106	123	0.615858
106	125	0.912201
106	130	0.935057
106	132	1.18377
106	138	0.880057
106	145	0.855181
106	146	0.881847
106	158	0.862449
106	160	0.828576
106	161	0.854619
106	165	0.864745
106	167	0.857526
106	174	0.856281
106	175	0.809846
106	176	0.803252
106	177	0.79421
106	178	0.804198
106	179	0.816365
106	180	0.845153
107	51	2.29826
107	75	1.19492
107	117	2.55742
107	130	0.888947
107	143	0.862057
107	145	0.80907
107	148	0.873472
107	151	0.782613
107	153	0.84898
107	156	0.799319
107	161	0.808509
107	162	0.810989
107	163	0.76639
107	165	0.818635
107	166	0.812235
107	171	0.815188
107	173	0.810531
107	174	0.81017
107	177	0.748099
107	178	0.758087
107	179	0.770254
107	180	0.799043
108	2	0.829666
108	32	0.871698
108	36	0.795392
108	44	0.857466
108	54	0.845858
108	57	1.28795
108	61	0.843172
108	71	0.908306
108	91	0.865324
108	98	0.853708
108	102	0.850319
108	106	1.3961
108	111	0.843792
108	123	0.870125
108	126	0.857929
108	127	0.857685
108	128	0.85697
108	129	0.863675
108	144	0.89811
108	156	3.01392
108	158	2.1564
108	172	0.803537
109	8	0.849282
109	9	0.850067
109	30	0.978159
109	55	0.873165
109	56	0.866723
109	58	0.873003
109	63	0.86679
109	65	0.947959
109	79	1.84224
109	80	0.911138
109	89	1.90463
109	141	1.20137
109	157	0.884477
109	160	0.814554
109	165	0.850722
109	166	0.844323
109	169	0.847899
109	173	0.842619
109	174	0.842258
109	177	0.780187
109	179	0.802342
109	180	0.83113
110	18	1.66142
110	43	0.84893
110	59	1.931
110	69	0.834046
110	73	0.829588
110	86	0.806959
110	90	0.871937
110	99	0.845228
110	103	0.840679
110	115	0.859225
110	117	0.845447
110	118	0.892901
110	119	0.883929
110	120	0.831486
110	121	2.01918
110	124	0.870598
110	132	0.847562
110	139	0.856631
110	140	0.876953
110	141	0.84667
110	154	2.00029
110	155	0.88353
111	2	0.829534
111	35	0.834262
111	44	0.857333
111	52	0.86786
111	54	0.845725
111	59	0.700855
111	61	0.843039
111	81	0.891424
111	93	0.851658
111	98	0.853575
111	102	0.850187
111	108	0.843792
111	123	0.869993
111	126	0.857796
111	127	0.857552
111	128	0.856837
111	129	0.863542
111	136	4.0872
111	137	1.74173
111	138	2.13158
111	144	0.897978
111	172	0.803405
112	3	0.747006
112	5	0.979668
112	7	0.820515
112	8	2.15682
112	12	0.950899
112	15	0.819333
112	17	0.835703
112	23	0.906801
112	25	0.809882
112	27	0.906737
112	53	1.79985
112	93	1.4889
112	94	0.911023
112	144	0.906819
112	150	1.02743
112	160	0.798741
112	162	0.827264
112	168	0.862821
112	175	0.780011
112	176	0.773416
112	177	0.764374
112	178	0.774363
112	179	0.78653
112	180	0.815318
113	24	2.53347
113	83	0.905385
113	91	2.2198
113	94	0.883652
113	122	0.826043
113	136	0.7625
113	150	1.71973
113	151	0.771517
113	152	0.837494
113	153	0.837884
113	156	0.788223
113	157	0.841294
113	158	0.805242
113	161	0.797413
113	167	0.800319
113	169	0.804716
113	173	0.799435
113	174	0.799074
113	175	0.752639
113	176	0.746045
113	177	0.737003
113	178	0.746991
113	179	0.759158
113	180	0.787947
114	39	2.17484
114	44	1.4429
114	60	1.78387
114	69	1.79839
114	122	0.870781
114	135	0.911613
114	137	0.852447
114	145	0.842713
114	146	0.869379
114	148	0.907114
114	153	0.882623
114	162	0.844632
114	163	0.800033
114	166	0.845878
114	169	0.849454
114	170	0.825622
114	173	0.844174
114	174	0.843813
114	175	0.797378
114	176	0.790784
114	177	0.781742
114	178	0.79173
114	179	0.803897
114	180	0.832685
115	31	0.893603
115	77	0.766526
115	79	0.889743
115	86	0.825892
115	88	0.897136
115	90	0.89087
115	96	0.867665
115	97	0.87102
115	110	0.859225
115	116	0.914411
115	117	0.864381
115	118	0.911834
115	120	0.850419
115	124	0.889531
115	132	0.866495
115	139	0.875564
115	140	0.895887
115	141	0.865603
115	147	1.19987
115	148	1.39414
115	150	0.870129
115	152	1.74309
115	155	0.902464
115	159	2.48997
115	176	3.9508
116	19	0.953301
116	46	0.905191
116	66	1.14568
116	69	0.889233
116	77	0.802779
116	79	0.925996
116	86	0.862145
116	96	0.903918
116	97	0.907273
116	99	0.900414
116	103	0.895865
116	104	0.943443
116	115	0.914411
116	118	0.948087
116	119	0.939115
116	124	0.925784
116	130	1.2374
116	132	0.902748
116	135	0.915233
116	139	0.911817
116	140	0.932139
116	141	0.901856
116	150	0.906382
116	172	2.16215
116	173	1.80962
116	178	3.80774
117	18	0.939713
117	19	0.903271
117	31	0.879826
117	46	0.855161
117	79	0.875965
117	86	0.812115
117	88	0.883359
117	90	0.877093
117	96	0.853887
117	97	0.857243
117	99	0.850384
117	103	0.845835
117	104	0.893413
117	107	2.55742
117	110	0.845447
117	115	0.864381
117	118	0.898057
117	124	0.875754
117	132	0.852718
117	139	0.861787
117	140	0.882109
117	141	0.851826
117	146	1.98986
117	150	0.856351
117	153	1.68622
117	169	2.36649
118	43	0.901539
118	46	0.902614
118	79	0.923419
118	86	0.859568
118	96	0.901341
118	97	0.904696
118	99	0.897837
118	100	1.05022
118	103	0.893288
118	110	0.892901
118	115	0.911834
118	116	0.948087
118	117	0.898057
118	119	0.936539
118	124	0.923207
118	132	0.900171
118	139	0.90924
118	140	0.929563
118	141	0.899279
118	148	0.93779
118	150	0.903805
118	155	0.93614
118	165	2.11586
118	171	1.71585
118	176	3.49445
118	180	1.84054
119	43	0.892568
119	46	0.893643
119	59	0.394196
119	69	0.877684
119	73	0.873226
119	79	0.914447
119	86	0.850597
119	90	0.915575
119	96	0.892369
119	97	0.895725
119	99	0.888866
119	103	0.884317
119	110	0.883929
119	116	0.939115
119	118	0.936539
119	124	0.914236
119	132	0.8912
119	139	0.900269
119	140	0.920591
119	141	0.890308
119	150	0.894834
119	155	0.927168
119	161	2.1212
119	169	1.5514
119	171	1.69422
119	172	1.9552
119	178	3.60079
120	27	2.39231
120	37	2.40631
120	66	0.889464
120	69	0.825241
120	80	1.17248
120	99	0.836422
120	104	0.879452
120	110	0.831486
120	115	0.850419
120	132	0.838757
120	133	0.858306
120	139	0.847826
120	140	0.868148
120	141	0.837865
120	144	1.45299
120	150	0.84239
120	159	0.824972
120	161	0.805453
120	163	0.763334
120	165	0.815579
120	169	0.812756
120	173	0.807475
120	175	0.760679
120	177	0.745043
120	178	0.755031
120	179	0.767198
120	180	0.795987
121	15	2.14163
121	28	1.77236
121	64	1.37754
121	72	0.855191
121	94	0.930167
121	105	0.912092
121	110	2.01918
121	122	0.872557
121	137	0.854223
121	140	0.34942
121	143	0.897476
121	146	0.871155
121	151	0.818031
121	153	0.884399
121	154	0.910503
121	155	0.9132
121	156	0.834737
121	162	0.846408
121	163	0.801809
121	167	0.846834
121	172	0.83139
121	173	0.84595
121	174	0.845589
121	175	0.799154
121	176	0.79256
121	178	0.793506
121	179	0.805673
121	180	0.834461
122	59	0.904943
122	65	2.11205
122	77	0.75019
122	85	2.07113
122	86	1.97762
122	113	0.826043
122	114	0.870781
122	121	0.872557
122	123	1.57539
122	135	0.886317
122	138	0.842293
122	152	0.856936
122	156	0.807665
122	158	0.824685
122	160	0.790812
122	161	0.816855
122	163	0.774737
122	164	0.815782
122	165	0.826981
122	166	0.820581
122	169	0.824158
122	174	0.818517
122	175	0.772082
122	176	0.765487
122	177	0.756445
122	178	0.766434
122	179	0.778601
122	180	0.807389
123	2	0.855867
123	32	0.897898
123	41	0.904016
123	44	0.883666
123	53	0.976525
123	54	0.872058
123	61	0.869372
123	71	0.934506
123	76	0.906634
123	81	0.917757
123	87	0.448455
123	91	0.891524
123	93	0.877991
123	98	0.879908
123	102	0.87652
123	106	0.615858
123	108	0.870125
123	111	0.869993
123	122	1.57539
123	126	0.884129
123	127	0.883885
123	128	0.88317
123	129	0.889875
123	144	0.924311
123	172	0.829738
123	175	3.28171
123	176	3.35883
123	180	1.70492
124	43	0.879237
124	46	0.880311
124	69	0.864353
124	73	0.859895
124	79	0.901116
124	88	0.90851
124	96	0.879038
124	99	0.875535
124	100	1.50405
124	103	0.870986
124	104	0.918564
124	110	0.870598
124	115	0.889531
124	116	0.925784
124	117	0.875754
124	118	0.923207
124	119	0.914236
124	132	0.877869
124	139	0.886938
124	140	0.90726
124	141	0.876977
124	149	2.09426
124	150	0.881502
124	153	1.34658
124	155	0.913837
124	164	2.31754
124	167	2.13799
124	169	2.02685
125	26	1.21623
125	45	0.871994
125	52	1.97058
125	55	1.56978
125	58	1.96364
125	83	0.953778
125	89	1.67978
125	106	0.912201
125	138	0.871245
125	145	0.846368
125	146	0.873034
125	148	0.91077
125	152	0.885887
125	157	0.889688
125	161	0.845807
125	162	0.848287
125	163	0.803688
125	165	0.855933
125	167	0.848713
125	169	0.85311
125	173	0.847829
125	174	0.847468
125	175	0.801033
125	176	0.794439
125	177	0.785397
125	178	0.795385
125	179	0.807552
125	180	0.83634
126	2	0.84367
126	32	0.885702
126	35	0.848399
126	36	0.809396
126	41	0.89182
126	44	0.87147
126	52	0.881996
126	53	0.964329
126	54	0.859862
126	61	0.857176
126	67	1.35659
126	71	0.92231
126	76	0.894438
126	81	0.905561
126	91	0.879328
126	93	0.865795
126	98	0.867712
126	102	0.864323
126	108	0.857929
126	111	0.857796
126	123	0.884129
126	127	0.871689
126	128	0.870974
126	134	1.74153
126	143	1.58654
126	144	0.912114
126	149	2.53673
126	155	1.96292
126	166	2.98266
126	172	0.817541
127	2	0.843426
127	13	0.858426
127	32	0.885458
127	36	0.809152
127	41	0.891576
127	44	0.871226
127	52	0.881752
127	53	0.964085
127	54	0.859618
127	61	0.856932
127	66	0.918478
127	71	0.922066
127	76	0.894194
127	81	0.905317
127	91	0.879084
127	93	0.865551
127	98	0.867468
127	102	0.864079
127	108	0.857685
127	111	0.857552
127	123	0.883885
127	126	0.871689
127	128	0.87073
127	144	0.91187
127	154	1.01563
127	161	2.10095
127	162	2.31663
127	165	2.07399
127	172	0.817297
127	177	4.57242
128	2	0.842711
128	32	0.884743
128	36	0.808437
128	41	0.890861
128	44	0.870511
128	52	0.881037
128	53	0.96337
128	54	0.858903
128	61	0.856217
128	70	1.80304
128	71	0.92135
128	76	0.893479
128	81	0.904602
128	91	0.878369
128	93	0.864836
128	98	0.866753
128	102	0.863364
128	108	0.85697
128	111	0.856837
128	123	0.88317
128	126	0.870974
128	127	0.87073
128	129	0.87672
128	130	1.70232
128	133	1.28864
128	144	0.911155
128	155	1.71685
128	168	1.64827
128	172	0.816582
128	175	4.06756
129	1	0.834251
129	2	0.849416
129	10	0.830089
129	11	0.969538
129	14	0.835308
129	34	0.889239
129	37	0.888558
129	38	0.986994
129	41	0.897566
129	44	0.877215
129	52	0.887742
129	71	0.928055
129	78	0.90587
129	84	0.847885
129	94	0.677932
129	98	0.873457
129	102	0.870069
129	108	0.863675
129	111	0.863542
129	123	0.889875
129	128	0.87672
129	131	0.702119
129	133	0.888678
129	142	2.54983
129	144	0.91786
129	162	2.29774
129	170	2.34801
129	172	0.823287
129	178	3.56166
130	47	1.2427
130	48	1.684
130	61	2.19157
130	71	1.24201
130	101	0.850196
130	105	0.936827
130	106	0.935057
130	107	0.888947
130	116	1.2374
130	128	1.70232
130	131	0.933404
130	142	0.867843
130	151	0.842767
130	153	0.909134
130	154	0.935239
130	156	0.859473
130	159	0.888183
130	160	0.84262
130	162	0.871143
130	163	0.826545
130	167	0.87157
130	169	0.875966
130	172	0.856125
130	173	0.870685
130	174	0.870325
130	175	0.82389
130	176	0.817295
130	177	0.808253
130	178	0.818242
130	179	0.830409
130	180	0.859197
131	4	0.915488
131	25	2.0752
131	27	1.84002
131	29	1.49831
131	31	1.81437
131	100	0.938315
131	102	1.36999
131	129	0.702119
131	130	0.933404
131	134	0.901223
131	143	0.906515
131	145	0.853528
131	146	0.880194
131	148	0.917929
131	152	0.893047
131	154	0.919542
131	157	0.896847
131	161	0.852967
131	162	0.855447
131	165	0.863092
131	167	0.855873
131	168	0.891004
131	169	0.860269
131	172	0.840429
131	173	0.854989
131	175	0.808193
131	176	0.801599
131	177	0.792557
131	178	0.802545
131	179	0.814712
131	180	0.8435
132	31	0.881941
132	43	0.856201
132	46	0.857276
132	69	0.841317
132	73	0.836859
132	77	0.754864
132	79	0.87808
132	86	0.814229
132	88	0.885474
132	96	0.856002
132	97	0.859357
132	99	0.852499
132	103	0.84795
132	104	0.895528
132	106	1.18377
132	110	0.847562
132	115	0.866495
132	116	0.902748
132	117	0.852718
132	118	0.900171
132	119	0.8912
132	120	0.838757
132	124	0.877869
132	139	0.863902
132	140	0.884224
132	141	0.853941
132	149	2.07272
132	152	1.71903
132	153	1.32504
132	155	0.890801
132	163	4.116
132	172	2.40912
133	1	0.839504
133	7	2.67545
133	10	0.835343
133	11	0.974791
133	14	0.840562
133	34	0.894492
133	37	0.893811
133	38	0.992247
133	48	1.27033
133	50	1.65113
133	52	0.892995
133	78	0.911123
133	84	0.853138
133	88	1.40602
133	104	1.00843
133	120	0.858306
133	128	1.28864
133	129	0.888678
133	143	0.894626
133	148	0.906041
133	152	0.881159
133	157	0.884959
133	159	0.860597
133	165	0.851204
133	169	0.848381
133	173	0.8431
133	174	0.84274
133	177	0.780668
133	178	0.790657
133	179	0.802824
133	180	0.831612
134	33	1.34126
134	42	2.3103
134	63	2.07516
134	101	0.818015
134	126	1.74153
134	131	0.901223
134	137	0.846777
134	141	1.15816
134	143	0.89003
134	146	0.863709
134	148	0.901444
134	149	0.836371
134	151	0.810586
134	157	0.880363
134	158	0.844311
134	159	0.856001
134	160	0.810439
134	163	0.794363
134	165	0.846608
134	166	0.840208
134	167	0.839388
134	171	0.843161
134	172	0.823944
134	173	0.838504
134	174	0.838143
134	175	0.791708
134	176	0.785114
134	177	0.776072
134	178	0.78606
134	179	0.798227
134	180	0.827015
135	16	0.86985
135	17	1.57194
135	22	0.946257
135	30	0.847402
135	39	0.920617
135	40	0.926969
135	50	1.74263
135	51	0.916077
135	53	1.4537
135	61	1.8694
135	68	1.65057
135	70	0.92224
135	75	0.881012
135	82	0.934616
135	85	0.91896
135	86	0.996516
135	90	0.915365
135	114	0.911613
135	116	0.915233
135	122	0.886317
135	143	0.911235
135	154	0.924263
135	160	0.831644
135	161	0.857687
135	164	0.856614
135	166	0.861413
135	168	0.895724
135	170	0.841158
135	173	0.859709
135	174	0.859348
135	176	0.806319
135	178	0.807265
135	179	0.819432
135	180	0.848221
136	26	0.842779
136	29	0.823524
136	33	0.830654
136	47	0.804622
136	49	0.800867
136	50	0.804029
136	60	0.786127
136	64	0.784286
136	71	2.15333
136	80	3.65947
136	89	0.808843
136	95	0.797482
136	111	4.0872
136	113	0.7625
136	142	0.752491
136	143	0.80686
136	145	0.753873
136	146	0.78054
136	147	0.772594
136	150	0.790249
136	156	0.744122
136	158	0.761142
136	159	0.772831
136	160	0.727269
136	164	0.752239
136	171	0.759991
136	173	0.755334
136	174	0.754974
136	175	0.708539
136	177	0.692902
136	178	0.702891
136	179	0.715058
136	180	0.743846
137	14	3.0539
137	31	2.50819
137	61	2.59619
137	92	0.79628
137	101	0.780054
137	111	1.74173
137	114	0.852447
137	121	0.854223
137	134	0.846777
137	142	0.7977
137	143	0.852069
137	145	0.799082
137	146	0.825749
137	149	0.79841
137	151	0.772625
137	152	0.838602
137	153	0.838992
137	156	0.789331
137	158	0.80635
137	160	0.772478
137	161	0.798521
137	162	0.801001
137	163	0.756402
137	166	0.802247
137	167	0.801428
137	172	0.785983
137	173	0.800543
137	175	0.753747
137	176	0.747153
137	177	0.738111
137	178	0.748099
137	179	0.760266
137	180	0.789055
138	32	1.46521
138	45	0.839851
138	59	0.901752
138	77	0.746998
138	95	2.19069
138	99	1.98069
138	105	0.881828
138	106	0.880057
138	111	2.13158
138	122	0.842293
138	125	0.871245
138	140	1.69196
138	146	0.840891
138	147	0.832946
138	148	0.878626
138	151	0.787767
138	153	0.854135
138	156	0.804473
138	157	0.857544
138	159	0.833183
138	160	0.787621
138	161	0.813663
138	163	0.771545
138	167	0.81657
138	168	0.851701
138	169	0.820966
138	173	0.815686
138	174	0.815325
138	175	0.76889
138	176	0.762296
138	177	0.753254
