1	14	1.04473
1	43	0.974968
1	57	0.956096
1	63	1.03103
1	68	0.938514
1	79	0.915988
1	91	0.97437
1	130	2.05498
1	131	0.952872
1	143	0.989083
1	176	1.91048
1	179	0.821774
2	15	1.05593
2	39	1.00483
2	45	2.02871
2	80	0.990804
2	81	1.00491
2	85	0.975339
2	97	1.57605
2	99	0.938505
2	104	0.928624
2	108	0.975975
2	150	0.868146
2	178	0.869262
3	29	1.04267
3	51	1.08666
3	58	1.07342
3	60	1.07184
3	67	1.07135
3	131	1.09001
3	137	1.5651
3	142	1.06517
3	146	1.04522
3	152	1.36466
3	154	1.65985
3	156	1.09176
4	24	1.00117
4	38	1.07729
4	40	1.08462
4	49	1.05686
4	61	1.05134
4	72	1.11901
4	89	1.07949
4	103	0.77988
4	139	1.09482
4	144	1.04688
4	172	1.5478
4	176	2.31178
5	8	1.03982
5	30	1.01463
5	49	1.07068
5	50	1.07927
5	88	1.09099
5	89	1.0933
5	114	0.992116
5	132	1.05345
5	143	1.11997
5	144	1.0607
5	145	1.44184
5	168	4.08547
6	25	1.07517
6	64	0.672366
6	92	1.04347
6	98	1.11139
6	110	1.07095
6	122	1.07547
6	123	1.05948
6	128	1.06129
6	132	1.02115
6	141	1.07774
6	167	1.41638
6	172	2.5806
7	14	1.04799
7	47	0.95311
7	63	1.03428
7	68	0.941772
7	78	1.46912
7	79	0.919246
7	91	0.977628
7	105	0.941545
7	131	0.95613
7	143	0.992341
7	167	2.13141
7	179	0.825032
8	5	1.03982
8	13	0.910595
8	35	0.987872
8	38	0.96141
8	49	0.940983
8	54	0.95865
8	61	0.935461
8	89	0.963611
8	133	0.958095
8	139	0.978939
8	144	0.931003
8	168	3.28933
9	19	0.987803
9	32	0.982936
9	70	0.978582
9	90	0.956576
9	98	0.995906
9	122	0.95998
9	128	0.9458
9	134	0.945742
9	141	0.962256
9	144	0.912905
9	173	0.969404
9	179	3.21585
10	17	1.11908
10	22	0.996965
10	76	1.00742
10	77	1.12659
10	83	1.08706
10	88	1.06522
10	126	1.07105
10	132	1.02767
10	143	1.09419
10	151	0.752048
10	156	1.0576
10	169	2.50323
11	20	1.00181
11	26	0.999786
11	47	0.952841
11	57	0.959085
11	63	1.03402
11	68	0.941504
11	79	0.918977
11	91	0.97736
11	143	0.992072
11	172	1.46211
11	175	2.51528
11	179	0.824763
12	129	0.866059
12	145	0.893399
12	155	0.792842
12	163	0.805953
12	165	0.788811
12	168	0.763859
12	169	0.797514
12	173	0.811696
12	176	0.780325
12	177	0.75262
12	179	0.742965
12	180	0.792533
13	8	0.910595
13	35	0.988339
13	38	0.961877
13	40	0.969208
13	54	0.959117
13	61	0.935928
13	72	1.0036
13	82	1.08011
13	89	0.964078
13	139	0.979406
13	144	0.93147
13	146	2.12115
14	1	1.04473
14	7	1.04799
14	43	1.11196
14	47	1.08685
14	57	1.09309
14	68	1.07551
14	79	1.05298
14	109	0.84817
14	136	0.877654
14	143	1.12608
14	150	2.26857
14	179	0.958769
15	2	1.05593
15	45	0.771287
15	80	1.11954
15	84	1.08727
15	85	1.10408
15	99	1.06724
15	104	1.05736
15	108	1.10471
15	150	0.996885
15	175	2.11566
15	176	1.82647
15	178	0.998002
16	59	1.07702
16	65	1.07735
16	84	1.09146
16	85	1.10827
16	99	1.07144
16	104	1.06156
16	106	1.11975
16	108	1.10891
16	125	2.03688
16	150	1.00108
16	161	0.902571
16	178	1.00219
17	10	1.11908
17	48	1.06284
17	50	1.05462
17	53	1.05588
17	76	1.00855
17	83	1.08819
17	88	1.06635
17	101	1.277
17	129	0.875305
17	132	1.0288
17	143	1.09532
17	172	2.17949
18	133	0.906762
18	147	0.864578
18	161	0.852766
18	165	0.784766
18	168	0.759814
18	169	0.793469
18	174	0.768996
18	175	0.762373
18	176	0.77628
18	177	0.748575
18	178	0.776681
18	180	0.788488
19	9	0.987803
19	27	1.06825
19	86	1.05932
19	96	1.03983
19	111	1.05634
19	114	1.09128
19	117	1.22791
19	119	1.03176
19	128	1.05967
19	130	0.943357
19	134	1.05961
19	138	1.35835
19	146	1.53684
20	11	1.00181
20	26	1.08788
20	47	1.04094
20	63	1.12211
20	79	1.00707
20	91	1.06546
20	102	1.44481
20	105	1.02937
20	124	1.57872
20	131	1.04396
20	143	1.08017
20	148	1.45729
20	179	0.91286
21	40	0.986985
21	89	0.581529
21	100	0.894028
21	154	0.985725
21	162	0.967063
21	166	0.964807
21	172	0.958682
21	174	0.935002
21	175	0.928378
21	176	0.942286
21	177	0.91458
21	178	0.942686
21	180	0.954493
22	10	0.996965
22	44	0.961248
22	48	0.940726
22	50	0.932502
22	53	0.933765
22	76	0.886433
22	83	0.966071
22	88	0.944226
22	126	0.950059
22	132	0.90668
22	143	0.973202
22	151	1.76386
22	161	1.84845
23	65	1.06786
23	84	1.08197
23	85	1.09878
23	87	1.78977
23	99	1.06194
23	104	1.05206
23	108	1.09941
23	115	1.1535
23	117	1.09068
23	136	1.10899
23	150	0.991583
23	178	0.9927
24	4	1.00117
24	31	0.972395
24	34	1.08062
24	35	0.963032
24	40	0.943902
24	49	0.916144
24	54	0.933811
24	61	0.910622
24	72	0.978289
24	89	0.938772
24	139	0.9541
24	144	0.906164
24	172	2.85987
25	6	1.07517
25	94	1.01827
25	96	1.01171
25	98	1.08165
25	110	1.04121
25	111	1.02821
25	112	1.02948
25	123	1.02973
25	128	1.03155
25	134	1.03149
25	156	1.31575
25	157	1.89088
25	160	1.26369
26	11	0.999786
26	20	1.08788
26	43	1.06403
26	63	1.12009
26	68	1.02757
26	79	1.00505
26	91	1.06343
26	105	1.02735
26	133	1.03133
26	143	1.07814
26	163	1.79771
26	178	2.39984
26	179	0.910834
27	19	1.06825
27	32	1.06339
27	33	1.05403
27	70	1.05903
27	107	1.04095
27	112	1.02418
27	119	0.998342
27	122	1.04043
27	128	1.02625
27	135	1.02514
27	167	0.79021
27	178	2.36252
27	180	1.46342
28	59	1.04102
28	80	1.08774
28	81	1.10185
28	84	1.05546
28	99	1.03544
28	104	1.02556
28	105	1.04495
28	108	1.07291
28	137	1.58884
28	150	0.965079
28	158	1.20764
28	166	1.91864
28	178	0.966195
29	3	1.04267
29	36	0.892487
29	46	0.988201
29	56	0.95883
29	60	0.932489
29	67	0.932002
29	126	0.963733
29	131	0.950665
29	142	0.925824
29	146	0.905877
29	156	0.952416
29	170	1.85778
29	178	2.21077
30	5	1.01463
30	42	0.944875
30	44	0.953134
30	48	0.932611
30	50	0.924388
30	53	0.925651
30	76	0.878319
30	77	0.997484
30	83	0.957957
30	88	0.936112
30	114	1.56278
30	126	0.941945
30	151	2.06164
31	24	0.972395
31	38	1.04852
31	40	1.05585
31	49	1.02809
31	54	1.04576
31	61	1.02257
31	72	1.09024
31	89	1.05072
31	106	1.46146
31	116	1.23175
31	121	1.74373
31	139	1.06605
31	144	1.01811
32	9	0.982936
32	27	1.06339
32	64	0.494084
32	69	1.00899
32	111	1.05147
32	112	1.05273
32	119	1.0269
32	128	1.0548
32	132	1.01466
32	134	1.05475
32	141	1.07126
32	147	1.79207
32	161	1.68883
33	27	1.05403
33	37	0.956131
33	92	1.02764
33	107	1.06016
33	112	1.04338
33	122	1.05963
33	123	1.04364
33	134	1.04539
33	135	1.04435
33	141	1.06191
33	157	1.26373
33	158	1.21721
33	169	2.13423
34	24	1.08062
34	144	0.945369
34	152	0.983995
34	160	1.01425
34	165	0.940119
34	169	0.948822
34	171	0.92363
34	172	0.948029
34	174	0.924349
34	175	0.917726
34	176	0.931633
34	177	0.903927
34	180	0.943841
35	8	0.987872
35	13	0.988339
35	24	0.963032
35	38	1.03915
35	40	1.04649
35	49	1.01873
35	54	1.03639
35	61	1.01321
35	89	1.04136
35	127	1.68195
35	139	1.05668
35	142	1.27574
35	144	1.00875
35	173	2.11372
36	29	0.892487
36	58	0.923233
36	94	0.936385
36	96	0.929822
36	128	0.94966
36	131	0.939829
36	133	2.09037
36	134	0.949602
36	135	0.948554
36	141	0.966116
36	142	0.914988
36	146	0.895041
36	151	1.92772
36	156	0.941581
37	33	0.956131
37	66	0.897442
37	92	0.910532
37	98	0.978453
37	107	0.943051
37	110	0.938006
37	112	0.926277
37	119	0.900439
37	121	1.90207
37	123	0.926535
37	128	0.928347
37	134	0.928289
37	141	0.944803
37	152	2.33296
38	4	1.07729
38	8	0.96141
38	13	0.961877
38	31	1.04852
38	35	1.03915
38	40	1.02002
38	54	1.00993
38	72	1.05441
38	89	1.01489
38	117	1.35757
38	139	1.03022
38	144	0.982285
38	145	1.64434
38	156	1.60501
39	2	1.00483
39	59	1.02173
39	65	1.02206
39	80	1.06844
39	81	1.08255
39	84	1.03617
39	99	1.01614
39	104	1.00626
39	108	1.05361
39	114	0.796566
39	140	1.17886
39	150	0.945786
39	178	0.946902
39	180	2.45911
40	4	1.08462
40	13	0.969208
40	21	0.986985
40	24	0.943902
40	31	1.05585
40	35	1.04649
40	38	1.02002
40	45	0.98491
40	61	0.994075
40	72	1.06174
40	82	0.915361
40	139	1.03755
40	144	0.989617
40	161	1.67394
41	51	0.479468
41	111	0.929764
41	140	1.01742
41	155	0.932156
41	169	0.936828
41	170	0.931199
41	172	0.936036
41	173	0.95101
41	174	0.912356
41	175	0.905733
41	176	0.91964
41	177	0.891934
41	178	0.92004
41	180	0.931848
42	30	0.944875
42	44	1.03826
42	50	1.00952
42	53	1.01078
42	76	0.963448
42	77	1.08261
42	82	0.800663
42	83	1.04309
42	88	1.02124
42	125	1.94499
42	126	1.02707
42	132	0.983695
42	143	1.05022
42	163	2.18675
43	1	0.974968
43	14	1.11196
43	26	1.06403
43	47	1.01708
43	57	1.02333
43	68	1.00575
43	79	0.983219
43	91	1.0416
43	103	1.01801
43	131	1.0201
43	139	1.16906
43	143	1.05631
43	179	0.889005
43	180	2.35336
44	22	0.961248
44	30	0.953134
44	42	1.03826
44	48	1.026
44	50	1.01778
44	76	0.971706
44	77	1.09087
44	83	1.05134
44	88	1.0295
44	97	0.594903
44	126	1.03533
44	132	0.991953
44	154	1.94388
44	162	2.28087
45	2	2.02871
45	15	0.771287
45	40	0.98491
45	72	1.0193
45	89	0.97978
45	139	0.995108
45	144	0.947172
45	160	0.959115
45	162	0.901275
45	168	0.860032
45	173	0.907869
45	174	0.869214
45	175	0.862591
45	180	0.888706
46	29	0.988201
46	51	1.03219
46	56	1.04371
46	58	1.01895
46	60	1.01737
46	67	1.01688
46	77	0.856673
46	126	1.04861
46	131	1.03554
46	142	1.0107
46	146	0.990755
46	154	2.19995
46	156	1.03729
46	180	2.05352
47	7	0.95311
47	11	0.952841
47	14	1.08685
47	20	1.04094
47	43	1.01708
47	57	0.998211
47	63	1.07314
47	79	0.958103
47	91	1.01649
47	131	0.994987
47	143	1.0312
47	152	1.50906
47	156	0.799686
47	165	2.80745
47	179	0.863889
48	17	1.06284
48	22	0.940726
48	30	0.932611
48	44	1.026
48	50	0.997253
48	53	0.998516
48	76	0.951184
48	83	1.03082
48	88	1.00898
48	126	1.01481
48	132	0.971431
48	143	1.03795
48	155	1.65708
48	171	2.21732
48	173	1.42264
49	4	1.05686
49	5	1.07068
49	8	0.940983
49	24	0.916144
49	31	1.02809
49	35	1.01873
49	54	0.989506
49	61	0.966317
49	72	1.03398
49	89	0.994467
49	103	1.37462
49	116	1.61834
49	139	1.00979
49	144	0.961859
49	160	1.79978
50	5	1.07927
50	17	1.05462
50	22	0.932502
50	30	0.924388
50	42	1.00952
50	44	1.01778
50	48	0.997253
50	76	0.94296
50	83	1.0226
50	88	1.00075
50	95	1.56782
50	97	1.27316
50	132	0.963207
50	140	1.68914
50	143	1.02973
51	3	1.08666
51	41	0.479468
51	46	1.03219
51	56	1.00282
51	58	0.978056
51	60	0.976476
51	67	0.975989
51	93	1.21034
51	115	1.06212
51	126	1.00772
51	131	0.994652
51	142	0.969811
51	146	0.949864
51	156	0.996404
51	175	3.02294
52	58	1.17696
52	124	0.982584
52	144	0.883554
52	148	0.986088
52	154	0.947447
52	155	0.916524
52	170	0.915567
52	171	0.896005
52	172	0.920404
52	173	0.935378
52	175	0.8901
52	176	0.904007
52	177	0.876302
52	178	0.904408
52	180	0.916215
53	17	1.05588
53	22	0.933765
53	30	0.925651
53	42	1.01078
53	48	0.998516
53	76	0.944224
53	77	1.06339
53	83	1.02386
53	88	1.00202
53	126	1.00785
53	132	0.964471
53	139	0.892349
53	143	1.03099
53	148	1.2934
53	170	2.62276
54	8	0.95865
54	13	0.959117
54	24	0.933811
54	31	1.04576
54	35	1.03639
54	38	1.00993
54	49	0.989506
54	61	0.983984
54	71	1.0313
54	72	1.05165
54	89	1.01213
54	139	1.02746
54	144	0.979526
54	164	2.06905
54	173	2.219
55	60	2.50656
55	87	0.875119
55	129	0.910483
55	133	0.955231
55	152	0.877111
55	158	0.919963
55	163	0.850377
55	165	0.833235
55	170	0.836309
55	172	0.841145
55	174	0.817465
55	175	0.810842
55	176	0.824749
55	177	0.797044
55	180	0.836957
56	29	0.95883
56	46	1.04371
56	51	1.00282
56	58	0.989576
56	60	0.987996
56	67	0.987508
56	115	1.07364
56	126	1.01924
56	131	1.00617
56	142	0.981331
56	146	0.961384
56	156	1.00792
56	166	0.889748
56	177	3.08751
56	178	1.40737
57	1	0.956096
57	11	0.959085
57	14	1.09309
57	43	1.02333
57	47	0.998211
57	63	1.07939
57	68	0.986873
57	78	1.23558
57	79	0.964347
57	91	1.02273
57	105	0.986646
57	143	1.03744
57	146	1.77444
57	147	1.59522
57	179	0.870133
58	3	1.07342
58	36	0.923233
58	46	1.01895
58	51	0.978056
58	52	1.17696
58	56	0.989576
58	60	0.963235
58	67	0.962747
58	74	1.84811
58	95	1.12545
58	115	1.04888
58	126	0.994479
58	131	0.981411
58	142	0.95657
58	146	0.936623
58	156	0.983162
59	16	1.07702
59	28	1.04102
59	39	1.02173
59	65	0.961321
59	77	1.17857
59	81	1.02181
59	84	0.97543
59	85	0.992237
59	99	0.955403
59	104	0.945522
59	108	0.992873
59	115	1.04696
59	136	1.77283
59	139	1.67579
59	150	0.885044
59	178	0.886161
60	3	1.07184
60	29	0.932489
60	46	1.01737
60	51	0.976476
60	55	2.50656
60	56	0.987996
60	58	0.963235
60	67	0.961168
60	115	1.0473
60	126	0.992899
60	131	0.979831
60	133	1.01642
60	139	0.833156
60	142	0.95499
60	146	0.935043
60	156	0.981583
61	4	1.05134
61	8	0.935461
61	13	0.935928
61	24	0.910622
61	31	1.02257
61	35	1.01321
61	40	0.994075
61	49	0.966317
61	54	0.983984
61	72	1.02846
61	89	0.988945
61	114	0.963507
61	139	1.00427
61	140	1.3458
61	144	0.956337
61	159	2.51768
62	67	0.86662
62	110	0.58113
62	131	0.497381
62	153	1.06107
62	160	1.05413
62	163	0.997143
62	164	0.980122
62	168	0.955049
62	170	0.983075
62	171	0.963513
62	172	0.987911
62	175	0.957608
62	176	0.971515
62	177	0.94381
62	179	0.934155
62	180	0.983723
63	1	1.03103
63	7	1.03428
63	11	1.03402
63	20	1.12211
63	26	1.12009
63	47	1.07314
63	57	1.07939
63	68	1.0618
63	91	1.09766
63	131	1.07616
63	139	0.687963
63	143	1.11237
63	158	0.986745
63	165	2.4659
63	166	1.69775
63	179	0.945064
64	6	0.672366
64	32	0.494084
64	76	0.530217
64	95	1.13315
64	104	0.508597
64	120	1.16942
64	164	1.06051
64	171	1.0439
64	172	1.0683
64	173	1.08327
64	174	1.04462
64	175	1.038
64	176	1.0519
64	177	1.0242
64	179	1.01454
64	180	1.06411
65	16	1.07735
65	23	1.06786
65	39	1.02206
65	59	0.961321
65	80	1.00803
65	81	1.02214
65	84	0.975762
65	85	0.992569
65	99	0.955735
65	104	0.945854
65	108	0.993205
65	118	1.82113
65	120	1.15941
65	150	0.885376
65	178	0.886493
65	180	2.02193
66	37	0.897442
66	90	0.99754
66	98	1.03687
66	110	0.996423
66	111	0.983431
66	112	0.984694
66	119	0.958856
66	122	1.00094
66	124	0.647195
66	128	0.986763
66	134	0.986706
66	135	0.985658
66	141	1.00322
66	144	0.953869
66	170	1.85512
66	175	2.85318
67	3	1.07135
67	29	0.932002
67	46	1.01688
67	51	0.975989
67	56	0.987508
67	58	0.962747
67	60	0.961168
67	62	0.86662
67	115	1.04681
67	126	0.992412
67	131	0.979344
67	142	0.954503
67	146	0.934556
67	148	1.80963
67	153	1.7581
67	156	0.981095
68	1	0.938514
68	7	0.941772
68	11	0.941504
68	14	1.07551
68	26	1.02757
68	43	1.00575
68	57	0.986873
68	63	1.0618
68	79	0.946765
68	91	1.00515
68	120	0.792898
68	131	0.983649
68	143	1.01986
68	165	2.80507
68	179	0.852551
68	180	1.65542
69	32	1.00899
69	73	0.924219
69	82	0.803865
69	92	0.954036
69	96	0.952012
69	107	0.986554
69	110	0.98151
69	114	1.00346
69	119	0.943943
69	122	0.98603
69	128	0.97185
69	132	0.931709
69	134	0.971793
69	135	0.970745
69	141	0.988306
69	155	2.74811
69	180	2.08254
70	9	0.978582
70	27	1.05903
70	90	1.06123
70	96	1.03061
70	98	1.10056
70	110	1.06011
70	111	1.04712
70	119	1.02254
70	120	0.960534
70	123	1.04864
70	128	1.05045
70	134	1.05039
70	135	1.04934
70	144	1.01756
70	150	2.12671
70	153	0.988277
70	154	1.96949
71	54	1.0313
71	128	0.678481
71	130	0.92833
71	138	1.02996
71	141	0.78416
71	151	1.01002
71	154	0.984514
71	158	1.03629
71	160	1.02369
71	162	0.965852
71	163	0.966703
71	166	0.963597
71	174	0.933791
71	175	0.927168
71	176	0.941075
71	177	0.91337
71	180	0.953283
72	4	1.11901
72	13	1.0036
72	24	0.978289
72	31	1.09024
72	38	1.05441
72	40	1.06174
72	45	1.0193
72	49	1.03398
72	54	1.05165
72	61	1.02846
72	89	1.05661
72	118	1.14887
72	139	1.07194
72	144	1.024
72	154	0.826838
72	168	4.2252
72	173	1.11154
73	69	0.924219
73	86	0.969681
73	98	1.02014
73	107	0.98474
73	110	0.979695
73	112	0.967967
73	119	0.942128
73	121	1.16191
73	122	0.984216
73	123	0.968224
73	128	0.970036
73	134	0.969978
73	135	0.968931
73	141	0.986492
73	144	0.937142
73	166	2.12304
73	169	2.32906
74	58	1.84811
74	124	0.957213
74	127	0.95073
74	140	0.976413
74	143	0.938713
74	152	0.930999
74	154	0.922076
74	159	0.909113
74	165	0.887123
74	166	0.901159
74	170	0.890197
74	173	0.910008
74	174	0.871353
74	175	0.86473
74	176	0.878637
74	177	0.850932
74	180	0.890845
75	100	0.782262
75	123	2.99531
75	137	0.885108
75	149	0.914135
75	153	0.920073
75	154	0.873959
75	163	0.856147
75	168	0.814053
75	169	0.847708
75	170	0.842079
75	171	0.822517
75	172	0.846915
75	173	0.86189
75	174	0.823235
75	175	0.816612
75	176	0.830519
75	177	0.802814
75	180	0.842727
76	10	1.00742
76	17	1.00855
76	22	0.886433
76	30	0.878319
76	42	0.963448
76	44	0.971706
76	48	0.951184
76	50	0.94296
76	53	0.944224
76	64	0.530217
76	77	1.01606
76	83	0.97653
76	88	0.954685
76	126	0.960517
76	132	0.917138
76	140	1.52381
76	143	0.98366
76	159	2.69569
77	10	1.12659
77	30	0.997484
77	42	1.08261
77	44	1.09087
77	46	0.856673
77	53	1.06339
77	59	1.17857
77	76	1.01606
77	122	0.404004
77	123	0.432039
77	143	1.10282
77	149	1.05649
77	171	0.964874
77	172	0.989272
77	173	1.00425
77	174	0.965592
77	177	0.945171
77	180	0.985084
78	7	1.46912
78	57	1.23558
78	106	1.01873
78	120	1.04805
78	143	0.282127
78	145	1.04361
78	153	1.02009
78	155	0.943052
78	162	0.955312
78	164	0.939142
78	168	0.914069
78	170	0.942095
78	172	0.946931
78	174	0.923251
78	175	0.916628
78	176	0.930535
78	177	0.90283
78	180	0.942743
79	1	0.915988
79	7	0.919246
79	11	0.918977
79	14	1.05298
79	20	1.00707
79	26	1.00505
79	43	0.983219
79	47	0.958103
79	57	0.964347
79	68	0.946765
79	91	0.982621
79	105	0.946538
79	131	0.961123
79	143	0.997334
79	156	1.58111
79	157	2.15623
79	167	1.76602
79	179	0.830025
80	2	0.990804
80	15	1.11954
80	28	1.08774
80	39	1.06844
80	65	1.00803
80	81	1.06853
80	84	1.02214
80	85	1.03895
80	99	1.00212
80	101	1.08237
80	104	0.992236
80	108	1.03959
80	115	1.09368
80	145	0.766451
80	150	0.931758
80	161	1.18324
80	178	0.932875
80	179	4.65795
81	2	1.00491
81	28	1.10185
81	39	1.08255
81	59	1.02181
81	65	1.02214
81	80	1.06853
81	84	1.03625
81	85	1.05306
81	99	1.01623
81	104	1.00635
81	105	1.02574
81	108	1.0537
81	145	0.6415
81	150	0.945868
81	162	1.94372
81	166	1.84177
81	170	2.0064
81	178	0.946985
82	13	1.08011
82	40	0.915361
82	42	0.800663
82	69	0.803865
82	118	1.06061
82	147	1.08559
82	148	1.07937
82	153	1.08685
82	157	1.04478
82	167	1.06046
82	168	0.980825
82	171	0.98929
82	172	1.01369
82	173	1.02866
82	175	0.983385
82	176	0.997292
82	177	0.969586
82	180	1.0095
83	10	1.08706
83	17	1.08819
83	22	0.966071
83	30	0.957957
83	42	1.04309
83	44	1.05134
83	48	1.03082
83	50	1.0226
83	53	1.02386
83	76	0.97653
83	88	1.03432
83	126	1.04016
83	132	0.996777
83	139	1.00975
83	143	1.0633
83	149	1.41303
83	164	1.94494
83	169	2.25126
84	15	1.08727
84	16	1.09146
84	23	1.08197
84	28	1.05546
84	39	1.03617
84	59	0.97543
84	65	0.975762
84	80	1.02214
84	81	1.03625
84	85	1.00668
84	104	0.959963
84	108	1.00731
84	115	1.0614
84	150	0.899486
84	152	1.26337
84	167	0.738908
84	169	1.99962
84	171	2.63794
84	178	0.900602
85	2	0.975339
85	15	1.10408
85	16	1.10827
85	23	1.09878
85	59	0.992237
85	65	0.992569
85	80	1.03895
85	81	1.05306
85	84	1.00668
85	99	0.986651
85	104	0.97677
85	105	0.996161
85	108	1.02412
85	109	1.02937
85	125	1.61813
85	137	1.6146
85	150	0.916292
85	176	2.8179
85	178	0.917409
86	19	1.05932
86	73	0.969681
86	92	0.999498
86	94	1.00404
86	96	0.997474
86	103	1.2275
86	107	1.03202
86	110	1.02697
86	111	1.01398
86	119	0.989405
86	120	1.70032
86	123	1.0155
86	128	1.01731
86	132	0.977171
86	134	1.01725
86	135	1.01621
86	136	1.47559
86	141	1.03377
86	148	1.7796
87	23	1.78977
87	55	0.875119
87	95	0.942147
87	112	1.38116
87	136	0.97317
87	138	0.949783
87	153	0.950455
87	158	0.956116
87	160	0.943518
87	163	0.88653
87	171	0.852899
87	172	0.877298
87	173	0.892272
87	174	0.853618
87	175	0.846994
87	176	0.860902
87	177	0.833196
87	179	0.823541
87	180	0.87311
88	5	1.09099
88	10	1.06522
88	17	1.06635
88	22	0.944226
88	30	0.936112
88	42	1.02124
88	44	1.0295
88	48	1.00898
88	50	1.00075
88	53	1.00202
88	76	0.954685
88	83	1.03432
88	126	1.01831
88	132	0.974932
88	142	1.09678
88	143	1.04145
88	153	0.668853
88	155	2.16921
88	176	2.75861
89	4	1.07949
89	5	1.0933
89	8	0.963611
89	13	0.964078
89	21	0.581529
89	24	0.938772
89	31	1.05072
89	35	1.04136
89	38	1.01489
89	45	0.97978
89	49	0.994467
89	54	1.01213
89	61	0.988945
89	72	1.05661
89	114	0.685033
89	139	1.03242
89	144	0.984487
89	166	2.72906
89	167	1.67436
90	9	0.956576
90	66	0.99754
90	70	1.06123
90	92	1.01063
90	94	1.01517
90	111	1.02511
90	112	1.02637
90	119	1.00054
90	122	1.04262
90	128	1.02844
90	130	0.91213
90	132	0.988303
90	134	1.02839
90	135	1.02734
90	141	1.0449
90	162	1.22543
90	163	1.03897
90	172	1.23301
90	177	3.32125
91	1	0.97437
91	7	0.977628
91	11	0.97736
91	20	1.06546
91	26	1.06343
91	43	1.0416
91	47	1.01649
91	57	1.02273
91	63	1.09766
91	68	1.00515
91	79	0.982621
91	105	1.00492
91	124	1.40649
91	131	1.01951
91	142	1.66146
91	143	1.05572
91	153	1.23353
91	179	0.888408
91	180	2.06831
92	6	1.04347
92	33	1.02764
92	37	0.910532
92	69	0.954036
92	86	0.999498
92	90	1.01063
92	94	0.986579
92	98	1.04996
92	109	1.15849
92	113	1.29687
92	114	1.03146
92	119	0.971945
92	122	1.01403
92	123	0.998041
92	128	0.999853
92	135	0.998748
92	141	1.01631
92	144	0.966959
92	160	1.36504
92	163	2.5722
93	51	1.21034
93	98	0.550556
93	100	0.864409
93	124	0.991242
93	128	0.45745
93	133	1.04315
93	140	1.01044
93	152	0.965028
93	158	1.00788
93	161	0.989152
93	164	0.921273
93	170	0.924226
93	171	0.904664
93	172	0.929062
93	173	0.944037
93	175	0.898759
93	176	0.912666
93	177	0.884961
93	179	0.875306
93	180	0.924874
94	25	1.01827
94	36	0.936385
94	86	1.00404
94	90	1.01517
94	92	0.986579
94	96	0.984555
94	98	1.0545
94	107	1.0191
94	112	1.00232
94	122	1.01857
94	123	1.00258
94	128	1.00439
94	130	0.88808
94	134	1.00434
94	135	1.00329
94	141	1.02085
94	147	1.33858
94	157	2.03143
94	160	1.40425
94	167	1.64122
95	50	1.56782
95	58	1.12545
95	64	1.13315
95	87	0.942147
95	134	0.713125
95	145	1.00485
95	147	0.980074
95	153	0.981331
95	155	0.904294
95	157	0.939266
95	160	0.974393
95	166	0.914299
95	167	0.954942
95	171	0.883775
95	172	0.908173
95	173	0.923148
95	175	0.87787
95	177	0.864072
95	178	0.892177
95	180	0.903985
96	19	1.03983
96	25	1.01171
96	36	0.929822
96	69	0.952012
96	70	1.03061
96	86	0.997474
96	94	0.984555
96	102	1.19638
96	107	1.01253
96	111	0.994498
96	112	0.99576
96	122	1.01201
96	123	0.996018
96	128	0.997829
96	134	0.997772
96	135	0.996724
96	140	0.711855
96	141	1.01429
96	142	1.58525
96	174	3.05676
97	2	1.57605
97	44	0.594903
97	50	1.27316
97	140	1.0772
97	141	0.399684
97	150	0.978713
97	151	1.04837
97	154	1.02287
97	164	0.988036
97	166	1.00195
97	167	1.04259
97	169	0.996618
97	170	0.990989
97	171	0.971427
97	172	0.995825
97	174	0.972145
97	175	0.965522
97	176	0.979429
97	177	0.951724
97	180	0.991637
98	6	1.11139
98	9	0.995906
98	25	1.08165
98	37	0.978453
98	66	1.03687
98	70	1.10056
98	73	1.02014
98	92	1.04996
98	93	0.550556
98	94	1.0545
98	111	1.06444
98	119	1.03987
98	123	1.06596
98	127	0.818342
98	130	0.95146
98	134	1.06772
98	135	1.06667
98	141	1.08423
98	149	1.23789
98	158	1.15911
98	179	4.7262
99	2	0.938505
99	15	1.06724
99	16	1.07144
99	23	1.06194
99	28	1.03544
99	39	1.01614
99	59	0.955403
99	65	0.955735
99	80	1.00212
99	81	1.01623
99	85	0.986651
99	104	0.939936
99	105	0.959327
99	108	0.987287
99	113	0.90035
99	115	1.04138
99	150	0.879458
99	152	1.72996
99	161	0.799616
99	175	3.42288
99	178	0.880575
100	21	0.894028
100	75	0.782262
100	93	0.864409
100	118	0.82559
100	146	0.811224
100	148	0.844355
100	153	0.851828
100	154	0.805714
100	158	0.857489
100	163	0.787903
100	167	0.825439
100	168	0.745808
100	169	0.779463
100	170	0.773834
100	171	0.754272
100	174	0.754991
100	175	0.748367
100	176	0.762275
100	177	0.734569
100	180	0.774482
101	17	1.277
101	80	1.08237
101	125	0.96434
101	141	1.12925
101	155	0.926908
101	159	0.944867
101	160	0.997008
101	162	0.939169
101	164	0.922999
101	166	0.936914
101	167	0.977556
101	168	0.897925
101	169	0.93158
101	172	0.930788
101	173	0.945762
101	174	0.907108
101	175	0.900484
101	176	0.914392
101	177	0.886686
101	178	0.914792
101	180	0.9266
102	20	1.44481
102	96	1.19638
102	117	0.997432
102	119	1.05364
102	140	0.994314
102	145	1.00961
102	149	0.980153
102	157	0.944027
102	162	0.921315
102	163	0.922166
102	166	0.91906
102	167	0.959702
102	169	0.913726
102	171	0.888535
102	173	0.927908
102	174	0.889254
102	175	0.882631
102	176	0.896538
102	177	0.868832
102	178	0.896938
102	179	0.859178
102	180	0.908746
103	4	0.77988
103	43	1.01801
103	49	1.37462
103	86	1.2275
103	106	1.02713
103	117	1.03983
103	127	1.01103
103	133	1.06942
103	136	1.05121
103	137	0.993527
103	154	0.982377
103	155	0.951455
103	159	0.969414
103	163	0.964566
103	170	0.950498
103	172	0.955334
103	173	0.970309
103	174	0.931654
103	175	0.925031
103	176	0.938938
103	177	0.911233
103	180	0.951146
104	2	0.928624
104	15	1.05736
104	16	1.06156
104	23	1.05206
104	28	1.02556
104	39	1.00626
104	59	0.945522
104	64	0.508597
104	65	0.945854
104	80	0.992236
104	81	1.00635
104	84	0.959963
104	85	0.97677
104	99	0.939936
104	105	0.949447
104	108	0.977407
104	115	1.0315
104	138	1.80731
104	150	0.869578
104	153	1.94766
104	161	1.70335
104	178	0.870694
105	7	0.941545
105	20	1.02937
105	26	1.02735
105	28	1.04495
105	57	0.986646
105	79	0.946538
105	81	1.02574
105	85	0.996161
105	91	1.00492
105	99	0.959327
105	104	0.949447
105	108	0.996798
105	115	1.05089
105	131	0.983422
105	138	1.01693
105	143	1.01963
105	150	0.888969
105	171	2.56474
105	173	1.77005
105	176	2.5939
105	178	0.890085
105	179	0.852324
106	16	1.11975
106	31	1.46146
106	78	1.01873
106	103	1.02713
106	122	1.22361
106	137	0.953313
106	159	0.9292
106	160	0.98134
106	162	0.923501
106	165	0.90721
106	166	0.921246
106	168	0.882258
106	169	0.915913
106	170	0.910284
106	171	0.890722
106	172	0.91512
106	173	0.930095
106	174	0.89144
106	175	0.884817
106	176	0.898724
106	177	0.871019
106	180	0.910932
107	27	1.04095
107	33	1.06016
107	37	0.943051
107	69	0.986554
107	73	0.98474
107	86	1.03202
107	94	1.0191
107	96	1.01253
107	110	1.04203
107	111	1.02904
107	112	1.0303
107	119	1.00446
107	121	0.79229
107	123	1.03056
107	127	1.37129
107	128	1.03237
107	132	0.992231
107	134	1.03231
107	135	1.03127
107	141	1.04883
107	159	1.26356
107	165	2.52158
107	178	2.27103
108	2	0.975975
108	15	1.10471
108	16	1.10891
108	23	1.09941
108	28	1.07291
108	39	1.05361
108	59	0.992873
108	65	0.993205
108	80	1.03959
108	81	1.0537
108	84	1.00731
108	85	1.02412
108	99	0.987287
108	104	0.977407
108	105	0.996798
108	115	1.07885
108	133	0.788445
108	146	0.984423
108	149	0.881778
108	150	0.916929
108	174	2.19717
108	177	3.71176
108	178	0.918045
109	14	0.84817
109	85	1.02937
109	92	1.15849
109	122	0.968783
109	145	1.05803
109	148	1.02704
109	150	0.944243
109	159	0.975435
109	161	1.02145
109	162	0.969736
109	164	0.953566
109	165	0.953445
109	167	1.00812
109	168	0.928493
109	169	0.962148
109	171	0.936957
109	172	0.961355
109	173	0.97633
109	174	0.937675
109	175	0.931052
109	176	0.944959
109	177	0.917254
109	180	0.957167
110	6	1.07095
110	25	1.04121
110	37	0.938006
110	62	0.58113
110	66	0.996423
110	69	0.98151
110	70	1.06011
110	73	0.979695
110	86	1.02697
110	107	1.04203
110	112	1.02526
110	113	1.32903
110	114	1.05893
110	122	1.04151
110	123	1.02552
110	132	0.987186
110	134	1.02727
110	135	1.02622
110	141	1.04378
110	144	0.994433
110	151	1.14371
110	160	1.3972
110	163	2.60436
111	19	1.05634
111	25	1.02821
111	32	1.05147
111	41	0.929764
111	66	0.983431
111	70	1.04712
111	86	1.01398
111	90	1.02511
111	96	0.994498
111	98	1.06444
111	107	1.02904
111	112	1.01227
111	119	0.986428
111	122	1.02852
111	123	1.01252
111	127	1.92842
111	129	1.11589
111	132	0.974194
111	134	1.01428
111	135	1.01323
111	141	1.03079
111	145	1.11028
111	164	2.21025
112	25	1.02948
112	27	1.02418
112	32	1.05273
112	33	1.04338
112	37	0.926277
112	66	0.984694
112	73	0.967967
112	87	1.38116
112	90	1.02637
112	94	1.00232
112	96	0.99576
112	107	1.0303
112	110	1.02526
112	111	1.01227
112	116	0.695996
112	119	0.987691
112	122	1.02978
112	123	1.01379
112	135	1.01449
112	141	1.03205
112	142	1.38077
112	144	0.982704
112	153	0.952845
112	171	3.01345
113	92	1.29687
113	99	0.90035
113	110	1.32903
113	121	1.02249
113	141	0.56237
113	149	1.01812
113	152	0.986869
113	155	0.947023
113	159	0.964983
113	160	1.01712
113	162	0.959284
113	164	0.943114
113	166	0.957029
113	167	0.997671
113	168	0.91804
113	169	0.951695
113	170	0.946066
113	171	0.926504
113	173	0.965877
113	175	0.920599
113	176	0.934507
113	177	0.906801
113	178	0.934907
113	180	0.946715
114	5	0.992116
114	19	1.09128
114	30	1.56278
114	39	0.796566
114	61	0.963507
114	69	1.00346
114	89	0.685033
114	92	1.03146
114	110	1.05893
114	122	1.06346
114	123	1.04746
114	130	0.932962
114	134	1.04922
114	135	1.04817
114	141	1.06573
114	155	0.958224
114	161	1.02219
114	163	0.971335
114	169	0.962896
114	170	0.957267
114	174	0.938423
114	175	0.9318
114	176	0.945707
114	177	0.918002
114	180	0.957915
115	23	1.1535
115	51	1.06212
115	56	1.07364
115	58	1.04888
115	59	1.04696
115	60	1.0473
115	67	1.04681
115	80	1.09368
115	84	1.0614
115	99	1.04138
115	104	1.0315
115	105	1.05089
115	108	1.07885
115	126	1.07854
115	139	1.13193
115	142	1.04063
115	146	1.02068
115	148	0.789957
115	150	0.971018
115	156	1.06722
115	169	1.3826
115	172	1.28611
115	174	1.85976
115	177	3.37435
115	178	0.972135
116	31	1.23175
116	49	1.61834
116	112	0.695996
116	124	1.01017
116	131	0.624735
116	136	1.04386
116	137	0.986178
116	147	1.01989
116	152	0.983951
116	155	0.944106
116	157	0.979078
116	162	0.956366
116	163	0.957217
116	164	0.940196
116	165	0.940075
116	166	0.954111
116	169	0.948778
116	170	0.943149
116	172	0.947985
116	173	0.96296
116	175	0.917682
116	177	0.903884
116	179	0.894229
116	180	0.943797
117	19	1.22791
117	23	1.09068
117	38	1.35757
117	102	0.997432
117	103	1.03983
117	126	0.947809
117	127	0.98352
117	148	0.993507
117	151	0.980369
117	154	0.954865
117	155	0.923943
117	159	0.941902
117	161	0.987912
117	163	0.937054
117	164	0.920033
117	167	0.974591
117	168	0.89496
117	169	0.928615
117	170	0.922986
117	172	0.927822
117	173	0.942797
117	174	0.904142
117	175	0.897519
117	176	0.911426
117	177	0.883721
117	180	0.923634
118	65	1.82113
118	72	1.14887
118	82	1.06061
118	100	0.82559
118	139	0.992457
118	143	1.41682
118	147	0.962145
118	150	0.873131
118	155	0.886364
118	158	0.969061
118	159	0.904323
118	160	0.956464
118	161	0.950333
118	167	0.937012
118	168	0.857381
118	169	0.891036
118	170	0.885407
118	171	0.865845
118	172	0.890243
118	173	0.905218
118	174	0.866563
118	176	0.873847
118	177	0.846142
118	178	0.874248
118	180	0.886055
119	19	1.03176
119	27	0.998342
119	32	1.0269
119	37	0.900439
119	66	0.958856
119	69	0.943943
119	70	1.02254
119	73	0.942128
119	86	0.989405
119	90	1.00054
119	92	0.971945
119	98	1.03987
119	102	1.05364
119	107	1.00446
119	111	0.986428
119	112	0.987691
119	120	0.986837
119	122	1.00394
119	130	0.873446
119	132	0.949619
119	134	0.989702
119	135	0.988655
119	141	1.00622
119	144	0.956866
119	160	0.939174
119	170	2.39547
119	178	2.74846
120	64	1.16942
120	65	1.15941
120	68	0.792898
120	70	0.960534
120	78	1.04805
120	86	1.70032
120	119	0.986837
120	121	1.01603
120	125	0.977994
120	137	0.982634
120	151	0.996989
120	152	0.980407
120	158	1.02326
120	160	1.01066
120	161	1.00453
120	162	0.952822
120	163	0.953673
120	164	0.936652
120	166	0.950567
120	169	0.945234
120	170	0.939605
120	171	0.920043
120	173	0.959416
120	174	0.920761
120	175	0.914138
120	176	0.928045
120	177	0.90034
120	180	0.940253
121	31	1.74373
121	37	1.90207
121	73	1.16191
121	107	0.79229
121	113	1.02249
121	120	1.01603
121	127	0.970609
121	140	0.996291
121	146	0.947465
121	148	0.980596
121	149	0.982131
121	151	0.967459
121	153	0.988069
121	155	0.911032
121	162	0.923293
121	165	0.907002
121	169	0.915704
121	170	0.910075
121	171	0.890513
121	172	0.914912
121	173	0.929886
121	174	0.891232
121	175	0.884608
121	176	0.898516
121	177	0.87081
121	178	0.898916
121	179	0.861155
121	180	0.910724
122	6	1.07547
122	9	0.95998
122	27	1.04043
122	33	1.05963
122	66	1.00094
122	69	0.98603
122	73	0.984216
122	77	0.404004
122	90	1.04262
122	92	1.01403
122	94	1.01857
122	96	1.01201
122	106	1.22361
122	109	0.968783
122	110	1.04151
122	111	1.02852
122	112	1.02978
122	114	1.06346
122	119	1.00394
122	123	1.03004
122	130	0.915534
122	132	0.991706
122	135	1.03074
122	141	1.0483
122	144	0.998953
122	149	1.83479
122	153	1.25074
122	158	1.75601
123	6	1.05948
123	25	1.02973
123	33	1.04364
123	37	0.926535
123	70	1.04864
123	73	0.968224
123	75	2.99531
123	77	0.432039
123	86	1.0155
123	92	0.998041
123	94	1.00258
123	96	0.996018
123	98	1.06596
123	107	1.03056
123	110	1.02552
123	111	1.01252
123	112	1.01379
123	114	1.04746
123	122	1.03004
123	128	1.01586
123	134	1.0158
123	135	1.01475
123	136	0.555136
123	141	1.03231
123	144	0.982961
123	156	0.78427
123	162	2.12582
123	180	1.64239
124	20	1.57872
124	52	0.982584
124	66	0.647195
124	74	0.957213
124	91	1.40649
124	93	0.991242
124	116	1.01017
124	126	1.39156
124	133	1.01959
124	137	0.943697
124	138	0.97799
124	148	0.971189
124	149	0.972723
124	152	0.94147
124	157	0.936598
124	160	0.971725
124	162	0.913885
124	164	0.897715
124	169	0.906297
124	170	0.900668
124	172	0.905504
124	173	0.920479
124	174	0.881824
124	175	0.875201
124	176	0.889108
124	177	0.861403
124	179	0.851748
124	180	0.901316
125	16	2.03688
125	42	1.94499
125	85	1.61813
125	101	0.96434
125	120	0.977994
125	133	0.990962
125	149	0.944096
125	151	0.929424
125	155	0.872997
125	157	0.90797
125	158	0.955695
125	160	0.943097
125	162	0.885258
125	163	0.886108
125	164	0.869088
125	165	0.868966
125	167	0.923645
125	168	0.844014
125	170	0.87204
125	171	0.852478
125	172	0.876877
125	173	0.891851
125	174	0.853196
125	176	0.86048
125	177	0.832775
125	178	0.860881
125	179	0.82312
125	180	0.872688
126	10	1.07105
126	22	0.950059
126	29	0.963733
126	30	0.941945
126	42	1.02707
126	44	1.03533
126	46	1.04861
126	48	1.01481
126	51	1.00772
126	53	1.00785
126	56	1.01924
126	58	0.994479
126	60	0.992899
126	67	0.992412
126	76	0.960517
126	83	1.04016
126	88	1.01831
126	115	1.07854
126	117	0.947809
126	124	1.39156
126	131	1.01108
126	142	0.986234
126	143	1.04729
126	145	1.23459
126	146	0.966287
126	147	1.07752
126	148	1.27012
126	156	1.01283
126	164	2.33455
127	35	1.68195
127	74	0.95073
127	98	0.818342
127	103	1.01103
127	107	1.37129
127	111	1.92842
127	117	0.98352
127	121	0.970609
127	133	1.01311
127	138	0.971507
127	146	0.931575
127	151	0.951569
127	156	0.978114
127	157	0.930115
127	161	0.959111
127	162	0.907403
127	163	0.908253
127	164	0.891232
127	167	0.94579
127	169	0.899814
127	170	0.894185
127	171	0.874623
127	172	0.899021
127	173	0.913996
127	174	0.875341
127	175	0.868718
127	176	0.882625
127	177	0.85492
127	180	0.894833
128	6	1.06129
128	9	0.9458
128	19	1.05967
128	25	1.03155
128	27	1.02625
128	32	1.0548
128	36	0.94966
128	37	0.928347
128	66	0.986763
128	69	0.97185
128	70	1.05045
128	71	0.678481
128	73	0.970036
128	86	1.01731
128	90	1.02844
128	92	0.999853
128	93	0.45745
128	94	1.00439
128	96	0.997829
128	107	1.03237
128	123	1.01586
128	134	1.01761
128	135	1.01656
128	141	1.03412
128	144	0.984773
128	173	1.15702
128	175	2.27005
128	176	1.98086
128	177	3.30513
129	12	0.866059
129	17	0.875305
129	55	0.910483
129	111	1.11589
129	132	1.16661
129	136	1.00853
129	140	0.994041
129	144	1.42044
129	145	1.00934
129	148	0.978346
129	151	0.965209
129	153	0.985819
129	157	0.943755
129	161	0.972752
129	162	0.921043
129	163	0.921893
129	164	0.904872
129	166	0.918787
129	168	0.879799
129	169	0.913454
129	170	0.907825
129	171	0.888263
129	172	0.912661
129	173	0.927636
129	174	0.888981
129	175	0.882358
129	176	0.896265
129	177	0.86856
129	180	0.908473
130	1	2.05498
130	19	0.943357
130	71	0.92833
130	90	0.91213
130	94	0.88808
130	98	0.95146
130	114	0.932962
130	119	0.873446
130	122	0.915534
130	131	3.11584
130	132	0.861213
130	134	0.901296
130	135	0.900249
130	141	0.91781
130	144	0.86846
130	149	0.881401
130	158	0.893
130	164	0.806393
130	165	0.806272
130	166	0.820308
130	168	0.78132
130	169	0.814975
130	171	0.789784
130	172	0.814182
130	174	0.790502
130	175	0.783879
130	176	0.797786
130	177	0.770081
130	180	0.809994
131	1	0.952872
131	3	1.09001
131	7	0.95613
131	20	1.04396
131	29	0.950665
131	36	0.939829
131	43	1.0201
131	46	1.03554
131	47	0.994987
131	51	0.994652
131	56	1.00617
131	58	0.981411
131	60	0.979831
131	62	0.497381
131	63	1.07616
131	67	0.979344
131	68	0.983649
131	79	0.961123
131	91	1.01951
131	105	0.983422
131	116	0.624735
131	126	1.01108
131	130	3.11584
131	133	0.715332
131	142	0.973166
131	143	1.03422
131	146	0.953219
131	149	1.46563
131	156	0.999758
131	170	2.26247
131	179	0.866909
132	5	1.05345
132	6	1.02115
132	10	1.02767
132	17	1.0288
132	22	0.90668
132	32	1.01466
132	42	0.983695
132	44	0.991953
132	48	0.971431
132	50	0.963207
132	53	0.964471
132	69	0.931709
132	76	0.917138
132	83	0.996777
132	86	0.977171
132	88	0.974932
132	90	0.988303
132	107	0.992231
132	110	0.987186
132	111	0.974194
132	119	0.949619
132	122	0.991706
132	129	1.16661
132	130	0.861213
132	135	0.976421
132	137	2.03147
132	141	0.993982
132	143	1.00391
132	144	0.944632
132	145	1.161
132	146	1.18316
132	150	2.28345
132	159	1.87142
133	8	0.958095
133	18	0.906762
133	26	1.03133
133	36	2.09037
133	55	0.955231
133	60	1.01642
133	93	1.04315
133	103	1.06942
133	108	0.788445
133	124	1.01959
133	125	0.990962
133	127	1.01311
133	131	0.715332
133	136	1.05328
133	138	1.0299
133	153	1.03057
133	155	0.95353
133	157	0.988503
133	160	1.02363
133	163	0.966642
133	164	0.949621
133	165	0.9495
133	166	0.963536
133	167	1.00418
133	169	0.958202
133	171	0.933011
133	172	0.95741
133	174	0.93373
133	175	0.927106
133	176	0.941014
133	177	0.913308
133	178	0.941414
133	180	0.953222
134	9	0.945742
134	19	1.05961
134	25	1.03149
134	32	1.05475
134	33	1.04539
134	36	0.949602
134	37	0.928289
134	66	0.986706
134	69	0.971793
134	70	1.05039
134	73	0.969978
134	86	1.01725
134	90	1.02839
134	94	1.00434
134	95	0.713125
134	96	0.997772
134	98	1.06772
134	107	1.03231
134	110	1.02727
134	111	1.01428
134	114	1.04922
134	119	0.989702
134	123	1.0158
134	128	1.01761
134	130	0.901296
134	135	1.0165
134	141	1.03407
134	144	0.984716
134	147	1.13884
134	151	0.951015
134	156	1.25657
134	158	1.78518
134	167	1.44148
134	174	3.17935
135	27	1.02514
135	33	1.04435
135	36	0.948554
135	66	0.985658
135	69	0.970745
135	70	1.04934
135	73	0.968931
135	86	1.01621
135	90	1.02734
135	92	0.998748
135	94	1.00329
135	96	0.996724
135	98	1.06667
135	107	1.03127
135	110	1.02622
135	111	1.01323
135	112	1.01449
135	114	1.04817
135	119	0.988655
135	122	1.03074
135	123	1.01475
135	128	1.01656
135	130	0.900249
135	132	0.976421
135	134	1.0165
135	136	1.0098
135	138	0.584897
135	141	1.03302
135	144	0.983668
135	155	2.2256
135	159	1.45165
135	164	1.8412
135	172	2.05103
135	174	2.62468
136	14	0.877654
136	23	1.10899
136	59	1.77283
136	86	1.47559
136	87	0.97317
136	103	1.05121
136	116	1.04386
136	123	0.555136
136	129	1.00853
136	133	1.05328
136	135	1.0098
136	138	1.01168
136	145	1.03587
136	147	1.0111
136	149	1.00642
136	151	0.991744
136	153	1.01235
136	155	0.935317
136	157	0.97029
136	158	1.01801
136	161	0.999287
136	165	0.931286
136	166	0.945322
136	168	0.906334
136	169	0.939989
136	170	0.93436
136	171	0.914798
136	172	0.939196
136	173	0.954171
136	174	0.915516
136	176	0.9228
136	177	0.895095
136	178	0.923201
136	180	0.935008
137	3	1.5651
137	28	1.58884
137	75	0.885108
137	85	1.6146
137	103	0.993527
137	106	0.953313
137	116	0.986178
137	120	0.982634
137	124	0.943697
137	132	2.03147
137	140	0.962897
137	147	0.953418
137	148	0.947201
137	158	0.960335
137	159	0.895596
137	160	0.947737
137	161	0.941607
137	163	0.890749
137	165	0.873607
137	166	0.887643
137	167	0.928285
137	168	0.848654
137	169	0.882309
137	170	0.87668
137	171	0.857118
137	172	0.881517
137	173	0.896491
137	174	0.857837
137	175	0.851213
137	176	0.865121
137	177	0.837415
137	178	0.865521
137	179	0.82776
137	180	0.877329
138	19	1.35835
138	71	1.02996
138	87	0.949783
138	104	1.80731
138	105	1.01693
138	124	0.97799
138	127	0.971507
138	133	1.0299
138	135	0.584897
138	136	1.01168
138	140	0.997189
138	144	1.25849
138	145	1.01249
138	147	0.987711
138	152	0.951775
138	154	0.942852
138	157	0.946903
138	159	0.929889
138	163	0.925041
138	165	0.907899
138	166	0.921935
138	167	0.962578
138	168	0.882947
138	169	0.916602
138	170	0.910973
138	171	0.891411
138	172	0.915809
138	173	0.930784
138	174	0.892129
138	175	0.885506
138	176	0.899413
138	177	0.871708
138	180	0.911621
139	4	1.09482
139	8	0.978939
139	13	0.979406
139	24	0.9541
139	31	1.06605
139	35	1.05668
139	38	1.03022
139	40	1.03755
139	43	1.16906
139	45	0.995108
139	49	1.00979
139	53	0.892349
139	54	1.02746
139	59	1.67579
139	60	0.833156
139	61	1.00427
139	63	0.687963
139	72	1.07194
139	83	1.00975
139	89	1.03242
139	115	1.13193
139	118	0.992457
139	144	0.999815
139	152	0.981503
139	159	0.959617
139	160	1.01176
139	164	0.937748
139	166	0.951663
139	167	0.992306
139	168	0.912675
139	171	0.921139
139	173	0.960512
139	174	0.921857
139	175	0.915234
139	176	0.929141
139	177	0.901436
139	180	0.941349
140	39	1.17886
140	41	1.01742
140	50	1.68914
140	61	1.3458
140	74	0.976413
