1	45	1.10067
1	48	1.20889
1	66	1.14817
1	76	1.15998
1	77	1.16499
1	84	1.21748
1	136	0.615787
1	161	0.741809
1	163	0.613766
1	168	1.28316
1	169	1.32799
1	172	0.617737
2	36	1.00441
2	42	0.99295
2	44	1.04094
2	70	1.13608
2	72	1.0884
2	74	1.07141
2	75	1.06228
2	106	1.12823
2	154	1.07973
2	162	0.788768
2	174	0.80031
2	176	0.951402
3	10	1.12999
3	54	0.765809
3	77	1.03126
3	104	0.74723
3	144	0.744965
3	168	1.14943
3	169	1.19426
3	172	1.06266
3	176	0.986563
3	177	1.01329
3	179	1.01245
3	180	1.03559
4	87	1.20425
4	88	1.20701
4	89	1.21389
4	92	1.18282
4	94	0.680404
4	111	1.16682
4	115	0.609799
4	145	1.21829
4	157	1.19906
4	163	1.21355
4	164	0.639672
4	174	0.655623
5	120	0.5765
5	123	0.560913
5	139	0.551604
5	150	0.521755
5	167	1.21568
5	171	1.22224
5	174	1.24258
5	175	1.19025
5	176	1.16155
5	177	1.18827
5	179	1.18743
5	180	1.21057
6	22	0.413958
6	116	0.579907
6	117	1.35456
6	123	1.36957
6	143	1.31186
6	147	0.458443
6	150	1.37509
6	151	1.36385
6	155	1.34805
6	161	0.610147
6	169	1.48004
6	177	0.567105
7	35	0.715125
7	36	1.01423
7	47	0.974525
7	54	1.0671
7	58	1.05717
7	74	1.08123
7	75	1.0721
7	82	1.10904
7	106	1.13805
7	154	1.08955
7	177	0.935773
7	180	0.888371
8	21	0.796483
8	47	1.10207
8	69	1.13986
8	73	1.2333
8	74	1.20878
8	75	1.19965
8	82	1.23659
8	106	1.26559
8	154	1.21709
8	163	0.56727
8	178	0.61738
8	180	0.604868
9	68	0.597091
9	69	0.638944
9	120	0.569045
9	164	1.24552
9	167	1.21293
9	169	0.406354
9	172	1.2349
9	175	1.1875
9	176	1.1588
9	177	1.18553
9	179	1.18469
9	180	1.20782
10	3	1.12999
10	45	1.0996
10	76	1.15892
10	77	1.16392
10	84	1.21641
10	122	0.561363
10	135	1.22966
10	146	0.601597
10	158	0.771363
10	165	0.653799
10	168	1.28209
10	169	1.32692
11	56	0.774498
11	116	1.08311
11	130	0.776042
11	147	1.10833
11	167	1.07793
11	169	0.713087
11	170	1.09387
11	175	1.05251
11	176	1.0238
11	177	1.05053
11	179	1.04969
11	180	1.07283
12	13	0.533562
12	47	0.676439
12	111	1.25611
12	132	0.476072
12	157	1.28835
12	163	1.30283
12	169	0.331465
12	175	1.23749
12	177	1.23551
12	179	1.23467
12	180	1.25781
13	12	0.533562
13	18	0.664677
13	95	1.12554
13	99	1.17207
13	103	1.15016
13	121	1.19035
13	127	1.14353
13	137	1.17072
13	139	1.17005
13	160	1.14674
13	164	0.720288
13	175	0.821634
13	178	1.13393
14	64	1.01171
14	87	1.04293
14	88	1.04568
14	89	1.05256
14	92	1.0215
14	97	0.901046
14	109	1.08212
14	111	1.0055
14	141	0.869406
14	145	1.05697
14	157	1.03774
14	163	1.05222
14	180	0.968176
15	56	1.14166
15	64	1.12494
15	81	1.21677
15	85	0.633634
15	87	1.15616
15	88	1.15891
15	111	1.11872
15	145	1.1702
15	146	0.716039
15	157	1.15096
15	163	1.16545
15	172	0.724734
15	174	0.715163
16	112	1.13999
16	124	1.11179
16	131	1.14337
16	138	1.12684
16	143	1.1008
16	151	1.15279
16	155	1.137
16	162	0.65856
16	165	0.72318
16	168	1.22416
16	169	1.26899
16	172	0.679674
16	178	0.725813
17	102	1.15768
17	123	1.16665
17	132	1.14318
17	134	0.729133
17	138	1.13497
17	143	1.10893
17	144	1.14935
17	145	1.16822
17	155	1.14513
17	163	0.648014
17	168	1.23229
17	171	0.682394
17	175	0.727808
18	13	0.664677
18	109	0.581329
18	123	0.609684
18	144	0.603803
18	165	1.17759
18	167	1.16956
18	172	1.19153
18	173	1.17368
18	175	1.14414
18	176	1.11543
18	177	1.14216
18	179	1.14132
18	180	1.16446
19	27	1.25445
19	64	1.11364
19	78	0.657189
19	81	1.20547
19	87	1.14486
19	92	1.12342
19	111	1.10743
19	145	1.1589
19	149	0.657217
19	157	1.13966
19	161	0.799693
19	163	1.15415
19	172	0.675621
20	50	0.607205
20	74	0.606189
20	102	0.636859
20	109	0.569685
20	164	1.1933
20	165	1.16873
20	170	1.17664
20	171	1.16727
20	172	1.18267
20	176	1.10657
20	177	1.1333
20	179	1.13246
20	180	1.1556
21	8	0.796483
21	130	0.83191
21	134	1.05332
21	157	0.880041
21	165	1.05721
21	166	1.02391
21	172	1.07115
21	173	1.0533
21	174	1.07609
21	176	0.995055
21	177	1.02178
21	179	1.02094
21	180	1.04408
22	6	0.413958
22	45	0.804577
22	99	0.584084
22	110	0.658805
22	165	1.17635
22	171	1.17488
22	173	1.17243
22	174	1.19522
22	175	1.14289
22	176	1.11419
22	177	1.14091
22	179	1.14007
22	180	1.16321
23	85	0.630993
23	89	1.13384
23	92	1.10278
23	111	1.08678
23	121	1.15342
23	137	1.1338
23	139	1.13312
23	157	1.11902
23	160	1.10982
23	163	1.1335
23	175	0.797918
23	177	0.803124
23	178	1.09701
23	180	0.755722
24	133	0.676285
24	139	0.655757
24	144	0.659184
24	145	0.620681
24	159	1.16088
24	165	1.12762
24	171	1.12615
24	172	1.14156
24	173	1.1237
24	174	1.14649
24	175	1.09416
24	177	1.09218
24	179	1.09134
24	180	1.11448
25	46	0.639259
25	75	0.669685
25	150	0.651315
25	157	0.654455
25	165	1.13813
25	167	1.1301
25	172	1.15207
25	173	1.13421
25	174	1.157
25	175	1.10467
25	176	1.07597
25	177	1.10269
25	179	1.10185
25	180	1.12499
26	53	1.14612
26	79	1.09418
26	101	1.13784
26	109	1.1615
26	110	1.09021
26	127	1.1047
26	133	1.11022
26	137	1.1319
26	139	1.13122
26	156	0.662988
26	161	0.783047
26	176	0.800495
26	177	0.740005
26	178	1.09511
27	19	1.25445
27	71	1.20446
27	87	1.2549
27	88	1.25765
27	92	1.23346
27	111	1.21747
27	115	0.52101
27	145	1.26894
27	157	1.2497
27	159	0.568088
27	163	1.26419
27	166	0.670941
27	175	0.652229
27	178	0.622544
28	43	0.852858
28	132	0.935172
28	135	0.872066
28	156	1.06937
28	158	0.984424
28	165	1.03389
28	170	1.0418
28	172	1.04783
28	174	1.05276
28	175	1.00043
28	176	0.971731
28	177	0.998457
28	179	0.997617
28	180	1.02075
29	96	0.695568
29	102	1.11912
29	112	1.10956
29	113	1.07847
29	123	1.12809
29	126	0.765094
29	129	0.720465
29	144	1.11079
29	146	1.10087
29	150	1.13361
29	151	1.12237
29	153	0.805875
29	155	1.10657
29	168	1.19374
30	113	1.07689
30	129	0.699393
30	130	1.11962
30	131	1.11136
30	136	0.771275
30	138	1.09483
30	149	0.754821
30	150	1.13203
30	151	1.12078
30	155	1.10499
30	157	1.10885
30	160	1.09965
30	169	1.23698
30	174	0.763653
31	58	0.710236
31	67	0.722628
31	146	1.14084
31	151	0.648569
31	159	1.16626
31	168	0.530699
31	170	1.1409
31	171	1.13153
31	174	1.15187
31	175	1.09954
31	176	1.07083
31	177	1.09756
31	179	1.09672
31	180	1.11986
32	33	1.1855
32	37	1.15533
32	48	1.09959
32	66	1.03886
32	76	1.05068
32	77	1.05569
32	80	0.746181
32	84	1.10818
32	135	1.12142
32	136	0.720594
32	168	1.17386
32	169	1.21869
32	171	0.752954
32	178	0.768683
33	32	1.1855
33	40	0.587173
33	43	1.27633
33	66	1.17818
33	76	1.18999
33	77	1.195
33	84	1.24749
33	135	1.26074
33	152	0.556958
33	168	1.31317
33	169	1.358
33	173	0.572047
33	176	0.677001
33	179	0.641033
34	57	1.10048
34	91	1.2044
34	101	1.13327
34	104	1.10906
34	115	0.675002
34	127	1.10013
34	133	1.10565
34	137	1.12732
34	139	1.12665
34	149	0.711993
34	160	1.10334
34	172	0.730397
34	176	0.871918
34	178	1.09053
35	7	0.715125
35	110	0.591303
35	123	0.551198
35	160	0.551851
35	164	1.24117
35	167	1.20858
35	169	0.404095
35	170	1.22451
35	172	1.23055
35	173	1.21269
35	175	1.18315
35	176	1.15445
35	177	1.18117
35	179	1.18033
35	180	1.20347
36	2	1.00441
36	7	1.01423
36	47	0.997008
36	54	1.08958
36	70	1.16838
36	73	1.12824
36	74	1.10371
36	75	1.09458
36	82	1.13153
36	106	1.16053
36	146	0.801572
36	147	0.782636
36	148	0.768703
36	154	1.11203
36	167	0.834335
37	32	1.15533
37	43	1.24616
37	45	1.10051
37	48	1.20873
37	66	1.14801
37	76	1.15982
37	77	1.16483
37	84	1.21732
37	164	0.586791
37	168	1.283
37	169	1.32783
37	170	0.622219
37	172	0.612312
37	176	0.753833
37	178	0.658451
38	79	1.07144
38	86	1.10805
38	95	1.06397
38	101	1.11509
38	104	1.09089
38	114	1.11728
38	127	1.08196
38	133	1.08748
38	137	1.10915
38	140	0.915977
38	160	1.08517
38	166	0.82321
38	172	0.728674
38	174	0.719102
38	178	1.07236
39	41	0.702869
39	79	1.17846
39	107	0.715657
39	110	1.17449
39	114	1.22431
39	121	1.2358
39	125	0.581341
39	126	0.588339
39	127	1.18898
39	133	1.1945
39	137	1.21617
39	139	1.2155
39	160	1.19219
39	167	0.641609
39	178	1.17938
40	33	0.587173
40	111	0.776282
40	133	0.753727
40	158	1.06187
40	160	0.743161
40	164	1.1359
40	167	1.10331
40	171	1.10987
40	172	1.12528
40	173	1.10742
40	175	1.07788
40	176	1.04918
40	177	1.0759
40	179	1.07506
40	180	1.0982
41	39	0.702869
41	60	1.08542
41	61	0.76586
41	73	0.748273
41	162	1.13161
41	164	1.12852
41	165	1.10395
41	168	0.645556
41	173	1.10004
41	174	1.12283
41	175	1.0705
41	176	1.04179
41	177	1.06852
41	179	1.06768
41	180	1.09082
42	2	0.99295
42	51	0.726067
42	54	1.07812
42	58	1.06819
42	69	1.02334
42	70	1.15693
42	72	1.10925
42	73	1.11678
42	74	1.09226
42	82	1.12007
42	106	1.14907
42	141	0.778829
42	148	0.802405
42	154	1.10057
42	173	0.880536
43	28	0.852858
43	33	1.27633
43	37	1.24616
43	45	1.0822
43	66	1.1297
43	76	1.14151
43	77	1.14652
43	84	1.19901
43	129	0.532175
43	135	1.21226
43	149	0.587602
43	154	0.57534
43	168	1.26469
43	169	1.30952
43	180	0.639634
44	2	1.04094
44	47	1.03354
44	58	1.11618
44	69	1.07133
44	72	1.15724
44	74	1.14025
44	75	1.13112
44	82	1.16806
44	106	1.19707
44	125	0.65069
44	140	0.874194
44	153	0.69847
44	154	1.14856
44	175	0.762715
45	1	1.10067
45	10	1.0996
45	22	0.804577
45	37	1.10051
45	43	1.0822
45	66	0.984044
45	76	0.995862
45	77	1.00087
45	78	1.03193
45	84	1.05336
45	129	0.802862
45	135	1.0666
45	154	0.846027
45	168	1.11904
45	169	1.16387
45	170	0.8866
46	25	0.639259
46	83	1.18556
46	99	1.1705
46	101	1.1751
46	114	1.17729
46	118	0.622543
46	121	1.18878
46	127	1.14196
46	133	1.14748
46	137	1.16915
46	139	1.16848
46	140	0.826905
46	160	1.14517
46	164	0.61408
46	165	0.683108
46	178	1.13236
47	7	0.974525
47	8	1.10207
47	12	0.676439
47	36	0.997008
47	44	1.03354
47	54	1.04988
47	70	1.12868
47	72	1.081
47	73	1.08853
47	74	1.06401
47	82	1.09182
47	106	1.12083
47	146	0.879991
47	147	0.861055
47	154	1.07233
47	180	0.922315
48	1	1.20889
48	32	1.09959
48	37	1.20873
48	66	1.09227
48	76	1.10408
48	77	1.10909
48	78	1.14015
48	84	1.16158
48	118	0.646457
48	135	1.17483
48	141	0.598374
48	168	1.22726
48	169	1.27209
48	170	0.673422
48	176	0.805036
48	178	0.709655
49	71	0.664912
49	73	0.584974
49	75	0.592056
49	98	0.603179
49	121	1.22376
49	130	0.528696
49	133	1.18247
49	139	1.20346
49	160	1.18016
49	170	1.17986
49	175	1.1385
49	176	1.1098
49	177	1.13652
49	178	1.16735
49	179	1.13568
49	180	1.15882
50	20	0.607205
50	86	1.174
50	97	0.666479
50	103	1.15454
50	104	1.15684
50	114	1.18324
50	121	1.19473
50	127	1.14791
50	133	1.15343
50	137	1.1751
50	139	1.17443
50	160	1.15112
50	162	0.678868
50	172	0.699981
50	178	1.13831
50	180	0.733609
51	42	0.726067
51	54	0.587876
51	63	0.489983
51	76	0.644003
51	152	1.21281
51	155	0.563709
51	166	1.14512
51	170	1.18633
51	172	1.19237
51	173	1.17451
51	174	1.1973
51	175	1.14497
51	176	1.11627
51	177	1.14299
51	179	1.14215
51	180	1.16529
52	65	0.706394
52	70	1.1445
52	73	1.10435
52	75	1.0707
52	82	1.10764
52	101	0.751782
52	106	1.13665
52	131	0.769213
52	154	1.08815
52	160	0.785607
52	166	1.01123
52	173	1.04062
52	174	1.06341
52	177	1.0091
52	179	1.00826
52	180	1.0314
53	26	1.14612
53	55	1.17836
53	57	1.15186
53	83	1.19511
53	85	0.570309
53	103	1.15814
53	104	1.16045
53	127	1.15151
53	137	1.17871
53	139	1.17803
53	160	1.15472
53	165	0.704916
53	167	0.685477
53	170	0.671316
53	176	0.80293
53	178	1.14192
54	3	0.765809
54	7	1.0671
54	36	1.08958
54	42	1.07812
54	47	1.04988
54	51	0.587876
54	58	1.13252
54	69	1.08767
54	70	1.22125
54	72	1.17358
54	73	1.18111
54	75	1.14745
54	106	1.2134
54	118	0.68872
54	154	1.1649
54	170	0.715686
54	175	0.781603
55	53	1.17836
55	82	0.625928
55	86	1.16304
55	95	1.11896
55	117	0.619038
55	131	0.645545
55	133	1.14247
55	139	1.16347
55	150	0.622129
55	155	0.652082
55	156	1.16744
55	172	1.1459
55	175	1.0985
55	177	1.09653
55	178	1.12735
55	179	1.09569
55	180	1.11882
56	11	0.774498
56	15	1.14166
56	64	1.0996
56	81	1.19143
56	87	1.13081
56	88	1.13357
56	89	1.14045
56	92	1.10938
56	105	0.563531
56	111	1.09338
56	118	1.15133
56	140	0.792427
56	145	1.14485
56	157	1.12562
56	163	1.14011
56	176	0.746644
56	179	0.710676
57	34	1.10048
57	53	1.15186
57	80	0.697615
57	83	1.15405
57	99	1.13899
57	101	1.14359
57	103	1.11708
57	104	1.11938
57	114	1.14577
57	121	1.15727
57	137	1.13764
57	139	1.13697
57	165	0.717484
57	170	0.683884
57	177	0.755008
57	178	1.10085
57	179	0.779531
58	7	1.05717
58	31	0.710236
58	42	1.06819
58	44	1.11618
58	54	1.13252
58	69	1.07773
58	72	1.16364
58	73	1.17117
58	74	1.14665
58	75	1.13752
58	82	1.17446
58	106	1.20347
58	118	0.722706
58	147	0.712134
58	148	0.6982
58	154	1.15497
58	156	0.743778
59	74	0.646997
59	92	0.672461
59	113	0.705623
59	142	0.654852
59	161	1.11021
59	164	1.16798
59	167	1.13538
59	169	0.491745
59	170	1.15132
59	172	1.15735
59	173	1.1395
59	174	1.16229
59	175	1.10996
59	177	1.10798
59	178	1.13881
59	179	1.10714
59	180	1.13028
60	41	1.08542
60	110	0.826716
60	135	0.721009
60	138	0.825211
60	162	1.10923
60	165	1.08158
60	166	1.04828
60	169	0.639507
60	170	1.08949
60	173	1.07767
60	174	1.10045
60	175	1.04813
60	176	1.01942
60	177	1.04615
60	179	1.04531
60	180	1.06845
61	41	0.76586
61	65	1.20314
61	124	1.10377
61	129	0.606701
61	130	1.14361
61	131	1.13534
61	132	1.12702
61	134	0.757682
61	142	1.10809
61	143	1.09278
61	144	1.13319
61	150	1.15601
61	151	1.14477
61	155	1.12897
61	157	1.13283
61	174	0.670961
61	179	0.786086
62	98	1.12796
62	102	1.1219
62	112	1.11235
62	116	0.814222
62	117	1.11587
62	123	1.13088
62	124	1.08415
62	132	1.1074
62	138	1.09919
62	142	1.08847
62	143	1.07316
62	144	1.11357
62	151	1.12515
62	152	0.741866
62	155	1.10935
62	166	0.814926
62	171	0.750799
62	174	0.710818
63	51	0.489983
63	93	1.17039
63	98	1.20504
63	120	1.18692
63	124	1.16123
63	128	1.16916
63	142	1.16555
63	143	1.15024
63	150	1.21348
63	151	1.20223
63	154	0.57722
63	155	1.18643
63	156	0.611899
63	158	0.768956
63	161	0.731959
63	168	1.2736
63	169	1.31843
63	178	0.654025
64	14	1.01171
64	15	1.12494
64	19	1.11364
64	56	1.0996
64	71	1.06365
64	78	0.75258
64	81	1.17471
64	88	1.11685
64	89	1.12373
64	111	1.07666
64	118	1.13461
64	136	0.769063
64	145	1.12813
64	157	1.1089
64	163	1.12339
64	164	0.745491
64	173	0.807579
64	174	0.761441
65	52	0.706394
65	61	1.20314
65	120	1.20186
65	124	1.17616
65	130	1.21601
65	131	1.20774
65	132	1.19942
65	134	0.689405
65	136	0.610307
65	142	1.18048
65	143	1.16518
65	144	1.20559
65	145	1.22446
65	149	0.593852
65	150	1.22841
65	152	0.633734
65	155	1.20137
65	174	0.602685
66	1	1.14817
66	32	1.03886
66	33	1.17818
66	37	1.14801
66	43	1.1297
66	45	0.984044
66	48	1.09227
66	76	1.04336
66	77	1.04836
66	84	1.10086
66	135	1.1141
66	147	0.68074
66	158	0.869442
66	161	0.832444
66	167	0.732439
66	168	1.16654
66	169	1.21137
66	170	0.718278
67	31	0.722628
67	112	1.10129
67	113	1.07019
67	117	1.10481
67	120	1.09878
67	131	1.10466
67	136	0.750208
67	138	1.08813
67	142	1.07741
67	144	1.10251
67	150	1.12533
67	151	1.11409
67	155	1.09829
67	160	1.09295
67	162	0.731044
67	164	0.726636
67	169	1.23029
67	179	0.85771
68	9	0.597091
68	90	1.05318
68	98	1.12303
68	112	1.10741
68	113	1.07632
68	123	1.12594
68	124	1.07921
68	130	1.11905
68	143	1.06823
68	150	1.13146
68	151	1.12021
68	155	1.10442
68	157	1.10828
68	167	0.758517
68	168	1.19159
68	170	0.744356
68	175	0.810274
68	176	0.87597
69	8	1.13986
69	9	0.638944
69	42	1.02334
69	44	1.07133
69	54	1.08767
69	58	1.07773
69	70	1.16647
69	72	1.11879
69	73	1.12632
69	74	1.1018
69	75	1.09267
69	82	1.12961
69	106	1.15862
69	146	0.767608
69	148	0.734738
69	154	1.11011
69	166	0.87084
69	172	0.776303
70	2	1.13608
70	36	1.16838
70	42	1.15693
70	47	1.12868
70	52	1.1445
70	54	1.22125
70	69	1.16647
70	72	1.25238
70	75	1.22626
70	82	1.2632
70	106	1.2922
70	129	0.538767
70	134	0.689747
70	154	1.2437
70	163	0.608628
70	166	0.707135
70	171	0.643008
70	177	0.693629
71	27	1.20446
71	49	0.664912
71	64	1.06365
71	81	1.15548
71	87	1.09487
71	88	1.09762
71	89	1.1045
71	92	1.07343
71	109	1.13406
71	111	1.05744
71	118	1.11539
71	145	1.10891
71	146	0.734188
71	157	1.08967
71	163	1.10416
71	173	0.77945
71	175	0.818708
71	178	0.789023
72	2	1.0884
72	42	1.10925
72	44	1.15724
72	47	1.081
72	54	1.17358
72	58	1.16364
72	69	1.11879
72	70	1.25238
72	73	1.21223
72	74	1.18771
72	82	1.21552
72	85	0.580091
72	100	0.706591
72	106	1.24453
72	147	0.64356
72	154	1.19603
72	156	0.675204
72	161	0.795264
72	170	0.681098
73	8	1.2333
73	36	1.12824
73	41	0.748273
73	42	1.11678
73	47	1.08853
73	49	0.584974
73	52	1.10435
73	54	1.18111
73	58	1.17117
73	69	1.12632
73	72	1.21223
73	74	1.19524
73	75	1.18611
73	106	1.25206
73	122	0.614017
73	154	1.20356
73	156	0.666959
73	170	0.672853
73	173	0.699512
74	2	1.07141
74	7	1.08123
74	8	1.20878
74	20	0.606189
74	36	1.10371
74	42	1.09226
74	44	1.14025
74	47	1.06401
74	58	1.14665
74	59	0.646997
74	69	1.1018
74	72	1.18771
74	73	1.19524
74	82	1.19853
74	106	1.22753
74	116	0.792798
74	126	0.669763
74	154	1.17903
74	167	0.723032
74	178	0.745104
75	2	1.06228
75	7	1.0721
75	8	1.19965
75	25	0.669685
75	36	1.09458
75	44	1.13112
75	49	0.592056
75	52	1.0707
75	54	1.14745
75	58	1.13752
75	69	1.09267
75	70	1.22626
75	73	1.18611
75	80	0.693666
75	82	1.1894
75	106	1.2184
75	152	0.691506
75	154	1.1699
75	161	0.794101
75	175	0.745853
76	1	1.15998
76	10	1.15892
76	32	1.05068
76	33	1.18999
76	37	1.15982
76	43	1.14151
76	45	0.995862
76	48	1.10408
76	51	0.644003
76	66	1.04336
76	77	1.06018
76	78	1.09125
76	84	1.11267
76	135	1.12592
76	153	0.773485
76	156	0.765918
76	164	0.736384
76	168	1.17836
76	169	1.22319
76	172	0.761906
76	174	0.752334
77	1	1.16499
77	3	1.03126
77	10	1.16392
77	32	1.05569
77	33	1.195
77	37	1.16483
77	43	1.14652
77	45	1.00087
77	48	1.10909
77	66	1.04836
77	76	1.06018
77	84	1.11768
77	94	0.755653
77	119	0.763396
77	135	1.13093
77	147	0.712811
77	149	0.722039
77	168	1.18336
77	169	1.22819
77	170	0.750349
77	180	0.774071
78	19	0.657189
78	45	1.03193
78	48	1.14015
78	64	0.75258
78	76	1.09125
78	82	0.637026
78	84	1.14875
78	114	0.660901
78	132	0.669888
78	135	1.16199
78	157	0.636366
78	167	1.10569
78	168	1.21443
78	169	1.25926
78	171	1.11225
78	173	1.1098
78	174	1.13259
78	175	1.08026
78	176	1.05156
78	179	1.07745
78	180	1.10058
79	26	1.09418
79	38	1.07144
79	39	1.17846
79	83	1.14318
79	91	1.20385
79	94	0.758638
79	95	1.08159
79	99	1.12812
79	101	1.13272
79	110	1.08509
79	114	1.1349
79	129	0.669596
79	133	1.1051
79	137	1.12677
79	139	1.1261
79	153	0.755007
79	160	1.10279
79	165	0.786933
79	171	0.773837
79	174	0.733856
79	178	1.08998
80	32	0.746181
80	57	0.697615
80	75	0.693666
80	81	0.641894
80	108	0.712938
80	153	1.13902
80	158	1.08553
80	162	1.16265
80	166	1.10169
80	167	1.12697
80	169	0.56735
80	170	1.1429
80	171	1.13353
80	172	1.14893
80	173	1.13108
80	174	1.15387
80	175	1.10154
80	176	1.07284
80	177	1.09956
80	179	1.09872
80	180	1.12186
81	15	1.21677
81	19	1.20547
81	56	1.19143
81	64	1.17471
81	71	1.15548
81	80	0.641894
81	87	1.20593
81	88	1.20868
81	89	1.21556
81	92	1.18449
81	109	1.24511
81	111	1.16849
81	145	1.21996
81	154	0.58759
81	157	1.20073
81	159	0.60994
81	162	0.597143
81	163	1.21522
81	166	0.712793
81	174	0.608685
81	179	0.723809
82	7	1.10904
82	8	1.23659
82	36	1.13153
82	42	1.12007
82	44	1.16806
82	47	1.09182
82	52	1.10764
82	55	0.625928
82	58	1.17446
82	69	1.12961
82	70	1.2632
82	72	1.21552
82	74	1.19853
82	75	1.1894
82	78	0.637026
82	94	0.670668
82	106	1.25535
82	129	0.581627
82	152	0.676935
82	154	1.20684
82	177	0.736489
82	178	0.701597
83	46	1.18556
83	53	1.19511
83	57	1.15405
83	79	1.14318
83	86	1.17979
83	91	1.25797
83	99	1.18224
83	103	1.16033
83	110	1.13921
83	114	1.18902
83	127	1.1537
83	133	1.15922
83	137	1.18089
83	139	1.18022
83	149	0.641674
83	164	0.634556
83	165	0.703584
83	172	0.660078
83	173	0.696644
83	174	0.650507
83	177	0.741108
83	178	1.1441
84	1	1.21748
84	10	1.21641
84	32	1.10818
84	33	1.24749
84	37	1.21732
84	43	1.19901
84	45	1.05336
84	48	1.16158
84	66	1.10086
84	76	1.11267
84	77	1.11768
84	78	1.14875
84	135	1.18342
84	152	0.635103
84	156	0.617639
84	158	0.774696
84	167	0.637693
84	168	1.23585
84	169	1.28068
84	177	0.694656
84	179	0.719179
84	180	0.647254
85	15	0.633634
85	23	0.630993
85	53	0.570309
85	72	0.580091
85	104	0.596099
85	108	1.18801
85	111	0.633489
85	127	0.614
85	132	1.18419
85	142	1.16526
85	150	1.21319
85	155	1.18614
85	160	1.1808
85	166	1.1393
85	169	1.31814
85	171	1.17114
85	174	1.19147
85	175	1.13914
85	176	1.11044
85	177	1.13717
85	179	1.13633
85	180	1.15946
86	38	1.10805
86	50	1.174
86	55	1.16304
86	83	1.17979
86	94	0.69015
86	95	1.11821
86	101	1.16933
86	104	1.14513
86	110	1.1217
86	114	1.17152
86	121	1.18301
86	126	0.645738
86	127	1.13619
86	133	1.14171
86	137	1.16339
86	139	1.16271
86	140	0.862243
86	160	1.1394
86	162	0.653827
86	164	0.649418
86	173	0.711506
86	178	1.1266
86	180	0.708568
87	4	1.20425
87	14	1.04293
87	15	1.15616
87	19	1.14486
87	27	1.2549
87	56	1.13081
87	71	1.09487
87	81	1.20593
87	88	1.14806
87	89	1.15494
87	92	1.12388
87	97	0.642313
87	109	1.1845
87	111	1.10788
87	145	1.15935
87	146	0.667119
87	149	0.657411
87	157	1.14012
87	163	1.1546
87	167	0.699882
87	177	0.756845
87	178	0.721954
87	179	0.781367
88	4	1.20701
88	14	1.04568
88	15	1.15891
88	27	1.25765
88	56	1.13357
88	64	1.11685
88	71	1.09762
88	81	1.20868
88	87	1.14806
88	89	1.1577
88	92	1.12663
88	107	0.731872
88	111	1.11063
88	118	1.16858
88	145	1.1621
88	146	0.625062
88	157	1.14287
88	158	0.794827
88	161	0.75783
88	163	1.15736
88	173	0.670323
88	178	0.679896
88	180	0.667385
89	4	1.21389
89	14	1.05256
89	23	1.13384
89	56	1.14045
89	64	1.12373
89	71	1.1045
89	81	1.21556
89	87	1.15494
89	88	1.1577
89	92	1.13351
89	94	0.726312
89	97	0.6776
89	109	1.19413
89	111	1.11751
89	118	1.17546
89	126	0.681899
89	129	0.637271
89	134	0.788251
89	145	1.16898
89	157	1.14975
89	162	0.689989
89	163	1.16424
89	170	0.721008
90	68	1.05318
90	100	0.832261
90	102	1.08852
90	112	1.07896
90	116	0.890694
90	117	1.08248
90	122	0.747932
90	124	1.05076
90	128	1.05869
90	131	1.08234
90	138	1.06581
90	141	0.73172
90	143	1.03977
90	144	1.08019
90	145	1.09906
90	146	1.07027
90	150	1.10301
90	151	1.09176
90	155	1.07597
90	157	1.07983
90	169	1.20796
90	173	0.833427
90	178	0.843
91	34	1.2044
91	79	1.20385
91	83	1.25797
91	95	1.19639
91	99	1.24291
91	101	1.24751
91	104	1.22331
91	109	1.27117
91	110	1.19988
91	118	0.589445
91	121	1.26119
91	127	1.21437
91	133	1.21989
91	137	1.24157
91	146	0.597808
91	160	1.21758
91	162	0.58539
91	163	0.602533
91	165	0.650009
91	174	0.596932
91	178	1.20478
91	179	0.712056
91	180	0.640132
92	4	1.18282
92	14	1.0215
92	19	1.12342
92	23	1.10278
92	27	1.23346
92	56	1.10938
92	59	0.672461
92	71	1.07343
92	81	1.18449
92	87	1.12388
92	88	1.12663
92	89	1.13351
92	109	1.16306
92	111	1.08644
92	118	1.14439
92	141	0.659287
92	145	1.13792
92	146	0.715733
92	156	0.728441
92	157	1.11868
92	162	0.703315
92	163	1.13317
92	178	0.770568
92	179	0.829982
93	63	1.17039
93	102	1.12371
93	108	1.11302
93	112	1.11416
93	117	1.11768
93	119	0.717108
93	120	1.11165
93	128	1.09388
93	130	1.1258
93	131	1.11753
93	138	1.101
93	142	1.09028
93	144	1.11538
93	150	1.1382
93	151	1.12696
93	154	0.663488
93	155	1.11116
93	161	0.818227
93	167	0.718222
93	168	1.19833
93	169	1.24316
93	170	0.704061
93	173	0.730721
93	177	0.775185
94	4	0.680404
94	77	0.755653
94	79	0.758638
94	82	0.670668
94	86	0.69015
94	89	0.726312
94	101	0.672854
94	108	1.1196
94	130	1.13237
94	131	1.1241
94	136	1.11885
94	142	1.09685
94	150	1.14478
94	155	1.11773
94	156	1.13967
94	157	1.12159
94	162	1.13184
94	166	1.07089
94	168	1.2049
94	173	1.10028
94	174	1.12306
94	175	1.07073
94	176	1.04203
94	179	1.06792
94	180	1.09106
95	13	1.12554
95	38	1.06397
95	55	1.11896
95	79	1.08159
95	86	1.11821
95	91	1.19639
95	99	1.12065
95	101	1.12525
95	103	1.09874
95	104	1.10105
95	110	1.07762
95	114	1.12744
95	115	0.708346
95	121	1.13893
95	126	0.734538
95	127	1.09211
95	133	1.09763
95	137	1.11931
95	139	1.11863
95	146	0.755045
95	149	0.745336
95	154	0.733074
95	165	0.807246
95	177	0.844771
95	178	1.08252
96	29	0.695568
96	109	0.563733
96	111	0.625861
96	121	0.558684
96	124	0.64021
96	145	0.547704
96	151	0.57937
96	158	1.13854
96	159	1.22128
96	161	1.1548
96	162	1.21566
96	164	1.21257
96	165	1.18801
96	166	1.15471
96	168	0.4615
96	170	1.19592
96	171	1.18655
96	172	1.20195
96	173	1.1841
96	174	1.20688
96	175	1.15455
96	176	1.12585
96	177	1.15258
96	179	1.15174
96	180	1.17487
97	14	0.901046
97	50	0.666479
97	87	0.642313
97	89	0.6776
97	114	0.645831
97	133	0.668533
97	148	1.15732
97	158	1.069
97	159	1.15173
97	160	0.657968
97	162	1.14612
97	164	1.14303
97	165	1.11846
97	166	1.08516
97	167	1.11043
97	170	1.12637
97	171	1.117
97	172	1.1324
97	173	1.11455
97	174	1.13734
97	175	1.08501
97	176	1.05631
97	177	1.08303
97	179	1.08219
97	180	1.10533
98	49	0.603179
98	62	1.12796
98	63	1.20504
98	68	1.12303
98	102	1.15836
98	108	1.14767
98	112	1.1488
98	113	1.11771
98	120	1.1463
98	125	0.644951
98	128	1.12853
98	131	1.15218
98	140	0.868454
98	141	0.61601
98	142	1.12492
98	143	1.10962
98	144	1.15003
98	148	0.639586
98	150	1.17285
98	155	1.14581
98	160	1.14047
98	163	0.677181
98	168	1.23298
98	169	1.2778
98	177	0.762182
98	180	0.714779
99	13	1.17207
99	22	0.584084
99	46	1.1705
99	57	1.13899
99	79	1.12812
99	83	1.18224
99	91	1.24291
99	95	1.12065
99	101	1.17178
99	103	1.14527
99	104	1.14757
99	110	1.12415
99	114	1.17397
99	118	0.639142
99	127	1.13864
99	133	1.14416
99	137	1.16583
99	139	1.16516
99	152	0.677678
99	158	0.817271
99	160	1.14185
99	163	0.65223
99	170	0.666107
99	173	0.692767
99	176	0.797721
99	178	1.12904
100	72	0.706591
100	90	0.832261
100	120	0.741803
100	137	0.684452
100	139	0.716908
100	140	1.04936
100	148	1.14273
100	149	1.12594
100	150	0.687059
100	159	1.13715
100	161	1.07067
100	164	1.12844
100	165	1.10388
100	166	1.07058
100	167	1.09585
100	168	0.595628
100	170	1.11179
100	171	1.10242
100	172	1.11782
100	173	1.09997
100	174	1.12275
100	175	1.07042
100	176	1.04172
100	177	1.06845
100	179	1.06761
100	180	1.09074
101	26	1.13784
101	34	1.13327
101	38	1.11509
101	46	1.1751
101	52	0.751782
101	57	1.14359
101	79	1.13272
101	86	1.16933
101	91	1.24751
101	94	0.672854
101	95	1.12525
101	99	1.17178
101	103	1.14986
101	104	1.15217
101	109	1.20003
101	110	1.12875
101	122	0.608715
101	126	0.628442
101	133	1.14875
101	134	0.734793
101	137	1.17043
101	139	1.16975
101	156	0.661657
101	171	0.688054
101	175	0.733468
101	178	1.13364
102	17	1.15768
102	20	0.636859
102	29	1.11912
102	62	1.1219
102	90	1.08852
102	93	1.12371
102	98	1.15836
102	108	1.14162
102	115	0.674239
102	117	1.14627
102	123	1.16128
102	124	1.11455
102	128	1.12248
102	138	1.12959
102	141	0.664493
102	142	1.11887
102	144	1.14397
102	145	1.16285
102	146	1.13405
102	149	0.71123
102	150	1.1668
102	151	1.15555
102	154	0.698968
102	155	1.13975
102	162	0.708521
102	176	0.871155
102	180	0.763262
103	13	1.15016
103	50	1.15454
103	53	1.15814
103	57	1.11708
103	83	1.16033
103	95	1.09874
103	99	1.14527
103	101	1.14986
103	104	1.12566
103	107	0.791283
103	109	1.17352
103	110	1.10224
103	114	1.15205
103	121	1.16354
103	127	1.11672
103	133	1.12225
103	136	0.691219
103	137	1.14392
103	139	1.14325
103	146	0.684472
103	148	0.651603
103	160	1.11994
103	166	0.787705
103	170	0.703075
103	172	0.693168
103	177	0.774199
103	178	1.10713
104	3	0.74723
104	34	1.10906
104	38	1.09089
104	50	1.15684
104	53	1.16045
104	57	1.11938
104	85	0.596099
104	86	1.14513
104	91	1.22331
104	95	1.10105
104	99	1.14757
104	101	1.15217
104	103	1.12566
104	110	1.10455
104	114	1.15436
104	121	1.16585
104	127	1.11903
104	133	1.12455
104	137	1.14623
104	139	1.14555
104	147	0.659569
104	154	0.656534
104	158	0.84827
104	159	0.678884
104	162	0.666087
104	176	0.828721
104	178	1.10944
105	56	0.563531
105	106	0.556998
105	120	0.664811
105	138	0.687824
105	139	0.639915
105	143	0.696877
105	149	1.16636
105	150	0.610066
105	153	1.14833
105	156	1.17979
105	158	1.09484
105	160	0.649877
105	162	1.17196
105	164	1.16887
105	165	1.1443
105	166	1.111
105	167	1.13627
105	170	1.15221
105	171	1.14284
105	172	1.15824
105	173	1.14039
105	174	1.16318
105	175	1.11085
105	176	1.08214
105	177	1.10887
105	179	1.10803
105	180	1.13117
106	2	1.12823
106	7	1.13805
106	8	1.26559
106	36	1.16053
106	42	1.14907
106	44	1.19707
106	47	1.12083
106	52	1.13665
106	54	1.2134
106	58	1.20347
106	69	1.15862
106	70	1.2922
106	72	1.24453
106	73	1.25206
106	74	1.22753
106	75	1.2184
106	82	1.25535
106	105	0.556998
106	152	0.620068
106	154	1.23585
106	161	0.722663
106	171	0.629001
106	172	0.59859
106	173	0.635157
106	175	0.674415
106	179	0.704143
106	180	0.632218
107	39	0.715657
107	88	0.731872
107	103	0.791283
107	117	0.746683
107	128	0.821613
107	137	0.747167
107	140	1.03656
107	156	1.12656
107	158	1.04162
107	159	1.12435
107	161	1.05787
107	162	1.11873
107	164	1.11565
107	165	1.09108
107	166	1.05778
107	167	1.08305
107	168	0.658344
107	170	1.09899
107	171	1.08962
107	172	1.10502
107	173	1.08717
107	174	1.10995
107	175	1.05762
107	176	1.02892
107	177	1.05565
107	179	1.05481
107	180	1.07795
108	80	0.712938
108	85	1.18801
108	93	1.11302
108	94	1.1196
108	98	1.14767
108	102	1.14162
108	112	1.13206
108	117	1.13558
108	120	1.12956
108	122	0.640371
108	128	1.11179
108	130	1.1437
108	131	1.13544
108	132	1.12712
108	135	1.1638
108	138	1.11891
108	143	1.09287
108	144	1.13328
108	155	1.12906
108	156	0.693313
108	157	1.13292
108	161	0.813373
108	165	0.732807
108	168	1.21623
108	171	0.719711
108	174	0.679729
108	178	0.73544
109	14	1.08212
109	18	0.581329
109	20	0.569685
109	26	1.1615
109	71	1.13406
109	81	1.24511
109	87	1.1845
109	89	1.19413
109	91	1.27117
109	92	1.16306
109	96	0.563733
109	101	1.20003
109	103	1.17352
109	110	1.1524
109	111	1.14706
109	118	1.20502
109	121	1.21371
109	127	1.16689
109	133	1.17241
109	146	0.653765
109	152	0.683938
109	153	0.67404
109	154	0.631795
109	157	1.1793
109	158	0.823531
109	163	1.19379
109	173	0.699027
109	178	1.15729
110	22	0.658805
110	26	1.09021
110	35	0.591303
110	39	1.17449
110	60	0.826716
110	79	1.08509
110	83	1.13921
110	86	1.1217
110	91	1.19988
110	95	1.07762
110	99	1.12415
110	101	1.12875
110	103	1.10224
110	104	1.10455
110	109	1.1524
110	114	1.13094
110	121	1.14243
110	127	1.09561
110	133	1.10113
110	137	1.12281
110	139	1.12213
110	153	0.742501
110	159	0.722605
110	160	1.09882
110	164	0.7054
110	165	0.774428
110	177	0.811952
110	178	1.08601
111	4	1.16682
111	12	1.25611
111	14	1.0055
111	15	1.11872
111	19	1.10743
111	23	1.08678
111	27	1.21747
111	40	0.776282
111	56	1.09338
111	64	1.07666
111	71	1.05744
111	81	1.16849
111	85	0.633489
111	87	1.10788
111	88	1.11063
111	89	1.11751
111	92	1.08644
111	96	0.625861
111	109	1.14706
111	118	1.1284
111	126	0.695387
111	145	1.12192
111	157	1.10268
111	163	1.11717
111	172	0.72459
111	175	0.800414
111	177	0.80562
111	178	0.770729
112	16	1.13999
112	29	1.10956
112	62	1.11235
112	67	1.10129
112	68	1.10741
112	90	1.07896
112	93	1.11416
112	98	1.1488
112	108	1.13206
112	113	1.1021
112	119	0.745447
112	124	1.10499
112	128	1.11292
112	130	1.14483
112	132	1.12825
112	142	1.10931
112	143	1.09401
112	144	1.13442
112	148	0.680928
112	150	1.15724
112	151	1.14599
112	154	0.691827
112	155	1.1302
112	163	0.718523
112	171	0.752903
112	173	0.759059
112	175	0.798317
112	179	0.828046
113	29	1.07847
113	30	1.07689
113	59	0.705623
113	67	1.07019
113	68	1.07632
113	98	1.11771
113	112	1.1021
113	117	1.10562
113	124	1.0739
113	125	0.721391
113	128	1.08183
113	131	1.10548
113	132	1.09716
113	135	1.13384
113	138	1.08895
113	142	1.07822
113	143	1.06291
113	144	1.10333
113	147	0.72996
113	150	1.12615
113	151	1.1149
113	155	1.0991
113	162	0.736478
113	165	0.801097
113	167	0.781658
113	168	1.18627
113	169	1.2311
113	171	0.788001
113	179	0.863144
114	38	1.11728
114	39	1.22431
114	46	1.17729
114	50	1.18324
114	57	1.14577
114	78	0.660901
114	79	1.1349
114	83	1.18902
114	86	1.17152
114	95	1.12744
114	97	0.645831
114	99	1.17397
114	103	1.15205
114	104	1.15436
114	110	1.13094
114	121	1.19224
114	125	0.643133
114	127	1.14542
114	133	1.15094
114	137	1.17262
114	139	1.17194
114	152	0.70081
114	159	0.671017
114	160	1.14863
114	163	0.675363
114	164	0.653811
114	166	0.773869
114	167	0.7034
114	178	1.13583
115	4	0.609799
115	27	0.52101
115	34	0.675002
115	95	0.708346
115	102	0.674239
115	117	0.593173
115	128	0.668103
115	138	0.674022
115	148	1.20172
115	149	1.18492
115	152	1.19725
115	159	1.19613
115	161	1.12966
115	162	1.19052
115	164	1.18743
115	165	1.16287
115	166	1.12956
115	167	1.15484
115	169	0.488318
115	170	1.17077
115	171	1.1614
115	172	1.17681
115	173	1.15895
115	174	1.18174
115	175	1.12941
115	176	1.10071
115	177	1.12743
115	179	1.12659
115	180	1.14973
116	6	0.579907
116	11	1.08311
116	62	0.814222
116	74	0.792798
116	90	0.890694
116	130	0.700501
116	136	1.11192
116	148	1.13612
116	149	1.11932
116	150	0.745491
116	158	1.0478
116	159	1.13053
116	161	1.06405
116	162	1.12491
116	164	1.12182
116	165	1.09726
116	166	1.06396
116	167	1.08923
116	168	0.654061
116	169	0.637545
116	170	1.10517
116	171	1.0958
116	172	1.1112
116	173	1.09335
116	174	1.11613
116	175	1.0638
116	176	1.0351
116	177	1.06183
116	179	1.06099
116	180	1.08413
117	6	1.35456
117	55	0.619038
117	62	1.11587
117	67	1.10481
117	90	1.08248
117	93	1.11768
117	102	1.14627
117	107	0.746683
117	108	1.13558
117	113	1.10562
117	115	0.593173
117	128	1.11644
117	130	1.14835
117	132	1.13177
117	138	1.12356
117	142	1.11283
117	143	1.09752
117	144	1.13794
117	150	1.16076
117	151	1.14951
117	153	0.660147
117	155	1.13372
117	157	1.13758
117	158	0.809638
117	160	1.12838
117	169	1.26571
117	173	0.685134
117	177	0.729599
117	179	0.754121
117	180	0.682196
118	46	0.622543
118	48	0.646457
118	54	0.68872
118	56	1.15133
118	58	0.722706
118	64	1.13461
118	71	1.11539
118	88	1.16858
118	89	1.17546
118	91	0.589445
118	92	1.14439
118	99	0.639142
118	109	1.20502
118	111	1.1284
118	127	0.688042
118	130	0.589609
118	157	1.16063
118	160	0.67441
118	161	1.11003
118	163	1.17512
118	164	1.1678
118	170	1.15114
118	171	1.14177
118	172	1.15717
118	173	1.13932
118	174	1.16211
118	175	1.10978
118	176	1.08107
118	179	1.10696
118	180	1.1301
119	77	0.763396
119	93	0.717108
119	112	0.745447
119	128	0.746452
119	142	0.729773
119	147	1.13308
119	152	1.14509
119	153	1.11474
119	156	1.1462
119	158	1.06125
119	159	1.14398
119	160	0.714423
119	161	1.07751
119	162	1.13837
119	165	1.11071
119	166	1.07741
119	168	0.583182
119	169	0.566666
119	170	1.11862
119	171	1.10925
119	172	1.12465
119	173	1.1068
119	174	1.12959
119	175	1.07726
119	176	1.04855
119	177	1.07528
119	178	1.10611
119	179	1.07444
119	180	1.09758
120	5	0.5765
120	9	0.569045
120	63	1.18692
120	65	1.20186
120	67	1.09878
120	93	1.11165
120	98	1.1463
120	100	0.741803
120	105	0.664811
120	108	1.12956
120	123	1.14922
120	124	1.10249
120	128	1.11042
120	130	1.14233
120	131	1.13406
120	132	1.12574
120	134	0.783552
120	135	1.16242
120	142	1.10681
120	143	1.0915
120	144	1.13191
120	148	0.664838
120	150	1.15474
120	155	1.12769
120	160	1.12235
120	166	0.80094
120	168	1.21486
120	169	1.25969
120	171	0.736814
120	174	0.696832
121	13	1.19035
121	23	1.15342
121	39	1.2358
121	46	1.18878
121	49	1.22376
121	50	1.19473
121	57	1.15727
121	86	1.18301
121	91	1.26119
121	95	1.13893
121	96	0.558684
121	103	1.16354
121	104	1.16585
121	109	1.21371
121	110	1.14243
121	114	1.19224
121	127	1.15691
121	129	0.583581
121	133	1.16244
121	137	1.18411
121	139	1.18343
121	152	0.678889
121	153	0.668991
121	159	0.649096
121	160	1.16013
121	162	0.636299
121	165	0.700918
121	174	0.647841
121	175	0.733236
121	178	1.14732
121	179	0.762965
122	10	0.561363
122	73	0.614017
122	90	0.747932
122	101	0.608715
122	108	0.640371
122	127	0.656171
122	135	0.576285
122	144	0.636005
122	149	1.191
122	151	0.629169
122	152	1.20332
122	153	1.17296
122	156	1.20442
122	158	1.11947
122	159	1.2022
122	161	1.13573
122	162	1.19659
122	164	1.1935
122	165	1.16894
122	166	1.13564
122	167	1.16091
122	169	0.494783
122	171	1.16747
122	172	1.18288
122	173	1.16502
122	174	1.18781
122	175	1.13548
122	176	1.10678
122	177	1.13351
122	178	1.16433
122	179	1.13267
122	180	1.1558
123	5	0.560913
123	6	1.36957
123	17	1.16665
123	18	0.609684
123	29	1.12809
123	35	0.551198
123	62	1.13088
123	68	1.12594
123	102	1.16128
123	120	1.14922
123	128	1.13145
123	130	1.16336
123	131	1.1551
123	132	1.14678
123	135	1.18346
123	138	1.13857
123	142	1.12784
123	143	1.11253
123	144	1.15295
123	147	0.663185
123	150	1.17577
123	151	1.16452
123	153	0.702395
123	155	1.14873
123	157	1.15259
123	159	0.6825
123	160	1.14339
123	161	0.814889
123	167	0.714883
123	169	1.28072
123	172	0.690816
123	178	0.736955
124	16	1.11179
124	61	1.10377
124	62	1.08415
124	63	1.16123
124	65	1.17616
124	68	1.07921
124	90	1.05076
124	96	0.64021
124	102	1.11455
124	112	1.10499
124	113	1.0739
124	120	1.10249
124	128	1.08472
124	131	1.10837
124	132	1.10005
124	138	1.09184
124	142	1.08111
124	144	1.10622
124	146	1.0963
124	147	0.711307
124	150	1.12904
124	151	1.11779
124	153	0.750518
124	155	1.102
124	159	0.730622
124	164	0.713417
124	166	0.833475
124	168	1.18917
124	169	1.23399
124	172	0.738939
124	173	0.775505
124	176	0.880459
125	39	0.581341
125	44	0.65069
125	98	0.644951
125	113	0.721391
125	114	0.643133
125	130	0.570468
125	134	1.15186
125	140	1.10124
125	144	0.648735
125	147	1.17812
125	149	1.17781
125	151	0.641898
125	152	1.19014
125	155	0.645412
125	157	0.618598
125	158	1.10629
125	159	1.18902
125	161	1.12255
125	162	1.18341
125	164	1.18032
125	166	1.12245
125	167	1.14773
125	170	1.16366
125	171	1.15429
125	172	1.1697
125	173	1.15184
125	174	1.17463
125	175	1.1223
125	176	1.0936
125	177	1.12032
125	178	1.15115
125	179	1.11948
125	180	1.14262
126	29	0.765094
126	39	0.588339
126	74	0.669763
126	86	0.645738
126	89	0.681899
126	95	0.734538
126	101	0.628442
126	111	0.695387
126	134	1.13047
126	137	0.61985
126	141	1.16413
126	142	0.677617
126	148	1.17321
126	152	1.16874
126	153	1.13838
126	156	1.16984
126	158	1.08489
126	159	1.16762
126	161	1.10115
126	162	1.16201
126	163	1.16624
126	164	1.15892
126	166	1.10105
126	167	1.12633
126	170	1.14226
126	171	1.13289
126	172	1.1483
126	173	1.13044
126	174	1.15323
126	175	1.1009
126	176	1.0722
126	177	1.09892
126	179	1.09808
126	180	1.12122
127	13	1.14353
127	26	1.1047
127	34	1.10013
127	38	1.08196
127	39	1.18898
127	46	1.14196
127	50	1.14791
127	53	1.15151
127	83	1.1537
127	85	0.614
127	86	1.13619
127	91	1.21437
127	95	1.09211
127	99	1.13864
127	103	1.11672
127	104	1.11903
127	109	1.16689
127	110	1.09561
127	114	1.14542
127	118	0.688042
127	121	1.15691
127	122	0.656171
127	133	1.11561
127	137	1.13729
127	139	1.13661
127	160	1.11331
127	162	0.683987
127	166	0.799637
127	167	0.729168
127	171	0.735511
127	174	0.695529
127	177	0.786131
127	178	1.1005
127	180	0.738729
128	63	1.16916
128	90	1.05869
128	93	1.09388
128	98	1.12853
128	102	1.12248
128	107	0.821613
128	108	1.11179
128	112	1.11292
128	113	1.08183
128	115	0.668103
128	117	1.11644
128	119	0.746452
128	120	1.11042
128	123	1.13145
128	124	1.08472
128	130	1.12456
128	132	1.10798
128	136	0.721549
128	138	1.09977
128	143	1.07373
128	144	1.11414
128	145	1.13302
128	148	0.681933
128	150	1.13697
128	151	1.12572
128	155	1.10992
128	157	1.11378
128	159	0.715182
128	160	1.10458
128	163	0.719528
128	164	0.697977
128	168	1.19709
128	169	1.24192
128	175	0.799322
128	180	0.757126
129	29	0.720465
129	30	0.699393
129	43	0.532175
129	45	0.802862
129	61	0.606701
129	70	0.538767
129	79	0.669596
129	82	0.581627
129	89	0.637271
129	121	0.583581
129	140	1.11897
129	147	1.19585
129	149	1.19554
129	152	1.20787
129	153	1.17751
129	156	1.20897
129	157	0.580967
129	158	1.12402
129	159	1.20675
129	161	1.14028
129	162	1.20114
129	165	1.17349
129	166	1.14018
129	167	1.16546
129	170	1.18139
129	171	1.17202
129	172	1.18743
129	173	1.16957
129	174	1.19236
129	175	1.14003
129	176	1.11133
129	177	1.13805
129	178	1.16888
129	179	1.13721
129	180	1.16035
130	11	0.776042
130	21	0.83191
130	30	1.11962
130	49	0.528696
130	61	1.14361
130	65	1.21601
130	68	1.11905
130	93	1.1258
130	94	1.13237
130	108	1.1437
130	112	1.14483
130	116	0.700501
130	117	1.14835
130	118	0.589609
130	120	1.14233
130	123	1.16336
130	125	0.570468
130	128	1.12456
130	132	1.13989
130	138	1.13168
130	140	0.793971
130	143	1.10565
130	144	1.14606
130	145	1.16493
130	146	1.13614
130	148	0.565103
130	150	1.16888
130	151	1.15764
130	155	1.14184
130	157	1.1457
130	160	1.1365
130	168	1.22901
130	169	1.27383
130	176	0.748188
130	177	0.687698
130	180	0.640296
131	16	1.14337
131	30	1.11136
131	52	0.769213
131	55	0.645545
131	61	1.13534
131	65	1.20774
131	67	1.10466
131	90	1.08234
131	93	1.11753
131	94	1.1241
131	98	1.15218
131	108	1.13544
131	113	1.10548
131	120	1.13406
131	123	1.1551
131	124	1.10837
131	132	1.13162
131	138	1.12341
131	142	1.11269
131	143	1.09738
131	145	1.15667
131	146	1.12788
131	148	0.63351
131	151	1.14937
131	153	0.686654
131	155	1.13357
131	157	1.13743
131	158	0.836145
131	160	1.12823
131	163	0.671105
131	164	0.649554
131	166	0.769612
