1	60	1.30401
1	124	1.35196
1	136	1.37078
1	140	1.40353
1	141	1.36475
1	143	1.39028
1	146	0.482457
1	151	0.431902
1	152	0.565326
1	167	0.453984
1	175	1.41477
1	178	0.469646
2	37	0.499003
2	131	0.487733
2	142	1.35271
2	144	1.39188
2	148	1.37493
2	150	1.40831
2	153	1.37836
2	154	1.33059
2	155	1.36578
2	159	0.399734
2	169	0.509914
2	170	0.506817
3	40	1.28742
3	44	0.421273
3	94	0.493514
3	104	1.30974
3	114	1.37167
3	125	1.43044
3	130	1.41905
3	147	0.455031
3	157	0.506621
3	161	1.41205
3	167	1.37092
3	179	0.526093
4	137	0.497666
4	144	1.38808
4	148	1.37113
4	150	1.40451
4	153	1.37456
4	154	1.32679
4	155	1.36198
4	164	0.429711
4	165	0.455215
4	168	0.500489
4	175	1.37554
4	180	0.520202
5	36	0.448798
5	39	0.542477
5	70	0.486849
5	130	0.454983
5	161	0.464628
5	171	1.40036
5	174	1.38126
5	176	1.36396
5	177	1.36825
5	178	1.4053
5	179	1.32392
5	180	1.36458
6	21	1.54474
6	22	1.3534
6	82	1.31562
6	86	1.3008
6	105	1.39767
6	122	1.35951
6	123	1.32775
6	159	0.407111
6	168	0.496723
6	171	0.498222
6	172	0.489283
6	174	0.511824
7	24	0.315057
7	60	1.30824
7	62	1.34852
7	92	1.38912
7	97	0.446916
7	124	1.35619
7	133	0.410624
7	134	1.42727
7	136	1.37501
7	143	1.39451
7	152	0.46529
7	162	0.76525
8	31	0.515186
8	80	0.454391
8	144	0.473683
8	145	0.497
8	161	0.456574
8	170	1.39301
8	174	1.38246
8	176	1.36517
8	177	1.36946
8	178	1.40651
8	179	1.32513
8	180	1.36579
9	115	1.19195
9	129	1.24347
9	131	0.602801
9	132	1.21845
9	148	1.19303
9	150	1.22642
9	153	1.19647
9	154	1.1487
9	155	1.18389
9	158	0.583036
9	177	0.628361
9	178	0.588313
10	66	1.36554
10	84	0.464356
10	142	1.35461
10	146	0.491986
10	148	1.37682
10	150	1.41021
10	153	1.38026
10	154	1.33249
10	156	0.534608
10	164	0.424498
10	172	0.487835
10	175	1.38124
11	72	1.22512
11	81	1.11786
11	95	1.19911
11	126	1.24283
11	127	1.21514
11	141	1.16338
11	161	1.22038
11	163	0.59673
11	168	0.609793
11	172	0.602353
11	173	1.21794
11	178	0.593692
12	18	1.4384
12	81	1.29398
12	95	1.37523
12	126	1.41896
12	151	0.4652
12	152	1.28372
12	160	0.483532
12	161	1.3965
12	164	0.448268
12	167	0.487282
12	168	0.519045
12	173	1.39406
13	93	1.34714
13	106	1.33431
13	108	1.28523
13	110	1.49249
13	137	0.463701
13	149	0.510932
13	165	0.42125
13	168	1.36384
13	170	0.483995
13	173	1.39091
13	175	1.38637
13	179	0.523297
14	46	1.3589
14	54	1.28077
14	80	1.40433
14	98	1.42984
14	99	1.43502
14	101	1.4242
14	152	1.2673
14	162	0.374564
14	164	0.451681
14	167	0.490695
14	170	0.53993
14	177	0.546405
15	87	0.466246
15	114	0.478718
15	127	0.488226
15	140	0.503363
15	155	0.460566
15	171	1.40036
15	174	1.38126
15	176	1.36396
15	177	1.36825
15	178	1.4053
15	179	1.32392
15	180	1.36458
16	44	0.581202
16	55	0.564044
16	64	1.26256
16	104	1.13304
16	112	1.15493
16	130	1.24236
16	131	1.21836
16	149	1.18513
16	157	0.66655
16	167	1.19423
16	168	1.20585
16	173	0.589543
17	93	1.34714
17	106	1.33431
17	108	1.28523
17	110	1.49249
17	149	0.558097
17	151	0.459845
17	157	0.550991
17	162	0.365795
17	165	0.468416
17	168	1.36384
17	173	1.39091
17	175	1.38637
18	12	1.4384
18	43	1.16337
18	58	1.35453
18	95	1.41353
18	127	1.42956
18	156	1.36741
18	163	0.47235
18	165	0.44014
18	167	0.453651
18	173	1.43236
18	176	0.527695
18	177	0.509361
19	20	1.2953
19	67	0.597053
19	74	1.30415
19	75	1.29751
19	82	1.26214
19	96	1.31421
19	122	1.30603
19	123	1.27427
19	134	1.34861
19	141	0.368694
19	156	0.357329
19	162	0.720604
19	175	0.559319
20	19	1.2953
20	35	1.2709
20	59	0.553181
20	84	1.37579
20	86	1.24089
20	96	1.30778
20	105	1.33776
20	122	1.2996
20	123	1.26784
20	131	0.516026
20	156	0.556971
20	163	0.504575
20	165	0.472365
21	6	1.54474
21	35	1.46685
21	75	1.48704
21	86	1.43685
21	96	1.50374
21	122	1.49556
21	123	1.4638
21	138	0.461259
21	146	0.42337
21	163	0.413596
21	167	0.394897
21	174	0.441761
21	176	0.468941
22	6	1.3534
22	74	1.30235
22	79	1.3116
22	82	1.26034
22	86	1.24552
22	96	1.3124
22	105	1.34239
22	123	1.27247
22	133	0.580098
22	164	0.484407
22	166	0.429204
22	174	0.570285
22	178	0.539083
23	49	0.453588
23	50	0.433704
23	90	0.422579
23	114	0.414836
23	127	0.424344
23	136	0.447298
23	170	1.5073
23	174	1.49675
23	176	1.47945
23	177	1.48375
23	178	1.52079
23	179	1.43942
23	180	1.48007
24	7	0.315057
24	31	0.472779
24	57	1.58724
24	107	0.513706
24	108	1.43752
24	118	1.46711
24	122	0.451769
24	148	0.425373
24	153	0.418254
24	175	1.53867
24	178	1.4988
24	179	1.41743
24	180	1.45808
25	84	0.507399
25	87	1.36546
25	103	1.32094
25	111	1.31202
25	124	1.2357
25	134	1.30679
25	138	0.572918
25	140	1.28727
25	143	1.27402
25	158	0.516941
25	164	0.467541
25	168	0.538319
25	175	1.29851
26	32	0.543689
26	46	1.28348
26	52	1.26581
26	80	1.32891
26	98	1.35442
26	99	1.3596
26	101	1.34878
26	145	1.26768
26	152	1.19188
26	167	0.482569
26	170	0.531803
26	172	0.506892
26	177	0.538279
27	100	1.28258
27	124	1.2763
27	136	1.29512
27	140	1.32787
27	141	1.28909
27	143	1.31461
27	157	1.27457
27	168	0.517409
27	173	0.477702
27	174	0.53251
27	175	1.33911
27	178	0.501308
27	179	0.574182
28	46	1.28694
28	54	1.20881
28	80	1.33237
28	98	1.35788
28	99	1.36306
28	101	1.35225
28	102	1.22798
28	145	1.27114
28	165	0.477143
28	168	0.522416
28	171	0.523916
28	174	0.537517
28	180	0.542129
29	31	1.31297
29	50	1.3492
29	61	1.28977
29	65	1.24531
29	73	0.439453
29	85	1.27124
29	149	1.30976
29	157	1.28847
29	163	1.33165
29	167	0.922372
29	169	0.405297
29	176	0.427009
29	177	0.408674
30	33	0.530469
30	51	0.539713
30	79	0.51621
30	98	0.494235
30	117	0.516295
30	169	1.32714
30	170	1.31776
30	174	1.30722
30	176	1.28992
30	177	1.29421
30	178	1.33126
30	179	1.24988
30	180	1.29054
31	8	0.515186
31	24	0.472779
31	29	1.31297
31	36	1.41309
31	61	1.27568
31	65	1.23121
31	85	1.25715
31	128	1.29644
31	149	1.29567
31	156	0.582765
31	163	1.31755
31	164	0.472655
31	174	0.558533
32	26	0.543689
32	105	0.534486
32	140	0.543311
32	161	0.514177
32	171	1.32262
32	172	1.34473
32	174	1.30352
32	175	0.462065
32	176	1.28623
32	177	1.29052
32	178	1.32757
32	179	1.24619
32	180	1.28684
33	30	0.530469
33	129	1.34403
33	132	1.31901
33	142	1.27137
33	144	1.31054
33	149	0.533279
33	150	1.32697
33	153	1.29702
33	154	1.24925
33	155	1.28444
33	157	0.526173
33	172	0.481432
33	176	0.531153
34	60	1.4138
34	111	1.53808
34	124	1.46176
34	128	1.48209
34	136	1.48058
34	143	1.50007
34	151	0.378067
34	158	0.410534
34	169	0.452481
34	170	0.449384
34	172	0.424472
34	175	1.52456
34	179	0.488685
35	20	1.2709
35	21	1.46685
35	67	0.752534
35	71	0.461623
35	74	1.27974
35	75	1.2731
35	79	1.289
35	96	1.2898
35	122	1.28162
35	123	1.24987
35	147	0.459189
35	168	0.473478
35	178	0.457377
36	5	0.448798
36	31	1.41309
36	50	1.44932
36	61	1.38989
36	65	1.34543
36	85	1.37136
36	120	0.504671
36	128	1.41065
36	157	1.38859
36	163	1.43177
36	165	0.423716
36	168	0.46899
36	170	0.486461
36	171	0.470489
37	2	0.499003
37	68	0.345726
37	82	1.37803
37	105	1.46008
37	108	0.52958
37	110	0.476044
37	123	1.39016
37	143	0.504457
37	149	1.41299
37	163	1.43487
37	175	0.442365
37	178	1.41637
37	179	1.33499
37	180	1.37565
38	44	0.44987
38	89	1.33037
38	109	1.44464
38	112	1.35171
38	114	1.39176
38	125	1.45052
38	130	1.43914
38	135	0.461562
38	163	0.484854
38	166	0.371938
38	167	1.39101
38	168	1.40263
38	174	0.513019
38	177	0.521865
39	5	0.542477
39	46	1.23235
39	82	1.16836
39	98	1.3033
39	99	1.30848
39	109	1.26604
39	119	0.552383
39	122	1.21225
39	123	1.18049
39	125	1.27192
39	130	1.26054
39	138	0.597269
39	160	0.527156
39	169	0.583238
40	3	1.28742
40	64	1.29548
40	89	1.16651
40	104	1.16596
40	114	1.2279
40	125	1.28666
40	130	1.27527
40	161	1.26827
40	165	0.518591
40	167	1.22714
40	171	0.565364
40	177	0.587811
40	178	0.547764
40	180	0.583577
41	43	1.18689
41	57	1.4999
41	58	1.37805
41	72	1.46305
41	81	1.3558
41	97	0.429386
41	127	1.45308
41	128	1.40886
41	137	0.365357
41	167	0.845132
41	168	0.36818
41	170	0.385651
41	173	1.45587
41	176	0.410461
42	43	1.19194
42	71	0.485847
42	81	1.36085
42	90	1.43005
42	126	1.48582
42	127	1.45813
42	137	0.494879
42	152	1.35059
42	161	1.46336
42	163	0.484638
42	164	0.426925
42	166	0.371722
42	173	1.46093
42	176	0.539984
43	18	1.16337
43	41	1.18689
43	42	1.19194
43	57	1.16307
43	58	1.04121
43	90	1.08816
43	127	1.11624
43	137	0.766614
43	152	1.0087
43	161	1.12147
43	162	0.621543
43	166	0.643458
43	171	0.770937
43	173	1.11904
44	3	0.421273
44	16	0.581202
44	38	0.44987
44	101	0.444782
44	122	0.474375
44	130	0.427127
44	136	1.40476
44	140	1.43751
44	143	1.42425
44	154	1.4
44	155	1.43519
44	178	1.40888
44	179	1.32751
44	180	1.36816
45	84	0.452512
45	113	1.3191
45	117	1.35992
45	133	0.508345
45	141	0.534129
45	142	1.32161
45	146	0.480142
45	148	1.34383
45	153	1.34726
45	154	1.29949
45	155	1.33468
45	163	1.32688
45	175	1.34824
45	176	0.525713
45	180	0.503145
46	14	1.3589
46	26	1.28348
46	28	1.28694
46	39	1.23235
46	52	1.33288
46	54	1.27241
46	80	1.39597
46	91	0.575742
46	98	1.42148
46	101	1.41584
46	157	0.545281
46	166	0.382
46	172	0.50054
46	173	0.468273
46	177	0.531927
47	66	0.517736
47	76	0.338354
47	128	0.573754
47	148	0.534071
47	155	0.509201
47	161	0.522864
47	169	1.35516
47	170	1.34578
47	172	1.37645
47	174	1.33524
47	176	1.31794
47	177	1.32223
47	178	1.35928
47	179	1.2779
47	180	1.31856
48	123	0.629414
48	132	0.581364
48	138	1.1805
48	143	0.59716
48	154	0.615542
48	155	0.573518
48	169	1.22299
48	171	1.22217
48	172	1.24428
48	174	1.20307
48	176	1.18577
48	177	1.19006
48	178	1.22711
48	179	1.14573
48	180	1.18639
49	23	0.453588
49	89	1.26833
49	104	1.26779
49	109	1.3826
49	112	1.28968
49	114	1.32972
49	125	1.38849
49	130	1.3771
49	141	0.578759
49	157	0.565362
49	161	1.3701
49	165	0.482787
49	166	0.402081
49	167	1.32897
49	172	0.520621
50	23	0.433704
50	29	1.3492
50	36	1.44932
50	61	1.31191
50	65	1.26745
50	85	1.29338
50	128	1.33267
50	149	1.3319
50	157	1.31061
50	160	0.472664
50	163	1.35378
50	167	0.476415
50	174	0.523278
50	177	0.532124
50	179	0.56495
51	30	0.539713
51	115	1.32705
51	116	1.35255
51	131	0.496503
51	132	1.35355
51	144	1.34508
51	148	1.32813
51	150	1.36151
51	153	1.33156
51	154	1.28379
51	155	1.31899
51	166	0.372136
51	177	0.522063
51	179	0.554889
51	180	0.517829
52	26	1.26581
52	46	1.33288
52	54	1.25475
52	80	1.37831
52	98	1.40382
52	99	1.409
52	101	1.39818
52	121	0.521963
52	137	0.523578
52	145	1.31708
52	152	1.24128
52	159	0.43679
52	160	0.490888
52	170	0.543873
52	173	0.486695
53	58	0.598536
53	87	0.508613
53	106	0.532015
53	109	0.486341
53	112	0.554503
53	161	0.516597
53	169	1.29979
53	170	1.29041
53	171	1.29897
53	172	1.32108
53	174	1.27987
53	176	1.26257
53	177	1.26686
53	178	1.30391
53	179	1.22253
53	180	1.26319
54	14	1.28077
54	28	1.20881
54	46	1.27241
54	52	1.25475
54	80	1.31784
54	98	1.34335
54	99	1.34853
54	101	1.33772
54	145	1.25661
54	152	1.18081
54	156	0.571795
54	158	0.511085
54	163	0.5194
54	173	0.492756
54	177	0.55641
54	180	0.552176
55	16	0.564044
55	61	0.446823
55	70	0.441836
55	78	0.484413
55	110	0.401181
55	130	0.40997
55	140	0.448749
55	169	1.44311
55	171	1.44229
55	172	1.4644
55	174	1.42319
55	176	1.40589
55	177	1.41018
55	178	1.44723
55	179	1.36585
55	180	1.40651
56	60	0.472211
56	70	0.45181
56	111	0.446171
56	118	0.481598
56	124	0.473922
56	134	0.430437
56	143	0.439568
56	170	1.43479
56	171	1.44334
56	172	1.46545
56	174	1.42424
56	176	1.40694
56	177	1.41124
56	178	1.44829
56	179	1.36691
56	180	1.40756
57	24	1.58724
57	41	1.4999
57	43	1.16307
57	90	1.40117
57	95	1.41323
57	97	0.513759
57	126	1.45695
57	127	1.42926
57	131	1.4175
57	139	0.497364
57	149	0.49696
57	159	0.362941
57	167	0.42079
57	173	1.43205
57	177	0.4765
57	178	0.436452
58	18	1.35453
58	41	1.37805
58	43	1.04121
58	53	0.598536
58	90	1.27932
58	95	1.29137
58	126	1.33509
58	127	1.3074
58	141	1.25564
58	151	0.512915
58	156	1.24525
58	161	1.31263
58	162	0.418865
58	163	0.553696
58	167	0.534997
58	170	0.584231
59	20	0.553181
59	62	0.539707
59	112	0.558269
59	136	0.557314
59	161	0.520363
59	169	1.29979
59	170	1.29041
59	171	1.29897
59	172	1.32108
59	174	1.27987
59	175	0.46825
59	176	1.26257
59	177	1.26686
59	178	1.30391
59	179	1.22253
59	180	1.26319
60	1	1.30401
60	7	1.30824
60	34	1.4138
60	56	0.472211
60	71	0.515587
60	87	1.33514
60	100	1.21166
60	107	1.20348
60	136	1.2242
60	140	1.25695
60	161	1.27516
60	163	0.514379
60	175	1.26819
60	176	0.569724
60	179	0.584216
60	180	0.547156
61	29	1.28977
61	31	1.27568
61	36	1.38989
61	50	1.31191
61	55	0.446823
61	65	1.20802
61	85	1.23395
61	128	1.27324
61	139	0.556839
61	149	1.27247
61	152	0.591607
61	157	1.25118
61	163	1.29435
61	168	0.512028
61	174	0.527129
61	179	0.568801
62	7	1.34852
62	59	0.539707
62	92	1.2786
62	100	1.25194
62	107	1.24376
62	111	1.32198
62	128	1.266
62	136	1.26448
62	138	0.538764
62	140	1.29723
62	143	1.28398
62	152	0.583744
62	157	1.24393
62	163	0.491101
62	170	0.521636
62	177	0.528112
63	116	1.30056
63	129	1.32658
63	133	0.588079
63	135	0.52681
63	142	1.25392
63	144	1.29309
63	147	0.548876
63	150	1.30952
63	153	1.27957
63	154	1.2318
63	155	1.26699
63	158	0.541787
63	162	0.415271
63	163	1.25919
63	175	1.28055
63	180	0.582878
64	16	1.26256
64	40	1.29548
64	89	1.31834
64	97	0.557392
64	104	1.31779
64	109	1.43261
64	112	1.33968
64	114	1.37973
64	125	1.43849
64	130	1.42711
64	137	0.493363
64	162	0.348292
64	164	0.425409
64	168	1.3906
64	174	0.511287
64	179	0.552959
64	180	0.515899
65	29	1.24531
65	31	1.23121
65	36	1.34543
65	50	1.26745
65	61	1.20802
65	84	0.578368
65	85	1.18949
65	102	1.19809
65	128	1.22878
65	149	1.22801
65	157	1.20672
65	163	1.24989
65	166	0.483308
65	167	0.577524
65	172	0.601847
65	173	0.569581
65	178	0.593187
66	10	1.36554
66	47	0.517736
66	119	0.469406
66	132	1.38426
66	142	1.33663
66	144	1.3758
66	148	1.35884
66	150	1.39223
66	151	0.425848
66	153	1.36228
66	154	1.31451
66	155	1.3497
66	157	0.516993
66	168	0.479693
66	172	0.472252
66	175	1.36325
66	176	0.521974
67	19	0.597053
67	35	0.752534
67	76	0.579366
67	87	1.22703
67	98	0.731694
67	103	1.18251
67	115	1.15459
67	126	0.737062
67	140	1.14884
67	143	1.13559
67	150	1.18905
67	155	1.14652
67	156	1.09967
67	177	1.08317
67	178	1.12022
67	179	1.03884
67	180	1.07949
68	37	0.345726
68	69	1.36584
68	70	1.36586
68	77	1.36586
68	93	1.33315
68	106	1.32032
68	108	1.27124
68	110	1.4785
68	139	0.38088
68	159	0.696472
68	162	0.638188
68	166	0.660103
68	167	0.304306
68	168	1.34985
68	173	1.37692
68	175	1.37238
68	176	0.37835
69	68	1.36584
69	70	1.36589
69	71	0.474593
69	77	1.36589
69	93	1.33318
69	106	1.32035
69	108	1.27127
69	110	1.47853
69	119	0.476162
69	168	1.34988
69	171	0.487947
69	172	0.479008
69	173	1.37695
69	175	1.37241
69	177	0.510395
69	178	0.470347
69	180	0.506161
70	5	0.486849
70	55	0.441836
70	56	0.45181
70	68	1.36586
70	69	1.36589
70	77	1.3659
70	93	1.33319
70	106	1.32036
70	108	1.27128
70	110	1.47855
70	149	0.551449
70	159	0.41743
70	168	1.34989
70	173	1.37696
70	174	0.522142
70	175	1.37243
70	177	0.530988
71	35	0.461623
71	42	0.485847
71	60	0.515587
71	69	0.474593
71	72	0.458204
71	85	1.33934
71	88	1.30678
71	104	0.547575
71	110	0.454531
71	148	1.4167
71	153	1.42013
71	157	1.35657
71	163	1.39975
71	177	1.3442
71	178	1.38124
71	179	1.29987
71	180	1.34052
72	11	1.22512
72	41	1.46305
72	71	0.458204
72	90	1.36432
72	95	1.37638
72	97	0.531265
72	119	0.459773
72	126	1.4201
72	127	1.39241
72	128	1.3482
72	149	0.514467
72	152	1.28487
72	156	1.33026
72	167	0.438296
72	173	1.39521
72	176	0.512341
72	180	0.489772
73	29	0.439453
73	77	0.555666
73	109	0.509291
73	114	0.544035
73	129	0.526366
73	142	0.534537
73	165	1.42456
73	169	1.31734
73	170	1.30796
73	171	1.31651
73	172	1.33862
73	174	1.29741
73	175	0.487434
73	176	1.28012
73	177	1.28441
73	178	1.32146
73	179	1.24008
73	180	1.28074
74	19	1.30415
74	22	1.30235
74	35	1.27974
74	79	1.31582
74	84	1.38464
74	86	1.24974
74	96	1.31663
74	105	1.34661
74	122	1.30845
74	123	1.27669
74	138	0.528509
74	141	0.544608
74	145	1.31276
74	152	0.573489
74	165	0.448636
74	177	0.517857
74	178	0.477809
74	180	0.513623
75	19	1.29751
75	21	1.48704
75	35	1.2731
75	79	1.30918
75	82	1.25792
75	86	1.2431
75	96	1.30999
75	122	1.30181
75	123	1.27005
75	134	1.34439
75	145	1.30612
75	158	0.525612
75	165	0.501716
75	166	0.421011
75	168	0.54699
75	172	0.53955
75	173	0.507284
75	174	0.562091
76	47	0.338354
76	67	0.579366
76	89	1.24593
76	94	0.324504
76	104	1.24539
76	109	1.3602
76	112	1.26728
76	114	1.30732
76	125	1.36609
76	130	1.3547
76	131	1.33071
76	146	0.29702
76	149	1.29748
76	167	1.30657
76	168	1.31819
76	175	0.541632
76	178	0.742668
76	180	0.778482
77	68	1.36586
77	69	1.36589
77	70	1.3659
77	73	0.555666
77	93	1.33319
77	106	1.32036
77	108	1.27128
77	110	1.47854
77	131	0.499327
77	139	0.545751
77	158	0.479562
77	164	0.430163
77	166	0.37496
77	168	1.34989
77	170	0.518411
77	173	1.37696
77	175	1.37242
78	55	0.484413
78	92	1.30268
78	103	1.35498
78	107	1.26784
78	111	1.34606
78	120	0.5853
78	124	1.26974
78	128	1.29008
78	136	1.28856
78	143	1.30806
78	145	1.30255
78	147	0.535329
78	161	1.33952
78	162	0.401723
78	167	0.517855
78	173	0.509911
78	175	1.33255
78	180	0.569331
79	22	1.3116
79	30	0.51621
79	35	1.289
79	74	1.31582
79	75	1.30918
79	82	1.27381
79	86	1.25899
79	105	1.35586
79	122	1.3177
79	123	1.28594
79	134	1.36029
79	137	0.47179
79	145	1.32201
79	146	0.471323
79	163	0.461549
79	171	0.476112
79	174	0.489713
79	175	0.715935
80	8	0.454391
80	14	1.40433
80	26	1.32891
80	28	1.33237
80	46	1.39597
80	52	1.37831
80	54	1.31784
80	98	1.46691
80	99	1.47209
80	101	1.46128
80	102	1.33701
80	133	0.507551
80	149	0.527045
80	152	1.30437
80	158	0.461259
80	164	0.41186
80	167	0.450874
80	176	0.524919
80	178	0.466536
81	11	1.11786
81	12	1.29398
81	41	1.3558
81	42	1.36085
81	94	0.603412
81	95	1.26912
81	126	1.31284
81	127	1.28515
81	128	1.24094
81	131	1.27339
81	146	0.575929
81	152	1.17761
81	156	1.223
81	162	0.431323
81	163	0.566155
81	164	0.508441
81	167	0.547455
81	172	0.571778
81	173	1.28795
82	6	1.31562
82	19	1.26214
82	22	1.26034
82	37	1.37803
82	39	1.16836
82	75	1.25792
82	79	1.27381
82	86	1.20773
82	94	0.547079
82	102	0.573516
82	105	1.3046
82	122	1.26644
82	123	1.23468
82	145	1.27075
82	149	0.567293
82	169	0.543455
82	171	0.524385
82	173	0.483179
82	176	0.565167
83	113	1.24222
83	115	1.26587
83	129	1.31739
83	132	1.29237
83	135	0.5328
83	137	0.566333
83	142	1.24473
83	144	1.2839
83	148	1.26695
83	150	1.30033
83	153	1.27038
83	154	1.22261
83	155	1.2578
83	156	0.608487
83	162	0.421261
83	167	1.23721
83	173	0.529449
83	177	0.593102
83	178	0.553055
84	10	0.464356
84	20	1.37579
84	25	0.507399
84	45	0.452512
84	65	0.578368
84	74	1.38464
84	85	0.52234
84	114	1.38743
84	117	0.443779
84	122	1.38652
84	125	1.4462
84	126	0.427086
84	130	1.43481
84	161	1.4278
84	175	0.401788
84	177	1.34392
84	178	1.38097
84	179	1.29959
84	180	1.34024
85	29	1.27124
85	31	1.25715
85	36	1.37136
85	50	1.29338
85	61	1.23395
85	65	1.18949
85	71	1.33934
85	84	0.52234
85	102	1.22402
85	128	1.25471
85	149	1.25394
85	157	1.23265
85	159	0.463648
85	163	1.27582
85	167	0.521497
85	173	0.513553
85	176	0.595541
85	177	0.577206
85	179	0.610033
86	6	1.3008
86	20	1.24089
86	21	1.43685
86	22	1.24552
86	74	1.24974
86	75	1.2431
86	79	1.25899
86	82	1.20773
86	105	1.28978
86	122	1.25162
86	123	1.21986
86	145	1.25593
86	160	0.516418
86	163	0.538868
86	171	0.553431
86	173	0.512225
86	177	0.575878
86	178	0.53583
86	180	0.571644
87	15	0.466246
87	25	1.36546
87	53	0.508613
87	60	1.33514
87	67	1.22703
87	92	1.41602
87	100	1.38937
87	107	1.38119
87	124	1.38309
87	131	0.475224
87	136	1.40191
87	140	1.43466
87	143	1.4214
87	165	0.431563
87	172	0.469397
87	173	0.43713
87	175	1.4459
87	176	0.519119
87	180	0.49655
88	71	1.30678
88	113	1.23549
88	129	1.31065
88	132	1.28563
88	133	0.561271
88	142	1.23799
88	144	1.27717
88	148	1.26021
88	150	1.2936
88	152	0.615937
88	153	1.26364
88	154	1.21588
88	155	1.25107
88	164	0.46558
88	173	0.496651
88	174	0.551459
88	175	1.26462
88	178	0.520257
88	179	0.593131
89	38	1.33037
89	40	1.16651
89	49	1.26833
89	64	1.31834
89	76	1.24593
89	112	1.21071
89	114	1.25076
89	120	0.570855
89	125	1.30953
89	130	1.29814
89	133	0.560087
89	141	0.585871
89	152	0.614752
89	159	0.445562
89	160	0.49966
89	161	1.29113
89	167	1.25001
89	168	1.26163
89	172	0.527733
90	23	0.422579
90	42	1.43005
90	43	1.08816
90	57	1.40117
90	58	1.27932
90	72	1.36432
90	95	1.33831
90	102	0.547682
90	126	1.38204
90	127	1.35435
90	131	1.34259
90	141	1.30259
90	149	0.541459
90	161	1.35958
90	163	0.483988
90	171	0.498551
90	173	1.35714
90	174	0.512153
90	178	0.480951
90	180	0.516765
91	46	0.575742
91	92	0.559437
91	98	0.5204
91	148	0.563789
91	150	0.52373
91	161	0.552582
91	164	1.4236
91	165	1.36785
91	169	1.26064
91	170	1.25126
91	171	1.25981
91	172	1.28192
91	174	1.24071
91	175	0.50047
91	176	1.22341
91	177	1.22771
91	178	1.26475
91	179	1.18338
91	180	1.22403
92	7	1.38912
92	62	1.2786
92	78	1.30268
92	87	1.41602
92	91	0.559437
92	102	0.542306
92	103	1.37151
92	124	1.28627
92	136	1.30509
92	140	1.33784
92	143	1.32458
92	151	0.437831
92	157	1.28454
92	160	0.456162
92	161	1.35605
92	168	0.491676
92	169	0.512244
92	171	0.493175
92	175	1.34908
92	180	0.511389
93	13	1.34714
93	17	1.34714
93	68	1.33315
93	69	1.33318
93	70	1.33319
93	77	1.33319
93	106	1.28765
93	108	1.23857
93	110	1.44584
93	139	0.529738
93	152	0.564506
93	160	0.449414
93	165	0.439653
93	168	1.31719
93	170	0.502398
93	173	1.34426
93	175	1.33972
93	177	0.508874
93	178	0.468826
93	179	0.5417
94	3	0.493514
94	76	0.324504
94	81	0.603412
94	82	0.547079
94	110	0.49058
94	145	0.54944
94	150	0.480162
94	161	0.509014
94	164	1.49027
94	165	1.43452
94	169	1.3273
94	170	1.31792
94	171	1.32648
94	172	1.34859
94	174	1.30738
94	176	1.29008
94	177	1.29437
94	178	1.33142
94	179	1.25004
94	180	1.2907
95	11	1.19911
95	12	1.37523
95	18	1.41353
95	57	1.41323
95	58	1.29137
95	72	1.37638
95	81	1.26912
95	90	1.33831
95	102	0.549494
95	126	1.39409
95	127	1.3664
95	135	0.462508
95	137	0.496041
95	152	1.25886
95	156	1.30425
95	163	0.4858
95	172	0.491423
95	174	0.513964
95	177	0.52281
95	178	0.482763
96	19	1.31421
96	20	1.30778
96	21	1.50374
96	22	1.3124
96	35	1.2898
96	74	1.31663
96	75	1.30999
96	105	1.35667
96	119	0.487235
96	122	1.31851
96	123	1.28675
96	134	1.36109
96	145	1.32282
96	160	0.462008
96	167	0.465759
96	168	0.497522
96	176	0.539803
96	178	0.481421
96	179	0.554295
96	180	0.517235
97	7	0.446916
97	41	0.429386
97	57	0.513759
97	64	0.557392
97	72	0.531265
97	106	1.28572
97	108	1.23664
97	124	0.59036
97	136	0.582977
97	150	1.36676
97	153	1.3368
97	154	1.28904
97	155	1.32423
97	161	0.546026
97	173	1.34232
97	175	1.33778
97	176	1.25658
97	177	1.26087
97	178	1.29792
97	179	1.21654
97	180	1.2572
98	14	1.42984
98	26	1.35442
98	28	1.35788
98	30	0.494235
98	39	1.3033
98	46	1.42148
98	52	1.40382
98	54	1.34335
98	67	0.731694
98	80	1.46691
98	91	0.5204
98	99	1.4976
98	101	1.48679
98	139	0.497449
98	141	0.503336
98	145	1.40568
98	152	1.32988
98	159	0.363026
98	162	0.304743
98	164	0.38186
98	165	0.407364
99	14	1.43502
99	26	1.3596
99	28	1.36306
99	39	1.30848
99	52	1.409
99	54	1.34853
99	80	1.47209
99	98	1.4976
99	101	1.49197
99	102	1.3677
99	133	0.508897
99	145	1.41086
99	152	1.33506
99	158	0.462606
99	159	0.394372
99	164	0.413206
99	167	0.452221
99	171	0.485483
99	173	0.444277
99	179	0.540756
99	180	0.503696
100	27	1.28258
100	60	1.21166
100	62	1.25194
100	87	1.38937
100	102	0.571475
100	103	1.34485
100	107	1.25772
100	111	1.33594
100	124	1.25962
100	136	1.27844
100	140	1.31119
100	143	1.29793
100	146	0.517555
100	151	0.466999
100	157	1.25789
100	158	0.499466
100	163	0.507781
100	169	0.541413
100	171	0.522344
100	175	1.32242
100	179	0.577617
101	14	1.4242
101	26	1.34878
101	28	1.35225
101	44	0.444782
101	46	1.41584
101	52	1.39818
101	54	1.33772
101	80	1.46128
101	98	1.48679
101	99	1.49197
101	102	1.35689
101	145	1.40005
101	152	1.32425
101	157	0.530131
101	162	0.344936
101	163	0.479767
101	166	0.366851
101	167	0.461067
101	168	0.49283
101	176	0.535112
101	179	0.549603
102	28	1.22798
102	65	1.19809
102	80	1.33701
102	82	0.573516
102	85	1.22402
102	90	0.547682
102	92	0.542306
102	95	0.549494
102	99	1.3677
102	100	0.571475
102	101	1.35689
102	117	0.525328
102	125	0.543066
102	133	1.23749
102	143	0.54543
102	157	1.24125
102	163	1.28443
102	176	1.22458
102	177	1.22887
102	178	1.26592
102	179	1.18454
102	180	1.2252
103	25	1.32094
103	67	1.18251
103	78	1.35498
103	92	1.37151
103	100	1.34485
103	111	1.41489
103	124	1.33857
103	134	1.40965
103	136	1.35739
103	140	1.39014
103	143	1.37689
103	151	0.444234
103	157	1.33684
103	162	0.350184
103	163	0.485015
103	169	0.518647
103	171	0.499578
103	174	0.513179
103	175	1.40138
103	177	0.522025
103	179	0.554851
103	180	0.517791
104	3	1.30974
104	16	1.13304
104	40	1.16596
104	49	1.26779
104	64	1.31779
104	71	0.547575
104	76	1.24539
104	109	1.30309
104	112	1.21017
104	125	1.30898
104	130	1.29759
104	141	0.610128
104	149	1.24037
104	156	0.598762
104	160	0.523917
104	161	1.29059
104	164	0.488652
104	165	0.514156
104	167	1.24946
104	168	1.26108
104	173	0.519723
104	176	0.601711
105	6	1.39767
105	20	1.33776
105	22	1.34239
105	32	0.534486
105	37	1.46008
105	74	1.34661
105	79	1.35586
105	82	1.3046
105	86	1.28978
105	96	1.35667
105	122	1.34849
105	123	1.31673
105	134	1.39107
105	137	0.502306
105	145	1.3528
105	162	0.357234
105	164	0.434351
105	170	0.5226
105	172	0.497689
105	173	0.465422
105	177	0.529076
105	179	0.561902
106	13	1.33431
106	17	1.33431
106	53	0.532015
106	68	1.32032
106	69	1.32035
106	70	1.32036
106	77	1.32036
106	93	1.28765
106	97	1.28572
106	108	1.22574
106	110	1.433
106	118	1.25532
106	135	0.463883
106	147	0.48595
106	149	0.544646
106	157	0.53754
106	158	0.478861
106	168	1.30435
106	169	0.520808
106	173	1.33142
106	175	1.32688
106	178	0.484138
106	179	0.557012
107	24	0.513706
107	60	1.20348
107	62	1.24376
107	78	1.26784
107	87	1.38119
107	100	1.25772
107	111	1.32776
107	119	0.574074
107	124	1.25143
107	135	0.548004
107	136	1.27025
107	140	1.303
107	141	1.26422
107	143	1.28975
107	156	1.25383
107	157	1.24971
107	159	0.494748
107	161	1.32122
107	162	0.436465
107	165	0.539086
107	167	0.552597
107	170	0.601831
107	173	0.544653
107	175	1.31424
108	13	1.28523
108	17	1.28523
108	24	1.43752
108	37	0.52958
108	68	1.27124
108	69	1.27127
108	70	1.27128
108	77	1.27128
108	93	1.23857
108	97	1.23664
108	106	1.22574
108	110	1.38392
108	118	1.20624
108	152	0.599501
108	156	0.559254
108	157	0.557223
108	160	0.484409
108	165	0.474649
108	168	1.25527
108	171	0.521422
108	173	1.28234
108	174	0.535023
108	175	1.2778
108	177	0.543869
109	38	1.44464
109	39	1.26604
109	49	1.3826
109	53	0.486341
109	64	1.43261
109	73	0.509291
109	76	1.3602
109	104	1.30309
109	112	1.32498
109	114	1.36503
109	120	0.490247
109	125	1.42379
109	130	1.41241
109	131	1.38841
109	133	0.479478
109	149	1.35518
109	157	0.491866
109	167	1.36427
109	168	1.3759
109	170	0.472036
109	171	0.456064
109	174	0.469666
109	178	0.438464
109	179	0.511338
110	13	1.49249
110	17	1.49249
110	37	0.476044
110	55	0.401181
110	68	1.4785
110	69	1.47853
110	70	1.47855
110	71	0.454531
110	77	1.47854
110	93	1.44584
110	94	0.49058
110	106	1.433
110	108	1.38392
110	133	0.4913
110	135	0.430031
110	158	0.445009
110	163	0.453323
110	165	0.421113
110	166	0.340407
110	168	1.46254
110	173	1.48961
110	175	1.48507
111	25	1.31202
111	34	1.53808
111	56	0.446171
111	62	1.32198
111	78	1.34606
111	100	1.33594
111	103	1.41489
111	107	1.32776
111	124	1.32965
111	134	1.40074
111	140	1.38122
111	143	1.36797
111	146	0.498113
111	156	1.33205
111	160	0.465889
111	161	1.39944
111	166	0.375423
111	167	0.469639
111	168	0.501402
111	169	0.521971
111	174	0.516503
111	175	1.39246
111	177	0.525349
111	178	0.485302
112	16	1.15493
112	38	1.35171
112	49	1.28968
112	53	0.554503
112	59	0.558269
112	64	1.33968
112	76	1.26728
112	89	1.21071
112	104	1.21017
112	109	1.32498
112	114	1.2721
112	125	1.33087
112	130	1.31948
112	146	0.519437
112	149	1.26226
112	156	0.562058
112	161	1.31248
112	164	0.451949
112	167	1.27135
112	168	1.28297
112	170	0.540198
112	172	0.515286
112	174	0.537827
112	176	0.565008
113	45	1.3191
113	83	1.24222
113	88	1.23549
113	115	1.34432
113	116	1.36983
113	129	1.39584
113	131	0.481119
113	132	1.37082
113	141	0.53343
113	142	1.32318
113	144	1.36236
113	147	0.468443
113	148	1.3454
113	150	1.37879
113	153	1.34884
113	154	1.30107
113	155	1.33626
113	156	0.522064
113	158	0.461354
113	163	1.32845
113	172	0.475292
113	174	0.497833
113	176	0.525014
113	179	0.539505
113	180	0.502445
114	3	1.37167
114	15	0.478718
114	23	0.414836
114	38	1.39176
114	40	1.2279
114	49	1.32972
114	64	1.37973
114	73	0.544035
114	76	1.30732
114	84	1.38743
114	89	1.25076
114	109	1.36503
114	112	1.2721
114	125	1.37092
114	130	1.35953
114	133	0.514223
114	138	0.523909
114	146	0.48602
114	156	0.528641
114	161	1.35252
114	167	1.3114
114	168	1.32302
114	169	0.509878
114	171	0.490808
114	177	0.513256
115	9	1.19195
115	51	1.32705
115	67	1.15459
115	83	1.26587
115	113	1.34432
115	117	1.38513
115	120	0.531568
115	129	1.41949
115	139	0.540698
115	141	0.546584
115	142	1.34683
115	144	1.386
115	148	1.36905
115	150	1.40243
115	152	0.575466
115	153	1.37248
115	154	1.32471
115	155	1.3599
115	158	0.474509
115	160	0.460373
115	163	1.3521
115	166	0.369907
115	169	0.516456
115	174	0.510987
115	178	0.479786
116	51	1.35255
116	63	1.30056
116	113	1.36983
116	117	1.41064
116	129	1.44499
116	132	1.41997
116	141	0.51766
116	142	1.37233
116	144	1.41151
116	148	1.39455
116	150	1.42793
116	153	1.39798
116	154	1.35022
116	155	1.38541
116	156	0.506294
116	164	0.396184
116	167	1.36481
116	168	0.466962
116	169	0.487531
116	170	0.484433
116	172	0.459522
116	173	0.427255
116	175	1.39896
116	178	0.450861
116	179	0.523735
116	180	0.486675
117	30	0.516295
117	45	1.35992
117	84	0.443779
117	102	0.525328
117	115	1.38513
117	116	1.41064
117	129	1.43665
117	132	1.41163
117	138	0.509297
117	142	1.364
117	144	1.40317
117	147	0.460409
117	148	1.38621
117	150	1.4196
117	153	1.38965
117	154	1.34188
117	155	1.37707
117	156	0.51403
117	158	0.45332
117	163	1.36927
117	166	0.348718
117	167	1.35647
117	172	0.467258
117	173	0.434991
117	175	1.39063
117	179	0.531471
118	24	1.46711
118	56	0.481598
118	106	1.25532
118	108	1.20624
118	120	0.572511
118	126	1.33682
118	127	1.30913
118	141	1.25737
118	144	1.31993
118	148	1.30298
118	150	1.33636
118	151	0.482985
118	153	1.30641
118	154	1.25864
118	155	1.29383
118	156	1.24698
118	157	0.574131
118	159	0.447218
118	164	0.466052
118	168	1.28486
118	172	0.52939
118	173	1.31193
118	174	0.551931
118	175	1.30739
118	176	0.579111
118	178	0.520729
119	39	0.552383
119	66	0.469406
119	69	0.476162
119	72	0.459773
119	96	0.487235
119	107	0.574074
119	127	0.488531
119	134	0.475382
119	153	0.478622
119	155	0.460871
119	158	1.36324
119	160	1.38007
119	161	0.474534
119	162	1.46741
119	164	1.47697
119	165	1.42122
119	166	1.54744
119	169	1.314
119	170	1.30462
119	171	1.31317
119	172	1.33528
119	174	1.29407
119	176	1.27678
119	177	1.28107
119	178	1.31812
119	179	1.23674
119	180	1.2774
120	36	0.504671
120	78	0.5853
120	89	0.570855
120	109	0.490247
120	115	0.531568
120	118	0.572511
120	132	0.514686
120	134	0.52135
120	136	0.557453
120	154	0.548863
120	158	1.27486
120	159	1.41306
120	160	1.2917
120	162	1.37903
120	164	1.38859
120	165	1.33284
120	166	1.45907
120	169	1.22563
120	170	1.21625
120	171	1.2248
120	172	1.24691
120	174	1.2057
120	176	1.1884
120	177	1.1927
120	178	1.22975
120	179	1.14837
120	180	1.18902
121	52	0.521963
121	125	0.487998
121	128	0.531272
121	132	0.474566
121	134	0.48123
121	143	0.490362
121	144	0.497492
121	148	0.491589
121	154	0.508744
121	158	1.36324
121	160	1.38007
121	161	0.480382
121	162	1.46741
121	164	1.47697
121	165	1.42122
121	166	1.54744
121	169	1.314
121	170	1.30462
121	171	1.31317
121	172	1.33528
121	174	1.29407
121	175	0.42827
121	176	1.27678
121	177	1.28107
121	178	1.31812
121	179	1.23674
121	180	1.2774
122	6	1.35951
122	19	1.30603
122	20	1.2996
122	21	1.49556
122	24	0.451769
122	35	1.28162
122	39	1.21225
122	44	0.474375
122	74	1.30845
122	75	1.30181
122	79	1.3177
122	82	1.26644
122	84	1.38652
122	86	1.25162
122	96	1.31851
122	105	1.34849
122	123	1.27857
122	134	1.35291
122	138	0.557023
122	145	1.31464
122	157	0.559724
122	166	0.396443
122	169	0.542992
122	170	0.539894
122	172	0.514983
122	173	0.482716
122	178	0.506322
122	179	0.579196
123	6	1.32775
123	19	1.27427
123	20	1.26784
123	21	1.4638
123	22	1.27247
123	35	1.24987
123	37	1.39016
123	39	1.18049
123	48	0.629414
123	74	1.27669
123	75	1.27005
123	79	1.28594
123	82	1.23468
123	86	1.21986
123	96	1.28675
123	105	1.31673
123	122	1.27857
123	131	0.525441
123	134	1.32115
123	145	1.28288
123	149	0.571461
123	156	0.566385
123	159	0.437442
123	165	0.48178
123	166	0.401074
123	170	0.544525
123	171	0.528553
123	176	0.569335
123	177	0.551
124	1	1.35196
124	7	1.35619
124	25	1.2357
124	27	1.2763
124	34	1.46176
124	56	0.473922
124	78	1.26974
124	87	1.38309
124	92	1.28627
124	97	0.59036
124	100	1.25962
124	103	1.33857
124	107	1.25143
124	111	1.32965
124	136	1.27215
124	140	1.3049
124	141	1.26612
124	143	1.29165
124	145	1.28614
124	146	0.525864
124	147	0.514865
124	156	1.25573
124	158	0.507776
124	160	0.49364
124	161	1.32311
124	163	0.51609
124	164	0.458376
124	167	0.497391
124	168	0.529154
124	178	0.513053
124	179	0.585927
125	3	1.43044
125	38	1.45052
125	39	1.27192
125	40	1.28666
125	49	1.38849
125	64	1.43849
125	76	1.36609
125	84	1.4462
125	89	1.30953
125	102	0.543066
125	104	1.30898
125	109	1.42379
125	112	1.33087
125	114	1.37092
125	121	0.487998
125	130	1.41829
125	131	1.3943
125	139	0.537247
125	147	0.478147
125	151	0.438591
125	161	1.41129
125	162	0.344541
125	166	0.366456
125	167	1.37016
125	168	1.38178
125	170	0.509907
125	171	0.493935
125	173	0.452729
125	174	0.507536
125	176	0.534717
125	180	0.512149
126	11	1.24283
126	12	1.41896
126	42	1.48582
126	57	1.45695
126	58	1.33509
126	67	0.737062
126	72	1.4201
126	81	1.31284
126	84	0.427086
126	90	1.38204
126	95	1.39409
126	118	1.33682
126	127	1.41012
126	128	1.36591
126	131	1.39837
126	135	0.42165
126	139	0.502817
126	141	1.35836
126	152	1.30258
126	156	1.34797
126	157	0.495307
126	161	1.41535
126	163	0.444942
126	165	0.412732
126	167	0.426243
126	168	0.458006
126	170	0.475477
126	172	0.450566
126	173	1.41292
126	174	0.473107
126	177	0.481953
127	11	1.21514
127	15	0.488226
127	18	1.42956
127	23	0.424344
127	41	1.45308
127	42	1.45813
127	43	1.11624
127	57	1.42926
127	58	1.3074
127	72	1.39241
127	81	1.28515
127	90	1.35435
127	95	1.3664
127	118	1.30913
127	119	0.488531
127	126	1.41012
127	131	1.37068
127	141	1.33067
127	147	0.484528
127	152	1.27489
127	155	0.778589
127	156	1.32028
127	159	0.409206
127	161	1.38766
127	162	0.350922
127	163	0.485754
127	167	0.467054
127	168	0.498817
127	169	0.519386
127	172	0.491377
127	173	1.38523
127	180	0.51853
128	31	1.29644
128	34	1.48209
128	36	1.41065
128	41	1.40886
128	47	0.573754
128	50	1.33267
128	61	1.27324
128	62	1.266
128	65	1.22878
128	72	1.3482
128	78	1.29008
128	81	1.24094
128	85	1.25471
128	121	0.531272
128	126	1.36591
128	135	0.499354
128	136	1.29249
128	140	1.32524
128	143	1.31198
128	147	0.521421
128	157	1.27194
128	159	0.446098
128	161	1.34345
128	162	0.387815
128	163	1.31512
128	165	0.490436
128	166	0.40973
128	167	0.503947
128	170	0.553181
128	173	1.34101
128	176	0.577991
128	178	0.519609
128	179	0.592483
129	9	1.24347
129	33	1.34403
129	63	1.32658
129	73	0.526366
129	83	1.31739
129	88	1.31065
129	113	1.39584
129	115	1.41949
129	116	1.44499
129	117	1.43665
129	132	1.44599
129	142	1.39835
129	144	1.43752
129	148	1.42057
129	149	0.516048
129	150	1.45395
129	152	0.55122
129	153	1.424
129	154	1.37623
129	155	1.41142
129	157	0.508941
129	159	0.382029
129	163	1.40362
129	164	0.400863
129	166	0.345661
129	167	1.39083
129	169	0.49221
129	171	0.47314
129	172	0.4642
129	173	0.431934
129	177	0.495587
129	179	0.528414
129	180	0.491354
130	3	1.41905
130	5	0.454983
130	16	1.24236
130	38	1.43914
130	39	1.26054
130	40	1.27527
130	44	0.427127
130	49	1.3771
130	55	0.40997
130	64	1.42711
130	76	1.3547
130	84	1.43481
130	89	1.29814
130	104	1.29759
130	109	1.41241
130	112	1.31948
130	114	1.35953
130	125	1.41829
130	131	1.38291
130	135	0.438819
130	149	1.34968
130	150	0.739758
130	151	0.42133
130	152	0.554754
130	158	0.453797
130	161	1.3999
130	163	0.462111
130	165	0.429901
130	167	1.35877
130	168	1.3704
130	169	0.495744
130	174	0.490276
130	179	0.531948
130	180	0.494888
131	2	0.487733
131	9	0.602801
131	16	1.21836
131	20	0.516026
131	51	0.496503
131	57	1.4175
131	76	1.33071
131	77	0.499327
131	81	1.27339
131	87	0.475224
131	90	1.34259
131	109	1.38841
131	113	0.481119
131	123	0.525441
131	125	1.3943
131	126	1.39837
131	127	1.37068
131	130	1.38291
131	141	1.31892
131	143	0.493187
131	144	0.500317
131	145	0.523633
131	148	0.494414
131	155	0.469544
131	161	1.37591
131	168	1.3464
131	171	1.32413
131	173	1.37347
131	174	1.30503
131	175	0.431095
131	176	1.28773
131	177	1.29202
131	178	1.32907
131	179	1.24769
131	180	1.28835
132	9	1.21845
132	33	1.31901
132	48	0.581364
132	51	1.35355
132	66	1.38426
132	83	1.29237
132	88	1.28563
132	113	1.37082
132	116	1.41997
132	117	1.41163
132	120	0.514686
132	121	0.474566
132	129	1.44599
132	134	1.40823
132	138	0.513603
132	141	0.529702
132	142	1.37333
132	144	1.4125
132	148	1.39554
132	150	1.42893
132	153	1.39898
132	154	1.35121
132	155	1.3864
132	158	0.457626
132	159	0.389392
132	163	1.3786
132	166	0.353024
132	167	1.3658
132	168	0.479004
132	169	0.499573
132	170	0.496475
132	171	0.480503
132	173	0.439297
132	175	1.39996
132	178	0.462903
132	179	0.535777
133	7	0.410624
133	22	0.580098
133	45	0.508345
133	63	0.588079
133	80	0.507551
133	88	0.561271
133	89	0.560087
133	99	0.508897
133	102	1.23749
133	109	0.479478
133	110	0.4913
133	114	0.514223
133	139	1.2371
133	146	1.3067
133	147	1.30674
133	148	0.52094
133	151	1.41112
133	158	1.3159
133	159	1.4541
133	160	1.33274
133	161	0.509734
133	162	1.42007
133	164	1.42963
133	165	1.37388
133	166	1.50011
133	169	1.26667
133	170	1.25729
133	171	1.26584
133	172	1.28795
133	174	1.24674
133	175	0.457621
133	176	1.22944
133	177	1.23374
133	178	1.27079
133	179	1.18941
133	180	1.23006
134	7	1.42727
134	19	1.34861
134	25	1.30679
134	56	0.430437
134	75	1.34439
134	79	1.36029
134	96	1.36109
134	103	1.40965
134	105	1.39107
134	111	1.40074
134	119	0.475382
134	120	0.52135
134	121	0.48123
134	122	1.35291
134	123	1.32115
134	132	1.40823
134	135	0.449313
134	136	1.34323
134	139	0.530479
134	140	1.37598
134	142	1.36059
134	148	1.38281
134	149	0.530076
134	150	1.4162
134	153	1.38624
134	154	1.33848
134	155	1.37367
134	161	1.3942
134	162	0.337774
134	165	0.440395
134	169	0.506237
134	173	0.445962
134	174	0.500769
134	177	0.509615
134	179	0.542441
134	180	0.505381
135	38	0.461562
135	63	0.52681
135	83	0.5328
135	95	0.462508
135	106	0.463883
135	107	0.548004
135	110	0.430031
135	126	0.42165
135	128	0.499354
135	130	0.438819
135	134	0.449313
135	137	1.29237
135	139	1.27256
135	144	0.465574
135	146	1.34215
135	147	1.34219
135	150	0.419612
135	151	1.44658
135	155	0.434802
135	158	1.35136
135	159	1.48955
135	160	1.36819
135	162	1.45553
135	164	1.46509
135	165	1.40934
135	166	1.53556
135	169	1.30212
135	170	1.29274
135	171	1.3013
135	172	1.3234
135	174	1.28219
135	175	0.842927
135	176	1.2649
135	177	1.26919
135	178	1.30624
135	179	1.22486
135	180	1.26552
136	1	1.37078
136	7	1.37501
136	23	0.447298
136	27	1.29512
136	34	1.48058
136	44	1.40476
136	59	0.557314
136	60	1.2242
136	62	1.26448
136	78	1.28856
136	87	1.40191
136	92	1.30509
136	97	0.582977
136	100	1.27844
136	103	1.35739
136	107	1.27025
136	120	0.557453
136	124	1.27215
136	128	1.29249
136	134	1.34323
136	140	1.32372
136	141	1.28494
136	143	1.31047
136	145	1.30496
136	151	0.467926
136	156	1.27455
136	159	0.43216
136	161	1.34194
136	162	0.373876
136	163	0.508708
136	165	0.476497
136	167	0.490008
136	169	0.54234
136	173	0.482064
136	175	1.33496
136	176	0.564053
136	177	0.545718
136	179	0.578544
137	4	0.497666
137	13	0.463701
137	41	0.365357
137	42	0.494879
137	43	0.766614
137	52	0.523578
137	64	0.493363
137	79	0.47179
137	83	0.566333
137	95	0.496041
137	105	0.502306
137	135	1.29237
137	138	1.23873
137	139	1.25166
137	144	0.499107
137	146	1.32126
137	147	1.3213
137	148	0.493204
137	150	0.453145
137	151	1.42569
137	154	0.510359
137	158	1.33047
137	159	1.46866
137	160	1.3473
137	162	1.43464
137	164	1.4442
137	165	1.38845
137	166	1.51467
137	169	1.28123
137	170	1.27185
137	171	1.2804
137	172	1.30251
137	174	1.2613
137	176	1.24401
137	177	1.2483
137	178	1.28535
137	179	1.20397
137	180	1.24463
138	21	0.461259
138	25	0.572918
138	39	0.597269
138	48	1.1805
138	62	0.538764
138	74	0.528509
138	114	0.523909
138	117	0.509297
138	122	0.557023
