1	40	0.984747
1	52	1.01982
1	100	1.09748
1	112	1.01474
1	115	1.06516
1	117	1.03739
1	126	0.821357
1	127	1.11072
1	134	1.06994
1	138	0.827761
1	175	1.26709
1	179	0.958449
2	66	1.10768
2	84	0.747504
2	88	0.710047
2	101	1.21087
2	120	1.21148
2	121	1.21148
2	126	0.838777
2	150	1.25686
2	153	1.2076
2	157	1.19402
2	159	0.804935
2	163	0.839262
3	39	1.10321
3	50	1.19571
3	64	1.22707
3	70	1.19092
3	92	0.783857
3	98	1.26421
3	116	1.17025
3	118	1.24865
3	130	0.799009
3	162	0.697436
3	171	0.782319
3	177	0.881281
4	25	0.747986
4	54	1.17649
4	78	1.20259
4	88	0.608898
4	91	1.16484
4	96	1.1866
4	134	1.23514
4	146	1.23157
4	148	1.20275
4	164	0.787751
4	176	0.924488
4	179	0.87472
5	43	1.14206
5	74	1.19584
5	82	1.15711
5	94	1.20054
5	98	1.27132
5	116	1.17737
5	118	1.25577
5	129	0.784597
5	132	0.699585
5	151	0.724467
5	152	0.752071
5	173	0.981305
6	45	1.09034
6	54	1.15129
6	110	1.15119
6	136	0.914607
6	158	0.984349
6	161	0.986505
6	166	0.938931
6	171	0.981492
6	173	0.869797
6	176	0.924581
6	179	0.931808
6	180	0.867929
7	83	1.0236
7	91	1.02048
7	96	1.04224
7	104	0.951835
7	108	1.06183
7	111	1.03046
7	130	0.986388
7	134	1.09078
7	141	1.0722
7	148	1.05839
7	164	0.925535
7	179	1.0125
8	31	1.16905
8	38	1.28978
8	53	1.16592
8	63	1.23539
8	69	1.13101
8	73	1.18124
8	95	0.582436
8	103	1.2276
8	106	0.647696
8	136	0.8462
8	175	1.08758
8	179	0.778937
9	54	1.17649
9	58	0.780669
9	78	1.20259
9	91	1.16484
9	96	1.1866
9	132	0.72596
9	134	1.23514
9	146	1.23157
9	148	1.20275
9	156	0.751516
9	164	0.769939
9	177	0.913063
10	19	1.34668
10	31	1.14897
10	61	1.20943
10	63	1.21531
10	69	1.11093
10	73	1.16116
10	103	1.20752
10	120	0.0092626
10	167	0.896079
10	170	0.902172
10	173	1.12122
10	178	0.99162
11	86	1.15492
11	125	1.18691
11	129	0.790445
11	137	1.21833
11	140	1.19901
11	143	1.18769
11	145	1.22866
11	147	0.647139
11	153	1.22448
11	165	0.740137
11	170	0.768101
11	180	0.996993
12	49	1.1956
12	81	1.23109
12	92	1.1602
12	133	0.732484
12	139	0.700993
12	140	1.19233
12	143	1.18101
12	145	1.22198
12	152	0.7598
12	153	1.21779
12	160	0.856837
12	177	0.894417
13	54	1.01822
13	78	1.04431
13	91	1.00657
13	96	1.02833
13	126	1.10794
13	134	1.07687
13	135	0.884449
13	146	1.0733
13	148	1.04448
13	158	0.975782
13	163	0.863444
13	173	1.15082
14	55	0.797707
14	71	1.17936
14	80	1.18747
14	108	1.19587
14	111	1.16449
14	113	0.73421
14	124	1.19528
14	141	1.20624
14	149	1.2713
14	159	0.739917
14	165	0.814608
14	168	0.854784
15	52	1.16914
15	93	0.66921
15	100	1.2468
15	112	1.16406
15	115	1.21448
15	117	1.18671
15	128	0.818412
15	131	1.15306
15	146	0.752774
15	149	1.26574
15	168	0.796606
15	177	0.908829
16	47	1.14289
16	67	1.16164
16	80	1.12226
16	83	1.09243
16	97	1.2098
16	108	1.13066
16	111	1.09929
16	141	1.14103
16	152	0.733064
16	156	0.706133
16	173	0.962297
16	177	0.867681
16	180	0.972137
17	65	1.15447
17	100	1.16948
17	106	0.745877
17	112	1.08674
17	115	1.13716
17	117	1.10939
17	124	1.1124
17	134	1.14194
17	149	1.18842
17	156	0.771727
17	161	0.859201
17	164	0.79015
17	172	1.07601
18	68	1.19356
18	76	1.16086
18	102	1.08126
18	110	1.11101
18	120	1.17448
18	121	1.17448
18	136	1.04733
18	157	1.15702
18	163	0.651872
18	166	0.82119
18	169	0.722953
18	175	1.09712
18	180	0.949092
19	10	1.34668
19	31	1.26433
19	44	1.30362
19	53	1.2612
19	61	1.32479
19	73	1.27652
19	103	1.32287
19	132	0.587092
19	165	0.621795
19	167	0.643667
19	168	0.661971
19	175	1.02668
19	176	0.767807
20	34	1.1982
20	87	1.1792
20	107	1.11729
20	125	1.10591
20	137	1.13733
20	143	1.10669
20	144	1.1119
20	153	1.14348
20	165	0.802061
20	167	0.823933
20	169	0.832778
20	174	0.882948
20	179	0.898304
21	29	1.12392
21	40	1.07708
21	42	1.0805
21	100	1.18981
21	115	1.15749
21	117	1.12972
21	124	1.13273
21	132	0.829367
21	146	0.860415
21	147	0.771072
21	149	1.20875
21	159	0.789379
21	166	0.993024
22	55	0.785467
22	107	1.13304
22	123	1.1319
22	137	1.15308
22	140	1.13376
22	142	1.13472
22	143	1.12244
22	144	1.12765
22	145	1.16341
22	156	0.79322
22	158	0.874342
22	159	0.727677
22	180	1.05922
23	81	1.33236
23	109	1.29065
23	140	1.2936
23	142	1.29455
23	143	1.28228
23	144	1.28748
23	153	1.31906
23	161	0.662533
23	164	0.593482
23	173	0.831223
23	178	0.70162
23	179	0.680451
23	180	0.841063
24	45	1.12935
24	57	1.19838
24	60	1.1801
24	77	1.12872
24	105	1.2185
24	131	1.09339
24	133	0.806858
24	160	0.931212
24	162	0.784947
24	163	0.776028
24	166	0.945346
24	170	1.07958
24	174	1.07197
25	4	0.747986
25	68	0.745221
25	97	0.750696
25	99	0.681889
25	101	0.696605
25	156	1.21847
25	167	1.16417
25	169	1.17693
25	171	1.16721
25	176	1.1103
25	177	1.09174
25	179	1.11753
25	180	1.05365
26	41	1.09231
26	79	1.12716
26	122	0.697376
26	123	1.14371
26	126	0.76747
26	140	1.14557
26	142	1.14652
26	143	1.13425
26	144	1.13945
26	153	1.17103
26	167	0.830191
26	173	1.05533
26	174	0.889206
27	41	1.09195
27	86	1.10111
27	106	0.695097
27	109	1.14226
27	142	1.14616
27	143	1.13389
27	144	1.13909
27	145	1.17486
27	146	0.726439
27	153	1.17067
27	172	1.02523
27	174	0.810982
27	180	0.986951
28	45	1.4182
28	57	1.48723
28	58	0.578604
28	72	1.38309
28	129	0.608907
28	131	1.38224
28	170	1.36842
28	171	0.612037
28	172	0.853737
28	174	1.36082
28	176	0.704611
28	179	0.654842
29	21	1.12392
29	42	1.07762
29	100	1.18692
29	112	1.10418
29	115	1.15461
29	127	1.20017
29	131	1.09319
29	134	1.15939
29	147	0.757338
29	151	0.840514
29	155	0.849322
29	162	0.818891
29	166	0.97929
30	31	1.11305
30	44	1.15233
30	53	1.10992
30	61	1.17351
30	63	1.17938
30	69	1.075
30	73	1.12523
30	103	1.17159
30	129	0.859289
30	151	0.79916
30	164	0.818256
30	171	0.862419
30	179	0.905225
31	8	1.16905
31	10	1.14897
31	19	1.26433
31	30	1.11305
31	38	1.18735
31	46	0.903576
31	53	1.0635
31	69	1.02858
31	103	1.12517
31	126	0.801904
31	128	0.904735
31	133	0.833219
31	139	0.801728
32	65	0.688633
32	77	0.677662
32	108	0.723296
32	127	0.688147
32	144	0.782058
32	166	1.15157
32	169	1.20385
32	171	1.19413
32	172	1.06719
32	177	1.11866
32	178	1.13959
32	179	1.14445
32	180	1.08057
33	43	0.917806
33	48	0.986029
33	64	1.00994
33	70	0.973786
33	74	0.971587
33	82	0.932855
33	94	0.976292
33	98	1.04707
33	116	0.953118
33	118	1.03152
33	122	1.02465
33	133	1.12606
33	167	1.15747
33	170	1.16356
34	20	1.1982
34	104	0.651077
34	123	1.22344
34	125	1.2132
34	126	0.574653
34	142	1.22626
34	143	1.21398
34	144	1.21919
34	145	1.25495
34	153	1.25077
34	175	1.02039
34	176	0.761514
34	178	0.732914
34	180	0.872358
35	46	1.0485
35	52	1.00965
35	65	0.94183
35	144	1.03525
35	148	0.938129
35	158	1.0214
35	160	0.992837
35	162	1.08701
35	168	1.03262
35	173	0.906848
35	174	0.988146
35	175	0.853654
35	178	0.964007
35	180	0.90498
36	58	0.768468
36	72	1.20076
36	91	1.19581
36	93	0.661244
36	96	1.21757
36	105	1.32502
36	146	1.26254
36	148	1.23372
36	151	0.738641
36	161	0.826789
36	162	0.717017
36	170	1.18609
36	174	1.17849
36	177	0.900862
37	39	1.13961
37	43	1.17134
37	48	1.23957
37	70	1.22732
37	94	1.22983
37	98	1.30061
37	116	1.20666
37	118	1.28505
37	129	0.739208
37	155	0.687886
37	161	0.767226
37	163	0.648536
37	172	0.984038
37	179	0.785144
38	8	1.28978
38	31	1.18735
38	44	1.22664
38	61	1.24781
38	63	1.25368
38	69	1.14931
38	73	1.19954
38	103	1.2459
38	139	0.699149
38	150	0.697165
38	159	0.665482
38	170	0.768138
38	171	0.793611
38	173	0.987189
39	3	1.10321
39	37	1.13961
39	43	1.01548
39	50	1.07625
39	70	1.07146
39	74	1.06926
39	98	1.14475
39	116	1.05079
39	118	1.12919
39	138	0.871067
39	147	0.812514
39	151	0.89569
39	164	0.914786
39	176	1.05152
40	1	0.984747
40	21	1.07708
40	42	1.03078
40	52	1.06242
40	100	1.14008
40	117	1.07999
40	127	1.15333
40	134	1.11255
40	149	1.15902
40	159	0.747647
40	168	0.862514
40	169	0.853055
40	170	0.850303
40	175	1.22723
41	26	1.09231
41	27	1.09195
41	86	1.04776
41	90	1.05337
41	107	1.09113
41	132	0.853765
41	140	1.09186
41	142	1.09281
41	145	1.1215
41	153	1.11732
41	159	0.813778
41	167	0.910341
41	168	0.928645
41	176	1.03448
42	21	1.0805
42	29	1.07762
42	40	1.03078
42	100	1.14351
42	112	1.06077
42	115	1.11119
42	117	1.08342
42	131	1.04977
42	133	0.847927
42	136	1.02097
42	149	1.16245
42	150	0.814452
42	170	0.885425
42	178	0.974872
43	5	1.14206
43	33	0.917806
43	37	1.17134
43	39	1.01548
43	55	0.773563
43	70	1.10319
43	74	1.10099
43	94	1.10569
43	116	1.08252
43	118	1.16092
43	136	0.95397
43	169	0.821182
43	172	1.0856
43	178	0.907877
44	19	1.30362
44	30	1.15233
44	38	1.22664
44	53	1.10278
44	60	1.19197
44	63	1.17224
44	69	1.06787
44	73	1.1181
44	103	1.16446
44	130	0.845715
44	150	0.73258
44	156	0.76644
44	168	0.815764
44	174	0.856475
44	178	0.893
45	6	1.09034
45	24	1.12935
45	28	1.4182
45	72	1.10216
45	77	1.13662
45	105	1.22641
45	119	1.2186
45	131	1.1013
45	151	0.682554
45	161	0.770702
45	167	0.714248
45	170	1.08749
45	171	0.745814
45	174	1.07988
45	176	0.838387
46	31	0.903576
46	35	1.0485
46	87	0.763847
46	141	0.817909
46	144	0.919089
46	148	0.821963
46	155	1.17775
46	169	1.12297
46	172	0.986311
46	175	0.948363
46	176	1.05634
46	177	1.03778
46	178	1.05872
46	179	1.06357
46	180	0.999689
47	16	1.14289
47	51	1.24311
47	67	1.18305
47	71	1.13555
47	80	1.14367
47	93	0.769301
47	95	0.756262
47	108	1.15207
47	111	1.12069
47	124	1.15148
47	139	0.815496
47	147	0.763523
47	149	1.22749
47	158	0.928495
47	167	0.878392
48	33	0.986029
48	37	1.23957
48	50	1.1762
48	74	1.16921
48	82	1.13048
48	94	1.17392
48	98	1.2447
48	113	0.729465
48	116	1.15074
48	118	1.22914
48	119	0.717953
48	160	0.924684
48	163	0.7695
48	171	0.863302
48	179	0.906107
49	12	1.1956
49	99	1.21729
49	107	1.14766
49	123	1.14652
49	125	1.13628
49	137	1.1677
49	143	1.13706
49	145	1.17803
49	153	1.17385
49	165	0.694152
49	166	0.823106
49	172	0.98929
49	174	0.775039
49	176	0.840164
49	179	0.790396
50	3	1.19571
50	39	1.07625
50	48	1.1762
50	62	1.19467
50	70	1.16396
50	74	1.16176
50	94	1.16647
50	116	1.14329
50	118	1.22169
50	150	0.693087
50	161	0.814421
50	163	0.695731
50	171	0.789533
50	172	1.03123
50	177	0.888494
51	47	1.24311
51	67	1.26187
51	71	1.21437
51	83	1.19266
51	92	0.765016
51	97	1.31002
51	108	1.23089
51	111	1.19951
51	126	0.669192
51	129	0.760348
51	138	0.675596
51	141	1.24125
51	149	1.30631
51	152	0.727823
51	176	0.856052
51	178	0.827453
52	1	1.01982
52	15	1.16914
52	35	1.00965
52	40	1.06242
52	100	1.17515
52	112	1.09242
52	115	1.14284
52	117	1.11507
52	128	0.894639
52	131	1.08142
52	134	1.14762
52	135	0.813297
52	138	0.798212
52	146	0.829001
52	149	1.1941
52	162	0.801211
53	8	1.16592
53	19	1.2612
53	30	1.10992
53	31	1.0635
53	44	1.10278
53	60	1.14956
53	61	1.12396
53	69	1.02545
53	73	1.07568
53	103	1.12204
53	130	0.910395
53	132	0.805563
53	158	0.912241
53	161	0.918593
53	163	0.799903
53	167	0.862139
54	4	1.17649
54	6	1.15129
54	9	1.17649
54	13	1.01822
54	62	1.15051
54	78	1.10654
54	91	1.06879
54	96	1.09055
54	126	1.17017
54	146	1.13553
54	147	0.66033
54	148	1.1067
54	161	0.831654
54	163	0.712965
54	167	0.7752
54	180	1.01018
55	14	0.797707
55	22	0.785467
55	43	0.773563
55	60	0.751926
55	127	0.747453
55	141	0.740185
55	163	1.21463
55	164	1.19454
55	166	1.11261
55	167	1.15213
55	171	1.15517
55	173	1.04348
55	177	1.0797
55	178	1.10064
55	179	1.10549
55	180	1.04161
56	59	1.28408
56	101	1.26785
56	102	1.17524
56	110	1.205
56	120	1.26846
56	121	1.26846
56	141	1.24685
56	148	1.23304
56	150	0.64173
56	154	0.669212
56	157	1.251
56	158	0.756712
56	160	0.799558
56	162	0.653292
56	172	0.979876
56	179	0.780981
57	24	1.19838
57	28	1.48723
57	65	1.24906
57	72	1.17119
57	77	1.20565
57	95	0.665626
57	105	1.29544
57	119	1.28763
57	129	0.816192
57	133	0.75635
57	147	0.672886
57	152	0.783666
57	167	0.787756
57	169	0.796601
57	170	1.15652
57	174	1.14891
58	9	0.780669
58	28	0.578604
58	36	0.768468
58	72	0.830266
58	109	0.75792
58	133	1.20067
58	144	0.878271
58	162	1.24112
58	170	1.14987
58	173	1.06096
58	174	1.14226
58	175	1.00777
58	177	1.09719
58	178	1.11812
58	179	1.12297
58	180	1.05909
59	56	1.28408
59	84	0.666733
59	101	1.21882
59	102	1.12621
59	110	1.15596
59	120	1.21943
59	121	1.21943
59	136	1.09228
59	138	0.764411
59	141	1.19781
59	148	1.18401
59	150	0.755847
59	157	1.20197
59	158	0.870829
59	162	0.76741
59	168	0.839031
59	178	0.916268
60	24	1.1801
60	44	1.19197
60	53	1.14956
60	55	0.751926
60	61	1.21315
60	63	1.21902
60	103	1.21123
60	105	1.27715
60	109	1.18898
60	128	0.83081
60	136	0.932333
60	139	0.727803
60	150	0.725819
60	155	0.767813
60	164	0.778102
60	170	1.13823
60	174	1.13062
61	10	1.20943
61	19	1.32479
61	30	1.17351
61	38	1.24781
61	53	1.12396
61	60	1.21315
61	63	1.19342
61	69	1.08904
61	73	1.13927
61	89	0.758345
61	103	1.18563
61	139	0.71782
61	160	0.873665
61	169	0.789562
61	170	0.78681
61	171	0.812283
61	174	0.839732
62	50	1.19467
62	54	1.15051
62	64	1.22603
62	78	1.1766
62	94	1.19238
62	96	1.16062
62	116	1.16921
62	118	1.24761
62	135	0.76268
62	139	0.741015
62	146	1.20559
62	148	1.17677
62	162	0.750594
62	165	0.782039
62	170	0.810004
62	171	0.835477
62	178	0.899452
63	8	1.23539
63	10	1.21531
63	30	1.17938
63	38	1.25368
63	44	1.17224
63	60	1.21902
63	61	1.19342
63	69	1.09491
63	73	1.14514
63	103	1.1915
63	155	0.684813
63	166	0.814781
63	167	0.707699
63	168	0.726003
63	169	0.716544
63	175	1.09072
63	177	0.838227
64	3	1.22707
64	33	1.00994
64	62	1.22603
64	70	1.19532
64	74	1.19312
64	82	1.15439
64	94	1.19783
64	95	0.648338
64	98	1.26861
64	116	1.17465
64	118	1.25305
64	136	0.912101
64	165	0.748596
64	168	0.788772
64	169	0.779313
64	171	0.802034
64	177	0.900995
65	17	1.15447
65	32	0.688633
65	35	0.94183
65	57	1.24906
65	77	1.17939
65	92	0.819816
65	105	1.26917
65	112	1.15506
65	115	1.20549
65	117	1.17772
65	147	0.671842
65	149	1.25674
65	152	0.782623
65	164	0.774115
65	165	0.76484
65	170	1.13025
65	174	1.12265
66	2	1.10768
66	76	1.08638
66	101	1.09939
66	102	1.00678
66	110	1.03653
66	120	1.1
66	121	1.1
66	127	1.13775
66	141	1.07838
66	148	1.06458
66	152	0.913181
66	157	1.08254
66	159	0.820707
66	162	0.863953
66	170	0.923363
66	174	0.976286
66	178	1.01281
67	16	1.16164
67	47	1.18305
67	51	1.26187
67	71	1.15431
67	80	1.16243
67	97	1.24996
67	108	1.17082
67	111	1.13945
67	112	0.011193
67	124	1.17023
67	132	0.78327
67	149	1.24625
67	156	0.808826
67	160	0.932794
67	169	0.848691
67	174	0.898861
67	175	1.22286
68	18	1.19356
68	25	0.745221
68	92	0.830686
68	95	0.675452
68	101	1.22228
68	102	1.12967
68	110	1.15942
68	120	1.22289
68	121	1.22289
68	127	1.26064
68	136	1.09575
68	138	0.741266
68	148	1.18747
68	157	1.20543
68	158	0.847685
68	161	0.854036
68	168	0.815886
69	8	1.13101
69	10	1.11093
69	30	1.075
69	31	1.02858
69	38	1.14931
69	44	1.06787
69	53	1.02545
69	61	1.08904
69	63	1.09491
69	73	1.04077
69	84	0.659481
69	103	1.08713
69	169	0.82232
69	174	0.87249
69	175	1.19649
69	178	0.909015
69	180	1.04846
70	3	1.19092
70	33	0.973786
70	37	1.22732
70	39	1.07146
70	43	1.10319
70	50	1.16396
70	64	1.19532
70	74	1.15697
70	94	1.16167
70	104	0.804762
70	116	1.1385
70	118	1.2169
70	161	0.847514
70	162	0.737742
70	165	0.769187
70	167	0.791059
70	172	1.06433
70	179	0.865431
71	14	1.17936
71	47	1.13555
71	51	1.21437
71	67	1.15431
71	82	1.09206
71	83	1.0851
71	97	1.20247
71	108	1.12333
71	111	1.09195
71	124	1.12274
71	132	0.817991
71	147	0.759697
71	149	1.19876
71	150	0.809686
71	152	0.870477
71	162	0.821249
71	165	0.852694
71	179	0.948938
72	28	1.38309
72	36	1.20076
72	45	1.10216
72	57	1.17119
72	58	0.830266
72	77	1.10152
72	105	1.1913
72	109	1.10314
72	119	1.18349
72	131	1.0662
72	150	0.767253
72	151	0.800439
72	159	0.73557
72	163	0.769897
72	169	0.840978
72	170	1.05238
72	174	1.04477
72	180	1.06712
73	8	1.18124
73	10	1.16116
73	19	1.27652
73	30	1.12523
73	38	1.19954
73	44	1.1181
73	53	1.07568
73	61	1.13927
73	63	1.14514
73	69	1.04077
73	103	1.13736
73	119	0.759778
73	122	0.740745
73	152	0.869471
73	158	0.923662
73	163	0.811324
73	168	0.891864
73	169	0.882405
74	5	1.19584
74	33	0.971587
74	39	1.06926
74	43	1.10099
74	48	1.16921
74	50	1.16176
74	64	1.19312
74	70	1.15697
74	98	1.23026
74	116	1.1363
74	118	1.2147
74	150	0.717117
74	154	0.744599
74	156	0.750977
74	160	0.874945
74	164	0.7694
74	175	1.16501
74	179	0.856368
75	87	1.19323
75	90	1.09356
75	123	1.13018
75	125	1.11994
75	137	1.15136
75	138	0.743786
75	140	1.13204
75	142	1.133
75	143	1.12072
75	145	1.16169
75	150	1.20676
75	153	1.15751
75	166	0.907184
75	167	0.800102
75	170	0.806195
75	171	0.831668
75	174	0.859117
75	177	0.93063
76	18	1.16086
76	66	1.08638
76	88	0.671018
76	101	1.18958
76	102	1.09697
76	110	1.12672
76	120	1.19019
76	121	1.19019
76	136	1.06304
76	139	0.799572
76	141	1.16857
76	148	1.15477
76	150	0.797588
76	157	1.17273
76	163	0.800232
76	164	0.849871
76	166	0.96955
76	177	0.992996
77	24	1.12872
77	32	0.677662
77	45	1.13662
77	57	1.20565
77	65	1.17939
77	72	1.10152
77	105	1.22577
77	109	1.1376
77	119	1.21796
77	131	1.10066
77	136	0.917374
77	162	0.722423
77	164	0.763144
77	169	0.784586
77	170	1.08685
77	172	1.04901
77	174	1.07924
77	176	0.89988
78	4	1.20259
78	9	1.20259
78	13	1.04431
78	54	1.10654
78	62	1.1766
78	91	1.09488
78	96	1.11664
78	126	1.19626
78	134	1.16519
78	146	1.16162
78	148	1.1328
78	151	0.761326
78	154	0.755623
78	163	0.730784
78	170	0.799113
78	176	0.91716
78	178	0.888561
78	180	1.028
79	26	1.12716
79	87	1.18789
79	130	0.831208
79	137	1.14603
79	140	1.12671
79	142	1.12766
79	143	1.11539
79	144	1.12059
79	145	1.15636
79	150	1.20143
79	153	1.15217
79	157	1.13859
79	160	0.875901
79	161	0.839407
79	162	0.729635
79	166	0.890035
79	168	0.801257
79	177	0.91348
80	14	1.18747
80	16	1.12226
80	47	1.14367
80	67	1.16243
80	82	1.10018
80	83	1.09322
80	97	1.21058
80	108	1.13144
80	111	1.10007
80	114	0.658426
80	141	1.14181
80	146	0.700072
80	149	1.20687
80	160	0.818548
80	174	0.784615
80	175	1.10862
80	176	0.849739
80	180	0.960584
81	12	1.23109
81	23	1.33236
81	93	0.720085
81	122	0.696361
81	123	1.18202
81	125	1.17178
81	135	0.787945
81	136	0.97081
81	140	1.18388
81	142	1.18483
81	143	1.17256
81	144	1.17776
81	146	0.803648
81	147	0.714306
81	150	1.2586
81	153	1.20934
81	154	0.791778
81	157	1.19576
81	163	0.76694
82	5	1.15711
82	33	0.932855
82	48	1.13048
82	64	1.15439
82	71	1.09206
82	80	1.10018
82	83	1.07035
82	93	0.814987
82	97	1.18771
82	98	1.19153
82	108	1.10857
82	111	1.0772
82	116	1.09757
82	119	0.810295
82	147	0.809208
82	154	0.88668
82	164	0.911481
82	165	0.902206
82	176	1.04822
83	7	1.0236
83	16	1.09243
83	51	1.19266
83	71	1.0851
83	80	1.09322
83	82	1.07035
83	85	1.14149
83	97	1.18075
83	108	1.10161
83	111	1.07024
83	124	1.10102
83	141	1.11198
83	149	1.17704
83	154	0.781035
83	165	0.796561
83	168	0.836737
83	169	0.827278
83	171	0.849999
83	177	0.94896
84	2	0.747504
84	59	0.666733
84	69	0.659481
84	87	0.570902
84	97	0.649063
84	98	0.683015
84	102	0.756005
84	141	0.624964
84	165	1.29912
84	166	1.22235
84	167	1.26187
84	171	1.26491
84	173	1.15321
84	174	1.23451
84	175	1.10002
84	176	1.208
84	177	1.18944
84	179	1.21522
84	180	1.15135
85	83	1.14149
85	92	0.974155
85	96	1.09512
85	114	1.10097
85	115	1.09629
85	121	1.07288
85	130	1.01107
85	149	1.01753
85	160	0.949671
85	163	1.03484
85	167	0.972339
85	168	0.989449
85	169	0.985094
85	173	0.863681
85	175	0.810487
85	177	0.899908
85	178	0.92084
85	179	0.925692
85	180	0.861813
86	11	1.15492
86	27	1.10111
86	41	1.04776
86	90	1.06254
86	107	1.1003
86	122	0.742166
86	129	0.903417
86	137	1.12034
86	140	1.10102
86	142	1.10197
86	144	1.0949
86	150	1.17574
86	153	1.12648
86	157	1.11291
86	165	0.85311
86	168	0.893286
86	170	0.881074
86	174	0.933997
86	178	0.970522
87	20	1.1792
87	46	0.763847
87	75	1.19323
87	79	1.18789
87	84	0.570902
87	99	1.27521
87	125	1.1942
87	137	1.22562
87	140	1.2063
87	142	1.20725
87	143	1.19498
87	144	1.20018
87	145	1.23595
87	156	0.693876
87	161	0.78135
87	169	0.733741
87	174	0.783911
87	178	0.820436
87	180	0.95988
88	2	0.710047
88	4	0.608898
88	76	0.671018
88	112	0.816189
88	116	0.624476
88	134	0.612989
88	142	0.638869
88	144	0.688687
88	161	1.25509
88	162	1.31854
88	164	1.28944
88	168	1.26415
88	169	1.25979
88	172	1.12313
88	175	1.08519
88	176	1.19316
88	177	1.17461
88	179	1.20039
88	180	1.13651
89	61	0.758345
89	103	0.67326
89	105	0.670307
89	107	0.793868
89	120	0.831881
89	123	0.779735
89	134	0.782067
89	152	1.18004
89	160	1.11698
89	163	1.20215
89	164	1.18205
89	166	1.10012
89	167	1.13965
89	172	1.01574
89	176	1.08577
89	177	1.06722
89	178	1.08815
89	179	1.093
89	180	1.02912
90	41	1.05337
90	75	1.09356
90	86	1.06254
90	123	1.10477
90	126	0.824136
90	133	0.855451
90	137	1.12596
90	140	1.10664
90	142	1.10759
90	143	1.09531
90	144	1.10052
90	145	1.13628
90	150	1.18136
90	153	1.1321
90	159	0.790293
90	164	0.874259
90	170	0.892949
90	178	0.982397
90	179	0.961228
91	4	1.16484
91	7	1.02048
91	9	1.16484
91	13	1.00657
91	36	1.19581
91	54	1.06879
91	78	1.09488
91	96	1.0789
91	119	0.759446
91	126	1.15851
91	130	0.921484
91	134	1.12744
91	146	1.12387
91	148	1.09505
91	159	0.776665
91	168	0.891533
91	170	0.879321
91	177	1.00376
91	179	0.9476
92	3	0.783857
92	12	1.1602
92	51	0.765016
92	65	0.819816
92	68	0.830686
92	85	0.974155
92	111	0.926282
92	120	0.887357
92	121	0.782927
92	123	1.11112
92	137	1.1323
92	140	1.11298
92	142	1.11394
92	153	1.13845
92	161	1.08708
92	170	1.05928
92	171	1.08207
92	178	1.02753
92	179	1.03239
92	180	0.968506
93	15	0.66921
93	36	0.661244
93	47	0.769301
93	81	0.720085
93	82	0.814987
93	131	0.775206
93	134	0.695348
93	147	1.30845
93	152	1.22663
93	153	0.687913
93	159	1.2811
93	163	1.24873
93	169	1.19899
93	172	1.06233
93	173	1.07758
93	176	1.13236
93	177	1.1138
93	178	1.13473
93	179	1.13959
93	180	1.07571
94	5	1.20054
94	33	0.976292
94	37	1.22983
94	43	1.10569
94	48	1.17392
94	50	1.16647
94	62	1.19238
94	64	1.19783
94	70	1.16167
94	98	1.23496
94	113	0.617374
94	116	1.14101
94	118	1.2194
94	135	0.678414
94	136	0.861279
94	152	0.715555
94	158	0.769747
94	175	1.10266
94	177	0.850172
94	180	0.954629
95	8	0.582436
95	47	0.756262
95	57	0.665626
95	64	0.648338
95	68	0.675452
95	98	0.714879
95	108	0.699245
95	125	0.641267
95	155	1.35003
95	157	0.643241
95	160	1.25983
95	166	1.24297
95	167	1.28249
95	170	1.26274
95	172	1.15859
95	173	1.17384
95	175	1.12064
95	177	1.21006
95	178	1.23099
95	179	1.23585
95	180	1.17197
96	4	1.1866
96	7	1.04224
96	9	1.1866
96	13	1.02833
96	36	1.21757
96	54	1.09055
96	62	1.16062
96	78	1.11664
96	85	1.09512
96	91	1.0789
96	126	1.18027
96	134	1.1492
96	139	0.70916
96	146	1.14563
96	148	1.11681
96	150	0.707176
96	162	0.718739
96	168	0.79036
96	173	0.9972
96	176	0.896196
96	178	0.867597
97	16	1.2098
97	25	0.750696
97	51	1.31002
97	67	1.24996
97	71	1.20247
97	80	1.21058
97	82	1.18771
97	83	1.18075
97	84	0.649063
97	106	0.746188
97	108	1.21898
97	111	1.1876
97	122	0.670242
97	124	1.21839
97	133	0.771652
97	138	0.746741
97	141	1.22935
97	146	0.77753
97	149	1.2944
97	151	0.771363
97	178	0.898598
98	3	1.26421
98	5	1.27132
98	33	1.04707
98	37	1.30061
98	39	1.14475
98	48	1.2447
98	64	1.26861
98	74	1.23026
98	82	1.19153
98	84	0.683015
98	94	1.23496
98	95	0.714879
98	116	1.21179
98	118	1.29019
98	143	0.00650723
98	155	0.814123
98	158	0.887111
98	163	0.774773
98	171	0.868575
98	173	1.06215
98	177	0.967536
99	25	0.681889
99	49	1.21729
99	87	1.27521
99	107	1.2133
99	123	1.21216
99	130	0.782507
99	135	0.69302
99	136	0.875885
99	137	1.23335
99	140	1.21403
99	142	1.21498
99	143	1.2027
99	144	1.20791
99	145	1.24367
99	146	0.708724
99	147	0.619381
99	153	1.23949
99	157	1.22591
99	162	0.680934
99	166	0.841333
99	180	0.969235
100	1	1.09748
100	15	1.2468
100	17	1.16948
100	21	1.18981
100	29	1.18692
100	40	1.14008
100	42	1.14351
100	52	1.17515
100	112	1.17007
100	115	1.2205
100	117	1.19272
100	124	1.19573
100	130	0.748121
100	133	0.66846
100	149	1.27175
100	152	0.695776
100	154	0.662468
100	166	0.806948
100	175	1.08288
100	176	0.824006
100	178	0.795406
100	180	0.93485
101	2	1.21087
101	25	0.696605
101	56	1.26785
101	59	1.21882
101	66	1.09939
101	68	1.22228
101	76	1.18958
101	102	1.10998
101	104	0.76267
101	110	1.13973
101	120	1.2032
101	121	1.2032
101	141	1.18158
101	148	1.16778
101	152	0.744878
101	155	0.726081
101	157	1.18574
101	160	0.841915
101	166	0.856049
101	168	0.767271
101	171	0.780533
101	173	0.974111
102	18	1.08126
102	56	1.17524
102	59	1.12621
102	66	1.00678
102	68	1.12967
102	76	1.09697
102	84	0.756005
102	101	1.10998
102	106	0.853129
102	110	1.04712
102	120	1.11059
102	121	1.11059
102	127	1.14834
102	141	1.08897
102	148	1.07517
102	154	0.872601
102	155	0.887112
102	157	1.09313
102	160	1.00295
102	162	0.856681
102	163	0.847763
102	178	1.00554
103	8	1.2276
103	10	1.20752
103	19	1.32287
103	30	1.17159
103	31	1.12517
103	38	1.2459
103	44	1.16446
103	53	1.12204
103	60	1.21123
103	61	1.18563
103	63	1.1915
103	69	1.08713
103	73	1.13736
103	89	0.67326
103	114	0.628459
103	152	0.691543
103	164	0.683035
103	168	0.713936
103	172	0.968898
103	173	0.920776
103	175	1.07865
103	178	0.791173
104	7	0.951835
104	34	0.651077
104	70	0.804762
104	101	0.76267
104	105	0.706382
104	109	0.77349
104	131	0.898
104	133	1.17513
104	140	0.775479
104	163	1.20658
104	164	1.18649
104	166	1.10456
104	169	1.15684
104	171	1.14712
104	172	1.02018
104	173	1.03543
104	175	0.982232
104	176	1.09021
104	177	1.07165
104	178	1.09258
104	179	1.09744
104	180	1.03356
105	24	1.2185
105	36	1.32502
105	45	1.22641
105	57	1.29544
105	60	1.27715
105	65	1.26917
105	72	1.1913
105	77	1.22577
105	89	0.670307
105	104	0.706382
105	109	1.22739
105	119	1.30774
105	128	0.732789
105	130	0.740934
105	131	1.19045
105	156	0.661659
105	158	0.742781
105	167	0.692679
105	168	0.710983
105	170	1.17663
105	172	0.965945
105	174	1.16903
105	177	0.823206
106	8	0.647696
106	17	0.745877
106	27	0.695097
106	97	0.746188
106	102	0.853129
106	110	0.71823
106	117	0.757307
106	139	1.25189
106	145	0.720068
106	152	1.19416
106	153	0.740134
106	154	1.21033
106	161	1.16181
106	162	1.22526
106	163	1.21626
106	165	1.19101
106	168	1.17087
106	170	1.13401
106	175	0.991908
106	176	1.09989
106	178	1.10226
106	179	1.10711
106	180	1.04323
107	20	1.11729
107	22	1.13304
107	41	1.09113
107	49	1.14766
107	86	1.1003
107	89	0.793868
107	99	1.2133
107	123	1.14253
107	126	0.75352
107	129	0.844676
107	137	1.16371
107	140	1.1444
107	142	1.14535
107	144	1.13828
107	145	1.17404
107	146	0.790713
107	150	1.21911
107	152	0.812151
107	153	1.16986
107	165	0.794368
107	166	0.923323
107	171	0.847806
107	179	0.890612
108	7	1.06183
108	14	1.19587
108	16	1.13066
108	32	0.723296
108	47	1.15207
108	51	1.23089
108	67	1.17082
108	71	1.12333
108	80	1.13144
108	82	1.10857
108	83	1.10161
108	95	0.699245
108	97	1.21898
108	111	1.10846
108	119	0.707593
108	136	0.963009
108	141	1.15021
108	146	0.795848
108	149	1.21527
108	166	0.928457
108	169	0.83022
108	171	0.852941
108	174	0.88039
109	23	1.29065
109	27	1.14226
109	58	0.75792
109	60	1.18898
109	72	1.10314
109	77	1.1376
109	104	0.77349
109	105	1.22739
109	125	1.13007
109	128	0.799898
109	131	1.10228
109	137	1.16149
109	142	1.14312
109	144	1.13605
109	152	0.755698
109	153	1.16763
109	155	0.736901
109	159	0.663224
109	166	0.866869
109	170	1.08847
109	172	1.03305
109	174	1.08086
109	180	0.994771
110	6	1.15119
110	18	1.11101
110	56	1.205
110	59	1.15596
110	66	1.03653
110	68	1.15942
110	76	1.12672
110	101	1.13973
110	102	1.04712
110	106	0.71823
110	120	1.14034
110	121	1.14034
110	127	1.17809
110	128	0.81521
110	136	1.0132
110	139	0.712203
110	141	1.11873
110	148	1.10492
110	155	0.752213
110	157	1.12288
110	165	0.753227
110	166	0.882181
110	172	1.04837
110	179	0.849471
111	7	1.03046
111	14	1.16449
111	16	1.09929
111	47	1.12069
111	51	1.19951
111	67	1.13945
111	71	1.09195
111	80	1.10007
111	82	1.0772
111	83	1.07024
111	92	0.926282
111	97	1.1876
111	108	1.10846
111	124	1.10787
111	135	0.851947
111	138	0.836861
111	141	1.11883
111	147	0.778308
111	149	1.18389
111	150	0.828298
111	151	0.861484
111	156	0.862158
111	164	0.88058
111	171	0.924744
112	1	1.01474
112	15	1.16406
112	17	1.08674
112	29	1.10418
112	42	1.06077
112	52	1.09242
112	65	1.15506
112	67	0.011193
112	88	0.816189
112	100	1.17007
112	115	1.13776
112	117	1.10999
112	122	0.874824
112	124	1.113
112	127	1.18332
112	131	1.07634
112	134	1.14254
112	149	1.18902
112	156	0.976619
112	159	0.911076
112	161	1.06409
112	165	0.985767
112	167	1.00764
112	179	1.08201
113	14	0.73421
113	48	0.729465
113	94	0.617374
113	115	0.670955
113	125	0.661127
113	134	0.702169
113	142	0.728049
113	143	0.70353
113	144	0.777867
113	153	0.694734
113	158	1.2169
113	161	1.21905
113	165	1.24825
113	168	1.22811
113	169	1.22376
113	170	1.19125
113	171	1.21404
113	172	1.0871
113	173	1.10235
113	175	1.04915
113	176	1.15713
113	177	1.13857
113	178	1.1595
113	179	1.16436
113	180	1.10048
114	80	0.658426
114	85	1.10097
114	103	0.628459
114	121	0.682649
114	125	0.696224
114	137	0.700849
114	139	1.30397
114	140	0.694603
114	142	0.763146
114	145	0.709764
114	148	0.715838
114	156	1.26014
114	157	0.698198
114	160	1.18318
114	163	1.26834
114	165	1.24309
114	168	1.22295
114	172	1.08194
114	173	1.09719
114	175	1.04399
114	176	1.15197
114	177	1.13341
114	178	1.15434
114	179	1.1592
114	180	1.09532
115	1	1.06516
115	15	1.21448
115	17	1.13716
115	21	1.15749
115	29	1.15461
115	42	1.11119
115	52	1.14284
115	65	1.20549
115	85	1.09629
115	100	1.2205
115	112	1.13776
115	113	0.670955
115	117	1.16041
115	127	1.23374
115	131	1.12676
115	134	1.19296
115	139	0.710329
115	149	1.23944
115	156	0.742206
115	158	0.823328
115	160	0.866174
115	162	0.719908
115	163	0.71099
115	171	0.804792
115	177	0.903753
116	3	1.17025
116	5	1.17737
116	33	0.953118
116	37	1.20666
116	39	1.05079
116	43	1.08252
116	48	1.15074
116	50	1.14329
116	62	1.16921
116	64	1.17465
116	70	1.1385
116	74	1.1363
116	82	1.09757
116	88	0.624476
116	94	1.14101
116	98	1.21179
116	118	1.19623
116	146	0.790399
116	150	0.751046
116	154	0.778529
116	155	0.79304
116	167	0.815926
116	169	0.824772
116	173	1.04107
116	177	0.946454
116	180	1.05091
117	1	1.03739
117	15	1.18671
117	17	1.10939
117	21	1.12972
117	40	1.07999
117	42	1.08342
117	52	1.11507
117	65	1.17772
117	100	1.19272
117	106	0.757307
117	112	1.10999
117	115	1.16041
117	119	0.700394
117	124	1.13565
117	127	1.20597
117	131	1.09899
117	134	1.16519
117	139	0.75128
117	149	1.21167
117	152	0.810087
117	154	0.77678
117	171	0.845743
117	174	0.873192
117	177	0.944705
117	178	0.909717
117	180	1.04916
118	3	1.24865
118	5	1.25577
118	33	1.03152
118	37	1.28505
118	39	1.12919
118	43	1.16092
118	48	1.22914
118	50	1.22169
118	62	1.24761
118	64	1.25305
118	70	1.2169
118	74	1.2147
118	94	1.2194
118	98	1.29019
118	116	1.19623
118	128	0.797081
118	132	0.700395
118	150	0.692091
118	154	0.719573
118	158	0.807073
118	159	0.660408
118	164	0.744374
118	165	0.735099
118	171	0.788537
118	172	1.03024
118	176	0.881111
119	45	1.2186
119	48	0.717953
119	57	1.28763
119	72	1.18349
119	73	0.759778
119	77	1.21796
119	82	0.810295
119	91	0.759446
119	105	1.30774
119	108	0.707593
119	117	0.700394
119	131	1.18264
119	144	0.766355
119	148	0.669229
119	153	0.683221
119	157	0.651589
119	158	1.19447
119	170	1.16882
119	173	1.07992
119	174	1.16121
119	175	1.02672
119	176	1.1347
119	177	1.11614
119	179	1.14193
119	180	1.07805
120	2	1.21148
120	10	0.0092626
120	18	1.17448
120	56	1.26846
120	59	1.21943
120	66	1.1
120	68	1.22289
120	76	1.19019
120	89	0.831881
120	92	0.887357
120	101	1.2032
120	102	1.11059
120	110	1.14034
120	121	1.20381
120	127	1.24156
120	136	1.07666
120	141	1.18219
120	148	1.16839
120	151	0.822559
120	154	0.816855
120	157	1.18635
120	163	0.792017
120	167	0.854253
120	169	0.863098
120	170	0.860345
120	171	0.885819
120	180	1.08924
121	2	1.21148
121	18	1.17448
121	56	1.26846
121	59	1.21943
121	66	1.1
121	68	1.22289
121	76	1.19019
121	85	1.07288
121	92	0.782927
121	101	1.2032
121	102	1.11059
121	110	1.14034
121	114	0.682649
121	120	1.20381
121	127	1.24156
121	129	0.778259
121	132	0.693247
121	136	1.07666
121	139	0.686926
121	141	1.18219
121	146	0.724296
121	148	1.16839
121	151	0.718129
121	157	1.18635
121	164	0.737226
121	167	0.749823
121	172	1.02309
122	26	0.697376
122	33	1.02465
122	73	0.740745
122	81	0.696361
122	86	0.742166
122	97	0.670242
122	112	0.874824
122	138	1.23377
122	142	0.697504
122	143	0.672986
122	145	0.644122
122	153	0.664189
122	154	1.23293
122	155	1.24389
122	162	1.24785
122	165	1.2136
122	167	1.17635
122	169	1.18911
122	170	1.1566
122	171	1.17939
122	172	1.05245
122	173	1.06769
122	174	1.14899
122	175	1.0145
122	176	1.12248
122	178	1.12485
122	179	1.12971
122	180	1.06583
123	22	1.1319
123	26	1.14371
123	34	1.22344
123	49	1.14652
123	75	1.13018
123	81	1.18202
123	89	0.779735
123	90	1.10477
123	92	1.11112
123	99	1.21216
123	107	1.14253
123	135	0.760876
123	137	1.16257
123	140	1.14325
123	143	1.13193
123	144	1.13714
123	145	1.1729
123	146	0.776579
123	151	0.770413
123	153	1.16872
123	155	0.77922
123	157	1.15514
123	158	0.852209
123	159	0.705544
123	169	0.810952
123	173	1.02725
123	176	0.926246
123	178	0.897647
124	14	1.19528
124	17	1.1124
124	21	1.13273
124	47	1.15148
124	67	1.17023
124	71	1.12274
124	83	1.10102
124	97	1.21839
124	100	1.19573
124	111	1.10787
124	112	1.113
124	117	1.13565
124	127	1.20898
124	131	1.102
124	132	0.78688
124	134	1.1682
124	141	1.14962
124	147	0.728586
124	149	1.21468
124	151	0.811762
124	156	0.812436
124	162	0.790139
124	163	0.78122
124	164	0.830859
124	169	0.852301
124	171	0.875022
124	176	0.967596
124	179	0.917828
125	11	1.18691
125	20	1.10591
125	34	1.2132
125	49	1.13628
125	75	1.11994
125	81	1.17178
125	87	1.1942
125	95	0.641267
125	109	1.13007
125	113	0.661127
125	114	0.696224
125	137	1.15234
125	140	1.13302
125	142	1.13397
125	143	1.12169
125	144	1.1269
125	145	1.16267
125	150	1.20774
125	153	1.15848
125	157	1.1449
125	161	0.819851
125	162	0.71008
125	165	0.741525
125	170	0.76949
125	172	1.03666
125	175	1.14641
125	176	0.887537
125	179	0.837769
126	1	0.821357
126	2	0.838777
126	13	1.10794
126	26	0.76747
126	31	0.801904
126	34	0.574653
126	51	0.669192
126	54	1.17017
126	78	1.19626
126	90	0.824136
126	91	1.15851
126	96	1.18027
126	107	0.75352
126	134	1.22881
126	137	0.705302
126	146	1.22525
126	148	1.19643
126	153	0.734284
126	157	0.702651
126	163	1.23105
126	169	1.18131
126	171	1.17159
126	172	1.04465
126	176	1.11468
126	177	1.09612
126	178	1.11705
126	179	1.1219
126	180	1.05802
127	1	1.11072
127	29	1.20017
127	32	0.688147
127	40	1.15333
127	55	0.747453
127	66	1.13775
127	68	1.26064
127	102	1.14834
127	110	1.17809
127	112	1.18332
127	115	1.23374
127	117	1.20597
127	120	1.24156
127	121	1.24156
127	124	1.20898
127	129	0.814663
127	131	1.17232
127	136	1.11441
127	144	0.00550403
127	149	1.285
127	150	0.721347
127	152	0.782137
127	157	1.2241
127	158	0.836329
127	161	0.842681
127	166	0.893309
127	175	1.16924
127	179	0.860598
127	180	1.02121
128	15	0.818412
128	31	0.904735
128	52	0.894639
128	60	0.83081
128	105	0.732789
128	109	0.799898
128	110	0.81521
128	118	0.797081
128	136	1.05088
128	143	0.845911
128	148	0.823122
128	151	1.17293
128	154	1.1713
128	158	1.12062
128	159	1.2096
128	164	1.15714
128	165	1.15198
128	168	1.13184
128	169	1.12748
128	171	1.11777
128	172	0.990826
128	173	1.00607
128	175	0.952878
128	176	1.06086
128	177	1.0423
128	178	1.06323
128	179	1.06808
128	180	1.0042
129	5	0.784597
129	11	0.790445
129	28	0.608907
129	30	0.859289
129	37	0.739208
129	51	0.760348
129	57	0.816192
129	86	0.903417
129	107	0.844676
129	121	0.778259
129	127	0.814663
129	138	1.21019
129	147	1.27499
129	151	1.21097
129	158	1.15866
129	164	1.19518
129	166	1.11325
129	167	1.15277
129	168	1.16988
129	169	1.16553
129	171	1.15581
129	172	1.02887
129	173	1.04411
129	175	0.990919
129	176	1.0989
129	177	1.08034
129	178	1.10127
129	179	1.10612
129	180	1.04224
130	3	0.799009
130	7	0.986388
130	44	0.845715
130	53	0.910395
130	79	0.831208
130	85	1.01107
130	91	0.921484
130	99	0.782507
130	100	0.748121
130	105	0.740934
130	143	0.854056
130	149	0.742722
130	155	1.18348
130	158	1.12184
130	160	1.09328
130	162	1.18745
130	163	1.17844
130	165	1.15319
130	166	1.07642
130	167	1.11594
130	168	1.13305
130	169	1.1287
130	171	1.11898
130	172	0.99204
130	173	1.00729
130	175	0.954092
130	176	1.06207
130	177	1.04351
130	178	1.06445
130	179	1.0693
130	180	1.00542
131	15	1.15306
131	24	1.09339
131	28	1.38224
131	29	1.09319
131	42	1.04977
131	45	1.1013
131	52	1.08142
131	72	1.0662
131	77	1.10066
131	93	0.775206
131	104	0.898
131	105	1.19045
131	109	1.10228
131	112	1.07634
131	115	1.12676
131	117	1.09899
131	119	1.18264
131	124	1.102
131	127	1.17232
131	132	0.827722
131	134	1.13154
131	139	0.821401
131	146	0.85877
131	154	0.8469
131	155	0.861411
131	156	0.853277
131	159	0.787734
131	168	0.902601
131	169	0.893142
131	170	1.05153
131	174	1.04392
131	179	0.958669
132	5	0.699585
132	9	0.72596
132	19	0.587092
132	21	0.829367
132	41	0.853765
132	53	0.805563
132	67	0.78327
132	71	0.817991
132	118	0.700395
132	121	0.693247
132	124	0.78688
132	131	0.827722
132	135	1.233
132	145	0.720362
132	151	1.23077
132	152	1.21297
132	156	1.22687
132	162	1.24407
132	163	1.23507
132	165	1.20982
132	166	1.13305
132	167	1.17257
132	168	1.18968
132	169	1.18533
132	171	1.17561
132	172	1.04867
132	173	1.06391
132	175	1.01072
132	176	1.1187
132	177	1.10014
132	178	1.12107
132	179	1.12592
132	180	1.06205
133	12	0.732484
133	24	0.806858
133	31	0.833219
133	33	1.12606
133	42	0.847927
133	57	0.75635
133	58	1.20067
133	90	0.855451
133	97	0.771652
133	100	0.66846
133	104	1.17513
133	135	1.1687
133	140	0.730371
133	142	0.798914
133	150	1.21694
133	153	0.765598
133	158	1.11416
133	160	1.0856
133	163	1.17077
133	164	1.15067
133	165	1.14552
133	166	1.06874
133	167	1.10827
133	168	1.12538
133	169	1.12102
133	171	1.1113
133	172	0.984363
133	175	0.946415
133	176	1.05439
133	177	1.03584
133	178	1.05677
133	179	1.06162
133	180	0.997741
134	1	1.06994
134	4	1.23514
134	7	1.09078
134	9	1.23514
134	13	1.07687
134	17	1.14194
134	29	1.15939
134	40	1.11255
134	52	1.14762
134	78	1.16519
134	88	0.612989
134	89	0.782067
134	91	1.12744
134	93	0.695348
134	96	1.1492
134	112	1.14254
134	113	0.702169
134	115	1.19296
134	117	1.16519
134	124	1.1682
134	126	1.22881
134	131	1.13154
134	135	0.763208
134	136	0.946073
134	146	1.19417
134	148	1.16535
134	154	0.767042
134	155	0.781553
134	169	0.813285
134	170	0.810532
134	173	1.02958
134	177	0.934967
134	179	0.878811
135	13	0.884449
135	52	0.813297
135	62	0.76268
135	81	0.787945
135	94	0.678414
135	99	0.69302
135	111	0.851947
135	123	0.760876
135	132	1.233
135	133	1.1687
135	134	0.763208
135	137	0.726792
135	138	1.19507
135	145	0.735707
135	148	0.74178
135	151	1.19585
135	156	1.19194
135	157	0.72414
135	159	1.23252
135	160	1.11498
135	162	1.20915
135	163	1.20015
135	165	1.1749
135	166	1.09812
135	167	1.13765
135	168	1.15476
135	169	1.1504
135	172	1.01374
135	175	0.975797
135	176	1.08377
135	177	1.06522
135	178	1.08615
135	179	1.091
135	180	1.02712
136	6	0.914607
136	8	0.8462
136	18	1.04733
136	42	1.02097
136	43	0.95397
136	59	1.09228
136	60	0.932333
136	64	0.912101
136	68	1.09575
136	76	1.06304
136	77	0.917374
136	81	0.97081
136	94	0.861279
136	99	0.875885
136	108	0.963009
136	110	1.0132
136	120	1.07666
136	121	1.07666
136	127	1.11441
136	128	1.05088
136	134	0.946073
136	141	1.05505
136	155	1.08091
136	157	1.0592
136	159	1.10824
136	164	1.05577
136	165	1.05062
136	168	1.03048
136	169	1.02612
136	171	1.01641
136	177	0.940937
136	178	0.961869
136	179	0.966721
136	180	0.902842
137	11	1.21833
137	20	1.13733
137	22	1.15308
137	49	1.1677
137	75	1.15136
137	79	1.14603
137	86	1.12034
137	87	1.22562
137	90	1.12596
137	92	1.1323
137	99	1.23335
137	107	1.16371
137	109	1.16149
137	114	0.700849
137	123	1.16257
137	125	1.15234
137	126	0.705302
137	135	0.726792
137	139	0.705126
137	140	1.16444
137	142	1.16539
137	144	1.15832
137	145	1.19409
137	147	0.653153
137	151	0.736329
137	153	1.1899
137	157	1.17632
137	160	0.860971
137	163	0.705787
137	164	0.755426
137	169	0.776868
137	172	1.04129
137	173	0.993166
137	176	0.892162
137	180	1.00301
138	1	0.827761
138	39	0.871067
138	51	0.675596
138	52	0.798212
138	59	0.764411
138	68	0.741266
138	75	0.743786
138	97	0.746741
138	111	0.836861
138	122	1.23377
138	129	1.21019
138	135	1.19507
138	139	1.23277
138	141	0.722642
138	143	0.749484
138	145	0.720621
138	148	0.726695
138	152	1.17503
138	159	1.22951
138	161	1.14269
138	162	1.20614
138	164	1.17704
138	165	1.17189
138	167	1.13464
138	169	1.14739
138	170	1.11489
138	172	1.01073
138	174	1.10728
138	175	0.972784
138	176	1.08076
138	177	1.06221
138	178	1.08314
138	179	1.08799
138	180	1.02411
139	12	0.700993
139	31	0.801728
139	38	0.699149
139	47	0.815496
139	60	0.727803
139	61	0.71782
139	62	0.741015
139	76	0.799572
139	96	0.70916
139	106	1.25189
139	110	0.712203
139	114	1.30397
139	115	0.710329
139	117	0.75128
139	121	0.686926
139	131	0.821401
139	137	0.705126
139	138	1.23277
