1	73	0.792438
1	78	0.352175
1	101	0.611409
1	109	0.443358
1	159	1.09309
1	163	1.11505
1	167	1.04606
1	168	1.03972
1	176	1.00193
1	177	0.996049
1	178	1.03258
1	180	1.05718
2	10	0.867502
2	20	1.09208
2	35	1.12355
2	58	1.06824
2	94	1.05098
2	95	1.05098
2	98	1.04473
2	152	1.14828
2	162	1.5667
2	170	1.49501
2	173	0.99534
2	179	0.981828
3	38	0.912381
3	46	0.972015
3	60	0.951053
3	75	0.887776
3	78	0.955671
3	87	0.861868
3	88	0.939845
3	114	0.951337
3	134	0.977069
3	149	1.38452
3	169	1.54054
3	180	1.78462
4	12	0.485471
4	32	1.18888
4	36	1.1634
4	40	1.1604
4	47	1.1433
4	59	1.20735
4	134	0.943736
4	135	1.23869
4	142	1.30908
4	153	1.27204
4	158	1.32879
4	160	1.32195
5	25	0.947469
5	27	1.29499
5	70	0.855092
5	86	0.99086
5	101	0.959166
5	103	1.64787
5	108	0.94082
5	118	1.59491
5	126	0.89512
5	129	0.978461
5	130	0.958901
5	170	0.863631
6	51	1.05391
6	91	1.05003
6	93	0.784633
6	97	1.03061
6	121	0.896366
6	126	0.990537
6	129	1.07388
6	130	1.05432
6	131	1.05981
6	144	1.08569
6	150	1.63093
6	156	1.7332
7	23	0.941543
7	28	0.945528
7	32	0.919994
7	36	0.894513
7	40	0.891509
7	47	0.874418
7	59	0.938467
7	99	1.34602
7	118	1.75429
7	135	0.969803
7	138	1.47057
7	153	1.00316
8	11	0.892051
8	23	0.942991
8	28	0.946976
8	32	0.921442
8	36	0.895961
8	47	0.875866
8	59	0.939915
8	135	0.971251
8	149	1.29309
8	152	1.48936
8	153	1.0046
8	168	1.94442
9	29	0.704618
9	49	0.553391
9	107	0.345068
9	126	0.603221
9	147	1.09532
9	156	1.05317
9	158	1.08718
9	161	1.08636
9	166	1.03955
9	168	1.02677
9	177	0.983095
9	178	1.01962
10	2	0.867502
10	18	0.904918
10	67	1.07792
10	160	0.990555
10	167	0.94226
10	172	0.925357
10	174	0.922837
10	175	0.926644
10	176	0.898128
10	177	0.892247
10	178	0.928773
10	180	0.953378
11	8	0.892051
11	28	0.950903
11	32	0.925369
11	36	0.899887
11	40	0.896884
11	47	0.879793
11	59	0.943842
11	135	0.975177
11	153	1.00853
11	157	1.39192
11	169	1.13711
11	176	2.18459
12	4	0.485471
12	48	0.778781
12	57	1.13033
12	101	1.12249
12	108	1.10414
12	128	0.612256
12	129	0.639264
12	166	1.01687
12	168	1.00409
12	170	1.02695
12	177	0.960415
12	180	1.02155
13	52	1.06341
13	57	1.07244
13	74	1.09246
13	90	1.06355
13	101	1.06459
13	103	1.17092
13	108	1.04625
13	111	1.03079
13	127	0.97832
13	160	1.37201
13	170	0.969056
13	180	1.48494
14	105	0.939861
14	106	0.935954
14	107	0.914058
14	112	0.906705
14	116	0.968249
14	120	0.947744
14	125	0.932857
14	128	0.971397
14	146	0.874819
14	163	1.40942
14	170	1.76982
14	173	1.5406
15	33	1.03681
15	95	1.01399
15	96	1.02266
15	98	1.00773
15	102	1.04714
15	109	1.00702
15	135	1.06106
15	138	1.10077
15	142	1.62566
15	147	1.55957
15	148	1.02891
15	173	0.958345
15	179	0.944834
16	83	0.956922
16	106	1.02076
16	110	1.0457
16	117	0.991959
16	120	1.03255
16	125	1.01766
16	128	1.0562
16	131	1.01465
16	136	0.989382
16	144	0.977399
16	146	0.959624
16	161	1.45045
16	175	1.95735
17	30	1.00227
17	55	1.11504
17	56	1.01882
17	62	1.11521
17	66	1.08283
17	124	1.15017
17	139	0.994628
17	145	1.20908
17	151	1.08576
17	154	1.08391
17	169	0.985928
17	180	1.62087
18	10	0.904918
18	63	0.988355
18	83	0.962406
18	105	1.03015
18	107	1.00435
18	112	0.996994
18	116	1.05854
18	117	0.997443
18	120	1.03803
18	125	1.02315
18	136	0.809032
18	167	1.55284
18	178	1.7358
19	53	1.11006
19	91	1.02226
19	94	1.00746
19	109	1.00049
19	126	0.962772
19	130	1.02655
19	146	1.13275
19	154	1.0755
19	159	1.10348
19	166	1.38276
19	173	0.951822
19	174	1.77515
19	179	0.938311
20	2	1.09208
20	77	0.747663
20	94	1.00132
20	96	1.01
20	98	0.995075
20	102	1.03448
20	109	0.994359
20	146	1.17872
20	153	1.08176
20	171	1.80126
20	173	0.945687
20	178	1.66587
20	179	0.932176
21	24	0.975576
21	29	0.974187
21	55	1.08243
21	56	0.98621
21	62	1.0826
21	66	1.05022
21	139	0.962018
21	143	1.04897
21	154	1.0513
21	161	1.43454
21	163	1.33647
21	169	0.953317
21	180	1.55397
22	43	1.01815
22	44	0.938948
22	50	1.63693
22	72	1.03589
22	97	0.984185
22	115	1.01386
22	126	0.944113
22	129	1.02745
22	130	1.00789
22	138	1.04548
22	140	1.00337
22	154	1.05684
22	180	1.69618
23	7	0.941543
23	8	0.942991
23	28	1.00184
23	32	0.976308
23	36	0.950827
23	40	0.947824
23	47	0.930732
23	59	0.994781
23	104	0.970478
23	135	1.02612
23	146	1.48505
23	153	1.05947
23	164	1.40074
23	165	1.81853
24	21	0.975576
24	29	0.943478
24	30	0.938951
24	55	1.05172
24	56	0.9555
24	62	1.05189
24	66	1.01951
24	139	0.931308
24	149	0.697961
24	154	1.02059
24	169	0.922608
24	171	1.57971
24	174	1.59957
24	177	1.82704
25	5	0.947469
25	34	0.944055
25	43	0.997234
25	44	0.767095
25	51	0.986569
25	92	0.980412
25	115	0.992945
25	126	0.923198
25	129	1.00654
25	130	0.986979
25	154	1.03593
25	164	1.29913
25	168	1.77556
25	172	1.83915
26	31	0.963301
26	53	1.06174
26	56	0.962095
26	66	1.0261
26	104	1.0447
26	123	1.1874
26	126	0.914452
26	129	0.997792
26	130	0.978233
26	139	0.937902
26	148	0.977602
26	154	1.02718
26	169	0.929202
26	177	2.42914
27	5	1.29499
27	70	1.13804
27	76	0.951852
27	96	1.05389
27	151	1.02909
27	152	0.933561
27	161	0.907511
27	162	0.864338
27	163	0.923245
27	166	0.860701
27	175	0.838644
27	176	0.810128
27	177	0.804246
27	180	0.865378
28	7	0.945528
28	8	0.946976
28	11	0.950903
28	23	1.00184
28	36	0.954813
28	40	0.951809
28	47	0.934718
28	59	0.998767
28	135	1.0301
28	146	1.40983
28	148	0.82816
28	153	1.06346
28	172	1.86554
28	179	1.55299
29	9	0.704618
29	21	0.974187
29	24	0.943478
29	30	0.937562
29	55	1.05033
29	56	0.954112
29	62	1.0505
29	66	1.01812
29	127	1.31732
29	139	0.92992
29	148	1.10138
29	154	1.0192
29	169	0.92122
29	172	2.13876
30	17	1.00227
30	24	0.938951
30	29	0.937562
30	55	1.0458
30	56	0.949585
30	62	1.04597
30	66	1.01359
30	139	0.925392
30	147	1.2678
30	154	1.01467
30	157	1.47042
30	163	1.2422
30	168	1.71093
30	169	0.916692
31	26	0.963301
31	34	0.940555
31	43	0.993734
31	48	0.996111
31	72	1.01148
31	97	0.95977
31	126	0.919698
31	129	1.00304
31	130	0.983479
31	132	1.66283
31	151	1.11669
31	154	1.03243
31	159	1.48165
31	164	1.42661
32	4	1.18888
32	7	0.919994
32	8	0.921442
32	11	0.925369
32	23	0.976308
32	40	0.926275
32	47	0.909184
32	59	0.973233
32	93	1.17376
32	113	1.2161
32	118	1.51531
32	135	1.00457
32	153	1.03792
32	163	1.66479
33	15	1.03681
33	58	1.00031
33	73	0.957582
33	94	0.983045
33	98	0.976796
33	102	1.0162
33	109	0.97608
33	145	1.00627
33	159	1.11282
33	163	1.06548
33	170	1.42588
33	173	0.927409
33	176	2.08638
33	179	0.913898
34	25	0.944055
34	31	0.940555
34	72	0.983488
34	91	0.951195
34	92	0.94892
34	115	0.961453
34	126	0.891706
34	129	0.975046
34	130	0.955487
34	131	0.96098
34	132	1.65467
34	144	0.986854
34	152	1.43981
34	159	1.47348
34	164	1.41845
35	2	1.12355
35	98	1.02655
35	102	1.06595
35	109	1.02583
35	122	0.884418
35	135	1.07988
35	137	0.689905
35	140	1.04737
35	145	1.05602
35	153	1.11323
35	162	1.45224
35	173	0.977163
35	176	2.04105
35	179	0.963652
35	180	1.23766
36	4	1.1634
36	7	0.894513
36	8	0.895961
36	11	0.899887
36	23	0.950827
36	28	0.954813
36	40	0.900794
36	47	0.883703
36	59	0.947752
36	103	1.18572
36	104	0.844277
36	135	0.979087
36	150	1.63751
36	153	1.01244
36	155	2.27695
37	42	1.02208
37	68	1.11881
37	70	0.957729
37	74	1.08967
37	84	1.0897
37	86	1.0935
37	90	1.06076
37	101	1.0618
37	108	1.04346
37	136	0.830749
37	139	1.07833
37	143	0.906253
37	155	2.18846
37	170	0.966268
37	173	1.32492
38	3	0.912381
38	67	0.94463
38	78	1.00062
38	87	0.906819
38	89	0.985616
38	96	0.967457
38	109	0.951812
38	114	0.996288
38	141	1.54125
38	142	1.62674
38	151	1.21743
38	153	1.03921
38	159	1.58239
38	173	0.90314
38	179	0.889629
39	67	1.03692
39	69	1.0412
39	75	1.02502
39	78	1.09291
39	79	1.02097
39	80	1.09806
39	87	0.999112
39	88	1.07709
39	111	1.03663
39	114	1.08858
39	122	1.23159
39	138	0.934125
39	141	1.37353
39	159	1.41467
39	169	1.34074
40	4	1.1604
40	7	0.891509
40	11	0.896884
40	23	0.947824
40	28	0.951809
40	32	0.926275
40	36	0.900794
40	47	0.880699
40	59	0.944748
40	76	1.55985
40	135	0.976084
40	138	1.25889
40	144	1.31711
40	153	1.00944
40	173	1.82326
41	73	1.02533
41	94	1.05079
41	95	1.0508
41	98	1.04455
41	109	1.04383
41	118	1.05424
41	127	0.914592
41	135	1.09787
41	145	1.07402
41	152	1.21738
41	153	1.13123
41	162	1.6358
41	173	0.995158
41	179	0.981647
41	180	1.42121
42	37	1.02208
42	45	0.992514
42	52	0.958032
42	70	0.855143
42	74	0.987088
42	84	0.987118
42	86	0.990911
42	90	0.958171
42	101	0.959217
42	108	0.940871
42	150	1.471
42	163	1.11573
42	168	1.58446
42	170	0.863682
42	174	1.83474
43	22	1.01815
43	25	0.997234
43	31	0.993734
43	53	1.09217
43	81	1.03079
43	115	1.01463
43	124	0.975742
43	126	0.944885
43	129	1.02823
43	130	1.00867
43	131	1.01416
43	134	0.955297
43	154	1.05761
43	164	1.22125
43	166	1.55556
43	171	1.9281
44	22	0.938948
44	25	0.767095
44	89	0.674327
44	130	0.812157
44	137	1.1679
44	154	0.489229
44	160	1.05394
44	161	1.0589
44	165	1.00794
44	172	0.988745
44	174	0.986225
44	175	0.990031
44	176	0.961516
44	177	0.955634
44	178	0.992161
44	180	1.01677
45	42	0.992514
45	52	1.03105
45	57	1.04008
45	68	1.08925
45	70	0.928163
45	74	1.06011
45	84	1.06014
45	90	1.03119
45	101	1.03224
45	108	1.01389
45	133	1.05581
45	147	1.34706
45	149	1.13886
45	166	1.64807
45	170	0.936703
45	173	1.45263
46	3	0.972015
46	60	1.05564
46	64	1.00465
46	67	1.00426
46	78	1.06026
46	79	0.988313
46	80	1.0654
46	87	0.966453
46	89	1.04525
46	111	1.00397
46	114	1.05592
46	143	1.16298
46	144	1.07549
46	146	1.52709
46	164	1.44277
46	169	1.42389
47	4	1.1433
47	7	0.874418
47	8	0.875866
47	11	0.879793
47	23	0.930732
47	28	0.934718
47	32	0.909184
47	36	0.883703
47	40	0.880699
47	59	0.927657
47	135	0.958993
47	153	0.992347
47	156	1.73079
47	160	1.37782
47	167	1.65406
47	180	1.49075
48	12	0.778781
48	31	0.996111
48	53	1.09455
48	81	1.03316
48	97	0.987335
48	115	1.01701
48	126	0.947262
48	129	1.0306
48	130	1.01104
48	131	1.01654
48	137	1.18044
48	140	1.00652
48	148	1.00564
48	154	1.05999
48	159	1.55803
48	179	1.73047
49	9	0.553391
49	64	1.00023
49	67	0.99984
49	69	1.00412
49	75	0.987937
49	78	1.05583
49	87	0.962029
49	88	1.04001
49	89	1.04083
49	111	0.999544
49	114	1.0515
49	121	1.07592
49	134	1.07723
49	145	1.26092
49	148	0.950156
49	177	2.4017
50	22	1.63693
50	53	1.14014
50	63	0.893247
50	98	1.28496
50	105	0.935043
50	117	0.902335
50	125	0.928039
50	127	0.945851
50	128	0.966579
50	150	0.837913
50	161	0.860993
50	175	0.792126
50	176	0.763611
50	177	0.757729
50	178	0.794256
50	180	0.81886
51	6	1.05391
51	25	0.986569
51	53	1.08151
51	81	1.02012
51	82	1.58862
51	91	0.99371
51	97	0.974293
51	115	1.00397
51	121	0.778485
51	129	1.01756
51	130	0.998002
51	144	1.02937
51	154	1.04695
51	162	1.58986
51	164	1.15008
51	170	1.51817
52	13	1.06341
52	42	0.958032
52	45	1.03105
52	57	1.0056
52	68	1.05477
52	70	0.893681
52	74	1.02563
52	86	1.02945
52	90	0.99671
52	108	0.97941
52	111	0.963953
52	113	0.955418
52	136	1.04111
52	144	1.02913
52	170	0.902221
52	173	1.53528
52	177	2.35059
53	19	1.11006
53	26	1.06174
53	43	1.09217
53	48	1.09455
53	50	1.14014
53	51	1.08151
53	92	1.07535
53	115	1.08789
53	126	1.01814
53	130	1.08192
53	133	0.716242
53	140	1.07739
53	144	1.11329
53	151	0.664275
53	174	1.7009
53	178	1.54566
53	179	1.20167
54	65	0.94504
54	71	1.21712
54	104	1.02739
54	105	0.993434
54	107	0.967631
54	110	1.01447
54	112	0.960278
54	116	1.02182
54	117	0.960727
54	120	1.00132
54	125	0.98643
54	128	1.02497
54	131	0.98342
54	132	1.44657
54	145	1.02375
54	162	1.65013
54	167	1.59886
55	17	1.11504
55	21	1.08243
55	24	1.05172
55	29	1.05033
55	30	1.0458
55	56	1.06235
55	62	1.15874
55	66	1.12636
55	71	1.12082
55	99	0.563996
55	133	0.856096
55	139	1.03816
55	150	1.47702
55	154	1.12744
55	164	1.11405
55	169	1.02946
55	176	2.14264
56	17	1.01882
56	21	0.98621
56	24	0.9555
56	26	0.962095
56	29	0.954112
56	30	0.949585
56	55	1.06235
56	62	1.06252
56	66	1.03014
56	124	1.09664
56	139	0.941942
56	152	1.36351
56	154	1.03122
56	161	1.44792
56	169	0.933242
56	173	1.48102
56	179	1.56962
57	12	1.13033
57	13	1.07244
57	45	1.04008
57	52	1.0056
57	68	1.0638
57	70	0.902711
57	84	1.03469
57	86	1.03848
57	101	1.00679
57	108	0.98844
57	136	0.841069
57	158	1.31547
57	161	1.30214
57	170	0.91125
57	178	1.76784
57	180	1.42157
58	2	1.06824
58	33	1.00031
58	73	0.952022
58	96	0.986165
58	102	1.01064
58	109	0.97052
58	118	1.40081
58	134	1.27664
58	135	1.02456
58	139	1.43487
58	140	0.992055
58	144	1.17531
58	145	1.00071
58	152	1.56395
58	153	1.05792
58	173	0.921849
58	179	0.908337
59	4	1.20735
59	7	0.938467
59	8	0.939915
59	11	0.943842
59	23	0.994781
59	28	0.998767
59	32	0.973233
59	36	0.947752
59	40	0.944748
59	47	0.927657
59	132	1.41507
59	135	1.02304
59	149	1.00395
59	150	1.54183
59	153	1.0564
59	161	1.28462
59	172	1.71887
60	3	0.951053
60	46	1.05564
60	64	0.983689
60	67	0.983302
60	69	0.987578
60	75	0.971399
60	78	1.03929
60	79	0.967352
60	87	0.945492
60	89	1.02429
60	111	0.983007
60	113	0.85337
60	114	1.03496
60	123	1.0068
60	139	1.18664
60	157	1.53028
60	176	2.32295
61	65	0.953214
61	105	1.00161
61	107	0.975805
61	110	1.02264
61	112	0.968451
61	116	1.03
61	117	0.9689
61	120	1.00949
61	125	0.994603
61	128	1.03314
61	131	0.991594
61	146	0.936565
61	168	1.25488
61	170	1.14654
61	174	1.50516
61	177	1.73263
61	178	1.34992
62	17	1.11521
62	21	1.0826
62	24	1.05189
62	29	1.0505
62	30	1.04597
62	55	1.15874
62	56	1.06252
62	66	1.12653
62	118	1.08045
62	121	0.850638
62	133	0.96428
62	139	1.03833
62	143	0.942435
62	154	1.12761
62	167	1.61074
62	169	1.02963
62	172	1.76225
63	18	0.988355
63	50	0.893247
63	65	0.939237
63	83	0.919886
63	105	0.98763
63	106	0.983723
63	107	0.961828
63	112	0.954474
63	116	1.01602
63	117	0.954923
63	119	1.30571
63	120	0.995514
63	125	0.980626
63	128	1.01917
63	158	1.38522
63	163	1.27382
63	173	1.40499
63	175	1.87879
64	46	1.00465
64	49	1.00023
64	60	0.983689
64	67	0.932314
64	69	0.936589
64	75	0.920411
64	78	0.988306
64	79	0.916363
64	80	0.993448
64	88	0.97248
64	89	0.9733
64	103	1.28277
64	114	0.983972
64	124	1.12608
64	134	1.0097
64	161	1.47736
64	169	1.3527
64	175	1.98426
65	54	0.94504
65	61	0.953214
65	63	0.939237
65	83	0.913288
65	105	0.981032
65	110	1.00207
65	112	0.947876
65	116	1.00942
65	117	0.948325
65	120	0.988915
65	122	1.40425
65	125	0.974028
65	128	1.01257
65	131	0.971018
65	143	1.2525
65	148	1.03493
65	156	1.99753
65	169	1.51341
66	17	1.08283
66	21	1.05022
66	24	1.01951
66	26	1.0261
66	29	1.01812
66	30	1.01359
66	55	1.12636
66	56	1.03014
66	62	1.12653
66	139	1.00595
66	145	0.555409
66	154	1.09523
66	155	1.74441
66	169	0.997252
66	175	1.35467
66	177	1.69619
66	178	1.31347
66	179	0.969477
67	10	1.07792
67	38	0.94463
67	39	1.03692
67	46	1.00426
67	49	0.99984
67	60	0.983302
67	64	0.932314
67	69	0.936203
67	79	0.915977
67	80	0.993062
67	88	0.972094
67	89	0.972914
67	111	0.931632
67	114	0.983585
67	145	1.15074
67	151	1.02741
67	174	2.06404
67	180	1.56253
68	37	1.11881
68	45	1.08925
68	52	1.05477
68	57	1.0638
68	70	0.951878
68	76	1.28305
68	77	1.06085
68	84	1.08385
68	86	1.08765
68	90	1.05491
68	101	1.05595
68	108	1.03761
68	111	1.02215
68	133	1.14964
68	136	1.05229
68	145	1.221
68	162	1.84738
68	170	0.960417
69	39	1.0412
69	49	1.00412
69	60	0.987578
69	64	0.936589
69	67	0.936203
69	75	0.9243
69	79	0.920253
69	80	0.997337
69	87	0.898393
69	88	0.976369
69	89	0.977189
69	114	0.987861
69	127	1.36901
69	134	1.01359
69	136	1.29514
69	137	1.32788
69	148	1.15308
69	167	2.03895
70	5	0.855092
70	27	1.13804
70	37	0.957729
70	42	0.855143
70	45	0.928163
70	52	0.893681
70	57	0.902711
70	68	0.951878
70	74	0.922737
70	84	0.922767
70	86	0.92656
70	90	0.893821
70	101	0.894867
70	108	0.876521
70	143	1.29994
70	166	1.91405
70	170	0.799331
70	178	2.1512
71	54	1.21712
71	55	1.12082
71	82	0.912338
71	102	0.901925
71	120	1.40219
71	122	0.973494
71	137	1.02746
71	138	1.03958
71	160	0.913505
71	165	0.867502
71	167	0.865209
71	169	0.927971
71	171	0.84887
71	172	0.848306
71	176	0.821078
71	177	0.815196
71	178	0.851723
71	180	0.876327
72	22	1.03589
72	31	1.01148
72	34	0.983488
72	77	1.08247
72	81	1.04853
72	91	1.02212
72	92	1.01984
72	115	1.03238
72	126	0.962631
72	129	1.04597
72	130	1.02641
72	131	1.03191
72	137	1.10665
72	140	1.02189
72	141	1.44311
72	144	1.05778
72	148	0.93185
72	158	1.54831
72	166	1.76352
73	1	0.792438
73	33	0.957582
73	41	1.02533
73	58	0.952022
73	94	0.934759
73	95	0.934763
73	96	0.943439
73	102	0.967914
73	109	0.927794
73	123	1.43498
73	135	0.981837
73	139	1.61482
73	140	0.949328
73	145	0.957983
73	148	1.22518
73	153	1.01519
73	166	2.05685
73	173	0.879122
73	179	0.865611
74	13	1.09246
74	37	1.08967
74	42	0.987088
74	45	1.06011
74	52	1.02563
74	70	0.922737
74	84	1.05471
74	86	1.05851
74	90	1.02577
74	101	1.02681
74	108	1.00847
74	111	0.99301
74	123	1.01163
74	134	1.03324
74	143	1.01939
74	145	1.11259
74	167	1.6877
74	170	0.931277
74	174	2.0259
75	3	0.887776
75	39	1.02502
75	49	0.987937
75	60	0.971399
75	64	0.920411
75	69	0.9243
75	79	0.904074
75	80	0.981159
75	87	0.882214
75	88	0.960191
75	89	0.961011
75	111	0.919729
75	114	0.971682
75	124	1.32885
75	127	1.29293
75	134	0.997415
75	144	1.20707
75	160	1.68662
75	165	1.99214
76	27	0.951852
76	40	1.55985
76	68	1.28305
76	112	0.889511
76	148	1.05603
76	150	0.902588
76	154	0.89672
76	155	0.864107
76	162	0.882496
76	163	0.941403
76	164	0.938484
76	165	0.874711
76	166	0.878859
76	168	0.866079
76	171	0.856079
76	174	0.852995
76	176	0.828286
76	180	0.883536
77	20	0.747663
77	68	1.06085
77	72	1.08247
77	106	0.77841
77	116	0.998516
77	147	1.01941
77	149	1.07311
77	159	1.00423
77	162	0.967281
77	164	1.02327
77	171	0.940864
77	172	0.9403
77	174	0.93778
77	175	0.941587
77	176	0.913071
77	177	0.907189
77	178	0.943716
77	180	0.968321
78	1	0.352175
78	3	0.955671
78	38	1.00062
78	39	1.09291
78	46	1.06026
78	49	1.05583
78	60	1.03929
78	64	0.988306
78	79	0.971969
78	80	1.04905
78	87	0.950109
78	88	1.02809
78	114	1.03958
78	134	1.06531
78	151	0.972357
78	160	1.39454
78	173	1.42115
78	175	1.89494
78	179	1.50975
79	39	1.02097
79	46	0.988313
79	60	0.967352
79	64	0.916363
79	67	0.915977
79	69	0.920253
79	75	0.904074
79	78	0.971969
79	80	0.977111
79	87	0.878167
79	89	0.956963
79	111	0.915681
79	114	0.967635
79	134	0.993368
79	150	1.5964
79	156	1.69867
79	157	1.46935
79	166	1.56774
79	169	1.21454
80	39	1.09806
80	46	1.0654
80	64	0.993448
80	67	0.993062
80	69	0.997337
80	75	0.981159
80	78	1.04905
80	79	0.977111
80	87	0.955251
80	88	1.03323
80	89	1.03405
80	114	1.04472
80	132	1.24952
80	134	1.07045
80	144	0.646018
80	165	1.43109
80	171	1.72015
80	175	1.62597
80	180	1.2385
81	43	1.03079
81	48	1.03316
81	51	1.02012
81	72	1.04853
81	91	1.01624
81	92	1.01396
81	97	0.996822
81	115	1.0265
81	123	0.84087
81	126	0.95675
81	129	1.04009
81	130	1.02053
81	133	0.870476
81	140	1.01601
81	154	1.06948
81	159	1.18347
81	169	1.10954
81	175	1.7411
81	176	2.15702
82	51	1.58862
82	71	0.912338
82	90	1.4038
82	107	1.67773
82	147	0.884164
82	157	0.866919
82	158	0.876021
82	159	0.868985
82	160	0.87025
82	165	0.824247
82	170	0.838477
82	171	0.805615
82	172	0.805051
82	174	0.802532
82	175	0.806338
82	177	0.771941
82	178	0.808468
82	180	0.833072
83	16	0.956922
83	18	0.962406
83	63	0.919886
83	65	0.913288
83	106	0.957774
83	107	0.935879
83	110	0.982716
83	112	0.928525
83	116	0.99007
83	117	0.928974
83	120	0.969565
83	128	0.993218
83	131	0.951668
83	134	1.05532
83	146	0.896639
83	158	1.44037
83	161	1.42704
83	165	1.73906
83	178	1.89274
84	37	1.0897
84	42	0.987118
84	45	1.06014
84	57	1.03469
84	68	1.08385
84	70	0.922767
84	74	1.05471
84	86	1.05854
84	90	1.0258
84	101	1.02684
84	108	1.0085
84	111	0.993039
84	134	0.88546
84	151	0.841493
84	163	1.15911
84	164	1.15141
84	170	0.931307
84	172	1.69143
84	176	2.18
85	88	0.34481
85	94	0.669572
85	111	0.708769
85	128	0.684423
85	140	0.648022
85	153	0.452989
85	158	1.07407
85	162	1.03008
85	164	1.08607
85	165	1.0223
85	167	1.02001
85	168	1.01367
85	171	1.00367
85	172	1.0031
85	174	1.00058
85	175	1.00439
85	177	0.969992
85	178	1.00652
85	180	1.03112
86	5	0.99086
86	37	1.0935
86	42	0.990911
86	52	1.02945
86	57	1.03848
86	68	1.08765
86	70	0.92656
86	74	1.05851
86	84	1.05854
86	90	1.02959
86	101	1.03063
86	108	1.01229
86	136	0.777096
86	142	1.23179
86	143	0.8526
86	156	1.59764
86	170	0.9351
86	175	1.74507
86	178	1.70386
87	3	0.861868
87	38	0.906819
87	39	0.999112
87	46	0.966453
87	49	0.962029
87	60	0.945492
87	69	0.898393
87	75	0.882214
87	78	0.950109
87	79	0.878167
87	80	0.955251
87	88	0.934283
87	89	0.935103
87	114	0.945775
87	121	1.1477
87	133	1.26134
87	134	0.971508
87	150	1.88227
87	170	1.88738
87	173	1.65816
88	3	0.939845
88	39	1.07709
88	49	1.04001
88	64	0.97248
88	67	0.972094
88	69	0.976369
88	75	0.960191
88	78	1.02809
88	80	1.03323
88	85	0.34481
88	87	0.934283
88	89	1.01308
88	111	0.971798
88	114	1.02375
88	134	1.04948
88	156	1.4621
88	165	1.41465
88	172	1.53688
88	173	1.13573
88	177	1.95104
89	38	0.985616
89	44	0.674327
89	46	1.04525
89	49	1.04083
89	60	1.02429
89	64	0.9733
89	67	0.972914
89	69	0.977189
89	75	0.961011
89	79	0.956963
89	80	1.03405
89	87	0.935103
89	88	1.01308
89	114	1.02457
89	134	1.0503
89	152	1.22773
89	157	1.44228
89	159	1.2614
89	175	1.81903
89	179	1.43384
90	13	1.06355
90	37	1.06076
90	42	0.958171
90	45	1.03119
90	52	0.99671
90	68	1.05491
90	70	0.893821
90	74	1.02577
90	82	1.4038
90	84	1.0258
90	86	1.02959
90	101	0.997895
90	108	0.979549
90	111	0.964093
90	124	0.71975
90	156	1.4305
90	170	0.90236
90	173	1.10413
90	176	1.99385
90	180	1.19045
91	6	1.05003
91	19	1.02226
91	34	0.951195
91	51	0.99371
91	72	1.02212
91	81	1.01624
91	92	0.987552
91	97	0.970411
91	115	1.00009
91	126	0.930338
91	129	1.01368
91	131	0.999613
91	140	0.989594
91	146	1.16492
91	154	1.04307
91	155	2.08302
91	158	1.19971
91	164	1.08061
91	167	1.46912
91	173	1.21948
92	25	0.980412
92	34	0.94892
92	53	1.07535
92	72	1.01984
92	81	1.01396
92	91	0.987552
92	97	0.968135
92	115	0.99781
92	124	1.00676
92	126	0.928063
92	129	1.0114
92	130	0.991844
92	131	0.997337
92	144	1.02321
92	151	0.942346
92	154	1.04079
92	158	1.37136
92	162	1.69205
92	169	1.23338
92	171	1.95912
93	6	0.784633
93	32	1.17376
93	107	0.755866
93	125	0.68229
93	136	1.15418
93	140	0.816744
93	153	0.621711
93	157	0.996025
93	158	1.00513
93	160	0.999355
93	161	1.00431
93	162	0.961138
93	164	1.01713
93	166	0.957502
93	172	0.934157
93	174	0.931638
93	175	0.935444
93	177	0.901047
93	178	0.937573
93	179	0.97461
93	180	0.962178
94	2	1.05098
94	19	1.00746
94	20	1.00132
94	33	0.983045
94	41	1.05079
94	73	0.934759
94	85	0.669572
94	95	0.960226
94	98	0.953972
94	100	1.26873
94	102	0.993377
94	104	0.891358
94	109	0.953256
94	140	0.974791
94	145	0.983446
94	153	1.04065
94	167	1.71013
94	171	2.02847
94	173	0.904585
94	179	0.891074
94	180	1.54682
95	2	1.05098
95	15	1.01399
95	41	1.0508
95	73	0.934763
95	94	0.960226
95	96	0.968906
95	98	0.953977
95	102	0.993381
95	109	0.953261
95	119	1.37354
95	122	1.20591
95	127	1.05252
95	135	1.0073
95	140	0.974796
95	145	0.983451
95	147	1.36725
95	153	1.04066
95	166	1.66826
95	168	1.81038
95	173	0.90459
95	179	0.891078
96	15	1.02266
96	20	1.01
96	27	1.05389
96	38	0.967457
96	58	0.986165
96	73	0.943439
96	95	0.968906
96	98	0.962653
96	102	1.00206
96	104	1.06532
96	109	0.961937
96	134	1.22963
96	135	1.01598
96	140	0.983471
96	145	0.992126
96	149	1.32068
96	153	1.04933
96	160	1.60785
96	170	1.86368
96	173	0.913265
96	179	0.899754
97	6	1.03061
97	22	0.984185
97	31	0.95977
97	48	0.987335
97	51	0.974293
97	81	0.996822
97	91	0.970411
97	92	0.968135
97	115	0.980668
97	126	0.910921
97	129	0.994262
97	130	0.974703
97	131	0.980196
97	133	1.03993
97	140	0.970177
97	141	1.31179
97	144	1.00607
97	147	1.33119
97	157	1.53381
97	168	1.77432
97	179	1.52536
98	2	1.04473
98	15	1.00773
98	20	0.995075
98	33	0.976796
98	35	1.02655
98	41	1.04455
98	50	1.28496
98	94	0.953972
98	95	0.953977
98	96	0.962653
98	100	1.06613
98	102	0.987128
98	109	0.947007
98	140	0.968542
98	153	1.0344
98	157	1.35493
98	160	1.23128
98	164	1.11901
98	173	0.898336
98	177	2.0732
98	179	0.884825
99	7	1.34602
99	55	0.563996
99	101	0.991459
99	115	0.591859
99	117	0.896549
99	131	0.785067
99	133	1.13032
99	143	1.08706
99	149	1.0455
99	157	0.974557
99	159	0.976623
99	160	0.977887
99	164	0.995658
99	168	0.923253
99	171	0.913253
99	172	0.912689
99	174	0.910169
99	175	0.913976
99	176	0.88546
99	177	0.879578
99	178	0.916105
99	180	0.94071
100	94	1.26873
100	98	1.06613
100	103	0.907477
100	109	1.32057
100	113	1.02566
100	115	1.08902
100	124	1.028
100	149	0.978452
100	153	1.05215
100	158	0.916608
100	159	0.909572
100	164	0.928608
100	165	0.864835
100	167	0.862542
100	168	0.856203
100	170	0.879064
100	171	0.846203
100	172	0.845639
100	174	0.843119
100	175	0.846925
100	176	0.81841
100	178	0.849055
100	180	0.87366
101	1	0.611409
101	5	0.959166
101	12	1.12249
101	13	1.06459
101	37	1.0618
101	42	0.959217
101	45	1.03224
101	57	1.00679
101	68	1.05595
101	70	0.894867
101	74	1.02681
101	84	1.02684
101	86	1.03063
101	90	0.997895
101	99	0.991459
101	108	0.980596
101	111	0.965139
101	123	1.25395
101	124	1.29601
101	127	1.26008
101	138	1.11601
101	170	0.903406
101	175	2.15418
102	15	1.04714
102	20	1.03448
102	33	1.0162
102	35	1.06595
102	58	1.01064
102	71	0.901925
102	73	0.967914
102	94	0.993377
102	95	0.993381
102	96	1.00206
102	98	0.987128
102	109	0.986412
102	121	0.523562
102	135	1.04045
102	140	1.00795
102	153	1.07381
102	155	1.89757
102	163	0.902853
102	168	1.37158
102	173	0.93774
102	174	1.62186
102	176	1.92375
102	179	0.924229
103	5	1.64787
103	13	1.17092
103	36	1.18572
103	64	1.28277
103	100	0.907477
103	104	0.981014
103	106	0.943153
103	110	0.968095
103	112	0.913904
103	116	0.975449
103	120	0.954944
103	122	0.928045
103	125	0.940056
103	128	0.978597
103	130	1.25537
103	155	0.811449
103	158	0.873827
103	171	0.803421
103	173	0.856822
103	174	0.800338
103	175	0.804144
103	178	0.806274
103	180	0.830878
104	23	0.970478
104	26	1.0447
104	36	0.844277
104	54	1.02739
104	94	0.891358
104	96	1.06532
104	103	0.981014
104	106	1.05947
104	107	1.03758
104	114	0.754893
104	117	1.03067
104	120	1.07126
104	125	1.05638
104	128	1.09492
104	137	1.09833
104	152	1.01538
104	154	0.591004
104	160	0.984375
104	166	0.942521
104	168	0.929741
104	177	0.886066
104	178	0.922593
104	180	0.947197
105	14	0.939861
105	18	1.03015
105	50	0.935043
105	54	0.993434
105	61	1.00161
105	63	0.98763
105	65	0.981032
105	106	1.02552
105	107	1.00362
105	110	1.05046
105	113	0.958656
105	116	1.05781
105	117	0.996718
105	120	1.03731
105	125	1.02242
105	128	1.06096
105	138	0.974145
105	145	1.21305
105	146	0.964384
105	158	1.51875
105	163	1.40735
105	165	1.81744
105	173	1.53852
106	14	0.935954
106	16	1.02076
106	63	0.983723
106	77	0.77841
106	83	0.957774
106	103	0.943153
106	104	1.05947
106	105	1.02552
106	107	0.999716
106	110	1.04655
106	112	0.992363
106	116	1.05391
106	117	0.992811
106	120	1.0334
106	125	1.01851
106	128	1.05705
106	138	0.699649
106	146	0.960477
106	157	1.36107
106	160	1.23742
106	162	1.56494
106	177	2.07933
106	179	1.35262
107	9	0.345068
107	14	0.914058
107	18	1.00435
107	54	0.967631
107	61	0.975805
107	63	0.961828
107	82	1.67773
107	83	0.935879
107	93	0.755866
107	104	1.03758
107	105	1.00362
107	106	0.999716
107	110	1.02466
107	112	0.970467
107	116	1.03201
107	117	0.970916
107	120	1.01151
107	121	0.867598
107	125	0.996619
107	128	1.03516
107	143	0.959395
107	146	0.938581
107	172	1.77921
107	176	2.26778
108	5	0.94082
108	12	1.10414
108	13	1.04625
108	37	1.04346
108	42	0.940871
108	45	1.01389
108	52	0.97941
108	57	0.98844
108	68	1.03761
108	70	0.876521
108	74	1.00847
108	84	1.0085
108	86	1.01229
108	90	0.979549
108	101	0.980596
108	111	0.946793
108	134	1.14123
108	136	1.05188
108	138	0.981675
108	145	1.22058
108	155	2.40959
108	158	1.52628
108	163	1.41488
108	170	0.88506
109	1	0.443358
109	15	1.00702
109	19	1.00049
109	20	0.994359
109	33	0.97608
109	35	1.02583
109	38	0.951812
109	41	1.04383
109	58	0.97052
109	73	0.927794
109	94	0.953256
109	95	0.953261
109	96	0.961937
109	98	0.947007
109	100	1.32057
109	102	0.986412
109	137	1.0509
109	145	0.976481
109	148	0.8761
109	153	1.03369
109	173	0.89762
109	174	2.10017
109	178	1.94493
109	179	0.884109
109	180	1.59865
110	16	1.0457
110	54	1.01447
110	61	1.02264
110	65	1.00207
110	83	0.982716
110	103	0.968095
110	105	1.05046
110	106	1.04655
110	107	1.02466
110	112	1.0173
110	116	1.07885
110	117	1.01775
110	120	1.05834
110	125	1.04346
110	128	1.082
110	131	1.04045
110	134	0.901207
110	142	1.26655
110	146	0.985418
110	160	1.27942
110	161	1.27293
110	164	1.16716
110	168	1.64359
110	170	1.53525
110	179	1.39463
111	13	1.03079
111	39	1.03663
111	46	1.00397
111	49	0.999544
111	52	0.963953
111	60	0.983007
111	67	0.931632
111	68	1.02215
111	74	0.99301
111	75	0.919729
111	79	0.915681
111	84	0.993039
111	85	0.708769
111	88	0.971798
111	90	0.964093
111	101	0.965139
111	108	0.946793
111	114	0.98329
111	123	1.07326
111	145	1.17422
111	159	1.41585
111	160	1.47308
111	165	1.77861
111	170	0.869603
111	171	2.06767
112	14	0.906705
112	18	0.996994
112	54	0.960278
112	61	0.968451
112	63	0.954474
112	65	0.947876
112	76	0.889511
112	83	0.928525
112	103	0.913904
112	106	0.992363
112	107	0.970467
112	110	1.0173
112	116	1.02466
112	117	0.963562
112	120	1.00415
112	125	0.989265
112	128	1.02781
112	131	0.986256
112	146	0.931228
112	156	1.4793
112	161	1.11983
112	170	1.38215
112	172	1.55407
112	174	1.74077
112	178	1.58552
113	32	1.2161
113	52	0.955418
113	60	0.85337
113	100	1.02566
113	105	0.958656
113	115	0.700918
113	120	0.954426
113	135	0.757038
113	136	1.14106
113	149	1.05385
113	152	1.01724
113	156	0.958002
113	158	0.992009
113	159	0.984973
113	162	0.948021
113	163	1.00693
113	166	0.944384
113	167	0.937943
113	168	0.931604
113	174	0.91852
113	176	0.893811
113	177	0.887929
113	178	0.924456
113	179	0.961493
113	180	0.949061
114	3	0.951337
114	38	0.996288
114	39	1.08858
114	46	1.05592
114	49	1.0515
114	60	1.03496
114	64	0.983972
114	67	0.983585
114	69	0.987861
114	75	0.971682
114	78	1.03958
114	79	0.967635
114	80	1.04472
114	87	0.945775
114	88	1.02375
114	89	1.02457
114	104	0.754893
114	111	0.98329
114	119	1.22475
114	122	1.05711
114	134	1.06098
114	144	0.817871
114	146	1.26947
114	152	1.20652
114	171	1.89201
114	177	2.13934
115	22	1.01386
115	25	0.992945
115	34	0.961453
115	43	1.01463
115	48	1.01701
115	51	1.00397
115	53	1.08789
115	72	1.03238
115	81	1.0265
115	91	1.00009
115	92	0.99781
115	97	0.980668
115	99	0.591859
115	100	1.08902
115	113	0.700918
115	119	1.1815
115	126	0.940596
115	129	1.02394
115	130	1.00438
115	140	0.999852
115	144	1.03574
115	154	1.05332
115	158	1.26101
115	168	1.61834
115	170	1.51
115	178	1.71338
116	14	0.968249
116	18	1.05854
116	54	1.02182
116	61	1.03
116	63	1.01602
116	65	1.00942
116	77	0.998516
116	83	0.99007
116	103	0.975449
116	105	1.05781
116	106	1.05391
116	107	1.03201
116	110	1.07885
116	112	1.02466
116	117	1.02511
116	120	1.0657
116	125	1.05081
116	128	1.08935
116	131	1.0478
116	142	1.44465
116	144	0.977974
116	145	1.15866
116	146	0.992772
116	147	1.37856
116	149	1.17036
116	158	1.46436
116	159	1.4003
116	164	1.34526
117	16	0.991959
117	18	0.997443
117	50	0.902335
117	54	0.960727
117	61	0.9689
117	63	0.954923
117	65	0.948325
117	83	0.928974
117	99	0.896549
117	104	1.03067
117	105	0.996718
117	106	0.992811
117	107	0.970916
117	110	1.01775
117	112	0.963562
117	116	1.02511
117	120	1.0046
117	125	0.989714
117	128	1.02825
117	131	0.986704
117	139	1.33888
117	144	1.07932
117	146	0.931676
117	147	1.4799
117	148	0.949242
117	167	1.83511
117	179	1.67407
117	180	1.6718
118	5	1.59491
118	7	1.75429
118	32	1.51531
118	41	1.05424
118	58	1.40081
118	62	1.08045
118	119	0.918903
118	121	1.06045
118	137	1.00414
118	151	1.01672
118	152	0.921189
118	157	0.886853
118	158	0.895955
118	159	0.888919
118	160	0.890184
118	161	0.895139
118	163	0.910873
118	164	0.907954
118	166	0.84833
118	169	0.90465
118	171	0.825549
118	172	0.824985
118	173	0.87895
118	174	0.822466
118	176	0.797757
118	177	0.791875
118	178	0.828402
118	180	0.853006
119	63	1.30571
119	95	1.37354
119	114	1.22475
119	115	1.1815
119	118	0.918903
119	122	0.960125
119	127	0.989949
119	135	1.23762
119	138	1.02621
119	140	1.33966
119	147	0.914049
119	151	1.02667
119	156	0.871899
119	157	0.896804
119	159	0.898871
119	163	0.920825
119	165	0.854133
119	166	0.858281
119	167	0.85184
119	168	0.845501
119	172	0.834937
119	173	0.888901
119	175	0.836224
119	176	0.807708
119	177	0.801826
119	178	0.838353
119	179	0.87539
119	180	0.862958
120	14	0.947744
120	16	1.03255
120	18	1.03803
120	54	1.00132
120	61	1.00949
120	63	0.995514
120	65	0.988915
120	71	1.40219
120	83	0.969565
120	103	0.954944
120	104	1.07126
120	105	1.03731
120	106	1.0334
120	107	1.01151
120	110	1.05834
120	112	1.00415
120	113	0.954426
120	116	1.0657
120	117	1.0046
120	125	1.0303
120	128	1.06885
120	137	1.07286
120	144	1.02813
120	146	0.972267
120	149	1.22052
120	151	1.0855
120	160	1.50769
120	169	1.37653
120	179	1.62289
121	6	0.896366
121	49	1.07592
121	51	0.778485
121	62	0.850638
121	87	1.1477
121	102	0.523562
121	107	0.867598
121	118	1.06045
121	129	0.991886
121	135	0.826437
121	145	1.10931
121	147	1.0556
121	150	1.02356
121	155	0.985079
121	158	1.04746
121	159	1.04042
121	163	1.06238
121	164	1.05946
121	165	0.995683
121	166	0.999832
121	167	0.99339
121	171	0.977051
121	173	1.03045
121	174	0.973968
121	175	0.977774
121	176	0.949258
121	177	0.943377
121	178	0.979904
121	180	1.00451
122	35	0.884418
122	39	1.23159
122	65	1.40425
122	71	0.973494
122	95	1.20591
122	103	0.928045
122	114	1.05711
122	119	0.960125
122	128	1.20843
122	136	1.08623
122	141	0.955867
122	142	0.952497
122	149	0.999021
122	153	0.976996
122	158	0.937177
122	161	0.936361
122	162	0.893188
122	163	0.952095
122	164	0.949176
122	165	0.885403
122	166	0.889552
122	169	0.945872
122	171	0.866771
122	174	0.863688
122	175	0.867494
122	176	0.838978
122	177	0.833097
122	178	0.869623
122	180	0.894228
123	26	1.1874
123	60	1.0068
123	73	1.43498
123	74	1.01163
123	81	0.84087
123	101	1.25395
123	111	1.07326
123	138	1.089
123	139	0.986084
123	146	0.97688
123	148	1.09823
123	151	1.08945
123	152	0.993923
123	153	0.817479
123	156	0.934681
123	157	0.959587
123	160	0.962917
123	161	0.967873
123	162	0.9247
123	164	0.980688
123	166	0.921064
123	171	0.898283
123	172	0.897719
123	174	0.8952
123	175	0.899006
123	176	0.87049
123	177	0.864609
123	178	0.901135
123	179	0.938172
123	180	0.92574
124	17	1.15017
124	43	0.975742
124	56	1.09664
124	64	1.12608
124	75	1.32885
124	90	0.71975
124	92	1.00676
124	100	1.028
124	101	1.29601
124	132	1.008
124	148	1.12389
124	152	1.01958
124	157	0.985247
124	162	0.950361
124	163	1.00927
124	164	1.00635
124	165	0.942576
124	167	0.940283
124	168	0.933944
124	169	1.00304
124	170	0.956805
124	171	0.923944
124	172	0.92338
124	174	0.92086
124	175	0.924666
124	176	0.896151
124	177	0.890269
124	178	0.926796
124	180	0.951401
125	14	0.932857
125	16	1.01766
125	18	1.02315
125	50	0.928039
125	54	0.98643
125	61	0.994603
125	63	0.980626
125	65	0.974028
125	93	0.68229
125	103	0.940056
125	104	1.05638
125	105	1.02242
125	106	1.01851
125	107	0.996619
125	110	1.04346
125	112	0.989265
125	116	1.05081
125	117	0.989714
125	120	1.0303
125	128	1.05396
125	131	1.01241
125	133	0.907665
125	137	0.843063
125	146	0.957379
125	147	1.19892
125	152	1.18698
125	171	1.87247
125	177	2.1198
125	178	1.73708
125	180	1.39081
126	5	0.89512
126	6	0.990537
126	9	0.603221
126	19	0.962772
126	22	0.944113
126	25	0.923198
126	26	0.914452
126	31	0.919698
126	34	0.891706
126	43	0.944885
126	48	0.947262
126	53	1.01814
126	72	0.962631
126	81	0.95675
126	91	0.930338
126	92	0.928063
126	97	0.910921
126	115	0.940596
126	129	0.954189
126	130	0.93463
126	131	0.940123
126	137	1.17479
126	140	0.930105
126	141	1.51125
126	144	0.965997
126	154	0.983577
126	159	1.55238
126	161	1.60312
126	165	1.91514
126	169	1.47846
126	172	2.03736
127	13	0.97832
127	29	1.31732
127	41	0.914592
127	50	0.945851
127	69	1.36901
127	75	1.29293
127	95	1.05252
127	101	1.26008
127	119	0.989949
127	142	0.982321
127	143	1.0704
127	149	1.02884
127	151	1.08776
127	154	0.73984
127	156	0.932993
127	159	0.959965
127	162	0.923012
127	163	0.981919
127	165	0.915227
127	166	0.919376
127	168	0.906595
127	171	0.896595
127	172	0.896031
127	173	0.949996
127	174	0.893512
127	175	0.897318
127	176	0.868802
127	177	0.862921
127	178	0.899448
127	179	0.936485
127	180	0.924052
128	12	0.612256
128	14	0.971397
128	16	1.0562
128	50	0.966579
128	54	1.02497
128	61	1.03314
128	63	1.01917
128	65	1.01257
128	83	0.993218
128	85	0.684423
128	103	0.978597
128	104	1.09492
128	105	1.06096
128	106	1.05705
128	107	1.03516
128	110	1.082
128	112	1.02781
128	116	1.08935
128	117	1.02825
128	120	1.06885
128	122	1.20843
128	125	1.05396
128	131	1.05095
128	133	1.07852
128	139	1.22875
128	143	1.05667
128	144	0.969187
128	146	0.99592
128	147	1.36977
128	165	1.75426
128	172	1.87649
129	5	0.978461
129	6	1.07388
129	12	0.639264
129	22	1.02745
129	25	1.00654
129	26	0.997792
129	31	1.00304
129	34	0.975046
129	43	1.02823
129	48	1.0306
129	51	1.01756
129	72	1.04597
129	81	1.04009
129	91	1.01368
129	92	1.0114
129	97	0.994262
129	115	1.02394
129	121	0.991886
129	126	0.954189
129	130	1.01797
129	131	1.02346
129	137	1.04093
129	140	1.01345
129	144	1.04934
129	146	1.44779
129	151	1.05356
129	154	1.06692
129	161	1.46925
129	163	1.37118
129	164	1.36348
129	179	1.59095
129	180	1.58868
130	5	0.958901
130	6	1.05432
130	19	1.02655
130	22	1.00789
130	25	0.986979
130	26	0.978233
130	31	0.983479
130	34	0.955487
130	43	1.00867
130	44	0.812157
130	48	1.01104
130	51	0.998002
130	53	1.08192
130	72	1.02641
130	81	1.02053
130	92	0.991844
130	97	0.974703
130	103	1.25537
130	115	1.00438
130	126	0.93463
130	129	1.01797
130	131	1.0039
130	134	1.07824
130	136	0.988893
130	138	0.918691
130	140	0.993886
130	141	1.3581
130	144	1.02978
130	151	1.03428
130	154	1.04736
130	167	1.7327
130	171	2.05105
130	179	1.57167
131	6	1.05981
131	16	1.01465
131	34	0.96098
131	43	1.01416
131	48	1.01654
131	54	0.98342
131	61	0.991594
131	65	0.971018
131	72	1.03191
131	83	0.951668
131	91	0.999613
131	92	0.997337
131	97	0.980196
131	99	0.785067
131	110	1.04045
131	112	0.986256
131	116	1.0478
131	117	0.986704
131	125	1.01241
131	126	0.940123
131	128	1.05095
131	129	1.02346
131	130	1.0039
131	132	1.57134
131	137	1.01257
131	139	1.2274
131	141	1.34902
131	144	1.03527
131	148	0.837761
131	152	1.35648
131	157	1.57104
131	166	1.66943
131	168	1.81155
132	31	1.66283
132	34	1.65467
132	54	1.44657
132	59	1.41507
132	80	1.24952
132	124	1.008
132	131	1.57134
132	137	1.00479
132	141	0.915299
132	150	0.872713
132	151	1.01737
132	152	0.921843
132	155	0.834231
132	156	0.862601
132	157	0.887507
132	161	0.895793
132	162	0.85262
132	163	0.911527
132	165	0.844835
132	166	0.848984
132	167	0.842542
132	168	0.836203
132	171	0.826203
132	172	0.825639
132	175	0.826926
132	176	0.79841
132	177	0.792529
132	178	0.829056
132	179	0.866093
132	180	0.85366
133	45	1.05581
133	53	0.716242
133	55	0.856096
133	62	0.96428
133	68	1.14964
133	81	0.870476
133	87	1.26134
133	97	1.03993
133	99	1.13032
133	125	0.907665
133	128	1.07852
133	143	1.13302
133	147	1.03776
133	150	1.00572
133	157	1.02052
133	158	1.02962
133	159	1.02258
133	161	1.0288
133	163	1.04454
133	164	1.04162
133	165	0.977845
133	167	0.975552
133	168	0.969213
133	170	0.992075
133	171	0.959213
133	172	0.958649
133	173	1.01261
133	174	0.95613
133	175	0.959936
133	176	0.93142
133	177	0.925539
133	178	0.962065
133	180	0.98667
134	3	0.977069
134	4	0.943736
134	43	0.955297
134	49	1.07723
134	58	1.27664
134	64	1.0097
134	69	1.01359
134	74	1.03324
134	75	0.997415
134	78	1.06531
134	79	0.993368
134	80	1.07045
134	83	1.05532
134	84	0.88546
134	87	0.971508
134	88	1.04948
134	89	1.0503
134	96	1.22963
134	108	1.14123
134	110	0.901207
134	114	1.06098
134	130	1.07824
134	157	0.975732
134	159	0.977798
134	163	0.999752
134	167	0.930767
134	168	0.924428
134	171	0.914428
134	172	0.913864
134	175	0.915151
134	176	0.886635
134	177	0.880754
134	178	0.91728
134	179	0.954317
134	180	0.941885
135	4	1.23869
135	7	0.969803
135	8	0.971251
135	11	0.975177
135	15	1.06106
135	23	1.02612
135	28	1.0301
135	32	1.00457
135	35	1.07988
135	36	0.979087
135	40	0.976084
135	41	1.09787
135	47	0.958993
135	58	1.02456
135	59	1.02304
135	73	0.981837
135	95	1.0073
135	96	1.01598
135	102	1.04045
135	113	0.757038
135	119	1.23762
135	121	0.826437
135	139	1.09031
135	140	1.02187
135	141	1.21194
135	145	1.03052
135	149	1.02313
135	153	1.08773
135	157	1.43395
135	160	1.3103
135	169	1.17915
135	170	1.56612
135	173	0.951663
135	175	1.8107
135	179	0.938152
136	16	0.989382
136	18	0.809032
136	37	0.830749
136	52	1.04111
136	57	0.841069
136	68	1.05229
136	69	1.29514
136	86	0.777096
136	93	1.15418
136	108	1.05188
136	113	1.14106
136	122	1.08623
136	130	0.988893
136	141	1.0507
