1	77	0.739463
1	99	1.18001
1	108	0.7024
1	120	1.1929
1	134	0.716277
1	144	1.19333
1	150	1.21768
1	154	1.20597
1	155	1.19859
1	156	1.21304
1	158	0.75663
1	171	0.689096
2	132	0.881538
2	138	1.06444
2	140	0.886103
2	141	1.05856
2	157	1.04858
2	165	0.907473
2	170	1.05431
2	173	1.02972
2	174	0.922242
2	175	1.03959
2	177	1.0565
2	178	1.04864
3	19	0.655172
3	53	0.679066
3	144	0.75094
3	145	1.19683
3	147	1.18888
3	155	0.760638
3	157	1.21179
3	161	1.19608
3	172	1.21064
3	173	1.19294
3	175	1.20281
3	180	0.752388
4	79	1.29238
4	96	1.19717
4	110	0.653678
4	111	1.17145
4	135	1.21197
4	142	0.729039
4	151	0.755996
4	154	1.17591
4	155	1.16853
4	156	1.18298
4	169	0.738401
4	175	0.72471
5	12	0.605186
5	36	1.28176
5	38	1.43813
5	48	0.609826
5	126	1.38968
5	132	0.57248
5	136	1.41179
5	149	0.623889
5	159	0.608645
5	176	0.581576
5	179	1.49495
5	180	1.38376
6	39	0.684088
6	84	0.725502
6	137	0.740645
6	152	1.22321
6	158	0.789231
6	163	1.21323
6	166	1.20253
6	167	1.19863
6	168	1.19695
6	169	1.17247
6	174	1.19784
6	179	0.664297
7	83	0.898571
7	101	1.04051
7	145	1.02085
7	152	0.889504
7	154	1.03694
7	164	1.01942
7	167	0.898759
7	168	0.909317
7	175	1.02683
7	176	1.08247
7	179	1.14246
7	180	1.03126
8	34	1.25023
8	38	0.673842
8	93	0.743557
8	98	0.698113
8	120	1.17085
8	135	1.21998
8	144	1.17128
8	148	0.735807
8	154	1.18392
8	155	1.17654
8	173	0.750891
8	176	1.22945
9	76	0.718476
9	143	1.17397
9	151	1.18846
9	153	0.704864
9	157	0.743468
9	165	1.21716
9	166	1.20968
9	167	1.20578
9	168	1.2041
9	170	0.713346
9	174	1.20499
9	178	0.722856
10	23	0.611119
10	119	1.19485
10	125	1.20099
10	141	1.21017
10	154	0.741862
10	158	1.17055
10	159	0.734128
10	169	0.764249
10	171	1.21565
10	177	1.20811
10	178	1.20025
10	180	0.74447
11	47	0.724411
11	141	0.724413
11	150	0.701331
11	151	1.18317
11	160	1.23651
11	164	0.737302
11	165	1.21186
11	167	1.20048
11	168	1.1988
11	169	1.17433
11	174	1.19969
11	178	0.718703
12	5	0.605186
12	18	0.769256
12	38	0.684829
12	60	0.786383
12	74	1.21122
12	131	0.751585
12	153	1.2162
12	156	1.20142
12	163	1.20749
12	170	1.19896
12	173	1.17437
12	174	1.19209
13	68	1.20537
13	91	0.704548
13	101	1.18955
13	105	1.13955
13	126	1.18623
13	136	1.20834
13	153	0.704426
13	157	0.74303
13	168	0.717714
13	175	0.730961
13	179	1.2915
13	180	1.1803
14	18	0.971841
14	19	1.15419
14	20	1.15433
14	35	0.924826
14	63	0.976629
14	86	1.05801
14	105	0.927692
14	140	1.03861
14	160	0.878993
14	172	0.886646
14	179	1.1217
14	180	0.90497
15	135	0.636021
15	141	0.666615
15	142	0.673777
15	143	1.27485
15	147	0.668966
15	163	1.32126
15	164	0.679503
15	166	1.31056
15	167	1.30666
15	168	1.30498
15	169	1.2805
15	174	1.30586
15	179	0.579521
16	50	1.14391
16	71	1.06699
16	101	1.13874
16	103	0.777284
16	105	1.08873
16	126	1.13542
16	136	1.15753
16	138	0.746904
16	145	0.790112
16	157	0.796221
16	164	0.794207
16	179	1.24068
16	180	1.12949
17	72	1.21181
17	88	0.605273
17	92	1.30431
17	111	1.30917
17	117	1.29213
17	142	0.664325
17	145	0.665957
17	151	0.691282
17	154	1.31362
17	163	0.640492
17	165	0.633336
17	176	1.35916
17	180	1.30795
18	12	0.769256
18	14	0.971841
18	19	1.25138
18	20	1.25153
18	35	1.02202
18	57	0.832381
18	75	1.0924
18	86	1.15521
18	138	0.751898
18	140	1.13581
18	152	0.756085
18	173	0.79141
18	179	1.2189
19	3	0.655172
19	14	1.15419
19	18	1.25138
19	20	1.43388
19	30	0.589795
19	35	1.20437
19	86	1.33755
19	140	1.31815
19	146	0.692623
19	153	0.649664
19	154	0.667503
19	160	0.644135
19	179	1.40125
20	14	1.15433
20	18	1.25153
20	19	1.43388
20	35	1.20451
20	73	0.76505
20	86	1.3377
20	94	0.632583
20	125	0.624043
20	137	0.619473
20	140	1.3183
20	141	0.63022
20	173	0.635317
20	179	1.40139
21	79	0.689448
21	109	1.13019
21	118	1.11618
21	123	1.16214
21	127	1.13269
21	128	1.10637
21	131	1.12157
21	132	1.18807
21	138	0.784703
21	141	0.819118
21	159	1.14709
21	166	0.799125
21	177	0.810274
22	124	0.782315
22	136	0.728466
22	138	1.15249
22	140	0.757079
22	149	1.13663
22	150	1.14946
22	151	0.836395
22	164	1.12023
22	168	0.791862
22	170	1.14237
22	173	1.11777
22	177	1.14455
22	178	1.1367
23	10	0.611119
23	25	1.40038
23	46	1.28621
23	60	1.22475
23	62	0.695481
23	67	1.29015
23	76	1.2462
23	113	1.32995
23	119	0.672315
23	133	0.640166
23	158	0.67507
23	160	0.607999
23	176	1.32261
24	86	0.733891
24	137	0.80084
24	139	0.774704
24	150	0.788504
24	151	1.1202
24	160	1.17354
24	165	1.14889
24	166	1.14142
24	167	1.13752
24	168	1.13584
24	169	1.11136
24	174	1.13672
24	178	0.805877
25	23	1.40038
25	66	1.1935
25	67	1.29411
25	76	1.25016
25	102	0.678358
25	106	0.640823
25	113	1.3339
25	124	0.639692
25	127	0.65886
25	140	1.30346
25	171	0.629959
25	176	1.32656
25	177	0.65081
26	33	0.592038
26	65	1.29459
26	96	1.3184
26	112	0.649295
26	144	1.2845
26	145	0.656494
26	151	0.681819
26	154	1.29714
26	155	1.28976
26	156	1.30421
26	157	0.662602
26	159	1.31091
26	164	0.660589
27	46	1.14847
27	60	1.08702
27	76	1.10847
27	87	1.08392
27	103	1.13155
27	113	1.19221
27	115	0.756819
27	137	0.784537
27	140	1.16177
27	156	0.771847
27	167	0.774311
27	169	0.811807
27	176	1.18488
28	46	1.14465
28	62	0.829807
28	66	1.04799
28	67	1.1486
28	76	1.10464
28	101	0.781446
28	103	1.12773
28	113	1.18839
28	140	1.15795
28	171	0.741862
28	173	0.776653
28	175	0.774389
28	176	1.18105
29	44	0.74923
29	56	1.18762
29	59	1.20205
29	126	0.735286
29	132	0.674432
29	136	0.650385
29	145	1.2261
29	152	0.693968
29	162	0.693489
29	172	1.2399
29	173	1.22221
29	175	1.23207
29	177	1.24898
29	178	1.24113
30	19	0.589795
30	65	0.669153
30	72	0.775701
30	80	0.724315
30	126	0.701357
30	141	1.24057
30	142	1.21333
30	143	0.736915
30	161	1.21486
30	164	1.21418
30	170	1.23632
30	173	1.21173
30	177	1.2385
30	178	1.23065
31	80	0.863475
31	114	0.88125
31	121	1.12957
31	123	0.786886
31	141	1.09624
31	146	0.848683
31	147	1.06334
31	157	1.08625
31	159	0.815828
31	170	1.09199
31	172	1.08509
31	173	1.0674
31	177	1.09417
31	178	1.08632
32	61	0.643797
32	147	0.72709
32	152	1.24703
32	158	0.762579
32	163	1.23706
32	165	1.23383
32	166	1.22635
32	167	1.22245
32	168	1.22077
32	169	1.1963
32	174	1.22166
32	177	0.715896
32	178	0.719029
32	179	0.637645
33	26	0.592038
33	146	1.2113
33	150	0.695092
33	151	1.20965
33	158	0.756014
33	160	1.26299
33	161	0.707809
33	163	1.24157
33	164	0.731063
33	167	1.22697
33	168	1.22529
33	169	1.20081
33	173	0.723272
33	174	1.22617
34	8	1.25023
34	95	1.18365
34	119	0.743272
34	137	1.22733
34	144	1.2114
34	150	1.23575
34	153	0.684487
34	155	1.21667
34	156	1.23111
34	160	0.678957
34	161	0.697823
34	162	1.2437
34	168	0.697774
34	177	0.699345
35	14	0.924826
35	18	1.02202
35	19	1.20437
35	20	1.20451
35	63	1.02681
35	83	1.04707
35	86	1.10819
35	91	0.833068
35	140	1.08879
35	142	0.863809
35	167	0.835675
35	170	0.841428
35	171	0.826954
35	179	1.17188
36	5	1.28176
36	38	1.09875
36	71	0.981877
36	100	0.797488
36	101	1.05363
36	107	0.810529
36	126	1.0503
36	136	1.07242
36	141	0.87474
36	147	0.877091
36	150	1.06176
36	162	0.844034
36	179	1.15557
36	180	1.04438
37	49	0.656438
37	108	0.717636
37	123	0.691486
37	139	0.697143
37	163	1.24066
37	165	1.23743
37	166	1.22995
37	167	1.22605
37	168	1.22437
37	169	1.19989
37	172	0.712447
37	174	1.22526
37	178	0.728316
37	180	1.22183
38	5	1.43813
38	8	0.673842
38	12	0.684829
38	36	1.09875
38	54	1.15589
38	56	0.746237
38	105	1.15999
38	126	1.20667
38	136	1.22878
38	145	0.710679
38	155	0.706881
38	172	0.680306
38	179	1.31194
38	180	1.20075
39	6	0.684088
39	89	0.774482
39	128	1.1827
39	131	1.1979
39	136	1.232
39	139	1.24592
39	140	0.661335
39	144	0.70183
39	160	0.677302
39	174	0.697475
39	177	1.21644
39	178	1.20858
39	179	1.31516
39	180	1.20396
40	49	0.625751
40	68	0.682443
40	87	0.773184
40	106	0.68451
40	151	1.20584
40	158	0.741179
40	160	1.25918
40	163	1.23776
40	165	1.23453
40	166	1.22706
40	168	1.22148
40	169	1.197
40	174	1.22236
40	177	0.694496
41	56	1.18572
41	125	1.23996
41	126	0.724213
41	134	1.22328
41	161	1.22344
41	163	0.696451
41	164	1.22276
41	165	0.689295
41	171	1.25462
41	173	1.2203
41	174	0.704064
41	175	1.23017
41	176	0.672455
41	180	0.709867
42	44	1.166
42	71	1.09582
42	101	1.16757
42	105	1.11756
42	126	1.16425
42	136	1.18636
42	140	0.712454
42	150	1.1757
42	151	0.79177
42	172	0.736073
42	173	0.762749
42	174	0.748594
42	177	0.748808
42	179	1.26952
42	180	1.15832
43	86	0.691693
43	106	0.75056
43	109	1.15759
43	118	1.14357
43	123	1.18953
43	127	1.16008
43	128	1.13376
43	131	1.14897
43	132	1.21546
43	146	0.788646
43	159	1.17448
43	161	0.759024
43	162	1.18036
43	165	0.745562
43	178	0.763679
44	29	0.74923
44	42	1.166
44	54	1.1092
44	68	1.17912
44	79	0.669203
44	105	1.1133
44	121	0.753943
44	126	1.15998
44	136	1.18209
44	150	1.17143
44	161	0.788507
44	163	0.7822
44	176	0.758205
44	179	1.26525
44	180	1.15405
45	56	0.823594
45	61	0.698299
45	85	1.10003
45	109	1.16686
45	117	0.776814
45	118	1.15284
45	123	1.1988
45	127	1.16936
45	128	1.14304
45	131	1.15824
45	132	1.22474
45	162	1.18964
45	176	0.738575
45	178	0.773532
45	179	0.692148
46	23	1.28621
46	27	1.14847
46	28	1.14465
46	52	0.808242
46	60	1.11453
46	66	1.07932
46	76	1.13598
46	82	0.800908
46	88	0.722832
46	103	1.15906
46	104	0.73629
46	113	1.21973
46	162	0.744016
46	176	1.21239
46	179	0.687628
47	11	0.724411
47	82	1.13191
47	100	1.24484
47	105	0.793302
47	110	1.25287
47	123	0.731295
47	142	1.13609
47	147	1.13043
47	152	0.743607
47	159	0.760237
47	161	1.13762
47	162	0.743128
47	172	1.15218
47	177	1.16126
47	178	1.15341
48	5	0.609826
48	71	0.833434
48	100	1.24539
48	128	0.77321
48	133	0.764356
48	139	1.19129
48	145	1.13893
48	157	1.15389
48	165	0.737593
48	169	0.777944
48	170	1.15963
48	171	1.16935
48	173	1.13503
48	175	1.1449
48	177	1.16181
49	37	0.656438
49	40	0.625751
49	73	0.831079
49	86	1.25773
49	95	1.17552
49	99	1.18994
49	143	0.742897
49	154	1.2159
49	160	0.667017
49	167	0.675276
49	170	1.22052
49	173	1.19593
49	177	1.22271
49	179	1.32142
50	16	1.14391
50	54	1.11594
50	56	0.792362
50	62	0.806261
50	68	1.18587
50	105	1.12004
50	111	0.749823
50	117	1.14498
50	126	1.16672
50	136	1.18884
50	162	0.717303
50	167	0.727037
50	176	0.707343
50	179	1.27199
50	180	1.1608
51	143	1.13503
51	146	1.15118
51	152	1.19142
51	156	0.735478
51	157	0.773817
51	160	1.20286
51	163	1.18145
51	164	0.771803
51	166	1.17074
51	168	1.16516
51	169	1.14068
51	170	0.743695
51	171	0.729221
51	174	1.16605
51	177	0.750072
52	46	0.808242
52	81	0.789013
52	102	0.826062
52	133	1.12427
52	143	1.09336
52	146	1.1095
52	147	0.809707
52	163	1.13978
52	165	1.13655
52	166	1.12907
52	167	1.12517
52	168	1.12349
52	169	1.09901
52	170	0.792136
52	171	0.777662
52	174	1.12438
53	3	0.679066
53	82	0.723446
53	84	0.671369
53	133	1.24336
53	152	1.26884
53	154	0.691396
53	158	0.735099
53	165	1.25564
53	166	1.24816
53	167	1.24426
53	168	1.24258
53	169	1.2181
53	174	1.24347
53	178	0.69155
53	179	0.610165
53	180	1.24004
54	38	1.15589
54	44	1.1092
54	50	1.11594
54	71	1.03902
54	95	0.829414
54	101	1.11077
54	126	1.10745
54	136	1.12956
54	142	0.793333
54	143	0.83282
54	150	1.1189
54	157	0.801074
54	159	0.772575
54	170	0.770952
54	179	1.21272
54	180	1.10152
55	64	0.694539
55	85	1.17846
55	100	0.631319
55	109	1.24529
55	118	1.23127
55	123	1.27723
55	127	1.24779
55	128	1.22147
55	131	1.23667
55	132	1.30317
55	148	0.698583
55	159	1.26218
55	170	0.693351
55	171	0.678877
55	178	0.702861
55	180	0.705316
56	29	1.18762
56	38	0.746237
56	41	1.18572
56	45	0.823594
56	50	0.792362
56	116	0.80555
56	151	0.852308
56	153	1.12501
56	157	1.10204
56	164	1.08564
56	170	1.10777
56	172	1.10088
56	175	1.09305
56	176	0.777522
56	177	1.10996
56	178	1.1021
57	18	0.832381
57	71	0.891919
57	92	0.799433
57	136	0.746096
57	143	1.08786
57	150	0.796823
57	151	1.10235
57	152	1.14425
57	160	1.1557
57	163	1.13428
57	165	1.13105
57	167	1.11967
57	168	1.11799
57	169	1.09352
57	174	1.11888
57	179	0.732811
58	85	1.17781
58	90	0.693258
58	93	0.698101
58	109	1.24464
58	117	0.69791
58	118	1.23062
58	123	1.27658
58	127	1.24713
58	128	1.22081
58	131	1.23602
58	132	1.30251
58	155	0.705333
58	162	1.26742
58	175	0.703171
58	177	0.691495
58	179	0.613244
59	29	1.20205
59	67	0.773588
59	97	0.777355
59	118	0.827372
59	119	1.11113
59	133	0.824782
59	157	1.11647
59	158	1.08683
59	168	0.811431
59	170	1.12221
59	172	1.11531
59	173	1.09761
59	175	1.10748
59	176	0.781179
59	177	1.12439
59	178	1.11654
60	12	0.786383
60	23	1.22475
60	27	1.08702
60	46	1.11453
60	66	1.01787
60	67	1.11847
60	76	1.07452
60	113	1.15827
60	129	1.12666
60	138	0.769024
60	140	1.12783
60	151	0.837558
60	158	0.841279
60	162	0.772733
60	176	1.15093
60	177	0.794596
61	32	0.643797
61	45	0.698299
61	135	0.662301
61	145	1.23024
61	151	0.727013
61	153	1.26818
61	154	0.687031
61	156	0.669458
61	164	1.22881
61	169	0.709418
61	170	1.25094
61	171	1.26067
61	173	1.22635
61	175	1.23621
61	177	1.25313
61	178	1.24527
62	23	0.695481
62	28	0.829807
62	50	0.806261
62	76	0.821997
62	85	0.886265
62	104	1.16444
62	130	1.13218
62	136	0.758278
62	155	1.10575
62	167	1.11166
62	168	1.10999
62	170	1.11774
62	171	1.12746
62	174	1.11087
62	175	1.10301
62	177	1.11992
63	14	0.976629
63	35	1.02681
63	78	0.802208
63	86	1.15999
63	113	1.17104
63	117	0.797241
63	120	0.801617
63	144	0.794966
63	155	0.804664
63	170	1.12278
63	171	1.13251
63	172	1.11589
63	175	1.10805
63	176	1.1637
63	179	1.22369
63	180	0.796414
64	55	0.694539
64	96	0.723782
64	115	0.721341
64	129	0.734844
64	139	1.23104
64	140	0.714607
64	147	1.17073
64	158	1.164
64	161	1.17792
64	171	1.2091
64	172	1.19248
64	173	1.17478
64	174	0.750747
64	175	1.18465
64	177	1.20156
64	178	1.1937
64	180	0.75655
65	26	1.29459
65	30	0.669153
65	84	1.19662
65	104	1.20649
65	106	1.20133
65	119	0.787808
65	123	0.710184
65	128	0.764514
65	129	0.727764
65	130	1.17423
65	135	1.19124
65	139	0.715841
65	140	1.1776
65	144	1.14253
65	154	1.15517
65	156	1.16224
65	160	0.723493
66	25	1.1935
66	28	1.04799
66	46	1.07932
66	60	1.01787
66	67	1.08327
66	72	0.960398
66	76	1.03931
66	79	0.745293
66	87	1.01476
66	88	0.823072
66	99	0.875241
66	113	1.12306
66	129	1.09145
66	140	1.09262
66	153	0.851261
66	162	0.844256
66	176	1.11572
67	23	1.29015
67	25	1.29411
67	28	1.1486
67	59	0.773588
67	60	1.11847
67	66	1.08327
67	76	1.13992
67	113	1.22367
67	129	1.19206
67	140	1.19323
67	147	0.72793
67	149	0.727225
67	150	0.702497
67	157	0.740481
67	163	0.708908
67	176	1.21633
67	180	0.722324
68	13	1.20537
68	40	0.682443
68	44	1.17912
68	50	1.18587
68	101	1.18069
68	105	1.13069
68	107	0.68873
68	126	1.17737
68	131	0.747745
68	136	1.19948
68	141	0.752941
68	150	1.18883
68	159	0.739343
68	160	0.723709
68	164	0.765829
68	179	1.28264
68	180	1.17144
69	87	0.793065
69	104	0.684788
69	109	0.725663
69	122	0.750725
69	128	0.73501
69	152	0.692993
69	153	1.21523
69	158	1.16262
69	164	1.17586
69	168	0.712806
69	170	1.19799
69	171	1.20772
69	172	1.1911
69	173	1.1734
69	175	1.18326
69	177	1.20018
69	178	1.19232
70	90	1.20122
70	108	1.20384
70	111	0.737496
70	133	0.738618
70	144	0.730979
70	155	0.740678
70	156	0.712246
70	157	1.19133
70	158	1.16169
70	162	0.704976
70	171	1.20679
70	172	1.19017
70	173	1.17247
70	175	1.18234
70	177	1.19925
70	178	1.19139
70	180	0.732428
71	16	1.06699
71	36	0.981877
71	42	1.09582
71	48	0.833434
71	54	1.03902
71	57	0.891919
71	103	0.841816
71	105	1.04312
71	126	1.0898
71	136	1.11191
71	137	1.09284
71	145	0.854644
71	147	0.848201
71	150	1.10125
71	159	0.832253
71	179	1.19507
71	180	1.08387
72	17	1.21181
72	30	0.775701
72	66	0.960398
72	79	1.17239
72	96	1.07717
72	99	1.02994
72	122	1.01801
72	134	0.856759
72	135	1.09197
72	138	0.824857
72	144	1.04327
72	154	1.05591
72	155	1.04853
72	161	0.848907
72	165	0.835444
72	176	1.10144
72	180	1.05023
73	20	0.76505
73	49	0.831079
73	133	1.07642
73	135	0.878073
73	136	0.834857
73	146	1.06165
73	151	1.06
73	152	1.10189
73	154	0.902804
73	160	1.11334
73	163	1.09192
73	165	1.08869
73	166	1.08122
73	167	1.07731
73	168	1.07564
73	172	0.887088
73	174	1.07652
74	12	1.21122
74	79	1.29108
74	84	1.21605
74	102	1.16298
74	111	1.17014
74	122	1.1367
74	138	0.719154
74	149	0.755215
74	153	0.729867
74	154	1.1746
74	155	1.16722
74	156	1.18167
74	159	1.18837
74	167	0.732597
74	175	0.756402
74	177	0.744726
74	179	0.666475
75	18	1.0924
75	78	0.783722
75	86	1.17857
75	105	0.80065
75	113	0.729451
75	117	0.778754
75	122	0.808686
75	127	1.13612
75	128	1.1098
75	130	0.754103
75	131	1.125
75	132	1.1915
75	170	1.14136
75	172	1.13446
75	173	1.11677
75	176	0.740515
75	178	1.13569
75	179	1.24226
76	9	0.718476
76	23	1.2462
76	25	1.25016
76	27	1.10847
76	28	1.10464
76	46	1.13598
76	60	1.07452
76	62	0.821997
76	66	1.03931
76	67	1.13992
76	82	0.789933
76	113	1.17972
76	129	1.14811
76	143	0.810395
76	162	0.73304
76	173	0.768844
76	176	1.17238
76	178	0.758037
77	1	0.739463
77	106	0.77568
77	135	0.763916
77	138	0.760095
77	139	0.757627
77	146	1.12324
77	151	1.12158
77	152	1.16348
77	158	0.832349
77	160	1.17492
77	163	1.15351
77	165	1.15028
77	166	1.1428
77	167	1.1389
77	169	1.11274
77	172	0.772931
77	174	1.13811
77	176	1.18589
78	63	0.802208
78	75	0.783722
78	84	1.18378
78	90	0.769296
78	92	1.13301
78	97	0.731885
78	102	1.13071
78	104	1.19365
78	118	0.781902
78	122	1.10443
78	144	1.12969
78	153	0.752674
78	154	1.14233
78	155	1.13495
78	156	1.1494
78	162	1.16199
78	175	0.779209
78	180	1.13665
79	4	1.29238
79	21	0.689448
79	44	0.669203
79	66	0.745293
79	72	1.17239
79	74	1.29108
79	91	1.25401
79	99	1.24824
79	102	1.26259
79	111	1.26975
79	116	0.631529
79	119	0.679252
79	143	0.690816
79	144	1.26156
79	155	1.26683
79	156	1.28128
79	157	0.65907
79	168	0.633753
80	30	0.724315
80	31	0.863475
80	81	0.789543
80	114	1.10125
80	136	0.734076
80	143	1.11557
80	150	0.784804
80	152	1.17195
80	160	1.1834
80	163	1.16198
80	165	1.15875
80	166	1.15128
80	167	1.14737
80	168	1.1457
80	169	1.12122
80	172	0.786307
80	174	1.14658
80	179	0.720792
81	52	0.789013
81	80	0.789543
81	100	1.23532
81	114	0.807319
81	119	1.13848
81	127	0.754701
81	135	0.7249
81	142	1.12657
81	149	1.14382
81	151	0.789613
81	157	1.14382
81	158	1.11418
81	159	0.741897
81	172	1.14266
81	173	1.12496
81	175	1.13483
81	177	1.15174
81	178	1.14388
82	46	0.800908
82	47	1.13191
82	53	0.723446
82	76	0.789933
82	113	0.748291
82	134	1.11817
82	140	0.754826
82	148	1.13484
82	153	1.15702
82	157	1.13405
82	163	0.783352
82	171	1.14951
82	172	1.13289
82	175	1.12506
82	177	1.14197
82	178	1.13412
82	179	1.24069
82	180	0.796768
83	7	0.898571
83	35	1.04707
83	86	1.18025
83	118	1.12129
83	119	0.787761
83	120	0.754625
83	127	1.1378
83	131	1.12669
83	132	1.19318
83	140	1.16085
83	156	0.72924
83	157	0.767579
83	161	0.742312
83	165	1.14834
83	169	1.11081
83	171	0.722983
83	174	1.13617
83	179	1.24394
84	6	0.725502
84	53	0.671369
84	65	1.19662
84	74	1.21605
84	78	1.18378
84	96	1.22044
84	99	1.17321
84	100	0.670694
84	103	0.743912
84	104	1.25049
84	116	0.735307
84	130	1.21823
84	146	0.767204
84	154	1.19917
84	155	1.1918
84	156	1.20624
84	172	0.726368
84	176	1.2447
84	179	0.660852
85	45	1.10003
85	55	1.17846
85	58	1.17781
85	62	0.886265
85	98	0.780334
85	109	1.08466
85	115	0.78955
85	118	1.07065
85	123	1.11661
85	127	1.08716
85	128	1.06084
85	131	1.07604
85	132	1.14254
85	157	0.842916
85	159	1.10155
85	162	1.10744
85	173	0.833112
85	175	0.830847
85	179	0.74092
86	14	1.05801
86	18	1.15521
86	19	1.33755
86	20	1.3377
86	24	0.733891
86	35	1.10819
86	43	0.691693
86	49	1.25773
86	63	1.15999
86	75	1.17857
86	83	1.18025
86	106	0.677311
86	114	0.747966
86	140	1.22198
86	149	0.697787
86	157	0.711043
86	158	0.733981
86	164	0.709029
86	179	1.30507
87	27	1.08392
87	40	0.773184
87	66	1.01476
87	69	0.793065
87	104	1.15361
87	111	1.09784
87	113	1.15517
87	115	0.805217
87	123	1.13112
87	128	1.07536
87	131	1.09056
87	132	1.15706
87	148	0.833694
87	154	1.1023
87	155	1.09492
87	166	0.823689
87	167	0.822709
87	173	0.848778
87	176	1.14783
88	17	0.605273
88	46	0.722832
88	66	0.823072
88	125	1.20775
88	130	0.694867
88	144	0.717244
88	145	1.19198
88	147	1.18404
88	148	1.20774
88	149	1.20695
88	158	1.17731
88	161	1.19123
88	166	0.701954
88	174	0.712888
88	175	1.19796
88	177	1.21487
88	178	1.20701
88	179	1.31359
88	180	0.718692
89	39	0.774482
89	107	0.777575
89	143	1.07729
89	144	0.837083
89	146	1.09343
89	151	1.09178
89	152	1.13367
89	160	1.14512
89	161	0.831421
89	163	1.1237
89	165	1.12047
89	166	1.113
89	167	1.1091
89	168	1.10742
89	169	1.08294
89	170	0.826566
89	172	0.820207
89	174	1.1083
89	178	0.836076
90	58	0.693258
90	70	1.20122
90	78	0.769296
90	128	0.778547
90	130	0.739678
90	133	0.769693
90	141	1.17536
90	142	1.14812
90	148	1.16617
90	150	1.1782
90	158	1.13574
90	161	1.14966
90	168	0.756342
90	170	1.17111
90	171	1.18084
90	172	1.16421
90	175	1.15638
90	176	0.72609
90	177	1.17329
90	180	0.763502
91	13	0.704548
91	35	0.833068
91	79	1.25401
91	96	1.15879
91	104	1.18885
91	106	1.18369
91	111	1.13307
91	130	1.15659
91	133	0.753193
91	134	0.747744
91	135	1.1736
91	151	0.784376
91	154	1.13753
91	155	1.13016
91	156	1.1446
91	158	0.788097
91	162	1.15719
91	172	0.728678
91	176	1.18306
91	179	0.663163
92	17	1.30431
92	57	0.799433
92	78	1.13301
92	102	1.13679
92	104	1.19973
92	114	0.80519
92	118	0.75889
92	120	1.13534
92	134	0.750852
92	135	1.18448
92	140	1.17084
92	144	1.13577
92	155	1.14103
92	156	1.15548
92	159	1.16218
92	161	0.743
92	171	0.723671
92	175	0.756198
92	179	0.66627
92	180	1.14273
93	8	0.743557
93	58	0.698101
93	104	0.733168
93	105	0.791068
93	121	0.726671
93	145	0.780394
93	146	1.14948
93	149	0.773246
93	151	1.14783
93	152	1.18972
93	160	1.20117
93	163	1.17975
93	165	1.17652
93	166	1.16905
93	167	1.16514
93	168	1.16347
93	169	1.13899
93	170	0.75638
93	174	1.16435
93	180	1.16093
94	20	0.632583
94	120	0.778148
94	124	0.756239
94	131	0.771004
94	138	1.18589
94	141	1.18002
94	142	1.15278
94	146	0.795457
94	148	1.17083
94	157	1.17003
94	158	1.1404
94	161	1.15432
94	164	1.15363
94	165	0.752372
94	170	1.17577
94	172	1.16887
94	176	0.735533
94	177	1.17795
94	178	1.1701
94	180	0.772945
95	34	1.18365
95	49	1.17552
95	54	0.829414
95	102	1.10572
95	108	0.800689
95	111	1.11288
95	120	1.10427
95	123	0.774539
95	130	1.13639
95	135	1.1534
95	144	1.1047
95	154	1.11734
95	155	1.10996
95	156	1.12441
95	160	0.787848
95	167	0.796106
95	171	0.787385
95	172	0.7955
95	176	1.16287
95	179	0.729985
95	180	1.11166
96	4	1.19717
96	26	1.3184
96	64	0.723782
96	72	1.07717
96	84	1.22044
96	91	1.15879
96	109	0.740256
96	122	1.14109
96	130	1.19805
96	135	1.21505
96	139	0.700931
96	143	0.784463
96	144	1.16635
96	154	1.17899
96	155	1.17161
96	156	1.18606
96	157	0.752716
96	166	0.717822
96	171	0.70812
96	173	0.742911
96	174	0.728756
96	180	1.17331
97	59	0.777355
97	78	0.731885
97	116	1.2071
97	133	1.18228
97	137	0.718599
97	146	1.16751
97	150	0.706264
97	151	1.16586
97	158	0.767186
97	160	1.2192
97	163	1.19778
97	164	0.742235
97	165	1.19455
97	166	1.18708
97	167	1.18318
97	168	1.1815
97	169	1.15702
97	172	0.707767
97	174	1.18238
97	175	0.732179
97	178	0.723636
97	180	1.17896
98	8	0.698113
98	85	0.780334
98	112	1.2007
98	120	0.728104
98	126	0.737247
98	142	1.17135
98	149	1.1886
98	151	0.760275
98	153	1.21157
98	158	1.15897
98	161	1.17288
98	163	0.709485
98	164	1.1722
98	169	0.74268
98	170	1.19434
98	171	1.20406
98	172	1.18744
98	173	1.16975
98	174	0.717098
98	175	1.17961
98	178	1.18867
98	180	0.722901
99	1	1.18001
99	49	1.18994
99	66	0.875241
99	72	1.02994
99	79	1.24824
99	84	1.17321
99	106	1.17792
99	113	0.722383
99	135	1.16783
99	144	1.11912
99	150	1.14347
99	154	1.13176
99	155	1.12439
99	156	1.13883
99	158	0.811955
99	162	1.15142
99	166	0.754123
99	171	0.744421
99	172	0.752536
99	173	0.779212
99	175	0.776948
99	179	0.687021
99	180	1.12609
100	36	0.797488
100	47	1.24484
100	48	1.24539
100	55	0.631319
100	81	1.23532
100	84	0.670694
100	105	0.716052
100	119	1.24165
100	138	1.26284
100	145	1.23202
100	152	0.666357
100	155	0.70158
100	156	0.673148
100	158	1.21735
100	161	1.23127
100	162	0.665878
100	163	0.679913
100	164	1.23059
100	172	1.24583
100	173	1.22813
100	175	1.23799
100	178	1.24705
100	180	0.69333
101	7	1.04051
101	13	1.18955
101	16	1.13874
101	28	0.781446
101	36	1.05363
101	42	1.16757
101	54	1.11077
101	68	1.18069
101	105	1.11487
101	126	1.16155
101	129	0.758766
101	136	1.18366
101	137	1.16459
101	138	0.749312
101	150	1.173
101	153	0.760025
101	154	0.777864
101	163	0.767055
101	174	0.774669
101	175	0.78656
101	176	0.74306
101	179	1.26682
101	180	1.15562
102	25	0.678358
102	52	0.826062
102	74	1.16298
102	78	1.13071
102	79	1.26259
102	92	1.13679
102	95	1.10572
102	111	1.14165
102	117	1.12461
102	121	0.747613
102	122	1.10821
102	130	1.16517
102	136	0.718732
102	140	1.16854
102	142	0.799704
102	144	1.13347
102	154	1.14611
102	156	1.15318
102	159	1.15988
102	164	0.805431
102	171	0.762848
102	172	0.770963
102	175	0.795375
103	16	0.777284
103	27	1.13155
103	28	1.12773
103	46	1.15906
103	71	0.841816
103	84	0.743912
103	106	0.750973
103	111	0.771616
103	113	1.2028
103	126	0.780893
103	132	0.72004
103	142	1.13156
103	144	0.765099
103	156	0.746366
103	167	1.14847
103	168	1.14679
103	169	1.12231
103	171	1.16427
103	172	1.14765
103	173	1.12995
103	174	1.14768
103	176	1.19546
103	178	1.14887
104	46	0.73629
104	62	1.16444
104	65	1.20649
104	69	0.684788
104	78	1.19365
104	84	1.25049
104	87	1.15361
104	91	1.18885
104	92	1.19973
104	93	0.733168
104	120	1.19598
104	122	1.17114
104	130	1.2281
104	149	0.737051
104	150	1.22075
104	154	1.20904
104	156	1.21611
104	166	0.715413
104	169	0.751928
104	174	0.726347
104	175	0.738237
104	178	0.729695
104	179	0.64831
104	180	1.20337
105	13	1.13955
105	14	0.927692
105	16	1.08873
105	38	1.15999
105	42	1.11756
105	44	1.1133
105	47	0.793302
105	50	1.12004
105	68	1.13069
105	71	1.04312
105	75	0.80065
105	93	0.791068
105	100	0.716052
105	101	1.11487
105	117	1.0898
105	126	1.11154
105	133	0.79624
105	136	1.13366
105	137	1.11459
105	161	0.782939
105	173	0.798402
105	175	0.796137
105	179	1.21681
105	180	1.10562
106	25	0.640823
106	40	0.68451
106	43	0.75056
106	65	1.20133
106	77	0.77568
106	86	0.677311
106	91	1.18369
106	99	1.17792
106	103	0.750973
106	117	1.18239
106	120	1.19082
106	122	1.16598
106	124	1.23581
106	135	1.23995
106	137	1.20718
106	144	1.19125
106	154	1.20388
106	155	1.19651
106	162	1.22355
106	173	0.760104
106	177	0.746164
106	178	0.749297
106	179	0.667913
106	180	1.19821
107	36	0.810529
107	68	0.68873
107	89	0.777575
107	114	0.761451
107	123	0.667086
107	134	1.17817
107	139	1.23146
107	142	1.1768
107	145	1.17909
107	146	0.728883
107	149	1.19405
107	153	1.21703
107	158	1.16442
107	159	0.696029
107	164	1.17765
107	166	0.689634
107	170	1.19979
107	171	1.20951
107	172	1.19289
107	175	1.18506
107	176	0.668959
107	178	1.19412
107	179	1.30069
107	180	0.706371
108	1	0.7024
108	37	0.717636
108	70	1.20384
108	95	0.800689
108	117	0.755019
108	133	0.760382
108	143	0.804095
108	145	1.15303
108	147	1.14508
108	148	1.16878
108	149	1.16799
108	153	1.19096
108	157	1.16799
108	158	1.13836
108	160	0.728215
108	161	1.15228
108	164	1.15159
108	167	0.736474
108	169	0.77397
108	170	1.17373
108	171	1.18345
108	175	1.159
108	176	0.71678
108	177	1.17591
108	178	1.16806
109	21	1.13019
109	43	1.15759
109	45	1.16686
109	55	1.24529
109	58	1.24464
109	69	0.725663
109	85	1.08466
109	96	0.740256
109	112	0.777874
109	118	1.13747
109	123	1.18343
109	127	1.15399
109	128	1.12767
109	129	1.17587
109	131	1.14287
109	132	1.20937
109	137	0.765532
109	149	0.777925
109	152	0.746052
109	159	1.16838
109	162	1.17427
109	175	0.779112
109	176	0.735612
109	177	0.767436
109	179	0.689185
110	4	0.653678
110	47	1.25287
110	113	0.653905
110	124	0.685676
110	125	1.25582
110	126	0.716728
110	134	1.23914
110	147	1.2321
110	148	1.25581
110	149	1.25502
110	159	0.69204
110	161	1.2393
110	162	0.674931
110	163	0.688966
110	164	1.23862
110	165	0.68181
110	167	0.684664
110	168	0.695222
110	170	1.26075
110	171	1.27048
110	173	1.23616
110	175	1.24602
110	176	0.66497
110	177	1.26294
110	178	1.25508
111	4	1.17145
111	17	1.30917
111	50	0.749823
111	70	0.737496
111	74	1.17014
111	79	1.26975
111	87	1.09784
111	91	1.13307
111	95	1.11288
111	102	1.14165
111	103	0.771616
111	120	1.1402
111	130	1.17232
111	132	0.725888
111	135	1.18933
111	136	0.70184
111	142	0.782812
111	144	1.14063
111	155	1.14589
111	156	1.16034
111	163	0.758979
111	170	0.76043
111	171	0.745956
111	177	0.766807
111	180	1.14759
112	26	0.649295
112	98	1.2007
112	109	0.777874
112	121	1.2109
112	131	0.770236
112	134	1.1517
112	144	0.770729
112	145	1.15262
112	147	1.14467
112	148	1.16838
112	152	0.745204
112	157	1.16758
112	158	1.13795
112	159	0.761834
112	160	0.7462
112	164	1.15118
112	165	0.751604
112	166	0.75544
112	168	0.765017
112	170	1.17332
112	171	1.18304
112	172	1.16642
112	173	1.14873
112	177	1.1755
112	178	1.16765
113	23	1.32995
113	25	1.3339
113	27	1.19221
113	28	1.18839
113	46	1.21973
113	60	1.15827
113	63	1.17104
113	66	1.12306
113	67	1.22367
113	75	0.729451
113	76	1.17972
113	82	0.748291
113	87	1.15517
113	99	0.722383
113	103	1.2028
113	110	0.653905
113	129	1.23186
113	130	0.695026
113	134	0.719593
113	139	0.685222
113	140	1.23302
113	141	0.722105
113	150	0.699023
113	159	0.708508
113	176	1.25613
113	180	0.71885
114	31	0.88125
114	80	1.10125
114	81	0.807319
114	86	0.747966
114	92	0.80519
114	107	0.761451
114	115	1.13436
114	125	0.819485
114	130	0.798582
114	133	1.10778
114	143	1.07687
114	146	1.09301
114	151	1.09136
114	152	1.13325
114	156	0.802225
114	157	0.840563
114	160	1.1447
114	163	1.12328
114	164	0.83855
114	165	1.12005
114	166	1.11258
114	167	1.10868
114	168	1.107
114	169	1.08252
114	174	1.10788
114	176	1.15567
114	180	1.10446
115	27	0.756819
115	64	0.721341
115	85	0.78955
115	87	0.805217
115	114	1.13436
115	116	1.20441
115	132	0.68561
115	137	0.724626
115	139	0.69849
115	143	1.14867
115	144	0.73067
115	146	1.16482
115	148	0.725385
115	151	1.16317
115	152	1.20506
115	155	0.740368
115	160	1.21651
115	161	0.725008
115	163	1.19509
115	165	1.19186
115	166	1.18439
115	167	1.18048
115	168	1.17881
115	169	1.15433
115	174	1.17969
115	176	1.22748
115	180	1.17627
116	56	0.80555
116	79	0.631529
116	84	0.735307
116	97	1.2071
116	115	1.20441
116	133	1.17783
116	137	0.750451
116	143	1.14692
116	145	0.769991
116	146	1.16307
116	148	0.75121
116	151	1.16142
116	152	1.20331
116	153	0.737496
116	160	1.21476
116	163	1.19334
116	165	1.19011
116	166	1.18263
116	167	1.17873
116	168	1.17705
116	169	1.15258
116	170	0.745978
116	172	0.739619
116	173	0.766295
116	174	1.17794
116	179	0.674103
116	180	1.17452
117	17	1.29213
117	45	0.776814
117	50	1.14498
117	58	0.69791
117	63	0.797241
117	75	0.778754
117	102	1.12461
117	105	1.0898
117	106	1.18239
117	108	0.755019
117	120	1.12316
117	126	1.13648
117	136	1.15859
117	139	0.734526
117	142	0.77857
117	149	0.773055
117	153	0.747707
117	155	1.12885
117	156	1.1433
117	158	0.809249
117	160	1.17079
117	163	1.14937
117	165	1.14614
117	169	1.10861
117	170	0.756189
117	174	1.13397
117	179	1.24175
117	180	1.13055
118	21	1.11618
118	43	1.14357
118	45	1.15284
118	55	1.23127
118	58	1.23062
118	59	0.827372
118	78	0.781902
118	83	1.12129
118	85	1.07065
118	92	0.75889
118	109	1.13747
118	122	0.806866
118	123	1.16942
118	124	1.17251
118	127	1.13997
118	128	1.11365
118	129	1.16185
118	131	1.12885
118	132	1.19535
118	139	0.74248
118	140	0.734165
118	153	0.755661
118	159	1.15437
118	161	0.768997
118	162	1.16025
118	172	0.757784
118	179	0.692268
118	180	0.776108
119	10	1.19485
119	23	0.672315
119	34	0.743272
119	59	1.11113
119	65	0.787808
119	79	0.679252
119	81	1.13848
119	83	0.787761
119	100	1.24165
119	123	0.766381
119	130	0.781841
119	131	0.803725
119	134	1.13426
119	141	1.16013
119	147	1.12723
119	148	1.15094
119	153	1.17312
119	157	1.15014
119	158	1.12051
119	159	0.795324
119	161	1.13443
119	162	0.778214
119	164	1.13375
119	170	1.15588
119	171	1.16561
119	174	0.799863
119	177	1.15806
119	178	1.15021
120	1	1.1929
120	8	1.17085
120	63	0.801617
120	83	0.754625
120	92	1.13534
120	94	0.778148
120	95	1.10427
120	98	0.728104
120	104	1.19598
120	106	1.19082
120	111	1.1402
120	117	1.12316
120	134	0.773272
120	135	1.18072
120	136	0.701975
120	137	1.14795
120	144	1.13202
120	145	0.784578
120	150	1.15637
120	152	0.745557
120	154	1.14466
120	155	1.13728
120	156	1.15173
120	159	1.15843
120	169	0.792308
120	170	0.760565
120	173	0.780882
120	180	1.13898
121	31	1.12957
121	44	0.753943
121	93	0.726671
121	102	0.747613
121	112	1.2109
121	122	0.756412
121	139	1.2362
121	141	1.20878
121	144	0.724205
121	147	1.17588
121	149	1.1988
121	153	1.22177
121	157	1.1988
121	158	1.16916
121	159	0.715311
121	161	1.18308
121	163	0.712236
121	164	1.1824
121	165	0.70508
121	168	0.718493
121	170	1.20453
121	171	1.21426
121	172	1.19764
121	173	1.17994
121	174	0.71985
121	175	1.18981
121	176	0.688241
121	178	1.19886
121	180	0.725653
122	69	0.750725
122	72	1.01801
122	74	1.1367
122	75	0.808686
122	78	1.10443
122	96	1.14109
122	102	1.10821
122	104	1.17114
122	106	1.16598
122	118	0.806866
122	121	0.756412
122	130	1.13888
122	135	1.15589
122	140	1.14225
122	144	1.10718
122	146	0.820598
122	154	1.11982
122	155	1.11245
122	156	1.1269
122	159	1.1336
122	161	0.790976
122	162	1.13948
122	163	0.784669
122	169	0.817865
122	170	0.786121
122	171	0.771647
122	173	0.806438
122	176	1.16536
122	180	1.11415
123	21	1.16214
123	31	0.786886
123	37	0.691486
123	43	1.18953
123	45	1.1988
123	47	0.731295
123	55	1.27723
123	58	1.27658
123	65	0.710184
123	85	1.11661
123	87	1.13112
123	95	0.774539
123	107	0.667086
123	109	1.18343
123	118	1.16942
123	119	0.766381
123	124	1.21847
123	127	1.18593
123	128	1.15961
123	129	1.20781
123	131	1.17481
123	132	1.24131
123	139	0.694414
123	140	0.686099
123	159	1.20033
123	162	1.20621
123	164	0.744185
123	170	0.716077
123	175	0.73413
124	22	0.782315
124	25	0.639692
124	94	0.756239
124	106	1.23581
124	110	0.685676
124	118	1.17251
124	123	1.21847
124	127	1.18902
124	128	1.1627
124	130	1.2087
124	131	1.17791
124	132	1.2444
124	138	0.719461
124	144	1.177
124	147	0.756227
124	148	0.743888
124	149	0.755522
124	154	1.18964
124	155	1.18227
124	156	1.19672
124	160	1.22421
124	166	1.19209
124	167	1.18819
124	169	1.16203
124	171	0.724182
124	172	0.732297
124	174	1.18739
124	177	0.745033
124	179	0.666782
125	10	1.20099
125	20	0.624043
125	41	1.23996
125	88	1.20775
125	110	1.25582
125	114	0.819485
125	127	0.766867
125	130	0.74058
125	134	1.1404
125	140	0.722462
125	142	1.13903
125	145	1.14132
125	146	0.786917
125	153	1.17926
125	154	0.761797
125	157	1.15628
125	158	1.12665
125	160	0.738428
125	161	1.14057
125	164	1.13989
125	168	0.757245
125	169	0.784184
125	171	1.17175
125	172	1.15513
125	173	1.13743
125	175	1.14729
125	176	0.726993
125	177	1.16421
125	178	1.15635
125	180	0.764405
126	5	1.38968
126	13	1.18623
126	16	1.13542
126	29	0.735286
126	30	0.701357
126	36	1.0503
126	38	1.20667
126	41	0.724213
126	42	1.16425
126	44	1.15998
126	50	1.16672
126	54	1.10745
126	68	1.17737
126	71	1.0898
126	98	0.737247
126	101	1.16155
126	103	0.780893
126	105	1.11154
126	110	0.716728
126	117	1.13648
126	133	0.787863
126	136	1.18034
126	137	1.16127
126	138	0.750513
126	144	0.780225
126	162	0.754221
126	163	0.768256
126	165	0.7611
126	179	1.26349
126	180	1.1523
127	21	1.13269
127	25	0.65886
127	43	1.16008
127	45	1.16936
127	55	1.24779
127	58	1.24713
127	75	1.13612
127	81	0.754701
127	83	1.1378
127	85	1.08716
127	109	1.15399
127	118	1.13997
127	123	1.18593
127	124	1.18902
127	125	0.766867
127	128	1.13016
127	129	1.17836
127	131	1.14536
127	132	1.21186
127	140	0.727846
127	150	0.749961
127	153	0.749342
127	157	0.787945
127	159	1.17088
127	162	1.17676
127	167	0.752071
127	169	0.789567
127	171	0.74335
127	172	0.751465
127	180	0.769789
128	21	1.10637
128	39	1.1827
128	43	1.13376
128	45	1.14304
128	48	0.77321
128	55	1.22147
128	58	1.22081
128	65	0.764514
128	69	0.73501
128	75	1.1098
128	85	1.06084
128	87	1.07536
128	90	0.778547
128	109	1.12767
128	118	1.11365
128	123	1.15961
128	124	1.1627
128	127	1.13016
128	129	1.15204
128	131	1.11905
128	132	1.18554
128	147	0.787978
128	150	0.762544
128	158	0.823466
128	159	1.14456
128	162	1.15044
128	164	0.798515
128	168	0.775212
128	176	0.744959
128	177	0.776783
128	180	0.782372
129	60	1.12666
129	64	0.734844
129	65	0.727764
129	66	1.09145
129	67	1.19206
129	76	1.14811
129	101	0.758766
129	109	1.17587
129	113	1.23186
129	118	1.16185
129	123	1.20781
129	127	1.17836
129	128	1.15204
129	131	1.16725
129	132	1.23375
129	134	0.746364
129	144	0.744173
129	148	0.738889
129	152	1.2021
129	154	0.743013
129	160	1.21355
129	164	0.761765
129	165	1.1889
129	166	1.18143
129	169	1.15137
129	173	0.753973
129	174	1.17673
129	175	0.751709
129	176	1.22452
129	177	0.740033
129	178	0.743166
129	179	0.661782
130	62	1.13218
130	65	1.17423
130	75	0.754103
130	84	1.21823
130	88	0.694867
130	90	0.739678
130	91	1.15659
130	95	1.13639
130	96	1.19805
130	102	1.16517
130	104	1.2281
130	111	1.17232
130	113	0.695026
130	114	0.798582
130	119	0.781841
130	122	1.13888
130	124	1.2087
130	125	0.74058
130	144	1.16414
130	148	0.73677
130	149	0.748404
130	150	1.18849
130	152	0.71653
130	154	1.17678
130	155	1.16941
130	156	1.18385
130	162	1.19644
130	165	0.72293
130	170	0.731537
130	176	1.22231
130	178	0.741047
130	180	1.17111
131	12	0.751585
131	21	1.12157
131	39	1.1979
131	43	1.14897
131	45	1.15824
131	55	1.23667
131	58	1.23602
131	68	0.747745
131	75	1.125
131	83	1.12669
131	85	1.07604
131	87	1.09056
131	94	0.771004
131	109	1.14287
131	112	0.770236
131	118	1.12885
131	119	0.803725
131	123	1.17481
131	124	1.17791
131	127	1.14536
131	128	1.11905
131	129	1.16725
131	132	1.20075
131	145	0.777435
131	147	0.770992
131	150	0.745559
131	159	1.15976
131	160	0.73941
131	162	1.16565
131	171	0.738947
131	177	0.759798
131	178	0.762931
131	180	0.765386
132	2	0.881538
132	5	0.57248
132	21	1.18807
132	29	0.674432
132	43	1.21546
132	45	1.22474
132	55	1.30317
132	58	1.30251
132	75	1.1915
132	83	1.19318
132	85	1.14254
132	87	1.15706
132	103	0.72004
132	109	1.20937
132	111	0.725888
132	115	0.68561
132	118	1.19535
132	123	1.24131
132	124	1.2444
132	127	1.21186
132	128	1.18554
132	129	1.23375
132	131	1.20075
132	141	0.724074
132	156	0.700638
132	159	1.22626
132	162	1.23215
132	166	0.704082
132	167	0.703102
132	173	0.729171
132	175	0.726907
132	178	0.718364
132	179	0.63698
133	23	0.640166
133	48	0.764356
133	52	1.12427
133	53	1.24336
133	59	0.824782
133	70	0.738618
133	73	1.07642
133	90	0.769693
133	91	0.753193
133	97	1.18228
133	105	0.79624
133	108	0.760382
133	114	1.10778
133	116	1.17783
133	126	0.787863
133	142	0.783934
133	143	1.1221
133	146	1.13824
133	151	1.13659
133	152	1.17848
133	155	0.781768
133	156	0.753336
133	160	1.18993
133	163	1.16851
133	165	1.16528
133	166	1.15781
133	167	1.15391
133	168	1.15223
133	169	1.12775
133	171	0.747079
133	174	1.15311
133	176	1.2009
133	180	1.14969
134	1	0.716277
134	41	1.22328
134	72	0.856759
134	82	1.11817
134	91	0.747744
134	92	0.750852
134	107	1.17817
134	110	1.23914
134	112	1.1517
134	113	0.719593
134	119	1.13426
134	120	0.773272
134	125	1.1404
134	129	0.746364
134	147	1.11669
134	148	1.1404
134	149	1.1396
134	151	0.805443
134	153	1.16258
134	155	0.77632
134	156	0.747888
134	157	1.1396
134	159	0.757727
134	164	1.1232
134	165	0.747497
134	166	0.751332
134	170	1.14534
134	171	1.15506
134	172	1.13844
134	173	1.12075
134	177	1.14752
134	178	1.13967
134	179	1.24624
135	4	1.21197
135	8	1.21998
135	15	0.636021
135	61	0.662301
135	65	1.19124
135	72	1.09197
135	73	0.878073
135	77	0.763916
135	81	0.7249
135	91	1.1736
135	92	1.18448
135	95	1.1534
135	96	1.21505
135	99	1.16783
135	106	1.23995
135	111	1.18933
135	120	1.18072
135	122	1.15589
135	140	1.21622
135	141	0.743243
135	144	1.18115
135	148	0.733256
135	149	0.744889
135	155	1.18641
135	156	1.20086
135	162	1.21345
135	165	0.719416
135	170	0.728023
135	174	0.734185
135	175	0.746076
135	176	1.23932
135	177	0.7344
135	179	0.656149
135	180	1.18812
136	5	1.41179
136	13	1.20834
136	16	1.15753
136	22	0.728466
136	29	0.650385
136	36	1.07242
136	38	1.22878
136	39	1.232
136	42	1.18636
136	44	1.18209
136	50	1.18884
136	54	1.12956
136	57	0.746096
136	62	0.758278
136	68	1.19948
136	71	1.11191
136	73	0.834857
136	80	0.734076
136	101	1.18366
136	102	0.718732
136	105	1.13366
136	111	0.70184
136	117	1.15859
136	120	0.701975
136	126	1.18034
136	137	1.18338
136	143	0.746676
136	150	1.19179
136	151	0.734146
136	158	0.737867
136	173	0.705124
136	175	0.70286
136	179	1.28561
136	180	1.17441
137	6	0.740645
137	20	0.619473
137	24	0.80084
137	27	0.784537
137	34	1.22733
137	71	1.09284
137	97	0.718599
137	101	1.16459
137	105	1.11459
137	106	1.20718
137	109	0.765532
137	115	0.724626
137	116	0.750451
137	120	1.14795
137	126	1.16127
137	136	1.18338
137	143	0.809739
137	146	0.782347
137	153	1.18287
137	155	1.15364
