1	14	1.08031
1	29	0.891627
1	44	1.11819
1	54	1.12323
1	58	1.27948
1	79	1.20278
1	97	1.0072
1	154	1.04916
1	167	1.09991
1	172	1.3429
1	178	0.931467
1	180	0.854981
2	64	0.993624
2	109	1.01081
2	114	1.14142
2	134	1.20654
2	140	0.988938
2	146	0.979552
2	151	1.05606
2	160	1.05573
2	164	1.41322
2	169	1.04409
2	170	1.0346
2	179	1.03522
3	5	1.12402
3	16	0.797387
3	22	1.02375
3	23	1.04237
3	76	1.04869
3	89	1.10889
3	113	0.807516
3	119	1.03995
3	140	0.930944
3	142	1.27668
3	159	1.39637
3	164	1.35522
4	79	0.920361
4	100	1.05259
4	115	1.32601
4	135	1.02546
4	137	1.1687
4	149	1.04067
4	150	1.29305
4	155	1.02047
4	156	1.02325
4	163	1.03414
4	171	1.03242
4	179	1.02127
5	3	1.12402
5	22	0.998678
5	23	1.0173
5	33	1.01405
5	76	1.02363
5	89	1.08382
5	109	0.893707
5	120	0.93358
5	154	1.08428
5	162	1.17737
5	165	1.05782
5	180	1.56202
6	12	1.0628
6	32	1.00057
6	62	1.04829
6	63	1.06134
6	66	1.41786
6	69	1.00109
6	93	1.00169
6	118	0.782255
6	148	1.02475
6	161	1.22024
6	177	1.16137
6	178	1.1948
7	15	0.726489
7	20	0.776328
7	28	0.730242
7	42	0.920487
7	89	0.668037
7	105	1.00509
7	138	1.08203
7	146	1.04324
7	168	0.962905
7	170	1.09829
7	179	1.09891
7	180	0.910646
8	27	0.570905
8	30	1.10795
8	34	1.10801
8	39	0.827663
8	53	1.13352
8	65	1.11626
8	71	1.11607
8	112	0.751231
8	113	2.10294
8	168	1.11207
8	178	1.01946
9	49	0.910032
9	67	0.664565
9	106	0.899159
9	143	0.944258
9	161	1.03715
9	165	1.09609
9	167	1.0851
9	168	1.02984
9	169	0.718052
9	171	0.647111
9	176	0.963952
9	177	1.04296
10	21	1.13766
10	29	0.923033
10	42	0.98799
10	44	1.14959
10	54	1.15464
10	78	0.544878
10	103	1.43601
10	113	2.02184
10	132	0.674831
10	172	1.11298
10	178	0.962873
10	180	0.886387
11	96	1.01444
11	120	0.896879
11	122	1.06409
11	149	0.952539
11	154	0.952667
11	167	0.940995
11	168	0.885732
11	170	0.977195
11	175	0.790554
11	176	0.819847
11	177	0.89885
11	179	1.04264
12	6	1.0628
12	48	1.03729
12	52	1.04228
12	62	1.0439
12	69	0.996697
12	70	1.00324
12	104	0.951407
12	127	1.31539
12	136	0.964757
12	141	0.980461
12	148	1.02036
12	180	1.5715
13	15	1.05795
13	32	0.997868
13	48	1.03898
13	62	1.04559
13	63	1.05864
13	69	0.998387
13	70	1.00493
13	112	0.819637
13	113	2.17135
13	136	0.839749
13	140	0.756311
13	168	1.18048
14	1	1.08031
14	21	1.118
14	42	0.968334
14	54	1.13498
14	74	1.08971
14	108	0.717625
14	120	1.33739
14	144	1.51244
14	162	1.07491
14	177	1.15416
14	178	0.943217
14	180	0.866731
15	7	0.726489
15	13	1.05795
15	52	1.04013
15	59	1.03458
15	62	1.04175
15	63	1.0548
15	69	0.994547
15	70	1.00109
15	98	0.929966
15	127	1.43442
15	148	1.01821
15	159	1.46577
16	3	0.797387
16	49	0.942904
16	68	0.808393
16	112	1.13821
16	122	0.797217
16	137	1.11902
16	149	0.685664
16	165	1.05266
16	168	0.986408
16	172	0.971722
16	177	0.999526
16	180	0.934149
17	47	1.11516
17	50	1.09902
17	57	1.09475
17	58	1.25846
17	61	1.11776
17	80	0.88437
17	100	0.715225
17	103	0.864434
17	143	0.855696
17	148	1.05947
17	161	1.25933
17	176	1.66473
18	84	0.852407
18	89	1.13698
18	105	1.01777
18	113	0.835603
18	146	1.05592
18	147	1.08006
18	168	1.29421
18	169	1.12047
18	177	1.25481
18	178	1.28825
18	179	1.11159
18	180	0.923329
19	65	1.34834
19	96	0.856611
19	109	0.901091
19	142	0.794594
19	149	1.45472
19	150	0.837368
19	152	1.42221
19	157	0.876193
19	159	0.738485
19	164	0.745349
19	172	0.713212
19	177	0.741017
20	7	0.776328
20	30	1.05584
20	34	1.0559
20	53	1.08141
20	65	1.06415
20	71	1.06396
20	101	0.880213
20	118	1.05584
20	132	1.11822
20	144	0.913356
20	178	0.967354
20	180	1.74036
21	10	1.13766
21	14	1.118
21	29	0.929316
21	42	0.994272
21	54	1.16092
21	66	1.33772
21	147	0.90648
21	162	1.00199
21	174	0.997419
21	176	1.5455
21	178	0.969155
21	180	0.892669
22	3	1.02375
22	5	0.998678
22	28	1.13418
22	59	0.927541
22	76	0.923354
22	80	0.961976
22	89	0.983551
22	108	0.989658
22	119	0.914613
22	120	0.833309
22	142	1.23903
22	143	1.99377
22	158	1.07383
23	3	1.04237
23	5	1.0173
23	28	1.15281
23	33	0.932407
23	76	0.941978
23	86	0.73248
23	89	1.00218
23	103	1.54264
23	108	1.00828
23	113	0.700802
23	143	1.8139
23	167	0.976633
23	168	1.13761
24	87	1.27597
24	90	1.26975
24	101	1.11464
24	107	1.33564
24	121	1.16045
24	122	1.02912
24	123	0.934856
24	145	0.973008
24	160	0.984358
24	170	0.963225
24	171	0.974994
24	173	0.976566
24	179	0.96384
25	49	0.863741
25	55	1.18805
25	100	1.26288
25	148	0.661653
25	152	0.573986
25	163	0.649437
25	164	1.09299
25	171	0.60082
25	172	1.06085
25	174	1.12563
25	175	0.98036
25	177	1.08866
25	179	0.696607
26	56	1.0304
26	60	1.21879
26	68	1.17157
26	73	1.11681
26	83	1.08733
26	97	0.943676
26	99	1.1462
26	105	1.07755
26	132	0.841218
26	144	1.51624
26	157	0.841274
26	178	1.19139
26	180	0.983107
27	8	0.570905
27	62	0.666719
27	63	0.714526
27	137	1.21206
27	139	1.22794
27	156	0.780738
27	159	1.09004
27	165	1.1457
27	170	0.726877
27	174	1.12954
27	175	0.984271
27	176	1.01356
27	179	0.792326
28	7	0.730242
28	22	1.13418
28	23	1.15281
28	33	1.14956
28	76	1.15913
28	81	1.05231
28	89	1.21933
28	113	0.917954
28	116	1.0623
28	117	0.959854
28	120	1.06909
28	124	1.10055
28	167	1.26729
29	1	0.891627
29	10	0.923033
29	21	0.929316
29	42	0.779648
29	44	0.94125
29	51	0.958152
29	54	0.946298
29	114	1.31944
29	120	1.73496
29	124	1.26342
29	172	1.67315
29	178	0.754531
29	180	0.678045
30	8	1.10795
30	20	1.05584
30	34	0.971395
30	53	0.996906
30	59	1.22727
30	65	0.979651
30	71	0.979461
30	108	1.14127
30	109	1.2149
30	144	0.828855
30	150	1.33302
30	157	1.26112
30	178	0.882853
31	60	1.21879
31	68	1.17157
31	73	1.11681
31	83	1.08733
31	90	0.955984
31	97	1.14133
31	99	1.1462
31	105	1.07755
31	107	1.02187
31	112	1.03417
31	121	0.846685
31	177	1.35561
31	180	0.983107
32	6	1.00057
32	13	0.997868
32	35	1.39279
32	48	0.97505
32	52	0.980049
32	62	0.981668
32	63	0.994715
32	70	0.941003
32	86	1.15352
32	93	0.935062
32	121	1.01032
32	131	1.20318
32	162	1.44
33	5	1.01405
33	23	0.932407
33	28	1.14956
33	58	0.831273
33	59	0.751551
33	76	0.93873
33	89	0.998927
33	103	1.54652
33	108	1.00503
33	119	0.929989
33	147	0.927328
33	176	1.56634
33	180	1.40749
34	8	1.10801
34	20	1.0559
34	30	0.971395
34	53	0.996966
34	65	0.97971
34	71	0.979521
34	109	1.15121
34	121	1.00519
34	127	1.56342
34	137	1.14498
34	144	0.828915
34	165	1.31532
34	178	0.882913
35	32	1.39279
35	49	0.922142
35	54	0.875095
35	55	0.906389
35	73	1.03928
35	83	1.2673
35	115	0.858693
35	154	0.860812
35	167	0.849141
35	170	0.929264
35	176	0.727992
35	178	0.818104
35	179	0.92988
36	91	0.913225
36	95	0.920656
36	119	1.1379
36	129	1.06388
36	155	0.987298
36	157	1.14877
36	159	1.54611
36	163	1.00096
36	165	1.26666
36	166	1.00237
36	170	0.987479
36	173	1.00082
36	179	0.988095
37	41	1.03421
37	50	0.983548
37	72	1.00259
37	111	0.769299
37	113	0.782864
37	133	0.896936
37	134	0.99965
37	138	1.04198
37	149	0.737994
37	150	1.03232
37	155	0.857568
37	174	0.972937
37	177	0.935967
38	100	1.10038
38	112	1.06484
38	118	1.0994
38	128	0.91308
38	157	1.06133
38	166	0.799536
38	168	0.913034
38	169	0.856932
38	171	0.78599
38	172	0.898348
38	175	0.817856
38	176	0.847149
38	179	0.881777
39	8	0.827663
39	90	0.999535
39	103	0.78594
39	129	1.05141
39	148	1.01413
39	153	0.946058
39	157	1.01108
39	160	0.913673
39	162	0.925072
39	164	0.880232
39	165	0.929035
39	169	1.02424
39	177	0.875899
39	179	1.04908
40	48	0.564318
40	85	0.771665
40	93	0.861901
40	117	1.19042
40	139	1.13671
40	153	1.07149
40	155	0.785134
40	158	1.08654
40	161	0.995524
40	163	0.708495
40	168	0.988214
40	173	0.72655
40	176	0.922328
40	178	1.01244
41	37	1.03421
41	56	0.90759
41	68	0.952343
41	73	0.791359
41	83	1.01937
41	104	0.968756
41	125	0.950423
41	126	0.978659
41	132	1.05294
41	142	0.923974
41	145	0.893005
41	159	0.867865
41	174	0.907366
41	175	0.762101
42	7	0.920487
42	10	0.98799
42	14	0.968334
42	21	0.994272
42	29	0.779648
42	44	1.00621
42	54	1.01125
42	79	1.0908
42	97	1.36483
42	100	1.09387
42	165	1.38032
42	168	1.61851
42	178	0.819487
42	180	0.743001
43	119	1.21861
43	140	1.16138
43	145	0.93392
43	152	0.955138
43	154	1.37383
43	155	0.923956
43	156	0.926734
43	157	1.22947
43	163	0.937623
43	169	0.93363
43	170	0.924137
43	171	0.935906
43	178	1.57959
43	179	0.924753
44	1	1.11819
44	10	1.14959
44	29	0.94125
44	42	1.00621
44	54	1.17286
44	74	1.12759
44	97	1.10616
44	100	0.835199
44	127	1.36974
44	141	1.03481
44	162	1.2412
44	167	1.19886
44	178	0.981089
44	180	0.904603
45	60	1.21879
45	66	1.28651
45	68	1.17157
45	73	1.11681
45	77	0.716971
45	83	1.08733
45	99	1.1462
45	105	1.07755
45	120	1.21325
45	127	1.07933
45	136	0.72869
45	144	1.38831
45	180	0.983107
46	77	1.1327
46	80	1.12965
46	129	1.04418
46	130	0.963875
46	132	1.12901
46	133	1.011
46	151	1.01359
46	153	1.2489
46	156	0.994724
46	163	1.00561
46	166	1.00702
46	168	1.48515
46	171	1.0039
46	173	1.00547
46	179	0.992743
47	17	1.11516
47	50	1.07755
47	57	1.07328
47	61	1.09629
47	103	0.842964
47	117	0.795305
47	119	1.01226
47	127	0.925015
47	141	0.938689
47	143	0.834226
47	144	1.5826
47	148	1.038
47	158	1.02008
47	159	1.30498
47	180	1.52972
48	12	1.03729
48	13	1.03898
48	32	0.97505
48	40	0.564318
48	52	1.02116
48	59	0.752221
48	63	1.03582
48	69	0.97557
48	70	0.982111
48	97	0.942612
48	120	1.28598
48	127	1.15205
48	144	1.46103
48	148	0.999234
48	175	1.79753
49	9	0.910032
49	16	0.942904
49	25	0.863741
49	35	0.922142
49	92	1.001
49	108	1.0247
49	130	0.981315
49	145	1.01935
49	156	1.01216
49	166	1.02446
49	169	1.01906
49	170	1.00957
49	174	1.37742
49	177	1.46123
49	179	1.01018
50	17	1.09902
50	37	0.983548
50	47	1.07755
50	59	1.0743
50	61	1.08015
50	86	1.08382
50	90	1.04992
50	103	0.826819
50	110	1.0978
50	112	1.1281
50	126	1.14804
50	127	0.90887
50	143	0.818081
50	148	1.02186
50	172	1.57096
51	29	0.958152
51	65	1.09479
51	71	1.0946
51	92	1.10059
51	116	0.898713
51	126	0.923774
51	166	1.12404
51	167	1.10371
51	168	1.26468
51	172	1.3467
51	177	1.22528
51	178	0.997992
51	179	1.10977
51	180	0.921506
52	12	1.04228
52	15	1.04013
52	32	0.980049
52	48	1.02116
52	58	1.22701
52	69	0.980568
52	70	0.987109
52	90	1.02279
52	93	0.981168
52	97	0.94761
52	120	1.35224
52	121	0.660088
52	143	1.88471
52	147	0.994262
52	162	1.08977
53	8	1.13352
53	20	1.08141
53	30	0.996906
53	34	0.996966
53	65	1.00522
53	71	1.00503
53	90	1.02095
53	98	1.03878
53	112	1.17248
53	117	1.06491
53	139	1.15415
53	140	1.10915
53	144	0.854426
53	172	1.61534
53	178	0.908424
54	1	1.12323
54	10	1.15464
54	14	1.13498
54	21	1.16092
54	29	0.946298
54	35	0.875095
54	42	1.01125
54	44	1.17286
54	103	1.44599
54	109	0.638645
54	120	1.18478
54	124	0.713235
54	127	1.05085
54	143	1.71724
54	178	0.986138
54	180	0.909652
55	25	1.18805
55	35	0.906389
55	57	0.88922
55	62	0.763456
55	67	0.81073
55	79	1.15397
55	85	0.905063
55	110	0.969185
55	122	0.91051
55	124	0.977912
55	131	0.993657
55	154	0.925363
55	162	0.920719
55	168	0.858428
55	177	0.871546
55	180	0.806169
56	26	1.0304
56	41	0.90759
56	75	1.26539
56	87	0.886838
56	107	0.90289
56	114	0.903089
56	121	1.01678
56	154	0.863163
56	165	0.862482
56	170	1.10109
56	171	1.07075
56	172	0.781542
56	174	0.846316
56	177	0.809347
56	178	0.820455
56	179	1.16654
57	17	1.09475
57	47	1.07328
57	55	0.88922
57	59	1.07004
57	61	1.07588
57	74	1.07012
57	110	1.09354
57	118	0.915139
57	119	0.991847
57	127	0.904606
57	140	0.909483
57	143	0.813817
57	144	1.65254
57	148	1.01759
57	150	1.04947
57	164	1.33376
57	174	1.21044
58	1	1.27948
58	17	1.25846
58	33	0.831273
58	52	1.22701
58	63	1.27429
58	70	1.3919
58	76	0.840844
58	89	0.901041
58	109	0.912844
58	113	0.599667
58	118	0.926013
58	134	0.816453
58	150	0.849121
58	170	0.875038
58	171	0.886807
58	173	0.888379
58	179	0.875654
59	15	1.03458
59	22	0.927541
59	30	1.22727
59	33	0.751551
59	48	0.752221
59	50	1.0743
59	57	1.07004
59	61	1.09304
59	63	0.865767
59	71	0.876509
59	147	1.01849
59	155	1.05176
59	170	1.05194
59	172	0.901871
59	173	1.06528
59	175	0.821379
59	179	1.05256
60	26	1.21879
60	31	1.21879
60	45	1.21879
60	68	1.06554
60	73	1.01078
60	83	0.981299
60	99	1.04017
60	105	0.97152
60	114	0.751601
60	120	1.16712
60	143	1.69959
60	147	0.809141
60	157	0.667213
60	175	1.67868
60	178	1.01733
60	180	0.877077
61	17	1.11776
61	47	1.09629
61	50	1.08015
61	57	1.07588
61	59	1.09304
61	72	1.21866
61	84	1.06622
61	97	1.25435
61	103	0.845564
61	108	1.0321
61	110	1.11654
61	117	1.03961
61	119	1.01486
61	127	0.927615
61	136	1.16729
61	143	0.836826
61	174	1.38481
62	6	1.04829
62	12	1.0439
62	13	1.04559
62	15	1.04175
62	27	0.666719
62	32	0.981668
62	55	0.763456
62	63	1.04244
62	66	1.42498
62	69	0.982187
62	70	0.988728
62	86	0.802763
62	90	1.02441
62	134	1.00132
62	143	1.88419
62	148	1.00585
62	159	1.24915
63	6	1.06134
63	13	1.05864
63	15	1.0548
63	27	0.714526
63	32	0.994715
63	48	1.03582
63	58	1.27429
63	59	0.865767
63	62	1.04244
63	69	0.995234
63	70	1.00177
63	93	0.995834
63	97	0.962276
63	113	2.24656
63	132	0.899561
63	179	0.0272761
63	180	1.5217
64	2	0.993624
64	84	0.928157
64	86	0.964837
64	123	0.947344
64	126	1.02905
64	128	0.934931
64	142	1.29152
64	151	0.997172
64	152	1.00671
64	159	1.41122
64	163	0.989198
64	165	1.13177
64	166	0.990602
64	169	0.985205
64	171	0.987481
64	173	0.989053
64	176	1.79483
64	179	0.976328
65	8	1.11626
65	19	1.34834
65	20	1.06415
65	30	0.979651
65	34	0.97971
65	51	1.09479
65	53	1.00522
65	66	0.842996
65	71	0.987776
65	90	1.0037
65	115	0.885797
65	129	0.696044
65	142	1.05857
65	144	0.83717
65	159	1.17827
65	175	1.79239
65	178	0.891168
65	180	1.40302
66	6	1.41786
66	21	1.33772
66	45	1.28651
66	62	1.42498
66	65	0.842996
66	71	0.842806
66	99	1.53658
66	122	0.923249
66	131	0.8572
66	132	0.917628
66	134	0.798773
66	157	0.870266
66	160	0.878491
66	171	0.869127
66	174	0.772059
66	175	0.626794
66	178	0.746198
66	179	0.857974
67	9	0.664565
67	55	0.81073
67	84	0.813358
67	113	0.831277
67	114	0.983472
67	119	0.88822
67	123	1.07828
67	125	1.10639
67	130	1.0784
67	152	1.13765
67	164	1.25527
67	166	1.12154
67	168	1.25516
67	169	1.11614
67	170	1.10665
67	171	1.11842
67	176	1.68003
67	179	1.10726
68	16	0.808393
68	26	1.17157
68	31	1.17157
68	41	0.952343
68	45	1.17157
68	60	1.06554
68	73	0.963563
68	78	0.880032
68	83	0.934079
68	93	0.977249
68	99	0.992953
68	104	1.01204
68	105	0.924301
68	127	1.37602
68	161	1.38559
68	164	1.36623
68	180	0.829858
69	6	1.00109
69	12	0.996697
69	13	0.998387
69	15	0.994547
69	48	0.97557
69	52	0.980568
69	62	0.982187
69	63	0.995234
69	70	0.941522
69	74	0.913207
69	90	0.977203
69	100	0.855807
69	108	0.904515
69	120	1.52428
69	138	1.11745
69	148	0.958646
69	167	1.21947
69	175	2.03583
70	12	1.00324
70	13	1.00493
70	15	1.00109
70	32	0.941003
70	48	0.982111
70	52	0.987109
70	58	1.3919
70	62	0.988728
70	63	1.00177
70	69	0.941522
70	90	0.983744
70	100	0.848666
70	116	1.00734
70	129	0.932337
70	144	1.69219
70	148	0.965187
70	162	1.25466
70	174	1.25009
71	8	1.11607
71	20	1.06396
71	30	0.979461
71	34	0.979521
71	51	1.0946
71	53	1.00503
71	59	0.876509
71	65	0.987776
71	66	0.842806
71	90	1.00351
71	107	0.8933
71	113	2.25731
71	136	0.925705
71	144	0.83698
71	150	0.982257
71	161	1.28591
71	162	1.1478
71	178	0.890978
72	37	1.00259
72	61	1.21866
72	73	0.91577
72	89	1.0767
72	97	0.887236
72	109	0.998854
72	129	1.01429
72	153	0.908938
72	157	0.973956
72	159	0.836248
72	167	0.880925
72	168	0.825662
72	171	0.948344
72	173	1.01502
72	174	0.875749
72	176	0.759776
72	177	0.83878
72	179	1.04413
73	26	1.11681
73	31	1.11681
73	35	1.03928
73	41	0.791359
73	45	1.11681
73	60	1.01078
73	68	0.963563
73	72	0.91577
73	83	0.879325
73	99	0.938199
73	105	0.869547
73	108	0.994859
73	110	1.0215
73	143	1.88143
73	162	1.08649
73	174	1.08192
73	178	1.19917
73	180	0.775104
74	14	1.08971
74	44	1.12759
74	57	1.07012
74	69	0.913207
74	112	1.06844
74	123	1.01994
74	127	0.92185
74	135	0.83828
74	148	1.03484
74	151	0.810676
74	152	0.743638
74	156	0.85467
74	172	0.901954
74	176	0.850755
74	177	0.929759
74	178	0.940867
74	179	0.866259
74	180	0.864381
75	56	1.26539
75	92	0.979415
75	101	0.838211
75	104	1.07827
75	121	0.884023
75	127	0.857805
75	135	0.992788
75	139	1.05318
75	145	0.997764
75	149	1.008
75	150	1.14817
75	155	0.9878
75	169	0.997474
75	170	0.987981
75	171	0.99975
75	173	1.00132
75	175	2.08773
75	179	0.988597
76	3	1.04869
76	5	1.02363
76	22	0.923354
76	23	0.941978
76	28	1.15913
76	33	0.93873
76	58	0.840844
76	77	1.17129
76	82	1.10616
76	89	1.0085
76	97	1.27006
76	108	1.01461
76	113	0.707124
76	119	0.93956
76	120	0.858256
76	121	0.975412
76	129	1.08277
76	144	1.84262
76	178	1.51777
77	45	0.716971
77	46	1.1327
77	76	1.17129
77	92	1.0623
77	101	1.12214
77	107	0.986719
77	109	1.05325
77	119	0.972509
77	131	1.01529
77	140	1.06194
77	152	0.858424
77	159	0.890644
77	163	0.933875
77	168	0.880057
77	173	0.95193
77	174	0.930145
77	175	0.78488
77	176	0.814172
77	177	0.893176
78	10	0.544878
78	68	0.880032
78	84	1.11846
78	99	0.833407
78	116	1.05288
78	121	1.16534
78	126	1.06616
78	130	0.847853
78	138	1.06391
78	139	1.09328
78	148	0.812455
78	155	0.876877
78	158	1.04311
78	167	1.00005
78	169	0.822563
78	173	0.818294
78	174	0.994872
78	175	0.849606
78	177	0.957902
79	1	1.20278
79	4	0.920361
79	42	1.0908
79	55	1.15397
79	89	0.709197
79	94	0.725653
79	99	1.1523
79	103	0.96462
79	105	1.08364
79	122	0.698079
79	123	0.830316
79	145	0.649918
79	146	0.645507
79	153	1.12474
79	176	0.975576
79	178	1.06569
79	179	0.676632
79	180	0.989202
80	17	0.88437
80	22	0.961976
80	46	1.12965
80	94	1.02702
80	105	0.893382
80	107	1.01896
80	115	0.977119
80	136	1.05385
80	142	0.978999
80	146	0.946879
80	162	0.974594
80	164	0.929754
80	165	0.978557
80	167	0.967567
80	172	0.897617
80	174	0.962391
80	175	0.817126
80	176	0.846418
80	179	0.978004
81	28	1.05231
81	113	0.777759
81	131	1.05297
81	136	1.05929
81	137	1.05035
81	138	1.03687
81	146	0.92642
81	148	0.922592
81	158	1.01607
81	160	0.822135
81	161	0.925054
81	162	0.980034
81	163	0.910376
81	166	0.875304
81	169	0.9327
81	172	0.903057
81	175	0.822566
81	176	0.851858
81	177	0.930862
82	76	1.10616
82	102	0.916038
82	114	1.00948
82	119	0.995072
82	128	0.94722
82	136	1.04417
82	142	0.969316
82	152	0.793296
82	155	0.945386
82	156	0.904329
82	157	1.05091
82	158	1.00095
82	164	0.920071
82	166	0.833676
82	168	0.90262
82	174	0.952708
82	175	0.807442
82	176	0.836735
82	177	0.915738
83	26	1.08733
83	31	1.08733
83	35	1.2673
83	41	1.01937
83	45	1.08733
83	60	0.981299
83	68	0.934079
83	73	0.879325
83	93	0.893012
83	99	0.908716
83	104	1.07907
83	105	0.840063
83	108	0.965376
83	110	0.992019
83	136	1.09242
83	138	1.17015
83	144	1.75203
83	165	1.19496
83	180	0.74562
84	18	0.852407
84	61	1.06622
84	64	0.928157
84	67	0.813358
84	78	1.11846
84	95	1.085
84	97	0.981168
84	104	1.03107
84	111	0.832892
84	134	0.996395
84	140	1.10147
84	150	1.02906
84	157	1.06789
84	161	0.926905
84	163	0.844522
84	164	0.937044
84	165	0.985848
84	166	0.80945
84	167	0.974857
84	176	0.853708
85	40	0.771665
85	55	0.905063
85	122	1.04839
85	139	0.970326
85	140	0.925326
85	149	1.00251
85	151	1.00396
85	152	1.0135
85	156	0.985097
85	163	0.995985
85	166	0.997389
85	169	0.991993
85	170	0.9825
85	171	0.994269
85	172	1.43151
85	173	0.995841
85	174	1.22628
85	177	1.3101
85	179	0.983115
85	180	1.6155
86	23	0.73248
86	32	1.15352
86	50	1.08382
86	62	0.802763
86	64	0.964837
86	104	1.06274
86	107	1.05792
86	111	0.869571
86	116	1.05935
86	129	1.13989
86	145	0.901656
86	156	0.916782
86	159	0.961848
86	162	1.01355
86	164	0.968712
86	165	1.01752
86	174	1.00135
86	175	0.856084
86	177	0.96438
86	180	0.899002
87	24	1.27597
87	56	0.886838
87	89	0.933253
87	93	1.00692
87	94	0.949709
87	101	1.07861
87	104	0.948005
87	109	1.00972
87	112	0.988329
87	121	1.05708
87	136	0.978077
87	142	0.903222
87	145	0.873974
87	153	0.919803
87	154	0.903462
87	155	0.930157
87	172	0.82184
87	173	0.871573
87	175	0.741349
87	176	0.770641
88	94	0.98044
88	96	1.19821
88	108	1.04267
88	111	0.990811
88	114	1.24691
88	130	0.931432
88	133	0.978561
88	137	1.11007
88	145	0.969467
88	149	0.979698
88	154	1.30688
88	155	0.959502
88	156	0.962281
88	157	1.16252
88	166	0.974573
88	169	0.969176
88	171	0.971452
88	173	0.973025
88	174	1.39539
88	177	1.47921
88	179	0.960299
89	3	1.10889
89	5	1.08382
89	7	0.668037
89	18	1.13698
89	22	0.983551
89	23	1.00218
89	28	1.21933
89	33	0.998927
89	58	0.901041
89	72	1.0767
89	76	1.0085
89	79	0.709197
89	87	0.933253
89	97	1.11238
89	103	1.7711
89	108	1.0748
89	113	0.767321
89	119	0.999758
89	120	0.918453
89	129	0.925095
89	137	0.957532
89	180	1.63207
90	24	1.26975
90	31	0.955984
90	39	0.999535
90	50	1.04992
90	52	1.02279
90	53	1.02095
90	62	1.02441
90	65	1.0037
90	69	0.977203
90	70	0.983744
90	71	1.00351
90	113	0.742686
90	123	1.04815
90	155	0.923939
90	162	0.944962
90	164	0.900122
90	168	0.882671
90	170	0.829021
90	173	0.865355
90	175	0.787494
90	178	0.906898
90	179	0.89447
91	36	0.913225
91	92	0.933869
91	93	0.902181
91	106	0.886682
91	112	1.02635
91	122	1.00833
91	128	0.901654
91	141	1.06217
91	147	1.17304
91	151	0.963895
91	152	0.973436
91	160	0.963569
91	161	1.40667
91	163	0.955921
91	166	0.957325
91	167	1.22622
91	168	1.38719
91	170	0.942435
91	171	0.954204
91	174	1.26398
91	176	1.81206
91	179	0.943051
92	49	1.001
92	51	1.10059
92	75	0.979415
92	77	1.0623
92	91	0.933869
92	96	1.09436
92	104	1.06067
92	115	1.16353
92	138	1.15175
92	141	1.08972
92	151	1.02958
92	160	1.02926
92	163	1.02161
92	165	1.17656
92	166	1.02301
92	167	1.25377
92	169	1.01762
92	170	1.00812
92	171	1.01989
92	173	1.02147
92	174	1.29153
92	179	1.00874
93	6	1.00169
93	32	0.935062
93	40	0.861901
93	52	0.981168
93	63	0.995834
93	68	0.977249
93	83	0.893012
93	87	1.00692
93	91	0.902181
93	99	0.951885
93	105	0.883233
93	130	0.948184
93	131	1.08427
93	139	1.06056
93	153	1.20349
93	155	0.976254
93	164	1.43984
93	165	1.20154
93	173	0.989777
93	175	2.09512
93	179	0.977051
93	180	0.78879
94	79	0.725653
94	80	1.02702
94	87	0.949709
94	88	0.98044
94	113	0.762075
94	135	1.04225
94	138	1.11952
94	146	0.982396
94	149	1.05746
94	154	1.17079
94	156	1.04004
94	158	1.13888
94	160	1.05858
94	163	1.05093
94	165	1.14433
94	167	1.22154
94	169	1.04694
94	170	1.03745
94	171	1.04921
94	172	1.46453
94	173	1.05079
94	179	1.03806
95	36	0.920656
95	84	1.085
95	111	0.980993
95	119	1.15986
95	129	1.08584
95	137	1.11828
95	144	0.784709
95	146	0.894817
95	151	0.971326
95	152	0.980867
95	153	1.29056
95	155	0.949685
95	156	0.952463
95	160	0.971
95	162	1.40816
95	166	0.964756
95	170	0.949866
95	171	0.961635
95	173	0.963207
95	177	1.48741
95	178	1.52084
95	179	0.950482
96	11	1.01444
96	19	0.856611
96	88	1.19821
96	92	1.09436
96	99	0.999107
96	111	0.954308
96	137	1.00724
96	138	0.993756
96	139	1.02313
96	140	1.05651
96	142	0.941325
96	154	0.941564
96	159	0.885216
96	160	0.877697
96	167	0.929893
96	169	0.988262
96	171	0.917321
96	172	0.859943
96	175	0.779451
96	176	0.808744
96	177	0.887747
96	179	1.01311
96	180	0.82237
97	1	1.0072
97	26	0.943676
97	31	1.14133
97	42	1.36483
97	44	1.10616
97	48	0.942612
97	52	0.94761
97	61	1.25435
97	63	0.962276
97	72	0.887236
97	76	1.27006
97	84	0.981168
97	89	1.11238
97	133	0.961755
97	135	0.947684
97	148	0.925688
97	157	0.955786
97	159	0.818078
97	168	0.807491
97	170	0.942878
97	173	0.956219
97	177	0.82061
97	179	0.943493
98	15	0.929966
98	53	1.03878
98	110	0.919072
98	115	0.983797
98	116	1.02707
98	121	1.13953
98	122	0.860397
98	125	0.869653
98	127	0.924191
98	129	1.10761
98	141	1.08073
98	142	0.985677
98	144	0.88921
98	147	1.02091
98	153	1.00226
98	155	0.868418
98	156	0.827361
98	157	1.06728
98	160	0.703539
98	172	0.904295
98	175	0.823803
98	176	0.853096
98	179	0.83895
99	26	1.1462
99	31	1.1462
99	45	1.1462
99	60	1.04017
99	66	1.53658
99	68	0.992953
99	73	0.938199
99	78	0.833407
99	79	1.1523
99	83	0.908716
99	93	0.951885
99	96	0.999107
99	105	0.898937
99	108	1.02425
99	110	1.05089
99	117	0.851083
99	132	0.96336
99	154	1.10777
99	162	1.20085
99	167	1.15852
99	168	1.31949
99	180	0.804494
100	4	1.05259
100	17	0.715225
100	25	1.26288
100	38	1.10038
100	42	1.09387
100	44	0.835199
100	69	0.855807
100	70	0.848666
100	101	1.17535
100	107	1.03992
100	117	1.13547
100	121	1.15381
100	134	1.01006
100	136	1.07481
100	142	0.999958
100	148	0.773905
100	156	0.79727
100	162	0.995553
100	164	0.950713
100	167	0.988526
100	170	0.74341
100	171	0.713072
100	172	0.918576
101	20	0.880213
101	24	1.11464
101	75	0.838211
101	77	1.12214
101	87	1.07861
101	100	1.17535
101	108	1.1555
101	128	0.77066
101	130	0.739802
101	134	1.0648
101	140	1.16988
101	148	0.704404
101	151	0.683775
101	158	1.08633
101	163	0.692188
101	165	1.05425
101	168	0.988001
101	169	0.714512
101	172	0.973315
101	173	0.710243
101	174	1.03809
101	175	0.892823
101	177	1.00112
102	82	0.916038
102	107	0.96048
102	111	1.05069
102	117	0.865205
102	124	1.00591
102	129	0.892651
102	134	1.12705
102	146	0.964512
102	149	1.03958
102	151	1.04102
102	152	1.05056
102	155	1.01938
102	156	1.02216
102	160	1.04069
102	161	1.35309
102	163	1.03305
102	167	1.17264
102	169	1.02905
102	170	1.01956
102	171	1.03133
102	173	1.0329
102	176	1.75848
102	177	1.29422
102	179	1.02018
103	10	1.43601
103	17	0.864434
103	23	1.54264
103	33	1.54652
103	39	0.78594
103	47	0.842964
103	50	0.826819
103	54	1.44599
103	61	0.845564
103	79	0.96462
103	89	1.7711
103	105	1.65391
103	119	0.761528
103	124	0.78856
103	138	0.788203
103	147	0.771007
103	149	0.824477
103	150	0.778545
103	152	0.835463
103	155	0.804281
103	160	0.825596
103	164	0.686527
103	176	0.603191
103	179	0.805078
104	12	0.951407
104	41	0.968756
104	68	1.01204
104	75	1.07827
104	83	1.07907
104	84	1.03107
104	86	1.06274
104	87	0.948005
104	92	1.06067
104	111	0.920615
104	116	0.965486
104	134	0.934197
104	135	0.951436
104	136	0.998945
104	140	1.03927
104	141	1.01914
104	147	0.959326
104	150	0.966864
104	151	0.923832
104	152	0.856794
104	157	1.00569
104	164	0.874846
104	175	0.762217
104	177	0.870513
105	7	1.00509
105	18	1.01777
105	26	1.07755
105	31	1.07755
105	45	1.07755
105	60	0.97152
105	68	0.924301
105	73	0.869547
105	79	1.08364
105	80	0.893382
105	83	0.840063
105	93	0.883233
105	99	0.898937
105	103	1.65391
105	107	0.875738
105	108	0.955597
105	110	0.98224
105	126	0.907967
105	127	1.25878
105	143	1.92517
105	153	1.01263
105	162	1.13023
105	172	1.33089
105	180	0.735842
106	9	0.899159
106	91	0.886682
106	112	1.12891
106	117	1.02135
106	123	0.932568
106	125	0.960675
106	128	0.920156
106	133	0.979814
106	136	1.14903
106	145	0.97072
106	147	1.27561
106	148	0.943748
106	149	0.980951
106	152	0.991938
106	154	1.27803
106	160	0.982071
106	161	1.50923
106	163	0.974423
106	167	1.32878
106	169	0.97043
106	171	0.972706
106	172	1.57178
106	173	0.974278
106	179	0.961553
107	24	1.33564
107	31	1.02187
107	56	0.90289
107	71	0.8933
107	77	0.986719
107	80	1.01896
107	86	1.05792
107	100	1.03992
107	102	0.96048
107	105	0.875738
107	109	1.02577
107	124	0.972062
107	129	1.04121
107	130	0.960804
107	145	0.933645
107	147	0.95451
107	157	1.00087
107	159	0.863165
107	163	0.91319
107	165	0.918833
107	168	0.852579
107	173	0.931244
107	174	0.902666
107	177	0.865697
108	14	0.717625
108	22	0.989658
108	23	1.00828
108	30	1.14127
108	33	1.00503
108	49	1.0247
108	61	1.0321
108	69	0.904515
108	73	0.994859
108	76	1.01461
108	83	0.965376
108	88	1.04267
108	89	1.0748
108	99	1.02425
108	101	1.1555
108	105	0.955597
108	114	1.02027
108	136	1.05496
108	154	0.980348
108	156	0.845978
108	169	0.832721
108	172	0.898727
108	173	0.828452
108	179	0.857567
108	180	0.861154
109	2	1.01081
109	5	0.893707
109	19	0.901091
109	30	1.2149
109	34	1.15121
109	54	0.638645
109	58	0.912844
109	72	0.998854
109	77	1.05325
109	87	1.00972
109	107	1.02577
109	119	1.01156
109	126	1.04049
109	135	0.903216
109	140	1.10099
109	147	1.02104
109	155	0.960664
109	156	0.919606
109	162	0.9814
109	167	0.974373
109	168	0.919109
109	169	0.90635
109	171	0.835408
109	176	0.853224
109	177	0.932227
109	180	0.86685
110	50	1.0978
110	55	0.969185
110	57	1.09354
110	61	1.11654
110	73	1.0215
110	83	0.992019
110	98	0.919072
110	99	1.05089
110	105	0.98224
110	118	0.995104
110	121	0.865293
110	134	1.20705
110	140	0.989448
110	143	0.854477
110	148	1.05825
110	152	1.10644
110	153	1.17737
110	157	1.05754
110	160	1.09658
110	167	1.25265
110	168	1.41362
110	170	1.07544
110	173	1.08878
110	174	1.29041
110	179	1.07606
110	180	0.887797
111	37	0.769299
111	84	0.832892
111	86	0.869571
111	88	0.990811
111	95	0.980993
111	96	0.954308
111	102	1.05069
111	104	0.920615
111	128	1.00704
111	131	0.919231
111	135	1.05262
111	139	0.895526
111	142	1.19626
111	145	1.0576
111	146	0.992767
111	150	0.990516
111	152	1.07882
111	155	1.04764
111	156	1.05041
111	164	1.27481
111	166	1.06271
111	169	1.05731
111	171	1.05959
111	173	1.06116
111	175	1.93008
111	179	1.04843
112	8	0.751231
112	13	0.819637
112	16	1.13821
112	31	1.03417
112	38	1.06484
112	50	1.1281
112	53	1.17248
112	74	1.06844
112	87	0.988329
112	91	1.02635
112	106	1.12891
112	115	0.962536
112	118	1.08408
112	125	1.00336
112	136	1.03927
112	152	0.850032
112	158	0.996051
112	159	0.908307
112	161	0.905031
112	167	0.952983
112	170	0.907204
112	172	0.883034
112	174	0.947808
112	176	0.831835
112	177	0.910838
112	178	0.921947
113	3	0.807516
113	8	2.10294
113	10	2.02184
113	13	2.17135
113	18	0.835603
113	23	0.700802
113	28	0.917954
113	37	0.782864
113	58	0.599667
113	63	2.24656
113	67	0.831277
113	71	2.25731
113	76	0.707124
113	81	0.777759
113	89	0.767321
113	90	0.742686
113	94	0.762075
113	122	0.807209
113	132	0.801589
113	138	0.725059
113	139	0.754428
113	143	0.520353
113	144	0.576161
113	169	0.750811
113	173	0.75466
113	176	0.540047
113	179	0.741934
114	2	1.14142
114	29	1.31944
114	56	0.903089
114	60	0.751601
114	67	0.983472
114	82	1.00948
114	88	1.24691
114	108	1.02027
114	122	1.08325
114	129	1.04141
114	132	1.04843
114	150	0.962247
114	154	0.919713
114	156	1.05022
114	157	1.00107
114	159	0.863364
114	161	0.860088
114	162	0.915069
114	167	0.908041
114	170	0.996356
114	172	0.838092
114	174	0.902866
114	175	0.7576
114	176	0.786892
114	177	0.865896
114	179	1.06181
115	4	1.32601
115	35	0.858693
115	65	0.885797
115	80	0.977119
115	92	1.16353
115	98	0.983797
115	112	0.962536
115	116	0.918824
115	126	0.932113
115	130	1.08273
115	140	0.992612
115	141	0.972477
115	150	0.920202
115	151	1.0267
115	153	0.89401
115	154	0.877668
115	155	1.11175
115	158	0.909063
115	162	0.873024
115	164	0.828183
115	165	0.876987
115	166	1.00004
115	169	1.05744
115	171	0.986496
115	174	0.860821
115	176	0.744847
115	177	0.823851
116	28	1.0623
116	51	0.898713
116	70	1.00734
116	78	1.05288
116	86	1.05935
116	98	1.02707
116	104	0.965486
116	115	0.918824
116	117	1.05621
116	131	0.989237
116	133	1.03637
116	136	0.995558
116	139	1.0025
116	145	0.940814
116	147	0.955939
116	151	0.911945
116	153	0.937285
116	156	0.95594
116	160	0.832117
116	162	0.916299
116	163	0.920358
116	165	0.920262
116	166	0.885287
116	172	0.839322
116	174	0.904096
116	176	0.788123
116	178	0.878235
117	28	0.959854
117	40	1.19042
117	47	0.795305
117	53	1.06491
117	61	1.03961
117	99	0.851083
117	100	1.13547
117	102	0.865205
117	106	1.02135
117	116	1.05621
117	124	1.06761
117	130	0.865529
117	137	1.08073
117	146	0.833959
117	147	1.05005
117	154	1.01506
117	155	0.894553
117	158	1.04645
117	159	0.95871
117	162	1.01041
117	165	1.01438
117	168	0.948123
117	172	0.933437
117	173	0.83597
117	175	0.852945
117	176	0.882238
117	177	0.961241
118	6	0.782255
118	20	1.05584
118	38	1.0994
118	57	0.915139
118	58	0.926013
118	110	0.995104
118	112	1.08408
118	132	1.12793
118	141	1.09402
118	151	0.859399
118	154	0.999213
118	157	1.08057
118	158	1.03061
118	159	0.942865
118	163	0.867812
118	164	0.949729
118	166	0.832741
118	167	0.987541
118	168	0.932278
118	169	0.890137
118	170	0.849533
118	172	0.917592
118	173	0.885867
118	174	0.982366
118	175	0.8371
118	176	0.866393
118	177	0.945396
118	179	0.914982
119	3	1.03995
119	22	0.914613
119	33	0.929989
119	36	1.1379
119	43	1.21861
119	47	1.01226
119	57	0.991847
119	61	1.01486
119	67	0.88822
119	76	0.93956
119	77	0.972509
119	82	0.995072
119	89	0.999758
119	95	1.15986
119	103	0.761528
119	109	1.01156
119	133	1.03539
119	142	0.905064
119	143	0.75279
119	145	0.939838
119	148	0.956566
119	156	0.954964
119	158	0.936699
119	161	0.845679
119	170	0.901104
119	171	0.870766
119	172	0.823682
119	173	0.937438
120	5	0.93358
120	11	0.896879
120	14	1.33739
120	22	0.833309
120	28	1.06909
120	29	1.73496
120	45	1.21325
120	48	1.28598
120	52	1.35224
120	54	1.18478
120	60	1.16712
120	69	1.52428
120	76	0.858256
120	89	0.918453
120	124	0.876547
120	143	0.671485
120	156	0.895047
120	158	0.855394
120	160	0.913584
120	163	0.905936
120	166	0.90734
120	171	0.904219
120	174	0.807152
120	175	0.661886
120	176	0.691178
120	179	0.893066
120	180	0.704805
121	24	1.16045
121	31	0.846685
121	32	1.01032
121	34	1.00519
121	52	0.660088
121	56	1.01678
121	75	0.884023
121	76	0.975412
121	78	1.16534
121	87	1.05708
121	98	1.13953
121	100	1.15381
121	110	0.865293
121	124	1.08595
121	126	1.08785
121	139	1.11496
121	141	1.12821
121	154	1.0334
121	155	0.814639
121	162	1.02876
121	165	1.03272
121	166	0.70293
121	168	0.966468
121	170	0.719722
121	176	0.900583
121	177	0.979587
121	179	0.785171
121	180	0.914209
122	11	1.06409
122	16	0.797217
122	24	1.02912
122	55	0.91051
122	66	0.923249
122	79	0.698079
122	85	1.04839
122	91	1.00833
122	98	0.860397
122	113	0.807209
122	114	1.08325
122	138	1.09195
122	146	1.02753
122	150	1.07076
122	151	1.10404
122	152	1.11358
122	155	1.0824
122	156	1.08518
122	157	0.998864
122	158	1.11131
122	160	1.10371
122	163	1.09607
122	168	1.35494
122	169	1.09207
122	171	1.09435
122	173	1.09592
122	177	1.31555
122	179	1.0832
123	24	0.934856
123	64	0.947344
123	67	1.07828
123	74	1.01994
123	79	0.830316
123	90	1.04815
123	106	0.932568
123	130	0.960069
123	132	1.13105
123	136	1.14645
123	137	1.07865
123	140	1.06301
123	146	0.933272
123	151	1.00978
123	152	1.01932
123	153	1.25094
123	155	0.98814
123	157	1.1311
123	160	1.00945
123	163	1.00181
123	166	1.00321
123	169	0.997814
123	170	0.988321
123	171	1.00009
123	172	1.5692
123	173	1.00166
123	178	1.48122
123	179	0.988937
124	28	1.10055
124	29	1.26342
124	54	0.713235
124	55	0.977912
124	102	1.00591
124	103	0.78856
124	107	0.972062
124	117	1.06761
124	120	0.876547
124	121	1.08595
124	125	1.03649
124	136	1.00695
124	137	0.998008
124	138	0.984527
124	141	1.02714
124	155	1.03525
124	161	0.872711
124	162	0.927691
124	163	0.958615
124	164	0.882851
124	165	0.931655
124	167	0.920664
124	169	0.980939
124	170	0.940336
124	174	0.915488
124	175	0.770223
124	176	0.799515
124	179	1.00578
125	41	0.950423
125	67	1.10639
125	98	0.869653
125	106	0.960675
125	112	1.00336
125	124	1.03649
125	132	1.00807
125	133	1.0353
125	136	1.02347
125	145	1.02621
125	146	0.961378
125	148	0.999238
125	149	1.03644
125	151	1.03789
125	152	1.04743
125	153	1.12796
125	154	1.15248
125	155	1.01625
125	156	1.01902
125	157	1.00812
125	163	1.02991
125	166	1.03132
125	167	1.20323
125	169	1.02592
125	170	1.01643
125	172	1.44622
125	173	1.02977
125	177	1.3248
125	179	1.01704
126	41	0.978659
126	50	1.14804
126	51	0.923774
126	64	1.02905
126	78	1.06616
126	105	0.907967
126	109	1.04049
126	115	0.932113
126	121	1.08785
126	131	1.00253
126	132	1.06295
126	134	0.944099
126	135	0.964609
126	139	1.01579
126	145	0.965874
126	148	0.957635
126	149	0.902483
126	150	0.976767
126	154	0.934232
126	156	0.981
126	158	0.965628
126	159	0.877884
126	162	0.929588
126	163	0.945419
126	164	0.884748
126	170	0.92714
126	172	0.852611
126	175	0.77212
126	176	0.801412
126	177	0.880416
127	12	1.31539
127	15	1.43442
127	34	1.56342
127	44	1.36974
127	45	1.07933
127	47	0.925015
127	48	1.15205
127	50	0.90887
127	54	1.05085
127	57	0.904606
127	61	0.927615
127	68	1.37602
127	74	0.92185
127	75	0.857805
127	98	0.924191
127	105	1.25878
127	134	0.827929
127	137	0.883735
127	138	0.870254
127	147	0.853058
127	148	0.869324
127	159	0.761714
127	160	0.907647
127	166	0.901403
127	169	0.896006
127	170	0.886513
127	174	0.801215
127	176	0.685242
127	179	0.887129
128	38	0.91308
128	64	0.934931
128	82	0.94722
128	91	0.901654
128	101	0.77066
128	106	0.920156
128	111	1.00704
128	133	0.994786
128	135	0.980715
128	138	1.1018
128	139	0.985628
128	142	1.28636
128	145	0.985692
128	149	0.995923
128	151	0.997368
128	152	1.00691
128	156	0.978506
128	158	1.12116
128	159	1.40606
128	160	0.997042
128	163	0.989394
128	166	0.990798
128	167	1.20383
128	169	0.985402
128	170	0.975909
128	171	0.987678
128	172	1.44682
128	173	0.98925
128	177	1.3254
128	179	0.976525
128	180	1.63081
129	36	1.06388
129	39	1.05141
129	46	1.04418
129	65	0.696044
129	70	0.932337
129	72	1.01429
129	76	1.08277
129	86	1.13989
129	89	0.925095
129	95	1.08584
129	98	1.10761
129	102	0.892651
129	107	1.04121
129	114	1.04141
129	140	1.11643
129	147	1.03648
129	149	0.802425
129	150	1.04402
129	152	0.769909
129	153	1.01783
129	157	1.08284
129	161	0.94186
129	164	0.951999
129	166	0.810289
129	167	0.989812
129	168	0.934549
129	169	0.867685
129	172	0.919863
129	173	0.863415
129	174	0.984637
129	175	0.839371
129	177	0.947667
130	46	0.963875
130	49	0.981315
130	67	1.0784
130	78	0.847853
130	88	0.931432
130	93	0.948184
130	101	0.739802
130	107	0.960804
130	115	1.08273
130	117	0.865529
130	123	0.960069
130	131	0.978475
130	133	1.00732
130	135	0.993244
130	140	0.90977
130	146	0.933388
130	149	1.00845
130	151	1.0099
130	154	1.12222
130	155	0.988256
130	160	1.00957
130	163	1.00192
130	166	1.00333
130	169	0.99793
130	170	0.988438
130	171	1.00021
130	172	1.41596
130	173	1.00178
130	174	1.21073
130	175	1.98932
130	177	1.29454
130	178	1.32798
130	179	0.989053
131	32	1.20318
131	55	0.993657
131	66	0.8572
131	77	1.01529
131	81	1.05297
131	93	1.08427
131	111	0.919231
131	116	0.989237
131	126	1.00253
131	130	0.978475
131	133	1.04687
131	135	0.950052
131	138	1.00027
131	142	0.947841
131	149	0.887926
131	150	0.990615
131	151	0.922448
131	153	0.964422
131	157	1.02944
131	158	0.979476
131	160	0.84262
131	161	0.888456
131	162	0.943436
131	166	0.89579
131	167	0.936409
131	168	0.881146
131	169	0.953186
131	174	0.931233
131	175	0.785968
131	176	0.81526
131	177	0.894264
131	178	0.905372
131	179	0.978031
132	10	0.674831
132	20	1.11822
132	26	0.841218
132	41	1.05294
132	46	1.12901
132	63	0.899561
132	66	0.917628
132	99	0.96336
132	113	0.801589
132	114	1.04843
132	118	1.12793
132	123	1.13105
132	125	1.00807
132	126	1.06295
132	134	1.01838
132	139	1.09007
132	147	1.04351
132	149	0.887256
132	150	1.05104
132	153	1.02485
132	154	1.00851
132	156	0.965773
132	159	0.952161
132	160	0.841951
132	164	0.959025
132	165	1.00783
132	166	0.895121
132	167	0.996837
132	171	0.881575
132	172	0.926888
132	174	0.991662
132	175	0.846396
132	176	0.875689
133	37	0.896936
133	46	1.011
133	88	0.978561
133	97	0.961755
133	106	0.979814
133	116	1.03637
133	119	1.03539
133	125	1.0353
133	128	0.994786
133	130	1.00732
133	131	1.04687
133	134	1.19577
133	135	1.04037
133	138	1.13934
133	139	1.02316
133	141	1.07731
133	144	0.870409
133	149	1.05558
133	150	1.11815
133	152	1.06657
133	153	1.16609
133	154	1.19061
133	155	1.03539
133	156	1.03816
133	157	1.04625
133	160	1.0567
133	162	1.28369
133	166	1.05046
133	169	1.04506
133	170	1.03557
133	171	1.04734
133	173	1.04891
133	174	1.27912
133	179	1.03618
134	2	1.20654
134	37	0.99965
134	58	0.816453
134	62	1.00132
134	66	0.798773
134	84	0.996395
134	100	1.01006
134	101	1.0648
134	102	1.12705
134	104	0.934197
134	110	1.20705
134	126	0.944099
134	127	0.827929
134	132	1.01838
134	133	1.19577
134	137	0.955326
134	139	0.971214
134	141	0.984462
134	148	1.09198
134	152	1.00431
134	153	0.905995
134	154	0.889653
134	160	0.991518
134	167	0.877982
134	170	1.06148
134	171	1.03114
134	174	0.872806
134	175	0.727541
134	176	0.756833
134	177	0.835837
134	178	0.846945
134	179	1.12693
134	180	0.770459
135	4	1.02546
135	74	0.83828
135	75	0.992788
135	94	1.04225
135	97	0.947684
135	104	0.951436
135	109	0.903216
135	111	1.05262
135	126	0.964609
135	128	0.980715
135	130	0.993244
135	131	0.950052
135	133	1.04037
135	139	0.926346
135	141	0.98049
135	142	1.22708
135	145	1.03128
135	146	0.966447
135	149	1.04151
135	151	1.04296
135	153	1.06927
135	155	1.02131
135	156	1.02409
135	158	1.06188
135	161	1.32499
135	163	1.03498
135	166	1.03639
135	168	1.30552
135	169	1.03099
135	171	1.03326
135	173	1.03484
135	177	1.26612
135	179	1.02211
135	180	1.57152
136	12	0.964757
136	13	0.839749
136	45	0.72869
136	61	1.16729
136	71	0.925705
136	80	1.05385
136	81	1.05929
136	82	1.04417
136	83	1.09242
136	87	0.978077
136	100	1.07481
136	104	0.998945
136	106	1.14903
136	108	1.05496
136	112	1.03927
136	116	0.995558
136	123	1.14645
136	124	1.00695
136	125	1.02347
136	138	1.00659
136	150	0.996936
136	154	0.954402
136	161	0.894778
136	162	0.949758
136	163	0.945594
136	166	0.910523
136	167	0.94273
136	168	0.887467
136	169	0.967919
136	173	0.963649
