1	19	1.02349
1	26	1.01611
1	36	1.0934
1	68	1.06165
1	158	1.03676
1	163	0.944635
1	166	1.10402
1	172	1.26508
1	173	1.19769
1	174	1.09398
1	178	0.988212
1	179	1.32736
2	13	0.934592
2	24	0.917166
2	53	0.973015
2	70	0.953263
2	73	0.866786
2	77	0.924359
2	86	0.973233
2	87	1.26391
2	108	0.973149
2	122	1.25294
2	154	1.8772
2	155	0.910684
3	55	0.919301
3	121	0.781546
3	127	1.05157
3	157	0.967436
3	160	0.997394
3	161	0.910393
3	169	0.908225
3	173	0.956704
3	176	0.926489
3	177	0.902956
3	179	0.9207
3	180	0.910659
4	32	1.04566
4	54	0.97427
4	55	1.06284
4	62	1.01458
4	81	1.06324
4	144	1.29428
4	146	1.0785
4	147	1.03054
4	155	1.04889
4	158	1.10393
4	166	1.11973
4	178	1.29004
5	16	0.959777
5	39	0.92874
5	57	0.966124
5	76	0.909657
5	92	0.986637
5	99	0.971959
5	103	0.939794
5	111	1.12396
5	144	1.6763
5	158	0.937299
5	160	1.62831
5	172	0.825687
6	50	1.00058
6	69	1.0295
6	74	1.04779
6	83	1.06885
6	90	1.05243
6	114	1.09763
6	120	1.22269
6	121	1.074
6	159	1.34164
6	162	1.1349
6	164	0.977961
6	174	1.11824
7	44	0.84209
7	55	0.869209
7	61	1.97268
7	63	0.8528
7	65	0.852924
7	67	1.80804
7	81	0.869611
7	99	0.893504
7	153	0.845601
7	166	0.9261
7	172	0.747231
8	11	0.882041
8	86	1.18717
8	91	0.943491
8	94	1.01523
8	95	1.2059
8	112	0.913063
8	125	0.938661
8	131	0.939976
8	134	0.936634
8	143	0.920498
8	172	1.98588
8	178	0.893501
9	27	1.05223
9	28	0.958416
9	33	0.993102
9	38	0.850971
9	40	0.951849
9	43	0.95153
9	59	0.989874
9	146	1.00708
9	148	0.945553
9	167	1.50311
9	169	1.72227
10	16	0.959777
10	39	0.92874
10	57	0.966124
10	76	0.909657
10	92	0.986637
10	99	0.971959
10	103	0.939794
10	128	1.36645
10	129	1.2658
10	157	1.77871
10	158	0.937299
10	172	0.825687
11	8	0.882041
11	30	0.842496
11	95	0.862671
11	113	0.929455
11	125	0.945291
11	134	0.943264
11	143	0.927127
11	154	1.63167
11	166	1.01594
11	174	1.0059
11	177	1.91728
11	178	0.900131
12	24	1.07424
12	149	1.02377
12	152	0.984382
12	153	0.914136
12	162	1.01028
12	173	0.933714
12	174	0.777444
12	175	0.879024
12	176	0.903499
12	177	0.879965
12	179	0.897709
12	180	0.887669
13	2	0.934592
13	24	1.03192
13	42	0.990948
13	53	1.08777
13	70	1.06801
13	73	0.981537
13	77	1.03911
13	122	0.955373
13	136	1.22178
13	137	1.0044
13	155	1.02543
13	156	0.955989
13	169	1.85139
14	22	0.923577
14	48	0.876923
14	51	0.864968
14	69	0.880841
14	83	0.920196
14	90	0.903778
14	114	0.948973
14	121	0.925346
14	140	1.07453
14	145	0.913814
14	174	0.969583
14	176	1.77992
14	180	1.91192
15	21	1.01812
15	44	1.00379
15	45	0.98771
15	60	1.0386
15	63	1.0145
15	65	1.01462
15	140	0.987539
15	141	1.0064
15	145	1.02199
15	152	1.39036
15	153	1.0073
15	159	1.42207
15	160	1.2483
16	5	0.959777
16	10	0.959777
16	57	1.05999
16	71	0.901144
16	76	1.00352
16	92	1.0805
16	99	1.06582
16	103	1.03366
16	135	1.15934
16	158	1.03116
16	172	0.919551
16	173	1.35496
16	180	1.61912
17	96	1.00676
17	97	1.08123
17	115	0.983074
17	117	1.03982
17	123	1.00776
17	126	0.995259
17	127	1.04328
17	130	1.02722
17	145	1.03159
17	164	1.34173
17	172	0.920288
17	178	1.08118
17	180	1.61405
18	69	0.991306
18	76	1.01995
18	94	0.313854
18	97	0.547449
18	160	1.08112
18	161	0.994123
18	165	1.034
18	170	1.00968
18	175	0.985744
18	176	1.01022
18	177	0.986686
18	179	1.00443
18	180	0.99439
19	1	1.02349
19	26	0.974763
19	34	1.05828
19	68	1.02031
19	89	0.961456
19	118	1.06933
19	137	0.970799
19	142	1.13481
19	158	0.995414
19	166	1.06267
19	172	1.80636
19	174	1.05264
19	178	0.946866
20	32	1.04566
20	35	0.811602
20	54	0.97427
20	55	1.06284
20	62	1.01458
20	81	1.06324
20	106	1.1113
20	144	1.193
20	146	1.0785
20	155	1.04889
20	166	1.11973
20	179	1.58715
21	15	1.01812
21	25	1.01097
21	49	1.0614
21	60	1.02433
21	63	1.00022
21	65	1.00034
21	86	0.883227
21	141	0.992124
21	145	1.00772
21	148	1.16601
21	153	0.993021
21	163	1.3615
21	164	1.6064
22	14	0.923577
22	69	0.988387
22	90	1.01132
22	114	1.05652
22	118	1.06378
22	121	1.03289
22	139	0.868136
22	141	1.00576
22	151	1.18667
22	164	0.936852
22	167	1.45733
22	170	1.5783
22	174	1.07713
23	54	0.979169
23	83	0.533173
23	107	0.817027
23	144	1.11255
23	155	0.502091
23	165	1.02716
23	169	0.985118
23	173	1.0336
23	175	0.978907
23	176	1.00338
23	177	0.979848
23	179	0.997592
23	180	0.987552
24	2	0.917166
24	12	1.07424
24	13	1.03192
24	53	1.07034
24	70	1.05059
24	73	0.96411
24	77	1.02168
24	95	0.808982
24	108	1.07047
24	137	0.986973
24	152	1.35117
24	155	1.00801
24	165	1.48528
25	21	1.01097
25	44	0.996641
25	45	0.980566
25	49	1.06853
25	60	1.03146
25	63	1.00735
25	65	1.00748
25	141	0.999255
25	145	1.01485
25	161	1.54231
25	164	1.1302
25	165	1.10206
25	176	1.27052
26	1	1.01611
26	19	0.974763
26	34	1.0509
26	68	1.01293
26	111	0.781418
26	146	1.01406
26	152	1.42782
26	158	0.988035
26	162	1.25279
26	164	1.59007
26	166	1.05529
26	174	1.04526
26	178	0.939488
27	9	1.05223
27	28	1.05722
27	33	1.09191
27	38	0.949777
27	40	1.05065
27	43	1.05034
27	59	1.08868
27	71	1.20439
27	101	0.873059
27	106	1.31204
27	146	1.10589
27	162	1.31277
28	9	0.958416
28	27	1.05722
28	33	0.998095
28	38	0.855964
28	40	0.956841
28	43	0.956523
28	58	1.02272
28	59	0.994866
28	100	1.01734
28	119	1.04295
28	146	1.01208
28	156	0.841195
28	161	1.81237
28	170	1.6384
29	78	1.02057
29	98	1.02554
29	115	0.947376
29	117	1.00413
29	123	0.97206
29	126	0.959562
29	127	1.00759
29	130	0.991519
29	148	0.910259
29	155	0.992623
29	164	1.35065
29	172	0.88459
29	179	1.48848
29	180	1.62296
30	11	0.842496
30	56	0.928819
30	82	0.86655
30	85	0.921355
30	94	0.975687
30	109	1.61046
30	110	0.873187
30	113	0.883281
30	125	0.899117
30	128	1.71417
30	131	0.900432
30	143	0.880953
30	147	1.67815
30	178	0.853957
31	46	0.979247
31	48	0.970231
31	50	0.945232
31	51	0.958277
31	61	0.899697
31	69	0.974149
31	83	1.0135
31	90	0.997086
31	121	1.01865
31	135	1.57924
31	158	1.32004
31	160	1.4624
31	164	0.922614
31	174	1.06289
32	4	1.04566
32	20	1.04566
32	54	0.923667
32	55	1.01224
32	62	0.963976
32	81	1.01264
32	133	1.42435
32	146	1.0279
32	147	1.09388
32	148	1.17355
32	155	0.998291
32	166	1.06913
32	178	1.35339
33	9	0.993102
33	27	1.09191
33	28	0.998095
33	38	0.89065
33	40	0.991528
33	43	0.991209
33	59	1.02955
33	106	1.21941
33	108	1.07962
33	128	1.0734
33	139	1.08541
33	146	1.04676
33	154	1.622
34	19	1.05828
34	26	1.0509
34	36	1.12819
34	61	0.631084
34	68	1.09644
34	86	0.774929
34	87	0.949372
34	146	1.09758
34	152	1.33585
34	158	1.07155
34	166	1.1388
34	174	1.12877
34	175	1.81445
34	178	1.023
35	20	0.811602
35	92	0.721649
35	120	1.09521
35	125	0.908589
35	134	0.909062
35	152	1.04062
35	160	1.03065
35	170	0.959201
35	171	0.913637
35	173	0.989957
35	175	0.935267
35	177	0.936208
35	179	0.953952
35	180	0.943912
36	1	1.0934
36	34	1.12819
36	68	1.09022
36	101	0.790946
36	128	1.0839
36	137	1.04071
36	145	1.2578
36	146	1.09136
36	156	1.00887
36	158	1.06533
36	159	1.43741
36	166	1.13259
36	174	1.12255
36	178	1.01678
37	44	0.880042
37	79	0.835312
37	126	0.735566
37	137	0.691574
37	156	1.12004
37	162	1.07029
37	165	0.987285
37	168	0.900945
37	169	0.945245
37	170	0.962968
37	176	0.963509
37	177	0.939975
37	179	0.957719
37	180	0.947679
38	9	0.850971
38	27	0.949777
38	28	0.855964
38	33	0.89065
38	40	0.849397
38	43	0.849078
38	58	0.915279
38	59	0.887422
38	88	1.43449
38	100	0.9099
38	108	0.937488
38	146	0.904632
38	156	1.38245
38	175	2.25787
39	5	0.92874
39	10	0.92874
39	57	1.02895
39	76	0.972485
39	92	1.04946
39	99	1.03479
39	103	1.00262
39	119	1.18413
39	133	1.35186
39	137	0.975512
39	158	1.00013
39	164	1.54145
39	172	0.888515
39	178	1.28089
40	9	0.951849
40	27	1.05065
40	28	0.956841
40	33	0.991528
40	38	0.849397
40	43	0.949956
40	59	0.988299
40	100	1.01078
40	108	1.03837
40	120	1.14768
40	136	1.10388
40	146	1.00551
40	164	1.39716
40	175	1.71352
41	84	1.05388
41	115	0.953959
41	117	1.01071
41	123	0.978643
41	126	0.966144
41	127	1.01417
41	130	0.998101
41	141	0.988646
41	148	1.19337
41	153	0.989543
41	155	0.999205
41	160	1.32945
41	172	0.891173
41	179	1.77159
42	13	0.990948
42	53	1.02937
42	66	0.992799
42	70	1.00962
42	73	0.923142
42	77	0.980715
42	86	1.02959
42	109	0.942123
42	118	0.909528
42	122	1.01133
42	137	0.946005
42	155	0.96704
42	170	1.80915
42	173	1.57917
43	9	0.95153
43	27	1.05034
43	28	0.956523
43	33	0.991209
43	38	0.849078
43	40	0.949956
43	59	0.987981
43	100	1.01046
43	108	1.03805
43	118	1.14048
43	132	1.23986
43	138	1.37373
43	146	1.00519
43	178	1.54141
44	7	0.84209
44	15	1.00379
44	25	0.996641
44	37	0.880042
44	45	0.959103
44	49	1.04707
44	60	1.01
44	63	0.985889
44	65	0.986013
44	66	1.01171
44	145	0.993387
44	150	1.24196
44	153	0.97869
44	176	1.89503
45	15	0.98771
45	25	0.980566
45	44	0.959103
45	49	1.03099
45	60	0.993923
45	63	0.969813
45	65	0.969938
45	141	0.961717
45	145	0.977312
45	150	0.742257
45	151	1.10151
45	153	0.962614
45	154	1.31958
45	171	2.18042
46	31	0.979247
46	48	0.946831
46	51	0.934876
46	83	0.990104
46	90	0.973686
46	114	1.01888
46	118	1.02614
46	121	0.995254
46	129	0.803423
46	164	0.899214
46	172	1.46365
46	174	1.03949
46	176	1.52843
46	179	1.52594
47	58	0.838445
47	82	0.929036
47	114	0.791914
47	134	0.848491
47	139	1.08962
47	154	0.949093
47	161	0.909105
47	162	1.03198
47	163	1.01002
47	165	0.948977
47	175	0.900726
47	176	0.925201
47	177	0.901667
47	179	0.919412
47	180	0.909371
48	14	0.876923
48	31	0.970231
48	46	0.946831
48	50	0.912815
48	83	0.981087
48	90	0.96467
48	114	1.00986
48	121	0.986237
48	128	0.940028
48	135	1.50079
48	156	1.12919
48	159	1.55773
48	164	0.890198
48	174	1.03047
48	178	1.42771
49	21	1.0614
49	25	1.06853
49	44	1.04707
49	45	1.03099
49	52	0.983419
49	60	1.08189
49	63	1.05778
49	65	1.0579
49	141	1.04968
49	153	1.05058
49	159	1.06989
49	162	0.863142
49	175	1.51678
49	177	1.55059
49	178	0.93987
50	6	1.00058
50	31	0.945232
50	48	0.912815
50	69	0.916733
50	83	0.956088
50	109	1.16988
50	114	0.984865
50	118	0.992127
50	121	0.961238
50	129	1.17294
50	145	0.949706
50	154	1.8222
50	162	1.42035
50	164	0.865198
50	174	1.00548
51	14	0.864968
51	31	0.958277
51	46	0.934876
51	83	0.969133
51	90	0.952715
51	100	0.992593
51	114	0.99791
51	119	1.23964
51	121	0.974283
51	122	0.957524
51	158	1.15029
51	164	0.878243
51	165	1.56883
51	172	1.67251
51	174	1.01852
52	49	0.983419
52	60	0.946347
52	76	0.900639
52	103	0.930776
52	114	1.36426
52	117	1.19795
52	145	0.929737
52	150	0.945669
52	153	0.915039
52	172	0.816669
52	174	1.09067
52	175	0.777016
52	177	0.777957
52	179	0.795701
52	180	0.785661
53	2	0.973015
53	13	1.08777
53	24	1.07034
53	42	1.02937
53	70	1.10644
53	73	1.01996
53	77	1.07753
53	109	1.03894
53	120	1.28019
53	122	0.969993
53	129	0.944992
53	137	1.04282
53	139	1.05765
53	155	1.06386
53	176	1.67
54	4	0.97427
54	20	0.97427
54	23	0.979169
54	32	0.923667
54	55	0.940847
54	58	0.967157
54	62	0.892585
54	81	0.941249
54	89	1.12476
54	108	0.989367
54	129	1.30944
54	146	0.95651
54	155	0.926901
54	166	0.997738
54	173	1.90228
55	3	0.919301
55	4	1.06284
55	7	0.869209
55	20	1.06284
55	32	1.01224
55	54	0.940847
55	62	0.981155
55	81	1.02982
55	108	1.07794
55	144	1.25087
55	146	1.04508
55	147	0.987125
55	155	1.01547
55	166	1.08631
55	173	1.51534
55	178	1.24663
56	30	0.928819
56	74	0.926435
56	84	0.770946
56	85	1.05385
56	104	1.02218
56	107	1.02035
56	110	1.00568
56	113	1.01578
56	125	1.03161
56	131	1.03293
56	143	1.01345
56	173	1.35898
56	174	1.09223
56	175	1.66718
56	178	0.986454
56	179	1.48866
57	5	0.966124
57	10	0.966124
57	16	1.05999
57	39	1.02895
57	66	1.02896
57	76	1.00987
57	92	1.08685
57	99	1.07217
57	103	1.04001
57	116	1.13423
57	122	1.21227
57	132	1.20984
57	133	1.58237
57	137	1.0129
57	158	1.03751
57	172	0.925899
58	28	1.02272
58	38	0.915279
58	47	0.838445
58	54	0.967157
58	59	1.05418
58	61	0.669726
58	62	1.00747
58	81	1.05613
58	106	1.19872
58	115	0.996535
58	123	1.02122
58	126	1.00872
58	130	1.04068
58	166	1.11262
58	169	1.87306
58	178	1.27618
59	9	0.989874
59	27	1.08868
59	28	0.994866
59	33	1.02955
59	38	0.887422
59	40	0.988299
59	43	0.987981
59	58	1.05418
59	100	1.0488
59	106	1.18762
59	108	1.07639
59	124	0.947794
59	146	1.04353
59	152	1.36339
59	162	1.18836
59	164	1.52564
60	15	1.0386
60	21	1.02433
60	25	1.03146
60	44	1.01
60	45	0.993923
60	49	1.08189
60	52	0.946347
60	63	1.02071
60	65	1.02083
60	120	1.04446
60	141	1.01261
60	153	1.01351
60	154	1.35851
60	159	1.16341
60	169	1.63027
60	178	1.03339
61	7	1.97268
61	31	0.899697
61	34	0.631084
61	58	0.669726
61	68	0.677218
61	159	1.0603
61	161	0.983368
61	165	1.02324
61	168	0.936901
61	169	0.981201
61	171	0.95336
61	173	1.02968
61	175	0.97499
61	176	0.999465
61	177	0.975931
61	179	0.993675
61	180	0.983635
62	4	1.01458
62	20	1.01458
62	32	0.963976
62	54	0.892585
62	55	0.981155
62	58	1.00747
62	79	0.987986
62	81	0.981558
62	108	1.02968
62	128	1.04004
62	145	1.21394
62	146	0.996819
62	155	0.96721
62	160	1.21977
62	163	1.27918
62	166	1.03805
62	170	1.76221
63	7	0.8528
63	15	1.0145
63	21	1.00022
63	25	1.00735
63	44	0.985889
63	45	0.969813
63	49	1.05778
63	60	1.02071
63	65	0.996723
63	141	0.988503
63	145	1.0041
63	149	0.886779
63	152	0.957035
63	153	0.9894
63	168	2.30578
63	173	1.12744
63	179	1.25711
64	82	0.958662
64	91	0.99606
64	94	1.0678
64	105	0.9798
64	107	0.979966
64	110	0.9653
64	111	0.757507
64	125	0.99123
64	131	0.992544
64	134	0.989202
64	136	1.27288
64	143	0.973066
64	162	1.22888
64	165	1.53803
64	166	1.06187
64	178	0.946069
64	179	1.70399
65	7	0.852924
65	15	1.01462
65	21	1.00034
65	25	1.00748
65	44	0.986013
65	45	0.969938
65	49	1.0579
65	60	1.02083
65	63	0.996723
65	118	0.958554
65	122	1.06035
65	141	0.988627
65	145	1.00422
65	152	1.45779
65	153	0.989524
65	162	1.28276
65	167	1.73721
66	42	0.992799
66	44	1.01171
66	57	1.02896
66	70	1.06986
66	73	0.983388
66	77	1.04096
66	78	0.738141
66	83	0.705131
66	110	1.00155
66	123	0.842967
66	125	1.02748
66	143	1.00931
66	163	0.988892
66	167	0.922987
66	174	1.08809
66	179	0.898285
66	180	0.888244
67	7	1.80804
67	102	1.06761
67	103	0.626149
67	110	0.694541
67	114	0.458552
67	131	0.390216
67	148	1.10909
67	150	1.10084
67	154	0.980553
67	165	0.980437
67	167	0.975573
67	169	0.938397
67	173	0.986876
67	175	0.932186
67	177	0.933127
67	179	0.950871
67	180	0.940831
68	1	1.06165
68	19	1.02031
68	26	1.01293
68	34	1.09644
68	36	1.09022
68	61	0.677218
68	109	1.00508
68	118	0.882742
68	124	0.966381
68	135	1.35676
68	137	1.00896
68	146	1.05961
68	156	0.985158
68	158	1.03358
68	166	1.10083
68	174	1.0908
68	177	1.8944
68	178	0.98503
69	6	1.0295
69	14	0.880841
69	18	0.991306
69	22	0.988387
69	31	0.974149
69	50	0.916733
69	79	0.994365
69	89	1.12541
69	90	0.968587
69	109	1.30702
69	114	1.01378
69	121	0.990155
69	128	0.943945
69	138	1.46653
69	141	0.963028
69	160	1.59047
69	164	0.894115
69	174	1.03439
70	2	0.953263
70	13	1.06801
70	24	1.05059
70	42	1.00962
70	53	1.10644
70	66	1.06986
70	73	1.00021
70	77	1.05778
70	86	1.10665
70	89	0.721242
70	101	0.713606
70	108	1.10657
70	128	1.00656
70	137	1.02307
70	145	1.18046
70	155	1.0441
70	175	1.80696
70	179	1.62843
71	16	0.901144
71	27	1.20439
71	99	0.88108
71	108	0.824125
71	140	1.12343
71	148	1.09223
71	161	0.923702
71	162	1.04658
71	163	1.02462
71	166	0.720618
71	167	0.958711
71	168	0.877234
71	169	0.921534
71	175	0.915323
71	176	0.939798
71	177	0.916264
71	179	0.934008
71	180	0.923968
72	78	1.08636
72	87	0.993148
72	96	1.03686
72	97	1.11132
72	98	1.09134
72	115	1.01317
72	117	1.06992
72	120	1.29238
72	123	1.03785
72	124	0.964024
72	126	1.02535
72	127	1.07338
72	130	1.05731
72	148	1.10148
72	155	1.05842
72	162	1.20459
72	172	0.950384
72	173	1.55003
73	2	0.866786
73	13	0.981537
73	24	0.96411
73	42	0.923142
73	53	1.01996
73	66	0.983388
73	70	1.00021
73	77	0.971304
73	86	1.02018
73	108	1.02009
73	109	0.932711
73	133	1.24436
73	137	0.936594
73	145	1.12381
73	151	1.28045
73	155	0.957628
73	167	1.55111
73	170	1.67208
74	6	1.04779
74	56	0.926435
74	92	1.06802
74	99	1.05334
74	103	1.02117
74	105	1.08454
74	123	0.994536
74	126	0.982037
74	127	1.03006
74	130	1.01399
74	157	0.932835
74	163	0.976705
74	166	0.741892
74	172	0.907066
74	174	0.792229
74	177	0.868354
74	179	0.886098
74	180	0.876057
75	85	0.990879
75	88	0.908484
75	93	0.947892
75	94	1.04521
75	104	0.959204
75	105	0.957212
75	112	0.943043
75	131	0.969956
75	134	0.966614
75	143	0.950477
75	160	1.11121
75	164	0.888976
75	166	1.03929
75	173	1.42367
75	174	1.02925
75	175	1.73187
75	178	0.923481
75	180	1.68783
76	5	0.909657
76	10	0.909657
76	16	1.00352
76	18	1.01995
76	39	0.972485
76	52	0.900639
76	57	1.00987
76	89	1.04666
76	92	1.03038
76	95	1.21898
76	99	1.0157
76	102	1.57218
76	103	0.983538
76	118	1.26193
76	137	0.956429
76	156	1.36435
76	158	0.981044
76	172	0.869431
77	2	0.924359
77	13	1.03911
77	24	1.02168
77	42	0.980715
77	53	1.07753
77	66	1.04096
77	70	1.05778
77	73	0.971304
77	86	1.07775
77	108	1.07767
77	109	0.990284
77	132	1.00956
77	137	0.994166
77	138	1.14343
77	148	1.13128
77	155	1.0152
77	156	1.0126
77	159	1.44114
77	172	1.64722
78	29	1.02057
78	66	0.738141
78	72	1.08636
78	84	0.901261
78	96	1.00791
78	97	1.08238
78	98	1.06239
78	115	0.984228
78	117	1.04098
78	123	1.00891
78	126	0.996414
78	127	1.04444
78	130	1.02837
78	145	1.171
78	149	1.24864
78	153	1.01981
78	165	1.453
78	172	0.921442
78	176	1.62146
79	37	0.835312
79	62	0.987986
79	69	0.994365
79	81	1.03665
79	101	0.932984
79	114	1.0625
79	121	1.03887
79	123	1.00174
79	126	0.989241
79	127	1.03727
79	130	1.0212
79	139	1.23795
79	150	1.19723
79	155	1.0223
79	163	1.46508
79	166	1.09314
79	172	0.91427
79	174	1.08311
79	178	1.44943
80	85	0.977377
80	91	0.959969
80	93	0.93439
80	101	1.21392
80	105	0.94371
80	109	1.40317
80	110	0.92921
80	118	1.0024
80	125	0.955139
80	131	0.956454
80	134	0.953112
80	138	1.56268
80	142	1.39491
80	143	0.936975
80	147	1.47086
80	153	0.945284
80	164	0.875474
80	174	1.01575
80	178	0.909979
81	4	1.06324
81	7	0.869611
81	20	1.06324
81	32	1.01264
81	54	0.941249
81	55	1.02982
81	58	1.05613
81	62	0.981558
81	79	1.03665
81	108	1.07834
81	120	1.14962
81	139	0.927076
81	146	1.04548
81	147	0.879043
81	152	1.23686
81	155	1.01587
81	166	1.08671
81	167	1.51627
81	177	1.74927
82	30	0.86655
82	47	0.929036
82	64	0.958662
82	93	0.948596
82	104	0.959907
82	107	0.958081
82	109	1.03958
82	112	0.943746
82	113	0.953509
82	125	0.969344
82	131	0.970659
82	134	0.967317
82	136	1.33405
82	143	0.951181
82	164	0.889679
82	165	1.59919
82	174	1.02996
82	178	0.924184
82	180	1.89964
83	6	1.06885
83	14	0.920196
83	23	0.533173
83	31	1.0135
83	46	0.990104
83	48	0.981087
83	50	0.956088
83	51	0.969133
83	66	0.705131
83	90	1.00794
83	114	1.05314
83	121	1.02951
83	122	1.01275
83	124	0.870281
83	128	0.9833
83	136	1.15485
83	163	1.20323
83	164	0.93347
83	168	2.63463
83	174	1.07375
84	41	1.05388
84	56	0.770946
84	78	0.901261
84	99	0.746864
84	114	0.910328
84	117	0.744018
84	150	1.12689
84	156	1.13924
84	157	1.02366
84	159	1.04355
84	161	0.966613
84	168	0.920146
84	170	0.982169
84	171	0.936605
84	173	1.01292
84	175	0.958234
84	176	0.982709
84	177	0.959176
84	179	0.97692
84	180	0.966879
85	30	0.921355
85	56	1.05385
85	75	0.990879
85	80	0.977377
85	104	1.01471
85	105	1.01272
85	107	1.01289
85	110	0.99822
85	112	0.998551
85	113	1.00831
85	131	1.02546
85	134	1.02212
85	143	1.00599
85	145	1.07152
85	158	0.93499
85	162	1.04438
85	164	0.944484
85	167	1.49883
85	169	1.71799
85	172	1.4572
86	2	0.973233
86	8	1.18717
86	21	0.883227
86	34	0.774929
86	42	1.02959
86	70	1.10665
86	73	1.02018
86	77	1.07775
86	93	0.846877
86	99	1.10232
86	103	1.07015
86	107	1.00882
86	158	1.06766
86	169	0.922601
86	171	0.89476
86	172	0.956043
86	174	0.493452
86	175	0.91639
86	179	0.935075
86	180	0.925035
87	2	1.26391
87	34	0.949372
87	72	0.993148
87	96	0.980469
87	105	0.960205
87	132	1.10898
87	148	1.07467
87	156	1.07877
87	157	0.963184
87	167	0.941149
87	168	0.859673
87	169	0.903973
87	171	0.876132
87	173	0.952452
87	175	0.897762
87	176	0.922237
87	177	0.898703
87	179	0.916447
87	180	0.906407
88	38	1.43449
88	75	0.908484
88	92	0.852341
88	115	0.844889
88	141	0.822295
88	151	1.05325
88	157	0.983737
88	163	1.02761
88	165	0.966566
88	168	0.880226
88	169	0.924525
88	170	0.942249
88	171	0.896685
88	173	0.973004
88	175	0.918314
88	176	0.942789
88	177	0.919256
88	179	0.937
88	180	0.926959
89	19	0.961456
89	54	1.12476
89	69	1.12541
89	70	0.721242
89	76	1.04666
89	92	1.12364
89	103	1.07679
89	104	0.774481
89	123	1.05016
89	126	1.03766
89	127	1.08568
89	130	1.06962
89	152	1.02839
89	172	0.962687
89	174	0.447257
89	177	0.923975
89	178	1.02575
89	179	0.941719
89	180	0.931679
90	6	1.05243
90	14	0.903778
90	22	1.01132
90	31	0.997086
90	46	0.973686
90	48	0.96467
90	51	0.952715
90	69	0.968587
90	83	1.00794
90	114	1.03672
90	118	1.04398
90	119	1.22784
90	121	1.01309
90	129	1.00047
90	133	1.39557
90	142	0.989151
90	145	1.00156
90	163	1.34026
90	174	1.05733
90	179	1.72299
91	8	0.943491
91	64	0.99606
91	80	0.959969
91	104	0.997305
91	107	0.995478
91	112	0.981144
91	113	0.990906
91	125	1.00674
91	131	1.00806
91	132	0.787027
91	134	1.00471
91	143	0.988578
91	149	1.11664
91	156	0.790067
91	163	1.10424
91	166	1.07739
91	171	2.27454
91	174	1.06735
91	178	0.961581
91	180	1.62145
92	5	0.986637
92	10	0.986637
92	16	1.0805
92	35	0.721649
92	39	1.04946
92	57	1.08685
92	74	1.06802
92	76	1.03038
92	88	0.852341
92	89	1.12364
92	99	1.09268
92	100	1.08932
92	103	1.06052
92	118	0.697882
92	132	0.797259
92	137	1.03341
92	158	1.05802
92	161	1.77148
92	164	1.35937
92	172	0.946411
92	176	1.49969
93	75	0.947892
93	80	0.93439
93	82	0.948596
93	86	0.846877
93	94	1.05773
93	104	0.971726
93	105	0.969734
93	107	0.969899
93	110	0.955233
93	112	0.955565
93	113	0.965327
93	119	1.21272
93	125	0.981163
93	134	0.979136
93	142	0.974035
93	143	0.962999
93	149	1.33754
93	165	1.54191
93	166	1.05181
93	170	1.80818
93	174	1.04177
94	8	1.01523
94	18	0.313854
94	30	0.975687
94	64	1.0678
94	75	1.04521
94	93	1.05773
94	105	1.06705
94	112	1.05288
94	113	1.06265
94	125	1.07848
94	131	1.0798
94	134	1.07645
94	143	1.06032
94	144	0.961001
94	158	0.770651
94	162	0.880039
94	164	0.998816
94	168	2.40382
94	170	1.45546
94	173	1.22548
94	178	1.03332
95	8	1.2059
95	11	0.862671
95	24	0.808982
95	76	1.21898
95	125	0.841876
95	128	1.06295
95	142	1.14818
95	157	1.01033
95	161	0.953283
95	162	1.07616
95	163	1.0542
95	167	0.988292
95	169	0.951115
95	170	0.968838
95	174	0.512184
95	175	0.944904
95	176	0.969379
95	177	0.945845
95	179	0.96359
95	180	0.953549
96	17	1.00676
96	72	1.03686
96	78	1.00791
96	87	0.980469
96	97	1.03287
96	98	1.01288
96	115	0.934719
96	117	0.991468
96	123	0.959403
96	126	0.946905
96	127	0.99493
96	130	0.978862
96	141	0.969406
96	150	1.01644
96	153	0.970303
96	155	0.979966
96	157	1.45742
96	158	1.08252
96	159	1.39866
96	172	0.871933
96	180	1.80151
97	17	1.08123
97	18	0.547449
97	72	1.11132
97	78	1.08238
97	96	1.03287
97	98	1.08735
97	102	1.09968
97	115	1.00919
97	117	1.06593
97	123	1.03387
97	126	1.02137
97	127	1.0694
97	130	1.05333
97	132	0.888805
97	147	0.930856
97	153	1.04477
97	155	1.05443
97	162	1.11363
97	169	1.78724
97	172	0.9464
97	176	1.59124
98	29	1.02554
98	72	1.09134
98	78	1.06239
98	96	1.01288
98	97	1.08735
98	109	0.66988
98	115	0.989198
98	116	0.619898
98	117	1.04595
98	123	1.01388
98	126	1.00138
98	127	1.04941
98	128	1.0048
98	130	1.03334
98	141	1.02389
98	152	1.09538
98	153	1.02478
98	162	0.920346
98	171	2.18303
98	172	0.926413
98	175	1.57398
98	180	1.52994
99	5	0.971959
99	7	0.893504
99	10	0.971959
99	16	1.06582
99	39	1.03479
99	57	1.07217
99	71	0.88108
99	74	1.05334
99	76	1.0157
99	84	0.746864
99	86	1.10232
99	92	1.09268
99	100	1.07464
99	103	1.04584
99	124	0.748895
99	137	1.01873
99	158	1.04335
99	165	1.29861
99	172	0.931734
99	177	1.67691
99	178	1.06619
99	180	1.59906
100	28	1.01734
100	38	0.9099
100	40	1.01078
100	43	1.01046
100	51	0.992593
100	59	1.0488
100	92	1.08932
100	99	1.07464
100	103	1.04248
100	121	1.05297
100	139	0.941688
100	141	1.02584
100	145	1.04144
100	150	0.900962
100	158	1.03998
100	159	1.28318
100	162	1.07643
100	163	1.16882
100	167	1.53088
100	172	0.928371
100	174	1.09721
100	175	1.73007
101	27	0.873059
101	36	0.790946
101	70	0.713606
101	79	0.932984
101	80	1.21392
101	127	0.86246
101	154	1.0372
101	155	0.64005
101	159	1.07415
101	160	1.08421
101	161	0.997212
101	162	1.12009
101	165	1.03709
101	167	1.03222
101	168	0.950745
101	170	1.01277
101	173	1.04352
101	175	0.988834
101	176	1.01331
101	177	0.989775
101	179	1.00752
101	180	0.997479
102	67	1.06761
102	76	1.57218
102	97	1.09968
102	105	1.15769
102	136	0.97799
102	143	1.13219
102	144	0.975226
102	147	1.00847
102	154	0.889946
102	157	0.907001
102	159	0.926894
102	162	0.972833
102	166	0.815041
102	168	0.80349
102	169	0.84779
102	170	0.865513
102	173	0.896269
102	175	0.841579
102	176	0.866054
102	177	0.842521
102	179	0.860265
102	180	0.850224
103	5	0.939794
103	10	0.939794
103	16	1.03366
103	39	1.00262
103	52	0.930776
103	57	1.04001
103	67	0.626149
103	74	1.02117
103	76	0.983538
103	86	1.07015
103	89	1.07679
103	92	1.06052
103	99	1.04584
103	100	1.04248
103	137	0.986565
103	139	1.18578
103	147	1.13774
103	154	1.72237
103	156	1.09873
103	158	1.01118
103	163	1.41291
103	172	0.899568
103	178	1.39725
104	56	1.02218
104	75	0.959204
104	82	0.959907
104	85	1.01471
104	89	0.774481
104	91	0.997305
104	93	0.971726
104	105	0.981045
104	107	0.981211
104	110	0.966545
104	113	0.976639
104	125	0.992475
104	131	0.993789
104	133	1.35425
104	134	0.990447
104	142	0.947834
104	143	0.974311
104	153	0.982619
104	158	1.09717
104	160	1.23954
104	161	1.95595
104	165	1.51571
104	166	1.06312
104	178	0.947314
105	64	0.9798
105	74	1.08454
105	75	0.957212
105	80	0.94371
105	85	1.01272
105	87	0.960205
105	93	0.969734
105	94	1.06705
105	102	1.15769
105	104	0.981045
105	106	1.17091
105	107	0.979219
105	112	0.964884
105	125	0.990483
105	131	0.991797
105	134	0.988455
105	138	1.08069
105	143	0.972319
105	149	1.27643
105	164	0.910817
105	166	1.06113
105	172	1.58447
105	174	1.05109
105	178	0.945322
106	20	1.1113
106	27	1.31204
106	33	1.21941
106	58	1.19872
106	59	1.18762
106	105	1.17091
106	138	1.00967
106	147	1.04353
106	151	1.01158
106	152	0.981999
106	156	1.05765
106	161	0.88502
106	162	1.00789
106	165	0.924893
106	167	0.920029
106	168	0.838552
106	169	0.882852
106	171	0.855011
106	173	0.931331
106	175	0.876641
106	176	0.901116
106	177	0.877583
106	179	0.895327
106	180	0.885286
107	23	0.817027
107	56	1.02035
107	64	0.979966
107	82	0.958081
107	85	1.01289
107	86	1.00882
107	91	0.995478
107	93	0.969899
107	104	0.981211
107	105	0.979219
107	110	0.964718
107	112	0.96505
107	113	0.974812
107	131	0.991963
107	135	1.54452
107	140	1.16691
107	142	1.13597
107	143	0.972484
107	149	1.49948
107	153	0.980792
107	160	1.42768
107	164	0.910982
107	166	1.06129
107	174	1.05126
108	2	0.973149
108	24	1.07047
108	33	1.07962
108	38	0.937488
108	40	1.03837
108	43	1.03805
108	54	0.989367
108	55	1.07794
108	59	1.07639
108	62	1.02968
108	70	1.10657
108	71	0.824125
108	73	1.02009
108	77	1.07767
108	81	1.07834
108	139	0.797761
108	148	0.8294
108	155	1.06399
108	157	1.19801
108	161	1.6819
108	164	1.26979
108	166	1.13483
108	177	1.61996
108	178	1.00923
109	30	1.61046
109	42	0.942123
109	50	1.16988
109	53	1.03894
109	68	1.00508
109	69	1.30702
109	73	0.932711
109	77	0.990284
109	80	1.40317
109	82	1.03958
109	98	0.66988
109	137	0.955574
109	152	0.934281
109	155	0.976608
109	157	0.894345
109	162	0.960176
109	166	1.04745
109	168	0.790834
109	174	1.03741
109	175	0.828923
109	177	0.829864
109	178	0.931641
109	179	0.847608
109	180	0.837568
110	30	0.873187
110	56	1.00568
110	64	0.9653
110	66	1.00155
110	67	0.694541
110	80	0.92921
110	85	0.99822
110	93	0.955233
110	104	0.966545
110	107	0.964718
110	112	0.950384
110	113	0.960146
110	125	0.975982
110	131	0.977297
110	132	1.16408
110	134	0.973955
110	143	0.957818
110	150	1.21344
110	156	1.16712
110	158	1.27953
110	166	1.04663
110	172	1.80174
110	174	1.03659
110	176	1.86651
110	178	0.930822
111	5	1.12396
111	26	0.781418
111	64	0.757507
111	119	1.1138
111	121	0.560776
111	127	0.830803
111	131	0.613216
111	134	0.738129
111	143	0.67478
111	144	1.09753
111	150	1.13253
111	152	1.06924
111	156	1.14489
111	159	1.0492
111	162	1.09513
111	165	1.01213
111	167	1.00727
111	169	0.970092
111	170	0.987815
111	171	0.942251
111	175	0.963881
111	176	0.988356
111	177	0.964822
111	179	0.982566
111	180	0.972526
112	8	0.913063
112	75	0.943043
112	82	0.943746
112	85	0.998551
112	91	0.981144
112	93	0.955565
112	94	1.05288
112	105	0.964884
112	107	0.96505
112	110	0.950384
112	125	0.976314
112	131	0.977628
112	134	0.974286
112	143	0.95815
112	145	0.920477
112	147	0.710557
112	164	0.896648
112	166	1.04696
112	170	1.46875
112	171	2.15602
112	172	1.30616
112	174	1.03692
112	176	1.37094
112	177	1.58079
112	178	0.931153
113	11	0.929455
113	30	0.883281
113	56	1.01578
113	82	0.953509
113	85	1.00831
113	91	0.990906
113	93	0.965327
113	94	1.06265
113	104	0.976639
113	107	0.974812
113	110	0.960146
113	125	0.986076
113	131	0.987391
113	133	1.24724
113	134	0.984049
113	143	0.967912
113	148	0.996442
113	151	1.28333
113	153	0.976221
113	163	1.19193
113	164	0.90641
113	169	1.77316
113	173	1.44499
113	178	0.940916
113	179	1.57466
114	6	1.09763
114	14	0.948973
114	22	1.05652
114	46	1.01888
114	47	0.791914
114	48	1.00986
114	50	0.984865
114	51	0.99791
114	52	1.36426
114	67	0.458552
114	69	1.01378
114	79	1.0625
114	83	1.05314
114	84	0.910328
114	90	1.03672
114	121	1.05829
114	122	1.04153
114	128	1.01208
114	132	0.928096
114	141	1.03116
114	159	1.35967
114	163	1.24531
114	164	0.962247
114	172	1.56575
114	174	1.10252
115	17	0.983074
115	29	0.947376
115	41	0.953959
115	58	0.996535
115	72	1.01317
115	78	0.984228
115	88	0.844889
115	96	0.934719
115	97	1.00919
115	98	0.989198
115	117	0.967781
115	122	0.956087
115	123	0.935717
115	126	0.923218
115	127	0.971243
115	128	0.926636
115	130	0.955175
115	141	0.94572
115	144	1.0956
115	153	0.946617
115	161	1.76403
115	166	0.0728316
115	167	1.46908
115	168	2.53842
115	172	0.848247
115	180	1.62423
116	57	1.13423
116	98	0.619898
116	126	0.972506
116	130	0.573471
116	137	0.928514
116	139	1.14114
116	147	1.11914
116	155	0.779318
116	159	1.03756
116	160	1.04762
116	161	0.960624
116	162	1.0835
116	163	1.06154
116	164	1.02046
116	165	1.0005
116	166	0.528551
116	167	0.995632
116	168	0.914156
116	170	0.976179
116	173	1.00693
116	174	0.578889
116	175	0.952245
116	176	0.97672
116	177	0.953186
116	179	0.97093
116	180	0.96089
117	17	1.03982
117	29	1.00413
117	41	1.01071
117	52	1.19795
117	72	1.06992
117	78	1.04098
117	84	0.744018
117	96	0.991468
117	97	1.06593
117	98	1.04595
117	115	0.967781
117	122	1.01284
117	123	0.992466
117	126	0.979967
117	127	1.02799
117	130	1.01192
117	141	1.00247
117	149	1.09139
117	153	1.00337
117	155	1.01303
117	159	1.19336
117	164	1.3239
117	172	0.904996
117	173	1.33205
117	178	1.06334
117	180	1.59621
118	19	1.06933
118	22	1.06378
118	42	0.909528
118	43	1.14048
118	46	1.02614
118	50	0.992127
118	65	0.958554
118	68	0.882742
118	76	1.26193
118	80	1.0024
118	90	1.04398
118	92	0.697882
118	121	1.06555
118	131	1.05049
118	134	1.04715
118	137	0.904756
118	141	1.03842
118	143	1.03101
118	152	1.00665
118	164	0.969509
118	170	0.92523
118	173	0.955986
118	176	0.925771
118	177	0.902238
118	178	1.00401
118	179	0.919982
118	180	0.909941
119	28	1.04295
119	39	1.18413
119	51	1.23964
119	90	1.22784
119	93	1.21272
119	111	1.1138
119	133	0.9773
119	142	1.05935
119	143	1.12611
119	149	1.00082
119	150	1.02473
119	154	0.904439
119	156	1.03708
119	159	0.941387
119	160	0.951451
119	161	0.86445
119	162	0.987325
119	166	0.808962
119	167	0.899459
119	169	0.862283
119	170	0.880006
119	171	0.834442
119	173	0.910762
119	175	0.856071
119	176	0.880547
119	177	0.857013
119	179	0.874757
119	180	0.864717
120	6	1.22269
120	35	1.09521
120	40	1.14768
120	53	1.28019
120	60	1.04446
120	72	1.29238
120	81	1.14962
120	130	0.961714
120	138	0.999128
120	147	1.03299
120	150	1.03475
120	152	0.971455
120	154	0.914465
120	157	0.93152
120	159	0.951413
120	160	0.961477
120	161	0.874476
120	162	0.997351
120	167	0.909485
120	169	0.872309
120	170	0.890032
120	171	0.844468
120	173	0.920788
120	175	0.866098
120	176	0.890573
120	177	0.867039
120	179	0.884783
120	180	0.874743
121	3	0.781546
121	6	1.074
121	14	0.925346
121	22	1.03289
121	31	1.01865
121	46	0.995254
121	48	0.986237
121	50	0.961238
121	51	0.974283
121	69	0.990155
121	79	1.03887
121	83	1.02951
121	90	1.01309
121	100	1.05297
121	111	0.560776
121	114	1.05829
121	118	1.06555
121	122	1.0179
121	135	1.18196
121	136	1.07615
121	141	1.00753
121	144	1.11311
121	145	1.02313
121	158	0.92276
121	163	1.12453
121	164	0.93862
121	170	1.60756
121	171	2.29484
121	174	1.0789
122	2	1.25294
122	13	0.955373
122	42	1.01133
122	51	0.957524
122	53	0.969993
122	57	1.21227
122	65	1.06035
122	83	1.01275
122	114	1.04153
122	115	0.956087
122	117	1.01284
122	121	1.0179
122	123	0.980771
122	125	0.986624
122	126	0.968273
122	127	1.0163
122	128	0.971691
122	130	1.00023
122	134	0.987096
122	135	0.964073
122	145	1.00637
122	163	0.962941
122	167	0.897036
122	168	0.81556
122	170	0.877583
122	174	1.06214
122	176	0.878123
122	177	0.85459
122	179	0.872334
122	180	0.862293
123	17	1.00776
123	29	0.97206
123	41	0.978643
123	58	1.02122
123	66	0.842967
123	72	1.03785
123	74	0.994536
123	78	1.00891
123	79	1.00174
123	89	1.05016
123	96	0.959403
123	97	1.03387
123	98	1.01388
123	115	0.935717
123	117	0.992466
123	122	0.980771
123	126	0.947902
123	127	0.995927
123	128	0.951321
123	130	0.979859
123	132	1.02385
123	141	0.970404
123	144	1.32965
123	155	0.980963
123	165	1.55783
123	167	1.70313
123	169	1.92229
123	172	0.872931
123	173	1.59412
123	174	0.0459436
123	178	1.32541
124	59	0.947794
124	68	0.966381
124	72	0.964024
124	83	0.870281
124	99	0.748895
124	127	1.06161
124	129	1.11716
124	136	1.06545
124	142	1.13232
124	143	0.905585
124	149	1.07379
124	150	1.0977
124	153	0.775462
124	156	1.11005
124	157	0.994466
124	160	1.02442
124	161	0.937422
124	162	1.0603
124	165	0.977295
124	167	0.972431
124	168	0.890955
124	170	0.952978
124	171	0.907414
124	173	0.983734
124	174	0.63877
124	175	0.929043
124	176	0.953519
124	177	0.929985
124	179	0.947729
124	180	0.937689
125	8	0.938661
125	11	0.945291
125	30	0.899117
125	35	0.908589
125	56	1.03161
125	64	0.99123
125	66	1.02748
125	80	0.955139
125	82	0.969344
125	91	1.00674
125	93	0.981163
125	94	1.07848
125	95	0.841876
125	104	0.992475
125	105	0.990483
125	110	0.975982
125	112	0.976314
125	113	0.986076
125	122	0.986624
125	131	1.00323
125	134	0.999885
125	140	0.981243
125	143	0.983748
125	157	1.47453
125	158	1.09964
125	159	1.41578
125	164	0.922246
125	172	1.62185
125	174	1.06252
125	178	0.956751
125	179	1.68414
126	17	0.995259
126	29	0.959562
126	37	0.735566
126	41	0.966144
126	58	1.00872
126	72	1.02535
126	74	0.982037
126	78	0.996414
126	79	0.989241
126	89	1.03766
126	96	0.946905
126	97	1.02137
126	98	1.00138
126	115	0.923218
126	116	0.972506
126	117	0.979967
126	122	0.968273
126	123	0.947902
126	127	0.983428
126	128	0.938822
126	129	1.02555
126	130	0.967361
126	140	1.04517
126	141	0.957905
126	142	1.01423
126	153	0.958802
126	155	0.968465
126	157	1.53846
126	172	0.860432
126	175	1.92659
126	177	1.96041
126	178	1.34968
127	3	1.05157
127	17	1.04328
127	29	1.00759
127	41	1.01417
127	72	1.07338
127	74	1.03006
127	78	1.04444
127	79	1.03727
127	89	1.08568
127	96	0.99493
127	97	1.0694
127	98	1.04941
127	101	0.86246
127	111	0.830803
127	115	0.971243
127	117	1.02799
127	122	1.0163
127	123	0.995927
127	124	1.06161
127	126	0.983428
127	128	0.986847
127	130	1.01539
127	138	1.21122
127	140	1.07439
127	141	1.00593
127	147	1.1194
127	150	1.1267
127	153	1.00683
127	155	1.01649
127	158	1.19279
127	172	0.908457
127	179	1.77729
128	10	1.36645
128	30	1.71417
128	33	1.0734
128	36	1.0839
128	48	0.940028
128	62	1.04004
128	69	0.943945
128	70	1.00656
128	83	0.9833
128	95	1.06295
128	98	1.0048
128	114	1.01208
128	115	0.926636
128	122	0.971691
128	123	0.951321
128	126	0.938822
128	127	0.986847
128	130	0.970779
128	133	0.945426
128	137	1.0822
128	155	0.971883
128	156	1.0052
128	164	0.89241
128	166	0.682242
128	168	0.786109
128	169	0.830408
128	171	0.802568
128	172	0.863851
128	173	0.878888
128	174	1.03269
128	179	0.842883
128	180	0.832842
129	10	1.2658
129	46	0.803423
129	50	1.17294
129	53	0.944992
129	54	1.30944
129	90	1.00047
129	124	1.11716
129	126	1.02555
129	133	1.0155
129	139	1.08317
129	140	1.10238
129	143	0.898746
129	147	1.06117
129	149	1.03902
129	150	1.06293
129	151	1.02921
129	154	0.942639
129	160	0.989652
129	163	1.00356
129	165	0.942524
129	167	0.93766
129	168	0.856184
129	170	0.918207
129	171	0.872643
129	172	0.933926
129	173	0.948962
129	174	0.631931
129	175	0.894272
129	176	0.918747
129	177	0.895214
129	179	0.912958
129	180	0.902917
130	17	1.02722
130	29	0.991519
130	41	0.998101
130	58	1.04068
130	72	1.05731
130	74	1.01399
130	78	1.02837
130	79	1.0212
130	89	1.06962
130	96	0.978862
130	97	1.05333
130	98	1.03334
130	115	0.955175
130	116	0.573471
130	117	1.01192
130	120	0.961714
130	122	1.00023
130	123	0.979859
130	126	0.967361
130	127	1.01539
130	128	0.970779
130	141	0.989862
130	153	0.990759
130	155	1.00042
130	157	1.13943
130	160	0.906896
130	161	1.62331
130	167	1.32837
130	172	0.892389
130	173	1.21936
130	175	1.52755
130	177	1.56137
130	179	1.34903
131	8	0.939976
131	30	0.900432
131	56	1.03293
131	64	0.992544
131	67	0.390216
131	75	0.969956
131	80	0.956454
131	82	0.970659
131	85	1.02546
131	91	1.00806
131	94	1.0798
131	104	0.993789
131	105	0.991797
131	107	0.991963
131	110	0.977297
131	111	0.613216
131	112	0.977628
131	113	0.987391
131	118	1.05049
131	125	1.00323
131	134	1.0012
131	142	0.825862
131	143	0.985063
131	151	1.26837
131	153	0.993371
131	158	0.9752
131	162	1.08459
131	164	0.923561
131	170	1.66
131	171	2.34728
131	174	1.06384
131	176	1.56219
131	177	1.77204
131	178	0.958066
132	43	1.23986
132	57	1.20984
132	77	1.00956
132	87	1.10898
132	91	0.787027
132	92	0.797259
132	97	0.888805
132	110	1.16408
132	114	0.928096
132	123	1.02385
132	139	1.10627
132	140	1.12548
132	147	1.08427
132	150	1.08603
132	151	1.05231
132	154	0.965741
132	155	0.854937
132	157	0.982796
132	159	1.00269
132	160	1.01275
132	161	0.925752
132	162	1.04863
132	163	1.02667
132	165	0.965625
132	168	0.879285
132	170	0.941308
132	171	0.895744
132	172	0.957027
132	173	0.972064
132	175	0.917374
132	176	0.941849
132	177	0.918315
132	179	0.936059
132	180	0.926019
133	32	1.42435
133	39	1.35186
133	57	1.58237
133	73	1.24436
133	90	1.39557
133	104	1.35425
133	113	1.24724
133	119	0.9773
133	128	0.945426
133	129	1.0155
133	138	0.960413
133	140	1.03549
133	142	1.03066
133	152	0.932741
133	154	0.87575
133	157	0.892805
133	159	0.912698
133	161	0.835762
133	163	0.936676
133	165	0.875635
133	167	0.870771
133	168	0.789294
133	169	0.833594
133	170	0.851317
133	171	0.805753
133	173	0.882073
133	175	0.827383
133	176	0.851858
133	177	0.828325
133	178	0.930101
133	179	0.846069
133	180	0.836028
134	8	0.936634
134	11	0.943264
134	35	0.909062
134	47	0.848491
134	64	0.989202
134	75	0.966614
134	80	0.953112
134	82	0.967317
134	85	1.02212
134	91	1.00471
134	93	0.979136
134	94	1.07645
134	104	0.990447
134	105	0.988455
134	110	0.973955
134	111	0.738129
134	112	0.974286
134	113	0.984049
134	118	1.04715
134	122	0.987096
134	125	0.999885
134	131	1.0012
134	142	0.950775
134	143	0.981721
134	150	1.03403
134	151	1.39329
134	153	0.990029
134	157	1.47501
134	158	1.10011
134	164	0.920219
134	166	1.07053
134	171	2.47219
134	174	1.0605
134	178	0.954724
135	16	1.15934
135	31	1.57924
135	48	1.50079
135	68	1.35676
135	107	1.54452
135	121	1.18196
135	122	0.964073
135	138	0.94961
135	140	1.02469
135	143	1.29597
135	147	0.983473
135	149	0.961325
135	151	0.951518
135	152	0.921937
135	154	0.864947
135	156	0.997585
135	159	0.901895
135	160	0.911959
135	161	0.824958
135	163	0.925872
135	165	0.864831
135	167	0.859967
135	168	0.778491
135	169	0.822791
135	170	0.840514
135	171	0.79495
135	173	0.87127
135	175	0.81658
135	176	0.841055
135	177	0.817521
135	178	0.919298
135	179	0.835265
135	180	0.825225
136	13	1.22178
136	40	1.10388
136	64	1.27288
136	82	1.33405
136	83	1.15485
136	102	0.97799
136	121	1.07615
136	124	1.06545
136	137	1.27296
136	138	0.975596
136	139	1.03146
136	142	1.04584
136	144	0.976213
136	147	1.00946
136	149	0.987311
136	151	0.977504
136	156	1.02357
136	159	0.927881
136	161	0.850944
136	163	0.951858
136	165	0.890817
136	167	0.885953
136	168	0.804477
136	169	0.848777
136	170	0.8665
136	171	0.820936
136	173	0.897256
136	174	0.92334
136	175	0.842566
136	176	0.867041
136	177	0.843507
136	179	0.861251
136	180	0.851211
137	13	1.0044
137	19	0.970799
137	24	0.986973
137	36	1.04071
137	37	0.691574
137	39	0.975512
137	42	0.946005
137	53	1.04282
137	57	1.0129
137	68	1.00896
137	70	1.02307
137	73	0.936594
