1	26	0.48086
1	84	0.439153
1	118	0.348351
1	141	1.12623
1	152	1.15736
1	174	1.07966
1	175	1.02935
1	176	1.07957
1	177	0.997417
1	178	1.00791
1	179	1.08767
1	180	1.03753
2	33	1.18446
2	62	0.802468
2	74	1.19644
2	78	1.18516
2	96	1.20918
2	103	1.18807
2	108	1.24512
2	111	1.24502
2	154	0.534452
2	155	1.17115
2	173	0.947376
2	175	1.6371
3	5	1.2986
3	6	1.27171
3	16	1.13685
3	19	1.22163
3	26	1.22163
3	39	1.18214
3	131	0.84466
3	145	1.20445
3	148	0.888292
3	149	1.10932
3	155	0.731798
3	172	1.45144
4	31	1.14325
4	40	1.22356
4	44	1.22189
4	68	1.22963
4	69	1.23405
4	73	1.23205
4	121	0.4217
4	129	1.14194
4	139	1.15796
4	140	0.759624
4	159	0.475594
4	178	2.27139
5	3	1.2986
5	16	1.13959
5	19	1.22437
5	26	1.22437
5	30	1.22994
5	39	1.18488
5	138	0.66961
5	145	1.20719
5	149	1.11207
5	155	0.870936
5	160	1.29867
5	161	1.07287
6	3	1.27171
6	19	1.19748
6	26	1.19748
6	30	1.20305
6	39	1.15799
6	42	1.32228
6	91	0.469598
6	137	1.05047
6	142	1.15321
6	145	1.1803
6	149	1.08518
6	168	1.1925
7	21	1.21598
7	23	1.21047
7	41	1.30325
7	45	1.25329
7	65	1.18013
7	124	1.20172
7	132	0.962903
7	134	0.606455
7	142	1.11587
7	155	0.912318
7	164	1.40965
7	165	1.1389
8	31	1.00077
8	37	0.495987
8	40	1.08108
8	43	1.20499
8	44	1.07941
8	60	1.02309
8	68	1.08715
8	73	1.08957
8	129	0.999461
8	139	1.01548
8	169	1.57896
8	170	1.46983
9	51	1.20428
9	54	1.20409
9	55	1.13384
9	70	1.24354
9	76	1.27844
9	85	1.27887
9	91	0.559886
9	125	1.24246
9	133	0.842678
9	148	1.2154
9	161	1.15199
9	168	1.11382
10	40	1.20478
10	43	1.32869
10	60	1.14678
10	68	1.21085
10	69	1.21526
10	73	1.21327
10	125	0.510278
10	129	1.12316
10	139	1.13918
10	146	0.712919
10	177	2.12305
10	179	0.613658
11	16	1.00162
11	30	1.09197
11	42	1.21119
11	60	1.01435
11	68	1.07841
11	69	1.08283
11	73	1.08083
11	134	0.830091
11	145	1.06921
11	149	0.97409
11	158	1.16188
11	176	1.5285
12	27	1.10136
12	34	1.05378
12	63	1.10687
12	66	1.06621
12	71	1.06199
12	72	1.06028
12	90	1.09825
12	95	1.07141
12	155	0.809735
12	167	1.00954
12	172	1.52937
12	173	1.21076
13	51	1.20428
13	54	1.20409
13	55	1.13384
13	70	1.24354
13	76	1.27844
13	85	1.27887
13	139	0.927072
13	150	0.915203
13	156	0.713309
13	161	1.15199
13	168	1.11382
13	170	1.37068
14	21	1.21076
14	35	1.18065
14	41	1.29803
14	45	1.24807
14	49	1.25753
14	65	1.17491
14	116	0.798012
14	120	0.911072
14	136	0.702143
14	142	1.11065
14	165	1.13368
14	170	1.50268
15	35	1.19599
15	64	1.20093
15	71	1.20951
15	72	1.2078
15	90	1.24577
15	95	1.21893
15	120	1.17283
15	121	0.541907
15	145	0.913587
15	150	1.04845
15	160	1.3833
15	167	1.15706
16	3	1.13685
16	5	1.13959
16	11	1.00162
16	19	1.06262
16	26	1.06262
16	39	1.02313
16	42	1.18742
16	121	0.837
16	125	1.43421
16	145	1.04544
16	147	1.25081
16	149	0.950314
17	51	1.10428
17	54	1.10409
17	55	1.03384
17	70	1.14354
17	76	1.17844
17	85	1.17887
17	129	0.939553
17	161	1.05199
17	168	1.01382
17	169	1.26625
17	170	1.15712
18	47	1.16707
18	56	1.2488
18	58	1.23772
18	75	1.27227
18	83	1.17863
18	105	1.27372
18	126	0.80923
18	128	0.794423
18	154	0.978277
18	157	1.15808
18	166	1.33082
18	171	1.07211
19	3	1.22163
19	5	1.22437
19	6	1.19748
19	16	1.06262
19	28	0.882639
19	30	1.15297
19	39	1.10791
19	42	1.27219
19	79	0.845533
19	128	1.05582
19	145	1.13022
19	149	1.03509
19	158	1.2775
20	31	1.0887
20	40	1.16901
20	43	1.29292
20	60	1.11101
20	68	1.17508
20	69	1.17949
20	73	1.1775
20	81	0.5913
20	129	1.08739
20	133	0.900241
20	139	1.10341
20	156	1.00746
20	173	1.5175
21	7	1.21598
21	14	1.21076
21	23	1.1551
21	28	0.453724
21	45	1.19792
21	49	1.20738
21	65	1.12477
21	124	1.14635
21	142	1.0605
21	165	1.08353
21	166	0.886614
21	167	0.639877
21	178	2.19635
22	28	0.619221
22	89	1.11435
22	98	1.15959
22	102	1.15866
22	107	1.2083
22	115	1.16567
22	116	0.831845
22	117	1.16575
22	119	1.2156
22	135	1.16706
22	158	1.01408
22	169	1.64564
22	173	1.05423
23	7	1.21047
23	21	1.1551
23	41	1.24237
23	45	1.19241
23	49	1.20187
23	65	1.11925
23	124	1.14084
23	132	1.17411
23	134	0.817662
23	136	0.871347
23	139	1.22828
23	142	1.05499
23	165	1.07802
24	57	1.06369
24	74	1.02552
24	78	1.01424
24	80	1.12473
24	96	1.03826
24	103	1.01714
24	108	1.07419
24	111	1.0741
24	137	0.996655
24	155	1.00023
24	157	1.06574
24	176	1.30628
24	179	1.37367
25	48	1.12345
25	50	1.22363
25	52	1.23255
25	75	1.22007
25	83	1.12642
25	104	0.662108
25	105	1.22151
25	135	1.15443
25	149	1.27074
25	157	1.10588
25	159	0.882545
25	168	1.25184
25	171	1.01991
26	1	0.48086
26	3	1.22163
26	5	1.22437
26	6	1.19748
26	16	1.06262
26	30	1.15297
26	39	1.10791
26	42	1.27219
26	137	0.99287
26	145	1.13022
26	149	1.03509
26	158	0.936947
26	173	1.31205
27	12	1.10136
27	34	1.15858
27	63	1.21167
27	64	1.15821
27	66	1.17101
27	90	1.20305
27	95	1.17621
27	120	1.13011
27	136	0.9311
27	143	0.933199
27	155	1.18328
27	159	1.03787
27	167	1.11434
28	19	0.882639
28	21	0.453724
28	22	0.619221
28	107	0.251663
28	166	1.21234
28	169	1.16311
28	172	1.15694
28	174	1.1699
28	175	1.11959
28	176	1.16981
28	178	1.09815
28	179	1.17791
28	180	1.12777
29	100	1.13252
29	101	1.13261
29	106	1.18999
29	109	1.19034
29	110	1.19075
29	112	1.19119
29	113	1.16534
29	114	1.16556
29	138	0.707153
29	150	1.00136
29	156	0.799465
29	160	1.00854
29	172	1.62812
30	5	1.22994
30	6	1.20305
30	11	1.09197
30	19	1.15297
30	26	1.15297
30	39	1.11348
30	42	1.27777
30	120	0.91867
30	143	0.71184
30	145	1.13579
30	149	1.04066
30	153	1.17978
30	166	1.30257
31	4	1.14325
31	8	1.00077
31	20	1.0887
31	40	1.03899
31	44	1.03732
31	68	1.04506
31	69	1.04947
31	73	1.04748
31	79	0.85169
31	129	0.95737
31	139	0.973387
31	154	1.24584
31	162	1.59175
32	55	1.10272
32	65	1.16639
32	76	1.24731
32	85	1.24775
32	124	1.18797
32	138	0.70419
32	142	1.10212
32	143	0.655436
32	157	1.05752
32	161	1.12087
32	163	1.69504
32	165	1.12515
32	168	1.0827
33	2	1.18446
33	46	1.16915
33	78	1.08215
33	80	1.19264
33	96	1.10617
33	103	1.08506
33	108	1.14211
33	111	1.14201
33	121	0.53515
33	129	1.27961
33	131	1.05183
33	155	1.06814
33	167	1.04273
33	171	1.45888
34	12	1.05378
34	27	1.15858
34	64	1.11063
34	66	1.12343
34	71	1.1192
34	72	1.1175
34	90	1.15547
34	95	1.12862
34	118	1.17958
34	148	0.592281
34	163	1.22532
34	167	1.06676
34	170	0.984149
34	175	1.52654
35	14	1.18065
35	15	1.19599
35	49	1.17727
35	63	1.15879
35	65	1.09466
35	72	1.1122
35	95	1.12332
35	138	0.620818
35	142	1.03039
35	146	1.38135
35	158	0.848067
35	165	1.05342
35	167	1.06146
35	169	1.47963
36	40	0.579533
36	57	0.475636
36	75	0.407871
36	113	1.16637
36	114	1.16658
36	132	1.1243
36	159	1.1488
36	160	1.00957
36	175	0.952039
36	177	0.920102
36	178	0.9306
36	179	1.01035
36	180	0.960216
37	8	0.495987
37	56	0.357478
37	76	0.360815
37	105	0.468611
37	151	1.16534
37	152	1.20585
37	163	1.12107
37	164	1.13278
37	170	1.13186
37	172	1.1152
37	177	1.04591
37	178	1.05641
37	179	1.13616
37	180	1.08602
38	46	1.30449
38	57	1.26694
38	74	1.22877
38	96	1.24151
38	103	1.22039
38	108	1.27744
38	111	1.27734
38	137	1.1999
38	155	1.20348
38	162	0.950581
38	165	0.773846
38	166	0.957213
38	173	1.01759
38	176	1.00911
39	3	1.18214
39	5	1.18488
39	6	1.15799
39	16	1.02313
39	19	1.10791
39	26	1.10791
39	30	1.11348
39	42	1.2327
39	131	1.10814
39	143	0.745201
39	145	1.09073
39	149	0.995602
39	152	1.2102
39	168	1.21916
40	4	1.22356
40	8	1.08108
40	10	1.20478
40	20	1.16901
40	31	1.03899
40	36	0.579533
40	44	1.11763
40	60	1.0613
40	69	1.12978
40	73	1.12779
40	127	0.618235
40	129	1.03768
40	155	0.917436
40	180	1.81951
41	7	1.30325
41	14	1.29803
41	23	1.24237
41	45	1.28519
41	49	1.29465
41	65	1.21204
41	79	0.359199
41	124	1.23362
41	142	1.14777
41	162	0.857447
41	165	1.1708
41	167	0.617342
41	172	1.24306
41	175	1.61418
42	6	1.32228
42	11	1.21119
42	16	1.18742
42	19	1.27219
42	26	1.27219
42	30	1.27777
42	39	1.2327
42	116	0.624483
42	145	1.25502
42	147	0.780944
42	149	1.15989
42	154	0.768897
42	162	1.11481
42	174	1.4068
43	8	1.20499
43	10	1.32869
43	20	1.29292
43	44	1.24154
43	60	1.18521
43	68	1.24928
43	69	1.25369
43	73	1.2517
43	125	0.825109
43	137	0.723404
43	139	1.17761
43	141	1.11778
43	151	0.983973
43	176	1.03411
44	4	1.22189
44	8	1.07941
44	31	1.03732
44	40	1.11763
44	43	1.24154
44	60	1.05963
44	68	1.1237
44	69	1.12811
44	73	1.12612
44	81	0.477837
44	139	1.05203
44	155	0.565575
44	172	1.28521
44	178	2.21596
45	7	1.25329
45	14	1.24807
45	21	1.19792
45	23	1.19241
45	41	1.28519
45	49	1.2447
45	62	1.06051
45	65	1.16208
45	124	1.18367
45	125	0.987942
45	138	0.603065
45	142	1.09782
45	146	1.36359
45	150	0.897272
45	165	1.12084
46	33	1.16915
46	38	1.30449
46	57	1.2193
46	74	1.18113
46	78	1.16985
46	96	1.19387
46	103	1.17276
46	108	1.2298
46	111	1.22971
46	127	0.693837
46	130	0.767396
46	155	1.15584
46	157	1.14505
46	159	0.847625
46	160	1.42077
47	18	1.16707
47	48	1.05637
47	50	1.15655
47	52	1.16548
47	53	1.0463
47	56	1.12951
47	58	1.11843
47	83	1.05934
47	105	1.15444
47	130	0.797309
47	139	1.1277
47	146	1.58215
47	154	1.01106
47	157	1.0388
47	171	0.95283
48	25	1.12345
48	47	1.05637
48	53	1.05488
48	56	1.13809
48	58	1.12701
48	75	1.16157
48	83	1.06792
48	105	1.16302
48	122	1.20603
48	126	0.664892
48	135	1.09593
48	157	1.04738
48	164	1.34316
48	171	0.961408
48	179	1.30577
49	14	1.25753
49	21	1.20738
49	23	1.20187
49	35	1.17727
49	41	1.29465
49	45	1.2447
49	65	1.17154
49	124	1.19313
49	138	0.503062
49	142	1.10728
49	160	1.13212
49	165	1.1303
49	167	0.798304
49	169	1.36187
49	173	1.10542
50	25	1.22363
50	47	1.15655
50	52	1.27424
50	53	1.15506
50	56	1.23827
50	58	1.22719
50	75	1.26175
50	105	1.2632
50	150	0.806984
50	152	0.929023
50	156	0.60509
50	157	1.14756
50	168	0.937983
50	171	1.06159
50	180	1.61618
51	9	1.20428
51	13	1.20428
51	17	1.10428
51	54	1.10227
51	55	1.03202
51	70	1.14173
51	76	1.17662
51	85	1.17705
51	91	0.711564
51	121	0.796927
51	123	1.1492
51	161	1.05017
51	168	1.012
51	176	1.60314
52	25	1.23255
52	47	1.16548
52	50	1.27424
52	53	1.16398
52	75	1.27067
52	83	1.17703
52	105	1.27212
52	133	0.631815
52	135	1.20504
52	136	0.595869
52	144	1.29696
52	157	1.15649
52	168	1.07193
52	171	1.07052
52	173	1.24908
53	47	1.0463
53	48	1.05488
53	50	1.15506
53	52	1.16398
53	56	1.12802
53	75	1.1515
53	83	1.05785
53	105	1.15294
53	126	0.639498
53	131	0.933302
53	135	1.08586
53	157	1.03731
53	171	0.951336
53	173	1.22147
53	180	1.72251
54	9	1.20409
54	13	1.20409
54	17	1.10409
54	51	1.10227
54	55	1.03184
54	70	1.14154
54	76	1.17643
54	81	0.607766
54	85	1.17687
54	86	0.660641
54	132	1.18352
54	161	1.04999
54	168	1.01182
54	174	1.75895
55	9	1.13384
55	13	1.13384
55	17	1.03384
55	32	1.10272
55	51	1.03202
55	54	1.03184
55	70	1.07129
55	76	1.10619
55	79	1.1207
55	85	1.10662
55	104	0.713657
55	143	0.829428
55	156	0.970494
55	161	0.979739
55	168	0.941572
55	175	2.17027
56	18	1.2488
56	37	0.357478
56	47	1.12951
56	48	1.13809
56	50	1.23827
56	53	1.12802
56	58	1.20016
56	83	1.14106
56	105	1.23616
56	135	1.16907
56	142	0.967549
56	150	0.875843
56	157	1.12052
56	160	1.21069
56	164	1.28029
56	171	1.03455
57	24	1.06369
57	36	0.475636
57	38	1.26694
57	46	1.2193
57	80	1.24279
57	96	1.15632
57	103	1.13521
57	108	1.19226
57	111	1.19216
57	122	1.17373
57	131	1.10198
57	137	1.11472
57	155	1.11829
57	156	0.704526
57	162	1.14756
57	173	1.21457
58	18	1.23772
58	47	1.11843
58	48	1.12701
58	50	1.22719
58	56	1.20016
58	75	1.22363
58	81	0.366634
58	83	1.12999
58	92	0.95677
58	105	1.22508
58	135	1.158
58	149	1.13459
58	151	1.23422
58	157	1.10944
58	171	1.02347
58	179	1.35175
59	81	0.624071
59	82	1.16297
59	88	1.22437
59	89	1.12284
59	98	1.16808
59	104	0.783393
59	107	1.21679
59	115	1.17416
59	117	1.17424
59	119	1.22409
59	124	1.17815
59	138	0.947917
59	150	1.11633
59	155	1.14924
59	162	1.48326
59	173	1.06272
60	8	1.02309
60	10	1.14678
60	11	1.01435
60	20	1.11101
60	40	1.0613
60	43	1.18521
60	44	1.05963
60	68	1.06737
60	69	1.07179
60	73	1.06979
60	120	0.904663
60	122	1.3081
60	129	0.979685
60	139	0.995702
60	141	1.42414
60	157	1.09992
61	77	1.15538
61	82	1.05792
61	88	1.11932
61	98	1.06303
61	102	1.06211
61	115	1.06911
61	116	1.16532
61	117	1.06919
61	119	1.11904
61	121	0.907971
61	124	1.0731
61	135	1.07051
61	150	1.01128
61	156	1.21262
61	167	1.41555
61	173	0.957669
62	2	0.802468
62	45	1.06051
62	80	0.94308
62	138	1.18324
62	144	0.983459
62	150	1.02674
62	152	1.01598
62	154	1.06411
62	156	1.11311
62	161	1.02145
62	174	0.938277
62	175	0.887974
62	177	0.856037
62	178	0.866535
62	179	0.946289
62	180	0.896151
63	12	1.10687
63	27	1.21167
63	35	1.15879
63	64	1.16372
63	66	1.17652
63	71	1.1723
63	72	1.17059
63	90	1.20856
63	95	1.18172
63	120	1.13563
63	136	0.475076
63	147	0.547342
63	161	0.749122
63	167	1.11986
63	174	1.1732
63	178	2.19758
64	15	1.20093
64	27	1.15821
64	34	1.11063
64	63	1.16372
64	66	1.12306
64	71	1.11884
64	72	1.11713
64	86	0.691439
64	90	1.1551
64	95	1.12826
64	118	1.17922
64	120	1.08216
64	127	0.864535
64	131	1.2766
64	153	1.38159
64	159	1.01832
64	167	1.06639
65	7	1.18013
65	14	1.17491
65	21	1.12477
65	23	1.11925
65	32	1.16639
65	35	1.09466
65	41	1.21204
65	45	1.16208
65	49	1.17154
65	92	0.951297
65	120	0.843085
65	124	1.11051
65	142	1.02466
65	147	0.886486
65	151	1.22875
65	165	1.04769
65	170	1.4347
66	12	1.06621
66	27	1.17101
66	34	1.12343
66	63	1.17652
66	64	1.12306
66	71	1.13164
66	72	1.12993
66	90	1.1679
66	92	0.487178
66	95	1.14106
66	118	1.19202
66	120	1.09496
66	166	0.656799
66	167	1.07919
66	172	1.03578
66	174	0.942155
66	177	2.28548
67	94	1.0771
67	97	1.13792
67	99	1.19902
67	100	1.11181
67	101	1.1119
67	106	1.16928
67	109	1.16963
67	110	1.17004
67	112	1.17048
67	113	1.14463
67	114	1.14484
67	123	0.898878
67	139	1.06501
67	143	0.710183
67	160	0.98783
67	165	1.11755
67	171	1.47033
68	4	1.22963
68	8	1.08715
68	10	1.21085
68	11	1.07841
68	20	1.17508
68	31	1.04506
68	43	1.24928
68	44	1.1237
68	60	1.06737
68	69	1.13585
68	73	1.13386
68	128	0.739873
68	134	0.629759
68	139	1.05977
68	164	1.43295
68	167	1.02954
68	171	1.44569
69	4	1.23405
69	10	1.21526
69	11	1.08283
69	20	1.17949
69	31	1.04947
69	40	1.12978
69	43	1.25369
69	44	1.12811
69	60	1.07179
69	68	1.13585
69	123	0.751249
69	129	1.04816
69	137	0.89448
69	139	1.06418
69	157	0.964641
69	169	1.47012
69	176	1.20518
70	9	1.24354
70	13	1.24354
70	17	1.14354
70	51	1.14173
70	54	1.14154
70	55	1.07129
70	76	1.21589
70	79	1.2304
70	85	1.21632
70	157	0.540045
70	161	1.08944
70	162	0.72206
70	165	0.545325
70	168	1.05127
70	178	2.03843
70	180	1.29011
71	12	1.06199
71	15	1.20951
71	34	1.1192
71	63	1.1723
71	64	1.11884
71	66	1.13164
71	72	1.12571
71	90	1.16368
71	95	1.13684
71	118	1.18779
71	120	1.09074
71	140	0.83443
71	141	1.17204
71	146	1.25501
71	156	0.586799
71	163	1.48534
71	167	1.07497
72	12	1.06028
72	15	1.2078
72	34	1.1175
72	35	1.1122
72	63	1.17059
72	64	1.11713
72	66	1.12993
72	71	1.12571
72	90	1.16197
72	95	1.13513
72	118	1.18609
72	130	0.551595
72	132	0.827823
72	156	0.668224
72	163	1.56677
72	167	1.07326
72	180	1.67931
73	4	1.23205
73	8	1.08957
73	10	1.21327
73	11	1.08083
73	20	1.1775
73	31	1.04748
73	40	1.12779
73	43	1.2517
73	44	1.12612
73	60	1.06979
73	68	1.13386
73	79	0.492054
73	129	1.04617
73	142	1.08268
73	144	1.34701
73	154	0.886199
73	171	1.40816
74	2	1.19644
74	24	1.02552
74	38	1.22877
74	46	1.18113
74	78	1.09413
74	80	1.20462
74	86	0.559467
74	96	1.11815
74	103	1.09704
74	108	1.15409
74	111	1.15399
74	127	0.732563
74	137	1.07655
74	148	1.18826
74	155	1.08012
74	161	1.2337
74	171	1.54183
75	18	1.27227
75	25	1.22007
75	36	0.407871
75	48	1.16157
75	50	1.26175
75	52	1.27067
75	53	1.1515
75	58	1.22363
75	83	1.16454
75	105	1.25964
75	135	1.19255
75	142	0.930361
75	146	1.30498
75	152	0.960694
75	157	1.144
75	159	0.600362
75	170	1.29414
75	171	1.05803
76	9	1.27844
76	13	1.27844
76	17	1.17844
76	32	1.24731
76	37	0.360815
76	51	1.17662
76	54	1.17643
76	55	1.10619
76	70	1.21589
76	79	1.2653
76	85	1.25121
76	121	0.586992
76	140	0.924916
76	142	0.970886
76	161	1.12433
76	168	1.08616
76	174	1.41231
76	179	1.24624
77	61	1.15538
77	82	1.19921
77	88	1.26061
77	89	1.15908
77	98	1.20432
77	102	1.2034
77	107	1.25303
77	115	1.2104
77	117	1.21048
77	119	1.26033
77	122	1.31214
77	128	0.756199
77	133	0.735716
77	135	1.21179
77	143	0.701868
77	145	0.909967
77	173	1.09896
77	179	1.41189
78	2	1.18516
78	24	1.01424
78	33	1.08215
78	46	1.16985
78	74	1.09413
78	80	1.19334
78	96	1.10687
78	103	1.08576
78	104	0.639045
78	108	1.14281
78	111	1.14271
78	126	0.823954
78	131	1.05253
78	137	1.06527
78	155	1.06884
78	160	1.43263
78	165	1.16218
78	176	1.39745
79	19	0.845533
79	31	0.85169
79	41	0.359199
79	55	1.1207
79	70	1.2304
79	73	0.492054
79	76	1.2653
79	85	1.26573
79	97	0.712869
79	144	1.10086
79	161	1.13885
79	162	1.07877
79	168	1.10068
79	174	1.05568
79	177	0.973438
79	178	0.983936
79	179	1.06369
79	180	1.01355
80	24	1.12473
80	33	1.19264
80	57	1.24279
80	62	0.94308
80	74	1.20462
80	78	1.19334
80	96	1.21736
80	103	1.19625
80	108	1.25329
80	111	1.2532
80	131	1.16302
80	137	1.17576
80	139	0.791709
80	150	0.779839
80	155	1.17933
80	157	0.838966
80	166	1.02761
80	179	1.1469
81	20	0.5913
81	44	0.477837
81	54	0.607766
81	58	0.366634
81	59	0.624071
81	97	0.593737
81	132	1.3186
81	160	1.20387
81	162	1.21973
81	163	1.18956
81	164	1.20127
81	166	1.23909
81	170	1.20035
81	174	1.19664
81	175	1.14634
81	177	1.1144
81	179	1.20466
81	180	1.15452
82	59	1.16297
82	61	1.05792
82	77	1.19921
82	89	1.06162
82	98	1.10686
82	102	1.10594
82	107	1.15557
82	115	1.11294
82	117	1.11302
82	119	1.16287
82	127	0.852189
82	130	0.925747
82	135	1.11433
82	136	0.899211
82	150	1.05511
82	151	1.4938
82	165	1.30868
82	173	1.0015
83	18	1.17863
83	25	1.12642
83	47	1.05934
83	48	1.06792
83	52	1.17703
83	53	1.05785
83	56	1.14106
83	58	1.12999
83	75	1.16454
83	92	0.631443
83	105	1.16599
83	135	1.09891
83	147	0.566632
83	157	1.05035
83	167	0.660396
83	171	0.964382
83	174	1.19249
83	177	2.53581
84	1	0.439153
84	87	1.14098
84	94	1.05017
84	97	1.11099
84	99	1.17209
84	100	1.08487
84	101	1.08496
84	106	1.14234
84	109	1.14269
84	110	1.1431
84	112	1.14354
84	113	1.11769
84	114	1.11791
84	149	1.1121
84	154	0.857421
84	160	0.960893
84	164	1.36665
84	179	1.32926
85	9	1.27887
85	13	1.27887
85	17	1.17887
85	32	1.24775
85	51	1.17705
85	54	1.17687
85	55	1.10662
85	70	1.21632
85	76	1.25121
85	79	1.26573
85	153	1.11911
85	155	0.901255
85	156	0.792242
85	159	0.755842
85	161	1.12477
85	167	0.995171
85	168	1.0866
85	176	1.29381
86	54	0.660641
86	64	0.691439
86	74	0.559467
86	112	0.456344
86	135	0.482084
86	138	1.3388
86	141	1.1404
86	152	1.17153
86	160	1.10106
86	164	1.09846
86	166	1.13628
86	172	1.08088
86	175	1.04353
86	176	1.09375
86	177	1.01159
86	178	1.02209
86	179	1.10185
86	180	1.05171
87	84	1.14098
87	94	1.11536
87	97	1.17617
87	99	1.23728
87	100	1.15006
87	101	1.15015
87	106	1.20753
87	109	1.20788
87	110	1.20829
87	112	1.20873
87	113	1.18288
87	114	1.1831
87	138	0.557098
87	147	0.758576
87	155	0.758424
87	160	1.02608
87	166	1.09908
87	171	1.26849
87	180	1.6605
88	59	1.22437
88	61	1.11932
88	77	1.26061
88	89	1.12301
88	92	0.773312
88	98	1.16825
88	102	1.16733
88	107	1.21696
88	115	1.17433
88	117	1.17441
88	119	1.22426
88	124	1.17832
88	140	0.846965
88	150	1.11651
88	161	0.91028
88	166	1.049
88	170	1.25671
88	173	1.06289
88	174	1.33436
89	22	1.11435
89	59	1.12284
89	77	1.15908
89	82	1.06162
89	88	1.12301
89	98	1.06672
89	102	1.0658
89	107	1.11543
89	115	1.0728
89	117	1.07288
89	118	1.13483
89	119	1.12273
89	139	1.06023
89	150	1.01498
89	152	1.1704
89	159	0.810066
89	162	1.2895
89	173	0.961362
89	176	1.34803
90	12	1.09825
90	15	1.24577
90	27	1.20305
90	34	1.15547
90	63	1.20856
90	64	1.1551
90	66	1.1679
90	71	1.16368
90	72	1.16197
90	95	1.1731
90	118	1.22406
90	120	1.127
90	136	0.508472
90	150	0.85353
90	159	0.615237
90	166	1.1013
90	167	1.11123
90	175	1.85141
90	176	1.1532
91	6	0.469598
91	9	0.559886
91	51	0.711564
91	96	0.322375
91	99	0.372534
91	124	0.242669
91	143	1.34917
91	147	1.28963
91	151	1.18197
91	155	1.25642
91	162	1.16787
91	166	1.18722
91	172	1.13182
91	175	1.09447
91	176	1.14469
91	177	1.06254
91	178	1.07303
91	179	1.15279
91	180	1.10265
92	58	0.95677
92	65	0.951297
92	66	0.487178
92	83	0.631443
92	88	0.773312
92	156	1.25466
92	158	1.18196
92	164	1.08446
92	166	1.12227
92	169	1.07304
92	170	1.08354
92	172	1.06687
92	174	1.07983
92	175	1.02952
92	176	1.07974
92	177	0.997586
92	178	1.00808
92	179	1.08784
92	180	1.0377
93	96	0.378751
93	97	0.676262
93	111	0.550925
93	118	0.335867
93	119	0.00211636
93	134	1.35563
93	162	1.1018
93	164	1.08334
93	166	1.12115
93	169	1.07192
93	170	1.08242
93	172	1.06575
93	174	1.07871
93	175	1.0284
93	176	1.07862
93	177	0.996468
93	178	1.00697
93	179	1.08672
93	180	1.03658
94	67	1.0771
94	84	1.05017
94	87	1.11536
94	97	1.08537
94	99	1.14647
94	100	1.05925
94	101	1.05934
94	106	1.11672
94	109	1.11707
94	110	1.11749
94	112	1.11792
94	113	1.09207
94	114	1.09229
94	149	1.04595
94	151	1.14558
94	153	1.02102
94	160	0.935274
94	173	1.20419
94	179	1.2631
95	12	1.07141
95	15	1.21893
95	27	1.17621
95	34	1.12862
95	35	1.12332
95	63	1.18172
95	64	1.12826
95	66	1.14106
95	71	1.13684
95	72	1.13513
95	90	1.1731
95	118	1.19721
95	120	1.10016
95	126	0.907989
95	128	0.893182
95	130	0.863288
95	134	0.783067
95	144	1.53784
95	148	1.24543
95	167	1.08439
96	2	1.20918
96	24	1.03826
96	33	1.10617
96	38	1.24151
96	46	1.19387
96	57	1.15632
96	74	1.11815
96	78	1.10687
96	80	1.21736
96	91	0.322375
96	93	0.378751
96	103	1.10978
96	108	1.16682
96	111	1.16673
96	116	0.665089
96	131	1.07655
96	133	0.605166
96	155	1.09286
96	163	1.61093
96	175	1.91216
97	67	1.13792
97	79	0.712869
97	81	0.593737
97	84	1.11099
97	87	1.17617
97	93	0.676262
97	94	1.08537
97	99	1.20729
97	100	1.12007
97	101	1.12016
97	106	1.17754
97	109	1.17789
97	110	1.1783
97	112	1.17874
97	113	1.15289
97	114	1.1531
97	133	0.902678
97	143	0.86883
97	153	1.33677
97	160	0.996092
98	22	1.15959
98	59	1.16808
98	61	1.06303
98	77	1.20432
98	82	1.10686
98	88	1.16825
98	89	1.06672
98	102	1.11104
98	107	1.16067
98	115	1.11804
98	117	1.11812
98	119	1.16797
98	120	1.04516
98	132	1.139
98	135	1.11944
98	138	0.887085
98	150	1.06021
98	158	1.11433
98	159	0.942998
98	168	1.31229
98	173	1.0066
99	67	1.19902
99	84	1.17209
99	87	1.23728
99	91	0.372534
99	94	1.14647
99	97	1.20729
99	100	1.18117
99	101	1.18126
99	104	0.505707
99	106	1.23864
99	109	1.23899
99	110	1.23941
99	112	1.23984
99	113	1.21399
99	114	1.21421
99	116	0.715248
99	123	0.810172
99	131	0.98442
99	160	1.05719
99	163	1.66109
99	164	1.36889
100	29	1.13252
100	67	1.11181
100	84	1.08487
100	87	1.15006
100	94	1.05925
100	97	1.12007
100	99	1.18117
100	101	1.09405
100	106	1.15143
100	109	1.15177
100	110	1.15219
100	112	1.15263
100	113	1.12678
100	114	1.12699
100	129	1.07081
100	131	0.852877
100	141	1.21624
100	153	0.957871
100	160	0.969978
100	161	0.941947
100	172	1.45965
101	29	1.13261
101	67	1.1119
101	84	1.08496
101	87	1.15015
101	94	1.05934
101	97	1.12016
101	99	1.18126
101	100	1.09405
101	106	1.15151
101	109	1.15186
101	110	1.15228
101	112	1.15271
101	113	1.12686
101	114	1.12708
101	130	0.610684
101	148	0.992821
101	156	0.727313
101	160	0.970066
101	167	0.930243
101	169	1.49381
101	180	1.7384
102	22	1.15866
102	61	1.06211
102	77	1.2034
102	82	1.10594
102	88	1.16733
102	89	1.0658
102	98	1.11104
102	107	1.15975
102	115	1.11712
102	117	1.1172
102	118	1.17915
102	119	1.16705
102	124	1.12111
102	145	0.625292
102	150	1.05929
102	161	0.869205
102	168	0.891152
102	169	1.32476
102	170	1.21564
102	173	1.00568
102	180	1.56935
103	2	1.18807
103	24	1.01714
103	33	1.08506
103	38	1.22039
103	46	1.17276
103	57	1.13521
103	74	1.09704
103	78	1.08576
103	80	1.19625
103	96	1.10978
103	108	1.14571
103	111	1.14561
103	126	0.624652
103	127	0.506393
103	131	1.05544
103	137	1.06817
103	154	0.793699
103	155	1.07175
103	157	0.957601
103	158	0.831517
103	177	2.77493
104	25	0.662108
104	55	0.713657
104	59	0.783393
104	78	0.639045
104	99	0.505707
104	105	0.528245
104	146	1.16136
104	150	1.18896
104	152	1.1782
104	159	1.24696
104	162	1.12359
104	164	1.10513
104	166	1.14295
104	168	1.14551
104	169	1.09372
104	170	1.10421
104	172	1.08755
104	176	1.10042
104	177	1.01826
104	178	1.02876
104	180	1.05837
105	18	1.27372
105	25	1.22151
105	37	0.468611
105	47	1.15444
105	48	1.16302
105	50	1.2632
105	52	1.27212
105	53	1.15294
105	56	1.23616
105	58	1.22508
105	75	1.25964
105	83	1.16599
105	104	0.528245
105	135	1.194
105	137	0.975942
105	143	0.644016
105	147	0.894248
105	151	1.23651
105	157	1.14545
105	160	1.32183
105	171	1.05948
106	29	1.18999
106	67	1.16928
106	84	1.14234
106	87	1.20753
106	94	1.11672
106	97	1.17754
106	99	1.23864
106	100	1.15143
106	101	1.15151
106	109	1.20924
106	110	1.20966
106	112	1.21009
106	113	1.18425
106	114	1.18446
106	123	0.67337
106	136	0.482576
106	151	1.07717
106	152	0.949674
106	159	0.589342
106	160	1.02745
106	165	0.892042
106	178	2.38514
107	22	1.2083
107	28	0.251663
107	59	1.21679
107	77	1.25303
107	82	1.15557
107	88	1.21696
107	89	1.11543
107	98	1.16067
107	102	1.15975
107	115	1.16676
107	117	1.16683
107	118	1.22878
107	119	1.21668
107	120	0.577347
107	133	0.404365
107	135	1.16815
107	150	1.10893
107	152	0.835516
107	162	0.954618
107	173	1.05531
107	177	2.58993
107	179	1.08054
108	2	1.24512
108	24	1.07419
108	33	1.14211
108	38	1.27744
108	46	1.2298
108	57	1.19226
108	74	1.15409
108	78	1.14281
108	80	1.25329
108	96	1.16682
108	103	1.14571
108	111	1.20266
108	129	0.992852
108	131	1.11249
108	132	0.712643
108	137	1.12522
108	145	0.620077
108	155	1.1288
108	158	0.687981
108	164	1.15939
108	175	1.75282
108	179	1.122
109	29	1.19034
109	67	1.16963
109	84	1.14269
109	87	1.20788
109	94	1.11707
109	97	1.17789
109	99	1.23899
109	100	1.15177
109	101	1.15186
109	106	1.20924
109	110	1.21001
109	112	1.21044
109	113	1.18459
109	114	1.18481
109	134	0.388778
109	140	0.660091
109	156	0.412461
109	158	0.547398
109	160	1.0278
109	169	1.17896
109	177	2.49081
109	180	1.42355
110	29	1.19075
110	67	1.17004
110	84	1.1431
110	87	1.20829
110	94	1.11749
110	97	1.1783
110	99	1.23941
110	100	1.15219
110	101	1.15228
110	106	1.20966
110	109	1.21001
110	112	1.21086
110	113	1.18501
110	114	1.18522
110	121	0.572353
110	128	0.790264
110	140	1.12463
110	147	0.986166
110	148	1.14251
110	152	1.20093
110	153	1.20387
110	160	1.02821
111	2	1.24502
111	24	1.0741
111	33	1.14201
111	38	1.27734
111	46	1.22971
111	57	1.19216
111	74	1.15399
111	78	1.14271
111	80	1.2532
111	93	0.550925
111	96	1.16673
111	103	1.14561
111	108	1.20266
111	130	0.76793
111	131	1.11239
111	133	0.777341
111	137	1.12512
111	141	1.4698
111	145	0.951592
111	154	0.981678
111	155	1.1287
111	165	1.15086
112	29	1.19119
112	67	1.17048
112	84	1.14354
112	86	0.456344
112	87	1.20873
112	94	1.11792
112	97	1.17874
112	99	1.23984
112	100	1.15263
112	101	1.15271
112	106	1.21009
112	109	1.21044
112	110	1.21086
112	113	1.18545
112	114	1.18566
112	147	0.928793
112	150	1.02152
112	152	1.14356
112	159	0.783228
112	160	1.02865
112	167	1.02256
112	176	1.32119
113	29	1.16534
113	36	1.16637
113	67	1.14463
113	84	1.11769
113	87	1.18288
113	94	1.09207
113	97	1.15289
113	99	1.21399
113	100	1.12678
113	101	1.12686
113	106	1.18425
113	109	1.18459
113	110	1.18501
113	112	1.18545
113	114	1.15981
113	126	0.729786
113	134	0.604865
113	140	1.04935
113	142	1.09532
113	160	1.0028
113	161	1.11266
113	168	1.13461
113	174	1.53674
114	29	1.16556
114	36	1.16658
114	67	1.14484
114	84	1.11791
114	87	1.1831
114	94	1.09229
114	97	1.1531
114	99	1.21421
114	100	1.12699
114	101	1.12708
114	106	1.18446
114	109	1.18481
114	110	1.18522
114	112	1.18566
114	113	1.15981
114	127	0.665462
114	134	0.658799
114	145	0.922681
114	149	1.20745
114	160	1.00301
114	161	1.16659
114	168	1.18854
114	179	1.4246
115	22	1.16567
115	59	1.17416
115	61	1.06911
115	77	1.2104
115	82	1.11294
115	88	1.17433
115	89	1.0728
115	98	1.11804
115	102	1.11712
115	107	1.16676
115	117	1.1242
115	118	1.18615
115	119	1.17405
115	124	1.12811
115	127	0.466785
115	128	0.570236
115	135	1.12552
115	144	1.2149
115	150	1.0663
115	163	1.55551
115	166	1.10664
115	170	1.31435
115	173	1.01268
115	179	1.22593
116	14	0.798012
116	22	0.831845
116	42	0.624483
116	61	1.16532
116	96	0.665089
116	99	0.715248
116	141	1.09592
116	148	1.15322
116	151	1.08654
116	153	1.12102
116	159	1.19581
116	163	1.04227
116	164	1.05398
116	166	1.0918
116	167	1.14484
116	169	1.04257
116	170	1.05306
116	174	1.04935
116	175	0.999047
116	176	1.04926
116	177	0.967111
116	178	0.977608
116	179	1.05736
116	180	1.00722
117	22	1.16575
117	59	1.17424
117	61	1.06919
117	77	1.21048
117	82	1.11302
117	88	1.17441
117	89	1.07288
117	98	1.11812
117	102	1.1172
117	107	1.16683
117	115	1.1242
117	118	1.18623
117	119	1.17413
117	124	1.12819
117	129	1.31718
117	134	0.680522
117	135	1.1256
117	136	0.734207
117	145	0.944405
117	149	1.22917
117	150	1.06638
117	159	0.840973
117	172	1.70602
117	173	1.01276
118	1	0.348351
118	34	1.17958
118	64	1.17922
118	66	1.19202
118	71	1.18779
118	72	1.18609
118	89	1.13483
118	90	1.22406
118	93	0.335867
118	95	1.19721
118	102	1.17915
118	107	1.22878
118	115	1.18615
118	117	1.18623
118	119	1.23608
118	120	1.15112
118	123	0.717129
118	148	0.935009
118	150	1.12832
118	157	0.930521
118	165	0.935801
118	167	1.13535
118	173	1.07471
118	174	1.40452
118	180	1.68059
119	22	1.2156
119	59	1.22409
119	61	1.11904
119	77	1.26033
119	82	1.16287
119	88	1.22426
119	89	1.12273
119	93	0.00211636
119	98	1.16797
119	102	1.16705
119	107	1.21668
119	115	1.17405
119	117	1.17413
119	118	1.23608
119	124	1.17804
119	135	1.17545
119	137	0.52661
119	150	1.11622
119	165	0.602051
119	171	0.954835
119	173	1.06261
119	174	1.07077
119	175	1.53552
119	178	2.09515
119	179	0.904704
120	14	0.911072
120	15	1.17283
120	27	1.13011
120	30	0.91867
120	60	0.904663
120	63	1.13563
120	64	1.08216
120	65	0.843085
120	66	1.09496
120	71	1.09074
120	90	1.127
120	95	1.10016
120	98	1.04516
120	107	0.577347
120	118	1.15112
120	125	1.04425
120	152	1.0205
120	158	1.04494
120	159	1.08926
120	167	1.0383
120	170	0.946513
120	174	0.942804
120	177	0.860564
120	178	0.871062
120	179	0.950816
120	180	0.900678
121	4	0.4217
121	15	0.541907
121	16	0.837
121	33	0.53515
121	51	0.796927
121	61	0.907971
121	76	0.586992
121	110	0.572353
121	125	1.22356
121	136	1.37625
121	146	1.18297
121	152	1.19981
121	154	1.24795
121	156	1.29695
121	162	1.14521
121	166	1.16456
121	169	1.11533
121	170	1.12582
121	172	1.10916
121	174	1.12211
121	175	1.07181
121	176	1.12203
121	177	1.03987
121	178	1.05037
121	179	1.13013
121	180	1.07999
122	48	1.20603
122	57	1.17373
122	60	1.3081
122	77	1.31214
122	125	1.01144
122	129	0.972252
122	141	0.956564
122	143	1.11439
122	146	0.970848
122	151	0.947184
122	156	1.08483
122	157	1.00913
122	158	1.01213
122	159	1.05645
122	161	0.993165
122	163	0.902909
122	164	0.914623
122	170	0.913702
122	172	0.897039
122	175	0.85969
122	176	0.909907
122	177	0.827753
122	178	0.838251
122	179	0.918005
122	180	0.867867
123	51	1.1492
123	67	0.898878
123	69	0.751249
123	99	0.810172
123	106	0.67337
123	118	0.717129
123	138	1.26512
123	141	1.06672
123	147	1.16501
123	148	1.12402
123	153	1.09183
123	155	1.1318
123	160	1.02738
123	162	1.04324
123	164	1.02478
123	165	1.10761
123	170	1.02386
123	172	1.0072
123	174	1.02015
123	175	0.96985
123	176	1.02007
123	177	0.937913
123	178	0.948411
123	179	1.02817
123	180	0.978027
124	7	1.20172
124	21	1.14635
124	23	1.14084
124	32	1.18797
124	41	1.23362
124	45	1.18367
124	49	1.19313
124	59	1.17815
124	61	1.0731
124	65	1.11051
124	88	1.17832
124	91	0.242669
124	102	1.12111
124	115	1.12811
124	117	1.12819
124	119	1.17804
124	130	0.51605
124	142	1.04625
124	150	1.07028
124	161	0.943625
124	164	1.23902
124	165	1.06927
124	166	1.08235
124	171	1.25176
124	172	1.46133
124	173	1.01667
124	174	1.3677
125	9	1.24246
125	10	0.510278
125	16	1.43421
125	43	0.825109
125	45	0.987942
125	120	1.04425
125	121	1.22356
125	122	1.01144
125	133	1.16864
125	138	1.17795
125	142	0.997412
125	143	1.13738
125	154	1.05882
125	159	1.07945
125	162	0.956077
125	169	0.926201
125	171	0.946149
125	172	0.920032
125	173	0.967836
125	175	0.882683
125	176	0.9329
125	177	0.850746
125	178	0.861244
125	179	0.940998
125	180	0.89086
126	18	0.80923
126	48	0.664892
126	53	0.639498
126	78	0.823954
126	95	0.907989
126	103	0.624652
126	113	0.729786
126	129	1.13726
126	144	1.12019
126	148	1.17887
126	151	1.11219
126	156	1.24984
126	161	1.15818
126	162	1.09809
126	163	1.06792
126	165	1.16246
126	169	1.06822
126	170	1.07871
126	172	1.06205
126	174	1.075
126	175	1.0247
126	176	1.07492
126	177	0.992764
126	178	1.00326
126	179	1.08302
126	180	1.03288
127	40	0.618235
127	46	0.693837
127	64	0.864535
127	74	0.732563
127	82	0.852189
127	103	0.506393
127	114	0.665462
127	115	0.466785
127	137	1.21942
127	147	1.25621
127	156	1.28619
127	158	1.21349
127	159	1.25781
127	162	1.13444
127	163	1.10427
127	164	1.11598
127	169	1.10457
127	170	1.11506
127	171	1.12451
127	172	1.0984
127	174	1.11135
127	175	1.06105
127	176	1.11127
127	177	1.02911
127	178	1.03961
127	179	1.11936
127	180	1.06923
128	18	0.794423
128	19	1.05582
128	68	0.739873
128	77	0.756199
128	95	0.893182
128	110	0.790264
128	115	0.570236
128	130	1.22883
128	133	1.24705
128	138	1.25636
128	148	1.11526
128	149	1.05702
128	151	1.04859
128	156	1.18623
128	158	1.11353
128	159	1.15786
128	161	1.09457
128	164	1.01603
128	169	1.00461
128	170	1.01511
128	172	0.998442
128	174	1.0114
128	175	0.961093
128	176	1.01131
128	177	0.929156
128	178	0.939654
128	179	1.01941
128	180	0.96927
129	4	1.14194
129	8	0.999461
129	10	1.12316
129	17	0.939553
129	20	1.08739
129	31	0.95737
129	33	1.27961
129	40	1.03768
129	60	0.979685
129	69	1.04816
129	73	1.04617
129	100	1.07081
129	108	0.992852
129	117	1.31718
129	122	0.972252
129	126	1.13726
129	137	1.00187
129	139	0.972077
129	152	0.9715
129	153	0.965473
129	170	0.89751
129	172	0.880847
129	174	0.893801
129	176	0.893715
129	177	0.811561
129	178	0.822059
129	179	0.901813
129	180	0.851675
130	46	0.767396
130	47	0.797309
130	72	0.551595
130	82	0.925747
130	95	0.863288
130	101	0.610684
130	111	0.76793
130	124	0.51605
130	128	1.22883
130	133	1.28463
130	139	1.12725
130	142	1.1134
130	143	1.25337
130	147	1.19383
130	148	1.15284
130	150	1.13744
130	159	1.19543
130	160	1.0562
130	162	1.07207
130	164	1.0536
130	167	1.14447
130	170	1.05268
130	174	1.04897
130	175	0.998671
130	176	1.04889
130	177	0.966734
130	178	0.977232
130	179	1.05699
130	180	1.00685
131	3	0.84466
131	33	1.05183
131	39	1.10814
131	53	0.933302
131	57	1.10198
131	64	1.2766
131	78	1.05253
131	80	1.16302
131	96	1.07655
131	99	0.98442
131	100	0.852877
131	103	1.05544
131	108	1.11249
131	111	1.11239
131	137	1.03495
131	146	0.987732
131	148	1.03074
131	155	1.03852
131	157	1.02601
131	162	0.949968
131	163	0.919793
131	166	0.969324
131	168	0.971882
131	169	0.920092
131	170	0.930587
131	172	0.913923
131	175	0.876574
131	178	0.855135
131	179	0.934889
131	180	0.884751
132	7	0.962903
132	23	1.17411
132	36	1.1243
132	54	1.18352
132	72	0.827823
132	81	1.3186
132	98	1.139
132	108	0.712643
132	146	1.01435
132	148	1.05736
132	151	0.990686
132	153	1.02517
132	156	1.12833
132	158	1.05563
132	159	1.09995
132	160	0.960723
132	162	0.976586
132	163	0.946411
132	164	0.958125
132	166	0.995941
132	168	0.998499
132	169	0.946709
132	170	0.957204
132	172	0.94054
132	174	0.953495
132	175	0.903192
132	177	0.871255
132	178	0.881753
132	179	0.961507
132	180	0.911369
133	9	0.842678
133	20	0.900241
133	52	0.631815
133	77	0.735716
133	96	0.605166
133	97	0.902678
133	107	0.404365
133	111	0.777341
133	125	1.16864
133	128	1.24705
133	130	1.28463
133	146	1.12805
133	156	1.24204
133	159	1.21366
133	162	1.09029
133	163	1.06012
133	164	1.07183
133	166	1.10965
133	168	1.1122
133	169	1.06041
133	172	1.05425
133	173	1.10205
133	174	1.0672
133	175	1.0169
133	176	1.06711
133	177	0.98496
133	178	0.995458
133	179	1.07521
133	180	1.02507
134	7	0.606455
134	11	0.830091
134	23	0.817662
134	68	0.629759
134	93	1.35563
134	95	0.783067
134	109	0.388778
134	113	0.604865
134	114	0.658799
134	117	0.680522
134	141	1.15504
134	144	1.15365
134	149	1.15409
134	151	1.14566
134	152	1.18617
134	154	1.2343
134	158	1.2106
134	159	1.25493
134	162	1.13156
134	163	1.10138
134	166	1.15091
134	169	1.10168
134	170	1.11218
134	171	1.12163
134	175	1.05816
134	176	1.10838
134	177	1.02623
134	178	1.03672
134	179	1.11648
134	180	1.06634
135	22	1.16706
135	25	1.15443
135	48	1.09593
135	52	1.20504
135	53	1.08586
135	56	1.16907
135	58	1.158
135	61	1.07051
135	75	1.19255
135	77	1.21179
135	82	1.11433
135	83	1.09891
135	86	0.482084
135	98	1.11944
135	105	1.194
135	107	1.16815
135	115	1.12552
135	117	1.1256
135	119	1.17545
135	137	1.03623
135	144	1.40329
135	145	0.9124
135	150	1.06769
135	154	0.942486
135	157	1.07836
135	158	0.980304
135	162	1.2884
135	165	1.11167
135	167	1.0483
135	171	0.992392
135	173	1.01408
136	14	0.702143
136	23	0.871347
136	27	0.9311
136	52	0.595869
136	63	0.475076
136	82	0.899211
136	90	0.508472
136	106	0.482576
136	117	0.734207
136	121	1.37625
136	137	1.19375
136	140	1.25243
136	147	1.23054
136	151	1.12287
136	153	1.15735
136	154	1.21152
136	158	1.18782
136	162	1.10877
136	163	1.0786
136	164	1.09031
136	166	1.12813
136	169	1.0789
136	170	1.08939
136	173	1.12053
136	174	1.08568
136	175	1.03538
136	176	1.0856
136	177	1.00344
136	178	1.01394
136	179	1.09369
136	180	1.04356
137	6	1.05047
137	24	0.996655
137	26	0.99287
137	38	1.1999
137	43	0.723404
137	57	1.11472
137	69	0.89448
137	74	1.07655
137	78	1.06527
137	80	1.17576
137	103	1.06817
137	105	0.975942
137	108	1.12522
137	111	1.12512
137	119	0.52661
137	127	1.21942
137	129	1.00187
137	131	1.03495
137	135	1.03623
137	136	1.19375
137	146	1.00047
137	155	1.05126
137	164	0.944242
137	169	0.932826
137	170	0.943321
137	173	0.974462
137	174	0.939612
137	175	0.889309
137	178	0.86787
137	179	0.947624
137	180	0.897486
138	5	0.66961
138	29	0.707153
138	32	0.70419
138	35	0.620818
138	45	0.603065
138	49	0.503062
138	59	0.947917
138	62	1.18324
138	86	1.3388
138	87	0.557098
138	98	0.887085
138	123	1.26512
138	125	1.17795
138	128	1.25636
138	144	1.12169
138	151	1.1137
138	154	1.20234
138	158	1.17864
138	159	1.22297
138	162	1.0996
138	163	1.06942
138	168	1.12151
138	169	1.06972
138	170	1.08022
138	172	1.06355
138	174	1.07651
138	175	1.0262
138	177	0.994267
138	178	1.00477
138	179	1.08452
138	180	1.03438
139	4	1.15796
139	8	1.01548
139	10	1.13918
139	13	0.927072
139	20	1.10341
139	23	1.22828
139	31	0.973387
139	43	1.17761
139	44	1.05203
139	47	1.1277
139	60	0.995702
139	67	1.06501
139	68	1.05977
139	69	1.06418
139	80	0.791709
139	89	1.06023
139	129	0.972077
139	130	1.12725
139	147	1.05468
139	152	0.987518
139	155	1.02146
139	163	0.902734
139	164	0.914448
139	169	0.903033
139	172	0.896864
139	174	0.909819
139	176	0.909733
139	177	0.827578
139	178	0.838076
139	179	0.917831
139	180	0.867692
140	4	0.759624
140	71	0.83443
140	76	0.924916
140	88	0.846965
140	109	0.660091
140	110	1.12463
140	113	1.04935
140	136	1.25243
140	141	1.04486
140	153	1.06996
140	154	1.12413
140	157	1.09743
140	159	1.14475
140	160	1.00552
140	161	1.08146
140	162	1.02138
140	164	1.00292
140	165	1.08575
140	166	1.04074
140	168	1.0433
140	169	0.991506
140	170	1.002
140	171	1.01145
140	172	0.985337
140	174	0.998292
140	175	0.947989
140	176	0.998206
140	177	0.916052
140	178	0.92655
140	179	1.0063
140	180	0.956165
141	1	1.12623
141	43	1.11778
141	60	1.42414
141	71	1.17204
141	86	1.1404
141	100	1.21624
141	111	1.4698
141	116	1.09592
141	122	0.956564
141	123	1.06672
141	134	1.15504
141	140	1.04486
141	146	0.938968
141	147	1.02297
141	148	0.981979
141	158	0.980249
141	163	0.871029
141	165	0.965567
141	166	0.920559
141	167	0.973605
141	169	0.871328
141	170	0.881822
141	171	0.891276
141	172	0.865159
141	173	0.912963
141	174	0.878113
141	175	0.82781
141	176	0.878027
141	177	0.795873
141	178	0.806371
141	179	0.886125
141	180	0.835987
142	6	1.15321
142	7	1.11587
142	14	1.11065
142	21	1.0605
142	23	1.05499
142	32	1.10212
142	35	1.03039
142	41	1.14777
142	45	1.09782
142	49	1.10728
142	56	0.967549
142	65	1.02466
142	73	1.08268
142	75	0.930361
142	76	0.970886
142	113	1.09532
142	124	1.04625
142	125	0.997412
142	130	1.1134
142	146	0.956823
142	151	0.933159
142	163	0.888884
142	165	0.983421
142	168	0.940972
142	169	0.889182
142	174	0.895968
142	176	0.895882
142	177	0.813728
142	178	0.824226
142	179	0.90398
142	180	0.853842
143	27	0.933199
143	30	0.71184
143	32	0.655436
143	39	0.745201
143	55	0.829428
143	67	0.710183
143	77	0.701868
143	91	1.34917
143	97	0.86883
143	105	0.644016
143	122	1.11439
143	125	1.13738
143	130	1.25337
143	147	1.1808
143	154	1.16178
143	158	1.13808
143	159	1.1824
143	162	1.05903
143	163	1.02886
143	165	1.12339
143	166	1.07839
143	167	1.13143
143	169	1.02915
143	170	1.03965
143	171	1.0491
143	172	1.02299
143	173	1.07079
