1	47	0.480381
1	86	0.448161
1	94	1.27569
1	101	0.335867
1	111	0.360119
1	129	1.34617
1	155	1.21137
1	170	1.15136
1	171	1.14919
1	173	1.1808
1	175	1.16669
1	180	1.11168
2	58	0.607003
2	60	0.516591
2	79	0.638494
2	121	1.1471
2	126	1.06918
2	128	1.1639
2	138	1.13987
2	151	1.05516
2	174	1.00984
2	177	0.990995
2	178	1.04332
2	180	0.979452
3	82	1.09461
3	90	1.13358
3	101	1.06561
3	106	1.11737
3	112	1.02468
3	117	1.07208
3	118	1.05137
3	119	1.05171
3	151	0.972301
3	169	0.978681
3	170	1.13383
3	173	0.957935
4	32	0.844871
4	55	0.445962
4	133	1.1251
4	136	0.487729
4	156	1.17117
4	159	1.10418
4	171	1.0378
4	173	1.06941
4	175	1.0553
4	176	1.01979
4	177	1.01184
4	180	1.0003
5	17	1.35255
5	47	1.17642
5	84	1.20607
5	85	1.20626
5	93	1.26799
5	126	0.761667
5	149	0.624939
5	155	1.14125
5	167	1.11233
5	174	1.05176
5	178	0.825535
5	179	1.13309
6	16	1.12285
6	23	1.20393
6	63	1.19169
6	70	1.26461
6	80	1.22399
6	114	0.822539
6	135	0.647061
6	137	1.19675
6	142	1.19437
6	143	1.2109
6	156	0.849673
6	165	0.926059
7	26	1.08877
7	29	1.08228
7	32	0.956264
7	36	1.0417
7	39	1.04239
7	48	1.13241
7	51	1.09084
7	52	1.09161
7	53	1.09217
7	158	0.992679
7	160	1.03756
7	164	1.01511
8	85	0.656959
8	118	0.520633
8	138	0.600855
8	151	1.08005
8	159	1.10823
8	165	1.11285
8	166	1.03954
8	175	1.05935
8	177	1.01589
8	178	1.06822
8	179	1.09588
8	180	1.00435
9	13	1.10973
9	40	1.25628
9	61	0.947263
9	63	1.18484
9	70	1.25777
9	80	1.21714
9	127	0.592684
9	137	1.1899
9	142	1.18752
9	143	1.20406
9	149	0.783494
9	172	0.909521
10	92	1.2745
10	101	1.21801
10	103	1.14223
10	112	1.17708
10	117	1.22448
10	118	1.20378
10	119	1.20411
10	143	0.598245
10	155	0.810303
10	159	0.899432
10	169	1.13108
10	173	0.960111
11	35	1.22186
11	62	1.22581
11	84	1.21936
11	85	1.21955
11	93	1.28129
11	150	0.541218
11	155	1.15454
11	160	0.805747
11	167	1.12563
11	168	0.85889
11	170	1.08076
11	179	1.14639
12	64	1.06126
12	79	1.10595
12	81	1.10626
12	100	0.999513
12	116	1.10339
12	132	1.06932
12	139	1.10793
12	149	1.04881
12	150	1.10565
12	151	1.20857
12	152	0.788923
12	174	0.922655
13	9	1.10973
13	16	0.976129
13	40	1.11641
13	63	1.04497
13	70	1.1179
13	80	1.07727
13	137	1.05003
13	142	1.04765
13	143	1.06419
13	155	1.03291
13	162	0.879327
13	168	1.13674
14	66	1.0264
14	71	1.03662
14	72	1.13115
14	74	1.02809
14	83	1.06232
14	102	1.07767
14	104	1.13282
14	105	1.05563
14	125	1.07527
14	161	0.699674
14	170	1.18703
14	171	1.17427
15	62	1.22408
15	84	1.21762
15	85	1.21781
15	93	1.27955
15	107	1.22535
15	114	0.658548
15	154	0.633106
15	155	1.1528
15	166	1.11965
15	167	1.12389
15	168	0.857951
15	179	1.14465
16	6	1.12285
16	13	0.976129
16	23	1.06348
16	63	1.05124
16	70	1.12417
16	80	1.08354
16	137	1.0563
16	142	1.05392
16	143	1.07046
16	145	0.803092
16	168	1.08802
16	175	1.1496
17	5	1.35255
17	84	1.2667
17	85	1.26689
17	93	1.32863
17	114	0.71352
17	148	0.686711
17	155	1.20188
17	161	0.647437
17	167	1.17297
17	178	1.01411
17	179	1.19373
18	26	1.19963
18	30	0.6267
18	36	1.15256
18	39	1.15325
18	44	1.2323
18	48	1.24327
18	51	1.2017
18	52	1.20247
18	53	1.20303
18	168	0.781858
18	169	0.729108
18	174	1.10926
19	41	1.10039
19	50	1.22224
19	56	1.17718
19	67	1.21619
19	75	1.21606
19	77	1.21599
19	126	0.890191
19	141	0.795048
19	147	1.03095
19	153	1.10708
19	156	0.680608
19	162	1.15063
19	166	1.11457
20	77	0.321595
20	80	1.24963
20	88	0.516879
20	100	1.16013
20	107	0.418531
20	139	0.481124
20	142	1.22001
20	143	1.23654
20	160	1.14475
20	168	1.15551
20	171	1.0904
20	176	1.07238
20	180	1.05289
21	37	1.13059
21	42	1.21645
21	50	1.21274
21	67	1.20669
21	75	1.20655
21	77	1.20648
21	145	0.811564
21	147	1.02145
21	148	0.870275
21	152	0.737185
21	153	1.09757
21	162	1.14112
21	164	1.0209
22	38	1.12938
22	49	1.09787
22	54	1.1686
22	55	1.17031
22	64	1.14287
22	79	1.18756
22	81	1.18787
22	96	0.756547
22	109	1.08215
22	129	0.715826
22	131	1.13616
22	146	0.864872
22	150	1.18726
23	6	1.20393
23	16	1.06348
23	40	1.20376
23	63	1.13232
23	70	1.20525
23	80	1.16462
23	127	0.812817
23	137	1.13738
23	142	1.135
23	143	1.15154
23	152	0.743738
23	162	0.845628
23	164	1.02745
24	40	0.526301
24	54	0.299786
24	63	0.410498
24	105	0.523361
24	156	1.2652
24	164	1.19486
24	170	1.13401
24	173	1.16344
24	175	1.14933
24	176	1.11382
24	177	1.10587
24	178	1.1582
24	180	1.09433
25	35	1.17912
25	47	1.14698
25	62	1.18308
25	84	1.17663
25	85	1.17682
25	93	1.23856
25	94	0.56531
25	135	0.403625
25	155	1.11181
25	167	1.08289
25	177	1.21921
25	179	1.10365
25	180	1.26404
26	7	1.08877
26	18	1.19963
26	29	1.17411
26	32	1.0481
26	36	1.13353
26	44	1.21327
26	51	1.18267
26	52	1.18345
26	53	1.184
26	122	1.02521
26	135	0.448771
26	168	0.823652
26	174	1.15106
27	88	1.19982
27	111	1.15407
27	113	1.13955
27	120	0.702421
27	128	1.18314
27	136	1.17377
27	138	1.15911
27	139	1.21435
27	141	1.15018
27	150	0.665531
27	152	0.623899
27	174	1.02908
27	180	1.46874
28	52	0.711692
28	68	0.728574
28	87	1.20673
28	106	0.548208
28	115	1.09572
28	157	1.16598
28	159	1.04745
28	170	0.983246
28	172	1.02268
28	176	0.963062
28	177	0.955111
28	178	1.00744
28	180	0.943567
29	7	1.08228
29	26	1.17411
29	32	1.04161
29	39	1.12774
29	44	1.20678
29	48	1.21776
29	51	1.17618
29	52	1.17696
29	53	1.17752
29	94	0.888708
29	115	0.926009
29	143	0.786014
29	145	0.816981
30	18	0.6267
30	124	1.14543
30	136	0.767018
30	139	0.781361
30	156	1.11974
30	161	1.16399
30	166	0.984061
30	172	1.02798
30	173	1.01798
30	175	1.00387
30	177	0.960412
30	178	1.01274
30	180	0.948868
31	43	1.09978
31	49	1.10091
31	54	1.17164
31	55	1.17336
31	64	1.14591
31	79	1.1906
31	81	1.19091
31	131	1.1392
31	133	0.896786
31	140	0.796787
31	146	0.77522
31	150	1.19031
31	179	0.970841
32	4	0.844871
32	7	0.956264
32	26	1.0481
32	29	1.04161
32	36	1.00102
32	39	1.00172
32	44	1.08077
32	48	1.09174
32	51	1.05016
32	52	1.05094
32	53	1.0515
32	94	1.06612
32	156	1.10705
33	69	1.20869
33	110	1.11325
33	113	1.09442
33	121	1.12122
33	122	1.1359
33	128	1.13801
33	132	1.13061
33	136	1.12864
33	138	1.11398
33	139	1.16922
33	157	0.670003
33	159	0.919634
33	167	0.928071
33	174	0.983948
34	104	0.629329
34	131	0.778188
34	132	0.750433
34	144	1.07171
34	151	1.03079
34	155	1.05477
34	168	1.05771
34	170	0.994769
34	172	1.0342
34	173	1.0242
34	176	0.974585
34	177	0.966633
34	178	1.01896
34	180	0.95509
35	11	1.22186
35	25	1.17912
35	47	1.09306
35	62	1.12916
35	84	1.12271
35	85	1.1229
35	93	1.18464
35	153	0.835004
35	155	1.05789
35	161	0.7008
35	166	1.22798
35	167	1.02898
35	169	0.913536
35	179	1.04974
36	7	1.0417
36	18	1.15256
36	26	1.13353
36	32	1.00102
36	39	1.08715
36	44	1.1662
36	48	1.17717
36	51	1.1356
36	52	1.13637
36	53	1.13693
36	109	0.952691
36	141	0.875793
36	161	0.668136
36	166	1.19532
37	21	1.13059
37	41	1.06328
37	42	1.18884
37	56	1.14006
37	67	1.17908
37	75	1.17894
37	77	1.17888
37	147	0.993838
37	152	0.685373
37	153	1.06996
37	162	1.11351
37	164	0.96909
37	165	0.948793
37	179	1.04209
38	22	1.12938
38	43	1.06956
38	49	1.07069
38	54	1.14142
38	55	1.14314
38	64	1.11569
38	79	1.16038
38	81	1.16069
38	100	1.05395
38	124	0.840995
38	147	1.22169
38	150	1.16009
38	152	0.738376
38	162	0.840265
39	7	1.04239
39	18	1.15325
39	29	1.12774
39	32	1.00172
39	36	1.08715
39	44	1.16689
39	48	1.17787
39	51	1.13629
39	52	1.13707
39	53	1.13763
39	76	0.725119
39	87	0.744561
39	145	0.845044
39	171	1.33907
40	9	1.25628
40	13	1.11641
40	23	1.20376
40	24	0.526301
40	63	1.19152
40	70	1.26445
40	80	1.22382
40	87	0.702834
40	100	1.13433
40	120	0.80746
40	137	1.19658
40	142	1.1942
40	143	1.21074
40	157	0.823905
40	158	0.990218
41	19	1.10039
41	37	1.06328
41	42	1.14913
41	50	1.14542
41	56	1.10036
41	67	1.13938
41	75	1.13924
41	77	1.13917
41	147	0.954134
41	153	1.03026
41	155	0.921545
41	161	0.759892
41	162	1.07381
41	173	1.07135
41	178	1.12656
42	21	1.21645
42	37	1.18884
42	41	1.14913
42	56	1.22592
42	67	1.26493
42	75	1.2648
42	77	1.26473
42	129	0.613114
42	143	0.644475
42	146	0.76216
42	147	1.07969
42	153	1.15582
42	162	1.19937
42	173	1.00634
42	175	1.02195
43	31	1.09978
43	38	1.06956
43	49	1.03805
43	54	1.10878
43	55	1.1105
43	64	1.08305
43	79	1.12774
43	81	1.12805
43	100	1.02131
43	131	1.07634
43	145	0.803133
43	150	1.12745
43	162	0.830643
43	168	1.08806
43	173	1.13403
44	18	1.2323
44	26	1.21327
44	29	1.20678
44	32	1.08077
44	36	1.1662
44	39	1.16689
44	48	1.25691
44	51	1.21534
44	52	1.21612
44	53	1.21667
44	141	0.761223
44	154	0.594207
44	160	0.765909
44	165	0.723169
44	177	1.25975
45	73	1.17298
45	82	1.24808
45	103	1.14329
45	106	1.27084
45	112	1.17814
45	117	1.22554
45	118	1.20484
45	119	1.20518
45	134	0.531342
45	142	1.21004
45	153	0.789146
45	154	0.695583
45	157	0.656092
45	169	1.13215
45	180	1.40596
46	73	1.17506
46	86	1.22159
46	101	1.22116
46	103	1.14538
46	106	1.27292
46	112	1.18023
46	117	1.22763
46	118	1.20693
46	119	1.20726
46	123	0.373501
46	129	0.439682
46	157	0.522599
46	163	1.84505
46	169	1.13423
46	178	0.888116
47	1	0.480381
47	5	1.17642
47	25	1.14698
47	35	1.09306
47	62	1.09702
47	84	1.09057
47	85	1.09076
47	93	1.1525
47	107	1.09829
47	123	0.758082
47	127	0.88129
47	155	1.02575
47	167	0.996835
47	174	1.49892
47	179	1.01759
48	7	1.13241
48	18	1.24327
48	29	1.21776
48	32	1.09174
48	36	1.17717
48	39	1.17787
48	44	1.25691
48	51	1.22631
48	52	1.22709
48	53	1.22764
48	115	0.620804
48	157	0.532364
48	172	0.823312
48	179	0.794114
48	180	1.28223
49	22	1.09787
49	31	1.10091
49	38	1.07069
49	43	1.03805
49	54	1.10991
49	64	1.08418
49	79	1.12887
49	81	1.12918
49	100	1.02244
49	131	1.07747
49	143	0.761297
49	150	1.12857
49	156	0.904919
49	160	1.02404
49	178	1.17837
50	19	1.22224
50	21	1.21274
50	41	1.14542
50	56	1.22221
50	67	1.26122
50	75	1.26109
50	77	1.26102
50	87	0.540649
50	147	1.07598
50	152	0.566753
50	153	1.15211
50	158	0.828033
50	162	1.19566
50	171	1.13516
50	175	0.987637
51	7	1.09084
51	18	1.2017
51	26	1.18267
51	29	1.17618
51	32	1.05016
51	36	1.1356
51	39	1.13629
51	44	1.21534
51	48	1.22631
51	52	1.18552
51	53	1.18607
51	94	0.812248
51	127	0.73522
51	134	0.636359
51	144	1.00373
51	172	1.05206
52	7	1.09161
52	18	1.20247
52	26	1.18345
52	28	0.711692
52	29	1.17696
52	32	1.05094
52	36	1.13637
52	39	1.13707
52	44	1.21612
52	48	1.22709
52	51	1.18552
52	53	1.18685
52	129	0.637418
52	146	0.786464
52	164	0.909083
52	167	0.978403
53	7	1.09217
53	18	1.20303
53	26	1.184
53	29	1.17752
53	32	1.0515
53	36	1.13693
53	39	1.13763
53	44	1.21667
53	48	1.22764
53	51	1.18607
53	52	1.18685
53	140	0.68177
53	148	0.632196
53	149	0.758995
53	176	1.2516
53	178	0.959591
54	22	1.1686
54	24	0.299786
54	31	1.17164
54	38	1.14142
54	43	1.10878
54	49	1.10991
54	55	1.18236
54	64	1.15491
54	79	1.1996
54	81	1.19991
54	131	1.1482
54	150	1.19931
54	151	0.922067
54	165	0.765843
54	166	1.12342
54	178	0.962908
55	4	0.445962
55	22	1.17031
55	31	1.17336
55	38	1.14314
55	43	1.1105
55	54	1.18236
55	64	1.15663
55	79	1.20132
55	81	1.20162
55	100	1.09488
55	131	1.14992
55	134	0.491322
55	150	1.20102
55	169	0.827657
55	173	0.926383
55	180	1.36594
56	19	1.17718
56	37	1.14006
56	41	1.10036
56	42	1.22592
56	50	1.22221
56	67	1.21616
56	75	1.21602
56	77	1.21596
56	97	0.702609
56	115	0.944886
56	129	0.77353
56	133	1.04414
56	147	1.03092
56	152	0.761479
56	153	1.10705
56	162	1.15059
57	68	1.07187
57	78	1.12579
57	89	1.10217
57	108	1.07967
57	110	1.05754
57	121	1.0655
57	128	1.0823
57	132	1.07489
57	136	1.07292
57	138	1.05827
57	139	1.1135
57	143	0.805942
57	160	1.06869
57	168	1.12183
57	169	1.06908
57	174	0.928233
58	2	0.607003
58	65	1.16067
58	66	1.12446
58	71	1.13469
58	72	1.22921
58	83	1.16039
58	95	1.14017
58	102	1.17574
58	104	1.23088
58	105	1.15369
58	125	1.17334
58	131	1.1433
58	135	0.582307
58	141	0.899359
58	151	1.01753
58	179	0.954603
59	65	1.07936
59	66	1.04315
59	74	1.04484
59	83	1.07908
59	95	1.05886
59	102	1.09443
59	104	1.14957
59	105	1.07238
59	109	1.03719
59	122	0.962386
59	125	1.09203
59	131	1.062
59	137	1.06922
59	153	0.886835
59	165	0.922233
59	170	1.23999
60	2	0.516591
60	86	1.16558
60	90	1.23312
60	92	1.22164
60	103	1.08937
60	106	1.21691
60	112	1.12422
60	117	1.17162
60	118	1.15092
60	119	1.15125
60	125	1.18131
60	133	0.790136
60	160	0.813633
60	161	0.60129
60	169	1.07822
60	180	1.35231
61	9	0.947263
61	82	0.944278
61	90	0.888318
61	122	0.983019
61	158	1.05454
61	160	1.01221
61	165	1.02886
61	168	1.02297
61	170	0.960029
61	171	0.957857
61	173	0.989463
61	175	0.975355
61	176	0.939845
61	177	0.931894
61	178	0.984218
61	180	0.92035
62	11	1.22581
62	15	1.22408
62	25	1.18308
62	35	1.12916
62	47	1.09702
62	84	1.12667
62	85	1.12686
62	93	1.1886
62	107	1.13439
62	141	0.745315
62	144	0.781434
62	153	0.671863
62	155	1.06185
62	167	1.03294
62	170	1.02501
62	179	1.0537
62	180	1.28868
63	6	1.19169
63	9	1.18484
63	13	1.04497
63	16	1.05124
63	23	1.13232
63	24	0.410498
63	40	1.19152
63	70	1.19301
63	80	1.15239
63	100	1.06289
63	137	1.12515
63	141	0.914608
63	142	1.12277
63	143	1.1393
63	154	0.747592
63	171	1.18154
63	173	1.01841
64	12	1.06126
64	22	1.14287
64	31	1.14591
64	38	1.11569
64	43	1.08305
64	49	1.08418
64	54	1.15491
64	55	1.15663
64	79	1.17387
64	81	1.17418
64	87	0.559876
64	131	1.12247
64	133	0.868642
64	150	1.17358
64	154	0.720438
64	169	0.892533
64	180	1.43082
65	58	1.16067
65	59	1.07936
65	66	1.11429
65	74	1.11598
65	95	1.13
65	102	1.16556
65	104	1.22071
65	105	1.14352
65	122	1.03352
65	125	1.16316
65	126	1.0022
65	131	1.13313
65	137	1.14035
65	147	1.0889
65	153	0.8336
65	155	0.86105
65	157	0.700547
66	14	1.0264
66	58	1.12446
66	59	1.04315
66	65	1.11429
66	71	1.0883
66	72	1.18282
66	74	1.07977
66	83	1.114
66	95	1.09379
66	102	1.12935
66	104	1.1845
66	105	1.1073
66	123	0.812773
66	125	1.12695
66	135	0.851325
66	143	0.910316
66	145	0.941283
66	165	1.13032
67	19	1.21619
67	21	1.20669
67	37	1.17908
67	41	1.13938
67	42	1.26493
67	50	1.26122
67	56	1.21616
67	75	1.25504
67	77	1.25497
67	120	0.453009
67	147	1.06993
67	153	1.14606
67	157	0.469455
67	162	1.18961
67	171	0.942897
67	176	1.12698
67	177	1.17449
67	179	0.731205
68	28	0.728574
68	57	1.07187
68	99	1.11429
68	108	1.14705
68	111	1.12061
68	113	1.10609
68	116	1.17635
68	128	1.14968
68	132	1.14228
68	136	1.14031
68	138	1.12565
68	139	1.18089
68	140	0.824914
68	154	0.776708
68	163	0.932942
68	172	1.02817
68	174	0.995617
68	178	1.10273
69	33	1.20869
69	78	1.27428
69	98	1.27561
69	110	1.20602
69	121	1.21399
69	123	0.56411
69	128	1.23079
69	132	1.22338
69	135	0.602662
69	136	1.22141
69	138	1.20676
69	139	1.26199
69	162	0.720129
69	163	1.01405
69	169	0.924793
69	174	1.07672
69	178	1.07873
69	179	0.974958
70	6	1.26461
70	9	1.25777
70	13	1.1179
70	16	1.12417
70	23	1.20525
70	40	1.26445
70	63	1.19301
70	80	1.22531
70	100	1.13582
70	137	1.19807
70	141	0.623387
70	142	1.19569
70	143	1.21223
70	148	0.455004
70	158	0.583194
70	163	1.73933
70	173	0.727192
70	178	0.782399
71	14	1.03662
71	58	1.13469
71	66	1.0883
71	74	1.08999
71	95	1.10401
71	102	1.13958
71	104	1.19472
71	105	1.11753
71	107	1.11709
71	122	1.00753
71	125	1.13717
71	130	0.971163
71	131	1.10714
71	137	1.11436
71	149	0.839089
71	155	0.834671
71	161	0.673018
71	177	1.37921
72	14	1.13115
72	58	1.22921
72	66	1.18282
72	74	1.18452
72	83	1.21875
72	95	1.19854
72	102	1.2341
72	104	1.28925
72	105	1.21205
72	120	0.535623
72	122	1.10206
72	131	1.20167
72	137	1.20889
72	147	0.940419
72	156	0.644136
72	170	1.03827
72	173	0.86238
72	175	0.877985
73	45	1.17298
73	46	1.17506
73	82	1.12641
73	86	1.09784
73	90	1.16538
73	92	1.1539
73	103	1.02163
73	106	1.14917
73	109	0.616867
73	112	1.05648
73	117	1.10388
73	118	1.08318
73	119	1.08351
73	145	0.312875
73	163	1.65592
73	169	1.01048
73	177	1.0385
73	180	1.08333
74	14	1.02809
74	59	1.04484
74	65	1.11598
74	66	1.07977
74	71	1.08999
74	72	1.18452
74	83	1.11569
74	95	1.09548
74	102	1.13104
74	104	1.18619
74	105	1.109
74	107	1.10856
74	137	1.10583
74	151	1.05852
74	157	0.733838
74	161	0.732688
74	175	1.05975
74	178	1.09936
75	19	1.21606
75	21	1.20655
75	37	1.17894
75	41	1.13924
75	42	1.2648
75	50	1.26109
75	56	1.21602
75	67	1.25504
75	77	1.25484
75	140	0.677093
75	147	1.0698
75	150	0.53606
75	153	1.14593
75	154	0.628887
75	161	0.588246
75	162	1.18947
75	174	1.18114
75	177	1.29443
76	39	0.725119
76	77	0.37214
76	112	0.610645
76	116	0.591168
76	140	1.18823
76	142	0.422663
76	153	1.14822
76	157	1.24777
76	160	1.11721
76	165	1.13386
76	166	1.06055
76	170	1.06503
76	171	1.06286
76	172	1.10446
76	173	1.09447
76	177	1.0369
76	178	1.08922
76	180	1.02535
77	19	1.21599
77	20	0.321595
77	21	1.20648
77	37	1.17888
77	41	1.13917
77	42	1.26473
77	50	1.26102
77	56	1.21596
77	67	1.25497
77	75	1.25484
77	76	0.37214
77	147	1.06973
77	149	0.677575
77	153	1.14586
77	162	1.18941
77	168	0.77699
77	174	1.10439
77	177	1.21769
78	57	1.12579
78	69	1.27428
78	89	1.22347
78	91	1.19202
78	111	1.17452
78	127	0.607477
78	128	1.2036
78	132	1.19619
78	136	1.19422
78	138	1.17957
78	139	1.2348
78	141	1.17063
78	152	0.538399
78	155	0.79387
78	163	0.986856
78	169	0.844952
78	174	1.04953
78	175	0.959283
78	177	1.3384
79	2	0.638494
79	12	1.10595
79	22	1.18756
79	31	1.1906
79	38	1.16038
79	43	1.12774
79	49	1.12887
79	54	1.1996
79	55	1.20132
79	64	1.17387
79	81	1.21887
79	100	1.11213
79	131	1.16716
79	134	0.599594
79	135	0.613798
79	140	0.812041
79	150	1.21827
79	167	0.982413
79	170	1.21055
80	6	1.22399
80	9	1.21714
80	13	1.07727
80	16	1.08354
80	20	1.24963
80	23	1.16462
80	40	1.22382
80	63	1.15239
80	70	1.22531
80	100	1.09519
80	123	0.568863
80	137	1.15744
80	142	1.15507
80	143	1.1716
80	145	0.697372
80	146	0.78409
80	148	0.756083
80	165	0.886413
80	176	1.37548
81	12	1.10626
81	22	1.18787
81	31	1.19091
81	38	1.16069
81	43	1.12805
81	49	1.12918
81	54	1.19991
81	55	1.20162
81	64	1.17418
81	79	1.21887
81	100	1.11244
81	124	0.460843
81	131	1.16747
81	149	0.618113
81	150	1.21857
81	163	1.77564
81	168	0.717527
81	178	0.818709
81	179	0.714942
82	3	1.09461
82	45	1.24808
82	61	0.944278
82	73	1.12641
82	90	1.24048
82	92	1.22901
82	97	0.461751
82	101	1.17251
82	103	1.09673
82	106	1.22428
82	118	1.15828
82	119	1.15862
82	125	1.18867
82	140	0.703285
82	142	1.16348
82	157	0.615588
82	168	0.879924
82	169	1.08559
82	176	1.27311
83	14	1.06232
83	58	1.16039
83	59	1.07908
83	66	1.114
83	72	1.21875
83	74	1.11569
83	95	1.12972
83	102	1.16528
83	104	1.22042
83	105	1.14323
83	107	1.1428
83	125	1.16288
83	129	0.600655
83	131	1.13285
83	137	1.14007
83	144	0.926197
83	153	0.816626
83	155	0.844075
83	156	0.775639
83	176	1.3411
84	5	1.20607
84	11	1.21936
84	15	1.21762
84	17	1.2667
84	25	1.17663
84	35	1.12271
84	47	1.09057
84	62	1.12667
84	85	1.12041
84	93	1.18215
84	107	1.12794
84	130	0.96221
84	144	0.90784
84	145	0.644627
84	155	1.0554
84	158	0.831528
84	159	0.914847
84	167	1.02649
84	178	1.03073
84	179	1.04725
85	5	1.20626
85	8	0.656959
85	11	1.21955
85	15	1.21781
85	17	1.26689
85	25	1.17682
85	35	1.1229
85	47	1.09076
85	62	1.12686
85	84	1.12041
85	93	1.18234
85	107	1.12813
85	124	0.811489
85	130	1.10083
85	135	0.693292
85	155	1.05559
85	161	0.802687
85	164	0.992586
85	167	1.02668
85	179	1.04744
86	1	0.448161
86	46	1.22159
86	60	1.16558
86	73	1.09784
86	90	1.21191
86	101	1.14394
86	103	1.06816
86	106	1.1957
86	112	1.10301
86	115	0.9634
86	117	1.15041
86	118	1.12971
86	119	1.13005
86	125	1.1601
86	134	0.75021
86	142	1.13491
86	146	0.941089
86	162	0.881881
86	165	1.04341
86	169	1.05701
87	28	1.20673
87	39	0.744561
87	40	0.702834
87	50	0.540649
87	64	0.559876
87	96	1.20123
87	133	1.17917
87	137	0.568662
87	142	0.442105
87	144	1.17098
87	157	1.27678
87	160	1.14622
87	164	1.1549
87	166	1.08956
87	171	1.09187
87	172	1.13348
87	175	1.10937
87	177	1.06591
87	178	1.11823
87	180	1.05437
88	20	0.516879
88	27	1.19982
88	91	1.16521
88	98	1.2216
88	99	1.14138
88	108	1.17415
88	110	1.15202
88	113	1.13319
88	120	0.691491
88	121	1.15998
88	128	1.17678
88	130	1.00493
88	136	1.1674
88	138	1.15275
88	139	1.20798
88	148	0.74606
88	163	0.960039
88	174	1.02271
88	175	1.03385
88	178	1.07345
89	57	1.10217
89	78	1.22347
89	91	1.16841
89	99	1.14458
89	108	1.17735
89	110	1.15522
89	111	1.1509
89	116	1.20665
89	121	1.16318
89	123	0.651032
89	136	1.1706
89	138	1.15595
89	139	1.21118
89	140	0.887827
89	156	0.892197
89	159	1.04976
89	161	0.79898
89	163	0.963237
89	169	1.01172
89	174	1.02591
90	3	1.13358
90	60	1.23312
90	61	0.888318
90	73	1.16538
90	82	1.24048
90	86	1.21191
90	92	1.26797
90	101	1.21148
90	103	1.1357
90	106	1.26324
90	112	1.17055
90	117	1.21795
90	118	1.19725
90	119	1.19758
90	133	0.747323
90	146	0.625758
90	148	0.597751
90	154	0.599119
90	169	1.12455
90	172	0.850576
90	174	1.15137
91	78	1.19202
91	88	1.16521
91	89	1.16841
91	99	1.11314
91	110	1.12377
91	111	1.11946
91	113	1.10494
91	116	1.1752
91	121	1.13174
91	132	1.14113
91	136	1.13916
91	138	1.12451
91	139	1.17974
91	144	0.774748
91	160	0.743316
91	161	0.530973
91	163	0.931794
91	166	1.05815
91	174	0.994469
91	176	1.18965
91	177	1.23716
92	10	1.2745
92	60	1.22164
92	73	1.1539
92	82	1.22901
92	90	1.26797
92	97	0.5716
92	101	1.2
92	103	1.12422
92	106	1.25176
92	112	1.15907
92	117	1.20647
92	118	1.18577
92	119	1.18611
92	124	0.733088
92	127	0.699547
92	142	1.19097
92	149	0.890358
92	153	0.85849
92	162	0.732359
92	169	1.11308
92	171	1.19888
93	5	1.26799
93	11	1.28129
93	15	1.27955
93	17	1.32863
93	25	1.23856
93	35	1.18464
93	47	1.1525
93	62	1.1886
93	84	1.18215
93	85	1.18234
93	107	1.18987
93	122	0.841863
93	152	0.281001
93	155	1.11733
93	156	0.468035
93	158	0.542282
93	163	1.69842
93	167	1.08841
93	171	0.849411
93	176	1.03349
93	179	1.10917
94	1	1.27569
94	25	0.56531
94	29	0.888708
94	32	1.06612
94	51	0.812248
94	98	0.661873
94	152	1.19784
94	156	1.12609
94	158	1.08941
94	165	1.06372
94	166	0.990405
94	169	1.04443
94	170	0.994891
94	171	0.992718
94	172	1.03432
94	173	1.02432
94	175	1.01022
94	176	0.974707
94	177	0.966755
94	178	1.01908
94	180	0.955212
95	58	1.14017
95	59	1.05886
95	65	1.13
95	66	1.09379
95	71	1.10401
95	72	1.19854
95	74	1.09548
95	83	1.12972
95	97	0.667901
95	102	1.14506
95	104	1.20021
95	105	1.12302
95	107	1.12258
95	120	0.805292
95	122	1.01302
95	131	1.11263
95	134	0.696988
95	137	1.11985
95	152	0.72677
95	174	1.41348
95	175	1.14765
96	22	0.756547
96	87	1.20123
96	101	0.720471
96	106	0.514655
96	111	0.744723
96	131	0.645713
96	150	1.15145
96	152	1.1807
96	155	1.03776
96	157	1.16049
96	158	1.07226
96	159	1.04195
96	162	1.10449
96	168	1.04069
96	170	0.97775
96	171	0.975577
96	174	0.968455
96	176	0.957566
96	177	0.949614
96	178	1.00194
96	180	0.938071
97	56	0.702609
97	82	0.461751
97	92	0.5716
97	95	0.667901
97	100	0.47387
97	121	0.687597
97	129	1.28236
97	146	1.2295
97	148	1.2591
97	160	1.13973
97	165	1.15638
97	166	1.08307
97	168	1.15049
97	171	1.08538
97	172	1.12698
97	173	1.11699
97	177	1.05942
97	178	1.11174
97	179	1.13941
97	180	1.04788
98	69	1.27561
98	88	1.2216
98	94	0.661873
98	99	1.16953
98	108	1.2023
98	110	1.18017
98	111	1.17586
98	113	1.16134
98	115	0.699174
98	116	1.2316
98	126	0.912384
98	128	1.20493
98	132	1.19753
98	136	1.19555
98	138	1.1809
98	141	1.17196
98	143	0.559179
98	162	0.617656
98	163	0.988189
98	172	0.901682
98	174	1.05086
98	177	1.31577
99	68	1.11429
99	88	1.14138
99	89	1.14458
99	91	1.11314
99	98	1.16953
99	108	1.12208
99	110	1.09995
99	111	1.09564
99	113	1.08112
99	116	1.15138
99	129	0.700635
99	132	1.11731
99	133	0.971246
99	136	1.11534
99	138	1.10068
99	139	1.15592
99	147	1.1719
99	162	0.790473
99	163	0.907972
99	164	0.9723
99	167	1.04162
99	174	0.970647
100	12	0.999513
100	20	1.16013
100	38	1.05395
100	40	1.13433
100	43	1.02131
100	49	1.02244
100	55	1.09488
100	63	1.06289
100	70	1.13582
100	79	1.11213
100	80	1.09519
100	81	1.11244
100	97	0.47387
100	109	0.911111
100	131	1.06073
100	137	1.06795
100	142	1.06557
100	143	1.0821
100	150	1.11183
100	170	1.11391
100	173	0.938018
100	179	0.889457
100	180	1.37758
101	1	0.335867
101	3	1.06561
101	10	1.21801
101	46	1.22116
101	82	1.17251
101	86	1.14394
101	90	1.21148
101	92	1.2
101	96	0.720471
101	103	1.06773
101	106	1.19527
101	112	1.10258
101	117	1.14998
101	118	1.12928
101	119	1.12961
101	125	1.15967
101	141	0.969172
101	142	1.13448
101	148	0.800789
101	157	0.762666
101	167	1.02073
101	169	1.05658
101	172	1.05361
102	14	1.07767
102	58	1.17574
102	59	1.09443
102	65	1.16556
102	66	1.12935
102	71	1.13958
102	72	1.2341
102	74	1.13104
102	83	1.16528
102	95	1.14506
102	104	1.23577
102	105	1.15858
102	107	1.15814
102	122	1.04859
102	124	0.69434
102	125	1.17823
102	131	1.14819
102	147	1.07504
102	148	0.724812
102	150	0.633353
102	159	0.936321
102	162	0.693611
102	176	1.34421
103	10	1.14223
103	45	1.14329
103	46	1.14538
103	60	1.08937
103	73	1.02163
103	82	1.09673
103	86	1.06816
103	90	1.1357
103	92	1.12422
103	101	1.06773
103	112	1.0268
103	114	0.818033
103	117	1.0742
103	118	1.05349
103	119	1.05383
103	125	1.08389
103	126	1.05475
103	142	1.0587
103	151	1.07778
103	156	0.845167
103	169	0.980801
103	175	1.07902
103	179	1.01485
104	14	1.13282
104	34	0.629329
104	58	1.23088
104	59	1.14957
104	65	1.22071
104	66	1.1845
104	71	1.19472
104	72	1.28925
104	74	1.18619
104	83	1.22042
104	95	1.20021
104	102	1.23577
104	105	1.21373
104	107	1.21329
104	114	0.603982
104	122	1.10373
104	131	1.20334
104	137	1.21056
104	149	0.703971
104	156	0.631117
104	159	0.788681
104	168	0.803386
104	171	1.01249
104	174	1.13079
105	14	1.05563
105	24	0.523361
105	58	1.15369
105	59	1.07238
105	65	1.14352
105	66	1.1073
105	71	1.11753
105	72	1.21205
105	74	1.109
105	83	1.14323
105	95	1.12302
105	102	1.15858
105	104	1.21373
105	107	1.1361
105	122	1.02654
105	125	1.15618
105	131	1.12615
105	135	0.710419
105	137	1.13337
105	152	0.725998
105	157	0.820965
105	160	1.03216
105	172	1.11191
105	175	1.14688
106	3	1.11737
106	28	0.548208
106	45	1.27084
106	46	1.27292
106	60	1.21691
106	73	1.14917
106	82	1.22428
106	86	1.1957
106	90	1.26324
106	92	1.25176
106	96	0.514655
106	101	1.19527
106	112	1.15434
106	114	0.621783
106	117	1.20174
106	118	1.18104
106	119	1.18137
106	142	1.18624
106	148	0.594973
106	164	0.745599
106	166	1.08288
106	169	1.10834
106	174	1.14859
106	179	0.818601
107	15	1.22535
107	20	0.418531
107	47	1.09829
107	62	1.13439
107	71	1.11709
107	74	1.10856
107	83	1.1428
107	84	1.12794
107	85	1.12813
107	93	1.18987
107	95	1.12258
107	102	1.15814
107	104	1.21329
107	105	1.1361
107	130	0.906583
107	137	1.13293
107	141	0.816095
107	155	1.06312
107	166	1.13562
107	167	1.03421
107	169	0.821175
107	171	1.08303
107	173	0.9199
107	179	1.05497
108	57	1.07967
108	68	1.14705
108	88	1.17415
108	89	1.17735
108	98	1.2023
108	99	1.12208
108	111	1.12841
108	113	1.11389
108	116	1.18415
108	121	1.14068
108	128	1.15748
108	132	1.15008
108	136	1.1481
108	138	1.13345
108	139	1.18868
108	150	0.551486
108	155	0.765325
108	159	0.854453
108	163	0.940739
108	168	0.869158
108	170	1.09103
108	172	0.89577
108	174	1.00341
108	177	1.30986
109	22	1.08215
109	36	0.952691
109	59	1.03719
109	73	0.616867
109	100	0.911111
109	122	0.979578
109	124	1.11347
109	144	1.03353
109	146	1.09854
109	149	1.09463
109	151	0.992614
109	152	1.15954
109	153	1.03978
109	159	1.02079
109	161	1.13203
109	164	1.01745
109	168	1.01953
109	170	0.956589
109	175	0.971915
109	176	0.936405
109	177	0.928453
109	178	0.980778
109	180	0.91691
110	33	1.11325
110	57	1.05754
110	69	1.20602
110	88	1.15202
110	89	1.15522
110	91	1.12377
110	98	1.18017
110	99	1.09995
110	111	1.10627
110	121	1.11855
110	127	0.85542
110	128	1.13534
110	132	1.12794
110	136	1.12597
110	138	1.11132
110	139	1.16655
110	141	1.10238
110	143	0.829755
110	146	0.947439
110	150	0.827974
110	158	1.04762
110	161	0.880159
110	163	0.918604
110	169	1.0929
110	174	0.98128
111	1	0.360119
111	27	1.15407
111	68	1.12061
111	78	1.17452
111	89	1.1509
111	91	1.11946
111	96	0.744723
111	98	1.17586
111	99	1.09564
111	108	1.12841
111	110	1.10627
111	113	1.08744
111	116	1.1577
111	121	1.11424
111	132	1.12363
111	136	1.12166
111	138	1.10701
111	139	1.16224
111	148	0.825041
111	150	0.733582
111	163	0.914293
111	167	1.04499
111	171	1.26036
111	173	1.09723
111	174	0.976969
112	3	1.02468
112	10	1.17708
112	45	1.17814
112	46	1.18023
112	60	1.12422
112	73	1.05648
112	76	0.610645
112	86	1.10301
112	90	1.17055
112	92	1.15907
112	101	1.10258
112	103	1.0268
112	106	1.15434
112	117	1.10905
112	118	1.08834
112	119	1.08868
112	122	1.21705
112	125	1.11874
112	140	0.838855
112	142	1.09355
112	157	0.751159
112	161	0.750008
112	169	1.01565
112	172	1.04211
112	175	1.07708
113	27	1.13955
113	33	1.09442
113	68	1.10609
113	88	1.13319
113	91	1.10494
113	98	1.16134
113	99	1.08112
113	108	1.11389
113	111	1.08744
113	116	1.14318
113	121	1.09972
113	124	0.718124
113	128	1.11651
113	132	1.10911
113	136	1.10714
113	138	1.09249
113	139	1.14772
113	141	1.08355
113	150	0.657137
113	161	0.709322
113	163	0.899774
113	165	0.878925
113	167	0.968541
113	174	0.96245
113	176	1.368
113	177	1.41551
114	6	0.822539
114	15	0.658548
114	17	0.71352
114	103	0.818033
114	104	0.603982
114	106	0.621783
114	131	0.752841
114	140	1.17139
114	151	1.08422
114	152	1.25115
114	157	1.23093
114	158	1.14271
114	159	1.11239
114	164	1.10905
114	165	1.11702
114	166	1.04371
114	170	1.04819
114	171	1.04602
114	173	1.07763
114	174	1.0389
114	175	1.06352
114	176	1.02801
114	177	1.02006
114	178	1.07238
114	179	1.10005
114	180	1.00851
115	28	1.09572
115	29	0.926009
115	48	0.620804
115	56	0.944886
115	86	0.9634
115	98	0.699174
115	138	0.836174
115	140	1.10623
115	152	1.18599
115	156	1.11423
115	157	1.16577
115	161	1.15848
115	166	0.978549
115	168	1.04597
115	169	1.03258
115	170	0.983035
115	171	0.980862
115	172	1.02247
115	173	1.01247
115	174	0.97374
115	175	0.998361
115	176	0.962851
115	177	0.954899
115	178	1.00722
115	179	1.03489
115	180	0.943356
116	12	1.10339
116	68	1.17635
116	76	0.591168
116	89	1.20665
116	91	1.1752
116	98	1.2316
116	99	1.15138
116	108	1.18415
116	111	1.1577
116	113	1.14318
116	120	0.715236
116	121	1.16998
116	128	1.18678
116	132	1.17937
116	136	1.1774
116	138	1.16275
116	139	1.21798
116	141	1.15381
116	150	0.678345
116	154	0.771172
116	163	0.970036
116	165	0.900133
116	167	0.98975
116	168	0.996017
116	174	1.03271
116	175	1.0576
117	3	1.07208
117	10	1.22448
117	45	1.22554
117	46	1.22763
117	60	1.17162
117	73	1.10388
117	86	1.15041
117	90	1.21795
117	92	1.20647
117	101	1.14998
117	103	1.0742
117	106	1.20174
117	112	1.10905
117	118	1.13574
117	119	1.13608
117	125	1.16614
117	142	1.14095
117	145	0.596882
117	146	0.6836
117	156	0.709537
117	159	0.867101
117	164	0.806219
117	165	0.785922
117	169	1.06305
117	170	1.10368
117	180	1.36734
118	3	1.05137
118	8	0.520633
118	10	1.20378
118	45	1.20484
118	46	1.20693
118	60	1.15092
118	73	1.08318
118	82	1.15828
118	86	1.12971
118	90	1.19725
118	92	1.18577
118	101	1.12928
118	103	1.05349
118	106	1.18104
118	112	1.08834
118	117	1.13574
118	119	1.11538
118	125	1.14543
118	134	0.542762
118	142	1.12024
118	147	1.05586
118	153	0.800566
118	155	0.828015
118	164	0.856261
118	169	1.04235
118	174	1.25925
118	178	1.03303
119	3	1.05171
119	10	1.20411
119	45	1.20518
119	46	1.20726
119	60	1.15125
119	73	1.08351
119	82	1.15862
119	86	1.13005
119	90	1.19758
119	92	1.18611
119	101	1.12961
119	103	1.05383
119	106	1.18137
119	112	1.08868
119	117	1.13608
119	118	1.11538
119	123	0.469063
119	125	1.14577
119	142	1.12058
119	144	0.860786
119	154	0.657652
119	160	0.829353
119	164	0.80691
119	166	1.14419
119	169	1.04268
119	171	1.0916
119	176	1.27568
120	27	0.702421
120	40	0.80746
120	67	0.453009
120	72	0.535623
120	88	0.691491
120	95	0.805292
120	116	0.715236
120	123	1.27914
120	130	1.08433
120	134	1.27754
120	135	1.27815
120	137	0.673288
120	144	1.11016
120	145	1.19716
120	149	1.17126
120	150	1.20692
120	158	1.12774
120	161	1.20867
120	166	1.02874
120	168	1.09616
120	169	1.08277
120	172	1.07265
120	173	1.06266
120	175	1.04855
120	176	1.01304
120	177	1.00509
120	178	1.05741
120	180	0.993543
121	2	1.1471
121	33	1.12122
121	57	1.0655
121	69	1.21399
121	88	1.15998
121	89	1.16318
121	91	1.13174
121	97	0.687597
121	108	1.14068
121	110	1.11855
121	111	1.11424
121	113	1.09972
121	116	1.16998
121	124	0.849086
121	127	0.815545
121	128	1.14331
121	132	1.13591
121	134	0.716684
121	136	1.13393
121	138	1.11928
121	139	1.17452
121	141	1.11034
121	150	0.788099
121	158	1.00775
121	163	0.926569
121	167	1.0995
121	174	0.989245
121	179	1.10318
122	26	1.02521
122	33	1.1359
122	59	0.962386
122	61	0.983019
122	65	1.03352
122	71	1.00753
122	72	1.10206
122	93	0.841863
122	95	1.01302
122	102	1.04859
122	104	1.10373
122	105	1.02654
122	109	0.979578
122	112	1.21705
122	128	1.15992
122	131	1.01615
122	137	1.02337
122	146	1.0355
122	147	0.900619
122	168	0.956493
122	170	0.893555
122	171	0.891382
122	173	0.922989
122	174	0.884261
122	176	0.873371
122	178	0.917744
122	179	0.945409
122	180	0.853876
123	46	0.373501
123	47	0.758082
123	66	0.812773
123	69	0.56411
123	80	0.568863
123	89	0.651032
123	119	0.469063
123	120	1.27914
123	125	0.65076
123	126	1.16653
123	139	0.523085
123	148	1.28803
123	154	1.28501
123	160	1.16866
123	161	1.29193
123	163	1.04451
123	165	1.18531
123	166	1.112
123	167	1.14758
123	168	1.17942
123	170	1.11648
123	171	1.11431
123	173	1.14592
123	174	1.10719
123	175	1.13181
123	176	1.0963
123	177	1.08835
123	178	1.14067
123	180	1.0768
124	30	1.14543
124	38	0.840995
124	81	0.460843
124	85	0.811489
124	92	0.733088
124	102	0.69434
124	109	1.11347
124	113	0.718124
124	121	0.849086
124	126	1.0775
124	130	1.07856
124	139	0.679834
124	140	1.15065
124	149	1.16549
124	150	1.20115
124	154	1.19598
124	156	1.15865
124	158	1.12196
124	161	1.20289
124	166	1.02296
124	168	1.09039
124	170	1.02745
124	171	1.02528
124	172	1.06688
124	173	1.05688
124	175	1.04278
124	176	1.00727
124	177	0.999314
124	178	1.05164
124	180	0.98777
125	14	1.07527
125	58	1.17334
125	59	1.09203
125	60	1.18131
125	65	1.16316
125	66	1.12695
125	71	1.13717
125	82	1.18867
125	83	1.16288
125	86	1.1601
125	101	1.15967
125	102	1.17823
125	103	1.08389
125	105	1.15618
125	112	1.11874
125	117	1.16614
125	118	1.14543
125	119	1.14577
125	123	0.65076
125	134	0.675107
125	137	1.15301
125	142	1.15064
125	144	1.04248
125	150	0.746521
125	151	1.12453
125	152	0.70489
125	154	0.839348
125	156	0.891924
125	159	1.04949
125	169	1.07274
126	2	1.06918
126	5	0.761667
126	19	0.890191
126	65	1.0022
126	98	0.912384
126	103	1.05475
126	123	1.16653
126	124	1.0775
126	127	1.08985
126	129	1.11542
126	132	0.961803
126	134	1.16493
126	148	1.09216
126	157	1.10335
126	158	1.01513
126	159	0.984813
126	161	1.09606
126	163	0.848642
126	165	0.989439
126	167	0.951705
126	168	0.98355
126	172	0.960043
126	173	0.950046
126	175	0.935938
126	176	0.900428
126	177	0.892476
126	178	0.944801
126	179	0.972466
126	180	0.880933
127	9	0.592684
127	23	0.812817
127	47	0.88129
127	51	0.73522
127	78	0.607477
127	92	0.699547
127	110	0.85542
127	121	0.815545
127	126	1.08985
127	146	1.18175
127	149	1.17784
127	153	1.12299
127	154	1.20833
127	155	1.09981
127	156	1.171
127	160	1.09198
127	164	1.10066
127	165	1.10863
127	166	1.03531
127	168	1.10274
127	169	1.08934
127	170	1.0398
127	171	1.03763
127	172	1.07923
127	173	1.06923
127	175	1.05513
127	176	1.01962
127	177	1.01166
127	178	1.06399
127	180	1.00012
128	2	1.1639
128	27	1.18314
128	33	1.13801
128	57	1.0823
128	68	1.14968
128	69	1.23079
128	78	1.2036
128	88	1.17678
128	98	1.20493
128	108	1.15748
128	110	1.13534
128	113	1.11651
128	116	1.18678
128	121	1.14331
128	122	1.15992
128	132	1.1527
128	133	0.881725
128	136	1.15073
128	138	1.13608
128	139	1.19131
128	141	1.12714
128	150	0.640694
128	151	1.01871
128	153	0.827084
128	154	0.733521
128	160	0.905222
128	162	0.700952
128	163	0.943366
128	165	0.862482
128	174	1.00604
129	1	1.34617
129	22	0.715826
129	42	0.613114
129	46	0.439682
129	52	0.637418
129	56	0.77353
129	83	0.600655
129	97	1.28236
129	99	0.700635
129	126	1.11542
129	131	0.604992
129	135	1.3103
129	142	0.48026
129	146	1.20732
129	147	1.07244
129	152	1.26833
129	154	1.2339
129	155	1.12538
129	159	1.12957
129	160	1.11755
129	164	1.12623
129	165	1.1342
129	166	1.06089
129	170	1.06537
129	172	1.1048
129	175	1.0807
129	176	1.04519
129	177	1.03724
129	178	1.08956
129	180	1.02569
130	71	0.971163
130	84	0.96221
130	85	1.10083
130	88	1.00493
130	107	0.906583
130	120	1.08433
130	124	1.07856
130	135	1.16661
130	138	1.04473
130	144	0.998614
130	145	1.08561
130	148	1.09322
130	149	1.05971
130	158	1.01619
130	159	0.985875
130	160	0.973855
130	161	1.09712
130	162	1.04841
130	163	0.849704
130	164	0.982531
130	165	0.990502
130	168	0.984613
130	170	0.921674
130	171	0.919502
130	172	0.961105
130	174	0.91238
130	175	0.937
130	176	0.90149
130	177	0.893539
130	178	0.945863
130	180	0.881995
131	22	1.13616
131	31	1.1392
131	34	0.778188
131	43	1.07634
131	49	1.07747
131	54	1.1482
131	55	1.14992
131	58	1.1433
131	59	1.062
131	64	1.12247
131	65	1.13313
131	71	1.10714
131	72	1.20167
131	79	1.16716
131	81	1.16747
131	83	1.13285
131	95	1.11263
131	96	0.645713
131	100	1.06073
131	102	1.14819
131	104	1.20334
131	105	1.12615
131	114	0.752841
131	122	1.01615
131	129	0.604992
131	150	1.16687
131	157	0.687909
131	167	0.945977
131	169	0.899494
131	173	0.99822
131	179	0.949659
132	12	1.06932
132	33	1.13061
132	34	0.750433
132	57	1.07489
132	68	1.14228
132	69	1.22338
132	78	1.19619
132	91	1.14113
132	98	1.19753
132	99	1.11731
132	108	1.15008
132	110	1.12794
132	111	1.12363
132	113	1.10911
132	116	1.17937
132	121	1.13591
132	126	0.961803
132	128	1.1527
132	136	1.14333
132	138	1.12867
132	139	1.18391
132	141	1.11974
132	143	0.608598
132	144	0.902778
132	162	0.667075
132	163	0.935963
132	169	0.871739
132	174	0.998638
132	175	0.98607
132	178	1.02567
132	179	0.921904
133	4	1.1251
133	31	0.896786
133	56	1.04414
133	60	0.790136
133	64	0.868642
133	87	1.17917
133	90	0.747323
133	99	0.971246
133	128	0.881725
133	141	1.0675
133	147	0.962757
133	148	1.12724
133	149	1.09373
133	152	1.15865
133	154	1.12422
133	158	1.05021
133	159	1.01989
133	161	1.13114
133	165	1.02452
133	166	0.951207
133	167	0.986787
133	168	1.01863
133	169	1.00524
133	171	0.953521
133	172	0.995124
133	173	0.985127
133	175	0.971019
133	177	0.927558
133	178	0.979882
133	179	1.00755
133	180	0.916014
134	45	0.531342
134	51	0.636359
134	55	0.491322
134	79	0.599594
134	86	0.75021
134	95	0.696988
134	118	0.542762
134	120	1.27754
134	121	0.716684
134	125	0.675107
134	126	1.16493
134	139	0.547433
134	144	1.19182
134	151	1.15091
134	153	1.19807
134	154	1.28341
134	157	1.29762
134	158	1.2094
134	160	1.16706
134	164	1.17574
134	166	1.11039
134	168	1.17782
134	170	1.11488
134	171	1.11271
134	172	1.15431
134	173	1.14431
134	174	1.10559
134	175	1.13021
134	176	1.0947
134	177	1.08675
134	178	1.13907
134	180	1.0752
135	6	0.647061
135	25	0.403625
135	26	0.448771
135	58	0.582307
135	66	0.851325
135	69	0.602662
135	79	0.613798
135	85	0.693292
135	105	0.710419
135	120	1.27815
135	129	1.3103
135	130	1.16661
135	138	0.637188
135	140	1.23869
135	151	1.15152
135	158	1.21001
135	159	1.1797
135	160	1.16768
135	161	1.29094
135	163	1.04353
135	164	1.17635
135	166	1.11101
135	168	1.17843
135	170	1.1155
135	171	1.11332
135	172	1.15493
135	173	1.14493
135	175	1.13082
135	176	1.09531
135	177	1.08736
135	178	1.13969
135	180	1.07582
136	4	0.487729
136	27	1.17377
136	30	0.767018
136	33	1.12864
136	57	1.07292
136	68	1.14031
136	69	1.22141
136	78	1.19422
136	88	1.1674
136	89	1.1706
136	91	1.13916
136	98	1.19555
136	99	1.11534
136	108	1.1481
136	110	1.12597
136	111	1.12166
136	113	1.10714
136	116	1.1774
136	121	1.13393
136	128	1.15073
136	132	1.14333
136	138	1.1267
136	139	1.18194
136	141	1.11776
136	147	1.04619
136	158	0.824152
136	159	0.907471
136	161	0.656689
136	163	0.933989
136	165	0.826292
136	171	1.13128
136	172	0.948787
136	174	0.996665
136	179	0.91959
137	6	1.19675
137	9	1.1899
137	13	1.05003
137	16	1.0563
137	23	1.13738
137	40	1.19658
137	59	1.06922
137	63	1.12515
137	65	1.14035
137	70	1.19807
137	71	1.11436
137	72	1.20889
137	74	1.10583
137	80	1.15744
137	83	1.14007
137	87	0.568662
137	95	1.11985
137	100	1.06795
137	104	1.21056
137	105	1.13337
137	107	1.13293
137	120	0.673288
137	122	1.02337
137	125	1.15301
137	140	0.77743
137	142	1.12783
137	143	1.14436
137	149	0.854655
137	157	0.689733
137	164	0.878482
137	169	0.901319
137	170	1.17594
137	172	0.980681
137	175	1.01565
138	2	1.13987
138	8	0.600855
138	27	1.15911
138	33	1.11398
138	57	1.05827
138	68	1.12565
138	69	1.20676
138	78	1.17957
138	88	1.15275
138	89	1.15595
138	91	1.12451
138	98	1.1809
138	99	1.10068
138	108	1.13345
138	110	1.11132
138	111	1.10701
138	113	1.09249
138	115	0.836174
138	116	1.16275
138	121	1.11928
138	128	1.13608
138	130	1.04473
138	132	1.12867
138	135	0.637188
138	136	1.1267
138	139	1.16728
138	141	1.10311
138	143	0.696179
138	145	0.727146
138	153	0.880787
138	155	0.908237
138	158	0.914047
138	163	0.919338
138	172	1.03868
