1	33	1.08043
1	54	1.01682
1	64	1.08746
1	67	1.0806
1	68	1.08783
1	69	1.04912
1	73	1.04769
1	98	0.931388
1	129	0.984224
1	150	1.04819
1	161	1.07296
1	167	1.49249
2	74	1.15519
2	81	1.21309
2	83	1.22183
2	84	1.18791
2	87	1.18813
2	91	1.15756
2	112	0.868304
2	116	0.43183
2	133	1.20902
2	136	1.26499
2	171	1.04873
2	173	1.43941
3	5	1.13725
3	8	1.24891
3	26	1.21919
3	47	1.17833
3	85	1.21187
3	86	1.21239
3	93	0.855114
3	122	1.19353
3	132	0.532562
3	136	0.482855
3	139	1.21674
3	176	1.84923
4	7	1.13622
4	9	0.966359
4	36	1.23137
4	41	1.02345
4	54	1.01042
4	64	1.08106
4	68	1.08143
4	73	1.04128
4	95	0.803925
4	136	1.11187
4	150	1.04179
4	153	1.50044
5	3	1.13725
5	15	1.00934
5	20	1.00584
5	42	1.06297
5	79	1.11229
5	85	1.07852
5	86	1.07904
5	122	1.06018
5	139	1.08338
5	140	0.988595
5	162	0.463313
5	176	1.95688
6	92	1.19866
6	94	1.19497
6	96	1.17136
6	102	1.21522
6	104	1.21512
6	107	1.26512
6	115	1.19456
6	134	0.518365
6	135	0.627613
6	162	1.28229
6	167	1.0749
6	171	1.39794
7	4	1.13622
7	9	1.13237
7	11	1.25317
7	54	1.17643
7	57	0.449119
7	64	1.24707
7	68	1.24744
7	73	1.2073
7	100	1.07278
7	132	0.661701
7	150	1.2078
7	179	1.70078
8	3	1.24891
8	42	1.17462
8	45	1.15667
8	61	1.21181
8	79	1.22395
8	85	1.19018
8	86	1.1907
8	116	0.642946
8	136	0.569164
8	139	1.19504
8	152	0.756189
8	156	1.80914
9	4	0.966359
9	7	1.13237
9	36	1.22752
9	41	1.0196
9	54	1.00657
9	64	1.07721
9	68	1.07758
9	73	1.03743
9	105	0.569468
9	150	1.03794
9	163	0.824642
9	176	2.03751
10	23	1.21091
10	30	1.19457
10	40	1.17767
10	56	1.13642
10	60	1.20684
10	70	1.19457
10	78	1.2601
10	82	1.22448
10	100	0.879372
10	115	0.905893
10	140	0.816677
10	174	1.15834
11	7	1.25317
11	36	1.34832
11	41	1.14039
11	54	1.12736
11	64	1.198
11	68	1.19838
11	73	1.15823
11	93	0.981253
11	112	1.11925
11	137	0.434354
11	150	1.15873
11	180	1.15978
12	94	1.19229
12	96	1.16868
12	102	1.21254
12	104	1.21244
12	105	0.592406
12	107	1.26243
12	132	0.743773
12	135	0.614426
12	152	1.20127
12	162	1.27961
12	167	1.07222
12	179	1.78285
13	24	1.19669
13	38	1.19443
13	53	1.15968
13	59	1.24812
13	122	1.18514
13	123	1.20256
13	133	1.20249
13	142	1.21468
13	149	0.838025
13	152	0.681588
13	169	1.08529
13	171	1.18525
14	21	1.18209
14	24	1.04988
14	38	1.04762
14	53	1.01287
14	59	1.10131
14	122	1.03833
14	123	1.05574
14	129	1.0383
14	133	1.05568
14	134	0.709273
14	142	1.06787
14	158	1.62949
15	5	1.00934
15	20	1.01128
15	26	1.09128
15	42	1.06841
15	45	1.05045
15	61	1.10559
15	79	1.11773
15	85	1.08396
15	86	1.08448
15	156	1.771
15	157	0.840049
15	166	0.843105
16	27	1.22663
16	31	1.22327
16	39	1.21986
16	43	2.8
16	58	1.14373
16	63	1.23139
16	66	1.22539
16	90	1.20852
16	141	0.390665
16	150	0.414011
16	153	1.15036
16	159	0.406494
17	23	0.96471
17	40	0.931476
17	44	0.934667
17	56	0.890226
17	60	0.960641
17	70	0.948367
17	71	1.04933
17	78	1.0139
17	82	0.978279
17	119	0.918352
17	161	1.5777
17	162	1.48015
18	27	1.2139
18	31	1.21054
18	39	1.20713
18	51	1.30806
18	58	1.13099
18	66	1.21266
18	121	1.21396
18	138	1.29724
18	153	1.13762
18	161	0.540679
18	166	0.882405
18	175	1.04116
19	41	1.18716
19	54	1.17413
19	73	1.205
19	81	1.22847
19	84	1.2033
19	87	1.20351
19	91	1.17294
19	93	0.95202
19	105	0.478101
19	131	0.624467
19	150	1.2055
19	177	1.68871
20	5	1.00584
20	15	1.01128
20	26	1.08778
20	42	1.06491
20	47	1.04692
20	61	1.10209
20	79	1.11424
20	85	1.08046
20	86	1.08099
20	155	0.973753
20	163	0.986767
20	167	1.48165
21	14	1.18209
21	24	1.27177
21	29	0.479666
21	53	1.23475
21	122	1.26022
21	123	1.27763
21	130	0.707236
21	133	1.27757
21	142	1.28976
21	172	1.06801
21	178	1.52422
22	93	1.07171
22	109	1.04735
22	110	0.906361
22	140	0.99087
22	145	0.975007
22	168	0.904874
22	171	0.9634
22	172	0.959451
22	173	0.902318
22	177	0.897611
22	178	0.895046
22	179	0.893326
22	180	0.93969
23	10	1.21091
23	17	0.96471
23	44	1.15265
23	56	1.10821
23	60	1.17862
23	70	1.16635
23	71	1.26731
23	82	1.19626
23	119	1.13633
23	151	0.884871
23	159	0.832439
23	167	0.939906
23	179	1.38029
24	13	1.19669
24	14	1.04988
24	21	1.27177
24	53	1.10254
24	59	1.19099
24	122	1.12801
24	123	1.14542
24	133	1.14536
24	141	0.860998
24	142	1.15755
24	148	0.555154
24	156	1.57587
24	172	1.06241
25	46	0.433353
25	55	0.53245
25	83	0.0411532
25	97	0.329186
25	167	1.18489
25	168	1.14983
25	173	1.14727
25	174	1.1767
25	176	1.11954
25	177	1.14257
25	178	1.14
25	179	1.13828
25	180	1.18465
26	3	1.21919
26	15	1.09128
26	20	1.08778
26	45	1.12695
26	61	1.18209
26	79	1.19423
26	85	1.16046
26	86	1.16098
26	120	0.708095
26	124	0.992739
26	135	0.823612
26	139	1.16532
26	164	1.37896
27	16	1.22663
27	18	1.2139
27	35	1.20975
27	39	1.14829
27	58	1.07216
27	63	1.15982
27	66	1.15382
27	120	0.527849
27	121	1.15512
27	134	0.534118
27	152	0.910032
27	153	1.07878
27	156	1.96298
28	77	1.12062
28	99	1.1717
28	103	1.14924
28	108	1.20006
28	110	1.12996
28	114	1.17924
28	117	1.15971
28	118	1.15987
28	159	0.727998
28	163	1.12838
28	165	0.626947
28	177	1.29602
28	178	1.36979
29	21	0.479666
29	108	0.412001
29	123	0.211724
29	139	0.480411
29	169	1.19774
29	173	1.13988
29	174	1.16931
29	175	1.19152
29	176	1.11214
29	177	1.13517
29	178	1.13261
29	179	1.13089
29	180	1.17725
30	10	1.19457
30	40	1.13312
30	44	1.13631
30	56	1.09187
30	60	1.16228
30	70	1.15001
30	78	1.21554
30	82	1.17992
30	119	1.11999
30	136	0.922318
30	147	1.05609
30	161	0.892677
30	163	1.07583
31	16	1.22327
31	18	1.21054
31	39	1.14493
31	51	1.24587
31	58	1.0688
31	63	1.15646
31	90	1.13359
31	121	1.15176
31	129	0.527877
31	136	0.387741
31	153	1.07543
31	173	1.4691
31	178	1.57046
32	62	1.16406
32	71	1.25234
32	74	1.09812
32	81	1.15602
32	83	1.16476
32	84	1.13085
32	87	1.13106
32	91	1.10049
32	125	0.608534
32	136	1.20792
32	159	0.968453
32	170	1.30346
32	172	1.15403
33	1	1.08043
33	34	1.1761
33	37	1.164
33	67	1.17802
33	69	1.14654
33	90	1.14834
33	121	1.16652
33	126	1.19489
33	137	0.523346
33	145	1.37575
33	148	0.660287
33	156	1.68101
33	161	1.17038
34	33	1.1761
34	46	1.12363
34	48	1.12247
34	67	1.17626
34	69	1.14478
34	90	1.14659
34	121	1.16476
34	126	1.19313
34	136	0.75516
34	137	0.580519
34	161	1.16862
34	169	1.34588
34	175	1.226
35	27	1.20975
35	51	1.30392
35	58	1.12685
35	63	1.21451
35	66	1.20852
35	90	1.19164
35	112	1.00044
35	113	0.68293
35	121	1.20981
35	136	0.490179
35	153	1.13348
35	173	1.57154
36	4	1.23137
36	9	1.22752
36	11	1.34832
36	41	1.28461
36	64	1.34223
36	68	1.3426
36	73	1.30245
36	131	0.518057
36	132	0.523059
36	150	1.30296
36	151	1.06672
36	153	0.861919
36	170	1.34929
37	33	1.164
37	46	1.11153
37	48	1.11037
37	49	1.24987
37	67	1.16416
37	69	1.13268
37	121	1.15266
37	126	1.18103
37	148	0.75692
37	161	1.15652
37	164	1.01337
37	165	0.977542
37	171	1.22835
38	13	1.19443
38	14	1.04762
38	53	1.10029
38	57	1.27781
38	59	1.18873
38	120	0.619589
38	122	1.12576
38	123	1.14317
38	133	1.1431
38	140	1.21284
38	142	1.15529
38	160	1.30725
38	161	0.785105
39	16	1.21986
39	18	1.20713
39	27	1.14829
39	31	1.14493
39	51	1.24245
39	58	1.06539
39	63	1.15304
39	66	1.14705
39	115	1.01953
39	141	1.05732
39	153	1.07201
39	157	0.84125
39	180	1.08301
40	10	1.17767
40	17	0.931476
40	30	1.13312
40	44	1.11941
40	56	1.07497
40	60	1.14539
40	70	1.13311
40	78	1.19865
40	82	1.16303
40	95	0.812632
40	119	1.1031
40	127	1.1467
40	137	0.945938
40	144	1.20596
41	4	1.02345
41	9	1.0196
41	11	1.14039
41	19	1.18716
41	36	1.28461
41	54	1.06366
41	64	1.1343
41	68	1.13467
41	73	1.09452
41	111	0.805682
41	150	1.09503
41	152	0.996478
41	154	1.03489
41	159	1.35038
42	5	1.06297
42	8	1.17462
42	15	1.06841
42	20	1.06491
42	47	1.10405
42	79	1.17136
42	85	1.13759
42	86	1.13811
42	122	1.11925
42	139	1.14245
42	153	0.680185
42	168	1.48144
42	172	1.01813
42	174	1.03138
43	16	2.8
43	102	0.938926
43	104	0.938829
43	107	0.988824
43	130	0.917817
43	138	0.840756
43	162	1.006
43	166	0.899419
43	167	0.79861
43	170	0.797855
43	177	0.756283
43	178	0.753718
43	179	0.751998
43	180	0.798362
44	17	0.934667
44	23	1.15265
44	30	1.13631
44	40	1.11941
44	56	1.07816
44	60	1.14858
44	70	1.1363
44	78	1.20184
44	82	1.16622
44	100	1.20673
44	119	1.10629
44	125	0.926957
44	153	1.13451
44	163	0.899459
45	8	1.15667
45	15	1.05045
45	26	1.12695
45	47	1.08609
45	61	1.14126
45	79	1.15341
45	85	1.11963
45	86	1.12015
45	122	1.10129
45	127	0.493332
45	138	1.19413
45	139	1.1245
45	145	1.40193
45	167	1.11561
46	25	0.433353
46	34	1.12363
46	37	1.11153
46	48	1.07176
46	49	1.21126
46	67	1.12555
46	69	1.09407
46	90	1.09588
46	121	1.11405
46	125	1.10345
46	126	1.14242
46	137	0.747803
46	151	1.51581
46	161	1.11791
47	3	1.17833
47	20	1.04692
47	42	1.10405
47	45	1.08609
47	61	1.14123
47	79	1.15337
47	85	1.1196
47	86	1.12012
47	122	1.10126
47	132	1.11324
47	134	0.874643
47	137	0.888891
47	139	1.12446
47	150	1.222
48	34	1.12247
48	37	1.11037
48	46	1.07176
48	49	1.2101
48	67	1.12439
48	69	1.09291
48	90	1.09472
48	121	1.11289
48	126	1.14126
48	134	0.747559
48	147	1.07022
48	155	1.07695
48	161	1.11675
48	166	1.24853
49	37	1.24987
49	46	1.21126
49	48	1.2101
49	67	1.26389
49	69	1.23241
49	90	1.23422
49	112	1.08326
49	121	1.25239
49	126	1.28076
49	151	1.16637
49	152	0.760029
49	161	1.25625
49	162	0.445814
49	164	1.04871
50	62	1.26883
50	74	1.20289
50	81	1.26079
50	84	1.23562
50	87	1.23583
50	91	1.20527
50	109	1.22881
50	123	1.25678
50	124	0.6618
50	132	0.622021
50	136	1.31269
50	164	1.04803
50	165	1.01219
50	180	1.1231
51	18	1.30806
51	31	1.24587
51	35	1.30392
51	39	1.24245
51	58	1.16632
51	63	1.25398
51	66	1.24799
51	121	1.24928
51	134	0.457189
51	144	0.547739
51	149	0.805825
51	151	1.05573
51	153	1.17295
51	178	1.64509
52	72	1.11872
52	76	1.09372
52	103	1.11188
52	106	1.16234
52	108	1.16271
52	110	1.0926
52	114	1.14189
52	117	1.12236
52	118	1.12252
52	127	0.890998
52	157	1.17391
52	162	0.737688
52	163	1.09103
52	175	1.33572
53	13	1.15968
53	14	1.01287
53	21	1.23475
53	24	1.10254
53	38	1.10029
53	59	1.15397
53	122	1.091
53	123	1.10841
53	133	1.10835
53	142	1.12053
53	148	0.947395
53	162	0.600948
53	165	1.16802
53	172	1.45465
54	1	1.01682
54	4	1.01042
54	7	1.17643
54	9	1.00657
54	11	1.12736
54	19	1.17413
54	41	1.06366
54	64	1.12127
54	68	1.12164
54	73	1.08149
54	120	0.92059
54	134	0.926859
54	149	1.45921
54	150	1.082
54	162	0.988558
55	25	0.53245
55	56	1.03503
55	70	1.09317
55	78	1.15871
55	82	1.12308
55	99	1.09956
55	110	1.05781
55	114	1.1071
55	117	1.08757
55	118	1.08773
55	119	1.06316
55	120	0.826383
55	147	1.15531
55	163	1.05624
55	165	1.46142
56	10	1.13642
56	17	0.890226
56	23	1.10821
56	30	1.09187
56	40	1.07497
56	44	1.07816
56	55	1.03503
56	70	1.09186
56	71	1.19283
56	78	1.1574
56	82	1.12178
56	163	0.464206
56	174	1.05045
56	178	1.49342
56	179	1.39948
57	7	0.449119
57	38	1.27781
57	59	1.3315
57	86	0.351261
57	89	0.277155
57	94	0.307835
57	122	1.26852
57	133	1.28587
57	139	0.34162
57	142	1.29805
57	174	1.12577
57	177	1.09164
57	178	1.08907
57	179	1.08735
57	180	1.13371
58	16	1.14373
58	18	1.13099
58	27	1.07216
58	31	1.0688
58	35	1.12685
58	39	1.06539
58	51	1.16632
58	63	1.07691
58	66	1.07092
58	120	0.73018
58	121	1.07222
58	153	0.995882
58	154	1.15077
58	163	1.07885
58	165	1.36522
59	13	1.24812
59	14	1.10131
59	24	1.19099
59	38	1.18873
59	53	1.15397
59	57	1.3315
59	111	0.774826
59	122	1.17944
59	123	1.19685
59	125	0.959608
59	133	1.19679
59	134	0.589708
59	142	1.20898
59	154	1.00403
59	180	1.32939
60	10	1.20684
60	17	0.960641
60	23	1.17862
60	30	1.16228
60	40	1.14539
60	44	1.14858
60	70	1.16228
60	71	1.26324
60	78	1.22781
60	82	1.19219
60	119	1.13226
60	128	0.495381
60	147	0.466341
60	164	0.808283
60	176	1.69895
60	177	1.44152
61	8	1.21181
61	15	1.10559
61	20	1.10209
61	26	1.18209
61	45	1.14126
61	47	1.14123
61	79	1.20854
61	85	1.17477
61	86	1.17529
61	88	1.10989
61	122	1.15643
61	130	0.745131
61	139	1.17963
61	149	0.722856
61	175	0.850235
61	177	1.48834
62	32	1.16406
62	50	1.26883
62	74	1.10944
62	81	1.16734
62	83	1.17608
62	84	1.14217
62	87	1.14238
62	91	1.11181
62	98	0.521966
62	109	1.13536
62	133	1.16327
62	136	1.21924
62	140	0.832758
62	149	0.778128
62	174	1.17443
62	178	1.61739
63	16	1.23139
63	27	1.15982
63	31	1.15646
63	35	1.21451
63	39	1.15304
63	51	1.25398
63	58	1.07691
63	66	1.15858
63	90	1.1417
63	121	1.15988
63	135	0.598736
63	150	0.836846
63	153	1.08354
63	162	0.551186
63	165	1.11826
63	179	1.76716
64	1	1.08746
64	4	1.08106
64	7	1.24707
64	9	1.07721
64	11	1.198
64	36	1.34223
64	41	1.1343
64	54	1.12127
64	68	1.19228
64	73	1.15213
64	145	1.13578
64	150	1.15264
64	155	0.341559
64	171	0.891747
64	177	1.31001
64	179	1.28984
65	89	1.16498
65	97	1.20291
65	99	1.17771
65	103	1.15524
65	106	1.2057
65	110	1.13596
65	114	1.18525
65	117	1.16572
65	118	1.16588
65	124	0.644223
65	131	0.599442
65	143	0.744961
65	149	1.11808
65	163	1.13439
65	167	1.20313
65	178	1.73746
66	16	1.22539
66	18	1.21266
66	27	1.15382
66	35	1.20852
66	39	1.14705
66	51	1.24799
66	58	1.07092
66	63	1.15858
66	90	1.13571
66	121	1.15388
66	152	0.664091
66	153	1.07755
66	160	0.969574
66	166	0.78915
66	170	1.353
66	171	1.16775
67	1	1.0806
67	33	1.17802
67	34	1.17626
67	37	1.16416
67	46	1.12555
67	48	1.12439
67	49	1.26389
67	69	1.1467
67	121	1.16668
67	126	1.19505
67	144	0.508525
67	149	0.766611
67	161	1.17054
67	166	0.735233
67	168	1.61297
67	170	1.29908
68	1	1.08783
68	4	1.08143
68	7	1.24744
68	9	1.07758
68	11	1.19838
68	36	1.3426
68	41	1.13467
68	54	1.12164
68	64	1.19228
68	73	1.1525
68	127	0.649791
68	149	0.967133
68	150	1.15301
68	153	1.01224
68	166	0.935755
68	174	1.36343
69	1	1.04912
69	33	1.14654
69	34	1.14478
69	37	1.13268
69	46	1.09407
69	48	1.09291
69	49	1.23241
69	67	1.1467
69	90	1.11703
69	121	1.1352
69	126	1.16357
69	128	0.777466
69	154	0.840092
69	161	1.13906
69	166	0.926741
69	167	1.26305
69	172	1.34117
70	10	1.19457
70	17	0.948367
70	23	1.16635
70	30	1.15001
70	40	1.13311
70	44	1.1363
70	55	1.09317
70	56	1.09186
70	60	1.16228
70	78	1.21554
70	82	1.17992
70	105	0.677855
70	111	0.775745
70	119	1.11999
70	148	0.998773
70	160	1.27202
70	169	1.37024
71	17	1.04933
71	23	1.26731
71	32	1.25234
71	56	1.19283
71	60	1.26324
71	78	1.31651
71	82	1.28088
71	83	1.26436
71	91	1.2001
71	123	1.25161
71	133	1.25155
71	145	1.3575
71	153	0.811343
71	159	0.963706
71	162	0.533272
71	163	0.576288
71	179	1.51156
72	52	1.11872
72	77	1.09607
72	89	1.13442
72	97	1.17236
72	103	1.12468
72	106	1.17514
72	108	1.17551
72	110	1.10541
72	111	0.992835
72	117	1.13516
72	118	1.13532
72	128	1.15941
72	135	0.916965
72	137	0.821965
72	139	1.1472
72	155	1.1371
72	163	1.10383
73	1	1.04769
73	4	1.04128
73	7	1.2073
73	9	1.03743
73	11	1.15823
73	19	1.205
73	36	1.30245
73	41	1.09452
73	54	1.08149
73	64	1.15213
73	68	1.1525
73	101	0.406529
73	115	1.02945
73	143	0.732368
73	150	1.11286
73	171	1.23283
73	178	1.72487
74	2	1.15519
74	32	1.09812
74	50	1.20289
74	62	1.10944
74	81	1.1014
74	83	1.11014
74	84	1.07623
74	87	1.07645
74	91	1.04588
74	109	1.06943
74	123	1.0974
74	133	1.09733
74	136	1.15331
74	137	0.661581
74	155	0.97672
74	162	0.709032
74	163	0.989735
74	179	1.92501
75	80	1.24524
75	92	1.18665
75	94	1.18296
75	96	1.15935
75	102	1.20321
75	104	1.20311
75	107	1.25311
75	126	1.24518
75	142	1.22699
75	144	0.623539
75	151	1.13153
75	152	1.19195
75	157	0.847191
75	162	1.27029
75	163	0.691676
75	167	1.0629
75	169	1.12889
75	172	1.26467
76	52	1.09372
76	77	1.07107
76	97	1.14736
76	99	1.12215
76	103	1.09968
76	106	1.15014
76	108	1.15051
76	110	1.0804
76	114	1.12969
76	117	1.11016
76	118	1.11032
76	138	1.31559
76	144	0.674053
76	146	1.0121
76	149	1.06252
76	163	1.07883
76	164	1.06439
76	167	1.23707
77	28	1.12062
77	72	1.09607
77	76	1.07107
77	97	1.1369
77	99	1.1117
77	103	1.08923
77	106	1.13969
77	108	1.14006
77	114	1.11924
77	117	1.09971
77	118	1.09987
77	128	0.800755
77	131	0.682651
77	139	1.11174
77	158	1.36927
77	163	1.06838
77	166	0.95003
77	170	1.51388
78	10	1.2601
78	17	1.0139
78	30	1.21554
78	40	1.19865
78	44	1.20184
78	55	1.15871
78	56	1.1574
78	60	1.22781
78	70	1.21554
78	71	1.31651
78	82	1.24545
78	119	1.18553
78	127	0.394021
78	153	0.756468
78	160	0.860408
78	164	0.843611
78	168	1.55772
78	170	1.24383
79	5	1.11229
79	8	1.22395
79	15	1.11773
79	20	1.11424
79	26	1.19423
79	42	1.17136
79	45	1.15341
79	47	1.15337
79	61	1.20854
79	85	1.18692
79	86	1.18744
79	95	0.440588
79	122	1.16858
79	128	0.911343
79	136	0.748534
79	139	1.19178
79	165	1.18841
79	175	1.21938
79	180	1.29932
80	75	1.24524
80	92	1.15346
80	94	1.14977
80	96	1.12616
80	102	1.17002
80	104	1.16992
80	107	1.21991
80	113	0.548898
80	119	1.15101
80	126	1.21199
80	142	1.19379
80	146	0.779574
80	152	1.15876
80	157	0.665174
80	162	1.23709
80	167	1.0297
80	169	0.94687
80	177	1.4651
80	179	1.44493
81	2	1.21309
81	19	1.22847
81	32	1.15602
81	50	1.26079
81	62	1.16734
81	74	1.1014
81	83	1.16804
81	84	1.13413
81	87	1.13434
81	88	1.24152
81	91	1.10378
81	111	0.507258
81	123	1.15529
81	124	0.600515
81	133	1.15523
81	136	1.21121
81	148	0.730286
81	171	1.20172
81	173	1.59239
82	10	1.22448
82	17	0.978279
82	23	1.19626
82	30	1.17992
82	40	1.16303
82	44	1.16622
82	55	1.12308
82	56	1.12178
82	60	1.19219
82	70	1.17992
82	71	1.28088
82	78	1.24545
82	101	0.478011
82	119	1.1499
82	132	0.663333
82	154	0.839061
82	155	0.754125
82	168	1.80345
82	171	1.30431
83	2	1.22183
83	25	0.0411532
83	32	1.16476
83	62	1.17608
83	71	1.26436
83	74	1.11014
83	81	1.16804
83	84	1.14287
83	87	1.14308
83	91	1.11252
83	105	0.428583
83	109	1.13606
83	123	1.16403
83	130	0.895982
83	133	1.16397
83	136	1.21994
83	164	1.00595
83	168	1.72007
83	170	1.40618
84	2	1.18791
84	19	1.2033
84	32	1.13085
84	50	1.23562
84	62	1.14217
84	74	1.07623
84	81	1.13413
84	83	1.14287
84	87	1.10917
84	91	1.07861
84	109	1.10215
84	123	1.13012
84	132	0.678686
84	133	1.13006
84	136	1.18603
84	137	0.454339
84	161	0.599338
84	169	1.2197
84	172	1.35549
84	173	1.71034
85	3	1.21187
85	5	1.07852
85	8	1.19018
85	15	1.08396
85	20	1.08046
85	26	1.16046
85	42	1.13759
85	45	1.11963
85	47	1.1196
85	61	1.17477
85	79	1.18692
85	86	1.15366
85	122	1.1348
85	139	1.15801
85	145	1.23253
85	152	0.484834
85	167	0.946207
85	171	0.988496
85	172	1.02432
85	178	1.48053
86	3	1.21239
86	5	1.07904
86	8	1.1907
86	15	1.08448
86	20	1.08099
86	26	1.16098
86	42	1.13811
86	45	1.12015
86	47	1.12012
86	57	0.351261
86	61	1.17529
86	79	1.18744
86	85	1.15366
86	101	0.596763
86	113	0.925129
86	122	1.13533
86	138	1.45929
86	139	1.15853
86	150	0.890847
86	158	1.4637
87	2	1.18813
87	19	1.20351
87	32	1.13106
87	50	1.23583
87	62	1.14238
87	74	1.07645
87	81	1.13434
87	83	1.14308
87	84	1.10917
87	91	1.07882
87	109	1.10237
87	123	1.13034
87	133	1.13028
87	135	0.772411
87	136	1.18625
87	155	0.99255
87	159	1.39298
87	161	0.822409
87	162	0.724861
87	175	1.32289
88	61	1.10989
88	81	1.24152
88	100	1.01948
88	120	1.14985
88	142	1.09227
88	151	0.989446
88	159	1.02315
88	164	0.965433
88	165	0.95686
88	168	0.890567
88	169	0.945869
88	171	0.949092
88	174	0.917435
88	175	0.939651
88	176	0.860273
88	177	0.883303
88	178	0.880738
88	179	0.879019
88	180	0.925383
89	57	0.277155
89	65	1.16498
89	72	1.13442
89	97	1.17525
89	99	1.15005
89	103	1.12758
89	106	1.17804
89	108	1.17841
89	110	1.1083
89	113	0.851023
89	114	1.15759
89	117	1.13806
89	118	1.13822
89	129	0.798407
89	139	1.15009
89	149	1.09042
89	163	1.10673
89	174	1.39803
89	175	1.12911
89	180	1.20906
90	16	1.20852
90	31	1.13359
90	33	1.14834
90	34	1.14659
90	35	1.19164
90	46	1.09588
90	48	1.09472
90	49	1.23422
90	63	1.1417
90	66	1.13571
90	69	1.11703
90	101	0.777486
90	116	0.986883
90	121	1.13701
90	134	0.724212
90	149	1.25656
90	153	1.06067
90	161	1.14087
90	162	0.785911
90	180	1.46389
91	2	1.15756
91	19	1.17294
91	32	1.10049
91	50	1.20527
91	62	1.11181
91	71	1.2001
91	74	1.04588
91	81	1.10378
91	83	1.11252
91	84	1.07861
91	87	1.07882
91	105	0.407662
91	109	1.0718
91	123	1.09977
91	133	1.09971
91	136	1.15568
91	141	1.03442
91	162	0.382133
91	174	1.24908
91	177	1.61827
91	179	1.59811
92	6	1.19866
92	75	1.18665
92	80	1.15346
92	94	1.09117
92	96	1.06756
92	102	1.11142
92	104	1.11133
92	107	1.16132
92	109	1.0951
92	119	1.09242
92	126	1.15339
92	135	0.527195
92	138	1.33375
92	142	1.1352
92	148	0.826093
92	150	0.765306
92	152	1.10016
92	162	1.1785
92	167	0.971106
92	175	1.07768
92	177	1.71579
93	3	0.855114
93	11	0.981253
93	19	0.95202
93	22	1.07171
93	139	1.095
93	140	1.03006
93	156	0.959386
93	161	1.1369
93	164	1.01893
93	168	0.944063
93	169	0.999365
93	170	0.978372
93	171	1.00259
93	172	0.99864
93	173	0.941506
93	175	0.993147
93	176	0.913769
93	177	0.936799
93	178	0.934234
93	179	0.932515
93	180	0.978879
94	6	1.19497
94	12	1.19229
94	57	0.307835
94	75	1.18296
94	80	1.14977
94	92	1.09117
94	96	1.06388
94	98	0.776251
94	102	1.10774
94	104	1.10764
94	107	1.15763
94	109	1.09142
94	119	1.08873
94	142	1.13151
94	152	1.09647
94	161	0.659309
94	162	1.17481
94	164	1.16466
94	167	0.96742
94	170	1.56489
94	174	1.42871
95	4	0.803925
95	40	0.812632
95	79	0.440588
95	105	1.40995
95	108	0.34638
95	113	1.2862
95	121	0.397943
95	126	0.154241
95	142	0.053834
95	147	1.26805
95	155	1.25163
95	167	1.14176
95	168	1.1067
95	171	1.16523
95	172	1.16128
95	174	1.13357
95	175	1.15578
95	176	1.07641
95	177	1.09944
95	178	1.09687
95	179	1.09515
95	180	1.14152
96	6	1.17136
96	12	1.16868
96	75	1.15935
96	80	1.12616
96	92	1.06756
96	94	1.06388
96	101	0.627645
96	102	1.08413
96	104	1.08403
96	107	1.13402
96	109	1.06781
96	115	1.25057
96	116	0.837043
96	119	1.06512
96	126	1.1261
96	142	1.1079
96	146	1.18669
96	152	1.07286
96	162	1.1512
96	165	1.20314
96	167	0.94381
96	180	1.31405
97	25	0.329186
97	65	1.20291
97	72	1.17236
97	76	1.14736
97	77	1.1369
97	89	1.17525
97	99	1.18798
97	103	1.16552
97	106	1.21597
97	108	1.21634
97	110	1.14624
97	114	1.19552
97	117	1.17599
97	118	1.17615
97	120	0.623119
97	130	1.18401
97	136	0.818277
97	143	1.0085
97	149	1.12836
97	163	1.14466
97	164	1.29399
97	166	1.13036
98	1	0.931388
98	62	0.521966
98	94	0.776251
98	104	0.712729
98	113	1.13812
98	127	1.20195
98	133	0.794263
98	137	1.24485
98	140	1.04461
98	154	1.11094
98	160	1.04642
98	165	1.02491
98	170	0.992925
98	171	1.01714
98	172	1.01319
98	174	0.985484
98	175	1.0077
98	176	0.928323
98	177	0.951353
98	178	0.948788
98	179	0.947068
98	180	0.993432
99	28	1.1717
99	55	1.09956
99	65	1.17771
99	76	1.12215
99	77	1.1117
99	89	1.15005
99	97	1.18798
99	106	1.19077
99	108	1.19114
99	110	1.12103
99	114	1.17032
99	117	1.15079
99	118	1.15095
99	127	0.6986
99	131	0.717185
99	139	1.16282
99	143	0.862704
99	149	1.10315
99	157	0.981508
99	163	1.11946
99	167	1.32088
99	169	1.2632
99	175	1.14332
100	7	1.07278
100	10	0.879372
100	44	1.20673
100	88	1.01948
100	114	1.10483
100	116	1.1383
100	138	0.983343
100	151	1.00501
100	156	0.921457
100	157	1.0497
100	160	0.993935
100	166	1.04201
100	169	0.961435
100	170	0.940442
100	171	0.964659
100	172	0.96071
100	174	0.933001
100	175	0.955218
100	176	0.87584
100	177	0.89887
100	178	0.896305
100	179	0.894585
100	180	0.940949
101	73	0.406529
101	82	0.478011
101	86	0.596763
101	90	0.777486
101	96	0.627645
101	104	0.489814
101	105	1.38355
101	117	0.549932
101	131	1.34991
101	146	1.19832
101	159	1.21289
101	165	1.1466
101	168	1.08031
101	170	1.11462
101	171	1.13883
101	172	1.13488
101	174	1.10718
101	175	1.12939
101	176	1.05001
101	177	1.07304
101	178	1.07048
101	179	1.06876
101	180	1.11512
102	6	1.21522
102	12	1.21254
102	43	0.938926
102	75	1.20321
102	80	1.17002
102	92	1.11142
102	94	1.10774
102	96	1.08413
102	104	1.12789
102	107	1.17788
102	109	1.11167
102	112	1.12875
102	119	1.10898
102	126	1.16995
102	142	1.15176
102	152	1.11672
102	160	1.111
102	161	0.588854
102	162	1.19506
102	163	0.772008
102	166	0.93058
102	167	0.987668
102	172	1.345
102	174	1.35825
103	28	1.14924
103	52	1.11188
103	65	1.15524
103	72	1.12468
103	76	1.09968
103	77	1.08923
103	89	1.12758
103	97	1.16552
103	106	1.1683
103	108	1.16867
103	110	1.09857
103	114	1.14785
103	117	1.12832
103	118	1.12848
103	124	0.928455
103	135	0.759328
103	139	1.14036
103	140	1.23706
103	143	1.02919
103	144	0.924345
103	147	0.972737
103	149	1.08068
103	163	1.09699
103	165	1.27885
104	6	1.21512
104	12	1.21244
104	43	0.938829
104	75	1.20311
104	80	1.16992
104	92	1.11133
104	94	1.10764
104	96	1.08403
104	98	0.712729
104	101	0.489814
104	102	1.12789
104	107	1.17778
104	109	1.11157
104	119	1.10888
104	126	1.16986
104	140	1.02352
104	142	1.15166
104	152	1.11663
104	154	0.850864
104	160	1.11794
104	161	0.595787
104	162	1.19496
104	167	0.987571
104	173	1.70679
105	9	0.569468
105	12	0.592406
105	19	0.478101
105	70	0.677855
105	83	0.428583
105	91	0.407662
105	95	1.40995
105	101	1.38355
105	111	1.2665
105	118	0.566212
105	121	0.604229
105	140	1.16647
105	141	1.21846
105	146	1.19848
105	147	1.24182
105	160	1.16827
105	164	1.15534
105	165	1.14676
105	169	1.13577
105	175	1.12955
105	176	1.05018
105	177	1.07321
105	178	1.07064
105	179	1.06892
105	180	1.11529
106	52	1.16234
106	65	1.2057
106	72	1.17514
106	76	1.15014
106	77	1.13969
106	89	1.17804
106	97	1.21597
106	99	1.19077
106	103	1.1683
106	108	1.21912
106	110	1.14902
106	114	1.19831
106	117	1.17878
106	118	1.17894
106	125	0.694913
106	136	0.513902
106	139	1.19081
106	147	0.64767
106	148	0.733159
106	149	1.13114
106	158	1.24523
106	159	1.05483
106	163	1.14744
106	175	0.984743
106	176	1.88028
107	6	1.26512
107	12	1.26243
107	43	0.988824
107	75	1.25311
107	80	1.21991
107	92	1.16132
107	94	1.15763
107	96	1.13402
107	102	1.17788
107	104	1.17778
107	109	1.16156
107	119	1.15888
107	124	0.475108
107	126	1.21985
107	141	0.910723
107	142	1.20166
107	151	0.978986
107	152	1.16662
107	158	1.11695
107	162	1.24496
107	166	0.697706
107	167	1.03757
107	168	1.57544
107	172	1.11213
107	180	0.93641
108	28	1.20006
108	29	0.412001
108	52	1.16271
108	72	1.17551
108	76	1.15051
108	77	1.14006
108	89	1.17841
108	95	0.34638
108	97	1.21634
108	99	1.19114
108	103	1.16867
108	106	1.21912
108	110	1.14939
108	114	1.19868
108	117	1.17915
108	118	1.17931
108	139	1.19118
108	141	1.17943
108	147	0.788095
108	149	1.13151
108	153	1.04289
108	155	0.794825
108	163	1.14782
108	164	1.13004
108	174	1.39409
109	22	1.04735
109	50	1.22881
109	62	1.13536
109	74	1.06943
109	83	1.13606
109	84	1.10215
109	87	1.10237
109	91	1.0718
109	92	1.0951
109	94	1.09142
109	96	1.06781
109	102	1.11167
109	104	1.11157
109	107	1.16156
109	116	0.873867
109	123	1.12332
109	124	0.889571
109	133	1.12326
109	137	0.625444
109	146	1.22351
109	150	0.958555
109	152	1.1004
109	162	1.17874
109	167	0.97135
109	169	1.39081
110	22	0.906361
110	28	1.12996
110	52	1.0926
110	55	1.05781
110	65	1.13596
110	72	1.10541
110	76	1.0804
110	89	1.1083
110	97	1.14624
110	99	1.12103
110	103	1.09857
110	106	1.14902
110	108	1.14939
110	113	0.851844
110	114	1.12857
110	116	0.732875
110	117	1.10904
110	118	1.1092
110	139	1.12108
110	143	0.849317
110	144	0.744469
110	146	1.08252
110	149	1.06141
110	163	1.07771
110	168	1.84891
111	41	0.805682
111	59	0.774826
111	70	0.775745
111	72	0.992835
111	81	0.507258
111	105	1.2665
111	116	1.19542
111	122	0.808149
111	143	1.13171
111	144	1.16922
111	148	1.15798
111	155	1.10819
111	159	1.09584
111	164	1.03812
111	166	1.09912
111	168	0.963252
111	169	1.01855
111	170	0.997561
111	173	0.960696
111	174	0.99012
111	176	0.932959
111	177	0.955989
111	178	0.953424
111	179	0.951704
111	180	0.998068
112	2	0.868304
112	11	1.11925
112	35	1.00044
112	49	1.08326
112	102	1.12875
112	130	1.08318
112	138	1.00612
112	141	1.0669
112	146	1.04693
112	150	1.09698
112	153	1.04155
112	156	0.944236
112	159	1.0615
112	165	0.995205
112	166	1.06478
112	168	0.928912
112	170	0.963221
112	172	0.983489
112	173	0.926356
112	174	0.95578
112	175	0.977997
112	176	0.898619
112	177	0.921649
112	178	0.919084
112	179	0.917364
112	180	0.963728
113	35	0.68293
113	80	0.548898
113	86	0.925129
113	89	0.851023
113	95	1.2862
113	98	1.13812
113	110	0.851844
113	122	1.00467
113	135	1.1988
113	138	1.03394
113	140	1.04272
113	143	1.12519
113	156	0.972052
113	158	0.998088
113	159	1.08931
113	162	1.19918
113	168	0.956728
113	169	1.01203
113	171	1.01525
113	173	0.954172
113	175	1.00581
113	176	0.926435
113	177	0.949465
113	178	0.9469
113	179	0.94518
113	180	0.991544
114	28	1.17924
114	52	1.14189
114	55	1.1071
114	65	1.18525
114	76	1.12969
114	77	1.11924
114	89	1.15759
114	97	1.19552
114	99	1.17032
114	100	1.10483
114	103	1.14785
114	106	1.19831
114	108	1.19868
114	110	1.12857
114	117	1.15833
114	118	1.15849
114	127	0.670166
114	139	1.17036
114	149	1.11069
114	154	0.86948
114	157	0.953073
114	158	1.37537
114	162	0.516855
114	163	1.127
114	166	0.956129
114	175	1.11489
115	6	1.19456
115	10	0.905893
115	39	1.01953
115	73	1.02945
115	96	1.25057
115	129	1.07495
115	130	1.05195
115	140	0.983671
115	144	1.10364
115	154	1.05
115	157	1.04124
115	158	0.939035
115	160	0.985477
115	161	1.09051
115	162	1.14013
115	166	1.03355
115	168	0.897675
115	170	0.931984
115	171	0.956201
115	172	0.952252
115	174	0.924543
115	175	0.946759
115	176	0.867381
115	177	0.890412
115	178	0.887847
115	179	0.886127
115	180	0.932491
116	2	0.43183
116	8	0.642946
116	90	0.986883
116	96	0.837043
116	100	1.1383
116	109	0.873867
116	110	0.732875
116	111	1.19542
116	126	0.53597
116	138	1.0866
116	140	1.09539
116	147	1.17075
116	151	1.10827
116	154	1.16171
116	159	1.14198
116	165	1.07569
116	166	1.14526
116	169	1.06469
116	170	1.0437
116	171	1.06792
116	173	1.00684
116	175	1.05848
116	176	0.979099
116	177	1.00213
116	178	0.999564
116	179	0.997844
116	180	1.04421
117	28	1.15971
117	52	1.12236
117	55	1.08757
117	65	1.16572
117	72	1.13516
117	76	1.11016
117	77	1.09971
117	89	1.13806
117	97	1.17599
117	99	1.15079
117	101	0.549932
117	103	1.12832
117	106	1.17878
117	108	1.17915
117	110	1.10904
117	114	1.15833
117	118	1.13896
117	129	0.825682
117	139	1.15083
117	143	0.87577
117	144	0.770923
117	147	0.819315
117	148	0.904804
117	149	1.09116
117	163	1.10747
117	173	1.7669
117	180	1.23633
118	28	1.15987
118	52	1.12252
118	55	1.08773
118	65	1.16588
118	72	1.13532
118	76	1.11032
118	77	1.09987
118	89	1.13822
118	97	1.17615
118	99	1.15095
118	103	1.12848
118	105	0.566212
118	106	1.17894
118	108	1.17931
118	110	1.1092
118	114	1.15849
118	117	1.13896
118	131	0.712578
118	139	1.15099
118	148	0.88713
118	149	1.09132
118	150	0.826343
118	152	0.854898
118	157	0.976901
118	163	1.10763
118	177	1.77682
118	180	1.21866
119	17	0.918352
119	23	1.13633
119	30	1.11999
119	40	1.1031
119	44	1.10629
119	55	1.06316
119	60	1.13226
119	70	1.11999
119	78	1.18553
119	80	1.15101
119	82	1.1499
119	92	1.09242
119	94	1.08873
119	96	1.06512
119	102	1.10898
119	104	1.10888
119	107	1.15888
119	125	0.871472
119	137	0.51582
119	140	1.08855
119	142	1.13275
119	147	0.824229
119	152	1.09772
119	161	0.660818
119	162	1.17605
119	167	0.968663
119	170	1.56639
119	175	1.1613
119	177	1.79941
120	26	0.708095
120	27	0.527849
120	38	0.619589
120	54	0.92059
120	55	0.826383
120	58	0.73018
120	88	1.14985
120	97	0.623119
120	128	1.21071
120	132	1.29581
120	139	0.527579
120	143	1.20496
120	154	1.18883
120	155	1.18144
120	158	1.07786
120	164	1.11137
120	165	1.1028
120	168	1.0365
120	169	1.09181
120	171	1.09503
120	172	1.09108
120	173	1.03395
120	174	1.06337
120	175	1.08559
120	176	1.00621
120	177	1.02924
120	178	1.02668
120	179	1.02496
120	180	1.07132
121	18	1.21396
121	27	1.15512
121	31	1.15176
121	33	1.16652
121	34	1.16476
121	35	1.20981
121	37	1.15266
121	46	1.11405
121	48	1.11289
121	49	1.25239
121	51	1.24928
121	58	1.07222
121	63	1.15988
121	66	1.15388
121	67	1.16668
121	69	1.1352
121	90	1.13701
121	95	0.397943
121	105	0.604229
121	126	1.18355
121	129	0.846025
121	130	1.07163
121	152	0.892915
121	153	1.07884
121	154	0.931325
121	161	1.15904
121	163	0.859403
121	169	1.29661
121	180	1.25668
122	3	1.19353
122	5	1.06018
122	13	1.18514
122	14	1.03833
122	21	1.26022
122	24	1.12801
122	38	1.12576
122	42	1.11925
122	45	1.10129
122	47	1.10126
122	53	1.091
122	57	1.26852
122	59	1.17944
122	61	1.15643
122	79	1.16858
122	85	1.1348
122	86	1.13533
122	111	0.808149
122	113	1.00467
122	123	1.13388
122	128	0.974729
122	132	0.861626
122	133	1.13381
122	139	1.13967
122	142	1.146
122	152	0.998945
122	155	0.952418
122	157	1.12095
122	162	0.684729
122	163	0.965433
123	13	1.20256
123	14	1.05574
123	21	1.27763
123	24	1.14542
123	29	0.211724
123	38	1.14317
123	50	1.25678
123	53	1.10841
123	59	1.19685
123	71	1.25161
123	74	1.0974
123	81	1.15529
123	83	1.16403
123	84	1.13012
123	87	1.13034
123	91	1.09977
123	109	1.12332
123	122	1.13388
123	125	0.635061
123	131	0.498754
123	133	1.15123
123	136	1.2072
123	141	0.979151
123	142	1.16341
123	154	0.679485
123	160	0.946557
123	174	1.19381
123	176	1.82043
123	178	1.63677
124	26	0.992739
124	50	0.6618
124	65	0.644223
124	81	0.600515
124	103	0.928455
124	107	0.475108
124	109	0.889571
124	134	1.32174
124	138	1.09872
124	141	1.1595
124	142	0.451267
124	143	1.18997
124	151	1.12039
124	156	1.03684
124	157	1.16508
124	163	1.17097
124	164	1.09638
124	166	1.15738
124	168	1.02151
124	169	1.07681
124	170	1.05582
124	171	1.08004
124	173	1.01896
124	174	1.04838
124	175	1.0706
124	176	0.991219
124	177	1.01425
124	178	1.01168
124	179	1.00996
124	180	1.05633
125	32	0.608534
125	44	0.926957
125	46	1.10345
125	59	0.959608
125	106	0.694913
125	119	0.871472
125	123	0.635061
125	127	1.2265
125	131	1.25276
125	144	1.18913
125	153	1.0958
125	156	0.998486
125	158	1.02452
125	159	1.11575
125	164	1.05803
125	165	1.04945
125	166	1.11903
125	167	1.01823
125	168	0.983162
125	170	1.01747
125	171	1.04169
125	172	1.03774
125	174	1.01003
125	175	1.03225
125	176	0.952868
125	177	0.975899
125	178	0.973334
125	179	0.971614
125	180	1.01798
126	33	1.19489
126	34	1.19313
126	37	1.18103
126	46	1.14242
126	48	1.14126
126	49	1.28076
126	67	1.19505
126	69	1.16357
126	75	1.24518
126	80	1.21199
126	92	1.15339
126	95	0.154241
126	96	1.1261
126	102	1.16995
126	104	1.16986
126	107	1.21985
126	116	0.53597
126	121	1.18355
126	141	0.987288
126	142	1.19373
126	149	0.805649
126	150	0.620657
126	152	1.15869
126	161	1.18741
126	162	1.23703
126	163	0.6157
126	166	0.774271
126	167	1.02964
126	171	1.15287
126	173	1.54354
126	176	1.82856
127	40	1.1467
127	45	0.493332
127	52	0.890998
127	68	0.649791
127	78	0.394021
127	98	1.20195
127	99	0.6986
127	114	0.670166
127	125	1.2265
127	129	1.19784
127	131	1.29016
127	133	0.733084
127	140	1.10656
127	151	1.11944
127	155	1.1655
127	156	1.03588
127	158	1.06192
127	160	1.10836
127	164	1.09543
127	168	1.02056
127	170	1.05487
127	172	1.07514
127	173	1.018
127	174	1.04743
127	175	1.06965
127	176	0.990267
127	177	1.0133
127	178	1.01073
127	179	1.00901
127	180	1.05538
128	60	0.495381
128	69	0.777466
128	72	1.15941
128	77	0.800755
128	79	0.911343
128	120	1.21071
128	122	0.974729
128	129	1.12871
128	130	1.1057
128	131	1.22103
128	132	1.21074
128	141	1.08942
128	142	0.52459
128	143	1.11989
128	153	1.06407
128	156	0.966756
128	159	1.08402
128	160	1.03923
128	164	1.0263
128	166	1.0873
128	168	0.951432
128	172	1.00601
128	173	0.948876
128	174	0.9783
128	175	1.00052
128	176	0.921138
128	177	0.944169
128	178	0.941604
128	179	0.939884
128	180	0.986248
129	1	0.984224
129	14	1.0383
129	31	0.527877
129	89	0.798407
129	115	1.07495
129	117	0.825682
129	121	0.846025
129	127	1.19784
129	128	1.12871
129	135	1.19657
129	139	0.862872
129	140	1.0405
129	148	1.14923
129	151	1.05338
129	154	1.10682
129	158	0.995863
129	160	1.0423
129	163	1.10396
129	164	1.02937
129	165	1.0208
129	168	0.954503
129	170	0.988812
129	171	1.01303
129	173	0.951946
129	174	0.981371
129	175	1.00359
129	176	0.924209
129	177	0.947239
129	178	0.944674
129	179	0.942955
129	180	0.989319
130	21	0.707236
130	43	0.917817
130	61	0.745131
130	83	0.895982
130	97	1.18401
130	112	1.08318
130	115	1.05195
130	121	1.07163
130	128	1.1057
130	133	1.0727
130	143	1.09995
130	144	1.13746
130	148	1.12623
130	151	1.03037
130	158	0.972855
130	160	1.0193
130	166	1.06737
130	168	0.931495
130	169	0.986797
130	170	0.965804
130	171	0.990021
130	172	0.986072
130	173	0.928939
130	174	0.958363
130	175	0.98058
130	176	0.901201
130	177	0.924232
130	178	0.921667
130	179	0.919947
130	180	0.966311
131	19	0.624467
131	36	0.518057
131	65	0.599442
131	77	0.682651
131	99	0.717185
131	101	1.34991
131	118	0.712578
131	123	0.498754
131	125	1.25276
131	127	1.29016
131	128	1.22103
131	139	0.767442
131	140	1.13282
131	141	1.18481
131	142	0.406486
131	145	1.11696
131	160	1.13463
131	164	1.12169
131	165	1.11312
131	167	1.08189
131	168	1.04682
131	169	1.10213
131	170	1.08113
131	171	1.10535
131	172	1.1014
131	174	1.07369
131	175	1.09591
131	176	1.01653
131	178	1.037
131	179	1.03528
131	180	1.08164
132	3	0.532562
132	7	0.661701
132	12	0.743773
132	36	0.523059
132	47	1.11324
132	50	0.622021
132	82	0.663333
132	84	0.678686
132	120	1.29581
132	122	0.861626
132	128	1.21074
132	137	1.32277
132	140	1.12253
132	145	1.10667
132	146	1.15455
132	151	1.13541
132	159	1.16912
132	164	1.1114
132	165	1.10283
132	166	1.17241
132	167	1.0716
132	169	1.09184
132	170	1.07084
132	171	1.09506
132	173	1.03398
132	174	1.0634
132	175	1.08562
132	176	1.00624
132	177	1.02927
132	178	1.02671
132	179	1.02499
132	180	1.07135
133	2	1.20902
133	13	1.20249
133	14	1.05568
133	21	1.27757
133	24	1.14536
133	38	1.1431
133	53	1.10835
133	57	1.28587
133	59	1.19679
133	62	1.16327
133	71	1.25155
133	74	1.09733
133	81	1.15523
133	83	1.16397
133	84	1.13006
133	87	1.13028
133	91	1.09971
133	98	0.794263
133	109	1.12326
133	122	1.13381
133	123	1.15123
133	127	0.733084
133	130	1.0727
133	134	0.518074
133	136	1.20714
133	142	1.16335
133	143	0.897187
133	144	0.792339
133	146	1.13039
133	150	0.865433
133	161	0.677321
133	180	1.25775
134	6	0.518365
134	14	0.709273
134	27	0.534118
134	47	0.874643
134	48	0.747559
134	51	0.457189
134	54	0.926859
134	59	0.589708
134	90	0.724212
134	124	1.32174
134	133	0.518074
134	145	1.14759
134	146	1.19547
134	154	1.22977
134	155	1.22239
134	157	1.22102
134	158	1.11881
134	160	1.16525
134	163	1.22691
134	164	1.15232
134	166	1.21332
134	168	1.07745
134	169	1.13275
134	171	1.13598
134	172	1.13203
134	173	1.0749
134	174	1.10432
134	175	1.12654
134	176	1.04716
134	177	1.07019
134	178	1.06762
134	179	1.0659
134	180	1.11227
135	6	0.627613
135	12	0.614426
135	26	0.823612
135	63	0.598736
135	72	0.916965
135	87	0.772411
135	92	0.527195
135	103	0.759328
135	113	1.1988
135	129	1.19657
135	137	1.30553
135	138	1.0965
135	139	0.643096
135	146	1.13731
135	149	1.15244
135	151	1.11817
135	152	1.18341
135	156	1.03462
135	158	1.06065
135	159	1.15188
135	162	1.26175
135	164	1.09416
135	168	1.01929
135	169	1.07459
135	172	1.07387
135	173	1.01674
135	174	1.04616
135	175	1.06838
135	176	0.988999
135	177	1.01203
135	178	1.00946
135	179	1.00774
135	180	1.05411
136	2	1.26499
136	3	0.482855
136	4	1.11187
136	8	0.569164
136	30	0.922318
136	31	0.387741
136	32	1.20792
136	34	0.75516
136	35	0.490179
136	50	1.31269
136	62	1.21924
136	74	1.15331
136	79	0.748534
136	81	1.21121
136	83	1.21994
136	84	1.18603
136	87	1.18625
136	91	1.15568
136	97	0.818277
136	106	0.513902
136	123	1.2072
136	133	1.20714
136	164	1.09503
136	165	1.08646
136	166	1.15604
136	167	1.05523
136	171	1.07869
136	172	1.07474
136	173	1.01761
136	176	0.989873
136	177	1.0129
136	178	1.01034
136	179	1.00862
136	180	1.05498
137	11	0.434354
137	33	0.523346
137	34	0.580519
137	40	0.945938
137	46	0.747803
137	47	0.888891
137	72	0.821965
137	74	0.661581
137	84	0.454339
137	98	1.24485
137	109	0.625444
137	119	0.51582
137	132	1.32277
137	135	1.30553
137	140	1.14946
137	141	1.20145
137	144	1.26942
137	147	1.22481
137	148	1.25819
137	155	1.2084
137	157	1.20703
137	158	1.10482
137	165	1.12975
137	166	1.19933
137	167	1.09852
137	168	1.06346
137	171	1.12199
137	172	1.11804
137	173	1.0609
137	174	1.09033
137	175	1.11254
137	176	1.03317
137	177	1.0562
137	178	1.05363
137	179	1.05191
137	180	1.09828
138	18	1.29724
138	43	0.840756
138	45	1.19413
138	76	1.31559
138	86	1.45929
138	92	1.33375
138	100	0.983343
138	112	1.00612
138	113	1.03394
138	116	1.0866
138	124	1.09872
138	135	1.0965
138	146	0.972448
138	149	0.987585
138	151	0.953313
138	154	1.00676
138	155	0.999369
138	156	0.869758
138	159	0.987018
138	160	0.942236
138	166	0.990306
138	169	0.909736
138	170	0.888743
138	171	0.91296
138	172	0.909011
138	173	0.851877
138	174	0.881302
138	175	0.903518
138	176	0.82414
138	177	0.847171
138	178	0.844606
138	179	0.842886
138	180	0.88925
139	3	1.21674
139	5	1.08338
139	8	1.19504
139	26	1.16532
139	29	0.480411
139	42	1.14245
139	45	1.1245
139	47	1.12446
139	57	0.34162
139	61	1.17963
139	72	1.1472
139	77	1.11174
139	79	1.19178
139	85	1.15801
139	86	1.15853
139	89	1.15009
139	93	1.095
139	99	1.16282
139	103	1.14036
139	106	1.19081
139	108	1.19118
139	110	1.12108
139	114	1.17036
139	117	1.15083
139	118	1.15099
139	120	0.527579
139	122	1.13967
139	129	0.862872
139	131	0.767442
139	135	0.643096
