1	99	0.975146
1	109	0.974555
1	117	1.0695
1	126	1.02779
1	127	1.01868
1	135	0.97798
1	149	1.04743
1	150	1.02928
1	155	1.03483
1	167	0.962085
1	170	0.990707
1	178	0.894277
2	4	0.927141
2	16	0.887459
2	33	1.09942
2	50	0.883642
2	53	0.889836
2	70	0.925379
2	90	0.891425
2	121	0.915352
2	122	1.24227
2	153	1.21559
2	158	0.880423
2	177	1.25119
3	42	1.10121
3	62	0.894673
3	100	1.01019
3	103	0.971931
3	108	0.867486
3	113	0.968031
3	138	0.963677
3	143	1.07664
3	144	1.05694
3	176	1.03
3	177	1.02986
3	180	1.02814
4	2	0.927141
4	32	0.906599
4	50	1.01809
4	53	1.02428
4	60	1.08578
4	70	1.05982
4	86	1.06924
4	92	1.07027
4	94	1.0195
4	148	0.854815
4	158	1.01487
4	171	0.959689
5	6	1.16028
5	27	0.92529
5	63	1.03025
5	69	0.986332
5	72	1.09645
5	93	0.896085
5	95	1.01991
5	100	1.02714
5	103	0.988881
5	129	1.00461
5	165	1.05132
5	171	0.814224
6	5	1.16028
6	117	0.93502
6	118	0.93629
6	126	0.893303
6	127	0.884196
6	134	0.845608
6	143	1.23799
6	149	0.912944
6	150	0.8948
6	153	1.19771
6	155	0.900342
6	178	1.20672
7	8	1.01773
7	9	0.950386
7	14	1.11309
7	16	0.990018
7	58	0.985162
7	59	1.0896
7	70	1.02794
7	86	1.03735
7	90	0.993984
7	121	1.01791
7	168	0.815125
7	178	0.962164
8	7	1.01773
8	41	1.0417
8	50	1.00611
8	60	1.07381
8	70	1.04785
8	76	0.84561
8	90	1.01389
8	121	1.03782
8	128	0.978557
8	157	0.970742
8	158	1.00289
8	161	0.961745
9	7	0.950386
9	46	1.07645
9	63	1.03359
9	69	0.989671
9	95	1.02324
9	100	1.03048
9	101	0.93489
9	102	0.942545
9	103	0.99222
9	138	0.987896
9	157	0.979443
9	165	1.05466
10	43	0.956611
10	47	0.898242
10	97	0.858521
10	112	0.899441
10	114	1.16353
10	139	0.863172
10	141	1.24961
10	143	0.917049
10	144	0.897349
10	169	1.2135
10	170	0.909687
10	176	1.17387
11	30	1.14099
11	91	0.939788
11	118	0.87662
11	144	0.90345
11	170	0.932085
11	174	1.05406
11	175	1.01108
11	176	1.0245
11	177	1.02436
11	178	1.03323
11	179	1.03641
11	180	1.02264
12	66	0.896486
12	70	0.940442
12	91	1.02487
12	119	1.07762
12	126	0.979833
12	129	1.00506
12	143	0.952003
12	161	1.02671
12	169	1.0434
12	175	1.00575
12	178	1.0279
12	180	1.0173
13	59	1.05269
13	85	1.02369
13	95	1.08154
13	96	1.04146
13	169	0.993365
13	171	1.00776
13	174	0.995879
13	175	0.952902
13	176	0.966322
13	177	0.966184
13	178	0.975055
13	179	0.978226
13	180	0.964459
14	7	1.11309
14	19	1.06662
14	50	1.10147
14	52	0.862106
14	53	1.10767
14	60	1.16917
14	75	1.03573
14	90	1.10926
14	121	1.13318
14	127	0.867627
14	141	0.870989
14	174	0.730512
14	175	0.830961
15	21	0.953145
15	141	0.977347
15	142	0.983068
15	151	0.976273
15	154	0.983982
15	160	0.975624
15	161	0.967658
15	162	0.930611
15	164	0.982716
15	169	0.984343
15	174	1.06597
15	179	1.09587
15	180	1.13109
16	2	0.887459
16	7	0.990018
16	19	0.943549
16	50	0.978404
16	53	0.984598
16	70	1.02014
16	82	1.05695
16	90	0.986187
16	121	1.01011
16	133	1.21014
16	145	1.02357
16	173	0.876548
16	176	1.03369
17	26	1.11991
17	48	0.998831
17	84	1.02895
17	88	0.992779
17	131	1.03345
17	136	0.896223
17	144	0.973666
17	153	1.02257
17	160	1.02193
17	165	1.00315
17	170	1.0023
17	178	0.905871
18	61	0.93687
18	96	0.945493
18	110	1.00256
18	113	0.971644
18	116	1.18103
18	119	1.01823
18	123	1.02496
18	124	0.959133
18	129	0.94567
18	130	1.02013
18	131	1.02616
18	170	0.999054
18	174	0.97435
19	14	1.06662
19	16	0.943549
19	36	1.14329
19	53	0.945926
19	60	1.00743
19	70	0.981469
19	82	1.02072
19	90	0.947515
19	121	0.971442
19	138	1.08501
19	153	0.959963
19	158	0.936514
19	177	0.995563
20	29	0.962446
20	37	1.04958
20	75	0.904538
20	78	1.12513
20	81	0.96916
20	97	0.953032
20	104	1.03503
20	139	0.957683
20	143	1.01156
20	144	0.99186
20	156	1.11182
20	168	0.879532
20	177	1.05315
21	15	0.953145
21	136	1.04929
21	137	1.07923
21	147	0.972154
21	152	0.987688
21	157	0.974618
21	160	0.973254
21	161	0.965288
21	167	0.992532
21	169	0.981973
21	173	0.930284
21	178	1.05894
21	180	1.08781
22	61	1.07192
22	97	1.06772
22	109	1.03312
22	159	0.983859
22	170	1.03898
22	171	1.00776
22	174	0.995879
22	175	0.952902
22	176	0.966322
22	177	0.966184
22	178	0.975055
22	179	0.978226
22	180	0.964459
23	84	0.984065
23	88	0.947889
23	98	1.17276
23	130	1.0618
23	149	0.995069
23	150	0.976924
23	155	0.982467
23	157	0.970766
23	165	0.95826
23	166	0.911172
23	167	0.988679
23	174	1.01602
23	179	1.04593
24	84	1.14716
24	88	1.11098
24	95	1.08994
24	103	1.05892
24	139	0.993872
24	151	1.13314
24	156	0.940291
24	165	1.12135
24	169	1.14121
24	172	0.687614
24	174	0.818791
24	177	0.881626
24	180	0.883911
25	56	0.880293
25	94	0.852983
25	106	1.09102
25	122	0.833817
25	127	0.917011
25	147	1.11257
25	157	1.11504
25	161	1.10571
25	164	1.12076
25	167	1.13295
25	169	1.12239
25	175	0.880346
25	180	0.845017
26	17	1.11991
26	48	1.08589
26	84	1.11602
26	88	1.07984
26	110	0.798486
26	120	0.912122
26	124	0.92109
26	145	0.824895
26	151	0.939537
26	153	1.10963
26	165	1.09021
27	5	0.92529
27	48	0.966806
27	63	1.1477
27	88	0.960754
27	113	1.09212
27	115	0.978118
27	135	1.05544
27	139	0.959524
27	140	0.984418
27	144	0.993702
27	153	0.990544
27	161	0.974301
27	165	0.971125
28	45	1.04712
28	47	1.1596
28	133	0.926024
28	145	1.01228
28	146	0.923875
28	151	0.969361
28	152	0.983145
28	160	0.968711
28	164	0.975803
28	167	0.987988
28	169	0.97743
28	179	1.01978
28	180	1.05499
29	20	0.962446
29	47	0.990081
29	75	0.901866
29	89	1.05875
29	112	0.991279
29	129	1.1463
29	139	0.955011
29	143	1.00889
29	144	0.989188
29	167	1.0467
29	170	1.00153
29	174	0.94264
29	177	1.00547
30	11	1.14099
30	70	1.20868
30	128	0.918207
30	142	0.933066
30	145	0.969186
30	147	0.924521
30	160	0.925621
30	161	0.917655
30	162	1.01737
30	164	0.932713
30	166	1.04788
30	167	0.944899
30	169	0.93434
30	178	1.18898
31	59	1.15851
31	77	1.16013
31	126	1.09017
31	141	1.1353
31	145	1.04944
31	171	0.953817
31	173	1.03188
31	174	0.941937
31	175	0.898959
31	176	0.91238
31	177	0.912242
31	178	0.921113
31	179	0.924284
31	180	0.910517
32	4	0.906599
32	43	0.916705
32	48	1.03771
32	50	0.983951
32	62	0.854602
32	80	0.913661
32	84	1.06784
32	88	1.03166
32	127	1.05009
32	133	1.01251
32	155	1.06624
32	174	1.06722
32	179	1.04957
32	180	1.0358
33	2	1.09942
33	42	1.01202
33	98	0.878943
33	151	0.89147
33	155	0.838535
33	160	0.874522
33	171	1.08276
33	174	1.07088
33	175	1.0279
33	176	1.04132
33	177	1.04118
33	178	1.05006
33	179	1.05323
33	180	1.03946
34	44	0.969663
34	86	0.91901
34	97	1.01892
34	107	1.02432
34	110	0.923998
34	112	1.05983
34	114	0.950189
34	139	1.02357
34	143	1.07744
34	144	1.05774
34	153	0.923026
34	159	1.06906
34	170	1.07008
34	179	0.925697
35	51	1.05565
35	54	0.971972
35	80	1.03818
35	91	1.0483
35	93	0.932164
35	94	1.06775
35	95	1.02956
35	98	1.02532
35	135	1.0723
35	137	1.07123
35	138	1.02038
35	157	0.980853
35	162	0.701672
35	165	0.982615
36	19	1.14329
36	81	1.13994
36	109	1.14852
36	137	1.07824
36	143	1.08922
36	171	0.953817
36	173	1.03188
36	174	0.941937
36	175	0.898959
36	176	0.91238
36	177	0.912242
36	178	0.921113
36	179	0.924284
36	180	0.910517
37	20	1.04958
37	75	0.989002
37	81	1.05362
37	92	1.05076
37	107	1.0429
37	134	1.10944
37	139	1.04215
37	143	1.09602
37	144	1.07632
37	146	0.860907
37	148	0.835305
37	153	0.95414
37	158	1.0511
37	172	0.795728
38	60	0.903201
38	89	1.03552
38	101	0.986758
38	104	0.932202
38	117	1.09222
38	126	1.0505
38	127	1.04139
38	134	1.00281
38	148	0.795887
38	149	1.07014
38	150	1.052
38	155	1.05754
38	165	1.03307
38	180	0.952606
39	46	1.08213
39	55	1.09393
39	69	0.995347
39	72	1.10546
39	86	0.912
39	95	1.02892
39	99	1.0059
39	100	1.03616
39	103	0.997896
39	162	0.753425
39	165	1.06033
39	167	0.992842
39	175	0.98923
39	180	0.953901
40	116	0.983733
40	120	0.918896
40	124	1.03804
40	129	1.02458
40	149	1.07986
40	150	1.06171
40	151	0.94631
40	155	1.06726
40	157	0.920877
40	164	0.897336
40	165	0.922639
40	178	1.04741
40	179	1.05059
40	180	1.03682
41	8	1.0417
41	92	1.14978
41	117	1.10145
41	150	1.14437
41	170	1.15861
41	171	0.953817
41	173	1.03188
41	174	0.941937
41	175	0.898959
41	176	0.91238
41	177	0.912242
41	178	0.921113
41	179	0.924284
41	180	0.910517
42	3	1.10121
42	33	1.01202
42	116	0.931401
42	128	0.91905
42	152	0.940899
42	153	0.934741
42	156	1.22245
42	157	0.927828
42	160	0.926464
42	164	0.933556
42	169	0.935183
42	170	0.950236
42	174	1.10095
42	176	1.16569
43	10	0.956611
43	32	0.916705
43	97	1.03904
43	107	1.04444
43	125	1.0288
43	136	0.983124
43	139	1.04369
43	143	1.09756
43	144	1.07786
43	158	1.05264
43	159	1.08918
43	168	0.845733
43	171	0.969795
43	173	0.864115
44	34	0.969663
44	80	1.02735
44	84	1.02384
44	88	0.987664
44	95	1.07755
44	134	0.967508
44	137	0.941556
44	144	0.989063
44	150	1.0167
44	155	1.02224
44	165	0.998035
44	167	0.989077
44	177	0.993529
44	179	1.00557
44	180	0.991804
45	28	1.04712
45	66	0.880385
45	129	1.07205
45	152	0.994847
45	155	0.984709
45	157	1.01221
45	171	1.02048
45	173	1.09855
45	174	1.0086
45	175	0.965626
45	176	0.979046
45	177	0.978908
45	178	0.987779
45	179	0.990951
45	180	0.977183
46	9	1.07645
46	39	1.08213
46	55	1.02885
46	63	0.974176
46	69	0.930259
46	72	1.04038
46	95	0.963832
46	100	0.97107
46	103	0.932808
46	130	1.00116
46	143	1.0229
46	147	1.0915
46	166	0.850527
46	177	1.01822
46	180	1.0205
47	10	0.898242
47	28	1.1596
47	29	0.990081
47	107	0.986067
47	112	1.02159
47	121	1.0292
47	132	1.00825
47	139	0.985318
47	143	1.03919
47	144	1.01949
47	162	0.845511
47	168	0.87008
47	170	1.03183
47	175	1.08132
47	177	1.0437
48	17	0.998831
48	26	1.08589
48	27	0.966806
48	32	1.03771
48	84	0.994934
48	88	0.958758
48	94	1.01097
48	131	0.999434
48	140	1.07183
48	148	0.846289
48	152	1.06435
48	153	0.988549
48	165	0.96913
48	170	1.07057
48	174	0.937888
49	66	1.11882
49	70	1.03677
49	79	0.956991
49	91	0.975276
49	92	0.989147
49	131	1.00509
49	135	0.999273
49	137	0.998205
49	138	0.94735
49	159	1.00868
49	173	0.888415
49	174	0.98082
49	176	1.04556
49	177	1.04365
49	179	1.01073
50	2	0.883642
50	4	1.01809
50	8	1.00611
50	14	1.10147
50	16	0.978404
50	32	0.983951
50	60	1.04228
50	70	1.01632
50	90	0.98237
50	135	1.14372
50	158	0.971368
50	162	0.888411
50	163	0.911996
50	174	1.02377
50	179	1.05367
51	35	1.05565
51	57	0.994719
51	68	1.16258
51	71	1.02132
51	91	0.98177
51	92	0.995641
51	104	1.03624
51	135	1.00577
51	137	1.0047
51	138	0.953845
51	153	1.01876
51	156	0.984618
51	166	0.88667
51	168	0.880737
51	178	1.02778
52	14	0.862106
52	94	1.01582
52	101	1.01249
52	105	1.14888
52	133	0.955818
52	152	1.01294
52	157	0.999869
52	160	0.998505
52	161	0.990539
52	164	1.0056
52	167	1.01778
52	169	1.00722
52	171	0.956012
52	175	1.04319
52	178	0.97899
53	2	0.889836
53	4	1.02428
53	14	1.10767
53	16	0.984598
53	19	0.945926
53	60	1.04848
53	86	1.03193
53	90	0.988564
53	132	0.977489
53	143	1.01762
53	158	0.977562
53	160	1.10241
53	170	1.08278
53	171	0.963376
53	173	0.857696
54	35	0.971972
54	61	0.967346
54	63	1.1583
54	77	0.975974
54	105	0.987661
54	108	1.00217
54	113	1.00212
54	119	1.04871
54	123	1.05544
54	124	0.989609
54	129	0.976146
54	133	1.18727
54	154	0.864103
54	156	0.997952
54	172	0.814911
55	39	1.09393
55	46	1.02885
55	63	0.985983
55	68	1.16362
55	69	0.942066
55	95	0.97564
55	100	0.982878
55	103	0.944615
55	121	1.03933
55	136	1.01916
55	163	0.880788
55	165	1.00705
55	172	0.861381
55	178	1.02881
55	180	1.05768
56	25	0.880293
56	74	1.01301
56	109	1.03836
56	119	1.0011
56	135	1.01746
56	137	1.01639
56	138	0.965539
56	139	0.981376
56	143	1.03525
56	144	1.01555
56	161	1.04637
56	169	1.0159
56	176	0.988609
56	178	0.997342
56	180	0.986746
57	51	0.994719
57	58	1.05588
57	79	0.969089
57	80	0.977257
57	92	1.00124
57	135	1.01137
57	137	1.0103
57	138	0.959449
57	139	1.16254
57	148	0.895855
57	153	1.01469
57	159	1.02078
57	166	0.882601
57	171	1.00073
57	180	1.05257
58	7	0.985162
58	57	1.05588
58	66	1.18648
58	79	1.02465
58	92	1.05681
58	98	1.01996
58	108	1.10887
58	113	1.02703
58	121	0.997216
58	135	1.06693
58	137	1.06586
58	138	1.01501
58	163	0.758624
58	166	0.765541
58	176	0.935131
58	180	0.935514
59	7	1.0896
59	13	1.05269
59	31	1.15851
59	96	1.12729
59	97	0.930518
59	99	1.09195
59	112	0.971438
59	126	0.963938
59	139	0.935169
59	149	0.983579
59	150	0.965434
59	155	0.970977
59	161	0.949946
59	164	0.965004
59	169	0.966631
59	173	0.882423
60	4	1.08578
60	8	1.07381
60	14	1.16917
60	19	1.00743
60	38	0.903201
60	50	1.04228
60	53	1.04848
60	70	1.08402
60	73	0.954503
60	90	1.05007
60	119	0.916415
60	142	0.986525
60	158	1.03907
60	163	0.715088
60	164	0.947142
60	165	0.972445
61	18	0.93687
61	22	1.07192
61	54	0.967346
61	85	1.00084
61	96	0.927531
61	99	1.09388
61	105	0.939223
61	113	0.953683
61	119	1.00027
61	122	1.03068
61	123	1.007
61	124	0.941171
61	129	0.927709
61	153	1.004
61	165	1.12235
61	169	1.08112
62	3	0.894673
62	32	0.854602
62	77	1.03578
62	105	1.04747
62	110	0.922623
62	113	1.06193
62	119	1.10851
62	123	1.11524
62	124	1.04942
62	129	1.03595
62	141	1.03489
62	149	0.953713
62	156	1.05776
62	163	0.782646
62	170	1.08934
62	180	0.959536
63	5	1.03025
63	9	1.03359
63	27	1.1477
63	46	0.974176
63	54	1.1583
63	55	0.985983
63	69	0.887397
63	72	0.997514
63	84	1.0554
63	95	0.92097
63	100	0.928208
63	103	0.889946
63	165	0.952381
63	166	0.918507
63	171	1.03664
63	180	1.08848
64	107	1.02966
64	114	0.931489
64	118	0.954308
64	120	1.07935
64	133	1.0233
64	135	0.997047
64	146	0.811093
64	147	1.06489
64	151	1.06664
64	157	1.06735
64	160	1.06599
64	164	1.07308
64	167	1.08527
64	168	0.766305
64	169	1.07471
64	178	0.913344
65	69	0.999139
65	87	0.853306
65	133	1.00482
65	135	0.883596
65	137	0.82018
65	141	0.904116
65	158	0.9261
65	171	1.08715
65	173	1.16521
65	174	1.07527
65	175	1.03229
65	176	1.04571
65	177	1.04558
65	178	1.05445
65	179	1.05762
65	180	1.04385
66	12	0.896486
66	45	0.880385
66	49	1.11882
66	58	1.18648
66	79	1.09969
66	91	1.11797
66	104	0.867857
66	108	1.1839
66	135	1.14197
66	136	0.849746
66	137	1.1409
66	138	1.09005
66	153	0.850377
66	156	1.12082
66	172	0.691965
66	176	0.887878
66	177	0.885976
67	97	1.04774
67	118	0.963533
67	121	1.01314
67	124	1.03713
67	128	1.00824
67	134	1.06885
67	136	0.912921
67	141	1.01738
67	142	1.0231
67	151	1.0163
67	152	1.03009
67	160	1.01565
67	161	1.00769
67	164	1.02275
67	167	1.03493
67	169	1.02437
67	172	0.755139
68	51	1.16258
68	55	1.16362
68	88	1.13715
68	117	1.05773
68	158	1.14466
68	165	1.12779
68	168	1.03733
68	171	0.920452
68	172	1.06266
68	173	0.998515
68	174	0.908572
68	175	0.865594
68	176	0.879015
68	177	0.878877
68	178	0.887748
68	179	0.890919
68	180	0.877152
69	5	0.986332
69	9	0.989671
69	39	0.995347
69	46	0.930259
69	55	0.942066
69	63	0.887397
69	65	0.999139
69	72	0.953597
69	95	0.877053
69	98	1.20337
69	100	0.884291
69	103	0.846029
69	124	1.19745
69	132	1.07403
69	161	1.18147
69	165	0.908464
69	175	1.14709
70	2	0.925379
70	4	1.05982
70	7	1.02794
70	8	1.04785
70	12	0.940442
70	16	1.02014
70	19	0.981469
70	30	1.20868
70	49	1.03677
70	50	1.01632
70	60	1.08402
70	90	1.02411
70	131	0.918905
70	158	1.01311
70	165	1.01268
70	168	0.756311
70	177	0.929933
71	51	1.02132
71	84	0.860316
71	100	0.9799
71	116	1.03496
71	129	1.03194
71	137	1.03691
71	138	0.986051
71	147	0.964396
71	149	1.0503
71	150	1.03215
71	155	1.03769
71	157	0.972099
71	164	0.948558
71	175	0.995699
71	178	1.01785
71	179	1.02102
71	180	1.00726
72	5	1.09645
72	39	1.10546
72	46	1.04038
72	63	0.997514
72	69	0.953597
72	83	0.915004
72	95	0.987171
72	100	0.994409
72	103	0.956146
72	120	1.05549
72	121	1.05086
72	141	1.05412
72	156	1.03515
72	163	0.801878
72	165	1.01858
72	171	0.926923
72	175	1.0141
73	60	0.954503
73	97	1.10021
73	111	0.973342
73	116	1.02028
73	119	1.02834
73	145	1.05891
73	147	1.01425
73	152	1.02978
73	156	1.06029
73	160	1.01535
73	161	1.00738
73	163	0.827018
73	164	1.02244
73	167	1.03462
73	168	0.828002
73	169	1.02406
73	180	1.00391
74	56	1.01301
74	91	1.053
74	122	0.966534
74	133	0.976799
74	140	1.02164
74	141	1.02121
74	142	1.02693
74	149	0.97191
74	151	1.02014
74	153	1.02776
74	154	0.830628
74	159	0.990174
74	161	1.01152
74	164	1.02658
74	167	1.03876
74	169	1.0282
74	180	0.977733
75	14	1.03573
75	20	0.904538
75	29	0.901866
75	37	0.989002
75	76	1.13506
75	81	0.90858
75	107	0.897853
75	112	0.933372
75	128	1.268
75	139	0.897103
75	143	0.95098
75	144	0.93128
75	157	1.26019
75	159	0.942598
75	170	0.943617
75	172	0.985186
75	174	1.11636
76	8	0.84561
76	75	1.13506
76	111	1.06125
76	137	0.886376
76	139	1.00492
76	152	0.956296
76	159	0.907396
76	171	1.02421
76	172	1.16641
76	173	1.10227
76	174	1.01233
76	175	0.969348
76	176	0.982769
76	177	0.982631
76	178	0.991502
76	179	0.994673
76	180	0.980906
77	31	1.16013
77	54	0.975974
77	62	1.03578
77	85	1.00947
77	96	0.936159
77	102	1.08338
77	105	0.947851
77	119	1.0089
77	123	1.01563
77	124	0.949799
77	129	0.936336
77	136	0.994655
77	153	1.00369
77	163	0.864682
77	170	0.98972
77	176	1.04119
77	178	1.01271
77	180	1.04157
78	20	1.12513
78	83	0.947315
78	109	1.07277
78	120	0.989102
78	127	1.08307
78	134	1.12849
78	140	0.977895
78	147	0.974643
78	151	0.976393
78	154	0.863974
78	157	0.977107
78	160	0.975744
78	161	0.967778
78	164	0.982836
78	167	0.995021
78	169	0.984463
78	170	0.999515
78	178	0.982212
79	49	0.956991
79	57	0.969089
79	58	1.02465
79	66	1.09969
79	98	0.933163
79	118	1.03839
79	122	1.0151
79	126	1.05652
79	131	0.985956
79	135	0.980137
79	137	0.979069
79	138	0.928215
79	158	0.953002
79	159	0.989546
79	164	1.08146
79	177	1.02401
79	178	0.997428
79	179	0.991082
80	32	0.913661
80	35	1.03818
80	44	1.02735
80	57	0.977257
80	81	1.07171
80	91	0.964309
80	92	0.97818
80	98	0.941332
80	108	1.03024
80	125	1.02576
80	135	0.988305
80	137	0.987238
80	138	0.936383
80	144	1.05752
80	158	0.961171
80	159	0.997715
80	161	1.0883
80	180	1.0186
81	20	0.96916
81	36	1.13994
81	37	1.05362
81	75	0.90858
81	80	1.07171
81	97	0.957073
81	107	0.962474
81	112	0.997993
81	137	0.985916
81	138	1.08165
81	139	0.961724
81	143	1.0156
81	144	0.995902
81	150	1.04782
81	158	0.970675
81	169	1.03374
81	170	1.00824
81	173	0.836971
82	16	1.05695
82	19	1.02072
82	87	1.01113
82	102	0.987359
82	109	0.924609
82	117	1.01956
82	118	1.02083
82	126	0.977841
82	127	0.968733
82	133	1.14032
82	134	0.930146
82	138	1.05142
82	145	0.953756
82	149	0.997482
82	150	0.979337
82	155	0.984879
82	165	1.04473
82	179	0.929046
83	72	0.915004
83	78	0.947315
83	111	1.04391
83	123	0.913787
83	138	0.964777
83	164	0.932783
83	165	0.958086
83	168	1.14642
83	169	0.916862
83	171	1.02954
83	172	1.17175
83	173	1.10761
83	174	1.01766
83	175	0.974685
83	176	0.988106
83	177	0.987968
83	178	0.996839
83	179	1.00001
83	180	0.986243
84	17	1.02895
84	23	0.984065
84	24	1.14716
84	26	1.11602
84	32	1.06784
84	44	1.02384
84	48	0.994934
84	63	1.0554
84	71	0.860316
84	88	0.988882
84	102	0.950112
84	111	1.07459
84	121	0.970007
84	131	1.02956
84	146	0.777187
84	153	1.01867
84	158	1.00565
84	165	0.999254
84	177	0.90602
85	13	1.02369
85	61	1.00084
85	77	1.00947
85	86	0.969048
85	96	1.00947
85	105	1.02116
85	113	1.03562
85	123	1.08893
85	129	1.00964
85	136	1.06796
85	156	1.03145
85	159	1.06201
85	164	1.06611
85	170	1.06303
85	171	0.959104
85	172	0.814653
85	173	0.853425
85	174	0.945829
85	179	0.975736
86	4	1.06924
86	7	1.03735
86	34	0.91901
86	39	0.912
86	53	1.03193
86	85	0.969048
86	90	1.03352
86	112	0.988177
86	139	1.00944
86	149	0.893659
86	152	1.05075
86	155	0.950684
86	156	0.955862
86	164	1.0434
86	169	1.04503
86	176	1.0208
86	177	1.02067
86	179	1.03271
86	180	1.01894
87	65	0.853306
87	82	1.01113
87	89	1.02609
87	102	1.0506
87	109	0.987846
87	118	1.08406
87	125	0.973094
87	127	1.03197
87	134	0.993383
87	136	1.06376
87	146	0.834812
87	149	1.06072
87	150	1.04257
87	153	0.928045
87	155	1.04812
87	160	1.05312
87	170	1.03349
87	176	0.965547
87	177	0.963645
88	17	0.992779
88	23	0.947889
88	24	1.11098
88	26	1.07984
88	27	0.960754
88	32	1.03166
88	44	0.987664
88	48	0.958758
88	68	1.13715
88	84	0.988882
88	126	1.06144
88	131	0.993382
88	132	0.993477
88	136	0.992694
88	138	1.11837
88	153	0.982497
88	165	0.963078
88	172	0.834913
88	173	0.873685
88	179	0.995996
89	29	1.05875
89	38	1.03552
89	87	1.02609
89	102	1.00232
89	109	0.939566
89	117	1.03451
89	118	1.03578
89	126	0.992798
89	127	0.98369
89	130	0.973027
89	134	0.945103
89	140	1.06119
89	148	0.83565
89	149	1.01244
89	150	0.994294
89	151	1.09651
89	155	0.999837
89	165	1.07284
89	171	0.940524
89	178	0.963502
90	2	0.891425
90	7	0.993984
90	8	1.01389
90	14	1.10926
90	16	0.986187
90	19	0.947515
90	50	0.98237
90	53	0.988564
90	60	1.05007
90	70	1.02411
90	86	1.03352
90	125	1.0243
90	132	0.979407
90	142	1.11169
90	146	0.886022
90	151	1.12128
90	153	0.979255
90	158	0.979151
90	166	0.847166
90	167	1.05608
91	11	0.939788
91	12	1.02487
91	35	1.0483
91	49	0.975276
91	51	0.98177
91	66	1.11797
91	74	1.053
91	80	0.964309
91	96	1.10399
91	98	0.951448
91	108	1.04036
91	127	1.08864
91	135	0.998422
91	137	0.997354
91	138	0.9465
91	148	0.859929
91	158	0.971287
91	159	1.00783
91	174	0.951528
91	179	0.981435
92	4	1.07027
92	37	1.05076
92	41	1.14978
92	49	0.989147
92	51	0.995641
92	57	1.00124
92	58	1.05681
92	80	0.97818
92	98	0.965319
92	108	1.05423
92	135	1.01229
92	137	1.01123
92	138	0.960371
92	154	0.853012
92	156	0.991144
92	158	0.985158
92	162	0.799642
92	169	1.03936
92	170	1.06768
92	178	0.97125
93	5	0.896085
93	35	0.932164
93	100	1.05791
93	150	1.02472
93	155	1.0226
93	161	1.04111
93	166	1.06832
93	167	1.01034
93	168	1.10382
93	169	1.01064
93	171	0.986935
93	172	1.12914
93	173	1.065
93	174	0.975056
93	175	0.932078
93	176	0.945498
93	177	0.945361
93	178	0.954232
93	179	0.957403
93	180	0.943635
94	4	1.0195
94	25	0.852983
94	35	1.06775
94	48	1.01097
94	52	1.01582
94	98	0.970901
94	105	1.09037
94	123	0.985517
94	134	0.962863
94	135	1.01788
94	138	0.965953
94	149	1.0302
94	150	1.01205
94	155	1.0176
94	165	1.02982
94	169	0.988592
94	175	0.975602
94	178	0.997755
94	179	1.00093
94	180	0.987159
95	5	1.01991
95	9	1.02324
95	13	1.08154
95	24	1.08994
95	35	1.02956
95	39	1.02892
95	44	1.07755
95	46	0.963832
95	55	0.97564
95	63	0.92097
95	69	0.877053
95	72	0.987171
95	100	0.917865
95	103	0.879603
95	121	0.974317
95	142	1.16334
95	165	0.942038
95	173	0.911272
95	174	1.00368
95	176	1.06841
95	180	1.0688
96	13	1.04146
96	18	0.945493
96	59	1.12729
96	61	0.927531
96	77	0.936159
96	85	1.00947
96	91	1.10399
96	105	0.947845
96	113	0.962305
96	119	1.00889
96	123	1.01562
96	124	0.949793
96	129	0.936331
96	132	0.982289
96	140	1.09755
96	159	0.988696
96	167	1.06766
96	170	0.989715
96	173	0.871198
96	175	1.06405
96	180	1.02872
97	10	0.858521
97	20	0.953032
97	22	1.06772
97	34	1.01892
97	43	1.03904
97	59	0.930518
97	67	1.04774
97	73	1.10021
97	81	0.957073
97	107	0.946346
97	110	1.00077
97	121	0.989476
97	139	0.945597
97	143	0.999474
97	144	0.979774
97	145	1.02718
97	159	0.991092
97	169	1.07693
97	170	0.992111
97	175	1.07301
97	178	1.00882
98	23	1.17276
98	33	0.878943
98	35	1.02532
98	58	1.01996
98	69	1.20337
98	79	0.933163
98	80	0.941332
98	91	0.951448
98	92	0.965319
98	94	0.970901
98	108	1.01738
98	123	1.06916
98	126	1.06322
98	135	0.975445
98	137	0.974378
98	138	0.923523
98	156	0.954296
98	158	0.94831
98	169	1.07224
98	170	1.10056
98	172	0.836698
99	1	0.975146
99	39	1.0059
99	59	1.09195
99	61	1.09388
99	109	1.05508
99	147	1.06439
99	163	1.0519
99	164	1.04855
99	166	1.03063
99	168	1.06612
99	170	1.06095
99	171	0.949243
99	172	1.09145
99	173	1.02731
99	174	0.937363
99	175	0.894385
99	176	0.907806
99	177	0.907668
99	178	0.916539
99	179	0.91971
99	180	0.905943
100	3	1.01019
100	5	1.02714
100	9	1.03048
100	39	1.03616
100	46	0.97107
100	55	0.982878
100	63	0.928208
100	69	0.884291
100	71	0.9799
100	72	0.994409
100	93	1.05791
100	95	0.917865
100	103	0.886841
100	121	0.981555
100	124	1.11358
100	140	1.09671
100	143	1.03029
100	155	1.07909
100	159	1.04033
100	165	0.949276
100	178	0.999022
101	9	0.93489
101	38	0.986758
101	52	1.01249
101	116	1.01465
101	122	0.964336
101	125	0.982699
101	128	1.0023
101	134	1.09295
101	140	1.01187
101	145	1.05328
101	147	1.00861
101	151	1.01036
101	157	1.01108
101	160	1.00971
101	161	1.00175
101	164	1.01681
101	167	1.02899
101	169	1.01843
101	171	0.92369
101	175	1.01086
101	177	0.97325
101	179	0.940321
102	9	0.942545
102	77	1.08338
102	82	0.987359
102	84	0.950112
102	87	1.0506
102	89	1.00232
102	109	0.964072
102	117	1.05902
102	118	1.06029
102	126	1.0173
102	127	1.0082
102	128	1.06971
102	131	0.969878
102	134	0.969608
102	149	1.03694
102	150	1.0188
102	155	1.02434
102	156	1.00347
102	159	0.99563
102	169	1.02243
102	172	0.786894
102	177	0.980905
103	3	0.971931
103	5	0.988881
103	9	0.99222
103	24	1.05892
103	39	0.997896
103	46	0.932808
103	55	0.944615
103	63	0.889946
103	69	0.846029
103	72	0.956146
103	95	0.879603
103	100	0.886841
103	115	1.08401
103	121	0.943292
103	136	1.06798
103	145	1.096
103	149	1.10068
103	150	1.15982
103	158	1.20384
103	165	0.911013
103	173	0.948975
103	175	1.14183
104	20	1.03503
104	38	0.932202
104	51	1.03624
104	66	0.867857
104	124	1.00667
104	127	0.992974
104	143	0.923375
104	147	0.991981
104	160	1.00817
104	163	1.09805
104	166	1.07678
104	168	1.11228
104	171	0.995396
104	172	1.1376
104	173	1.07346
104	174	0.983517
104	175	0.940539
104	176	0.95396
104	177	0.953822
104	178	0.962693
104	179	0.965864
104	180	0.952097
105	52	1.14888
105	54	0.987661
105	61	0.939223
105	62	1.04747
105	77	0.947851
105	85	1.02116
105	94	1.09037
105	96	0.947845
105	113	0.973997
105	119	1.02058
105	123	1.02731
105	124	0.961485
105	129	0.948023
105	136	1.00634
105	137	1.07382
105	148	0.925683
105	156	0.969829
105	162	0.881927
105	163	0.905512
105	170	1.00141
105	174	1.01728
105	175	1.11773
105	179	1.04719
106	25	1.09102
106	110	1.06114
106	120	0.986442
106	122	1.08685
106	128	0.96567
106	129	1.2366
106	140	0.975235
106	141	0.974807
106	142	0.980528
106	147	0.971983
106	152	0.987518
106	157	0.974447
106	159	1.11049
106	160	0.973084
106	161	0.965118
106	162	0.897579
106	163	0.921164
106	164	0.980175
106	167	0.992361
106	168	0.922148
106	169	0.981803
106	173	0.940529
106	174	1.03293
107	34	1.02432
107	37	1.0429
107	43	1.04444
107	47	0.986067
107	64	1.02966
107	75	0.897853
107	81	0.962474
107	97	0.946346
107	112	0.987266
107	115	1.00635
107	122	0.972447
107	138	1.11599
107	139	0.950997
107	143	1.00487
107	144	0.985174
107	154	0.88173
107	159	0.996492
107	164	1.084
107	167	1.06778
107	170	0.997512
107	174	0.963715
107	177	1.02655
107	180	1.02883
108	3	0.867486
108	54	1.00217
108	58	1.10887
108	66	1.1839
108	80	1.03024
108	91	1.04036
108	92	1.05423
108	98	1.01738
108	117	0.942754
108	123	0.968517
108	131	1.07017
108	135	1.06435
108	137	1.06329
108	138	1.01243
108	146	0.801232
108	152	0.99369
108	156	1.04321
108	158	1.03722
108	159	1.07376
108	160	1.01954
108	163	0.75546
108	171	0.880505
108	175	0.967679
109	1	0.974555
109	22	1.03312
109	36	1.14852
109	56	1.03836
109	78	1.07277
109	82	0.924609
109	87	0.987846
109	89	0.939566
109	99	1.05508
109	102	0.964072
109	117	0.99627
109	118	0.99754
109	125	1.01024
109	126	0.954553
109	127	0.945446
109	134	0.906858
109	136	0.977234
109	142	1.09763
109	149	0.974194
109	150	0.95605
109	155	0.961592
109	156	0.940721
109	158	1.10042
109	169	1.04232
110	18	1.00256
110	26	0.798486
110	34	0.923998
110	62	0.922623
110	97	1.00077
110	106	1.06114
110	127	0.976465
110	147	0.975472
110	156	0.96085
110	161	0.974178
110	162	1.09366
110	163	1.10619
110	166	1.08492
110	168	1.12041
110	171	1.00353
110	172	1.14574
110	173	1.0816
110	174	0.991654
110	175	0.948676
110	176	0.962097
110	177	0.961959
110	178	0.97083
110	179	0.974001
110	180	0.960234
111	73	0.973342
111	76	1.06125
111	83	1.04391
111	84	1.07459
111	116	0.958666
111	128	0.946316
111	133	0.911043
111	141	0.955454
111	142	0.961174
111	144	1.1466
111	145	0.997295
111	147	0.952629
111	149	1.10185
111	151	0.95438
111	152	0.968164
111	157	0.955093
111	159	1.12011
111	160	0.95373
111	162	0.907197
111	167	0.973007
111	169	0.962449
111	170	0.977502
111	174	1.04255
111	177	1.10539
112	10	0.899441
112	29	0.991279
112	34	1.05983
112	47	1.02159
112	59	0.971438
112	75	0.933372
112	81	0.997993
112	86	0.988177
112	107	0.987266
112	115	1.00759
112	121	1.0304
112	128	1.1166
112	137	1.0215
112	138	1.11724
112	139	0.986516
112	143	1.04039
112	144	1.02069
112	148	0.873359
112	158	0.995467
112	159	1.03201
112	164	1.08524
112	170	1.03303
112	172	0.833781
112	174	0.964958
112	179	0.994864
113	3	0.968031
113	18	0.971644
113	27	1.09212
113	54	1.00212
113	58	1.02703
113	61	0.953683
113	62	1.06193
113	85	1.03562
113	96	0.962305
113	105	0.973997
113	119	1.03504
113	123	1.04177
113	124	0.975945
113	129	0.962483
113	132	1.00844
113	154	0.885789
113	155	1.0841
113	156	0.984289
113	159	1.01485
113	160	1.12008
113	164	1.08806
113	168	0.856988
113	170	1.01587
113	173	0.875369
113	178	1.00403
114	10	1.16353
114	34	0.950189
114	64	0.931489
114	141	1.00602
114	147	1.00166
114	149	0.924838
114	154	1.02599
114	156	0.987041
114	157	1.00937
114	160	1.01785
114	161	1.00037
114	162	1.06319
114	163	1.07572
114	166	1.05445
114	168	1.08994
114	171	0.973064
114	172	1.11527
114	173	1.05113
114	174	0.961184
114	175	0.918207
114	176	0.931627
114	177	0.931489
114	178	0.94036
114	179	0.943531
114	180	0.929764
115	27	0.978118
115	103	1.08401
115	107	1.00635
115	112	1.00759
115	120	0.99562
115	127	0.990892
115	154	1.02599
115	155	0.970099
115	162	1.06319
115	163	1.07572
115	164	0.974061
115	165	0.999364
115	166	1.05445
115	168	1.08994
115	170	0.98646
115	171	0.973064
115	172	1.11527
115	173	1.05113
115	174	0.961184
115	175	0.918207
115	176	0.931627
115	177	0.931489
115	178	0.94036
115	179	0.943531
115	180	0.929764
116	18	1.18103
116	40	0.983733
116	42	0.931401
116	71	1.03496
116	73	1.02028
116	101	1.01465
116	111	0.958666
116	120	1.01403
116	130	1.0636
116	133	0.957983
116	140	1.00282
116	141	1.00239
116	145	1.04423
116	147	0.999569
116	152	1.0151
116	154	0.935839
116	157	1.00203
116	163	0.906054
116	164	1.00776
116	167	1.01995
116	168	0.907038
116	169	1.00939
116	171	1.0311
116	172	0.886648
116	177	1.08066
117	1	1.0695
117	6	0.93502
117	38	1.09222
117	41	1.10145
117	68	1.05773
117	82	1.01956
117	89	1.03451
117	102	1.05902
117	108	0.942754
117	109	0.99627
117	118	1.09249
117	126	1.0495
117	127	1.04039
117	131	0.938475
117	134	1.00181
117	147	1.02279
117	149	1.06914
117	150	1.051
117	155	1.05654
117	156	1.03567
117	162	0.751312
117	167	0.990729
117	168	0.775881
117	176	0.951404
117	178	0.92292
117	180	0.951787
118	6	0.93629
118	11	0.87662
118	64	0.954308
118	67	0.963533
118	79	1.03839
118	82	1.02083
118	87	1.08406
118	89	1.03578
118	102	1.06029
118	109	0.99754
118	117	1.09249
118	126	1.05077
118	127	1.04166
118	131	0.940168
118	132	1.06109
118	134	1.00308
118	146	0.822363
118	149	1.07041
118	150	1.05227
118	155	1.05781
118	156	1.03694
118	167	0.992422
118	175	0.98881
118	176	0.953098
118	178	0.924614
118	180	0.953481
119	12	1.07762
119	18	1.01823
119	54	1.04871
119	56	1.0011
119	60	0.916415
119	61	1.00027
119	62	1.10851
119	73	1.02834
119	77	1.0089
119	96	1.00889
119	105	1.02058
119	113	1.03504
119	123	1.08836
119	124	1.02253
119	129	1.00907
119	131	0.952507
119	139	1.07578
119	144	1.00475
119	156	1.03087
119	159	1.06143
119	169	1.00506
119	170	1.06245
119	171	0.913975
119	172	0.769523
119	173	0.808295
119	179	0.930606
120	26	0.912122
120	40	0.918896
120	64	1.07935
120	72	1.05549
120	78	0.989102
120	106	0.986442
120	115	0.99562
120	116	1.01403
120	122	1.00691
120	133	0.966404
120	140	1.01124
120	141	1.01081
120	143	1.0205
120	144	1.05703
120	145	1.05266
120	151	1.00974
120	157	1.01045
120	160	1.00909
120	161	1.00113
120	162	0.817631
120	164	1.01618
120	165	0.997949
120	167	1.02837
120	169	1.01781
120	176	1.01772
120	177	1.01582
120	178	0.98924
121	2	0.915352
121	7	1.01791
121	8	1.03782
121	14	1.13318
121	16	1.01011
121	19	0.971442
121	47	1.0292
121	55	1.03933
121	58	0.997216
121	67	1.01314
121	72	1.05086
121	84	0.970007
121	95	0.974317
121	97	0.989476
121	100	0.981555
121	103	0.943292
121	112	1.0304
121	129	1.14163
121	131	0.989772
121	140	1.07191
121	143	1.048
121	144	1.0283
121	153	0.9652
121	154	0.85598
121	166	0.833112
121	177	1.0008
121	179	0.967871
122	2	1.24227
122	25	0.833817
122	61	1.03068
122	74	0.966534
122	79	1.0151
122	101	0.964336
122	106	1.08685
122	107	0.972447
122	120	1.00691
122	124	1.01587
122	126	1.00047
122	127	0.991359
122	134	0.952771
122	139	0.971698
122	140	0.999009
122	143	1.02557
122	144	1.00587
122	149	1.02011
122	150	1.00196
122	151	1.03432
122	155	1.00751
122	158	0.980649
122	175	0.96551
122	176	0.978931
122	177	0.978793
122	178	0.987664
122	179	0.990835
122	180	0.977068
123	18	1.02496
123	54	1.05544
123	61	1.007
123	62	1.11524
123	77	1.01563
123	83	0.913787
123	85	1.08893
123	94	0.985517
123	96	1.01562
123	98	1.06916
123	105	1.02731
123	108	0.968517
123	113	1.04177
123	119	1.08836
123	124	1.02926
123	129	1.0158
123	132	1.06176
123	136	1.07412
123	148	0.820831
123	152	1.03889
123	159	1.06816
123	168	0.801644
123	170	1.06918
123	171	0.925706
123	172	0.781254
123	175	1.01288
123	178	0.948684
123	179	0.942337
124	18	0.959133
124	26	0.92109
124	40	1.03804
124	54	0.989609
124	61	0.941171
124	62	1.04942
124	67	1.03713
124	69	1.19745
124	77	0.949799
124	96	0.949793
124	100	1.11358
124	104	1.00667
124	105	0.961485
124	113	0.975945
124	119	1.02253
124	122	1.01587
124	123	1.02926
124	129	0.949971
124	131	1.01376
124	132	0.995929
124	136	1.00829
124	150	1.0804
124	156	0.971777
124	159	1.00234
124	161	1.09678
124	163	0.850184
124	170	1.00335
124	173	0.869549
125	43	1.0288
125	80	1.02576
125	87	0.973094
125	90	1.0243
125	101	0.982699
125	109	1.01024
125	128	1.03507
125	130	0.900473
125	134	1.06596
125	137	0.939967
125	145	0.938043
125	146	1.04169
125	148	1.04173
125	152	1.00989
125	154	1.02694
125	159	0.960987
125	162	1.06414
125	163	1.07667
125	166	1.0554
125	168	1.09089
125	171	0.974014
125	172	1.11622
125	173	1.05208
125	174	0.962134
125	175	0.919157
125	176	0.932577
125	177	0.932439
125	178	0.94131
125	179	0.944481
125	180	0.930714
126	1	1.02779
126	6	0.893303
126	12	0.979833
126	31	1.09017
126	38	1.0505
126	59	0.963938
126	79	1.05652
126	82	0.977841
126	88	1.06144
126	89	0.992798
126	98	1.06322
126	102	1.0173
126	109	0.954553
126	117	1.0495
126	118	1.05077
126	122	1.00047
126	127	0.998677
126	128	1.05813
126	132	1.0181
126	134	0.96009
126	145	0.961105
126	146	0.840492
126	149	1.02743
126	150	1.00928
126	152	1.03295
126	154	0.824504
126	155	1.01482
126	156	0.993953
126	160	1.0588
126	176	0.971226
127	1	1.01868
127	6	0.884196
127	14	0.867627
127	25	0.917011
127	32	1.05009
127	38	1.04139
127	78	1.08307
127	82	0.968733
127	87	1.03197
127	89	0.98369
127	91	1.08864
127	102	1.0082
127	104	0.992974
127	109	0.945446
127	110	0.976465
127	115	0.990892
127	117	1.04039
127	118	1.04166
127	122	0.991359
127	126	0.998677
127	133	1.18944
127	134	0.950982
127	136	1.02136
127	149	1.01832
127	150	1.00017
127	153	0.975493
127	155	1.00572
127	171	0.961533
127	174	0.948258
127	176	1.01299
128	8	0.978557
128	30	0.918207
128	42	0.91905
128	67	1.00824
128	75	1.268
128	101	1.0023
128	102	1.06971
128	106	0.96567
128	111	0.946316
128	112	1.1166
128	125	1.03507
128	126	1.05813
128	132	0.99017
128	133	0.945632
128	140	0.99047
128	141	0.990043
128	142	0.995764
128	147	0.987219
128	151	0.988969
128	152	1.00275
128	157	0.989683
128	160	0.988319
128	161	0.980353
128	162	0.827427
128	165	0.977177
128	167	1.0076
128	169	0.997038
128	171	0.976058
128	175	1.06323
128	178	0.999036
128	180	1.0279
129	5	1.00461
129	12	1.00506
129	18	0.94567
129	29	1.1463
129	40	1.02458
129	45	1.07205
129	54	0.976146
129	61	0.927709
129	62	1.03595
129	71	1.03194
129	77	0.936336
129	85	1.00964
129	96	0.936331
129	105	0.948023
129	106	1.2366
129	113	0.962483
129	119	1.00907
129	121	1.14163
129	123	1.0158
129	124	0.949971
129	132	0.982467
129	136	0.994827
129	154	0.932822
129	156	0.958314
129	159	0.988873
129	162	0.879452
129	166	0.909954
129	170	0.989893
129	173	0.922403
129	178	1.05106
129	180	1.07993
130	18	1.02013
130	23	1.0618
130	46	1.00116
130	89	0.973027
130	116	1.0636
130	125	0.900473
130	134	1.03946
130	140	0.990867
130	143	0.924438
130	146	1.04172
130	148	1.04176
130	152	0.983382
130	154	1.02697
130	159	0.934482
130	160	1.00923
130	161	0.991749
130	162	1.06418
130	163	1.0767
130	166	1.05543
130	168	1.09093
130	171	0.974046
130	172	1.11625
130	173	1.05211
130	174	0.962167
130	175	0.919189
130	176	0.932609
130	177	0.932472
130	178	0.941343
130	179	0.944514
130	180	0.930746
131	17	1.03345
131	18	1.02616
131	48	0.999434
131	49	1.00509
131	70	0.918905
131	79	0.985956
131	84	1.02956
131	88	0.993382
131	102	0.969878
131	108	1.07017
131	117	0.938475
131	118	0.940168
131	119	0.952507
131	121	0.989772
131	124	1.01376
131	134	1.04548
131	135	1.02824
131	137	1.02717
131	138	0.976316
131	141	1.00343
131	151	1.03221
131	153	1.02317
131	165	1.00375
131	169	0.967313
131	170	0.995634
131	174	1.02894
131	175	0.985965
131	176	0.999385
131	177	0.999248
131	178	1.00812
131	179	1.01129
131	180	0.997522
132	47	1.00825
132	53	0.977489
132	69	1.07403
132	88	0.993477
132	90	0.979407
132	96	0.982289
132	113	1.00844
132	118	1.06109
132	123	1.06176
132	124	0.995929
132	126	1.0181
132	128	0.99017
132	129	0.982467
132	134	0.97041
132	141	0.979007
132	145	0.893147
132	149	1.03775
132	150	1.0196
132	151	1.00779
132	152	0.964991
132	155	1.02514
132	159	1.03483
132	160	0.99084
132	161	0.973358
132	164	0.958815
132	174	1.02613
132	175	0.983149
132	176	0.996569
132	177	0.996431
132	178	1.0053
132	179	1.00847
132	180	0.994706
133	16	1.21014
133	28	0.926024
133	32	1.01251
133	52	0.955818
133	54	1.18727
133	64	1.0233
133	65	1.00482
133	74	0.976799
133	82	1.14032
133	111	0.911043
133	116	0.957983
133	120	0.966404
133	127	1.18944
133	128	0.945632
133	140	0.955197
133	142	0.960491
133	145	0.996611
133	147	0.951946
133	149	1.11162
133	152	0.96748
133	153	0.961323
133	157	0.95441
133	160	0.953046
133	163	0.940557
133	164	0.960138
133	165	0.941904
133	167	0.972324
133	168	0.941541
133	169	0.961765
133	171	1.0656
133	172	0.921151
133	179	1.08223
134	6	0.845608
134	37	1.10944
134	38	1.00281
134	44	0.967508
134	67	1.06885
134	78	1.12849
134	82	0.930146
134	87	0.993383
134	89	0.945103
134	94	0.962863
134	101	1.09295
134	102	0.969608
134	109	0.906858
134	117	1.00181
134	118	1.00308
134	122	0.952771
134	125	1.06596
134	126	0.96009
134	127	0.950982
134	130	1.03946
134	131	1.04548
134	132	0.97041
134	136	0.982771
134	149	0.979731
134	150	0.961586
134	155	0.967128
134	156	0.946258
134	161	1.1285
134	165	1.13926
134	173	0.901272
134	176	1.05841
134	179	1.02358
135	1	0.97798
135	27	1.05544
135	35	1.0723
135	49	0.999273
135	50	1.14372
135	51	1.00577
135	56	1.01746
135	57	1.01137
135	58	1.06693
135	64	0.997047
135	65	0.883596
135	66	1.14197
135	79	0.980137
135	80	0.988305
135	91	0.998422
135	92	1.01229
135	94	1.01788
135	98	0.975445
135	108	1.06435
135	131	1.02824
135	137	1.02135
135	138	0.970497
135	145	0.985716
135	146	0.865102
135	149	0.990396
135	152	1.05756
135	153	0.958335
135	155	1.04742
135	156	1.00127
135	158	0.995284
135	159	1.03183
135	166	0.826246
135	168	0.820313
135	176	0.995836
136	17	0.896223
136	21	1.04929
136	43	0.983124
136	55	1.01916
136	66	0.849746
136	67	0.912921
136	77	0.994655
136	85	1.06796
136	87	1.06376
136	88	0.992694
136	103	1.06798
136	105	1.00634
136	109	0.977234
136	123	1.07412
136	124	1.00829
136	127	1.02136
136	129	0.994827
136	134	0.982771
136	144	0.941795
136	147	0.973869
136	149	1.05011
136	150	1.03196
136	155	1.0375
136	157	0.981573
136	158	1.00021
136	165	0.983335
136	167	0.941809
136	174	1.03849
136	175	0.995509
136	176	1.00893
136	177	1.00879
136	178	1.01766
136	179	1.02083
136	180	1.00707
137	21	1.07923
137	35	1.07123
137	36	1.07824
137	44	0.941556
137	49	0.998205
137	51	1.0047
137	56	1.01639
137	57	1.0103
137	58	1.06586
137	65	0.82018
137	66	1.1409
137	71	1.03691
137	76	0.886376
137	79	0.979069
137	80	0.987238
137	81	0.985916
137	91	0.997354
137	92	1.01123
137	98	0.974378
137	105	1.07382
137	108	1.06329
137	112	1.0215
137	125	0.939967
137	131	1.02717
137	135	1.02135
137	138	0.969429
137	153	0.894918
137	156	1.0002
137	158	0.994216
137	159	1.03076
137	161	1.00251
137	165	1.01327
137	176	0.93242
137	180	0.932803
138	3	0.963677
138	9	0.987896
138	19	1.08501
138	35	1.02038
138	49	0.94735
138	51	0.953845
138	56	0.965539
138	57	0.959449
138	58	1.01501
138	66	1.09005
138	71	0.986051
138	79	0.928215
138	80	0.936383
138	81	1.08165
138	82	1.05142
138	83	0.964777
138	88	1.11837
138	91	0.9465
138	92	0.960371
138	94	0.965953
138	98	0.923523
138	107	1.11599
138	108	1.01243
138	112	1.11724
138	131	0.976316
138	135	0.970497
138	137	0.969429
138	156	0.949347
138	158	0.943362
138	159	0.979906
138	167	1.06748
138	176	1.02816
138	179	0.993327
138	180	1.02854
139	10	0.863172
139	20	0.957683
139	24	0.993872
139	27	0.959524
