1	5	1.25097
1	32	1.36116
1	34	0.484776
1	45	1.48814
1	95	1.31103
1	132	1.37804
1	145	0.495622
1	156	0.467587
1	163	0.480783
1	172	1.39436
1	174	0.474322
1	179	1.4179
2	84	0.526006
2	110	0.460917
2	129	0.462672
2	144	1.40768
2	150	0.473579
2	155	1.33452
2	163	1.36406
2	170	1.38565
2	173	1.37047
2	174	1.364
2	177	0.472075
2	180	1.37322
3	32	1.33008
3	68	1.45702
3	87	0.500506
3	130	1.34588
3	132	1.34697
3	134	0.505579
3	144	0.458721
3	166	1.37021
3	168	0.468398
3	172	1.36329
3	176	0.472169
3	179	1.38683
4	48	0.641266
4	132	0.580312
4	151	0.59177
4	159	1.18396
4	164	0.586204
4	165	1.20764
4	166	1.19641
4	170	1.21307
4	171	1.20845
4	173	1.19789
4	174	1.19142
4	180	1.20064
5	1	1.25097
5	29	0.55166
5	69	1.28617
5	96	1.19293
5	102	0.64059
5	111	0.576416
5	130	1.15733
5	132	1.15841
5	140	0.633949
5	166	1.18165
5	172	1.17473
5	179	1.19827
6	11	0.660762
6	22	1.16628
6	30	1.18155
6	74	0.62119
6	110	1.23096
6	134	1.15679
6	152	1.18996
6	153	1.24871
6	161	1.23114
6	164	1.19514
6	178	0.564391
6	179	0.555797
7	22	0.50576
7	36	1.32718
7	77	0.465075
7	119	0.453501
7	147	1.37781
7	149	1.38956
7	159	1.36145
7	162	0.485993
7	164	0.481667
7	170	1.39055
7	173	1.37537
7	180	1.37812
8	65	0.431833
8	107	0.476484
8	109	1.29237
8	134	0.52231
8	154	1.40168
8	165	1.38762
8	167	0.489008
8	171	1.38843
8	173	1.37787
8	174	1.3714
8	179	0.477675
8	180	1.38061
9	12	0.45436
9	62	1.32887
9	78	1.37294
9	94	0.514818
9	138	1.35374
9	146	0.471519
9	155	0.499956
9	166	1.39236
9	168	0.458409
9	169	1.37652
9	172	1.38543
9	178	1.3901
10	29	1.50694
10	36	0.504051
10	54	1.35338
10	113	1.32391
10	133	1.37373
10	154	0.476153
10	160	1.34498
10	166	0.469933
10	172	0.480153
10	175	1.34223
10	177	1.35476
10	180	0.476583
11	6	0.660762
11	34	1.17072
11	55	0.590235
11	88	1.14459
11	111	1.28182
11	116	0.566465
11	160	1.19252
11	167	1.20296
11	168	1.21571
11	170	0.580096
11	175	1.18977
11	177	1.2023
12	9	0.45436
12	27	1.34454
12	75	0.477349
12	131	1.43759
12	139	1.33947
12	141	0.482617
12	159	1.35616
12	164	0.495339
12	170	1.38526
12	174	1.36362
12	179	0.486885
12	180	1.37283
13	75	1.38978
13	97	0.494973
13	116	1.38281
13	124	0.46312
13	125	1.42319
13	137	1.36143
13	138	1.31504
13	161	1.38183
13	168	0.490438
13	170	0.474636
13	171	0.477669
13	172	1.34673
14	65	1.4471
14	76	0.472991
14	78	0.496567
14	119	1.39418
14	146	1.34305
14	152	1.33964
14	156	1.35079
14	161	1.38082
14	164	1.34482
14	172	0.479947
14	177	0.475296
14	178	0.476877
15	39	1.1798
15	52	1.22285
15	56	1.2273
15	80	1.21848
15	83	1.19989
15	93	1.141
15	117	0.575577
15	127	1.18365
15	139	0.605947
15	169	0.609692
15	173	0.611932
15	179	1.22727
16	34	0.614069
16	67	1.12975
16	73	1.24124
16	100	1.18799
16	106	1.23653
16	125	1.25599
16	128	1.15832
16	137	1.19422
16	169	0.599852
16	170	0.58581
16	176	1.196
16	178	0.602752
17	56	0.475761
17	105	0.469592
17	126	0.446621
17	128	1.3427
17	134	0.511712
17	137	1.3786
17	146	0.487641
17	171	1.38287
17	173	1.37231
17	175	1.36774
17	177	1.38027
17	180	1.37506
18	39	1.34665
18	55	1.38586
18	56	1.39415
18	94	1.29802
18	114	0.496794
18	126	1.4314
18	127	1.35051
18	138	0.48789
18	144	0.460131
18	175	0.48329
18	176	0.473579
18	179	1.39412
19	27	0.550406
19	30	1.25946
19	46	1.3493
19	75	1.31701
19	77	1.30094
19	105	1.31267
19	150	0.518625
19	156	1.27902
19	158	0.500973
19	161	1.30906
19	164	1.27306
19	168	0.517562
19	180	0.518203
20	23	0.524741
20	28	0.520097
20	35	1.27001
20	67	0.529711
20	95	1.20797
20	148	1.33761
20	151	0.508785
20	158	1.34152
20	160	0.513119
20	161	1.3264
20	173	1.29971
20	179	1.31484
20	180	1.30246
21	47	1.39443
21	64	1.45068
21	67	1.45392
21	121	0.437199
21	123	0.451512
21	125	1.58016
21	128	1.48249
21	137	1.51839
21	155	0.454347
21	159	0.433211
21	169	0.411039
21	176	1.52017
21	180	0.413441
22	6	1.16628
22	7	0.50576
22	44	0.599507
22	75	1.3314
22	105	1.32706
22	119	1.33681
22	131	0.477559
22	133	0.497544
22	148	1.33467
22	156	1.29342
22	161	1.32345
22	164	1.28745
22	178	0.52462
23	20	0.524741
23	48	1.21442
23	81	1.27641
23	85	1.34516
23	115	0.535183
23	117	0.485035
23	125	0.492309
23	133	1.33053
23	136	1.31008
23	155	0.562457
23	167	1.31223
23	177	1.31156
23	178	1.29987
24	101	1.28654
24	125	0.503142
24	141	1.33324
24	154	0.531953
24	157	1.32726
24	168	1.31123
24	169	1.27255
24	170	0.51594
24	171	0.518973
24	174	0.533745
24	175	1.28529
24	177	1.29782
24	178	1.28612
25	88	0.572452
25	111	0.473045
25	131	1.36283
25	141	0.517295
25	142	1.30957
25	155	1.25937
25	157	0.514873
25	159	1.2814
25	166	1.29384
25	171	1.30588
25	174	1.28886
25	179	0.521563
25	180	1.29807
26	135	1.30419
26	144	1.33187
26	155	1.25871
26	162	0.522494
26	164	0.518168
26	165	1.30441
26	169	0.515407
26	170	1.30983
26	171	1.30522
26	174	1.28819
26	175	0.53065
26	179	0.509713
26	180	1.2974
27	12	1.34454
27	19	0.550406
27	47	1.19171
27	49	0.491703
27	115	1.28612
27	119	0.504065
27	126	0.503321
27	137	1.31568
27	160	0.542131
27	171	1.31995
27	178	1.30565
27	179	1.32452
27	180	1.31214
28	20	0.520097
28	118	0.492096
28	123	1.26889
28	134	0.553447
28	143	1.29553
28	157	1.33617
28	160	1.29696
28	168	1.32015
28	169	1.28147
28	174	0.518268
28	175	1.29421
28	177	1.30674
28	180	0.516907
29	5	0.55166
29	10	1.50694
29	68	0.381546
29	108	1.40096
29	146	0.430769
29	162	1.4786
29	167	1.50369
29	168	1.51644
29	170	0.401857
29	173	0.418139
29	175	1.49049
29	177	1.50302
29	180	0.4183
30	6	1.18155
30	19	1.25946
30	49	1.36129
30	64	0.532509
30	75	1.34667
30	119	1.35208
30	128	0.531259
30	156	1.30868
30	162	1.29556
30	166	0.511832
30	169	1.29471
30	171	0.505073
30	174	0.519844
31	67	0.54861
31	86	0.493321
31	131	1.3608
31	142	1.30754
31	155	1.25734
31	168	0.521117
31	170	1.30847
31	173	1.29329
31	174	1.28683
31	177	0.520676
31	178	1.28955
31	179	0.513663
31	180	1.29604
32	1	1.36116
32	3	1.33008
32	45	1.37869
32	95	1.20159
32	102	0.532782
32	106	0.505799
32	121	0.54898
32	130	1.26751
32	132	1.2686
32	142	0.508471
32	170	0.508778
32	172	1.28492
32	179	1.30845
33	59	0.447131
33	85	0.424007
33	105	0.42877
33	141	0.421987
33	145	1.43094
33	154	1.51102
33	160	0.44461
33	170	1.50239
33	171	1.49777
33	173	1.48721
33	174	1.48074
33	179	0.426254
33	180	1.48996
34	1	0.484776
34	11	1.17072
34	16	0.614069
34	107	1.34059
34	135	0.503982
34	150	1.33031
34	153	0.486257
34	163	1.3049
34	167	1.31993
34	175	1.30674
34	177	1.31927
34	178	1.30757
34	180	0.511485
35	20	1.27001
35	49	1.35449
35	63	0.561597
35	103	0.467731
35	122	1.29412
35	134	1.25757
35	146	1.29415
35	148	1.34314
35	152	1.29074
35	164	1.29592
35	168	0.526456
35	171	0.513687
35	176	0.530227
36	7	1.32718
36	10	0.504051
36	59	0.539918
36	118	0.502326
36	129	0.516652
36	147	1.28918
36	158	1.32856
36	162	0.531822
36	165	1.29649
36	170	1.30192
36	173	1.28674
36	174	1.28027
36	180	1.28949
37	53	0.529221
37	78	1.28044
37	107	1.33062
37	138	1.26125
37	142	0.509434
37	148	1.33925
37	164	1.29203
37	165	0.53407
37	169	1.28402
37	170	0.509742
37	173	0.526024
37	175	1.29677
37	179	1.31647
38	65	1.23177
38	103	0.605245
38	143	0.668198
38	147	0.659855
38	148	1.17671
38	152	1.12431
38	153	1.18306
38	156	1.13545
38	161	1.16549
38	162	1.12233
38	163	1.13239
38	164	1.12949
38	176	0.667741
39	15	1.1798
39	18	1.34665
39	70	1.38491
39	80	1.30893
39	82	1.28614
39	96	0.503293
39	98	1.30045
39	127	1.27411
39	144	0.516481
39	172	0.530368
39	176	0.529929
39	177	0.525717
39	179	1.31772
40	64	0.565682
40	120	1.19865
40	128	0.564431
40	139	1.22005
40	154	1.27448
40	159	1.23674
40	160	0.561915
40	164	0.552014
40	165	1.26041
40	171	1.26122
40	173	1.25066
40	174	1.2442
40	177	0.550573
40	180	1.25341
41	49	1.4391
41	76	0.457849
41	85	0.450893
41	102	1.33677
41	118	1.41732
41	119	1.42988
41	123	0.499306
41	135	0.453733
41	152	1.37535
41	153	1.43409
41	156	1.38649
41	164	1.38052
41	175	0.474077
41	176	0.464366
42	78	1.3918
42	84	1.33705
42	89	1.45537
42	99	0.475497
42	124	0.444507
42	138	1.3726
42	143	0.476053
42	153	0.447239
42	162	1.39623
42	165	0.480352
42	166	1.41121
42	177	0.471384
42	178	1.40895
42	179	1.42783
43	64	1.18251
43	67	1.18575
43	99	1.24082
43	106	1.29253
43	110	1.27045
43	125	1.312
43	128	1.21433
43	131	0.525552
43	137	1.25023
43	163	0.579937
43	170	0.555671
43	174	0.573476
43	176	1.252
43	178	0.572613
44	22	0.599507
44	65	0.521118
44	107	1.26433
44	143	1.2318
44	148	0.551079
44	150	1.25404
44	158	0.557824
44	160	1.23322
44	161	0.567985
44	167	1.24367
44	168	1.25641
44	175	1.23047
44	176	1.24311
44	177	1.243
45	1	1.48814
45	32	1.37869
45	84	1.34465
45	95	1.32856
45	130	1.39449
45	135	0.458247
45	146	0.478219
45	147	0.460993
45	163	0.473572
45	166	1.41882
45	172	1.4119
45	173	0.465589
45	176	0.46888
45	179	1.43543
46	19	1.3493
46	48	0.516289
46	77	1.42043
46	118	1.42935
46	122	1.39075
46	146	1.39078
46	147	0.456111
46	156	1.39852
46	158	0.443637
46	161	1.42855
46	164	1.39255
46	167	0.464105
46	176	0.463997
46	178	0.461366
47	21	1.39443
47	27	1.19171
47	64	1.15583
47	73	1.27056
47	106	1.26585
47	117	0.53256
47	125	1.28531
47	128	1.18764
47	137	1.22354
47	139	0.56293
47	172	0.572645
47	176	1.22532
47	178	0.569574
47	180	0.569076
48	4	0.641266
48	23	1.21442
48	46	0.516289
48	121	1.24146
48	123	1.21586
48	133	1.27267
48	135	0.547588
48	137	0.54694
48	163	1.23934
48	166	0.54844
48	167	1.25436
48	168	1.26711
48	175	1.24117
48	177	1.2537
49	27	0.491703
49	30	1.36129
49	35	1.35449
49	41	1.4391
49	105	1.4145
49	148	1.4221
49	152	1.36971
49	153	1.42846
49	160	0.469761
49	161	1.41089
49	172	0.46307
49	173	0.45934
49	177	0.458418
49	180	0.4595
50	69	1.50036
50	86	1.45332
50	95	1.30559
50	117	0.432825
50	130	1.37152
50	132	1.3726
50	138	0.486783
50	154	0.468911
50	163	0.477164
50	166	1.39585
50	172	1.38892
50	173	0.46918
50	176	0.472471
50	179	1.41246
51	73	0.498442
51	107	0.504463
51	111	0.457135
51	117	1.37082
51	155	1.29595
51	161	0.506678
51	162	0.518434
51	166	1.33042
51	169	0.511347
51	171	1.34246
51	173	1.3319
51	174	1.32543
51	176	1.33996
51	178	1.32816
51	180	1.33465
52	15	1.22285
52	55	1.35251
52	80	1.35198
52	83	1.33339
52	93	1.2745
52	98	1.3435
52	102	0.512855
52	126	1.39805
52	129	1.36159
52	143	0.508881
52	153	0.480066
52	170	0.488851
52	174	0.506655
52	178	0.505792
52	179	1.36077
53	37	0.529221
53	61	0.462624
53	80	0.511446
53	124	0.474746
53	139	1.29741
53	142	1.34226
53	149	1.34221
53	158	1.36984
53	159	1.3141
53	160	0.512965
53	170	1.3432
53	171	1.33858
53	174	1.32155
53	177	0.501623
53	180	1.33077
54	10	1.35338
54	79	0.459573
54	104	1.36433
54	108	1.2474
54	123	1.31162
54	159	0.530323
54	161	0.503483
54	168	1.36288
54	169	1.32419
54	170	0.49411
54	175	1.33694
54	176	1.34957
54	177	1.34947
54	179	0.502458
54	180	0.510553
55	11	0.590235
55	18	1.38586
55	52	1.35251
55	82	1.32535
55	93	1.27066
55	94	1.26083
55	96	0.469859
55	98	1.33966
55	126	1.39421
55	127	1.31332
55	142	0.476614
55	144	0.483047
55	174	0.494726
55	178	0.493863
55	179	1.35694
56	15	1.2273
56	17	0.475761
56	18	1.39415
56	82	1.33364
56	83	1.33784
56	94	1.26912
56	98	1.34795
56	102	0.50782
56	126	1.4025
56	127	1.32161
56	167	0.503497
56	175	0.5131
56	176	0.503389
56	178	0.500757
56	179	1.36523
57	105	1.35598
57	118	1.35317
57	119	1.36573
57	139	0.495571
57	146	1.3146
57	149	0.490497
57	152	1.31119
57	156	1.32233
57	161	1.35237
57	164	1.31637
57	165	0.509602
57	169	1.30836
57	172	0.505286
57	176	0.504847
57	178	0.502215
58	63	0.529695
58	80	1.32723
58	85	0.484852
58	101	0.50939
58	106	1.36948
58	126	1.3733
58	128	1.29128
58	133	0.468618
58	149	1.33508
58	169	0.492793
58	174	1.31442
58	175	0.508036
58	176	1.32895
58	179	1.33602
58	180	1.32364
59	33	0.447131
59	36	0.539918
59	72	0.502596
59	118	1.35438
59	122	1.31578
59	124	0.484492
59	129	1.34285
59	146	1.31581
59	148	1.3648
59	152	1.3124
59	156	1.32355
59	161	1.35358
59	164	1.31758
59	167	0.515689
59	178	0.512949
60	84	0.54274
60	90	1.36545
60	123	0.527962
60	126	0.461341
60	135	1.32861
60	142	1.33332
60	158	1.36089
60	164	0.49025
60	165	1.32883
60	169	0.487489
60	171	1.32964
60	173	1.31908
60	174	1.31261
60	179	0.481796
60	180	1.32182
61	53	0.462624
61	131	0.413025
61	134	1.37769
61	146	1.41426
61	148	1.46325
61	151	0.465514
61	152	1.41086
61	153	1.46961
61	155	0.500494
61	156	1.422
61	158	0.442357
61	163	1.41894
61	164	1.41604
61	169	1.40803
61	176	0.462718
61	178	0.460086
62	9	1.32887
62	87	0.5653
62	89	1.31264
62	91	1.31984
62	96	0.510328
62	115	1.2467
62	116	1.29764
62	132	0.528301
62	138	1.22987
62	169	1.25265
62	172	1.26156
62	173	0.533672
62	176	0.536963
62	177	0.532751
62	178	1.26622
62	179	1.2851
63	35	0.561597
63	58	0.529695
63	88	1.22218
63	104	1.29475
63	111	1.35941
63	114	1.24925
63	135	0.526667
63	150	1.29093
63	151	1.25926
63	157	1.30932
63	166	0.527519
63	171	0.520759
63	172	0.537739
63	175	1.26736
63	177	1.27989
63	178	1.26819
64	21	1.45068
64	30	0.532509
64	40	0.565682
64	43	1.18251
64	47	1.15583
64	67	1.21532
64	71	0.530202
64	73	1.32681
64	106	1.3221
64	113	0.533027
64	125	1.34156
64	128	1.24389
64	137	1.27979
64	151	0.519622
64	163	0.521518
64	176	1.28157
65	8	0.431833
65	14	1.4471
65	38	1.23177
65	44	0.521118
65	70	1.51022
65	104	0.446568
65	122	1.4168
65	138	0.463174
65	148	1.46581
65	152	1.41342
65	153	1.47217
65	156	1.42456
65	164	1.4186
65	165	0.453618
65	166	0.439082
65	178	0.446231
66	78	0.549603
66	87	1.21874
66	101	0.54361
66	120	1.2328
66	128	0.542191
66	133	0.502837
66	158	1.32663
66	165	1.29457
66	169	0.527013
66	170	1.3
66	171	1.29538
66	173	1.28482
66	174	1.27835
66	177	0.528332
66	178	1.28107
66	180	1.28756
67	16	1.12975
67	20	0.529711
67	21	1.45392
67	31	0.54861
67	43	1.18575
67	64	1.21532
67	73	1.33006
67	102	0.534082
67	106	1.32534
67	125	1.3448
67	128	1.24713
67	137	1.28304
67	150	0.526943
67	163	0.534343
67	172	0.53009
67	176	1.28481
68	3	1.45702
68	29	0.381546
68	69	1.52328
68	95	1.32852
68	108	0.515351
68	121	0.486673
68	129	1.43621
68	130	1.39444
68	132	1.39553
68	157	0.44813
68	161	0.455845
68	166	1.41877
68	171	0.449505
68	172	1.41185
68	178	0.463413
68	179	1.43539
69	5	1.28617
69	50	1.50036
69	68	1.52328
69	92	0.481366
69	95	1.34623
69	120	0.473536
69	121	0.456319
69	130	1.41215
69	132	1.41324
69	152	0.450819
69	154	0.43213
69	155	0.473466
69	166	1.43648
69	172	1.42956
69	176	0.43569
69	179	1.4531
70	39	1.38491
70	65	1.51022
70	89	0.431319
70	101	0.468406
70	104	0.455046
70	114	0.480556
70	122	1.40614
70	127	1.38877
70	132	0.448678
70	164	1.40794
70	168	0.45357
70	170	1.43243
70	173	1.41725
70	177	0.453128
70	179	1.43238
70	180	1.42
71	64	0.530202
71	74	0.573473
71	95	0.55463
71	116	0.486102
71	138	0.533617
71	144	1.30727
71	147	1.27249
71	149	1.28424
71	158	1.31187
71	159	1.25613
71	165	1.2798
71	167	0.519414
71	170	1.28523
71	174	1.26358
71	178	1.26631
71	180	1.2728
72	59	0.502596
72	89	0.466923
72	120	1.30654
72	137	0.481664
72	138	0.507256
72	141	0.477452
72	144	1.39577
72	153	0.464587
72	159	1.34463
72	165	1.3683
72	167	0.493053
72	170	1.37373
72	171	1.36911
72	173	1.35855
72	176	1.36662
72	178	1.35481
72	180	1.3613
73	16	1.24124
73	47	1.27056
73	51	0.498442
73	64	1.32681
73	67	1.33006
73	100	1.3883
73	106	1.43684
73	118	0.459553
73	125	1.4563
73	128	1.35863
73	137	1.39453
73	160	0.494623
73	166	0.477712
73	167	0.487601
73	173	0.484202
73	175	0.497205
73	176	1.3963
74	6	0.62119
74	71	0.573473
74	96	0.533461
74	112	1.21895
74	136	1.23678
74	143	1.22706
74	144	0.546649
74	150	1.24931
74	151	1.21764
74	156	0.551593
74	157	1.2677
74	159	0.576737
74	160	1.22849
74	167	1.23893
74	168	1.25168
74	175	1.22574
74	177	1.23827
75	12	0.477349
75	13	1.38978
75	19	1.31701
75	22	1.3314
75	30	1.34667
75	96	1.37937
75	136	0.484341
75	146	1.35849
75	151	0.487965
75	152	1.35509
75	156	1.36623
75	159	0.501809
75	161	1.39626
75	164	1.36027
75	172	0.485608
75	176	0.485169
75	178	0.482538
76	14	0.472991
76	41	0.457849
76	107	0.486997
76	113	0.515613
76	131	1.41895
76	140	1.32765
76	147	1.35388
76	154	1.37526
76	157	0.481497
76	161	0.489213
76	169	0.493881
76	170	1.36662
76	173	1.35144
76	174	1.34498
76	176	1.35951
76	178	1.3477
76	180	1.35419
77	7	0.465075
77	19	1.30094
77	46	1.42043
77	92	0.532242
77	101	0.497632
77	116	0.453362
77	118	1.38099
77	134	1.30585
77	135	0.475934
77	146	1.34242
77	148	1.39141
77	151	0.489362
77	153	1.39776
77	161	1.38019
77	164	1.34419
77	169	1.33618
77	174	0.484798
78	9	1.37294
78	14	0.496567
78	37	1.28044
78	42	1.3918
78	66	0.549603
78	90	0.492327
78	92	1.23673
78	107	0.510572
78	110	0.507618
78	115	1.29076
78	138	1.27394
78	163	0.52768
78	166	1.31255
78	169	1.29672
78	172	1.30563
78	173	0.519697
78	178	1.31029
78	179	1.32916
79	54	0.459573
79	89	1.47868
79	91	1.48588
79	102	0.456249
79	115	1.41273
79	116	1.46368
79	134	0.485229
79	138	1.39591
79	157	0.433903
79	158	0.431458
79	165	0.456574
79	166	1.43452
79	168	0.448047
79	169	1.41869
79	170	0.432245
79	172	1.4276
79	178	1.43226
79	179	1.45113
80	15	1.21848
80	39	1.30893
80	52	1.35198
80	53	0.511446
80	58	1.32723
80	81	0.528016
80	82	1.32482
80	83	1.32902
80	93	1.27013
80	94	1.2603
80	98	1.33913
80	102	0.515971
80	127	1.31279
80	162	0.513096
80	163	0.516233
80	176	0.511541
80	178	0.508909
80	179	1.3564
81	23	1.27641
81	80	0.528016
81	104	1.33056
81	105	0.513695
81	114	1.28506
81	121	1.30346
81	124	1.35479
81	139	0.513129
81	151	1.29506
81	158	0.502044
81	162	1.29127
81	164	0.519634
81	168	1.3291
81	171	0.505865
81	175	1.30316
81	176	1.3158
81	177	1.31569
81	180	0.519275
82	39	1.28614
82	55	1.32535
82	56	1.33364
82	80	1.32482
82	84	0.555696
82	93	1.24734
82	94	1.23751
82	97	0.506741
82	98	1.31634
82	114	0.529192
82	126	1.37089
82	127	1.28999
82	129	1.33443
82	162	0.507532
82	165	0.510732
82	170	0.486404
82	173	0.502686
82	179	1.33361
83	15	1.19989
83	52	1.33339
83	56	1.33784
83	80	1.32902
83	86	1.37867
83	93	1.25154
83	94	1.24171
83	98	1.32054
83	126	1.37509
83	127	1.29419
83	128	0.52685
83	147	0.509318
83	166	0.507423
83	167	0.517312
83	169	0.511672
83	174	0.515435
83	178	0.514572
83	179	1.33781
84	2	0.526006
84	42	1.33705
84	45	1.34465
84	60	0.54274
84	82	0.555696
84	105	1.28959
84	119	1.29933
84	130	1.23347
84	132	1.23456
84	134	1.21163
84	138	1.21919
84	142	0.535768
84	164	1.24997
84	171	0.539108
84	172	1.25088
84	177	0.551436
84	178	1.25554
84	179	1.27442
84	180	0.552518
85	23	1.34516
85	33	0.424007
85	41	0.450893
85	58	0.484852
85	114	1.3538
85	123	1.34659
85	124	1.42353
85	133	1.4034
85	142	0.472576
85	147	0.48457
85	152	0.507585
85	157	1.41387
85	160	1.37466
85	167	1.3851
85	168	1.39785
85	174	0.490688
85	175	1.37191
85	177	1.38443
85	180	0.489327
86	31	0.493321
86	50	1.45332
86	83	1.37867
86	93	1.31978
86	94	1.30995
86	115	0.484863
86	118	0.446421
86	126	1.44333
86	128	1.36131
86	130	1.36511
86	132	1.3662
86	137	1.39721
86	151	0.477157
86	159	0.491002
86	161	0.464162
86	169	0.46883
86	176	1.39898
86	179	1.40605
86	180	0.471231
87	3	0.500506
87	62	0.5653
87	66	1.21874
87	98	0.530284
87	115	0.544768
87	123	0.569207
87	127	0.5525
87	144	1.30608
87	147	1.2713
87	155	1.23291
87	165	1.27861
87	170	1.28404
87	171	1.27942
87	172	1.26045
87	173	1.26886
87	174	1.26239
87	177	0.530054
87	178	1.26512
87	180	1.27161
88	11	1.14459
88	25	0.572452
88	63	1.22218
88	105	0.536883
88	113	1.26229
88	123	1.25529
88	143	1.28193
88	148	0.518488
88	150	1.30418
88	151	1.27251
88	152	0.560721
88	160	1.28336
88	167	1.2938
88	168	1.30655
88	171	0.529053
88	172	0.546032
88	175	1.28061
88	177	1.29314
88	179	0.534368
89	42	1.45537
89	62	1.31264
89	70	0.431319
89	72	0.466923
89	79	1.47868
89	100	0.489569
89	115	1.35434
89	116	1.40528
89	123	0.514848
89	138	1.33751
89	162	1.36114
89	163	0.4846
89	169	1.36029
89	171	0.463368
89	172	1.3692
89	176	0.479908
89	178	1.37386
89	179	1.39274
89	180	0.476777
90	60	1.36545
90	78	0.492327
90	136	0.47444
90	139	1.3507
90	142	1.39555
90	152	0.490396
90	155	1.34536
90	156	0.466765
90	158	1.42313
90	161	0.465068
90	165	1.39106
90	169	0.469736
90	170	1.39649
90	171	1.39187
90	173	1.38131
90	174	1.37484
90	177	0.471056
90	179	0.464043
90	180	1.38406
91	62	1.31984
91	79	1.48588
91	115	1.36154
91	116	1.41249
91	122	0.478185
91	132	0.466635
91	138	1.34471
91	144	0.46185
91	145	0.494829
91	154	0.471737
91	162	1.36834
91	163	0.47999
91	165	0.480053
91	166	1.38333
91	169	1.36749
91	172	1.3764
91	177	0.471085
91	178	1.38107
91	179	1.39994
92	69	0.481366
92	77	0.532242
92	78	1.23673
92	120	0.58945
92	125	1.32569
92	128	1.22802
92	136	1.2641
92	137	1.26392
92	140	0.549394
92	145	0.571136
92	157	1.29502
92	164	0.548834
92	168	1.279
92	170	0.532031
92	172	1.24922
92	176	1.26569
92	177	1.26558
92	178	1.25389
92	179	1.27276
93	15	1.141
93	52	1.2745
93	55	1.27066
93	80	1.27013
93	82	1.24734
93	83	1.25154
93	86	1.31978
93	99	1.26067
93	103	1.33448
93	109	0.588656
93	112	0.551607
93	126	1.3162
93	127	1.23531
93	170	0.522547
93	171	0.52558
93	176	0.54212
93	178	0.539489
93	179	1.27893
93	180	0.53899
94	9	0.514818
94	18	1.29802
94	55	1.26083
94	56	1.26912
94	80	1.2603
94	82	1.23751
94	83	1.24171
94	86	1.30995
94	96	0.531932
94	98	1.25182
94	126	1.30637
94	127	1.22548
94	129	1.26991
94	132	0.549905
94	151	0.561364
94	157	0.540652
94	163	0.56326
94	171	0.542028
94	179	1.26909
95	1	1.31103
95	20	1.20797
95	32	1.20159
95	45	1.32856
95	50	1.30559
95	68	1.32852
95	69	1.34623
95	71	0.55463
95	130	1.21739
95	132	1.21847
95	146	0.550593
95	147	0.533367
95	166	1.24171
95	169	0.535722
95	172	1.23479
95	175	0.550965
95	178	0.538622
95	179	1.25833
95	180	0.538123
96	5	1.19293
96	39	0.503293
96	55	0.469859
96	62	0.510328
96	74	0.533461
96	75	1.37937
96	94	0.531932
96	104	0.476999
96	128	0.48894
96	130	1.31892
96	132	1.32
96	146	1.33365
96	151	0.482089
96	161	1.37142
96	163	1.33832
96	171	1.35529
96	173	1.34473
96	174	1.33826
96	179	1.35986
96	180	1.34748
97	13	0.494973
97	82	0.506741
97	108	1.23901
97	116	0.473489
97	123	1.30323
97	124	1.38017
97	128	0.516339
97	133	1.36004
97	143	1.32987
97	151	1.32044
97	152	0.521822
97	157	1.37051
97	160	1.33129
97	167	1.34174
97	168	1.35448
97	170	0.48712
97	173	0.503402
97	175	1.32854
97	177	1.34107
97	179	0.495468
98	39	1.30045
98	52	1.3435
98	55	1.33966
98	56	1.34795
98	80	1.33913
98	82	1.31634
98	83	1.32054
98	87	0.530284
98	94	1.25182
98	103	1.40348
98	110	0.486576
98	121	0.522575
98	126	1.3852
98	127	1.30431
98	154	0.498386
98	158	0.481586
98	171	0.485406
98	176	0.501946
98	178	0.499315
98	179	1.34792
99	42	0.475497
99	43	1.24082
99	93	1.26067
99	106	1.3804
99	125	1.39987
99	126	1.38422
99	127	1.30333
99	136	1.33828
99	137	1.3381
99	138	0.520141
99	149	0.49148
99	165	0.510585
99	166	0.496049
99	167	1.34043
99	172	0.506269
99	174	0.504061
99	175	1.32724
99	177	1.33976
99	179	1.34694
99	180	0.5027
100	16	1.18799
100	73	1.3883
100	89	0.489569
100	106	1.38358
100	118	0.48765
100	121	1.33071
100	126	0.483911
100	130	0.520264
100	137	1.34128
100	146	0.52493
100	148	0.488486
100	149	1.34918
100	153	0.487233
100	156	0.507088
100	160	1.33317
100	167	1.34361
100	171	1.34555
100	174	1.32852
100	175	1.33042
100	180	1.33774
101	24	1.28654
101	58	0.50939
101	66	0.54361
101	70	0.468406
101	77	0.497632
101	104	1.35443
101	112	1.32025
101	124	1.37866
101	131	0.467302
101	143	1.32836
101	144	0.503547
101	160	1.32979
101	167	1.34023
101	168	1.35298
101	169	1.31429
101	171	0.500455
101	174	0.515226
101	175	1.32704
101	177	1.33957
101	178	1.32787
102	5	0.64059
102	32	0.532782
102	41	1.33677
102	52	0.512855
102	56	0.50782
102	67	0.534082
102	79	0.456249
102	80	0.515971
102	122	1.27076
102	141	1.32524
102	146	1.27078
102	156	1.27852
102	165	1.29162
102	168	1.30323
102	170	1.29704
102	171	1.29243
102	173	1.28187
102	175	1.27729
102	177	1.28982
102	179	0.499135
102	180	1.28461
103	35	0.467731
103	38	0.605245
103	93	1.33448
103	98	1.40348
103	113	0.459634
103	116	1.4333
103	121	0.464061
103	126	1.45803
103	129	1.42157
103	130	1.37981
103	132	1.38089
103	138	1.36552
103	143	0.44389
103	147	0.435547
103	154	0.439873
103	163	0.448125
103	166	1.40414
103	172	1.39721
103	178	1.40188
103	179	1.42075
103	180	0.440303
104	54	1.36433
104	63	1.29475
104	65	0.446568
104	70	0.455046
104	81	1.33056
104	96	0.476999
104	101	1.35443
104	107	1.38704
104	113	1.33486
104	114	1.33508
104	124	1.4048
104	131	0.453941
104	136	1.36422
104	140	0.501424
104	145	0.523166
104	151	1.34508
104	155	0.541411
104	165	0.50839
104	167	1.36637
104	175	1.35318
104	177	1.36571
104	180	0.500504
105	17	0.469592
105	19	1.31267
105	22	1.32706
105	33	0.42877
105	49	1.4145
105	57	1.35598
105	81	0.513695
105	84	1.28959
105	88	0.536883
105	134	1.31758
105	141	0.481727
105	146	1.35415
105	148	1.40314
105	152	1.35075
105	153	1.4095
105	156	1.36189
105	159	0.51386
105	164	1.35593
105	169	1.34792
105	170	0.477646
105	178	0.494588
105	179	0.485994
106	16	1.23653
106	32	0.505799
106	43	1.29253
106	47	1.26585
106	58	1.36948
106	64	1.3221
106	67	1.32534
106	73	1.43684
106	99	1.3804
106	100	1.38358
106	125	1.45158
106	128	1.35391
106	133	0.45367
106	134	0.516787
106	137	1.38982
106	159	0.500017
106	160	0.490507
106	162	0.484933
106	163	0.488069
106	168	0.479606
106	176	1.39159
106	178	0.480746
107	8	0.476484
107	34	1.34059
107	37	1.33062
107	44	1.26433
107	51	0.504463
107	76	0.486997
107	78	0.510572
107	104	1.38704
107	112	1.35285
107	121	1.35993
107	123	1.33432
107	124	1.41127
107	125	0.461142
107	145	0.513045
107	148	0.466408
107	151	1.35154
107	160	1.36239
107	165	0.498269
107	167	1.37283
107	177	1.37217
107	178	1.36047
107	179	0.482289
108	29	1.40096
108	54	1.2474
108	68	0.515351
108	97	1.23901
108	112	1.22946
108	123	1.21093
108	132	0.546573
108	133	1.26774
108	134	0.588646
108	135	0.544603
108	136	1.24729
108	138	0.569547
108	139	0.54596
108	141	1.28419
108	143	1.23757
108	149	0.540886
108	160	1.239
108	167	1.24944
108	168	1.26219
108	175	1.23625
108	177	1.24878
108	180	0.552106
109	8	1.29237
109	93	0.588656
109	113	0.568666
109	119	0.521528
109	135	1.25897
109	136	0.551637
109	137	0.541184
109	139	1.21883
109	140	1.22565
109	144	1.28665
109	153	0.524108
109	154	1.27325
109	156	0.543962
109	158	1.29125
109	163	1.24303
109	167	0.552573
109	170	1.26461
109	171	1.26
109	172	1.24103
109	173	1.24943
109	174	1.24297
109	180	1.25218
110	2	0.460917
110	6	1.23096
110	43	1.27045
110	78	0.507618
110	98	0.486576
110	125	1.4295
110	128	1.33183
110	149	0.476209
110	152	1.34695
110	153	1.4057
110	155	0.528335
110	157	1.39883
110	159	0.507199
110	163	1.35503
110	164	1.35213
110	168	1.38281
110	170	0.470986
110	175	1.35687
110	176	1.3695
110	177	1.3694
110	179	0.479334
110	180	0.487429
111	5	0.576416
111	11	1.28182
111	25	0.473045
111	51	0.457135
111	63	1.35941
111	115	0.456688
111	117	0.40654
111	133	1.44934
111	136	1.42888
111	141	1.46579
111	144	0.432738
111	148	0.419081
111	150	1.44141
111	151	1.40974
111	155	0.483962
111	157	1.4598
111	160	1.42059
111	165	0.450941
111	169	1.4051
111	172	0.446625
111	175	1.41784
111	176	1.43048
111	177	1.43037
112	74	1.21895
112	93	0.551607
112	101	1.32025
112	107	1.35285
112	108	1.22946
112	113	1.30067
112	114	1.30089
112	127	0.533648
112	131	0.465722
112	139	0.50614
112	141	1.36694
112	143	1.32032
112	148	0.48831
112	149	0.501065
112	150	1.34257
112	159	0.532056
112	165	0.520171
112	166	0.505634
112	167	1.33219
112	168	1.34494
112	175	1.31899
112	177	1.33152
112	178	1.31983
113	10	1.32391
113	64	0.533027
113	76	0.515613
113	88	1.26229
113	103	0.459634
113	104	1.33486
113	109	0.568666
113	112	1.30067
113	114	1.28936
113	118	0.49419
113	126	0.49045
113	135	0.511498
113	143	1.30879
113	150	1.33104
113	157	1.34943
113	160	1.31021
113	167	1.32066
113	168	1.33341
113	171	0.50559
113	174	0.520362
113	175	1.30746
113	177	1.31999
113	178	1.3083
114	18	0.496794
114	63	1.24925
114	70	0.480556
114	81	1.28506
114	82	0.529192
114	85	1.3538
114	104	1.33508
114	112	1.30089
114	113	1.28936
114	124	1.35931
114	131	0.479452
114	136	1.31873
114	140	0.526934
114	148	0.50204
114	163	1.30585
114	165	0.5339
114	167	1.32088
114	168	1.33362
114	172	0.529584
114	174	0.527376
114	175	1.30768
114	176	1.32032
114	177	1.32021
115	23	0.535183
115	27	1.28612
115	62	1.2467
115	78	1.29076
115	79	1.41273
115	86	0.484863
115	87	0.544768
115	89	1.35434
115	91	1.36154
115	111	0.456688
115	116	1.33934
115	138	1.27157
115	162	1.29519
115	163	0.521123
115	165	0.521186
115	166	1.31018
115	169	1.29435
115	172	1.30326
115	173	0.51314
115	176	0.516431
115	178	1.30792
115	179	1.3268
115	180	0.513301
116	11	0.566465
116	13	1.38281
116	62	1.29764
116	71	0.486102
116	77	0.453362
116	79	1.46368
116	89	1.40528
116	91	1.41249
116	97	0.473489
116	103	1.4333
116	115	1.33934
116	138	1.32252
116	150	0.470017
116	156	0.464222
116	157	0.45481
116	162	1.34614
116	163	0.477417
116	166	1.36113
116	169	1.34529
116	172	1.3542
116	175	0.482436
116	176	0.472725
116	178	1.35887
116	179	1.37774
117	15	0.575577
117	23	0.485035
117	47	0.53256
117	50	0.432825
117	51	1.37082
117	111	0.40654
117	120	1.32184
117	123	0.501224
117	139	1.34325
117	144	1.41107
117	145	1.31759
117	147	1.37629
117	154	1.39767
117	158	1.41567
117	159	1.35993
117	160	0.473413
117	164	0.463513
117	165	1.38361
117	168	0.462512
117	171	1.38442
117	173	1.37386
117	174	1.36739
117	177	0.462071
117	180	1.3766
118	28	0.492096
118	36	0.502326
118	41	1.41732
118	46	1.42935
118	57	1.35317
118	59	1.35438
118	73	0.459553
118	77	1.38099
118	86	0.446421
118	100	0.48765
118	113	0.49419
118	122	1.35131
118	130	0.482662
118	134	1.31476
118	145	0.49752
118	146	1.35134
118	148	1.40033
118	152	1.34793
118	153	1.40668
118	156	1.35907
118	161	1.38911
118	169	1.3451
118	171	0.461449
118	176	0.477989
119	7	0.453501
119	14	1.39418
119	22	1.33681
119	27	0.504065
119	30	1.35208
119	41	1.42988
119	57	1.36573
119	84	1.29933
119	109	0.521528
119	122	1.36387
119	134	1.32732
119	148	1.41289
119	152	1.36049
119	153	1.41924
119	156	1.37164
119	161	1.40167
119	164	1.36567
119	167	0.475101
119	172	0.475432
119	173	0.471702
119	174	0.473224
119	175	0.484704
119	176	0.474993
119	178	0.472361
120	40	1.19865
120	66	1.2328
120	69	0.473536
120	72	1.30654
120	92	0.58945
120	117	1.32184
120	124	0.512686
120	133	0.514067
120	140	1.25913
120	149	1.29711
120	151	0.54657
120	154	1.30673
120	155	1.24697
120	156	0.535271
120	158	1.32474
120	159	1.26899
120	162	0.54533
120	169	0.538243
120	170	1.2981
120	171	1.29348
120	173	1.28292
120	174	1.27645
120	177	0.539562
120	180	1.28567
121	21	0.437199
121	32	0.54898
121	48	1.24146
121	68	0.486673
121	69	0.456319
121	81	1.30346
121	98	0.522575
121	100	1.33071
121	103	0.464061
121	107	1.35993
121	130	0.53123
121	136	1.33712
121	139	0.517282
121	141	1.37402
121	150	1.34965
121	157	1.36804
121	160	1.32883
121	163	1.32424
121	167	1.33927
121	168	1.35202
121	171	0.510018
121	172	0.526997
121	175	1.32608
121	177	1.33861
121	178	1.32691
122	35	1.29412
122	46	1.39075
122	59	1.31578
122	65	1.4168
122	70	1.40614
122	91	0.478185
122	102	1.27076
122	118	1.35131
122	119	1.36387
122	134	1.27617
122	136	0.507989
122	144	0.495369
122	145	0.528349
122	146	1.31274
122	152	1.30933
122	156	1.32048
122	161	1.35051
122	162	1.30735
122	164	1.31451
122	170	0.489244
122	171	0.492277
122	173	0.505526
122	174	0.507048
122	178	0.506185
122	179	0.497592
123	21	0.451512
123	28	1.26889
123	41	0.499306
123	48	1.21586
123	54	1.31162
123	60	0.527962
123	85	1.34659
123	87	0.569207
123	88	1.25529
123	89	0.514848
123	97	1.30323
123	107	1.33432
123	108	1.21093
123	117	0.501224
123	124	1.35209
123	149	0.52652
123	151	1.29237
123	157	1.34243
123	167	1.31366
123	168	1.32641
123	173	0.537579
123	174	0.539102
123	175	1.30047
123	176	1.3131
123	177	1.313
123	180	0.53774
124	13	0.46312
124	42	0.444507
124	53	0.474746
124	59	0.484492
124	81	1.35479
124	85	1.42353
124	97	1.38017
124	101	1.37866
124	104	1.4048
124	107	1.41127
124	114	1.35931
124	120	0.512686
124	123	1.35209
124	141	1.42536
124	143	1.37873
124	146	0.48418
124	151	1.36931
124	157	1.41937
124	158	0.45448
124	163	1.37557
124	164	0.47207
124	166	0.465059
124	172	0.47528
124	175	1.37741
124	177	1.38994
124	180	0.47171
125	13	1.42319
125	16	1.25599
125	21	1.58016
125	23	0.492309
125	24	0.503142
125	43	1.312
125	47	1.28531
125	64	1.34156
125	67	1.3448
125	73	1.4563
125	92	1.32569
125	99	1.39987
125	106	1.45158
125	107	0.461142
125	110	1.4295
125	128	1.37338
125	137	1.40928
125	139	0.464282
125	140	0.471347
125	153	0.4452
125	162	0.475113
125	163	0.47825
125	169	0.468026
125	172	0.473997
125	176	1.41105
125	178	0.470926
126	17	0.446621
126	18	1.4314
126	27	0.503321
126	52	1.39805
126	55	1.39421
126	56	1.4025
126	58	1.3733
126	60	0.461341
126	82	1.37089
126	83	1.37509
126	86	1.44333
126	93	1.3162
126	94	1.30637
126	98	1.3852
126	99	1.38422
126	100	0.483911
126	103	1.45803
126	113	0.49045
126	127	1.35886
126	163	0.478941
126	170	0.454676
126	173	0.470958
126	174	0.47248
126	176	0.474249
126	178	0.471618
126	179	1.40247
127	15	1.18365
127	18	1.35051
127	39	1.27411
127	55	1.31332
127	56	1.32161
127	70	1.38877
127	80	1.31279
127	82	1.28999
127	83	1.29419
127	87	0.5525
127	93	1.23531
127	94	1.22548
127	98	1.30431
127	99	1.30333
127	112	0.533648
127	126	1.35886
127	129	1.3224
127	131	0.474469
127	157	0.506247
127	160	0.531292
127	163	0.528855
127	164	0.521392
127	171	0.507622
127	172	0.524602
127	176	0.524162
127	179	1.32158
128	16	1.15832
128	17	1.3427
128	21	1.48249
128	30	0.531259
128	40	0.564431
128	43	1.21433
128	47	1.18764
128	58	1.29128
128	64	1.24389
128	66	0.542191
128	67	1.24713
128	73	1.35863
128	83	0.52685
128	86	1.36131
128	92	1.22802
128	96	0.48894
128	97	0.516339
128	106	1.35391
128	110	1.33183
128	125	1.37338
128	137	1.31161
128	158	0.495215
128	168	0.511804
128	173	0.512284
128	174	0.513807
128	176	1.31338
129	2	0.462672
129	36	0.516652
129	52	1.36159
129	59	1.34285
129	68	1.43621
129	82	1.33443
129	94	1.26991
129	103	1.42157
129	127	1.3224
129	130	1.32507
129	132	1.32616
129	134	1.30323
129	141	0.476822
129	142	0.472434
129	143	0.492771
129	150	0.489607
129	151	0.49511
129	153	1.39515
129	155	0.530091
129	161	1.37757
129	162	1.33442
129	164	1.34157
129	170	0.472741
129	172	1.34248
129	175	0.502026
129	176	0.492315
129	179	1.36602
130	3	1.34588
130	5	1.15733
130	32	1.26751
130	45	1.39449
130	50	1.37152
130	68	1.39444
130	69	1.41215
130	84	1.23347
130	86	1.36511
130	95	1.21739
130	96	1.31892
130	100	0.520264
130	103	1.37981
130	118	0.482662
130	121	0.53123
130	129	1.32507
130	132	1.2844
130	142	0.490722
130	145	0.530134
130	154	0.507042
130	163	0.515294
130	166	1.30764
130	169	0.505071
130	172	1.30072
130	173	0.507311
130	174	0.508834
130	176	0.510602
130	179	1.32425
131	12	1.43759
131	22	0.477559
131	25	1.36283
131	31	1.3608
131	43	0.525552
131	61	0.413025
131	76	1.41895
131	101	0.467302
131	104	0.453941
131	112	0.465722
131	114	0.479452
131	127	0.474469
131	142	1.41668
131	145	1.34618
131	152	0.471365
131	155	1.36649
131	158	1.44426
131	162	0.457792
131	165	1.41219
131	166	1.40096
131	170	1.41762
131	171	1.413
131	173	1.40244
131	174	1.39597
131	175	0.465947
131	178	1.3987
131	179	0.445011
131	180	1.40519
132	1	1.37804
132	3	1.34697
132	4	0.580312
132	5	1.15841
132	32	1.2686
132	50	1.3726
132	62	0.528301
132	68	1.39553
132	69	1.41324
132	70	0.448678
132	84	1.23456
132	86	1.3662
132	91	0.466635
132	94	0.549905
132	95	1.21847
132	96	1.32
132	103	1.38089
132	108	0.546573
132	129	1.32616
132	130	1.2844
132	143	0.497723
132	156	0.488763
132	165	0.502022
132	166	1.30873
132	172	1.3018
132	174	0.495498
132	176	0.497267
132	179	1.32534
133	10	1.37373
133	22	0.497544
133	23	1.33053
133	48	1.27267
133	58	0.468618
133	66	0.502837
133	85	1.4034
133	97	1.36004
133	106	0.45367
133	108	1.26774
133	111	1.44934
133	120	0.514067
133	134	0.509632
133	141	1.40523
133	143	1.3586
133	148	0.449117
133	150	1.38085
133	155	0.513998
133	157	1.39925
133	159	0.492862
133	160	1.36003
133	167	1.37047
133	168	1.38322
133	171	0.459682
133	174	0.474453
133	175	1.35728
133	177	1.36981
133	178	1.35811
133	179	0.464997
134	3	0.505579
134	6	1.15679
134	8	0.52231
134	17	0.511712
134	28	0.553447
134	35	1.25757
134	61	1.37769
134	77	1.30585
134	79	0.485229
134	84	1.21163
134	105	1.31758
134	106	0.516787
134	108	0.588646
134	118	1.31476
134	119	1.32732
134	122	1.27617
134	129	1.30323
134	133	0.509632
134	138	0.553651
134	140	0.537129
134	142	0.519459
134	146	1.27619
134	148	1.32518
134	152	1.27279
134	153	1.33154
134	156	1.28393
134	161	1.31397
134	162	1.27081
134	164	1.27797
135	26	1.30419
135	34	0.503982
135	41	0.453733
135	45	0.458247
135	48	0.547588
135	60	1.32861
135	63	0.526667
135	77	0.475934
135	108	0.544603
135	109	1.25897
135	113	0.511498
135	140	1.32068
135	142	1.35871
135	144	1.38169
135	145	1.2882
135	147	1.34691
135	152	0.510425
135	155	1.30852
135	157	0.477381
135	159	1.33054
135	162	0.496852
135	163	1.33806
135	165	1.35422
135	169	0.489765
135	170	1.35965
135	171	1.35503
135	172	1.33606
135	173	1.34447
135	174	1.338
135	180	1.34722
136	23	1.31008
136	74	1.23678
136	75	0.484341
136	90	0.47444
136	92	1.2641
136	99	1.33828
136	104	1.36422
136	108	1.24729
136	109	0.551637
136	111	1.42888
136	114	1.31873
136	121	1.33712
136	122	0.507989
136	139	0.495825
136	141	1.38477
136	151	1.32873
136	156	0.496598
136	157	1.37879
136	160	1.33958
136	161	0.494901
136	165	0.509856
136	166	0.49532
136	167	1.35002
136	168	1.36277
136	169	1.32409
136	170	0.485528
136	172	0.50554
136	175	1.33683
136	177	1.34936
136	180	0.501971
137	13	1.36143
137	16	1.19422
137	17	1.3786
137	21	1.51839
137	27	1.31568
137	43	1.25023
137	47	1.22354
137	48	0.54694
137	64	1.27979
137	67	1.28304
137	72	0.481664
137	73	1.39453
137	86	1.39721
137	92	1.26392
137	99	1.3381
137	100	1.34128
137	106	1.38982
137	109	0.541184
137	125	1.40928
137	128	1.31161
137	141	0.479156
137	147	0.486762
137	160	0.501779
137	165	0.499404
137	166	0.484868
137	172	0.495088
137	175	0.50436
137	176	1.34928
137	177	0.490436
137	178	0.492017
138	9	1.35374
138	13	1.31504
138	18	0.48789
138	37	1.26125
138	42	1.3726
138	50	0.486783
138	62	1.22987
138	65	0.463174
138	71	0.533617
138	72	0.507256
138	78	1.27394
138	79	1.39591
138	84	1.21919
138	89	1.33751
138	91	1.34471
138	99	0.520141
138	103	1.36552
138	108	0.569547
138	115	1.27157
138	116	1.32252
138	134	0.553651
138	145	0.539772
138	158	0.49988
138	162	1.27837
138	163	0.524933
138	166	1.29335
138	168	0.51647
138	169	1.27752
138	172	1.28643
138	178	1.2911
138	179	1.30997
139	12	1.33947
139	15	0.605947
139	40	1.22005
139	47	0.56293
139	53	1.29741
139	57	0.495571
139	81	0.513129
139	90	1.3507
139	108	0.54596
139	109	1.21883
139	112	0.50614
139	117	1.34325
139	121	0.517282
139	125	0.464282
139	136	0.495825
139	140	1.28053
139	142	1.31857
139	144	1.34154
139	154	1.32814
139	159	1.2904
139	165	1.31408
139	168	0.492882
139	170	1.3195
139	171	1.31489
139	173	1.30432
139	174	1.29786
139	175	0.506365
139	176	1.31239
139	177	0.492441
139	178	1.30058
139	180	1.30707
140	5	0.633949
140	76	1.32765
140	92	0.549394
140	104	0.501424
140	109	1.22565
140	114	0.526934
140	120	1.25913
140	125	0.471347
140	134	0.537129
140	135	1.32068
140	139	1.28053
140	144	1.34836
140	145	1.25488
140	146	0.513058
140	149	1.32533
140	150	0.501011
140	153	0.475361
140	154	1.33496
140	157	0.485803
140	159	1.29722
140	161	0.493519
140	162	0.505274
140	163	1.30474
140	165	1.3209
140	170	1.32632
140	171	1.32171
140	172	1.30274
140	173	1.31114
140	174	1.30468
140	176	1.31921
140	180	1.31389
141	12	0.482617
141	24	1.33324
141	25	0.517295
141	33	0.421987
141	72	0.477452
141	102	1.32524
141	105	0.481727
141	108	1.28419
141	111	1.46579
141	112	1.36694
141	121	1.37402
141	124	1.42536
141	129	0.476822
141	133	1.40523
141	136	1.38477
141	137	0.479156
141	143	1.37505
141	147	0.48255
141	149	0.476086
141	150	1.3973
141	151	1.36563
141	153	0.462079
141	154	0.486876
141	158	0.470076
141	160	1.37648
141	164	0.487666
141	167	1.38692
141	168	1.39967
141	175	1.37373
141	177	1.38626
141	178	1.37456
142	25	1.30957
142	31	1.30754
142	32	0.508471
142	37	0.509434
142	53	1.34226
142	55	0.476614
142	60	1.33332
142	84	0.535768
142	85	0.472576
142	90	1.39555
142	129	0.472434
142	130	0.490722
142	131	1.41668
142	134	0.519459
142	135	1.35871
142	139	1.31857
142	144	1.38639
142	145	1.29291
142	148	0.458943
142	152	0.501177
142	155	1.31323
142	164	0.483278
142	165	1.35893
142	167	0.486157
142	169	0.480517
142	170	1.36435
142	171	1.35974
142	172	1.34077
142	173	1.34918
142	174	1.34271
142	176	1.35724
142	180	1.35192
143	28	1.29553
143	38	0.668198
143	42	0.476053
143	44	1.2318
143	52	0.508881
143	74	1.22706
143	88	1.28193
143	97	1.32987
143	101	1.32836
143	103	0.44389
143	108	1.23757
143	112	1.32032
143	113	1.30879
143	124	1.37873
143	129	0.492771
143	132	0.497723
143	133	1.3586
143	141	1.37505
143	150	1.35068
143	151	1.31901
143	154	0.502826
143	157	1.36907
143	159	0.523026
143	166	0.496605
143	167	1.3403
