1	38	1.11905
1	104	0.902134
1	123	1.05209
1	155	1.01592
1	166	0.99726
1	171	0.930107
1	172	0.901495
1	175	0.972658
1	176	0.907134
1	178	0.888637
1	179	0.880942
1	180	0.891213
2	47	0.974081
2	69	0.599653
2	71	0.649214
2	93	0.70691
2	159	1.08185
2	160	1.08471
2	172	1.04286
2	176	1.0485
2	177	1.04521
2	178	1.03
2	179	1.02231
2	180	1.03258
3	54	1.11389
3	64	0.99852
3	108	1.14809
3	110	1.08568
3	117	1.06258
3	121	1.03262
3	122	1.08925
3	127	1.09279
3	167	0.983345
3	168	1.03527
3	170	1.00786
3	171	1.13504
4	39	0.798924
4	72	0.847079
4	131	0.624575
4	142	0.614764
4	150	1.12167
4	166	1.12116
4	171	1.05401
4	174	1.03839
4	177	1.02774
4	178	1.01253
4	179	1.00484
4	180	1.01511
5	45	1.14375
5	80	0.998824
5	115	1.04019
5	126	1.04824
5	130	1.05194
5	134	1.02934
5	136	1.04578
5	144	1.32952
5	146	1.05023
5	150	0.846733
5	163	0.985092
5	167	1.21393
6	29	1.21424
6	39	1.16797
6	43	1.16723
6	51	1.14037
6	53	1.25429
6	69	1.27996
6	112	0.63304
6	145	0.853104
6	159	0.919927
6	161	1.04547
6	175	1.19548
6	179	1.09911
7	30	0.934587
7	32	0.919789
7	55	1.08911
7	67	1.35994
7	115	0.915344
7	123	0.954658
7	124	0.938793
7	130	0.927094
7	134	0.904495
7	146	0.925386
7	162	0.98139
7	168	1.62263
8	65	0.887269
8	91	0.936917
8	106	0.948051
8	109	0.910853
8	111	1.06835
8	113	0.957428
8	129	0.887115
8	131	0.939688
8	138	0.972279
8	142	0.961701
8	170	1.39203
8	174	1.7038
9	11	1.13522
9	77	1.03388
9	110	1.0814
9	117	1.05829
9	121	1.02833
9	137	1.05522
9	153	0.896719
9	156	0.973771
9	157	1.20578
9	167	0.97906
9	168	1.03099
9	180	1.32047
10	116	0.921971
10	124	0.933543
10	127	1.29397
10	128	0.901504
10	130	0.921844
10	132	0.925148
10	138	0.950211
10	140	0.942941
10	142	0.939632
10	149	0.935789
10	158	1.3898
10	176	1.51111
11	9	1.13522
11	40	1.04898
11	57	1.08621
11	64	0.998647
11	77	1.03829
11	103	0.939141
11	152	1.08866
11	161	1.35953
11	165	1.04298
11	167	0.983472
11	168	1.0354
11	175	0.993266
12	41	0.938641
12	44	0.590508
12	89	0.687595
12	138	0.69505
12	151	1.09601
12	164	1.0401
12	166	1.10401
12	169	1.08337
12	173	1.05718
12	176	1.01388
12	178	0.995383
12	180	0.997959
13	28	1.03511
13	108	1.0869
13	117	0.577101
13	131	0.595225
13	132	0.661098
13	156	1.1079
13	167	1.02872
13	170	1.07707
13	173	1.07001
13	178	1.00821
13	179	1.00052
13	180	1.01079
14	52	1.28215
14	110	0.950865
14	137	0.974341
14	139	1.01504
14	152	0.83863
14	159	0.929527
14	166	0.986297
14	169	0.965663
14	176	0.896171
14	178	0.877674
14	179	0.869979
14	180	0.88025
15	34	0.903939
15	38	0.906281
15	44	1.04361
15	75	0.895805
15	99	0.914039
15	106	0.93422
15	125	0.929178
15	132	0.933387
15	142	0.947871
15	148	1.30965
15	169	1.395
15	171	1.47076
16	115	0.925138
16	123	0.964452
16	124	0.948586
16	126	0.933186
16	130	0.936887
16	134	0.914289
16	135	1.66207
16	136	0.930724
16	146	0.935179
16	148	0.904376
16	169	1.06475
16	179	1.45759
17	108	1.15427
17	114	1.02062
17	115	1.01433
17	124	1.03778
17	126	1.02238
17	128	1.00574
17	134	1.00348
17	136	1.01992
17	146	1.02437
17	154	0.945028
17	157	1.25658
17	159	1.27913
17	170	1.01404
18	57	0.762903
18	84	0.929961
18	106	0.832224
18	118	1.15482
18	123	0.700248
18	135	0.950251
18	155	1.08985
18	170	1.03143
18	172	0.97542
18	174	0.988422
18	177	0.977771
18	178	0.962562
18	180	0.965138
19	22	0.907582
19	82	1.05545
19	94	0.982657
19	106	1.00222
19	112	0.975329
19	119	1.0742
19	125	0.997177
19	132	1.00138
19	135	1.64588
19	138	1.02645
19	140	1.01918
19	166	0.939516
19	173	1.08203
20	38	0.98071
20	78	1.02346
20	106	1.00865
20	116	1.00464
20	119	1.08063
20	132	1.00782
20	138	1.03288
20	140	1.02561
20	142	1.0223
20	160	1.2785
20	161	0.914745
20	165	1.23786
20	166	1.10617
21	23	1.04204
21	29	1.01761
21	39	0.971339
21	43	0.970601
21	51	0.943737
21	53	1.05766
21	69	1.08333
21	86	1.04317
21	154	1.2898
21	158	1.13948
21	168	0.950609
21	175	0.998847
21	180	1.31594
22	19	0.907582
22	68	0.914939
22	99	0.903097
22	106	0.923278
22	129	0.862343
22	132	0.922444
22	138	0.947507
22	140	0.940238
22	142	0.936929
22	161	0.829375
22	164	1.47921
22	173	1.38511
22	176	1.60228
23	21	1.04204
23	29	1.01628
23	39	0.970009
23	43	0.969271
23	51	0.942407
23	53	1.05633
23	69	1.082
23	86	1.04184
23	141	1.02594
23	144	1.44717
23	157	1.20419
23	169	1.01308
23	175	0.997518
24	27	0.998263
24	93	0.949096
24	108	0.912976
24	116	1.24298
24	136	1.08124
24	149	0.959909
24	152	0.959988
24	154	0.864908
24	162	1.00026
24	166	0.942909
24	178	0.834287
24	179	0.826592
24	180	0.836863
25	73	0.738844
25	77	0.927157
25	111	1.11824
25	123	0.77205
25	124	0.757365
25	163	1.00993
25	165	1.0317
25	168	1.01906
25	169	1.03461
25	173	1.00842
25	174	0.97248
25	179	0.938925
25	180	0.949196
26	47	0.952441
26	108	1.16206
26	113	1.03685
26	115	1.01159
26	136	1.01717
26	138	1.0517
26	142	1.04112
26	146	1.02163
26	149	1.03728
26	161	0.93357
26	165	1.0959
26	169	1.07325
26	180	1.37904
27	24	0.998263
27	57	1.0485
27	64	0.960941
27	92	1.04076
27	104	1.03931
27	117	1.025
27	121	0.99504
27	122	1.05167
27	167	0.945767
27	168	0.997695
27	171	0.994106
27	176	1.16899
27	179	1.3112
28	13	1.03511
28	88	0.937748
28	106	0.903649
28	107	0.99862
28	113	0.913026
28	129	0.842713
28	132	0.902815
28	138	0.927877
28	140	0.920608
28	142	0.917299
28	143	1.33181
28	161	0.809745
28	172	1.91941
29	6	1.21424
29	21	1.01761
29	23	1.01628
29	39	0.945579
29	43	0.944841
29	51	0.917977
29	53	1.0319
29	69	1.05757
29	90	0.888842
29	129	1.38113
29	151	1.17608
29	170	1.19662
29	175	0.973087
30	7	0.934587
30	49	0.801822
30	102	1.11541
30	114	1.01167
30	123	1.0447
30	126	1.01343
30	128	0.996792
30	134	0.994533
30	136	1.01097
30	146	1.01542
30	162	1.07143
30	168	1.1996
30	177	1.54302
31	48	0.922839
31	62	0.901375
31	84	0.918811
31	85	0.991101
31	93	0.989265
31	96	0.973407
31	97	0.974579
31	119	1.1632
31	125	0.985228
31	149	1.00008
31	150	1.42551
31	152	1.00016
31	162	1.04043
31	168	1.41466
32	7	0.919789
32	98	0.973085
32	119	1.00492
32	124	1.01403
32	128	0.981995
32	130	1.00233
32	136	0.996171
32	146	1.00063
32	148	0.969823
32	149	1.01628
32	154	0.92128
32	155	1.1737
32	160	1.37921
32	171	1.39168
33	40	0.978084
33	42	0.988119
33	66	1.01489
33	77	0.967394
33	117	0.991811
33	121	0.961851
33	122	1.01848
33	131	0.999518
33	148	1.21065
33	151	1.22404
33	166	1.18696
33	167	0.912577
33	168	0.964506
33	173	1.32948
34	15	0.903939
34	75	0.949218
34	89	0.987868
34	116	0.983622
34	119	1.05961
34	132	0.986799
34	138	1.01186
34	140	1.00459
34	142	1.00128
34	154	1.24345
34	159	1.17745
34	161	0.89373
34	172	1.31541
34	180	1.26959
35	62	1.01426
35	67	0.76049
35	76	1.16459
35	81	1.04238
35	84	1.03169
35	85	1.10398
35	96	1.08629
35	97	1.08746
35	141	1.09559
35	149	1.11296
35	150	1.03403
35	162	1.15331
35	165	1.10537
35	173	1.1162
36	46	1.05381
36	52	0.943879
36	65	0.937081
36	70	0.978936
36	83	1.00863
36	91	0.986729
36	95	0.978654
36	109	0.960664
36	113	1.00724
36	131	0.9895
36	143	0.991204
36	156	1.18629
36	159	1.44086
36	164	1.35476
37	66	1.30652
37	69	1.25225
37	70	0.928073
37	88	0.981099
37	109	0.909802
37	131	0.938637
37	133	0.913879
37	152	1.13702
37	154	0.861807
37	159	0.883039
37	160	0.885893
37	172	0.844043
37	179	0.823491
37	180	0.833762
38	1	1.11905
38	15	0.906281
38	20	0.98071
38	75	0.951561
38	89	0.990211
38	94	0.970414
38	113	0.999353
38	116	0.985965
38	127	1.27674
38	132	0.989142
38	138	1.0142
38	142	1.00363
38	147	1.04713
38	163	1.3329
39	4	0.798924
39	6	1.16797
39	21	0.971339
39	23	0.970009
39	29	0.945579
39	43	0.898573
39	48	1.05446
39	50	0.954192
39	51	0.871709
39	53	0.985628
39	69	1.0113
39	164	1.42984
39	175	0.926819
39	176	1.55291
40	11	1.04898
40	33	0.978084
40	66	0.995133
40	104	0.986364
40	110	0.995152
40	121	0.94209
40	122	0.998719
40	144	1.49853
40	148	0.979074
40	152	0.998006
40	158	1.19376
40	167	0.892816
40	168	0.944745
40	176	1.31507
41	12	0.938641
41	92	0.999382
41	104	0.997938
41	105	1.18234
41	110	1.00673
41	112	1.31868
41	117	0.983624
41	121	0.953664
41	122	1.01029
41	131	0.991331
41	137	0.980546
41	166	1.28287
41	167	0.90439
41	168	0.956319
42	33	0.988119
42	104	0.996399
42	110	1.00519
42	111	1.07348
42	117	0.982085
42	121	0.952125
42	122	1.00875
42	137	0.979007
42	143	1.21259
42	147	1.25249
42	152	1.00804
42	167	0.902851
42	168	0.954779
42	170	1.39716
43	6	1.16723
43	21	0.970601
43	23	0.969271
43	29	0.944841
43	39	0.898573
43	48	1.05372
43	50	0.787091
43	51	0.870971
43	53	0.98489
43	69	1.01056
43	154	1.41482
43	157	1.32628
43	175	0.926081
43	177	1.41904
44	12	0.590508
44	15	1.04361
44	47	1.05227
44	56	1.01944
44	89	1.12754
44	94	1.10774
44	127	1.07728
44	138	1.15153
44	140	1.14426
44	142	1.14096
44	161	1.0334
44	170	0.992352
44	174	1.30412
44	175	1.01671
45	5	1.14375
45	80	1.04833
45	98	1.0722
45	115	1.0897
45	126	1.09775
45	127	0.89811
45	128	1.08111
45	134	1.07885
45	136	1.09529
45	137	0.828163
45	146	1.09974
45	159	1.07826
45	178	1.21343
45	180	1.17039
46	36	1.05381
46	52	1.01988
46	60	1.08364
46	70	1.05494
46	71	1.05041
46	91	1.06273
46	95	1.05465
46	109	1.03666
46	133	1.04074
46	147	1.0901
46	156	1.01396
46	157	1.24597
46	159	1.26852
46	166	0.945821
46	168	0.995319
47	2	0.974081
47	26	0.952441
47	44	1.05227
47	56	0.83502
47	58	1.07643
47	68	0.934544
47	73	0.918616
47	82	0.996113
47	106	0.942883
47	116	0.938872
47	119	1.01486
47	140	0.959842
47	142	0.956533
47	156	1.43706
47	171	1.55371
48	31	0.922839
48	39	1.05446
48	43	1.05372
48	51	1.02686
48	69	1.16645
48	72	0.799062
48	121	0.718652
48	130	0.719547
48	138	0.596958
48	165	1.08303
48	171	1.03942
48	175	1.08197
48	178	0.997949
48	179	0.990255
48	180	1.00053
49	30	0.801822
49	64	0.858723
49	68	0.748367
49	127	1.09201
49	130	0.813583
49	145	1.04342
49	153	1.11308
49	157	1.03318
49	162	0.484578
49	166	1.09768
49	169	1.07705
49	170	1.05793
49	177	1.00427
49	178	0.989061
49	180	0.991637
50	39	0.954192
50	43	0.787091
50	57	0.890858
50	69	0.755456
50	102	1.12208
50	141	1.09066
50	158	1.06751
50	162	0.593827
50	166	1.10677
50	171	1.03962
50	173	1.05995
50	176	1.01664
50	178	0.998145
50	179	0.99045
50	180	1.00072
51	6	1.14037
51	21	0.943737
51	23	0.942407
51	29	0.917977
51	39	0.871709
51	43	0.870971
51	48	1.02686
51	53	0.958026
51	69	0.983697
51	86	0.943542
51	159	1.26996
51	174	1.31664
51	175	0.899217
51	177	1.34018
51	180	1.36209
52	14	1.28215
52	36	0.943879
52	46	1.01988
52	60	0.973706
52	65	0.90315
52	71	0.940474
52	83	0.974697
52	91	0.952798
52	105	1.22225
52	109	0.926733
52	113	0.973308
52	131	0.955569
52	143	1.19583
52	147	0.980173
52	166	1.32278
53	6	1.25429
53	21	1.05766
53	23	1.05633
53	29	1.0319
53	39	0.985628
53	43	0.98489
53	51	0.958026
53	69	1.09762
53	86	1.05746
53	119	0.763356
53	151	1.00239
53	161	1.41356
53	164	1.20192
53	169	1.07435
53	175	1.01314
54	3	1.11389
54	66	1.06018
54	77	1.01267
54	104	1.05141
54	117	1.03709
54	121	1.00713
54	122	1.06376
54	131	1.0448
54	137	1.03401
54	139	0.954478
54	152	1.06305
54	155	0.976404
54	157	1.30973
54	165	1.14127
54	175	1.09156
55	7	1.08911
55	65	1.0105
55	70	0.538391
55	82	0.538049
55	86	0.643166
55	112	1.10514
55	143	1.1371
55	163	1.06493
55	165	1.08671
55	170	1.07049
55	172	1.01448
55	177	1.01683
55	178	1.00163
55	179	0.99393
55	180	1.0042
56	44	1.01944
56	47	0.83502
56	82	0.963281
56	88	0.944151
56	102	1.31328
56	107	1.00502
56	116	0.906041
56	119	0.982029
56	132	0.909218
56	138	0.93428
56	140	0.927011
56	142	0.923702
56	148	1.37165
56	161	0.816148
56	165	1.47966
56	168	1.39747
57	11	1.08621
57	18	0.762903
57	27	1.0485
57	50	0.890858
57	66	1.03236
57	90	0.879731
57	92	1.02504
57	104	1.02359
57	110	1.03238
57	117	1.00928
57	121	0.979318
57	152	1.03523
57	159	1.45259
57	164	1.3665
57	167	0.930044
57	168	0.981972
58	47	1.07643
58	93	0.809258
58	95	0.723243
58	115	0.718345
58	116	0.761542
58	145	1.03041
58	151	1.07668
58	156	1.07574
58	170	1.04491
58	171	1.01752
58	173	1.03785
58	176	0.994545
58	177	0.991257
58	178	0.976048
58	179	0.968353
58	180	0.978624
59	109	1.10643
59	112	0.995937
59	116	1.02799
59	117	0.974712
59	131	0.992836
59	135	0.880114
59	155	1.01971
59	165	0.977505
59	169	0.980413
59	171	0.933895
59	172	0.905282
59	174	0.918284
59	177	0.907633
59	178	0.892424
59	179	0.884729
59	180	0.895
60	46	1.08364
60	52	0.973706
60	65	0.966908
60	70	1.00876
60	71	1.00423
60	83	1.03846
60	91	1.01656
60	107	1.12266
60	109	0.990491
60	119	0.883037
60	133	0.994569
60	147	1.04393
60	151	1.12207
60	155	1.05182
60	172	1.54565
60	175	1.16697
61	62	0.939679
61	76	1.09001
61	81	0.967803
61	84	0.957114
61	93	1.02757
61	96	1.01171
61	97	1.01288
61	103	0.948033
61	125	1.02353
61	139	0.865079
61	144	1.46332
61	149	1.03838
61	152	1.03846
61	160	1.09251
61	162	1.07873
61	167	1.34772
62	31	0.901375
62	35	1.01426
62	61	0.939679
62	63	0.939376
62	84	0.857562
62	93	0.928016
62	96	0.912157
62	97	0.91333
62	118	1.06612
62	125	0.923978
62	148	1.35198
62	149	0.938828
62	152	0.938907
62	153	1.31938
62	162	0.979178
62	179	1.83018
63	62	0.939376
63	76	1.0897
63	81	0.9675
63	84	0.956811
63	85	1.0291
63	93	1.02727
63	96	1.01141
63	97	1.01258
63	102	1.09084
63	120	1.06767
63	143	0.998581
63	145	1.38141
63	149	1.03808
63	152	1.03816
63	162	1.07843
63	170	1.18315
64	3	0.99852
64	11	0.998647
64	27	0.960941
64	49	0.858723
64	77	0.8973
64	92	0.937476
64	110	0.94482
64	117	0.921718
64	121	0.891757
64	122	0.948386
64	150	1.26735
64	152	0.947673
64	154	1.5957
64	167	0.842484
64	168	0.894412
64	172	1.66766
65	8	0.887269
65	36	0.937081
65	52	0.90315
65	55	1.0105
65	60	0.966908
65	70	0.938207
65	71	0.933676
65	83	0.9679
65	90	1.24437
65	95	0.937925
65	109	0.919936
65	131	0.948771
65	133	0.924013
65	139	1.43942
65	147	0.973376
65	173	1.63704
66	33	1.01489
66	37	1.30652
66	40	0.995133
66	54	1.06018
66	57	1.03236
66	67	0.835568
66	104	1.02317
66	117	1.00886
66	121	0.9789
66	122	1.03553
66	131	1.01657
66	141	1.17066
66	147	0.961701
66	152	1.03482
66	168	0.981555
66	171	1.23356
67	7	1.35994
67	35	0.76049
67	66	0.835568
67	72	1.02819
67	94	0.761846
67	139	1.07972
67	151	1.04299
67	154	0.972981
67	160	0.997067
67	166	1.05098
67	167	0.962871
67	170	1.01122
67	172	0.955218
67	174	0.96822
67	177	0.957569
67	178	0.94236
67	180	0.944936
68	22	0.914939
68	47	0.934544
68	49	0.748367
68	73	0.985309
68	75	0.971161
68	94	0.990014
68	99	0.989395
68	116	1.00557
68	125	1.00453
68	132	1.00874
68	138	1.0338
68	140	1.02654
68	142	1.02323
68	150	1.157
68	163	1.29536
68	175	1.17862
68	177	1.48957
69	2	0.599653
69	6	1.27996
69	21	1.08333
69	23	1.082
69	29	1.05757
69	37	1.25225
69	39	1.0113
69	43	1.01056
69	48	1.16645
69	50	0.755456
69	51	0.983697
69	53	1.09762
69	86	1.08313
69	147	0.90743
69	155	0.961312
69	163	1.1932
69	175	1.03881
70	36	0.978936
70	37	0.928073
70	46	1.05494
70	55	0.538391
70	60	1.00876
70	65	0.938207
70	91	0.987855
70	95	0.97978
70	107	1.09396
70	109	0.96179
70	131	0.990626
70	133	0.965867
70	137	1.09502
70	144	1.56555
70	147	1.01523
70	164	1.25903
70	177	1.41534
71	2	0.649214
71	46	1.05041
71	52	0.940474
71	60	1.00423
71	65	0.933676
71	83	1.00522
71	91	0.983324
71	95	0.975249
71	107	1.08943
71	109	0.95726
71	113	1.00383
71	133	0.961337
71	147	1.0107
71	159	1.36675
71	160	1.21638
71	173	1.18656
71	177	1.43697
72	4	0.847079
72	48	0.799062
72	67	1.02819
72	79	0.962888
72	101	0.97726
72	114	0.990375
72	123	1.0234
72	124	1.00754
72	128	0.9755
72	130	0.995839
72	134	0.973241
72	136	0.989677
72	146	0.994132
72	147	1.15432
72	148	0.963328
72	162	1.05014
72	180	1.65621
73	25	0.738844
73	47	0.918616
73	68	0.985309
73	78	0.951321
73	88	1.02775
73	89	0.993883
73	94	0.974086
73	99	0.973467
73	107	1.08862
73	108	1.23188
73	125	0.988606
73	138	1.01788
73	140	1.01061
73	142	1.0073
73	161	0.899745
73	167	1.46157
73	178	1.49189
74	87	0.923893
74	109	1.25974
74	131	1.14615
74	151	0.973913
74	152	1.00654
74	162	0.960133
74	164	0.918006
74	165	0.958365
74	168	0.945725
74	169	0.961274
74	171	0.914755
74	172	0.886143
74	174	0.899145
74	177	0.888494
74	178	0.873285
74	179	0.86559
74	180	0.875861
75	15	0.895805
75	34	0.949218
75	38	0.951561
75	68	0.971161
75	82	1.03273
75	99	0.959318
75	106	0.9795
75	116	0.975489
75	132	0.978666
75	138	1.00373
75	140	0.996459
75	142	0.99315
75	147	1.0624
75	151	1.18654
75	154	1.53816
75	161	0.885596
75	163	1.34817
75	175	1.23144
76	35	1.16459
76	61	1.09001
76	63	1.0897
76	81	1.01858
76	84	1.00789
76	85	1.08018
76	96	1.06249
76	97	1.06366
76	118	0.699781
76	119	0.760001
76	145	1.21784
76	149	1.08916
76	150	1.02231
76	152	1.08924
76	162	1.12951
76	173	1.10447
76	178	1.41982
77	9	1.03388
77	11	1.03829
77	25	0.927157
77	33	0.967394
77	54	1.01267
77	64	0.8973
77	110	0.984462
77	111	0.956282
77	117	0.96136
77	118	0.960164
77	121	0.9314
77	122	0.988029
77	137	0.958282
77	152	0.987316
77	161	1.67059
77	167	0.882126
77	168	0.934054
77	180	1.63717
78	20	1.02346
78	73	0.951321
78	104	0.83457
78	106	1.1165
78	120	1.02729
78	143	1.04274
78	145	0.96163
78	146	0.924172
78	161	0.929179
78	163	0.970576
78	165	0.992348
78	166	1.01589
78	169	0.995257
78	175	0.991289
78	176	0.925765
78	177	0.922477
78	178	0.907268
78	180	0.909844
79	72	0.962888
79	101	0.958107
79	123	1.00425
79	126	0.972986
79	128	0.956348
79	130	0.976687
79	134	0.954089
79	136	0.970524
79	146	0.974979
79	148	0.944176
79	149	0.990633
79	154	0.895633
79	162	1.03098
79	163	1.21518
79	165	1.14816
79	170	1.07409
79	179	1.51836
79	180	1.4313
80	5	0.998824
80	45	1.04833
80	114	0.951056
80	115	0.944771
80	119	0.841392
80	123	0.984085
80	124	0.96822
80	126	0.95282
80	128	0.936181
80	130	0.956521
80	134	0.933923
80	136	0.950358
80	141	1.16525
80	146	0.954813
80	162	1.01082
80	174	1.41274
80	176	1.40303
80	179	1.54524
81	35	1.04238
81	61	0.967803
81	63	0.9675
81	76	1.01858
81	84	0.885686
81	85	0.957976
81	93	0.95614
81	96	0.940282
81	97	0.941454
81	108	1.24418
81	125	0.952103
81	137	1.11893
81	148	1.07001
81	149	0.966952
81	152	0.967032
81	162	1.0073
81	176	1.40601
81	179	1.54822
82	19	1.05545
82	47	0.996113
82	55	0.538049
82	56	0.963281
82	75	1.03273
82	106	1.07114
82	111	0.756017
82	116	1.06713
82	125	1.0661
82	132	1.07031
82	138	1.09537
82	139	0.966973
82	140	1.0881
82	142	1.0848
82	161	0.977241
82	171	1.20687
82	176	1.38176
82	178	1.47994
83	36	1.00863
83	52	0.974697
83	60	1.03846
83	65	0.9679
83	71	1.00522
83	88	1.06278
83	91	1.01755
83	95	1.00947
83	107	1.12365
83	109	0.991483
83	113	1.03806
83	131	1.02032
83	139	0.827258
83	143	0.755412
83	147	1.04492
83	161	1.33061
83	167	1.3099
83	172	1.34302
83	177	1.27528
84	18	0.929961
84	31	0.918811
84	35	1.03169
84	61	0.957114
84	62	0.857562
84	63	0.956811
84	76	1.00789
84	81	0.885686
84	85	0.947287
84	93	0.945451
84	96	0.929593
84	97	0.930765
84	118	1.03477
84	127	1.4395
84	149	0.956264
84	152	0.956343
84	157	1.5971
84	160	1.46928
84	162	0.996614
85	31	0.991101
85	35	1.10398
85	63	1.0291
85	76	1.08018
85	81	0.957976
85	84	0.947287
85	93	1.01774
85	96	1.00188
85	97	1.00306
85	125	1.0137
85	145	1.16969
85	149	1.02855
85	152	1.02863
85	153	0.9049
85	156	0.981952
85	158	1.15219
85	162	1.0689
85	167	1.34135
85	180	1.32865
86	21	1.04317
86	23	1.04184
86	51	0.943542
86	53	1.05746
86	55	0.643166
86	69	1.08313
86	111	0.861134
86	128	1.00597
86	130	1.02631
86	133	0.997325
86	134	1.00371
86	136	1.02014
86	137	1.1998
86	146	1.0246
86	149	1.04025
86	166	1.1272
86	173	1.26971
86	175	0.998652
86	180	1.54203
87	74	0.923893
87	95	1.21937
87	100	0.945247
87	107	1.012
87	122	1.14099
87	129	0.891774
87	134	1.27128
87	143	0.97237
87	144	0.854139
87	155	0.964178
87	166	0.945518
87	169	0.924884
87	171	0.878365
87	172	0.849753
87	175	0.920915
87	176	0.855392
87	179	0.8292
87	180	0.839471
88	28	0.937748
88	37	0.981099
88	56	0.944151
88	73	1.02775
88	83	1.06278
88	95	1.03281
88	99	1.03183
88	102	0.920695
88	109	1.01482
88	131	1.04365
88	133	1.01889
88	137	1.02799
88	140	1.06897
88	142	1.06567
88	147	1.06826
88	164	1.19199
88	174	1.32477
88	175	1.03736
88	177	1.3483
89	12	0.687595
89	34	0.987868
89	38	0.990211
89	44	1.12754
89	73	0.993883
89	94	0.998588
89	102	0.997132
89	106	1.01815
89	113	1.02753
89	119	1.09013
89	120	0.973957
89	125	1.01311
89	132	1.01732
89	138	1.04238
89	142	1.0318
89	145	1.2877
89	161	0.924246
89	167	1.45936
89	171	1.21662
90	29	0.888842
90	57	0.879731
90	65	1.24437
90	101	0.829286
90	109	0.882306
90	140	0.723201
90	144	0.972517
90	153	1.07929
90	157	0.999395
90	159	1.00713
90	165	1.04035
90	169	1.04326
90	170	1.02414
90	171	0.996744
90	173	1.01707
90	176	0.973771
90	177	0.970483
90	178	0.955273
90	179	0.947579
90	180	0.957849
91	8	0.936917
91	36	0.986729
91	46	1.06273
91	52	0.952798
91	60	1.01656
91	70	0.987855
91	71	0.983324
91	83	1.01755
91	95	0.987573
91	107	1.10175
91	108	1.25952
91	109	0.969583
91	129	1.3038
91	131	0.998419
91	133	0.97366
91	143	0.934721
91	147	1.02302
91	156	1.12981
91	168	1.11117
91	174	1.43106
92	27	1.04076
92	41	0.999382
92	57	1.02504
92	64	0.937476
92	104	1.01585
92	110	1.02464
92	117	1.00154
92	121	0.971575
92	122	1.0282
92	131	1.00924
92	135	1.66007
92	137	0.998458
92	148	0.977397
92	150	1.01406
92	152	1.02749
92	165	1.0854
92	167	0.922301
92	168	0.97423
92	170	1.01133
92	172	1.41437
93	2	0.70691
93	24	0.949096
93	31	0.989265
93	58	0.809258
93	61	1.02757
93	62	0.928016
93	63	1.02727
93	81	0.95614
93	84	0.945451
93	85	1.01774
93	96	1.00005
93	97	1.00122
93	125	1.01187
93	129	1.34387
93	137	1.17435
93	149	1.02672
93	152	1.0268
93	162	1.06707
93	175	1.18372
93	178	1.55961
94	19	0.982657
94	38	0.970414
94	44	1.10774
94	67	0.761846
94	68	0.990014
94	73	0.974086
94	89	0.998588
94	99	0.978171
94	106	0.998353
94	116	0.994342
94	120	0.917174
94	129	0.937417
94	132	0.997519
94	138	1.02258
94	140	1.01531
94	142	1.012
94	169	1.08408
94	174	1.34442
94	177	1.36796
94	179	1.47692
95	36	0.978654
95	46	1.05465
95	58	0.723243
95	65	0.937925
95	70	0.97978
95	71	0.975249
95	83	1.00947
95	87	1.21937
95	88	1.03281
95	91	0.987573
95	105	0.915204
95	107	1.09368
95	109	0.961508
95	113	1.00808
95	131	0.990344
95	133	0.965586
95	147	1.01495
95	153	1.00682
95	154	1.40443
95	161	1.46397
96	31	0.973407
96	35	1.08629
96	61	1.01171
96	62	0.912157
96	63	1.01141
96	76	1.06249
96	81	0.940282
96	84	0.929593
96	85	1.00188
96	93	1.00005
96	97	0.985361
96	149	1.01086
96	152	1.01094
96	158	1.14553
96	162	1.05121
96	163	1.10586
96	166	0.907159
96	167	1.3347
96	172	1.36781
96	180	1.32199
97	31	0.974579
97	35	1.08746
97	61	1.01288
97	62	0.91333
97	63	1.01258
97	76	1.06366
97	81	0.941454
97	84	0.930765
97	85	1.00306
97	93	1.00122
97	96	0.985361
97	125	0.997182
97	143	0.923622
97	152	1.01211
97	154	1.43927
97	162	1.05238
97	166	1.05057
97	167	1.47811
97	168	1.10007
97	169	1.15961
98	32	0.973085
98	45	1.0722
98	101	0.96181
98	114	0.974925
98	123	1.00795
98	124	0.992089
98	126	0.976689
98	128	0.96005
98	130	0.98039
98	133	0.951407
98	134	0.957791
98	136	0.974227
98	137	1.15054
98	146	0.978682
98	154	0.899335
98	157	1.37809
98	162	1.03469
98	165	1.20963
98	170	1.13556
98	174	1.44732
98	175	1.15991
99	15	0.914039
99	22	0.903097
99	68	0.989395
99	73	0.973467
99	75	0.959318
99	88	1.03183
99	94	0.978171
99	116	0.993723
99	119	1.06971
99	125	0.992691
99	129	0.936798
99	132	0.9969
99	140	1.01469
99	142	1.01138
99	145	1.27146
99	155	0.982405
99	161	0.90383
99	165	1.14727
99	169	1.12462
99	179	1.51747
99	180	1.43042
100	87	0.945247
100	121	1.14479
100	122	0.921171
100	133	1.08234
100	135	0.882328
100	136	0.876112
100	142	0.992889
100	156	0.994326
100	157	0.93876
100	158	0.964006
100	164	0.939359
100	167	0.91515
100	170	0.963503
100	173	0.956439
100	175	0.978659
100	176	0.913136
100	177	0.909848
100	178	0.894638
100	179	0.886944
100	180	0.897214
101	72	0.97726
101	79	0.958107
101	90	0.829286
101	98	0.96181
101	114	0.985594
101	115	0.979309
101	123	1.01862
101	124	1.00276
101	126	0.987358
101	128	0.970719
101	130	0.991059
101	134	0.96846
101	136	0.984896
101	139	1.02434
101	146	0.989351
101	149	1.005
101	153	1.07053
101	154	0.910004
101	158	1.31782
101	174	1.44883
101	179	1.58133
102	30	1.11541
102	50	1.12208
102	56	1.31328
102	63	1.09084
102	88	0.920695
102	89	0.997132
102	126	0.964478
102	141	1.00274
102	145	0.964587
102	158	0.979592
102	160	0.964932
102	163	0.973533
102	164	0.954945
102	170	0.979089
102	171	0.951695
102	173	0.972025
102	174	0.936085
102	176	0.928722
102	177	0.925434
102	178	0.910225
102	179	0.90253
102	180	0.912801
103	11	0.939141
103	61	0.948033
103	109	1.16032
103	117	1.0286
103	120	1.0124
103	123	1.09509
103	135	0.880066
103	146	1.03473
103	151	0.993005
103	155	1.01966
103	156	0.992064
103	157	0.936498
103	159	0.94423
103	160	0.947084
103	164	0.937097
103	165	0.977457
103	169	0.980366
103	173	0.954177
103	174	0.918237
103	176	0.910874
103	177	0.907586
103	179	0.884682
103	180	0.894953
104	1	0.902134
104	27	1.03931
104	40	0.986364
104	41	0.997938
104	42	0.996399
104	54	1.05141
104	57	1.02359
104	66	1.02317
104	78	0.83457
104	92	1.01585
104	110	1.02319
104	120	0.859414
104	121	0.970131
104	122	1.02676
104	131	1.0078
104	137	0.997014
104	152	1.02605
104	158	1.15565
104	161	1.36552
104	167	0.920857
104	168	0.972786
104	177	1.3102
104	179	1.41916
105	41	1.18234
105	52	1.22225
105	95	0.915204
105	123	0.966708
105	125	1.01789
105	130	1.06134
105	141	0.993491
105	145	0.955334
105	153	1.02499
105	154	0.931593
105	156	1.00066
105	157	0.945093
105	160	0.955679
105	164	0.945692
105	165	0.986052
105	170	0.969836
105	172	0.913829
105	174	0.926832
105	176	0.919469
105	177	0.916181
105	178	0.900971
105	179	0.893277
105	180	0.903547
106	8	0.948051
106	15	0.93422
106	18	0.832224
106	19	1.00222
106	20	1.00865
106	22	0.923278
106	28	0.903649
106	47	0.942883
106	75	0.9795
106	78	1.1165
106	82	1.07114
106	89	1.01815
106	94	0.998353
106	112	1.23503
106	116	1.0139
106	125	1.01287
106	132	1.01708
106	138	1.04214
106	140	1.03487
106	148	1.2229
106	153	1.1903
106	161	0.924011
106	169	1.30825
106	170	1.25683
107	28	0.99862
107	56	1.00502
107	60	1.12266
107	70	1.09396
107	71	1.08943
107	73	1.08862
107	83	1.12365
107	87	1.012
107	91	1.10175
107	95	1.09368
107	109	1.07569
107	113	1.12226
107	116	1.10888
107	118	0.546187
107	132	1.11205
107	133	1.07977
107	138	1.13712
107	140	1.12985
107	150	0.868714
107	154	1.19706
107	166	0.808367
107	168	0.857865
107	172	1.26902
107	177	1.20129
107	178	1.26623
108	3	1.14809
108	13	1.0869
108	17	1.15427
108	24	0.912976
108	26	1.16206
108	73	1.23188
108	81	1.24418
108	91	1.25952
108	118	1.05723
108	151	0.965604
108	153	0.988996
108	160	0.919683
108	161	0.886886
108	164	0.909696
108	169	0.952964
108	170	0.93384
108	171	0.906446
108	173	0.926776
108	174	0.890836
108	175	0.948996
108	176	0.883473
108	177	0.880185
108	179	0.857281
108	180	0.867551
109	8	0.910853
109	36	0.960664
109	37	0.909802
109	46	1.03666
109	52	0.926733
109	59	1.10643
109	60	0.990491
109	65	0.919936
109	70	0.96179
109	71	0.95726
109	74	1.25974
109	83	0.991483
109	88	1.01482
109	90	0.882306
109	91	0.969583
109	95	0.961508
109	103	1.16032
109	107	1.07569
109	113	0.990094
109	129	1.37459
109	131	0.972354
109	133	0.947596
109	147	0.996959
109	148	1.15615
109	166	1.13247
110	3	1.08568
110	9	1.0814
110	14	0.950865
110	40	0.995152
110	41	1.00673
110	42	1.00519
110	57	1.03238
110	64	0.94482
110	77	0.984462
110	92	1.02464
110	104	1.02319
110	117	1.00888
110	121	0.978919
110	122	1.03555
110	131	1.01659
110	137	1.0058
110	152	1.03484
110	153	0.982583
110	155	0.95832
110	166	0.991499
110	167	0.929645
110	168	0.981574
110	169	1.10054
110	174	1.36088
110	176	1.35118
110	178	1.44936
111	8	1.06835
111	25	1.11824
111	42	1.07348
111	77	0.956282
111	82	0.756017
111	86	0.861134
111	125	0.85236
111	130	0.895805
111	135	0.945597
111	138	0.773216
111	141	1.05043
111	145	1.01227
111	153	1.08193
111	155	1.08519
111	163	1.02121
111	164	1.00263
111	168	1.03035
111	170	1.02677
111	171	0.999377
111	172	0.970765
111	173	1.01971
111	176	0.976404
111	177	0.973116
111	178	0.957907
111	179	0.950212
111	180	0.960483
112	6	0.63304
112	19	0.975329
112	41	1.31868
112	55	1.10514
112	59	0.995937
112	106	1.23503
112	120	1.00983
112	132	1.12056
112	136	0.928102
112	140	1.00918
112	141	0.982319
112	143	1.02527
112	150	0.998934
112	156	0.989488
112	157	0.933921
112	158	0.959167
112	163	0.953108
112	164	0.93452
112	170	0.958664
112	171	0.93127
112	172	0.902657
112	173	0.9516
112	177	0.905009
112	178	0.8898
112	179	0.882105
112	180	0.892376
113	8	0.957428
113	26	1.03685
113	28	0.913026
113	36	1.00724
113	38	0.999353
113	52	0.973308
113	71	1.00383
113	83	1.03806
113	89	1.02753
113	95	1.00808
113	107	1.12226
113	109	0.990094
113	133	0.994171
113	138	1.05152
113	140	1.04425
113	142	1.04094
113	147	1.04353
113	154	1.27957
113	156	0.959011
113	158	1.12925
113	161	0.933389
113	167	1.31841
113	169	0.999912
113	173	1.03339
113	178	1.34874
113	180	1.30571
114	17	1.02062
114	30	1.01167
114	72	0.990375
114	80	0.951056
114	98	0.974925
114	101	0.985594
114	115	0.992424
114	123	1.03174
114	124	1.01587
114	126	1.00047
114	128	0.983834
114	133	0.975191
114	134	0.981575
114	136	0.998011
114	139	1.13014
114	143	1.05829
114	146	1.00247
114	147	1.09818
114	148	0.971663
114	149	1.01812
114	153	1.17633
114	154	0.923119
114	155	1.15206
114	162	1.05847
114	163	1.38395
114	168	1.23474
114	171	1.37004
115	5	1.04019
115	7	0.915344
115	16	0.925138
115	17	1.01433
115	26	1.01159
115	45	1.0897
115	58	0.718345
115	80	0.944771
115	101	0.979309
115	114	0.992424
115	123	1.02545
115	124	1.00959
115	126	0.994188
115	130	0.997889
115	133	0.968906
115	134	0.975291
115	136	0.991726
115	146	0.996181
115	148	0.965378
115	150	1.07118
115	151	1.04791
115	153	1.00192
115	161	1.45908
115	162	1.05219
115	164	1.24744
115	178	1.4687
115	180	1.42567
116	10	0.921971
116	20	1.00464
116	24	1.24298
116	34	0.983622
116	38	0.985965
116	47	0.938872
116	56	0.906041
116	58	0.761542
116	59	1.02799
116	68	1.00557
116	75	0.975489
116	82	1.06713
116	94	0.994342
116	99	0.993723
116	106	1.0139
116	107	1.10888
116	129	0.952969
116	132	1.01307
116	138	1.03813
116	140	1.03086
116	141	1.17593
116	142	1.02755
116	143	0.92708
116	160	1.22636
116	161	0.920001
116	167	1.48157
116	173	1.19654
117	3	1.06258
117	9	1.05829
117	13	0.577101
117	27	1.025
117	33	0.991811
117	41	0.983624
117	42	0.982085
117	54	1.03709
117	57	1.00928
117	59	0.974712
117	64	0.921718
117	66	1.00886
117	77	0.96136
117	92	1.00154
117	103	1.0286
117	110	1.00888
117	121	0.955817
117	122	1.01245
117	135	1.70711
117	137	0.982699
117	147	0.913693
117	152	1.01173
117	153	0.991838
117	167	0.906543
117	168	0.958472
117	177	1.39367
117	178	1.45862
118	18	1.15482
118	62	1.06612
118	76	0.699781
118	77	0.960164
118	84	1.03477
118	107	0.546187
118	108	1.05723
118	121	0.898792
118	126	0.736989
118	128	0.844535
118	133	0.836335
118	144	0.995784
118	145	1.0329
118	150	1.08768
118	155	1.10582
118	157	1.02266
118	159	1.03039
118	160	1.03325
118	166	1.08716
118	170	1.0474
118	171	1.02001
118	172	0.991398
118	174	1.0044
118	176	0.997038
118	177	0.99375
118	178	0.97854
118	179	0.970846
118	180	0.981116
119	19	1.0742
119	20	1.08063
119	31	1.1632
119	32	1.00492
119	34	1.05961
119	47	1.01486
119	53	0.763356
119	56	0.982029
119	60	0.883037
119	76	0.760001
119	80	0.841392
119	89	1.09013
119	99	1.06971
119	126	0.797209
119	133	0.896555
119	135	0.961768
119	140	1.10685
119	142	1.10354
119	144	0.991322
119	149	0.697162
119	163	1.03739
119	166	1.0827
119	173	1.03588
119	176	0.992575
119	177	0.989287
119	178	0.974078
119	179	0.966383
119	180	0.976654
120	63	1.06767
120	78	1.02729
120	89	0.973957
120	94	0.917174
120	103	1.0124
120	104	0.859414
120	112	1.00983
120	121	1.10311
120	123	1.00937
120	124	0.994686
120	133	1.04065
120	135	0.894002
120	150	1.01545
120	151	1.00694
120	155	1.0336
120	156	1.006
120	158	0.975679
120	160	0.96102
120	161	0.928223
120	163	0.96962
120	164	0.951033
120	165	0.991393
120	171	0.947783
120	172	0.91917
120	174	0.932172
120	175	0.990333
120	178	0.906312
120	179	0.898617
120	180	0.908888
121	3	1.03262
121	9	1.02833
121	27	0.99504
121	33	0.961851
121	40	0.94209
121	41	0.953664
121	42	0.952125
121	48	0.718652
121	54	1.00713
121	57	0.979318
121	64	0.891757
121	66	0.9789
121	77	0.9314
121	92	0.971575
121	100	1.14479
121	104	0.970131
121	110	0.978919
121	117	0.955817
121	118	0.898792
121	120	1.10311
121	122	0.982486
121	131	0.963523
121	137	0.952739
121	151	1.19805
121	152	0.981773
121	156	1.22911
121	161	1.60921
121	167	0.876583
121	180	1.5758
122	3	1.08925
122	27	1.05167
122	33	1.01848
122	40	0.998719
122	41	1.01029
122	42	1.00875
122	54	1.06376
122	64	0.948386
122	66	1.03553
122	77	0.988029
122	87	1.14099
122	92	1.0282
122	100	0.921171
122	104	1.02676
122	110	1.03555
122	117	1.01245
122	121	0.982486
122	127	1.07989
122	131	1.02015
122	137	1.00937
122	141	1.05925
122	152	1.0384
122	155	0.904168
122	160	1.10967
122	167	0.933212
122	168	0.98514
122	169	1.04638
122	172	1.398
122	178	1.39521
123	1	1.05209
123	7	0.954658
123	16	0.964452
123	18	0.700248
123	25	0.77205
123	30	1.0447
123	72	1.0234
123	79	1.00425
123	80	0.984085
123	98	1.00795
123	101	1.01862
123	103	1.09509
123	105	0.966708
123	114	1.03174
123	115	1.02545
123	120	1.00937
123	126	1.0335
123	128	1.01686
123	130	1.0372
123	133	1.00822
123	134	1.0146
123	136	1.03104
123	145	1.32312
123	146	1.0355
123	148	1.00469
123	150	1.12758
123	154	0.956149
123	162	1.0915
123	173	1.20975
124	7	0.938793
124	10	0.933543
124	16	0.948586
124	17	1.03778
124	25	0.757365
124	32	1.01403
124	72	1.00754
124	80	0.96822
124	98	0.992089
124	101	1.00276
124	114	1.01587
124	115	1.00959
124	120	0.994686
124	126	1.01764
124	128	1.001
124	130	1.02134
124	133	0.992355
124	134	0.998739
124	136	1.01517
124	146	1.01963
124	147	0.965491
124	149	1.03528
124	150	1.1129
124	154	0.940283
124	162	1.07563
124	163	1.25126
124	172	1.5132
124	173	1.19506
124	175	1.13452
124	176	1.41223
125	15	0.929178
125	19	0.997177
125	31	0.985228
125	61	1.02353
125	62	0.923978
125	68	1.00453
125	73	0.988606
125	81	0.952103
125	82	1.0661
125	85	1.0137
125	89	1.01311
125	93	1.01187
125	97	0.997182
125	99	0.992691
125	105	1.01789
125	106	1.01287
125	111	0.85236
125	132	1.01204
125	140	1.02983
125	141	1.24032
125	148	1.1421
125	149	1.02268
125	152	1.02276
125	155	1.08524
125	160	1.29075
125	161	0.918969
125	162	1.06303
125	169	1.22746
125	170	1.17604
125	171	1.30322
126	5	1.04824
126	16	0.933186
126	17	1.02238
126	30	1.01343
126	45	1.09775
126	79	0.972986
126	80	0.95282
126	98	0.976689
126	101	0.987358
126	102	0.964478
126	114	1.00047
126	115	0.994188
126	118	0.736989
126	119	0.797209
126	123	1.0335
126	124	1.01764
126	127	1.14172
126	128	0.985598
126	129	1.24129
126	130	1.00594
126	134	0.983339
126	136	0.999775
126	145	1.25505
126	146	1.00423
126	148	0.973427
126	154	0.924883
126	162	1.06023
126	163	1.19787
126	167	1.42671
126	180	1.414
127	3	1.09279
127	10	1.29397
127	38	1.27674
127	44	1.07728
127	45	0.89811
127	49	1.09201
127	84	1.4395
127	122	1.07989
127	126	1.14172
127	135	0.876923
127	141	0.981752
127	144	0.906477
127	153	1.01325
127	156	0.988921
127	157	0.933354
127	158	0.9586
127	160	0.94394
127	163	0.952541
127	164	0.933954
127	165	0.974313
127	168	0.961673
127	169	0.977222
127	170	0.958097
127	171	0.930703
127	172	0.902091
127	174	0.915093
127	176	0.90773
127	177	0.904442
127	178	0.889233
127	179	0.881538
127	180	0.891809
128	10	0.901504
128	17	1.00574
128	30	0.996792
128	32	0.981995
128	45	1.08111
128	72	0.9755
128	79	0.956348
128	80	0.936181
128	86	1.00597
128	98	0.96005
128	101	0.970719
128	114	0.983834
128	118	0.844535
128	123	1.01686
128	124	1.001
128	126	0.985598
128	130	0.989299
128	134	0.966701
128	136	0.983136
128	146	0.987591
128	147	1.01965
128	148	0.956788
128	149	1.00324
128	158	1.34509
128	161	1.55496
128	162	1.0436
128	163	1.30542
128	166	1.10671
128	170	1.16433
128	171	1.29151
128	175	1.18869
129	8	0.887115
129	22	0.862343
129	28	0.842713
129	29	1.38113
129	87	0.891774
129	91	1.3038
129	93	1.34387
129	94	0.937417
129	99	0.936798
129	109	1.37459
129	116	0.952969
129	126	1.24129
129	132	0.956146
129	135	0.828855
129	138	0.981208
129	140	0.973939
129	141	0.933685
129	142	0.97063
129	143	0.97664
129	144	0.858409
129	149	1.14125
129	152	1.12139
129	158	0.910532
129	161	0.863076
129	163	0.904473
129	166	0.949788
129	174	0.867025
129	176	0.859662
129	177	0.856374
129	178	0.841165
129	180	0.843741
130	5	1.05194
130	7	0.927094
130	10	0.921844
130	16	0.936887
130	32	1.00233
130	48	0.719547
130	49	0.813583
130	72	0.995839
130	79	0.976687
130	80	0.956521
130	86	1.02631
130	98	0.98039
130	101	0.991059
130	105	1.06134
130	111	0.895805
130	115	0.997889
130	123	1.0372
130	124	1.02134
130	126	1.00594
130	128	0.989299
130	133	0.980656
130	134	0.98704
130	136	1.00348
130	139	1.10676
130	146	1.00793
130	148	0.977127
130	149	1.02358
130	154	0.928584
130	155	1.12869
130	159	1.48457
130	162	1.06393
130	168	1.21136
130	169	1.2709
130	179	1.66375
131	4	0.624575
131	8	0.939688
131	13	0.595225
131	33	0.999518
131	36	0.9895
131	37	0.938637
131	41	0.991331
131	52	0.955569
131	54	1.0448
131	59	0.992836
131	65	0.948771
131	66	1.01657
131	70	0.990626
131	74	1.14615
131	83	1.02032
131	88	1.04365
131	91	0.998419
131	92	1.00924
131	95	0.990344
131	104	1.0078
131	109	0.972354
131	110	1.01659
131	121	0.963523
131	122	1.02015
131	135	1.72524
131	139	0.963772
131	147	1.02579
131	151	1.05596
131	152	1.01944
131	167	0.91425
131	168	0.966178
131	174	1.38826
131	176	1.37856
131	178	1.47674
132	10	0.925148
132	13	0.661098
132	15	0.933387
132	19	1.00138
132	20	1.00782
132	22	0.922444
132	28	0.902815
132	34	0.986799
132	38	0.989142
132	56	0.909218
132	68	1.00874
132	75	0.978666
132	82	1.07031
132	89	1.01732
132	94	0.997519
132	99	0.9969
132	106	1.01708
132	107	1.11205
132	112	1.12056
132	116	1.01307
132	125	1.01204
132	129	0.956146
132	138	1.04131
132	140	1.03404
132	142	1.03073
132	145	1.34063
132	147	0.997689
132	148	1.10843
132	155	1.05157
132	160	1.25708
132	161	0.923177
132	170	1.14237
132	178	1.54261
132	180	1.49958
133	37	0.913879
133	46	1.04074
133	60	0.994569
133	65	0.924013
133	70	0.965867
133	71	0.961337
133	86	0.997325
133	88	1.01889
133	91	0.97366
133	95	0.965586
133	98	0.951407
133	100	1.08234
133	107	1.07977
133	109	0.947596
133	113	0.994171
133	114	0.975191
133	115	0.968906
133	118	0.836335
133	119	0.896555
133	120	1.04065
133	123	1.00822
133	124	0.992355
133	130	0.980656
133	136	0.974493
133	137	1.17111
133	146	0.978948
133	147	1.00104
133	148	0.948145
133	151	1.13559
133	154	0.899601
133	158	1.33689
133	160	1.27084
133	162	1.03495
133	171	1.28331
133	179	1.6004
134	5	1.02934
134	7	0.904495
134	16	0.914289
134	17	1.00348
134	30	0.994533
134	45	1.07885
134	72	0.973241
134	79	0.954089
134	80	0.933923
134	86	1.00371
134	87	1.27128
134	98	0.957791
134	101	0.96846
134	114	0.981575
134	115	0.975291
134	123	1.0146
134	124	0.998739
134	126	0.983339
134	128	0.966701
134	130	0.98704
134	136	0.980877
134	144	1.61077
134	146	0.985332
134	148	0.954529
134	149	1.00099
134	151	1.10472
134	153	1.05872
134	154	0.905986
134	156	1.13578
134	157	1.36779
134	162	1.04134
134	164	1.30425
134	168	1.11714
134	170	1.12526
134	175	1.14961
135	16	1.66207
135	18	0.950251
135	19	1.64588
135	59	0.880114
135	92	1.66007
135	100	0.882328
135	103	0.880066
135	111	0.945597
135	117	1.70711
135	119	0.961768
135	120	0.894002
135	127	0.876923
135	129	0.828855
135	131	1.72524
135	136	1.59865
135	150	0.883111
135	155	0.90126
135	156	0.873664
135	157	0.818098
135	158	0.843343
135	161	0.795887
135	163	0.837284
135	164	0.818697
135	165	0.859057
135	166	0.882599
135	170	0.84284
135	172	0.786834
135	173	0.835777
135	174	0.799836
135	176	0.792473
135	177	0.789185
135	178	0.773976
135	179	0.766281
135	180	0.776552
136	5	1.04578
136	16	0.930724
136	17	1.01992
136	24	1.08124
136	26	1.01717
136	30	1.01097
136	32	0.996171
136	45	1.09529
136	72	0.989677
136	79	0.970524
136	80	0.950358
136	86	1.02014
136	98	0.974227
136	100	0.876112
136	101	0.984896
136	112	0.928102
136	114	0.998011
136	115	0.991726
136	123	1.03104
136	124	1.01517
136	126	0.999775
136	128	0.983136
136	130	1.00348
136	133	0.974493
136	134	0.980877
136	135	1.59865
136	146	1.00177
136	148	0.970965
136	149	1.01742
136	150	0.952635
136	153	0.883373
136	154	0.922421
136	158	1.13066
136	165	1.02398
136	172	1.35294
136	177	1.28521
136	178	1.35015
137	9	1.05522
137	14	0.974341
137	41	0.980546
137	42	0.979007
137	45	0.828163
137	54	1.03401
137	70	1.09502
137	77	0.958282
137	81	1.11893
137	86	1.1998
137	88	1.02799
137	92	0.998458
137	93	1.17435
137	98	1.15054
137	104	0.997014
137	110	1.0058
137	117	0.982699
137	121	0.952739
137	122	1.00937
137	133	1.17111
137	140	1.04596
137	141	0.975474
137	156	0.982642
137	158	0.952321
137	162	0.905461
137	164	0.927675
137	165	0.968035
137	167	0.903466
137	168	0.955394
137	171	0.924424
137	173	0.944754
137	175	0.966975
137	176	0.901451
137	177	0.898163
