1	114	1.17264
1	117	0.946719
1	123	0.72507
1	133	1.1086
1	141	0.692088
1	150	1.13528
1	155	0.67768
1	167	1.05739
1	168	0.950231
1	172	1.13949
1	176	1.04781
1	177	1.04197
2	33	1.03961
2	82	0.766034
2	120	0.829218
2	152	1.09155
2	153	1.06826
2	154	1.06138
2	161	1.0803
2	164	1.06528
2	171	1.04694
2	175	1.06528
2	176	1.10638
2	180	1.08144
3	29	1.16521
3	87	0.883867
3	157	1.16805
3	166	1.06427
3	167	1.05521
3	170	0.680095
3	171	0.737412
3	172	1.13731
3	176	1.04563
3	178	1.01462
3	179	1.06592
3	180	0.677866
4	40	1.14304
4	41	1.16055
4	78	1.07312
4	106	1.04803
4	124	1.02751
4	134	1.03899
4	138	0.763638
4	144	1.01916
4	150	1.05694
4	174	1.0326
4	178	1.05333
4	179	0.88682
5	52	1.03906
5	61	1.00391
5	70	0.875297
5	89	1.09581
5	101	1.02158
5	134	1.08603
5	139	1.10369
5	144	1.06619
5	150	1.10397
5	159	0.873763
5	174	1.07963
5	178	0.954755
6	26	0.952682
6	93	0.847523
6	137	0.908313
6	154	1.06358
6	158	1.07717
6	161	1.08251
6	165	1.06063
6	170	1.06878
6	171	1.04914
6	174	1.04712
6	175	1.06749
6	180	1.08364
7	71	1.13566
7	118	1.17362
7	125	1.23982
7	151	0.755461
7	152	1.22909
7	160	0.590125
7	165	1.19596
7	166	0.706462
7	169	0.754919
7	170	1.20412
7	175	1.20283
7	180	1.21898
8	53	1.29931
8	62	1.15209
8	89	0.443326
8	99	1.20305
8	112	1.18934
8	131	1.18477
8	132	0.482679
8	140	1.20505
8	154	0.561348
8	160	1.22865
8	176	1.13811
8	180	0.498361
9	15	0.834269
9	58	0.772539
9	64	0.605233
9	80	0.79645
9	94	0.832009
9	149	0.862291
9	151	0.829175
9	166	0.829921
9	167	0.820858
9	177	0.805439
9	178	0.780266
9	179	0.831568
10	35	0.594059
10	37	0.560978
10	38	1.17132
10	104	1.23634
10	106	0.451014
10	144	0.386922
10	146	1.17303
10	157	1.24389
10	158	1.21464
10	165	1.1981
10	179	1.14175
10	180	1.22111
11	39	0.639717
11	49	0.667625
11	88	1.19337
11	147	1.17655
11	156	1.18299
11	162	0.630671
11	163	0.865506
11	165	1.2041
11	170	1.21226
11	171	1.19262
11	175	1.21096
11	180	1.22712
12	104	0.502103
12	152	1.22564
12	156	1.17141
12	157	0.595621
12	158	1.20906
12	164	1.19937
12	170	1.20067
12	174	1.17901
12	175	1.19938
12	177	0.830921
12	178	0.876823
12	180	1.21553
13	118	0.713378
13	126	1.07487
13	157	1.17563
13	165	0.682884
13	168	0.955627
13	169	1.05277
13	172	1.14489
13	176	1.05321
13	177	1.04736
13	178	1.02219
13	179	1.07349
13	180	0.699257
14	86	1.01709
14	128	1.09374
14	139	0.458285
14	159	1.07797
14	161	0.831508
14	167	1.07894
14	173	1.07139
14	174	0.794801
14	176	1.06936
14	177	1.06352
14	178	1.03834
14	179	1.08965
15	9	0.834269
15	79	0.478665
15	93	1.20403
15	104	1.14525
15	114	1.1552
15	142	1.11456
15	145	1.09294
15	161	0.827152
15	169	1.02993
15	177	1.02453
15	178	0.999358
15	180	0.787528
16	105	1.07351
16	108	1.04685
16	116	1.07168
16	123	1.07563
16	129	1.0516
16	147	1.04206
16	160	0.856059
16	165	1.0696
16	172	0.902843
16	175	1.07647
16	179	0.948287
16	180	1.09262
17	35	1.16996
17	78	1.23457
17	89	1.21022
17	99	0.554048
17	133	1.19171
17	134	1.20044
17	136	0.941334
17	144	1.18061
17	150	1.21839
17	151	0.718408
17	172	0.599856
17	174	1.19405
18	27	1.18352
18	51	0.545089
18	69	0.629591
18	121	0.464516
18	137	1.25505
18	166	1.19535
18	169	1.17627
18	172	1.26839
18	173	1.17874
18	178	1.1457
18	179	1.197
18	180	0.359772
19	39	1.01469
19	65	1.04925
19	86	0.882082
19	87	0.772589
19	99	0.999298
19	134	1.071
19	160	1.02489
19	171	1.32427
19	173	0.936384
19	176	0.934356
19	177	0.928512
19	178	0.90334
19	179	0.954641
20	34	0.663816
20	41	0.717543
20	63	1.12972
20	66	1.09457
20	87	0.82678
20	108	1.04242
20	124	0.881666
20	152	1.09831
20	158	1.08172
20	175	1.07204
20	178	0.957531
20	179	1.00883
20	180	1.08819
21	95	0.614509
21	108	0.593059
21	122	1.1947
21	137	1.21351
21	159	1.14379
21	162	1.24031
21	167	1.14476
21	168	1.0376
21	169	1.13474
21	174	0.466733
21	175	0.522207
21	176	1.13518
21	179	1.15547
22	26	0.621393
22	88	1.13658
22	148	1.15875
22	152	1.18044
22	156	1.12621
22	158	1.16386
22	164	1.15417
22	169	0.860684
22	170	1.15547
22	172	0.742674
22	175	1.15418
22	179	0.788118
22	180	1.17033
23	82	1.24124
23	87	0.978518
23	101	0.393995
23	106	0.59745
23	118	0.578
23	160	1.23082
23	164	0.613403
23	169	1.13984
23	172	1.23196
23	173	1.14231
23	176	1.14029
23	177	1.13444
23	179	1.16057
24	75	0.696038
24	85	1.15568
24	133	0.764039
24	137	0.654831
24	148	1.18087
24	153	1.17928
24	158	1.18598
24	164	1.17629
24	166	0.890034
24	168	0.995223
24	171	1.15795
24	175	1.1763
24	180	1.19245
25	119	0.686879
25	121	1.13932
25	141	1.18127
25	145	0.855348
25	154	1.154
25	156	1.12994
25	160	0.756874
25	161	1.17293
25	162	0.709034
25	165	1.15105
25	171	1.13956
25	175	1.15791
25	180	1.17406
26	6	0.952682
26	22	0.621393
26	112	1.18703
26	123	0.604058
26	139	0.207983
26	146	1.18736
26	166	1.15444
26	169	1.13536
26	172	1.22748
26	173	1.13783
26	176	1.1358
26	177	1.12996
26	178	1.10479
27	18	1.18352
27	53	1.17539
27	57	0.912718
27	149	1.0652
27	151	1.03208
27	163	0.987134
27	165	0.68373
27	168	0.916611
27	176	1.01419
27	177	1.00835
27	178	0.983176
27	179	1.03448
27	180	0.700103
28	60	0.967455
28	61	0.760642
28	90	1.07741
28	128	1.01318
28	130	1.11615
28	138	1.07132
28	141	0.737994
28	142	1.07298
28	147	0.788021
28	159	0.997399
28	162	1.09392
28	166	1.00743
28	177	0.98295
29	3	1.16521
29	31	0.327897
29	92	0.689358
29	104	1.24184
29	154	0.586257
29	160	1.2175
29	166	1.1456
29	167	1.13654
29	171	0.582815
29	173	1.12899
29	177	1.12112
29	178	1.09595
29	179	1.14725
30	123	1.15564
30	140	0.717509
30	141	1.17983
30	143	1.13734
30	150	0.655536
30	158	1.16615
30	162	0.685626
30	170	1.15777
30	171	1.13813
30	174	1.13611
30	175	1.15647
30	177	0.9463
30	180	1.17263
31	29	0.327897
31	37	1.20545
31	40	1.34063
31	79	1.26114
31	115	1.21333
31	119	1.25318
31	124	1.2251
31	139	1.25425
31	144	1.21675
31	166	0.537043
31	168	1.29452
31	172	0.467491
31	174	1.23019
31	176	0.589749
32	87	0.906521
32	92	1.09629
32	108	1.12216
32	147	1.11737
32	150	0.666927
32	152	1.17805
32	153	1.15476
32	155	1.13842
32	160	0.744858
32	161	1.1668
32	164	1.15178
32	177	0.957691
32	179	0.837087
32	180	1.16794
33	2	1.03961
33	112	0.763189
33	118	1.1195
33	127	1.10519
33	137	0.671792
33	147	1.11429
33	155	1.13534
33	156	1.12073
33	157	0.768191
33	165	1.14184
33	171	1.13036
33	174	1.12834
33	177	1.00349
33	180	1.16486
34	20	0.663816
34	52	1.07887
34	56	1.08003
34	58	0.797206
34	89	1.13561
34	91	1.19195
34	97	0.591809
34	98	1.08302
34	106	1.13487
34	139	1.1435
34	144	1.106
34	155	1.12645
34	168	1.0775
34	174	1.11944
35	10	0.594059
35	17	1.16996
35	50	0.725891
35	52	1.06898
35	106	1.12498
35	109	1.09913
35	114	0.731193
35	119	1.13254
35	124	1.10446
35	134	1.11594
35	139	1.13361
35	150	1.13389
35	155	1.11656
35	178	1.05143
36	103	0.535249
36	111	0.480221
36	113	1.09376
36	125	0.421114
36	140	1.3137
36	142	1.33095
36	150	1.33422
36	152	0.453143
36	168	1.14918
36	170	0.404882
36	173	1.24878
36	176	1.24676
36	178	1.21574
36	179	1.26704
37	10	0.560978
37	31	1.20545
37	89	1.12507
37	101	1.05084
37	106	1.12433
37	128	0.881319
37	133	1.10656
37	139	1.13296
37	142	0.734617
37	149	1.09678
37	150	1.13324
37	155	1.11591
37	174	1.1089
37	176	0.928656
38	10	1.17132
38	83	0.913196
38	85	1.12012
38	104	0.739532
38	130	0.776929
38	147	1.10633
38	150	0.777586
38	153	1.14371
38	154	1.13683
38	168	0.959662
38	170	1.14203
38	171	1.12239
38	175	1.14074
38	180	1.15689
39	11	0.639717
39	19	1.01469
39	81	1.21879
39	100	0.66948
39	120	1.18627
39	126	1.10939
39	141	0.606778
39	146	1.13928
39	158	0.580556
39	159	1.09632
39	163	1.06066
39	169	1.08728
39	172	1.1794
39	179	1.108
40	4	1.14304
40	31	1.34063
40	65	0.452512
40	91	1.31659
40	101	1.18602
40	124	1.23899
40	139	1.26814
40	144	1.23064
40	145	0.479262
40	149	1.23196
40	168	1.2546
40	169	0.545583
40	173	0.595365
40	174	1.24408
41	4	1.16055
41	20	0.717543
41	61	1.18587
41	97	0.645537
41	106	1.27702
41	115	1.24473
41	122	0.42593
41	134	1.26798
41	139	1.28565
41	144	1.24815
41	155	1.2686
41	168	1.13122
41	172	0.304199
41	174	1.26159
42	51	1.10233
42	58	1.03986
42	63	0.768041
42	104	0.770859
42	115	0.82518
42	117	0.977515
42	121	1.14352
42	156	1.13413
42	162	0.839004
42	165	1.15524
42	170	1.1634
42	171	1.14376
42	175	1.1621
42	180	1.17826
43	55	1.04738
43	84	1.15947
43	103	1.11739
43	107	0.700373
43	132	1.12188
43	135	1.15262
43	150	0.697448
43	153	1.12485
43	165	1.11501
43	169	0.940173
43	174	1.10151
43	175	1.12188
43	179	0.867608
43	180	1.13803
44	66	0.643851
44	85	1.12695
44	95	1.16496
44	100	1.07679
44	117	0.962985
44	118	1.11837
44	161	1.16259
44	164	1.14757
44	170	1.14887
44	174	1.1272
44	176	0.864428
44	177	0.908219
44	179	0.787615
44	180	1.16373
45	61	1.05488
45	78	1.17112
45	84	0.597634
45	91	1.20311
45	92	0.668005
45	105	0.585751
45	131	1.11413
45	140	1.13442
45	144	1.11716
45	161	0.54154
45	162	1.1726
45	163	1.04042
45	174	1.1306
45	177	1.06163
46	47	1.20783
46	66	0.867451
46	79	1.12319
46	91	1.16475
46	97	1.30711
46	106	1.10767
46	124	1.08714
46	134	1.09863
46	139	1.11629
46	144	1.07879
46	150	1.11657
46	155	1.09924
46	175	0.00592066
46	179	1.01122
47	46	1.20783
47	64	3.4
47	98	1.21281
47	106	1.26467
47	113	0.20984
47	115	1.23238
47	124	1.24414
47	134	1.25563
47	139	1.2733
47	144	1.23579
47	150	1.27358
47	157	0.166809
47	167	0.180737
47	168	0.156673
48	51	1.05054
48	107	0.713159
48	132	1.11032
48	143	1.09117
48	148	1.11489
48	152	1.13658
48	153	1.11329
48	157	0.765699
48	161	1.12533
48	168	0.929237
48	171	1.09197
48	175	1.11031
48	178	1.0469
48	179	0.880394
48	180	1.12647
49	11	0.667625
49	92	0.771281
49	93	1.24652
49	110	1.09347
49	112	1.12409
49	123	0.667667
49	128	1.09725
49	146	1.12442
49	165	0.588818
49	167	1.08244
49	168	0.97528
49	173	1.07489
49	176	1.07286
49	177	1.06702
49	178	1.04185
50	35	0.725891
50	57	0.76189
50	80	1.06714
50	86	1.0297
50	143	0.603221
50	145	1.14453
50	166	1.10061
50	167	1.09155
50	169	1.08153
50	172	1.17365
50	175	0.607665
50	176	1.08197
50	177	1.07613
50	178	1.05096
50	179	1.10226
51	18	0.545089
51	42	1.10233
51	48	1.05054
51	88	1.09701
51	96	0.828338
51	125	1.1516
51	154	1.11069
51	156	1.08663
51	164	1.1146
51	165	1.10774
51	166	0.917733
51	168	0.933526
51	175	1.1146
51	177	1.01423
51	180	1.13075
52	5	1.03906
52	34	1.07887
52	35	1.06898
52	78	1.13359
52	79	1.12402
52	91	1.16558
52	101	1.03501
52	109	1.08265
52	114	0.536756
52	134	1.09946
52	144	1.07963
52	162	0.550418
52	168	1.47207
52	174	1.09307
52	178	0.856994
53	8	1.29931
53	27	1.17539
53	75	1.28167
53	109	0.625318
53	124	0.307486
53	144	0.471508
53	148	0.566986
53	155	0.517114
53	162	1.27371
53	163	1.14153
53	173	1.17061
53	176	1.16858
53	177	1.16274
53	178	1.13757
53	179	1.18887
54	94	1.07436
54	99	1.11858
54	110	1.07425
54	114	1.17846
54	138	1.13617
54	154	0.670474
54	160	1.14418
54	161	0.647109
54	163	1.02658
54	166	1.07228
54	174	0.610402
54	175	0.665876
54	176	1.05364
54	177	1.04779
54	179	1.07392
55	43	1.04738
55	94	0.911668
55	102	0.655995
55	123	1.09904
55	143	1.08074
55	147	1.06547
55	151	0.918009
55	154	1.09597
55	155	1.08652
55	161	1.1149
55	165	1.09302
55	170	1.10117
55	175	1.09988
55	176	0.921714
55	180	1.11603
56	34	1.08003
56	98	1.05781
56	107	0.57045
56	115	1.07737
56	117	1.25857
56	124	1.08914
56	134	1.10062
56	139	1.11829
56	144	1.08079
56	146	0.721058
56	149	1.08211
56	150	1.11857
56	155	1.10124
56	174	1.09423
56	177	0.858289
57	27	0.912718
57	50	0.76189
57	77	1.09971
57	116	1.08956
57	127	1.05084
57	130	0.750106
57	141	1.1177
57	154	1.09044
57	155	1.08099
57	162	0.780854
57	164	1.09434
57	170	1.09564
57	171	1.076
57	175	1.09435
57	180	1.1105
58	9	0.772539
58	34	0.797206
58	42	1.03986
58	78	1.10782
58	88	1.03454
58	139	0.875999
58	149	1.01965
58	151	0.986536
58	152	1.0784
58	166	0.987283
58	172	1.06032
58	175	1.05214
58	177	0.9628
58	178	0.937628
58	180	1.06829
59	96	1.11075
59	121	0.678997
59	142	1.13942
59	146	1.1068
59	148	0.639211
59	153	0.643111
59	162	1.16036
59	163	1.02818
59	167	1.06481
59	169	1.05479
59	171	0.633798
59	172	1.14691
59	173	1.05726
59	176	1.05523
59	179	1.07552
60	28	0.967455
60	64	0.78
60	76	0.981227
60	110	1.00666
60	127	1.0101
60	140	1.05299
60	151	1.00394
60	158	0.952898
60	165	0.933253
60	166	1.00469
60	167	0.995625
60	172	1.07773
60	173	0.988078
60	177	0.980206
60	178	0.955034
60	179	1.00634
61	5	1.00391
61	28	0.760642
61	41	1.18587
61	45	1.05488
61	91	1.13043
61	98	1.0215
61	102	0.571544
61	112	0.640752
61	124	1.05282
61	133	1.05558
61	139	1.08198
61	144	1.04448
61	149	1.0458
61	155	1.06493
61	168	1.54203
61	174	1.05792
62	8	1.15209
62	90	1.10998
62	130	1.14873
62	137	1.0997
62	153	0.729139
62	156	0.691377
62	158	0.663554
62	159	1.02997
62	160	1.11191
62	164	0.709806
62	166	1.04
62	167	1.03094
62	173	1.02339
62	176	1.02137
62	178	0.99035
62	179	1.04165
63	20	1.12972
63	42	0.768041
63	136	1.11036
63	138	1.23109
63	144	0.466755
63	154	0.560263
63	157	1.27098
63	159	1.15716
63	166	1.1672
63	169	1.14812
63	173	1.15058
63	174	0.500192
63	176	1.14856
63	178	1.11754
63	179	1.16884
63	180	0.497275
64	9	0.605233
64	47	3.4
64	60	0.78
64	80	0.786506
64	119	0.887451
64	120	0.899888
64	123	0.883997
64	141	0.908191
64	146	0.8529
64	152	0.911097
64	153	0.88781
64	162	0.906464
64	167	0.810914
64	169	0.800898
64	172	0.893018
64	175	0.884834
64	180	0.900986
65	19	1.04925
65	40	0.452512
65	73	1.18615
65	89	0.632767
65	91	0.46004
65	116	0.729237
65	126	1.14395
65	128	1.14667
65	150	1.20975
65	151	1.14017
65	158	0.691074
65	162	1.22741
65	168	1.0247
65	169	1.12184
65	177	1.11644
65	178	1.09127
65	179	1.14257
66	20	1.09457
66	44	0.643851
66	46	0.867451
66	98	0.391185
66	112	1.16464
66	115	1.15968
66	142	1.1976
66	143	0.61849
66	158	0.567816
66	163	1.08635
66	166	1.13205
66	167	1.12299
66	172	1.20509
66	176	1.11341
66	177	1.10757
66	178	1.0824
66	179	1.1337
67	71	0.816017
67	81	1.11859
67	83	1.0337
67	119	1.07362
67	131	1.03417
67	141	0.726279
67	157	1.10993
67	160	1.07805
67	162	1.09264
67	166	1.00615
67	167	0.997087
67	170	0.699014
67	172	1.07919
67	175	0.755175
67	176	0.987512
67	177	0.981669
67	179	1.0078
68	77	1.07063
68	93	1.09418
68	114	1.04535
68	122	0.980045
68	136	0.882323
68	137	0.998855
68	140	0.987465
68	143	1.04872
68	145	0.983086
68	151	0.938416
68	159	0.929129
68	160	1.01106
68	162	1.02565
68	165	0.978403
68	176	0.920524
68	177	0.914681
68	178	0.889508
69	18	0.629591
69	72	0.970656
69	73	0.786922
69	82	0.714598
69	87	0.924637
69	118	1.1407
69	120	0.777782
69	125	1.20689
69	141	1.19326
69	143	1.15076
69	149	0.889262
69	161	1.18492
69	170	1.17119
69	171	1.15155
69	174	1.14953
69	175	1.1699
69	180	1.18605
70	5	0.875297
70	73	1.06608
70	102	1.10624
70	138	1.08474
70	140	1.06915
70	145	1.06477
70	151	1.0201
70	156	0.826452
70	157	1.12463
70	158	0.798629
70	159	1.01081
70	163	0.975151
70	168	0.904628
70	173	1.00424
70	176	1.00221
70	177	0.996366
70	178	0.971193
70	180	0.795357
71	7	1.13566
71	67	0.816017
71	85	1.08659
71	115	0.673647
71	143	1.08807
71	148	1.11179
71	149	0.738675
71	154	1.1033
71	158	1.11689
71	161	1.12223
71	164	1.10721
71	165	1.10035
71	170	1.10851
71	171	1.08887
71	172	0.782096
71	175	1.10721
71	178	0.994046
71	180	1.12337
72	69	0.970656
72	94	0.912366
72	95	0.992521
72	101	1.15403
72	123	0.974298
72	133	0.952426
72	134	1.13019
72	139	0.990311
72	150	0.979105
72	156	0.947162
72	157	1.01406
72	160	0.982178
72	166	0.910278
72	172	0.983319
72	174	0.954766
72	175	0.975135
72	178	0.860623
72	180	0.991287
73	65	1.18615
73	69	0.786922
73	70	1.06608
73	86	1.01898
73	95	0.667796
73	104	1.18613
73	108	0.646346
73	122	1.13078
73	151	1.08915
73	157	1.19368
73	158	0.520376
73	166	1.0899
73	172	1.16294
73	173	1.07328
73	175	0.575493
73	176	1.07126
73	178	1.04024
73	179	1.09154
74	82	1.16016
74	137	1.13754
74	139	0.338494
74	146	1.11077
74	150	1.14667
74	157	1.18163
74	159	1.06781
74	160	1.14975
74	162	1.16433
74	164	0.721618
74	170	0.674322
74	173	1.06124
74	174	0.67501
74	176	1.05921
74	177	1.05337
74	178	1.02819
74	179	1.07949
74	180	0.672093
75	24	0.696038
75	53	1.28167
75	82	1.22143
75	120	1.21902
75	123	0.600895
75	131	1.16713
75	134	0.344697
75	138	1.20301
75	150	1.20794
75	159	1.12908
75	163	1.09342
75	164	0.587945
75	165	0.522047
75	172	1.21215
75	176	1.12047
75	177	1.11463
75	178	1.08946
75	179	1.14076
75	180	0.53842
76	60	0.981227
76	96	1.05808
76	107	1.09371
76	121	0.899652
76	128	1.02695
76	131	1.04922
76	145	1.06513
76	151	1.02046
76	158	0.79818
76	163	0.975506
76	164	0.844432
76	166	1.0212
76	168	0.904984
76	169	1.00212
76	173	1.00459
76	175	0.853298
76	176	1.00256
76	178	0.971549
76	179	1.02285
77	57	1.09971
77	68	1.07063
77	93	0.512279
77	121	1.16115
77	132	1.17975
77	140	0.675976
77	145	0.790407
77	147	1.14533
77	148	1.18431
77	150	0.614003
77	154	1.17583
77	156	1.15177
77	158	1.18942
77	161	1.19476
77	162	0.644093
77	170	1.18103
77	171	1.16139
77	175	1.17974
77	180	1.19589
78	4	1.07312
78	17	1.23457
78	45	1.17112
78	52	1.13359
78	58	1.10782
78	80	0.989095
78	83	0.571976
78	91	1.24667
78	101	1.1161
78	115	1.1573
78	119	1.19715
78	124	1.16907
78	134	1.18055
78	136	0.90256
78	139	1.19822
78	144	1.16072
78	149	1.16204
78	153	0.0271963
78	173	0.728873
79	15	0.478665
79	31	1.26114
79	46	1.12319
79	52	1.12402
79	80	0.782013
79	87	1.80965
79	106	1.18002
79	109	1.15417
79	124	1.1595
79	133	1.16225
79	134	1.17098
79	139	1.18865
79	142	0.282219
79	144	1.15115
79	150	1.18893
79	155	1.1716
79	159	0.484959
79	174	1.16459
79	176	0.476258
80	9	0.79645
80	50	1.06714
80	64	0.786506
80	78	0.989095
80	79	0.782013
80	98	0.917518
80	118	1.04685
80	124	0.896334
80	138	1.07509
80	153	1.07903
80	161	1.09107
80	163	0.965497
80	164	1.07604
80	166	1.01119
80	171	1.0577
80	175	1.07605
80	176	0.992555
80	177	0.986712
80	180	1.0922
81	39	1.21879
81	67	1.11859
81	83	1.18465
81	86	1.08619
81	95	0.655603
81	98	0.331552
81	112	1.18969
81	126	1.16013
81	135	0.557269
81	140	1.2054
81	155	0.519997
81	157	1.26088
81	160	1.229
81	164	0.554436
81	167	1.14804
81	171	0.564456
81	177	1.13262
81	178	1.10744
81	179	1.15875
82	2	0.766034
82	23	1.24124
82	69	0.714598
82	74	1.16016
82	75	1.22143
82	83	1.15453
82	115	1.15461
82	130	1.2357
82	135	0.497137
82	142	1.19253
82	143	0.498726
82	144	0.414259
82	162	1.21347
82	167	1.11792
82	171	0.504324
82	172	1.20002
82	177	1.1025
82	178	1.07732
82	179	1.12863
83	38	0.913196
83	67	1.0337
83	78	0.571976
83	81	1.18465
83	82	1.15453
83	102	1.1576
83	136	1.01537
83	145	1.11614
83	157	1.17599
83	165	0.657384
83	167	1.06315
83	168	0.955994
83	170	0.675986
83	172	1.14526
83	174	0.676674
83	176	1.05358
83	177	1.04773
83	178	1.02256
83	179	1.07386
84	43	1.15947
84	45	0.597634
84	92	1.15647
84	102	0.61512
84	109	1.18118
84	117	1.02738
84	129	1.18711
84	130	0.633208
84	147	1.17756
84	148	1.21655
84	154	1.20806
84	158	1.22165
84	162	0.663956
84	168	1.03089
84	169	0.876591
84	171	1.19362
84	173	0.926372
84	175	1.21197
84	180	1.22812
85	24	1.15568
85	38	1.12012
85	44	1.12695
85	71	1.08659
85	103	1.14927
85	125	1.19075
85	129	1.12889
85	133	0.678106
85	138	0.65681
85	146	0.763366
85	148	1.15833
85	156	1.12578
85	163	0.874757
85	164	1.15375
85	165	1.14689
85	167	0.852547
85	174	1.13339
85	175	1.15376
85	179	0.779992
85	180	1.16991
86	14	1.01709
86	19	0.882082
86	50	1.0297
86	73	1.01898
86	81	1.08619
86	114	1.07994
86	115	1.00138
86	128	0.979499
86	132	0.866421
86	135	0.934461
86	138	1.03765
86	141	0.911597
86	162	1.06024
86	169	0.954674
86	172	1.04679
86	173	0.957142
86	177	0.949271
86	178	0.924098
86	179	0.9754
86	180	0.882103
87	3	0.883867
87	19	0.772589
87	20	0.82678
87	23	0.978518
87	32	0.906521
87	69	0.924637
87	79	1.80965
87	111	0.952218
87	122	0.905142
87	135	0.959863
87	144	2.088
87	159	0.854226
87	160	0.936159
87	162	0.950746
87	166	0.864259
87	168	0.748039
87	171	0.910769
87	178	0.814604
87	179	0.865906
87	180	0.945268
88	11	1.19337
88	22	1.13658
88	51	1.09701
88	58	1.03454
88	90	0.635446
88	103	1.1523
88	116	1.152
88	119	0.635538
88	125	1.19378
88	132	1.15679
88	135	1.18753
88	136	1.03509
88	150	0.627603
88	158	1.16646
88	161	1.1718
88	165	1.14992
88	169	0.870328
88	176	0.874576
88	178	0.964269
88	180	1.17294
89	5	1.09581
89	8	0.443326
89	17	1.21022
89	34	1.13561
89	37	1.12507
89	65	0.632767
89	98	1.11339
89	101	1.09175
89	106	1.16525
89	110	0.686775
89	119	1.1728
89	124	1.14472
89	131	0.565712
89	133	1.14747
89	144	1.13637
89	149	1.1377
89	150	1.17415
89	168	1.43485
89	174	1.14981
89	179	0.653273
90	28	1.07741
90	62	1.10998
90	88	0.635446
90	105	0.629826
90	116	0.587426
90	129	0.63835
90	131	1.14266
90	135	0.598349
90	138	1.17854
90	145	1.15857
90	159	1.10461
90	162	1.20113
90	163	1.06895
90	167	1.10558
90	169	1.09556
90	172	1.18768
90	173	1.09803
90	175	0.604381
90	177	1.09016
90	178	1.06499
90	179	1.11629
91	34	1.19195
91	40	1.31659
91	45	1.20311
91	46	1.16475
91	52	1.16558
91	61	1.13043
91	65	0.46004
91	78	1.24667
91	98	1.16973
91	101	1.14809
91	113	2.49212
91	124	1.20106
91	130	0.309729
91	134	1.21254
91	136	0.776579
91	139	1.23021
91	155	1.21316
91	160	0.388317
91	164	0.00543272
91	174	1.20615
91	179	0.480546
92	29	0.689358
92	32	1.09629
92	45	0.668005
92	49	0.771281
92	84	1.15647
92	111	1.14198
92	114	0.720665
92	116	1.11409
92	123	1.11804
92	127	1.07537
92	142	0.757171
92	148	1.12345
92	152	1.14514
92	153	1.12186
92	155	1.10552
92	158	1.12856
92	164	1.11887
92	166	0.898505
92	171	1.10053
92	175	1.11888
92	180	1.13503
93	6	0.847523
93	15	1.20403
93	49	1.24652
93	68	1.09418
93	77	0.512279
93	102	1.28507
93	126	1.20271
93	131	1.2277
93	137	1.25937
93	141	0.465918
93	152	0.486913
93	156	0.467519
93	161	0.476047
93	166	1.19968
93	167	1.19062
93	169	1.1806
93	173	1.18307
93	177	1.1752
93	178	1.15003
93	179	1.20133
93	180	0.436424
94	9	0.832009
94	54	1.07436
94	55	0.911668
94	72	0.912366
94	105	0.85891
94	124	0.580532
94	128	1.0525
94	131	1.07477
94	133	1.0889
94	138	1.11065
94	151	1.04601
94	156	0.80617
94	160	1.11865
94	163	1.00106
94	167	1.03769
94	169	1.02767
94	172	1.11979
94	173	1.03014
94	175	0.833465
94	176	1.02811
94	178	0.997098
94	179	1.0484
95	21	0.614509
95	44	1.16496
95	72	0.992521
95	73	0.667796
95	81	0.655603
95	108	1.16214
95	114	0.705268
95	115	0.705107
95	130	0.688183
95	131	0.77144
95	148	1.19634
95	152	1.21803
95	154	1.18786
95	155	1.1784
95	156	1.16379
95	161	1.20678
95	164	1.19176
95	170	1.19306
95	171	1.17342
95	174	1.1714
95	175	1.19176
95	180	1.20792
96	51	0.828338
96	59	1.11075
96	76	1.05808
96	104	1.17778
96	124	0.448479
96	133	1.12369
96	140	1.12985
96	142	1.1471
96	151	1.0808
96	156	0.674117
96	157	1.18533
96	158	0.646294
96	160	1.15345
96	162	1.16803
96	168	0.965327
96	170	0.64525
96	173	1.06494
96	174	0.645938
96	176	1.06291
96	177	1.05706
96	178	1.03189
96	179	1.08319
97	34	0.591809
97	41	0.645537
97	46	1.30711
97	98	0.830844
97	122	1.04012
97	124	0.80966
97	126	1.00227
97	129	1.03923
97	132	1.0641
97	138	1.06313
97	158	1.07377
97	162	1.08573
97	165	1.05723
97	169	0.980161
97	170	1.06539
97	171	1.04575
97	173	0.98263
97	175	1.0641
97	176	0.980602
97	177	0.974758
97	179	1.00089
97	180	1.08025
98	34	1.08302
98	47	1.21281
98	56	1.05781
98	61	1.0215
98	66	0.391185
98	80	0.917518
98	81	0.331552
98	89	1.11339
98	91	1.16973
98	97	0.830844
98	101	1.03916
98	106	1.11265
98	109	1.0868
98	119	1.1202
98	124	1.09212
98	134	1.10361
98	136	0.830983
98	139	1.12128
98	144	1.08377
98	149	1.0851
98	168	1.31653
98	174	1.09722
99	8	1.20305
99	17	0.554048
99	19	0.999298
99	54	1.11858
99	111	0.694623
99	116	0.65849
99	128	1.09671
99	143	0.671002
99	147	0.696576
99	157	1.19475
99	159	1.08094
99	162	1.17746
99	163	1.04527
99	166	1.09097
99	167	1.08191
99	172	1.16401
99	173	1.07436
99	174	0.619972
99	176	1.07233
99	177	1.06649
99	178	1.04131
99	179	1.09262
100	39	0.66948
100	44	1.07679
100	108	1.07397
100	119	0.638279
100	127	1.06008
100	132	1.1036
100	135	1.13434
100	141	1.12695
100	147	1.06918
100	151	0.873611
100	153	1.10657
100	154	1.09968
100	158	1.11327
100	159	0.886018
100	161	1.11861
100	164	1.10359
100	169	0.873069
100	170	1.10489
100	171	1.08525
100	175	1.10359
100	178	0.96701
100	180	1.11975
101	5	1.02158
101	23	0.393995
101	37	1.05084
101	40	1.18602
101	52	1.03501
101	72	1.15403
101	78	1.1161
101	89	1.09175
101	91	1.14809
101	98	1.03916
101	106	1.09102
101	109	1.06516
101	115	1.05872
101	124	1.07049
101	134	1.08197
101	136	0.834458
101	139	1.09964
101	144	1.06214
101	150	1.09992
101	155	1.08259
101	168	1.32001
101	176	0.615237
101	178	0.70493
102	55	0.655995
102	61	0.571544
102	70	1.10624
102	83	1.1576
102	84	0.61512
102	93	1.28507
102	103	0.651998
102	138	1.19395
102	147	0.598923
102	151	1.12931
102	157	1.23384
102	158	0.522674
102	159	1.12002
102	162	1.21654
102	163	1.08436
102	166	1.13006
102	169	1.11098
102	171	0.578947
102	172	1.2031
102	176	1.11142
102	177	1.10557
102	178	1.0804
102	179	1.1317
103	36	0.535249
103	43	1.11739
103	85	1.14927
103	88	1.1523
103	102	0.651998
103	105	1.16693
103	120	0.640559
103	121	1.15131
103	126	0.862386
103	127	1.12638
103	136	1.0482
103	147	1.13548
103	148	1.17447
103	149	0.752039
103	153	1.17287
103	156	1.14192
103	160	0.748675
103	161	1.18491
103	164	1.16989
103	167	0.913459
103	170	1.17119
103	171	1.15154
103	180	1.18604
104	10	1.23634
104	12	0.502103
104	15	1.14525
104	29	1.24184
104	38	0.739532
104	42	0.770859
104	73	1.18613
104	96	1.17778
104	106	0.533665
104	112	1.17349
104	122	1.18179
104	141	0.529588
104	149	1.17327
104	159	1.13087
104	167	1.13184
104	168	1.02468
104	171	0.559639
104	173	1.12429
104	175	0.558484
104	176	1.12226
104	177	1.11642
104	178	1.09125
104	179	1.14255
105	16	1.07351
105	45	0.585751
105	90	0.629826
105	94	0.85891
105	103	1.16693
105	108	1.1418
105	116	1.16663
105	130	0.621326
105	135	1.20217
105	143	1.15228
105	147	1.13701
105	152	1.19768
105	160	0.699914
105	164	1.17141
105	165	1.16456
105	168	0.990342
105	170	1.17271
105	171	1.15307
105	172	0.746699
105	174	1.15105
105	175	1.17142
105	176	0.868956
105	180	1.18757
106	4	1.04803
106	10	0.451014
106	23	0.59745
106	34	1.13487
106	35	1.12498
106	37	1.12433
106	41	1.27702
106	46	1.10767
106	47	1.26467
106	79	1.18002
106	89	1.16525
106	98	1.11265
106	101	1.09102
106	104	0.533665
106	117	1.26277
106	119	1.17206
106	134	1.15546
106	136	1.03791
106	137	0.530785
106	149	1.13696
106	155	1.15608
106	162	0.60181
106	174	1.14907
107	43	0.700373
107	48	0.713159
107	56	0.57045
107	76	1.09371
107	109	0.664363
107	110	1.11914
107	120	1.19708
107	128	1.12292
107	137	1.17686
107	140	1.16547
107	146	1.15009
107	154	0.604061
107	159	1.10714
107	162	1.20366
107	163	1.07147
107	166	1.11717
107	167	1.10811
107	169	1.09809
107	171	0.600618
107	172	1.19021
107	177	1.09269
107	178	1.06752
107	179	1.11882
107	180	0.541073
108	16	1.04685
108	20	1.04242
108	21	0.593059
108	32	1.12216
108	73	0.646346
108	95	1.16214
108	100	1.07397
108	105	1.1418
108	133	0.735664
108	135	1.1755
108	137	0.626455
108	141	1.16812
108	143	1.12562
108	148	1.14933
108	155	1.1314
108	164	1.14475
108	165	1.13789
108	169	0.910115
108	170	1.14605
108	171	1.12641
108	173	0.959897
108	175	1.14476
108	179	0.83755
108	180	1.16091
109	35	1.09913
109	52	1.08265
109	53	0.625318
109	79	1.15417
109	84	1.18118
109	98	1.0868
109	101	1.06516
109	107	0.664363
109	125	1.18059
109	140	0.723411
109	141	1.16695
109	142	0.714372
109	144	1.10978
109	146	0.814971
109	147	1.10918
109	149	1.1111
109	153	1.14657
109	164	1.14359
109	165	1.13673
109	166	0.855706
109	174	1.12322
109	175	1.14359
109	176	0.908411
109	180	1.15974
110	49	1.09347
110	54	1.07425
110	60	1.00666
110	89	0.686775
110	107	1.11914
110	126	1.04967
110	129	0.834169
110	136	0.989799
110	145	1.09056
110	146	1.07956
110	155	0.756896
110	157	1.15042
110	159	1.03661
110	160	1.11854
110	163	1.00094
110	165	0.725437
110	167	1.03757
110	169	1.02756
110	170	0.744039
110	173	1.03003
110	174	0.744727
110	176	1.028
110	177	1.02216
110	178	0.996984
110	179	1.04829
111	36	0.480221
111	87	0.952218
111	92	1.14198
111	99	0.694623
111	116	1.19269
111	120	0.585531
111	132	1.19749
111	138	0.662694
111	140	0.67769
111	143	1.17834
111	153	1.20046
111	154	1.19357
111	156	1.16951
111	158	1.20716
111	161	1.2125
111	162	0.645806
111	164	1.19747
111	165	1.19062
111	170	1.19877
111	171	1.17913
111	173	0.908223
111	174	1.17711
111	175	1.19748
111	178	0.952382
111	180	1.21363
112	8	1.18934
112	26	1.18703
112	33	0.763189
112	49	1.12409
112	61	0.640752
112	66	1.16464
112	81	1.18969
112	104	1.17349
112	117	0.957521
112	130	1.18597
112	151	1.07651
112	152	0.6391
112	157	1.18103
112	159	1.06722
112	164	0.638134
112	165	0.572237
112	166	1.07725
112	169	1.05817
112	170	0.590839
112	171	0.648155
112	172	1.15029
112	176	1.05861
112	177	1.05277
112	178	1.0276
112	179	1.0789
113	36	1.09376
113	47	0.20984
113	91	2.49212
113	120	0.952938
113	121	0.919298
113	122	0.91391
113	126	0.876055
113	139	2.38628
113	146	0.90595
113	147	0.903472
113	149	0.905397
113	154	0.933975
113	158	0.947562
113	161	0.952903
113	165	0.931021
113	166	0.873027
113	167	0.863964
113	168	0.756808
113	170	0.939178
113	171	0.919537
113	173	0.856417
113	176	0.854389
113	177	0.848545
113	178	0.823372
113	179	0.874674
113	180	0.954036
114	1	1.17264
114	15	1.1552
114	35	0.731193
114	52	0.536756
114	54	1.17846
114	68	1.04535
114	86	1.07994
114	92	0.720665
114	95	0.705268
114	130	1.25957
114	134	0.360853
114	136	1.09401
114	137	1.21054
114	151	1.15011
114	152	0.605066
114	160	1.22275
114	161	0.5942
114	162	1.23734
114	163	1.10515
114	165	0.538203
114	166	1.15085
114	172	1.22389
114	173	1.13424
114	177	1.12637
114	178	1.1012
114	179	1.1525
115	31	1.21333
115	41	1.24473
115	42	0.82518
115	47	1.23238
115	56	1.07737
115	66	1.15968
115	71	0.673647
115	78	1.1573
115	82	1.15461
115	86	1.00138
115	95	0.705107
115	101	1.05872
115	139	1.14084
115	143	0.608361
115	144	1.10334
115	158	0.557687
115	163	1.0266
115	166	1.07229
115	167	1.06323
115	171	0.61396
115	173	1.05568
115	174	1.11678
115	175	0.612805
115	177	1.04781
115	179	1.07394
116	16	1.07168
116	57	1.08956
116	65	0.729237
116	88	1.152
116	90	0.587426
116	92	1.11409
116	99	0.65849
116	105	1.16663
116	111	1.19269
116	123	1.16875
116	126	0.771225
116	132	1.1696
116	140	0.641557
116	143	1.15045
116	146	0.733117
116	147	1.13518
116	148	1.17417
116	152	1.19585
116	158	1.17927
116	159	0.835257
116	165	1.16273
116	170	1.17088
116	171	1.15124
116	175	1.16959
116	179	0.749743
116	180	1.18574
117	1	0.946719
117	42	0.977515
117	44	0.962985
117	56	1.25857
117	84	1.02738
117	106	1.26277
117	112	0.957521
117	124	1.03465
117	129	0.964926
117	130	1.03366
117	134	1.03547
117	141	1.01315
117	151	0.924187
117	158	0.999467
117	165	0.982926
117	169	0.905854
117	170	0.991084
117	173	0.908322
117	175	0.98979
117	176	0.906294
117	177	0.900451
117	178	0.875278
117	179	0.92658
117	180	1.00594
118	7	1.17362
118	13	0.713378
118	23	0.578
118	33	1.1195
118	44	1.11837
118	69	1.1407
118	80	1.04685
118	121	1.12659
118	127	1.10166
118	128	0.751905
118	132	1.14518
118	133	0.620543
118	135	1.17592
118	143	1.12604
118	152	1.17144
118	153	1.14815
118	154	1.14127
118	161	1.16019
118	163	0.817194
118	167	0.794984
118	170	1.14647
118	171	1.12683
118	173	0.844776
118	174	1.12481
118	175	1.14518
118	178	0.888935
118	180	1.16133
119	25	0.686879
119	31	1.25318
119	35	1.13254
119	64	0.887451
119	67	1.07362
119	78	1.19715
119	88	0.635538
119	89	1.1728
119	98	1.1202
119	100	0.638279
119	106	1.17206
119	124	1.15153
119	127	0.606556
119	132	0.530401
119	135	0.598442
119	139	1.18068
119	146	1.14506
119	148	0.611041
119	150	1.18097
119	160	1.18404
119	161	0.585707
119	166	1.11214
119	172	1.18518
119	174	1.15663
119	176	1.0935
119	177	1.08766
119	179	1.11379
120	2	0.829218
120	39	1.18627
120	64	0.899888
120	69	0.777782
120	75	1.21902
120	103	0.640559
120	107	1.19708
120	111	0.585531
120	113	0.952938
120	130	1.2333
120	137	1.18427
120	140	1.17288
120	142	1.19013
120	145	1.1685
120	149	1.15695
120	153	0.576821
120	162	1.21106
120	167	1.11551
120	169	1.1055
120	172	1.19762
120	173	1.10797
120	174	0.510879
120	175	0.566353
120	177	1.10009
120	178	1.07492
120	179	1.12622
120	180	0.507963
121	18	0.464516
121	25	1.13932
121	42	1.14352
121	59	0.678997
121	76	0.899652
121	77	1.16115
121	103	1.15131
121	113	0.919298
121	118	1.12659
121	125	1.19279
121	127	1.11228
121	129	1.13093
121	131	0.725492
121	145	0.819296
121	150	0.642893
121	153	1.15877
121	154	1.15188
121	155	1.14243
121	156	1.12782
121	157	0.698356
121	161	1.17081
121	165	1.14893
121	170	1.15709
121	171	1.13744
121	175	1.15579
121	178	0.979558
121	180	1.17194
122	21	1.1947
122	41	0.42593
122	68	0.980045
122	73	1.13078
122	87	0.905142
122	97	1.04012
122	104	1.18179
122	113	0.91391
122	128	1.09129
122	130	1.19427
122	134	0.590872
122	139	0.450996
122	146	1.11847
122	153	0.853453
122	155	0.799681
122	156	0.815691
122	157	1.18933
122	160	1.15745
122	163	1.03985
122	167	1.07648
122	169	1.06647
122	173	1.06894
122	175	0.842985
122	176	1.06691
122	177	1.06107
122	178	1.03589
122	179	1.08719
123	1	0.72507
123	16	1.07563
123	26	0.604058
123	30	1.15564
123	49	0.667667
123	55	1.09904
123	64	0.883997
123	72	0.974298
123	75	0.600895
123	92	1.11804
123	116	1.16875
123	125	1.21054
123	141	1.1969
123	143	1.1544
123	153	1.17652
123	154	1.16963
123	158	1.18322
123	160	0.678554
123	164	1.17354
123	165	1.16668
123	166	0.794891
123	167	0.843338
123	170	1.17484
123	171	1.15519
123	173	0.89313
123	175	1.17354
123	180	1.18969
124	4	1.02751
124	20	0.881666
124	31	1.2251
124	35	1.10446
124	40	1.23899
124	46	1.08714
124	47	1.24414
124	53	0.307486
124	56	1.08914
124	61	1.05282
124	78	1.16907
124	79	1.1595
124	80	0.896334
124	89	1.14472
124	91	1.20106
124	94	0.580532
124	96	0.448479
124	97	0.80966
124	98	1.09212
124	101	1.07049
124	117	1.03465
124	119	1.15153
124	128	0.543242
124	133	1.12621
124	134	1.13494
124	139	1.1526
124	174	1.12855
125	7	1.23982
125	36	0.421114
125	51	1.1516
125	69	1.20689
125	85	1.19075
125	88	1.19378
125	109	1.18059
125	121	1.19279
125	123	1.21054
125	127	1.16786
125	128	0.756244
125	138	0.603586
125	147	1.17696
125	151	0.799876
125	153	1.21435
125	156	1.1834
125	157	0.612073
125	158	1.22105
125	159	0.812283
125	161	1.22639
125	164	1.21137
125	169	0.799334
125	171	1.19303
125	172	0.681324
125	175	1.21137
125	179	0.726768
125	180	1.22753
126	13	1.07487
126	39	1.10939
126	65	1.14395
126	81	1.16013
126	93	1.20271
126	97	1.00227
126	103	0.862386
126	110	1.04967
126	113	0.876055
126	116	0.771225
126	134	0.536067
126	140	1.09599
126	142	1.11324
126	155	0.744876
126	159	1.03766
126	160	1.11959
126	162	1.13418
126	163	1.002
126	165	0.713417
126	166	1.04769
126	169	1.02861
126	172	1.12073
126	173	1.03108
126	174	0.732707
126	176	1.02905
126	177	1.02321
126	178	0.998038
126	180	0.72979
127	33	1.10519
127	57	1.05084
127	60	1.0101
127	92	1.07537
127	100	1.06008
127	103	1.12638
127	118	1.10166
127	119	0.606556
127	121	1.11228
127	125	1.16786
127	141	1.15422
127	142	0.651555
127	147	1.09645
127	148	1.13544
127	149	0.679916
127	152	1.15713
127	154	1.12696
127	156	1.10289
127	158	1.14054
127	159	0.854295
127	161	1.14589
127	164	1.13086
127	167	0.841336
127	169	0.841346
127	170	1.13216
127	172	0.723337
127	175	1.13087
127	180	1.14702
128	14	1.09374
128	28	1.01318
128	37	0.881319
128	49	1.09725
128	65	1.14667
128	76	1.02695
128	86	0.979499
128	94	1.0525
128	99	1.09671
128	107	1.12292
128	118	0.751905
128	122	1.09129
128	124	0.543242
128	125	0.756244
128	145	1.09433
128	150	1.11924
128	151	1.04966
128	160	1.12231
128	161	0.777407
128	162	1.1369
128	164	0.787308
128	167	1.04135
128	168	0.934191
128	169	1.03133
128	171	0.797329
128	172	1.12345
128	177	1.02593
128	178	1.00076
129	16	1.0516
129	84	1.18711
129	85	1.12889
129	90	0.63835
129	97	1.03923
129	110	0.834169
129	117	0.964926
129	121	1.13093
129	132	1.14952
129	133	0.69878
129	135	1.18026
129	143	1.13038
129	146	0.78404
129	147	1.1151
129	148	1.15409
129	153	1.15249
129	154	1.14561
129	156	1.12154
129	161	1.16453
129	164	1.14951
129	166	0.824775
129	167	0.873222
129	168	0.968438
129	170	1.15081
129	172	0.755222
129	175	1.14951
129	179	0.800666
129	180	1.16567
130	28	1.11615
130	38	0.776929
130	57	0.750106
130	62	1.14873
130	82	1.2357
130	84	0.633208
130	91	0.309729
130	95	0.688183
130	105	0.621326
130	112	1.18597
130	114	1.25957
130	117	1.03366
130	120	1.2333
130	122	1.19427
130	136	1.09655
130	137	1.21308
130	145	1.19731
130	154	0.600479
130	161	0.577114
130	162	1.23987
130	163	1.10769
130	167	1.14432
130	168	1.03717
130	172	1.22643
130	173	1.13678
130	176	1.13475
130	178	1.10373
130	179	1.15503
130	180	0.537491
131	8	1.18477
131	45	1.11413
131	67	1.03417
131	75	1.16713
131	76	1.04922
131	89	0.565712
131	90	1.14266
131	93	1.2277
131	94	1.07477
131	95	0.77144
131	121	0.725492
131	132	0.605065
131	142	1.13823
131	147	0.700268
131	149	1.10505
131	157	1.17646
131	160	1.14458
131	162	1.15917
131	163	1.02699
131	169	1.0536
131	170	0.622976
131	171	0.680293
131	172	1.14573
131	173	1.05607
131	176	1.05405
131	177	1.0482
131	178	1.02303
131	179	1.07433
131	180	0.620747
132	8	0.482679
132	43	1.12188
132	48	1.11032
132	77	1.17975
132	86	0.866421
132	88	1.15679
132	97	1.0641
132	100	1.1036
132	111	1.19749
132	116	1.1696
132	118	1.14518
132	119	0.530401
132	129	1.14952
132	131	0.605065
132	135	1.20513
132	152	1.20065
132	153	1.17736
132	154	1.17048
132	158	1.18406
132	165	1.16752
132	170	1.17568
132	171	1.15604
132	172	0.647182
132	173	0.814973
132	175	1.17439
132	177	0.81323
132	178	0.859132
132	179	0.692626
132	180	1.19054
133	1	1.1086
133	17	1.19171
133	24	0.764039
133	37	1.10656
133	61	1.05558
133	72	0.952426
133	79	1.16225
133	85	0.678106
133	89	1.14747
133	94	1.0889
133	96	1.12369
133	108	0.735664
133	118	0.620543
133	124	1.12621
133	129	0.69878
133	134	1.13769
133	136	1.02997
133	142	1.15236
133	144	1.11786
133	147	0.685943
133	155	1.13831
133	159	1.07678
133	160	1.15871
133	161	0.646045
133	171	0.665967
133	174	1.1313
133	176	1.06817
133	178	1.03716
133	179	1.08846
134	4	1.03899
134	5	1.08603
134	17	1.20044
134	19	1.071
134	35	1.11594
134	41	1.26798
134	46	1.09863
134	47	1.25563
134	52	1.09946
134	56	1.10062
134	72	1.13019
134	75	0.344697
134	78	1.18055
134	79	1.17098
134	91	1.21254
134	98	1.10361
134	101	1.08197
134	106	1.15546
134	114	0.360853
134	117	1.03547
134	122	0.590872
134	124	1.13494
134	126	0.536067
134	133	1.13769
134	139	1.16409
134	144	1.12659
134	146	0.497958
134	149	1.12791
134	173	0.636931
134	174	1.14003
135	43	1.15262
135	81	0.557269
135	82	0.497137
135	86	0.934461
135	87	0.959863
135	88	1.18753
135	90	0.598349
135	100	1.13434
135	105	1.20217
135	108	1.1755
135	118	1.17592
135	119	0.598442
135	129	1.18026
135	132	1.20513
135	140	0.65248
135	143	1.18599
135	148	1.2097
135	149	0.671801
135	152	1.23139
135	156	1.17715
135	157	0.645971
135	158	1.2148
135	160	0.668437
135	164	1.20512
135	165	1.19826
135	170	1.20642
135	171	1.18678
135	173	0.883013
135	174	1.18476
135	175	1.20513
135	180	1.22128
136	17	0.941334
136	63	1.11036
136	68	0.882323
136	78	0.90256
136	83	1.01537
136	88	1.03509
136	91	0.776579
136	98	0.830983
136	101	0.834458
136	103	1.0482
136	106	1.03791
136	110	0.989799
136	114	1.09401
136	130	1.09655
136	133	1.02997
136	141	1.07604
136	144	0.973821
136	155	1.03932
136	156	1.02471
136	158	1.06236
136	160	1.05973
136	164	1.05268
136	165	1.04582
136	167	0.978762
136	168	0.871605
136	172	1.06087
136	173	0.971214
136	174	1.03231
136	175	1.05268
136	177	0.963343
136	178	0.93817
136	180	1.06883
137	6	0.908313
137	18	1.25505
137	21	1.21351
137	24	0.654831
137	33	0.671792
137	62	1.0997
137	68	0.998855
137	74	1.13754
137	93	1.25937
137	106	0.530785
137	107	1.17686
137	108	0.626455
137	114	1.21054
137	120	1.18427
137	130	1.21308
137	140	1.15266
137	142	1.16991
137	145	1.14828
137	149	1.13673
137	152	0.547703
137	154	0.560201
137	157	1.20814
137	160	1.17626
137	161	0.536837
137	162	1.19084
137	163	1.05866
137	166	1.10436
137	169	1.08528
137	174	0.50013
137	175	0.555603
137	176	1.08572
137	177	1.07988
137	178	1.0547
138	4	0.763638
138	28	1.07132
138	54	1.13617
138	63	1.23109
138	70	1.08474
138	75	1.20301
138	80	1.07509
138	85	0.65681
138	86	1.03765
138	90	1.17854
138	94	1.11065
138	97	1.06313
138	102	1.19395
138	111	0.662694
138	125	0.603586
138	140	1.15686
138	143	0.639072
138	147	0.664647
138	156	0.616221
138	160	1.18046
138	163	1.06286
138	166	1.10856
138	167	1.09949
138	168	0.992338
138	169	1.08948
138	171	0.644671
138	172	1.1816
138	175	0.643515
138	176	1.08992
138	177	1.08408
138	178	1.0589
138	179	1.1102
139	5	1.10369
139	14	0.458285
139	26	0.207983
139	31	1.25425
139	34	1.1435
139	35	1.13361
139	37	1.13296
139	40	1.26814
139	41	1.28565
139	46	1.11629
139	47	1.2733
139	56	1.11829
139	58	0.875999
139	61	1.08198
139	72	0.990311
139	74	0.338494
139	78	1.19822
139	79	1.18865
139	91	1.23021
139	98	1.12128
139	101	1.09964
