1	72	1.21606
1	78	1.12219
1	84	0.733575
1	89	1.18583
1	145	1.22002
1	148	1.18125
1	153	1.14566
1	165	0.847965
1	169	0.679732
1	172	1.32898
1	173	0.679248
1	179	0.664112
2	116	1.23205
2	118	1.19294
2	138	1.23601
2	142	1.20277
2	153	1.16791
2	155	1.18274
2	157	1.18558
2	161	0.756959
2	162	0.717602
2	170	0.634686
2	173	0.749699
2	176	0.747793
3	15	1.2487
3	33	1.13951
3	46	1.21182
3	50	1.22505
3	61	1.05295
3	69	1.24375
3	92	1.27822
3	121	0.693317
3	134	0.775341
3	143	0.7459
3	151	0.754096
3	172	0.638066
4	29	1.13758
4	67	0.692879
4	90	0.70413
4	146	1.18848
4	160	1.22743
4	161	0.756442
4	162	0.717085
4	163	1.20032
4	164	1.21193
4	168	1.22052
4	176	1.21376
4	178	0.736781
5	31	1.124
5	48	1.18096
5	70	0.788268
5	71	1.23129
5	93	1.28088
5	99	1.14152
5	106	1.19753
5	109	1.24382
5	161	0.712648
5	167	0.707681
5	176	0.703482
5	178	0.692987
6	32	0.662872
6	78	0.783769
6	144	0.71215
6	149	1.24044
6	153	0.724107
6	168	0.710436
6	173	1.18701
6	174	1.19116
6	177	1.19028
6	178	1.20326
6	179	1.19621
6	180	1.19164
7	100	0.712406
7	105	1.28498
7	110	0.70118
7	142	1.20509
7	147	1.16089
7	148	1.20583
7	151	0.725862
7	153	1.17023
7	155	1.18507
7	157	1.18791
7	166	0.728347
7	167	0.739252
8	10	1.22842
8	15	1.21772
8	17	1.16875
8	46	1.18085
8	62	1.13697
8	70	1.22004
8	92	1.24725
8	136	0.697619
8	167	0.72967
8	175	0.729591
8	176	0.725471
8	177	0.724528
9	41	0.786107
9	113	0.685286
9	151	1.22688
9	153	0.723869
9	157	0.686825
9	161	1.20155
9	164	0.711822
9	173	1.19006
9	174	1.19421
9	177	1.19333
9	179	1.19927
9	180	1.1947
10	8	1.22842
10	39	0.657539
10	46	1.21046
10	50	1.22369
10	61	1.05159
10	62	1.16659
10	69	1.24239
10	92	1.27686
10	116	0.688471
10	121	0.660253
10	149	0.696268
10	165	0.900846
11	12	0.854656
11	32	1.25882
11	35	1.24658
11	54	1.10707
11	55	1.1183
11	65	1.13223
11	68	1.21412
11	162	0.665178
11	170	1.32289
11	173	0.697275
11	174	0.694482
11	176	0.695369
12	11	0.854656
12	20	0.899805
12	124	0.907981
12	126	1.10057
12	132	1.03757
12	144	1.04215
12	153	0.934177
12	159	1.09359
12	168	1.04926
12	178	1.03184
12	179	1.02479
12	180	1.02022
13	103	0.635441
13	140	0.750725
13	145	0.686889
13	147	0.7746
13	149	1.22619
13	151	1.20959
13	162	1.20771
13	163	0.746762
13	166	1.1876
13	171	1.2025
13	178	1.18902
13	180	1.1774
14	15	0.686641
14	26	0.754186
14	72	0.693264
14	75	0.757499
14	129	1.20968
14	155	0.701282
14	164	1.21191
14	165	1.19774
14	177	1.1901
14	178	1.20308
14	179	1.19603
14	180	1.19146
15	3	1.2487
15	8	1.21772
15	14	0.686641
15	51	0.735961
15	61	1.04089
15	62	1.15589
15	69	1.23169
15	70	1.23895
15	92	1.26616
15	173	0.727805
15	174	0.725012
15	175	0.730019
16	115	0.713992
16	124	0.708585
16	125	0.675716
16	146	0.741881
16	147	0.75371
16	171	1.21951
16	173	1.18978
16	174	1.19393
16	175	1.21033
16	177	1.19305
16	179	1.19898
16	180	1.19441
17	8	1.16875
17	33	1.07848
17	38	0.757152
17	50	1.16402
17	61	0.99192
17	62	1.10692
17	69	1.18273
17	70	1.18998
17	92	1.2172
17	137	0.805704
17	172	0.700869
17	173	0.827996
17	178	0.815595
18	40	0.69487
18	96	0.874259
18	108	0.747549
18	144	0.79191
18	160	0.784669
18	166	1.14404
18	167	1.14324
18	173	1.1292
18	174	1.13336
18	177	1.13247
18	178	1.14545
18	179	1.13841
18	180	1.13384
19	36	1.03464
19	64	1.21331
19	71	1.14983
19	73	1.17866
19	79	1.18511
19	82	0.766048
19	99	1.06005
19	106	1.11606
19	109	1.16235
19	154	0.756508
19	174	0.798816
19	175	0.803823
19	180	0.781738
20	12	0.899805
20	32	1.19384
20	39	1.27983
20	40	1.16896
20	41	1.0368
20	54	1.04209
20	55	1.05332
20	65	1.06726
20	120	0.668197
20	131	0.754285
20	139	0.87197
20	159	0.70871
20	170	1.25791
21	90	0.594447
21	124	1.25017
21	125	1.33977
21	138	1.33111
21	142	1.29787
21	143	0.620205
21	145	1.33738
21	149	0.603638
21	153	1.26301
21	157	1.28069
21	165	0.808215
21	167	0.641791
21	176	0.637592
22	24	0.829479
22	74	1.13591
22	125	1.17986
22	138	1.1712
22	145	1.17747
22	147	1.09376
22	150	0.761088
22	153	1.1031
22	155	1.11793
22	157	1.12078
22	166	0.769596
22	173	0.778207
22	178	0.765806
23	47	0.645457
23	57	0.66454
23	63	0.577285
23	88	0.689236
23	102	0.670648
23	135	0.645226
23	162	1.32267
23	171	1.31746
23	173	1.28772
23	174	1.29188
23	177	1.29099
23	179	1.29693
23	180	1.29236
24	22	0.829479
24	82	0.624719
24	154	0.61518
24	156	1.29306
24	158	1.28674
24	163	1.29677
24	164	1.30839
24	165	1.29422
24	166	0.651669
24	168	1.31698
24	170	0.545267
24	175	1.30385
24	180	0.64041
25	78	1.06445
25	86	1.17667
25	89	1.12808
25	107	0.765244
25	125	0.756177
25	128	0.787526
25	157	0.778198
25	163	0.806335
25	171	1.1286
25	172	1.27123
25	175	1.11941
25	179	1.10807
25	180	1.1035
26	14	0.754186
26	32	1.19226
26	35	1.18002
26	39	1.27825
26	41	1.03522
26	54	1.04051
26	55	1.05174
26	65	1.06568
26	119	0.780171
26	167	0.797643
26	170	1.25633
26	176	0.793444
26	179	0.780214
27	58	0.945707
27	121	0.683332
27	125	1.18445
27	138	1.17579
27	142	1.14255
27	147	1.09835
27	148	1.14328
27	153	1.10769
27	155	1.12252
27	157	1.12537
27	161	0.762468
27	173	0.755208
27	175	0.757421
28	31	1.06356
28	36	1.05567
28	56	1.09176
28	63	1.24427
28	79	1.20613
28	93	1.22044
28	99	1.08108
28	106	1.13709
28	166	0.803387
28	169	0.812483
28	172	0.684871
28	174	0.809205
28	179	0.796863
29	4	1.13758
29	82	0.816313
29	86	0.934093
29	111	1.09453
29	112	0.815127
29	128	1.11692
29	129	1.07781
29	154	0.806774
29	156	1.06471
29	158	1.05839
29	160	1.09554
29	165	1.06587
29	168	1.08863
29	180	0.832004
30	40	0.888875
30	41	1.01375
30	91	1.06838
30	109	0.928117
30	123	0.781889
30	133	1.12782
30	139	1.14292
30	152	0.781265
30	158	1.07413
30	164	1.09578
30	165	1.08161
30	166	0.821473
30	168	1.10437
30	175	1.09124
31	5	1.124
31	28	1.06356
31	56	1.01931
31	73	1.12724
31	79	1.13369
31	93	1.148
31	99	1.00863
31	106	1.06465
31	109	1.11093
31	159	0.818505
31	166	0.843608
31	175	0.854433
31	176	0.850314
31	178	0.839818
32	6	0.662872
32	11	1.25882
32	20	1.19384
32	26	1.19226
32	35	1.29218
32	54	1.15267
32	55	1.1639
32	65	1.17784
32	101	0.728412
32	159	0.681848
32	170	1.36849
32	175	0.717776
32	177	0.712714
32	178	0.703161
33	3	1.13951
33	17	1.07848
33	46	1.09057
33	50	1.1038
33	61	0.931699
33	62	1.0467
33	69	1.1225
33	70	1.12976
33	92	1.15697
33	152	0.828579
33	169	0.877883
33	172	0.750272
33	176	0.875493
33	177	0.87455
34	98	1.26575
34	117	1.25425
34	142	1.23259
34	144	0.857398
34	147	1.18839
34	148	1.23333
34	153	1.19773
34	155	1.21256
34	157	1.21541
34	159	0.667852
34	166	0.692955
34	169	0.702051
34	170	0.586553
34	177	0.698718
35	11	1.24658
35	26	1.18002
35	32	1.29218
35	40	1.2673
35	54	1.14043
35	55	1.15166
35	65	1.16559
35	121	0.623929
35	150	0.678686
35	159	0.662091
35	160	0.844395
35	167	0.698098
35	170	1.35625
35	175	0.698019
36	19	1.03464
36	28	1.05567
36	63	1.16393
36	73	1.11935
36	79	1.12579
36	93	1.1401
36	98	0.807057
36	99	1.00074
36	106	1.05675
36	109	1.10303
36	127	0.85949
36	171	0.835488
36	174	0.860965
36	180	0.843886
37	60	0.87895
37	102	1.07674
37	108	1.12913
37	116	0.808628
37	126	1.13865
37	134	0.862435
37	156	1.06342
37	160	1.09425
37	162	0.820189
37	163	1.06714
37	164	1.07875
37	165	1.06458
37	168	1.08734
37	179	0.837151
38	17	0.757152
38	58	0.728664
38	105	0.64574
38	107	0.655953
38	129	0.703176
38	148	0.702165
38	166	1.2131
38	167	1.2123
38	169	1.20114
38	170	1.36243
38	173	1.19826
38	174	1.20242
38	179	1.20747
38	180	1.2029
39	10	0.657539
39	20	1.27983
39	26	1.27825
39	40	1.36553
39	41	1.23337
39	52	0.566157
39	54	1.23866
39	55	1.24989
39	58	0.724918
39	158	0.725499
39	168	0.688536
39	170	1.45448
39	175	0.536632
40	18	0.69487
40	20	1.16896
40	30	0.888875
40	35	1.2673
40	39	1.36553
40	54	1.12779
40	55	1.13902
40	65	1.15296
40	68	1.23484
40	159	0.634086
40	170	1.34361
40	174	0.665007
40	175	0.670014
40	179	0.652664
41	9	0.786107
41	20	1.0368
41	26	1.03522
41	30	1.01375
41	39	1.23337
41	55	1.00686
41	121	0.767158
41	124	0.980626
41	128	1.10924
41	141	0.849923
41	164	1.07236
41	168	1.08095
41	170	1.21145
41	180	0.819163
42	47	1.15817
42	53	1.10641
42	57	1.15817
42	66	1.15817
42	78	1.09678
42	86	1.209
42	89	1.16042
42	130	1.14932
42	137	0.758013
42	159	0.746591
42	170	0.665292
42	172	1.30356
42	174	0.777512
42	175	0.782519
42	176	0.778399
43	63	0.83111
43	113	1.21169
43	132	1.1511
43	135	1.18185
43	139	1.20135
43	143	0.732695
43	154	0.706887
43	156	1.13888
43	160	1.1697
43	161	0.759248
43	163	1.14259
43	165	1.14004
43	166	0.743377
43	168	1.16279
43	180	0.732117
44	91	1.13278
44	107	1.19718
44	108	1.21056
44	132	1.15707
44	140	1.17016
44	149	0.759128
44	154	0.749888
44	159	0.761275
44	160	1.17567
44	162	0.762892
44	163	1.14856
44	165	1.14601
44	170	0.679975
44	173	0.794989
44	176	1.162
45	129	1.16565
45	132	1.16478
45	139	1.21503
45	140	1.17787
45	141	0.783438
45	146	1.14443
45	155	0.905986
45	156	1.15255
45	162	0.740452
45	163	1.15627
45	165	1.15371
45	169	0.773034
45	170	0.657536
45	172	0.645422
45	176	1.16971
46	3	1.21182
46	8	1.18085
46	10	1.21046
46	33	1.09057
46	50	1.17612
46	61	1.00401
46	69	1.19482
46	70	1.20207
46	92	1.22929
46	127	0.730787
46	152	0.686235
46	168	0.889172
46	173	0.735055
46	174	0.732262
46	177	0.732206
47	23	0.645457
47	42	1.15817
47	53	1.10641
47	57	1.15817
47	66	1.15817
47	78	1.09678
47	86	1.209
47	89	1.16042
47	130	1.14932
47	151	0.745206
47	162	0.724206
47	165	0.92502
47	171	0.728033
47	172	1.30356
47	180	0.736432
48	5	1.18096
48	63	1.22878
48	71	1.15537
48	73	1.1842
48	79	1.19065
48	83	0.711968
48	93	1.20496
48	99	1.06559
48	101	0.77016
48	106	1.12161
48	109	1.16789
48	161	0.76457
48	166	0.748699
48	173	0.75731
48	176	0.755405
49	117	1.20515
49	118	1.17366
49	123	0.763412
49	124	1.13579
49	142	1.18349
49	147	1.13929
49	148	1.18422
49	153	1.14863
49	154	0.766506
49	155	1.16346
49	157	1.16631
49	170	0.696594
49	171	0.783337
49	172	0.68448
49	175	0.813821
50	3	1.22505
50	10	1.22369
50	17	1.16402
50	33	1.1038
50	46	1.17612
50	61	1.01724
50	62	1.13224
50	70	1.21531
50	92	1.24252
50	116	0.725875
50	171	0.741263
50	173	0.769533
50	176	0.767627
50	179	0.754397
50	180	0.749661
51	15	0.735961
51	66	0.737375
51	91	0.792035
51	93	0.705581
51	144	0.772996
51	155	0.750601
51	166	1.15305
51	167	1.15226
51	172	1.31059
51	173	1.13822
51	174	1.14237
51	175	1.15877
51	178	1.15447
51	179	1.14742
51	180	1.14285
52	39	0.566157
52	97	0.762265
52	113	0.769951
52	124	1.13713
52	138	1.21807
52	140	0.803589
52	147	1.14063
52	157	1.16764
52	164	0.796487
52	166	1.17575
52	168	0.794864
52	173	1.16092
52	177	1.16419
52	179	1.17012
52	180	1.16555
53	42	1.10641
53	47	1.10641
53	57	1.10641
53	66	1.10641
53	78	1.04502
53	86	1.15724
53	88	1.11407
53	89	1.10866
53	121	0.770566
53	130	1.09757
53	141	0.85333
53	152	0.793622
53	170	0.727428
53	172	1.2518
53	176	0.840536
53	180	0.82257
54	11	1.10707
54	20	1.04209
54	26	1.04051
54	32	1.15267
54	35	1.14043
54	39	1.23866
54	40	1.12779
54	65	1.02609
54	68	1.10797
54	136	0.785991
54	141	0.826637
54	150	0.79863
54	162	0.783652
54	170	1.21674
54	177	0.8129
54	179	0.800613
55	11	1.1183
55	20	1.05332
55	26	1.05174
55	32	1.1639
55	35	1.15166
55	39	1.24989
55	40	1.13902
55	41	1.00686
55	65	1.03732
55	84	0.865809
55	120	0.737254
55	131	0.823342
55	136	0.781724
55	137	0.78919
55	170	1.22798
55	173	0.811482
56	28	1.09176
56	31	1.01931
56	63	1.20002
56	71	1.1266
56	73	1.15544
56	79	1.16188
56	93	1.17619
56	99	1.03683
56	106	1.09284
56	109	1.13913
56	128	0.902739
56	138	0.875077
56	161	0.769927
56	171	0.734398
56	176	0.760762
56	177	0.759819
57	23	0.66454
57	42	1.15817
57	47	1.15817
57	53	1.10641
57	66	1.15817
57	78	1.09678
57	86	1.209
57	89	1.16042
57	108	0.886856
57	130	1.14932
57	170	0.660373
57	171	0.747116
57	172	1.30356
57	174	0.772593
57	177	0.772537
58	27	0.945707
58	38	0.728664
58	39	0.724918
58	60	0.826173
58	84	0.853836
58	87	1.12836
58	96	1.05053
58	108	1.1678
58	111	1.13191
58	113	1.17491
58	120	0.725281
58	146	1.09397
58	163	1.10581
58	164	1.11743
58	165	1.10326
58	168	1.12601
59	81	1.27005
59	94	0.694411
59	100	0.694695
59	116	0.67559
59	126	1.29366
59	130	1.22681
59	141	0.730137
59	144	1.23525
59	160	1.24927
59	164	1.23377
59	165	1.2196
59	168	1.24236
59	172	0.592121
59	174	0.716455
59	175	1.22923
59	178	0.706847
60	37	0.87895
60	58	0.826173
60	68	0.769874
60	117	0.745724
60	133	0.782472
60	144	0.791504
60	150	1.1487
60	162	1.13884
60	167	1.11793
60	171	1.13363
60	173	1.10389
60	174	1.10805
60	177	1.10717
60	178	1.12015
60	179	1.1131
60	180	1.10853
61	3	1.05295
61	10	1.05159
61	15	1.04089
61	17	0.99192
61	33	0.931699
61	46	1.00401
61	50	1.01724
61	62	0.960138
61	69	1.03594
61	70	1.0432
61	92	1.07042
61	155	1.09909
61	172	0.838522
61	175	0.967862
61	178	0.953248
61	180	0.945778
62	8	1.13697
62	10	1.16659
62	15	1.15589
62	17	1.10692
62	33	1.0467
62	50	1.13224
62	61	0.960138
62	69	1.15094
62	70	1.1582
62	92	1.18541
62	154	0.770939
62	167	0.818333
62	175	0.818254
62	178	0.803639
62	179	0.800905
62	180	0.796169
63	23	0.577285
63	28	1.24427
63	36	1.16393
63	43	0.83111
63	48	1.22878
63	56	1.20002
63	73	1.30795
63	83	0.642789
63	93	1.32871
63	99	1.18934
63	101	0.700981
63	106	1.24536
63	109	1.29164
63	169	0.688615
63	175	0.690345
63	178	0.67573
64	19	1.21331
64	67	0.616772
64	79	1.30446
64	99	1.17941
64	109	1.28171
64	125	1.28426
64	131	0.684935
64	145	1.28186
64	153	1.2075
64	155	1.22233
64	157	1.22517
64	158	0.864155
64	159	0.639361
64	176	0.671169
64	177	0.670226
64	178	0.660674
65	11	1.13223
65	20	1.06726
65	26	1.06568
65	32	1.17784
65	35	1.16559
65	40	1.15296
65	54	1.02609
65	55	1.03732
65	68	1.13313
65	121	0.755057
65	143	0.80764
65	159	0.793219
65	170	1.24191
65	171	0.798664
65	175	0.829147
65	177	0.824085
66	42	1.15817
66	47	1.15817
66	51	0.737375
66	53	1.10641
66	57	1.15817
66	78	1.09678
66	86	1.209
66	89	1.16042
66	115	0.876217
66	130	1.14932
66	131	0.741079
66	167	0.731512
66	171	0.700949
66	172	1.30356
66	178	0.716818
67	4	0.692879
67	64	0.616772
67	92	0.66137
67	102	0.725192
67	105	0.660281
67	140	0.715548
67	149	1.27949
67	153	0.720494
67	162	1.261
67	167	1.24009
67	171	1.25579
67	173	1.22605
67	177	1.22932
67	178	1.24231
67	179	1.23526
67	180	1.23069
68	11	1.21412
68	40	1.23484
68	54	1.10797
68	60	0.769874
68	65	1.13313
68	120	0.668983
68	127	0.738942
68	137	0.720918
68	144	1.18618
68	150	0.726091
68	158	1.16305
68	163	1.17309
68	165	1.17053
68	168	1.19329
68	170	1.32379
68	173	0.74321
68	177	0.740361
69	3	1.24375
69	10	1.24239
69	15	1.23169
69	17	1.18273
69	33	1.1225
69	46	1.19482
69	61	1.03594
69	62	1.15094
69	70	1.23401
69	80	0.70375
69	92	1.26122
69	150	0.723094
69	161	0.747473
69	167	0.742506
69	171	0.711943
69	175	0.742426
69	176	0.738307
70	5	0.788268
70	8	1.22004
70	15	1.23895
70	17	1.18998
70	33	1.12976
70	46	1.20207
70	50	1.21531
70	61	1.0432
70	62	1.1582
70	69	1.23401
70	92	1.26848
70	143	0.672596
70	144	0.84772
70	163	0.850768
70	172	0.564762
70	176	0.689983
70	177	0.68904
71	5	1.23129
71	19	1.14983
71	48	1.15537
71	56	1.1266
71	73	1.23454
71	76	0.677865
71	79	1.24098
71	90	0.724226
71	93	1.25529
71	99	1.11593
71	106	1.17194
71	109	1.21822
71	167	0.771571
71	169	0.769762
71	172	0.642151
71	176	0.767372
71	178	0.756876
72	1	1.21606
72	14	0.693264
72	94	0.70959
72	121	0.662552
72	124	1.13989
72	125	1.22949
72	127	0.730159
72	138	1.22083
72	142	1.18759
72	144	0.890259
72	145	1.2271
72	148	1.18833
72	153	1.15273
72	155	1.16757
72	157	1.17041
72	159	0.700713
72	179	0.719292
73	19	1.17866
73	31	1.12724
73	36	1.11935
73	48	1.1842
73	56	1.15544
73	63	1.30795
73	71	1.23454
73	99	1.14476
73	101	0.7747
73	106	1.20078
73	109	1.24706
73	154	0.716749
73	162	0.729753
73	169	0.762335
73	172	0.634723
73	178	0.749449
73	180	0.741979
74	22	1.13591
74	85	1.10985
74	103	1.24242
74	119	0.764267
74	124	1.10229
74	125	1.19189
74	138	1.18323
74	147	1.10579
74	148	1.15073
74	151	0.768349
74	153	1.11513
74	155	1.12997
74	157	1.13281
74	161	0.786706
74	174	0.776653
74	176	0.77754
74	177	0.776597
74	180	0.759575
75	14	0.757499
75	101	0.811512
75	103	1.23943
75	117	1.16867
75	118	1.13718
75	124	1.09931
75	125	1.18891
75	141	0.809551
75	142	1.14701
75	147	1.1028
75	148	1.14774
75	153	1.11215
75	154	0.753562
75	155	1.12698
75	157	1.12982
75	170	0.683649
75	174	0.79587
75	176	0.796757
76	71	0.677865
76	135	0.66466
76	139	0.647142
76	147	0.704313
76	152	1.313
76	160	0.666186
76	161	1.25828
76	164	0.673336
76	165	0.686313
76	167	1.26082
76	168	0.671713
76	169	1.24966
76	173	1.24678
76	174	1.25094
76	177	1.25006
76	178	1.26304
76	179	1.25599
76	180	1.25142
77	80	0.75982
77	85	1.10209
77	94	0.771445
77	108	1.19379
77	135	1.17105
77	136	0.766525
77	138	1.17548
77	145	1.18174
77	147	1.09803
77	148	1.14297
77	150	0.779164
77	155	1.12221
77	158	1.12176
77	168	1.152
77	171	0.768013
77	175	1.13888
77	178	0.783882
77	179	0.781147
78	1	1.12219
78	6	0.783769
78	25	1.06445
78	42	1.09678
78	47	1.09678
78	53	1.04502
78	57	1.09678
78	66	1.09678
78	86	1.14762
78	88	1.10444
78	89	1.09903
78	116	0.7928
78	130	1.08794
78	167	0.838751
78	171	0.808189
78	172	1.24218
78	176	0.834553
78	177	0.83361
78	180	0.816587
79	19	1.18511
79	28	1.20613
79	31	1.13369
79	36	1.12579
79	48	1.19065
79	56	1.16188
79	64	1.30446
79	71	1.24098
79	93	1.29057
79	94	0.710407
79	106	1.20722
79	109	1.2535
79	120	0.661017
79	136	0.705487
79	151	0.724148
79	171	0.706975
79	175	0.737458
79	176	0.733339
79	177	0.732396
80	69	0.70375
80	77	0.75982
80	117	0.682597
80	131	1.20369
80	138	0.684956
80	142	0.721544
80	144	0.728378
80	145	0.671553
80	153	0.740334
80	162	1.23259
80	166	1.21247
80	169	1.20052
80	171	1.22738
80	173	1.19764
80	174	1.20179
80	177	1.20091
80	178	1.21389
80	179	1.20684
80	180	1.20228
81	59	1.27005
81	82	0.713825
81	97	1.21529
81	108	1.24106
81	111	1.20516
81	123	0.701191
81	135	1.21832
81	151	0.73829
81	152	0.700566
81	156	1.17535
81	160	1.20617
81	164	1.19068
81	168	1.19927
81	170	0.634373
81	174	0.746593
81	175	1.18614
81	176	1.1925
81	177	0.746537
81	180	0.729515
82	19	0.766048
82	24	0.624719
82	29	0.816313
82	81	0.713825
82	86	0.655666
82	122	1.24221
82	125	0.68217
82	149	1.23639
82	154	1.23707
82	157	0.704191
82	159	1.26096
82	161	1.19445
82	163	0.732327
82	169	1.18583
82	173	1.18295
82	174	1.18711
82	177	1.18623
82	178	1.19921
82	180	1.18759
83	48	0.711968
83	63	0.642789
83	114	1.26868
83	131	1.19004
83	140	0.726509
83	143	1.2233
83	144	0.719498
83	154	1.2381
83	163	0.722546
83	164	0.719407
83	165	0.732384
83	166	1.19882
83	167	1.19802
83	168	0.717784
83	171	1.21372
83	177	1.18726
83	178	1.20024
83	179	1.19319
83	180	1.18862
84	1	0.733575
84	55	0.865809
84	58	0.853836
84	107	0.781125
84	122	1.124
84	123	1.1374
84	132	0.837352
84	135	0.8104
84	141	1.05296
84	143	1.10406
84	152	1.13096
84	159	1.14275
84	160	0.811926
84	167	1.07878
84	169	1.06762
84	172	1.23711
84	178	1.081
84	179	1.07395
84	180	1.06938
85	74	1.10985
85	77	1.10209
85	117	1.13356
85	118	1.10207
85	138	1.14514
85	142	1.1119
85	145	1.15141
85	147	1.0677
85	148	1.11264
85	149	0.769016
85	153	1.07704
85	155	1.09188
85	157	1.09472
85	168	0.958993
85	169	0.805361
85	171	0.776607
85	173	0.804876
85	175	0.80709
85	180	0.785005
86	25	1.17667
86	29	0.934093
86	42	1.209
86	47	1.209
86	53	1.15724
86	57	1.209
86	66	1.209
86	78	1.14762
86	82	0.655666
86	88	1.21666
86	89	1.21125
86	127	0.686959
86	130	1.20016
86	150	0.674108
86	172	1.3544
86	173	0.691227
86	174	0.688434
86	176	0.689322
86	177	0.688378
87	58	1.12836
87	94	0.752401
87	102	1.16331
87	120	0.703011
87	122	0.736776
87	126	1.22522
87	133	1.19737
87	151	0.766142
87	156	1.14999
87	158	1.14367
87	160	1.18082
87	163	1.15371
87	164	1.16532
87	165	1.15115
87	166	0.768627
87	168	1.17391
87	176	1.16715
87	178	0.764838
87	179	0.762103
87	180	0.757368
88	23	0.689236
88	53	1.11407
88	78	1.10444
88	86	1.21666
88	89	1.16808
88	98	0.743382
88	121	0.728207
88	130	1.15698
88	132	1.16083
88	134	0.810231
88	158	1.14229
88	162	0.767985
88	163	1.15232
88	164	1.16394
88	165	1.14977
88	169	0.800567
88	170	0.685069
88	172	1.31122
88	175	1.1594
88	179	0.784947
89	1	1.18583
89	25	1.12808
89	42	1.16042
89	47	1.16042
89	53	1.10866
89	57	1.16042
89	66	1.16042
89	78	1.09903
89	86	1.21125
89	88	1.16808
89	101	0.760281
89	122	0.706968
89	130	1.15158
89	145	0.846438
89	151	0.736335
89	161	0.754691
89	171	0.719162
89	172	1.30581
89	175	0.749645
89	178	0.73503
90	4	0.70413
90	21	0.594447
90	71	0.724226
90	99	0.828007
90	109	0.66199
90	118	0.720923
90	125	0.67268
90	126	0.674905
90	133	0.710756
90	143	1.24325
90	152	1.27015
90	159	1.28194
90	166	1.21877
90	167	1.21797
90	169	1.20681
90	173	1.20393
90	174	1.20809
90	177	1.2072
90	178	1.22019
90	179	1.21314
90	180	1.20857
91	30	1.06838
91	44	1.13278
91	51	0.792035
91	98	0.727178
91	116	0.740221
91	126	1.18689
91	133	1.15904
91	139	1.17414
91	143	0.764586
91	144	1.12847
91	153	0.951666
91	156	1.11167
91	158	1.10535
91	160	1.14249
91	161	0.791139
91	163	1.11538
91	164	1.12699
91	165	1.11282
91	168	1.13558
91	178	0.771478
91	179	0.768743
92	3	1.27822
92	8	1.24725
92	10	1.27686
92	15	1.26616
92	17	1.2172
92	33	1.15697
92	46	1.22929
92	50	1.24252
92	61	1.07042
92	62	1.18541
92	67	0.66137
92	69	1.26122
92	70	1.26848
92	110	0.681894
92	152	0.668853
92	161	0.724933
92	169	0.718157
92	173	0.717673
92	175	0.719886
92	176	0.715767
92	179	0.702537
93	5	1.28088
93	28	1.22044
93	31	1.148
93	36	1.1401
93	48	1.20496
93	51	0.705581
93	56	1.17619
93	63	1.32871
93	71	1.25529
93	79	1.29057
93	99	1.16552
93	106	1.22153
93	109	1.26781
93	122	0.656962
93	131	0.709286
93	136	0.667668
93	152	0.648605
93	161	0.704685
93	164	0.853165
93	178	0.685024
93	180	0.677554
94	59	0.694411
94	72	0.70959
94	77	0.771445
94	79	0.710407
94	87	0.752401
94	118	0.741136
94	133	0.73097
94	139	0.713717
94	147	0.770888
94	151	1.19592
94	161	1.17059
94	167	1.17313
94	169	1.16197
94	171	1.18883
94	172	1.33146
94	173	1.15909
94	174	1.16325
94	176	1.18601
94	177	1.16237
94	178	1.17535
94	179	1.1683
94	180	1.16373
95	96	1.12201
95	104	1.17989
95	114	0.695399
95	115	1.21217
95	128	1.22578
95	129	1.18667
95	131	0.760215
95	132	1.1858
95	135	1.21655
95	146	1.16545
95	158	1.16725
95	163	1.17729
95	164	1.1889
95	165	1.17473
95	166	0.739743
95	167	0.750648
95	168	1.19749
95	171	0.720085
95	173	0.748355
95	178	0.735954
95	179	0.733219
95	180	0.728484
96	18	0.874259
96	58	1.05053
96	95	1.12201
96	100	0.822636
96	102	1.08548
96	113	1.14498
96	119	0.83201
96	126	1.14739
96	128	1.12437
96	137	0.824897
96	139	1.13464
96	144	1.08897
96	146	1.06404
96	160	1.10299
96	163	1.07588
96	165	1.07332
96	168	1.09608
96	169	0.847673
96	170	0.732175
96	174	0.844396
96	176	1.08932
96	179	0.832053
97	52	0.762265
97	81	1.21529
97	107	1.21601
97	111	1.19349
97	123	0.682331
97	133	1.21105
97	140	1.18899
97	145	0.829533
97	156	1.16368
97	158	1.15736
97	163	1.16739
97	164	1.17901
97	165	1.16484
97	166	0.721915
97	168	1.18759
97	169	0.731011
97	174	0.727734
97	175	1.17447
97	176	1.18083
97	177	0.727678
97	179	0.715391
97	180	0.710656
98	34	1.26575
98	36	0.807057
98	88	0.743382
98	91	0.727178
98	111	0.740901
98	114	1.24599
98	117	1.20686
98	129	0.717319
98	147	1.141
98	148	1.18594
98	155	1.16518
98	156	0.706108
98	157	1.16802
98	158	0.743389
98	160	0.700898
98	168	0.706425
98	169	1.16417
98	173	1.16129
98	175	1.18184
98	178	1.17754
98	179	1.1705
98	180	1.16593
99	5	1.14152
99	19	1.06005
99	28	1.08108
99	31	1.00863
99	36	1.00074
99	48	1.06559
99	56	1.03683
99	63	1.18934
99	64	1.17941
99	71	1.11593
99	73	1.14476
99	90	0.828007
99	93	1.16552
99	106	1.08217
99	109	1.12845
99	112	0.836311
99	120	0.798831
99	122	0.832596
99	149	0.837198
99	172	0.745932
99	173	0.873059
99	179	0.857923
100	7	0.712406
100	59	0.694695
100	96	0.822636
100	122	1.21789
100	125	0.693178
100	126	0.695404
100	127	1.19445
100	128	0.724527
100	130	0.75172
100	136	1.21448
100	137	1.18625
100	146	0.759344
100	154	1.21275
100	162	1.19358
100	168	0.738573
100	169	1.16151
100	171	1.18837
100	174	1.16279
100	177	1.16191
100	178	1.17489
100	179	1.16784
100	180	1.16327
101	32	0.728412
101	48	0.77016
101	63	0.700981
101	73	0.7747
101	75	0.811512
101	89	0.760281
101	112	1.15312
101	124	0.76345
101	146	0.796746
101	149	1.16862
101	159	1.19319
101	162	1.15014
101	165	0.790575
101	166	1.13002
101	167	1.12923
101	170	1.27936
101	171	1.14492
101	173	1.11519
101	176	1.1421
101	177	1.11846
101	178	1.13144
101	179	1.12439
101	180	1.11982
102	23	0.670648
102	37	1.07674
102	67	0.725192
102	87	1.16331
102	96	1.08548
102	126	1.21227
102	128	1.18926
102	129	1.15014
102	139	1.19952
102	141	0.792383
102	143	0.762201
102	146	1.12893
102	147	0.968211
102	163	1.14076
102	164	1.15238
102	165	1.13821
102	168	1.16097
102	170	0.666481
102	173	0.781494
102	175	1.14784
102	176	1.1542
102	177	0.778645
102	180	0.761623
103	13	0.635441
103	74	1.24242
103	75	1.23943
103	116	1.27375
103	118	1.23464
103	124	1.19677
103	127	0.652299
103	129	0.821578
103	138	1.27771
103	142	1.24447
103	145	1.28398
103	147	1.20027
103	148	1.24521
103	151	0.645471
103	153	1.20961
103	155	1.22445
103	157	1.22729
103	158	0.847648
103	165	0.825284
103	166	0.647956
103	167	0.65886
103	170	0.541554
103	171	0.628298
104	95	1.17989
104	116	0.760191
104	119	0.78867
104	123	0.755654
104	128	1.18226
104	130	1.13842
104	133	1.17742
104	134	0.813997
104	136	0.774091
104	140	1.15536
104	144	1.14686
104	154	0.758748
104	156	1.13005
104	158	1.12373
104	160	1.16087
104	163	1.13376
104	164	1.14538
104	165	1.13121
104	168	1.15396
104	172	0.676722
104	174	0.801056
104	175	1.14084
104	180	0.783978
105	7	1.28498
105	38	0.64574
105	67	0.660281
105	115	1.25637
105	117	1.25359
105	118	1.2221
105	123	0.668389
105	124	1.18423
105	125	1.27383
105	127	0.712316
105	138	1.26517
105	142	1.23193
105	145	1.27143
105	148	1.23266
105	153	1.19707
105	154	0.671483
105	155	1.2119
105	157	1.21474
105	174	0.713791
105	175	0.718798
105	176	0.714678
105	178	0.704183
105	179	0.701448
106	5	1.19753
106	19	1.11606
106	28	1.13709
106	31	1.06465
106	36	1.05675
106	48	1.12161
106	56	1.09284
106	63	1.24536
106	71	1.17194
106	73	1.20078
106	79	1.20722
106	93	1.22153
106	99	1.08217
106	109	1.18446
106	131	0.796249
106	143	0.765095
106	161	0.791648
106	167	0.786681
106	172	0.657261
106	175	0.786602
106	176	0.782483
106	177	0.78154
106	180	0.764517
107	25	0.765244
107	38	0.655953
107	44	1.19718
107	84	0.781125
107	97	1.21601
107	110	0.691019
107	126	1.25129
107	133	1.22344
107	139	1.23854
107	140	1.20138
107	144	1.19287
107	146	1.16794
107	152	0.677977
107	158	1.16974
107	161	0.734057
107	163	1.17978
107	164	1.19139
107	165	1.17722
107	167	0.72909
107	168	1.19998
107	169	0.727282
107	174	0.724005
107	176	1.19322
107	177	0.723949
108	18	0.747549
108	37	1.12913
108	44	1.21056
108	57	0.886856
108	58	1.1678
108	77	1.19379
108	81	1.24106
108	113	1.26226
108	132	1.20167
108	135	1.23241
108	137	0.698187
108	143	0.701185
108	156	1.18944
108	158	1.18312
108	163	1.19316
108	164	1.20477
108	165	1.1906
108	167	0.722771
108	172	0.593351
108	173	0.720478
108	174	0.717686
108	175	1.20024
108	177	0.71763
108	179	0.705343
109	5	1.24382
109	19	1.16235
109	30	0.928117
109	31	1.11093
109	36	1.10303
109	48	1.16789
109	56	1.13913
109	63	1.29164
109	64	1.28171
109	71	1.21822
109	73	1.24706
109	79	1.2535
109	90	0.66199
109	93	1.26781
109	99	1.12845
109	106	1.18446
109	149	0.671181
109	161	0.714301
109	166	0.69843
109	168	0.861158
109	171	0.678771
109	172	0.579914
109	175	0.709255
109	176	0.705135
110	7	0.70118
110	92	0.681894
110	107	0.691019
110	113	0.702434
110	118	0.730196
110	129	0.738242
110	133	0.720029
110	135	0.720294
110	151	1.21519
110	153	0.741018
110	154	1.23248
110	158	0.764311
110	159	1.25637
110	162	1.21331
110	166	1.1932
110	167	1.1924
110	169	1.18124
110	171	1.2081
110	173	1.17836
110	174	1.18252
110	177	1.18163
110	178	1.19462
110	179	1.18757
110	180	1.183
111	29	1.09453
111	58	1.13191
111	81	1.20516
111	97	1.19349
111	98	0.740901
111	114	0.744647
111	127	0.793334
111	139	1.21603
111	140	1.17886
111	144	1.17036
111	154	0.752501
111	156	1.15355
111	158	1.14723
111	160	1.18438
111	162	0.765505
111	163	1.15727
111	165	1.15471
111	168	1.17747
111	170	0.682589
111	172	0.670475
111	174	0.794809
111	175	1.16435
111	176	1.17071
111	178	0.785201
111	179	0.782467
112	29	0.815127
112	99	0.836311
112	101	1.15312
112	118	0.729227
112	123	1.21482
112	135	0.719325
112	136	1.19801
112	148	0.736262
112	150	1.18696
112	151	1.17898
112	154	1.19628
112	155	0.705698
112	156	0.726062
112	158	0.763342
112	161	1.15365
112	163	0.731141
112	164	0.728001
112	167	1.1562
112	169	1.14504
112	171	1.1719
112	173	1.14216
112	174	1.14631
112	178	1.15841
112	179	1.15137
112	180	1.1468
113	9	0.685286
113	43	1.21169
113	52	0.769951
113	58	1.17491
113	96	1.14498
113	108	1.26226
113	110	0.702434
113	133	1.24393
113	137	0.715921
113	139	1.25903
113	140	1.22187
113	141	0.749101
113	144	1.21336
113	149	0.702352
113	156	1.19655
113	160	1.22738
113	162	0.706115
113	163	1.20027
113	164	1.21188
113	165	1.19771
113	167	0.740506
113	168	1.22047
113	171	0.709943
113	172	0.611086
113	176	1.21371
113	180	0.718341
114	83	1.26868
114	95	0.695399
114	98	1.24599
114	111	0.744647
114	138	0.668462
114	141	1.17714
114	142	0.705051
114	144	0.711885
114	146	0.730941
114	156	0.709854
114	157	0.686796
114	159	1.26693
114	161	1.20041
114	162	1.22387
114	163	0.714933
114	164	0.711793
114	166	1.20376
114	167	1.20296
114	168	0.71017
114	171	1.21866
114	174	1.19308
114	175	1.20947
114	177	1.19219
114	178	1.20518
114	179	1.19813
114	180	1.19356
115	16	0.713992
115	66	0.876217
115	95	1.21217
115	105	1.25637
115	119	0.740829
115	134	0.766156
115	136	0.72625
115	137	0.733716
115	138	1.20973
115	144	1.17914
115	145	1.21599
115	147	1.13228
115	148	1.17722
115	152	0.707188
115	153	1.14163
115	155	1.15646
115	157	1.1593
115	159	0.722293
115	160	1.19316
115	163	1.16605
115	164	1.17766
115	165	1.16349
115	168	1.18625
115	169	0.756492
115	172	0.628881
115	175	1.17312
115	179	0.740872
116	2	1.23205
116	10	0.688471
116	37	0.808628
116	50	0.725875
116	59	0.67559
116	78	0.7928
116	91	0.740221
116	103	1.27375
116	104	0.760191
116	132	0.739367
116	140	0.728193
116	142	1.18133
116	144	0.721182
116	145	1.22083
116	147	1.13712
116	153	1.14647
116	154	1.21153
116	155	1.1613
116	157	1.16414
116	160	0.713941
116	161	1.16891
116	174	1.16157
116	175	1.17797
116	177	1.16069
116	178	1.17367
116	179	1.16662
116	180	1.16205
117	34	1.25425
117	49	1.20515
117	60	0.745724
117	75	1.16867
117	80	0.682597
117	85	1.13356
117	98	1.20686
117	105	1.25359
117	118	1.16388
117	124	1.12601
117	125	1.21561
117	131	0.73092
117	135	0.866123
117	138	1.20695
117	142	1.17371
117	145	1.21321
117	147	1.1295
117	152	0.67024
117	153	1.13885
117	155	1.15368
117	156	0.87286
117	157	1.15652
117	159	0.685346
117	174	0.716267
117	176	0.717154
117	177	0.716211
117	179	0.703924
118	2	1.19294
118	49	1.17366
118	75	1.13718
118	85	1.10207
118	90	0.720923
118	94	0.741136
118	103	1.23464
118	105	1.2221
118	110	0.730196
118	112	0.729227
118	117	1.16388
118	124	1.09452
118	125	1.18411
118	126	0.876922
118	134	0.776122
118	138	1.17545
118	142	1.14221
118	145	1.18172
118	147	1.09801
118	148	1.14295
118	153	1.10735
118	155	1.12219
118	156	0.919774
118	157	1.12503
118	162	0.733877
118	166	0.757363
118	170	0.650961
118	175	0.768188
119	26	0.780171
119	74	0.764267
119	96	0.83201
119	104	0.78867
119	115	0.740829
119	131	1.13193
119	133	0.740629
119	135	0.740894
119	136	1.18172
119	146	0.768718
119	149	1.17931
119	153	0.761618
119	155	0.727267
119	156	0.74763
119	161	1.13737
119	162	1.16083
119	166	1.14071
119	167	1.13992
119	169	1.12876
119	171	1.15562
119	172	1.29825
119	173	1.12588
119	174	1.13003
119	176	1.15279
119	177	1.12915
119	178	1.14213
119	179	1.13508
119	180	1.13052
120	20	0.668197
120	55	0.737254
120	58	0.725281
120	68	0.668983
120	79	0.661017
120	87	0.703011
120	99	0.798831
120	127	1.23877
120	133	0.68158
120	142	0.683779
120	143	1.24227
120	154	1.25707
120	156	0.688582
120	159	1.28096
120	160	0.683372
120	161	1.21445
120	162	1.2379
120	163	0.693661
120	166	1.21779
120	167	1.21699
120	169	1.20583
120	171	1.23269
120	173	1.20295
120	174	1.20711
120	177	1.20623
120	178	1.21921
120	179	1.21216
120	180	1.20759
121	3	0.693317
121	10	0.660253
121	27	0.683332
121	35	0.623929
121	41	0.767158
121	53	0.770566
121	65	0.755057
121	72	0.662552
121	88	0.728207
121	122	1.25613
121	127	1.23268
121	149	1.2503
121	155	0.670569
121	156	0.690933
121	161	1.20836
121	166	1.2117
121	167	1.21091
121	168	0.69125
121	169	1.19975
121	170	1.36104
121	171	1.22661
121	173	1.19687
121	174	1.20102
121	176	1.22378
121	177	1.20014
121	178	1.21312
121	179	1.20608
121	180	1.20151
122	82	1.24221
122	84	1.124
122	87	0.736776
122	89	0.706968
122	93	0.656962
122	99	0.832596
122	100	1.21789
122	121	1.25613
122	126	0.679494
122	128	0.708617
122	130	0.73581
122	132	0.742562
122	141	1.1517
122	143	1.2028
122	146	0.743434
122	150	1.20828
122	155	0.701982
122	160	0.717136
122	163	0.727425
122	166	1.17832
122	167	1.17752
122	169	1.16636
122	172	1.33585
122	174	1.16763
122	175	1.18403
122	177	1.16675
122	178	1.17973
122	179	1.17269
122	180	1.16812
123	30	0.781889
123	49	0.763412
123	81	0.701191
123	84	1.1374
123	97	0.682331
123	104	0.755654
123	105	0.668389
123	112	1.21482
123	131	1.18294
123	132	0.73483
123	139	0.690359
123	144	0.716645
123	150	1.22168
123	152	1.2431
123	154	1.231
123	158	0.751894
123	161	1.18837
123	164	0.716554
123	165	0.72953
123	166	1.19172
123	169	1.17976
123	171	1.20662
123	173	1.17688
123	174	1.18104
123	176	1.20379
123	177	1.18015
123	178	1.19313
123	179	1.18609
123	180	1.18152
124	12	0.907981
124	16	0.708585
124	21	1.25017
124	41	0.980626
124	49	1.13579
124	52	1.13713
124	72	1.13989
124	74	1.10229
124	75	1.09931
124	101	0.76345
124	103	1.19677
124	105	1.18423
124	117	1.12601
124	118	1.09452
124	125	1.14625
124	138	1.13759
124	145	1.14385
124	147	1.06014
124	148	1.10508
124	151	0.739504
124	153	1.06949
124	155	1.08432
124	157	1.08716
124	162	0.718503
124	163	0.90948
124	167	0.752893
124	171	0.722331
124	173	0.7506
124	175	0.752814
125	16	0.675716
125	21	1.33977
125	22	1.17986
125	25	0.756177
125	27	1.18445
125	64	1.28426
125	72	1.22949
125	74	1.19189
125	75	1.18891
125	82	0.68217
125	90	0.67268
125	100	0.693178
125	105	1.27383
125	117	1.21561
125	118	1.18411
125	124	1.14625
125	134	0.727879
125	136	0.687973
125	142	1.19395
125	145	1.23345
125	146	0.892619
125	147	1.14974
125	148	1.19468
125	153	1.15909
125	155	1.17392
125	157	1.17676
125	159	0.684017
125	162	0.685634
125	174	0.714938
125	175	0.719945
125	176	0.715826
126	12	1.10057
126	37	1.13865
126	59	1.29366
126	87	1.22522
126	90	0.674905
126	91	1.18689
126	96	1.14739
126	100	0.695404
126	102	1.21227
126	107	1.25129
126	118	0.876922
126	122	0.679494
126	132	1.21118
126	135	1.24193
126	140	1.22427
126	146	1.19084
126	150	0.702837
126	157	0.8507
126	158	1.19264
126	160	1.22979
126	162	0.68786
126	164	1.21429
126	165	1.20012
126	168	1.22288
126	169	0.720441
126	170	0.604943
126	171	0.691687
126	174	0.717164
126	176	1.21612
126	178	0.707556
126	180	0.700085
127	36	0.85949
127	46	0.730787
127	68	0.738942
127	72	0.730159
127	86	0.686959
127	100	1.19445
127	103	0.652299
127	105	0.712316
127	111	0.793334
127	120	1.23877
127	121	1.23268
127	137	1.16765
127	138	0.71715
127	145	0.703747
127	152	1.20625
127	157	0.735484
127	159	1.21804
127	161	1.15153
127	162	1.17498
127	164	0.760481
127	165	0.773458
127	167	1.15407
127	169	1.14291
127	170	1.30421
127	171	1.16977
127	173	1.14003
127	174	1.14419
127	176	1.16695
127	177	1.14331
127	178	1.15629
127	179	1.14924
127	180	1.14467
128	25	0.787526
128	29	1.11692
128	41	1.10924
128	56	0.902739
128	95	1.22578
128	96	1.12437
128	100	0.724527
128	102	1.18926
128	104	1.18226
128	122	0.708617
128	129	1.18904
128	132	1.18817
128	135	1.21892
128	140	1.20126
128	146	1.16782
128	149	0.71322
128	150	0.731961
128	151	0.737983
128	156	1.17594
128	158	1.16962
128	160	1.20677
128	161	0.75634
128	163	1.17966
128	164	1.19127
128	165	1.1771
128	166	0.740469
128	168	1.19986
128	171	0.720811
128	172	0.621953
128	175	1.18674
128	178	0.736679
128	180	0.729209
129	14	1.20968
129	29	1.07781
129	38	0.703176
129	45	1.16565
129	95	1.18667
129	98	0.717319
129	102	1.15014
129	103	0.821578
129	110	0.738242
129	128	1.18904
129	130	1.1452
129	131	0.785881
129	132	1.14905
129	133	1.1842
129	134	0.784169
129	135	1.1798
129	144	1.15364
129	146	1.12871
129	152	0.7252
129	155	0.907457
129	156	1.13683
129	158	1.13051
129	160	1.16765
129	163	1.14054
129	164	1.15216
129	165	1.13799
129	167	0.776313
129	168	1.16075
129	170	0.659007
129	176	1.15398
129	177	0.771171
129	178	0.761619
129	179	0.758885
130	42	1.14932
130	47	1.14932
130	53	1.09757
130	57	1.14932
130	59	1.22681
130	66	1.14932
130	78	1.08794
130	86	1.20016
130	88	1.15698
130	89	1.15158
130	100	0.75172
130	104	1.13842
130	122	0.73581
130	129	1.1452
130	135	1.17508
130	146	1.12399
130	149	0.740412
130	156	1.13211
130	157	0.907016
130	158	1.12579
130	161	0.783533
130	162	0.744176
130	164	1.14744
130	166	0.767661
130	167	0.778566
130	168	1.15603
130	169	0.776757
130	170	0.661259
130	171	0.748003
130	172	1.29472
130	175	1.1429
130	179	0.761137
130	180	0.756401
131	20	0.754285
131	55	0.823342
131	64	0.684935
131	66	0.741079
131	80	1.20369
131	83	1.19004
131	93	0.709286
131	95	0.760215
131	106	0.796249
131	117	0.73092
131	119	1.13193
131	123	1.18294
131	129	0.785881
131	148	0.78487
131	150	1.15508
131	151	1.1471
131	152	1.1765
131	156	0.77467
131	160	0.76946
131	161	1.12177
131	162	1.14523
131	163	0.779749
131	166	1.12511
131	167	1.12432
131	170	1.27445
131	171	1.14001
131	172	1.28265
131	173	1.11028
131	174	1.11443
131	177	1.11355
131	178	1.12653
131	179	1.11948
131	180	1.11491
132	12	1.03757
132	43	1.1511
132	44	1.15707
132	45	1.16478
132	84	0.837352
132	88	1.16083
132	95	1.1858
132	108	1.20167
132	116	0.739367
132	122	0.742562
132	123	0.73483
132	126	1.21118
132	128	1.18817
132	129	1.14905
132	133	1.18333
132	134	0.793173
132	140	1.16127
132	141	0.793913
132	146	1.12784
132	149	0.747165
132	156	1.13596
132	158	1.12964
132	160	1.16678
132	163	1.13967
132	164	1.15129
132	165	1.13712
132	168	1.15988
132	169	0.783509
132	172	0.655898
132	173	0.783025
132	178	0.770624
132	179	0.767889
132	180	0.763154
133	30	1.12782
133	60	0.782472
133	87	1.19737
133	90	0.710756
133	91	1.15904
133	94	0.73097
133	97	1.21105
133	104	1.17742
133	107	1.22344
133	110	0.720029
133	113	1.24393
133	119	0.740629
133	120	0.68158
133	129	1.1842
133	132	1.18333
133	134	0.765956
133	135	1.21408
133	139	1.23359
133	140	1.19642
133	150	0.738689
133	156	1.17111
133	158	1.16479
133	159	0.722094
133	160	1.20194
133	163	1.17483
133	164	1.18644
133	165	1.17227
133	166	0.747196
133	168	1.19503
133	172	0.628681
133	174	0.753015
133	175	1.1819
133	177	0.752959
133	180	0.735937
134	3	0.775341
134	37	0.862435
134	88	0.810231
134	104	0.813997
134	115	0.766156
134	118	0.776122
134	125	0.727879
134	129	0.784169
134	132	0.793173
134	133	0.765956
134	136	1.15557
134	137	1.12734
134	149	1.15316
134	150	1.14453
134	151	1.13655
134	152	1.16594
134	159	1.17773
134	160	0.767747
134	161	1.11122
134	162	1.13467
134	163	0.778037
134	164	0.774897
134	166	1.11456
134	169	1.1026
134	170	1.2639
134	171	1.12946
134	173	1.09972
134	174	1.10388
134	175	1.12028
134	176	1.12664
134	177	1.103
134	178	1.11598
134	179	1.10893
134	180	1.10436
135	23	0.645226
135	43	1.18185
135	76	0.66466
135	77	1.17105
135	81	1.21832
135	84	0.8104
135	95	1.21655
135	108	1.23241
135	110	0.720294
135	112	0.719325
135	117	0.866123
135	119	0.740894
135	126	1.24193
135	128	1.21892
135	129	1.1798
135	130	1.17508
135	133	1.21408
135	140	1.19202
135	146	1.15858
135	154	0.710971
135	156	1.16671
135	158	1.16039
135	159	0.722358
135	163	1.17042
135	164	1.18204
135	165	1.16786
135	167	0.758365
135	168	1.19062
135	171	0.727803
135	172	0.628945
135	175	1.1775
135	176	1.18386
135	177	0.753224
135	179	0.740937
136	8	0.697619
136	54	0.785991
136	55	0.781724
136	77	0.766525
136	79	0.705487
136	93	0.667668
136	100	1.21448
136	104	0.774091
136	112	1.19801
136	115	0.72625
136	119	1.18172
136	125	0.687973
136	134	1.15557
136	138	0.69166
136	145	0.678257
136	146	0.754139
136	148	0.743251
136	149	1.2135
136	151	1.19689
136	154	1.21419
136	161	1.17156
136	162	1.19502
136	166	1.1749
136	167	1.17411
136	168	0.733368
136	169	1.16295
136	171	1.18981
136	172	1.33244
136	174	1.16422
136	176	1.18698
136	177	1.16334
136	178	1.17632
136	179	1.16928
136	180	1.16471
137	17	0.805704
137	42	0.758013
137	55	0.78919
137	68	0.720918
137	96	0.824897
137	100	1.18625
137	108	0.698187
137	113	0.715921
137	115	0.733716
137	127	1.16765
137	134	1.12734
137	141	1.12006
137	142	0.735715
137	145	0.685723
137	148	0.750717
137	150	1.17664
137	154	1.18596
137	158	0.777798
137	159	1.20985
137	161	1.14333
