1	2	1.02573
1	4	0.909546
1	11	0.904966
1	28	1.02191
1	29	0.983052
1	36	0.964855
1	43	0.964978
1	44	0.965142
1	114	0.9242
1	124	0.964581
1	127	1.84891
1	145	2.15957
2	1	1.02573
2	4	1.02898
2	11	1.0244
2	23	1.10404
2	29	1.10249
2	35	1.15869
2	36	1.08429
2	43	1.08442
2	44	1.08458
2	124	1.08402
2	130	1.087
2	155	2.12476
3	57	0.991977
3	59	0.991944
3	65	0.870349
3	95	0.669271
3	134	0.916102
3	152	1.03159
3	155	0.938309
3	165	0.956629
3	169	0.941434
3	174	0.95764
3	179	0.950256
3	180	0.908578
4	1	0.909546
4	2	1.02898
4	11	0.908217
4	23	0.987853
4	29	0.986302
4	36	0.968105
4	43	0.968229
4	44	0.968393
4	114	0.92745
4	124	0.967832
4	144	1.62851
4	169	2.07383
5	45	0.998281
5	110	1.11452
5	111	1.11293
5	112	1.06363
5	113	1.11668
5	118	1.09488
5	121	1.08531
5	122	1.08546
5	125	0.896714
5	164	0.932556
5	167	2.05215
5	171	1.68981
6	51	1.08413
6	53	1.08382
6	57	1.06624
6	59	1.06621
6	96	1.20408
6	117	1.08385
6	119	1.05292
6	129	1.03187
6	143	1.45939
6	152	1.10586
6	172	1.80268
6	174	1.0319
7	15	0.926081
7	32	0.90496
7	39	0.977508
7	41	0.995504
7	42	1.09509
7	52	0.96875
7	66	1.04161
7	106	0.856586
7	119	0.943117
7	127	0.911951
7	172	1.46698
7	177	3.82861
8	22	0.93167
8	51	0.981611
8	53	0.981298
8	57	0.963723
8	59	0.96369
8	108	1.60992
8	117	0.98133
8	119	0.950401
8	129	0.92935
8	149	1.85818
8	152	1.00334
8	174	0.929386
9	14	0.934131
9	33	1.03489
9	47	0.997843
9	71	0.955944
9	74	0.953158
9	75	0.951046
9	77	0.93087
9	90	0.92157
9	94	0.965759
9	126	2.44496
9	130	1.35932
9	140	0.976144
10	76	1.12042
10	78	1.04756
10	87	0.460817
10	95	1.06657
10	98	1.06192
10	101	1.11306
10	102	1.05257
10	104	1.09689
10	108	1.15544
10	133	1.02947
10	151	1.04541
10	167	2.35038
11	1	0.904966
11	2	1.0244
11	4	0.908217
11	23	0.983273
11	28	1.02058
11	36	0.963526
11	43	0.963649
11	44	0.963813
11	86	0.740981
11	114	0.922871
11	124	0.963253
11	163	3.15061
12	27	1.12435
12	32	1.0042
12	39	1.07675
12	42	1.19434
12	52	1.06799
12	66	1.14085
12	106	0.95583
12	119	1.04236
12	127	1.0112
12	139	0.99288
12	168	2.08885
12	175	1.53898
13	19	0.627834
13	41	0.888124
13	129	0.98896
13	144	0.982045
13	163	0.946633
13	167	0.963531
13	169	0.972791
13	176	0.93748
13	177	0.913758
13	178	0.951325
13	179	0.981612
13	180	0.939934
14	9	0.934131
14	20	1.0127
14	33	1.01235
14	47	0.975297
14	56	0.9647
14	71	0.933398
14	74	0.930612
14	75	0.9285
14	79	0.986093
14	94	0.943213
14	131	1.2624
14	169	2.44311
15	7	0.926081
15	27	1.01088
15	39	0.963281
15	41	0.981276
15	42	1.08086
15	52	0.954522
15	66	1.02738
15	106	0.842358
15	119	0.92889
15	127	0.897724
15	151	1.83568
15	165	1.88719
16	18	0.171752
16	79	0.281705
16	106	0.902976
16	147	0.986561
16	148	1.03494
16	160	0.994016
16	169	0.952287
16	171	0.972039
16	173	0.932975
16	178	0.930821
16	179	0.961108
16	180	0.91943
17	30	1.01973
17	46	0.909173
17	49	0.975922
17	64	1.05113
17	87	1.21336
17	92	0.986503
17	100	0.983422
17	103	0.974406
17	105	0.974568
17	142	0.877123
17	149	2.15623
17	175	0.883276
18	16	0.171752
18	46	1.02803
18	64	1.16999
18	91	1.02521
18	92	1.10536
18	100	1.10228
18	103	1.09327
18	105	1.09343
18	134	0.993105
18	138	3.09683
18	156	0.942596
18	175	1.00214
19	13	0.627834
19	45	0.903002
19	89	0.93514
19	109	0.985575
19	111	1.01765
19	112	0.968353
19	118	0.999601
19	121	0.990033
19	122	0.990183
19	145	0.904017
19	156	0.887211
19	164	0.837277
19	167	2.53603
20	14	1.0127
20	50	1.06079
20	54	1.05981
20	71	1.03452
20	74	1.03173
20	77	1.00944
20	79	1.08721
20	90	1.00014
20	94	1.04433
20	137	1.62905
20	140	1.05472
20	145	1.12889
20	180	2.2108
21	41	1.19718
21	96	0.981692
21	116	0.992962
21	118	0.31339
21	139	1.02067
21	160	0.974205
21	163	0.906318
21	167	0.923216
21	171	0.952227
21	173	0.913164
21	176	0.897165
21	179	0.941297
21	180	0.899619
22	8	0.93167
22	24	1.01077
22	51	0.958406
22	53	0.958093
22	57	0.940518
22	59	0.940485
22	117	0.958125
22	119	0.927195
22	129	0.906144
22	151	1.36503
22	152	0.980135
22	163	2.74358
22	174	0.906181
23	2	1.10404
23	4	0.987853
23	11	0.983273
23	28	1.10022
23	29	1.06136
23	36	1.04316
23	43	1.04329
23	44	1.04345
23	114	1.00251
23	124	1.04289
23	127	1.12006
23	154	2.66981
23	179	1.09999
24	22	1.01077
24	51	1.06071
24	53	1.0604
24	57	1.04282
24	59	1.04279
24	117	1.06043
24	119	1.0295
24	129	1.00845
24	131	0.650662
24	150	0.777261
24	152	1.08244
24	154	3.15025
24	174	1.00849
25	40	1.68549
25	89	0.90746
25	93	0.958185
25	109	0.957895
25	110	0.991561
25	111	0.989968
25	118	0.971922
25	121	0.962353
25	122	0.962504
25	146	0.930691
25	152	0.971629
25	164	0.809598
25	168	2.63795
26	67	1.1011
26	69	1.08444
26	70	1.02695
26	95	1.02047
26	98	1.01582
26	101	1.06697
26	102	1.00647
26	104	1.05079
26	117	0.8017
26	139	1.59019
26	140	1.0389
26	146	1.02606
26	155	2.17604
27	12	1.12435
27	15	1.01088
27	32	0.989756
27	39	1.0623
27	41	1.0803
27	52	1.05355
27	66	1.12641
27	96	1.00384
27	106	0.941382
27	119	1.02791
27	127	0.996747
27	145	1.79549
27	173	1.96642
28	1	1.02191
28	11	1.02058
28	23	1.10022
28	29	1.09867
28	36	1.08047
28	43	1.08059
28	44	1.08076
28	108	1.39524
28	114	1.03982
28	123	1.00644
28	124	1.0802
28	162	1.54149
29	1	0.983052
29	2	1.10249
29	4	0.986302
29	23	1.06136
29	28	1.09867
29	36	1.04161
29	43	1.04173
29	44	1.0419
29	114	1.00096
29	124	1.04134
29	133	1.37395
29	150	0.650311
29	178	2.70932
30	17	1.01973
30	37	0.715804
30	64	1.14318
30	80	1.0196
30	81	1.08756
30	91	0.998407
30	100	1.07548
30	103	1.06646
30	105	1.06662
30	134	0.966299
30	172	1.48941
30	175	0.97533
30	178	2.60758
31	89	0.994796
31	99	1.01415
31	109	1.04523
31	110	1.0789
31	111	1.0773
31	112	1.02801
31	118	1.05926
31	121	1.04969
31	122	1.04984
31	133	1.79407
31	136	1.14774
31	146	1.01803
31	147	1.70881
32	7	0.90496
32	12	1.0042
32	27	0.989756
32	39	0.94216
32	41	0.960156
32	42	1.05974
32	52	0.933402
32	66	1.00626
32	106	0.821237
32	117	1.1655
32	119	0.907769
32	127	0.876603
32	158	2.71356
33	9	1.03489
33	14	1.01235
33	37	0.951466
33	56	1.06546
33	74	1.03137
33	75	1.02926
33	77	1.00909
33	79	1.08686
33	90	0.999786
33	94	1.04398
33	140	1.05436
33	141	2.0869
33	149	1.45234
34	105	0.819185
34	113	0.390608
34	148	1.0327
34	154	0.91748
34	166	0.900777
34	171	0.969807
34	172	0.970545
34	173	0.930743
34	175	0.933752
34	176	0.914744
34	178	0.928589
34	179	0.958876
34	180	0.917198
35	2	1.15869
35	63	1.02532
35	89	0.866856
35	96	0.957612
35	97	0.968045
35	125	1.03553
35	159	0.943659
35	163	0.882238
35	167	0.899137
35	172	0.928887
35	173	0.889084
35	178	0.88693
35	179	0.917217
35	180	0.875539
36	1	0.964855
36	2	1.08429
36	4	0.968105
36	11	0.963526
36	23	1.04316
36	28	1.08047
36	29	1.04161
36	43	1.02354
36	44	1.0237
36	114	0.98276
36	116	1.33406
36	124	1.02314
36	136	1.2421
36	173	2.46962
37	30	0.715804
37	33	0.951466
37	86	1.1454
37	88	1.00901
37	118	0.464975
37	143	1.04073
37	155	1.00088
37	157	1.09572
37	166	0.954727
37	170	0.949932
37	171	1.02376
37	174	1.02021
37	178	0.982539
37	180	0.971147
38	73	1.95261
38	106	0.815645
38	139	0.953148
38	149	0.872587
38	158	0.860304
38	162	0.912483
38	163	0.838798
38	167	0.855697
38	172	0.885446
38	176	0.829645
38	177	0.805923
38	178	0.84349
38	179	0.873777
38	180	0.832099
39	7	0.977508
39	12	1.07675
39	15	0.963281
39	27	1.0623
39	32	0.94216
39	41	1.0327
39	42	1.13229
39	52	1.00595
39	66	1.07881
39	115	1.48923
39	119	0.980317
39	127	0.949151
39	132	1.37724
39	165	1.78751
40	25	1.68549
40	47	0.901845
40	88	0.931078
40	117	0.994218
40	131	0.996997
40	139	1.01426
40	160	0.967797
40	166	0.87679
40	170	0.871995
40	171	0.94582
40	177	0.867035
40	178	0.904602
40	179	0.934889
40	180	0.893211
41	7	0.995504
41	13	0.888124
41	15	0.981276
41	21	1.19718
41	27	1.0803
41	32	0.960156
41	39	1.0327
41	42	1.15029
41	52	1.02395
41	66	1.09681
41	106	0.911781
41	117	1.28888
41	119	0.998313
41	127	0.967147
42	7	1.09509
42	12	1.19434
42	15	1.08086
42	32	1.05974
42	39	1.13229
42	41	1.15029
42	52	1.12353
42	66	1.19639
42	119	1.0979
42	127	1.06674
42	129	1.95269
42	130	0.750429
42	139	1.20233
42	172	1.82153
43	1	0.964978
43	2	1.08442
43	4	0.968229
43	11	0.963649
43	23	1.04329
43	28	1.08059
43	29	1.04173
43	36	1.02354
43	44	1.02383
43	114	0.982883
43	124	1.02326
43	128	1.2497
43	174	1.45135
43	175	2.01767
44	1	0.965142
44	2	1.08458
44	4	0.968393
44	11	0.963813
44	23	1.04345
44	28	1.08076
44	29	1.0419
44	36	1.0237
44	43	1.02383
44	114	0.983047
44	124	1.02343
44	148	1.48882
44	157	1.20994
44	162	1.84204
45	5	0.998281
45	19	0.903002
45	48	0.935896
45	85	1.91731
45	99	0.91068
45	109	0.941765
45	110	0.97543
45	112	0.924543
45	113	0.97759
45	118	0.955791
45	121	0.946223
45	122	0.946373
45	131	2.15859
45	164	0.793467
46	17	0.909173
46	18	1.02803
46	80	0.909047
46	81	0.977005
46	82	0.914946
46	83	0.995736
46	91	0.887855
46	92	0.968005
46	103	0.955908
46	105	0.95607
46	138	3.50317
46	142	0.858625
46	168	1.09803
46	175	0.864778
47	9	0.997843
47	14	0.975297
47	40	0.901845
47	50	1.02338
47	54	1.0224
47	55	1.01818
47	56	1.02841
47	71	0.99711
47	75	0.992212
47	77	0.972036
47	90	0.962736
47	94	1.00692
47	140	1.01731
47	159	1.08318
47	170	3.65218
48	45	0.935896
48	89	0.968034
48	96	1.99208
48	109	1.01847
48	111	1.05054
48	112	1.00125
48	113	1.05429
48	118	1.0325
48	121	1.02293
48	122	1.02308
48	125	0.87657
48	146	0.991265
48	152	1.0322
48	164	0.870171
48	174	1.95126
49	17	0.975922
49	81	1.04375
49	82	0.981695
49	83	1.06249
49	91	0.954604
49	92	1.03475
49	100	1.03167
49	103	1.02266
49	105	1.02282
49	114	0.83743
49	124	1.02352
49	142	0.925374
49	161	2.7586
49	167	1.42815
49	175	0.931527
50	20	1.06079
50	47	1.02338
50	54	1.00678
50	55	1.00256
50	56	1.01279
50	74	0.978698
50	75	0.976587
50	77	0.956411
50	79	1.03418
50	87	0.833171
50	90	0.94711
50	94	0.991299
50	140	1.00169
50	175	1.65224
50	180	3.0003
51	6	1.08413
51	8	0.981611
51	22	0.958406
51	24	1.06071
51	53	1.00803
51	57	0.99046
51	59	0.990427
51	117	1.00807
51	119	0.977137
51	129	0.956086
51	139	0.773962
51	152	1.03008
51	166	3.0511
51	174	0.956123
51	180	1.65969
52	7	0.96875
52	12	1.06799
52	15	0.954522
52	27	1.05355
52	32	0.933402
52	39	1.00595
52	41	1.02395
52	42	1.12353
52	66	1.07005
52	106	0.885027
52	116	1.24857
52	119	0.971559
52	127	0.940393
52	164	4.19806
52	171	1.46103
53	6	1.08382
53	8	0.981298
53	22	0.958093
53	24	1.0604
53	51	1.00803
53	57	0.990146
53	59	0.990113
53	117	1.00775
53	119	0.976824
53	125	1.22143
53	129	0.955773
53	152	1.02976
53	153	2.00231
53	157	1.35451
53	174	0.955809
54	20	1.05981
54	47	1.0224
54	50	1.00678
54	55	1.00157
54	56	1.0118
54	71	0.980502
54	74	0.977716
54	77	0.955428
54	79	1.0332
54	90	0.946128
54	94	0.990317
54	140	1.0007
54	159	1.3401
54	163	2.60488
54	171	1.29276
55	47	1.01818
55	50	1.00256
55	54	1.00157
55	56	1.00758
55	58	1.07704
55	71	0.976282
55	74	0.973495
55	75	0.971383
55	79	1.02898
55	90	0.941907
55	94	0.986096
55	140	0.996482
55	155	0.911215
55	176	2.26847
55	178	2.06273
56	14	0.9647
56	33	1.06546
56	47	1.02841
56	50	1.01279
56	54	1.0118
56	55	1.00758
56	60	0.8926
56	71	0.986512
56	74	0.983726
56	77	0.961438
56	90	0.952138
56	94	0.996327
56	140	1.00671
56	179	1.56302
56	180	2.97566
57	3	0.991977
57	6	1.06624
57	8	0.963723
57	22	0.940518
57	24	1.04282
57	51	0.99046
57	53	0.990146
57	59	0.972538
57	117	0.990178
57	119	0.959249
57	129	0.938198
57	134	1.79963
57	148	0.896335
57	152	1.01219
57	174	0.938234
57	177	4.29035
58	55	1.07704
58	75	1.05107
58	77	1.03089
58	79	1.10866
58	80	1.04207
58	81	1.11003
58	90	1.02159
58	94	1.06578
58	100	1.09795
58	103	1.08893
58	105	1.08909
58	143	1.29832
58	147	1.33914
58	156	2.36929
58	174	1.0022
58	175	0.997802
59	3	0.991944
59	6	1.06621
59	8	0.96369
59	22	0.940485
59	24	1.04279
59	51	0.990427
59	53	0.990113
59	57	0.972538
59	117	0.990145
59	119	0.959216
59	129	0.938165
59	148	1.05359
59	152	1.01216
59	165	2.07823
59	171	2.09315
59	174	0.938201
60	56	0.8926
60	75	1.08757
60	116	1.04114
60	128	1.05364
60	137	0.974183
60	140	0.291597
60	154	0.948075
60	159	1.01591
60	161	0.943533
60	165	0.995844
60	168	0.967496
60	171	1.0004
60	172	1.00114
60	177	0.921617
60	179	0.989471
60	180	0.947793
61	65	0.983968
61	93	1.00239
61	99	0.971018
61	109	1.0021
61	110	1.03577
61	112	0.984882
61	113	1.03793
61	118	1.01613
61	121	1.00656
61	122	1.00671
61	127	0.92214
61	129	1.17091
61	152	1.01584
61	156	0.90374
61	164	0.853805
61	166	3.70612
62	76	0.335316
62	80	0.65048
62	97	1.05433
62	111	0.489185
62	126	1.01348
62	142	0.97223
62	144	1.00394
62	168	0.981532
62	170	0.940613
62	171	1.01444
62	173	0.975374
62	176	0.959375
62	177	0.935653
62	178	0.97322
62	179	1.00351
62	180	0.961829
63	35	1.02532
63	66	0.539956
63	100	0.0314121
63	109	0.668101
63	153	1.04723
63	154	0.955837
63	159	1.02367
63	163	0.962254
63	168	0.975258
63	171	1.00816
63	175	0.972109
63	176	0.953101
63	177	0.929379
63	178	0.966946
63	179	0.997233
63	180	0.955555
64	17	1.05113
64	18	1.16999
64	30	1.14318
64	80	1.051
64	82	1.0569
64	91	1.02981
64	100	1.10688
64	103	1.09786
64	105	1.09803
64	131	1.4612
64	134	0.997704
64	135	1.43333
64	142	1.00058
64	148	1.22649
64	153	1.59542
64	175	1.00673
65	3	0.870349
65	61	0.983968
65	99	0.975117
65	109	1.0062
65	110	1.03987
65	111	1.03827
65	113	1.04203
65	118	1.02023
65	121	1.01066
65	122	1.01081
65	123	1.47638
65	135	1.86504
65	145	0.924644
65	146	0.978998
65	156	0.907839
65	164	0.857904
66	7	1.04161
66	12	1.14085
66	15	1.02738
66	27	1.12641
66	32	1.00626
66	39	1.07881
66	41	1.09681
66	42	1.19639
66	52	1.07005
66	63	0.539956
66	97	1.0713
66	106	0.957887
66	119	1.04442
66	127	1.01325
66	128	1.37726
66	165	1.94082
67	26	1.1011
67	69	1.10335
67	76	1.09324
67	78	1.02038
67	85	0.795665
67	95	1.03938
67	98	1.03474
67	102	1.02538
67	104	1.0697
67	115	0.996175
67	132	1.0452
67	133	1.00229
67	140	1.05781
67	146	1.04497
67	150	1.16354
67	172	2.10438
67	179	1.96671
68	97	0.892948
68	103	2.74181
68	123	0.927318
68	126	0.852099
68	150	0.920773
68	153	0.892115
68	165	0.848494
68	168	0.820146
68	169	0.833299
68	170	0.779227
68	171	0.853051
68	172	0.85379
68	174	0.849505
68	175	0.816997
68	178	0.811834
68	179	0.842121
68	180	0.800443
69	26	1.08444
69	67	1.10335
69	72	1.10882
69	73	1.02861
69	76	1.07657
69	95	1.02272
69	98	1.01807
69	101	1.06921
69	102	1.00872
69	104	1.05304
69	123	0.959892
69	140	1.04115
69	146	1.02831
69	150	1.13563
69	151	1.00156
69	163	1.70093
69	170	3.83451
70	26	1.02695
70	72	1.05133
70	73	0.971125
70	78	0.946233
70	95	0.965237
70	101	1.01173
70	102	0.951236
70	104	0.995554
70	115	0.922028
70	132	0.97105
70	133	0.92814
70	140	0.983665
70	146	0.970824
70	149	1.93325
70	151	0.944078
70	157	1.19915
70	160	1.91255
71	9	0.955944
71	14	0.933398
71	20	1.03452
71	47	0.99711
71	54	0.980502
71	55	0.976282
71	56	0.986512
71	74	0.952425
71	75	0.950313
71	77	0.930137
71	79	1.00791
71	84	1.89284
71	90	0.920837
71	94	0.965026
71	140	0.975411
71	150	1.50635
71	174	1.80778
72	69	1.10882
72	70	1.05133
72	78	1.02585
72	95	1.04485
72	98	1.0402
72	101	1.09134
72	102	1.03085
72	104	1.07517
72	108	0.839404
72	115	1.00164
72	131	0.867146
72	133	1.00775
72	136	1.07104
72	140	1.06328
72	146	1.05044
72	151	1.02369
72	180	3.20955
73	38	1.95261
73	69	1.02861
73	70	0.971125
73	76	1.0185
73	78	0.945639
73	95	0.964643
73	98	0.959994
73	101	1.01114
73	102	0.950642
73	104	0.99496
73	115	0.921434
73	129	0.878969
73	132	0.970455
73	140	0.983071
73	146	0.97023
73	151	0.943484
73	154	2.17995
74	9	0.953158
74	14	0.930612
74	20	1.03173
74	33	1.03137
74	50	0.978698
74	54	0.977716
74	55	0.973495
74	56	0.983726
74	71	0.952425
74	75	0.947527
74	77	0.927351
74	79	1.00512
74	90	0.91805
74	94	0.962239
74	147	1.49333
74	160	0.92817
74	176	3.11971
75	9	0.951046
75	14	0.9285
75	33	1.02926
75	47	0.992212
75	50	0.976587
75	55	0.971383
75	58	1.05107
75	60	1.08757
75	71	0.950313
75	74	0.947527
75	77	0.925239
75	79	1.00301
75	90	0.915939
75	94	0.960128
75	97	1.78249
75	123	1.44553
75	140	0.970513
76	10	1.12042
76	62	0.335316
76	67	1.09324
76	69	1.07657
76	73	1.0185
76	95	1.01261
76	98	1.00796
76	101	1.0591
76	102	0.998607
76	104	1.04292
76	115	0.969398
76	132	1.01842
76	133	0.975511
76	135	1.05948
76	140	1.03104
76	151	0.991449
76	172	2.15479
76	179	2.01712
77	9	0.93087
77	20	1.00944
77	33	1.00909
77	47	0.972036
77	50	0.956411
77	54	0.955428
77	56	0.961438
77	58	1.03089
77	71	0.930137
77	74	0.927351
77	75	0.925239
77	79	0.982832
77	86	0.866411
77	90	0.895762
77	94	0.939951
77	120	2.8162
77	127	2.1089
77	140	0.950337
78	10	1.04756
78	67	1.02038
78	70	0.946233
78	72	1.02585
78	73	0.945639
78	88	0.952783
78	95	0.939751
78	98	0.935102
78	101	0.986244
78	102	0.92575
78	104	0.970068
78	132	0.945563
78	133	0.902654
78	140	0.958179
78	146	0.945338
78	151	0.918592
78	166	3.24278
78	176	1.90032
79	14	0.986093
79	16	0.281705
79	20	1.08721
79	33	1.08686
79	50	1.03418
79	54	1.0332
79	55	1.02898
79	58	1.10866
79	71	1.00791
79	74	1.00512
79	75	1.00301
79	77	0.982832
79	90	0.973532
79	94	1.01772
79	106	1.85227
79	140	1.02811
79	178	1.87907
79	180	2.03587
80	30	1.0196
80	46	0.909047
80	58	1.04207
80	62	0.65048
80	64	1.051
80	82	0.933317
80	83	1.01411
80	91	0.906227
80	92	0.986376
80	100	0.983295
80	103	0.974279
80	105	0.974441
80	115	1.89417
80	124	0.975143
80	134	0.874119
80	142	0.876997
80	175	0.883149
80	179	2.33229
81	30	1.08756
81	46	0.977005
81	49	1.04375
81	58	1.11003
81	82	1.00128
81	83	1.08207
81	91	0.974185
81	92	1.05433
81	100	1.05125
81	103	1.04224
81	105	1.0424
81	124	1.0431
81	130	1.11379
81	132	1.49711
81	134	0.942077
81	158	2.32527
81	162	1.23596
81	175	0.951108
82	46	0.914946
82	49	0.981695
82	64	1.0569
82	80	0.933317
82	81	1.00128
82	83	1.02001
82	91	0.912126
82	92	0.992275
82	100	0.989194
82	103	0.980178
82	105	0.98034
82	106	2.94773
82	124	0.981042
82	132	1.16858
82	134	0.880018
82	141	1.644
82	142	0.882896
82	175	0.889049
83	46	0.995736
83	49	1.06249
83	80	1.01411
83	81	1.08207
83	82	1.02001
83	91	0.992917
83	92	1.07307
83	100	1.06999
83	103	1.06097
83	105	1.06113
83	124	1.06183
83	134	0.960809
83	142	0.963687
83	153	0.718629
83	168	2.12863
83	173	2.01584
83	175	0.969839
83	179	1.51418
84	71	1.89284
84	92	1.23975
84	130	1.00461
84	133	0.900559
84	137	0.887554
84	142	0.871566
84	160	0.93575
84	162	0.941548
84	168	0.880867
84	170	0.839949
84	171	0.913773
84	172	0.914511
84	173	0.874709
84	175	0.877718
84	176	0.85871
84	177	0.834988
84	178	0.872555
84	179	0.902842
84	180	0.861164
85	45	1.91731
85	67	0.795665
85	107	0.97568
85	135	0.999294
85	136	0.997677
85	137	0.934545
85	141	0.954327
85	146	0.342168
85	150	1.02849
85	151	0.963487
85	156	0.919074
85	167	0.931752
85	168	0.927858
85	169	0.941011
85	171	0.960763
85	172	0.961502
85	173	0.9217
85	177	0.881979
85	180	0.908155
86	11	0.740981
86	37	1.1454
86	77	0.866411
86	92	0.434011
86	101	0.362904
86	106	0.963568
86	143	1.0496
86	158	1.00823
86	161	0.975762
86	162	1.06041
86	167	1.00362
86	168	0.999726
86	170	0.958807
86	172	1.03337
86	173	0.993567
86	175	0.996577
86	176	0.977569
86	179	1.0217
86	180	0.980022
87	10	0.460817
87	17	1.21336
87	50	0.833171
87	88	1.00769
87	102	0.638064
87	130	1.11327
87	143	1.03941
87	147	1.03696
87	148	1.08533
87	153	1.0615
87	155	0.999558
87	160	1.04441
87	166	0.953406
87	168	0.98953
87	173	0.983372
87	176	0.967373
87	177	0.943651
87	179	1.0115
87	180	0.969827
88	37	1.00901
88	40	0.931078
88	78	0.952783
88	87	1.00769
88	100	2.08616
88	108	0.959997
88	139	0.964687
88	144	0.88575
88	161	0.839379
88	163	0.850338
88	167	0.867236
88	168	0.863342
88	169	0.876496
88	170	0.822423
88	171	0.896247
88	173	0.857184
88	177	0.817463
88	179	0.885317
88	180	0.843639
89	19	0.93514
89	25	0.90746
89	31	0.994796
89	35	0.866856
89	48	0.968034
89	93	0.974192
89	99	0.942817
89	109	0.973903
89	110	1.00757
89	112	0.956681
89	113	1.00973
89	118	0.987929
89	121	0.978361
89	122	0.978511
89	129	1.99742
89	137	2.55947
89	145	0.892344
89	156	0.875539
89	164	0.825605
90	9	0.92157
90	20	1.00014
90	33	0.999786
90	47	0.962736
90	50	0.94711
90	54	0.946128
90	55	0.941907
90	56	0.952138
90	58	1.02159
90	71	0.920837
90	74	0.91805
90	75	0.915939
90	77	0.895762
90	79	0.973532
90	94	0.930651
90	125	1.04343
90	136	1.894
90	140	0.941037
90	175	2.68445
91	18	1.02521
91	30	0.998407
91	46	0.887855
91	49	0.954604
91	64	1.02981
91	80	0.906227
91	81	0.974185
91	82	0.912126
91	83	0.992917
91	92	0.965185
91	100	0.962104
91	103	0.953088
91	105	0.95325
91	116	1.7656
91	124	0.953952
91	142	0.855806
91	160	1.66955
91	169	2.65045
91	175	0.861958
92	17	0.986503
92	18	1.10536
92	46	0.968005
92	49	1.03475
92	80	0.986376
92	81	1.05433
92	82	0.992275
92	83	1.07307
92	84	1.23975
92	86	0.434011
92	91	0.965185
92	100	1.04225
92	103	1.03324
92	105	1.0334
92	120	2.3838
92	124	1.0341
92	139	1.17491
92	142	0.935955
92	175	0.942107
93	25	0.958185
93	61	1.00239
93	89	0.974192
93	99	0.993542
93	110	1.05829
93	111	1.0567
93	112	1.00741
93	113	1.06045
93	118	1.03865
93	121	1.02908
93	122	1.02924
93	144	2.08927
93	145	0.943068
93	146	0.997423
93	148	1.11917
93	152	1.03836
93	155	2.38798
93	156	0.926263
93	157	0.840291
93	164	0.876329
94	9	0.965759
94	14	0.943213
94	20	1.04433
94	33	1.04398
94	47	1.00692
94	50	0.991299
94	54	0.990317
94	55	0.986096
94	56	0.996327
94	58	1.06578
94	71	0.965026
94	74	0.962239
94	75	0.960128
94	77	0.939951
94	79	1.01772
94	90	0.930651
94	125	1.20517
94	135	1.82397
94	140	0.985226
94	150	1.97844
94	157	1.33825
95	3	0.669271
95	10	1.06657
95	26	1.02047
95	67	1.03938
95	69	1.02272
95	70	0.965237
95	72	1.04485
95	73	0.964643
95	76	1.01261
95	78	0.939751
95	98	0.954106
95	101	1.00525
95	102	0.944754
95	104	0.989072
95	117	1.3516
95	132	0.964567
95	140	0.977183
95	146	0.964342
95	151	0.937596
95	162	1.81035
95	174	2.11986
96	6	1.20408
96	21	0.981692
96	27	1.00384
96	35	0.957612
96	48	1.99208
96	123	1.01472
96	127	0.926756
96	133	0.92724
96	141	0.934017
96	147	0.954976
96	153	0.979518
96	154	0.888127
96	162	0.968229
96	163	0.894544
96	167	0.911442
96	168	0.907548
96	171	0.940454
96	173	0.90139
96	176	0.885391
96	179	0.929523
96	180	0.887845
97	35	0.968045
97	62	1.05433
97	66	1.0713
97	68	0.892948
97	75	1.78249
97	126	0.949934
97	128	1.00413
97	134	0.905802
97	136	0.9878
97	137	0.924668
97	140	0.986513
97	145	0.926002
97	154	0.89856
97	161	0.894017
97	163	0.904977
97	164	0.859263
97	169	0.931134
97	170	0.877062
97	174	0.94734
97	177	0.872102
97	178	0.909669
97	180	0.898278
98	10	1.06192
98	26	1.01582
98	67	1.03474
98	69	1.01807
98	72	1.0402
98	73	0.959994
98	76	1.00796
98	78	0.935102
98	95	0.954106
98	101	1.0006
98	102	0.940106
98	104	0.984423
98	107	0.834912
98	115	0.910897
98	132	0.959919
98	133	0.91701
98	134	1.4496
98	140	0.972535
98	146	0.959694
98	151	0.932947
98	171	1.04486
98	177	5.08104
99	31	1.01415
99	45	0.91068
99	61	0.971018
99	65	0.975117
99	89	0.942817
99	93	0.993542
99	109	0.993252
99	110	1.02692
99	111	1.02533
99	112	0.976031
99	113	1.02908
99	118	1.00728
99	121	0.99771
99	122	0.997861
99	145	0.911694
99	146	0.966048
99	152	1.00699
99	158	1.89058
99	159	1.53495
99	164	0.844955
99	173	2.11419
99	175	1.67711
100	17	0.983422
100	18	1.10228
100	30	1.07548
100	49	1.03167
100	58	1.09795
100	63	0.0314121
100	64	1.10688
100	80	0.983295
100	81	1.05125
100	82	0.989194
100	83	1.06999
100	88	2.08616
100	91	0.962104
100	92	1.04225
100	103	1.03016
100	105	1.03032
100	124	1.03102
100	134	0.929996
100	142	0.932874
100	148	0.88989
100	151	1.38077
100	156	2.43745
100	175	0.939027
101	10	1.11306
101	26	1.06697
101	69	1.06921
101	70	1.01173
101	72	1.09134
101	73	1.01114
101	76	1.0591
101	78	0.986244
101	86	0.362904
101	95	1.00525
101	98	1.0006
101	102	0.991247
101	104	1.03556
101	115	0.962038
101	130	0.651899
101	132	1.01106
101	133	0.968151
101	140	1.02368
101	142	2.1991
101	145	1.91605
101	146	1.01083
101	151	0.984088
101	156	2.45067
102	10	1.05257
102	26	1.00647
102	67	1.02538
102	69	1.00872
102	70	0.951236
102	72	1.03085
102	73	0.950642
102	76	0.998607
102	78	0.92575
102	87	0.638064
102	95	0.944754
102	98	0.940106
102	101	0.991247
102	104	0.975071
102	115	0.901545
102	132	0.950567
102	133	0.907657
102	134	3.35078
102	140	0.963182
102	146	0.950341
102	148	1.12571
102	151	0.923595
102	160	1.56024
103	17	0.974406
103	18	1.09327
103	30	1.06646
103	46	0.955908
103	49	1.02266
103	58	1.08893
103	64	1.09786
103	68	2.74181
103	80	0.974279
103	81	1.04224
103	82	0.980178
103	83	1.06097
103	91	0.953088
103	92	1.03324
103	100	1.03016
103	105	1.0213
103	124	1.022
103	132	1.04153
103	134	0.92098
103	142	0.923858
103	143	1.38602
103	150	0.788465
103	159	1.51406
103	175	0.930011
104	10	1.09689
104	26	1.05079
104	67	1.0697
104	69	1.05304
104	70	0.995554
104	72	1.07517
104	73	0.99496
104	76	1.04292
104	78	0.970068
104	95	0.989072
104	98	0.984423
104	101	1.03556
104	102	0.975071
104	115	0.945862
104	128	1.04387
104	132	0.994884
104	133	0.951975
104	139	1.26574
104	140	1.0075
104	142	2.36104
104	146	0.994659
104	151	0.967913
104	169	1.9982
104	171	1.62234
105	17	0.974568
105	18	1.09343
105	30	1.06662
105	34	0.819185
105	46	0.95607
105	49	1.02282
105	58	1.08909
105	64	1.09803
105	80	0.974441
105	81	1.0424
105	82	0.98034
105	83	1.06113
105	91	0.95325
105	92	1.0334
105	100	1.03032
105	103	1.0213
105	124	1.02217
105	132	1.31554
105	134	0.921142
105	142	0.92402
105	153	1.07009
105	173	2.3673
105	175	0.930172
105	179	1.86565
106	7	0.856586
106	12	0.95583
106	15	0.842358
106	16	0.902976
106	27	0.941382
106	32	0.821237
106	38	0.815645
106	41	0.911781
106	52	0.885027
106	66	0.957887
106	79	1.85227
106	82	2.94773
106	86	0.963568
106	108	0.905676
106	119	0.859395
106	125	0.949312
106	127	0.828229
106	150	0.909648
106	168	0.809021
106	169	0.822174
106	172	0.842665
106	178	0.800709
106	179	0.830996
106	180	0.789317
107	85	0.97568
107	98	0.834912
107	111	1.66666
107	122	1.38612
107	128	0.979147
107	138	0.865743
107	139	0.994346
107	150	0.993629
107	153	0.96497
107	158	0.901503
107	160	0.947884
107	161	0.869037
107	162	0.953681
107	163	0.879997
107	164	0.834283
107	166	0.856877
107	169	0.906154
107	170	0.852082
107	172	0.926645
107	173	0.886843
107	176	0.870844
107	177	0.847122
107	178	0.884689
107	179	0.914976
107	180	0.873298
108	8	1.60992
108	10	1.15544
108	28	1.39524
108	72	0.839404
108	88	0.959997
108	106	0.905676
108	115	0.955412
108	138	0.914575
108	144	0.964242
108	147	0.989261
108	154	0.922412
108	157	1.0467
108	160	0.996716
108	165	0.970181
108	167	0.945728
108	170	0.900915
108	171	0.974739
108	172	0.975478
108	173	0.935675
108	174	0.971193
108	175	0.938685
108	176	0.919676
108	177	0.895954
108	179	0.963808
108	180	0.92213
109	19	0.985575
109	25	0.957895
109	31	1.04523
109	45	0.941765
109	48	1.01847
109	61	1.0021
109	63	0.668101
109	65	1.0062
109	89	0.973903
109	99	0.993252
109	110	1.058
109	111	1.05641
109	112	1.00712
109	113	1.06016
109	118	1.03836
109	121	1.0288
109	122	1.02895
109	145	0.942779
109	151	2.01746
109	152	1.03807
109	153	1.41324
109	156	0.925974
109	160	1.47884
109	164	0.87604
109	171	2.08388
110	5	1.11452
110	25	0.991561
110	31	1.0789
110	45	0.97543
110	61	1.03577
110	65	1.03987
110	89	1.00757
110	93	1.05829
110	99	1.02692
110	109	1.058
110	111	1.09008
110	112	1.04078
110	113	1.09383
110	114	1.0279
110	118	1.07203
110	121	1.06246
110	122	1.06261
110	126	0.944753
110	135	0.618179
110	146	1.0308
110	152	1.07174
110	156	0.95964
110	158	1.07059
110	164	0.909705
110	170	4.11331
110	178	2.04838
111	5	1.11293
111	19	1.01765
111	25	0.989968
111	31	1.0773
111	48	1.05054
111	62	0.489185
111	65	1.03827
111	93	1.0567
111	99	1.02533
111	107	1.66666
111	109	1.05641
111	110	1.09008
111	112	1.03919
111	113	1.09224
111	118	1.07044
111	121	1.06087
111	122	1.06102
111	128	1.4676
111	130	1.23756
111	136	1.44512
111	145	0.974852
111	146	1.02921
111	152	1.07014
111	156	0.958047
111	162	1.35973
111	164	0.908112
112	5	1.06363
112	19	0.968353
112	31	1.02801
112	45	0.924543
112	48	1.00125
112	61	0.984882
112	89	0.956681
112	93	1.00741
112	99	0.976031
112	109	1.00712
112	110	1.04078
112	111	1.03919
112	113	1.04294
112	118	1.02114
112	121	1.01157
112	122	1.01172
112	128	1.06157
112	133	1.68543
112	145	0.925558
112	146	0.979912
112	152	1.02085
112	156	0.908753
112	164	0.858818
112	173	2.26662
112	175	1.82955
112	179	1.76497
113	5	1.11668
113	34	0.390608
113	45	0.97759
113	48	1.05429
113	61	1.03793
113	65	1.04203
113	89	1.00973
113	93	1.06045
113	99	1.02908
113	109	1.06016
113	110	1.09383
113	111	1.09224
113	112	1.04294
113	118	1.07419
113	121	1.06462
113	122	1.06477
113	145	0.978604
113	146	1.03296
113	152	1.0739
113	156	0.961799
113	162	0.625814
113	164	0.911865
113	168	2.05151
113	169	1.68801
113	171	1.31215
113	178	2.69291
114	1	0.9242
114	4	0.92745
114	11	0.922871
114	23	1.00251
114	28	1.03982
114	29	1.00096
114	36	0.98276
114	43	0.982883
114	44	0.983047
114	49	0.83743
114	110	1.0279
114	119	0.436123
114	124	0.982486
114	128	0.979788
114	140	1.64258
114	150	0.994269
114	155	0.90367
114	158	0.902144
114	162	0.954322
114	164	0.834923
114	165	0.921989
114	168	0.893642
114	169	0.906795
114	170	0.852723
114	171	0.926547
114	178	0.88533
114	180	0.873938
115	39	1.48923
115	67	0.996175
115	70	0.922028
115	72	1.00164
115	73	0.921434
115	76	0.969398
115	80	1.89417
115	98	0.910897
115	101	0.962038
115	102	0.901545
115	104	0.945862
115	108	0.955412
115	122	1.45234
115	123	0.965929
115	151	0.894386
115	153	0.930727
115	161	0.834794
115	163	0.845753
115	164	0.800039
115	165	0.887105
115	168	0.858757
115	173	0.852599
115	176	0.8366
115	177	0.812878
115	178	0.850445
115	179	0.880732
115	180	0.839054
116	21	0.992962
116	36	1.33406
116	52	1.24857
116	60	1.04114
116	91	1.7656
116	119	0.155503
116	126	0.950772
116	136	0.988638
116	141	0.945288
116	144	0.941227
116	147	0.966247
116	154	0.899398
116	157	1.02369
116	158	0.927321
116	161	0.894855
116	162	0.979499
116	163	0.905815
116	167	0.922713
116	168	0.918819
116	169	0.931972
116	170	0.8779
116	172	0.952463
116	173	0.912661
116	176	0.896662
116	177	0.872939
116	179	0.940794
116	180	0.899116
117	6	1.08385
117	8	0.98133
117	22	0.958125
117	24	1.06043
117	26	0.8017
117	32	1.1655
117	40	0.994218
117	41	1.28888
117	51	1.00807
117	53	1.00775
117	57	0.990178
117	59	0.990145
117	95	1.3516
117	124	0.322392
117	129	0.955805
117	136	0.996301
117	149	0.947267
117	152	1.0298
117	158	0.934984
117	159	0.974899
117	162	0.987163
117	168	0.926482
117	173	0.920324
117	174	0.955841
117	176	0.904325
117	178	0.91817
117	179	0.948457
117	180	0.906779
118	5	1.09488
118	19	0.999601
118	21	0.31339
118	25	0.971922
118	31	1.05926
118	37	0.464975
118	45	0.955791
118	48	1.0325
118	61	1.01613
118	65	1.02023
118	89	0.987929
118	93	1.03865
118	99	1.00728
118	109	1.03836
118	110	1.07203
118	111	1.07044
118	112	1.02114
118	113	1.07419
118	121	1.04282
118	122	1.04297
118	143	1.46949
118	144	1.48073
118	145	0.956806
118	147	1.51031
118	152	1.0521
118	156	0.940001
118	164	0.890066
118	176	3.13669
119	6	1.05292
119	7	0.943117
119	8	0.950401
119	12	1.04236
119	15	0.92889
119	22	0.927195
119	24	1.0295
119	27	1.02791
119	32	0.907769
119	39	0.980317
119	41	0.998313
119	42	1.0979
119	51	0.977137
119	52	0.971559
119	53	0.976824
119	57	0.959249
119	59	0.959216
119	66	1.04442
119	106	0.859395
119	114	0.436123
119	116	0.155503
119	127	0.914761
119	129	0.924875
119	152	0.998866
119	157	1.12099
119	164	6.00194
119	172	0.927081
119	174	0.924912
120	77	2.8162
120	92	2.3838
120	125	0.987025
120	128	0.93288
120	134	0.834554
120	138	0.819475
120	143	0.896611
120	153	0.918703
120	157	0.951604
120	159	0.89515
120	160	0.901616
120	161	0.82277
120	163	0.833729
120	165	0.875081
120	168	0.846733
120	169	0.859887
120	170	0.805815
120	172	0.880378
120	173	0.840575
120	174	0.876093
120	175	0.843585
120	176	0.824576
120	177	0.800854
120	178	0.838421
120	179	0.868708
120	180	0.82703
121	5	1.08531
121	19	0.990033
121	25	0.962353
121	31	1.04969
121	45	0.946223
121	48	1.02293
121	61	1.00656
121	65	1.01066
121	89	0.978361
121	93	1.02908
121	99	0.99771
121	109	1.0288
121	110	1.06246
121	111	1.06087
121	112	1.01157
121	113	1.06462
121	118	1.04282
121	122	1.0334
121	125	0.756685
121	137	2.61148
121	145	0.947237
121	146	1.00159
121	152	1.04253
121	156	0.930432
121	160	1.05064
121	164	0.880498
121	168	2.39504
121	174	1.27885
121	179	1.7806
122	5	1.08546
122	19	0.990183
122	25	0.962504
122	31	1.04984
122	45	0.946373
122	48	1.02308
122	61	1.00671
122	65	1.01081
122	89	0.978511
122	93	1.02924
122	99	0.997861
122	107	1.38612
122	109	1.02895
122	110	1.06261
122	111	1.06102
122	112	1.01172
122	113	1.06477
122	115	1.45234
122	118	1.04297
122	121	1.0334
122	145	0.947388
122	146	1.00174
122	152	1.04268
122	156	0.930583
122	157	0.891985
122	159	1.81288
122	164	0.880648
122	165	1.75062
122	174	1.38871
123	28	1.00644
123	65	1.47638
123	68	0.927318
123	69	0.959892
123	75	1.44553
123	96	1.01472
123	115	0.965929
123	129	0.981673
123	134	0.940171
123	138	0.925092
123	144	0.974758
123	145	0.960372
123	146	0.166904
123	148	1.04815
123	150	1.05298
123	153	1.02432
123	155	0.962379
123	163	0.939346
123	167	0.956244
123	168	0.95235
123	170	0.911432
123	171	0.985256
123	173	0.946192
123	174	0.981709
123	175	0.949201
123	176	0.930193
123	178	0.944038
123	179	0.974325
123	180	0.932647
124	1	0.964581
124	2	1.08402
124	4	0.967832
124	11	0.963253
124	23	1.04289
124	28	1.0802
124	29	1.04134
124	36	1.02314
124	43	1.02326
124	44	1.02343
124	49	1.02352
124	80	0.975143
124	81	1.0431
124	82	0.981042
124	83	1.06183
124	91	0.953952
124	92	1.0341
124	100	1.03102
124	103	1.022
124	105	1.02217
124	114	0.982486
124	117	0.322392
124	134	0.921844
124	141	1.51771
124	143	1.38679
124	151	1.40106
124	159	1.51483
124	161	3.16029
124	175	0.930874
125	5	0.896714
125	35	1.03553
125	48	0.87657
125	53	1.22143
125	90	1.04343
125	94	1.20517
125	106	0.949312
125	120	0.987025
125	121	0.756685
125	135	1.05691
125	138	0.958211
125	141	1.01194
125	148	1.08127
125	154	0.966049
125	155	0.995498
125	157	1.09034
125	158	0.993972
125	159	1.03389
125	162	1.04615
125	163	0.972466
125	165	1.01382
125	166	0.949346
125	169	0.998623
125	172	1.01911
125	173	0.979312
125	176	0.963313
125	177	0.93959
125	178	0.977158
125	179	1.00744
125	180	0.965767
126	9	2.44496
126	62	1.01348
126	68	0.852099
126	97	0.949934
126	110	0.944753
126	116	0.950772
126	135	0.948567
126	138	0.849873
126	141	0.9036
126	145	0.885153
126	146	1.66543
126	149	0.897916
126	150	0.977759
126	154	0.85771
126	155	0.88716
126	156	0.868348
126	159	0.925548
126	161	0.853168
126	166	0.841008
126	167	0.881026
126	170	0.836213
126	171	0.910037
126	172	0.910776
126	175	0.873983
126	176	0.854974
126	177	0.831252
126	178	0.868819
126	179	0.899106
126	180	0.857428
127	1	1.84891
127	7	0.911951
127	12	1.0112
127	15	0.897724
127	23	1.12006
127	27	0.996747
127	32	0.876603
127	39	0.949151
127	41	0.967147
127	42	1.06674
127	52	0.940393
127	61	0.92214
127	66	1.01325
127	77	2.1089
127	96	0.926756
127	106	0.828229
127	119	0.914761
127	130	0.988126
127	137	0.871073
127	150	0.965014
127	157	0.969257
127	160	0.919269
127	169	0.87754
127	170	0.823468
127	171	0.897292
127	172	0.898031
127	174	0.893746
127	178	0.856075
127	179	0.886362
127	180	0.844683
128	43	1.2497
128	60	1.05364
128	66	1.37726
128	97	1.00413
128	104	1.04387
128	107	0.979147
128	111	1.4676
128	112	1.06157
128	114	0.979788
128	120	0.93288
128	131	1.01541
128	136	1.00114
128	144	0.953733
128	153	1.00329
128	155	0.941353
128	158	0.939827
128	160	0.986207
128	161	0.907361
128	162	0.992005
128	163	0.918321
128	165	0.959672
128	166	0.895201
128	167	0.935219
128	168	0.931325
128	170	0.890406
128	172	0.964969
128	175	0.928176
128	176	0.909168
128	177	0.885445
128	179	0.9533
128	180	0.911621
129	6	1.03187
129	8	0.92935
129	13	0.98896
129	22	0.906144
129	24	1.00845
129	42	1.95269
129	51	0.956086
129	53	0.955773
129	57	0.938198
129	59	0.938165
129	61	1.17091
129	73	0.878969
129	89	1.99742
129	117	0.955805
129	119	0.924875
129	123	0.981673
129	134	0.862322
129	144	0.89691
129	147	0.921929
129	152	0.977815
129	155	0.88453
129	158	0.883003
129	167	0.878396
129	168	0.874501
129	169	0.887655
129	172	0.908146
129	174	0.903861
129	177	0.828622
129	179	0.896476
129	180	0.854798
130	2	1.087
130	9	1.35932
130	42	0.750429
130	81	1.11379
130	84	1.00461
130	87	1.11327
130	101	0.651899
130	111	1.23756
130	127	0.988126
130	141	0.995387
130	143	1.0188
130	149	0.989703
130	150	1.06955
130	153	1.04089
130	154	0.949497
130	155	0.978946
130	157	1.07379
130	159	1.01733
130	161	0.944954
130	165	0.997266
130	166	0.932794
130	167	0.972812
130	168	0.968918
130	170	0.927999
130	172	1.00256
130	173	0.96276
130	174	0.998277
130	177	0.923039
130	178	0.960606
130	179	0.990893
130	180	0.949215
131	14	1.2624
131	24	0.650662
131	40	0.996997
131	45	2.15859
131	64	1.4612
131	72	0.867146
131	128	1.01541
131	135	1.0007
131	139	1.03061
131	141	0.955731
131	144	0.95167
131	147	0.97669
131	149	0.950047
131	150	1.02989
131	156	0.920478
131	159	0.977679
131	161	0.905298
131	162	0.989942
131	163	0.916258
131	164	0.870544
131	165	0.95761
131	166	0.893138
131	167	0.933156
131	169	0.942415
131	170	0.888343
131	171	0.962167
131	172	0.962906
131	173	0.923104
131	176	0.907105
131	177	0.883382
131	178	0.92095
131	180	0.909559
132	39	1.37724
132	67	1.0452
132	70	0.97105
132	73	0.970455
132	76	1.01842
132	78	0.945563
132	81	1.49711
132	82	1.16858
132	95	0.964567
132	98	0.959919
132	101	1.01106
132	102	0.950567
132	103	1.04153
132	104	0.994884
132	105	1.31554
132	133	0.927471
132	137	0.914466
132	139	1.00912
132	144	0.930188
132	146	0.970155
132	151	0.943408
132	154	0.888358
132	159	0.956196
132	160	0.962662
132	166	0.871656
132	168	0.907779
132	169	0.920933
132	172	0.941423
132	176	0.885622
132	178	0.899467
132	179	0.929754
132	180	0.888076
133	10	1.02947
133	29	1.37395
133	31	1.79407
133	67	1.00229
133	70	0.92814
133	72	1.00775
133	76	0.975511
133	78	0.902654
133	84	0.900559
133	96	0.92724
133	98	0.91701
133	101	0.968151
133	102	0.907657
133	104	0.951975
133	112	1.68543
133	132	0.927471
133	140	0.940087
133	146	0.927245
133	149	0.885655
133	151	0.900499
133	152	1.01594
133	163	0.851866
133	165	0.893218
133	169	0.878023
133	170	0.823951
133	171	0.897775
133	173	0.858712
133	174	0.894229
133	175	0.861721
133	176	0.842713
133	177	0.818991
133	179	0.886845
133	180	0.845167
134	3	0.916102
134	18	0.993105
134	30	0.966299
134	57	1.79963
134	64	0.997704
134	80	0.874119
134	81	0.942077
134	82	0.880018
134	83	0.960809
134	97	0.905802
134	98	1.4496
134	100	0.929996
134	102	3.35078
134	103	0.92098
134	105	0.921142
134	120	0.834554
134	123	0.940171
134	124	0.921844
134	129	0.862322
134	137	0.839686
134	142	0.823698
134	143	0.882876
134	151	0.868628
134	155	0.843027
134	164	0.774281
134	166	0.796875
134	171	0.865905
134	175	0.82985
134	176	0.810842
134	177	0.78712
134	178	0.824687
134	179	0.854974
134	180	0.813296
135	64	1.43333
135	65	1.86504
135	76	1.05948
135	85	0.999294
135	94	1.82397
135	110	0.618179
135	125	1.05691
135	126	0.948567
135	131	1.0007
135	137	0.923301
135	142	0.907313
135	144	0.939022
135	145	0.924635
135	149	0.937399
135	153	0.988584
135	155	0.926642
135	156	0.90783
135	158	0.925116
135	159	0.965031
135	160	0.971497
135	161	0.892651
135	162	0.977295
135	163	0.90361
135	165	0.944962
135	166	0.88049
135	168	0.916614
135	169	0.929768
135	170	0.875695
135	171	0.94952
135	172	0.950258
135	173	0.910456
135	177	0.870735
135	179	0.938589
135	180	0.896911
136	31	1.14774
136	36	1.2421
136	72	1.07104
136	85	0.997677
136	90	1.894
136	97	0.9878
136	111	1.44512
136	116	0.988638
136	117	0.996301
136	128	1.00114
136	141	0.941466
136	147	0.962425
136	149	0.935782
136	154	0.895577
136	158	0.9235
136	159	0.963414
136	160	0.96988
136	162	0.975678
136	163	0.901993
136	165	0.943345
136	166	0.878874
136	167	0.918892
136	168	0.914997
136	169	0.928151
136	170	0.874079
136	171	0.947903
136	172	0.948642
136	173	0.908839
136	174	0.944357
136	176	0.89284
136	177	0.869118
136	178	0.906685
136	179	0.936972
136	180	0.895294
137	20	1.62905
137	60	0.974183
137	84	0.887554
137	85	0.934545
137	89	2.55947
137	97	0.924668
137	121	2.61148
137	127	0.871073
137	132	0.914466
137	134	0.839686
137	135	0.923301
137	142	0.842564
137	143	0.901742
137	144	0.874274
137	147	0.899293
137	150	0.952493
137	156	0.843081
137	158	0.860367
137	159	0.900282
137	160	0.906748
137	162	0.912546
137	165	0.880213
137	166	0.815741
137	167	0.855759
137	168	0.851865
137	169	0.865019
137	170	0.810947
137	172	0.885509
137	173	0.845707
137	176	0.829708
137	177	0.805986
137	178	0.843553
137	179	0.87384
137	180	0.832162
138	18	3.09683
138	46	3.50317
138	107	0.865743
138	108	0.914575
138	120	0.819475
138	123	0.925092
138	125	0.958211
138	126	0.849873
138	139	0.919265
138	141	0.844389
138	148	0.913723
138	151	0.853549
138	153	0.88989
138	156	0.809136
138	157	0.92279
138	158	0.826422
138	159	0.866337
138	160	0.872803
