1	20	0.886339
1	26	0.793881
1	28	0.8626
1	36	0.861406
1	40	0.860342
1	44	0.859402
1	109	0.830633
1	121	2.64547
1	129	0.835275
1	142	0.814543
1	147	2.13003
1	155	0.857173
2	5	0.805235
2	10	0.805493
2	11	0.904052
2	23	0.78511
2	25	0.785271
2	27	0.883831
2	30	0.856292
2	33	0.856875
2	35	0.857382
2	37	0.857714
2	87	2.07603
2	155	2.94548
3	31	0.946407
3	39	0.944125
3	41	0.944125
3	45	0.926372
3	46	0.92644
3	51	0.92663
3	59	0.926886
3	60	0.927141
3	112	0.942329
3	134	1.64498
3	140	2.36942
3	176	1.73579
4	7	0.831297
4	8	0.836397
4	61	0.85046
4	66	0.838849
4	68	0.840084
4	71	0.914994
4	79	0.82881
4	83	0.81982
4	85	0.866639
4	104	1.63322
4	154	3.57698
4	166	0.793811
5	2	0.805235
5	10	0.803818
5	11	0.902377
5	23	0.783434
5	25	0.783596
5	27	0.882156
5	30	0.854617
5	33	0.8552
5	35	0.855707
5	37	0.856039
5	113	2.25433
5	153	2.8448
6	10	0.893288
6	11	0.991848
6	23	0.872905
6	25	0.873067
6	27	0.971626
6	30	0.944088
6	33	0.944671
6	35	0.945177
6	37	0.94551
6	144	0.894006
6	165	2.24035
6	177	2.73049
7	4	0.831297
7	66	0.839839
7	68	0.841073
7	71	0.915983
7	74	0.828977
7	76	0.829036
7	79	0.8298
7	83	0.82081
7	85	0.867628
7	151	3.80709
7	155	1.38925
7	166	0.794801
8	4	0.836397
8	53	0.876368
8	61	0.856549
8	74	0.834076
8	76	0.834136
8	79	0.834899
8	83	0.825909
8	85	0.872728
8	131	0.833235
8	159	2.46808
8	165	2.67578
8	166	0.7999
9	48	1.02768
9	57	0.943589
9	63	0.931978
9	67	0.988417
9	70	0.918999
9	72	0.921038
9	80	0.960832
9	82	0.961116
9	128	0.938915
9	152	0.831005
9	161	2.73589
9	174	2.27963
10	2	0.805493
10	5	0.803818
10	6	0.893288
10	23	0.783692
10	25	0.783853
10	27	0.882413
10	30	0.854874
10	33	0.855457
10	35	0.855964
10	37	0.856297
10	113	1.474
10	137	3.63392
11	2	0.904052
11	5	0.902377
11	6	0.991848
11	23	0.882251
11	25	0.882413
11	30	0.953434
11	33	0.954017
11	35	0.954524
11	37	0.954856
11	130	0.879213
11	147	1.2267
11	180	3.18719
12	31	0.850506
12	39	0.848223
12	41	0.848223
12	45	0.830471
12	46	0.830539
12	51	0.830729
12	59	0.830985
12	60	0.83124
12	98	0.860379
12	106	2.11963
12	112	0.846428
12	139	2.93743
13	15	0.834561
13	17	0.831751
13	43	0.890939
13	57	0.856236
13	70	0.831647
13	72	0.833685
13	80	0.873479
13	82	0.873763
13	128	0.851562
13	137	3.27115
13	152	0.743653
13	167	1.76531
14	77	0.877104
14	78	0.812254
14	89	0.834085
14	93	0.834167
14	94	0.892845
14	96	0.878151
14	104	1.83033
14	138	0.775785
14	143	0.84656
14	162	0.864333
14	165	0.793137
14	166	3.29819
15	13	0.834561
15	19	0.899722
15	43	0.882852
15	63	0.836538
15	70	0.823559
15	72	0.825598
15	80	0.865392
15	82	0.865676
15	123	1.77528
15	128	0.843475
15	152	0.735565
15	167	3.11772
16	24	0.79338
16	32	0.861529
16	34	0.855808
16	42	0.862358
16	47	0.842136
16	49	0.842105
16	50	0.842313
16	52	0.842701
16	54	0.8432
16	58	0.843733
16	157	2.26608
16	178	2.68447
17	13	0.831751
17	43	0.880042
17	63	0.833727
17	67	0.890167
17	72	0.822788
17	80	0.862582
17	82	0.862866
17	92	0.844762
17	127	2.44847
17	128	0.840665
17	147	2.30358
17	152	0.732755
18	31	0.920506
18	39	0.918223
18	41	0.918223
18	45	0.900471
18	46	0.900539
18	51	0.900729
18	59	0.900985
18	60	0.90124
18	98	0.930379
18	112	0.916428
18	159	1.90109
18	167	1.63055
18	180	2.42429
19	15	0.899722
19	57	0.921397
19	63	0.909786
19	67	0.966226
19	70	0.896808
19	72	0.898847
19	80	0.938641
19	82	0.938925
19	128	0.916723
19	136	1.4029
19	152	0.808814
19	166	2.32656
19	174	2.45316
20	1	0.886339
20	21	0.956478
20	26	0.866872
20	28	0.935591
20	36	0.934397
20	40	0.933333
20	44	0.932394
20	69	1.04624
20	129	0.908267
20	142	0.887534
20	155	0.930164
20	158	2.22626
20	169	2.58153
21	20	0.956478
21	26	0.86402
21	28	0.93274
21	36	0.931546
21	40	0.930481
21	44	0.929542
21	109	0.900772
21	129	0.905415
21	142	0.884682
21	144	1.60472
21	155	0.927312
21	158	2.15031
21	163	2.27437
22	86	0.967904
22	88	0.905644
22	89	0.89672
22	93	0.896802
22	94	0.955479
22	96	0.940786
22	130	1.18457
22	135	2.44047
22	138	0.83842
22	143	0.909195
22	145	2.15668
22	162	0.926967
22	165	0.855772
23	2	0.78511
23	5	0.783434
23	6	0.872905
23	10	0.783692
23	11	0.882251
23	25	0.76347
23	27	0.86203
23	30	0.834491
23	33	0.835074
23	35	0.835581
23	37	0.835913
23	117	0.914069
23	170	4.55261
24	16	0.79338
24	32	0.844248
24	42	0.845077
24	47	0.824855
24	49	0.824823
24	50	0.825032
24	52	0.82542
24	54	0.825919
24	58	0.826452
24	92	0.822384
24	98	0.847291
24	109	1.14084
24	175	4.45464
25	2	0.785271
25	5	0.783596
25	6	0.873067
25	10	0.783853
25	11	0.882413
25	23	0.76347
25	27	0.862191
25	30	0.834653
25	33	0.835236
25	35	0.835742
25	37	0.836075
25	112	2.1826
25	131	2.85375
26	1	0.793881
26	20	0.866872
26	21	0.86402
26	28	0.843134
26	36	0.841939
26	40	0.840875
26	44	0.839936
26	99	2.47817
26	109	0.811166
26	129	0.815809
26	130	2.49524
26	142	0.795076
26	155	0.837706
27	2	0.883831
27	5	0.882156
27	6	0.971626
27	10	0.882413
27	23	0.86203
27	25	0.862191
27	30	0.933212
27	33	0.933795
27	35	0.934302
27	37	0.934635
27	163	0.928253
27	168	2.70887
27	172	2.49859
28	1	0.8626
28	20	0.935591
28	21	0.93274
28	26	0.843134
28	36	0.910659
28	40	0.909594
28	44	0.908655
28	109	0.879886
28	129	0.884528
28	131	0.803958
28	142	0.863796
28	155	0.906425
28	171	2.95931
28	177	2.51329
29	56	0.847565
29	61	0.82579
29	66	0.81418
29	68	0.815414
29	71	0.890324
29	74	0.803318
29	76	0.803377
29	79	0.804141
29	83	0.79515
29	85	0.841969
29	122	3.14875
29	131	0.802476
29	133	2.40249
29	166	0.769141
30	2	0.856292
30	5	0.854617
30	6	0.944088
30	10	0.854874
30	11	0.953434
30	23	0.834491
30	25	0.834653
30	27	0.933212
30	33	0.906256
30	35	0.906763
30	37	0.907096
30	142	1.58178
30	176	1.98365
30	180	2.62107
31	3	0.946407
31	12	0.850506
31	18	0.920506
31	39	0.896454
31	41	0.896454
31	45	0.878702
31	46	0.878769
31	51	0.87896
31	59	0.879215
31	60	0.879471
31	69	0.946843
31	112	0.894659
31	146	1.85032
31	180	3.24311
32	16	0.861529
32	24	0.844248
32	34	0.906676
32	42	0.913226
32	47	0.893004
32	49	0.892973
32	50	0.893181
32	52	0.893569
32	54	0.894068
32	58	0.894601
32	98	0.91544
32	118	3.63278
32	119	1.13135
32	174	1.88487
33	2	0.856875
33	5	0.8552
33	6	0.944671
33	10	0.855457
33	11	0.954017
33	23	0.835074
33	25	0.835236
33	27	0.933795
33	30	0.906256
33	35	0.907346
33	37	0.907679
33	65	1.39229
33	130	1.98557
33	147	2.33305
34	16	0.855808
34	32	0.906676
34	42	0.907505
34	47	0.887284
34	49	0.887252
34	50	0.88746
34	52	0.887849
34	54	0.888348
34	58	0.88888
34	92	0.884813
34	98	0.909719
34	133	1.66255
34	145	2.28098
34	146	2.22406
35	2	0.857382
35	5	0.855707
35	6	0.945177
35	10	0.855964
35	11	0.954524
35	23	0.835581
35	25	0.835742
35	27	0.934302
35	30	0.906763
35	33	0.907346
35	37	0.908186
35	140	2.9874
35	157	1.45565
35	158	1.87493
36	1	0.861406
36	20	0.934397
36	21	0.931546
36	26	0.841939
36	28	0.910659
36	40	0.9084
36	44	0.907461
36	109	0.878691
36	129	0.883334
36	136	1.97137
36	142	0.862601
36	155	0.905231
36	163	1.97905
36	164	2.49629
37	2	0.857714
37	5	0.856039
37	6	0.94551
37	10	0.856297
37	11	0.954856
37	23	0.835913
37	25	0.836075
37	27	0.934635
37	30	0.907096
37	33	0.907679
37	35	0.908186
37	139	2.33492
37	158	1.19191
37	172	2.88631
38	55	0.892716
38	73	0.915814
38	78	0.856921
38	81	0.902847
38	86	0.949937
38	88	0.887676
38	89	0.878752
38	93	0.878835
38	96	0.922819
38	132	1.62873
38	162	0.909
38	164	1.87489
38	165	0.837805
38	171	2.9705
39	3	0.944125
39	12	0.848223
39	18	0.918223
39	31	0.896454
39	45	0.876419
39	46	0.876487
39	51	0.876678
39	59	0.876933
39	60	0.877189
39	98	0.906327
39	109	1.53973
39	112	0.892377
39	140	2.25215
39	179	2.82339
40	1	0.860342
40	20	0.933333
40	21	0.930481
40	26	0.840875
40	28	0.909594
40	36	0.9084
40	44	0.906396
40	65	0.551197
40	95	2.74596
40	109	0.877627
40	125	2.73559
40	129	0.882269
40	142	0.861537
40	155	0.904167
41	3	0.944125
41	12	0.848223
41	18	0.918223
41	31	0.896454
41	45	0.876419
41	46	0.876487
41	51	0.876678
41	59	0.876933
41	60	0.877189
41	98	0.906327
41	112	0.892377
41	160	1.21167
41	164	1.59492
41	173	4.16064
42	16	0.862358
42	24	0.845077
42	32	0.913226
42	34	0.907505
42	47	0.893833
42	49	0.893802
42	50	0.89401
42	52	0.894399
42	54	0.894897
42	58	0.89543
42	92	0.891363
42	123	1.54724
42	131	2.14873
42	145	2.34756
43	13	0.890939
43	15	0.882852
43	17	0.880042
43	57	0.904527
43	63	0.892916
43	67	0.949356
43	70	0.879938
43	72	0.881976
43	80	0.92177
43	82	0.922054
43	99	0.693551
43	122	1.81055
43	152	0.791944
43	171	3.63925
44	1	0.859402
44	20	0.932394
44	21	0.929542
44	26	0.839936
44	28	0.908655
44	36	0.907461
44	40	0.906396
44	109	0.876688
44	121	1.52218
44	129	0.88133
44	142	0.860598
44	155	0.903227
44	156	2.26383
44	165	2.65173
45	3	0.926372
45	12	0.830471
45	18	0.900471
45	31	0.878702
45	39	0.876419
45	41	0.876419
45	46	0.858735
45	51	0.858925
45	59	0.85918
45	60	0.859436
45	98	0.888575
45	112	0.874624
45	132	1.73589
45	149	2.06067
45	179	3.02447
46	3	0.92644
46	12	0.830539
46	18	0.900539
46	31	0.878769
46	39	0.876487
46	41	0.876487
46	45	0.858735
46	51	0.858993
46	59	0.859248
46	60	0.859504
46	98	0.888643
46	112	0.874692
46	144	1.47278
46	174	3.185
46	178	2.01748
47	16	0.842136
47	24	0.824855
47	32	0.893004
47	34	0.887284
47	42	0.893833
47	49	0.87358
47	50	0.873788
47	52	0.874177
47	54	0.874676
47	58	0.875209
47	69	0.847738
47	92	0.871141
47	98	0.896047
47	158	2.02775
47	161	3.65065
48	9	1.02768
48	86	0.783115
48	100	0.951574
48	119	0.936597
48	151	0.843991
48	154	0.866545
48	157	0.939531
48	164	0.893333
48	173	0.829358
48	174	0.883197
48	175	0.826536
48	176	0.886203
48	177	0.862173
48	179	0.85933
48	180	0.856284
49	16	0.842105
49	24	0.824823
49	32	0.892973
49	34	0.887252
49	42	0.893802
49	47	0.87358
49	50	0.873757
49	52	0.874145
49	54	0.874644
49	58	0.875177
49	92	0.871109
49	98	0.896016
49	127	1.81622
49	157	2.09628
49	163	2.63962
50	16	0.842313
50	24	0.825032
50	32	0.893181
50	34	0.88746
50	42	0.89401
50	47	0.873788
50	49	0.873757
50	52	0.874353
50	54	0.874852
50	58	0.875385
50	92	0.871318
50	98	0.896224
50	136	2.03295
50	141	2.02209
50	149	2.63649
51	3	0.92663
51	12	0.830729
51	18	0.900729
51	31	0.87896
51	39	0.876678
51	41	0.876678
51	45	0.858925
51	46	0.858993
51	59	0.859439
51	60	0.859694
51	98	0.888833
51	112	0.874882
51	133	0.739037
51	151	3.88544
51	176	2.05592
52	16	0.842701
52	24	0.82542
52	32	0.893569
52	34	0.887849
52	42	0.894399
52	47	0.874177
52	49	0.874145
52	50	0.874353
52	54	0.875241
52	58	0.875774
52	92	0.871706
52	98	0.896612
52	146	1.77099
52	163	2.17159
52	164	2.68883
53	8	0.876368
53	56	0.912206
53	61	0.890431
53	66	0.87882
53	68	0.880055
53	74	0.867958
53	76	0.868017
53	79	0.868781
53	83	0.859791
53	85	0.906609
53	109	2.06613
53	131	0.867117
53	155	1.5566
53	166	0.833782
53	179	3.34979
54	16	0.8432
54	24	0.825919
54	32	0.894068
54	34	0.888348
54	42	0.894897
54	47	0.874676
54	49	0.874644
54	50	0.874852
54	52	0.875241
54	58	0.876272
54	92	0.872205
54	98	0.897111
54	141	1.25251
54	168	3.05166
54	180	2.26324
55	38	0.892716
55	73	0.897797
55	78	0.838904
55	81	0.88483
55	88	0.869659
55	89	0.860735
55	93	0.860817
55	94	0.919495
55	96	0.904802
55	143	0.87321
55	144	1.67103
55	162	0.890983
55	165	0.819787
55	176	2.69545
55	178	2.21572
56	29	0.847565
56	53	0.912206
56	61	0.892387
56	66	0.880777
56	68	0.882011
56	74	0.869915
56	76	0.869974
56	79	0.870738
56	83	0.861748
56	85	0.908566
56	131	0.869073
56	164	2.37512
56	166	0.835739
56	169	2.08909
56	176	2.21266
57	9	0.943589
57	13	0.856236
57	19	0.921397
57	43	0.904527
57	63	0.858213
57	67	0.914653
57	70	0.845235
57	72	0.847273
57	80	0.887067
57	82	0.887351
57	92	0.869247
57	99	1.14446
57	109	2.7533
57	132	2.74838
57	152	0.75724
58	16	0.843733
58	24	0.826452
58	32	0.894601
58	34	0.88888
58	42	0.89543
58	47	0.875209
58	49	0.875177
58	50	0.875385
58	52	0.875774
58	54	0.876272
58	92	0.872738
58	98	0.897644
58	160	1.40789
58	169	2.11857
58	177	3.05419
59	3	0.926886
59	12	0.830985
59	18	0.900985
59	31	0.879215
59	39	0.876933
59	41	0.876933
59	45	0.85918
59	46	0.859248
59	51	0.859439
59	60	0.85995
59	98	0.889088
59	112	0.875138
59	155	0.865942
59	169	1.3307
59	170	4.65383
60	3	0.927141
60	12	0.83124
60	18	0.90124
60	31	0.879471
60	39	0.877189
60	41	0.877189
60	45	0.859436
60	46	0.859504
60	51	0.859694
60	59	0.85995
60	98	0.889344
60	112	0.875393
60	121	2.3784
60	144	2.1616
60	147	1.86296
61	4	0.85046
61	8	0.856549
61	29	0.82579
61	53	0.890431
61	56	0.892387
61	66	0.859002
61	71	0.935146
61	74	0.84814
61	76	0.848199
61	79	0.848963
61	83	0.839972
61	85	0.886791
61	150	2.76429
61	153	2.44736
61	157	1.76917
61	166	0.813963
62	88	1.51712
62	105	1.99256
62	118	0.776172
62	122	0.826731
62	135	0.836243
62	157	0.858982
62	166	0.789644
62	167	0.792663
62	168	0.772551
62	169	0.812344
62	171	0.783158
62	173	0.748809
62	174	0.802648
62	176	0.805654
62	178	0.802598
62	180	0.775735
63	9	0.931978
63	15	0.836538
63	17	0.833727
63	19	0.909786
63	43	0.892916
63	57	0.858213
63	67	0.903041
63	70	0.833623
63	72	0.835662
63	80	0.875456
63	82	0.87574
63	122	2.07582
63	128	0.853539
63	148	2.13682
63	152	0.745629
63	176	2.64644
64	84	0.875241
64	91	0.863077
64	100	0.89188
64	103	0.878005
64	108	0.873827
64	115	0.846421
64	116	0.84426
64	117	2.64026
64	120	0.870158
64	124	0.8624
64	126	0.862531
64	130	1.40868
64	142	2.67737
64	143	0.864834
64	162	0.882606
64	167	0.81065
65	33	1.39229
65	40	0.551197
65	72	0.93278
65	115	1.09201
65	130	1.01911
65	157	0.973817
65	158	0.946371
65	159	0.908781
65	165	0.90826
65	170	0.866487
65	171	0.897993
65	172	0.891802
65	175	0.860822
65	177	0.89646
65	178	0.917433
65	179	0.893616
65	180	0.890571
66	4	0.838849
66	7	0.839839
66	29	0.81418
66	53	0.87882
66	56	0.880777
66	61	0.859002
66	68	0.848625
66	71	0.923535
66	74	0.836529
66	76	0.836588
66	83	0.828362
66	85	0.87518
66	131	0.835688
66	135	2.14298
66	156	2.49164
66	164	2.72009
66	166	0.802353
67	9	0.988417
67	17	0.890167
67	19	0.966226
67	43	0.949356
67	57	0.914653
67	63	0.903041
67	70	0.890063
67	72	0.892102
67	80	0.931896
67	82	0.93218
67	92	0.914076
67	119	2.19508
67	128	0.909979
67	150	2.3578
67	152	0.802069
67	153	2.04087
67	160	1.42656
68	4	0.840084
68	7	0.841073
68	29	0.815414
68	53	0.880055
68	56	0.882011
68	66	0.848625
68	71	0.92477
68	74	0.837763
68	76	0.837823
68	79	0.838586
68	83	0.829596
68	85	0.876415
68	131	0.836922
68	133	1.8915
68	141	2.83507
68	160	2.37414
68	166	0.803587
69	20	1.04624
69	31	0.946843
69	47	0.847738
69	115	1.69699
69	134	0.942388
69	136	0.978903
69	141	0.957103
69	152	0.856727
69	165	0.916837
69	169	0.935756
69	173	0.872221
69	175	0.869399
69	176	0.929066
69	177	0.905036
69	178	0.92601
69	179	0.902193
69	180	0.899147
70	9	0.918999
70	13	0.831647
70	15	0.823559
70	19	0.896808
70	43	0.879938
70	57	0.845235
70	63	0.833623
70	67	0.890063
70	72	0.822684
70	80	0.862478
70	82	0.862762
70	87	1.18764
70	92	0.844658
70	128	0.840561
70	152	0.732651
70	167	2.48909
70	177	3.45747
71	4	0.914994
71	7	0.915983
71	29	0.890324
71	61	0.935146
71	66	0.923535
71	68	0.92477
71	74	0.912673
71	76	0.912733
71	79	0.913496
71	83	0.904506
71	85	0.951325
71	131	0.911832
71	138	2.28736
71	144	0.796405
71	165	1.16433
71	166	0.878497
71	170	4.04197
72	9	0.921038
72	13	0.833685
72	15	0.825598
72	17	0.822788
72	19	0.898847
72	43	0.881976
72	57	0.847273
72	63	0.835662
72	65	0.93278
72	67	0.892102
72	70	0.822684
72	80	0.864516
72	82	0.8648
72	128	0.842599
72	146	2.44124
72	152	0.73469
72	167	3.04029
73	38	0.915814
73	55	0.897797
73	77	0.926853
73	81	0.907929
73	86	0.955018
73	88	0.892758
73	89	0.883833
73	93	0.883916
73	94	0.942593
73	96	0.9279
73	130	0.802906
73	134	2.38265
73	138	0.825534
73	143	0.896309
73	150	2.57046
73	156	2.40748
73	162	0.914081
73	165	0.842886
74	7	0.828977
74	8	0.834076
74	29	0.803318
74	53	0.867958
74	56	0.869915
74	61	0.84814
74	66	0.836529
74	68	0.837763
74	71	0.912673
74	76	0.825726
74	79	0.82649
74	83	0.8175
74	85	0.864318
74	131	0.824826
74	142	2.76489
74	147	1.84369
74	148	2.65714
74	166	0.791491
75	84	0.803112
75	90	0.791971
75	91	0.790947
75	101	0.810963
75	105	0.79658
75	107	0.800388
75	108	0.801698
75	111	0.788661
75	115	0.774291
75	116	0.772131
75	120	0.798029
75	124	0.79027
75	126	0.790402
75	128	0.787081
75	159	3.70082
75	162	0.810477
75	167	0.73852
75	178	3.10687
76	7	0.829036
76	8	0.834136
76	29	0.803377
76	53	0.868017
76	56	0.869974
76	61	0.848199
76	66	0.836588
76	68	0.837823
76	71	0.912733
76	74	0.825726
76	79	0.826549
76	83	0.817559
76	85	0.864378
76	131	0.824885
76	144	1.06804
76	152	5.51266
76	156	1.24674
76	166	0.79155
77	14	0.877104
77	73	0.926853
77	78	0.86796
77	81	0.913886
77	86	0.960976
77	88	0.898715
77	89	0.889791
77	93	0.889873
77	94	0.948551
77	96	0.933858
77	138	0.831491
77	143	0.902266
77	155	1.07253
77	162	0.920039
77	165	0.848843
77	174	1.50629
77	175	4.0535
77	179	2.02336
78	14	0.812254
78	38	0.856921
78	55	0.838904
78	77	0.86796
78	81	0.849036
78	86	0.896125
78	88	0.833865
78	89	0.82494
78	93	0.825023
78	94	0.8837
78	96	0.869007
78	138	0.766641
78	143	0.837416
78	150	1.97495
78	151	3.70747
78	159	1.99217
78	162	0.855188
78	165	0.783993
79	4	0.82881
79	7	0.8298
79	8	0.834899
79	29	0.804141
79	53	0.868781
79	56	0.870738
79	61	0.848963
79	68	0.838586
79	71	0.913496
79	74	0.82649
79	76	0.826549
79	83	0.818323
79	85	0.865141
79	106	2.42873
79	114	2.27155
79	131	0.825649
79	165	2.90428
79	166	0.792314
80	9	0.960832
80	13	0.873479
80	15	0.865392
80	17	0.862582
80	19	0.938641
80	43	0.92177
80	57	0.887067
80	63	0.875456
80	67	0.931896
80	70	0.862478
80	72	0.864516
80	82	0.904594
80	92	0.88649
80	113	1.1907
80	114	1.69028
80	128	0.882393
80	152	0.774484
80	166	2.56229
80	172	3.21665
81	38	0.902847
81	55	0.88483
81	73	0.907929
81	77	0.913886
81	78	0.849036
81	86	0.942052
81	88	0.879791
81	89	0.870867
81	93	0.870949
81	94	0.929627
81	96	0.914933
81	132	1.9352
81	138	0.812567
81	143	0.883342
81	155	1.43058
81	162	0.901115
81	165	0.829919
81	167	1.86258
81	168	3.44475
82	9	0.961116
82	13	0.873763
82	15	0.865676
82	17	0.862866
82	19	0.938925
82	43	0.922054
82	57	0.887351
82	63	0.87574
82	67	0.93218
82	70	0.862762
82	72	0.8648
82	80	0.904594
82	92	0.886774
82	114	1.6346
82	119	1.87969
82	125	1.86596
82	128	0.882677
82	137	3.29493
82	152	0.774768
83	4	0.81982
83	7	0.82081
83	8	0.825909
83	29	0.79515
83	53	0.859791
83	56	0.861748
83	61	0.839972
83	66	0.828362
83	68	0.829596
83	71	0.904506
83	74	0.8175
83	76	0.817559
83	79	0.818323
83	85	0.856151
83	117	2.6118
83	131	0.816658
83	160	2.21654
83	166	0.783324
83	167	2.89445
84	64	0.875241
84	75	0.803112
84	100	0.909176
84	102	0.894176
84	105	0.886006
84	107	0.889814
84	108	0.891123
84	110	0.919771
84	111	0.878087
84	116	0.861556
84	119	1.42833
84	124	0.879696
84	126	0.879828
84	132	0.85213
84	138	2.939
84	143	0.88213
84	154	2.53115
84	162	0.899902
84	167	0.827946
84	177	2.30611
85	4	0.866639
85	7	0.867628
85	8	0.872728
85	29	0.841969
85	53	0.906609
85	56	0.908566
85	61	0.886791
85	66	0.87518
85	68	0.876415
85	71	0.951325
85	74	0.864318
85	76	0.864378
85	79	0.865141
85	83	0.856151
85	112	1.39978
85	129	2.23673
85	131	0.863477
85	148	2.45858
85	158	2.48936
85	166	0.830142
86	22	0.967904
86	38	0.949937
86	48	0.783115
86	73	0.955018
86	77	0.960976
86	78	0.896125
86	81	0.942052
86	88	0.926881
86	89	0.917956
86	93	0.918039
86	94	0.976716
86	96	0.962023
86	99	1.19771
86	138	0.859657
86	143	0.930432
86	161	2.49132
86	162	0.948204
86	165	0.877009
86	172	2.56282
86	179	2.55214
87	2	2.07603
87	70	1.18764
87	88	0.666955
87	110	0.7229
87	135	0.914793
87	136	0.934041
87	137	0.854283
87	139	0.86913
87	148	0.911422
87	158	0.910085
87	159	0.872495
87	161	0.864017
87	169	0.890893
87	170	0.830201
87	171	0.861707
87	172	0.855516
87	175	0.824536
87	176	0.884203
87	179	0.85733
87	180	0.854285
88	22	0.905644
88	38	0.887676
88	55	0.869659
88	62	1.51712
88	73	0.892758
88	77	0.898715
88	78	0.833865
88	81	0.879791
88	86	0.926881
88	87	0.666955
88	89	0.855696
88	93	0.855778
88	94	0.914456
88	96	0.899762
88	135	1.71007
88	138	0.797396
88	143	0.868171
88	162	0.885944
88	165	0.814748
88	168	3.55057
89	14	0.834085
89	22	0.89672
89	38	0.878752
89	55	0.860735
89	73	0.883833
89	77	0.889791
89	78	0.82494
89	81	0.870867
89	86	0.917956
89	88	0.855696
89	93	0.846854
89	94	0.905531
89	96	0.890838
89	127	1.37923
89	134	2.46659
89	138	0.788472
89	140	3.19103
89	143	0.859247
89	148	2.04778
89	162	0.87702
89	165	0.805824
90	75	0.791971
90	97	0.895362
90	101	0.889249
90	102	0.883036
90	103	0.884161
90	104	0.934945
90	107	0.878674
90	108	0.879983
90	110	0.90863
90	115	0.852577
90	116	0.850416
90	120	0.876314
90	124	0.868556
90	126	0.868687
90	128	0.865367
90	132	0.84099
90	156	1.77562
90	162	0.888762
90	165	2.16353
90	167	0.816806
90	173	4.56978
91	64	0.863077
91	75	0.790947
91	99	1.3861
91	100	0.897012
91	101	0.888225
91	103	0.883137
91	105	0.873842
91	108	0.878959
91	110	0.907606
91	111	0.865923
91	115	0.851553
91	116	0.849392
91	120	0.87529
91	124	0.867532
91	126	0.867663
91	128	0.864342
91	131	2.17645
91	160	2.23948
91	162	0.887738
91	167	0.815781
91	169	2.95016
92	17	0.844762
92	24	0.822384
92	34	0.884813
92	42	0.891363
92	47	0.871141
92	49	0.871109
92	50	0.871318
92	52	0.871706
92	54	0.872205
92	57	0.869247
92	58	0.872738
92	67	0.914076
92	70	0.844658
92	80	0.88649
92	82	0.886774
92	112	1.55576
92	123	1.62541
92	128	0.864573
92	149	3.36526
92	152	0.756664
92	160	2.28994
93	14	0.834167
93	22	0.896802
93	38	0.878835
93	55	0.860817
93	73	0.883916
93	77	0.889873
93	78	0.825023
93	81	0.870949
93	86	0.918039
93	88	0.855778
93	89	0.846854
93	94	0.905614
93	95	1.76464
93	96	0.89092
93	121	1.02608
93	125	1.75426
93	138	0.788554
93	143	0.859329
93	162	0.877102
93	165	0.805906
93	173	4.56188
94	14	0.892845
94	22	0.955479
94	55	0.919495
94	73	0.942593
94	77	0.948551
94	78	0.8837
94	81	0.929627
94	86	0.976716
94	88	0.914456
94	89	0.905531
94	93	0.905614
94	96	0.949598
94	121	1.42788
94	122	1.66488
94	132	2.1518
94	138	0.847232
94	143	0.918007
94	150	2.3325
94	162	0.935779
94	165	0.864584
94	176	2.2355
95	40	2.74596
95	93	1.76464
95	96	1.31732
95	118	0.794608
95	119	0.874484
95	125	0.833454
95	147	0.858978
95	149	0.825155
95	150	0.826611
95	161	0.803904
95	164	0.831219
95	167	0.811099
95	168	0.790987
95	169	0.83078
95	170	0.770087
95	172	0.795403
95	173	0.767245
95	174	0.821083
95	175	0.764423
95	177	0.80006
95	179	0.797216
95	180	0.794171
96	14	0.878151
96	22	0.940786
96	38	0.922819
96	55	0.904802
96	73	0.9279
96	77	0.933858
96	78	0.869007
96	81	0.914933
96	86	0.962023
96	88	0.899762
96	89	0.890838
96	93	0.89092
96	94	0.949598
96	95	1.31732
96	138	0.832538
96	141	1.01308
96	143	0.903313
96	154	2.42349
96	162	0.921086
96	165	0.84989
96	171	2.64446
96	177	2.19845
97	90	0.895362
97	100	0.923141
97	101	0.914354
97	102	0.908141
97	103	0.909266
97	105	0.899971
97	108	0.905088
97	110	0.933735
97	111	0.892051
97	114	2.50357
97	115	0.877681
97	116	0.875521
97	120	0.901419
97	124	0.893661
97	126	0.893792
97	129	2.08291
97	130	1.14382
97	131	1.91711
97	132	0.866094
97	141	2.44107
97	143	0.896094
97	162	0.913867
97	167	0.84191
98	12	0.860379
98	18	0.930379
98	24	0.847291
98	32	0.91544
98	34	0.909719
98	39	0.906327
98	41	0.906327
98	45	0.888575
98	46	0.888643
98	47	0.896047
98	49	0.896016
98	50	0.896224
98	51	0.888833
98	52	0.896612
98	54	0.897111
98	58	0.897644
98	59	0.889088
98	60	0.889344
98	104	1.52128
98	155	1.83961
98	163	2.07316
98	177	3.24
98	178	1.94821
99	26	2.47817
99	43	0.693551
99	57	1.14446
99	86	1.19771
99	91	1.3861
99	114	0.933943
99	134	0.917397
99	137	0.874156
99	140	0.900824
99	146	0.933861
99	147	0.938963
99	161	0.883889
99	163	0.935817
99	168	0.870973
99	170	0.850073
99	172	0.875388
99	173	0.847231
99	174	0.901069
99	176	0.904075
99	177	0.880046
99	178	0.901019
99	179	0.877202
99	180	0.874157
100	48	0.951574
100	64	0.89188
100	84	0.909176
100	91	0.897012
100	97	0.923141
100	101	0.917028
100	102	0.910815
100	103	0.91194
100	105	0.902645
100	107	0.906453
100	111	0.894726
100	115	0.880356
100	116	0.878195
100	120	0.904094
100	124	0.896335
100	126	0.896467
100	132	0.868769
100	138	2.96067
100	143	0.898769
100	153	1.2958
100	161	2.65978
100	167	0.844585
100	174	2.20352
101	75	0.810963
101	90	0.889249
101	91	0.888225
101	97	0.914354
101	100	0.917028
101	105	0.893858
101	107	0.897666
101	110	0.927622
101	111	0.885939
101	113	1.95985
101	115	0.871569
101	116	0.869408
101	120	0.895306
101	121	0.879894
101	123	1.27148
101	124	0.887548
101	126	0.887679
101	128	0.884359
101	129	2.03878
101	132	0.859982
101	157	1.87212
101	162	0.907754
101	167	0.835798
101	180	3.40766
102	84	0.894176
102	90	0.883036
102	97	0.908141
102	100	0.910815
102	103	0.89694
102	105	0.887645
102	107	0.891453
102	108	0.892763
102	110	0.92141
102	111	0.879726
102	115	0.865356
102	116	0.863196
102	120	0.889094
102	124	0.881335
102	126	0.881467
102	127	1.37794
102	132	0.853769
102	135	2.14147
102	143	0.883769
102	146	1.80075
102	162	0.901542
102	163	2.20134
102	166	3.11732
102	167	0.829585
103	64	0.878005
103	90	0.884161
103	91	0.883137
103	97	0.909266
103	100	0.91194
103	102	0.89694
103	105	0.88877
103	107	0.892578
103	110	0.922534
103	115	0.866481
103	116	0.86432
103	120	0.890218
103	121	0.874806
103	124	0.88246
103	126	0.882591
103	127	1.33133
103	132	0.854894
103	141	2.13619
103	143	0.884894
103	145	1.81106
103	162	0.902666
103	167	0.83071
103	178	2.02978
103	180	3.14692
104	4	1.63322
104	14	1.83033
104	90	0.934945
104	98	1.52128
104	114	0.902817
104	120	0.811647
104	122	0.894027
104	125	0.882314
104	136	0.922787
104	146	0.902736
104	153	0.893946
104	157	0.926278
104	159	0.861242
104	160	0.911047
104	161	0.852764
104	169	0.87964
104	171	0.850454
104	172	0.844263
104	174	0.869944
104	175	0.813283
104	176	0.87295
104	177	0.84892
104	178	0.869894
104	179	0.846077
104	180	0.843031
105	62	1.99256
105	75	0.79658
105	84	0.886006
105	91	0.873842
105	97	0.899971
105	100	0.902645
105	101	0.893858
105	102	0.887645
105	103	0.88877
105	107	0.883283
105	108	0.884592
105	110	0.913239
105	111	0.871556
105	115	0.857186
105	116	0.855025
105	120	0.880923
105	121	0.865511
105	124	0.873165
105	126	0.873296
105	133	1.28328
105	142	2.1983
105	162	0.893371
105	167	0.821415
105	176	2.60016
105	178	2.12043
106	12	2.11963
106	79	2.42873
106	122	0.815024
106	124	2.27135
106	131	0.811272
106	134	0.807269
106	137	0.764028
106	144	0.873902
106	146	0.823733
106	147	0.828835
106	150	0.796469
106	155	0.849779
106	158	0.81983
106	159	0.78224
106	163	0.825689
106	164	0.801077
106	169	0.800638
106	170	0.739945
106	172	0.76526
106	173	0.737103
106	175	0.734281
106	176	0.793947
106	178	0.790891
106	179	0.767074
106	180	0.764029
107	75	0.800388
107	84	0.889814
107	90	0.878674
107	100	0.906453
107	101	0.897666
107	102	0.891453
107	103	0.892578
107	105	0.883283
107	108	0.8884
107	111	0.875363
107	115	0.860993
107	116	0.858833
107	120	0.884731
107	124	0.876973
107	126	0.877104
107	128	0.873783
107	132	0.849406
107	134	2.37829
107	136	2.10664
107	143	0.879406
107	145	1.77065
107	157	1.57098
107	162	0.897179
107	167	0.825222
107	180	3.10652
108	64	0.873827
108	75	0.801698
108	84	0.891123
108	90	0.879983
108	91	0.878959
108	97	0.905088
108	102	0.892763
108	105	0.884592
108	107	0.8884
108	110	0.918357
108	111	0.876673
108	115	0.862303
108	116	0.860143
108	120	0.886041
108	124	0.878282
108	126	0.878414
108	128	0.875093
108	132	0.850716
108	138	3.51297
108	139	2.73219
108	143	0.880716
108	146	1.31264
108	149	2.3091
108	160	1.23378
108	167	0.826532
109	1	0.830633
109	21	0.900772
109	24	1.14084
109	26	0.811166
109	28	0.879886
109	36	0.878691
109	39	1.53973
109	40	0.877627
109	44	0.876688
109	53	2.06613
109	57	2.7533
109	121	0.849732
109	129	0.852561
109	142	0.831828
109	155	0.874458
109	163	0.850368
109	169	0.825317
109	170	0.764624
109	171	0.79613
109	172	0.78994
109	173	0.761782
109	176	0.818627
109	177	0.794597
109	178	0.815571
109	180	0.788708
110	84	0.919771
110	87	0.7229
110	90	0.90863
110	91	0.907606
110	97	0.933735
110	101	0.927622
110	102	0.92141
110	103	0.922534
110	105	0.913239
110	108	0.918357
110	111	0.90532
110	112	0.612253
110	115	0.89095
110	116	0.88879
110	120	0.914688
110	121	0.899275
110	124	0.906929
110	126	0.907061
110	128	0.90374
110	143	0.909363
110	156	2.11469
110	162	0.927136
110	167	0.855179
110	174	2.86847
110	178	1.70094
110	179	3.38554
111	75	0.788661
111	84	0.878087
111	91	0.865923
111	97	0.892051
111	100	0.894726
111	101	0.885939
111	102	0.879726
111	105	0.871556
111	107	0.875363
111	108	0.876673
111	110	0.90532
111	115	0.849266
111	116	0.847106
111	119	2.06556
111	120	0.873004
111	124	0.865246
111	126	0.865377
111	128	0.862056
111	132	0.837679
111	133	0.814397
111	139	2.79545
111	143	0.867679
111	154	3.16838
111	162	0.885452
111	167	0.813495
111	174	2.81908
112	3	0.942329
112	12	0.846428
112	18	0.916428
112	25	2.1826
112	31	0.894659
112	39	0.892377
112	41	0.892377
112	45	0.874624
112	46	0.874692
112	51	0.874882
112	59	0.875138
112	60	0.875393
112	85	1.39978
112	92	1.55576
112	110	0.612253
112	115	1.78742
112	148	0.867177
112	160	0.878056
112	163	0.871699
112	168	0.806855
112	169	0.846648
112	170	0.785956
112	175	0.780291
112	177	0.815929
112	178	0.836902
112	179	0.813085
112	180	0.81004
113	5	2.25433
113	10	1.474
113	80	1.1907
113	101	1.95985
113	125	0.872502
113	127	0.930799
113	140	0.859887
113	142	0.87634
113	144	0.943094
113	145	0.90224
113	147	0.898027
113	151	0.820927
113	159	0.851431
113	160	0.901236
113	162	0.441629
113	164	0.870268
113	168	0.830036
113	169	0.869829
113	170	0.809136
113	171	0.840642
113	172	0.834451
113	173	0.806294
113	175	0.803472
113	176	0.863139
113	177	0.839109
113	179	0.836265
113	180	0.83322
114	79	2.27155
114	80	1.69028
114	82	1.6346
114	97	2.50357
114	99	0.933943
114	104	0.902817
114	125	0.828566
114	136	0.86904
114	137	0.789283
114	139	0.804129
114	156	0.850344
114	157	0.87253
114	158	0.845085
114	159	0.807495
114	160	0.8573
114	161	0.799017
114	163	0.850944
114	164	0.826332
114	168	0.7861
114	170	0.7652
114	171	0.796706
114	172	0.790515
114	173	0.762358
114	175	0.759536
114	177	0.795173
114	179	0.792329
114	180	0.789284
115	64	0.846421
115	65	1.09201
115	69	1.69699
115	75	0.774291
115	90	0.852577
115	91	0.851553
115	97	0.877681
115	100	0.880356
115	101	0.871569
115	102	0.865356
115	103	0.866481
115	105	0.857186
115	107	0.860993
115	108	0.862303
115	110	0.89095
115	111	0.849266
115	112	1.78742
115	116	0.832736
115	120	0.858634
115	121	0.843221
115	124	0.850876
115	126	0.851007
115	128	0.847686
115	132	0.823309
115	144	2.33142
115	162	0.871082
115	167	0.799125
115	178	2.87611
116	64	0.84426
116	75	0.772131
116	84	0.861556
116	90	0.850416
116	91	0.849392
116	97	0.875521
116	100	0.878195
116	101	0.869408
116	102	0.863196
116	103	0.86432
116	105	0.855025
116	107	0.858833
116	108	0.860143
116	110	0.88879
116	111	0.847106
116	115	0.832736
116	120	0.856474
116	121	0.841061
116	124	0.848715
116	125	2.64419
116	126	0.848847
116	133	1.40675
116	143	0.851149
116	153	2.5037
116	159	2.83785
116	162	0.868921
116	167	0.796965
116	169	2.60007
117	23	0.914069
117	64	2.64026
117	83	2.6118
117	125	0.827152
117	128	1.49546
117	133	0.915472
117	135	0.848378
117	140	0.814536
117	141	0.845825
117	145	0.85689
117	146	0.847574
117	150	0.820309
117	151	0.775576
117	153	0.838784
117	154	0.798131
117	156	0.848929
117	158	0.84367
117	161	0.797602
117	164	0.824918
117	169	0.824478
117	170	0.763786
117	172	0.789101
117	173	0.760943
117	175	0.758121
117	176	0.817788
117	178	0.814732
117	179	0.790915
117	180	0.78787
118	32	3.63278
118	62	0.776172
118	95	0.794608
118	134	0.773175
118	140	0.756602
118	141	0.78789
118	145	0.798955
118	148	0.787072
118	149	0.760918
118	154	0.740196
118	156	0.790994
118	160	0.797951
118	161	0.739667
118	162	3.68773
118	163	0.791594
118	164	0.766983
118	168	0.72675
118	169	0.766543
118	170	0.705851
118	171	0.737357
118	172	0.731166
118	173	0.703009
118	174	0.756847
118	175	0.700186
118	177	0.735824
118	179	0.73298
118	180	0.729935
119	32	1.13135
119	48	0.936597
119	67	2.19508
119	82	1.87969
119	84	1.42833
119	95	0.874484
119	111	2.06556
119	121	0.870835
119	125	0.849093
119	131	0.857054
119	137	0.80981
119	140	0.836478
119	145	0.878831
119	148	0.866948
119	154	0.820072
119	157	0.893057
119	159	0.828022
119	160	0.877827
119	161	0.819544
119	164	0.846859
119	168	0.806627
119	169	0.84642
119	171	0.817233
119	174	0.836723
119	176	0.839729
119	177	0.8157
119	178	0.836673
119	179	0.812856
119	180	0.809811
120	64	0.870158
120	75	0.798029
120	90	0.876314
120	91	0.87529
120	97	0.901419
120	100	0.904094
120	101	0.895306
120	102	0.889094
120	103	0.890218
120	104	0.811647
120	105	0.880923
120	107	0.884731
120	108	0.886041
120	110	0.914688
120	111	0.873004
120	115	0.858634
120	116	0.856474
120	121	0.866959
120	124	0.874613
120	126	0.874745
120	128	0.871424
120	132	0.847047
120	134	1.62749
120	143	0.877047
120	158	1.23947
120	161	2.86236
120	162	0.89482
120	167	0.822863
120	168	3.14415
120	171	2.97638
121	1	2.64547
121	44	1.52218
121	60	2.3784
121	93	1.02608
121	94	1.42788
121	101	0.879894
121	103	0.874806
121	105	0.865511
121	109	0.849732
121	110	0.899275
121	115	0.843221
121	116	0.841061
121	119	0.870835
121	120	0.866959
121	122	0.841518
121	124	0.859201
121	126	0.859332
121	127	0.888101
121	137	0.790521
121	138	0.790859
121	143	0.861634
121	162	0.879407
121	163	0.852182
121	167	0.80745
121	171	0.797945
121	173	0.763596
121	176	0.820441
121	177	0.796411
121	179	0.793568
121	180	0.790522
122	29	3.14875
122	43	1.81055
122	62	0.826731
122	63	2.07582
122	94	1.66488
122	104	0.894027
122	106	0.815024
122	121	0.841518
122	130	0.909036
122	134	0.823734
122	135	0.841002
122	140	0.80716
122	145	0.849514
122	149	0.811477
122	150	0.812933
122	151	0.7682
122	160	0.848509
122	163	0.842153
122	164	0.817542
122	168	0.777309
122	170	0.75641
122	172	0.781725
122	173	0.753567
122	175	0.750745
122	176	0.810412
122	177	0.786383
122	178	0.807356
122	179	0.783539
122	180	0.780494
123	15	1.77528
123	42	1.54724
123	92	1.62541
123	101	1.27148
123	124	0.926216
123	127	0.936819
123	128	0.435673
123	129	0.903093
123	131	0.886483
123	136	0.918996
123	139	0.854085
123	144	0.949114
123	146	0.898944
123	148	0.896378
123	149	0.870224
123	150	0.87168
123	153	0.890155
123	155	0.92499
123	158	0.895041
123	163	0.9009
123	168	0.836056
123	169	0.875849
123	170	0.815156
123	172	0.840472
123	173	0.812314
123	174	0.866153
123	175	0.809492
123	178	0.866103
123	179	0.842286
123	180	0.83924
124	64	0.8624
124	75	0.79027
124	84	0.879696
124	90	0.868556
124	91	0.867532
124	97	0.893661
124	100	0.896335
124	101	0.887548
124	102	0.881335
124	103	0.88246
124	105	0.873165
124	106	2.27135
124	107	0.876973
124	108	0.878282
124	110	0.906929
124	111	0.865246
124	115	0.850876
124	116	0.848715
124	120	0.874613
124	121	0.859201
124	123	0.926216
124	126	0.866986
124	127	1.2468
124	128	0.863666
124	129	1.69351
124	132	0.839289
124	143	0.869289
124	162	0.887061
124	167	0.815105
124	169	2.30142
124	172	3.64054
125	40	2.73559
125	82	1.86596
125	93	1.75426
125	95	0.833454
125	104	0.882314
125	113	0.872502
125	114	0.828566
125	116	2.64419
125	117	0.827152
125	119	0.849093
125	130	0.897323
125	141	0.826736
125	149	0.799764
125	151	0.756487
125	156	0.82984
125	158	0.824581
125	160	0.836796
125	163	0.83044
125	168	0.765596
125	169	0.805389
125	170	0.744697
125	171	0.776203
125	173	0.741854
125	174	0.795693
125	175	0.739032
125	176	0.798699
125	177	0.77467
125	178	0.795643
125	179	0.771826
125	180	0.768781
126	64	0.862531
126	75	0.790402
126	84	0.879828
126	90	0.868687
126	91	0.867663
126	97	0.893792
126	100	0.896467
126	101	0.887679
126	102	0.881467
126	103	0.882591
126	105	0.873296
126	107	0.877104
126	108	0.878414
126	110	0.907061
126	111	0.865377
126	115	0.851007
126	116	0.848847
126	120	0.874745
126	121	0.859332
126	124	0.866986
126	128	0.863797
126	129	0.948068
126	132	0.83942
126	136	1.31708
126	142	1.27767
126	143	0.86942
126	162	0.887193
126	167	0.815236
126	172	2.89509
126	173	4.40771
126	179	2.88441
127	17	2.44847
127	49	1.81622
127	89	1.37923
127	102	1.37794
127	103	1.33133
127	113	0.930799
127	121	0.888101
127	123	0.936819
127	124	1.2468
127	134	0.870317
127	135	0.887585
127	138	0.827414
127	139	0.841922
127	144	0.93695
127	150	0.859516
127	151	0.814783
127	153	0.877991
127	154	0.837338
127	157	0.910323
127	158	0.882877
127	160	0.895093
127	161	0.836809
127	167	0.844005
127	168	0.823893
127	171	0.834499
127	174	0.853989
127	175	0.797328
127	176	0.856995
127	177	0.832966
127	178	0.853939
127	179	0.830122
127	180	0.827077
128	9	0.938915
128	13	0.851562
128	15	0.843475
128	17	0.840665
128	19	0.916723
128	63	0.853539
128	67	0.909979
128	70	0.840561
128	72	0.842599
128	75	0.787081
128	80	0.882393
128	82	0.882677
128	90	0.865367
128	91	0.864342
128	92	0.864573
128	101	0.884359
128	107	0.873783
128	108	0.875093
128	110	0.90374
128	111	0.862056
128	115	0.847686
128	117	1.49546
128	120	0.871424
128	123	0.435673
128	124	0.863666
128	126	0.863797
128	152	0.752566
128	157	1.03632
128	166	2.49564
128	167	0.811915
128	175	5.16945
128	176	1.93443
129	1	0.835275
129	20	0.908267
129	21	0.905415
129	26	0.815809
129	28	0.884528
129	36	0.883334
129	40	0.882269
129	44	0.88133
129	85	2.23673
129	97	2.08291
129	101	2.03878
129	109	0.852561
129	123	0.903093
129	124	1.69351
129	126	0.948068
129	141	0.851306
129	142	0.836471
129	146	0.853055
129	151	0.781057
129	155	0.8791
129	164	0.830399
129	167	0.810279
129	168	0.790166
129	171	0.800773
129	172	0.794582
129	175	0.763602
129	176	0.823269
129	178	0.820213
129	179	0.796396
129	180	0.793351
130	11	0.879213
130	22	1.18457
130	26	2.49524
130	33	1.98557
130	64	1.40868
130	65	1.01911
130	73	0.802906
130	97	1.14382
130	122	0.909036
130	125	0.897323
130	139	0.872886
130	146	0.917745
130	148	0.915178
130	149	0.889024
130	151	0.845747
130	157	0.941287
130	158	0.913841
130	159	0.876251
130	160	0.926056
130	163	0.9197
130	164	0.895089
130	168	0.854856
130	169	0.894649
130	170	0.833957
130	171	0.865463
130	172	0.859272
130	173	0.831114
130	174	0.884953
130	175	0.828292
130	177	0.863929
130	178	0.884903
130	179	0.861086
130	180	0.858041
131	8	0.833235
131	25	2.85375
131	28	0.803958
131	29	0.802476
131	42	2.14873
131	53	0.867117
131	56	0.869073
131	66	0.835688
131	68	0.836922
131	71	0.911832
131	74	0.824826
131	76	0.824885
131	79	0.825649
131	83	0.816658
131	85	0.863477
131	91	2.17645
131	97	1.91711
131	106	0.811272
131	119	0.857054
131	123	0.886483
131	137	0.77674
131	142	0.819861
131	153	0.827655
131	160	0.844757
131	163	0.838401
131	166	0.790649
131	171	0.784163
131	172	0.777973
131	174	0.803653
131	176	0.80666
131	177	0.78263
131	179	0.779786
131	180	0.776741
132	38	1.62873
132	45	1.73589
132	57	2.74838
132	81	1.9352
132	84	0.85213
132	90	0.84099
132	94	2.1518
132	97	0.866094
132	100	0.868769
132	101	0.859982
132	102	0.853769
132	103	0.854894
132	107	0.849406
132	108	0.850716
132	111	0.837679
132	115	0.823309
132	120	0.847047
132	124	0.839289
132	126	0.83942
132	145	0.83963
132	153	0.821524
132	154	0.780871
132	156	0.83167
132	161	0.780343
132	164	0.807658
132	167	0.787538
132	168	0.767426
132	169	0.807219
132	170	0.746526
132	176	0.800529
132	177	0.776499
132	178	0.797473
132	179	0.773655
132	180	0.77061
133	29	2.40249
133	34	1.66255
133	51	0.739037
133	68	1.8915
133	105	1.28328
133	111	0.814397
133	116	1.40675
133	117	0.915472
133	135	0.917609
133	137	0.857099
133	139	0.871946
133	141	0.915056
133	144	0.966974
133	148	0.914238
133	149	0.888084
133	152	0.81468
133	153	0.908015
133	154	0.867361
133	158	0.912901
133	163	0.91876
133	164	0.894149
133	165	0.874789
133	166	0.871009
133	168	0.853916
133	169	0.893709
133	170	0.833017
133	171	0.864523
133	173	0.830174
133	174	0.884013
133	175	0.827352
133	176	0.887019
133	178	0.883963
133	179	0.860146
133	180	0.8571
134	3	1.64498
134	69	0.942388
134	73	2.38265
134	89	2.46659
134	99	0.917397
134	106	0.807269
134	107	2.37829
134	118	0.773175
134	120	1.62749
134	122	0.823734
134	127	0.870317
134	136	0.852494
134	139	0.787583
134	141	0.830693
134	144	0.882612
134	146	0.832442
134	147	0.837545
134	157	0.855985
134	158	0.828539
134	160	0.840754
134	161	0.782471
134	163	0.834398
134	164	0.809786
134	166	0.786646
134	169	0.809347
134	170	0.748654
134	171	0.78016
134	172	0.77397
134	174	0.799651
134	175	0.74299
134	176	0.802657
134	177	0.778627
134	178	0.799601
134	179	0.775784
134	180	0.772738
135	22	2.44047
135	62	0.836243
135	66	2.14298
135	87	0.914793
135	88	1.71007
135	102	2.14147
135	117	0.848378
135	122	0.841002
135	127	0.887585
135	133	0.917609
135	137	0.790005
135	139	0.804851
135	140	0.816673
135	143	0.972743
135	145	0.859027
135	147	0.854813
135	150	0.822446
135	151	0.777713
135	156	0.851066
135	160	0.858022
135	161	0.799739
135	167	0.806934
135	168	0.786822
