1	98	0.986646
1	100	0.986667
1	118	0.981446
1	142	0.969806
1	143	1.29444
1	147	0.968616
1	149	0.960625
1	150	0.962256
1	157	2.05683
1	160	0.882661
1	173	2.17311
2	13	0.894657
2	28	0.884533
2	34	0.970637
2	48	0.948839
2	64	0.895851
2	76	0.985958
2	78	0.979176
2	124	0.90885
2	126	0.837038
2	134	0.929836
2	158	2.10015
2	176	2.93586
3	77	0.367639
3	96	0.921358
3	117	0.987881
3	120	0.976687
3	142	0.120598
3	151	0.966515
3	172	0.930586
3	173	0.93048
3	175	0.893857
3	177	0.905481
3	178	0.908626
3	179	0.896397
4	79	0.932857
4	83	0.921283
4	103	0.974216
4	106	0.961292
4	119	0.959432
4	120	0.953678
4	155	0.929126
4	164	1.10834
4	168	2.59034
4	176	2.23235
4	177	0.882473
4	178	0.885617
5	113	0.839722
5	122	0.87021
5	126	0.987542
5	129	0.851233
5	136	0.879582
5	142	0.855108
5	144	0.854482
5	147	0.853918
5	150	0.847557
5	168	0.773445
5	179	4.10848
5	180	0.774334
6	16	0.802031
6	26	0.882768
6	29	0.899276
6	33	0.788775
6	46	0.849857
6	47	0.843246
6	56	0.842912
6	98	0.866472
6	100	0.866493
6	158	1.9726
6	160	0.762487
6	168	3.16631
7	64	1.50057
7	131	0.945523
7	140	0.93845
7	142	0.954512
7	144	0.953886
7	147	0.953322
7	149	0.94533
7	150	0.946961
7	165	1.01977
7	175	3.34784
7	176	0.884578
7	180	0.873738
8	22	0.885536
8	26	0.976473
8	31	0.957107
8	47	0.936951
8	51	0.934569
8	56	0.936617
8	84	1.22764
8	98	0.960176
8	100	0.960198
8	148	1.98191
8	160	0.856192
8	165	2.53894
9	32	1.27086
9	44	0.966838
9	54	0.934674
9	73	0.971125
9	80	0.944569
9	85	0.937139
9	88	0.924351
9	93	0.971436
9	101	0.904612
9	111	0.905813
9	115	0.90585
9	172	3.32468
10	20	0.758597
10	42	2.7205
10	45	0.747856
10	104	0.760199
10	151	0.802385
10	160	0.743354
10	162	0.741499
10	163	0.799679
10	173	0.76635
10	174	0.800636
10	179	0.732268
10	180	0.749725
11	13	0.893484
11	24	0.89764
11	53	0.87806
11	66	0.936305
11	69	0.995069
11	76	0.984785
11	78	0.978003
11	90	0.75312
11	124	0.907677
11	128	2.06734
11	134	0.928664
11	168	3.0489
12	98	1.21787
12	103	0.80286
12	113	0.873097
12	124	0.844664
12	139	0.815281
12	149	0.879301
12	150	0.880932
12	156	0.843111
12	159	0.857924
12	166	0.810782
12	179	0.79025
12	180	0.807708
13	2	0.894657
13	11	0.893484
13	24	0.780626
13	28	0.766347
13	34	0.852452
13	53	0.761046
13	66	0.819292
13	76	0.867772
13	78	0.86099
13	124	0.790664
13	127	2.51176
13	134	0.81165
13	151	2.84516
14	16	0.870362
14	26	0.951099
14	31	0.931733
14	46	0.918188
14	51	0.909195
14	56	0.911243
14	67	0.910222
14	81	0.896893
14	98	0.934803
14	100	0.934824
14	156	2.32611
14	160	0.830818
14	180	2.93237
15	44	2.05321
15	54	0.838812
15	61	0.827258
15	85	0.841278
15	88	0.828489
15	92	0.834376
15	93	0.875575
15	95	0.811282
15	96	0.811812
15	101	0.80875
15	111	0.809951
15	115	0.809989
15	125	3.12851
16	6	0.802031
16	14	0.870362
16	22	0.78709
16	31	0.858661
16	33	0.784035
16	46	0.845116
16	51	0.836123
16	56	0.838172
16	72	1.51187
16	98	0.861731
16	100	0.861753
16	160	0.757746
16	176	3.85034
17	40	0.949693
17	63	0.853849
17	94	0.923036
17	97	0.96267
17	103	0.934145
17	106	0.921221
17	119	0.919361
17	120	0.913607
17	155	0.889055
17	170	2.77289
17	176	2.61164
17	177	0.842402
17	178	0.845546
18	24	1.71365
18	79	0.495839
18	91	0.918021
18	115	0.59965
18	128	0.924525
18	160	0.893621
18	164	0.978807
18	167	0.893932
18	172	0.916723
18	173	0.916617
18	175	0.879994
18	178	0.894762
18	179	0.882534
19	40	3.11362
19	82	0.750726
19	130	0.761746
19	132	0.788665
19	143	0.790772
19	152	0.789646
19	159	0.762939
19	164	0.791538
19	165	0.767253
19	169	0.727179
19	171	0.749241
19	172	0.729454
19	179	0.695265
20	10	0.758597
20	27	0.674964
20	108	3.22383
20	145	0.788601
20	154	0.807616
20	157	0.762988
20	158	0.79014
20	159	0.790032
20	169	0.754272
20	171	0.776334
20	173	0.756441
20	175	0.719818
20	179	0.722359
21	34	0.8469
21	48	0.825102
21	69	0.872504
21	78	0.855438
21	114	0.814673
21	134	0.806098
21	136	0.853404
21	138	2.21631
21	144	0.828304
21	147	0.82774
21	150	0.821379
21	161	3.16145
21	180	0.748156
22	8	0.885536
22	16	0.78709
22	26	0.867828
22	31	0.848461
22	33	0.773835
22	46	0.834916
22	47	0.828306
22	51	0.825923
22	87	5.7
22	98	0.851531
22	100	0.851552
22	153	0.95896
22	160	0.747546
23	131	0.840331
23	132	2.27778
23	136	0.873793
23	140	0.833257
23	142	0.849319
23	144	0.848693
23	147	0.848129
23	149	0.840138
23	150	0.841769
23	166	3.19968
23	168	0.767656
23	170	0.784716
23	180	0.768545
24	11	0.89764
24	13	0.780626
24	18	1.71365
24	28	0.770502
24	48	0.834809
24	53	0.765202
24	66	0.823447
24	69	0.882211
24	74	2.82765
24	76	0.871927
24	78	0.865145
24	124	0.794819
24	134	0.815806
25	124	1.8156
25	129	0.932851
25	133	2.18409
25	140	0.920664
25	142	0.936726
25	144	0.9361
25	147	0.935536
25	149	0.927545
25	150	0.929176
25	157	2.17995
25	168	0.855063
25	176	0.866792
25	180	0.855952
26	6	0.882768
26	8	0.976473
26	14	0.951099
26	22	0.867828
26	33	0.864772
26	47	0.919243
26	51	0.916861
26	84	0.85066
26	98	0.942468
26	100	0.94249
26	160	0.838484
26	168	2.78012
26	170	2.58338
27	20	0.674964
27	104	0.676565
27	127	0.756703
27	143	0.744141
27	148	0.723653
27	164	0.744907
27	165	0.720622
27	166	0.669166
27	167	0.660032
27	172	0.682823
27	173	0.682717
27	174	0.717003
27	179	0.648634
28	2	0.884533
28	13	0.766347
28	24	0.770502
28	29	2.10269
28	34	0.842328
28	48	0.820529
28	53	0.750922
28	66	0.809168
28	69	0.867932
28	76	0.857648
28	78	0.850866
28	124	0.78054
28	134	0.801526
28	155	3.56242
29	6	0.899276
29	28	2.10269
29	46	0.942361
29	98	0.958976
29	100	0.958997
29	110	0.601849
29	118	0.599359
29	160	0.854991
29	161	0.885532
29	166	0.864436
29	169	0.875818
29	175	0.841364
29	176	0.872202
29	179	0.843904
30	105	0.7974
30	110	0.823087
30	116	0.817823
30	123	0.8225
30	126	2.48321
30	131	0.832101
30	140	0.825027
30	144	0.840463
30	147	0.839899
30	148	3.17003
30	149	0.831908
30	150	0.833539
30	170	0.776486
30	180	0.760315
31	8	0.957107
31	14	0.931733
31	16	0.858661
31	22	0.848461
31	33	0.845406
31	47	0.899876
31	51	0.897494
31	56	0.899543
31	98	0.923102
31	100	0.923123
31	148	1.15416
31	160	0.819117
31	170	2.72742
31	178	2.6161
32	9	1.27086
32	54	1.24934
32	100	0.263765
32	132	0.920271
32	142	0.925104
32	144	0.924478
32	147	0.923914
32	149	0.915922
32	150	0.917553
32	172	0.861061
32	173	0.860954
32	174	0.89524
32	175	0.824332
32	179	0.826872
33	6	0.788775
33	16	0.784035
33	22	0.773835
33	26	0.864772
33	31	0.845406
33	46	0.831861
33	47	0.82525
33	51	0.822868
33	56	0.824916
33	98	0.848476
33	100	0.848497
33	151	2.15358
33	160	0.744491
33	178	3.52994
34	2	0.970637
34	13	0.852452
34	21	0.8469
34	28	0.842328
34	48	0.906634
34	53	0.837027
34	66	0.895273
34	69	0.954037
34	76	0.943753
34	124	0.866645
34	134	0.887631
34	153	1.77298
34	172	2.62962
34	174	2.10429
35	69	0.59123
35	107	1.01105
35	116	1.38331
35	133	0.914793
35	149	0.590935
35	158	0.915391
35	161	0.889237
35	162	0.856841
35	167	0.859008
35	168	0.864179
35	172	0.881799
35	174	0.915978
35	175	0.84507
35	179	0.84761
36	41	1.82318
36	114	0.89388
36	122	0.923238
36	123	0.889546
36	129	0.904261
36	131	0.899148
36	136	0.93261
36	140	0.892074
36	149	0.898955
36	150	0.900586
36	152	2.16913
36	154	2.38671
36	176	0.838202
36	180	0.827362
37	68	0.952923
37	80	0.925601
37	92	0.911269
37	96	0.888705
37	107	0.737394
37	111	0.886844
37	115	0.886882
37	117	0.911107
37	120	0.899913
37	155	0.87536
37	164	1.95579
37	166	3.62858
37	177	0.828707
37	178	0.831852
38	68	3.35875
38	87	0.69972
38	133	0.784021
38	157	0.757468
38	158	0.784619
38	164	0.813111
38	165	0.788826
38	167	0.728236
38	172	0.751027
38	173	0.750921
38	174	0.785207
38	175	0.714298
38	177	0.725922
38	179	0.716838
39	45	0.672205
39	99	0.729107
39	128	0.698607
39	157	0.697245
39	164	0.752888
39	165	0.728604
39	166	0.677148
39	169	0.688529
39	171	0.710592
39	173	0.690698
39	174	0.724984
39	179	0.656616
39	180	0.674074
40	17	0.949693
40	19	3.11362
40	65	0.893894
40	102	0.932402
40	103	0.91323
40	106	0.900307
40	117	0.903887
40	119	0.898447
40	120	0.892693
40	130	0.872733
40	155	0.86814
40	166	1.7669
40	177	0.821487
40	178	0.824632
41	36	1.82318
41	92	0.543687
41	122	0.203023
41	130	0.920683
41	137	0.858321
41	152	0.948583
41	154	0.939459
41	162	0.863433
41	167	0.8656
41	172	0.888391
41	173	0.888285
41	174	0.922571
41	175	0.851662
41	179	0.854202
42	10	2.7205
42	54	0.885653
42	55	0.884176
42	57	0.857966
42	68	0.92287
42	80	0.895549
42	85	0.888118
42	92	0.881217
42	95	0.858122
42	96	0.858653
42	101	0.855591
42	111	0.856792
42	115	0.85683
42	169	1.77999
42	177	1.61001
43	65	0.882946
43	79	0.860924
43	94	0.891174
43	97	0.930808
43	103	0.902282
43	106	0.889359
43	117	0.892938
43	119	0.887498
43	120	0.881744
43	135	2.139
43	154	1.53688
43	155	0.857192
43	177	0.810539
43	178	0.813683
43	180	3.04443
44	9	0.966838
44	15	2.05321
44	46	0.800437
44	110	0.904339
44	142	0.922342
44	144	0.921716
44	146	0.846919
44	147	0.921152
44	149	0.91316
44	167	0.835508
44	174	0.892478
44	175	0.821569
44	176	0.852408
44	179	0.82411
44	180	0.841567
45	10	0.747856
45	39	0.672205
45	75	3.58255
45	135	0.778606
45	152	0.805998
45	156	0.764478
45	164	0.80789
45	165	0.783605
45	167	0.723015
45	172	0.745806
45	174	0.779986
45	175	0.709077
45	176	0.739915
45	179	0.711618
45	180	0.729075
46	6	0.849857
46	14	0.918188
46	16	0.845116
46	22	0.834916
46	29	0.942361
46	33	0.831861
46	44	0.800437
46	47	0.886332
46	51	0.883949
46	56	0.885998
46	98	0.909557
46	100	0.909578
46	135	2.63728
46	159	2.51299
46	160	0.805572
47	6	0.843246
47	8	0.936951
47	22	0.828306
47	26	0.919243
47	31	0.899876
47	33	0.82525
47	46	0.886332
47	56	0.879387
47	67	0.878365
47	98	0.902946
47	100	0.902968
47	151	1.31272
47	156	2.05086
47	160	0.798962
47	177	3.39079
48	2	0.948839
48	21	0.825102
48	24	0.834809
48	28	0.820529
48	34	0.906634
48	53	0.815229
48	66	0.873474
48	69	0.932238
48	76	0.921955
48	78	0.915173
48	81	1.45882
48	124	0.844847
48	134	0.865833
48	155	2.33408
48	161	2.91737
49	114	1.80781
49	127	0.868913
49	128	0.802835
49	137	0.764963
49	140	1.24498
49	151	0.830961
49	152	0.855224
49	153	0.862206
49	166	0.781376
49	171	0.81482
49	173	0.794926
49	174	0.829212
49	175	0.758303
49	179	0.760844
49	180	0.778301
50	105	0.855521
50	110	0.881208
50	112	0.879773
50	113	0.883825
50	123	0.880621
50	125	1.72195
50	129	0.895336
50	134	2.12721
50	144	0.898585
50	145	2.69371
50	147	0.898021
50	149	0.89003
50	150	0.891661
50	176	0.829277
50	180	0.818437
51	8	0.934569
51	14	0.909195
51	16	0.836123
51	22	0.825923
51	26	0.916861
51	31	0.897494
51	33	0.822868
51	46	0.883949
51	67	0.875983
51	98	0.900564
51	100	0.900586
51	143	2.04056
51	158	2.36786
51	160	0.796579
51	174	2.3118
52	55	0.795827
52	86	1.06655
52	144	0.3885
52	156	0.897191
52	157	0.88496
52	164	0.940603
52	166	0.864862
52	167	0.855728
52	169	0.876244
52	171	0.898306
52	173	0.878413
52	175	0.84179
52	177	0.853414
52	179	0.84433
52	180	0.861788
53	11	0.87806
53	13	0.761046
53	24	0.765202
53	28	0.750922
53	34	0.837027
53	48	0.815229
53	64	0.76224
53	66	0.803867
53	69	0.862631
53	76	0.852348
53	78	0.845566
53	124	0.775239
53	134	0.796226
53	154	2.53884
53	156	3.44013
54	9	0.934674
54	15	0.838812
54	32	1.24934
54	42	0.885653
54	57	0.860505
54	61	0.876638
54	62	0.862988
54	88	0.877869
54	93	0.924955
54	95	0.860662
54	96	0.861192
54	107	1.3272
54	111	0.859331
54	115	0.859369
54	157	3.26898
55	42	0.884176
55	52	0.795827
55	57	0.859028
55	61	0.87516
55	80	0.89661
55	85	0.88918
55	92	0.882279
55	93	0.923477
55	95	0.859184
55	96	0.859714
55	99	2.01369
55	101	0.856653
55	111	0.857854
55	115	0.857892
55	168	3.22795
56	6	0.842912
56	8	0.936617
56	14	0.911243
56	16	0.838172
56	31	0.899543
56	33	0.824916
56	46	0.885998
56	47	0.879387
56	67	0.878032
56	98	0.902613
56	100	0.902634
56	160	0.798628
56	161	1.88664
56	176	2.44558
56	180	2.46357
57	42	0.857966
57	54	0.860505
57	55	0.859028
57	68	0.897722
57	73	0.896957
57	81	0.901218
57	84	1.53171
57	88	0.850182
57	91	3.27861
57	92	0.856069
57	93	0.897267
57	96	0.833504
57	101	0.830443
57	111	0.831644
57	115	0.831682
57	152	1.99085
58	60	0.839102
58	94	0.833266
58	101	1.26964
58	102	0.863545
58	119	0.82959
58	131	1.98492
58	139	0.768578
58	146	0.766356
58	148	0.818566
58	153	0.844909
58	157	0.784176
58	165	0.815535
58	167	0.754945
58	173	0.777629
58	177	0.752631
58	178	0.755775
59	61	0.879077
59	85	0.893097
59	93	0.927394
59	95	0.863101
59	101	0.860569
59	111	0.86177
59	115	0.861808
59	144	0.892156
59	149	0.8836
59	160	3.35274
59	165	1.43556
59	168	0.811118
59	170	0.828178
59	176	0.822847
59	178	2.34048
59	180	0.812007
60	58	0.839102
60	65	0.873075
60	83	0.839479
60	94	0.881303
60	102	0.911582
60	103	0.892411
60	106	0.879488
60	117	0.883067
60	119	0.877627
60	120	0.871873
60	134	1.60105
60	155	0.847321
60	173	2.56043
60	177	0.800668
60	178	0.803813
60	180	2.86276
61	15	0.827258
61	54	0.876638
61	55	0.87516
61	59	0.879077
61	62	0.851433
61	73	0.913089
61	88	0.866315
61	92	0.872201
61	95	0.849107
61	96	0.849637
61	101	0.846575
61	111	0.847776
61	115	0.847814
61	130	2.72087
61	138	1.56217
61	173	2.78191
62	54	0.862988
62	61	0.851433
62	68	0.900205
62	73	0.899439
62	80	0.872884
62	85	0.865453
62	88	0.852665
62	91	2.72139
62	92	0.858552
62	93	0.89975
62	95	0.835457
62	96	0.835987
62	111	0.834127
62	115	0.834165
62	145	2.46355
62	154	1.6512
63	17	0.853849
63	111	1.47076
63	113	1.06352
63	130	0.897038
63	154	0.915814
63	157	0.871187
63	161	0.872185
63	162	0.839788
63	167	0.841955
63	169	0.862471
63	171	0.884533
63	173	0.86464
63	175	0.828017
63	178	0.842786
63	179	0.830557
63	180	0.848015
64	2	0.895851
64	7	1.50057
64	53	0.76224
64	66	0.820486
64	69	0.87925
64	78	0.862184
64	94	2.24458
64	125	0.823941
64	134	0.812844
64	156	0.790304
64	163	0.804856
64	169	0.769357
64	172	0.771632
64	173	0.771526
64	179	0.737444
65	40	0.893894
65	43	0.882946
65	60	0.873075
65	97	0.906872
65	102	0.897518
65	103	0.878346
65	106	0.865423
65	117	0.869003
65	119	0.863562
65	120	0.857808
65	137	2.9419
65	155	0.833256
65	167	2.46579
65	176	1.70976
65	177	0.786603
65	178	0.789748
66	11	0.936305
66	13	0.819292
66	24	0.823447
66	28	0.809168
66	34	0.895273
66	48	0.873474
66	53	0.803867
66	64	0.820486
66	69	0.920877
66	76	0.910593
66	78	0.903811
66	124	0.833485
66	127	1.14063
66	133	2.40397
66	134	0.854471
66	167	3.55648
67	14	0.910222
67	47	0.878365
67	51	0.875983
67	56	0.878032
67	98	0.901591
67	100	0.901612
67	117	0.878002
67	119	0.872562
67	120	0.866808
67	155	0.842256
67	157	2.37736
67	159	1.76624
67	160	0.797606
67	170	2.93923
67	177	0.795603
67	178	0.798747
68	37	0.952923
68	38	3.35875
68	42	0.92287
68	57	0.897722
68	62	0.900205
68	80	0.935305
68	85	0.927875
68	88	0.915086
68	93	0.962172
68	95	0.897879
68	96	0.898409
68	101	0.895347
68	111	0.896548
68	115	0.896586
68	130	0.933069
68	132	1.02811
68	169	2.20009
69	11	0.995069
69	21	0.872504
69	24	0.882211
69	28	0.867932
69	34	0.954037
69	35	0.59123
69	48	0.932238
69	53	0.862631
69	64	0.87925
69	66	0.920877
69	76	0.969357
69	78	0.962575
69	124	0.892249
69	133	1.97044
69	134	0.913235
69	176	2.36692
69	177	3.11857
70	99	2.15912
70	108	0.93259
70	110	0.922852
70	112	0.921416
70	123	0.922264
70	140	0.924792
70	142	0.940854
70	143	1.85238
70	144	0.940228
70	147	0.939664
70	149	0.931673
70	150	0.933304
70	164	1.89138
70	165	2.16041
70	168	0.859191
70	176	0.87092
70	180	0.86008
71	72	1.43394
71	79	0.829748
71	83	0.818174
71	84	0.919351
71	94	0.859998
71	97	0.899632
71	102	0.890277
71	103	0.871106
71	106	0.858183
71	117	0.861762
71	119	0.856322
71	120	0.850568
71	155	0.826016
71	165	2.91744
71	174	2.88065
71	177	0.779363
71	178	0.782507
72	16	1.51187
72	71	1.43394
72	111	1.46737
72	138	0.915126
72	141	0.836033
72	146	0.834041
72	156	0.864092
72	157	0.851861
72	162	0.820463
72	163	0.878644
72	165	0.88322
72	169	0.843145
72	171	0.865208
72	172	0.845421
72	173	0.845314
72	175	0.808692
72	179	0.811232
73	9	0.971125
73	57	0.896957
73	61	0.913089
73	62	0.899439
73	80	0.934539
73	85	0.927109
73	88	0.914321
73	93	0.961406
73	95	0.897113
73	96	0.897643
73	101	0.894582
73	111	0.895783
73	115	0.895821
73	169	2.81136
73	170	2.05098
73	171	1.48067
73	178	1.93966
74	24	2.82765
74	86	0.104688
74	128	0.90651
74	129	0.0311184
74	147	0.519236
74	148	0.939538
74	153	0.965882
74	154	0.949776
74	156	0.91738
74	161	0.906147
74	162	0.87375
74	163	0.931931
74	165	0.936507
74	169	0.896433
74	174	0.932888
74	179	0.864519
74	180	0.881977
75	45	3.58255
75	102	0.959445
75	117	0.93093
75	119	0.92549
75	136	0.962153
75	140	0.921617
75	141	1.77864
75	142	0.937679
75	145	1.23765
75	147	0.936489
75	149	0.928498
75	150	0.930129
75	155	0.895184
75	160	1.51856
75	176	0.867745
75	177	0.848531
75	178	0.851675
76	2	0.985958
76	11	0.984785
76	13	0.867772
76	24	0.871927
76	28	0.857648
76	34	0.943753
76	48	0.921955
76	53	0.852348
76	66	0.910593
76	69	0.969357
76	78	0.952291
76	124	0.881965
76	134	0.902951
76	160	2.93037
76	163	1.25827
76	168	2.22616
76	176	1.86817
77	3	0.367639
77	89	0.915997
77	114	0.906981
77	116	0.897971
77	127	1.45166
77	129	0.917362
77	131	0.912249
77	136	0.945712
77	140	0.905176
77	142	0.921237
77	147	0.920047
77	149	0.912056
77	150	0.913687
77	155	1.96926
77	168	0.839574
77	176	0.851303
77	177	3.86314
77	180	0.840463
78	2	0.979176
78	11	0.978003
78	13	0.86099
78	21	0.855438
78	24	0.865145
78	28	0.850866
78	48	0.915173
78	53	0.845566
78	64	0.862184
78	66	0.903811
78	69	0.962575
78	76	0.952291
78	104	3.35985
78	121	0.982505
78	124	0.875183
78	134	0.896169
78	141	2.39533
78	169	1.9947
79	4	0.932857
79	18	0.495839
79	43	0.860924
79	71	0.829748
79	83	0.803392
79	94	0.845216
79	97	0.88485
79	102	0.875495
79	103	0.856324
79	106	0.843401
79	117	0.84698
79	119	0.84154
79	120	0.835786
79	151	3.31941
79	152	2.93868
79	155	0.811234
79	177	0.764581
79	178	0.767725
80	9	0.944569
80	37	0.925601
80	42	0.895549
80	55	0.89661
80	62	0.872884
80	68	0.935305
80	73	0.934539
80	88	0.887765
80	92	0.893652
80	93	0.93485
80	95	0.870557
80	101	0.868026
80	111	0.869227
80	115	0.869265
80	121	2.17681
80	133	1.87088
80	165	1.41238
80	177	3.01902
81	14	0.896893
81	48	1.45882
81	57	0.901218
81	85	0.93137
81	88	0.918582
81	92	0.924469
81	96	0.901904
81	111	0.900044
81	115	0.900082
81	117	0.830526
81	131	1.0303
81	153	0.934186
81	158	0.900604
81	162	0.842054
81	166	0.853355
81	167	0.844221
81	168	0.849392
81	169	0.864737
81	179	0.832823
82	19	0.750726
82	87	0.734372
82	91	0.786976
82	123	2.37055
82	146	0.774299
82	150	1.84217
82	151	0.821607
82	159	0.819163
82	161	0.793117
82	163	0.818901
82	167	0.762887
82	168	0.768058
82	171	0.805465
82	172	0.785678
82	173	0.785572
82	174	0.819858
82	177	0.760573
82	178	0.763718
82	179	0.751489
83	4	0.921283
83	60	0.839479
83	71	0.818174
83	79	0.803392
83	90	0.870716
83	94	0.833642
83	97	0.873276
83	102	0.863922
83	103	0.84475
83	106	0.831827
83	117	0.835406
83	119	0.829966
83	120	0.824212
83	127	1.66856
83	155	0.79966
83	157	2.92777
83	177	0.753007
83	178	0.756152
83	180	3.34638
84	8	1.22764
84	26	0.85066
84	57	1.53171
84	71	0.919351
84	85	1.38569
84	106	0.933004
84	117	0.936584
84	119	0.931144
84	120	0.92539
84	139	0.870132
84	166	0.865632
84	167	0.856498
84	171	0.899076
84	172	0.879289
84	173	0.879183
84	175	0.84256
84	177	0.854184
84	178	0.857329
84	179	0.845101
85	9	0.937139
85	15	0.841278
85	42	0.888118
85	55	0.88918
85	59	0.893097
85	62	0.865453
85	68	0.927875
85	73	0.927109
85	81	0.93137
85	84	1.38569
85	92	0.886221
85	95	0.863127
85	96	0.863657
85	101	0.860595
85	111	0.861796
85	115	0.861834
85	127	1.89214
85	153	2.32888
85	155	2.40974
86	52	1.06655
86	74	0.104688
86	112	0.885875
86	116	0.882047
86	122	0.920416
86	123	0.886724
86	131	0.896325
86	136	0.929788
86	138	1.63659
86	140	0.889252
86	141	4.46295
86	142	0.905313
86	144	0.904688
86	147	0.904123
86	149	0.896132
86	150	0.897763
86	170	0.84071
86	176	0.835379
86	180	0.824539
87	22	5.7
87	38	0.69972
87	82	0.734372
87	118	0.788783
87	123	0.758553
87	136	0.801617
87	140	0.761081
87	142	0.777143
87	145	0.745153
87	150	0.769592
87	154	0.764168
87	159	0.746584
87	171	0.732887
87	173	0.712993
87	174	0.747279
87	175	0.67637
87	176	0.707209
87	179	0.678911
87	180	0.696368
88	9	0.924351
88	15	0.828489
88	54	0.877869
88	57	0.850182
88	61	0.866315
88	62	0.852665
88	68	0.915086
88	73	0.914321
88	80	0.887765
88	81	0.918582
88	93	0.914632
88	95	0.850339
88	96	0.850869
88	101	0.847807
88	111	0.849008
88	115	0.849046
88	166	2.57319
88	167	2.78043
88	170	2.18565
88	171	1.61534
89	77	0.915997
89	104	3.54015
89	108	0.878988
89	109	0.881345
89	118	0.898892
89	122	0.902354
89	129	0.883377
89	131	0.878263
89	132	0.88024
89	136	0.911726
89	140	0.87119
89	142	0.887252
89	146	2.0986
89	147	0.886062
89	149	0.87807
89	150	0.879701
89	170	0.822648
89	175	2.72645
89	176	0.817318
89	180	0.806477
90	11	0.75312
90	83	0.870716
90	97	0.952174
90	100	0.746233
90	105	1.35058
90	117	0.914304
90	119	0.908864
90	120	0.90311
90	130	0.889301
90	133	0.890004
90	139	0.847852
90	142	0.926657
90	155	0.878558
90	157	0.86345
90	166	0.843353
90	172	0.85701
90	174	0.891189
90	177	0.831905
90	178	0.835049
90	179	0.822821
91	18	0.918021
91	57	3.27861
91	62	2.72139
91	82	0.786976
91	125	0.818012
91	141	0.756316
91	151	0.801633
91	157	0.772145
91	162	0.740747
91	163	0.798927
91	164	0.827788
91	166	0.752047
91	167	0.742913
91	169	0.763429
91	171	0.785491
91	172	0.765704
91	173	0.765598
91	175	0.728975
91	178	0.743744
91	179	0.731515
92	15	0.834376
92	37	0.911269
92	41	0.543687
92	42	0.881217
92	55	0.882279
92	57	0.856069
92	61	0.872201
92	62	0.858552
92	80	0.893652
92	81	0.924469
92	85	0.886221
92	93	0.920518
92	95	0.856225
92	96	0.856756
92	101	0.853694
92	111	0.854895
92	115	0.854933
92	160	3.65898
92	163	1.98689
92	171	2.18773
93	9	0.971436
93	15	0.875575
93	54	0.924955
93	55	0.923477
93	57	0.897267
93	59	0.927394
93	62	0.89975
93	68	0.962172
93	73	0.961406
93	80	0.93485
93	88	0.914632
93	92	0.920518
93	95	0.897424
93	101	0.894892
93	111	0.896094
93	115	0.896131
93	153	0.879158
93	162	2.69533
93	168	2.46023
93	176	2.10224
93	180	2.12023
94	17	0.923036
94	43	0.891174
94	58	0.833266
94	60	0.881303
94	64	2.24458
94	71	0.859998
94	79	0.845216
94	83	0.833642
94	97	0.9151
94	102	0.905746
94	103	0.886574
94	106	0.873651
94	117	0.877231
94	119	0.87179
94	120	0.866036
94	138	1.11466
94	146	3.46399
94	155	0.841484
94	174	1.72698
94	177	0.794831
94	178	0.797976
95	15	0.811282
95	42	0.858122
95	54	0.860662
95	55	0.859184
95	59	0.863101
95	61	0.849107
95	62	0.835457
95	68	0.897879
95	73	0.897113
95	80	0.870557
95	85	0.863127
95	88	0.850339
95	92	0.856225
95	93	0.897424
95	96	0.833661
95	101	0.830599
95	111	0.8318
95	115	0.831838
95	128	2.56658
95	138	1.68607
95	163	2.58026
95	171	2.78109
96	3	0.921358
96	15	0.811812
96	37	0.888705
96	42	0.858653
96	54	0.861192
96	55	0.859714
96	57	0.833504
96	61	0.849637
96	62	0.835987
96	68	0.898409
96	73	0.897643
96	81	0.901904
96	85	0.863657
96	88	0.850869
96	92	0.856756
96	95	0.833661
96	101	0.83113
96	111	0.832331
96	115	0.832368
96	128	3.04164
96	154	2.17565
96	159	2.65347
97	17	0.96267
97	43	0.930808
97	65	0.906872
97	71	0.899632
97	79	0.88485
97	83	0.873276
97	90	0.952174
97	94	0.9151
97	102	0.94538
97	103	0.926208
97	106	0.913285
97	117	0.916864
97	119	0.911424
97	120	0.90567
97	145	2.29116
97	152	1.26123
97	155	0.881118
97	158	2.13266
97	163	2.35848
97	174	2.07661
97	177	0.834465
97	178	0.83761
98	1	0.986646
98	6	0.866472
98	8	0.960176
98	12	1.21787
98	14	0.934803
98	16	0.861731
98	22	0.851531
98	26	0.942468
98	29	0.958976
98	31	0.923102
98	33	0.848476
98	46	0.909557
98	47	0.902946
98	51	0.900564
98	56	0.902613
98	67	0.901591
98	100	0.926193
98	139	2.74201
98	159	1.58042
98	160	0.822187
98	164	1.46815
98	180	2.61015
99	39	0.729107
99	55	2.01369
99	70	2.15912
99	121	0.829535
99	128	0.810511
99	136	1.68278
99	151	0.838638
99	154	0.853777
99	157	0.80915
99	159	0.836194
99	161	0.810148
99	162	0.777751
99	163	0.835932
99	164	0.864793
99	165	0.840508
99	166	0.789052
99	169	0.800434
99	172	0.802709
99	173	0.802603
99	174	0.836889
99	175	0.76598
99	179	0.76852
100	1	0.986667
100	6	0.866493
100	8	0.960198
100	14	0.934824
100	16	0.861753
100	22	0.851552
100	26	0.94249
100	29	0.958997
100	31	0.923123
100	32	0.263765
100	33	0.848497
100	46	0.909578
100	47	0.902968
100	51	0.900586
100	56	0.902634
100	67	0.901612
100	90	0.746233
100	98	0.926193
100	158	1.84831
100	160	0.822208
100	162	3.27711
100	178	2.73396
101	9	0.904612
101	15	0.80875
101	42	0.855591
101	55	0.856653
101	57	0.830443
101	58	1.26964
101	59	0.860569
101	61	0.846575
101	68	0.895347
101	73	0.894582
101	80	0.868026
101	85	0.860595
101	88	0.847807
101	92	0.853694
101	93	0.894892
101	95	0.830599
101	96	0.83113
101	111	0.829269
101	115	0.829307
101	132	1.9594
101	179	3.35462
101	180	2.3505
102	40	0.932402
102	58	0.863545
102	60	0.911582
102	65	0.897518
102	71	0.890277
102	75	0.959445
102	79	0.875495
102	83	0.863922
102	94	0.905746
102	97	0.94538
102	103	0.916854
102	106	0.903931
102	117	0.90751
102	119	0.90207
102	120	0.896316
102	134	1.39176
102	135	1.74804
102	155	0.871764
102	161	2.07654
102	166	3.18426
102	171	2.22642
102	177	0.825111
102	178	0.828255
103	4	0.974216
103	12	0.80286
103	17	0.934145
103	40	0.91323
103	43	0.902282
103	60	0.892411
103	65	0.878346
103	71	0.871106
103	79	0.856324
103	83	0.84475
103	94	0.886574
103	97	0.926208
103	102	0.916854
103	106	0.884759
103	117	0.888339
103	119	0.882899
103	120	0.877145
103	155	0.852592
103	160	3.23935
103	170	2.3384
103	172	1.8107
103	176	2.17714
103	177	0.805939
103	178	0.809084
104	10	0.760199
104	27	0.676565
104	78	3.35985
104	89	3.54015
104	132	0.817359
104	139	0.748991
104	143	0.819467
104	146	0.746769
104	148	0.798979
104	153	0.825322
104	157	0.764589
104	159	0.791633
104	160	0.735046
104	162	0.733191
104	164	0.820232
104	165	0.795948
104	166	0.744491
104	171	0.777935
104	172	0.758148
104	174	0.792328
104	175	0.721419
104	176	0.752258
104	179	0.72396
105	30	0.7974
105	50	0.855521
105	90	1.35058
105	108	0.840539
105	109	0.842897
105	112	0.829365
105	114	0.834546
105	118	0.860443
105	122	0.863905
105	123	0.830213
105	126	1.18954
105	129	0.844928
105	131	0.839814
105	136	0.873277
105	140	0.832741
105	142	0.848803
105	144	0.848177
105	147	0.847613
105	149	0.839622
105	150	0.841252
105	162	3.88146
105	170	0.7842
105	176	0.778869
105	178	3.33831
105	180	0.768029
106	4	0.961292
106	17	0.921221
106	40	0.900307
106	43	0.889359
106	60	0.879488
106	65	0.865423
106	71	0.858183
106	79	0.843401
106	83	0.831827
106	84	0.933004
106	94	0.873651
106	97	0.913285
106	102	0.903931
106	103	0.884759
106	107	1.19029
106	117	0.875415
106	119	0.869975
106	120	0.864221
106	139	2.49066
106	141	3.66307
106	155	0.839669
106	170	2.50205
106	173	2.05646
106	177	0.793016
106	178	0.796161
107	35	1.01105
107	37	0.737394
107	54	1.3272
107	106	1.19029
107	108	0.801686
107	114	0.92244
107	125	0.945961
107	129	0.724709
107	137	0.863583
107	152	0.953845
107	153	0.960827
107	154	0.944722
107	158	0.927245
107	159	0.927138
107	161	0.901092
107	162	0.868695
107	165	0.931452
107	166	0.879996
107	167	0.870862
107	170	0.893093
107	171	0.91344
107	172	0.893653
107	174	0.927833
107	175	0.856924
107	178	0.871693
107	179	0.859464
108	20	3.22383
108	70	0.93259
108	89	0.878988
108	105	0.840539
108	107	0.801686
108	109	0.878322
108	113	0.868843
108	116	0.860962
108	122	0.899331
108	123	0.865639
108	129	0.880354
108	131	0.87524
108	134	1.90036
108	136	0.908703
108	140	0.868167
108	142	0.884229
108	144	0.883603
108	147	0.883039
108	149	0.875047
108	150	0.876678
108	153	1.921
108	168	0.802566
108	170	0.819625
108	174	2.25232
108	176	0.814295
108	180	0.803454
109	89	0.881345
109	105	0.842897
109	108	0.878322
109	110	0.868584
109	112	0.867148
109	114	0.87233
109	116	0.86332
109	118	0.898226
109	122	0.901688
109	125	1.25819
109	129	0.882711
109	136	0.911061
109	137	4.13931
109	140	0.870524
109	142	0.886586
109	144	0.88596
109	147	0.885396
109	149	0.877405
109	150	0.879036
109	158	2.07146
109	159	1.89544
109	165	2.0522
109	168	0.804923
109	170	0.821983
109	176	0.816652
109	180	0.805812
110	29	0.601849
110	30	0.823087
110	44	0.904339
110	50	0.881208
110	70	0.922852
110	109	0.868584
110	112	0.855052
110	114	0.860234
110	116	0.851224
110	118	0.88613
110	122	0.889592
110	123	0.8559
110	131	0.865501
110	136	0.898964
110	140	0.858428
110	143	2.0408
110	144	0.873864
110	147	0.8733
110	149	0.865309
110	150	0.86694
110	154	1.71424
110	162	3.79689
110	168	0.792827
110	170	0.809887
110	173	2.91947
110	176	0.804556
110	180	0.793716
111	9	0.905813
111	15	0.809951
111	37	0.886844
111	42	0.856792
111	54	0.859331
111	55	0.857854
111	57	0.831644
111	59	0.86177
111	61	0.847776
111	62	0.834127
111	63	1.47076
111	68	0.896548
111	72	1.46737
111	73	0.895783
111	80	0.869227
111	81	0.900044
111	85	0.861796
111	88	0.849008
111	92	0.854895
111	93	0.896094
111	95	0.8318
111	96	0.832331
111	101	0.829269
111	115	0.830508
111	125	2.15687
111	152	2.0987
111	165	2.95087
112	50	0.879773
112	70	0.921416
112	86	0.885875
112	105	0.829365
112	109	0.867148
112	110	0.855052
112	113	0.857669
112	118	0.884695
112	122	0.888157
112	127	1.83526
112	129	0.869179
112	131	0.864066
112	136	0.897529
112	140	0.856993
112	142	0.873054
112	144	0.872429
112	147	0.871864
112	149	0.863873
112	150	0.865504
112	152	1.78795
112	159	2.48336
112	164	2.37109
112	168	0.791391
112	170	0.808451
112	173	3.21075
112	176	0.80312
112	180	0.79228
113	5	0.839722
113	12	0.873097
113	50	0.883825
113	63	1.06352
113	108	0.868843
113	112	0.857669
113	116	0.853841
113	118	0.888747
113	122	0.892209
113	123	0.858517
113	129	0.873232
113	131	0.868118
113	136	0.901581
113	140	0.861045
113	142	0.877107
113	144	0.876481
113	147	0.875917
113	149	0.867926
113	150	0.869557
113	151	2.07219
113	153	2.17553
113	154	1.90905
113	166	3.94739
113	168	0.795444
113	170	0.812504
113	176	0.807173
113	180	0.796333
114	21	0.814673
114	36	0.89388
114	49	1.80781
114	77	0.906981
114	105	0.834546
114	107	0.92244
114	109	0.87233
114	110	0.860234
114	116	0.85497
114	118	0.889876
114	122	0.893338
114	123	0.859646
114	129	0.874361
114	131	0.869248
114	134	2.02111
114	136	0.90271
114	140	0.862174
114	144	0.87761
114	147	0.877046
114	149	0.869055
114	150	0.870686
114	163	2.65494
114	168	0.796573
114	170	0.813633
114	172	2.8984
114	176	0.808302
114	180	0.797462
115	9	0.90585
115	15	0.809989
115	18	0.59965
115	37	0.886882
115	42	0.85683
115	54	0.859369
115	55	0.857892
115	57	0.831682
115	59	0.861808
115	61	0.847814
115	62	0.834165
115	68	0.896586
115	73	0.895821
115	80	0.869265
115	81	0.900082
115	85	0.861834
115	88	0.849046
115	92	0.854933
115	93	0.896131
115	95	0.831838
115	96	0.832368
115	101	0.829307
115	111	0.830508
115	164	1.56161
115	167	3.44164
115	169	3.60725
115	180	2.70361
116	30	0.817823
116	35	1.38331
116	77	0.897971
116	86	0.882047
116	108	0.860962
116	109	0.86332
116	110	0.851224
116	113	0.853841
116	114	0.85497
116	122	0.884328
116	123	0.850636
116	126	1.66097
116	129	0.865351
116	131	0.860238
116	136	0.8937
116	140	0.853164
116	142	0.869226
116	144	0.8686
116	147	0.868036
116	148	2.34779
116	149	0.860045
116	150	0.861676
116	164	2.63579
116	168	0.787563
116	170	0.804623
116	171	3.35074
116	176	0.799292
116	180	0.788452
117	3	0.987881
117	37	0.911107
117	40	0.903887
117	43	0.892938
117	60	0.883067
117	65	0.869003
117	67	0.878002
117	71	0.861762
117	75	0.93093
117	79	0.84698
117	81	0.830526
117	83	0.835406
117	84	0.936584
117	90	0.914304
117	94	0.877231
117	97	0.916864
117	102	0.90751
117	103	0.888339
117	106	0.875415
117	119	0.873555
117	120	0.867801
117	128	2.22444
117	155	0.843249
117	161	2.28907
117	164	1.724
117	172	2.48157
117	177	0.796596
117	178	0.79974
117	180	2.866
118	1	0.981446
118	29	0.599359
118	87	0.788783
118	89	0.898892
118	105	0.860443
118	109	0.898226
118	110	0.88613
118	112	0.884695
118	113	0.888747
118	114	0.889876
118	123	0.885543
118	129	0.900258
118	131	0.895144
118	136	0.928607
118	140	0.888071
118	142	0.904133
118	144	0.903507
118	146	3.44437
118	147	0.902943
118	149	0.894951
118	150	0.896582
118	154	1.10956
118	163	1.98923
118	168	0.82247
118	170	0.839529
118	173	2.31479
118	176	0.834199
118	179	3.62123
118	180	0.823358
119	4	0.959432
119	17	0.919361
119	40	0.898447
119	43	0.887498
119	58	0.82959
119	60	0.877627
119	65	0.863562
119	67	0.872562
119	71	0.856322
119	75	0.92549
119	79	0.84154
119	83	0.829966
119	84	0.931144
119	90	0.908864
119	94	0.87179
119	97	0.911424
119	102	0.90207
119	103	0.882899
119	106	0.869975
119	117	0.873555
119	120	0.862361
119	124	2.07437
119	153	1.61626
119	155	0.837809
119	158	2.00362
119	167	3.59537
119	171	2.43028
119	174	1.94757
119	177	0.791156
119	178	0.7943
120	3	0.976687
120	4	0.953678
120	17	0.913607
120	37	0.899913
120	40	0.892693
120	43	0.881744
120	60	0.871873
120	65	0.857808
120	67	0.866808
120	71	0.850568
120	79	0.835786
120	83	0.824212
120	84	0.92539
120	90	0.90311
120	94	0.866036
120	97	0.90567
120	102	0.896316
120	103	0.877145
120	106	0.864221
120	117	0.867801
120	119	0.862361
120	124	1.83928
120	152	0.897106
120	153	1.38117
120	155	0.832055
120	156	2.01598
120	167	3.36028
120	175	4.07735
120	177	0.785402
120	178	0.788546
121	78	0.982505
121	80	2.17681
121	99	0.829535
121	124	0.811458
121	126	0.892647
121	139	0.782075
121	141	0.781845
121	144	2.37208
121	145	0.823286
121	146	0.779853
121	148	0.832063
121	150	2.27079
121	151	0.827162
121	152	0.851425
121	153	0.858406
121	155	0.812781
121	156	0.809904
121	159	0.824717
121	161	0.798671
121	164	0.853316
121	167	0.768442
121	168	0.773613
121	169	0.788957
121	171	0.81102
121	172	0.791233
121	175	0.754504
121	176	0.785342
121	177	0.766128
121	178	0.769272
121	179	0.757044
121	180	0.774502
122	5	0.87021
122	36	0.923238
122	41	0.203023
122	86	0.920416
122	89	0.902354
122	105	0.863905
122	108	0.899331
122	109	0.901688
122	110	0.889592
122	112	0.888157
122	113	0.892209
122	114	0.893338
122	116	0.884328
122	123	0.889005
122	124	1.49115
122	129	0.90372
122	131	0.898606
122	132	1.88301
122	136	0.932069
122	140	0.891533
122	142	0.907595
122	144	0.906969
122	147	0.906405
122	149	0.898414
122	150	0.900044
122	162	2.84921
122	168	0.825932
122	170	0.842991
122	171	1.84706
122	176	0.837661
122	177	3.00777
122	179	3.27823
122	180	0.826821
123	30	0.8225
123	36	0.889546
123	50	0.880621
123	70	0.922264
123	82	2.37055
123	86	0.886724
123	87	0.758553
123	105	0.830213
123	108	0.865639
123	110	0.8559
123	113	0.858517
123	114	0.859646
123	116	0.850636
123	118	0.885543
123	122	0.889005
123	129	0.870028
123	131	0.864914
123	136	0.898377
123	140	0.857841
123	142	0.873903
123	144	0.873277
123	147	0.872713
123	148	1.47772
123	149	0.864722
123	150	0.866352
123	157	2.48911
123	163	2.27983
123	168	0.79224
123	170	0.809299
123	171	2.48066
123	172	2.52328
123	176	0.803969
123	180	0.793129
124	2	0.90885
124	11	0.907677
124	12	0.844664
124	13	0.790664
124	24	0.794819
124	25	1.8156
124	28	0.78054
124	34	0.866645
124	48	0.844847
124	53	0.775239
124	66	0.833485
124	69	0.892249
124	76	0.881965
124	78	0.875183
124	119	2.07437
124	120	1.83928
124	121	0.811458
124	122	1.49115
124	126	0.886046
124	134	0.825843
124	140	1.93704
124	153	0.851805
124	156	0.803303
124	163	0.817855
124	164	0.846715
124	165	0.822431
124	166	0.770975
124	167	0.761841
124	171	0.804419
124	172	0.784632
124	174	0.818811
124	175	0.747903
124	179	0.750443
125	15	3.12851
125	50	1.72195
125	64	0.823941
125	91	0.818012
125	107	0.945961
125	109	1.25819
125	111	2.15687
125	135	0.849514
125	136	0.890065
125	137	0.786645
125	139	0.807557
125	141	0.807327
125	145	0.848768
125	146	0.805335
125	152	0.876906
125	153	0.883888
125	156	0.835386
125	158	0.850307
125	159	0.850199
125	160	0.793612
125	161	0.824153
125	166	0.803057
125	169	0.814439
125	171	0.836501
125	172	0.816714
125	173	0.816608
125	174	0.850894
125	175	0.779985
125	176	0.810824
125	177	0.79161
125	178	0.794754
125	179	0.782526
125	180	0.799983
126	2	0.837038
126	5	0.987542
126	30	2.48321
126	105	1.18954
126	116	1.66097
126	121	0.892647
126	124	0.886046
126	131	0.948957
126	140	0.603184
126	143	0.927139
126	145	0.897874
126	146	0.854441
126	148	0.906651
126	152	0.926013
126	153	0.932995
126	154	0.916889
126	156	0.884493
126	157	0.872262
126	158	0.899413
126	159	0.899306
126	161	0.87326
126	162	0.840863
126	163	0.899044
126	165	0.90362
126	167	0.84303
126	169	0.863546
126	171	0.885608
126	172	0.865821
126	173	0.865715
126	174	0.900001
126	175	0.829092
126	176	0.85993
126	179	0.831632
126	180	0.84909
127	13	2.51176
127	27	0.756703
127	49	0.868913
127	66	1.14063
127	77	1.45166
127	83	1.66856
127	85	1.89214
127	112	1.83526
127	137	0.808217
127	138	0.907991
127	145	0.87034
127	148	0.879117
127	151	0.874215
127	152	0.898478
127	153	0.90546
127	154	0.889355
127	157	0.844727
127	160	0.815184
127	161	0.845725
127	162	0.813329
127	163	0.87151
127	165	0.876086
127	166	0.824629
127	167	0.815496
127	168	0.820667
127	169	0.836011
127	171	0.858074
127	172	0.838286
127	173	0.83818
127	174	0.872466
127	175	0.801557
127	176	0.832396
127	178	0.816326
127	179	0.804098
127	180	0.821555
128	11	2.06734
128	18	0.924525
128	39	0.698607
128	49	0.802835
128	74	0.90651
128	95	2.56658
128	96	3.04164
128	99	0.810511
128	117	2.22444
128	130	0.8045
128	133	0.805202
128	137	0.742139
128	138	0.841913
128	143	0.833526
128	153	0.839382
128	154	0.823277
128	156	0.79088
128	158	0.8058
128	159	0.805693
128	161	0.779647
128	162	0.747251
128	163	0.805432
128	164	0.834292
128	165	0.810007
128	166	0.758551
128	167	0.749417
128	169	0.769933
128	171	0.791995
128	172	0.772208
128	173	0.772102
128	174	0.806388
128	175	0.735479
128	179	0.73802
129	5	0.851233
129	25	0.932851
129	36	0.904261
129	50	0.895336
129	74	0.0311184
129	77	0.917362
129	89	0.883377
129	105	0.844928
129	107	0.724709
129	108	0.880354
129	109	0.882711
129	112	0.869179
129	113	0.873232
129	114	0.874361
129	116	0.865351
129	118	0.900258
129	122	0.90372
129	123	0.870028
129	131	0.879629
129	133	2.67063
129	135	2.17967
129	136	0.913092
129	140	0.872556
129	142	0.888617
129	144	0.887992
129	147	0.887427
129	149	0.879436
129	150	0.881067
129	156	2.47884
129	159	2.05537
129	168	0.806954
129	170	0.824014
129	176	0.818683
129	179	4.08922
129	180	0.807843
130	19	0.761746
130	40	0.872733
130	41	0.920683
130	61	2.72087
130	63	0.897038
130	68	0.933069
130	90	0.889301
130	128	0.8045
130	135	0.829498
130	137	0.766628
130	138	0.866403
130	139	0.78754
130	142	2.51906
130	143	0.858016
130	147	1.9566
130	148	0.837528
130	153	0.863872
130	158	0.83029
130	159	0.830183
130	161	0.804136
130	162	0.77174
130	163	0.829921
130	164	0.858782
130	165	0.834497
130	167	0.773907
130	168	0.779078
130	169	0.794423
130	171	0.816485
130	172	0.796698
130	173	0.796591
130	174	0.830877
130	175	0.759969
130	177	0.771593
130	179	0.762509
130	180	0.779967
131	7	0.945523
131	23	0.840331
131	30	0.832101
131	36	0.899148
131	58	1.98492
131	77	0.912249
131	81	1.0303
131	86	0.896325
131	89	0.878263
131	105	0.839814
131	108	0.87524
131	110	0.865501
131	112	0.864066
131	113	0.868118
131	114	0.869248
131	116	0.860238
131	118	0.895144
131	122	0.898606
131	123	0.864914
131	126	0.948957
131	129	0.879629
131	136	0.907978
131	140	0.867442
131	142	0.883504
131	144	0.882878
131	146	3.89303
131	147	0.882314
131	149	0.874323
131	150	0.875954
131	151	1.72137
131	153	1.8247
131	161	2.48884
131	168	0.801841
131	170	0.818901
131	176	0.81357
131	180	0.80273
132	19	0.788665
132	23	2.27778
132	32	0.920271
132	68	1.02811
132	89	0.88024
132	101	1.9594
132	104	0.817359
132	122	1.88301
132	135	0.856417
132	139	0.814459
132	140	2.3289
132	141	0.814229
132	143	0.884935
132	148	0.864447
132	151	0.859546
132	152	0.883809
132	153	0.890791
132	154	0.874685
132	156	0.842289
132	158	0.857209
132	159	0.857102
132	161	0.831056
132	165	0.861416
132	166	0.80996
132	167	0.800826
132	168	0.805997
132	169	0.821342
132	170	0.823057
132	171	0.843404
132	173	0.823511
132	174	0.857797
132	175	0.786888
132	176	0.817726
132	177	0.798512
132	178	0.801656
132	179	0.789428
132	180	0.806886
133	25	2.18409
133	35	0.914793
133	38	0.784021
133	66	2.40397
133	69	1.97044
133	80	1.87088
133	90	0.890004
133	128	0.805202
133	129	2.67063
133	135	0.8302
133	137	0.76733
133	141	0.788012
133	145	0.829454
133	146	0.786021
133	148	0.83823
133	151	0.833329
133	154	0.848469
133	156	0.816072
133	157	0.803841
133	158	0.830992
133	159	0.830885
133	160	0.774298
133	162	0.772442
133	163	0.830623
133	164	0.859484
133	166	0.783743
133	167	0.774609
133	169	0.795125
133	170	0.79684
133	171	0.817187
133	172	0.7974
133	173	0.797294
133	174	0.83158
133	175	0.760671
133	178	0.77544
133	179	0.763211
133	180	0.780669
134	2	0.929836
134	11	0.928664
134	13	0.81165
134	21	0.806098
134	24	0.815806
134	28	0.801526
134	34	0.887631
134	48	0.865833
