1	79	0.9888
1	84	0.974355
1	113	0.992762
1	115	0.995216
1	120	0.96761
1	121	1.0265
1	144	0.966906
1	166	3.15594
1	168	0.892443
1	172	0.887509
1	175	0.826631
1	180	0.898546
2	28	0.955902
2	46	1.80005
2	83	0.875653
2	91	0.93693
2	97	0.923436
2	100	0.911037
2	111	0.878079
2	122	0.87378
2	174	0.819131
2	177	0.781876
2	178	0.838636
2	179	0.826348
3	5	0.968929
3	56	1.00886
3	74	0.994377
3	79	0.983989
3	113	0.987951
3	115	0.990405
3	121	1.02169
3	136	1.22043
3	152	2.46488
3	168	0.887633
3	172	0.882698
3	180	0.893736
4	16	1.04658
4	20	1.05482
4	47	0.99434
4	64	0.970745
4	133	0.960775
4	134	0.979178
4	142	0.954403
4	144	0.942715
4	152	0.851775
4	162	0.888604
4	163	4.29658
4	170	2.34973
5	3	0.968929
5	56	1.00918
5	74	0.9947
5	87	0.969025
5	113	0.988274
5	115	0.990728
5	121	1.02201
5	146	1.916
5	147	1.62156
5	168	0.887956
5	172	0.883021
5	180	0.894059
6	66	1.00896
6	67	0.986154
6	68	0.98492
6	81	1.3525
6	85	0.982107
6	94	1.004
6	106	1.71887
6	112	0.972621
6	120	0.963032
6	168	0.887865
6	172	0.882931
6	175	0.933085
7	10	0.928771
7	14	0.95519
7	25	1.06916
7	29	1.02745
7	34	0.879931
7	41	0.959151
7	48	0.958367
7	105	0.991116
7	132	0.969122
7	136	1.97047
7	147	0.905219
7	175	1.7519
8	12	0.528322
8	75	1.08752
8	78	1.08814
8	94	1.11626
8	112	1.08488
8	120	1.0753
8	143	1.08572
8	168	1.00013
8	172	0.995194
8	174	2.04685
8	175	1.04535
8	178	1.57936
9	11	1.12844
9	15	1.03612
9	82	1.07445
9	83	1.05934
9	86	1.05523
9	91	1.12062
9	97	1.10712
9	148	1.07797
9	152	0.966727
9	154	0.835976
9	175	1.03983
9	176	2.84159
10	7	0.928771
10	14	0.977688
10	25	1.09166
10	29	1.04994
10	34	0.902428
10	41	0.981648
10	48	0.980864
10	132	0.991619
10	147	0.927716
10	157	1.81517
10	164	1.58969
11	9	1.12844
11	13	1.12065
11	45	1.07474
11	63	1.05324
11	83	1.02803
11	86	1.02392
11	91	1.08931
11	97	1.07581
11	116	0.513137
11	148	1.04666
11	170	1.53597
11	173	2.03381
12	8	0.528322
12	71	0.944197
12	83	1.39945
12	149	0.978795
12	157	1.00895
12	159	0.963828
12	166	0.923716
12	173	0.956477
12	176	0.945434
12	177	0.922073
12	178	0.978833
12	179	0.966544
13	11	1.12065
13	45	1.09825
13	63	1.07675
13	82	1.06666
13	83	1.05154
13	86	1.04743
13	91	1.11282
13	97	1.09933
13	125	2.33335
13	144	0.954801
13	151	1.07308
13	152	0.958933
14	7	0.95519
14	10	0.977688
14	25	1.11808
14	29	1.07636
14	34	0.928848
14	41	1.00807
14	48	1.00728
14	147	0.954135
14	157	1.12285
14	174	2.13428
15	9	1.03612
15	45	0.982417
15	63	0.960919
15	82	0.950824
15	83	0.935711
15	86	0.931599
15	91	0.996989
15	97	0.983494
15	119	0.905537
15	136	1.96129
15	148	0.954343
15	169	1.73021
16	4	1.04658
16	20	1.17155
16	47	1.11107
16	64	1.08748
16	114	1.60848
16	132	1.09764
16	134	1.09591
16	144	1.05945
16	152	0.968508
16	162	1.00534
16	163	4.70342
16	172	1.90775
17	31	1.02821
17	39	0.997733
17	46	1.00262
17	52	0.999772
17	53	0.978363
17	60	0.978084
17	92	2.13535
17	143	0.961029
17	147	0.924192
17	162	0.895792
17	171	2.11243
17	180	0.881543
18	21	1.04867
18	26	1.01248
18	69	1.04894
18	73	0.959763
18	80	0.938575
18	88	0.912692
18	96	0.903346
18	101	0.967109
18	125	2.26665
18	126	1.73102
18	143	0.942403
18	151	0.893263
19	34	1.01247
19	41	1.09169
19	42	1.0833
19	48	1.0909
19	88	1.04488
19	96	1.03553
19	101	1.0993
19	111	1.06756
19	129	1.02658
19	134	1.09993
19	154	0.752759
19	160	2.24127
20	4	1.05482
20	16	1.17155
20	47	1.11931
20	64	1.09572
20	119	1.03918
20	133	1.08575
20	144	1.06769
20	152	0.976746
20	162	1.01357
20	171	1.18131
20	172	2.36302
20	176	1.32946
21	18	1.04867
21	26	1.15418
21	37	1.02953
21	40	1.02832
21	72	1.09111
21	80	1.08028
21	88	1.05439
21	96	1.04505
21	101	1.10881
21	123	1.10835
21	137	1.09435
21	177	3.17499
22	50	0.59704
22	73	0.671617
22	146	0.983031
22	154	1.02366
22	155	1.0159
22	165	0.956995
22	167	0.938042
22	173	0.934081
22	174	0.93693
22	177	0.899676
22	178	0.956436
22	179	0.944147
23	33	0.899127
23	38	1.01784
23	44	0.985716
23	50	0.97354
23	55	0.958968
23	57	0.963393
23	100	0.975642
23	111	0.942684
23	134	0.97505
23	148	0.958889
23	162	1.4038
23	180	2.38044
24	51	1.00843
24	56	0.988107
24	74	0.973626
24	79	0.963238
24	84	0.948794
24	90	1.18575
24	113	0.967201
24	115	0.969654
24	121	1.00094
24	162	2.48753
24	168	0.866882
24	172	0.861947
24	180	0.872985
25	7	1.06916
25	10	1.09166
25	14	1.11808
25	29	1.19034
25	34	1.04282
25	41	1.12204
25	48	1.12126
25	147	1.06811
25	168	1.80768
25	169	0.968021
25	170	1.2132
26	18	1.01248
26	21	1.15418
26	37	0.993342
26	40	0.992134
26	69	1.15445
26	80	1.04409
26	88	1.0182
26	96	1.00886
26	141	0.837154
26	143	1.04791
26	151	0.998775
26	152	2.40279
26	158	1.22852
27	37	1.00647
27	40	1.00526
27	72	1.06805
27	73	1.0784
27	80	1.05721
27	88	1.03133
27	96	1.02198
27	101	1.08575
27	119	1.73685
27	133	1.15558
27	143	1.06104
27	151	1.0119
27	164	1.44129
28	2	0.955902
28	33	0.998045
28	42	1.05734
28	44	1.08463
28	50	1.07246
28	55	1.05789
28	57	1.06231
28	100	1.07456
28	111	1.0416
28	120	1.03821
28	144	1.06211
28	149	1.75358
28	179	1.63735
29	7	1.02745
29	10	1.04994
29	14	1.07636
29	25	1.19034
29	34	1.0011
29	41	1.08032
29	48	1.07954
29	76	1.55632
29	128	1.39219
29	132	1.09029
29	141	1.1798
29	147	1.02639
30	117	0.625844
30	124	0.647648
30	149	0.953704
30	156	0.98795
30	158	0.962384
30	159	0.938737
30	165	0.954301
30	166	0.898625
30	167	0.935348
30	173	0.931386
30	176	0.920343
30	178	0.953742
30	179	0.941453
31	17	1.02821
31	39	1.08172
31	46	1.0866
31	52	1.08376
31	53	1.06235
31	60	1.06207
31	138	1.07253
31	142	1.34347
31	147	1.00818
31	161	0.843365
31	162	0.979781
31	174	2.2078
31	180	0.965532
32	75	1.08405
32	98	0.872689
32	134	0.392992
32	154	1.01186
32	159	0.929631
32	164	0.967411
32	169	0.978721
32	170	0.964019
32	171	0.935632
32	174	0.92513
32	176	0.911237
32	178	0.944635
32	179	0.932347
33	23	0.899127
33	28	0.998045
33	38	0.995374
33	44	0.963254
33	50	0.951078
33	55	0.936506
33	57	0.94093
33	89	0.973371
33	111	0.920222
33	120	0.916829
33	137	1.723
33	148	0.936427
33	158	2.06377
34	7	0.879931
34	10	0.902428
34	14	0.928848
34	19	1.01247
34	25	1.04282
34	29	1.0011
34	41	0.932808
34	43	1.09318
34	48	0.932025
34	105	0.964773
34	132	0.942779
34	147	0.878876
34	168	2.57569
35	54	1.03845
35	102	1.05169
35	103	1.05441
35	104	1.03879
35	108	1.09308
35	117	1.01296
35	118	1.07989
35	124	1.04659
35	131	1.0364
35	141	1.12322
35	142	1.30086
35	145	2.10343
35	175	0.991204
36	52	0.0530959
36	74	0.322015
36	78	0.70895
36	146	1.07036
36	154	1.11099
36	155	1.10323
36	163	0.97845
36	166	0.988651
36	174	1.02426
36	175	1.04987
36	177	0.987007
36	178	1.04377
36	179	1.03148
37	21	1.02953
37	26	0.993342
37	27	1.00647
37	40	0.867484
37	69	1.0298
37	72	0.930273
37	73	0.940625
37	80	0.919436
37	81	1.21103
37	88	0.893554
37	96	0.884207
37	101	0.94797
37	154	2.14201
38	23	1.01784
38	33	0.995374
38	42	1.05467
38	50	1.06979
38	55	1.05522
38	77	0.63073
38	100	1.07189
38	111	1.03893
38	114	1.0041
38	120	1.03554
38	148	1.05514
38	169	1.84054
38	175	1.85305
39	17	0.997733
39	31	1.08172
39	46	1.05613
39	52	1.05328
39	53	1.03188
39	60	1.0316
39	123	1.71145
39	138	1.04205
39	143	1.01454
39	148	1.02372
39	162	0.949304
39	169	1.20304
39	179	1.86583
39	180	0.935056
40	21	1.02832
40	26	0.992134
40	27	1.00526
40	37	0.867484
40	72	0.929066
40	73	0.939418
40	88	0.892347
40	96	0.883
40	101	0.946763
40	140	1.81869
40	142	0.922619
40	143	0.922057
40	151	0.872918
40	153	2.03397
41	7	0.959151
41	10	0.981648
41	14	1.00807
41	19	1.09169
41	25	1.12204
41	29	1.08032
41	34	0.932808
41	48	1.01124
41	105	1.04399
41	107	0.979508
41	132	1.022
41	147	0.958096
41	155	1.19853
41	160	2.51148
42	19	1.0833
42	28	1.05734
42	38	1.05467
42	44	1.02255
42	50	1.01038
42	55	0.995805
42	57	1.00023
42	100	1.01248
42	111	0.97952
42	134	1.01189
42	146	1.38545
42	148	0.995726
42	155	1.00354
42	159	2.17441
43	34	1.09318
43	65	0.921746
43	115	1.13931
43	157	0.968193
43	160	0.944315
43	169	0.972161
43	170	0.957459
43	171	0.929072
43	173	0.91572
43	174	0.91857
43	176	0.904677
43	177	0.881315
43	178	0.938075
43	179	0.925787
44	23	0.985716
44	28	1.08463
44	33	0.963254
44	42	1.02255
44	50	1.03767
44	55	1.0231
44	100	1.03977
44	111	1.00681
44	114	0.971978
44	134	1.03918
44	147	1.31593
44	148	1.02302
44	155	1.22846
44	165	1.87039
45	11	1.07474
45	13	1.09825
45	15	0.982417
45	63	1.03084
45	82	1.02074
45	83	1.00563
45	86	1.00152
45	91	1.06691
45	97	1.05341
45	119	0.975457
45	142	1.09779
45	152	0.913021
45	162	1.45138
45	167	2.13656
46	2	1.80005
46	17	1.00262
46	31	1.0866
46	39	1.05613
46	52	1.05817
46	53	1.03676
46	60	1.03648
46	127	0.835734
46	143	1.01942
46	147	0.982588
46	148	1.0286
46	162	0.954187
46	178	1.3677
46	180	0.939938
47	4	0.99434
47	16	1.11107
47	20	1.11931
47	64	1.03524
47	99	0.807053
47	119	0.978706
47	132	1.0454
47	133	1.02527
47	139	1.68192
47	142	1.0189
47	144	1.00721
47	152	0.91627
47	162	0.953099
47	171	2.52721
48	7	0.958367
48	10	0.980864
48	14	1.00728
48	19	1.0909
48	25	1.12126
48	29	1.07954
48	34	0.932025
48	41	1.01124
48	90	0.710809
48	105	1.04321
48	114	1.65581
48	132	1.02122
48	147	0.957312
48	178	2.05584
49	58	1.06646
49	67	1.04156
49	68	1.04032
49	75	1.03066
49	76	1.64368
49	78	1.03128
49	85	1.03751
49	94	1.0594
49	112	1.02803
49	132	0.803899
49	168	0.94327
49	172	0.938335
49	173	2.10027
49	175	0.98849
50	22	0.59704
50	23	0.97354
50	28	1.07246
50	33	0.951078
50	38	1.06979
50	42	1.01038
50	44	1.03767
50	55	1.01092
50	58	1.03927
50	100	1.02759
50	111	0.994635
50	148	1.01084
50	162	1.82334
50	165	1.52609
51	24	1.00843
51	56	1.06943
51	79	1.04456
51	84	1.03012
51	87	1.02928
51	113	1.04853
51	115	1.05098
51	121	1.08226
51	151	1.32314
51	167	2.24361
51	168	0.948207
51	172	0.943272
51	175	1.12982
51	180	0.95431
52	17	0.999772
52	31	1.08376
52	36	0.0530959
52	39	1.05328
52	46	1.05817
52	53	1.03391
52	60	1.03363
52	138	1.04409
52	143	1.01658
52	147	0.979743
52	162	0.951343
52	168	2.3825
52	169	1.54284
52	180	0.937094
53	17	0.978363
53	31	1.06235
53	39	1.03188
53	46	1.03676
53	52	1.03391
53	60	1.01223
53	138	1.02268
53	143	0.995171
53	147	0.958334
53	148	1.00435
53	151	1.60174
53	155	0.897852
53	162	0.929934
53	168	2.23558
53	180	0.915685
54	35	1.03845
54	70	0.982699
54	102	1.00483
54	103	1.00756
54	104	0.99194
54	108	1.04622
54	117	0.966108
54	118	1.03303
54	119	1.22887
54	124	0.999733
54	130	1.04413
54	131	0.989547
54	157	1.15878
54	175	0.944349
54	180	2.63609
55	23	0.958968
55	28	1.05789
55	33	0.936506
55	38	1.05522
55	42	0.995805
55	44	1.0231
55	50	1.01092
55	57	1.00077
55	100	1.01302
55	111	0.980063
55	120	0.97667
55	148	0.996268
55	165	1.47348
55	175	1.34213
55	179	1.9924
56	3	1.00886
56	5	1.00918
56	24	0.988107
56	51	1.06943
56	74	1.03463
56	84	1.0098
56	87	1.00895
56	113	1.0282
56	121	1.06194
56	127	1.42187
56	147	1.20955
56	168	0.927885
56	172	0.92295
56	178	2.10452
56	180	0.933988
57	23	0.963393
57	28	1.06231
57	33	0.94093
57	42	1.00023
57	55	1.00077
57	58	1.02912
57	89	1.03764
57	100	1.01745
57	111	0.984487
57	114	0.949654
57	132	1.0316
57	134	1.01685
57	148	1.00069
57	175	1.59747
57	179	2.24775
58	49	1.06646
58	50	1.03927
58	57	1.02912
58	84	1.01176
58	111	1.00841
58	112	1.01461
58	114	0.973579
58	121	1.06391
58	127	0.989381
58	139	2.00849
58	149	1.96667
58	168	0.929853
58	172	0.924918
58	175	0.975073
58	180	0.935956
59	128	0.890064
59	130	2.27307
59	153	0.872745
59	158	0.886447
59	163	0.812486
59	166	0.822687
59	167	0.85941
59	171	0.8688
59	173	0.855448
59	174	0.858298
59	176	0.844405
59	177	0.821044
59	178	0.877804
59	179	0.865515
59	180	0.84479
60	17	0.978084
60	31	1.06207
60	39	1.0316
60	46	1.03648
60	52	1.03363
60	53	1.01223
60	95	1.07843
60	138	1.0224
60	143	0.994892
60	147	0.958055
60	148	1.00407
60	162	0.929655
60	164	1.46159
60	178	2.231
60	180	0.915406
61	70	0.984699
61	102	1.00683
61	103	1.00956
61	104	0.99394
61	108	1.04822
61	117	0.968108
61	118	1.03503
61	124	1.00173
61	130	1.04613
61	131	0.991548
61	138	1.01423
61	156	1.14436
61	171	2.2206
61	175	0.946349
61	176	2.36874
62	85	0.831342
62	107	0.901625
62	123	0.798985
62	124	0.837704
62	130	0.882105
62	131	0.827519
62	141	0.849239
62	160	0.782457
62	168	0.7371
62	172	0.732166
62	175	0.78232
62	176	0.742818
62	177	0.719457
62	179	0.763929
63	11	1.05324
63	13	1.07675
63	15	0.960919
63	45	1.03084
63	82	0.999246
63	83	0.984133
63	86	0.980021
63	91	1.04541
63	97	1.03192
63	119	0.953959
63	133	1.07152
63	148	1.00277
63	152	0.891523
63	166	3.25374
63	180	1.55603
64	4	0.970745
64	16	1.08748
64	20	1.09572
64	47	1.03524
64	90	1.50344
64	98	3.8
64	119	0.955111
64	132	1.02181
64	133	1.00167
64	134	1.02008
64	142	0.995303
64	144	0.983615
64	150	1.41471
64	152	0.892675
64	162	0.929504
65	43	0.921746
65	70	1.88392
65	114	0.873173
65	146	0.895159
65	152	0.812969
65	159	0.853559
65	160	0.874803
65	166	0.813447
65	171	0.85956
65	173	0.846208
65	174	0.849058
65	176	0.835165
65	177	0.811803
65	178	0.868563
65	179	0.856275
66	6	1.00896
66	67	1.02604
66	68	1.02481
66	75	1.01514
66	78	1.01577
66	85	1.022
66	94	1.04389
66	106	0.771085
66	112	1.01251
66	120	1.00292
66	159	2.22597
66	168	0.927755
66	172	0.922821
66	175	0.972975
66	178	2.03754
67	6	0.986154
67	49	1.04156
67	66	1.02604
67	68	1.002
67	75	0.992335
67	78	0.992962
67	81	0.636474
67	85	0.999191
67	94	1.02108
67	112	0.989704
67	120	0.980115
67	151	1.99605
67	168	0.904948
67	172	0.900014
67	173	2.53324
67	175	0.950168
68	6	0.98492
68	49	1.04032
68	66	1.02481
68	67	1.002
68	75	0.991101
68	78	0.991728
68	85	0.997956
68	94	1.01985
68	112	0.98847
68	119	1.63428
68	133	1.05301
68	143	0.989303
68	168	0.903714
68	172	0.89878
68	175	0.948934
68	179	2.28653
69	18	1.04894
69	26	1.15445
69	37	1.0298
69	72	1.09138
69	73	1.10173
69	80	1.08055
69	88	1.05466
69	92	1.46465
69	96	1.04532
69	98	0.965955
69	101	1.10908
69	140	1.27563
69	142	1.08493
69	151	1.03523
69	177	3.22804
69	180	1.19336
70	54	0.982699
70	61	0.984699
70	65	1.88392
70	102	0.995933
70	103	0.998657
70	104	0.98304
70	108	1.03732
70	117	0.957208
70	118	1.02413
70	124	0.990834
70	130	1.03523
70	131	0.980648
70	151	0.926679
70	161	1.18225
70	172	2.448
70	175	0.935449
71	12	0.944197
71	105	2.54266
71	125	0.840387
71	133	0.903663
71	152	0.794663
71	158	0.8589
71	160	0.856497
71	164	0.873033
71	165	0.850817
71	170	0.869641
71	171	0.841254
71	173	0.827902
71	174	0.830752
71	177	0.793497
71	178	0.850257
71	179	0.837969
72	21	1.09111
72	27	1.06805
72	37	0.930273
72	40	0.929066
72	69	1.09138
72	73	1.00221
72	80	0.981018
72	88	0.955136
72	96	0.945789
72	98	0.866427
72	101	1.00955
72	133	1.30846
72	142	0.985407
72	144	1.96674
72	151	0.935706
72	164	1.59417
73	18	0.959763
73	22	0.671617
73	27	1.0784
73	37	0.940625
73	40	0.939418
73	69	1.10173
73	72	1.00221
73	88	0.965487
73	95	0.788607
73	96	0.956141
73	98	0.876779
73	101	1.0199
73	142	0.995759
73	143	0.995198
73	151	0.946058
73	152	2.93233
74	3	0.994377
74	5	0.9947
74	24	0.973626
74	36	0.322015
74	56	1.03463
74	84	0.995316
74	87	0.994473
74	113	1.01372
74	115	1.01618
74	121	1.04746
74	128	1.93404
74	144	0.987867
74	158	2.11302
74	168	0.913404
74	172	0.908469
74	180	0.919507
75	8	1.08752
75	32	1.08405
75	49	1.03066
75	66	1.01514
75	67	0.992335
75	68	0.991101
75	78	0.98206
75	85	0.988288
75	94	1.01018
75	112	0.978802
75	132	1.27872
75	143	0.979635
75	165	1.97594
75	168	0.894046
75	172	0.889112
75	175	0.939266
76	29	1.55632
76	49	1.64368
76	126	0.932834
76	129	0.963872
76	140	0.941377
76	160	0.916279
76	161	0.970415
76	165	0.910599
76	167	0.891646
76	170	0.929424
76	171	0.901036
76	174	0.890534
76	176	0.876641
76	177	0.85328
76	178	0.91004
76	179	0.897751
77	38	0.63073
77	87	0.700082
77	120	0.852391
77	125	0.976464
77	136	1.00824
77	137	1.0443
77	155	1.0458
77	158	0.994977
77	167	0.967941
77	174	0.966829
77	175	0.992437
77	176	0.952935
77	177	0.929574
77	178	0.986334
77	179	0.974045
77	180	0.95332
78	8	1.08814
78	36	0.70895
78	49	1.03128
78	66	1.01577
78	67	0.992962
78	68	0.991728
78	75	0.98206
78	85	0.988915
78	94	1.0108
78	112	0.979429
78	120	0.96984
78	129	1.7989
78	155	1.70063
78	168	0.894673
78	172	0.889738
78	175	0.939893
79	1	0.9888
79	3	0.983989
79	24	0.963238
79	51	1.04456
79	84	0.984928
79	87	0.984085
79	113	1.00333
79	115	1.00579
79	121	1.03707
79	138	1.01611
79	144	0.977479
79	147	1.40135
79	153	1.95308
79	164	1.52691
79	172	0.898081
79	180	0.909119
80	18	0.938575
80	21	1.08028
80	26	1.04409
80	27	1.05721
80	37	0.919436
80	69	1.08055
80	72	0.981018
80	88	0.944299
80	96	0.934952
80	98	0.855591
80	101	0.998715
80	123	1.9802
80	140	1.39766
80	142	0.974571
80	143	0.97401
80	153	1.61293
81	6	1.3525
81	37	1.21103
81	67	0.636474
81	136	1.01495
81	150	0.97662
81	157	1.02316
81	163	0.927728
81	164	1.01582
81	166	0.937929
81	169	1.02713
81	170	1.01243
81	173	0.97069
81	176	0.959647
81	177	0.936285
81	178	0.993045
81	179	0.980757
82	9	1.07445
82	13	1.06666
82	15	0.950824
82	45	1.02074
82	63	0.999246
82	83	0.974038
82	86	0.969925
82	91	1.03532
82	97	1.02182
82	98	0.865075
82	119	0.943864
82	142	1.6877
82	148	0.99267
82	151	1.80599
82	152	0.881428
82	169	1.60016
83	2	0.875653
83	9	1.05934
83	11	1.02803
83	12	1.39945
83	13	1.05154
83	15	0.935711
83	45	1.00563
83	63	0.984133
83	82	0.974038
83	86	0.954813
83	91	1.0202
83	97	1.00671
83	98	0.849963
83	106	0.727882
83	148	0.977557
83	152	0.866315
83	158	2.26737
84	1	0.974355
84	24	0.948794
84	51	1.03012
84	56	1.0098
84	58	1.01176
84	74	0.995316
84	79	0.984928
84	87	0.969641
84	109	1.27968
84	113	0.98889
84	115	0.991344
84	121	1.02263
84	129	1.44885
84	168	0.888572
84	172	0.883637
84	178	2.33302
84	180	0.894675
85	6	0.982107
85	49	1.03751
85	62	0.831342
85	66	1.022
85	67	0.999191
85	68	0.997956
85	75	0.988288
85	78	0.988915
85	94	1.01703
85	112	0.985657
85	122	1.19447
85	137	1.3423
85	143	0.986491
85	168	0.900902
85	172	0.895967
85	175	0.946121
85	180	2.79957
86	9	1.05523
86	11	1.02392
86	13	1.04743
86	15	0.931599
86	45	1.00152
86	63	0.980021
86	82	0.969925
86	83	0.954813
86	91	1.01609
86	97	1.0026
86	98	0.84585
86	119	0.924639
86	148	0.973445
86	152	0.862203
86	153	2.00001
86	154	1.18525
86	175	1.87138
87	5	0.969025
87	51	1.02928
87	56	1.00895
87	74	0.994473
87	77	0.700082
87	79	0.984085
87	84	0.969641
87	113	0.988047
87	115	0.990501
87	121	1.02179
87	132	1.35653
87	138	1.00083
87	144	0.962191
87	168	0.887729
87	172	0.882794
87	179	2.57268
87	180	0.893832
88	18	0.912692
88	19	1.04488
88	21	1.05439
88	26	1.0182
88	27	1.03133
88	37	0.893554
88	40	0.892347
88	69	1.05466
88	72	0.955136
88	73	0.965487
88	80	0.944299
88	96	0.90907
88	101	0.972833
88	135	1.73268
88	143	0.948127
88	160	1.05607
88	172	3.08901
89	33	0.973371
89	57	1.03764
89	99	1.55822
89	100	1.04989
89	111	1.01693
89	112	1.02312
89	120	1.01354
89	124	1.03897
89	130	1.08337
89	131	1.02879
89	161	1.19968
89	165	1.75611
89	172	0.933434
89	175	0.983589
90	24	1.18575
90	48	0.710809
90	64	1.50344
90	161	1.04282
90	163	0.917126
90	164	1.00522
90	165	0.983003
90	166	0.927327
90	167	0.96405
90	168	0.943327
90	169	1.01653
90	171	0.97344
90	174	0.962938
90	176	0.949045
90	177	0.925683
90	178	0.982444
90	179	0.970155
91	2	0.93693
91	9	1.12062
91	11	1.08931
91	13	1.11282
91	15	0.996989
91	45	1.06691
91	63	1.04541
91	82	1.03532
91	83	1.0202
91	86	1.01609
91	97	1.06799
91	98	0.911241
91	148	1.03884
91	152	0.927593
91	154	0.919211
91	156	1.54414
91	161	1.18026
91	162	2.03395
92	17	2.13535
92	69	1.46465
92	114	0.898478
92	136	0.915773
92	146	0.920463
92	156	0.928077
92	159	0.878863
92	160	0.900108
92	161	0.954244
92	165	0.894428
92	167	0.875474
92	169	0.927953
92	170	0.913252
92	171	0.884864
92	176	0.860469
92	177	0.837108
92	178	0.893868
92	179	0.881579
93	108	2.5636
93	110	0.843888
93	116	0.925734
93	136	0.864116
93	149	0.842173
93	154	0.909435
93	158	0.850853
93	159	0.827206
93	162	0.823445
93	163	0.776893
93	164	0.864986
93	169	0.876296
93	170	0.861595
93	171	0.833207
93	173	0.819855
93	177	0.785451
93	178	0.842211
93	179	0.829922
94	6	1.004
94	8	1.11626
94	49	1.0594
94	66	1.04389
94	67	1.02108
94	68	1.01985
94	75	1.01018
94	78	1.0108
94	85	1.01703
94	95	0.761328
94	105	1.05744
94	112	1.00755
94	143	1.00838
94	168	0.922791
94	169	1.42952
94	170	1.67469
94	172	0.917856
94	174	2.38139
94	175	0.968011
95	60	1.07843
95	73	0.788607
95	94	0.761328
95	123	1.03471
95	137	1.06991
95	138	0.550794
95	153	1.00689
95	157	1.04206
95	158	1.02059
95	164	1.03472
95	165	1.01251
95	170	1.03133
95	171	1.00294
95	173	0.989591
95	174	0.992441
95	176	0.978548
95	177	0.955186
95	178	1.01195
95	179	0.999658
96	18	0.903346
96	19	1.03553
96	21	1.04505
96	26	1.00886
96	27	1.02198
96	37	0.884207
96	40	0.883
96	69	1.04532
96	72	0.945789
96	73	0.956141
96	80	0.934952
96	88	0.90907
96	98	0.820362
96	101	0.963487
96	127	1.55301
96	141	1.66117
96	143	0.938781
96	151	0.889641
96	159	2.42409
97	2	0.923436
97	9	1.10712
97	11	1.07581
97	13	1.09933
97	15	0.983494
97	45	1.05341
97	63	1.03192
97	82	1.02182
97	83	1.00671
97	86	1.0026
97	91	1.06799
97	98	0.897746
97	119	0.976534
97	144	1.44645
97	148	1.02534
97	152	0.914098
97	156	1.31021
97	164	1.07387
97	168	2.19856
98	32	0.872689
98	64	3.8
98	69	0.965955
98	72	0.866427
98	73	0.876779
98	80	0.855591
98	82	0.865075
98	83	0.849963
98	86	0.84585
98	91	0.911241
98	96	0.820362
98	97	0.897746
98	142	0.85998
98	166	0.75783
98	174	0.793441
98	176	0.779548
98	177	0.756187
98	178	0.812947
98	179	0.800658
99	47	0.807053
99	89	1.55822
99	136	0.962902
99	143	0.731404
99	145	0.929073
99	146	0.967593
99	153	0.935938
99	154	1.00822
99	158	0.94964
99	159	0.925993
99	160	0.947237
99	161	1.00137
99	165	0.941557
99	167	0.922604
99	170	0.960381
99	171	0.931994
99	173	0.918642
99	178	0.940997
99	179	0.928709
100	2	0.911037
100	23	0.975642
100	28	1.07456
100	38	1.07189
100	42	1.01248
100	44	1.03977
100	50	1.02759
100	55	1.01302
100	57	1.01745
100	89	1.04989
100	111	0.996737
100	114	0.961904
100	120	0.993344
100	134	1.0291
100	146	0.864445
100	148	1.01294
100	173	1.72361
100	175	0.99311
100	176	2.79487
101	18	0.967109
101	19	1.0993
101	21	1.10881
101	27	1.08575
101	37	0.94797
101	40	0.946763
101	69	1.10908
101	72	1.00955
101	73	1.0199
101	80	0.998715
101	88	0.972833
101	96	0.963487
101	109	1.21266
101	142	1.0031
101	143	1.00254
101	151	0.953404
101	156	1.73294
101	157	1.72207
101	161	1.36906
102	35	1.05169
102	54	1.00483
102	61	1.00683
102	70	0.995933
102	103	1.02079
102	104	1.00517
102	106	0.782161
102	108	1.05946
102	116	1.24273
102	117	0.979341
102	118	1.04626
102	124	1.01297
102	130	1.05737
102	131	1.00278
102	133	1.00488
102	134	1.02329
102	155	1.52232
102	170	2.26556
102	175	0.957583
103	35	1.05441
103	54	1.00756
103	61	1.00956
103	70	0.998657
103	102	1.02079
103	104	1.0079
103	108	1.06218
103	117	0.982066
103	118	1.04899
103	124	1.01569
103	130	1.06009
103	131	1.00551
103	138	1.02818
103	146	1.68135
103	151	0.951536
103	154	1.12388
103	157	1.73795
103	164	1.51247
103	175	0.960307
104	35	1.03879
104	54	0.99194
104	61	0.99394
104	70	0.98304
104	102	1.00517
104	103	1.0079
104	105	1.03412
104	108	1.04657
104	117	0.966449
104	118	1.03337
104	124	1.00007
104	126	2.19938
104	130	1.04447
104	131	0.989889
104	133	0.991993
104	146	1.15276
104	151	0.93592
104	169	1.26892
104	173	2.01193
104	175	0.94469
105	7	0.991116
105	34	0.964773
105	41	1.04399
105	48	1.04321
105	71	2.54266
105	94	1.05744
105	104	1.03412
105	110	1.50099
105	112	1.02606
105	117	1.00829
105	124	1.04191
105	130	1.08631
105	131	1.03173
105	137	0.738839
105	147	0.990061
105	168	0.941309
105	172	0.936374
105	175	0.986529
105	178	0.788275
106	6	1.71887
106	66	0.771085
106	83	0.727882
106	102	0.782161
106	136	1.02179
106	140	1.03122
106	145	0.987958
106	146	1.02648
106	159	0.984878
106	160	1.00612
106	161	1.06026
106	165	1.00044
106	169	1.03397
106	173	0.977528
106	174	0.980377
106	176	0.966484
106	177	0.943123
106	178	0.999883
106	179	0.987594
106	180	0.966869
107	41	0.979508
107	62	0.901625
107	121	0.51768
107	128	1.02256
107	138	0.501899
107	147	1.01994
107	148	0.62966
107	150	0.993876
107	153	1.00524
107	160	1.01654
107	164	1.03308
107	167	0.991908
107	169	1.04439
107	170	1.02969
107	173	0.987946
107	174	0.990796
107	176	0.976903
107	177	0.953542
107	178	1.0103
107	179	0.998013
108	35	1.09308
108	54	1.04622
108	61	1.04822
108	70	1.03732
108	93	2.5636
108	102	1.05946
108	103	1.06218
108	104	1.04657
108	117	1.02073
108	118	1.08766
108	124	1.05436
108	126	0.869594
108	130	1.09876
108	131	1.04417
108	133	1.04628
108	134	1.06468
108	151	0.990204
108	154	1.04091
108	158	0.727313
108	172	2.59222
108	175	0.998974
109	84	1.27968
109	101	1.21266
109	117	0.311951
109	130	0.0477809
109	145	0.981347
109	146	1.01987
109	155	1.05273
109	156	1.02748
109	163	0.927954
109	165	0.993831
109	166	0.938155
109	167	0.974878
109	169	1.02736
109	170	1.01266
109	173	0.970916
109	174	0.973766
109	175	0.999374
109	176	0.959873
109	177	0.936511
109	178	0.993271
109	179	0.980983
110	93	0.843888
110	105	1.50099
110	117	2.07801
110	149	0.886533
110	155	0.946033
110	157	0.916689
110	161	0.946947
110	163	0.821254
110	164	0.909347
110	165	0.887131
110	167	0.868178
110	169	0.920656
110	171	0.877567
110	172	0.84252
110	173	0.864216
110	174	0.867066
110	175	0.892674
110	176	0.853172
110	178	0.886571
110	179	0.874283
110	180	0.853557
111	2	0.878079
111	19	1.06756
111	23	0.942684
111	28	1.0416
111	33	0.920222
111	38	1.03893
111	42	0.97952
111	44	1.00681
111	50	0.994635
111	55	0.980063
111	57	0.984487
111	58	1.00841
111	89	1.01693
111	100	0.996737
111	116	0.876462
111	120	0.960386
111	134	0.996145
111	148	0.979984
111	161	1.24155
111	165	1.79798
111	173	2.39713
112	6	0.972621
112	8	1.08488
112	49	1.02803
112	58	1.01461
112	66	1.01251
112	67	0.989704
112	68	0.98847
112	75	0.978802
112	78	0.979429
112	85	0.985657
112	89	1.02312
112	94	1.00755
112	105	1.02606
112	143	0.977004
112	145	1.46607
112	150	2.72927
112	160	1.39086
112	168	0.891415
112	172	0.886481
112	174	1.52784
112	175	0.936635
113	1	0.992762
113	3	0.987951
113	5	0.988274
113	24	0.967201
113	51	1.04853
113	56	1.0282
113	74	1.01372
113	79	1.00333
113	84	0.98889
113	87	0.988047
113	114	0.935708
113	115	1.00975
113	121	1.04104
113	138	1.02008
113	144	0.981441
113	168	0.906978
113	172	0.902043
113	174	1.80323
113	176	2.66563
113	178	1.33574
113	180	0.913081
114	16	1.60848
114	38	1.0041
114	44	0.971978
114	48	1.65581
114	57	0.949654
114	58	0.973579
114	65	0.873173
114	92	0.898478
114	100	0.961904
114	113	0.935708
114	118	0.984288
114	124	0.95099
114	130	0.995391
114	131	0.940805
114	134	0.961312
114	167	0.871109
114	169	0.923588
114	174	0.869997
114	175	0.895606
114	178	0.889503
114	179	0.877214
115	1	0.995216
115	3	0.990405
115	5	0.990728
115	24	0.969654
115	43	1.13931
115	51	1.05098
115	74	1.01618
115	79	1.00579
115	84	0.991344
115	87	0.990501
115	113	1.00975
115	120	0.984599
115	121	1.04349
115	133	1.21142
115	138	1.02253
115	140	1.70803
115	144	0.983895
115	168	0.909432
115	172	0.904497
115	175	1.79467
115	180	0.915535
116	11	0.513137
116	93	0.925734
116	102	1.24273
116	111	0.876462
116	120	1.28455
116	123	0.991184
116	126	0.99121
116	127	1.03795
116	132	1.04195
116	149	0.968379
116	154	1.03564
116	156	1.00263
116	164	0.991192
116	166	0.9133
116	167	0.950023
116	169	1.0025
116	170	0.9878
116	173	0.946061
116	174	0.948911
116	176	0.935018
116	178	0.968416
116	179	0.956128
117	30	0.625844
117	35	1.01296
117	54	0.966108
117	61	0.968108
117	70	0.957208
117	102	0.979341
117	103	0.982066
117	104	0.966449
117	105	1.00829
117	108	1.02073
117	109	0.311951
117	110	2.07801
117	118	1.00754
117	124	0.974242
117	130	1.01864
117	131	0.964057
117	133	0.966161
117	134	0.984564
117	138	0.986735
117	151	0.910088
117	167	2.00722
117	175	0.918858
118	35	1.07989
118	54	1.03303
118	61	1.03503
118	70	1.02413
118	102	1.04626
118	103	1.04899
118	104	1.03337
118	108	1.08766
118	114	0.984288
118	117	1.00754
118	124	1.04117
118	129	0.925662
118	130	1.08557
118	131	1.03098
118	132	0.72925
118	133	1.03308
118	135	2.16637
118	138	1.05366
118	151	0.97701
118	166	3.79032
118	170	0.920035
118	175	0.985781
119	15	0.905537
119	20	1.03918
119	27	1.73685
119	45	0.975457
119	47	0.978706
119	54	1.22887
119	63	0.953959
119	64	0.955111
119	68	1.63428
119	82	0.943864
119	86	0.924639
119	97	0.976534
119	133	0.94514
119	142	0.938768
119	150	0.87531
119	152	0.836141
119	162	0.87297
119	166	0.836619
119	167	0.873341
119	169	0.92582
119	171	0.882731
119	174	0.872229
119	176	0.858336
120	1	0.96761
120	6	0.963032
120	8	1.0753
120	28	1.03821
120	33	0.916829
120	38	1.03554
120	55	0.97667
120	66	1.00292
120	67	0.980115
120	77	0.852391
120	78	0.96984
120	89	1.01354
120	100	0.993344
120	111	0.960386
120	115	0.984599
120	116	1.28455
120	121	1.01588
120	147	1.65161
120	161	1.64964
120	172	0.876892
120	175	0.927046
120	180	0.887929
121	1	1.0265
121	3	1.02169
121	5	1.02201
121	24	1.00094
121	51	1.08226
121	56	1.06194
121	58	1.06391
121	74	1.04746
121	79	1.03707
121	84	1.02263
121	87	1.02179
121	107	0.51768
121	113	1.04104
121	115	1.04349
121	120	1.01588
121	138	1.05381
121	142	0.77018
121	168	0.940717
121	172	0.935782
121	177	4.13509
121	178	1.16702
121	179	1.34543
121	180	0.94682
122	2	0.87378
122	85	1.19447
122	127	0.989572
122	135	0.920368
122	136	0.941942
122	137	0.978001
122	138	1.03164
122	139	0.921578
122	140	0.951375
122	148	1.1594
122	150	0.903612
122	153	0.914978
122	159	0.905033
122	160	0.926277
122	161	0.980413
122	166	0.864921
122	167	0.901644
122	170	0.939421
122	173	0.897682
122	174	0.900532
122	177	0.863277
122	178	0.920037
122	179	0.907749
123	21	1.10835
123	39	1.71145
123	62	0.798985
123	80	1.9802
123	95	1.03471
123	116	0.991184
123	128	0.919922
123	136	0.929566
123	140	0.938999
123	141	0.980683
123	157	0.937779
123	158	0.916304
123	159	0.892657
123	164	0.930437
123	165	0.908221
123	166	0.852545
123	169	0.941746
123	171	0.898657
123	173	0.885306
123	174	0.888156
123	176	0.874262
123	177	0.850901
123	178	0.907661
123	179	0.895373
124	30	0.647648
124	35	1.04659
124	54	0.999733
124	61	1.00173
124	62	0.837704
124	70	0.990834
124	89	1.03897
124	102	1.01297
124	103	1.01569
124	104	1.00007
124	105	1.04191
124	108	1.05436
124	114	0.95099
124	117	0.974242
124	118	1.04117
124	130	1.05227
124	131	0.997682
124	134	1.01819
124	138	1.02036
124	149	1.68174
124	150	3.05603
124	151	0.943713
124	157	0.843171
124	159	1.57553
124	175	0.952484
125	13	2.33335
125	18	2.26665
125	71	0.840387
125	77	0.976464
125	141	0.948044
125	145	0.863098
125	147	0.884658
125	150	0.858598
125	155	0.934485
125	158	0.883666
125	160	0.881263
125	162	0.856258
125	163	0.809706
125	165	0.875583
125	167	0.85663
125	170	0.894407
125	171	0.866019
125	173	0.852668
125	175	0.881126
125	176	0.841624
125	177	0.818263
125	178	0.875023
125	179	0.862735
126	18	1.73102
126	76	0.932834
126	104	2.19938
126	108	0.869594
126	116	0.99121
126	136	0.929592
126	139	0.909228
126	145	0.895763
126	154	0.974911
126	156	0.941896
126	157	0.937805
126	160	0.913927
126	161	0.968063
126	163	0.84237
126	166	0.852571
126	168	0.868571
126	169	0.941772
126	170	0.927071
126	171	0.898684
126	175	0.91379
126	176	0.874289
126	177	0.850927
126	178	0.907687
126	179	0.895399
127	46	0.835734
127	56	1.42187
127	58	0.989381
127	96	1.55301
127	116	1.03795
127	122	0.989572
127	140	0.985766
127	153	0.949369
127	155	1.01389
127	156	0.988637
127	157	0.984545
127	163	0.88911
127	164	0.977204
127	166	0.899312
127	169	0.988513
127	170	0.973812
127	171	0.945424
127	173	0.932073
127	174	0.934922
127	175	0.960531
127	176	0.921029
127	177	0.897668
127	178	0.954428
127	179	0.942139
128	29	1.39219
128	59	0.890064
128	74	1.93404
128	107	1.02256
128	123	0.919922
128	129	0.950986
128	134	1.26331
128	140	0.928492
128	155	0.956616
128	158	0.905797
128	159	0.882149
128	160	0.903394
128	161	0.95753
128	163	0.831837
128	164	0.91993
128	165	0.897714
128	166	0.842038
128	167	0.878761
128	168	0.858037
128	169	0.931239
128	170	0.916538
128	174	0.877649
128	176	0.863755
128	177	0.840394
128	178	0.897154
128	179	0.884865
129	19	1.02658
129	76	0.963872
129	78	1.7989
129	84	1.44885
129	118	0.925662
129	128	0.950986
129	137	0.99669
129	142	0.985759
129	149	0.938688
129	154	1.00595
129	155	0.998188
129	156	0.972935
129	158	0.947369
129	161	0.999101
129	163	0.873408
129	165	0.939285
129	166	0.883609
129	167	0.920332
129	169	0.972811
129	171	0.929722
129	173	0.91637
129	174	0.91922
129	176	0.905327
129	177	0.881966
129	178	0.938726
129	179	0.926437
130	54	1.04413
130	59	2.27307
130	61	1.04613
130	62	0.882105
130	70	1.03523
130	89	1.08337
130	102	1.05737
130	103	1.06009
130	104	1.04447
130	105	1.08631
130	108	1.09876
130	109	0.0477809
130	114	0.995391
130	117	1.01864
130	118	1.08557
130	124	1.05227
130	131	1.04208
130	133	1.04419
130	134	1.06259
130	136	0.847823
130	138	1.06476
130	151	0.988113
130	169	0.616749
130	171	2.28288
130	175	0.996884
130	180	2.03451
131	35	1.0364
131	54	0.989547
131	61	0.991548
131	62	0.827519
131	70	0.980648
131	89	1.02879
131	102	1.00278
131	103	1.00551
131	104	0.989889
131	105	1.03173
131	108	1.04417
131	114	0.940805
131	117	0.964057
131	118	1.03098
131	124	0.997682
131	130	1.04208
131	133	0.9896
131	134	1.008
131	135	1.90095
131	138	1.01018
131	144	1.16989
131	151	0.933527
131	170	0.654617
131	171	2.07557
131	175	0.942298
131	177	3.86188
132	7	0.969122
132	10	0.991619
132	16	1.09764
132	29	1.09029
132	34	0.942779
132	41	1.022
132	47	1.0454
132	48	1.02122
132	49	0.803899
132	57	1.0316
132	64	1.02181
132	75	1.27872
132	87	1.35653
132	116	1.04195
132	118	0.72925
132	134	1.03024
132	142	1.00547
132	147	0.968067
132	149	0.958394
132	152	0.902837
132	158	0.967075
132	162	0.939666
132	165	0.958991
132	171	0.949428
132	177	0.901672
132	179	0.946143
133	4	0.960775
133	20	1.08575
133	27	1.15558
133	47	1.02527
133	63	1.07152
133	64	1.00167
133	68	1.05301
133	71	0.903663
133	72	1.30846
133	102	1.00488
133	104	0.991993
133	108	1.04628
133	115	1.21142
133	117	0.966161
133	118	1.03308
133	119	0.94514
133	130	1.04419
133	131	0.9896
133	152	0.882704
133	157	0.968416
133	161	0.998674
133	162	0.919533
133	163	0.872981
133	166	0.883182
133	173	0.915943
133	174	0.918793
133	175	0.944402
133	178	0.938299
133	179	0.92601
134	4	0.979178
134	16	1.09591
134	19	1.09993
134	23	0.97505
134	32	0.392992
134	42	1.01189
134	44	1.03918
134	57	1.01685
134	64	1.02008
134	100	1.0291
134	102	1.02329
134	108	1.06468
134	111	0.996145
134	114	0.961312
134	117	0.984564
134	124	1.01819
134	128	1.26331
134	130	1.06259
134	131	1.008
134	132	1.03024
134	137	1.10151
134	142	1.00374
134	151	0.954035
134	152	0.901108
134	162	0.937937
134	167	2.26732
134	170	1.3862
134	175	0.962805
134	179	1.80381
135	88	1.73268
135	118	2.16637
135	122	0.920368
135	131	1.90095
135	136	0.907129
135	137	0.943188
135	140	0.916562
135	141	0.958246
135	145	0.8733
135	150	0.868799
135	151	0.882557
135	152	0.82963
135	153	0.880165
135	154	0.952449
135	155	0.944687
135	156	0.919433
135	157	0.915342
135	159	0.87022
135	160	0.891464
135	164	0.908
135	166	0.830108
135	167	0.866831
135	169	0.91931
135	171	0.876221
135	176	0.851826
135	177	0.828465
135	178	0.885225
135	179	0.872936
135	180	0.852211
136	3	1.22043
136	7	1.97047
136	15	1.96129
136	77	1.00824
136	81	1.01495
136	92	0.915773
136	93	0.864116
136	99	0.962902
136	106	1.02179
136	122	0.941942
136	123	0.929566
136	126	0.929592
136	130	0.847823
136	135	0.907129
136	150	0.890373
136	154	0.974022
136	156	0.941007
136	158	0.915441
136	161	0.967174
136	165	0.907358
136	167	0.888405
136	168	0.867681
136	170	0.926182
136	171	0.897795
136	173	0.884443
136	174	0.887293
136	176	0.8734
136	177	0.850038
136	178	0.906798
136	179	0.89451
137	21	1.09435
137	33	1.723
137	77	1.0443
137	85	1.3423
137	95	1.06991
137	105	0.738839
137	122	0.978001
137	129	0.99669
137	134	1.10151
137	135	0.943188
137	141	1.01588
137	146	0.969453
137	149	0.94282
137	154	1.01008
137	155	1.00232
137	156	0.977066
137	157	0.972975
137	163	0.87754
137	164	0.965633
137	165	0.943417
137	166	0.887741
137	169	0.976942
137	170	0.962241
137	171	0.933854
137	174	0.923352
137	176	0.909458
137	177	0.886097
137	178	0.942857
137	179	0.930569
137	180	0.909843
138	31	1.07253
138	39	1.04205
138	52	1.04409
138	53	1.02268
138	60	1.0224
138	61	1.01423
138	79	1.01611
138	87	1.00083
138	95	0.550794
138	103	1.02818
138	107	0.501899
138	113	1.02008
138	115	1.02253
138	117	0.986735
138	118	1.05366
138	121	1.05381
138	122	1.03164
138	124	1.02036
138	130	1.06476
138	131	1.01018
138	148	1.01452
138	149	1.998
138	156	1.1703
138	162	0.940108
138	167	2.34529
138	168	0.919757
138	172	0.914822
138	175	0.964976
138	180	0.92586
139	47	1.68192
139	58	2.00849
139	122	0.921578
139	126	0.909228
139	140	0.917772
139	143	1.60627
139	145	0.874509
139	149	0.886396
139	150	0.870009
139	155	0.945896
139	156	0.920643
139	157	0.916551
139	158	0.895077
139	159	0.871429
139	160	0.892674
139	161	0.946809
139	162	0.867669
139	164	0.90921
139	166	0.831317
139	169	0.920519
139	170	0.905818
139	171	0.87743
139	172	0.842382
139	173	0.864079
139	174	0.866928
139	176	0.853035
139	177	0.829674
139	178	0.886434
139	179	0.874145
139	180	0.85342
140	40	1.81869
140	69	1.27563
140	76	0.941377
140	80	1.39766
140	106	1.03122
140	115	1.70803
140	122	0.951375
140	123	0.938999
140	127	0.985766
140	128	0.928492
140	135	0.916562
140	139	0.917772
140	145	0.904306
140	152	0.860637
140	159	0.901227
140	160	0.922471
140	161	0.976607
140	163	0.850914
140	164	0.939007
140	165	0.916791
140	166	0.861115
140	168	0.877114
140	169	0.950316
140	170	0.935615
140	171	0.907227
140	172	0.87218
140	174	0.896726
140	176	0.882832
140	177	0.859471
140	178	0.916231
140	179	0.903943
141	26	0.837154
141	29	1.1798
141	35	1.12322
141	62	0.849239
141	96	1.66117
141	123	0.980683
141	125	0.948044
141	135	0.958246
141	137	1.01588
141	143	0.695329
141	146	0.98451
141	149	0.957877
141	152	0.90232
141	153	0.952856
141	156	0.992124
141	159	0.94291
141	160	0.964155
141	161	1.01829
141	164	0.980691
141	165	0.958474
141	166	0.902798
141	169	0.992
141	170	0.977299
141	171	0.948911
141	173	0.935559
141	174	0.938409
141	176	0.924516
141	177	0.901155
141	178	0.957915
141	179	0.945626
141	180	0.924901
142	4	0.954403
142	31	1.34347
142	35	1.30086
142	40	0.922619
142	45	1.09779
142	47	1.0189
142	64	0.995303
142	69	1.08493
142	72	0.985407
142	73	0.995759
142	80	0.974571
142	82	1.6877
142	98	0.85998
142	101	1.0031
142	119	0.938768
142	121	0.77018
142	129	0.985759
142	132	1.00547
142	134	1.00374
142	144	0.967273
142	151	0.929259
142	160	0.938167
142	162	0.913162
142	166	0.87681
142	169	0.966012
142	173	0.909572
142	174	0.912421
142	176	0.898528
142	177	0.875167
142	178	0.931927
142	179	0.919638
143	8	1.08572
143	17	0.961029
143	18	0.942403
143	26	1.04791
143	27	1.06104
143	39	1.01454
143	40	0.922057
143	46	1.01942
143	52	1.01658
143	53	0.995171
143	60	0.994892
143	68	0.989303
143	73	0.995198
143	75	0.979635
143	80	0.97401
143	85	0.986491
143	88	0.948127
143	94	1.00838
143	96	0.938781
143	99	0.731404
143	101	1.00254
143	112	0.977004
143	139	1.60627
143	141	0.695329
143	148	0.987013
143	160	1.60032
143	162	0.9126
143	168	0.892249
143	172	0.887314
143	175	0.937469
143	176	2.59971
143	179	1.44822
143	180	0.898352
144	1	0.966906
144	4	0.942715
144	13	0.954801
144	16	1.05945
144	20	1.06769
144	28	1.06211
144	47	1.00721
144	64	0.983615
144	72	1.96674
144	74	0.987867
144	79	0.977479
144	87	0.962191
144	97	1.44645
144	113	0.981441
144	115	0.983895
144	131	1.16989
144	142	0.967273
144	152	0.864645
144	153	0.91518
144	155	0.979701
144	159	0.905235
144	162	0.901474
144	164	0.943015
144	168	0.881122
144	170	0.939623
144	172	0.876188
144	173	0.897884
144	174	0.900734
144	176	0.88684
144	177	0.863479
144	178	0.920239
144	179	0.907951
144	180	0.887225
145	35	2.10343
145	99	0.929073
145	106	0.987958
145	109	0.981347
145	112	1.46607
145	125	0.863098
145	126	0.895763
145	135	0.8733
145	139	0.874509
145	140	0.904306
145	148	2.23685
145	149	0.872931
145	150	0.856543
145	155	0.932431
145	156	0.907177
145	160	0.879208
145	161	0.933344
145	163	0.807651
145	164	0.895744
145	165	0.873528
145	166	0.817852
145	167	0.854575
145	169	0.907054
145	170	0.892353
145	171	0.863965
145	172	0.828917
145	173	0.850613
145	175	0.879071
145	176	0.83957
145	177	0.816209
145	178	0.872969
145	179	0.86068
146	5	1.916
146	22	0.983031
146	36	1.07036
146	42	1.38545
146	65	0.895159
146	92	0.920463
146	99	0.967593
146	100	0.864445
146	103	1.68135
146	104	1.15276
146	106	1.02648
146	109	1.01987
146	137	0.969453
146	141	0.98451
146	153	0.90643
146	154	0.978713
146	155	0.970951
146	157	0.941606
146	158	0.920132
146	159	0.896484
146	160	0.917729
146	161	0.971864
146	163	0.846171
146	164	0.934265
146	165	0.912048
146	167	0.893095
146	170	0.930873
146	171	0.902485
146	172	0.867437
146	173	0.889133
146	174	0.891983
146	176	0.87809
146	177	0.854729
