1	53	0.953221
1	86	0.915644
1	96	1.07442
1	100	0.885599
1	157	1.03797
1	165	1.04551
1	168	1.05091
1	170	1.03952
1	171	1.05701
1	173	1.05965
1	178	1.03501
1	179	0.839912
2	28	0.730668
2	41	0.872505
2	106	1.177
2	107	1.14578
2	115	1.16013
2	122	1.20388
2	169	0.658497
2	174	0.675592
2	176	0.670408
2	177	1.20574
2	179	1.25242
2	180	1.25505
3	15	0.768727
3	88	0.712537
3	117	1.1795
3	120	1.25844
3	125	1.17325
3	135	1.19283
3	141	0.691375
3	146	1.19251
3	151	0.703876
3	155	1.20283
3	158	1.20064
3	175	0.730711
4	51	1.14978
4	96	0.702219
4	102	1.16322
4	109	1.17632
4	119	1.19239
4	121	1.21022
4	151	0.706872
4	162	1.25518
4	163	0.751101
4	174	0.713604
4	175	0.733707
4	177	1.25288
5	109	1.15
5	119	1.16606
5	121	1.18389
5	124	0.757282
5	136	0.76275
5	148	1.22754
5	159	0.707773
5	160	1.2171
5	162	1.22885
5	169	0.714872
5	177	1.22656
5	180	0.661994
6	74	1.19973
6	86	1.21453
6	102	1.16136
6	109	1.17446
6	112	0.774048
6	119	1.19053
6	121	1.20836
6	156	0.713286
6	164	0.73342
6	167	0.73944
6	177	1.25102
6	180	0.647344
7	8	1.0533
7	30	1.01355
7	33	1.10948
7	36	1.09841
7	47	1.02879
7	73	1.01526
7	141	0.897259
7	161	0.995688
7	169	0.899397
7	173	0.892655
7	174	0.916492
7	180	1.08554
8	7	1.0533
8	16	1.15902
8	31	0.677393
8	32	1.11186
8	33	1.31975
8	46	1.28242
8	75	1.17785
8	170	0.750974
8	171	0.716994
8	174	0.733749
8	176	0.728565
8	180	1.2958
9	15	1.01752
9	20	1.00116
9	45	1.03821
9	48	1.03961
9	52	1.12571
9	79	1.0855
9	113	1.05827
9	139	1.03401
9	174	0.918642
9	176	0.913458
9	178	0.925222
9	180	0.848669
10	30	1.04344
10	32	0.931491
10	33	1.13938
10	46	1.10205
10	73	1.04515
10	75	0.997476
10	125	0.916593
10	160	0.904842
10	161	1.02558
10	173	0.882766
10	176	0.901419
10	180	1.11543
11	29	0.73661
11	94	0.738136
11	116	0.718699
11	129	0.71458
11	156	1.20174
11	158	0.684111
11	163	1.17581
11	169	1.22035
11	171	1.21178
11	173	1.21441
11	175	1.18615
11	178	1.18977
12	48	1.17971
12	67	0.697295
12	79	1.2256
12	105	0.730059
12	116	0.737203
12	154	0.7252
12	158	0.702615
12	163	1.14789
12	165	1.17236
12	178	1.16185
12	179	1.25498
12	180	1.2576
13	87	0.713054
13	106	1.177
13	107	1.14578
13	115	1.16013
13	122	1.20388
13	126	0.691083
13	164	0.743
13	174	0.726898
13	177	1.20574
13	178	0.733478
13	179	1.25242
13	180	1.25505
14	15	1.1687
14	20	1.15234
14	45	1.18939
14	48	1.1908
14	52	1.27689
14	79	1.23668
14	139	1.18519
14	164	0.731791
14	167	0.737811
14	172	0.705049
14	176	0.710504
14	178	0.722268
15	3	0.768727
15	9	1.01752
15	14	1.1687
15	63	0.783999
15	79	1.19607
15	97	1.12393
15	111	1.17042
15	145	0.786101
15	146	0.797478
15	148	0.75844
15	165	1.14282
15	168	1.14822
15	178	1.13232
16	8	1.15902
16	33	1.2152
16	47	1.13451
16	73	1.12098
16	75	1.0733
16	104	1.10433
16	124	0.819293
16	161	1.10141
16	162	0.752296
16	174	0.793977
16	176	0.788793
16	177	0.753007
16	180	1.19126
17	78	0.752577
17	85	0.80747
17	117	0.815332
17	140	0.80079
17	153	1.13966
17	156	1.13556
17	160	1.16058
17	164	1.1383
17	165	1.1341
17	173	1.14823
17	175	1.11997
17	178	1.12359
17	179	0.717039
18	30	1.1202
18	36	1.20506
18	46	1.1788
18	73	1.12191
18	75	1.07423
18	96	0.772367
18	104	1.10527
18	156	0.779722
18	161	1.10234
18	165	0.793062
18	174	0.783753
18	176	0.778568
18	180	1.19219
19	39	0.847498
19	55	0.806976
19	110	0.738814
19	136	0.775402
19	148	0.724246
19	163	1.10558
19	165	1.13005
19	170	1.12405
19	172	1.14536
19	173	1.14419
19	175	1.11592
19	178	1.11955
19	180	1.21529
20	9	1.00116
20	14	1.15234
20	45	1.13241
20	48	1.13381
20	52	1.21991
20	70	0.792223
20	79	1.1797
20	113	1.15247
20	127	0.778364
20	139	1.12821
20	170	0.798692
20	171	0.764712
20	172	0.770829
21	106	1.11992
21	107	1.08871
21	115	1.10306
21	122	1.14681
21	137	0.780852
21	158	0.799868
21	167	1.09951
21	170	0.795143
21	171	0.761163
21	172	0.767279
21	177	1.14867
21	179	1.19535
21	180	1.19797
22	65	1.15049
22	134	1.1595
22	136	1.13132
22	137	0.774589
22	142	1.16899
22	149	1.13586
22	150	1.11189
22	154	1.12996
22	158	0.793605
22	160	0.769895
22	164	0.787759
22	167	1.11198
22	168	0.778375
23	102	1.08228
23	109	1.09538
23	119	1.11145
23	121	1.12928
23	148	1.17293
23	152	0.780249
23	160	1.16249
23	162	1.17424
23	163	0.803972
23	167	0.788597
23	168	0.773194
23	176	0.76129
23	177	1.17194
24	28	0.831431
24	63	1.13976
24	120	1.18863
24	129	1.10291
24	145	1.15891
24	146	1.12269
24	152	0.790129
24	155	1.13301
24	158	1.13082
24	174	1.12327
24	175	0.796458
24	178	0.782935
24	180	0.706382
25	57	1.22924
25	74	1.12033
25	102	1.08196
25	109	1.09506
25	113	1.1617
25	119	1.11113
25	121	1.12896
25	126	0.756412
25	166	0.773543
25	171	0.775471
25	175	0.81233
25	176	0.787042
25	177	1.17162
26	27	1.42387
26	42	0.590871
26	67	1.49798
26	137	1.48671
26	141	0.531228
26	153	0.555975
26	160	0.548699
26	162	1.54435
26	163	0.587958
26	166	1.55835
26	174	0.550461
26	176	0.545276
26	179	1.58873
27	26	1.42387
27	42	0.809646
27	44	1.07658
27	53	1.02776
27	66	1.10554
27	67	1.06719
27	125	0.779226
27	162	1.11356
27	164	0.785339
27	166	1.12756
27	174	0.769236
27	176	0.764052
27	179	1.15794
28	2	0.730668
28	24	0.831431
28	143	1.17341
28	144	0.791135
28	150	0.824674
28	156	1.13521
28	157	1.1262
28	164	1.13795
28	168	1.13914
28	171	1.14524
28	175	1.11962
28	178	1.12324
28	179	0.718287
29	11	0.73661
29	106	1.11992
29	107	1.08871
29	115	1.10306
29	122	1.14681
29	151	0.78841
29	157	0.818229
29	167	1.09951
29	169	0.778048
29	172	0.784504
29	177	1.14867
29	179	1.19535
29	180	1.19797
30	7	1.01355
30	10	1.04344
30	18	1.1202
30	32	1.07211
30	46	1.24267
30	73	1.18577
30	127	0.774873
30	159	0.753783
30	161	1.1662
30	167	0.800099
30	174	0.777977
30	175	0.79808
30	180	1.25605
31	8	0.677393
31	36	0.662841
31	56	1.28025
31	61	0.819041
31	65	0.693005
31	108	0.667963
31	121	1.18129
31	145	0.671626
31	168	1.19341
31	172	1.20332
31	175	1.17389
31	177	1.22395
31	179	1.27063
31	180	1.27325
32	8	1.11186
32	10	0.931491
32	30	1.07211
32	33	1.16804
32	36	1.15697
32	47	1.08735
32	73	1.07382
32	143	0.817444
32	161	1.05425
32	173	0.84112
32	174	0.864957
32	176	0.859772
32	177	0.823987
32	180	1.1441
33	7	1.10948
33	8	1.31975
33	10	1.13938
33	16	1.2152
33	32	1.16804
33	69	0.690545
33	75	1.23403
33	90	0.730468
33	113	0.688206
33	161	1.26214
33	163	0.72753
33	164	0.706136
33	173	0.666196
33	180	1.35198
34	61	1.00763
34	85	1.08709
34	91	1.04896
34	95	1.05197
34	100	1.12078
34	104	0.847264
34	108	1.14021
34	111	1.10661
34	143	0.810822
34	160	1.10549
34	162	0.816654
34	165	0.867645
34	166	1.13125
34	178	0.864915
35	83	0.88394
35	105	1.07656
35	123	1.07701
35	128	1.09334
35	145	1.11313
35	155	1.08723
35	156	0.827086
35	158	1.08504
35	163	0.868614
35	166	1.12599
35	174	1.07749
35	176	1.06422
35	177	0.790146
35	178	0.837697
36	7	1.09841
36	18	1.20506
36	31	0.662841
36	32	1.15697
36	62	0.700684
36	73	1.27063
36	75	1.22296
36	104	1.25399
36	125	0.729187
36	159	0.695004
36	161	1.25107
36	167	0.74132
36	177	0.678227
36	180	1.34091
37	41	0.858547
37	70	0.672389
37	85	1.21591
37	91	1.17778
37	97	1.18894
37	100	1.2496
37	108	1.26903
37	111	1.23543
37	161	1.20322
37	165	0.670944
37	166	1.26007
37	167	0.683756
37	169	0.644539
37	170	0.678858
38	106	1.07458
38	107	1.04336
38	115	1.05771
38	122	1.10146
38	147	0.859225
38	161	1.06278
38	162	0.805693
38	164	0.863476
38	167	1.05417
38	172	0.836735
38	176	0.842189
38	177	1.10332
38	179	1.15
38	180	1.15263
39	19	0.847498
39	88	0.825502
39	90	0.864008
39	110	1.12858
39	114	1.09146
39	134	1.10465
39	136	1.07647
39	140	1.07156
39	142	1.11414
39	149	1.08101
39	150	1.05703
39	153	0.829087
39	154	1.0751
39	164	0.839676
40	68	0.805822
40	116	1.08367
40	118	1.14949
40	131	1.05081
40	133	1.05016
40	134	1.11995
40	138	0.841559
40	140	1.08686
40	147	0.846763
40	149	1.09631
40	150	1.07234
40	154	1.09041
40	157	0.857998
40	175	0.855015
41	2	0.872505
41	37	0.858547
41	107	0.961291
41	134	0.906232
41	147	1.04864
41	148	0.897234
41	152	1.04958
41	156	1.05058
41	157	1.04157
41	164	1.05332
41	165	1.04911
41	169	1.06919
41	172	1.06442
41	175	1.03499
41	178	1.03861
42	26	0.590871
42	27	0.809646
42	114	0.773047
42	120	0.74314
42	130	1.18582
42	146	0.779769
42	161	0.797816
42	163	1.13712
42	164	1.16579
42	165	1.16158
42	168	1.16698
42	169	1.18166
42	171	1.17308
42	172	1.17689
42	178	1.15108
43	87	0.761395
43	89	1.11551
43	110	1.21715
43	116	1.15693
43	118	1.22275
43	130	0.752916
43	131	1.12407
43	142	1.20271
43	147	0.78709
43	149	1.16958
43	150	1.1456
43	167	1.1457
43	168	0.781958
43	179	0.717756
43	180	0.705266
44	27	1.07658
44	53	1.11126
44	66	1.18904
44	67	1.15069
44	104	0.743703
44	135	1.1623
44	139	1.16057
44	151	0.748041
44	162	1.19706
44	163	0.792271
44	166	1.21106
44	168	0.761493
44	176	0.749589
44	177	0.713803
44	179	1.24144
45	9	1.03821
45	14	1.18939
45	20	1.13241
45	48	1.17087
45	52	1.25696
45	79	1.21676
45	87	1.14061
45	113	1.18953
45	137	0.770315
45	139	1.16526
45	156	0.763351
45	172	0.756743
45	173	0.743545
45	176	0.762197
45	179	0.709899
46	8	1.28242
46	10	1.10205
46	18	1.1788
46	30	1.24267
46	47	1.25791
46	75	1.1967
46	87	0.685406
46	155	0.724197
46	160	0.697488
46	161	1.22481
46	168	0.705968
46	174	0.69925
46	176	0.694065
46	180	1.31465
47	7	1.02879
47	16	1.13451
47	32	1.08735
47	46	1.25791
47	73	1.20101
47	75	1.15334
47	104	1.18437
47	161	1.18144
47	162	0.73314
47	169	0.757727
47	171	0.758066
47	173	0.750984
47	174	0.774822
47	177	0.733851
47	180	1.27129
48	9	1.03961
48	12	1.17971
48	14	1.1908
48	20	1.13381
48	45	1.17087
48	52	1.25837
48	79	1.21816
48	87	1.14201
48	137	0.758319
48	139	1.16667
48	160	0.753624
48	166	0.736702
48	173	0.731549
48	175	0.775489
48	176	0.750201
49	101	1.15941
49	116	1.11263
49	131	1.07977
49	133	1.07912
49	134	1.14891
49	140	1.11582
49	142	1.1584
49	149	1.12527
49	150	1.1013
49	153	0.816566
49	154	1.11937
49	168	0.817771
49	170	0.828276
49	173	0.787215
49	178	0.817632
49	180	0.741079
50	89	1.19953
50	108	0.704444
50	114	1.26405
50	118	1.30677
50	133	1.20744
50	136	1.24905
50	140	1.24414
50	143	0.653306
50	147	0.71267
50	150	1.22962
50	151	1.25172
50	154	1.24769
50	156	0.696788
50	160	0.699057
50	165	0.710129
50	180	0.630846
51	4	1.14978
51	56	1.18264
51	57	1.18395
51	74	1.07504
51	102	1.03667
51	113	1.11641
51	121	1.08367
51	151	0.805611
51	152	0.826118
51	160	1.11688
51	162	1.12863
51	173	0.788507
51	174	0.812344
51	177	1.12633
51	178	0.818924
51	179	0.754861
52	9	1.12571
52	14	1.27689
52	20	1.21991
52	45	1.25696
52	48	1.25837
52	79	1.30426
52	86	0.69595
52	87	1.22811
52	88	0.679631
52	110	0.671896
52	113	1.27703
52	125	0.687692
52	135	0.702581
52	139	1.25276
52	152	0.691476
52	176	0.672517
53	1	0.953221
53	27	1.02776
53	44	1.11126
53	66	1.14021
53	67	1.10187
53	135	1.11347
53	137	1.0906
53	139	1.11175
53	151	0.769787
53	157	0.799606
53	159	0.752327
53	162	1.14823
53	166	1.16224
53	175	0.796623
53	177	0.735549
53	179	1.19261
54	64	0.677301
54	87	1.22187
54	94	1.20237
54	104	0.698604
54	123	1.24803
54	129	1.22816
54	132	1.20994
54	146	1.24793
54	151	0.702943
54	153	0.71519
54	155	1.25825
54	158	1.25606
54	160	0.707914
54	177	0.668705
54	179	1.32739
54	180	0.639703
55	19	0.806976
55	58	1.05772
55	60	0.767936
55	63	1.13864
55	71	1.15229
55	112	0.839782
55	117	1.10856
55	128	1.13801
55	129	1.1018
55	132	1.08359
55	145	1.1578
55	155	1.13189
55	157	0.806138
55	158	1.1297
55	163	0.820548
55	169	0.765957
56	31	1.28025
56	51	1.18264
56	57	1.34335
56	69	0.678847
56	74	1.23444
56	102	1.19608
56	109	1.20918
56	119	1.22524
56	121	1.24308
56	156	0.674305
56	163	0.715833
56	164	0.694438
56	170	0.69556
56	174	0.678336
56	176	0.673151
56	177	1.28574
57	25	1.22924
57	51	1.18395
57	56	1.34335
57	96	0.663061
57	97	0.728714
57	102	1.19739
57	109	1.21049
57	119	1.22656
57	121	1.24439
57	157	0.697533
57	160	1.27759
57	164	0.690549
57	167	0.696569
57	169	0.657352
57	174	0.674447
57	177	1.28705
58	55	1.05772
58	71	1.13072
58	117	1.087
58	120	1.16595
58	128	1.11644
58	144	1.108
58	145	1.13623
58	149	0.829903
58	153	0.812267
58	155	1.11033
58	158	1.10814
58	170	0.823977
58	171	0.789997
58	178	0.813333
58	179	1.17947
58	180	0.73678
59	61	1.03943
59	85	1.11888
59	91	1.08076
59	100	1.15258
59	108	1.17201
59	111	1.13841
59	126	0.776331
59	137	1.09141
59	160	1.13729
59	161	1.1062
59	166	1.16305
59	167	0.834268
59	172	0.801507
59	176	0.806961
59	177	0.771175
59	178	0.818725
60	55	0.767936
60	71	0.721223
60	128	0.738592
60	138	1.19269
60	140	0.731847
60	147	1.18483
60	150	0.754483
60	155	0.730527
60	159	1.21509
60	165	1.1853
60	170	1.1793
60	171	1.1968
60	172	1.20061
60	173	1.19943
60	175	1.17117
60	178	1.17479
60	179	0.648096
61	31	0.819041
61	34	1.00763
61	59	1.03943
61	85	1.09426
61	91	1.05613
61	95	1.05914
61	97	1.06729
61	104	0.864326
61	108	1.14738
61	111	1.11378
61	143	0.827885
61	151	1.09497
61	161	1.08157
61	164	0.8915
61	166	1.13842
61	176	0.870213
61	177	0.834427
62	36	0.700684
62	94	0.778156
62	117	0.742991
62	138	1.19422
62	140	0.728449
62	146	0.720846
62	148	0.681808
62	156	1.18829
62	157	1.17929
62	161	0.738893
62	169	1.2069
62	170	1.18083
62	171	1.19833
62	172	1.20214
62	173	1.20096
62	175	1.1727
62	178	1.17633
63	15	0.783999
63	24	1.13976
63	55	1.13864
63	99	1.24843
63	123	1.18104
63	138	0.732528
63	144	1.18892
63	146	1.18094
63	148	0.705507
63	155	1.19126
63	158	1.18907
63	159	0.701687
63	161	0.762593
63	162	0.684199
63	168	0.732599
63	174	1.18152
63	179	1.2604
64	54	0.677301
64	102	0.764817
64	109	0.753978
64	115	0.734185
64	149	0.71147
64	150	0.737223
64	155	0.713267
64	157	1.18335
64	163	1.16642
64	164	1.1951
64	165	1.19089
64	169	1.21096
64	170	1.18489
64	172	1.2062
64	173	1.20503
64	175	1.17676
64	178	1.18039
65	22	1.15049
65	31	0.693005
65	92	1.2428
65	98	1.16203
65	116	1.18085
65	133	1.14734
65	134	1.21714
65	139	0.748422
65	142	1.22663
65	149	1.1935
65	151	1.19163
65	154	1.18759
65	156	0.745331
65	162	0.70768
65	164	0.765464
65	175	0.769464
65	180	0.679389
66	27	1.10554
66	44	1.18904
66	53	1.14021
66	67	1.17965
66	135	1.19125
66	137	1.16838
66	139	1.18953
66	157	0.758624
66	159	0.711344
66	160	0.733776
66	161	0.77225
66	162	1.22601
66	166	1.24002
66	174	0.735538
66	176	0.730353
66	179	1.27039
66	180	0.665565
67	12	0.697295
67	26	1.49798
67	27	1.06719
67	44	1.15069
67	53	1.10187
67	66	1.17965
67	81	0.809203
67	93	0.693844
67	137	1.13004
67	139	1.15118
67	162	1.18767
67	166	1.20168
67	167	0.759446
67	171	0.720568
67	176	0.732139
67	177	0.696353
67	179	1.23205
68	40	0.805822
68	91	0.771102
68	93	1.24907
68	127	0.6885
68	142	0.703057
68	148	0.671231
68	154	0.736138
68	155	0.716552
68	157	1.175
68	163	1.15808
68	164	1.18675
68	165	1.18255
68	168	1.18794
68	171	1.19404
68	172	1.19785
68	173	1.19668
68	178	1.17204
69	33	0.690545
69	56	0.678847
69	78	0.699261
69	91	1.15749
69	97	1.16865
69	109	0.786865
69	110	0.7154
69	136	0.751989
69	150	0.77011
69	155	1.20101
69	156	1.189
69	158	1.19882
69	161	1.18293
69	170	1.18153
69	175	1.17341
69	178	1.17703
69	179	1.27015
70	20	0.792223
70	37	0.672389
70	99	0.709926
70	119	0.780561
70	122	0.725209
70	126	1.22725
70	130	1.20565
70	145	0.738737
70	156	1.18288
70	164	1.18561
70	168	1.18681
70	169	1.20148
70	170	1.17541
70	172	1.19672
70	175	1.16728
70	178	1.17091
70	179	0.673967
71	55	1.15229
71	58	1.13072
71	60	0.721223
71	76	1.16241
71	84	0.753999
71	103	1.21949
71	127	1.20644
71	129	1.17481
71	143	0.688826
71	144	1.20257
71	147	0.74819
71	155	1.2049
71	158	1.20271
71	166	1.24367
71	167	0.758461
71	177	0.695368
71	178	0.742919
72	95	0.823577
72	97	0.811754
72	122	0.751246
72	134	0.746111
72	141	1.17759
72	146	0.776151
72	155	0.782434
72	156	1.14071
72	164	1.14345
72	165	1.13925
72	168	1.14464
72	169	1.15932
72	170	1.13325
72	172	1.15455
72	173	1.15338
72	175	1.12512
72	178	1.12874
72	179	0.700004
73	7	1.01526
73	10	1.04515
73	16	1.12098
73	18	1.12191
73	30	1.18577
73	32	1.07382
73	36	1.27063
73	47	1.20101
73	75	1.1398
73	113	0.784091
73	125	0.795908
73	141	0.766686
73	151	0.779186
73	161	1.16791
73	162	0.744237
73	165	0.795228
73	177	0.744948
73	180	1.25776
74	6	1.19973
74	25	1.12033
74	51	1.07504
74	56	1.23444
74	84	0.787206
74	102	1.08848
74	109	1.10158
74	119	1.11765
74	121	1.13548
74	138	0.776192
74	139	0.768606
74	160	1.16869
74	162	1.18044
74	164	0.785648
74	172	0.758906
74	174	0.769545
74	176	0.76436
74	177	1.17814
75	8	1.17785
75	10	0.997476
75	16	1.0733
75	18	1.07423
75	33	1.23403
75	36	1.22296
75	46	1.1967
75	47	1.15334
75	73	1.1398
75	130	0.750529
75	147	0.784703
75	161	1.12024
75	172	0.762213
75	174	0.772852
75	175	0.792955
75	176	0.767667
75	178	0.779432
75	180	1.21008
76	71	1.16241
76	93	0.745786
76	103	1.15661
76	117	1.11869
76	123	1.1318
76	127	1.14356
76	130	0.766943
76	132	1.09371
76	145	1.16792
76	151	0.782533
76	155	1.14202
76	157	0.812352
76	158	1.13983
76	167	0.811389
76	169	0.772171
76	174	1.13228
76	179	1.21116
76	180	0.719293
77	82	1.15529
77	106	1.12862
77	107	1.0974
77	115	1.11175
77	122	1.1555
77	148	1.15835
77	151	0.764027
77	153	0.776274
77	156	0.766729
77	161	1.11682
77	167	1.10821
77	170	0.787984
77	173	0.746922
77	175	0.790863
77	177	1.15736
77	178	0.77734
77	179	1.20404
77	180	1.20667
78	17	0.752577
78	69	0.699261
78	84	0.71641
78	98	1.18808
78	131	1.17404
78	134	1.24319
78	136	1.21501
78	140	1.2101
78	148	1.24581
78	149	1.21955
78	150	1.19557
78	154	1.21364
78	163	0.736246
78	165	0.708059
78	167	1.19567
78	170	0.715974
78	173	0.674912
78	176	1.19936
78	178	0.705329
79	9	1.0855
79	12	1.2256
79	14	1.23668
79	15	1.19607
79	20	1.1797
79	45	1.21676
79	48	1.21816
79	52	1.30426
79	87	1.1879
79	96	0.707615
79	113	1.23682
79	124	0.744316
79	139	1.21256
79	152	0.732775
79	163	0.756498
79	164	0.735103
79	172	0.708362
79	177	0.67803
79	180	0.649028
80	94	1.05717
80	123	1.10284
80	127	1.11459
80	128	1.11917
80	129	1.08296
80	132	1.06475
80	144	1.11072
80	145	1.13896
80	146	1.10274
80	155	1.11305
80	156	0.823538
80	158	1.11086
80	163	0.865066
80	167	0.849691
80	171	0.810814
80	172	0.81693
80	177	0.786598
80	179	1.1822
80	180	0.757596
81	67	0.809203
81	104	1.09989
81	115	0.83844
81	127	0.78947
81	149	0.815725
81	152	1.10204
81	153	1.10714
81	154	0.837108
81	160	1.12806
81	161	0.829287
81	164	1.10578
81	166	0.773891
81	168	1.10697
81	169	1.12165
81	170	1.09557
81	172	1.11688
81	175	1.08745
81	177	1.13751
81	178	1.09107
82	77	1.15529
82	93	0.676223
82	97	0.77397
82	106	1.19862
82	107	1.1674
82	115	1.18175
82	122	1.2255
82	125	0.729692
82	137	0.722636
82	143	0.67219
82	148	1.22835
82	161	1.18682
82	162	0.678021
82	167	1.17821
82	170	0.736927
82	174	0.719703
82	177	1.22736
82	179	1.27404
82	180	1.27667
83	35	0.88394
83	97	0.827785
83	111	0.793751
83	133	0.850234
83	134	0.762143
83	142	0.78497
83	144	0.788883
83	147	1.10686
83	157	1.09978
83	163	1.08286
83	164	1.11153
83	168	1.11272
83	169	1.1274
83	170	1.10133
83	171	1.11882
83	172	1.12263
83	173	1.12146
83	176	1.09779
83	178	1.09682
84	71	0.753999
84	74	0.787206
84	78	0.71641
84	102	0.814853
84	103	0.745514
84	121	0.774799
84	130	1.17858
84	143	1.19402
84	159	1.18414
84	164	1.15855
84	165	1.15435
84	166	0.719671
84	168	1.15974
84	169	1.17442
84	170	1.14835
84	171	1.16585
84	172	1.16966
84	173	1.16848
84	178	1.14384
84	179	0.680872
85	17	0.80747
85	34	1.08709
85	37	1.21591
85	59	1.11888
85	61	1.09426
85	93	0.710163
85	95	1.13859
85	97	1.14675
85	100	1.20741
85	108	1.22684
85	111	1.19324
85	160	1.19212
85	161	1.16103
85	166	1.21788
85	167	0.775765
85	168	0.760362
85	170	0.770867
85	174	0.753643
85	176	0.748458
85	180	0.68367
86	1	0.915644
86	6	1.21453
86	52	0.69595
86	109	1.11638
86	119	1.13244
86	127	1.17201
86	131	1.12215
86	138	0.74559
86	149	1.16766
86	151	1.16579
86	158	1.16828
86	159	0.71475
86	163	0.77644
86	168	0.745662
86	174	1.16074
86	176	1.14747
86	177	1.19294
86	178	0.745523
86	179	1.23962
86	180	0.66897
87	13	0.713054
87	43	0.761395
87	45	1.14061
87	46	0.685406
87	48	1.14201
87	52	1.22811
87	54	1.22187
87	79	1.1879
87	91	0.786348
87	106	0.740702
87	131	0.770946
87	133	0.783567
87	135	1.13813
87	141	1.173
87	154	0.751384
87	158	1.14594
87	165	1.13466
87	172	1.14996
87	175	1.12053
87	179	1.21727
88	3	0.712537
88	39	0.825502
88	52	0.679631
88	147	1.15784
88	149	0.745774
88	150	0.771527
88	154	0.767157
88	155	0.747571
88	156	1.15977
88	158	0.744573
88	159	1.1881
88	163	1.13384
88	164	1.16251
88	165	1.1583
88	168	1.1637
88	169	1.17838
88	174	1.16205
88	175	1.14418
88	178	1.1478
88	180	1.24355
89	43	1.11551
89	50	1.19953
89	93	0.75388
89	101	1.15894
89	114	1.13526
89	116	1.11216
89	118	1.17798
89	130	0.775037
89	131	1.07931
89	139	0.79642
89	142	1.15794
89	149	1.12481
89	150	1.10083
89	152	0.811134
89	154	1.1189
89	162	0.755678
89	163	0.834856
89	167	1.10093
89	168	0.804079
89	171	0.780604
89	174	1.11789
90	33	0.730468
90	39	0.864008
90	98	0.811211
90	109	0.826788
90	118	0.750455
90	126	1.16671
90	131	0.825225
90	146	0.779794
90	147	1.1204
90	152	1.12134
90	153	1.12644
90	159	1.15067
90	164	1.12508
90	169	1.14095
90	170	1.11487
90	173	1.13501
90	174	1.12461
90	175	1.10674
90	177	1.15681
90	178	1.11037
90	179	0.703646
91	34	1.04896
91	37	1.17778
91	59	1.08076
91	61	1.05613
91	68	0.771102
91	69	1.15749
91	87	0.786348
91	95	1.10047
91	97	1.10863
91	100	1.16928
91	108	1.18872
91	111	1.15511
91	130	0.777869
91	138	0.806839
91	147	0.812043
91	159	0.775998
91	160	1.154
91	161	1.12291
91	166	1.17976
91	171	0.783437
91	176	0.795007
92	65	1.2428
92	112	0.747083
92	113	0.688524
92	118	1.28135
92	131	1.18267
92	133	1.18202
92	134	1.25181
92	136	1.22363
92	140	1.21872
92	142	1.2613
92	147	0.702203
92	150	1.20419
92	152	0.704126
92	154	1.22227
92	157	0.713438
92	170	0.707576
92	171	0.673596
92	172	0.679713
92	174	1.22125
92	176	1.20798
92	178	0.696932
93	67	0.693844
93	68	1.24907
93	76	0.745786
93	82	0.676223
93	85	0.710163
93	89	0.75388
93	142	0.688667
93	145	0.684502
93	147	1.22361
93	152	1.22454
93	154	0.721748
93	163	1.19961
93	164	1.22828
93	165	1.22408
93	168	1.22947
93	169	1.24415
93	170	1.21808
93	171	1.23558
93	175	1.20995
93	178	1.21357
93	179	0.619732
94	11	0.738136
94	54	1.20237
94	62	0.778156
94	80	1.05717
94	105	1.11796
94	112	0.8534
94	120	1.18424
94	127	1.13016
94	132	1.08032
94	144	1.12629
94	145	1.15453
94	152	0.810443
94	155	1.12862
94	158	1.12644
94	160	0.794907
94	163	0.834166
94	166	1.16739
94	173	0.772832
94	174	1.11889
94	176	1.10562
94	180	0.726696
95	34	1.05197
95	61	1.05914
95	72	0.823577
95	85	1.13859
95	91	1.10047
95	97	1.11163
95	100	1.17229
95	108	1.19172
95	111	1.15812
95	125	0.796775
95	137	1.11112
95	151	1.13931
95	153	0.792299
95	159	0.762592
95	160	1.157
95	161	1.12591
95	163	0.824282
95	166	1.18276
95	174	0.786785
95	175	0.806888
95	180	0.716812
96	1	1.07442
96	4	0.702219
96	18	0.772367
96	57	0.663061
96	79	0.707615
96	116	0.765846
96	124	1.18642
96	128	0.742322
96	136	0.740091
96	154	0.753843
96	156	1.18793
96	161	0.746021
96	163	1.16199
96	164	1.19067
96	168	1.19186
96	169	1.20653
96	170	1.18046
96	171	1.19796
96	172	1.20177
96	175	1.17233
96	178	1.17596
96	180	1.2717
97	15	1.12393
97	37	1.18894
97	57	0.728714
97	61	1.06729
97	69	1.16865
97	72	0.811754
97	82	0.77397
97	83	0.827785
97	85	1.14675
97	91	1.10863
97	95	1.11163
97	100	1.18044
97	108	1.19987
97	111	1.16627
97	125	0.784952
97	151	1.14746
97	160	1.16515
97	161	1.13406
97	166	1.19092
97	173	0.751125
97	174	0.774962
97	177	0.733991
97	179	0.717479
98	65	1.16203
98	78	1.18808
98	90	0.811211
98	101	1.18154
98	114	1.15786
98	116	1.13476
98	126	0.734961
98	133	1.10125
98	134	1.17105
98	136	1.14287
98	137	0.77371
98	142	1.18054
98	149	1.1474
98	150	1.12343
98	153	0.77629
98	154	1.1415
98	160	0.769015
98	165	0.780086
98	170	0.788001
98	174	1.14049
98	176	1.12722
98	178	0.777356
98	180	0.700803
99	63	1.24843
99	70	0.709926
99	117	1.21835
99	123	1.23147
99	126	0.663357
99	128	1.2478
99	129	1.21159
99	132	1.19338
99	137	0.702105
99	140	0.725439
99	144	1.23935
99	145	1.26759
99	146	1.23136
99	151	0.692439
99	152	0.712946
99	155	1.24168
99	158	1.23949
99	169	0.682077
99	172	0.688533
99	173	0.675334
99	176	1.21868
99	177	0.658201
99	179	1.31083
100	1	0.885599
100	34	1.12078
100	37	1.2496
100	59	1.15258
100	85	1.20741
100	91	1.16928
100	95	1.17229
100	97	1.18044
100	108	1.26053
100	111	1.22693
100	124	0.734214
100	130	0.686576
100	137	1.17993
100	139	0.707959
100	151	1.20812
100	152	0.722673
100	153	0.714412
100	160	1.22581
100	161	1.19472
100	166	1.25157
100	168	0.715618
100	172	0.698259
100	174	0.708899
100	180	0.638926
101	49	1.15941
101	89	1.15894
101	98	1.18154
101	104	1.20067
101	110	1.26058
101	114	1.22346
101	115	0.766997
101	131	1.1675
101	133	1.16685
101	134	1.23665
101	137	0.724065
101	139	0.720192
101	141	0.701899
101	142	1.24614
101	149	1.21301
101	150	1.18903
101	153	0.726646
101	154	1.2071
101	155	0.746079
101	157	0.744218
101	160	0.71937
101	162	0.67945
101	167	1.18913
101	177	0.680161
102	4	1.16322
102	6	1.16136
102	23	1.08228
102	25	1.08196
102	51	1.03667
102	56	1.19608
102	57	1.19739
102	64	0.764817
102	74	1.08848
102	84	0.814853
102	109	1.06322
102	112	0.853923
102	119	1.07928
102	121	1.09711
102	148	1.14076
102	153	0.802706
102	160	1.13032
102	162	1.14207
102	165	0.806502
102	167	0.819315
102	175	0.817295
102	177	1.13978
102	178	0.803772
102	180	0.72722
103	71	1.21949
103	76	1.15661
103	84	0.745514
103	120	1.25472
103	127	1.20064
103	128	1.20522
103	129	1.16901
103	132	1.15079
103	139	0.726914
103	145	1.22501
103	146	1.18878
103	155	1.1991
103	158	1.19691
103	163	0.76535
103	164	0.743956
103	165	0.737163
103	168	0.734573
103	169	0.710759
103	173	0.704016
103	174	1.18937
103	176	1.1761
103	177	0.686883
103	179	1.26824
103	180	0.657881
104	16	1.10433
104	18	1.10527
104	34	0.847264
104	36	1.25399
104	44	0.743703
104	47	1.18437
104	54	0.698604
104	61	0.864326
104	81	1.09989
104	101	1.20067
104	110	1.21411
104	131	1.12103
104	132	0.775112
104	135	0.734502
104	145	0.716911
104	146	0.728288
104	152	1.15634
104	154	1.16063
104	158	0.731572
104	164	1.16008
104	171	1.16738
104	172	1.17119
104	174	1.15962
104	179	0.65214
104	180	1.24112
105	12	0.730059
105	35	1.07656
105	94	1.11796
105	117	1.15051
105	120	1.22946
105	123	1.16362
105	126	0.734272
105	128	1.17995
105	129	1.14375
105	130	0.747764
105	138	0.776734
105	144	1.17151
105	145	1.19975
105	146	1.16352
105	147	0.781938
105	155	1.17384
105	158	1.17165
105	159	0.745893
105	162	0.728406
105	165	0.779397
105	172	0.759448
105	174	1.16411
105	176	1.15083
105	177	0.729116
105	179	1.24298
106	2	1.177
106	13	1.177
106	21	1.11992
106	29	1.11992
106	38	1.07458
106	77	1.12862
106	82	1.19862
106	87	0.740702
106	107	1.14073
106	115	1.15507
106	122	1.19882
106	125	0.764536
106	160	0.752785
106	161	1.16014
106	165	0.763856
106	167	1.15153
106	168	0.761265
106	169	0.737451
106	171	0.737791
106	172	0.743907
106	176	0.749362
106	177	1.20069
106	178	0.761126
106	179	1.24737
106	180	1.24999
107	2	1.14578
107	13	1.14578
107	21	1.08871
107	29	1.08871
107	38	1.04336
107	41	0.961291
107	77	1.0974
107	82	1.1674
107	106	1.14073
107	115	1.12386
107	122	1.16761
107	135	1.13701
107	143	0.716865
107	150	0.813282
107	156	0.760348
107	157	0.787464
107	159	0.740185
107	161	1.12893
107	162	0.722697
107	167	1.12032
107	174	0.764379
107	175	0.784481
107	176	0.759194
107	177	1.16947
107	179	1.21615
107	180	1.21878
108	31	0.667963
108	34	1.14021
108	37	1.26903
108	50	0.704444
108	59	1.17201
108	61	1.14738
108	85	1.22684
108	91	1.18872
108	95	1.19172
108	97	1.19987
108	100	1.26053
108	111	1.24636
108	113	0.722492
108	137	1.19937
108	143	0.676807
108	151	1.22755
108	152	0.738094
108	160	1.24524
108	161	1.21415
108	162	0.682638
108	163	0.761817
108	166	1.27101
108	167	0.746442
108	172	0.713681
108	175	0.744423
108	180	0.654347
109	4	1.17632
109	5	1.15
109	6	1.17446
109	23	1.09538
109	25	1.09506
109	56	1.20918
109	57	1.21049
109	64	0.753978
109	69	0.786865
109	74	1.10158
109	86	1.11638
109	90	0.826788
109	102	1.06322
109	119	1.09238
109	121	1.11021
109	139	0.785414
109	143	0.73884
109	148	1.15386
109	152	0.800127
109	156	0.782322
109	160	1.14342
109	162	1.15517
109	170	0.803578
109	171	0.769598
109	173	0.762516
109	177	1.15288
110	19	0.738814
110	39	1.12858
110	43	1.21715
110	52	0.671896
110	69	0.7154
110	101	1.26058
110	104	1.21411
110	113	0.713062
110	116	1.2138
110	131	1.18095
110	133	1.18029
110	140	1.217
110	141	0.695656
110	142	1.25958
110	148	1.25271
110	149	1.22645
110	150	1.20247
110	154	1.22054
110	164	0.730992
110	165	0.724199
110	169	0.697794
110	171	0.698134
110	172	0.70425
110	174	1.21953
110	176	1.20626
110	178	0.721469
111	15	1.17042
111	34	1.10661
111	37	1.23543
111	59	1.13841
111	61	1.11378
111	83	0.793751
111	85	1.19324
111	91	1.15511
111	95	1.15812
111	97	1.16627
111	100	1.22693
111	108	1.24636
111	113	0.7391
111	137	1.16576
111	141	0.721695
111	151	1.19395
111	159	0.716734
111	160	1.21164
111	161	1.18055
111	166	1.2374
111	167	0.76305
111	171	0.724172
111	174	0.740928
111	175	0.761031
111	176	0.735743
111	178	0.747508
111	180	0.670955
112	6	0.774048
112	55	0.839782
112	92	0.747083
112	94	0.8534
112	102	0.853923
112	117	0.818236
112	132	0.842914
112	138	1.10982
112	143	1.1421
112	145	0.784713
112	148	0.757052
112	152	1.1029
112	153	1.108
112	154	0.821959
112	157	1.09489
112	159	1.13223
112	163	1.07796
112	167	1.08921
112	168	1.10783
112	169	1.1225
112	170	1.09643
112	171	1.11393
112	172	1.11774
112	173	1.11657
112	175	1.0883
112	178	1.09193
112	180	1.18767
113	9	1.05827
113	20	1.15247
113	25	1.1617
113	33	0.688206
113	45	1.18953
113	51	1.11641
113	52	1.27703
113	73	0.784091
113	79	1.23682
113	92	0.688524
113	108	0.722492
113	110	0.713062
113	111	0.7391
113	114	0.73081
113	119	1.15902
113	121	1.17685
113	132	0.784355
113	144	0.734232
113	150	0.767771
113	152	1.18404
113	158	0.740816
113	169	1.20364
113	171	1.19507
113	172	1.19888
113	173	1.19771
113	177	1.21951
113	178	1.17307
114	39	1.09146
114	42	0.773047
114	50	1.26405
114	89	1.13526
114	98	1.15786
114	101	1.22346
114	113	0.73081
114	118	1.2425
114	133	1.14317
114	135	0.757517
114	136	1.18479
114	137	0.735571
114	140	1.17988
114	142	1.22246
114	149	1.18933
114	150	1.16535
114	154	1.18342
114	157	0.755724
114	162	0.690956
114	167	1.16545
114	170	0.749862
114	171	0.715882
114	173	0.7088
114	174	1.18241
114	175	0.752741
114	176	1.16914
114	178	0.739218
115	2	1.16013
115	13	1.16013
115	21	1.10306
115	29	1.10306
115	38	1.05771
115	64	0.734185
115	77	1.11175
115	81	0.83844
115	82	1.18175
115	101	0.766997
115	106	1.15507
115	107	1.12386
115	122	1.18195
115	130	0.744237
115	135	1.15136
115	139	0.76562
115	148	1.1848
115	161	1.14327
115	162	0.724879
115	165	0.77587
115	167	1.13466
115	170	0.783784
115	171	0.749805
115	174	0.76656
115	176	0.761375
115	177	1.18382
115	179	1.2305
115	180	1.23312
116	11	0.718699
116	12	0.737203
116	40	1.08367
116	43	1.15693
116	49	1.11263
116	65	1.18085
116	89	1.11216
116	96	0.765846
116	98	1.13476
116	110	1.2138
116	131	1.12073
116	136	1.16169
116	140	1.15678
116	141	0.757999
116	142	1.19936
116	148	1.19249
116	149	1.16623
116	150	1.14225
116	152	0.791006
116	154	1.16032
116	156	0.773201
116	165	0.786541
116	170	0.794456
116	172	0.766593
116	174	1.15931
116	176	1.14604
116	177	0.736261
116	178	0.783811
117	3	1.1795
117	17	0.815332
117	55	1.10856
117	58	1.087
117	62	0.742991
117	76	1.11869
117	99	1.21835
117	105	1.15051
117	112	0.818236
117	123	1.15096
117	128	1.16729
117	132	1.11287
117	135	1.15118
117	140	0.787773
117	144	1.15884
117	145	1.18708
117	146	1.15086
117	151	0.754772
117	155	1.16118
117	158	1.15899
117	162	0.719823
117	165	0.770815
117	166	1.19995
117	167	0.783627
117	169	0.74441
117	172	0.750866
117	176	1.13817
117	177	0.720534
118	40	1.14949
118	43	1.22275
118	50	1.30677
118	89	1.17798
118	90	0.750455
118	92	1.28135
118	114	1.2425
118	126	0.674206
118	130	0.687698
118	131	1.18655
118	133	1.18589
118	134	1.25569
118	135	0.7349
118	140	1.2226
118	141	0.690788
118	142	1.26518
118	149	1.23205
118	150	1.20807
118	153	0.715535
118	154	1.22614
118	157	0.733107
118	160	0.708259
118	162	0.668339
118	168	0.71674
118	171	0.693265
118	174	1.22513
118	176	1.21186
118	180	0.640048
119	4	1.19239
119	5	1.16606
119	6	1.19053
119	23	1.11145
119	25	1.11113
119	56	1.22524
119	57	1.22656
119	70	0.780561
119	74	1.11765
119	86	1.13244
119	102	1.07928
119	109	1.09238
119	113	1.15902
119	121	1.12628
119	124	0.795122
119	125	0.779796
119	139	0.768867
119	148	1.16992
119	156	0.765775
119	159	0.745613
119	160	1.15949
119	162	1.17124
119	167	0.791929
119	169	0.752711
119	174	0.769806
119	176	0.764621
119	177	1.16894
119	180	0.699833
120	3	1.25844
120	24	1.18863
120	42	0.74314
120	58	1.16595
120	94	1.18424
120	103	1.25472
120	105	1.22946
120	127	1.24166
120	128	1.24624
120	129	1.21003
120	132	1.19182
120	138	0.709377
120	144	1.23779
120	145	1.26603
120	146	1.22981
120	147	0.714581
120	153	0.708244
120	155	1.24013
120	158	1.23794
120	160	0.700968
120	162	0.661049
120	167	0.724852
120	170	0.719954
120	171	0.685975
120	172	0.692091
120	175	0.722833
120	176	1.21712
120	180	0.632757
121	4	1.21022
121	5	1.18389
121	6	1.20836
121	23	1.12928
121	25	1.12896
121	31	1.18129
121	51	1.08367
121	56	1.24308
121	57	1.24439
121	74	1.13548
121	84	0.774799
121	102	1.09711
121	109	1.11021
121	113	1.17685
121	119	1.12628
121	125	0.767128
121	137	0.760071
121	139	0.756199
121	148	1.18776
121	157	0.780224
121	160	1.17732
121	162	1.18907
121	164	0.773241
121	171	0.740383
121	173	0.733301
121	175	0.777241
121	177	1.18677
121	178	0.763718
121	179	0.699655
121	180	0.687165
122	2	1.20388
122	13	1.20388
122	21	1.14681
122	29	1.14681
122	38	1.10146
122	70	0.725209
122	72	0.751246
122	77	1.1555
122	82	1.2255
122	106	1.19882
122	107	1.16761
122	115	1.18195
122	124	0.73977
122	135	1.19511
122	148	1.22855
122	153	0.719968
122	161	1.18702
122	163	0.751951
122	164	0.730557
122	166	0.695771
122	167	1.17841
122	168	0.721173
122	170	0.731679
122	174	0.714454
122	176	0.70927
122	177	1.22757
122	178	0.721034
122	179	1.27425
122	180	1.27687
123	35	1.07701
123	54	1.24803
123	63	1.18104
123	76	1.1318
123	80	1.10284
123	99	1.23147
123	105	1.16362
123	117	1.15096
123	127	1.17583
123	132	1.12598
123	139	0.763148
123	144	1.17196
123	145	1.2002
123	146	1.16397
123	151	0.757355
123	155	1.17429
123	158	1.1721
123	159	0.739894
123	166	1.21306
123	167	0.78621
123	169	0.746992
123	170	0.781312
123	171	0.747332
123	172	0.753448
123	173	0.74025
123	174	1.16456
123	175	0.78419
123	176	1.15128
123	177	0.723117
123	180	0.694115
124	5	0.757282
124	16	0.819293
124	79	0.744316
124	96	1.18642
124	100	0.734214
124	119	0.795122
124	122	0.73977
124	130	1.18176
124	134	0.734635
124	141	1.19587
124	142	0.757462
124	143	1.19719
124	148	0.725637
124	149	0.76916
124	152	1.15799
124	153	1.16309
124	157	1.14998
124	159	1.18732
124	163	1.13305
124	164	1.16173
124	165	1.15752
124	166	0.727326
124	168	1.16292
124	171	1.16902
124	172	1.17283
124	173	1.17166
124	174	1.16126
124	175	1.14339
124	178	1.14702
124	179	0.688527
125	3	1.17325
125	10	0.916593
125	27	0.779226
125	36	0.729187
125	52	0.687692
125	73	0.795908
125	82	0.729692
125	95	0.796775
125	97	0.784952
125	106	0.764536
125	119	0.779796
125	121	0.767128
125	127	1.15647
125	133	1.10596
125	136	1.14758
125	144	1.1526
125	146	1.14462
125	147	1.14099
125	149	1.15212
125	150	1.12814
125	152	1.14192
125	154	1.14621
125	155	1.15493
125	158	1.15274
125	161	0.767397
125	163	1.11699
125	164	1.14566
125	165	1.14146
125	170	1.13546
125	176	1.13193
125	178	1.13095
126	13	0.691083
126	25	0.756412
126	59	0.776331
126	70	1.22725
126	90	1.16671
126	98	0.734961
126	99	0.663357
126	105	0.734272
126	118	0.674206
126	130	1.22764
126	132	0.750368
126	133	0.761596
126	144	0.700244
126	145	0.692167
126	153	1.20897
126	154	0.729413
126	156	1.20487
126	157	1.19586
126	159	1.2332
126	163	1.17893
126	165	1.2034
126	167	1.19018
126	168	1.2088
126	169	1.22347
126	170	1.1974
126	171	1.2149
126	172	1.21871
126	173	1.21754
126	175	1.18927
126	178	1.1929
126	179	0.627397
127	20	0.778364
127	30	0.774873
127	68	0.6885
127	71	1.20644
127	76	1.14356
127	80	1.11459
127	81	0.78947
127	86	1.17201
127	94	1.13016
127	103	1.20064
127	120	1.24166
127	123	1.17583
127	125	1.15647
127	128	1.19216
127	129	1.15595
127	132	1.13774
127	144	1.18371
127	145	1.21195
127	146	1.17573
127	149	0.740741
127	155	1.18605
127	156	0.713559
127	157	0.740676
127	158	1.18386
127	163	0.755087
127	164	0.733693
127	167	0.739713
127	168	0.724309
127	173	0.693753
127	174	1.17631
127	175	0.737693
127	179	1.25519
128	35	1.09334
128	55	1.13801
128	58	1.11644
128	60	0.738592
128	80	1.11917
128	96	0.742322
128	99	1.2478
128	103	1.20522
128	105	1.17995
128	117	1.16729
128	120	1.24624
128	127	1.19216
128	129	1.16053
128	132	1.14231
128	136	0.78449
128	141	0.734474
128	144	1.18829
128	145	1.21653
128	146	1.1803
128	153	0.759221
128	155	1.19062
128	156	0.749676
128	158	1.18843
128	159	0.729514
128	162	0.712026
128	167	0.77583
128	169	0.736612
128	171	0.736952
128	173	0.72987
128	176	1.16762
128	179	1.25976
128	180	0.683734
129	11	0.71458
129	24	1.10291
129	54	1.22816
129	55	1.1018
129	71	1.17481
129	80	1.08296
129	99	1.21159
129	103	1.16901
129	105	1.14375
129	120	1.21003
129	127	1.15595
129	128	1.16053
129	132	1.10611
129	141	0.75388
129	144	1.15208
129	145	1.18032
129	146	1.1441
129	151	0.76638
129	153	0.778626
129	155	1.15441
129	157	0.796198
129	158	1.15222
129	160	0.771351
129	166	1.19318
129	167	0.795235
129	168	0.779831
129	169	0.756018
129	170	0.790337
129	174	1.14468
129	176	1.13141
129	177	0.732142
129	178	0.779692
129	180	0.70314
130	42	1.18582
130	43	0.752916
130	70	1.20565
130	75	0.750529
130	76	0.766943
130	84	1.17858
130	89	0.775037
130	91	0.777869
130	100	0.686576
130	105	0.747764
130	115	0.744237
130	118	0.687698
130	124	1.18176
130	126	1.22764
130	133	0.775088
130	134	0.686997
130	135	0.723251
130	141	1.22014
130	148	0.677999
130	153	1.18736
130	156	1.18326
130	157	1.17425
130	159	1.21159
130	163	1.15732
130	164	1.186
130	165	1.18179
130	168	1.18719
130	169	1.20187
130	170	1.1758
130	171	1.19329
130	172	1.1971
130	173	1.19593
130	175	1.16767
130	179	0.640889
131	40	1.05081
131	43	1.12407
131	49	1.07977
131	78	1.17404
131	86	1.12215
131	87	0.770946
131	89	1.07931
131	90	0.825225
131	92	1.18267
131	101	1.1675
131	104	1.12103
131	110	1.18095
131	116	1.12073
131	118	1.18655
131	132	0.850279
131	133	1.08722
131	134	1.15701
131	136	1.12883
131	137	0.787724
131	140	1.12392
131	142	1.1665
131	148	1.15964
131	149	1.13337
131	153	0.790304
131	154	1.12747
131	155	0.809738
131	160	0.783029
131	165	0.7941
131	169	0.767695
131	171	0.768035
131	174	1.12645
131	175	0.804893
131	177	0.74382
131	180	0.714817
132	54	1.20994
132	55	1.08359
132	76	1.09371
132	80	1.06475
132	94	1.08032
132	99	1.19338
132	103	1.15079
132	104	0.775112
132	112	0.842914
132	113	0.784355
132	117	1.11287
132	120	1.19182
132	123	1.12598
132	126	0.750368
132	127	1.13774
132	128	1.14231
132	129	1.10611
132	131	0.850279
132	136	0.816966
132	144	1.13387
132	145	1.16211
132	146	1.12588
132	155	1.1362
132	156	0.782152
132	158	1.13401
132	162	0.744502
132	166	1.17497
132	168	0.792902
132	169	0.769088
132	173	0.762346
132	174	1.12647
132	176	1.11319
132	177	0.745212
132	178	0.792763
133	40	1.05016
133	49	1.07912
133	50	1.20744
133	65	1.14734
133	83	0.850234
133	87	0.783567
133	92	1.18202
133	98	1.10125
133	101	1.16685
133	110	1.18029
133	114	1.14317
133	118	1.18589
133	125	1.10596
133	126	0.761596
133	130	0.775088
133	131	1.08722
133	134	1.15636
133	136	1.12818
133	140	1.12327
133	142	1.16585
133	143	0.749898
133	149	1.13272
133	150	1.10874
133	152	0.811185
133	154	1.12681
133	155	0.822358
133	167	1.10884
133	168	0.80413
133	169	0.780316
133	170	0.814635
133	173	0.773573
133	176	1.11253
133	177	0.75644
133	180	0.727438
134	22	1.1595
134	39	1.10465
134	40	1.11995
134	41	0.906232
134	49	1.14891
134	65	1.21714
134	72	0.746111
134	78	1.24319
134	83	0.762143
134	92	1.25181
134	98	1.17105
134	101	1.23665
134	118	1.25569
134	124	0.734635
134	130	0.686997
134	131	1.15701
134	133	1.15636
134	137	0.712253
134	138	0.715967
134	139	0.70838
134	140	1.19306
134	148	1.22878
134	149	1.20252
134	150	1.17854
134	151	1.20065
134	154	1.19661
134	162	0.667638
134	163	0.746816
134	164	0.725422
134	168	0.716038
134	174	1.1956
134	176	1.18233
134	177	0.668349
134	178	0.715899
135	3	1.19283
135	44	1.1623
135	52	0.702581
135	53	1.11347
135	66	1.19125
135	87	1.13813
135	104	0.734502
135	107	1.13701
135	114	0.757517
135	115	1.15136
135	117	1.15118
135	118	0.7349
135	122	1.19511
135	130	0.723251
135	145	1.20042
135	146	1.16419
135	155	1.17451
135	157	0.76866
135	158	1.17232
135	159	0.72138
135	160	0.743812
135	161	1.15643
135	162	1.19927
135	166	1.21328
135	168	0.752293
135	169	0.728479
135	170	0.762798
135	171	0.728818
135	177	1.19698
