1	98	0.697654
1	106	0.718177
1	108	0.721465
1	139	0.727001
1	141	0.717344
1	154	0.721744
1	156	0.72268
1	157	0.732907
1	159	0.725619
1	163	0.715407
1	164	2.60249
1	173	2.44373
2	13	2.79547
2	19	0.738171
2	57	0.771931
2	75	0.67912
2	79	0.724649
2	95	0.703882
2	104	0.730613
2	110	0.720065
2	165	2.253
2	166	0.700814
2	171	0.71693
2	174	0.713826
3	143	0.721367
3	147	2.48891
3	157	2.06312
3	158	0.725546
3	161	0.730364
3	165	0.71314
3	167	0.711892
3	169	0.727554
3	170	0.722551
3	176	0.720903
3	178	0.712456
3	180	0.714228
4	84	0.800762
4	114	0.789354
4	115	1.6466
4	125	0.806076
4	137	0.803131
4	138	0.805071
4	149	0.803308
4	151	0.786559
4	153	0.806653
4	155	0.799087
4	168	1.89765
4	174	1.62564
5	48	0.697691
5	57	0.776429
5	75	0.683618
5	79	0.729147
5	95	0.70838
5	104	0.735111
5	110	0.724563
5	120	2.01557
5	166	0.705312
5	171	0.721427
5	174	0.718323
5	175	3.03437
6	83	1.6059
6	151	1.43467
6	154	1.38727
6	165	0.798903
6	167	0.797655
6	168	0.805425
6	172	0.791892
6	173	0.817953
6	176	0.806666
6	177	0.783296
6	178	0.798219
6	180	0.799991
7	50	2.35003
7	112	2.20551
7	150	0.712202
7	158	0.728395
7	165	0.715989
7	167	0.714741
7	171	0.737118
7	173	0.735039
7	176	0.723752
7	177	0.700382
7	178	0.715305
7	180	0.717077
8	66	0.692838
8	152	0.728578
8	154	0.721112
8	156	0.722048
8	157	0.732274
8	159	0.724987
8	162	0.716107
8	163	0.714775
8	168	2.45859
8	171	0.725193
8	174	0.722088
8	179	2.58492
9	29	0.751555
9	64	0.789783
9	126	0.828622
9	137	1.52342
9	138	1.48295
9	151	1.42198
9	159	0.819502
9	162	0.810622
9	163	0.80929
9	170	0.807989
9	177	0.782971
9	180	0.799666
10	88	2.38256
10	146	0.725056
10	157	2.16867
10	164	0.710998
10	165	0.718742
10	170	0.728153
10	172	0.711731
10	173	0.737792
10	176	0.726505
10	177	0.703135
10	178	0.718058
10	180	0.71983
11	124	1.74858
11	125	1.38951
11	145	0.805336
11	159	1.28842
11	160	0.813836
11	168	0.803572
11	170	0.80646
11	172	0.790039
11	176	0.804812
11	177	0.781443
11	178	0.796365
11	180	0.798137
12	17	0.674065
12	75	0.693522
12	79	0.739051
12	95	0.718283
12	104	0.745014
12	110	0.734466
12	140	2.40849
12	143	2.64147
12	144	0.720825
12	166	0.715215
12	171	0.731331
12	174	0.728227
13	2	2.79547
13	62	0.70149
13	68	2.28162
13	161	0.72365
13	164	0.698681
13	165	0.706425
13	167	0.705178
13	169	0.720839
13	173	0.725476
13	176	0.714188
13	177	0.690819
13	178	0.705741
13	180	0.707513
14	38	0.708164
14	100	2.36084
14	119	0.682833
14	128	0.710179
14	129	0.712407
14	141	0.706979
14	152	0.718846
14	154	0.711379
14	157	0.722542
14	159	0.715254
14	160	3.0885
14	162	0.706374
14	163	0.705042
15	36	0.790226
15	121	0.775715
15	154	0.784621
15	156	0.785557
15	157	0.795784
15	159	0.788496
15	162	0.779616
15	163	0.778284
15	165	1.86231
15	171	0.788702
15	175	0.733
15	178	1.93903
15	180	1.76641
16	25	0.796651
16	43	0.783969
16	55	0.770743
16	63	0.761118
16	81	0.792982
16	87	0.783882
16	116	0.769706
16	126	0.797287
16	132	2.37104
16	144	0.777867
16	178	1.68516
16	179	0.765795
16	180	1.51254
17	12	0.674065
17	19	0.73391
17	48	0.688932
17	57	0.76767
17	75	0.674859
17	95	0.699621
17	104	0.726352
17	110	0.715804
17	166	0.696553
17	170	2.48289
17	171	0.712669
17	174	0.709565
17	177	2.96264
18	28	0.712722
18	57	0.76148
18	79	0.714198
18	91	3.1631
18	95	0.693431
18	104	0.720162
18	110	0.709614
18	134	0.692205
18	144	0.695973
18	166	0.690363
18	169	2.28389
18	171	0.706479
18	174	0.703374
19	2	0.738171
19	17	0.73391
19	28	0.797419
19	79	0.798895
19	95	0.778128
19	104	0.804859
19	110	0.794311
19	140	1.56271
19	161	1.81092
19	166	0.77506
19	171	0.791176
19	174	0.788072
19	179	2.19851
20	48	1.79063
20	57	1.21679
20	126	1.81696
20	137	0.788316
20	151	0.771744
20	155	0.784272
20	157	0.796424
20	162	0.780256
20	163	0.778924
20	173	0.787262
20	176	0.775975
20	178	0.767528
20	180	0.7693
21	111	0.71511
21	133	0.707143
21	135	0.725256
21	137	0.716477
21	138	0.718417
21	144	2.73666
21	147	0.706803
21	149	0.716655
21	151	0.699905
21	153	0.72
21	155	0.712433
21	161	2.71218
21	175	0.661801
22	79	1.15749
22	102	2.06747
22	154	1.60142
22	164	0.771234
22	167	0.77773
22	169	0.793392
22	170	0.788389
22	172	0.771967
22	173	0.798028
22	177	0.763371
22	178	0.778294
22	179	0.77753
22	180	0.780066
23	106	1.76293
23	131	1.30892
23	136	0.800731
23	152	1.757
23	160	0.791062
23	165	0.774275
23	170	0.783686
23	172	0.767264
23	173	0.793325
23	176	0.782037
23	177	0.758668
23	178	0.773591
23	180	0.775362
24	31	0.770086
24	32	1.73345
24	65	0.791025
24	93	0.74702
24	119	0.736146
24	128	0.763491
24	148	2.2118
24	152	0.772158
24	154	0.764692
24	158	2.0298
24	159	0.768567
24	162	0.759687
24	163	0.758355
24	171	0.768773
25	16	0.796651
25	26	0.787804
25	29	0.71006
25	77	0.701801
25	92	0.81681
25	97	0.760789
25	116	0.759547
25	117	0.756068
25	126	0.787127
25	144	0.767707
25	148	2.00125
25	174	1.77134
25	178	2.19976
25	179	0.755636
26	25	0.787804
26	45	1.69584
26	58	0.716007
26	64	0.7496
26	67	0.75005
26	81	0.784135
26	87	0.775035
26	97	0.762102
26	116	0.760859
26	126	0.78844
26	132	2.58922
26	144	0.76902
26	160	1.69057
26	179	0.756949
27	95	1.73372
27	141	1.65859
27	158	0.771805
27	162	1.85151
27	164	0.751654
27	165	0.759398
27	168	0.765921
27	169	0.773812
27	170	0.768809
27	173	0.778448
27	176	0.767161
27	177	0.743792
27	178	0.758714
27	180	0.760486
28	18	0.712722
28	19	0.797419
28	48	0.752441
28	75	0.738369
28	79	0.783898
28	85	0.763393
28	95	0.76313
28	109	0.98582
28	110	0.779313
28	113	2.84362
28	166	0.760062
28	171	0.776178
28	174	0.773074
28	175	2.14515
29	9	0.751555
29	25	0.71006
29	63	0.674527
29	76	0.67492
29	81	0.70639
29	87	0.697291
29	92	0.740379
29	97	0.684357
29	116	0.683115
29	120	2.94978
29	126	0.710695
29	134	0.687508
29	169	2.89769
29	179	0.679204
30	48	1.75646
30	148	0.770604
30	149	1.69143
30	163	1.77856
30	165	0.761475
30	167	0.760227
30	168	0.767997
30	169	0.775889
30	170	0.770886
30	172	0.754464
30	176	0.769238
30	177	0.745868
30	178	0.760791
30	180	0.762562
31	24	0.770086
31	71	2.06055
31	96	0.750557
31	117	2.03317
31	121	0.758262
31	128	0.765967
31	131	0.751448
31	139	0.772424
31	141	0.762767
31	154	0.767167
31	157	0.77833
31	162	0.762162
31	163	0.76083
31	167	1.87946
32	24	1.73345
32	63	1.82967
32	125	1.78612
32	160	0.776096
32	164	0.751565
32	168	0.765831
32	170	0.76872
32	172	0.752298
32	173	0.778359
32	174	0.777335
32	176	0.767072
32	177	0.743702
32	178	0.758625
32	180	0.760397
33	68	0.792009
33	115	1.88948
33	121	0.756744
33	139	0.770907
33	141	0.76125
33	152	0.773116
33	154	0.76565
33	157	0.776812
33	159	0.769525
33	162	0.760645
33	163	0.759313
33	165	2.22022
33	169	1.86158
33	175	0.714029
34	107	0.768135
34	123	0.754635
34	124	0.753055
34	135	0.783822
34	137	0.775044
34	142	0.771536
34	144	1.79964
34	147	0.765369
34	151	0.758472
34	153	0.778566
34	155	0.770999
34	160	1.98006
34	175	0.720368
34	178	2.19282
35	141	2.73504
35	148	0.705068
35	153	2.61678
35	158	0.708345
35	164	0.688194
35	168	0.702461
35	169	0.710352
35	170	0.70535
35	172	0.688928
35	173	0.714989
35	176	0.703701
35	177	0.680332
35	178	0.695254
35	180	0.697026
36	15	0.790226
36	93	0.749707
36	108	0.767099
36	109	1.9308
36	128	0.766178
36	141	0.762978
36	143	2.0217
36	152	0.774845
36	157	0.778541
36	159	0.771254
36	162	0.762373
36	163	0.761041
36	169	2.01923
36	175	0.715757
37	55	0.693618
37	56	0.692871
37	63	0.683994
37	64	0.681323
37	67	0.681772
37	76	0.684386
37	81	0.715857
37	87	0.706758
37	92	0.749846
37	126	0.720162
37	144	0.700743
37	161	2.39813
37	175	3.45132
37	179	0.688671
38	14	0.708164
38	47	0.736045
38	59	1.52449
38	72	0.770237
38	85	2.28794
38	105	0.761013
38	141	0.754158
38	152	0.766024
38	156	0.759494
38	157	0.769721
38	159	0.762433
38	162	0.753553
38	163	0.752221
38	167	2.56138
38	175	0.706937
39	108	1.96783
39	118	1.56797
39	126	2.09138
39	150	0.743721
39	165	0.747507
39	167	0.74626
39	168	0.75403
39	169	0.761921
39	170	0.756918
39	172	0.740497
39	173	0.766557
39	176	0.75527
39	177	0.731901
39	178	0.746823
39	180	0.748595
40	70	2.19503
40	114	1.85288
40	160	0.76258
40	163	1.57797
40	165	0.745793
40	167	0.744545
40	168	0.752315
40	169	0.760207
40	170	0.755204
40	172	0.738782
40	173	0.764843
40	176	0.753556
40	177	0.730186
40	178	0.745109
40	180	0.746881
41	86	1.96553
41	122	1.67356
41	130	0.763337
41	133	1.98682
41	158	0.756802
41	161	0.76162
41	164	0.736651
41	165	0.744396
41	167	0.743148
41	169	0.758809
41	170	0.753807
41	173	0.763446
41	177	0.728789
41	178	0.743712
41	180	0.745483
42	90	0.728265
42	93	0.730032
42	94	2.15112
42	103	0.816168
42	128	0.746503
42	129	0.748731
42	131	0.731984
42	143	2.06165
42	146	2.16138
42	152	0.75517
42	156	0.748639
42	157	0.758866
42	159	0.751578
42	162	0.742698
42	163	0.741366
43	16	0.783969
43	54	0.744348
43	55	0.747901
43	56	0.747153
43	63	0.738276
43	67	0.736055
43	76	0.738669
43	97	0.748107
43	116	0.746865
43	126	0.774445
43	127	1.89202
43	134	0.751257
43	160	2.14064
43	172	2.3398
43	179	0.742954
44	77	0.589376
44	131	5.47529
44	160	0.661446
44	161	0.661883
44	165	0.644658
44	167	0.643411
44	168	0.651181
44	169	0.659072
44	170	0.65407
44	173	0.663709
44	176	0.652421
44	177	0.629052
44	178	0.643974
44	180	0.645746
45	26	1.69584
45	83	2.33802
45	157	1.71633
45	160	0.761791
45	161	0.762229
45	165	0.745004
45	167	0.743757
45	168	0.751527
45	169	0.759418
45	170	0.754415
45	172	0.737994
45	173	0.764055
45	177	0.729398
45	178	0.74432
45	180	0.746092
46	80	0.746024
46	86	0.742176
46	94	2.0444
46	122	0.766824
46	125	0.756843
46	135	0.762676
46	137	0.753898
46	142	0.75039
46	147	0.744223
46	151	0.737326
46	153	0.75742
46	155	0.749853
46	169	1.95246
46	172	2.37421
46	179	0.732346
47	38	0.736045
47	53	0.723811
47	59	1.69829
47	65	0.765593
47	93	0.721588
47	106	0.735692
47	121	0.730354
47	152	0.746726
47	154	0.73926
47	156	0.740196
47	157	0.750422
47	159	0.743135
47	161	2.42223
47	162	0.734255
47	163	0.732923
47	164	2.65093
48	5	0.697691
48	17	0.688932
48	20	1.79063
48	28	0.752441
48	30	1.75646
48	57	0.801199
48	75	0.708388
48	79	0.753918
48	95	0.73315
48	104	0.759881
48	110	0.749333
48	144	0.735692
48	166	0.730082
48	171	0.746198
48	174	0.743094
48	175	2.97818
49	57	1.21091
49	103	1.29388
49	108	1.68753
49	145	0.804782
49	152	1.71025
49	161	0.81372
49	164	0.788751
49	167	0.795248
49	168	0.803018
49	169	0.810909
49	172	0.789485
49	173	0.815546
49	176	0.804258
49	177	0.780889
49	178	0.795811
49	180	0.797583
50	7	2.35003
50	88	0.740962
50	96	0.725466
50	99	2.12313
50	119	0.71353
50	129	0.743104
50	131	0.726357
50	139	0.747333
50	154	0.742076
50	156	0.743013
50	157	0.753239
50	159	0.745952
50	162	0.737071
50	163	0.735739
50	171	0.746157
50	176	2.17054
51	124	2.64202
51	131	1.64004
51	140	0.750768
51	150	0.729233
51	157	1.7438
51	160	0.749806
51	161	0.750243
51	166	0.738033
51	167	0.731771
51	169	0.747433
51	172	0.726008
51	173	0.752069
51	176	0.740782
51	177	0.717412
51	178	0.732335
51	180	0.734107
52	110	1.94672
52	135	2.04902
52	139	2.03502
52	158	0.749414
52	160	0.753794
52	165	0.737007
52	167	0.735759
52	168	0.743529
52	169	0.751421
52	172	0.729996
52	173	0.756057
52	175	0.702435
52	176	0.74477
52	177	0.7214
52	178	0.736323
52	180	0.738095
53	47	0.723811
53	98	0.722234
53	99	2.26416
53	119	0.717778
53	121	0.737418
53	129	0.747352
53	130	2.0981
53	131	0.730605
53	141	0.741924
53	152	0.75379
53	154	0.746324
53	156	0.74726
53	159	0.750199
53	162	0.741319
53	163	0.739987
53	180	2.40601
54	43	0.744348
54	116	0.730085
54	122	1.84715
54	124	2.38252
54	126	0.757665
54	152	0.752137
54	153	1.79487
54	157	0.755834
54	161	0.744846
54	162	0.739666
54	163	0.738334
54	164	0.719878
54	176	0.735385
54	178	0.726938
54	179	0.726174
54	180	0.72871
55	16	0.770743
55	37	0.693618
55	43	0.747901
55	56	0.733927
55	64	0.722379
55	76	0.725443
55	81	0.756913
55	87	0.747814
55	97	0.734881
55	116	0.733638
55	126	0.761218
55	144	0.741799
55	165	2.45709
55	170	2.21054
55	174	2.10539
55	179	0.729727
56	37	0.692871
56	43	0.747153
56	55	0.733927
56	62	2.48732
56	67	0.722081
56	76	0.724695
56	81	0.756166
56	87	0.747066
56	92	0.790154
56	97	0.734133
56	116	0.732891
56	117	0.729412
56	126	0.760471
56	173	1.96817
56	178	2.31588
56	179	0.72898
57	2	0.771931
57	5	0.776429
57	17	0.76767
57	18	0.76148
57	20	1.21679
57	48	0.801199
57	49	1.21091
57	75	0.787126
57	95	0.811888
57	104	0.838619
57	110	0.828071
57	117	1.81781
57	166	0.80882
57	171	0.824936
57	174	0.821832
57	175	2.40435
58	26	0.716007
58	64	0.67649
58	75	2.94017
58	82	0.589568
58	88	0.701221
58	126	0.715329
58	151	3.21096
58	156	0.703271
58	159	0.70621
58	162	0.69733
58	168	0.691808
58	172	0.678275
58	177	0.669679
58	178	0.684602
58	179	0.683838
58	180	0.686373
59	38	1.52449
59	47	1.69829
59	74	2.11725
59	100	0.818003
59	141	1.21106
59	158	0.788895
59	160	0.793275
59	165	0.776488
59	168	0.78301
59	169	0.790902
59	170	0.785899
59	172	0.769477
59	173	0.795538
59	176	0.784251
59	177	0.760881
59	178	0.775804
59	180	0.777576
60	80	1.53771
60	123	1.54941
60	124	1.83678
60	143	0.789585
60	150	0.777572
60	155	1.37941
60	161	0.798583
60	164	0.773614
60	165	0.781358
60	169	0.795772
60	170	0.790769
60	172	0.774347
60	173	0.800408
60	176	0.789121
60	177	0.765751
60	178	0.780674
60	180	0.782446
61	122	2.03495
61	123	2.28295
61	148	0.733544
61	158	0.736821
61	159	2.11016
61	161	0.741639
61	164	0.716671
61	165	0.724415
61	167	0.723167
61	169	0.738829
61	170	0.733826
61	172	0.717404
61	173	0.743465
61	176	0.732178
61	177	0.708808
61	178	0.723731
61	180	0.725503
62	13	0.70149
62	56	2.48732
62	86	0.731122
62	87	1.84332
62	110	2.22267
62	124	0.720855
62	129	0.740817
62	146	0.729055
62	151	0.726272
62	155	0.7388
62	157	0.750952
62	159	0.743664
62	163	0.733452
62	176	0.730503
62	177	0.707133
62	178	0.722056
62	180	0.723828
63	16	0.761118
63	29	0.674527
63	32	1.82967
63	37	0.683994
63	43	0.738276
63	64	0.712755
63	67	0.713204
63	81	0.747289
63	87	0.738189
63	92	0.781277
63	97	0.725256
63	116	0.724013
63	126	0.751594
63	134	0.728406
63	174	2.07811
63	175	3.14206
63	179	0.720103
64	9	0.789783
64	26	0.7496
64	37	0.681323
64	55	0.722379
64	58	0.67649
64	63	0.712755
64	76	0.713147
64	81	0.744618
64	92	0.778607
64	109	2.2732
64	116	0.721343
64	117	0.717864
64	126	0.748923
64	130	2.31645
64	134	0.725736
64	160	2.58423
64	179	0.717432
65	24	0.791025
65	47	0.765593
65	98	0.764016
65	129	0.789134
65	131	0.772387
65	134	1.68405
65	139	0.793363
65	141	0.783706
65	144	1.67052
65	152	0.795573
65	157	0.799269
65	159	0.791981
65	162	0.783101
65	163	0.781769
65	173	1.71598
65	174	0.789083
65	177	2.22018
66	8	0.692838
66	99	2.36789
66	101	2.31832
66	108	0.73322
66	121	0.724593
66	129	0.734527
66	132	0.700376
66	139	0.738756
66	141	0.729099
66	152	0.740966
66	154	0.733499
66	156	0.734435
66	157	0.744662
66	159	0.737374
66	162	0.728494
66	163	0.727162
66	166	2.47355
67	26	0.75005
67	37	0.681772
67	43	0.736055
67	56	0.722081
67	63	0.713204
67	76	0.713597
67	87	0.735968
67	92	0.779056
67	97	0.723035
67	116	0.721792
67	126	0.749372
67	134	0.726185
67	144	0.729953
67	166	2.0958
67	175	2.94016
67	179	0.717881
67	180	2.132
68	13	2.28162
68	33	0.792009
68	90	0.768695
68	119	0.759587
68	129	0.78916
68	131	0.772414
68	145	1.42328
68	150	1.72101
68	152	0.795599
68	154	0.788132
68	156	0.789069
68	157	0.799295
68	159	0.792008
68	162	0.783128
68	163	0.781795
68	165	1.73915
68	174	0.789109
69	76	0.715693
69	105	0.740929
69	116	0.723889
69	118	1.83962
69	126	0.751469
69	153	2.22844
69	154	0.738474
69	155	2.35872
69	157	0.749637
69	162	0.733469
69	163	0.732137
69	170	0.730836
69	172	0.714415
69	177	0.705819
69	178	0.720741
69	179	0.719978
69	180	0.722513
70	40	2.19503
70	118	0.777192
70	122	0.734537
70	123	0.701201
70	124	0.699622
70	133	0.712277
70	134	2.60216
70	135	0.730389
70	137	0.72161
70	138	0.72355
70	142	0.718103
70	146	2.64865
70	147	0.711936
70	149	0.721788
70	151	0.705038
70	153	0.725133
70	155	0.717566
70	179	0.700059
71	31	2.06055
71	130	0.733446
71	140	0.732254
71	151	2.45066
71	158	0.726911
71	160	0.731292
71	163	2.44112
71	164	0.706761
71	165	0.714505
71	167	0.713257
71	168	0.721027
71	169	0.728919
71	172	0.707494
71	173	0.733555
71	176	0.722268
71	177	0.698898
71	178	0.713821
71	180	0.715593
72	38	0.770237
72	88	0.772338
72	96	0.756842
72	106	0.769885
72	117	2.09962
72	129	0.77448
72	131	0.757733
72	139	0.778709
72	150	1.95576
72	154	0.773452
72	156	0.774389
72	157	0.784615
72	159	0.777328
72	162	0.768447
72	163	0.767115
72	169	1.61526
72	174	0.774429
72	179	2.02055
73	107	0.774378
73	113	0.708578
73	123	0.760877
73	125	0.784232
73	130	1.87569
73	135	0.790065
73	137	0.781287
73	138	0.783227
73	142	0.777779
73	144	1.96304
73	146	2.02307
73	147	0.771612
73	149	0.781464
73	151	0.764715
73	153	0.784809
73	155	0.777242
73	171	1.83747
73	179	0.759735
74	59	2.11725
74	102	0.706289
74	114	0.715207
74	122	0.741911
74	124	0.706995
74	125	0.731929
74	133	0.71965
74	137	0.728984
74	138	0.730924
74	140	2.59298
74	142	0.725476
74	147	0.719309
74	149	0.729161
74	151	0.712412
74	153	0.732506
74	155	0.72494
74	171	2.74009
74	175	0.674308
75	2	0.67912
75	5	0.683618
75	12	0.693522
75	17	0.674859
75	28	0.738369
75	48	0.708388
75	57	0.787126
75	58	2.94017
75	79	0.739845
75	95	0.719078
75	104	0.745808
75	110	0.73526
75	120	1.72023
75	132	2.78938
75	134	0.717851
75	166	0.716009
75	171	0.732125
75	174	0.729021
76	29	0.67492
76	37	0.684386
76	43	0.738669
76	55	0.725443
76	56	0.724695
76	64	0.713147
76	67	0.713597
76	69	0.715693
76	77	0.666661
76	87	0.738582
76	92	0.78167
76	97	0.725649
76	116	0.724406
76	126	0.751986
76	170	2.24017
76	174	2.13502
76	175	3.19897
76	179	0.720495
77	25	0.701801
77	44	0.589376
77	76	0.666661
77	116	0.674856
77	121	3.47724
77	126	0.702436
77	145	0.680679
77	147	0.682822
77	149	0.692674
77	153	0.696019
77	155	0.688453
77	157	3.47472
77	167	0.671145
77	176	0.680156
77	177	0.656786
77	178	0.671709
77	179	0.670945
77	180	0.673481
78	84	0.725869
78	102	0.705542
78	123	0.707828
78	124	0.706249
78	125	0.731182
78	133	0.718904
78	134	2.48471
78	137	0.728237
78	138	0.730177
78	142	0.72473
78	147	0.718563
78	149	0.728415
78	151	0.711665
78	153	0.73176
78	155	0.724193
78	158	2.48385
78	176	2.59729
78	179	0.706686
79	2	0.724649
79	5	0.729147
79	12	0.739051
79	18	0.714198
79	19	0.798895
79	22	1.15749
79	28	0.783898
79	48	0.753918
79	75	0.739845
79	104	0.791337
79	110	0.78079
79	132	2.56884
79	134	0.763381
79	144	0.767149
79	166	0.761538
79	168	1.72655
79	171	0.777654
79	174	0.77455
79	175	2.51849
80	46	0.746024
80	60	1.53771
80	89	1.98682
80	107	0.753101
80	118	0.815591
80	122	0.772936
80	124	0.738021
80	125	0.762955
80	133	0.750676
80	135	0.768788
80	138	0.76195
80	142	0.756502
80	146	2.18982
80	147	0.750335
80	149	0.760187
80	151	0.743438
80	153	0.763532
80	155	0.755965
80	176	2.25591
81	16	0.792982
81	26	0.784135
81	29	0.70639
81	37	0.715857
81	55	0.756913
81	56	0.756166
81	63	0.747289
81	64	0.744618
81	87	0.770053
81	92	0.813141
81	97	0.757119
81	116	0.755877
81	126	0.783457
81	144	0.764038
81	160	1.91685
81	170	1.80634
81	171	1.61085
81	175	2.76515
81	179	0.751966
82	58	0.589568
82	97	7.07377
82	124	0.630073
82	142	0.648554
82	147	0.642387
82	155	0.648017
82	156	0.649943
82	159	0.652882
82	162	0.644001
82	163	0.642669
82	164	0.624213
82	168	0.63848
82	171	0.653087
82	172	0.624947
82	177	0.616351
82	178	0.631273
82	179	0.63051
82	180	0.633045
83	6	1.6059
83	45	2.33802
83	114	0.753469
83	122	0.780173
83	124	0.745258
83	125	0.770192
83	133	0.757913
83	135	0.776025
83	137	0.767247
83	138	0.769187
83	140	1.87965
83	142	0.763739
83	149	0.767424
83	151	0.750675
83	153	0.770769
83	155	0.763202
83	166	0.752157
83	171	2.02676
83	175	0.712571
84	4	0.800762
84	78	0.725869
84	111	0.764147
84	123	0.745105
84	124	0.743525
84	125	0.768459
84	133	0.75618
84	137	0.765514
84	138	0.767454
84	140	1.7619
84	142	0.762006
84	147	0.75584
84	149	0.765691
84	151	0.748942
84	153	0.769036
84	155	0.76147
84	171	1.90901
84	174	1.99935
84	178	2.42777
85	28	0.763393
85	38	2.28794
85	104	0.770833
85	110	0.760285
85	116	1.91405
85	131	1.44193
85	135	0.764902
85	149	0.756301
85	151	0.739552
85	153	0.759646
85	155	0.752079
85	159	1.98374
85	164	0.728275
85	167	0.734772
85	168	0.742542
85	171	0.757149
85	174	0.754045
85	176	0.743783
85	178	0.735336
85	180	0.737107
86	41	1.96553
86	46	0.742176
86	62	0.731122
86	111	0.754794
86	122	0.769088
86	123	0.735752
86	124	0.734172
86	133	0.746827
86	135	0.764939
86	137	0.756161
86	138	0.758101
86	142	0.752653
86	147	0.746487
86	149	0.756338
86	151	0.739589
86	153	0.759683
86	155	0.752117
86	158	2.19814
86	171	2.05989
86	174	2.15023
87	16	0.783882
87	26	0.775035
87	29	0.697291
87	37	0.706758
87	55	0.747814
87	56	0.747066
87	62	1.84332
87	63	0.738189
87	67	0.735968
87	76	0.738582
87	81	0.770053
87	91	2.11573
87	92	0.804041
87	97	0.74802
87	113	3.00589
87	116	0.746778
87	117	0.743299
87	126	0.774358
87	176	1.40482
87	179	0.742867
88	10	2.38256
88	50	0.740962
88	58	0.701221
88	72	0.772338
88	106	0.757092
88	119	0.732113
88	128	0.759459
88	129	0.761687
88	131	0.74494
88	141	0.756259
88	152	0.768126
88	154	0.760659
88	156	0.761595
88	159	0.764534
88	162	0.755654
88	163	0.754322
88	165	2.061
88	173	1.79
88	175	0.709038
88	178	2.13772
89	80	1.98682
89	106	1.73793
89	124	2.2859
89	135	1.61738
89	143	0.755733
89	145	0.755793
89	158	0.759913
89	160	0.764293
89	161	0.764731
89	164	0.739762
89	167	0.746259
89	168	0.754029
89	170	0.756917
89	172	0.740496
89	173	0.766556
89	175	0.712934
89	176	0.755269
89	177	0.731899
89	178	0.746822
89	180	0.748594
90	42	0.728265
90	68	0.768695
90	93	0.724664
90	108	0.742056
90	112	0.735788
90	121	0.73343
90	128	0.741135
90	131	0.726616
90	134	2.10185
90	139	0.747592
90	152	0.749802
90	154	0.742335
90	156	0.743272
90	157	0.753498
90	159	0.746211
90	161	2.06383
90	162	0.73733
90	163	0.735998
90	166	2.27267
90	174	0.743312
90	179	2.45142
91	18	3.1631
91	87	2.11573
91	130	0.71659
91	135	2.59737
91	136	0.724105
91	148	0.706778
91	150	0.693863
91	158	0.710056
91	160	0.714436
91	161	0.714873
91	164	0.689905
91	165	0.697649
91	168	0.704171
91	169	0.712063
91	170	0.70706
91	172	0.690638
91	173	0.716699
91	176	0.705412
91	178	0.696965
91	180	0.698737
92	25	0.81681
92	29	0.740379
92	37	0.749846
92	56	0.790154
92	63	0.781277
92	64	0.778607
92	67	0.779056
92	76	0.78167
92	81	0.813141
92	87	0.804041
92	97	0.791108
92	116	0.789866
92	117	0.786387
92	126	0.817446
92	134	0.794258
92	161	1.54092
92	168	1.80218
92	172	1.94497
92	173	1.61086
92	177	2.11506
92	179	0.785955
93	24	0.74702
93	36	0.749707
93	42	0.730032
93	47	0.721588
93	90	0.724664
93	103	0.812566
93	112	0.737554
93	121	0.735196
93	127	2.05337
93	130	2.03422
93	131	0.728383
93	152	0.751568
93	154	0.744101
93	156	0.745038
93	157	0.755264
93	159	0.747977
93	162	0.739097
93	163	0.737764
93	166	2.30594
93	172	2.50115
93	175	0.69248
94	42	2.15112
94	46	2.0444
94	146	0.743085
94	150	0.732984
94	154	1.98346
94	156	1.97378
94	158	0.749177
94	160	0.753558
94	161	0.753995
94	164	0.729026
94	165	0.73677
94	167	0.735523
94	168	0.743293
94	169	0.751184
94	170	0.746182
94	172	0.72976
94	173	0.755821
94	176	0.744533
94	177	0.721164
94	178	0.736086
94	180	0.737858
95	2	0.703882
95	5	0.70838
95	12	0.718283
95	17	0.699621
95	18	0.693431
95	19	0.778128
95	27	1.73372
95	28	0.76313
95	48	0.73315
95	57	0.811888
95	75	0.719078
95	104	0.77057
95	110	0.760022
95	127	1.9664
95	134	0.742613
95	144	0.746381
95	161	2.01012
95	166	0.740771
95	171	0.756887
95	174	0.753783
95	175	3.06332
96	31	0.750557
96	50	0.725466
96	72	0.756842
96	105	0.747617
96	112	0.738615
96	119	0.716617
96	128	0.743962
96	129	0.74619
96	139	0.75042
96	141	0.740762
96	143	2.02865
96	150	2.36668
96	152	0.752629
96	154	0.745162
96	156	0.746099
96	157	0.756325
96	159	0.749038
96	162	0.740158
96	165	2.38481
96	173	2.11382
96	175	0.693541
97	25	0.760789
97	26	0.762102
97	29	0.684357
97	43	0.748107
97	55	0.734881
97	56	0.734133
97	63	0.725256
97	67	0.723035
97	76	0.725649
97	81	0.757119
97	82	7.07377
97	87	0.74802
97	92	0.791108
97	116	0.733844
97	126	0.761424
97	132	0.808828
97	134	0.738237
97	144	0.742005
97	160	0.134033
97	175	0.758482
97	179	0.729933
98	1	0.697654
98	53	0.722234
98	65	0.764016
98	106	0.734116
98	109	2.21066
98	112	0.731136
98	128	0.736483
98	129	0.738711
98	136	2.15975
98	141	0.733283
98	152	0.74515
98	154	0.737683
98	156	0.738619
98	157	0.748846
98	158	2.35395
98	159	0.741558
98	162	0.732678
98	163	0.731346
98	171	0.741764
98	174	0.73866
98	175	0.686062
98	180	2.56183
99	50	2.12313
99	53	2.26416
99	66	2.36789
99	127	0.748623
99	140	0.74376
99	145	0.734297
99	146	0.732325
99	148	0.73514
99	153	1.91992
99	160	0.742798
99	161	0.743235
99	165	0.726011
99	167	0.724763
99	168	0.732533
99	169	0.740425
99	170	0.735422
99	172	0.719
99	173	0.745061
99	176	0.733774
99	177	0.710404
99	178	0.725327
99	180	0.727099
100	14	2.36084
100	59	0.818003
100	104	1.24639
100	119	1.74148
100	137	1.53531
100	143	0.777417
100	146	0.775504
100	150	0.765403
100	158	0.781596
100	159	1.42146
100	160	0.785977
100	161	0.786414
100	164	0.761445
100	165	0.769189
100	168	0.775712
100	169	0.783603
100	172	0.762179
100	173	0.78824
100	176	0.776952
100	177	0.753583
100	178	0.768506
100	180	0.770277
101	66	2.31832
101	111	1.94717
101	112	1.92904
101	130	0.744823
101	136	0.752337
101	140	0.743631
101	142	2.27006
101	143	0.734108
101	158	0.738288
101	160	0.742668
101	161	0.743106
101	164	0.718137
101	165	0.725881
101	168	0.732404
101	169	0.740295
101	172	0.718871
101	173	0.744932
101	176	0.733644
101	177	0.710275
101	178	0.725197
101	179	0.724434
101	180	0.726969
102	22	2.06747
102	74	0.706289
102	78	0.705542
102	114	0.731411
102	115	2.38547
102	122	0.758115
102	123	0.724779
102	125	0.748133
102	133	0.735854
102	135	0.753966
102	137	0.745188
102	138	0.747128
102	140	2.12706
102	147	0.735514
102	148	2.59443
102	149	0.745365
102	151	0.728616
102	153	0.74871
102	155	0.741144
102	166	0.730098
102	175	0.690512
102	179	0.723637
103	42	0.816168
103	49	1.29388
103	93	0.812566
103	106	0.82667
103	119	0.801692
103	121	0.821332
103	128	0.829037
103	131	0.814519
103	134	1.47214
103	139	0.835495
103	141	0.825838
103	152	0.837704
103	154	0.830238
103	156	0.831174
103	158	1.47128
103	159	0.834113
103	162	0.825233
103	163	0.823901
103	171	0.834319
103	173	1.50407
103	178	1.85178
103	179	1.82172
104	2	0.730613
104	5	0.735111
104	12	0.745014
104	17	0.726352
104	18	0.720162
104	19	0.804859
104	48	0.759881
104	57	0.838619
104	75	0.745808
104	79	0.791337
104	85	0.770833
104	95	0.77057
104	100	1.24639
104	110	0.786753
104	130	1.70627
104	132	2.87269
104	134	0.769344
104	144	0.773112
104	166	0.767502
104	168	2.0304
104	171	0.783618
104	173	1.83909
104	174	0.780514
105	38	0.761013
105	69	0.740929
105	96	0.747617
105	106	0.76066
105	108	0.763949
105	119	0.735682
105	121	0.755322
105	128	0.763027
105	131	0.748509
105	132	0.731105
105	139	0.769485
105	141	0.759828
105	152	0.771694
105	156	0.765164
105	157	0.77539
105	162	0.759223
105	163	0.757891
105	171	0.768308
105	172	2.04055
105	174	0.765204
105	177	2.21064
105	178	2.05416
105	179	2.02409
105	180	1.88154
106	1	0.718177
106	23	1.76293
106	47	0.735692
106	72	0.769885
106	88	0.757092
106	89	1.73793
106	98	0.734116
106	103	0.82667
106	105	0.76066
106	129	0.759233
106	131	0.742487
106	139	0.763463
106	141	0.753805
106	152	0.765672
106	154	0.758205
106	156	0.759142
106	157	0.769368
106	159	0.762081
106	162	0.753201
106	163	0.751868
106	168	2.11767
106	174	0.759182
106	179	2.24401
106	180	2.10146
107	34	0.768135
107	73	0.774378
107	80	0.753101
107	114	0.747197
107	118	0.816556
107	122	0.773901
107	124	0.738985
107	125	0.763919
107	133	0.75164
107	135	0.769752
107	137	0.760974
107	142	0.757466
107	143	1.92426
107	147	0.751299
107	149	0.761151
107	151	0.744402
107	153	0.764496
107	155	0.75693
107	158	1.97664
107	168	2.20074
107	174	1.92873
107	175	0.706298
107	179	0.739422
107	180	2.18453
108	1	0.721465
108	36	0.767099
108	39	1.96783
108	49	1.68753
108	66	0.73322
108	90	0.742056
108	105	0.763949
108	112	0.754947
108	128	0.760294
108	129	0.762522
108	139	0.766751
108	141	0.757094
108	152	0.768961
108	154	0.761494
108	156	0.76243
108	157	0.772657
108	159	0.765369
108	160	2.03267
108	162	0.756489
108	163	0.755157
108	166	2.03661
108	171	0.765575
108	174	0.762471
108	178	2.24543
109	28	0.98582
109	36	1.9308
109	64	2.2732
109	98	2.21066
109	127	0.774307
109	133	2.07613
109	143	0.759921
109	145	0.75998
109	146	0.758008
109	158	0.764101
109	160	0.768481
109	161	0.768919
109	164	0.74395
109	165	0.751694
109	167	0.750447
109	168	0.758216
109	169	0.766108
109	170	0.761105
109	172	0.744683
109	173	0.770744
109	176	0.759457
109	177	0.736087
109	178	0.75101
109	180	0.752782
110	2	0.720065
110	5	0.724563
110	12	0.734466
110	17	0.715804
110	18	0.709614
110	19	0.794311
110	28	0.779313
110	48	0.749333
110	52	1.94672
110	57	0.828071
110	62	2.22267
110	75	0.73526
110	79	0.78079
110	85	0.760285
110	95	0.760022
110	104	0.786753
110	134	0.758796
110	144	0.762564
110	166	0.756954
110	168	1.89483
110	171	0.77307
110	174	0.769966
110	179	2.02116
110	180	1.87861
111	21	0.71511
111	84	0.764147
111	86	0.754794
111	101	1.94717
111	114	0.752738
111	122	0.779442
111	123	0.746106
111	125	0.76946
111	127	1.84984
111	132	0.730337
111	133	0.757182
111	135	0.775294
111	137	0.766515
111	138	0.768455
111	142	0.763008
111	147	0.756841
111	149	0.766693
111	151	0.749943
111	153	0.770038
111	155	0.762471
111	164	2.12226
111	166	0.751425
111	169	1.87586
111	172	2.29762
112	7	2.20551
112	90	0.735788
112	93	0.737554
112	96	0.738615
112	98	0.731136
112	101	1.92904
112	108	0.754947
112	119	0.72668
112	120	1.90982
112	128	0.754025
112	129	0.756253
112	131	0.739507
112	139	0.760483
112	141	0.750825
112	152	0.762692
112	154	0.755226
112	156	0.756162
112	157	0.766388
112	159	0.759101
112	162	0.750221
112	163	0.748888
112	167	2.18838
112	168	2.13668
112	171	0.759306
112	174	0.756202
113	28	2.84362
113	73	0.708578
113	87	3.00589
113	116	3.6262
113	121	0.683214
113	122	0.708101
113	130	0.694012
113	133	0.685841
113	139	0.697377
113	141	0.68772
113	142	0.691667
113	149	0.695352
113	153	0.698697
113	156	0.693056
113	157	0.703282
113	161	0.692295
113	163	0.685783
113	172	0.66806
113	175	0.640499
113	176	0.682834
113	177	0.659464
113	178	0.674387
113	179	0.673623
113	180	0.676159
114	4	0.789354
114	40	1.85288
114	74	0.715207
114	83	0.753469
114	102	0.731411
114	107	0.747197
114	111	0.752738
114	118	0.809687
114	124	0.732117
114	125	0.757051
114	133	0.744772
114	135	0.762884
114	137	0.754105
114	138	0.756045
114	140	1.97379
114	142	0.750598
114	147	0.744431
114	149	0.754283
114	151	0.737533
114	153	0.757628
114	155	0.750061
114	158	2.25915
114	171	2.1209
114	173	2.29194
114	175	0.69943
115	4	1.6466
115	33	1.88948
115	102	2.38547
115	127	0.767591
115	128	1.89009
115	136	0.771434
115	143	0.753205
115	147	1.94216
115	148	0.754107
115	150	0.741192
115	158	0.757385
115	160	0.761765
115	161	0.762203
115	164	0.737234
115	167	0.743731
115	168	0.7515
115	169	0.759392
115	170	0.754389
115	172	0.737967
115	173	0.764028
115	175	0.710406
115	176	0.752741
115	177	0.729371
115	178	0.744294
115	180	0.746066
116	16	0.769706
116	25	0.759547
116	26	0.760859
116	29	0.683115
116	43	0.746865
116	54	0.730085
116	55	0.733638
116	56	0.732891
116	63	0.724013
116	64	0.721343
116	67	0.721792
116	69	0.723889
116	76	0.724406
116	77	0.674856
116	81	0.755877
116	85	1.91405
116	87	0.746778
116	92	0.789866
116	97	0.733844
116	113	3.6262
116	126	0.760182
116	127	1.83081
116	134	0.736995
116	144	0.740763
116	171	1.77344
116	176	2.02513
116	179	0.728691
117	25	0.756068
117	31	2.03317
117	56	0.729412
117	57	1.81781
117	64	0.717864
117	72	2.09962
117	87	0.743299
117	92	0.786387
117	123	0.726355
117	126	0.756703
117	138	0.748704
117	139	2.18853
117	142	0.743256
117	147	0.737089
117	151	0.730192
117	153	0.750286
117	155	0.742719
117	163	2.41375
117	164	0.718916
117	167	0.725412
117	168	0.733182
117	170	0.736071
117	172	0.719649
117	176	0.734423
117	177	0.711053
117	179	0.725212
117	180	0.727748
118	39	1.56797
118	69	1.83962
118	70	0.777192
118	80	0.815591
118	107	0.816556
118	114	0.809687
118	122	0.836391
118	123	0.803055
118	124	0.801476
118	132	0.787287
118	133	0.814131
118	137	0.823464
118	138	0.825404
118	142	0.819957
118	147	0.81379
118	148	1.64707
118	149	0.823642
118	151	0.806893
118	153	0.826987
118	155	0.81942
118	161	1.42791
118	166	0.808375
118	169	1.41021
118	170	1.5223
118	175	0.768789
118	177	2.00206
118	179	0.801913
119	14	0.682833
119	24	0.736146
119	50	0.71353
119	53	0.717778
119	68	0.759587
119	88	0.732113
119	96	0.716617
119	100	1.74148
119	103	0.801692
119	105	0.735682
119	112	0.72668
119	128	0.732027
119	131	0.717508
119	139	0.738484
119	141	0.728827
119	145	2.28932
119	152	0.740694
119	154	0.733227
119	156	0.734163
119	157	0.74439
119	159	0.737102
119	162	0.728222
119	163	0.72689
119	164	2.49294
119	174	0.734204
119	175	0.681606
119	179	2.65184
119	180	2.50928
120	5	2.01557
120	29	2.94978
120	75	1.72023
120	112	1.90982
120	125	2.07971
120	127	0.752423
120	136	0.756267
120	140	0.74756
120	145	0.738097
120	146	0.736125
120	150	0.726025
120	158	0.742218
120	160	0.746598
120	161	0.747035
120	164	0.722067
120	165	0.729811
120	166	0.734825
120	167	0.728563
120	168	0.736333
120	169	0.744225
120	172	0.7228
120	173	0.748861
120	176	0.737574
120	177	0.714204
120	178	0.729127
120	179	0.728363
120	180	0.730899
121	15	0.775715
121	31	0.758262
121	33	0.756744
121	47	0.730354
121	53	0.737418
121	66	0.724593
121	77	3.47724
121	90	0.73343
121	93	0.735196
121	103	0.821332
121	105	0.755322
121	113	0.683214
121	128	0.751667
121	129	0.753895
121	131	0.737148
121	139	0.758124
121	141	0.748467
121	148	1.72785
121	152	0.760334
121	154	0.752867
121	156	0.753804
121	157	0.76403
121	159	0.756743
121	160	1.71359
121	162	0.747862
121	163	0.74653
121	166	1.71753
121	171	0.756948
121	177	2.08283
121	179	1.89628
122	41	1.67356
122	46	0.766824
122	54	1.84715
122	61	2.03495
122	70	0.734537
122	74	0.741911
122	80	0.772936
122	83	0.780173
122	86	0.769088
122	102	0.758115
122	107	0.773901
122	111	0.779442
122	113	0.708101
122	118	0.836391
122	123	0.7604
122	124	0.758821
122	133	0.771476
122	135	0.789588
122	137	0.78081
122	138	0.78275
122	142	0.777302
122	149	0.780987
122	151	0.764238
122	153	0.784332
122	155	0.776765
122	158	1.90617
122	165	2.20995
122	166	0.76572
122	171	1.76791
122	174	1.85825
122	175	0.726134
122	179	0.759258
123	34	0.754635
123	60	1.54941
123	61	2.28295
123	70	0.701201
123	73	0.760877
123	78	0.707828
123	84	0.745105
123	86	0.735752
123	102	0.724779
123	111	0.746106
123	117	0.726355
123	118	0.803055
123	122	0.7604
123	124	0.725485
123	132	0.711296
123	133	0.73814
123	135	0.756252
123	137	0.747474
123	138	0.749414
123	142	0.743966
123	145	2.14209
123	147	0.737799
123	149	0.747651
123	151	0.730902
123	153	0.750996
123	155	0.743429
123	166	0.732384
123	167	2.42996
123	172	2.52106
123	175	0.692798
123	179	0.725922
123	180	2.36205
124	11	1.74858
124	34	0.753055
124	51	2.64202
124	54	2.38252
124	60	1.83678
124	62	0.720855
124	70	0.699622
124	74	0.706995
124	78	0.706249
124	80	0.738021
124	82	0.630073
124	83	0.745258
124	84	0.743525
124	86	0.734172
124	89	2.2859
124	107	0.738985
124	114	0.732117
124	118	0.801476
124	122	0.758821
124	123	0.725485
124	125	0.748839
124	132	0.709716
124	133	0.73656
124	135	0.754672
124	137	0.745894
124	142	0.742387
124	144	2.42887
124	147	0.73622
124	149	0.746071
124	151	0.729322
124	153	0.749416
124	155	0.74185
124	179	0.724343
125	4	0.806076
125	11	1.38951
125	32	1.78612
125	46	0.756843
125	73	0.784232
125	74	0.731929
125	78	0.731182
125	80	0.762955
125	83	0.770192
125	84	0.768459
125	102	0.748133
125	107	0.763919
125	111	0.76946
125	114	0.757051
125	120	2.07971
125	124	0.748839
125	133	0.761494
125	135	0.779606
125	137	0.770828
125	138	0.772768
125	142	0.76732
125	147	0.761154
125	149	0.771005
125	151	0.754256
125	153	0.77435
125	155	0.766784
125	158	2.08247
125	164	2.27402
125	166	0.755738
125	170	2.13971
125	171	1.94422
125	175	0.716152
125	179	0.749277
126	9	0.828622
126	16	0.797287
126	20	1.81696
126	25	0.787127
126	26	0.78844
126	29	0.710695
126	37	0.720162
126	39	2.09138
126	43	0.774445
126	54	0.757665
126	55	0.761218
126	56	0.760471
126	58	0.715329
126	63	0.751594
126	64	0.748923
126	67	0.749372
126	69	0.751469
126	76	0.751986
126	77	0.702436
126	81	0.783457
126	87	0.774358
126	92	0.817446
126	97	0.761424
126	116	0.760182
126	117	0.756703
126	134	0.764575
126	136	1.79429
126	144	0.768343
126	161	1.95132
126	171	1.85023
126	174	1.94057
126	178	2.36898
126	179	0.756271
127	43	1.89202
127	93	2.05337
127	95	1.9664
127	99	0.748623
127	109	0.774307
127	111	1.84984
127	115	0.767591
127	116	1.83081
127	120	0.752423
127	136	0.776743
127	140	0.768037
127	143	0.758515
127	146	0.756602
127	148	0.759417
127	150	0.746501
127	156	1.85581
127	158	0.762694
127	160	0.767075
127	161	0.767512
127	163	1.90336
127	164	0.742543
127	165	0.750287
127	167	0.74904
127	168	0.75681
127	169	0.764701
127	170	0.759699
127	172	0.743277
127	173	0.769338
127	175	0.715715
127	176	0.75805
127	177	0.734681
127	178	0.749603
127	179	0.74884
127	180	0.751375
128	14	0.710179
128	24	0.763491
128	31	0.765967
128	36	0.766178
128	42	0.746503
128	88	0.759459
128	90	0.741135
128	96	0.743962
128	98	0.736483
128	103	0.829037
128	105	0.763027
128	108	0.760294
128	112	0.754025
128	115	1.89009
128	119	0.732027
128	121	0.751667
128	131	0.744854
128	136	1.72285
128	139	0.76583
128	141	0.756172
128	152	0.768039
128	154	0.760572
128	156	0.761509
128	157	0.771735
128	159	0.764448
128	162	0.755568
128	163	0.754235
128	166	2.08872
128	167	2.19283
128	171	0.764653
128	173	1.94983
128	175	0.708952
128	176	2.03048
128	177	2.45403
129	14	0.712407
129	42	0.748731
129	50	0.743104
129	53	0.747352
129	62	0.740817
129	65	0.789134
129	66	0.734527
129	68	0.78916
129	72	0.77448
129	88	0.761687
129	96	0.74619
129	98	0.738711
129	106	0.759233
129	108	0.762522
129	112	0.756253
129	121	0.753895
129	131	0.747082
129	139	0.768058
129	148	2.08821
129	152	0.770267
129	154	0.7628
129	156	0.763737
129	157	0.773963
129	159	0.766676
129	161	1.86906
129	162	0.757796
129	163	0.756463
129	165	2.21
129	167	2.18201
129	168	2.13031
129	170	1.96345
129	174	0.763777
129	175	0.71118
129	176	2.01966
130	41	0.763337
130	53	2.0981
130	64	2.31645
130	71	0.733446
130	73	1.87569
130	91	0.71659
130	93	2.03422
130	101	0.744823
130	104	1.70627
130	113	0.694012
130	136	0.773072
130	140	0.764365
130	143	0.754843
130	146	0.752931
130	148	0.755746
130	150	0.74283
130	156	1.83666
130	158	0.759023
130	160	0.763403
130	161	0.763841
130	163	1.88421
130	164	0.738872
130	165	0.746616
130	167	0.745369
130	168	0.753139
130	169	0.76103
130	170	0.756027
130	171	0.767746
130	172	0.739606
130	173	0.765666
130	174	0.764642
130	176	0.754379
130	177	0.73101
130	178	0.745932
130	180	0.747704
131	23	1.30892
131	31	0.751448
131	42	0.731984
131	44	5.47529
131	50	0.726357
131	51	1.64004
131	53	0.730605
131	65	0.772387
131	68	0.772414
131	72	0.757733
131	85	1.44193
131	88	0.74494
131	90	0.726616
131	93	0.728383
131	103	0.814519
131	105	0.748509
131	106	0.742487
131	112	0.739507
131	119	0.717508
131	121	0.737148
131	128	0.744854
131	129	0.747082
131	139	0.751311
131	141	0.741654
131	146	1.48692
131	154	0.746054
131	156	0.74699
131	157	0.757217
131	159	0.749929
131	162	0.741049
131	163	0.739717
131	166	1.61125
131	171	0.750135
131	172	1.80647
131	174	0.747031
131	175	0.694433
132	16	2.37104
132	26	2.58922
132	66	0.700376
132	75	2.78938
132	79	2.56884
132	97	0.808828
132	104	2.87269
132	105	0.731105
132	111	0.730337
132	118	0.787287
132	123	0.711296
132	124	0.709716
132	138	0.733645
132	139	0.733907
132	147	0.72203
132	148	0.72073
132	149	0.731882
132	151	0.715133
132	152	0.736116
132	153	0.735227
132	154	0.72865
132	155	0.727661
132	156	0.729586
132	159	0.732525
132	163	0.722313
132	164	0.703857
132	167	0.710353
132	169	0.726015
132	170	0.721012
132	173	0.730651
132	174	0.729627
132	176	0.719364
132	177	0.695994
132	178	0.710917
132	180	0.712689
133	21	0.707143
133	41	1.98682
133	70	0.712277
133	74	0.71965
133	78	0.718904
133	80	0.750676
133	83	0.757913
133	84	0.75618
133	86	0.746827
133	102	0.735854
133	107	0.75164
133	109	2.07613
133	111	0.757182
133	113	0.685841
133	114	0.744772
133	118	0.814131
133	122	0.771476
133	123	0.73814
133	124	0.73656
133	125	0.761494
133	135	0.767327
133	136	2.02523
133	138	0.760489
133	142	0.755041
133	147	0.748875
133	149	0.758726
133	150	2.50507
133	151	0.741977
133	153	0.762071
133	155	0.754505
133	166	0.743459
133	169	2.16457
133	171	2.08117
133	174	2.17151
133	175	0.703873
133	179	0.736998
134	18	0.692205
