1	75	0.327978
1	84	0.137211
1	104	1.33906
1	109	0.775215
1	144	0.836876
1	161	0.821292
1	167	0.795531
1	168	0.793003
1	174	0.798603
1	176	0.792574
1	177	0.81405
1	179	0.774095
2	66	0.798453
2	68	0.798416
2	73	0.788041
2	74	0.787974
2	77	0.844374
2	80	0.830713
2	84	0.830654
2	86	2.66153
2	119	2.34598
2	129	2.11798
2	164	0.734148
2	177	0.792126
3	11	0.798735
3	12	0.758515
3	32	0.735364
3	34	0.735381
3	43	0.740656
3	48	0.789777
3	95	2.88828
3	117	2.5123
3	157	0.70583
3	170	0.732103
4	40	0.782136
4	62	0.744298
4	69	0.736857
4	136	1.6177
4	143	0.700911
4	151	4.93172
4	163	0.656131
4	164	0.668894
4	166	0.773516
4	172	0.778453
4	178	0.671732
4	180	0.689668
5	10	0.803647
5	17	0.881292
5	21	0.79661
5	23	0.799958
5	44	0.83931
5	54	0.839178
5	149	0.727317
5	155	0.743234
5	171	3.11029
5	175	2.22832
5	176	2.26493
5	180	0.768581
6	37	0.860555
6	62	0.822007
6	69	0.814567
6	89	4.05729
6	151	2.34971
6	163	0.733841
6	164	0.746603
6	166	0.851225
6	169	1.28979
6	172	0.856163
6	178	0.749441
6	180	0.767377
7	14	0.68459
7	18	0.751561
7	22	0.755534
7	24	0.679887
7	28	0.679889
7	35	0.739829
7	42	0.739723
7	132	0.687133
7	139	0.724085
7	141	0.753551
7	155	4.77998
7	168	2.26586
8	29	0.707768
8	46	0.741835
8	49	0.741835
8	58	0.7279
8	59	0.727887
8	67	0.717086
8	71	0.717098
8	90	2.1011
8	165	0.647059
8	172	0.762429
8	177	0.710847
8	180	4.34636
9	46	0.820423
9	49	0.820423
9	58	0.806488
9	59	0.806475
9	67	0.795674
9	71	0.795686
9	118	1.80388
9	128	2.82507
9	136	2.47327
9	165	0.725648
9	172	0.841017
9	177	0.789435
10	5	0.803647
10	17	0.778212
10	21	0.693529
10	23	0.696878
10	44	0.736229
10	54	0.736097
10	111	0.736652
10	137	3.85741
10	139	0.73228
10	149	0.624236
10	153	2.50859
10	180	0.665501
11	3	0.798735
11	12	0.759035
11	32	0.735884
11	34	0.735901
11	43	0.741175
11	48	0.790297
11	115	2.51655
11	149	6.75576
11	157	0.70635
11	170	0.732623
12	3	0.758515
12	11	0.759035
12	32	0.695664
12	34	0.695681
12	43	0.700955
12	48	0.750077
12	129	0.744452
12	134	0.740859
12	157	0.66613
12	169	3.81535
12	170	0.692403
12	177	2.80072
13	15	0.688429
13	30	0.668029
13	45	0.72938
13	47	0.727527
13	55	0.729558
13	57	0.707875
13	63	0.704094
13	64	0.767595
13	65	0.70402
13	72	0.763772
13	135	1.3476
13	155	5.56581
14	7	0.68459
14	18	0.751975
14	22	0.755948
14	24	0.680301
14	28	0.680303
14	35	0.740243
14	42	0.740137
14	118	2.81077
14	132	0.687546
14	136	3.48017
14	139	0.724499
14	141	0.753965
15	13	0.688429
15	30	0.668487
15	45	0.729838
15	47	0.727984
15	55	0.730016
15	57	0.708333
15	63	0.704552
15	64	0.768053
15	65	0.704477
15	72	0.76423
15	123	2.6806
15	149	7.64424
16	26	0.77472
16	27	0.773057
16	31	0.900331
16	38	0.875975
16	41	0.828487
16	53	0.81598
16	129	2.35624
16	130	2.32564
16	136	1.85731
16	166	0.849028
16	170	0.782959
17	5	0.881292
17	10	0.778212
17	21	0.771175
17	23	0.774523
17	44	0.813875
17	54	0.813743
17	136	0.783884
17	139	0.809925
17	149	0.701882
17	155	0.717799
17	169	3.03799
17	176	3.93557
17	180	0.743146
18	7	0.751561
18	14	0.751975
18	22	0.822919
18	24	0.747271
18	28	0.747274
18	35	0.807214
18	42	0.807108
18	89	3.94271
18	109	3.12282
18	132	0.754517
18	139	0.791469
18	141	0.820936
18	161	1.0639
19	25	1.36469
19	39	0.752833
19	46	0.803528
19	49	0.803528
19	58	0.789592
19	59	0.78958
19	67	0.778779
19	71	0.778791
19	93	3.87162
19	165	0.708752
19	172	0.824121
19	174	3.05863
19	177	0.772539
20	50	0.739128
20	52	0.798474
20	66	0.772728
20	68	0.772691
20	73	0.762317
20	74	0.76225
20	77	0.81865
20	80	0.804989
20	84	0.80493
20	156	1.71678
20	165	4.6992
20	167	1.90559
20	177	0.766401
21	5	0.79661
21	10	0.693529
21	17	0.771175
21	23	0.689841
21	44	0.729193
21	54	0.729061
21	78	4.47291
21	85	0.76301
21	101	2.50955
21	139	0.725243
21	149	0.6172
21	155	0.633117
21	180	0.658464
22	7	0.755534
22	14	0.755948
22	18	0.822919
22	24	0.751245
22	28	0.751247
22	35	0.811187
22	42	0.811081
22	93	0.724495
22	95	1.87253
22	139	0.795443
22	141	0.824909
22	154	2.05067
22	175	3.86415
23	5	0.799958
23	10	0.696878
23	17	0.774523
23	21	0.689841
23	44	0.732541
23	54	0.732409
23	111	0.732963
23	138	3.2577
23	139	0.728591
23	149	0.620548
23	155	0.636465
23	165	4.19505
23	180	0.661812
24	7	0.679887
24	14	0.680301
24	18	0.747271
24	22	0.751245
24	28	0.6756
24	35	0.73554
24	42	0.735434
24	93	0.648848
24	122	2.70929
24	132	0.682843
24	139	0.719796
24	141	0.749262
24	173	4.16416
25	19	1.36469
25	61	0.795398
25	68	1.8071
25	91	0.825153
25	146	0.782422
25	153	0.84377
25	161	0.794057
25	167	0.768296
25	168	0.765768
25	171	0.741521
25	174	0.771368
25	175	0.761964
25	179	0.74686
26	16	0.77472
26	27	0.64785
26	31	0.775124
26	38	0.750768
26	41	0.70328
26	53	0.690774
26	76	0.727734
26	81	0.683129
26	132	0.669801
26	153	2.34508
26	166	0.723821
26	170	0.657752
26	180	4.43225
27	16	0.773057
27	26	0.64785
27	31	0.773462
27	38	0.749106
27	41	0.701618
27	53	0.689111
27	81	0.681467
27	85	0.742858
27	131	3.9345
27	132	0.668139
27	163	4.24955
27	166	0.722159
27	170	0.65609
28	7	0.679889
28	14	0.680303
28	18	0.747274
28	22	0.751247
28	24	0.6756
28	35	0.735542
28	42	0.735436
28	93	0.64885
28	106	3.745
28	116	3.074
28	132	0.682846
28	139	0.719798
28	141	0.749264
29	8	0.707768
29	39	0.682056
29	46	0.732751
29	49	0.732751
29	58	0.718815
29	59	0.718803
29	67	0.708002
29	71	0.708014
29	106	2.93294
29	165	0.637975
29	172	0.753345
29	173	3.90797
29	177	0.701763
30	13	0.668029
30	15	0.668487
30	45	0.709438
30	47	0.707584
30	55	0.709616
30	57	0.687933
30	63	0.684152
30	64	0.747653
30	65	0.684077
30	72	0.74383
30	81	0.682416
30	134	0.705495
30	157	4.63015
30	173	2.81066
31	16	0.900331
31	26	0.775124
31	27	0.773462
31	38	0.87638
31	41	0.828892
31	53	0.816385
31	129	1.22719
31	164	4.23036
31	166	0.849433
31	170	0.783364
31	173	1.84856
32	3	0.735364
32	11	0.735884
32	12	0.695664
32	34	0.67253
32	43	0.677805
32	48	0.726926
32	85	0.75602
32	89	0.653416
32	129	0.721301
32	134	0.717709
32	135	4.29125
32	140	3.20795
32	157	0.642979
32	170	0.669252
33	64	0.151611
33	71	1.96597
33	86	0.77784
33	90	0.821473
33	92	1.35206
33	120	0.72064
33	131	0.715041
33	153	0.838255
33	169	0.76656
33	171	0.736005
33	174	0.765853
33	175	0.756449
33	176	0.759823
33	179	0.741345
34	3	0.735381
34	11	0.735901
34	12	0.695681
34	32	0.67253
34	43	0.677821
34	48	0.726943
34	85	0.756037
34	89	0.653433
34	129	0.721318
34	134	0.717725
34	140	3.80343
34	144	3.5651
34	157	0.642996
34	170	0.669269
35	7	0.739829
35	14	0.740243
35	18	0.807214
35	22	0.811187
35	24	0.73554
35	28	0.735542
35	42	0.795376
35	93	0.70879
35	118	1.25383
35	132	0.742785
35	139	0.779738
35	141	0.809204
35	174	3.73681
35	177	3.1627
36	61	0.823357
36	92	0.756245
36	107	0.769605
36	112	0.772834
36	127	0.734227
36	137	2.30657
36	142	0.779716
36	147	0.763116
36	150	0.7797
36	152	0.740856
36	160	0.745156
36	161	3.02676
36	162	0.738293
36	170	2.79635
37	6	0.860555
37	40	0.816081
37	62	0.778242
37	69	0.770802
37	115	1.43058
37	121	2.48831
37	143	0.734855
37	163	0.690076
37	164	0.702838
37	166	0.80746
37	167	4.09582
37	172	0.812398
37	178	0.705676
37	180	0.723612
38	16	0.875975
38	26	0.750768
38	27	0.749106
38	31	0.87638
38	41	0.804536
38	53	0.792029
38	88	2.08415
38	132	0.771056
38	140	1.25973
38	157	4.25415
38	166	0.825077
38	170	0.759008
39	19	0.752833
39	29	0.682056
39	46	0.716122
39	49	0.716122
39	58	0.702187
39	59	0.702175
39	67	0.691373
39	71	0.691386
39	119	0.704651
39	130	3.62997
39	132	3.45181
39	165	0.621347
39	172	0.736716
39	177	0.685134
40	4	0.782136
40	37	0.816081
40	62	0.777533
40	69	0.770093
40	81	2.55302
40	99	2.39762
40	129	2.8243
40	141	0.819149
40	163	0.689366
40	164	0.702129
40	166	0.806751
40	172	0.811688
40	178	0.704967
40	180	0.722903
41	16	0.828487
41	26	0.70328
41	27	0.701618
41	31	0.828892
41	38	0.804536
41	53	0.744541
41	76	0.781502
41	85	0.798287
41	132	0.723568
41	143	1.41842
41	163	6.07951
41	166	0.777589
41	170	0.711519
41	175	1.51673
42	7	0.739723
42	14	0.740137
42	18	0.807108
42	22	0.811081
42	24	0.735434
42	28	0.735436
42	35	0.795376
42	93	0.708684
42	97	1.46924
42	132	0.742679
42	139	0.779632
42	141	0.809098
42	176	3.02714
42	179	3.94612
43	3	0.740656
43	11	0.741175
43	12	0.700955
43	32	0.677805
43	34	0.677821
43	48	0.732217
43	85	0.761311
43	119	3.63466
43	129	0.726592
43	132	3.19788
43	134	0.723
43	157	0.64827
43	170	0.674544
44	5	0.83931
44	10	0.736229
44	17	0.813875
44	21	0.729193
44	23	0.732541
44	54	0.771761
44	85	0.80571
44	111	0.772315
44	139	0.767943
44	149	0.6599
44	155	0.675817
44	161	2.2727
44	164	4.22392
44	170	2.0423
44	180	0.701164
45	13	0.72938
45	15	0.729838
45	30	0.709438
45	47	0.768935
45	55	0.770967
45	57	0.749283
45	63	0.745502
45	64	0.809004
45	65	0.745428
45	72	0.805181
45	131	0.671556
45	134	0.766846
45	139	0.826076
45	176	3.40622
45	178	4.45188
46	8	0.741835
46	9	0.820423
46	19	0.803528
46	29	0.732751
46	39	0.716122
46	58	0.752882
46	59	0.75287
46	67	0.742068
46	71	0.742081
46	117	1.73562
46	163	6.47093
46	165	0.672042
46	168	2.11775
46	172	0.787411
46	177	0.735829
47	13	0.727527
47	15	0.727984
47	30	0.707584
47	45	0.768935
47	55	0.769113
47	57	0.74743
47	63	0.743649
47	64	0.80715
47	65	0.743575
47	72	0.803327
47	76	0.786519
47	78	3.12709
47	131	0.669703
47	140	1.62933
47	143	4.10881
48	3	0.789777
48	11	0.790297
48	12	0.750077
48	32	0.726926
48	34	0.726943
48	43	0.732217
48	85	0.810433
48	89	0.707829
48	129	0.775714
48	134	0.772121
48	155	4.85421
48	157	0.697392
48	161	1.15822
48	170	0.723665
48	179	3.08608
49	8	0.741835
49	9	0.820423
49	19	0.803528
49	29	0.732751
49	39	0.716122
49	58	0.752882
49	59	0.75287
49	67	0.742068
49	71	0.742081
49	108	3.08223
49	122	2.16957
49	154	3.2138
49	165	0.672042
49	172	0.787411
49	177	0.735829
50	20	0.739128
50	51	0.729442
50	52	0.709641
50	66	0.683895
50	68	0.683858
50	73	0.673484
50	74	0.673417
50	77	0.729817
50	80	0.716155
50	84	0.716097
50	131	6.8655
50	143	0.651607
50	156	1.71203
50	164	0.619591
50	177	0.677568
51	50	0.729442
51	52	0.788788
51	66	0.763043
51	68	0.763006
51	73	0.752631
51	74	0.752564
51	77	0.808964
51	80	0.795303
51	84	0.795244
51	88	3.05234
51	99	1.76288
51	158	3.36518
51	164	0.698738
51	177	0.756716
52	20	0.798474
52	50	0.709641
52	51	0.788788
52	66	0.743241
52	68	0.743204
52	73	0.73283
52	74	0.732763
52	77	0.789163
52	80	0.775502
52	84	0.775443
52	98	3.51426
52	146	2.33088
52	164	0.678937
52	174	2.68024
52	177	0.736914
53	16	0.81598
53	26	0.690774
53	27	0.689111
53	31	0.816385
53	38	0.792029
53	41	0.744541
53	76	0.768995
53	81	0.72439
53	85	0.785781
53	132	0.711062
53	159	1.52367
53	166	0.765082
53	170	0.699013
53	174	2.50514
53	179	4.76221
54	5	0.839178
54	10	0.736097
54	17	0.813743
54	21	0.729061
54	23	0.732409
54	44	0.771761
54	85	0.805578
54	111	0.772183
54	138	3.71286
54	139	0.767811
54	149	0.659768
54	153	1.56346
54	155	0.675685
54	165	4.65021
54	180	0.701032
55	13	0.729558
55	15	0.730016
55	30	0.709616
55	45	0.770967
55	47	0.769113
55	57	0.749462
55	63	0.745681
55	64	0.809182
55	65	0.745606
55	72	0.805359
55	123	2.10079
55	131	0.671735
55	134	0.767024
55	158	2.50639
55	168	4.15652
56	96	1.11963
56	98	0.717703
56	100	0.685348
56	101	0.824552
56	102	0.749993
56	108	0.730918
56	110	1.58529
56	138	0.714473
56	156	0.756817
56	159	0.791367
56	161	0.757717
56	171	0.705181
56	172	1.24583
56	174	0.735029
56	175	0.725625
56	179	0.710521
57	13	0.707875
57	15	0.708333
57	30	0.687933
57	45	0.749283
57	47	0.74743
57	55	0.749462
57	63	0.723998
57	64	0.787499
57	65	0.723923
57	72	0.783676
57	76	0.766867
57	81	0.722262
57	129	2.27429
57	134	0.745341
57	174	3.58895
57	177	3.01485
58	8	0.7279
58	9	0.806488
58	19	0.789592
58	29	0.718815
58	39	0.702187
58	46	0.752882
58	49	0.752882
58	59	0.738934
58	67	0.728133
58	71	0.728145
58	158	1.75628
58	165	0.658107
58	172	0.773476
58	175	3.19679
58	177	0.721894
58	178	4.27906
59	8	0.727887
59	9	0.806475
59	19	0.78958
59	29	0.718803
59	39	0.702175
59	46	0.75287
59	49	0.75287
59	58	0.738934
59	67	0.728121
59	71	0.728133
59	88	2.86351
59	93	4.12838
59	128	1.85359
59	165	0.658094
59	172	0.773464
59	177	0.721882
60	92	0.744255
60	94	0.732345
60	114	0.705256
60	124	0.74053
60	125	0.735952
60	127	0.722237
60	142	0.767726
60	144	2.52445
60	145	0.749986
60	147	0.751126
60	150	0.76771
60	152	0.728866
60	159	3.05761
60	160	0.733166
60	162	0.726303
60	177	3.46497
61	25	0.795398
61	36	0.823357
61	75	0.849832
61	94	0.81538
61	100	8.4
61	112	0.843879
61	114	0.78829
61	127	0.805272
61	134	1.44056
61	142	0.85076
61	149	0.721154
61	155	0.737071
61	160	0.816201
61	162	0.809338
61	177	1.27208
61	178	0.744482
62	4	0.744298
62	6	0.822007
62	37	0.778242
62	40	0.777533
62	69	0.732254
62	102	2.22253
62	111	0.756216
62	141	0.78131
62	163	0.651528
62	164	0.664291
62	166	0.768912
62	167	3.13331
62	172	0.77385
62	175	3.85022
62	178	0.667129
62	180	0.685065
63	13	0.704094
63	15	0.704552
63	30	0.684152
63	45	0.745502
63	47	0.743649
63	55	0.745681
63	57	0.723998
63	64	0.783718
63	65	0.720142
63	72	0.779895
63	76	0.763086
63	81	0.718481
63	113	2.61696
63	131	0.646271
63	134	0.74156
63	136	2.18767
63	180	4.34862
64	13	0.767595
64	15	0.768053
64	30	0.747653
64	33	0.151611
64	45	0.809004
64	47	0.80715
64	55	0.809182
64	57	0.787499
64	63	0.783718
64	65	0.783643
64	72	0.843396
64	81	0.781983
64	86	2.35776
64	101	1.38698
64	131	0.709772
64	134	0.805061
64	178	5.51262
65	13	0.70402
65	15	0.704477
65	30	0.684077
65	45	0.745428
65	47	0.743575
65	55	0.745606
65	57	0.723923
65	63	0.720142
65	64	0.783643
65	72	0.77982
65	76	0.763012
65	81	0.718407
65	131	0.646196
65	134	0.741486
65	174	2.58515
65	177	2.01105
65	178	4.96891
66	2	0.798453
66	20	0.772728
66	50	0.683895
66	51	0.763043
66	52	0.743241
66	68	0.717458
66	73	0.707084
66	74	0.707017
66	77	0.763417
66	80	0.749756
66	84	0.749697
66	143	0.685208
66	158	2.90581
66	164	0.653191
66	167	3.62941
66	174	3.04484
66	177	0.711168
67	8	0.717086
67	9	0.795674
67	19	0.778779
67	29	0.708002
67	39	0.691373
67	46	0.742068
67	49	0.742068
67	58	0.728133
67	59	0.728121
67	71	0.717332
67	103	2.29565
67	119	0.730597
67	165	0.647293
67	168	3.45448
67	172	0.762662
67	177	0.71108
67	179	4.20046
68	2	0.798416
68	20	0.772691
68	25	1.8071
68	50	0.683858
68	51	0.763006
68	52	0.743204
68	66	0.717458
68	73	0.707047
68	74	0.70698
68	77	0.76338
68	80	0.749719
68	84	0.74966
68	143	0.685171
68	153	2.36734
68	164	0.653154
68	170	4.20596
68	177	0.711131
69	4	0.736857
69	6	0.814567
69	37	0.770802
69	40	0.770093
69	62	0.732254
69	108	3.49519
69	111	0.748775
69	141	0.77387
69	143	0.688867
69	144	2.62414
69	159	3.15729
69	163	0.644087
69	164	0.65685
69	166	0.761472
69	172	0.766409
69	178	0.659688
69	180	0.677624
70	97	0.681605
70	108	0.664702
70	113	0.715247
70	122	0.728404
70	128	0.727689
70	134	0.713291
70	137	0.67539
70	141	2.37604
70	154	0.70486
70	160	2.69868
70	169	0.669521
70	171	0.638966
70	173	0.680696
70	174	0.668814
70	176	0.662784
70	178	0.62912
70	179	0.644306
71	8	0.717098
71	9	0.795686
71	19	0.778791
71	29	0.708014
71	33	1.96597
71	39	0.691386
71	46	0.742081
71	49	0.742081
71	58	0.728145
71	59	0.728133
71	67	0.717332
71	79	3.3459
71	115	2.86256
71	119	0.730609
71	165	0.647305
71	172	0.762675
71	177	0.711093
72	13	0.763772
72	15	0.76423
72	30	0.74383
72	45	0.805181
72	47	0.803327
72	55	0.805359
72	57	0.783676
72	63	0.779895
72	64	0.843396
72	65	0.77982
72	76	0.822764
72	82	2.70628
72	106	2.52206
72	116	1.85105
72	131	0.705949
72	134	0.801238
72	154	3.08646
73	2	0.788041
73	20	0.762317
73	50	0.673484
73	51	0.752631
73	52	0.73283
73	66	0.707084
73	68	0.707047
73	74	0.696605
73	77	0.753006
73	80	0.739344
73	84	0.739285
73	111	0.734705
73	119	1.7174
73	143	0.674796
73	164	0.642779
73	177	0.700757
73	179	5.06112
73	180	3.15142
74	2	0.787974
74	20	0.76225
74	50	0.673417
74	51	0.752564
74	52	0.732763
74	66	0.707017
74	68	0.70698
74	73	0.696605
74	77	0.752939
74	80	0.739277
74	82	2.1852
74	84	0.739218
74	111	0.734638
74	126	1.35016
74	143	0.674729
74	164	0.642712
74	165	6.45555
74	177	0.70069
75	1	0.327978
75	61	0.849832
75	94	0.770811
75	107	0.796081
75	112	0.79931
75	120	4.28603
75	125	0.774417
75	127	0.760703
75	145	0.788452
75	147	0.789591
75	149	0.676585
75	150	0.806176
75	151	2.7987
75	152	0.767332
75	160	0.771632
75	162	0.764769
75	165	0.691265
75	168	2.80935
76	26	0.727734
76	41	0.781502
76	47	0.786519
76	53	0.768995
76	57	0.766867
76	63	0.763086
76	65	0.763012
76	72	0.822764
76	102	2.93995
76	108	2.62258
76	114	0.744068
76	137	2.87518
76	139	2.02411
76	150	0.806522
76	152	0.767678
76	162	0.765115
76	166	0.802043
76	170	0.735973
77	2	0.844374
77	20	0.81865
77	50	0.729817
77	51	0.808964
77	52	0.789163
77	66	0.763417
77	68	0.76338
77	73	0.753006
77	74	0.752939
77	80	0.795678
77	84	0.795619
77	140	1.26405
77	143	0.731129
77	148	2.74735
77	157	3.28762
77	164	0.699113
77	177	0.75709
77	179	3.82657
78	21	4.47291
78	47	3.12709
78	90	0.726809
78	108	0.667078
78	120	0.625976
78	121	0.699127
78	128	0.730065
78	131	0.620377
78	132	0.67926
78	143	0.660675
78	144	0.709463
78	158	0.687659
78	163	0.615896
78	168	0.665589
78	169	0.671897
78	174	0.671189
78	175	0.661785
78	176	0.66516
78	179	0.646681
79	71	3.3459
79	83	0.687112
79	109	0.683788
79	113	0.75361
79	121	0.735114
79	126	0.762042
79	133	0.714225
79	145	1.07617
79	147	1.54113
79	151	0.695943
79	157	0.676925
79	158	0.723646
79	159	0.763515
79	161	0.729865
79	167	0.704104
79	169	0.707884
79	176	0.701147
79	179	0.682669
79	180	0.68542
80	2	0.830713
80	20	0.804989
80	50	0.716155
80	51	0.795303
80	52	0.775502
80	66	0.749756
80	68	0.749719
80	73	0.739344
80	74	0.739277
80	77	0.795678
80	84	0.781957
80	111	0.777377
80	128	1.06387
80	143	0.717468
80	164	0.685451
80	167	2.27791
80	177	0.743429
80	178	4.07709
80	179	3.95041
81	26	0.683129
81	27	0.681467
81	30	0.682416
81	40	2.55302
81	53	0.72439
81	57	0.722262
81	63	0.718481
81	64	0.781983
81	65	0.718407
81	96	1.12542
81	113	0.741781
81	127	2.36733
81	136	0.75026
81	137	0.701924
81	166	0.757438
81	167	0.692275
81	168	0.689747
81	170	0.691369
81	171	0.6655
82	72	2.70628
82	74	2.1852
82	86	0.722792
82	107	1.79386
82	117	0.748059
82	120	0.665593
82	126	0.765671
82	133	0.717854
82	138	0.69025
82	140	0.758031
82	143	0.700292
82	151	0.699572
82	158	0.727275
82	168	0.705206
82	169	0.711513
82	171	0.680958
82	173	0.722688
82	176	0.704776
82	179	0.686298
83	79	0.687112
83	98	0.636558
83	99	0.730082
83	117	0.691136
83	124	2.58796
83	128	0.712759
83	135	0.666772
83	137	0.66046
83	140	0.701108
83	145	3.38664
83	146	0.664937
83	148	0.647907
83	153	0.726285
83	169	0.654591
83	173	0.665766
83	174	0.653884
83	176	0.647854
83	179	0.629375
83	180	0.632127
84	1	0.137211
84	2	0.830654
84	20	0.80493
84	50	0.716097
84	51	0.795244
84	52	0.775443
84	66	0.749697
84	68	0.74966
84	73	0.739285
84	74	0.739218
84	77	0.795619
84	80	0.781957
84	111	0.777318
84	133	2.19362
84	143	0.717409
84	157	3.82809
84	164	0.685392
84	177	0.74337
84	179	4.36703
85	21	0.76301
85	27	0.742858
85	32	0.75602
85	34	0.756037
85	41	0.798287
85	43	0.761311
85	44	0.80571
85	48	0.810433
85	53	0.785781
85	54	0.805578
85	133	2.01034
85	148	3.10454
85	154	1.41468
85	155	0.709634
85	166	0.818828
85	170	0.752759
85	178	4.31044
85	180	0.734981
86	2	2.66153
86	33	0.77784
86	64	2.35776
86	82	0.722792
86	115	0.728618
86	116	0.762856
86	118	0.768713
86	122	0.745525
86	135	0.698823
86	142	2.15384
86	154	0.721981
86	158	0.702405
86	167	0.682863
86	168	0.680335
86	169	0.686642
86	171	0.656087
86	173	0.697818
86	178	0.646242
86	179	0.661427
86	180	0.664178
87	92	0.761149
87	94	0.749239
87	97	3.50112
87	99	1.97959
87	104	0.792636
87	110	0.767379
87	114	0.72215
87	124	0.757424
87	129	0.766104
87	139	2.47888
87	142	0.78462
87	146	3.37156
87	147	0.76802
87	149	0.655013
87	150	0.784604
87	152	0.74576
87	160	0.75006
87	162	0.743197
87	166	0.780125
87	178	0.678341
88	38	2.08415
88	51	3.05234
88	59	2.86351
88	102	0.703747
88	108	0.684672
88	109	0.665395
88	116	0.765705
88	122	0.748374
88	123	0.719389
88	128	0.747659
88	139	0.733806
88	151	0.67755
88	153	0.761185
88	159	0.745122
88	168	0.683183
88	171	0.658936
88	174	0.688784
88	175	0.679379
88	176	0.682754
88	179	0.664275
89	6	4.05729
89	18	3.94271
89	32	0.653416
89	34	0.653433
89	48	0.707829
89	93	0.628208
89	95	0.678328
89	96	0.749587
89	124	0.693524
89	137	0.660711
89	147	0.704119
89	159	0.710472
89	162	0.679297
89	169	0.654841
89	170	0.650155
89	171	0.624286
89	173	0.666016
89	175	0.64473
89	178	0.614441
89	179	0.629626
90	8	2.1011
90	33	0.821473
90	78	0.726809
90	101	0.819091
90	103	0.74039
90	106	0.726138
90	110	1.27911
90	117	0.766821
90	126	0.784434
90	137	0.736145
90	141	0.808458
90	144	0.767841
90	152	1.18648
90	153	0.80197
90	167	0.726496
90	168	0.723968
90	169	0.730275
90	171	0.69972
90	174	0.729568
90	179	0.70506
91	25	0.825153
91	101	0.817256
91	108	0.723622
91	122	0.787324
91	127	1.9172
91	130	0.749481
91	136	0.782646
91	140	0.774958
91	144	0.766006
91	152	1.04832
91	158	0.744203
91	160	0.992944
91	167	0.724661
91	168	0.722133
91	169	0.728441
91	171	0.697886
91	172	0.801495
91	173	0.739616
91	175	0.718329
91	179	0.703225
92	33	1.35206
92	36	0.756245
92	60	0.744255
92	87	0.761149
92	94	0.748269
92	95	3.63919
92	101	2.58743
92	104	0.791665
92	107	0.773539
92	125	0.751875
92	128	2.86753
92	145	0.76591
92	147	0.767049
92	150	0.783633
92	152	0.744789
92	160	0.74909
92	162	0.742227
92	163	0.66177
92	172	0.784092
92	178	0.677371
93	19	3.87162
93	22	0.724495
93	24	0.648848
93	28	0.64885
93	35	0.70879
93	42	0.708684
93	59	4.12838
93	89	0.628208
93	114	0.652139
93	115	0.690706
93	119	0.682986
93	144	0.686296
93	147	0.698009
93	150	0.714593
93	162	0.673186
93	171	0.618175
93	174	0.648023
93	175	0.638619
93	178	0.60833
93	179	0.623515
94	60	0.732345
94	61	0.81538
94	75	0.770811
94	87	0.749239
94	92	0.748269
94	101	1.23848
94	103	3.33263
94	107	0.761629
94	114	0.709269
94	124	0.744543
94	129	0.753224
94	142	0.771739
94	143	4.18355
94	145	0.754
94	150	0.771723
94	152	0.732879
94	160	0.73718
94	162	0.730316
94	165	0.656812
94	169	3.42089
94	178	0.66546
95	3	2.88828
95	22	1.87253
95	89	0.678328
95	92	3.63919
95	102	0.713106
95	108	0.694031
95	109	0.674754
95	131	0.64733
95	135	0.71103
95	140	0.745367
95	144	0.736416
95	146	0.709196
95	148	0.692166
95	158	0.714612
95	159	0.754481
95	168	0.692542
95	169	0.69885
95	171	0.668295
95	176	0.692113
95	177	0.713589
95	179	0.673634
96	56	1.11963
96	81	1.12542
96	89	0.749587
96	105	0.827585
96	110	0.818747
96	125	0.804213
96	142	0.835987
96	145	0.818248
96	147	0.819387
96	149	0.706381
96	150	0.835972
96	152	0.797127
96	153	0.97155
96	160	0.801428
96	162	0.794565
96	163	0.714108
96	164	4.99179
96	165	0.721061
96	166	0.831492
96	173	2.60999
96	178	0.729709
97	42	1.46924
97	70	0.681605
97	87	3.50112
97	99	0.762938
97	121	0.714678
97	122	0.74633
97	130	0.708488
97	138	0.666184
97	140	0.733965
97	148	0.680764
97	150	2.58399
97	151	0.675506
97	153	0.759142
97	156	0.708528
97	167	0.683667
97	168	0.68114
97	169	0.687447
97	173	0.698623
97	175	0.677336
97	176	0.68071
97	179	0.662232
98	52	3.51426
98	56	0.717703
98	83	0.636558
98	101	0.746146
98	118	0.739401
98	123	0.687228
98	128	0.715498
98	133	0.663671
98	146	0.667676
98	155	0.609519
98	162	3.68048
98	167	0.65355
98	168	0.651023
98	171	0.626775
98	173	0.668505
98	174	0.656623
98	175	0.647219
98	176	0.650593
98	179	0.632115
98	180	0.634866
99	40	2.39762
99	51	1.76288
99	83	0.730082
99	87	1.97959
99	97	0.762938
99	108	0.746036
99	120	0.704934
99	122	0.809737
99	133	0.757195
99	147	1.39713
99	158	0.766616
99	163	0.694853
99	167	0.747074
99	168	0.744547
99	171	0.720299
99	173	0.762029
99	174	0.750147
99	175	0.740743
99	178	0.710454
99	179	0.725639
99	180	0.72839
100	56	0.685348
100	61	8.4
100	106	0.620838
100	129	0.672338
100	134	0.668745
100	137	0.630844
100	138	0.603711
100	148	0.618291
100	154	0.660314
100	155	0.577164
100	156	0.646055
100	158	0.640737
100	159	0.680606
100	163	0.568974
100	167	0.621195
100	168	0.618667
100	173	0.63615
100	174	0.624268
100	175	0.614864
100	176	0.618238
100	179	0.59976
101	21	2.50955
101	56	0.824552
101	64	1.38698
101	90	0.819091
101	91	0.817256
101	92	2.58743
101	94	1.23848
101	98	0.746146
101	121	0.791409
101	133	0.77052
101	135	0.776359
101	136	0.818384
101	138	0.742915
101	144	0.801745
101	151	0.752238
101	156	0.785259
101	161	0.78616
101	163	0.708178
101	166	0.125612
101	169	0.764179
101	174	0.763471
101	179	0.738963
102	56	0.749993
102	62	2.22253
102	76	2.93995
102	88	0.703747
102	95	0.713106
102	106	0.685483
102	128	0.747788
102	131	0.6381
102	151	0.677679
102	152	2.75818
102	153	0.761314
102	154	0.724959
102	159	0.745251
102	163	0.633619
102	168	0.683312
102	169	0.68962
102	170	0.684934
102	171	0.659065
102	174	0.688913
102	177	0.704359
102	178	0.649219
102	179	0.664404
103	67	2.29565
103	90	0.74039
103	94	3.33263
103	123	0.715376
103	129	0.732841
103	130	0.706518
103	133	0.691819
103	139	0.729793
103	148	0.678794
103	151	0.673537
103	154	0.720817
103	156	0.706558
103	157	0.654519
103	161	0.707459
103	166	2.21977
103	167	0.681698
103	169	0.685478
103	170	0.680792
103	173	0.696653
103	174	0.684771
103	175	0.675366
103	178	0.645077
104	1	1.33906
104	87	0.792636
104	92	0.791665
104	105	0.806733
104	110	0.797895
104	114	0.752665
104	122	1.75558
104	124	0.78794
104	140	2.03551
104	142	0.815135
104	145	0.797396
104	147	0.798535
104	150	0.81512
104	152	0.776276
104	160	0.780576
104	162	0.773713
104	163	0.693256
104	165	0.700209
104	172	0.815578
104	175	4.61329
104	177	2.7377
104	178	0.708857
105	96	0.827585
105	104	0.806733
105	110	0.781477
105	124	0.771521
105	125	0.766943
105	127	0.753229
105	129	0.780202
105	142	0.798717
105	145	0.780978
105	147	0.782117
105	150	0.798701
105	152	0.759857
105	157	0.70188
105	159	1.41876
105	160	0.764158
105	162	0.757294
105	165	0.683791
105	167	2.9848
105	171	4.58368
105	172	0.79916
105	173	2.29887
105	174	2.40023
105	178	0.692438
106	28	3.745
106	29	2.93294
106	72	2.52206
106	90	0.726138
106	100	0.620838
106	102	0.685483
106	113	0.716952
106	115	0.713201
106	116	0.74744
106	118	0.753297
106	132	0.678589
106	144	0.708792
106	146	0.681572
106	151	0.659285
106	153	0.74292
106	154	0.706565
106	156	0.692306
106	167	0.667446
106	168	0.664919
106	169	0.671226
106	175	0.661115
106	176	0.664489
106	179	0.646011
107	36	0.769605
107	75	0.796081
107	82	1.79386
107	92	0.773539
107	94	0.761629
107	112	0.790128
107	116	0.938634
107	124	0.769814
107	127	0.751521
107	142	0.797009
107	143	3.88922
107	145	0.77927
107	146	2.33667
107	147	0.780409
107	148	3.86389
107	150	0.796993
107	152	0.758149
107	160	0.76245
107	162	0.755587
107	165	0.682083
107	166	0.792514
107	172	0.797452
107	178	0.690731
108	49	3.08223
108	56	0.730918
108	69	3.49519
108	70	0.664702
108	76	2.62258
108	78	0.667078
108	88	0.684672
108	91	0.723622
108	95	0.694031
108	99	0.746036
108	115	0.71252
108	121	0.697775
108	128	0.728713
108	138	0.649281
108	140	0.717062
108	153	0.742239
108	168	0.664237
108	171	0.63999
108	173	0.68172
108	174	0.669837
108	175	0.660433
108	177	0.685284
108	179	0.645329
109	1	0.775215
109	18	3.12282
109	79	0.683788
109	88	0.665395
109	95	0.674754
109	125	4.73402
109	136	0.705472
109	144	0.688833
109	146	0.661614
109	149	0.587539
109	151	0.639326
109	157	0.620308
109	159	0.706898
109	168	0.64496
109	169	0.651267
109	171	0.620712
109	173	0.662443
109	174	0.65056
109	176	0.644531
109	177	0.666007
109	179	0.626052
109	180	0.628803
110	56	1.58529
110	87	0.767379
110	90	1.27911
110	96	0.818747
110	104	0.797895
110	105	0.781477
110	114	0.727409
110	121	2.15406
110	124	0.762684
110	125	0.758105
110	127	0.744391
110	133	3.26067
110	141	0.797783
110	145	0.77214
110	147	0.773279
110	150	0.789864
110	152	0.75102
110	160	0.75532
110	161	3.50623
110	162	0.748457
110	166	0.785385
110	172	0.790322
110	178	0.683601
111	10	0.736652
111	23	0.732963
111	44	0.772315
111	54	0.772183
111	62	0.756216
111	69	0.748775
111	73	0.734705
111	74	0.734638
111	80	0.777377
111	84	0.777318
111	119	1.90195
111	138	5.42943
111	153	1.2488
111	155	0.676239
111	164	0.680812
111	166	0.785434
111	167	3.57317
111	172	0.790371
111	177	0.738789
111	178	0.68365
111	180	0.701586
112	36	0.772834
112	61	0.843879
112	75	0.79931
112	107	0.790128
112	116	1.83426
112	119	0.768615
112	123	3.03703
112	125	0.768464
112	127	0.75475
112	130	2.23639
112	139	2.33961
112	145	0.782499
112	147	0.783638
112	150	0.800222
112	152	0.761378
112	160	0.765679
112	162	0.758816
112	163	0.678359
112	165	0.685312
112	166	0.795743
112	170	3.68047
112	172	0.800681
112	178	0.693959
113	63	2.61696
113	70	0.715247
113	79	0.75361
113	81	0.741781
113	106	0.716952
113	120	0.675169
113	121	0.74832
113	130	0.74213
113	133	0.727431
113	136	0.775294
113	138	0.699826
113	145	1.2892
113	150	1.41951
113	153	0.792784
113	158	0.736852
113	168	0.714782
113	171	0.690535
113	172	1.45327
113	173	0.732265
113	174	0.720382
113	175	0.710978
113	176	0.714353
113	179	0.695874
114	60	0.705256
114	61	0.78829
114	76	0.744068
114	87	0.72215
114	93	0.652139
114	94	0.709269
114	104	0.752665
114	110	0.727409
114	115	2.79032
114	124	0.717454
114	125	0.712875
114	126	3.14378
114	129	0.726134
114	134	3.40856
114	142	0.744649
114	145	0.72691
114	147	0.728049
114	150	0.744634
114	152	0.70579
114	153	3.13118
114	160	0.71009
114	162	0.703227
114	172	0.745092
114	178	0.638371
115	11	2.51655
115	37	1.43058
115	71	2.86256
115	86	0.728618
115	93	0.690706
115	106	0.713201
115	108	0.71252
115	114	2.79032
115	119	0.751594
115	122	0.776221
115	126	0.771497
115	138	0.696075
115	148	0.710655
115	153	0.789033
115	158	0.733101
115	161	0.73932
115	163	0.661337
115	169	0.717338
115	175	0.707227
115	176	0.710602
115	177	0.732078
115	178	0.676938
115	179	0.692123
115	180	0.694874
116	28	3.074
116	72	1.85105
116	86	0.762856
116	88	0.765705
116	106	0.74744
116	107	0.938634
116	112	1.83426
116	121	0.778807
116	123	0.781475
116	126	0.805735
116	138	0.730314
116	150	1.0564
116	151	0.739636
116	156	0.772657
116	158	0.767339
116	159	0.807208
116	167	0.747797
116	169	0.751577
116	171	0.721022
116	173	0.762752
116	174	0.75087
116	175	0.741466
116	176	0.74484
116	179	0.726362
117	3	2.5123
117	46	1.73562
117	82	0.748059
117	83	0.691136
117	90	0.766821
117	122	0.770792
117	130	0.732949
117	133	0.71825
117	135	0.724089
117	138	0.690645
117	140	0.758426
117	146	0.722255
117	148	0.705225
117	158	0.727671
117	160	1.96289
117	167	0.708129
117	169	0.711909
117	171	0.681354
117	172	1.77144
117	173	0.723084
117	174	0.711201
117	175	0.701797
117	177	0.726648
117	179	0.686693
118	9	1.80388
118	14	2.81077
118	35	1.25383
118	86	0.768713
118	98	0.739401
118	106	0.753297
118	120	0.711513
118	127	1.47028
118	137	0.763304
118	140	0.803952
118	144	0.795
118	146	0.76778
118	147	0.655485
118	148	0.75075
118	151	0.745493
118	159	0.813065
118	161	0.779415
118	167	0.753654
118	168	0.751127
118	171	0.726879
118	173	0.768609
118	175	0.747323
118	179	0.732219
118	180	0.73497
119	2	2.34598
119	39	0.704651
119	43	3.63466
119	67	0.730597
119	71	0.730609
119	73	1.7174
119	93	0.682986
119	111	1.90195
119	112	0.768615
119	115	0.751594
119	127	0.730008
119	136	0.763823
119	146	0.719965
119	152	0.736637
119	157	0.678659
119	160	0.740937
119	162	0.734074
119	165	0.66057
119	167	0.705839
119	171	0.679064
119	172	0.77594
119	175	0.699507
119	177	0.724358
119	179	0.684403
120	33	0.72064
120	75	4.28603
120	78	0.625976
120	82	0.665593
120	99	0.704934
120	113	0.675169
120	118	0.711513
120	122	0.688326
120	124	4.86258
120	126	0.683601
120	130	0.650483
120	133	0.635784
120	136	0.683648
120	138	0.608179
120	143	0.618221
120	144	0.667008
120	159	0.685073
120	161	0.651424
120	167	0.625663
120	173	0.640618
120	174	0.628735
120	175	0.619331
120	176	0.622706
120	178	0.589042
120	179	0.604227
121	37	2.48831
121	78	0.699127
121	79	0.735114
121	97	0.714678
121	101	0.791409
121	108	0.697775
121	110	2.15406
121	113	0.74832
121	116	0.778807
121	135	0.714774
121	142	1.902
121	154	0.737932
121	156	0.723674
121	161	0.724575
121	162	1.82351
121	164	0.659355
121	167	0.698814
121	168	0.696286
121	169	0.702594
121	170	0.697908
121	173	0.713769
121	174	0.701886
121	175	0.692482
121	176	0.695857
121	179	0.677378
122	24	2.70929
122	49	2.16957
122	70	0.728404
122	86	0.745525
122	88	0.748374
122	91	0.787324
122	97	0.74633
122	99	0.809737
122	104	1.75558
122	115	0.776221
122	117	0.770792
122	120	0.688326
122	124	0.318585
122	132	0.741609
122	133	0.740587
122	136	0.788451
122	142	1.36872
122	144	0.771812
122	159	0.789877
122	161	0.756227
122	168	0.727939
122	171	0.703691
122	173	0.745421
122	176	0.727509
122	179	0.709031
123	15	2.6806
123	55	2.10079
123	88	0.719389
123	98	0.687228
123	103	0.715376
123	112	3.03703
123	116	0.781475
123	124	1.33018
123	130	0.726302
123	133	0.711603
123	135	0.717442
123	136	0.759466
123	140	0.751779
123	146	0.715608
123	151	0.69332
123	153	0.776956
123	156	0.726342
123	157	0.674302
123	158	0.721024
123	171	0.674706
123	173	0.716437
123	175	0.69515
123	176	0.698524
123	178	0.664861
123	179	0.680046
124	60	0.74053
124	83	2.58796
124	87	0.757424
124	89	0.693524
124	94	0.744543
124	104	0.78794
124	105	0.771521
124	107	0.769814
124	110	0.762684
124	114	0.717454
124	120	4.86258
124	122	0.318585
124	123	1.33018
124	125	0.74815
124	129	0.761409
124	142	0.779924
124	145	0.762185
124	150	0.779908
124	152	0.741064
124	155	0.666235
124	157	0.683087
124	160	0.745364
124	161	2.20403
124	162	0.738501
124	172	0.780367
124	178	0.673645
125	60	0.735952
125	75	0.774417
125	92	0.751875
125	96	0.804213
125	105	0.766943
125	109	4.73402
125	110	0.758105
125	112	0.768464
125	114	0.712875
125	124	0.74815
125	127	0.729857
125	131	0.657948
125	135	2.15289
125	142	0.775345
125	144	0.831258
125	145	0.757606
125	147	0.758745
125	150	0.77533
125	152	0.736486
125	156	2.74164
125	157	0.678508
125	160	0.740786
125	162	0.733923
125	166	0.770851
125	176	3.68398
125	178	0.669067
126	74	1.35016
126	79	0.762042
126	82	0.765671
126	90	0.784434
126	114	3.14378
126	115	0.771497
126	116	0.805735
126	120	0.683601
126	133	0.735863
126	136	0.783726
126	144	0.767087
126	145	0.946282
126	147	1.41125
126	151	0.71758
126	153	0.801216
126	154	0.76486
126	167	0.725742
126	168	0.723214
126	169	0.729521
126	171	0.698966
126	172	1.11034
126	174	0.728814
126	175	0.71941
126	176	0.722784
126	179	0.704306
126	180	0.707057
127	36	0.734227
127	60	0.722237
127	61	0.805272
127	75	0.760703
127	81	2.36733
127	91	1.9172
127	105	0.753229
127	107	0.751521
127	110	0.744391
127	112	0.75475
127	118	1.47028
127	119	0.730008
127	125	0.729857
127	130	2.608
127	141	0.769534
127	142	0.761631
127	145	0.743892
127	146	3.6039
127	147	0.745031
127	150	0.761615
127	152	0.722771
127	155	0.647942
127	160	0.727072
127	162	0.720208
127	166	0.757136
127	172	0.762074
128	9	2.82507
128	59	1.85359
128	70	0.727689
128	78	0.730065
128	80	1.06387
128	83	0.712759
128	88	0.747659
128	92	2.86753
128	98	0.715498
128	102	0.747788
128	108	0.728713
128	136	0.787736
128	140	0.780049
128	143	0.72231
128	148	0.726847
128	154	0.76887
128	156	0.754612
128	162	1.38467
128	167	0.729751
128	168	0.727224
128	173	0.744707
128	174	0.732824
128	175	0.72342
128	176	0.726794
128	177	0.74827
128	179	0.708316
128	180	0.711067
129	2	2.11798
129	12	0.744452
129	16	2.35624
129	31	1.22719
129	32	0.721301
129	34	0.721318
129	40	2.8243
129	43	0.726592
129	48	0.775714
129	57	2.27429
129	87	0.766104
129	94	0.753224
129	100	0.672338
129	103	0.732841
129	105	0.780202
129	114	0.726134
129	124	0.761409
129	137	0.728596
129	157	0.691767
129	158	0.738488
129	159	0.778357
129	160	0.754045
129	162	0.747182
129	167	0.718946
129	170	0.71804
129	173	0.733901
129	175	0.712615
130	16	2.32564
130	39	3.62997
130	91	0.749481
130	97	0.708488
130	103	0.706518
130	112	2.23639
130	113	0.74213
130	117	0.732949
130	120	0.650483
130	123	0.726302
130	127	2.608
130	132	0.703766
130	135	0.708584
130	136	0.750608
130	137	0.702273
130	138	0.67514
130	144	0.733969
130	157	0.665444
130	158	0.712166
130	159	0.752034
130	164	0.653165
130	168	0.690096
130	170	0.691717
130	174	0.695696
130	177	0.711142
130	179	0.671188
130	180	0.673939
131	27	3.9345
131	33	0.715041
131	45	0.671556
131	47	0.669703
131	50	6.8655
131	55	0.671735
131	63	0.646271
131	64	0.709772
131	65	0.646196
131	72	0.705949
131	78	0.620377
131	95	0.64733
131	102	0.6381
131	125	0.657948
131	142	0.689722
131	145	0.671983
131	147	0.673122
131	150	0.689706
131	155	0.576033
131	158	0.639606
131	160	0.655163
131	165	0.574796
131	173	0.635019
131	175	0.613733
131	178	0.583443
131	179	0.598629
131	180	0.60138
132	7	0.687133
132	14	0.687546
132	18	0.754517
132	24	0.682843
132	26	0.669801
132	27	0.668139
132	28	0.682846
132	35	0.742785
132	38	0.771056
132	39	3.45181
132	41	0.723568
132	42	0.742679
132	43	3.19788
132	53	0.711062
132	78	0.67926
132	106	0.678589
132	122	0.741609
132	130	0.703766
132	142	1.40152
132	146	0.693072
132	160	1.50557
132	166	0.744109
132	167	0.678946
132	170	0.67804
132	171	0.652171
132	173	0.693901
132	176	0.675989
132	179	0.657511
133	79	0.714225
133	82	0.717854
133	84	2.19362
133	85	2.01034
133	98	0.663671
133	99	0.757195
133	101	0.77052
133	103	0.691819
133	110	3.26067
133	113	0.727431
133	117	0.71825
133	120	0.635784
133	122	0.740587
133	123	0.711603
133	126	0.735863
133	136	0.735909
133	139	0.72602
133	158	0.697467
133	161	0.703686
133	162	2.93012
133	169	0.681704
133	170	0.677018
133	171	0.651149
133	174	0.680997
133	175	0.671593
133	176	0.674968
133	179	0.656489
133	180	0.65924
134	12	0.740859
134	30	0.705495
134	32	0.717709
134	34	0.717725
134	43	0.723
134	45	0.766846
134	48	0.772121
134	55	0.767024
134	57	0.745341
134	61	1.44056
134	63	0.74156
134	64	0.805061
134	65	0.741486
134	70	0.713291
134	72	0.801238
134	100	0.668745
134	114	3.40856
134	137	0.725003
134	145	1.21107
134	149	0.655405
134	157	0.688174
134	161	0.741115
134	162	1.38403
134	168	0.712826
134	170	0.714447
134	172	1.37513
134	173	0.730309
134	175	0.709022
135	13	1.3476
135	32	4.29125
135	83	0.666772
135	86	0.698823
135	95	0.71103
135	101	0.776359
135	117	0.724089
135	121	0.714774
135	123	0.717442
135	125	2.15289
135	130	0.708584
135	137	0.693413
135	140	0.734062
135	143	0.676322
135	147	2.94547
135	154	0.722883
135	156	0.708624
135	161	0.709525
135	165	0.638496
135	167	0.683764
135	169	0.687544
135	171	0.656989
135	173	0.698719
135	174	0.686837
135	175	0.677433
135	176	0.680807
135	177	0.702283
135	179	0.662329
135	180	0.66508
136	4	1.6177
136	9	2.47327
136	14	3.48017
136	16	1.85731
136	17	0.783884
136	63	2.18767
136	81	0.75026
136	91	0.782646
136	101	0.818384
136	109	0.705472
136	113	0.775294
136	119	0.763823
136	120	0.683648
136	122	0.788451
136	123	0.759466
136	126	0.783726
136	128	0.787736
136	130	0.750608
136	133	0.735909
136	137	0.735438
136	143	0.718346
136	146	0.739914
136	149	0.66584
136	151	0.717627
136	154	0.764907
136	159	0.785199
136	169	0.729568
136	174	0.728861
136	176	0.722831
136	179	0.704353
136	180	0.707104
137	10	3.85741
137	36	2.30657
137	70	0.67539
137	76	2.87518
137	81	0.701924
137	83	0.66046
137	89	0.660711
137	90	0.736145
137	100	0.630844
137	118	0.763304
137	129	0.728596
137	130	0.702273
137	134	0.725003
137	135	0.693413
137	136	0.735438
137	142	2.53397
137	144	0.718799
137	148	0.674549
137	149	0.617504
137	151	0.669292
137	154	0.716572
137	156	0.702313
137	161	0.703214
137	168	0.674925
137	169	0.681233
137	170	0.676547
137	173	0.692408
137	175	0.671121
137	177	0.695972
137	178	0.640832
137	179	0.656017
138	23	3.2577
138	54	3.71286
138	56	0.714473
138	82	0.69025
138	97	0.666184
138	100	0.603711
138	101	0.742915
138	108	0.649281
138	111	5.42943
138	113	0.699826
138	115	0.696075
138	116	0.730314
138	117	0.690645
138	120	0.608179
138	130	0.67514
138	148	0.647416
138	153	0.725794
138	154	0.689439
138	156	0.67518
138	159	0.709731
138	161	0.676081
138	164	0.610861
138	165	0.605052
138	167	0.65032
138	168	0.647792
138	169	0.6541
138	171	0.623545
138	176	0.647363
138	178	0.613699
138	179	0.628884
138	180	0.631636
139	7	0.724085
139	10	0.73228
139	14	0.724499
139	17	0.809925
139	18	0.791469
139	21	0.725243
139	22	0.795443
139	23	0.728591
139	24	0.719796
139	28	0.719798
139	35	0.779738
139	42	0.779632
139	44	0.767943
139	45	0.826076
139	54	0.767811
139	76	2.02411
139	87	2.47888
139	88	0.733806
139	103	0.729793
139	112	2.33961
139	133	0.72602
139	148	0.712995
139	151	0.707737
139	152	1.84233
139	155	0.671867
139	156	0.740759
139	158	0.735441
139	162	1.60441
139	167	0.715899
139	173	0.730854
139	177	0.734417
139	180	0.697214
140	32	3.20795
140	34	3.80343
140	38	1.25973
140	47	1.62933
140	77	1.26405
140	82	0.758031
140	83	0.701108
140	91	0.774958
140	95	0.745367
140	97	0.733965
140	104	2.03551
140	108	0.717062
140	117	0.758426
140	118	0.803952
