1	27	1.03746
1	28	1.18106
1	34	1.0545
1	44	1.00815
1	50	1.14565
1	52	1.01421
1	75	1.03088
1	87	1.09792
1	135	1.0792
1	143	0.93243
1	156	0.904765
1	158	0.799533
2	30	1.05297
2	48	1.12956
2	53	0.981378
2	58	1.08922
2	63	1.05464
2	69	1.05516
2	77	1.12839
2	148	1.07375
2	158	0.804286
2	171	1.03334
2	174	0.856913
2	179	0.972359
3	30	1.05276
3	48	1.12934
3	53	0.981163
3	54	1.07922
3	58	1.089
3	63	1.05443
3	69	1.05494
3	77	1.12818
3	140	0.813684
3	153	0.843172
3	170	0.977261
3	171	1.03313
4	89	1.20199
4	97	1.17818
4	98	1.10381
4	103	1.21062
4	104	1.21075
4	106	1.21085
4	108	1.21088
4	112	1.26415
4	153	0.578928
4	169	0.686728
4	172	0.630419
4	177	0.818572
5	96	1.18447
5	97	1.1804
5	98	1.10603
5	103	1.21284
5	104	1.21298
5	106	1.21307
5	108	1.21311
5	112	1.26638
5	118	0.610332
5	150	0.559208
5	161	0.622772
5	173	0.910623
6	29	1.17912
6	32	1.18291
6	36	1.17239
6	83	1.14403
6	88	1.20538
6	95	1.26701
6	99	1.26735
6	152	0.536381
6	155	1.22517
6	158	0.491998
6	173	0.862271
6	178	0.825604
7	46	1.14463
7	62	1.22698
7	64	1.18759
7	85	1.22125
7	90	1.19485
7	91	1.26133
7	102	1.22863
7	109	0.674909
7	165	0.63942
7	166	1.1748
7	170	0.758707
7	174	0.64472
8	18	1.16569
8	26	1.19925
8	49	1.17485
8	74	1.18822
8	86	1.25524
8	149	0.728042
8	155	1.26272
8	158	0.610884
8	159	0.67635
8	161	0.693307
8	164	1.15356
8	166	1.20874
9	26	1.36545
9	49	1.34105
9	61	1.42439
9	74	1.35443
9	86	1.42144
9	121	0.464998
9	132	0.537773
9	145	0.550418
9	164	1.31976
9	166	1.37494
9	168	0.481143
9	178	0.755608
10	48	1.25954
10	53	1.11136
10	54	1.20942
10	58	1.2192
10	63	1.18463
10	69	1.18514
10	77	1.25838
10	118	0.68758
10	130	0.729827
10	151	0.63549
10	153	0.650121
10	171	1.16333
11	12	1.1637
11	31	1.21294
11	38	1.21878
11	57	1.25066
11	60	1.15072
11	72	1.22345
11	129	1.2025
11	133	0.558553
11	144	0.623677
11	156	0.633749
11	157	1.21084
11	180	0.896887
12	11	1.1637
12	21	1.10845
12	22	1.10423
12	31	1.05872
12	38	1.06456
12	60	0.996494
12	72	1.06923
12	115	1.04346
12	142	0.861165
12	157	1.05662
12	160	0.932094
12	168	0.83483
13	59	1.22635
13	92	1.17496
13	93	1.26872
13	107	1.20755
13	113	1.26014
13	120	1.21456
13	122	0.600085
13	145	0.714458
13	164	1.11481
13	166	1.16999
13	168	0.645182
13	179	0.754114
14	19	1.12705
14	43	1.15404
14	56	1.23261
14	67	1.2015
14	68	1.20116
14	76	1.27387
14	81	1.27408
14	153	0.559802
14	157	1.19038
14	175	0.661827
14	177	0.799446
14	179	0.695351
15	73	1.04682
15	96	1.05424
15	97	1.05017
15	98	0.9758
15	103	1.08261
15	104	1.08274
15	106	1.08284
15	108	1.08288
15	112	1.13615
15	119	0.810865
15	122	0.832941
15	179	0.986971
16	79	1.03859
16	80	1.1317
16	82	1.08667
16	84	1.00214
16	94	1.04041
16	100	1.09748
16	101	1.09832
16	105	1.06986
16	140	0.83458
16	148	1.07899
16	158	0.831544
16	175	0.966093
17	18	1.1446
17	61	1.2371
17	74	1.16714
17	86	1.23416
17	131	1.24254
17	153	0.5591
17	155	1.24164
17	159	0.592042
17	164	1.13248
17	166	1.18766
17	169	0.6669
17	173	0.896849
18	8	1.16569
18	17	1.1446
18	49	0.99934
18	61	1.08268
18	74	1.01272
18	86	1.07974
18	155	1.08722
18	158	0.801841
18	161	0.884264
18	164	0.978057
18	166	1.03323
18	169	0.942165
19	14	1.12705
19	35	1.04875
19	43	1.00409
19	56	1.08265
19	67	1.05155
19	68	1.05121
19	76	1.12391
19	81	1.12413
19	133	0.763807
19	157	1.04043
19	170	0.900385
19	176	0.972988
20	23	1.203
20	33	1.15328
20	37	1.14836
20	51	1.09876
20	65	1.1602
20	116	0.777446
20	119	1.20763
20	121	0.639127
20	123	1.19928
20	126	1.13569
20	144	0.69129
20	164	0.793917
20	171	1.13711
21	12	1.10845
21	22	1.20321
21	31	1.1577
21	57	1.19542
21	60	1.09547
21	72	1.16821
21	115	1.14244
21	122	1.20966
21	128	0.715577
21	137	0.804392
21	157	1.1556
21	159	0.684991
21	161	0.701947
22	12	1.10423
22	21	1.20321
22	31	1.15347
22	38	1.15932
22	57	1.1912
22	60	1.09125
22	72	1.16399
22	111	0.664226
22	122	1.20544
22	157	1.15138
22	160	0.755252
22	171	0.728091
22	179	0.766921
23	20	1.203
23	33	1.1679
23	37	1.16299
23	51	1.11338
23	65	1.17482
23	109	0.67004
23	110	1.09498
23	119	1.22225
23	126	1.15031
23	165	0.634551
23	171	1.15174
23	177	0.859393
23	179	0.755298
24	32	1.13517
24	36	1.12465
24	83	1.09629
24	88	1.15764
24	95	1.21927
24	99	1.21961
24	126	1.1268
24	154	1.15368
24	155	1.17742
24	156	0.663104
24	160	0.714277
24	174	0.610499
24	180	0.926241
25	47	1.09398
25	79	1.12508
25	80	1.21819
25	94	1.1269
25	100	1.18397
25	101	1.18481
25	105	1.15635
25	122	1.1881
25	154	1.15053
25	170	0.705945
25	172	0.623347
25	176	0.778548
25	177	0.8115
26	8	1.19925
26	9	1.36545
26	49	1.03291
26	61	1.11625
26	74	1.04629
26	86	1.1133
26	121	0.755893
26	135	1.10611
26	155	1.12078
26	156	0.818128
26	164	1.01162
26	166	1.0668
26	168	0.772038
26	174	0.765523
27	1	1.03746
27	28	1.21503
27	34	1.08847
27	40	1.21988
27	50	1.17962
27	52	1.04818
27	75	1.06485
27	87	1.13188
27	131	1.12874
27	135	1.11317
27	136	0.704697
27	138	0.879578
27	151	0.687586
27	170	0.836306
28	1	1.18106
28	27	1.21503
28	40	1.36347
28	44	1.18572
28	50	1.32322
28	52	1.19178
28	75	1.20844
28	87	1.27548
28	122	0.518261
28	135	1.25677
28	146	0.618336
28	165	0.551544
28	178	0.837824
28	179	0.67229
29	6	1.17912
29	32	1.09595
29	36	1.08543
29	83	1.05707
29	88	1.11842
29	95	1.18005
29	99	1.18039
29	114	0.702961
29	126	1.08758
29	129	1.08963
29	130	0.710629
29	131	1.13911
29	139	0.732985
29	173	0.968673
30	2	1.05297
30	3	1.05276
30	53	1.05351
30	54	1.15157
30	58	1.16135
30	63	1.12678
30	69	1.12729
30	77	1.20053
30	121	0.748357
30	128	0.801413
30	136	0.740365
30	146	0.819479
30	148	1.14588
30	171	1.10548
31	11	1.21294
31	12	1.05872
31	21	1.1577
31	22	1.15347
31	38	1.11381
31	57	1.14569
31	60	1.04574
31	72	1.11847
31	116	0.863662
31	129	1.09753
31	141	0.691003
31	142	0.767822
31	157	1.10586
31	162	0.776037
32	6	1.18291
32	24	1.13517
32	29	1.09595
32	36	1.08922
32	83	1.06085
32	88	1.1222
32	95	1.18384
32	99	1.18418
32	110	1.03603
32	124	0.632017
32	134	0.889918
32	154	1.11825
32	160	0.789394
32	170	0.799602
33	20	1.15328
33	23	1.1679
33	37	1.11326
33	51	1.06366
33	65	1.1251
33	110	1.04526
33	119	1.17253
33	120	1.14181
33	135	1.13654
33	146	0.731858
33	159	0.683206
33	171	1.10201
33	175	0.752288
33	178	0.951346
34	1	1.0545
34	27	1.08847
34	40	1.23692
34	44	1.05916
34	50	1.19666
34	52	1.06522
34	75	1.08189
34	87	1.14892
34	118	0.704613
34	132	0.750402
34	135	1.13021
34	147	0.932399
34	148	1.13608
34	161	0.717053
35	19	1.04875
35	43	1.07574
35	56	1.15431
35	67	1.1232
35	68	1.12287
35	76	1.19557
35	81	1.19578
35	115	1.09893
35	119	0.68989
35	126	1.1017
35	138	0.907808
35	142	0.783399
35	150	0.716781
35	157	1.11208
36	6	1.17239
36	24	1.12465
36	29	1.08543
36	32	1.08922
36	83	1.05034
36	88	1.11169
36	95	1.17332
36	99	1.17366
36	124	0.642788
36	126	1.08085
36	155	1.13148
36	156	0.748992
36	170	0.810373
36	177	0.915929
37	20	1.14836
37	23	1.16299
37	33	1.11326
37	51	1.05874
37	65	1.12018
37	110	1.04034
37	120	1.13689
37	123	1.15927
37	124	1.16905
37	127	0.87716
37	150	0.710558
37	157	0.774318
37	171	1.0971
37	174	0.744327
38	11	1.21878
38	12	1.06456
38	22	1.15932
38	31	1.11381
38	57	1.15153
38	60	1.05158
38	72	1.12432
38	115	1.09855
38	124	0.691744
38	129	1.10337
38	152	0.7371
38	157	1.11171
38	170	0.859329
38	175	0.827265
39	59	1.14376
39	66	1.11831
39	92	1.09237
39	93	1.18613
39	107	1.12496
39	113	1.17755
39	120	1.13197
39	123	1.15435
39	128	0.76891
39	153	0.705381
39	160	0.829262
39	164	1.03222
39	166	1.0874
39	175	0.807406
40	27	1.21988
40	28	1.36347
40	34	1.23692
40	44	1.19057
40	52	1.19663
40	75	1.21329
40	87	1.28033
40	115	1.22289
40	144	0.602474
40	145	0.635732
40	148	1.26749
40	163	0.649132
40	174	0.559942
40	176	0.746531
41	73	1.17963
41	89	1.20679
41	96	1.18705
41	97	1.18298
41	98	1.10861
41	103	1.21542
41	104	1.21555
41	106	1.21565
41	108	1.21568
41	112	1.26896
41	114	0.623489
41	122	0.53297
41	147	0.816695
41	174	0.571553
41	178	0.852533
42	79	1.1716
42	80	1.2647
42	82	1.21968
42	84	1.13514
42	94	1.17341
42	100	1.23048
42	101	1.23132
42	105	1.20286
42	117	0.541648
42	148	1.21199
42	154	1.19705
42	165	0.525115
42	167	0.83796
42	170	0.644401
42	173	0.848061
43	14	1.15404
43	19	1.00409
43	35	1.07574
43	56	1.10964
43	67	1.07854
43	68	1.0782
43	76	1.15091
43	81	1.15112
43	119	0.705132
43	126	1.05704
43	128	1.07974
43	132	0.828937
43	141	0.721821
43	157	1.06742
43	178	1.04677
44	1	1.00815
44	28	1.18572
44	34	1.05916
44	40	1.19057
44	50	1.15031
44	52	1.01887
44	75	1.03554
44	87	1.10258
44	115	1.04513
44	131	1.09943
44	139	0.79908
44	148	1.08974
44	164	0.862281
44	174	0.717121
44	177	0.936663
45	46	1.14561
45	55	1.22647
45	64	1.18857
45	85	1.22223
45	90	1.19584
45	102	1.22961
45	136	1.2075
45	137	0.761431
45	141	0.58522
45	154	1.20603
45	155	1.22977
45	164	0.774349
45	165	0.62389
45	166	1.17579
45	168	0.635705
46	7	1.14463
46	45	1.14561
46	55	1.0968
46	62	1.09829
46	64	1.0589
46	70	1.06773
46	85	1.09256
46	90	1.06617
46	91	1.13264
46	102	1.09994
46	117	0.863206
46	133	0.829382
46	140	0.802382
46	141	0.808003
46	166	1.04612
47	25	1.09398
47	79	1.05476
47	80	1.14787
47	84	1.01831
47	94	1.05658
47	100	1.11365
47	101	1.11449
47	105	1.08603
47	119	1.12527
47	122	1.11778
47	145	0.793573
47	154	1.08021
47	159	0.730623
47	162	0.758848
47	180	1.03353
48	2	1.12956
48	3	1.12934
48	10	1.25954
48	53	1.1301
48	54	1.22815
48	58	1.23793
48	63	1.20336
48	69	1.20388
48	77	1.27711
48	123	0.585474
48	149	0.637335
48	160	0.676582
48	171	1.18206
48	172	0.604192
48	180	0.888546
49	8	1.17485
49	9	1.34105
49	18	0.99934
49	26	1.03291
49	61	1.09184
49	74	1.02188
49	86	1.0889
49	125	0.96615
49	131	1.09727
49	143	0.801481
49	155	1.09637
49	157	0.751201
49	164	0.987216
49	166	1.04239
49	171	0.797827
50	1	1.14565
50	27	1.17962
50	28	1.32322
50	34	1.19666
50	44	1.15031
50	52	1.15637
50	75	1.17304
50	87	1.24008
50	115	1.18263
50	117	0.625032
50	131	1.23693
50	138	0.771057
50	156	0.666403
50	168	0.620313
50	169	0.701496
51	20	1.09876
51	23	1.11338
51	33	1.06366
51	37	1.05874
51	65	1.07058
51	119	1.11801
51	120	1.08729
51	123	1.10966
51	124	1.11945
51	135	1.08202
51	136	0.79398
51	144	0.854135
51	158	0.758976
51	169	0.8993
51	171	1.04749
52	1	1.01421
52	27	1.04818
52	28	1.19178
52	34	1.06522
52	40	1.19663
52	44	1.01887
52	50	1.15637
52	75	1.04159
52	87	1.10863
52	115	1.05119
52	133	0.749843
52	148	1.09579
52	163	0.861624
52	171	0.849051
52	175	0.854356
53	2	0.981378
53	3	0.981163
53	10	1.11136
53	30	1.05351
53	48	1.1301
53	54	1.07997
53	58	1.08976
53	63	1.05518
53	69	1.0557
53	77	1.12894
53	117	0.858315
53	148	1.07429
53	171	1.03388
53	172	0.87847
53	174	0.847082
53	175	0.929004
54	3	1.07922
54	10	1.20942
54	30	1.15157
54	48	1.22815
54	53	1.07997
54	58	1.18781
54	63	1.15324
54	69	1.15376
54	77	1.22699
54	127	0.716794
54	132	0.647107
54	148	1.17234
54	156	0.636567
54	160	0.68774
54	171	1.13194
54	180	0.899704
55	45	1.22647
55	46	1.0968
55	64	1.13976
55	70	1.14859
55	85	1.17342
55	90	1.14702
55	91	1.2135
55	102	1.1808
55	120	1.17155
55	128	0.636781
55	134	0.797657
55	155	1.18095
55	166	1.12697
55	170	0.707342
55	171	0.669972
55	176	0.779945
56	14	1.23261
56	19	1.08265
56	35	1.15431
56	43	1.10964
56	67	1.1571
56	68	1.15676
56	76	1.22947
56	81	1.22968
56	118	0.723353
56	126	1.1356
56	128	1.1583
56	133	0.683406
56	141	0.662027
56	157	1.14598
56	168	0.712511
56	169	0.793694
57	11	1.25066
57	21	1.19542
57	22	1.1912
57	31	1.14569
57	38	1.15153
57	60	1.08346
57	72	1.1562
57	115	1.13043
57	119	0.585933
57	122	1.19765
57	123	0.659263
57	129	1.13525
57	137	0.778834
57	140	0.597003
57	157	1.14359
57	180	0.962335
58	2	1.08922
58	3	1.089
58	10	1.2192
58	30	1.16135
58	48	1.23793
58	53	1.08976
58	54	1.18781
58	63	1.16302
58	69	1.16354
58	77	1.23677
58	134	0.821986
58	146	0.679175
58	168	0.624198
58	170	0.73167
58	171	1.14172
58	179	0.73313
59	13	1.22635
59	39	1.14376
59	92	1.13762
59	93	1.23138
59	107	1.17021
59	113	1.22281
59	129	1.13805
59	130	0.626879
59	136	1.16436
59	137	0.699517
59	140	1.17262
59	142	0.600126
59	164	1.07748
59	166	1.13265
59	167	0.874822
59	177	0.786818
60	11	1.15072
60	12	0.996494
60	21	1.09547
60	22	1.09125
60	31	1.04574
60	38	1.05158
60	57	1.08346
60	72	1.05625
60	115	1.03048
60	122	1.09771
60	129	1.0353
60	146	0.913079
60	152	0.843345
60	153	0.831485
60	157	1.04364
60	171	0.928204
61	9	1.42439
61	17	1.2371
61	18	1.08268
61	26	1.11625
61	49	1.09184
61	74	1.10522
61	86	1.17224
61	123	0.675634
61	135	1.16505
61	136	0.645341
61	149	0.727496
61	155	1.17972
61	157	0.692955
61	164	1.07056
61	166	1.12574
61	176	0.849553
62	7	1.22698
62	46	1.09829
62	64	1.14125
62	70	1.15008
62	85	1.17491
62	90	1.14851
62	91	1.21499
62	102	1.18229
62	154	1.1587
62	155	1.18244
62	156	0.639532
62	163	0.676117
62	166	1.12846
62	176	0.773516
62	177	0.806468
62	179	0.702373
63	2	1.05464
63	3	1.05443
63	10	1.18463
63	30	1.12678
63	48	1.20336
63	53	1.05518
63	54	1.15324
63	58	1.16302
63	69	1.12897
63	77	1.2022
63	147	0.851098
63	148	1.14755
63	151	0.571223
63	169	0.693654
63	171	1.10715
63	176	0.792546
63	178	0.886936
64	7	1.18759
64	45	1.18857
64	46	1.0589
64	55	1.13976
64	62	1.14125
64	70	1.11069
64	85	1.13552
64	90	1.10912
64	91	1.1756
64	102	1.1429
64	136	1.12078
64	146	0.752051
64	151	0.655825
64	153	0.670456
64	164	0.835718
64	166	1.08907
64	176	0.877148
65	20	1.1602
65	23	1.17482
65	33	1.1251
65	37	1.12018
65	51	1.07058
65	110	1.05218
65	118	0.753176
65	119	1.17945
65	120	1.14873
65	123	1.1711
65	126	1.10751
65	135	1.14346
65	152	0.727577
65	163	0.82501
65	168	0.742334
65	171	1.10893
65	174	0.73582
66	39	1.11831
66	92	1.11216
66	93	1.20592
66	107	1.14475
66	110	1.05522
66	113	1.19735
66	123	1.17415
66	124	1.18393
66	125	0.914781
66	129	1.1126
66	137	0.802082
66	140	1.14716
66	151	0.635108
66	163	0.759031
66	164	1.05202
66	166	1.1072
66	168	0.676356
67	14	1.2015
67	19	1.05155
67	35	1.1232
67	43	1.07854
67	56	1.1571
67	68	1.12566
67	76	1.19836
67	81	1.19858
67	115	1.10172
67	126	1.10449
67	128	1.12719
67	140	0.665761
67	146	0.776844
67	157	1.11488
67	161	0.745148
67	163	0.804542
67	175	0.797274
68	14	1.20116
68	19	1.05121
68	35	1.12287
68	43	1.0782
68	56	1.15676
68	67	1.12566
68	76	1.19803
68	81	1.19824
68	115	1.10139
68	126	1.10416
68	128	1.12686
68	144	0.653775
68	157	1.11454
68	165	0.605942
68	167	0.918788
68	178	0.892222
68	179	0.726689
69	2	1.05516
69	3	1.05494
69	10	1.18514
69	30	1.12729
69	48	1.20388
69	53	1.0557
69	54	1.15376
69	58	1.16354
69	63	1.12897
69	77	1.20272
69	122	0.686997
69	148	1.14807
69	152	0.717337
69	157	0.755571
69	161	0.755376
69	164	0.870739
69	171	1.10767
70	46	1.06773
70	55	1.14859
70	62	1.15008
70	64	1.11069
70	85	1.14435
70	90	1.11796
70	91	1.18443
70	102	1.15173
70	120	1.14248
70	136	1.12961
70	139	0.780276
70	154	1.12815
70	159	0.711158
70	165	0.693018
70	166	1.09791
70	172	0.729707
70	176	0.884907
71	73	1.13242
71	78	1.27479
71	89	1.15958
71	96	1.13985
71	97	1.13577
71	98	1.0614
71	103	1.16821
71	104	1.16835
71	106	1.16845
71	108	1.16848
71	112	1.22175
71	117	0.697643
71	141	0.642439
71	142	0.719259
71	164	0.831569
71	174	0.686409
72	11	1.22345
72	12	1.06923
72	21	1.16821
72	22	1.16399
72	31	1.11847
72	38	1.12432
72	57	1.1562
72	60	1.05625
72	114	0.706401
72	115	1.10321
72	122	1.17044
72	123	0.667136
72	129	1.10804
72	151	0.619732
72	157	1.11637
72	167	0.962012
72	176	0.841055
73	15	1.04682
73	41	1.17963
73	71	1.13242
73	78	1.21165
73	89	1.09644
73	96	1.07671
73	97	1.07263
73	98	0.998264
73	103	1.10507
73	104	1.10521
73	106	1.10531
73	108	1.10534
73	112	1.15861
73	122	0.705856
73	152	0.736196
73	169	0.832137
73	170	0.858425
73	179	0.859886
74	8	1.18822
74	9	1.35443
74	17	1.16714
74	18	1.01272
74	26	1.04629
74	49	1.02188
74	61	1.10522
74	86	1.10228
74	130	0.826056
74	131	1.11065
74	135	1.09508
74	136	0.74883
74	145	0.842243
74	155	1.10975
74	164	1.00059
74	166	1.05577
74	168	0.772968
74	172	0.797842
75	1	1.03088
75	27	1.06485
75	28	1.20844
75	34	1.08189
75	40	1.21329
75	44	1.03554
75	50	1.17304
75	52	1.04159
75	87	1.1253
75	115	1.06785
75	131	1.12215
75	132	0.766981
75	135	1.10659
75	138	0.861095
75	148	1.11246
75	156	0.756442
75	159	0.716676
75	176	0.890426
76	14	1.27387
76	19	1.12391
76	35	1.19557
76	43	1.15091
76	56	1.22947
76	67	1.19836
76	68	1.19803
76	81	1.27095
76	115	1.17409
76	119	0.598756
76	126	1.17686
76	128	1.19956
76	140	0.609825
76	149	0.723947
76	157	1.18725
76	162	0.70048
76	172	0.690804
76	175	0.741338
77	2	1.12839
77	3	1.12818
77	10	1.25838
77	30	1.20053
77	48	1.27711
77	53	1.12894
77	54	1.22699
77	58	1.23677
77	63	1.2022
77	69	1.20272
77	143	0.604405
77	148	1.2213
77	156	0.576739
77	163	0.613325
77	170	0.638121
77	171	1.1809
77	173	0.841781
77	178	0.805114
78	71	1.27479
78	73	1.21165
78	89	1.23881
78	96	1.21907
78	97	1.215
78	98	1.14063
78	103	1.24744
78	104	1.24758
78	106	1.24768
78	108	1.24771
78	111	0.591199
78	112	1.30098
78	123	0.591117
78	127	0.71128
78	152	0.570205
78	157	0.608438
78	177	0.797989
79	16	1.03859
79	25	1.12508
79	42	1.1716
79	47	1.05476
79	82	1.13395
79	84	1.04941
79	94	1.08768
79	100	1.14476
79	101	1.1456
79	105	1.11713
79	124	0.739646
79	128	1.10713
79	148	1.12626
79	151	0.758511
79	154	1.11132
79	165	0.787945
79	169	0.880942
79	172	0.824633
80	16	1.1317
80	25	1.21819
80	42	1.2647
80	47	1.14787
80	82	1.22705
80	84	1.14252
80	94	1.18079
80	100	1.23786
80	101	1.2387
80	105	1.21024
80	128	1.20023
80	143	0.577919
80	147	0.74279
80	148	1.21937
80	167	0.805194
80	170	0.611635
80	172	0.529037
80	173	0.815295
81	14	1.27408
81	19	1.12413
81	35	1.19578
81	43	1.15112
81	56	1.22968
81	67	1.19858
81	68	1.19824
81	76	1.27095
81	115	1.1743
81	126	1.17708
81	128	1.19978
81	157	1.18746
81	159	0.589089
81	165	0.57095
81	171	0.652866
81	173	0.893896
81	174	0.57625
81	177	0.795791
82	16	1.08667
82	42	1.21968
82	79	1.13395
82	80	1.22705
82	84	1.09749
82	94	1.13577
82	100	1.19284
82	101	1.19368
82	105	1.16521
82	111	0.573882
82	119	1.20445
82	122	1.19696
82	147	0.806272
82	148	1.17434
82	154	1.1594
82	162	0.602194
82	171	0.637746
82	177	0.780671
82	180	0.876872
83	6	1.14403
83	24	1.09629
83	29	1.05707
83	32	1.06085
83	36	1.05034
83	88	1.08332
83	95	1.14496
83	99	1.1453
83	110	0.997153
83	111	0.813397
83	116	0.929334
83	126	1.05248
83	129	1.05453
83	130	0.860248
83	131	1.10401
83	154	1.07937
83	155	1.10311
83	158	0.748019
83	172	0.832034
84	16	1.00214
84	42	1.13514
84	47	1.01831
84	79	1.04941
84	80	1.14252
84	82	1.09749
84	94	1.05123
84	100	1.1083
84	101	1.10914
84	105	1.08068
84	119	1.11992
84	122	1.11243
84	128	1.07068
84	142	0.82814
84	143	0.875561
84	145	0.871081
84	154	1.07486
84	161	0.825087
84	165	0.789991
85	7	1.22125
85	45	1.22223
85	46	1.09256
85	55	1.17342
85	62	1.17491
85	64	1.13552
85	70	1.14435
85	90	1.14278
85	91	1.20926
85	102	1.17656
85	125	0.859901
85	136	1.15444
85	139	0.69692
85	154	1.15297
85	155	1.17672
85	161	0.644757
85	168	0.621476
85	172	0.64635
85	176	0.801551
86	8	1.25524
86	9	1.42144
86	17	1.23416
86	18	1.07974
86	26	1.1133
86	49	1.0889
86	61	1.17224
86	74	1.10228
86	122	0.634991
86	123	0.686243
86	131	1.17767
86	135	1.1621
86	143	0.753844
86	149	0.738105
86	155	1.17677
86	160	0.777351
86	164	1.06761
86	166	1.12279
86	168	0.680088
87	1	1.09792
87	27	1.13188
87	28	1.27548
87	34	1.14892
87	40	1.28033
87	44	1.10258
87	50	1.24008
87	52	1.10863
87	75	1.1253
87	115	1.13489
87	131	1.18919
87	134	0.770033
87	135	1.17362
87	137	0.697972
87	138	0.72299
87	148	1.1795
87	150	0.531963
87	163	0.654922
87	180	0.881474
88	6	1.20538
88	24	1.15764
88	29	1.11842
88	32	1.1222
88	36	1.11169
88	83	1.08332
88	95	1.20631
88	99	1.20665
88	110	1.0585
88	126	1.11383
88	129	1.11588
88	131	1.16536
88	136	0.659323
88	153	0.656843
88	154	1.14072
88	155	1.16446
88	172	0.708334
88	175	0.758868
88	177	0.896487
88	179	0.792392
89	4	1.20199
89	41	1.20679
89	71	1.15958
89	73	1.09644
89	78	1.23881
89	96	1.10387
89	97	1.09979
89	98	1.02542
89	103	1.13223
89	104	1.13237
89	106	1.13247
89	108	1.1325
89	112	1.18577
89	123	0.724737
89	127	0.8449
89	140	1.13991
89	153	0.691965
89	162	0.753132
89	172	0.743456
89	174	0.712068
90	7	1.19485
90	45	1.19584
90	46	1.06617
90	55	1.14702
90	62	1.14851
90	64	1.10912
90	70	1.11796
90	85	1.14278
90	91	1.18287
90	102	1.15016
90	120	1.14091
90	124	0.616037
90	125	0.914576
90	140	0.620046
90	145	0.745426
90	147	0.914778
90	154	1.12658
90	155	1.15032
90	165	0.664336
90	166	1.09634
91	7	1.26133
91	46	1.13264
91	55	1.2135
91	62	1.21499
91	64	1.1756
91	70	1.18443
91	85	1.20926
91	90	1.18287
91	102	1.21664
91	114	0.691788
91	119	0.579193
91	120	1.20739
91	121	0.630222
91	136	1.19453
91	140	0.590262
91	153	0.61975
91	154	1.19306
91	155	1.2168
91	161	0.669648
91	166	1.16282
91	180	0.955595
92	13	1.17496
92	39	1.09237
92	59	1.13762
92	66	1.11216
92	93	1.17998
92	107	1.11881
92	110	1.02928
92	111	0.740672
92	113	1.17141
92	117	0.739153
92	119	0.66726
92	120	1.12583
92	123	1.1482
92	124	1.15799
92	128	0.771345
92	134	0.932221
92	136	1.11296
92	139	0.809878
92	140	1.12122
92	164	1.02608
92	166	1.08126
93	13	1.26872
93	39	1.18613
93	59	1.23138
93	66	1.20592
93	92	1.17998
93	107	1.21257
93	110	1.12304
93	113	1.26517
93	114	0.661299
93	120	1.21959
93	128	0.65279
93	129	1.18042
93	136	1.20672
93	140	1.21498
93	149	0.673896
93	151	0.574631
93	164	1.11984
93	166	1.17502
93	171	0.685981
93	174	0.609364
93	178	0.890344
94	16	1.04041
94	25	1.1269
94	42	1.17341
94	47	1.05658
94	79	1.08768
94	80	1.18079
94	82	1.13577
94	84	1.05123
94	100	1.14657
94	101	1.14741
94	105	1.11895
94	109	0.717577
94	116	0.816076
94	119	1.15819
94	127	0.82022
94	128	1.10895
94	141	0.643418
94	148	1.12808
94	150	0.653619
94	154	1.11313
94	180	1.00313
95	6	1.26701
95	24	1.21927
95	29	1.18005
95	32	1.18384
95	36	1.17332
95	83	1.14496
95	88	1.20631
95	99	1.26828
95	110	1.12014
95	126	1.17547
95	127	0.749557
95	129	1.17751
95	130	0.676328
95	131	1.22699
95	152	0.608482
95	154	1.20235
95	155	1.22609
95	158	0.564098
95	164	0.761884
95	172	0.648113
95	179	0.732171
96	5	1.18447
96	15	1.05424
96	41	1.18705
96	71	1.13985
96	73	1.07671
96	78	1.21907
96	89	1.10387
96	97	1.08006
96	98	1.00569
96	103	1.1125
96	104	1.11263
96	106	1.11273
96	108	1.11276
96	112	1.16603
96	133	0.680503
96	140	1.12017
96	162	0.744159
96	164	0.848254
96	165	0.697795
96	171	0.779711
96	177	0.922636
97	4	1.17818
97	5	1.1804
97	15	1.05017
97	41	1.18298
97	71	1.13577
97	73	1.07263
97	78	1.215
97	89	1.09979
97	96	1.08006
97	98	1.00161
97	103	1.10842
97	104	1.10856
97	106	1.10866
97	108	1.10869
97	109	0.689813
97	112	1.16196
97	121	0.649994
97	143	0.739895
97	173	0.977271
97	175	0.741547
97	177	0.879166
98	4	1.10381
98	5	1.10603
98	15	0.9758
98	41	1.10861
98	71	1.0614
98	73	0.998264
98	78	1.14063
98	89	1.02542
98	96	1.00569
98	97	1.00161
98	103	1.03405
98	104	1.03419
98	106	1.03429
98	108	1.03432
98	112	1.08759
98	114	0.905141
98	133	0.830615
98	140	1.04173
98	161	0.883002
98	164	0.998365
98	179	0.968653
99	6	1.26735
99	24	1.21961
99	29	1.18039
99	32	1.18418
99	36	1.17366
99	83	1.1453
99	88	1.20665
99	95	1.26828
99	110	1.12048
99	121	0.612893
99	126	1.17581
99	129	1.17786
99	131	1.22733
99	136	0.604901
99	145	0.698314
99	154	1.20269
99	155	1.22643
99	156	0.675129
99	157	0.652515
99	162	0.663588
99	177	0.842065
100	16	1.09748
100	25	1.18397
100	42	1.23048
100	47	1.11365
100	79	1.14476
100	80	1.23786
100	82	1.19284
100	84	1.1083
100	94	1.14657
100	101	1.20449
100	105	1.17602
100	119	1.21526
100	123	0.610396
100	125	0.842666
100	128	1.16602
100	130	0.657329
100	147	0.842868
100	148	1.18515
100	154	1.17021
100	162	0.63879
100	163	0.686916
100	171	0.674342
101	16	1.09832
101	25	1.18481
101	42	1.23132
101	47	1.11449
101	79	1.1456
101	80	1.2387
101	82	1.19368
101	84	1.10914
101	94	1.14741
101	100	1.20449
101	105	1.17686
101	111	0.649963
101	122	1.20861
101	128	1.16686
101	136	0.619588
101	148	1.18599
101	154	1.17105
101	159	0.650051
101	163	0.726401
101	171	0.713828
101	174	0.637211
101	180	0.952953
102	7	1.22863
102	45	1.22961
102	46	1.09994
102	55	1.1808
102	62	1.18229
102	64	1.1429
102	70	1.15173
102	85	1.17656
102	90	1.15016
102	91	1.21664
102	120	1.17469
102	136	1.16182
102	139	0.644823
102	152	0.554622
102	154	1.16035
102	155	1.18409
102	162	0.603929
102	166	1.13011
102	173	0.880512
102	175	0.644787
102	176	0.749454
102	180	0.878607
103	4	1.21062
103	5	1.21284
103	15	1.08261
103	41	1.21542
103	71	1.16821
103	73	1.10507
103	78	1.24744
103	89	1.13223
103	96	1.1125
103	97	1.10842
103	98	1.03405
103	104	1.141
103	106	1.1411
103	108	1.14113
103	112	1.1944
103	114	0.708921
103	124	0.603386
103	125	0.901925
103	140	1.14854
103	150	0.623217
103	164	0.802145
103	171	0.733602
103	179	0.772432
104	4	1.21075
104	5	1.21298
104	15	1.08274
104	41	1.21555
104	71	1.16835
104	73	1.10521
104	78	1.24758
104	89	1.13237
104	96	1.11263
104	97	1.10856
104	98	1.03419
104	103	1.141
104	106	1.14123
104	108	1.14127
104	112	1.19454
104	132	0.763742
104	136	0.682975
104	140	1.14867
104	144	0.74313
104	157	0.730588
104	159	0.713437
104	165	0.695297
104	179	0.816044
105	16	1.06986
105	25	1.15635
105	42	1.20286
105	47	1.08603
105	79	1.11713
105	80	1.21024
105	82	1.16521
105	84	1.08068
105	94	1.11895
105	100	1.17602
105	101	1.17686
105	119	1.18764
105	122	1.18015
105	128	1.13839
105	148	1.15753
105	149	0.684208
105	150	0.585908
105	154	1.14258
105	167	0.927223
105	171	0.696293
105	173	0.937323
105	174	0.619677
105	175	0.701599
106	4	1.21085
106	5	1.21307
106	15	1.08284
106	41	1.21565
106	71	1.16845
106	73	1.10531
106	78	1.24768
106	89	1.13247
106	96	1.11273
106	97	1.10866
106	98	1.03429
106	103	1.1411
106	104	1.14123
106	108	1.14136
106	112	1.19464
106	116	0.776647
106	140	1.14877
106	144	0.69049
106	147	0.8931
106	157	0.677949
106	162	0.689022
106	169	0.735655
106	172	0.679347
107	13	1.20755
107	39	1.12496
107	59	1.17021
107	66	1.14475
107	92	1.11881
107	93	1.21257
107	109	0.693957
107	110	1.06187
107	113	1.204
107	117	0.675002
107	118	0.681125
107	120	1.15842
107	123	1.18079
107	124	1.19058
107	129	1.11925
107	136	1.14555
107	140	1.15381
107	157	0.693759
107	163	0.752959
107	164	1.05867
107	166	1.11384
107	174	0.663768
107	180	0.979511
108	4	1.21088
108	5	1.21311
108	15	1.08288
108	41	1.21568
108	71	1.16848
108	73	1.10534
108	78	1.24771
108	89	1.1325
108	96	1.11276
108	97	1.10869
108	98	1.03432
108	103	1.14113
108	104	1.14127
108	106	1.14136
108	112	1.19467
108	124	0.619833
108	140	1.14881
108	149	0.737963
108	151	0.638698
108	159	0.686271
108	162	0.714496
108	169	0.761129
108	173	0.991078
109	7	0.674909
109	23	0.67004
109	94	0.717577
109	97	0.689813
109	107	0.693957
109	120	0.588573
109	143	1.1372
109	146	1.15501
109	151	1.20885
109	155	0.602555
109	159	1.18789
109	160	1.12602
109	164	1.08193
109	168	1.18832
109	169	1.12565
109	170	1.13093
109	173	1.07502
109	174	1.17968
109	175	1.12393
109	176	1.09873
109	177	1.09089
109	178	1.07625
109	179	1.11302
109	180	1.06283
110	23	1.09498
110	32	1.03603
110	33	1.04526
110	37	1.04034
110	65	1.05218
110	66	1.05522
110	83	0.997153
110	88	1.0585
110	92	1.02928
110	93	1.12304
110	95	1.12014
110	99	1.12048
110	107	1.06187
110	113	1.11446
110	124	1.10104
110	136	1.05602
110	141	0.763123
110	150	0.773325
110	154	1.05455
110	157	0.837084
110	160	0.910871
110	171	1.02909
110	175	0.889015
110	178	1.08807
111	22	0.664226
111	78	0.591199
111	82	0.573882
111	83	0.813397
111	92	0.740672
111	101	0.649963
111	129	0.685716
111	134	1.10829
111	146	1.15642
111	147	1.10336
111	152	1.19004
111	164	1.08334
111	165	1.20447
111	168	1.18973
111	169	1.12706
111	172	1.1748
111	173	1.07643
111	174	1.18109
111	175	1.12534
111	176	1.10014
111	177	1.0923
111	178	1.07766
111	179	1.11443
111	180	1.06424
112	4	1.26415
112	5	1.26638
112	15	1.13615
112	41	1.26896
112	71	1.22175
112	73	1.15861
112	78	1.30098
112	89	1.18577
112	96	1.16603
112	97	1.16196
112	98	1.08759
112	103	1.1944
112	104	1.19454
112	106	1.19464
112	108	1.19467
112	119	0.562972
112	132	0.686777
112	139	0.705591
112	140	1.20208
112	141	0.579662
112	142	0.656482
112	169	0.71133
112	171	0.700249
112	176	0.810222
113	13	1.26014
113	39	1.17755
113	59	1.22281
113	66	1.19735
113	92	1.17141
113	93	1.26517
113	107	1.204
113	110	1.11446
113	120	1.21101
113	123	1.23339
113	124	1.24317
113	128	0.556657
113	129	1.17184
113	136	1.19815
113	140	1.2064
113	146	0.574723
113	164	1.11126
113	165	0.507931
113	166	1.16644
113	167	0.820777
113	168	0.519746
113	173	0.830878
113	178	0.794211
113	180	0.828973
114	29	0.702961
114	41	0.623489
114	72	0.706401
114	91	0.691788
114	93	0.661299
114	98	0.905141
114	103	0.708921
114	125	1.06661
114	132	1.13457
114	138	1.08763
114	141	1.16956
114	149	1.14316
114	151	1.1866
114	152	1.16638
114	160	1.10376
114	163	1.13137
114	165	1.18081
114	173	1.05276
114	174	1.15743
114	175	1.10168
114	176	1.07648
114	177	1.06863
114	178	1.054
114	179	1.09077
114	180	1.04057
115	12	1.04346
115	21	1.14244
115	35	1.09893
115	38	1.09855
115	40	1.22289
115	44	1.04513
115	50	1.18263
115	52	1.05119
115	57	1.13043
115	60	1.03048
115	67	1.10172
115	68	1.10139
115	72	1.10321
115	75	1.06785
115	76	1.17409
115	81	1.1743
115	87	1.13489
115	143	0.726049
115	150	0.61201
115	151	0.611045
115	157	1.0906
115	167	0.953324
115	178	0.926758
115	179	0.761225
115	180	0.961521
116	20	0.777446
116	31	0.863662
116	83	0.929334
116	94	0.816076
116	106	0.776647
116	122	1.12057
116	125	1.00452
116	134	1.02254
116	137	1.05936
116	144	1.09236
116	148	0.756532
116	156	1.08835
116	158	1.08548
116	162	1.09429
116	163	1.06928
116	168	1.10398
116	169	1.04131
116	170	1.04659
116	172	1.08905
116	175	1.03959
116	176	1.01439
116	177	1.00654
116	178	0.991907
116	179	1.02868
116	180	0.978485
117	42	0.541648
117	46	0.863206
117	50	0.625032
117	53	0.858315
117	71	0.697643
117	92	0.739153
117	107	0.675002
117	127	1.10063
117	142	1.13253
117	149	1.13898
117	152	1.1622
117	153	1.16688
117	159	1.16146
117	163	1.12719
117	167	1.05324
117	168	1.16189
117	169	1.09922
117	172	1.14696
117	173	1.04859
117	174	1.15325
117	175	1.0975
117	177	1.06446
117	178	1.04982
117	179	1.08659
117	180	1.0364
118	5	0.610332
118	10	0.68758
118	34	0.704613
118	56	0.723353
118	65	0.753176
118	107	0.681125
118	126	0.764611
118	146	1.14007
118	147	1.08701
118	152	1.17368
118	153	1.17836
118	161	1.13638
118	162	1.16368
118	163	1.13867
118	164	1.06698
118	167	1.06472
118	170	1.11599
118	173	1.06007
118	174	1.16473
118	175	1.10898
118	176	1.08378
118	177	1.07594
118	178	1.0613
118	179	1.09807
118	180	1.04788
119	15	0.810865
119	20	1.20763
119	23	1.22225
119	33	1.17253
119	35	0.68989
119	43	0.705132
119	47	1.12527
119	51	1.11801
119	57	0.585933
119	65	1.17945
119	76	0.598756
119	82	1.20445
119	84	1.11992
119	91	0.579193
119	92	0.66726
119	94	1.15819
119	100	1.21526
119	105	1.18764
119	112	0.562972
119	171	1.15636
119	174	1.19415
119	176	1.1132
119	177	1.10536
119	178	1.09072
119	179	1.12749
119	180	1.0773
120	13	1.21456
120	33	1.14181
120	37	1.13689
120	39	1.13197
120	51	1.08729
120	55	1.17155
120	65	1.14873
120	70	1.14248
120	90	1.14091
120	91	1.20739
120	92	1.12583
120	93	1.21959
120	102	1.17469
120	107	1.15842
120	109	0.588573
120	113	1.21101
120	126	1.12422
120	138	0.715643
120	139	0.640342
120	166	1.12086
120	167	0.86593
120	171	1.12564
120	172	0.589773
120	175	0.640306
120	178	0.839364
120	180	0.874126
121	9	0.464998
121	20	0.639127
121	26	0.755893
121	30	0.748357
121	91	0.630222
121	97	0.649994
121	99	0.612893
121	141	1.20357
121	145	1.17071
121	148	0.618213
121	150	1.21928
121	153	1.20507
121	156	1.18445
121	158	1.18158
121	165	1.21482
121	167	1.09143
121	168	1.20008
121	169	1.13741
121	170	1.14269
121	174	1.19144
121	175	1.13569
121	176	1.11049
121	177	1.10264
121	178	1.08801
121	179	1.12478
121	180	1.07459
122	13	0.600085
122	15	0.832941
122	21	1.20966
122	22	1.20544
122	25	1.1881
122	28	0.518261
122	41	0.53297
122	47	1.11778
122	57	1.19765
122	60	1.09771
122	69	0.686997
122	72	1.17044
122	73	0.705856
122	82	1.19696
122	84	1.11243
122	86	0.634991
122	101	1.20861
122	105	1.18015
122	116	1.12057
122	157	1.15783
122	166	0.607929
122	174	1.18666
122	175	1.13091
122	176	1.10571
122	179	1.12
122	180	1.06981
123	20	1.19928
123	37	1.15927
123	39	1.15435
123	48	0.585474
123	51	1.10966
123	57	0.659263
123	61	0.675634
123	65	1.1711
123	66	1.17415
123	72	0.667136
123	78	0.591117
123	86	0.686243
123	89	0.724737
123	92	1.1482
123	100	0.610396
123	107	1.18079
123	113	1.23339
123	135	1.18255
123	152	1.19475
123	166	1.14324
123	171	1.14802
123	174	1.18581
123	176	1.10485
123	177	1.09701
123	179	1.11914
123	180	1.06895
124	32	0.632017
124	36	0.642788
124	37	1.16905
124	38	0.691744
124	51	1.11945
124	66	1.18393
124	79	0.739646
124	90	0.616037
124	92	1.15799
124	103	0.603386
124	107	1.19058
124	108	0.619833
124	110	1.10104
124	113	1.24317
124	130	1.18745
124	135	1.19233
124	148	0.574245
124	163	1.16953
124	166	1.15302
124	171	1.1578
124	174	1.19559
124	175	1.13984
124	177	1.10679
124	178	1.09216
124	179	1.12893
124	180	1.07874
125	49	0.96615
125	66	0.914781
125	85	0.859901
125	90	0.914576
125	100	0.842666
125	103	0.901925
125	114	1.06661
125	116	1.00452
125	138	1.00081
125	144	1.06763
125	145	1.04988
125	146	1.04594
125	156	1.06361
125	159	1.07881
125	160	1.01694
125	162	1.06955
125	168	1.07924
125	170	1.02186
125	172	1.06431
125	173	0.965942
125	174	1.07061
125	175	1.01486
125	176	0.989654
125	177	0.981812
125	178	0.967175
125	179	1.00394
125	180	0.953752
126	20	1.13569
126	23	1.15031
126	24	1.1268
126	29	1.08758
126	35	1.1017
126	36	1.08085
126	43	1.05704
126	56	1.1356
126	65	1.10751
126	67	1.10449
126	68	1.10416
126	76	1.17686
126	81	1.17708
126	83	1.05248
126	88	1.11383
126	95	1.17547
126	99	1.17581
126	118	0.764611
126	120	1.12422
126	127	0.880088
126	135	1.11895
126	141	0.703285
126	158	0.694628
126	160	0.851033
126	165	0.741955
126	168	0.753769
126	171	1.08442
126	174	0.747255
127	37	0.87716
127	54	0.716794
127	78	0.71128
127	89	0.8449
127	94	0.82022
127	95	0.749557
127	117	1.10063
127	126	0.880088
127	130	1.10067
127	134	1.03601
127	137	1.07283
127	138	1.03901
127	145	1.08808
127	146	1.08414
127	147	1.03108
127	150	1.13665
127	152	1.11776
127	163	1.08275
127	168	1.11745
127	170	1.06006
127	172	1.10251
127	174	1.10881
127	175	1.05306
127	176	1.02786
127	177	1.02001
127	178	1.00538
127	179	1.04215
127	180	0.991954
128	21	0.715577
128	30	0.801413
128	39	0.76891
128	43	1.07974
128	55	0.636781
128	56	1.1583
128	67	1.12719
128	68	1.12686
128	76	1.19956
128	79	1.10713
128	80	1.20023
128	81	1.19978
128	84	1.07068
128	92	0.771345
128	93	0.65279
128	94	1.10895
128	100	1.16602
128	101	1.16686
128	105	1.13839
128	113	0.556657
128	151	1.17408
128	155	0.615792
128	175	1.08916
128	176	1.06396
128	177	1.05611
128	178	1.04148
128	179	1.07825
128	180	1.02805
129	11	1.2025
129	29	1.08963
129	31	1.09753
129	38	1.10337
129	57	1.13525
129	59	1.13805
129	60	1.0353
129	66	1.1126
129	72	1.10804
129	83	1.05453
129	88	1.11588
129	93	1.18042
129	95	1.17751
129	99	1.17786
129	107	1.11925
129	111	0.685716
129	113	1.17184
129	145	0.748754
129	146	0.734456
129	154	1.11193
129	155	1.13567
129	158	0.620338
129	164	1.02651
129	166	1.08169
129	169	0.760662
129	176	0.859553
129	178	0.953944
129	179	0.788411
130	10	0.729827
130	29	0.710629
130	59	0.626879
130	74	0.826056
130	83	0.860248
130	95	0.676328
130	100	0.657329
130	124	1.18745
130	127	1.10067
130	133	1.13696
130	134	1.08049
130	142	1.13257
130	155	0.63197
130	156	1.14629
130	160	1.09962
130	161	1.12494
130	162	1.15224
130	167	1.05327
130	169	1.09926
130	170	1.10454
130	172	1.14699
130	173	1.04862
130	174	1.15329
130	175	1.09754
130	176	1.07234
130	177	1.06449
130	178	1.04986
130	179	1.08663
130	180	1.03643
131	17	1.24254
131	27	1.12874
131	29	1.13911
131	44	1.09943
131	49	1.09727
131	50	1.23693
131	74	1.11065
131	75	1.12215
131	83	1.10401
131	86	1.17767
131	87	1.18919
131	88	1.16536
131	95	1.22699
131	99	1.22733
131	135	1.17048
131	137	0.79705
131	140	0.615219
131	142	0.697659
131	148	1.17635
131	149	0.729341
131	152	0.656567
131	154	1.16141
131	155	1.18515
131	157	0.6948
131	159	0.677649
131	164	1.07599
131	166	1.13117
131	175	0.746732
131	177	0.884351
132	9	0.537773
132	34	0.750402
132	43	0.828937
132	54	0.647107
132	75	0.766981
132	104	0.763742
132	112	0.686777
132	114	1.13457
132	141	1.15071
132	150	1.16642
132	151	1.16774
132	154	0.738765
132	156	1.13158
132	159	1.14678
132	163	1.11251
132	165	1.16195
132	167	1.03856
132	168	1.14721
132	169	1.08454
132	170	1.08982
132	172	1.13228
132	173	1.03391
132	174	1.13857
132	175	1.08282
132	176	1.05762
132	177	1.04978
132	178	1.03514
132	179	1.07191
132	180	1.02172
133	11	0.558553
133	19	0.763807
133	46	0.829382
133	52	0.749843
133	56	0.683406
133	96	0.680503
133	98	0.830615
133	130	1.13696
133	137	1.10912
133	139	1.12104
133	144	1.14212
133	149	1.13082
133	158	1.13524
133	159	1.1533
133	162	1.14404
133	163	1.11904
133	166	0.623921
133	167	1.04508
133	168	1.15373
133	170	1.09635
133	172	1.1388
133	173	1.04043
133	174	1.1451
133	175	1.08935
133	176	1.06414
133	177	1.0563
133	178	1.04166
133	179	1.07843
133	180	1.02824
134	32	0.889918
134	55	0.797657
134	58	0.821986
134	87	0.770033
134	92	0.932221
134	111	1.10829
134	116	1.02254
134	127	1.03601
134	130	1.08049
134	138	1.01883
134	139	1.06457
134	149	1.07435
134	155	0.776668
134	159	1.09683
134	160	1.03496
134	162	1.08757
134	166	0.850814
134	167	0.98861
134	168	1.09726
134	169	1.03459
134	170	1.03988
134	172	1.08233
134	173	0.98396
134	174	1.08862
134	175	1.03287
134	176	1.00767
134	177	0.999829
134	178	0.985192
134	179	1.02196
134	180	0.97177
135	1	1.0792
135	26	1.10611
135	27	1.11317
135	28	1.25677
135	33	1.13654
135	34	1.13021
135	51	1.08202
135	61	1.16505
135	65	1.14346
135	74	1.09508
135	75	1.10659
135	86	1.1621
135	87	1.17362
135	123	1.18255
135	124	1.19233
135	126	1.11895
135	131	1.17048
135	138	0.858088
135	140	0.651239
135	144	0.743362
135	148	1.16078
135	152	0.692587
135	155	1.16958
135	157	0.730821
135	162	0.741894
135	163	0.79002
135	166	1.1156
135	168	0.707344
135	171	1.12038
135	175	0.782752
136	27	0.704697
136	30	0.740365
136	45	1.2075
136	51	0.79398
136	59	1.16436
136	61	0.645341
136	64	1.12078
136	70	1.12961
136	74	0.74883
136	85	1.15444
136	88	0.659323
136	91	1.19453
136	92	1.11296
136	93	1.20672
136	99	0.604901
136	101	0.619588
136	102	1.16182
136	104	0.682975
136	107	1.14555
136	110	1.05602
136	113	1.19815
136	143	1.10808
136	155	1.16198
136	164	1.05282
136	165	1.17395
136	172	1.14427
136	173	1.0459
136	176	1.06961
136	178	1.04714
136	179	1.0839
136	180	1.03371
137	21	0.804392
137	45	0.761431
137	57	0.778834
137	59	0.699517
137	66	0.802082
137	87	0.697972
137	116	1.05936
137	127	1.07283
137	131	0.79705
137	133	1.10912
137	138	1.05565
137	139	1.10139
137	143	1.08296
137	145	1.10472
137	151	1.15462
137	158	1.11559
137	161	1.0971
137	165	1.14883
137	166	0.778753
137	167	1.02543
137	169	1.07142
137	170	1.0767
137	172	1.11916
137	173	1.02078
137	174	1.12545
137	175	1.0697
137	176	1.0445
137	177	1.03665
137	178	1.02202
137	179	1.05879
137	180	1.00859
138	27	0.879578
138	35	0.907808
138	50	0.771057
138	75	0.861095
138	87	0.72299
138	114	1.08763
138	120	0.715643
138	125	1.00081
138	127	1.03901
138	134	1.01883
138	135	0.858088
138	137	1.05565
138	141	1.10377
138	146	1.06696
138	151	1.1208
138	153	1.10526
138	156	1.08464
138	160	1.03797
138	161	1.06328
138	162	1.09058
138	165	1.11501
138	166	0.803771
138	168	1.10027
138	169	1.0376
138	170	1.04288
138	172	1.08534
138	173	0.986967
138	174	1.09163
138	175	1.03588
138	177	1.00284
138	178	0.988199
138	179	1.02497
138	180	0.974777
139	29	0.732985
139	44	0.79908
139	70	0.780276
139	85	0.69692
139	92	0.809878
139	102	0.644823
139	112	0.705591
139	120	0.640342
139	133	1.12104
139	134	1.06457
139	137	1.10139
139	143	1.09488
139	148	0.709802
139	149	1.1231
139	150	1.16521
139	153	1.151
139	156	1.13037
139	159	1.14557
139	162	1.13632
139	165	1.16075
139	167	1.03735
139	168	1.14601
139	169	1.08334
139	170	1.08862
139	172	1.13107
139	173	1.0327
139	174	1.13737
139	175	1.08162
139	176	1.05642
139	177	1.04857
139	178	1.03394
139	179	1.07071
139	180	1.02051
140	3	0.813684
140	16	0.83458
140	46	0.802382
140	57	0.597003
140	59	1.17262
140	66	1.14716
140	67	0.665761
140	76	0.609825
140	89	1.13991
140	90	0.620046
140	91	0.590262
140	92	1.12122
140	93	1.21498
140	96	1.12017
140	98	1.04173
140	103	1.14854
140	104	1.14867
140	106	1.14877
140	107	1.15381
140	108	1.14881
140	112	1.20208
140	113	1.2064
140	131	0.615219
140	135	0.651239
140	142	1.1381
140	159	1.16703
140	164	1.06107
140	166	1.11625
140	168	1.16746
140	172	1.15253
140	177	1.07003
140	178	1.05539
140	179	1.09216
140	180	1.04197
141	31	0.691003
141	43	0.721821
141	45	0.58522
141	46	0.808003
141	56	0.662027
141	71	0.642439
141	94	0.643418
141	110	0.763123
141	112	0.579662
141	114	1.16956
141	121	1.20357
