1	32	1.01648
1	58	1.04534
1	98	1.08121
1	99	0.999886
1	106	1.01341
1	113	0.92612
1	131	1.01433
1	149	1.01082
1	165	0.929351
1	170	0.960636
1	175	1.03285
1	176	0.976698
2	33	0.988315
2	46	0.928976
2	126	1.00583
2	129	0.913439
2	159	0.956493
2	168	1.03474
2	172	1.04146
2	176	1.02334
2	177	1.03293
2	178	1.01885
2	179	1.0225
2	180	1.02618
3	49	0.981298
3	74	0.8938
3	87	0.966504
3	96	0.927952
3	127	1.02393
3	168	1.03757
3	174	1.02447
3	176	1.02617
3	177	1.03576
3	178	1.02168
3	179	1.02533
3	180	1.02902
4	52	0.969562
4	53	0.97111
4	56	0.97607
4	87	1.06599
4	88	1.02153
4	96	0.882717
4	162	0.993751
4	165	1.03942
4	167	1.05923
4	177	1.01033
4	179	0.999907
4	180	1.00359
5	16	0.903724
5	27	0.849149
5	30	0.841741
5	60	0.868987
5	81	0.943987
5	83	0.960857
5	94	1.11787
5	122	1.22675
5	147	1.22244
5	165	0.905872
5	167	0.925684
5	172	1.23585
6	37	0.952121
6	51	1.02563
6	53	1.02275
6	56	1.03213
6	64	1.05233
6	71	1.05752
6	72	1.05752
6	164	0.947294
6	170	0.941451
6	171	0.995492
6	177	0.949305
6	178	0.973194
7	40	0.959227
7	46	0.89072
7	70	0.909822
7	92	0.896991
7	104	0.866127
7	105	0.941611
7	111	0.837173
7	145	0.898329
7	157	1.19995
7	165	1.19001
7	173	1.22564
7	175	1.18763
8	96	1.09652
8	117	0.905466
8	118	0.999279
8	122	0.957604
8	123	1.01974
8	129	0.945872
8	133	1.01553
8	136	1.03177
8	142	0.986995
8	168	0.979769
8	169	1.03142
8	170	1.03428
9	18	0.854478
9	101	1.05433
9	107	1.01604
9	119	1.06263
9	142	0.990371
9	143	0.955995
9	153	0.99596
9	162	1.01608
9	169	1.0348
9	173	0.987743
9	174	1.00996
9	175	1.02575
10	75	0.997663
10	112	0.934361
10	148	0.909225
10	153	0.976119
10	162	0.976417
10	171	1.00959
10	172	1.04566
10	176	1.02753
10	177	1.03712
10	178	1.02304
10	179	1.02669
10	180	1.03038
11	20	1.1347
11	55	1.01597
11	89	0.971569
11	117	0.932263
11	136	1.0147
11	142	0.969919
11	145	1.03197
11	164	1.0184
11	165	0.962894
11	167	0.938329
11	169	1.01434
11	177	1.00203
12	29	0.996758
12	73	1.05091
12	89	1.04268
12	98	1.07678
12	99	0.995458
12	106	1.00899
12	140	0.890943
12	167	0.926307
12	168	0.994544
12	173	0.986498
12	175	1.02842
12	179	1.00595
13	19	0.991056
13	62	1.09312
13	104	1.01126
13	105	1.08675
13	111	0.982309
13	134	1.01857
13	141	0.903614
13	142	0.9758
13	145	1.04347
13	156	0.992043
13	169	0.962169
13	172	0.940434
14	30	1.03389
14	60	1.06113
14	78	0.753509
14	81	1.13613
14	83	1.153
14	118	0.916795
14	134	0.943765
14	165	1.09802
14	167	1.11783
14	170	0.8663
14	171	0.920341
15	17	1.00781
15	64	0.948223
15	87	0.913294
15	162	0.985776
15	172	1.04334
15	174	1.02351
15	175	0.939249
15	176	1.02521
15	177	1.0348
15	178	1.02072
15	179	1.02437
15	180	1.02805
16	5	0.903724
16	27	0.989439
16	60	1.00928
16	63	0.942574
16	81	1.08428
16	83	1.10115
16	94	0.85835
16	134	1.05447
16	157	0.955662
16	162	0.989861
16	165	1.04616
16	167	1.06597
17	15	1.00781
17	108	0.976001
17	116	0.960591
17	132	0.996317
17	140	0.98728
17	151	0.954762
17	152	1.04205
17	154	0.943684
17	155	0.981697
17	160	0.966296
17	167	1.00937
17	171	1.10099
17	178	1.07869
18	9	0.854478
18	40	0.818767
18	57	0.908836
18	123	0.891287
18	147	1.13608
18	150	0.880345
18	161	0.840076
18	171	1.09452
18	176	1.11246
18	177	1.12205
18	178	1.10797
18	179	1.11162
18	180	1.1153
19	13	0.991056
19	40	1.04739
19	46	0.978887
19	80	0.938176
19	104	0.954294
19	105	1.02978
19	111	0.92534
19	117	0.980492
19	133	1.09056
19	156	0.935073
19	165	1.01112
19	176	1.05847
19	180	1.06633
20	11	1.1347
20	91	0.899729
20	103	1.10413
20	114	0.874712
20	118	1.09186
20	119	1.15184
20	123	1.11232
20	146	0.938391
20	156	1.09021
20	158	0.852845
20	165	0.803636
20	173	0.839262
20	175	1.11495
21	77	1.04307
21	128	1.02188
21	140	0.979651
21	141	0.980019
21	150	0.950137
21	155	0.974068
21	158	1.0458
21	160	0.958667
21	161	0.963836
21	169	1.04893
21	174	1.05443
21	175	0.950552
21	177	1.03573
22	95	0.947021
22	116	0.975489
22	121	1.04608
22	141	1.00255
22	144	0.95221
22	152	1.02262
22	154	0.958582
22	155	0.996595
22	160	0.981194
22	161	0.986363
22	169	1.04858
22	174	1.05407
22	177	1.03537
23	33	0.944853
23	50	0.970579
23	53	0.956788
23	56	0.966167
23	64	0.986374
23	68	0.992112
23	71	0.991564
23	72	0.991564
23	147	1.01307
23	170	1.02716
23	171	1.0812
23	173	1.0315
23	174	1.05372
24	89	0.98707
24	137	1.06662
24	144	0.95194
24	150	0.972395
24	152	1.01798
24	154	0.958312
24	155	0.996325
24	161	0.986093
24	162	0.963148
24	164	1.02872
24	170	0.984717
24	176	1.03894
24	178	1.05462
25	76	0.920727
25	82	1.10888
25	130	1.06893
25	140	0.996075
25	150	0.966561
25	153	0.94439
25	154	0.952479
25	160	0.975091
25	161	0.98026
25	167	1.01817
25	169	1.05529
25	175	0.966976
25	176	1.0503
26	43	0.913833
26	49	0.987554
26	57	0.995831
26	61	0.94453
26	75	0.971056
26	87	1.03336
26	88	0.988902
26	134	0.964935
26	167	0.984651
26	168	1.05289
26	169	1.06156
26	170	1.0405
26	174	1.06706
27	5	0.849149
27	16	0.989439
27	30	0.927455
27	60	0.954701
27	81	1.0297
27	83	1.04657
27	165	0.991586
27	167	1.0114
27	173	1.03624
27	174	1.05846
27	175	0.99823
27	179	1.05569
27	180	1.05582
28	49	1.00664
28	75	1.08558
28	127	1.04928
28	132	0.987124
28	162	1.06433
28	163	0.972246
28	166	0.983675
28	167	1.02015
28	172	0.979785
28	176	0.961656
28	178	0.957167
28	179	0.960822
28	180	0.964504
29	12	0.996758
29	32	0.937513
29	34	1.01957
29	73	0.976368
29	86	1.15211
29	92	0.979222
29	98	1.00224
29	106	0.934446
29	143	1.00408
29	167	0.975633
29	173	1.03582
29	175	0.953883
29	177	1.03934
30	5	0.841741
30	14	1.03389
30	27	0.927455
30	60	0.947293
30	63	1.01543
30	81	1.02229
30	83	1.03916
30	113	1.01534
30	121	1.06843
30	165	0.984178
30	167	1.00399
30	170	1.04986
30	177	1.05771
31	40	1.04418
31	62	1.03293
31	70	0.994774
31	80	0.934961
31	84	1.00325
31	97	0.936669
31	104	0.951079
31	111	0.922125
31	122	1.04714
31	145	0.983281
31	160	1.0161
31	170	1.05692
31	180	1.08084
32	1	1.01648
32	29	0.937513
32	58	0.981672
32	59	0.970044
32	73	0.991665
32	98	1.01753
32	99	0.936213
32	106	0.949742
32	170	1.04428
32	173	1.04862
32	175	0.969179
32	178	1.07603
32	179	1.06808
33	2	0.988315
33	23	0.944853
33	37	0.900478
33	50	0.984895
33	53	0.971103
33	56	0.980483
33	59	0.991183
33	68	1.00643
33	71	1.00588
33	72	1.00588
33	128	1.05943
33	168	1.07781
33	179	1.08921
34	29	1.01957
34	73	1.07373
34	92	1.07658
34	98	1.0996
34	99	1.01827
34	106	1.0318
34	149	1.0292
34	164	0.949333
34	165	0.912204
34	166	0.945457
34	167	0.88764
34	170	0.943489
34	174	0.970045
34	175	1.05124
35	78	1.11781
35	102	0.927199
35	109	1.0559
35	121	0.958204
35	127	1.03719
35	128	0.933642
35	135	1.04696
35	159	1.01527
35	164	1.04909
35	167	0.883785
35	169	1.04503
35	170	0.939634
35	173	1.03275
35	174	0.96619
36	49	1.14642
36	98	1.09287
36	124	1.12351
36	139	0.943031
36	140	1.10004
36	155	1.13023
36	168	0.942598
36	171	0.913255
36	172	0.949322
36	174	0.929499
36	176	0.931193
36	178	0.926704
36	179	0.930359
36	180	0.934041
37	6	0.952121
37	33	0.900478
37	50	0.926204
37	51	0.915295
37	56	0.921792
37	64	0.941998
37	68	0.947736
37	71	0.947188
37	72	0.947188
37	164	1.11714
37	170	1.1113
37	173	1.11564
37	176	1.12736
37	180	1.13522
38	46	0.957464
38	70	0.93136
38	127	0.96124
38	132	0.899087
38	160	0.922621
38	161	0.920381
38	163	1.0561
38	168	1.05691
38	172	1.06363
38	174	1.04381
38	176	1.04551
38	178	1.04102
38	179	1.04467
38	180	1.04835
39	68	1.11698
39	79	1.05673
39	140	1.1086
39	148	1.14548
39	166	0.952282
39	171	0.912325
39	172	0.948392
39	174	0.928569
39	175	1.16615
39	176	0.930263
39	177	0.939855
39	178	0.925774
39	179	0.929429
39	180	0.933111
40	7	0.959227
40	18	0.818767
40	19	1.04739
40	31	1.04418
40	80	1.05148
40	104	1.0676
40	105	1.14309
40	111	1.03865
40	134	1.02516
40	156	1.04838
40	166	0.949658
40	167	0.891841
40	169	0.968751
40	173	0.952031
41	86	0.900594
41	101	0.965364
41	118	0.913685
41	119	0.973661
41	123	0.934144
41	126	0.906012
41	156	0.912031
41	163	1.15918
41	167	1.06309
41	169	0.945827
41	170	0.948683
41	172	1.11827
41	173	1.12328
41	179	1.14273
42	44	0.879062
42	54	1.04966
42	61	0.985573
42	69	0.9898
42	91	0.983158
42	100	1.06815
42	124	1.08894
42	127	1.05601
42	135	1.06579
42	143	0.890943
42	156	1.03007
42	158	0.936273
42	168	0.930736
42	173	1.05158
43	26	0.913833
43	49	0.936122
43	57	0.944399
43	61	0.893098
43	75	0.919624
43	87	0.981926
43	88	0.93747
43	97	0.904041
43	112	0.969487
43	117	1.08001
43	143	1.11452
43	166	1.14389
43	175	1.10825
43	176	1.15799
44	42	0.879062
44	76	0.859263
44	110	0.914241
44	125	1.03159
44	149	1.00821
44	159	0.994313
44	166	1.06951
44	172	1.06562
44	174	1.0458
44	175	0.939099
44	176	1.04749
44	178	1.043
44	179	1.04666
44	180	1.05034
45	65	1.08542
45	108	0.834623
45	116	1.04127
45	138	1.08415
45	141	1.06833
45	147	0.89148
45	148	1.04732
45	151	1.03544
45	154	1.02436
45	156	0.938121
45	160	1.04698
45	161	1.05215
45	169	0.926632
45	179	0.929364
46	2	0.928976
46	7	0.89072
46	19	0.978887
46	38	0.957464
46	62	1.08095
46	70	1.04279
46	80	0.982976
46	104	0.999094
46	105	1.07458
46	111	0.970139
46	134	1.08355
46	156	0.979873
46	168	1.01847
46	170	1.00608
46	173	1.01042
47	83	1.06503
47	90	0.989757
47	91	1.04927
47	92	1.00825
47	102	0.972029
47	130	1.01916
47	136	0.988074
47	141	1.00814
47	142	0.943294
47	148	0.987126
47	157	0.963121
47	165	1.01005
47	167	1.02986
47	168	0.996851
47	175	0.978669
48	54	0.987492
48	69	0.927631
48	78	1.07447
48	109	1.01256
48	121	1.01248
48	124	1.02677
48	127	0.993844
48	135	1.00362
48	159	0.971926
48	167	0.938057
48	169	1.00169
48	170	0.993906
48	174	1.02046
48	178	1.02565
48	179	1.0177
49	3	0.981298
49	26	0.987554
49	28	1.00664
49	36	1.14642
49	43	0.936122
49	57	1.01812
49	61	0.966819
49	75	0.993345
49	87	1.05565
49	88	1.01119
49	107	0.987992
49	112	1.04321
49	167	0.911376
49	170	0.967225
49	180	0.991145
50	23	0.970579
50	33	0.984895
50	37	0.926204
50	51	0.999712
50	53	0.996829
50	64	1.02642
50	68	1.03215
50	71	1.03161
50	72	1.03161
50	143	0.970374
50	159	1.01932
50	168	1.01017
50	170	0.99778
50	173	1.00212
50	177	1.00563
51	6	1.02563
51	37	0.915295
51	50	0.999712
51	53	0.98592
51	56	0.9953
51	64	1.01551
51	68	1.02124
51	71	1.0207
51	72	1.0207
51	147	0.978977
51	162	1.00593
51	168	1.00546
51	170	0.993069
51	173	0.99741
51	178	1.02481
52	4	0.969562
52	67	1.02377
52	109	1.01123
52	124	1.02544
52	127	0.992516
52	135	1.00229
52	145	1.00801
52	159	0.970599
52	162	0.981652
52	164	1.00442
52	165	0.96944
52	166	1.00269
52	173	0.988081
52	178	1.03247
52	180	1.02464
53	4	0.97111
53	6	1.02275
53	23	0.956788
53	33	0.971103
53	50	0.996829
53	51	0.98592
53	64	1.01262
53	68	1.01836
53	71	1.01781
53	72	1.01781
53	114	1.04206
53	160	0.961456
53	166	1.00424
53	169	1.02333
53	170	1.00227
54	42	1.04966
54	48	0.987492
54	67	1.01286
54	100	0.993742
54	124	1.01453
54	127	0.981601
54	128	0.995949
54	152	0.997046
54	164	0.993503
54	165	0.970655
54	168	1.01433
54	169	0.98945
54	170	1.00194
54	173	0.977167
54	174	1.0285
55	11	1.01597
55	76	1.08161
55	97	0.976294
55	108	0.944213
55	123	0.993597
55	128	1.00917
55	136	1.00563
55	142	0.960854
55	147	1.00107
55	149	0.974192
55	162	0.986567
55	165	0.983876
55	169	1.00528
55	176	1.03122
55	179	1.03895
56	4	0.97607
56	6	1.03213
56	23	0.966167
56	33	0.980483
56	37	0.921792
56	51	0.9953
56	64	1.022
56	68	1.02774
56	71	1.02719
56	72	1.02719
56	100	0.974275
56	164	1.01308
56	165	0.975948
56	174	1.03379
56	180	1.03115
57	18	0.908836
57	26	0.995831
57	43	0.944399
57	49	1.01812
57	61	0.975095
57	75	1.00162
57	87	1.06392
57	88	1.01947
57	97	0.986039
57	101	1.00329
57	117	0.975844
57	134	0.995501
57	165	1.00647
57	174	1.06432
57	177	1.04561
58	1	1.04534
58	32	0.981672
58	73	1.02053
58	98	1.0464
58	99	0.965075
58	106	0.978604
58	107	0.988337
58	145	1.02519
58	149	0.976005
58	155	0.956881
58	157	0.996562
58	165	0.98662
58	170	1.01791
58	173	1.02225
58	175	0.998041
59	32	0.970044
59	33	0.991183
59	79	0.794725
59	104	0.965401
59	141	0.900323
59	155	0.876792
59	157	1.08261
59	161	0.89476
59	168	1.07171
59	172	1.07843
59	174	1.05861
59	176	1.0603
59	177	1.0699
59	178	1.05582
59	179	1.05947
59	180	1.06315
60	5	0.868987
60	14	1.06113
60	16	1.00928
60	27	0.954701
60	30	0.947293
60	81	1.04954
60	83	1.06641
60	146	1.08001
60	152	0.971647
60	164	0.982384
60	165	1.01142
60	167	1.03124
60	169	0.997602
60	172	0.975868
60	180	1.00046
61	26	0.94453
61	42	0.985573
61	43	0.893098
61	49	0.966819
61	57	0.975095
61	75	0.95032
61	87	1.01262
61	88	0.968167
61	89	1.05667
61	102	1.06684
61	107	0.944967
61	112	1.00018
61	134	0.944199
61	168	1.09167
61	169	1.10034
61	174	1.10584
62	13	1.09312
62	31	1.03293
62	46	1.08095
62	70	1.10005
62	80	1.04024
62	104	1.05635
62	105	1.13184
62	111	1.0274
62	132	0.852199
62	154	0.924354
62	156	1.03713
62	163	0.956784
62	167	0.8607
62	169	0.937611
62	177	0.924403
62	178	0.948293
63	16	0.942574
63	30	1.01543
63	80	0.993512
63	112	0.948426
63	113	1.06272
63	124	0.909887
63	127	0.975428
63	139	1.0259
63	156	1.01018
63	168	1.02547
63	171	0.996124
63	174	1.01237
63	176	1.01406
63	177	1.02365
63	178	1.00957
63	179	1.01323
63	180	1.01691
64	6	1.05233
64	15	0.948223
64	23	0.986374
64	37	0.941998
64	50	1.02642
64	51	1.01551
64	53	1.01262
64	56	1.022
64	68	1.04795
64	71	1.0474
64	72	1.0474
64	84	0.9337
64	91	1.05217
64	138	0.899156
64	141	0.949867
64	169	1.00842
64	180	1.01128
65	45	1.08542
65	71	1.10984
65	109	1.11723
65	114	0.94504
65	152	0.948867
65	154	1.19971
65	155	1.13088
65	160	1.15109
65	163	0.927996
65	166	0.939425
65	168	0.928811
65	174	0.915712
65	176	0.917406
65	177	0.926998
65	178	0.912917
65	179	0.916573
65	180	0.920254
66	76	1.10161
66	84	0.95338
66	103	1.00541
66	117	0.945125
66	123	1.01359
66	124	0.939303
66	136	1.02563
66	142	0.980852
66	159	0.995511
66	162	1.00656
66	164	1.02933
66	165	0.975756
66	167	0.951192
66	169	1.02528
66	173	1.01138
66	175	1.01623
66	179	1.03083
67	52	1.02377
67	54	1.01286
67	102	0.949164
67	109	1.03793
67	127	1.01921
67	130	0.996298
67	135	1.02898
67	139	0.977099
67	145	0.968881
67	147	0.947508
67	149	0.99597
67	162	1.00834
67	164	1.03111
67	169	1.02706
67	173	1.01477
67	176	0.977662
67	178	0.993343
68	23	0.992112
68	33	1.00643
68	37	0.947736
68	39	1.11698
68	50	1.03215
68	51	1.02124
68	53	1.01836
68	56	1.02774
68	64	1.04795
68	71	1.05314
68	72	1.05314
68	92	0.953003
68	137	0.972957
68	152	0.924321
68	164	0.935058
68	176	0.945277
68	178	0.960959
69	42	0.9898
69	48	0.927631
69	82	1.17992
69	124	0.954664
69	127	0.92174
69	135	0.931513
69	149	0.898501
69	156	0.895793
69	159	0.899823
69	164	0.933642
69	169	0.929589
69	170	1.10528
69	171	1.15932
69	173	0.917305
69	176	1.12134
69	177	1.11313
69	179	1.12907
70	7	0.909822
70	31	0.994774
70	38	0.93136
70	46	1.04279
70	62	1.10005
70	80	1.00208
70	104	1.0182
70	105	1.09368
70	111	0.989241
70	145	1.0504
70	155	0.918954
70	156	0.998975
70	164	0.985822
70	169	1.00104
70	170	0.979978
70	173	0.984319
70	179	1.00377
71	6	1.05752
71	23	0.991564
71	33	1.00588
71	37	0.947188
71	50	1.03161
71	51	1.0207
71	53	1.01781
71	56	1.02719
71	64	1.0474
71	65	1.10984
71	68	1.05314
71	86	1.05062
71	147	0.915899
71	160	0.889175
71	170	0.929991
71	174	0.956546
71	179	0.953783
72	6	1.05752
72	23	0.991564
72	33	1.00588
72	37	0.947188
72	50	1.03161
72	51	1.0207
72	53	1.01781
72	56	1.02719
72	64	1.0474
72	68	1.05314
72	136	0.939268
72	152	0.970966
72	164	0.981704
72	168	0.988248
72	173	0.980202
72	174	1.00242
72	175	0.942191
73	12	1.05091
73	29	0.976368
73	32	0.991665
73	34	1.07373
73	58	1.02053
73	84	1.06156
73	99	0.975068
73	106	0.988598
73	112	1.05355
73	131	0.993658
73	137	0.983703
73	146	1.04343
73	165	0.908677
73	166	0.94193
73	171	0.994003
73	173	0.944302
73	175	1.00803
74	3	0.8938
74	101	1.11207
74	118	1.06039
74	119	1.12037
74	126	1.05272
74	134	0.957192
74	136	1.09288
74	137	0.923469
74	142	1.04811
74	150	0.876939
74	151	0.849937
74	156	1.05874
74	159	1.06276
74	163	0.919962
74	164	1.09658
74	170	1.09539
74	172	0.879053
74	179	0.903519
75	10	0.997663
75	26	0.971056
75	28	1.08558
75	43	0.919624
75	49	0.993345
75	57	1.00162
75	61	0.95032
75	84	0.992498
75	87	1.03915
75	88	0.994693
75	97	0.961263
75	107	0.971493
75	112	1.02671
75	117	0.984243
75	134	0.970726
75	163	1.08639
75	167	0.99031
75	179	1.06995
76	25	0.920727
76	44	0.859263
76	55	1.08161
76	66	1.10161
76	79	1.14942
76	117	0.836634
76	119	1.10781
76	126	1.04016
76	134	0.976016
76	142	1.03555
76	149	1.04889
76	164	1.08403
76	165	0.867265
76	169	1.07998
76	173	0.902891
76	175	1.07093
76	179	0.922343
76	180	0.92247
77	21	1.04307
77	108	0.814896
77	126	0.956726
77	132	1.1162
77	144	1.0572
77	148	1.08652
77	151	1.07465
77	155	1.10158
77	160	1.08618
77	161	1.09135
77	162	1.06841
77	163	0.926079
77	172	0.88517
77	173	1.07483
77	174	0.912399
77	177	0.893698
77	179	0.909636
77	180	0.909763
78	14	0.753509
78	35	1.11781
78	48	1.07447
78	100	1.08072
78	109	1.08729
78	124	1.1015
78	127	1.06858
78	133	0.947413
78	135	1.07835
78	143	0.871859
78	146	1.00274
78	158	0.917189
78	159	1.04666
78	164	1.08048
78	165	0.867981
78	173	1.06414
78	174	0.925821
78	180	0.923186
79	39	1.05673
79	59	0.794725
79	76	1.14942
79	91	0.933773
79	94	1.11057
79	98	1.1124
79	100	0.836007
79	106	1.04461
79	126	1.03328
79	129	1.07127
79	136	1.07345
79	150	1.06363
79	161	1.07733
79	163	0.909199
79	166	0.870933
79	168	0.881351
79	171	0.923006
79	175	1.06404
80	19	0.938176
80	31	0.934961
80	40	1.05148
80	46	0.982976
80	62	1.04024
80	63	0.993512
80	70	1.00208
80	92	0.989247
80	104	0.958383
80	105	1.03387
80	111	0.929429
80	134	1.10541
80	138	0.939739
80	154	1.03575
80	156	0.939163
80	159	1.04949
80	173	1.03228
80	176	1.04401
81	5	0.943987
81	14	1.13613
81	16	1.08428
81	27	1.0297
81	30	1.02229
81	60	1.04954
81	83	1.14141
81	84	0.875356
81	112	0.899817
81	143	0.90161
81	165	1.08642
81	166	0.930985
81	167	1.10624
81	170	0.929016
81	173	0.933357
81	177	0.936871
82	25	1.10888
82	69	1.17992
82	103	1.09449
82	131	0.945599
82	148	1.03237
82	155	1.02568
82	162	1.09956
82	163	0.956479
82	166	0.967907
82	168	0.957293
82	171	0.92795
82	172	0.964018
82	174	0.944194
82	175	1.05303
82	176	0.945889
82	177	0.95548
82	178	0.941399
82	179	0.945055
82	180	0.948736
83	5	0.960857
83	14	1.153
83	16	1.10115
83	27	1.04657
83	30	1.03916
83	47	1.06503
83	60	1.06641
83	81	1.14141
83	117	0.83716
83	130	0.933775
83	145	0.906358
83	164	0.90492
83	165	1.10329
83	167	1.12311
83	175	0.865407
83	176	0.915139
83	179	0.922869
83	180	0.922996
84	31	1.00325
84	64	0.9337
84	66	0.95338
84	73	1.06156
84	75	0.992498
84	81	0.875356
84	99	1.00611
84	105	0.862719
84	115	1.04151
84	118	1.00889
84	123	0.966549
84	151	1.03565
84	153	1.01649
84	155	1.06259
84	174	1.03008
84	175	1.03907
84	177	1.04137
84	179	1.03094
84	180	1.03462
85	91	0.981535
85	94	1.0837
85	95	1.01111
85	114	0.956517
85	116	1.03958
85	125	0.98716
85	148	1.04563
85	150	1.03676
85	151	1.03375
85	153	1.01459
85	154	1.02267
85	159	1.01646
85	160	1.04529
85	161	1.05046
85	168	0.929114
85	174	0.943282
85	177	0.924581
85	178	0.94847
85	179	0.940519
86	29	1.15211
86	41	0.900594
86	71	1.05062
86	96	1.02351
86	116	1.08643
86	123	0.946735
86	124	0.983493
86	126	0.918603
86	135	0.960342
86	138	1.04448
86	148	1.07835
86	160	1.09187
86	161	1.08963
86	162	0.939705
86	169	0.958418
86	174	0.940375
86	176	0.94207
86	179	0.941236
86	180	0.944917
87	3	0.966504
87	4	1.06599
87	15	0.913294
87	26	1.03336
87	43	0.981926
87	49	1.05565
87	57	1.06392
87	61	1.01262
87	75	1.03915
87	88	1.057
87	97	1.02357
87	107	1.0338
87	131	1.00613
87	134	1.03303
87	139	0.96793
87	165	0.921146
87	170	0.952431
87	175	0.918761
87	177	0.960285
88	4	1.02153
88	26	0.988902
88	43	0.93747
88	49	1.01119
88	57	1.01947
88	61	0.968167
88	75	0.994693
88	87	1.057
88	97	0.97911
88	107	0.98934
88	112	1.04456
88	113	0.97244
88	117	0.945041
88	134	0.988572
88	145	1.01424
88	158	1.02488
88	165	0.975672
88	171	1.061
88	172	1.00628
88	173	1.0113
89	11	0.971569
89	12	1.04268
89	24	0.98707
89	61	1.05667
89	99	0.966843
89	105	0.89377
89	106	0.980373
89	118	1.03994
89	119	0.923844
89	126	1.06033
89	132	1.03795
89	142	1.02414
89	151	0.99639
89	156	1.022
89	160	1.00792
89	163	1.0031
89	174	0.990818
89	175	0.99981
89	179	0.991679
89	180	0.99536
90	47	0.989757
90	114	1.02877
90	129	1.00386
90	132	1.03477
90	138	1.04193
90	144	0.975768
90	153	0.974051
90	154	0.98214
90	155	1.02015
90	157	0.96764
90	158	1.00691
90	159	0.975922
90	160	1.00475
90	161	1.00992
90	162	0.986976
90	164	0.994826
90	168	1.00137
90	169	1.01004
90	172	0.988309
90	180	1.0129
91	20	0.899729
91	42	0.983158
91	47	1.04927
91	64	1.05217
91	79	0.933773
91	85	0.981535
91	132	1.01251
91	144	1.08506
91	146	0.977161
91	157	1.01889
91	158	1.00701
91	166	1.01861
91	171	0.978651
91	172	1.01472
91	174	0.994895
91	176	0.996589
91	177	1.00618
91	178	0.9921
91	179	0.995755
91	180	0.999437
92	7	0.896991
92	29	0.979222
92	34	1.07658
92	47	1.00825
92	68	0.953003
92	80	0.989247
92	99	0.977922
92	105	1.08085
92	111	0.97641
92	120	0.936853
92	135	0.996481
92	141	0.998351
92	159	1.05739
92	161	0.992788
92	162	1.0487
92	175	1.01089
92	176	1.00359
92	178	0.999102
92	179	1.00276
92	180	1.00644
93	112	0.924746
93	119	0.888342
93	135	0.914582
93	141	0.916452
93	144	0.962139
93	149	0.989381
93	151	0.924155
93	155	0.892921
93	157	1.06728
93	158	1.0554
93	159	0.975489
93	163	1.05556
93	168	1.05638
93	171	1.02703
93	172	1.0631
93	174	1.04328
93	176	1.04497
93	177	1.05456
93	178	1.04048
93	179	1.04414
93	180	1.04782
94	5	1.11787
94	16	0.85835
94	79	1.11057
94	85	1.0837
94	110	1.06295
94	120	1.08178
94	132	1.07021
94	144	1.01121
94	153	1.00949
94	154	1.01758
94	155	1.05559
94	158	0.911325
94	159	1.01136
94	160	1.04019
94	161	1.04536
94	163	0.933636
94	164	0.899245
94	169	0.914463
94	171	0.947443
94	176	0.909464
94	180	0.917321
95	22	0.947021
95	85	1.01111
95	129	0.966712
95	131	1.08494
95	132	0.997627
95	139	1.04675
95	141	0.988957
95	145	1.03853
95	148	0.967949
95	150	0.959076
95	153	0.936905
95	154	0.944993
95	155	0.983007
95	157	1.0099
95	160	0.967606
95	161	0.972774
95	168	1.04363
95	171	1.08529
95	173	0.956258
95	177	1.0391
95	178	1.06299
96	3	0.927952
96	4	0.882717
96	8	1.09652
96	86	1.02351
96	97	1.03976
96	103	1.04888
96	107	1.04999
96	114	0.95367
96	126	1.02893
96	134	0.991345
96	136	1.0691
96	142	1.02432
96	149	1.03766
96	162	1.05003
96	163	0.954114
96	170	1.0716
96	172	0.913206
96	173	0.91822
96	175	1.0597
96	176	0.929942
96	180	0.937799
97	31	0.936669
97	43	0.904041
97	55	0.976294
97	57	0.986039
97	75	0.961263
97	87	1.02357
97	88	0.97911
97	96	1.03976
97	104	0.960091
97	111	0.931136
97	119	1.0025
97	149	0.943578
97	162	0.955953
97	166	1.0439
97	167	0.986086
97	168	1.05432
97	171	1.09598
97	172	1.04126
97	177	1.04979
97	178	1.07368
97	179	1.06573
98	1	1.08121
98	12	1.07678
98	29	1.00224
98	32	1.01753
98	34	1.0996
98	36	1.09287
98	58	1.0464
98	79	1.1124
98	106	1.01447
98	107	1.0242
98	112	1.07942
98	137	0.957416
98	149	1.01187
98	152	0.90878
98	164	0.919518
98	167	0.857825
98	170	0.913674
98	172	0.913001
98	173	0.918015
98	175	1.0339
98	176	0.929737
99	1	0.999886
99	12	0.995458
99	32	0.936213
99	34	1.01827
99	58	0.965075
99	73	0.975068
99	84	1.00611
99	89	0.966843
99	92	0.977922
99	106	0.933146
99	107	0.942878
99	108	0.981697
99	131	1.10634
99	139	1.06814
99	149	0.930546
99	164	1.05849
99	166	1.05461
99	167	0.996795
99	175	0.952583
99	176	1.06871
99	180	1.07656
100	42	1.06815
100	54	0.993742
100	56	0.974275
100	78	1.08072
100	79	0.836007
100	109	1.01881
100	117	1.05044
100	121	0.997669
100	124	1.03302
100	127	1.00009
100	130	1.0138
100	135	1.00987
100	156	0.974147
100	159	0.978177
100	162	0.98923
100	166	0.981067
100	168	0.991486
100	169	1.00794
100	170	0.979099
100	171	1.03314
100	173	0.995659
100	180	1.00302
101	9	1.05433
101	41	0.965364
101	57	1.00329
101	74	1.11207
101	118	0.991047
101	123	1.01151
101	126	0.983373
101	136	1.02354
101	142	0.978763
101	148	0.923251
101	152	0.972691
101	156	0.989393
101	158	0.995509
101	164	1.02724
101	165	0.946301
101	166	0.979554
101	169	1.02319
101	170	1.02604
101	172	0.976912
101	175	1.01414
101	178	1.00933
101	180	1.00151
102	35	0.927199
102	47	0.972029
102	61	1.06684
102	67	0.949164
102	121	1.01582
102	130	1.00644
102	143	1.05518
102	144	1.00781
102	148	0.945286
102	155	0.938597
102	159	1.02117
102	163	1.01788
102	166	1.02931
102	168	1.0187
102	171	0.989355
102	172	1.02542
102	174	1.0056
102	175	0.965951
102	177	1.01688
102	178	1.0028
102	179	1.00646
102	180	1.01014
103	20	1.10413
103	66	1.00541
103	82	1.09449
103	96	1.04888
103	122	1.01006
103	123	0.972096
103	126	0.943964
103	136	0.984133
103	142	0.939354
103	156	0.949984
103	157	0.9985
103	159	0.954013
103	162	0.965067
103	164	0.987832
103	165	0.988558
103	167	0.963993
103	168	1.03223
103	169	0.98378
103	170	0.986636
103	175	0.974729
103	177	1.0277
103	178	1.05159
103	180	1.04376
104	7	0.866127
104	13	1.01126
104	19	0.954294
104	31	0.951079
104	40	1.0676
104	46	0.999094
104	59	0.965401
104	62	1.05635
104	70	1.0182
104	80	0.958383
104	97	0.960091
104	105	1.04999
104	111	0.945547
104	117	0.977724
104	134	1.11711
104	145	1.0067
104	152	1.03475
104	156	0.955281
104	165	1.00836
104	167	0.983791
104	173	1.04398
104	175	1.00597
104	178	1.07138
105	7	0.941611
105	13	1.08675
105	19	1.02978
105	40	1.14309
105	46	1.07458
105	62	1.13184
105	70	1.09368
105	80	1.03387
105	84	0.862719
105	89	0.89377
105	92	1.08085
105	104	1.04999
105	111	1.02103
105	113	0.881863
105	134	0.993845
105	145	1.08219
105	150	0.913592
105	156	1.03076
105	163	0.956614
105	168	0.928766
105	172	0.915706
105	173	0.92072
105	180	0.940299
106	1	1.01341
106	12	1.00899
106	29	0.934446
106	32	0.949742
106	34	1.0318
106	58	0.978604
106	73	0.988598
106	79	1.04461
106	89	0.980373
106	98	1.01447
106	99	0.933146
106	112	1.01162
106	130	1.0471
106	137	1.05614
106	145	1.01968
106	149	0.944076
106	162	1.02526
106	164	1.01824
106	167	0.956551
106	169	1.03346
106	173	1.01674
106	175	0.966112
106	180	1.03632
107	9	1.01604
107	49	0.987992
107	58	0.988337
107	61	0.944967
107	75	0.971493
107	87	1.0338
107	88	0.98934
107	96	1.04999
107	98	1.0242
107	99	0.942878
107	122	1.00407
107	146	1.11732
107	148	0.959516
107	149	0.953808
107	158	1.03177
107	159	0.955129
107	162	0.966183
107	163	1.05409
107	167	0.958002
107	168	1.02624
107	173	1.01819
107	174	1.04041
107	175	0.975845
108	17	0.976001
108	45	0.834623
108	55	0.944213
108	77	0.814896
108	99	0.981697
108	120	0.842117
108	146	1.03808
108	149	0.976545
108	157	1.07982
108	158	1.06794
108	159	0.962652
108	162	0.953965
108	166	1.07953
108	168	1.06892
108	171	1.03957
108	172	1.07564
108	174	1.05582
108	175	0.907439
108	176	1.05751
108	177	1.0671
108	178	1.05302
108	179	1.05668
108	180	1.06036
109	35	1.0559
109	48	1.01256
109	52	1.01123
109	65	1.11723
109	67	1.03793
109	78	1.08729
109	100	1.01881
109	112	1.05098
109	117	1.05701
109	124	1.0396
109	127	1.00667
109	131	0.991075
109	135	1.01644
109	139	0.952877
109	154	0.945183
109	157	0.916035
109	159	0.984754
109	164	1.01857
109	166	0.939346
109	167	0.881528
109	172	0.936704
109	173	1.00224
109	178	0.969121
109	179	0.96117
110	44	0.914241
110	94	1.06295
110	112	0.924329
110	117	1.06796
110	131	1.00723
110	140	1.04552
110	144	0.995547
110	147	0.939437
110	150	1.016
110	151	1.013
110	153	0.99383
110	154	1.00192
110	155	1.03993
110	157	0.932186
110	160	1.02453
110	161	1.0297
110	163	0.993764
110	167	1.06761
110	169	0.97459
110	170	1.02832
110	173	1.01318
110	177	0.961383
110	178	0.985272
110	179	0.977321
111	7	0.837173
111	13	0.982309
111	19	0.92534
111	31	0.922125
111	40	1.03865
111	46	0.970139
111	62	1.0274
111	70	0.989241
111	80	0.929429
111	92	0.97641
111	97	0.931136
111	104	0.945547
111	105	1.02103
111	134	1.13358
111	136	1.01952
111	145	0.977749
111	156	0.926326
111	158	1.07404
111	163	1.09635
111	164	1.06195
111	170	1.05611
111	173	1.06045
111	174	1.08267
111	175	1.02244
112	10	0.934361
112	43	0.969487
112	49	1.04321
112	61	1.00018
112	63	0.948426
112	73	1.05355
112	75	1.02671
112	81	0.899817
112	88	1.04456
112	93	0.924746
112	98	1.07942
112	106	1.01162
112	109	1.05098
112	110	0.924329
112	135	1.04204
112	137	1.0266
112	145	0.990139
112	149	1.00902
112	159	1.01035
112	166	0.984825
112	170	0.982857
112	173	1.02783
112	175	1.03106
112	177	0.990711
113	1	0.92612
113	30	1.01534
113	63	1.06272
113	88	0.97244
113	105	0.881863
113	118	1.02803
113	141	0.940046
113	154	0.985344
113	155	0.916515
113	157	1.04191
113	158	1.03003
113	160	0.936724
113	162	0.990397
113	163	1.0302
113	166	1.04163
113	168	1.03101
113	171	1.00167
113	172	1.03774
113	174	1.01792
113	176	1.01961
113	177	1.0292
113	178	1.01512
113	179	1.01878
113	180	1.02246
114	20	0.874712
114	53	1.04206
114	65	0.94504
114	85	0.956517
114	90	1.02877
114	96	0.95367
114	129	1.03034
114	131	0.998299
114	140	0.960633
114	153	1.06441
114	157	1.02089
114	158	1.00901
114	159	1.07339
114	161	1.00879
114	163	1.00918
114	166	1.02061
114	171	0.98065
114	172	1.01672
114	173	1.00265
114	174	0.996894
114	176	0.998588
114	177	1.00818
114	178	0.994099
114	179	0.997755
114	180	1.00144
115	84	1.04151
115	116	0.990399
115	120	1.03769
115	122	0.9849
115	132	1.02612
115	133	1.04283
115	138	1.03328
115	139	1.01018
115	150	0.987574
115	151	0.98457
115	152	0.989784
115	153	0.965403
115	154	0.973492
115	155	1.0115
115	157	0.973335
115	158	1.0126
115	160	0.996104
115	161	1.00127
115	162	0.978327
115	166	0.996646
115	168	1.00707
115	172	0.994005
115	173	0.984757
115	175	0.987989
115	177	1.00253
116	17	0.960591
116	22	0.975489
116	45	1.04127
116	85	1.03958
116	86	1.08643
116	115	0.990399
116	120	1.03766
116	125	1.03624
116	137	1.00954
116	140	1.01706
116	143	0.938396
116	144	0.96709
116	151	0.98454
116	154	0.973461
116	155	1.01147
116	160	0.996074
116	161	1.00124
116	163	1.00604
116	164	0.971645
116	165	1.01934
116	169	0.986864
116	173	0.984726
116	178	0.997546
116	179	0.989595
116	180	0.989722
117	8	0.905466
117	11	0.932263
117	19	0.980492
117	43	1.08001
117	57	0.975844
117	66	0.945125
117	75	0.984243
117	76	0.836634
117	83	0.83716
117	88	0.945041
117	100	1.05044
117	104	0.977724
117	109	1.05701
117	110	1.06796
117	120	1.0868
117	127	1.0383
117	135	1.04807
117	144	1.01623
117	150	1.03668
117	156	1.01235
117	160	1.04521
117	171	1.01186
117	174	1.0281
117	177	1.03939
117	179	1.02896
117	180	1.03264
118	8	0.999279
118	14	0.916795
118	20	1.09186
118	41	0.913685
118	74	1.06039
118	84	1.00889
118	89	1.03994
118	101	0.991047
118	113	1.02803
118	119	0.999344
118	123	0.959827
118	126	0.931694
118	136	0.971864
118	149	0.940422
118	156	0.937714
118	159	0.941743
118	162	0.952797
118	166	1.06452
118	167	1.0067
118	169	0.97151
118	170	0.974366
118	171	1.11659
118	172	1.06188
118	175	0.962459
118	177	1.07041
118	178	1.09429
119	9	1.06263
119	20	1.15184
119	41	0.973661
119	74	1.12037
119	76	1.10781
119	89	0.923844
119	93	0.888342
119	97	1.0025
119	118	0.999344
119	123	1.0198
119	133	0.9946
119	136	1.03184
119	142	0.98706
119	145	1.04911
119	159	1.00172
119	164	1.03554
119	166	0.948421
119	167	0.890603
119	168	0.95884
119	170	1.03434
119	172	0.945779
119	173	0.950793
119	175	1.02243
119	176	0.962515
119	178	0.978196
119	180	0.970372
120	92	0.936853
120	94	1.08178
120	108	0.842117
120	115	1.03769
120	116	1.03766
120	117	1.0868
120	138	1.08054
120	140	1.06435
120	141	1.06472
120	144	1.01438
120	145	0.920347
120	146	1.01653
120	150	1.03484
120	153	1.01267
120	155	1.05877
120	156	0.945615
120	160	1.04337
120	161	1.04854
120	163	0.9533
120	164	0.918908
120	165	1.06663
120	171	0.967106
120	172	0.912391
120	173	1.03202
120	174	0.93962
120	175	1.03525
120	177	0.920919
120	180	0.936985
121	22	1.04608
121	30	1.06843
121	35	0.958204
121	48	1.01248
121	100	0.997669
121	102	1.01582
121	124	0.962888
121	131	0.979193
121	137	0.988885
121	139	0.99132
121	141	0.993133
121	144	1.03882
121	149	1.06606
121	152	1.01094
121	158	0.989905
121	159	1.05217
121	163	0.990072
121	166	1.0015
121	168	0.990887
121	171	0.961544
121	172	0.997612
121	174	0.977788
121	175	0.996957
121	176	0.979482
121	177	0.989074
121	178	0.974993
121	179	0.978649
121	180	0.98233
122	5	1.22675
122	8	0.957604
122	31	1.04714
122	103	1.01006
122	107	1.00407
122	115	0.9849
122	123	1.01043
122	130	0.979151
122	133	0.981141
122	137	0.989407
122	143	1.02789
122	144	1.01047
122	153	1.01484
122	157	1.00231
122	158	0.990427
122	161	0.959221
122	163	0.990594
122	166	1.00202
122	168	0.991409
122	171	0.962066
122	172	0.998133
122	174	0.97831
122	175	0.968608
122	176	0.980004
122	177	0.989596
122	178	0.975515
122	179	0.97917
122	180	0.982852
123	8	1.01974
123	18	0.891287
123	20	1.11232
123	41	0.934144
123	55	0.993597
123	66	1.01359
123	84	0.966549
123	86	0.946735
123	101	1.01151
123	103	0.972096
123	118	0.959827
123	119	1.0198
123	122	1.01043
123	126	0.952153
123	142	0.947542
123	144	1.0284
123	146	1.12368
123	149	0.96088
123	154	1.02801
123	162	0.973255
123	164	0.996021
123	167	0.964361
123	169	0.991968
123	170	0.994824
123	171	1.07425
123	174	1.04677
123	177	1.02806
123	179	1.044
124	36	1.12351
124	42	1.08894
124	48	1.02677
124	52	1.02544
124	54	1.01453
124	63	0.909887
124	66	0.939303
124	69	0.954664
124	78	1.1015
124	86	0.983493
124	100	1.03302
124	109	1.0396
124	121	0.962888
124	126	1.0152
124	127	1.02088
124	135	1.03065
124	145	0.9516
124	149	0.997639
124	156	0.99493
124	157	0.922975
124	162	1.01001
124	164	1.03278
124	167	0.888469
124	169	1.02873
124	171	0.998359
124	173	1.01644
124	177	0.952172
124	178	0.976062
124	179	0.96811
125	44	1.03159
125	85	0.98716
125	116	1.03624
125	129	1.06098
125	130	0.954207
125	136	1.0459
125	139	0.966897
125	140	0.991276
125	146	0.935631
125	150	1.0797
125	153	1.09505
125	154	1.09029
125	156	1.11504
125	157	0.977362
125	158	0.965482
125	161	1.03943
125	163	0.965649
125	166	0.977078
125	167	1.01355
125	168	0.966464
125	171	0.937121
125	172	0.973188
125	174	0.953365
125	175	1.04882
125	176	0.955059
125	177	0.964651
125	178	0.95057
125	179	0.954225
125	180	0.957907
126	2	1.00583
126	41	0.906012
126	74	1.05272
126	76	1.04016
126	77	0.956726
126	79	1.03328
126	86	0.918603
126	89	1.06033
126	96	1.02893
126	101	0.983373
126	103	0.943964
126	118	0.931694
126	123	0.952153
126	124	1.0152
126	130	1.11764
126	136	0.96419
126	145	0.981463
126	149	0.932748
126	156	0.93004
126	157	1.0616
126	159	0.93407
126	160	1.04212
126	162	0.945123
126	165	1.05165
126	170	0.966692
126	173	1.08728
126	174	1.10949
126	175	0.954785
126	176	1.099
127	3	1.02393
127	28	1.04928
127	35	1.03719
127	38	0.96124
127	42	1.05601
127	48	0.993844
127	52	0.992516
127	54	0.981601
127	63	0.975428
127	67	1.01921
127	69	0.92174
127	78	1.06858
127	100	1.00009
127	109	1.00667
127	117	1.0383
127	124	1.02088
127	135	0.997726
127	149	0.964715
127	150	1.00707
127	156	0.962006
127	157	0.988516
127	159	0.966036
127	162	0.977089
127	167	0.95401
127	169	0.995802
127	170	1.00986
127	172	1.00919
127	175	0.976189
127	177	1.01771
127	180	1.03378
128	21	1.02188
128	33	1.05943
128	35	0.933642
128	54	0.995949
128	55	1.00917
128	132	0.941715
128	137	1.00337
128	139	1.0058
128	144	1.01426
128	146	0.974537
128	154	1.01387
128	156	1.03862
128	157	1.01627
128	158	1.00439
128	159	1.02761
128	161	0.963008
128	163	1.00455
128	164	1.01437
128	166	1.01598
128	168	1.00537
128	171	0.976027
128	172	1.01209
128	173	0.99803
128	174	0.992271
128	175	0.972395
128	176	0.993965
128	177	1.00356
128	178	0.989476
128	179	0.993131
128	180	0.996813
129	2	0.913439
129	8	0.945872
129	79	1.07127
129	90	1.00386
129	95	0.966712
129	114	1.03034
129	125	1.06098
129	134	0.982298
129	138	1.03806
129	139	1.00605
129	148	1.00123
129	150	0.992355
129	151	0.989351
129	153	0.970184
129	154	0.978273
129	155	1.01629
129	157	0.969203
129	159	0.972055
129	160	1.00089
129	161	1.00605
129	163	1.03078
129	164	0.996389
129	165	1.02415
129	166	0.992514
129	170	1.00468
129	171	1.04459
129	173	0.989538
129	175	0.99277
129	177	0.9984
129	178	1.02229
130	25	1.06893
130	47	1.01916
130	67	0.996298
130	83	0.933775
130	100	1.0138
130	102	1.00644
130	106	1.0471
130	122	0.979151
130	125	0.954207
130	126	1.11764
130	132	0.982404
130	133	0.971238
130	136	1.01016
130	142	1.08145
130	147	0.993723
130	150	1.04397
130	152	1.00156
130	156	1.0793
130	157	0.992405
130	158	0.980525
130	163	0.980692
130	166	0.992121
130	168	0.981507
130	171	0.952164
130	172	0.988231
130	174	0.968408
130	176	0.970102
130	177	0.979694
130	178	0.965613
130	179	0.969268
130	180	0.97295
131	1	1.01433
131	73	0.993658
131	82	0.945599
131	87	1.00613
131	95	1.08494
131	99	1.10634
131	109	0.991075
131	110	1.00723
131	114	0.998299
131	121	0.979193
131	135	1.02639
131	138	0.977548
131	146	0.951238
131	147	0.994287
131	150	1.06297
131	151	1.03596
131	152	1.00213
131	157	0.992969
131	159	1.0873
131	163	0.981255
131	165	1.00934
131	166	0.992684
131	168	0.98207
131	171	0.952727
131	172	0.988795
131	174	0.968971
131	176	0.970665
131	177	0.980257
131	178	0.966176
131	179	0.969832
131	180	0.973513
132	17	0.996317
132	28	0.987124
132	38	0.899087
132	62	0.852199
132	77	1.1162
132	89	1.03795
132	90	1.03477
132	91	1.01251
132	94	1.07021
132	95	0.997627
132	115	1.02612
132	128	0.941715
132	130	0.982404
132	137	0.991448
132	140	1.05278
132	144	1.00282
132	148	1.03214
132	150	1.02327
132	151	1.02027
132	153	1.0011
132	154	1.00919
132	157	0.926363
132	158	0.965629
132	160	1.0318
132	161	1.03697
132	167	1.07488
132	168	0.960093
132	170	1.03559
132	176	0.963768
132	177	0.95556
132	179	0.971498
133	8	1.01553
133	19	1.09056
133	78	0.947413
133	115	1.04283
133	119	0.9946
133	122	0.981141
133	130	0.971238
133	140	0.96899
133	141	1.02271
133	142	1.0949
133	146	0.952663
133	147	0.995713
133	151	1.03041
133	152	1.00355
133	156	1.09275
133	157	0.994394
133	158	0.982514
133	161	1.01715
133	162	1.07306
133	163	0.982681
133	166	0.99411
133	168	0.983496
133	171	0.954153
133	172	0.99022
133	173	0.976156
133	174	0.970397
133	176	0.972091
133	177	0.981683
133	178	0.967602
133	179	0.971257
133	180	0.974939
134	13	1.01857
134	14	0.943765
134	16	1.05447
134	26	0.964935
134	40	1.02516
134	46	1.08355
134	57	0.995501
134	61	0.944199
134	74	0.957192
134	75	0.970726
134	76	0.976016
134	80	1.10541
134	87	1.03303
134	88	0.988572
134	96	0.991345
134	104	1.11711
134	105	0.993845
134	111	1.13358
134	129	0.982298
134	139	0.979618
134	153	0.952491
134	154	0.96058
134	160	0.983192
134	161	0.98836
134	167	1.02627
134	172	0.985909
134	174	0.966085
134	177	0.977372
134	178	0.963291
134	179	0.966946
134	180	0.970628
135	35	1.04696
135	42	1.06579
135	48	1.00362
135	52	1.00229
135	67	1.02898
135	69	0.931513
135	78	1.07835
135	86	0.960342
135	92	0.996481
135	93	0.914582
135	100	1.00987
135	109	1.01644
135	112	1.04204
135	117	1.04807
135	124	1.03065
135	127	0.997726
135	131	1.02639
135	146	1.07616
135	147	0.958601
135	153	0.985251
135	156	0.971779
135	157	0.95135
135	159	0.975809
135	162	0.986862
135	163	1.01293
135	164	1.00963
135	165	0.941408
135	166	0.974661
135	172	0.972019
135	173	0.993292
135	178	1.00444
135	180	0.996612
136	8	1.03177
136	11	1.0147
136	47	0.988074
136	55	1.00563
136	66	1.02563
136	72	0.939268
136	74	1.09288
136	79	1.07345
136	96	1.0691
136	101	1.02354
136	103	0.984133
136	111	1.01952
136	118	0.971864
136	119	1.03184
136	125	1.0459
136	126	0.96419
136	130	1.01016
136	138	0.887259
136	149	0.972917
136	156	0.970209
136	159	0.974239
136	167	0.919615
136	169	1.00401
136	170	1.00686
136	171	1.02951
136	172	0.97479
136	174	1.00202
136	175	0.994954
136	176	0.991526
136	177	0.983318
136	178	1.00721
136	180	0.999384
137	24	1.06662
137	68	0.972957
137	73	0.983703
137	74	0.923469
137	98	0.957416
137	106	1.05614
137	112	1.0266
137	116	1.00954
137	121	0.988885
137	122	0.989407
137	128	1.00337
137	132	0.991448
137	146	0.96093
137	149	1.09123
137	151	1.02601
137	152	1.01182
137	153	1.06836
137	157	1.00266
137	158	0.99078
137	163	0.990947
137	165	1.01903
137	166	1.00238
137	168	0.991762
137	170	0.999562
137	171	0.962419
137	172	0.998486
137	174	0.978663
137	175	1.02213
137	176	0.980357
137	177	0.989949
137	178	0.975868
137	179	0.979523
137	180	0.983205
138	45	1.08415
138	64	0.899156
138	80	0.939739
138	86	1.04448
138	90	1.04193
138	115	1.03328
138	120	1.08054
138	129	1.03806
138	131	0.977548
138	136	0.887259
138	140	1.05994
138	141	1.0603
138	144	1.00997
138	145	0.931133
138	148	1.0393
138	150	1.03042
138	151	1.02742
138	152	0.918957
138	154	1.01634
138	155	1.05435
138	159	1.01012
138	160	1.03895
138	161	1.04412
138	162	1.02118
138	163	0.964086
138	164	0.929695
138	167	1.08203
138	169	0.944913
138	173	1.02761
138	176	0.939914
138	177	0.931705
138	178	0.955595
138	180	0.947771
139	36	0.943031
139	63	1.0259
139	67	0.977099
139	87	0.96793
139	95	1.04675
139	99	1.06814
139	109	0.952877
139	115	1.01018
139	121	0.99132
139	125	0.966897
139	128	1.0058
139	129	1.00605
139	134	0.979618
139	142	1.06225
