1	33	0.732047
1	81	1.03949
1	114	1.0597
1	130	1.04296
1	159	1.03074
1	161	1.07458
1	163	0.810758
1	164	1.089
1	167	1.07617
1	171	0.857711
1	175	1.08732
1	180	1.10549
2	4	0.942175
2	29	0.969784
2	68	1.13403
2	130	1.312
2	148	0.959708
2	157	0.958989
2	162	0.782744
2	168	0.98645
2	170	1.00976
2	171	0.978458
2	173	0.996601
2	179	1.00595
3	21	0.869549
3	43	1.22952
3	48	0.969628
3	80	0.979381
3	89	0.962517
3	100	1.13932
3	104	0.913052
3	116	0.955103
3	159	0.941084
3	161	0.984927
3	172	1.00518
3	180	1.01584
4	2	0.942175
4	9	0.993704
4	19	0.928533
4	34	0.911292
4	92	1.38378
4	99	0.962269
4	139	0.807026
4	145	0.974168
4	165	0.989117
4	171	1.00074
4	173	1.01888
4	179	1.02823
5	38	0.856546
5	95	0.941467
5	101	0.938318
5	116	0.950314
5	144	0.977303
5	159	0.936295
5	167	0.981728
5	171	1.26744
5	172	1.00039
5	175	0.992878
5	179	1.13388
5	180	1.01105
6	18	0.88473
6	96	0.979312
6	112	1.25403
6	114	0.958689
6	116	0.943749
6	119	0.918864
6	120	0.988256
6	158	1.16623
6	159	0.92973
6	167	0.975163
6	172	0.99383
6	180	1.00448
7	34	1.01339
7	85	1.079
7	94	0.73356
7	120	0.752449
7	145	1.07627
7	151	1.05754
7	165	1.09122
7	168	1.11083
7	173	1.12099
7	174	0.934444
7	178	0.902496
7	179	1.13033
8	42	0.628686
8	90	0.806067
8	122	0.618466
8	164	0.846656
8	166	0.826859
8	171	0.814777
8	172	0.852495
8	173	0.832921
8	174	0.82964
8	177	0.848143
8	179	0.842265
8	180	0.863147
9	4	0.993704
9	26	1.07703
9	116	1.06494
9	136	0.618617
9	140	1.0658
9	159	1.05092
9	161	1.09477
9	162	0.88159
9	165	0.771133
9	167	1.09636
9	175	1.10751
9	180	1.12567
10	48	0.995954
10	84	1.22146
10	119	0.956544
10	138	0.796958
10	140	0.982283
10	159	0.96741
10	167	1.01284
10	172	1.03151
10	173	1.1889
10	175	1.02399
10	178	0.793445
10	180	1.04216
11	51	0.608521
11	117	0.789352
11	133	0.813928
11	162	0.620428
11	169	0.842773
11	172	0.85386
11	175	0.846343
11	176	0.855517
11	177	0.849508
11	179	0.843629
11	180	0.864512
12	54	0.894951
12	105	0.876319
12	141	0.85457
12	145	1.06065
12	149	1.07107
12	150	1.06961
12	165	1.0756
12	169	0.684183
12	170	1.11853
12	171	1.08723
12	173	1.10537
12	179	1.11471
13	86	0.957654
13	115	1.19246
13	131	0.956399
13	148	0.941317
13	150	0.942448
13	151	0.91476
13	152	1.21288
13	163	0.961018
13	168	0.968059
13	170	0.991366
13	173	0.97821
13	179	0.987554
14	80	0.86477
14	122	0.656543
14	124	0.647558
14	146	0.852277
14	149	0.836702
14	158	0.865685
14	162	0.65714
14	169	0.879485
14	175	0.883055
14	177	0.88622
14	178	0.652508
14	180	0.901224
15	83	1.05929
15	113	0.809431
15	120	1.10631
15	125	1.06426
15	140	1.06266
15	143	0.723853
15	144	1.0888
15	164	1.10605
15	171	0.887166
15	175	1.10437
15	178	0.873824
15	180	1.12254
16	37	1.19427
16	41	0.929947
16	49	1.00137
16	85	0.985472
16	98	0.803194
16	124	0.804022
16	149	0.993165
16	150	0.991699
16	156	1.01356
16	165	0.997693
16	177	1.20897
16	179	1.0368
17	21	0.971807
17	60	0.590067
17	82	1.03668
17	84	0.88118
17	86	0.927434
17	104	1.01531
17	140	1.05822
17	161	1.08719
17	164	1.1016
17	167	1.08878
17	175	1.09993
17	180	1.11809
18	6	0.88473
18	102	1.22993
18	111	0.940813
18	116	0.953279
18	129	1.37279
18	130	0.951486
18	140	0.954133
18	159	0.93926
18	167	0.984694
18	172	1.00336
18	175	0.995843
18	178	0.765296
18	180	1.01401
19	4	0.928533
19	73	0.765554
19	99	0.926344
19	155	0.948352
19	156	0.969056
19	163	0.965767
19	168	0.972808
19	170	0.996115
19	171	0.964816
19	173	0.982959
19	174	1.38951
19	177	1.24212
19	179	0.992303
20	112	1.0226
20	123	1.02842
20	131	1.04055
20	146	1.04364
20	149	1.02807
20	151	0.998915
20	161	0.918358
20	163	1.04517
20	171	1.04422
20	173	1.06237
20	175	0.903161
20	177	0.810981
20	179	1.07171
21	3	0.869549
21	17	0.971807
21	23	0.867945
21	28	1.09452
21	144	0.953733
21	154	1.4656
21	159	0.912725
21	161	0.956569
21	164	0.970986
21	167	0.958159
21	172	0.976825
21	175	0.969308
21	180	0.987477
22	69	0.995123
22	99	1.0361
22	104	1.00016
22	150	1.05695
22	151	1.02927
22	157	1.0551
22	158	0.753551
22	163	1.07552
22	171	1.07457
22	173	1.09272
22	174	0.905204
22	178	0.874226
22	179	1.10206
23	21	0.867945
23	26	0.965591
23	80	0.977777
23	89	0.960913
23	104	0.911449
23	143	1.29089
23	159	0.93948
23	161	0.983324
23	172	1.00358
23	175	0.996063
23	178	0.765515
23	179	1.32064
23	180	1.01423
24	129	0.940949
24	132	0.945078
24	147	0.940776
24	152	0.926727
24	153	0.970507
24	159	1.40756
24	162	0.758443
24	164	1.20028
24	166	0.966239
24	169	0.980788
24	174	0.96902
24	176	0.993532
24	177	0.987523
25	27	0.826707
25	107	1.00662
25	124	0.880702
25	135	1.01677
25	140	0.890608
25	142	1.05171
25	146	0.901407
25	158	1.09883
25	166	1.09808
25	174	1.10086
25	176	1.12537
25	177	1.11936
25	178	0.885652
26	9	1.07703
26	23	0.965591
26	53	0.97304
26	106	1.00918
26	108	0.774285
26	127	1.02531
26	155	0.809769
26	159	1.01037
26	164	1.06863
26	167	1.05581
26	172	1.07447
26	175	1.06695
26	180	1.08512
27	25	0.826707
27	38	0.946462
27	83	1.03771
27	103	0.829036
27	120	1.08474
27	127	1.04115
27	136	0.925125
27	144	1.06722
27	161	1.07005
27	162	0.856878
27	172	1.09031
27	175	1.08279
27	180	1.10096
28	21	1.09452
28	50	0.80026
28	92	1.00158
28	93	1.00876
28	112	0.722139
28	135	0.974236
28	152	1.01603
28	160	1.05802
28	166	1.05555
28	169	1.0701
28	174	1.05833
28	176	1.08284
28	177	1.07683
29	2	0.969784
29	46	0.941007
29	117	1.00156
29	128	0.976535
29	137	0.990668
29	151	0.983044
29	157	1.00888
29	165	1.01673
29	168	1.03634
29	170	1.05965
29	171	1.02835
29	173	1.04649
29	176	0.882574
29	179	1.05584
30	118	1.07271
30	121	1.02526
30	145	1.0062
30	148	1.01402
30	151	0.987466
30	154	0.962289
30	161	0.934984
30	162	0.837059
30	168	1.04077
30	170	1.06407
30	171	1.03277
30	173	1.05092
30	175	0.919788
30	179	1.06026
31	86	1.01679
31	113	0.964109
31	137	0.981518
31	149	1.00305
31	150	1.00158
31	155	1.00274
31	165	1.00758
31	168	1.02719
31	170	1.0505
31	171	1.0192
31	173	1.03734
31	174	1.03025
31	179	1.04669
31	180	0.849163
32	44	0.833505
32	54	0.797789
32	55	0.620666
32	67	0.64187
32	71	0.638002
32	106	0.782803
32	116	0.822016
32	161	0.851841
32	170	0.865679
32	174	0.849242
32	175	0.86458
32	177	0.867745
32	179	0.861866
32	180	0.882749
33	1	0.732047
33	83	1.05954
33	87	0.839984
33	133	1.0549
33	146	1.05654
33	150	1.0395
33	153	0.993029
33	155	1.04065
33	156	1.06135
33	157	1.03765
33	165	1.04549
33	168	1.06511
33	178	0.856768
33	179	1.0846
34	4	0.911292
34	7	1.01339
34	60	1.29764
34	109	1.45648
34	118	0.987516
34	151	0.902269
34	155	0.931112
34	157	0.928107
34	165	0.935952
34	168	0.955568
34	171	0.947576
34	173	0.965719
34	178	0.747229
34	179	0.975063
35	124	0.619092
35	133	0.822174
35	134	0.615439
35	138	0.627554
35	165	0.812763
35	166	0.836469
35	167	0.843439
35	172	0.862106
35	174	0.839251
35	175	0.854589
35	176	0.863762
35	177	0.857753
35	179	0.851875
35	180	0.872757
36	68	0.820474
36	114	0.815549
36	138	0.616138
36	149	0.79682
36	158	0.825803
36	161	0.830434
36	162	0.617258
36	168	0.820965
36	170	0.844272
36	171	0.812972
36	174	0.827835
36	175	0.843174
36	177	0.846338
36	180	0.861342
37	16	1.19427
37	40	0.98317
37	48	1.01281
37	68	0.708336
37	90	1.00194
37	125	1.00074
37	144	1.02528
37	159	0.984267
37	161	1.02811
37	167	1.0297
37	168	0.949288
37	172	1.04837
37	175	1.04085
37	180	1.05902
38	5	0.856546
38	27	0.946462
38	57	1.69978
38	114	0.93347
38	119	0.893646
38	127	0.919447
38	131	1.15782
38	140	0.919385
38	144	0.94552
38	159	0.904512
38	167	0.949945
38	172	0.968612
38	175	0.961095
38	180	0.979263
39	69	0.946969
39	95	1.02682
39	110	1.00444
39	131	1.02275
39	148	1.00767
39	149	1.01027
39	156	1.03066
39	157	1.00695
39	165	1.01479
39	167	0.949515
39	171	1.02642
39	173	1.04456
39	175	1.01007
39	178	0.826072
39	179	1.05391
40	37	0.98317
40	47	0.989117
40	62	0.922657
40	101	0.985186
40	111	0.984716
40	112	1.00002
40	119	0.972297
40	130	0.995388
40	140	0.998036
40	159	0.983163
40	163	1.02852
40	167	1.0286
40	172	1.04726
40	175	1.03975
40	180	1.05791
41	16	0.929947
41	71	0.761277
41	99	0.919182
41	146	0.957077
41	147	1.52367
41	151	0.912348
41	155	0.941191
41	157	0.938185
41	163	0.958606
41	168	0.965647
41	170	0.988954
41	173	0.975798
41	177	1.50179
41	178	0.757308
41	179	0.985142
42	8	0.628686
42	45	0.865612
42	62	0.764045
42	67	0.658424
42	84	0.848269
42	125	0.84102
42	162	0.655219
42	166	0.863015
42	172	0.888651
42	173	0.869076
42	177	0.884299
42	178	0.650587
42	179	0.87842
42	180	0.899303
43	3	1.22952
43	77	0.989783
43	128	0.983604
43	130	0.856428
43	142	0.959673
43	152	0.966534
43	154	0.976577
43	158	1.0068
43	160	1.00852
43	166	1.00605
43	168	0.919404
43	169	1.0206
43	174	1.00883
43	176	1.03334
43	177	1.02733
44	32	0.833505
44	48	1.09288
44	72	1.01544
44	82	0.998319
44	113	1.00597
44	122	0.839839
44	135	0.96692
44	142	1.00186
44	154	1.01876
44	158	1.04898
44	160	1.0507
44	174	1.05101
44	176	1.07552
44	177	1.06952
44	180	0.969559
45	42	0.865612
45	47	1.01202
45	82	0.979726
45	112	1.03008
45	121	1.04419
45	123	1.0359
45	139	0.857989
45	145	1.02513
45	151	1.0064
45	170	1.083
45	172	1.05394
45	173	1.06985
45	176	0.993917
45	178	0.851357
45	179	1.07919
46	29	0.941007
46	66	1.02598
46	75	0.959816
46	87	0.804365
46	107	0.942113
46	141	0.995283
46	142	0.987204
46	157	1.08375
46	158	1.03433
46	166	1.03358
46	169	1.04813
46	174	1.03636
46	176	1.06087
46	177	1.05486
46	179	0.968122
47	40	0.989117
47	45	1.01202
47	131	0.993669
47	144	0.932772
47	145	0.970764
47	146	0.99676
47	149	0.981184
47	150	0.979718
47	155	0.980873
47	163	0.998288
47	168	1.00533
47	170	1.02864
47	173	1.01548
47	174	1.09503
47	179	1.02482
48	3	0.969628
48	10	0.995954
48	37	1.01281
48	44	1.09288
48	59	0.993689
48	64	1.08093
48	82	1.00614
48	88	1.02397
48	118	0.814875
48	122	0.842875
48	133	1.082
48	138	0.842352
48	172	1.0769
48	175	1.06939
48	180	1.08756
49	16	1.00137
49	69	0.949631
49	96	0.845054
49	117	1.00229
49	145	1.00251
49	146	1.0285
49	148	1.01033
49	158	1.00363
49	163	1.03003
49	165	1.01746
49	168	1.03707
49	171	1.02908
49	174	1.15529
49	178	0.828734
49	179	1.05657
50	28	0.80026
50	72	1.0303
50	106	0.966996
50	132	1.15775
50	133	1.01636
50	145	0.991999
50	146	1.01799
50	155	1.00211
50	156	1.02281
50	162	0.822858
50	165	1.00695
50	168	1.02656
50	171	1.01857
50	173	1.03672
50	179	1.04606
51	11	0.608521
51	126	0.62181
51	127	0.817956
51	148	0.810652
51	151	0.784096
51	158	0.842234
51	160	0.843955
51	167	0.848454
51	173	0.847546
51	175	0.859604
51	176	0.868777
51	177	0.862768
51	178	0.629056
51	179	0.85689
51	180	0.877772
52	68	1.01112
52	86	0.998718
52	93	0.968917
52	107	0.924239
52	117	1.09121
52	141	0.977409
52	142	0.96933
52	143	0.977073
52	151	1.11545
52	158	1.01645
52	160	1.01817
52	166	1.0157
52	174	1.01848
52	176	1.043
52	177	1.03699
52	178	0.803275
53	26	0.97304
53	81	0.955679
53	95	0.952101
53	96	0.99651
53	114	0.975887
53	115	0.945162
53	120	1.00545
53	125	0.963398
53	144	0.987936
53	164	1.00519
53	170	1.10302
53	172	1.01103
53	175	1.00351
53	177	1.04839
53	179	1.07382
53	180	1.02168
54	12	0.894951
54	32	0.797789
54	93	0.965729
54	113	0.970257
54	141	0.974221
54	142	0.966142
54	143	0.973885
54	149	1.15726
54	150	1.13893
54	153	1.01678
54	154	0.983046
54	166	1.01252
54	169	1.02706
54	174	1.0153
54	176	1.03981
54	177	1.0338
55	32	0.620666
55	98	0.617188
55	114	0.825888
55	120	0.855455
55	124	0.618015
55	132	0.814231
55	149	0.807158
55	154	0.805923
55	163	0.824262
55	164	0.855189
55	168	0.831303
55	175	0.853512
55	176	0.862685
55	177	0.856676
55	179	0.850798
55	180	0.871681
56	80	0.860172
56	84	1.06649
56	100	0.629852
56	107	0.989771
56	128	1.05879
56	129	1.05595
56	142	1.03486
56	143	1.04261
56	153	1.0855
56	154	1.05177
56	161	0.872014
56	169	1.09578
56	173	0.800537
56	174	1.08402
56	176	1.10853
56	177	1.10252
57	38	1.69978
57	66	0.921854
57	79	0.899295
57	94	0.96035
57	134	0.708422
57	136	0.929037
57	143	0.890822
57	147	0.903989
57	154	0.899983
57	155	1.47705
57	158	0.930202
57	160	0.931923
57	169	0.944002
57	174	0.932234
57	176	0.956745
57	177	0.950736
58	72	0.968266
58	107	0.90959
58	110	1.02724
58	129	0.975765
58	135	0.919744
58	136	1.00064
58	140	1.07876
58	143	0.962424
58	152	0.961542
58	153	1.00532
58	166	1.00105
58	169	1.0156
58	170	1.08036
58	174	1.00384
58	176	1.02835
58	177	1.02234
59	48	0.993689
59	80	1.00344
59	89	0.986578
59	90	0.982816
59	99	1.20103
59	111	0.966697
59	114	0.994103
59	118	0.876083
59	146	1.08966
59	159	0.965145
59	164	1.02341
59	167	1.01058
59	172	1.02924
59	175	1.02173
59	178	0.79118
59	180	1.0399
60	17	0.590067
60	34	1.29764
60	68	1.06936
60	108	1.03871
60	109	1.03564
60	113	1.03168
60	142	1.02757
60	147	1.04848
60	153	1.07821
60	154	1.04447
60	157	0.793402
60	158	1.07469
60	170	0.706975
60	174	1.07672
60	176	1.10123
60	177	1.09522
60	178	0.861511
61	85	0.964799
61	101	1.12657
61	103	0.991678
61	117	0.961855
61	131	0.984978
61	133	0.986431
61	146	0.988068
61	148	0.969895
61	153	1.17697
61	155	0.972182
61	156	0.992885
61	167	1.12389
61	168	0.996637
61	171	0.988645
61	173	1.00679
61	178	0.788299
61	179	1.01613
62	40	0.922657
62	42	0.764045
62	95	0.928927
62	104	0.895724
62	118	1.527
62	124	0.744841
62	125	0.940224
62	127	0.93869
62	143	1.67243
62	161	0.967599
62	164	0.982015
62	167	0.969188
62	172	0.987855
62	175	0.980338
62	178	0.74979
62	180	0.998507
63	72	0.964396
63	103	1.09159
63	108	0.961959
63	129	0.971895
63	135	0.915874
63	137	1.35122
63	139	0.791389
63	147	0.971722
63	152	0.957673
63	153	1.00145
63	160	0.999656
63	166	0.997185
63	169	1.01173
63	174	0.999967
63	176	1.02448
63	177	1.01847
63	178	0.784757
63	179	1.1521
64	48	1.08093
64	75	1.02257
64	77	0.835098
64	87	0.861635
64	111	1.05394
64	124	0.87347
64	125	1.06885
64	126	0.871172
64	137	0.908606
64	139	0.885051
64	140	1.06726
64	141	0.860905
64	144	1.09339
64	159	1.05238
64	164	1.11064
64	167	1.09782
64	175	1.10897
64	180	1.12714
65	107	0.964207
65	109	1.01738
65	121	0.890116
65	123	0.913179
65	132	1.03451
65	142	1.0093
65	144	0.863148
65	147	1.03021
65	154	1.0262
65	158	1.05642
65	160	1.05814
65	166	1.05567
65	169	1.07022
65	173	0.913907
65	174	1.05845
65	176	1.08296
65	177	1.07696
65	178	0.843243
66	46	1.02598
66	57	0.921854
66	70	1.13591
66	75	0.979828
66	83	0.866796
66	135	0.972278
66	141	1.01529
66	142	1.00722
66	152	1.01408
66	158	1.05434
66	160	1.05606
66	166	1.05359
66	169	1.06814
66	170	0.770211
66	174	1.05637
66	175	0.807759
66	176	1.08088
66	177	1.07487
67	32	0.64187
67	42	0.658424
67	98	0.638392
67	138	0.647681
67	140	0.833006
67	152	0.817084
67	156	0.848755
67	159	0.818133
67	165	0.832891
67	170	0.875815
67	171	0.844515
67	172	0.882233
67	174	0.859378
67	175	0.874716
67	176	0.883889
67	177	0.877881
67	178	0.644169
67	180	0.892885
68	2	1.13403
68	36	0.820474
68	37	0.708336
68	52	1.01112
68	60	1.06936
68	79	1.02645
68	89	0.869535
68	109	1.01831
68	111	0.846173
68	142	1.01023
68	143	1.01798
68	152	1.0171
68	158	1.05736
68	160	1.05908
68	166	1.05661
68	174	1.05939
68	176	1.0839
68	177	1.07789
69	22	0.995123
69	39	0.946969
69	49	0.949631
69	76	1.12843
69	78	0.970322
69	112	0.935955
69	115	1.24812
69	131	0.953907
69	133	0.955361
69	150	0.939956
69	156	0.961815
69	163	0.958526
69	165	0.945951
69	168	0.965567
69	171	0.957575
69	172	1.22439
69	173	0.975718
69	179	0.985062
70	66	1.13591
70	100	0.967435
70	123	0.945809
70	133	0.9594
70	145	0.935041
70	148	0.942863
70	149	0.945461
70	155	0.94515
70	156	0.965854
70	157	0.942145
70	163	0.962565
70	164	1.22418
70	165	0.94999
70	168	0.969606
70	171	0.961614
70	173	0.979757
70	179	0.989101
70	180	1.26164
71	32	0.638002
71	41	0.761277
71	95	0.819437
71	114	0.843224
71	134	0.631698
71	136	0.852313
71	145	0.814074
71	146	0.84007
71	154	0.823259
71	162	0.644932
71	169	0.867278
71	172	0.878365
71	176	0.880021
71	177	0.874012
71	178	0.6403
71	179	0.868134
71	180	0.889017
72	44	1.01544
72	50	1.0303
72	58	0.968266
72	63	0.964396
72	78	0.857401
72	88	0.996878
72	128	1.00596
72	129	1.00311
72	136	1.02798
72	143	0.989768
72	147	1.00294
72	152	0.988886
72	154	0.998929
72	158	1.02915
72	168	0.957636
72	169	1.04295
72	174	1.03118
72	176	1.05569
72	177	1.04968
73	19	0.765554
73	78	0.850509
73	105	0.626856
73	115	0.809614
73	120	0.869907
73	126	0.630169
73	133	0.835548
73	134	0.628813
73	139	0.644048
73	150	0.820144
73	153	0.854112
73	157	0.818293
73	160	0.852315
73	169	0.864393
73	174	0.852625
73	175	0.867964
73	177	0.871128
73	180	0.886132
74	102	1.03075
74	103	1.03746
74	108	0.962408
74	110	1.01245
74	112	1.01281
74	121	1.02691
74	137	0.996743
74	147	0.930958
74	148	1.01567
74	151	0.989118
74	155	1.01796
74	163	1.03538
74	165	1.0228
74	168	1.04242
74	173	1.05257
74	175	1.00126
74	176	0.918343
74	178	0.834079
74	179	1.06191
75	46	0.959816
75	64	1.02257
75	66	0.979828
75	77	0.971163
75	107	0.895962
75	135	0.906116
75	139	0.78163
75	143	0.948796
75	151	1.44497
75	153	0.991694
75	154	0.957957
75	160	0.989897
75	162	0.77963
75	163	1.32556
75	166	0.987426
75	169	1.00198
75	174	0.990208
75	176	1.01472
75	177	1.00871
76	69	1.12843
76	109	1.01163
76	123	0.8835
76	124	0.832543
76	129	1.02463
76	136	1.04951
76	141	1.01163
76	143	1.01129
76	147	1.02446
76	152	1.01041
76	154	1.02045
76	160	1.05239
76	162	0.842125
76	169	1.06447
76	170	0.902961
76	173	0.884228
76	174	1.0527
76	176	1.07721
76	177	1.0712
77	43	0.989783
77	64	0.835098
77	75	0.971163
77	93	0.998137
77	113	1.00267
77	120	0.991441
77	127	1.04278
77	128	1.02248
77	129	1.01963
77	141	1.00663
77	147	1.01946
77	158	1.04567
77	160	1.04739
77	164	0.954898
77	166	1.04492
77	174	1.04771
77	176	1.07222
77	177	1.06621
77	178	0.832496
78	69	0.970322
78	72	0.857401
78	73	0.850509
78	99	1.0113
78	100	1.05559
78	114	1.03237
78	117	1.02298
78	121	1.04226
78	142	0.937362
78	146	1.04919
78	149	1.03362
78	151	1.00446
78	155	1.03331
78	156	1.05401
78	160	0.94044
78	162	0.854057
78	163	1.05072
78	173	1.06791
78	179	1.07726
79	57	0.899295
79	68	1.02645
79	84	1.01628
79	108	0.995804
79	110	0.906158
79	121	0.916762
79	130	0.930671
79	135	0.949719
79	141	0.992736
79	147	1.00557
79	153	1.0353
79	154	1.00156
79	155	0.993468
79	158	1.03178
79	166	1.03103
79	169	1.04558
79	174	1.03381
79	176	1.05832
79	177	1.05231
80	3	0.979381
80	14	0.86477
80	23	0.977777
80	56	0.860172
80	59	1.00344
80	95	1.02773
80	97	0.849235
80	104	0.994527
80	113	1.05179
80	115	1.02079
80	120	1.08108
80	130	1.03478
80	131	0.94181
80	144	1.06357
80	159	1.02256
80	172	1.08666
80	175	1.07914
80	179	0.995958
80	180	1.09731
81	1	1.03949
81	53	0.955679
81	88	1.00417
81	96	1.04259
81	111	0.994563
81	125	1.00948
81	126	0.811799
81	127	1.00795
81	140	1.00788
81	144	1.03402
81	145	0.87651
81	147	0.88523
81	160	0.940038
81	161	1.03685
81	164	1.05127
81	165	1.07688
81	172	1.05711
81	175	1.04959
81	180	1.06776
82	17	1.03668
82	44	0.998319
82	45	0.979726
82	48	1.00614
82	83	0.989098
82	93	0.962763
82	114	1.00656
82	115	0.975833
82	116	0.991618
82	125	0.994068
82	127	0.992534
82	159	0.977599
82	161	1.02144
82	164	1.03586
82	167	1.02303
82	172	1.0417
82	175	1.03418
82	176	0.879332
82	180	1.05235
83	15	1.05929
83	27	1.03771
83	33	1.05954
83	66	0.866796
83	82	0.989098
83	101	0.997783
83	114	1.02472
83	115	0.993994
83	116	1.00978
83	119	0.984894
83	124	0.816846
83	127	1.0107
83	140	1.01063
83	158	1.02195
83	161	1.0396
83	164	1.05402
83	173	1.06211
83	175	1.05234
83	178	0.821796
83	180	1.07051
84	10	1.22146
84	17	0.88118
84	42	0.848269
84	56	1.06649
84	79	1.01628
84	108	1.01122
84	120	0.908858
84	135	0.965131
84	147	1.02098
84	152	1.00693
84	153	1.05071
84	154	1.01697
84	160	1.04891
84	162	0.838646
84	169	1.06099
84	170	0.998088
84	174	1.04922
84	176	1.07373
84	177	1.06773
84	178	0.834014
85	7	1.079
85	16	0.985472
85	61	0.964799
85	102	1.0095
85	107	1.18556
85	121	1.00566
85	131	1.00951
85	138	0.816345
85	145	0.986606
85	146	1.0126
85	148	0.994428
85	149	0.997026
85	153	0.979324
85	157	0.99371
85	167	0.926243
85	170	1.04448
85	171	1.01318
85	173	1.03132
85	176	0.903885
85	179	1.04067
86	13	0.957654
86	17	0.927434
86	31	1.01679
86	52	0.998718
86	102	1.03094
86	123	1.01881
86	131	1.03094
86	137	0.996929
86	139	0.840897
86	149	1.01846
86	150	1.01699
86	151	0.989305
86	155	1.01815
86	166	1.07893
86	168	1.0426
86	169	0.996176
86	170	1.06591
86	171	1.03461
86	178	0.834266
86	179	1.0621
87	33	0.839984
87	46	0.804365
87	64	0.861635
87	94	0.862873
87	105	0.608987
87	120	0.852038
87	123	0.804089
87	126	0.612301
87	138	0.62306
87	160	0.834446
87	164	0.851772
87	167	0.838945
87	170	0.851193
87	172	0.857612
87	173	0.838037
87	174	0.834757
87	177	0.853259
87	178	0.619547
87	179	0.847381
87	180	0.868263
88	48	1.02397
88	72	0.996878
88	81	1.00417
88	104	0.967392
88	115	0.993657
88	119	0.984557
88	123	1.0384
88	127	1.01036
88	130	1.00765
88	131	0.974511
88	138	0.824971
88	139	0.82809
88	159	0.995423
88	161	1.03927
88	164	1.05368
88	167	1.04086
88	169	1.0097
88	172	1.05952
88	175	1.05201
88	180	1.07017
89	3	0.962517
89	23	0.960913
89	59	0.986578
89	68	0.869535
89	101	1.00772
89	114	1.03465
89	115	1.00393
89	122	0.835764
89	130	1.01792
89	140	1.02057
89	145	1.03465
89	147	1.04337
89	159	1.00569
89	164	1.06395
89	167	1.05113
89	172	1.06979
89	173	1.05739
89	175	1.06228
89	178	0.831729
89	180	1.08045
90	8	0.806067
90	37	1.00194
90	59	0.982816
90	95	1.0071
90	101	1.00395
90	104	0.973901
90	119	0.991066
90	125	1.0184
90	128	0.941501
90	130	1.01416
90	135	1.24826
90	156	0.929442
90	161	1.04578
90	164	1.06019
90	167	1.04737
90	169	0.844741
90	172	1.06603
90	175	1.05851
90	178	0.827967
90	180	1.07668
91	97	0.643805
91	98	0.637387
91	103	0.846543
91	116	0.831147
91	119	0.806262
91	122	0.647199
91	132	0.834431
91	139	0.649795
91	164	0.875389
91	168	0.851502
91	171	0.84351
91	174	0.858373
91	175	0.873711
91	176	0.882884
91	177	0.876876
91	178	0.643164
91	179	0.870997
91	180	0.89188
92	4	1.38378
92	28	1.00158
92	93	0.960437
92	102	0.83305
92	108	0.971997
92	109	0.968929
92	129	0.981934
92	132	0.986063
92	135	0.925913
92	136	1.00681
92	141	0.96893
92	142	0.960851
92	146	1.01151
92	147	0.981761
92	152	0.967712
92	160	1.00969
92	166	1.00722
92	173	0.983584
92	174	1.01001
92	176	1.03452
92	177	1.02851
93	28	1.00876
93	52	0.968917
93	54	0.965729
93	77	0.998137
93	82	0.962763
93	92	0.960437
93	97	0.802615
93	114	1.1363
93	135	0.93309
93	136	1.01399
93	141	0.976107
93	143	0.97577
93	153	1.01867
93	155	1.0565
93	158	1.01515
93	166	1.0144
93	169	1.02895
93	173	1.00359
93	174	1.01718
93	176	1.04169
93	177	1.03568
94	7	0.73356
94	57	0.96035
94	87	0.862873
94	113	1.04983
94	127	0.838245
94	141	1.05379
94	143	1.05346
94	147	1.06662
94	152	1.05257
94	153	1.09635
94	154	1.06262
94	159	0.95765
94	160	1.09456
94	162	0.88429
94	163	0.933549
94	164	0.750364
94	166	1.09209
94	169	1.10663
94	174	1.09487
94	176	1.11938
94	177	1.11337
95	5	0.941467
95	39	1.02682
95	53	0.952101
95	62	0.928927
95	71	0.819437
95	80	1.02773
95	90	1.0071
95	115	0.987667
95	117	1.19113
95	125	1.0059
95	130	1.00166
95	140	1.00431
95	145	0.997083
95	161	1.03328
95	162	0.8201
95	164	1.04769
95	167	1.03487
95	172	1.05353
95	175	1.04602
95	176	0.993188
95	180	1.06418
96	6	0.979312
96	49	0.845054
96	53	0.99651
96	81	1.04259
96	105	0.849317
96	106	1.00038
96	115	1.03208
96	116	1.04786
96	126	0.852631
96	127	1.04878
96	140	1.04872
96	144	1.07485
96	153	0.796861
96	159	1.03384
96	161	1.07769
96	164	1.0921
96	165	0.925682
96	167	1.07928
96	172	1.09794
96	174	0.859554
96	175	1.09042
96	180	1.10859
97	80	0.849235
97	91	0.643805
97	93	0.802615
97	116	0.824957
97	118	0.87726
97	121	0.829804
97	122	0.641008
97	128	0.826959
97	135	0.76809
97	138	0.640486
97	150	0.819701
97	161	0.854781
97	162	0.641605
97	164	0.869198
97	171	0.83732
97	173	0.855463
97	174	0.852183
97	175	0.867521
97	176	0.876694
97	177	0.870685
97	178	0.636973
97	180	0.885689
98	16	0.803194
98	55	0.617188
98	67	0.638392
98	91	0.637387
98	139	0.637187
98	146	0.830324
98	155	0.814437
98	158	0.843732
98	159	0.804519
98	161	0.848363
98	162	0.635187
98	164	0.86278
98	166	0.842983
98	170	0.862201
98	172	0.868619
98	173	0.849044
98	174	0.845764
98	175	0.861102
98	176	0.870275
98	177	0.864267
98	179	0.858388
98	180	0.879271
99	4	0.962269
99	19	0.926344
99	22	1.0361
99	41	0.919182
99	59	1.20103
99	78	1.0113
99	101	1.08449
99	102	0.994877
99	110	0.976577
99	139	0.804837
99	146	0.997975
99	151	0.953245
99	155	0.982088
99	156	1.00279
99	157	0.979083
99	163	0.999504
99	164	0.97904
99	165	0.986928
99	171	0.998552
99	173	1.0167
99	174	1.19758
99	179	1.02604
100	3	1.13932
100	56	0.629852
100	70	0.967435
100	78	1.05559
100	119	0.933464
100	131	1.03918
100	137	1.00516
100	146	1.04227
100	148	1.0241
100	149	1.02669
100	151	0.997539
100	155	1.02638
100	156	1.04709
100	157	1.02338
100	165	1.03122
100	168	1.05084
100	170	1.07415
100	171	1.04285
100	172	0.809498
100	173	1.06099
100	174	0.887604
100	179	1.07033
101	5	0.938318
101	40	0.985186
101	61	1.12657
101	83	0.997783
101	89	1.00772
101	90	1.00395
101	99	1.08449
101	104	0.958252
101	114	1.01524
101	119	0.975418
101	120	1.04481
101	126	0.805072
101	127	1.00122
101	134	0.803716
101	135	1.31929
101	138	0.815831
101	148	1.02747
101	159	0.986283
101	164	1.04454
101	172	1.05038
101	175	1.04287
101	178	0.812319
101	180	1.06103
102	18	1.22993
102	74	1.03075
102	85	1.0095
102	86	1.03094
102	92	0.83305
102	99	0.994877
102	106	0.981773
102	110	1.01137
102	117	1.00656
102	125	0.833633
102	137	0.995666
102	146	1.03277
102	148	1.0146
102	151	0.988042
102	157	1.01388
102	161	0.867735
102	163	1.0343
102	165	1.02172
102	168	1.04134
102	170	1.06465
102	172	0.829648
102	173	1.05149
102	179	1.06084
103	27	0.829036
103	61	0.991678
103	63	1.09159
103	74	1.03746
103	91	0.846543
103	106	0.988481
103	112	1.01844
103	118	1.08
103	123	1.02425
103	131	1.03639
103	137	1.00237
103	145	1.01348
103	148	1.02131
103	149	1.0239
103	153	0.924617
103	155	1.02359
103	165	1.02843
103	166	0.929129
103	168	1.04805
103	170	1.07136
103	173	1.0582
103	177	0.839913
103	179	1.06754
104	3	0.913052
104	17	1.01531
104	22	1.00016
104	23	0.911449
104	62	0.895724
104	80	0.994527
104	88	0.967392
104	90	0.973901
104	101	0.958252
104	120	1.01476
104	121	1.12945
104	125	0.972698
104	127	0.971164
104	130	0.968455
104	139	0.788897
104	150	1.16405
104	157	1.2584
104	159	0.956229
104	161	1.00007
104	164	1.01449
104	167	1.00166
104	175	1.01281
104	180	1.03098
105	12	0.876319
105	73	0.626856
105	87	0.608987
105	96	0.849317
105	112	0.804498
105	118	0.866058
105	122	0.629806
105	130	0.811961
105	139	0.632403
105	161	0.843579
105	165	0.814493
105	166	0.838199
105	167	0.845169
105	169	0.852749
105	172	0.863836
105	173	0.844261
105	174	0.840981
105	175	0.856319
105	176	0.865492
105	177	0.859483
105	178	0.625771
105	179	0.853605
105	180	0.874487
106	26	1.00918
106	32	0.782803
106	50	0.966996
106	96	1.00038
106	102	0.981773
106	103	0.988481
106	117	0.958658
106	119	1.35647
106	137	0.947766
106	140	1.21624
106	145	0.958875
106	148	0.966698
106	149	0.969296
106	150	0.96783
106	151	0.940141
106	155	0.968985
106	156	0.989689
106	163	0.9864
106	165	0.973824
106	168	0.993441
106	170	1.01675
106	173	1.00359
106	179	1.01294
107	25	1.00662
107	46	0.942113
107	52	0.924239
107	56	0.989771
107	58	0.90959
107	65	0.964207
107	75	0.895962
107	85	1.18556
107	128	0.947281
107	132	0.948562
107	136	0.969308
107	145	1.17909
107	147	0.94426
107	152	0.930211
107	153	0.973991
107	154	0.940254
107	158	0.970473
107	159	1.30208
107	160	0.972194
107	169	0.984273
107	174	0.972505
107	176	0.997016
107	177	0.991007
107	180	1.13225
108	26	0.774285
108	60	1.03871
108	63	0.961959
108	74	0.962408
108	79	0.995804
108	84	1.01122
108	92	0.971997
108	117	1.13553
108	129	1.00067
108	132	1.0048
108	135	0.94465
108	136	1.02555
108	137	1.15288
108	138	0.817045
108	142	0.979588
108	147	1.0005
108	152	0.986448
108	154	0.996492
108	158	1.02671
108	160	1.02843
108	169	1.04051
108	170	0.982956
108	174	1.02874
108	176	1.05325
108	177	1.04724
109	34	1.45648
109	60	1.03564
109	65	1.01738
109	68	1.01831
109	76	1.01163
109	92	0.968929
109	115	0.904202
109	128	1.00045
109	129	0.997602
109	132	1.00173
109	135	0.941582
109	136	1.02248
109	143	0.984262
109	147	0.99743
109	152	0.98338
109	153	1.02716
109	154	0.993423
109	163	0.92322
109	169	1.03744
109	174	1.02567
109	175	0.903357
109	176	1.05019
109	177	1.04418
109	178	0.810464
109	179	0.836607
110	39	1.00444
110	58	1.02724
110	74	1.01245
110	79	0.906158
110	99	0.976577
110	102	1.01137
110	121	1.00753
110	130	0.902516
110	134	0.8061
110	135	1.28649
110	137	0.977367
110	146	1.01447
110	148	0.996299
110	149	0.998897
110	151	0.969742
110	156	1.01929
110	157	0.99558
110	163	1.016
110	165	1.00343
110	168	1.02304
110	170	1.04635
110	171	1.01505
110	173	1.03319
110	177	0.876498
110	179	1.04254
111	18	0.940813
111	40	0.984716
111	59	0.966697
111	64	1.05394
111	68	0.846173
111	81	0.994563
111	114	1.01477
111	115	0.984047
111	116	0.999832
111	119	0.974947
111	120	1.04434
111	127	1.00075
111	130	0.998038
111	131	0.969412
111	136	1.05914
111	140	1.00069
111	144	1.02682
111	149	1.06317
111	159	0.985813
111	164	1.04407
111	167	1.03125
111	168	1.08712
111	175	1.0424
111	178	0.811849
111	180	1.06056
112	6	1.25403
112	20	1.0226
112	28	0.722139
112	40	1.00002
112	45	1.03008
112	69	0.935955
112	74	1.01281
112	103	1.01844
112	105	0.804498
112	117	0.988614
112	137	0.977722
112	147	0.980414
112	149	0.999252
112	150	0.997786
112	155	0.998941
112	156	1.01964
112	157	0.995935
112	160	1.03522
112	163	1.01636
112	165	1.00378
112	168	1.0234
112	170	1.0467
112	171	1.0154
112	173	1.03355
112	179	1.04289
113	15	0.809431
113	31	0.964109
113	44	1.00597
113	54	0.970257
113	60	1.03168
113	77	1.00267
113	80	1.05179
113	94	1.04983
113	132	0.997768
113	133	1.07363
113	136	1.01851
113	141	0.980635
113	142	0.972556
113	143	0.980299
113	147	0.993466
113	152	0.979417
113	153	1.0232
113	154	0.98946
113	159	1.0924
113	166	1.01893
113	169	1.03348
113	174	1.02171
113	176	1.04622
113	177	1.04021
113	178	0.806501
114	1	1.0597
114	6	0.958689
114	36	0.815549
114	38	0.93347
114	53	0.975887
114	55	0.825888
114	59	0.994103
114	71	0.843224
114	78	1.03237
114	82	1.00656
114	83	1.02472
114	89	1.03465
114	93	1.1363
114	101	1.01524
114	111	1.01477
114	125	1.02969
114	126	0.832008
114	146	1.10743
114	159	1.01322
114	161	1.05706
114	162	0.843887
114	167	1.05865
114	170	1.09824
114	172	1.07732
114	175	1.0698
114	177	1.04361
114	180	1.08797
115	13	1.19246
115	53	0.945162
115	69	1.24812
115	73	0.809614
115	80	1.02079
115	82	0.975833
115	83	0.993994
115	88	0.993657
115	89	1.00393
115	95	0.987667
115	96	1.03208
115	109	0.904202
115	111	0.984047
115	116	0.996513
115	119	0.971629
115	120	1.04102
115	130	0.99472
115	138	0.812042
115	140	0.997367
115	144	1.0235
115	145	0.981179
115	156	1.05919
115	161	1.02634
115	172	1.04659
115	175	1.03908
115	178	0.80853
115	180	1.05725
116	3	0.955103
116	5	0.950314
116	6	0.943749
116	9	1.06494
116	18	0.953279
116	32	0.822016
116	82	0.991618
116	83	1.00978
116	91	0.831147
116	96	1.04786
116	97	0.824957
116	111	0.999832
116	115	0.996513
116	128	1.16348
116	130	1.0105
116	144	1.03929
116	149	1.12529
116	158	1.05599
116	159	0.998279
116	162	0.828947
116	164	1.05654
116	167	1.04371
116	172	1.06238
116	174	1.20765
116	175	1.05486
116	176	1.06952
116	178	0.824315
116	180	1.07303
117	11	0.789352
117	29	1.00156
117	49	1.00229
117	52	1.09121
117	61	0.961855
117	78	1.02298
117	95	1.19113
117	102	1.00656
117	106	0.958658
117	108	1.13553
117	112	0.988614
117	121	1.00272
117	123	0.994429
117	127	1.09894
117	137	0.972551
117	138	0.8134
117	145	0.983661
117	146	1.00966
117	150	0.992615
117	151	0.964927
117	157	0.990765
117	165	0.99861
117	168	1.01823
117	169	1.08866
117	170	1.04153
117	171	1.01023
117	173	1.02838
117	178	0.809887
118	30	1.07271
118	34	0.987516
118	48	0.814875
118	59	0.876083
118	62	1.527
118	97	0.87726
118	103	1.08
118	105	0.866058
118	121	1.06945
118	123	1.06116
118	124	0.871669
118	126	0.869372
118	132	0.846336
118	138	0.880131
118	145	1.05039
118	147	0.747119
118	148	1.05821
118	150	1.05935
118	155	1.0605
118	157	1.0575
118	163	1.07792
118	168	1.08496
118	170	1.10826
118	171	1.07697
118	172	0.794529
118	173	1.09511
118	178	0.876619
118	179	1.10445
119	6	0.918864
119	10	0.956544
119	38	0.893646
119	40	0.972297
119	83	0.984894
119	88	0.984557
119	90	0.991066
119	91	0.806262
119	100	0.933464
119	101	0.975418
119	106	1.35647
119	111	0.974947
119	115	0.971629
119	120	1.03192
119	127	0.98833
119	130	0.98562
119	131	1.03953
119	140	0.988268
119	157	1.20931
119	159	0.973395
119	161	1.01724
119	164	1.03166
119	167	1.01883
119	172	1.03749
119	175	1.02998
119	176	1.07751
119	178	0.79943
119	180	1.04815
120	6	0.988256
120	7	0.752449
120	15	1.10631
120	27	1.08474
120	53	1.00545
120	55	0.855455
120	73	0.869907
120	77	0.991441
120	80	1.08108
120	84	0.908858
120	87	0.852038
120	101	1.04481
120	104	1.01476
120	111	1.04434
120	115	1.04102
120	119	1.03192
120	127	1.05772
120	130	1.05501
120	138	0.872335
120	144	1.08379
120	152	0.95384
120	153	0.925099
120	162	0.873454
120	164	1.10105
120	165	1.05392
120	167	1.08822
120	175	1.09937
120	180	1.11754
121	30	1.02526
121	45	1.04419
121	65	0.890116
121	74	1.02691
121	78	1.04226
121	79	0.916762
121	85	1.00566
121	97	0.829804
121	104	1.12945
121	110	1.00753
121	117	1.00272
121	118	1.06945
121	134	0.82056
121	137	0.991826
121	145	1.00294
121	147	0.908982
121	148	1.01076
121	150	1.01189
121	151	0.984202
121	156	1.03375
121	157	1.01004
121	161	0.994479
121	163	1.03046
121	165	1.01788
121	166	0.976318
121	170	1.06081
121	171	1.02951
121	173	1.04765
121	179	1.057
122	8	0.618466
122	14	0.656543
122	44	0.839839
122	48	0.842875
122	89	0.835764
122	91	0.647199
122	97	0.641008
122	105	0.629806
122	125	0.8308
122	126	0.63312
122	129	0.827505
122	144	0.855339
122	146	0.840136
122	147	0.827332
122	154	0.823326
122	156	0.844953
122	160	0.855265
122	161	0.858175
122	163	0.841665
122	165	0.829089
122	167	0.859765
122	168	0.848705
122	170	0.872013
122	174	0.855576
122	175	0.870914
122	176	0.880087
122	178	0.640367
122	179	0.8682
122	180	0.889083
123	20	1.02842
123	45	1.0359
123	65	0.913179
123	70	0.945809
123	76	0.8835
123	86	1.01881
123	87	0.804089
123	88	1.0384
123	103	1.02425
123	117	0.994429
123	118	1.06116
123	131	1.01755
123	145	0.994647
123	146	1.02064
123	148	1.00247
123	149	1.00507
123	150	1.0036
123	151	0.975913
123	154	1.04485
123	156	1.02546
123	161	1.01754
123	163	1.02217
123	165	1.0096
123	168	1.02921
123	170	1.05252
123	171	1.02122
123	173	1.03936
123	176	0.919429
123	179	1.04871
124	14	0.647558
124	16	0.804022
124	25	0.880702
124	35	0.619092
124	55	0.618015
124	62	0.744841
124	64	0.87347
124	76	0.832543
124	83	0.816846
124	118	0.871669
124	130	0.817572
124	132	0.822649
124	134	0.62278
124	138	0.634895
124	140	0.82022
124	142	0.797437
124	156	0.835969
124	160	0.846281
124	162	0.636014
124	164	0.863607
124	167	0.85078
124	168	0.839721
124	170	0.863028
124	171	0.831729
124	173	0.849872
124	174	0.846592
124	176	0.871103
124	177	0.865094
124	179	0.859216
124	180	0.880098
125	15	1.06426
125	37	1.00074
125	42	0.84102
125	53	0.963398
125	62	0.940224
125	64	1.06885
125	81	1.00948
125	82	0.994068
125	90	1.0184
125	95	1.0059
125	102	0.833633
125	104	0.972698
125	114	1.02969
125	122	0.8308
125	130	1.01295
125	140	1.0156
125	141	1.12512
125	144	1.04174
125	149	1.0133
125	153	1.03297
125	159	1.00073
125	161	1.04457
125	164	1.05899
125	167	1.04616
125	168	1.03726
125	172	1.06483
125	173	0.984167
125	175	1.05731
125	178	0.826765
125	180	1.07548
126	51	0.62181
126	64	0.871172
126	73	0.630169
126	81	0.811799
126	87	0.612301
126	96	0.852631
126	101	0.805072
126	114	0.832008
126	118	0.869372
126	122	0.63312
126	139	0.635717
126	141	0.803219
126	151	0.784124
126	153	0.84578
126	156	0.833672
126	158	0.842262
126	162	0.633717
126	163	0.830383
126	165	0.817807
126	166	0.841513
126	167	0.848483
126	168	0.837424
126	169	0.856062
126	173	0.847575
126	174	0.844294
126	175	0.859633
126	176	0.868806
126	177	0.862797
126	179	0.856919
126	180	0.877801
127	26	1.02531
127	27	1.04115
127	38	0.919447
127	51	0.817956
127	62	0.93869
127	77	1.04278
127	81	1.00795
127	82	0.992534
127	83	1.0107
127	88	1.01036
127	94	0.838245
127	96	1.04878
127	101	1.00122
127	104	0.971164
127	111	1.00075
127	117	1.09894
127	119	0.98833
127	120	1.05772
127	129	0.919951
127	137	1.11629
127	140	1.01407
127	144	1.0402
127	159	0.999195
127	161	1.04304
127	167	1.04463
127	168	0.980726
127	172	1.0633
127	175	1.05578
127	178	0.825231
127	180	1.07395
128	29	0.976535
128	43	0.983604
128	56	1.05879
128	72	1.00596
128	77	1.02248
128	90	0.941501
128	97	0.826959
128	107	0.947281
128	109	1.00045
128	116	1.16348
128	132	1.01758
128	136	1.03833
128	139	0.832949
128	141	1.00045
128	142	0.992372
128	143	1.00011
128	147	1.01328
128	152	0.999233
128	153	1.04301
128	158	1.03949
128	160	1.04122
128	163	1.09026
128	164	0.907078
128	166	1.03875
128	169	1.05329
128	174	1.04153
128	176	1.06604
128	177	1.06003
128	178	0.826317
128	180	0.944534
129	18	1.37279
129	24	0.940949
129	56	1.05595
129	58	0.975765
129	63	0.971895
129	72	1.00311
129	76	1.02463
129	77	1.01963
129	92	0.981934
129	108	1.00067
129	109	0.997602
129	122	0.827505
129	127	0.919951
129	132	1.01474
129	139	0.830101
129	140	0.956236
129	141	0.997603
129	142	0.989524
129	143	0.997267
129	147	1.01043
129	149	0.968247
129	153	1.04016
129	158	1.03665
129	166	1.0359
129	169	1.05045
129	174	1.03868
129	176	1.06319
129	177	1.05718
129	179	0.928642
129	180	0.869526
130	1	1.04296
130	2	1.312
130	18	0.951486
130	40	0.995388
130	43	0.856428
130	79	0.930671
130	80	1.03478
130	88	1.00765
130	89	1.01792
130	90	1.01416
130	95	1.00166
130	104	0.968455
130	105	0.811961
130	110	0.902516
130	111	0.998038
130	115	0.99472
130	116	1.0105
130	119	0.98562
130	120	1.05501
130	124	0.817572
130	125	1.01295
130	140	1.01136
130	159	0.996486
130	161	1.04033
130	167	1.04192
130	171	1.06001
130	172	1.06059
130	173	0.936911
130	175	1.05307
130	180	1.07124
131	13	0.956399
131	20	1.04055
131	38	1.15782
131	39	1.02275
131	47	0.993669
131	61	0.984978
131	69	0.953907
131	80	0.94181
131	85	1.00951
131	86	1.03094
131	88	0.974511
131	100	1.03918
131	103	1.03639
131	111	0.969412
131	119	1.03953
131	123	1.01755
131	133	1.03114
131	134	0.824408
131	136	0.907284
131	137	0.995674
131	145	1.00678
131	148	1.01461
131	149	1.0172
131	150	1.01574
131	155	1.01689
131	157	1.01389
131	165	1.02173
131	171	1.03336
131	173	1.0515
131	178	0.83301
132	24	0.945078
132	50	1.15775
132	55	0.814231
132	65	1.03451
132	91	0.834431
132	92	0.986063
132	107	0.948562
132	108	1.0048
132	109	1.00173
132	113	0.997768
132	118	0.846336
132	124	0.822649
132	128	1.01758
132	129	1.01474
132	135	0.958716
132	136	1.03961
132	141	1.00173
132	142	0.993653
132	143	1.0014
132	150	1.0428
132	152	1.00051
132	158	1.04078
132	160	1.0425
132	163	1.10813
132	166	1.04003
132	168	1.08508
132	169	1.05458
132	174	1.04281
132	176	1.06732
132	177	1.06131
132	180	0.962405
133	11	0.813928
133	33	1.0549
133	35	0.822174
133	48	1.082
133	50	1.01636
133	61	0.986431
133	69	0.955361
133	70	0.9594
133	73	0.835548
133	113	1.07363
133	131	1.03114
133	137	0.997128
133	142	1.06598
133	145	1.00824
133	146	1.03423
133	148	1.01606
133	149	1.01866
133	150	1.01719
133	154	1.12705
133	155	1.01835
133	156	1.03905
133	157	1.01534
133	162	0.839096
133	163	1.03576
133	164	0.921225
133	165	1.02319
133	168	1.0428
133	170	1.06611
133	173	1.05295
133	179	1.0623
133	180	0.958681
134	35	0.615439
134	57	0.708422
134	71	0.631698
134	73	0.628813
134	101	0.803716
134	110	0.8061
134	121	0.82056
134	124	0.62278
134	131	0.824408
134	137	0.790393
134	139	0.634361
134	144	0.842701
134	152	0.800645
134	153	0.844425
134	154	0.810688
134	156	0.832316
134	159	0.801693
134	160	0.842628
134	161	0.845537
134	163	0.829027
134	166	0.840157
134	167	0.847127
134	169	0.854706
134	170	0.859375
134	172	0.865793
134	174	0.842938
134	175	0.858277
134	176	0.86745
134	177	0.861441
134	179	0.855563
134	180	0.876445
135	25	1.01677
135	28	0.974236
135	44	0.96692
135	58	0.919744
135	63	0.915874
135	66	0.972278
135	75	0.906116
135	79	0.949719
135	84	0.965131
135	90	1.24826
135	92	0.925913
135	93	0.93309
135	97	0.76809
135	101	1.31929
135	108	0.94465
135	109	0.941582
135	110	1.28649
135	132	0.958716
135	136	0.979461
135	142	0.933503
135	143	0.941246
135	153	0.984144
135	154	0.950408
135	160	0.982347
135	162	0.772081
135	166	0.979877
135	169	0.994426
135	174	0.982658
135	176	1.00717
135	177	1.00116
135	179	1.31041
135	180	1.2513
136	9	0.618617
136	27	0.925125
136	57	0.929037
136	58	1.00064
136	71	0.852313
136	72	1.02798
136	76	1.04951
136	92	1.00681
136	93	1.01399
136	107	0.969308
136	108	1.02555
136	109	1.02248
136	111	1.05914
136	113	1.01851
136	128	1.03833
136	131	0.907284
136	132	1.03961
136	135	0.979461
136	142	1.0144
