1	16	1.10778
1	19	1.11196
1	24	1.11018
1	38	0.983797
1	46	1.05573
1	49	1.05565
1	53	1.05567
1	59	1.12844
1	86	1.49864
1	124	0.930611
1	130	1.0263
1	158	2.37555
2	20	1.02644
2	39	0.919848
2	56	0.974623
2	72	1.03644
2	74	1.03832
2	132	1.002
2	142	0.892845
2	148	0.896914
2	167	0.92064
2	169	0.94513
2	173	0.872398
2	179	3.23361
3	5	0.926178
3	30	1.02249
3	31	0.90999
3	34	0.998355
3	45	0.972839
3	55	0.951665
3	57	0.951868
3	68	0.952632
3	69	0.953138
3	83	1.00823
3	137	6.6
3	139	2.40567
4	7	1.17342
4	29	1.06028
4	42	1.10126
4	43	1.08038
4	44	1.08794
4	62	1.06174
4	118	2.91745
4	132	1.10767
4	140	0.966182
4	142	1.14367
4	152	1.00179
4	164	1.63567
5	3	0.926178
5	30	1.00719
5	34	0.983057
5	36	0.974001
5	45	0.957541
5	55	0.936368
5	57	0.936571
5	66	1.02344
5	68	0.937335
5	69	0.937841
5	106	1.47126
5	125	1.91723
6	40	1.0135
6	51	0.983528
6	54	0.988132
6	60	1.0535
6	67	0.961455
6	75	0.950758
6	89	0.989201
6	90	1.78655
6	128	1.96181
6	164	0.927975
6	171	0.891706
6	177	0.869238
7	4	1.17342
7	33	1.05897
7	43	1.09845
7	62	1.0798
7	109	0.973357
7	115	1.10663
7	131	1.60856
7	132	1.12574
7	140	0.98425
7	143	1.25371
7	152	1.01986
7	173	2.6839
8	116	0.787837
8	136	0.841902
8	140	0.786191
8	155	0.778871
8	156	0.820144
8	162	0.80459
8	170	0.776554
8	174	0.792887
8	176	0.81017
8	178	0.786936
8	179	0.788896
8	180	0.816065
9	11	1.05448
9	13	0.924506
9	17	0.888269
9	28	1.017
9	47	0.967306
9	65	0.941078
9	77	0.92203
9	81	0.983865
9	97	0.960331
9	118	2.08255
9	134	0.974908
9	176	2.39979
10	20	1.13975
10	22	1.04083
10	71	1.0588
10	72	1.14976
10	74	1.15163
10	142	0.931752
10	144	1.15412
10	148	1.01023
10	162	3.00391
10	167	1.03395
10	169	1.05844
10	173	0.985711
11	9	1.05448
11	13	1.03426
11	14	1.14293
11	17	0.998026
11	28	1.12676
11	47	1.07706
11	77	1.03179
11	81	1.09362
11	97	1.07009
11	111	1.06138
11	142	1.40043
11	157	1.9647
12	58	1.04569
12	76	1.11002
12	78	1.11785
12	80	1.09001
12	82	1.09395
12	85	1.0208
12	87	1.07831
12	113	2.51228
12	134	1.07387
12	135	1.37312
12	163	0.964273
12	169	0.955986
13	9	0.924506
13	11	1.03426
13	14	1.01296
13	18	1.00203
13	47	0.947094
13	65	0.920865
13	77	0.901817
13	81	0.963653
13	97	0.940118
13	134	0.954695
13	155	3.59869
13	176	1.47044
14	11	1.14293
14	13	1.01296
14	18	1.11069
14	47	1.05576
14	65	1.02953
14	77	1.01048
14	81	1.07232
14	83	1.09831
14	104	1.17754
14	125	1.30946
14	134	1.06336
14	178	3.98533
15	29	0.962033
15	33	0.942653
15	42	1.00302
15	43	0.982131
15	44	0.989691
15	54	0.996774
15	62	0.96349
15	109	0.857042
15	115	0.990312
15	140	0.867936
15	149	2.0896
15	152	0.903549
15	159	1.9835
16	1	1.10778
16	23	1.07793
16	38	0.946611
16	41	1.0444
16	46	1.01854
16	49	1.01846
16	53	1.01848
16	59	1.09126
16	106	1.11084
16	107	0.797763
16	130	0.989118
16	153	1.50761
16	167	2.09748
17	9	0.888269
17	11	0.998026
17	18	0.965791
17	21	1.12684
17	28	0.960553
17	47	0.910857
17	65	0.884628
17	77	0.86558
17	81	0.927416
17	83	0.953407
17	107	1.17226
17	134	0.918459
17	176	3.72171
18	13	1.00203
18	14	1.11069
18	17	0.965791
18	28	1.09452
18	47	1.04483
18	65	1.0186
18	77	0.999552
18	81	1.06139
18	97	1.03785
18	134	1.05243
18	152	1.33132
18	159	0.822829
18	160	3.29371
19	1	1.11196
19	23	1.08211
19	24	1.07718
19	38	0.950792
19	41	1.04858
19	46	1.02273
19	49	1.02264
19	53	1.02266
19	59	1.09544
19	130	0.993299
19	168	1.47234
19	169	1.34882
19	171	2.13534
20	2	1.02644
20	10	1.13975
20	70	1.02241
20	71	1.02791
20	72	1.11887
20	120	1.03974
20	123	1.08376
20	125	0.819212
20	148	0.979343
20	167	1.00307
20	169	1.02756
20	171	2.74635
20	173	0.954828
21	17	1.12684
21	58	0.40743
21	65	1.17965
21	77	1.1606
21	81	1.22243
21	94	0.391116
21	99	0.377195
21	121	1.23486
21	130	0.58919
21	175	1.13189
21	178	1.10018
21	179	1.10214
21	180	1.1293
22	10	1.04083
22	39	0.903355
22	56	0.958129
22	71	0.928992
22	72	1.01995
22	74	1.02183
22	132	0.985508
22	148	0.88042
22	157	1.5358
22	163	3.92085
22	167	0.904147
22	169	0.928637
22	173	0.855905
23	16	1.07793
23	19	1.08211
23	24	1.08033
23	38	0.953945
23	41	1.05173
23	46	1.02588
23	49	1.02579
23	53	1.02581
23	59	1.09859
23	130	0.996452
23	145	1.65735
23	149	1.14504
23	180	1.94398
24	1	1.11018
24	19	1.07718
24	23	1.08033
24	38	0.949015
24	41	1.0468
24	46	1.02095
24	49	1.02086
24	53	1.02088
24	59	1.09366
24	114	1.58092
24	130	0.991522
24	170	5.44246
24	176	2.25674
25	73	0.991073
25	84	0.968555
25	88	0.890706
25	92	0.957665
25	93	0.943658
25	94	0.943536
25	95	0.943484
25	96	0.943483
25	99	0.997162
25	101	0.997238
25	148	1.95849
25	152	2.47396
25	172	0.838693
26	84	1.06714
26	88	0.989292
26	92	1.05625
26	93	1.04224
26	94	1.04212
26	95	1.04207
26	96	1.04207
26	99	1.09575
26	101	1.09582
26	163	1.86671
26	165	3.57251
26	172	0.937278
26	175	1.90024
27	58	1.02241
27	76	1.08673
27	79	1.09457
27	80	1.06672
27	82	1.07066
27	85	0.997512
27	87	1.05502
27	130	1.00185
27	134	1.05058
27	138	0.962066
27	141	1.52715
27	163	0.940984
27	172	2.89686
28	9	1.017
28	11	1.12676
28	17	0.960553
28	18	1.09452
28	47	1.03959
28	65	1.01336
28	77	0.994314
28	81	1.05615
28	97	1.03262
28	98	0.93659
28	134	1.04719
28	169	1.27507
28	177	3.22159
29	4	1.06028
29	15	0.962033
29	42	1.00619
29	43	0.9853
29	44	0.99286
29	62	0.966659
29	109	0.860211
29	122	1.38371
29	132	1.0126
29	140	0.871104
29	152	0.906718
29	159	2.21606
30	3	1.02249
30	5	1.00719
30	31	0.991007
30	36	1.07031
30	55	1.03268
30	57	1.03288
30	66	1.11975
30	68	1.03365
30	69	1.03415
30	103	1.5374
30	115	1.06263
30	136	1.72645
30	158	1.93498
31	3	0.90999
31	30	0.991007
31	34	0.966869
31	36	0.957813
31	45	0.941353
31	55	0.92018
31	57	0.920383
31	64	1.87843
31	66	1.00725
31	68	0.921147
31	69	0.921652
31	115	0.950132
31	169	2.06141
32	40	0.997613
32	51	0.96764
32	60	1.03761
32	67	0.945567
32	75	0.93487
32	89	0.973313
32	104	1.18076
32	120	0.94021
32	123	0.984227
32	164	0.912086
32	168	2.64218
32	171	0.875818
32	177	0.85335
33	7	1.05897
33	15	0.942653
33	42	0.986808
33	43	0.96592
33	44	0.97348
33	62	0.947279
33	109	0.840831
33	115	0.974101
33	132	0.993216
33	133	1.56638
33	140	0.851724
33	152	0.887338
33	153	2.17241
34	3	0.998355
34	5	0.983057
34	31	0.966869
34	36	1.04618
34	45	1.02972
34	55	1.00854
34	57	1.00875
34	66	1.09561
34	68	1.00951
34	69	1.01002
34	115	1.0385
34	139	1.06267
34	154	1.23945
34	166	3.02268
35	73	1.0638
35	84	1.04128
35	88	0.963433
35	92	1.03039
35	93	1.01638
35	94	1.01626
35	95	1.01621
35	96	1.01621
35	99	1.06989
35	101	1.06997
35	119	2.71453
35	121	0.808032
35	135	1.67092
35	172	0.91142
36	5	0.974001
36	30	1.07031
36	31	0.957813
36	34	1.04618
36	45	1.02066
36	55	0.999488
36	57	0.999691
36	66	1.08656
36	68	1.00045
36	69	1.00096
36	115	1.02944
36	151	2.62818
36	152	2.14552
36	169	0.893607
37	48	1.03474
37	58	1.00354
37	63	1.01334
37	76	1.06787
37	79	1.07571
37	80	1.04785
37	82	1.05179
37	85	0.978646
37	87	1.03616
37	130	0.982986
37	144	0.785821
37	163	0.922118
37	171	2.27382
37	180	2.24208
38	1	0.983797
38	16	0.946611
38	19	0.950792
38	23	0.953945
38	24	0.949015
38	41	0.920416
38	46	0.894562
38	49	0.894476
38	53	0.894497
38	59	0.967276
38	100	1.67737
38	106	0.986859
38	127	2.10852
38	130	0.865135
39	2	0.919848
39	22	0.903355
39	56	0.950459
39	71	0.921321
39	72	1.01228
39	74	1.01416
39	123	0.977168
39	126	0.788974
39	132	0.977838
39	148	0.87275
39	167	0.896476
39	169	0.920966
39	173	0.848235
39	176	3.75132
40	6	1.0135
40	32	0.997613
40	52	1.04245
40	61	1.11591
40	67	1.03338
40	75	1.02268
40	89	1.06112
40	100	0.956589
40	120	1.02802
40	161	2.642
40	164	0.999897
40	169	1.82759
40	171	0.963629
40	177	0.941161
41	16	1.0444
41	19	1.04858
41	23	1.05173
41	24	1.0468
41	38	0.920416
41	46	0.992349
41	49	0.992264
41	53	0.992285
41	59	1.06506
41	106	1.08465
41	130	0.962923
41	149	1.59112
41	154	1.99606
41	159	1.48502
42	4	1.10126
42	15	1.00302
42	29	1.00619
42	33	0.986808
42	43	1.02629
42	44	1.03385
42	62	1.00765
42	109	0.901197
42	115	1.03447
42	132	1.05358
42	140	0.912091
42	146	2.58319
42	152	0.947704
42	161	1.58026
42	163	3.01244
43	4	1.08038
43	7	1.09845
43	15	0.982131
43	29	0.9853
43	33	0.96592
43	42	1.02629
43	44	1.01296
43	62	0.986757
43	115	1.01358
43	132	1.03269
43	140	0.891203
43	152	0.926816
43	159	0.898323
43	164	1.5541
43	166	3.19259
44	4	1.08794
44	15	0.989691
44	29	0.99286
44	33	0.97348
44	42	1.03385
44	43	1.01296
44	54	1.0276
44	62	0.994317
44	115	1.02114
44	132	1.04025
44	140	0.898762
44	152	0.934376
44	166	1.77455
44	173	1.63734
44	178	2.9377
45	3	0.972839
45	5	0.957541
45	31	0.941353
45	34	1.02972
45	36	1.02066
45	55	0.983028
45	57	0.983231
45	66	1.0701
45	68	0.983995
45	69	0.984501
45	83	1.0396
45	91	1.08665
45	115	1.01298
45	147	2.10672
45	170	6.35754
46	1	1.05573
46	16	1.01854
46	19	1.02273
46	23	1.02588
46	24	1.02095
46	38	0.894562
46	41	0.992349
46	49	0.96641
46	53	0.966431
46	59	1.03921
46	106	1.05879
46	110	0.847733
46	130	0.937069
46	147	2.32091
46	180	1.95365
47	9	0.967306
47	11	1.07706
47	13	0.947094
47	14	1.05576
47	17	0.910857
47	18	1.04483
47	28	1.03959
47	65	0.963666
47	77	0.944618
47	81	1.00645
47	83	1.03244
47	100	0.692385
47	127	1.12353
47	134	0.997496
47	180	2.9369
48	37	1.03474
48	58	0.979953
48	63	0.989754
48	78	1.05211
48	79	1.05212
48	80	1.02427
48	82	1.02821
48	85	0.955059
48	87	1.01257
48	126	0.841818
48	130	0.9594
48	134	1.00813
48	161	2.51403
48	163	0.898531
48	168	1.82314
49	1	1.05565
49	16	1.01846
49	19	1.02264
49	23	1.02579
49	24	1.02086
49	38	0.894476
49	41	0.992264
49	46	0.96641
49	53	0.966345
49	59	1.03912
49	106	1.05871
49	114	1.25127
49	130	0.936983
49	141	2.24667
49	157	1.63297
50	70	1.61241
50	73	1.0638
50	84	1.04128
50	88	0.963433
50	92	1.03039
50	93	1.01638
50	94	1.01626
50	95	1.01621
50	96	1.01621
50	99	1.06989
50	101	1.06997
50	112	4.8
50	144	1.28855
50	172	0.91142
51	6	0.983528
51	32	0.96764
51	52	1.01248
51	60	1.09545
51	61	1.08594
51	75	0.992708
51	89	1.03115
51	120	0.998047
51	122	1.69749
51	123	1.04206
51	140	3.56187
51	164	0.969924
51	171	0.933655
51	177	0.911188
51	178	2.23261
52	40	1.04245
52	51	1.01248
52	54	1.01709
52	60	1.08245
52	61	1.07294
52	67	0.990409
52	75	0.979712
52	89	1.01815
52	123	1.02907
52	131	2.27303
52	142	1.35173
52	147	2.46361
52	164	0.956928
52	171	0.920659
52	177	0.898192
53	1	1.05567
53	16	1.01848
53	19	1.02266
53	23	1.02581
53	24	1.02088
53	38	0.894497
53	41	0.992285
53	46	0.966431
53	49	0.966345
53	59	1.03914
53	106	1.05873
53	130	0.937004
53	138	1.45111
53	172	2.04261
53	178	3.47071
54	6	0.988132
54	15	0.996774
54	44	1.0276
54	52	1.01709
54	62	1.0014
54	75	0.997311
54	89	1.03575
54	132	1.04734
54	138	1.05882
54	139	1.91541
54	140	0.905846
54	152	0.941459
54	164	0.974528
54	171	0.938259
54	175	2.60192
54	177	0.915791
55	3	0.951665
55	5	0.936368
55	30	1.03268
55	31	0.92018
55	34	1.00854
55	36	0.999488
55	45	0.983028
55	57	0.962058
55	66	1.04892
55	68	0.962822
55	69	0.963328
55	83	1.01842
55	106	0.909149
55	115	0.991807
55	167	2.02808
55	175	2.79271
56	2	0.974623
56	22	0.958129
56	39	0.950459
56	71	0.976096
56	72	1.06705
56	74	1.06893
56	108	1.76267
56	120	0.987925
56	123	1.03194
56	132	1.03261
56	136	2.61595
56	142	1.03657
56	148	0.927525
56	167	0.951251
56	169	0.975741
56	173	0.903009
57	3	0.951868
57	5	0.936571
57	30	1.03288
57	31	0.920383
57	34	1.00875
57	36	0.999691
57	45	0.983231
57	55	0.962058
57	66	1.04913
57	68	0.963025
57	69	0.963531
57	83	1.01863
57	115	0.99201
57	119	2.28547
57	151	2.5593
57	164	1.33025
58	12	1.04569
58	21	0.40743
58	27	1.02241
58	37	1.00354
58	48	0.979953
58	63	0.958549
58	78	1.0209
58	79	1.02092
58	80	0.993061
58	82	0.997002
58	85	0.923855
58	87	0.981366
58	111	2.05521
58	134	0.976923
58	144	1.8016
58	163	0.867327
59	1	1.12844
59	16	1.09126
59	19	1.09544
59	23	1.09859
59	24	1.09366
59	38	0.967276
59	41	1.06506
59	46	1.03921
59	49	1.03912
59	53	1.03914
59	106	1.13151
59	130	1.00978
59	135	1.54775
59	158	2.24989
59	167	1.23649
59	168	1.25412
60	6	1.0535
60	32	1.03761
60	51	1.09545
60	52	1.08245
60	61	1.15591
60	67	1.07338
60	89	1.10112
60	108	1.31371
60	120	1.06802
60	123	1.11204
60	129	0.777806
60	133	0.65503
60	155	5.60131
60	164	1.0399
60	171	1.00363
60	177	0.98116
61	40	1.11591
61	51	1.08594
61	52	1.07294
61	60	1.15591
61	67	1.06387
61	75	1.05317
61	86	2.30136
61	89	1.09161
61	106	0.472404
61	110	1.70785
61	120	1.05851
61	123	1.10253
61	133	0.968976
61	164	1.03038
61	171	0.994116
61	177	0.971649
62	4	1.06174
62	7	1.0798
62	15	0.96349
62	29	0.966659
62	33	0.947279
62	42	1.00765
62	43	0.986757
62	44	0.994317
62	54	1.0014
62	115	0.994938
62	127	1.03098
62	132	1.01405
62	140	0.872562
62	152	0.908175
62	156	3.15515
62	164	1.89674
63	37	1.01334
63	48	0.989754
63	58	0.958549
63	76	1.02288
63	78	1.0307
63	79	1.03072
63	80	1.00286
63	82	1.0068
63	85	0.933656
63	87	0.991168
63	121	0.983047
63	130	0.937996
63	134	0.986724
63	143	2.60813
63	157	1.92715
63	163	0.877128
64	31	1.87843
64	117	0.891015
64	134	1.04323
64	135	0.982465
64	151	0.930729
64	152	0.92884
64	155	0.885907
64	160	0.902528
64	161	0.933149
64	166	0.912474
64	170	0.883589
64	174	0.899923
64	176	0.917206
64	178	0.893972
64	179	0.895932
64	180	0.9231
65	9	0.941078
65	13	0.920865
65	14	1.02953
65	17	0.884628
65	18	1.0186
65	21	1.17965
65	28	1.01336
65	47	0.963666
65	77	0.918389
65	81	0.980225
65	83	1.00622
65	97	0.95669
65	134	0.971267
65	141	1.415
65	167	1.01154
65	179	3.48784
66	5	1.02344
66	30	1.11975
66	31	1.00725
66	34	1.09561
66	36	1.08656
66	45	1.0701
66	55	1.04892
66	57	1.04913
66	68	1.04989
66	69	1.0504
66	83	1.10549
66	90	1.81345
66	115	1.07888
66	116	5
66	148	1.71992
66	173	1.60187
67	6	0.961455
67	32	0.945567
67	40	1.03338
67	52	0.990409
67	60	1.07338
67	61	1.06387
67	75	0.970635
67	89	1.00908
67	108	1.32362
67	120	0.975974
67	123	1.01999
67	128	0.903884
67	164	0.947851
67	166	3.41017
67	171	0.911582
67	177	0.889115
68	3	0.952632
68	5	0.937335
68	30	1.03365
68	31	0.921147
68	34	1.00951
68	36	1.00045
68	45	0.983995
68	55	0.962822
68	57	0.963025
68	66	1.04989
68	69	0.964295
68	83	1.01939
68	107	1.22825
68	115	0.992774
68	129	1.17581
68	149	2.37793
69	3	0.953138
69	5	0.937841
69	30	1.03415
69	31	0.921652
69	34	1.01002
69	36	1.00096
69	45	0.984501
69	55	0.963328
69	57	0.963531
69	66	1.0504
69	68	0.964295
69	83	1.0199
69	115	0.99328
69	138	0.978011
69	160	3.67036
69	171	1.24257
70	20	1.02241
70	50	1.61241
70	73	0.521642
70	104	1.08656
70	131	1.00468
70	149	0.997933
70	150	0.950934
70	154	0.986487
70	156	0.964863
70	171	0.963323
70	173	0.942799
70	174	0.937607
70	175	0.963369
70	176	0.95489
70	178	0.931656
70	179	0.933616
70	180	0.960784
71	10	1.0588
71	20	1.02791
71	22	0.928992
71	39	0.921321
71	56	0.976096
71	72	1.03792
71	74	1.03979
71	102	2.06124
71	120	0.958787
71	123	1.00281
71	132	1.00347
71	148	0.898387
71	157	1.33093
71	167	0.922113
71	169	0.946603
71	173	0.873872
71	180	2.19007
72	2	1.03644
72	10	1.14976
72	20	1.11887
72	22	1.01995
72	39	1.01228
72	56	1.06705
72	71	1.03792
72	106	0.643807
72	111	0.735365
72	120	1.04974
72	123	1.09376
72	148	0.989344
72	154	2.10383
72	161	2.55745
72	167	1.01307
72	169	1.03756
72	173	0.964829
73	25	0.991073
73	35	1.0638
73	50	1.0638
73	70	0.521642
73	84	1.07527
73	88	0.997424
73	92	1.06438
73	93	1.05038
73	94	1.05025
73	95	1.0502
73	96	1.0502
73	99	1.10388
73	101	1.10396
73	156	2.41454
73	159	1.19956
73	172	0.945411
73	177	2.59714
74	2	1.03832
74	10	1.15163
74	22	1.02183
74	39	1.01416
74	56	1.06893
74	71	1.03979
74	91	0.428753
74	120	1.05162
74	123	1.09564
74	132	1.09631
74	148	0.991223
74	154	1.77617
74	164	1.92092
74	167	1.01495
74	169	1.03944
74	171	2.20191
74	173	0.966708
75	6	0.950758
75	32	0.93487
75	40	1.02268
75	51	0.992708
75	52	0.979712
75	54	0.997311
75	61	1.05317
75	67	0.970635
75	89	0.998381
75	120	0.965277
75	123	1.0093
75	129	1.34808
75	133	1.50434
75	153	2.11037
75	164	0.937154
75	171	0.900886
75	177	0.878418
76	12	1.11002
76	27	1.08673
76	37	1.06787
76	63	1.02288
76	78	1.08523
76	79	1.08524
76	80	1.05739
76	82	1.06133
76	85	0.988182
76	87	1.04569
76	130	0.992522
76	134	1.04125
76	138	0.932684
76	143	1.27425
76	150	2.39908
76	163	0.931654
76	174	3.02166
77	9	0.92203
77	11	1.03179
77	13	0.901817
77	14	1.01048
77	17	0.86558
77	18	0.999552
77	21	1.1606
77	28	0.994314
77	47	0.944618
77	65	0.918389
77	81	0.961177
77	83	0.987167
77	91	1.21788
77	97	0.937642
77	134	0.952219
77	152	2.4492
77	172	3.07634
78	12	1.11785
78	48	1.05211
78	58	1.0209
78	63	1.0307
78	76	1.08523
78	79	1.09307
78	80	1.06522
78	82	1.06916
78	85	0.99601
78	87	1.05352
78	121	1.18222
78	126	1.37288
78	130	1.00035
78	134	1.04908
78	144	0.969398
78	163	0.939482
78	168	2.3542
79	27	1.09457
79	37	1.07571
79	48	1.05212
79	58	1.02092
79	63	1.03072
79	76	1.08524
79	78	1.09307
79	80	1.06523
79	82	1.06917
79	85	0.996022
79	87	1.05353
79	105	1.21219
79	130	1.00036
79	143	1.58215
79	146	2.57247
79	163	0.939494
79	179	2.37681
80	12	1.09001
80	27	1.06672
80	37	1.04785
80	48	1.02427
80	58	0.993061
80	63	1.00286
80	76	1.05739
80	78	1.06522
80	79	1.06523
80	82	1.04131
80	85	0.968168
80	87	1.02568
80	126	1.33043
80	134	1.02124
80	150	3.06799
80	151	2.22643
80	161	1.30626
80	163	0.91164
81	9	0.983865
81	11	1.09362
81	13	0.963653
81	14	1.07232
81	17	0.927416
81	18	1.06139
81	21	1.22243
81	28	1.05615
81	47	1.00645
81	65	0.980225
81	77	0.961177
81	83	1.049
81	97	0.999478
81	121	1.22129
81	134	1.01406
81	150	3.13293
81	164	1.06232
81	177	2.50332
82	12	1.09395
82	27	1.07066
82	37	1.05179
82	48	1.02821
82	58	0.997002
82	63	1.0068
82	76	1.06133
82	78	1.06916
82	79	1.06917
82	80	1.04131
82	85	0.972109
82	87	1.02962
82	111	0.748046
82	130	0.976449
82	159	1.39471
82	163	0.915581
82	174	3.99395
82	175	1.66575
83	3	1.00823
83	14	1.09831
83	17	0.953407
83	45	1.0396
83	47	1.03244
83	55	1.01842
83	57	1.01863
83	65	1.00622
83	66	1.10549
83	68	1.01939
83	69	1.0199
83	77	0.987167
83	81	1.049
83	113	2.28772
83	134	1.04005
83	145	1.19958
83	169	1.43751
83	177	2.67795
84	25	0.968555
84	26	1.06714
84	35	1.04128
84	50	1.04128
84	73	1.07527
84	88	0.974907
84	92	1.04187
84	93	1.02786
84	94	1.02774
84	95	1.02768
84	96	1.02768
84	99	1.08136
84	101	1.08144
84	103	1.30865
84	128	1.00668
84	131	1.51841
84	172	0.922893
84	174	3.78566
85	12	1.0208
85	27	0.997512
85	37	0.978646
85	48	0.955059
85	58	0.923855
85	63	0.933656
85	76	0.988182
85	78	0.99601
85	79	0.996022
85	80	0.968168
85	82	0.972109
85	87	0.956473
85	104	0.782387
85	124	1.28191
85	130	0.903302
85	134	0.95203
85	158	3.23958
85	163	0.842434
86	1	1.49864
86	61	2.30136
86	102	0.895056
86	116	0.865736
86	118	0.90581
86	137	0.858975
86	144	1.00018
86	147	0.921197
86	154	0.919667
86	155	0.856771
86	158	0.896083
86	168	0.930815
86	172	0.872103
86	173	0.875979
86	175	0.896549
86	176	0.88807
86	178	0.864836
86	179	0.866796
86	180	0.893964
87	12	1.07831
87	27	1.05502
87	37	1.03616
87	48	1.01257
87	58	0.981366
87	63	0.991168
87	76	1.04569
87	78	1.05352
87	79	1.05353
87	80	1.02568
87	82	1.02962
87	85	0.956473
87	98	0.751154
87	102	2.33876
87	130	0.960813
87	134	1.00954
87	157	1.60845
87	163	0.899945
87	167	1.81869
88	25	0.890706
88	26	0.989292
88	35	0.963433
88	50	0.963433
88	73	0.997424
88	84	0.974907
88	92	0.964017
88	93	0.950009
88	94	0.949888
88	95	0.949836
88	96	0.949835
88	97	0.936501
88	99	1.00351
88	101	1.00359
88	102	0.867998
88	144	1.17192
88	146	3.04434
88	172	0.845044
88	178	3.57366
89	6	0.989201
89	32	0.973313
89	40	1.06112
89	51	1.03115
89	52	1.01815
89	54	1.03575
89	60	1.10112
89	61	1.09161
89	67	1.00908
89	75	0.998381
89	98	0.65427
89	120	1.00372
89	122	0.905838
89	123	1.04774
89	145	1.80869
89	162	3.4125
89	164	0.975597
89	171	0.939329
89	177	0.916861
90	6	1.78655
90	66	1.81345
90	100	1.0172
90	113	0.89365
90	129	1.00321
90	135	0.929761
90	143	0.918374
90	154	0.896099
90	159	0.941359
90	162	0.858922
90	163	0.844972
90	165	0.845667
90	168	0.907248
90	169	0.925144
90	176	0.864502
90	178	0.841268
90	179	0.843228
90	180	0.870397
91	45	1.08665
91	74	0.428753
91	77	1.21788
91	115	0.104794
91	122	1.06887
91	125	1.11847
91	126	1.11668
91	146	1.00245
91	149	1.03668
91	151	1.00716
91	155	0.962335
91	160	0.978957
91	166	0.988903
91	168	1.03638
91	170	0.960018
91	174	0.976352
91	178	0.970401
91	179	0.972361
91	180	0.999529
92	25	0.957665
92	26	1.05625
92	35	1.03039
92	50	1.03039
92	73	1.06438
92	84	1.04187
92	88	0.964017
92	93	1.01697
92	94	1.01685
92	95	1.01679
92	96	1.01679
92	99	1.07047
92	101	1.07055
92	102	0.934957
92	125	0.983092
92	126	1.2659
92	153	1.63972
92	154	2.48449
92	172	0.912004
93	25	0.943658
93	26	1.04224
93	35	1.01638
93	50	1.01638
93	73	1.05038
93	84	1.02786
93	88	0.950009
93	92	1.01697
93	94	1.00284
93	95	1.00279
93	96	1.00279
93	97	0.989452
93	99	1.05646
93	101	1.05654
93	102	0.920949
93	103	1.55395
93	139	1.01625
93	172	0.897996
93	179	3.41442
93	180	1.58702
94	21	0.391116
94	25	0.943536
94	26	1.04212
94	35	1.01626
94	50	1.01626
94	73	1.05025
94	84	1.02774
94	88	0.949888
94	92	1.01685
94	93	1.00284
94	95	1.00267
94	96	1.00267
94	97	0.989331
94	99	1.05634
94	101	1.05642
94	102	0.920828
94	106	0.90338
94	145	2.33823
94	172	0.897874
94	173	3.87688
95	25	0.943484
95	26	1.04207
95	35	1.01621
95	50	1.01621
95	73	1.0502
95	84	1.02768
95	88	0.949836
95	92	1.01679
95	93	1.00279
95	94	1.00267
95	96	1.00261
95	97	0.989278
95	99	1.05629
95	101	1.05637
95	102	0.920776
95	124	1.17976
95	136	2.2576
95	148	2.08329
95	172	0.897822
95	180	2.10163
96	25	0.943483
96	26	1.04207
96	35	1.01621
96	50	1.01621
96	73	1.0502
96	84	1.02768
96	88	0.949835
96	92	1.01679
96	93	1.00279
96	94	1.00267
96	95	1.00261
96	97	0.989278
96	99	1.05629
96	101	1.05637
96	102	0.920775
96	128	1.72762
96	138	1.41731
96	144	0.828596
96	172	0.897822
96	180	2.84467
97	9	0.960331
97	11	1.07009
97	13	0.940118
97	18	1.03785
97	28	1.03262
97	65	0.95669
97	77	0.937642
97	81	0.999478
97	88	0.936501
97	93	0.989452
97	94	0.989331
97	95	0.989278
97	96	0.989278
97	99	1.04296
97	101	1.04303
97	134	0.990521
97	141	2.01119
97	148	2.23829
97	167	1.60773
97	168	1.62536
97	172	0.884487
98	28	0.93659
98	87	0.751154
98	89	0.65427
98	99	1.29222
98	110	1.02921
98	116	0.943563
98	135	1.03116
98	137	0.936802
98	144	1.078
98	145	1.01352
98	158	0.973909
98	159	1.04275
98	161	0.98184
98	168	1.00864
98	169	1.02654
98	173	0.953806
98	174	0.948614
98	175	0.974376
98	178	0.942663
98	179	0.944623
98	180	0.971791
99	21	0.377195
99	25	0.997162
99	26	1.09575
99	35	1.06989
99	50	1.06989
99	73	1.10388
99	84	1.08136
99	88	1.00351
99	92	1.07047
99	93	1.05646
99	94	1.05634
99	95	1.05629
99	96	1.05629
99	97	1.04296
99	98	1.29222
99	101	1.11005
99	102	0.974454
99	114	1.76781
99	121	1.20541
99	153	1.76989
99	172	0.9515
100	38	1.67737
100	40	0.956589
100	47	0.692385
100	90	1.0172
100	103	1.05332
100	120	0.221885
100	140	0.95368
100	147	1.01079
100	151	0.991182
100	156	0.987633
100	158	0.985672
100	159	1.05452
100	161	0.993602
100	165	0.958823
100	173	0.965568
100	174	0.960376
100	176	0.977659
100	177	0.963625
100	178	0.954425
100	179	0.956385
100	180	0.983553
101	25	0.997238
101	26	1.09582
101	35	1.06997
101	50	1.06997
101	73	1.10396
101	84	1.08144
101	88	1.00359
101	92	1.07055
101	93	1.05654
101	94	1.05642
101	95	1.05637
101	96	1.05637
101	97	1.04303
101	99	1.11005
101	102	0.97453
101	140	3.43813
101	149	1.39632
101	151	1.78608
101	156	1.67965
101	165	3.71459
101	172	0.951576
102	71	2.06124
102	86	0.895056
102	87	2.33876
102	88	0.867998
102	92	0.934957
102	93	0.920949
102	94	0.920828
102	95	0.920776
102	96	0.920775
102	99	0.974454
102	101	0.97453
102	114	0.904657
102	145	0.879576
102	151	0.845475
102	166	0.82722
102	168	0.874698
102	172	0.815985
102	174	0.814669
102	176	0.831952
102	178	0.808718
102	179	0.810678
102	180	0.837846
103	30	1.5374
103	84	1.30865
103	93	1.55395
103	100	1.05332
103	107	1.03735
103	110	0.963937
103	124	1.01194
103	148	0.913051
103	152	0.91226
103	157	0.955224
103	160	0.885948
103	161	0.916569
103	162	0.895046
103	165	0.88179
103	168	0.943371
103	170	0.867009
103	173	0.888535
103	174	0.883343
103	175	0.909105
103	178	0.877392
103	179	0.879352
103	180	0.90652
104	14	1.17754
104	32	1.18076
104	70	1.08656
104	85	0.782387
104	122	1.03187
104	128	1.03459
104	134	0.980976
104	141	0.999202
104	154	0.988232
104	155	0.925336
104	157	1.01123
104	158	0.964648
104	159	1.03349
104	160	0.941958
104	163	0.937105
104	166	0.951904
104	170	0.923019
104	175	0.965114
104	176	0.956635
104	178	0.933401
104	179	0.935361
104	180	0.96253
105	79	1.21219
105	109	0.82283
105	124	0.969014
105	128	0.935657
105	130	2.20431
105	135	0.922962
105	141	0.900269
105	142	0.977576
105	146	0.86652
105	153	0.898115
105	155	0.826403
105	156	0.867676
105	157	0.9123
105	158	0.865715
105	162	0.852122
105	166	0.852971
105	168	0.900448
105	174	0.840419
105	175	0.866181
105	178	0.834468
105	179	0.836428
105	180	0.863597
106	5	1.47126
106	16	1.11084
106	38	0.986859
106	41	1.08465
106	46	1.05879
106	49	1.05871
106	53	1.05873
106	55	0.909149
106	59	1.13151
106	61	0.472404
106	72	0.643807
106	94	0.90338
106	130	1.02937
106	157	1.04263
106	158	0.99604
106	164	1.03273
106	165	0.969192
106	168	1.03077
106	169	1.04867
106	178	0.964793
106	179	0.966753
106	180	0.993922
107	16	0.797763
107	17	1.17226
107	68	1.22825
107	103	1.03735
107	114	1.0344
107	124	1.073
107	132	0.717969
107	137	0.932598
107	142	1.08157
107	151	0.975216
107	154	0.99329
107	155	0.930393
107	156	0.971667
107	160	0.947015
107	161	0.977636
107	165	0.942857
107	170	0.928076
107	174	0.94441
107	175	0.970172
107	177	0.947659
107	179	0.940419
107	180	0.967587
108	56	1.76267
108	60	1.31371
108	67	1.32362
108	114	0.976339
108	119	0.923411
108	121	1.01508
108	135	0.968894
108	143	0.957506
108	145	0.951258
108	146	0.912452
108	150	0.899679
108	153	0.944047
108	154	0.935232
108	157	0.958232
108	160	0.888957
108	171	0.912068
108	172	0.887667
108	175	0.912114
108	176	0.903635
108	178	0.880401
108	179	0.882361
108	180	0.909529
109	7	0.973357
109	15	0.857042
109	29	0.860211
109	33	0.840831
109	42	0.901197
109	105	0.82283
109	115	0.88849
109	126	0.913137
109	132	0.907606
109	134	3.02328
109	140	0.766114
109	141	0.83266
109	146	0.798911
109	149	0.833137
109	152	0.801727
109	157	0.844691
109	162	0.784513
109	166	0.785362
109	169	0.850734
109	170	0.756476
109	177	0.776059
109	180	0.795988
110	46	0.847733
110	61	1.70785
110	98	1.02921
110	103	0.963937
110	121	0.999725
110	127	0.978302
110	129	1.02698
110	132	1.56066
110	137	0.859182
110	142	1.00815
110	143	0.942148
110	150	0.884321
110	151	0.9018
110	155	0.856977
110	156	0.898251
110	166	0.883545
110	168	0.931022
110	170	0.85466
110	173	0.876186
110	176	0.888277
110	178	0.865043
110	179	0.867003
110	180	0.894171
111	11	1.06138
111	58	2.05521
111	72	0.735365
111	82	0.748046
111	141	0.995243
111	143	1.00655
111	144	1.06478
111	149	0.99572
111	150	0.948721
111	151	0.966199
111	156	0.96265
111	158	0.960689
111	159	1.02953
111	162	0.947096
111	166	0.947945
111	172	0.936709
111	174	0.935394
111	175	0.961155
111	176	0.952677
111	177	0.938643
111	178	0.929442
111	179	0.931403
111	180	0.958571
112	50	4.8
112	113	0.847794
112	127	0.908671
112	137	0.789551
112	139	0.89677
112	150	0.81469
112	152	0.83028
112	154	0.850243
112	155	0.787347
112	156	0.82862
112	157	0.873244
112	158	0.826658
112	159	0.895503
112	160	0.803968
112	164	0.863348
112	165	0.79981
112	166	0.813914
112	167	0.854797
112	168	0.861391
112	170	0.785029
112	172	0.802678
112	174	0.801363
112	175	0.827125
112	180	0.82454
113	12	2.51228
113	83	2.28772
113	90	0.89365
113	112	0.847794
113	128	0.932069
113	131	0.903909
113	139	0.932238
113	142	0.973987
113	143	0.907985
113	146	0.862931
113	147	0.887241
113	149	0.897157
113	150	0.850158
113	151	0.867637
113	153	0.894527
113	155	0.822815
113	162	0.848534
113	165	0.835278
113	170	0.820497
113	171	0.862547
113	177	0.84008
113	178	0.83088
113	179	0.83284
113	180	0.860008
114	24	1.58092
114	49	1.25127
114	99	1.76781
114	102	0.904657
114	107	1.0344
114	108	0.976339
114	136	0.929403
114	141	0.940237
114	143	0.951542
114	145	0.945294
114	150	0.893715
114	151	0.911193
114	154	0.929268
114	155	0.866371
114	156	0.907644
114	157	0.952268
114	161	0.913613
114	165	0.878835
114	167	0.933822
114	170	0.864054
114	178	0.874437
114	179	0.876397
114	180	0.903565
115	7	1.10663
115	15	0.990312
115	30	1.06263
115	31	0.950132
115	33	0.974101
115	34	1.0385
115	36	1.02944
115	42	1.03447
115	43	1.01358
115	44	1.02114
115	45	1.01298
115	55	0.991807
115	57	0.99201
115	62	0.994938
115	66	1.07888
115	68	0.992774
115	69	0.99328
115	91	0.104794
115	109	0.88849
115	140	0.899383
115	143	1.48176
115	152	0.934997
115	168	1.02866
115	172	2.7842
115	179	3.48733
116	8	0.787837
116	66	5
116	86	0.865736
116	98	0.943563
116	135	0.867891
116	136	0.834364
116	138	0.92207
116	141	0.845199
116	143	0.856503
116	144	0.914738
116	145	0.850256
116	149	0.845675
116	150	0.798677
116	151	0.816155
116	157	0.85723
116	163	0.783102
116	165	0.783796
116	169	0.863273
116	170	0.769015
116	171	0.811066
116	175	0.811111
116	176	0.802632
116	178	0.779398
116	179	0.781358
116	180	0.808526
117	64	0.891015
117	123	3.84719
117	125	0.923612
117	129	0.937478
117	137	0.76968
117	138	0.918212
117	142	0.918648
117	146	0.807592
117	147	0.831902
117	151	0.812297
117	153	0.839187
117	154	0.830372
117	157	0.853372
117	158	0.806787
117	159	0.875632
117	166	0.794043
117	167	0.834926
117	168	0.84152
117	170	0.765158
117	175	0.807254
117	176	0.798775
117	177	0.784741
117	178	0.775541
117	179	0.777501
117	180	0.804669
118	4	2.91745
118	9	2.08255
118	86	0.90581
118	126	0.965749
118	128	0.920661
118	136	0.874438
118	142	0.962579
118	143	0.896577
118	150	0.83875
118	151	0.856228
118	152	0.85434
118	154	0.874303
118	157	0.897303
118	159	0.919563
118	160	0.828028
118	161	0.858649
118	163	0.823176
118	165	0.82387
118	168	0.885451
118	170	0.809089
118	175	0.851185
118	176	0.842706
118	177	0.828672
118	178	0.819472
118	180	0.8486
119	35	2.71453
119	57	2.28547
119	108	0.923411
119	124	0.956055
119	129	0.983446
119	144	0.956849
119	147	0.87787
119	149	0.887786
119	150	0.840787
119	151	0.858266
119	152	0.856377
119	156	0.854717
119	157	0.899341
119	159	0.9216
119	160	0.830065
119	162	0.839163
119	165	0.825907
119	170	0.811126
119	173	0.832652
119	174	0.82746
119	175	0.853222
119	176	0.844743
119	178	0.821509
119	179	0.823469
119	180	0.850637
120	20	1.03974
120	32	0.94021
120	40	1.02802
120	51	0.998047
120	56	0.987925
120	60	1.06802
120	61	1.05851
120	67	0.975974
120	71	0.958787
120	72	1.04974
120	74	1.05162
120	75	0.965277
120	89	1.00372
120	100	0.221885
120	123	1.01463
120	125	0.571
120	132	1.0153
120	142	1.04299
120	148	0.910216
120	162	3.78359
120	164	0.942494
120	167	0.933942
120	169	0.958433
120	171	0.906225
120	173	0.885701
120	175	2.58213
120	177	0.883757
121	21	1.23486
121	35	0.808032
121	63	0.983047
121	78	1.18222
121	81	1.22129
121	99	1.20541
121	108	1.01508
121	110	0.999725
121	122	1.01165
121	125	1.06125
121	131	0.98621
121	138	1.05585
121	142	1.05629
121	151	0.949937
121	153	0.976827
121	155	0.905115
121	159	1.01327
121	162	0.930834
121	166	0.931683
121	167	0.972566
121	168	0.97916
121	170	0.902798
121	172	0.920447
121	174	0.919132
121	178	0.913181
121	179	0.915141
121	180	0.942309
122	29	1.38371
122	51	1.69749
122	89	0.905838
122	91	1.06887
122	104	1.03187
122	121	1.01165
122	124	1.01151
122	132	0.929206
122	142	1.02007
122	143	0.954069
122	144	1.0123
122	146	0.909015
122	150	0.896242
122	155	0.868898
122	157	0.954795
122	162	0.894617
122	165	0.881362
122	166	0.895466
122	168	0.942943
122	169	0.960839
122	171	0.908631
122	174	0.882914
122	175	0.908676
122	176	0.900197
122	178	0.876963
122	179	0.878923
122	180	0.906092
123	20	1.08376
123	32	0.984227
123	39	0.977168
123	51	1.04206
123	52	1.02907
123	56	1.03194
123	60	1.11204
123	61	1.10253
123	67	1.01999
123	71	1.00281
123	72	1.09376
123	74	1.09564
123	75	1.0093
123	89	1.04774
123	117	3.84719
123	120	1.01463
123	124	0.650536
123	129	1.14902
123	133	1.30528
123	145	1.39615
123	148	0.954234
123	160	3.23592
123	164	0.986511
123	167	0.97796
123	169	1.00245
123	171	0.950243
123	173	0.929719
123	177	0.927775
124	1	0.930611
124	85	1.28191
124	95	1.17976
124	103	1.01194
124	105	0.969014
124	107	1.073
124	119	0.956055
124	122	1.01151
124	123	0.650536
124	126	1.05932
124	132	1.07342
124	133	1.05479
124	138	1.05572
124	145	0.983902
124	146	0.945096
124	149	0.979321
124	150	0.932322
124	153	0.976691
124	154	0.967875
124	159	1.01314
124	161	0.952221
124	165	0.917442
124	170	0.902661
124	172	0.920311
124	174	0.918995
124	175	0.944757
124	178	0.913044
124	180	0.942172
125	5	1.91723
125	14	1.30946
125	20	0.819212
125	91	1.11847
125	92	0.983092
125	117	0.923612
125	120	0.571
125	121	1.06125
125	128	1.02776
125	139	1.02793
125	143	1.00367
125	146	0.958621
125	149	0.992846
125	152	0.961437
125	154	0.9814
125	158	0.957816
125	160	0.935126
125	161	0.965746
125	165	0.930967
125	167	0.985954
125	168	0.992549
125	170	0.916186
125	174	0.93252
125	176	0.949803
125	177	0.935769
125	178	0.926569
125	179	0.928529
125	180	0.955697
126	39	0.788974
126	48	0.841818
126	78	1.37288
126	80	1.33043
126	91	1.11668
126	92	1.2659
126	109	0.913137
126	118	0.965749
126	124	1.05932
126	142	1.06788
126	143	1.00188
126	149	0.991053
126	154	0.979607
126	155	0.91671
126	156	0.957983
126	159	1.02487
126	160	0.933332
126	164	0.992712
126	165	0.929174
126	166	0.943278
126	168	0.990755
126	172	0.932042
126	174	0.930727
126	175	0.956489
126	176	0.94801
126	178	0.924776
126	179	0.926736
126	180	0.953904
127	38	2.10852
127	47	1.12353
127	62	1.03098
127	110	0.978302
127	112	0.908671
127	131	0.964786
127	132	0.853217
127	138	1.03443
127	139	0.993115
127	142	1.03486
127	150	0.911035
127	151	0.928514
127	155	0.883692
127	156	0.924965
127	160	0.900314
127	161	0.930934
127	162	0.909411
127	165	0.896155
127	166	0.910259
127	168	0.957736
127	169	0.975632
127	172	0.899023
127	173	0.9029
127	176	0.914991
127	177	0.900957
127	178	0.891757
127	179	0.893717
127	180	0.920885
128	6	1.96181
128	67	0.903884
128	84	1.00668
128	96	1.72762
128	104	1.03459
128	105	0.935657
128	113	0.932069
128	118	0.920661
128	125	1.02776
128	135	0.96818
128	141	0.945487
128	143	0.956792
128	144	1.01503
128	145	0.950545
128	146	0.911739
128	153	0.943334
128	157	0.957519
128	158	0.910934
128	160	0.888244
128	166	0.898189
128	168	0.945666
128	170	0.869304
128	172	0.886954
128	174	0.885638
128	175	0.9114
128	176	0.902921
128	178	0.879687
128	180	0.908815
129	60	0.777806
129	68	1.17581
129	75	1.34808
129	90	1.00321
129	110	1.02698
129	117	0.937478
129	119	0.983446
129	123	1.14902
129	132	0.665527
129	136	0.995402
129	141	1.00624
129	145	1.01129
129	147	0.996797
129	153	1.00408
129	154	0.995267
129	155	0.93237
129	158	0.971682
129	161	0.979612
129	162	0.958089
129	166	0.958938
129	170	0.930053
129	173	0.951579
129	174	0.946387
129	175	0.972149
129	176	0.96367
129	178	0.940436
129	179	0.942396
129	180	0.969564
130	1	1.0263
130	16	0.989118
130	19	0.993299
130	21	0.58919
130	23	0.996452
130	24	0.991522
130	27	1.00185
130	37	0.982986
130	38	0.865135
130	41	0.962923
130	46	0.937069
130	48	0.9594
130	49	0.936983
130	53	0.937004
130	59	1.00978
130	63	0.937996
130	76	0.992522
130	78	1.00035
130	79	1.00036
130	82	0.976449
130	85	0.903302
130	87	0.960813
130	105	2.20431
130	106	1.02937
130	134	0.95637
130	147	1.90877
130	156	2.55066
130	163	0.846774
130	175	1.65725
131	7	1.60856
131	52	2.27303
131	70	1.00468
131	84	1.51841
131	113	0.903909
131	121	0.98621
131	127	0.964786
131	133	0.993271
131	135	0.94002
131	143	0.928632
131	147	0.907888
131	149	0.917804
131	151	0.888284
131	157	0.929359
131	160	0.860084
131	163	0.855231
131	165	0.855925
131	166	0.870029
131	170	0.841144
131	171	0.883195
131	173	0.86267
131	174	0.857478
131	176	0.874761
131	177	0.860727
131	178	0.851527
131	179	0.853487
131	180	0.880655
132	2	1.002
132	4	1.10767
132	7	1.12574
132	22	0.985508
132	29	1.0126
132	33	0.993216
132	39	0.977838
132	42	1.05358
132	43	1.03269
132	44	1.04025
132	54	1.04734
132	56	1.03261
132	62	1.01405
132	71	1.00347
132	74	1.09631
132	107	0.717969
132	109	0.907606
132	110	1.56066
132	120	1.0153
132	122	0.929206
132	124	1.07342
132	127	0.853217
132	129	0.665527
132	140	0.918499
132	148	0.954903
132	152	0.954112
132	167	0.97863
132	169	1.00312
132	173	0.930388
133	33	1.56638
133	60	0.65503
133	61	0.968976
133	75	1.50434
133	123	1.30528
133	124	1.05479
133	131	0.993271
133	136	0.975208
133	137	0.914381
133	141	0.986042
133	144	1.05558
133	145	0.9911
133	150	0.93952
133	151	0.956999
133	153	0.983889
133	155	0.912176
133	156	0.95345
133	158	0.951488
133	160	0.928798
133	161	0.959419
133	165	0.92464
133	166	0.938744
133	167	0.979627
133	168	0.986221
133	170	0.909859
133	175	0.951955
133	176	0.943476
133	178	0.920242
133	179	0.922202
133	180	0.94937
134	9	0.974908
134	12	1.07387
134	13	0.954695
134	14	1.06336
134	17	0.918459
134	18	1.05243
134	27	1.05058
134	28	1.04719
134	47	0.997496
134	48	1.00813
134	58	0.976923
134	63	0.986724
134	64	1.04323
134	65	0.971267
134	76	1.04125
134	77	0.952219
134	78	1.04908
134	80	1.02124
134	81	1.01406
134	83	1.04005
134	85	0.95203
134	87	1.00954
134	97	0.990521
134	104	0.980976
134	109	3.02328
134	130	0.95637
134	135	1.6082
134	163	0.895502
134	165	3.9129
134	174	2.19873
135	12	1.37312
135	35	1.67092
135	59	1.54775
135	64	0.982465
135	90	0.929761
135	98	1.03116
135	105	0.922962
135	108	0.968894
135	116	0.867891
135	128	0.96818
135	131	0.94002
135	134	1.6082
135	142	1.0101
135	145	0.937849
135	146	0.899043
135	149	0.933268
135	157	0.944823
135	160	0.875548
135	161	0.906168
135	162	0.884645
135	165	0.871389
135	166	0.885493
135	167	0.926376
135	171	0.898659
135	173	0.878135
135	174	0.872942
135	175	0.898704
135	176	0.890225
135	178	0.866991
135	179	0.868951
135	180	0.896119
136	8	0.841902
136	30	1.72645
136	56	2.61595
136	95	2.2576
136	114	0.929403
136	116	0.834364
136	118	0.874438
136	129	0.995402
136	133	0.975208
136	138	0.976136
136	139	0.934823
136	140	0.832719
136	141	0.899264
136	147	0.889825
136	149	0.899741
136	150	0.852743
136	153	0.897111
136	154	0.888295
136	156	0.866672
136	157	0.911296
136	160	0.842021
136	161	0.872641
136	162	0.851118
136	166	0.851966
136	168	0.899443
136	170	0.823081
136	174	0.839415
136	175	0.865177
136	176	0.856698
136	177	0.842664
136	178	0.833464
136	179	0.835424
136	180	0.862592
137	3	6.6
137	86	0.858975
137	98	0.936802
137	107	0.932598
137	110	0.859182
137	112	0.789551
137	117	0.76968
137	133	0.914381
137	139	0.873995
137	143	0.849742
137	145	0.843495
137	146	0.804688
137	147	0.828998
137	149	0.838914
137	151	0.809394
137	153	0.836284
137	154	0.827468
137	156	0.805845
137	158	0.803884
137	159	0.872728
137	160	0.781193
137	161	0.811814
137	165	0.777035
137	169	0.856512
137	170	0.762254
137	171	0.804304
137	173	0.78378
137	174	0.778588
137	175	0.80435
137	176	0.795871
137	178	0.772637
137	179	0.774597
137	180	0.801765
138	27	0.962066
138	53	1.45111
138	54	1.05882
138	69	0.978011
138	76	0.932684
138	96	1.41731
138	116	0.92207
138	117	0.918212
138	121	1.05585
138	124	1.05572
138	127	1.03443
138	136	0.976136
138	143	0.998275
138	144	1.05651
138	145	0.992027
138	146	0.953221
138	147	0.977531
138	149	0.987447
138	150	0.940448
138	153	0.984816
138	154	0.976001
138	156	0.954377
138	161	0.960346
138	166	0.939672
138	167	0.980555
138	169	1.00504
138	171	0.952837
138	172	0.928436
138	174	0.927121
138	175	0.952883
138	176	0.944404
138	178	0.92117
138	179	0.92313
138	180	0.950298
139	3	2.40567
139	34	1.06267
139	54	1.91541
139	93	1.01625
139	112	0.89677
139	113	0.932238
139	125	1.02793
139	127	0.993115
139	136	0.934823
139	137	0.873995
139	143	0.956962
139	146	0.911908
139	150	0.899135
139	153	0.943503
139	155	0.871791
139	156	0.913064
139	157	0.957688
139	160	0.888413
139	161	0.919033
139	162	0.89751
139	163	0.88356
139	165	0.884255
139	167	0.939242
139	170	0.869474
139	173	0.891
139	174	0.885808
139	175	0.911569
139	176	0.903091
139	177	0.889057
139	178	0.879856
139	179	0.881817
139	180	0.908985
140	4	0.966182
140	7	0.98425
140	8	0.786191
140	15	0.867936
140	29	0.871104
140	33	0.851724
140	42	0.912091
140	43	0.891203
140	44	0.898762
140	51	3.56187
140	54	0.905846
140	62	0.872562
140	100	0.95368
140	101	3.43813
140	109	0.766114
140	115	0.899383
140	132	0.918499
140	136	0.832719
140	141	0.843553
140	147	0.834114
140	152	0.81262
140	154	0.832584
140	156	0.81096
140	157	0.855584
140	158	0.808999
140	160	0.786309
140	161	0.816929
140	165	0.782151
140	168	0.843732
140	171	0.80942
140	174	0.783704
140	176	0.800987
140	178	0.777753
140	179	0.779713
140	180	0.806881
141	27	1.52715
141	49	2.24667
141	65	1.415
141	97	2.01119
141	104	0.999202
141	105	0.900269
141	109	0.83266
141	111	0.995243
141	114	0.940237
141	116	0.845199
141	128	0.945487
141	129	1.00624
141	133	0.986042
141	136	0.899264
