1	5	0.734629
1	8	0.668147
1	15	0.854869
1	32	0.728347
1	34	0.707259
1	46	0.715304
1	68	0.735913
1	79	0.674421
1	80	0.678346
1	140	2.74138
1	144	3.97398
1	177	0.70092
2	4	0.678921
2	7	0.678961
2	9	0.675814
2	18	0.764296
2	22	0.764292
2	25	0.735841
2	36	0.722218
2	37	0.722202
2	148	0.720041
2	153	3.26448
2	161	0.736536
2	175	3.84296
3	21	0.716582
3	46	1.48018
3	131	1.20552
3	162	0.756763
3	163	0.736303
3	165	0.725414
3	169	0.713839
3	171	0.732022
3	173	0.718795
3	178	0.689657
3	179	0.705625
3	180	0.705581
4	2	0.678921
4	7	0.682199
4	9	0.679052
4	18	0.767534
4	25	0.739079
4	28	0.739054
4	36	0.725456
4	37	0.72544
4	148	0.723279
4	159	4.65395
4	160	2.38556
4	161	0.739774
5	1	0.734629
5	8	0.749155
5	15	0.935877
5	32	0.809354
5	34	0.788267
5	101	1.21026
5	169	4.33457
5	177	0.781927
6	48	0.840698
6	60	0.840722
6	61	0.788238
6	65	0.840745
6	70	0.812022
6	82	0.825723
6	84	0.82572
6	87	0.825713
6	101	1.81495
6	162	3.73695
6	177	2.18353
7	2	0.678961
7	4	0.682199
7	9	0.679092
7	22	0.76757
7	25	0.739119
7	28	0.739094
7	36	0.725496
7	37	0.72548
7	103	1.853
7	148	0.723319
7	161	0.739813
7	169	5.31256
8	1	0.668147
8	5	0.749155
8	15	0.869395
8	32	0.742873
8	34	0.721785
8	68	0.750439
8	79	0.688947
8	80	0.692872
8	95	2.0414
8	114	4.08753
8	177	0.715446
9	2	0.675814
9	4	0.679052
9	7	0.679092
9	18	0.764427
9	22	0.764423
9	28	0.735948
9	36	0.722349
9	37	0.722334
9	54	3.52842
9	141	3.5951
9	148	0.720172
9	161	0.736667
10	64	0.7991
10	69	0.805875
10	74	0.860419
10	94	0.798749
10	96	0.831992
10	151	2.60908
10	156	1.92039
10	161	0.834565
10	168	0.715121
10	170	0.74455
10	171	3.7422
10	177	0.80998
11	103	0.785464
11	116	1.13496
11	117	1.37959
11	146	0.746178
11	156	0.771316
11	171	0.715303
11	172	0.723175
11	174	0.690563
11	175	0.717471
11	178	0.672938
11	179	0.688905
11	180	0.688862
12	33	0.816092
12	63	0.83177
12	67	0.835826
12	72	0.770928
12	75	0.817077
12	88	0.795129
12	90	0.79512
12	136	1.0056
12	148	0.807085
12	165	4.07568
12	166	0.730788
12	172	2.99955
13	116	0.810016
13	117	0.836407
13	118	0.837076
13	124	0.787399
13	125	0.817981
13	126	0.822935
13	127	0.817719
13	156	1.86679
13	166	0.745178
13	173	3.50669
13	175	2.83771
13	176	0.726113
14	17	0.773571
14	52	0.806795
14	63	0.839659
14	72	0.778817
14	73	0.830905
14	75	0.824967
14	88	0.803018
14	90	0.80301
14	121	1.48656
14	156	2.53827
14	166	0.738677
14	173	4.17817
15	1	0.854869
15	5	0.935877
15	8	0.869395
15	32	0.929595
15	34	0.908507
15	158	3.20824
15	163	1.75937
15	171	2.13853
15	177	0.902168
16	32	0.739583
16	34	0.718495
16	82	0.713339
16	84	0.713335
16	87	0.713328
16	103	2.53196
16	118	0.735847
16	125	0.716752
16	126	0.721705
16	127	0.71649
16	172	4.55192
16	177	0.712156
17	14	0.773571
17	33	0.732003
17	52	0.714817
17	67	0.751737
17	72	0.686839
17	73	0.738926
17	75	0.732988
17	88	0.71104
17	90	0.711031
17	95	2.59986
17	140	3.8361
17	166	0.646698
18	2	0.764296
18	4	0.767534
18	9	0.764427
18	25	0.824454
18	28	0.82443
18	36	0.810831
18	37	0.810816
18	135	2.3649
18	148	0.808654
18	151	1.61488
18	161	0.825149
18	179	4.37963
19	20	0.840695
19	48	0.810618
19	54	1.37984
19	60	0.810642
19	61	0.758159
19	65	0.810665
19	70	0.781942
19	82	0.795643
19	84	0.79564
19	87	0.795633
19	150	5.02178
19	153	1.91913
20	19	0.840695
20	48	0.810611
20	60	0.810635
20	61	0.758151
20	65	0.810658
20	70	0.781935
20	82	0.795636
20	84	0.795633
20	87	0.795626
20	152	1.59594
20	167	1.25997
20	178	5.63391
21	3	0.716582
21	63	3.51867
21	128	0.734662
21	132	0.703338
21	134	0.664347
21	137	0.693685
21	168	0.58755
21	170	0.616979
21	177	0.682409
21	178	0.589674
21	179	0.605642
21	180	0.605598
22	2	0.764292
22	7	0.76757
22	9	0.764423
22	25	0.82445
22	28	0.824425
22	36	0.810827
22	37	0.810811
22	66	2.12293
22	147	2.59434
22	148	0.80865
22	157	3.37329
22	161	0.825144
23	99	0.752211
23	100	0.70334
23	116	0.714935
23	117	0.741325
23	118	0.741995
23	124	0.692317
23	125	0.7229
23	126	0.727854
23	127	0.722638
23	158	3.53466
23	166	0.650097
23	176	0.631032
23	180	4.04712
24	31	0.747954
24	38	0.712763
24	39	0.726939
24	41	0.814759
24	44	0.814753
24	45	0.814731
24	47	0.814701
24	50	0.814673
24	58	0.821815
24	142	1.5029
24	157	2.00378
24	170	0.715946
24	179	5.1657
25	2	0.735841
25	4	0.739079
25	7	0.739119
25	18	0.824454
25	22	0.82445
25	28	0.795975
25	36	0.782376
25	37	0.78236
25	130	1.80129
25	138	1.85952
25	148	0.780199
25	161	0.796694
25	178	6.02035
26	59	0.803792
26	64	0.776438
26	69	0.783213
26	74	0.837757
26	92	1.25982
26	94	0.776087
26	96	0.80933
26	161	0.811902
26	162	2.27562
26	168	0.692459
26	170	0.721888
26	177	0.787317
26	179	5.10985
27	59	0.803792
27	64	0.776438
27	69	0.783213
27	74	0.837757
27	94	0.776087
27	96	0.80933
27	121	1.76653
27	142	2.60889
27	161	0.811902
27	166	4.18938
27	168	0.692459
27	170	0.721888
27	177	0.787317
28	4	0.739054
28	7	0.739094
28	9	0.735948
28	18	0.82443
28	22	0.824425
28	25	0.795975
28	36	0.782352
28	37	0.782336
28	140	1.56757
28	148	0.780174
28	161	0.796669
28	176	6.47267
28	177	1.14658
29	81	0.797236
29	100	0.770537
29	110	2.45839
29	116	0.782132
29	117	0.808523
29	118	0.809193
29	124	0.759515
29	125	0.790098
29	126	0.795051
29	127	0.789836
29	136	2.87536
29	160	3.03733
29	176	0.698229
30	66	0.778289
30	91	1.82316
30	132	1.24574
30	149	0.764548
30	151	0.746668
30	167	0.725457
30	169	0.68673
30	173	0.691687
30	174	0.680174
30	175	0.707082
30	178	0.662548
30	179	0.678516
30	180	0.678472
31	24	0.747954
31	38	0.646184
31	39	0.66036
31	41	0.74818
31	44	0.748174
31	45	0.748152
31	47	0.748123
31	50	0.748095
31	58	0.755236
31	144	2.65374
31	146	4.34177
31	170	0.649367
32	1	0.728347
32	5	0.809354
32	8	0.742873
32	15	0.929595
32	16	0.739583
32	34	0.781985
32	46	0.79003
32	79	0.749147
32	80	0.753072
32	159	2.45313
32	172	2.01671
32	177	0.775645
32	180	4.22181
33	12	0.816092
33	17	0.732003
33	67	0.802147
33	72	0.737249
33	73	0.789336
33	75	0.783398
33	88	0.76145
33	90	0.761442
33	142	0.746729
33	148	0.773406
33	152	1.41162
33	160	1.09126
33	166	0.697109
33	178	6.66801
34	1	0.707259
34	5	0.788267
34	8	0.721785
34	15	0.908507
34	16	0.718495
34	32	0.781985
34	46	0.768942
34	68	0.789551
34	79	0.728059
34	80	0.731984
34	85	2.83295
34	163	3.09365
34	170	2.99126
34	177	0.754558
35	38	0.74129
35	58	0.850342
35	94	0.798672
35	124	0.783916
35	125	0.814499
35	126	0.819452
35	149	2.23771
35	162	2.81687
35	163	3.64031
35	168	0.715043
35	170	0.744473
35	176	0.72263
35	177	0.809902
36	2	0.722218
36	4	0.725456
36	7	0.725496
36	9	0.722349
36	18	0.810831
36	22	0.810827
36	25	0.782376
36	28	0.782352
36	37	0.768737
36	108	1.39105
36	148	0.766576
36	161	0.783071
36	165	2.03053
36	178	5.85957
37	2	0.722202
37	4	0.72544
37	7	0.72548
37	9	0.722334
37	18	0.810816
37	22	0.810811
37	25	0.78236
37	28	0.782336
37	36	0.768737
37	130	3.60917
37	148	0.76656
37	161	0.783055
37	166	3.09531
37	167	2.41955
38	24	0.712763
38	31	0.646184
38	35	0.74129
38	39	0.625169
38	41	0.712989
38	44	0.712983
38	45	0.712961
38	47	0.712932
38	50	0.712904
38	56	0.776156
38	58	0.720045
38	139	4.0834
38	170	0.614176
38	177	3.71182
39	24	0.726939
39	31	0.66036
39	38	0.625169
39	41	0.727165
39	44	0.727159
39	45	0.727137
39	47	0.727107
39	50	0.727079
39	56	0.790332
39	58	0.734221
39	68	1.62735
39	170	0.628352
39	174	5.87113
40	93	0.762644
40	95	1.38616
40	97	0.803184
40	104	0.772193
40	105	0.776541
40	112	0.760651
40	115	0.751638
40	128	0.811767
40	131	0.775046
40	132	0.780443
40	134	0.741452
40	137	3.96628
40	138	3.84685
40	168	0.664655
41	24	0.814759
41	31	0.74818
41	38	0.712989
41	39	0.727165
41	44	0.814979
41	45	0.814957
41	47	0.814928
41	50	0.8149
41	58	0.822041
41	136	1.95647
41	138	1.49698
41	168	6.27173
41	170	0.716172
42	81	1.849
42	126	1.41561
42	130	0.715903
42	144	0.742351
42	147	0.73401
42	152	0.722458
42	158	0.689264
42	164	0.712761
42	167	0.715798
42	171	0.695255
42	173	0.682028
42	178	0.65289
42	179	0.668857
42	180	0.668814
43	91	0.750158
43	99	0.780018
43	102	0.782082
43	109	2.06955
43	116	0.742742
43	117	0.769133
43	118	0.769803
43	124	0.720125
43	125	0.750708
43	126	0.755661
43	127	0.750446
43	160	2.6187
43	161	0.770696
43	170	4.59204
43	176	0.658839
44	24	0.814753
44	31	0.748174
44	38	0.712983
44	39	0.727159
44	41	0.814979
44	45	0.814951
44	47	0.814921
44	50	0.814893
44	58	0.822035
44	137	1.03336
44	170	0.716166
44	176	4.28114
44	180	3.29324
45	24	0.814731
45	31	0.748152
45	38	0.712961
45	39	0.727137
45	41	0.814957
45	44	0.814951
45	47	0.814899
45	50	0.814871
45	58	0.822013
45	164	1.88672
45	168	5.39619
45	169	2.37804
45	170	0.716144
46	1	0.715304
46	3	1.48018
46	32	0.79003
46	34	0.768942
46	61	0.726301
46	82	0.763786
46	84	0.763782
46	87	0.763775
46	114	1.77821
46	124	0.736616
46	125	0.767199
46	127	0.766937
46	173	4.81997
46	176	0.67533
46	177	0.762603
47	24	0.814701
47	31	0.748123
47	38	0.712932
47	39	0.727107
47	41	0.814928
47	44	0.814921
47	45	0.814899
47	50	0.814842
47	58	0.821983
47	121	2.19464
47	152	4.09402
47	170	0.716115
47	177	2.31214
48	6	0.840698
48	19	0.810618
48	20	0.810611
48	60	0.780558
48	61	0.728074
48	65	0.780581
48	70	0.751858
48	82	0.765559
48	84	0.765556
48	87	0.765549
48	137	1.91793
48	175	2.06981
48	176	5.49077
49	51	2.59232
49	62	0.793988
49	93	0.762927
49	98	0.738639
49	104	0.772475
49	112	0.760933
49	115	0.75192
49	120	0.74722
49	122	2.69847
49	128	0.81205
49	132	0.780725
49	134	0.741735
49	160	3.88237
49	168	0.664938
49	176	0.672524
50	24	0.814673
50	31	0.748095
50	38	0.712904
50	39	0.727079
50	41	0.8149
50	44	0.814893
50	45	0.814871
50	47	0.814842
50	58	0.821955
50	109	1.66652
50	142	2.6394
50	166	4.21989
50	170	0.716086
51	49	2.59232
51	94	1.02025
51	110	0.84451
51	111	0.775527
51	113	0.0876326
51	163	0.755998
51	169	0.733533
51	171	0.751717
51	172	0.759588
51	173	0.73849
51	174	0.726977
51	175	0.753885
51	178	0.709351
51	179	0.725319
51	180	0.725275
52	14	0.806795
52	17	0.714817
52	63	0.780904
52	67	0.784961
52	72	0.720063
52	73	0.77215
52	75	0.766212
52	88	0.744264
52	90	0.744255
52	119	5.05148
52	140	1.30273
52	142	0.729543
52	148	0.75622
52	166	0.679922
52	177	2.58025
53	87	2.1205
53	99	1.47984
53	106	0.732094
53	123	0.72501
53	150	0.669868
53	159	0.688854
53	162	0.719419
53	164	0.712184
53	171	0.694678
53	172	0.70255
53	174	0.669938
53	175	0.696846
53	178	0.652313
53	179	0.66828
53	180	0.668237
54	9	3.52842
54	19	1.37984
54	75	0.244287
54	139	0.781844
54	140	0.819412
54	145	0.781598
54	155	0.756819
54	158	0.724598
54	163	0.73487
54	164	0.748095
54	169	0.712406
54	172	0.738461
54	174	0.705849
54	178	0.688224
54	179	0.704192
54	180	0.704148
55	91	0.747207
55	99	0.777068
55	100	0.728197
55	102	0.779132
55	116	0.739792
55	117	0.766182
55	118	0.766852
55	121	1.91763
55	124	0.717174
55	125	0.747757
55	126	0.752711
55	127	0.747495
55	155	3.31448
55	159	4.60465
55	166	0.674954
55	176	0.655888
56	38	0.776156
56	39	0.790332
56	58	0.885208
56	94	0.833538
56	128	0.897022
56	131	0.8603
56	134	0.826706
56	140	1.19634
56	141	2.54325
56	157	3.6996
56	160	2.77499
56	168	0.74991
56	170	0.779339
56	176	0.757496
56	177	0.844768
57	62	0.77413
57	86	0.75442
57	104	0.752617
57	112	0.741075
57	113	0.774599
57	120	0.727362
57	128	0.792192
57	131	0.75547
57	132	0.760867
57	134	0.721877
57	148	0.748029
57	149	2.66559
57	155	2.97067
57	159	4.26084
57	168	0.64508
57	176	0.652666
58	24	0.821815
58	31	0.755236
58	35	0.850342
58	38	0.720045
58	39	0.734221
58	41	0.822041
58	44	0.822035
58	45	0.822013
58	47	0.821983
58	50	0.821955
58	56	0.885208
58	76	1.59134
58	109	1.80023
58	145	3.08887
58	164	4.16583
58	170	0.723228
59	26	0.803792
59	27	0.803792
59	64	0.753813
59	69	0.760588
59	74	0.815132
59	94	0.753462
59	96	0.786705
59	156	1.85674
59	161	0.789278
59	168	0.669834
59	170	0.699263
59	171	3.67855
59	173	3.49664
59	177	0.764693
60	6	0.840722
60	19	0.810642
60	20	0.810635
60	48	0.780558
60	61	0.728099
60	65	0.780605
60	70	0.751882
60	82	0.765583
60	84	0.76558
60	87	0.765573
60	121	1.15166
60	154	3.89511
60	170	3.54363
61	6	0.788238
61	19	0.758159
61	20	0.758151
61	46	0.726301
61	48	0.728074
61	60	0.728099
61	65	0.728122
61	66	0.734923
61	70	0.699398
61	80	0.689343
61	82	0.7131
61	84	0.713096
61	87	0.713089
61	89	0.721275
61	152	3.20716
61	170	3.69976
61	175	3.33042
62	49	0.793988
62	57	0.77413
62	66	1.9381
62	86	0.79689
62	104	0.795088
62	112	0.783546
62	113	0.81707
62	115	0.774533
62	120	0.769832
62	128	0.834662
62	131	0.797941
62	132	0.803338
62	133	3.10078
62	134	0.764347
62	170	4.23719
62	176	0.695137
62	177	1.96272
63	12	0.83177
63	14	0.839659
63	21	3.51867
63	52	0.780904
63	67	0.817825
63	72	0.752927
63	73	0.805014
63	75	0.799076
63	79	0.754495
63	88	0.777128
63	90	0.777119
63	138	1.42226
63	142	0.762407
63	148	0.789084
63	164	1.91848
63	166	0.712786
63	176	4.14735
64	10	0.7991
64	26	0.776438
64	27	0.776438
64	59	0.753813
64	69	0.733233
64	74	0.787778
64	94	0.726108
64	96	0.75935
64	107	0.674561
64	139	2.01794
64	141	1.71575
64	150	6.07567
64	161	0.761923
64	168	0.642479
64	170	0.671909
64	177	0.737338
65	6	0.840745
65	19	0.810665
65	20	0.810658
65	48	0.780581
65	60	0.780605
65	61	0.728122
65	70	0.751905
65	82	0.765606
65	84	0.765603
65	87	0.765596
65	151	3.07805
65	173	4.02926
65	177	1.45514
66	22	2.12293
66	30	0.778289
66	61	0.734923
66	62	1.9381
66	82	0.772408
66	84	0.772404
66	87	0.772397
66	88	0.767359
66	90	0.76735
66	102	1.19769
66	107	0.708448
66	153	0.75667
66	166	0.703017
66	178	0.678489
66	179	0.694457
66	180	0.694414
67	12	0.835826
67	17	0.751737
67	33	0.802147
67	52	0.784961
67	63	0.817825
67	72	0.756984
67	73	0.809071
67	75	0.803133
67	88	0.781184
67	90	0.781176
67	106	1.36141
67	107	3.6403
67	142	0.766463
67	148	0.79314
67	166	0.716843
67	176	3.83493
67	179	2.89649
68	1	0.735913
68	8	0.750439
68	34	0.789551
68	39	1.62735
68	81	1.07578
68	94	0.771981
68	96	0.805224
68	120	1.40639
68	168	0.688352
68	170	0.717782
68	173	0.719615
68	175	0.73501
68	177	0.783211
68	178	0.690476
68	179	0.706444
68	180	0.7064
69	10	0.805875
69	26	0.783213
69	27	0.783213
69	59	0.760588
69	64	0.733233
69	74	0.794553
69	94	0.732883
69	96	0.766126
69	137	2.84585
69	141	2.08683
69	161	0.768698
69	164	4.13501
69	168	0.649254
69	170	0.678684
69	177	0.744113
70	6	0.812022
70	19	0.781942
70	20	0.781935
70	48	0.751858
70	60	0.751882
70	61	0.699398
70	65	0.751905
70	80	0.713126
70	82	0.736883
70	84	0.73688
70	87	0.736873
70	89	0.745059
70	136	2.89798
70	142	3.48369
70	177	2.75883
71	84	1.39935
71	125	1.13993
71	127	0.898134
71	152	0.754507
71	154	0.731507
71	157	0.767914
71	162	0.752045
71	167	0.747848
71	169	0.709121
71	171	0.727304
71	173	0.714077
71	174	0.702564
71	175	0.729473
71	177	0.777674
71	178	0.684939
71	179	0.700907
71	180	0.700863
72	12	0.770928
72	14	0.778817
72	17	0.686839
72	33	0.737249
72	52	0.720063
72	63	0.752927
72	67	0.756984
72	73	0.744172
72	75	0.738234
72	88	0.716286
72	90	0.716278
72	111	2.33964
72	142	0.701565
72	148	0.728242
72	154	2.67299
72	166	0.651945
72	176	5.37314
73	14	0.830905
73	17	0.738926
73	33	0.789336
73	52	0.77215
73	63	0.805014
73	67	0.809071
73	72	0.744172
73	75	0.790322
73	79	0.74574
73	88	0.768373
73	90	0.768365
73	142	0.753652
73	148	0.780329
73	155	2.69336
73	156	2.34823
73	163	3.79087
73	166	0.704032
73	167	3.0436
74	10	0.860419
74	26	0.837757
74	27	0.837757
74	59	0.815132
74	64	0.787778
74	69	0.794553
74	94	0.787427
74	96	0.82067
74	108	1.35299
74	123	2.86745
74	151	2.3712
74	161	0.823243
74	168	0.703799
74	170	0.733228
74	174	4.54056
74	177	0.798658
75	12	0.817077
75	14	0.824967
75	17	0.732988
75	33	0.783398
75	52	0.766212
75	54	0.244287
75	63	0.799076
75	67	0.803133
75	72	0.738234
75	73	0.790322
75	88	0.762435
75	90	0.762427
75	142	0.747714
75	148	0.774391
75	149	1.21584
75	164	2.35915
75	166	0.698094
75	168	6.83242
76	58	1.59134
76	112	2.27192
76	118	1.20732
76	119	0.705366
76	142	0.745748
76	145	0.764974
76	150	0.689154
76	151	0.755719
76	157	0.754575
76	160	0.766015
76	164	0.731471
76	167	0.734508
76	173	0.700738
76	174	0.689225
76	175	0.716133
76	178	0.671599
76	179	0.687567
76	180	0.687523
77	97	0.820507
77	98	0.755679
77	105	0.793864
77	108	1.43209
77	112	0.777974
77	113	0.811498
77	115	0.768961
77	120	0.76426
77	128	0.82909
77	131	0.792369
77	132	0.797766
77	134	0.758775
77	135	3.20032
77	142	0.758251
77	153	2.15406
77	168	0.681978
77	176	0.689565
77	180	5.16559
78	92	0.734213
78	137	0.695163
78	155	0.659747
78	157	0.674127
78	159	0.627693
78	161	5.28569
78	166	0.61568
78	167	0.65406
78	169	0.615333
78	171	0.633517
78	172	0.641389
78	174	0.608777
78	175	0.635685
78	178	0.591152
78	179	0.607119
78	180	0.607076
79	1	0.674421
79	8	0.688947
79	32	0.749147
79	34	0.728059
79	63	0.754495
79	73	0.74574
79	88	0.717854
79	90	0.717846
79	113	0.756381
79	120	0.709143
79	131	0.737251
79	132	0.742649
79	134	0.703658
79	166	0.653513
79	167	2.57602
79	169	4.51913
79	171	3.70246
79	177	0.72172
80	1	0.678346
80	8	0.692872
80	32	0.753072
80	34	0.731984
80	61	0.689343
80	70	0.713126
80	82	0.726828
80	84	0.726824
80	87	0.726817
80	111	4.75498
80	116	0.722275
80	117	0.748666
80	124	0.699658
80	126	0.735194
80	127	0.729979
80	141	2.53177
80	149	3.43665
80	177	0.725644
81	29	0.797236
81	42	1.849
81	68	1.07578
81	91	0.763999
81	99	0.79386
81	100	0.744989
81	102	0.795924
81	116	0.756584
81	117	0.782974
81	118	0.783644
81	124	0.733966
81	125	0.764549
81	126	0.769503
81	127	0.764287
81	153	2.85396
81	154	4.15325
81	161	0.784538
81	166	0.691746
81	176	0.672681
82	6	0.825723
82	16	0.713339
82	19	0.795643
82	20	0.795636
82	46	0.763786
82	48	0.765559
82	60	0.765583
82	61	0.7131
82	65	0.765606
82	66	0.772408
82	70	0.736883
82	80	0.726828
82	84	0.750581
82	87	0.750574
82	89	0.75876
82	160	2.25654
82	163	4.33228
82	167	3.585
82	177	1.95542
83	86	0.776468
83	97	0.805657
83	98	0.740829
83	104	0.774666
83	105	0.779014
83	112	0.763124
83	113	0.796648
83	115	0.754111
83	120	0.74941
83	123	3.6411
83	128	0.81424
83	131	0.777519
83	132	0.782916
83	134	0.743925
83	139	1.89353
83	145	2.56256
83	168	0.667128
83	173	4.09606
83	176	0.674715
84	6	0.82572
84	16	0.713335
84	19	0.79564
84	20	0.795633
84	46	0.763782
84	48	0.765556
84	60	0.76558
84	61	0.713096
84	65	0.765603
84	66	0.772404
84	70	0.73688
84	71	1.39935
84	80	0.726824
84	82	0.750581
84	87	0.750571
84	89	0.758757
84	139	2.57931
84	145	3.24835
84	151	3.83064
85	34	2.83295
85	96	3.56733
85	101	0.742065
85	129	0.646494
85	135	0.689846
85	137	0.727098
85	152	0.692655
85	156	0.721465
85	159	0.659628
85	162	0.690193
85	164	0.682958
85	168	0.620963
85	171	0.665452
85	173	0.652225
85	174	0.640712
85	175	0.66762
85	178	0.623087
85	179	0.639054
85	180	0.639011
86	57	0.75442
86	62	0.79689
86	83	0.776468
86	97	0.806369
86	98	0.741541
86	104	0.775378
86	105	0.779726
86	111	2.90537
86	115	0.754823
86	120	0.750122
86	128	0.814952
86	131	0.778231
86	132	0.783628
86	134	0.744637
86	146	2.25588
86	163	2.98964
86	168	0.66784
86	169	4.18547
86	176	0.675427
87	6	0.825713
87	16	0.713328
87	19	0.795633
87	20	0.795626
87	46	0.763775
87	48	0.765549
87	53	2.1205
87	60	0.765573
87	61	0.713089
87	65	0.765596
87	66	0.772397
87	70	0.736873
87	80	0.726817
87	82	0.750574
87	84	0.750571
87	89	0.75875
87	146	2.14221
87	165	3.70833
87	173	3.07322
88	12	0.795129
88	14	0.803018
88	17	0.71104
88	33	0.76145
88	52	0.744264
88	63	0.777128
88	66	0.767359
88	67	0.781184
88	72	0.716286
88	73	0.768373
88	75	0.762435
88	79	0.717854
88	90	0.740479
88	123	2.9924
88	137	1.70166
88	142	0.725766
88	148	0.752443
88	150	5.30255
88	151	2.49615
88	166	0.676146
89	61	0.721275
89	70	0.745059
89	82	0.75876
89	84	0.758757
89	87	0.75875
89	98	0.736419
89	100	0.742613
89	117	0.780598
89	118	0.781268
89	122	2.48119
89	124	0.73159
89	125	0.762173
89	127	0.761911
89	131	0.773108
89	132	0.778505
89	134	0.739515
89	136	3.50312
89	140	2.08644
89	147	3.81076
89	176	0.670304
90	12	0.79512
90	14	0.80301
90	17	0.711031
90	33	0.761442
90	52	0.744255
90	63	0.777119
90	66	0.76735
90	67	0.781176
90	72	0.716278
90	73	0.768365
90	75	0.762427
90	79	0.717846
90	88	0.740479
90	133	1.74418
90	142	0.725758
90	148	0.752434
90	149	1.56239
90	166	0.676137
90	168	5.89967
90	179	3.69648
91	30	1.82316
91	43	0.750158
91	55	0.747207
91	81	0.763999
91	99	0.786171
91	100	0.737301
91	102	0.788236
91	109	2.19714
91	114	1.97752
91	116	0.748896
91	117	0.775286
91	118	0.775956
91	124	0.726278
91	125	0.756861
91	126	0.761815
91	127	0.756599
91	161	0.77685
91	166	0.684058
91	171	5.20119
91	176	0.664992
92	26	1.25982
92	78	0.734213
92	100	2.19575
92	125	0.74106
92	132	0.6605
92	151	0.789929
92	152	0.775378
92	154	0.752377
92	155	0.774404
92	156	0.804188
92	159	0.742351
92	164	0.765681
92	171	0.748175
92	172	0.756046
92	173	0.734948
92	174	0.723435
92	175	0.750343
92	178	0.705809
92	179	0.721777
92	180	0.721733
93	40	0.762644
93	49	0.762927
93	97	0.795018
93	98	0.73019
93	104	0.764027
93	105	0.768375
93	112	0.752485
93	113	0.786009
93	115	0.743472
93	120	0.738771
93	128	0.803601
93	130	3.07643
93	131	0.76688
93	132	0.772277
93	134	0.733286
93	157	1.48296
93	158	4.08296
93	168	0.656489
93	174	4.04949
93	176	0.664076
94	10	0.798749
94	26	0.776087
94	27	0.776087
94	35	0.798672
94	51	1.02025
94	56	0.833538
94	59	0.753462
94	64	0.726108
94	68	0.771981
94	69	0.732883
94	74	0.787427
94	96	0.759
94	107	0.674211
94	110	1.73135
94	161	0.761573
94	164	4.12674
94	166	4.31452
94	168	0.642129
94	170	0.671558
94	177	0.736988
95	8	2.0414
95	17	2.59986
95	40	1.38616
95	110	0.871066
95	112	0.215063
95	141	0.83343
95	145	0.829281
95	154	0.782475
95	157	0.818882
95	158	0.772281
95	161	0.0185301
95	162	0.803013
95	165	0.771664
95	167	0.798816
95	169	0.760089
95	172	0.786144
95	174	0.753532
95	175	0.78044
95	178	0.735907
95	179	0.751875
95	180	0.751831
96	10	0.831992
96	26	0.80933
96	27	0.80933
96	59	0.786705
96	64	0.75935
96	68	0.805224
96	69	0.766126
96	74	0.82067
96	85	3.56733
96	94	0.759
96	107	0.707454
96	122	1.3585
96	142	2.17603
96	161	0.794815
96	168	0.675372
96	170	0.704801
96	175	3.3563
96	177	0.77023
97	40	0.803184
97	77	0.820507
97	83	0.805657
97	86	0.806369
97	93	0.795018
97	98	0.77073
97	104	0.804566
97	105	0.808914
97	113	0.826549
97	115	0.784012
97	120	0.779311
97	129	5.91006
97	131	0.80742
97	132	0.812817
97	134	0.773826
97	138	1.10889
97	144	1.26862
97	168	0.697029
97	171	3.15593
97	172	2.533
97	176	0.704616
98	49	0.738639
98	77	0.755679
98	83	0.740829
98	86	0.741541
98	89	0.736419
98	93	0.73019
98	97	0.77073
98	104	0.739739
98	105	0.744087
98	112	0.728197
98	113	0.761721
98	115	0.719184
98	120	0.714483
98	128	0.779313
98	131	0.742592
98	133	2.43559
98	134	0.708998
98	142	0.708474
98	155	2.57688
98	164	3.41511
98	169	4.87023
98	176	0.639788
99	23	0.752211
99	43	0.780018
99	53	1.47984
99	55	0.777068
99	81	0.79386
99	91	0.786171
99	100	0.767161
99	102	0.818096
99	106	2.71101
99	116	0.778756
99	117	0.805147
99	118	0.805816
99	124	0.756138
99	125	0.786721
99	126	0.791675
99	127	0.786459
99	158	3.68417
99	161	0.80671
99	165	3.06767
99	166	0.713918
99	171	2.61446
99	176	0.694853
100	23	0.70334
100	29	0.770537
100	55	0.728197
100	81	0.744989
100	89	0.742613
100	91	0.737301
100	92	2.19575
100	99	0.767161
100	102	0.769225
100	116	0.729885
100	117	0.756276
100	118	0.756945
100	122	2.52022
100	124	0.707267
100	125	0.73785
100	126	0.742804
100	127	0.737588
100	144	3.35808
100	147	3.84979
100	161	0.757839
100	166	0.665047
100	176	0.645982
101	5	1.21026
101	6	1.81495
101	85	0.742065
101	112	2.36025
101	122	0.784367
101	128	1.25242
101	130	0.74474
101	135	0.748485
101	149	0.783726
101	153	0.759907
101	157	0.764702
101	163	0.728373
101	164	0.741598
101	165	0.717484
101	167	0.744635
101	169	0.705908
101	172	0.731964
101	174	0.699352
101	175	0.72626
101	178	0.681727
101	179	0.697694
101	180	0.697651
102	43	0.782082
102	55	0.779132
102	66	1.19769
102	81	0.795924
102	91	0.788236
102	99	0.818096
102	100	0.769225
102	107	0.721413
102	116	0.78082
102	117	0.807211
102	118	0.80788
102	124	0.758203
102	125	0.788785
102	126	0.793739
102	127	0.788524
102	133	2.36037
102	136	1.36146
102	161	0.808774
102	162	2.77573
102	166	0.715982
102	176	0.696917
102	180	5.5605
103	7	1.853
103	11	0.785464
103	16	2.53196
103	113	0.0930304
103	125	2.06143
103	139	0.768894
103	144	0.764736
103	151	0.759394
103	153	0.753455
103	156	0.773653
103	162	0.742381
103	163	0.721921
103	165	0.711032
103	167	0.738183
103	171	0.71764
103	172	0.725511
103	174	0.6929
103	175	0.719808
103	177	0.768009
103	178	0.675274
103	179	0.691242
103	180	0.691199
104	40	0.772193
104	49	0.772475
104	57	0.752617
104	62	0.795088
104	83	0.774666
104	86	0.775378
104	93	0.764027
104	97	0.804566
104	98	0.739739
104	105	0.777923
104	112	0.762033
104	115	0.75302
104	128	0.81315
104	131	0.776428
104	132	0.781825
104	134	0.742834
104	146	3.35539
104	147	2.15908
104	148	0.768987
104	149	2.68655
104	156	2.6465
104	166	4.01763
104	176	0.673624
105	40	0.776541
105	77	0.793864
105	83	0.779014
105	86	0.779726
105	93	0.768375
105	97	0.808914
105	98	0.744087
105	104	0.777923
105	107	5.5597
105	108	2.01869
105	112	0.766381
105	113	0.799905
105	120	0.752668
105	128	0.817498
105	131	0.780776
105	132	0.786173
105	134	0.747183
105	145	1.46885
105	148	0.773335
105	156	1.36245
105	168	0.670386
105	176	0.677972
105	179	4.81589
106	53	0.732094
106	67	1.36141
106	99	2.71101
106	119	0.676296
106	126	3.94649
106	141	0.740053
106	147	0.72365
106	150	0.660084
106	153	0.720709
106	158	0.678904
106	159	0.679071
106	160	0.736944
106	162	0.709635
106	164	0.7024
106	165	0.678286
106	169	0.666711
106	171	0.684895
106	172	0.692766
106	173	0.671668
106	175	0.687063
106	178	0.642529
106	179	0.658497
106	180	0.658453
107	64	0.674561
107	66	0.708448
107	67	3.6403
107	94	0.674211
107	96	0.707454
107	102	0.721413
107	105	5.5597
107	111	0.658882
107	116	0.682073
107	119	0.626473
107	124	0.659455
107	126	0.694991
107	127	0.689776
107	156	0.691085
107	164	0.652578
107	168	0.590583
107	170	0.620012
107	174	0.610332
107	175	0.63724
107	176	0.598169
107	177	0.685441
107	179	0.608674
107	180	0.608631
108	36	1.39105
108	74	1.35299
108	77	1.43209
108	105	2.01869
108	121	0.85031
108	122	0.810409
108	124	2.23628
108	130	0.770783
108	150	0.725324
108	152	0.777337
108	154	0.754337
108	160	0.802184
108	162	0.774875
108	163	0.754415
108	167	0.770678
108	169	0.731951
108	171	0.750134
108	172	0.758006
108	173	0.736908
108	174	0.725394
108	175	0.752303
108	178	0.707769
108	179	0.723737
108	180	0.723693
109	43	2.06955
109	50	1.66652
109	58	1.80023
109	91	2.19714
109	134	0.717071
109	135	0.771734
109	137	0.808987
109	139	0.798595
109	147	0.786096
109	155	0.77357
109	156	0.803354
109	157	0.787951
109	159	0.741517
109	162	0.772082
109	163	0.751622
109	167	0.767884
109	169	0.729157
109	172	0.755213
109	173	0.734114
109	174	0.722601
109	175	0.749509
109	178	0.704976
109	179	0.720943
109	180	0.7209
110	29	2.45839
110	51	0.84451
110	94	1.73135
110	95	0.871066
110	117	1.18384
110	123	0.770604
110	126	0.8161
110	150	0.715462
110	152	0.767476
110	155	0.766502
110	157	0.780883
110	158	0.734282
110	159	0.734449
110	161	0.387708
110	165	0.733664
110	167	0.760816
110	169	0.722089
110	171	0.740273
110	172	0.748144
110	173	0.727046
110	174	0.715533
110	175	0.742441
110	178	0.697907
110	179	0.713875
110	180	0.713831
111	51	0.775527
111	72	2.33964
111	80	4.75498
111	86	2.90537
111	107	0.658882
111	123	0.701621
111	129	0.652331
111	130	0.691938
111	141	0.726447
111	147	0.710044
111	150	0.646479
111	152	0.698492
111	153	0.707104
111	158	0.665298
111	160	0.723339
111	162	0.69603
111	163	0.67557
111	169	0.653106
111	171	0.671289
111	172	0.679161
111	173	0.658062
111	174	0.646549
111	175	0.673457
111	179	0.644892
111	180	0.644848
112	40	0.760651
112	49	0.760933
112	57	0.741075
112	62	0.783546
112	76	2.27192
112	77	0.777974
112	83	0.763124
112	93	0.752485
112	95	0.215063
112	98	0.728197
112	101	2.36025
112	104	0.762033
112	105	0.766381
112	113	0.784015
112	115	0.741478
112	120	0.736778
112	128	0.801608
112	131	0.764886
112	132	0.770283
112	134	0.731293
112	148	0.757445
112	168	0.654496
112	175	4.63396
112	176	0.662082
112	177	2.72883
113	51	0.0876326
113	57	0.774599
113	62	0.81707
113	77	0.811498
113	79	0.756381
113	83	0.796648
113	93	0.786009
113	97	0.826549
113	98	0.761721
113	103	0.0930304
113	105	0.799905
113	112	0.784015
113	115	0.775002
113	120	0.770302
113	123	2.09905
113	128	0.835132
113	131	0.79841
113	132	0.803808
113	134	0.764817
113	142	0.764292
113	148	0.790969
113	168	0.68802
113	172	2.11299
113	174	3.77217
113	176	0.695607
113	178	7.01816
114	8	4.08753
114	46	1.77821
114	91	1.97752
114	122	0.764772
114	125	1.48066
114	129	0.685539
114	144	0.751594
114	146	0.735372
114	150	0.679687
114	155	0.730727
114	157	0.745107
114	159	0.698674
114	160	0.756547
114	163	0.708778
114	164	0.722003
114	165	0.697889
114	167	0.725041
114	169	0.686314
114	171	0.704497
114	172	0.712369
114	173	0.691271
114	174	0.679757
114	175	0.706666
114	178	0.662132
114	179	0.6781
114	180	0.678056
115	40	0.751638
115	49	0.75192
115	62	0.774533
115	77	0.768961
115	83	0.754111
115	86	0.754823
115	93	0.743472
115	97	0.784012
115	98	0.719184
115	104	0.75302
115	112	0.741478
115	113	0.775002
115	120	0.727765
115	128	0.792595
115	131	0.755873
115	132	0.76127
115	134	0.72228
115	135	3.59762
115	142	0.721755
115	147	1.67149
115	148	0.748432
115	155	2.50404
115	167	2.85428
115	168	0.645483
115	176	0.653069
115	180	5.56289
116	11	1.13496
116	13	0.810016
116	23	0.714935
116	29	0.782132
116	43	0.742742
116	55	0.739792
116	80	0.722275
116	81	0.756584
116	91	0.748896
116	99	0.778756
116	100	0.729885
116	102	0.78082
116	107	0.682073
116	117	0.767871
116	118	0.76854
116	124	0.718863
116	125	0.749445
116	126	0.754399
116	127	0.749184
116	153	2.54368
116	161	0.769434
116	162	2.77044
116	163	3.59388
116	166	0.676642
116	174	5.00929
116	176	0.657577
117	11	1.37959
117	13	0.836407
117	23	0.741325
117	29	0.808523
117	43	0.769133
117	55	0.766182
117	80	0.748666
117	81	0.782974
117	89	0.780598
117	91	0.775286
117	99	0.805147
117	100	0.756276
117	102	0.807211
117	110	1.18384
117	116	0.767871
117	118	0.794931
117	124	0.745253
117	125	0.775836
117	126	0.78079
117	127	0.775574
117	139	1.83323
117	146	3.10476
117	154	4.0876
117	161	0.795825
117	166	0.703033
117	170	3.73612
117	176	0.683967
118	13	0.837076
118	16	0.735847
118	23	0.741995
118	29	0.809193
118	43	0.769803
118	55	0.766852
118	76	1.20732
118	81	0.783644
118	89	0.781268
118	91	0.775956
118	99	0.805816
118	100	0.756945
118	102	0.80788
118	116	0.76854
118	117	0.794931
118	124	0.745923
118	125	0.776506
118	126	0.781459
118	127	0.776244
118	135	4.03716
118	142	2.38909
118	144	1.61931
118	158	5.48996
118	161	0.796494
118	166	0.703702
118	176	0.684637
118	177	1.66423
119	52	5.05148
119	76	0.705366
119	106	0.676296
119	107	0.626473
119	127	4.17774
119	129	0.619922
119	130	0.659528
119	133	0.694408
119	135	0.663273
119	138	0.732415
119	143	0.629019
119	154	0.643082
119	157	0.67949
119	158	0.632889
119	159	0.633056
119	160	0.69093
119	163	0.643161
119	164	0.656386
119	167	0.659423
119	169	0.620696
119	172	0.646752
119	173	0.625653
119	175	0.641048
119	178	0.596515
119	179	0.612482
119	180	0.612439
120	49	0.74722
120	57	0.727362
120	62	0.769832
120	68	1.40639
120	77	0.76426
120	79	0.709143
120	83	0.74941
120	86	0.750122
120	93	0.738771
120	97	0.779311
120	98	0.714483
120	105	0.752668
120	112	0.736778
120	113	0.770302
120	115	0.727765
120	128	0.787894
120	131	0.751173
120	132	0.75657
120	134	0.717579
120	141	1.9273
120	142	0.717055
120	148	0.743732
120	159	4.42743
120	166	4.16326
120	167	3.48749
120	168	0.640782
120	176	0.648369
121	14	1.48656
121	27	1.76653
121	47	2.19464
121	55	1.91763
121	60	1.15166
121	108	0.85031
121	122	0.807929
121	124	1.51409
121	140	0.836477
121	141	0.802813
121	143	0.737794
121	146	0.77853
121	153	0.78347
121	155	0.773884
121	156	0.803668
121	157	0.788265
121	159	0.741831
121	163	0.751936
121	164	0.76516
121	165	0.741046
121	169	0.729471
121	171	0.747655
121	172	0.755526
121	173	0.734428
121	174	0.722915
121	178	0.705289
121	179	0.721257
121	180	0.721213
122	49	2.69847
122	89	2.48119
122	96	1.3585
122	100	2.52022
122	101	0.784367
122	108	0.810409
122	114	0.764772
122	121	0.807929
122	125	1.06553
122	143	0.697893
122	144	0.75485
122	149	0.767388
122	151	0.749508
122	155	0.733983
122	156	0.763767
122	159	0.70193
122	160	0.759803
122	163	0.712035
122	164	0.725259
122	165	0.701145
122	167	0.728297
122	169	0.68957
122	172	0.715625
122	173	0.694527
122	175	0.709922
122	178	0.665388
122	179	0.681356
122	180	0.681312
123	53	0.72501
123	74	2.86745
123	83	3.6411
123	88	2.9924
123	110	0.770604
123	111	0.701621
123	113	2.09905
123	138	0.771346
123	139	0.729065
123	140	0.766633
123	146	0.708686
123	149	0.737445
123	152	0.705014
123	153	0.713625
123	154	0.682013
123	158	0.67182
123	160	0.72986
123	164	0.695316
123	165	0.671202
123	169	0.659627
123	170	0.662751
123	171	0.677811
123	172	0.685682
123	173	0.664584
123	174	0.653071
123	175	0.679979
123	178	0.635445
123	179	0.651413
123	180	0.651369
124	13	0.787399
124	23	0.692317
124	29	0.759515
124	35	0.783916
124	43	0.720125
124	46	0.736616
124	55	0.717174
124	80	0.699658
124	81	0.733966
124	89	0.73159
124	91	0.726278
124	99	0.756138
124	100	0.707267
124	102	0.758203
124	107	0.659455
124	108	2.23628
124	116	0.718863
124	117	0.745253
124	118	0.745923
124	121	1.51409
124	125	0.726828
124	126	0.731781
124	127	0.726566
124	153	2.95825
124	161	0.746816
124	165	4.84082
124	166	0.654025
124	175	3.53672
124	176	0.634959
125	13	0.817981
125	16	0.716752
125	23	0.7229
125	29	0.790098
125	35	0.814499
125	43	0.750708
125	46	0.767199
125	55	0.747757
125	71	1.13993
125	81	0.764549
125	89	0.762173
125	91	0.756861
125	92	0.74106
125	99	0.786721
125	100	0.73785
125	102	0.788785
125	103	2.06143
125	114	1.48066
125	116	0.749445
125	117	0.775836
125	118	0.776506
125	122	1.06553
125	124	0.726828
125	126	0.762364
125	127	0.757149
125	161	0.777399
125	166	0.684607
125	176	0.665542
125	179	6.33596
126	13	0.822935
126	16	0.721705
126	23	0.727854
126	29	0.795051
126	35	0.819452
126	42	1.41561
126	43	0.755661
126	55	0.752711
126	80	0.735194
126	81	0.769503
126	91	0.761815
126	99	0.791675
126	100	0.742804
126	102	0.793739
126	106	3.94649
126	107	0.694991
126	110	0.8161
126	116	0.754399
126	117	0.78079
126	118	0.781459
126	124	0.731781
126	125	0.762364
126	127	0.762102
126	130	3.91312
126	157	2.31965
126	161	0.782353
126	166	0.689561
126	167	2.7235
126	176	0.670496
127	13	0.817719
127	16	0.71649
127	23	0.722638
127	29	0.789836
127	43	0.750446
127	46	0.766937
127	55	0.747495
127	71	0.898134
127	80	0.729979
127	81	0.764287
127	89	0.761911
127	91	0.756599
127	99	0.786459
127	100	0.737588
127	102	0.788524
127	107	0.689776
127	116	0.749184
127	117	0.775574
127	118	0.776244
127	119	4.17774
127	124	0.726566
127	125	0.757149
127	126	0.762102
127	137	2.53493
127	140	1.26945
127	152	3.48839
127	161	0.777137
127	166	0.684346
127	172	3.8396
127	176	0.66528
128	21	0.734662
128	40	0.811767
128	49	0.81205
128	56	0.897022
128	57	0.792192
128	62	0.834662
128	77	0.82909
128	83	0.81424
128	86	0.814952
128	93	0.803601
128	98	0.779313
128	101	1.25242
128	104	0.81315
128	105	0.817498
128	112	0.801608
128	113	0.835132
128	115	0.792595
128	120	0.787894
128	131	0.816003
128	132	0.8214
128	133	2.75907
128	134	0.782409
128	139	1.99259
128	142	0.781885
128	148	0.808562
128	149	2.59527
128	152	3.40288
128	156	2.55522
128	162	3.17443
128	167	3.25059
128	168	0.705612
128	176	0.713199
129	85	0.646494
129	97	5.91006
129	111	0.652331
129	114	0.685539
129	119	0.619922
129	137	0.690167
129	138	0.722056
129	145	0.67953
129	147	0.667276
129	149	0.688155
129	150	0.603711
129	154	0.632723
129	157	0.669131
129	158	0.62253
129	159	0.622697
129	160	0.680571
129	161	5.37563
129	162	0.653262
129	163	0.632802
129	164	0.646027
129	165	0.621913
129	167	0.649064
129	169	0.610337
129	171	0.628521
129	172	0.636393
129	173	0.615294
129	174	0.603781
129	175	0.630689
129	178	0.586156
129	179	0.602123
129	180	0.60208
130	25	1.80129
130	37	3.60917
130	42	0.715903
130	93	3.07643
130	101	0.74474
130	108	0.770783
130	111	0.691938
130	119	0.659528
130	126	3.91312
130	137	0.729774
130	138	0.761663
130	146	0.699002
130	149	0.727761
130	153	0.703942
130	154	0.67233
130	155	0.694357
130	156	0.724141
130	159	0.662303
130	160	0.720177
130	162	0.692868
130	163	0.672408
130	164	0.685633
130	169	0.649944
130	171	0.668127
130	172	0.675999
130	173	0.6549
130	174	0.643387
130	175	0.670296
130	178	0.625762
130	179	0.64173
130	180	0.641686
131	3	1.20552
131	40	0.775046
131	56	0.8603
131	57	0.75547
131	62	0.797941
131	77	0.792369
131	79	0.737251
131	83	0.777519
131	86	0.778231
131	89	0.773108
131	93	0.76688
131	97	0.80742
131	98	0.742592
131	104	0.776428
131	105	0.780776
131	112	0.764886
131	113	0.79841
131	115	0.755873
131	120	0.751173
131	128	0.816003
131	132	0.784678
131	134	0.745688
131	142	0.745163
131	144	1.92628
131	148	0.77184
131	155	3.25055
131	156	2.90541
131	160	2.27233
131	168	0.668891
131	172	4.10429
131	175	3.87633
131	176	0.676477
132	21	0.703338
132	30	1.24574
132	40	0.780443
132	49	0.780725
132	57	0.760867
132	62	0.803338
132	77	0.797766
132	79	0.742649
132	83	0.782916
132	86	0.783628
132	89	0.778505
132	92	0.6605
132	93	0.772277
132	97	0.812817
132	104	0.781825
132	105	0.786173
132	112	0.770283
132	113	0.803808
132	115	0.76127
132	120	0.75657
132	128	0.8214
132	131	0.784678
132	134	0.751085
132	138	2.57673
132	142	0.75056
132	147	2.31454
132	148	0.777237
132	157	3.09348
132	162	3.42116
132	165	5.07697
132	168	0.674288
132	176	0.681875
133	62	3.10078
133	90	1.74418
133	98	2.43559
133	102	2.36037
133	119	0.694408
133	128	2.75907
133	139	0.754261
133	140	0.791829
133	141	0.758165
133	142	0.73479
133	147	0.741762
133	149	0.762641
133	153	0.738822
133	155	0.729236
133	157	0.743617
133	158	0.697016
133	160	0.755057
133	163	0.707288
133	164	0.720512
133	165	0.696398
133	167	0.72355
133	169	0.684823
133	171	0.703007
133	172	0.710878
133	173	0.68978
133	174	0.678267
133	175	0.705175
133	176	0.666104
133	178	0.660641
133	179	0.676609
133	180	0.676565
134	21	0.664347
134	40	0.741452
134	49	0.741735
134	56	0.826706
134	57	0.721877
134	62	0.764347
134	77	0.758775
134	79	0.703658
134	83	0.743925
134	86	0.744637
134	89	0.739515
134	93	0.733286
134	97	0.773826
134	98	0.708998
134	104	0.742834
134	105	0.747183
134	109	0.717071
134	112	0.731293
134	113	0.764817
134	115	0.72228
134	120	0.717579
134	128	0.782409
134	131	0.745688
134	132	0.751085
134	142	0.71157
134	143	4.66002
134	148	0.738246
134	154	3.59104
134	157	2.19083
134	168	0.635297
134	172	3.09818
134	174	4.75736
134	176	0.642884
135	18	2.3649
135	77	3.20032
135	85	0.689846
135	101	0.748485
135	109	0.771734
135	115	3.59762
135	118	4.03716
135	119	0.663273
135	136	0.736463
135	143	0.662012
135	149	0.731506
135	153	0.707687
135	154	0.676075
135	158	0.665881
135	159	0.666049
135	160	0.723922
135	162	0.696613
135	163	0.676153
135	164	0.689378
135	165	0.665264
135	166	0.654035
135	167	0.692416
135	169	0.653689
135	170	0.656813
135	171	0.671872
135	172	0.679744
135	173	0.658645
135	174	0.647132
135	175	0.674041
135	177	0.722242
135	178	0.629507
135	179	0.645475
135	180	0.645431
136	12	1.0056
136	29	2.87536
136	41	1.95647
136	70	2.89798
136	89	3.50312
136	102	1.36146
136	135	0.736463
136	137	0.773716
136	140	0.800892
136	143	0.702209
136	144	0.759166
136	145	0.763079
136	146	0.742945
136	147	0.750825
136	149	0.771704
136	155	0.738299
136	156	0.768083
136	157	0.75268
136	159	0.706246
136	160	0.76412
136	162	0.736811
136	163	0.716351
136	164	0.729576
136	165	0.705462
136	167	0.732613
136	169	0.693886
136	170	0.69701
136	171	0.71207
136	172	0.719942
136	173	0.698843
136	174	0.68733
136	178	0.669705
136	179	0.685672
136	180	0.685629
137	21	0.693685
137	40	3.96628
137	44	1.03336
137	48	1.91793
137	69	2.84585
137	78	0.695163
137	85	0.727098
137	88	1.70166
137	109	0.808987
137	127	2.53493
137	129	0.690167
137	130	0.729774
137	136	0.773716
137	138	0.802661
137	139	0.76038
137	149	0.768759
137	150	0.684315
137	154	0.713328
137	155	0.735355
137	156	0.765138
137	159	0.703301
137	160	0.761175
137	163	0.713406
137	164	0.726631
137	165	0.702517
137	167	0.729669
137	169	0.690942
137	171	0.709125
137	172	0.716997
137	173	0.695898
137	175	0.711293
137	177	0.759495
137	178	0.66676
137	179	0.682728
137	180	0.682684
138	25	1.85952
138	40	3.84685
138	41	1.49698
138	63	1.42226
138	97	1.10889
138	119	0.732415
138	123	0.771346
138	129	0.722056
138	130	0.761663
138	132	2.57673
138	137	0.802661
138	139	0.792269
138	144	0.788111
138	150	0.716204
138	152	0.768217
138	153	0.776829
138	156	0.797028
138	157	0.781624
138	158	0.735023
138	159	0.73519
138	160	0.793064
