1	50	2.29074
1	111	0.709349
1	144	1.39745
1	155	0.758474
1	163	0.765993
1	169	0.72642
1	172	0.733236
1	174	0.679458
1	176	0.714299
1	178	0.721155
1	179	0.711865
1	180	0.680067
2	13	0.701626
2	74	0.651417
2	85	0.624843
2	93	0.66484
2	94	0.701425
2	95	0.664828
2	99	0.664802
2	100	5.29364
2	148	0.618719
2	149	0.663197
2	157	0.667023
2	158	0.577034
3	11	0.847974
3	14	0.683401
3	19	0.848042
3	23	0.713058
3	24	0.733675
3	27	0.743622
3	32	0.743535
3	36	5.6
3	67	1.58147
3	106	0.686051
4	9	0.679441
4	16	0.749092
4	17	0.7465
4	18	0.746254
4	20	0.746301
4	22	0.670899
4	31	0.730882
4	118	0.699681
4	146	0.702525
4	149	0.726419
4	157	2.05187
4	180	3.84593
5	42	0.803972
5	74	0.79934
5	85	0.772766
5	93	0.812763
5	94	0.849348
5	95	0.812751
5	99	0.812725
5	109	1.5833
5	116	2.56805
5	143	1.99064
5	149	0.811119
5	158	0.724957
6	63	0.766569
6	102	0.71838
6	109	2.60214
6	139	0.715969
6	151	0.729735
6	154	3.07824
6	159	0.711087
6	160	0.734086
6	161	0.720399
6	166	0.726816
6	168	0.718534
6	177	0.658932
7	34	0.811831
7	41	0.811887
7	45	0.811953
7	55	0.785518
7	56	0.800142
7	64	0.785662
7	73	0.773301
7	79	0.819432
7	157	0.78484
7	161	0.798305
7	165	4.04317
7	177	1.8259
8	14	0.707905
8	27	0.768127
8	32	0.76804
8	51	1.35585
8	53	2.10701
8	60	0.726772
8	115	0.780711
8	176	0.72722
8	177	0.706187
8	179	0.724786
8	180	0.692988
9	4	0.679441
9	16	0.736653
9	17	0.734062
9	18	0.733816
9	20	0.733863
9	22	0.658461
9	26	0.79967
9	31	0.718444
9	146	0.690086
9	149	0.713981
9	169	2.70302
9	176	3.13002
10	53	1.61649
10	81	2.30044
10	113	0.714195
10	156	0.750835
10	164	0.753356
10	170	0.733622
10	172	0.731866
10	173	0.729306
10	174	0.678089
10	178	0.719785
10	179	0.710495
10	180	0.678697
11	3	0.847974
11	14	0.79797
11	19	0.962611
11	23	0.827627
11	24	0.848244
11	27	0.858192
11	32	0.858105
11	167	1.89725
11	177	2.67995
11	178	1.15167
12	30	0.800675
12	37	0.727685
12	43	0.784468
12	51	0.779574
12	62	0.835948
12	69	0.826869
12	84	0.799139
12	136	4.57425
12	146	0.764162
12	161	0.784025
12	165	0.696909
12	173	0.566078
12	177	1.82596
13	2	0.701626
13	42	0.792242
13	47	2.38493
13	74	0.78761
13	85	0.761036
13	93	0.801033
13	94	0.837618
13	95	0.801021
13	99	0.800995
13	109	1.76094
13	129	2.40174
13	157	0.803216
13	158	0.713227
14	3	0.683401
14	8	0.707905
14	11	0.79797
14	19	0.798038
14	23	0.663054
14	24	0.683671
14	25	0.726958
14	27	0.693619
14	32	0.693532
14	49	0.713473
14	106	0.636048
14	146	2.23723
14	177	4.14474
15	93	0.765629
15	110	1.78657
15	117	1.05635
15	153	0.829473
15	155	0.813259
15	163	0.820778
15	167	0.768034
15	172	0.788021
15	174	0.734243
15	176	0.769084
15	178	0.77594
15	179	0.76665
15	180	0.734852
16	4	0.749092
16	9	0.736653
16	17	0.803713
16	18	0.803467
16	20	0.803514
16	22	0.728112
16	26	0.869321
16	31	0.788095
16	118	0.756894
16	146	0.759737
16	157	2.00289
16	162	1.19083
16	177	3.70141
17	4	0.7465
17	9	0.734062
17	16	0.803713
17	18	0.800875
17	20	0.800922
17	22	0.72552
17	26	0.86673
17	31	0.785503
17	118	0.754303
17	120	0.984689
17	149	0.78104
17	171	1.19574
17	175	4.58926
18	4	0.746254
18	9	0.733816
18	16	0.803467
18	17	0.800875
18	20	0.800677
18	22	0.725274
18	26	0.866484
18	31	0.785257
18	109	1.23009
18	126	2.95811
18	137	2.41327
18	146	0.7569
18	149	0.780795
19	3	0.848042
19	11	0.962611
19	14	0.798038
19	23	0.827696
19	24	0.848312
19	27	0.85826
19	32	0.858173
19	88	1.77686
19	156	2.22196
19	162	1.49758
20	4	0.746301
20	9	0.733863
20	16	0.803514
20	17	0.800922
20	18	0.800677
20	22	0.725321
20	26	0.866531
20	31	0.785304
20	146	0.756947
20	147	2.16355
20	149	0.780842
20	172	0.936443
20	175	3.73142
21	86	0.841286
21	93	1.09087
21	120	0.809294
21	124	0.811097
21	151	1.51602
21	152	0.941614
21	169	0.775577
21	171	0.813645
21	175	0.725332
21	176	0.763456
21	178	0.770312
21	179	0.761022
21	180	0.729224
22	4	0.670899
22	9	0.658461
22	16	0.728112
22	17	0.72552
22	18	0.725274
22	20	0.725321
22	26	0.791129
22	31	0.709902
22	118	0.678702
22	146	0.681545
22	149	0.705439
22	156	1.18584
22	165	5.18931
23	3	0.713058
23	11	0.827627
23	14	0.663054
23	19	0.827696
23	24	0.713328
23	27	0.723276
23	32	0.723189
23	49	0.743131
23	106	0.665705
23	171	2.23763
23	176	3.19636
24	3	0.733675
24	11	0.848244
24	14	0.683671
24	19	0.848312
24	23	0.713328
24	27	0.743893
24	32	0.743806
24	67	1.46095
24	76	3.42152
24	106	0.686322
25	14	0.726958
25	27	0.787179
25	32	0.787093
25	63	0.725871
25	85	0.752386
25	93	0.792383
25	95	0.792371
25	99	0.792345
25	115	1.55692
25	122	1.84533
25	173	0.76265
25	178	0.753129
25	179	0.743838
25	180	0.712041
26	9	0.79967
26	16	0.869321
26	17	0.86673
26	18	0.866484
26	20	0.866531
26	22	0.791129
26	31	0.851112
26	118	0.819911
26	131	0.807824
26	146	0.822754
26	149	0.846649
26	157	0.915684
26	158	4.69596
26	167	1.83152
27	3	0.743622
27	8	0.768127
27	11	0.858192
27	14	0.693619
27	19	0.85826
27	23	0.723276
27	24	0.743893
27	25	0.787179
27	32	0.753754
27	49	0.773695
27	106	0.696269
27	118	2.22694
27	146	2.2972
27	178	2.67643
28	43	0.715894
28	59	0.709503
28	63	2.1553
28	69	0.758294
28	84	0.730564
28	101	0.709138
28	108	0.703859
28	115	0.728507
28	128	2.46952
28	170	0.695709
28	177	0.653983
28	178	0.681872
28	179	0.672582
28	180	0.640784
29	30	0.779341
29	43	0.763135
29	51	0.758241
29	53	0.762904
29	59	0.756744
29	62	0.814614
29	69	0.805535
29	84	0.777805
29	125	0.684011
29	146	0.742829
29	158	3.99833
29	161	0.762691
29	165	0.675575
29	175	2.7215
30	12	0.800675
30	29	0.779341
30	37	0.713205
30	51	0.765095
30	53	0.769758
30	59	0.763598
30	62	0.821468
30	65	2.40621
30	84	0.78466
30	130	1.48814
30	146	0.749683
30	161	0.769545
30	165	0.682429
30	179	3.25894
31	4	0.730882
31	9	0.718444
31	16	0.788095
31	17	0.785503
31	18	0.785257
31	20	0.785304
31	22	0.709902
31	26	0.851112
31	100	0.57532
31	118	0.738684
31	146	0.741527
31	147	4.14125
31	149	0.765422
31	163	2.45118
32	3	0.743535
32	8	0.76804
32	11	0.858105
32	14	0.693532
32	19	0.858173
32	23	0.723189
32	24	0.743806
32	25	0.787093
32	27	0.753754
32	39	0.786354
32	49	0.773608
32	106	0.696183
32	158	4.38615
32	177	2.3044
33	67	0.791457
33	111	0.684309
33	134	2.40147
33	141	2.24669
33	163	0.740953
33	169	0.701379
33	170	0.709951
33	171	0.739447
33	174	0.654418
33	175	0.651134
33	176	0.689259
33	178	0.696115
33	179	0.686824
33	180	0.655027
34	7	0.811831
34	41	0.780003
34	45	0.780069
34	55	0.753634
34	56	0.768259
34	64	0.753778
34	73	0.741418
34	79	0.787548
34	124	2.41225
34	147	0.729603
34	148	0.725976
34	153	1.89284
34	161	0.766421
34	178	2.86881
35	78	1.84233
35	110	2.7796
35	124	0.735673
35	133	0.733132
35	143	0.758951
35	169	0.700153
35	170	0.708724
35	171	0.73822
35	174	0.653191
35	175	0.649907
35	176	0.688032
35	178	0.694888
35	179	0.685598
35	180	0.6538
36	3	5.6
36	85	0.628797
36	93	0.668793
36	95	0.668781
36	99	0.668755
36	140	0.59027
36	144	0.666638
36	156	0.660589
36	163	0.674378
36	166	0.669534
36	168	0.661252
36	169	0.634804
36	179	0.620249
36	180	0.588451
37	12	0.727685
37	30	0.713205
37	43	0.696999
37	51	0.692105
37	53	0.696768
37	59	0.690608
37	62	0.748478
37	69	0.739399
37	84	0.711669
37	125	2.79141
37	146	0.676692
37	161	0.696555
37	165	0.609439
37	177	4.02398
38	48	0.761802
38	57	0.808806
38	66	0.746882
38	70	0.800393
38	71	0.696039
38	81	0.785322
38	101	0.758878
38	103	0.806147
38	108	0.753598
38	115	0.778247
38	167	2.31304
38	174	3.47044
38	176	1.46586
38	177	0.703723
39	32	0.786354
39	64	0.75943
39	73	0.74707
39	79	0.793201
39	85	0.737753
39	93	0.77775
39	95	0.777738
39	99	0.777712
39	142	2.09691
39	160	2.05183
39	161	0.772074
39	175	0.693515
39	178	0.738496
39	179	0.729206
39	180	0.697408
40	44	0.748494
40	57	0.794289
40	66	0.732365
40	67	1.80586
40	70	0.785876
40	71	0.681522
40	81	0.770805
40	101	0.744361
40	103	0.79163
40	108	0.739081
40	115	0.763729
40	132	3.37427
40	157	0.758531
40	162	2.27028
40	177	0.689206
41	7	0.811887
41	34	0.780003
41	45	0.780124
41	55	0.753689
41	56	0.768314
41	64	0.753833
41	73	0.741473
41	79	0.787604
41	96	1.70539
41	123	0.539734
41	147	0.729659
41	148	0.726031
41	161	0.766476
41	165	5.11087
42	5	0.803972
42	13	0.792242
42	74	0.742033
42	85	0.715459
42	93	0.755456
42	94	0.792041
42	95	0.755444
42	99	0.755418
42	148	0.709334
42	149	0.753812
42	157	0.757639
42	158	0.66765
42	163	1.97266
42	173	2.58263
42	179	2.99416
43	12	0.784468
43	28	0.715894
43	29	0.763135
43	37	0.696999
43	51	0.748888
43	53	0.753551
43	59	0.747391
43	62	0.805261
43	69	0.796182
43	84	0.768453
43	147	3.32182
43	161	0.753338
43	165	0.666223
43	169	2.0279
43	170	2.25657
44	40	0.748494
44	57	0.794333
44	66	0.732409
44	70	0.78592
44	71	0.681566
44	81	0.770849
44	101	0.744405
44	103	0.791674
44	108	0.739125
44	115	0.763773
44	129	2.18645
44	154	2.02176
44	157	0.758575
44	172	3.22597
44	177	0.68925
45	7	0.811953
45	34	0.780069
45	41	0.780124
45	55	0.753755
45	56	0.76838
45	64	0.753899
45	73	0.741539
45	79	0.787669
45	138	2.12541
45	147	0.729724
45	148	0.726097
45	161	0.766542
45	163	1.33817
45	177	3.79119
46	68	1.14533
46	73	2.0215
46	125	0.772069
46	136	0.700841
46	145	1.38613
46	162	0.796175
46	167	0.754477
46	172	0.774464
46	173	0.771904
46	174	0.720686
46	175	0.717403
46	176	0.755527
46	178	0.762383
46	179	0.753093
46	180	0.721295
47	13	2.38493
47	139	0.942289
47	153	0.803828
47	161	1.67417
47	162	0.784086
47	167	0.742388
47	169	0.755559
47	170	0.764131
47	172	0.762375
47	173	0.759816
47	175	0.705314
47	177	0.722406
47	178	0.750295
47	179	0.741004
47	180	0.709207
48	38	0.761802
48	57	0.793123
48	66	0.731199
48	70	0.78471
48	71	0.680356
48	81	0.769639
48	101	0.743195
48	103	0.790464
48	108	0.737916
48	115	0.762564
48	123	1.18319
48	156	2.24399
48	157	0.757366
48	177	0.68804
48	180	4.12574
49	14	0.713473
49	23	0.743131
49	27	0.773695
49	32	0.773608
49	51	1.32523
49	55	0.760435
49	59	0.863684
49	73	0.748219
49	79	0.794349
49	119	2.2245
49	161	0.773222
49	172	0.751725
49	178	0.739645
49	179	0.730354
49	180	0.698557
50	1	2.29074
50	65	2.47212
50	104	0.745628
50	112	0.770814
50	122	0.737339
50	128	0.779658
50	145	0.752172
50	149	0.756994
50	150	0.760216
50	152	0.752059
50	159	0.74365
50	163	2.30335
50	166	0.759378
50	168	0.751096
50	177	0.691495
51	8	1.35585
51	12	0.779574
51	29	0.758241
51	30	0.765095
51	37	0.692105
51	43	0.748888
51	49	1.32523
51	53	0.748657
51	59	0.742497
51	62	0.800368
51	69	0.791288
51	84	0.763559
51	106	3.80619
51	161	0.748444
51	165	0.661329
52	87	2.39065
52	126	0.712363
52	137	0.721635
52	152	2.11502
52	167	0.69153
52	170	0.713272
52	171	0.742768
52	172	0.711516
52	173	0.708957
52	174	0.657739
52	176	0.69258
52	178	0.699436
52	179	0.690146
52	180	0.658348
53	8	2.10701
53	10	1.61649
53	29	0.762904
53	30	0.769758
53	37	0.696768
53	43	0.753551
53	51	0.748657
53	59	0.74716
53	62	0.805031
53	69	0.795952
53	84	0.768222
53	138	2.78475
53	146	0.733245
53	161	0.753108
53	165	0.665992
54	63	0.840887
54	90	0.811195
54	122	0.779095
54	124	2.10564
54	133	1.60804
54	142	0.78347
54	144	0.798239
54	148	2.42574
54	150	0.801972
54	151	0.804053
54	152	0.793815
54	156	2.30429
54	159	0.785406
54	160	0.808405
54	166	0.801135
54	168	0.792853
55	7	0.785518
55	34	0.753634
55	41	0.753689
55	45	0.753755
55	49	0.760435
55	56	0.741945
55	64	0.727464
55	73	0.715104
55	79	0.761235
55	86	1.41962
55	89	0.704109
55	147	0.70329
55	148	0.699662
55	161	0.740107
55	167	3.71834
55	176	2.87116
56	7	0.800142
56	34	0.768259
56	41	0.768314
56	45	0.76838
56	55	0.741945
56	64	0.742089
56	73	0.729729
56	79	0.775859
56	89	0.718733
56	131	1.89807
56	147	0.717914
56	148	0.714287
56	161	0.754732
56	167	3.34676
56	173	2.28641
57	38	0.808806
57	40	0.794289
57	44	0.794333
57	48	0.793123
57	70	0.831714
57	81	0.816644
57	101	0.790199
57	103	0.837469
57	108	0.78492
57	115	0.809568
57	153	1.10983
57	157	0.80437
57	164	1.47789
57	177	0.735044
57	179	2.18257
57	180	3.70963
58	119	1.73616
58	141	1.80558
58	142	1.3204
58	162	0.769323
58	163	0.78037
58	164	0.769102
58	169	0.740796
58	171	0.778864
58	172	0.747612
58	173	0.745053
58	174	0.693835
58	175	0.690551
58	176	0.728676
58	178	0.735532
58	179	0.726241
58	180	0.694443
59	28	0.709503
59	29	0.756744
59	30	0.763598
59	37	0.690608
59	43	0.747391
59	49	0.863684
59	51	0.742497
59	53	0.74716
59	62	0.79887
59	69	0.789791
59	76	0.685258
59	84	0.762062
59	158	5.31956
59	161	0.746947
59	165	0.659832
59	170	1.40961
60	8	0.726772
60	78	2.53119
60	151	2.87267
60	153	0.731968
60	154	0.73144
60	156	0.709484
60	163	0.723273
60	167	0.670529
60	170	0.692272
60	173	0.687956
60	174	0.636738
60	175	0.633455
60	176	0.671579
60	178	0.678435
60	179	0.669145
60	180	0.637347
61	69	2.34169
61	94	2.7192
61	116	0.720992
61	129	0.735171
61	132	0.701455
61	170	0.704623
61	171	0.734119
61	172	0.702867
61	173	0.700308
61	174	0.64909
61	175	0.645806
61	176	0.683931
61	178	0.690787
61	179	0.681497
61	180	0.649699
62	12	0.835948
62	29	0.814614
62	30	0.821468
62	37	0.748478
62	43	0.805261
62	51	0.800368
62	53	0.805031
62	59	0.79887
62	69	0.847662
62	84	0.819932
62	146	0.784955
62	164	1.50312
62	165	0.717702
62	170	1.81112
62	172	1.64926
62	177	3.63932
63	6	0.766569
63	25	0.725871
63	28	2.1553
63	54	0.840887
63	122	0.783442
63	127	0.782792
63	135	0.80976
63	144	0.802585
63	149	0.803097
63	150	0.806319
63	156	2.09546
63	159	0.789753
63	160	0.812752
63	166	0.805481
63	168	0.797199
63	179	2.45015
64	7	0.785662
64	34	0.753778
64	39	0.75943
64	41	0.753833
64	45	0.753899
64	55	0.727464
64	56	0.742089
64	73	0.715248
64	79	0.761378
64	80	2.50542
64	89	0.704252
64	113	3.095
64	137	2.36669
64	147	0.703434
64	148	0.699806
64	161	0.740251
65	30	2.40621
65	50	2.47212
65	103	0.976784
65	107	0.827502
65	131	0.773438
65	136	0.676865
65	155	0.775727
65	167	0.730502
65	171	0.78174
65	173	0.747929
65	174	0.696711
65	175	0.693427
65	176	0.731552
65	178	0.738408
65	179	0.729118
65	180	0.69732
66	38	0.746882
66	40	0.732365
66	44	0.732409
66	48	0.731199
66	70	0.76979
66	71	0.665436
66	81	0.75472
66	101	0.728275
66	103	0.775545
66	106	0.677489
66	108	0.722996
66	115	0.747644
66	129	2.22444
66	157	0.742446
66	170	3.42581
66	171	2.66541
66	177	0.67312
67	3	1.58147
67	24	1.46095
67	33	0.791457
67	40	1.80586
67	120	0.820064
67	164	0.814652
67	167	0.773176
67	168	1.44278
67	169	0.786347
67	171	0.824415
67	172	0.793163
67	173	0.790603
67	174	0.739385
67	176	0.774226
67	178	0.781082
67	179	0.771792
67	180	0.739994
68	46	1.14533
68	92	0.806121
68	104	0.783121
68	107	1.82835
68	114	0.749618
68	127	0.774182
68	128	0.817152
68	134	0.805946
68	142	0.779207
68	151	0.79979
68	152	0.789552
68	159	0.781143
68	166	0.796872
68	168	0.78859
68	171	2.08981
68	177	0.728988
68	179	3.24691
69	12	0.826869
69	28	0.758294
69	29	0.805535
69	37	0.739399
69	43	0.796182
69	51	0.791288
69	53	0.795952
69	59	0.789791
69	61	2.34169
69	62	0.847662
69	76	0.734049
69	84	0.810853
69	124	2.07604
69	138	2.39511
69	155	1.52716
69	161	0.795739
69	165	0.708623
70	38	0.800393
70	40	0.785876
70	44	0.78592
70	48	0.78471
70	57	0.831714
70	66	0.76979
70	71	0.718947
70	81	0.80823
70	83	1.64159
70	101	0.781786
70	103	0.829055
70	108	0.776506
70	115	0.801155
70	140	3.70473
70	164	0.701907
70	177	0.726631
70	180	2.93365
71	38	0.696039
71	40	0.681522
71	44	0.681566
71	48	0.680356
71	66	0.665436
71	70	0.718947
71	81	0.703876
71	101	0.677432
71	103	0.724701
71	106	0.626646
71	108	0.672152
71	113	3.98644
71	115	0.696801
71	118	0.661038
71	157	0.691603
71	170	3.91714
71	177	0.622277
72	75	0.708526
72	107	1.27287
72	117	0.727091
72	119	0.732661
72	127	0.712253
72	128	0.755223
72	135	0.739221
72	139	0.724096
72	141	0.7144
72	142	0.717278
72	145	0.727737
72	146	2.21543
72	151	0.737861
72	160	0.742213
72	166	0.734943
72	168	0.726661
72	175	4.92786
73	7	0.773301
73	34	0.741418
73	39	0.74707
73	41	0.741473
73	45	0.741539
73	46	2.0215
73	49	0.748219
73	55	0.715104
73	56	0.729729
73	64	0.715248
73	79	0.749018
73	89	0.691892
73	120	2.75493
73	147	0.691073
73	148	0.687446
73	155	3.02086
73	161	0.727891
74	2	0.651417
74	5	0.79934
74	13	0.78761
74	42	0.742033
74	83	1.84287
74	85	0.710827
74	93	0.750823
74	94	0.787408
74	95	0.750812
74	99	0.750786
74	124	1.05454
74	148	0.704702
74	149	0.74918
74	157	0.753006
74	158	0.663017
74	165	5.25666
75	72	0.708526
75	82	2.0645
75	104	0.725562
75	112	0.750748
75	114	0.692058
75	139	0.728465
75	141	0.718769
75	142	0.721647
75	145	0.732106
75	150	0.74015
75	151	0.742231
75	159	0.723584
75	160	0.746583
75	164	2.85613
75	166	0.739312
75	168	0.73103
75	178	3.46404
76	24	3.42152
76	59	0.685258
76	69	0.734049
76	84	0.70632
76	99	3.28122
76	113	0.652037
76	134	0.706696
76	152	0.690302
76	159	0.681894
76	160	0.704893
76	161	0.691205
76	165	0.604089
76	168	0.68934
76	169	0.662892
76	173	0.667149
76	176	0.650772
76	178	0.657628
76	180	0.61654
77	110	0.754513
77	114	0.738728
77	117	0.77813
77	122	0.763943
77	123	2.1381
77	128	0.806262
77	134	0.795056
77	141	0.765439
77	143	1.72206
77	145	0.778776
77	151	0.788901
77	152	0.778662
77	159	0.770254
77	166	0.785982
77	168	0.7777
77	169	2.92824
77	171	2.3965
77	177	0.718098
78	35	1.84233
78	60	2.53119
78	92	0.790475
78	97	0.767944
78	98	0.784809
78	118	2.16906
78	122	0.759186
78	135	0.785504
78	141	0.760682
78	145	0.774019
78	150	0.782063
78	152	0.773905
78	159	0.765497
78	160	0.788495
78	163	1.69381
78	166	0.781225
78	168	0.772943
78	177	0.713341
79	7	0.819432
79	34	0.787548
79	39	0.793201
79	41	0.787604
79	45	0.787669
79	49	0.794349
79	55	0.761235
79	56	0.775859
79	64	0.761378
79	73	0.749018
79	89	0.738023
79	96	2.74645
79	126	1.9923
79	147	0.737204
79	148	0.733576
79	157	2.23613
79	161	0.774022
79	178	2.40638
80	64	2.50542
80	98	2.03383
80	112	1.62977
80	124	0.751664
80	130	0.79146
80	153	0.764413
80	162	0.744671
80	164	0.744449
80	170	0.724716
80	171	0.754212
80	173	0.7204
80	174	0.669183
80	175	0.665899
80	176	0.704024
80	177	0.68299
80	178	0.710879
80	179	0.701589
80	180	0.669791
81	10	2.30044
81	38	0.785322
81	40	0.770805
81	44	0.770849
81	48	0.769639
81	57	0.816644
81	66	0.75472
81	70	0.80823
81	71	0.703876
81	101	0.766715
81	103	0.813985
81	108	0.761436
81	115	0.786084
81	123	2.28746
81	129	2.10489
81	154	1.9402
81	157	0.780886
81	177	0.711561
82	75	2.0645
82	119	1.67079
82	121	0.800337
82	131	0.812242
82	136	0.715669
82	140	0.737942
82	150	0.387112
82	154	0.830216
82	162	0.811004
82	168	1.48996
82	169	0.782477
82	170	0.791048
82	174	0.735515
82	175	0.732231
82	176	0.770356
82	178	0.777212
82	179	0.767922
82	180	0.736124
83	70	1.64159
83	74	1.84287
83	91	0.779091
83	140	0.670787
83	156	0.741106
83	159	3.20382
83	162	0.743848
83	163	0.754895
83	164	0.743627
83	170	0.723893
83	171	0.753389
83	172	0.722137
83	173	0.719578
83	175	0.665076
83	176	0.703201
83	178	0.710057
83	179	0.700766
83	180	0.668969
84	12	0.799139
84	28	0.730564
84	29	0.777805
84	30	0.78466
84	37	0.711669
84	43	0.768453
84	51	0.763559
84	53	0.768222
84	59	0.762062
84	62	0.819932
84	69	0.810853
84	76	0.70632
84	137	2.3118
84	146	0.748147
84	153	2.29475
84	155	2.26527
84	161	0.768009
84	165	0.680893
84	169	2.74213
85	2	0.624843
85	5	0.772766
85	13	0.761036
85	25	0.752386
85	36	0.628797
85	39	0.737753
85	42	0.715459
85	74	0.710827
85	93	0.72425
85	94	0.760835
85	95	0.724238
85	99	0.724212
85	148	0.678129
85	149	0.722607
85	155	1.86124
85	157	0.726433
85	158	0.636444
85	170	2.56677
85	174	4.76967
86	21	0.841286
86	55	1.41962
86	96	0.763129
86	98	1.30089
86	124	0.797497
86	140	0.717443
86	143	0.820776
86	148	0.749845
86	149	1.73389
86	158	0.70816
86	161	1.63914
86	164	0.790283
86	169	0.761978
86	172	0.768793
86	175	0.711732
86	176	0.749857
86	178	0.756713
86	179	0.747422
86	180	0.715625
87	52	2.39065
87	92	0.773898
87	117	0.756797
87	122	0.742609
87	128	0.784929
87	141	0.744106
87	142	0.746984
87	144	0.761753
87	145	0.757443
87	150	0.765486
87	151	0.767567
87	152	0.757329
87	155	1.6558
87	157	2.49101
87	159	0.74892
87	160	0.771919
87	166	0.764649
87	168	0.756367
87	178	2.66125
88	19	1.77686
88	101	2.68234
88	136	0.660652
88	139	1.75737
88	153	0.775728
88	154	0.775199
88	164	0.755765
88	167	0.714288
88	169	0.72746
88	170	0.736031
88	172	0.734275
88	173	0.731716
88	174	0.680498
88	175	0.677214
88	176	0.715339
88	178	0.722195
88	179	0.712904
88	180	0.681107
89	55	0.704109
89	56	0.718733
89	64	0.704252
89	73	0.691892
89	79	0.738023
89	101	0.710584
89	103	0.757853
89	108	0.705304
89	110	0.691844
89	115	0.729953
89	159	0.707584
89	160	0.730583
89	161	0.716896
89	166	0.723313
89	168	0.715031
89	171	1.75375
89	174	4.71706
89	176	2.71248
89	177	0.655429
90	54	0.811195
90	97	0.762508
90	100	0.819862
90	105	2.94166
90	114	0.728535
90	119	0.773508
90	135	0.780068
90	141	0.755246
90	142	0.758124
90	144	0.772893
90	145	0.768583
90	149	0.773405
90	160	0.783059
90	165	0.682256
90	166	0.775789
90	168	0.767507
90	171	2.56014
90	173	3.3057
90	177	0.707905
91	83	0.779091
91	102	1.67273
91	112	0.625196
91	114	2.49473
91	125	0.76446
91	128	0.842828
91	154	0.807778
91	162	0.788566
91	163	0.799612
91	167	0.746868
91	171	0.798106
91	172	0.766854
91	173	0.764295
91	174	0.713077
91	175	0.709793
91	176	0.747918
91	178	0.754774
91	179	0.745484
91	180	0.713686
92	68	0.806121
92	78	0.790475
92	87	0.773898
92	97	0.761698
92	110	0.74351
92	114	0.727724
92	138	2.3782
92	141	0.754435
92	142	0.757313
92	145	0.767773
92	147	0.731744
92	151	0.777897
92	156	2.25777
92	159	0.75925
92	166	0.774978
92	168	0.766696
92	176	2.4141
92	177	0.707095
92	179	2.61246
93	2	0.66484
93	5	0.812763
93	13	0.801033
93	15	0.765629
93	21	1.09087
93	25	0.792383
93	36	0.668793
93	39	0.77775
93	42	0.755456
93	74	0.750823
93	85	0.72425
93	94	0.800831
93	95	0.764235
93	99	0.764209
93	148	0.718125
93	149	0.762603
93	157	0.766429
93	158	0.67644
93	167	3.28047
93	177	4.06316
94	2	0.701425
94	5	0.849348
94	13	0.837618
94	42	0.792041
94	61	2.7192
94	74	0.787408
94	85	0.760835
94	93	0.800831
94	95	0.80082
94	99	0.800794
94	107	1.58833
94	111	2.67858
94	148	0.75471
94	149	0.799188
94	154	1.24413
94	157	0.803014
94	158	0.713025
95	2	0.664828
95	5	0.812751
95	13	0.801021
95	25	0.792371
95	36	0.668781
95	39	0.777738
95	42	0.755444
95	74	0.750812
95	85	0.724238
95	93	0.764235
95	94	0.80082
95	99	0.764197
95	140	3.10487
95	147	1.47529
95	148	0.718114
95	149	0.762592
95	157	0.766418
95	158	0.676429
95	174	2.61295
95	175	3.04316
96	41	1.70539
96	79	2.74645
96	86	0.763129
96	106	0.668636
96	109	0.78041
96	120	0.731138
96	154	0.745161
96	155	0.729475
96	164	0.725726
96	166	3.03316
96	170	0.705992
96	171	0.735488
96	172	0.704236
96	173	0.701677
96	174	0.650459
96	175	0.647175
96	176	0.6853
96	178	0.692156
96	179	0.682866
96	180	0.651068
97	78	0.767944
97	90	0.762508
97	92	0.761698
97	110	0.720979
97	121	2.31703
97	123	1.80463
97	134	0.761522
97	135	0.756727
97	142	0.734783
97	144	0.749552
97	145	0.745242
97	150	0.753285
97	151	0.755366
97	152	0.745128
97	159	0.736719
97	160	0.759718
97	161	0.746031
97	168	0.744166
97	173	2.80859
97	178	3.12336
98	78	0.784809
98	80	2.03383
98	86	1.30089
98	104	0.755563
98	110	0.737844
98	114	0.722059
98	119	0.767032
98	127	0.746623
98	132	2.97572
98	138	2.71653
98	139	0.758466
98	144	0.766417
98	145	0.762107
98	152	0.761993
98	159	0.753584
98	160	0.776583
98	165	0.67578
98	166	0.769313
98	168	0.761031
98	177	0.701429
99	2	0.664802
99	5	0.812725
99	13	0.800995
99	25	0.792345
99	36	0.668755
99	39	0.777712
99	42	0.755418
99	74	0.750786
99	76	3.28122
99	85	0.724212
99	93	0.764209
99	94	0.800794
99	95	0.764197
99	121	1.96104
99	148	0.718088
99	149	0.762566
99	157	0.766392
99	158	0.676403
99	163	1.84263
99	173	2.45261
100	2	5.29364
100	31	0.57532
100	90	0.819862
100	120	0.786136
100	123	0.831879
100	132	0.757822
100	140	0.707885
100	156	0.778203
100	163	0.791992
100	167	0.739248
100	168	0.802235
100	169	0.752419
100	172	0.759234
100	173	0.756675
100	174	0.705457
100	175	0.702173
100	176	0.740298
100	178	0.747154
100	179	0.737864
100	180	0.706066
101	28	0.709138
101	38	0.758878
101	40	0.744361
101	44	0.744405
101	48	0.743195
101	57	0.790199
101	66	0.728275
101	70	0.781786
101	71	0.677432
101	81	0.766715
101	88	2.68234
101	89	0.710584
101	103	0.78754
101	108	0.734992
101	115	0.75964
101	118	0.723878
101	133	2.4312
101	155	2.37992
101	157	0.754442
101	162	2.40307
101	177	0.685116
102	6	0.71838
102	91	1.67273
102	110	0.725824
102	118	3.04801
102	119	0.755011
102	127	0.734603
102	130	1.82347
102	134	0.766366
102	135	0.761571
102	141	0.736749
102	144	0.754396
102	145	0.750086
102	150	0.75813
102	151	0.760211
102	158	0.668745
102	160	0.764563
102	161	0.750875
102	166	0.757292
102	168	0.74901
102	176	3.39591
102	177	0.689409
103	38	0.806147
103	40	0.79163
103	44	0.791674
103	48	0.790464
103	57	0.837469
103	65	0.976784
103	66	0.775545
103	70	0.829055
103	71	0.724701
103	81	0.813985
103	89	0.757853
103	101	0.78754
103	108	0.782261
103	115	0.806909
103	118	0.771147
103	132	1.85444
103	147	2.49808
103	157	0.801711
103	177	0.732386
103	179	1.82952
103	180	3.35657
104	50	0.745628
104	68	0.783121
104	75	0.725562
104	98	0.755563
104	112	0.763414
104	114	0.704724
104	126	2.39118
104	135	0.756257
104	139	0.741131
104	141	0.731435
104	144	0.749082
104	152	0.744659
104	158	0.663431
104	159	0.73625
104	160	0.759249
104	161	0.745561
104	166	0.751978
104	168	0.743696
104	172	2.34348
104	178	2.80526
104	179	2.90203
105	90	2.94166
105	123	0.782443
105	125	0.707403
105	136	0.636175
105	138	0.711729
105	145	2.71213
105	152	1.70682
105	156	0.728767
105	163	0.742556
105	164	0.731288
105	167	0.689811
105	171	0.74105
105	172	0.709798
105	173	0.707239
105	174	0.656021
105	175	0.652737
105	176	0.690862
105	177	0.669828
105	178	0.697718
105	179	0.688427
105	180	0.656629
106	3	0.686051
106	14	0.636048
106	23	0.665705
106	24	0.686322
106	27	0.696269
106	32	0.696183
106	51	3.80619
106	66	0.677489
106	71	0.626646
106	96	0.668636
106	108	0.684205
106	115	0.708853
106	136	0.600676
106	139	4.0955
106	171	0.705551
106	172	0.674299
106	175	0.617238
106	177	0.63433
106	178	0.662219
106	179	0.652929
106	180	0.621131
107	65	0.827502
107	68	1.82835
107	72	1.27287
107	94	1.58833
107	120	0.813815
107	121	0.797959
107	126	0.78776
107	131	0.809864
107	136	0.713291
107	141	1.81797
107	160	1.28772
107	167	0.766927
107	170	0.78867
107	171	0.818166
107	172	0.786914
107	173	0.784355
107	174	0.733137
107	175	0.729853
107	176	0.767978
107	178	0.774834
107	179	0.765543
107	180	0.733745
108	28	0.703859
108	38	0.753598
108	40	0.739081
108	44	0.739125
108	48	0.737916
108	57	0.78492
108	66	0.722996
108	70	0.776506
108	71	0.672152
108	81	0.761436
108	89	0.705304
108	101	0.734992
108	103	0.782261
108	106	0.684205
108	115	0.75436
108	118	0.718598
108	143	2.07267
108	154	2.14144
108	157	0.749162
108	164	3.19952
108	172	3.34565
108	177	0.679837
109	5	1.5833
109	6	2.60214
109	13	1.76094
109	18	1.23009
109	96	0.78041
109	129	0.818378
109	134	1.15244
109	136	0.712451
109	138	0.788005
109	143	0.838057
109	163	0.818832
109	164	0.807564
109	169	0.779259
109	170	0.78783
109	172	0.786074
109	173	0.783515
109	174	0.732297
109	175	0.729013
109	176	0.767138
109	178	0.773994
109	179	0.764703
109	180	0.732906
110	15	1.78657
110	35	2.7796
110	77	0.754513
110	89	0.691844
110	92	0.74351
110	97	0.720979
110	98	0.737844
110	102	0.725824
110	128	0.75454
110	135	0.738539
110	141	0.713717
110	145	0.727054
110	150	0.735098
110	151	0.737179
110	152	0.72694
110	158	0.645713
110	159	0.718531
110	160	0.74153
110	161	0.727843
110	163	2.63109
110	166	0.73426
110	168	0.725978
110	169	3.02724
111	1	0.709349
111	33	0.684309
111	94	2.67858
111	130	0.754514
111	137	0.696132
111	143	0.737997
111	149	3.05548
111	154	0.726938
111	155	0.711253
111	162	0.707725
111	163	0.718772
111	166	2.46155
111	169	0.679198
111	170	0.68777
111	171	0.717266
111	172	0.686014
111	173	0.683455
111	174	0.632237
111	175	0.628953
111	176	0.667078
111	178	0.673934
111	179	0.664643
111	180	0.632845
112	50	0.770814
112	75	0.750748
112	80	1.62977
112	91	0.625196
112	104	0.763414
112	114	0.72991
112	117	0.769312
112	122	0.755125
112	127	0.754475
112	134	0.786238
112	141	0.756621
112	144	0.774268
112	145	0.769958
112	150	0.778002
112	151	0.780083
112	152	0.769844
112	159	0.761436
112	160	0.784434
112	166	0.777164
112	168	0.768882
112	172	1.98818
112	178	2.44996
112	180	4.07379
113	10	0.714195
113	64	3.095
113	71	3.98644
113	76	0.652037
113	120	0.719131
113	129	0.724533
113	130	0.76073
113	131	0.715179
113	132	0.690817
113	150	1.55605
113	156	0.711198
113	158	0.631596
113	163	0.724987
113	164	0.713719
113	171	0.723481
113	172	0.692229
113	173	0.68967
113	174	0.638452
113	175	0.635168
113	176	0.673293
113	178	0.680149
113	179	0.670858
113	180	0.639061
114	68	0.749618
114	75	0.692058
114	77	0.738728
114	90	0.728535
114	91	2.49473
114	92	0.727724
114	98	0.722059
114	104	0.704724
114	112	0.72991
114	128	0.738755
114	130	2.64546
114	134	0.727549
114	139	0.707628
114	142	0.70081
114	143	2.58473
114	144	0.715579
114	145	0.711269
114	150	0.719312
114	151	0.721393
114	152	0.711155
114	160	0.725745
114	162	3.33719
114	166	0.718475
114	168	0.710193
115	8	0.780711
115	25	1.55692
115	28	0.728507
115	38	0.778247
115	40	0.763729
115	44	0.763773
115	48	0.762564
115	57	0.809568
115	66	0.747644
115	70	0.801155
115	71	0.696801
115	81	0.786084
115	89	0.729953
115	101	0.75964
115	103	0.806909
115	106	0.708853
115	108	0.75436
115	118	0.743246
115	130	1.5104
115	131	2.48134
115	157	0.77381
115	172	2.72266
115	177	0.704485
115	179	3.2812
116	5	2.56805
116	61	0.720992
116	117	1.66825
116	124	0.756729
116	128	1.51025
116	130	0.796526
116	131	0.750975
116	141	1.98241
116	153	0.769478
116	154	0.768949
116	155	0.753264
116	156	0.746994
116	163	0.760783
116	165	0.662407
116	167	0.708038
116	172	0.728025
116	173	0.725466
116	174	0.674248
116	175	0.670964
116	176	0.709089
116	178	0.715945
116	179	0.706654
116	180	0.674857
117	15	1.05635
117	72	0.727091
117	77	0.77813
117	87	0.756797
117	112	0.769312
117	116	1.66825
117	119	0.755596
117	120	1.55422
117	127	0.735187
117	134	0.766951
117	135	0.762156
117	139	0.74703
117	141	0.737334
117	142	0.740212
117	145	0.750671
117	150	0.758715
117	151	0.760795
117	152	0.750557
117	159	0.742148
117	160	0.765147
117	166	0.757877
117	168	0.749595
117	177	0.689993
117	178	2.8256
117	180	4.44943
118	4	0.699681
118	16	0.756894
118	17	0.754303
118	22	0.678702
118	26	0.819911
118	27	2.22694
118	31	0.738684
118	71	0.661038
118	78	2.16906
118	101	0.723878
118	102	3.04801
118	103	0.771147
118	108	0.718598
118	115	0.743246
118	127	2.02438
118	138	0.710623
118	149	0.734222
118	155	0.733931
118	173	0.706133
118	175	0.651631
118	176	0.689756
118	177	0.668723
118	178	0.696612
118	179	0.687321
118	180	0.655524
119	49	2.2245
119	58	1.73616
119	72	0.732661
119	82	1.67079
119	90	0.773508
119	98	0.767032
119	102	0.755011
119	117	0.755596
119	134	0.772521
119	135	0.767726
119	139	0.752601
119	141	0.742904
119	142	0.745782
119	145	0.756242
119	148	2.93387
119	150	0.764285
119	152	0.756128
119	159	0.747719
119	160	0.770718
119	161	0.75703
119	164	2.46242
119	165	0.669915
119	166	0.763447
119	168	0.755166
119	177	0.695564
120	17	0.984689
120	21	0.809294
120	67	0.820064
120	73	2.75493
120	96	0.731138
120	100	0.786136
120	107	0.813815
120	113	0.719131
120	117	1.55422
120	130	0.805302
120	133	0.762965
120	149	2.01564
120	151	1.68865
120	153	0.778254
120	162	0.758513
120	164	0.758291
120	169	0.729986
120	170	0.738558
120	171	0.768054
120	173	0.734242
120	174	0.683024
120	175	0.679741
120	178	0.724721
120	179	0.715431
120	180	0.683633
121	82	0.800337
121	97	2.31703
121	99	1.96104
121	107	0.797959
121	122	2.66651
121	126	0.721791
121	129	0.753249
121	131	0.743895
121	135	1.64178
121	138	0.722876
121	140	0.669595
121	154	0.761869
121	164	0.742435
121	167	0.700958
121	169	0.714129
121	170	0.722701
121	172	0.720945
121	173	0.718386
121	174	0.667168
121	175	0.663884
121	176	0.702009
121	178	0.708864
121	179	0.699574
121	180	0.667776
122	25	1.84533
122	50	0.737339
122	54	0.779095
122	63	0.783442
122	77	0.763943
122	78	0.759186
122	87	0.742609
122	112	0.755125
122	121	2.66651
122	127	0.721
122	128	0.763969
122	134	0.752763
122	135	0.747968
122	139	0.732842
122	142	0.726024
122	145	0.736483
122	150	0.744527
122	151	0.746608
122	154	1.80685
122	159	0.727961
122	160	0.750959
122	165	0.650156
122	166	0.743689
122	168	0.735407
122	171	2.41251
122	173	3.15808
123	41	0.539734
123	48	1.18319
123	77	2.1381
123	81	2.28746
123	97	1.80463
123	100	0.831879
123	105	0.782443
123	126	0.783392
123	133	0.808709
123	134	1.97581
123	147	0.767225
123	154	0.823469
123	155	0.807784
123	164	0.804035
123	167	0.762558
123	169	0.775729
123	170	0.784301
123	171	0.813797
123	172	0.782545
123	173	0.779986
123	175	0.725484
123	176	0.763609
123	177	0.742576
123	178	0.770465
123	179	0.761174
123	180	0.729377
124	21	0.811097
124	34	2.41225
124	35	0.735673
124	54	2.10564
124	69	2.07604
124	74	1.05454
124	80	0.751664
124	86	0.797497
124	116	0.756729
124	126	0.739451
124	137	0.748723
124	138	0.740536
124	153	0.780057
124	154	0.779528
124	162	0.760316
124	166	2.23653
124	167	0.718618
124	170	0.74036
124	171	0.769856
124	172	0.738604
124	173	0.736045
124	174	0.684827
124	175	0.681543
124	178	0.726524
124	179	0.717234
124	180	0.685436
125	29	0.684011
125	37	2.79141
125	46	0.772069
125	91	0.76446
125	105	0.707403
125	136	0.633883
125	143	0.759489
125	152	2.68133
125	153	0.748958
125	154	0.74843
125	155	0.732744
125	156	0.726474
125	162	0.729217
125	167	0.687519
125	168	3.18521
125	169	0.70069
125	170	0.709261
125	171	0.738757
125	172	0.707505
125	173	0.704946
125	174	0.653728
125	175	0.650444
125	176	0.688569
125	178	0.695425
125	179	0.686135
125	180	0.654337
126	18	2.95811
126	52	0.712363
126	79	1.9923
126	104	2.39118
126	107	0.78776
126	121	0.721791
126	123	0.783392
126	124	0.739451
126	133	0.73691
126	136	0.637124
126	151	2.54595
126	156	0.729715
126	163	0.743504
126	164	0.732236
126	167	0.69076
126	169	0.703931
126	170	0.712503
126	171	0.741999
126	173	0.708187
126	174	0.656969
126	175	0.653686
126	176	0.69181
126	177	0.670777
126	178	0.698666
126	179	0.689376
126	180	0.657578
127	63	0.782792
127	68	0.774182
127	72	0.712253
127	98	0.746623
127	102	0.734603
127	112	0.754475
127	117	0.735187
127	118	2.02438
127	122	0.721
127	132	2.59556
127	133	1.5197
127	135	0.747318
127	139	0.732192
127	141	0.722496
127	142	0.725374
127	144	0.740143
127	145	0.735833
127	149	0.740655
127	150	0.743877
127	152	0.735719
127	159	0.727311
127	161	0.736622
127	166	0.743039
127	168	0.734757
127	174	4.37686
127	176	2.37228
127	177	0.675155
128	28	2.46952
128	50	0.779658
128	68	0.817152
128	72	0.755223
128	77	0.806262
128	87	0.784929
128	91	0.842828
128	110	0.75454
128	114	0.738755
128	116	1.51025
128	122	0.763969
128	134	0.795083
128	139	0.775162
128	141	0.765466
128	142	0.768344
128	144	0.783113
128	148	2.53112
128	150	0.786846
128	151	0.788927
128	159	0.77028
128	160	0.793279
128	165	0.692476
128	166	0.786009
128	168	0.777727
128	172	2.20582
128	177	0.718125
128	179	2.76436
129	13	2.40174
129	44	2.18645
129	61	0.735171
129	66	2.22444
129	81	2.10489
129	109	0.818378
129	113	0.724533
129	121	0.753249
129	131	0.765154
129	133	0.768368
129	138	0.744136
129	140	0.690854
129	154	0.783128
129	159	1.37076
129	164	0.763694
129	167	0.722217
129	169	0.735389
129	170	0.74396
129	171	0.773456
129	173	0.739645
129	174	0.688427
129	175	0.685143
129	176	0.723268
129	177	0.702235
129	178	0.730124
129	179	0.720834
129	180	0.689036
130	30	1.48814
130	80	0.79146
130	102	1.82347
130	111	0.754514
130	113	0.76073
130	114	2.64546
130	115	1.5104
130	116	0.796526
130	120	0.805302
130	140	0.727051
130	146	0.780036
130	151	1.286
130	153	0.819853
130	156	0.797369
130	163	0.811158
130	166	1.01906
130	167	0.758414
130	170	0.780157
130	171	0.809652
130	172	0.7784
130	173	0.775841
130	174	0.724623
130	175	0.721339
130	176	0.759464
130	178	0.76632
130	179	0.75703
130	180	0.725232
131	26	0.807824
131	56	1.89807
131	65	0.773438
131	82	0.812242
131	107	0.809864
131	113	0.715179
131	115	2.48134
131	116	0.750975
131	121	0.743895
131	129	0.765154
131	136	0.659227
131	137	0.742968
131	141	2.43666
131	156	0.751819
131	162	0.754562
131	163	0.765608
131	164	0.75434
131	168	2.18641
131	169	0.726035
131	171	0.764102
131	173	0.730291
131	174	0.679073
131	175	0.675789
131	176	0.713914
131	178	0.72077
131	179	0.711479
131	180	0.679682
132	40	3.37427
132	61	0.701455
132	98	2.97572
132	100	0.757822
132	103	1.85444
132	113	0.690817
132	127	2.59556
132	133	0.734652
132	138	0.710419
132	143	0.760471
132	153	0.74994
132	155	0.733726
132	156	0.727456
132	158	0.647855
132	164	0.729977
132	167	0.688501
132	170	0.710244
132	171	0.73974
132	172	0.708488
132	173	0.705928
132	174	0.65471
132	175	0.651427
132	176	0.689551
132	177	0.668518
132	178	0.696407
132	179	0.687117
132	180	0.655319
133	35	0.733132
133	54	1.60804
133	101	2.4312
133	120	0.762965
133	123	0.808709
133	126	0.73691
133	127	1.5197
133	129	0.768368
133	132	0.734652
133	134	2.34037
133	153	0.777517
133	156	0.755033
133	157	0.76542
133	159	1.91789
133	162	0.757775
133	169	0.729248
133	170	0.73782
133	171	0.767316
133	172	0.736064
133	173	0.733505
133	174	0.682287
133	175	0.679003
133	176	0.717128
133	177	0.696095
133	178	0.723984
133	179	0.714693
133	180	0.682895
134	33	2.40147
134	68	0.805946
134	76	0.706696
134	77	0.795056
134	97	0.761522
134	102	0.766366
134	109	1.15244
134	112	0.786238
134	114	0.727549
134	117	0.766951
134	119	0.772521
134	122	0.752763
134	123	1.97581
134	128	0.795083
134	133	2.34037
134	139	0.763956
134	141	0.75426
134	144	0.771907
134	145	0.767597
134	150	0.77564
134	152	0.767483
134	154	1.62855
134	159	0.759074
134	160	0.782073
134	164	2.68662
134	165	0.68127
134	166	0.774803
134	168	0.766521
135	63	0.80976
135	72	0.739221
135	78	0.785504
135	90	0.780068
135	97	0.756727
135	102	0.761571
135	104	0.756257
135	110	0.738539
135	117	0.762156
135	119	0.767726
135	121	1.64178
135	122	0.747968
135	127	0.747318
135	139	0.75916
135	142	0.752342
135	144	0.767112
135	150	0.770845
135	151	0.772926
135	152	0.762688
135	159	0.754279
135	160	0.777278
135	166	0.770007
135	168	0.761725
135	170	2.14819
135	171	1.38778
135	173	2.13335
135	178	2.44811
135	180	4.07193
136	12	4.57425
136	46	0.700841
136	65	0.676865
136	82	0.715669
136	88	0.660652
136	105	0.636175
136	106	0.600676
136	107	0.713291
136	109	0.712451
136	125	0.633883
136	126	0.637124
136	131	0.659227
136	143	0.68826
136	150	6.06323
136	155	0.661516
136	156	0.655246
136	162	0.657989
136	163	0.669035
136	165	0.570659
136	169	0.629462
136	171	0.667529
136	172	0.636277
136	173	0.633718
136	174	0.5825
136	175	0.579216
136	178	0.624197
136	179	0.614906
136	180	0.583109
137	18	2.41327
137	52	0.721635
137	64	2.36669
137	84	2.3118
137	111	0.696132
137	124	0.748723
137	131	0.742968
137	138	0.72195
137	140	0.668669
137	143	0.772001
137	153	0.761471
137	154	0.760942
137	155	0.745257
137	156	0.738987
137	160	1.65059
137	161	2.23336
137	163	0.752776
137	164	0.741508
137	167	0.700032
137	169	0.713203
137	170	0.721774
137	171	0.75127
137	172	0.720018
137	173	0.717459
137	174	0.666241
137	175	0.662957
137	176	0.701082
137	178	0.707938
137	179	0.698648
137	180	0.66685
138	45	2.12541
138	53	2.78475
138	69	2.39511
138	92	2.3782
138	98	2.71653
138	105	0.711729
138	109	0.788005
138	118	0.710623
138	121	0.722876
138	124	0.740536
138	129	0.744136
138	132	0.710419
138	137	0.72195
138	140	0.660482
138	146	0.713466
138	153	0.753284
138	155	0.73707
138	162	0.733543
138	163	0.744589
138	164	0.733321
138	167	0.691845
138	169	0.705016
138	170	0.713587
138	171	0.743083
138	172	0.711831
138	173	0.709272
138	174	0.658054
138	176	0.692895
138	178	0.699751
138	179	0.690461
138	180	0.658663
139	6	0.715969
139	47	0.942289
139	72	0.724096
139	75	0.728465
139	88	1.75737
139	98	0.758466
139	104	0.741131
139	106	4.0955
139	114	0.707628
139	117	0.74703
139	119	0.752601
139	122	0.732842
139	127	0.732192
139	128	0.775162
139	134	0.763956
139	135	0.75916
139	141	0.734339
139	143	0.725628
139	144	0.751986
139	145	0.747676
139	147	0.711647
139	150	0.755719
139	151	0.7578
139	152	0.747562
139	158	0.666334
139	159	0.739153
139	160	0.762152
139	166	0.754882
139	168	0.7466
139	174	4.36338
139	177	0.686998
139	178	2.46039
140	36	0.59027
140	70	3.70473
140	82	0.737942
140	83	0.670787
140	86	0.717443
140	95	3.10487
140	100	0.707885
140	121	0.669595
140	129	0.690854
140	130	0.727051
140	137	0.668669
140	138	0.660482
140	142	5.04949
140	146	0.660185
140	155	0.683789
140	156	0.677519
140	157	0.687906
140	162	0.680262
140	164	0.68004
140	167	0.638564
140	169	0.651735
140	170	0.660306
140	171	0.689802
140	172	0.65855
140	173	0.655991
140	174	0.604773
140	175	0.601489
140	176	0.639614
140	178	0.64647
140	179	0.63718
140	180	0.605382
141	33	2.24669
