1	21	0.5105
1	32	0.549468
1	117	1.362
1	127	0.475769
1	163	1.37328
1	168	0.460503
1	169	1.36935
1	172	1.38276
1	174	1.36256
1	175	0.410956
1	179	1.36587
1	180	1.39001
2	52	0.476315
2	108	0.479223
2	124	1.38039
2	129	1.37058
2	144	1.36546
2	147	1.35505
2	149	1.39606
2	152	1.36578
2	155	1.3644
2	159	0.480684
2	176	0.470954
2	178	0.499227
3	20	1.18639
3	50	1.13914
3	58	1.15505
3	60	1.16506
3	64	1.23706
3	65	0.605838
3	82	1.15604
3	87	0.605159
3	96	0.594707
3	104	1.21905
3	141	0.601341
3	175	1.34236
4	6	1.40537
4	37	0.55594
4	129	0.480899
4	141	0.451576
4	148	0.46437
4	160	1.34909
4	172	1.37568
4	173	1.3787
4	174	1.35548
4	176	0.443863
4	179	1.3588
4	180	1.38293
5	62	0.462816
5	118	0.504384
5	157	0.496553
5	158	1.37684
5	160	1.35239
5	163	1.3695
5	165	0.475532
5	168	0.464995
5	172	1.37898
5	173	1.382
5	179	1.36209
5	180	1.38623
6	4	1.40537
6	36	0.460811
6	70	1.38862
6	90	0.490931
6	169	1.35283
6	170	0.513422
6	172	1.36623
6	173	1.36925
6	175	0.450255
6	176	0.491515
6	179	1.34935
6	180	1.37348
7	23	1.35411
7	59	0.532511
7	63	0.456975
7	83	0.452144
7	92	0.475774
7	115	1.36502
7	117	1.36101
7	155	0.474513
7	172	1.38177
7	173	1.38479
7	174	1.36157
7	180	1.38902
8	84	1.41963
8	91	1.31418
8	100	1.41179
8	144	1.3593
8	152	1.35962
8	153	1.38863
8	156	0.505255
8	160	0.499851
8	161	1.34327
8	162	0.453008
8	166	0.448832
8	179	0.49348
9	42	0.482266
9	98	0.493784
9	108	0.437865
9	132	0.489995
9	156	0.493049
9	157	1.33514
9	159	1.3488
9	162	1.36794
9	175	1.48254
9	176	1.37707
9	177	1.35249
9	178	1.34281
10	30	0.652248
10	41	0.555642
10	53	1.27893
10	60	1.12673
10	68	1.19394
10	82	1.11771
10	90	1.24383
10	104	1.18072
10	116	1.15226
10	168	0.591493
10	175	1.30403
10	178	0.611478
11	147	1.36223
11	151	0.473325
11	152	1.37296
11	154	1.3628
11	159	0.49334
11	161	1.35661
11	162	0.494815
11	165	0.502434
11	173	1.38793
11	175	0.44235
11	179	1.36802
11	180	1.39216
12	50	1.30185
12	82	1.31875
12	102	0.481706
12	109	0.471385
12	116	1.3533
12	118	0.506443
12	158	1.37533
12	159	0.468497
12	165	0.477591
12	175	1.50507
12	179	1.36058
12	180	1.38472
13	76	0.480519
13	82	0.533578
13	86	1.3817
13	101	1.33196
13	125	0.445523
13	127	0.462107
13	157	0.478399
13	158	1.3836
13	172	1.38573
13	173	1.38875
13	174	1.36554
13	179	1.36885
14	18	0.490904
14	72	0.465055
14	107	1.35093
14	155	0.487031
14	156	1.36268
14	158	1.38558
14	165	0.482925
14	169	1.37431
14	174	1.36752
14	177	0.478158
14	179	1.37083
14	180	1.39497
15	94	1.29635
15	128	0.483391
15	142	1.37184
15	154	0.48524
15	160	0.496248
15	168	1.39419
15	170	1.37131
15	172	0.465281
15	173	0.465672
15	176	1.41039
15	177	1.38582
15	178	1.37614
16	33	0.545425
16	123	0.636703
16	140	1.2143
16	145	1.16131
16	152	0.610786
16	162	1.21169
16	167	1.21505
16	171	1.20023
16	172	0.602836
16	176	1.22081
16	177	1.19623
16	178	1.18656
17	32	0.53445
17	61	0.445584
17	97	0.464828
17	103	1.39229
17	114	1.37245
17	118	1.36569
17	120	1.34985
17	128	1.37934
17	161	0.500015
17	163	1.36758
17	164	1.37169
17	178	0.46547
18	14	0.490904
18	59	1.3468
18	120	1.36267
18	122	1.35202
18	128	1.39216
18	131	1.37971
18	132	0.524149
18	163	1.3804
18	164	1.38451
18	168	0.472038
18	173	0.491223
18	175	0.422492
19	48	1.49042
19	73	0.42869
19	112	0.466797
19	131	0.462321
19	152	0.427745
19	156	1.47279
19	160	1.47124
19	161	0.455532
19	169	1.48443
19	172	1.49783
19	175	0.351454
19	179	1.48095
19	180	1.50508
20	3	1.18639
20	50	1.23256
20	60	1.25849
20	82	1.24947
20	83	1.35162
20	90	1.37558
20	104	1.31248
20	141	0.512476
20	165	0.523589
20	168	0.513051
20	171	0.521905
20	173	0.532236
20	175	1.43578
21	1	0.5105
21	92	0.519424
21	100	0.500891
21	142	1.27871
21	146	0.533168
21	150	0.529738
21	151	1.33628
21	165	1.29215
21	167	1.31151
21	171	1.29668
21	176	1.31726
21	177	1.29268
21	178	1.28301
22	90	0.484392
22	104	0.511554
22	119	0.534855
22	134	1.30807
22	135	0.534136
22	159	1.29429
22	163	0.530829
22	165	1.29744
22	167	1.3168
22	170	1.28347
22	176	1.32256
22	177	1.29798
22	178	1.2883
23	7	1.35411
23	24	0.523719
23	27	0.573814
23	76	0.520564
23	101	1.25511
23	105	0.505724
23	156	1.28385
23	158	1.30675
23	168	0.486886
23	173	1.31191
23	174	1.28869
23	179	1.292
23	180	1.31614
24	23	0.523719
24	70	0.51013
24	71	0.494684
24	97	1.28147
24	132	0.542467
24	153	0.518952
24	167	1.3176
24	168	1.30715
24	170	1.28426
24	171	1.30277
24	176	1.32335
24	177	1.29877
24	178	1.2891
25	80	1.28864
25	100	1.34309
25	113	1.28967
25	117	0.540463
25	144	1.2906
25	147	1.28019
25	149	1.3212
25	153	1.31993
25	158	0.54715
25	161	1.27457
25	167	0.499032
25	168	0.502768
25	171	0.511622
26	66	0.504923
26	113	1.29672
26	125	0.51938
26	152	1.29797
26	153	1.32699
26	154	1.28781
26	165	0.531236
26	169	1.29652
26	174	1.28972
26	176	0.512411
26	178	0.540684
26	179	1.29304
26	180	1.31717
27	23	0.573814
27	35	1.17573
27	77	1.24339
27	85	1.26528
27	106	1.27043
27	113	1.24593
27	124	1.26178
27	140	0.535917
27	142	0.564497
27	147	1.23645
27	153	1.27619
27	161	1.23083
27	174	0.581475
27	177	0.54622
28	99	0.469614
28	114	0.488285
28	146	0.450525
28	148	1.37134
28	150	0.447095
28	151	1.44062
28	160	0.470637
28	165	1.39649
28	168	1.4054
28	170	1.38251
28	171	1.40102
28	176	1.4216
28	178	1.38735
28	179	0.464266
29	89	0.435996
29	105	0.482212
29	115	1.38892
29	137	0.465429
29	155	0.478017
29	158	1.40354
29	162	0.466293
29	166	1.42473
29	169	1.39227
29	173	1.4087
29	174	1.38548
29	178	0.483359
29	179	1.38879
29	180	1.41293
30	10	0.652248
30	46	0.525453
30	107	0.576371
30	108	0.514258
30	111	1.19103
30	130	1.2207
30	149	1.27575
30	153	1.27449
30	157	1.23763
30	161	1.22913
30	172	0.533071
30	176	1.27955
30	177	1.25497
30	178	1.2453
31	81	0.585072
31	95	0.585395
31	150	1.27683
31	155	0.556741
31	156	1.22519
31	158	1.2481
31	169	1.23683
31	172	1.25023
31	173	1.25325
31	174	1.23003
31	176	0.533811
31	177	0.547868
31	179	1.23335
31	180	1.25748
32	1	0.549468
32	17	0.53445
32	142	1.23384
32	146	0.572136
32	157	1.23047
32	164	0.580346
32	165	1.24728
32	168	1.25619
32	170	1.23331
32	171	1.25182
32	173	0.561672
32	176	1.2724
32	177	1.24782
32	178	1.23814
33	16	0.545425
33	44	1.36685
33	55	0.416451
33	58	1.32542
33	68	1.40263
33	82	1.32641
33	83	1.42856
33	90	1.45253
33	104	1.38942
33	113	0.468134
33	145	0.45097
33	174	0.45593
33	175	1.51273
33	179	0.458295
34	52	1.34552
34	95	0.606012
34	132	1.2138
34	150	1.26346
34	154	1.21475
34	162	0.565634
34	169	1.22346
34	172	1.23686
34	173	1.23988
34	175	0.513168
34	176	0.554428
34	177	0.568485
34	179	1.21998
34	180	1.24411
35	27	1.17573
35	42	1.26461
35	67	1.30267
35	124	1.2558
35	144	1.24088
35	147	1.23046
35	152	1.2412
35	153	1.27021
35	161	1.22485
35	165	0.575815
35	172	0.584071
35	175	0.515731
35	176	0.556991
35	177	0.571048
36	6	0.460811
36	67	0.447603
36	114	0.481939
36	115	0.469255
36	136	1.39883
36	145	1.37509
36	156	0.469695
36	157	1.39267
36	158	0.458912
36	168	1.41838
36	170	1.3955
36	171	1.41401
36	177	1.41001
36	178	1.40033
37	4	0.55594
37	41	0.521461
37	103	1.27185
37	114	1.25201
37	120	1.22941
37	122	1.21876
37	123	1.22274
37	128	1.2589
37	131	1.24645
37	154	0.596065
37	159	0.558755
37	163	1.24714
37	164	1.25125
37	172	0.576106
38	84	1.39836
38	91	1.29291
38	111	1.28391
38	124	1.35295
38	125	0.493065
38	136	1.33666
38	144	1.33803
38	150	0.520602
38	152	1.33835
38	154	1.32818
38	158	0.538765
38	161	1.322
38	167	0.490647
38	175	0.444836
38	178	0.514369
39	77	0.519638
39	105	1.33424
39	108	0.466482
39	129	0.495249
39	156	0.521665
39	157	1.31636
39	159	1.33002
39	162	1.34916
39	168	1.34208
39	170	1.3192
39	176	1.35829
39	177	1.33371
39	178	1.32403
39	179	0.50989
39	180	0.481947
40	64	0.506835
40	103	1.35902
40	110	0.511571
40	114	1.33918
40	118	1.33243
40	122	1.30593
40	123	1.30991
40	128	1.34607
40	130	0.521263
40	131	1.33362
40	153	0.524668
40	163	1.33431
40	164	1.33842
40	166	0.494814
40	175	0.446524
41	10	0.555642
41	37	0.521461
41	58	0.49999
41	114	0.485079
41	123	0.470332
41	128	0.454575
41	145	1.30741
41	163	1.3353
41	167	1.36115
41	170	1.32782
41	174	1.32458
41	177	1.34233
41	178	1.33266
41	179	1.3279
41	180	1.35203
42	9	0.482266
42	35	1.26461
42	66	0.482129
42	73	1.37117
42	75	1.32516
42	113	1.33481
42	123	0.550566
42	124	1.35067
42	129	1.34086
42	141	0.49733
42	147	1.32533
42	153	1.36508
42	161	1.31971
42	167	0.494168
42	168	0.497904
43	62	0.485832
43	78	1.33951
43	93	1.29292
43	118	1.34255
43	122	1.31605
43	123	1.32003
43	128	1.35619
43	131	1.34374
43	160	0.537772
43	163	1.34443
43	164	1.34854
43	166	0.486754
43	172	0.506805
43	176	0.479724
43	178	0.507997
44	33	1.36685
44	58	1.25856
44	60	1.26857
44	68	1.33578
44	82	1.25955
44	83	1.36171
44	90	1.38567
44	104	1.32256
44	140	0.47705
44	155	0.496226
44	161	0.536114
44	162	0.484502
44	169	0.51679
44	171	0.490437
44	175	1.44587
45	46	0.501808
45	71	1.36373
45	72	0.483299
45	73	1.35369
45	109	0.494964
45	117	0.528327
45	124	1.33318
45	129	1.32338
45	135	1.34718
45	138	0.471747
45	147	1.30785
45	152	1.31858
45	153	1.34759
45	161	1.30223
45	163	0.528198
46	30	0.525453
46	45	0.501808
46	61	0.464797
46	112	0.530493
46	115	1.32902
46	118	0.504087
46	139	1.30257
46	164	1.3404
46	165	0.475236
46	169	1.33237
46	172	1.34577
46	173	1.34879
46	174	1.32557
46	179	1.32889
46	180	1.35302
47	62	1.359
47	74	0.522798
47	135	0.497264
47	142	1.32021
47	145	1.29926
47	161	0.510921
47	164	0.494249
47	167	1.353
47	169	0.491597
47	170	1.31967
47	171	1.33818
47	172	0.475184
47	176	1.35876
47	177	1.33418
47	178	1.3245
48	19	1.49042
48	136	0.511095
48	139	1.28593
48	152	0.527458
48	156	1.30409
48	158	1.32699
48	167	0.496979
48	169	1.31573
48	171	0.509569
48	172	1.32913
48	174	1.30893
48	175	0.451168
48	177	0.506485
48	179	1.31225
48	180	1.33638
49	55	0.479797
49	129	0.507
49	155	1.308
49	157	1.30154
49	165	1.31835
49	167	1.33771
49	171	1.32288
49	172	0.497045
49	173	0.497435
49	174	0.519276
49	175	1.44894
49	176	1.34346
49	177	1.31888
49	178	1.30921
49	180	0.493697
50	3	1.13914
50	12	1.30185
50	20	1.23256
50	53	1.36343
50	68	1.27844
50	82	1.20222
50	83	1.30437
50	90	1.32833
50	93	0.583032
50	104	1.26523
50	139	0.557304
50	160	0.548202
50	166	0.497184
50	171	0.507296
50	175	1.38853
50	177	0.504212
51	75	0.527247
51	111	0.563518
51	121	0.492753
51	123	0.552618
51	147	0.550969
51	150	1.31218
51	156	1.26054
51	158	1.28345
51	164	1.28021
51	169	1.27218
51	171	0.508811
51	172	1.28558
51	173	1.2886
51	174	1.26538
51	179	1.2687
51	180	1.29283
52	2	0.476315
52	34	1.34552
52	98	1.42328
52	124	0.476645
52	141	0.450021
52	142	0.474642
52	154	1.42309
52	155	0.465239
52	158	1.44306
52	160	1.41861
52	171	0.45945
52	172	1.4452
52	174	1.425
52	175	0.401049
52	179	1.42832
52	180	1.45245
53	10	1.27893
53	50	1.36343
53	58	1.37934
53	60	1.38935
53	68	1.45656
53	84	0.43591
53	90	1.50645
53	96	0.435973
53	104	1.44334
53	116	1.41488
53	147	0.494195
53	166	0.441925
53	169	0.478389
53	175	1.56665
53	176	0.434895
53	179	0.486572
54	84	0.504348
54	94	0.576169
54	136	0.521999
54	141	0.511045
54	143	1.27618
54	146	1.29552
54	148	0.523839
54	150	1.31015
54	158	1.28142
54	160	1.25697
54	161	0.56615
54	164	1.27819
54	173	1.28658
54	174	1.26336
54	179	1.26667
54	180	1.29081
55	33	0.416451
55	49	0.479797
55	84	0.447796
55	92	0.470972
55	114	1.4347
55	118	1.42794
55	122	1.40145
55	123	1.40542
55	128	1.44159
55	160	1.41272
55	165	0.465606
55	168	0.455068
55	171	0.463922
55	173	1.44232
55	174	1.41911
55	179	1.42242
56	71	0.521943
56	125	0.516297
56	126	1.28225
56	129	0.546364
56	138	1.31754
56	144	0.544445
56	146	1.28942
56	148	0.529835
56	150	1.30406
56	160	1.25087
56	172	1.27746
56	173	1.28048
56	174	1.25726
56	178	0.5376
56	179	1.26058
56	180	1.28471
57	81	1.24483
57	93	1.24275
57	103	1.31897
57	118	1.29238
57	120	1.27653
57	122	1.26588
57	123	1.26986
57	131	1.29357
57	138	0.498016
57	152	0.543645
57	154	0.555654
57	155	0.531544
57	163	1.29426
57	164	1.29837
57	169	0.552108
57	177	0.522671
58	3	1.15505
58	33	1.32542
58	41	0.49999
58	44	1.25856
58	53	1.37934
58	60	1.22714
58	68	1.29435
58	82	1.21812
58	104	1.28113
58	111	0.599402
58	116	1.25267
58	138	0.516956
58	140	0.531308
58	167	0.532105
58	175	1.40444
58	176	0.527554
59	7	0.532511
59	18	1.3468
59	93	1.23247
59	114	1.28886
59	120	1.26625
59	122	1.2556
59	123	1.25958
59	128	1.29575
59	131	1.28329
59	138	0.507278
59	148	0.538383
59	163	1.28399
59	164	1.28809
59	167	0.522427
59	169	0.56137
59	178	0.546149
60	3	1.16506
60	10	1.12673
60	20	1.25849
60	44	1.26857
60	53	1.38935
60	58	1.22714
60	72	0.516842
60	83	1.33029
60	90	1.35425
60	116	1.26268
60	136	0.534555
60	140	0.519642
60	143	0.559433
60	171	0.533029
60	175	1.41445
60	180	0.539621
61	17	0.445584
61	46	0.464797
61	74	0.520029
61	117	0.491317
61	145	1.33035
61	148	1.33959
61	156	0.508786
61	159	1.36158
61	162	1.38073
61	164	0.49148
61	165	1.36473
61	170	1.35076
61	171	1.36927
61	173	0.472806
61	176	1.38985
61	177	1.36527
61	178	1.35559
62	5	0.462816
62	43	0.485832
62	47	1.359
62	70	0.471117
62	91	0.504906
62	138	1.399
62	139	0.510206
62	145	1.32155
62	154	0.490096
62	162	1.37193
62	168	1.36484
62	170	1.34196
62	171	1.36047
62	173	0.470528
62	176	1.38105
62	177	1.35647
62	178	1.34679
63	7	0.456975
63	91	0.504189
63	119	0.492218
63	140	1.37754
63	141	1.36705
63	145	1.32455
63	151	1.40307
63	154	0.48938
63	159	1.35578
63	165	1.35893
63	170	1.34496
63	171	1.36347
63	173	0.469811
63	174	0.491652
63	177	1.35947
63	178	1.3498
63	179	0.494017
64	3	1.23706
64	40	0.506835
64	68	1.37635
64	83	1.40228
64	94	0.528836
64	104	1.36314
64	115	1.34209
64	121	0.457083
64	142	0.488333
64	149	0.484765
64	156	1.3338
64	168	0.464286
64	171	0.473141
64	172	1.35884
64	175	1.48645
64	179	1.34196
64	180	1.36609
65	3	0.605838
65	107	1.33056
65	110	1.38617
65	116	0.468723
65	132	1.34429
65	140	0.452911
65	144	0.484274
65	150	1.39394
65	156	1.34231
65	164	1.36198
65	167	0.453708
65	173	1.37037
65	174	1.34715
65	177	0.463214
65	178	0.47743
65	179	1.35046
65	180	1.3746
66	26	0.504923
66	42	0.482129
66	89	1.41537
66	115	0.492471
66	147	0.48876
66	150	0.463966
66	151	1.39301
66	157	1.33207
66	158	0.482129
66	159	1.34572
66	165	1.34888
66	167	1.36824
66	168	1.35779
66	171	1.35341
66	174	0.478772
66	177	1.34941
66	178	1.33974
67	35	1.30267
67	36	0.447603
67	91	1.32868
67	110	0.502094
67	111	1.31968
67	129	1.37892
67	135	1.40272
67	147	1.36339
67	149	1.4044
67	152	1.37412
67	154	1.36396
67	157	0.518152
67	161	1.35777
67	166	0.485337
67	168	0.486594
67	174	0.52762
67	175	0.437048
68	10	1.19394
68	33	1.40263
68	44	1.33578
68	50	1.27844
68	53	1.45656
68	58	1.29435
68	64	1.37635
68	89	0.460764
68	90	1.42146
68	104	1.35835
68	138	0.469257
68	163	0.525707
68	166	0.486884
68	167	0.484406
68	168	0.488142
68	171	0.496996
68	175	1.48166
69	75	0.496677
69	84	0.462115
69	86	1.36626
69	91	0.52295
69	126	1.37508
69	127	0.484653
69	133	1.34375
69	155	0.48403
69	156	1.34526
69	162	0.472305
69	169	1.35689
69	170	0.483007
69	172	1.3703
69	173	1.37332
69	174	1.3501
69	179	1.35341
69	180	1.37755
70	6	1.38862
70	24	0.51013
70	62	0.471117
70	108	1.41707
70	116	0.484575
70	156	1.33389
70	157	0.504854
70	158	1.3568
70	160	1.33234
70	163	1.34945
70	165	0.483834
70	168	0.473296
70	172	1.35893
70	173	1.36195
70	177	0.479066
70	179	1.34205
70	180	1.36618
71	24	0.494684
71	45	1.36373
71	56	0.521943
71	85	1.37589
71	91	1.31236
71	106	1.38105
71	119	0.499441
71	138	0.438966
71	144	1.35748
71	147	1.34706
71	149	1.38807
71	153	1.38681
71	154	1.34763
71	157	0.489408
71	160	0.507611
71	161	1.34145
71	166	0.456593
72	14	0.465055
72	45	0.483299
72	60	0.516842
72	113	0.499418
72	126	0.480022
72	141	1.36623
72	155	1.34778
72	159	1.35497
72	162	1.37412
72	168	1.36703
72	170	1.34415
72	171	1.36266
72	176	1.38324
72	177	1.35866
72	178	1.34898
72	179	0.489579
72	180	0.461636
73	19	0.42869
73	42	1.37117
73	45	1.35369
73	85	1.36586
73	87	0.484454
73	92	1.37716
73	104	0.499502
73	124	1.36236
73	144	1.34744
73	147	1.33703
73	149	1.37804
73	153	1.37677
73	161	1.33141
73	164	0.519069
73	176	0.472923
73	178	0.501196
73	180	0.496657
74	47	0.522798
74	61	0.520029
74	84	0.512658
74	87	1.31951
74	143	1.30758
74	148	0.532149
74	158	1.31282
74	160	1.28836
74	162	0.522848
74	164	1.30958
74	166	1.33401
74	169	1.30155
74	172	1.31495
74	174	1.29476
74	175	0.470383
74	177	0.5257
74	179	1.29807
74	180	1.3222
75	42	1.32516
75	51	0.527247
75	69	0.496677
75	110	0.496312
75	118	0.520201
75	129	1.30654
75	139	0.539675
75	141	1.31882
75	149	1.33202
75	155	1.30036
75	157	1.2939
75	161	1.2854
75	163	0.518378
75	170	1.29673
75	173	0.499997
75	176	1.33582
75	177	1.31124
75	178	1.30157
76	13	0.480519
76	23	0.520564
76	110	0.5027
76	127	1.29498
76	151	1.33653
76	154	0.525953
76	156	0.542365
76	157	1.27558
76	165	1.29239
76	166	1.31444
76	169	0.522407
76	170	1.27842
76	171	1.29693
76	175	1.42298
76	176	1.31751
76	177	1.29293
76	178	1.28325
76	180	0.502647
77	27	1.24339
77	39	0.519638
77	100	1.36102
77	111	1.25441
77	124	1.32346
77	135	1.33746
77	147	1.29812
77	149	1.33913
77	150	0.532879
77	152	1.30885
77	153	1.33787
77	154	1.29869
77	160	0.556421
77	161	1.29251
77	166	0.505403
77	170	0.52028
77	175	0.457113
77	177	0.51243
78	43	1.33951
78	95	1.24271
78	103	1.33738
78	111	0.559538
78	114	1.31754
78	118	1.31078
78	119	0.537568
78	120	1.29494
78	123	1.28827
78	128	1.32443
78	131	1.31198
78	141	0.495402
78	153	0.524574
78	159	0.49742
78	163	1.31267
78	164	1.31678
78	166	0.49472
78	168	0.495977
79	83	0.477504
79	104	0.503521
79	139	0.544092
79	140	1.32947
79	142	1.29742
79	146	0.514879
79	148	1.28572
79	157	1.29406
79	165	1.31086
79	167	1.33022
79	170	1.29689
79	171	1.3154
79	174	0.526255
79	176	1.33598
79	177	1.3114
79	178	1.30172
79	179	0.52862
79	180	0.500676
80	25	1.28864
80	85	1.32847
80	95	0.538349
80	112	1.25558
80	113	1.30912
80	115	0.549776
80	127	0.510318
80	133	0.542929
80	135	1.33897
80	136	1.30868
80	144	1.31005
80	149	1.34065
80	152	1.31037
80	155	1.30899
80	161	1.29402
80	169	0.530259
80	175	0.445505
80	176	0.486765
81	31	0.585072
81	57	1.24483
81	106	0.529754
81	109	1.28667
81	115	0.551221
81	120	1.25042
81	122	1.23977
81	123	1.24375
81	131	1.26746
81	133	0.544374
81	143	0.531756
81	164	1.27226
81	168	1.28355
81	171	1.27918
81	176	1.29976
81	177	1.27518
81	178	1.26551
81	179	0.539887
81	180	0.511943
82	3	1.15604
82	10	1.11771
82	12	1.31875
82	13	0.533578
82	20	1.24947
82	33	1.32641
82	44	1.25955
82	50	1.20222
82	58	1.21812
82	83	1.32127
82	87	0.543503
82	90	1.34523
82	104	1.28213
82	137	0.542315
82	165	0.550797
82	166	0.539002
82	170	0.55388
82	175	1.40543
82	177	0.54603
83	7	0.452144
83	20	1.35162
83	33	1.42856
83	44	1.36171
83	50	1.30437
83	60	1.33029
83	64	1.40228
83	79	0.477504
83	82	1.32127
83	86	0.496007
83	90	1.44739
83	101	0.5185
83	104	1.38428
83	116	1.35581
83	135	0.486669
83	166	0.444539
83	170	0.459416
83	173	0.464981
83	175	1.50759
84	8	1.41963
84	38	1.39836
84	53	0.43591
84	54	0.504348
84	55	0.447796
84	69	0.462115
84	74	0.512658
84	118	0.48564
84	137	1.37619
84	147	1.36193
84	155	1.37127
84	159	1.37847
84	161	1.35631
84	164	0.484109
84	165	1.38162
84	172	0.465044
84	176	1.40674
84	177	1.38216
84	178	1.37248
85	27	1.26528
85	71	1.37589
85	73	1.36586
85	80	1.32847
85	100	1.38291
85	105	0.492787
85	111	1.27631
85	120	0.536074
85	124	1.34535
85	126	0.507782
85	129	1.33554
85	132	0.52606
85	144	1.33043
85	145	0.510014
85	147	1.32001
85	153	1.35976
85	161	1.3144
85	166	0.472692
85	167	0.470213
85	170	0.487569
86	13	1.3817
86	69	1.36626
86	83	0.496007
86	102	0.518385
86	110	1.35133
86	132	1.30945
86	137	0.505788
86	142	0.52778
86	143	1.32513
86	146	1.34447
86	156	1.30747
86	167	0.499997
86	169	1.3191
86	171	0.512588
86	172	1.33251
86	174	1.31231
86	175	0.454186
86	176	0.495446
86	179	1.31562
86	180	1.33976
87	3	0.605159
87	73	0.484454
87	74	1.31951
87	82	0.543503
87	88	0.441903
87	108	1.39924
87	115	1.32434
87	128	0.493669
87	133	1.31455
87	136	0.467146
87	143	1.33372
87	157	0.488324
87	158	1.33896
87	160	1.31451
87	169	1.32769
87	172	1.3411
87	174	1.3209
87	178	0.476751
87	179	1.32421
87	180	1.34835
88	87	0.441903
88	92	1.42928
88	98	0.494559
88	105	0.457497
88	106	1.42312
88	107	0.500753
88	111	1.34544
88	113	1.39862
88	129	1.40467
88	133	0.486536
88	136	1.39819
88	138	0.419775
88	142	0.462706
88	144	1.39956
88	152	1.39988
88	153	1.42889
88	154	1.38971
88	155	1.39849
88	158	0.483041
88	161	1.38353
88	178	0.458645
89	29	0.435996
89	66	1.41537
89	68	0.460764
89	102	1.39681
89	107	0.488238
89	135	0.467017
89	143	0.461403
89	148	1.37192
89	158	0.470526
89	160	0.475905
89	162	1.41306
89	164	0.464003
89	165	1.39707
89	167	1.41643
89	168	1.40598
89	170	1.3831
89	171	1.4016
89	176	1.42218
89	177	1.3976
89	178	1.38793
89	179	0.469534
90	6	0.490931
90	10	1.24383
90	20	1.37558
90	22	0.484392
90	33	1.45253
90	44	1.38567
90	50	1.32833
90	53	1.50645
90	60	1.35425
90	68	1.42146
90	82	1.34523
90	83	1.44739
90	96	0.437442
90	104	1.40824
90	119	0.486242
90	150	0.470869
90	175	1.53155
90	176	0.436364
90	177	0.450421
90	178	0.464636
90	179	0.488041
91	8	1.31418
91	38	1.29291
91	62	0.504906
91	63	0.504189
91	67	1.32868
91	69	0.52295
91	71	1.31236
91	100	1.31938
91	106	1.29046
91	115	0.561809
91	135	1.29581
91	137	0.50914
91	144	1.26689
91	149	1.29749
91	152	1.26721
91	153	1.29623
91	155	1.26583
91	161	1.25086
91	166	0.505827
91	169	0.542292
91	179	0.550475
92	7	0.475774
92	21	0.519424
92	55	0.470972
92	73	1.37716
92	88	1.42928
92	95	0.512723
92	96	0.462218
92	97	0.48877
92	100	1.39422
92	102	0.484079
92	107	0.53152
92	111	1.28761
92	113	1.3408
92	129	1.34685
92	144	1.34173
92	147	1.33132
92	149	1.37233
92	152	1.34205
92	153	1.37107
92	155	1.34067
92	161	1.3257
92	162	0.472345
93	43	1.29292
93	50	0.583032
93	57	1.24275
93	59	1.23247
93	95	1.19611
93	97	0.557457
93	103	1.29078
93	114	1.27094
93	118	1.26418
93	120	1.24834
93	122	1.23769
93	123	1.24167
93	128	1.27783
93	130	0.563305
93	131	1.26538
93	138	0.519228
93	144	0.564943
93	163	1.26607
93	164	1.27018
93	166	0.536856
93	167	0.534377
93	173	0.557298
94	15	1.29635
94	54	0.576169
94	64	0.528836
94	99	0.566809
94	121	1.27181
94	127	1.24423
94	148	1.2165
94	157	1.22483
94	159	1.23849
94	164	0.55593
94	165	1.24164
94	167	1.261
94	168	1.25055
94	171	1.24618
94	172	0.536865
94	173	0.537256
94	174	0.559097
94	175	1.37223
94	176	1.26676
94	177	1.24218
94	178	1.2325
94	180	0.533518
95	31	0.585395
95	34	0.606012
95	78	1.24271
95	80	0.538349
95	92	0.512723
95	93	1.19611
95	114	1.25249
95	117	0.534514
95	118	1.24574
95	120	1.22989
95	127	1.2567
95	131	1.24693
95	156	0.551984
95	161	0.55135
95	162	1.27011
95	163	1.24762
95	167	1.27348
95	171	1.25865
95	173	0.516004
95	175	1.38471
95	177	1.25465
95	178	1.24498
96	3	0.594707
96	53	0.435973
96	90	0.437442
96	92	0.462218
96	104	0.464605
96	113	0.499542
96	114	0.513722
96	120	0.508439
96	141	1.362
96	144	0.473143
96	151	1.39802
96	159	1.35073
96	160	1.33028
96	170	1.33991
96	172	1.35687
96	173	1.35989
96	174	1.33667
96	176	1.379
96	177	1.35442
96	178	1.34475
96	179	1.33999
96	180	1.36412
97	17	0.464828
97	24	1.28147
97	92	0.48877
97	93	0.557457
97	103	0.508968
97	106	0.506123
97	123	0.525527
97	131	0.534186
97	146	1.32875
97	151	1.35794
97	152	0.499609
97	153	0.501462
97	157	1.297
97	160	1.2902
97	167	1.33316
97	169	1.30339
97	171	1.31834
97	172	1.31679
97	173	1.31981
97	176	1.33892
97	178	1.30467
97	179	1.29991
97	180	1.32404
98	9	0.493784
98	52	1.42328
98	88	0.494559
98	103	0.545524
98	115	1.29787
98	117	1.29386
98	119	1.30954
98	132	1.29156
98	137	0.511477
98	150	1.34122
98	156	1.28958
98	158	1.31248
98	159	0.510865
98	162	0.51234
98	169	1.30122
98	170	0.523042
98	172	1.31462
98	173	1.31764
98	174	1.29442
98	176	0.501135
98	177	0.515192
98	179	1.29774
98	180	1.32187
99	28	0.469614
99	94	0.566809
99	101	1.27476
99	102	0.516912
99	116	0.513539
99	139	1.28534
99	143	1.32117
99	146	1.3405
99	148	0.514479
99	156	1.3035
99	158	1.3264
99	159	0.503702
99	160	1.30195
99	162	0.505178
99	164	1.32317
99	165	0.512797
99	169	1.31514
99	172	1.32854
99	173	1.33156
99	174	1.30834
99	177	0.50803
99	179	1.31166
99	180	1.33579
100	8	1.41179
100	21	0.500891
100	25	1.34309
100	77	1.36102
100	85	1.38291
100	91	1.31938
100	92	1.39422
100	106	1.38807
100	113	1.36356
100	124	1.37942
100	142	0.47494
100	145	0.486958
100	149	1.39509
100	152	1.36482
100	153	1.39383
100	154	1.35465
100	157	0.482452
100	158	0.495275
100	161	1.34847
100	163	0.488459
100	166	0.449636
100	171	0.459748
100	178	0.470879
100	179	0.494284
101	13	1.33196
101	23	1.25511
101	83	0.5185
101	99	1.27476
101	115	1.26601
101	119	1.27768
101	126	1.28755
101	127	0.541492
101	134	0.525028
101	145	0.562291
101	146	1.29472
101	150	1.30936
101	155	0.540869
101	156	1.25773
101	159	0.527669
101	164	1.2774
101	169	1.26936
101	170	0.539846
101	171	0.535081
101	173	1.28578
101	174	1.26257
101	176	0.517939
101	179	1.26588
101	180	1.29002
102	12	0.481706
102	86	0.518385
102	89	1.39681
102	92	0.484079
102	99	0.516912
102	125	1.32499
102	141	1.33843
102	145	1.29594
102	148	1.30518
102	149	0.488653
102	152	0.494918
102	155	1.31997
102	157	1.31351
102	162	1.34631
102	163	0.50574
102	166	1.35236
102	167	1.34968
102	170	1.31635
102	171	1.33485
102	174	0.5092
102	176	1.35543
102	177	1.33086
102	178	1.32118
102	179	0.511564
102	180	0.483621
103	17	1.39229
103	37	1.27185
103	40	1.35902
103	57	1.31897
103	78	1.33738
103	93	1.29078
103	97	0.508968
103	98	0.545524
103	114	1.34717
103	118	1.34041
103	120	1.32456
103	122	1.31391
103	123	1.31789
103	128	1.35406
103	131	1.3416
103	134	0.488426
103	141	0.48905
103	143	0.524883
103	150	0.515843
103	163	1.3423
103	164	1.3464
103	166	0.488367
103	171	0.498479
103	175	0.440078
103	180	0.505071
104	3	1.21905
104	10	1.18072
104	20	1.31248
104	22	0.511554
104	33	1.38942
104	44	1.32256
104	50	1.26523
104	53	1.44334
104	58	1.28113
104	64	1.36314
104	68	1.35835
104	73	0.499502
104	79	0.503521
104	82	1.28213
104	83	1.38428
104	90	1.40824
104	96	0.464605
104	116	1.31667
104	126	0.505646
104	163	0.509379
104	164	0.509672
104	175	1.46844
104	178	0.491799
104	179	0.515203
104	180	0.48726
105	23	0.505724
105	29	0.482212
105	39	1.33424
105	85	0.492787
105	88	0.457497
105	110	0.48786
105	113	0.525589
105	125	1.32631
105	126	0.506193
105	127	1.33423
105	131	0.53368
105	141	1.33976
105	148	1.3065
105	159	1.32849
105	162	1.34764
105	163	0.509926
105	165	1.33164
105	167	1.35101
105	168	1.34056
105	170	1.31767
105	171	1.33618
105	172	0.491154
105	176	1.35676
105	177	1.33218
105	178	1.32251
106	27	1.27043
106	71	1.38105
106	81	0.529754
106	88	1.42312
106	91	1.29046
106	97	0.506123
106	100	1.38807
106	111	1.28146
106	112	1.2811
106	113	1.33465
106	129	1.3407
106	137	0.488835
106	147	1.32517
106	152	1.3359
106	153	1.36491
106	154	1.32574
106	155	1.33451
106	161	1.31955
106	164	0.524638
106	166	0.485522
106	170	0.5004
106	171	0.495634
106	173	0.505964
106	176	0.478493
106	177	0.49255
107	14	1.35093
107	30	0.576371
107	65	1.33056
107	88	0.500753
107	89	0.488238
107	92	0.53152
107	108	1.35789
107	119	1.29467
107	133	1.27321
107	143	1.29238
107	146	1.31171
107	151	0.497044
107	156	1.27471
107	160	1.27316
107	163	1.29027
107	167	0.51188
107	168	0.515616
107	169	1.28635
107	170	0.529236
107	172	1.29975
107	173	1.30277
107	174	1.27955
107	177	0.521386
107	178	0.535601
107	179	1.28287
107	180	1.307
108	2	0.479223
108	9	0.437865
108	30	0.514258
108	39	0.466482
108	70	1.41707
108	87	1.39924
108	107	1.35789
108	109	0.457835
108	117	1.37393
108	131	0.514823
108	132	1.37162
108	135	1.41134
108	143	1.38731
108	147	0.504516
108	160	1.3681
108	164	1.38932
108	165	0.464041
108	167	0.449767
108	168	0.453503
108	169	1.38128
108	172	1.39468
108	173	1.3977
108	174	1.37449
108	177	0.459274
108	179	1.3778
108	180	1.40193
109	12	0.471385
109	45	0.494964
109	81	1.28667
109	108	0.457835
109	117	0.495549
109	121	1.37277
109	125	1.33727
109	130	1.30886
109	132	0.509965
109	138	1.38566
109	144	0.484684
109	145	1.30822
109	156	0.513019
109	157	1.32579
109	159	1.33944
109	162	1.35859
109	167	1.36196
109	168	1.35151
109	169	0.493061
109	170	1.32863
109	171	1.34713
109	174	0.498879
109	175	1.47319
109	176	1.36771
109	177	1.34313
109	179	0.501244
109	180	0.473301
110	40	0.511571
110	65	1.38617
110	67	0.502094
110	75	0.496312
110	76	0.5027
110	86	1.35133
110	105	0.48786
110	112	0.534818
110	134	0.467824
110	139	1.31216
110	150	1.38196
110	156	1.33032
110	158	1.35323
110	160	1.32877
110	163	1.34589
110	164	1.34999
110	166	1.37442
110	169	1.34196
110	171	0.477876
110	172	1.35536
110	173	1.35838
110	174	1.33517
110	176	0.460735
110	177	0.474792
110	178	0.489007
110	179	1.33848
110	180	1.36261
111	30	1.19103
111	38	1.28391
111	51	0.563518
111	58	0.599402
111	67	1.31968
111	77	1.25441
111	78	0.559538
111	85	1.27631
111	88	1.34544
111	92	1.28761
111	106	1.28146
111	113	1.25696
111	119	0.558675
111	125	0.515765
111	129	1.26301
111	134	0.515885
111	136	1.25652
111	147	1.24748
111	149	1.28849
111	152	1.25821
111	153	1.28722
111	155	1.25683
111	159	0.518526
111	161	1.24186
111	168	0.517083
111	171	0.525938
111	180	0.53253
112	19	0.466797
112	46	0.530493
112	80	1.25558
112	106	1.2811
112	110	0.534818
112	136	1.25617
112	140	1.28542
112	144	1.25754
112	146	0.548967
112	149	1.28813
112	151	1.31095
112	152	1.25785
112	153	1.28687
112	155	1.25647
112	161	1.24151
112	162	1.28281
112	163	0.556883
112	164	0.557176
112	170	1.25284
112	171	1.27135
112	172	0.538112
112	173	0.538502
112	174	0.560343
112	176	1.29193
112	177	1.26735
112	178	1.25768
112	179	0.562708
113	25	1.28967
113	26	1.29672
113	27	1.24593
113	33	0.468134
113	42	1.33481
113	72	0.499418
113	80	1.30912
113	88	1.39862
113	92	1.3408
113	96	0.499542
113	100	1.36356
113	105	0.525589
113	106	1.33465
113	111	1.25696
113	116	0.51803
113	124	1.326
113	125	0.505433
113	136	1.30971
113	144	1.31108
113	147	1.30066
113	149	1.34167
113	150	0.53297
113	153	1.34041
113	161	1.29505
113	170	0.520371
113	171	0.515605
113	176	0.498464
113	180	0.522197
114	17	1.37245
114	28	0.488285
114	36	0.481939
114	37	1.25201
114	40	1.33918
114	41	0.485079
114	55	1.4347
114	59	1.28886
114	78	1.31754
114	93	1.27094
114	95	1.25249
114	96	0.513722
114	103	1.34717
114	118	1.32057
114	120	1.30473
114	122	1.29408
114	123	1.29805
114	128	1.33422
114	131	1.32177
114	136	0.53131
114	138	0.502046
114	155	0.535574
114	159	0.522373
114	163	1.32246
114	164	1.32657
114	166	0.519673
114	168	0.52093
114	176	0.512643
115	7	1.36502
115	29	1.38892
115	36	0.469255
115	46	1.32902
115	64	1.34209
115	66	0.492471
115	80	0.549776
115	81	0.551221
115	87	1.32434
115	91	0.561809
115	98	1.29787
115	101	1.26601
115	125	0.506928
115	139	1.27659
115	146	1.33175
115	151	0.489674
115	155	0.522889
115	160	1.2932
115	164	1.31442
115	167	0.50451
115	169	1.30638
115	172	1.31979
115	173	1.32281
115	174	1.29959
115	175	0.458699
115	176	0.499959
115	179	1.3029
115	180	1.32704
116	10	1.15226
116	12	1.3533
116	53	1.41488
116	58	1.25267
116	60	1.26268
116	65	0.468723
116	70	0.484575
116	83	1.35581
116	99	0.513539
116	104	1.31667
116	113	0.51803
116	120	0.526926
116	132	0.516912
116	133	0.512678
116	139	0.523664
116	151	1.35352
116	157	1.29258
116	161	0.519332
116	164	0.50266
116	165	1.30939
116	167	1.32875
116	168	1.3183
116	171	1.31393
116	174	0.505826
116	175	1.43998
116	176	1.33451
116	177	1.30993
116	178	1.30025
117	1	1.362
117	7	1.36101
117	25	0.540463
117	45	0.528327
117	61	0.491317
117	95	0.534514
117	98	1.29386
117	108	1.37393
117	109	0.495549
117	119	1.3107
117	124	0.517266
117	126	1.32057
117	132	1.29273
117	139	1.27258
117	141	0.490643
117	145	0.527282
117	150	1.34238
117	160	1.2892
117	162	0.494136
117	166	1.33484
117	167	0.487481
117	169	1.30238
117	172	1.31579
117	173	1.31881
117	174	1.29559
117	177	0.496987
117	179	1.2989
117	180	1.32304
118	5	0.504384
118	12	0.506443
118	17	1.36569
118	40	1.33243
118	43	1.34255
118	46	0.504087
118	55	1.42794
118	57	1.29238
118	75	0.520201
118	78	1.31078
118	84	0.48564
118	93	1.26418
118	95	1.24574
118	103	1.34041
118	114	1.32057
118	120	1.29797
118	122	1.28732
118	123	1.2913
118	128	1.32746
118	131	1.31501
118	156	0.548076
118	162	0.49583
118	163	1.3157
118	164	1.31981
118	165	0.503449
118	173	0.512096
118	178	0.512897
118	180	0.508358
119	22	0.534855
119	63	0.492218
119	71	0.499441
119	78	0.537568
119	90	0.486242
119	98	1.30954
119	101	1.27768
119	107	1.29467
119	111	0.558675
119	117	1.3107
119	128	0.532017
119	132	1.3084
119	133	1.30491
119	135	1.34811
119	139	1.28826
119	143	1.32408
119	146	1.34342
119	150	1.35805
119	152	0.521857
119	156	1.30642
119	171	0.503968
119	172	1.33146
119	173	1.33448
119	174	1.31126
119	175	0.445567
119	176	0.486826
119	179	1.31457
119	180	1.33871
120	17	1.34985
120	18	1.36267
120	37	1.22941
120	57	1.27653
120	59	1.26625
120	78	1.29494
120	81	1.25042
120	85	0.536074
120	93	1.24834
120	95	1.22989
120	96	0.508439
120	103	1.32456
120	114	1.30473
120	116	0.526926
120	118	1.29797
120	122	1.27147
120	123	1.27545
120	128	1.31162
120	131	1.29916
120	136	0.526027
120	139	0.574509
120	151	0.497075
120	163	1.29986
120	164	1.30396
120	166	0.51439
120	172	0.534441
120	177	0.521417
120	178	0.535632
120	180	0.531094
121	51	0.492753
121	64	0.457083
121	94	1.27181
121	109	1.37277
121	132	0.49843
121	133	0.494195
121	134	1.37137
121	137	1.35531
121	142	1.34731
121	149	0.466797
121	150	0.472538
121	154	0.485071
121	156	0.501483
121	157	1.34394
121	159	1.35759
121	162	1.37674
121	165	1.36074
121	167	1.3801
121	168	1.36965
121	169	0.481525
121	170	1.34677
121	171	1.36528
121	172	0.465112
121	174	0.487344
121	175	1.49133
121	176	1.38586
121	177	1.36128
121	178	1.3516
121	179	0.489709
122	18	1.35202
122	37	1.21876
122	40	1.30593
122	43	1.31605
122	55	1.40145
122	57	1.26588
122	59	1.2556
122	81	1.23977
122	93	1.23769
122	103	1.31391
122	114	1.29408
122	118	1.28732
122	120	1.27147
122	123	1.2648
122	128	1.30097
122	131	1.28852
122	134	0.508707
122	137	0.511961
122	140	0.505373
122	143	0.545164
122	149	0.530384
122	151	0.491333
122	154	0.548658
122	156	0.56507
122	163	1.28921
122	164	1.29332
122	169	0.545112
122	170	0.523525
122	178	0.529891
123	16	0.636703
123	37	1.22274
123	40	1.30991
123	41	0.470332
123	42	0.550566
123	43	1.32003
123	51	0.552618
123	55	1.40542
123	57	1.26986
123	59	1.25958
123	78	1.28827
123	81	1.24375
123	93	1.24167
123	97	0.525527
123	103	1.31789
123	114	1.29805
123	118	1.2913
123	120	1.27545
123	122	1.2648
123	128	1.30494
123	131	1.29249
123	154	0.544936
123	155	0.520827
123	163	1.29318
123	164	1.29729
123	166	0.504926
123	170	0.519803
123	175	0.456637
123	180	0.52163
124	2	1.38039
124	27	1.26178
124	35	1.2558
124	38	1.35295
124	42	1.35067
124	45	1.33318
124	52	0.476645
124	73	1.36236
124	77	1.32346
124	85	1.34535
124	100	1.37942
124	113	1.326
124	117	0.517266
124	129	1.33205
124	130	0.504764
124	132	0.531683
124	144	1.32693
124	147	1.31652
124	149	1.35753
124	151	0.460999
124	152	1.32725
124	153	1.35627
124	157	0.511129
124	161	1.3109
124	162	0.48249
124	170	0.493191
124	174	0.520597
124	177	0.485342
124	178	0.499557
124	179	0.522961
125	13	0.445523
125	26	0.51938
125	38	0.493065
125	56	0.516297
125	102	1.32499
125	105	1.32631
125	109	1.33727
125	111	0.515765
125	113	0.505433
125	115	0.506928
125	130	1.2915
125	139	0.511066
125	140	1.34385
125	141	1.33335
125	143	0.487463
125	148	1.3001
125	155	1.31489
125	160	0.501965
125	161	0.506735
125	162	1.34123
125	165	1.32524
125	167	1.3446
125	168	1.33415
125	169	0.487411
125	170	1.31127
125	171	1.32978
125	175	1.45583
125	176	1.35036
125	177	1.32578
125	178	1.3161
126	56	1.28225
126	69	1.37508
126	72	0.480022
126	85	0.507782
126	101	1.28755
126	104	0.505646
126	105	0.506193
126	117	1.32057
126	132	1.31827
126	138	1.38141
126	142	0.511402
126	143	1.33395
126	145	0.52342
126	146	1.35329
126	150	1.36792
126	154	1.31922
126	156	1.31629
126	157	0.518913
126	159	0.488798
126	160	1.31474
126	162	0.490274
126	166	1.36039
126	169	1.32792
126	170	0.500975
126	171	0.496209
126	173	1.34435
126	174	1.32113
126	176	0.479068
126	179	1.32445
126	180	1.34858
127	1	0.475769
127	13	0.462107
127	69	0.484653
127	76	1.29498
127	80	0.510318
127	94	1.24423
127	95	1.2567
127	101	0.541492
127	105	1.33423
127	129	0.497537
127	137	1.32773
127	140	1.35177
127	143	0.504047
127	157	1.31635
127	159	1.33001
127	161	0.523319
127	162	1.34915
127	165	1.33316
127	166	1.3552
127	167	1.35252
127	168	1.34207
127	171	1.33769
127	172	0.487582
127	174	0.509814
127	175	1.46375
127	176	1.35828
127	177	1.3337
127	178	1.32402
127	179	0.512178
127	180	0.484235
128	15	0.483391
128	17	1.37934
128	18	1.39216
128	37	1.2589
128	40	1.34607
128	41	0.454575
128	43	1.35619
128	55	1.44159
128	59	1.29575
128	78	1.32443
128	87	0.493669
128	93	1.27783
128	103	1.35406
128	114	1.33422
128	118	1.32746
128	119	0.532017
128	120	1.31162
128	122	1.30097
128	123	1.30494
128	131	1.32866
128	144	0.517255
128	148	0.502646
128	163	1.32935
128	164	1.33346
128	165	0.500964
128	166	0.489168
128	169	0.525633
128	170	0.504046
128	177	0.496196
128	180	0.505872
129	2	1.37058
129	4	0.480899
129	39	0.495249
129	42	1.34086
129	45	1.32338
129	49	0.507
129	56	0.546364
129	67	1.37892
129	75	1.30654
129	85	1.33554
129	88	1.40467
129	92	1.34685
129	106	1.3407
129	111	1.26301
129	124	1.33205
129	127	0.497537
129	130	0.507463
129	136	1.31576
129	139	0.541134
129	144	1.31713
129	147	1.30671
129	149	1.34772
129	152	1.31745
129	153	1.34646
129	161	1.3011
129	163	0.519837
129	166	0.481014
129	170	0.495891
129	175	0.432724
129	178	0.502257
130	30	1.2207
130	40	0.521263
130	93	0.563305
130	109	1.30886
130	124	0.504764
130	125	1.2915
130	129	0.507463
130	134	1.30746
130	135	0.519587
130	137	1.2914
130	140	1.31544
130	141	1.30495
130	146	0.508363
130	148	1.27169
130	149	0.499193
130	151	1.34097
130	154	0.517467
130	159	1.29368
130	163	0.51628
130	165	1.29684
130	166	1.31888
130	167	1.3162
130	168	1.30575
130	170	1.28286
130	174	0.51974
130	175	1.42743
130	176	1.32195
130	177	1.29737
130	178	1.2877
130	179	0.522104
130	180	0.494161
131	18	1.37971
131	19	0.462321
131	37	1.24645
131	40	1.33362
131	43	1.34374
131	57	1.29357
131	59	1.28329
131	78	1.31198
131	81	1.26746
131	93	1.26538
131	95	1.24693
131	97	0.534186
131	103	1.3416
131	105	0.53368
131	108	0.514823
131	114	1.32177
131	118	1.31501
131	120	1.29916
131	122	1.28852
131	123	1.29249
131	128	1.32866
131	138	0.495957
131	140	0.510309
131	155	0.529485
131	157	0.5464
131	162	0.517761
131	163	1.3169
131	164	1.32101
131	167	0.511106
131	171	0.523696
131	180	0.530288
132	9	0.489995
132	18	0.524149
132	24	0.542467
132	34	1.2138
132	65	1.34429
132	85	0.52606
132	86	1.30945
132	98	1.29156
132	108	1.37162
132	109	0.509965
132	116	0.516912
132	117	1.29273
132	119	1.3084
132	121	0.49843
132	124	0.531683
132	126	1.31827
132	133	1.28694
132	141	0.505059
132	143	1.30611
132	146	1.32544
132	154	1.29137
132	157	0.537191
132	160	1.28689
132	166	1.33254
132	169	1.30008
132	172	1.31348
132	174	1.29329
132	176	0.497346
132	178	0.525619
132	179	1.2966
132	180	1.32073
133	69	1.34375
133	80	0.542929
133	81	0.544374
133	87	1.31455
133	88	0.486536
133	107	1.27321
133	116	0.512678
133	119	1.30491
133	121	0.494195
133	132	1.28694
133	138	1.35008
133	139	1.2668
133	143	1.30262
133	144	0.528229
133	145	0.537464
133	146	1.32196
133	150	1.33659
133	154	1.28789
133	156	1.28496
133	157	0.532957
133	158	1.30786
133	168	0.501399
133	169	1.29659
133	171	0.510253
133	172	1.31
133	173	1.31302
133	174	1.2898
133	176	0.493112
133	178	0.521384
133	179	1.29311
133	180	1.31725
134	22	1.30807
134	101	0.525028
134	103	0.488426
134	110	0.467824
134	111	0.515885
134	121	1.37137
134	122	0.508707
134	130	1.30746
134	140	1.3598
134	141	1.34931
134	142	1.32776
134	145	1.30682
134	148	1.31606
134	150	0.478543
134	151	1.38533
134	153	0.48092
134	154	0.491077
134	157	1.32439
134	162	1.35719
134	163	0.489889
134	165	1.3412
134	167	1.36056
134	168	1.35011
134	169	0.487531
134	170	1.32723
134	173	0.471508
134	174	0.493349
134	175	1.47179
134	176	1.36631
134	177	1.34174
134	178	1.33206
134	179	0.495714
135	22	0.534136
135	45	1.34718
135	47	0.497264
135	67	1.40272
135	77	1.33746
135	80	1.33897
135	83	0.486669
135	89	0.467017
135	91	1.29581
135	108	1.41134
135	119	1.34811
135	130	0.519587
135	139	1.31
135	140	0.489862
135	144	1.34093
135	146	1.36516
135	151	0.475823
135	152	1.34125
135	153	1.37027
135	154	1.33109
135	159	0.495838
135	161	1.3249
135	167	0.490659
135	170	0.508015
135	172	1.3532
135	173	1.35622
135	174	1.333
135	175	0.444848
135	176	0.486108
135	178	0.514381
135	179	1.33631
135	180	1.36045
136	36	1.39883
136	38	1.33666
136	48	0.511095
136	54	0.521999
136	60	0.534555
136	80	1.30868
136	87	0.467146
136	88	1.39819
136	111	1.25652
136	112	1.25617
136	113	1.30971
136	114	0.53131
