1	38	1.10427
1	65	1.2086
1	117	1.16032
1	136	1.31912
1	142	0.88493
1	155	0.898805
1	157	0.888217
1	168	0.909589
1	169	0.905495
1	175	0.901743
1	177	0.904031
1	180	0.907189
2	69	1.67256
2	71	0.790275
2	148	1.55689
2	151	1.56572
2	152	0.812202
2	154	0.800115
2	158	0.796958
2	168	0.801693
2	169	0.797599
2	171	0.793543
2	173	0.808323
2	180	0.799292
3	12	0.923086
3	42	0.850665
3	48	0.937607
3	57	0.83661
3	62	0.916863
3	63	0.910665
3	64	0.916863
3	102	1.28842
3	159	0.907642
3	175	1.18213
3	176	1.18516
3	180	1.15891
4	15	0.793164
4	19	0.78202
4	22	0.765141
4	29	0.858591
4	51	0.736485
4	67	0.852549
4	77	0.778655
4	79	0.827021
4	126	1.64434
4	137	0.806374
4	171	1.58379
4	175	1.58219
5	57	0.740545
5	62	0.820797
5	64	0.820797
5	110	1.61229
5	147	0.791107
5	149	0.801373
5	165	0.825348
5	167	0.814731
5	168	1.57381
5	171	1.61992
5	176	0.79563
5	178	0.789672
6	96	0.897759
6	138	0.884364
6	139	1.23537
6	144	1.22612
6	156	1.15666
6	158	0.899866
6	162	0.903527
6	164	1.17634
6	168	0.904601
6	171	0.896451
6	173	0.911231
6	180	0.902201
7	22	0.760811
7	28	1.59892
7	67	0.848219
7	79	0.822691
7	88	0.803778
7	111	1.55218
7	134	1.64627
7	135	0.781298
7	170	0.790103
7	173	0.793147
7	179	0.815836
7	180	0.784116
8	75	1.27231
8	97	0.881539
8	103	0.891621
8	130	0.886915
8	150	0.901608
8	152	1.15193
8	166	0.904439
8	167	0.928337
8	170	1.18465
8	174	0.902263
8	178	0.903278
8	180	1.19871
9	118	1.31015
9	128	0.831528
9	135	0.866515
9	152	0.882243
9	158	0.866999
9	161	1.3153
9	163	1.27101
9	169	0.86764
9	170	0.87532
9	171	0.863584
9	172	0.876839
9	174	1.2994
9	180	0.869333
10	32	1.76974
10	100	0.80594
10	118	1.63184
10	127	0.779667
10	136	0.767756
10	145	0.773933
10	146	0.772143
10	149	0.766624
10	154	1.80008
10	163	0.784992
10	165	0.7906
10	175	0.76059
10	179	0.797756
11	56	1.30946
11	78	0.840874
11	96	0.867305
11	98	1.38598
11	110	0.865993
11	121	0.895532
11	138	0.85391
11	153	1.28091
11	169	0.870053
11	171	0.865997
11	177	0.868589
11	179	1.21671
11	180	0.871746
12	3	0.923086
12	42	0.850665
12	48	0.937607
12	57	0.83661
12	62	0.916863
12	63	0.910665
12	64	0.916863
12	103	1.09679
12	159	0.907642
12	175	1.32321
12	176	1.32625
12	178	1.0586
13	49	0.886255
13	102	0.830129
13	122	0.837746
13	127	0.879148
13	134	0.862464
13	142	1.51947
13	146	0.871624
13	150	1.27952
13	165	0.89008
13	168	1.51379
13	170	0.871503
13	175	0.86007
13	179	0.897236
14	39	1.20659
14	68	1.18418
14	73	0.818824
14	81	0.945284
14	82	0.868824
14	85	0.890738
14	88	0.926758
14	91	0.897671
14	137	1.14601
14	170	0.913084
14	176	1.27392
14	179	0.938817
15	4	0.793164
15	19	0.868904
15	21	0.859614
15	22	0.852024
15	51	0.823369
15	67	0.939433
15	77	0.865539
15	79	0.913905
15	90	0.884048
15	172	1.35121
15	175	1.40902
15	176	1.41206
15	179	1.03646
16	20	0.795041
16	78	0.755984
16	95	0.779998
16	129	0.776597
16	143	0.775484
16	157	0.767885
16	169	0.785162
16	171	0.781107
16	173	0.795886
16	174	1.7749
16	178	1.76441
16	179	1.65646
16	180	0.786856
17	78	1.38751
17	98	0.844994
17	124	0.886467
17	129	1.24036
17	132	0.85484
17	151	0.88978
17	156	0.863938
17	157	1.37768
17	160	0.849806
17	164	0.873973
17	170	1.20219
17	174	0.867594
17	178	0.868609
18	31	1.2801
18	72	1.37512
18	76	0.848858
18	91	0.853834
18	123	1.35663
18	145	0.871157
18	149	0.863848
18	165	0.887824
18	168	1.19553
18	170	0.869246
18	176	0.858105
18	178	0.852148
18	179	0.894979
19	4	0.78202
19	15	0.868904
19	21	0.848471
19	22	0.840881
19	29	0.934331
19	51	0.812226
19	67	0.92829
19	79	0.902762
19	102	1.36235
19	119	1.34056
19	137	0.882114
19	175	1.25605
19	176	1.25909
20	16	0.795041
20	38	1.26996
20	79	1.26004
20	105	0.845287
20	154	0.87962
20	158	0.876463
20	162	0.880125
20	167	1.34142
20	168	0.881198
20	173	0.887828
20	177	0.87564
20	179	1.31875
20	180	0.878798
21	15	0.859614
21	19	0.848471
21	22	0.831591
21	29	0.925041
21	51	0.802936
21	67	0.919
21	79	0.893472
21	102	1.36235
21	112	0.847051
21	119	1.34056
21	137	0.872824
21	175	1.25605
21	176	1.25909
22	4	0.765141
22	7	0.760811
22	15	0.852024
22	19	0.840881
22	21	0.831591
22	29	0.917452
22	51	0.795346
22	67	0.91141
22	79	0.885882
22	112	0.839462
22	119	1.53387
22	134	1.17737
22	175	1.44936
22	176	1.4524
23	56	0.857273
23	107	0.802592
23	113	0.786998
23	115	0.828471
23	122	0.821334
23	127	0.862736
23	138	1.53871
23	146	0.855211
23	156	1.35399
23	161	1.3604
23	163	0.86806
23	165	0.873668
23	174	1.3445
23	175	0.843658
24	49	0.980412
24	52	0.790141
24	70	0.8244
24	108	1.52317
24	109	1.47383
24	144	0.807226
24	151	0.841789
24	153	0.834321
24	156	0.815948
24	161	0.839467
24	162	1.31061
24	167	0.845677
24	168	1.30042
24	178	0.820619
25	103	0.822882
25	110	1.45043
25	124	0.852397
25	125	0.848574
25	135	1.39576
25	147	0.835973
25	151	0.855709
25	152	1.38647
25	159	1.37515
25	166	0.8357
25	174	0.833523
25	175	0.840205
25	176	0.840497
25	178	0.834539
26	106	0.812049
26	116	0.83307
26	127	1.44872
26	130	1.48965
26	142	0.826117
26	153	1.29284
26	157	0.829404
26	165	1.36675
26	168	0.850776
26	170	0.854362
26	173	0.857406
26	176	0.843222
26	177	0.845218
26	180	0.848376
27	38	1.30224
27	106	0.812903
27	114	1.50622
27	124	1.32548
27	129	0.838972
27	133	0.811368
27	158	0.846896
27	162	0.850557
27	171	0.843481
27	172	0.856736
27	175	0.843784
27	177	0.846073
27	178	1.45897
27	180	0.84923
28	7	1.59892
28	45	1.5204
28	65	0.862504
28	71	1.31525
28	82	1.16541
28	83	0.878492
28	130	0.81802
28	148	0.836165
28	150	0.832713
28	160	0.81558
28	161	0.853231
28	166	0.835544
28	174	0.833368
28	178	0.834383
29	4	0.858591
29	19	0.934331
29	21	0.925041
29	22	0.917452
29	50	1.48152
29	51	0.888796
29	67	1.00486
29	68	1.06129
29	79	0.979332
29	112	0.932912
29	137	0.958685
29	175	1.148
29	176	1.15104
29	179	0.775441
30	37	0.823314
30	73	0.75869
30	81	0.88515
30	82	0.80869
30	85	0.830605
30	88	0.866625
30	91	0.837537
30	159	0.857756
30	170	0.85295
30	171	1.40932
30	175	1.40772
30	176	1.41075
30	179	0.878683
30	180	1.38451
31	18	1.2801
31	43	0.807417
31	72	0.83674
31	130	1.53692
31	138	0.829734
31	142	0.825312
31	150	1.3697
31	152	0.86048
31	166	1.40967
31	168	0.849971
31	169	0.845877
31	171	0.841821
31	172	0.855076
31	180	0.847571
32	10	1.76974
32	66	0.833179
32	78	0.819017
32	123	0.830498
32	136	1.29644
32	138	0.832052
32	143	0.838517
32	145	1.2653
32	155	0.841505
32	161	1.2647
32	162	0.851216
32	172	0.857394
32	177	0.846731
32	180	0.849889
33	99	1.4579
33	103	0.8279
33	136	1.27617
33	147	0.840992
33	148	0.841339
33	150	0.837887
33	153	0.853259
33	156	0.834886
33	164	0.844921
33	166	0.840718
33	170	1.4454
33	172	1.42485
33	174	0.838542
33	178	0.839557
34	36	0.909111
34	80	0.802726
34	109	0.793297
34	117	1.22422
34	118	1.34613
34	134	0.832193
34	137	1.46463
34	140	0.828453
34	145	0.843143
34	149	0.835834
34	163	0.854201
34	165	0.85981
34	170	0.841232
34	180	1.5663
35	78	1.17879
35	83	0.967785
35	98	0.900061
35	105	1.22262
35	117	0.964222
35	143	1.12964
35	148	0.925459
35	155	1.05848
35	160	0.904873
35	161	0.942525
35	167	0.948736
35	173	1.02021
35	174	0.922661
35	178	0.923677
36	34	0.909111
36	69	1.01559
36	72	1.34136
36	113	0.882372
36	115	0.923845
36	120	0.909912
36	130	1.09472
36	145	0.952375
36	146	0.950585
36	150	0.927501
36	163	0.963434
36	165	0.969042
36	176	0.939324
36	177	1.22052
37	30	0.823314
37	68	1.31769
37	73	0.75869
37	81	0.88515
37	82	0.80869
37	85	0.830605
37	88	0.866625
37	91	0.837537
37	119	1.48891
37	159	0.857756
37	170	0.85295
37	175	1.4044
37	176	1.40744
37	179	0.878683
38	1	1.10427
38	20	1.26996
38	27	1.30224
38	97	0.872159
38	144	0.880506
38	151	0.915068
38	153	0.9076
38	154	1.11193
38	155	1.2148
38	160	0.875095
38	164	0.899262
38	166	0.895059
38	167	0.918957
38	175	0.899564
38	179	0.93673
39	14	1.20659
39	74	1.50906
39	78	1.69215
39	93	0.810269
39	106	1.59732
39	124	0.825276
39	148	0.809199
39	153	0.82112
39	156	0.802746
39	161	0.826266
39	166	0.808579
39	167	0.832476
39	174	0.806402
39	178	0.807418
39	179	0.850249
40	43	1.34944
40	86	0.935444
40	114	0.893411
40	117	0.931485
40	128	1.36985
40	130	0.874577
40	132	0.87717
40	139	0.902837
40	151	0.91211
40	166	0.892101
40	170	1.08302
40	173	1.10975
40	174	0.889924
40	178	0.89094
40	180	1.09707
41	68	0.799578
41	120	0.781479
41	133	1.66005
41	134	0.812992
41	140	0.809252
41	141	1.38237
41	145	0.823942
41	146	0.822152
41	149	0.816633
41	163	0.835
41	165	0.840609
41	169	1.49546
41	175	0.810598
41	179	0.847764
41	180	1.46835
42	3	0.850665
42	12	0.850665
42	48	0.865185
42	57	0.764188
42	62	0.844441
42	63	0.838243
42	64	0.844441
42	93	1.30742
42	94	0.707891
42	109	0.782479
42	112	0.816582
42	121	1.44839
42	126	1.65749
42	159	0.83522
42	175	1.59534
43	31	0.807417
43	40	1.34944
43	94	0.713922
43	150	1.55879
43	152	0.843369
43	154	0.831282
43	158	0.828125
43	161	1.59933
43	162	0.831786
43	167	1.48768
43	168	0.83286
43	169	0.828766
43	171	0.82471
43	177	0.827302
43	180	0.830459
44	58	0.831524
44	96	0.816338
44	97	1.60043
44	106	0.784452
44	111	1.37868
44	113	1.6669
44	124	1.34665
44	138	0.802942
44	152	0.833689
44	162	0.822106
44	168	0.823179
44	169	0.819086
44	172	0.828284
44	177	0.817621
44	180	0.820779
45	28	1.5204
45	63	1.42482
45	87	1.44279
45	128	0.785864
45	141	0.813059
45	143	0.812297
45	165	1.60528
45	168	0.826069
45	171	0.817919
45	172	0.831174
45	173	0.832699
45	175	0.818223
45	176	0.818515
45	177	0.820511
45	180	0.823669
46	49	0.966303
46	53	1.45219
46	60	0.830616
46	101	0.793765
46	126	0.773314
46	132	0.79274
46	144	0.793117
46	147	0.807944
46	150	0.804839
46	161	0.825358
46	168	1.49639
46	170	1.50362
46	174	0.805494
46	177	1.55514
46	178	0.80651
47	55	0.828785
47	120	0.782842
47	124	1.30765
47	127	0.83104
47	134	0.814356
47	136	0.819128
47	140	0.810615
47	141	1.59656
47	146	0.823515
47	149	0.817997
47	154	1.63062
47	160	1.46311
47	163	0.836364
47	170	0.823395
47	175	0.811962
48	3	0.937607
48	12	0.937607
48	42	0.865185
48	57	0.85113
48	62	0.931383
48	63	0.925185
48	64	0.931383
48	94	0.794833
48	102	1.34561
48	112	0.903524
48	114	1.02195
48	154	1.16418
48	159	0.922163
48	175	1.23932
48	176	1.24235
49	13	0.886255
49	24	0.980412
49	46	0.966303
49	108	1.11461
49	110	0.930335
49	133	1.10485
49	147	1.00962
49	153	1.02188
49	156	1.00351
49	157	1.07459
49	160	0.989379
49	164	1.01355
49	170	0.899097
49	174	1.00717
49	178	1.00818
50	29	1.48152
50	62	1.49825
50	63	1.52701
50	76	0.808573
50	88	1.48084
50	105	0.789463
50	115	0.802341
50	136	0.824694
50	139	0.823758
50	145	0.830871
50	156	0.80719
50	165	0.847538
50	168	0.825374
50	171	0.817224
50	180	0.822974
51	4	0.736485
51	15	0.823369
51	19	0.812226
51	21	0.802936
51	22	0.795346
51	29	0.888796
51	77	0.80886
51	79	0.857227
51	90	0.82737
51	112	0.810806
51	137	0.836579
51	159	1.50019
51	166	1.34271
51	175	1.58151
51	176	1.58455
52	24	0.790141
52	87	0.842447
52	95	1.58147
52	97	0.796172
52	124	0.835769
52	145	1.40152
52	149	1.43661
52	150	0.816241
52	160	0.799108
52	164	0.823274
52	166	0.819072
52	167	0.84297
52	172	1.58134
52	174	0.816895
52	178	0.817911
53	46	1.45219
53	121	0.895756
53	135	0.869152
53	142	0.849712
53	147	1.27808
53	151	1.22217
53	158	0.869636
53	162	0.873297
53	164	1.29475
53	168	0.874371
53	172	0.879476
53	173	0.881001
53	176	0.866816
53	177	0.868813
53	179	1.14714
53	180	0.87197
54	75	0.8004
54	92	0.801767
54	93	1.5904
54	105	0.773296
54	123	0.787416
54	143	0.795435
54	148	1.57195
54	157	0.787835
54	160	1.63567
54	162	0.808133
54	163	1.5958
54	169	0.805113
54	172	0.814312
54	173	0.815837
54	177	0.803649
54	180	0.806807
55	47	0.828785
55	80	0.849471
55	114	1.17116
55	120	0.847425
55	122	0.85422
55	140	0.875198
55	145	0.889888
55	146	0.888098
55	149	0.882579
55	154	1.31339
55	161	1.15029
55	163	0.900946
55	165	0.906555
55	176	0.876836
55	177	1.40276
55	180	1.36531
56	11	1.30946
56	23	0.857273
56	80	0.846262
56	115	0.858148
56	131	0.857663
56	134	0.875729
56	140	0.871989
56	146	0.884889
56	155	1.35634
56	163	0.897738
56	165	0.903346
56	166	1.0898
56	175	0.873336
56	176	0.873627
56	177	1.34285
56	180	1.30539
57	3	0.83661
57	5	0.740545
57	12	0.83661
57	42	0.764188
57	48	0.85113
57	62	0.830387
57	63	0.824188
57	64	0.830387
57	68	1.61474
57	94	0.693836
57	109	0.768425
57	112	0.802528
57	126	1.76359
57	159	0.821166
57	176	1.70448
57	179	1.32888
58	44	0.831524
58	60	1.23124
58	129	0.871099
58	138	0.863521
58	146	1.34596
58	148	1.27116
58	154	0.88218
58	155	0.872974
58	157	0.862387
58	158	0.879024
58	161	1.33929
58	170	0.887345
58	173	0.890388
58	177	0.8782
58	179	1.20496
58	180	0.881358
59	65	0.895914
59	109	1.41036
59	112	1.254
59	114	0.870265
59	132	0.854024
59	147	0.869228
59	148	0.869575
59	153	0.881496
59	156	0.863122
59	166	0.868954
59	167	0.892852
59	168	1.23695
59	169	1.28535
59	172	1.22365
59	174	0.866778
59	178	0.867793
60	46	0.830616
60	58	1.23124
60	90	0.892325
60	120	1.29412
60	125	0.88653
60	139	0.884391
60	144	0.859103
60	157	1.40034
60	160	0.853691
60	166	0.873656
60	167	0.897553
60	168	1.21762
60	171	1.26372
60	174	0.871479
60	175	0.878161
60	178	0.872495
61	69	1.32546
61	74	0.861483
61	129	0.868285
61	142	0.856285
61	143	0.867172
61	151	1.21862
61	158	0.876209
61	164	1.2912
61	165	1.2817
61	166	1.27735
61	168	0.880944
61	169	0.87685
61	171	0.872794
61	172	0.886049
61	177	0.875386
61	180	0.878543
62	3	0.916863
62	5	0.820797
62	12	0.916863
62	42	0.844441
62	48	0.931383
62	50	1.49825
62	57	0.830387
62	63	0.904441
62	64	0.910639
62	94	0.774089
62	105	1.3566
62	109	0.848678
62	126	1.22688
62	159	0.901419
62	175	1.16473
62	176	1.16777
63	3	0.910665
63	12	0.910665
63	42	0.838243
63	45	1.42482
63	48	0.925185
63	50	1.52701
63	57	0.824188
63	62	0.904441
63	64	0.904441
63	94	0.767891
63	109	0.842479
63	112	0.876582
63	137	1.06861
63	159	0.89522
63	175	1.19349
63	176	1.19653
64	3	0.916863
64	5	0.820797
64	12	0.916863
64	42	0.844441
64	48	0.931383
64	57	0.830387
64	62	0.910639
64	63	0.904441
64	94	0.774089
64	109	0.848678
64	126	1.39444
64	159	0.901419
64	165	1.09784
64	172	1.27448
64	176	1.33533
64	180	1.30908
65	1	1.2086
65	28	0.862504
65	59	0.895914
65	93	0.879361
65	97	0.85477
65	132	0.86274
65	143	1.39029
65	148	0.878291
65	150	0.874839
65	152	1.2214
65	155	1.31913
65	160	0.857706
65	164	0.881873
65	174	0.875494
65	178	0.87651
65	180	1.26818
66	32	0.833179
66	74	0.836843
66	87	1.28042
66	96	0.849462
66	121	0.877689
66	129	0.843645
66	140	1.45553
66	157	0.834932
66	167	1.32749
66	168	0.856304
66	169	0.85221
66	171	0.848154
66	173	0.862933
66	174	1.42325
66	177	0.850746
66	179	1.30481
66	180	0.853903
67	4	0.852549
67	7	0.848219
67	15	0.939433
67	19	0.92829
67	21	0.919
67	22	0.91141
67	29	1.00486
67	79	0.973291
67	84	1.12674
67	90	0.943434
67	112	0.92687
67	119	1.20729
67	120	1.15477
67	137	0.952643
67	168	1.07827
67	175	1.12277
67	176	1.12581
68	14	1.18418
68	29	1.06129
68	37	1.31769
68	41	0.799578
68	57	1.61474
68	73	1.61641
68	150	0.841364
68	163	0.873103
68	164	0.848398
68	165	0.878711
68	168	0.856547
68	169	0.852453
68	172	0.861652
68	174	0.842019
68	176	0.848992
68	178	0.843035
68	180	0.854147
69	2	1.67256
69	36	1.01559
69	61	1.32546
69	77	1.41767
69	80	1.3703
69	101	0.832286
69	111	0.861594
69	117	0.885576
69	125	0.859066
69	130	0.828668
69	144	0.831638
69	153	0.858733
69	160	0.826227
69	164	0.850394
69	167	0.870089
69	175	0.850697
69	178	0.845031
70	24	0.8244
70	125	0.866206
70	126	0.818975
70	130	0.835808
70	139	0.864067
70	143	1.40477
70	147	0.853605
70	151	0.873341
70	155	1.33362
70	156	0.847499
70	157	1.4441
70	160	0.833367
70	166	0.853332
70	167	0.877229
70	171	1.30748
70	177	1.32012
70	178	0.852171
71	2	0.790275
71	28	1.31525
71	78	0.830723
71	90	1.32252
71	92	0.856555
71	105	0.828084
71	144	1.45941
71	152	0.874504
71	153	1.32622
71	155	0.853211
71	168	0.863995
71	171	0.855846
71	173	0.870625
71	175	0.856149
71	177	0.858437
71	178	1.36998
71	180	0.861595
72	18	1.37512
72	31	0.83674
72	36	1.34136
72	83	1.3897
72	86	1.21846
72	108	0.82392
72	126	0.815474
72	134	1.4715
72	142	0.837524
72	154	0.860604
72	162	0.861109
72	169	0.858089
72	171	0.854033
72	172	0.867288
72	173	0.868812
72	177	0.856625
72	180	0.859782
73	14	0.818824
73	30	0.75869
73	37	0.75869
73	68	1.61641
73	81	0.820526
73	82	0.744067
73	85	0.765981
73	88	0.802001
73	90	0.791058
73	91	0.772914
73	119	1.78763
73	141	0.77173
73	159	0.793132
73	170	0.788326
73	175	1.70312
73	176	1.70616
73	179	0.81406
74	39	1.50906
74	61	0.861483
74	66	0.836843
74	111	1.20728
74	115	1.47316
74	116	0.838247
74	123	0.834162
74	143	0.842181
74	151	1.27582
74	152	0.866462
74	156	1.32872
74	168	0.855953
74	169	0.851859
74	171	0.847803
74	172	0.861058
74	177	0.850395
74	180	0.853553
75	8	1.27231
75	54	0.8004
75	100	1.30629
75	128	0.826401
75	133	0.826344
75	135	0.861387
75	157	0.845235
75	158	0.861872
75	160	1.41615
75	162	0.865533
75	168	0.866606
75	169	0.862512
75	171	0.858457
75	174	1.40467
75	177	0.861048
75	178	1.39419
75	180	0.864206
76	18	0.848858
76	50	0.808573
76	86	0.889604
76	94	1.98916
76	139	0.856996
76	148	0.846881
76	153	0.858802
76	156	0.840429
76	161	0.863948
76	162	1.19869
76	164	0.850463
76	166	0.846261
76	169	1.2369
76	172	1.1752
76	174	0.844084
76	178	0.8451
76	180	1.2098
77	4	0.778655
77	15	0.865539
77	51	0.80886
77	69	1.41767
77	79	0.899396
77	105	0.827311
77	118	1.36498
77	129	0.850563
77	131	0.839703
77	140	0.854029
77	149	0.86141
77	164	1.3834
77	165	0.885386
77	166	1.36955
77	167	1.25847
77	172	0.868327
77	180	0.860821
78	11	0.840874
78	16	0.755984
78	17	1.38751
78	32	0.819017
78	35	1.17879
78	39	1.69215
78	71	0.830723
78	138	0.821904
78	152	0.85265
78	154	0.840563
78	155	0.831357
78	164	1.5315
78	167	1.40657
78	172	0.847246
78	173	0.848771
78	176	0.834587
78	177	0.836583
78	180	0.839741
79	4	0.827021
79	7	0.822691
79	15	0.913905
79	19	0.902762
79	20	1.26004
79	21	0.893472
79	22	0.885882
79	29	0.979332
79	51	0.857227
79	67	0.973291
79	77	0.899396
79	90	0.917906
79	126	1.23929
79	137	0.927115
79	169	1.18104
79	171	1.17874
79	175	1.17714
79	176	1.18018
80	34	0.802726
80	55	0.849471
80	56	0.846262
80	69	1.3703
80	116	1.59381
80	119	0.804386
80	120	0.803528
80	122	0.810323
80	131	0.816975
80	134	0.835041
80	141	1.4518
80	142	1.52216
80	145	0.845991
80	151	1.26345
80	163	0.85705
80	165	0.862658
80	175	0.832648
80	176	0.832939
81	14	0.945284
81	30	0.88515
81	37	0.88515
81	73	0.820526
81	82	0.870526
81	85	0.892441
81	88	0.928461
81	91	0.899374
81	119	1.30117
81	137	1.09177
81	141	0.89819
81	159	0.919592
81	170	0.914786
81	172	1.15884
81	175	1.21665
81	176	1.21969
81	177	1.23089
81	179	0.940519
82	14	0.868824
82	28	1.16541
82	30	0.80869
82	37	0.80869
82	73	0.744067
82	81	0.870526
82	85	0.815981
82	88	0.852001
82	90	0.841058
82	91	0.822914
82	102	1.59105
82	141	0.82173
82	159	0.843132
82	170	0.838326
82	171	1.48635
82	175	1.48475
82	176	1.48779
82	179	0.86406
83	28	0.878492
83	35	0.967785
83	72	1.3897
83	88	0.793538
83	92	1.28531
83	110	1.24859
83	130	0.876134
83	132	0.878728
83	150	0.890827
83	151	0.913668
83	156	0.887826
83	161	0.911345
83	166	0.893658
83	167	0.917556
83	171	1.25622
83	174	0.891482
83	178	0.892498
83	180	1.23141
84	67	1.12674
84	89	0.794154
84	114	0.832645
84	119	0.807578
84	132	0.816404
84	138	1.55246
84	146	1.38081
84	147	0.831608
84	153	0.843876
84	156	0.825503
84	161	0.849022
84	164	0.835537
84	166	0.831335
84	172	1.55456
84	174	0.829158
84	178	0.830174
84	179	0.873006
84	180	1.58916
85	14	0.890738
85	30	0.830605
85	37	0.830605
85	73	0.765981
85	81	0.892441
85	82	0.815981
85	88	0.873916
85	91	0.844828
85	126	1.47397
85	141	0.843645
85	147	1.1702
85	152	1.34183
85	159	0.865047
85	170	0.860241
85	175	1.41182
85	176	1.41486
85	179	0.885974
86	40	0.935444
86	72	1.21846
86	76	0.889604
86	87	0.917429
86	111	0.909456
86	124	0.910751
86	128	1.33294
86	133	1.25186
86	147	0.894327
86	150	0.891223
86	157	1.22159
86	160	0.87409
86	166	0.894054
86	169	1.08726
86	174	0.891877
86	176	0.898851
86	177	1.09761
86	178	0.892893
87	45	1.44279
87	52	0.842447
87	66	1.28042
87	86	0.917429
87	95	1.15378
87	96	1.19428
87	101	0.860181
87	114	0.875397
87	118	0.864552
87	125	0.886961
87	139	0.884822
87	143	1.31035
87	144	0.859533
87	161	0.891773
87	166	0.874086
87	167	0.897984
87	174	0.87191
87	177	1.2257
87	178	0.872925
88	7	0.803778
88	14	0.926758
88	30	0.866625
88	37	0.866625
88	50	1.48084
88	73	0.802001
88	81	0.928461
88	82	0.852001
88	83	0.793538
88	85	0.873916
88	91	0.880848
88	94	1.90347
88	141	0.879665
88	159	0.901067
88	170	0.896261
88	173	1.13679
88	175	1.14732
88	176	1.15036
88	179	0.921994
89	84	0.794154
89	99	1.55041
89	103	0.800712
89	121	1.42822
89	130	0.796006
89	132	0.798599
89	135	1.51447
89	139	0.824265
89	147	0.813803
89	148	0.81415
89	150	0.810698
89	164	0.817732
89	166	0.81353
89	167	0.837427
89	169	1.57907
89	170	1.5379
89	174	0.811353
89	178	0.812369
89	179	0.855201
90	15	0.884048
90	51	0.82737
90	60	0.892325
90	67	0.943434
90	71	1.32252
90	73	0.791058
90	79	0.917906
90	82	0.841058
90	91	0.869905
90	125	0.882255
90	157	1.43456
90	161	0.887067
90	163	1.01382
90	168	1.25184
90	170	0.885318
90	174	0.867204
90	177	1.31059
90	179	0.911051
90	180	1.27313
91	14	0.897671
91	18	0.853834
91	30	0.837537
91	37	0.837537
91	73	0.772914
91	81	0.899374
91	82	0.822914
91	85	0.844828
91	88	0.880848
91	90	0.869905
91	92	1.3746
91	102	1.45021
91	137	1.21903
91	138	1.284
91	141	0.850578
91	159	0.87198
91	170	0.867174
91	175	1.34391
91	176	1.34695
91	179	0.892907
92	54	0.801767
92	71	0.856555
92	83	1.28531
92	91	1.3746
92	108	0.829711
92	110	0.859819
92	121	0.889359
92	129	0.855315
92	137	0.8835
92	140	1.41725
92	141	0.854964
92	150	1.36032
92	155	0.85719
92	167	1.28921
92	169	0.86388
92	171	0.859824
92	175	0.860127
92	177	0.862416
92	179	1.26654
92	180	0.865573
93	39	0.810269
93	42	1.30742
93	54	1.5904
93	65	0.879361
93	117	0.891785
93	125	0.865275
93	126	0.818044
93	147	0.852675
93	148	0.853022
93	151	0.87241
93	158	1.284
93	159	1.23917
93	161	0.870088
93	166	0.852401
93	167	0.876299
93	168	1.27598
93	173	1.30995
93	174	0.850224
93	175	0.856906
93	178	0.85124
94	42	0.707891
94	43	0.713922
94	48	0.794833
94	57	0.693836
94	62	0.774089
94	63	0.767891
94	64	0.774089
94	76	1.98916
94	88	1.90347
94	122	0.726305
94	123	0.734685
94	125	1.98402
94	140	0.747283
94	146	0.760183
94	156	2.11992
94	163	0.773032
94	165	0.77864
94	171	0.748326
94	177	0.750918
94	180	0.754076
95	16	0.779998
95	52	1.58147
95	87	1.15378
95	135	0.860937
95	143	0.852384
95	145	1.3131
95	149	1.34819
95	152	0.876665
95	155	0.855372
95	158	0.861421
95	161	1.3125
95	168	0.866156
95	169	0.862062
95	171	0.858006
95	172	0.871261
95	173	0.872785
95	176	0.858601
95	177	0.860598
95	178	1.28612
95	180	0.863755
96	6	0.897759
96	11	0.867305
96	44	0.816338
96	66	0.849462
96	87	1.19428
96	105	0.832661
96	107	1.51749
96	122	1.46806
96	133	0.828309
96	154	0.866994
96	155	0.857788
96	166	1.35243
96	167	1.24135
96	168	0.868572
96	169	0.864478
96	171	0.860422
96	175	0.860726
96	177	0.863014
96	179	1.21867
96	180	0.866171
97	8	0.881539
97	38	0.872159
97	44	1.60043
97	52	0.796172
97	65	0.85477
97	101	0.813905
97	111	0.843213
97	117	0.867195
97	124	0.844508
97	139	0.838546
97	140	1.24224
97	145	1.22645
97	147	0.828084
97	156	0.821979
97	158	1.42759
97	161	0.845498
97	164	0.832013
97	166	0.827811
97	170	1.42681
97	176	0.832608
97	177	1.47832
98	11	1.38598
98	17	0.844994
98	35	0.900061
98	106	1.45833
98	111	0.841337
98	147	0.826208
98	148	0.826555
98	151	0.845944
98	153	0.838476
98	160	0.80597
98	161	0.843621
98	162	1.3708
98	164	0.830137
98	167	0.849832
98	170	1.36785
98	171	1.40672
98	174	0.823758
98	176	0.830731
98	177	1.41936
98	178	0.824773
98	179	0.867605
99	33	1.4579
99	89	1.55041
99	104	0.806805
99	121	0.871107
99	122	1.46046
99	123	0.827931
99	128	0.809517
99	142	0.825063
99	143	0.83595
99	145	1.34601
99	166	1.34484
99	167	1.23376
99	168	0.849722
99	169	0.845628
99	171	0.841572
99	172	0.854827
99	173	0.856351
99	175	0.841875
99	176	0.842167
99	177	0.844164
99	180	0.847321
100	10	0.80594
100	75	1.30629
100	113	0.848411
100	115	0.889884
100	120	0.875951
100	134	0.907465
100	136	0.912237
100	140	0.903724
100	141	1.14671
100	146	0.916624
100	149	0.911106
100	155	1.28364
100	161	1.01767
100	162	1.22158
100	163	0.929473
100	165	0.935081
100	170	0.916504
100	172	1.19809
100	176	0.905363
100	179	0.942237
100	180	1.23269
101	46	0.793765
101	69	0.832286
101	87	0.860181
101	97	0.813905
101	106	1.52149
101	121	1.32133
101	124	0.853502
101	125	0.849679
101	137	0.864683
101	144	0.822252
101	147	0.837079
101	149	1.26575
101	152	1.39829
101	158	1.4318
101	164	0.841008
101	171	1.46988
101	174	0.834628
101	175	0.84131
101	176	0.841602
101	178	0.835644
101	179	0.878476
102	3	1.28842
102	13	0.830129
102	19	1.36235
102	21	1.36235
102	48	1.34561
102	82	1.59105
102	91	1.45021
102	124	0.841972
102	127	0.848857
102	132	0.810344
102	152	0.848135
102	153	0.837816
102	163	0.854181
102	165	0.85979
102	167	0.849172
102	170	0.841212
102	172	0.842731
102	173	0.844255
102	177	0.832068
102	178	0.824114
102	180	0.835225
103	8	0.891621
103	12	1.09679
103	25	0.822882
103	33	0.8279
103	89	0.800712
103	104	1.47866
103	108	1.56023
103	117	0.877277
103	118	0.828358
103	133	1.55047
103	141	0.837234
103	144	0.823339
103	148	0.838513
103	151	0.857902
103	160	0.817928
103	164	0.842095
103	167	0.86179
103	168	1.33748
103	169	1.38588
103	174	0.835716
103	178	0.836732
104	99	0.806805
104	103	1.47866
104	105	0.796587
104	106	0.79377
104	116	0.814791
104	125	1.32455
104	130	1.59353
104	131	1.50454
104	137	0.848024
104	143	0.818725
104	152	0.843007
104	154	0.830919
104	158	0.827763
104	163	1.42256
104	165	1.47063
104	168	0.832497
104	169	0.828404
104	172	0.837602
104	173	0.839127
104	176	0.824943
104	177	0.826939
104	180	0.830097
105	20	0.845287
105	35	1.22262
105	50	0.789463
105	54	0.773296
105	62	1.3566
105	71	0.828084
105	77	0.827311
105	96	0.832661
105	104	0.796587
105	123	0.817712
105	134	1.52829
105	144	1.62511
105	146	1.56872
105	148	1.49392
105	157	0.818131
105	158	0.834768
105	168	0.839503
105	169	0.835409
105	172	0.844608
105	173	0.846132
105	177	0.833945
105	180	0.837102
106	26	0.812049
106	27	0.812903
106	39	1.59732
106	44	0.784452
106	98	1.45833
106	101	1.52149
106	104	0.79377
106	108	0.798424
106	121	0.858071
106	134	1.38963
106	143	0.822914
106	152	0.847195
106	154	0.835108
106	157	0.815314
106	166	1.42282
106	168	0.836686
106	169	0.832592
106	172	0.841791
106	173	0.843316
106	174	1.4075
106	177	0.831128
106	180	0.834286
107	23	0.802592
107	96	1.51749
107	119	0.790393
107	127	0.837732
107	131	0.802982
107	134	0.821048
107	136	0.825821
107	140	0.817308
107	142	1.49584
107	145	0.831998
107	146	0.830208
107	149	0.824689
107	156	1.29003
107	162	1.50035
107	163	0.843056
107	165	0.848665
107	170	0.830087
107	172	1.47685
107	173	1.52413
107	175	0.818654
107	176	0.818946
107	179	0.85582
108	24	1.52317
108	49	1.11461
108	72	0.82392
108	92	0.829711
108	103	1.56023
108	106	0.798424
108	128	0.796946
108	138	0.816914
108	142	0.812493
108	143	0.82338
108	147	1.54503
108	150	1.50788
108	154	0.835573
108	157	0.81578
108	158	0.832417
108	160	1.544
108	169	0.833058
108	171	0.829002
108	172	0.842256
108	173	0.843781
108	177	0.831594
108	180	0.834751
109	24	1.47383
109	34	0.793297
109	42	0.782479
109	57	0.768425
109	59	1.41036
109	62	0.848678
109	63	0.842479
109	64	0.848678
109	127	0.842296
109	128	0.79086
109	134	0.825612
109	142	0.806406
109	150	1.45854
109	160	1.49466
109	165	0.853228
109	170	0.834651
109	172	0.83617
109	173	0.837694
109	174	1.48319
109	178	1.4727
109	179	0.860384
109	180	0.828664
110	5	1.61229
110	11	0.865993
110	25	1.45043
110	49	0.930335
110	83	1.24859
110	92	0.859819
110	121	0.888645
110	129	0.854601
110	133	0.826997
110	138	0.847022
110	152	0.877769
110	156	1.35774
110	157	0.845888
110	158	0.862525
110	159	0.875652
110	165	1.36792
110	169	0.863166
110	171	0.85911
110	172	0.872365
110	173	0.873889
110	177	0.861702
110	179	1.22981
110	180	0.864859
111	7	1.55218
111	44	1.37868
111	69	0.861594
111	74	1.20728
111	86	0.909456
111	97	0.843213
111	98	0.841337
111	118	0.856579
111	124	0.882811
111	128	1.49189
111	130	0.848589
111	132	0.851183
111	144	0.85156
111	147	0.866387
111	150	0.863282
111	153	0.878655
111	159	1.16101
111	160	0.846149
111	164	0.870316
111	172	1.18451
111	173	1.23179
111	174	0.863937
111	178	0.864953
112	21	0.847051
112	22	0.839462
112	29	0.932912
112	42	0.816582
112	48	0.903524
112	51	0.810806
112	57	0.802528
112	59	1.254
112	63	0.876582
112	67	0.92687
112	124	1.18283
112	131	1.3804
112	132	1.35192
112	142	0.840509
112	147	1.33932
112	159	0.87356
112	160	1.33829
112	161	1.34271
112	168	0.865168
112	172	0.870273
112	173	0.871797
112	177	0.85961
112	180	0.862767
113	23	0.786998
113	36	0.882372
113	44	1.6669
113	100	0.848411
113	115	0.787874
113	120	0.773941
113	122	0.780736
113	127	0.822138
113	131	0.787388
113	135	1.46984
113	136	0.810227
113	140	0.801714
113	145	0.816404
113	146	0.814614
113	149	0.809095
113	163	0.827463
113	165	0.833071
113	168	1.48604
113	169	1.53444
113	170	0.814493
113	175	0.803061
113	177	1.54479
113	180	1.50733
114	27	1.50622
114	40	0.893411
114	48	1.02195
114	55	1.17116
114	59	0.870265
114	84	0.832645
114	87	0.875397
114	125	0.864896
114	139	0.862757
114	148	0.852642
114	151	0.872031
114	153	0.864563
114	161	0.869708
114	164	0.856224
114	166	0.852021
114	167	0.875919
114	170	1.35377
114	173	1.38051
114	174	0.849845
114	176	0.856818
114	177	1.40528
114	178	0.85086
114	180	1.36783
115	23	0.828471
115	36	0.923845
115	50	0.802341
115	56	0.858148
115	74	1.47316
115	100	0.889884
115	113	0.787874
115	117	1.14292
115	120	0.815414
115	122	0.822209
115	129	1.50911
115	131	0.828861
115	134	0.846928
115	137	1.38333
115	140	0.843187
115	141	1.39902
115	145	0.857877
115	146	0.856087
115	149	0.850568
115	151	1.21067
115	163	0.868936
115	165	0.874544
115	176	0.844826
115	180	1.48499
116	26	0.83307
116	74	0.838247
116	80	1.59381
116	104	0.814791
116	117	1.27594
116	123	0.835916
116	124	1.24312
116	127	1.48874
116	135	0.852488
116	143	0.843935
116	148	1.33486
116	155	0.846923
116	157	0.836336
116	158	0.852973
116	162	0.856634
116	168	0.857707
116	170	0.861294
116	171	0.849558
116	172	0.862812
116	174	1.3871
116	175	0.849861
116	177	0.852149
116	179	1.26867
116	180	0.855307
117	1	1.16032
117	34	1.22422
117	35	0.964222
117	40	0.931485
117	69	0.885576
117	93	0.891785
117	97	0.867195
117	103	0.877277
117	115	1.14292
117	116	1.27594
117	118	0.880561
117	135	1.18242
117	139	0.900831
117	144	0.875542
117	148	0.890716
117	151	0.910105
117	153	0.902637
117	158	1.20663
117	161	0.907782
117	162	1.2088
117	170	1.20585
117	174	0.887919
117	175	0.8946
117	179	0.931766
118	9	1.31015
118	10	1.63184
118	34	1.34613
118	77	1.36498
118	87	0.864552
118	103	0.828358
118	111	0.856579
118	117	0.880561
118	132	0.826246
118	144	0.826623
118	150	0.838345
118	151	0.861185
118	153	0.853717
118	154	1.2899
118	156	0.835344
118	160	0.821212
118	161	0.858863
118	164	0.845379
118	166	0.841176
118	172	1.30722
118	173	1.3545
118	174	0.838999
118	178	0.840015
118	179	0.882847
119	19	1.34056
119	21	1.34056
119	22	1.53387
119	37	1.48891
119	67	1.20729
119	73	1.78763
119	80	0.804386
119	81	1.30117
119	84	0.807578
119	107	0.790393
119	121	0.860691
119	139	0.83769
119	140	0.830113
119	157	0.817934
119	163	0.855861
119	164	0.831157
119	165	0.86147
119	168	0.839306
119	171	0.831156
119	172	0.844411
119	174	0.824778
119	176	0.831751
119	178	0.825794
119	179	0.868625
119	180	0.836905
120	36	0.909912
120	41	0.781479
120	47	0.782842
120	55	0.847425
120	60	1.29412
120	67	1.15477
120	80	0.803528
120	100	0.875951
120	113	0.773941
120	115	0.815414
120	131	0.814929
120	134	0.832995
120	136	0.837767
120	140	0.829254
120	141	1.53121
120	142	1.60158
120	145	0.843945
120	149	0.836636
120	163	0.855003
120	164	1.41545
120	165	0.860611
120	174	1.38628
120	175	0.830601
120	179	0.867767
120	180	1.61719
121	11	0.895532
121	42	1.44839
121	53	0.895756
121	66	0.877689
121	89	1.42822
121	92	0.889359
121	99	0.871107
121	101	1.32133
121	106	0.858071
121	110	0.888645
121	119	0.860691
121	123	0.875008
121	133	0.856536
121	138	0.876561
121	151	1.16392
121	157	0.875427
121	161	1.22323
121	167	1.11157
121	171	0.888649
121	172	0.901904
121	173	0.903428
121	174	1.20733
121	177	0.891241
121	179	1.0889
121	180	0.894398
122	13	0.837746
122	23	0.821334
122	55	0.85422
122	80	0.810323
122	94	0.726305
122	96	1.46806
122	99	1.46046
122	113	0.780736
122	115	0.822209
122	127	0.856474
122	131	0.821724
122	134	0.83979
122	136	0.844563
122	145	0.85074
122	146	0.84895
122	149	0.843431
122	152	1.41523
122	155	1.51297
122	161	1.247
122	163	0.861798
122	165	0.867407
122	168	1.44072
122	176	0.837688
122	179	0.874562
122	180	1.46202
123	18	1.35663
123	32	0.830498
123	54	0.787416
123	74	0.834162
123	94	0.734685
123	99	0.827931
123	105	0.817712
123	116	0.835916
123	121	0.875008
123	124	1.3269
123	128	0.813418
123	132	1.49598
123	133	0.81336
123	140	1.50317
123	152	0.864132
123	154	0.852045
123	162	0.852549
123	167	1.37512
123	168	0.853623
123	169	0.849529
123	172	0.858728
123	174	1.47089
123	177	0.848065
123	178	1.4604
123	180	0.851222
124	17	0.886467
124	25	0.852397
124	27	1.32548
124	39	0.825276
124	44	1.34665
124	47	1.30765
124	52	0.835769
124	86	0.910751
124	97	0.844508
124	101	0.853502
124	102	0.841972
124	111	0.882811
124	112	1.18283
124	116	1.24312
124	123	1.3269
124	128	1.45986
124	130	0.849884
124	144	0.852855
124	150	0.864577
124	151	0.887418
124	153	0.879949
124	167	0.891306
124	171	1.2119
124	174	0.865232
124	178	0.866247
124	179	0.909079
125	25	0.848574
125	60	0.88653
125	69	0.859066
125	70	0.866206
125	87	0.886961
125	90	0.882255
125	93	0.865275
125	94	1.98402
125	101	0.849679
125	104	1.32455
125	114	0.864896
125	127	1.0754
125	129	1.22878
125	132	0.848655
125	139	0.874321
125	159	1.14656
125	160	0.843621
125	161	0.881272
125	164	0.867788
125	166	0.863585
125	167	0.887483
125	170	1.19061
125	173	1.21734
125	174	0.861409
125	177	1.24212
125	178	0.862424
126	4	1.64434
126	42	1.65749
126	46	0.773314
126	57	1.76359
126	62	1.22688
126	64	1.39444
126	70	0.818975
126	72	0.815474
126	79	1.23929
126	85	1.47397
126	93	0.818044
126	131	0.805187
126	136	0.828026
126	145	0.834203
126	149	0.826894
126	154	0.827127
126	156	0.810522
126	157	0.807334
126	163	0.845261
126	165	0.850869
126	169	0.824612
126	173	0.835335
126	174	0.814178
126	177	0.823148
126	178	0.815193
126	180	0.826305
127	10	0.779667
127	13	0.879148
127	23	0.862736
127	26	1.44872
127	47	0.83104
127	102	0.848857
127	107	0.837732
127	109	0.842296
127	113	0.822138
127	116	1.48874
127	122	0.856474
127	125	1.0754
127	134	0.881192
127	136	0.885965
127	140	0.877452
127	141	1.34674
127	145	0.892142
127	146	0.890352
127	149	0.884833
127	153	1.14756
127	160	1.21328
127	163	0.903201
127	164	1.23097
127	165	0.908809
127	173	1.44539
127	179	0.915965
128	9	0.831528
128	40	1.36985
128	45	0.785864
128	75	0.826401
128	86	1.33294
128	99	0.809517
128	108	0.796946
128	109	0.79086
128	111	1.49189
128	123	0.813418
128	124	1.45986
128	135	0.829989
128	138	0.814971
128	142	0.81055
128	143	0.821437
128	147	1.61635
128	153	1.54961
128	154	0.83363
128	155	0.824425
128	163	1.57545
128	170	0.838795
128	171	0.827059
128	172	0.840313
128	173	0.841838
128	177	0.829651
128	180	0.832808
129	16	0.776597
129	17	1.24036
129	27	0.838972
129	58	0.871099
129	61	0.868285
129	66	0.843645
129	77	0.850563
129	92	0.855315
129	110	0.854601
129	115	1.50911
129	125	1.22878
129	132	1.38029
129	135	0.857536
129	142	0.838096
129	149	1.40677
129	151	1.31177
129	155	0.851971
129	158	0.85802
129	161	1.37108
129	162	0.861681
129	168	0.862755
129	169	0.858661
129	171	0.854605
129	172	0.86786
129	173	0.869384
129	178	1.3447
129	180	0.860354
130	8	0.886915
130	26	1.48965
130	28	0.81802
130	31	1.53692
130	36	1.09472
130	40	0.874577
130	69	0.828668
130	70	0.835808
130	83	0.876134
130	89	0.796006
130	104	1.59353
130	111	0.848589
130	124	0.849884
130	131	1.29631
130	138	1.43694
130	139	0.843923
130	144	0.818634
130	146	1.26529
130	150	0.830356
130	160	0.813223
130	161	0.850874
130	164	0.837389
130	166	0.833187
130	167	0.857085
130	173	1.48632
130	174	0.83101
130	175	0.837692
130	178	0.832026
131	56	0.857663
131	77	0.839703
131	80	0.816975
131	104	1.50454
131	107	0.802982
131	112	1.3804
131	113	0.787388
131	115	0.828861
131	120	0.814929
131	122	0.821724
131	126	0.805187
131	130	1.29631
131	136	0.851215
131	140	0.842702
131	143	1.50676
131	145	0.857392
131	146	0.855602
131	149	0.850083
131	152	1.33787
131	163	0.86845
131	165	0.874059
131	168	1.36335
131	169	1.41176
131	170	0.855481
131	171	1.40946
131	175	0.844048
131	176	0.84434
131	179	0.881214
132	17	0.85484
132	40	0.87717
132	46	0.79274
132	59	0.854024
132	65	0.86274
132	83	0.878728
132	84	0.816404
132	89	0.798599
132	102	0.810344
132	111	0.851183
132	112	1.35192
132	118	0.826246
132	123	1.49598
132	125	0.848655
132	129	1.38029
132	147	0.836054
132	153	0.848322
132	155	1.40712
132	157	1.5176
132	162	1.34507
132	164	0.839983
132	166	0.835781
132	167	0.859678
132	170	1.34211
132	173	1.36885
132	174	0.833604
132	175	0.840285
132	178	0.83462
133	27	0.811368
133	41	1.66005
133	49	1.10485
133	75	0.826344
133	86	1.25186
133	96	0.828309
133	103	1.55047
133	110	0.826997
133	121	0.856536
133	123	0.81336
133	141	0.822141
133	142	0.810492
133	143	0.821379
133	144	1.60172
133	150	1.49812
133	152	0.84566
133	155	0.824367
133	157	0.813779
133	162	0.834078
133	168	0.835151
133	169	0.831057
133	171	0.827001
133	172	0.840256
133	173	0.841781
133	174	1.52277
133	176	0.827597
133	177	0.829593
133	179	1.40433
133	180	0.832751
134	7	1.64627
134	13	0.862464
134	22	1.17737
134	34	0.832193
134	41	0.812992
134	47	0.814356
134	56	0.875729
134	72	1.4715
134	80	0.835041
134	100	0.907465
134	105	1.52829
134	106	1.38963
134	107	0.821048
134	109	0.825612
134	115	0.846928
134	120	0.832995
134	122	0.83979
134	127	0.881192
134	136	0.869281
134	140	0.860768
134	146	0.873668
134	149	0.868149
134	162	1.3021
134	163	0.886517
134	164	1.11146
134	165	0.892125
134	168	1.29191
134	174	1.08229
134	176	0.862406
134	179	0.899281
135	7	0.781298
135	9	0.866515
135	25	1.39576
135	53	0.869152
135	75	0.861387
135	89	1.51447
135	95	0.860937
135	113	1.46984
135	116	0.852488
135	117	1.18242
135	128	0.829989
135	129	0.857536
135	138	0.849957
135	142	0.845536
135	145	1.31007
135	148	1.24134
135	149	1.34517
135	151	1.25017
135	154	0.868616
135	155	0.859411
135	157	0.848823
135	158	0.86546
135	168	0.870195
135	169	0.866101
135	171	0.862045
135	172	0.8753
135	173	0.876824
135	177	0.864637
135	178	1.2831
135	180	0.867794
136	1	1.31912
136	10	0.767756
136	32	1.29644
136	33	1.27617
136	47	0.819128
136	50	0.824694
136	100	0.912237
136	107	0.825821
136	113	0.810227
136	120	0.837767
136	122	0.844563
136	126	0.828026
136	127	0.885965
136	131	0.851215
136	134	0.869281
136	137	1.27703
136	138	1.342
136	139	1.23599
136	140	0.865541
136	143	1.50081
136	145	0.880231
136	149	0.872922
136	163	0.891289
136	165	0.896898
136	170	0.87832
136	172	1.3441
136	175	0.866887
136	176	0.867179
136	177	1.41616
136	179	0.904053
137	4	0.806374
137	14	1.14601
137	19	0.882114
137	21	0.872824
137	29	0.958685
137	34	1.46463
137	51	0.836579
137	63	1.06861
137	67	0.952643
137	79	0.927115
137	81	1.09177
137	91	1.21903
137	92	0.8835
137	101	0.864683
137	104	0.848024
137	115	1.38333
137	136	1.27703
137	145	1.2459
137	146	1.25196
137	151	0.898598
137	158	0.886206
137	164	0.882792
137	165	1.24907
137	166	0.878589
137	167	0.902487
137	171	0.882791
137	172	0.896045
137	173	0.89757
137	174	0.876412
137	178	0.877428
137	180	0.88854
138	6	0.884364
138	11	0.85391
138	23	1.53871
138	31	0.829734
138	32	0.832052
138	44	0.802942
138	58	0.863521
138	78	0.821904
138	84	1.55246
138	91	1.284
138	108	0.816914
138	110	0.847022
138	121	0.876561
138	128	0.814971
138	130	1.43694
138	135	0.849957
138	136	1.342
138	142	0.830518
138	154	0.853598
138	158	0.850442
138	162	0.854103
138	164	1.32354
138	165	1.31404
138	166	1.30969
138	168	0.855176
138	169	0.851083
138	171	0.847027
138	173	0.861806
138	174	1.29437
138	177	0.849618
138	180	0.852776
139	6	1.23537
139	40	0.902837
139	50	0.823758
139	60	0.884391
139	70	0.864067
139	76	0.856996
139	87	0.884822
139	89	0.824265
139	97	0.838546
139	114	0.862757
139	117	0.900831
139	119	0.83769
139	125	0.874321
139	130	0.843923
139	136	1.23599
139	144	0.846893
139	148	0.862067
139	150	0.858615
139	152	1.37249
139	154	1.36736
139	160	0.841482
139	161	0.879134
139	162	1.40817
139	163	1.15997
139	164	0.865649
139	165	1.20803
139	166	0.861447
139	170	1.40522
139	172	1.38467
139	173	1.43195
139	174	0.85927
139	175	0.865952
139	178	0.860286
140	34	0.828453
140	41	0.809252
140	47	0.810615
140	55	0.875198
140	56	0.871989
