1	6	0.914992
1	35	0.945387
1	59	0.92676
1	60	0.938649
1	73	0.954682
1	79	0.954642
1	80	0.946823
1	96	2.2932
1	100	1.72341
1	122	0.924102
1	129	0.972399
1	178	0.878948
2	39	0.935388
2	48	1.18887
2	56	0.916496
2	87	0.94717
2	98	0.925339
2	105	0.959929
2	112	0.932889
2	119	0.918656
2	121	0.956052
2	138	2.45996
2	158	0.947892
2	168	1.7597
3	113	0.919452
3	119	1.04494
3	144	1.37441
3	166	0.848139
3	169	0.835473
3	170	0.818581
3	172	0.840434
3	174	0.842494
3	175	0.873489
3	177	0.811889
3	179	0.811356
3	180	0.819555
4	33	0.939762
4	39	0.936508
4	71	0.968142
4	95	1.28549
4	103	0.913392
4	112	0.934009
4	121	0.957172
4	127	1.7082
4	158	0.949012
4	159	2.12671
4	163	0.936907
4	165	0.897927
5	6	0.805942
5	22	0.868369
5	59	0.81771
5	79	0.845592
5	86	0.842958
5	95	1.76036
5	120	0.857442
5	122	0.815052
5	129	0.863349
5	158	0.850907
5	163	0.838801
5	165	2.77996
6	1	0.914992
6	5	0.805942
6	29	0.862414
6	59	0.813568
6	76	0.871661
6	106	0.854805
6	122	0.81091
6	129	0.859207
6	140	2.69944
6	147	1.97693
6	163	0.834659
6	178	0.765756
7	8	0.850556
7	91	0.942939
7	122	0.854227
7	131	1.08111
7	141	0.846827
7	145	1.44862
7	149	0.905205
7	161	0.874952
7	172	0.80836
7	177	0.779815
7	179	0.779283
7	180	0.787481
8	7	0.850556
8	42	0.835107
8	56	0.820808
8	72	0.875829
8	74	2.22725
8	79	0.846889
8	80	0.83907
8	124	2.38568
8	129	0.864646
8	158	0.852204
8	163	0.840098
8	178	0.771194
9	18	0.84038
9	38	0.836757
9	51	0.796694
9	91	0.886961
9	99	0.866594
9	104	0.843527
9	111	0.822158
9	135	0.83347
9	141	0.790849
9	149	0.849227
9	150	1.77643
9	172	3.29586
9	173	0.737387
10	97	1.49897
10	109	0.880407
10	128	0.906733
10	134	0.935049
10	136	0.931238
10	140	2.33562
10	142	0.912961
10	143	0.940407
10	144	0.935515
10	145	0.909525
10	151	1.64151
10	161	0.909368
10	173	0.827782
11	21	0.952834
11	44	0.91133
11	51	0.890326
11	88	2.46627
11	116	0.964616
11	126	0.914032
11	135	0.927101
11	146	0.921319
11	149	0.942858
11	156	1.59264
11	166	1.73881
11	173	0.831019
11	178	0.846726
12	115	0.830442
12	128	0.812208
12	131	0.841889
12	134	0.840523
12	136	0.836712
12	139	0.825413
12	142	0.818436
12	143	0.845881
12	144	0.840989
12	145	0.814999
12	164	2.35937
12	165	0.778888
12	176	2.76452
13	93	2.86051
13	98	0.825211
13	103	0.812145
13	112	0.832761
13	119	0.818529
13	135	0.84713
13	141	0.80451
13	142	0.836228
13	144	0.858781
13	145	0.832792
13	149	0.862887
13	150	2.16192
13	178	0.766755
14	16	1.97861
14	28	0.848851
14	29	0.855051
14	53	0.807647
14	59	0.806205
14	72	0.863028
14	76	0.864298
14	120	0.845937
14	122	0.803547
14	129	0.851845
14	159	2.7926
14	163	0.827297
14	178	0.758393
15	108	1.49155
15	128	1.42147
15	154	0.896839
15	159	0.892935
15	168	0.851337
15	169	0.812711
15	170	0.795819
15	171	0.822234
15	175	0.850728
15	176	0.83007
15	177	0.789127
15	179	0.788595
15	180	0.796793
16	14	1.97861
16	65	1.91101
16	138	0.849518
16	160	0.784779
16	162	0.85728
16	164	0.866271
16	167	0.826001
16	168	0.846702
16	170	0.791184
16	174	0.815098
16	176	0.825435
16	177	0.784493
16	179	0.78396
16	180	0.792158
17	38	0.902007
17	41	1.58437
17	65	0.859969
17	83	0.898052
17	91	0.952211
17	99	0.931844
17	111	0.887408
17	114	1.50782
17	135	0.89872
17	141	0.856099
17	149	0.914477
17	161	0.884224
17	165	2.49561
17	178	0.818345
18	9	0.84038
18	24	0.9206
18	36	0.892444
18	37	0.891957
18	77	0.901173
18	99	0.930496
18	111	0.88606
18	135	0.897371
18	141	0.854751
18	149	0.913128
18	161	0.882876
18	162	1.97949
18	164	1.715
18	174	2.26051
19	67	1.50861
19	81	0.791603
19	82	0.852095
19	87	0.850639
19	91	0.904218
19	112	0.836358
19	119	0.822125
19	126	0.837658
19	131	1.64879
19	149	0.866484
19	153	0.815952
19	170	0.747786
19	179	0.740562
19	180	0.74876
20	84	0.820012
20	112	0.961711
20	136	1.03302
20	159	0.966174
20	166	0.898616
20	168	0.924576
20	169	0.88595
20	170	0.869058
20	171	0.895473
20	172	0.890911
20	176	0.903309
20	177	0.862366
20	179	0.861834
20	180	0.870032
21	11	0.952834
21	37	0.91078
21	41	0.848026
21	51	0.879418
21	68	0.869747
21	101	1.01781
21	104	0.926252
21	126	0.903125
21	141	0.873573
21	149	0.931951
21	161	0.901699
21	170	3.94646
21	173	0.820112
21	178	0.835819
22	5	0.868369
22	53	0.877437
22	61	0.896928
22	69	0.923932
22	80	0.896058
22	86	0.901243
22	106	0.917232
22	120	0.915727
22	122	0.873337
22	158	0.909192
22	161	0.894062
22	167	2.02333
22	177	3.02252
22	178	0.828183
23	37	0.900802
23	44	0.890445
23	51	0.86944
23	63	0.945058
23	75	0.695391
23	77	0.910018
23	83	0.905548
23	96	1.56901
23	104	0.916274
23	135	0.906216
23	141	0.863596
23	161	0.891721
23	177	3.48593
23	178	0.825841
24	18	0.9206
24	36	0.908763
24	47	1.66414
24	126	0.900621
24	127	1.24909
24	135	0.91369
24	137	0.871434
24	141	0.871069
24	149	0.929447
24	158	0.914324
24	161	0.899195
24	169	2.97087
24	173	0.817608
24	178	0.833315
25	46	0.879994
25	58	0.943285
25	66	0.750484
25	82	0.904091
25	87	0.902635
25	103	0.867737
25	105	0.915394
25	112	0.888354
25	119	0.874121
25	121	0.911517
25	152	1.43355
25	163	0.891251
25	165	0.852272
25	177	3.52747
26	62	1.97697
26	88	0.821461
26	94	1.14762
26	107	0.892705
26	159	0.872931
26	164	0.850902
26	167	0.810632
26	168	0.831333
26	170	0.775815
26	175	0.830724
26	176	0.810066
26	177	0.769123
26	179	0.768591
26	180	0.776789
27	138	0.723958
27	154	0.766644
27	162	0.731721
27	164	0.740711
27	166	0.695183
27	168	0.721142
27	170	0.665625
27	171	0.69204
27	172	0.687478
27	175	0.720533
27	176	0.699876
27	177	0.658933
27	179	0.6584
27	180	0.666598
28	14	0.848851
28	79	0.895863
28	80	0.888044
28	86	0.893229
28	89	0.934535
28	97	0.894153
28	106	0.909219
28	107	0.83962
28	120	0.907713
28	122	0.865323
28	129	0.91362
28	169	2.20059
28	173	2.82393
28	178	0.820169
29	6	0.862414
29	14	0.855051
29	79	0.902064
29	80	0.894245
29	89	0.940735
29	106	0.915419
29	122	0.871524
29	129	0.919821
29	137	2.02046
29	161	0.892249
29	163	0.895273
29	165	1.46966
29	172	2.39457
29	178	0.826369
30	36	0.880542
30	37	0.880055
30	38	0.888756
30	48	1.6983
30	65	0.846718
30	91	0.93896
30	111	0.874157
30	116	0.922983
30	135	0.885469
30	141	0.842848
30	146	0.879686
30	154	1.93179
30	158	0.886103
30	173	0.789386
30	176	2.6401
31	45	0.854789
31	109	0.841462
31	128	0.867789
31	131	0.89747
31	136	0.892293
31	139	0.880994
31	142	0.874017
31	143	0.901462
31	144	0.89657
31	145	0.87058
31	146	0.879137
31	156	0.835013
31	157	1.76686
31	159	1.5929
31	178	2.8302
32	42	1.32097
32	102	1.00469
32	122	0.969833
32	135	0.689968
32	160	0.835753
32	164	0.917245
32	167	0.876975
32	168	0.897676
32	169	0.85905
32	170	0.842158
32	175	0.897067
32	176	0.876409
32	177	0.835466
32	179	0.834934
32	180	0.843132
33	4	0.939762
33	46	0.859117
33	58	0.922408
33	71	0.90161
33	103	0.84686
33	105	0.894516
33	112	0.867477
33	119	0.853244
33	121	0.890639
33	133	0.825624
33	156	0.83194
33	158	0.88248
33	172	2.40014
33	175	1.85388
33	176	2.04982
34	45	1.93324
34	75	1.017
34	87	0.624473
34	121	0.349389
34	159	0.933961
34	168	0.892363
34	170	0.836845
34	171	0.86326
34	172	0.858698
34	174	0.860758
34	175	0.891753
34	176	0.871096
34	177	0.830153
34	179	0.829621
34	180	0.837819
35	1	0.945387
35	53	0.845406
35	69	0.891901
35	76	0.902056
35	79	0.871845
35	86	0.869212
35	106	0.885201
35	120	0.883696
35	122	0.841305
35	129	0.889603
35	158	0.87716
35	162	2.15645
35	164	1.89195
35	176	2.2971
35	178	0.796151
36	18	0.892444
36	24	0.908763
36	30	0.880542
36	44	0.869763
36	55	1.0862
36	63	0.924376
36	68	0.839087
36	83	0.884866
36	126	0.872465
36	141	0.842913
36	149	0.901291
36	157	1.18402
36	158	0.886168
36	160	4.11833
36	178	0.805159
37	18	0.891957
37	21	0.91078
37	23	0.900802
37	30	0.880055
37	63	0.923889
37	70	1.55012
37	101	1.85782
37	104	0.895105
37	125	0.825729
37	135	0.885047
37	137	0.842791
37	141	0.842426
37	149	0.900804
37	165	2.59927
37	173	0.788965
38	9	0.836757
38	17	0.902007
38	30	0.888756
38	43	0.757661
38	63	0.932591
38	77	0.897551
38	83	0.893081
38	135	0.893749
38	141	0.851128
38	149	0.909506
38	161	0.879253
38	170	3.4696
38	171	2.07776
38	173	0.797667
38	178	0.813374
39	2	0.935388
39	4	0.936508
39	71	0.898355
39	82	0.879959
39	105	0.891262
39	112	0.864222
39	119	0.849989
39	121	0.887385
39	133	0.822369
39	137	1.71561
39	146	0.872809
39	153	1.60279
39	156	0.828685
39	165	0.828141
39	179	2.93937
40	110	0.827713
40	128	2.03022
40	146	1.46297
40	154	0.867957
40	157	0.859051
40	162	0.833033
40	164	0.842024
40	167	0.801754
40	172	0.78879
40	174	0.79085
40	175	0.821845
40	176	0.801188
40	177	0.760245
40	179	0.759712
40	180	0.767911
41	17	1.58437
41	21	0.848026
41	58	1.13867
41	89	0.122035
41	140	0.960115
41	152	1.00153
41	166	0.938511
41	167	0.94377
41	169	0.925845
41	171	0.935368
41	172	0.930807
41	174	0.932867
41	176	0.943204
41	177	0.902261
41	179	0.901729
41	180	0.909927
42	8	0.835107
42	32	1.32097
42	68	0.827551
42	77	0.8778
42	95	1.36835
42	116	0.911513
42	120	0.881168
42	129	0.887075
42	139	0.870073
42	141	0.831378
42	142	0.863096
42	145	0.859659
42	149	0.889755
42	161	0.859503
42	174	3.1029
42	178	0.793623
43	38	0.757661
43	63	0.77092
43	77	0.568743
43	79	0.71788
43	150	1.0282
43	153	0.957865
43	155	0.99002
43	166	0.919257
43	168	0.945216
43	169	0.906591
43	171	0.916114
43	172	0.911552
43	175	0.944607
43	176	0.92395
43	179	0.882474
43	180	0.890673
44	11	0.91133
44	23	0.890445
44	36	0.869763
44	51	0.837914
44	68	0.828243
44	77	0.878492
44	104	0.884748
44	111	0.863379
44	126	0.861621
44	135	0.87469
44	141	0.83207
44	149	0.890447
44	162	2.11647
44	166	2.6404
44	168	1.88616
44	173	0.778608
45	31	0.854789
45	34	1.93324
45	60	1.56846
45	62	0.83159
45	67	0.885728
45	108	0.866936
45	115	0.861435
45	127	2.26243
45	131	0.872882
45	134	0.871516
45	136	0.867706
45	139	0.856407
45	142	0.849429
45	143	0.876874
45	144	0.871982
45	145	0.845992
46	25	0.879994
46	33	0.859117
46	58	0.908295
46	82	0.869101
46	98	0.845813
46	105	0.880403
46	112	0.853363
46	119	0.839131
46	121	0.876526
46	123	1.57351
46	130	1.39601
46	146	0.86195
46	158	0.868367
46	163	0.856261
46	165	0.817282
46	173	3.47306
47	24	1.66414
47	106	0.453052
47	124	0.933709
47	144	1.42233
47	160	0.826583
47	164	0.908075
47	167	0.867805
47	168	0.888506
47	169	0.84988
47	171	0.859403
47	172	0.854841
47	175	0.887896
47	176	0.867239
47	177	0.826296
47	179	0.825764
47	180	0.833962
48	2	1.18887
48	30	1.6983
48	83	1.37996
48	93	0.902239
48	148	0.883015
48	151	0.923733
48	152	0.914123
48	162	0.887645
48	169	0.838441
48	170	0.821549
48	171	0.847964
48	174	0.845463
48	176	0.8558
48	178	0.844115
48	179	0.814325
48	180	0.822523
49	105	0.704682
49	144	1.37212
49	148	0.861821
49	152	0.892929
49	154	0.901375
49	155	0.900677
49	157	0.89247
49	158	1.24727
49	162	0.866451
49	166	0.829913
49	167	0.835172
49	168	0.855873
49	169	0.817247
49	174	0.824269
49	176	0.834606
49	179	0.793131
49	180	0.801329
50	54	0.828659
50	60	1.36629
50	78	0.810432
50	108	0.866515
50	115	0.861014
50	128	0.84278
50	134	0.871095
50	136	0.867285
50	137	0.817655
50	139	0.855986
50	142	0.849008
50	143	0.876454
50	144	0.871561
50	145	0.845572
50	151	2.43214
50	163	0.848439
50	168	2.86077
51	9	0.796694
51	11	0.890326
51	21	0.879418
51	23	0.86944
51	44	0.837914
51	65	0.814934
51	83	0.853017
51	111	0.842374
51	116	0.8912
51	130	1.80815
51	135	0.853685
51	141	0.811065
51	149	0.869442
51	152	2.02365
51	158	0.854319
51	161	0.83919
51	174	2.85191
52	73	1.56333
52	81	0.864714
52	84	1.07003
52	112	1.21173
52	138	0.87923
52	140	0.872059
52	152	0.913471
52	160	0.814492
52	166	0.850455
52	168	0.876415
52	169	0.837789
52	170	0.820897
52	171	0.847312
52	172	0.84275
52	176	0.855148
52	179	0.813673
52	180	0.821871
53	14	0.807647
53	22	0.877437
53	35	0.845406
53	56	0.828579
53	69	0.874715
53	72	0.883601
53	79	0.85466
53	85	1.71492
53	86	0.852026
53	89	0.893332
53	106	0.868015
53	120	0.86651
53	122	0.82412
53	155	2.09228
53	163	0.84787
53	175	2.83363
53	178	0.778966
54	50	0.828659
54	64	0.889124
54	128	0.842079
54	131	0.871761
54	134	0.870394
54	136	0.866584
54	137	0.816954
54	139	0.855285
54	142	0.848307
54	143	0.875753
54	144	0.870861
54	145	0.844871
54	153	1.97825
54	163	0.847739
54	167	2.52168
54	172	2.46517
54	173	0.763127
55	36	1.0862
55	91	1.52628
55	132	0.837522
55	142	1.30336
55	154	0.92164
55	164	0.895707
55	166	0.850178
55	168	0.876138
55	169	0.837512
55	171	0.847035
55	172	0.842474
55	174	0.844534
55	175	0.875529
55	176	0.854871
55	177	0.813928
55	179	0.813396
55	180	0.821594
56	2	0.916496
56	8	0.820808
56	53	0.828579
56	76	0.88523
56	80	0.8472
56	87	0.859611
56	113	1.94552
56	119	0.831098
56	121	0.868493
56	126	0.84663
56	135	0.859699
56	141	0.817079
56	149	0.875456
56	151	1.89351
56	158	0.860334
56	174	2.83348
56	178	0.779324
57	100	0.84352
57	133	0.750482
57	154	0.804783
57	157	0.795877
57	161	4.5509
57	162	0.769859
57	167	0.73858
57	169	0.720655
57	170	0.703763
57	171	0.730178
57	174	0.727676
57	175	0.758671
57	176	0.738014
57	177	0.697071
57	178	0.726329
57	179	0.696539
57	180	0.704737
58	25	0.943285
58	33	0.922408
58	41	1.13867
58	46	0.908295
58	71	0.950787
58	97	1.68235
58	98	0.909104
58	103	0.896038
58	105	0.943694
58	112	0.916654
58	119	0.902422
58	121	0.939817
58	156	0.881118
58	157	2.04548
58	159	1.87153
58	163	0.919552
58	165	0.880573
59	1	0.92676
59	5	0.81771
59	6	0.813568
59	14	0.806205
59	72	0.882158
59	75	1.62017
59	76	0.883429
59	80	0.845399
59	86	0.850584
59	89	0.891889
59	102	1.40403
59	122	0.822678
59	129	0.870975
59	158	0.858533
59	161	0.843403
59	169	3.55499
59	178	0.777523
60	1	0.938649
60	45	1.56846
60	50	1.36629
60	78	0.683845
60	151	0.986753
60	154	0.985588
60	160	0.878163
60	164	0.959655
60	166	0.914126
60	170	0.884568
60	172	0.906422
60	174	0.908482
60	175	0.939477
60	176	0.918819
60	177	0.877876
60	179	0.877344
60	180	0.885542
61	22	0.896928
61	78	1.82972
61	124	0.919588
61	134	1.30727
61	147	0.919049
61	162	0.884963
61	166	0.848425
61	167	0.853683
61	168	0.874384
61	169	0.835758
61	170	0.818867
61	171	0.845282
61	172	0.84072
61	174	0.84278
61	177	0.812175
61	179	0.811642
61	180	0.81984
62	26	1.97697
62	45	0.83159
62	78	0.812242
62	115	0.862823
62	123	2.14273
62	131	0.874271
62	134	0.872905
62	136	0.869094
62	139	0.857795
62	142	0.850817
62	143	0.878263
62	144	0.873371
62	145	0.847381
62	147	2.04063
62	161	0.847225
62	163	0.850249
62	173	0.765638
63	23	0.945058
63	36	0.924376
63	37	0.923889
63	38	0.932591
63	43	0.77092
63	99	0.962428
63	104	0.939361
63	111	0.917991
63	126	0.916234
63	141	0.886682
63	149	0.94506
63	161	0.914808
63	164	1.72164
63	166	2.51006
63	173	0.833221
63	175	1.93085
63	178	0.848928
64	54	0.889124
64	108	0.92698
64	125	1.94143
64	128	0.903245
64	131	0.932926
64	133	0.864153
64	134	0.93156
64	136	0.927749
64	139	0.91645
64	142	0.909473
64	143	0.936918
64	144	0.932026
64	145	0.906036
64	151	1.28908
64	163	0.908904
64	164	1.68353
64	167	2.49551
65	16	1.91101
65	17	0.859969
65	30	0.846718
65	51	0.814934
65	68	0.805263
65	77	0.855512
65	83	0.851042
65	91	0.905201
65	97	0.84532
65	99	0.884835
65	100	2.39727
65	114	1.91559
65	116	0.889225
65	126	0.838641
65	141	0.80909
65	149	0.867467
65	173	0.755628
65	178	0.771335
66	25	0.750484
66	73	1.40558
66	129	0.664723
66	145	1.09117
66	148	0.926681
66	157	0.957329
66	159	0.962331
66	166	0.894773
66	167	0.900032
66	168	0.920733
66	169	0.882107
66	170	0.865215
66	171	0.89163
66	172	0.887068
66	174	0.889128
66	175	0.920123
66	179	0.857991
66	180	0.866189
67	19	1.50861
67	45	0.885728
67	78	0.86638
67	90	0.897707
67	94	0.895064
67	115	0.916962
67	125	1.8072
67	128	0.898728
67	131	0.928409
67	134	0.927043
67	139	0.911933
67	142	0.904956
67	143	0.932401
67	144	0.927509
67	145	0.901519
67	152	1.26655
67	173	0.819776
67	178	2.43878
68	21	0.869747
68	36	0.839087
68	42	0.827551
68	44	0.828243
68	65	0.805263
68	77	0.847816
68	83	0.843346
68	91	0.897505
68	99	0.877139
68	116	0.881529
68	135	0.844014
68	141	0.801393
68	149	0.859771
68	154	1.04471
68	160	4.10831
68	161	0.829519
68	167	2.15985
68	173	0.747932
69	22	0.923932
69	35	0.891901
69	53	0.874715
69	79	0.901155
69	80	0.893336
69	89	0.939827
69	97	0.899445
69	101	0.828146
69	106	0.914511
69	120	0.913005
69	122	0.870615
69	129	0.918913
69	148	2.09116
69	154	1.43588
69	158	0.90647
69	161	0.89134
69	173	3.31784
69	178	0.825461
70	37	1.55012
70	122	0.987649
70	141	1.01902
70	147	0.960193
70	150	0.998512
70	160	0.853606
70	161	0.206199
70	162	0.926107
70	164	0.935098
70	167	0.894828
70	168	0.915529
70	169	0.876903
70	174	0.883925
70	175	0.91492
70	176	0.894262
70	177	0.853319
70	179	0.852787
70	180	0.860985
71	4	0.968142
71	33	0.90161
71	39	0.898355
71	58	0.950787
71	82	0.911593
71	103	0.87524
71	105	0.922896
71	112	0.895856
71	119	0.881624
71	121	0.919019
71	125	0.850907
71	147	1.01045
71	156	0.860319
71	157	1.25944
71	163	0.898754
71	165	0.859775
71	178	2.32279
71	179	3.03842
72	8	0.875829
72	14	0.863028
72	53	0.883601
72	59	0.882158
72	76	0.940251
72	79	0.91004
72	93	1.58308
72	97	0.908331
72	106	0.923396
72	120	0.921891
72	122	0.879501
72	129	0.927798
72	137	2.02981
72	156	2.29069
72	158	0.915355
72	161	0.900226
72	175	1.85765
72	178	0.834346
73	1	0.954682
73	52	1.56333
73	66	1.40558
73	83	0.885153
73	91	0.939312
73	99	0.918946
73	118	1.56022
73	120	0.89299
73	129	0.898898
73	135	0.885821
73	139	0.881896
73	142	0.874918
73	143	0.902364
73	144	0.897472
73	145	0.871482
73	149	0.901578
73	155	1.83926
73	161	0.871325
74	8	2.22725
74	80	0.905912
74	90	0.757314
74	147	0.913573
74	153	0.881556
74	155	0.913712
74	164	0.888477
74	166	0.842948
74	167	0.848207
74	170	0.81339
74	171	0.839805
74	174	0.837304
74	175	0.868299
74	176	0.847641
74	177	0.806699
74	179	0.806166
74	180	0.814364
75	23	0.695391
75	34	1.017
75	59	1.62017
75	83	0.937247
75	120	1.03522
75	132	0.881641
75	148	0.926205
75	155	0.965061
75	160	0.858334
75	162	0.930835
75	170	0.864739
75	171	0.891154
75	172	0.886593
75	175	0.919648
75	176	0.89899
75	177	0.858047
75	179	0.857515
75	180	0.865713
76	6	0.871661
76	14	0.864298
76	35	0.902056
76	56	0.88523
76	59	0.883429
76	72	0.940251
76	85	1.17511
76	86	0.908677
76	89	0.949982
76	100	1.40907
76	117	1.43754
76	120	0.923161
76	122	0.880771
76	129	0.929068
76	132	3.18804
76	161	0.901496
76	163	0.90452
76	178	0.835616
77	18	0.901173
77	23	0.910018
77	38	0.897551
77	42	0.8778
77	43	0.568743
77	44	0.878492
77	65	0.855512
77	68	0.847816
77	99	0.927388
77	104	0.904321
77	111	0.882952
77	126	0.881194
77	133	2.4279
77	135	0.894263
77	141	0.851643
77	146	0.888481
77	158	0.894897
77	166	2.30789
77	167	2.33144
78	50	0.810432
78	60	0.683845
78	61	1.82972
78	62	0.812242
78	67	0.86638
78	90	0.822831
78	94	0.820188
78	109	0.797526
78	128	0.823852
78	131	0.853534
78	134	0.852167
78	136	0.848357
78	139	0.837058
78	142	0.83008
78	143	0.857526
78	144	0.852634
78	145	0.826644
78	165	0.790532
78	179	3.74926
79	1	0.954642
79	5	0.845592
79	8	0.846889
79	28	0.895863
79	29	0.902064
79	35	0.871845
79	43	0.71788
79	53	0.85466
79	69	0.901155
79	72	0.91004
79	89	0.919771
79	106	0.894455
79	120	0.89295
79	129	0.898857
79	155	1.13647
79	156	2.31085
79	158	0.886414
79	173	3.2474
79	178	0.805405
80	1	0.946823
80	8	0.83907
80	22	0.896058
80	28	0.888044
80	29	0.894245
80	56	0.8472
80	59	0.845399
80	69	0.893336
80	74	0.905912
80	86	0.870647
80	89	0.911953
80	106	0.886636
80	122	0.842741
80	129	0.891038
80	156	2.29677
80	159	1.30671
80	161	0.863466
80	163	0.866491
80	173	3.23332
80	178	0.797587
81	19	0.791603
81	52	0.864714
81	89	2.25712
81	90	2.56034
81	100	0.868154
81	148	0.789863
81	157	0.820511
81	159	0.825513
81	160	0.721991
81	164	0.803484
81	166	0.757955
81	168	0.783914
81	170	0.728397
81	171	0.754812
81	172	0.75025
81	174	0.75231
81	175	0.783305
81	176	0.762648
81	179	0.721172
81	180	0.729371
82	19	0.852095
82	25	0.904091
82	39	0.879959
82	46	0.869101
82	71	0.911593
82	87	0.891741
82	97	1.13323
82	98	0.86991
82	103	0.856844
82	112	0.87746
82	119	0.863228
82	121	0.900623
82	125	0.832512
82	146	0.886047
82	152	1.38747
82	158	0.892464
82	163	0.880358
82	165	0.841379
82	172	2.42569
82	179	3.27534
83	17	0.898052
83	23	0.905548
83	36	0.884866
83	38	0.893081
83	48	1.37996
83	51	0.853017
83	65	0.851042
83	68	0.843346
83	73	0.885153
83	75	0.937247
83	116	0.927308
83	126	0.876724
83	135	0.889793
83	137	0.847537
83	140	2.21628
83	141	0.847172
83	146	0.884011
83	158	0.890427
83	171	2.54253
83	178	0.809418
84	20	0.820012
84	52	1.07003
84	90	0.870458
84	94	0.867815
84	108	0.895214
84	109	0.845152
84	128	0.871479
84	131	0.90116
84	134	0.899794
84	136	0.895984
84	139	0.884685
84	142	0.877707
84	143	0.905152
84	144	0.90026
84	145	0.874271
84	146	0.882827
84	165	0.838159
84	173	0.792527
84	174	2.42362
84	178	2.76759
85	53	1.71492
85	76	1.17511
85	116	0.97254
85	136	1.18161
85	147	0.936303
85	150	0.974622
85	155	0.936442
85	166	0.865679
85	167	0.870938
85	168	0.891638
85	169	0.853013
85	171	0.862536
85	172	0.857974
85	174	0.860034
85	175	0.891029
85	176	0.870372
85	177	0.829429
85	178	0.858687
85	179	0.828896
85	180	0.837095
86	5	0.842958
86	22	0.901243
86	28	0.893229
86	35	0.869212
86	53	0.852026
86	59	0.850584
86	76	0.908677
86	80	0.870647
86	89	0.917138
86	97	0.876756
86	120	0.890316
86	122	0.847926
86	129	0.896223
86	138	2.35807
86	158	0.883781
86	161	0.868651
86	167	2.43562
86	168	1.65782
86	176	2.02879
86	178	0.802772
87	2	0.94717
87	19	0.850639
87	25	0.902635
87	34	0.624473
87	56	0.859611
87	82	0.891741
87	98	0.868454
87	103	0.855388
87	105	0.903044
87	112	0.876004
87	119	0.861772
87	121	0.899167
87	125	0.831055
87	148	2.07212
87	156	0.840467
87	158	0.891007
87	163	0.878902
87	165	0.839923
87	172	2.47546
87	178	2.60947
88	11	2.46627
88	26	0.821461
88	121	2.96079
88	123	0.845222
88	137	0.79091
88	140	0.781387
88	147	0.830408
88	155	0.830547
88	157	0.82234
88	164	0.805312
88	166	0.759784
88	167	0.765042
88	170	0.730226
88	172	0.752079
88	174	0.754139
88	175	0.785134
88	176	0.764476
88	177	0.723534
88	179	0.723001
88	180	0.731199
89	28	0.934535
89	29	0.940735
89	41	0.122035
89	53	0.893332
89	59	0.891889
89	69	0.939827
89	76	0.949982
89	79	0.919771
89	80	0.911953
89	81	2.25712
89	86	0.917138
89	106	0.933127
89	120	0.931622
89	122	0.889232
89	123	0.881958
89	129	0.937529
89	158	0.925086
89	163	0.912981
89	167	2.01469
89	173	2.78151
89	178	0.844077
90	67	0.897707
90	74	0.757314
90	78	0.822831
90	81	2.56034
90	84	0.870458
90	108	0.878914
90	109	0.828853
90	115	0.873413
90	128	0.855179
90	134	0.883494
90	136	0.879684
90	139	0.868385
90	142	0.861407
90	143	0.888853
90	144	0.88396
90	145	0.857971
90	161	0.857814
90	162	1.77042
90	163	0.860838
90	165	0.821859
90	178	2.39541
91	7	0.942939
91	9	0.886961
91	17	0.952211
91	19	0.904218
91	30	0.93896
91	55	1.52628
91	65	0.905201
91	68	0.897505
91	73	0.939312
91	111	0.932641
91	116	0.981467
91	125	0.884634
91	133	2.70639
91	135	0.943952
91	141	0.901332
91	149	0.959709
91	150	1.034
91	157	1.6241
91	164	1.79795
91	173	0.84787
91	178	0.863577
92	93	0.850772
92	98	1.66241
92	114	0.914557
92	125	0.813705
92	134	1.44878
92	140	0.821244
92	144	1.6007
92	147	0.870264
92	150	0.908583
92	153	0.838248
92	160	0.763677
92	165	0.822573
92	167	0.804899
92	170	0.770082
92	172	0.791936
92	174	0.793996
92	175	0.824991
92	176	0.804333
92	177	0.76339
92	179	0.762858
92	180	0.771056
93	13	2.86051
93	48	0.902239
93	72	1.58308
93	92	0.850772
93	137	0.825954
93	152	0.857843
93	154	0.866289
93	157	0.857384
93	158	1.58339
93	159	0.862385
93	160	0.758864
93	168	0.820787
93	169	0.782161
93	170	0.765269
93	171	0.791684
93	172	0.787122
93	174	0.789183
93	175	0.820177
93	176	0.79952
93	177	0.758577
93	179	0.758045
93	180	0.766243
94	26	1.14762
94	67	0.895064
94	78	0.820188
94	84	0.867815
94	108	0.876271
94	109	0.82621
94	115	0.87077
94	128	0.852536
94	134	0.880851
94	136	0.877041
94	139	0.865742
94	142	0.858764
94	143	0.88621
94	144	0.881317
94	145	0.855328
94	156	0.819761
94	161	0.855171
94	165	0.819216
94	166	2.42255
94	173	0.773584
94	175	1.84334
94	180	2.97873
95	4	1.28549
95	5	1.76036
95	42	1.36835
95	140	0.912115
95	144	0.584577
95	152	0.953526
95	153	0.929119
95	154	0.961973
95	157	0.953067
95	158	0.459722
95	159	0.958069
95	162	0.927049
95	164	0.93604
95	166	0.890511
95	167	0.89577
95	169	0.877845
95	170	0.860953
95	171	0.887368
95	176	0.895204
95	177	0.854261
95	179	0.853729
95	180	0.861927
96	1	2.2932
96	23	1.56901
96	114	0.901765
96	132	0.774191
96	141	2.13187
96	150	0.89579
96	154	0.858309
96	155	0.857611
96	157	0.849404
96	159	0.854405
96	162	0.823385
96	167	0.792106
96	168	0.812807
96	169	0.774181
96	170	0.757289
96	172	0.779143
96	174	0.781203
96	175	0.812198
96	176	0.79154
96	178	0.779855
96	179	0.750065
96	180	0.758263
97	10	1.49897
97	28	0.894153
97	58	1.68235
97	65	0.84532
97	69	0.899445
97	72	0.908331
97	82	1.13323
97	86	0.876756
97	108	1.7661
97	116	0.921585
97	120	0.89124
97	126	0.871001
97	135	0.884071
97	149	0.899828
97	150	0.919631
97	160	0.774725
97	163	0.872599
97	171	0.807545
97	177	0.774438
97	178	0.803696
97	179	0.773906
97	180	0.782104
98	2	0.925339
98	13	0.825211
98	46	0.845813
98	58	0.909104
98	82	0.86991
98	87	0.868454
98	92	1.66241
98	103	0.833557
98	105	0.881213
98	110	2.19885
98	112	0.854173
98	119	0.83994
98	121	0.877336
98	125	0.809224
98	133	0.81232
98	146	0.86276
98	154	1.53215
98	156	0.818636
98	158	0.869176
98	163	0.857071
98	165	0.818092
98	169	2.79077
99	9	0.866594
99	17	0.931844
99	18	0.930496
99	63	0.962428
99	65	0.884835
99	68	0.877139
99	73	0.918946
99	77	0.927388
99	100	1.07025
99	111	0.912274
99	126	0.910517
99	135	0.923586
99	141	0.880965
99	146	0.917803
99	149	0.939343
99	154	1.44262
99	158	0.92422
99	167	2.55776
99	173	0.827503
99	174	2.2913
99	175	1.95499
99	178	0.843211
100	1	1.72341
100	57	0.84352
100	65	2.39727
100	76	1.40907
100	81	0.868154
100	99	1.07025
100	132	0.841239
100	138	0.88267
100	151	0.926521
100	155	0.924659
100	166	0.853895
100	168	0.879855
100	169	0.841229
100	170	0.824337
100	171	0.850752
100	172	0.84619
100	174	0.848251
100	175	0.879245
100	176	0.858588
100	177	0.817645
100	179	0.817113
100	180	0.825311
101	21	1.01781
101	37	1.85782
101	69	0.828146
101	132	0.88928
101	135	1.01549
101	147	0.97256
101	153	0.940544
101	157	0.964493
101	160	0.865973
101	162	0.938474
101	163	0.742725
101	166	0.901936
101	167	0.907195
101	168	0.927896
101	172	0.894231
101	173	0.879236
101	174	0.896292
101	175	0.927286
101	176	0.906629
101	177	0.865686
101	179	0.865154
101	180	0.873352
102	32	1.00469
102	59	1.40403
102	111	1.32331
102	112	0.824292
102	125	0.890739
102	128	1.03751
102	129	0.43503
102	147	0.947298
102	150	0.985616
102	155	0.947437
102	157	0.93923
102	160	0.84071
102	162	0.913212
102	167	0.881932
102	169	0.864008
102	171	0.873531
102	172	0.868969
102	174	0.871029
102	176	0.881367
102	177	0.840424
102	178	0.869681
102	179	0.839891
102	180	0.84809
103	4	0.913392
103	13	0.812145
103	25	0.867737
103	33	0.84686
103	58	0.896038
103	71	0.87524
103	82	0.856844
103	87	0.855388
103	98	0.833557
103	105	0.868147
103	119	0.826874
103	121	0.86427
103	125	0.796158
103	133	0.799254
103	138	2.6824
103	140	2.24763
103	146	0.849693
103	154	1.64481
103	156	0.80557
103	158	0.85611
103	163	0.844005
103	165	0.805025
103	166	2.73639
104	9	0.843527
104	21	0.926252
104	23	0.916274
104	37	0.895105
104	44	0.884748
104	63	0.939361
104	77	0.904321
104	111	0.889207
104	116	0.938034
104	125	0.841201
104	126	0.88745
104	133	2.22673
104	135	0.900519
104	137	0.858263
104	141	0.857899
104	146	0.894737
104	149	0.916276
104	156	1.96055
104	158	0.901153
104	159	0.970484
104	161	0.886024
104	166	2.10672
104	180	2.6629
105	2	0.959929
105	25	0.915394
105	33	0.894516
105	39	0.891262
105	46	0.880403
105	49	0.704682
105	58	0.943694
105	71	0.922896
105	87	0.903044
105	98	0.881213
105	103	0.868147
105	112	0.888763
105	119	0.874531
105	133	0.84691
105	146	0.89735
105	156	0.853226
105	158	0.903766
105	163	0.891661
105	165	0.852682
105	169	2.06162
105	170	3.12394
105	172	1.86164
105	176	1.51132
106	6	0.854805
106	22	0.917232
106	28	0.909219
106	29	0.915419
106	35	0.885201
106	47	0.453052
106	53	0.868015
106	69	0.914511
106	72	0.923396
106	79	0.894455
106	80	0.886636
106	89	0.933127
106	120	0.906305
106	122	0.863915
106	129	0.912212
106	138	1.53876
106	158	0.89977
106	160	3.56477
106	161	0.88464
106	162	1.06882
106	163	0.887665
106	170	2.82209
106	178	0.818761
107	26	0.892705
107	28	0.83962
107	114	0.945945
107	139	1.49113
107	145	1.65147
107	147	0.901652
107	150	0.93997
107	157	0.893584
107	160	0.795064
107	163	1.2481
107	164	0.876556
107	167	0.836286
107	168	0.856987
107	169	0.818361
107	170	0.80147
107	171	0.827885
107	172	0.823323
107	174	0.825383
107	175	0.856378
107	176	0.835721
107	177	0.794778
107	179	0.794245
107	180	0.802443
108	15	1.49155
108	45	0.866936
108	50	0.866515
108	64	0.92698
108	84	0.895214
108	90	0.878914
108	94	0.876271
108	97	1.7661
108	109	0.853609
108	128	0.879935
108	131	0.909617
108	133	0.840844
108	134	0.90825
108	136	0.90444
108	139	0.893141
108	142	0.886163
108	143	0.913609
108	144	0.908716
108	145	0.882727
108	150	1.53913
108	157	2.12923
108	159	1.95528
108	163	0.885595
108	173	0.800983
109	10	0.880407
109	31	0.841462
109	78	0.797526
109	84	0.845152
109	90	0.828853
109	94	0.82621
109	108	0.853609
109	128	0.829874
109	131	0.859555
109	134	0.858189
109	136	0.854378
109	139	0.843079
109	142	0.836102
109	143	0.863547
109	144	0.858655
109	145	0.832665
109	151	1.47921
109	156	0.797098
109	157	1.6998
109	161	0.832509
109	163	0.835533
109	165	0.796554
109	178	2.76314
109	179	3.47878
110	40	0.827713
110	98	2.19885
110	112	2.38334
110	117	0.873143
110	118	0.880667
110	132	0.762258
110	140	0.796518
110	142	1.93858
110	152	0.83793
110	155	0.845678
110	159	0.842472
110	162	0.811452
110	164	0.820443
110	166	0.774914
110	167	0.780173
110	168	0.800874
110	169	0.762248
110	170	0.745356
110	171	0.771771
110	174	0.76927
110	175	0.800264
110	176	0.779607
110	177	0.738664
110	179	0.738132
110	180	0.74633
111	9	0.822158
111	17	0.887408
111	18	0.88606
111	30	0.874157
111	44	0.863379
111	51	0.842374
111	63	0.917991
111	77	0.882952
111	91	0.932641
111	99	0.912274
111	102	1.32331
111	104	0.889207
111	116	0.916664
111	118	1.70764
111	126	0.86608
111	135	0.87915
111	137	0.836893
111	141	0.836529
111	147	2.09597
111	149	0.894907
111	155	1.98669
111	158	0.879784
111	161	0.864654
111	165	2.34938
111	178	0.798775
112	2	0.932889
112	4	0.934009
112	13	0.832761
112	19	0.836358
112	20	0.961711
112	25	0.888354
112	33	0.867477
112	39	0.864222
112	46	0.853363
112	52	1.21173
112	58	0.916654
112	71	0.895856
112	82	0.87746
112	87	0.876004
112	98	0.854173
112	102	0.824292
112	105	0.888763
112	110	2.38334
112	119	0.847491
112	121	0.884886
112	146	0.87031
112	156	0.826186
112	158	0.876726
112	163	0.864621
112	171	2.64572
113	3	0.919452
113	56	1.94552
113	121	1.10246
113	132	0.802353
113	145	1.71454
113	148	0.846917
113	152	0.878025
113	154	0.886471
113	155	0.885773
113	157	0.877566
113	161	1.08235
113	162	0.851547
113	164	0.860538
113	166	0.815009
113	167	0.820268
113	168	0.840969
113	169	0.802343
113	171	0.811866
113	172	0.807305
113	174	0.809365
113	175	0.84036
113	176	0.819702
113	177	0.778759
113	179	0.778227
113	180	0.786425
114	17	1.50782
114	65	1.91559
114	92	0.914557
114	96	0.901765
114	107	0.945945
114	136	0.933884
114	145	0.899762
114	149	0.707274
114	151	0.931239
114	153	0.897221
114	157	0.921169
114	160	0.822649
114	162	0.895151
114	164	0.904142
114	165	0.881545
114	167	0.863872
114	168	0.884573
114	170	0.829055
114	171	0.85547
114	172	0.850908
114	174	0.852968
114	175	0.883963
114	177	0.822363
114	179	0.821831
114	180	0.830029
115	12	0.830442
115	45	0.861435
115	50	0.861014
115	62	0.862823
115	67	0.916962
115	90	0.873413
115	94	0.87077
115	128	0.874434
115	131	0.904116
115	134	0.902749
115	136	0.898939
115	139	0.88764
115	142	0.880662
115	143	0.908108
115	144	0.903215
115	145	0.877226
115	148	1.70027
115	153	1.61669
115	156	0.841659
115	159	1.00033
115	160	4.10859
115	161	0.877069
115	165	0.841114
115	167	2.16012
115	173	0.795482
116	11	0.964616
116	30	0.922983
116	42	0.911513
116	51	0.8912
116	65	0.889225
116	68	0.881529
116	83	0.927308
116	85	0.97254
116	91	0.981467
116	97	0.921585
116	104	0.938034
116	111	0.916664
116	124	1.29186
116	125	0.868658
116	126	0.914906
116	127	1.11571
116	135	0.927976
116	137	0.88572
116	141	0.885355
116	146	0.922193
116	149	0.943733
116	151	1.48758
116	165	1.7126
116	173	0.831893
116	177	3.6932
116	178	0.847601
117	76	1.43754
117	110	0.873143
117	139	1.24958
117	140	0.863528
117	144	1.12655
117	147	0.912549
117	150	0.950867
117	151	0.914551
117	153	0.880533
117	157	0.904481
117	158	1.00169
117	160	0.805961
117	162	0.878463
117	163	1.00655
117	164	0.887453
117	166	0.841925
117	167	0.847183
117	168	0.867884
117	171	0.838782
117	172	0.83422
117	174	0.83628
117	175	0.867275
117	176	0.846618
117	177	0.805675
117	178	0.834932
117	179	0.805142
117	180	0.813341
118	73	1.56022
118	110	0.880667
118	111	1.70764
118	128	1.42184
118	132	0.836792
118	146	0.85459
118	149	1.05332
118	153	0.888056
118	154	0.92091
118	155	0.920212
118	157	0.912005
118	159	0.917006
118	160	0.813485
118	162	0.885986
118	166	0.849448
118	167	0.854707
118	168	0.875408
118	169	0.836782
118	170	0.81989
118	171	0.846305
118	172	0.841744
118	174	0.843804
118	175	0.874799
118	176	0.854141
118	177	0.813199
118	179	0.812666
118	180	0.820864
119	2	0.918656
119	3	1.04494
119	13	0.818529
119	19	0.822125
119	25	0.874121
119	33	0.853244
119	39	0.849989
119	46	0.839131
119	56	0.831098
119	58	0.902422
119	71	0.881624
119	82	0.863228
119	87	0.861772
119	98	0.83994
119	103	0.826874
119	105	0.874531
119	112	0.847491
119	121	0.870654
119	133	0.805638
119	146	0.856077
119	156	0.811954
119	158	0.862494
119	163	0.850388
119	165	0.811409
119	169	2.39959
119	172	2.19961
119	173	3.02294
119	174	1.98966
120	5	0.857442
120	14	0.845937
120	22	0.915727
120	28	0.907713
120	35	0.883696
120	42	0.881168
120	53	0.86651
120	69	0.913005
120	72	0.921891
120	73	0.89299
120	75	1.03522
120	76	0.923161
120	79	0.89295
120	86	0.890316
120	89	0.931622
120	97	0.89124
120	106	0.906305
120	122	0.86241
120	129	0.910707
120	137	2.39595
120	157	1.84073
120	158	0.898265
120	159	1.66677
120	161	0.883135
120	163	0.886159
120	165	1.84515
120	176	2.41974
120	178	0.817256
121	2	0.956052
121	4	0.957172
121	25	0.911517
121	33	0.890639
121	34	0.349389
121	39	0.887385
121	46	0.876526
121	56	0.868493
121	58	0.939817
121	71	0.919019
121	82	0.900623
121	87	0.899167
121	88	2.96079
121	98	0.877336
121	103	0.86427
121	112	0.884886
121	113	1.10246
121	119	0.870654
121	125	0.839937
121	133	0.843033
121	137	1.82627
121	146	0.893473
121	156	0.849349
121	158	0.899889
121	163	0.887784
121	165	0.848805
121	168	1.47909
121	169	2.40035
122	1	0.924102
122	5	0.815052
122	6	0.81091
122	7	0.854227
122	14	0.803547
122	22	0.873337
122	28	0.865323
122	29	0.871524
122	32	0.969833
122	35	0.841305
122	53	0.82412
122	59	0.822678
122	69	0.870615
122	70	0.987649
122	72	0.879501
122	76	0.880771
122	80	0.842741
122	86	0.847926
122	89	0.889232
122	106	0.863915
122	120	0.86241
122	124	1.61607
122	129	0.868317
122	158	0.855875
122	163	0.843769
122	171	2.83216
122	178	0.774866
122	180	3.55084
123	46	1.57351
123	62	2.14273
123	88	0.845222
123	89	0.881958
123	130	0.916834
123	131	1.36872
123	135	1.60563
123	138	0.85791
123	140	0.850738
123	148	0.861042
123	151	0.901761
123	154	0.900596
123	155	0.899898
123	159	0.896692
123	160	0.793171
123	162	0.865673
123	164	0.874663
123	167	0.834393
123	168	0.855094
123	169	0.816468
123	170	0.799577
123	171	0.825992
123	172	0.82143
123	174	0.82349
123	175	0.854485
123	176	0.833827
123	177	0.792885
123	179	0.792352
123	180	0.80055
124	8	2.38568
124	47	0.933709
124	61	0.919588
124	116	1.29186
124	122	1.61607
124	127	0.921016
124	130	0.902558
124	131	1.0993
124	132	0.802202
124	149	1.27432
124	150	0.923801
124	152	0.877874
124	153	0.853467
124	154	0.88632
124	157	0.877415
124	159	0.882416
124	164	0.860387
124	166	0.814859
124	167	0.820117
124	169	0.802192
124	171	0.811716
124	172	0.807154
124	173	0.792159
124	174	0.809214
124	175	0.840209
124	176	0.819552
124	177	0.778609
124	179	0.778076
124	180	0.786274
125	37	0.825729
125	64	1.94143
125	67	1.8072
125	71	0.850907
125	82	0.832512
125	87	0.831055
125	91	0.884634
125	92	0.813705
125	98	0.809224
125	102	0.890739
125	103	0.796158
125	104	0.841201
125	116	0.868658
125	121	0.839937
125	126	0.818074
125	135	0.831143
125	136	2.34901
125	142	1.83294
125	149	0.8469
125	152	0.820776
125	156	0.781237
125	159	0.825318
125	165	0.780693
125	168	0.78372
125	169	0.745094
125	174	0.752116
125	177	0.721511
125	178	0.750768
125	179	0.720978
125	180	0.729176
126	11	0.914032
126	19	0.837658
126	21	0.903125
126	24	0.900621
126	36	0.872465
126	44	0.861621
126	56	0.84663
126	63	0.916234
126	65	0.838641
126	77	0.881194
126	83	0.876724
126	97	0.871001
126	99	0.910517
126	104	0.88745
126	111	0.86608
126	116	0.914906
126	125	0.818074
126	135	0.877392
126	137	0.835136
126	141	0.834771
126	149	0.893149
126	150	1.65877
126	152	2.13998
126	154	2.11957
126	155	1.8906
126	158	0.878026
126	161	0.862896
126	165	2.2533
126	168	2.45691
126	173	0.781309
126	178	0.797017
127	4	1.7082
127	24	1.24909
127	45	2.26243
127	116	1.11571
127	124	0.921016
127	138	0.878628
127	143	0.774747
127	148	0.88176
127	149	1.09817
127	151	0.922479
127	154	0.921314
127	155	0.920616
127	156	0.873329
127	157	0.912409
127	159	0.91741
127	162	0.886391
127	164	0.895381
127	166	0.849853
127	167	0.855111
127	168	0.875812
127	169	0.837186
127	170	0.820295
127	171	0.84671
127	172	0.842148
127	173	0.827153
127	174	0.844208
127	175	0.875203
127	176	0.854546
127	177	0.813603
127	179	0.81307
127	180	0.821268
128	10	0.906733
128	12	0.812208
128	15	1.42147
128	31	0.867789
128	40	2.03022
128	50	0.84278
128	54	0.842079
128	64	0.903245
128	67	0.898728
128	78	0.823852
128	84	0.871479
128	90	0.855179
128	94	0.852536
128	102	1.03751
128	108	0.879935
128	109	0.829874
128	115	0.874434
128	118	1.42184
128	131	0.885882
128	134	0.884515
128	136	0.880705
128	139	0.869406
128	142	0.862428
128	143	0.889874
128	144	0.884981
128	145	0.858992
128	146	0.867548
128	154	1.92986
128	156	0.823425
128	165	0.82288
128	171	2.85894
128	173	0.777248
129	1	0.972399
129	5	0.863349
129	6	0.859207
129	8	0.864646
129	14	0.851845
129	28	0.91362
129	29	0.919821
129	35	0.889603
129	42	0.887075
129	59	0.870975
129	66	0.664723
129	69	0.918913
129	72	0.927798
129	73	0.898898
129	76	0.929068
129	79	0.898857
129	80	0.891038
129	86	0.896223
129	89	0.937529
129	102	0.43503
129	106	0.912212
129	120	0.910707
129	122	0.868317
129	133	2.53897
129	137	2.0119
129	158	0.904172
129	161	0.889042
129	163	0.892067
129	164	1.63054
129	175	1.83975
129	177	3.44171
129	178	0.823163
130	46	1.39601
130	51	1.80815
130	123	0.916834
130	124	0.902558
130	134	1.12344
130	138	0.86017
130	142	1.0768
130	146	1.16752
130	147	0.902019
130	148	0.863303
130	150	0.940338
130	152	0.894411
130	153	0.870003
130	155	0.902159
130	157	0.893952
130	159	0.898953
130	162	0.867933
130	163	1.15537
130	164	0.876924
130	166	0.831395
130	167	0.836654
130	168	0.857355
130	169	0.818729
130	170	0.801837
130	171	0.828252
130	172	0.823691
130	173	0.808696
130	174	0.825751
130	175	0.856746
130	176	0.836088
130	177	0.795145
130	179	0.794613
130	180	0.802811
131	7	1.08111
131	12	0.841889
131	19	1.64879
131	31	0.89747
131	45	0.872882
131	54	0.871761
131	62	0.874271
131	64	0.932926
131	67	0.928409
131	78	0.853534
131	84	0.90116
131	108	0.909617
131	109	0.859555
131	115	0.904116
131	123	1.36872
131	124	1.0993
131	128	0.885882
131	134	0.914197
131	136	0.910386
131	137	0.860756
131	139	0.899087
131	142	0.89211
131	143	0.919555
131	144	0.914663
131	145	0.888673
131	146	0.89723
131	153	1.95802
131	161	0.888517
131	163	0.891541
131	165	0.852562
131	173	0.80693
131	175	1.89868
131	178	2.57896
132	55	0.837522
132	75	0.881641
132	76	3.18804
132	96	0.774191
132	100	0.841239
132	101	0.88928
132	110	0.762258
132	113	0.802353
132	118	0.836792
132	124	0.802202
132	134	2.72512
132	140	0.752643
132	148	0.762947
132	149	2.96793
132	151	0.803666
132	153	0.769647
132	154	0.802501
132	155	0.801803
132	157	0.793596
132	159	0.798597
132	160	0.695076
132	164	0.776568
132	166	0.731039
132	167	0.736298
132	169	0.718373
132	170	0.701481
132	171	0.727896
132	174	0.725395
132	175	0.75639
132	176	0.735732
132	177	0.69479
132	179	0.694257
132	180	0.702455
133	33	0.825624
133	39	0.822369
133	57	0.750482
133	64	0.864153
133	77	2.4279
133	91	2.70639
133	98	0.81232
133	103	0.799254
133	104	2.22673
133	105	0.84691
133	108	0.840844
133	119	0.805638
133	121	0.843033
133	129	2.53897
133	136	0.841614
133	139	0.830314
133	143	0.850782
133	144	0.84589
133	145	0.8199
133	146	0.828457
133	160	0.724893
133	163	0.822768
