1	10	1.40232
1	26	1.26073
1	37	1.36714
1	42	1.35783
1	70	0.499598
1	104	1.35736
1	108	1.35736
1	168	0.48721
1	171	1.49728
1	176	0.496355
1	177	0.468757
1	180	0.452708
2	12	0.499256
2	16	1.30693
2	19	0.400993
2	42	1.35202
2	80	1.43566
2	90	1.31082
2	104	1.35155
2	108	1.35155
2	153	0.498139
2	171	1.49147
2	173	0.518198
2	175	0.49219
3	21	1.18658
3	37	1.18239
3	42	1.17308
3	59	1.14349
3	80	1.25672
3	104	1.17261
3	108	1.17261
3	127	0.620995
3	151	0.63828
3	167	0.598767
3	171	1.31253
3	179	0.548127
4	38	1.36084
4	52	1.30575
4	77	0.508704
4	123	1.36316
4	132	0.502094
4	133	1.37164
4	140	1.39698
4	143	1.39364
4	146	1.40799
4	164	0.489908
4	168	0.484801
4	179	0.415998
5	52	1.29968
5	96	1.37769
5	100	1.41046
5	115	0.481605
5	122	0.53721
5	123	1.3571
5	133	1.36557
5	143	1.38757
5	146	1.40192
5	171	0.451674
5	176	0.506153
5	179	0.428205
6	35	0.515998
6	36	1.38398
6	66	1.26781
6	74	1.34406
6	133	1.38011
6	140	1.40546
6	143	1.40212
6	146	1.41646
6	152	0.495823
6	170	0.493163
6	171	0.460505
6	179	0.437037
7	46	1.38918
7	48	1.38104
7	101	1.34684
7	124	1.36247
7	129	1.31845
7	137	1.31476
7	153	0.475002
7	159	0.475416
7	170	0.470131
7	173	0.495061
7	176	0.491952
7	179	1.48726
8	65	1.36526
8	141	1.37
8	155	0.470205
8	158	1.39141
8	162	1.35469
8	163	1.37822
8	164	1.35878
8	165	1.38164
8	169	0.49248
8	173	0.50597
8	175	0.479962
8	180	0.459214
9	79	0.463497
9	134	1.39056
9	152	0.504702
9	154	1.35286
9	161	0.492137
9	162	1.34828
9	163	1.37181
9	164	1.35236
9	165	1.37522
9	169	0.513482
9	172	0.434225
9	174	1.4089
10	1	1.40232
10	12	0.475943
10	26	1.26073
10	37	1.36714
10	42	1.35783
10	104	1.35736
10	108	1.35736
10	157	0.506523
10	168	0.482631
10	171	1.49728
10	173	0.494885
10	180	0.448129
11	63	1.23934
11	136	0.462416
11	149	0.493833
11	155	0.472759
11	158	1.40484
11	162	1.36813
11	163	1.39165
11	164	1.37221
11	165	1.39507
11	166	0.494182
11	174	1.42875
11	178	0.48473
12	2	0.499256
12	10	0.475943
12	29	0.462001
12	55	0.476824
12	96	0.481756
12	166	1.38729
12	168	1.36702
12	173	1.35532
12	175	1.37179
12	176	1.36528
12	178	1.3698
12	180	1.3835
13	17	0.742852
13	33	0.372794
13	58	0.434303
13	92	0.355699
13	162	0.370736
13	167	1.49015
13	168	1.48224
13	171	0.314212
13	173	1.47054
13	175	1.48702
13	177	1.48629
13	178	1.48502
13	180	1.49873
14	25	1.18941
14	34	1.35203
14	45	1.2826
14	51	0.282615
14	75	1.25179
14	82	1.29479
14	112	0.288866
14	122	0.334269
14	127	1.2708
14	156	1.30289
14	172	1.4557
14	179	0.834036
14	180	0.868337
15	89	0.525539
15	117	0.547921
15	148	0.524965
15	154	1.26788
15	158	1.30001
15	162	1.2633
15	163	1.28682
15	164	1.26738
15	165	1.29024
15	169	0.521458
15	171	1.40044
15	174	1.32392
15	180	0.488192
16	2	1.30693
16	21	1.28175
16	37	1.27755
16	59	1.23865
16	80	1.35188
16	104	1.26777
16	108	1.26777
16	112	0.54089
16	115	0.530688
16	148	0.548362
16	155	0.522581
16	171	1.4077
16	172	0.465598
17	13	0.742852
17	18	1.44963
17	24	1.33139
17	55	1.3851
17	67	1.29696
17	68	1.24528
17	95	0.321208
17	120	0.368744
17	138	1.27449
17	142	1.20233
17	144	1.21483
17	151	0.32548
17	180	0.848171
18	17	1.44963
18	62	1.5494
18	67	1.55161
18	68	1.49993
18	72	0.444728
18	97	1.42297
18	135	0.470032
18	142	1.45698
18	144	1.46948
18	157	0.463079
18	166	0.437099
18	177	0.420735
18	179	0.370384
19	2	0.400993
19	26	0.489665
19	64	0.415725
19	90	0.45018
19	108	0.433702
19	114	0.401046
19	130	1.40386
19	158	1.49367
19	164	1.46104
19	165	1.4839
19	172	1.62945
19	177	1.45782
19	180	1.47026
20	126	1.34769
20	141	1.29261
20	148	0.541439
20	153	0.531363
20	154	1.28189
20	158	1.31402
20	162	1.2773
20	163	1.30083
20	164	1.28139
20	165	1.30425
20	166	0.537081
20	178	0.527628
20	179	0.470365
21	3	1.18658
21	16	1.28175
21	26	1.22974
21	59	1.29725
21	90	1.28564
21	104	1.32637
21	108	1.32637
21	147	0.545608
21	152	0.531891
21	163	0.536479
21	170	0.529231
21	171	1.46629
21	172	0.461413
22	48	1.29068
22	49	0.535787
22	58	1.24708
22	93	1.36577
22	106	1.37711
22	110	1.22597
22	119	0.51962
22	124	1.27211
22	137	1.22439
22	151	0.554476
22	172	0.452633
22	176	0.542272
22	179	1.39689
23	63	1.35223
23	68	0.461724
23	89	0.429331
23	126	1.5514
23	138	0.424747
23	158	1.51774
23	162	1.48102
23	163	1.50455
23	164	1.4851
23	165	1.50796
23	170	0.413809
23	173	0.43874
23	176	0.435631
24	17	1.33139
24	31	0.451949
24	55	1.52151
24	62	1.43116
24	67	1.43337
24	68	1.38169
24	91	0.439623
24	98	0.484837
24	113	0.461962
24	138	1.4109
24	142	1.33874
24	144	1.35124
24	154	0.489459
24	169	0.476681
25	14	1.18941
25	41	1.22995
25	45	1.22356
25	47	1.23705
25	49	1.23852
25	70	1.20524
25	72	0.578999
25	82	1.23576
25	156	1.24385
25	161	0.550877
25	170	0.560782
25	172	1.39666
25	177	0.555006
25	178	0.561919
26	1	1.26073
26	10	1.26073
26	19	0.489665
26	21	1.22974
26	59	1.18665
26	79	0.543394
26	80	1.29988
26	90	1.17504
26	104	1.21577
26	108	1.21577
26	148	0.596887
26	149	0.592179
26	152	0.584599
26	171	1.35569
27	57	0.529704
27	88	1.38315
27	91	0.448462
27	98	1.4093
27	106	1.49095
27	110	1.3398
27	124	1.38594
27	129	1.34192
27	137	1.33822
27	149	0.48432
27	155	0.463246
27	172	0.406263
27	178	0.475217
27	179	1.51073
28	45	0.471604
28	61	0.452491
28	88	1.38492
28	97	0.518782
28	129	1.3437
28	137	1.34
28	158	0.444076
28	163	0.449836
28	165	0.453057
28	170	1.41581
28	175	1.39736
28	177	1.39664
28	179	1.5125
28	180	1.40907
29	12	0.462001
29	72	0.474229
29	94	1.33646
29	105	1.36147
29	116	1.45744
29	122	0.50889
29	132	1.39063
29	135	1.36894
29	139	1.4085
29	145	1.42073
29	152	0.458672
29	171	0.423354
29	174	1.45583
29	176	0.477834
30	58	1.20783
30	88	1.23007
30	106	1.33787
30	110	1.18672
30	113	0.548987
30	121	1.27299
30	124	1.23287
30	129	1.18885
30	137	1.18515
30	147	0.568643
30	164	0.570049
30	168	0.564943
30	170	0.552266
30	179	1.35765
31	24	0.451949
31	34	0.448583
31	49	0.476059
31	116	0.472865
31	118	0.457392
31	125	1.37823
31	160	1.39958
31	162	0.484588
31	167	1.4022
31	168	1.39429
31	170	1.41751
31	175	1.39907
31	177	1.39834
31	180	1.41078
32	55	1.22405
32	62	1.1337
32	67	1.13591
32	68	1.08423
32	125	0.711019
32	136	0.688095
32	144	1.05378
32	158	1.13213
32	162	1.09541
32	163	1.11894
32	164	1.0995
32	165	1.12236
32	167	0.703785
32	177	0.703496
33	13	0.372794
33	81	1.38888
33	88	1.31095
33	90	0.568379
33	93	1.40741
33	98	1.3371
33	110	1.26761
33	113	0.49666
33	124	1.31375
33	128	0.539275
33	129	1.26973
33	130	0.538583
33	137	1.26603
33	155	0.489104
33	179	1.43853
34	14	1.35203
34	31	0.448583
34	45	1.38619
34	70	1.36786
34	75	1.35538
34	76	0.480057
34	82	1.39838
34	95	0.491628
34	115	0.459147
34	127	1.37439
34	147	0.478252
34	155	0.45104
34	156	1.40648
34	172	1.55929
35	6	0.515998
35	62	0.49441
35	99	1.31441
35	107	1.38231
35	126	1.37352
35	149	0.507088
35	156	1.32282
35	158	1.33985
35	159	0.502134
35	161	0.486944
35	162	1.30313
35	163	1.32666
35	164	1.30722
35	165	1.33007
35	178	0.497986
36	6	1.38398
36	51	0.499095
36	66	1.20778
36	71	0.529602
36	96	1.3322
36	109	1.37683
36	114	1.33519
36	133	1.32008
36	140	1.34543
36	142	0.535583
36	143	1.34208
36	146	1.35643
36	160	0.511705
36	167	0.492385
36	179	0.441745
37	1	1.36714
37	3	1.18239
37	10	1.36714
37	16	1.27755
37	59	1.29306
37	80	1.40628
37	104	1.32218
37	108	1.32218
37	121	0.50434
37	169	0.528053
37	171	1.4621
37	172	0.448796
37	175	0.515536
37	178	0.51775
37	180	0.494788
38	4	1.36084
38	84	1.31914
38	96	1.31754
38	100	1.35031
38	109	1.36217
38	112	0.514489
38	114	1.32052
38	123	1.29694
38	138	0.517952
38	140	1.33076
38	146	1.34177
38	161	0.497109
38	169	0.518454
38	178	0.50815
38	179	0.450887
39	63	0.56575
39	68	0.519762
39	133	0.498706
39	145	0.471623
39	147	1.32173
39	156	0.482068
39	160	1.32104
39	167	1.32366
39	169	1.32709
39	173	1.30405
39	174	0.452393
39	175	1.32053
39	176	1.31401
39	179	1.43566
39	180	1.33224
40	107	1.3688
40	125	0.498522
40	134	1.3319
40	155	0.485939
40	156	1.3093
40	157	0.533342
40	161	0.486869
40	162	1.28961
40	163	1.31314
40	164	1.2937
40	165	1.31656
40	168	0.509451
40	171	1.42676
40	174	1.35024
40	175	0.495696
41	25	1.22995
41	45	1.32315
41	47	1.33663
41	49	1.3381
41	70	1.30482
41	75	1.29233
41	82	1.33534
41	121	0.48637
41	131	0.494623
41	155	0.487809
41	156	1.34344
41	166	0.509232
41	168	0.51132
41	172	1.49624
41	176	0.520464
42	1	1.35783
42	2	1.35202
42	3	1.17308
42	10	1.35783
42	59	1.28375
42	80	1.39698
42	86	0.518019
42	104	1.31287
42	108	1.31287
42	115	0.491671
42	121	0.482125
42	130	0.533043
42	136	0.473221
42	160	0.508231
42	171	1.45279
43	57	1.2688
43	81	0.487617
43	83	1.31497
43	85	1.42471
43	101	0.530962
43	116	1.36279
43	118	1.35334
43	131	0.501636
43	135	1.27428
43	139	1.31384
43	145	1.32608
43	147	0.522034
43	168	0.518333
43	174	1.36118
43	179	0.44953
44	99	1.31858
44	111	1.29175
44	117	0.517914
44	130	0.518655
44	134	1.34958
44	146	0.48298
44	154	1.31188
44	160	0.493844
44	162	1.3073
44	163	1.33083
44	164	1.31139
44	165	1.33424
44	169	0.491451
44	171	1.44445
44	176	0.501832
45	14	1.2826
45	25	1.22356
45	28	0.471604
45	34	1.38619
45	41	1.32315
45	47	1.33024
45	70	1.29843
45	72	0.521248
45	76	0.521213
45	82	1.32895
45	156	1.33704
45	168	0.515708
45	172	1.48985
45	177	0.497255
45	180	0.481205
46	7	1.38918
46	58	1.30351
46	88	1.32575
46	91	0.483158
46	98	1.3519
46	110	1.28241
46	124	1.32855
46	126	0.487996
46	129	1.28453
46	137	1.28083
46	167	0.503289
46	168	0.521453
46	175	0.507698
46	177	0.503
46	179	1.45333
47	25	1.23705
47	41	1.33663
47	45	1.33024
47	49	1.3452
47	70	1.31191
47	82	1.34243
47	97	1.24269
47	117	0.535793
47	153	0.50276
47	156	1.35053
47	169	0.509329
47	172	1.50333
47	173	0.52282
47	175	0.496812
47	179	0.441762
48	7	1.38104
48	22	1.29068
48	81	1.39554
48	98	1.34377
48	110	1.27427
48	124	1.32041
48	129	1.27639
48	137	1.2727
48	157	0.533692
48	159	0.502409
48	161	0.487219
48	167	0.491637
48	175	0.496046
48	178	0.49826
48	179	1.4452
49	22	0.535787
49	25	1.23852
49	31	0.476059
49	41	1.3381
49	47	1.3452
49	70	1.31339
49	82	1.34391
49	97	1.24417
49	112	0.496826
49	127	1.31991
49	156	1.352
49	157	0.525919
49	172	1.50481
49	175	0.488273
49	177	0.483575
50	57	0.549304
50	80	0.497912
50	102	0.470534
50	136	1.33578
50	153	1.31401
50	156	0.503901
50	158	0.495168
50	166	1.32557
50	169	1.31663
50	172	1.48098
50	173	1.2936
50	174	0.474226
50	176	1.30356
50	178	1.30808
50	180	1.32178
51	14	0.282615
51	36	0.499095
51	76	1.40557
51	118	0.471908
51	128	1.37531
51	132	0.505208
51	139	0.492549
51	159	1.43102
51	161	1.44631
51	165	0.485707
51	174	0.455784
51	175	1.42786
51	176	1.42135
51	177	1.42714
51	178	1.42587
51	180	1.43957
52	4	1.30575
52	5	1.29968
52	100	1.29521
52	109	1.30708
52	114	1.26543
52	121	0.528033
52	123	1.24185
52	124	0.554762
52	133	1.25032
52	140	1.27567
52	143	1.27233
52	146	1.28667
52	170	0.540306
52	174	0.520853
52	178	0.541443
52	180	0.518481
53	58	0.507696
53	82	0.437076
53	87	0.437611
53	90	0.488703
53	105	0.463464
53	123	0.46866
53	148	1.40663
53	150	1.3974
53	169	1.4327
53	170	1.44458
53	171	0.387604
53	173	1.40966
53	175	1.42614
53	176	1.41962
53	177	1.42541
53	180	1.43785
54	64	1.43554
54	94	1.3582
54	105	1.38321
54	118	1.46974
54	119	0.471946
54	132	1.41236
54	135	1.39068
54	139	1.43024
54	145	1.44247
54	146	0.475745
54	148	0.487723
54	150	0.500613
54	172	0.404958
54	174	1.47757
54	179	0.416649
54	180	0.450951
55	12	0.476824
55	17	1.3851
55	24	1.52151
55	32	1.22405
55	62	1.48487
55	67	1.48708
55	68	1.4354
55	126	0.450056
55	138	1.46461
55	142	1.39245
55	144	1.40495
55	164	0.488619
55	167	0.465349
55	170	0.470836
55	172	0.403018
55	180	0.44901
56	83	0.514669
56	97	0.578766
56	123	0.550969
56	124	0.517027
56	142	1.22507
56	145	0.502347
56	154	0.52679
56	155	1.3277
56	160	1.2813
56	168	1.27602
56	170	1.29924
56	173	1.26431
56	175	1.28079
56	176	1.27428
56	178	1.2788
56	180	1.2925
57	27	0.529704
57	43	1.2688
57	50	0.549304
57	60	1.17439
57	99	0.537892
57	103	1.26578
57	105	1.25246
57	115	0.526911
57	118	1.33899
57	132	1.28162
57	135	1.25993
57	139	1.29949
57	145	1.31173
57	174	1.34682
57	175	0.52856
57	178	0.530775
58	13	0.434303
58	22	1.24708
58	30	1.20783
58	46	1.30351
58	53	0.507696
58	79	0.522902
58	93	1.37047
58	98	1.30016
58	110	1.23067
58	124	1.27681
58	129	1.23279
58	137	1.22909
58	151	0.595473
58	166	0.572036
58	168	0.574124
58	179	1.40159
59	3	1.14349
59	16	1.23865
59	21	1.29725
59	26	1.18665
59	37	1.29306
59	42	1.28375
59	72	0.553447
59	80	1.36739
59	104	1.28328
59	108	1.28328
59	142	0.572941
59	152	0.53789
59	171	1.4232
59	177	0.529454
59	178	0.536366
59	179	0.479103
60	57	1.17439
60	61	1.24241
60	78	1.26462
60	83	1.22057
60	85	1.33031
60	116	1.26838
60	132	1.20156
60	135	1.17987
60	139	1.21944
60	145	1.23167
60	159	0.583261
60	161	0.568071
60	164	0.59576
60	172	0.510159
60	174	1.26677
60	175	0.576899
60	177	0.5722
61	28	0.452491
61	60	1.24241
61	64	1.37281
61	83	1.36864
61	105	1.32048
61	116	1.41646
61	117	0.521821
61	118	1.40701
61	132	1.34964
61	135	1.32795
61	143	0.497892
61	145	1.37975
61	157	0.520486
61	159	0.489203
61	172	0.4161
61	173	0.508848
61	174	1.41485
62	18	1.5494
62	24	1.43116
62	32	1.1337
62	35	0.49441
62	55	1.48487
62	67	1.39673
62	68	1.34505
62	97	1.26809
62	128	0.510912
62	138	1.37427
62	142	1.30211
62	144	1.3146
62	152	0.474235
62	157	0.508144
62	160	0.485409
62	175	0.470498
62	177	0.465799
63	11	1.23934
63	23	1.35223
63	39	0.56575
63	87	1.1917
63	121	0.555644
63	125	0.569665
63	126	1.25955
63	149	0.578157
63	154	1.19375
63	158	1.22588
63	162	1.18917
63	163	1.2127
63	164	1.19325
63	165	1.21611
63	171	1.32631
63	173	0.592848
63	180	0.546092
64	19	0.415725
64	54	1.43554
64	61	1.37281
64	75	0.527107
64	103	1.31612
64	105	1.30281
64	116	1.39878
64	135	1.31028
64	138	1.35457
64	139	1.34984
64	145	1.36207
64	156	0.518221
64	161	0.498095
64	174	1.39717
64	178	0.509136
64	179	0.451873
64	180	0.486174
65	8	1.36526
65	81	0.480123
65	89	0.513684
65	111	1.31297
65	147	0.514539
65	154	1.3331
65	158	1.36523
65	162	1.32852
65	163	1.35205
65	164	1.3326
65	165	1.35546
65	171	1.46566
65	172	0.430345
65	174	1.38914
65	175	0.497085
65	178	0.499299
65	180	0.476337
66	6	1.26781
66	36	1.20778
66	84	1.21764
66	92	1.28741
66	100	1.2488
66	109	1.26066
66	112	0.581724
66	114	1.21902
66	115	0.571522
66	123	1.19544
66	126	0.553469
66	140	1.22926
66	143	1.22592
66	146	1.24026
66	170	0.574249
66	175	0.573171
66	180	0.552423
67	17	1.29696
67	18	1.55161
67	24	1.43337
67	32	1.13591
67	55	1.48708
67	62	1.39673
67	68	1.34726
67	77	0.511222
67	97	1.2703
67	138	1.37647
67	139	0.491953
67	142	1.30431
67	160	0.488476
67	166	0.485231
67	168	0.487319
67	169	0.486082
67	174	0.455189
68	17	1.24528
68	18	1.49993
68	23	0.461724
68	24	1.38169
68	32	1.08423
68	39	0.519762
68	55	1.4354
68	62	1.34505
68	67	1.34726
68	97	1.21862
68	138	1.32479
68	142	1.25263
68	144	1.26513
68	152	0.524589
68	168	0.534606
68	176	0.54375
68	178	0.523066
68	180	0.500104
69	74	1.25906
69	84	1.30884
69	90	1.25248
69	92	1.37861
69	100	1.34
69	114	1.31022
69	121	0.512309
69	123	1.28664
69	125	0.526329
69	133	1.29511
69	140	1.32046
69	143	1.31712
69	146	1.33146
69	150	0.552419
69	159	0.529867
69	167	0.519095
69	179	0.468455
69	180	0.502756
70	1	0.499598
70	25	1.20524
70	34	1.36786
70	41	1.30482
70	45	1.29843
70	47	1.31191
70	49	1.31339
70	82	1.31062
70	97	1.21088
70	122	0.551957
70	127	1.28662
70	128	0.538416
70	149	0.509319
70	156	1.31872
70	169	0.510519
70	170	0.499079
70	172	1.47152
70	178	0.500216
71	36	0.529602
71	102	0.482599
71	114	0.52505
71	144	0.560311
71	157	1.26828
71	158	0.507232
71	159	1.29545
71	163	0.512992
71	166	1.30778
71	167	1.29542
71	168	1.28751
71	170	1.31073
71	171	0.473086
71	172	1.46319
71	176	1.28577
71	177	1.29156
71	178	1.29029
71	180	1.304
72	18	0.444728
72	25	0.578999
72	29	0.474229
72	45	0.521248
72	59	0.553447
72	94	0.522432
72	138	0.503169
72	141	1.31957
72	150	1.27711
72	162	1.30426
72	163	1.32779
72	164	1.30835
72	165	1.3312
72	175	1.30585
72	176	1.29934
72	177	1.30512
72	178	1.30386
72	180	1.31756
73	86	1.26318
73	102	1.35198
73	103	0.544394
73	134	1.31676
73	136	0.498984
73	141	1.28979
73	154	1.27907
73	159	0.525446
73	162	1.27448
73	163	1.29801
73	164	1.27857
73	165	1.30143
73	166	0.53075
73	171	1.41163
73	172	0.452344
73	174	1.33511
73	176	0.541983
73	177	0.514386
74	6	1.34406
74	69	1.25906
74	92	1.36365
74	100	1.32505
74	101	0.532514
74	109	1.33691
74	113	0.50393
74	114	1.29526
74	123	1.27168
74	133	1.28016
74	136	0.486032
74	140	1.3055
74	143	1.30216
74	146	1.31651
74	151	0.541235
74	152	0.509869
74	176	0.52903
74	178	0.508345
75	14	1.25179
75	34	1.35538
75	41	1.29233
75	64	0.527107
75	108	0.545083
75	144	0.547688
75	145	0.492897
75	156	1.30623
75	162	0.516987
75	163	0.500369
75	170	1.30658
75	171	0.460463
75	172	1.45904
75	173	1.27165
75	175	1.28813
75	176	1.28162
75	177	1.28741
75	180	1.29984
76	34	0.480057
76	45	0.521213
76	51	1.40557
76	97	0.568391
76	110	0.554653
76	118	0.488866
76	141	0.505375
76	150	1.2701
76	159	1.302
76	166	1.31433
76	167	1.30197
76	169	1.3054
76	170	1.31728
76	173	1.28236
76	174	0.472743
76	176	1.29232
76	177	1.29811
76	180	1.31055
77	4	0.508704
77	67	0.511222
77	86	0.534215
77	114	0.5299
77	131	1.33991
77	146	0.513563
77	155	1.34242
77	161	1.31397
77	163	0.517842
77	166	1.31101
77	167	1.29865
77	170	1.31396
77	171	0.477936
77	175	1.29552
77	176	1.289
77	177	1.29479
77	178	1.29352
77	180	1.30723
78	60	1.26462
78	85	1.50059
78	94	1.31768
78	105	1.34269
78	115	0.477553
78	118	1.42922
78	132	1.37185
78	135	1.35016
78	138	1.39446
78	139	1.38972
78	140	0.489384
78	145	1.40196
78	159	0.485565
78	168	0.492957
78	174	1.43706
78	175	0.479202
78	176	0.502101
78	179	0.424153
78	180	0.458454
79	9	0.463497
79	26	0.543394
79	58	0.522902
79	134	0.435365
79	136	1.40718
79	144	0.490035
79	146	0.438438
79	152	1.38787
79	156	0.445689
79	157	1.35747
79	164	0.453252
79	167	1.38461
79	169	1.38803
79	173	1.36499
79	175	1.38147
79	176	1.37496
79	177	1.38075
79	178	1.37948
79	180	1.39318
80	2	1.43566
80	3	1.25672
80	16	1.35188
80	26	1.29988
80	37	1.40628
80	42	1.39698
80	50	0.497912
80	59	1.36739
80	90	1.35578
80	91	0.452628
80	95	0.508
80	104	1.39651
80	108	1.39651
80	119	0.477416
80	160	0.49208
80	167	0.472759
80	171	1.53643
80	172	0.410429
80	176	0.500067
81	33	1.38888
81	43	0.487617
81	48	1.39554
81	65	0.480123
81	99	0.464229
81	110	1.33083
81	129	1.33295
81	132	0.485945
81	133	0.482834
81	137	1.32925
81	141	0.469154
81	158	0.457463
81	163	0.463223
81	168	1.38184
81	173	1.37014
81	177	1.38589
81	178	1.38462
81	179	1.50175
81	180	1.39832
82	14	1.29479
82	25	1.23576
82	34	1.39838
82	41	1.33534
82	45	1.32895
82	47	1.34243
82	49	1.34391
82	53	0.437076
82	70	1.31062
82	97	1.2414
82	127	1.31714
82	128	0.530164
82	140	0.499931
82	156	1.34924
82	157	0.527396
82	160	0.504661
82	166	0.501416
82	172	1.50204
82	173	0.515758
82	178	0.491964
83	43	1.31497
83	56	0.514669
83	60	1.22057
83	61	1.36864
83	94	1.27362
83	95	0.515865
83	103	1.31195
83	116	1.39461
83	118	1.38517
83	120	0.563401
83	132	1.32779
83	135	1.3061
83	139	1.34567
83	145	1.3579
83	150	0.513949
83	174	1.393
83	175	0.485034
83	176	0.507933
83	177	0.480336
83	179	0.429985
84	38	1.31914
84	66	1.21764
84	69	1.30884
84	90	1.2873
84	92	1.41343
84	96	1.34206
84	109	1.38669
84	123	1.32146
84	129	0.539923
84	133	1.32993
84	140	1.35528
84	143	1.35194
84	146	1.36629
84	147	0.51437
84	155	0.487159
84	160	0.511827
84	169	0.509433
84	172	0.430176
84	175	0.496916
84	176	0.519814
85	43	1.42471
85	60	1.33031
85	78	1.50059
85	101	0.466352
85	103	1.42169
85	115	0.438319
85	116	1.50435
85	118	1.4949
85	132	1.43753
85	138	1.46014
85	139	1.4554
85	145	1.46764
85	157	0.477615
85	160	0.45488
85	166	0.451636
85	167	0.43556
85	168	0.453724
85	172	0.373229
85	174	1.50274
85	176	0.462868
86	42	0.518019
86	73	1.26318
86	77	0.534215
86	87	1.30918
86	101	0.522941
86	102	1.38415
86	111	1.2911
86	134	1.34893
86	136	0.476458
86	154	1.31123
86	162	1.30665
86	163	1.33018
86	164	1.31074
86	165	1.33359
86	166	0.508224
86	168	0.510312
86	170	0.497635
86	171	1.4438
86	174	1.36727
86	179	0.441508
87	53	0.437611
87	63	1.1917
87	86	1.30918
87	105	0.534564
87	133	0.518222
87	134	1.36277
87	140	0.500467
87	142	0.529074
87	144	1.27885
87	154	1.32507
87	158	1.3572
87	159	0.496648
87	162	1.32048
87	163	1.34401
87	164	1.32457
87	165	1.34743
87	171	1.45763
87	173	0.516294
87	174	1.38111
87	180	0.469538
88	27	1.38315
88	28	1.38492
88	30	1.23007
88	33	1.31095
88	46	1.32575
88	93	1.39271
88	106	1.40405
88	119	0.496918
88	121	1.33917
88	124	1.29905
88	129	1.25503
88	137	1.25133
88	150	0.525585
88	155	0.486913
88	169	0.509188
88	173	0.522679
88	175	0.49667
88	178	0.498885
88	179	1.42383
88	180	0.475922
89	15	0.525539
89	23	0.429331
89	65	0.513684
89	91	1.39292
89	98	0.509132
89	100	0.517802
89	133	0.516395
89	134	0.489432
89	153	1.31938
89	158	0.491024
89	161	1.33389
89	168	1.31067
89	170	1.33389
89	173	1.29897
89	175	1.31544
89	176	1.30893
89	177	1.31472
89	178	1.31345
89	179	1.43058
89	180	1.32715
90	2	1.31082
90	19	0.45018
90	21	1.28564
90	26	1.17504
90	33	0.568379
90	53	0.488703
90	69	1.25248
90	80	1.35578
90	84	1.2873
90	104	1.27167
90	108	1.27167
90	131	0.538434
90	133	1.27358
90	140	1.29892
90	143	1.29558
90	146	1.30993
90	153	0.547326
90	167	0.536968
90	171	1.41159
90	175	0.541377
90	177	0.536679
91	24	0.439623
91	27	0.448462
91	46	0.483158
91	80	0.452628
91	89	1.39292
91	126	0.427616
91	132	0.478366
91	137	0.502966
91	140	0.4575
91	144	0.502963
91	149	1.38613
91	153	1.40255
91	159	1.40177
91	160	1.39912
91	166	1.4141
91	169	1.40517
91	170	1.41706
91	173	1.38213
91	176	1.3921
91	178	1.39662
91	180	1.41032
92	13	0.355699
92	66	1.28741
92	69	1.37861
92	74	1.36365
92	84	1.41343
92	96	1.41183
92	109	1.45646
92	114	1.41482
92	123	1.39124
92	133	1.39971
92	139	0.500154
92	140	1.42506
92	143	1.42171
92	146	1.43606
92	150	0.51068
92	161	0.472938
92	167	0.477356
92	173	0.507773
92	175	0.481765
92	177	0.477067
92	179	0.426716
93	22	1.36577
93	33	1.40741
93	58	1.37047
93	88	1.39271
93	98	1.41886
93	101	1.37986
93	102	0.437367
93	106	1.50051
93	110	1.34936
93	124	1.3955
93	125	0.46226
93	128	0.499849
93	129	1.35148
93	137	1.34779
93	166	0.471101
93	167	0.455025
93	168	0.473189
93	169	0.471952
93	173	0.485443
93	177	0.454736
93	179	1.52029
94	29	1.33646
94	54	1.3582
94	72	0.522432
94	78	1.31768
94	83	1.27362
94	103	1.23878
94	116	1.32144
94	117	0.542119
94	118	1.31199
94	128	0.543552
94	132	1.25462
94	135	1.23293
94	138	1.27723
94	139	1.27249
94	144	0.558782
94	145	1.28473
94	149	0.514455
94	164	0.521999
94	174	1.31983
94	175	0.503138
94	177	0.498439
95	17	0.321208
95	34	0.491628
95	80	0.508
95	83	0.515865
95	116	0.515911
95	122	1.32877
95	138	0.514706
95	153	1.34935
95	157	1.32141
95	161	1.36386
95	162	0.527634
95	165	0.514237
95	168	1.34064
95	169	1.35197
95	170	1.36386
95	173	1.32894
95	174	0.484314
95	175	1.34541
95	177	1.34469
95	178	1.34342
95	179	1.46055
95	180	1.35712
96	5	1.37769
96	12	0.481756
96	36	1.3322
96	38	1.31754
96	84	1.34206
96	92	1.41183
96	100	1.37323
96	109	1.38509
96	114	1.34344
96	120	0.553057
96	121	0.463494
96	123	1.31986
96	130	0.514412
96	133	1.32834
96	140	1.35368
96	143	1.35034
96	146	1.36469
96	149	0.486007
96	152	0.478427
96	160	0.489601
96	170	0.475767
96	177	0.469992
97	18	1.42297
97	28	0.518782
97	47	1.24269
97	49	1.24417
97	56	0.578766
97	62	1.26809
97	67	1.2703
97	68	1.21862
97	70	1.21088
97	76	0.568391
97	82	1.2414
97	112	0.557683
97	127	1.2174
97	138	1.24783
97	142	1.17567
97	144	1.18817
97	150	0.578046
97	156	1.2495
97	161	0.540304
97	172	1.4023
97	176	0.57203
97	179	0.494082
98	24	0.484837
98	27	1.4093
98	33	1.3371
98	46	1.3519
98	48	1.34377
98	58	1.30016
98	89	0.509132
98	93	1.41886
98	101	1.30956
98	106	1.4302
98	111	0.506987
98	121	1.36532
98	124	1.3252
98	129	1.28118
98	137	1.27748
98	148	0.508557
98	152	0.49627
98	158	0.495098
98	168	0.506287
98	172	0.425793
98	179	1.44998
98	180	0.471785
99	35	1.31441
99	44	1.31858
99	57	0.537892
99	81	0.464229
99	109	0.497897
99	111	1.31368
99	126	1.39962
99	130	0.520913
99	134	1.37152
99	141	1.34454
99	148	0.497216
99	150	0.510106
99	154	1.33382
99	158	1.36595
99	162	1.32923
99	163	1.35276
99	164	1.33332
99	165	1.35618
99	169	0.493709
99	171	1.46638
99	179	0.426142
99	180	0.460443
100	5	1.41046
100	38	1.35031
100	52	1.29521
100	66	1.2488
100	69	1.34
100	74	1.32505
100	89	0.517802
100	96	1.37323
100	112	0.509755
100	114	1.37621
100	119	0.50145
100	123	1.35263
100	133	1.3611
100	136	0.481103
100	140	1.38645
100	143	1.38311
100	146	1.39745
100	149	0.51252
100	166	0.512869
100	172	0.434463
100	177	0.496504
100	179	0.446153
101	7	1.34684
101	43	0.530962
101	74	0.532514
101	85	0.466352
101	86	0.522941
101	93	1.37986
101	98	1.30956
101	104	0.527955
101	106	1.39121
101	124	1.28621
101	128	1.24329
101	137	1.23849
101	140	0.508424
101	158	0.500808
101	159	1.29901
101	162	0.523186
101	166	1.31134
101	169	1.30241
101	173	1.27937
101	174	0.479866
101	178	1.29386
101	179	1.41099
101	180	1.30756
102	50	0.470534
102	71	0.482599
102	73	1.35198
102	86	1.38415
102	93	0.437367
102	107	1.47463
102	113	1.38801
102	126	1.46584
102	141	1.41076
102	148	0.465816
102	149	0.461108
102	154	1.40004
102	155	0.440034
102	157	0.487437
102	158	1.43217
102	160	0.464702
102	162	1.39545
102	163	1.41898
102	164	1.39954
102	165	1.42239
102	174	1.45608
102	176	0.47269
102	180	0.429043
103	57	1.26578
103	64	1.31612
103	73	0.544394
103	83	1.31195
103	85	1.42169
103	94	1.23878
103	105	1.26379
103	115	0.49552
103	116	1.35977
103	118	1.35032
103	129	0.540177
103	132	1.29295
103	135	1.27126
103	136	0.47707
103	138	1.31556
103	139	1.31082
103	145	1.32306
103	151	0.532273
103	153	0.503118
103	161	0.488342
103	163	0.505495
103	174	1.35816
103	176	0.520068
104	1	1.35736
104	2	1.35155
104	3	1.17261
104	10	1.35736
104	16	1.26777
104	21	1.32637
104	26	1.21577
104	37	1.32218
104	42	1.31287
104	59	1.28328
104	80	1.39651
104	90	1.27167
104	101	0.527955
104	108	1.3124
104	113	0.499371
104	130	0.541294
104	143	0.516623
104	151	0.536675
104	168	0.515326
104	171	1.45232
104	175	0.501572
104	176	0.52447
104	179	0.446522
105	29	1.36147
105	53	0.463464
105	54	1.38321
105	57	1.25246
105	61	1.32048
105	64	1.30281
105	78	1.34269
105	87	0.534564
105	103	1.26379
105	116	1.34645
105	118	1.337
105	132	1.27963
105	135	1.25794
105	139	1.2975
105	145	1.30974
105	150	0.545052
105	155	0.506381
105	162	0.541081
105	167	0.511729
105	169	0.528655
105	174	1.34484
105	175	0.516138
105	179	0.461089
106	22	1.37711
106	27	1.49095
106	30	1.33787
106	88	1.40405
106	93	1.50051
106	98	1.4302
106	101	1.39121
106	110	1.3607
106	121	1.44697
106	122	0.505884
106	124	1.40685
106	129	1.36283
106	137	1.35913
106	148	0.467953
106	159	0.458291
106	161	0.443101
106	166	0.463595
106	169	0.464446
106	171	0.420348
106	173	0.477937
106	174	0.433552
106	176	0.474827
106	179	1.53163
107	35	1.38231
107	40	1.3688
107	102	1.47463
107	111	1.38159
107	134	1.43942
107	147	0.468459
107	148	0.467029
107	150	0.479919
107	153	0.456953
107	154	1.40172
107	156	1.41683
107	158	1.43385
107	162	1.39713
107	163	1.42066
107	164	1.40122
107	165	1.42408
107	167	0.446595
107	169	0.463522
107	170	0.452082
107	173	0.477013
107	174	1.45776
107	176	0.473903
107	180	0.430257
108	1	1.35736
108	2	1.35155
108	3	1.17261
108	10	1.35736
108	16	1.26777
108	19	0.433702
108	21	1.32637
108	26	1.21577
108	37	1.32218
108	42	1.31287
108	59	1.28328
108	75	0.545083
108	80	1.39651
108	90	1.27167
108	104	1.3124
108	112	0.533451
108	147	0.542353
108	161	0.516071
108	171	1.45232
108	172	0.458159
108	173	0.550907
108	178	0.527113
108	180	0.504151
109	36	1.37683
109	38	1.36217
109	52	1.30708
109	66	1.26066
109	74	1.33691
109	84	1.38669
109	92	1.45646
109	96	1.38509
109	99	0.497897
109	114	1.38807
109	123	1.36449
109	128	0.52898
109	133	1.37296
109	136	0.468466
109	140	1.39831
109	143	1.39497
109	146	1.40931
109	154	0.513861
109	159	0.494928
109	170	0.489643
109	172	0.421825
109	174	0.470189
109	175	0.488565
109	179	0.433516
110	22	1.22597
110	27	1.3398
110	30	1.18672
110	33	1.26761
110	46	1.28241
110	48	1.27427
110	58	1.23067
110	76	0.554653
110	81	1.33083
110	93	1.34936
110	106	1.3607
110	121	1.29582
110	124	1.2557
110	129	1.21168
110	137	1.20798
110	153	0.541342
110	157	0.573039
110	159	0.541756
110	165	0.54694
110	172	0.468654
110	177	0.530695
110	178	0.537608
110	179	1.38048
110	180	0.514646
111	44	1.29175
111	65	1.31297
111	86	1.2911
111	98	0.506987
111	99	1.31368
111	107	1.38159
111	123	0.535789
111	126	1.37279
111	127	0.504132
111	130	0.526035
111	131	0.48337
111	134	1.34468
111	141	1.31771
111	154	1.30699
111	157	0.523959
111	162	1.3024
111	163	1.32593
111	164	1.30649
111	165	1.32935
111	169	0.498831
111	171	1.43955
111	173	0.512321
111	174	1.36303
111	178	0.488527
111	179	0.431264
112	14	0.288866
112	16	0.54089
112	38	0.514489
112	49	0.496826
112	66	0.581724
112	97	0.557683
112	100	0.509755
112	108	0.533451
112	138	0.492427
112	141	1.33842
112	145	0.481265
112	147	1.32592
112	148	1.3052
112	158	1.35984
112	162	1.32312
112	163	1.34665
112	164	1.3272
112	165	1.35006
112	167	1.32785
112	168	1.31993
112	173	1.30823
112	174	1.38374
112	175	1.32471
112	178	1.32271
112	180	1.33642
113	24	0.461962
113	30	0.548987
113	33	0.49666
113	74	0.50393
113	102	1.38801
113	104	0.499371
113	132	0.500706
113	133	0.497595
113	137	0.525306
113	139	0.488047
113	145	0.470512
113	150	1.28336
113	158	1.34723
113	161	1.33055
113	162	1.31051
113	163	1.33404
113	164	1.3146
113	165	1.33745
113	169	1.31866
113	170	1.33055
113	171	1.44766
113	175	1.3121
113	177	1.31137
113	178	1.31011
113	180	1.32381
114	19	0.401046
114	36	1.33519
114	38	1.32052
114	52	1.26543
114	66	1.21902
114	69	1.31022
114	71	0.52505
114	74	1.29526
114	77	0.5299
114	92	1.41482
114	96	1.34344
114	100	1.37621
114	109	1.38807
114	123	1.32285
114	133	1.33132
114	138	0.504259
114	140	1.35666
114	142	0.531032
114	143	1.35332
114	146	1.36767
114	160	0.507154
114	161	0.483416
114	170	0.49332
114	173	0.518251
114	176	0.515142
115	5	0.481605
115	16	0.530688
115	34	0.459147
115	42	0.491671
115	57	0.526911
115	66	0.571522
115	78	0.477553
115	85	0.438319
115	103	0.49552
115	134	1.35765
115	137	0.525857
115	141	1.33068
115	162	1.31537
115	163	1.3389
115	164	1.31946
115	165	1.34232
115	167	1.3201
115	168	1.31219
115	169	1.32352
115	171	1.45252
115	175	1.31696
115	176	1.31045
115	177	1.31624
115	178	1.31497
115	180	1.32867
116	29	1.45744
116	31	0.472865
116	43	1.36279
116	60	1.26838
116	61	1.41646
116	64	1.39878
116	83	1.39461
116	85	1.50435
116	94	1.32144
116	95	0.515911
116	103	1.35977
116	105	1.34645
116	132	1.37561
116	135	1.35392
116	139	1.39348
116	142	0.523869
116	145	1.40572
116	167	0.48067
116	170	0.486157
116	171	0.453499
116	172	0.41834
116	174	1.44081
116	175	0.48508
116	177	0.480381
116	179	0.43003
116	180	0.464332
117	15	0.547921
117	44	0.517914
117	47	0.535793
117	61	0.521821
117	94	0.542119
117	120	1.24882
117	145	0.511694
117	146	0.514887
117	148	1.27624
117	157	1.27174
117	161	1.3142
117	164	0.529701
117	166	1.31124
117	167	1.29889
117	168	1.29098
117	169	1.30231
117	170	1.3142
117	171	0.479259
117	173	1.27927
117	174	0.492464
117	175	1.29575
117	176	1.28924
117	177	1.29502
117	178	1.29376
117	179	1.41089
117	180	1.30746
118	31	0.457392
118	43	1.35334
118	51	0.471908
118	54	1.46974
118	57	1.33899
118	61	1.40701
118	76	0.488866
118	78	1.42922
118	83	1.38517
118	85	1.4949
118	94	1.31199
118	103	1.35032
118	105	1.337
118	122	0.523562
118	125	0.472432
118	127	0.487425
118	132	1.36616
118	135	1.34447
118	139	1.38403
118	145	1.39627
118	157	0.507253
118	166	0.481273
118	170	0.470684
118	172	0.402867
118	174	1.43137
118	180	0.448859
119	22	0.51962
119	54	0.471946
119	80	0.477416
119	88	0.496918
119	100	0.50145
119	122	1.32566
119	123	0.521582
119	124	0.48764
119	138	0.484122
119	145	0.47296
119	147	1.34352
119	151	1.31185
119	152	1.3487
119	157	1.3183
119	158	0.474672
119	160	1.34282
119	161	1.36076
119	165	0.483653
119	166	1.3578
119	168	1.33753
119	172	1.51321
119	173	1.32583
119	175	1.34231
119	176	1.33579
119	177	1.34158
119	178	1.34031
119	180	1.35402
120	17	0.368744
120	83	0.563401
120	96	0.553057
120	117	1.24882
120	124	0.565759
120	143	0.565277
120	146	0.554272
120	147	1.27541
120	149	1.26172
120	150	1.24546
120	157	1.25019
120	159	1.27736
120	161	1.29265
120	162	0.575169
120	163	0.558551
120	164	0.569087
120	166	1.28969
120	167	1.27734
120	168	1.26942
120	169	1.28076
120	171	0.518645
120	173	1.25772
120	175	1.2742
120	176	1.26768
120	177	1.27347
120	178	1.2722
120	180	1.28591
121	30	1.27299
121	37	0.50434
121	41	0.48637
121	42	0.482125
121	52	0.528033
121	63	0.555644
121	69	0.512309
121	88	1.33917
121	96	0.463494
121	98	1.36532
121	106	1.44697
121	110	1.29582
121	129	1.29794
121	135	0.505263
121	137	1.29425
121	150	1.32287
121	155	1.39851
121	162	0.485607
121	168	1.34683
121	169	1.35817
121	171	0.429083
121	173	1.33513
121	174	0.442287
121	176	1.34509
121	177	1.35088
121	179	1.46675
121	180	1.36332
122	5	0.53721
122	14	0.334269
122	29	0.50889
122	70	0.551957
122	95	1.32877
122	106	0.505884
122	118	0.523562
122	119	1.32566
122	132	0.556862
122	136	1.3302
122	138	0.53783
122	140	0.535996
122	152	1.31088
122	159	1.30765
122	161	1.32294
122	167	1.30763
122	168	1.29972
122	169	1.31105
122	170	1.32294
122	171	0.494234
122	173	1.28801
122	174	0.507438
122	175	1.30449
122	176	1.29798
122	177	1.30376
122	178	1.3025
122	179	1.41963
122	180	1.3162
123	4	1.36316
123	5	1.3571
123	38	1.29694
123	52	1.24185
123	53	0.46866
123	56	0.550969
123	66	1.19544
123	69	1.28664
123	74	1.27168
123	84	1.32146
123	92	1.39124
123	96	1.31986
123	100	1.35263
123	109	1.36449
123	111	0.535789
123	114	1.32285
123	119	0.521582
123	133	1.30774
123	140	1.33308
123	143	1.32974
123	146	1.34409
123	159	0.527697
123	168	0.535089
123	169	0.533852
123	171	0.489754
123	172	0.454595
123	178	0.523549
123	179	0.466285
124	7	1.36247
124	22	1.27211
124	27	1.38594
124	30	1.23287
124	33	1.31375
124	46	1.32855
124	48	1.32041
124	52	0.554762
124	56	0.517027
124	58	1.27681
124	88	1.29905
124	93	1.3955
124	98	1.3252
124	101	1.28621
124	106	1.40685
124	110	1.2557
124	119	0.48764
124	120	0.565759
124	129	1.25782
124	137	1.25413
124	143	0.502444
124	149	0.498709
124	157	0.525038
124	165	0.498939
124	167	0.482983
124	177	0.482694
124	178	0.489606
124	179	1.42663
125	31	1.37823
125	32	0.711019
125	40	0.498522
125	63	0.569665
125	69	0.526329
125	93	0.46226
125	118	0.472432
125	136	1.32601
125	140	0.484866
125	153	1.30423
125	155	1.3472
125	156	0.485983
125	160	1.30081
125	163	0.48301
125	166	1.31579
125	167	1.30343
125	168	1.29552
125	169	1.30686
125	170	1.31874
125	171	0.443103
125	173	1.28382
125	174	0.456308
125	175	1.30029
125	176	1.29378
125	177	1.29957
125	178	1.2983
125	179	1.41543
125	180	1.312
126	20	1.34769
126	23	1.5514
126	35	1.37352
126	46	0.487996
126	55	0.450056
126	63	1.25955
126	66	0.553469
126	91	0.427616
126	99	1.39962
126	102	1.46584
126	111	1.37279
126	127	0.469976
126	131	0.449214
126	144	1.3467
126	147	0.469612
126	149	0.463474
126	151	0.48726
126	154	1.39292
126	156	1.40803
126	158	1.42506
126	162	1.38834
126	163	1.41187
126	164	1.39242
126	165	1.41528
126	174	1.44896
126	176	0.475056
126	177	0.447459
126	180	0.431409
127	3	0.620995
127	14	1.2708
127	34	1.37439
127	49	1.31991
127	70	1.28662
127	82	1.31714
127	97	1.2174
127	111	0.504132
127	118	0.487425
127	126	0.469976
127	134	0.490652
127	137	0.545326
127	143	0.50473
127	146	0.493725
127	154	0.514974
127	156	1.32524
127	160	1.30765
127	161	1.32559
127	165	0.501224
127	166	1.32263
127	169	1.3137
127	170	1.32559
127	171	0.458097
127	172	1.47805
127	173	1.29066
127	176	1.30063
127	178	1.30515
127	180	1.31885
128	33	0.539275
128	51	1.37531
128	62	0.510912
128	70	0.538416
128	82	0.530164
128	93	0.499849
128	94	0.543552
128	101	1.24329
128	109	0.52898
128	131	1.31297
128	141	0.52653
128	142	1.21285
128	147	1.26978
128	152	1.27497
128	157	1.24457
128	158	0.514839
128	162	0.537217
128	165	0.52382
128	167	1.27171
128	168	1.2638
128	169	1.27514
128	170	1.28702
128	172	1.43948
128	175	1.26858
128	176	1.26206
128	177	1.26785
128	178	1.26658
128	179	1.38372
128	180	1.28029
129	7	1.31845
129	27	1.34192
129	28	1.3437
129	30	1.18885
129	33	1.26973
129	46	1.28453
129	48	1.27639
129	58	1.23279
129	81	1.33295
129	84	0.539923
129	88	1.25503
129	93	1.35148
129	98	1.28118
129	103	0.540177
129	106	1.36283
129	110	1.21168
129	121	1.29794
129	124	1.25782
129	136	0.494767
129	137	1.21011
129	157	0.552513
129	166	0.526533
129	167	0.510458
129	168	0.528621
129	169	0.527385
129	173	0.540875
129	175	0.514867
129	176	0.537766
129	179	1.38261
130	19	1.40386
130	33	0.538583
130	42	0.533043
130	44	0.518655
130	96	0.514412
130	99	0.520913
130	104	0.541294
130	111	0.526035
130	137	0.567229
130	140	0.521762
130	149	1.25397
130	153	1.27039
130	157	1.24244
130	159	1.26961
130	160	1.26696
130	163	0.519907
130	167	1.26958
130	168	1.26167
130	169	1.27301
130	170	1.28489
130	172	1.43735
130	173	1.24997
130	174	0.493205
130	175	1.26645
130	176	1.25993
130	177	1.26572
130	178	1.26445
130	179	1.38159
130	180	1.27816
131	41	0.494623
131	43	0.501636
131	77	1.33991
131	90	0.538434
131	111	0.48337
131	126	0.449214
131	128	1.31297
131	134	0.46989
131	136	1.39124
131	140	0.479097
131	142	1.3098
131	148	1.34602
131	149	1.35305
131	151	1.33507
131	156	0.480215
131	158	0.471482
131	161	1.38398
131	162	0.49386
131	163	0.477242
131	166	1.38102
131	167	1.36866
131	170	1.38397
131	173	1.34905
131	174	0.45054
131	176	1.35901
131	177	1.3648
131	178	1.36353
131	179	1.48067
131	180	1.37724
132	4	0.502094
132	29	1.39063
132	51	0.505208
132	54	1.41236
132	57	1.28162
132	60	1.20156
132	61	1.34964
132	78	1.37185
132	81	0.485945
132	83	1.32779
132	85	1.43753
132	91	0.478366
132	94	1.25462
132	103	1.29295
132	105	1.27963
132	113	0.500706
132	116	1.37561
132	118	1.36616
132	122	0.556862
132	135	1.2871
132	138	1.3314
132	139	1.32666
132	142	0.541696
132	145	1.3389
132	155	0.49315
132	172	0.436167
132	173	0.528915
132	174	1.374
132	177	0.498208
132	180	0.482159
133	4	1.37164
133	5	1.36557
133	6	1.38011
133	36	1.32008
133	39	0.498706
133	52	1.25032
133	69	1.29511
133	74	1.28016
133	81	0.482834
133	84	1.32993
133	87	0.518222
133	89	0.516395
133	90	1.27358
133	92	1.39971
133	96	1.32834
133	100	1.3611
133	109	1.37296
133	113	0.497595
133	114	1.33132
133	123	1.30774
133	137	0.555443
133	140	1.34156
133	143	1.33822
133	146	1.35256
133	150	0.52871
133	159	0.506158
133	161	0.490968
133	170	0.500873
133	172	0.433056
133	180	0.479048
134	9	1.39056
134	40	1.3319
134	44	1.34958
134	73	1.31676
134	79	0.435365
134	86	1.34893
134	87	1.36277
134	89	0.489432
134	99	1.37152
134	107	1.43942
134	111	1.34468
134	115	1.35765
134	127	0.490652
134	131	0.46989
134	141	1.37554
134	148	0.488858
134	151	0.507936
134	153	0.478782
134	158	1.39695
134	161	0.464006
134	162	1.36023
134	163	1.38376
134	164	1.36432
134	165	1.38718
134	168	0.486587
134	169	0.485351
134	170	0.47391
134	171	1.49738
134	174	1.42086
134	177	0.468135
134	178	0.475047
135	18	0.470032
135	29	1.36894
135	43	1.27428
135	54	1.39068
135	57	1.25993
135	60	1.17987
135	61	1.32795
135	64	1.31028
135	78	1.35016
135	83	1.3061
135	94	1.23293
135	103	1.27126
135	105	1.25794
135	116	1.35392
135	118	1.34447
135	121	0.505263
135	132	1.2871
135	138	1.30971
135	139	1.30497
135	145	1.31721
135	148	0.532483
135	150	0.545373
135	160	0.531369
135	166	0.528125
135	167	0.512049
135	168	0.530213
135	170	0.517536
135	173	0.542467
135	174	1.35231
135	176	0.539357
135	179	0.461409
136	11	0.462416
136	32	0.688095
136	42	0.473221
136	50	1.33578
136	73	0.498984
136	74	0.486032
136	79	1.40718
136	86	0.476458
136	100	0.481103
136	103	0.47707
136	109	0.468466
136	122	1.3302
136	125	1.32601
136	129	0.494767
136	131	1.39124
136	146	0.455806
136	147	1.34805
136	149	1.33436
136	150	1.3181
136	151	1.31638
136	153	1.35078
136	161	1.3653
136	164	0.470621
136	165	0.463306
136	166	1.36234
136	167	1.34998
136	168	1.34207
136	173	1.33037
136	175	1.34685
136	176	1.34033
136	177	1.34612
136	180	1.35856
137	7	1.31476
137	22	1.22439
137	27	1.33822
137	28	1.34
137	30	1.18515
137	33	1.26603
137	46	1.28083
137	48	1.2727
137	58	1.22909
137	81	1.32925
137	88	1.25133
137	91	0.502966
137	93	1.34779
137	98	1.27748
137	101	1.23849
137	106	1.35913
137	110	1.20798
137	113	0.525306
137	115	0.525857
137	121	1.29425
137	124	1.25413
137	127	0.545326
137	129	1.21011
137	130	0.567229
137	133	0.555443
137	142	0.566296
137	153	0.533456
137	167	0.523098
137	174	0.509131
137	177	0.522809
137	178	0.529721
137	179	1.37891
138	17	1.27449
138	23	0.424747
138	24	1.4109
138	38	0.517952
138	55	1.46461
138	62	1.37427
138	64	1.35457
138	67	1.37647
138	68	1.32479
138	72	0.503169
138	78	1.39446
