1	5	0.816148
1	17	0.807889
1	28	0.786967
1	39	0.842047
1	58	0.829383
1	123	1.87872
1	140	3.50654
1	162	0.815927
1	168	0.791942
1	170	4.17346
1	174	0.758352
1	176	0.755582
2	94	0.908048
2	97	0.825393
2	98	0.826897
2	99	0.822906
2	100	0.871054
2	102	0.82785
2	103	2.84474
2	106	0.862577
2	128	2.14092
2	136	3.29914
2	166	0.810949
2	168	0.809442
3	19	0.755178
3	37	0.735491
3	42	0.71672
3	44	0.716468
3	50	0.716204
3	57	0.770497
3	119	0.74813
3	130	0.698894
3	143	0.722341
3	157	3.18253
3	176	0.641586
3	178	4.86205
4	6	0.792663
4	11	0.781415
4	16	0.781175
4	18	0.674248
4	20	0.674067
4	24	0.673909
4	25	0.748164
4	26	0.673745
4	101	2.96812
4	144	0.718265
4	151	0.70573
4	162	4.33403
5	1	0.816148
5	28	0.694658
5	32	0.703789
5	47	0.758028
5	58	0.737074
5	127	1.6787
5	143	0.744028
5	162	0.723618
5	168	0.699633
5	170	6.1947
5	174	0.666044
5	176	0.663273
6	4	0.792663
6	18	0.784094
6	20	0.783913
6	24	0.783755
6	25	0.85801
6	26	0.783591
6	69	1.74754
6	114	0.787563
6	127	2.5116
6	144	0.828111
6	151	0.815576
6	175	4.47921
7	10	0.83642
7	14	0.836555
7	15	0.744042
7	22	0.730223
7	23	0.810741
7	29	0.78995
7	33	0.789798
7	34	0.789675
7	36	0.87688
7	120	5.08772
7	142	1.46449
7	161	2.60658
8	38	0.755676
8	40	0.764373
8	53	0.739374
8	56	0.742495
8	63	0.728278
8	144	0.749783
8	153	3.05479
8	163	0.684479
8	166	0.712147
8	170	0.655508
8	174	0.677051
8	180	4.59334
9	38	0.833895
9	52	1.87263
9	53	0.817592
9	56	0.820714
9	62	0.890065
9	63	0.806496
9	64	2.5823
9	130	3.77276
9	163	0.762697
9	166	0.790366
9	170	0.733727
9	174	0.755269
10	7	0.83642
10	14	0.836849
10	15	0.744337
10	22	0.730518
10	23	0.811036
10	29	0.790245
10	33	0.790093
10	34	0.789969
10	36	0.877174
10	127	1.91067
10	166	3.28977
10	175	3.87828
11	4	0.781415
11	16	0.879774
11	18	0.772847
11	20	0.772665
11	24	0.772507
11	25	0.846763
11	26	0.772344
11	85	2.10064
11	134	4.8844
11	144	0.816864
11	151	0.804328
11	175	2.99317
12	27	0.497642
12	30	0.786807
12	31	1.12267
12	43	0.461164
12	51	0.406746
12	59	0.401984
12	146	0.458172
12	149	0.784003
12	151	1.41233
12	170	1.33059
12	172	2.16071
12	179	5.99888
13	27	0.899309
13	30	0.730459
13	43	0.862831
13	51	0.808413
13	59	0.803651
13	139	3.17718
13	146	0.85984
13	149	0.727656
13	151	0.801444
13	153	2.34276
13	170	0.719704
13	172	3.70702
14	7	0.836555
14	10	0.836849
14	15	0.744471
14	22	0.730652
14	23	0.81117
14	29	0.790379
14	33	0.790227
14	34	0.790103
14	36	0.877308
14	116	1.74616
14	177	4.19901
14	180	3.22014
15	7	0.744042
15	10	0.744337
15	14	0.744471
15	22	0.63814
15	23	0.718658
15	29	0.697866
15	33	0.697715
15	34	0.697591
15	36	0.784796
15	76	0.7467
15	150	4.92597
15	158	3.16453
16	4	0.781175
16	11	0.879774
16	18	0.772607
16	20	0.772426
16	24	0.772267
16	25	0.846523
16	26	0.772104
16	83	1.50456
16	125	4.24396
16	144	0.816624
16	151	0.804089
16	164	3.13857
17	1	0.807889
17	32	0.695531
17	35	0.765822
17	39	0.74148
17	47	0.749769
17	58	0.728815
17	105	2.39608
17	110	4.52956
17	162	0.71536
17	168	0.691374
17	174	0.657785
17	176	0.655015
18	4	0.674248
18	6	0.784094
18	11	0.772847
18	16	0.772607
18	20	0.665498
18	24	0.66534
18	25	0.739595
18	26	0.665176
18	114	0.669148
18	144	0.709696
18	145	2.85774
18	151	0.697161
18	154	5.08897
19	3	0.755178
19	37	0.810203
19	42	0.791433
19	44	0.79118
19	50	0.790917
19	57	0.84521
19	114	0.751254
19	124	2.85543
19	130	0.773606
19	143	0.797053
19	157	3.73864
19	173	3.1753
19	176	0.716299
20	4	0.674067
20	6	0.783913
20	11	0.772665
20	16	0.772426
20	18	0.665498
20	24	0.665159
20	25	0.739414
20	26	0.664995
20	105	2.90994
20	107	4.18334
20	114	0.668967
20	144	0.709515
20	151	0.69698
21	41	0.79118
21	45	0.735866
21	49	0.791768
21	65	0.77225
21	73	0.81579
21	77	0.81826
21	78	0.759549
21	80	0.818143
21	87	0.802306
21	120	5.31228
21	141	2.22969
21	149	0.708048
21	173	3.13103
22	7	0.730223
22	10	0.730518
22	14	0.730652
22	15	0.63814
22	23	0.704839
22	29	0.684048
22	33	0.683896
22	34	0.683772
22	36	0.770977
22	76	0.732881
22	105	0.722958
22	152	4.85242
22	168	3.20974
23	7	0.810741
23	10	0.811036
23	14	0.81117
23	15	0.718658
23	22	0.704839
23	29	0.764566
23	33	0.764414
23	34	0.76429
23	36	0.851495
23	105	0.803476
23	129	1.75404
23	135	2.28029
23	178	5.71249
24	4	0.673909
24	6	0.783755
24	11	0.772507
24	16	0.772267
24	18	0.66534
24	20	0.665159
24	25	0.739256
24	26	0.664837
24	114	0.668809
24	122	3.88017
24	135	4.23679
24	144	0.709357
24	151	0.696822
25	4	0.748164
25	6	0.85801
25	11	0.846763
25	16	0.846523
25	18	0.739595
25	20	0.739414
25	24	0.739256
25	26	0.739093
25	113	2.80654
25	134	3.3822
25	144	0.783612
25	151	0.771077
25	176	3.96799
26	4	0.673745
26	6	0.783591
26	11	0.772344
26	16	0.772104
26	18	0.665176
26	20	0.664995
26	24	0.664837
26	25	0.739093
26	114	0.668646
26	144	0.709193
26	151	0.696658
26	172	3.66692
26	174	4.59448
27	12	0.497642
27	13	0.899309
27	31	1.07636
27	43	0.887896
27	51	0.833478
27	59	0.828716
27	113	3.24785
27	146	0.884905
27	149	0.75272
27	151	0.826509
27	161	2.41353
27	170	0.744769
27	176	4.40931
28	1	0.786967
28	5	0.694658
28	32	0.674609
28	35	0.7449
28	39	0.720558
28	47	0.728847
28	58	0.707894
28	95	3.12608
28	143	0.714847
28	162	0.694438
28	165	4.88123
28	168	0.670452
28	174	0.636863
28	176	0.634093
29	7	0.78995
29	10	0.790245
29	14	0.790379
29	15	0.697866
29	22	0.684048
29	23	0.764566
29	33	0.743623
29	34	0.743499
29	36	0.830704
29	76	0.792608
29	105	0.782685
29	114	3.36943
29	132	1.7434
29	148	4.71494
30	12	0.786807
30	13	0.730459
30	31	0.557731
30	43	0.719046
30	51	0.664628
30	59	0.659866
30	76	0.714058
30	123	0.670901
30	145	3.17862
30	146	0.716055
30	149	0.58387
30	151	0.657659
30	168	5.14888
30	170	0.575919
31	12	1.12267
31	27	1.07636
31	30	0.557731
31	43	0.587989
31	51	0.982384
31	59	1.06471
31	69	2.37099
31	123	0.539844
31	146	0.74152
31	149	0.554927
31	151	0.628716
31	159	11.9754
31	170	0.546976
31	177	2.50545
32	5	0.703789
32	17	0.695531
32	28	0.674609
32	35	0.754031
32	39	0.729689
32	47	0.737978
32	58	0.717025
32	107	3.24693
32	136	4.2796
32	143	0.723978
32	162	0.703569
32	168	0.679583
32	174	0.645994
32	176	0.643224
33	7	0.789798
33	10	0.790093
33	14	0.790227
33	15	0.697715
33	22	0.683896
33	23	0.764414
33	29	0.743623
33	34	0.743347
33	36	0.830552
33	76	0.792456
33	105	0.782533
33	111	1.97562
33	137	3.77638
33	154	3.87381
34	7	0.789675
34	10	0.789969
34	14	0.790103
34	15	0.697591
34	22	0.683772
34	23	0.76429
34	29	0.743499
34	33	0.743347
34	36	0.830428
34	76	0.792332
34	105	0.782409
34	139	2.9527
34	166	2.68169
34	174	4.4101
35	17	0.765822
35	28	0.7449
35	32	0.754031
35	39	0.79998
35	47	0.808269
35	58	0.787316
35	143	0.794269
35	162	0.77386
35	163	4.09502
35	168	0.749875
35	173	3.23041
35	174	0.716285
35	176	0.713515
35	180	2.83589
36	7	0.87688
36	10	0.877174
36	14	0.877308
36	15	0.784796
36	22	0.770977
36	23	0.851495
36	29	0.830704
36	33	0.830552
36	34	0.830428
36	105	0.869615
36	114	3.45926
36	128	1.81966
36	154	2.49328
36	177	4.35602
37	3	0.735491
37	19	0.810203
37	42	0.771745
37	44	0.771493
37	50	0.77123
37	57	0.825522
37	103	0.776284
37	114	0.731567
37	130	0.753919
37	143	0.777366
37	169	9.86364
37	176	0.696612
37	179	10.8591
37	180	5.36261
38	8	0.755676
38	9	0.833895
38	40	0.774196
38	53	0.749196
38	56	0.752318
38	62	0.82167
38	63	0.7381
38	146	0.805467
38	152	4.0345
38	153	1.99811
38	163	0.694301
38	166	0.72197
38	170	0.665331
38	174	0.686874
38	177	4.51552
39	1	0.842047
39	17	0.74148
39	28	0.720558
39	32	0.729689
39	35	0.79998
39	47	0.783927
39	58	0.762974
39	143	0.769927
39	161	3.63157
39	162	0.749518
39	166	2.56182
39	168	0.725533
39	174	0.691943
39	176	0.689173
39	177	4.51581
40	8	0.764373
40	38	0.774196
40	53	0.757893
40	56	0.761015
40	62	0.830367
40	63	0.746797
40	132	0.79216
40	144	0.768303
40	160	7.9369
40	163	0.702998
40	166	0.730667
40	168	1.93166
40	170	0.674028
40	173	3.46149
40	174	0.695571
41	21	0.79118
41	45	0.692016
41	49	0.747919
41	65	0.7284
41	73	0.77194
41	76	0.794385
41	77	0.774411
41	78	0.7157
41	80	0.774294
41	87	0.758456
41	146	0.796382
41	149	0.664198
41	162	2.14838
41	163	5.24846
41	166	3.0142
42	3	0.71672
42	19	0.791433
42	37	0.771745
42	44	0.752722
42	50	0.752459
42	57	0.806752
42	103	0.757513
42	109	2.43462
42	114	0.712796
42	119	0.784385
42	130	0.735148
42	143	0.758595
42	156	3.529
42	176	0.677841
42	180	4.30662
43	12	0.461164
43	13	0.862831
43	27	0.887896
43	30	0.719046
43	31	0.587989
43	51	0.796999
43	59	0.792238
43	123	0.803272
43	126	2.02684
43	132	1.88911
43	146	0.848426
43	148	6.06639
43	149	0.716242
43	151	0.79003
43	170	0.70829
44	3	0.716468
44	19	0.79118
44	37	0.771493
44	42	0.752722
44	50	0.752207
44	57	0.8065
44	103	0.757261
44	114	0.712544
44	119	0.784133
44	130	0.734896
44	143	0.758343
44	156	2.69394
44	163	4.73069
44	167	3.15243
44	176	0.677589
45	21	0.735866
45	41	0.692016
45	49	0.692605
45	65	0.673087
45	73	0.716626
45	77	0.719097
45	78	0.660386
45	80	0.71898
45	87	0.703142
45	103	0.699377
45	124	0.642734
45	142	2.83657
45	146	0.741068
45	149	0.608884
45	156	5.69389
46	55	0.707621
46	71	0.749658
46	72	0.74494
46	74	0.746428
46	75	0.799828
46	82	0.783573
46	88	0.77649
46	91	0.776332
46	103	2.69703
46	110	2.97885
46	143	0.768732
46	151	0.750946
46	153	4.15852
46	154	0.720468
46	163	0.698176
47	5	0.758028
47	17	0.749769
47	28	0.728847
47	32	0.737978
47	35	0.808269
47	39	0.783927
47	58	0.771263
47	143	0.778216
47	158	4.72641
47	161	3.09049
47	162	0.757807
47	168	0.733822
47	172	2.82157
47	174	0.700233
47	176	0.697462
48	60	0.748649
48	66	0.735043
48	67	0.741867
48	79	0.729253
48	84	0.773196
48	86	0.722925
48	89	0.763831
48	90	0.763838
48	92	0.763574
48	93	0.763582
48	96	0.757682
48	162	0.741425
48	167	3.20368
48	172	3.34853
48	173	3.91733
49	21	0.791768
49	41	0.747919
49	45	0.692605
49	65	0.728989
49	73	0.772529
49	77	0.774999
49	78	0.716288
49	80	0.774883
49	87	0.759045
49	119	0.782151
49	127	2.89312
49	132	2.49769
49	133	5.01539
49	146	0.796971
49	149	0.664787
50	3	0.716204
50	19	0.790917
50	37	0.77123
50	42	0.752459
50	44	0.752207
50	57	0.806236
50	103	0.756998
50	114	0.712281
50	119	0.78387
50	126	2.89574
50	128	1.80381
50	130	0.734633
50	139	4.80354
50	143	0.75808
50	176	0.677326
51	12	0.406746
51	13	0.808413
51	27	0.833478
51	30	0.664628
51	31	0.982384
51	43	0.796999
51	59	0.737819
51	76	0.792011
51	123	0.748854
51	146	0.794008
51	149	0.661824
51	151	0.735612
51	154	2.45509
51	170	0.653872
51	175	2.95234
51	176	5.42936
52	9	1.87263
52	54	0.887739
52	56	2.30609
52	120	0.73714
52	125	0.734103
52	153	0.772497
52	155	0.746628
52	159	0.706001
52	161	0.770332
52	164	0.761879
52	171	0.718188
52	174	0.722854
52	175	0.751129
52	177	0.740053
52	179	0.704126
52	180	0.734909
53	8	0.739374
53	9	0.817592
53	38	0.749196
53	40	0.757893
53	56	0.736015
53	62	0.805367
53	63	0.721798
53	123	2.27713
53	132	0.76716
53	146	0.789164
53	154	2.88885
53	163	0.677998
53	166	0.705667
53	170	0.649028
53	174	0.670571
53	176	5.86312
54	52	0.887739
54	68	0.842382
54	81	0.825161
54	94	0.4588
54	97	0.736932
54	98	0.738435
54	99	0.734444
54	100	0.782592
54	102	0.739388
54	106	0.774115
54	147	7.86502
54	154	0.717111
54	162	2.30195
54	166	0.722487
54	168	0.72098
55	46	0.707621
55	71	0.684031
55	72	0.679313
55	74	0.680801
55	75	0.734201
55	82	0.717946
55	88	0.710863
55	91	0.710705
55	115	0.626746
55	143	0.703105
55	144	0.697853
55	151	0.685318
55	153	3.85479
55	154	0.654841
55	163	0.632549
55	180	5.39334
56	8	0.742495
56	9	0.820714
56	38	0.752318
56	40	0.761015
56	52	2.30609
56	53	0.736015
56	62	0.808489
56	63	0.72492
56	128	3.07759
56	142	3.14649
56	144	0.746425
56	146	0.792286
56	163	0.68112
56	166	0.708789
56	170	0.65215
56	174	0.673693
57	3	0.770497
57	19	0.84521
57	37	0.825522
57	42	0.806752
57	44	0.8065
57	50	0.806236
57	103	0.811291
57	108	1.68843
57	114	0.766573
57	119	0.838162
57	130	0.788926
57	132	2.04545
57	143	0.812373
57	149	4.99974
57	175	3.09066
57	176	0.731618
58	1	0.829383
58	5	0.737074
58	17	0.728815
58	28	0.707894
58	32	0.717025
58	35	0.787316
58	39	0.762974
58	47	0.771263
58	143	0.757263
58	157	3.29695
58	162	0.736853
58	164	2.17994
58	168	0.712868
58	171	5.7265
58	174	0.679279
58	176	0.676508
59	12	0.401984
59	13	0.803651
59	27	0.828716
59	30	0.659866
59	31	1.06471
59	43	0.792238
59	51	0.737819
59	76	0.787249
59	123	0.744092
59	146	0.789246
59	149	0.657062
59	151	0.73085
59	162	1.84016
59	168	2.73846
59	170	0.64911
59	179	7.85714
60	48	0.748649
60	66	0.724239
60	67	0.731062
60	70	0.722245
60	79	0.718448
60	84	0.762391
60	86	0.71212
60	89	0.753026
60	90	0.753034
60	92	0.75277
60	93	0.752777
60	96	0.746877
60	123	3.33103
60	162	0.730621
60	166	3.85149
60	168	3.68178
61	63	3.50726
61	112	0.586807
61	115	0.619959
61	134	0.650178
61	135	0.665349
61	136	0.691659
61	148	0.62703
61	155	0.642108
61	161	0.665811
61	167	0.657392
61	172	0.656198
61	173	0.651946
61	177	0.635532
61	178	0.619606
61	179	0.599605
61	180	0.630389
62	9	0.890065
62	38	0.82167
62	40	0.830367
62	53	0.805367
62	56	0.808489
62	63	0.794271
62	130	1.70862
62	132	0.839634
62	144	0.815777
62	162	2.44289
62	163	0.750472
62	165	3.51077
62	166	0.778141
62	170	0.721502
62	172	4.10956
62	174	0.743045
63	8	0.728278
63	9	0.806496
63	38	0.7381
63	40	0.746797
63	53	0.721798
63	56	0.72492
63	61	3.50726
63	62	0.794271
63	117	3.10123
63	132	0.756064
63	144	0.732207
63	146	0.778068
63	159	6.42456
63	163	0.666903
63	166	0.694572
63	170	0.637933
63	174	0.659475
64	9	2.5823
64	99	0.784743
64	135	0.750891
64	137	0.749486
64	138	0.740435
64	140	0.720618
64	143	0.906063
64	145	0.771888
64	152	0.732248
64	157	0.737676
64	160	0.693764
64	167	0.742934
64	175	0.732151
64	177	0.721074
64	178	0.705148
64	179	0.685147
64	180	0.715931
65	21	0.77225
65	41	0.7284
65	45	0.673087
65	49	0.728989
65	73	0.753011
65	77	0.755481
65	78	0.69677
65	80	0.755364
65	87	0.739527
65	103	0.735761
65	119	0.762633
65	124	0.679118
65	136	2.25203
65	146	0.777453
65	149	0.645269
65	173	3.89591
65	178	6.13877
66	48	0.735043
66	60	0.724239
66	67	0.717456
66	70	0.70864
66	79	0.704843
66	84	0.748786
66	86	0.698515
66	89	0.739421
66	90	0.739428
66	92	0.739164
66	93	0.739172
66	96	0.733272
66	105	0.766114
66	136	1.18795
66	149	5.25604
66	152	4.23142
66	162	0.717015
67	48	0.741867
67	60	0.731062
67	66	0.717456
67	70	0.715463
67	79	0.711666
67	84	0.755609
67	86	0.705338
67	89	0.746244
67	90	0.746251
67	92	0.745987
67	93	0.745995
67	96	0.740095
67	123	2.91312
67	124	0.686523
67	133	4.17675
67	162	0.723838
67	164	4.24956
68	54	0.842382
68	81	0.90101
68	94	0.895435
68	97	0.81278
68	98	0.814284
68	99	0.810293
68	100	0.85844
68	102	0.815237
68	106	0.849964
68	153	1.79104
68	154	0.792959
68	157	2.80703
68	166	0.798336
68	167	1.53004
68	168	0.796829
68	169	6.3502
69	6	1.74754
69	31	2.37099
69	99	1.43215
69	136	0.783948
69	139	0.744599
69	140	0.727365
69	147	0.704446
69	148	0.719319
69	158	0.728347
69	159	0.69377
69	165	0.748755
69	172	0.748488
69	173	0.744235
69	177	0.727821
69	178	0.711895
69	179	0.691894
69	180	0.722678
70	60	0.722245
70	66	0.70864
70	67	0.715463
70	79	0.702849
70	84	0.746792
70	86	0.696521
70	89	0.737427
70	90	0.737435
70	92	0.73717
70	93	0.737178
70	96	0.731278
70	105	0.764121
70	117	1.31948
70	119	0.761221
70	150	6.29691
70	162	0.715022
70	177	3.78378
71	46	0.749658
71	55	0.684031
71	72	0.72135
71	74	0.722838
71	75	0.776238
71	82	0.759983
71	83	0.725279
71	88	0.7529
71	91	0.752742
71	95	2.26222
71	143	0.745142
71	144	0.739891
71	147	6.13498
71	151	0.727356
71	154	0.696878
71	163	0.674586
71	178	3.91563
72	46	0.74494
72	55	0.679313
72	71	0.72135
72	74	0.71812
72	75	0.77152
72	82	0.755265
72	88	0.748182
72	91	0.748024
72	115	0.664065
72	123	0.735879
72	134	4.13339
72	143	0.740424
72	144	0.735172
72	151	0.722637
72	154	0.69216
72	163	0.669868
72	170	4.79055
72	173	3.0233
73	21	0.81579
73	41	0.77194
73	45	0.716626
73	49	0.772529
73	65	0.753011
73	76	0.818995
73	77	0.799021
73	78	0.74031
73	80	0.798904
73	87	0.783066
73	95	2.6117
73	108	3.35107
73	111	2.35785
73	116	3.66594
73	119	0.806173
73	124	0.722658
73	146	0.820992
73	149	0.688808
74	46	0.746428
74	55	0.680801
74	71	0.722838
74	72	0.71812
74	75	0.773009
74	82	0.756753
74	83	0.722049
74	88	0.74967
74	91	0.749512
74	115	0.665554
74	122	3.55433
74	123	0.737368
74	138	3.38372
74	144	0.736661
74	151	0.724126
74	154	0.693648
74	163	0.671356
74	167	4.38666
75	46	0.799828
75	55	0.734201
75	71	0.776238
75	72	0.77152
75	74	0.773009
75	82	0.810153
75	88	0.80307
75	91	0.802912
75	115	0.718954
75	130	1.24654
75	137	2.84046
75	143	0.795312
75	144	0.790061
75	149	5.34422
75	151	0.777526
75	154	0.747048
75	156	3.04414
75	163	0.724756
76	15	0.7467
76	22	0.732881
76	29	0.792608
76	30	0.714058
76	33	0.792456
76	34	0.792332
76	41	0.794385
76	51	0.792011
76	59	0.787249
76	73	0.818995
76	78	0.762755
76	87	0.805512
76	132	1.84708
76	139	2.66659
76	140	4.86557
76	151	0.785042
76	170	0.703302
76	173	3.76523
77	21	0.81826
77	41	0.774411
77	45	0.719097
77	49	0.774999
77	65	0.755481
77	73	0.799021
77	78	0.74278
77	80	0.801375
77	87	0.785537
77	103	0.781772
77	119	0.808643
77	124	0.725129
77	129	1.59102
77	141	2.35676
77	146	0.823463
77	149	0.691279
77	158	5.79595
77	168	2.92056
78	21	0.759549
78	41	0.7157
78	45	0.660386
78	49	0.716288
78	65	0.69677
78	73	0.74031
78	76	0.762755
78	77	0.74278
78	80	0.742664
78	87	0.726826
78	103	0.723061
78	105	1.41901
78	119	0.749932
78	124	0.666418
78	131	3.41946
78	146	0.764752
78	149	0.632568
78	175	5.88409
79	48	0.729253
79	60	0.718448
79	66	0.704843
79	67	0.711666
79	70	0.702849
79	84	0.742996
79	86	0.692725
79	89	0.733631
79	90	0.733638
79	92	0.733374
79	93	0.733381
79	96	0.727481
79	119	0.757424
79	135	4.0867
79	141	0.687837
79	145	1.76643
79	162	0.711225
79	177	5.8604
80	21	0.818143
80	41	0.774294
80	45	0.71898
80	49	0.774883
80	65	0.755364
80	73	0.798904
80	77	0.801375
80	78	0.742664
80	83	1.82383
80	87	0.78542
80	101	1.48643
80	103	0.781655
80	115	5.11298
80	119	0.808527
80	124	0.725012
80	146	0.823346
80	149	0.691162
80	157	4.57485
81	54	0.825161
81	68	0.90101
81	94	0.878214
81	97	0.795559
81	98	0.797063
81	99	0.793072
81	100	0.84122
81	102	0.798016
81	104	3.23993
81	106	0.832743
81	133	2.00786
81	141	0.780205
81	154	0.775739
81	163	3.49895
81	166	0.781115
81	168	0.779608
81	176	4.33023
82	46	0.783573
82	55	0.717946
82	71	0.759983
82	72	0.755265
82	74	0.756753
82	75	0.810153
82	83	0.759194
82	88	0.786815
82	91	0.786657
82	109	2.24093
82	123	0.774512
82	143	0.779057
82	144	0.773805
82	151	0.76127
82	154	0.730793
82	163	0.708501
82	164	3.95377
82	165	3.33986
82	175	3.72631
83	16	1.50456
83	71	0.725279
83	74	0.722049
83	80	1.82383
83	82	0.759194
83	84	2.9756
83	88	0.752111
83	91	0.751953
83	97	0.71591
83	99	0.713422
83	102	0.718366
83	106	0.753093
83	141	0.700555
83	165	0.704501
83	166	0.701465
83	171	0.661702
83	172	0.704233
83	179	0.64764
83	180	0.678424
84	48	0.773196
84	60	0.762391
84	66	0.748786
84	67	0.755609
84	70	0.746792
84	79	0.742996
84	83	2.9756
84	89	0.777574
84	90	0.777581
84	92	0.777317
84	93	0.777324
84	96	0.771424
84	111	1.9867
84	119	0.801367
84	124	0.717852
84	129	2.29439
84	141	0.73178
84	162	0.755168
84	167	4.44963
85	11	2.10064
85	87	1.73894
85	104	0.727807
85	119	0.944632
85	145	0.765522
85	148	0.706206
85	152	0.725882
85	158	0.715234
85	159	0.680657
85	160	0.687398
85	165	0.735642
85	167	0.736568
85	171	0.692843
85	175	0.725785
85	176	0.69474
85	177	0.714708
85	178	0.698782
85	179	0.678781
85	180	0.709565
86	48	0.722925
86	60	0.71212
86	66	0.698515
86	67	0.705338
86	70	0.696521
86	79	0.692725
86	89	0.727303
86	90	0.72731
86	92	0.727046
86	93	0.727053
86	96	0.721153
86	103	1.63938
86	105	0.753996
86	119	0.751096
86	124	0.667581
86	141	0.681509
86	155	4.83025
86	162	0.704897
86	174	5.39269
87	21	0.802306
87	41	0.758456
87	45	0.703142
87	49	0.759045
87	65	0.739527
87	73	0.783066
87	76	0.805512
87	77	0.785537
87	78	0.726826
87	80	0.78542
87	85	1.73894
87	103	0.765817
87	105	1.18751
87	119	0.792689
87	121	4.78369
87	124	0.709174
87	146	0.807509
87	149	0.675325
87	167	3.80821
88	46	0.77649
88	55	0.710863
88	71	0.7529
88	72	0.748182
88	74	0.74967
88	75	0.80307
88	82	0.786815
88	83	0.752111
88	91	0.779574
88	115	0.695616
88	122	3.3655
88	123	0.76743
88	141	2.80831
88	143	0.771974
88	144	0.766723
88	151	0.754188
88	154	0.72371
88	162	2.67601
88	163	0.701418
88	164	4.3578
89	48	0.763831
89	60	0.753026
89	66	0.739421
89	67	0.746244
89	70	0.737427
89	79	0.733631
89	84	0.777574
89	86	0.727303
89	90	0.768216
89	92	0.767952
89	93	0.767959
89	96	0.762059
89	105	0.794902
89	109	1.64177
89	124	0.708488
89	141	0.722415
89	155	3.70461
89	162	0.745803
89	168	2.36893
89	178	6.15115
90	48	0.763838
90	60	0.753034
90	66	0.739428
90	67	0.746251
90	70	0.737435
90	79	0.733638
90	84	0.777581
90	86	0.72731
90	89	0.768216
90	92	0.767959
90	93	0.767967
90	96	0.762067
90	119	0.792009
90	124	0.708495
90	141	0.722422
90	162	0.74581
90	164	2.92037
90	166	2.1044
90	170	5.2413
90	174	3.8328
91	46	0.776332
91	55	0.710705
91	71	0.752742
91	72	0.748024
91	74	0.749512
91	75	0.802912
91	82	0.786657
91	83	0.751953
91	88	0.779574
91	107	1.76973
91	115	0.695458
91	123	0.767272
91	127	1.80591
91	143	0.771816
91	144	0.766565
91	151	0.75403
91	154	0.723552
91	163	0.70126
91	167	2.66936
91	179	8.48494
92	48	0.763574
92	60	0.75277
92	66	0.739164
92	67	0.745987
92	70	0.73717
92	79	0.733374
92	84	0.777317
92	86	0.727046
92	89	0.767952
92	90	0.767959
92	93	0.767703
92	96	0.761802
92	105	0.794645
92	111	3.27982
92	116	4.58791
92	124	0.708231
92	128	2.35803
92	141	0.722158
92	142	2.42693
92	162	0.745546
93	48	0.763582
93	60	0.752777
93	66	0.739172
93	67	0.745995
93	70	0.737178
93	79	0.733381
93	84	0.777324
93	86	0.727053
93	89	0.767959
93	90	0.767967
93	92	0.767703
93	96	0.76181
93	119	0.791753
93	124	0.708238
93	132	1.97726
93	136	2.18129
93	141	0.722166
93	142	2.18534
93	162	0.745554
93	171	8.11431
94	2	0.908048
94	54	0.4588
94	68	0.895435
94	81	0.878214
94	97	0.874226
94	98	0.87573
94	99	0.871739
94	100	0.835645
94	102	0.757427
94	106	0.827169
94	114	2.77131
94	130	0.879223
94	132	0.837033
94	141	0.858872
94	154	0.409377
94	160	10.4631
94	163	2.42687
94	166	0.414753
94	168	0.413246
94	171	4.55514
95	28	3.12608
95	71	2.26222
95	73	2.6117
95	115	0.685767
95	121	0.702515
95	133	0.726799
95	134	0.715986
95	139	0.718118
95	153	0.733784
95	164	0.723166
95	165	0.722274
95	167	0.7232
95	168	0.717731
95	169	0.672819
95	173	0.717754
95	174	0.684142
95	175	0.712417
95	178	0.685414
95	179	0.665413
95	180	0.696197
96	48	0.757682
96	60	0.746877
96	66	0.733272
96	67	0.740095
96	70	0.731278
96	79	0.727481
96	84	0.771424
96	86	0.721153
96	89	0.762059
96	90	0.762067
96	92	0.761802
96	93	0.76181
96	103	1.61886
96	105	0.788753
96	115	4.88702
96	119	0.785853
96	135	2.59622
96	141	0.716266
96	148	4.81867
96	162	0.739654
97	2	0.825393
97	54	0.736932
97	68	0.81278
97	81	0.795559
97	83	0.71591
97	94	0.874226
97	98	0.708834
97	99	0.704843
97	100	0.75299
97	102	0.709786
97	106	0.744514
97	113	3.5456
97	115	0.659414
97	130	0.712326
97	132	0.754378
97	154	0.687509
97	156	1.83903
97	166	0.692886
97	168	0.691378
97	171	6.00405
97	174	3.36993
98	2	0.826897
98	54	0.738435
98	68	0.814284
98	81	0.797063
98	94	0.87573
98	97	0.708834
98	99	0.706346
98	100	0.754494
98	102	0.71129
98	106	0.746017
98	109	3.28267
98	115	0.660918
98	130	0.71383
98	132	0.755882
98	141	0.693479
98	145	2.03957
98	154	0.689013
98	162	3.31372
98	166	0.694389
98	168	0.692882
98	180	5.15467
99	2	0.822906
99	54	0.734444
99	64	0.784743
99	68	0.810293
99	69	1.43215
99	81	0.793072
99	83	0.713422
99	94	0.871739
99	97	0.704843
99	98	0.706346
99	100	0.750503
99	102	0.707299
99	106	0.742026
99	130	0.709839
99	132	0.751891
99	141	0.689488
99	154	0.685022
99	155	4.74127
99	166	0.690398
99	168	0.688891
99	172	4.37615
100	2	0.871054
100	54	0.782592
100	68	0.85844
100	81	0.84122
100	94	0.835645
100	97	0.75299
100	98	0.754494
100	99	0.750503
100	102	0.755446
100	106	0.790174
100	115	0.705075
100	124	2.6572
100	130	0.757986
100	132	0.800038
100	141	0.737636
100	154	0.733169
100	158	4.31311
100	165	1.80949
100	166	0.738546
100	168	0.737039
100	175	2.19594
100	178	5.21993
101	4	2.96812
101	80	1.48643
101	116	0.752206
101	126	0.783095
101	138	0.747455
101	143	1.4649
101	145	0.778909
101	146	0.409472
101	147	0.70472
101	150	0.717121
101	156	0.751018
101	158	0.728621
101	168	0.744486
101	169	0.699573
101	171	0.70623
101	172	0.748761
101	173	0.744509
101	175	0.739172
101	177	0.728095
101	178	0.712168
101	179	0.692168
101	180	0.722952
102	2	0.82785
102	54	0.739388
102	68	0.815237
102	81	0.798016
102	83	0.718366
102	94	0.757427
102	97	0.709786
102	98	0.71129
102	99	0.707299
102	100	0.755446
102	106	0.74697
102	115	0.661871
102	126	2.11423
102	130	0.714782
102	132	0.756834
102	141	0.694432
102	150	5.17712
102	154	0.689965
102	166	0.695342
102	168	0.693835
102	169	6.18616
102	177	2.664
103	2	2.84474
103	37	0.776284
103	42	0.757513
103	44	0.757261
103	45	0.699377
103	46	2.69703
103	50	0.756998
103	57	0.811291
103	65	0.735761
103	77	0.781772
103	78	0.723061
103	80	0.781655
103	86	1.63938
103	87	0.765817
103	96	1.61886
103	162	0.742725
103	170	0.663608
103	173	0.718763
103	176	0.68238
103	178	0.686422
103	179	0.666422
103	180	0.697205
104	81	3.23993
104	85	0.727807
104	120	0.652831
104	126	0.710744
104	144	4.18393
104	147	0.632368
104	148	0.647241
104	150	0.64477
104	155	0.662319
104	161	0.686023
104	164	0.67757
104	165	0.676677
104	169	0.627222
104	171	0.633878
104	172	0.67641
104	173	0.672158
104	175	0.66682
104	176	0.635775
104	177	0.655744
104	178	0.639817
104	179	0.619817
104	180	0.6506
105	17	2.39608
105	20	2.90994
105	22	0.722958
105	23	0.803476
105	29	0.782685
105	33	0.782533
105	34	0.782409
105	36	0.869615
105	66	0.766114
105	70	0.764121
105	78	1.41901
105	86	0.753996
105	87	1.18751
105	89	0.794902
105	92	0.794645
105	96	0.788753
105	151	0.0102848
105	153	0.764564
105	164	0.753946
105	177	0.73212
105	178	0.716194
105	179	0.696193
105	180	0.726977
106	2	0.862577
106	54	0.774115
106	68	0.849964
106	81	0.832743
106	83	0.753093
106	94	0.827169
106	97	0.744514
106	98	0.746017
106	99	0.742026
106	100	0.790174
106	102	0.74697
106	115	0.696598
106	117	3.17085
106	126	3.3632
106	130	0.74951
106	131	3.12388
106	132	0.791562
106	141	0.729159
106	142	2.34017
106	145	2.86003
106	154	0.724693
106	166	0.730069
106	168	0.728562
107	20	4.18334
107	32	3.24693
107	91	1.76973
107	114	0.693897
107	131	0.727111
107	137	0.707322
107	138	0.698271
107	142	0.745712
107	145	0.729725
107	150	0.667937
107	155	0.685486
107	157	0.695512
107	160	0.6516
107	164	0.700736
107	165	0.699844
107	169	0.650389
107	172	0.699577
107	173	0.695324
107	175	0.689987
107	177	0.678911
107	178	0.662984
107	179	0.642984
107	180	0.673767
108	57	1.68843
108	73	3.35107
108	124	0.691716
108	135	0.718472
108	137	0.717067
108	143	2.88291
108	145	0.739469
108	147	0.66528
108	150	0.677682
108	155	0.695231
108	156	0.711578
108	158	0.689181
108	160	0.661345
108	165	0.709589
108	170	0.649914
108	171	0.66679
108	172	0.709321
108	173	0.705069
108	175	0.699732
108	177	0.688655
108	178	0.672729
108	179	0.652728
108	180	0.683512
109	42	2.43462
109	82	2.24093
109	89	1.64177
109	98	3.28267
109	122	0.744337
109	125	0.711064
109	134	0.731659
109	145	0.767827
109	152	0.728187
109	157	0.733615
109	159	0.682961
109	161	0.747292
109	165	0.737947
109	167	0.738873
109	170	0.678273
109	171	0.695148
109	172	0.73768
109	173	0.733427
109	175	0.72809
109	176	0.697045
109	177	0.717013
109	178	0.701087
109	179	0.681086
109	180	0.71187
110	17	4.52956
110	46	2.97885
110	118	0.631303
110	125	0.673821
110	127	0.772682
110	138	0.69913
110	142	0.746572
110	146	0.898108
110	148	0.671268
110	150	0.668797
110	155	0.686346
110	157	0.696372
110	158	0.680296
110	165	0.700704
110	167	0.70163
110	171	0.657905
110	172	0.700437
110	173	0.696184
110	174	0.662572
110	175	0.690847
110	177	0.67977
110	178	0.663844
110	179	0.643843
110	180	0.674627
111	33	1.97562
111	73	2.35785
111	84	1.9867
111	92	3.27982
111	135	0.746498
111	137	0.745093
111	139	0.733459
111	142	0.783483
111	150	0.705708
111	155	0.723257
111	156	0.739604
111	157	0.733283
111	159	0.682629
111	163	0.706911
111	165	0.737615
111	167	0.738541
111	169	0.68816
111	171	0.694816
111	173	0.733095
111	176	0.696712
111	177	0.716681
111	178	0.700755
111	179	0.680754
111	180	0.711538
112	61	0.586807
112	115	0.578346
112	118	0.545452
112	120	0.591007
112	122	0.621243
112	123	0.65016
112	131	0.64212
112	133	0.619378
112	136	0.650046
112	140	0.593463
112	152	0.605093
112	155	0.600495
112	158	0.594445
112	164	0.615745
112	168	0.61031
112	171	0.572054
112	172	0.614586
112	173	0.610333
112	175	0.604996
112	177	0.593919
112	178	0.577993
112	179	0.557992
112	180	0.588776
113	25	2.80654
113	27	3.24785
113	97	3.5456
113	118	0.629674
113	131	0.726342
113	134	0.692787
113	138	0.697501
113	139	0.694919
113	140	0.677684
113	142	0.744943
113	152	0.689315
113	153	0.710585
113	155	0.684717
113	157	0.694743
113	164	0.699967
113	167	0.700001
113	169	0.64962
113	172	0.698807
113	173	0.694555
113	176	0.658172
113	177	0.678141
113	178	0.662215
113	179	0.642214
113	180	0.672998
114	6	0.787563
114	18	0.669148
114	19	0.751254
114	20	0.668967
114	24	0.668809
114	26	0.668646
114	29	3.36943
114	36	3.45926
114	37	0.731567
114	42	0.712796
114	44	0.712544
114	50	0.712281
114	57	0.766573
114	94	2.77131
114	107	0.693897
114	118	0.609164
114	136	0.713758
114	151	0.70063
114	169	0.62911
114	176	0.637663
114	177	0.657631
114	178	0.641705
114	179	0.621704
114	180	0.652488
115	55	0.626746
115	61	0.619959
115	72	0.664065
115	74	0.665554
115	75	0.718954
115	80	5.11298
115	88	0.695616
115	91	0.695458
115	95	0.685767
115	96	4.88702
115	97	0.659414
115	98	0.660918
115	100	0.705075
115	102	0.661871
115	106	0.696598
115	112	0.578346
115	154	0.639594
115	164	0.648898
115	168	0.643463
115	172	0.647738
115	175	0.638149
115	177	0.627072
115	178	0.611145
115	179	0.591145
115	180	0.621929
116	14	1.74616
116	73	3.66594
116	92	4.58791
116	101	0.752206
116	122	0.69408
116	129	0.746495
116	135	0.696573
116	148	0.658254
116	150	0.655783
116	153	0.6992
116	156	0.689679
116	159	0.632705
116	161	0.697036
116	162	0.707133
116	164	0.688582
116	165	0.68769
116	167	0.688617
116	171	0.644891
116	172	0.687423
116	173	0.68317
116	175	0.677833
116	177	0.666756
116	178	0.65083
116	179	0.63083
116	180	0.661613
117	63	3.10123
117	70	1.31948
117	106	3.17085
117	129	0.785436
117	138	0.725058
117	139	0.722475
117	145	0.756512
117	150	0.694724
117	151	1.13126
117	152	0.716871
117	155	0.712273
117	156	0.728621
117	157	0.722299
117	160	0.678388
117	161	0.735977
117	165	0.726631
117	169	0.677176
117	171	0.683833
117	172	0.726364
117	173	0.722112
117	175	0.716774
117	177	0.705698
117	178	0.689771
117	179	0.669771
117	180	0.700554
118	110	0.631303
118	112	0.545452
118	113	0.629674
118	114	0.609164
118	124	0.597239
118	137	0.62259
118	138	0.613538
118	139	0.610956
118	145	0.644992
118	150	0.583204
118	156	0.617101
118	157	0.61078
118	159	0.560126
118	160	0.566868
118	161	0.624457
118	164	0.616004
118	167	0.616038
118	171	0.572313
118	172	0.614844
118	173	0.610592
118	175	0.605255
118	176	0.574209
118	177	0.594178
118	178	0.578252
118	179	0.558251
118	180	0.589035
119	3	0.74813
119	42	0.784385
119	44	0.784133
119	49	0.782151
119	50	0.78387
119	57	0.838162
119	65	0.762633
119	70	0.761221
119	73	0.806173
119	77	0.808643
119	78	0.749932
119	79	0.757424
119	80	0.808527
119	84	0.801367
119	85	0.944632
119	86	0.751096
119	87	0.792689
119	90	0.792009
119	93	0.791753
119	96	0.785853
119	137	2.35174
119	140	4.82789
119	155	3.52387
119	161	3.42766
119	165	2.55996
119	176	0.709251
120	7	5.08772
120	21	5.31228
120	52	0.73714
120	104	0.652831
120	112	0.591007
120	123	0.695973
120	128	0.717285
120	134	0.654378
120	142	0.706534
120	148	0.63123
120	149	0.608943
120	153	0.672176
120	156	0.662655
120	157	0.656334
120	160	0.612422
120	161	0.670011
120	167	0.661592
120	169	0.611211
120	171	0.617867
120	172	0.660398
120	173	0.656146
120	175	0.650809
120	177	0.639732
120	178	0.623806
120	179	0.603805
120	180	0.634589
121	87	4.78369
121	95	0.702515
121	122	0.671143
121	127	0.736732
121	128	0.721373
121	131	0.692021
121	134	0.658465
121	140	0.643363
121	144	3.84017
121	147	0.620445
121	152	0.654993
121	159	0.609768
121	164	0.665646
121	165	0.664754
121	167	0.66568
121	169	0.615299
121	170	0.605079
121	171	0.621955
121	173	0.660234
121	174	0.626622
121	175	0.654897
121	177	0.64382
121	178	0.627894
121	179	0.607893
121	180	0.638677
122	24	3.88017
122	74	3.55433
122	88	3.3655
122	109	0.744337
122	112	0.621243
122	116	0.69408
122	121	0.671143
122	126	0.724968
122	142	0.73677
122	148	0.661466
122	153	0.702412
122	155	0.676544
122	158	0.670494
122	159	0.635916
122	163	0.660197
122	166	0.687866
122	167	0.691828
122	169	0.641447
122	171	0.648103
122	172	0.690634
122	173	0.686382
122	175	0.681045
122	176	0.649999
122	177	0.669968
122	178	0.654042
122	179	0.634041
122	180	0.664825
123	1	1.87872
123	30	0.670901
123	31	0.539844
123	43	0.803272
123	51	0.748854
123	53	2.27713
123	59	0.744092
123	60	3.33103
123	67	2.91312
123	72	0.735879
123	74	0.737368
123	82	0.774512
123	88	0.76743
123	91	0.767272
123	112	0.65016
123	120	0.695973
123	148	0.690383
123	151	0.741885
123	163	0.689115
123	166	0.716784
123	170	0.660145
123	172	0.719552
123	175	0.709963
123	177	0.698886
123	179	0.662959
123	180	0.693743
124	19	2.85543
124	45	0.642734
124	65	0.679118
124	67	0.686523
124	73	0.722658
124	77	0.725129
124	78	0.666418
124	80	0.725012
124	84	0.717852
124	86	0.667581
124	87	0.709174
124	89	0.708488
124	90	0.708495
124	92	0.708231
124	93	0.708238
124	100	2.6572
124	108	0.691716
124	118	0.597239
124	151	4.01019
124	158	0.646232
124	162	0.686082
124	163	0.635935
124	167	0.667566
124	169	0.617184
124	178	0.629779
124	179	0.609779
124	180	0.640562
125	16	4.24396
125	52	0.734103
125	109	0.711064
125	110	0.673821
125	135	0.666512
125	137	0.665107
125	140	0.636239
125	146	4.56256
125	148	0.628193
125	154	0.649217
125	155	0.643271
125	156	0.659618
125	157	0.653297
125	158	0.637221
125	161	0.666974
125	164	0.658521
125	165	0.657629
125	167	0.658555
125	169	0.608174
125	172	0.657362
125	175	0.647772
125	177	0.636695
125	178	0.620769
125	179	0.600768
125	180	0.631552
126	43	2.02684
126	50	2.89574
126	101	0.783095
126	102	2.11423
126	104	0.710744
126	106	3.3632
126	122	0.724968
126	139	0.714423
126	145	0.748459
126	150	0.686671
126	153	0.730089
126	156	0.720568
126	161	0.727924
126	165	0.718579
126	166	0.715543
126	167	0.719505
126	169	0.669124
126	171	0.67578
126	172	0.718311
126	173	0.714059
126	175	0.708722
126	176	0.677676
126	177	0.697645
126	178	0.681719
126	179	0.661718
126	180	0.692502
127	5	1.6787
127	6	2.5116
127	10	1.91067
127	49	2.89312
127	91	1.80591
127	110	0.772682
127	121	0.736732
127	128	0.81311
127	140	0.7351
127	141	0.752545
127	148	0.727054
127	149	0.704767
127	153	0.768001
127	154	0.748078
127	158	0.736083
127	159	0.701505
127	160	0.708247
127	165	0.75649
127	167	0.757417
127	169	0.707035
127	171	0.713692
127	173	0.751971
127	175	0.746633
127	177	0.735557
127	178	0.71963
127	179	0.69963
127	180	0.730413
128	2	2.14092
128	36	1.81966
128	50	1.80381
128	56	3.07759
128	92	2.35803
128	120	0.717285
128	121	0.721373
128	127	0.81311
128	130	0.757537
128	131	0.768399
128	135	0.750015
128	136	0.776325
128	139	0.736976
128	140	0.719741
128	147	0.696823
128	148	0.711695
128	158	0.720724
128	159	0.686146
128	161	0.750477
128	164	0.742024
128	167	0.742058
128	171	0.698333
128	172	0.740864
128	173	0.736612
128	177	0.720198
128	178	0.704272
128	179	0.684271
128	180	0.715055
129	23	1.75404
129	77	1.59102
129	84	2.29439
129	116	0.746495
129	117	0.785436
129	137	0.750795
129	139	0.739161
129	143	2.19738
129	144	0.709441
129	153	0.754827
129	156	0.745306
129	157	0.738985
129	158	0.722909
129	159	0.688332
129	161	0.752663
129	164	0.744209
129	167	0.744243
129	168	0.738774
129	169	0.693862
129	171	0.700518
129	172	0.74305
129	173	0.738797
129	174	0.705185
129	175	0.73346
129	177	0.722383
129	178	0.706457
129	179	0.686456
129	180	0.71724
130	3	0.698894
130	9	3.77276
130	19	0.773606
130	37	0.753919
130	42	0.735148
130	44	0.734896
130	50	0.734633
130	57	0.788926
130	62	1.70862
130	75	1.24654
130	94	0.879223
130	97	0.712326
130	98	0.71383
130	99	0.709839
130	100	0.757986
130	102	0.714782
130	106	0.74951
130	128	0.757537
130	142	0.746785
130	146	1.0411
130	151	1.36032
130	153	0.712427
130	172	0.70065
130	173	0.696397
130	176	0.660015
130	177	0.679984
130	178	0.664057
130	179	0.644057
130	180	0.67484
131	78	3.41946
131	106	3.12388
131	107	0.727111
131	112	0.64212
131	113	0.726342
131	121	0.692021
131	128	0.768399
131	136	0.746972
131	137	0.719257
131	139	0.707623
131	142	0.757647
131	143	1.82051
131	146	0.765082
131	147	0.66747
131	149	0.660056
131	150	0.679872
131	160	0.663536
131	164	0.712671
131	167	0.712706
131	168	0.707237
131	169	0.662324
131	171	0.66898
131	172	0.711512
131	175	0.701922
131	176	0.670877
131	177	0.690846
131	178	0.674919
131	179	0.654919
131	180	0.685702
132	29	1.7434
132	40	0.79216
132	43	1.88911
132	49	2.49769
132	53	0.76716
132	57	2.04545
132	62	0.839634
132	63	0.756064
132	76	1.84708
132	93	1.97726
132	94	0.837033
132	97	0.754378
132	98	0.755882
132	99	0.751891
132	100	0.800038
132	102	0.756834
132	106	0.791562
132	138	0.741396
132	145	0.77285
132	153	0.75448
132	163	0.712265
132	166	0.739934
132	168	0.738427
132	170	0.683295
132	174	0.704837
132	175	0.733112
132	177	0.722036
132	178	0.706109
132	179	0.686109
132	180	0.716892
133	49	5.01539
133	67	4.17675
133	81	2.00786
133	95	0.726799
133	112	0.619378
133	135	0.69792
133	136	0.72423
133	137	0.696515
133	147	0.644728
133	150	0.65713
133	152	0.679277
133	153	0.700548
133	155	0.674679
133	157	0.684705
133	158	0.66863
133	160	0.640794
133	164	0.68993
133	167	0.689964
133	169	0.639582
133	171	0.646238
133	172	0.68877
133	173	0.684518
133	175	0.67918
133	176	0.648135
133	177	0.668104
133	178	0.652177
133	179	0.632177
133	180	0.66296
134	11	4.8844
134	25	3.3822
134	61	0.650178
134	72	4.13339
134	95	0.715986
134	109	0.731659
134	113	0.692787
134	120	0.654378
134	121	0.658465
134	137	0.685702
134	145	0.708104
134	148	0.648788
134	152	0.668464
134	153	0.689734
134	155	0.663866
134	158	0.657816
134	159	0.623238
134	160	0.62998
134	161	0.687569
134	164	0.679116
134	167	0.67915
134	168	0.673681
134	170	0.61855
134	171	0.635425
134	172	0.677957
134	175	0.668367
134	176	0.637322
134	177	0.65729
134	178	0.641364
134	179	0.621363
134	180	0.652147
135	23	2.28029
135	24	4.23679
135	61	0.665349
135	64	0.750891
135	79	4.0867
135	96	2.59622
135	108	0.718472
135	111	0.746498
135	116	0.696573
135	125	0.666512
135	128	0.750015
135	133	0.69792
135	145	0.723276
135	150	0.661488
135	155	0.679037
135	156	0.695384
135	157	0.689063
135	160	0.645152
135	164	0.694288
135	165	0.693395
135	167	0.694322
135	169	0.64394
135	170	0.633721
135	171	0.650597
135	172	0.693128
135	173	0.688876
135	174	0.655263
135	175	0.683538
135	176	0.652493
135	177	0.672462
135	178	0.656535
135	179	0.636535
135	180	0.667318
136	2	3.29914
136	32	4.2796
136	61	0.691659
136	65	2.25203
136	66	1.18795
136	69	0.783948
136	93	2.18129
136	112	0.650046
136	114	0.713758
136	128	0.776325
136	131	0.746972
136	133	0.72423
136	137	0.727183
136	138	0.718132
136	139	0.715549
136	140	0.698315
136	145	0.749586
136	147	0.675396
136	148	0.690269
136	149	0.667982
136	152	0.709945
136	155	0.705347
136	159	0.66472
136	161	0.729051
136	164	0.720598
136	169	0.67025
136	172	0.719438
136	173	0.715186
136	175	0.709848
136	177	0.698772
136	178	0.682845
136	179	0.662845
136	180	0.693628
137	33	3.77638
137	64	0.749486
137	75	2.84046
137	107	0.707322
137	108	0.717067
137	111	0.745093
137	118	0.62259
137	119	2.35174
137	125	0.665107
137	129	0.750795
137	131	0.719257
137	133	0.696515
137	134	0.685702
137	136	0.727183
137	139	0.687834
137	147	0.647681
137	148	0.662554
137	150	0.660083
137	151	2.95424
137	156	0.693979
137	157	0.687658
137	159	0.637005
137	161	0.701336
137	165	0.69199
137	169	0.642535
137	171	0.649191
137	173	0.687471
137	175	0.682133
137	176	0.651088
137	177	0.671057
137	178	0.65513
137	179	0.63513
137	180	0.665913
138	64	0.740435
138	74	3.38372
138	101	0.747455
138	107	0.698271
138	110	0.69913
138	113	0.697501
138	117	0.725058
138	118	0.613538
138	132	0.741396
138	136	0.718132
138	140	0.661548
138	144	1.86175
138	145	0.712819
138	146	2.29426
138	147	0.63863
138	150	0.651032
138	151	2.61347
138	152	0.673179
138	153	0.694449
138	156	0.684928
138	158	0.662531
138	160	0.634695
138	161	0.692284
138	164	0.683831
138	165	0.682939
138	166	0.679903
138	169	0.633484
138	172	0.682671
