1	17	1.01071
1	56	1.02867
1	128	1.02578
1	130	0.966866
1	154	1.03602
1	155	1.0392
1	159	0.961464
1	162	1.02994
1	169	1.0239
1	175	0.839845
1	178	1.02608
1	179	1.01908
2	39	0.957255
2	75	1.01796
2	123	1.04753
2	125	1.02596
2	136	0.924316
2	138	0.98408
2	142	1.04594
2	143	0.951706
2	148	0.915442
2	172	1.04361
2	178	1.04335
2	179	1.03635
3	7	0.854945
3	53	0.875411
3	93	0.931375
3	116	1.21465
3	122	1.19757
3	135	0.905774
3	149	0.896363
3	157	0.90152
3	173	1.18989
3	175	0.92261
3	176	0.912004
3	180	1.20366
4	29	1.08199
4	36	1.05629
4	42	1.03107
4	61	1.03112
4	66	1.02125
4	123	1.02391
4	131	0.878754
4	159	1.01482
4	160	0.955034
4	163	0.995841
4	173	0.959977
4	177	0.956834
5	54	1.0459
5	112	1.02099
5	132	1.01054
5	153	0.972489
5	154	1.03821
5	155	1.04139
5	167	1.03451
5	168	0.965373
5	169	1.02609
5	175	0.84341
5	178	1.02827
5	180	0.980105
6	7	0.927132
6	80	0.967683
6	92	0.97499
6	128	0.96513
6	144	1.04718
6	146	1.01515
6	151	1.00122
6	170	1.031
6	172	1.02904
6	174	1.04181
6	177	1.03462
6	178	0.958019
7	3	0.854945
7	6	0.927132
7	22	1.00667
7	53	1.02637
7	93	1.08234
7	127	0.942383
7	149	1.04732
7	157	1.05248
7	159	0.965639
7	163	0.964085
7	175	1.07357
7	176	1.06297
8	13	1.03974
8	146	0.941955
8	150	1.04805
8	152	0.933824
8	156	1.01044
8	165	1.03682
8	166	0.956201
8	167	1.03315
8	168	0.933146
8	169	1.02473
8	178	1.02691
8	179	1.01991
9	60	1.0484
9	84	1.02962
9	88	0.936573
9	91	0.93333
9	96	1.04989
9	117	0.987177
9	136	1.03981
9	138	1.00707
9	148	1.03803
9	163	0.972609
9	173	0.97547
9	180	0.989239
10	40	1.08371
10	60	1.05404
10	78	0.980039
10	94	0.976627
10	119	1.00162
10	136	1.04544
10	137	1.01649
10	145	0.966911
10	148	1.04366
10	149	0.909843
10	163	0.962747
10	170	0.966135
11	21	1.00788
11	57	1.04936
11	58	1.05549
11	78	0.970841
11	96	1.04632
11	136	1.03624
11	137	1.00729
11	148	1.03446
11	152	0.951093
11	163	0.948516
11	173	0.951376
11	177	0.948233
12	21	1.00438
12	123	1.01475
12	159	1.00566
12	166	0.969964
12	167	1.01682
12	171	0.942125
12	174	0.92913
12	175	1.07961
12	176	1.06901
12	178	1.01057
12	179	1.00358
12	180	0.96164
13	8	1.03974
13	46	0.924906
13	50	0.886013
13	65	0.840032
13	71	0.896705
13	121	0.943807
13	126	0.927864
13	131	1.20011
13	133	0.871102
13	143	0.909571
13	163	1.27848
13	164	1.28585
14	83	0.911959
14	140	0.883484
14	145	1.22775
14	146	1.23429
14	156	0.886881
14	162	0.907209
14	167	0.909595
14	169	0.901171
14	175	1.10352
14	178	0.903349
14	179	0.896352
14	180	1.24022
15	64	1.04406
15	66	1.02935
15	90	1.06889
15	91	0.951666
15	99	1.00679
15	123	1.03201
15	145	1.01495
15	147	0.96977
15	157	0.885153
15	158	1.00662
15	163	1.00394
15	173	0.993806
16	65	0.952419
16	102	1.0051
16	104	1.07236
16	113	1.03082
16	121	1.05619
16	143	1.02196
16	151	0.997828
16	163	0.923147
16	166	0.948101
16	173	1.00643
16	174	0.907266
16	176	1.08553
17	1	1.01071
17	53	0.955845
17	106	1.1228
17	134	1.05302
17	151	0.954383
17	158	0.957543
17	164	0.981323
17	170	0.984168
17	171	0.986299
17	172	0.982201
17	177	0.98778
17	179	1.05169
17	180	0.966303
18	39	1.13067
18	92	1.02139
18	122	0.955795
18	141	1.04183
18	146	0.965152
18	151	0.951226
18	152	0.990084
18	155	0.997901
18	164	0.978166
18	169	1.00102
18	171	0.983142
18	174	0.991812
18	177	0.984622
19	37	0.95899
19	59	0.882898
19	123	0.977048
19	151	1.1104
19	153	1.04474
19	163	0.948976
19	167	0.979117
19	172	1.04082
19	175	1.04191
19	176	1.03131
19	178	0.972871
19	179	0.965874
19	180	1.05235
20	97	1.14832
20	128	0.963699
20	145	1.03911
20	154	0.973947
20	155	0.977122
20	158	1.05061
20	161	1.05426
20	162	0.967863
20	165	0.973922
20	175	0.914879
20	176	1.02244
20	178	0.964003
20	179	0.957006
21	11	1.00788
21	12	1.00438
21	95	0.983235
21	124	0.962422
21	127	0.991378
21	147	0.974542
21	152	0.983336
21	156	1.0869
21	165	1.03647
21	171	0.976394
21	172	0.972295
21	179	1.06025
21	180	0.956398
22	7	1.00667
22	46	1.0569
22	75	1.1364
22	88	1.01843
22	93	0.924151
22	130	0.971706
22	137	0.951224
22	143	1.07014
22	148	0.978397
22	155	0.98109
22	170	0.970202
22	178	0.967972
22	179	0.960975
23	31	1.02643
23	86	1.05284
23	120	0.958062
23	125	0.958974
23	152	0.987664
23	164	0.975746
23	165	1.05223
23	166	0.96937
23	170	0.97859
23	174	0.989392
23	176	0.991321
23	177	0.982202
23	178	1.07009
24	57	1.00543
24	68	1.0001
24	78	0.926913
24	84	0.982127
24	98	0.986784
24	114	0.985274
24	124	1.09655
24	137	0.963361
24	138	0.959578
24	148	0.990533
24	157	0.997994
24	166	1.12874
24	175	0.983721
25	38	0.988248
25	99	0.951281
25	110	1.07894
25	129	1.10263
25	141	0.950774
25	142	0.975385
25	145	1.08342
25	154	0.982742
25	155	0.985917
25	165	0.982717
25	167	0.979045
25	169	0.970621
25	178	0.972799
26	57	1.00188
26	58	1.00801
26	84	0.978576
26	94	0.91995
26	130	1.04523
26	136	0.988762
26	137	0.95981
26	138	0.956028
26	148	0.986983
26	152	1.04085
26	159	1.03983
26	168	1.04017
26	173	1.04113
27	47	0.987096
27	60	0.989273
27	96	0.990757
27	114	0.973637
27	136	0.980675
27	137	0.951723
27	138	0.947941
27	146	1.0703
27	148	0.978896
27	157	0.953799
27	160	1.05751
27	170	1.06298
27	173	1.06245
28	48	0.97674
28	81	1.01921
28	84	1.02525
28	122	0.954938
28	138	1.08525
28	142	1.04672
28	160	0.981645
28	169	1.01689
28	170	0.980153
28	171	0.982284
28	172	0.978186
28	177	0.983765
28	180	0.962288
29	4	1.08199
29	39	0.979312
29	45	1.06607
29	59	0.975434
29	61	1.07679
29	90	1.10647
29	97	1.04
29	99	1.04436
29	123	1.06958
29	149	0.873719
29	151	1.0013
29	157	0.820831
29	173	0.929483
29	180	0.943252
30	91	1.10916
30	101	0.924757
30	110	1.14812
30	141	0.915051
30	142	0.939661
30	154	0.947019
30	156	0.920607
30	162	0.940936
30	165	0.946994
30	166	1.17339
30	169	0.934897
30	175	1.02837
30	177	1.14815
30	179	0.930078
31	23	1.02643
31	71	1.03152
31	103	0.815466
31	109	1.04001
31	118	0.986876
31	121	1.07863
31	126	1.06268
31	131	0.872949
31	133	1.00592
31	143	1.04439
31	152	0.953888
31	163	0.951311
31	173	1.02887
31	176	1.10797
32	34	0.894849
32	104	1.08875
32	106	0.994729
32	110	0.932384
32	116	0.960314
32	126	1.05664
32	129	0.956071
32	133	0.999881
32	143	1.03835
32	149	1.08629
32	163	0.932699
32	173	1.02283
32	175	1.11253
32	177	0.932416
33	107	0.892704
33	109	1.04788
33	129	0.95841
33	133	1.01379
33	138	1.03687
33	143	1.05226
33	146	0.945746
33	148	1.06782
33	154	1.06734
33	161	0.954353
33	167	1.06364
33	170	0.938426
33	174	0.919157
33	179	1.0504
34	32	0.894849
34	46	0.976464
34	93	0.84372
34	109	0.958018
34	121	0.929982
34	138	1.03365
34	142	1.05676
34	143	0.989712
34	145	1.04129
34	148	1.0646
34	161	1.04382
34	171	1.05854
34	178	1.05418
34	179	1.04718
35	55	0.817135
35	75	0.983637
35	104	1.09381
35	120	0.966333
35	121	1.07764
35	126	1.0617
35	129	0.970775
35	130	0.954358
35	133	1.00494
35	143	1.04341
35	160	0.945319
35	164	0.954777
35	173	1.02788
35	176	1.10698
36	4	1.05629
36	40	1.03342
36	65	1.26887
36	85	0.925579
36	93	0.989517
36	137	1.14596
36	148	1.09047
36	169	0.909533
36	172	0.911973
36	175	0.980752
36	176	0.970146
36	178	0.911711
36	179	0.904714
36	180	0.896076
37	19	0.95899
37	105	1.00877
37	114	0.965391
37	120	1.03919
37	132	0.969945
37	135	0.857252
37	136	0.923438
37	147	1.06
37	153	1.04445
37	168	1.06268
37	170	1.05972
37	171	1.06185
37	177	1.06333
37	178	0.918238
38	25	0.988248
38	61	0.920378
38	77	1.00298
38	117	1.01777
38	132	0.955671
38	144	1.0766
38	146	1.04457
38	151	1.03064
38	168	1.06338
38	169	0.900566
38	170	1.06043
38	176	0.825193
38	177	1.06404
38	180	1.04256
39	2	0.957255
39	18	1.13067
39	29	0.979312
39	42	0.928399
39	45	0.917721
39	51	0.994758
39	97	1.23459
39	99	0.896013
39	103	0.985374
39	123	0.921237
39	159	0.912141
39	163	0.893165
39	164	1.12859
39	172	1.12631
40	10	1.08371
40	36	1.03342
40	78	1.00044
40	84	1.05565
40	89	0.992553
40	98	1.06031
40	120	0.953171
40	136	1.06584
40	137	1.03689
40	138	1.0331
40	148	1.06406
40	162	0.754056
40	173	0.9371
40	177	0.933957
41	70	0.947417
41	72	1.08606
41	141	1.02826
41	144	0.888583
41	151	0.998132
41	152	0.926028
41	162	1.05415
41	165	1.06021
41	168	0.92535
41	169	1.04811
41	173	1.02962
41	177	0.923168
41	178	1.05029
41	179	1.04329
42	4	1.03107
42	39	0.928399
42	48	1.0645
42	59	0.924522
42	64	1.03072
42	66	1.01601
42	90	1.05555
42	99	0.993447
42	103	0.934473
42	123	1.01867
42	131	0.991956
42	145	1.00161
42	150	0.88721
42	173	1.07318
42	174	1.05444
43	69	0.984882
43	83	0.977597
43	106	1.05769
43	110	1.00882
43	140	1.01976
43	152	1.01163
43	153	0.987287
43	155	0.974144
43	159	0.995407
43	162	0.97549
43	164	0.999711
43	168	1.00551
43	172	1.00059
43	177	1.00617
43	179	0.986579
44	129	1.02432
44	141	0.969412
44	142	0.994022
44	150	1.01258
44	151	1.07563
44	154	1.00138
44	158	1.01662
44	164	1.00832
44	165	1.00136
44	167	0.997682
44	168	1.00285
44	169	0.989258
44	175	0.880885
44	176	1.04987
44	179	0.984439
45	29	1.06607
45	39	0.917721
45	61	1.0152
45	119	1.04446
45	126	1.01697
45	129	1.02896
45	131	1.02764
45	133	0.960206
45	138	0.983286
45	143	0.998675
45	144	0.970724
45	147	0.984417
45	148	1.01424
45	151	1.08027
45	157	0.8998
46	13	0.924906
46	22	1.0569
46	34	0.976464
46	75	0.948438
46	102	0.991355
46	104	1.05861
46	126	1.0265
46	133	0.969739
46	143	1.00821
46	145	1.00046
46	157	0.908521
46	158	1.02998
46	163	1.01431
46	172	1.01941
46	176	1.07178
47	27	0.987096
47	52	0.978218
47	78	0.968585
47	92	0.874675
47	94	0.965173
47	98	1.02846
47	136	1.03398
47	137	1.00503
47	138	1.00125
47	148	1.03221
47	149	0.979811
47	158	1.04838
47	163	1.03271
47	168	1.03461
47	173	1.03557
48	28	0.97674
48	42	1.0645
48	129	1.00349
48	154	0.983217
48	155	0.982633
48	160	1.00569
48	167	0.981604
48	168	1.00716
48	169	0.985755
48	170	1.0042
48	171	1.00633
48	172	1.00223
48	177	1.00781
48	179	0.995069
48	180	0.986337
49	56	0.932751
49	82	0.968172
49	86	1.04664
49	101	1.08649
49	104	0.97592
49	130	0.971804
49	133	1.15512
49	151	0.940515
49	155	1.05737
49	158	0.943675
49	160	0.971791
49	164	0.967455
49	170	0.9703
49	174	0.981102
49	179	1.0698
49	180	0.952435
50	13	0.886013
50	75	0.909545
50	102	0.952462
50	113	1.14756
50	117	0.934031
50	119	1.07875
50	122	1.05041
50	126	0.987608
50	133	0.930846
50	143	0.969315
50	153	1.04889
50	161	1.0592
50	173	0.953792
50	174	1.024
50	175	1.0435
50	176	1.03289
51	39	0.994758
51	59	0.99088
51	61	1.09224
51	64	1.09707
51	66	1.08237
51	88	0.891125
51	90	1.12191
51	99	1.05981
51	123	1.08503
51	127	0.905459
51	149	0.874257
51	159	1.07593
51	161	0.946476
51	170	0.930549
51	172	0.932256
51	173	0.930021
52	47	0.978218
52	78	0.906397
52	84	0.961611
52	96	0.981879
52	114	0.964759
52	124	1.09241
52	131	0.983414
52	136	0.971797
52	137	0.942845
52	138	0.939063
52	148	0.970018
52	151	1.17432
52	156	0.957195
52	163	1.09964
52	173	1.1025
52	175	0.979578
53	3	0.875411
53	7	1.02637
53	17	0.955845
53	93	1.1028
53	113	1.01272
53	131	0.82668
53	135	1.0772
53	149	1.06779
53	151	0.979724
53	157	1.07295
53	166	0.929997
53	171	0.902158
53	175	1.09404
53	176	1.08343
54	5	1.0459
54	107	0.981044
54	126	1.06211
54	137	1.12921
54	152	0.959365
54	166	0.941071
54	168	0.953247
54	169	1.074
54	171	0.952423
54	172	0.948324
54	174	0.961093
54	175	1.0171
54	176	0.998629
54	177	0.953903
54	179	1.08332
54	180	0.932427
55	35	0.817135
55	64	0.873199
55	65	1.03942
55	71	0.964411
55	121	0.837565
55	123	0.904399
55	133	0.955941
55	136	1.08365
55	137	1.0547
55	138	1.05092
55	147	1.07396
55	169	1.06927
55	171	1.07581
55	178	1.07145
55	179	1.06445
55	180	1.05581
56	1	1.02867
56	49	0.932751
56	95	0.979037
56	100	0.958556
56	118	0.938044
56	119	0.936568
56	141	1.10115
56	155	1.05722
56	156	1.0963
56	160	0.971557
56	165	1.04587
56	166	0.960845
56	172	0.968098
56	174	0.980867
56	177	0.973677
56	178	1.06374
57	11	1.04936
57	24	1.00543
57	26	1.00188
57	70	1.01287
57	78	0.975281
57	98	1.03515
57	107	0.946572
57	114	1.03364
57	136	1.04068
57	137	1.01173
57	138	1.00795
57	148	1.0389
57	157	0.883114
57	164	0.996281
57	168	0.990805
57	173	0.991766
57	177	0.988623
58	11	1.05549
58	26	1.00801
58	65	0.959928
58	82	0.965265
58	88	0.926002
58	133	0.990997
58	145	1.02172
58	148	1.04503
58	151	1.03672
58	152	0.964615
58	153	0.971052
58	156	1.01814
58	161	0.981354
58	162	1.03847
58	170	0.965427
58	178	1.03461
58	179	1.02761
59	19	0.882898
59	29	0.975434
59	42	0.924522
59	51	0.99088
59	61	0.924565
59	64	0.929404
59	68	1.07645
59	90	0.954241
59	99	0.892135
59	118	1.21569
59	120	1.19906
59	123	0.91736
59	145	0.900296
59	157	1.07434
59	159	0.908264
59	173	1.18299
59	175	1.06006
60	9	1.0484
60	10	1.05404
60	27	0.989273
60	94	0.967349
60	98	1.03063
60	114	1.02912
60	124	0.977838
60	136	1.03616
60	137	1.00721
60	138	1.00343
60	145	0.989235
60	146	0.995779
60	148	1.03438
60	164	0.992446
60	173	0.987931
60	175	0.865006
60	180	1.0017
61	4	1.03112
61	29	1.07679
61	38	0.920378
61	45	1.0152
61	51	1.09224
61	59	0.924565
61	90	1.0556
61	97	1.12476
61	99	0.99349
61	123	1.01871
61	131	0.933023
61	144	0.976518
61	145	1.00165
61	163	0.990643
61	168	1.01328
61	174	0.995505
61	179	0.842291
62	81	1.01787
62	88	0.937412
62	134	1.00781
62	140	1.00041
62	150	1.04142
62	161	0.992763
62	162	1.02414
62	164	0.980823
62	165	1.03019
62	167	1.02652
62	169	1.0181
62	170	0.976836
62	171	0.970563
62	172	0.978543
62	177	0.973165
62	178	1.02028
62	179	1.01328
63	70	1.17456
63	72	0.959571
63	124	1.14337
63	125	1.15853
63	132	0.906072
63	139	0.920231
63	140	0.90393
63	142	0.926381
63	150	0.944939
63	155	0.936914
63	162	0.927655
63	165	0.933714
63	170	1.15399
63	171	1.14771
63	175	1.03053
63	178	0.923795
63	179	0.916798
64	15	1.04406
64	42	1.03072
64	51	1.09707
64	55	0.873199
64	59	0.929404
64	90	1.06044
64	99	0.998329
64	123	1.02355
64	145	1.00649
64	159	1.01446
64	161	1.02278
64	163	0.995482
64	166	1.02842
64	170	1.00685
64	173	1.00633
64	174	0.987585
64	175	0.883401
65	13	0.840032
65	16	0.952419
65	36	1.26887
65	55	1.03942
65	58	0.959928
65	68	1.06601
65	106	0.879713
65	109	0.918958
65	121	0.957571
65	131	1.09133
65	133	0.884865
65	135	0.980681
65	143	0.923335
65	145	0.915589
65	174	1.15381
65	176	0.98691
65	180	1.18632
66	4	1.02125
66	15	1.02935
66	42	1.01601
66	51	1.08237
66	76	1.02412
66	90	1.04573
66	117	1.05868
66	123	1.00885
66	124	1.01451
66	135	0.785741
66	145	0.991785
66	147	1.00056
66	159	0.999754
66	163	0.980777
66	173	1.0246
66	175	0.901673
66	177	1.02145
67	101	1.00379
67	122	0.990208
67	125	0.987613
67	128	1.0158
67	142	1.01869
67	145	0.983841
67	149	0.926773
67	156	0.99964
67	159	0.981231
67	165	1.02603
67	167	1.02235
67	169	1.01393
67	171	0.976791
67	174	0.963796
67	176	1.07454
67	178	1.01611
67	179	1.00911
68	24	1.0001
68	59	1.07645
68	65	1.06601
68	112	0.900221
68	125	1.00596
68	127	1.04269
68	137	0.943101
68	155	0.88477
68	156	0.923853
68	158	0.998949
68	160	1.02707
68	161	1.01298
68	164	1.02273
68	166	1.01635
68	174	1.03638
68	177	1.02919
68	180	1.00771
69	43	0.984882
69	83	1.04298
69	98	1.02934
69	100	0.978432
69	118	0.95792
69	151	0.960157
69	152	0.999015
69	161	0.977352
69	162	1.04088
69	164	0.987097
69	165	1.02819
69	166	0.980721
69	167	1.0385
69	168	0.992897
69	169	1.04265
69	172	0.987974
69	176	0.967278
69	177	0.993553
70	41	0.947417
70	57	1.01287
70	63	1.17456
70	89	0.954305
70	135	0.957951
70	140	1.05804
70	144	0.997073
70	146	0.965042
70	157	1.02662
70	160	0.982391
70	161	0.968311
70	164	0.978056
70	168	0.983856
70	170	0.9809
70	172	0.978933
70	177	0.984512
70	178	1.01894
70	179	1.02485
71	13	0.896705
71	31	1.03152
71	55	0.964411
71	102	0.963153
71	103	0.958833
71	109	0.97563
71	113	1.20236
71	121	1.01424
71	126	0.998299
71	127	1.07298
71	133	0.941537
71	139	0.944608
71	143	0.980007
71	147	1.0735
71	157	0.988886
71	159	0.980229
71	173	0.964483
71	175	1.05419
72	41	1.08606
72	63	0.959571
72	86	1.0365
72	88	0.94523
72	139	1.03537
72	140	1.01907
72	147	0.96009
72	149	0.928362
72	152	0.983843
72	154	1.04887
72	155	1.05205
72	162	1.04279
72	165	1.04885
72	172	0.986361
72	174	0.965385
72	175	0.861201
72	177	0.980983
72	178	1.03893
72	179	1.03193
73	80	0.952894
73	82	1.04322
73	84	0.94819
73	105	0.99439
73	116	1.03099
73	124	1.03351
73	128	0.950341
73	142	0.96966
73	152	1.05442
73	154	0.937294
73	158	1.01872
73	162	0.938057
73	168	1.0483
73	170	1.04535
73	171	1.04748
73	174	1.05615
73	178	0.943231
73	179	0.949146
73	180	1.02748
74	79	1.05797
74	87	1.08112
74	103	1.06989
74	111	1.02116
74	130	0.957368
74	140	1.01265
74	141	1.01049
74	142	1.03511
74	159	0.951966
74	164	0.957787
74	165	1.04244
74	167	1.03876
74	168	0.952311
74	169	1.03034
74	170	0.9538
74	175	0.830347
74	177	0.950129
74	178	1.03252
74	179	1.02552
75	2	1.01796
75	22	1.1364
75	35	0.983637
75	46	0.948438
75	50	0.909545
75	102	0.91625
75	109	0.928726
75	118	1.12938
75	121	0.967339
75	131	1.01546
75	133	0.894634
75	143	0.933103
75	146	1.10453
75	149	0.981038
75	158	1.10949
75	159	0.933326
75	163	1.09382
75	175	1.00728
75	176	0.996679
76	66	1.02412
76	93	1.10041
76	99	1.00155
76	123	1.02678
76	124	0.933708
76	136	1.03481
76	137	1.00585
76	138	1.00207
76	147	0.919765
76	148	1.03303
76	151	1.01562
76	152	0.943517
76	163	0.998707
76	164	0.948316
76	166	0.965894
76	173	0.943801
76	175	1.09164
76	176	1.08104
76	177	0.940657
77	38	1.00298
77	107	1.05165
77	117	1.13093
77	132	0.936226
77	134	0.941481
77	139	0.950386
77	140	0.934084
77	142	0.956536
77	146	1.1047
77	155	0.967068
77	156	0.937481
77	158	1.10966
77	159	1.09554
77	161	1.1133
77	165	0.963868
77	167	0.960195
77	169	0.951772
77	178	0.95395
77	179	0.946953
78	10	0.980039
78	11	0.970841
78	24	0.926913
78	40	1.00044
78	47	0.968585
78	52	0.906397
78	57	0.975281
78	94	0.893352
78	103	1.04753
78	114	0.955126
78	137	0.933212
78	138	0.92943
78	148	0.960385
78	150	1.00026
78	158	1.19904
78	160	1.18129
78	163	1.18337
78	175	1.06331
78	176	0.92959
79	74	1.05797
79	85	0.969976
79	116	0.943981
79	119	0.924841
79	120	0.93781
79	134	1.10977
79	146	0.942479
79	160	0.959829
79	162	1.09736
79	164	0.955493
79	166	0.949117
79	167	1.09498
79	168	0.961293
79	169	1.09913
79	170	0.958338
79	172	0.95637
79	176	1.02376
79	179	1.10845
79	180	0.940473
80	6	0.967683
80	73	0.952894
80	87	1.04415
80	105	1.07435
80	124	0.997403
80	129	1.02801
80	134	0.983081
80	135	1.04776
80	139	0.991986
80	141	0.973525
80	144	0.969767
80	154	1.00549
80	162	0.99941
80	163	0.971655
80	164	1.01201
80	165	1.00547
80	168	1.00653
80	169	0.993372
80	178	0.99555
80	179	0.988553
81	28	1.01921
81	62	1.01787
81	115	0.968535
81	132	0.983023
81	139	0.997182
81	140	0.980881
81	146	1.0046
81	150	1.02189
81	155	1.01386
81	159	0.995449
81	160	0.991811
81	162	1.00461
81	165	1.01066
81	167	1.00699
81	168	0.995793
81	172	0.99899
81	177	0.993611
81	178	1.00075
81	179	0.993749
81	180	1.01052
82	49	0.968172
82	58	0.965265
82	73	1.04322
82	98	0.981493
82	118	0.973466
82	120	0.984959
82	141	1.03561
82	152	1.01456
82	156	1.03076
82	158	0.978862
82	160	1.00698
82	162	0.993025
82	164	1.00264
82	166	0.996266
82	167	0.990649
82	169	0.9948
82	170	1.00549
82	174	1.01629
82	177	1.0091
82	178	0.998199
83	14	0.911959
83	43	0.977597
83	69	1.04298
83	86	1.00933
83	110	0.991591
83	112	1.00449
83	129	1.01528
83	139	1.0082
83	141	0.98974
83	142	1.01435
83	155	1.02488
83	156	0.995296
83	158	1.00758
83	162	1.01562
83	169	1.00959
83	171	0.98902
83	174	0.976025
83	178	1.01176
83	179	1.00477
83	180	1.00854
84	9	1.02962
84	24	0.982127
84	26	0.978576
84	28	1.02525
84	40	1.05565
84	52	0.961611
84	73	0.94819
84	94	0.948566
84	96	1.02746
84	114	1.01034
84	122	1.01046
84	125	1.00787
84	136	1.01738
84	137	0.988426
84	138	0.984644
84	148	1.0156
84	160	0.997848
84	173	1.00279
84	177	0.999648
84	180	1.01656
85	36	0.925579
85	79	0.969976
85	87	0.952315
85	105	0.968296
85	119	0.985756
85	127	1.03637
85	133	1.09167
85	140	1.03954
85	152	1.02833
85	153	1.00398
85	154	0.994501
85	160	1.02074
85	161	1.00666
85	165	0.982574
85	174	1.03005
85	176	0.921666
85	177	1.02286
85	178	1.00044
85	179	1.00635
85	180	1.00139
86	23	1.05284
86	49	1.04664
86	72	1.0365
86	83	1.00933
86	108	1.04421
86	120	0.996651
86	128	1.00042
86	132	0.983
86	139	0.99716
86	141	0.978699
86	149	0.924817
86	154	1.01067
86	156	0.984255
86	167	1.00697
86	168	0.979619
86	169	0.998546
86	170	0.981108
86	172	0.982816
86	178	1.00072
86	179	0.993727
87	74	1.08112
87	80	1.04415
87	85	0.952315
87	100	0.970643
87	123	0.811534
87	128	1.05145
87	129	0.970223
87	140	1.03189
87	149	0.893947
87	153	0.955864
87	155	1.06487
87	156	1.03529
87	159	0.948405
87	162	1.05561
87	163	1.02786
87	164	0.954225
87	165	1.06167
87	169	1.04958
87	172	0.951946
87	178	1.05175
87	179	1.04476
88	9	0.936573
88	22	1.01843
88	51	0.891125
88	58	0.926002
88	62	0.937412
88	72	0.94523
88	122	1.03063
88	128	0.966046
88	129	1.05514
88	131	1.07744
88	153	1.04058
88	154	0.953
88	160	1.05734
88	166	1.04663
88	170	1.05585
88	172	1.05388
88	174	1.06665
88	176	0.880165
88	177	1.05946
88	178	0.958936
88	180	1.03798
89	40	0.992553
89	70	0.954305
89	108	0.937743
89	125	0.961403
89	133	1.14452
89	140	1.09238
89	145	0.965903
89	148	1.04961
89	152	0.990093
89	158	0.954395
89	161	0.96843
89	162	1.04811
89	165	1.03542
89	166	0.971799
89	168	0.983975
89	170	0.981019
89	171	0.98315
89	176	0.974514
89	177	0.984631
89	178	1.05329
89	180	0.963155
90	15	1.06889
90	29	1.10647
90	42	1.05555
90	51	1.12191
90	59	0.954241
90	61	1.0556
90	64	1.06044
90	66	1.04573
90	99	1.02317
90	113	1.05678
90	116	0.976714
90	123	1.04839
90	149	0.896196
90	157	0.843307
90	158	0.964769
90	159	1.0393
90	163	1.02032
90	168	0.950998
90	171	0.946214
90	175	0.829034
90	177	0.948816
91	9	0.93333
91	15	0.951666
91	30	1.10916
91	100	1.00473
91	125	0.99662
91	130	1.01774
91	136	0.960893
91	141	0.993105
91	142	0.982122
91	144	1.03241
91	147	1.01652
91	150	0.947594
91	152	1.02531
91	159	1.00909
91	160	1.01773
91	169	0.952294
91	170	1.01624
91	171	1.01837
91	174	1.02704
91	177	1.01985
91	179	0.961608
91	180	0.998371
92	6	0.97499
92	18	1.02139
92	47	0.874675
92	115	0.980523
92	119	1.05082
92	140	0.992868
92	144	0.977075
92	147	0.990767
92	150	1.03388
92	154	1.02268
92	155	1.02585
92	156	0.996265
92	157	1.06068
92	162	1.01659
92	165	1.02265
92	167	1.01898
92	169	1.01056
92	170	1.01533
92	175	0.891878
92	177	1.01166
92	178	1.01273
92	179	1.00574
93	3	0.931375
93	7	1.08234
93	22	0.924151
93	34	0.84372
93	36	0.989517
93	53	1.1028
93	76	1.10041
93	97	0.994944
93	103	1.11833
93	130	0.888525
93	131	0.803207
93	135	1.13317
93	149	1.12376
93	157	1.12891
93	160	0.879486
93	166	0.906523
93	170	0.884957
93	173	0.88443
93	175	1.15
93	176	1.1394
94	10	0.976627
94	26	0.91995
94	47	0.965173
94	60	0.967349
94	78	0.893352
94	84	0.948566
94	95	1.10635
94	96	0.968834
94	98	0.953223
94	113	0.88367
94	114	0.951714
94	130	1.14135
94	136	0.958752
94	137	0.9298
94	138	0.926018
94	147	1.11322
94	148	0.956973
94	157	1.02861
94	159	1.13595
94	163	1.1344
94	173	1.13726
94	175	1.01433
95	21	0.983235
95	56	0.979037
95	94	1.10635
95	112	0.975853
95	127	1.0337
95	129	1.01588
95	136	0.972122
95	148	0.963248
95	155	0.960402
95	156	0.999485
95	161	1.004
95	164	1.01374
95	166	1.00737
95	167	0.959372
95	169	0.963524
95	171	1.01872
95	172	1.01462
95	174	1.02739
95	175	1.0834
95	176	0.888151
95	177	1.0202
95	180	0.998722
96	9	1.04989
96	11	1.04632
96	27	0.990757
96	52	0.981879
96	84	1.02746
96	94	0.968834
96	98	1.03212
96	114	1.03061
96	117	0.985016
96	122	1.04567
96	136	1.03765
96	137	1.00869
96	138	1.00491
96	144	1.00027
96	147	1.01396
96	148	1.03587
96	150	0.852031
96	157	0.929348
96	160	1.03306
96	173	1.038
96	177	1.03486
96	178	0.86013
97	20	1.14832
97	29	1.04
97	39	1.23459
97	61	1.12476
97	93	0.994944
97	110	0.955178
97	119	0.915417
97	128	1.11546
97	144	0.965087
97	146	0.933056
97	158	0.922289
97	159	0.941766
97	164	0.946069
97	168	0.951869
97	170	0.948914
97	171	0.951045
97	173	0.92602
97	174	0.959716
97	176	1.02958
97	177	0.952526
97	178	1.10835
97	180	0.931049
98	24	0.986784
98	40	1.06031
98	47	1.02846
98	57	1.03515
98	60	1.03063
98	69	1.02934
98	82	0.981493
98	94	0.953223
98	96	1.03212
98	114	1.015
98	127	0.956564
98	131	1.03365
98	136	1.02204
98	137	0.993083
98	138	0.989301
98	148	1.02026
98	151	1.05295
98	157	0.872474
98	159	0.97982
98	163	0.978266
98	173	0.981127
98	177	0.977983
99	15	1.00679
99	25	0.951281
99	29	1.04436
99	39	0.896013
99	42	0.993447
99	51	1.05981
99	59	0.892135
99	61	0.99349
99	64	0.998329
99	76	1.00155
99	90	1.02317
99	113	1.14969
99	123	0.986285
99	131	0.963645
99	144	1.00714
99	145	0.969221
99	159	0.97719
99	163	0.958213
99	166	1.06696
99	172	1.0471
99	173	1.04487
99	175	0.921942
99	180	1.05864
100	56	0.958556
100	69	0.978432
100	87	0.970643
100	91	1.00473
100	101	1.04137
100	109	1.01966
100	117	0.95345
100	129	0.995394
100	130	0.997609
100	134	1.02601
100	142	1.04519
100	143	1.05135
100	148	1.01509
100	152	1.00518
100	153	0.980836
100	158	0.96948
100	164	0.99326
100	165	1.0009
100	166	0.986884
100	171	0.998236
100	177	0.999717
100	178	1.01876
100	180	0.97824
101	30	0.924757
101	49	1.08649
101	67	1.00379
101	100	1.04137
101	127	0.995872
101	134	0.978368
101	139	0.987273
101	142	0.993423
101	146	1.02828
101	149	0.96467
101	150	1.01198
101	152	1.02015
101	156	0.974368
101	158	1.03324
101	162	0.994697
101	165	1.00076
101	167	0.997082
101	169	0.988659
101	172	1.02267
101	173	0.970172
101	177	1.01729
101	178	0.990837
101	179	0.98384
102	16	1.0051
102	46	0.991355
102	50	0.952462
102	71	0.963153
102	75	0.91625
102	104	1.02642
102	106	0.932399
102	125	1.05472
102	126	0.994312
102	127	1.02508
102	131	0.968419
102	143	0.97602
102	145	0.968274
102	149	1.02395
102	152	1.04936
102	157	0.94099
102	163	1.04678
102	170	1.05017
102	173	0.960497
102	174	1.0309
102	175	1.0502
102	176	1.0396
102	177	1.0465
103	31	0.815466
103	39	0.985374
103	42	0.934473
103	71	0.958833
103	74	1.06989
103	78	1.04753
103	93	1.11833
103	114	0.906279
103	121	0.831986
103	123	0.89882
103	133	0.950362
103	134	1.02805
103	136	0.864326
103	150	1.06167
103	152	1.05183
103	157	1.08847
103	166	1.03353
103	172	1.04078
103	175	1.10956
103	176	1.09896
103	178	1.04052
103	179	1.03352
103	180	1.02489
104	16	1.07236
104	32	1.08875
104	35	1.09381
104	46	1.05861
104	49	0.97592
104	102	1.02642
104	109	1.0389
104	110	0.90669
104	121	1.07751
104	127	0.885303
104	133	1.00481
104	143	1.04328
104	151	0.981685
104	158	0.922675
104	159	1.0435
104	161	0.92632
104	163	0.907004
104	171	0.904119
104	172	0.912099
104	173	1.02775
104	174	0.891124
104	175	1.11746
104	176	1.10685
105	37	1.00877
105	73	0.99439
105	80	1.07435
105	85	0.968296
105	110	0.962922
105	112	1.07361
105	129	0.955947
105	139	1.08962
105	151	0.926873
105	154	1.05875
105	155	1.05816
105	161	0.944069
105	162	1.05951
105	164	0.953814
105	165	1.04682
105	166	0.947438
105	167	1.05713
105	168	0.959614
105	170	0.956658
105	172	0.954691
105	174	0.96746
105	177	0.96027
105	179	1.0706
105	180	0.938793
106	17	1.1228
106	32	0.994729
106	43	1.05769
106	65	0.879713
106	102	0.932399
106	109	0.944875
106	113	1.17967
106	117	0.913968
106	119	1.11087
106	121	0.983488
106	126	0.967544
106	131	0.993631
106	133	0.910783
106	135	1.0066
106	143	0.949252
106	144	1.03713
106	149	0.997187
106	157	0.966202
106	159	0.949474
106	160	1.06991
106	163	1.07199
106	173	0.933729
106	175	1.02343
106	176	1.01283
107	33	0.892704
107	54	0.981044
107	57	0.946572
107	77	1.05165
107	114	0.999791
107	125	1.01875
107	141	0.99005
107	144	1.05454
107	147	1.03865
107	151	1.00858
107	152	1.04744
107	153	1.0231
107	154	0.946702
107	156	0.985201
107	158	1.01174
107	164	1.03552
107	166	1.02915
107	167	0.945089
107	168	1.04132
107	171	1.0405
107	174	1.04917
107	176	0.873867
107	179	0.958554
107	180	1.0205
108	86	1.04421
108	89	0.937743
108	121	1.03432
108	122	0.939123
108	128	1.06857
108	136	1.06666
108	141	1.09887
108	144	0.980511
108	145	0.949221
108	150	1.05336
108	152	0.973412
108	153	0.949069
108	156	1.09403
108	157	1.01006
108	158	0.937713
108	160	0.965829
108	161	0.951749
108	166	0.955118
108	171	0.966469
108	172	0.962371
108	174	0.97514
108	178	1.06146
108	179	1.06738
108	180	0.946473
109	31	1.04001
109	33	1.04788
109	34	0.958018
109	65	0.918958
109	71	0.97563
109	75	0.928726
109	100	1.01966
109	104	1.0389
109	106	0.944875
109	118	1.03143
109	133	0.950027
109	135	1.04584
109	143	0.988497
109	145	0.98075
109	149	1.03643
109	158	1.01154
109	159	0.988719
109	160	0.993784
109	163	0.995867
109	166	1.02082
109	170	0.999256
109	172	1.00096
109	174	0.979987
109	175	1.06268
109	176	1.05207
110	25	1.07894
110	30	1.14812
110	32	0.932384
110	43	1.00882
110	83	0.991591
110	97	0.955178
110	104	0.90669
110	105	0.962922
110	120	0.99335
110	125	0.994262
110	129	1.01317
110	142	1.02109
110	153	0.998609
110	156	1.02722
110	160	1.01537
110	161	1.00129
110	164	1.01103
110	165	0.976794
110	168	1.01683
110	173	0.990984
110	174	1.02468
110	176	0.915886
110	177	1.01749
110	178	0.994658
110	180	0.996013
111	74	1.02116
111	119	1.03473
111	124	0.988623
111	132	0.97407
111	135	1.044
111	139	0.98823
111	140	0.971928
111	146	1.00656
111	150	1.01294
111	154	1.00174
111	155	1.00491
111	156	0.975325
111	157	1.03974
111	164	1.00323
111	165	1.00171
111	167	0.99804
111	169	0.989616
111	170	0.999243
111	171	0.99297
111	172	1.00095
111	174	0.979974
111	177	0.995572
111	178	0.991794
111	179	0.984797
111	180	1.01248
112	5	1.02099
112	68	0.900221
112	83	1.00449
112	95	0.975853
112	105	1.07361
112	119	1.04278
112	122	1.01443
112	134	0.983415
112	139	0.992319
112	141	0.973859
112	142	0.998469
112	144	0.969035
112	150	1.01703
112	154	1.00583
112	156	0.979415
112	157	1.04383
112	162	0.999743
112	167	1.00213
112	169	0.993705
112	171	1.00102
112	172	1.009
112	177	1.00362
112	178	0.995883
112	179	0.988886
112	180	1.02053
113	16	1.03082
113	50	1.14756
113	53	1.01272
113	71	1.20236
113	90	1.05678
113	94	0.88367
113	99	1.14969
113	106	1.17967
113	121	1.07551
113	123	1.14234
113	136	0.952482
113	137	0.92353
113	138	0.919748
113	141	0.918253
113	148	0.950703
113	149	0.983071
113	150	0.961421
113	151	0.912722
113	167	0.946523
113	168	0.945463
113	169	0.9381
113	171	0.944638
113	177	0.946119
113	178	0.940278
113	179	0.93328
114	24	0.985274
114	27	0.973637
114	37	0.965391
114	52	0.964759
114	57	1.03364
114	60	1.02912
114	78	0.955126
114	84	1.01034
114	94	0.951714
114	96	1.03061
114	98	1.015
114	103	0.906279
114	107	0.999791
114	119	1.081
114	120	1.06106
114	131	1.03214
114	136	1.02053
114	137	0.991574
114	138	0.987792
114	148	1.01875
114	149	0.989221
114	152	1.0447
114	173	1.04499
114	177	1.04184
114	179	0.87303
115	81	0.968535
115	92	0.980523
115	119	1.08044
115	125	1.0495
115	127	1.01987
115	130	1.04852
115	140	0.951079
115	141	0.94892
115	142	0.973531
115	144	1.0067
115	145	1.04573
115	149	0.988664
115	150	0.992088
115	153	1.05058
115	154	0.980888
115	155	0.984063
115	156	0.954476
115	162	0.974805
115	165	0.980863
115	166	1.06652
115	167	0.97719
115	169	0.968767
115	176	1.02938
115	178	0.970945
115	179	0.963947
115	180	1.0582
116	3	1.21465
116	32	0.960314
116	73	1.03099
116	79	0.943981
116	90	0.976714
116	119	0.959761
116	121	0.995447
116	124	0.981417
116	129	0.992546
116	135	0.961601
116	142	1.04902
116	147	0.993537
116	151	0.963473
116	153	0.977989
116	158	0.966633
116	162	1.01741
116	164	0.990413
116	166	0.984037
116	168	0.996213
116	169	1.01919
116	171	0.995389
116	172	0.99129
116	175	1.06007
116	176	0.943816
116	177	0.99687
116	178	1.02259
116	179	1.0285
116	180	0.975393
117	9	0.987177
117	38	1.01777
117	50	0.934031
117	66	1.05868
117	77	1.13093
117	96	0.985016
117	100	0.95345
117	106	0.913968
117	126	0.975881
117	132	1.08362
117	136	0.974934
117	137	0.945982
117	138	0.9422
117	139	1.05686
117	142	1.05835
117	143	0.957589
117	148	0.973155
117	150	1.02382
117	152	0.974033
117	154	1.02598
117	156	1.06448
117	159	0.957812
117	161	0.95237
117	167	1.02437
117	169	1.02852
117	174	0.975762
117	175	1.03177
117	178	1.03192
117	180	0.947095
118	31	0.986876
118	56	0.938044
118	59	1.21569
118	69	0.95792
118	75	1.12938
118	82	0.973466
118	109	1.03143
118	120	0.955065
118	129	0.974882
118	138	1.0955
118	143	1.06313
118	144	0.991766
118	151	0.945808
118	152	0.984667
118	158	0.948968
118	160	0.977084
118	161	0.963004
118	164	0.972749
118	167	1.02299
118	169	1.02714
118	170	0.975593
118	171	0.977724
118	172	0.973626
118	173	0.952699
118	176	0.951765
118	177	0.979205
118	178	1.03054
118	179	1.03645
118	180	0.957728
119	10	1.00162
119	45	1.04446
119	50	1.07875
119	56	0.936568
119	79	0.924841
119	85	0.985756
119	92	1.05082
119	97	0.915417
119	106	1.11087
119	111	1.03473
119	112	1.04278
119	114	1.081
119	115	1.08044
119	116	0.959761
119	134	1.04109
119	144	0.990291
119	146	0.958259
119	147	0.974397
119	151	0.944333
119	153	0.958849
119	160	0.975609
119	166	0.964897
119	168	0.977073
119	169	1.03045
119	170	0.974118
119	174	0.98492
119	175	1.04093
119	177	0.97773
119	180	0.956253
120	23	0.958062
120	35	0.966333
120	37	1.03919
120	40	0.953171
120	59	1.19906
120	79	0.93781
120	82	0.984959
120	86	0.996651
120	110	0.99335
120	114	1.06106
120	118	0.955065
120	126	0.99861
120	132	1.06561
120	133	1.10514
120	134	1.02114
120	146	0.971228
120	147	0.987367
120	151	0.957302
120	155	1.00738
120	158	0.960462
120	160	0.988578
120	161	0.974497
120	164	0.984242
120	165	0.996039
120	166	0.977866
120	170	0.987087
120	172	0.98512
120	174	0.997889
120	177	0.990699
120	179	1.01982
120	180	0.969222
121	13	0.943807
121	16	1.05619
121	31	1.07863
121	34	0.929982
121	35	1.07764
121	55	0.837565
121	65	0.957571
121	71	1.01424
121	75	0.967339
121	103	0.831986
121	104	1.07751
121	106	0.983488
121	108	1.03432
121	113	1.07551
121	116	0.995447
121	125	0.975768
121	126	1.0454
121	133	0.98864
121	135	1.08446
121	143	1.02711
121	145	1.01936
121	149	1.07504
121	152	0.970409
121	157	0.86204
121	163	0.967832
121	166	0.992786
121	173	1.01159
121	174	0.951951
121	175	1.10129
121	176	1.09069
121	180	0.984462
122	3	1.19757
122	18	0.955795
122	28	0.954938
122	50	1.05041
122	67	0.990208
122	84	1.01046
122	88	1.03063
122	96	1.04567
122	108	0.939123
122	112	1.01443
122	129	0.981688
122	140	1.0446
122	143	1.03809
122	147	0.982679
122	151	0.952615
122	154	0.999567
122	158	0.955775
122	160	0.983891
122	161	0.96981
122	162	1.00033
122	164	0.979555
122	166	0.973179
122	167	0.997954
122	169	1.0021
122	170	0.982399
122	171	0.984531
122	172	0.980432
122	174	0.993201
122	175	1.04921
122	177	0.986011
122	180	0.964535
123	2	1.04753
123	4	1.02391
123	12	1.01475
123	15	1.03201
123	19	0.977048
123	29	1.06958
123	39	0.921237
123	42	1.01867
123	51	1.08503
123	55	0.904399
123	59	0.91736
123	61	1.01871
123	64	1.02355
123	66	1.00885
123	76	1.02678
123	87	0.811534
123	90	1.04839
123	99	0.986285
123	103	0.89882
123	113	1.14234
123	124	1.02743
123	142	0.886085
123	144	0.999797
123	145	0.994445
123	157	0.928874
123	159	1.00241
123	163	0.983438
123	164	1.04204
123	166	1.05962
123	171	1.03178
123	172	1.03976
123	173	1.03753
124	21	0.962422
124	24	1.09655
124	52	1.09241
124	60	0.977838
124	63	1.14337
124	66	1.01451
124	73	1.03351
124	76	0.933708
124	80	0.997403
124	111	0.988623
124	116	0.981417
124	123	1.02743
124	125	0.976158
124	129	0.995063
124	130	0.997278
124	142	1.01417
124	146	0.979916
124	147	0.996054
124	150	0.979641
124	151	0.965989
124	152	1.00485
124	156	1.0203
124	160	0.997265
124	161	0.983184
124	163	0.96965
124	166	0.986553
124	168	0.998729
124	170	0.995774
124	171	0.997905
124	172	0.993807
124	174	1.00658
124	176	0.908968
124	180	0.977909
125	2	1.02596
125	23	0.958974
125	63	1.15853
125	67	0.987613
125	68	1.00596
125	84	1.00787
125	89	0.961403
125	91	0.99662
125	102	1.05472
125	107	1.01875
125	110	0.994262
125	115	1.0495
125	121	0.975768
125	124	0.976158
125	126	0.987616
125	127	1.00511
125	130	0.989502
125	147	0.988278
125	152	0.997072
125	153	0.97273
125	156	1.03547
125	160	0.98949
125	162	0.997735
125	164	0.985154
125	169	0.99951
125	170	0.987998
125	172	0.986031
125	174	0.9988
125	176	0.924137
125	177	0.99161
125	178	1.00291
125	179	1.00882
125	180	0.970133
126	13	0.927864
126	31	1.06268
126	32	1.05664
126	35	1.0617
126	45	1.01697
126	46	1.0265
126	50	0.987608
126	54	1.06211
126	71	0.998299
126	102	0.994312
126	106	0.967544
126	117	0.975881
126	120	0.99861
126	121	1.0454
126	125	0.987616
126	127	0.957978
126	130	0.986635
126	131	0.901317
126	133	0.972697
126	135	1.06851
126	143	1.01117
126	144	0.944811
126	149	1.0591
126	157	0.873887
126	159	1.01139
126	163	0.979679
126	166	1.00463
126	168	0.981578
126	171	0.976794
126	173	0.995642
126	174	0.963799
126	175	1.08535
126	176	1.07474
126	180	0.996309
127	7	0.942383
127	21	0.991378
127	51	0.905459
127	68	1.04269
127	71	1.07298
127	85	1.03637
127	95	1.0337
127	98	0.956564
127	101	0.995872
127	102	1.02508
127	104	0.885303
127	115	1.01987
127	125	1.00511
127	126	0.957978
127	139	0.99821
127	143	1.00586
127	144	1.0409
127	147	1.02501
127	151	0.994946
127	153	1.00946
127	154	0.967334
127	158	0.998106
127	161	1.01214
127	164	1.02189
127	166	1.01551
127	167	0.965721
127	168	1.02769
127	170	1.02473
127	171	1.02686
127	172	1.02276
127	174	1.03553
127	176	0.894499
127	177	1.02834
127	180	1.00687
128	1	1.02578
128	6	0.96513
128	20	0.963699
128	67	1.0158
128	73	0.950341
128	86	1.00042
128	87	1.05145
128	88	0.966046
128	97	1.11546
128	108	1.06857
128	132	0.985128
128	134	0.990382
128	138	0.892036
128	139	0.999287
128	140	0.982986
128	141	0.980826
128	145	1.00625
128	153	1.0111
128	154	1.01279
128	155	1.01597
128	156	0.986382
128	159	1.00364
128	161	1.0214
128	162	1.00671
128	163	0.978956
128	165	1.01277
128	167	1.0091
128	168	1.00398
128	169	1.00067
128	173	0.982187
128	174	0.986202
128	177	1.0018
128	178	1.00285
128	179	0.995854
128	180	1.01871
129	25	1.10263
129	32	0.956071
129	33	0.95841
129	35	0.970775
129	44	1.02432
129	45	1.02896
129	48	1.00349
129	80	1.02801
129	83	1.01528
129	87	0.970223
129	88	1.05514
129	95	1.01588
129	100	0.995394
129	105	0.955947
129	110	1.01317
129	116	0.992546
129	118	0.974882
129	122	0.981688
129	124	0.995063
129	135	0.957358
129	144	1.02308
129	146	0.991045
129	151	0.977118
129	153	0.991635
129	154	1.01241
129	160	1.00839
129	161	0.994314
129	167	1.0108
129	171	1.00903
129	172	1.00494
129	174	1.01771
129	176	0.939573
129	177	1.01052
129	178	1.01834
129	180	0.989038
130	1	0.966866
130	22	0.971706
130	26	1.04523
130	35	0.954358
130	49	0.971804
130	74	0.957368
130	91	1.01774
130	93	0.888525
130	94	1.14135
130	100	0.997609
130	115	1.04852
130	124	0.997278
130	125	0.989502
130	126	0.986635
130	135	0.940941
130	139	1.02687
130	140	1.04103
130	144	1.02529
130	146	0.99326
130	147	1.0094
130	152	1.01819
130	155	0.995408
130	158	0.982494
130	159	1.00197
130	160	1.01061
130	161	0.996529
130	162	0.996754
130	163	0.982995
130	164	1.00627
130	166	0.999898
130	170	1.00912
130	172	1.00715
130	174	1.01992
130	178	1.00193
130	180	0.991254
131	4	0.878754
131	13	1.20011
131	31	0.872949
131	42	0.991956
131	45	1.02764
131	52	0.983414
131	53	0.82668
131	61	0.933023
131	65	1.09133
131	75	1.01546
131	88	1.07744
131	93	0.803207
131	98	1.03365
131	99	0.963645
131	102	0.968419
131	106	0.993631
131	114	1.03214
131	126	0.901317
131	133	1.00785
131	136	1.03918
131	137	1.01023
131	142	1.02956
131	143	0.949199
131	148	1.0374
131	150	1.04812
131	155	1.04009
131	160	1.0307
131	161	1.01662
131	163	1.00308
131	164	1.02636
131	167	1.03322
131	168	1.03216
131	169	1.0248
131	172	1.02724
131	178	1.02698
131	179	1.01998
132	5	1.01054
132	37	0.969945
132	38	0.955671
132	63	0.906072
132	77	0.936226
132	81	0.983023
132	86	0.983
132	111	0.97407
132	117	1.08362
132	120	1.06561
132	128	0.985128
132	134	0.972963
132	139	0.981868
132	140	0.965567
132	145	1.05084
132	149	0.993775
132	150	1.00658
132	153	1.05569
132	154	0.995375
132	155	0.99855
132	156	0.968963
132	158	1.06235
132	161	1.06599
132	162	0.989292
132	165	0.995351
132	167	0.991678
132	169	0.983254
132	171	1.04379
132	173	0.964768
132	174	1.0308
132	175	0.926613
132	176	1.04387
132	177	1.0464
132	178	0.985432
132	179	0.978435
132	180	1.06331
133	13	0.871102
133	31	1.00592
133	32	0.999881
133	33	1.01379
133	35	1.00494
133	45	0.960206
133	46	0.969739
133	49	1.15512
133	50	0.930846
133	55	0.955941
133	58	0.990997
133	65	0.884865
133	71	0.941537
133	75	0.894634
133	85	1.09167
133	89	1.14452
133	103	0.950362
133	104	1.00481
133	106	0.910783
133	109	0.950027
133	120	1.10514
133	121	0.98864
133	126	0.972697
133	131	1.00785
133	138	0.976161
133	143	0.954404
133	145	0.946658
133	149	1.00234
133	152	1.08878
133	157	0.980416
133	159	0.954627
133	163	1.08621
133	168	1.08811
133	172	1.0913
133	175	1.02859
133	176	1.01798
133	177	1.08592
134	17	1.05302
134	62	1.00781
134	77	0.941481
134	79	1.10977
134	80	0.983081
134	100	1.02601
134	101	0.978368
134	103	1.02805
134	112	0.983415
134	119	1.04109
134	120	1.02114
134	128	0.990382
134	132	0.972963
134	139	0.987123
134	140	0.970821
134	141	0.968662
