1	22	1.01089
1	45	0.640243
1	117	1.04658
1	123	1.1095
1	137	1.70561
1	156	1.57366
1	164	1.05461
1	170	1.05863
1	172	1.06762
1	174	0.832746
1	178	1.06713
1	180	2.51941
2	15	1.23046
2	69	0.958589
2	85	0.933458
2	132	0.822718
2	135	0.813886
2	142	0.791943
2	147	0.839422
2	151	1.12853
2	167	0.740068
2	176	0.722341
2	179	0.711744
2	180	0.690882
3	26	1.21566
3	72	0.979826
3	101	1.03265
3	122	1.04603
3	124	1.38147
3	129	1.00943
3	151	1.02693
3	152	1.00897
3	161	1.04687
3	164	1.02407
3	175	2.85627
3	178	1.0366
4	102	1.05044
4	111	0.716043
4	126	0.834045
4	127	0.89526
4	152	1.25473
4	158	0.786598
4	166	0.743239
4	171	0.730162
4	172	0.935588
4	173	0.726142
4	177	0.72043
4	178	1.00313
5	77	0.966957
5	88	0.830216
5	96	0.711182
5	104	0.904151
5	106	0.873906
5	124	0.791493
5	127	0.847135
5	133	1.12345
5	151	1.04622
5	157	1.01978
5	168	0.61523
5	169	0.66358
6	20	1.05838
6	112	0.927578
6	138	1.36821
6	142	1.77473
6	151	1.05531
6	161	1.07526
6	164	1.05246
6	170	1.05648
6	172	1.06547
6	174	0.830599
6	178	1.06498
6	179	2.37064
7	18	0.755089
7	93	0.615798
7	143	1.12501
7	146	0.170867
7	148	1.04724
7	155	0.241967
7	159	1.05146
7	162	1.05851
7	164	0.316653
7	165	0.99643
7	169	0.974401
7	180	0.946174
8	14	1.15666
8	21	0.835379
8	38	0.834721
8	68	0.961303
8	119	1.14811
8	134	0.799801
8	136	0.881314
8	162	0.788825
8	169	0.704715
8	172	0.894823
8	173	0.719152
8	180	0.676488
9	44	1.03574
9	64	0.833135
9	117	1.1251
9	144	1.31606
9	148	1.87366
9	152	1.01203
9	154	1.01341
9	164	1.02714
9	167	2.34233
9	170	1.03116
9	172	1.04015
9	178	1.03966
10	33	1.06225
10	45	1.0497
10	64	1.16407
10	122	1.04246
10	138	1.66065
10	154	1.00677
10	155	1.0397
10	164	1.0205
10	170	1.02453
10	172	1.03352
10	173	2.54063
10	178	1.03303
11	48	1.21635
11	68	0.775556
11	117	1.06814
11	140	1.0164
11	151	1.02103
11	155	1.03738
11	161	1.04098
11	170	1.02221
11	172	1.0312
11	173	2.15273
11	176	2.25379
11	178	1.03071
12	110	0.547197
12	128	1.02139
12	152	1.01458
12	154	1.01595
12	156	1.13177
12	158	1.25288
12	164	1.02968
12	167	1.82192
12	168	2.7293
12	170	1.03371
12	172	1.0427
12	178	1.04221
13	95	1.05019
13	102	0.941142
13	124	1.47306
13	130	0.944196
13	152	1.01819
13	155	1.0525
13	156	2.02945
13	159	1.98055
13	161	1.0561
13	170	1.03733
13	172	1.04632
13	178	1.04582
14	8	1.15666
14	74	0.761367
14	98	0.821865
14	140	1.05354
14	143	1.08186
14	155	1.07453
14	162	1.6375
14	164	1.05533
14	170	1.05935
14	172	1.06834
14	176	2.30399
14	178	1.06785
15	2	1.23046
15	31	0.577826
15	97	0.888167
15	133	1.06327
15	151	1.0256
15	152	1.00764
15	154	1.00901
15	164	1.02275
15	167	2.20153
15	172	1.03576
15	177	2.05944
15	178	1.03527
16	44	0.812417
16	116	1.01529
16	129	0.713315
16	138	0.963746
16	142	0.901142
16	145	0.981375
16	152	0.724052
16	166	0.859841
16	172	0.40491
16	173	0.842744
16	177	0.837032
16	180	0.800081
17	65	0.935666
17	73	0.97173
17	119	0.95102
17	128	0.914457
17	138	1.357
17	145	1.31323
17	150	0.892119
17	166	1.91832
17	168	0.669317
17	172	0.935763
17	178	0.935271
17	179	2.35943
18	7	0.755089
18	45	1.03819
18	96	0.820012
18	133	1.01801
18	134	1.8519
18	139	1.74669
18	155	0.996687
18	157	1.00212
18	161	1.00029
18	162	1.96369
18	170	0.981514
18	172	0.990505
18	178	0.990013
19	98	0.912863
19	114	0.584187
19	132	0.182394
19	145	1.09431
19	148	1.01408
19	154	0.602081
19	159	1.01831
19	164	0.611931
19	169	0.941247
19	171	0.959704
19	175	0.914499
19	176	0.944479
19	178	0.529883
20	6	1.05838
20	52	0.866627
20	100	0.987486
20	108	0.805708
20	120	0.817576
20	135	0.919864
20	137	0.910857
20	154	0.891024
20	173	0.839523
20	176	0.828318
20	177	0.833811
20	179	0.817722
20	180	0.79686
21	8	0.835379
21	24	1.29702
21	28	0.711147
21	69	0.975226
21	81	0.996528
21	95	1.06753
21	147	0.856059
21	152	0.686191
21	157	0.366481
21	162	0.819855
21	165	0.757775
21	173	0.750183
21	177	0.74447
22	1	1.01089
22	59	0.702394
22	81	0.720695
22	130	0.88242
22	133	1.01204
22	152	0.956417
22	158	1.70314
22	161	0.994321
22	162	1.57412
22	168	3.17956
22	170	0.975549
22	172	0.98454
22	178	0.984048
23	52	0.952646
23	63	1.03816
23	74	1.15529
23	115	0.315592
23	119	0.723386
23	122	0.525271
23	139	1.0119
23	161	0.412798
23	166	0.942639
23	173	0.925542
23	174	0.894325
23	175	0.884357
23	178	0.537641
24	21	1.29702
24	35	0.90602
24	45	1.38013
24	56	0.964664
24	88	0.951197
24	104	1.02513
24	112	1.55045
24	118	1.37667
24	143	1.75
24	150	0.959011
24	170	0.993665
24	172	1.00266
24	178	1.00216
25	59	0.76205
25	70	1.00506
25	91	1.02052
25	116	0.997289
25	119	1.02093
25	140	0.990873
25	141	1.96089
25	154	0.978923
25	165	1.97267
25	172	1.00567
25	174	0.770796
25	177	2.18975
25	178	1.00518
26	3	1.21566
26	98	0.790671
26	119	0.914659
26	126	0.941395
26	134	0.914141
26	141	0.871438
26	142	0.89189
26	154	0.801112
26	158	0.893948
26	159	0.896115
26	172	0.661367
26	179	0.81169
26	180	0.790828
27	38	0.866308
27	39	1.05366
27	73	1.18783
27	80	1.05167
27	90	0.594758
27	111	2.74706
27	120	1.09326
27	131	1.14488
27	144	1.04802
27	146	1.14806
27	149	1.1572
27	150	1.10821
27	176	2.04271
28	21	0.711147
28	42	0.716744
28	123	1.02941
28	130	0.885413
28	152	0.95941
28	157	0.999143
28	159	1.67877
28	164	0.974516
28	166	1.96653
28	170	0.978542
28	172	0.987532
28	177	2.27574
28	178	0.98704
29	117	0.932299
29	126	0.928664
29	132	0.58984
29	136	0.982923
29	146	0.474234
29	154	1.00953
29	162	0.890434
29	166	0.837858
29	170	0.965998
29	171	0.824781
29	175	0.779576
29	176	0.809556
29	177	0.815049
30	53	0.914395
30	85	1.11646
30	99	0.681198
30	119	0.43083
30	121	0.926987
30	138	1.03754
30	141	0.954489
30	145	1.05517
30	170	0.273755
30	171	0.920562
30	173	0.916542
30	175	0.875357
30	178	0.245085
31	15	0.577826
31	37	1.19949
31	82	0.86176
31	112	1.15775
31	114	0.571878
31	152	0.769169
31	154	0.589772
31	158	0.958542
31	160	0.980284
31	163	0.90194
31	169	0.88365
31	170	0.546244
31	175	0.856901
32	91	0.727914
32	117	1.03237
32	132	0.194993
32	134	1.00149
32	138	1.04184
32	143	1.05701
32	147	1.02671
32	151	0.500807
32	154	0.614679
32	168	0.85805
32	169	0.906401
32	172	0.474934
32	180	0.878174
33	10	1.06225
33	57	1.16862
33	62	0.404401
33	67	1.06602
33	76	1.04588
33	102	1.15212
33	131	0.926679
33	161	0.405415
33	163	0.831675
33	171	0.831842
33	175	0.786637
33	176	0.816617
33	177	0.82211
33	178	0.530259
34	39	1.06747
34	50	0.817772
34	98	0.768851
34	111	0.801573
34	112	1.07133
34	148	0.870072
34	160	0.893869
34	165	0.819265
34	170	0.833355
34	172	0.737139
34	173	0.811672
34	177	0.80596
34	179	0.78987
34	180	0.769008
35	24	0.90602
35	117	1.07683
35	140	0.929837
35	141	1.92311
35	148	1.82539
35	152	0.916514
35	153	1.25622
35	154	0.917887
35	155	0.950818
35	161	0.954418
35	163	2.21468
35	170	0.935646
35	172	0.944636
35	178	0.944144
36	64	0.735938
36	97	0.733305
36	127	0.689192
36	130	0.621613
36	134	0.600723
36	141	0.55802
36	145	0.658705
36	146	5.05588
36	148	0.578474
36	151	0.713566
36	158	0.58053
36	172	0.723732
36	174	0.488856
36	178	0.72324
37	31	1.19949
37	59	1.15801
37	70	0.558263
37	78	1.1856
37	82	0.89903
37	104	0.539984
37	135	1.0157
37	144	1.09332
37	149	0.261743
37	150	0.203652
37	152	0.529482
37	155	0.285248
37	171	0.939376
37	179	0.913555
38	8	0.834721
38	27	0.866308
38	95	1.06687
38	102	1.07383
38	118	0.97493
38	129	1.17415
38	154	1.00549
38	155	0.940656
38	165	0.757117
38	171	0.753544
38	173	0.749524
38	176	0.738319
38	177	0.743812
38	180	0.706861
39	27	1.05366
39	34	1.06747
39	46	0.927945
39	56	0.90508
39	84	0.924917
39	105	0.871705
39	113	0.937042
39	130	1.41036
39	139	1.48899
39	143	1.15035
39	146	0.939274
39	149	0.948413
39	150	0.899428
39	175	2.63231
40	57	0.862175
40	69	1.19335
40	119	1.00613
40	123	1.03275
40	124	1.4125
40	133	1.01838
40	139	1.74398
40	145	1.60266
40	157	1.00248
40	161	1.00065
40	164	0.977855
40	170	0.981881
40	171	2.39529
40	172	0.990872
40	178	0.99038
41	57	0.751634
41	81	0.997014
41	91	1.01605
41	133	1.0287
41	136	1.33364
41	140	0.986402
41	154	0.974451
41	156	1.85835
41	158	1.97946
41	161	1.01098
41	164	0.988184
41	170	0.99221
41	171	2.28475
41	172	1.0012
41	178	1.00071
42	28	0.716744
42	93	0.821386
42	94	1.13923
42	97	1.14048
42	121	0.937689
42	122	0.427823
42	134	1.00789
42	140	0.530295
42	148	0.985645
42	150	0.365959
42	155	0.447555
42	156	1.01852
42	171	0.931264
42	173	0.927244
42	176	0.916039
43	71	1.0923
43	75	0.770242
43	92	1.04765
43	96	1.70853
43	106	1.02941
43	115	1.01359
43	120	0.978581
43	131	1.38089
43	141	1.93934
43	142	1.70419
43	146	1.03338
43	149	1.04252
43	150	0.993534
43	158	1.74125
43	168	0.770733
44	9	1.03574
44	16	0.812417
44	49	1.01896
44	90	1.00171
44	127	1.38265
44	147	1.57146
44	152	1.00874
44	153	1.4434
44	154	1.01011
44	164	1.02385
44	167	2.48124
44	170	1.02787
44	172	1.03686
44	174	0.801987
44	178	1.03637
45	1	0.640243
45	10	1.0497
45	18	1.03819
45	24	1.38013
45	102	1.23887
45	115	0.295656
45	121	0.925012
45	135	0.994908
45	153	1.08145
45	158	0.975023
45	160	0.996765
45	162	0.98424
45	166	0.931664
45	175	0.873382
45	178	0.517705
46	39	0.927945
46	47	1.34809
46	55	0.782167
46	57	1.16328
46	70	1.02553
46	85	0.988287
46	97	1.16879
46	108	1.05843
46	113	1.02012
46	120	0.967549
46	121	2.20883
46	132	1.04211
46	149	1.03149
46	168	0.7597
46	174	2.74242
47	46	1.34809
47	63	0.797226
47	88	1.20705
47	100	0.832568
47	106	0.821697
47	108	0.994096
47	131	0.783463
47	156	0.775881
47	157	0.899875
47	161	0.898045
47	166	0.701702
47	170	0.879273
47	172	0.888264
47	178	0.887772
47	179	0.662804
48	11	1.21635
48	63	0.828025
48	75	1.01176
48	107	0.95561
48	117	0.826942
48	126	0.823308
48	137	0.786738
48	145	0.854036
48	156	0.806681
48	161	0.947416
48	164	1.15431
48	173	0.715405
48	177	0.709693
48	178	1.07226
48	179	0.693603
49	44	1.01896
49	67	0.817342
49	93	0.947578
49	130	0.921254
49	135	1.50321
49	142	1.74775
49	153	1.31601
49	154	0.996624
49	157	1.03498
49	159	1.6148
49	161	1.03315
49	164	1.01036
49	170	1.01438
49	173	2.22121
49	178	1.02288
50	34	0.817772
50	80	0.953458
50	92	1.06412
50	106	1.04588
50	112	0.70111
50	117	0.96153
50	132	1.06962
50	135	1.30372
50	146	1.04985
50	149	1.05899
50	150	1.01001
50	160	1.43818
50	168	0.787205
50	173	2.02172
50	174	2.41463
51	58	0.943181
51	60	0.951786
51	68	0.931077
51	74	0.866693
51	126	1.27341
51	140	1.00306
51	151	1.00769
51	153	1.40305
51	155	1.02404
51	157	1.02946
51	164	1.00484
51	172	1.01785
51	173	2.30825
51	178	1.01736
51	179	2.4307
52	20	0.866627
52	23	0.952646
52	77	0.949999
52	90	0.963189
52	92	1.12748
52	100	0.809022
52	131	0.759916
52	140	1.14369
52	145	0.79969
52	146	0.590495
52	153	0.827942
52	160	0.743256
52	163	0.664912
52	167	0.667582
52	172	0.986043
53	30	0.914395
53	57	1.01372
53	61	0.963557
53	110	1.53586
53	118	1.18355
53	124	1.56404
53	128	1.0157
53	151	1.02684
53	155	1.04319
53	161	1.04679
53	165	2.45142
53	170	1.02802
53	172	1.03701
53	174	0.802134
53	178	1.03652
54	89	0.304
54	91	0.798268
54	114	0.667138
54	129	0.853693
54	137	0.959526
54	145	1.02682
54	164	0.694882
54	165	0.895785
54	167	0.894715
54	171	0.892212
54	174	0.856975
54	175	0.847007
54	176	0.876988
54	177	0.88248
54	179	0.866391
55	46	0.782167
55	58	0.306624
55	60	1.17307
55	111	0.953354
55	139	1.04981
55	149	0.425147
55	164	0.523338
55	167	0.969976
55	170	0.46996
55	171	0.967473
55	173	0.963454
55	175	0.922269
55	176	0.952249
55	177	0.957741
55	179	0.941652
55	180	0.92079
56	24	0.964664
56	39	0.90508
56	84	0.985126
56	88	0.951822
56	111	2.49659
56	117	0.91116
56	120	0.944684
56	124	0.913099
56	132	1.01925
56	139	0.908753
56	146	0.999483
56	148	1.35515
56	149	1.00862
56	160	1.10764
56	173	1.69118
56	174	2.08408
57	33	1.16862
57	40	0.862175
57	41	0.751634
57	46	1.16328
57	53	1.01372
57	61	0.78518
57	88	1.12695
57	110	1.09444
57	146	1.17461
57	155	0.351769
57	156	1.06603
57	161	0.219564
57	168	0.911963
57	172	0.27686
57	176	0.963545
57	180	0.932086
58	51	0.943181
58	55	0.306624
58	60	0.900531
58	91	0.981447
58	101	0.749411
58	133	0.994103
58	151	0.956433
58	153	0.968769
58	157	0.97821
58	164	0.953582
58	167	2.00661
58	168	2.91399
58	169	2.15291
58	170	0.957608
58	172	0.966599
58	178	0.966107
59	22	0.702394
59	25	0.76205
59	37	1.15801
59	126	0.964508
59	128	0.713241
59	134	0.937254
59	135	0.936946
59	138	0.977607
59	144	1.01457
59	148	0.915006
59	152	0.823082
59	160	0.938803
59	162	0.926278
59	164	0.653534
59	170	0.600156
59	179	0.834804
60	51	0.951786
60	55	1.17307
60	58	0.900531
60	68	1.36324
60	85	1.37919
60	95	1.20364
60	102	1.09459
60	128	0.953898
60	133	1.00271
60	151	0.965038
60	152	0.947081
60	164	0.962187
60	170	0.966213
60	172	0.975204
60	178	0.974712
60	179	2.86287
61	53	0.963557
61	57	0.78518
61	110	1.30732
61	118	0.955019
61	129	0.940155
61	133	0.995323
61	136	1.36719
61	151	0.957653
61	152	0.939696
61	154	0.94107
61	157	0.97943
61	164	0.954802
61	165	2.22288
61	170	0.958828
61	172	0.967819
61	177	2.43996
62	33	0.404401
62	63	1.18487
62	76	1.06195
62	97	0.702058
62	105	1.04642
62	111	2.68819
62	137	1.45721
62	150	1.07414
62	154	1.09103
62	155	1.12396
62	156	1.32527
62	161	1.12756
62	168	0.851336
62	170	1.10879
62	173	1.88278
62	178	1.11729
63	23	1.03816
63	47	0.797226
63	48	0.828025
63	62	1.18487
63	125	0.808581
63	132	0.963243
63	141	0.784522
63	144	0.904536
63	149	1.29459
63	159	0.809198
63	167	0.753098
63	168	0.683788
63	170	1.3394
63	173	0.746575
63	177	0.740863
63	180	0.703912
64	9	0.833135
64	10	1.16407
64	36	0.735938
64	66	1.06904
64	120	0.994881
64	128	0.773835
64	146	1.04968
64	149	1.05882
64	150	1.00983
64	159	0.912442
64	161	0.507238
64	164	0.714128
64	166	0.866916
64	170	0.66075
64	173	0.84982
64	177	0.844107
64	180	0.807156
65	17	0.935666
65	66	1.05674
65	78	0.765778
65	106	1.03341
65	113	1.03515
65	115	1.01759
65	120	0.982578
65	130	1.27428
65	132	1.05714
65	144	1.24171
65	145	1.21159
65	146	1.03738
65	147	1.3582
65	149	1.04652
65	150	0.99753
65	163	2.1886
65	174	2.52824
66	64	1.06904
66	65	1.05674
66	94	0.817153
66	100	1.03669
66	105	0.985473
66	108	1.08912
66	113	1.05081
66	115	1.03325
66	120	0.998242
66	130	1.14362
66	132	1.07281
66	146	1.05304
66	148	1.66865
66	159	1.39826
66	168	0.790393
66	174	2.39758
66	176	2.10574
67	33	1.06602
67	49	0.817342
67	68	1.1143
67	73	0.954931
67	141	0.910099
67	147	0.97803
67	148	0.930553
67	149	0.588621
67	150	0.53053
67	156	0.963428
67	157	0.53665
67	164	0.686812
67	175	0.830967
67	176	0.860948
67	177	0.86644
67	179	0.850351
67	180	0.829489
68	8	0.961303
68	11	0.775556
68	51	0.931077
68	60	1.36324
68	67	1.1143
68	84	0.85273
68	131	0.974963
68	138	0.997109
68	155	0.638822
68	159	0.938729
68	165	0.883699
68	166	0.893203
68	167	0.882629
68	175	0.834921
68	176	0.864902
68	178	0.63146
68	179	0.854305
69	2	0.958589
69	21	0.975226
69	40	1.19335
69	118	1.08441
69	123	0.783351
69	128	0.81734
69	132	0.328098
69	137	0.930333
69	155	0.682948
69	158	0.919455
69	159	0.921622
69	163	0.862852
69	168	0.796212
69	169	0.844562
69	170	0.704256
69	177	0.853287
69	179	0.837198
69	180	0.816336
70	25	1.00506
70	37	0.558263
70	46	1.02553
70	76	0.984828
70	78	0.919457
70	144	1.39538
70	145	1.36527
70	146	1.03686
70	150	0.997014
70	153	1.38381
70	155	1.04684
70	157	1.05227
70	168	0.774212
70	170	1.03167
70	172	1.04066
70	174	0.805782
70	176	2.39007
70	179	2.41147
71	43	1.0923
71	80	0.996198
71	83	0.164522
71	93	0.746227
71	99	0.801147
71	105	1.02502
71	106	1.08862
71	120	1.03779
71	123	0.472799
71	129	0.605893
71	136	1.05489
71	159	0.955355
71	166	0.909829
71	171	0.896752
71	172	0.297487
71	173	0.892732
71	175	0.851547
71	178	0.365034
72	3	0.979826
72	98	0.88689
72	119	0.678827
72	134	1.01036
72	136	1.09187
72	137	1.00104
72	140	0.583184
72	141	0.967656
72	143	1.06589
72	144	1.08767
72	157	0.424968
72	161	0.368239
72	169	0.915273
72	170	0.521752
72	171	0.93373
72	172	0.425535
72	176	0.918505
72	177	0.923998
73	17	0.97173
73	27	1.18783
73	67	0.954931
73	74	0.917244
73	78	0.989247
73	100	1.39082
73	105	1.00587
73	106	1.06947
73	113	1.07121
73	115	1.05365
73	120	1.01864
73	130	1.49774
73	132	1.09321
73	136	1.27658
73	147	1.58167
73	149	1.08258
73	150	1.03359
73	168	0.810793
73	174	2.75171
74	14	0.761367
74	23	1.15529
74	51	0.866693
74	73	0.917244
74	104	0.829175
74	110	0.983388
74	126	0.971604
74	128	0.708831
74	131	0.962558
74	136	1.02586
74	139	0.950059
74	143	0.999877
74	149	0.550934
74	152	0.818672
74	156	0.954977
74	167	0.870224
74	174	0.832483
74	177	0.857989
74	179	0.8419
75	43	0.770242
75	48	1.01176
75	92	0.675112
75	96	0.963474
75	120	0.599975
75	140	0.691326
75	143	1.06648
75	147	1.03619
75	151	0.55955
75	161	0.476382
75	163	0.934161
75	165	0.937901
75	168	0.867521
75	171	0.934328
75	173	0.930308
75	176	0.919103
75	178	0.601225
75	179	0.908507
75	180	0.887644
76	33	1.04588
76	62	1.06195
76	70	0.984828
76	80	0.885249
76	88	0.933983
76	92	0.995911
76	96	2.05514
76	103	1.024
76	107	1.1094
76	108	1.01773
76	110	1.38218
76	115	0.961855
76	116	1.32235
76	120	0.926845
76	146	0.981644
76	149	0.990783
76	150	0.941797
76	168	0.718996
76	175	2.88516
77	5	0.966957
77	52	0.949999
77	110	1.04258
77	123	0.642316
77	126	1.0308
77	127	1.09201
77	140	0.624653
77	151	0.492877
77	157	0.466437
77	163	0.926749
77	164	0.616599
77	166	0.939992
77	168	0.860108
77	172	0.467005
77	174	0.891678
77	175	0.88171
77	177	0.917183
77	178	0.534552
77	179	0.901094
78	37	1.1856
78	65	0.765778
78	70	0.919457
78	73	0.989247
78	85	1.08411
78	119	0.824825
78	123	0.746844
78	136	1.04636
78	139	0.970554
78	141	0.922143
78	162	0.953869
78	165	0.891789
78	166	0.901293
78	171	0.888216
78	172	0.571533
78	174	0.852979
78	175	0.843011
78	178	0.63908
78	179	0.862395
79	80	0.983986
79	84	1.06602
79	86	1.65259
79	104	1.10665
79	105	1.01281
79	108	1.11646
79	113	1.07815
79	117	0.992057
79	125	1.32009
79	132	1.10015
79	138	0.755108
79	144	0.741458
79	149	1.08952
79	150	1.04053
79	168	0.817732
79	169	1.91403
79	171	1.50397
79	174	2.02799
79	180	2.02332
80	27	1.05167
80	50	0.953458
80	71	0.996198
80	76	0.885249
80	79	0.983986
80	84	0.922925
80	86	1.68026
80	96	1.19364
80	106	0.93331
80	111	2.46817
80	112	0.787611
80	113	0.93505
80	132	0.957047
80	146	0.937282
80	149	0.946421
80	150	0.897435
80	165	1.43623
80	174	2.05567
80	179	1.78521
81	21	0.996528
81	22	0.720695
81	41	0.997014
81	101	1.14489
81	108	0.57667
81	142	0.938699
81	145	1.01893
81	152	0.841383
81	153	1.04718
81	154	0.661985
81	158	0.940757
81	159	0.942924
81	165	0.887894
81	169	0.865864
81	171	0.884321
81	172	0.522241
81	177	0.874589
81	178	0.589788
81	179	0.8585
82	31	0.86176
82	37	0.89903
82	93	0.725492
82	96	0.630795
82	106	2.12258
82	111	0.58753
82	132	1.96061
82	139	0.683986
82	145	0.73626
82	149	2.29195
82	154	0.774538
82	155	0.807469
82	157	0.812898
82	170	0.792297
82	173	0.597629
82	174	0.566411
82	175	0.556444
82	177	0.591917
82	178	0.800795
82	179	0.575827
83	71	0.164522
83	87	0.80526
83	93	0.955995
83	116	0.606213
83	122	1.04073
83	127	0.842176
83	129	1.00413
83	140	1.01699
83	152	1.00367
83	154	1.00504
83	155	1.03797
83	157	1.0434
83	162	1.2427
83	168	2.84814
83	169	2.08707
83	170	1.0228
83	172	1.03179
83	175	2.16902
83	177	1.79867
83	178	1.0313
84	39	0.924917
84	56	0.985126
84	68	0.85273
84	79	1.06602
84	80	0.922925
84	85	0.86868
84	96	1.76079
84	101	0.767179
84	104	1.04559
84	108	1.0554
84	115	0.999531
84	124	0.932935
84	132	1.03908
84	137	1.80434
84	143	1.10884
84	146	1.01932
84	149	1.02846
84	150	0.979473
84	169	2.50885
84	171	2.09879
85	2	0.933458
85	30	1.11646
85	46	0.988287
85	60	1.37919
85	78	1.08411
85	84	0.86868
85	97	1.0471
85	122	0.63504
85	145	0.972499
85	153	1.00075
85	160	0.916066
85	163	0.837721
85	164	0.729458
85	165	0.841461
85	170	0.67608
85	171	0.837888
85	172	0.579864
85	175	0.792683
85	177	0.828156
85	180	0.791205
86	79	1.65259
86	80	1.68026
86	108	2.01302
86	114	0.890387
86	131	0.766817
86	139	0.754317
86	146	1.56304
86	154	0.844869
86	157	0.883229
86	162	0.737632
86	169	0.653523
86	170	0.862627
86	171	0.671979
86	172	0.871618
86	174	0.636742
86	175	0.626775
86	176	0.656755
86	178	0.871126
86	179	0.646158
86	180	0.625296
87	83	0.80526
87	112	0.870744
87	113	1.70097
87	114	0.833511
87	115	1.47787
87	120	1.69866
87	121	0.621527
87	127	0.780201
87	132	1.35243
87	138	0.732085
87	140	0.799943
87	153	0.777966
87	158	0.671539
87	162	0.680756
87	163	0.614936
87	164	0.801725
87	170	0.805751
87	172	0.814741
87	174	0.579865
87	176	0.599878
87	178	0.814249
88	5	0.830216
88	24	0.951197
88	47	1.20705
88	56	0.951822
88	57	1.12695
88	76	0.933983
88	90	0.861584
88	106	0.982044
88	108	1.0221
88	115	0.966227
88	124	0.899631
88	132	1.00578
88	134	1.53125
88	136	1.12625
88	139	1.42605
88	146	0.986016
88	149	0.995154
88	150	0.946169
88	158	1.77207
88	162	1.64305
88	180	2.59671
89	54	0.304
89	91	0.999694
89	114	1.00361
89	123	1.02672
89	128	0.96354
89	129	0.957182
89	140	0.970047
89	155	0.991027
89	157	0.996456
89	159	1.09338
89	161	0.994627
89	163	1.75307
89	165	1.47327
89	169	1.97874
89	170	0.975855
89	172	0.984845
89	174	0.749969
89	175	2.0607
89	176	1.80086
89	177	1.69035
89	178	0.984353
90	27	0.594758
90	44	1.00171
90	52	0.963189
90	88	0.861584
90	108	0.648626
90	109	1.15504
90	131	1.03494
90	133	0.697305
90	141	0.974032
90	142	0.994483
90	149	0.645601
90	160	1.01828
90	163	0.939939
90	167	0.942608
90	169	0.921649
90	171	0.940105
90	172	0.594198
90	175	0.894901
90	177	0.930373
90	178	0.661744
90	180	0.893422
91	25	1.02052
91	32	0.727914
91	41	1.01605
91	54	0.798268
91	58	0.981447
91	89	0.999694
91	94	1.00655
91	99	1.0178
91	117	1.10948
91	131	1.3973
91	142	1.72061
91	144	1.30044
91	151	1.04595
91	152	1.028
91	157	1.06773
91	164	1.0431
91	170	1.04713
91	172	1.05612
91	174	0.821244
91	177	2.18462
91	178	1.05563
91	179	2.31652
92	43	1.04765
92	50	1.06412
92	52	1.12748
92	75	0.675112
92	76	0.995911
92	104	1.07422
92	105	0.980375
92	108	1.08403
92	115	1.02815
92	117	0.95962
92	118	0.588132
92	132	1.06771
92	139	1.3001
92	144	1.18889
92	146	1.04794
92	149	1.05708
92	150	1.0081
92	158	1.64612
92	159	1.4761
92	168	0.785296
92	173	2.08252
92	180	2.47076
93	7	0.615798
93	42	0.821386
93	49	0.947578
93	71	0.746227
93	82	0.725492
93	83	0.955995
93	122	0.974415
93	123	1.00736
93	127	1.42388
93	128	0.944171
93	134	1.71261
93	135	1.67182
93	140	0.950678
93	151	0.955311
93	152	0.937354
93	154	0.938728
93	156	1.83232
93	161	0.975258
93	169	2.66877
93	170	0.956486
93	172	0.965476
93	178	0.964985
94	42	1.13923
94	66	0.817153
94	91	1.00655
94	111	0.835839
94	121	0.856383
94	135	0.926279
94	140	0.911216
94	144	1.0039
94	149	0.804972
94	162	0.915611
94	164	0.903163
94	165	0.853531
94	166	0.863035
94	167	0.852461
94	170	0.849785
94	173	0.845938
94	175	0.804753
94	176	0.834733
94	177	0.840226
94	178	0.821115
94	179	0.824137
94	180	0.803275
95	13	1.05019
95	21	1.06753
95	38	1.06687
95	60	1.20364
95	101	1.21589
95	108	0.458747
95	146	0.00877033
95	147	1.05718
95	150	0.39763
95	153	1.11819
95	154	0.544062
95	157	0.40375
95	158	1.01176
95	162	1.02098
95	164	0.553912
95	166	0.9684
95	167	0.957826
95	169	0.936866
95	172	0.404318
95	176	0.940098
95	179	0.929501
95	180	0.908639
96	5	0.711182
96	18	0.820012
96	43	1.70853
96	75	0.963474
96	76	2.05514
96	80	1.19364
96	82	0.630795
96	84	1.76079
96	120	1.53827
96	127	0.836239
96	134	0.74777
96	140	0.85598
96	151	0.860614
96	163	0.670974
96	164	0.857763
96	167	0.673644
96	169	0.652684
96	170	0.861789
96	171	0.671141
96	172	0.870779
96	178	0.870287
96	179	0.64532
97	15	0.888167
97	36	0.733305
97	42	1.14048
97	46	1.16879
97	62	0.702058
97	85	1.0471
97	102	1.17149
97	113	0.82897
97	114	0.882219
97	116	1.01973
97	143	0.983363
97	146	0.364821
97	148	0.905587
97	149	0.811772
97	159	0.90981
97	162	0.91686
97	169	0.83275
97	170	0.856585
97	171	0.851207
97	174	0.815969
97	177	0.841474
97	179	0.825385
97	180	0.804523
98	14	0.821865
98	19	0.912863
98	26	0.790671
98	34	0.768851
98	72	0.88689
98	105	1.84384
98	109	0.810092
98	115	1.61602
98	119	0.81005
98	123	0.836672
98	125	0.65314
98	134	0.671784
98	149	1.82192
98	150	1.76383
98	152	0.76667
98	159	0.653758
98	168	0.528348
98	169	0.576698
98	171	0.595155
98	172	0.794793
98	175	0.54995
98	176	0.57993
98	178	0.794301
99	30	0.681198
99	71	0.801147
99	91	1.0178
99	101	0.982022
99	109	1.17342
99	114	1.02172
99	116	1.24284
99	117	1.36016
99	119	1.0182
99	128	0.981641
99	138	1.56477
99	140	0.988148
99	147	1.66762
99	151	0.992781
99	152	0.974824
99	155	1.00913
99	157	1.01456
99	161	1.01273
99	168	3.48477
99	170	0.993957
99	172	1.00295
99	174	0.768071
99	178	1.00246
100	20	0.987486
100	47	0.832568
100	52	0.809022
100	66	1.03669
100	73	1.39082
100	110	0.901605
100	118	1.00732
100	121	0.792362
100	124	0.895394
100	140	1.13075
100	151	0.998977
100	159	0.844541
100	164	1.1227
100	167	0.788441
100	169	0.767481
100	171	0.785938
100	172	0.973104
100	175	0.740733
100	176	0.770713
100	177	0.776206
100	179	0.760117
100	180	0.739255
101	3	1.03265
101	58	0.749411
101	81	1.14489
101	84	0.767179
101	95	1.21589
101	99	0.982022
101	105	0.551685
101	116	1.07109
101	128	0.687663
101	130	1.00008
101	138	1.01954
101	141	0.936488
101	142	0.95694
101	143	1.03472
101	162	0.968215
101	164	0.627957
101	165	0.906134
101	166	0.915639
101	170	0.574579
101	173	0.898542
101	178	0.545909
101	179	0.87674
101	180	0.855878
102	4	1.05044
102	13	0.941142
102	33	1.15212
102	38	1.07383
102	45	1.23887
102	60	1.09459
102	97	1.17149
102	111	0.948157
102	119	0.548557
102	120	0.361563
102	123	0.470577
102	126	1.06616
102	134	1.03891
102	146	0.243438
102	154	0.43501
102	163	0.96211
102	164	0.44486
102	166	0.975353
102	169	0.94382
102	170	0.391482
102	175	0.917071
102	176	0.947052
102	178	0.362813
102	180	0.915593
103	76	1.024
103	113	0.509434
103	118	1.11854
103	124	1.00661
103	125	0.955143
103	133	0.543939
103	135	0.973478
103	137	0.964471
103	140	0.59848
103	147	0.999015
103	148	0.951538
103	150	0.434144
103	152	0.759974
103	153	1.06002
103	158	0.953594
103	160	0.975335
103	161	0.383536
103	162	0.96281
103	165	0.90073
103	169	0.878701
103	170	0.537048
103	175	0.851953
103	178	0.508379
103	180	0.850474
104	5	0.904151
104	24	1.02513
104	37	0.539984
104	74	0.829175
104	79	1.10665
104	84	1.04559
104	92	1.07422
104	106	1.05598
104	108	1.09603
104	109	0.999406
104	113	1.05772
104	116	1.06882
104	120	1.00515
104	125	1.95574
104	130	1.40968
104	132	1.07972
104	135	1.55273
104	145	1.34699
104	146	1.05995
104	149	1.06909
104	150	1.0201
104	159	1.66432
104	168	0.797302
104	169	2.54968
105	39	0.871705
105	62	1.04642
105	66	0.985473
105	71	1.02502
105	73	1.00587
105	79	1.01281
105	92	0.980375
105	98	1.84384
105	101	0.551685
105	108	1.00219
105	113	0.963876
105	115	0.946319
105	130	1.15335
105	132	0.985873
105	142	1.54095
105	146	0.966108
105	149	0.975247
105	150	0.926261
105	158	1.57801
105	159	1.40799
105	162	1.44899
105	166	1.69576
105	168	0.70346
105	179	2.13686
106	5	0.873906
106	43	1.02941
106	47	0.821697
106	50	1.04588
106	65	1.03341
106	71	1.08862
106	73	1.06947
106	80	0.93331
106	82	2.12258
106	88	0.982044
106	104	1.05598
106	115	1.00992
106	125	1.50812
106	127	0.857172
106	132	1.04947
106	137	1.39755
106	141	1.58481
106	146	1.02971
106	147	1.04599
106	149	1.03884
106	150	0.989859
106	153	0.917918
106	163	1.87638
106	168	0.767057
106	175	2.18401
107	48	0.95561
107	76	1.1094
107	122	0.581408
107	128	0.735532
107	131	0.973018
107	135	0.954501
107	139	0.960518
107	141	0.912107
107	147	0.980038
107	153	1.04104
107	155	0.60114
107	157	0.525663
107	158	0.934617
107	164	0.675826
107	165	0.881753
107	166	0.891258
107	167	0.880683
107	170	0.622448
107	173	0.874161
107	176	0.862956
107	177	0.868448
107	178	0.593778
107	180	0.831497
108	20	0.805708
108	46	1.05843
108	47	0.994096
108	66	1.08912
108	76	1.01773
108	79	1.11646
108	81	0.57667
108	84	1.0554
108	86	2.01302
108	88	1.0221
108	90	0.648626
108	92	1.08403
108	95	0.458747
108	104	1.09603
108	105	1.00219
108	112	0.674906
108	117	0.981437
108	125	1.68052
108	132	1.08953
108	139	1.21309
108	146	1.06976
108	148	1.65949
108	149	1.0789
108	150	1.02991
108	168	0.807112
108	174	2.38842
109	90	1.15504
109	98	0.810092
109	99	1.17342
109	104	0.999406
109	110	0.9726
109	113	0.738363
109	119	0.923052
109	125	0.914918
109	130	0.954452
109	139	0.93927
109	146	0.274213
109	151	0.695633
109	155	0.744669
109	158	0.913369
109	159	0.915536
109	160	0.93511
109	164	0.819355
109	166	0.87001
109	167	0.859436
109	169	0.838476
109	171	0.856933
109	175	0.811728
109	176	0.841708
109	180	0.810249
110	12	0.547197
110	53	1.53586
110	57	1.09444
110	61	1.30732
110	74	0.983388
110	76	1.38218
110	77	1.04258
110	100	0.901605
110	109	0.9726
110	118	0.979048
110	127	0.92276
110	139	0.84
110	144	0.911603
110	149	0.850407
110	150	0.792316
110	153	0.920525
110	154	0.938748
110	162	0.823315
110	166	0.770739
110	167	0.760165
110	169	0.739205
110	170	0.89522
110	173	0.753642
110	176	0.742437
110	179	0.731841
110	180	0.710979
111	4	0.716043
111	27	2.74706
111	34	0.801573
111	55	0.953354
111	56	2.49659
111	62	2.68819
111	80	2.46817
111	82	0.58753
111	94	0.835839
111	102	0.948157
111	116	0.796402
111	124	0.737332
111	135	0.704197
111	143	0.760032
111	147	0.729733
111	148	0.682256
111	153	0.790739
111	159	0.686479
111	167	0.630379
111	169	0.609419
111	171	0.627876
111	173	0.623856
111	175	0.582671
111	176	0.612651
111	179	0.602055
111	180	0.581192
112	6	0.927578
112	24	1.55045
112	31	1.15775
112	34	1.07133
112	50	0.70111
112	80	0.787611
112	87	0.870744
112	108	0.674906
112	114	0.742328
112	118	1.11902
112	121	0.904061
112	135	0.973957
112	140	0.778125
112	144	1.05158
112	151	0.646349
112	157	0.619909
112	160	0.975814
112	162	0.963289
112	163	0.89747
112	165	0.901209
112	166	0.910713
112	171	0.897636
112	173	0.893617
112	175	0.852432
112	177	0.887904
112	178	0.688024
112	179	0.871815
113	39	0.937042
113	46	1.02012
113	65	1.03515
113	66	1.05081
113	73	1.07121
113	79	1.07815
113	80	0.93505
113	87	1.70097
113	97	0.82897
113	103	0.509434
113	104	1.05772
113	105	0.963876
113	109	0.738363
113	115	1.01166
113	120	0.976646
113	124	0.945061
113	132	1.05121
113	136	0.927469
113	141	1.77138
113	146	1.03144
113	149	1.04058
113	150	0.991599
113	153	1.10449
113	156	1.45218
113	162	1.44427
113	166	1.69104
113	180	2.39793
114	19	0.584187
114	31	0.571878
114	54	0.667138
114	86	0.890387
114	87	0.833511
114	89	1.00361
114	97	0.882219
114	99	1.02172
114	112	0.742328
114	119	1.0753
114	122	1.06898
114	128	1.03874
114	138	1.18296
114	142	1.58948
114	151	1.04988
114	154	1.03329
114	157	1.07165
114	159	1.45652
114	161	1.06982
114	164	1.04702
114	165	1.83641
114	170	1.05105
114	172	1.06004
114	174	0.825165
114	177	2.05349
114	178	1.05955
114	180	2.45117
115	23	0.315592
115	43	1.01359
115	45	0.295656
115	65	1.01759
115	66	1.03325
115	73	1.05365
115	76	0.961855
115	84	0.999531
115	87	1.47787
115	88	0.966227
115	92	1.02815
115	98	1.61602
115	105	0.946319
115	106	1.00992
115	113	1.01166
115	120	0.959089
115	125	1.47159
115	132	1.03365
115	144	0.892958
115	146	1.01389
115	149	1.02303
115	150	0.974041
115	162	1.22116
115	166	1.46793
115	168	0.75124
115	174	2.17949
115	175	2.14748
115	176	1.88765
116	16	1.01529
116	25	0.997289
116	76	1.32235
116	83	0.606213
116	97	1.01973
116	99	1.24284
116	101	1.07109
116	104	1.06882
116	111	0.796402
116	118	1.03191
116	134	0.887151
116	135	0.886843
116	136	0.968664
116	137	0.877835
116	138	0.927504
116	142	0.8649
116	145	0.945133
116	152	1.05832
116	155	0.814087
116	159	0.869125
116	162	0.876175
116	171	0.810522
116	172	0.739179
116	173	0.806502
116	175	0.765317
116	178	0.806725
116	179	0.7847
117	1	1.04658
117	9	1.1251
117	11	1.06814
117	29	0.932299
117	32	1.03237
117	35	1.07683
117	48	0.826942
117	50	0.96153
117	56	0.91116
117	79	0.992057
117	91	1.10948
117	92	0.95962
117	99	1.36016
117	108	0.981437
117	132	0.965119
117	135	0.825833
117	138	0.866495
117	141	0.783439
117	149	0.954492
117	150	0.905507
117	153	0.912375
117	154	0.996243
117	163	0.749346
117	165	0.753085
117	170	0.952715
117	172	0.856498
117	173	0.745493
117	177	0.73978
118	24	1.37667
118	38	0.97493
118	53	1.18355
118	61	0.955019
118	69	1.08441
118	92	0.588132
118	100	1.00732
118	103	1.11854
118	110	0.979048
118	112	1.11902
118	116	1.03191
118	120	0.512995
118	124	0.972838
118	126	0.967264
118	127	1.02848
118	133	0.549806
118	143	0.995538
118	149	0.498102
118	151	0.472571
118	152	0.765841
118	156	0.950637
118	161	0.389402
118	162	0.929034
118	165	0.866954
118	166	0.876458
118	169	0.844925
118	170	0.542915
118	179	0.83756
118	180	0.816698
119	8	1.14811
119	17	0.95102
119	23	0.723386
119	25	1.02093
119	26	0.914659
119	30	0.43083
119	40	1.00613
119	72	0.678827
119	78	0.824825
119	98	0.81005
119	99	1.0182
119	102	0.548557
119	109	0.923052
119	114	1.0753
119	123	1.09841
119	125	0.914876
119	129	1.02887
119	133	1.08403
119	137	1.76881
119	148	1.85835
119	151	1.04636
119	155	1.06271
119	157	1.06814
119	160	1.61084
119	161	1.06631
119	164	1.04351
119	167	2.32702
119	170	1.04754
119	178	1.05604
120	20	0.817576
120	27	1.09326
120	43	0.978581
120	46	0.967549
120	56	0.944684
120	64	0.994881
120	65	0.982578
120	66	0.998242
120	71	1.03779
120	73	1.01864
120	75	0.599975
120	76	0.926845
120	87	1.69866
120	96	1.53827
120	102	0.361563
120	104	1.00515
120	113	0.976646
120	115	0.959089
120	118	0.512995
120	124	0.892493
120	134	1.33017
120	146	0.978877
120	149	0.988016
120	150	0.939031
120	153	1.10218
120	163	2.06065
120	168	0.716229
120	171	1.87627
120	174	2.40029
121	30	0.926987
121	42	0.937689
121	45	0.925012
121	46	2.20883
121	87	0.621527
121	94	0.856383
121	100	0.792362
121	112	0.904061
121	127	0.813517
121	138	0.765402
121	144	0.80236
121	147	0.750277
121	151	1.82628
121	155	1.87532
121	156	0.735675
121	161	1.74311
121	163	0.648253
121	165	0.651992
121	166	0.661496
121	167	0.650922
121	168	0.581612
121	169	0.629963
121	171	0.648419
121	172	1.80041
121	173	0.6444
121	174	0.613182
121	175	0.603215
121	176	0.633195
121	180	0.601736
122	3	1.04603
122	10	1.04246
122	23	0.525271
122	42	0.427823
122	83	1.04073
122	85	0.63504
122	93	0.974415
122	107	0.581408
122	114	1.06898
122	123	1.09209
122	124	0.882361
122	129	1.02255
122	133	1.07771
122	138	1.11629
122	141	1.75795
122	147	1.21913
122	151	1.04004
122	152	1.02209
122	153	1.09107
122	155	1.05639
122	157	1.06182
122	161	1.05999
122	164	1.03719
122	168	3.03628
122	170	1.04122
122	171	1.86515
122	172	1.05021
122	173	1.99626
122	174	0.815335
122	176	2.09733
122	178	1.04972
123	1	1.1095
123	28	1.02941
123	40	1.03275
123	69	0.783351
123	71	0.472799
123	77	0.642316
123	78	0.746844
123	89	1.02672
123	93	1.00736
123	98	0.836672
123	102	0.470577
123	119	1.09841
123	122	1.09209
123	125	0.941498
123	126	1.08156
123	128	1.06185
123	129	1.05549
123	134	1.43918
123	135	1.3984
123	137	1.69083
123	138	1.23642
123	147	1.33927
123	154	1.0564
123	161	1.09293
123	164	1.07013
123	167	2.24904
123	168	3.15642
123	170	1.07416
123	172	1.08315
123	174	0.848275
123	178	1.08266
124	3	1.38147
124	5	0.791493
124	13	1.47306
124	40	1.4125
124	53	1.56404
124	56	0.913099
124	84	0.932935
124	88	0.899631
124	100	0.895394
124	103	1.00661
124	111	0.737332
124	113	0.945061
124	118	0.972838
124	120	0.892493
124	122	0.882361
124	132	0.967057
124	137	0.818765
124	146	0.947292
124	150	0.907446
124	151	0.853057
124	154	0.966929
124	160	0.829629
124	166	0.764528
124	167	0.753954
124	168	0.684644
124	169	0.732995
124	171	0.751451
124	172	0.827185
124	173	0.747432
124	178	0.894731
124	180	0.704768
125	63	0.808581
125	79	1.32009
125	98	0.65314
125	103	0.955143
125	104	1.95574
125	106	1.50812
125	108	1.68052
125	109	0.914918
125	115	1.47159
125	119	0.914876
125	123	0.941498
125	132	1.34615
125	146	1.23055
125	154	0.87287
125	157	0.91123
125	160	0.778158
125	164	0.886603
125	167	0.702484
125	168	0.633174
125	169	0.681524
125	170	0.890629
125	171	0.699981
125	172	0.899619
125	173	0.695961
125	174	0.664743
125	175	0.654776
125	176	0.684756
125	178	0.899127
125	180	0.653297
126	4	0.834045
126	26	0.941395
126	29	0.928664
126	48	0.823308
126	51	1.27341
126	59	0.964508
126	74	0.971604
126	77	1.0308
126	102	1.06616
126	118	0.967264
126	123	1.08156
126	129	1.21466
126	134	0.822507
126	135	0.822199
126	142	0.800256
126	143	0.878034
126	146	0.510704
126	152	1.22539
126	161	0.848955
126	162	0.811531
126	163	0.745711
126	165	0.749451
126	166	0.758955
126	168	0.679071
126	170	1.00247
126	172	0.906251
126	173	0.741858
126	174	0.710641
126	175	0.700673
126	176	0.730653
126	178	0.973798
126	179	0.720057
127	4	0.89526
127	5	0.847135
127	36	0.689192
127	44	1.38265
127	77	1.09201
127	83	0.842176
127	87	0.780201
127	93	1.42388
127	96	0.836239
127	106	0.857172
127	110	0.92276
127	118	1.02848
127	121	0.813517
127	133	1.07825
127	142	0.861471
127	145	0.941704
127	148	0.861473
127	154	1.11489
127	159	0.865696
127	160	0.885271
127	161	0.917845
127	163	0.806926
127	164	1.12474
127	171	0.807093
127	172	0.975142
127	174	0.771855
127	175	0.761888
127	176	0.791868
127	177	0.797361
127	179	0.781272
127	180	0.76041
128	12	1.02139
128	17	0.914457
128	53	1.0157
128	59	0.713241
128	60	0.953898
128	64	0.773835
128	69	0.81734
128	74	0.708831
128	89	0.96354
128	93	0.944171
128	99	0.981641
128	101	0.687663
128	107	0.735532
128	114	1.03874
128	123	1.06185
128	137	1.72482
128	140	1.00517
128	145	1.22664
128	147	1.37326
128	151	1.0098
128	152	0.991844
128	153	1.24519
128	154	0.993217
128	157	1.03158
128	161	1.02975
128	164	1.00695
128	169	2.42933
128	170	1.01098
128	171	2.01928
128	172	1.01997
128	174	0.78509
128	175	2.51128
128	178	1.01947
129	3	1.00943
129	16	0.713315
129	38	1.17415
129	54	0.853693
129	61	0.940155
129	71	0.605893
129	83	1.00413
129	89	0.957182
129	119	1.02887
129	122	1.02255
129	123	1.05549
129	126	1.21466
129	130	0.911489
129	133	1.04111
129	134	1.57227
129	136	1.16727
129	140	0.998809
129	141	2.01118
129	143	1.12843
129	148	1.91347
129	151	1.00344
129	152	0.985486
129	153	1.34429
129	154	0.986859
129	155	1.01979
129	156	1.69198
129	161	1.02339
129	164	1.00059
129	170	1.00462
129	171	2.11838
129	172	1.01361
129	174	0.778732
129	178	1.01312
130	13	0.944196
130	22	0.88242
130	28	0.885413
130	36	0.621613
130	39	1.41036
130	49	0.921254
130	65	1.27428
130	66	1.14362
130	73	1.49774
130	101	1.00008
130	104	1.40968
130	105	1.15335
130	109	0.954452
130	129	0.911489
130	133	0.966656
130	141	0.77344
130	146	0.684484
130	149	1.13143
130	150	1.07334
130	155	0.945334
130	161	0.948934
130	166	0.752591
130	169	0.721057
130	170	0.930162
130	172	0.939152
130	173	0.735494
130	175	0.694309
130	176	0.724289
130	178	0.93866
130	179	0.713693
130	180	0.692831
131	27	1.14488
131	33	0.926679
131	43	1.38089
131	47	0.783463
131	52	0.759916
131	68	0.974963
131	74	0.962558
131	86	0.766817
131	90	1.03494
131	91	1.3973
131	107	0.973018
131	132	0.86438
131	141	0.770759
131	142	0.79121
131	144	0.890773
131	147	0.838689
131	148	0.791213
131	149	1.19573
131	150	1.13763
131	153	0.899695
131	157	1.14375
131	158	0.793268
131	159	0.795435
131	162	0.802485
131	164	1.29392
131	165	0.740405
131	167	0.739335
131	168	0.670025
131	171	0.736832
131	173	0.732812
131	174	0.701595
131	176	0.721607
131	178	1.21187
131	179	0.711011
131	180	0.690149
132	2	0.822718
132	19	0.182394
132	29	0.58984
132	32	0.194993
132	46	1.04211
132	50	1.06962
132	56	1.01925
132	63	0.963243
132	65	1.05714
132	66	1.07281
132	69	0.328098
132	73	1.09321
132	79	1.10015
132	80	0.957047
132	82	1.96061
132	84	1.03908
132	87	1.35243
132	88	1.00578
132	92	1.06771
132	104	1.07972
132	105	0.985873
132	106	1.04947
132	108	1.08953
132	113	1.05121
132	115	1.03365
132	117	0.965119
132	124	0.967057
132	125	1.34615
132	131	0.86438
132	135	1.17635
132	145	0.970607
132	149	1.06258
132	168	0.790794
132	169	2.1733
132	174	2.28726
132	177	1.8849
133	5	1.12345
133	15	1.06327
133	18	1.01801
133	22	1.01204
133	40	1.01838
133	41	1.0287
133	58	0.994103
133	60	1.00271
133	61	0.995323
133	90	0.697305
133	103	0.543939
133	118	0.549806
133	119	1.08403
133	122	1.07771
133	127	1.07825
133	129	1.04111
133	130	0.966656
133	134	1.36698
133	136	0.961974
133	140	1.05398
133	143	0.92313
133	145	1.12045
133	148	1.70817
133	152	1.04065
133	154	1.04203
133	155	1.07496
133	160	1.46066
133	164	1.05576
133	166	1.72554
133	167	2.17684
133	170	1.05979
133	171	1.91308
133	172	1.06878
133	174	0.8339
133	178	1.06828
133	180	2.43243
134	8	0.799801
134	18	1.8519
134	26	0.914141
134	32	1.00149
134	36	0.600723
134	42	1.00789
134	59	0.937254
134	72	1.01036
134	88	1.53125
134	93	1.71261
134	96	0.74777
134	98	0.671784
134	102	1.03891
134	116	0.887151
134	120	1.33017
134	123	1.43918
134	126	0.822507
134	129	1.57227
134	133	1.36698
134	136	0.876766
134	137	0.785938
134	142	0.773002
134	150	1.25718
134	153	0.881487
134	156	0.80588
134	157	1.2633
134	159	0.777227
134	163	0.718458
134	168	0.651817
134	169	0.700168
134	171	0.718624
