1	54	0.794819
1	62	0.974234
1	64	0.78963
1	74	0.784138
1	88	3.24169
1	99	0.798612
1	113	0.750247
1	119	0.746005
1	126	0.782821
1	150	0.777173
1	161	3.27338
1	164	0.935925
2	6	0.781969
2	7	0.684743
2	9	0.781212
2	16	0.671735
2	18	0.670916
2	21	0.748166
2	32	0.730141
2	35	0.729699
2	43	3.21065
2	116	0.712838
2	162	0.729491
2	167	3.19424
3	70	1.65979
3	126	1.66244
3	153	0.713194
3	169	0.735742
3	170	0.724009
3	172	0.762902
3	173	0.715814
3	174	0.694086
3	176	0.70236
3	177	0.725799
3	179	0.705811
3	180	0.733036
4	12	0.671715
4	20	0.737455
4	24	0.733996
4	26	0.733996
4	28	0.732725
4	30	0.713151
4	31	0.712755
4	37	0.712462
4	67	0.738866
4	110	0.75831
4	146	3.31322
4	150	3.07627
5	22	0.263802
5	27	1.55572
5	132	0.838224
5	134	0.874106
5	166	0.804921
5	167	0.819542
5	171	0.787547
5	173	0.779681
5	175	0.783948
5	177	0.789666
5	179	0.769678
5	180	0.796904
6	2	0.781969
6	7	0.780563
6	16	0.767555
6	18	0.766736
6	21	0.843987
6	32	0.825961
6	34	1.5643
6	35	0.82552
6	116	0.808659
6	151	1.70328
6	162	0.825311
6	171	3.91044
7	2	0.684743
7	6	0.780563
7	9	0.779806
7	16	0.670329
7	18	0.669509
7	21	0.74676
7	32	0.728734
7	35	0.728293
7	65	3.48935
7	116	0.711432
7	159	2.68317
7	162	0.728084
8	98	0.715105
8	104	0.732134
8	132	0.731159
8	134	3.04363
8	137	0.737755
8	140	0.70665
8	144	0.727096
8	150	3.27752
8	152	0.7103
8	157	0.737369
8	158	0.7246
8	165	0.669002
9	2	0.781212
9	7	0.779806
9	16	0.766798
9	18	0.765979
9	21	0.84323
9	32	0.825204
9	35	0.824763
9	116	0.807902
9	149	1.3927
9	162	0.824554
9	168	2.73256
9	170	3.04831
10	128	0.700843
10	153	0.635906
10	157	4.02434
10	163	0.691262
10	168	0.657065
10	172	0.685614
10	173	0.638526
10	175	0.642793
10	176	0.625072
10	177	0.648511
10	179	0.628523
10	180	0.655748
11	61	1.25165
11	73	1.81051
11	159	0.776647
11	167	0.751339
11	168	0.730017
11	169	0.731406
11	174	0.689749
11	175	0.715744
11	176	0.698023
11	178	0.682918
11	179	0.701474
11	180	0.7287
12	4	0.671715
12	20	0.738555
12	24	0.735096
12	26	0.735096
12	28	0.733825
12	30	0.714251
12	31	0.713855
12	37	0.713562
12	75	0.723877
12	110	0.75941
12	176	3.89416
12	180	2.62317
13	39	2.47563
13	98	0.71743
13	121	0.729508
13	132	0.733484
13	137	0.74008
13	142	0.731387
13	144	0.729421
13	151	3.60896
13	152	0.712625
13	157	0.739694
13	158	0.726925
13	178	0.62868
14	45	0.708524
14	121	1.53616
14	132	1.81526
14	138	0.715638
14	166	0.746765
14	170	0.72972
14	171	0.72939
14	174	0.699797
14	175	0.725792
14	176	0.708071
14	179	0.711522
14	180	0.738747
15	40	0.668125
15	55	0.724541
15	58	0.710939
15	60	0.712556
15	79	0.757823
15	106	4.09714
15	113	0.719685
15	119	0.715443
15	120	0.702188
15	124	0.728365
15	126	0.752258
15	134	2.31703
16	2	0.671735
16	6	0.767555
16	7	0.670329
16	9	0.766798
16	18	0.656501
16	21	0.733752
16	32	0.715727
16	35	0.715285
16	41	0.693446
16	47	2.64772
16	116	0.698424
16	162	0.715076
16	166	4.27962
17	81	0.754464
17	90	2.16133
17	104	0.797588
17	111	0.79069
17	121	0.792638
17	132	0.796614
17	137	0.80321
17	140	0.772105
17	141	0.804124
17	158	0.790055
17	164	2.74787
17	167	2.79669
17	178	0.69181
18	2	0.670916
18	6	0.766736
18	7	0.669509
18	9	0.765979
18	16	0.656501
18	21	0.732933
18	32	0.714907
18	35	0.714466
18	41	0.692627
18	116	0.697605
18	133	3.34945
18	146	3.52241
18	162	0.714257
19	48	0.680103
19	134	0.715619
19	145	4.40564
19	163	0.67393
19	164	0.68222
19	166	0.646434
19	169	0.641123
19	172	0.668283
19	173	0.621194
19	174	0.599466
19	176	0.607741
19	179	0.611191
19	180	0.638417
20	4	0.737455
20	12	0.738555
20	24	0.800836
20	26	0.800836
20	28	0.799565
20	30	0.779992
20	31	0.779595
20	37	0.779303
20	75	0.789618
20	110	0.825151
20	130	3.08284
20	150	1.95504
20	159	2.43903
21	2	0.748166
21	6	0.843987
21	7	0.74676
21	9	0.84323
21	16	0.733752
21	18	0.732933
21	32	0.792158
21	35	0.791717
21	116	0.774856
21	154	2.4436
21	162	0.791508
21	165	2.87613
21	177	2.49172
22	5	0.263802
22	76	0.804298
22	94	0.788373
22	118	0.78203
22	122	0.802162
22	123	0.796176
22	130	2.73855
22	140	0.778974
22	157	0.809693
22	158	0.796924
22	165	0.741326
22	171	3.79514
22	178	0.698679
23	61	0.754657
23	70	0.802614
23	72	0.78817
23	82	0.740123
23	95	0.770881
23	96	0.808197
23	108	0.791341
23	118	0.769913
23	122	0.790045
23	123	0.784059
23	133	1.56365
23	151	1.47687
23	176	4.64585
24	4	0.733996
24	12	0.735096
24	20	0.800836
24	28	0.796106
24	30	0.776532
24	31	0.776136
24	37	0.775843
24	67	0.802247
24	75	0.786159
24	110	0.821692
24	117	2.33878
24	150	1.62325
24	175	3.58469
25	81	0.747161
25	101	0.804564
25	105	0.790578
25	125	0.776823
25	136	1.91173
25	140	0.764801
25	144	0.785247
25	145	0.778151
25	152	0.768451
25	155	3.53039
25	157	0.79552
25	158	0.782751
25	163	2.35679
26	4	0.733996
26	12	0.735096
26	20	0.800836
26	28	0.796106
26	30	0.776532
26	31	0.776136
26	37	0.775843
26	67	0.802247
26	69	1.52559
26	75	0.786159
26	110	0.821692
26	172	2.68649
26	180	3.58146
27	5	1.55572
27	55	0.69526
27	64	0.729786
27	74	0.724294
27	99	0.738769
27	100	0.696461
27	102	0.729867
27	113	0.690404
27	119	0.686162
27	120	0.672907
27	124	0.699084
27	126	0.722977
27	169	4.43482
28	4	0.732725
28	12	0.733825
28	20	0.799565
28	24	0.796106
28	26	0.796106
28	30	0.775261
28	31	0.774865
28	37	0.774572
28	67	0.800976
28	110	0.82042
28	139	1.20754
28	148	3.24037
28	175	3.05431
29	79	0.785852
29	83	1.53975
29	99	0.796079
29	113	0.747714
29	124	0.756394
29	126	0.780287
29	132	0.774314
29	137	0.780909
29	152	0.753455
29	157	0.780523
29	158	0.767755
29	168	3.604
29	172	2.80541
29	178	0.66951
30	4	0.713151
30	12	0.714251
30	20	0.779992
30	24	0.776532
30	26	0.776532
30	28	0.775261
30	31	0.755291
30	37	0.754999
30	67	0.781403
30	75	0.765314
30	110	0.800847
30	114	1.93132
30	154	2.52034
30	161	3.83031
31	4	0.712755
31	12	0.713855
31	20	0.779595
31	24	0.776136
31	26	0.776136
31	28	0.774865
31	30	0.755291
31	37	0.754602
31	39	1.03127
31	67	0.781006
31	75	0.764918
31	110	0.800451
31	155	3.59648
31	165	3.95883
32	2	0.730141
32	6	0.825961
32	7	0.728734
32	9	0.825204
32	16	0.715727
32	18	0.714907
32	21	0.792158
32	35	0.773691
32	41	0.751852
32	116	0.75683
32	159	2.34604
32	162	0.773482
32	163	2.78642
32	172	2.8423
33	85	0.72419
33	111	0.719355
33	112	0.71443
33	115	0.616367
33	127	0.735823
33	144	0.721216
33	145	0.71412
33	152	0.70442
33	157	0.731489
33	158	0.71872
33	165	0.663122
33	166	2.84835
33	178	0.620475
33	179	4.46577
34	6	1.5643
34	111	1.07392
34	131	0.826682
34	158	1.28133
34	163	0.798712
34	164	0.807002
34	168	0.764516
34	171	0.753842
34	173	0.745976
34	174	0.724248
34	176	0.732523
34	177	0.755961
34	179	0.735973
34	180	0.763199
35	2	0.729699
35	6	0.82552
35	7	0.728293
35	9	0.824763
35	16	0.715285
35	18	0.714466
35	21	0.791717
35	32	0.773691
35	41	0.751411
35	106	1.9827
35	116	0.756389
35	129	1.24425
35	162	0.773041
35	178	4.86977
36	39	1.76385
36	87	2.31165
36	111	0.770319
36	127	0.786786
36	131	3.55437
36	137	0.782838
36	140	0.751734
36	142	0.774145
36	144	0.77218
36	145	0.765084
36	152	0.755384
36	157	0.782452
36	158	0.769683
36	178	0.671439
37	4	0.712462
37	12	0.713562
37	20	0.779303
37	24	0.775843
37	26	0.775843
37	28	0.774572
37	30	0.754999
37	31	0.754602
37	67	0.780714
37	75	0.764625
37	110	0.800158
37	147	2.76892
37	151	1.08823
37	153	4.08457
38	44	0.748073
38	52	0.733753
38	61	0.726048
38	70	0.774006
38	72	0.759561
38	73	0.764919
38	92	0.743757
38	95	0.742272
38	96	0.779589
38	118	0.741305
38	122	0.761436
38	123	0.75545
38	156	2.10048
38	166	3.00417
38	168	3.3143
39	13	2.47563
39	31	1.03127
39	36	1.76385
39	130	0.863154
39	147	0.841839
39	149	0.866762
39	157	0.56171
39	170	0.814199
39	173	0.806004
39	174	0.784276
39	175	0.810271
39	176	0.79255
39	177	0.815989
39	179	0.796001
39	180	0.823226
40	15	0.668125
40	65	0.646659
40	100	0.670945
40	113	0.664887
40	119	0.660645
40	120	0.647391
40	124	0.673567
40	131	0.695949
40	152	5.1293
40	170	0.623439
40	174	0.593516
40	176	0.60179
40	177	0.625229
40	179	0.605241
40	180	0.632466
41	16	0.693446
41	18	0.692627
41	32	0.751852
41	35	0.751411
41	76	1.85067
41	105	2.19124
41	138	0.667479
41	161	0.673712
41	162	0.751202
41	169	0.693294
41	172	0.720454
41	174	0.651638
41	179	0.663363
41	180	0.690588
42	98	0.743076
42	107	0.721831
42	109	2.79841
42	112	0.748281
42	121	0.755154
42	125	0.746643
42	127	0.769674
42	137	0.765726
42	139	2.52992
42	140	0.734621
42	145	0.747972
42	152	0.738271
42	157	0.76534
42	158	0.752571
42	162	3.09766
43	2	3.21065
43	98	2.40626
43	153	0.664889
43	154	0.699598
43	156	0.751502
43	164	0.728535
43	167	0.70737
43	169	0.687437
43	170	0.675704
43	171	0.675375
43	173	0.667509
43	175	0.671776
43	176	0.654055
43	177	0.677494
43	179	0.657506
43	180	0.684732
44	38	0.748073
44	52	0.725959
44	66	2.06222
44	68	0.721551
44	72	0.751767
44	73	0.757124
44	76	0.755777
44	82	0.703721
44	92	0.735962
44	94	0.739853
44	108	0.754938
44	118	0.73351
44	122	0.753642
44	123	0.747656
44	136	1.53138
44	178	5.48538
45	14	0.708524
45	68	0.646991
45	77	0.659265
45	94	0.665293
45	115	0.571491
45	118	0.65895
45	122	0.679082
45	123	0.673096
45	141	0.687913
45	157	5.62434
45	168	0.622698
45	170	0.612354
45	171	0.612024
45	174	0.582431
45	179	0.594156
45	180	0.621381
46	85	0.747337
46	93	1.84027
46	98	0.732372
46	105	0.749694
46	121	0.74445
46	127	0.75897
46	132	0.748426
46	137	0.755022
46	142	0.746329
46	143	1.77907
46	145	0.737268
46	152	0.727567
46	157	0.754636
46	158	0.741867
46	161	5.25031
46	178	0.643623
47	16	2.64772
47	48	0.775142
47	123	0.874134
47	125	1.10523
47	133	0.825031
47	154	0.748322
47	167	0.756094
47	171	0.724099
47	172	0.763322
47	173	0.716233
47	174	0.694505
47	175	0.7205
47	176	0.702779
47	177	0.726218
47	179	0.70623
47	180	0.733456
48	19	0.680103
48	47	0.775142
48	137	2.53865
48	145	2.28236
48	166	0.701308
48	170	0.684264
48	171	0.683934
48	172	0.723157
48	173	0.676069
48	174	0.654341
48	175	0.680335
48	176	0.662615
48	177	0.686054
48	178	0.647509
48	179	0.666066
48	180	0.693291
49	124	5.53916
49	131	0.701522
49	138	0.614929
49	155	0.642842
49	159	0.685986
49	161	0.621162
49	164	0.681842
49	167	0.660678
49	168	0.639356
49	169	0.640745
49	170	0.629012
49	174	0.599088
49	176	0.607363
49	177	0.630801
49	179	0.610813
49	180	0.638039
50	94	1.71423
50	115	0.686362
50	124	0.603403
50	126	1.70801
50	129	0.773297
50	147	0.754865
50	156	0.803023
50	160	0.748429
50	166	0.744269
50	167	0.758891
50	170	0.727225
50	175	0.723296
50	176	0.705575
50	177	0.729014
50	179	0.709026
50	180	0.736252
51	66	2.331
51	104	0.801344
51	112	0.789521
51	127	0.810914
51	132	0.80037
51	137	0.806966
51	140	0.775861
51	142	0.798273
51	143	1.18736
51	145	0.789211
51	152	0.779511
51	157	0.80658
51	158	0.793811
51	165	0.738213
51	170	3.41546
51	178	0.695566
51	180	3.19607
52	38	0.733753
52	44	0.725959
52	59	0.701591
52	68	0.707231
52	70	0.751891
52	73	0.742804
52	82	0.6894
52	92	0.721642
52	94	0.725533
52	95	0.720158
52	96	0.757474
52	108	0.740618
52	114	2.7688
52	123	0.733336
52	133	1.39405
52	141	0.748153
52	174	5.2343
53	92	1.83079
53	95	1.68613
53	98	0.749159
53	101	0.780468
53	122	0.802169
53	142	0.763117
53	145	0.754055
53	152	0.744355
53	153	0.68635
53	154	0.721059
53	158	0.758655
53	164	0.749996
53	171	0.696836
53	172	0.736058
53	173	0.68897
53	178	0.66041
53	180	0.706192
54	1	0.794819
54	85	0.78653
54	101	0.802873
54	102	0.800483
54	104	0.788593
54	120	0.743522
54	124	0.769699
54	126	0.793592
54	131	1.45794
54	132	0.787619
54	142	0.785522
54	150	0.787944
54	152	0.76676
54	156	1.38856
54	157	0.793829
54	173	3.33076
54	179	3.90967
55	15	0.724541
55	27	0.69526
55	62	0.616245
55	64	0.760685
55	75	0.75055
55	79	0.759441
55	84	3.24224
55	89	0.746878
55	100	0.727361
55	102	0.760767
55	119	0.717061
55	120	0.703806
55	124	0.729983
55	126	0.753877
55	150	0.748229
55	162	1.48608
55	174	4.70791
56	71	0.766185
56	78	0.805555
56	97	1.91893
56	112	0.791691
56	117	1.34605
56	121	0.798564
56	127	0.813084
56	132	0.80254
56	142	0.800443
56	145	0.791381
56	152	0.781681
56	157	0.80875
56	158	0.795981
56	165	0.740383
56	169	2.16266
56	174	4.53477
56	178	0.697737
57	70	1.64382
57	108	1.6084
57	113	1.17565
57	138	0.715858
57	149	0.782503
57	153	0.719125
57	166	0.746984
57	168	0.740284
57	169	0.741673
57	171	0.72961
57	173	0.721745
57	174	0.700017
57	175	0.726011
57	176	0.708291
57	177	0.73173
57	179	0.711742
57	180	0.738967
58	15	0.710939
58	64	0.747083
58	74	0.741592
58	75	0.736948
58	79	0.745839
58	89	0.733276
58	100	0.713759
58	102	0.747165
58	103	0.742957
58	116	0.719241
58	119	0.703459
58	120	0.690204
58	124	0.716381
58	126	0.740274
58	162	1.81294
58	171	3.3149
58	176	4.27671
59	52	0.701591
59	70	0.741844
59	93	2.04201
59	108	0.730571
59	110	0.768775
59	118	0.709142
59	121	0.726619
59	122	0.729274
59	123	0.723288
59	140	0.706087
59	141	0.738106
59	143	1.98081
59	144	0.726533
59	145	0.719437
59	153	5.08788
59	157	0.736805
59	158	0.724036
60	15	0.712556
60	64	0.7487
60	79	0.747456
60	89	0.734893
60	99	0.757683
60	100	0.715376
60	102	0.748782
60	113	0.709318
60	114	3.17433
60	116	0.720859
60	119	0.705076
60	120	0.691821
60	124	0.717998
60	126	0.741892
60	128	2.38116
60	150	0.736244
60	175	3.69703
61	11	1.25165
61	23	0.754657
61	38	0.726048
61	68	0.699526
61	76	0.733753
61	92	0.713937
61	94	0.717828
61	95	0.712453
61	96	0.749769
61	103	0.741594
61	108	0.732913
61	118	0.711485
61	122	0.731617
61	123	0.725631
61	141	0.740449
61	167	1.94251
61	178	5.3267
62	1	0.974234
62	55	0.616245
62	74	0.645279
62	79	0.649527
62	89	0.636963
62	99	0.659754
62	102	0.650852
62	113	0.940434
62	115	10.4
62	119	0.936192
62	120	0.922937
62	124	0.949114
62	126	0.973007
62	150	0.638314
62	165	2.4099
62	173	2.45683
62	180	1.8248
63	71	0.752615
63	78	0.791985
63	107	0.75167
63	111	0.783046
63	121	0.784994
63	125	0.776482
63	128	2.56329
63	132	0.78897
63	139	2.03239
63	140	0.764461
63	142	0.786872
63	143	1.7842
63	144	0.784907
63	152	0.768111
63	157	0.79518
63	158	0.782411
63	175	3.87915
63	178	0.684166
64	1	0.78963
64	27	0.729786
64	55	0.760685
64	58	0.747083
64	60	0.7487
64	69	0.826057
64	89	0.781404
64	99	0.804194
64	102	0.795293
64	113	0.755829
64	119	0.751587
64	120	0.738332
64	124	0.764509
64	126	0.788403
64	139	1.4184
64	147	2.25843
64	178	5.03383
64	180	2.47573
65	7	3.48935
65	40	0.646659
65	95	2.96619
65	149	0.709333
65	151	0.751326
65	155	0.6706
65	156	0.732568
65	161	0.648921
65	164	0.709601
65	166	0.673814
65	170	0.65677
65	171	0.65644
65	172	0.695663
65	175	0.652842
65	176	0.635121
65	177	0.65856
65	179	0.638572
65	180	0.665797
66	44	2.06222
66	51	2.331
66	130	0.753244
66	136	0.790968
66	144	1.92633
66	146	0.76474
66	155	0.71812
66	166	0.721334
66	167	0.735956
66	168	0.714634
66	170	0.70429
66	172	0.743183
66	173	0.696094
66	174	0.674366
66	176	0.682641
66	177	0.706079
66	179	0.686091
66	180	0.713317
67	4	0.738866
67	24	0.802247
67	26	0.802247
67	28	0.800976
67	30	0.781403
67	31	0.781006
67	37	0.780714
67	86	2.58363
67	107	0.751083
67	140	0.763874
67	144	0.784319
67	145	0.777224
67	150	1.76267
67	152	0.767523
67	158	0.781823
67	160	3.32519
67	167	2.81177
67	178	0.683579
68	44	0.721551
68	45	0.646991
68	52	0.707231
68	61	0.699526
68	72	0.733039
68	73	0.738397
68	76	0.73705
68	82	0.684993
68	95	0.71575
68	96	0.753067
68	108	0.73621
68	118	0.714782
68	122	0.734914
68	123	0.728928
68	139	3.21373
68	141	0.743746
68	143	2.96555
68	146	3.33601
69	26	1.52559
69	64	0.826057
69	102	0.826139
69	113	0.786675
69	119	0.782433
69	120	0.769178
69	124	0.795355
69	141	0.976014
69	142	0.790962
69	150	0.8136
69	158	1.26242
69	164	0.798058
69	170	0.745227
69	174	0.715304
69	175	0.741298
69	176	0.723578
69	179	0.727029
69	180	0.754254
70	3	1.65979
70	23	0.802614
70	38	0.774006
70	52	0.751891
70	57	1.64382
70	59	0.741844
70	72	0.7777
70	82	0.729653
70	92	0.761895
70	95	0.76041
70	96	0.797727
70	103	0.789551
70	108	0.780871
70	118	0.759443
70	122	0.779575
70	123	0.773589
70	133	1.79611
70	177	3.80801
71	56	0.766185
71	63	0.752615
71	78	0.736307
71	105	0.73456
71	111	0.727369
71	112	0.722443
71	114	0.711328
71	125	0.720805
71	140	0.708783
71	142	0.731195
71	145	0.722133
71	152	0.712433
71	158	0.726733
71	160	3.71661
71	162	2.83651
71	165	0.671135
71	167	3.2032
71	178	0.628488
72	23	0.78817
72	38	0.759561
72	44	0.751767
72	68	0.733039
72	70	0.7777
72	73	0.768612
72	82	0.715209
72	92	0.74745
72	95	0.745966
72	96	0.783282
72	108	0.766426
72	118	0.744998
72	122	0.76513
72	123	0.759144
72	135	1.47478
72	136	1.68945
72	141	0.773961
72	166	2.67885
72	174	5.11439
73	11	1.81051
73	38	0.764919
73	44	0.757124
73	52	0.742804
73	68	0.738397
73	72	0.768612
73	82	0.720566
73	88	4.75831
73	92	0.752808
73	94	0.756699
73	95	0.751323
73	96	0.78864
73	108	0.771784
73	109	1.83544
73	118	0.750355
73	122	0.770487
73	123	0.764501
73	135	1.7169
73	141	0.779319
74	1	0.784138
74	27	0.724294
74	58	0.741592
74	62	0.645279
74	77	1.39315
74	79	0.788476
74	89	0.775912
74	99	0.798703
74	100	0.756395
74	102	0.789801
74	103	0.785593
74	119	0.746096
74	120	0.732841
74	124	0.759017
74	126	0.782911
74	148	3.00183
74	150	0.777263
74	161	4.19207
74	166	2.32304
75	12	0.723877
75	20	0.789618
75	24	0.786159
75	26	0.786159
75	30	0.765314
75	31	0.764918
75	37	0.764625
75	55	0.75055
75	58	0.736948
75	100	0.751751
75	113	0.745694
75	120	0.728197
75	124	0.754374
75	126	0.778267
75	134	1.54306
75	150	0.772619
75	151	1.75417
75	177	3.85285
75	180	3.65216
76	22	0.804298
76	41	1.85067
76	44	0.755777
76	61	0.733753
76	68	0.73705
76	77	0.749324
76	82	0.719219
76	90	1.64047
76	92	0.751461
76	94	0.755352
76	95	0.749976
76	96	0.787293
76	108	0.770437
76	118	0.749009
76	122	0.769141
76	123	0.763155
76	138	4.79737
76	141	0.777972
76	162	1.90915
77	45	0.659265
77	74	1.39315
77	76	0.749324
77	92	0.729509
77	94	0.733399
77	96	0.765341
77	98	1.87956
77	107	2.78785
77	118	0.727056
77	122	0.747188
77	123	0.741202
77	160	0.701666
77	166	0.697505
77	168	0.690805
77	170	0.680461
77	172	0.719354
77	175	0.676532
77	177	0.68225
77	180	0.689488
78	56	0.805555
78	63	0.791985
78	71	0.736307
78	112	0.761813
78	127	0.783206
78	128	2.54578
78	137	0.779258
78	140	0.748154
78	142	0.770565
78	144	0.768599
78	145	0.761504
78	149	2.33918
78	152	0.751803
78	157	0.778872
78	158	0.766103
78	159	2.38419
78	165	0.710505
78	169	3.43235
78	178	0.667859
79	15	0.757823
79	29	0.785852
79	55	0.759441
79	58	0.745839
79	60	0.747456
79	62	0.649527
79	74	0.788476
79	80	1.07354
79	89	0.78016
79	99	0.80295
79	113	0.754585
79	119	0.750343
79	120	0.737088
79	124	0.763265
79	126	0.787158
79	138	4.80293
79	150	0.78151
79	156	1.79731
79	177	3.30819
80	79	1.07354
80	102	1.22164
80	116	1.61559
80	148	0.774155
80	154	0.784494
80	158	1.28433
80	160	0.781805
80	161	0.752751
80	168	0.770944
80	170	0.7606
80	171	0.76027
80	172	0.799493
80	173	0.752405
80	174	0.730677
80	176	0.738951
80	177	0.76239
80	178	0.723845
80	179	0.742402
80	180	0.769627
81	17	0.754464
81	25	0.747161
81	83	2.14113
81	98	0.711443
81	104	0.728472
81	111	0.721574
81	115	0.618586
81	127	0.738042
81	129	3.23432
81	132	0.727498
81	137	0.734093
81	142	0.7254
81	144	0.723435
81	152	0.706639
81	157	0.733708
81	158	0.720939
81	165	0.66534
81	170	4.52114
81	178	0.622694
82	23	0.740123
82	44	0.703721
82	52	0.6894
82	68	0.684993
82	70	0.729653
82	72	0.715209
82	73	0.720566
82	76	0.719219
82	92	0.699404
82	94	0.703295
82	95	0.697919
82	96	0.735236
82	108	0.71838
82	118	0.696952
82	122	0.717084
82	123	0.711098
82	149	2.46318
82	154	4.05198
82	169	3.55635
83	29	1.53975
83	81	2.14113
83	108	1.41129
83	137	0.925977
83	146	0.807135
83	147	0.774325
83	149	0.799247
83	160	0.767889
83	163	0.791225
83	166	0.763729
83	168	0.757028
83	169	0.758417
83	171	0.746355
83	173	0.738489
83	175	0.742756
83	176	0.725035
83	177	0.748474
83	179	0.728486
83	180	0.755712
84	55	3.24224
84	103	3.52537
84	109	0.751344
84	115	0.616845
84	136	0.744387
84	138	0.643626
84	146	0.718158
84	160	0.678913
84	161	0.649859
84	167	0.689374
84	170	0.657708
84	171	0.657378
84	172	0.696601
84	173	0.649513
84	174	0.627785
84	175	0.65378
84	177	0.659498
84	179	0.63951
84	180	0.666735
85	33	0.72419
85	46	0.747337
85	54	0.78653
85	91	3.3277
85	106	2.72016
85	107	0.731259
85	114	0.746594
85	125	0.75607
85	132	0.768558
85	137	0.775154
85	142	0.766461
85	144	0.764495
85	145	0.757399
85	152	0.747699
85	154	3.20171
85	157	0.774768
85	158	0.761999
85	165	0.706401
85	167	2.22305
85	178	0.663754
86	67	2.58363
86	111	2.05663
86	115	0.654999
86	122	1.61301
86	129	0.741934
86	149	0.748424
86	154	0.719756
86	160	0.717066
86	164	0.748692
86	166	0.712906
86	167	0.727528
86	169	0.707595
86	170	0.695862
86	171	0.695532
86	173	0.687666
86	174	0.665938
86	175	0.691933
86	177	0.697651
86	179	0.677663
86	180	0.704889
87	36	2.31165
87	96	1.00906
87	100	0.99345
87	121	1.29776
87	139	0.820085
87	156	0.813057
87	160	0.758464
87	161	0.72941
87	163	0.7818
87	168	0.747603
87	169	0.748992
87	170	0.737259
87	172	0.776152
87	173	0.729064
87	174	0.707336
87	175	0.733331
87	176	0.71561
87	177	0.739049
87	179	0.719061
87	180	0.746286
88	1	3.24169
88	73	4.75831
88	139	0.73732
88	146	0.714944
88	148	0.668049
88	153	0.643678
88	155	0.668324
88	163	0.699034
88	167	0.68616
88	168	0.664838
88	169	0.666227
88	171	0.654164
88	172	0.693387
88	173	0.646299
88	174	0.624571
88	175	0.650565
88	176	0.632845
88	177	0.656283
88	179	0.636296
88	180	0.663521
89	55	0.746878
89	58	0.733276
89	60	0.734893
89	62	0.636963
89	64	0.781404
89	74	0.775912
89	79	0.78016
89	93	2.38512
89	99	0.790387
89	100	0.74808
89	102	0.781486
89	113	0.742022
89	116	0.753562
89	119	0.73778
89	120	0.724525
89	124	0.750702
89	126	0.774595
89	143	2.32392
89	162	3.13984
89	172	3.43766
90	17	2.16133
90	76	1.64047
90	113	1.67769
90	148	0.755606
90	155	0.755881
90	157	0.898999
90	160	0.763256
90	163	0.786592
90	166	0.759095
90	167	0.773717
90	169	0.753784
90	170	0.742051
90	171	0.741721
90	172	0.780944
90	174	0.712128
90	175	0.738123
90	176	0.720402
90	177	0.743841
90	179	0.723853
90	180	0.751078
91	85	3.3277
91	112	3.43283
91	148	0.675502
91	151	0.756503
91	155	0.675777
91	159	0.718921
91	160	0.683152
91	168	0.672291
91	169	0.67368
91	170	0.661947
91	172	0.70084
91	173	0.653752
91	174	0.632024
91	175	0.658019
91	176	0.640298
91	177	0.663737
91	178	0.625192
91	179	0.643749
91	180	0.670974
92	38	0.743757
92	44	0.735962
92	52	0.721642
92	53	1.83079
92	61	0.713937
92	70	0.761895
92	72	0.74745
92	73	0.752808
92	76	0.751461
92	77	0.729509
92	82	0.699404
92	94	0.735536
92	103	0.759302
92	108	0.750622
92	118	0.729193
92	122	0.749325
92	123	0.743339
92	141	0.758157
92	164	2.82095
92	167	2.86978
92	169	3.35281
93	46	1.84027
93	59	2.04201
93	89	2.38512
93	102	1.30809
93	106	0.779208
93	146	0.788871
93	147	0.756061
93	149	0.780983
93	166	0.745465
93	167	0.760086
93	168	0.738764
93	170	0.72842
93	171	0.728091
93	172	0.767313
93	173	0.720225
93	174	0.698497
93	175	0.724492
93	176	0.706771
93	177	0.73021
93	179	0.710222
93	180	0.737448
94	22	0.788373
94	44	0.739853
94	45	0.665293
94	50	1.71423
94	52	0.725533
94	61	0.717828
94	73	0.756699
94	76	0.755352
94	77	0.733399
94	82	0.703295
94	92	0.735536
94	95	0.734052
94	96	0.771369
94	103	0.763193
94	108	0.754512
94	118	0.733084
94	122	0.753216
94	123	0.74723
94	129	2.54876
94	163	2.66534
94	170	3.83557
95	23	0.770881
95	38	0.742272
95	52	0.720158
95	53	1.68613
95	61	0.712453
95	65	2.96619
95	68	0.71575
95	70	0.76041
95	72	0.745966
95	73	0.751323
95	76	0.749976
95	82	0.697919
95	94	0.734052
95	103	0.757817
95	108	0.749137
95	118	0.727709
95	122	0.747841
95	123	0.741855
95	141	0.756672
95	159	2.16
95	166	3.14472
96	23	0.808197
96	38	0.779589
96	52	0.757474
96	61	0.749769
96	68	0.753067
96	70	0.797727
96	72	0.783282
96	73	0.78864
96	76	0.787293
96	77	0.765341
96	82	0.735236
96	87	1.00906
96	94	0.771369
96	108	0.786454
96	118	0.765025
96	122	0.785157
96	123	0.779171
96	141	0.793989
96	150	1.61737
96	156	2.18239
96	165	4.07767
96	169	3.14951
97	56	1.91893
97	105	2.85571
97	137	2.4998
97	148	0.693734
97	149	0.732742
97	156	0.755978
97	159	0.737154
97	161	0.67233
97	163	0.72472
97	164	0.73301
97	168	0.690524
97	169	0.691913
97	170	0.68018
97	171	0.67985
97	172	0.719073
97	173	0.671984
97	174	0.650256
97	175	0.676251
97	176	0.658531
97	177	0.681969
97	179	0.661981
97	180	0.689207
98	8	0.715105
98	13	0.71743
98	42	0.743076
98	43	2.40626
98	46	0.732372
98	53	0.749159
98	77	1.87956
98	81	0.711443
98	104	0.754567
98	112	0.742744
98	125	0.741105
98	137	0.760189
98	140	0.729084
98	142	0.751495
98	144	0.74953
98	145	0.742434
98	157	0.759803
98	158	0.747034
98	165	0.691435
98	166	2.80945
98	175	3.30219
98	178	0.648789
99	1	0.798612
99	27	0.738769
99	29	0.796079
99	60	0.757683
99	62	0.659754
99	64	0.804194
99	74	0.798703
99	79	0.80295
99	89	0.790387
99	100	0.77087
99	102	0.804276
99	103	0.800068
99	119	0.76057
99	120	0.747315
99	124	0.773492
99	126	0.797385
99	130	2.71851
99	131	2.22512
99	135	1.85535
99	150	0.791737
99	168	3.36955
99	172	2.57095
100	27	0.696461
100	40	0.670945
100	55	0.727361
100	58	0.713759
100	60	0.715376
100	74	0.756395
100	75	0.751751
100	87	0.99345
100	89	0.74808
100	99	0.77087
100	102	0.761969
100	103	0.75776
100	113	0.722505
100	116	0.734045
100	119	0.718263
100	120	0.705008
100	124	0.731185
100	126	0.755078
100	150	0.74943
100	159	2.08575
100	168	3.3806
100	176	4.74796
101	25	0.804564
101	53	0.780468
101	54	0.802873
101	107	0.747602
101	110	0.823081
101	111	0.778978
101	121	0.780925
101	127	0.795445
101	131	2.0585
101	137	0.791497
101	139	1.53877
101	142	0.782804
101	144	0.780838
101	145	0.773743
101	152	0.764042
101	157	0.791111
101	158	0.778342
101	164	2.42438
101	165	0.722744
101	177	3.5
101	178	0.680098
101	180	3.2993
102	27	0.729867
102	54	0.800483
102	55	0.760767
102	58	0.747165
102	60	0.748782
102	62	0.650852
102	64	0.795293
102	69	0.826139
102	74	0.789801
102	80	1.22164
102	89	0.781486
102	93	1.30809
102	99	0.804276
102	100	0.761969
102	109	1.76356
102	113	0.755911
102	116	0.767451
102	120	0.738414
102	124	0.764591
102	126	0.788484
102	146	1.61735
102	150	0.782836
102	178	5.81369
103	58	0.742957
103	61	0.741594
103	70	0.789551
103	74	0.785593
103	84	3.52537
103	92	0.759302
103	94	0.763193
103	95	0.757817
103	99	0.800068
103	100	0.75776
103	109	1.46996
103	113	0.751703
103	114	2.52554
103	117	1.80232
103	118	0.75685
103	119	0.747461
103	120	0.734206
103	122	0.776981
103	123	0.770995
103	126	0.784276
103	141	0.785813
103	150	0.778628
103	170	3.18138
104	8	0.732134
104	17	0.797588
104	51	0.801344
104	54	0.788593
104	81	0.728472
104	98	0.754567
104	105	0.771889
104	111	0.764698
104	112	0.759773
104	121	0.766646
104	125	0.758134
104	140	0.746113
104	142	0.768524
104	144	0.766559
104	145	0.759463
104	146	2.12814
104	149	2.33017
104	156	2.45621
104	157	0.776832
104	158	0.764063
104	164	2.89147
104	165	0.708464
104	175	3.85263
104	178	0.665818
105	25	0.790578
105	41	2.19124
105	46	0.749694
105	71	0.73456
105	97	2.85571
105	104	0.771889
105	111	0.764991
105	121	0.766938
105	125	0.758427
105	132	0.770915
105	135	1.83193
105	137	0.77751
105	140	0.746406
105	141	0.778425
105	142	0.768817
105	144	0.766852
105	145	0.759756
105	149	2.00628
105	152	0.750056
105	157	0.777125
105	158	0.764356
105	160	3.12982
105	165	0.708757
105	178	0.666111
106	15	4.09714
106	35	1.9827
106	85	2.72016
106	93	0.779208
106	154	0.708232
106	156	0.760136
106	161	0.676489
106	164	0.737169
106	165	0.690229
106	168	0.694682
106	169	0.696071
106	170	0.684338
106	171	0.684008
106	172	0.723231
106	173	0.676143
106	174	0.654415
106	175	0.68041
106	176	0.662689
106	177	0.686128
106	178	0.647583
106	179	0.66614
106	180	0.693365
107	42	0.721831
107	63	0.75167
107	67	0.751083
107	77	2.78785
107	85	0.731259
107	101	0.747602
107	111	0.726424
107	115	0.623436
107	121	0.728372
107	125	0.71986
107	127	0.742892
107	132	0.732348
107	137	0.738944
107	140	0.707839
107	141	0.739858
107	142	0.730251
107	149	2.688
107	150	2.24903
107	152	0.711489
107	157	0.738558
107	158	0.725789
107	165	0.670191
107	175	4.21047
107	178	0.627544
108	23	0.791341
108	44	0.754938
108	52	0.740618
108	57	1.6084
108	59	0.730571
108	61	0.732913
108	68	0.73621
108	70	0.780871
108	72	0.766426
108	73	0.771784
108	76	0.770437
108	82	0.71838
108	83	1.41129
108	92	0.750622
108	94	0.754512
108	95	0.749137
108	96	0.786454
108	118	0.748169
108	122	0.768301
108	123	0.762315
108	141	0.777133
108	150	1.6967
108	177	3.7726
108	180	3.5719
109	42	2.79841
109	73	1.83544
109	84	0.751344
109	102	1.76356
109	103	1.46996
109	130	0.776141
109	133	0.827789
109	145	1.33827
109	156	0.802984
109	159	0.784161
109	160	0.748391
109	161	0.719337
109	162	0.796827
109	163	0.771727
109	167	0.758852
109	168	0.73753
109	171	0.726856
109	172	0.766079
109	173	0.718991
109	174	0.697263
109	175	0.723258
109	176	0.705537
109	177	0.728976
109	179	0.708988
109	180	0.736213
110	4	0.75831
110	12	0.75941
110	20	0.825151
110	24	0.821692
110	26	0.821692
110	28	0.82042
110	30	0.800847
110	31	0.800451
110	37	0.800158
110	59	0.768775
110	101	0.823081
110	115	0.698915
110	125	0.795339
110	136	2.04982
110	140	0.783318
110	144	0.803764
110	147	3.22842
110	152	0.786968
110	157	0.814036
110	158	0.801268
110	159	2.05451
110	163	2.49488
110	164	2.5708
110	172	2.55076
110	178	0.703023
111	17	0.79069
111	33	0.719355
111	34	1.07392
111	36	0.770319
111	63	0.783046
111	71	0.727369
111	81	0.721574
111	86	2.05663
111	101	0.778978
111	104	0.764698
111	105	0.764991
111	107	0.726424
111	121	0.759747
111	127	0.774268
111	132	0.763724
111	140	0.739215
111	144	0.759661
111	145	0.752565
111	148	3.38317
111	157	0.769934
111	158	0.757165
111	163	2.16003
111	165	0.701566
111	173	3.7429
111	178	0.65892
112	33	0.71443
112	42	0.748281
112	51	0.789521
112	56	0.791691
112	71	0.722443
112	78	0.761813
112	91	3.43283
112	98	0.742744
112	104	0.759773
112	114	0.736834
112	121	0.754822
112	125	0.746311
112	127	0.769342
112	132	0.758798
112	135	1.5437
112	137	0.765394
112	142	0.756701
112	145	0.747639
112	152	0.737939
112	157	0.765008
112	158	0.752239
112	160	2.8416
112	167	2.32818
112	178	0.653994
112	180	3.15428
113	1	0.750247
113	15	0.719685
113	27	0.690404
113	29	0.747714
113	40	0.664887
113	57	1.17565
113	60	0.709318
113	62	0.940434
113	64	0.755829
113	69	0.786675
113	75	0.745694
113	79	0.754585
113	89	0.742022
113	90	1.67769
113	100	0.722505
113	102	0.755911
113	103	0.751703
113	116	0.727987
113	119	0.712205
113	120	0.69895
113	124	0.725127
113	126	0.74902
113	150	0.743372
113	167	2.31305
113	171	3.44833
113	179	4.35007
114	30	1.93132
114	52	2.7688
114	60	3.17433
114	71	0.711328
114	85	0.746594
114	103	2.52554
114	112	0.736834
114	121	0.743707
114	132	0.747683
114	137	0.754279
114	144	0.74362
114	145	0.736524
114	146	0.740085
114	148	0.693189
114	152	0.726824
114	153	0.668819
114	157	0.753893
114	168	0.689979
114	169	0.691368
114	170	0.679635
114	173	0.671439
114	175	0.675706
114	176	0.657985
114	177	0.681424
114	179	0.661436
114	180	0.688662
115	33	0.616367
115	45	0.571491
115	50	0.686362
115	62	10.4
115	81	0.618586
115	84	0.616845
115	86	0.654999
115	107	0.623436
115	110	0.698915
115	125	0.648248
115	132	0.660736
115	141	0.668246
115	152	0.639877
115	154	0.616581
115	157	0.666945
115	158	0.654177
115	165	0.598578
115	166	0.609731
115	169	0.60442
115	171	0.592357
115	172	0.63158
115	175	0.588759
115	177	0.594477
115	178	0.555932
115	179	0.574489
115	180	0.601714
116	2	0.712838
116	6	0.808659
116	7	0.711432
116	9	0.807902
116	16	0.698424
116	18	0.697605
116	21	0.774856
116	32	0.75683
116	35	0.756389
116	58	0.719241
116	60	0.720859
116	80	1.61559
116	89	0.753562
116	100	0.734045
116	102	0.767451
116	113	0.727987
116	119	0.723745
116	120	0.710491
116	124	0.736667
116	126	0.760561
116	130	2.90214
116	131	2.40875
116	150	0.754913
116	151	1.75157
116	153	4.74791
116	162	0.75618
117	24	2.33878
117	56	1.34605
117	103	1.80232
117	125	1.98396
117	134	0.80083
117	136	0.801279
117	145	1.67063
117	149	0.767163
117	154	0.738495
117	156	0.790399
117	159	0.771575
117	160	0.735805
117	163	0.759141
117	164	0.767432
117	167	0.746267
117	169	0.726334
117	170	0.714601
117	171	0.714271
117	172	0.753494
117	173	0.706406
117	174	0.684678
117	175	0.710672
117	176	0.692952
117	177	0.71639
117	178	0.677846
117	179	0.696403
117	180	0.723628
118	22	0.78203
118	23	0.769913
118	38	0.741305
118	44	0.73351
118	45	0.65895
118	59	0.709142
118	61	0.711485
118	68	0.714782
118	70	0.759443
118	72	0.744998
118	73	0.750355
118	76	0.749009
118	77	0.727056
118	82	0.696952
118	92	0.729193
118	94	0.733084
118	95	0.727709
118	96	0.765025
118	103	0.75685
118	108	0.748169
118	122	0.746873
118	123	0.740887
118	134	2.11068
118	139	2.45925
118	151	2.32179
118	159	2.82856
118	173	4.85179
119	1	0.746005
119	15	0.715443
119	27	0.686162
119	40	0.660645
119	55	0.717061
119	58	0.703459
119	60	0.705076
119	62	0.936192
119	64	0.751587
119	69	0.782433
119	74	0.746096
119	79	0.750343
119	89	0.73778
119	99	0.76057
119	100	0.718263
119	103	0.747461
119	113	0.712205
119	116	0.723745
119	120	0.694708
119	124	0.720885
119	126	0.744778
119	148	4.1662
119	149	2.45767
119	150	0.73913
119	151	1.99592
119	156	2.58372
119	169	3.55084
120	15	0.702188
120	27	0.672907
120	40	0.647391
120	54	0.743522
120	55	0.703806
120	58	0.690204
120	60	0.691821
120	62	0.922937
120	64	0.738332
120	69	0.769178
120	74	0.732841
120	75	0.728197
120	79	0.737088
120	89	0.724525
120	99	0.747315
120	100	0.705008
120	102	0.738414
120	103	0.734206
120	113	0.69895
120	116	0.710491
120	119	0.694708
120	124	0.70763
120	126	0.731524
120	138	4.3997
120	150	0.725875
120	155	2.92702
120	162	1.51149
120	165	3.28937
120	179	3.91519
121	13	0.729508
121	14	1.53616
121	17	0.792638
121	42	0.755154
121	46	0.74445
121	56	0.798564
121	59	0.726619
121	63	0.784994
121	87	1.29776
121	101	0.780925
121	104	0.766646
121	105	0.766938
121	107	0.728372
121	111	0.759747
121	112	0.754822
121	114	0.743707
121	125	0.753183
121	127	0.776215
121	134	1.67218
121	137	0.772267
121	144	0.761608
121	145	0.754512
121	152	0.744812
121	153	4.87964
121	156	2.47109
121	157	0.771881
121	158	0.759112
121	164	2.90635
121	178	0.660867
122	22	0.802162
122	23	0.790045
122	38	0.761436
122	44	0.753642
122	45	0.679082
122	53	0.802169
122	59	0.729274
122	61	0.731617
122	68	0.734914
122	70	0.779575
122	72	0.76513
122	73	0.770487
122	76	0.769141
122	77	0.747188
122	82	0.717084
122	86	1.61301
122	92	0.749325
122	94	0.753216
122	95	0.747841
122	96	0.785157
122	103	0.776981
122	108	0.768301
122	118	0.746873
122	123	0.761019
122	141	0.775837
122	154	2.81982
122	168	2.57089
122	173	3.29928
122	179	3.87818
123	22	0.796176
123	23	0.784059
123	38	0.75545
123	44	0.747656
123	45	0.673096
123	47	0.874134
123	52	0.733336
123	59	0.723288
123	61	0.725631
123	68	0.728928
123	70	0.773589
123	72	0.759144
123	73	0.764501
123	76	0.763155
123	77	0.741202
123	82	0.711098
123	92	0.743339
123	94	0.74723
123	95	0.741855
123	96	0.779171
123	103	0.770995
123	108	0.762315
123	118	0.740887
123	122	0.761019
123	141	0.76985
123	146	1.27429
123	165	3.49763
123	172	2.01757
123	177	3.11323
123	178	5.47063
124	15	0.728365
124	27	0.699084
124	29	0.756394
124	40	0.673567
124	49	5.53916
124	50	0.603403
124	54	0.769699
124	55	0.729983
124	58	0.716381
124	60	0.717998
124	62	0.949114
124	64	0.764509
124	69	0.795355
124	74	0.759017
124	75	0.754374
124	79	0.763265
124	89	0.750702
124	99	0.773492
124	100	0.731185
124	102	0.764591
124	113	0.725127
124	116	0.736667
124	119	0.720885
124	120	0.70763
124	126	0.7577
124	130	1.75796
124	150	0.752052
124	165	3.09046
124	172	1.6104
124	177	2.70606
125	25	0.776823
125	42	0.746643
125	47	1.10523
125	63	0.776482
125	71	0.720805
125	85	0.75607
125	98	0.741105
125	104	0.758134
125	105	0.758427
125	107	0.71986
125	110	0.795339
125	112	0.746311
125	115	0.648248
125	117	1.98396
125	121	0.753183
125	127	0.767704
125	129	2.0762
125	137	0.763755
125	140	0.732651
125	141	0.76467
125	142	0.755062
125	144	0.753097
125	145	0.746001
125	152	0.736301
125	157	0.763369
125	158	0.750601
125	165	0.695002
125	167	2.31753
125	173	3.77565
125	176	4.41462
125	178	0.652356
126	1	0.782821
126	3	1.66244
126	15	0.752258
126	27	0.722977
126	29	0.780287
126	50	1.70801
126	54	0.793592
126	55	0.753877
126	58	0.740274
126	60	0.741892
126	62	0.973007
126	64	0.788403
126	74	0.782911
126	75	0.778267
126	79	0.787158
126	89	0.774595
126	99	0.797385
126	100	0.755078
126	102	0.788484
126	103	0.784276
126	113	0.74902
126	116	0.760561
126	119	0.744778
126	120	0.731524
126	124	0.7577
126	128	2.38034
126	135	1.99939
126	150	0.775946
126	154	3.76254
126	159	2.21875
126	172	2.715
127	33	0.735823
127	36	0.786786
127	42	0.769674
127	46	0.75897
127	51	0.810914
127	56	0.813084
127	78	0.783206
127	81	0.738042
127	101	0.795445
127	107	0.742892
127	111	0.774268
127	112	0.769342
127	121	0.776215
127	125	0.767704
127	132	0.780191
127	133	1.60614
127	140	0.755682
127	141	0.787702
127	142	0.778094
127	144	0.776128
127	145	0.769032
127	150	1.54214
127	152	0.759332
127	156	2.10716
127	157	0.786401
127	158	0.773632
127	163	2.4665
127	165	0.718034
127	171	3.72653
127	172	2.52238
127	178	0.675388
127	179	4.62827
128	10	0.700843
128	60	2.38116
128	63	2.56329
128	78	2.54578
128	126	2.38034
128	134	0.773902
128	138	0.67359
128	143	0.788641
128	149	0.740235
128	151	0.782228
128	153	0.676857
128	155	0.701503
128	156	0.76347
128	158	2.08866
128	159	0.744646
128	160	0.708877
128	163	0.732213
128	164	0.740503
128	166	0.704717
128	167	0.719338
128	168	0.698016
128	169	0.699405
128	170	0.687672
128	171	0.687342
128	172	0.726565
128	173	0.679477
128	174	0.657749
128	175	0.683744
128	176	0.666023
128	177	0.689462
128	179	0.669474
128	180	0.696699
129	35	1.24425
129	50	0.773297
129	81	3.23432
129	86	0.741934
129	94	2.54876
129	125	2.0762
129	132	2.99295
129	134	0.765852
129	135	0.795671
129	139	0.762448
129	143	0.780591
129	149	0.732185
129	150	0.747996
129	153	0.668807
129	154	0.703516
129	155	0.693453
129	161	0.671773
129	163	0.724163
129	164	0.732453
129	166	0.696667
129	167	0.711288
129	168	0.689966
129	169	0.691355
129	170	0.679622
129	171	0.679293
129	172	0.718516
129	173	0.671427
129	174	0.649699
129	175	0.675694
129	177	0.681412
129	179	0.661424
129	180	0.68865
130	20	3.08284
130	22	2.73855
130	39	0.863154
130	66	0.753244
130	99	2.71851
130	109	0.776141
130	116	2.90214
130	124	1.75796
130	136	0.769183
130	138	0.668422
130	148	0.696059
130	153	0.671689
130	155	0.696335
130	156	0.758303
130	159	0.739479
130	160	0.703709
130	163	0.727045
130	164	0.735335
130	166	0.699549
130	167	0.71417
130	168	0.692848
130	169	0.694238
130	170	0.682504
130	171	0.682175
130	172	0.721398
130	173	0.674309
130	174	0.652581
130	175	0.678576
130	176	0.660855
130	177	0.684294
130	178	0.64575
130	179	0.664306
130	180	0.691532
131	34	0.826682
131	36	3.55437
131	40	0.695949
131	49	0.701522
131	54	1.45794
131	99	2.22512
131	101	2.0585
131	116	2.40875
131	139	0.788886
131	143	0.807029
131	147	0.733701
131	148	0.719615
131	151	0.800616
131	154	0.729954
131	157	1.11966
131	159	0.763035
131	160	0.727265
131	161	0.698211
131	164	0.758891
131	165	0.711952
131	166	0.723105
131	167	0.737726
131	168	0.716404
131	169	0.717793
131	170	0.70606
131	171	0.705731
131	172	0.744954
131	173	0.697865
131	174	0.676137
131	175	0.702132
131	176	0.684411
131	177	0.70785
131	179	0.687862
131	180	0.715088
132	5	0.838224
132	8	0.731159
132	13	0.733484
132	14	1.81526
132	17	0.796614
132	29	0.774314
132	46	0.748426
132	51	0.80037
132	54	0.787619
132	56	0.80254
132	63	0.78897
132	81	0.727498
132	85	0.768558
132	105	0.770915
132	107	0.732348
132	111	0.763724
132	112	0.758798
132	114	0.747683
132	115	0.660736
132	127	0.780191
132	129	2.99295
132	134	1.95128
132	137	0.776243
132	140	0.745138
132	141	0.777158
132	142	0.76755
132	143	2.05167
132	145	0.758489
132	152	0.748788
132	158	0.763088
132	163	3.10953
132	165	0.70749
132	168	3.96401
132	178	0.664844
133	18	3.34945
133	23	1.56365
133	47	0.825031
133	52	1.39405
133	70	1.79611
133	109	0.827789
133	127	1.60614
133	141	1.22068
133	146	0.794603
133	148	0.747707
133	149	0.786715
133	151	0.828708
133	152	0.892518
133	153	0.723337
133	155	0.747983
133	156	0.80995
133	161	0.726303
133	163	0.778693
133	164	0.786983
133	166	0.751197
133	167	0.765818
133	168	0.744496
133	169	0.745885
133	170	0.734152
133	171	0.733823
133	172	0.773045
133	173	0.725957
133	174	0.704229
133	175	0.730224
133	176	0.712503
133	177	0.735942
133	178	0.697397
133	179	0.715954
133	180	0.743179
134	5	0.874106
134	8	3.04363
134	15	2.31703
134	19	0.715619
134	75	1.54306
134	117	0.80083
134	118	2.11068
134	121	1.67218
134	128	0.773902
134	129	0.765852
134	132	1.95128
134	137	0.977501
134	138	0.705697
134	139	0.802606
134	147	0.74742
134	151	0.814336
134	153	0.708964
134	156	0.795578
