1	69	3.18284
1	143	0.77408
1	146	0.842575
1	148	0.788885
1	149	0.827613
1	153	0.673985
1	170	0.798857
1	175	0.72279
1	177	0.724364
1	178	0.770821
1	179	0.720912
1	180	0.757263
2	22	0.873432
2	29	0.8703
2	31	0.869116
2	67	0.811776
2	97	0.825039
2	99	0.813389
2	110	0.837288
2	114	0.827291
2	115	0.824965
2	119	0.852247
2	130	2.35953
2	170	1.99561
3	122	0.964897
3	126	1.20962
3	127	0.898819
3	136	0.929681
3	148	1.66584
3	157	0.938692
3	158	0.942468
3	159	0.939754
3	160	0.933144
3	162	0.928552
3	163	0.924226
3	172	1.83836
4	12	0.802252
4	28	1.70462
4	105	0.862081
4	150	0.852298
4	157	0.842324
4	158	0.8461
4	159	0.843386
4	160	0.836776
4	161	0.855523
4	162	0.832184
4	163	0.827859
4	174	2.56072
5	9	0.921409
5	15	0.935435
5	23	0.812965
5	35	0.882388
5	129	0.838045
5	131	0.727985
5	134	0.854059
5	139	0.80743
5	142	2.47138
5	144	0.821137
5	168	0.801993
5	178	1.93335
6	39	0.861049
6	43	0.869512
6	52	0.850592
6	53	0.853958
6	68	0.832714
6	69	0.832549
6	78	0.821204
6	84	0.821052
6	86	0.948709
6	129	2.48172
6	153	0.715665
6	170	1.90872
7	25	0.873884
7	29	0.972815
7	45	0.938555
7	93	1.46576
7	99	0.915904
7	106	0.952614
7	110	0.939804
7	114	0.929807
7	115	0.92748
7	118	1.07267
7	119	0.954762
7	168	2.22505
8	71	0.897652
8	85	0.942296
8	120	0.949155
8	132	0.943351
8	136	0.924707
8	151	0.911734
8	159	0.93478
8	160	0.928169
8	161	0.946917
8	163	0.919252
8	169	1.31047
8	175	2.63228
9	5	0.921409
9	15	1.02683
9	23	0.904363
9	35	0.973786
9	82	0.942924
9	129	0.929443
9	134	0.945457
9	139	0.898828
9	144	0.912535
9	168	0.893391
9	174	1.36371
9	179	2.42938
10	104	0.903784
10	115	1.34749
10	126	0.888555
10	154	0.868955
10	158	1.42011
10	166	0.867886
10	172	0.847522
10	174	0.818566
10	177	0.782574
10	178	0.829032
10	179	0.779123
10	180	0.815474
11	122	0.865469
11	136	0.830253
11	137	0.835168
11	147	1.78156
11	151	0.817281
11	155	0.85385
11	158	0.84304
11	159	0.840326
11	160	0.833716
11	161	0.852463
11	162	0.829124
11	176	2.58936
12	4	0.802252
12	107	0.867628
12	109	0.811898
12	130	1.41404
12	136	0.83827
12	145	0.845956
12	150	0.857254
12	158	0.851056
12	159	0.848343
12	160	0.841732
12	162	0.837141
12	177	2.97436
13	112	0.853171
13	120	0.864467
13	121	1.74421
13	145	0.847705
13	151	0.827046
13	155	0.863616
13	157	0.84903
13	158	0.852806
13	161	0.862229
13	163	0.834564
13	171	2.61718
13	173	0.74499
14	49	0.868591
14	88	0.890716
14	90	0.821935
14	100	0.851662
14	111	0.869932
14	113	0.860776
14	123	0.87466
14	126	1.68639
14	156	2.69613
14	168	0.805491
14	173	0.75814
14	176	0.800983
15	5	0.935435
15	9	1.02683
15	23	0.91839
15	35	0.987812
15	131	0.833409
15	133	1.6868
15	134	0.959484
15	138	1.42997
15	139	0.912854
15	144	0.926561
15	147	1.59173
15	168	0.907417
16	30	0.901518
16	34	1.6859
16	38	0.863254
16	57	0.848117
16	59	0.85146
16	65	0.830464
16	66	0.830304
16	70	0.830148
16	80	0.888332
16	98	2.69252
16	142	0.776943
16	176	0.783927
17	53	0.866976
17	72	1.906
17	78	0.834221
17	84	0.83407
17	113	0.859853
17	123	0.873736
17	132	0.87089
17	153	0.728682
17	155	0.875842
17	157	0.861256
17	172	2.42725
17	176	0.80006
18	25	0.784854
18	50	0.850027
18	97	0.838525
18	99	0.826874
18	106	0.863584
18	110	0.850774
18	114	0.840777
18	115	0.83845
18	119	0.865732
18	134	0.846409
18	154	1.90167
18	178	2.49524
19	136	0.923463
19	141	0.738451
19	145	0.931149
19	150	0.942447
19	155	0.94706
19	158	0.93625
19	159	0.933536
19	161	0.945673
19	162	0.922334
19	163	0.918008
19	171	1.28925
19	175	2.76069
20	31	1.35935
20	107	1.44324
20	142	0.823797
20	147	0.8923
20	169	0.851458
20	171	0.86734
20	174	0.845774
20	175	0.808209
20	177	0.809782
20	178	0.85624
20	179	0.806331
20	180	0.842682
21	38	0.865206
21	54	0.844692
21	57	0.850069
21	59	0.853412
21	65	0.832416
21	66	0.832257
21	70	0.8321
21	80	0.890284
21	130	0.821853
21	175	2.75204
21	176	0.785879
21	180	1.64061
22	2	0.873432
22	67	0.89747
22	91	0.901991
22	97	0.910733
22	99	0.899083
22	106	0.935792
22	110	0.922982
22	114	0.912985
22	115	0.910659
22	119	0.937941
22	139	1.10856
22	173	3.5203
22	178	0.666745
23	5	0.812965
23	9	0.904363
23	15	0.91839
23	35	0.865342
23	64	0.854286
23	129	0.820999
23	131	0.710939
23	134	0.837014
23	139	0.790384
23	144	0.804091
23	149	1.87036
23	168	0.784948
23	176	2.8322
24	131	0.628422
24	153	0.626545
24	154	0.763304
24	156	0.722401
24	167	0.706385
24	170	0.751417
24	171	0.734481
24	174	0.712915
24	175	0.67535
24	177	0.676923
24	178	0.723381
24	179	0.673472
24	180	0.709823
25	7	0.873884
25	18	0.784854
25	29	0.85393
25	50	0.820171
25	106	0.833729
25	110	0.820918
25	114	0.810921
25	115	0.808595
25	119	0.835877
25	134	0.816553
25	138	2.42535
25	141	0.842233
25	146	2.19779
26	129	0.773182
26	156	0.757101
26	159	3.52148
26	165	0.798965
26	166	0.796935
26	169	0.753299
26	170	0.786117
26	171	0.76918
26	174	0.747615
26	177	0.711623
26	178	0.758081
26	179	0.708172
26	180	0.744523
27	28	0.832976
27	50	1.37485
27	90	1.8306
27	146	0.895728
27	164	0.859172
27	169	0.819192
27	170	0.85201
27	172	0.842465
27	174	0.813508
27	177	0.777516
27	178	0.823974
27	179	0.774065
27	180	0.810416
28	4	1.70462
28	27	0.832976
28	90	1.8664
28	164	0.860077
28	165	0.865763
28	166	0.863733
28	171	0.835978
28	172	0.843369
28	174	0.814413
28	175	0.776848
28	178	0.824879
28	179	0.77497
28	180	0.811321
29	2	0.8703
29	7	0.972815
29	25	0.85393
29	55	1.52937
29	97	0.907601
29	99	0.89595
29	106	0.93266
29	110	0.919849
29	114	0.909852
29	115	0.907526
29	118	1.46648
29	119	0.934808
29	172	1.99448
30	16	0.901518
30	32	1.89573
30	38	0.961878
30	54	0.941363
30	57	0.94674
30	65	0.929088
30	66	0.928928
30	70	0.928771
30	80	0.986956
30	133	1.6437
30	146	1.15932
30	176	0.882551
31	2	0.869116
31	20	1.35935
31	45	0.917417
31	50	0.917919
31	67	0.893154
31	92	0.932367
31	97	0.906417
31	110	0.918666
31	114	0.908669
31	115	0.906342
31	119	0.933624
31	140	1.37879
31	142	1.95664
32	30	1.89573
32	35	1.63005
32	106	0.862859
32	110	0.850049
32	147	0.850629
32	155	0.864892
32	158	0.854082
32	161	0.863505
32	169	0.809787
32	177	0.768111
32	178	0.814569
32	179	0.76466
32	180	0.80101
33	55	0.878568
33	81	1.77534
33	115	1.58662
33	147	0.849963
33	148	0.831967
33	156	0.812923
33	164	0.849101
33	170	0.841938
33	171	0.825002
33	175	0.765872
33	177	0.767445
33	178	0.813903
33	179	0.763994
33	180	0.800345
34	16	1.6859
34	120	0.731758
34	123	1.03002
34	140	0.901259
34	166	0.933933
34	167	0.878084
34	169	0.890297
34	170	0.923115
34	171	0.906179
34	172	0.91357
34	174	0.884613
34	175	0.847048
34	179	0.845171
34	180	0.881521
35	5	0.882388
35	9	0.973786
35	15	0.987812
35	23	0.865342
35	32	1.63005
35	64	0.923708
35	129	0.890422
35	131	0.780362
35	134	0.906437
35	139	0.859807
35	140	1.80574
35	144	0.873514
35	165	1.54795
35	168	0.85437
36	42	0.928446
36	49	0.912775
36	79	0.88071
36	88	0.9349
36	90	0.866119
36	100	0.895845
36	111	0.914115
36	113	0.90496
36	123	0.918843
36	133	1.62283
36	170	1.45268
36	173	0.802324
36	174	2.26003
36	176	0.845167
37	110	1.74003
37	149	0.876484
37	154	0.859616
37	161	1.67962
37	167	0.802697
37	170	0.847728
37	171	0.830792
37	172	0.838183
37	174	0.809227
37	175	0.771662
37	177	0.773235
37	178	0.819693
37	179	0.769784
37	180	0.806135
38	16	0.863254
38	21	0.865206
38	30	0.961878
38	54	0.903099
38	55	1.47618
38	59	0.911819
38	63	2.22561
38	65	0.890824
38	66	0.890664
38	70	0.890507
38	80	0.948691
38	141	1.57578
38	142	0.837302
38	176	0.844286
39	6	0.861049
39	43	0.921435
39	44	0.917458
39	52	0.902515
39	68	0.884637
39	69	0.884472
39	78	0.873127
39	84	0.872976
39	86	1.00063
39	141	0.92122
39	143	0.793363
39	153	0.767588
39	173	3.68231
39	176	1.07394
40	104	0.968011
40	122	0.916107
40	137	0.885806
40	150	0.899876
40	151	0.867919
40	155	0.904488
40	157	0.889902
40	158	0.893678
40	160	0.884354
40	161	0.903102
40	162	0.879762
40	163	0.875437
40	171	1.52108
40	177	2.88963
41	42	0.935868
41	61	0.915651
41	79	0.888132
41	90	0.873541
41	92	0.927229
41	100	0.903267
41	113	0.912382
41	123	0.926265
41	144	2.15366
41	154	1.31372
41	168	0.857097
41	173	0.809746
41	176	0.852589
41	178	1.90729
42	36	0.928446
42	41	0.935868
42	58	0.917337
42	90	0.86919
42	100	0.898917
42	111	0.917187
42	113	0.908031
42	123	0.921915
42	165	1.36978
42	167	2.16795
42	168	0.852746
42	173	0.805395
42	174	1.83704
42	176	0.848238
43	6	0.869512
43	39	0.921435
43	52	0.910978
43	68	0.8931
43	69	0.892935
43	76	1.52961
43	78	0.88159
43	84	0.881438
43	86	1.0091
43	129	1.88837
43	141	0.929683
43	142	0.840445
43	153	0.776051
43	178	1.95305
44	39	0.917458
44	52	0.907
44	53	0.910367
44	68	0.889122
44	69	0.888958
44	78	0.877612
44	84	0.877461
44	86	1.00512
44	117	1.4254
44	141	0.925706
44	142	0.836467
44	153	0.772074
44	154	1.05945
44	177	2.93959
45	7	0.938555
45	31	0.917417
45	50	0.884842
45	67	0.860077
45	99	0.86169
45	106	0.8984
45	110	0.885589
45	114	0.875592
45	115	0.873266
45	119	0.900548
45	129	1.50788
45	139	2.01437
45	141	0.906905
45	168	1.92967
46	122	1.02245
46	148	0.898238
46	151	1.27402
46	155	1.0511
46	165	0.921058
46	169	0.875392
46	170	0.908209
46	171	0.891273
46	172	0.898664
46	174	0.869708
46	175	0.832143
46	177	0.833716
46	178	0.880174
46	179	0.830265
46	180	0.866616
47	120	0.898016
47	121	1.40445
47	137	0.878482
47	145	0.881253
47	155	0.897164
47	157	0.882578
47	158	0.886354
47	159	0.88364
47	160	0.87703
47	161	0.895777
47	162	0.872438
47	163	0.868112
47	166	1.88883
47	173	0.778538
47	178	2.35941
48	49	0.901999
48	61	0.897454
48	79	0.869935
48	88	0.924124
48	90	0.855343
48	95	2.00533
48	100	0.88507
48	111	0.90334
48	113	0.894184
48	123	0.908068
48	147	1.50148
48	168	0.838899
48	169	2.13173
48	173	0.791548
48	176	0.834391
49	14	0.868591
49	36	0.912775
49	48	0.901999
49	88	0.9223
49	90	0.853519
49	100	0.883246
49	111	0.901516
49	113	0.89236
49	123	0.906244
49	148	1.57379
49	168	0.837075
49	172	1.74632
49	173	0.789724
49	176	0.832567
49	180	2.29163
50	18	0.850027
50	25	0.820171
50	27	1.37485
50	31	0.917919
50	45	0.884842
50	67	0.860579
50	97	0.873842
50	99	0.862192
50	106	0.898901
50	110	0.886091
50	114	0.876094
50	115	0.873768
50	119	0.90105
50	144	2.34346
50	147	1.53449
51	77	0.90449
51	122	0.897897
51	132	0.881326
51	145	0.870367
51	148	1.5568
51	150	0.881665
51	151	0.849708
51	155	0.886278
51	157	0.871692
51	159	0.872754
51	160	0.866144
51	162	0.861552
51	163	0.857226
51	171	1.91461
51	174	2.16625
52	6	0.850592
52	39	0.902515
52	43	0.910978
52	44	0.907
52	53	0.895424
52	68	0.87418
52	69	0.874015
52	71	0.811649
52	78	0.86267
52	84	0.862518
52	86	0.990175
52	142	0.821525
52	153	0.757131
52	175	2.54628
52	179	2.39215
53	6	0.853958
53	17	0.866976
53	44	0.910367
53	52	0.895424
53	68	0.877546
53	69	0.877382
53	78	0.866036
53	84	0.865885
53	86	0.993542
53	134	1.97435
53	141	0.914129
53	142	0.824891
53	146	1.57295
53	153	0.760497
53	166	2.0543
54	21	0.844692
54	30	0.941363
54	38	0.903099
54	57	0.887962
54	59	0.891304
54	65	0.870309
54	66	0.870149
54	70	0.869993
54	80	0.928177
54	93	0.925243
54	130	0.859745
54	142	0.816788
54	144	1.13635
54	153	6.036
54	176	0.823772
55	29	1.52937
55	33	0.878568
55	38	1.47618
55	125	1.09918
55	140	0.886722
55	156	0.879562
55	164	0.91574
55	170	0.908578
55	171	0.891642
55	172	0.899033
55	175	0.832511
55	177	0.834085
55	178	0.880542
55	179	0.830634
55	180	0.866984
56	92	1.02495
56	123	1.28367
56	143	0.883233
56	145	1.07567
56	152	0.927203
56	166	0.918828
56	169	0.875192
56	171	0.891074
56	172	0.898465
56	174	0.869509
56	175	0.831943
56	177	0.833517
56	178	0.879974
56	179	0.830066
56	180	0.866416
57	16	0.848117
57	21	0.850069
57	30	0.94674
57	54	0.887962
57	59	0.896681
57	65	0.875686
57	66	0.875526
57	70	0.87537
57	80	0.933554
57	98	0.933312
57	130	0.865122
57	142	0.822165
57	156	1.10948
57	173	3.8493
57	176	0.829149
58	42	0.917337
58	61	0.897121
58	79	0.869602
58	88	0.923791
58	90	0.855011
58	111	0.903007
58	113	0.893852
58	123	0.907735
58	130	0.870032
58	131	9.3
58	141	1.02011
58	149	0.93624
58	168	0.838566
58	173	0.791215
58	176	0.834058
59	16	0.85146
59	21	0.853412
59	38	0.911819
59	54	0.891304
59	57	0.896681
59	65	0.879029
59	66	0.878869
59	70	0.878712
59	71	1.47482
59	80	0.936897
59	130	0.868465
59	142	0.825508
59	170	1.1823
59	176	0.832492
59	179	3.05532
60	86	0.652531
60	97	0.897121
60	110	0.90937
60	111	0.917379
60	115	0.897047
60	119	0.924329
60	123	0.922107
60	124	1.39898
60	161	1.22069
60	173	0.805588
60	176	0.848431
60	177	0.827432
60	178	0.87389
60	179	0.823981
60	180	0.860332
61	41	0.915651
61	48	0.897454
61	58	0.897121
61	79	0.863565
61	88	0.917755
61	91	1.67875
61	100	0.8787
61	111	0.89697
61	113	0.887815
61	123	0.901698
61	143	2.24962
61	164	1.70986
61	168	0.83253
61	173	0.785179
61	176	0.828022
62	131	0.661814
62	139	0.741259
62	146	0.828527
62	148	0.774838
62	158	4.40057
62	164	0.791971
62	167	0.739778
62	169	0.751991
62	171	0.767873
62	172	0.775264
62	174	0.746308
62	175	0.708742
62	177	0.710316
62	178	0.756773
62	179	0.706865
62	180	0.743215
63	38	2.22561
63	145	1.90812
63	149	0.866616
63	152	0.857052
63	156	0.808844
63	164	0.845022
63	167	0.792828
63	169	0.805042
63	170	0.837859
63	174	0.799358
63	175	0.761793
63	177	0.763366
63	178	0.809824
63	179	0.759915
63	180	0.796266
64	23	0.854286
64	35	0.923708
64	85	1.51675
64	86	0.613907
64	111	0.907754
64	113	0.898599
64	123	0.912482
64	144	0.862457
64	160	1.43975
64	168	0.843314
64	175	0.816234
64	176	0.838806
64	177	0.817807
64	178	0.864265
64	179	0.814356
64	180	0.850706
65	16	0.830464
65	21	0.832416
65	30	0.929088
65	38	0.890824
65	54	0.870309
65	57	0.875686
65	59	0.879029
65	66	0.857874
65	70	0.857717
65	80	0.915902
65	129	1.79567
65	130	0.84747
65	142	0.804513
65	167	2.36092
65	176	0.811497
65	178	1.86036
66	16	0.830304
66	21	0.832257
66	30	0.928928
66	38	0.890664
66	54	0.870149
66	57	0.875526
66	59	0.878869
66	65	0.857874
66	70	0.857557
66	80	0.915742
66	130	0.84731
66	141	1.95609
66	142	0.804353
66	146	1.63695
66	172	2.3216
66	176	0.811337
67	2	0.811776
67	22	0.89747
67	31	0.893154
67	45	0.860077
67	50	0.860579
67	97	0.849077
67	99	0.837426
67	106	0.874136
67	110	0.861326
67	114	0.851329
67	115	0.849003
67	119	0.876284
67	121	1.70879
67	135	2.13912
67	141	0.882641
67	164	2.0886
68	6	0.832714
68	39	0.884637
68	43	0.8931
68	44	0.889122
68	52	0.87418
68	53	0.877546
68	69	0.856137
68	78	0.844792
68	84	0.84464
68	86	0.972297
68	116	1.48363
68	139	2.90024
68	141	0.892885
68	142	0.803646
68	152	1.62261
68	153	0.739253
69	1	3.18284
69	6	0.832549
69	39	0.884472
69	43	0.892935
69	44	0.888958
69	52	0.874015
69	53	0.877382
69	68	0.856137
69	78	0.844627
69	84	0.844476
69	86	0.972133
69	129	1.32636
69	141	0.89272
69	142	0.803482
69	153	0.739088
69	165	1.09344
70	16	0.830148
70	21	0.8321
70	30	0.928771
70	38	0.890507
70	54	0.869993
70	57	0.87537
70	59	0.878712
70	65	0.857717
70	66	0.857557
70	80	0.915585
70	116	1.79071
70	130	0.847153
70	142	0.804196
70	149	2.04886
70	170	2.12783
70	176	0.81118
71	8	0.897652
71	52	0.811649
71	59	1.47482
71	147	0.975597
71	158	1.21645
71	166	0.978391
71	167	0.922541
71	169	0.934755
71	170	0.967573
71	172	0.958028
71	174	0.929071
71	175	0.891506
71	177	0.893079
71	178	0.939537
71	179	0.889628
71	180	0.925979
72	17	1.906
72	95	0.857249
72	98	0.864373
72	120	1.01228
72	124	1.10183
72	154	0.896879
72	164	0.892154
72	165	0.897841
72	170	0.884992
72	171	0.868056
72	172	0.875447
72	174	0.846491
72	177	0.810499
72	178	0.856956
72	179	0.807048
72	180	0.843398
73	77	0.477309
73	97	1.53057
73	109	1.65177
73	143	0.874442
73	156	0.870202
73	166	0.910037
73	167	0.854187
73	169	0.866401
73	171	0.882282
73	172	0.889673
73	174	0.860717
73	175	0.823152
73	177	0.824725
73	178	0.871183
73	179	0.821274
73	180	0.857624
74	84	1.77772
74	88	1.09395
74	93	0.921712
74	121	0.890878
74	140	0.857906
74	146	0.923479
74	149	0.908517
74	161	0.840713
74	164	0.886924
74	169	0.846944
74	171	0.862825
74	175	0.803695
74	177	0.805268
74	178	0.851726
74	179	0.801817
74	180	0.838168
75	87	0.926195
75	95	1.76874
75	104	1.19244
75	107	0.937616
75	109	0.881886
75	112	0.92141
75	122	0.943474
75	134	1.27696
75	136	0.908258
75	142	2.36552
75	151	0.895285
75	157	0.917269
75	159	0.918331
75	160	0.911721
75	161	0.930468
75	162	0.907129
75	163	0.902803
76	43	1.52961
76	105	1.7453
76	135	0.872503
76	148	0.865914
76	149	0.904641
76	154	0.887772
76	159	1.09757
76	166	0.886703
76	169	0.843067
76	171	0.858949
76	172	0.86634
76	174	0.837384
76	175	0.799818
76	177	0.801392
76	178	0.84785
76	179	0.797941
76	180	0.834291
77	51	0.90449
77	73	0.477309
77	85	0.928729
77	103	0.890273
77	117	1.34697
77	143	1.5392
77	145	0.918826
77	150	0.930124
77	151	0.898167
77	157	0.92015
77	158	0.923926
77	159	0.921212
77	160	0.914602
77	161	0.933349
77	162	0.91001
77	163	0.905685
77	175	2.96405
78	6	0.821204
78	17	0.834221
78	39	0.873127
78	43	0.88159
78	44	0.877612
78	52	0.86267
78	53	0.866036
78	68	0.844792
78	69	0.844627
78	84	0.83313
78	86	0.960787
78	139	2.59232
78	141	0.881375
78	142	0.792137
78	144	2.39687
78	152	1.3147
78	153	0.727743
79	36	0.88071
79	41	0.888132
79	48	0.869935
79	58	0.869602
79	61	0.863565
79	88	0.890236
79	90	0.821455
79	100	0.851181
79	111	0.869451
79	113	0.860296
79	123	0.874179
79	152	1.64464
79	168	0.805011
79	170	1.84277
79	173	0.75766
79	176	0.800503
79	180	2.75849
80	16	0.888332
80	21	0.890284
80	30	0.986956
80	38	0.948691
80	54	0.928177
80	57	0.933554
80	59	0.936897
80	65	0.915902
80	66	0.915742
80	70	0.915585
80	130	0.905338
80	142	0.86238
80	149	0.409558
80	167	1.11226
80	173	3.46525
80	176	0.869364
80	177	1.89826
81	33	1.77534
81	107	0.877492
81	122	0.88335
81	124	0.877179
81	127	0.817272
81	135	1.15309
81	145	0.85582
81	151	0.835161
81	155	0.871731
81	157	0.857145
81	158	0.860921
81	160	0.851597
81	161	0.870344
81	162	0.847005
81	163	0.842679
81	173	0.753105
81	177	2.96428
82	9	0.942924
82	88	1.71419
82	117	0.886587
82	138	0.893868
82	143	0.84857
82	147	0.881371
82	155	1.70012
82	156	0.844331
82	165	0.886195
82	170	0.873346
82	171	0.85641
82	172	0.863801
82	175	0.79728
82	177	0.798853
82	178	0.845311
82	179	0.795402
82	180	0.831753
83	105	1.44632
83	136	1.07617
83	140	0.858769
83	143	0.855848
83	146	0.924342
83	151	1.45175
83	166	0.891443
83	167	0.835593
83	169	0.847807
83	170	0.880624
83	171	0.863688
83	174	0.842123
83	175	0.804558
83	177	0.806131
83	178	0.852589
83	179	0.80268
83	180	0.839031
84	6	0.821052
84	17	0.83407
84	39	0.872976
84	43	0.881438
84	44	0.877461
84	52	0.862518
84	53	0.865885
84	68	0.84464
84	69	0.844476
84	74	1.77772
84	78	0.83313
84	86	0.960636
84	91	2.04282
84	104	2.01403
84	141	0.881224
84	142	0.791985
84	153	0.727592
85	8	0.942296
85	64	1.51675
85	77	0.928729
85	109	0.860548
85	124	0.915965
85	126	1.15074
85	132	0.905565
85	137	0.891835
85	138	1.32239
85	150	0.905904
85	151	0.873947
85	157	0.895931
85	158	0.899707
85	159	0.896993
85	160	0.890383
85	161	0.90913
85	162	0.885791
85	167	2.54732
86	6	0.948709
86	39	1.00063
86	43	1.0091
86	44	1.00512
86	52	0.990175
86	53	0.993542
86	60	0.652531
86	64	0.613907
86	68	0.972297
86	69	0.972133
86	78	0.960787
86	84	0.960636
86	141	1.00888
86	142	0.919642
86	153	0.855248
86	164	0.568772
86	172	0.876637
86	173	3.99747
87	75	0.926195
87	101	1.62429
87	112	0.900419
87	118	1.70437
87	120	0.911716
87	122	0.922484
87	125	0.893589
87	134	1.94912
87	137	0.892182
87	146	1.54772
87	150	0.906252
87	151	0.874295
87	155	0.910864
87	157	0.896279
87	160	0.89073
87	161	0.909478
87	162	0.886139
87	163	0.881813
88	14	0.890716
88	36	0.9349
88	48	0.924124
88	49	0.9223
88	58	0.923791
88	61	0.917755
88	74	1.09395
88	79	0.890236
88	82	1.71419
88	100	0.905371
88	111	0.923641
88	113	0.914485
88	123	0.928369
88	147	1.40271
88	168	0.8592
88	173	0.811849
88	176	0.854692
88	178	1.96531
89	92	2.38484
89	116	0.849283
89	121	0.831475
89	138	0.840879
89	143	0.795581
89	147	0.828382
89	153	0.695486
89	156	0.791342
89	163	2.23059
89	167	0.775327
89	169	0.78754
89	170	0.820358
89	174	0.781857
89	175	0.744291
89	177	0.745865
89	178	0.792322
89	179	0.742414
89	180	0.778764
90	14	0.821935
90	27	1.8306
90	28	1.8664
90	36	0.866119
90	41	0.873541
90	42	0.86919
90	48	0.855343
90	49	0.853519
90	58	0.855011
90	79	0.821455
90	92	0.860551
90	100	0.83659
90	111	0.85486
90	113	0.845705
90	123	0.859588
90	166	2.08227
90	173	0.743068
90	176	0.785912
91	22	0.901991
91	61	1.67875
91	84	2.04282
91	106	0.878658
91	108	0.802609
91	113	1.29118
91	114	0.85585
91	119	0.880806
91	125	0.863414
91	151	0.844121
91	157	0.866104
91	159	0.867166
91	163	0.851639
91	175	0.782336
91	177	0.783909
91	178	0.830367
91	179	0.780458
91	180	0.816809
92	31	0.932367
92	41	0.927229
92	56	1.02495
92	89	2.38484
92	90	0.860551
92	99	0.876639
92	114	0.890542
92	115	0.888215
92	119	0.915497
92	123	0.913276
92	127	0.860923
92	132	0.91043
92	154	1.24678
92	161	0.913995
92	162	0.890656
92	163	0.88633
92	173	0.796756
92	176	0.839599
92	178	1.84035
93	7	1.46576
93	54	0.925243
93	74	0.921712
93	118	0.944407
93	119	1.34052
93	128	0.897716
93	147	0.921923
93	158	1.15944
93	164	0.921061
93	167	0.868868
93	169	0.881081
93	171	0.896963
93	172	0.904354
93	174	0.875397
93	175	0.837832
93	177	0.839406
93	178	0.885863
93	179	0.835955
93	180	0.872305
94	107	1.26143
94	132	1.91661
94	133	0.86359
94	138	0.872181
94	152	0.870852
94	157	1.65942
94	164	0.858822
94	165	0.864509
94	166	0.862478
94	167	0.806629
94	171	0.834724
94	172	0.842115
94	173	0.755322
94	174	0.813158
94	175	0.775593
94	176	0.798165
94	177	0.777167
94	178	0.823624
94	179	0.773716
94	180	0.810066
95	48	2.00533
95	72	0.857249
95	75	1.76874
95	113	1.83868
95	133	0.856135
95	140	0.822349
95	147	0.85223
95	152	0.863398
95	156	0.815189
95	164	0.851367
95	165	0.857054
95	167	0.799174
95	170	0.844205
95	171	0.827269
95	172	0.83466
95	175	0.768139
95	177	0.769712
95	178	0.81617
95	179	0.766261
95	180	0.802611
96	98	2.07417
96	103	0.845591
96	105	0.895225
96	107	0.895816
96	124	0.895503
96	127	0.835596
96	137	0.871372
96	145	0.874144
96	150	0.885442
96	154	1.54303
96	155	0.890054
96	157	0.875468
96	158	0.879244
96	159	0.876531
96	160	0.86992
96	161	0.888667
96	162	0.865328
96	163	0.861003
96	168	2.49372
96	170	1.49892
97	2	0.825039
97	18	0.838525
97	22	0.910733
97	29	0.907601
97	31	0.906417
97	50	0.873842
97	60	0.897121
97	67	0.849077
97	73	1.53057
97	99	0.85069
97	106	0.8874
97	110	0.874589
97	114	0.864592
97	115	0.862266
97	119	0.889548
97	126	1.73184
97	134	0.870224
97	141	0.895904
97	149	1.9112
97	170	1.99017
98	16	2.69252
98	57	0.933312
98	72	0.864373
98	96	2.07417
98	118	0.881838
98	126	0.882817
98	164	0.858492
98	165	0.864178
98	166	0.862148
98	167	0.806298
98	169	0.818512
98	170	0.85133
98	172	0.841784
98	174	0.812828
98	175	0.775263
98	177	0.776836
98	178	0.823294
98	179	0.773385
98	180	0.809736
99	2	0.813389
99	7	0.915904
99	18	0.826874
99	22	0.899083
99	29	0.89595
99	45	0.86169
99	50	0.862192
99	67	0.837426
99	92	0.876639
99	97	0.85069
99	106	0.875749
99	110	0.862939
99	114	0.852942
99	115	0.850615
99	119	0.877897
99	134	0.858574
99	141	0.884254
99	156	1.86641
99	166	1.2821
99	178	1.75268
99	179	2.98801
100	14	0.851662
100	36	0.895845
100	41	0.903267
100	42	0.898917
100	48	0.88507
100	49	0.883246
100	61	0.8787
100	79	0.851181
100	88	0.905371
100	90	0.83659
100	111	0.884586
100	113	0.875431
100	123	0.889314
100	130	0.851611
100	140	1.44788
100	142	2.02573
100	168	0.820146
100	169	1.55535
100	173	0.772795
100	175	2.87716
100	176	0.815638
101	87	1.62429
101	105	1.29338
101	135	0.888215
101	145	1.01572
101	148	0.881626
101	152	0.91079
101	154	0.903485
101	156	0.862581
101	162	1.2699
101	164	0.898759
101	169	0.85878
101	170	0.891597
101	171	0.874661
101	172	0.882052
101	174	0.853096
101	175	0.815531
101	176	0.838103
101	177	0.817104
101	178	0.863562
101	179	0.813653
101	180	0.850003
102	104	0.883425
102	140	0.814853
102	145	1.86314
102	148	0.826737
102	149	0.865465
102	150	1.81438
102	152	0.855901
102	159	1.49308
102	164	0.843871
102	165	0.849557
102	167	0.791677
102	169	0.803891
102	170	0.836709
102	171	0.819772
102	172	0.827163
102	174	0.798207
102	175	0.760642
102	177	0.762215
102	178	0.808673
102	179	0.758764
102	180	0.795115
103	77	0.890273
103	96	0.845591
103	109	0.822093
103	120	0.872913
103	124	0.877509
103	125	0.854785
103	132	0.867109
103	133	1.85834
103	139	0.806223
103	150	0.867448
103	151	0.835491
103	155	0.872061
103	157	0.857475
103	158	0.861251
103	159	0.858537
103	160	0.851927
103	161	0.870674
103	162	0.847335
103	163	0.843009
103	164	1.75074
103	165	2.02827
103	174	2.49553
104	10	0.903784
104	40	0.968011
104	75	1.19244
104	84	2.01403
104	102	0.883425
104	107	0.867437
104	149	0.947421
104	154	0.930552
104	156	0.889649
104	161	1.07703
104	164	0.925827
104	165	0.931513
104	166	0.929483
104	167	0.873633
104	169	0.885847
104	170	0.918665
104	172	0.90912
104	174	0.880163
104	175	0.842598
104	177	0.844172
104	178	0.890629
104	179	0.84072
104	180	0.877071
105	4	0.862081
105	76	1.7453
105	83	1.44632
105	96	0.895225
105	101	1.29338
105	120	0.922546
105	125	0.904419
105	127	0.867236
105	134	1.61822
105	136	0.898098
105	137	0.903013
105	139	0.855857
105	145	0.905784
105	150	0.917082
105	155	0.921695
105	157	0.907109
105	158	0.910885
105	159	0.908171
105	160	0.901561
105	161	0.920308
105	162	0.896969
105	170	1.53106
105	173	0.803069
106	7	0.952614
106	18	0.863584
106	22	0.935792
106	25	0.833729
106	29	0.93266
106	32	0.862859
106	45	0.8984
106	50	0.898901
106	67	0.874136
106	91	0.878658
106	97	0.8874
106	99	0.875749
106	110	0.899648
106	114	0.889651
106	115	0.887325
106	119	0.914607
106	134	0.895284
106	138	1.06832
106	141	0.920964
106	153	7.464
106	172	0.992887
106	173	1.58536
106	180	0.689717
107	12	0.867628
107	20	1.44324
107	75	0.937616
107	81	0.877492
107	94	1.26143
107	96	0.895816
107	104	0.867437
107	109	0.872317
107	125	0.90501
107	129	0.887063
107	130	1.22873
107	137	0.903604
107	151	0.885716
107	155	0.922286
107	157	0.9077
107	158	0.911476
107	159	0.908762
107	160	0.902152
107	161	0.920899
107	162	0.89756
107	163	0.893234
107	173	0.80366
107	175	2.89195
108	91	0.802609
108	114	1.72728
108	118	0.846663
108	120	2.14015
108	121	0.827272
108	126	0.847643
108	128	0.799972
108	133	0.828085
108	135	0.812773
108	146	0.859873
108	148	0.806184
108	159	1.86036
108	165	0.829004
108	166	0.826973
108	167	0.771124
108	170	0.816155
108	171	0.799219
108	172	0.80661
108	174	0.777654
108	177	0.741662
108	178	0.788119
108	179	0.738211
108	180	0.774561
109	12	0.811898
109	73	1.65177
109	75	0.881886
109	85	0.860548
109	103	0.822093
109	107	0.872317
109	122	0.878175
109	124	0.872004
109	125	0.84928
109	132	0.861604
109	136	0.842959
109	145	0.850645
109	148	2.30925
109	150	0.861943
109	151	0.829986
109	152	1.91324
109	155	0.866556
109	158	0.855746
109	159	0.853032
109	160	0.846422
109	163	0.837504
109	164	2.17391
109	173	0.74793
110	2	0.837288
110	7	0.939804
110	18	0.850774
110	22	0.922982
110	25	0.820918
110	29	0.919849
110	31	0.918666
110	32	0.850049
110	37	1.74003
110	45	0.885589
110	50	0.886091
110	60	0.90937
110	67	0.861326
110	97	0.874589
110	99	0.862939
110	106	0.899648
110	114	0.876841
110	115	0.874515
110	119	0.901797
110	141	0.908153
110	146	0.820553
110	156	1.88621
110	166	1.3019
110	179	3.00781
111	14	0.869932
111	36	0.914115
111	42	0.917187
111	48	0.90334
111	49	0.901516
111	58	0.903007
111	60	0.917379
111	61	0.89697
111	64	0.907754
111	79	0.869451
111	88	0.923641
111	90	0.85486
111	100	0.884586
111	113	0.893701
111	123	0.907584
111	126	1.29072
111	130	0.869881
111	148	1.74693
111	152	1.35092
111	168	0.838416
111	169	2.25438
111	173	0.791065
111	176	0.833908
111	180	2.46477
112	13	0.853171
112	75	0.92141
112	87	0.900419
112	117	1.90409
112	120	0.906931
112	127	0.851621
112	128	1.74675
112	132	0.901127
112	136	0.882482
112	137	0.887397
112	145	0.890169
112	150	0.901467
112	151	0.86951
112	155	0.906079
112	157	0.891493
112	158	0.895269
112	159	0.892556
112	161	0.904692
112	162	0.881353
112	163	0.877028
112	164	1.55657
112	165	1.8341
112	173	0.787454
112	178	2.13171
113	14	0.860776
113	17	0.859853
113	36	0.90496
113	41	0.912382
113	42	0.908031
113	48	0.894184
113	49	0.89236
113	58	0.893852
113	61	0.887815
113	64	0.898599
113	79	0.860296
113	88	0.914485
113	90	0.845705
113	91	1.29118
113	95	1.83868
113	100	0.875431
113	111	0.893701
113	123	0.898429
113	130	0.860726
113	146	0.945506
113	167	2.398
113	168	0.829261
113	173	0.781909
113	176	0.824753
113	180	2.17547
114	2	0.827291
114	7	0.929807
114	18	0.840777
114	22	0.912985
114	25	0.810921
114	29	0.909852
114	31	0.908669
114	45	0.875592
114	50	0.876094
114	67	0.851329
114	91	0.85585
114	92	0.890542
114	97	0.864592
114	99	0.852942
114	106	0.889651
114	108	1.72728
114	110	0.876841
114	115	0.864518
114	119	0.8918
114	134	0.872476
114	141	0.898156
114	144	1.6343
114	168	1.74505
114	171	1.30595
114	177	2.67451
115	2	0.824965
115	7	0.92748
115	10	1.34749
115	18	0.83845
115	22	0.910659
115	25	0.808595
115	29	0.907526
115	31	0.906342
115	33	1.58662
115	45	0.873266
115	50	0.873768
115	60	0.897047
115	67	0.849003
115	92	0.888215
115	97	0.862266
115	99	0.850615
115	106	0.887325
115	110	0.874515
115	114	0.864518
115	117	1.26138
115	119	0.889473
115	134	0.87015
115	141	0.89583
115	144	1.73536
115	177	2.77556
116	68	1.48363
116	70	1.79071
116	89	0.849283
116	135	0.897492
116	140	0.879018
116	143	0.876097
116	149	0.92963
116	154	0.912761
116	155	0.976451
116	156	0.871858
116	157	0.925682
116	162	1.17047
116	164	0.908036
116	166	0.911692
116	167	0.855842
116	169	0.868056
116	170	0.900874
116	171	0.883938
116	172	0.891329
116	174	0.862372
116	175	0.824807
116	177	0.826381
116	178	0.872838
116	179	0.822929
116	180	0.85928
117	44	1.4254
117	77	1.34697
117	82	0.886587
117	112	1.90409
117	115	1.26138
117	121	0.896306
117	146	0.928907
117	148	0.875218
117	152	0.904382
117	154	0.897077
117	163	1.45848
117	164	0.892352
117	165	0.898038
117	166	0.896008
117	167	0.840158
117	169	0.852372
117	170	0.885189
117	171	0.868253
117	172	0.875644
117	174	0.846688
117	175	0.809123
117	176	0.831695
117	177	0.810696
117	178	0.857154
117	179	0.807245
117	180	0.843596
118	7	1.07267
118	29	1.46648
118	87	1.70437
118	93	0.944407
118	98	0.881838
118	108	0.846663
118	122	1.12733
118	128	0.886274
118	132	1.36239
118	143	0.87768
118	148	0.892485
118	152	0.921649
118	154	0.914344
118	164	0.909619
118	168	0.85347
118	169	0.869639
118	171	0.885521
118	172	0.892911
118	174	0.863955
118	175	0.82639
118	176	0.848962
118	177	0.827963
118	178	0.874421
118	179	0.824512
118	180	0.860863
119	2	0.852247
119	7	0.954762
119	18	0.865732
119	22	0.937941
119	25	0.835877
119	29	0.934808
119	31	0.933624
119	45	0.900548
119	50	0.90105
119	60	0.924329
119	67	0.876284
119	91	0.880806
119	92	0.915497
119	93	1.34052
119	97	0.889548
119	99	0.877897
119	106	0.914607
119	110	0.901797
119	114	0.8918
119	115	0.889473
119	134	0.897432
119	138	1.01833
119	139	2.18451
119	141	0.923112
119	142	2.28072
119	165	1.44508
119	169	1.81034
120	8	0.949155
120	13	0.864467
120	34	0.731758
120	47	0.898016
120	72	1.01228
120	87	0.911716
120	103	0.872913
120	105	0.922546
120	108	2.14015
120	112	0.906931
120	127	0.862917
120	128	1.41585
120	136	0.893779
120	137	0.898694
120	145	0.901465
120	150	0.912763
120	151	0.880806
120	155	0.917376
120	157	0.90279
120	158	0.906566
120	159	0.903852
120	160	0.897242
120	161	0.915989
120	162	0.89265
120	163	0.888324
120	169	1.86846
120	180	2.07885
121	13	1.74421
121	47	1.40445
121	67	1.70879
121	74	0.890878
121	89	0.831475
121	108	0.827272
121	117	0.896306
121	137	1.45922
121	138	0.903587
121	140	0.861209
121	146	0.926783
121	148	0.873094
121	160	1.0148
121	164	0.890227
121	165	0.895914
121	167	0.838034
121	168	0.834079
121	169	0.850248
121	170	0.883065
121	171	0.866129
121	172	0.87352
121	174	0.844564
121	175	0.806999
121	177	0.808572
121	178	0.85503
121	179	0.805121
121	180	0.841471
122	3	0.964897
122	11	0.865469
122	40	0.916107
122	46	1.02245
122	51	0.897897
122	75	0.943474
122	81	0.88335
122	87	0.922484
122	109	0.878175
122	118	1.12733
122	124	0.933592
122	125	0.910868
122	137	0.909461
122	145	0.912233
122	151	0.891574
122	153	0.780983
122	155	0.928143
122	159	0.91462
122	160	0.908009
122	161	0.926757
122	162	0.903417
122	163	0.899092
122	165	1.625
122	166	1.45203
122	168	2.27972
122	173	0.809518
122	176	2.1678
123	14	0.87466
123	17	0.873736
123	34	1.03002
123	36	0.918843
123	41	0.926265
123	42	0.921915
123	48	0.908068
123	49	0.906244
123	56	1.28367
123	58	0.907735
123	60	0.922107
123	61	0.901698
123	64	0.912482
123	79	0.874179
123	88	0.928369
123	90	0.859588
123	92	0.913276
123	100	0.889314
123	111	0.907584
123	113	0.898429
123	128	1.71412
123	130	0.874609
123	140	2.05925
123	168	0.843144
123	170	1.46139
123	173	0.795793
123	176	0.838636
123	180	2.37711
124	60	1.39898
124	72	1.10183
124	81	0.877179
124	85	0.915965
124	96	0.895503
124	103	0.877509
124	109	0.872004
124	122	0.933592
124	125	0.904697
124	127	0.867514
124	132	0.917021
124	136	0.898376
124	145	0.906062
124	150	0.91736
124	151	0.885403
124	153	0.774813
124	155	0.921972
124	157	0.907387
124	158	0.911162
124	160	0.901838
124	161	0.920586
124	162	0.897247
124	163	0.892921
124	164	1.31522
124	167	2.39093
124	169	1.95801
124	171	1.80837
124	173	0.803347
125	55	1.09918
125	87	0.893589
125	91	0.863414
125	103	0.854785
125	105	0.904419
125	107	0.90501
125	109	0.84928
125	122	0.910868
125	124	0.904697
125	127	0.84479
125	132	0.894297
125	133	1.36403
125	136	0.875652
125	137	0.880566
125	145	0.883338
125	150	0.894636
125	151	0.862679
125	155	0.899248
125	156	1.94529
125	157	0.884663
125	158	0.888438
125	159	0.885725
125	160	0.879114
125	161	0.897862
125	162	0.874523
125	163	0.870197
125	166	1.36099
125	178	1.83157
125	179	3.0669
126	3	1.20962
126	10	0.888555
126	14	1.68639
126	85	1.15074
126	97	1.73184
126	98	0.882817
126	108	0.847643
126	111	1.29072
126	128	0.887253
126	140	0.881581
126	146	0.947154
126	148	0.893465
126	152	0.922629
126	154	0.915324
126	162	1.24925
126	164	0.910599
126	165	0.916285
126	166	0.914255
126	167	0.858405
126	169	0.870619
126	170	0.903436
126	171	0.8865
126	172	0.893891
126	174	0.864935
126	175	0.82737
126	177	0.828943
126	178	0.875401
126	179	0.825492
126	180	0.861843
127	3	0.898819
127	81	0.817272
127	92	0.860923
127	96	0.835596
127	105	0.867236
127	112	0.851621
127	120	0.862917
127	124	0.867514
127	125	0.84479
127	132	0.857114
127	134	1.73235
127	135	1.75825
127	136	0.838469
127	137	0.843383
127	143	2.24749
127	145	0.846155
127	150	0.857453
127	151	0.825496
127	155	0.862066
127	157	0.84748
127	158	0.851256
127	159	0.848542
127	160	0.841932
127	161	0.860679
127	162	0.83734
127	163	0.833014
127	169	2.35053
127	173	0.74344
127	176	2.52806
128	93	0.897716
128	108	0.799972
128	112	1.74675
128	118	0.886274
128	120	1.41585
128	123	1.71412
128	126	0.887253
128	133	0.867696
128	135	0.852384
128	138	0.876287
128	140	0.83391
128	146	0.899484
128	148	0.845794
128	149	0.884522
128	151	1.78922
128	152	0.874958
128	153	0.730893
128	154	0.867653
128	155	1.56629
128	164	0.862928
128	167	0.810734
128	169	0.822948
128	170	0.855766
128	172	0.84622
128	174	0.817264
128	175	0.779699
128	177	0.781272
128	178	0.82773
128	179	0.777821
128	180	0.814172
129	5	0.838045
129	6	2.48172
129	9	0.929443
129	23	0.820999
129	26	0.773182
129	35	0.890422
129	43	1.88837
129	45	1.50788
129	65	1.79567
129	69	1.32636
129	107	0.887063
129	131	0.736019
129	139	0.815464
129	144	0.829171
129	146	0.902732
129	151	0.844732
129	157	0.866715
129	158	0.870491
129	159	0.867778
129	160	0.861167
129	162	0.856576
129	163	0.85225
129	164	0.866176
129	168	0.810027
129	169	0.826196
129	171	0.842077
129	177	0.78452
129	178	0.830978
129	179	0.781069
129	180	0.81742
130	2	2.35953
130	12	1.41404
130	21	0.821853
130	54	0.859745
130	57	0.865122
130	58	0.870032
130	59	0.868465
130	65	0.84747
130	66	0.84731
130	70	0.847153
130	80	0.905338
130	100	0.851611
130	107	1.22873
130	111	0.869881
130	113	0.860726
130	123	0.874609
130	145	1.61732
130	154	0.866315
130	157	1.62672
130	165	0.867276
130	166	0.865246
130	168	0.805441
130	171	0.837491
130	173	0.75809
130	174	0.815926
130	176	0.800933
130	177	0.779934
130	178	0.826392
130	179	0.776483
130	180	0.812833
131	5	0.727985
131	15	0.833409
131	23	0.710939
131	24	0.628422
131	35	0.780362
131	58	9.3
131	62	0.661814
131	129	0.736019
131	134	0.752034
131	135	0.745572
131	139	0.705404
131	144	0.719111
131	151	0.734672
131	153	0.624082
131	156	0.719938
131	159	0.757718
131	160	0.751108
131	161	0.769855
131	162	0.746516
131	163	0.74219
131	165	0.761802
131	166	0.759772
131	168	0.699967
131	170	0.748954
131	172	0.739409
131	175	0.672887
131	176	0.695459
131	177	0.674461
131	178	0.720918
131	179	0.671009
131	180	0.70736
132	8	0.943351
132	17	0.87089
132	51	0.881326
132	85	0.905565
132	92	0.91043
132	94	1.91661
132	103	0.867109
132	109	0.861604
132	112	0.901127
132	118	1.36239
132	124	0.917021
132	125	0.894297
132	127	0.857114
132	136	0.887975
132	137	0.89289
132	138	1.4333
132	144	0.859441
132	145	0.895662
132	150	0.90696
132	151	0.875003
132	152	1.32186
132	154	1.56409
132	155	0.911572
132	157	0.896986
132	158	0.900762
132	159	0.898049
132	160	0.891438
132	161	0.910186
132	162	0.886846
132	163	0.882521
132	171	2.07568
132	173	0.792947
132	178	2.15767
133	15	1.6868
133	30	1.6437
133	36	1.62283
133	94	0.86359
133	95	0.856135
133	103	1.85834
133	108	0.828085
133	125	1.36403
133	128	0.867696
133	134	0.886958
133	136	1.33105
133	139	0.840329
133	140	0.862023
133	147	0.891903
133	148	0.873907
133	154	0.895766
133	156	0.854863
133	164	0.891041
133	165	0.896727
133	166	0.894697
133	167	0.838847
133	169	0.851061
133	170	0.883879
133	171	0.866943
133	172	0.874334
133	173	0.787541
133	174	0.845377
133	175	0.807812
133	176	0.830384
133	177	0.809385
133	178	0.855843
133	179	0.805934
133	180	0.842285
134	5	0.854059
134	9	0.945457
134	15	0.959484
134	18	0.846409
134	23	0.837014
134	25	0.816553
134	35	0.906437
134	53	1.97435
134	75	1.27696
134	87	1.94912
134	97	0.870224
134	99	0.858574
134	105	1.61822
134	106	0.895284
134	114	0.872476
134	115	0.87015
134	119	0.897432
134	127	1.73235
134	131	0.752034
134	133	0.886958
134	139	0.831479
134	144	0.845185
134	149	0.903785
134	156	0.846013
134	159	0.970486
134	168	0.826042
134	170	0.875028
134	171	0.858092
134	173	0.778691
134	174	0.836527
134	177	0.800535
134	179	0.797084
134	180	0.833435
135	67	2.13912
135	76	0.872503
135	81	1.15309
135	101	0.888215
135	108	0.812773
135	116	0.897492
135	127	1.75825
135	128	0.852384
135	131	0.745572
135	140	0.846711
135	143	0.84379
135	146	0.912285
135	147	0.876591
135	149	0.897323
135	152	0.887759
135	154	0.880454
135	155	1.42663
135	156	0.839551
135	157	1.37586
135	161	1.18745
135	164	0.875729
135	165	0.881415
135	166	0.879385
135	167	0.823535
135	169	0.835749
135	170	0.868567
135	171	0.851631
135	172	0.859022
135	174	0.830065
135	175	0.7925
135	177	0.794073
135	178	0.840531
135	179	0.790622
135	180	0.826973
136	3	0.929681
136	8	0.924707
136	11	0.830253
136	12	0.83827
136	19	0.923463
136	75	0.908258
136	83	1.07617
136	105	0.898098
136	109	0.842959
136	112	0.882482
136	120	0.893779
136	124	0.898376
136	125	0.875652
136	127	0.838469
136	132	0.887975
136	133	1.33105
136	137	0.874245
136	139	0.82709
136	145	0.877017
136	149	1.08194
136	150	0.888315
136	151	0.856358
136	155	0.892927
136	157	0.878341
136	158	0.882117
136	159	0.879404
136	160	0.872793
136	161	0.891541
136	162	0.868202
136	163	0.863876
136	166	1.32801
136	172	1.53131
136	173	0.774302
136	177	3.08516
136	179	3.03392
137	11	0.835168
137	40	0.885806
137	47	0.878482
137	85	0.891835
137	87	0.892182
137	96	0.871372
137	105	0.903013
137	107	0.903604
137	112	0.887397
137	120	0.898694
137	121	1.45922
137	122	0.909461
137	125	0.880566
137	127	0.843383
137	132	0.89289
137	136	0.874245
137	139	0.832004
137	141	1.78139
137	143	2.37879
137	144	0.845711
137	145	0.881932
137	149	1.69752
137	150	0.89323
137	151	0.861273
137	152	1.57837
137	153	0.750682
137	155	0.897842
137	157	0.883256
137	158	0.887032
137	160	0.877708
137	161	0.896455
137	162	0.873116
137	163	0.868791
137	170	1.77649
137	172	2.1469
138	15	1.42997
138	25	2.42535
138	82	0.893868
138	85	1.32239
138	89	0.840879
138	94	0.872181
138	106	1.06832
138	119	1.01833
138	121	0.903587
138	128	0.876287
138	132	1.4333
138	143	0.867693
138	146	0.936188
138	147	0.900494
138	148	0.882498
138	149	0.921226
138	152	0.911662
138	154	0.904357
138	156	0.863454
138	162	1.4209
138	164	0.899632
138	165	0.905319
138	166	0.903288
138	167	0.847439
138	168	0.843483
138	169	0.859652
138	170	0.89247
138	171	0.875534
138	172	0.882925
138	174	0.853969
138	175	0.816403
138	177	0.817977
138	178	0.864434
138	179	0.814526
138	180	0.850876
139	5	0.80743
139	9	0.898828
139	15	0.912854
139	22	1.10856
