1	20	0.88675
1	34	0.883195
1	42	0.857775
1	48	0.925082
1	57	0.89629
1	64	0.956755
1	90	0.885422
1	112	1.4188
1	118	0.895212
1	134	1.29358
1	156	2.34865
1	165	2.64616
2	7	0.746918
2	13	0.820456
2	15	0.819265
2	32	0.828609
2	38	0.765029
2	43	0.793947
2	44	0.79053
2	47	0.794111
2	53	0.865015
2	130	2.00152
2	141	2.01634
2	177	2.89453
3	92	0.788855
3	115	0.817887
3	121	1.55363
3	123	0.807964
3	127	0.847434
3	128	0.787501
3	129	0.808437
3	133	0.835821
3	151	0.81469
3	167	2.5425
3	171	2.82726
3	180	0.690693
4	50	1.7101
4	96	1.7174
4	141	0.806796
4	149	0.803519
4	160	0.714532
4	163	0.712273
4	170	0.731153
4	171	0.688803
4	175	0.68878
4	176	0.645755
4	177	0.711524
4	179	0.688867
5	19	0.827723
5	25	0.829881
5	61	0.827459
5	63	0.827022
5	68	0.799799
5	109	1.7178
5	119	0.803888
5	122	0.791381
5	130	0.784717
5	140	1.89911
5	174	0.728959
5	180	3.254
6	20	0.78794
6	33	0.790675
6	34	0.784386
6	42	0.758965
6	48	0.826273
6	57	0.797481
6	64	0.857945
6	90	0.786612
6	108	1.27943
6	118	0.796402
6	158	2.82786
6	160	2.81673
7	2	0.746918
7	13	0.815468
7	15	0.814277
7	32	0.823621
7	43	0.788958
7	44	0.785542
7	47	0.789123
7	53	0.860026
7	107	0.783905
7	139	1.7548
7	147	1.70954
7	176	3.56038
8	19	0.926676
8	61	0.926412
8	63	0.925975
8	68	0.898752
8	119	0.90284
8	126	0.920398
8	130	0.88367
8	139	1.87061
8	143	0.926437
8	166	2.53472
8	169	2.36734
8	174	0.827912
9	22	0.90212
9	36	0.97476
9	46	0.87254
9	50	0.850026
9	62	0.910566
9	87	0.887108
9	104	0.888716
9	114	0.900547
9	116	2.18102
9	158	1.91152
9	169	2.12241
9	170	1.5653
10	20	0.886356
10	33	0.889091
10	34	0.882801
10	42	0.857381
10	48	0.924688
10	57	0.895896
10	64	0.956361
10	118	0.894817
10	124	1.6327
10	149	1.59912
10	157	2.0127
10	174	2.37214
11	100	0.915452
11	115	0.911883
11	123	0.901959
11	127	0.941429
11	129	0.902432
11	130	1.41406
11	133	0.929817
11	151	0.908686
11	159	1.69476
11	163	2.31001
11	174	2.20536
11	180	0.784689
12	75	0.839677
12	91	0.7916
12	94	0.837424
12	96	0.765609
12	101	0.807629
12	103	0.79561
12	125	0.776413
12	128	1.83827
12	140	1.83476
12	142	0.804283
12	151	0.80082
12	156	3.24065
13	2	0.820456
13	7	0.815468
13	15	0.887815
13	32	0.897159
13	43	0.862496
13	44	0.85908
13	47	0.862661
13	53	0.933565
13	85	1.09599
13	107	0.857443
13	150	1.86999
13	153	2.88596
13	177	2.21138
14	18	0.896269
14	41	0.871735
14	60	0.911518
14	66	0.885824
14	73	0.940483
14	87	0.894092
14	114	0.907532
14	137	0.899797
14	159	1.13993
14	165	2.59889
14	168	2.45356
14	178	1.49853
15	2	0.819265
15	7	0.814277
15	13	0.887815
15	32	0.895968
15	43	0.861306
15	44	0.857889
15	47	0.86147
15	53	0.932374
15	104	0.861176
15	140	1.73002
15	143	1.64617
15	157	2.12561
15	174	2.48505
16	18	0.851374
16	28	0.871474
16	35	0.938178
16	41	0.826841
16	66	0.84093
16	73	0.895589
16	76	0.900726
16	85	0.844768
16	137	0.854903
16	159	1.45501
16	168	2.76865
16	177	2.06732
16	178	1.81362
17	22	0.868729
17	27	0.874091
17	36	0.941369
17	46	0.83915
17	50	0.816635
17	62	0.877176
17	87	0.853717
17	104	0.855325
17	114	0.867157
17	160	2.20351
17	169	2.42552
17	170	1.86842
17	178	1.6715
18	14	0.896269
18	16	0.851374
18	35	0.923667
18	60	0.852113
18	66	0.826419
18	73	0.881078
18	76	0.886216
18	114	0.848127
18	131	1.288
18	137	0.840393
18	140	1.53517
18	157	1.93076
18	165	3.23857
19	5	0.827723
19	8	0.926676
19	30	0.890847
19	68	0.870699
19	119	0.874787
19	122	0.862281
19	126	0.892344
19	130	0.855617
19	149	1.0315
19	160	2.18453
19	171	2.25011
19	172	2.65077
19	174	0.799859
20	1	0.88675
20	6	0.78794
20	10	0.886356
20	33	0.857759
20	34	0.851469
20	42	0.826049
20	48	0.893356
20	57	0.864564
20	64	0.925029
20	130	1.28472
20	150	1.83633
20	166	2.84543
20	170	2.12095
21	71	0.860976
21	78	0.900466
21	84	0.831401
21	95	0.849023
21	123	0.876845
21	127	0.916315
21	129	0.877318
21	130	1.20238
21	133	0.904703
21	144	3.39875
21	145	1.4649
21	174	1.99369
21	180	0.759575
22	9	0.90212
22	17	0.868729
22	36	0.935176
22	46	0.832956
22	50	0.810442
22	62	0.870983
22	90	0.857452
22	104	0.849132
22	114	0.860963
22	150	1.57548
22	154	1.82833
22	163	1.91982
22	165	2.76354
23	45	0.757787
23	75	0.820105
23	91	0.772027
23	94	0.817851
23	97	0.747024
23	98	0.81476
23	103	0.776038
23	124	2.31241
23	125	0.75684
23	134	2.64763
23	135	2.35451
23	142	0.78471
23	151	0.781248
24	86	1.36346
24	100	0.909893
24	116	0.779862
24	118	0.880721
24	145	0.861769
24	154	0.795157
24	156	0.743906
24	158	0.77362
24	160	0.772964
24	170	0.789586
24	173	0.731757
24	178	0.804526
24	179	0.747299
25	5	0.829881
25	30	0.893005
25	61	0.900517
25	63	0.90008
25	68	0.872857
25	122	0.864439
25	126	0.894503
25	130	0.857775
25	148	1.32189
25	154	1.98714
25	170	2.0189
25	172	2.82024
25	174	0.802017
26	29	0.882405
26	54	0.914009
26	88	0.852824
26	93	0.836247
26	99	0.90441
26	105	1.37742
26	122	0.846284
26	124	1.32983
26	125	0.849196
26	126	0.876348
26	137	0.855275
26	148	1.41718
26	176	3.98014
27	17	0.874091
27	36	0.940538
27	46	0.838318
27	50	0.815804
27	62	0.876345
27	87	0.852886
27	90	0.862813
27	104	0.854494
27	114	0.866325
27	132	1.57494
27	147	2.46597
27	150	2.16624
27	159	1.89533
28	16	0.871474
28	41	0.832431
28	66	0.846519
28	73	0.901178
28	76	0.906315
28	78	1.47261
28	85	0.850358
28	87	0.854788
28	108	1.67383
28	114	0.868227
28	137	0.860492
28	141	2.05464
28	178	2.67913
29	26	0.882405
29	69	0.864315
29	70	0.859214
29	86	0.869984
29	88	0.868601
29	93	0.852024
29	99	0.920186
29	137	0.871052
29	138	0.822366
29	152	2.38213
29	154	2.09447
29	157	1.72188
29	178	1.92933
30	19	0.890847
30	25	0.893005
30	61	0.890583
30	63	0.890146
30	68	0.862923
30	121	1.87537
30	122	0.854505
30	126	0.884569
30	128	1.95191
30	130	0.847841
30	138	2.22191
30	149	1.9304
30	174	0.792083
31	40	0.876988
31	59	0.819772
31	72	0.876884
31	79	0.912493
31	80	0.908467
31	81	0.840979
31	83	1.40962
31	84	0.843433
31	121	1.72655
31	130	1.76329
31	142	0.899066
31	175	3.04516
31	178	0.836638
32	2	0.828609
32	7	0.823621
32	13	0.897159
32	15	0.895968
32	43	0.870649
32	44	0.867233
32	47	0.870814
32	104	0.87052
32	107	0.865596
32	128	1.86422
32	132	1.78474
32	135	1.9184
32	178	2.46375
33	6	0.790675
33	10	0.889091
33	20	0.857759
33	42	0.828784
33	48	0.896091
33	57	0.867299
33	64	0.927764
33	90	0.85643
33	118	0.86622
33	136	1.31679
33	145	1.55498
33	167	2.2446
33	173	3.0008
34	1	0.883195
34	6	0.784386
34	10	0.882801
34	20	0.851469
34	48	0.889802
34	57	0.86101
34	64	0.921474
34	90	0.850141
34	113	1.93253
34	118	0.859931
34	120	1.96593
34	130	2.16651
34	131	1.95562
35	16	0.938178
35	18	0.923667
35	41	0.899134
35	60	0.938916
35	66	0.913222
35	73	0.967882
35	76	0.973019
35	87	0.921491
35	113	0.975775
35	137	0.927196
35	143	1.16219
35	150	1.76138
35	168	2.80411
35	175	2.49163
36	9	0.97476
36	17	0.941369
36	22	0.935176
36	27	0.940538
36	46	0.905596
36	50	0.883082
36	62	0.943622
36	90	0.930091
36	114	0.933603
36	124	0.952815
36	139	1.79755
36	156	2.34311
36	164	2.32956
36	177	1.79395
37	69	0.928532
37	70	0.92343
37	77	0.976661
37	86	0.9342
37	88	0.932817
37	93	0.916241
37	99	0.984403
37	120	0.829566
37	125	0.92919
37	138	0.886583
37	148	1.16937
37	168	2.6245
37	173	2.73848
37	174	1.82146
38	2	0.765029
38	43	0.807069
38	47	0.807234
38	53	0.878137
38	72	1.39662
38	104	0.80694
38	119	1.19819
38	123	1.01678
38	139	0.763941
38	144	0.706031
38	173	0.697631
38	175	0.713087
38	177	0.735831
38	179	0.713174
39	40	0.845587
39	49	0.813173
39	51	0.909449
39	59	0.788372
39	72	0.845483
39	79	0.881092
39	80	0.877066
39	81	0.809578
39	113	1.51574
39	117	1.91411
39	142	0.867665
39	161	2.05816
39	178	0.805238
39	179	2.94371
40	31	0.876988
40	39	0.845587
40	49	0.810934
40	59	0.786132
40	79	0.878853
40	81	0.807339
40	110	0.884765
40	118	0.857647
40	142	0.865426
40	143	1.18646
40	150	1.78564
40	164	2.66265
40	172	2.87159
40	178	0.802998
41	14	0.871735
41	16	0.826841
41	28	0.832431
41	35	0.899134
41	60	0.82758
41	66	0.801886
41	73	0.856545
41	76	0.861682
41	83	0.842209
41	85	0.805725
41	137	0.815859
41	153	2.76347
41	158	2.37833
41	171	2.43278
42	1	0.857775
42	6	0.758965
42	10	0.857381
42	20	0.826049
42	33	0.828784
42	48	0.864381
42	57	0.835589
42	64	0.896054
42	90	0.82472
42	116	2.55702
42	118	0.834511
42	159	1.38577
42	162	2.52205
42	167	2.0572
43	2	0.793947
43	7	0.788958
43	13	0.862496
43	15	0.861306
43	32	0.870649
43	38	0.807069
43	44	0.83257
43	53	0.907055
43	74	1.57367
43	104	0.835857
43	107	0.830933
43	110	1.71614
43	139	2.81321
43	159	2.19731
44	2	0.79053
44	7	0.785542
44	13	0.85908
44	15	0.857889
44	32	0.867233
44	43	0.83257
44	47	0.832735
44	53	0.903639
44	104	0.832441
44	107	0.827517
44	153	2.58963
44	155	2.08567
44	163	1.91799
44	177	1.91505
45	23	0.757787
45	58	0.851187
45	91	0.847898
45	96	0.821907
45	97	0.822895
45	98	0.890632
45	101	0.863927
45	103	0.851909
45	134	2.00323
45	140	1.65242
45	142	0.860581
45	148	1.75535
45	151	0.857119
45	180	3.0073
46	9	0.87254
46	17	0.83915
46	22	0.832956
46	27	0.838318
46	36	0.905596
46	50	0.780862
46	62	0.841403
46	87	0.817944
46	104	0.819552
46	114	0.831384
46	135	1.37817
46	158	2.46664
46	170	2.12042
46	171	2.52109
47	2	0.794111
47	7	0.789123
47	13	0.862661
47	15	0.86147
47	32	0.870814
47	38	0.807234
47	44	0.832735
47	53	0.90722
47	82	1.60174
47	104	0.836022
47	107	0.831098
47	143	1.59757
47	155	2.70876
47	163	2.54109
48	1	0.925082
48	6	0.826273
48	10	0.924688
48	20	0.893356
48	33	0.896091
48	34	0.889802
48	42	0.864381
48	57	0.902897
48	64	0.963361
48	118	0.901818
48	128	1.54731
48	132	1.46783
48	161	1.81595
48	163	2.40347
48	174	2.29883
49	39	0.813173
49	40	0.810934
49	51	0.874795
49	72	0.81083
49	79	0.846439
49	80	0.842413
49	81	0.774925
49	84	0.777379
49	108	1.50178
49	110	0.852351
49	132	1.82807
49	142	0.833012
49	163	2.76371
49	174	2.65906
49	178	0.770584
50	4	1.7101
50	9	0.850026
50	17	0.816635
50	22	0.810442
50	27	0.815804
50	36	0.883082
50	46	0.780862
50	62	0.818888
50	87	0.79543
50	90	0.805357
50	104	0.797038
50	109	1.30137
50	114	0.808869
50	147	2.29775
50	180	2.83757
51	39	0.909449
51	49	0.874795
51	59	0.849994
51	72	0.907106
51	79	0.942715
51	80	0.938689
51	81	0.871201
51	102	1.28169
51	118	0.921509
51	120	1.48128
51	136	1.70618
51	139	2.57847
51	142	0.929288
51	146	2.50379
51	178	0.86686
52	71	0.890244
52	89	0.899364
52	95	0.878291
52	100	0.919606
52	111	0.930502
52	112	1.45139
52	123	0.906113
52	127	0.945583
52	129	0.906586
52	133	0.933971
52	153	2.50668
52	157	1.37096
52	160	2.1104
52	175	2.22095
52	180	0.788843
53	2	0.865015
53	7	0.860026
53	13	0.933565
53	15	0.932374
53	38	0.878137
53	43	0.907055
53	44	0.903639
53	47	0.90722
53	104	0.906926
53	107	0.902002
53	120	1.16729
53	132	1.32819
53	162	2.78486
53	167	2.32001
53	178	2.00719
54	26	0.914009
54	70	0.890817
54	77	0.944048
54	86	0.901587
54	88	0.900204
54	93	0.883628
54	122	0.893664
54	125	0.896576
54	126	0.923728
54	138	0.85397
54	148	0.994528
54	173	2.56364
54	177	1.74832
54	179	2.04929
54	180	2.24648
55	111	0.756955
55	114	0.467128
55	126	0.173069
55	129	0.841459
55	148	0.986081
55	151	0.137337
55	154	0.9244
55	157	0.953099
55	168	0.866752
55	170	0.918828
55	172	0.868083
55	173	0.861
55	176	0.833431
55	177	0.899199
55	179	0.876542
56	94	2.23308
56	105	0.800785
56	106	0.68787
56	123	2.73116
56	162	0.677648
56	163	0.694082
56	165	0.659334
56	166	0.665703
56	167	0.690783
56	169	0.674566
56	171	0.670612
56	172	0.662216
56	174	0.697126
56	176	0.627564
56	177	0.693333
56	179	0.670676
57	1	0.89629
57	6	0.797481
57	10	0.895896
57	20	0.864564
57	33	0.867299
57	34	0.86101
57	42	0.835589
57	48	0.902897
57	64	0.934569
57	90	0.863236
57	118	0.873026
57	138	1.5824
57	143	1.22503
57	161	1.58104
57	172	2.91017
57	180	2.66377
58	45	0.851187
58	75	0.913505
58	91	0.865428
58	94	0.911252
58	96	0.839437
58	97	0.840424
58	98	0.908161
58	101	0.881457
58	103	0.869438
58	136	0.928654
58	142	0.87811
58	151	0.874648
58	155	1.96796
58	160	2.07566
58	176	3.60652
58	178	1.54365
59	31	0.819772
59	39	0.788372
59	40	0.786132
59	51	0.849994
59	72	0.786029
59	79	0.821638
59	80	0.817612
59	81	0.750124
59	110	0.82755
59	118	0.800432
59	142	0.808211
59	152	2.45621
59	156	2.80626
59	157	1.79596
59	177	2.2571
59	178	0.745783
60	14	0.911518
60	18	0.852113
60	35	0.938916
60	41	0.82758
60	66	0.841668
60	73	0.896327
60	76	0.901465
60	85	0.845507
60	87	0.849937
60	114	0.863376
60	137	0.855642
60	145	1.34755
60	152	2.17716
60	164	2.51366
60	167	2.03717
60	177	1.97805
61	5	0.827459
61	8	0.926412
61	25	0.900517
61	30	0.890583
61	63	0.897658
61	68	0.870435
61	112	1.84832
61	119	0.874523
61	122	0.862017
61	126	0.89208
61	130	0.855353
61	141	1.35084
61	159	1.61672
61	163	2.23196
61	172	2.97358
61	174	0.799595
62	9	0.910566
62	17	0.877176
62	22	0.870983
62	27	0.876345
62	36	0.943622
62	46	0.841403
62	50	0.818888
62	87	0.855971
62	90	0.865898
62	104	0.857579
62	114	0.86941
62	138	1.79138
62	139	2.37818
62	145	1.74409
62	146	2.3035
62	159	1.76229
63	5	0.827022
63	8	0.925975
63	25	0.90008
63	30	0.890146
63	61	0.897658
63	68	0.869998
63	82	1.52528
63	117	1.73306
63	119	0.874086
63	122	0.86158
63	126	0.891643
63	130	0.854916
63	131	1.35779
63	167	2.52081
63	174	0.799158
63	179	2.76266
64	1	0.956755
64	6	0.857945
64	10	0.956361
64	20	0.925029
64	33	0.927764
64	34	0.921474
64	42	0.896054
64	48	0.963361
64	57	0.934569
64	90	0.923701
64	112	1.28326
64	118	0.933491
64	153	2.33854
64	158	1.9534
64	170	1.60718
64	175	2.05282
64	179	1.96493
65	77	1.04865
65	87	0.615957
65	92	1.34773
65	93	0.899695
65	121	0.889279
65	139	0.821081
65	152	0.798152
65	160	0.795978
65	164	0.777249
65	165	0.758971
65	166	0.765341
65	167	0.79042
65	169	0.774204
65	172	0.761854
65	173	0.754771
65	176	0.727202
65	179	0.770313
66	14	0.885824
66	16	0.84093
66	18	0.826419
66	28	0.846519
66	35	0.913222
66	41	0.801886
66	60	0.841668
66	73	0.870633
66	76	0.875771
66	78	1.1312
66	85	0.819813
66	106	2.45041
66	114	0.837682
66	137	0.829948
66	141	1.71323
66	161	2.00684
66	171	2.9353
67	71	0.837951
67	92	0.834712
67	95	0.825998
67	102	1.03028
67	111	0.878209
67	115	0.863744
67	119	0.845733
67	120	0.890759
67	123	0.853821
67	127	0.893291
67	129	0.854294
67	133	0.881678
67	134	1.81755
67	150	1.98207
67	165	3.17013
67	177	2.32347
67	180	0.73655
68	5	0.799799
68	8	0.898752
68	19	0.870699
68	25	0.872857
68	30	0.862923
68	61	0.870435
68	63	0.869998
68	119	0.846863
68	122	0.834357
68	126	0.864421
68	130	0.827693
68	146	1.50016
68	154	1.48271
68	162	2.09523
68	169	2.07158
68	174	0.771935
68	176	3.38043
69	29	0.864315
69	37	0.928532
69	77	0.878577
69	86	0.836116
69	88	0.834733
69	93	0.818157
69	99	0.886319
69	109	1.73128
69	122	0.828193
69	125	0.831106
69	126	0.858257
69	135	1.97028
69	136	1.90063
69	137	0.837184
69	138	0.788499
69	149	1.8946
69	167	2.82844
70	29	0.859214
70	37	0.92343
70	54	0.890817
70	77	0.873476
70	86	0.831015
70	88	0.829632
70	93	0.813056
70	99	0.881218
70	117	1.35052
70	122	0.823092
70	126	0.853156
70	137	0.832083
70	138	0.783398
70	149	1.20442
70	166	2.74684
70	175	2.46801
70	180	2.5773
71	21	0.860976
71	52	0.890244
71	67	0.837951
71	89	0.844508
71	92	0.832149
71	111	0.875646
71	115	0.861181
71	123	0.851257
71	127	0.890727
71	129	0.85173
71	133	0.879115
71	156	2.34217
71	159	1.18071
71	162	2.31699
71	172	2.53757
71	179	2.09399
71	180	0.733987
72	31	0.876884
72	38	1.39662
72	39	0.845483
72	49	0.81083
72	51	0.907106
72	59	0.786029
72	78	1.05815
72	79	0.878749
72	80	0.874723
72	81	0.807235
72	110	0.884662
72	118	0.857544
72	138	1.93515
72	142	0.865322
72	150	2.17697
72	169	3.01869
72	178	0.802895
73	14	0.940483
73	16	0.895589
73	18	0.881078
73	28	0.901178
73	35	0.967882
73	41	0.856545
73	60	0.896327
73	66	0.870633
73	76	0.93043
73	85	0.874472
73	105	1.50178
73	114	0.892342
73	137	0.884607
73	149	1.4206
73	157	1.83419
73	161	1.71075
73	162	2.8193
73	174	2.19362
74	43	1.57367
74	101	1.47798
74	104	1.24735
74	123	0.902575
74	138	0.803197
74	141	0.871949
74	158	0.78034
74	160	0.779685
74	165	0.742677
74	166	0.749047
74	168	0.74423
74	169	0.75791
74	170	0.796306
74	171	0.753956
74	175	0.753933
74	176	0.710908
74	177	0.776677
74	179	0.75402
75	12	0.839677
75	23	0.820105
75	58	0.913505
75	91	0.910216
75	94	0.95604
75	96	0.884225
75	97	0.885213
75	101	0.926245
75	102	0.920477
75	103	0.914226
75	108	1.04449
75	142	0.922899
75	151	0.919436
75	152	1.99371
75	170	1.73782
75	172	2.53915
75	173	2.60992
75	179	2.09557
76	16	0.900726
76	18	0.886216
76	28	0.906315
76	35	0.973019
76	41	0.861682
76	60	0.901465
76	66	0.875771
76	73	0.93043
76	85	0.87961
76	87	0.884039
76	106	1.75463
76	114	0.897479
76	137	0.889744
76	141	1.01745
76	155	2.06625
76	167	1.95475
76	175	2.28449
76	180	2.39379
77	37	0.976661
77	54	0.944048
77	65	1.04865
77	69	0.878577
77	70	0.873476
77	86	0.884246
77	88	0.882863
77	93	0.866286
77	99	0.934449
77	105	1.53485
77	122	0.876323
77	124	1.48726
77	125	0.879235
77	126	0.906387
77	137	0.885314
77	146	2.25731
77	161	1.74382
77	175	2.71726
78	21	0.900466
78	28	1.47261
78	66	1.1312
78	72	1.05815
78	79	1.20509
78	122	0.967575
78	127	0.930217
78	129	0.89122
78	133	0.918605
78	151	0.897474
78	160	0.806946
78	165	0.769939
78	171	0.781218
78	175	0.781195
78	176	0.73817
78	177	0.803939
78	179	0.781282
78	180	0.773477
79	31	0.912493
79	39	0.881092
79	40	0.878853
79	49	0.846439
79	51	0.942715
79	59	0.821638
79	72	0.878749
79	78	1.20509
79	80	0.910332
79	81	0.842844
79	84	0.845298
79	102	1.37212
79	118	0.893153
79	121	1.73555
79	131	1.5614
79	142	0.900931
79	143	1.72472
79	173	3.48062
79	178	0.838504
80	31	0.908467
80	39	0.877066
80	49	0.842413
80	51	0.938689
80	59	0.817612
80	72	0.874723
80	79	0.910332
80	81	0.838818
80	84	0.841272
80	102	1.38385
80	110	0.916245
80	118	0.889127
80	140	1.8203
80	142	0.896905
80	143	1.73645
80	149	1.80231
80	159	2.06473
80	178	0.834478
80	179	2.97801
81	31	0.840979
81	39	0.809578
81	40	0.807339
81	49	0.774925
81	51	0.871201
81	59	0.750124
81	72	0.807235
81	79	0.842844
81	80	0.838818
81	84	0.773784
81	110	0.848757
81	117	1.22245
81	118	0.821639
81	142	0.829417
81	145	1.32058
81	172	2.69563
81	176	3.76025
81	178	0.76699
81	179	2.25205
82	47	1.60174
82	63	1.52528
82	90	1.10111
82	104	1.54689
82	143	0.895701
82	152	0.772895
82	155	0.780178
82	157	0.821612
82	167	0.765163
82	168	0.735266
82	169	0.748946
82	170	0.787342
82	171	0.744992
82	172	0.736596
82	173	0.729514
82	175	0.744969
82	177	0.767713
82	179	0.745056
83	31	1.40962
83	41	0.842209
83	89	1.36604
83	119	1.07325
83	123	0.891839
83	159	0.889949
83	163	0.82449
83	166	0.796112
83	167	0.821191
83	168	0.791295
83	169	0.804975
83	170	0.843371
83	171	0.801021
83	172	0.792625
83	173	0.785542
83	174	0.827534
83	176	0.757973
83	177	0.823742
83	179	0.801085
84	21	0.831401
84	31	0.843433
84	49	0.777379
84	79	0.845298
84	80	0.841272
84	81	0.773784
84	111	0.846071
84	123	0.821682
84	129	0.822155
84	133	0.84954
84	142	0.831871
84	151	0.828409
84	159	1.66634
84	160	2.55695
84	161	1.69407
84	167	2.33776
84	168	2.97998
84	178	0.769444
84	180	0.704412
85	13	1.09599
85	16	0.844768
85	28	0.850358
85	41	0.805725
85	60	0.845507
85	66	0.819813
85	73	0.874472
85	76	0.87961
85	92	1.51209
85	93	1.06405
85	94	0.525047
85	137	0.833787
85	142	0.858981
85	155	0.771045
85	162	0.742896
85	163	0.75933
85	168	0.726134
85	175	0.735837
85	177	0.758581
85	179	0.735924
86	24	1.36346
86	29	0.869984
86	37	0.9342
86	54	0.901587
86	69	0.836116
86	70	0.831015
86	77	0.884246
86	88	0.840402
86	93	0.823826
86	99	0.891988
86	110	1.80149
86	122	0.833862
86	125	0.836774
86	126	0.863926
86	135	2.09593
86	137	0.842853
86	138	0.794168
86	140	2.03824
86	141	2.01678
86	148	2.14117
87	9	0.887108
87	14	0.894092
87	17	0.853717
87	27	0.852886
87	28	0.854788
87	35	0.921491
87	46	0.817944
87	50	0.79543
87	60	0.849937
87	62	0.855971
87	65	0.615957
87	76	0.884039
87	90	0.842439
87	114	0.845951
87	116	2.45464
87	120	0.802109
87	137	0.838216
87	176	3.70488
87	177	1.8957
87	179	2.19668
88	26	0.852824
88	29	0.868601
88	37	0.932817
88	54	0.900204
88	69	0.834733
88	70	0.829632
88	77	0.882863
88	86	0.840402
88	93	0.822443
88	99	0.890605
88	110	1.06442
88	125	0.835391
88	126	0.862543
88	132	1.2252
88	137	0.84147
88	138	0.792785
88	144	3.46125
88	147	2.11623
88	161	1.57332
88	172	2.90244
89	52	0.899364
89	71	0.844508
89	83	1.36604
89	92	0.841269
89	95	0.832555
89	100	0.873871
89	111	0.884766
89	115	0.870301
89	123	0.860378
89	127	0.899848
89	128	0.839915
89	129	0.860851
89	131	1.50882
89	133	0.888235
89	134	2.10681
89	148	1.85893
89	149	1.738
89	151	0.867104
89	171	2.95661
89	180	0.743107
90	1	0.885422
90	6	0.786612
90	22	0.857452
90	27	0.862813
90	33	0.85643
90	34	0.850141
90	36	0.930091
90	42	0.82472
90	50	0.805357
90	57	0.863236
90	62	0.865898
90	64	0.923701
90	82	1.10111
90	87	0.842439
90	104	0.844048
90	112	1.65682
90	128	1.18431
90	164	2.57313
90	168	2.73886
90	171	2.38141
91	12	0.7916
91	23	0.772027
91	45	0.847898
91	58	0.865428
91	75	0.910216
91	94	0.907963
91	96	0.836148
91	97	0.837135
91	98	0.904872
91	101	0.878168
91	103	0.866149
91	125	0.846951
91	134	1.2989
91	142	0.874821
91	145	1.17432
91	151	0.871359
91	154	1.71626
91	164	2.34042
91	169	2.30514
91	176	3.61399
92	3	0.788855
92	65	1.34773
92	67	0.834712
92	71	0.832149
92	85	1.51209
92	89	0.841269
92	95	0.820196
92	100	0.861511
92	115	0.857942
92	120	0.884957
92	123	0.848018
92	127	0.887488
92	128	0.827556
92	129	0.848491
92	133	0.875876
92	138	2.04427
92	149	1.75276
92	151	0.854745
92	159	2.01518
92	174	2.52578
92	180	0.730748
93	26	0.836247
93	29	0.852024
93	37	0.916241
93	54	0.883628
93	65	0.899695
93	69	0.818157
93	70	0.813056
93	77	0.866286
93	85	1.06405
93	86	0.823826
93	88	0.822443
93	99	0.874028
93	122	0.815902
93	125	0.818815
93	126	0.845966
93	137	0.824894
93	138	0.776208
93	145	1.54894
93	156	2.7286
93	160	2.45775
93	169	2.67976
94	12	0.837424
94	23	0.817851
94	56	2.23308
94	58	0.911252
94	75	0.95604
94	85	0.525047
94	91	0.907963
94	96	0.881972
94	97	0.88296
94	98	0.950696
94	101	0.923992
94	103	0.911973
94	107	0.889834
94	113	0.948591
94	125	0.892776
94	142	0.920646
94	151	0.917183
94	166	2.30814
94	168	2.34178
94	169	2.14076
94	170	1.58366
95	21	0.849023
95	52	0.878291
95	67	0.825998
95	89	0.832555
95	92	0.820196
95	100	0.852798
95	111	0.863693
95	115	0.849228
95	119	0.831217
95	123	0.839305
95	127	0.878775
95	129	0.839778
95	132	1.22499
95	133	0.867162
95	147	2.11602
95	151	0.846031
95	171	2.50157
95	175	2.54654
95	178	1.90399
95	179	2.45866
95	180	0.722034
96	4	1.7174
96	12	0.765609
96	45	0.821907
96	58	0.839437
96	75	0.884225
96	91	0.836148
96	94	0.881972
96	97	0.811144
96	98	0.878881
96	101	0.852177
96	102	0.846409
96	103	0.840158
96	107	0.818018
96	125	0.82096
96	131	1.24281
96	140	1.48998
96	142	0.84883
96	151	0.845368
96	164	2.88232
96	174	2.24501
96	177	2.34671
97	23	0.747024
97	45	0.822895
97	58	0.840424
97	75	0.885213
97	91	0.837135
97	94	0.88296
97	96	0.811144
97	98	0.879869
97	101	0.853164
97	102	0.847396
97	103	0.841146
97	107	0.819006
97	110	0.968922
97	125	0.821948
97	142	0.849818
97	147	2.02073
97	151	0.846356
97	152	2.26151
97	155	2.23301
97	168	2.76373
97	169	2.56272
98	23	0.81476
98	45	0.890632
98	58	0.908161
98	91	0.904872
98	94	0.950696
98	96	0.878881
98	97	0.879869
98	101	0.920901
98	102	0.915133
98	103	0.908882
98	107	0.886743
98	121	1.31571
98	125	0.889685
98	136	1.37677
98	142	0.917555
98	143	1.30488
98	144	3.54882
98	148	1.49167
98	151	0.914092
98	154	2.15691
98	163	2.2484
99	26	0.90441
99	29	0.920186
99	37	0.984403
99	69	0.886319
99	70	0.881218
99	77	0.934449
99	86	0.891988
99	88	0.890605
99	93	0.874028
99	110	1.43876
99	113	1.40524
99	122	0.884065
99	124	1.6911
99	125	0.886977
99	126	0.914128
99	137	0.893056
99	138	0.844371
99	141	1.65405
99	143	1.59166
99	162	3.05621
99	177	2.53224
100	11	0.915452
100	24	0.909893
100	52	0.919606
100	89	0.873871
100	92	0.861511
100	95	0.852798
100	108	1.18242
100	111	0.905008
100	115	0.890544
100	117	1.71278
100	119	0.872532
100	123	0.88062
100	127	0.92009
100	128	0.860157
100	129	0.881093
100	133	0.908477
100	143	1.50082
100	151	0.887346
100	154	2.35286
100	156	2.99056
100	170	2.38462
100	180	0.763349
101	12	0.807629
101	45	0.863927
101	58	0.881457
101	74	1.47798
101	75	0.926245
101	91	0.878168
101	94	0.923992
101	96	0.852177
101	97	0.853164
101	98	0.920901
101	102	0.888429
101	103	0.882178
101	105	1.92038
101	107	0.860038
101	108	1.45494
101	109	1.67588
101	110	1.62045
101	125	0.86298
101	138	2.13071
101	142	0.890851
101	151	0.887388
101	170	2.65715
102	51	1.28169
102	67	1.03028
102	75	0.920477
102	79	1.37212
102	80	1.38385
102	96	0.846409
102	97	0.847396
102	98	0.915133
102	101	0.888429
102	103	0.87641
102	119	1.02675
102	129	1.32952
102	142	0.885082
102	147	0.811719
102	151	0.88162
102	168	0.755638
102	172	0.756968
102	173	0.749886
102	175	0.765341
102	176	0.722317
102	177	0.788085
102	179	0.765428
103	12	0.79561
103	23	0.776038
103	45	0.851909
103	58	0.869438
103	75	0.914226
103	91	0.866149
103	94	0.911973
103	96	0.840158
103	97	0.841146
103	98	0.908882
103	101	0.882178
103	102	0.87641
103	105	1.4484
103	107	0.84802
103	121	1.3122
103	125	0.850962
103	128	1.38873
103	142	0.878832
103	151	0.875369
103	169	2.74227
103	170	2.18517
103	175	2.63081
103	179	2.54292
104	9	0.888716
104	15	0.861176
104	17	0.855325
104	22	0.849132
104	27	0.854494
104	32	0.87052
104	38	0.80694
104	43	0.835857
104	44	0.832441
104	46	0.819552
104	47	0.836022
104	50	0.797038
104	53	0.906926
104	62	0.857579
104	74	1.24735
104	82	1.54689
104	90	0.844048
104	107	0.830804
104	110	1.38982
104	114	0.847559
104	128	1.63008
104	145	1.8528
104	163	2.48624
104	164	3.0189
105	26	1.37742
105	56	0.800785
105	73	1.50178
105	77	1.53485
105	101	1.92038
105	103	1.4484
105	112	0.895832
105	127	1.06993
105	144	0.771162
105	146	0.829329
105	154	0.826163
105	155	0.813427
105	160	0.80397
105	161	0.867315
105	163	0.801711
105	164	0.78524
105	165	0.766963
105	168	0.768515
105	169	0.782195
105	171	0.778241
105	175	0.778218
105	176	0.735193
105	177	0.800962
105	179	0.778305
106	56	0.68787
106	66	2.45041
106	76	1.75463
106	111	0.799244
106	114	2.10737
106	115	0.784779
106	116	0.697953
106	123	0.774855
106	127	0.814325
106	129	0.775328
106	133	0.802713
106	137	1.86257
106	145	0.77986
106	147	0.71168
106	151	0.781582
106	168	0.6556
106	172	0.65693
106	173	0.649847
106	175	0.665303
106	176	0.622278
106	177	0.688047
106	178	0.722616
106	179	0.66539
106	180	0.657585
107	7	0.783905
107	13	0.857443
107	32	0.865596
107	43	0.830933
107	44	0.827517
107	47	0.831098
107	53	0.902002
107	94	0.889834
107	96	0.818018
107	97	0.819006
107	98	0.886743
107	101	0.860038
107	103	0.84802
107	104	0.830804
107	109	0.856839
107	125	0.828822
107	142	0.856692
107	144	3.19824
107	151	0.85323
107	161	1.31031
107	162	2.41886
107	166	2.56258
107	177	1.89488
107	180	2.39304
108	6	1.27943
108	28	1.67383
108	49	1.50178
108	75	1.04449
108	100	1.18242
108	101	1.45494
108	131	0.957037
108	137	0.744591
108	148	0.938736
108	154	0.877055
108	156	0.825804
108	160	0.854862
108	162	0.836169
108	163	0.852603
108	166	0.824224
108	168	0.819407
108	169	0.833088
108	171	0.829133
108	172	0.820738
108	173	0.813655
108	175	0.82911
108	176	0.786086
108	177	0.851854
108	179	0.829197
109	5	1.7178
109	50	1.30137
109	69	1.73128
109	101	1.67588
109	107	0.856839
109	114	1.21033
109	139	0.836437
109	143	0.936315
109	156	0.782276
109	158	0.81199
109	159	0.874534
109	161	0.87468
109	165	0.774327
109	166	0.780697
109	167	0.805776
109	169	0.78956
109	170	0.827956
109	171	0.785606
109	173	0.770127
109	175	0.785583
109	176	0.742558
109	177	0.808327
109	179	0.78567
110	40	0.884765
110	43	1.71614
110	49	0.852351
110	59	0.82755
110	72	0.884662
110	80	0.916245
110	81	0.848757
110	86	1.80149
110	88	1.06442
110	97	0.968922
110	99	1.43876
110	101	1.62045
110	104	1.38982
110	142	0.906844
110	145	0.901659
110	162	0.794162
110	163	0.810595
110	169	0.79108
110	170	0.829475
110	171	0.787125
110	172	0.77873
110	175	0.787103
110	176	0.744078
110	178	0.844416
110	179	0.787189
111	52	0.930502
111	55	0.756955
111	67	0.878209
111	71	0.875646
111	84	0.846071
111	89	0.884766
111	95	0.863693
111	100	0.905008
111	106	0.799244
111	115	0.901439
111	120	0.928454
111	123	0.891515
111	127	0.930985
111	128	0.871053
111	129	0.891988
111	133	0.919373
111	134	2.03229
111	143	1.59762
111	148	1.78441
111	149	1.66348
111	151	0.898242
111	154	2.44965
111	158	2.82764
111	159	1.9259
111	180	0.774245
112	1	1.4188
112	52	1.45139
112	61	1.84832
112	64	1.28326
112	90	1.65682
112	105	0.895832
112	121	0.884688
112	137	1.62288
112	147	0.812013
112	156	0.762329
112	159	0.854587
112	160	0.791387
112	162	0.772694
112	163	0.789128
112	166	0.760749
112	168	0.755932
112	169	0.769613
112	170	0.808008
112	171	0.765658
112	172	0.757262
112	173	0.75018
112	175	0.765635
112	176	0.722611
112	177	0.788379
112	179	0.765722
113	34	1.93253
113	35	0.975775
113	39	1.51574
113	94	0.948591
113	99	1.40524
113	115	1.09219
113	124	0.938055
113	133	0.657251
113	145	0.921271
113	152	0.83464
113	155	0.841923
113	156	0.803408
113	161	0.895811
113	162	0.813774
113	163	0.830207
113	164	0.813737
113	166	0.801829
113	167	0.826908
113	170	0.849088
113	171	0.806737
113	173	0.791259
113	175	0.806715
113	176	0.76369
113	177	0.829458
113	179	0.806801
114	9	0.900547
114	14	0.907532
114	17	0.867157
114	18	0.848127
114	22	0.860963
114	27	0.866325
114	28	0.868227
114	36	0.933603
114	46	0.831384
114	50	0.808869
114	55	0.467128
114	60	0.863376
114	62	0.86941
114	66	0.837682
114	73	0.892342
114	76	0.897479
114	87	0.845951
114	104	0.847559
114	106	2.10737
114	109	1.21033
114	116	2.80732
114	124	1.40724
114	128	1.39516
114	137	0.851656
114	138	1.66516
114	166	2.91607
115	3	0.817887
115	11	0.911883
115	67	0.863744
115	71	0.861181
115	89	0.870301
115	92	0.857942
115	95	0.849228
115	100	0.890544
115	106	0.784779
115	111	0.901439
115	113	1.09219
115	119	0.868963
115	120	0.913989
115	123	0.877051
115	127	0.916521
115	128	0.856588
115	129	0.877524
115	132	1.28649
115	133	0.904908
115	135	1.42015
115	154	2.13064
115	161	1.63461
115	166	2.88688
115	173	3.03451
115	178	1.96549
115	180	0.75978
116	9	2.18102
116	24	0.779862
116	42	2.55702
116	87	2.45464
116	106	0.697953
116	114	2.80732
116	136	0.826441
116	143	0.831404
116	144	0.673616
116	146	0.731783
116	152	0.708597
116	157	0.757315
116	160	0.706424
116	162	0.687731
116	164	0.687694
116	167	0.700865
116	168	0.670969
116	170	0.723045
116	172	0.672299
116	173	0.665216
116	174	0.707208
116	176	0.637647
116	177	0.703416
116	178	0.737986
116	179	0.680759
117	39	1.91411
117	63	1.73306
117	70	1.35052
117	81	1.22245
117	100	1.71278
117	123	1.40989
117	135	0.855777
117	148	0.8771
117	149	0.882214
117	153	0.775579
117	154	0.81542
117	155	0.802683
117	160	0.793227
117	162	0.774534
117	163	0.790968
117	164	0.774497
117	165	0.756219
117	167	0.787668
117	168	0.757772
117	171	0.767498
117	172	0.759102
117	173	0.752019
117	175	0.767475
117	176	0.72445
117	179	0.767562
118	1	0.895212
118	6	0.796402
118	10	0.894817
118	24	0.880721
118	33	0.86622
118	34	0.859931
118	40	0.857647
118	42	0.834511
118	48	0.901818
118	51	0.921509
118	57	0.873026
118	59	0.800432
118	64	0.933491
118	72	0.857544
118	79	0.893153
118	80	0.889127
118	81	0.821639
118	120	1.31864
118	132	1.47954
118	138	1.82902
118	142	0.879726
118	145	1.78174
118	146	2.34114
118	153	3.08681
118	178	0.817298
118	179	2.71321
119	5	0.803888
119	8	0.90284
119	19	0.874787
119	38	1.19819
119	61	0.874523
119	63	0.874086
119	67	0.845733
119	68	0.846863
119	83	1.07325
119	95	0.831217
119	100	0.872532
119	102	1.02675
119	115	0.868963
119	123	0.859039
119	126	0.868509
119	127	0.898509
119	129	0.859512
119	130	0.831781
119	133	0.886897
119	141	1.44175
119	148	1.56614
119	151	0.865766
119	152	2.51904
119	165	3.1666
119	167	2.37906
119	174	0.776023
119	180	0.741769
120	34	1.96593
120	37	0.829566
120	51	1.48128
120	53	1.16729
120	67	0.890759
120	87	0.802109
120	92	0.884957
120	111	0.928454
120	115	0.913989
120	118	1.31864
120	126	0.860722
120	127	0.943536
120	129	0.904538
120	133	0.931923
120	137	0.909987
120	147	0.840891
120	149	0.909252
120	151	0.910792
120	153	0.802618
120	165	0.783258
120	169	0.79849
120	171	0.794536
120	175	0.794513
120	176	0.751488
120	177	0.817257
120	179	0.7946
120	180	0.786795
121	3	1.55363
121	30	1.87537
121	31	1.72655
121	65	0.889279
121	79	1.73555
121	98	1.31571
121	103	1.3122
121	112	0.884688
121	127	0.933728
121	139	0.817929
121	146	0.818186
121	150	0.842772
121	154	0.81502
121	155	0.802283
121	156	0.763769
121	157	0.843718
121	161	0.856172
121	164	0.774097
121	165	0.755819
121	166	0.762189
121	167	0.787268
121	168	0.757372
121	169	0.771052
121	172	0.758702
121	173	0.751619
121	175	0.767075
121	177	0.789819
121	179	0.767162
122	5	0.791381
122	19	0.862281
122	25	0.864439
122	26	0.846284
122	30	0.854505
122	54	0.893664
122	61	0.862017
122	63	0.86158
122	68	0.834357
122	69	0.828193
122	70	0.823092
122	77	0.876323
122	78	0.967575
122	86	0.833862
122	93	0.815902
122	99	0.884065
122	124	1.58665
122	126	0.856002
122	130	0.819275
122	137	0.83493
122	138	0.786245
122	152	2.62689
122	157	1.96665
122	161	1.84321
122	170	2.37101
122	174	0.763517
122	178	2.17409
122	179	2.72876
123	3	0.807964
123	11	0.901959
123	21	0.876845
123	38	1.01678
123	52	0.906113
123	56	2.73116
123	67	0.853821
123	71	0.851257
123	74	0.902575
123	83	0.891839
123	84	0.821682
123	89	0.860378
123	92	0.848018
123	95	0.839305
123	100	0.88062
123	106	0.774855
123	111	0.891515
123	115	0.877051
123	117	1.40989
123	119	0.859039
123	127	0.906597
123	128	0.846665
123	129	0.8676
123	133	0.894984
123	135	1.33948
123	151	0.873853
123	157	1.67738
123	165	2.98519
123	178	1.88483
123	180	0.749857
124	10	1.6327
124	23	2.31241
124	26	1.32983
124	36	0.952815
124	77	1.48726
124	99	1.6911
124	113	0.938055
124	114	1.40724
124	122	1.58665
124	134	0.865641
124	143	0.930094
124	149	0.894102
124	153	0.787467
124	155	0.814571
124	159	0.868314
124	162	0.786421
124	164	0.786384
124	165	0.768107
124	166	0.774476
124	167	0.799556
124	168	0.769659
124	169	0.78334
124	170	0.821735
124	171	0.779385
124	172	0.77099
124	173	0.763907
124	175	0.779362
124	176	0.736338
124	177	0.802106
124	179	0.779449
124	180	0.771645
125	12	0.776413
125	23	0.75684
125	26	0.849196
125	37	0.92919
125	54	0.896576
125	69	0.831106
125	77	0.879235
125	86	0.836774
125	88	0.835391
125	91	0.846951
125	93	0.818815
125	94	0.892776
125	96	0.82096
125	97	0.821948
125	98	0.889685
125	99	0.886977
125	101	0.86298
125	103	0.850962
125	107	0.828822
125	137	0.837842
125	138	0.789157
125	144	3.19293
125	146	1.81848
125	147	1.84791
125	149	1.01485
125	151	0.856172
125	154	1.80102
125	155	2.06019
125	164	2.42518
125	166	2.55727
125	175	2.27843
126	8	0.920398
126	19	0.892344
126	25	0.894503
126	26	0.876348
126	30	0.884569
126	54	0.923728
126	55	0.173069
126	61	0.89208
126	63	0.891643
126	68	0.864421
126	69	0.858257
126	70	0.853156
126	77	0.906387
126	86	0.863926
126	88	0.862543
126	93	0.845966
126	99	0.914128
126	119	0.868509
126	120	0.860722
126	122	0.856002
126	130	0.849339
126	136	1.08562
126	137	0.864994
126	138	0.816308
126	146	1.88323
126	150	1.61292
126	153	2.6289
126	162	2.47829
126	172	2.69887
126	173	2.76964
126	174	0.793581
126	180	2.45247
127	3	0.847434
127	11	0.941429
127	21	0.916315
127	52	0.945583
127	67	0.893291
127	71	0.890727
127	78	0.930217
127	89	0.899848
127	92	0.887488
127	95	0.878775
127	100	0.92009
127	105	1.06993
127	106	0.814325
127	111	0.930985
127	115	0.916521
127	119	0.898509
127	120	0.943536
127	121	0.933728
127	123	0.906597
127	128	0.886135
127	129	0.90707
127	133	0.934454
127	136	0.994784
127	146	1.79239
127	151	0.913323
127	155	2.03409
127	157	1.40234
127	158	2.15291
127	160	2.14179
127	169	2.3638
127	173	2.6788
127	175	2.25233
127	180	0.789327
128	3	0.787501
128	12	1.83827
128	30	1.95191
128	32	1.86422
128	48	1.54731
128	89	0.839915
128	90	1.18431
128	92	0.827556
128	100	0.860157
128	103	1.38873
128	104	1.63008
128	111	0.871053
128	114	1.39516
128	115	0.856588
128	123	0.846665
128	127	0.886135
128	129	0.847138
128	133	0.874522
128	135	0.825414
128	151	0.853391
128	155	0.772321
128	156	0.733806
128	158	0.763519
128	161	0.826209
128	168	0.727409
128	172	0.728739
128	173	0.721657
128	174	0.763649
128	175	0.737112
128	177	0.759856
128	179	0.737199
128	180	0.729394
129	3	0.808437
129	11	0.902432
129	21	0.877318
129	52	0.906586
129	55	0.841459
129	67	0.854294
129	71	0.85173
129	78	0.89122
129	84	0.822155
129	89	0.860851
129	92	0.848491
129	95	0.839778
129	100	0.881093
129	102	1.32952
129	106	0.775328
129	111	0.891988
129	115	0.877524
129	119	0.859512
129	120	0.904538
129	123	0.8676
129	127	0.90707
129	128	0.847138
129	130	1.7297
129	131	1.51881
129	133	0.895457
129	148	1.86891
129	149	1.74798
129	151	0.874326
129	157	2.16157
129	161	2.03813
129	175	3.01156
129	177	2.62271
129	180	0.75033
130	2	2.00152
130	5	0.784717
130	8	0.88367
130	11	1.41406
130	19	0.855617
130	20	1.28472
130	21	1.20238
130	25	0.857775
130	30	0.847841
130	31	1.76329
130	34	2.16651
130	61	0.855353
130	63	0.854916
130	68	0.827693
130	119	0.831781
130	122	0.819275
130	126	0.849339
130	129	1.7297
130	133	0.891239
130	150	0.806014
130	159	0.819268
130	161	0.819413
130	165	0.719061
130	168	0.720614
130	169	0.734294
130	170	0.77269
130	171	0.73034
130	172	0.721944
130	174	0.756853
130	175	0.730317
130	176	0.687292
130	177	0.753061
130	179	0.730404
131	18	1.288
131	34	1.95562
131	63	1.35779
131	79	1.5614
131	89	1.50882
131	96	1.24281
131	108	0.957037
131	129	1.51881
131	134	0.862227
131	135	0.864251
131	142	0.870475
131	143	0.926681
131	146	0.82706
131	148	0.885574
131	150	0.851646
131	151	0.814684
131	152	0.803874
131	156	0.772643
131	157	0.852592
131	158	0.802356
131	159	0.8649
131	162	0.783008
131	166	0.771063
131	167	0.796142
131	168	0.766246
131	169	0.779926
131	171	0.775972
131	172	0.767576
131	173	0.760493
131	175	0.775949
131	176	0.732924
131	177	0.798693
131	178	0.833263
131	179	0.776036
132	27	1.57494
132	32	1.78474
132	48	1.46783
132	49	1.82807
132	53	1.32819
132	88	1.2252
132	95	1.22499
132	115	1.28649
132	118	1.47954
132	145	0.918087
132	146	0.854642
132	147	0.849908
132	148	0.913156
132	152	0.831456
132	153	0.811635
132	155	0.838739
132	156	0.800224
132	160	0.829282
132	161	0.892627
132	162	0.810589
132	164	0.810552
132	165	0.792275
132	166	0.798644
132	167	0.823724
132	168	0.793827
132	169	0.807508
132	170	0.845903
132	171	0.803553
132	173	0.788075
132	175	0.803531
132	176	0.760506
132	179	0.803617
132	180	0.795813
133	3	0.835821
133	11	0.929817
133	21	0.904703
133	52	0.933971
133	67	0.881678
133	71	0.879115
133	78	0.918605
133	84	0.84954
133	89	0.888235
133	92	0.875876
133	95	0.867162
133	100	0.908477
133	106	0.802713
133	111	0.919373
133	113	0.657251
133	115	0.904908
133	119	0.886897
133	120	0.931923
133	123	0.894984
133	127	0.934454
133	128	0.874522
133	129	0.895457
133	130	0.891239
133	141	0.906064
133	148	1.03045
133	151	0.901711
133	152	1.98336
133	155	1.95486
133	158	2.07368
133	162	2.30822
133	165	2.63091
133	171	2.12814
133	176	3.59342
133	180	0.777714
134	1	1.29358
134	23	2.64763
134	45	2.00323
134	67	1.81755
134	89	2.10681
134	91	1.2989
134	111	2.03229
134	124	0.865641
134	131	0.862227
134	144	0.727244
134	149	0.84904
134	150	0.809998
134	153	0.742405
134	154	0.782245
134	158	0.760708
134	159	0.823252
134	160	0.760052
134	162	0.741359
134	163	0.757793
134	164	0.741322
134	165	0.723045
134	166	0.729414
134	167	0.754494
134	168	0.724597
134	169	0.738278
134	170	0.776673
134	171	0.734323
134	173	0.718845
134	175	0.7343
134	176	0.691276
134	177	0.757044
134	179	0.734387
134	180	0.726583
135	23	2.35451
135	32	1.9184
135	46	1.37817
135	69	1.97028
135	86	2.09593
135	115	1.42015
135	117	0.855777
135	123	1.33948
135	128	0.825414
135	131	0.864251
135	136	0.882094
135	137	1.20454
135	141	0.85434
135	144	0.729268
135	146	0.787435
135	152	0.76425
135	156	0.733018
135	157	0.812967
135	158	0.762731
135	159	0.825276
135	160	0.762076
135	161	0.825421
135	162	0.743383
135	164	0.743346
135	165	0.725069
135	168	0.726621
135	169	0.740301
135	170	0.778697
135	171	0.736347
135	172	0.727951
135	173	0.720869
135	175	0.736324
135	176	0.693299
135	177	0.759068
135	179	0.736411
135	180	0.728606
136	33	1.31679
136	51	1.70618
136	58	0.928654
136	69	1.90063
136	98	1.37677
136	116	0.826441
136	126	1.08562
136	127	0.994784
136	135	0.882094
136	137	1.13489
136	138	0.843056
136	142	1.10568
136	145	0.908348
136	146	0.844903
136	147	0.840169
136	149	0.908531
136	150	0.869489
136	151	1.04989
136	156	0.790485
136	157	0.870435
136	158	0.820199
136	159	0.882743
136	163	0.817284
136	164	0.800813
136	165	0.782536
136	166	0.788906
136	167	0.813985
136	168	0.784089
136	169	0.797769
136	171	0.793814
136	172	0.785419
136	173	0.778336
136	175	0.793792
