1	36	0.964338
1	53	1.0566
1	57	1.05803
1	74	0.965594
1	93	1.11724
1	113	0.912119
1	118	0.966731
1	133	1.11732
1	134	1.02506
1	153	0.934416
1	172	1.10199
1	173	0.983765
2	71	0.920468
2	85	0.993024
2	103	1.11902
2	104	1.12246
2	108	1.07411
2	119	1.049
2	123	1.09468
2	135	1.00325
2	147	0.902682
2	150	0.867265
2	155	1.01873
2	163	1.01417
3	32	0.625133
3	40	1.12877
3	42	1.14273
3	58	1.2083
3	98	1.24302
3	106	1.25656
3	111	0.775559
3	143	1.18896
3	146	1.20884
3	151	0.772745
3	169	0.821004
3	180	0.847658
4	12	1.22319
4	19	1.21535
4	58	1.182
4	98	1.21672
4	106	1.23027
4	143	1.16267
4	146	1.18254
4	152	0.682705
4	157	0.810525
4	172	0.665072
4	174	0.872657
4	178	0.818162
5	27	1.34164
5	30	1.16266
5	35	1.28175
5	67	1.21131
5	77	1.06657
5	89	1.13042
5	91	1.19413
5	151	0.734041
5	163	0.865476
5	170	0.750771
5	171	0.817172
5	172	0.685634
6	104	1.27181
6	107	1.2145
6	119	1.19836
6	123	1.24404
6	134	1.1489
6	135	1.15261
6	143	1.14292
6	163	0.733101
6	171	0.684798
6	174	0.760844
6	176	0.882934
6	179	0.79617
7	31	1.16213
7	33	0.618364
7	50	1.17619
7	62	1.2658
7	66	1.21129
7	70	1.21383
7	80	1.15737
7	84	1.22882
7	154	0.707695
7	168	0.741598
7	174	0.871117
7	179	0.906444
8	59	1.24654
8	68	1.15561
8	78	1.18182
8	81	1.22605
8	83	1.14524
8	122	1.22216
8	146	1.22041
8	150	0.711326
8	160	0.759783
8	165	0.778686
8	175	0.773303
8	177	0.828214
9	17	0.851771
9	52	0.831344
9	88	0.888659
9	126	0.838945
9	155	1.03413
9	163	1.03824
9	165	1.10056
9	173	1.08882
9	177	1.03611
9	178	1.04378
9	179	0.996421
9	180	1.06504
10	37	1.13388
10	45	1.22458
10	50	1.20596
10	64	1.20422
10	70	1.24359
10	76	1.18597
10	80	1.18713
10	118	0.773589
10	152	0.72297
10	154	0.749499
10	170	0.770474
10	171	0.836876
11	92	1.09696
11	94	1.2552
11	97	1.21171
11	99	1.21178
11	101	1.21384
11	102	1.17482
11	118	0.723239
11	133	0.662761
11	150	1.23212
11	158	0.783628
11	179	0.897899
11	180	0.778308
12	4	1.22319
12	19	1.22723
12	40	1.11434
12	54	1.19515
12	58	1.19388
12	106	1.24214
12	133	0.699124
12	145	0.723532
12	146	1.19441
12	167	0.786017
12	171	0.82289
12	180	0.814671
13	26	1.18686
13	35	1.32187
13	38	1.14034
13	67	1.25143
13	77	1.10669
13	89	1.17054
13	91	1.23425
13	112	0.837924
13	116	0.641274
13	145	0.746449
13	165	0.814566
13	173	0.799554
14	25	1.54003
14	61	1.52169
14	78	1.54617
14	83	1.50959
14	128	0.562101
14	146	1.58475
14	154	0.548301
14	158	0.63278
14	170	0.569276
14	171	0.635678
14	178	0.657229
15	51	1.2076
15	92	1.10656
15	97	1.22131
15	99	1.22137
15	101	1.22343
15	102	1.18442
15	145	0.702162
15	150	1.24172
15	158	0.798622
15	161	0.731443
15	171	0.80152
15	177	0.819807
16	35	1.05872
16	48	1.16911
16	65	1.07834
16	77	0.843541
16	89	0.907386
16	91	0.971099
16	142	1.22366
16	152	1.02114
16	160	0.958437
16	166	0.924113
16	179	0.823452
16	180	0.89207
17	9	0.851771
17	34	1.11856
17	44	1.20125
17	87	1.14096
17	95	1.2679
17	133	0.699197
17	152	1.27053
17	157	1.16397
17	159	1.26483
17	162	0.781004
17	168	0.76949
17	172	0.691424
18	75	1.21566
18	94	1.24917
18	97	1.20568
18	99	1.20574
18	101	1.2078
18	102	1.16879
18	109	1.14888
18	112	0.806631
18	147	0.751329
18	153	0.718912
18	160	0.76437
18	180	0.806295
19	4	1.21535
19	12	1.22723
19	40	1.1065
19	54	1.18731
19	98	1.22075
19	106	1.2343
19	112	0.821492
19	127	0.713875
19	146	1.18657
19	159	0.728293
19	162	0.787417
19	165	0.798134
20	90	1.17265
20	103	1.23159
20	104	1.23503
20	107	1.17771
20	108	1.18669
20	118	0.749233
20	119	1.16157
20	123	1.20726
20	147	0.749336
20	153	0.716918
20	157	0.826434
20	158	0.809622
21	52	0.721713
21	66	0.742142
21	67	0.692627
21	96	0.796251
21	97	0.735222
21	169	1.18797
21	173	1.18668
21	174	1.11729
21	176	1.07043
21	177	1.13397
21	178	1.14163
21	179	1.09427
21	180	1.16289
22	23	1.09136
22	53	1.13601
22	56	1.1237
22	57	1.13745
22	74	1.04501
22	93	1.19666
22	110	0.734404
22	133	1.19674
22	163	0.881782
22	170	0.767077
22	172	1.18141
22	179	0.944852
22	180	0.82526
23	22	1.09136
23	39	1.18031
23	53	1.1444
23	56	1.13209
23	74	1.0534
23	93	1.20505
23	114	0.757951
23	134	1.11286
23	161	0.808934
23	170	0.812609
23	171	0.879011
23	172	1.1898
23	177	0.897298
24	75	1.15715
24	92	1.03242
24	94	1.19065
24	97	1.14717
24	99	1.14723
24	101	1.14929
24	102	1.11028
24	121	0.688371
24	150	1.16758
24	160	0.802753
24	161	0.78282
24	166	0.82493
24	176	1.05103
25	14	1.54003
25	47	1.15016
25	61	1.04598
25	68	1.04424
25	78	1.07045
25	81	1.11468
25	83	1.03388
25	135	0.871019
25	146	1.10904
25	152	0.807975
25	153	0.826278
25	170	0.855478
25	172	0.790342
26	13	1.18686
26	27	1.29813
26	30	1.11915
26	38	1.05672
26	67	1.16781
26	77	1.02307
26	89	1.08692
26	91	1.15063
26	153	0.719873
26	155	0.868337
26	167	0.778602
26	173	0.769222
26	176	1.01361
27	5	1.34164
27	26	1.29813
27	38	1.25162
27	67	1.36271
27	77	1.21797
27	89	1.28182
27	91	1.34553
27	113	0.639328
27	152	0.643322
27	160	0.707083
27	165	0.725986
27	166	0.72926
27	171	0.757227
28	58	1.14384
28	68	1.07957
28	81	1.15002
28	83	1.06921
28	98	1.17855
28	106	1.1921
28	143	1.1245
28	146	1.14437
28	153	0.760468
28	162	0.814112
28	163	0.904373
28	171	0.85607
28	175	0.819446
29	40	1.06884
29	42	1.08281
29	54	1.14965
29	98	1.18309
29	106	1.19664
29	109	1.11305
29	143	1.12904
29	146	1.14891
29	170	0.777161
29	171	0.843562
29	175	0.806939
29	177	0.861849
29	178	0.865113
30	5	1.16266
30	26	1.11915
30	35	1.25417
30	38	1.07264
30	67	1.18373
30	77	1.03899
30	89	1.10284
30	91	1.16655
30	166	0.773243
30	171	0.80121
30	172	0.669672
30	176	0.999347
30	179	0.912583
31	7	1.16213
31	37	1.05559
31	45	1.14629
31	50	1.12768
31	62	1.21728
31	76	1.10769
31	80	1.10885
31	84	1.1803
31	125	0.781762
31	131	0.784455
31	156	0.797796
31	179	0.952606
31	180	0.833014
32	3	0.625133
32	62	0.560142
32	68	0.718024
32	95	0.537209
32	106	0.578853
32	140	1.33062
32	143	0.645184
32	144	1.34232
32	149	1.37319
32	177	1.26374
32	178	1.27141
32	179	1.22405
32	180	1.29266
33	7	0.618364
33	49	0.7078
33	103	0.614921
33	136	0.709927
33	144	0.665069
33	148	0.633037
33	154	1.31012
33	163	1.19349
33	171	1.23705
33	173	1.24407
33	175	1.24216
33	178	1.19903
33	179	1.15167
33	180	1.22029
34	17	1.11856
34	48	1.09069
34	49	1.09069
34	79	1.06119
34	87	1.01657
34	95	1.14351
34	131	0.877587
34	150	0.835764
34	151	0.851234
34	152	1.14614
34	155	0.987227
34	157	1.03958
34	159	1.14045
34	175	0.897741
35	5	1.28175
35	13	1.32187
35	16	1.05872
35	30	1.25417
35	77	1.15808
35	88	1.21569
35	89	1.22193
35	91	1.28564
35	151	0.657704
35	157	0.75475
35	169	0.705963
35	171	0.740836
35	175	0.704212
35	176	0.938972
36	1	0.964338
36	39	1.13271
36	56	1.08449
36	57	1.09823
36	74	1.0058
36	93	1.15744
36	133	1.15752
36	134	1.06526
36	147	0.886109
36	154	0.861917
36	156	0.905856
36	169	0.914421
36	170	0.882892
36	172	1.1422
37	10	1.13388
37	31	1.05559
37	45	1.08827
37	64	1.06791
37	66	1.10475
37	70	1.10729
37	76	1.04967
37	80	1.05083
37	84	1.12228
37	155	0.955396
37	161	0.832457
37	165	0.871294
37	167	0.865662
37	178	0.924085
38	13	1.14034
38	26	1.05672
38	27	1.25162
38	30	1.07264
38	67	1.12129
38	77	0.976554
38	88	1.03415
38	89	1.0404
38	91	1.10411
38	118	0.887309
38	170	0.884194
38	172	0.819058
38	175	0.913972
38	180	0.942377
39	23	1.18031
39	36	1.13271
39	53	1.22497
39	56	1.21265
39	93	1.28561
39	128	0.705537
39	133	1.28569
39	134	1.19343
39	147	0.71593
39	155	0.831976
39	170	0.712712
39	172	1.27036
39	173	0.732862
39	178	0.800665
40	3	1.12877
40	12	1.11434
40	19	1.1065
40	29	1.06884
40	42	1.00759
40	98	1.10787
40	106	1.12142
40	111	0.858441
40	135	0.887897
40	143	1.05382
40	146	1.07369
40	147	0.875573
40	161	0.868681
40	178	0.960309
41	85	0.911902
41	90	0.978953
41	103	1.03789
41	104	1.04133
41	107	0.984014
41	108	0.99299
41	116	0.922793
41	119	0.967876
41	123	1.01356
41	135	0.922124
41	143	0.912437
41	167	1.09045
41	177	1.14561
41	179	1.2387
42	3	1.14273
42	29	1.08281
42	40	1.00759
42	58	1.08712
42	98	1.12184
42	106	1.13538
42	109	1.05179
42	114	0.834627
42	143	1.06778
42	146	1.08766
42	162	0.913729
42	166	0.92772
42	172	0.824149
42	180	0.947469
43	45	1.15481
43	62	1.2258
43	64	1.13445
43	66	1.17129
43	70	1.17383
43	76	1.11621
43	80	1.11737
43	84	1.18882
43	110	1.18723
43	151	0.723858
43	154	0.719613
43	155	0.859852
43	157	0.820904
43	168	0.753517
43	179	0.918363
44	17	1.20125
44	63	1.10855
44	69	1.18495
44	79	1.14389
44	87	1.09927
44	95	1.2262
44	121	0.703811
44	133	0.744572
44	152	1.22884
44	157	1.12227
44	159	1.22314
44	163	0.91664
44	172	0.736799
44	175	0.831713
44	180	0.860119
45	10	1.22458
45	31	1.14629
45	37	1.08827
45	43	1.15481
45	66	1.19545
45	70	1.19799
45	76	1.14037
45	80	1.14153
45	84	1.21298
45	150	0.745237
45	159	0.742757
45	169	0.808966
45	170	0.777436
45	174	0.919884
45	175	0.807214
46	62	0.672898
46	66	0.704978
46	103	0.673642
46	119	0.686184
46	136	0.768648
46	146	0.714881
46	168	1.2213
46	169	1.19044
46	171	1.18212
46	173	1.18915
46	175	1.18723
46	176	1.0729
46	177	1.13644
46	178	1.1441
46	180	1.16536
47	25	1.15016
47	59	1.22101
47	61	1.13181
47	68	1.13008
47	78	1.15629
47	81	1.20052
47	83	1.11971
47	122	1.19663
47	146	1.19488
47	151	0.683578
47	161	0.696633
47	165	0.73547
47	174	0.842756
47	176	0.964847
47	179	0.878083
48	16	1.16911
48	34	1.09069
48	63	1.12238
48	69	1.19877
48	73	0.716494
48	79	1.15771
48	87	1.11309
48	95	1.24003
48	114	0.651203
48	152	1.24266
48	157	1.1361
48	159	1.23696
48	164	0.733188
48	170	0.705861
48	180	0.764044
49	33	0.7078
49	34	1.09069
49	63	1.12238
49	69	1.19877
49	79	1.15771
49	87	1.11309
49	95	1.24003
49	127	0.769008
49	152	1.24266
49	153	0.788906
49	157	1.1361
49	158	0.88161
49	159	1.23696
49	169	0.849635
49	172	0.75297
50	7	1.17619
50	10	1.20596
50	31	1.12768
50	62	1.23135
50	64	1.14
50	66	1.17684
50	70	1.17937
50	76	1.12175
50	80	1.12291
50	131	0.769794
50	145	0.727214
50	157	0.840485
50	163	0.874875
50	166	0.798604
50	175	0.789948
51	15	1.2076
51	52	1.16307
51	75	1.1919
51	92	1.06717
51	94	1.22541
51	101	1.18404
51	102	1.14503
51	109	1.12512
51	112	0.862231
51	150	1.20233
51	151	0.786982
51	152	0.756208
51	160	0.81997
51	164	0.831038
51	172	0.738575
52	9	0.831344
52	21	0.721713
52	51	1.16307
52	75	1.18677
52	92	1.06203
52	94	1.22027
52	97	1.17678
52	99	1.17685
52	101	1.17891
52	102	1.13989
52	150	1.19719
52	156	0.759098
52	168	0.749062
52	173	0.756283
52	174	0.878581
53	1	1.0566
53	22	1.13601
53	23	1.1444
53	39	1.22497
53	57	1.19049
53	74	1.09806
53	93	1.2497
53	114	0.694753
53	134	1.15752
53	157	0.829727
53	159	0.714732
53	172	1.23445
53	174	0.891859
53	177	0.8341
53	178	0.837364
54	12	1.19515
54	19	1.18731
54	29	1.14965
54	58	1.15396
54	98	1.18867
54	106	1.20222
54	109	1.11863
54	127	0.738558
54	143	1.13462
54	146	1.15449
54	152	0.740152
54	159	0.752976
54	163	0.902361
54	169	0.819185
54	180	0.845839
55	124	1.1552
55	130	1.15657
55	136	1.14934
55	138	1.17664
55	139	1.18679
55	142	1.14256
55	144	1.15889
55	147	0.809726
55	148	1.19986
55	153	0.777308
55	158	0.870012
55	159	0.771829
55	162	0.830952
55	170	1.1519
55	172	0.741372
56	22	1.1237
56	23	1.13209
56	36	1.08449
56	39	1.21265
56	74	1.08574
56	93	1.23739
56	128	0.786943
56	133	1.23747
56	134	1.14521
56	153	0.764919
56	156	0.817083
56	165	0.82928
56	168	0.807047
56	170	0.794119
56	172	1.22214
57	1	1.05803
57	22	1.13745
57	36	1.09823
57	53	1.19049
57	74	1.09949
57	93	1.25113
57	112	0.818709
57	133	1.25121
57	134	1.15895
57	150	0.72799
57	155	0.879454
57	162	0.784633
57	165	0.795351
57	169	0.791719
57	172	1.23589
58	3	1.2083
58	4	1.182
58	12	1.19388
58	28	1.14384
58	42	1.08712
58	54	1.15396
58	98	1.18741
58	106	1.20095
58	113	0.755777
58	116	0.669142
58	125	0.814204
58	128	0.800098
58	143	1.13335
58	155	0.926537
58	173	0.827423
59	8	1.24654
59	47	1.22101
59	61	1.11683
59	68	1.11509
59	78	1.14131
59	81	1.18554
59	83	1.10473
59	113	0.708705
59	122	1.18164
59	146	1.17989
59	154	0.739227
59	164	0.787529
59	173	0.780351
59	177	0.84489
59	179	0.937976
60	71	1.03675
60	85	1.1093
60	90	1.17635
60	103	1.2353
60	104	1.23874
60	108	1.19039
60	110	0.676111
60	119	1.16528
60	123	1.21096
60	134	1.11582
60	157	0.7891
60	170	0.708784
60	171	0.775186
60	176	0.973322
60	179	0.886558
61	14	1.52169
61	25	1.04598
61	47	1.13181
61	59	1.11683
61	68	1.0259
61	78	1.05211
61	81	1.09634
61	83	1.01553
61	118	0.823279
61	122	1.09245
61	146	1.0907
61	151	0.803434
61	156	0.843128
61	171	0.886565
61	173	0.840313
61	177	0.904852
62	7	1.2658
62	31	1.21728
62	32	0.560142
62	43	1.2258
62	46	0.672898
62	50	1.23135
62	66	1.26644
62	76	1.21136
62	80	1.21252
62	84	1.28397
62	110	1.28237
62	151	0.707753
62	164	0.751809
62	169	0.756012
62	178	0.812435
62	180	0.782666
63	44	1.10855
63	48	1.12238
63	49	1.12238
63	69	1.13394
63	79	1.09288
63	87	1.04826
63	95	1.1752
63	114	0.774659
63	152	1.17783
63	153	0.800117
63	157	1.07127
63	159	1.17213
63	166	0.867752
63	170	0.829318
63	177	0.914006
63	178	0.91727
64	10	1.20422
64	37	1.06791
64	43	1.13445
64	50	1.14
64	71	0.831393
64	84	1.19262
64	88	0.732475
64	109	0.798365
64	120	0.671693
64	134	0.753704
64	137	0.737603
64	151	1.16303
64	171	1.10587
64	174	1.04351
64	178	1.06785
64	180	1.08911
65	16	1.07834
65	129	1.23278
65	130	1.23345
65	131	0.624712
65	133	0.557724
65	137	1.22313
65	138	1.25352
65	140	1.22406
65	144	1.23576
65	148	1.27673
65	149	1.26663
65	159	0.580409
65	170	1.22878
65	176	0.879627
65	178	0.703041
65	180	0.673271
66	7	1.21129
66	21	0.742142
66	37	1.10475
66	43	1.17129
66	45	1.19545
66	46	0.704978
66	50	1.17684
66	62	1.26644
66	73	0.767195
66	76	1.15685
66	80	1.15801
66	84	1.22946
66	110	1.22787
66	116	0.618431
66	132	0.878918
66	157	0.836878
66	175	0.786341
67	5	1.21131
67	13	1.25143
67	21	0.692627
67	26	1.16781
67	27	1.36271
67	30	1.18373
67	38	1.12129
67	77	1.08764
67	88	1.14524
67	89	1.15149
67	91	1.2152
67	158	0.770551
67	163	0.821752
67	172	0.641911
67	175	0.736825
67	176	0.971586
67	180	0.765231
68	8	1.15561
68	25	1.04424
68	28	1.07957
68	32	0.718024
68	47	1.13008
68	59	1.11509
68	61	1.0259
68	78	1.05037
68	81	1.0946
68	83	1.01379
68	122	1.09071
68	125	0.889295
68	146	1.08896
68	160	0.898623
68	169	0.913894
68	173	0.902514
68	174	1.02481
69	44	1.18495
69	48	1.19877
69	49	1.19877
69	63	1.13394
69	79	1.16928
69	87	1.12466
69	95	1.25159
69	121	0.666475
69	127	0.715502
69	152	1.25423
69	157	1.14766
69	159	1.24853
69	160	0.780858
69	162	0.789043
69	172	0.699463
69	178	0.852552
69	179	0.942374
70	7	1.21383
70	10	1.24359
70	37	1.10729
70	43	1.17383
70	45	1.19799
70	50	1.17937
70	76	1.15939
70	80	1.16055
70	84	1.232
70	110	1.2304
70	131	0.758964
70	155	0.868604
70	159	0.714661
70	163	0.864045
70	170	0.74934
70	171	0.815742
70	172	0.684204
71	2	0.920468
71	60	1.03675
71	64	0.831393
71	73	0.902998
71	82	1.02271
71	85	1.04039
71	103	1.16638
71	104	1.16982
71	107	1.1125
71	108	1.12148
71	114	0.837708
71	119	1.09636
71	123	1.14204
71	132	1.01472
71	134	1.04691
71	152	0.844862
71	168	0.905295
72	113	0.687611
72	124	1.17341
72	126	1.21365
72	136	1.16756
72	137	1.16447
72	140	1.1654
72	141	1.23317
72	142	1.16078
72	144	1.17711
72	148	1.21807
72	149	1.20797
72	163	0.853813
72	164	0.766435
72	165	0.774269
72	166	0.777543
72	167	0.768638
72	177	0.823797
73	48	0.716494
73	66	0.767195
73	71	0.902998
73	108	0.754633
73	123	0.732099
73	129	0.776542
73	156	1.15513
73	160	1.18307
73	164	1.15839
73	169	1.14179
73	173	1.14049
73	175	1.13858
73	176	1.02424
73	177	1.08778
73	179	1.04809
73	180	1.11671
74	1	0.965594
74	22	1.04501
74	23	1.0534
74	36	1.0058
74	53	1.09806
74	56	1.08574
74	57	1.09949
74	93	1.1587
74	118	0.86712
74	133	1.15878
74	134	1.06652
74	147	0.867222
74	155	0.983269
74	164	0.891332
74	169	0.895534
74	172	1.14345
74	175	0.893783
75	18	1.21566
75	24	1.15715
75	51	1.1919
75	52	1.18677
75	92	1.09086
75	94	1.2491
75	97	1.20561
75	99	1.20568
75	102	1.16872
75	128	0.69207
75	150	1.22602
75	152	0.651742
75	158	0.76275
75	162	0.723689
75	176	0.963784
75	177	0.783934
75	179	0.87702
76	10	1.18597
76	31	1.10769
76	37	1.04967
76	43	1.11621
76	45	1.14037
76	50	1.12175
76	62	1.21136
76	66	1.15685
76	70	1.15939
76	84	1.17438
76	110	1.17278
76	131	0.829364
76	145	0.786784
76	150	0.787541
76	159	0.785061
76	160	0.835998
76	161	0.816065
76	178	0.907693
77	5	1.06657
77	13	1.10669
77	16	0.843541
77	26	1.02307
77	27	1.21797
77	30	1.03899
77	35	1.15808
77	38	0.976554
77	67	1.08764
77	88	1.00051
77	89	1.00675
77	91	1.07047
77	116	0.83901
77	153	0.947941
77	165	1.0123
77	167	1.00667
77	170	0.977142
77	172	0.912005
78	8	1.18182
78	14	1.54617
78	25	1.07045
78	47	1.15629
78	59	1.14131
78	61	1.05211
78	68	1.05037
78	81	1.12082
78	83	1.04001
78	114	0.743421
78	122	1.11692
78	146	1.11517
78	150	0.76588
78	156	0.821044
78	165	0.833241
78	167	0.827609
78	173	0.818229
78	174	0.940527
79	34	1.06119
79	44	1.14389
79	48	1.15771
79	49	1.15771
79	63	1.09288
79	69	1.16928
79	87	1.0836
79	95	1.21053
79	121	0.68284
79	152	1.21317
79	154	0.75999
79	156	0.80393
79	157	1.1066
79	159	1.20747
79	162	0.805409
79	167	0.810494
79	176	1.0455
79	180	0.839148
80	7	1.15737
80	10	1.18713
80	31	1.10885
80	37	1.05083
80	43	1.11737
80	45	1.14153
80	50	1.12291
80	62	1.21252
80	66	1.15801
80	70	1.16055
80	110	1.17394
80	118	0.765398
80	132	0.884638
80	133	0.704919
80	160	0.778541
80	170	0.762283
80	176	1.02682
80	180	0.820466
81	8	1.22605
81	25	1.11468
81	28	1.15002
81	47	1.20052
81	59	1.18554
81	61	1.09634
81	68	1.0946
81	78	1.12082
81	83	1.08424
81	122	1.16116
81	146	1.1594
81	164	0.780465
81	168	0.766067
81	169	0.784668
81	173	0.773288
81	174	0.895586
81	179	0.930913
81	180	0.811322
82	71	1.02271
82	85	1.09526
82	103	1.22126
82	104	1.2247
82	107	1.16738
82	108	1.17635
82	110	0.774079
82	119	1.15124
82	123	1.19692
82	131	0.816376
82	134	1.10178
82	135	1.10549
82	143	1.0958
82	156	0.829717
82	159	0.772073
82	167	0.836281
82	175	0.83653
82	177	0.891441
83	8	1.14524
83	14	1.50959
83	25	1.03388
83	28	1.06921
83	47	1.11971
83	59	1.10473
83	61	1.01553
83	68	1.01379
83	78	1.04001
83	81	1.08424
83	122	1.08035
83	127	0.815934
83	133	0.807668
83	146	1.0786
83	154	0.844057
83	162	0.889476
83	169	0.896561
83	170	0.865032
83	171	0.931434
84	7	1.22882
84	31	1.1803
84	37	1.12228
84	43	1.18882
84	45	1.21298
84	62	1.28397
84	64	1.19262
84	66	1.22946
84	70	1.232
84	76	1.17438
84	110	1.24539
84	131	0.736647
84	132	0.849379
84	152	0.67952
84	167	0.756553
84	170	0.727024
84	171	0.793425
84	173	0.747173
84	177	0.811712
85	2	0.993024
85	41	0.911902
85	60	1.1093
85	71	1.04039
85	82	1.09526
85	107	1.18506
85	108	1.19403
85	116	0.711064
85	119	1.16892
85	123	1.2146
85	134	1.11946
85	135	1.12317
85	143	1.11348
85	150	0.816996
85	154	0.828221
85	163	0.9639
85	168	0.862124
85	173	0.869345
85	174	0.991643
86	113	0.733488
86	129	1.19508
86	133	0.727622
86	135	0.800526
86	136	1.18852
86	137	1.18543
86	138	1.21582
86	140	1.18636
86	141	1.25413
86	142	1.18174
86	144	1.19807
86	145	0.752029
86	148	1.23903
86	149	1.22893
86	151	0.768255
86	161	0.78131
86	162	0.809429
86	170	1.19108
86	172	0.719849
87	17	1.14096
87	34	1.01657
87	44	1.09927
87	48	1.11309
87	49	1.11309
87	63	1.04826
87	69	1.12466
87	79	1.0836
87	95	1.16591
87	110	0.842988
87	128	0.868486
87	152	1.16855
87	154	0.854686
87	156	0.898626
87	157	1.06198
87	159	1.16285
87	164	0.902988
87	170	0.875661
87	172	0.810525
88	9	0.888659
88	35	1.21569
88	38	1.03415
88	64	0.732475
88	67	1.14524
88	77	1.00051
88	89	1.06436
88	91	1.12807
88	115	1.16351
88	137	1.08606
88	139	1.12661
88	142	1.08237
88	144	1.0987
88	148	1.13967
88	156	0.816413
88	157	0.873764
88	164	0.820775
88	174	0.935896
88	178	0.881401
89	5	1.13042
89	13	1.17054
89	16	0.907386
89	26	1.08692
89	27	1.28182
89	30	1.10284
89	35	1.22193
89	38	1.0404
89	67	1.15149
89	77	1.00675
89	88	1.06436
89	91	1.13431
89	145	0.775704
89	154	0.787685
89	163	0.923365
89	166	0.847095
89	174	0.951107
89	178	0.896612
89	180	0.866843
90	20	1.17265
90	41	0.978953
90	60	1.17635
90	100	0.70397
90	103	1.30599
90	104	1.30943
90	107	1.25211
90	116	0.627856
90	119	1.23597
90	123	1.28165
90	133	0.708624
90	134	1.18651
90	135	1.19022
90	143	1.18053
90	151	0.749258
90	163	0.880692
90	168	0.778916
90	173	0.786137
90	178	0.85394
91	5	1.19413
91	13	1.23425
91	16	0.971099
91	26	1.15063
91	27	1.34553
91	30	1.16655
91	35	1.28564
91	38	1.10411
91	67	1.2152
91	77	1.07047
91	88	1.12807
91	89	1.13431
91	127	0.724925
91	135	0.789563
91	153	0.744822
91	155	0.893286
91	158	0.837526
91	170	0.774022
91	175	0.8038
91	180	0.832205
92	11	1.09696
92	15	1.10656
92	24	1.03242
92	51	1.06717
92	52	1.06203
92	75	1.09086
92	94	1.12436
92	97	1.08088
92	99	1.08094
92	100	0.779049
92	101	1.083
92	102	1.04399
92	109	1.02408
92	112	0.899586
92	150	1.10129
92	164	0.868394
92	169	0.872596
92	174	0.983515
92	178	0.92902
92	179	1.01884
93	1	1.11724
93	22	1.19666
93	23	1.20505
93	36	1.15744
93	39	1.28561
93	53	1.2497
93	56	1.23739
93	57	1.25113
93	74	1.1587
93	110	0.642495
93	112	0.733687
93	125	0.682099
93	133	1.31042
93	134	1.21816
93	165	0.710329
93	168	0.688097
93	171	0.74157
93	172	1.2951
93	176	0.939707
93	178	0.763121
93	179	0.852943
94	11	1.2552
94	18	1.24917
94	24	1.19065
94	51	1.22541
94	52	1.22027
94	75	1.2491
94	92	1.12436
94	97	1.23911
94	99	1.23918
94	101	1.24124
94	102	1.20222
94	110	0.695493
94	118	0.73128
94	150	1.25953
94	156	0.75113
94	161	0.72449
94	166	0.7666
94	167	0.757695
94	169	0.759695
94	173	0.748315
94	178	0.816118
95	17	1.2679
95	32	0.537209
95	34	1.14351
95	44	1.2262
95	48	1.24003
95	49	1.24003
95	63	1.1752
95	69	1.25159
95	79	1.21053
95	87	1.16591
95	131	0.711174
95	147	0.704767
95	152	1.29548
95	157	1.18892
95	158	0.765054
95	159	1.28978
95	160	0.717808
95	162	0.725994
95	167	0.731079
95	174	0.843998
95	176	0.966088
96	21	0.796251
96	113	0.759175
96	129	1.11598
96	130	1.11665
96	136	1.10942
96	137	1.10633
96	138	1.13672
96	139	1.14687
96	140	1.10726
96	141	1.17503
96	142	1.10264
96	144	1.11897
96	145	0.777715
96	148	1.15993
96	149	1.14983
96	151	0.793941
96	155	0.929935
96	166	0.849106
96	170	1.11198
96	175	0.840449
96	178	0.898624
97	11	1.21171
97	15	1.22131
97	18	1.20568
97	21	0.735222
97	24	1.14717
97	52	1.17678
97	75	1.20561
97	92	1.08088
97	94	1.23911
97	99	1.19569
97	101	1.19775
97	102	1.15874
97	109	1.13883
97	111	0.735727
97	145	0.716686
97	150	1.21604
97	158	0.813146
97	164	0.776969
97	170	0.749642
97	172	0.684505
97	173	0.769791
97	176	1.01418
98	3	1.24302
98	4	1.21672
98	19	1.22075
98	28	1.17855
98	29	1.18309
98	40	1.10787
98	42	1.12184
98	54	1.18867
98	58	1.18741
98	100	0.694799
98	106	1.23567
98	109	1.15208
98	128	0.749642
98	135	0.772358
98	143	1.16807
98	146	1.18794
98	155	0.876081
98	157	0.837133
98	160	0.773075
98	165	0.791978
98	167	0.786346
98	168	0.769746
99	11	1.21178
99	15	1.22137
99	18	1.20574
99	24	1.14723
99	52	1.17685
99	75	1.20568
99	92	1.08094
99	94	1.23918
99	97	1.19569
99	101	1.19782
99	102	1.1588
99	109	1.13889
99	125	0.731669
99	132	0.847093
99	135	0.740279
99	150	1.2161
99	154	0.703764
99	159	0.690059
99	160	0.740996
99	168	0.737667
99	174	0.867186
99	176	0.989277
100	90	0.70397
100	92	0.779049
100	98	0.694799
100	104	0.63024
100	123	0.659449
100	139	0.693818
100	140	0.715522
100	142	0.698389
100	144	0.713357
100	153	1.25041
100	155	1.14916
100	164	1.22174
100	167	1.2013
100	168	1.236
100	171	1.19682
100	173	1.20385
100	174	1.13446
100	175	1.20193
100	177	1.15114
100	178	1.1588
100	179	1.11144
100	180	1.18006
101	11	1.21384
101	15	1.22343
101	18	1.2078
101	24	1.14929
101	51	1.18404
101	52	1.17891
101	92	1.083
101	94	1.24124
101	97	1.19775
101	99	1.19782
101	102	1.16086
101	109	1.14095
101	121	0.663835
101	128	0.754784
101	150	1.21816
101	157	0.842275
101	159	0.72728
101	167	0.791489
101	168	0.774888
101	170	0.761959
101	175	0.791737
101	179	0.939734
102	11	1.17482
102	15	1.18442
102	18	1.16879
102	24	1.11028
102	51	1.14503
102	52	1.13989
102	75	1.16872
102	92	1.04399
102	94	1.20222
102	97	1.15874
102	99	1.1588
102	101	1.16086
102	109	1.10194
102	125	0.795624
102	150	1.17915
102	152	0.74119
102	157	0.869009
102	159	0.754014
102	161	0.785018
102	164	0.81602
102	167	0.818222
102	168	0.801622
102	179	0.966468
103	2	1.11902
103	20	1.23159
103	33	0.614921
103	41	1.03789
103	46	0.673642
103	60	1.2353
103	71	1.16638
103	82	1.22126
103	90	1.30599
103	107	1.31105
103	108	1.32002
103	119	1.29491
103	123	1.34059
103	135	1.24916
103	143	1.23947
103	145	0.692271
103	154	0.704252
103	155	0.844491
103	157	0.805542
103	164	0.752553
103	166	0.763661
103	172	0.66009
103	180	0.78341
104	2	1.12246
104	6	1.27181
104	20	1.23503
104	41	1.04133
104	60	1.23874
104	71	1.16982
104	82	1.2247
104	90	1.30943
104	100	0.63024
104	108	1.32346
104	114	0.6376
104	119	1.29835
104	123	1.34403
104	128	0.685083
104	135	1.2526
104	143	1.24291
104	157	0.772574
104	162	0.716702
104	164	0.719585
104	166	0.730693
104	171	0.75866
104	174	0.834706
104	179	0.870032
105	115	1.19514
105	116	0.66926
105	120	1.20595
105	129	1.12734
105	130	1.12801
105	136	1.12077
105	137	1.11769
105	138	1.14808
105	139	1.15823
105	140	1.11862
105	141	1.18638
105	142	1.114
105	148	1.17129
105	149	1.16119
105	150	0.775193
105	152	0.759888
105	153	0.778192
105	164	0.834719
105	168	0.820321
105	170	1.12334
105	173	0.827541
105	177	0.892081
105	179	0.985166
106	3	1.25656
106	4	1.23027
106	12	1.24214
106	19	1.2343
106	28	1.1921
106	29	1.19664
106	32	0.578853
106	40	1.12142
106	42	1.13538
106	54	1.20222
106	58	1.20095
106	98	1.23567
106	109	1.16562
106	121	0.645069
106	138	0.996096
106	143	1.18161
106	146	1.20149
106	150	0.710994
106	162	0.767637
106	164	0.770521
106	167	0.772723
106	168	0.756123
106	169	0.774723
106	175	0.772972
107	6	1.2145
107	20	1.17771
107	41	0.984014
107	71	1.1125
107	82	1.16738
107	85	1.18506
107	90	1.25211
107	103	1.31105
107	108	1.26615
107	119	1.24103
107	123	1.28671
107	125	0.757136
107	127	0.701108
107	133	0.692842
107	134	1.19158
107	135	1.19528
107	143	1.18559
107	152	0.702702
107	165	0.785367
107	166	0.788641
107	170	0.750206
107	171	0.816608
107	175	0.779984
107	179	0.92798
108	2	1.07411
108	20	1.18669
108	41	0.99299
108	60	1.19039
108	71	1.12148
108	73	0.754633
108	82	1.17635
108	85	1.19403
108	103	1.32002
108	104	1.32346
108	107	1.26615
108	111	0.730085
108	119	1.25001
108	123	1.29569
108	134	1.20055
108	143	1.19457
108	150	0.711801
108	161	0.740325
108	162	0.768444
108	165	0.779162
108	167	0.77353
108	168	0.756929
108	177	0.828689
108	180	0.802184
109	18	1.14888
109	29	1.11305
109	42	1.05179
109	51	1.12512
109	54	1.11863
109	64	0.798365
109	92	1.02408
109	97	1.13883
109	98	1.15208
109	99	1.13889
109	101	1.14095
109	102	1.10194
109	106	1.16562
109	121	0.761214
109	143	1.09802
109	145	0.826382
109	146	1.11789
109	150	1.15924
109	151	0.842608
109	152	0.811834
109	166	0.897773
109	172	0.794201
109	177	0.944027
109	180	0.917521
110	22	0.734404
110	43	1.18723
110	60	0.676111
110	62	1.28237
110	66	1.22787
110	70	1.2304
110	76	1.17278
110	80	1.17394
110	82	0.774079
110	84	1.24539
110	87	0.842988
110	93	0.642495
110	94	0.695493
110	115	0.718179
110	117	0.773362
110	119	0.705095
110	122	0.736695
110	162	1.18383
110	168	1.19782
110	174	1.09629
110	176	1.04942
110	177	1.11296
110	178	1.12063
110	179	1.07327
110	180	1.14188
111	3	0.775559
111	40	0.858441
111	97	0.735727
111	108	0.730085
111	134	0.800762
111	140	0.763625
111	143	0.79561
111	146	0.75255
111	148	0.729428
111	153	1.18276
111	156	1.15083
111	161	1.17956
111	164	1.15409
111	166	1.14445
111	167	1.13364
111	170	1.15508
111	173	1.13619
111	174	1.06681
111	175	1.13428
111	176	1.01994
111	177	1.08348
111	178	1.09115
111	179	1.04379
111	180	1.11241
112	13	0.837924
112	18	0.806631
112	19	0.821492
112	51	0.862231
112	57	0.818709
112	92	0.899586
112	93	0.733687
112	131	1.16303
112	142	0.818926
112	149	0.798262
112	160	1.14766
112	161	1.14845
112	164	1.12298
112	165	1.11682
112	166	1.11334
112	167	1.10253
112	168	1.13723
112	171	1.09806
112	174	1.0357
112	175	1.10317
112	176	0.988833
112	177	1.05237
112	178	1.06004
112	179	1.01268
112	180	1.0813
113	1	0.912119
113	27	0.639328
113	58	0.755777
113	59	0.708705
113	72	0.687611
113	86	0.733488
113	96	0.759175
113	126	0.692238
113	127	1.26026
113	137	0.747079
113	142	0.70891
113	154	1.24179
113	156	1.19038
113	164	1.19364
113	166	1.184
113	167	1.17319
113	170	1.19463
113	171	1.16872
113	173	1.17574
113	174	1.10636
113	175	1.17383
113	176	1.05949
113	178	1.1307
113	179	1.08334
113	180	1.15195
114	23	0.757951
114	42	0.834627
114	48	0.651203
114	53	0.694753
114	63	0.774659
114	71	0.837708
114	78	0.743421
114	104	0.6376
114	117	0.751377
114	146	0.711807
114	151	1.23242
114	160	1.22487
114	164	1.20019
114	167	1.17974
114	168	1.21444
114	170	1.20118
114	171	1.17526
114	173	1.18229
114	174	1.11291
114	175	1.18037
114	176	1.06604
114	177	1.12958
114	178	1.13725
114	179	1.08989
114	180	1.1585
115	88	1.16351
115	105	1.19514
115	110	0.718179
115	121	0.652728
115	124	1.20041
115	126	1.24065
115	127	0.701754
115	130	1.20179
115	135	0.766393
115	137	1.19146
115	138	1.22186
115	139	1.23201
115	140	1.1924
115	141	1.26016
115	142	1.18777
115	144	1.2041
115	148	1.24507
115	149	1.23497
115	151	0.734122
115	156	0.773817
115	158	0.814356
115	160	0.76711
115	161	0.747177
115	169	0.782381
115	170	1.19711
115	178	0.838805
116	13	0.641274
116	41	0.922793
116	58	0.669142
116	66	0.618431
116	77	0.83901
116	85	0.711064
116	90	0.627856
116	105	0.66926
116	140	0.639408
116	143	0.671394
116	144	0.637243
116	151	1.27368
116	158	1.23591
116	160	1.26612
116	162	1.2417
116	165	1.23528
116	166	1.2318
116	168	1.25569
116	171	1.21652
116	173	1.22354
116	175	1.22163
116	176	1.1073
116	177	1.17083
116	178	1.1785
116	179	1.13114
116	180	1.19976
117	110	0.773362
117	114	0.751377
117	120	1.19724
117	122	1.1306
117	124	1.11792
117	126	1.15816
117	127	0.756937
117	129	1.11863
117	130	1.1193
117	136	1.11206
117	137	1.10898
117	138	1.13937
117	139	1.14952
117	140	1.10991
117	141	1.17767
117	142	1.10528
117	148	1.16258
117	149	1.15248
117	153	0.776835
117	154	0.78506
117	158	0.869539
117	169	0.837564
117	170	1.11463
117	177	0.890724
117	178	0.893988
117	180	0.864218
118	1	0.966731
118	10	0.773589
118	11	0.723239
118	20	0.749233
118	38	0.887309
118	61	0.823279
118	74	0.86712
118	80	0.765398
118	94	0.73128
118	142	0.763522
118	154	1.18481
118	155	1.06407
118	158	1.13112
118	160	1.16134
118	162	1.13691
118	164	1.13665
118	165	1.1305
118	166	1.12701
118	167	1.11621
118	168	1.15091
118	169	1.12005
118	171	1.11173
118	175	1.11684
118	176	1.00251
118	178	1.07371
118	179	1.02635
118	180	1.09497
119	2	1.049
119	6	1.19836
119	20	1.16157
119	41	0.967876
119	46	0.686184
119	60	1.16528
119	71	1.09636
119	82	1.15124
119	85	1.16892
119	90	1.23597
119	103	1.29491
119	104	1.29835
119	107	1.24103
119	108	1.25001
119	110	0.705095
119	123	1.27057
119	125	0.744699
119	134	1.17544
119	143	1.16945
119	154	0.716794
119	156	0.760733
119	158	0.801272
119	160	0.754027
119	168	0.750697
119	171	0.80417
119	176	1.00231
119	178	0.825721
120	64	0.671693
120	105	1.20595
120	117	1.19724
120	121	0.634542
120	126	1.25147
120	129	1.21193
120	130	1.2126
120	132	0.855021
120	136	1.20537
120	137	1.20228
120	138	1.23267
120	139	1.24282
120	140	1.20321
120	141	1.27098
120	142	1.19859
120	144	1.21492
120	145	0.69971
120	148	1.25588
120	149	1.24578
120	150	0.700467
120	153	0.703466
120	155	0.85193
120	165	0.767827
120	168	0.745595
120	170	1.20793
120	173	0.752815
120	175	0.762444
120	180	0.790849
121	24	0.688371
121	44	0.703811
121	69	0.666475
121	79	0.68284
121	101	0.663835
121	106	0.645069
121	109	0.761214
121	115	0.652728
121	120	0.634542
121	134	0.716553
121	136	0.722108
121	143	0.711401
121	151	1.28699
121	160	1.27944
121	162	1.25501
121	163	1.18627
121	165	1.24859
121	168	1.26901
121	171	1.22983
121	172	1.33301
121	173	1.23686
121	174	1.16747
121	175	1.23494
121	176	1.12061
121	177	1.18415
121	178	1.19181
121	179	1.14445
121	180	1.21307
122	8	1.22216
122	47	1.19663
122	59	1.18164
122	61	1.09245
122	68	1.09071
122	78	1.11692
122	81	1.16116
122	83	1.08035
122	110	0.736695
122	117	1.1306
122	128	0.762193
122	136	1.13872
122	138	1.16603
122	139	1.17618
122	141	1.20433
122	142	1.13195
122	144	1.14828
122	146	1.15551
122	149	1.17914
122	152	0.721864
122	157	0.849683
122	160	0.785626
122	161	0.765693
122	167	0.798897
122	168	0.782297
122	171	0.83577
122	176	1.03391
122	180	0.827551
123	2	1.09468
123	6	1.24404
123	20	1.20726
123	41	1.01356
123	60	1.21096
123	71	1.14204
123	73	0.732099
123	82	1.19692
123	85	1.2146
123	90	1.28165
123	100	0.659449
123	103	1.34059
123	104	1.34403
123	107	1.28671
123	108	1.29569
123	119	1.27057
123	134	1.22112
123	135	1.22482
123	150	0.689267
123	152	0.673963
123	161	0.717791
123	162	0.74591
123	164	0.748794
123	166	0.759901
123	169	0.752996
123	174	0.863914
123	175	0.751245
123	177	0.806155
124	55	1.1552
124	72	1.17341
124	115	1.20041
124	117	1.11792
124	126	1.17215
124	129	1.13261
124	130	1.13328
124	131	0.773615
124	133	0.706627
124	136	1.12605
124	137	1.12296
124	138	1.15335
124	139	1.1635
124	140	1.12389
124	141	1.19166
124	142	1.11927
124	144	1.1356
124	148	1.17656
124	149	1.16646
124	159	0.729311
124	161	0.760316
124	162	0.788435
124	165	0.799152
124	173	0.78414
124	174	0.906439
124	176	1.02853
124	177	0.84868
124	180	0.822174
125	31	0.781762
125	58	0.814204
125	68	0.889295
125	93	0.682099
125	99	0.731669
125	102	0.795624
125	107	0.757136
125	119	0.744699
125	140	0.78447
125	143	0.816456
125	149	0.746673
125	155	1.08438
125	158	1.15143
125	161	1.18244
125	162	1.15723
125	163	1.08848
125	164	1.15696
125	165	1.15081
125	167	1.13652
125	168	1.17122
125	169	1.14036
125	171	1.13204
125	172	1.23522
125	173	1.13907
125	174	1.06969
125	176	1.02282
125	178	1.09402
125	179	1.04666
125	180	1.11528
126	9	0.838945
126	72	1.21365
126	113	0.692238
126	115	1.24065
126	117	1.15816
126	120	1.25147
126	124	1.17215
126	129	1.17285
126	136	1.16629
126	137	1.1632
126	138	1.19359
126	139	1.20374
126	140	1.16413
126	141	1.2319
126	142	1.15951
126	144	1.17584
126	148	1.21681
126	149	1.2067
126	151	0.727005
126	153	0.714535
126	154	0.72276
126	156	0.7667
126	160	0.759993
126	166	0.78217
126	170	1.16885
126	172	0.678598
126	174	0.886183
126	177	0.828424
126	180	0.801918
127	19	0.713875
127	49	0.769008
127	54	0.738558
127	69	0.715502
127	83	0.815934
127	91	0.724925
127	107	0.701108
127	113	1.26026
127	115	0.701754
127	117	0.756937
127	129	0.716812
127	130	0.727616
127	134	0.76558
127	156	1.1867
127	158	1.18443
127	161	1.21543
127	162	1.19022
127	163	1.12148
127	165	1.1838
127	166	1.18032
127	167	1.16951
127	168	1.20421
127	171	1.16504
127	173	1.17206
127	174	1.10268
127	175	1.17015
127	177	1.11935
127	178	1.12702
127	179	1.07966
127	180	1.14827
128	14	0.562101
128	39	0.705537
128	56	0.786943
128	58	0.800098
128	75	0.69207
128	87	0.868486
128	98	0.749642
128	101	0.754784
128	104	0.685083
128	122	0.762193
128	137	0.791401
128	145	1.25991
128	147	1.21546
128	148	0.736168
128	151	1.22974
128	154	1.24565
128	155	1.12491
128	163	1.12902
128	164	1.1975
128	166	1.18786
128	168	1.21175
128	169	1.1809
128	171	1.17258
128	174	1.11022
128	175	1.17769
128	176	1.06335
128	177	1.12689
128	178	1.13456
128	179	1.0872
128	180	1.15581
129	65	1.23278
129	73	0.776542
129	86	1.19508
129	96	1.11598
129	105	1.12734
129	117	1.11863
129	120	1.21193
129	124	1.13261
129	126	1.17285
129	127	0.716812
129	130	1.13399
129	132	0.888265
129	136	1.12675
129	137	1.12366
129	138	1.15406
129	139	1.16421
129	140	1.1246
129	141	1.19236
129	142	1.11997
129	144	1.1363
129	147	0.769127
129	148	1.17727
129	149	1.16717
129	156	0.788875
129	157	0.846225
129	158	0.829414
129	159	0.73123
129	160	0.782168
129	162	0.790354
129	163	0.880615
129	165	0.801071
129	170	1.12932
129	177	0.850598
130	55	1.15657
130	65	1.23345
130	96	1.11665
130	105	1.12801
130	115	1.20179
130	117	1.1193
130	120	1.2126
130	124	1.13328
130	127	0.727616
130	129	1.13399
130	135	0.792255
130	136	1.12743
130	137	1.12434
130	138	1.15473
130	139	1.16488
130	140	1.12527
130	141	1.19303
130	142	1.12065
130	144	1.13698
130	148	1.17794
130	149	1.16784
130	150	0.744514
130	152	0.72921
130	160	0.792972
130	161	0.773038
130	164	0.80404
130	165	0.811875
130	166	0.815148
130	167	0.806243
130	170	1.12999
130	173	0.796863
130	176	1.04125
130	178	0.864666
131	31	0.784455
131	34	0.877587
131	50	0.769794
131	65	0.624712
131	70	0.758964
131	76	0.829364
131	82	0.816376
131	84	0.736647
131	95	0.711174
131	112	1.16303
131	124	0.773615
131	132	1.11866
131	136	0.829856
131	144	0.784998
131	149	0.749367
131	153	1.19205
131	154	1.21154
131	155	1.0908
131	160	1.18807
131	161	1.18886
131	162	1.16364
131	163	1.0949
131	166	1.15374
131	167	1.14294
131	168	1.17764
131	169	1.14678
131	173	1.14549
131	174	1.0761
131	175	1.14357
131	176	1.02924
131	177	1.09278
131	178	1.10044
131	179	1.05308
131	180	1.1217
132	66	0.878918
132	71	1.01472
132	80	0.884638
132	84	0.849379
132	99	0.847093
132	120	0.855021
132	129	0.888265
132	131	1.11866
132	141	0.831182
132	142	0.882762
132	144	0.89773
132	148	0.865698
132	153	1.10728
132	155	1.00602
132	156	1.07535
132	157	1.05944
132	160	1.10329
132	161	1.10408
132	163	1.01013
132	164	1.07861
132	165	1.07245
132	167	1.05816
132	168	1.09286
132	169	1.06201
132	171	1.05369
132	173	1.06071
132	174	0.99133
132	175	1.0588
132	176	0.944466
132	177	1.008
132	178	1.01567
132	179	0.96831
132	180	1.03693
133	1	1.11732
133	11	0.662761
133	12	0.699124
133	17	0.699197
133	22	1.19674
133	36	1.15752
133	39	1.28569
133	44	0.744572
133	56	1.23747
133	57	1.25121
133	65	0.557724
133	74	1.15878
133	80	0.704919
133	83	0.807668
133	86	0.727622
133	90	0.708624
133	93	1.31042
133	107	0.692842
133	124	0.706627
133	134	1.21824
133	136	0.762869
133	139	0.698471
133	140	0.720176
133	142	0.703043
133	161	1.24239
133	164	1.21692
133	165	1.21076
133	167	1.19647
133	171	1.192
133	172	1.29518
133	173	1.19902
133	174	1.12964
133	176	1.08277
133	177	1.14631
133	178	1.15398
133	180	1.17524
134	1	1.02506
134	6	1.1489
134	23	1.11286
134	36	1.06526
134	39	1.19343
134	53	1.15752
134	56	1.14521
134	57	1.15895
134	60	1.11582
134	64	0.753704
134	71	1.04691
134	74	1.06652
134	82	1.10178
134	85	1.11946
134	90	1.18651
134	93	1.21816
134	107	1.19158
134	108	1.20055
134	111	0.800762
134	119	1.17544
134	121	0.716553
134	123	1.22112
134	127	0.76558
134	133	1.21824
134	143	1.12
134	145	0.781721
134	147	0.817895
134	154	0.793703
134	157	0.894993
134	159	0.779998
134	161	0.811002
134	164	0.842004
134	166	0.853112
134	167	0.844207
134	172	1.20292
134	175	0.844455
135	2	1.00325
135	6	1.15261
135	25	0.871019
135	40	0.887897
135	41	0.922124
135	82	1.10549
135	85	1.12317
135	86	0.800526
135	90	1.19022
135	91	0.789563
135	98	0.772358
135	99	0.740279
135	103	1.24916
135	104	1.2526
135	107	1.19528
135	115	0.766393
135	123	1.22482
135	130	0.792255
135	138	0.759949
135	140	0.79308
135	141	0.724368
135	143	1.1237
135	144	0.790915
135	149	0.755284
135	162	1.12862
135	164	1.12836
135	168	1.14262
135	169	1.11176
135	171	1.10344
135	175	1.10855
135	176	0.994217
135	177	1.05775
135	178	1.06542
135	179	1.01806
135	180	1.08668
136	33	0.709927
136	46	0.768648
136	55	1.14934
136	72	1.16756
136	86	1.18852
136	96	1.10942
136	105	1.12077
136	117	1.11206
136	120	1.20537
136	121	0.722108
136	122	1.13872
136	124	1.12605
136	126	1.16629
136	129	1.12675
136	130	1.12743
136	131	0.829856
136	133	0.762869
136	137	1.1171
136	138	1.14749
136	139	1.15765
136	140	1.11804
136	141	1.1858
136	142	1.11341
136	144	1.12974
136	145	0.787277
136	147	0.82345
136	148	1.17071
136	149	1.16061
136	152	0.772729
136	160	0.836491
136	163	0.934938
136	169	0.851762
136	170	1.12275
136	172	0.755096
136	173	0.840382
136	175	0.85001
137	64	0.737603
137	65	1.22313
137	72	1.16447
137	86	1.18543
137	88	1.08606
137	96	1.10633
137	105	1.11769
137	113	0.747079
137	115	1.19146
137	117	1.10898
137	120	1.20228
137	124	1.12296
137	126	1.1632
137	128	0.791401
137	129	1.12366
137	130	1.12434
137	136	1.1171
137	139	1.15456
137	140	1.11495
137	141	1.18271
137	142	1.11032
137	144	1.12665
137	148	1.16762
137	149	1.15752
137	150	0.766377
137	151	0.781846
137	153	0.769376
137	156	0.821541
137	159	0.763897
137	162	0.82302
137	166	0.837011
137	170	1.11966
137	171	0.864978
137	174	0.941024
137	175	0.828354
137	177	0.883265
138	55	1.17664
138	65	1.25352
138	86	1.21582
138	96	1.13672
138	105	1.14808
138	106	0.996096
138	115	1.22186
138	117	1.13937
138	120	1.23267
138	122	1.16603
138	124	1.15335
138	126	1.19359
138	129	1.15406
138	130	1.15473
138	135	0.759949
138	136	1.14749
138	139	1.18495
138	140	1.14534
138	141	1.2131
138	142	1.14072
138	144	1.15705
138	148	1.19801
138	149	1.18791
138	150	0.712209
138	156	0.767373
138	158	0.807912
138	159	0.709729
138	160	0.760666
138	161	0.740733
138	162	0.768852
138	163	0.859113
138	168	0.757337
138	169	0.775937
138	170	1.15006
