1	14	1.21596
1	31	1.22732
1	96	1.17208
1	107	1.19608
1	115	1.12664
1	122	0.748003
1	142	0.72504
1	166	1.18696
1	173	0.741301
1	176	0.75586
1	179	1.27785
1	180	0.634403
2	24	0.998524
2	43	0.945951
2	56	1.03155
2	77	1.01432
2	83	1.08398
2	95	0.895009
2	99	1.10007
2	143	1.01229
2	169	0.866034
2	170	0.907798
2	175	0.931226
2	180	1.21668
3	99	1.23512
3	108	1.10893
3	139	1.13423
3	140	1.19509
3	148	0.704205
3	151	1.19894
3	168	0.746402
3	171	1.18197
3	173	0.726235
3	175	0.75661
3	179	0.668057
3	180	1.35173
4	65	1.25589
4	91	1.17622
4	117	0.68942
4	126	0.751827
4	128	0.751834
4	140	1.2047
4	155	1.20538
4	162	1.19886
4	163	1.16652
4	169	0.687981
4	171	1.19158
4	173	0.722798
5	15	0.863802
5	38	1.10365
5	40	0.649819
5	67	1.2589
5	82	1.21551
5	87	0.755951
5	88	1.14556
5	90	1.17353
5	148	0.645916
5	164	0.685909
5	169	1.2297
5	179	1.27304
6	27	1.12744
6	61	1.10207
6	93	0.73165
6	146	1.22829
6	148	1.2145
6	159	0.761424
6	160	1.19308
6	167	1.1814
6	170	0.725817
6	177	0.722823
6	179	0.66069
6	180	1.35219
7	33	0.816753
7	44	1.19348
7	117	0.671107
7	139	1.16233
7	147	1.20517
7	148	0.682455
7	151	1.22703
7	158	1.20683
7	164	0.722448
7	166	1.19742
7	167	1.20904
7	170	0.711433
8	44	0.750396
8	67	0.684483
8	85	0.731848
8	112	0.713567
8	132	0.725291
8	172	1.21747
8	173	1.21286
8	174	1.19265
8	175	1.18677
8	176	1.19837
8	177	1.21295
8	178	1.17861
9	54	1.18679
9	73	1.04406
9	106	1.21593
9	139	1.15869
9	147	1.20153
9	149	0.611457
9	151	1.22339
9	158	1.20318
9	160	1.21708
9	170	0.639833
9	172	0.649746
9	178	0.656808
10	19	1.08788
10	50	1.23115
10	70	1.12593
10	91	1.21233
10	92	1.22163
10	126	0.687586
10	157	1.18598
10	163	1.20264
10	171	1.2277
10	176	0.673116
10	179	0.600378
10	180	0.551659
11	87	0.806181
11	123	1.19133
11	128	0.747211
11	138	1.19028
11	139	1.16439
11	147	1.20724
11	149	0.696748
11	151	1.22909
11	158	1.20889
11	167	1.2111
11	174	0.743536
11	180	0.611278
12	36	1.10181
12	53	1.0275
12	65	0.717941
12	107	1.04048
12	114	0.847781
12	115	0.971039
12	120	1.02819
12	137	1.22215
12	166	1.03136
12	169	1.0789
12	174	0.811864
12	179	1.12224
13	34	0.983828
13	126	0.847424
13	149	1.10149
13	153	0.828667
13	162	1.09114
13	167	1.08284
13	169	0.783579
13	170	1.10193
13	171	1.08386
13	178	0.842318
13	180	1.25363
14	1	1.21596
14	96	1.17889
14	101	0.779554
14	103	0.750087
14	107	1.20289
14	115	1.13345
14	120	1.1906
14	133	0.765727
14	166	1.19377
14	170	0.709825
14	179	1.28466
14	180	0.595979
15	5	0.863802
15	97	0.92251
15	109	0.92292
15	153	1.06491
15	162	0.891074
15	165	1.05921
15	172	1.06572
15	174	1.04089
15	175	1.03501
15	176	1.04662
15	177	1.0612
15	178	1.02686
16	27	1.14761
16	47	1.16714
16	61	1.12223
16	110	0.78147
16	149	0.707796
16	160	1.21325
16	163	1.17753
16	167	1.20157
16	168	0.74939
16	169	0.694407
16	179	0.671045
16	180	1.37235
17	31	1.21978
17	35	0.785719
17	94	1.16355
17	96	1.16454
17	120	1.17625
17	159	0.720286
17	166	1.17942
17	167	0.687232
17	169	1.22696
17	175	0.708107
17	178	0.701655
17	179	1.27031
18	70	1.05458
18	101	0.833163
18	102	1.11153
18	114	0.817764
18	132	1.14201
18	135	1.12287
18	154	1.18428
18	155	1.17014
18	162	1.16363
18	166	0.771037
18	169	0.72167
18	171	1.15634
18	173	0.756487
19	10	1.08788
19	28	1.08037
19	94	1.09762
19	104	0.671813
19	110	0.741652
19	129	1.18303
19	151	1.14311
19	154	0.704482
19	158	1.12291
19	161	0.698352
19	167	1.12512
19	170	1.14421
19	179	1.20438
20	38	1.04647
20	46	1.1029
20	67	1.20173
20	82	1.15834
20	88	1.08839
20	90	1.11636
20	98	0.771433
20	149	0.749697
20	152	0.802111
20	166	0.785675
20	169	1.17253
20	174	0.796485
20	179	1.21587
21	51	1.13868
21	97	1.14423
21	121	1.12137
21	123	1.13099
21	125	0.85312
21	136	0.785226
21	138	1.12994
21	147	1.1469
21	148	0.732948
21	158	1.14855
21	164	0.772941
21	166	1.13914
21	177	0.758932
22	51	0.793961
22	78	1.11738
22	103	1.11014
22	134	1.12566
22	145	1.15906
22	155	1.16479
22	159	1.11568
22	161	0.791617
22	162	1.15828
22	171	1.151
22	177	0.786623
22	178	0.806592
22	179	0.724491
23	34	0.845071
23	86	0.740718
23	94	0.771436
23	112	0.749087
23	113	1.16869
23	143	0.791589
23	165	1.14435
23	172	1.15085
23	174	1.12603
23	175	1.12015
23	176	1.13175
23	177	1.14633
23	178	1.112
24	2	0.998524
24	43	1.04072
24	77	1.10909
24	83	1.17875
24	99	1.19484
24	137	1.11284
24	149	1.15931
24	154	0.78033
24	156	0.788392
24	170	0.772201
24	172	0.782114
24	176	0.779813
24	180	1.31145
25	29	1.23486
25	46	1.2718
25	82	1.32724
25	88	1.25729
25	90	1.28525
25	104	0.620517
25	161	0.647056
25	166	0.652659
25	169	1.34143
25	175	0.668484
25	176	0.652668
25	178	0.662032
25	179	1.38477
26	33	0.857381
26	48	1.12915
26	49	1.12915
26	100	1.09158
26	103	0.792322
26	112	1.17054
26	129	1.19984
26	159	1.10763
26	163	1.1179
26	165	0.755257
26	167	0.754613
26	170	1.16102
26	173	0.745114
27	6	1.12744
27	16	1.14761
27	34	1.03506
27	47	1.09965
27	104	0.755801
27	122	0.780095
27	154	0.788469
27	160	1.14576
27	163	1.11003
27	167	1.13407
27	170	0.780341
27	174	0.798753
27	180	1.30486
28	19	1.08037
28	51	1.13119
28	72	1.15729
28	100	1.09292
28	112	1.17188
28	129	1.20118
28	149	0.754462
28	153	0.786161
28	159	1.10898
28	167	0.78539
28	170	1.16236
28	173	0.77589
28	174	0.80125
29	25	1.23486
29	38	1.02724
29	67	1.18249
29	82	1.13911
29	88	1.06915
29	90	1.09712
29	154	0.689762
29	163	1.14538
29	165	0.684829
29	167	0.684185
29	169	1.15329
29	178	0.698608
29	179	1.19664
30	31	0.603891
30	47	0.671081
30	66	0.625588
30	101	1.26625
30	118	0.705607
30	135	0.687744
30	136	1.28547
30	168	1.30824
30	171	0.603122
30	173	1.3301
30	174	1.30988
30	175	1.304
30	178	1.29585
31	1	1.22732
31	17	1.21978
31	30	0.603891
31	32	1.25317
31	64	0.768998
31	115	1.14481
31	120	1.20196
31	159	0.730124
31	166	1.20513
31	167	0.697069
31	169	1.25267
31	170	0.694517
31	174	0.71293
31	179	1.29601
32	31	1.25317
32	94	1.19694
32	96	1.19793
32	107	1.22193
32	115	1.15249
32	154	0.619401
32	157	1.10542
32	161	0.613271
32	165	0.614468
32	166	1.21281
32	169	1.26035
32	172	0.621185
32	174	0.629684
32	179	1.3037
33	7	0.816753
33	26	0.857381
33	142	1.10534
33	144	1.06051
33	150	0.871722
33	158	0.844066
33	162	0.807485
33	172	1.09743
33	174	1.0726
33	175	1.06672
33	176	1.07833
33	177	1.09291
33	178	1.05857
33	179	1.16802
34	13	0.983828
34	23	0.845071
34	27	1.03506
34	61	1.00968
34	146	1.1359
34	148	1.12212
34	160	1.1007
34	163	1.06498
34	167	1.08902
34	172	0.832158
34	174	0.840657
34	175	0.845672
34	178	0.83922
34	180	1.25981
35	17	0.785719
35	41	0.847406
35	82	0.806708
35	118	0.897272
35	122	1.08978
35	133	1.06088
35	134	0.86374
35	153	1.10971
35	173	1.10591
35	174	1.0857
35	175	1.07982
35	176	1.09142
35	177	1.106
35	178	1.07166
36	12	1.10181
36	53	1.23136
36	63	0.663169
36	93	0.718011
36	94	1.21936
36	96	1.22034
36	107	1.24435
36	115	1.17491
36	131	0.771449
36	136	0.735479
36	154	0.720307
36	169	1.28277
36	179	1.32611
36	180	0.598333
37	68	1.13424
37	71	1.25124
37	75	1.25479
37	76	1.25355
37	80	1.16025
37	84	1.26975
37	89	1.22317
37	114	0.758941
37	156	0.720802
37	167	0.707164
37	169	0.662848
37	170	1.26247
37	172	0.714525
37	179	0.639486
38	5	1.10365
38	20	1.04647
38	29	1.02724
38	46	1.06418
38	82	1.11962
38	88	1.04966
38	90	1.07763
38	141	0.860349
38	159	0.885746
38	165	0.853334
38	169	1.1338
38	178	0.867114
38	179	1.17715
38	180	0.736293
39	97	1.09504
39	98	0.833611
39	103	1.06174
39	138	1.08076
39	139	1.05487
39	147	1.09771
39	149	0.811875
39	151	1.11957
39	158	1.09936
39	159	0.875857
39	166	1.08996
39	167	1.10158
39	176	0.847862
39	177	0.837257
40	5	0.649819
40	43	0.838728
40	96	0.6727
40	121	0.677474
40	130	0.686312
40	141	1.20783
40	152	1.19221
40	169	1.27135
40	171	0.668673
40	172	1.2441
40	173	1.23949
40	175	1.2134
40	176	1.225
40	178	1.20525
41	35	0.847406
41	60	1.04607
41	72	1.12921
41	92	1.09636
41	102	1.0576
41	125	0.837561
41	130	1.13212
41	132	1.08809
41	155	1.11622
41	157	1.06071
41	162	1.10971
41	166	0.753969
41	171	1.10242
41	180	0.63252
42	53	1.20598
42	65	0.635238
42	94	1.19397
42	107	1.21896
42	115	1.14952
42	120	1.20666
42	141	0.720958
42	146	1.26835
42	148	0.681771
42	164	0.721763
42	169	1.25738
42	170	0.710748
42	174	0.729161
42	179	1.30072
43	2	0.945951
43	24	1.04072
43	40	0.838728
43	56	1.07375
43	77	1.05652
43	83	1.12618
43	99	1.14227
43	121	1.05869
43	142	0.840594
43	149	1.10674
43	161	0.865802
43	177	0.860809
43	179	0.798676
43	180	1.25887
44	7	1.19348
44	8	0.750396
44	93	0.768922
44	95	0.7503
44	116	1.19274
44	138	1.15164
44	139	1.12575
44	143	1.13886
44	144	0.818801
44	147	1.1686
44	151	1.19046
44	158	1.17025
44	167	1.17247
44	170	0.763089
44	180	0.649243
45	64	1.13089
45	73	0.697399
45	91	0.762923
45	119	0.773477
45	128	1.16411
45	140	0.74678
45	144	1.16048
45	158	0.757943
45	163	0.756923
45	168	1.17093
45	172	1.1974
45	174	1.17257
45	175	1.16669
45	176	1.1783
45	178	1.15854
46	20	1.1029
46	25	1.2718
46	38	1.06418
46	67	1.21943
46	82	1.17604
46	88	1.10609
46	90	1.13406
46	113	0.736299
46	117	0.733011
46	128	0.795424
46	159	0.808943
46	169	1.19023
46	170	0.773336
46	179	1.23357
46	180	0.65949
47	16	1.16714
47	27	1.09965
47	30	0.671081
47	61	1.07427
47	114	0.816036
47	136	0.785007
47	146	1.20049
47	148	1.1867
47	160	1.16529
47	163	1.12957
47	165	0.764902
47	166	0.769309
47	167	1.15361
47	179	0.69658
47	180	1.32439
48	26	1.12915
48	65	0.693696
48	69	1.18241
48	100	1.12489
48	112	1.20385
48	129	1.23315
48	133	0.825109
48	150	1.14481
48	159	1.14094
48	161	0.771207
48	163	1.15121
48	164	0.780222
48	170	1.19433
48	176	0.776818
48	180	0.655361
49	26	1.12915
49	62	0.819567
49	65	0.684091
49	69	1.18241
49	100	1.12489
49	112	1.20385
49	113	0.722564
49	129	1.23315
49	131	0.818872
49	150	1.14481
49	159	1.14094
49	163	1.15121
49	170	1.19433
49	176	0.767213
49	179	0.694475
50	10	1.23115
50	64	0.843544
50	85	1.11368
50	92	1.18746
50	118	1.12584
50	132	1.1792
50	134	1.16819
50	135	1.16006
50	142	0.745855
50	157	1.15181
50	167	0.771616
50	169	0.7273
50	171	1.19353
50	177	0.76607
50	180	0.655218
51	21	1.13868
51	22	0.793961
51	28	1.13119
51	81	0.820147
51	90	0.684218
51	100	1.12559
51	127	0.762598
51	129	1.23385
51	151	1.19394
51	155	0.739671
51	156	1.16422
51	158	1.17373
51	165	1.1781
51	171	0.698092
51	176	1.16551
52	68	1.07062
52	71	1.18762
52	75	1.19117
52	76	1.18993
52	80	1.09663
52	84	1.20613
52	89	1.15954
52	111	0.797142
52	154	1.20871
52	167	0.750921
52	170	1.19885
52	175	0.771796
52	176	0.75598
52	177	0.745375
52	179	0.683243
53	12	1.0275
53	36	1.23136
53	42	1.20598
53	96	1.14603
53	107	1.17003
53	115	1.10059
53	120	1.15774
53	144	0.785263
53	154	0.73768
53	159	0.765158
53	168	0.74277
53	169	1.20845
53	174	0.747964
53	177	0.726558
53	179	1.2518
54	9	1.18679
54	93	0.751975
54	111	0.794916
54	116	1.1897
54	123	1.14965
54	133	0.802044
54	138	1.1486
54	139	1.12271
54	146	1.21631
54	147	1.16555
54	149	0.717767
54	158	1.1672
54	166	1.1578
54	172	0.756056
54	179	0.681016
55	77	0.803891
55	92	0.79113
55	133	1.1432
55	136	1.14361
55	160	0.7128
55	161	1.17684
55	162	0.720933
55	163	0.756494
55	164	1.1916
55	171	0.712516
55	174	1.16802
55	175	1.16214
55	176	1.17374
55	177	1.18832
55	178	1.15398
56	2	1.03155
56	43	1.07375
56	77	1.14211
56	83	1.21177
56	99	1.22787
56	103	0.786847
56	137	1.14586
56	143	1.14008
56	148	0.717608
56	149	1.19234
56	166	0.754188
56	167	0.749138
56	173	0.739638
56	176	0.754197
56	180	1.34447
57	97	1.16799
57	101	0.81743
57	106	1.18506
57	113	0.710664
57	116	1.19481
57	123	1.15476
57	139	1.12782
57	143	1.14093
57	147	1.17066
57	151	1.19252
57	156	0.763892
57	158	1.17231
57	169	0.705937
57	173	0.740754
57	178	0.764677
58	90	1.12145
58	125	0.826628
58	149	0.707058
58	150	1.11127
58	152	0.759472
58	158	1.13949
58	160	1.15339
58	161	0.737433
58	163	1.11767
58	167	1.14171
58	169	1.17762
58	172	0.745346
58	173	0.728486
58	179	1.22097
58	180	1.3125
59	81	1.09221
59	85	1.07323
59	98	0.731588
59	102	1.10826
59	109	1.13414
59	134	1.12774
59	135	1.1196
59	144	0.793939
59	145	1.16114
59	151	1.09806
59	157	1.11136
59	163	1.12802
59	166	0.74583
59	169	0.696463
59	170	0.738227
59	171	1.15308
60	41	1.04607
60	109	1.11479
60	128	0.811014
60	130	1.16342
60	134	1.10839
60	137	1.10488
60	149	1.15136
60	155	1.14752
60	156	0.805117
60	157	1.09201
60	162	1.14101
60	168	0.802145
60	171	1.13373
60	173	0.781979
60	174	0.807339
60	176	0.796537
61	6	1.10207
61	16	1.12223
61	34	1.00968
61	47	1.07427
61	87	0.860038
61	105	0.763342
61	110	0.824279
61	146	1.15558
61	148	1.14179
61	160	1.12038
61	163	1.08466
61	167	1.1087
61	172	0.788893
61	177	0.775987
61	178	0.795956
61	180	1.27948
62	49	0.819567
62	79	0.834633
62	130	0.771353
62	139	0.847695
62	142	1.12618
62	143	0.828729
62	151	0.693776
62	167	1.1096
62	168	1.0918
62	172	1.11827
62	173	1.11366
62	174	1.09344
62	175	1.08756
62	176	1.09917
62	178	1.07941
62	180	1.28039
63	36	0.663169
63	100	0.6912
63	140	0.678572
63	143	0.719753
63	145	0.694952
63	147	0.694282
63	161	1.24676
63	162	0.653155
63	168	1.23629
63	172	1.26276
63	173	1.25815
63	174	1.23794
63	175	1.23206
63	176	1.24366
63	177	1.25824
63	178	1.2239
64	31	0.768998
64	45	1.13089
64	50	0.843544
64	121	0.777029
64	123	0.81613
64	131	1.08677
64	137	0.777157
64	156	1.11846
64	158	0.813226
64	164	1.13761
64	168	1.11238
64	172	1.13885
64	173	1.13424
64	175	1.10815
64	177	1.13433
64	178	1.09999
65	4	1.25589
65	12	0.717941
65	42	0.635238
65	48	0.693696
65	49	0.684091
65	75	0.668293
65	80	0.751019
65	112	0.65075
65	123	1.23359
65	132	1.24005
65	147	1.2495
65	158	1.25115
65	171	1.25439
65	174	1.2372
65	177	1.25751
65	178	1.22317
66	30	0.625588
66	74	1.26999
66	85	1.17829
66	110	0.761513
66	127	1.22525
66	132	1.24381
66	140	1.27126
66	155	1.27193
66	157	1.21642
66	160	1.2688
66	167	0.718766
66	171	1.25814
66	177	0.71322
66	178	0.733189
66	179	0.651088
66	180	0.602368
67	5	1.2589
67	8	0.684483
67	20	1.20173
67	29	1.18249
67	46	1.21943
67	82	1.27487
67	88	1.20492
67	90	1.23288
67	141	0.707386
67	154	0.705305
67	159	0.732783
67	167	0.699728
67	169	1.28906
67	173	0.690229
67	179	1.3324
67	180	0.58333
68	37	1.13424
68	52	1.07062
68	71	1.08674
68	75	1.09029
68	76	1.08905
68	80	0.995753
68	84	1.10526
68	89	1.05867
68	103	0.890252
68	113	0.812953
68	124	1.07517
68	148	1.11198
68	149	0.821615
68	164	0.861006
68	167	0.852543
68	170	1.09797
68	178	0.866966
69	48	1.18241
69	49	1.18241
69	72	1.20921
69	100	1.14484
69	101	0.799719
69	103	0.770252
69	104	0.70545
69	112	1.2238
69	129	1.2531
69	150	1.16476
69	152	0.754029
69	153	0.733314
69	159	1.16089
69	163	1.17115
69	170	1.21428
69	173	0.723043
69	180	0.616144
70	10	1.12593
70	18	1.05458
70	81	1.02744
70	86	1.13882
70	100	1.19806
70	119	1.09002
70	130	1.11801
70	137	1.05946
70	146	1.08451
70	150	1.05685
70	153	0.735155
70	157	1.04659
70	160	1.09897
70	171	1.08831
70	173	0.724884
70	176	0.739442
70	180	0.617985
71	37	1.25124
71	52	1.18762
71	68	1.08674
71	76	1.20605
71	80	1.11276
71	84	1.22226
71	89	1.17567
71	144	0.806251
71	148	1.22899
71	154	1.22484
71	167	0.753092
71	169	0.708775
71	170	1.21498
71	177	0.747546
71	178	0.767515
71	179	0.685413
71	180	0.636694
72	28	1.15729
72	41	1.12921
72	69	1.20921
72	79	1.15738
72	100	1.15169
72	112	1.23065
72	129	1.25995
72	144	0.712527
72	150	1.17161
72	159	1.16775
72	163	1.17801
72	166	0.664418
72	170	1.22113
72	173	0.649868
72	174	0.675228
72	175	0.680243
72	179	0.591689
73	9	1.04406
73	45	0.697399
73	111	0.726975
73	118	1.13051
73	119	1.19992
73	127	1.16532
73	130	1.2279
73	132	1.18387
73	145	1.20627
73	154	1.22614
73	159	1.16288
73	162	1.20549
73	169	0.636437
73	171	1.1982
73	172	0.688115
73	174	0.696614
73	179	0.613075
74	66	1.26999
74	78	1.16831
74	87	0.808169
74	108	1.12889
74	127	1.16904
74	131	0.786383
74	135	1.16846
74	145	1.20999
74	148	0.698134
74	155	1.21572
74	157	1.16021
74	162	1.20921
74	169	0.685347
74	171	1.20193
74	173	0.720164
74	178	0.744087
74	179	0.661985
75	37	1.25479
75	52	1.19117
75	65	0.668293
75	68	1.09029
75	76	1.2096
75	80	1.1163
75	84	1.22581
75	89	1.17922
75	124	1.19572
75	136	0.767104
75	148	1.23253
75	156	0.759994
75	169	0.702039
75	170	1.21852
75	175	0.767231
75	178	0.760779
75	179	0.678677
76	37	1.25355
76	52	1.18993
76	68	1.08905
76	71	1.20605
76	75	1.2096
76	80	1.11506
76	84	1.22457
76	89	1.17798
76	152	0.773529
76	154	1.22715
76	159	0.785097
76	167	0.752043
76	169	0.707726
76	170	1.21728
76	178	0.766466
76	179	0.684364
76	180	0.635645
77	2	1.01432
77	24	1.10909
77	43	1.05652
77	55	0.803891
77	56	1.14211
77	83	1.19454
77	99	1.21064
77	121	1.12706
77	122	0.784878
77	137	1.12863
77	142	0.761915
77	143	1.12285
77	149	1.17511
77	154	0.793253
77	168	0.798343
77	169	0.74336
77	179	0.719998
77	180	1.32724
78	22	1.11738
78	74	1.16831
78	92	1.15039
78	108	1.08342
78	113	0.73712
78	119	1.15817
78	132	1.14213
78	140	1.16958
78	142	0.750949
78	145	1.16452
78	150	1.125
78	152	0.798196
78	155	1.17025
78	161	0.776157
78	165	0.777353
78	171	1.15646
78	175	0.797585
78	177	0.771164
79	62	0.834633
79	72	1.15738
79	94	1.11587
79	112	1.17197
79	120	1.12856
79	129	1.20127
79	138	1.12254
79	139	1.09665
79	147	1.1395
79	153	0.777991
79	154	0.782796
79	158	1.14115
79	159	1.10906
79	172	0.78458
79	177	0.771674
79	178	0.791643
79	179	1.22262
79	180	0.660822
80	37	1.16025
80	52	1.09663
80	65	0.751019
80	68	0.995753
80	71	1.11276
80	75	1.1163
80	76	1.11506
80	84	1.13127
80	89	1.08468
80	124	1.10118
80	148	1.13799
80	152	0.850569
80	154	1.13385
80	166	0.834133
80	167	0.829082
80	170	1.12398
80	176	0.834142
80	178	0.843506
80	179	0.761404
81	51	0.820147
81	59	1.09221
81	70	1.02744
81	108	1.05617
81	119	1.13092
81	132	1.11488
81	133	0.871705
81	140	1.14233
81	145	1.13727
81	155	1.143
81	157	1.08749
81	162	1.13649
81	163	1.10415
81	166	0.823406
81	167	0.818355
81	168	0.829022
81	171	1.12921
81	175	0.839231
81	180	0.701958
82	5	1.21551
82	20	1.15834
82	25	1.32724
82	29	1.13911
82	35	0.806708
82	38	1.11962
82	46	1.17604
82	67	1.27487
82	88	1.16153
82	90	1.1895
82	154	0.713797
82	159	0.741275
82	161	0.707668
82	168	0.718887
82	169	1.24567
82	177	0.702675
82	178	0.722644
82	179	1.28901
82	180	0.591823
83	2	1.08398
83	24	1.17875
83	43	1.12618
83	56	1.21177
83	77	1.19454
83	99	1.2803
83	121	1.19672
83	126	0.729858
83	137	1.19829
83	143	1.19251
83	149	1.24477
83	161	0.709776
83	167	0.710329
83	170	0.707777
83	173	0.700829
83	174	0.726189
83	176	0.715388
83	177	0.704783
83	180	1.3969
84	37	1.26975
84	52	1.20613
84	68	1.10526
84	71	1.22226
84	75	1.22581
84	76	1.22457
84	80	1.13127
84	89	1.19418
84	142	0.701049
84	148	1.2475
84	154	1.24335
84	156	0.740448
84	159	0.759865
84	166	0.73186
84	169	0.682493
84	170	1.23349
84	175	0.747685
84	176	0.731869
84	180	0.610412
85	8	0.731848
85	50	1.11368
85	59	1.07323
85	66	1.17829
85	86	1.16074
85	96	1.16834
85	122	0.744295
85	127	1.07734
85	133	0.800443
85	135	1.07676
85	140	1.12335
85	141	0.754751
85	143	1.0756
85	145	1.11829
85	159	1.07491
85	162	1.11751
85	168	0.75776
85	170	0.744541
85	171	1.11023
86	23	0.740718
86	70	1.13882
86	85	1.16074
86	98	0.711252
86	109	1.22165
86	111	0.766664
86	118	1.1729
86	127	1.2077
86	140	1.25371
86	155	1.25438
86	157	1.19887
86	159	1.20527
86	162	1.24787
86	165	0.721087
86	167	0.720444
86	168	0.73111
86	171	1.24059
86	173	0.710944
86	180	0.604046
87	5	0.755951
87	11	0.806181
87	61	0.860038
87	74	0.808169
87	132	0.819041
87	145	0.82502
87	147	0.824349
87	153	1.1219
87	156	1.10232
87	164	1.12147
87	165	1.1162
87	166	1.10242
87	172	1.12271
87	173	1.1181
87	174	1.09789
87	175	1.09201
87	176	1.10361
87	177	1.11819
87	178	1.08385
88	5	1.14556
88	20	1.08839
88	25	1.25729
88	29	1.06915
88	38	1.04966
88	46	1.10609
88	67	1.20492
88	82	1.16153
88	90	1.11954
88	126	0.796764
88	131	0.833953
88	153	0.778006
88	169	1.17572
88	172	0.784595
88	173	0.767735
88	176	0.782294
88	179	1.21906
88	180	0.660837
89	37	1.22317
89	52	1.15954
89	68	1.05867
89	71	1.17567
89	75	1.17922
89	76	1.17798
89	80	1.08468
89	84	1.19418
89	113	0.746256
89	117	0.742968
89	124	1.1641
89	148	1.20091
89	149	0.754918
89	154	1.19677
89	166	0.790896
89	170	1.1869
89	172	0.793206
89	176	0.790905
89	179	0.718167
89	180	0.669448
90	5	1.17353
90	20	1.11636
90	25	1.28525
90	29	1.09712
90	38	1.07763
90	46	1.13406
90	51	0.684218
90	58	1.12145
90	67	1.23288
90	82	1.1895
90	88	1.11954
90	125	0.771069
90	153	0.683198
90	160	1.09993
90	166	0.687477
90	168	0.693093
90	169	1.20368
90	170	0.679874
90	175	0.703302
90	179	1.24703
91	4	1.17622
91	10	1.21233
91	45	0.762923
91	108	1.10167
91	128	0.765813
91	132	1.16038
91	134	1.14937
91	141	0.753936
91	145	1.18277
91	148	0.714748
91	149	1.19234
91	155	1.1885
91	157	1.13299
91	162	1.18199
91	163	1.14965
91	165	0.746921
91	168	0.756945
91	171	1.17471
91	174	0.762138
91	177	0.740732
92	10	1.22163
92	41	1.09636
92	50	1.18746
92	55	0.79113
92	78	1.15039
92	95	0.759574
92	109	1.16507
92	127	1.15112
92	134	1.15867
92	135	1.15053
92	140	1.19713
92	143	1.14938
92	148	0.743385
92	161	0.774362
92	162	1.19129
92	168	0.785582
92	171	1.18401
92	172	0.782276
92	179	0.707236
92	180	0.658517
93	6	0.73165
93	36	0.718011
93	44	0.768922
93	54	0.751975
93	108	0.833101
93	135	0.784203
93	144	1.1452
93	150	0.772234
93	151	0.639643
93	156	1.16173
93	165	1.17561
93	168	1.15565
93	169	1.20936
93	172	1.18211
93	173	1.1775
93	174	1.15729
93	175	1.15141
93	176	1.16301
93	177	1.17759
93	178	1.14326
94	17	1.16355
94	19	1.09762
94	23	0.771436
94	32	1.19694
94	36	1.21936
94	42	1.19397
94	79	1.11587
94	96	1.13402
94	103	0.788871
94	105	0.732971
94	115	1.08858
94	120	1.14573
94	136	0.77191
94	146	1.20742
94	159	0.784216
94	161	0.750609
94	169	1.19645
94	175	0.772037
94	179	1.23979
94	180	0.634763
95	2	0.895009
95	44	0.7503
95	92	0.759574
95	109	0.721223
95	112	0.713471
95	117	1.19819
95	136	1.13304
95	157	0.755339
95	160	0.681243
95	161	1.16627
95	163	0.724937
95	165	1.17577
95	167	1.17361
95	172	1.18227
95	173	1.17766
95	174	1.15745
95	175	1.15157
95	176	1.16317
95	177	1.17775
95	178	1.14342
96	1	1.17208
96	14	1.17889
96	17	1.16454
96	32	1.19793
96	36	1.22034
96	40	0.6727
96	53	1.14603
96	85	1.16834
96	94	1.13402
96	107	1.15901
96	115	1.08957
96	120	1.14672
96	131	0.757046
96	154	0.705904
96	166	1.14989
96	172	0.707688
96	177	0.694781
96	178	0.71475
96	179	1.24078
96	180	0.583929
97	15	0.92251
97	21	1.14423
97	39	1.09504
97	57	1.16799
97	106	1.19203
97	110	0.778901
97	114	0.787931
97	116	1.20177
97	123	1.16172
97	138	1.16067
97	139	1.13478
97	147	1.17763
97	149	0.705226
97	151	1.19948
97	158	1.17928
97	159	0.769209
97	160	1.19317
97	169	0.691838
97	177	0.730608
97	180	0.619756
98	20	0.771433
98	39	0.833611
98	59	0.731588
98	86	0.711252
98	119	0.74764
98	126	1.13514
98	129	0.708372
98	143	0.762123
98	163	0.731087
98	164	1.1679
98	167	1.16048
98	168	1.14268
98	172	1.16914
98	173	1.16453
98	174	1.14432
98	175	1.13844
98	176	1.15004
98	177	1.16462
98	178	1.13029
98	180	1.33127
99	2	1.10007
99	3	1.23512
99	24	1.19484
99	43	1.14227
99	56	1.22787
99	77	1.21064
99	83	1.2803
99	101	0.754517
99	121	1.21281
99	137	1.21438
99	142	0.66158
99	143	1.20861
99	144	0.7405
99	149	1.26086
99	165	0.687984
99	170	0.684789
99	172	0.694702
99	175	0.708216
99	176	0.6924
99	177	0.681795
99	180	1.413
100	26	1.09158
100	28	1.09292
100	48	1.12489
100	49	1.12489
100	51	1.12559
100	63	0.6912
100	69	1.14484
100	70	1.19806
100	72	1.15169
100	111	0.788983
100	112	1.16628
100	121	1.10828
100	129	1.19558
100	150	1.10724
100	163	1.11364
100	165	0.743405
100	166	0.747812
100	170	1.15676
100	172	0.750123
100	178	0.757185
100	180	0.626364
101	14	0.779554
101	18	0.833163
101	30	1.26625
101	57	0.81743
101	69	0.799719
101	99	0.754517
101	135	0.848099
101	141	1.10063
101	151	0.703539
101	153	1.1361
101	160	0.763761
101	161	1.1209
101	165	1.1304
101	168	1.11044
101	172	1.1369
101	173	1.13229
101	174	1.11208
101	175	1.1062
101	176	1.1178
101	177	1.13238
101	178	1.09805
102	18	1.11153
102	41	1.0576
102	59	1.10826
102	109	1.12632
102	119	1.14697
102	124	1.14051
102	127	1.11237
102	130	1.17495
102	131	0.840398
102	134	1.11992
102	140	1.15838
102	142	0.757919
102	145	1.15332
102	161	0.783127
102	162	1.15254
102	167	0.78368
102	171	1.14526
102	172	0.79104
102	173	0.77418
102	174	0.79954
102	177	0.778134
103	14	0.750087
103	22	1.11014
103	26	0.792322
103	39	1.06174
103	56	0.786847
103	68	0.890252
103	69	0.770252
103	94	0.788871
103	112	0.766522
103	123	1.12842
103	128	1.12357
103	129	0.755273
103	147	1.14433
103	153	1.15605
103	155	1.16301
103	157	1.1075
103	160	1.15987
103	171	1.14922
103	175	1.12615
103	177	1.15234
103	178	1.118
104	19	0.671813
104	25	0.620517
104	27	0.755801
104	69	0.70545
104	128	1.21081
104	129	0.690471
104	134	0.73816
104	136	1.19486
104	140	0.703042
104	153	1.24329
104	157	0.743588
104	161	1.2281
104	165	1.23759
104	171	0.669208
104	172	1.2441
104	173	1.23949
104	174	1.21927
104	175	1.21339
104	176	1.225
104	177	1.23958
104	178	1.20524
105	61	0.763342
105	94	0.732971
105	106	0.72141
105	117	1.22154
105	124	0.714116
105	125	1.12993
105	130	0.695749
105	136	1.15639
105	139	0.772091
105	142	1.21353
105	144	1.1687
105	155	0.71969
105	157	0.75249
105	163	0.722088
105	164	1.20438
105	168	1.17915
105	172	1.20562
105	173	1.20101
105	174	1.18079
105	175	1.17491
105	177	1.2011
105	178	1.16676
106	9	1.21593
106	57	1.18506
106	97	1.19203
106	105	0.72141
106	121	1.16917
106	123	1.17879
106	137	1.17074
106	138	1.17774
106	139	1.15185
106	141	0.747259
106	142	0.71384
106	147	1.1947
106	148	0.708071
106	149	0.708673
106	150	1.16813
106	151	1.21655
106	158	1.19635
106	166	1.18694
106	172	0.746961
106	175	0.760476
106	176	0.74466
106	178	0.754024
107	1	1.19608
107	12	1.04048
107	14	1.20289
107	32	1.22193
107	36	1.24435
107	42	1.21896
107	53	1.17003
107	96	1.15901
107	110	0.777401
107	115	1.11357
107	120	1.17072
107	154	0.740231
107	159	0.767709
107	161	0.734102
107	165	0.735298
107	166	1.1739
107	169	1.22144
107	174	0.750515
107	175	0.75553
107	177	0.729109
107	179	1.26478
107	180	0.618257
108	3	1.10893
108	74	1.12889
108	78	1.08342
108	81	1.05617
108	91	1.10167
108	93	0.833101
108	109	1.0981
108	117	0.786943
108	119	1.11875
108	134	1.0917
108	143	1.08241
108	148	0.79829
108	150	1.08558
108	155	1.13083
108	157	1.07532
108	162	1.12432
108	166	0.834871
108	171	1.11703
108	173	0.820321
108	175	0.850696
108	176	0.83488
108	178	0.844244
109	15	0.92292
109	59	1.13414
109	60	1.11479
109	86	1.22165
109	92	1.16507
109	95	0.721223
109	102	1.12632
109	108	1.0981
109	124	1.1664
109	125	0.825206
109	127	1.13825
109	135	1.13767
109	140	1.18426
109	141	0.744222
109	143	1.13651
109	145	1.1792
109	153	0.737335
109	157	1.12942
109	164	0.745027
109	166	0.741614
109	170	0.734012
109	171	1.17114
109	177	0.731018
110	16	0.78147
110	19	0.741652
110	61	0.824279
110	66	0.761513
110	97	0.778901
110	107	0.777401
110	137	0.747976
110	142	1.1765
110	144	1.13167
110	146	0.671955
110	152	1.11669
110	156	1.1482
110	157	0.813427
110	164	1.16734
110	165	1.16208
110	168	1.14212
110	172	1.16858
110	173	1.16397
110	174	1.14376
110	175	1.13788
110	176	1.14948
110	177	1.16406
110	178	1.12973
111	52	0.797142
111	54	0.794916
111	73	0.726975
111	86	0.766664
111	100	0.788983
111	113	1.18783
111	114	1.0948
111	124	0.778527
111	131	1.11792
111	135	0.827143
111	136	1.12077
111	146	0.675429
111	152	1.11811
111	156	1.14961
111	168	1.14353
111	171	0.742521
111	172	1.17
111	173	1.16539
111	174	1.14518
111	176	1.1509
111	177	1.16548
111	178	1.13114
111	179	1.24059
112	8	0.713567
112	23	0.749087
112	26	1.17054
112	28	1.17188
112	48	1.20385
112	49	1.20385
112	65	0.65075
112	69	1.2238
112	72	1.23065
112	79	1.17197
112	95	0.713471
112	100	1.16628
112	103	0.766522
112	121	1.18724
112	129	1.27454
112	148	0.697283
112	149	0.697885
112	150	1.1862
112	153	0.729584
112	159	1.18234
112	163	1.1926
112	166	0.733863
112	170	1.23572
112	175	0.749688
113	23	1.16869
113	46	0.736299
113	49	0.722564
113	57	0.710664
113	68	0.812953
113	78	0.73712
113	89	0.746256
113	111	1.18783
113	129	0.677973
113	139	0.750692
113	141	1.18692
113	147	0.706254
113	151	0.596772
113	152	1.1713
113	161	1.20719
113	164	1.22195
113	165	1.21668
113	172	1.22319
113	173	1.21858
113	174	1.19837
113	175	1.19249
113	176	1.20409
113	177	1.21867
113	178	1.18433
114	12	0.847781
114	18	0.817764
114	37	0.758941
114	47	0.816036
114	97	0.787931
114	111	1.0948
114	117	1.14607
114	126	1.09616
114	137	0.757007
114	139	0.842059
114	156	1.10977
114	157	0.822457
114	161	1.11416
114	164	1.12892
114	165	1.12365
114	168	1.10369
114	171	0.748078
114	172	1.13016
114	173	1.12555
114	175	1.09945
114	176	1.11106
114	177	1.12564
114	178	1.0913
114	179	1.20075
115	1	1.12664
115	12	0.971039
115	14	1.13345
115	31	1.14481
115	32	1.15249
115	36	1.17491
115	42	1.14952
115	53	1.10059
115	94	1.08858
115	96	1.08957
115	107	1.11357
115	117	0.755065
115	120	1.10128
115	152	0.819429
115	166	1.10446
115	167	0.797943
115	168	0.808609
115	169	1.152
115	172	0.805303
115	174	0.813803
115	176	0.803002
115	177	0.792397
115	178	0.812366
115	179	1.19534
116	44	1.19274
116	54	1.1897
116	57	1.19481
116	97	1.20177
116	123	1.18853
116	133	0.716413
116	138	1.18748
116	139	1.1616
116	144	0.716223
116	146	1.25519
116	147	1.20444
116	150	1.17787
116	151	1.2263
116	154	0.66864
116	158	1.20609
116	159	0.696118
116	160	1.21999
116	165	0.663707
116	166	1.19668
116	170	0.660511
116	171	1.08028
116	172	0.670424
116	177	0.657518
116	178	0.677487
117	4	0.68942
117	7	0.671107
117	46	0.733011
117	89	0.742968
117	95	1.19819
117	105	1.22154
117	108	0.786943
117	114	1.14607
117	115	0.755065
117	141	1.185
117	144	1.18436
117	152	1.16939
117	155	0.695002
117	157	0.727802
117	158	0.698421
117	163	0.6974
117	168	1.19481
117	169	1.24853
117	170	1.2317
117	172	1.22128
117	174	1.19645
117	176	1.20218
117	177	1.21676
117	178	1.18242
118	30	0.705607
118	35	0.897272
118	50	1.12584
118	73	1.13051
118	86	1.1729
118	119	1.12409
118	127	1.08949
118	134	1.09704
118	135	1.08891
118	140	1.1355
118	145	1.13045
118	148	0.767255
118	153	0.799556
118	154	1.15031
118	155	1.13618
118	156	0.812423
118	157	1.08067
118	159	1.08706
118	161	0.798232
118	162	1.12967
118	165	0.799428
118	168	0.809452
118	171	1.12238
118	174	0.814645
119	45	0.773477
119	70	1.09002
119	73	1.19992
119	78	1.15817
119	81	1.13092
119	98	0.74764
119	102	1.14697
119	108	1.11875
119	118	1.12409
119	127	1.1589
119	130	1.22148
119	140	1.20491
119	145	1.19985
119	155	1.20558
119	157	1.15007
119	162	1.19907
119	164	0.765294
119	166	0.761882
119	167	0.756832
119	171	1.19179
119	173	0.747332
119	175	0.777707
119	176	0.761891
119	178	0.771255
119	180	0.640434
120	12	1.02819
120	14	1.1906
120	17	1.17625
120	31	1.20196
120	42	1.20666
120	53	1.15774
120	79	1.12856
120	94	1.14573
120	96	1.14672
120	107	1.17072
120	115	1.10128
120	133	0.752573
120	146	1.22011
120	151	1.05651
120	152	0.720709
120	159	0.732278
120	161	0.69867
120	164	0.707686
120	166	1.1616
120	167	0.699223
120	169	1.20914
120	174	0.715084
120	175	0.720098
120	176	0.704282
120	179	1.25249
121	21	1.12137
121	40	0.677474
121	43	1.05869
121	64	0.777029
121	77	1.12706
121	83	1.19672
121	99	1.21281
121	100	1.10828
121	106	1.16917
121	112	1.18724
121	129	1.21654
121	138	1.13781
121	151	1.17662
121	152	0.726587
121	163	1.13459
121	166	1.14701
121	168	0.715767
121	170	1.17772
121	171	1.12232
121	172	0.712461
121	175	0.725976
121	176	0.71016
121	177	0.699555
121	179	0.637422
121	180	1.32942
122	1	0.748003
122	27	0.780095
122	35	1.08978
122	77	0.784878
122	85	0.744295
122	126	1.15062
122	136	1.13539
122	138	0.725388
122	139	0.787483
122	140	0.727336
122	141	1.14835
122	143	0.768517
122	152	1.13273
122	161	1.16862
122	163	0.73748
122	168	1.15815
122	171	0.693502
122	172	1.18462
122	173	1.18001
122	174	1.1598
122	175	1.15391
122	176	1.16552
122	177	1.1801
122	178	1.14576
122	180	1.34674
123	11	1.19133
123	21	1.13099
123	54	1.14965
123	57	1.15476
123	64	0.81613
123	65	1.23359
123	97	1.16172
123	103	1.12842
123	106	1.17879
123	116	1.18853
123	138	1.14743
123	142	0.718441
123	143	1.13465
123	148	0.712672
123	151	1.18625
123	154	0.749778
123	158	1.16604
123	160	1.17994
123	164	0.752665
123	165	0.744845
123	167	1.16826
123	168	0.754869
123	170	0.74165
123	175	0.765077
123	176	0.749261
124	68	1.07517
124	75	1.19572
124	80	1.10118
124	89	1.1641
124	102	1.14051
124	105	0.714116
124	109	1.1664
124	111	0.778527
124	128	0.751842
124	133	0.785656
124	135	1.15186
124	145	1.1934
124	146	1.2312
124	160	1.19599
124	162	1.19262
124	163	1.16027
124	165	0.73295
124	167	1.18431
124	168	0.742973
124	169	0.68799
124	170	1.2034
124	171	1.18533
124	174	0.748167
124	175	0.753182
124	178	0.746729
124	179	0.664628
124	180	1.3551
125	21	0.85312
125	41	0.837561
125	58	0.826628
125	90	0.771069
125	105	1.12993
125	109	0.825206
125	126	1.09568
125	133	1.08004
125	137	0.793872
125	141	1.0934
125	142	1.13759
125	152	1.07779
125	154	1.14996
125	155	0.826522
125	160	0.785227
125	161	1.11368
125	162	0.79336
125	164	1.12843
125	166	1.10939
125	171	0.784943
125	172	1.12967
125	173	1.12506
125	174	1.10485
125	175	1.09897
125	176	1.11058
125	177	1.12515
125	178	1.09082
126	4	0.751827
126	10	0.687586
126	13	0.847424
126	83	0.729858
126	88	0.796764
126	98	1.13514
126	114	1.09616
126	122	1.15062
126	125	1.09568
126	127	0.780336
126	128	1.13807
126	131	1.11928
126	135	0.800451
126	145	0.766044
126	156	1.15097
126	158	0.760827
126	161	1.15536
126	163	0.759807
126	166	1.15107
126	168	1.14489
126	171	0.715829
126	172	1.17136
126	173	1.16675
126	175	1.14066
126	176	1.15226
126	177	1.16684
126	178	1.1325
126	180	1.33348
127	51	0.762598
127	66	1.22525
127	73	1.16532
127	74	1.16904
127	85	1.07734
127	86	1.2077
127	92	1.15112
127	102	1.11237
127	109	1.13825
127	118	1.08949
127	119	1.1589
127	126	0.780336
127	128	0.780342
127	130	1.18689
127	135	1.12371
127	136	0.781555
127	140	1.17031
127	145	1.16525
127	155	1.17098
127	163	1.13213
127	165	0.76145
127	168	0.771474
127	171	1.15719
127	173	0.751307
127	174	0.776667
127	175	0.781682
127	176	0.765866
127	179	0.693128
128	4	0.751834
128	11	0.747211
128	45	1.16411
128	46	0.795424
128	60	0.811014
128	91	0.765813
128	103	1.12357
128	104	1.21081
128	124	0.751842
128	126	1.13807
128	127	0.780342
128	131	1.11999
128	147	0.76538
128	150	0.788489
128	156	1.15169
128	159	1.12911
128	160	0.71612
128	162	0.724253
128	164	1.17083
128	165	1.16557
128	168	1.14561
128	172	1.17207
128	173	1.16746
128	174	1.14725
128	175	1.14137
128	176	1.15297
128	177	1.16755
128	178	1.13322
129	19	1.18303
129	26	1.19984
129	28	1.20118
129	48	1.23315
129	49	1.23315
129	51	1.23385
129	69	1.2531
129	72	1.25995
129	79	1.20127
129	98	0.708372
129	100	1.19558
129	103	0.755273
129	104	0.690471
129	112	1.27454
129	113	0.677973
129	121	1.21654
129	149	0.686636
129	150	1.2155
129	154	0.72314
129	159	1.21163
129	163	1.2219
129	166	0.722614
129	167	0.717563
129	170	1.26502
129	174	0.733424
129	175	0.738439
129	179	0.649885
129	180	0.601165
130	40	0.686312
130	41	1.13212
130	60	1.16342
130	62	0.771353
130	70	1.11801
130	73	1.2279
130	102	1.17495
130	105	0.695749
130	119	1.22148
130	127	1.18689
130	131	0.770658
130	135	1.1863
130	140	1.23289
130	143	1.18515
130	152	0.735425
130	155	1.23357
130	156	0.727577
130	157	1.17806
130	159	1.18445
130	160	1.23043
130	162	1.22706
130	163	1.19471
130	164	0.722402
130	167	0.713939
130	168	0.724606
130	171	1.21977
130	172	0.7213
130	174	0.729799
130	177	0.708393
131	36	0.771449
131	49	0.818872
131	64	1.08677
131	74	0.786383
131	88	0.833953
131	96	0.757046
131	102	0.840398
131	111	1.11792
131	126	1.11928
131	128	1.11999
131	130	0.770658
131	138	0.784905
131	140	0.786853
131	152	1.10139
131	153	1.15247
131	155	0.794599
131	156	1.13289
131	159	1.11031
131	160	0.753303
131	161	1.13728
131	164	1.15204
131	165	1.14677
131	168	1.12681
131	173	1.14867
131	174	1.12845
131	175	1.12257
131	176	1.13418
131	177	1.14876
131	178	1.11442
132	8	0.725291
132	18	1.14201
132	41	1.08809
132	50	1.1792
132	65	1.24005
132	66	1.24381
132	73	1.18387
132	78	1.14213
132	81	1.11488
132	87	0.819041
132	91	1.16038
132	134	1.15041
132	135	1.14227
132	140	1.18886
132	141	0.748194
132	143	1.14112
132	152	0.762022
132	154	1.20368
132	156	0.754174
132	157	1.13403
132	160	1.1864
132	162	1.18303
132	164	0.748999
132	165	0.741179
132	166	0.745586
132	169	0.696219
132	171	1.17574
132	172	0.747897
132	175	0.761411
132	178	0.754959
133	14	0.765727
133	35	1.06088
133	48	0.825109
133	54	0.802044
133	55	1.1432
133	81	0.871705
133	85	0.800443
133	116	0.716413
133	120	0.752573
133	124	0.785656
133	125	1.08004
133	138	0.781536
133	141	1.11945
133	144	1.11881
133	151	0.689712
133	153	1.15491
133	160	0.749934
133	161	1.13972
133	162	0.758067
133	164	1.15448
133	167	1.14706
133	168	1.12925
133	170	1.16614
133	172	1.15572
133	173	1.15111
133	174	1.1309
133	175	1.12502
133	176	1.13662
133	177	1.1512
133	178	1.11686
133	180	1.31784
134	22	1.12566
134	35	0.86374
134	50	1.16819
134	59	1.12774
134	60	1.10839
134	91	1.14937
134	92	1.15867
134	102	1.11992
134	104	0.73816
134	108	1.0917
134	118	1.09704
134	132	1.15041
134	135	1.13126
134	136	0.786
134	137	1.13589
134	141	0.77291
134	144	0.818411
134	145	1.1728
134	154	1.19267
134	155	1.17853
134	156	0.77889
134	157	1.12302
134	159	1.12941
134	162	1.17202
134	166	0.770302
134	170	0.7627
134	171	1.16474
134	173	0.755752
134	174	0.781112
134	178	0.779675
134	179	0.697573
135	18	1.12287
135	30	0.687744
135	50	1.16006
135	59	1.1196
135	74	1.16846
135	85	1.07676
135	92	1.15053
135	93	0.784203
135	101	0.848099
135	109	1.13767
135	111	0.827143
135	118	1.08891
135	124	1.15186
135	126	0.800451
135	127	1.12371
135	130	1.1863
135	132	1.14227
135	134	1.13126
135	140	1.16972
135	141	0.78858
135	144	0.834081
135	145	1.16466
135	152	0.802408
135	153	0.781693
135	157	1.11489
135	160	1.16726
135	162	1.16388
135	171	1.1566
135	173	0.771422
135	179	0.713244
135	180	0.664524
136	21	0.785226
136	30	1.28547
136	36	0.735479
136	47	0.785007
136	55	1.14361
136	75	0.767104
136	94	0.77191
136	95	1.13304
136	104	1.19486
136	105	1.15639
136	111	1.12077
136	122	1.13539
136	127	0.781555
136	134	0.786
136	142	1.16404
136	143	0.792063
136	144	1.11921
136	145	0.767263
136	150	0.789702
136	151	0.657111
136	161	1.14013
136	163	0.761027
136	165	1.14962
136	167	1.14746
136	168	1.12966
136	171	0.717049
136	172	1.15613
136	173	1.15152
136	174	1.1313
136	175	1.12542
136	176	1.13703
136	177	1.1516
136	179	1.22672
137	12	1.22215
137	24	1.11284
137	56	1.14586
137	60	1.10488
137	64	0.777157
137	70	1.05946
137	77	1.12863
137	83	1.19829
137	99	1.21438
137	106	1.17074
137	110	0.747976
137	114	0.757007
137	125	0.793872
137	134	1.13589
137	138	1.13938
137	139	1.11349
137	141	0.712887
137	143	1.1266
137	151	1.1782
137	153	0.706001
137	157	1.11951
137	158	1.15799
137	160	1.17189
137	162	1.16851
137	164	0.713692
137	165	0.705873
137	167	1.16021
137	168	0.715896
137	170	0.702677
137	171	1.16123
137	176	0.710288
137	179	0.637551
137	180	1.33099
138	11	1.19028
138	21	1.12994
138	39	1.08076
138	44	1.15164
138	54	1.1486
138	79	1.12254
138	97	1.16067
138	106	1.17774
138	116	1.18748
138	121	1.13781
138	122	0.725388
138	123	1.14743
138	131	0.784905
138	133	0.781536
138	137	1.13938
138	139	1.12049
138	141	0.735844
138	143	1.1336
138	146	1.21409
138	147	1.16334
138	148	0.696656
138	149	0.697258
138	151	1.1852
138	158	1.16499
138	159	0.761241
138	160	1.17889
138	162	1.15382
138	167	1.16721
138	168	0.738853
138	170	0.725634
138	173	0.718687
138	177	0.72264
138	179	0.660508
139	3	1.13423
139	7	1.16233
139	9	1.15869
139	11	1.16439
139	39	1.05487
139	44	1.12575
139	54	1.12271
139	57	1.12782
139	62	0.847695
139	79	1.09665
139	97	1.13478
139	105	0.772091
139	106	1.15185
139	113	0.750692
139	114	0.842059
139	116	1.1616
139	122	0.787483
139	137	1.11349
139	138	1.12049
139	143	1.10772
139	146	1.1882
139	147	1.13745
139	149	0.759354
139	150	1.11088
139	151	1.15931
139	158	1.1391
139	161	0.789729
139	166	1.12969
139	169	0.745965
139	173	0.780782
139	174	0.806142
139	176	0.795341
139	178	0.804705
139	179	0.722603
140	3	1.19509
140	4	1.2047
140	45	0.74678
140	63	0.678572
140	66	1.27126
140	78	1.16958
140	81	1.14233
140	85	1.12335
140	86	1.25371
140	92	1.19713
140	102	1.15838
140	104	0.703042
140	109	1.18426
140	118	1.1355
140	119	1.20491
140	122	0.727336
140	127	1.17031
140	130	1.23289
140	131	0.786853
140	132	1.18886
140	135	1.16972
140	142	0.704374
140	145	1.21126
140	148	0.698604
140	150	1.17174
140	156	0.743773
140	162	1.21048
140	164	0.738597
140	166	0.735185
140	171	1.20319
140	173	0.720635
140	174	0.745995
140	175	0.75101
140	177	0.724589
141	38	0.860349
141	40	1.20783
141	42	0.720958
141	67	0.707386
141	85	0.754751
141	91	0.753936
141	101	1.10063
141	106	0.747259
141	109	0.744222
141	113	1.18692
141	117	1.185
141	122	1.14835
141	125	1.0934
141	132	0.748194
