1	48	0.708601
1	55	0.705342
1	65	0.697185
1	67	0.702015
1	77	0.735449
1	78	0.73606
1	85	8.4
1	97	0.699247
1	107	3.11657
1	124	0.743637
1	126	0.735
1	133	0.669114
2	22	0.740251
2	31	0.734345
2	40	0.726926
2	44	0.729173
2	47	0.711274
2	64	0.698862
2	70	0.662749
2	74	0.663285
2	99	0.71626
2	130	0.725139
2	152	5.06675
2	156	3.07789
3	76	2.69903
3	135	0.659199
3	141	0.667019
3	161	0.633757
3	163	0.676009
3	168	0.629863
3	171	0.662334
3	172	0.647348
3	174	0.650194
3	175	0.654462
3	179	0.638064
3	180	0.650967
4	80	1.1223
4	86	0.788103
4	91	0.917825
4	95	1.0171
4	96	0.963049
4	98	0.502636
4	102	0.524659
4	103	0.522799
4	149	0.42029
4	155	0.427939
4	165	4.8342
4	179	9.29567
5	6	0.707031
5	20	0.614539
5	35	0.797572
5	58	0.76976
5	59	0.830334
5	71	0.764079
5	76	0.75002
5	79	0.742042
5	92	0.753395
5	101	1.92809
5	146	2.81893
5	173	5.21174
6	5	0.707031
6	10	0.57768
6	20	0.504715
6	49	0.674607
6	54	1.07589
6	58	0.659935
6	71	0.654254
6	76	0.640196
6	79	0.632217
6	99	0.66716
6	105	3.2921
6	163	5.00458
7	42	0.76374
7	48	0.710407
7	55	0.707148
7	63	0.697245
7	65	0.698991
7	67	0.703821
7	77	0.737255
7	78	0.737866
7	124	0.745443
7	133	0.67092
7	150	3.4384
7	157	5.26659
8	54	2.99595
8	93	0.671448
8	131	0.677424
8	156	0.685987
8	167	0.657472
8	172	0.64201
8	173	0.667386
8	176	0.639936
8	177	0.656222
8	178	0.642533
8	179	0.632726
8	180	0.64563
9	48	0.794033
9	55	0.790774
9	63	0.780871
9	65	0.782617
9	67	0.787447
9	77	0.820881
9	78	0.821492
9	115	11.2
9	124	0.829069
9	133	0.754546
9	136	5.68682
9	175	6.82732
10	6	0.57768
10	35	0.761291
10	49	0.797167
10	54	0.7901
10	58	0.640409
10	71	0.634728
10	76	0.620669
10	79	0.61269
10	92	0.624044
10	99	0.647634
10	125	0.684009
10	129	4.14607
10	162	10.4161
11	15	0.72901
11	21	0.839697
11	25	0.787953
11	26	0.729913
11	28	0.79396
11	33	0.896218
11	37	0.825555
11	41	0.838709
11	43	0.828511
11	45	0.755826
11	106	3.14875
11	122	2.49302
11	169	3.77191
12	14	0.805994
12	22	0.796773
12	31	0.790867
12	36	0.77678
12	40	0.783448
12	44	0.785695
12	47	0.767796
12	70	0.719271
12	74	0.719807
12	129	2.79729
12	130	0.781661
12	133	3.41246
12	151	6.00464
13	16	0.802468
13	21	0.82852
13	25	0.776776
13	26	0.718736
13	28	0.782783
13	33	0.885041
13	37	0.814378
13	41	0.827532
13	43	0.817334
13	45	0.744649
13	108	3.26489
13	168	12.7674
13	176	9.48068
14	12	0.805994
14	22	0.794317
14	27	0.788454
14	36	0.774324
14	40	0.780992
14	44	0.78324
14	47	0.765341
14	70	0.716815
14	74	0.717351
14	90	3.4277
14	110	1.36748
14	130	0.779205
14	180	5.77628
15	11	0.72901
15	16	0.658637
15	21	0.68469
15	25	0.632946
15	26	0.574906
15	28	0.638953
15	33	0.684392
15	37	0.670548
15	41	0.683701
15	43	0.673503
15	45	0.600819
15	106	3.82885
15	158	4.49127
16	13	0.802468
16	15	0.658637
16	21	0.769325
16	25	0.71758
16	28	0.723587
16	33	0.713745
16	37	0.755182
16	41	0.768336
16	43	0.758138
16	45	0.685454
16	134	1.7978
16	151	4.29292
16	155	6.37787
17	19	0.769378
17	23	0.818911
17	50	0.786979
17	52	0.783407
17	61	0.77233
17	73	0.83567
17	81	0.801362
17	113	1.86596
17	119	0.700585
17	121	0.777189
17	158	2.24523
17	169	0.761626
17	174	6.31353
18	50	0.769639
18	52	0.766067
18	61	0.75499
18	73	0.81833
18	81	0.784023
18	110	2.91711
18	121	0.759849
18	126	0.800026
18	130	0.78636
18	132	0.75614
18	143	5.61992
18	167	4.51302
18	169	0.744286
19	17	0.769378
19	61	0.68918
19	73	0.75252
19	81	0.718212
19	101	0.721161
19	104	0.725551
19	119	0.617435
19	130	0.72055
19	132	0.69033
19	150	3.71384
19	169	0.678476
19	173	5.08305
20	5	0.614539
20	6	0.504715
20	24	0.901195
20	35	0.687695
20	49	0.723571
20	54	0.716504
20	58	0.567443
20	59	0.939372
20	71	0.561762
20	76	0.547704
20	79	0.539725
20	125	0.611044
20	131	2.725
20	161	10.5821
21	11	0.839697
21	13	0.82852
21	15	0.68469
21	16	0.769325
21	25	0.743633
21	26	0.685593
21	28	0.74964
21	37	0.781235
21	41	0.794388
21	43	0.78419
21	45	0.711506
21	101	3.64553
21	131	4.85481
21	168	13.2326
22	2	0.740251
22	12	0.796773
22	14	0.794317
22	27	0.779233
22	31	0.77919
22	36	0.765103
22	47	0.75612
22	70	0.707594
22	74	0.70813
22	99	0.761105
22	130	0.769984
22	135	4.07337
22	173	3.30675
22	177	4.58016
23	17	0.818911
23	50	0.753363
23	61	0.738714
23	73	0.802054
23	81	0.767746
23	119	0.666969
23	121	0.743572
23	126	0.78375
23	130	0.770083
23	132	0.739863
23	139	3.4087
23	147	3.74094
23	150	3.50035
23	169	0.72801
24	20	0.901195
24	35	0.772211
24	49	0.75907
24	54	0.365828
24	58	0.744399
24	71	0.738718
24	76	0.724659
24	79	0.716681
24	92	0.728034
24	99	0.751624
24	107	3.90499
24	125	0.787999
24	134	2.59352
24	156	3.78921
25	11	0.787953
25	13	0.776776
25	15	0.632946
25	16	0.71758
25	21	0.743633
25	26	0.633848
25	28	0.697895
25	33	0.800153
25	37	0.72949
25	41	0.742644
25	43	0.732446
25	45	0.659762
25	93	4.34692
25	153	4.56996
26	11	0.729913
26	13	0.718736
26	15	0.574906
26	21	0.685593
26	25	0.633848
26	28	0.639855
26	33	0.585322
26	37	0.67145
26	41	0.684604
26	43	0.674406
26	45	1.35681
26	139	3.47688
26	155	6.23902
26	160	4.76146
27	14	0.788454
27	22	0.779233
27	36	0.759239
27	40	0.765908
27	44	0.768155
27	47	0.750256
27	64	0.737844
27	70	0.701731
27	74	0.702267
27	99	0.755242
27	130	0.764121
27	144	2.57434
27	145	3.49901
27	170	4.94036
28	11	0.79396
28	13	0.782783
28	15	0.638953
28	16	0.723587
28	21	0.74964
28	25	0.697895
28	26	0.639855
28	33	0.80616
28	37	0.735497
28	41	0.748651
28	43	0.738453
28	45	0.665769
28	134	3.85522
28	137	4.96886
29	62	0.654106
29	66	0.657213
29	69	0.653879
29	72	0.71493
29	75	0.650783
29	82	0.749272
29	84	0.675733
29	87	0.701108
29	88	0.677916
29	89	0.677757
29	94	0.714721
29	124	0.705793
29	153	4.74073
29	169	4.01752
30	57	0.66317
30	62	0.660433
30	66	0.66354
30	69	0.660206
30	75	0.657109
30	82	0.755599
30	84	0.68206
30	87	0.707435
30	88	0.684243
30	89	0.684084
30	94	0.721048
30	124	0.71212
30	128	3.22116
30	157	6.18771
31	2	0.734345
31	12	0.790867
31	22	0.77919
31	36	0.759196
31	40	0.765865
31	44	0.768112
31	47	0.750213
31	64	0.737801
31	70	0.701688
31	74	0.702224
31	113	2.25933
31	130	0.764078
31	146	3.56885
31	153	4.68042
32	80	0.754041
32	86	0.774662
32	91	0.808557
32	95	0.745164
32	96	0.795309
32	98	0.773342
32	102	0.795365
32	103	0.793505
32	105	2.9339
32	111	1.79202
32	125	0.808726
32	135	6.05104
32	149	0.690996
32	155	0.698645
33	11	0.896218
33	13	0.885041
33	15	0.684392
33	16	0.713745
33	25	0.800153
33	26	0.585322
33	28	0.80616
33	37	0.837756
33	41	0.729356
33	43	0.783893
33	45	0.711208
33	135	5.0756
33	163	3.67094
33	172	7.50875
34	49	0.769482
34	59	0.815386
34	76	0.735072
34	79	0.727093
34	96	0.784995
34	98	0.763028
34	99	0.762036
34	102	0.785051
34	103	0.783191
34	113	1.95171
34	125	0.798411
34	140	3.75085
34	149	0.680682
34	155	0.688331
34	170	5.62118
35	5	0.797572
35	10	0.761291
35	20	0.687695
35	24	0.772211
35	39	3.537
35	54	0.371905
35	58	0.750476
35	59	0.81105
35	71	0.744795
35	76	0.730736
35	79	0.722757
35	99	0.757701
35	109	2.59747
35	125	0.794076
35	132	4.39712
36	12	0.77678
36	14	0.774324
36	22	0.765103
36	27	0.759239
36	31	0.759196
36	40	0.751777
36	44	0.754025
36	47	0.736126
36	70	0.687601
36	74	0.688137
36	99	0.741111
36	128	2.02228
36	130	0.74999
36	153	3.2486
36	160	6.34418
37	11	0.825555
37	13	0.814378
37	15	0.670548
37	16	0.755182
37	21	0.781235
37	25	0.72949
37	26	0.67145
37	28	0.735497
37	33	0.837756
37	41	0.780246
37	43	0.770048
37	45	0.697364
37	116	1.47714
37	140	3.33241
37	166	5.93626
38	51	0.751608
38	60	0.822409
38	83	0.810704
38	86	0.754658
38	91	0.788553
38	95	0.72516
38	96	0.775305
38	98	0.753339
38	100	1.38832
38	102	0.775361
38	103	0.773502
38	145	2.61895
38	149	0.670993
38	155	0.678642
38	172	7.29294
39	35	3.537
39	96	0.601209
39	127	0.720189
39	148	0.697484
39	158	0.730635
39	162	0.663421
39	163	0.707621
39	165	0.703782
39	172	0.67896
39	174	0.681807
39	175	0.686075
39	176	0.676886
39	178	0.679483
39	179	0.669676
39	180	0.68258
40	2	0.726926
40	12	0.783448
40	14	0.780992
40	27	0.765908
40	31	0.765865
40	36	0.751777
40	44	0.760693
40	47	0.742794
40	70	0.694269
40	74	0.694805
40	99	0.74778
40	101	2.10714
40	130	0.756659
40	131	3.31642
40	148	5.62816
41	11	0.838709
41	13	0.827532
41	15	0.683701
41	16	0.768336
41	21	0.794388
41	25	0.742644
41	26	0.684604
41	28	0.748651
41	33	0.729356
41	37	0.780246
41	43	0.783202
41	45	0.710517
41	112	11.2
41	120	2.8477
41	136	6.1353
42	7	0.76374
42	43	0.299651
42	52	0.406215
42	53	0.779375
42	55	0.77948
42	63	0.769577
42	65	0.771323
42	98	0.338324
42	133	0.743253
42	155	0.712888
42	162	0.704216
42	163	0.748416
42	171	0.734741
42	173	0.745131
42	180	0.723375
43	11	0.828511
43	13	0.817334
43	15	0.673503
43	16	0.758138
43	21	0.78419
43	25	0.732446
43	26	0.674406
43	28	0.738453
43	33	0.783893
43	37	0.770048
43	41	0.783202
43	42	0.299651
43	45	0.70032
43	145	3.96842
43	165	5.41514
44	2	0.729173
44	12	0.785695
44	14	0.78324
44	27	0.768155
44	31	0.768112
44	36	0.754025
44	40	0.760693
44	47	0.745042
44	70	0.696516
44	74	0.697053
44	99	0.750027
44	120	2.63182
44	130	0.758906
44	138	4.71281
44	148	5.32892
45	11	0.755826
45	13	0.744649
45	15	0.600819
45	16	0.685454
45	21	0.711506
45	25	0.659762
45	26	1.35681
45	28	0.665769
45	33	0.711208
45	37	0.697364
45	41	0.710517
45	43	0.70032
45	97	2.36858
45	137	3.44733
45	159	4.31146
46	56	0.782278
46	83	0.803767
46	84	0.746533
46	87	0.771907
46	88	0.748715
46	89	0.748557
46	94	0.78552
46	95	0.718223
46	100	2.12868
46	102	0.768424
46	103	0.766564
46	129	2.8955
46	147	5.2511
46	149	0.664056
46	155	0.671705
47	2	0.711274
47	12	0.767796
47	14	0.765341
47	22	0.75612
47	27	0.750256
47	31	0.750213
47	36	0.736126
47	40	0.742794
47	44	0.745042
47	64	0.71473
47	70	0.678618
47	74	0.679154
47	130	0.741007
47	132	1.97168
47	133	3.23706
47	178	6.80566
48	1	0.708601
48	7	0.710407
48	9	0.794033
48	53	0.726042
48	63	0.716245
48	65	0.71799
48	67	0.722821
48	77	0.756254
48	78	0.756866
48	97	0.720052
48	105	4.174
48	110	2.50107
48	124	0.764443
48	126	0.755806
48	133	0.68992
48	146	4.1317
49	6	0.674607
49	10	0.797167
49	20	0.723571
49	24	0.75907
49	34	0.769482
49	54	0.358764
49	58	0.737335
49	59	0.797909
49	71	0.731654
49	76	0.717595
49	79	0.709617
49	99	0.74456
49	111	2.24058
49	125	0.780935
49	146	3.34016
49	152	5.68659
50	17	0.786979
50	18	0.769639
50	23	0.753363
50	52	0.717858
50	61	0.706782
50	73	0.770121
50	81	0.735814
50	101	0.738762
50	119	0.635036
50	120	1.76027
50	126	0.751818
50	130	0.738151
50	132	0.707931
50	139	1.97642
50	169	0.696078
50	179	7.87125
51	38	0.751608
51	60	0.806438
51	80	0.718067
51	83	0.794733
51	86	0.738687
51	91	0.772582
51	95	0.709189
51	96	0.759334
51	98	0.737367
51	102	0.75939
51	103	0.75753
51	116	2.14155
51	149	0.655022
51	155	0.662671
51	163	3.66887
51	176	7.32366
52	17	0.783407
52	18	0.766067
52	42	0.406215
52	50	0.717858
52	61	0.70321
52	73	0.76655
52	81	0.732242
52	101	0.73519
52	104	0.739581
52	119	0.631465
52	121	0.708068
52	126	0.748246
52	127	4.16058
52	130	0.734579
52	169	0.692506
52	170	5.51634
53	42	0.779375
53	48	0.726042
53	55	0.722784
53	63	0.712881
53	65	0.714626
53	67	0.719457
53	77	0.75289
53	78	0.753502
53	92	0.706306
53	97	0.716688
53	124	0.761079
53	126	0.752442
53	133	0.686556
53	146	1.52296
53	158	1.95058
53	179	8.34973
54	6	1.07589
54	8	2.99595
54	10	0.7901
54	20	0.716504
54	24	0.365828
54	35	0.371905
54	49	0.358764
54	58	1.13862
54	59	0.862334
54	71	1.13294
54	76	1.11888
54	79	1.1109
54	92	1.12226
54	123	2.0954
54	143	5.41826
54	179	7.28335
55	1	0.705342
55	7	0.707148
55	9	0.790774
55	42	0.77948
55	53	0.722784
55	63	0.712986
55	67	0.719562
55	77	0.752995
55	78	0.753607
55	92	0.706412
55	117	10.8
55	124	0.761184
55	126	0.752547
55	133	0.686661
55	164	7.23837
55	180	8.79303
56	46	0.782278
56	66	0.756585
56	69	0.753251
56	72	0.814301
56	75	0.750154
56	82	0.848644
56	84	0.775105
56	87	0.80048
56	88	0.777288
56	89	0.777129
56	94	0.814093
56	118	10.8
56	124	0.805165
56	147	5.44288
56	158	4.60632
56	174	8.67461
57	30	0.66317
57	62	0.698842
57	66	0.701949
57	69	0.698615
57	72	0.759665
57	75	0.695518
57	82	0.794008
57	84	0.720469
57	87	0.745844
57	88	0.722652
57	89	0.722493
57	94	0.759457
57	124	0.750529
57	141	3.57346
57	163	3.29365
57	175	4.51971
58	5	0.76976
58	6	0.659935
58	10	0.640409
58	20	0.567443
58	24	0.744399
58	35	0.750476
58	49	0.737335
58	54	1.13862
58	59	0.783238
58	76	0.702924
58	79	0.694945
58	92	0.706299
58	108	3.58123
58	109	2.33001
58	125	0.766264
58	169	4.77582
59	5	0.830334
59	20	0.939372
59	34	0.815386
59	35	0.81105
59	49	0.797909
59	54	0.862334
59	58	0.783238
59	71	0.777557
59	76	0.763498
59	79	0.75552
59	92	0.766874
59	125	0.826838
59	144	2.44264
59	152	4.79515
59	153	3.56029
59	169	2.83708
60	38	0.822409
60	51	0.806438
60	80	0.788868
60	86	0.809488
60	91	0.843383
60	95	0.77999
60	96	0.830135
60	98	0.808168
60	102	0.830191
60	103	0.828331
60	111	1.70685
60	114	3.10414
60	142	3.43129
60	149	0.725822
60	155	0.733471
60	178	5.86278
61	17	0.77233
61	18	0.75499
61	19	0.68918
61	23	0.738714
61	50	0.706782
61	52	0.70321
61	73	0.755473
61	81	0.721165
61	104	0.728504
61	109	2.03273
61	120	2.64292
61	121	0.696991
61	126	0.737169
61	130	0.723502
61	132	0.693282
61	141	6.12477
61	169	0.681429
62	29	0.654106
62	30	0.660433
62	57	0.698842
62	66	0.699212
62	69	0.695878
62	72	0.756928
62	75	0.692781
62	82	0.791271
62	84	0.717732
62	87	0.743107
62	88	0.719915
62	89	0.719756
62	94	0.75672
62	110	2.08035
62	111	2.6114
62	124	0.747792
62	175	6.69183
63	7	0.697245
63	9	0.780871
63	42	0.769577
63	48	0.716245
63	53	0.712881
63	55	0.712986
63	65	0.704829
63	67	0.709659
63	77	0.743092
63	78	0.743704
63	92	0.696509
63	97	0.706891
63	100	2.04368
63	126	0.742644
63	133	0.676758
63	167	6.18367
63	175	5.30972
64	2	0.698862
64	27	0.737844
64	31	0.737801
64	47	0.71473
64	66	0.702319
64	70	0.666205
64	74	0.666741
64	82	0.794377
64	84	0.720839
64	87	0.746213
64	88	0.723022
64	89	0.722863
64	94	0.759827
64	129	2.3261
64	130	0.728595
64	133	4.42509
64	159	4.55717
65	1	0.697185
65	7	0.698991
65	9	0.782617
65	42	0.771323
65	48	0.71799
65	53	0.714626
65	63	0.704829
65	67	0.711405
65	77	0.744838
65	78	0.74545
65	92	0.698254
65	97	0.708636
65	100	2.13191
65	109	1.9327
65	126	0.74439
65	133	0.678504
65	164	6.62392
66	29	0.657213
66	30	0.66354
66	56	0.756585
66	57	0.701949
66	62	0.699212
66	64	0.702319
66	72	0.760036
66	75	0.695889
66	82	0.794378
66	84	0.720839
66	87	0.746214
66	88	0.723022
66	89	0.722863
66	94	0.759827
66	97	2.82008
66	145	4.54189
66	156	3.98087
67	1	0.702015
67	7	0.703821
67	9	0.787447
67	48	0.722821
67	53	0.719457
67	55	0.719562
67	63	0.709659
67	65	0.711405
67	77	0.749669
67	78	0.750281
67	92	0.703085
67	123	1.86232
67	124	0.757857
67	126	0.74922
67	133	0.683334
67	155	6.98311
67	180	5.48684
68	104	2.1985
68	126	1.39445
68	152	0.695163
68	160	0.684297
68	164	0.683948
68	165	0.702689
68	166	0.690938
68	168	0.660382
68	170	0.698663
68	171	0.692853
68	172	0.677867
68	174	0.680713
68	177	0.692079
68	178	0.678389
68	179	0.668583
68	180	0.681486
69	29	0.653879
69	30	0.660206
69	56	0.753251
69	57	0.698615
69	62	0.695878
69	72	0.756702
69	75	0.692555
69	82	0.791044
69	84	0.717506
69	87	0.74288
69	88	0.719689
69	89	0.71953
69	94	0.756494
69	124	0.747566
69	134	2.11937
69	150	3.98108
69	177	6.62371
70	2	0.662749
70	12	0.719271
70	14	0.716815
70	22	0.707594
70	27	0.701731
70	31	0.701688
70	36	0.687601
70	40	0.694269
70	44	0.696516
70	47	0.678618
70	64	0.666205
70	74	1.20271
70	99	0.683603
70	130	0.692482
70	132	2.59401
70	149	6.76853
70	177	3.66312
71	5	0.764079
71	6	0.654254
71	10	0.634728
71	20	0.561762
71	24	0.738718
71	35	0.744795
71	49	0.731654
71	54	1.13294
71	59	0.777557
71	76	0.697243
71	79	0.689264
71	90	5.3723
71	92	0.700618
71	99	0.724208
71	116	2.1668
71	125	0.760583
71	169	3.9208
72	29	0.71493
72	56	0.814301
72	57	0.759665
72	62	0.756928
72	66	0.760036
72	69	0.756702
72	75	0.753605
72	82	0.852094
72	84	0.778556
72	87	0.803931
72	88	0.780739
72	89	0.78058
72	94	0.817544
72	108	2.34318
72	122	2.25889
72	142	5.29409
72	158	3.57703
73	17	0.83567
73	18	0.81833
73	19	0.75252
73	23	0.802054
73	50	0.770121
73	52	0.76655
73	61	0.755473
73	81	0.784505
73	104	0.791844
73	126	0.800509
73	130	0.786842
73	132	0.756622
73	137	3.01319
73	138	3.09714
73	169	0.744769
73	173	3.47588
73	176	6.49264
74	2	0.663285
74	12	0.719807
74	14	0.717351
74	22	0.70813
74	27	0.702267
74	31	0.702224
74	36	0.688137
74	40	0.694805
74	44	0.697053
74	47	0.679154
74	64	0.666741
74	70	1.20271
74	99	0.684139
74	130	0.693018
74	142	5.05434
74	144	2.90359
74	163	4.66444
75	29	0.650783
75	30	0.657109
75	56	0.750154
75	57	0.695518
75	62	0.692781
75	66	0.695889
75	69	0.692555
75	72	0.753605
75	82	0.787947
75	84	0.714409
75	87	0.739784
75	88	0.716592
75	89	0.716433
75	94	0.753397
75	124	0.744469
75	141	6.70177
75	154	11.4115
75	162	12.7839
76	3	2.69903
76	5	0.75002
76	6	0.640196
76	10	0.620669
76	20	0.547704
76	24	0.724659
76	34	0.735072
76	35	0.730736
76	49	0.717595
76	54	1.11888
76	58	0.702924
76	59	0.763498
76	71	0.697243
76	79	0.675206
76	99	0.710149
76	125	0.746524
76	173	3.81465
76	177	5.08807
77	1	0.735449
77	7	0.737255
77	9	0.820881
77	48	0.756254
77	53	0.75289
77	55	0.752995
77	63	0.743092
77	65	0.744838
77	67	0.749669
77	78	0.783714
77	92	0.736518
77	97	0.7469
77	108	1.61069
77	124	0.791291
77	126	0.782654
77	133	0.716768
77	139	3.34887
77	159	3.55658
77	171	5.07325
78	1	0.73606
78	7	0.737866
78	9	0.821492
78	48	0.756866
78	53	0.753502
78	55	0.753607
78	63	0.743704
78	65	0.74545
78	67	0.750281
78	77	0.783714
78	92	0.73713
78	97	0.747512
78	123	1.85214
78	124	0.791902
78	126	0.783265
78	133	0.717379
78	164	4.24409
78	165	3.97563
78	167	5.4651
79	5	0.742042
79	6	0.632217
79	10	0.61269
79	20	0.539725
79	24	0.716681
79	34	0.727093
79	35	0.722757
79	49	0.709617
79	54	1.1109
79	58	0.694945
79	59	0.75552
79	71	0.689264
79	76	0.675206
79	92	0.678581
79	99	0.70217
79	125	0.738546
79	131	3.50377
79	143	6.16181
79	178	5.7763
80	4	1.1223
80	32	0.754041
80	51	0.718067
80	60	0.788868
80	83	0.777162
80	86	0.721116
80	91	0.755011
80	95	0.691618
80	96	0.741764
80	98	0.719797
80	102	0.74182
80	103	0.73996
80	104	0.732685
80	125	0.75518
80	127	2.53189
80	149	0.637451
80	155	0.6451
80	157	4.3795
80	170	3.88765
80	177	5.19394
81	17	0.801362
81	18	0.784023
81	19	0.718212
81	23	0.767746
81	50	0.735814
81	52	0.732242
81	61	0.721165
81	73	0.784505
81	101	0.753146
81	104	0.757536
81	114	3.71842
81	119	0.64942
81	121	0.726023
81	126	0.766201
81	128	1.78614
81	130	0.752534
81	132	0.722314
81	147	3.16508
81	169	0.710461
81	174	6.39681
82	29	0.749272
82	30	0.755599
82	56	0.848644
82	57	0.794008
82	62	0.791271
82	64	0.794377
82	66	0.794378
82	69	0.791044
82	72	0.852094
82	75	0.787947
82	84	0.812898
82	87	0.464074
82	88	0.815081
82	89	0.814922
82	94	0.851886
82	101	1.91923
82	124	0.842958
82	127	3.81425
82	132	2.55226
82	137	3.08559
82	171	5.46639
83	38	0.810704
83	46	0.803767
83	51	0.794733
83	80	0.777162
83	86	0.797782
83	91	0.831677
83	95	0.768284
83	96	0.81843
83	98	0.796463
83	102	0.818486
83	103	0.816626
83	104	0.809351
83	114	4.37744
83	115	0.707371
83	123	1.36574
83	125	0.831846
83	144	2.55383
83	149	0.714117
83	155	0.721766
83	158	2.98753
83	171	5.21624
84	29	0.675733
84	30	0.68206
84	46	0.746533
84	56	0.775105
84	57	0.720469
84	62	0.717732
84	64	0.720839
84	66	0.720839
84	69	0.717506
84	72	0.778556
84	75	0.714409
84	82	0.812898
84	87	0.764734
84	88	0.741543
84	89	0.741384
84	94	0.778348
84	110	2.33399
84	124	0.76942
84	144	2.46449
84	160	6.67772
84	175	5.45142
85	1	8.4
85	110	0.720474
85	117	0.596191
85	120	0.701279
85	135	0.620769
85	141	0.628589
85	142	0.637477
85	160	0.615348
85	162	0.593379
85	163	0.637579
85	168	0.591433
85	170	0.629714
85	171	0.623904
85	172	0.608918
85	174	0.611764
85	175	0.616032
85	176	0.606843
85	177	0.62313
85	178	0.60944
85	179	0.599634
85	180	0.612538
86	4	0.788103
86	32	0.774662
86	38	0.754658
86	51	0.738687
86	60	0.809488
86	80	0.721116
86	83	0.797782
86	91	0.775631
86	95	0.712239
86	96	0.762384
86	98	0.740417
86	102	0.76244
86	103	0.76058
86	115	0.651325
86	122	2.22729
86	125	0.7758
86	133	4.12539
86	138	5.13189
86	149	0.658071
86	155	0.66572
86	156	3.47539
87	29	0.701108
87	30	0.707435
87	46	0.771907
87	56	0.80048
87	57	0.745844
87	62	0.743107
87	64	0.746213
87	66	0.746214
87	69	0.74288
87	72	0.803931
87	75	0.739784
87	82	0.464074
87	84	0.764734
87	88	0.766917
87	89	0.766758
87	94	0.803722
87	124	0.794794
87	156	4.79993
87	159	5.58201
87	161	12.6179
87	171	7.09869
88	29	0.677916
88	30	0.684243
88	46	0.748715
88	56	0.777288
88	57	0.722652
88	62	0.719915
88	64	0.723022
88	66	0.723022
88	69	0.719689
88	72	0.780739
88	75	0.716592
88	82	0.815081
88	84	0.741543
88	87	0.766917
88	89	0.743567
88	94	0.78053
88	121	2.76534
88	124	0.771603
88	138	3.45816
88	140	1.93371
88	154	8.18845
89	29	0.677757
89	30	0.684084
89	46	0.748557
89	56	0.777129
89	57	0.722493
89	62	0.719756
89	64	0.722863
89	66	0.722863
89	69	0.71953
89	72	0.78058
89	75	0.716433
89	82	0.814922
89	84	0.741384
89	87	0.766758
89	88	0.743567
89	94	0.780372
89	119	11.6
89	122	3.16932
89	124	0.771444
89	149	10.8315
89	164	6.69362
90	14	3.4277
90	71	5.3723
90	107	0.696305
90	139	0.685734
90	142	0.665236
90	151	0.663531
90	152	0.653973
90	154	0.624416
90	158	0.688351
90	161	0.623086
90	162	0.621137
90	163	0.665338
90	165	0.661499
90	167	0.652138
90	170	0.657473
90	173	0.662052
90	174	0.639523
90	176	0.634602
90	177	0.650888
90	178	0.637199
90	179	0.627392
90	180	0.640296
91	4	0.917825
91	32	0.808557
91	38	0.788553
91	51	0.772582
91	60	0.843383
91	80	0.755011
91	83	0.831677
91	86	0.775631
91	95	0.746134
91	98	0.774312
91	102	0.796335
91	103	0.794475
91	104	0.787201
91	107	2.97844
91	111	2.84914
91	115	0.68522
91	125	0.809695
91	140	2.99469
91	149	0.691966
91	152	4.85151
91	155	0.699615
91	170	4.86502
92	5	0.753395
92	10	0.624044
92	24	0.728034
92	53	0.706306
92	54	1.12226
92	55	0.706412
92	58	0.706299
92	59	0.766874
92	63	0.696509
92	65	0.698254
92	67	0.703085
92	71	0.700618
92	77	0.736518
92	78	0.73713
92	79	0.678581
92	113	2.9892
92	116	2.93308
92	121	4.11578
92	125	0.749899
92	126	0.73607
92	133	0.670184
92	140	4.78834
93	8	0.671448
93	25	4.34692
93	107	0.692504
93	130	2.60294
93	140	0.680788
93	141	0.652546
93	144	0.711314
93	145	0.673451
93	151	0.65973
93	154	0.620615
93	156	0.676853
93	157	0.649296
93	161	0.619285
93	164	0.638957
93	168	0.615391
93	171	0.647861
93	173	0.658251
93	175	0.63999
93	176	0.630801
93	178	0.633398
93	179	0.623591
93	180	0.636495
94	29	0.714721
94	30	0.721048
94	46	0.78552
94	56	0.814093
94	57	0.759457
94	62	0.75672
94	64	0.759827
94	66	0.759827
94	69	0.756494
94	72	0.817544
94	75	0.753397
94	82	0.851886
94	84	0.778348
94	87	0.803722
94	88	0.78053
94	89	0.780372
94	122	2.65147
94	124	0.808407
94	144	1.97869
94	166	5.07824
94	173	4.37758
94	177	5.65099
95	4	1.0171
95	32	0.745164
95	38	0.72516
95	46	0.718223
95	51	0.709189
95	60	0.77999
95	80	0.691618
95	83	0.768284
95	86	0.712239
95	91	0.746134
95	96	0.732886
95	98	0.710919
95	102	0.732942
95	103	0.731082
95	104	0.723808
95	115	0.621827
95	125	0.746302
95	142	3.02028
95	149	0.628573
95	155	0.636222
95	165	3.24091
95	172	6.46818
95	180	5.06403
96	4	0.963049
96	32	0.795309
96	34	0.784995
96	38	0.775305
96	39	0.601209
96	51	0.759334
96	60	0.830135
96	80	0.741764
96	83	0.81843
96	86	0.762384
96	95	0.732886
96	98	0.761064
96	102	0.783087
96	103	0.781227
96	104	0.773953
96	115	0.671973
96	121	1.53619
96	125	0.796448
96	149	0.678718
96	155	0.686367
96	156	2.07671
96	167	5.57392
96	174	6.21505
97	1	0.699247
97	45	2.36858
97	48	0.720052
97	53	0.716688
97	63	0.706891
97	65	0.708636
97	66	2.82008
97	77	0.7469
97	78	0.747512
97	102	2.33952
97	112	0.649332
97	124	0.755089
97	126	0.746452
97	136	0.68037
97	161	0.643478
97	171	0.672054
97	172	0.657068
97	173	0.682444
97	174	0.659915
97	177	0.67128
97	178	0.657591
97	179	0.647784
97	180	0.660688
98	4	0.502636
98	32	0.773342
98	34	0.763028
98	38	0.753339
98	42	0.338324
98	51	0.737367
98	60	0.808168
98	80	0.719797
98	83	0.796463
98	86	0.740417
98	91	0.774312
98	95	0.710919
98	96	0.761064
98	102	0.76112
98	103	0.75926
98	104	0.751986
98	115	0.650006
98	125	0.774481
98	144	3.08242
98	149	0.656752
98	155	0.664401
98	169	3.47686
98	178	7.66467
99	2	0.71626
99	6	0.66716
99	10	0.647634
99	22	0.761105
99	24	0.751624
99	27	0.755242
99	34	0.762036
99	35	0.757701
99	36	0.741111
99	40	0.74778
99	44	0.750027
99	49	0.74456
99	70	0.683603
99	71	0.724208
99	74	0.684139
99	76	0.710149
99	79	0.70217
99	125	0.773489
99	129	1.83503
99	130	1.35157
99	148	3.12363
99	151	4.0932
99	176	5.90301
99	180	4.68188
100	38	1.38832
100	46	2.12868
100	63	2.04368
100	65	2.13191
100	124	0.23087
100	132	0.77401
100	138	0.759856
100	139	0.777571
100	140	0.776426
100	142	0.757073
100	151	0.755368
100	153	0.758967
100	157	0.744934
100	158	0.780188
100	159	0.750149
100	160	0.734944
100	164	0.734595
100	166	0.741585
100	168	0.711029
100	175	0.735628
100	177	0.742726
100	178	0.729036
100	179	0.719229
100	180	0.732133
101	5	1.92809
101	19	0.721161
101	21	3.64553
101	40	2.10714
101	50	0.738762
101	52	0.73519
101	81	0.753146
101	82	1.91923
101	104	0.760485
101	121	0.728972
101	126	0.76915
101	130	0.755483
101	132	0.725263
101	142	0.708326
101	144	0.758205
101	155	0.672899
101	165	0.704588
101	168	0.662281
101	169	0.71341
101	175	0.686881
101	176	0.677692
101	178	0.680289
101	179	0.670482
101	180	0.683386
102	4	0.524659
102	32	0.795365
102	34	0.785051
102	38	0.775361
102	46	0.768424
102	51	0.75939
102	60	0.830191
102	80	0.74182
102	83	0.818486
102	86	0.76244
102	91	0.796335
102	95	0.732942
102	96	0.783087
102	97	2.33952
102	98	0.76112
102	103	0.781283
102	104	0.774009
102	115	0.672029
102	125	0.796504
102	128	3.02799
102	132	2.88493
102	149	0.678774
102	150	4.16634
102	155	0.686424
102	163	4.89751
103	4	0.522799
103	32	0.793505
103	34	0.783191
103	38	0.773502
103	46	0.766564
103	51	0.75753
103	60	0.828331
103	80	0.73996
103	83	0.816626
103	86	0.76058
103	91	0.794475
103	95	0.731082
103	96	0.781227
103	98	0.75926
103	102	0.781283
103	104	0.772149
103	113	2.13379
103	115	0.670169
103	125	0.794644
103	136	2.97788
103	149	0.676915
103	155	0.684564
103	166	4.23101
103	172	6.73012
103	173	3.53035
104	19	0.725551
104	52	0.739581
104	61	0.728504
104	68	2.1985
104	73	0.791844
104	80	0.732685
104	81	0.757536
104	83	0.809351
104	91	0.787201
104	95	0.723808
104	96	0.773953
104	98	0.751986
104	101	0.760485
104	102	0.774009
104	103	0.772149
104	106	3.42239
104	126	0.77354
104	128	3.54243
104	130	0.759873
104	132	0.729653
104	134	2.81907
104	139	4.58913
104	149	0.66964
104	155	0.677289
104	169	0.7178
105	6	3.2921
105	32	2.9339
105	48	4.174
105	128	0.725217
105	132	0.700374
105	145	0.695453
105	146	0.709591
105	148	0.673401
105	157	0.671298
105	158	0.706552
105	159	0.676512
105	160	0.661308
105	162	0.639338
105	163	0.683538
105	164	0.660959
105	170	0.675674
105	171	0.669863
105	172	0.654877
105	173	0.680253
105	174	0.657724
105	175	0.661992
105	176	0.652803
105	177	0.669089
105	178	0.6554
105	179	0.645593
105	180	0.658497
106	11	3.14875
106	15	3.82885
106	104	3.42239
106	112	0.652688
106	116	0.755727
106	117	0.647697
106	135	0.672275
106	145	0.700999
106	148	0.678948
106	150	0.696893
106	152	0.67772
106	154	0.648164
106	159	0.682059
106	161	0.646833
106	163	0.689085
106	165	0.685246
106	166	0.673495
106	167	0.675885
106	168	0.642939
106	170	0.68122
106	175	0.667538
106	176	0.658349
106	177	0.674636
106	178	0.660946
106	179	0.651139
106	180	0.664043
107	1	3.11657
107	24	3.90499
107	90	0.696305
107	91	2.97844
107	93	0.692504
107	113	0.770018
107	143	0.676339
107	146	0.71778
107	152	0.680362
107	154	0.650806
107	155	0.656199
107	161	0.649476
107	162	0.647527
107	164	0.669148
107	165	0.687888
107	166	0.676138
107	168	0.645582
107	170	0.683863
107	171	0.678052
107	172	0.663066
107	175	0.670181
107	176	0.660992
107	177	0.677278
107	179	0.653782
107	180	0.666686
108	13	3.26489
108	58	3.58123
108	72	2.34318
108	77	1.61069
108	115	0.662728
108	141	0.703661
108	142	0.712549
108	144	0.762428
108	146	0.738704
108	150	0.720459
108	152	0.701286
108	154	0.67173
108	159	0.705625
108	162	0.668451
108	164	0.690072
108	165	0.708812
108	168	0.666505
108	170	0.704786
108	171	0.698976
108	172	0.68399
108	173	0.709366
108	174	0.686836
108	175	0.691105
108	176	0.681916
108	178	0.684513
108	179	0.674706
108	180	0.68761
109	35	2.59747
109	58	2.33001
109	61	2.03273
109	65	1.9327
109	117	0.710444
109	120	0.815532
109	127	0.7644
109	130	1.10703
109	146	0.777885
109	150	0.75964
109	154	0.710911
109	158	0.774845
109	165	0.747993
109	166	0.736242
109	167	0.738632
109	168	0.705686
109	170	0.743967
109	172	0.723171
109	173	0.748547
109	174	0.726017
109	175	0.730286
109	176	0.721097
109	177	0.737383
109	178	0.723693
109	179	0.713887
109	180	0.726791
110	14	1.36748
110	18	2.91711
110	48	2.50107
110	62	2.08035
110	84	2.33399
110	85	0.720474
110	135	0.726845
110	150	0.751464
110	153	0.745447
110	154	0.702734
110	158	0.766669
110	160	0.721425
110	161	0.701404
110	163	0.743655
110	165	0.739816
110	166	0.728065
110	167	0.730455
110	168	0.697509
110	170	0.735791
110	171	0.72998
110	172	0.714994
110	173	0.74037
110	175	0.722109
110	176	0.71292
110	177	0.729206
110	178	0.715517
110	179	0.70571
110	180	0.718614
111	32	1.79202
111	49	2.24058
111	60	1.70685
111	62	2.6114
111	91	2.84914
111	119	0.687222
111	129	0.786528
111	148	0.733144
111	151	0.741474
111	156	0.758597
111	159	0.736255
111	160	0.72105
111	161	0.701029
111	162	0.699081
111	163	0.743281
111	164	0.720702
111	166	0.727691
111	168	0.697135
111	170	0.735416
111	171	0.729606
111	172	0.71462
111	173	0.739996
111	174	0.717466
111	175	0.721734
111	176	0.712545
111	177	0.728832
111	179	0.705336
111	180	0.718239
112	41	11.2
112	97	0.649332
112	106	0.652688
112	115	0.57444
112	119	0.568304
112	120	0.688064
112	139	0.644759
112	143	0.608975
112	145	0.636278
112	147	0.623713
112	150	0.632172
112	151	0.622556
112	153	0.626155
112	158	0.647377
112	161	0.582112
112	164	0.601784
112	167	0.611163
112	168	0.578217
112	169	0.629345
112	170	0.616499
112	171	0.610688
112	172	0.595702
112	174	0.598549
112	176	0.593628
112	177	0.609914
112	178	0.596225
112	179	0.586418
112	180	0.599322
113	17	1.86596
113	31	2.25933
113	34	1.95171
113	92	2.9892
113	103	2.13379
113	107	0.770018
113	141	0.730061
113	144	0.788828
113	148	0.728914
113	153	0.740843
113	155	0.703523
113	156	0.754367
113	159	0.732025
113	161	0.696799
113	162	0.694851
113	164	0.716472
113	165	0.735212
113	166	0.723461
113	167	0.725851
113	168	0.692905
113	172	0.71039
113	173	0.735766
113	175	0.717504
113	176	0.708315
113	177	0.724602
113	178	0.710912
113	179	0.701106
113	180	0.714009
114	60	3.10414
114	81	3.71842
114	83	4.37744
114	118	0.654325
114	127	0.698137
114	135	0.66876
114	140	0.704821
114	149	0.642392
114	153	0.687362
114	154	0.644649
114	156	0.700886
114	160	0.663339
114	161	0.643318
114	164	0.662991
114	166	0.66998
114	167	0.67237
114	168	0.639424
114	169	0.690552
114	170	0.677705
114	171	0.671895
114	172	0.656909
114	173	0.682285
114	175	0.664023
114	176	0.654834
114	177	0.671121
114	178	0.657431
114	179	0.647625
114	180	0.660528
115	9	11.2
115	83	0.707371
115	86	0.651325
115	91	0.68522
115	95	0.621827
115	96	0.671973
115	98	0.650006
115	102	0.672029
115	103	0.670169
115	108	0.662728
115	112	0.57444
115	125	0.685389
115	139	0.631233
115	141	0.601847
115	149	0.56766
115	153	0.612629
115	155	0.575309
115	159	0.603811
115	160	0.588607
115	161	0.568586
115	165	0.606998
115	166	0.595247
115	170	0.602972
115	172	0.582176
115	174	0.585022
115	175	0.589291
115	179	0.572892
115	180	0.585796
116	37	1.47714
116	51	2.14155
116	71	2.1668
116	92	2.93308
116	106	0.755727
116	121	0.747947
116	126	1.48749
116	127	0.73997
116	137	0.755445
116	138	0.730084
116	139	0.747798
116	147	0.726752
116	153	0.729195
116	157	0.715162
116	158	0.750416
116	160	0.705172
116	161	0.685151
116	162	0.683202
116	163	0.727403
116	167	0.714203
116	168	0.681257
116	172	0.698741
116	173	0.724117
116	174	0.701588
116	175	0.705856
116	176	0.696667
116	178	0.699264
116	179	0.689457
116	180	0.702361
117	55	10.8
117	85	0.596191
117	106	0.647697
117	109	0.710444
117	122	0.67454
117	129	0.662619
117	136	0.614013
117	137	0.647415
117	143	0.603984
117	151	0.617565
117	152	0.608007
117	153	0.621164
117	157	0.607131
117	158	0.642386
117	163	0.619372
117	164	0.596793
117	166	0.603782
117	167	0.606172
117	168	0.573226
117	171	0.605697
117	173	0.616087
117	174	0.593557
117	175	0.597826
117	177	0.604923
117	178	0.591234
117	179	0.581427
117	180	0.594331
118	56	10.8
118	114	0.654325
118	123	0.713043
118	136	0.624157
118	138	0.632197
118	140	0.648767
118	143	0.614127
118	148	0.619379
118	149	0.586339
118	151	0.627709
118	154	0.588595
118	155	0.593988
118	157	0.617275
118	165	0.625677
118	166	0.613926
118	167	0.616316
118	168	0.58337
118	169	0.634498
118	170	0.621651
118	171	0.615841
118	172	0.600855
118	175	0.60797
118	176	0.59878
118	177	0.615067
118	178	0.601377
118	179	0.591571
118	180	0.604475
119	17	0.700585
119	19	0.617435
119	23	0.666969
119	50	0.635036
119	52	0.631465
119	81	0.64942
119	89	11.6
119	111	0.687222
119	112	0.568304
119	121	0.625246
119	123	0.688229
119	126	0.665424
119	130	0.651757
119	132	0.621537
119	137	0.632744
119	138	0.607383
119	140	0.623953
119	154	0.56378
119	156	0.620018
119	163	0.604702
119	168	0.558556
119	169	0.609684
119	171	0.591026
119	175	0.583155
119	176	0.573966
119	177	0.590252
119	178	0.576563
119	179	0.566756
119	180	0.57966
120	41	2.8477
120	44	2.63182
120	50	1.76027
120	61	2.64292
120	85	0.701279
120	109	0.815532
120	112	0.688064
120	130	0.267157
120	131	0.731214
120	143	0.709072
120	146	0.750513
120	152	0.713096
120	153	0.726253
120	158	0.747474
120	159	0.717435
120	160	0.70223
120	161	0.682209
120	166	0.708871
120	167	0.711261
120	168	0.678315
120	169	0.729443
120	170	0.716596
120	171	0.710786
120	172	0.6958
120	173	0.721175
120	175	0.702914
120	177	0.710012
120	178	0.696322
120	179	0.686516
120	180	0.699419
121	17	0.777189
121	18	0.759849
121	23	0.743572
121	52	0.708068
121	61	0.696991
121	81	0.726023
121	88	2.76534
121	92	4.11578
121	96	1.53619
121	101	0.728972
121	116	0.747947
121	119	0.625246
121	124	1.90616
121	126	0.742027
121	130	0.72836
121	132	0.69814
121	143	0.665916
121	151	0.679498
121	159	0.674279
121	161	0.639053
121	162	0.637105
121	167	0.668105
121	169	0.686287
121	173	0.67802
121	174	0.65549
121	176	0.650569
121	177	0.666856
121	178	0.653166
121	179	0.64336
121	180	0.656264
122	11	2.49302
122	72	2.25889
122	86	2.22729
122	89	3.16932
122	94	2.65147
122	117	0.67454
122	128	0.757608
122	135	0.699118
122	140	0.73518
122	142	0.715827
122	143	0.70054
122	147	0.715278
122	150	0.723737
122	155	0.6804
122	156	0.731244
122	157	0.703688
122	158	0.738942
122	159	0.708902
122	162	0.671728
122	164	0.693349
122	165	0.712089
122	166	0.700339
122	167	0.702729
122	168	0.669782
122	170	0.708064
122	173	0.712643
122	174	0.690114
122	175	0.694382
122	177	0.701479
122	178	0.68779
122	179	0.677983
122	180	0.690887
123	54	2.0954
123	67	1.86232
123	78	1.85214
123	83	1.36574
123	118	0.713043
123	119	0.688229
123	124	0.894943
123	126	1.65897
123	128	0.785967
123	131	0.751041
123	134	0.795252
123	135	0.727478
123	142	0.744186
123	148	0.734151
123	152	0.732923
123	154	0.703367
123	156	0.759604
123	159	0.737262
123	160	0.722057
123	163	0.744288
123	164	0.721709
123	165	0.740449
123	166	0.728698
123	170	0.736423
123	171	0.730613
123	173	0.741003
123	174	0.718473
123	175	0.722741
123	176	0.713552
123	178	0.716149
123	179	0.706343
123	180	0.719247
124	1	0.743637
124	7	0.745443
124	9	0.829069
124	29	0.705793
124	30	0.71212
124	48	0.764443
124	53	0.761079
124	55	0.761184
124	56	0.805165
124	57	0.750529
124	62	0.747792
124	67	0.757857
124	69	0.747566
124	75	0.744469
124	77	0.791291
124	78	0.791902
124	82	0.842958
124	84	0.76942
124	87	0.794794
124	88	0.771603
124	89	0.771444
124	94	0.808407
124	97	0.755089
124	100	0.23087
124	121	1.90616
124	123	0.894943
124	126	0.790842
124	127	3.09329
124	133	0.724956
124	148	4.71929
124	165	4.45441
124	171	4.74543
125	10	0.684009
125	20	0.611044
125	24	0.787999
125	32	0.808726
125	34	0.798411
125	35	0.794076
125	49	0.780935
125	58	0.766264
125	59	0.826838
125	71	0.760583
125	76	0.746524
125	79	0.738546
125	80	0.75518
125	83	0.831846
125	86	0.7758
125	91	0.809695
125	92	0.749899
125	95	0.746302
125	96	0.796448
125	98	0.774481
125	99	0.773489
125	102	0.796504
125	103	0.794644
125	115	0.685389
125	137	1.48503
125	146	3.01739
125	149	0.692135
125	151	4.80925
125	155	0.699784
125	160	5.41665
125	167	5.06429
125	170	3.56945
125	180	5.39794
126	1	0.735
126	18	0.800026
126	23	0.78375
126	48	0.755806
126	50	0.751818
126	52	0.748246
126	53	0.752442
126	55	0.752547
126	61	0.737169
126	63	0.742644
126	65	0.74439
126	67	0.74922
126	68	1.39445
126	73	0.800509
126	77	0.782654
126	78	0.783265
126	81	0.766201
126	92	0.73607
126	97	0.746452
126	101	0.76915
126	104	0.77354
126	116	1.48749
126	119	0.665424
126	121	0.742027
126	123	1.65897
126	124	0.790842
126	130	0.768538
126	132	0.738318
126	133	0.716319
126	134	2.01502
126	145	3.77173
126	159	3.99279
126	166	5.94661
126	169	0.726465
127	39	0.720189
127	52	4.16058
127	80	2.53189
127	82	3.81425
127	109	0.7644
127	114	0.698137
127	116	0.73997
127	124	3.09329
127	136	0.667969
127	137	0.70137
127	138	0.676009
127	143	0.657939
127	144	0.723105
127	145	0.685243
127	147	0.672677
127	150	0.681136
127	152	0.661963
127	157	0.661087
127	162	0.629128
127	163	0.673328
127	164	0.650749
127	165	0.669489
127	167	0.660128
127	169	0.67831
127	170	0.665463
127	171	0.659653
127	172	0.644667
127	173	0.670043
127	175	0.651781
127	176	0.642592
127	177	0.658879
127	178	0.645189
127	179	0.635383
127	180	0.648286
128	30	3.22116
128	36	2.02228
128	81	1.78614
128	102	3.02799
128	104	3.54243
128	105	0.725217
128	122	0.757608
128	123	0.785967
128	129	0.745686
128	131	0.709193
128	135	0.685629
128	138	0.705121
128	143	0.687051
128	144	0.752217
128	145	0.714354
128	146	0.728492
128	150	0.710248
128	157	0.690199
128	160	0.680209
128	161	0.660188
128	162	0.658239
128	165	0.6986
128	166	0.68685
128	168	0.656293
128	170	0.694575
128	172	0.673778
128	173	0.699154
128	174	0.676625
128	175	0.680893
128	176	0.671704
128	177	0.68799
128	178	0.674301
128	179	0.664494
128	180	0.677398
129	10	4.14607
129	12	2.79729
129	46	2.8955
129	64	2.3261
129	99	1.83503
129	111	0.786528
129	117	0.662619
129	128	0.745686
129	131	0.71076
129	135	0.687197
129	136	0.698648
129	138	0.706688
129	145	0.715922
129	147	0.703357
129	148	0.69387
129	150	0.711816
129	153	0.705799
129	154	0.663086
129	156	0.719323
129	159	0.696981
129	160	0.681777
129	161	0.661756
129	164	0.681428
129	166	0.688417
129	168	0.657861
129	171	0.690332
129	172	0.675346
129	173	0.700722
129	174	0.678192
129	175	0.682461
129	176	0.673272
129	177	0.689558
129	178	0.675869
129	179	0.666062
129	180	0.678966
130	2	0.725139
130	12	0.781661
130	14	0.779205
130	18	0.78636
130	19	0.72055
130	22	0.769984
130	23	0.770083
130	27	0.764121
130	31	0.764078
130	36	0.74999
130	40	0.756659
130	44	0.758906
130	47	0.741007
130	50	0.738151
130	52	0.734579
130	61	0.723502
130	64	0.728595
130	70	0.692482
130	73	0.786842
130	74	0.693018
130	81	0.752534
130	93	2.60294
130	99	1.35157
130	101	0.755483
130	104	0.759873
130	109	1.10703
130	119	0.651757
130	120	0.267157
130	121	0.72836
130	126	0.768538
130	132	0.724651
130	157	4.56621
130	158	2.14204
130	165	4.07972
130	166	4.80788
130	169	0.712798
130	178	6.29059
131	8	0.677424
131	20	2.725
131	21	4.85481
131	40	3.31642
131	79	3.50377
131	120	0.731214
131	123	0.751041
131	128	0.709193
131	129	0.71076
131	133	0.66235
131	134	0.718478
131	140	0.686765
131	145	0.679428
131	147	0.666863
131	150	0.675322
131	151	0.665707
131	152	0.656148
131	154	0.626592
131	156	0.68283
131	158	0.690527
131	159	0.660488
131	160	0.645283
131	163	0.667514
131	164	0.644934
131	165	0.663674
131	167	0.654314
131	170	0.659649
131	172	0.638852
131	173	0.664228
131	174	0.641699
131	175	0.645967
131	176	0.636778
131	177	0.653064
131	178	0.639375
131	179	0.629568
131	180	0.642472
132	18	0.75614
132	19	0.69033
132	23	0.739863
132	35	4.39712
132	47	1.97168
132	50	0.707931
132	61	0.693282
132	70	2.59401
132	73	0.756622
132	81	0.722314
132	82	2.55226
132	100	0.77401
132	101	0.725263
132	102	2.88493
132	104	0.729653
132	105	0.700374
132	119	0.621537
132	121	0.69814
132	126	0.738318
132	130	0.724651
132	137	0.705638
132	147	0.676946
132	148	0.667459
132	153	0.679388
132	157	0.665355
132	160	0.655365
132	163	0.677596
132	167	0.664396
132	169	0.682578
132	170	0.669731
132	171	0.663921
132	173	0.674311
132	174	0.651781
