1	22	1.34838
1	28	1.2931
1	33	1.30619
1	37	1.28199
1	64	1.44563
1	89	1.46957
1	100	1.49331
1	119	0.385612
1	139	0.852719
1	167	0.419902
1	175	0.4858
1	179	0.487378
2	85	1.38845
2	87	1.45852
2	94	1.29744
2	108	1.37565
2	117	1.39611
2	125	0.546528
2	130	1.30974
2	137	0.536954
2	154	0.518843
2	160	1.39121
2	165	0.514691
2	166	0.514017
3	6	1.2494
3	34	1.29913
3	63	0.33786
3	106	1.39954
3	111	1.39922
3	124	1.45597
3	125	1.36026
3	144	0.855338
3	149	1.45575
3	167	0.412597
3	178	0.510915
3	180	0.51658
4	25	1.49702
4	119	0.521195
4	122	1.33097
4	123	1.38144
4	126	1.34725
4	128	1.39237
4	140	0.564846
4	151	0.523117
4	159	1.36884
4	163	0.4899
4	170	0.533757
4	172	1.2805
5	35	1.14143
5	54	0.763056
5	142	0.749867
5	149	0.749283
5	152	1.18023
5	166	1.13324
5	174	1.06767
5	175	1.03405
5	177	1.00152
5	178	0.999326
5	179	1.02962
5	180	0.998139
6	3	1.2494
6	59	1.13252
6	62	1.2249
6	106	1.16033
6	111	1.16001
6	124	1.21675
6	133	0.617374
6	137	0.678225
6	138	0.589143
6	145	1.24444
6	149	1.21654
6	157	0.695543
7	60	1.53686
7	115	1.36222
7	116	1.26683
7	123	1.37996
7	125	0.493191
7	126	1.34576
7	128	1.39088
7	164	0.504042
7	168	1.32991
7	174	0.509333
7	175	0.54327
7	180	0.581356
8	15	1.25305
8	52	1.47658
8	56	1.33442
8	69	1.40824
8	76	1.32269
8	88	1.46803
8	90	0.458955
8	118	1.34782
8	139	0.325802
8	148	0.852329
8	174	0.462762
8	178	0.529119
9	34	1.26799
9	59	1.3406
9	62	1.43298
9	69	1.39521
9	74	0.235281
9	106	1.3684
9	109	0.345239
9	111	1.36809
9	139	0.787183
9	145	1.45252
9	163	0.826597
9	180	0.439921
10	39	1.09582
10	54	1.19326
10	68	1.10652
10	73	1.19046
10	75	1.26639
10	78	1.26796
10	141	0.654183
10	159	0.597204
10	166	0.624148
10	169	1.24191
10	171	1.26619
10	179	0.708317
11	98	0.477605
11	108	0.439094
11	112	0.438369
11	115	0.41252
11	161	1.48761
11	169	0.399721
11	173	1.34446
11	174	1.40066
11	176	1.33027
11	177	1.33451
11	179	1.36261
11	180	1.33113
12	38	1.43275
12	43	1.3968
12	70	1.38341
12	71	1.36559
12	91	1.35421
12	95	0.415737
12	102	1.32327
12	107	1.3801
12	134	0.59924
12	164	0.512913
12	175	0.552141
12	179	0.553719
13	21	1.31589
13	82	1.36042
13	99	1.4488
13	119	0.48714
13	127	1.3293
13	131	1.37429
13	132	1.3746
13	136	0.501511
13	142	1.41697
13	165	0.505412
13	167	0.52143
13	178	0.619748
14	22	1.30903
14	37	1.24263
14	80	1.43246
14	89	1.43022
14	96	1.34419
14	100	1.45395
14	133	0.515127
14	142	1.40992
14	151	0.537365
14	152	0.528944
14	153	0.528527
14	158	0.512719
15	8	1.25305
15	17	1.16377
15	18	1.16206
15	49	1.3031
15	56	1.13506
15	65	1.23469
15	76	1.12332
15	88	1.26866
15	129	0.689175
15	140	0.676598
15	144	0.597458
15	159	0.623601
16	71	1.47508
16	72	1.63094
16	79	1.43426
16	91	1.4637
16	102	1.43276
16	107	1.48959
16	121	0.401999
16	125	0.471998
16	146	0.478874
16	166	0.439487
16	168	1.48356
16	175	0.522077
16	180	0.560162
17	15	1.16377
17	18	1.27214
17	49	1.41319
17	52	1.3873
17	56	1.24514
17	63	0.517026
17	65	1.34477
17	76	1.23341
17	88	1.37875
17	139	0.486764
17	146	0.614458
17	157	0.615326
17	167	0.591763
18	15	1.16206
18	17	1.27214
18	49	1.41148
18	52	1.38559
18	56	1.24343
18	65	1.34306
18	76	1.2317
18	88	1.37704
18	103	0.532399
18	121	0.580558
18	138	0.551901
18	145	0.567038
18	153	0.593532
19	26	0.423413
19	68	1.48323
19	73	1.56717
19	75	1.6431
19	78	1.64467
19	119	0.446784
19	136	0.461155
19	146	0.503769
19	148	0.396668
19	161	0.440574
19	169	1.61863
19	171	1.6429
20	94	1.40223
20	97	1.45708
20	104	1.52379
20	108	1.48044
20	117	1.5009
20	120	1.50359
20	152	0.436257
20	163	0.41146
20	170	0.455318
20	171	1.54852
20	172	0.508013
20	174	0.509007
20	177	0.556706
21	13	1.31589
21	36	1.35658
21	57	1.21786
21	99	1.36636
21	114	1.33535
21	118	0.54169
21	127	1.24686
21	131	1.29185
21	132	1.29216
21	136	0.537946
21	154	0.545999
21	166	0.541174
21	180	0.661849
22	1	1.34838
22	14	1.30903
22	33	1.19163
22	37	1.16743
22	64	1.33107
22	80	1.35726
22	89	1.35501
22	100	1.37875
22	134	0.658133
22	141	0.558479
22	158	0.488123
22	159	0.5015
22	177	0.624796
23	101	1.48084
23	105	1.44108
23	115	1.51842
23	116	1.42304
23	123	1.53616
23	124	0.409118
23	128	1.54709
23	155	0.422651
23	164	0.474799
23	168	1.48612
23	175	0.514027
23	176	0.541228
23	179	0.515605
24	26	0.499453
24	70	1.28976
24	71	1.27195
24	72	1.42781
24	74	0.456458
24	91	1.26057
24	102	1.22963
24	107	1.28645
24	124	1.35062
24	168	1.28043
24	174	0.589075
24	175	0.623012
24	180	0.661098
25	4	1.49702
25	60	1.6555
25	115	1.48086
25	116	1.38547
25	122	1.44812
25	123	1.4986
25	126	1.4644
25	133	0.445864
25	141	0.513813
25	156	0.533086
25	161	0.45997
25	163	0.434885
25	165	0.484451
26	19	0.423413
26	24	0.499453
26	73	0.547213
26	91	0.525525
26	132	0.470641
26	137	1.36398
26	173	1.28855
26	174	1.34475
26	176	1.27436
26	177	1.2786
26	178	1.27641
26	179	1.30671
26	180	1.27522
27	30	1.37431
27	82	1.28273
27	98	1.25774
27	114	1.3401
27	127	1.25161
27	131	1.2966
27	132	1.29691
27	151	0.548693
27	162	0.554549
27	163	0.515476
27	166	0.564369
27	169	1.31222
27	175	0.646959
28	1	1.2931
28	33	1.13635
28	37	1.11215
28	64	1.27579
28	80	1.30198
28	89	1.29973
28	96	1.21371
28	100	1.32347
28	137	0.618653
28	140	0.621769
28	142	1.27944
28	150	0.550789
28	165	0.59639
28	172	0.643375
29	45	1.24869
29	47	0.534536
29	50	1.32475
29	53	1.1596
29	58	1.33038
29	84	1.21794
29	109	1.18739
29	149	1.28255
29	152	0.609351
29	154	0.638273
29	155	0.624662
29	159	1.25002
29	160	1.23361
29	161	0.609639
30	27	1.37431
30	48	0.468633
30	57	1.35398
30	63	0.447453
30	82	1.41409
30	118	0.506015
30	127	1.38297
30	131	1.42796
30	132	1.42827
30	141	0.535534
30	144	1.4171
30	151	0.489822
30	160	1.41534
30	180	0.626174
31	53	1.30186
31	58	1.47265
31	66	1.58018
31	77	1.39041
31	84	1.3602
31	135	1.3488
31	138	0.449821
31	144	0.462879
31	159	1.39228
31	160	1.37587
31	162	0.506145
31	165	0.516639
31	168	0.507934
31	180	0.636641
32	51	1.38181
32	83	1.43188
32	86	1.42184
32	92	1.38045
32	93	1.38807
32	110	0.508325
32	112	1.42932
32	147	1.43481
32	155	0.504581
32	158	0.473045
32	159	0.486422
32	162	0.503546
32	172	1.35682
32	173	0.599485
33	1	1.30619
33	22	1.19163
33	28	1.13635
33	64	1.28887
33	80	1.31506
33	90	0.622737
33	100	1.33656
33	125	1.19067
33	130	1.15575
33	139	0.489584
33	142	1.29252
33	161	0.554083
33	179	0.662059
33	180	0.698567
34	3	1.29913
34	9	1.26799
34	59	1.18225
34	62	1.27463
34	96	1.2069
34	106	1.21006
34	110	0.533662
34	111	1.20974
34	145	1.29417
34	149	1.26627
34	167	0.555396
34	176	0.648496
34	177	0.635057
34	180	0.65938
35	5	1.14143
35	38	0.508268
35	59	1.29221
35	80	0.489925
35	92	0.517365
35	94	1.23351
35	102	0.526958
35	106	1.32001
35	107	0.536684
35	111	1.3197
35	120	1.33487
35	178	1.18745
35	179	1.21775
35	180	1.18626
36	21	1.35658
36	41	1.38136
36	98	1.37612
36	114	1.45848
36	127	1.36999
36	131	1.41498
36	132	1.41529
36	137	0.523115
36	151	0.484503
36	153	0.475665
36	169	1.4306
36	170	0.495143
36	172	0.547838
36	174	0.548832
37	1	1.28199
37	14	1.24263
37	22	1.16743
37	28	1.11215
37	64	1.26467
37	80	1.29087
37	89	1.28862
37	100	1.31236
37	121	0.565714
37	142	1.26833
37	158	0.562881
37	167	0.619895
37	168	0.595171
37	175	0.685792
38	12	1.43275
38	35	0.508268
38	43	1.36433
38	70	1.35094
38	71	1.33312
38	79	1.2923
38	91	1.32174
38	102	1.2908
38	107	1.34763
38	129	1.29265
38	141	0.557203
38	150	0.482241
38	157	0.567423
38	159	0.500224
38	179	0.611336
39	10	1.09582
39	54	1.18674
39	68	1.1
39	73	1.18393
39	75	1.25987
39	78	1.26144
39	121	0.631533
39	144	1.20891
39	145	0.618013
39	147	1.21321
39	148	0.601306
39	163	0.620127
39	169	1.23539
39	171	1.25967
39	173	0.755139
40	85	1.30923
40	87	1.3793
40	104	1.33978
40	108	1.29643
40	113	1.37064
40	117	1.31689
40	118	0.57896
40	133	0.54053
40	144	0.525357
40	147	1.31805
40	150	0.533517
40	153	0.55393
40	158	0.538122
40	160	1.31199
40	171	1.36451
41	36	1.38136
41	48	0.504613
41	98	1.27777
41	99	1.39114
41	114	1.36012
41	127	1.27163
41	131	1.31663
41	132	1.31694
41	139	0.453171
41	142	1.35931
41	152	0.517381
41	157	0.581733
41	160	1.30401
41	164	0.58484
41	173	0.627597
42	61	0.55853
42	62	0.562245
42	69	0.539616
42	118	1.23329
42	127	0.581018
42	153	1.32366
42	162	1.29615
42	170	1.27074
42	171	0.524414
42	175	1.16907
42	176	1.1323
42	177	1.13654
42	178	1.13435
42	179	1.16464
42	180	1.13316
43	12	1.3968
43	38	1.36433
43	70	1.31499
43	72	1.45303
43	79	1.25635
43	91	1.2858
43	102	1.25485
43	107	1.31168
43	124	1.37585
43	151	0.533853
43	152	0.525433
43	159	0.522585
43	166	0.549529
43	170	0.544494
43	174	0.598182
44	57	1.27958
44	98	1.3147
44	114	1.39706
44	127	1.30857
44	129	1.27095
44	131	1.35356
44	132	1.35387
44	157	0.517502
44	160	1.34094
44	169	1.36918
44	170	0.472211
44	172	0.524906
44	177	0.573599
44	178	0.592257
44	180	0.597922
45	29	1.24869
45	50	1.43122
45	53	1.26607
45	77	1.35462
45	84	1.32442
45	109	1.29387
45	138	0.44663
45	149	1.38903
45	156	0.562083
45	158	0.472454
45	159	1.35649
45	160	1.34009
45	174	0.561428
45	177	0.609128
45	178	0.627786
46	51	1.31657
46	81	1.37777
46	83	1.36663
46	86	1.35659
46	92	1.3152
46	93	1.32282
46	112	1.36407
46	135	1.33643
46	153	0.500652
46	159	0.498221
46	166	0.525165
46	167	0.541858
46	172	1.29158
46	174	0.573818
46	176	0.634957
47	29	0.534536
47	52	0.379215
47	59	0.498928
47	85	0.435226
47	93	0.481464
47	101	0.453469
47	162	1.44622
47	170	1.42082
47	174	1.35277
47	175	1.31915
47	176	1.28238
47	177	1.28662
47	178	1.28442
47	179	1.31472
47	180	1.28324
48	30	0.468633
48	41	0.504613
48	78	0.466494
48	135	0.471787
48	142	0.446434
48	148	1.45558
48	169	0.456911
48	170	1.41929
48	173	1.29504
48	174	1.35124
48	175	1.31762
48	177	1.28509
48	178	1.28289
48	179	1.31319
48	180	1.28171
49	15	1.3031
49	17	1.41319
49	18	1.41148
49	52	1.52663
49	56	1.38448
49	65	1.48411
49	76	1.37274
49	88	1.51808
49	118	1.39788
49	143	0.468897
49	146	0.484625
49	151	0.429562
49	156	0.494545
49	176	0.555029
49	178	0.560248
49	179	0.529406
50	29	1.32475
50	45	1.43122
50	58	1.51292
50	77	1.43068
50	84	1.40048
50	110	0.454889
50	135	1.38907
50	149	1.46509
50	155	0.451145
50	157	0.500185
50	158	0.419609
50	159	1.43255
50	160	1.41614
50	176	0.569722
50	179	0.544098
50	180	0.580606
51	32	1.38181
51	46	1.31657
51	61	1.33409
51	81	1.29233
51	83	1.28119
51	92	1.22976
51	93	1.23738
51	103	0.512666
51	112	1.27863
51	133	0.560399
51	136	0.595086
51	147	1.28412
51	148	0.530599
51	155	0.589528
51	172	1.20613
51	179	0.682481
52	8	1.47658
52	17	1.3873
52	18	1.38559
52	47	0.379215
52	49	1.52663
52	56	1.35859
52	65	1.45822
52	76	1.34686
52	88	1.4922
52	90	0.522973
52	109	1.36666
52	143	0.501786
52	151	0.46245
52	153	0.453613
52	173	0.564245
52	176	0.587918
53	29	1.1596
53	31	1.30186
53	45	1.26607
53	58	1.34777
53	66	1.4553
53	84	1.23533
53	109	1.20478
53	119	0.538419
53	137	0.578953
53	149	1.29994
53	155	0.547231
53	159	1.2674
53	160	1.251
53	163	0.507123
53	176	0.665808
53	179	0.640184
54	5	0.763056
54	10	1.19326
54	39	1.18674
54	68	1.19745
54	73	1.28138
54	75	1.35732
54	109	0.522482
54	118	1.26371
54	130	0.574961
54	144	1.30636
54	146	0.535876
54	147	1.31066
54	158	0.456167
54	169	1.33284
54	171	1.35712
54	179	0.580657
55	101	1.25919
55	103	0.481489
55	115	1.29677
55	116	1.20138
55	122	1.26404
55	123	1.31451
55	126	1.28032
55	128	1.32544
55	130	0.645609
55	136	0.563909
55	144	0.51405
55	169	1.31375
55	171	1.33802
55	172	1.21357
55	173	0.653255
55	174	0.615789
56	8	1.33442
56	15	1.13506
56	17	1.24514
56	18	1.24343
56	49	1.38448
56	52	1.35859
56	65	1.31606
56	76	1.2047
56	88	1.35004
56	109	1.2245
56	143	0.585615
56	153	0.537442
56	156	0.611263
56	163	0.513062
56	167	0.578648
56	173	0.648074
57	21	1.21786
57	30	1.35398
57	44	1.27958
57	82	1.26239
57	98	1.23741
57	99	1.35078
57	114	1.31976
57	127	1.23127
57	131	1.27626
57	132	1.27658
57	138	0.491917
57	141	0.588098
57	154	0.562888
57	167	0.574755
57	172	0.605722
57	177	0.654415
58	29	1.33038
58	31	1.47265
58	50	1.51292
58	53	1.34777
58	69	1.44132
58	77	1.43632
58	135	1.39471
58	138	0.421098
58	143	0.510903
58	154	0.492069
58	159	1.43819
58	160	1.42178
58	161	0.463435
58	164	0.530605
58	172	0.534902
58	179	0.571411
59	6	1.13252
59	9	1.3406
59	34	1.18225
59	35	1.29221
59	47	0.498928
59	62	1.34724
59	95	0.544024
59	106	1.28266
59	111	1.28234
59	125	1.24338
59	145	1.36677
59	149	1.33887
59	152	0.573742
59	161	0.574031
59	170	0.592803
59	174	0.646492
60	7	1.53686
60	25	1.6555
60	95	0.409493
60	101	1.4846
60	105	1.44483
60	116	1.42679
60	122	1.48945
60	126	1.50573
60	128	1.55084
60	130	0.54178
60	133	0.425394
60	140	0.489361
60	144	0.410221
60	152	0.439211
60	164	0.50667
60	169	1.53916
60	175	0.545898
61	42	0.55853
61	51	1.33409
61	81	1.39529
61	83	1.38415
61	86	1.37411
61	92	1.33272
61	93	1.34034
61	112	1.38159
61	119	0.482075
61	124	0.477353
61	125	0.532183
61	135	1.35395
61	149	1.42997
61	156	0.54898
61	170	0.494637
61	172	1.3091
61	173	0.585791
62	6	1.2249
62	9	1.43298
62	34	1.27463
62	42	0.562245
62	59	1.34724
62	96	1.37188
62	106	1.37504
62	111	1.37472
62	119	0.48579
62	124	1.43147
62	125	1.33576
62	144	0.450301
62	149	1.43125
62	161	0.479579
62	172	0.551046
62	174	0.55204
62	177	0.59974
63	3	0.33786
63	17	0.517026
63	30	0.447453
63	79	0.505873
63	85	0.476092
63	92	0.47822
63	155	1.46361
63	160	0.450098
63	165	1.44415
63	167	1.4143
63	173	1.32465
63	175	1.34723
63	176	1.31046
63	177	1.3147
63	178	1.3125
63	179	1.3428
63	180	1.31132
64	1	1.44563
64	22	1.33107
64	28	1.27579
64	33	1.28887
64	37	1.26467
64	80	1.4545
64	89	1.45226
64	100	1.476
64	118	0.526467
64	125	1.33011
64	130	1.29519
64	152	0.501855
64	158	0.48563
64	163	0.477058
64	168	0.51792
64	172	0.57361
64	176	0.635743
65	15	1.23469
65	17	1.34477
65	18	1.34306
65	49	1.48411
65	52	1.45822
65	56	1.31606
65	76	1.30433
65	88	1.44967
65	109	1.32413
65	118	1.32946
65	134	0.637472
65	138	0.441638
65	158	0.467462
65	168	0.499751
65	170	0.502747
65	172	0.555442
65	178	0.622793
66	31	1.58018
66	53	1.4553
66	77	1.54385
66	84	1.51365
66	102	1.45748
66	106	1.52205
66	107	1.5143
66	111	1.52173
66	130	0.473713
66	134	0.524929
66	139	0.660113
66	143	0.4189
66	155	0.386455
66	162	0.38542
66	168	1.50828
66	172	0.4429
66	179	0.479409
67	85	1.35918
67	87	1.42926
67	94	1.26817
67	97	1.32303
67	103	0.452396
67	104	1.38973
67	108	1.34638
67	113	1.4206
67	117	1.36685
67	120	1.36953
67	121	0.500554
67	141	0.568078
67	147	1.368
67	151	0.522366
67	158	0.497721
67	167	0.554735
67	175	0.620633
68	10	1.10652
68	19	1.48323
68	39	1.1
68	54	1.19745
68	73	1.19464
68	75	1.27058
68	78	1.27215
68	95	0.545132
68	144	1.21962
68	145	0.547939
68	147	1.22392
68	148	0.531232
68	169	1.2461
68	171	1.27038
68	172	0.646606
68	177	0.695299
68	178	0.713957
69	8	1.40824
69	9	1.39521
69	42	0.539616
69	58	1.44132
69	76	1.27852
69	84	1.32887
69	88	1.42386
69	106	1.33727
69	109	1.29833
69	111	1.33695
69	129	0.519388
69	130	0.55923
69	153	0.456244
69	160	1.34454
69	166	0.480758
69	172	0.528417
69	178	0.595768
70	12	1.38341
70	24	1.28976
70	38	1.35094
70	43	1.31499
70	71	1.28378
70	72	1.43964
70	79	1.24296
70	91	1.2724
70	102	1.24146
70	107	1.29829
70	151	0.518942
70	155	0.525832
70	158	0.494296
70	166	0.534617
70	168	1.29226
70	172	0.582277
70	175	0.617208
70	178	0.649628
71	12	1.36559
71	16	1.47508
71	24	1.27195
71	38	1.33312
71	70	1.28378
71	72	1.42183
71	79	1.22515
71	91	1.25459
71	102	1.22365
71	107	1.28047
71	138	0.478135
71	145	0.493273
71	162	0.53446
71	165	0.544954
71	167	0.560973
71	168	1.27445
71	176	0.654072
71	178	0.659291
72	16	1.63094
72	24	1.42781
72	43	1.45303
72	70	1.43964
72	71	1.42183
72	79	1.381
72	90	0.510182
72	91	1.41045
72	102	1.37951
72	107	1.43633
72	136	0.462109
72	145	0.414328
72	154	0.470162
72	162	0.455516
72	164	0.508699
72	168	1.43031
72	177	0.561689
72	180	0.586012
73	10	1.19046
73	19	1.56717
73	26	0.547213
73	39	1.18393
73	54	1.28138
73	68	1.19464
73	75	1.35451
73	78	1.35608
73	118	1.2609
73	139	0.499875
73	147	1.30785
73	148	0.520468
73	150	0.543256
73	159	0.561238
73	161	0.564374
73	169	1.33003
73	171	1.35431
73	172	0.635841
74	9	0.235281
74	24	0.456458
74	92	0.452301
74	101	0.468416
74	106	0.431837
74	120	0.438353
74	133	1.5472
74	160	0.424178
74	162	1.54171
74	169	0.409811
74	170	1.5163
74	174	1.44825
74	175	1.41463
74	176	1.37786
74	177	1.3821
74	178	1.3799
74	179	1.4102
74	180	1.37872
75	10	1.26639
75	19	1.6431
75	39	1.25987
75	54	1.35732
75	68	1.27058
75	73	1.35451
75	78	1.43202
75	95	0.464996
75	140	0.544864
75	144	1.37949
75	147	1.38378
75	148	0.451096
75	153	0.494297
75	158	0.47849
75	164	0.562173
75	169	1.40597
75	171	1.43024
75	172	0.56647
75	173	0.60493
76	8	1.32269
76	15	1.12332
76	17	1.23341
76	18	1.2317
76	49	1.37274
76	52	1.34686
76	56	1.2047
76	65	1.30433
76	69	1.27852
76	88	1.3383
76	109	1.21277
76	118	1.2181
76	144	0.53776
76	146	0.630233
76	148	0.523131
76	151	0.57517
76	168	0.582814
76	170	0.58581
76	177	0.687198
77	31	1.39041
77	45	1.35462
77	50	1.43068
77	58	1.43632
77	66	1.54385
77	84	1.32388
77	103	0.448984
77	109	1.29333
77	121	0.497142
77	135	1.31247
77	138	0.468485
77	144	0.481544
77	149	1.38849
77	150	0.489704
77	152	0.510534
77	159	1.35595
77	160	1.33954
77	173	0.620749
77	176	0.644422
78	10	1.26796
78	19	1.64467
78	39	1.26144
78	48	0.466494
78	68	1.27215
78	73	1.35608
78	75	1.43202
78	118	1.33841
78	124	0.48104
78	130	0.581832
78	136	0.500132
78	144	1.38106
78	147	1.38536
78	161	0.479551
78	165	0.504033
78	169	1.40754
78	170	0.498323
78	171	1.43182
78	176	0.613151
79	16	1.43426
79	38	1.2923
79	43	1.25635
79	63	0.505873
79	70	1.24296
79	71	1.22515
79	72	1.381
79	91	1.21377
79	102	1.18283
79	107	1.23965
79	124	1.30382
79	129	1.18467
79	136	0.560691
79	141	0.593954
79	151	0.548242
79	161	0.540111
79	168	1.23363
79	178	0.678929
79	179	0.648087
80	14	1.43246
80	22	1.35726
80	28	1.30198
80	33	1.31506
80	35	0.489925
80	37	1.29087
80	64	1.4545
80	89	1.47845
80	96	1.39242
80	100	1.50219
80	121	0.471337
80	125	1.3563
80	130	1.32138
80	153	0.484311
80	159	0.481881
80	168	0.500793
80	170	0.503789
80	173	0.594943
80	179	0.592993
81	46	1.37777
81	51	1.29233
81	61	1.39529
81	83	1.3424
81	86	1.33236
81	92	1.29097
81	93	1.29859
81	112	1.33984
81	125	0.572481
81	135	1.3122
81	138	0.473825
81	139	0.451663
81	140	0.566023
81	145	1.41612
81	147	1.34533
81	152	0.515874
81	162	0.53015
81	172	1.26734
81	175	0.62256
81	177	0.636323
82	13	1.36042
82	27	1.28273
82	30	1.41409
82	57	1.26239
82	98	1.29752
82	99	1.41089
82	114	1.37987
82	125	0.568488
82	127	1.29138
82	129	1.25376
82	131	1.33638
82	132	1.33669
82	137	0.558914
82	154	0.540803
82	158	0.495656
82	159	0.509033
82	165	0.536651
82	168	0.527946
82	169	1.352
82	177	0.63233
83	32	1.43188
83	46	1.36663
83	51	1.28119
83	61	1.38415
83	81	1.3424
83	86	1.32121
83	92	1.27982
83	93	1.28744
83	96	1.3177
83	112	1.32869
83	118	0.5254
83	143	0.548543
83	145	1.40497
83	159	0.49794
83	162	0.515064
83	163	0.475991
83	165	0.525558
83	172	1.2562
83	176	0.634676
83	180	0.64556
84	29	1.21794
84	31	1.3602
84	45	1.32442
84	50	1.40048
84	53	1.23533
84	66	1.51365
84	69	1.32887
84	77	1.32388
84	135	1.28227
84	138	0.440848
84	149	1.35828
84	154	0.511818
84	155	0.498207
84	159	1.32575
84	160	1.30934
84	172	0.554652
84	174	0.555646
84	175	0.589583
84	179	0.591161
84	180	0.627669
85	2	1.38845
85	40	1.30923
85	47	0.435226
85	63	0.476092
85	67	1.35918
85	87	1.38956
85	94	1.22847
85	97	1.28333
85	104	1.35003
85	108	1.30668
85	113	1.38089
85	117	1.32715
85	118	0.534654
85	120	1.32983
85	133	0.496224
85	159	0.507193
85	167	0.55083
85	171	1.37476
85	175	0.616727
85	180	0.654813
86	32	1.42184
86	46	1.35659
86	61	1.37411
86	81	1.33236
86	83	1.32121
86	92	1.26979
86	93	1.27741
86	96	1.30766
86	112	1.31866
86	121	0.457426
86	134	0.624603
86	140	0.520967
86	145	1.39494
86	149	1.36703
86	168	0.486882
86	170	0.489878
86	172	1.24616
86	175	0.577504
86	176	0.604705
86	178	0.609924
87	2	1.45852
87	40	1.3793
87	67	1.42926
87	85	1.38956
87	94	1.29855
87	97	1.3534
87	104	1.42011
87	113	1.45097
87	117	1.39723
87	120	1.39991
87	145	0.432625
87	146	0.52302
87	148	0.415918
87	153	0.459119
87	157	0.523888
87	160	1.39232
87	166	0.483633
87	171	1.44484
87	176	0.593424
87	177	0.579985
87	178	0.598643
88	8	1.46803
88	15	1.26866
88	17	1.37875
88	18	1.37704
88	49	1.51808
88	52	1.4922
88	56	1.35004
88	65	1.44967
88	69	1.42386
88	76	1.3383
88	109	1.35811
88	118	1.36344
88	130	0.547155
88	140	0.494736
88	146	0.50807
88	152	0.444586
88	157	0.508937
88	162	0.458862
88	174	0.517335
88	176	0.578474
88	179	0.552851
89	1	1.46957
89	14	1.43022
89	22	1.35501
89	28	1.29973
89	37	1.28862
89	64	1.45226
89	80	1.47845
89	96	1.39018
89	100	1.49994
89	125	1.35405
89	130	1.31914
89	142	1.45591
89	148	0.428696
89	150	0.451484
89	152	0.472314
89	159	0.469467
89	164	0.539773
89	165	0.497084
89	172	0.54407
89	177	0.592763
89	180	0.617086
90	8	0.458955
90	33	0.622737
90	52	0.522973
90	72	0.510182
90	91	0.61134
90	92	0.581112
90	121	1.33833
90	132	0.556456
90	146	1.25312
90	161	1.30232
90	162	1.30882
90	163	1.32047
90	164	1.24401
90	167	1.24881
90	173	1.15916
90	175	1.18175
90	176	1.14497
90	177	1.14922
90	179	1.17732
90	180	1.14583
91	12	1.35421
91	16	1.4637
91	24	1.26057
91	26	0.525525
91	38	1.32174
91	43	1.2858
91	70	1.2724
91	71	1.25459
91	72	1.41045
91	79	1.21377
91	90	0.61134
91	102	1.21227
91	107	1.26909
91	129	1.21411
91	138	0.500349
91	139	0.478187
91	145	0.515486
91	163	0.517601
91	168	1.26307
91	175	0.649084
91	176	0.676286
92	32	1.38045
92	35	0.517365
92	46	1.3152
92	51	1.22976
92	61	1.33272
92	63	0.47822
92	74	0.452301
92	81	1.29097
92	83	1.27982
92	86	1.26979
92	90	0.581112
92	93	1.23602
92	112	1.27727
92	136	0.533038
92	145	1.35354
92	147	1.28276
92	149	1.32564
92	154	0.541091
92	172	1.20477
92	177	0.632618
92	178	0.651276
93	32	1.38807
93	46	1.32282
93	47	0.481464
93	51	1.23738
93	61	1.34034
93	81	1.29859
93	83	1.28744
93	86	1.27741
93	92	1.23602
93	96	1.2739
93	109	0.606369
93	112	1.28489
93	146	0.619762
93	147	1.29038
93	149	1.33326
93	150	0.535449
93	159	0.553431
93	163	0.531482
93	164	0.623738
93	168	0.572344
93	172	1.21239
94	2	1.29744
94	20	1.40223
94	35	1.23351
94	67	1.26817
94	85	1.22847
94	87	1.29855
94	95	0.543811
94	97	1.19232
94	104	1.25902
94	108	1.21567
94	113	1.28989
94	117	1.23614
94	120	1.23882
94	124	0.575307
94	129	0.636256
94	130	1.14977
94	146	0.637013
94	150	0.552699
94	168	0.589594
94	170	0.59259
94	171	1.28375
94	172	0.645285
95	12	0.415737
95	59	0.544024
95	60	0.409493
95	68	0.545132
95	75	0.464996
95	94	0.543811
95	96	0.480859
95	103	1.51592
95	136	1.42181
95	163	1.45559
95	166	1.41605
95	167	1.38393
95	169	0.439962
95	171	0.411741
95	172	1.35004
95	173	1.29428
95	175	1.31686
95	176	1.28009
95	177	1.28433
95	178	1.28214
95	179	1.31243
95	180	1.28095
96	14	1.34419
96	28	1.21371
96	34	1.2069
96	62	1.37188
96	80	1.39242
96	83	1.3177
96	86	1.30766
96	89	1.39018
96	93	1.2739
96	95	0.480859
96	100	1.41392
96	106	1.30731
96	111	1.30699
96	112	1.31514
96	144	0.481587
96	159	0.507729
96	165	0.535347
96	166	0.534673
96	168	0.526642
96	172	1.24265
96	177	0.631026
96	179	0.618841
96	180	0.655349
97	20	1.45708
97	67	1.32303
97	85	1.28333
97	87	1.3534
97	94	1.19232
97	104	1.31388
97	108	1.27053
97	113	1.34474
97	117	1.29099
97	120	1.29367
97	124	0.516
97	125	0.57083
97	139	0.450012
97	142	1.34139
97	144	0.485233
97	147	1.29215
97	160	1.28609
97	162	0.528499
97	168	0.530287
97	171	1.33861
97	173	0.624438
97	178	0.653329
97	180	0.658995
98	11	0.477605
98	27	1.25774
98	36	1.37612
98	41	1.27777
98	44	1.3147
98	57	1.23741
98	82	1.29752
98	99	1.38591
98	103	0.486013
98	114	1.35489
98	127	1.2664
98	131	1.31139
98	132	1.31171
98	133	0.533746
98	142	1.35407
98	145	0.520652
98	156	0.620967
98	160	1.29877
98	161	0.547852
98	167	0.588352
98	169	1.32701
98	170	0.566624
98	174	0.620313
99	13	1.4488
99	21	1.36636
99	41	1.39114
99	57	1.35078
99	82	1.41089
99	98	1.38591
99	103	0.41363
99	114	1.46826
99	119	0.481679
99	127	1.37977
99	131	1.42476
99	132	1.42508
99	142	1.46744
99	143	0.522937
99	160	1.41214
99	162	0.489457
99	163	0.450384
99	165	0.499951
99	167	0.515969
99	169	1.44038
99	170	0.494241
99	178	0.614288
99	179	0.583445
100	1	1.49331
100	14	1.45395
100	22	1.37875
100	28	1.32347
100	33	1.33656
100	37	1.31236
100	64	1.476
100	80	1.50219
100	89	1.49994
100	96	1.41392
100	124	0.455346
100	125	1.37779
100	130	1.34288
100	134	0.607354
100	137	0.500601
100	142	1.47965
100	145	0.426657
100	156	0.526973
100	159	0.450721
100	162	0.467844
100	166	0.477665
100	176	0.587456
100	179	0.561833
101	23	1.48084
101	47	0.453469
101	55	1.25919
101	60	1.4846
101	74	0.468416
101	105	1.23261
101	115	1.30996
101	116	1.21457
101	122	1.27722
101	123	1.3277
101	126	1.2935
101	128	1.33862
101	129	0.591011
101	150	0.507454
101	158	0.512059
101	161	0.528573
101	166	0.55238
101	168	1.27765
101	169	1.32693
101	171	1.35121
101	172	1.22676
101	175	0.634971
101	180	0.673056
102	12	1.32327
102	16	1.43276
102	24	1.22963
102	35	0.526958
102	38	1.2908
102	43	1.25485
102	66	1.45748
102	70	1.24146
102	71	1.22365
102	72	1.37951
102	79	1.18283
102	91	1.21227
102	107	1.23815
102	118	0.546375
102	124	1.30232
102	129	1.18317
102	130	0.624331
102	133	0.507944
102	157	0.586113
102	166	0.545858
102	167	0.562551
102	168	1.23213
102	173	0.631977
102	179	0.630026
103	18	0.532399
103	51	0.512666
103	55	0.481489
103	67	0.452396
103	77	0.448984
103	95	1.51592
103	98	0.486013
103	99	0.41363
103	106	0.430155
103	107	0.469937
103	126	0.434445
103	133	1.44642
103	155	1.43023
103	156	1.36534
103	164	1.37612
103	165	1.41077
103	166	1.41304
103	167	1.38092
103	170	1.41552
103	176	1.27708
103	177	1.28132
103	178	1.27913
103	179	1.30942
103	180	1.27794
104	20	1.52379
104	40	1.33978
104	67	1.38973
104	85	1.35003
104	87	1.42011
104	94	1.25902
104	97	1.31388
104	108	1.33723
104	113	1.41145
104	117	1.3577
104	118	0.516175
104	120	1.36038
104	124	0.49334
104	129	0.55429
104	133	0.477745
104	147	1.35885
104	152	0.491563
104	157	0.555914
104	160	1.3528
104	161	0.491851
104	168	0.507628
104	171	1.40531
104	172	0.563318
104	173	0.601778
105	23	1.44108
105	60	1.44483
105	101	1.23261
105	109	0.579288
105	115	1.27019
105	116	1.17481
105	122	1.23746
105	123	1.28793
105	126	1.25374
105	128	1.29886
105	130	0.631767
105	135	1.23185
105	137	0.576231
105	153	0.528781
105	154	0.55812
105	155	0.544509
105	158	0.512973
105	159	1.27533
105	168	1.23789
105	169	1.28717
105	171	1.31144
105	172	1.187
105	175	0.635885
105	177	0.649647
106	3	1.39954
106	6	1.16033
106	9	1.3684
106	34	1.21006
106	35	1.32001
106	59	1.28266
106	62	1.37504
106	66	1.52205
106	69	1.33727
106	74	0.431837
106	96	1.30731
106	103	0.430155
106	111	1.31015
106	124	1.36689
106	125	1.27118
106	129	0.554432
106	145	1.39458
106	149	1.36668
106	161	0.491994
106	168	0.50777
106	170	0.510766
106	173	0.601921
106	177	0.612154
106	178	0.630812
106	179	0.59997
107	12	1.3801
107	16	1.48959
107	24	1.28645
107	35	0.536684
107	38	1.34763
107	43	1.31168
107	66	1.5143
107	70	1.29829
107	71	1.28047
107	72	1.43633
107	79	1.23965
107	91	1.26909
107	102	1.23815
107	103	0.469937
107	110	0.550542
107	118	0.5561
107	124	1.35915
107	129	1.24
107	141	0.585619
107	148	0.487869
107	150	0.510657
107	156	0.604891
107	163	0.50669
107	165	0.556257
107	168	1.28895
108	2	1.37565
108	11	0.439094
108	20	1.48044
108	40	1.29643
108	67	1.34638
108	85	1.30668
108	94	1.21567
108	97	1.27053
108	104	1.33723
108	109	0.559142
108	113	1.36809
108	117	1.31435
108	120	1.31703
108	142	1.36475
108	144	0.480062
108	147	1.3155
108	155	0.524363
108	160	1.30945
108	161	0.509341
108	164	0.576511
108	168	0.525117
108	171	1.36196
108	172	0.580808
108	174	0.581802
108	176	0.64294
109	9	0.345239
109	29	1.18739
109	45	1.29387
109	52	1.36666
109	53	1.20478
109	54	0.522482
109	56	1.2245
109	65	1.32413
109	69	1.29833
109	76	1.21277
109	77	1.29333
109	88	1.35811
109	93	0.606369
109	105	0.579288
109	108	0.559142
109	116	0.559918
109	122	0.565074
109	147	0.551078
109	159	1.2952
109	169	0.519769
109	170	1.27535
109	174	1.2073
109	178	1.13896
109	179	1.16926
109	180	1.13777
110	32	0.508325
110	34	0.533662
110	50	0.454889
110	107	0.550542
110	120	0.517276
110	122	0.534039
110	128	0.49925
110	146	1.30509
110	148	1.37168
110	155	1.3501
110	160	0.503101
110	161	1.3543
110	164	1.29599
110	165	1.33064
110	166	1.3329
110	167	1.30079
110	171	0.460514
110	173	1.21114
110	174	1.26734
110	175	1.23372
110	176	1.19695
110	178	1.19899
110	179	1.22929
110	180	1.19781
111	3	1.39922
111	6	1.16001
111	9	1.36809
111	34	1.20974
111	35	1.3197
111	59	1.28234
111	62	1.37472
111	66	1.52173
111	69	1.33695
111	96	1.30699
111	106	1.31015
111	124	1.36657
111	125	1.27087
111	145	1.39426
111	149	1.36636
111	150	0.48015
111	153	0.500563
111	156	0.574385
111	162	0.515256
111	166	0.525077
111	168	0.517045
111	170	0.520041
111	172	0.572736
111	176	0.634868
111	177	0.621429
112	11	0.438369
112	32	1.42932
112	46	1.36407
112	51	1.27863
112	61	1.38159
112	81	1.33984
112	83	1.32869
112	86	1.31866
112	92	1.27727
112	93	1.28489
112	96	1.31514
112	129	0.571054
112	135	1.2985
112	138	0.466279
112	145	1.40242
112	147	1.33163
112	149	1.37451
112	157	0.572679
112	163	0.48353
112	164	0.575786
112	167	0.549116
112	168	0.524392
112	172	1.25364
112	174	0.581077
112	180	0.653099
113	40	1.37064
113	67	1.4206
113	85	1.38089
113	87	1.45097
113	94	1.28989
113	97	1.34474
113	104	1.41145
113	108	1.36809
113	117	1.38856
113	119	0.504554
113	120	1.39124
113	124	0.499833
113	125	0.554663
113	130	1.30219
113	142	1.43896
113	147	1.38972
113	148	0.454437
113	152	0.498055
113	153	0.497638
113	155	0.513367
113	160	1.38366
113	165	0.522826
113	166	0.522152
113	171	1.43618
113	172	0.569811
113	174	0.570805
114	21	1.33535
114	27	1.3401
114	36	1.45848
114	41	1.36012
114	44	1.39706
114	57	1.31976
114	82	1.37987
114	98	1.35489
114	99	1.46826
114	125	0.539108
114	127	1.34875
114	131	1.39375
114	132	1.39406
114	142	1.43643
114	144	1.38289
114	151	0.490921
114	155	0.497812
114	156	0.555905
114	158	0.466276
114	163	0.457704
114	168	0.498566
114	169	1.40937
114	170	0.501562
114	172	0.554257
114	174	0.55525
114	175	0.589187
115	7	1.36222
115	11	0.41252
115	23	1.51842
115	25	1.48086
115	55	1.29677
115	101	1.30996
115	105	1.27019
115	116	1.25215
115	122	1.31481
115	123	1.36528
115	126	1.33109
115	128	1.3762
115	130	0.585047
115	134	0.636264
115	143	0.530234
115	145	0.455567
115	151	0.490899
115	154	0.5114
115	159	1.35268
115	166	0.506574
115	167	0.523267
115	168	1.31524
115	169	1.36452
115	171	1.38879
115	172	1.26434
115	178	0.621585
115	179	0.590743
116	7	1.26683
116	23	1.42304
116	25	1.38547
116	55	1.20138
116	60	1.42679
116	101	1.21457
116	105	1.17481
116	109	0.559918
116	115	1.25215
116	122	1.21942
116	123	1.26989
116	126	1.2357
116	128	1.28082
116	136	0.530697
116	143	0.557584
116	158	0.493603
116	159	1.25729
116	164	0.577287
116	165	0.534598
116	168	1.21985
116	169	1.26913
116	171	1.29341
116	172	1.16896
116	175	0.616515
116	176	0.643716
116	178	0.648935
116	180	0.6546
117	2	1.39611
117	20	1.5009
117	40	1.31689
117	67	1.36685
117	85	1.32715
117	87	1.39723
117	94	1.23614
117	97	1.29099
117	104	1.3577
117	108	1.31435
117	113	1.38856
117	120	1.3375
117	130	1.24844
117	136	0.51681
117	139	0.431731
117	140	0.546091
117	141	0.550073
117	142	1.38521
117	150	0.475111
117	156	0.569346
117	160	1.32991
117	161	0.49623
117	162	0.510217
117	171	1.38243
117	172	0.567697
117	173	0.606157
117	178	0.635048
118	8	1.34782
118	21	0.54169
118	30	0.506015
118	40	0.57896
118	42	1.23329
118	49	1.39788
118	54	1.26371
118	64	0.526467
118	65	1.32946
118	73	1.2609
118	76	1.2181
118	78	1.33841
118	83	0.5254
118	85	0.534654
118	88	1.36344
118	102	0.546375
118	104	0.516175
118	107	0.5561
118	127	0.522677
118	141	1.23578
118	150	1.35218
118	169	1.31236
118	171	1.33664
118	175	1.17902
118	176	1.14224
118	178	1.14429
118	180	1.1431
119	1	0.385612
119	4	0.521195
119	13	0.48714
119	19	0.446784
119	53	0.538419
119	61	0.482075
119	62	0.48579
119	99	0.481679
119	113	0.504554
119	121	1.46092
119	123	0.481361
119	134	1.29959
119	135	0.491055
119	151	1.42813
119	152	1.45051
119	161	1.42491
119	163	1.44306
119	167	1.3714
119	170	1.406
119	173	1.28175
119	174	1.33795
119	175	1.30434
119	176	1.26756
119	177	1.27181
119	178	1.26961
119	179	1.29991
119	180	1.26842
120	20	1.50359
120	35	1.33487
120	67	1.36953
120	74	0.438353
120	85	1.32983
120	87	1.39991
120	94	1.23882
120	97	1.29367
120	104	1.36038
120	108	1.31703
120	110	0.517276
120	113	1.39124
120	117	1.3375
120	129	0.560949
120	130	1.25112
120	142	1.3879
120	147	1.33865
120	159	0.495374
120	160	1.33259
120	163	0.473425
120	164	0.56568
120	165	0.522992
120	166	0.522318
120	168	0.514287
120	171	1.38511
120	174	0.570971
120	178	0.637328
121	16	0.401999
121	18	0.580558
121	37	0.565714
121	39	0.631533
121	67	0.500554
121	77	0.497142
121	80	0.471337
121	86	0.457426
121	90	1.33833
121	119	1.46092
121	128	0.466803
121	134	1.26663
121	151	1.39517
121	153	1.42596
121	157	1.32227
121	162	1.39845
121	163	1.4101
121	164	1.33364
121	169	0.456288
121	171	0.428068
121	173	1.24879
121	174	1.30499
121	175	1.27138
121	176	1.2346
121	177	1.23885
121	178	1.23665
121	179	1.26695
121	180	1.23546
122	4	1.33097
122	25	1.44812
122	55	1.26404
122	60	1.48945
122	101	1.27722
122	105	1.23746
122	109	0.565074
122	110	0.534039
122	115	1.31481
122	116	1.21942
122	123	1.33255
122	126	1.29835
122	128	1.34347
122	129	0.577712
122	133	0.501167
122	135	1.27647
122	136	0.535854
122	138	0.472936
122	148	0.471366
122	159	1.31995
122	162	0.529261
122	168	1.2825
122	169	1.33178
122	170	0.534045
122	171	1.35606
122	172	1.23161
122	177	0.635434
122	180	0.659757
123	4	1.38144
123	7	1.37996
123	23	1.53616
123	25	1.4986
123	55	1.31451
123	101	1.3277
123	105	1.28793
123	115	1.36528
123	116	1.26989
123	119	0.481361
123	122	1.33255
123	126	1.34883
123	128	1.39394
123	133	0.461045
123	134	0.628647
123	135	1.32694
123	139	0.410651
123	143	0.522618
123	154	0.503784
123	162	0.489138
123	165	0.499632
123	168	1.33298
123	169	1.38226
123	171	1.40653
123	172	1.28208
123	173	0.585077
123	174	0.547611
123	175	0.581548
123	177	0.595311
124	3	1.45597
124	6	1.21675
124	23	0.409118
124	24	1.35062
124	43	1.37585
124	61	0.477353
124	62	1.43147
124	78	0.48104
124	79	1.30382
124	94	0.575307
124	97	0.516
124	100	0.455346
124	102	1.30232
124	104	0.49334
124	106	1.36689
124	107	1.35915
124	111	1.36657
124	113	0.499833
124	127	0.499841
124	140	1.33123
124	142	0.46098
124	147	0.502765
124	149	1.4231
124	162	1.39613
124	168	1.35312
124	171	0.443237
124	177	1.23653
124	178	1.23433
124	179	1.26463
124	180	1.23314
125	2	0.546528
125	3	1.36026
125	7	0.493191
125	16	0.471998
125	33	1.19067
125	59	1.24338
125	61	0.532183
125	62	1.33576
125	64	1.33011
125	80	1.3563
125	81	0.572481
125	82	0.568488
125	89	1.35405
125	97	0.57083
125	100	1.37779
125	106	1.27118
125	111	1.27087
125	113	0.554663
125	114	0.539108
125	130	1.19699
125	141	1.23011
125	145	1.3553
125	147	0.557595
125	154	1.27363
125	170	1.27502
125	171	0.498066
125	173	1.15077
125	177	1.14082
125	178	1.13862
125	180	1.13743
126	4	1.34725
126	7	1.34576
126	25	1.4644
126	55	1.28032
126	60	1.50573
126	101	1.2935
126	103	0.434445
126	105	1.25374
126	115	1.33109
126	116	1.2357
126	122	1.29835
126	123	1.34883
126	128	1.35975
126	135	1.29274
126	140	0.546145
126	141	0.550127
126	144	0.467005
126	151	0.504416
126	154	0.524917
126	159	1.33623
126	162	0.510271
126	168	1.29878
126	169	1.34806
126	170	0.515056
126	171	1.37234
126	172	1.24789
126	175	0.602682
126	177	0.616444
126	178	0.635102
126	179	0.60426
127	13	1.3293
127	21	1.24686
127	27	1.25161
127	30	1.38297
127	36	1.36999
127	41	1.27163
127	42	0.581018
127	44	1.30857
127	57	1.23127
127	82	1.29138
127	98	1.2664
127	99	1.37977
127	114	1.34875
127	118	0.522677
127	124	0.499841
127	129	1.22264
127	131	1.30526
127	132	1.30557
127	142	1.34794
127	144	1.2944
127	146	0.561547
127	155	0.513375
127	159	0.495216
127	160	1.29264
127	161	0.498353
127	165	0.522834
127	167	0.538853
127	169	1.32088
127	173	0.608279
127	176	0.631952
127	178	0.637171
128	4	1.39237
128	7	1.39088
128	23	1.54709
128	55	1.32544
128	60	1.55084
128	101	1.33862
128	105	1.29886
128	110	0.49925
128	115	1.3762
128	116	1.28082
128	121	0.466803
128	122	1.34347
128	123	1.39394
128	126	1.35975
128	135	1.33786
128	136	0.501064
128	144	0.451205
128	148	0.436577
128	156	0.553599
128	159	1.38134
128	162	0.494471
128	163	0.455398
128	168	1.3439
128	169	1.39318
128	170	0.499255
128	171	1.41746
128	172	1.29301
128	173	0.59041
128	174	0.552944
128	178	0.619302
128	179	0.588459
129	15	0.689175
129	38	1.29265
129	44	1.27095
129	69	0.519388
129	79	1.18467
129	82	1.25376
129	91	1.21411
129	94	0.636256
129	101	0.591011
129	102	1.18317
129	104	0.55429
129	106	0.554432
129	107	1.24
129	112	0.571054
129	120	0.560949
129	122	0.577712
129	127	1.22264
129	131	1.26763
129	132	1.26795
129	135	0.547283
129	144	1.25678
129	150	1.32307
129	167	1.21697
129	168	1.23397
129	169	1.28325
129	170	1.25157
129	171	0.504186
129	176	1.11313
129	177	1.11738
129	178	1.11518
129	179	1.14548
129	180	1.11399
130	2	1.30974
130	33	1.15575
130	54	0.574961
130	55	0.645609
130	60	0.54178
130	64	1.29519
130	66	0.473713
130	69	0.55923
130	78	0.581832
130	80	1.32138
130	88	0.547155
130	89	1.31914
130	94	1.14977
130	100	1.34288
130	102	0.624331
130	105	0.631767
130	113	1.30219
130	115	0.585047
130	117	1.24844
130	120	1.25112
130	125	1.19699
130	135	0.587125
130	142	1.29884
130	156	1.18993
130	167	1.2055
130	171	1.29606
130	173	1.11585
130	175	1.13843
130	177	1.1059
130	178	1.10371
130	179	1.13401
130	180	1.10252
131	13	1.37429
131	21	1.29185
131	27	1.2966
131	30	1.42796
131	36	1.41498
131	41	1.31663
131	44	1.35356
131	57	1.27626
131	82	1.33638
131	98	1.31139
131	99	1.42476
131	114	1.39375
131	127	1.30526
131	129	1.26763
131	132	1.35056
131	137	0.533786
131	139	0.422543
131	142	1.39293
131	143	0.534509
131	144	1.33939
131	145	0.459842
131	152	0.486753
131	154	0.515676
131	156	0.560158
131	157	0.551105
131	160	1.33763
131	164	0.554212
131	167	0.527542
131	169	1.36587
131	175	0.59344
131	176	0.620641
131	180	0.631526
132	13	1.3746
132	21	1.29216
132	26	0.470641
132	27	1.29691
132	30	1.42827
132	36	1.41529
132	41	1.31694
132	44	1.35387
132	57	1.27658
132	82	1.33669
132	90	0.556456
132	98	1.31171
132	99	1.42508
132	114	1.39406
132	127	1.30557
132	129	1.26795
132	131	1.35056
132	134	0.641299
132	142	1.39324
132	144	1.33971
132	145	0.460602
132	146	0.550997
132	154	0.516435
132	156	0.560917
132	157	0.551864
132	159	0.484665
132	160	1.33794
132	163	0.462716
132	165	0.512283
132	166	0.511609
132	169	1.36618
132	176	0.621401
133	6	0.617374
133	14	0.515127
133	25	0.445864
133	40	0.54053
133	51	0.560399
133	60	0.425394
133	74	1.5472
133	85	0.496224
133	98	0.533746
133	102	0.507944
133	103	1.44642
133	104	0.477745
133	122	0.501167
133	123	0.461045
133	151	1.37116
133	155	1.36374
133	156	1.29885
133	160	0.470229
133	161	1.36794
133	162	1.37444
133	163	1.38609
133	164	1.30963
133	165	1.34428
133	166	1.34655
133	170	1.34903
133	173	1.22478
133	174	1.28098
133	175	1.24736
133	176	1.21059
133	177	1.21483
133	178	1.21264
133	179	1.24293
133	180	1.21145
134	12	0.59924
134	22	0.658133
134	65	0.637472
134	66	0.524929
134	86	0.624603
134	100	0.607354
134	115	0.636264
134	119	1.29959
134	121	1.26663
134	123	0.628647
134	132	0.641299
134	138	1.31532
134	141	1.16681
134	151	1.23384
134	152	1.25622
134	154	1.21033
134	156	1.16154
134	157	1.16095
134	158	1.27083
134	163	1.24878
134	164	1.17231
134	165	1.20697
134	171	0.595245
134	172	1.14322
134	174	1.14366
134	175	1.11005
134	176	1.07327
134	177	1.07752
134	178	1.07532
134	179	1.10562
134	180	1.07413
135	31	1.3488
135	46	1.33643
135	48	0.471787
135	50	1.38907
135	58	1.39471
135	61	1.35395
135	77	1.31247
135	81	1.3122
135	84	1.28227
135	105	1.23185
135	112	1.2985
135	119	0.491055
135	122	1.27647
135	123	1.32694
135	126	1.29274
135	128	1.33786
135	129	0.547283
135	130	0.587125
135	140	0.534706
135	145	1.37478
135	147	1.30399
135	148	0.440938
135	150	0.463726
135	159	1.31434
135	160	1.29793
135	161	0.484845
135	164	0.552015
135	171	1.35045
135	172	1.226
135	173	0.594771
135	175	0.591243
135	178	0.623663
135	180	0.629328
136	13	0.501511
136	19	0.461155
136	21	0.537946
136	51	0.595086
136	55	0.563909
136	72	0.462109
136	78	0.500132
136	79	0.560691
136	92	0.533038
136	95	1.42181
136	116	0.530697
136	117	0.51681
136	122	0.535854
136	128	0.501064
136	143	1.3352
136	151	1.34354
136	152	1.36591
136	153	1.37433
136	155	1.33612
136	156	1.27123
136	157	1.27064
136	158	1.38052
136	161	1.34031
136	162	1.34682
136	165	1.31666
136	168	1.30381
136	170	1.32141
136	172	1.25292
136	173	1.19716
136	175	1.21974
136	176	1.18297
136	178	1.18501
136	179	1.21531
136	180	1.18383
137	2	0.536954
137	6	0.678225
