1	9	0.935591
1	24	0.869212
1	76	0.919063
1	80	0.886773
1	84	0.903079
1	91	0.89569
1	125	0.896411
1	129	0.89418
1	167	1.14139
1	172	1.16182
1	176	1.23488
1	179	1.33733
2	70	0.00430575
2	115	0.992126
2	117	0.00420546
2	133	1.68095
2	150	1.54636
2	152	1.56363
2	158	1.03894
2	160	1.02741
2	164	1.04629
2	168	1.03257
2	169	1.02802
2	178	1.03464
3	37	0.834055
3	100	1.03049
3	103	0.969475
3	115	1.01694
3	143	0.987345
3	152	0.978766
3	154	1.02968
3	168	1.05738
3	171	1.07518
3	175	1.05756
3	176	0.902986
3	178	1.05946
4	34	0.827329
4	106	1.04459
4	119	1.26627
4	130	0.666014
4	138	1.04027
4	140	1.05211
4	154	1.05084
4	159	1.04352
4	161	1.03656
4	168	0.996743
4	170	1.06102
4	172	0.915671
5	54	1.11184
5	153	0.944449
5	164	0.951395
5	166	0.925362
5	167	0.823888
5	169	0.933122
5	173	1.24078
5	174	1.19579
5	177	1.2508
5	178	0.939744
5	179	0.762008
5	180	0.920031
6	36	0.905984
6	124	1.03959
6	130	1.02397
6	140	0.797364
6	141	1.02584
6	145	1.02379
6	163	0.962667
6	164	1.04861
6	173	1.01343
6	174	1.04112
6	177	1.03225
6	180	1.08601
7	137	1.05572
7	139	1.05157
7	162	1.03927
7	165	1.04942
7	166	0.945079
7	169	0.924153
7	174	1.06452
7	175	0.988294
7	177	1.05565
7	178	0.926442
7	179	0.883842
7	180	1.01688
8	33	0.953914
8	78	0.826106
8	92	1.09189
8	94	0.966728
8	103	0.96049
8	147	1.01822
8	158	1.03596
8	169	1.02504
8	171	1.04739
8	175	1.02976
8	178	1.03167
8	180	1.01195
9	1	0.935591
9	40	1.1049
9	55	0.882717
9	70	0.966787
9	72	1.01653
9	107	0.00616105
9	117	1.05583
9	125	1.0613
9	129	1.05906
9	167	1.23837
9	176	1.33186
9	179	1.43431
10	28	1.01376
10	31	1.00155
10	104	0.954943
10	110	1.02135
10	127	0.761217
10	154	1.05839
10	156	1.12794
10	159	1.05107
10	161	1.04411
10	170	1.06858
10	178	0.903777
10	180	0.994218
11	15	0.985855
11	67	1.03942
11	71	0.61006
11	80	1.0345
11	117	1.03867
11	125	1.04414
11	129	1.04191
11	157	1.01551
11	167	0.993391
11	172	1.01382
11	176	1.08688
11	179	1.18933
12	93	1.25739
12	121	0.930655
12	146	0.915731
12	147	1.15095
12	148	0.913268
12	162	0.904543
12	165	0.914691
12	166	1.20667
12	169	1.18574
12	174	0.9298
12	176	0.770381
12	177	0.92093
13	36	0.92255
13	101	1.33999
13	123	0.90877
13	136	1.31867
13	145	1.25192
13	164	0.883071
13	169	0.864798
13	171	0.887142
13	172	0.741024
13	174	1.2888
13	175	0.869518
13	178	0.87142
13	180	0.851707
14	29	0.958534
14	39	1.02023
14	70	0.894967
14	91	0.988756
14	117	0.98401
14	122	1.00541
14	129	0.987245
14	132	1.08726
14	157	0.96085
14	167	0.974362
14	172	0.994795
14	176	1.06785
14	179	1.1703
15	11	0.985855
15	40	1.00744
15	52	1.56708
15	77	1.00664
15	117	0.958368
15	125	0.963835
15	129	0.961603
15	151	0.981044
15	157	0.935208
15	167	0.854442
15	172	0.874875
15	176	0.947929
15	179	1.05038
16	36	0.995006
16	61	1.13362
16	64	0.926858
16	99	0.915179
16	112	0.984146
16	133	0.946841
16	138	0.982261
16	139	0.848165
16	154	0.992828
16	156	1.30876
16	159	0.985507
16	161	0.978549
16	170	1.00301
17	21	1.06692
17	60	0.919395
17	128	1.04543
17	134	1.01382
17	145	0.990445
17	153	0.989589
17	163	0.997562
17	164	0.996535
17	166	0.970502
17	169	0.978262
17	175	0.982983
17	177	1.08234
17	180	0.965171
18	46	0.977922
18	56	0.844895
18	62	1.03491
18	85	1.0186
18	122	0.992146
18	132	1.08726
18	151	0.993424
18	156	0.990514
18	157	0.947588
18	167	0.974362
18	172	0.994795
18	176	1.06785
18	179	1.1703
19	27	0.895369
19	37	0.909565
19	90	0.92631
19	112	1.15232
19	140	1.18784
19	152	1.05428
19	155	0.970068
19	160	0.977299
19	164	0.996179
19	168	0.982454
19	171	1.00025
19	175	0.982626
19	180	0.964815
20	46	0.993805
20	56	0.860778
20	60	0.00469368
20	62	1.05079
20	109	1.02267
20	119	0.89278
20	151	1.00931
20	156	1.0064
20	157	0.963471
20	167	1.24505
20	172	1.26548
20	176	1.33854
20	179	1.44099
21	17	1.06692
21	50	1.00678
21	53	0.97838
21	64	0.963428
21	106	1.11045
21	128	1.00676
21	140	1.03067
21	154	1.0294
21	161	1.01512
21	170	1.03958
21	176	0.868152
21	178	1.03818
21	179	0.846888
22	32	0.74371
22	44	0.984202
22	89	1.04524
22	92	0.940548
22	104	0.884929
22	113	0.943532
22	119	1.44415
22	154	0.988379
22	159	0.981058
22	161	0.9741
22	165	0.831556
22	170	0.998561
22	180	1.24064
23	60	1.14015
23	82	1.10298
23	134	1.13927
23	137	1.11577
23	144	0.920426
23	148	1.10804
23	149	1.10877
23	153	0.811508
23	159	0.583799
23	165	1.10947
23	171	0.832062
23	175	0.912776
23	177	1.1157
24	1	0.869212
24	56	0.00260941
24	80	0.98528
24	125	0.994918
24	133	0.957524
24	146	1.29389
24	152	1.28479
24	154	1.00351
24	170	1.01369
24	174	1.28153
24	175	0.996836
24	177	1.33654
24	180	0.979025
25	40	1.0088
25	71	0.667544
25	72	0.920417
25	77	1.008
25	84	0.971855
25	91	0.964466
25	122	0.981118
25	129	0.962956
25	132	1.16378
25	151	0.982396
25	172	1.07131
25	176	1.14436
25	179	1.24682
26	62	0.933769
26	85	1.16651
26	117	1.60405
26	125	1.41983
26	135	0.919146
26	143	0.928898
26	150	0.897928
26	158	0.895876
26	161	0.882071
26	170	0.906533
26	172	0.761182
26	174	0.894524
26	179	0.713842
27	19	0.895369
27	88	1.11121
27	127	1.11831
27	135	0.781938
27	144	0.912435
27	149	1.13797
27	158	0.810334
27	162	1.12851
27	164	0.895971
27	165	1.13866
27	172	1.02043
27	175	0.904785
27	177	1.1449
28	10	1.01376
28	36	1.01693
28	37	0.967116
28	81	1.06947
28	131	0.981794
28	138	1.08225
28	151	1.06664
28	160	0.958569
28	163	0.978476
28	164	0.977449
28	169	0.959176
28	171	0.98152
28	180	0.946085
29	14	0.958534
29	67	0.986458
29	70	0.896664
29	72	0.946403
29	77	1.03398
29	84	0.997841
29	125	0.991174
29	129	0.988942
29	132	1.33428
29	156	0.00756974
29	167	1.22138
29	176	1.31486
29	179	1.41732
30	38	0.834274
30	72	1.09024
30	77	1.0413
30	117	1.75795
30	148	0.929154
30	150	0.94909
30	161	0.933233
30	170	0.957695
30	176	0.786267
30	177	0.936816
30	178	0.94274
30	179	0.765004
31	10	1.00155
31	114	1.24697
31	128	0.959826
31	133	0.936472
31	140	0.983733
31	153	1.08613
31	154	0.982459
31	159	0.975139
31	161	0.96818
31	165	0.806894
31	170	0.992642
31	177	0.845522
31	180	1.21598
32	22	0.74371
32	69	1.06102
32	102	1.10388
32	131	0.983161
32	134	1.07987
32	141	1.04989
32	144	0.996617
32	167	0.946372
32	168	0.95154
32	171	0.908253
32	173	1.03748
32	174	1.06517
32	177	1.0563
32	180	1.01756
33	8	0.953914
33	106	1.03217
33	123	0.939499
33	142	1.05633
33	145	1.05098
33	152	1.0642
33	155	1.04926
33	159	0.718848
33	162	1.04305
33	163	0.953069
33	165	1.0532
33	173	1.04062
33	177	1.05944
33	178	0.985973
34	4	0.827329
34	53	1.12882
34	115	1.17932
34	129	5.70589e-05
34	132	0.980197
34	137	1.09976
34	143	1.14293
34	165	1.09345
34	169	1.18633
34	172	0.975219
34	173	1.08087
34	177	1.09969
34	179	0.927879
34	180	1.27906
35	88	0.658066
35	100	0.890423
35	128	1.2225
35	153	0.831323
35	154	1.24513
35	159	1.23781
35	161	1.23085
35	163	0.837834
35	164	0.923776
35	167	1.1245
35	169	0.868449
35	170	1.25531
35	176	1.08389
35	177	0.590719
36	6	0.905984
36	13	0.92255
36	16	0.995006
36	28	1.01693
36	79	1.06178
36	120	0.913983
36	150	0.89498
36	163	1.09357
36	165	0.925374
36	166	1.06651
36	171	1.09661
36	177	0.964001
36	178	1.08089
36	180	1.06117
37	3	0.834055
37	19	0.909565
37	28	0.967116
37	90	0.89861
37	101	1.0752
37	113	1.05947
37	133	1.05833
37	156	1.08129
37	159	1.09699
37	161	1.09003
37	164	0.910167
37	167	0.983683
37	170	1.1145
37	179	0.921803
38	30	0.834274
38	56	0.92378
38	62	1.11379
38	85	1.09749
38	106	1.02573
38	108	1.16223
38	122	1.07103
38	132	0.980773
38	151	1.07231
38	156	1.0694
38	157	1.02647
38	167	0.867872
38	172	0.888305
38	176	0.961358
39	14	1.02023
39	67	1.04816
39	76	1.07552
39	84	1.05954
39	122	1.0688
39	125	1.05287
39	129	1.05064
39	132	1.17041
39	156	0.00390799
39	157	1.02424
39	167	1.05751
39	172	1.07794
39	176	1.151
39	179	1.25345
40	9	1.1049
40	15	1.00744
40	25	1.0088
40	67	1.06101
40	71	0.562204
40	72	1.02095
40	109	1.0963
40	129	1.06349
40	132	1.05844
40	157	1.0371
40	167	0.945535
40	172	0.965968
40	176	1.03902
40	179	1.14148
41	99	0.970261
41	116	0.956325
41	135	0.961582
41	138	1.0867
41	146	1.12538
41	151	1.07109
41	161	1.18658
41	163	0.946691
41	164	0.945664
41	165	1.1294
41	171	0.949735
41	172	0.803617
41	175	0.932111
41	178	0.934013
42	58	0.87926
42	120	1.00682
42	131	1.03802
42	142	1.02228
42	144	0.967755
42	150	0.987819
42	154	1.056
42	160	1.0148
42	166	1.00765
42	168	1.01995
42	171	1.03775
42	172	0.891632
42	173	1.04682
42	175	1.02013
42	180	1.00231
43	81	0.926409
43	133	1.08609
43	139	1.06411
43	144	0.974478
43	150	0.951496
43	155	1.01429
43	158	1.03305
43	164	1.0404
43	169	1.02213
43	170	1.00519
43	174	0.965505
43	175	1.02685
43	178	1.02875
43	179	0.851014
43	180	1.00904
44	22	0.984202
44	81	1.02039
44	93	1.00443
44	107	1.02514
44	133	0.989139
44	138	1.02456
44	154	1.03513
44	156	1.15924
44	159	1.02781
44	160	0.963507
44	161	1.02085
44	169	0.932785
44	170	1.04531
44	171	0.916213
44	179	0.852617
45	65	1.03232
45	95	0.986669
45	96	1.1485
45	101	0.999856
45	106	1.0003
45	139	0.691598
45	140	1.03024
45	154	1.02897
45	156	1.15219
45	159	1.02165
45	161	1.01469
45	170	1.03915
45	175	0.989879
45	179	0.846458
45	180	1.01847
46	18	0.977922
46	20	0.993805
46	56	0.892504
46	62	1.08252
46	108	1.39624
46	109	1.0544
46	119	0.924506
46	151	1.04103
46	156	1.03812
46	157	0.995197
46	167	1.10187
46	172	1.12231
46	176	1.19536
46	177	5.41594e-05
46	179	1.29782
47	49	0.983556
47	92	1.08747
47	115	0.964848
47	135	1.03493
47	137	0.92241
47	142	0.982539
47	148	1.01101
47	153	1.01207
47	160	1.00013
47	165	0.978476
47	166	0.992982
47	169	1.00074
47	171	1.02309
47	177	1.0171
47	180	0.987651
48	73	0.957523
48	82	0.986277
48	120	0.957752
48	133	1.07334
48	135	1.03379
48	144	0.951946
48	147	0.992773
48	153	1.01092
48	155	0.991759
48	161	1.02632
48	168	1.00414
48	171	1.02194
48	173	0.997751
48	178	1.00622
48	180	0.986506
49	47	0.983556
49	87	1.1239
49	126	0.983429
49	130	0.950227
49	133	1.04208
49	141	1.01395
49	150	0.90749
49	158	1.01025
49	160	0.998719
49	163	1.01863
49	166	0.991567
49	170	0.961185
49	171	1.02167
49	178	1.00595
49	180	0.986236
50	21	1.00678
50	105	1.0049
50	136	0.997051
50	147	1.0071
50	148	1.0161
50	150	0.953168
50	154	1.02135
50	158	1.02484
50	160	1.01331
50	164	1.03219
50	168	1.01847
50	175	1.01864
50	176	0.864071
50	178	1.02054
50	180	1.00083
51	82	0.988999
51	91	1.05584
51	102	1.0493
51	112	0.796285
51	123	0.983539
51	127	0.975136
51	137	1.00179
51	148	0.994063
51	157	0.99606
51	165	0.995487
51	166	1.04865
51	173	0.982903
51	174	1.0106
51	177	1.00173
51	180	1.12045
52	15	1.56708
52	67	1.67517
52	125	2.31997
52	149	0.796413
52	161	0.799764
52	162	0.78696
52	168	0.807196
52	169	0.802648
52	170	0.824226
52	172	0.678875
52	174	0.812217
52	175	0.807369
52	176	0.652798
52	179	0.631534
53	21	0.97838
53	34	1.12882
53	60	0.961721
53	143	0.950622
53	147	1.01376
53	152	0.942043
53	154	0.992953
53	155	1.01275
53	159	1.00669
53	160	1.01998
53	167	0.911354
53	168	1.02514
53	169	1.02059
53	178	1.02721
53	180	1.0075
54	5	1.11184
54	101	1.00196
54	119	1.20858
54	122	0.880007
54	128	1.00844
54	133	0.985089
54	138	1.02051
54	140	1.03235
54	159	1.02376
54	160	0.943062
54	161	1.0168
54	163	0.881726
54	170	1.04126
54	175	0.976482
54	176	0.869831
55	9	0.882717
55	62	0.765617
55	84	0.822427
55	125	1.25167
55	129	2.20765
55	140	0.925193
55	142	0.910115
55	159	0.9166
55	165	0.906985
55	169	0.912525
55	170	0.934103
55	176	0.762675
55	177	0.913223
55	178	0.919147
55	180	0.899434
56	18	0.844895
56	20	0.860778
56	24	0.00260941
56	38	0.92378
56	46	0.892504
56	62	0.949489
56	85	0.933186
56	109	0.921371
56	122	0.906728
56	155	0.00191425
56	156	0.905096
56	157	0.862171
56	172	1.94737
56	176	2.02042
56	179	2.12288
57	115	1.04931
57	118	1.08912
57	146	0.905025
57	148	0.941577
57	151	0.850738
57	152	0.895923
57	154	0.946833
57	158	1.09613
57	161	0.966219
57	164	1.10348
57	166	1.07745
57	169	1.08521
57	174	0.89266
57	176	0.935357
57	178	1.09183
57	180	1.07212
58	42	0.87926
58	96	1.09648
58	121	1.09323
58	130	1.07523
58	131	0.932056
58	149	1.07657
58	152	1.08826
58	162	1.06712
58	163	0.843105
58	168	0.900435
58	169	0.87372
58	172	0.959032
58	173	1.06468
58	174	1.09237
58	177	1.0835
58	178	0.876009
59	77	0.00185532
59	78	1.16602
59	109	1.00595
59	137	1.26675
59	138	1.28012
59	147	0.965746
59	155	0.964732
59	160	0.971963
59	165	1.32282
59	166	0.96481
59	168	0.977118
59	169	0.97257
59	171	0.994914
59	176	0.82272
59	177	1.36144
59	180	0.959479
60	17	0.919395
60	20	0.00469368
60	23	1.14015
60	53	0.961721
60	78	1.14739
60	83	0.942742
60	102	1.23359
60	104	1.54053
60	116	0.98658
60	131	0.980264
60	164	0.975919
60	168	0.962193
60	173	1.3328
60	175	0.962366
60	178	0.964268
60	180	0.944554
61	16	1.13362
61	118	0.958043
61	134	1.03409
61	142	1.06805
61	145	1.01072
61	146	1.05997
61	158	0.965054
61	160	0.953526
61	163	0.973433
61	168	0.958681
61	169	0.954133
61	171	0.976477
61	173	1.09259
61	175	0.958854
61	178	0.960756
61	180	0.941042
62	18	1.03491
62	20	1.05079
62	26	0.933769
62	38	1.11379
62	46	1.08252
62	55	0.765617
62	56	0.949489
62	85	1.1232
62	127	1.35865e-06
62	151	1.09802
62	156	1.09511
62	157	1.05218
62	167	1.12127
62	172	1.1417
62	176	1.21476
62	179	1.31721
63	71	1.07664
63	110	1.05575
63	138	1.08223
63	140	1.09407
63	147	0.898546
63	148	0.649515
63	154	1.09279
63	156	1.15979
63	158	0.903029
63	159	1.08547
63	161	1.07852
63	163	0.902725
63	166	0.954266
63	169	0.933339
63	170	1.10298
63	176	0.93155
64	16	0.926858
64	21	0.963428
64	75	0.914294
64	90	1.07525
64	103	1.02339
64	133	0.927346
64	138	0.962766
64	147	0.996687
64	153	0.994354
64	154	0.973333
64	156	1.25793
64	159	0.966013
64	160	1.0622
64	161	0.959054
64	170	0.983516
64	171	1.01491
65	45	1.03232
65	75	0.983619
65	89	1.09952
65	106	1.0553
65	113	0.997812
65	128	1.02002
65	146	0.660364
65	154	1.04266
65	155	1.04631
65	159	1.03534
65	161	1.02838
65	166	1.00167
65	169	0.98074
65	170	1.05284
65	172	0.907489
65	178	0.983029
65	180	1.07347
66	85	1.05529
66	93	1.02244
66	126	0.915037
66	138	1.01092
66	143	1.05404
66	156	1.0272
66	157	0.984272
66	159	1.01417
66	163	0.920179
66	164	1.00612
66	166	0.971721
66	169	0.950794
66	170	1.03167
66	173	0.991973
66	174	1.01967
66	175	1.01494
66	177	1.01079
67	11	1.03942
67	29	0.986458
67	39	1.04816
67	40	1.06101
67	52	1.67517
67	72	0.972631
67	76	1.04005
67	80	1.00776
67	117	1.01193
67	125	1.0174
67	129	1.01517
67	132	1.07543
67	167	0.962529
67	172	0.982962
67	176	1.05601
67	179	1.15847
67	180	0.00342837
68	83	1.02554
68	86	0.986747
68	94	0.950013
68	96	0.933123
68	101	1.00099
68	124	1.01239
68	126	1.02455
68	136	0.979676
68	142	0.97025
68	150	0.935794
68	153	1.05177
68	155	1.03261
68	166	1.03269
68	169	1.04045
68	174	0.949804
68	175	1.04517
68	180	1.02736
69	32	1.06102
69	86	1.16038
69	123	0.88869
69	127	0.996039
69	141	1.01621
69	145	1.01417
69	146	1.01743
69	148	1.01497
69	150	1.0349
69	158	0.902564
69	160	0.963596
69	162	1.00624
69	165	1.01639
69	166	0.953801
69	175	0.997016
69	177	1.02263
69	178	0.935164
70	2	0.00430575
70	9	0.966787
70	14	0.894967
70	29	0.896664
70	77	0.970417
70	80	0.917969
70	84	0.934275
70	117	0.92214
70	125	0.927607
70	129	0.925376
70	132	1.41024
70	151	0.944816
70	157	0.898981
70	167	1.29734
70	172	1.31777
70	176	1.39082
70	179	1.49328
71	11	0.61006
71	25	0.667544
71	40	0.562204
71	63	1.07664
71	77	0.691565
71	84	0.794749
71	125	1.224
71	127	0.985862
71	128	1.00051
71	129	2.17997
71	150	1.02472
71	160	1.01115
71	162	0.996065
71	168	1.0163
71	170	1.03333
71	171	1.0341
71	174	1.02132
72	9	1.01653
72	25	0.920417
72	29	0.946403
72	30	1.09024
72	40	1.02095
72	67	0.972631
72	77	1.02016
72	84	0.984014
72	108	1.41819
72	117	0.971879
72	125	0.977347
72	129	0.975115
72	151	0.994556
72	152	1.6183e-05
72	167	1.12383
72	172	1.14427
72	176	1.21732
72	179	1.31977
73	48	0.957523
73	90	1.04482
73	120	1.01568
73	127	0.95819
73	130	0.976503
73	142	0.981671
73	144	1.07284
73	146	0.979581
73	147	0.966259
73	150	0.997053
73	155	1.06663
73	162	0.968393
73	165	0.978541
73	168	1.02777
73	173	0.965957
73	174	0.993649
73	175	1.06519
73	177	0.984779
74	97	1.1141
74	102	0.937883
74	128	1.01021
74	130	1.02083
74	133	1.11268
74	135	1.02175
74	138	0.965781
74	153	0.998887
74	155	0.979722
74	158	0.998481
74	160	0.986953
74	164	1.00583
74	168	0.992108
74	171	1.0099
74	173	1.03709
74	176	0.83771
74	178	0.994182
74	180	0.974469
75	64	0.914294
75	65	0.983619
75	99	1.03477
75	101	0.951152
75	103	1.03032
75	126	1.16613
75	132	0.850072
75	133	0.934276
75	134	0.855644
75	140	0.981536
75	154	0.980263
75	159	0.972943
75	160	1.23261
75	161	0.965984
75	169	1.20189
75	170	0.990446
75	171	1.18532
75	172	0.845094
75	177	0.924162
76	1	0.919063
76	39	1.07552
76	67	1.04005
76	80	1.03513
76	84	1.05144
76	109	1.07534
76	117	1.0393
76	122	1.0607
76	125	1.04477
76	129	1.04254
76	132	1.57587
76	156	0.000551672
76	157	1.01614
76	164	0.00370016
76	167	1.46297
76	172	1.4834
76	176	1.55646
76	179	1.65891
76	180	0.00360018
77	15	1.00664
77	25	1.008
77	29	1.03398
77	30	1.0413
77	59	0.00185532
77	70	0.970417
77	71	0.691565
77	72	1.02016
77	80	1.05529
77	108	1.36926
77	117	1.05946
77	125	1.06493
77	129	1.06269
77	151	1.08214
77	157	1.0363
77	167	1.0749
77	172	1.09533
77	176	1.16838
77	179	1.27084
78	8	0.826106
78	59	1.16602
78	60	1.14739
78	122	0.823543
78	130	1.06051
78	136	1.08789
78	137	1.06885
78	145	1.06033
78	152	1.07354
78	160	0.886597
78	162	1.0524
78	165	1.06254
78	168	0.88259
78	173	1.04996
78	175	0.920017
78	176	0.918234
78	177	1.06878
78	179	0.89697
78	180	0.948606
79	36	1.06178
79	113	1.07866
79	120	0.970622
79	121	1.01366
79	128	0.983736
79	136	0.995501
79	151	0.923706
79	157	0.978202
79	158	1.01495
79	159	1.03353
79	162	0.999466
79	163	1.02333
79	164	1.0223
79	166	0.996266
79	168	1.00857
79	169	1.00403
79	172	0.880252
79	175	1.00875
79	178	1.01065
79	180	0.990935
80	1	0.886773
80	11	1.0345
80	24	0.98528
80	67	1.00776
80	70	0.917969
80	76	1.03513
80	77	1.05529
80	84	1.01915
80	108	1.53327
80	117	1.00701
80	122	1.02841
80	125	1.01248
80	129	1.01025
80	132	1.35181
80	139	2.03576e-05
80	156	0.00198999
80	167	1.23891
80	172	1.25934
80	176	1.3324
80	179	1.43485
81	28	1.06947
81	43	0.926409
81	44	1.02039
81	95	0.982272
81	101	0.995459
81	104	0.92112
81	110	0.987528
81	111	0.95684
81	128	1.00194
81	133	0.978583
81	135	0.898486
81	140	1.02584
81	154	1.02457
81	156	1.18365
81	159	1.01725
81	160	0.987914
81	161	1.01029
81	169	0.957192
81	170	1.03475
81	175	1.02133
82	23	1.10298
82	48	0.986277
82	51	0.988999
82	118	0.983332
82	136	1.0243
82	139	1.0011
82	140	0.833887
82	141	0.998769
82	143	1.04843
82	148	0.997521
82	153	0.992679
82	155	1.09538
82	157	0.998142
82	160	1.06053
82	165	0.998944
82	166	1.05073
82	173	0.986361
82	174	1.01405
82	177	1.00518
82	179	0.83337
83	60	0.942742
83	68	1.02554
83	92	1.0822
83	100	0.979262
83	118	1.00552
83	130	0.985556
83	137	0.917147
83	149	0.978826
83	153	1.01294
83	159	1.02473
83	160	1.001
83	163	1.02091
83	164	1.01988
83	166	0.993849
83	169	1.00161
83	170	0.996514
83	173	1.00182
83	177	1.01184
83	178	1.00823
83	180	0.988518
84	1	0.903079
84	25	0.971855
84	29	0.997841
84	39	1.05954
84	55	0.822427
84	70	0.934275
84	71	0.794749
84	72	0.984014
84	76	1.05144
84	80	1.01915
84	108	1.47244
84	117	1.02332
84	125	1.02878
84	129	1.02655
84	155	0.00169662
84	157	1.00016
84	167	1.17808
84	172	1.19851
84	176	1.27157
84	179	1.37402
85	18	1.0186
85	26	1.16651
85	38	1.09749
85	56	0.933186
85	62	1.1232
85	66	1.05529
85	106	1.03513
85	108	1.64837
85	109	1.09508
85	119	0.965188
85	122	1.08044
85	151	1.08171
85	156	1.0788
85	157	1.03588
85	160	0.00324012
85	164	0.00252656
85	167	1.35401
85	171	0.00649873
85	172	1.37444
85	176	1.44749
85	179	1.54995
86	68	0.986747
86	69	1.16038
86	98	1.17283
86	115	0.92692
86	116	0.991748
86	117	0.0018694
86	118	0.966724
86	131	0.985432
86	134	1.21029
86	145	1.18691
86	147	0.95599
86	151	1.18187
86	152	1.22706
86	158	0.973734
86	162	1.25763
86	163	0.982114
86	164	0.981087
86	169	0.962814
86	175	0.967534
86	178	0.969436
86	180	0.949722
87	49	1.1239
87	122	1.16635
87	124	0.981328
87	129	5.19281e-05
87	134	0.997556
87	139	0.969906
87	141	0.967572
87	143	1.01723
87	147	1.16389
87	150	0.98626
87	152	0.978745
87	162	0.957599
87	164	1.25401
87	165	0.967747
87	166	1.21961
87	167	0.864053
87	171	1.18211
87	173	0.955164
87	174	0.982856
87	177	0.973986
87	180	1.29142
88	27	1.11121
88	35	0.658066
88	92	0.935098
88	95	1.03725
88	105	1.01781
88	116	1.12367
88	143	1.02747
88	149	0.977289
88	150	0.996497
88	153	1.08152
88	157	1.08698
88	160	1.14937
88	162	0.967837
88	165	0.977985
88	168	1.14536
88	169	1.11865
88	173	0.965402
88	174	0.993093
88	176	0.833675
88	177	0.984223
88	179	0.812411
89	22	1.04524
89	65	1.09952
89	90	1.09989
89	94	0.723591
89	128	1.07353
89	133	1.05017
89	138	1.08559
89	140	1.09744
89	143	0.735224
89	144	1.12791
89	151	0.68146
89	159	1.08884
89	161	1.08188
89	167	0.975533
89	170	1.10634
89	171	1.03955
89	172	0.960993
89	174	0.723382
89	175	1.12026
89	176	0.934917
89	180	1.14885
90	19	0.92631
90	37	0.89861
90	64	1.07525
90	73	1.04482
90	89	1.09989
90	126	0.949019
90	131	0.987535
90	135	0.999108
90	138	1.01374
90	153	0.976244
90	158	0.975837
90	159	1.10796
90	160	0.96431
90	162	1.0739
90	163	0.984217
90	166	0.957157
90	171	0.987261
90	173	1.08505
90	175	0.969637
90	178	0.971539
90	180	0.951826
91	1	0.89569
91	14	0.988756
91	25	0.964466
91	51	1.05584
91	94	1.02461
91	104	0.926539
91	117	1.01593
91	129	1.01916
91	130	1.05313
91	137	0.98472
91	148	1.07332
91	155	1.01076
91	159	1.02267
91	161	1.01571
91	162	1.05824
91	169	1.01859
91	173	1.06939
91	176	0.868744
91	177	1.07941
91	179	0.84748
91	180	1.0055
92	8	1.09189
92	22	0.940548
92	47	1.08747
92	83	1.0822
92	88	0.935098
92	121	0.97851
92	127	0.942195
92	137	0.968849
92	141	0.96237
92	143	1.01203
92	149	0.96185
92	150	0.981058
92	151	0.988097
92	152	0.973543
92	155	1.18724
92	158	1.09135
92	163	1.09105
92	170	0.828607
92	173	0.949962
92	174	0.977654
92	177	0.968784
93	12	1.25739
93	44	1.00443
93	66	1.02244
93	131	0.980279
93	139	1.16654
93	142	1.08838
93	147	0.950837
93	153	0.968988
93	158	0.968582
93	160	0.957054
93	164	0.975934
93	165	1.08432
93	166	0.949901
93	167	0.848427
93	168	0.962209
93	170	1.10762
93	171	0.980005
93	174	1.06793
93	175	0.962382
93	178	0.964283
93	179	0.786547
93	180	0.94457
94	8	0.966728
94	68	0.950013
94	89	0.723591
94	91	1.02461
94	107	1.08885
94	120	1.08053
94	127	1.02303
94	135	0.937792
94	145	1.04117
94	149	1.04269
94	152	1.05438
94	153	0.959371
94	162	1.03324
94	165	1.04339
94	167	0.939691
94	172	0.925152
94	173	1.0308
94	174	1.05849
94	175	1.06064
94	177	1.04962
94	179	0.877811
94	180	1.08923
95	45	0.986669
95	81	0.982272
95	88	1.03725
95	99	1.08051
95	104	0.893554
95	106	1.3222
95	108	0.820877
95	112	0.988322
95	113	0.952158
95	120	0.919884
95	133	0.951017
95	140	0.998278
95	148	0.963808
95	154	0.997004
95	159	0.989684
95	161	0.982725
95	170	1.00719
95	174	0.91489
95	175	1.31177
95	176	0.835759
95	178	1.24992
95	179	0.814495
96	45	1.1485
96	58	1.09648
96	68	0.933123
96	123	0.953161
96	137	1.17937
96	141	1.3115
96	145	1.18217
96	152	1.22232
96	153	0.920517
96	156	0.92629
96	158	0.92011
96	163	0.928489
96	167	0.799955
96	168	0.913737
96	169	0.909189
96	170	1.25874
96	171	0.931533
96	175	0.91391
96	178	0.915812
96	179	0.738075
96	180	0.896098
97	74	1.1141
97	102	0.999468
97	115	1.11128
97	134	0.975461
97	135	1.05959
97	137	0.951956
97	139	0.947811
97	142	0.948783
97	146	0.946693
97	149	0.944957
97	152	0.95665
97	158	1.08798
97	162	0.935505
97	163	1.08768
97	165	0.945653
97	169	1.11829
97	171	1.10172
97	173	0.933069
97	174	0.960761
97	176	0.801343
97	177	0.951891
97	178	1.12058
98	86	1.17283
98	104	0.865303
98	120	1.04125
98	124	1.01769
98	136	1.02946
98	142	1.00724
98	143	1.05359
98	145	1.00189
98	146	1.00515
98	147	0.910531
98	149	1.00341
98	152	1.01511
98	158	0.915014
98	160	0.976046
98	165	1.00411
98	166	0.966251
98	173	0.991526
98	174	1.01922
98	175	1.00947
98	177	1.01035
98	178	0.947614
98	180	1.03806
99	16	0.915179
99	41	0.970261
99	75	1.03477
99	95	1.08051
99	105	0.866886
99	116	1.08832
99	121	0.877197
99	127	1.02163
99	131	1.082
99	150	0.815153
99	153	1.07071
99	155	1.05154
99	160	1.05878
99	163	1.07868
99	164	1.07766
99	168	1.06393
99	171	1.08173
99	173	0.874155
99	174	0.829162
99	175	1.0641
99	177	0.884174
99	178	1.066
99	180	1.04629
100	3	1.03049
100	35	0.890423
100	83	0.979262
100	114	0.959878
100	123	1.03814
100	135	1.02836
100	136	1.04813
100	144	0.946515
100	147	0.987342
100	148	1.06718
100	149	1.04026
100	151	0.97634
100	152	1.02152
100	158	1.00509
100	163	1.01347
100	166	0.986406
100	173	1.06325
100	174	1.01826
100	175	0.998886
100	176	0.844315
100	177	1.07327
100	178	1.00079
100	180	0.981074
101	13	1.33999
101	37	1.0752
101	45	0.999856
101	54	1.00196
101	68	1.00099
101	75	0.951152
101	81	0.995459
101	104	0.906741
101	112	1.00151
101	136	0.74461
101	138	0.999624
101	140	1.01146
101	141	0.80719
101	154	1.01019
101	156	1.27393
101	159	1.00287
101	160	1.0782
101	161	0.995912
101	168	1.07419
101	170	1.02037
101	175	1.11162
101	177	0.769749
101	179	0.827682
102	32	1.10388
102	51	1.0493
102	60	1.23359
102	74	0.937883
102	97	0.999468
102	110	0.679235
102	114	1.06579
102	121	1.07521
102	122	0.90974
102	134	1.08906
102	142	1.06238
102	145	1.05703
102	148	1.05782
102	152	1.07024
102	158	0.911763
102	161	0.682891
102	162	1.0491
102	163	0.911458
102	171	0.925501
102	173	1.04666
102	174	1.07436
102	177	1.06549
102	178	0.944362
103	3	0.969475
103	8	0.96049
103	64	1.02339
103	75	1.03032
103	110	1.05232
103	113	1.04452
103	128	1.06673
103	138	1.07879
103	154	1.08936
103	156	1.21671
103	157	0.958596
103	159	1.08204
103	160	1.02098
103	161	1.07508
103	163	0.959645
103	164	1.04559
103	165	0.673902
103	167	0.968733
103	170	1.09954
103	172	0.954193
103	176	0.928117
103	177	0.71253
103	179	0.906853
103	180	1.08299
104	10	0.954943
104	22	0.884929
104	60	1.54053
104	81	0.92112
104	91	0.926539
104	95	0.893554
104	98	0.865303
104	101	0.906741
104	110	0.898811
104	111	1.24866
104	113	0.891006
104	138	0.925285
104	140	0.937126
104	153	1.21188
104	154	0.935853
104	157	1.21734
104	159	0.928532
104	161	0.921573
104	166	1.26993
104	168	1.27572
104	170	0.946035
104	176	0.774607
104	177	0.971278
104	179	0.753344
105	50	1.0049
105	88	1.01781
105	99	0.866886
105	109	0.957349
105	112	0.802574
105	116	1.03904
105	121	1.06122
105	126	0.998255
105	137	1.05156
105	139	1.04741
105	141	1.04508
105	148	1.04383
105	149	1.04456
105	152	1.05625
105	155	1.09959
105	165	1.04525
105	166	1.05494
105	167	0.94156
105	170	0.740956
105	173	1.03267
105	174	1.06036
105	176	0.900944
105	177	1.05149
105	178	1.0363
106	4	1.04459
106	21	1.11045
106	33	1.03217
106	38	1.02573
106	45	1.0003
106	65	1.0553
106	85	1.03513
106	95	1.3222
106	113	1.18389
106	115	0.95405
106	128	1.08896
106	129	0.00486229
106	131	1.01256
106	138	1.04454
106	139	0.986561
106	150	1.00291
106	151	1.00995
106	156	1.00704
106	157	0.964118
106	158	1.00086
106	161	1.14441
106	166	0.982183
106	174	0.999511
106	177	0.990641
106	178	0.996565
107	9	0.00616105
107	44	1.02514
107	94	1.08885
107	108	0.858
107	111	0.986141
107	144	0.975082
107	146	1.10101
107	153	1.03406
107	154	1.14282
107	155	1.01489
107	159	1.15655
107	160	1.02213
107	161	1.1622
107	162	1.12248
107	163	1.04203
107	164	1.04101
107	165	1.10503
107	166	1.01497
107	168	1.02728
107	171	1.04508
107	174	1.08865
107	175	1.02745
107	176	0.872882
107	178	1.02935
107	180	1.00964
108	38	1.16223
108	46	1.39624
108	72	1.41819
108	77	1.36926
108	80	1.53327
108	84	1.47244
108	85	1.64837
108	95	0.820877
108	107	0.858
108	136	0.871591
108	140	0.864449
108	143	0.895722
108	152	0.857237
108	154	0.863175
108	156	0.868881
108	159	0.855855
108	160	0.851173
108	164	0.870053
108	166	0.84402
108	170	0.873358
108	172	0.728007
108	173	0.833657
108	174	0.861349
108	176	0.70193
108	179	0.680666
109	20	1.02267
109	40	1.0963
109	46	1.0544
109	56	0.921371
109	59	1.00595
109	76	1.07534
109	85	1.09508
109	105	0.957349
109	117	1.04722
109	121	0.967659
109	125	1.05269
109	128	0.937733
109	129	1.05046
109	134	0.906118
109	142	0.940072
109	144	1.00224
109	145	0.882746
109	149	0.941622
109	157	1.02406
109	158	1.06081
109	159	0.987531
109	162	0.953463
109	170	0.95931
109	173	0.964617
109	175	1.05461
109	180	1.0368
110	10	1.02135
110	63	1.05575
110	81	0.987528
110	102	0.679235
110	103	1.05232
110	104	0.898811
110	112	0.993579
110	113	0.957414
110	116	1.07122
110	119	1.36243
110	123	1.02201
110	128	0.979627
110	138	0.991693
110	140	1.00353
110	154	1.00226
110	156	1.29265
110	157	1.03453
110	159	0.99494
110	161	0.987981
110	163	1.03558
110	164	1.12152
110	170	1.01244
110	171	1.04962
110	174	0.73345
110	176	0.841015
110	179	0.819751
111	81	0.95684
111	104	1.24866
111	107	0.986141
111	136	1.02581
111	144	0.93227
111	146	1.0083
111	150	0.981927
111	153	0.991248
111	155	0.972083
111	156	0.997022
111	158	0.990842
111	159	1.06384
111	161	1.0695
111	163	0.999221
111	164	0.998194
111	165	1.01232
111	166	0.972161
111	168	0.984469
111	169	0.979921
111	170	1.03562
111	171	1.00227
111	172	0.856147
111	174	0.995936
111	175	0.984641
111	178	0.986543
111	180	0.96683
112	16	0.984146
112	19	1.15232
112	51	0.796285
112	95	0.988322
112	101	1.00151
112	105	0.802574
112	110	0.993579
112	113	0.985774
112	120	0.769843
112	128	1.00799
112	133	0.984634
112	138	1.02005
112	153	1.06047
112	154	1.03062
112	156	1.32405
112	159	1.0233
112	161	1.01634
112	164	1.15292
112	166	1.11852
112	167	0.909991
112	168	1.12431
112	170	1.0408
112	172	0.895452
112	176	0.869375
112	178	1.09988
112	179	0.848112
113	22	0.943532
113	37	1.05947
113	65	0.997812
113	79	1.07866
113	95	0.952158
113	103	1.04452
113	104	0.891006
113	106	1.18389
113	110	0.957414
113	112	0.985774
113	119	1.40556
113	130	0.805307
113	133	0.948469
113	134	0.763073
113	138	0.983889
113	140	0.99573
113	143	0.788422
113	149	0.798578
113	154	0.994456
113	156	1.33578
113	159	0.987136
113	161	0.980177
113	166	1.13025
113	167	0.873827
113	170	1.00464
113	178	1.11161
114	31	1.24697
114	100	0.959878
114	102	1.06579
114	129	0.0200666
114	135	1.01642
114	139	1.21861
114	145	1.08313
114	147	0.975402
114	153	0.993553
114	155	0.974388
114	158	0.993146
114	160	0.981618
114	162	1.15384
114	163	1.00153
114	165	1.13639
114	166	0.974466
114	168	0.986773
114	169	0.982226
114	171	1.00457
114	173	1.165
114	174	1.12001
114	175	0.986946
114	177	1.17502
114	178	0.988848
114	179	0.811111
114	180	0.969134
115	2	0.992126
115	3	1.01694
115	34	1.17932
115	47	0.964848
115	57	1.04931
115	86	0.92692
115	97	1.11128
115	106	0.95405
115	120	0.994269
115	132	0.861823
115	138	0.962958
115	141	1.08173
115	142	1.00972
115	146	1.00164
115	147	0.973796
115	155	0.972781
115	156	0.997721
115	158	0.99154
115	161	1.06284
115	165	1.00566
115	166	0.97286
115	168	0.985167
115	174	0.989276
115	175	0.98534
115	178	0.987242
115	180	0.967528
116	41	0.956325
116	60	0.98658
116	86	0.991748
116	88	1.12367
116	99	1.08832
116	105	1.03904
116	110	1.07122
116	117	0.0075053
116	128	1.01942
116	135	1.07964
116	150	0.987305
116	154	1.05549
116	158	1.05637
116	160	1.04484
116	162	1.03515
116	163	1.06475
116	164	1.06372
116	165	1.0177
116	166	1.03769
116	168	1.04999
116	169	1.04545
116	170	1.041
116	174	1.00131
116	175	1.05017
116	178	1.05207
116	180	1.03236
117	2	0.00420546
117	9	1.05583
117	11	1.03867
117	14	0.98401
117	15	0.958368
117	26	1.60405
117	30	1.75795
117	67	1.01193
117	70	0.92214
117	72	0.971879
117	76	1.0393
117	77	1.05946
117	80	1.00701
117	84	1.02332
117	86	0.0018694
117	91	1.01593
117	109	1.04722
117	116	0.0075053
117	125	1.01665
117	129	1.01442
117	131	0.0060077
117	132	1.90445
117	151	1.03386
117	156	0.00120503
117	172	1.81198
117	176	1.88504
117	179	1.98749
118	57	1.08912
118	61	0.958043
118	82	0.983332
118	83	1.00552
118	86	0.966724
118	126	1.00453
118	134	0.936308
118	136	0.979687
118	139	1.04842
118	143	0.961657
118	144	0.972772
118	147	1.0136
118	155	1.01258
118	160	1.01982
118	162	0.983653
118	163	1.03972
118	165	0.966199
118	166	1.01266
118	168	1.02497
118	169	1.02042
118	170	0.9895
118	173	0.994807
118	174	0.949815
118	175	1.02514
118	177	1.00483
118	178	1.02705
118	180	1.00733
119	4	1.26627
119	20	0.89278
119	22	1.44415
119	46	0.924506
119	54	1.20858
119	85	0.965188
119	110	1.36243
119	113	1.40556
119	125	0.00110615
119	127	0.894106
119	133	1.41311
119	145	0.912238
119	147	0.913173
119	156	0.937098
119	157	0.894172
119	161	1.36609
119	162	0.904309
119	165	0.914457
119	166	0.912237
119	167	0.810763
119	169	0.919997
119	170	1.33221
119	173	0.901873
119	177	0.920695
119	178	0.926619
119	179	0.748883
119	180	0.906906
120	36	0.913983
120	42	1.00682
120	48	0.957752
120	73	1.01568
120	79	0.970622
120	94	1.08053
120	95	0.919884
120	98	1.04125
120	112	0.769843
120	115	0.994269
120	121	1.05854
120	123	0.957097
120	124	1.05616
120	134	1.07238
120	137	1.04888
120	139	1.04473
120	141	1.0424
120	142	1.04571
120	147	0.966488
120	150	1.06109
120	152	1.05357
120	160	1.032
120	165	1.04258
120	170	0.708225
120	173	1.02999
120	174	1.05768
120	177	1.04881
120	178	1.00357
121	12	0.930655
121	58	1.09323
121	79	1.01366
121	92	0.97851
121	99	0.877197
121	102	1.07521
121	105	1.06122
121	109	0.967659
121	120	1.05854
121	128	0.729689
121	135	0.985617
121	141	1.02122
121	143	1.07088
121	146	1.02244
121	147	1.00953
121	151	1.04695
121	152	1.03239
121	157	1.01266
121	158	1.01401
121	159	0.779487
121	162	1.01125
121	165	1.0214
121	171	1.02775
121	172	0.903163
121	173	1.00881
121	174	1.0365
121	177	1.02763
121	178	1.04661
121	180	1.13705
122	14	1.00541
122	18	0.992146
122	25	0.981118
122	38	1.07103
122	39	1.0688
122	54	0.880007
122	56	0.906728
122	76	1.0607
122	78	0.823543
122	80	1.02841
122	85	1.08044
122	87	1.16635
122	102	0.90974
122	138	0.937638
122	145	0.927076
122	149	0.985953
122	150	0.949945
122	151	1.05526
122	156	1.05235
122	157	1.00942
122	161	1.03751
122	162	0.997793
122	166	1.02749
122	167	0.926011
122	169	1.03525
122	171	1.05759
122	174	0.963955
122	177	1.01897
122	178	1.04187
123	13	0.90877
123	33	0.939499
123	51	0.983539
123	69	0.88869
123	96	0.953161
123	100	1.03814
123	110	1.02201
123	120	0.957097
123	124	1.01469
123	128	0.970211
123	131	1.0831
123	142	0.97255
123	144	1.01283
123	145	0.915224
123	147	1.05366
123	153	1.07181
123	155	1.05265
123	158	1.07141
123	162	0.985941
123	163	1.07978
123	164	1.07876
123	167	0.951251
123	171	1.08283
123	172	0.936711
123	173	0.997095
123	174	0.952103
123	176	0.910634
123	178	1.06711
123	180	1.04739
124	6	1.03959
124	68	1.01239
124	87	0.981328
124	98	1.01769
124	120	1.05616
124	123	1.01469
124	134	1.04882
124	135	1.00017
124	136	1.04436
124	139	1.02117
124	145	1.01679
124	146	1.02005
124	148	1.01759
124	149	1.01832
124	154	0.780305
124	158	1.02856
124	162	1.00886
124	163	1.02826
124	167	0.915319
124	168	1.08559
124	169	1.05887
124	170	0.765817
124	171	1.0423
124	173	1.00643
124	174	1.03412
124	175	1.12301
124	176	0.874702
124	177	1.02525
124	178	1.06116
124	179	0.853439
125	1	0.896411
125	9	1.0613
125	11	1.04414
125	15	0.963835
125	24	0.994918
125	26	1.41983
125	29	0.991174
125	39	1.05287
125	52	2.31997
125	55	1.25167
125	67	1.0174
125	70	0.927607
125	71	1.224
125	72	0.977347
125	76	1.04477
125	77	1.06493
125	80	1.01248
125	84	1.02878
125	109	1.05269
125	117	1.01665
125	119	0.00110615
125	129	1.01989
125	133	5.86269e-05
125	151	1.03933
125	157	0.99349
125	166	0.00729071
125	167	1.60733
125	172	1.62776
125	175	0.00359135
125	176	1.70081
125	178	0.00186335
125	179	1.80327
126	49	0.983429
126	66	0.915037
126	68	1.02455
126	75	1.16613
126	90	0.949019
126	105	0.998255
126	118	1.00453
126	131	1.02323
126	139	1.05913
126	140	1.09735
126	141	1.05298
126	144	0.952964
126	145	0.923652
126	147	0.993791
126	148	1.00945
126	155	0.992777
126	157	0.974791
126	158	1.01154
126	160	1.00001
126	162	0.994369
126	163	1.01992
126	164	1.01889
126	166	0.992855
126	168	1.00516
126	170	1.00022
126	171	1.02296
126	173	1.00552
126	174	0.960531
126	175	1.00534
126	177	1.01554
126	178	1.00724
126	179	0.829501
126	180	0.987524
127	10	0.761217
127	27	1.11831
127	51	0.975136
127	62	1.35865e-06
127	69	0.996039
127	71	0.985862
127	73	0.95819
127	92	0.942195
127	94	1.02303
127	99	1.02163
127	119	0.894106
127	128	0.874126
127	130	0.983044
127	134	1.01489
127	135	1.13005
127	136	1.01043
127	137	0.991385
127	141	0.984906
127	146	0.986122
127	148	0.983658
127	150	1.00359
127	153	1.15163
127	154	0.910192
127	155	1.25433
127	157	1.1571
127	165	0.985082
127	168	1.21547
127	173	0.972499
127	174	1.00019
127	175	1.2529
127	177	0.99132
127	178	1.19105
127	180	1.28149
128	17	1.04543
128	21	1.00676
128	31	0.959826
128	35	1.2225
128	54	1.00844
128	65	1.02002
128	71	1.00051
128	74	1.01021
128	79	0.983736
128	81	1.00194
128	89	1.07353
128	103	1.06673
128	106	1.08896
128	109	0.937733
128	110	0.979627
128	112	1.00799
128	116	1.01942
128	121	0.729689
128	123	0.970211
128	127	0.874126
128	132	0.886478
128	133	0.970682
128	138	1.0061
128	140	1.01794
128	154	1.01667
128	156	1.24085
128	159	1.00935
128	160	1.04512
128	161	1.00239
128	168	1.04111
128	170	1.02685
128	171	0.997824
128	172	0.8815
128	178	1.01669
128	179	0.83416
129	1	0.89418
129	9	1.05906
129	11	1.04191
129	14	0.987245
129	15	0.961603
129	25	0.962956
129	29	0.988942
129	34	5.70589e-05
129	39	1.05064
129	40	1.06349
129	55	2.20765
129	67	1.01517
129	70	0.925376
129	71	2.17997
129	72	0.975115
129	76	1.04254
129	77	1.06269
129	80	1.01025
129	84	1.02655
129	87	5.19281e-05
129	91	1.01916
129	106	0.00486229
129	109	1.05046
129	114	0.0200666
129	117	1.01442
129	125	1.01989
129	141	4.54011e-06
129	151	1.03709
129	157	0.991259
129	167	2.5633
129	168	0.00499922
129	172	2.58374
129	173	4.41612e-06
129	175	0.00164696
129	176	2.65679
129	179	2.75924
129	180	0.00274483
130	4	0.666014
130	6	1.02397
130	49	0.950227
130	58	1.07523
130	73	0.976503
130	74	1.02083
130	78	1.06051
130	83	0.985556
130	91	1.05313
130	113	0.805307
130	127	0.983044
130	131	1.08335
130	134	1.0332
130	136	1.02875
130	137	1.0097
130	139	1.00555
130	142	1.00652
130	143	1.05288
130	146	1.00443
130	147	0.990222
130	149	1.0027
130	150	1.02191
130	152	1.01439
130	156	1.02604
130	157	0.993351
130	158	0.994705
130	162	0.993247
130	164	1.08034
130	165	1.00339
130	169	1.02502
130	171	1.00844
130	173	0.990811
130	174	1.0185
130	176	0.859085
130	177	1.00963
130	178	1.0273
130	180	1.11775
131	28	0.981794
131	32	0.983161
131	42	1.03802
131	58	0.932056
131	60	0.980264
131	86	0.985432
131	90	0.987535
131	93	0.980279
131	99	1.082
131	106	1.01256
131	117	0.0060077
131	123	1.0831
131	126	1.02323
131	130	1.08335
131	138	1.02831
131	143	1.06647
131	144	0.99148
131	146	1.06699
131	148	1.10354
131	151	1.0127
131	152	1.05789
131	153	1.05046
131	155	1.03129
131	161	1.12818
131	164	1.0574
131	165	1.07101
131	166	1.03137
131	167	0.929897
131	169	1.03913
131	170	1.09431
131	171	1.06148
131	172	0.915357
131	174	1.05462
131	175	1.04385
131	177	1.10964
131	179	0.868017
131	180	1.02604
132	14	1.08726
132	18	1.08726
132	25	1.16378
132	29	1.33428
132	34	0.980197
132	38	0.980773
132	39	1.17041
132	40	1.05844
132	67	1.07543
132	70	1.41024
132	75	0.850072
132	76	1.57587
132	80	1.35181
132	115	0.861823
132	117	1.90445
132	128	0.886478
132	133	0.863124
132	141	0.892001
132	148	0.890753
132	153	0.909044
132	154	0.909111
132	159	0.901791
132	161	0.894832
132	162	0.882028
132	164	0.91599
132	165	0.892176
132	167	0.788482
132	168	0.902264
132	170	0.919294
132	171	0.920061
132	172	0.773943
132	173	0.879593
132	174	0.907285
132	175	0.902437
132	176	0.747866
132	177	0.898415
132	178	0.904339
132	179	0.726602
133	2	1.68095
133	16	0.946841
133	24	0.957524
133	31	0.936472
133	37	1.05833
133	43	1.08609
133	44	0.989139
133	48	1.07334
133	49	1.04208
133	54	0.985089
133	64	0.927346
133	74	1.11268
133	75	0.934276
133	81	0.978583
133	89	1.05017
133	95	0.951017
133	112	0.984634
133	113	0.948469
133	119	1.41311
133	125	5.86269e-05
133	128	0.970682
133	132	0.863124
133	136	0.814002
133	138	0.982748
133	154	0.993316
133	155	1.18245
133	156	1.34332
133	159	0.985995
133	160	1.14759
133	161	0.979036
133	163	1.08626
133	167	0.872686
133	170	1.0035
133	171	1.1003
133	172	0.858147
133	176	0.83207
133	178	1.11916
133	179	0.810806
134	17	1.01382
134	23	1.13927
134	32	1.07987
134	61	1.03409
134	75	0.855644
134	86	1.21029
134	87	0.997556
134	97	0.975461
134	102	1.08906
134	109	0.906118
134	113	0.763073
134	118	0.936308
134	120	1.07238
134	124	1.04882
134	127	1.01489
134	130	1.0332
134	136	1.06059
134	137	1.04154
134	139	1.0374
134	140	0.786863
134	142	1.03837
134	145	1.03302
134	146	1.03628
134	148	1.03382
134	149	1.03454
134	150	1.05375
134	153	0.945655
134	157	0.951117
134	161	0.723599
134	162	1.02509
134	164	1.03811
134	168	1.0095
134	171	0.966209
134	173	1.02266
134	176	0.89093
