1	10	0.914104
1	32	0.871301
1	35	0.864403
1	38	0.774407
1	47	0.846712
1	50	0.843363
1	65	0.814255
1	68	0.809743
1	99	0.870818
1	151	0.789718
1	174	1.85325
1	178	2.66088
2	85	2.37067
2	106	0.902085
2	107	0.846045
2	112	2.13561
2	136	0.855901
2	140	0.847324
2	142	0.862176
2	146	0.853591
2	154	0.873378
2	173	0.815843
2	176	0.751982
2	179	0.791618
3	98	3.15239
3	144	0.800131
3	152	0.77467
3	160	0.793808
3	166	0.742813
3	170	0.777316
3	171	0.785628
3	172	0.718678
3	174	0.768088
3	177	0.719032
3	178	0.73805
3	180	0.781762
4	117	0.65605
4	122	1.96509
4	159	0.83606
4	164	0.885311
4	169	0.85336
4	170	0.855429
4	171	0.863741
4	174	0.846201
4	175	0.786481
4	177	0.797145
4	178	0.816163
4	180	0.859874
5	24	0.866499
5	26	0.872189
5	39	0.850693
5	41	0.84604
5	43	0.840384
5	57	0.82396
5	59	0.827035
5	78	0.798495
5	86	0.837855
5	88	0.837858
5	172	2.12763
5	175	2.43275
6	126	0.973876
6	136	0.956308
6	137	1.42185
6	143	0.956141
6	146	0.953998
6	147	0.925137
6	154	0.973784
6	159	1.85185
6	171	1.65243
6	173	0.916249
6	176	0.852389
6	179	0.892025
7	90	0.938063
7	105	0.90346
7	111	0.936038
7	116	0.926184
7	117	0.971842
7	121	0.950429
7	124	0.902555
7	127	0.927475
7	148	0.944169
7	156	1.47
7	158	1.91822
7	170	1.52335
8	51	0.953166
8	76	0.979145
8	92	0.940396
8	104	0.921722
8	110	0.908455
8	118	0.923758
8	122	0.916479
8	129	0.932326
8	130	0.92489
8	162	0.965767
8	174	1.47904
8	177	2.46697
9	125	1.91388
9	126	0.85876
9	136	0.841193
9	138	0.870192
9	140	0.832616
9	142	0.847467
9	143	0.841025
9	146	0.838883
9	147	0.810021
9	154	0.858669
9	160	2.49634
9	173	0.801134
10	1	0.914104
10	19	1.01678
10	35	0.995097
10	50	0.974057
10	64	0.937347
10	68	0.940437
10	99	1.00151
10	151	0.920412
10	160	1.15068
10	170	1.39899
10	173	2.04546
11	136	0.871501
11	140	0.862925
11	143	0.871334
11	146	0.869191
11	147	0.84033
11	154	0.888978
11	164	2.13923
11	167	0.789458
11	173	0.831443
11	176	0.767582
11	179	0.807219
11	180	2.33763
12	20	1.69636
12	26	1.04903
12	132	0.890433
12	144	0.876439
12	165	0.835626
12	166	0.819121
12	168	0.872302
12	170	0.853625
12	175	0.784677
12	177	0.79534
12	178	0.814359
12	180	0.85807
13	21	0.892154
13	40	0.945855
13	41	0.953398
13	43	0.947742
13	57	0.931317
13	59	0.934393
13	78	0.905853
13	86	0.945213
13	88	0.945215
13	128	1.98482
13	153	1.21574
13	168	1.68308
14	73	1.32814
14	83	0.821103
14	108	0.150891
14	155	0.932074
14	158	0.94945
14	161	0.874933
14	171	0.976108
14	172	0.909157
14	174	0.958568
14	175	0.898848
14	178	0.928529
14	180	0.972241
15	38	0.788865
15	68	0.8242
15	99	0.885275
15	108	0.879149
15	111	0.849014
15	117	0.884818
15	124	0.815532
15	127	0.840451
15	133	0.829244
15	141	1.93758
15	149	2.45963
15	151	0.804176
16	91	0.844216
16	98	0.834639
16	101	0.818812
16	105	0.802665
16	108	0.865378
16	109	0.871095
16	117	0.871047
16	121	0.849634
16	127	0.82668
16	131	1.96287
16	133	0.815472
16	151	2.52638
17	101	0.922033
17	103	0.923677
17	105	0.905886
17	108	0.968599
17	121	0.952855
17	124	0.904981
17	127	0.929901
17	137	0.945511
17	148	0.946595
17	160	0.722354
17	161	3.89065
17	173	0.660022
18	67	1.62521
18	97	0.899461
18	120	0.888389
18	138	0.887113
18	140	0.849537
18	143	0.857946
18	154	0.87559
18	159	2.79651
18	167	0.776071
18	173	0.818055
18	176	0.754195
18	179	0.793831
19	10	1.01678
19	38	0.877082
19	42	0.947508
19	50	0.946038
19	65	0.91693
19	68	0.912417
19	99	0.973492
19	133	0.91746
19	151	0.892393
19	158	1.97762
19	170	1.58275
19	180	1.3673
20	12	1.69636
20	62	0.952361
20	107	0.944587
20	115	1.2937
20	135	1.44571
20	142	0.960717
20	143	0.954276
20	146	0.952133
20	147	0.923272
20	154	0.97192
20	176	0.850524
20	179	0.89016
21	13	0.892154
21	26	0.867025
21	39	0.845529
21	41	0.840876
21	43	0.835219
21	48	0.839759
21	59	0.821871
21	78	0.793331
21	86	0.832691
21	88	0.832693
21	152	2.06489
21	173	2.45645
22	56	0.823634
22	90	0.833839
22	98	0.831209
22	101	0.815383
22	108	0.861949
22	111	0.831814
22	116	0.82196
22	121	0.846205
22	124	0.798331
22	127	0.823251
22	133	0.812043
22	153	1.8866
22	174	2.87273
23	90	0.839334
23	91	0.846281
23	98	0.836704
23	101	0.820877
23	109	0.87316
23	116	0.827454
23	121	0.851699
23	124	0.803826
23	127	0.828745
23	133	0.817537
23	145	0.75421
23	167	2.11259
23	175	2.71685
24	5	0.866499
24	25	0.939443
24	26	0.948727
24	43	0.916921
24	48	0.921461
24	57	0.900497
24	59	0.903572
24	78	0.875033
24	86	0.914393
24	88	0.914395
24	159	1.87832
24	170	1.76915
24	180	1.55371
25	24	0.939443
25	39	0.923638
25	40	0.911442
25	41	0.918985
25	48	0.917868
25	57	0.896904
25	59	0.89998
25	78	0.87144
25	86	0.9108
25	88	0.910802
25	144	1.42327
25	155	2.14553
25	169	1.67464
26	5	0.872189
26	12	1.04903
26	21	0.867025
26	24	0.948727
26	39	0.932922
26	43	0.922612
26	48	0.927151
26	59	0.909263
26	78	0.880724
26	86	0.920084
26	88	0.920086
26	134	1.92077
26	179	1.82234
27	54	0.941862
27	69	2.24565
27	115	1.38582
27	135	1.53784
27	138	0.955942
27	140	0.918366
27	142	0.933217
27	143	0.926775
27	146	0.924633
27	154	0.944419
27	167	0.844899
27	173	0.886884
27	176	0.823024
28	55	0.849381
28	80	0.80815
28	87	0.795443
28	100	0.838122
28	102	0.836116
28	110	0.8118
28	114	0.850652
28	118	0.827103
28	122	0.819824
28	125	2.15336
28	129	0.835671
28	130	0.828234
28	168	2.59838
29	43	0.874027
29	49	2.16756
29	72	0.88309
29	158	0.824481
29	164	0.872709
29	165	0.824829
29	170	0.842827
29	172	0.784189
29	174	0.833599
29	177	0.784543
29	178	0.803561
29	179	0.798946
29	180	0.847272
30	54	0.857765
30	94	0.853328
30	107	0.832989
30	138	0.871845
30	142	0.84912
30	143	0.842678
30	147	0.811675
30	154	0.860322
30	155	2.84648
30	168	1.9467
30	173	0.802787
30	176	0.738927
30	179	0.778563
31	56	0.862933
31	95	0.929609
31	104	0.830047
31	141	0.977902
31	152	0.929387
31	167	0.870392
31	168	0.950711
31	170	0.932033
31	172	0.873395
31	175	0.863086
31	177	0.873749
31	178	0.892767
31	180	0.936479
32	1	0.871301
32	42	0.932724
32	47	0.934603
32	49	0.92804
32	64	0.894543
32	65	0.902146
32	68	0.897634
32	99	0.958709
32	132	1.40273
32	133	0.902677
32	151	0.877609
32	160	1.80569
32	171	1.96374
33	63	0.828455
33	70	0.829746
33	80	0.809177
33	92	0.844767
33	102	0.837143
33	110	0.812826
33	115	0.823645
33	118	0.828129
33	122	0.82085
33	129	0.836697
33	130	0.829261
33	137	2.17415
33	159	2.60415
34	36	1.84538
34	106	0.887223
34	138	0.870039
34	140	0.832463
34	142	0.847314
34	143	0.840872
34	146	0.83873
34	147	0.809868
34	154	0.858516
34	170	2.88281
34	173	0.800981
34	176	0.737121
34	179	0.776757
35	1	0.864403
35	10	0.995097
35	46	1.41301
35	47	0.927705
35	49	0.921142
35	64	0.887645
35	65	0.895248
35	68	0.890736
35	99	0.951811
35	133	0.895779
35	151	0.870711
35	164	0.716367
35	175	3.11497
36	34	1.84538
36	147	1.64442
36	157	0.853246
36	159	0.840749
36	166	0.825614
36	169	0.858049
36	174	0.85089
36	175	0.79117
36	176	0.7766
36	177	0.801833
36	178	0.820852
36	179	0.816237
36	180	0.864563
37	51	0.911824
37	55	0.904695
37	80	0.863464
37	92	0.899054
37	95	0.899643
37	100	0.893436
37	104	0.88038
37	110	0.867113
37	114	0.905965
37	129	0.890985
37	130	0.883548
37	166	1.42093
37	172	2.45638
37	178	1.7174
38	1	0.774407
38	15	0.788865
38	19	0.877082
38	42	0.83583
38	47	0.837709
38	50	0.83436
38	64	0.797649
38	65	0.805252
38	68	0.800739
38	99	0.861815
38	115	2.49239
38	133	0.805783
38	151	0.780715
38	162	2.55027
39	5	0.850693
39	21	0.845529
39	25	0.923638
39	26	0.932922
39	40	0.899229
39	41	0.906773
39	43	0.901116
39	57	0.884692
39	78	0.859228
39	86	0.898588
39	88	0.89859
39	119	1.547
39	141	1.40826
39	156	2.46889
40	13	0.945855
40	25	0.911442
40	39	0.899229
40	41	0.894576
40	43	0.88892
40	48	0.893459
40	57	0.872495
40	59	0.875571
40	72	1.40054
40	78	0.847031
40	86	0.886391
40	88	0.886393
40	144	1.93756
40	170	2.14579
41	5	0.84604
41	13	0.953398
41	21	0.840876
41	25	0.918985
41	39	0.906773
41	40	0.894576
41	43	0.896463
41	48	0.901002
41	78	0.854575
41	86	0.893935
41	88	0.893937
41	97	1.38701
41	170	1.70138
41	179	2.43923
42	19	0.947508
42	32	0.932724
42	38	0.83583
42	47	0.908135
42	49	0.901571
42	64	0.868075
42	65	0.875678
42	68	0.871165
42	99	0.932241
42	133	0.876209
42	151	0.851141
42	169	1.8615
42	171	1.72809
42	174	1.95139
43	5	0.840384
43	13	0.947742
43	21	0.835219
43	24	0.916921
43	26	0.922612
43	29	0.874027
43	39	0.901116
43	40	0.88892
43	41	0.896463
43	57	0.874382
43	86	0.888278
43	88	0.88828
43	174	0.847364
43	176	3.38922
44	64	1.4513
44	77	0.902595
44	91	0.545449
44	116	0.996997
44	143	0.924559
44	147	0.893556
44	156	0.895519
44	165	0.886327
44	170	0.904325
44	171	0.912637
44	177	0.846041
44	178	0.865059
44	179	0.860444
44	180	0.908771
45	54	0.984198
45	60	0.675472
45	140	1.13165
45	160	0.927294
45	164	0.940685
45	170	0.910803
45	171	0.919115
45	172	0.852164
45	174	0.901575
45	175	0.841855
45	177	0.852518
45	178	0.871536
45	179	0.866921
45	180	0.915248
46	35	1.41301
46	56	2.36669
46	93	0.83458
46	144	0.858151
46	155	0.799616
46	158	0.816992
46	159	0.815968
46	161	0.742474
46	170	0.835337
46	171	0.843649
46	174	0.826109
46	178	0.796071
46	179	0.791456
46	180	0.839783
47	1	0.846712
47	32	0.934603
47	35	0.927705
47	38	0.837709
47	42	0.908135
47	49	0.903451
47	50	0.906665
47	64	0.869954
47	97	1.7361
47	99	0.93412
47	133	0.878088
47	151	0.85302
47	171	1.96021
47	180	1.83503
48	21	0.839759
48	24	0.921461
48	25	0.917868
48	26	0.927151
48	40	0.893459
48	41	0.901002
48	57	0.878921
48	59	0.881997
48	78	0.853457
48	86	0.892817
48	88	0.89282
48	113	2.49014
48	168	1.4193
48	180	1.58959
49	29	2.16756
49	32	0.92804
49	35	0.921142
49	42	0.901571
49	47	0.903451
49	50	0.900101
49	64	0.863391
49	65	0.870993
49	68	0.866481
49	99	0.927556
49	133	0.871524
49	141	0.893884
49	151	0.846457
49	156	1.95451
50	1	0.843363
50	10	0.974057
50	19	0.946038
50	38	0.83436
50	47	0.906665
50	49	0.900101
50	64	0.866605
50	65	0.874208
50	99	0.930771
50	133	0.874739
50	137	1.20006
50	151	0.849671
50	158	1.91578
50	178	2.46157
51	8	0.953166
51	37	0.911824
51	60	0.898942
51	63	0.883479
51	70	0.884771
51	87	0.851493
51	104	0.881117
51	118	0.883153
51	122	0.875874
51	129	0.891722
51	130	0.884285
51	139	1.44499
51	172	2.59128
51	173	1.55811
52	81	2.43926
52	84	2.51264
52	90	0.822443
52	91	0.82939
52	98	0.819813
52	103	0.80563
52	109	0.856269
52	116	0.810563
52	117	0.856221
52	121	0.834808
52	124	0.786935
52	127	0.811854
52	145	0.737319
52	148	0.828548
53	116	1.24833
53	127	0.606209
53	141	0.934683
53	147	1.41495
53	157	0.881943
53	168	0.907492
53	169	0.886746
53	170	0.888815
53	171	0.897127
53	172	0.830176
53	174	0.879587
53	175	0.819867
53	177	0.83053
53	178	0.849548
53	180	0.89326
54	27	0.941862
54	30	0.857765
54	45	0.984198
54	85	1.4512
54	107	0.884264
54	136	0.89412
54	138	0.92312
54	142	0.900395
54	145	2.96674
54	146	0.89181
54	147	0.862949
54	154	0.911597
54	167	0.812077
54	176	0.790201
54	179	0.829838
55	28	0.849381
55	37	0.904695
55	80	0.857072
55	87	0.844364
55	92	0.892662
55	102	0.885038
55	110	0.860721
55	118	0.876024
55	122	0.868745
55	129	0.884592
55	130	0.877156
55	131	1.7486
55	139	2.35795
55	148	0.900134
55	171	1.73434
56	22	0.823634
56	31	0.862933
56	46	2.36669
56	91	0.886496
56	98	0.876919
56	108	0.907658
56	111	0.877523
56	116	0.867669
56	117	0.913327
56	121	0.891914
56	124	0.844041
56	127	0.86896
56	133	0.857752
56	137	0.88457
56	162	1.70366
57	5	0.82396
57	13	0.931317
57	24	0.900497
57	25	0.896904
57	39	0.884692
57	40	0.872495
57	43	0.874382
57	48	0.878921
57	59	0.861033
57	78	0.832494
57	86	0.871854
57	88	0.871856
57	168	0.832647
57	172	2.89803
57	178	2.15906
58	73	2.07015
58	149	0.826866
58	150	0.84746
58	154	1.61213
58	160	0.829705
58	162	0.845071
58	164	0.843096
58	166	0.77871
58	170	0.813213
58	171	0.821526
58	172	0.754575
58	174	0.803985
58	175	0.744266
58	178	0.773947
58	180	0.817659
59	5	0.827035
59	13	0.934393
59	21	0.821871
59	24	0.903572
59	25	0.89998
59	26	0.909263
59	40	0.875571
59	48	0.881997
59	57	0.861033
59	78	0.835569
59	86	0.874929
59	88	0.874931
59	125	1.23741
59	151	2.55568
59	163	2.0008
60	45	0.675472
60	51	0.898942
60	80	0.850582
60	87	0.837874
60	95	0.886761
60	100	0.880554
60	102	0.878548
60	114	0.893083
60	118	0.869534
60	122	0.862255
60	129	0.878102
60	130	0.870666
60	148	0.893644
60	172	2.89973
60	173	1.86656
61	100	1.38667
61	111	0.999355
61	152	0.891583
61	153	0.930987
61	154	0.886785
61	155	0.858507
61	159	0.87486
61	166	0.859725
61	169	0.89216
61	170	0.894229
61	171	0.902541
61	172	0.83559
61	175	0.825281
61	177	0.835944
61	180	0.898674
62	20	0.952361
62	71	0.866456
62	82	0.846074
62	120	0.907394
62	126	0.894687
62	132	1.69178
62	140	0.868543
62	143	0.876952
62	146	0.87481
62	154	0.894596
62	163	2.27568
62	167	0.795076
62	173	0.837061
62	176	0.773201
62	179	0.812837
62	180	2.12761
63	33	0.828455
63	51	0.883479
63	70	0.855689
63	76	0.909459
63	95	0.871299
63	100	0.865091
63	104	0.852035
63	110	0.838769
63	114	0.877621
63	118	0.854072
63	119	1.78071
63	122	0.846793
63	129	0.86264
63	130	0.855203
63	153	1.90287
63	162	2.37571
64	10	0.937347
64	32	0.894543
64	35	0.887645
64	38	0.797649
64	42	0.868075
64	44	1.4513
64	47	0.869954
64	49	0.863391
64	50	0.866605
64	65	0.837497
64	68	0.832985
64	99	0.89406
64	132	2.31825
64	133	0.838028
64	141	1.85555
64	151	0.81296
65	1	0.814255
65	19	0.91693
65	32	0.902146
65	35	0.895248
65	38	0.805252
65	42	0.875678
65	49	0.870993
65	50	0.874208
65	64	0.837497
65	68	0.840587
65	99	0.901663
65	128	0.795688
65	133	0.845631
65	151	0.820563
65	176	3.55459
65	178	1.82036
66	102	0.826164
66	114	0.8407
66	118	0.817151
66	120	2.09216
66	122	0.809872
66	123	0.796722
66	129	0.825719
66	130	0.818282
66	138	1.84803
66	139	0.782251
66	169	0.807409
66	174	0.800249
66	175	0.74053
66	177	0.751193
66	178	0.770211
66	180	0.813923
67	18	1.62521
67	76	0.695486
67	90	1.64805
67	135	0.901337
67	149	0.882656
67	153	0.905762
67	158	0.850658
67	164	0.898886
67	165	0.851005
67	169	0.866934
67	170	0.869003
67	174	0.859775
67	175	0.800055
67	177	0.810719
67	178	0.829737
67	180	0.873449
68	1	0.809743
68	10	0.940437
68	15	0.8242
68	19	0.912417
68	32	0.897634
68	35	0.890736
68	38	0.800739
68	42	0.871165
68	49	0.866481
68	64	0.832985
68	65	0.840587
68	99	0.89715
68	131	1.3183
68	151	0.816051
68	166	2.0385
68	167	2.77479
69	27	2.24565
69	126	2.10926
69	128	0.826188
69	132	0.848063
69	155	0.775532
69	157	0.804382
69	159	0.791885
69	160	0.827745
69	168	0.829931
69	170	0.811254
69	171	0.819566
69	172	0.752616
69	174	0.802026
69	175	0.742306
69	177	0.75297
69	180	0.8157
70	33	0.829746
70	51	0.884771
70	63	0.855689
70	76	0.91075
70	87	0.823703
70	95	0.87259
70	100	0.866382
70	104	0.853327
70	118	0.855363
70	122	0.848084
70	129	0.863931
70	130	0.856494
70	148	0.879473
70	165	1.09805
70	176	3.49527
70	179	1.55822
71	62	0.866456
71	73	0.857364
71	74	1.07521
71	83	0.904859
71	126	0.886105
71	136	0.868538
71	142	0.874812
71	143	0.86837
71	145	2.81406
71	146	0.866228
71	147	0.837367
71	154	0.886014
71	167	0.786494
71	173	0.828479
71	176	0.764619
71	177	2.4971
71	179	0.804255
72	29	0.88309
72	40	1.40054
72	95	1.40533
72	124	1.45826
72	153	0.91542
72	158	0.860316
72	161	0.785799
72	166	0.844158
72	168	0.897339
72	169	0.876593
72	172	0.820024
72	174	0.869434
72	175	0.809714
72	176	0.795144
72	177	0.820378
72	178	0.839396
72	180	0.883107
73	14	1.32814
73	58	2.07015
73	71	0.857364
73	96	0.875808
73	120	0.898302
73	138	0.897027
73	140	0.859451
73	142	0.874302
73	143	0.86786
73	146	0.865718
73	147	0.836856
73	154	0.885504
73	167	0.785984
73	168	2.13862
73	173	0.827969
73	176	0.764109
73	179	0.803745
74	71	1.07521
74	80	0.842962
74	92	0.878552
74	95	0.879141
74	99	1.51039
74	110	0.846611
74	120	1.67407
74	122	0.854635
74	129	0.870482
74	130	0.863046
74	157	0.847369
74	160	0.870732
74	161	0.761378
74	162	0.886098
74	174	0.845012
74	177	0.795956
74	180	0.858686
75	99	1.20312
75	106	1.17155
75	150	0.907267
75	152	0.870375
75	154	1.45815
75	155	0.837299
75	157	0.866149
75	158	0.854675
75	161	0.780158
75	166	0.838517
75	169	0.870952
75	171	0.881333
75	172	0.814382
75	174	0.863793
75	175	0.804073
75	178	0.833754
75	180	0.877466
76	8	0.979145
76	63	0.909459
76	67	0.695486
76	70	0.91075
76	87	0.877473
76	102	0.918146
76	104	0.907097
76	110	0.89383
76	114	0.932682
76	118	0.909133
76	122	0.901854
76	129	0.917701
76	130	0.910264
76	148	0.933243
76	152	2.01254
76	157	2.03
76	163	1.69025
77	44	0.902595
77	115	2.32809
77	120	0.887344
77	126	0.874637
77	132	2.11493
77	136	0.85707
77	138	0.886069
77	139	0.809441
77	140	0.848493
77	142	0.863344
77	143	0.856902
77	146	0.85476
77	153	1.91312
77	154	0.874546
77	167	0.775026
77	173	0.817011
77	179	0.792787
78	5	0.798495
78	13	0.905853
78	21	0.793331
78	24	0.875033
78	25	0.87144
78	26	0.880724
78	39	0.859228
78	40	0.847031
78	41	0.854575
78	48	0.853457
78	57	0.832494
78	59	0.835569
78	86	0.84639
78	88	0.846392
78	152	1.73625
78	160	1.23302
78	175	3.46609
79	104	1.52006
79	121	0.965038
79	135	0.90616
79	143	1.27397
79	161	0.780963
79	163	0.866601
79	165	0.855828
79	166	0.839322
79	168	0.892503
79	169	0.871757
79	170	0.873826
79	172	0.815188
79	174	0.864598
79	175	0.804878
79	177	0.815542
79	178	0.83456
79	180	0.878271
80	28	0.80815
80	33	0.809177
80	37	0.863464
80	55	0.857072
80	60	0.850582
80	74	0.842962
80	92	0.851431
80	95	0.85202
80	100	0.845813
80	110	0.81949
80	118	0.834793
80	122	0.827514
80	129	0.843362
80	130	0.835925
80	148	0.858903
80	155	2.27493
80	169	1.80404
80	178	2.70156
81	52	2.43926
81	90	0.958168
81	102	0.836191
81	126	0.288551
81	144	0.940061
81	149	0.930899
81	161	0.824384
81	162	0.949104
81	164	0.947129
81	168	0.935924
81	171	0.925559
81	172	0.858608
81	174	0.908018
81	175	0.848299
81	177	0.858962
81	178	0.87798
81	179	0.873365
81	180	0.921692
82	62	0.846074
82	96	0.855937
82	120	0.878431
82	126	0.865724
82	136	0.848156
82	138	0.877156
82	140	0.839579
82	142	0.854431
82	143	0.847989
82	146	0.845846
82	147	0.816985
82	152	2.15827
82	154	0.865633
82	155	2.41739
82	165	2.18103
82	167	0.766113
82	173	0.808098
82	179	0.783874
83	14	0.821103
83	71	0.904859
83	94	0.926005
83	96	0.923303
83	106	0.961706
83	136	0.915522
83	137	1.69649
83	138	0.944522
83	142	0.921797
83	146	0.913212
83	147	0.884351
83	154	0.932999
83	165	2.295
83	167	0.833479
83	171	1.92706
83	173	0.875464
83	176	0.811603
83	179	0.85124
84	52	2.51264
84	88	0.748224
84	110	0.786383
84	154	0.387711
84	155	0.869536
84	157	0.898387
84	159	0.885889
84	163	0.898033
84	164	0.935141
84	166	0.870755
84	168	0.923935
84	169	0.903189
84	171	0.91357
84	172	0.84662
84	174	0.89603
84	175	0.83631
84	177	0.846974
84	178	0.865992
84	180	0.909704
85	2	2.37067
85	54	1.4512
85	121	1.41838
85	141	0.891596
85	150	0.879974
85	155	0.810006
85	158	0.827382
85	159	0.826359
85	160	0.862219
85	164	0.87561
85	165	0.827729
85	166	0.811224
85	169	0.843659
85	172	0.787089
85	174	0.8365
85	175	0.77678
85	177	0.787443
85	178	0.806461
85	180	0.850173
86	5	0.837855
86	13	0.945213
86	21	0.832691
86	24	0.914393
86	25	0.9108
86	26	0.920084
86	39	0.898588
86	40	0.886391
86	41	0.893935
86	43	0.888278
86	48	0.892817
86	57	0.871854
86	59	0.874929
86	78	0.84639
86	88	0.885752
86	97	1.39769
86	131	1.63606
86	157	1.98444
86	179	2.44992
87	28	0.795443
87	51	0.851493
87	55	0.844364
87	60	0.837874
87	70	0.823703
87	76	0.877473
87	92	0.838723
87	95	0.839312
87	100	0.833105
87	102	0.831099
87	104	0.820049
87	115	0.817601
87	118	0.822085
87	122	0.814806
87	123	2.36967
87	129	0.830654
87	130	0.823217
87	168	1.76806
87	179	2.89166
88	5	0.837858
88	13	0.945215
88	21	0.832693
88	24	0.914395
88	25	0.910802
88	26	0.920086
88	39	0.89859
88	40	0.886393
88	41	0.893937
88	43	0.88828
88	48	0.89282
88	57	0.871856
88	59	0.874931
88	78	0.846392
88	84	0.748224
88	86	0.885752
88	164	2.01302
88	168	2.04112
88	180	2.21142
89	94	0.851607
89	114	0.851945
89	120	0.871399
89	126	0.858692
89	136	0.841124
89	138	0.870124
89	140	0.832548
89	142	0.847399
89	143	0.840957
89	146	0.838814
89	147	0.809953
89	154	0.858601
89	156	0.811916
89	158	2.34984
89	166	2.59916
89	173	0.801066
89	174	2.088
89	176	0.737205
89	179	0.776842
90	7	0.938063
90	22	0.833839
90	23	0.839334
90	52	0.822443
90	67	1.64805
90	81	0.958168
90	103	0.872942
90	105	0.855151
90	108	0.917864
90	109	0.92358
90	111	0.887728
90	116	0.877875
90	117	0.923532
90	121	0.90212
90	124	0.854246
90	127	0.879166
90	131	2.63418
90	133	0.867958
90	141	1.5962
90	145	0.80463
91	16	0.844216
91	23	0.846281
91	44	0.545449
91	52	0.82939
91	56	0.886496
91	98	0.894071
91	101	0.878245
91	103	0.879889
91	105	0.862098
91	111	0.894676
91	116	0.884822
91	117	0.93048
91	121	0.909067
91	124	0.861193
91	127	0.886113
91	137	0.901723
91	139	2.59703
91	145	0.811577
91	157	2.33606
91	180	1.84823
92	8	0.940396
92	33	0.844767
92	37	0.899054
92	55	0.892662
92	74	0.878552
92	80	0.851431
92	87	0.838723
92	95	0.88761
92	104	0.868347
92	110	0.85508
92	115	0.865899
92	118	0.870384
92	122	0.863104
92	128	1.71813
92	129	0.878952
92	130	0.871515
92	137	1.4813
92	148	0.894493
92	164	1.38829
92	167	3.18263
93	46	0.83458
93	118	1.05221
93	131	0.851519
93	136	1.53657
93	147	2.14506
93	153	0.874399
93	155	0.801919
93	158	0.819295
93	159	0.818272
93	160	0.854132
93	163	0.830416
93	166	0.803137
93	168	0.856318
93	170	0.837641
93	171	0.845953
93	174	0.828413
93	175	0.768693
93	176	0.754124
93	177	0.779357
93	180	0.842086
94	30	0.853328
94	83	0.926005
94	89	0.851607
94	107	0.879827
94	114	0.900505
94	135	0.630622
94	136	0.889684
94	138	0.918683
94	140	0.881107
94	142	0.895958
94	143	0.889516
94	146	0.887374
94	147	0.858513
94	151	1.40423
94	154	0.90716
94	161	4.79382
94	169	0.959866
94	173	0.849625
94	176	0.785765
94	179	0.825401
95	31	0.929609
95	37	0.899643
95	60	0.886761
95	63	0.871299
95	70	0.87259
95	72	1.40533
95	74	0.879141
95	80	0.85202
95	87	0.839312
95	92	0.88761
95	100	0.881992
95	102	0.879986
95	104	0.868936
95	118	0.870973
95	122	0.863694
95	129	0.879541
95	130	0.872104
95	148	0.895082
95	156	2.09722
95	165	2.42825
96	73	0.875808
96	82	0.855937
96	83	0.923303
96	114	0.897803
96	120	0.917257
96	136	0.886982
96	138	0.915982
96	140	0.878405
96	142	0.893257
96	146	0.884672
96	147	0.855811
96	153	1.40487
96	154	0.904459
96	156	0.857774
96	163	2.19058
96	164	1.84411
96	169	2.3011
96	173	0.846924
96	176	0.783063
96	179	0.8227
97	18	0.899461
97	41	1.38701
97	47	1.7361
97	86	1.39769
97	108	1.03274
97	140	0.911972
97	146	0.918239
97	147	0.889378
97	154	0.938025
97	156	0.891341
97	161	0.807284
97	170	0.900147
97	172	0.841509
97	174	0.890919
97	175	0.831199
97	176	0.81663
97	177	0.841863
97	178	0.860881
97	179	0.856266
97	180	0.904593
98	3	3.15239
98	16	0.834639
98	22	0.831209
98	23	0.836704
98	52	0.819813
98	56	0.876919
98	91	0.894071
98	101	0.868668
98	103	0.870312
98	105	0.852521
98	108	0.915234
98	111	0.885099
98	121	0.89949
98	124	0.851616
98	127	0.876536
98	137	0.892146
98	145	0.802
98	148	0.89323
98	157	1.34068
98	167	2.44879
98	168	0.682561
99	1	0.870818
99	10	1.00151
99	15	0.885275
99	19	0.973492
99	32	0.958709
99	35	0.951811
99	38	0.861815
99	42	0.932241
99	47	0.93412
99	49	0.927556
99	50	0.930771
99	64	0.89406
99	65	0.901663
99	68	0.89715
99	74	1.51039
99	75	1.20312
99	112	1.49865
99	119	0.836076
99	133	0.902193
99	151	0.877126
99	179	2.54917
100	28	0.838122
100	37	0.893436
100	60	0.880554
100	61	1.38667
100	63	0.865091
100	70	0.866382
100	80	0.845813
100	87	0.833105
100	95	0.881992
100	102	0.873779
100	104	0.862729
100	110	0.849462
100	115	0.860281
100	118	0.864765
100	122	0.857486
100	125	1.73547
100	129	0.873333
100	130	0.865897
100	148	0.888875
100	150	2.09124
100	160	2.31792
101	16	0.818812
101	17	0.922033
101	22	0.815383
101	23	0.820877
101	91	0.878245
101	98	0.868668
101	103	0.854486
101	109	0.905124
101	111	0.869272
101	116	0.859419
101	117	0.905076
101	121	0.883664
101	123	1.97224
101	124	0.83579
101	127	0.860709
101	133	0.849502
101	137	0.876319
101	139	2.28973
101	148	0.877404
101	165	2.03405
101	169	1.79952
102	28	0.836116
102	33	0.837143
102	55	0.885038
102	60	0.878548
102	66	0.826164
102	76	0.918146
102	81	0.836191
102	87	0.831099
102	95	0.879986
102	100	0.873779
102	104	0.860723
102	110	0.847456
102	114	0.886308
102	118	0.862759
102	122	0.85548
102	129	0.871327
102	130	0.863891
102	141	1.47423
102	148	0.886869
102	149	1.99628
102	166	3.2324
103	17	0.923677
103	52	0.80563
103	90	0.872942
103	91	0.879889
103	98	0.870312
103	101	0.854486
103	105	0.838339
103	109	0.906768
103	116	0.861063
103	117	0.90672
103	119	1.46487
103	121	0.885307
103	124	0.837434
103	127	0.862353
103	133	0.851145
103	137	0.877963
103	145	0.787818
103	148	0.879047
103	153	1.58702
103	163	2.37274
103	174	2.57314
104	8	0.921722
104	31	0.830047
104	37	0.88038
104	51	0.881117
104	63	0.852035
104	70	0.853327
104	76	0.907097
104	79	1.52006
104	87	0.820049
104	92	0.868347
104	95	0.868936
104	100	0.862729
104	102	0.860723
104	110	0.836406
104	115	0.847225
104	118	0.851709
104	129	0.860278
104	130	0.852841
104	134	2.88729
104	148	0.875819
104	171	1.96075
105	7	0.90346
105	16	0.802665
105	17	0.905886
105	90	0.855151
105	91	0.862098
105	98	0.852521
105	103	0.838339
105	108	0.88326
105	109	0.888977
105	111	0.853125
105	116	0.843272
105	117	0.888929
105	121	0.867517
105	124	0.819643
105	127	0.844562
105	137	0.860172
105	145	0.770027
105	148	0.861257
105	158	2.48493
105	164	1.6762
105	169	2.13319
105	170	2.09005
106	2	0.902085
106	34	0.887223
106	75	1.17155
106	83	0.961706
106	120	0.95566
106	126	0.942953
106	136	0.925386
106	137	1.45892
106	138	0.954385
106	139	0.877757
106	140	0.916809
106	142	0.93166
106	147	0.894214
106	154	0.942862
106	155	2.29379
106	156	0.896177
106	167	0.843342
106	170	1.77976
106	171	1.68949
106	173	0.885327
106	176	0.821467
106	179	0.861103
107	2	0.846045
107	20	0.944587
107	30	0.832989
107	54	0.884264
107	94	0.879827
107	126	0.886912
107	136	0.869345
107	138	0.898344
107	140	0.860768
107	142	0.875619
107	143	0.869177
107	144	1.88398
107	147	0.838174
107	153	1.23911
107	154	0.886821
107	156	0.840137
107	167	0.787301
107	171	2.00193
107	173	0.829286
107	176	0.765426
107	177	3.21316
107	179	0.805062
108	14	0.150891
108	15	0.879149
108	16	0.865378
108	17	0.968599
108	22	0.861949
108	56	0.907658
108	90	0.917864
108	97	1.03274
108	98	0.915234
108	105	0.88326
108	109	0.95169
108	111	0.915838
108	113	2.03221
108	116	0.905984
108	117	0.951642
108	121	0.930229
108	124	0.882356
108	127	0.907275
108	145	0.83274
108	148	0.923969
108	167	2.7276
108	173	1.99359
109	16	0.871095
109	23	0.87316
109	52	0.856269
109	90	0.92358
109	101	0.905124
109	103	0.906768
109	105	0.888977
109	108	0.95169
109	111	0.921555
109	116	0.911701
109	117	0.957359
109	121	0.935946
109	124	0.888072
109	127	0.912992
109	134	1.82535
109	137	0.928602
109	145	0.838457
109	148	0.929686
109	162	0.608823
109	173	1.63553
109	174	1.1221
109	176	3.66396
110	8	0.908455
110	28	0.8118
110	33	0.812826
110	37	0.867113
110	55	0.860721
110	63	0.838769
110	74	0.846611
110	76	0.89383
110	80	0.81949
110	84	0.786383
110	92	0.85508
110	100	0.849462
110	102	0.847456
110	104	0.836406
110	115	0.833958
110	118	0.838443
110	122	0.831163
110	129	0.847011
110	130	0.839574
110	148	0.862552
110	160	2.21671
110	168	2.07928
110	173	3.11149
111	7	0.936038
111	15	0.849014
111	22	0.831814
111	56	0.877523
111	61	0.999355
111	90	0.887728
111	91	0.894676
111	98	0.885099
111	101	0.869272
111	105	0.853125
111	108	0.915838
111	109	0.921555
111	116	0.875849
111	117	0.921507
111	121	0.900094
111	124	0.852221
111	127	0.87714
111	133	0.865932
111	135	1.89282
111	137	0.89275
111	148	0.893834
111	149	1.587
111	157	2.4513
111	160	1.93061
112	2	2.13561
112	99	1.49865
112	128	0.867341
112	140	1.36359
112	148	0.995169
112	149	0.866059
112	150	0.886653
112	152	0.84976
112	153	0.889165
112	160	0.868898
112	161	0.759544
112	162	0.884264
112	163	0.845181
112	165	0.834408
112	166	0.817903
112	168	0.871084
112	169	0.850338
112	170	0.852406
112	171	0.860719
112	173	0.832749
112	177	0.794122
112	178	0.81314
112	180	0.856852
113	48	2.49014
113	108	2.03221
113	115	0.807718
113	125	0.819425
113	127	2.5582
113	131	0.818407
113	150	0.838776
113	153	0.841288
113	159	0.78516
113	161	0.711666
113	162	0.836387
113	163	0.797304
113	164	0.834412
113	166	0.770025
113	168	0.823206
113	169	0.80246
113	170	0.804529
113	171	0.812841
113	173	0.784872
113	174	0.795301
113	175	0.735581
113	177	0.746245
113	178	0.765263
113	179	0.760648
113	180	0.808975
114	28	0.850652
114	37	0.905965
114	60	0.893083
114	63	0.877621
114	66	0.8407
114	76	0.932682
114	89	0.851945
114	94	0.900505
114	96	0.897803
114	102	0.886308
114	118	0.877295
114	130	0.878426
114	143	0.889855
114	144	1.08738
114	146	0.887713
114	147	0.858851
114	148	0.901404
114	152	1.55052
114	154	0.907499
114	159	1.40476
114	173	0.849964
114	175	3.28036
114	176	0.786104
114	177	2.41656
114	179	0.82574
115	20	1.2937
115	27	1.38582
115	33	0.823645
115	38	2.49239
115	77	2.32809
115	87	0.817601
115	92	0.865899
115	100	0.860281
115	104	0.847225
115	110	0.833958
115	113	0.807718
115	122	0.841982
115	129	0.85783
115	130	0.850393
115	148	0.873371
115	162	0.873446
115	164	0.87147
115	165	0.82359
115	169	0.839519
115	171	0.8499
115	175	0.77264
115	176	0.758071
115	177	0.783304
115	178	0.802322
115	180	0.846033
116	7	0.926184
116	22	0.82196
116	23	0.827454
116	44	0.996997
116	52	0.810563
116	53	1.24833
116	56	0.867669
116	90	0.877875
116	91	0.884822
116	101	0.859419
116	103	0.861063
116	105	0.843272
116	108	0.905984
116	109	0.911701
116	111	0.875849
116	117	0.911653
116	121	0.89024
116	124	0.842367
116	127	0.867286
116	133	0.856079
116	137	0.882896
116	141	1.40125
116	145	0.792751
116	148	0.88398
116	159	2.62439
116	165	2.79291
117	4	0.65605
117	7	0.971842
117	15	0.884818
117	16	0.871047
117	52	0.856221
117	56	0.913327
117	90	0.923532
117	91	0.93048
117	101	0.905076
117	103	0.90672
117	105	0.888929
117	108	0.951642
117	109	0.957359
117	111	0.921507
117	116	0.911653
117	121	0.935898
117	124	0.888024
117	127	0.912944
117	132	0.575206
117	133	0.901736
117	145	0.838408
117	148	0.929638
117	171	0.749075
117	175	2.8241
117	176	3.51423
117	178	1.78
118	8	0.923758
118	28	0.827103
118	33	0.828129
118	51	0.883153
118	55	0.876024
118	60	0.869534
118	63	0.854072
118	66	0.817151
118	70	0.855363
118	76	0.909133
118	80	0.834793
118	87	0.822085
118	92	0.870384
118	93	1.05221
118	95	0.870973
118	100	0.864765
118	102	0.862759
118	104	0.851709
118	110	0.838443
118	114	0.877295
118	122	0.846467
118	129	0.862314
118	130	0.854877
118	156	1.53565
118	173	2.23547
118	177	2.70997
118	179	2.32685
119	39	1.547
119	63	1.78071
119	99	0.836076
119	103	1.46487
119	135	0.927887
119	141	0.941421
119	143	0.829687
119	152	0.892906
119	153	0.932311
119	154	1.09111
119	155	0.859831
119	157	0.888681
119	159	0.876183
119	160	0.912044
119	162	0.92741
119	163	0.888327
119	164	0.925435
119	165	0.877554
119	168	0.91423
119	169	0.893483
119	170	0.895552
119	171	0.903864
119	172	0.836914
119	174	0.886324
119	175	0.826605
119	177	0.837268
119	178	0.856286
119	180	0.899998
120	18	0.888389
120	62	0.907394
120	66	2.09216
120	73	0.898302
120	74	1.67407
120	77	0.887344
120	82	0.878431
120	89	0.871399
120	96	0.917257
120	106	0.95566
120	126	0.927044
120	136	0.909476
120	138	0.938476
120	139	0.861848
120	140	0.900899
120	142	0.91575
120	143	0.909309
120	147	0.878305
120	153	1.12191
120	154	0.926952
120	156	0.880268
120	160	1.72669
120	162	1.59476
120	167	0.827433
120	171	1.88473
120	173	0.869417
120	176	0.805557
120	179	0.845193
121	7	0.950429
121	16	0.849634
121	17	0.952855
121	22	0.846205
121	23	0.851699
121	52	0.834808
121	56	0.891914
121	79	0.965038
121	85	1.41838
121	90	0.90212
121	91	0.909067
121	98	0.89949
121	101	0.883664
121	103	0.885307
121	105	0.867517
121	108	0.930229
121	109	0.935946
121	111	0.900094
121	116	0.89024
121	117	0.935898
121	124	0.866612
121	127	0.891531
121	145	0.816996
121	148	0.908225
121	166	2.14019
121	168	1.11025
121	173	2.14246
121	178	2.43666
122	4	1.96509
122	8	0.916479
122	28	0.819824
122	33	0.82085
122	51	0.875874
122	55	0.868745
122	60	0.862255
122	63	0.846793
122	66	0.809872
122	70	0.848084
122	74	0.854635
122	76	0.901854
122	80	0.827514
122	87	0.814806
122	92	0.863104
122	95	0.863694
122	100	0.857486
122	102	0.85548
122	110	0.831163
122	115	0.841982
122	118	0.846467
122	129	0.855035
122	130	0.847598
122	132	1.4971
122	148	0.870576
122	164	1.73453
122	169	2.19152
122	173	2.79485
123	66	0.796722
123	87	2.36967
123	101	1.97224
123	125	0.840539
123	134	0.799816
123	138	1.94672
123	144	0.848457
123	145	0.766197
123	148	1.5237
123	152	0.822997
123	153	0.862401
123	157	0.818771
123	158	0.807297
123	159	0.806274
123	162	0.8575
123	163	0.818417
123	164	0.855525
123	168	0.84432
123	169	0.823574
123	170	0.825643
123	171	0.833955
123	172	0.767004
123	173	0.805985
123	174	0.816414
123	175	0.756695
123	176	0.742125
123	177	0.767358
123	178	0.786376
123	180	0.830088
124	7	0.902555
124	15	0.815532
124	17	0.904981
124	22	0.798331
124	23	0.803826
124	52	0.786935
124	56	0.844041
124	72	1.45826
124	90	0.854246
124	91	0.861193
124	98	0.851616
124	101	0.83579
124	103	0.837434
124	105	0.819643
124	108	0.882356
124	109	0.888072
124	111	0.852221
124	116	0.842367
124	117	0.888024
124	121	0.866612
124	127	0.843658
124	133	0.83245
124	137	0.859268
124	145	0.769122
124	148	0.860352
124	149	1.61158
124	156	2.15015
124	166	2.8477
124	174	2.33654
125	9	1.91388
125	28	2.15336
125	59	1.23741
125	100	1.73547
125	113	0.819425
125	123	0.840539
125	132	0.890103
125	134	0.827467
125	136	1.24259
125	144	0.876109
125	149	0.866947
125	152	0.850648
125	153	0.890053
125	157	0.846423
125	158	0.834949
125	160	0.869786
125	162	0.885152
125	163	0.846069
125	164	0.883177
125	165	0.835296
125	170	0.853294
125	171	0.861607
125	172	0.794656
125	173	0.833637
125	174	0.844066
125	175	0.784347
125	177	0.79501
125	178	0.814028
125	180	0.85774
126	6	0.973876
126	9	0.85876
126	62	0.894687
126	69	2.10926
126	71	0.886105
126	77	0.874637
126	81	0.288551
126	82	0.865724
126	89	0.858692
126	106	0.942953
126	107	0.886912
126	120	0.927044
126	136	0.896769
126	138	0.925768
126	139	0.849141
126	140	0.888192
126	142	0.903043
126	143	0.896601
126	146	0.894459
126	147	0.865598
126	152	1.94246
126	154	0.914245
126	167	0.814726
126	170	1.68755
126	172	3.36718
126	173	0.85671
126	176	0.79285
126	179	0.832486
126	180	1.4721
127	7	0.927475
127	15	0.840451
127	16	0.82668
127	17	0.929901
127	22	0.823251
127	23	0.828745
127	52	0.811854
127	53	0.606209
127	56	0.86896
127	90	0.879166
127	91	0.886113
127	98	0.876536
127	101	0.860709
127	103	0.862353
127	105	0.844562
127	108	0.907275
127	109	0.912992
127	111	0.87714
127	113	2.5582
127	116	0.867286
127	117	0.912944
127	121	0.891531
127	124	0.843658
127	133	0.857369
127	137	0.884187
127	144	1.66489
127	145	0.794042
127	148	0.885271
127	149	1.28119
127	167	3.2536
127	180	1.65766
128	13	1.98482
128	65	0.795688
128	69	0.826188
128	92	1.71813
128	112	0.867341
128	133	1.97349
128	134	0.827505
128	145	0.793886
128	150	0.887579
128	152	0.850687
128	153	0.890091
128	154	1.98234
128	157	0.846461
128	158	0.834987
128	161	0.76047
128	163	0.846107
128	164	0.883215
128	165	0.835334
128	166	0.818829
128	168	0.87201
128	169	0.851264
128	170	0.853333
128	171	0.861645
128	172	0.794694
128	173	0.833675
128	174	0.844104
128	175	0.784385
128	176	0.769815
128	177	0.795048
128	178	0.814066
128	180	0.857778
129	8	0.932326
129	28	0.835671
129	33	0.836697
129	37	0.890985
129	51	0.891722
129	55	0.884592
129	60	0.878102
129	63	0.86264
129	66	0.825719
129	70	0.863931
129	74	0.870482
129	76	0.917701
129	80	0.843362
129	87	0.830654
129	92	0.878952
129	95	0.879541
129	100	0.873333
129	102	0.871327
129	104	0.860278
129	110	0.847011
129	115	0.85783
129	118	0.862314
129	122	0.855035
129	130	0.863445
129	135	1.59083
129	139	2.41029
129	148	0.886424
129	150	1.40194
129	156	1.82358
129	165	2.15461
129	166	2.52113
130	8	0.92489
130	28	0.828234
130	33	0.829261
130	37	0.883548
130	51	0.884285
130	55	0.877156
130	60	0.870666
130	63	0.855203
130	66	0.818282
130	70	0.856494
130	74	0.863046
130	76	0.910264
130	80	0.835925
130	87	0.823217
130	92	0.871515
130	95	0.872104
130	100	0.865897
130	102	0.863891
130	104	0.852841
130	110	0.839574
130	114	0.878426
130	115	0.850393
130	118	0.854877
130	122	0.847598
130	129	0.863445
130	135	1.49762
130	148	0.878987
130	158	2.1786
130	162	1.40348
130	163	1.71635
130	177	2.90469
130	179	2.52157
131	16	1.96287
131	55	1.7486
131	68	1.3183
131	86	1.63606
131	90	2.63418
131	93	0.851519
131	113	0.818407
131	144	0.875091
131	149	0.865929
131	150	0.886523
131	152	0.849631
131	155	0.816555
131	158	0.833931
131	159	0.832908
131	160	0.868768
131	161	0.759414
131	162	0.884134
131	163	0.845052
131	165	0.834278
131	167	0.790635
131	169	0.850208
131	170	0.852277
131	171	0.860589
131	172	0.793638
131	173	0.83262
131	174	0.843049
131	175	0.783329
131	177	0.793992
131	178	0.813011
131	179	0.808396
131	180	0.856722
132	12	0.890433
132	32	1.40273
132	62	1.69178
132	64	2.31825
132	69	0.848063
132	77	2.11493
132	117	0.575206
132	122	1.4971
132	125	0.890103
132	135	0.907541
132	141	0.921075
132	155	0.839485
132	156	0.866401
132	159	0.855838
132	160	0.891698
132	161	0.782344
132	162	0.907065
132	163	0.867982
132	164	0.90509
132	165	0.857209
132	168	0.893884
132	169	0.873138
132	170	0.875207
132	171	0.883519
132	172	0.816569
132	174	0.865979
132	175	0.806259
132	176	0.79169
132	177	0.816923
132	178	0.835941
132	179	0.831326
132	180	0.879653
133	15	0.829244
133	16	0.815472
133	19	0.91746
133	22	0.812043
133	23	0.817537
133	32	0.902677
133	35	0.895779
133	38	0.805783
133	42	0.876209
133	47	0.878088
133	49	0.871524
133	50	0.874739
133	56	0.857752
133	64	0.838028
133	65	0.845631
133	90	0.867958
133	99	0.902193
133	101	0.849502
133	103	0.851145
133	111	0.865932
133	116	0.856079
133	117	0.901736
133	124	0.83245
133	127	0.857369
133	128	1.97349
133	145	0.782834
133	148	0.874063
133	150	1.5825
133	151	0.821094
133	163	1.99012
133	164	1.64365
133	169	2.10063
133	179	2.79534
134	26	1.92077
134	104	2.88729
134	109	1.82535
134	123	0.799816
134	125	0.827467
134	128	0.827505
134	140	2.51255
134	145	0.753125
134	149	0.826224
134	150	0.846818
134	152	0.809925
134	153	0.84933
134	155	0.77685
134	157	0.8057
134	159	0.793202
134	160	0.829063
134	161	0.719708
134	162	0.844429
134	163	0.805346
134	165	0.794573
134	166	0.778068
134	168	0.831249
134	169	0.810503
134	170	0.812571
134	171	0.820884
134	172	0.753933
134	173	0.792914
134	174	0.803343
134	175	0.743624
134	177	0.754287
134	178	0.773305
134	180	0.817017
135	20	1.44571
135	27	1.53784
135	67	0.901337
135	79	0.90616
135	94	0.630622
135	111	1.89282
135	119	0.927887
135	129	1.59083
135	130	1.49762
135	132	0.907541
135	136	1.78726
135	137	0.901432
135	144	0.893547
135	149	0.884385
135	150	0.904979
135	155	0.835011
135	157	0.863861
135	159	0.851364
135	160	0.887224
135	162	0.90259
135	163	0.863507
135	164	0.900615
135	165	0.852734
135	166	0.836229
135	168	0.88941
135	169	0.868664
135	170	0.870733
135	171	0.879045
135	172	0.812094
135	173	0.851075
135	174	0.861505
135	175	0.801785
135	177	0.812448
135	178	0.831466
135	179	0.826851
135	180	0.875178
136	2	0.855901
136	6	0.956308
136	9	0.841193
136	11	0.871501
136	54	0.89412
136	71	0.868538
136	77	0.85707
136	82	0.848156
136	83	0.915522
136	89	0.841124
136	93	1.53657
136	94	0.889684
136	96	0.886982
136	106	0.925386
136	107	0.869345
136	120	0.909476
136	125	1.24259
136	126	0.896769
136	135	1.78726
136	138	0.908201
136	139	0.831573
136	140	0.870625
136	142	0.885476
136	143	0.879034
136	146	0.876892
136	147	0.84803
136	149	1.48144
136	150	1.59837
136	154	0.896678
136	156	0.849993
136	164	1.65952
136	167	0.797158
136	173	0.839143
136	176	0.775283
136	177	3.19433
136	179	0.814919
137	6	1.42185
137	17	0.945511
137	33	2.17415
137	50	1.20006
137	56	0.88457
137	83	1.69649
137	91	0.901723
137	92	1.4813
137	98	0.892146
137	101	0.876319
137	103	0.877963
137	105	0.860172
137	106	1.45892
137	109	0.928602
137	111	0.89275
137	116	0.882896
137	124	0.859268
137	127	0.884187
137	135	0.901432
137	142	0.917582
137	145	0.809652
137	148	0.900881
137	149	0.88275
137	152	0.866452
137	163	0.861872
137	164	0.89898
137	165	0.851099
137	166	0.834594
137	170	0.869098
137	171	0.87741
137	174	0.85987
137	175	0.80015
137	176	0.78558
137	177	0.810813
137	178	0.829831
137	180	0.873543
138	9	0.870192
138	18	0.887113
138	27	0.955942
138	30	0.871845
138	34	0.870039
138	54	0.92312
138	66	1.84803
138	73	0.897027
138	77	0.886069
138	82	0.877156
138	83	0.944522
138	89	0.870124
138	94	0.918683
138	96	0.915982
138	106	0.954385
138	107	0.898344
138	120	0.938476
138	123	1.94672
138	126	0.925768
138	136	0.908201
138	139	0.860573
138	140	0.899624
138	142	0.914475
138	143	0.908033
