1	4	1.43587
1	33	1.30177
1	48	1.43719
1	66	1.29042
1	69	1.30418
1	76	1.40887
1	80	0.488241
1	90	1.42174
1	108	0.477957
1	141	0.499969
1	166	0.476503
1	177	0.460609
2	47	0.401282
2	102	0.49864
2	154	1.37
2	155	0.481052
2	157	0.509127
2	164	1.36441
2	168	1.39206
2	172	0.503626
2	173	1.36836
2	174	1.35589
2	177	1.3825
2	178	1.36679
3	46	1.25395
3	53	0.492154
3	95	0.445374
3	112	1.35146
3	124	1.41791
3	130	0.49156
3	131	1.35677
3	134	1.40604
3	141	1.37451
3	157	0.504039
3	176	0.468003
3	180	1.4394
4	1	1.43587
4	33	1.35136
4	35	1.33231
4	38	1.31538
4	59	0.505799
4	66	1.34001
4	69	1.35377
4	90	1.47133
4	139	0.528077
4	176	0.496515
4	179	0.423748
4	180	0.45182
5	33	1.32913
5	35	1.31008
5	38	1.29315
5	48	1.46455
5	66	1.31778
5	76	1.43623
5	90	1.4491
5	139	0.514343
5	143	0.507599
5	153	0.479472
5	155	0.490742
5	179	0.410014
6	12	1.42537
6	104	1.32578
6	128	0.543113
6	142	1.31305
6	143	1.41206
6	144	0.512661
6	150	0.48794
6	156	1.38368
6	162	1.3765
6	165	1.36354
6	179	0.417159
6	180	0.445231
7	52	0.512583
7	77	1.40659
7	100	1.37929
7	126	0.502964
7	142	1.30712
7	143	1.40612
7	146	0.490585
7	156	1.37775
7	159	0.47594
7	170	1.36058
7	176	1.36254
7	180	0.419334
8	46	1.26088
8	52	1.33811
8	85	1.43981
8	96	1.36981
8	103	0.531366
8	109	0.472673
8	131	1.3637
8	141	1.38144
8	169	0.495972
8	178	0.490531
8	179	0.415926
8	180	1.44632
9	48	0.459421
9	61	0.518124
9	124	0.455522
9	127	1.33555
9	134	0.472163
9	137	1.375
9	154	1.37918
9	171	0.489052
9	173	1.37754
9	174	1.36507
9	177	1.39168
9	178	1.37597
10	81	0.556835
10	92	0.6299
10	100	1.22621
10	101	1.17709
10	117	1.1741
10	118	1.17778
10	145	1.21033
10	153	0.62711
10	162	1.2175
10	170	1.20751
10	176	1.20947
10	180	0.585724
11	44	0.570181
11	53	1.22028
11	101	0.607412
11	144	1.19021
11	156	0.607067
11	164	1.19208
11	170	0.612364
11	171	1.19753
11	172	1.20922
11	175	1.18606
11	177	1.21018
11	178	1.19447
12	6	1.42537
12	75	0.551707
12	85	0.430064
12	117	1.34204
12	127	0.475161
12	133	1.34169
12	142	1.32199
12	143	1.42099
12	165	1.37247
12	170	1.37545
12	171	0.496398
12	173	0.448926
13	15	0.476337
13	22	0.522465
13	25	1.33525
13	40	1.25123
13	55	1.35019
13	72	1.30696
13	79	1.38563
13	81	1.55578
13	92	1.41491
13	125	0.438134
13	136	0.473395
13	141	0.494615
14	23	0.432414
14	85	0.485427
14	121	1.32039
14	122	1.36556
14	138	1.41516
14	141	0.53887
14	148	1.39131
14	163	1.38941
14	171	1.36482
14	175	1.35335
14	178	0.509419
14	179	0.434814
15	13	0.476337
15	32	0.443021
15	76	0.488053
15	91	1.41588
15	133	1.33054
15	151	0.492803
15	158	1.3586
15	161	0.49466
15	162	1.37429
15	169	1.37149
15	173	1.36753
15	177	1.38168
16	87	0.485868
16	123	1.4294
16	131	1.34418
16	132	0.490722
16	138	0.469463
16	141	1.36192
16	144	0.467939
16	156	1.35925
16	158	1.33639
16	167	0.48628
16	170	1.34208
16	180	1.4268
17	74	0.577428
17	115	1.17869
17	147	0.617725
17	149	1.21224
17	153	1.20946
17	155	0.598154
17	159	0.602103
17	168	1.20257
17	174	1.1664
17	177	1.19301
17	178	1.17729
17	180	1.26035
18	77	0.507489
18	78	1.39764
18	114	0.48624
18	129	1.34793
18	155	0.492239
18	159	1.40154
18	160	0.475326
18	161	1.36091
18	171	1.36392
18	172	1.37561
18	175	1.35245
18	180	0.439583
19	35	0.520776
19	113	1.3392
19	118	0.491485
19	134	0.445183
19	158	0.475427
19	164	1.34503
19	166	1.34271
19	169	1.35294
19	171	0.462073
19	174	1.33652
19	178	1.34742
19	179	1.5362
20	25	1.25689
20	36	1.34758
20	40	1.17287
20	55	1.27184
20	58	1.30821
20	72	1.22861
20	81	1.47742
20	92	1.33655
20	120	0.514943
20	145	0.586077
20	149	0.517815
20	176	0.529163
20	179	0.456395
21	67	1.27699
21	118	1.27099
21	122	0.558244
21	145	1.30354
21	155	1.33931
21	158	1.29503
21	161	0.545086
21	162	1.31071
21	166	0.522785
21	170	1.30072
21	174	0.532419
21	176	1.30268
21	179	0.442194
22	13	0.522465
22	99	0.537745
22	106	1.37987
22	123	1.36562
22	133	1.24454
22	154	0.495731
22	156	1.29547
22	158	1.2726
22	162	1.28829
22	165	1.27532
22	170	1.2783
22	172	0.541196
22	177	0.502592
23	14	0.432414
23	60	1.16772
23	65	1.25661
23	71	1.25401
23	75	0.475845
23	83	1.28628
23	98	1.30854
23	155	1.3373
23	156	0.413118
23	157	1.3004
23	174	0.393814
23	177	0.887465
23	179	1.48916
24	36	0.495034
24	63	1.23408
24	105	0.533278
24	112	1.28752
24	133	0.539107
24	141	1.31057
24	142	0.530643
24	163	0.495062
24	169	1.29792
24	173	1.29397
24	177	1.30811
24	178	1.2924
24	180	1.37546
25	13	1.33525
25	20	1.25689
25	26	0.574594
25	36	1.34887
25	55	1.27313
25	58	1.3095
25	72	1.2299
25	79	1.30857
25	92	1.33784
25	116	0.517299
25	129	0.536756
25	174	0.516873
25	180	0.454719
26	25	0.574594
26	52	1.26615
26	63	1.23299
26	84	0.47563
26	95	0.504073
26	96	1.29786
26	112	1.28643
26	131	1.29175
26	134	1.34101
26	141	1.30948
26	173	0.52341
26	178	0.52854
26	180	1.37437
27	48	0.430028
27	51	0.385515
27	88	0.491538
27	139	0.447041
27	151	1.49039
27	157	1.48457
27	161	1.4846
27	167	1.47741
27	168	0.418786
27	171	1.48761
27	172	1.49929
27	174	0.432938
27	175	1.47614
28	54	0.541572
28	77	0.517193
28	92	0.493463
28	119	1.33947
28	138	0.51824
28	147	0.521515
28	153	1.32349
28	164	1.28894
28	166	1.28662
28	169	1.29685
28	173	1.29289
28	174	1.28042
28	178	1.29132
29	52	1.2557
29	62	0.535816
29	67	0.554317
29	70	1.23974
29	96	1.28741
29	124	1.34242
29	131	1.28129
29	134	1.33056
29	136	0.497364
29	141	1.29903
29	150	0.485309
29	170	0.529355
29	180	1.36392
30	46	1.18359
30	96	1.29253
30	107	0.536518
30	108	0.537573
30	112	1.2811
30	124	1.34754
30	131	1.28641
30	134	1.33568
30	141	1.30415
30	143	0.553113
30	177	0.520225
30	179	0.455528
30	180	1.36904
31	38	0.60579
31	109	0.503874
31	123	1.38053
31	142	1.23975
31	156	1.31038
31	158	1.28751
31	160	0.510943
31	162	1.3032
31	165	1.29023
31	170	1.29321
31	174	0.537353
31	176	1.29517
31	179	0.447128
32	15	0.443021
32	39	0.420027
32	43	1.37332
32	52	1.45332
32	63	1.42015
32	85	1.55502
32	115	0.46216
32	124	1.54004
32	125	0.404818
32	141	1.49665
32	150	0.428023
32	164	0.449677
32	180	1.56153
33	1	1.30177
33	4	1.35136
33	5	1.32913
33	35	1.19821
33	48	1.35268
33	76	1.32436
33	88	1.20526
33	90	1.33723
33	103	0.549017
33	152	0.495032
33	160	0.497393
33	164	0.526011
33	172	0.536879
34	67	1.22437
34	89	0.604529
34	110	1.19613
34	118	1.21837
34	138	0.562348
34	143	1.29364
34	145	1.25092
34	156	1.26526
34	162	1.25809
34	165	1.24512
34	170	1.2481
34	171	0.582269
34	174	0.555548
34	180	0.493395
35	4	1.33231
35	5	1.31008
35	19	0.520776
35	33	1.19821
35	38	1.16223
35	66	1.18686
35	69	1.20062
35	76	1.30531
35	88	1.18621
35	90	1.31818
35	154	0.539474
35	162	0.598089
35	175	0.595891
35	177	0.546336
36	20	1.34758
36	24	0.495034
36	25	1.34887
36	40	1.26485
36	44	1.44128
36	58	1.40019
36	79	1.39926
36	81	1.56941
36	84	0.427099
36	92	1.42853
36	115	0.510321
36	120	0.463951
36	176	0.478171
36	180	0.433475
37	66	1.30647
37	69	1.32024
37	76	1.42493
37	90	1.43779
37	98	1.37733
37	114	0.46269
37	128	0.513916
37	152	0.449416
37	153	0.45742
37	155	1.40608
37	157	1.36918
37	171	0.504908
37	179	1.55794
37	180	0.416034
38	4	1.31538
38	5	1.29315
38	31	0.60579
38	35	1.16223
38	48	1.31671
38	53	0.561569
38	66	1.16993
38	69	1.18369
38	76	1.28838
38	88	1.16928
38	90	1.30125
38	114	0.539379
38	124	0.548067
38	169	0.544697
39	32	0.420027
39	57	0.494542
39	108	1.41864
39	127	1.36001
39	145	0.498454
39	146	1.36668
39	149	1.43537
39	154	1.40364
39	155	0.4495
39	157	0.477575
39	159	0.45345
39	168	1.4257
39	174	1.38953
39	178	1.40042
40	13	1.25123
40	20	1.17287
40	36	1.26485
40	44	1.26657
40	58	1.22548
40	72	1.14588
40	79	1.22455
40	81	1.3947
40	92	1.25382
40	105	0.620586
40	111	0.553465
40	114	0.557656
40	125	0.530502
40	154	0.540763
41	58	0.560972
41	80	1.2982
41	110	1.18504
41	114	0.554046
41	123	1.32432
41	133	1.20324
41	145	1.23983
41	157	0.58812
41	158	1.23131
41	160	0.543133
41	162	1.247
41	165	1.23403
41	170	1.23701
41	178	0.553922
42	64	0.582728
42	107	1.26786
42	132	1.22349
42	139	0.594112
42	140	1.20112
42	150	1.26709
42	154	0.547618
42	159	1.27297
42	163	1.25994
42	167	1.22515
42	171	1.23535
42	172	1.24704
42	178	0.564387
42	180	0.517854
43	32	1.37332
43	63	1.15644
43	70	1.17364
43	112	1.20988
43	113	0.589709
43	124	1.27633
43	131	1.2152
43	134	1.26447
43	141	1.23294
43	154	0.561447
43	160	0.567426
43	169	0.583657
43	179	0.503611
43	180	1.29782
44	11	0.570181
44	36	1.44128
44	40	1.26657
44	55	1.36553
44	58	1.4019
44	72	1.3223
44	74	0.438634
44	79	1.40097
44	81	1.57112
44	92	1.43025
44	125	0.426207
44	143	0.476217
44	153	0.448089
44	160	0.442447
45	47	0.372093
45	122	0.487186
45	125	1.4165
45	140	0.511541
45	148	0.459988
45	153	1.38547
45	171	0.488082
45	172	0.474437
45	173	1.35487
45	174	1.3424
45	177	1.36902
45	178	1.3533
45	179	1.54209
45	180	1.43636
46	3	1.25395
46	8	1.26088
46	30	1.18359
46	59	0.565374
46	96	1.22408
46	112	1.21265
46	124	1.2791
46	125	0.530898
46	129	0.593431
46	131	1.21797
46	134	1.26724
46	176	0.55609
46	178	0.557928
46	180	1.30059
47	2	0.401282
47	45	0.372093
47	61	1.33576
47	97	1.40205
47	104	0.453571
47	122	1.40016
47	138	1.44976
47	158	0.437247
47	163	1.42401
47	164	0.39938
47	167	1.38922
47	172	1.4111
47	175	1.38795
47	180	0.73739
48	1	1.43719
48	5	1.46455
48	9	0.459421
48	27	0.430028
48	33	1.35268
48	38	1.31671
48	66	1.34133
48	69	1.35509
48	76	1.45978
48	90	1.47265
48	123	0.467867
48	126	0.505006
48	166	0.473895
48	176	0.466072
49	67	1.31341
49	95	0.473934
49	107	0.504785
49	108	0.50584
49	133	1.30337
49	135	0.494201
49	145	1.33996
49	156	1.3543
49	158	1.33144
49	162	1.34712
49	165	1.33416
49	170	1.33713
49	172	0.527097
49	176	1.3391
49	178	0.498401
50	107	1.35747
50	122	1.3257
50	137	0.513796
50	138	1.3753
50	147	1.3239
50	151	1.32775
50	165	0.558179
50	167	1.31477
50	170	0.543285
50	171	1.32497
50	172	1.33665
50	175	1.31349
50	178	0.503063
50	179	0.428458
50	180	0.45653
51	27	0.385515
51	61	0.49481
51	133	0.492279
51	145	0.478473
51	146	1.34096
51	155	1.41163
51	157	1.37473
51	165	0.478513
51	169	1.38023
51	171	0.465738
51	174	1.36381
51	177	1.39042
51	178	1.37471
51	179	1.56349
52	7	0.512583
52	8	1.33811
52	26	1.26615
52	29	1.2557
52	32	1.45332
52	124	1.35633
52	130	0.523633
52	131	1.2952
52	134	1.34447
52	141	1.31294
52	160	0.491124
52	165	0.55703
52	177	0.492006
52	179	0.427309
52	180	1.37782
53	3	0.492154
53	11	1.22028
53	38	0.561569
53	140	1.31457
53	144	0.498409
53	147	1.34773
53	149	0.464326
53	159	1.38642
53	161	1.34579
53	164	0.495341
53	167	1.3386
53	171	1.3488
53	172	1.36049
53	174	0.493132
53	175	1.33733
54	28	0.541572
54	91	0.471295
54	107	1.35352
54	122	1.32175
54	147	1.31995
54	148	1.3475
54	154	0.484182
54	159	1.35863
54	163	1.3456
54	166	0.506937
54	167	1.31081
54	169	0.506393
54	172	1.3327
54	173	0.495821
54	175	1.30954
55	13	1.35019
55	20	1.27184
55	25	1.27313
55	44	1.36553
55	58	1.32444
55	62	0.521878
55	70	0.538001
55	72	1.24484
55	79	1.32351
55	81	1.49366
55	92	1.35279
55	104	0.547214
55	145	0.53027
55	177	0.465287
55	179	0.400589
56	60	1.2006
56	65	1.28948
56	71	1.28688
56	83	1.31915
56	98	1.34142
56	108	0.508593
56	136	1.33702
56	144	0.52205
56	150	0.497329
56	154	0.484383
56	155	1.37017
56	157	1.33327
56	173	0.496023
56	176	0.499315
56	179	1.52203
57	39	0.494542
57	61	1.27897
57	97	1.34526
57	109	0.488505
57	115	0.536676
57	140	1.3084
57	149	0.493178
57	152	0.493213
57	161	1.33962
57	163	1.36722
57	167	1.33243
57	171	1.34263
57	172	1.35432
57	173	0.501233
57	175	1.33116
58	20	1.30821
58	25	1.3095
58	36	1.40019
58	40	1.22548
58	41	0.560972
58	44	1.4019
58	55	1.32444
58	67	0.527432
58	72	1.28121
58	79	1.35988
58	92	1.38916
58	115	0.492561
58	146	0.486965
58	164	0.480077
58	173	0.457118
59	4	0.505799
59	46	0.565374
59	74	1.42657
59	85	0.438653
59	88	1.26135
59	143	0.485625
59	152	1.35503
59	156	0.497569
59	162	0.504491
59	163	1.35233
59	166	1.31998
59	167	1.31755
59	173	1.32625
59	175	1.31627
59	178	1.32468
60	23	1.16772
60	56	1.2006
60	65	1.14351
60	71	1.14091
60	83	1.17318
60	98	1.19545
60	101	0.608432
60	127	0.594268
60	136	1.19105
60	155	1.2242
60	157	1.1873
60	167	0.6124
60	170	0.613385
60	176	0.571325
60	179	1.37606
61	9	0.518124
61	47	1.33576
61	51	0.49481
61	57	1.27897
61	99	1.27087
61	117	0.594964
61	122	1.26313
61	138	1.31273
61	147	1.26133
61	159	1.30001
61	164	0.544441
61	167	1.25219
61	172	1.27408
61	175	1.25092
61	176	0.524774
61	178	0.526612
62	29	0.535816
62	55	0.521878
62	113	1.26286
62	126	1.23549
62	151	0.528312
62	153	1.30324
62	157	0.53608
62	160	1.2885
62	161	0.530169
62	162	0.543728
62	166	1.26637
62	174	1.26018
62	176	1.27137
62	177	1.28679
62	178	1.27108
62	180	1.35413
63	24	1.23408
63	26	1.23299
63	32	1.42015
63	43	1.15644
63	70	1.22048
63	85	1.33814
63	88	0.575217
63	131	1.26203
63	133	0.569879
63	134	1.3113
63	139	0.53072
63	141	1.27977
63	156	0.53592
63	177	0.491088
63	178	0.500996
63	180	1.34466
64	42	0.582728
64	111	1.30249
64	115	1.27006
64	116	1.24405
64	121	0.56428
64	149	1.30361
64	153	1.30083
64	157	0.507737
64	163	0.498377
64	165	0.528655
64	167	0.512777
64	168	1.29394
64	169	1.27419
64	174	1.25777
64	177	1.28438
64	178	1.26867
65	23	1.25661
65	56	1.28948
65	60	1.14351
65	71	1.2298
65	83	1.26207
65	91	0.498525
65	93	0.599218
65	98	1.28434
65	136	1.27994
65	155	1.31309
65	157	1.27619
65	168	0.52965
65	173	0.523051
65	176	0.526344
65	178	0.528182
65	179	1.46495
66	1	1.29042
66	4	1.34001
66	5	1.31778
66	35	1.18686
66	37	1.30647
66	38	1.16993
66	48	1.34133
66	69	1.20832
66	76	1.31301
66	90	1.32588
66	131	0.545807
66	166	0.525755
66	171	0.56211
66	173	0.514639
66	174	0.535389
66	178	0.519769
67	21	1.27699
67	29	0.554317
67	34	1.22437
67	49	1.31341
67	58	0.527432
67	82	1.27259
67	96	0.557077
67	104	1.25214
67	113	0.531876
67	120	0.504325
67	133	1.25911
67	136	0.528614
67	155	1.33146
67	158	1.28717
67	165	1.28989
67	170	1.29287
68	85	1.46877
68	102	0.4442
68	112	1.38735
68	122	0.461934
68	134	1.44193
68	138	0.442909
68	150	1.42704
68	157	0.454687
68	160	1.40966
68	161	0.448777
68	164	1.38985
68	165	0.475605
68	171	0.462831
68	177	1.40794
68	178	1.39223
68	180	1.47529
69	1	1.30418
69	4	1.35377
69	35	1.20062
69	37	1.32024
69	38	1.18369
69	48	1.35509
69	66	1.20832
69	76	1.32677
69	88	1.20767
69	90	1.33964
69	153	0.529316
69	163	0.559301
69	173	0.529333
69	174	0.550083
69	175	0.574111
69	179	0.459858
70	29	1.23974
70	43	1.17364
70	55	0.538001
70	63	1.22048
70	78	0.533908
70	92	0.515648
70	96	1.28535
70	112	1.27392
70	124	1.34036
70	131	1.27923
70	134	1.3285
70	141	1.29697
70	145	0.573082
70	159	0.528078
70	160	0.507216
70	180	1.36186
71	23	1.25401
71	56	1.28688
71	60	1.14091
71	65	1.2298
71	83	1.25947
71	98	1.28173
71	120	1.30073
71	151	0.566498
71	155	1.31049
71	157	1.27359
71	168	0.541536
71	173	0.534938
71	176	0.53823
71	177	0.53016
71	179	1.46235
71	180	0.493534
72	13	1.30696
72	20	1.22861
72	25	1.2299
72	40	1.14588
72	44	1.3223
72	55	1.24484
72	58	1.28121
72	79	1.28028
72	81	1.45043
72	92	1.30956
72	146	0.578297
72	152	0.540429
72	160	0.54279
72	166	0.559566
72	179	0.478974
72	180	0.507046
73	80	0.434129
73	89	0.481007
73	106	0.422766
73	130	1.39445
73	136	1.4188
73	140	0.482206
73	141	0.445857
73	144	1.41078
73	164	1.41265
73	165	0.471522
73	170	0.456627
73	174	1.40413
73	176	1.41533
73	177	1.43075
73	178	1.41503
73	180	1.49809
74	17	0.577428
74	44	0.438634
74	59	1.42657
74	104	0.512616
74	120	0.424538
74	127	0.461701
74	129	1.40889
74	140	1.39065
74	154	0.423827
74	159	1.46249
74	161	1.42187
74	167	1.41468
74	171	1.42488
74	172	1.43656
74	175	1.41341
74	179	0.365991
75	12	0.551707
75	23	0.475845
75	100	0.584251
75	115	1.21315
75	119	1.25991
75	128	1.14031
75	129	0.588353
75	130	1.19118
75	135	1.26703
75	136	1.21553
75	142	0.613269
75	153	1.24392
75	160	1.22918
75	172	0.581546
75	177	1.22747
75	178	1.21175
75	179	1.40054
76	1	1.40887
76	5	1.43623
76	15	0.488053
76	33	1.32436
76	35	1.30531
76	37	1.42493
76	38	1.28838
76	48	1.45978
76	66	1.31301
76	69	1.32677
76	88	1.31236
76	103	0.517714
76	106	0.48324
76	119	0.468799
76	135	0.472679
76	172	0.505576
76	177	0.466972
77	7	1.40659
77	18	0.507489
77	28	0.517193
77	91	0.446915
77	101	1.33219
77	104	1.32187
77	126	0.513668
77	139	1.34242
77	145	1.36542
77	150	0.472747
77	156	1.37977
77	158	1.3569
77	162	1.37259
77	165	1.35963
77	167	0.515809
77	170	1.3626
77	180	0.430038
78	18	1.39764
78	70	0.533908
78	132	1.34792
78	137	0.481835
78	140	1.32555
78	143	0.494081
78	144	0.491998
78	148	1.38626
78	157	1.35674
78	161	1.35677
78	167	1.34958
78	169	0.476543
78	171	1.35978
78	172	1.37146
78	173	0.465971
78	175	1.3483
78	177	0.461194
79	13	1.38563
79	25	1.30857
79	36	1.39926
79	40	1.22455
79	44	1.40097
79	55	1.32351
79	58	1.35988
79	72	1.28028
79	81	1.5291
79	92	1.38823
79	116	0.513018
79	120	0.480914
79	154	0.480202
79	160	0.486182
79	166	0.502958
79	176	0.495134
79	180	0.450439
80	1	0.488241
80	41	1.2982
80	73	0.434129
80	88	0.547143
80	98	0.502675
80	104	1.33706
80	105	1.34467
80	107	0.479307
80	137	0.483656
80	142	1.32433
80	145	1.38062
80	153	0.467775
80	156	1.39496
80	162	1.38778
80	165	1.37482
80	170	1.37779
80	176	1.37976
81	10	0.556835
81	13	1.55578
81	20	1.47742
81	36	1.56941
81	40	1.3947
81	44	1.57112
81	55	1.49366
81	72	1.45043
81	79	1.5291
81	92	1.55837
81	108	0.387216
81	126	0.416873
81	139	0.409501
81	141	0.409228
81	145	0.434853
81	167	0.419014
81	177	0.369869
82	67	1.27259
82	102	1.37998
82	105	1.2632
82	106	1.39789
82	111	0.508113
82	126	0.549276
82	142	1.24285
82	145	1.29914
82	149	0.498994
82	155	1.33491
82	156	1.31348
82	162	1.30631
82	164	0.530008
82	165	1.29334
82	170	1.29632
82	175	0.551828
82	177	0.502272
82	180	0.465646
83	23	1.28628
83	56	1.31915
83	60	1.17318
83	65	1.26207
83	71	1.25947
83	98	1.314
83	120	1.333
83	125	0.479119
83	126	0.543245
83	132	0.549828
83	136	1.3096
83	146	0.530866
83	153	0.501002
83	155	1.34275
83	157	1.30585
83	177	0.496241
83	178	0.506149
83	179	1.49461
84	26	0.47563
84	36	0.427099
84	90	0.421016
84	92	0.399932
84	93	0.473325
84	97	0.459226
84	105	1.41294
84	121	0.493029
84	133	1.4123
84	158	1.44037
84	166	1.44302
84	170	1.44606
84	173	1.4493
84	174	1.43683
84	175	0.441937
84	176	1.44803
84	177	1.46344
84	178	1.44773
85	8	1.43981
85	12	0.430064
85	14	0.485427
85	32	1.55502
85	59	0.438653
85	63	1.33814
85	68	1.46877
85	96	1.40302
85	118	0.50296
85	124	1.45803
85	131	1.3969
85	134	1.44617
85	141	1.41464
85	144	0.452103
85	153	0.426059
85	174	0.446827
85	177	0.421299
85	180	1.47953
86	94	1.36119
86	101	0.52637
86	131	0.517139
86	135	0.486901
86	142	0.55152
86	147	1.29566
86	148	1.32321
86	153	0.485954
86	156	0.526025
86	157	1.29369
86	159	1.33434
86	161	1.29371
86	163	1.32131
86	167	1.28652
86	171	1.29673
86	172	1.30841
86	174	0.506721
86	175	1.28525
87	16	0.485868
87	90	0.512751
87	123	0.493981
87	139	1.27026
87	147	0.519718
87	148	0.508271
87	152	1.32245
87	153	1.32427
87	158	0.549719
87	160	1.30953
87	164	1.28972
87	168	1.31738
87	169	1.29763
87	172	0.52272
87	173	1.29368
87	177	1.30782
87	178	1.29211
87	180	1.37516
88	27	0.491538
88	33	1.20526
88	35	1.18621
88	38	1.16928
88	59	1.26135
88	63	0.575217
88	69	1.20767
88	76	1.31236
88	80	0.547143
88	90	1.32523
88	100	0.56082
88	123	0.529377
88	147	0.555114
88	150	1.2914
88	155	0.535542
88	166	1.25189
88	168	1.28187
88	169	1.26212
88	179	1.44538
89	34	0.604529
89	73	0.481007
89	99	1.27293
89	121	1.22003
89	128	0.571149
89	129	1.24847
89	145	0.574876
89	146	0.544517
89	148	1.29094
89	151	1.26724
89	157	1.26142
89	159	1.30207
89	163	1.28905
89	167	1.25426
89	171	1.26446
89	172	1.27614
89	175	1.25299
89	176	0.517962
89	177	0.509892
90	1	1.42174
90	4	1.47133
90	5	1.4491
90	33	1.33723
90	35	1.31818
90	37	1.43779
90	38	1.30125
90	48	1.47265
90	66	1.32588
90	69	1.33964
90	84	0.421016
90	87	0.512751
90	88	1.32523
90	107	0.48031
90	150	0.470101
90	166	0.479912
90	169	0.479367
90	174	0.489546
90	176	0.472088
91	15	1.41588
91	54	0.471295
91	65	0.498525
91	77	0.446915
91	95	1.40588
91	105	0.488596
91	112	0.477973
91	115	1.37123
91	120	1.39701
91	128	1.29839
91	133	0.494425
91	137	1.36888
91	146	1.33609
91	151	0.451972
91	154	1.37305
91	168	1.39511
91	175	0.46519
91	177	1.38555
91	180	1.45289
92	10	0.6299
92	13	1.41491
92	20	1.33655
92	25	1.33784
92	28	0.493463
92	36	1.42853
92	40	1.25382
92	44	1.43025
92	55	1.35279
92	58	1.38916
92	70	0.515648
92	72	1.30956
92	79	1.38823
92	81	1.55837
92	84	0.399932
92	113	0.464334
92	119	0.444761
92	176	0.451004
92	180	0.406308
93	65	0.599218
93	84	0.473325
93	94	1.32103
93	104	0.598255
93	121	1.21213
93	138	1.3069
93	139	0.555959
93	147	1.25549
93	149	0.51305
93	151	1.25934
93	159	1.29418
93	161	1.25355
93	163	1.28115
93	164	0.544064
93	167	1.24636
93	171	1.25656
93	172	1.26825
93	173	0.521105
93	175	1.24509
94	86	1.36119
94	93	1.32103
94	132	1.37866
94	140	1.35629
94	141	0.506147
94	152	0.463544
94	154	0.459925
94	159	1.42813
94	161	1.38751
94	163	1.41511
94	165	0.531811
94	167	1.38032
94	171	1.39052
94	172	1.4022
94	173	0.471565
94	175	1.37905
94	177	0.466787
94	178	0.476695
94	180	0.430162
95	3	0.445374
95	26	0.504073
95	49	0.473934
95	91	1.40588
95	100	0.462133
95	103	1.30768
95	114	1.32354
95	133	0.499615
95	138	0.453152
95	145	0.485808
95	166	1.35126
95	167	0.46997
95	168	1.38124
95	169	1.36149
95	173	1.35753
95	177	1.37168
95	178	1.35596
95	179	1.54475
95	180	1.43902
96	8	1.36981
96	26	1.29786
96	29	1.28741
96	30	1.29253
96	46	1.22408
96	67	0.557077
96	70	1.28535
96	85	1.40302
96	112	1.32159
96	116	0.507939
96	124	1.38804
96	134	1.37617
96	141	1.34464
96	151	0.518323
96	168	0.493361
96	169	0.497334
96	172	0.520589
96	178	0.491892
96	179	0.417287
96	180	1.40953
97	47	1.40205
97	57	1.34526
97	84	0.459226
97	114	0.51226
97	119	0.504056
97	121	1.28426
97	129	1.3127
97	132	1.31683
97	148	1.35517
97	161	1.32568
97	163	1.35327
97	164	0.529965
97	166	0.518122
97	167	1.31849
97	171	1.32869
97	172	1.34037
97	173	0.507006
97	175	1.31722
97	178	0.512136
97	180	0.465603
98	23	1.30854
98	37	1.37733
98	56	1.34142
98	60	1.19545
98	65	1.28434
98	71	1.28173
98	80	0.502675
98	83	1.314
98	113	0.496444
98	120	1.35527
98	130	0.506671
98	136	1.33187
98	149	0.471766
98	155	1.36502
98	157	1.32812
98	161	0.513239
98	165	0.540068
98	169	0.490393
98	176	0.483114
98	179	1.51688
99	22	0.537745
99	61	1.27087
99	89	1.27293
99	107	1.36703
99	139	0.510167
99	142	0.540863
99	144	0.50134
99	148	1.36101
99	151	1.3373
99	152	0.467293
99	159	1.37214
99	161	1.33151
99	163	1.35911
99	164	0.498272
99	167	1.32432
99	171	1.33453
99	172	1.34621
99	175	1.32305
99	177	0.470536
99	178	0.480443
100	7	1.37929
100	10	1.22621
100	75	0.584251
100	88	0.56082
100	95	0.462133
100	113	0.498092
100	117	1.30189
100	118	1.30558
100	125	0.459569
100	137	0.497333
100	143	1.38085
100	155	1.37389
100	156	1.35247
100	158	1.32961
100	162	1.34529
100	164	0.504428
100	165	1.33233
100	170	1.3353
100	176	1.33727
100	180	0.440066
101	10	1.17709
101	11	0.607412
101	60	0.608432
101	77	1.33219
101	86	0.52637
101	106	1.38776
101	110	1.23422
101	117	1.25277
101	123	1.3735
101	137	0.501201
101	142	1.23272
101	143	1.33172
101	148	0.504715
101	150	0.486644
101	152	0.477317
101	155	1.32477
101	156	1.30335
101	158	1.28049
101	165	1.28321
101	168	0.491936
101	170	1.28618
102	2	0.49864
102	68	0.4442
102	82	1.37998
102	118	1.37053
102	120	0.462851
102	129	1.389
102	139	1.38008
102	144	0.499806
102	147	1.40392
102	148	1.43147
102	152	0.465758
102	156	1.41743
102	160	0.468119
102	163	1.42957
102	165	1.39728
102	166	0.484895
102	168	0.480377
102	171	1.40499
102	175	1.39351
102	176	1.40222
102	179	0.404304
103	8	0.531366
103	33	0.549017
103	76	0.517714
103	95	1.30768
103	108	1.28986
103	123	0.495991
103	126	1.23605
103	134	0.521485
103	135	1.32691
103	146	1.2379
103	155	0.502156
103	158	0.551729
103	164	1.26925
103	166	1.26693
103	168	1.29691
103	169	1.27716
103	172	0.52473
103	176	1.27194
103	177	1.28735
103	178	1.27164
103	179	1.46042
104	6	1.32578
104	47	0.453571
104	55	0.547214
104	67	1.25214
104	74	0.512616
104	77	1.32187
104	80	1.33706
104	93	0.598255
104	105	1.24274
104	109	0.50936
104	123	1.36319
104	133	1.24211
104	145	1.27869
104	153	0.522071
104	155	1.31446
104	156	1.29303
104	158	1.27017
104	162	1.28586
104	165	1.27289
104	166	0.533204
104	168	0.528687
105	24	0.533278
105	40	0.620586
105	80	1.34467
105	82	1.2632
105	84	1.41294
105	91	0.488596
105	104	1.24274
105	110	1.23151
105	118	1.25375
105	119	0.510172
105	125	0.491222
105	127	0.539358
105	143	1.32902
105	145	1.2863
105	152	0.505102
105	156	1.30064
105	158	1.27778
105	162	1.29346
105	165	1.2805
105	170	1.28347
105	178	0.518252
106	22	1.37987
106	73	0.422766
106	76	0.48324
106	82	1.39789
106	101	1.38776
106	110	1.3662
106	111	0.457492
106	118	1.38844
106	131	0.487596
106	135	0.457359
106	142	1.36471
106	144	0.482456
106	145	1.42099
106	146	0.486276
106	158	1.41247
106	162	1.42816
106	165	1.41519
106	166	0.467545
106	168	0.463027
106	170	1.41817
106	176	1.42013
107	30	0.536518
107	42	1.26786
107	49	0.504785
107	50	1.35747
107	54	1.35352
107	80	0.479307
107	90	0.48031
107	99	1.36703
107	122	1.3593
107	128	0.512932
107	133	0.530466
107	147	1.3575
107	151	1.36134
107	159	1.39618
107	161	1.35555
107	167	1.34836
107	169	0.467025
107	171	1.35856
107	172	1.37025
107	174	0.477203
107	175	1.34709
107	180	0.41505
108	1	0.477957
108	30	0.537573
108	39	1.41864
108	49	0.50584
108	56	0.508593
108	81	0.387216
108	103	1.28986
108	111	1.37196
108	113	1.32993
108	128	1.2667
108	134	0.48809
108	146	1.3044
108	149	1.37308
108	157	0.496836
108	160	1.35557
108	161	0.490926
108	167	0.501876
108	169	1.34367
108	174	1.32724
108	177	1.35386
108	178	1.33814
108	179	1.52693
109	8	0.472673
109	31	0.503874
109	57	0.488505
109	104	0.50936
109	121	0.528081
109	123	0.437298
109	127	1.30747
109	128	1.27644
109	130	1.3273
109	133	0.506223
109	146	1.31414
109	152	1.37823
109	157	0.471538
109	164	1.3455
109	166	1.34317
109	168	1.37316
109	173	1.34945
109	174	1.33698
109	175	0.476988
109	177	1.3636
109	178	1.34788
109	179	1.53667
110	34	1.19613
110	41	1.18504
110	101	1.23422
110	105	1.23151
110	106	1.3662
110	117	1.23122
110	128	0.602084
110	139	1.24445
110	143	1.31017
110	145	1.26745
110	149	0.537549
110	156	1.2818
110	158	1.25893
110	165	1.26165
110	169	0.556176
110	170	1.26463
110	171	0.593076
110	173	0.545604
110	175	0.590383
110	176	1.26659
110	179	0.476129
110	180	0.504201
111	40	0.553465
111	64	1.30249
111	82	0.508113
111	106	0.457492
111	108	1.37196
111	131	0.47717
111	144	1.34949
111	146	1.32
111	152	1.38409
111	159	0.461204
111	160	1.37118
111	161	0.479419
111	163	0.47597
111	164	1.35136
111	166	1.34904
111	168	1.37902
111	170	0.491354
111	173	1.35532
111	174	1.34285
111	175	0.49078
111	177	1.36946
111	178	1.35375
112	3	1.35146
112	24	1.28752
112	26	1.28643
112	30	1.2811
112	43	1.20988
112	46	1.21265
112	68	1.38735
112	70	1.27392
112	91	0.477973
112	96	1.32159
112	114	0.507753
112	115	0.537943
112	124	1.37661
112	126	0.544726
112	131	1.31547
112	132	0.551309
112	134	1.36474
112	141	1.33321
112	162	0.549476
112	176	0.505792
112	177	0.497722
112	179	0.433025
112	180	1.3981
113	19	1.3392
113	43	0.589709
113	62	1.26286
113	67	0.531876
113	92	0.464334
113	98	0.496444
113	100	0.498092
113	108	1.32993
113	122	0.508136
113	128	1.24026
113	137	1.31075
113	139	1.28986
113	149	1.34665
113	160	1.32914
113	161	0.494979
113	164	1.30932
113	166	1.307
113	167	0.505929
113	174	1.30081
113	175	0.506339
113	176	1.31201
113	177	1.32742
113	180	1.39476
114	18	0.48624
114	37	0.46269
114	38	0.539379
114	40	0.557656
114	41	0.554046
114	95	1.32354
114	97	0.51226
114	112	0.507753
114	119	1.33565
114	135	1.34278
114	137	1.28654
114	141	0.484774
114	146	1.25376
114	149	1.32245
114	152	1.31785
114	154	1.29072
114	166	1.2828
114	167	0.49456
114	173	1.28908
114	176	1.2878
114	177	1.30322
114	178	1.2875
114	179	1.47629
115	17	1.17869
115	32	0.46216
115	36	0.510321
115	57	0.536676
115	58	0.492561
115	64	1.27006
115	75	1.21315
115	91	1.37123
115	112	0.537943
115	128	1.24987
115	135	1.37659
115	138	0.507931
115	149	1.35626
115	151	0.511942
115	152	1.35166
115	163	0.510349
115	168	1.34659
115	169	1.32684
115	170	0.525733
115	173	1.32289
115	174	1.31042
115	178	1.32132
115	180	1.40438
116	25	0.517299
116	64	1.24405
116	79	0.513018
116	96	0.507939
116	130	1.27473
116	135	1.35058
116	144	1.29105
116	145	0.526321
116	149	1.33025
116	152	1.32565
116	158	0.52694
116	159	0.481317
116	166	1.2906
116	167	0.510482
116	168	1.32058
116	169	1.30083
116	172	0.499941
116	173	1.29688
116	174	1.28441
116	175	0.510893
116	177	1.31102
116	178	1.2953
116	179	1.48409
117	10	1.1741
117	12	1.34204
117	61	0.594964
117	100	1.30189
117	101	1.25277
117	110	1.23122
117	123	1.37051
117	131	0.549588
117	133	1.24943
117	134	0.549003
117	142	1.22972
117	143	1.32873
117	150	0.519727
117	152	0.5104
117	156	1.30036
117	158	1.27749
117	162	1.29318
117	163	0.548389
117	165	1.28021
117	170	1.28319
117	171	0.565892
117	176	1.28515
117	177	0.513643
117	179	0.448946
118	10	1.17778
118	19	0.491485
118	21	1.27099
118	34	1.21837
118	85	0.50296
118	100	1.30558
118	102	1.37053
118	105	1.25375
118	106	1.38844
118	127	0.548057
118	130	0.548672
118	133	1.25311
118	137	0.537686
118	139	1.26669
118	142	1.23341
118	145	1.28969
118	147	0.552647
118	150	0.523128
118	156	1.30404
118	162	1.29686
118	165	1.28389
118	166	0.532938
118	167	0.56619
118	170	1.28687
119	28	1.33947
119	75	1.25991
119	76	0.468799
119	92	0.444761
119	97	0.504056
119	105	0.510172
119	114	1.33565
119	129	0.482621
119	137	1.36711
119	149	1.40302
119	151	0.473548
119	152	1.39842
119	153	1.40024
119	156	0.482042
119	157	0.481316
119	159	0.457191
119	160	1.3855
119	164	1.36569
119	169	1.3736
119	171	0.48946
119	176	1.36837
119	177	1.38379
119	178	1.36808
119	180	1.45113
120	20	0.514943
120	36	0.463951
120	67	0.504325
120	71	1.30073
120	74	0.424538
120	79	0.480914
120	83	1.333
120	91	1.39701
120	98	1.35527
120	102	0.462851
120	121	0.529881
120	136	1.35087
120	144	1.34284
120	155	1.38402
120	157	1.34712
120	160	1.36453
120	161	0.467428
120	172	0.467837
120	173	1.34867
120	175	0.478789
120	177	1.36281
120	178	1.3471
120	179	1.53588
120	180	1.43015
121	14	1.32039
121	64	0.56428
121	84	0.493029
121	89	1.22003
121	93	1.21213
121	97	1.28426
121	109	0.528081
121	120	0.529881
121	129	1.26564
121	132	1.26977
121	138	1.33196
121	147	1.28056
121	148	1.30811
121	151	1.28441
121	154	0.52917
121	155	0.552062
121	163	1.30621
121	167	1.27143
121	171	1.28163
121	172	1.29331
121	174	0.561559
121	175	1.27015
121	178	0.545939
121	180	0.499406
122	14	1.36556
122	21	0.558244
122	45	0.487186
122	47	1.40016
122	50	1.3257
122	54	1.32175
122	61	1.26313
122	68	0.461934
122	107	1.3593
122	113	0.508136
122	133	0.565527
122	136	0.504875
122	147	1.32572
122	151	1.32957
122	154	0.479874
122	157	1.32375
122	159	1.36441
122	161	1.32378
122	167	1.31659
122	169	0.502085
122	171	1.32679
122	172	1.33848
122	175	1.31532
122	177	0.486736
122	180	0.45011
123	16	1.4294
123	22	1.36562
123	31	1.38053
123	41	1.32432
123	48	0.467867
123	87	0.493981
123	88	0.529377
123	101	1.3735
123	103	0.495991
123	104	1.36319
123	109	0.437298
123	117	1.37051
123	132	0.498835
123	133	1.37015
123	142	1.35045
123	143	1.44946
123	146	0.479873
123	149	0.441971
123	158	1.39822
123	162	1.41391
123	165	1.40094
123	170	1.40392
123	175	0.494804
123	176	1.40588
123	178	0.455156
123	180	0.408623
124	3	1.41791
124	9	0.455522
124	29	1.34242
124	30	1.34754
124	32	1.54004
124	38	0.548067
124	43	1.27633
124	46	1.2791
124	52	1.35633
124	70	1.34036
124	85	1.45803
124	96	1.38804
124	112	1.37661
124	129	0.499514
124	130	0.48573
124	131	1.38192
124	134	1.43119
124	141	1.39966
124	149	0.450825
124	150	0.460186
124	152	0.45086
124	162	0.505856
124	170	0.504232
124	177	0.454103
124	179	0.389405
124	180	1.46454
125	13	0.438134
125	32	0.404818
125	40	0.530502
125	44	0.426207
125	45	1.4165
125	46	0.530898
125	83	0.479119
125	100	0.459569
125	105	0.491222
125	139	1.36128
125	140	1.35196
125	144	1.37886
125	146	1.34938
125	148	1.41267
125	151	1.38897
125	154	1.38634
125	158	0.483864
125	161	1.38318
125	162	0.470014
125	165	0.483285
125	167	1.37599
125	171	1.38619
125	173	1.38469
125	175	1.37471
125	178	1.38312
125	180	1.46618
126	7	0.502964
126	48	0.505006
126	62	1.23549
126	77	0.513668
126	81	0.416873
126	82	0.549276
126	83	0.543245
126	103	1.23605
126	112	0.544726
126	129	1.27141
126	135	1.33961
126	141	0.521746
126	142	0.552714
126	146	1.25059
126	147	1.28633
126	148	1.31388
126	151	1.29018
126	158	0.54799
126	159	1.32501
126	163	1.31199
126	168	1.30961
126	171	1.2874
126	172	1.29908
126	173	1.28591
126	178	1.28433
126	179	1.47312
127	9	1.33555
127	12	0.475161
127	39	1.36001
127	60	0.594268
127	74	0.461701
127	105	0.539358
127	109	1.30747
127	118	0.548057
127	136	1.28328
127	144	1.27526
127	149	1.31445
127	152	1.30986
127	153	1.31168
127	154	1.28273
127	156	0.511228
127	157	0.510502
127	158	0.531999
127	160	1.29694
127	161	0.504591
127	162	0.51815
127	164	1.27713
127	168	1.30479
127	169	1.28504
127	173	1.28108
127	177	1.29523
127	178	1.27951
128	6	0.543113
128	37	0.513916
128	75	1.14031
128	89	0.571149
128	91	1.29839
128	107	0.512932
128	108	1.2667
128	109	1.27644
128	110	0.602084
128	113	1.24026
128	115	1.24987
128	137	1.24752
128	150	1.28328
128	153	1.28064
128	154	1.25169
128	155	0.51267
128	157	0.540745
128	159	0.51662
128	160	1.26591
128	166	1.24377
128	168	1.27375
128	172	0.535244
128	175	0.546196
128	177	1.26419
128	178	1.24848
128	179	1.43726
128	180	1.33153
129	18	1.34793
129	25	0.536756
129	46	0.593431
129	74	1.40889
129	75	0.588353
129	89	1.24847
129	97	1.3127
129	102	1.389
129	119	0.482621
129	121	1.26564
129	124	0.499514
129	126	1.27141
129	132	1.29821
129	138	1.36041
129	140	1.27584
129	146	0.515419
129	148	1.33655
129	150	1.34181
129	151	1.31285
129	164	0.508531
129	166	0.496688
129	167	1.29987
129	171	1.31007
129	172	1.32175
129	175	1.2986
129	176	0.488864
129	177	0.480794
129	179	0.416097
130	3	0.49156
130	52	0.523633
130	73	1.39445
130	75	1.19118
130	98	0.506671
130	109	1.3273
130	116	1.27473
130	118	0.548672
130	124	0.48573
130	135	1.35462
130	144	1.29509
130	146	1.2656
130	148	0.491165
130	151	0.503348
130	154	1.30256
130	158	0.532614
130	159	0.486991
130	161	0.505205
130	162	0.518764
130	164	1.29696
130	166	1.29464
130	168	1.32462
130	169	1.30487
130	174	1.28845
130	177	1.31506
130	178	1.29935
130	179	1.48813
130	180	1.3824
131	3	1.35677
131	8	1.3637
131	16	1.34418
131	26	1.29175
131	29	1.28129
131	30	1.28641
131	43	1.2152
131	46	1.21797
131	52	1.2952
131	63	1.26203
131	66	0.545807
131	70	1.27923
131	85	1.3969
131	86	0.517139
131	106	0.487596
131	111	0.47717
131	112	1.31547
131	117	0.549588
131	124	1.38192
131	134	1.37006
131	141	1.33853
131	157	0.515434
131	163	0.506074
131	164	0.499065
131	165	0.536352
131	169	0.486678
131	176	0.479398
131	180	1.40341
132	16	0.490722
132	42	1.22349
132	78	1.34792
132	83	0.549828
132	94	1.37866
132	97	1.31683
132	112	0.551309
132	121	1.26977
132	123	0.498835
132	129	1.29821
132	138	1.36453
132	140	1.27997
132	147	1.31313
132	150	1.34594
132	151	1.31698
132	154	0.482108
132	158	0.554573
132	159	1.35181
132	161	1.31119
132	163	1.33878
132	165	0.553993
132	166	0.504863
132	169	0.504319
132	171	1.3142
132	172	1.32588
132	175	1.30272
132	177	0.48897
132	179	0.424272
133	12	1.34169
133	15	1.33054
133	22	1.24454
133	24	0.539107
133	41	1.20324
133	49	1.30337
133	51	0.492279
133	63	0.569879
133	67	1.25911
133	84	1.4123
133	91	0.494425
133	95	0.499615
133	104	1.24211
133	107	0.530466
133	109	0.506223
133	117	1.24943
133	118	1.25311
133	122	0.565527
133	123	1.37015
133	142	1.22937
133	143	1.32838
133	148	0.538329
133	156	1.3
133	158	1.27714
133	162	1.29283
133	165	1.27986
133	168	0.52555
133	170	1.28283
133	174	0.539702
134	3	1.40604
134	9	0.472163
134	19	0.445183
134	26	1.34101
134	29	1.33056
134	30	1.33568
134	43	1.26447
134	46	1.26724
134	52	1.34447
134	63	1.3113
134	68	1.44193
134	70	1.3285
134	85	1.44617
134	96	1.37617
134	103	0.521485
134	108	0.48809
134	112	1.36474
134	117	0.549003
134	124	1.43119
134	131	1.37006
134	135	0.47645
134	137	0.491384
134	141	1.3878
134	144	0.501547
134	150	0.476826
134	164	0.498479
134	168	0.482119
134	179	0.406045
134	180	1.45268
135	49	0.494201
135	75	1.26703
135	76	0.472679
135	86	0.486901
135	103	1.32691
135	106	0.457359
135	114	1.34278
135	115	1.37659
135	116	1.35058
135	126	1.33961
135	130	1.35462
135	134	0.47645
135	142	0.511418
135	143	0.473978
135	144	1.37094
135	147	0.476693
135	149	1.41014
135	152	1.40554
135	154	1.37841
135	161	0.479286
135	166	1.37049
135	168	1.40047
135	170	0.49122
135	171	0.49334
135	172	0.479695
135	174	1.3643
135	176	1.3755
135	177	1.39091
135	178	1.3752
136	13	0.473395
136	29	0.497364
136	56	1.33702
136	60	1.19105
136	65	1.27994
136	67	0.528614
136	73	1.4188
136	75	1.21553
136	83	1.3096
136	98	1.33187
136	120	1.35087
136	122	0.504875
136	127	1.28328
136	142	0.523849
136	143	0.48641
136	148	0.477677
136	151	0.48986
136	155	1.36062
136	156	0.498354
136	157	1.32372
136	160	1.34113
136	161	0.491717
136	165	0.518546
136	168	1.34897
136	173	1.32527
136	175	0.503078
136	177	1.33941
136	178	1.3237
136	179	1.51248
136	180	1.40675
137	9	1.375
137	50	0.513796
137	78	0.481835
137	80	0.483656
137	91	1.36888
137	100	0.497333
137	101	0.501201
137	113	1.31075
137	114	1.28654
137	118	0.537686
137	119	1.36711
137	128	1.24752
137	134	0.491384
137	147	0.491627
137	150	1.35377
137	153	1.35113
137	154	1.32218
137	159	0.476005
137	160	1.33639
137	161	0.494219
137	164	1.31658
137	165	0.521048
137	167	0.50517
137	168	1.34424
137	169	1.32449
137	173	1.32054
137	176	1.31926
137	177	1.33468
137	178	1.31896
137	180	1.40202
138	14	1.41516
138	16	0.469463
138	28	0.51824
138	34	0.562348
138	47	1.44976
138	50	1.3753
138	61	1.31273
138	68	0.442909
138	93	1.3069
138	95	0.453152
138	115	0.507931
138	121	1.33196
138	129	1.36041
138	132	1.36453
138	139	0.507343
138	146	0.502336
138	147	1.37533
138	148	1.40288
138	150	1.40813
138	151	1.37917
138	159	1.41401
138	160	0.466829
138	161	1.37338
138	163	1.40098
138	171	1.37639
138	172	1.38808
138	175	1.36492
138	176	0.475781
138	177	0.467711
138	179	0.403013
138	180	0.431085
139	4	0.528077
139	5	0.514343
139	27	0.447041
139	42	0.594112
139	63	0.53072
139	77	1.34242
139	81	0.409501
139	87	1.27026
139	93	0.555959
139	99	0.510167
139	102	1.38008
139	110	1.24445
139	113	1.28986
139	118	1.26669
139	125	1.36128
139	138	0.507343
139	140	0.550723
139	143	1.34196
139	144	1.29382
139	145	1.29924
139	150	1.33289
139	154	1.30129
139	158	1.29072
139	162	1.30641
139	166	1.29337
139	167	0.52416
139	169	1.3036
139	170	1.29641
139	174	1.28718
139	175	0.524571
139	178	1.29808
140	42	1.20112
140	45	0.511541
140	53	1.31457
140	57	1.3084
140	73	0.482206
140	74	1.39065
140	78	1.32555
140	94	1.35629
140	125	1.35196
140	129	1.27584
140	132	1.27997
140	139	0.550723
140	142	0.581418
140	144	0.541896
140	147	1.29076
140	148	1.31831
140	149	0.507814
140	151	1.29461
140	159	1.32944
140	160	0.510209
140	161	1.28882
140	163	1.31641
140	166	0.526985
140	167	1.28163
140	168	0.522467
140	171	1.29183
140	172	1.30351
140	173	0.515869
140	175	1.28035
140	177	0.511092
140	179	0.446394
141	1	0.499969
141	3	1.37451
141	8	1.38144
141	13	0.494615
141	14	0.53887
141	16	1.36192
141	24	1.31057
141	26	1.30948
141	29	1.29903
141	30	1.30415
141	32	1.49665
141	43	1.23294
141	52	1.31294
141	63	1.27977
141	70	1.29697
141	73	0.445857
141	81	0.409228
141	85	1.41464
141	94	0.506147
141	96	1.34464
141	112	1.33321
141	114	0.484774
141	124	1.39966
141	126	0.521746
141	131	1.33853
141	134	1.3878
141	155	0.490773
141	163	0.509488
141	169	0.490092
141	170	0.524872
141	176	0.482812
141	180	1.42115
142	6	1.31305
142	7	1.30712
142	12	1.32199
142	24	0.530643
142	31	1.23975
142	75	0.613269
142	80	1.32433
142	82	1.24285
142	86	0.55152
142	99	0.540863
142	101	1.23272
142	106	1.36471
142	117	1.22972
142	118	1.23341
142	123	1.35045
142	126	0.552714
142	133	1.22937
142	135	0.511418
142	136	0.523849
142	140	0.581418
142	143	1.30868
142	145	1.26596
142	150	0.511794
142	152	0.502467
142	155	1.30172
142	156	1.2803
142	158	1.25744
142	162	1.27312
142	165	1.26016
142	170	1.26313
142	178	0.515618
142	180	0.469085
143	5	0.507599
143	6	1.41206
143	7	1.40612
143	12	1.42099
143	30	0.553113
143	34	1.29364
143	44	0.476217
143	59	0.485625
143	78	0.494081
143	100	1.38085
143	101	1.33172
143	105	1.32902
143	110	1.31017
143	117	1.32873
143	123	1.44946
143	133	1.32838
143	135	0.473978
143	136	0.48641
143	139	1.34196
143	142	1.30868
143	145	1.36496
143	148	0.492426
143	150	0.474354
143	152	0.465028
143	156	1.37931
143	158	1.35644
143	162	1.37213
143	165	1.35916
143	168	0.479647
143	170	1.36214
143	174	0.493799
143	175	0.517826
143	176	1.3641
143	179	0.403573
144	6	0.512661
144	11	1.19021
