1	49	1.209
1	73	0.564597
1	93	0.601099
1	139	0.607434
1	159	1.18342
1	167	1.16947
1	168	1.17747
1	175	1.1937
1	176	0.625689
1	177	1.17913
1	178	1.20253
1	180	1.28541
2	17	1.33598
2	41	1.36233
2	48	0.49039
2	73	1.42728
2	75	1.28766
2	78	1.3686
2	99	1.33959
2	128	0.483337
2	131	0.471078
2	155	0.477462
2	176	0.479289
2	180	1.47611
3	24	0.514835
3	71	0.461614
3	108	0.497082
3	141	1.37553
3	145	0.458615
3	149	1.3712
3	155	1.3667
3	156	1.36592
3	157	0.472684
3	164	1.36787
3	165	1.36995
3	169	1.38357
4	32	1.44406
4	37	1.43656
4	40	0.482915
4	43	1.34953
4	61	0.476508
4	127	1.34522
4	129	0.472611
4	130	1.32707
4	143	1.35376
4	146	1.34417
4	168	0.490943
4	171	0.478634
5	78	0.465667
5	125	1.38962
5	131	1.3662
5	132	1.3634
5	136	1.36823
5	143	0.48607
5	162	1.34618
5	163	1.39062
5	166	0.488455
5	172	0.477067
5	173	1.37654
5	177	0.486848
6	13	1.41359
6	22	0.438641
6	135	0.4814
6	148	1.35946
6	156	1.36237
6	160	0.490026
6	164	1.36432
6	165	1.36639
6	169	1.38002
6	175	0.496504
6	176	1.35448
6	178	0.495357
7	17	0.487158
7	103	0.463931
7	134	1.35634
7	142	0.476143
7	149	0.480537
7	153	0.487663
7	161	1.37402
7	162	1.35544
7	163	1.39988
7	175	1.37343
7	177	1.35886
7	178	1.38226
8	74	0.468237
8	91	0.448904
8	138	0.50519
8	139	1.38789
8	140	1.36087
8	149	1.36766
8	159	0.485208
8	162	1.35759
8	163	1.40203
8	164	1.36433
8	168	0.495525
8	179	1.36034
9	57	0.522421
9	76	1.4061
9	97	1.38435
9	133	0.468057
9	151	1.36416
9	157	1.3615
9	162	1.34575
9	163	1.39019
9	171	0.47104
9	172	0.466485
9	177	0.476267
9	179	1.3485
10	37	1.43606
10	39	0.398843
10	86	1.31341
10	104	1.4133
10	108	1.35945
10	115	0.497677
10	148	0.513598
10	157	1.36408
10	158	1.34215
10	167	0.493172
10	168	0.498385
10	172	1.37124
11	82	1.20015
11	96	1.11912
11	97	1.22294
11	100	0.620279
11	125	1.22777
11	151	1.20275
11	159	0.619203
11	162	1.18433
11	163	1.22877
11	173	1.21469
11	174	0.608256
11	180	0.554508
12	47	0.480117
12	103	0.475501
12	127	1.35136
12	143	1.3599
12	146	1.35031
12	147	0.47662
12	158	1.3488
12	161	1.37355
12	174	0.477883
12	176	1.35188
12	179	0.493085
12	180	1.46468
13	6	1.41359
13	52	0.516934
13	71	0.470341
13	126	0.469621
13	144	1.35292
13	153	1.37222
13	159	0.485098
13	165	1.36651
13	169	1.38013
13	173	0.465751
13	176	1.35459
13	179	1.36044
14	54	0.445881
14	86	1.33519
14	101	1.38117
14	135	0.47294
14	146	1.36544
14	157	1.38586
14	158	1.36393
14	161	1.38868
14	165	0.488741
14	170	1.37991
14	177	0.495745
14	179	0.496764
15	28	1.2972
15	60	0.52467
15	107	0.455463
15	146	0.479555
15	159	1.38293
15	167	1.36897
15	168	1.37697
15	169	0.460308
15	175	1.3932
15	177	1.37863
15	178	1.40203
15	179	0.476263
16	104	1.35524
16	113	1.26705
16	124	1.32014
16	127	1.28665
16	141	0.519346
16	144	0.543925
16	146	1.2856
16	158	1.28409
16	161	1.30884
16	165	0.517745
16	166	1.29254
16	173	0.502166
16	178	0.515901
17	2	1.33598
17	7	0.487158
17	29	0.569053
17	30	1.36484
17	73	1.33212
17	75	1.19251
17	78	1.27345
17	99	1.24444
17	147	0.500384
17	152	1.27477
17	162	0.529188
17	167	0.517698
17	180	1.38096
18	22	1.45254
18	34	0.450982
18	39	0.474965
18	74	1.33112
18	101	1.27375
18	104	1.32766
18	130	1.24092
18	131	0.561204
18	146	1.25802
18	158	1.2565
18	171	0.562198
18	174	0.553242
18	176	1.25959
19	86	1.25519
19	91	0.491981
19	110	1.30095
19	130	1.26834
19	134	1.29101
19	141	0.526118
19	155	0.531683
19	158	1.28393
19	161	1.30868
19	164	0.52365
19	166	1.29238
19	171	0.526294
19	180	1.39981
20	80	0.448129
20	88	0.423334
20	124	0.433102
20	126	1.48079
20	138	1.44105
20	139	0.416552
20	140	0.438966
20	167	1.45907
20	175	1.4833
20	177	1.46873
20	178	1.49213
20	179	0.433837
20	180	1.57502
21	40	1.31979
21	72	0.492183
21	75	0.558525
21	104	0.500331
21	116	1.29853
21	138	1.26873
21	165	0.518525
21	167	1.28675
21	171	1.29902
21	175	1.31098
21	177	1.29641
21	178	1.31981
21	179	0.526548
22	6	0.438641
22	18	1.45254
22	43	1.49222
22	48	0.456694
22	71	0.425611
22	90	1.4658
22	134	1.49243
22	137	0.427482
22	158	1.48535
22	161	1.51011
22	163	0.424673
22	170	1.50134
22	174	0.429421
23	39	0.447901
23	53	1.24968
23	67	1.341
23	109	1.29607
23	135	1.29169
23	139	1.31789
23	140	1.29086
23	146	0.544673
23	154	1.32288
23	166	0.541969
23	170	0.537663
23	172	0.53058
23	179	1.29033
24	3	0.514835
24	73	0.485294
24	76	0.517248
24	116	1.29703
24	159	1.2992
24	165	0.537392
24	167	1.28524
24	168	1.29325
24	170	0.541697
24	171	1.29752
24	172	1.3144
24	177	1.29491
24	178	1.31831
25	27	0.534947
25	35	1.22247
25	37	0.485195
25	104	0.515632
25	105	1.35753
25	139	0.524564
25	142	1.31287
25	144	1.28998
25	148	1.29663
25	164	1.30149
25	165	1.30357
25	169	1.31719
25	177	0.540829
26	66	1.32723
26	92	1.24418
26	94	0.48436
26	132	1.30342
26	136	1.30825
26	138	0.548541
26	151	1.30462
26	162	1.2862
26	163	1.33064
26	166	0.533402
26	170	1.29601
26	172	0.522014
26	174	0.517612
27	25	0.534947
27	35	0.56839
27	46	0.510459
27	113	1.26625
27	154	0.48595
27	162	1.28947
27	163	1.33391
27	165	0.496282
27	166	1.29174
27	170	1.29927
27	171	1.2955
27	175	1.30745
27	178	1.31629
28	15	1.2972
28	35	0.609721
28	85	1.20594
28	101	0.55435
28	111	1.2936
28	115	0.55099
28	157	1.23942
28	158	0.550273
28	159	1.23138
28	168	1.22543
28	169	0.529682
28	171	1.2297
28	177	1.22709
28	178	1.25049
29	17	0.569053
29	85	1.20985
29	133	1.24955
29	135	0.539586
29	145	1.26863
29	149	0.562432
29	151	0.562731
29	160	1.25695
29	171	1.23361
29	172	1.25049
29	175	1.24556
29	177	1.231
29	178	1.2544
29	179	0.56341
30	17	1.36484
30	34	0.372119
30	41	1.39118
30	73	1.45613
30	75	1.31651
30	78	1.39745
30	99	1.36845
30	118	0.46013
30	144	0.507738
30	152	1.39878
30	159	0.485326
30	162	0.501921
30	174	0.474379
30	180	1.50496
31	144	0.478038
31	147	1.4121
31	151	0.459201
31	156	0.466112
31	157	1.40465
31	158	0.464517
31	162	0.47222
31	167	1.38265
31	168	1.39066
31	170	0.456163
31	171	1.39493
31	175	1.40688
31	177	1.39232
31	178	1.41572
32	4	1.44406
32	53	0.501534
32	80	0.476124
32	86	1.36198
32	128	1.39899
32	134	1.3978
32	146	1.39223
32	158	1.39072
32	161	1.41547
32	166	1.39917
32	167	0.462681
32	174	0.446629
32	178	0.451965
32	179	0.461832
33	78	0.544009
33	132	0.566142
33	139	1.25928
33	140	1.23226
33	144	1.2242
33	146	0.569502
33	154	1.26427
33	156	1.23377
33	158	0.570846
33	160	1.25834
33	163	0.54626
33	165	1.2378
33	171	1.23501
33	178	1.25579
34	18	0.450982
34	30	0.372119
34	51	0.43972
34	108	0.4102
34	119	1.35819
34	137	1.45247
34	143	0.391947
34	148	1.39089
34	153	1.40354
34	155	1.39459
34	156	1.3938
34	164	1.39575
34	169	1.41145
34	180	0.737511
35	25	1.22247
35	27	0.56839
35	28	0.609721
35	37	0.518637
35	72	1.30664
35	149	1.23947
35	150	0.548232
35	153	1.24393
35	155	1.23498
35	163	0.555341
35	164	1.23614
35	165	1.23822
35	169	1.25184
35	176	1.2263
36	77	0.591897
36	120	1.20436
36	150	1.26668
36	159	1.24315
36	160	1.2648
36	165	0.549952
36	167	1.22919
36	168	1.2372
36	169	0.54202
36	170	0.554257
36	175	1.25342
36	177	1.23885
36	178	1.26226
36	179	0.557975
37	4	1.43656
37	10	1.43606
37	25	0.485195
37	35	0.518637
37	77	1.33335
37	110	1.40025
37	111	0.420213
37	120	0.475577
37	134	1.3903
37	152	0.446276
37	158	1.38322
37	161	1.40798
37	172	1.41231
37	179	0.454553
38	55	0.442539
38	87	0.454133
38	113	1.37289
38	119	1.36529
38	135	1.40022
38	145	0.469694
38	154	1.43141
38	160	0.476508
38	161	1.41469
38	166	1.39838
38	169	1.41855
38	175	0.482986
38	178	0.481838
38	179	1.39886
39	10	0.398843
39	18	0.474965
39	23	0.447901
39	43	0.434152
39	88	0.407224
39	127	0.433627
39	150	1.48838
39	164	1.46387
39	165	1.46595
39	169	1.47957
39	175	1.47512
39	177	1.46055
39	180	1.56683
40	4	0.482915
40	21	1.31979
40	70	1.20405
40	78	0.48704
40	87	1.39673
40	124	0.508506
40	132	0.509173
40	147	1.35168
40	156	0.515473
40	159	1.33619
40	160	1.35785
40	169	0.493286
40	175	1.34646
40	177	1.3319
40	178	1.3553
41	2	1.36233
41	30	1.39118
41	54	0.45845
41	73	1.35847
41	75	1.21885
41	78	1.29979
41	99	1.27078
41	108	0.525789
41	117	1.38991
41	119	0.530141
41	142	0.50396
41	150	0.482274
41	152	1.30112
41	175	0.500613
41	180	1.4073
42	73	0.450681
42	92	1.28644
42	96	1.26325
42	100	0.507624
42	102	1.39606
42	115	1.32007
42	116	0.512862
42	131	1.34848
42	151	1.34687
42	162	1.32845
42	163	1.3729
42	166	0.51139
42	167	0.511652
42	170	1.33826
42	177	0.509783
43	4	1.34953
43	22	1.49222
43	39	0.434152
43	55	0.478466
43	101	1.31343
43	120	0.548656
43	121	0.514998
43	124	1.33224
43	130	1.2806
43	134	1.30327
43	154	0.509277
43	158	1.29618
43	161	1.32094
43	170	1.31217
43	178	0.517765
44	93	0.497818
44	105	0.501852
44	117	0.475836
44	123	1.4066
44	125	1.3467
44	131	1.32329
44	132	1.32048
44	136	1.32531
44	145	0.499426
44	151	1.32168
44	162	1.30326
44	163	1.34771
44	171	0.515191
44	178	0.51157
44	179	1.30602
45	76	1.36262
45	102	1.36987
45	105	0.486961
45	125	1.34571
45	131	1.32229
45	132	1.31948
45	138	0.522273
45	142	0.501174
45	162	1.30227
45	163	1.34671
45	172	0.495745
45	173	1.33263
45	174	0.491344
45	176	1.29917
45	177	0.505527
46	27	0.510459
46	67	1.3717
46	83	1.332
46	112	1.2973
46	121	0.504726
46	135	1.32239
46	139	1.34858
46	140	1.32156
46	154	1.35357
46	170	0.513642
46	172	0.506559
46	174	1.33242
46	176	0.51833
46	179	1.32103
46	180	0.448409
47	12	0.480117
47	48	1.34095
47	60	0.546645
47	65	0.49559
47	108	0.514694
47	117	0.452637
47	121	1.33695
47	147	1.34293
47	153	0.504386
47	160	1.34909
47	167	1.31348
47	168	1.32149
47	171	1.32576
47	177	1.32314
47	178	1.34655
48	2	0.49039
48	22	0.456694
48	47	1.34095
48	51	1.28417
48	78	0.501077
48	103	0.505693
48	145	1.36395
48	157	1.33865
48	159	1.33061
48	168	1.32466
48	170	0.519559
48	175	1.34088
48	176	0.524248
48	177	1.32632
48	178	1.34972
49	1	1.209
49	125	0.494853
49	130	0.525028
49	137	0.483433
49	138	1.3107
49	147	1.35817
49	149	0.499596
49	152	0.492297
49	160	1.36433
49	168	1.33672
49	171	1.341
49	173	1.36532
49	175	1.35295
49	178	1.36178
49	179	0.500574
50	64	1.33254
50	81	0.531622
50	90	1.24356
50	96	0.571907
50	112	1.24831
50	133	1.29126
50	135	1.2734
50	141	0.525687
50	161	1.28786
50	164	0.52322
50	165	0.524087
50	168	1.27105
50	169	0.516155
50	174	1.28343
50	177	1.27271
50	178	1.29611
51	34	0.43972
51	48	1.28417
51	64	0.53333
51	111	1.33289
51	133	1.28492
51	140	0.562312
51	142	0.55181
51	146	0.560474
51	159	1.27066
51	165	0.549159
51	167	1.25671
51	168	1.26471
51	171	1.26898
51	175	1.28094
51	177	1.26637
51	178	1.28977
52	13	0.516934
52	84	1.34597
52	92	0.550685
52	116	1.26358
52	141	0.532364
52	145	1.29909
52	152	0.53051
52	159	1.26576
52	160	1.28741
52	161	0.525428
52	167	1.2518
52	171	1.26408
52	175	1.27603
52	177	1.26146
52	178	1.28486
52	179	0.538787
53	23	1.24968
53	32	0.501534
53	79	1.27481
53	84	0.504127
53	86	0.567622
53	88	1.35491
53	109	1.27226
53	112	1.2428
53	121	0.538275
53	135	1.26789
53	140	1.26706
53	154	1.29907
53	159	0.546653
53	171	0.544662
53	173	1.29413
53	174	1.27792
54	14	0.445881
54	41	0.45845
54	102	0.446319
54	109	1.40775
54	134	0.455136
54	136	0.452882
54	140	1.40254
54	141	1.41367
54	154	1.43456
54	158	0.464959
54	162	0.472663
54	164	1.40601
54	165	1.40808
54	167	1.39302
54	178	1.42608
54	180	1.50897
55	38	0.442539
55	43	0.478466
55	64	0.438188
55	68	0.474135
55	71	1.46297
55	85	1.38722
55	133	1.42692
55	145	1.446
55	150	1.4362
55	151	0.461361
55	159	1.41266
55	161	0.448681
55	165	0.454017
55	167	1.39871
55	168	1.40671
55	175	1.42294
56	81	1.40799
56	84	0.41785
56	97	1.445
56	106	0.440441
56	144	0.482788
56	148	0.485906
56	151	1.42482
56	162	1.4064
56	163	1.45084
56	165	0.456608
56	170	1.4162
56	173	1.43676
56	175	0.455912
56	176	1.4033
56	177	0.463612
56	179	1.40915
57	9	0.522421
57	61	0.547968
57	114	1.27049
57	119	1.24165
57	122	1.28976
57	141	1.28688
57	142	1.29059
57	149	1.28254
57	153	1.287
57	155	1.27805
57	164	1.27921
57	167	0.55719
57	169	1.29491
57	173	0.532739
57	177	0.555322
57	180	0.487391
58	67	1.31618
58	89	0.568219
58	109	1.27125
58	111	0.50433
58	126	0.518937
58	131	1.28278
58	134	1.26366
58	146	1.25809
58	149	0.537691
58	154	1.29806
58	161	1.28133
58	162	1.26276
58	163	1.3072
58	168	0.544731
58	176	1.25966
58	178	0.528802
59	79	1.41822
59	131	0.457138
59	135	1.41129
59	139	1.43748
59	140	1.41046
59	143	1.4121
59	146	0.46767
59	147	0.447913
59	154	1.44248
59	163	0.444429
59	173	1.43754
59	174	1.42132
59	175	0.455659
59	176	0.465349
59	177	0.463359
59	179	1.40993
60	15	0.52467
60	47	0.546645
60	61	1.31061
60	81	1.25967
60	102	1.32569
60	115	1.2497
60	117	0.514012
60	125	1.30152
60	151	1.2765
60	162	1.25808
60	163	1.30253
60	167	0.560463
60	168	0.565676
60	176	1.25499
60	179	1.26084
60	180	0.490663
61	4	0.476508
61	57	0.547968
61	60	1.31061
61	81	1.35579
61	92	1.31218
61	97	1.3928
61	115	1.34581
61	125	1.39764
61	135	0.479009
61	136	1.37624
61	137	0.485692
61	162	1.3542
61	163	1.39864
61	172	0.492033
61	174	0.487631
61	179	1.35695
61	180	0.433883
62	86	0.492658
62	96	1.28031
62	99	0.492649
62	114	0.500137
62	115	1.33714
62	123	1.44886
62	125	1.38896
62	146	0.479236
62	151	1.36394
62	162	1.34552
62	163	1.38996
62	166	0.476532
62	167	0.476793
62	168	0.482006
62	170	1.35533
62	176	1.34243
62	179	1.34828
63	79	1.36033
63	109	1.35777
63	112	1.32831
63	128	0.500641
63	135	1.3534
63	139	1.37959
63	140	1.35257
63	152	1.35281
63	154	1.38458
63	161	0.482264
63	162	0.507962
63	166	0.49621
63	170	0.491904
63	173	1.37964
63	176	0.496593
63	179	1.35204
63	180	0.426672
64	50	1.33254
64	51	0.53333
64	55	0.438188
64	77	1.30888
64	83	0.491645
64	108	1.37605
64	110	1.37578
64	128	1.36702
64	134	1.36583
64	142	0.481982
64	143	1.36985
64	149	0.486376
64	153	0.493502
64	158	1.35875
64	161	1.38351
64	174	0.472152
64	176	1.36184
65	47	0.49559
65	66	0.477541
65	133	0.499329
65	144	1.3481
65	148	1.35476
65	149	1.36295
65	153	1.3674
65	155	1.35845
65	156	1.35767
65	157	0.500616
65	164	1.35962
65	165	1.3617
65	166	1.35514
65	169	1.37532
65	173	0.484956
65	177	0.507539
65	180	0.439608
66	26	1.32723
66	65	0.477541
66	76	1.40305
66	85	0.498851
66	95	0.473336
66	102	1.41031
66	108	0.496645
66	114	0.504381
66	115	1.33432
66	136	1.36475
66	152	1.34622
66	162	1.3427
66	163	1.38714
66	176	1.33961
66	177	0.47917
66	178	0.470322
66	179	1.34546
67	23	1.341
67	46	1.3717
67	58	1.31618
67	112	1.33413
67	128	0.498822
67	139	1.3854
67	140	1.35838
67	143	1.36002
67	154	1.3904
67	164	0.484913
67	169	0.477848
67	170	0.490085
67	172	0.483002
67	173	1.38546
67	175	0.485084
67	178	0.483936
67	179	1.35785
68	55	0.474135
68	100	1.29227
68	107	1.34646
68	127	0.539201
68	131	0.516061
68	135	0.499477
68	137	1.35358
68	141	1.30452
68	143	0.521504
68	149	1.30018
68	153	1.30464
68	155	1.29569
68	156	1.2949
68	157	0.515359
68	162	0.535641
68	164	1.29685
68	165	1.29893
68	169	1.31255
69	114	0.5324
69	145	1.3351
69	146	0.5115
69	147	1.31726
69	153	0.514356
69	156	0.514439
69	159	1.30177
69	160	1.32342
69	167	1.28781
69	168	1.29581
69	170	0.50449
69	171	1.30009
69	174	1.3082
69	175	1.31204
69	176	0.509178
69	177	1.29747
69	178	1.32087
69	179	0.508208
70	40	1.20405
70	96	0.640666
70	133	1.19922
70	135	0.577045
70	136	0.593429
70	138	1.15298
70	147	1.20046
70	155	0.600012
70	160	1.20662
70	163	0.58092
70	168	1.17901
70	171	1.18328
70	173	1.20761
70	175	1.19524
70	176	0.60184
70	177	1.18067
70	178	1.20407
70	180	1.28695
71	3	0.461614
71	13	0.470341
71	22	0.425611
71	55	1.46297
71	79	0.495012
71	81	0.491706
71	84	1.44761
71	100	0.489015
71	120	1.32861
71	133	1.38167
71	134	0.487007
71	137	0.475053
71	143	1.36462
71	147	1.3829
71	159	1.36741
71	167	1.35345
71	168	1.36145
71	177	1.36311
71	178	1.38651
72	21	0.492183
72	35	1.30664
72	74	1.44735
72	75	1.30017
72	82	0.485457
72	99	1.3521
72	131	0.469601
72	136	0.4694
72	146	1.37425
72	155	1.3845
72	159	0.472586
72	160	0.461643
72	161	1.39749
72	164	1.38566
72	165	1.38774
72	168	0.482903
72	176	1.37582
72	178	0.466974
72	180	1.48862
73	1	0.564597
73	2	1.42728
73	17	1.33212
73	24	0.485294
73	30	1.45613
73	41	1.35847
73	42	0.450681
73	75	1.2838
73	78	1.36474
73	95	1.39343
73	99	1.33573
73	106	1.41031
73	127	0.466985
73	140	0.456214
73	148	0.47236
73	152	1.36606
73	166	0.451672
73	179	0.451085
73	180	1.47225
74	8	0.468237
74	18	1.33112
74	72	1.44735
74	108	1.38124
74	110	1.38096
74	111	0.455641
74	113	1.3469
74	114	0.514173
74	118	0.460529
74	127	1.3665
74	130	1.34835
74	146	1.36544
74	158	1.36393
74	159	0.485725
74	161	1.38869
74	173	0.466378
74	174	0.474778
74	178	0.480113
74	180	1.47982
75	2	1.28766
75	17	1.19251
75	21	0.558525
75	30	1.31651
75	41	1.21885
75	72	1.30017
75	73	1.2838
75	78	1.22512
75	94	1.30531
75	99	1.19612
75	117	1.31524
75	152	1.22645
75	156	0.549415
75	161	0.529824
75	166	0.543771
75	167	0.544032
75	172	0.532382
75	176	0.544154
75	180	1.33263
76	9	1.4061
76	24	0.517248
76	45	1.36262
76	66	1.40305
76	82	1.37784
76	93	0.459419
76	104	0.456822
76	106	0.458848
76	115	1.35364
76	118	0.453587
76	136	1.38407
76	138	0.498765
76	151	1.38044
76	162	1.36202
76	163	1.40646
76	168	0.489101
76	170	1.37183
76	172	0.472238
76	173	1.39238
77	36	0.591897
77	37	1.33335
77	64	1.30888
77	90	1.2199
77	104	1.3106
77	108	1.25675
77	124	1.2755
77	134	1.24653
77	146	1.24096
77	149	0.54415
77	150	0.518069
77	157	1.26138
77	158	1.23945
77	161	1.2642
77	164	0.536238
77	173	0.521526
77	176	1.24253
77	177	0.544109
77	179	0.545128
78	2	1.3686
78	5	0.465667
78	17	1.27345
78	30	1.39745
78	33	0.544009
78	40	0.48704
78	41	1.29979
78	48	0.501077
78	73	1.36474
78	75	1.22512
78	94	1.38625
78	95	1.33476
78	96	0.528802
78	99	1.27706
78	106	1.35163
78	152	1.30739
78	166	0.489593
78	167	0.489855
78	168	0.495068
78	180	1.41357
79	53	1.27481
79	59	1.41822
79	63	1.36033
79	71	0.495012
79	83	1.32644
79	106	1.36048
79	112	1.29174
79	135	1.31683
79	139	1.34302
79	140	1.316
79	143	1.31764
79	154	1.34801
79	157	0.506082
79	162	0.526364
79	170	0.510306
79	172	0.503223
79	174	1.32686
79	175	0.505305
79	177	0.513005
79	180	0.445074
80	20	0.448129
80	32	0.476124
80	119	1.29665
80	122	1.34476
80	134	0.520311
80	135	0.501674
80	142	1.34559
80	144	1.3227
80	148	1.32936
80	149	1.33754
80	156	1.33226
80	158	0.530135
80	160	0.5103
80	161	0.512139
80	164	1.33421
80	165	1.33629
80	169	1.34992
80	173	0.501896
80	174	1.34161
80	179	1.33022
81	50	0.531622
81	56	1.40799
81	60	1.25967
81	61	1.35579
81	71	0.491706
81	115	1.29488
81	123	1.4066
81	125	1.3467
81	126	0.490986
81	130	0.535171
81	131	1.32329
81	132	1.32048
81	151	1.32168
81	162	1.30326
81	163	1.3477
81	166	0.511306
81	170	1.31307
81	175	0.501999
81	178	0.500851
81	180	0.441768
82	11	1.20015
82	72	0.485457
82	76	1.37784
82	96	1.25228
82	102	1.3851
82	123	1.42082
82	125	1.36093
82	132	1.3347
82	133	0.510593
82	136	1.33953
82	137	0.502681
82	151	1.33591
82	159	0.515567
82	162	1.31749
82	163	1.36193
82	164	0.510932
82	167	0.520671
82	172	0.509022
82	176	1.31439
82	180	0.450872
83	46	1.332
83	64	0.491645
83	79	1.32644
83	88	1.40654
83	105	0.495912
83	109	1.32389
83	111	0.481158
83	112	1.29443
83	126	0.495765
83	135	1.31952
83	137	0.498356
83	139	1.34571
83	140	1.31869
83	152	1.31892
83	154	1.3507
83	158	0.520134
83	167	0.516346
83	172	0.504697
83	173	1.34576
83	179	1.31816
84	52	1.34597
84	53	0.504127
84	56	0.41785
84	71	1.44761
84	107	0.443625
84	130	0.488878
84	138	1.36533
84	145	1.43065
84	153	0.470573
84	157	1.40535
84	158	0.469061
84	159	1.39731
84	162	0.476764
84	168	1.39136
84	170	0.460707
84	171	1.39563
84	174	1.40374
84	175	1.40758
84	177	1.39301
84	178	1.41642
84	179	0.464425
85	28	1.20594
85	29	1.20985
85	55	1.38722
85	66	0.498851
85	90	0.546385
85	97	0.510392
85	98	1.31882
85	118	1.33755
85	119	0.550676
85	138	1.25968
85	152	0.521591
85	159	1.29166
85	160	1.31331
85	161	0.516509
85	164	0.520978
85	168	1.2857
85	171	1.28998
85	175	1.30193
85	177	1.28736
85	178	1.31076
85	179	0.529868
86	10	1.31341
86	14	1.33519
86	19	1.25519
86	32	1.36198
86	53	0.567622
86	62	0.492658
86	101	1.27783
86	104	1.33173
86	118	0.498469
86	120	0.548945
86	124	1.29663
86	127	1.26314
86	133	0.518691
86	134	1.26766
86	144	0.546077
86	146	1.26209
86	158	1.26058
86	161	1.28533
86	164	0.51903
86	172	1.28967
86	174	0.512718
87	38	0.454133
87	40	1.39673
87	88	0.463131
87	91	1.44648
87	95	0.466781
87	99	0.490339
87	114	0.497826
87	117	0.428032
87	139	0.456349
87	145	1.41098
87	147	1.39313
87	153	0.479782
87	154	0.455278
87	160	1.3993
87	167	1.36368
87	168	1.37169
87	171	1.37596
87	172	1.39284
87	177	1.37335
87	178	1.39675
87	180	1.47963
88	20	0.423334
88	39	0.407224
88	53	1.35491
88	83	1.40654
88	87	0.463131
88	109	1.4013
88	111	0.466364
88	112	1.37184
88	135	1.39693
88	139	1.42312
88	140	1.3961
88	150	0.473644
88	152	1.39633
88	154	1.42811
88	157	0.492761
88	170	0.496985
88	172	0.489902
88	173	1.42317
88	174	1.40696
88	175	0.491984
88	179	1.39557
89	58	0.568219
89	90	0.557273
89	98	0.519304
89	103	1.33065
89	106	0.516566
89	107	1.33394
89	114	1.2756
89	141	1.29199
89	142	1.2957
89	144	1.27282
89	147	0.524291
89	148	1.27947
89	149	1.28766
89	156	1.28238
89	164	1.28433
89	165	1.28641
89	166	1.27986
89	169	1.30003
89	173	0.517154
89	175	0.532036
89	180	0.471806
90	22	1.4658
90	50	1.24356
90	77	1.2199
90	85	0.546385
90	89	0.557273
90	101	1.28701
90	113	1.25273
90	124	1.30582
90	130	1.25418
90	143	1.28087
90	146	1.27127
90	147	0.511258
90	150	0.500664
90	158	1.26976
90	166	1.27821
90	170	1.28575
90	171	0.521477
90	174	0.512521
90	177	0.526704
90	179	0.527723
90	180	1.38565
91	8	0.448904
91	19	0.491981
91	87	1.44648
91	94	1.4606
91	97	0.451171
91	104	0.444431
91	110	0.469967
91	124	0.469912
91	138	1.35396
91	145	1.41927
91	148	0.491922
91	160	1.40759
91	161	0.457288
91	167	1.37198
91	168	1.37998
91	171	1.38426
91	174	1.39236
91	175	1.39621
91	177	1.38164
91	178	1.40504
91	179	0.470647
92	26	1.24418
92	42	1.28644
92	52	0.550685
92	61	1.31218
92	97	1.29826
92	102	1.32726
92	119	0.543913
92	123	1.36299
92	131	1.27968
92	132	1.27687
92	136	1.2817
92	151	1.27807
92	156	0.529337
92	162	1.25965
92	163	1.3041
92	166	0.523693
92	172	0.512304
92	173	1.29001
92	174	0.507903
92	175	0.514385
92	177	0.522086
93	1	0.601099
93	44	0.497818
93	76	0.459419
93	94	0.439133
93	100	1.34502
93	103	1.39592
93	109	0.483472
93	114	1.34087
93	125	0.481865
93	141	1.35726
93	148	1.34474
93	153	1.35739
93	155	1.34843
93	156	1.34765
93	159	0.483332
93	163	0.467637
93	164	1.3496
93	165	1.35168
93	169	1.3653
93	174	1.357
93	176	1.33976
93	177	0.486568
94	26	0.48436
94	75	1.30531
94	78	1.38625
94	91	1.4606
94	93	0.439133
94	99	1.35724
94	101	0.471465
94	114	0.486944
94	127	0.478652
94	135	1.38816
94	140	1.38733
94	154	1.41935
94	156	0.468984
94	163	0.442802
94	170	0.459034
94	171	1.39009
94	173	1.41441
94	176	0.463722
94	177	1.38747
94	178	1.41087
94	180	1.49376
95	66	0.473336
95	73	1.39343
95	78	1.33476
95	87	0.466781
95	97	0.484877
95	99	1.30575
95	101	0.513067
95	139	1.36287
95	140	1.33585
95	145	0.482343
95	149	1.34264
95	154	1.36786
95	156	1.33736
95	159	0.500098
95	160	0.489156
95	165	1.34139
95	169	1.35501
95	171	0.498107
95	174	1.34671
95	175	0.495634
95	179	1.33532
95	180	1.44227
96	11	1.11912
96	42	1.26325
96	50	0.571907
96	62	1.28031
96	70	0.640666
96	78	0.528802
96	82	1.25228
96	102	1.30407
96	115	1.22808
96	123	1.3398
96	125	1.2799
96	128	0.556021
96	131	1.25649
96	132	1.25368
96	135	0.527179
96	151	1.25488
96	157	1.25222
96	159	0.546748
96	162	1.23646
96	163	1.28091
96	166	0.55159
96	180	0.482052
97	9	1.38435
97	11	1.22294
97	56	1.445
97	61	1.3928
97	85	0.510392
97	91	0.451171
97	92	1.29826
97	95	0.484877
97	114	0.515922
97	131	1.3603
97	136	1.36232
97	143	0.489932
97	151	1.3587
97	162	1.34028
97	163	1.38472
97	165	0.483707
97	167	0.492579
97	173	1.37064
97	175	0.48301
97	176	1.33718
97	177	0.490711
97	179	1.34303
98	85	1.31882
98	89	0.519304
98	111	1.40648
98	114	0.513947
98	117	0.444153
98	121	1.35378
98	126	1.35203
98	145	1.3776
98	151	0.489075
98	153	0.495903
98	155	0.488898
98	159	1.34426
98	160	1.36592
98	165	0.481731
98	167	1.3303
98	169	0.4738
98	170	0.486036
98	171	1.34258
98	174	1.35069
98	175	1.35453
98	177	1.33997
98	178	1.36337
99	2	1.33959
99	17	1.24444
99	30	1.36845
99	41	1.27078
99	62	0.492649
99	72	1.3521
99	73	1.33573
99	75	1.19612
99	78	1.27706
99	87	0.490339
99	94	1.35724
99	95	1.30575
99	104	0.501695
99	106	1.32263
99	117	1.36718
99	142	0.522539
99	143	0.526114
99	152	1.27838
99	165	0.519888
99	172	0.517111
99	173	0.504309
99	177	0.526892
99	180	1.38457
100	11	0.620279
100	42	0.507624
100	68	1.29227
100	71	0.489015
100	93	1.34502
100	111	0.473688
100	119	1.27302
100	134	0.50284
100	137	1.3673
100	142	1.32195
100	144	1.29907
100	148	1.30572
100	153	1.31837
100	156	1.30863
100	157	0.500085
100	161	0.494668
100	164	1.31058
100	165	1.31266
100	168	0.514089
100	169	1.32628
100	170	1.31364
100	171	0.501781
100	179	1.30659
101	14	1.38117
101	18	1.27375
101	28	0.55435
101	43	1.31343
101	86	1.27783
101	90	1.28701
101	94	0.471465
101	95	0.513067
101	108	1.32387
101	110	1.32359
101	116	0.521979
101	127	1.30913
101	134	1.31364
101	145	0.497908
101	146	1.30807
101	155	0.519063
101	157	1.32849
101	158	1.30656
101	160	0.504722
101	161	1.33132
101	168	0.525982
101	170	1.32255
101	173	0.496317
102	42	1.39606
102	45	1.36987
102	54	0.446319
102	60	1.32569
102	66	1.41031
102	82	1.3851
102	92	1.32726
102	96	1.30407
102	131	1.3893
102	132	1.38649
102	137	0.480061
102	145	0.475191
102	148	0.518477
102	149	0.496224
102	157	1.38503
102	162	1.36928
102	163	1.41372
102	164	0.488312
102	168	0.503264
102	172	0.486401
102	174	0.482
102	176	1.36619
102	179	1.37203
102	180	0.428252
103	7	0.463931
103	12	0.475501
103	48	0.505693
103	89	1.33065
103	93	1.39592
103	109	0.489507
103	121	0.480988
103	122	1.37203
103	126	0.47389
103	129	1.39881
103	136	0.486181
103	137	1.41821
103	141	1.36915
103	144	1.34997
103	145	0.471611
103	153	1.36927
103	156	1.35953
103	157	0.48568
103	164	1.36148
103	165	1.36356
103	169	1.37719
103	172	1.37765
103	173	0.470019
103	179	1.35749
104	10	1.4133
104	16	1.35524
104	18	1.32766
104	21	0.500331
104	25	0.515632
104	76	0.456822
104	77	1.3106
104	86	1.33173
104	91	0.444431
104	99	0.501695
104	108	1.37777
104	113	1.34343
104	121	0.472356
104	124	1.39653
104	127	1.36304
104	158	1.36047
104	161	1.38523
104	166	1.36892
104	167	0.485839
104	168	0.491052
104	172	1.38956
104	173	0.461387
104	178	0.475123
104	180	1.47635
105	25	1.35753
105	44	0.501852
105	45	0.486961
105	83	0.495912
105	114	1.36248
105	121	0.478987
105	125	0.485899
105	133	0.482391
105	142	1.38258
105	144	1.35969
105	148	1.36635
105	149	1.37453
105	155	1.37004
105	156	1.36925
105	157	0.483679
105	164	1.3712
105	165	1.37328
105	169	1.3869
105	171	0.485374
105	172	1.38737
105	174	1.3786
105	176	1.36136
105	178	0.481754
105	180	0.42267
106	56	0.440441
106	73	1.41031
106	76	0.458848
106	78	1.35163
106	79	1.36048
106	89	0.516566
106	99	1.32263
106	112	1.32847
106	113	0.508777
106	123	0.452755
106	132	0.486948
106	133	1.37141
106	137	0.469875
106	139	1.37974
106	144	0.505173
106	154	1.38474
106	163	0.467066
106	171	1.35547
106	173	1.3798
106	175	1.36742
106	176	0.487987
106	177	1.35286
106	178	1.37626
106	180	1.45914
107	15	0.455463
107	68	1.34646
107	84	0.443625
107	89	1.33394
107	110	0.489726
107	113	0.512168
107	114	1.35604
107	115	0.49576
107	122	1.37532
107	123	0.456145
107	129	1.40209
107	137	1.42149
107	138	0.506133
107	141	1.37243
107	142	1.37614
107	153	1.37256
107	164	1.36477
107	165	1.36685
107	166	1.36029
107	169	1.38047
107	171	0.48416
107	173	0.466804
107	174	1.37217
107	177	0.489387
108	3	0.497082
108	10	1.35945
108	34	0.4102
108	41	0.525789
108	47	0.514694
108	64	1.37605
108	66	0.496645
108	74	1.38124
108	77	1.25675
108	101	1.32387
108	104	1.37777
108	110	1.32365
108	113	1.28958
108	121	0.515029
108	124	1.34267
108	130	1.29104
108	146	1.30813
108	147	0.511197
108	158	1.30662
108	161	1.33138
108	173	0.50406
108	174	0.51246
108	176	1.3097
108	178	0.517795
108	180	1.4225
109	23	1.29607
109	53	1.27226
109	54	1.40775
109	58	1.27125
109	63	1.35777
109	83	1.32389
109	88	1.4013
109	93	0.483472
109	103	0.489507
109	112	1.28919
109	117	1.40248
109	124	0.506356
109	128	0.51211
109	132	0.507024
109	135	1.31428
109	137	0.48995
109	139	1.34047
109	140	1.31344
109	154	1.34546
109	157	0.49915
109	159	0.502836
109	166	0.507679
109	173	1.34052
109	174	1.3243
109	177	0.506072
110	19	1.30095
110	37	1.40025
110	64	1.37578
110	74	1.38096
110	91	0.469967
110	101	1.32359
110	107	0.489726
110	108	1.32365
110	113	1.2893
110	119	0.531334
110	122	0.511647
110	127	1.30891
110	130	1.29076
110	158	1.30634
110	159	0.50627
110	161	1.3311
110	166	1.31479
110	169	0.494571
110	170	1.32233
110	171	0.50428
110	173	0.486923
110	174	0.495323
110	176	1.30943
110	179	0.510526
110	180	1.42222
111	28	1.2936
111	37	0.420213
111	51	1.33289
111	58	0.50433
111	74	0.455641
111	83	0.481158
111	88	0.466364
111	98	1.40648
111	100	0.473688
111	140	0.481996
111	145	1.41266
111	147	1.39482
111	150	1.40286
111	152	0.46859
111	153	0.483015
111	156	0.483099
111	160	1.40098
111	166	1.37388
111	167	1.36537
111	171	1.37764
111	172	1.39453
111	175	1.3896
111	177	1.37503
111	178	1.39843
111	179	0.476867
111	180	1.48132
112	46	1.2973
112	50	1.24831
112	53	1.2428
112	63	1.32831
112	67	1.33413
112	79	1.29174
112	83	1.29443
112	88	1.37184
112	106	1.32847
112	109	1.28919
112	126	0.516575
112	129	0.524037
112	135	1.28482
112	139	1.31101
112	140	1.28398
112	147	0.519842
112	154	1.316
112	157	0.528365
112	166	0.536894
112	167	0.537156
112	172	0.525506
112	174	1.29484
112	175	0.527587
112	178	0.52644
112	179	1.28346
112	180	0.467356
113	16	1.26705
113	27	1.26625
113	38	1.37289
113	74	1.3469
113	90	1.25273
113	104	1.34343
113	106	0.508777
113	107	0.512168
113	108	1.28958
113	110	1.2893
113	116	0.535027
113	118	0.503516
113	124	1.30833
113	127	1.27484
113	130	1.25669
113	141	0.526545
113	146	1.27379
113	152	0.524691
113	158	1.27228
113	160	0.51777
113	161	1.29703
113	168	0.53903
113	169	0.517013
113	172	1.30137
113	174	0.517765
113	180	1.38816
114	57	1.27049
114	62	0.500137
114	66	0.504381
114	69	0.5324
114	74	0.514173
114	87	0.497826
114	89	1.2756
114	93	1.34087
114	94	0.486944
114	97	0.515922
114	98	0.513947
114	105	1.36248
114	107	1.35604
114	129	1.34376
114	137	1.36316
114	142	1.31781
114	155	1.30527
114	156	1.30449
114	164	1.30643
114	165	1.30851
114	166	1.30196
114	168	0.541461
114	169	1.32214
114	171	0.529152
114	172	1.32261
114	176	1.2966
114	179	1.30244
114	180	0.466448
115	10	0.497677
115	28	0.55099
115	42	1.32007
115	60	1.2497
115	61	1.34581
115	62	1.33714
115	66	1.33432
115	76	1.35364
115	81	1.29488
115	96	1.22808
115	107	0.49576
115	123	1.39662
115	125	1.33673
115	127	0.53246
115	128	0.521578
115	131	1.31331
115	134	0.511373
115	136	1.31533
115	138	0.532286
115	143	0.514762
115	151	1.31171
115	157	1.30904
115	160	0.501362
115	162	1.29329
115	163	1.33773
115	173	1.32365
115	174	0.501357
115	180	0.447609
116	21	1.29853
116	24	1.29703
116	42	0.512862
116	52	1.26358
116	101	0.521979
116	113	0.535027
116	117	0.467664
116	118	1.36082
116	119	0.534073
116	120	1.27614
116	123	0.479004
116	138	1.28295
116	142	0.507893
116	145	1.34826
116	150	1.33846
116	159	1.31493
116	166	1.30948
116	167	1.30097
116	168	1.30897
116	169	0.497311
116	170	0.509547
116	171	1.31325
116	175	1.3252
116	176	0.514236
116	177	1.31063
116	178	1.33403
116	179	0.513265
116	180	1.41692
117	41	1.38991
117	44	0.475836
117	47	0.452637
117	60	0.514012
117	75	1.31524
117	87	0.428032
117	98	0.444153
117	99	1.36718
117	109	1.40248
117	116	0.467664
117	127	1.39038
117	130	1.37223
117	134	1.39489
117	135	1.3981
117	139	1.42429
117	140	1.39727
117	144	0.483762
117	147	0.44914
117	148	0.48688
117	152	1.39751
117	154	1.42929
117	157	1.40974
117	161	1.41257
117	162	0.477945
117	167	0.466454
117	178	0.455738
117	179	1.39674
117	180	1.50369
118	30	0.46013
118	74	0.460529
118	76	0.453587
118	85	1.33755
118	86	0.498469
118	113	0.503516
118	116	1.36082
118	120	1.3242
118	126	1.37076
118	130	0.506208
118	138	1.33101
118	145	1.39633
118	148	0.50303
118	150	1.38653
118	152	0.473478
118	159	1.36299
118	160	1.38465
118	162	0.494094
118	167	1.34903
118	168	1.35704
118	170	0.478037
118	171	1.36131
118	172	1.37819
118	173	1.38564
118	175	1.37327
118	176	0.482726
118	177	1.3587
118	178	1.3821
118	179	0.481755
119	34	1.35819
119	38	1.36529
119	41	0.530141
119	57	1.24165
119	80	1.29665
119	85	0.550676
119	92	0.543913
119	100	1.27302
119	110	0.531334
119	116	0.534073
119	122	1.28815
119	129	1.31493
119	141	1.28526
119	144	1.26609
119	148	1.27274
119	149	1.28093
119	154	0.513659
119	155	1.27644
119	156	1.27565
119	157	0.524072
119	159	0.527759
119	160	0.516816
119	164	1.2776
119	169	1.2933
119	172	1.29377
119	173	0.508412
119	175	0.523295
119	176	1.26776
119	179	1.27361
120	36	1.20436
120	37	0.475577
120	43	0.548656
120	71	1.32861
120	86	0.548945
120	116	1.27614
120	118	1.3242
120	121	1.28782
120	124	0.531496
120	128	1.27269
120	138	1.24633
120	142	0.526858
120	146	0.535523
120	147	1.2938
120	150	1.30184
120	159	1.27831
120	160	1.29996
120	161	0.518872
120	164	0.523341
120	165	0.524208
120	166	1.27287
120	168	1.27236
120	170	0.528513
120	173	1.30096
120	175	1.28858
120	176	0.533201
120	177	1.27402
120	178	1.29742
120	180	1.3803
121	43	0.514998
121	46	0.504726
121	47	1.33695
121	53	0.538275
121	98	1.35378
121	103	0.480988
121	104	0.472356
121	105	0.478987
121	108	0.515029
121	120	1.28782
121	126	1.33438
121	133	1.34088
121	141	0.49215
121	143	1.32383
121	147	1.34211
121	148	0.519848
121	150	1.35015
121	155	0.497716
121	157	1.33465
121	159	1.32662
121	160	1.34827
121	166	1.32117
121	168	1.32066
121	169	0.482618
121	171	1.32494
121	173	1.34926
121	175	1.33689
121	177	1.32232
121	178	1.34572
121	179	0.498573
122	57	1.28976
122	80	1.34476
122	103	1.37203
122	107	1.37532
122	110	0.511647
122	119	1.28815
122	129	1.36304
122	134	0.507141
122	137	1.38243
122	143	0.510531
122	145	0.490317
122	146	0.51562
122	148	1.32085
122	149	1.32904
122	150	0.485269
122	151	0.511648
122	153	1.3335
122	155	1.32455
122	156	1.32376
122	157	0.504386
122	160	0.49713
122	162	0.524667
122	164	1.32571
122	165	1.32779
122	166	1.32124
122	169	1.34141
122	175	0.503608
122	176	1.31587
122	179	1.32172
122	180	0.443377
123	44	1.4066
123	62	1.44886
123	81	1.4066
123	82	1.42082
123	92	1.36299
123	96	1.3398
123	106	0.452755
123	107	0.456145
123	115	1.39662
123	116	0.479004
123	128	0.481963
123	129	0.464675
123	131	1.42503
123	132	1.42222
123	136	1.42705
123	151	1.42343
123	152	1.40853
123	160	0.461747
123	161	0.463586
123	162	1.40501
123	163	1.44945
123	166	0.477533
123	170	1.41481
123	172	0.466144
123	173	1.43537
123	174	0.461743
123	175	0.468225
123	178	0.467078
123	179	1.40776
123	180	0.407995
124	16	1.32014
124	20	0.433102
124	40	0.508506
124	43	1.33224
124	77	1.2755
124	86	1.29663
124	90	1.30582
124	91	0.469912
124	104	1.39653
124	108	1.34267
124	109	0.506356
124	113	1.30833
124	120	0.531496
124	126	0.490739
124	127	1.32794
124	128	1.33364
124	130	1.30979
124	134	1.33245
124	137	0.49333
124	144	0.528628
124	146	1.32688
124	156	0.516703
124	157	1.3473
124	158	1.32537
124	161	1.35013
124	167	0.51132
124	176	1.32846
124	178	0.500604
124	179	0.510471
124	180	1.44125
125	5	1.38962
125	11	1.22777
125	44	1.3467
125	45	1.34571
125	49	0.494853
125	60	1.30152
125	61	1.39764
125	62	1.38896
125	81	1.3467
125	82	1.36093
125	93	0.481865
125	96	1.2799
125	105	0.485899
125	115	1.33673
125	128	0.510503
125	132	1.36233
125	135	0.481661
125	136	1.36716
125	140	0.510614
125	144	0.523641
125	150	0.478426
125	151	1.36353
125	157	1.36087
125	158	0.510121
125	162	1.34511
125	163	1.38955
125	166	0.506072
125	172	0.494684
125	174	0.490282
125	176	1.34202
125	179	1.34787
125	180	0.436534
126	13	0.469621
126	20	1.48079
126	58	0.518937
126	81	0.490986
126	83	0.495765
126	98	1.35203
126	103	0.47389
126	112	0.516575
126	118	1.37076
126	121	1.33438
126	124	0.490739
126	128	1.31925
126	134	0.486287
126	136	0.484034
126	137	0.474333
126	138	1.29289
126	145	1.3582
126	146	0.494766
126	147	1.34036
126	148	0.512749
126	150	1.3484
126	159	1.32487
126	160	1.34652
126	167	1.31091
126	168	1.31891
126	170	0.487756
126	171	1.32319
126	172	1.34007
126	173	1.34751
126	177	1.32057
126	178	1.34397
126	180	1.42686
127	4	1.34522
127	12	1.35136
127	16	1.28665
127	39	0.433627
127	68	0.539201
127	73	0.466985
127	74	1.3665
127	86	1.26314
127	94	0.478652
127	101	1.30913
127	104	1.36304
127	110	1.30891
127	113	1.27484
127	115	0.53246
127	117	1.39038
127	124	1.32794
127	128	1.30015
127	130	1.2763
127	134	1.29896
127	144	0.545263
127	146	1.29339
127	154	0.508751
127	155	0.526249
127	158	1.29188
127	161	1.31664
127	163	0.507157
127	170	1.30787
127	171	0.52086
127	172	1.32097
127	173	0.503504
127	174	0.511904
127	177	0.526087
127	180	1.40776
128	2	0.483337
128	32	1.39899
128	63	0.500641
128	64	1.36702
128	67	0.498822
128	96	0.556021
128	109	0.51211
128	115	0.521578
128	120	1.27269
128	123	0.481963
128	124	1.33364
128	125	0.510503
128	126	1.31925
128	127	1.30015
128	136	0.508784
128	139	0.49894
128	141	1.31817
128	150	1.33502
128	151	0.515545
128	152	0.507948
128	153	1.3183
128	154	0.49787
128	156	1.30856
128	158	1.29759
128	161	1.32234
128	165	1.31259
128	166	1.30604
128	167	1.29752
128	169	1.32621
128	170	1.31357
128	175	1.32175
128	176	1.30067
128	178	1.33059
129	4	0.472611
129	103	1.39881
129	107	1.40209
129	112	0.524037
129	114	1.34376
129	119	1.31493
129	122	1.36304
129	123	0.464675
129	137	1.40921
129	138	0.514663
129	141	1.36015
129	142	1.36386
129	143	0.497139
129	144	1.34097
129	145	0.476925
129	148	1.34763
129	149	1.35582
129	153	1.36028
129	155	1.35132
129	156	1.35054
129	157	0.490994
129	159	0.494681
129	161	0.485577
129	163	0.478986
129	164	1.35249
129	165	1.35457
129	168	0.504998
129	169	1.36819
129	170	1.35555
129	173	0.475334
129	174	1.35989
129	177	0.497917
129	179	1.3485
129	180	0.429986
130	4	1.32707
130	18	1.24092
130	19	1.26834
130	43	1.2806
130	49	0.525028
130	74	1.34835
130	81	0.535171
130	84	0.488878
130	90	1.25418
130	108	1.29104
130	110	1.29076
130	113	1.25669
130	117	1.37223
130	118	0.506208
130	124	1.30979
130	127	1.2763
130	146	1.27524
130	155	0.534802
130	157	1.29566
130	158	1.27373
130	160	0.520462
130	161	1.29849
130	162	0.547999
130	166	1.28218
130	169	0.519705
130	170	1.28972
130	171	0.529413
130	172	1.30282
130	173	0.512057
130	174	0.520457
130	176	1.27682
130	178	0.525792
130	179	0.535659
130	180	1.38961
131	2	0.471078
131	5	1.3662
131	18	0.561204
131	42	1.34848
131	44	1.32329
131	45	1.32229
131	58	1.28278
131	59	0.457138
131	68	0.516061
131	72	0.469601
131	81	1.32329
131	92	1.27968
131	96	1.25649
131	97	1.3603
131	102	1.3893
131	115	1.31331
131	123	1.42503
131	132	1.33891
131	136	1.34374
131	140	0.509095
131	144	0.522123
131	149	0.502988
131	151	1.34011
131	152	1.32522
131	158	0.508602
131	160	0.488768
131	162	1.32169
131	163	1.36614
131	165	0.495943
131	166	0.504554
131	167	0.504815
131	170	1.3315
131	174	0.488764
131	176	1.3186
131	179	1.32445
132	5	1.3634
132	26	1.30342
132	33	0.566142
132	40	0.509173
132	44	1.32048
132	45	1.31948
132	81	1.32048
132	82	1.3347
132	92	1.27687
132	96	1.25368
132	102	1.38649
132	106	0.486948
132	109	0.507024
132	123	1.42222
132	125	1.36233
132	131	1.33891
132	135	0.487315
132	136	1.34093
132	141	0.504716
132	143	0.509341
132	150	0.48408
132	151	1.33731
132	152	1.32241
132	162	1.31889
132	163	1.36333
132	166	0.511726
132	169	0.495184
132	170	1.32869
132	171	0.504892
132	172	0.500338
132	173	1.34925
132	174	0.495936
132	176	1.31579
132	179	1.32164
132	180	0.442188
133	9	0.468057
133	29	1.24955
133	50	1.29126
133	51	1.28492
133	55	1.42692
133	65	0.499329
133	70	1.19922
133	71	1.38167
133	82	0.510593
133	86	0.518691
133	105	0.482391
133	106	1.37141
133	121	1.34088
133	138	1.29938
133	140	0.507106
133	141	0.495554
133	145	1.3647
133	150	1.3549
133	151	0.501298
133	154	0.483622
133	156	0.508209
133	159	1.33136
133	160	1.35302
133	162	0.514316
133	166	1.32592
133	167	1.3174
133	168	1.32541
133	170	0.498259
133	171	1.32968
133	175	1.34164
133	176	0.502948
133	177	1.32707
133	178	1.35047
133	179	0.501977
133	180	1.43335
134	7	1.35634
134	19	1.29101
134	22	1.49243
134	32	1.3978
134	37	1.3903
134	43	1.30327
134	54	0.455136
134	58	1.26366
134	64	1.36583
134	71	0.487007
134	77	1.24653
134	80	0.520311
134	86	1.26766
134	100	0.50284
134	101	1.31364
134	115	0.511373
134	117	1.39489
134	122	0.507141
134	124	1.33245
134	126	0.486287
134	127	1.29896
134	140	0.511149
134	157	1.31833
134	158	1.2964
134	161	1.32115
134	162	0.518359
134	164	0.497129
134	165	0.497996
134	168	0.512081
134	170	1.31238
134	172	1.32549
134	175	0.497299
134	176	1.29948
134	178	0.496152
134	180	1.41228
135	6	0.4814
135	14	0.47294
135	23	1.29169
135	29	0.539586
135	38	1.40022
135	46	1.32239
