1	24	0.59748
1	127	0.546879
1	148	0.449245
1	152	1.24571
1	161	1.21344
1	171	1.18017
1	172	0.4642
1	173	1.23363
1	174	1.17181
1	175	1.19982
1	176	1.18692
1	180	1.16866
2	56	0.105272
2	98	1.01815
2	120	0.955773
2	122	1.08436
2	130	1.10835
2	137	1.05564
2	146	1.11902
2	156	1.04901
2	158	1.08455
2	174	1.02477
2	175	1.05277
2	180	1.02161
3	55	0.647939
3	91	0.743857
3	126	1.09572
3	154	1.10222
3	158	1.08782
3	173	1.08986
3	174	1.02804
3	175	1.05605
3	176	1.04315
3	177	0.748672
3	178	1.07239
3	180	1.02489
4	14	1.07174
4	38	1.2453
4	47	1.20793
4	56	1.20794
4	57	1.20796
4	86	0.140479
4	100	0.632077
4	118	2.00017
4	154	1.22165
4	161	1.1891
4	163	0.131175
4	172	1.24797
5	25	1.02357
5	34	1.02356
5	42	0.935791
5	64	1.17579
5	66	1.01668
5	70	1.10134
5	73	1.13678
5	79	1.13977
5	158	0.572018
5	161	1.04673
5	165	1.38826
5	178	0.711805
6	50	0.536793
6	113	1.19891
6	129	1.26202
6	142	1.18907
6	149	1.18792
6	157	0.540405
6	158	1.23028
6	166	0.503005
6	171	1.17886
6	176	1.18561
6	179	0.480457
6	180	1.16735
7	62	1.18762
7	117	1.20789
7	122	1.23458
7	128	0.500362
7	134	0.556534
7	149	1.19241
7	162	0.525223
7	171	1.18335
7	172	0.477759
7	175	1.20299
7	178	1.21933
7	180	1.17183
8	85	1.12125
8	96	1.07979
8	99	1.01896
8	110	0.681425
8	120	0.720497
8	130	1.13346
8	135	0.740219
8	149	1.06729
8	153	0.970927
8	173	1.11169
8	174	1.04988
8	180	1.04672
9	109	0.791479
9	129	0.694569
9	130	0.697746
9	135	1.17145
9	145	1.19338
9	150	0.755568
9	151	1.16934
9	165	1.01019
9	167	1.15306
9	169	1.15966
9	170	1.17454
9	177	1.18509
9	179	1.18334
10	13	1.10196
10	93	0.656022
10	148	0.507296
10	149	1.15867
10	156	1.16549
10	160	0.531588
10	171	1.14961
10	173	1.20307
10	174	1.14126
10	176	1.15636
10	178	1.1856
10	179	0.566504
10	180	1.1381
11	116	0.982908
11	124	0.764943
11	139	0.717159
11	141	1.1575
11	148	1.19363
11	152	0.711325
11	164	1.1488
11	167	1.16535
11	169	1.17195
11	170	1.18683
11	173	0.752862
11	177	1.19739
11	179	1.19563
12	18	1.17682
12	19	1.2009
12	26	1.17799
12	37	1.13977
12	40	1.22794
12	53	1.28235
12	54	1.18503
12	113	0.773355
12	116	0.984997
12	152	0.457822
12	153	1.12594
12	165	1.02457
12	178	0.611313
13	10	1.10196
13	42	0.699827
13	60	0.939691
13	108	1.01104
13	123	1.06701
13	128	0.805048
13	142	1.02684
13	150	1.10228
13	167	0.8348
13	173	1.07009
13	176	1.02338
13	178	1.05261
13	180	1.00512
14	4	1.07174
14	21	0.676527
14	38	1.06966
14	47	1.03229
14	56	1.03231
14	57	1.03232
14	113	1.00024
14	124	0.7909
14	128	1.02907
14	153	1.4054
14	154	1.04601
14	161	1.01346
14	172	1.07234
15	16	1.11879
15	22	0.898615
15	27	1.21877
15	30	1.22008
15	63	1.09953
15	68	1.16993
15	78	1.1535
15	82	1.09714
15	94	1.1358
15	153	1.06069
15	161	0.466159
15	172	1.18658
15	175	0.545107
16	15	1.11879
16	27	1.21297
16	30	1.21428
16	63	1.09373
16	68	1.16413
16	78	1.1477
16	94	1.13
16	128	1.13751
16	140	0.829197
16	149	0.719611
16	161	0.713316
16	172	1.18078
16	173	0.681268
17	25	1.11246
17	34	1.11245
17	41	0.61904
17	42	1.02468
17	64	1.26468
17	66	1.10557
17	70	1.19023
17	73	1.22567
17	79	1.22866
17	108	0.645061
17	113	0.844374
17	125	0.867782
17	161	1.13562
18	12	1.17682
18	19	1.18102
18	22	0.812022
18	26	1.15811
18	37	1.11989
18	40	1.20807
18	43	1.12362
18	53	1.26247
18	54	1.16515
18	102	0.269229
18	112	1.31988
18	137	0.566314
18	165	1.00469
19	12	1.2009
19	18	1.18102
19	37	1.14397
19	40	1.23215
19	43	1.1477
19	53	1.28655
19	54	1.18923
19	85	0.278127
19	100	1.10565
19	116	0.989199
19	161	0.390994
19	165	1.02877
19	168	1.1978
20	38	0.298962
20	101	1.09698
20	103	1.22479
20	105	0.749827
20	115	1.04218
20	126	1.20707
20	131	0.621593
20	140	1.13048
20	152	1.2133
20	171	1.14775
20	172	0.579164
20	173	1.20121
20	180	1.13624
21	14	0.676527
21	57	0.498014
21	83	1.14118
21	102	1.18951
21	147	1.12194
21	150	1.20245
21	152	1.18234
21	163	1.14748
21	164	0.591626
21	170	0.573671
21	173	1.17026
21	174	1.10844
21	175	1.13645
22	15	0.898615
22	18	0.812022
22	52	0.796002
22	60	0.935722
22	66	1.01587
22	79	1.13896
22	119	1.05596
22	145	1.08993
22	146	1.09855
22	161	1.04593
22	165	0.906734
22	175	1.03231
22	179	1.07989
23	44	1.36384
23	51	1.24024
23	52	1.35854
23	55	1.24026
23	76	1.20044
23	111	0.258142
23	114	0.275654
23	132	1.01029
23	153	1.08992
23	154	1.24304
23	165	1.02921
23	168	1.05374
24	1	0.59748
24	33	0.701317
24	95	1.11369
24	111	0.782008
24	124	0.77675
24	127	1.1548
24	159	1.14588
24	160	1.16888
24	166	1.16786
24	167	1.14129
24	170	1.16277
24	177	1.17332
24	179	1.17157
25	5	1.02357
25	17	1.11246
25	34	1.08448
25	42	0.996711
25	64	1.23671
25	66	1.0776
25	70	1.16226
25	73	1.1977
25	79	1.20069
25	153	1.04726
25	154	0.379706
25	161	1.10765
25	165	1.20909
25	178	0.532636
26	12	1.17799
26	18	1.15811
26	37	1.12105
26	40	1.20923
26	43	1.12479
26	53	1.26364
26	54	1.16631
26	72	0.30329
26	115	1.00621
26	116	0.966284
26	118	2.28105
26	124	0.178343
26	125	0.463666
26	165	1.00585
27	15	1.21877
27	16	1.21297
27	30	1.31426
27	63	1.19371
27	68	1.26411
27	72	0.139674
27	78	1.24768
27	94	1.22998
27	100	0.749345
27	128	1.23749
27	132	1.34764
27	137	0.221441
27	168	0.841496
27	172	1.28076
28	69	1.29382
28	71	1.27294
28	80	0.99788
28	95	0.5474
28	127	0.457734
28	131	0.417483
28	139	1.28677
28	146	1.32149
28	157	0.479255
28	169	0.470573
28	173	1.28906
28	176	1.24235
28	178	1.27159
28	180	1.22409
29	58	0.877082
29	110	0.830791
29	122	1.04031
29	123	1.03946
29	126	1.0484
29	130	1.0643
29	140	0.971812
29	145	0.838298
29	150	1.07473
29	156	1.00496
29	171	0.989078
29	174	0.980722
29	175	1.00873
29	180	0.977566
30	15	1.22008
30	16	1.21428
30	27	1.31426
30	63	1.19502
30	68	1.26542
30	71	0.217201
30	78	1.249
30	83	0.306727
30	88	1.22817
30	94	1.23129
30	116	1.30923
30	125	0.551484
30	153	0.880658
30	172	1.28208
31	95	1.2082
31	121	1.22938
31	122	0.531
31	139	0.572912
31	152	0.567078
31	159	1.24039
31	162	1.26926
31	164	1.21925
31	169	1.2424
31	170	1.25728
31	174	0.845681
31	177	1.26783
31	178	0.720569
31	179	1.26608
32	49	1.0917
32	65	0.583118
32	93	0.653725
32	97	1.19171
32	121	0.603726
32	123	1.13784
32	139	1.13862
32	157	0.624154
32	163	1.11814
32	171	1.08746
32	173	1.14092
32	176	1.09421
32	178	1.12344
32	180	1.07595
33	24	0.701317
33	107	1.15298
33	108	1.09944
33	129	1.18819
33	146	1.19092
33	160	0.577374
33	163	1.1357
33	164	0.630565
33	166	0.634837
33	168	0.981544
33	171	1.10502
33	176	1.11178
33	178	1.14101
33	180	1.09351
34	5	1.02356
34	17	1.11245
34	25	1.08448
34	42	0.996697
34	64	1.2367
34	66	1.07758
34	70	1.16224
34	73	1.19769
34	79	1.20068
34	101	0.536061
34	115	0.980202
34	161	1.10764
34	168	1.15248
34	180	0.500669
35	63	1.11615
35	94	1.15242
35	102	1.18377
35	119	0.545316
35	152	1.1766
35	154	1.17687
35	159	0.568205
35	161	1.14432
35	162	0.563219
35	166	0.582554
35	172	1.2032
35	178	1.14704
35	180	1.09954
36	61	0.595853
36	87	1.15392
36	127	0.45769
36	139	1.27942
36	140	1.21099
36	143	0.467211
36	147	1.23339
36	150	1.31391
36	163	1.25893
36	167	0.427367
36	173	1.28171
36	174	1.2199
36	175	1.2479
36	177	0.424921
37	12	1.13977
37	18	1.11989
37	19	1.14397
37	26	1.12105
37	40	1.17101
37	43	1.08657
37	53	1.22542
37	54	1.12809
37	107	0.623647
37	114	0.631395
37	115	0.967988
37	116	0.928066
37	125	0.893947
37	153	1.22312
37	165	0.967635
38	4	1.2453
38	14	1.06966
38	20	0.298962
38	47	1.20585
38	56	1.20587
38	57	1.20588
38	69	0.281585
38	125	1.21183
38	128	1.20263
38	154	1.21957
38	161	1.18702
38	165	1.1396
38	168	1.19004
38	172	1.2459
38	175	0.462182
39	41	1.17938
39	74	1.23749
39	87	1.10108
39	90	0.540114
39	109	1.17441
39	111	1.20406
39	124	1.23498
39	127	0.545924
39	150	1.26107
39	172	0.463245
39	173	1.22887
39	174	1.16706
39	177	0.513155
39	178	1.2114
39	179	0.507498
40	12	1.22794
40	18	1.20807
40	19	1.23215
40	26	1.20923
40	37	1.17101
40	43	1.17475
40	53	1.3136
40	54	1.21627
40	81	1.19077
40	97	0.400489
40	112	1.45795
40	154	0.444617
40	165	1.05581
40	171	0.591661
40	176	0.539899
41	17	0.61904
41	39	1.17938
41	114	1.08794
41	115	0.962684
41	120	0.708835
41	126	1.12758
41	137	1.09077
41	147	1.07339
41	152	1.1338
41	159	0.732502
41	172	0.680051
41	173	1.12171
41	174	1.0599
41	175	1.0879
41	176	1.07501
42	5	0.935791
42	13	0.699827
42	17	1.02468
42	25	0.996711
42	34	0.996697
42	64	1.14893
42	66	0.989817
42	70	1.07448
42	73	1.10992
42	76	1.50841
42	79	1.11291
42	101	0.7712
42	118	0.789829
42	161	1.01987
43	18	1.12362
43	19	1.1477
43	26	1.12479
43	37	1.08657
43	40	1.17475
43	53	1.22915
43	54	1.13183
43	81	1.10633
43	82	0.518484
43	108	0.62979
43	113	0.829103
43	115	0.97172
43	116	0.931797
43	165	0.971367
43	168	1.39396
44	23	1.36384
44	45	0.434432
44	51	1.31392
44	52	1.43221
44	55	1.31394
44	112	1.08407
44	116	1.32695
44	125	0.569208
44	132	1.08397
44	153	1.1636
44	154	1.31672
44	163	0.428539
44	168	1.12742
44	174	0.50887
45	44	0.434432
45	100	0.963269
45	119	0.823579
45	125	1.10837
45	137	1.07281
45	147	1.05543
45	149	1.05935
45	150	1.13594
45	155	0.841341
45	156	1.06617
45	161	1.08356
45	174	1.04193
45	175	1.06994
45	176	1.05704
45	177	0.843928
45	178	1.08628
46	58	0.517621
46	59	1.22994
46	110	0.47133
46	114	1.15513
46	117	1.15998
46	129	1.2186
46	133	0.664088
46	142	1.14565
46	144	0.597989
46	147	1.14058
46	156	1.15132
46	163	1.16612
46	171	1.13544
46	175	1.15509
46	176	1.14219
46	179	0.52587
47	4	1.20793
47	14	1.03229
47	38	1.20585
47	56	1.1685
47	57	1.16851
47	113	1.13643
47	125	1.17446
47	128	1.16526
47	132	1.46102
47	153	0.742601
47	154	1.1822
47	161	1.14965
47	165	0.904436
47	172	1.20853
47	174	0.35309
47	178	0.227978
48	74	0.613045
48	130	0.604213
48	131	1.17583
48	138	1.13307
48	145	1.18647
48	152	0.678632
48	157	1.16009
48	159	1.15074
48	166	1.17272
48	167	1.14615
48	169	1.15275
48	170	1.16763
48	175	0.831163
48	177	1.17818
48	179	1.17643
48	180	0.907205
49	32	1.0917
49	80	0.830807
49	91	0.695743
49	114	1.08821
49	123	1.11891
49	135	0.699154
49	144	0.767019
49	147	1.07367
49	150	1.15418
49	154	1.13435
49	162	0.698112
49	165	0.962603
49	173	1.12199
49	174	1.06017
49	175	1.08818
49	176	1.07528
50	6	0.536793
50	66	1.10511
50	68	1.1774
50	70	1.18978
50	79	1.22821
50	93	1.12022
50	94	1.14327
50	99	0.814201
50	107	0.75908
50	142	0.777693
50	146	0.655759
50	160	1.16645
50	161	1.13517
50	172	1.19405
50	177	1.17089
50	179	1.16914
51	23	1.24024
51	44	1.31392
51	52	1.30861
51	55	1.19033
51	77	1.18285
51	88	1.16554
51	100	1.04028
51	108	0.545944
51	112	0.960468
51	132	0.960369
51	137	0.690057
51	153	1.03999
51	154	1.19312
51	165	1.25967
51	168	1.00382
51	174	0.708328
51	180	0.658298
52	22	0.796002
52	23	1.35854
52	44	1.43221
52	51	1.30861
52	55	1.30863
52	76	1.29114
52	88	1.28384
52	100	1.15858
52	112	1.07877
52	123	0.321353
52	125	0.628903
52	132	1.07867
52	149	0.369842
52	153	1.15829
52	154	1.31142
52	168	1.12212
52	178	0.443454
53	12	1.28235
53	18	1.26247
53	19	1.28655
53	26	1.26364
53	37	1.22542
53	40	1.3136
53	43	1.22915
53	54	1.27068
53	81	1.24518
53	92	0.530303
53	97	0.347909
53	113	0.707007
53	115	1.11057
53	165	1.11022
53	168	1.27186
53	175	0.544006
53	178	0.544965
54	12	1.18503
54	18	1.16515
54	19	1.18923
54	26	1.16631
54	37	1.12809
54	40	1.21627
54	43	1.13183
54	53	1.27068
54	80	1.99716
54	81	1.14785
54	115	1.01325
54	116	0.973324
54	118	1.71878
54	156	0.183729
54	165	1.01289
54	174	0.103415
54	175	0.115721
55	3	0.647939
55	23	1.24026
55	44	1.31394
55	51	1.19033
55	52	1.30863
55	77	1.18287
55	88	1.16556
55	100	1.0403
55	112	0.960489
55	132	0.960391
55	137	0.799362
55	140	0.728495
55	153	1.04001
55	154	1.19314
55	168	1.00384
55	174	0.817633
55	180	0.767603
56	2	0.105272
56	4	1.20794
56	14	1.03231
56	38	1.20587
56	47	1.1685
56	57	1.16853
56	80	2.20284
56	113	1.13645
56	125	1.17447
56	126	0.10865
56	128	1.16528
56	132	1.15467
56	154	1.18222
56	161	1.14967
56	172	1.20854
56	180	0.0913229
57	4	1.20796
57	14	1.03232
57	21	0.498014
57	38	1.20588
57	47	1.16851
57	56	1.16853
57	113	1.13646
57	125	1.17449
57	128	1.16529
57	139	0.564602
57	152	0.558769
57	153	1.22688
57	154	1.18223
57	161	1.14968
57	172	1.20856
57	175	0.7113
58	29	0.877082
58	46	0.517621
58	61	1.10611
58	134	1.16714
58	141	1.13354
58	143	1.13476
58	156	0.709859
58	157	1.15533
58	164	1.12484
58	167	1.14139
58	168	0.980957
58	169	1.14799
58	170	1.16287
58	175	0.778388
58	177	1.17342
58	178	0.779347
58	179	1.17167
59	46	1.22994
59	92	1.14524
59	95	0.598924
59	103	1.23583
59	107	1.20674
59	109	1.15778
59	130	1.23401
59	131	0.469007
59	136	0.54968
59	146	1.24467
59	152	1.22433
59	163	1.18946
59	167	0.478935
59	169	0.522097
59	171	1.15878
59	175	1.17843
59	178	1.19477
59	179	0.470831
60	13	0.939691
60	22	0.935722
60	84	1.0967
60	97	1.09159
60	98	0.862546
60	102	1.06006
60	103	1.06439
60	114	1.00703
60	139	1.03851
60	147	0.992485
60	148	0.756435
60	152	1.05289
60	158	1.03877
60	159	0.823841
60	163	1.01802
60	170	0.815963
60	173	1.0408
60	178	1.02333
61	36	0.595853
61	58	1.10611
61	96	0.783352
61	120	1.10392
61	121	1.09649
61	133	1.06574
61	136	1.10303
61	144	1.09202
61	150	0.794098
61	152	0.810695
61	157	1.11685
61	159	1.10749
61	164	1.08635
61	166	1.12947
61	170	1.12438
61	175	0.963227
61	177	1.13494
61	179	1.13318
62	7	1.18762
62	75	0.607771
62	102	1.14126
62	106	0.67153
62	107	1.1165
62	126	1.12787
62	142	1.07876
62	145	0.599514
62	149	1.07761
62	150	1.1542
62	158	1.11997
62	163	1.09923
62	170	0.646868
62	174	1.06019
62	176	1.0753
62	178	1.10454
62	179	0.646547
62	180	1.05704
63	15	1.09953
63	16	1.09373
63	27	1.19371
63	30	1.19502
63	35	1.11615
63	68	1.14487
63	78	1.12844
63	80	0.831654
63	81	1.09841
63	88	1.10761
63	94	1.11074
63	100	1.31425
63	115	1.23412
63	128	1.11825
63	129	0.448417
63	146	0.491332
63	172	1.16152
63	173	0.567549
64	5	1.17579
64	17	1.26468
64	25	1.23671
64	34	1.2367
64	42	1.14893
64	66	1.22982
64	70	1.31448
64	73	1.34992
64	79	1.35291
64	107	0.106137
64	118	1.02983
64	125	0.376438
64	132	1.42403
64	137	0.29783
64	161	1.25988
64	165	0.867446
64	168	0.917885
65	32	0.583118
65	90	1.15054
65	110	1.18512
65	126	0.647426
65	133	1.12402
65	136	1.16131
65	147	0.733148
65	155	1.1615
65	160	1.18878
65	161	0.726601
65	163	0.851288
65	164	1.14463
65	166	1.18776
65	167	1.16119
65	169	1.16779
65	170	1.18266
65	173	0.694553
65	177	1.19322
65	179	1.19147
66	5	1.01668
66	17	1.10557
66	22	1.01587
66	25	1.0776
66	34	1.07758
66	42	0.989817
66	50	1.10511
66	64	1.22982
66	70	1.15536
66	73	1.19081
66	79	1.1938
66	82	1.0702
66	112	1.23324
66	116	1.31603
66	118	0.870714
66	140	0.408808
66	153	0.887457
66	161	1.10076
66	163	0.417614
67	72	0.759519
67	119	1.16538
67	141	1.15118
67	144	1.14814
67	145	1.19935
67	152	0.580954
67	155	1.15934
67	157	1.17297
67	158	0.594657
67	159	1.16362
67	162	1.19249
67	164	1.14248
67	167	1.15903
67	169	1.16563
67	171	0.728559
67	174	0.859557
67	177	1.19106
67	179	1.18931
67	180	0.809527
68	15	1.16993
68	16	1.16413
68	27	1.26411
68	30	1.26542
68	50	1.1774
68	63	1.14487
68	78	1.19884
68	80	0.902054
68	81	1.16881
68	82	1.14248
68	94	1.18114
68	113	0.541647
68	125	0.565054
68	128	1.18865
68	132	1.61265
68	139	0.231948
68	165	1.05606
68	171	0.37372
68	172	1.23192
69	28	1.29382
69	38	0.281585
69	87	1.04816
69	109	1.1215
69	111	1.15115
69	119	0.591348
69	121	0.645559
69	124	1.18206
69	133	0.744257
69	138	0.706952
69	139	1.17366
69	149	1.13156
69	152	1.18804
69	156	1.13838
69	158	1.17392
69	168	0.999017
69	170	0.60636
69	176	1.12925
69	178	1.15848
69	180	1.11099
70	5	1.10134
70	17	1.19023
70	25	1.16226
70	34	1.16224
70	42	1.07448
70	50	1.18978
70	64	1.31448
70	66	1.15536
70	73	1.27547
70	79	1.27846
70	82	1.15486
70	113	0.547307
70	115	0.939881
70	118	0.955376
70	137	0.492107
70	150	0.215178
70	161	1.18542
70	165	1.06172
70	168	1.11216
71	28	1.27294
71	30	0.217201
71	93	0.728281
71	122	1.15285
71	137	1.12414
71	140	1.08436
71	143	0.686711
71	144	0.710882
71	146	1.18751
71	150	1.18728
71	158	1.15305
71	163	1.1323
71	172	0.59451
71	173	1.15508
71	174	1.09327
71	175	1.12127
71	176	1.10837
71	178	1.13761
71	179	0.638763
71	180	1.09011
72	26	0.30329
72	27	0.139674
72	67	0.759519
72	87	1.05741
72	101	1.08097
72	108	1.12615
72	124	1.1913
72	127	0.851097
72	130	1.20696
72	149	1.1408
72	155	0.815741
72	156	1.14762
72	157	0.872618
72	163	1.16242
72	173	1.1852
72	174	1.12338
72	175	1.15139
72	176	1.13849
72	178	1.16772
72	180	1.12023
73	5	1.13678
73	17	1.22567
73	25	1.1977
73	34	1.19769
73	42	1.10992
73	64	1.34992
73	66	1.19081
73	70	1.27547
73	79	1.3139
73	82	1.1903
73	103	0.337232
73	112	1.38894
73	113	0.690576
73	115	1.08315
73	118	0.990818
73	130	0.300625
73	146	0.340363
73	161	1.22086
74	39	1.23749
74	48	0.613045
74	81	1.1554
74	90	0.601135
74	96	1.14792
74	101	1.07559
74	102	1.19907
74	111	1.15501
74	137	1.14887
74	144	0.640637
74	147	1.1315
74	149	1.13542
74	165	1.02043
74	169	0.619784
74	172	0.524266
74	173	1.17982
74	174	1.118
74	176	1.13311
74	177	0.574176
74	178	1.16234
75	62	0.607771
75	89	1.12935
75	95	1.10937
75	120	1.13799
75	133	1.0998
75	134	1.16272
75	144	1.12608
75	147	0.67546
75	151	1.15325
75	159	1.14156
75	160	1.16456
75	163	0.7936
75	167	1.13697
75	169	1.14357
75	170	1.15845
75	174	0.873932
75	175	0.74786
75	177	1.169
75	178	0.748819
75	179	1.16725
76	23	1.20044
76	42	1.50841
76	52	1.29114
76	77	0.966455
76	78	0.969972
76	92	0.897354
76	94	0.952267
76	115	0.805332
76	140	0.893637
76	152	0.976449
76	159	0.952445
76	162	0.981318
76	166	0.974424
76	170	0.969333
76	171	0.910903
76	172	1.00305
76	174	0.902547
76	176	0.917653
76	177	0.979887
76	178	0.946889
77	51	1.18285
77	55	1.18287
77	76	0.966455
77	78	1.1789
77	94	1.1612
77	111	0.688056
77	153	1.03253
77	154	1.18566
77	158	0.642884
77	161	0.702765
77	162	1.19025
77	167	1.15679
77	168	0.996353
77	170	1.17826
77	172	1.21198
77	174	0.907784
77	176	0.725025
77	177	1.18882
77	179	1.18707
77	180	0.857754
78	15	1.1535
78	16	1.1477
78	27	1.24768
78	30	1.249
78	63	1.12844
78	68	1.19884
78	76	0.969972
78	77	1.1789
78	80	0.885631
78	82	1.12606
78	88	1.16159
78	94	1.16472
78	115	1.16265
78	125	0.79348
78	128	1.17223
78	129	0.376943
78	150	0.437942
78	165	1.28449
78	172	1.2155
78	173	0.496075
79	5	1.13977
79	17	1.22866
79	22	1.13896
79	25	1.20069
79	34	1.20068
79	42	1.11291
79	50	1.22821
79	64	1.35291
79	66	1.1938
79	70	1.27846
79	73	1.3139
79	81	0.445038
79	82	1.19329
79	88	0.347743
79	100	1.19868
79	118	0.99381
79	142	0.4977
79	154	0.411009
79	161	1.22386
79	168	1.29083
79	180	0.63902
80	28	0.99788
80	49	0.830807
80	54	1.99716
80	56	2.20284
80	63	0.831654
80	68	0.902054
80	78	0.885631
80	94	0.867925
80	97	0.93081
80	123	0.876947
80	124	0.886127
80	146	0.912451
80	149	0.835621
80	160	0.891109
80	166	0.890082
80	167	0.863513
80	170	0.884991
80	172	0.918708
80	173	0.880019
80	174	0.818205
80	177	0.895546
81	40	1.19077
81	43	1.10633
81	53	1.24518
81	54	1.14785
81	63	1.09841
81	68	1.16881
81	74	1.1554
81	79	0.445038
81	94	1.13468
81	136	0.747544
81	142	1.10353
81	145	0.621662
81	148	0.609487
81	165	0.987395
81	167	0.676799
81	168	0.969838
81	171	1.09332
81	172	1.18547
81	175	1.11297
81	176	1.10007
81	177	0.674353
82	15	1.09714
82	43	0.518484
82	66	1.0702
82	68	1.14248
82	70	1.15486
82	73	1.1903
82	78	1.12606
82	79	1.19329
82	94	1.10835
82	121	0.678538
82	123	1.11737
82	126	1.12631
82	135	0.643273
82	147	1.07213
82	151	0.62758
82	161	1.10025
82	166	0.661566
82	172	1.15913
82	175	1.08663
82	177	0.644676
82	180	1.05547
83	21	1.14118
83	30	0.306727
83	86	1.14405
83	90	0.760905
83	96	1.11023
83	128	0.706639
83	132	0.92174
83	142	1.09888
83	146	1.17456
83	147	1.09381
83	149	1.09773
83	151	0.71685
83	152	1.15421
83	153	1.00136
83	155	0.731359
83	158	1.14009
83	161	1.12194
83	163	1.11935
83	166	0.750836
83	175	1.10832
83	176	1.09542
83	180	1.07716
84	60	1.0967
84	86	1.22901
84	94	0.28171
84	96	1.1952
84	107	1.22159
84	108	1.16805
84	114	1.19332
84	118	0.976859
84	136	0.643565
84	137	1.19615
84	149	1.1827
84	156	1.18952
84	158	1.22506
84	159	0.572915
84	164	0.582992
84	169	0.615982
84	171	1.17364
84	172	0.520464
84	176	1.18039
84	177	0.570374
84	178	1.20962
84	180	1.16212
85	8	1.12125
85	19	0.278127
85	101	1.07654
85	123	1.17769
85	127	0.633249
85	129	1.21046
85	136	0.673671
85	138	0.695735
85	139	1.17847
85	146	1.21319
85	149	1.13636
85	156	1.14318
85	158	1.17872
85	163	1.15798
85	166	0.617369
85	170	0.595143
85	171	1.1273
85	174	1.11894
85	175	1.14695
85	176	1.13405
85	178	1.16329
85	179	0.594822
85	180	1.11579
86	4	0.140479
86	83	1.14405
86	84	1.22901
86	97	1.22391
86	103	1.1967
86	105	0.760956
86	130	1.19488
86	131	0.632721
86	142	1.12987
86	143	0.682493
86	152	1.1852
86	155	0.637616
86	156	1.13554
86	159	0.642744
86	161	1.15293
86	165	1.01373
86	171	1.11966
86	172	0.590293
86	173	1.17312
86	174	1.1113
86	176	1.12641
86	178	1.15565
86	180	1.10815
87	36	1.15392
87	39	1.10108
87	69	1.04816
87	72	1.05741
87	99	0.950677
87	103	1.06699
87	117	1.01449
87	123	1.04033
87	126	1.04927
87	130	1.06517
87	142	1.00016
87	148	0.734006
87	152	1.05549
87	156	1.00583
87	162	0.796425
87	167	0.801317
87	169	0.844479
87	171	0.989948
87	176	0.996699
87	177	0.798871
87	178	1.02593
87	180	0.978436
88	30	1.22817
88	51	1.16554
88	52	1.28384
88	55	1.16556
88	63	1.10761
88	78	1.16159
88	79	0.347743
88	94	1.14389
88	114	1.12221
88	119	0.556709
88	129	1.18568
88	133	0.709618
88	136	0.650249
88	146	1.18841
88	152	1.16807
88	153	1.01522
88	154	1.16834
88	157	0.631348
88	168	0.979041
88	169	0.622666
88	170	0.571721
88	172	1.19467
88	175	1.12217
89	75	1.12935
89	91	1.11318
89	93	1.11194
89	111	0.74333
89	117	0.658584
89	120	1.13159
89	141	1.12272
89	144	1.11968
89	149	0.764333
89	151	1.14685
89	154	0.685015
89	155	1.13088
89	160	1.15817
89	162	1.16403
89	163	0.882725
89	164	1.11402
89	165	0.987695
89	166	1.15714
89	169	1.13717
89	170	1.15205
89	175	0.836985
89	177	1.1626
89	178	0.837945
89	179	1.16085
90	39	0.540114
90	65	1.15054
90	74	0.601135
90	83	0.760905
90	103	0.628909
90	119	1.13389
90	121	1.12112
90	127	1.14105
90	133	1.09037
90	135	1.14592
90	140	0.856187
90	141	1.11968
90	143	1.1209
90	148	1.15581
90	153	1.00328
90	157	1.14148
90	159	1.13213
90	160	1.15513
90	166	1.15411
90	167	1.12754
90	170	1.14901
90	174	0.945324
90	178	0.820212
90	179	1.15782
91	3	0.743857
91	49	0.695743
91	89	1.11318
91	93	1.10216
91	113	1.10389
91	121	1.11437
91	127	1.1343
91	151	1.13707
91	155	1.1211
91	159	1.12538
91	160	1.14839
91	161	0.708532
91	162	1.15425
91	164	1.10424
91	166	1.14736
91	167	1.12079
91	169	1.12739
91	170	1.14227
91	171	0.782554
91	175	0.78748
91	176	0.730792
91	177	1.15282
91	178	0.788439
91	179	1.15107
92	53	0.530303
92	59	1.14524
92	76	0.897354
92	96	1.07229
92	97	1.15498
92	99	1.01146
92	109	1.04973
92	124	1.1103
92	140	1.03347
92	142	1.06094
92	143	0.820881
92	146	1.13662
92	150	1.13639
92	153	0.963429
92	156	1.06661
92	159	0.781131
92	160	0.738017
92	172	0.728681
92	173	1.10419
92	174	1.04238
92	175	1.07038
92	176	1.05748
92	178	1.08672
92	179	0.772933
93	10	0.656022
93	32	0.653725
93	50	1.12022
93	71	0.728281
93	89	1.11194
93	91	1.10216
93	99	0.847384
93	109	0.742937
93	121	1.11314
93	131	1.14923
93	133	1.08239
93	134	1.14531
93	148	1.14783
93	149	0.803502
93	150	0.707026
93	151	1.13584
93	157	1.1335
93	159	1.12414
93	166	1.14612
93	167	1.11955
93	169	1.12615
93	170	1.14103
93	177	1.15159
93	179	1.14983
94	15	1.1358
94	16	1.13
94	27	1.22998
94	30	1.23129
94	35	1.15242
94	50	1.14327
94	63	1.11074
94	68	1.18114
94	76	0.952267
94	77	1.1612
94	78	1.16472
94	80	0.867925
94	81	1.13468
94	82	1.10835
94	84	0.28171
94	88	1.14389
94	113	0.666631
94	116	1.44779
94	125	0.690039
94	128	1.15453
94	163	0.54937
94	168	1.23149
94	172	1.19779
94	178	0.504589
95	24	1.11369
95	28	0.5474
95	31	1.2082
95	59	0.598924
95	75	1.10937
95	107	0.830837
95	120	1.1116
95	130	0.687778
95	138	1.0975
95	142	0.84945
95	145	1.1509
95	146	0.727516
95	148	1.13886
95	151	1.12687
95	157	1.12453
95	162	1.14405
95	164	1.09403
95	166	1.13715
95	167	1.11058
95	169	1.11718
95	170	1.13206
95	177	1.14262
95	179	1.14086
95	180	0.99077
96	8	1.07979
96	61	0.783352
96	74	1.14792
96	83	1.11023
96	84	1.1952
96	92	1.07229
96	102	1.15855
96	117	1.11038
96	126	1.14516
96	129	1.169
96	140	1.06857
96	142	1.09605
96	150	1.17149
96	151	0.595324
96	155	0.609833
96	158	1.13726
96	162	0.609974
96	164	0.625038
96	165	0.979916
96	169	0.658028
96	170	0.607083
96	171	1.08584
96	175	1.10549
96	176	1.09259
96	180	1.07433
97	32	1.19171
97	40	0.400489
97	53	0.347909
97	60	1.09159
97	80	0.93081
97	86	1.22391
97	92	1.15498
97	98	0.637442
97	101	1.11776
97	110	0.535999
97	126	1.22785
97	130	1.24376
97	133	0.728756
97	139	1.2197
97	146	1.25442
97	149	1.17759
97	152	1.23408
97	156	1.18441
97	157	0.650487
97	162	0.59375
97	163	1.19921
97	171	1.16853
97	176	1.17528
97	177	0.596197
97	178	1.20452
98	2	1.01815
98	60	0.862546
98	97	0.637442
98	122	0.64493
98	131	1.13648
98	133	1.06964
98	134	1.13255
98	136	1.10693
98	141	1.09895
98	144	1.09591
98	145	1.14712
98	146	0.646327
98	147	0.76114
98	153	0.982546
98	155	1.10711
98	156	0.765012
98	160	1.1344
98	162	1.14027
98	164	1.09025
98	166	1.13337
98	167	1.1068
98	169	1.1134
98	170	1.12828
98	177	1.13884
98	179	1.13708
99	8	1.01896
99	50	0.814201
99	87	0.950677
99	92	1.01146
99	93	0.847384
99	101	0.974245
99	103	1.10205
99	106	0.782849
99	107	1.07296
99	117	1.04955
99	124	1.08458
99	125	1.08309
99	131	0.756042
99	139	1.07618
99	145	0.710833
99	146	1.1109
99	150	1.11066
99	151	0.746428
99	158	1.07643
99	163	1.05569
99	171	1.02501
99	173	1.07847
99	175	1.04466
99	178	1.061
99	180	1.0135
100	4	0.632077
100	19	1.10565
100	27	0.749345
100	45	0.963269
100	51	1.04028
100	52	1.15858
100	55	1.0403
100	63	1.31425
100	79	1.19868
100	118	0.780484
100	121	1.0078
100	124	1.03683
100	131	1.04389
100	140	0.959996
100	152	1.04281
100	153	0.889957
100	154	1.04308
100	155	1.01452
100	157	1.02816
100	158	1.02868
100	163	1.00794
100	168	0.85378
100	174	0.968905
100	177	1.04625
100	179	1.04449
101	20	1.09698
101	34	0.536061
101	42	0.7712
101	72	1.08097
101	74	1.07559
101	85	1.07654
101	97	1.11776
101	99	0.974245
101	102	1.08623
101	111	1.04217
101	132	0.846588
101	137	1.03603
101	142	1.02373
101	147	1.01866
101	148	0.838863
101	152	1.07906
101	156	1.0294
101	163	1.04419
101	164	0.916346
101	170	0.898391
101	173	1.06697
101	175	1.03316
101	176	1.02027
101	178	1.0495
101	179	0.89807
101	180	1.002
102	18	0.269229
102	21	1.18951
102	35	1.18377
102	60	1.06006
102	62	1.14126
102	74	1.19907
102	96	1.15855
102	101	1.08623
102	108	1.13141
102	120	0.581884
102	123	1.18738
102	130	1.21222
102	133	0.73557
102	145	0.550319
102	149	1.14605
102	150	1.22265
102	164	0.615628
102	169	0.648617
102	171	1.13699
102	173	1.19045
102	174	1.12864
102	175	1.15664
102	176	1.14375
102	177	0.60301
102	179	0.597352
102	180	1.12548
103	20	1.22479
103	59	1.23583
103	60	1.06439
103	73	0.337232
103	86	1.1967
103	87	1.06699
103	90	0.628909
103	99	1.10205
103	104	1.13476
103	108	1.13574
103	122	1.19255
103	123	1.19171
103	134	0.630815
103	135	0.600547
103	138	0.697206
103	145	0.54926
103	152	1.20687
103	156	1.1572
103	162	0.599504
103	169	0.647558
103	171	1.14132
103	174	1.13297
103	175	1.16097
103	176	1.14807
103	178	1.17731
103	180	1.12981
104	103	1.13476
104	108	1.05213
104	109	1.05672
104	124	1.11729
104	129	1.14088
104	130	1.13295
104	139	1.10889
104	144	0.707072
104	146	1.14361
104	147	1.06286
104	150	1.14337
104	155	0.638024
104	156	1.0736
104	158	1.10914
104	163	1.0884
104	164	0.653228
104	167	0.643057
104	169	0.686218
104	170	0.635274
104	171	1.05772
104	173	1.11118
104	174	1.04936
104	175	1.07737
104	177	0.640611
104	178	1.09371
104	180	1.04621
105	20	0.749827
105	86	0.760956
105	114	0.836903
105	120	1.09079
105	129	0.68292
105	133	1.05261
105	134	1.11552
105	135	1.10816
105	138	1.07669
105	139	0.766349
105	143	1.08314
105	145	1.13009
105	148	1.11805
105	156	0.844519
105	157	1.10371
105	159	1.09436
105	160	1.11737
105	164	1.07322
105	165	0.946896
105	166	1.11634
105	167	1.08977
105	169	1.09637
105	172	1.14497
105	177	1.1218
105	179	1.12005
105	180	0.989088
106	62	0.67153
106	99	0.782849
106	107	0.727728
106	121	1.13154
106	131	1.16764
106	132	0.93408
106	133	1.10079
106	134	1.16371
106	136	1.13808
106	137	0.919421
106	143	1.13133
106	144	1.12707
106	147	0.73922
106	148	1.16624
106	149	0.738967
106	150	0.642491
106	155	1.13827
106	159	1.14255
106	160	1.16556
106	162	1.17142
106	164	1.12141
106	166	1.16453
106	167	1.13796
106	170	1.15944
106	173	0.700624
106	177	1.16999
106	179	1.16824
107	33	1.15298
107	37	0.623647
107	50	0.75908
107	59	1.20674
107	62	1.1165
107	64	0.106137
107	84	1.22159
107	95	0.830837
107	99	1.07296
107	106	0.727728
107	108	1.10665
107	124	1.1718
107	139	1.1634
107	140	1.09497
107	142	1.12245
107	143	0.750693
107	148	0.643537
107	149	1.12129
107	156	1.12811
107	163	1.14291
107	171	1.11223
107	173	1.16569
107	175	1.13188
107	176	1.11899
107	178	1.14822
107	179	0.702745
107	180	1.10072
108	13	1.01104
108	17	0.645061
108	33	1.09944
108	43	0.62979
108	51	0.545944
108	72	1.12615
108	84	1.16805
108	102	1.13141
108	103	1.13574
108	104	1.05213
108	107	1.10665
108	109	1.05769
108	122	1.10992
108	126	1.11802
108	135	0.754579
108	136	0.829173
108	137	1.08121
108	146	1.14458
108	147	1.06383
108	151	0.738886
108	160	0.715409
108	171	1.05869
108	173	1.11215
108	174	1.05034
108	175	1.07834
108	178	1.09468
109	9	0.791479
109	39	1.17441
109	59	1.15778
109	69	1.1215
109	92	1.04973
109	93	0.742937
109	104	1.05672
109	108	1.05769
109	122	1.11451
109	138	0.754331
109	140	1.04601
109	142	1.07349
109	143	0.701366
109	147	1.06842
109	149	1.07234
109	152	1.12883
109	156	1.07916
109	161	1.09655
109	163	1.09396
109	164	0.671694
109	168	0.939798
109	171	1.06328
109	174	1.05492
109	177	0.659076
109	178	1.09927
109	179	0.653418
109	180	1.05177
110	8	0.681425
110	29	0.830791
110	46	0.47133
110	65	1.18512
110	97	0.535999
110	125	1.18324
110	135	1.18051
110	136	1.16224
110	142	0.666817
110	143	1.15549
110	148	1.1904
110	154	0.580126
110	155	1.16243
110	157	1.17606
110	159	1.16671
110	160	1.18972
110	162	1.19558
110	164	1.14557
110	166	1.18869
110	167	1.16212
110	169	1.16872
110	170	1.1836
110	171	0.727171
110	172	1.21732
110	177	1.19415
110	178	0.733056
110	179	1.1924
110	180	0.808138
111	23	0.258142
111	24	0.782008
111	39	1.20406
111	69	1.15115
111	74	1.15501
111	77	0.688056
111	89	0.74333
111	101	1.04217
111	118	0.896154
111	122	1.14416
111	126	1.15225
111	141	0.719899
111	143	0.740929
111	146	1.17882
111	147	1.09807
111	148	0.633773
111	150	1.17859
111	154	1.15875
111	158	1.14435
111	161	1.1262
111	163	1.12361
111	171	1.09293
111	173	1.14639
111	174	1.08458
111	175	1.11258
111	178	1.12892
111	179	0.692981
111	180	1.08142
112	18	1.31988
112	40	1.45795
112	44	1.08407
112	51	0.960468
112	52	1.07877
112	55	0.960489
112	66	1.23324
112	73	1.38894
112	114	0.917137
112	119	0.940759
112	137	0.919968
112	138	0.92132
112	146	0.983342
112	152	0.962998
112	153	0.810147
112	154	0.963273
112	159	0.938994
112	162	0.967868
112	163	0.92813
112	166	0.960973
112	168	0.773971
112	174	0.889096
112	175	0.9171
112	176	0.904203
112	177	0.966436
112	179	0.964684
112	180	0.88594
113	6	1.19891
113	12	0.773355
113	14	1.00024
113	17	0.844374
113	43	0.829103
113	47	1.13643
113	53	0.707007
113	56	1.13645
113	57	1.13646
113	68	0.541647
113	70	0.547307
113	73	0.690576
113	91	1.10389
113	94	0.666631
113	137	1.10685
113	149	1.09339
113	151	1.13757
113	154	1.15015
113	160	1.14888
113	161	1.1176
113	164	1.10473
113	167	1.12128
113	169	1.12788
113	171	1.08433
113	172	1.17648
113	174	1.07598
113	176	1.09108
113	179	1.15156
114	23	0.275654
114	37	0.631395
114	41	1.08794
114	46	1.15513
114	49	1.08821
114	60	1.00703
114	84	1.19332
114	88	1.12221
114	105	0.836903
114	112	0.917137
114	122	1.1352
114	125	1.14204
114	127	0.748919
114	137	1.10648
114	140	1.0667
114	141	0.737411
114	146	1.16986
114	150	1.16962
114	156	1.09985
114	158	1.13539
114	162	0.713704
114	163	1.11464
114	169	0.761758
114	171	1.08397
114	172	0.66624
114	173	1.13742
114	174	1.07561
114	178	1.11995
114	180	1.07245
115	20	1.04218
115	26	1.00621
115	34	0.980202
115	37	0.967988
115	41	0.962684
115	43	0.97172
115	53	1.11057
115	54	1.01325
115	63	1.23412
115	70	0.939881
115	73	1.08315
115	76	0.805332
115	78	1.16265
115	127	1.00918
115	142	0.968922
115	153	0.871406
115	156	0.97459
115	157	1.0096
115	162	1.02913
115	163	0.989389
115	165	0.852787
115	166	1.02223
115	169	1.00226
115	171	0.95871
115	175	0.978358
115	177	1.0277
115	179	1.02594
116	11	0.982908
116	12	0.984997
116	19	0.989199
116	26	0.966284
116	30	1.30923
116	37	0.928066
116	43	0.931797
116	44	1.32695
116	54	0.973324
116	66	1.31603
116	94	1.44779
116	118	0.722011
116	134	0.981492
116	147	0.923928
116	149	0.927848
116	150	1.00444
116	153	0.831484
116	157	0.969682
116	162	0.989204
116	163	0.949466
116	165	0.812864
116	166	0.982309
116	169	0.96234
116	175	0.938436
116	178	0.954775
116	179	0.98602
116	180	0.907276
117	7	1.20789
117	46	1.15998
117	87	1.01449
117	89	0.658584
117	96	1.11038
117	99	1.04955
117	126	1.14815
117	128	0.586586
117	129	1.17199
117	130	1.16405
117	132	0.921897
117	133	0.746453
117	144	0.680354
117	146	1.17471
117	152	1.15437
117	156	1.1047
117	157	0.668183
117	158	1.14025
117	163	1.1195
117	164	0.626511
117	166	0.630782
117	168	0.965344
117	170	0.608556
117	171	1.08882
117	173	1.14228
117	174	1.08047
117	175	1.10847
117	176	1.09558
117	180	1.07731
118	4	2.00017
118	26	2.28105
118	42	0.789829
118	54	1.71878
118	64	1.02983
118	66	0.870714
118	70	0.955376
118	73	0.990818
118	79	0.99381
118	84	0.976859
118	100	0.780484
118	111	0.896154
118	116	0.722011
118	124	0.92707
118	143	0.897823
118	153	0.7802
118	155	0.904766
118	160	0.932052
118	161	0.900772
118	163	0.898182
118	165	0.76158
118	168	0.744023
118	169	0.911056
118	170	0.925934
118	173	0.920962
118	174	0.859148
118	177	0.936488
118	178	0.903491
118	179	0.934736
118	180	0.855992
119	22	1.05596
119	35	0.545316
119	45	0.823579
119	67	1.16538
119	69	0.591348
119	88	0.556709
119	90	1.13389
119	112	0.940759
119	120	1.14556
119	127	1.15805
119	135	1.16293
119	138	1.13146
119	140	0.808879
119	141	1.13669
119	143	1.13791
119	148	1.17282
119	150	0.602817
119	151	1.16082
119	155	1.14485
119	157	1.15848
119	162	1.178
119	164	1.12799
119	166	1.17111
119	170	1.16602
119	172	1.19973
119	174	0.898017
119	175	0.771945
119	177	1.17657
119	179	1.17482
119	180	0.847987
120	2	0.955773
120	8	0.720497
120	41	0.708835
120	61	1.10392
120	75	1.13799
120	89	1.13159
120	95	1.1116
120	102	0.581884
120	105	1.09079
120	119	1.14556
120	134	1.16496
120	136	1.13933
120	138	1.12612
120	142	0.705889
120	143	1.13257
120	145	1.17953
120	150	0.60204
120	151	1.15549
120	154	0.619198
120	155	1.13952
120	157	1.15315
120	160	1.1668
120	162	1.17267
120	164	1.12265
120	167	1.13921
120	169	1.14581
120	175	0.771168
120	177	1.17124
120	178	0.772127
120	179	1.16949
121	31	1.22938
121	32	0.603726
121	61	1.09649
121	69	0.645559
121	82	0.678538
121	90	1.12112
121	91	1.11437
121	93	1.11314
121	100	1.0078
121	106	1.13154
121	136	1.13189
121	140	0.86309
121	143	1.12514
121	144	1.12088
121	145	1.17209
121	148	1.16005
121	152	0.673624
121	157	1.14571
121	159	1.13636
121	164	1.11521
121	166	1.15834
121	167	1.13177
121	168	0.971335
121	169	1.13837
121	170	1.15325
121	173	0.71516
121	174	0.952227
121	175	0.826156
121	176	0.769468
121	177	1.1638
121	179	1.16205
122	2	1.08436
122	7	1.23458
122	29	1.04031
122	31	0.531
122	71	1.15285
122	98	0.64493
122	103	1.19255
122	108	1.10992
122	109	1.11451
122	111	1.14416
122	114	1.1352
122	129	1.19867
122	138	0.69894
122	139	1.16668
122	140	1.09825
122	142	1.12572
122	147	1.12065
122	149	1.12457
122	152	1.18106
122	157	0.657974
122	166	0.620574
122	167	0.60613
122	168	0.99203
122	169	0.649292
122	170	0.598347
122	171	1.11551
122	174	1.10716
122	175	1.13516
122	176	1.12226
122	179	0.598027
122	180	1.104
123	13	1.06701
123	29	1.03946
123	32	1.13784
123	49	1.11891
123	52	0.321353
123	80	0.876947
123	82	1.11737
123	85	1.17769
123	87	1.04033
123	102	1.18738
123	103	1.19171
123	128	0.643846
123	133	0.803713
123	137	1.13718
123	139	1.16583
123	145	0.618462
123	147	1.11981
123	149	1.12373
123	151	0.654057
123	154	1.18049
123	158	1.16609
123	162	0.668707
123	163	1.14534
123	167	0.673599
123	168	0.991186
123	170	0.665816
123	174	1.10631
123	175	1.13431
123	176	1.12142
123	177	0.671153
123	178	1.15065
123	180	1.10315
124	11	0.764943
124	14	0.7909
124	24	0.77675
124	26	0.178343
124	39	1.23498
124	69	1.18206
124	72	1.1913
124	80	0.886127
124	92	1.1103
124	99	1.08458
124	100	1.03683
124	104	1.11729
124	107	1.1718
124	118	0.92707
124	129	1.20701
124	130	1.19907
124	131	0.685898
124	132	0.95692
124	140	1.10658
124	150	1.2095
124	158	1.17527
124	159	0.695921
124	160	0.652807
124	168	1.00037
124	169	0.738988
124	171	1.12385
124	173	1.17731
124	174	1.11549
124	175	1.1435
124	176	1.1306
124	179	0.687723
124	180	1.11234
125	17	0.867782
125	26	0.463666
125	30	0.551484
125	37	0.893947
125	38	1.21183
125	44	0.569208
125	45	1.10837
125	47	1.17446
125	52	0.628903
125	56	1.17447
125	57	1.17449
125	64	0.376438
125	68	0.565054
125	78	0.79348
125	94	0.690039
125	99	1.08309
125	110	1.18324
125	114	1.14204
125	131	1.18899
125	151	1.17559
125	154	1.18818
125	159	1.1639
125	161	1.15563
125	167	1.15931
125	170	1.18079
125	172	1.2145
125	175	1.14201
125	176	1.12911
125	177	1.19134
125	178	1.15834
125	179	1.18959
125	180	1.11085
126	3	1.09572
126	20	1.20707
126	29	1.0484
126	41	1.12758
126	56	0.10865
126	62	1.12787
126	65	0.647426
126	82	1.12631
126	87	1.04927
126	96	1.14516
126	97	1.22785
126	108	1.11802
126	111	1.15225
126	117	1.14815
126	129	1.20676
126	130	1.19883
126	139	1.17477
126	141	0.655432
126	143	0.676462
126	144	0.700633
126	150	1.20926
126	155	0.631585
126	156	1.13948
126	158	1.17503
126	159	0.636712
126	164	0.64679
126	170	0.628835
126	172	0.584262
126	173	1.17706
126	175	1.14325
126	176	1.13036
126	178	1.15959
126	180	1.11209
127	1	0.546879
127	24	1.1548
127	28	0.457734
127	36	0.45769
127	39	0.545924
127	72	0.851097
127	85	0.633249
127	90	1.14105
127	91	1.1343
127	114	0.748919
127	115	1.00918
127	119	1.15805
127	128	1.16363
127	134	1.17745
127	137	0.932864
127	141	1.14384
127	143	1.14507
127	145	1.19202
127	151	1.16798
127	155	1.15201
127	157	1.16564
127	159	1.15629
127	161	0.746116
127	162	1.18516
127	164	1.13515
127	166	1.17827
127	167	1.1517
127	168	0.991266
127	169	1.1583
127	170	1.17318
127	174	0.951135
127	177	1.18373
127	179	1.18198
128	7	0.500362
128	13	0.805048
128	14	1.02907
128	16	1.13751
128	27	1.23749
128	38	1.20263
128	47	1.16526
128	56	1.16528
128	57	1.16529
128	63	1.11825
128	68	1.18865
128	78	1.17223
128	83	0.706639
128	94	1.15453
128	117	0.586586
128	123	0.643846
128	127	1.16363
128	145	1.19043
128	154	1.17898
128	158	0.626159
128	159	1.1547
128	161	1.14643
128	164	1.13356
128	169	1.15671
128	170	1.17159
128	172	1.20531
128	173	0.653992
128	175	0.764987
128	176	0.7083
128	177	1.18215
128	179	1.18039
128	180	0.841029
129	6	1.26202
129	9	0.694569
129	33	1.18819
129	46	1.2186
129	63	0.448417
129	78	0.376943
129	85	1.21046
129	88	1.18568
129	96	1.169
129	104	1.14088
129	105	0.68292
129	117	1.17199
129	122	1.19867
129	124	1.20701
129	126	1.20676
129	134	0.591032
129	137	1.16996
129	140	1.13018
129	143	0.604457
129	144	0.628628
129	149	1.1565
129	150	1.2331
129	151	0.545071
129	156	1.16332
129	158	1.19886
129	171	1.14744
129	172	0.512257
129	173	1.2009
129	175	1.16709
129	176	1.15419
129	177	0.562167
129	178	1.18343
129	179	0.556509
129	180	1.13593
130	2	1.10835
130	8	1.13346
130	9	0.697746
130	29	1.0643
130	48	0.604213
130	59	1.23401
130	72	1.20696
130	73	0.300625
130	86	1.19488
130	87	1.06517
130	95	0.687778
130	97	1.24376
130	102	1.21222
130	104	1.13295
130	117	1.16405
130	124	1.19907
130	126	1.19883
130	134	0.594208
130	137	1.16202
130	138	0.660599
130	140	1.12224
130	141	0.586604
130	142	1.14972
130	146	1.2254
130	152	1.20505
130	155	0.562757
130	158	1.19093
130	162	0.562897
130	166	0.582233
130	173	1.19296
130	174	1.13115
130	175	1.15915
130	177	0.565344
130	178	1.17549
130	180	1.12799
131	20	0.621593
131	28	0.417483
131	48	1.17583
131	59	0.469007
131	86	0.632721
131	93	1.14923
131	98	1.13648
131	99	0.756042
131	100	1.04389
131	106	1.16764
131	124	0.685898
131	125	1.18899
131	134	1.19361
131	135	1.18625
131	138	1.15478
131	144	1.15697
131	145	1.20818
131	148	1.19614
131	151	1.18414
131	155	1.16817
131	157	1.1818
131	160	1.19546
131	161	0.705865
131	162	1.20133
131	163	0.830552
131	164	1.15131
131	165	1.02499
131	166	1.19443
131	167	1.16786
131	169	1.17446
131	173	0.673817
131	177	1.19989
131	178	0.785771
131	179	1.19814
131	180	0.860854
132	23	1.01029
132	27	1.34764
132	44	1.08397
132	47	1.46102
132	51	0.960369
132	52	1.07867
132	55	0.960391
132	56	1.15467
132	64	1.42403
