1	11	2.33487
1	107	0.759778
1	119	0.736529
1	129	0.701651
1	139	0.719066
1	141	2.85089
1	154	0.72396
1	155	0.726068
1	159	0.72011
1	162	0.735859
1	165	0.727801
1	174	0.649212
2	11	1.16061
2	115	1.97583
2	129	0.809897
2	130	2.24841
2	139	0.827313
2	142	0.750149
2	154	0.832207
2	163	0.778775
2	164	0.794614
2	174	0.757459
2	177	0.773218
2	179	0.876295
3	114	0.794694
3	116	0.785334
3	127	0.797525
3	133	0.81136
3	134	0.808298
3	136	0.797251
3	138	0.808029
3	150	0.785066
3	152	0.605318
3	161	0.812473
3	174	2.66082
3	177	2.21469
4	108	0.70682
4	142	0.652509
4	154	2.24483
4	160	0.740614
4	165	2.13468
4	167	0.728368
4	168	0.743996
4	171	0.707388
4	172	0.744132
4	173	0.732962
4	175	0.730902
4	180	0.712482
5	155	2.10433
5	156	0.753118
5	159	2.27111
5	168	0.744679
5	169	0.703162
5	170	0.731775
5	171	0.708072
5	174	0.660502
5	175	0.731585
5	176	0.728585
5	178	0.725753
5	180	0.713165
6	44	4.60443
6	148	0.649243
6	152	0.658285
6	167	0.658361
6	168	0.673989
6	169	0.632472
6	170	0.661085
6	171	0.637382
6	172	0.674125
6	176	0.657895
6	178	0.655063
6	180	0.642476
7	73	7.2
7	75	0.733436
7	144	0.709638
7	147	0.719767
7	154	0.720847
7	155	0.722954
7	157	0.72498
7	159	0.716997
7	165	0.724688
7	168	0.409135
7	177	0.661858
7	179	0.764935
8	59	2.44005
8	138	1.93285
8	140	0.724164
8	141	0.738534
8	156	0.739726
8	170	0.718382
8	171	0.694679
8	172	0.731423
8	173	0.720253
8	175	0.718192
8	176	0.715193
8	180	0.699773
9	86	1.77362
9	129	1.60478
9	167	0.803669
9	168	0.819298
9	169	0.77778
9	171	0.78269
9	172	0.819434
9	175	0.806203
9	176	0.803204
9	178	0.800371
9	179	0.771154
9	180	0.787784
10	83	0.723661
10	85	0.757244
10	98	2.15632
10	111	0.713198
10	123	2.20214
10	132	0.710227
10	154	0.72094
10	167	0.714742
10	172	0.730506
10	173	0.719336
10	178	0.711443
10	180	0.698856
11	1	2.33487
11	2	1.16061
11	159	1.09637
11	167	0.80344
11	168	0.819068
11	169	0.777551
11	171	0.782461
11	172	0.819204
11	173	0.808034
11	176	0.802974
11	178	0.800142
11	180	0.787555
12	55	0.700186
12	87	2.528
12	94	0.714575
12	99	0.71229
12	101	0.712198
12	118	0.718289
12	122	0.713434
12	124	0.713434
12	126	0.739521
12	162	0.721997
12	172	2.70439
12	179	0.754186
13	71	0.828916
13	130	1.77801
13	144	0.809209
13	155	0.822526
13	157	0.824552
13	158	1.68958
13	159	0.816568
13	163	0.766986
13	165	0.824259
13	170	1.96433
13	174	0.745671
13	177	0.761429
14	60	0.707259
14	103	0.7299
14	129	0.702454
14	131	0.706659
14	139	0.719869
14	145	0.73279
14	146	2.76818
14	153	2.45874
14	154	0.724763
14	155	0.72687
14	159	0.720913
14	165	0.728604
15	56	0.719989
15	71	0.737387
15	77	2.29342
15	113	0.746454
15	142	0.646832
15	147	0.72781
15	148	2.92816
15	157	0.733023
15	159	0.72504
15	161	0.731289
15	162	0.740789
15	164	0.691297
16	52	0.69861
16	55	0.701962
16	99	0.714065
16	100	2.85007
16	101	0.713973
16	118	0.720064
16	122	0.715209
16	124	0.715209
16	126	0.741296
16	162	0.723772
16	170	2.4172
16	179	0.755961
17	103	0.723473
17	107	0.754155
17	131	0.700232
17	144	0.707127
17	145	0.726364
17	152	2.71245
17	155	0.720444
17	164	0.680744
17	165	0.722177
17	171	2.92352
17	174	0.643588
17	177	0.659347
17	179	0.762424
18	88	0.700005
18	98	0.709555
18	106	0.700447
18	112	0.733783
18	123	0.714049
18	133	0.714626
18	134	0.711564
18	136	0.700517
18	138	0.711296
18	143	2.77219
18	150	0.688332
18	161	0.715739
18	167	2.85729
19	81	2.37458
19	83	2.42037
19	158	0.734515
19	166	0.710124
19	167	0.708429
19	168	0.724057
19	169	0.68254
19	170	0.711152
19	173	0.713023
19	175	0.710963
19	176	0.707963
19	178	0.705131
19	180	0.692543
20	25	4.86071
20	120	0.670191
20	144	0.646839
20	157	0.662181
20	158	0.677935
20	164	0.620455
20	169	0.62596
20	170	0.654573
20	173	0.656443
20	177	0.599059
20	178	0.648551
20	179	0.702135
20	180	0.635964
21	89	2.23725
21	151	0.731858
21	163	0.665626
21	165	2.54581
21	166	0.714555
21	167	0.71286
21	170	0.715583
21	171	0.69188
21	172	0.728624
21	173	0.717454
21	175	0.715393
21	178	0.709561
21	180	0.696974
22	35	0.736073
22	90	0.818116
22	98	0.789074
22	106	0.779966
22	114	0.77748
22	116	0.76812
22	117	0.778271
22	133	0.794146
22	138	0.790815
22	150	0.767851
22	156	1.81368
22	168	1.93767
22	175	2.10379
23	42	0.788336
23	54	0.771992
23	92	0.766192
23	137	2.29261
23	148	1.9905
23	154	0.793252
23	158	1.56943
23	159	0.789401
23	161	0.795651
23	162	0.80515
23	174	0.718503
23	177	0.734262
23	179	0.837339
24	57	0.762209
24	67	0.742396
24	113	0.79558
24	135	0.768781
24	140	1.78984
24	145	0.786043
24	147	0.776936
24	148	2.10121
24	159	0.774166
24	162	0.789915
24	165	0.781857
24	170	1.95488
24	179	0.822104
25	20	4.86071
25	30	0.651695
25	68	0.669638
25	94	0.712224
25	99	0.709939
25	101	0.709846
25	111	0.613386
25	118	0.715937
25	122	0.711083
25	124	0.711083
25	126	0.73717
25	162	0.719646
25	179	0.751834
26	28	0.745549
26	39	0.738083
26	91	0.81022
26	95	2.65952
26	106	0.780243
26	112	0.81358
26	117	0.778548
26	123	0.793845
26	127	0.780588
26	138	0.791092
26	150	0.768129
26	171	1.6473
26	173	1.55416
27	146	0.728002
27	147	2.57162
27	162	2.21505
27	163	0.666735
27	167	0.713968
27	168	0.729597
27	169	0.688079
27	170	0.716692
27	173	0.718562
27	175	0.716502
27	176	0.713503
27	178	0.71067
27	180	0.698083
28	26	0.745549
28	48	2.21482
28	74	0.71791
28	112	0.72794
28	116	0.682757
28	117	0.692908
28	123	0.708206
28	127	0.694948
28	133	0.708783
28	134	0.705721
28	138	0.705453
28	161	0.709896
28	164	3.42303
29	57	1.84058
29	92	2.11039
29	115	0.773572
29	133	0.573161
29	141	0.80169
29	160	0.79106
29	171	0.757835
29	172	0.794579
29	173	0.783408
29	175	0.781348
29	176	0.778349
29	178	0.775516
29	180	0.762929
30	25	0.651695
30	33	0.702614
30	76	0.746585
30	94	0.703507
30	99	0.701222
30	118	0.707221
30	122	0.702367
30	124	0.702366
30	126	0.728453
30	162	0.710929
30	164	3.18757
30	166	2.45207
30	179	0.743118
31	37	0.764363
31	41	0.691574
31	52	0.748163
31	96	1.63066
31	99	0.763618
31	101	0.763526
31	118	0.769617
31	122	0.764763
31	124	0.764762
31	126	0.790849
31	160	1.91429
31	162	0.773325
31	164	2.70427
31	179	0.805514
32	103	2.75965
32	112	2.39713
32	122	0.706786
32	124	0.706786
32	126	0.732873
32	142	0.621392
32	162	0.715348
32	167	0.697251
32	171	0.676272
32	172	0.713015
32	173	0.701845
32	175	0.699785
32	179	0.747537
32	180	0.681366
33	30	0.702614
33	49	0.760456
33	53	1.77579
33	94	0.763144
33	99	0.760859
33	101	0.760766
33	118	0.766857
33	122	0.762003
33	124	0.762003
33	126	0.78809
33	137	1.66511
33	162	0.770565
33	177	2.87215
33	179	0.802754
34	44	0.705104
34	47	2.83137
34	74	0.712125
34	112	0.722155
34	114	0.686332
34	117	0.687123
34	123	0.70242
34	127	0.689163
34	133	0.702998
34	134	0.699936
34	136	0.688889
34	138	0.699667
34	149	3.1768
34	161	0.704111
35	22	0.736073
35	76	0.745851
35	88	0.684963
35	98	0.694512
35	117	0.683709
35	121	0.700278
35	123	0.699006
35	125	3.1116
35	127	0.685749
35	133	0.699584
35	138	0.696253
35	150	0.67329
35	161	0.700696
35	171	2.93459
36	121	1.78197
36	147	1.77635
36	149	0.776237
36	151	0.786008
36	162	1.41979
36	163	0.719775
36	167	0.767009
36	171	0.74603
36	172	0.782773
36	173	0.771603
36	175	0.769543
36	176	0.766543
36	178	0.763711
36	180	0.751124
37	31	0.764363
37	52	0.744755
37	68	0.71991
37	94	0.762496
37	99	0.760211
37	118	0.766209
37	122	0.761355
37	124	0.761355
37	126	0.787442
37	151	1.95874
37	162	0.769917
37	167	2.09919
37	172	2.18698
37	179	0.802106
38	41	0.693692
38	68	0.725436
38	94	0.768022
38	99	0.765737
38	101	0.765645
38	118	0.771736
38	122	0.766882
38	124	0.766881
38	126	0.792968
38	162	0.775444
38	163	2.76924
38	169	2.03374
38	175	1.47472
38	179	0.807633
39	26	0.738083
39	70	2.55704
39	88	0.686696
39	90	0.725287
39	91	0.717113
39	114	0.684651
39	116	0.675291
39	117	0.685441
39	127	0.687482
39	133	0.701316
39	134	0.698255
39	138	0.697986
39	161	0.702429
39	178	3.46062
40	75	0.769882
40	78	0.763438
40	89	0.792614
40	103	0.762429
40	110	1.74323
40	131	0.739188
40	139	0.752399
40	145	0.76532
40	155	0.7594
40	159	0.753443
40	165	0.761134
40	170	2.32308
40	171	2.58026
40	174	0.682545
40	177	0.698304
41	31	0.691574
41	38	0.693692
41	43	0.681174
41	52	0.671966
41	55	0.675318
41	99	0.687422
41	101	0.687329
41	115	2.94907
41	118	0.69342
41	122	0.688566
41	124	0.688566
41	126	0.714653
41	162	0.697128
41	175	3.46276
41	179	0.729317
42	23	0.788336
42	71	0.758664
42	82	2.65898
42	86	0.738032
42	96	1.87221
42	119	0.762735
42	130	2.07722
42	147	0.749087
42	155	0.752274
42	159	0.746316
42	161	0.752566
42	164	0.712574
42	165	0.754007
42	177	0.691177
42	179	0.794254
43	41	0.681174
43	52	0.737763
43	68	0.712917
43	94	0.755504
43	99	0.753219
43	101	0.753126
43	111	1.95554
43	118	0.759217
43	122	0.754363
43	124	0.754363
43	126	0.78045
43	162	0.762925
43	163	2.24431
43	177	2.55046
43	179	0.795114
44	6	4.60443
44	34	0.705104
44	98	0.754691
44	106	0.745583
44	112	0.778919
44	114	0.743097
44	116	0.733737
44	123	0.759185
44	127	0.745927
44	133	0.759762
44	134	0.756701
44	138	0.756432
44	149	0.822175
44	161	0.760875
44	172	0.992179
45	113	0.776812
45	121	0.761229
45	129	0.736938
45	131	0.741143
45	144	0.748038
45	145	0.767274
45	147	0.758168
45	154	0.759248
45	165	0.763088
45	170	2.07351
45	173	2.23755
45	174	0.684499
45	177	0.700258
45	179	0.803335
45	180	2.34308
46	57	0.738409
46	83	0.756937
46	107	0.790034
46	119	0.766785
46	131	0.736112
46	136	0.741394
46	139	0.749322
46	141	1.78652
46	147	0.753137
46	155	0.756324
46	157	0.75835
46	165	0.758057
46	167	2.41639
46	168	2.4333
46	177	0.695227
47	34	2.83137
47	151	0.769286
47	153	0.761678
47	158	0.776374
47	162	1.51416
47	166	0.751983
47	167	0.750288
47	169	0.724399
47	170	0.753011
47	171	0.729308
47	175	0.752822
47	176	0.749822
47	178	0.746989
47	179	1.22609
47	180	0.734402
48	28	2.21482
48	78	1.77313
48	140	0.763944
48	163	0.708206
48	165	1.58805
48	166	0.757134
48	168	0.771068
48	169	0.72955
48	170	0.758163
48	171	0.73446
48	172	0.771203
48	173	0.760033
48	176	0.754974
48	178	0.752141
48	180	0.739554
49	33	0.760456
49	68	0.718763
49	87	1.97283
49	94	0.761349
49	99	0.759064
49	101	0.758971
49	118	0.765063
49	122	0.760208
49	124	0.760208
49	126	0.786295
49	156	1.95435
49	162	0.768771
49	176	2.33268
49	179	0.80096
50	101	2.06414
50	155	2.05454
50	156	0.762789
50	160	0.750968
50	166	0.740418
50	167	0.738722
50	169	0.712833
50	170	0.741446
50	171	0.717743
50	172	0.754487
50	173	0.743316
50	175	0.741256
50	176	0.738257
50	178	0.735424
50	179	1.63278
50	180	0.722837
51	93	2.32182
51	114	0.727429
51	117	0.72822
51	121	0.744789
51	123	0.743517
51	133	0.744094
51	134	0.741033
51	138	0.740764
51	154	0.742808
51	157	0.746941
51	159	0.738957
51	165	0.746648
51	167	2.17909
51	171	2.56449
51	174	0.668059
51	179	0.786895
52	16	0.69861
52	31	0.748163
52	37	0.744755
52	41	0.671966
52	43	0.737763
52	68	0.70371
52	101	0.743918
52	118	0.75001
52	122	0.745155
52	124	0.745155
52	126	0.771242
52	130	2.0187
52	162	0.753718
52	169	2.81884
52	170	2.20502
52	179	0.785907
53	33	1.77579
53	99	2.33827
53	133	1.82568
53	149	0.750578
53	156	0.765417
53	160	0.753596
53	168	0.756979
53	169	0.715461
53	170	0.744074
53	171	0.720371
53	172	0.757115
53	175	0.743884
53	176	0.740885
53	177	0.68856
53	178	0.738052
53	180	0.725465
54	23	0.771992
54	61	0.765181
54	78	0.739967
54	104	0.73036
54	113	0.751387
54	119	0.746391
54	132	0.72311
54	139	0.728928
54	146	2.24559
54	157	0.737956
54	158	2.12594
54	159	0.729972
54	165	0.737663
54	174	0.659075
54	179	0.77791
54	180	2.67024
55	12	0.700186
55	16	0.701962
55	41	0.675318
55	68	0.707062
55	94	0.749648
55	99	0.747363
55	101	0.74727
55	118	0.753362
55	122	0.748507
55	124	0.748507
55	126	0.774594
55	156	1.44346
55	162	0.75707
55	173	1.84281
55	174	3.78038
55	179	0.789259
56	15	0.719989
56	69	0.712484
56	71	0.754679
56	78	0.752326
56	89	0.781502
56	92	0.719122
56	107	0.782
56	135	0.736946
56	136	0.733359
56	142	0.664124
56	143	2.10774
56	147	0.745102
56	155	0.748289
56	165	0.750022
56	173	2.4851
56	176	2.46408
57	24	0.762209
57	29	1.84058
57	46	0.738409
57	60	0.721771
57	100	0.708104
57	132	0.728562
57	135	0.73004
57	144	0.728066
57	147	0.738195
57	154	0.739275
57	157	0.743408
57	159	0.735425
57	165	0.743116
57	167	2.40576
57	175	2.58879
57	179	0.783363
58	64	1.93219
58	66	2.62353
58	67	0.722829
58	69	0.724751
58	104	0.754986
58	111	0.750707
58	144	0.74724
58	147	0.757369
58	151	2.47585
58	154	0.758449
58	157	0.762582
58	159	0.754599
58	164	0.720856
58	165	0.76229
58	174	0.683701
58	177	0.69946
59	8	2.44005
59	62	0.763838
59	76	0.778671
59	90	0.756374
59	91	0.748201
59	96	2.0729
59	112	0.751561
59	116	0.706378
59	117	0.716529
59	121	0.733098
59	123	0.731826
59	127	0.718569
59	133	0.732404
59	138	0.729073
59	146	2.30915
59	161	0.733516
60	14	0.707259
60	57	0.721771
60	80	0.773546
60	81	0.735335
60	119	0.750146
60	120	0.749721
60	131	0.719473
60	136	0.724756
60	141	1.96254
60	147	0.736498
60	154	0.737578
60	155	0.739685
60	163	0.684146
60	165	0.741418
60	167	2.59241
60	173	2.88468
60	177	0.678589
61	54	0.765181
61	97	1.66839
61	107	0.822259
61	113	0.804005
61	120	0.798584
61	128	1.7304
61	131	0.768337
61	136	0.773619
61	137	2.48346
61	145	0.794468
61	154	0.786441
61	155	0.788548
61	156	1.79971
61	159	0.782591
61	162	0.79834
61	165	0.790282
61	177	0.727452
62	59	0.763838
62	63	0.707488
62	74	0.798218
62	88	0.77447
62	91	0.804888
62	112	0.808248
62	114	0.772425
62	116	0.763065
62	123	0.788513
62	127	0.775256
62	133	0.789091
62	134	0.786029
62	138	0.78576
62	161	0.790203
62	173	1.1914
62	174	3.12897
62	177	2.68284
63	62	0.707488
63	104	2.0501
63	112	1.1693
63	131	2.21528
63	146	0.797862
63	148	0.77471
63	156	0.807895
63	166	0.785523
63	167	0.783828
63	168	0.799457
63	169	0.757939
63	170	0.786552
63	173	0.788422
63	175	0.786362
63	176	0.783363
63	178	0.78053
63	180	0.767943
64	58	1.93219
64	107	1.17946
64	120	1.34173
64	144	1.70058
64	148	0.780462
64	164	0.758186
64	166	0.791276
64	168	0.805209
64	169	0.763691
64	170	0.792304
64	171	0.768601
64	172	0.805345
64	173	0.794174
64	175	0.792114
64	176	0.789115
64	178	0.786282
64	180	0.773695
65	93	0.7546
65	96	0.749375
65	120	1.92642
65	129	2.38794
65	148	0.724384
65	162	1.84238
65	166	0.735197
65	167	0.733502
65	169	0.707613
65	170	0.736226
65	171	0.712523
65	172	0.749266
65	175	0.736036
65	176	0.733036
65	177	0.680711
65	178	0.730204
65	180	0.717617
66	58	2.62353
66	75	1.90423
66	140	0.726485
66	149	0.727208
66	158	0.744066
66	159	2.2495
66	160	0.730226
66	167	0.71798
66	168	0.733608
66	169	0.692091
66	170	0.720704
66	171	0.697001
66	172	0.733744
66	173	0.722574
66	175	0.720514
66	176	0.717514
66	178	0.714682
66	180	0.702095
67	24	0.742396
67	58	0.722829
67	83	0.722183
67	89	0.754783
67	97	2.42492
67	107	0.75528
67	132	0.708749
67	139	0.714568
67	144	0.708253
67	147	0.718382
67	157	0.723595
67	159	0.715612
67	164	0.681869
67	165	0.723303
67	167	2.66333
67	174	0.644714
67	178	2.76475
67	179	0.76355
68	25	0.669638
68	37	0.71991
68	38	0.725436
68	43	0.712917
68	49	0.718763
68	52	0.70371
68	55	0.707062
68	94	0.72145
68	101	0.719073
68	118	0.725164
68	122	0.72031
68	124	0.720309
68	126	0.746396
68	140	1.79775
68	142	4.36725
68	151	1.69411
68	162	0.728872
68	179	0.761061
69	56	0.712484
69	58	0.724751
69	71	0.729882
69	75	0.733974
69	83	0.724105
69	92	0.694325
69	107	0.757203
69	132	0.710672
69	141	2.05407
69	145	0.729412
69	154	0.721385
69	155	0.723492
69	159	0.717534
69	162	0.733283
69	165	0.725225
69	168	2.70085
69	177	0.662396
69	180	3.08173
70	39	2.55704
70	80	1.14474
70	119	1.37643
70	128	0.771841
70	140	0.781499
70	147	1.49619
70	152	0.772918
70	160	0.78524
70	167	0.772994
70	168	0.788622
70	169	0.747105
70	170	0.775718
70	171	0.752015
70	173	0.777588
70	175	0.775528
70	176	0.772528
70	178	0.769696
70	180	0.757109
71	13	0.828916
71	15	0.737387
71	42	0.758664
71	56	0.754679
71	69	0.729882
71	100	0.732408
71	129	0.74127
71	135	0.754344
71	147	0.7625
71	154	0.76358
71	157	0.767713
71	159	0.759729
71	161	0.765979
71	162	0.775478
71	165	0.76742
71	171	2.21527
71	176	2.10111
71	178	1.93129
71	180	2.22766
72	104	1.98007
72	124	1.39423
72	137	0.766053
72	145	1.65175
72	149	0.776674
72	152	0.76737
72	161	1.70012
72	166	0.769142
72	168	0.783075
72	170	0.77017
72	171	0.746467
72	172	0.783211
72	173	0.772041
72	174	0.698897
72	175	0.76998
72	176	0.766981
72	177	0.714656
72	178	0.764148
72	180	0.751561
73	7	7.2
73	137	0.637252
73	142	0.562786
73	146	0.652679
73	148	0.629527
73	149	0.647873
73	151	0.657644
73	160	0.650891
73	167	0.638645
73	168	0.654273
73	169	0.612756
73	170	0.641369
73	171	0.617666
73	172	0.654409
73	173	0.643239
73	175	0.641179
73	178	0.635347
73	180	0.622759
74	28	0.71791
74	34	0.712125
74	62	0.798218
74	88	0.752162
74	90	0.790754
74	91	0.78258
74	98	0.761712
74	106	0.752604
74	117	0.750908
74	123	0.766206
74	127	0.752948
74	133	0.766783
74	134	0.763721
74	138	0.763453
74	143	2.08627
74	152	2.3457
74	153	1.83506
74	160	2.19189
74	161	0.767896
75	7	0.733436
75	40	0.769882
75	66	1.90423
75	69	0.733974
75	103	0.772808
75	113	0.785236
75	129	0.745362
75	131	0.749567
75	135	0.758437
75	136	0.75485
75	139	0.762778
75	144	0.756463
75	157	0.771805
75	159	0.763822
75	161	0.770071
75	165	0.771512
75	171	2.2824
75	172	1.98479
75	175	2.08002
76	30	0.746585
76	35	0.745851
76	59	0.778671
76	93	1.25046
76	94	0.807114
76	111	2.29651
76	112	0.823081
76	116	0.777898
76	118	0.810828
76	122	0.805973
76	123	0.803346
76	124	0.805973
76	126	0.83206
76	134	0.800862
76	137	1.68439
76	138	0.800593
76	162	0.814536
76	163	2.58528
76	176	1.37897
76	179	0.846725
77	15	2.29342
77	139	1.74664
77	143	0.748522
77	146	0.767605
77	148	0.744453
77	149	0.762799
77	155	1.71531
77	157	1.6047
77	160	0.765817
77	168	0.7692
77	169	0.727683
77	170	0.756295
77	171	0.732592
77	172	0.769336
77	173	0.758166
77	175	0.756105
77	176	0.753106
77	177	0.700781
77	178	0.750273
77	180	0.737686
78	40	0.763438
78	48	1.77313
78	54	0.739967
78	56	0.752326
78	81	0.758985
78	104	0.757764
78	129	0.738918
78	132	0.750514
78	144	0.750018
78	154	0.761227
78	156	2.06375
78	157	0.76536
78	159	0.757377
78	163	0.707795
78	164	0.723634
78	165	0.765068
78	166	2.24583
78	177	0.702238
78	179	0.805315
78	180	2.56863
79	100	0.640242
79	117	3.79548
79	137	0.663822
79	151	0.684214
79	152	0.665138
79	153	0.676605
79	157	4.18624
79	160	0.677461
79	164	0.633821
79	166	0.66691
79	167	0.665215
79	168	0.680843
79	169	0.639326
79	170	0.667938
79	171	0.644235
79	172	0.680979
79	173	0.669809
79	175	0.667749
79	176	0.664749
79	178	0.661917
79	180	0.649329
80	60	0.773546
80	70	1.14474
80	89	0.826371
80	119	0.803619
80	120	0.803194
80	128	1.7705
80	129	0.768741
80	135	0.781815
80	139	0.786156
80	145	0.799078
80	147	0.789971
80	154	0.791051
80	157	0.795184
80	162	0.802949
80	165	0.794891
80	170	2.07513
80	172	2.0347
80	173	2.23916
80	174	0.716303
80	177	0.732061
80	179	0.835138
81	19	2.37458
81	60	0.735335
81	78	0.758985
81	83	0.755561
81	92	0.725781
81	102	2.25013
81	107	0.788658
81	135	0.743605
81	139	0.747946
81	144	0.741631
81	145	0.760867
81	154	0.75284
81	155	0.754947
81	157	0.756973
81	158	2.09752
81	159	0.74899
81	163	0.699408
81	165	0.75668
81	166	2.31904
81	174	0.678092
81	177	0.693851
82	42	2.65898
82	95	0.64831
82	128	0.704088
82	130	0.721405
82	143	0.700191
82	147	2.82203
82	151	0.724239
82	158	0.731326
82	165	2.50942
82	166	0.706936
82	167	0.70524
82	168	0.720869
82	169	0.679351
82	170	0.707964
82	171	0.684261
82	173	0.709834
82	175	0.707774
82	176	0.704775
82	177	0.65245
82	178	0.701942
82	180	0.689355
83	10	0.723661
83	19	2.42037
83	46	0.756937
83	67	0.722183
83	69	0.724105
83	81	0.755561
83	84	2.09742
83	113	0.775367
83	121	0.759785
83	125	0.726038
83	129	0.735494
83	135	0.748568
83	139	0.752909
83	155	0.75991
83	157	0.761936
83	158	2.14331
83	159	0.753953
83	165	0.761644
83	166	2.36482
83	174	0.683055
83	177	0.698814
84	83	2.09742
84	121	2.11157
84	141	0.763453
84	143	0.735527
84	146	0.754611
84	153	0.751968
84	157	1.77248
84	160	0.752823
84	163	0.693344
84	165	1.79335
84	166	0.742273
84	167	0.740577
84	168	0.756206
84	170	0.743301
84	171	0.719598
84	172	0.756342
84	173	0.745171
84	175	0.743111
84	176	0.740112
84	178	0.737279
84	180	0.724692
85	10	0.757244
85	90	0.816643
85	93	1.86195
85	98	0.787601
85	100	0.760215
85	106	0.778493
85	127	0.778838
85	131	0.773281
85	133	0.792673
85	134	0.789611
85	136	0.778564
85	138	0.789342
85	139	0.786492
85	147	0.790306
85	154	0.791386
85	161	0.793785
85	166	1.79423
85	175	1.90225
85	178	1.82065
85	179	0.835473
85	180	2.11702
86	9	1.77362
86	42	0.738032
86	104	0.739485
86	105	2.69527
86	107	0.778766
86	119	0.755516
86	131	0.724844
86	132	0.732235
86	135	0.733713
86	136	0.730126
86	142	0.66089
86	144	0.731739
86	145	0.750975
86	153	2.3199
86	154	0.742948
86	155	0.745055
86	159	0.739098
86	162	0.754847
86	163	0.689516
86	164	0.705355
86	165	0.746789
86	168	2.67311
87	12	2.528
87	49	1.97283
87	107	1.77496
87	136	2.08961
87	137	0.73696
87	151	0.757352
87	152	0.738276
87	153	0.749743
87	158	0.764439
87	166	0.740048
87	168	0.753981
87	169	0.712464
87	170	0.741076
87	171	0.717373
87	172	0.754117
87	173	0.742947
87	174	0.669803
87	175	0.740887
87	176	0.737887
87	177	0.685562
87	178	0.735055
87	180	0.722467
88	18	0.700005
88	35	0.684963
88	39	0.686696
88	62	0.77447
88	74	0.752162
88	90	0.767006
88	91	0.758833
88	98	0.737964
88	106	0.728856
88	114	0.72637
88	116	0.71701
88	117	0.727161
88	123	0.742458
88	127	0.729201
88	133	0.743036
88	134	0.739974
88	138	0.739705
88	142	4.3362
88	146	1.77665
88	153	1.46721
88	161	0.744148
88	173	2.09577
89	21	2.23725
89	40	0.792614
89	56	0.781502
89	67	0.754783
89	80	0.826371
89	92	0.763344
89	119	0.802971
89	125	0.758638
89	129	0.768093
89	132	0.77969
89	142	0.708345
89	146	1.65033
89	147	0.789323
89	149	1.59498
89	154	0.790403
89	157	0.794536
89	159	0.786553
89	161	0.792803
89	165	0.794244
89	166	1.75219
89	169	2.41924
89	174	0.715655
90	22	0.818116
90	39	0.725287
90	59	0.756374
90	74	0.790754
90	85	0.816643
90	88	0.767006
90	98	0.776555
90	106	0.767447
90	112	0.800784
90	116	0.755601
90	123	0.781049
90	127	0.767792
90	133	0.781627
90	134	0.778565
90	138	0.778296
90	150	0.755333
90	161	0.782739
90	163	2.61382
90	164	1.94678
90	167	1.13627
90	175	1.3193
90	177	2.91997
91	26	0.81022
91	39	0.717113
91	59	0.748201
91	62	0.804888
91	74	0.78258
91	88	0.758833
91	98	0.768382
91	112	0.79261
91	114	0.756788
91	116	0.747428
91	117	0.757578
91	121	0.774148
91	127	0.759618
91	134	0.770392
91	136	0.759344
91	138	0.770123
91	150	0.747159
91	156	1.49041
91	158	1.45098
91	161	0.774566
91	163	3.07505
91	164	2.408
91	173	1.88976
92	23	0.766192
92	29	2.11039
92	56	0.719122
92	69	0.694325
92	81	0.725781
92	89	0.763344
92	100	0.696852
92	109	2.53297
92	113	0.745587
92	119	0.740591
92	140	2.63876
92	144	0.716814
92	145	0.73605
92	147	0.726943
92	154	0.728023
92	155	0.73013
92	156	2.56849
92	157	0.732156
92	161	0.730423
92	163	0.674591
92	165	0.731864
92	177	0.669034
92	179	0.772111
93	51	2.32182
93	65	0.7546
93	76	1.25046
93	85	1.86195
93	105	0.759179
93	127	1.63555
93	143	0.758734
93	151	0.782782
93	152	0.763707
93	153	0.775174
93	158	0.789869
93	162	2.08452
93	167	0.763784
93	168	0.779412
93	169	0.737894
93	170	0.766507
93	171	0.742804
93	172	0.779548
93	173	0.768377
93	174	0.695234
93	176	0.763318
93	177	0.710993
93	178	0.760485
93	180	0.747898
94	12	0.714575
94	25	0.712224
94	30	0.703507
94	33	0.763144
94	37	0.762496
94	38	0.768022
94	43	0.755504
94	49	0.761349
94	55	0.749648
94	68	0.72145
94	76	0.807114
94	99	0.761752
94	101	0.761659
94	110	1.21425
94	118	0.76775
94	122	0.762896
94	124	0.762896
94	125	2.22829
94	126	0.788983
94	162	0.771458
94	172	1.75367
94	177	3.44957
94	179	0.803647
94	180	2.06367
95	26	2.65952
95	82	0.64831
95	98	3.00013
95	111	0.684212
95	125	0.660189
95	139	3.50444
95	141	0.70863
95	148	0.676637
95	152	0.685679
95	153	0.697145
95	156	0.709822
95	158	0.711841
95	160	0.698001
95	166	0.68745
95	168	0.701383
95	169	0.659866
95	170	0.688479
95	171	0.664776
95	172	0.701519
95	173	0.690349
95	175	0.688289
95	176	0.685289
95	178	0.682457
95	180	0.66987
96	31	1.63066
96	42	1.87221
96	59	2.0729
96	65	0.749375
96	136	1.91511
96	140	0.767064
96	141	0.781434
96	148	0.74944
96	151	0.777557
96	153	0.769949
96	156	0.782625
96	160	0.770804
96	162	1.67869
96	166	0.760254
96	169	0.732669
96	170	0.761282
96	171	0.737579
96	172	0.774323
96	173	0.763152
96	175	0.761092
96	176	0.758093
96	177	0.705768
96	178	0.75526
96	180	0.742673
97	61	1.66839
97	67	2.42492
97	127	1.25441
97	130	0.774245
97	137	0.756687
97	139	1.86842
97	140	0.766585
97	149	0.767308
97	151	0.777079
97	153	0.76947
97	157	1.72647
97	158	0.784166
97	166	0.759775
97	168	0.773708
97	169	0.732191
97	170	0.760803
97	171	0.737101
97	172	0.773844
97	173	0.762674
97	174	0.68953
97	175	0.760614
97	176	0.757614
97	178	0.754782
97	180	0.742194
98	10	2.15632
98	18	0.709555
98	22	0.789074
98	35	0.694512
98	44	0.754691
98	74	0.761712
98	85	0.787601
98	88	0.737964
98	90	0.776555
98	91	0.768382
98	95	3.00013
98	112	0.771742
98	114	0.735919
98	116	0.726559
98	117	0.73671
98	121	0.753279
98	123	0.752007
98	127	0.73875
98	133	0.752585
98	134	0.749523
98	138	0.749254
98	151	1.46206
98	160	1.62304
98	161	0.753698
98	164	2.41302
99	12	0.71229
99	16	0.714065
99	25	0.709939
99	30	0.701222
99	31	0.763618
99	33	0.760859
99	37	0.760211
99	38	0.765737
99	41	0.687422
99	43	0.753219
99	49	0.759064
99	53	2.33827
99	55	0.747363
99	94	0.761752
99	101	0.759374
99	118	0.765465
99	122	0.760611
99	124	0.760611
99	126	0.786698
99	150	1.9435
99	162	0.769173
99	164	2.46144
99	169	2.39298
99	172	1.73873
99	179	0.801362
100	16	2.85007
100	57	0.708104
100	71	0.732408
100	79	0.640242
100	85	0.760215
100	92	0.696852
100	103	0.729048
100	114	2.09427
100	116	2.23381
100	131	0.705807
100	134	2.10239
100	135	0.714676
100	139	0.719017
100	141	0.740588
100	154	0.723911
100	160	0.729958
100	168	0.733341
100	169	0.691824
100	172	0.733477
100	173	0.722307
100	175	0.720247
100	176	0.717247
100	177	0.664922
100	178	0.714414
100	180	0.701827
101	12	0.712198
101	16	0.713973
101	25	0.709846
101	31	0.763526
101	33	0.760766
101	38	0.765645
101	41	0.687329
101	43	0.753126
101	49	0.758971
101	50	2.06414
101	52	0.743918
101	55	0.74727
101	68	0.719073
101	94	0.761659
101	99	0.759374
101	118	0.765373
101	122	0.760518
101	124	0.760518
101	126	0.786605
101	151	1.94463
101	160	2.1056
101	162	0.769081
101	175	2.26811
101	179	0.80127
101	180	2.48287
102	81	2.25013
102	126	1.79353
102	130	0.764959
102	133	1.14444
102	146	0.762828
102	149	0.758022
102	152	0.748718
102	153	0.760184
102	156	0.772861
102	158	0.77488
102	162	1.94789
102	165	1.99185
102	166	0.750489
102	167	0.748794
102	168	0.764423
102	169	0.722905
102	170	0.751518
102	171	0.727815
102	172	0.764559
102	173	0.753388
102	175	0.751328
102	176	0.748329
102	177	0.696004
102	178	0.745496
102	180	0.732909
103	14	0.7299
103	17	0.723473
103	32	2.75965
103	40	0.762429
103	75	0.772808
103	100	0.729048
103	104	0.756756
103	113	0.777783
103	129	0.737909
103	137	2.30013
103	139	0.755325
103	147	0.759139
103	150	2.01604
103	152	1.8978
103	155	0.762326
103	157	0.764352
103	159	0.756369
103	161	0.762619
103	162	0.772118
103	164	0.722626
103	165	0.764059
103	174	0.685471
103	175	1.9065
103	177	0.70123
103	179	0.804306
104	54	0.73036
104	58	0.754986
104	63	2.0501
104	72	1.98007
104	78	0.757764
104	86	0.739485
104	103	0.756756
104	113	0.769184
104	120	0.763763
104	125	0.719855
104	131	0.733515
104	132	0.740906
104	135	0.742384
104	144	0.74041
104	147	0.75054
104	156	2.13467
104	159	0.747769
104	160	2.26227
104	161	0.754019
104	162	0.763518
104	164	0.714026
104	165	0.75546
104	171	2.62715
104	174	0.676871
104	177	0.69263
104	179	0.795707
105	86	2.69527
105	93	0.759179
105	114	1.57224
105	118	1.31225
105	136	2.21729
105	137	0.736688
105	146	0.752115
105	149	0.747309
105	151	0.75708
105	152	0.738004
105	156	0.762148
105	158	0.764167
105	160	0.750327
105	166	0.739776
105	167	0.738081
105	168	0.753709
105	169	0.712192
105	170	0.740805
105	171	0.717102
105	172	0.753845
105	173	0.742675
105	175	0.740615
105	176	0.737615
105	178	0.734783
105	179	1.6928
105	180	0.722195
106	18	0.700447
106	22	0.779966
106	26	0.780243
106	44	0.745583
106	74	0.752604
106	85	0.778493
106	88	0.728856
106	90	0.767447
106	112	0.762634
106	114	0.726811
106	116	0.717451
106	117	0.727602
106	121	0.744171
106	123	0.742899
106	127	0.729642
106	133	0.743477
106	134	0.740415
106	136	0.729368
106	138	0.740146
106	150	0.717183
106	161	0.74459
106	166	1.89331
106	167	1.81831
106	173	2.11057
106	176	2.08955
106	177	3.60201
107	1	0.759778
107	17	0.754155
107	46	0.790034
107	56	0.782
107	61	0.822259
107	64	1.17946
107	67	0.75528
107	69	0.757203
107	81	0.788658
107	86	0.778766
107	87	1.77496
107	120	0.803044
107	129	0.768591
107	135	0.781665
107	139	0.786006
107	144	0.779692
107	146	1.83671
107	154	0.790901
107	159	0.78705
107	164	0.753308
107	165	0.794741
107	171	2.24897
107	177	0.731911
107	178	1.96499
107	179	0.834988
107	180	2.26136
108	4	0.70682
108	128	0.719985
108	137	0.719744
108	138	2.12724
108	145	2.21186
108	153	0.732528
108	158	0.747223
108	159	2.5407
108	160	0.733383
108	161	2.26023
108	164	0.689743
108	166	0.722833
108	167	0.721138
108	168	0.736766
108	169	0.695248
108	170	0.723861
108	171	0.700158
108	172	0.736902
108	173	0.725731
108	174	0.652588
108	175	0.723671
108	176	0.720672
108	177	0.668347
108	178	0.717839
108	180	0.705252
109	92	2.53297
109	113	1.72014
109	125	0.713341
109	128	0.737755
109	140	0.747413
109	143	0.733858
109	145	1.77083
109	148	0.729789
109	149	0.748135
109	152	0.738831
109	158	0.764993
109	159	2.09967
109	160	0.751153
109	161	1.8192
109	163	0.691674
109	166	0.740603
109	167	0.738908
109	168	0.754536
109	169	0.713018
109	170	0.741631
109	171	0.717928
109	172	0.754672
109	173	0.743501
109	175	0.741441
109	176	0.738442
109	178	0.735609
109	180	0.723022
110	40	1.74323
110	94	1.21425
110	121	1.85234
110	135	1.82809
110	137	0.776898
110	138	1.37718
110	143	0.773241
110	144	1.93305
110	146	0.792325
110	148	0.769173
110	153	0.789682
110	158	0.804377
110	160	0.790537
110	164	0.746897
110	166	0.779987
110	167	0.778291
110	169	0.752402
110	170	0.781015
110	171	0.757312
110	172	0.794056
110	173	0.782885
110	174	0.709742
110	175	0.780825
110	176	0.777826
110	177	0.725501
110	178	0.774993
110	180	0.762406
111	10	0.713198
111	25	0.613386
111	43	1.95554
111	58	0.750707
111	76	2.29651
111	95	0.684212
111	114	2.72195
111	120	0.759484
111	131	0.729236
111	134	2.73008
111	136	0.734518
111	155	0.749448
111	156	0.765209
111	157	0.751474
111	159	0.74349
111	160	0.753388
111	163	0.693908
111	166	0.742837
111	169	0.715253
111	172	0.756906
111	173	0.745736
111	174	0.672592
111	175	0.743676
111	176	0.740676
111	178	0.737844
111	179	0.791428
111	180	0.725256
112	18	0.733783
112	26	0.81358
112	28	0.72794
112	32	2.39713
112	34	0.722155
112	44	0.778919
112	59	0.751561
112	62	0.808248
112	63	1.1693
112	76	0.823081
112	90	0.800784
112	91	0.79261
112	98	0.771742
112	106	0.762634
112	114	0.760148
112	116	0.750788
112	117	0.760939
112	123	0.776236
112	127	0.762979
112	133	0.776814
112	134	0.773752
112	138	0.773483
112	146	1.33409
112	148	1.63551
112	161	0.777926
112	174	3.59079
112	175	1.54398
113	15	0.746454
113	24	0.79558
113	45	0.776812
113	54	0.751387
113	61	0.804005
113	75	0.785236
113	83	0.775367
113	92	0.745587
113	103	0.777783
113	104	0.769184
113	109	1.72014
113	120	0.78479
113	135	0.763411
113	139	0.767752
113	145	0.780674
113	146	1.83588
113	147	0.771567
113	152	2.03707
113	154	0.772647
113	155	0.774754
113	157	0.77678
113	159	0.768796
113	164	0.735054
113	165	0.776487
113	168	1.87965
113	173	2.155
113	180	2.26053
114	3	0.794694
114	22	0.77748
114	34	0.686332
114	39	0.684651
114	44	0.743097
114	51	0.727429
114	62	0.772425
114	88	0.72637
114	91	0.756788
114	98	0.735919
114	100	2.09427
114	105	1.57224
114	106	0.726811
114	111	2.72195
114	112	0.760148
114	116	0.714965
114	117	0.725116
114	123	0.740414
114	127	0.727156
114	133	0.740991
114	134	0.737929
114	136	0.726882
114	138	0.73766
114	150	0.714697
114	161	0.742104
114	168	1.55009
114	177	3.31687
115	2	1.97583
115	29	0.773572
115	41	2.94907
115	143	0.732393
115	147	1.96768
115	149	0.746671
115	151	0.756442
115	152	0.737366
115	156	0.76151
115	157	1.63421
115	158	0.763529
115	160	0.749689
115	165	1.65508
115	166	0.739138
115	167	0.737443
115	168	0.753071
115	169	0.711554
115	170	0.740166
115	171	0.716464
115	172	0.753207
115	173	0.742037
115	174	0.668893
115	175	0.739977
115	176	0.736977
115	177	0.684652
115	178	0.734145
115	180	0.721557
116	3	0.785334
116	22	0.76812
116	28	0.682757
116	39	0.675291
116	44	0.733737
116	59	0.706378
116	62	0.763065
116	76	0.777898
116	88	0.71701
116	90	0.755601
116	91	0.747428
116	98	0.726559
116	100	2.23381
116	106	0.717451
116	112	0.750788
116	114	0.714965
116	117	0.715756
116	125	2.23513
116	127	0.717796
116	133	0.731631
116	134	0.728569
116	136	0.717522
116	138	0.7283
116	150	0.705337
116	161	0.732743
116	163	3.15027
116	169	2.41476
116	180	2.07051
117	22	0.778271
117	26	0.778548
117	28	0.692908
117	34	0.687123
117	35	0.683709
117	39	0.685441
117	51	0.72822
117	59	0.716529
117	74	0.750908
117	79	3.79548
117	88	0.727161
117	91	0.757578
117	98	0.73671
117	106	0.727602
117	112	0.760939
117	114	0.725116
117	116	0.715756
117	121	0.742476
117	133	0.741782
117	134	0.73872
117	136	0.727672
117	138	0.738451
117	141	0.944252
117	148	1.84868
117	150	0.715487
117	161	0.742894
117	172	1.66192
117	174	3.80396
118	12	0.718289
118	16	0.720064
118	25	0.715937
118	30	0.707221
118	31	0.769617
118	33	0.766857
118	37	0.766209
118	38	0.771736
118	41	0.69342
118	43	0.759217
118	49	0.765063
118	52	0.75001
118	55	0.753362
118	68	0.725164
118	76	0.810828
118	94	0.76775
118	99	0.765465
118	101	0.765373
118	105	1.31225
118	122	0.766609
118	124	0.766609
118	126	0.792696
118	162	0.775172
118	164	2.08369
118	170	1.40141
118	172	1.36098
118	174	3.50302
118	177	3.05688
118	179	0.807361
119	1	0.736529
119	42	0.762735
119	46	0.766785
119	54	0.746391
119	60	0.750146
119	70	1.37643
119	80	0.803619
119	86	0.755516
119	89	0.802971
119	92	0.740591
119	120	0.779794
119	131	0.749546
119	132	0.756938
119	136	0.754829
119	139	0.762757
119	144	0.756442
119	145	0.775678
119	155	0.769758
119	157	0.771784
119	161	0.77005
119	163	0.714219
119	165	0.771491
119	166	2.25359
119	168	2.19551
119	170	2.30682
119	172	2.26639
119	174	0.692903
119	177	0.708662
119	178	2.28002
120	20	0.670191
120	60	0.749721
120	61	0.798584
120	64	1.34173
120	65	1.92642
120	80	0.803194
120	104	0.763763
120	107	0.803044
120	111	0.759484
120	113	0.78479
120	119	0.779794
120	125	0.735461
120	131	0.749121
120	135	0.75799
120	142	0.685168
120	145	0.775253
120	147	0.766146
120	154	0.767226
120	155	0.769333
120	157	0.771359
120	159	0.763375
120	161	0.769625
120	163	0.713793
120	165	0.771066
120	166	2.10083
120	168	2.04274
120	169	2.76788
120	174	0.692478
120	176	2.29708
121	35	0.700278
121	36	1.78197
121	45	0.761229
121	51	0.744789
121	59	0.733098
121	83	0.759785
121	84	2.11157
121	91	0.774148
121	98	0.753279
121	106	0.744171
121	110	1.85234
121	117	0.742476
121	123	0.757773
121	127	0.744516
121	133	0.758351
121	134	0.755289
121	138	0.75502
121	142	0.675006
121	144	0.745855
121	145	0.765091
121	147	0.755984
121	150	0.732057
121	151	2.16352
121	155	0.759171
121	157	0.761197
121	161	0.759464
121	165	0.760904
121	167	2.30397
121	170	2.4322
121	179	0.801152
122	12	0.713434
122	16	0.715209
122	25	0.711083
122	30	0.702367
122	31	0.764763
122	32	0.706786
122	33	0.762003
122	37	0.761355
122	38	0.766882
122	41	0.688566
122	43	0.754363
122	49	0.760208
122	52	0.745155
122	55	0.748507
122	68	0.72031
122	76	0.805973
122	94	0.762896
122	99	0.760611
122	101	0.760518
122	118	0.766609
122	124	0.761755
122	125	2.25768
122	126	0.787842
122	130	1.63718
122	162	0.770318
122	163	3.17282
122	164	2.50578
122	176	1.96651
122	178	1.79669
122	179	0.802506
123	10	2.20214
123	18	0.714049
123	26	0.793845
123	28	0.708206
123	34	0.70242
123	35	0.699006
123	44	0.759185
123	51	0.743517
123	59	0.731826
123	62	0.788513
123	74	0.766206
123	76	0.803346
123	88	0.742458
123	90	0.781049
123	98	0.752007
123	106	0.742899
123	112	0.776236
123	114	0.740414
123	121	0.757773
123	127	0.743244
123	130	1.59024
123	133	0.757079
123	134	0.754017
123	138	0.753748
123	150	0.730785
123	160	1.66886
123	161	0.758192
123	174	3.87817
123	175	1.83136
123	176	1.91958
124	12	0.713434
124	16	0.715209
124	25	0.711083
124	30	0.702366
124	31	0.764762
124	32	0.706786
124	33	0.762003
124	37	0.761355
124	38	0.766881
124	41	0.688566
124	43	0.754363
124	49	0.760208
124	52	0.745155
124	55	0.748507
124	68	0.720309
124	72	1.39423
124	76	0.805973
124	94	0.762896
124	99	0.760611
124	101	0.760518
124	118	0.766609
124	122	0.761755
124	126	0.787842
124	150	1.94848
124	162	0.770317
124	164	2.46642
124	166	1.73091
124	168	1.67282
124	174	3.88574
124	179	0.802506
125	35	3.1116
125	83	0.726038
125	89	0.758638
125	94	2.22829
125	95	0.660189
125	104	0.719855
125	109	0.713341
125	116	2.23513
125	120	0.735461
125	122	2.25768
125	126	2.34984
125	139	0.718424
125	140	0.725624
125	144	0.712109
125	145	0.731345
125	154	0.723318
125	155	0.725425
125	157	0.727451
125	161	0.725717
125	166	0.718814
125	167	0.717119
125	169	0.69123
125	170	0.719843
125	171	0.69614
125	172	0.732883
125	173	0.721713
125	174	0.64857
125	175	0.719653
125	176	0.716654
125	178	0.713821
125	180	0.701234
126	12	0.739521
126	16	0.741296
126	25	0.73717
126	30	0.728453
126	31	0.790849
126	32	0.732873
126	33	0.78809
126	37	0.787442
126	38	0.792968
126	41	0.714653
126	43	0.78045
126	49	0.786295
126	52	0.771242
126	55	0.774594
126	68	0.746396
126	76	0.83206
126	94	0.788983
126	99	0.786698
126	101	0.786605
126	102	1.79353
126	118	0.792696
126	122	0.787842
126	124	0.787842
126	125	2.34984
126	151	1.64698
126	160	1.80795
126	162	0.796404
126	170	1.91566
126	173	2.07969
126	178	1.88885
126	179	0.828593
127	3	0.797525
127	26	0.780588
127	28	0.694948
127	34	0.689163
127	35	0.685749
127	39	0.687482
127	44	0.745927
127	59	0.718569
127	62	0.775256
127	74	0.752948
127	85	0.778838
127	88	0.729201
127	90	0.767792
127	91	0.759618
127	93	1.63555
127	97	1.25441
127	98	0.73875
127	106	0.729642
127	112	0.762979
127	114	0.727156
127	116	0.717796
127	121	0.744516
127	123	0.743244
127	133	0.743822
127	134	0.74076
127	136	0.729712
127	137	2.06948
127	138	0.740491
127	142	4.02551
127	150	0.717527
127	163	2.97037
127	176	1.76406
128	61	1.7304
128	70	0.771841
128	80	1.7705
128	82	0.704088
128	108	0.719985
128	109	0.737755
128	129	2.31096
128	132	2.06254
128	136	2.00182
128	140	0.750038
128	141	0.764408
128	143	0.736483
128	150	0.722724
128	152	0.741456
128	153	0.752923
128	156	0.765599
128	159	2.06587
128	160	0.753778
128	163	0.694299
128	164	0.710138
128	166	0.743228
128	167	0.741533
128	168	0.757161
128	169	0.715644
128	170	0.744256
128	171	0.720553
128	172	0.757297
128	173	0.746126
128	175	0.744066
128	176	0.741067
128	178	0.738234
128	180	0.725647
129	1	0.701651
129	2	0.809897
129	9	1.60478
129	14	0.702454
129	45	0.736938
129	65	2.38794
129	71	0.74127
129	75	0.745362
129	78	0.738918
129	80	0.768741
129	83	0.735494
129	89	0.768093
129	103	0.737909
129	107	0.768591
129	128	2.31096
129	131	0.714668
129	132	0.72206
129	139	0.727879
129	140	2.45054
129	144	0.721564
129	145	0.7408
129	147	0.731693
129	157	0.736906
129	159	0.728923
129	160	2.50788
129	161	0.735172
129	162	0.744672
129	164	0.69518
129	165	0.736613
129	174	0.658025
129	177	0.673784
129	178	2.58878
129	179	0.77686
130	2	2.24841
130	13	1.77801
130	42	2.07722
130	52	2.0187
130	82	0.721405
130	97	0.774245
130	102	0.764959
130	122	1.63718
130	123	1.59024
130	137	0.757457
130	141	0.781725
130	143	0.7538
130	146	0.772884
130	148	0.749732
130	151	0.777849
130	152	0.758774
130	153	0.77024
130	154	2.03781
130	156	0.782917
130	158	0.784936
130	160	0.771096
130	163	0.711616
130	166	0.760545
130	167	0.75885
130	169	0.732961
130	170	0.761574
130	172	0.774614
130	173	0.763444
130	174	0.690301
130	175	0.761384
130	176	0.758384
130	177	0.706059
130	178	0.755552
130	180	0.742965
131	14	0.706659
131	17	0.700232
131	40	0.739188
131	45	0.741143
131	46	0.736112
131	60	0.719473
131	61	0.768337
131	63	2.21528
131	75	0.749567
131	85	0.773281
131	86	0.724844
131	100	0.705807
131	104	0.733515
131	111	0.729236
131	119	0.749546
131	120	0.749121
131	129	0.714668
131	132	0.726265
131	135	0.727743
131	144	0.725769
131	145	0.745005
131	150	2.69949
131	153	2.07063
131	154	0.736978
131	155	0.739085
131	159	0.733128
131	161	0.739377
131	163	0.683546
131	164	0.699385
131	165	0.740818
131	166	2.48193
131	170	2.53515
131	174	0.66223
