1	60	1.28825
1	61	1.30299
1	74	1.33217
1	80	1.41244
1	130	1.43985
1	132	0.555333
1	155	1.43953
1	160	0.532624
1	172	0.570702
1	175	0.593046
1	177	0.557597
1	179	1.37223
2	110	1.30816
2	125	1.37749
2	126	1.40559
2	128	1.35897
2	131	0.471723
2	152	1.45162
2	155	1.45137
2	158	0.439501
2	162	0.653996
2	169	0.568742
2	172	1.22559
2	178	0.67971
3	37	1.28176
3	60	1.3164
3	61	1.33115
3	74	1.36033
3	80	1.4406
3	139	0.523032
3	155	1.46768
3	157	0.506222
3	163	0.521211
3	167	0.554443
3	178	0.707661
3	179	1.40038
4	94	1.24747
4	109	1.24517
4	110	1.16253
4	117	1.19934
4	122	1.24425
4	126	1.25996
4	153	1.11929
4	158	0.545843
4	160	1.12139
4	176	0.689006
4	177	0.67991
4	180	0.81511
5	43	1.38307
5	72	0.439203
5	76	1.30848
5	97	1.36079
5	100	0.522801
5	107	1.4017
5	115	1.3758
5	116	1.3983
5	120	0.420433
5	143	1.40123
5	172	0.711045
5	177	0.69794
6	51	1.37073
6	79	1.30739
6	85	1.37081
6	104	1.41549
6	129	0.553971
6	136	1.33719
6	139	0.478455
6	150	1.40973
6	157	1.37304
6	170	0.60934
6	174	0.58136
6	175	0.59239
7	9	1.24783
7	24	1.17861
7	38	1.28325
7	63	0.48372
7	79	1.12702
7	85	1.19043
7	104	1.23512
7	131	0.654844
7	133	0.71691
7	136	1.15682
7	157	1.19267
7	178	0.862831
8	17	1.22409
8	30	1.09813
8	41	1.18476
8	57	1.12455
8	58	1.29705
8	65	1.22275
8	66	1.22303
8	83	1.23611
8	111	0.597965
8	130	0.62118
8	138	0.712874
8	176	0.795158
9	7	1.24783
9	79	1.32723
9	85	1.39064
9	104	1.43533
9	130	0.466898
9	136	1.35703
9	141	0.516029
9	147	0.62574
9	150	1.42957
9	157	1.39288
9	164	0.566457
9	177	0.63178
10	37	1.26116
10	60	1.2958
10	74	1.33973
10	80	1.42
10	120	0.325907
10	130	1.4474
10	146	0.461085
10	147	0.597374
10	155	1.44709
10	173	0.707726
10	178	0.709556
10	179	1.37979
11	47	1.34436
11	68	1.46728
11	73	1.4672
11	133	1.36916
11	140	0.475156
11	145	1.59538
11	150	0.467361
11	152	1.57841
11	165	0.563117
11	168	0.480788
11	174	0.622363
12	13	0.488461
12	49	1.21398
12	103	1.15893
12	118	1.26145
12	127	1.17332
12	134	1.20108
12	135	1.20269
12	137	1.24155
12	164	0.729895
12	167	1.12249
12	174	0.819637
12	179	0.668543
13	12	0.488461
13	16	0.608081
13	50	0.33398
13	68	0.345235
13	113	0.328915
13	119	1.46149
13	125	1.51044
13	170	1.33719
13	172	1.35854
13	174	1.3338
13	175	1.32341
13	180	1.25533
14	32	1.28422
14	79	1.32284
14	85	1.38625
14	104	1.43093
14	131	0.493404
14	136	1.35264
14	147	0.58921
14	150	1.42517
14	157	1.38848
14	158	0.461182
14	162	0.675677
14	177	0.59525
15	17	1.39078
15	30	1.26482
15	57	1.29124
15	58	1.46374
15	65	1.38944
15	66	1.38972
15	78	0.608132
15	83	1.4028
15	141	0.548532
15	144	0.498659
15	146	0.521955
15	165	0.629455
16	13	0.608081
16	37	1.09741
16	60	1.13205
16	61	1.1468
16	63	0.641869
16	74	1.17598
16	80	1.25625
16	120	0.637331
16	123	0.737968
16	130	1.28365
16	155	1.28334
16	179	1.21604
17	8	1.22409
17	15	1.39078
17	57	1.29817
17	58	1.47067
17	65	1.39638
17	66	1.39666
17	83	1.40973
17	120	0.405267
17	159	0.633986
17	167	0.635698
17	168	0.565618
17	179	0.556099
18	29	1.44179
18	92	1.33554
18	96	1.35425
18	99	1.34607
18	107	1.39293
18	115	1.36703
18	143	1.39246
18	147	0.613805
18	149	0.48023
18	161	0.503976
18	173	0.724157
18	179	0.49317
19	103	1.34242
19	118	1.44495
19	127	1.35681
19	134	1.38457
19	135	1.38618
19	136	1.35818
19	138	0.49814
19	140	0.44854
19	167	1.30599
19	170	0.623726
19	171	0.798999
19	179	0.444653
20	47	1.24322
20	48	1.41077
20	68	1.36615
20	73	1.36606
20	133	1.26803
20	145	1.49425
20	152	1.47728
20	157	0.481904
20	161	0.461332
20	162	0.657629
20	170	0.629599
20	172	0.590305
21	24	1.28884
21	32	1.19863
21	38	1.39348
21	51	1.30059
21	79	1.23725
21	104	1.34535
21	120	0.455786
21	123	0.556423
21	133	0.693514
21	146	0.590965
21	150	1.33959
21	157	1.3029
21	165	0.698465
22	45	0.485866
22	47	1.17374
22	48	1.34129
22	68	1.29667
22	73	1.29658
22	100	0.550086
22	102	1.29731
22	133	1.19855
22	145	1.42477
22	148	0.571378
22	152	1.4078
22	166	0.672722
22	169	0.720399
23	90	1.30136
23	94	1.35617
23	110	1.27124
23	116	0.504364
23	117	1.30804
23	122	1.35295
23	126	1.36866
23	139	0.606784
23	148	0.531424
23	153	1.228
23	156	0.57625
23	160	1.23009
23	173	0.789583
24	7	1.17861
24	21	1.28884
24	51	1.32135
24	72	0.423541
24	79	1.258
24	104	1.3661
24	111	0.494181
24	136	1.28781
24	150	1.36034
24	157	1.32365
24	169	0.677451
24	175	0.717726
24	176	0.691374
25	50	1.30275
25	103	1.25467
25	105	1.30973
25	118	1.35719
25	134	1.29682
25	135	1.29843
25	137	1.33729
25	144	0.567067
25	146	0.590362
25	150	0.602107
25	157	0.637394
25	161	0.616822
25	167	1.21823
26	59	1.47149
26	71	1.47754
26	76	1.44083
26	98	1.48072
26	115	1.50815
26	116	1.53064
26	140	0.451207
26	141	1.51087
26	149	0.434381
26	150	0.443412
26	156	0.464974
26	170	0.626394
26	178	0.680138
27	46	0.465326
27	53	1.322
27	93	1.32813
27	103	1.25645
27	113	1.31408
27	134	1.29859
27	135	1.30021
27	137	1.33906
27	138	0.609551
27	146	0.540411
27	163	0.602431
27	167	1.22001
27	178	0.788881
28	112	1.49057
28	114	1.50469
28	119	1.47522
28	124	1.49226
28	125	1.52417
28	128	1.50564
28	142	0.405621
28	162	0.591752
28	170	0.563723
28	172	1.37227
28	177	0.511325
28	179	0.38465
28	180	0.646525
29	18	1.44179
29	43	1.41958
29	56	1.3647
29	88	1.382
29	96	1.39954
29	98	1.3849
29	99	1.39137
29	116	1.43481
29	153	0.588681
29	154	0.48856
29	166	0.537038
29	175	0.62499
29	177	0.589541
29	179	0.462866
30	8	1.09813
30	15	1.26482
30	41	1.23243
30	57	1.17221
30	58	1.34471
30	65	1.27042
30	66	1.2707
30	83	1.28377
30	93	1.26184
30	141	0.471124
30	170	0.639273
30	171	0.814546
30	173	0.691187
30	176	0.595971
31	78	0.525472
31	101	1.36141
31	103	1.36659
31	118	1.46912
31	121	0.400581
31	127	1.38098
31	134	1.40874
31	135	1.41035
31	137	1.44921
31	142	0.475919
31	167	1.33016
31	172	0.594728
31	173	0.685935
31	175	0.617072
32	14	1.28422
32	21	1.19863
32	38	1.32403
32	63	0.494678
32	79	1.1678
32	85	1.23121
32	104	1.2759
32	136	1.1976
32	144	0.602023
32	150	1.27014
32	157	1.23345
32	158	0.63358
32	160	0.742675
32	167	0.720571
33	59	1.21255
33	92	1.21771
33	96	1.23642
33	99	1.22824
33	107	1.2751
33	115	1.2492
33	116	1.27169
33	139	0.625918
33	141	1.25193
33	143	1.27463
33	163	0.624097
33	167	0.657329
33	168	0.587249
33	176	0.713502
34	46	0.505269
34	52	1.27382
34	62	1.2102
34	90	1.23473
34	109	1.28723
34	110	1.2046
34	122	1.28631
34	126	1.30202
34	150	0.592098
34	151	1.29578
34	156	0.61366
34	160	1.16346
34	166	0.670179
34	178	0.828824
35	49	0.388842
35	60	0.480104
35	98	0.351815
35	104	0.35146
35	109	0.367822
35	125	0.366899
35	129	1.46038
35	161	1.59537
35	171	1.30498
35	175	1.38871
35	176	1.39628
35	177	1.41172
35	178	1.33112
35	180	1.32063
36	89	1.32132
36	101	1.18929
36	113	1.25211
36	118	1.297
36	120	0.450655
36	127	1.20887
36	134	1.23663
36	135	1.23824
36	137	1.2771
36	142	0.622458
36	144	0.562538
36	167	1.15805
36	176	0.737259
36	178	0.834305
37	3	1.28176
37	10	1.26116
37	16	1.09741
37	39	0.540944
37	61	1.17726
37	74	1.20644
37	80	1.28671
37	130	1.31411
37	142	0.561969
37	155	1.3138
37	160	0.6427
37	176	0.676769
37	179	1.2465
37	180	0.802873
38	7	1.28325
38	21	1.39348
38	32	1.32403
38	85	1.42606
38	104	1.47074
38	111	0.445819
38	129	0.630945
38	130	0.469034
38	136	1.39245
38	149	0.494301
38	150	1.46498
38	157	1.42829
38	159	0.585128
38	175	0.669364
39	37	0.540944
39	86	0.520691
39	98	1.31891
39	99	1.32538
39	107	1.37223
39	110	0.524898
39	141	1.34906
39	152	0.444739
39	155	0.437819
39	164	1.27606
39	174	1.1769
39	176	1.17408
39	178	1.10891
39	180	1.09843
40	49	1.40467
40	89	1.47645
40	113	1.40725
40	127	1.364
40	134	1.39176
40	135	1.39338
40	137	1.43224
40	142	0.463581
40	149	0.429671
40	161	0.453416
40	162	0.649713
40	167	1.31318
40	175	0.604734
40	180	0.704485
41	8	1.18476
41	30	1.23243
41	45	1.4307
41	57	1.25885
41	58	1.43135
41	65	1.35705
41	66	1.35733
41	83	1.37041
41	93	1.34847
41	123	0.498558
41	138	0.60224
41	142	0.569724
41	149	0.535813
41	153	0.674567
41	164	0.610105
42	75	1.33843
42	87	0.462231
42	108	1.28324
42	114	1.34134
42	119	1.31187
42	124	1.32892
42	128	1.34229
42	130	0.463686
42	151	1.38267
42	152	1.43495
42	160	0.603595
42	166	0.576064
42	169	0.623741
42	172	1.20892
42	180	0.763768
43	5	1.38307
43	29	1.41958
43	45	0.46652
43	56	1.2972
43	71	1.31422
43	78	0.649729
43	92	1.31333
43	96	1.33204
43	97	1.32981
43	98	1.3174
43	99	1.32387
43	123	0.52901
43	154	0.604899
43	164	0.640557
43	168	0.588724
44	69	1.30589
44	93	1.35886
44	101	1.28198
44	103	1.28717
44	113	1.3448
44	118	1.38969
44	127	1.30156
44	131	0.462279
44	134	1.32932
44	137	1.36979
44	149	0.42451
44	173	0.668437
44	176	0.573221
44	178	0.670267
44	180	0.699325
45	22	0.485866
45	41	1.4307
45	43	0.46652
45	57	1.37049
45	65	1.46869
45	83	1.48205
45	101	0.426002
45	108	0.508371
45	125	0.382548
45	135	0.402294
45	165	1.35128
45	173	1.22066
45	174	1.27052
45	178	1.20253
45	180	1.19204
46	27	0.465326
46	34	0.505269
46	66	0.388788
46	69	0.446108
46	99	0.442094
46	114	0.427102
46	154	1.49512
46	164	1.42009
46	169	1.3577
46	173	1.27106
46	174	1.32093
46	175	1.31053
46	176	1.31811
46	178	1.25294
46	180	1.24245
47	11	1.34436
47	20	1.24322
47	22	1.17374
47	48	1.19966
47	68	1.15504
47	73	1.15496
47	102	1.15568
47	123	0.612792
47	133	1.05692
47	145	1.28314
47	149	0.650048
47	152	1.26617
47	158	0.655595
47	159	0.740874
47	167	0.742586
48	20	1.41077
48	22	1.34129
48	47	1.19966
48	64	0.483212
48	68	1.32259
48	73	1.32251
48	102	1.32323
48	133	1.22447
48	138	0.537755
48	145	1.45069
48	152	1.43372
48	169	0.606116
48	170	0.663341
48	178	0.717084
48	179	0.484267
49	12	1.21398
49	35	0.388842
49	40	1.40467
49	101	1.28437
49	105	1.34462
49	118	1.39208
49	127	1.30395
49	134	1.33171
49	135	1.33332
49	137	1.37218
49	146	0.501522
49	153	0.642989
49	168	0.526694
49	170	0.696248
49	176	0.652946
50	13	0.33398
50	25	1.30275
50	105	1.33765
50	113	1.34022
50	118	1.38511
50	127	1.29698
50	134	1.32474
50	135	1.32635
50	136	1.29835
50	137	1.36521
50	156	0.531716
50	161	0.524868
50	162	0.721165
50	169	0.635911
50	174	0.665156
51	6	1.37073
51	21	1.30059
51	24	1.32135
51	64	0.518055
51	79	1.26976
51	85	1.33317
51	104	1.37785
51	116	0.464878
51	132	0.643522
51	136	1.29956
51	147	0.639746
51	150	1.37209
51	157	1.3354
51	160	0.620812
51	167	0.598709
52	34	1.27382
52	62	1.28813
52	70	1.30604
52	110	1.28253
52	117	1.31934
52	122	1.36425
52	126	1.37996
52	131	0.560921
52	145	1.44297
52	148	0.508919
52	149	1.3965
52	156	0.553745
52	163	0.582459
52	164	0.597443
52	174	0.687185
53	27	1.322
53	78	0.561755
53	101	1.29488
53	105	1.35512
53	113	1.3577
53	127	1.31445
53	134	1.34221
53	135	1.34383
53	137	1.38268
53	146	0.475577
53	157	0.522609
53	167	1.26363
53	169	0.613079
53	170	0.670304
53	175	0.653354
54	89	0.430052
54	117	0.506005
54	122	0.428974
54	125	0.442009
54	135	0.461756
54	151	0.443691
54	159	1.34064
54	165	1.33511
54	166	1.35816
54	168	1.41127
54	173	1.20449
54	174	1.25436
54	176	1.25154
54	177	1.26698
54	178	1.18637
54	180	1.17588
55	67	1.2852
55	95	1.2883
55	100	0.529947
55	108	1.23233
55	114	1.29044
55	119	1.26097
55	124	1.27801
55	125	1.30992
55	128	1.29139
55	139	0.626599
55	148	0.551238
55	152	1.38405
55	156	0.596064
55	160	0.680113
55	169	0.70026
55	172	1.15802
56	29	1.3647
56	43	1.2972
56	59	1.25329
56	76	1.22262
56	88	1.25962
56	97	1.27493
56	98	1.26252
56	115	1.28994
56	141	1.29267
56	143	1.31537
56	147	0.651256
56	149	0.517682
56	153	0.656435
56	163	0.576988
56	165	0.622468
56	172	0.670401
57	8	1.12455
57	15	1.29124
57	17	1.29817
57	30	1.17221
57	41	1.25885
57	45	1.37049
57	58	1.37113
57	65	1.29683
57	66	1.29712
57	83	1.31019
57	121	0.528645
57	141	0.593936
57	142	0.603982
57	158	0.575619
57	160	0.684714
57	177	0.709687
58	8	1.29705
58	15	1.46374
58	17	1.47067
58	30	1.34471
58	41	1.43135
58	57	1.37113
58	66	1.46962
58	83	1.48269
58	93	1.46076
58	111	0.452343
58	131	0.538595
58	140	0.517652
58	141	0.524689
58	154	0.539459
58	159	0.591652
58	165	0.605612
59	26	1.47149
59	33	1.21255
59	56	1.25329
59	71	1.2703
59	76	1.23359
59	88	1.27059
59	92	1.26942
59	96	1.28813
59	97	1.2859
59	115	1.30091
59	160	0.608339
59	168	0.516155
59	174	0.65773
59	177	0.633312
59	179	0.506636
59	180	0.768512
60	1	1.28825
60	3	1.3164
60	10	1.2958
60	16	1.13205
60	35	0.480104
60	61	1.2119
60	64	0.607381
60	74	1.24108
60	80	1.32135
60	120	0.457604
60	130	1.34875
60	155	1.34844
60	159	0.686324
60	168	0.617955
60	172	0.748216
60	179	1.28114
61	1	1.30299
61	3	1.33115
61	16	1.1468
61	37	1.17726
61	60	1.2119
61	74	1.25583
61	80	1.3361
61	130	1.3635
61	148	0.490006
61	153	0.642993
61	155	1.36319
61	158	0.509786
61	160	0.618881
61	176	0.65295
61	179	1.29589
61	180	0.779054
62	34	1.2102
62	52	1.28813
62	78	0.617941
62	94	1.30384
62	109	1.30154
62	117	1.25572
62	122	1.30062
62	126	1.31633
62	144	0.508468
62	149	1.33288
62	150	0.543509
62	151	1.31009
62	153	1.17567
62	168	0.556936
62	172	0.687197
62	173	0.778405
63	7	0.48372
63	16	0.641869
63	32	0.494678
63	90	0.462709
63	113	0.362703
63	119	0.37517
63	142	1.52234
63	155	0.291579
63	161	1.5234
63	171	1.23301
63	174	1.32714
63	175	1.31675
63	176	1.32432
63	177	1.33976
63	178	1.25915
63	179	1.51035
63	180	1.24867
64	48	0.483212
64	51	0.518055
64	60	0.607381
64	88	0.499868
64	117	0.558172
64	122	0.481141
64	132	1.30855
64	165	1.29638
64	168	1.37254
64	169	1.2524
64	170	1.21901
64	174	1.21562
64	175	1.20523
64	176	1.2128
64	177	1.22824
64	178	1.14763
64	180	1.13715
65	8	1.22275
65	15	1.38944
65	17	1.39638
65	30	1.27042
65	41	1.35705
65	45	1.46869
65	57	1.29683
65	66	1.39532
65	83	1.40839
65	93	1.38646
65	120	0.353531
65	131	0.529193
65	142	0.525334
65	148	0.47719
65	174	0.655457
65	175	0.666487
65	180	0.766238
66	8	1.22303
66	15	1.38972
66	17	1.39666
66	30	1.2707
66	41	1.35733
66	46	0.388788
66	57	1.29712
66	58	1.46962
66	65	1.39532
66	83	1.40868
66	93	1.38674
66	131	0.504356
66	138	0.533013
66	139	0.527714
66	164	0.540878
66	167	0.559125
66	171	0.833872
67	55	1.2852
67	75	1.30486
67	82	1.38888
67	100	0.58341
67	106	0.632111
67	112	1.29366
67	114	1.30777
67	116	0.577642
67	119	1.2783
67	120	0.481042
67	124	1.29535
67	128	1.30873
67	146	0.616221
67	151	1.3491
67	152	1.40138
67	158	0.624482
67	168	0.641393
67	172	1.17535
68	11	1.46728
68	13	0.345235
68	20	1.36615
68	22	1.29667
68	47	1.15504
68	48	1.32259
68	69	1.27496
68	73	1.27788
68	102	1.27861
68	123	0.475123
68	133	1.17985
68	145	1.40607
68	152	1.3891
68	154	0.551012
68	165	0.617165
68	169	0.647167
68	176	0.661089
68	180	0.787193
69	44	1.30589
69	46	0.446108
69	68	1.27496
69	73	1.27487
69	77	0.484743
69	113	1.31086
69	118	1.35575
69	127	1.26761
69	130	0.498639
69	133	1.17684
69	135	1.29699
69	137	1.33585
69	145	1.40306
69	152	1.38609
69	153	0.66266
69	159	0.614733
69	172	0.676625
69	175	0.698969
70	52	1.30604
70	72	0.390653
70	94	1.32175
70	100	0.474251
70	109	1.31945
70	117	1.27363
70	122	1.31853
70	126	1.33424
70	145	1.39725
70	149	1.35079
70	153	1.19358
70	155	1.38002
70	160	1.19567
70	161	0.533521
70	167	0.602314
70	173	0.753702
70	177	0.64939
70	178	0.755532
71	26	1.47754
71	43	1.31422
71	59	1.2703
71	76	1.23964
71	88	1.27664
71	97	1.29195
71	98	1.27953
71	107	1.33286
71	115	1.30696
71	123	0.519327
71	140	0.573409
71	141	1.30968
71	143	1.33239
71	144	0.530573
71	149	0.556582
71	156	0.587175
71	172	0.709301
71	177	0.696197
72	5	0.439203
72	24	0.423541
72	70	0.390653
72	75	0.381851
72	90	0.476941
72	113	0.376935
72	137	0.373641
72	151	0.364852
72	162	1.45559
72	166	1.56107
72	170	1.46065
72	171	1.36314
72	173	1.4074
72	175	1.44687
72	176	1.45444
72	177	1.46988
72	178	1.38927
72	180	1.37879
73	11	1.4672
73	20	1.36606
73	22	1.29658
73	47	1.15496
73	48	1.32251
73	68	1.27788
73	69	1.27487
73	81	0.493763
73	102	1.27852
73	133	1.17977
73	141	0.510632
73	145	1.40599
73	152	1.38901
73	158	0.492315
73	161	0.510513
73	170	0.678781
73	171	0.854054
73	172	0.639487
74	1	1.33217
74	3	1.36033
74	10	1.33973
74	16	1.17598
74	37	1.20644
74	60	1.24108
74	61	1.25583
74	80	1.36528
74	106	0.556013
74	130	1.39268
74	140	0.559662
74	146	0.540122
74	147	0.67641
74	155	1.39236
74	160	0.657477
74	161	0.566581
74	164	0.617127
74	179	1.32506
75	42	1.33843
75	67	1.30486
75	72	0.381851
75	82	1.39121
75	86	1.33444
75	112	1.29599
75	119	1.28063
75	123	0.463717
75	124	1.29768
75	125	1.32958
75	128	1.31106
75	132	0.638324
75	143	1.3478
75	167	0.593511
75	170	0.692986
75	172	1.17768
75	175	0.676036
75	177	0.640588
76	5	1.30848
76	26	1.44083
76	56	1.22262
76	59	1.23359
76	71	1.23964
76	88	1.23992
76	92	1.23875
76	96	1.25746
76	97	1.25523
76	98	1.24282
76	106	0.564959
76	115	1.27024
76	141	1.27297
76	150	0.560813
76	158	0.557329
76	163	0.611089
76	166	0.638893
76	167	0.64432
76	178	0.797539
77	69	0.484743
77	79	0.516715
77	90	0.5569
77	134	0.469491
77	136	0.472986
77	139	1.35447
77	145	0.40635
77	146	1.43006
77	151	0.444811
77	163	1.3524
77	164	1.31214
77	165	1.29374
77	168	1.3699
77	173	1.16312
77	174	1.21298
77	175	1.20259
77	177	1.2256
77	178	1.145
77	180	1.13451
78	15	0.608132
78	31	0.525472
78	43	0.649729
78	53	0.561755
78	62	0.617941
78	140	1.39682
78	143	0.551357
78	156	1.34837
78	170	1.17881
78	171	1.0813
78	173	1.12556
78	174	1.17542
78	175	1.16503
78	176	1.1726
78	177	1.18804
78	178	1.10744
78	179	1.35864
78	180	1.09695
79	6	1.30739
79	7	1.12702
79	9	1.32723
79	14	1.32284
79	21	1.23725
79	24	1.258
79	32	1.1678
79	51	1.26976
79	77	0.516715
79	85	1.26983
79	104	1.31451
79	116	0.514586
79	147	0.689453
79	150	1.30875
79	153	0.694632
79	157	1.27206
79	163	0.615185
79	177	0.695493
79	179	0.568818
80	1	1.41244
80	3	1.4406
80	10	1.42
80	16	1.25625
80	37	1.28671
80	60	1.32135
80	61	1.3361
80	74	1.36528
80	81	0.473783
80	121	0.42536
80	130	1.47295
80	144	0.440778
80	148	0.452555
80	155	1.47263
80	168	0.489246
80	169	0.601576
80	171	0.834073
80	179	1.40533
80	180	0.741602
81	73	0.493763
81	80	0.473783
81	91	0.469685
81	104	0.473849
81	109	0.490211
81	119	0.51552
81	122	0.476252
81	138	1.39024
81	146	1.45958
81	147	1.32434
81	163	1.38192
81	171	1.14838
81	173	1.19264
81	174	1.2425
81	175	1.23211
81	176	1.23968
81	177	1.25512
81	178	1.17452
81	180	1.16403
82	67	1.38888
82	75	1.39121
82	84	1.4145
82	95	1.39198
82	108	1.33602
82	114	1.39412
82	124	1.3817
82	125	1.4136
82	128	1.39507
82	142	0.478967
82	151	1.43545
82	157	0.489374
82	160	0.559698
82	161	0.468802
82	163	0.504363
82	166	0.532168
82	171	0.812342
82	172	1.2617
82	175	0.62012
83	8	1.23611
83	15	1.4028
83	17	1.40973
83	30	1.28377
83	41	1.37041
83	45	1.48205
83	57	1.31019
83	58	1.48269
83	65	1.40839
83	66	1.40868
83	93	1.39982
83	100	0.45166
83	111	0.438703
83	133	0.587021
83	156	0.517778
83	163	0.546492
83	165	0.591971
83	167	0.579723
83	173	0.731111
84	82	1.4145
84	87	0.477673
84	91	1.42128
84	95	1.33126
84	108	1.27529
84	112	1.31928
84	114	1.33339
84	119	1.30393
84	124	1.32097
84	125	1.35288
84	128	1.33435
84	141	0.528259
84	144	0.478385
84	151	1.37473
84	161	0.52814
84	167	0.596933
84	172	1.20098
84	173	0.748322
84	176	0.653106
84	177	0.64401
85	6	1.37081
85	7	1.19043
85	9	1.39064
85	14	1.38625
85	32	1.23121
85	38	1.42606
85	51	1.33317
85	79	1.26983
85	104	1.37793
85	121	0.479411
85	136	1.29963
85	142	0.554749
85	144	0.494829
85	148	0.506606
85	150	1.37217
85	153	0.659593
85	157	1.33548
85	166	0.60795
85	172	0.673558
85	174	0.684872
86	39	0.520691
86	75	1.33444
86	91	1.42524
86	95	1.33521
86	108	1.27925
86	112	1.32324
86	119	1.30788
86	124	1.32493
86	125	1.35683
86	128	1.33831
86	130	0.482538
86	143	1.37506
86	150	0.516836
86	151	1.37869
86	154	0.546439
86	157	0.552123
86	172	1.20493
86	175	0.682869
86	178	0.753562
86	179	0.520745
87	42	0.462231
87	84	0.477673
87	100	1.53026
87	107	0.469981
87	113	0.469335
87	114	0.478178
87	119	0.481802
87	126	0.462029
87	140	1.48176
87	145	0.418791
87	156	1.43331
87	170	1.26375
87	171	1.16624
87	172	1.2851
87	173	1.2105
87	174	1.26036
87	175	1.24997
87	176	1.25754
87	177	1.27298
87	178	1.19238
87	180	1.18189
88	29	1.382
88	56	1.25962
88	59	1.27059
88	64	0.499868
88	71	1.27664
88	76	1.23992
88	92	1.27575
88	96	1.29446
88	97	1.29223
88	98	1.27982
88	99	1.28629
88	115	1.30724
88	132	0.625335
88	141	1.30997
88	143	1.33267
88	157	0.532302
88	167	0.580522
88	168	0.510442
88	174	0.652017
88	176	0.636695
88	178	0.733741
89	36	1.32132
89	40	1.47645
89	54	0.430052
89	100	0.434811
89	101	1.35616
89	103	1.36135
89	105	1.41641
89	113	1.41898
89	118	1.46387
89	127	1.37573
89	134	1.4035
89	135	1.40511
89	137	1.44397
89	138	0.536763
89	144	0.444326
89	164	0.544627
89	167	1.32491
89	168	0.492794
89	173	0.714262
89	174	0.634369
89	177	0.609951
90	23	1.30136
90	34	1.23473
90	63	0.462709
90	72	0.476941
90	77	0.5569
90	94	1.32837
90	102	1.2764
90	109	1.32607
90	110	1.24344
90	117	1.28025
90	122	1.32515
90	126	1.34086
90	146	0.59335
90	149	1.35741
90	152	0.407429
90	153	1.2002
90	154	0.634697
90	155	1.38664
90	160	1.20229
90	167	0.688602
90	168	0.618522
91	81	0.469685
91	84	1.42128
91	86	1.42524
91	108	1.34279
91	112	1.38678
91	114	1.40089
91	119	1.37143
91	121	0.421263
91	124	1.38847
91	125	1.42037
91	128	1.40185
91	129	0.599334
91	138	0.529117
91	143	1.4386
91	144	0.436681
91	152	1.4945
91	154	0.501324
91	163	0.521997
91	166	0.549802
91	171	0.829976
91	172	1.26848
92	18	1.33554
92	33	1.21771
92	43	1.31333
92	59	1.26942
92	76	1.23875
92	88	1.27575
92	96	1.29329
92	98	1.27864
92	99	1.28511
92	115	1.30607
92	116	1.32856
92	129	0.617884
92	132	0.618592
92	141	1.3088
92	143	1.3315
92	144	0.455231
92	159	0.572067
92	165	0.586027
92	173	0.725167
92	175	0.656304
92	177	0.620855
93	27	1.32813
93	30	1.26184
93	41	1.34847
93	44	1.35886
93	58	1.46076
93	65	1.38646
93	66	1.38674
93	83	1.39982
93	101	1.30101
93	134	1.34835
93	135	1.34996
93	137	1.38882
93	148	0.490504
93	149	0.504737
93	161	0.528482
93	163	0.564044
93	165	0.609523
93	166	0.591848
93	167	1.26976
93	172	0.657456
93	175	0.6798
93	179	0.517676
94	4	1.24747
94	23	1.35617
94	62	1.30384
94	70	1.32175
94	90	1.32837
94	106	0.500467
94	109	1.38088
94	117	1.33505
94	122	1.37996
94	126	1.39567
94	140	0.504116
94	141	0.511154
94	144	0.46128
94	145	1.45868
94	150	0.496321
94	151	1.38943
94	155	1.44145
94	160	1.2571
94	162	0.707332
94	164	0.561581
94	172	0.640009
94	180	0.762105
95	55	1.2883
95	82	1.39198
95	84	1.33126
95	86	1.33521
95	108	1.25277
95	112	1.29676
95	114	1.31087
95	119	1.2814
95	124	1.29845
95	125	1.33035
95	128	1.31183
95	133	0.61881
95	143	1.34857
95	148	0.504741
95	149	0.518974
95	152	1.40448
95	156	0.549567
95	161	0.542719
95	163	0.578281
95	169	0.653762
95	170	0.710987
95	172	1.17845
95	176	0.667685
96	18	1.35425
96	29	1.39954
96	33	1.23642
96	43	1.33204
96	59	1.28813
96	76	1.25746
96	88	1.29446
96	92	1.29329
96	97	1.30977
96	98	1.29736
96	99	1.30382
96	115	1.32478
96	116	1.34727
96	120	0.410475
96	121	0.506941
96	130	0.523101
96	143	1.35021
96	149	0.548368
96	165	0.653155
96	168	0.570826
96	170	0.740381
96	179	0.561308
96	180	0.823183
97	5	1.36079
97	43	1.32981
97	56	1.27493
97	59	1.2859
97	71	1.29195
97	76	1.25523
97	88	1.29223
97	96	1.30977
97	99	1.3016
97	107	1.34845
97	115	1.32255
97	116	1.34504
97	141	1.32528
97	143	1.34798
97	147	0.609402
97	165	0.580614
97	167	0.568366
97	168	0.498286
97	169	0.610616
97	172	0.628546
97	176	0.624538
97	178	0.721584
97	179	0.488767
98	26	1.48072
98	29	1.3849
98	35	0.351815
98	39	1.31891
98	43	1.3174
98	56	1.26252
98	71	1.27953
98	76	1.24282
98	88	1.27982
98	92	1.27864
98	96	1.29736
98	99	1.28918
98	115	1.31014
98	129	0.603852
98	131	0.504978
98	141	1.31286
98	143	1.33556
98	160	0.58185
98	162	0.687251
98	165	0.571995
98	168	0.489667
98	171	0.834495
98	174	0.631242
99	18	1.34607
99	29	1.39137
99	33	1.22824
99	39	1.32538
99	43	1.32387
99	46	0.442094
99	88	1.28629
99	92	1.28511
99	96	1.30382
99	97	1.3016
99	98	1.28918
99	107	1.3425
99	115	1.3166
99	123	0.482637
99	140	0.536719
99	141	1.31933
99	143	1.34203
99	163	0.5792
99	166	0.607004
99	167	0.612431
99	176	0.668604
99	179	0.532832
99	180	0.794708
100	5	0.522801
100	22	0.550086
100	55	0.529947
100	67	0.58341
100	70	0.474251
100	83	0.45166
100	87	1.53026
100	89	0.434811
100	112	0.480091
100	133	1.31011
100	145	0.409989
100	158	1.46501
100	160	1.33476
100	169	1.30537
100	170	1.27198
100	172	1.29333
100	173	1.21873
100	174	1.26859
100	175	1.2582
100	177	1.28121
100	178	1.2006
100	179	1.4518
100	180	1.19012
101	31	1.36141
101	36	1.18929
101	44	1.28198
101	45	0.426002
101	49	1.28437
101	53	1.29488
101	89	1.35616
101	93	1.30101
101	105	1.28438
101	106	0.538924
101	113	1.28695
101	127	1.24371
101	134	1.27147
101	135	1.27308
101	136	1.24508
101	137	1.31194
101	139	0.586875
101	153	0.664501
101	163	0.585054
101	167	1.19289
101	168	0.548206
101	178	0.771504
101	179	0.538687
101	180	0.800562
102	22	1.29731
102	47	1.15568
102	48	1.32323
102	68	1.27861
102	73	1.27852
102	90	1.2764
102	110	1.24628
102	117	1.28309
102	122	1.32799
102	126	1.3437
102	129	0.654363
102	132	0.655071
102	133	1.18049
102	141	0.541584
102	145	1.40671
102	150	0.526751
102	152	1.38974
102	153	1.20304
102	159	0.608546
102	160	1.20513
102	164	0.592011
102	168	0.540178
102	169	0.652508
102	178	0.763477
103	12	1.15893
103	19	1.34242
103	25	1.25467
103	27	1.25645
103	31	1.36659
103	44	1.28717
103	89	1.36135
103	105	1.28957
103	113	1.29214
103	116	0.502885
103	123	0.506922
103	127	1.2489
103	130	0.518911
103	134	1.27666
103	135	1.27827
103	136	1.25027
103	137	1.31713
103	150	0.553209
103	154	0.582811
103	159	0.635005
103	162	0.76422
103	167	1.19808
103	171	0.911464
103	179	0.557118
104	6	1.41549
104	7	1.23512
104	9	1.43533
104	14	1.43093
104	21	1.34535
104	24	1.3661
104	32	1.2759
104	35	0.35146
104	38	1.47074
104	51	1.37785
104	79	1.31451
104	81	0.473849
104	85	1.37793
104	106	0.480031
104	136	1.34431
104	150	1.41685
104	154	0.505487
104	157	1.38016
104	160	0.581495
104	161	0.490599
104	162	0.686896
104	174	0.630887
104	175	0.641917
104	176	0.615564
105	25	1.30973
105	49	1.34462
105	50	1.33765
105	53	1.35512
105	89	1.41641
105	101	1.28438
105	103	1.28957
105	113	1.3472
105	118	1.39209
105	121	0.478863
105	127	1.30395
105	134	1.33172
105	135	1.33333
105	136	1.30532
105	137	1.37219
105	139	0.581418
105	144	0.49428
105	156	0.550883
105	157	0.564608
105	161	0.544035
105	167	1.25313
105	169	0.655078
105	173	0.764217
105	177	0.659905
105	179	0.53323
106	67	0.632111
106	74	0.556013
106	76	0.564959
106	94	0.500467
106	101	0.538924
106	104	0.480031
106	113	0.509235
106	118	0.471333
106	126	0.501928
106	141	1.361
106	154	1.36303
106	156	1.36179
106	159	1.27512
106	160	1.25501
106	161	1.38511
106	164	1.288
106	165	1.2696
106	168	1.34576
106	169	1.22562
106	171	1.09472
106	173	1.13898
106	175	1.17845
106	176	1.18602
106	178	1.12086
106	180	1.11037
107	5	1.4017
107	18	1.39293
107	33	1.2751
107	39	1.37223
107	71	1.33286
107	87	0.469981
107	97	1.34845
107	99	1.3425
107	109	1.38397
107	110	1.30134
107	115	1.36346
107	117	1.33814
107	122	1.38305
107	130	0.471436
107	133	0.596539
107	139	0.557831
107	140	0.51353
107	151	1.39252
107	153	1.25809
107	155	1.44454
107	156	0.527296
107	160	1.26019
107	161	0.520449
107	166	0.583815
107	172	0.649422
107	174	0.660737
107	175	0.671767
108	42	1.28324
108	45	0.508371
108	55	1.23233
108	82	1.33602
108	84	1.27529
108	86	1.27925
108	91	1.34279
108	95	1.25277
108	112	1.24079
108	114	1.25491
108	119	1.22544
108	120	0.470223
108	121	0.566689
108	124	1.24248
108	125	1.27439
108	128	1.25586
108	130	0.582849
108	131	0.645885
108	143	1.29261
108	148	0.593883
108	151	1.29624
108	152	1.34852
108	164	0.682407
108	165	0.712903
108	172	1.12249
108	177	0.747731
108	179	0.621056
109	4	1.24517
109	34	1.28723
109	35	0.367822
109	62	1.30154
109	70	1.31945
109	81	0.490211
109	90	1.32607
109	94	1.38088
109	107	1.38397
109	110	1.29594
109	117	1.33275
109	122	1.37766
109	126	1.39337
109	145	1.45638
109	149	1.40991
109	150	0.492246
109	151	1.38713
109	154	0.521849
109	155	1.43915
109	157	0.527533
109	160	1.2548
109	164	0.557507
109	166	0.570327
109	167	0.575754
109	170	0.675229
109	173	0.727142
109	176	0.631927
110	2	1.30816
110	4	1.16253
110	23	1.27124
110	34	1.2046
110	39	0.524898
110	52	1.28253
110	90	1.24344
110	102	1.24628
110	107	1.30134
110	109	1.29594
110	111	0.463531
110	117	1.25012
110	126	1.31073
110	145	1.37374
110	149	1.32728
110	151	1.3045
110	153	1.17007
110	155	1.35652
110	160	1.17217
110	163	0.57132
110	165	0.616799
110	166	0.599124
110	172	0.664732
110	173	0.755939
110	176	0.660724
110	178	0.75777
110	179	0.524952
111	8	0.597965
111	24	0.494181
111	38	0.445819
111	58	0.452343
111	83	0.438703
111	110	0.463531
111	122	0.420775
111	123	1.49836
111	126	0.440269
111	128	0.455423
111	144	1.55897
111	145	0.397032
111	147	1.37085
111	148	1.53119
111	155	0.376451
111	156	1.46195
111	162	1.28734
111	168	1.44592
111	169	1.32578
111	170	1.29239
111	173	1.23914
111	174	1.28901
111	175	1.27861
111	176	1.28619
111	177	1.30163
111	178	1.22102
111	180	1.21053
112	28	1.49057
112	67	1.29366
112	75	1.29599
112	84	1.31928
112	86	1.32324
112	91	1.38678
112	95	1.29676
112	100	0.480091
112	108	1.24079
112	114	1.2989
112	116	0.474323
112	119	1.26943
112	124	1.28648
112	125	1.31838
112	128	1.29985
112	138	0.582042
112	142	0.549526
112	143	1.3366
112	146	0.512902
112	150	0.524646
112	151	1.34023
112	152	1.39251
112	153	0.654369
112	156	0.546208
112	172	1.16648
112	173	0.759542
112	174	0.679649
112	177	0.65523
113	13	0.328915
113	27	1.31408
113	36	1.25211
113	40	1.40725
113	44	1.3448
113	50	1.34022
113	53	1.3577
113	63	0.362703
113	69	1.31086
113	72	0.376935
113	87	0.469335
113	89	1.41898
113	101	1.28695
113	103	1.29214
113	105	1.3472
113	106	0.509235
113	118	1.39466
113	127	1.30653
113	133	0.595893
113	134	1.33429
113	135	1.3359
113	136	1.3079
113	137	1.37476
113	154	0.534691
113	165	0.600844
113	167	1.25571
113	171	0.863343
113	172	0.648776
113	179	0.508997
113	180	0.770872
114	28	1.50469
114	42	1.34134
114	46	0.427102
114	55	1.29044
114	67	1.30777
114	82	1.39412
114	84	1.33339
114	87	0.478178
114	91	1.40089
114	95	1.31087
114	108	1.25491
114	112	1.2989
114	119	1.28354
114	124	1.30059
114	125	1.33249
114	128	1.31396
114	133	0.604736
114	142	0.538811
114	143	1.35071
114	150	0.513931
114	151	1.35434
114	152	1.40662
114	153	0.643654
114	154	0.543534
114	158	0.510448
114	161	0.528646
114	163	0.564207
114	170	0.696913
114	172	1.18059
114	180	0.779715
115	5	1.3758
115	18	1.36703
115	26	1.50815
115	33	1.2492
115	56	1.28994
115	59	1.30091
115	71	1.30696
115	76	1.27024
115	88	1.30724
115	92	1.30607
115	96	1.32478
115	97	1.32255
115	98	1.31014
115	99	1.3166
115	107	1.36346
115	116	1.36005
115	141	1.34029
115	143	1.36299
115	144	0.456568
115	151	0.346065
115	156	0.51317
115	157	0.526895
115	161	0.506323
115	167	0.575116
115	169	0.617366
115	173	0.726504
115	174	0.646611
115	175	0.657641
115	176	0.631288
115	177	0.622192
116	5	1.3983
116	23	0.504364
116	26	1.53064
116	29	1.43481
116	33	1.27169
116	51	0.464878
116	67	0.577642
116	79	0.514586
116	92	1.32856
116	96	1.34727
116	97	1.34504
116	103	0.502885
116	112	0.474323
116	115	1.36005
116	117	0.504995
116	119	0.467232
116	124	0.466743
116	134	0.467362
116	137	0.45147
116	138	1.33836
116	143	1.38548
116	154	1.36481
116	171	1.09649
116	174	1.19062
116	175	1.18023
116	176	1.1878
116	177	1.20324
116	178	1.12263
116	180	1.11215
117	4	1.19934
117	23	1.30804
117	52	1.31934
117	54	0.506005
117	62	1.25572
117	64	0.558172
117	70	1.27363
117	90	1.28025
117	94	1.33505
117	102	1.28309
117	107	1.33814
117	109	1.33275
117	110	1.25012
117	116	0.504995
117	121	0.504861
117	122	1.33183
117	126	1.34754
117	130	0.521021
117	139	0.607416
117	141	0.570152
117	142	0.580199
117	145	1.41055
117	149	1.36409
117	151	1.3413
117	153	1.20688
117	155	1.39332
117	157	0.590606
117	160	1.20898
117	168	0.568746
117	174	0.710321
117	175	0.721351
118	12	1.26145
118	19	1.44495
118	25	1.35719
118	31	1.46912
118	36	1.297
118	44	1.38969
118	49	1.39208
118	50	1.38511
118	69	1.35575
118	89	1.46387
118	105	1.39209
118	106	0.471333
118	113	1.39466
118	121	0.416728
118	127	1.35142
118	130	0.432888
118	134	1.37918
118	135	1.38079
118	136	1.35279
118	137	1.41965
118	139	0.519283
118	153	0.59691
118	154	0.496789
118	162	0.678198
118	164	0.532447
118	167	1.3006
118	168	0.480614
118	169	0.592944
118	172	0.610875
118	174	0.622189
118	180	0.73297
119	13	1.46149
119	28	1.47522
119	42	1.31187
119	55	1.26097
119	63	0.37517
119	67	1.2783
119	75	1.28063
119	81	0.51552
119	84	1.30393
119	86	1.30788
119	87	0.481802
119	91	1.37143
119	95	1.2814
119	108	1.22544
119	112	1.26943
119	114	1.28354
119	116	0.467232
119	124	1.27112
119	125	1.30302
119	128	1.2845
119	136	0.400186
119	143	1.32124
119	151	1.32488
119	154	0.547158
119	156	0.539118
119	158	0.514072
119	160	0.623166
119	167	0.601063
119	171	0.875811
119	172	1.15112
119	173	0.752451
120	5	0.420433
120	10	0.325907
120	16	0.637331
120	17	0.405267
120	21	0.455786
120	36	0.450655
120	60	0.457604
120	65	0.353531
120	67	0.481042
120	96	0.410475
120	108	0.470223
120	135	0.364147
120	136	0.374256
120	137	0.35487
120	159	1.5095
120	161	1.61949
120	162	1.42156
120	164	1.52238
120	166	1.52703
120	168	1.58014
120	169	1.46
120	170	1.42661
120	171	1.3291
120	173	1.37336
120	174	1.42322
120	175	1.41283
120	176	1.42041
120	177	1.43584
120	178	1.35524
120	179	1.60644
120	180	1.34475
121	31	0.400581
121	57	0.528645
121	80	0.42536
121	85	0.479411
121	91	0.421263
121	96	0.506941
121	105	0.478863
121	108	0.566689
121	117	0.504861
121	118	0.416728
121	127	0.489111
121	128	0.462478
121	134	0.467227
121	138	1.44611
121	142	1.49358
121	158	1.4948
121	159	1.38466
121	162	1.29671
121	164	1.39754
121	166	1.40218
121	168	1.45529
121	169	1.33515
121	170	1.30176
121	171	1.20425
121	173	1.24852
121	174	1.29838
121	175	1.28798
121	176	1.29556
121	177	1.311
121	178	1.23039
121	179	1.48159
121	180	1.2199
122	4	1.24425
122	23	1.35295
122	34	1.28631
122	52	1.36425
122	54	0.428974
122	62	1.30062
122	64	0.481141
122	70	1.31853
122	81	0.476252
122	90	1.32515
122	94	1.37996
122	102	1.32799
122	107	1.38305
122	109	1.37766
122	111	0.420775
122	117	1.33183
122	126	1.39245
122	132	0.606608
122	145	1.45546
122	147	0.602832
122	149	1.40899
122	151	1.38621
122	153	1.25178
122	155	1.43823
122	157	0.513575
122	159	0.560084
122	160	1.25388
122	162	0.689299
122	169	0.604045
122	170	0.66127
122	176	0.617968
122	179	0.482197
123	16	0.737968
123	21	0.556423
123	41	0.498558
123	43	0.52901
123	47	0.612792
123	68	0.475123
123	71	0.519327
123	75	0.463717
123	99	0.482637
123	103	0.506922
123	111	1.49836
123	129	1.26933
123	131	1.43035
123	136	0.474893
123	139	1.34953
123	142	1.40325
123	155	0.387677
123	158	1.40447
123	161	1.40431
123	163	1.34746
123	164	1.30721
123	168	1.36496
123	169	1.24482
123	170	1.21143
123	171	1.11392
123	173	1.15819
123	174	1.20805
123	175	1.19765
123	176	1.20523
123	177	1.22067
123	178	1.14006
123	180	1.12957
124	28	1.49226
124	42	1.32892
124	55	1.27801
124	67	1.29535
124	75	1.29768
124	82	1.3817
124	84	1.32097
124	86	1.32493
124	91	1.38847
124	95	1.29845
124	108	1.24248
124	112	1.28648
124	114	1.30059
124	116	0.466743
124	119	1.27112
124	125	1.32007
124	128	1.30154
124	131	0.545805
124	132	0.645386
124	140	0.524862
124	143	1.33829
124	146	0.505322
124	151	1.34192
124	152	1.3942
124	157	0.552353
124	158	0.513583
124	162	0.728078
124	163	0.567342
124	166	0.595147
124	172	1.16817
124	177	0.64765
124	179	0.520975
124	180	0.78285
125	2	1.37749
125	13	1.51044
125	28	1.52417
125	35	0.366899
125	45	0.382548
125	54	0.442009
125	55	1.30992
125	75	1.32958
125	82	1.4136
125	84	1.35288
125	86	1.35683
125	91	1.42037
125	95	1.33035
125	108	1.27439
125	112	1.31838
125	114	1.33249
125	119	1.30302
125	124	1.32007
125	128	1.33345
125	129	0.618936
125	138	0.548719
125	141	0.506156
125	143	1.37019
125	147	0.615867
125	148	0.46806
125	151	1.37383
125	152	1.4261
125	158	0.48784
125	166	0.569404
125	167	0.574831
125	171	0.849578
125	172	1.20007
125	174	0.646326
125	177	0.621907
126	2	1.40559
126	4	1.25996
126	23	1.36866
126	34	1.30202
126	52	1.37996
126	62	1.31633
126	70	1.33424
126	87	0.462029
126	90	1.34086
126	94	1.39567
126	102	1.3437
126	106	0.501928
126	109	1.39337
126	110	1.31073
126	111	0.440269
126	117	1.34754
126	122	1.39245
126	130	0.463484
126	132	0.626102
126	138	0.555178
126	140	0.505577
126	145	1.47116
126	149	1.4247
126	151	1.40192
126	153	1.26749
126	155	1.45394
126	156	0.519344
126	157	0.533069
126	159	0.579578
126	160	1.26959
126	162	0.708793
126	168	0.511209
126	172	0.64147
126	174	0.652784
127	12	1.17332
127	19	1.35681
127	31	1.38098
127	36	1.20887
127	40	1.364
127	44	1.30156
127	49	1.30395
127	50	1.29698
127	53	1.31445
127	69	1.26761
127	89	1.37573
127	101	1.24371
127	103	1.2489
127	105	1.30395
127	113	1.30653
127	118	1.35142
127	121	0.489111
127	133	0.630374
127	134	1.29104
127	135	1.29266
127	136	1.26465
127	137	1.33151
127	149	0.530538
127	157	0.574855
127	158	0.536085
127	160	0.645179
127	161	0.554283
127	164	0.604829
127	167	1.21246
127	168	0.552996
127	169	0.665326
127	172	0.683257
127	173	0.774464
127	179	0.543477
128	2	1.35897
128	28	1.50564
128	42	1.34229
128	55	1.29139
128	67	1.30873
128	75	1.31106
128	82	1.39507
128	84	1.33435
128	86	1.33831
128	91	1.40185
128	95	1.31183
128	108	1.25586
128	111	0.455423
128	112	1.29985
128	114	1.31396
128	119	1.2845
128	121	0.462478
128	124	1.30154
128	125	1.33345
128	131	0.541674
128	133	0.603741
128	141	0.527769
128	143	1.35167
128	146	0.501191
128	148	0.489672
128	149	0.503905
128	151	1.3553
128	152	1.40757
128	157	0.548223
128	164	0.578196
128	170	0.695918
128	172	1.18155
128	175	0.678968
128	176	0.652616
128	178	0.749662
129	6	0.553971
129	35	1.46038
129	38	0.630945
129	91	0.599334
129	92	0.617884
129	98	0.603852
129	102	0.654363
129	123	1.26933
129	125	0.618936
129	131	1.28228
129	132	1.1529
129	136	0.648793
129	138	1.20771
129	140	1.28137
129	143	0.604537
129	144	1.32994
129	145	0.582157
129	146	1.27705
129	152	0.568497
129	154	1.23416
129	156	1.23292
129	161	1.25624
129	163	1.19939
129	165	1.14073
129	166	1.16378
129	168	1.21689
129	170	1.06336
129	171	0.965848
129	172	1.08471
129	173	1.01011
129	174	1.05997
129	176	1.05715
129	177	1.07259
129	178	0.991987
129	180	0.981499
130	1	1.43985
130	8	0.62118
130	9	0.466898
130	10	1.4474
130	16	1.28365
130	37	1.31411
130	38	0.469034
130	42	0.463686
130	60	1.34875
130	61	1.3635
130	69	0.498639
130	74	1.39268
130	80	1.47295
130	86	0.482538
130	96	0.523101
130	103	0.518911
130	107	0.471436
130	108	0.582849
130	117	0.521021
130	118	0.432888
130	126	0.463484
130	148	1.49171
130	152	0.406586
130	155	1.50004
130	159	1.3358
130	167	1.331
130	169	1.2863
130	173	1.19966
130	174	1.24952
130	175	1.23913
130	176	1.2467
130	177	1.26214
130	178	1.18154
130	179	1.43274
130	180	1.17105
131	2	0.471723
131	7	0.654844
131	14	0.493404
131	44	0.462279
131	52	0.560921
131	58	0.538595
131	65	0.529193
131	66	0.504356
131	98	0.504978
131	108	0.645885
131	123	1.43035
131	124	0.545805
131	128	0.541674
131	129	1.28228
131	147	1.30284
131	155	0.462702
131	158	1.41742
131	161	1.41726
131	162	1.21933
131	163	1.36042
131	164	1.32016
131	165	1.30176
131	166	1.32481
131	168	1.37791
131	169	1.25778
131	170	1.22438
131	171	1.12687
131	172	1.24574
131	173	1.17114
131	174	1.221
131	175	1.21061
131	176	1.21818
131	177	1.23362
131	178	1.15301
131	180	1.14252
132	1	0.555333
132	51	0.643522
132	64	1.30855
132	75	0.638324
132	88	0.625335
132	92	0.618592
132	102	0.655071
132	122	0.606608
132	124	0.645386
132	126	0.626102
132	129	1.1529
132	133	1.13314
132	136	0.6495
132	138	1.23936
132	140	1.31302
132	144	1.36159
132	145	0.582865
132	154	1.26581
132	156	1.26456
132	159	1.1779
132	161	1.28788
132	162	1.08995
132	163	1.23104
132	165	1.17238
132	166	1.19543
132	168	1.24854
132	170	1.09501
132	171	0.997495
132	173	1.04176
132	174	1.09162
132	175	1.08123
132	176	1.0888
132	177	1.10424
132	178	1.02363
132	180	1.01315
133	7	0.71691
133	11	1.36916
133	20	1.26803
133	21	0.693514
133	22	1.19855
133	47	1.05692
133	48	1.22447
133	68	1.17985
133	69	1.17684
133	73	1.17977
133	83	0.587021
133	95	0.61881
133	100	1.31011
133	102	1.18049
133	107	0.596539
133	113	0.595893
133	114	0.604736
133	127	0.630374
133	128	0.603741
133	132	1.13314
133	135	0.601875
133	145	1.30795
133	146	1.25729
133	148	1.2824
133	151	0.583811
133	152	1.29098
133	155	0.524769
133	161	1.23648
133	164	1.13937
133	166	1.14402
133	167	1.12168
133	168	1.19713
133	170	1.0436
133	173	0.990351
133	174	1.04021
133	176	1.03739
133	177	1.05283
133	180	0.961738
134	12	1.20108
134	19	1.38457
134	25	1.29682
134	27	1.29859
134	31	1.40874
134	36	1.23663
134	40	1.39176
134	44	1.32932
134	49	1.33171
134	50	1.32474
134	53	1.34221
134	77	0.469491
134	89	1.4035
134	93	1.34835
134	101	1.27147
134	103	1.27666
134	105	1.33172
134	113	1.33429
134	116	0.467362
134	118	1.37918
134	121	0.467227
