1	31	0.807847
1	44	0.423004
1	82	0.493
1	100	1.19531
1	116	0.519844
1	121	1.20178
1	168	1.19285
1	171	1.23457
1	175	1.195
1	176	1.21002
1	179	1.19871
1	180	1.17176
2	27	0.588957
2	54	0.542047
2	66	0.572207
2	72	0.51047
2	83	1.23756
2	126	1.2323
2	175	1.19402
2	176	1.20904
2	177	1.18526
2	178	1.1733
2	179	1.19773
2	180	1.17078
3	37	1.18221
3	40	1.18221
3	41	1.1503
3	49	1.1503
3	50	1.1503
3	158	1.28692
3	164	0.561898
3	172	1.20429
3	174	1.2935
3	175	0.669274
3	176	0.638088
3	180	0.715058
4	13	1.28262
4	22	1.23769
4	23	1.20441
4	28	0.800712
4	63	1.15024
4	68	1.21691
4	74	1.13478
4	81	1.19632
4	165	0.576609
4	166	1.17702
4	171	0.58158
4	176	0.626474
5	16	1.08263
5	18	1.19422
5	30	1.28572
5	36	1.15998
5	44	1.23602
5	54	1.20926
5	143	1.18303
5	160	0.592635
5	163	0.711312
5	169	0.619768
5	173	1.24915
5	179	0.658812
6	97	1.13227
6	114	1.19342
6	134	1.19198
6	141	1.19078
6	147	1.19949
6	155	1.19883
6	157	0.599035
6	162	1.21461
6	165	0.584983
6	170	0.731465
6	174	1.27861
6	177	0.669669
7	23	1.3924
7	27	1.3924
7	63	1.33823
7	68	1.4049
7	74	1.32277
7	81	1.38431
7	88	0.507942
7	145	0.499462
7	166	1.365
7	172	0.517604
7	177	0.535522
7	178	0.570701
8	29	1.17425
8	56	1.16683
8	57	1.16683
8	60	1.17161
8	66	1.20739
8	75	0.605018
8	102	0.602775
8	158	1.25762
8	165	1.20962
8	169	0.624367
8	170	0.753145
8	173	1.24586
9	46	0.990239
9	48	1.1152
9	56	1.0338
9	57	1.0338
9	60	1.03858
9	66	1.07436
9	107	0.862657
9	157	0.835572
9	158	1.1246
9	165	1.07659
9	169	0.839224
9	173	1.11283
10	32	1.28499
10	38	1.27875
10	42	1.1215
10	47	1.2368
10	120	1.12788
10	123	1.15803
10	149	0.613098
10	165	0.608056
10	168	0.687691
10	170	1.12472
10	172	0.674823
10	174	1.26734
11	74	0.985535
11	81	1.04707
11	86	1.0519
11	119	0.836526
11	124	1.06774
11	129	1.0924
11	149	0.843158
11	158	1.13454
11	166	1.02777
11	167	0.857931
11	172	1.05192
11	174	1.14113
12	14	1.22125
12	16	1.07956
12	18	1.19115
12	30	1.28264
12	31	1.1402
12	44	1.23295
12	54	1.20618
12	96	0.638963
12	121	0.670722
12	139	0.625345
12	166	0.64899
12	173	1.24607
13	4	1.28262
13	25	1.23769
13	27	1.20441
13	63	1.15024
13	68	1.21691
13	74	1.13478
13	81	1.19632
13	96	0.703924
13	127	0.527354
13	160	0.61698
13	163	0.735657
13	166	1.17702
14	12	1.22125
14	30	1.27319
14	31	1.13075
14	36	1.14745
14	44	1.2235
14	54	1.19673
14	123	0.638256
14	143	1.17051
14	166	0.671209
14	173	1.23662
14	176	0.633532
14	179	0.640415
15	69	1.15318
15	78	1.20746
15	111	1.22416
15	116	1.20047
15	122	1.22679
15	124	1.21084
15	126	0.577537
15	129	1.2355
15	157	0.62985
15	166	0.703341
15	170	1.1416
15	179	0.672547
16	5	1.08263
16	12	1.07956
16	18	1.04
16	30	1.13149
16	36	1.00575
16	44	1.0818
16	54	1.05503
16	136	0.836081
16	142	0.791643
16	143	1.02881
16	173	1.09492
16	177	0.911766
17	59	0.623647
17	130	1.16288
17	133	1.19973
17	135	1.21434
17	137	0.602941
17	142	1.21548
17	151	1.19917
17	154	1.20446
17	155	1.19408
17	161	0.608716
17	162	1.20986
17	170	0.748678
18	5	1.19422
18	12	1.19115
18	16	1.04
18	30	1.24309
18	31	1.10065
18	36	1.11735
18	54	1.16663
18	127	0.629599
18	137	0.729399
18	142	0.693215
18	143	1.1404
18	171	0.733625
18	173	1.20652
19	39	0.596682
19	133	1.16317
19	134	1.15067
19	141	1.14946
19	144	1.13332
19	146	1.17439
19	151	1.16261
19	153	1.13556
19	155	1.15752
19	157	0.737437
19	159	0.736161
19	160	0.713957
19	162	1.1733
20	34	1.27109
20	37	1.12332
20	40	1.12332
20	41	1.09141
20	49	1.09141
20	50	1.09141
20	59	0.70488
20	136	0.692428
20	137	0.684174
20	158	1.22803
20	167	0.703243
20	172	1.1454
20	174	1.23461
21	38	0.549037
21	54	0.6475
21	107	1.16848
21	129	0.632328
21	167	1.16625
21	169	1.18996
21	174	0.589282
21	175	1.15155
21	176	1.16657
21	177	1.14279
21	178	1.13083
21	179	1.15526
21	180	1.12831
22	4	1.23769
22	23	1.15948
22	25	1.19275
22	27	1.15948
22	63	1.10531
22	68	1.17198
22	74	1.08985
22	81	1.15139
22	107	0.724702
22	118	0.619449
22	126	0.645304
22	163	0.792813
22	166	1.13208
23	4	1.20441
23	7	1.3924
23	22	1.15948
23	25	1.15948
23	63	1.07204
23	68	1.1387
23	74	1.05657
23	81	1.11811
23	104	0.674334
23	137	0.666608
23	160	0.656434
23	166	1.09881
23	178	0.785726
24	35	1.12885
24	38	1.25014
24	42	1.0929
24	47	1.20819
24	89	1.13154
24	115	0.635547
24	120	1.09927
24	143	1.15427
24	150	0.719197
24	159	0.67941
24	170	1.09611
24	174	1.23873
24	177	0.75132
25	13	1.23769
25	22	1.19275
25	23	1.15948
25	27	1.15948
25	63	1.10531
25	68	1.17198
25	74	1.08985
25	81	1.15139
25	152	0.743102
25	163	0.7041
25	166	1.13208
25	172	0.661618
25	175	0.675903
26	55	1.13674
26	65	1.08624
26	71	1.17296
26	72	1.17296
26	73	1.17462
26	76	1.14778
26	79	1.14932
26	88	0.705286
26	93	1.17946
26	102	0.644294
26	159	0.660958
26	165	1.17992
26	180	0.775017
27	2	0.588957
27	7	1.3924
27	13	1.20441
27	22	1.15948
27	25	1.15948
27	63	1.07204
27	68	1.1387
27	74	1.05657
27	81	1.11811
27	90	0.704232
27	160	0.676899
27	166	1.09881
27	175	0.767379
28	4	0.800712
28	95	0.972048
28	106	0.835091
28	136	1.06154
28	137	1.07787
28	138	1.0391
28	146	0.871584
28	156	1.07586
28	157	1.06659
28	164	1.06953
28	178	1.00518
28	179	1.02961
28	180	1.00266
29	8	1.17425
29	48	1.1922
29	56	1.1108
29	57	1.1108
29	60	1.11558
29	66	1.15136
29	121	0.715003
29	158	1.20159
29	165	1.15359
29	172	0.672495
29	173	1.18983
29	179	0.662477
29	180	0.732564
30	5	1.28572
30	12	1.28264
30	14	1.27319
30	16	1.13149
30	18	1.24309
30	31	1.19214
30	36	1.20884
30	44	1.28488
30	102	0.571292
30	150	0.627742
30	165	0.57518
30	166	0.662722
30	167	0.594994
30	173	1.29801
31	1	0.807847
31	12	1.1402
31	14	1.13075
31	18	1.10065
31	30	1.19214
31	36	1.0664
31	44	1.14244
31	54	1.11568
31	83	0.893785
31	89	1.06672
31	143	1.08946
31	173	1.15557
31	174	0.0954332
31	179	1.04634
32	10	1.28499
32	35	1.2059
32	38	1.32719
32	42	1.16995
32	47	1.28524
32	61	0.448463
32	98	0.683607
32	101	0.5743
32	123	1.20647
32	143	1.23132
32	170	1.17316
32	174	1.31578
32	178	0.692728
32	179	0.629612
33	67	0.901461
33	101	0.681248
33	105	1.10126
33	107	0.720949
33	134	1.10942
33	135	1.13653
33	140	1.12792
33	143	1.1116
33	147	1.11693
33	151	1.12136
33	154	1.12666
33	155	1.11627
33	162	1.13205
33	165	0.679812
34	20	1.27109
34	37	1.22332
34	40	1.22332
34	41	1.19141
34	49	1.19141
34	50	1.19141
34	131	0.549194
34	137	0.587767
34	158	1.32803
34	163	0.69627
34	169	0.604726
34	171	0.591993
34	172	1.2454
34	174	1.33461
35	24	1.12885
35	32	1.2059
35	38	1.19967
35	42	1.04242
35	47	1.15772
35	120	1.04879
35	123	1.07895
35	138	0.731228
35	143	1.1038
35	159	0.677194
35	170	1.04563
35	174	1.18825
35	178	0.784282
35	180	0.791254
36	5	1.15998
36	14	1.14745
36	16	1.00575
36	18	1.11735
36	30	1.20884
36	31	1.0664
36	54	1.13238
36	89	1.08343
36	115	0.709474
36	126	0.7023
36	143	1.10616
36	161	0.747082
36	173	1.17227
36	177	0.825247
37	3	1.18221
37	20	1.12332
37	34	1.22332
37	40	1.07554
37	41	1.04363
37	49	1.04363
37	50	1.04363
37	119	0.693124
37	158	1.18025
37	165	0.694714
37	166	0.782256
37	172	1.09762
37	174	1.18684
37	178	0.814577
38	10	1.27875
38	21	0.549037
38	24	1.25014
38	32	1.32719
38	35	1.19967
38	42	1.16371
38	47	1.27901
38	121	0.650229
38	137	0.541701
38	143	1.22508
38	168	0.62059
38	170	1.16692
38	174	1.30954
38	175	0.622007
39	19	0.596682
39	132	0.546921
39	135	0.483758
39	144	0.541811
39	158	0.446367
39	164	1.28097
39	167	1.25204
39	171	1.27692
39	175	1.23735
39	176	1.25236
39	177	1.22859
39	178	1.21662
39	179	1.24105
39	180	1.2141
40	3	1.18221
40	20	1.12332
40	34	1.22332
40	37	1.07554
40	41	1.04363
40	49	1.04363
40	50	1.04363
40	142	0.691497
40	158	1.18025
40	164	0.700612
40	172	1.09762
40	174	1.18684
40	175	0.807988
40	179	0.783685
41	3	1.1503
41	20	1.09141
41	34	1.19141
41	37	1.04363
41	40	1.04363
41	49	1.01172
41	50	1.01172
41	67	0.924672
41	113	1.08719
41	158	1.14834
41	167	0.722838
41	172	1.06572
41	174	1.15493
41	175	0.784075
41	176	0.752889
42	10	1.1215
42	24	1.0929
42	32	1.16995
42	35	1.04242
42	38	1.16371
42	47	1.12176
42	89	1.04511
42	99	0.762302
42	113	0.780924
42	120	1.01284
42	131	0.775633
42	143	1.06784
42	150	0.866023
42	170	1.00968
42	174	1.1523
43	69	1.04672
43	106	1.09071
43	111	1.1177
43	113	1.11003
43	116	1.09402
43	120	0.876177
43	122	1.12033
43	124	1.10438
43	129	1.12904
43	149	0.761986
43	150	1.06336
43	164	0.73062
43	170	1.03515
43	172	1.08856
43	179	0.813693
44	1	0.423004
44	5	1.23602
44	12	1.23295
44	14	1.2235
44	16	1.0818
44	30	1.28488
44	31	1.14244
44	54	1.20842
44	89	1.15947
44	107	0.645883
44	143	1.1822
44	166	0.692288
44	170	0.751228
44	172	0.671512
44	173	1.24831
45	80	0.635048
45	113	0.596993
45	131	0.591702
45	132	1.20565
45	144	1.1732
45	146	1.21428
45	147	1.19806
45	148	1.21247
45	151	1.2025
45	153	1.17545
45	154	1.20779
45	155	1.19741
45	162	1.21319
45	172	0.696297
45	175	0.710582
46	9	0.990239
46	48	1.14121
46	56	1.05981
46	57	1.05981
46	60	1.06459
46	66	1.10038
46	88	1.06966
46	127	1.12223
46	131	0.712652
46	150	0.803042
46	158	1.15061
46	163	0.859728
46	165	1.1026
46	173	1.13885
46	179	0.807228
47	10	1.2368
47	24	1.20819
47	32	1.28524
47	35	1.15772
47	38	1.27901
47	42	1.12176
47	89	1.16041
47	123	1.15829
47	142	0.585446
47	150	0.673448
47	156	0.600007
47	170	1.12497
47	174	1.26759
47	175	0.701937
47	176	0.670751
48	9	1.1152
48	29	1.1922
48	46	1.14121
48	56	1.18477
48	57	1.18477
48	60	1.18955
48	66	1.22534
48	101	0.610503
48	139	0.672964
48	158	1.27557
48	164	0.582742
48	165	1.22757
48	168	0.688701
48	172	0.675833
48	173	1.26381
49	3	1.1503
49	20	1.09141
49	34	1.19141
49	37	1.04363
49	40	1.04363
49	41	1.01172
49	50	1.01172
49	61	0.712236
49	91	0.833189
49	113	1.08719
49	158	1.14834
49	160	0.827209
49	164	0.810313
49	172	1.06572
49	174	1.15493
50	3	1.1503
50	20	1.09141
50	34	1.19141
50	37	1.04363
50	40	1.04363
50	41	1.01172
50	49	1.01172
50	96	0.866515
50	113	1.08719
50	118	0.724883
50	126	0.750738
50	150	0.841561
50	158	1.14834
50	172	1.06572
50	174	1.15493
51	85	1.14549
51	110	1.13611
51	112	0.661057
51	117	0.710933
51	126	0.63802
51	132	1.16879
51	134	1.1537
51	140	1.1722
51	144	1.13634
51	147	1.1612
51	153	1.13859
51	154	1.17093
51	162	1.17633
51	169	0.693985
51	174	1.24033
51	176	0.726147
52	78	1.16417
52	80	0.606726
52	86	1.15171
52	87	1.14584
52	92	1.12053
52	106	1.15388
52	111	1.18087
52	116	1.15719
52	122	1.1835
52	124	1.16755
52	129	1.19221
52	138	0.668017
52	142	1.18256
52	152	0.749458
52	177	0.685893
52	178	0.721072
53	92	0.817982
53	104	1.0868
53	135	0.719977
53	153	0.777575
53	156	1.10409
53	161	1.09281
53	163	1.03962
53	167	1.06883
53	169	1.09254
53	171	1.0937
53	173	0.701524
53	175	1.05413
53	177	1.04537
53	178	1.03341
53	179	1.05784
53	180	1.03088
54	2	0.542047
54	5	1.20926
54	12	1.20618
54	14	1.19673
54	16	1.05503
54	18	1.16663
54	21	0.6475
54	31	1.11568
54	36	1.13238
54	44	1.20842
54	89	1.13271
54	139	0.703316
54	143	1.15544
54	166	0.72696
54	168	0.719052
54	173	1.22155
55	26	1.13674
55	58	1.10674
55	62	1.17271
55	65	1.05209
55	71	1.1388
55	72	1.1388
55	73	1.14047
55	76	1.11363
55	79	1.11516
55	93	1.14531
55	142	0.655993
55	158	1.19378
55	159	0.704207
55	165	1.14577
55	167	0.711246
55	176	0.741297
55	180	0.818267
56	8	1.16683
56	9	1.0338
56	29	1.1108
56	46	1.05981
56	48	1.18477
56	57	1.10337
56	60	1.10815
56	66	1.14394
56	127	1.16579
56	152	0.771737
56	158	1.19417
56	165	1.14616
56	166	0.711029
56	172	0.690253
56	173	1.18241
56	177	0.708172
56	180	0.750322
57	8	1.16683
57	9	1.0338
57	29	1.1108
57	46	1.05981
57	48	1.18477
57	56	1.10337
57	60	1.10815
57	66	1.14394
57	70	0.77779
57	126	0.679966
57	127	1.16579
57	158	1.19417
57	160	0.708799
57	161	0.724748
57	165	1.14616
57	167	0.738042
57	173	1.18241
58	55	1.10674
58	62	1.17686
58	65	1.05624
58	71	1.14296
58	72	1.14296
58	73	1.14462
58	76	1.11778
58	77	0.759914
58	79	1.11932
58	93	1.14946
58	99	0.628502
58	123	1.09521
58	150	0.732223
58	158	1.19793
58	165	1.14992
58	170	0.826142
58	171	0.684631
59	17	0.623647
59	20	0.70488
59	61	1.23389
59	100	1.11921
59	111	0.664007
59	139	1.13272
59	143	0.669379
59	149	1.13885
59	159	1.14939
59	160	1.16103
59	163	1.10439
59	174	0.602651
59	176	1.13392
59	177	1.11014
59	178	1.09818
59	179	1.12261
59	180	1.09566
60	8	1.17161
60	9	1.03858
60	29	1.11558
60	46	1.06459
60	48	1.18955
60	56	1.10815
60	57	1.10815
60	66	1.14872
60	88	1.118
60	95	0.85375
60	99	0.591655
60	150	0.695376
60	152	0.791064
60	158	1.19895
60	165	1.15094
60	173	1.18718
60	179	0.699563
61	32	0.448463
61	49	0.712236
61	59	1.23389
61	69	0.73091
61	137	1.24688
61	147	0.547109
61	155	0.522475
61	163	1.18041
61	167	1.20961
61	168	1.19277
61	170	1.1614
61	171	1.23448
61	174	0.456799
61	176	1.20993
61	177	1.18615
61	178	1.17419
61	179	1.19862
61	180	1.17167
62	55	1.17271
62	58	1.17686
62	65	1.12221
62	71	1.20893
62	72	1.20893
62	73	1.21059
62	76	1.18375
62	79	1.18529
62	93	1.21543
62	112	0.614957
62	117	0.664834
62	127	1.23552
62	142	0.594743
62	158	1.2639
62	161	0.636702
62	165	1.21589
62	166	0.717725
62	169	0.647886
63	4	1.15024
63	7	1.33823
63	13	1.15024
63	22	1.10531
63	23	1.07204
63	25	1.10531
63	27	1.07204
63	68	1.08453
63	74	1.00241
63	81	1.06395
63	99	1.10797
63	101	1.10309
63	150	0.779192
63	166	1.04464
63	167	0.746444
63	169	0.744333
63	176	0.776495
63	179	0.783378
64	82	1.21353
64	87	1.18883
64	89	1.17674
64	92	1.16352
64	99	0.588487
64	104	0.648118
64	106	1.19687
64	111	1.22386
64	112	0.624421
64	116	1.20018
64	122	1.22649
64	124	1.21054
64	129	1.2352
64	138	0.706455
64	150	1.16952
64	159	0.652422
64	169	0.65735
64	172	1.19472
65	26	1.08624
65	55	1.05209
65	58	1.05624
65	62	1.12221
65	71	1.08831
65	72	1.08831
65	73	1.08997
65	76	1.06313
65	79	1.06467
65	88	0.834765
65	93	1.09481
65	123	1.04056
65	127	1.1149
65	156	0.756782
65	158	1.14328
65	159	0.790436
65	164	0.751337
65	165	1.09528
65	178	0.897525
66	2	0.572207
66	8	1.20739
66	9	1.07436
66	29	1.15136
66	46	1.10038
66	48	1.22534
66	56	1.14394
66	57	1.14394
66	60	1.14872
66	88	1.15379
66	99	0.618419
66	127	1.20636
66	145	0.718203
66	157	0.68363
66	158	1.23473
66	159	0.682354
66	165	1.18673
66	166	0.75712
66	173	1.22297
67	33	0.901461
67	41	0.924672
67	97	0.991964
67	107	1.0233
67	120	0.976016
67	131	1.05869
67	139	1.02019
67	144	0.890164
67	152	0.973816
67	160	1.04851
67	161	1.04506
67	168	1.00423
67	171	1.04594
67	175	1.00638
67	176	1.02139
67	177	0.997613
67	178	0.985653
67	179	1.01008
67	180	0.983129
68	4	1.21691
68	7	1.4049
68	13	1.21691
68	22	1.17198
68	23	1.1387
68	25	1.17198
68	27	1.1387
68	63	1.08453
68	74	1.06907
68	81	1.13061
68	99	1.17464
68	100	0.678782
68	101	1.16976
68	142	0.598687
68	152	0.782375
68	157	0.648177
68	166	1.11131
68	167	0.65394
68	175	0.715177
69	15	1.15318
69	43	1.04672
69	61	0.73091
69	78	1.09032
69	82	1.09669
69	87	1.07199
69	92	1.04667
69	99	0.804153
69	106	1.08003
69	111	1.10702
69	116	1.08333
69	122	1.10965
69	124	1.0937
69	127	0.756257
69	129	1.11836
69	156	0.834433
69	170	1.02446
69	171	0.860282
69	172	1.07787
70	57	0.77779
70	83	1.11276
70	105	0.755543
70	136	1.10486
70	138	1.08242
70	148	0.697208
70	151	0.693275
70	154	0.691
70	159	1.09971
70	161	1.10791
70	164	1.11284
70	167	1.08392
70	168	1.06708
70	169	1.10763
70	175	1.06922
70	176	1.08424
70	178	1.0485
70	179	1.07293
70	180	1.04598
71	26	1.17296
71	55	1.1388
71	58	1.14296
71	62	1.20893
71	65	1.08831
71	72	1.17502
71	73	1.17668
71	76	1.14985
71	79	1.15138
71	93	1.18152
71	127	1.20162
71	131	0.754421
71	149	0.79729
71	158	1.22999
71	160	0.78282
71	161	0.798769
71	165	1.18199
71	173	0.00558242
71	178	0.912112
72	2	0.51047
72	26	1.17296
72	55	1.1388
72	58	1.14296
72	62	1.20893
72	65	1.08831
72	71	1.17502
72	73	1.17668
72	76	1.14985
72	79	1.15138
72	88	0.664945
72	93	1.18152
72	127	1.20162
72	158	1.22999
72	165	1.18199
72	170	0.754322
72	172	0.674607
72	177	0.692526
72	180	0.734676
73	26	1.17462
73	55	1.14047
73	58	1.14462
73	62	1.21059
73	65	1.08997
73	71	1.17668
73	72	1.17668
73	76	1.15151
73	79	1.15304
73	93	1.18319
73	101	1.18333
73	120	0.750323
73	142	0.595652
73	150	0.683653
73	158	1.23165
73	165	1.18365
73	166	0.718634
73	169	0.648795
73	176	0.680957
74	4	1.13478
74	7	1.32277
74	11	0.985535
74	13	1.13478
74	22	1.08985
74	23	1.05657
74	25	1.08985
74	27	1.05657
74	63	1.00241
74	68	1.06907
74	81	1.04848
74	99	1.09251
74	101	1.08763
74	139	0.842191
74	142	0.742854
74	145	0.826918
74	156	0.757415
74	166	1.02918
74	177	0.862978
75	8	0.605018
75	94	0.62386
75	118	1.2165
75	121	1.1413
75	134	0.701386
75	145	1.14837
75	151	0.632067
75	152	1.10196
75	154	0.629792
75	160	1.17665
75	163	1.12001
75	167	1.14921
75	169	1.17292
75	174	0.579555
75	175	1.13452
75	176	1.14953
75	177	1.12575
75	178	1.11379
75	179	1.13822
75	180	1.11127
76	26	1.14778
76	55	1.11363
76	58	1.11778
76	62	1.18375
76	65	1.06313
76	71	1.14985
76	72	1.14985
76	73	1.15151
76	79	1.12621
76	93	1.15635
76	98	0.761333
76	118	0.586474
76	120	0.769822
76	121	0.759864
76	123	1.10209
76	127	1.17644
76	158	1.20482
76	159	0.663366
76	165	1.15681
76	177	0.735275
77	58	0.759914
77	125	0.761928
77	142	1.12226
77	145	1.08538
77	149	1.09148
77	155	0.72713
77	157	1.11222
77	161	1.11022
77	162	0.69623
77	163	1.05702
77	164	1.11515
77	171	1.1111
77	173	0.672262
77	175	1.07153
77	176	1.08654
77	177	1.06277
77	178	1.05081
77	179	1.07524
77	180	1.04828
78	15	1.20746
78	52	1.16417
78	69	1.09032
78	82	1.15097
78	86	1.13214
78	87	1.12627
78	106	1.13431
78	111	1.1613
78	112	0.711386
78	116	1.13762
78	119	0.72502
78	122	1.16393
78	124	1.14798
78	127	0.627556
78	129	1.17264
78	157	0.740662
78	159	0.739386
78	161	0.733131
78	170	1.07874
78	172	1.13215
79	26	1.14932
79	55	1.11516
79	58	1.11932
79	62	1.18529
79	65	1.06467
79	71	1.15138
79	72	1.15138
79	73	1.15304
79	76	1.12621
79	93	1.15788
79	101	1.15803
79	115	0.670757
79	123	1.10363
79	137	0.70259
79	142	0.666406
79	158	1.20635
79	161	0.708365
79	165	1.15835
79	171	0.706816
79	178	0.821709
80	45	0.635048
80	52	0.606726
80	87	0.72402
80	94	0.631023
80	119	1.16386
80	138	1.15234
80	139	1.15296
80	149	1.15909
80	151	0.63923
80	152	1.10658
80	156	1.1891
80	158	0.578589
80	166	1.13489
80	169	1.17755
80	170	1.10562
80	175	1.13914
80	176	1.15416
80	177	1.13038
80	178	1.11842
80	180	1.1159
81	4	1.19632
81	7	1.38431
81	11	1.04707
81	13	1.19632
81	22	1.15139
81	23	1.11811
81	25	1.15139
81	27	1.11811
81	63	1.06395
81	68	1.13061
81	74	1.04848
81	99	1.15405
81	101	1.14917
81	150	0.706679
81	160	0.644688
81	166	1.09072
81	167	0.673931
81	170	0.800598
81	177	0.738802
81	179	0.710865
82	1	0.493
82	64	1.21353
82	69	1.09669
82	78	1.15097
82	86	1.13851
82	91	0.671294
82	92	1.10733
82	106	1.14068
82	111	1.16767
82	116	1.14399
82	121	0.784016
82	122	1.1703
82	124	1.15435
82	129	1.17901
82	150	1.11333
82	168	0.754377
82	170	1.08512
82	172	1.13852
82	176	0.724608
82	180	0.801578
83	2	1.23756
83	31	0.893785
83	70	1.11276
83	97	0.674511
83	103	0.579102
83	131	1.17578
83	132	0.577821
83	146	0.551677
83	149	1.14342
83	156	1.17342
83	164	1.16709
83	168	1.12132
83	169	1.16187
83	173	0.496205
83	175	1.12346
83	176	1.13848
83	177	1.1147
83	178	1.10274
83	179	1.12717
83	180	1.10022
84	85	1.10579
84	97	1.05428
84	105	1.10583
84	118	0.635103
84	123	0.753808
84	125	1.1263
84	134	1.11399
84	140	1.1325
84	141	1.11279
84	144	1.09664
84	146	1.13772
84	151	1.12594
84	152	0.847469
84	153	1.09889
84	154	1.13123
84	155	1.12085
84	159	0.711995
84	162	1.13663
84	168	0.778854
84	174	1.20063
84	176	0.749085
85	51	1.14549
85	84	1.10579
85	104	0.731297
85	118	0.658709
85	127	0.623771
85	130	1.09231
85	134	1.11666
85	135	1.14377
85	140	1.13516
85	141	1.11546
85	146	1.14038
85	148	1.13858
85	150	1.08889
85	151	1.1286
85	152	0.871075
85	153	1.10155
85	154	1.1339
85	155	1.12351
85	166	1.08994
85	168	0.80246
85	172	0.789592
86	11	1.0519
86	52	1.15171
86	78	1.13214
86	82	1.13851
86	87	1.1138
86	88	0.731771
86	92	1.08849
86	106	1.12185
86	111	1.14884
86	116	1.12515
86	117	0.709318
86	120	0.793898
86	122	1.15147
86	124	1.13551
86	129	1.16017
86	150	1.0945
86	166	0.762209
86	170	1.06628
86	172	1.11969
86	175	0.755718
86	176	0.724532
87	52	1.14584
87	64	1.18883
87	69	1.07199
87	78	1.12627
87	80	0.72402
87	86	1.1138
87	92	1.08262
87	106	1.11598
87	111	1.14297
87	115	0.687415
87	116	1.11928
87	120	0.837734
87	122	1.1456
87	124	1.12964
87	129	1.15431
87	131	0.680674
87	150	1.08863
87	156	0.697624
87	170	1.06041
87	172	1.11382
87	177	0.803187
88	7	0.507942
88	26	0.705286
88	46	1.06966
88	60	1.118
88	65	0.834765
88	66	1.15379
88	72	0.664945
88	86	0.731771
88	124	0.709073
88	148	1.14589
88	152	1.06894
88	153	1.10886
88	154	1.14121
88	155	1.13082
88	162	1.1466
88	165	1.15602
88	167	1.1162
88	173	1.19226
88	177	1.09274
88	178	1.08078
88	180	1.07825
89	24	1.13154
89	31	1.06672
89	36	1.08343
89	42	1.04511
89	44	1.15947
89	47	1.16041
89	54	1.13271
89	64	1.17674
89	92	1.07053
89	117	0.720904
89	124	1.11755
89	129	1.14221
89	139	0.75015
89	165	0.686252
89	170	1.04832
89	172	1.10173
89	173	1.1726
89	174	1.19094
89	176	0.736118
89	177	0.770937
89	180	0.813087
90	27	0.704232
90	110	0.73648
90	118	1.18393
90	119	1.12666
90	120	1.07158
90	147	0.689414
90	149	1.1219
90	151	0.651616
90	156	1.1519
90	158	0.590975
90	160	1.14407
90	164	1.14557
90	167	1.11664
90	168	1.0998
90	171	1.14151
90	174	0.599104
90	175	1.10194
90	176	1.11696
90	177	1.09318
90	179	1.10565
90	180	1.0787
91	49	0.833189
91	82	0.671294
91	96	1.11017
91	108	0.615603
91	112	1.16389
91	146	0.644032
91	153	0.664612
91	157	1.14651
91	161	1.1445
91	163	1.09131
91	164	1.14944
91	168	1.10367
91	169	1.14422
91	171	1.14539
91	173	0.58856
91	175	1.10582
91	176	1.12083
91	177	1.09706
91	178	1.0851
91	179	1.10952
91	180	1.08257
92	52	1.12053
92	53	0.817982
92	64	1.16352
92	69	1.04667
92	82	1.10733
92	86	1.08849
92	87	1.08262
92	89	1.07053
92	106	1.09066
92	111	1.11766
92	113	1.10998
92	116	1.09397
92	122	1.12029
92	124	1.10433
92	129	1.12899
92	142	1.11934
92	145	0.757091
92	163	0.817715
92	170	1.0351
92	171	0.713438
92	176	0.758332
92	179	0.765215
93	26	1.17946
93	55	1.14531
93	58	1.14946
93	62	1.21543
93	65	1.09481
93	71	1.18152
93	72	1.18152
93	73	1.18319
93	76	1.15635
93	79	1.15788
93	101	1.18817
93	113	0.599458
93	115	0.600907
93	120	0.751227
93	121	0.741269
93	123	1.13377
93	127	1.20812
93	136	0.640995
93	158	1.2365
93	165	1.18849
93	171	0.636966
93	178	0.751859
94	75	0.62386
94	80	0.631023
94	97	1.1068
94	112	0.610281
94	114	1.16796
94	125	1.17883
94	130	1.14217
94	132	1.18162
94	134	1.16652
94	135	1.19363
94	141	1.16531
94	144	1.14917
94	148	1.18844
94	151	1.17846
94	154	1.18376
94	155	1.17337
94	156	0.604627
94	162	1.18915
94	169	0.643209
94	170	0.771987
94	173	1.23481
94	178	0.745369
95	28	0.972048
95	60	0.85375
95	106	0.821923
95	129	0.835182
95	137	1.07803
95	143	0.858864
95	149	1.04602
95	150	1.02076
95	151	0.844648
95	156	1.07602
95	159	1.05656
95	161	1.06475
95	167	1.04076
95	169	1.06447
95	170	0.992548
95	171	1.06564
95	175	1.02607
95	176	1.04108
95	177	1.0173
95	178	1.00534
95	179	1.02977
95	180	1.00282
96	12	0.638963
96	13	0.703924
96	50	0.866515
96	91	1.11017
96	98	1.07504
96	109	0.689432
96	112	1.14235
96	140	0.706942
96	156	1.13423
96	160	1.12641
96	161	1.12296
96	163	1.06977
96	164	1.1279
96	167	1.09897
96	168	1.08213
96	169	1.12268
96	174	0.658716
96	176	1.09929
96	177	1.07552
96	178	1.06355
96	179	1.08798
96	180	1.06103
97	6	1.13227
97	67	0.991964
97	83	0.674511
97	84	1.05428
97	94	1.1068
97	110	1.04756
97	114	1.06659
97	125	1.07746
97	126	0.732053
97	132	1.08024
97	134	1.06515
97	146	1.08887
97	147	1.07265
97	148	1.08707
97	151	1.07709
97	153	1.05004
97	154	1.08238
97	155	1.072
97	162	1.08778
97	164	0.743991
97	167	0.790129
97	174	1.15178
97	175	0.851367
98	32	0.683607
98	76	0.761333
98	96	1.07504
98	108	0.729795
98	115	1.11207
98	128	1.0647
98	135	0.721204
98	140	0.740169
98	149	1.09064
98	153	0.778803
98	159	1.10118
98	160	1.11282
98	161	1.10937
98	163	1.05618
98	168	1.06854
98	169	1.10909
98	171	1.11026
98	175	1.07069
98	176	1.0857
98	177	1.06193
98	178	1.04997
98	179	1.07439
98	180	1.04744
99	42	0.762302
99	58	0.628502
99	60	0.591655
99	63	1.10797
99	64	0.588487
99	66	0.618419
99	68	1.17464
99	69	0.804153
99	74	1.09251
99	81	1.15405
99	106	0.559829
99	133	1.17397
99	135	1.18857
99	141	1.16026
99	149	1.15895
99	153	1.14636
99	159	1.16949
99	161	1.17768
99	162	1.1841
99	166	1.13474
99	178	1.11827
99	179	1.1427
99	180	1.11575
100	1	1.19531
100	59	1.11921
100	68	0.678782
100	103	0.719562
100	110	0.763232
100	136	1.11587
100	138	1.09343
100	152	1.04767
100	153	0.712716
100	159	1.11072
100	160	1.12236
100	161	1.11892
100	162	0.660633
100	163	1.06572
100	164	1.12385
100	171	1.1198
100	173	0.636665
100	176	1.09524
100	177	1.07147
100	178	1.05951
100	179	1.08394
100	180	1.05698
101	32	0.5743
101	33	0.681248
101	48	0.610503
101	63	1.10309
101	68	1.16976
101	73	1.18333
101	74	1.08763
101	79	1.15803
101	81	1.14917
101	93	1.18817
101	109	0.613353
101	132	0.675061
101	133	0.66953
101	156	1.18408
101	158	1.23664
101	165	1.18864
101	166	1.12987
101	173	0.593445
101	175	1.13412
101	177	1.12536
101	178	1.1134
101	179	1.13783
101	180	1.11088
102	8	0.602775
102	26	0.644294
102	30	0.571292
102	115	1.18173
102	117	1.16359
102	137	1.19232
102	140	0.625538
102	141	0.683858
102	143	0.64404
102	145	1.1542
102	152	1.10779
102	155	0.642988
102	157	1.18104
102	159	1.17084
102	163	1.12584
102	166	1.1361
102	167	1.15505
102	169	1.17876
102	175	1.14035
102	177	1.13159
102	178	1.11963
102	179	1.14406
102	180	1.11711
103	83	0.579102
103	100	0.719562
103	109	1.17917
103	110	1.12369
103	125	1.15358
103	130	1.11692
103	137	0.675652
103	140	1.15977
103	141	1.14007
103	144	1.12392
103	146	1.16499
103	147	1.14878
103	148	1.16319
103	151	1.15322
103	153	1.12616
103	154	1.15851
103	162	1.16391
103	164	0.648582
103	166	1.11455
103	171	0.679877
103	173	1.20956
103	178	0.79477
103	179	0.731655
104	23	0.674334
104	53	1.0868
104	64	0.648118
104	85	0.731297
104	115	1.15397
104	118	1.19458
104	136	1.14823
104	148	0.646117
104	150	1.10729
104	153	0.676532
104	154	0.639909
104	159	1.14308
104	160	1.15472
104	164	1.15621
104	168	1.11044
104	169	1.151
104	171	1.15216
104	173	0.600481
104	175	1.11259
104	176	1.1276
104	177	1.10383
104	178	1.09187
104	179	1.1163
104	180	1.08934
105	33	1.10126
105	70	0.755543
105	84	1.10583
105	109	1.1546
105	110	1.09912
105	125	1.12901
105	133	1.1292
105	134	1.1167
105	135	1.14381
105	141	1.11549
105	146	1.14042
105	147	1.12421
105	148	1.13862
105	149	0.701022
105	153	1.10159
105	154	1.13394
105	155	1.12355
105	157	0.710032
105	161	0.702501
105	162	1.13933
105	164	0.669656
105	169	0.713684
105	174	1.20333
105	180	0.822816
106	28	0.835091
106	43	1.09071
106	52	1.15388
106	64	1.19687
106	69	1.08003
106	78	1.13431
106	82	1.14068
106	86	1.12185
106	87	1.11598
106	92	1.09066
106	95	0.821923
106	99	0.559829
106	111	1.15101
106	116	1.12732
106	122	1.15364
106	124	1.13769
106	128	0.703172
106	129	1.16235
106	142	1.1527
106	166	0.69853
106	169	0.628691
106	170	1.06845
106	172	1.12186
106	180	0.737823
107	9	0.862657
107	21	1.16848
107	22	0.724702
107	33	0.720949
107	44	0.645883
107	67	1.0233
107	139	1.11067
107	145	1.1107
107	156	1.14681
107	160	1.13898
107	161	1.13554
107	162	0.657113
107	164	1.14047
107	167	1.11155
107	168	1.0947
107	169	1.13526
107	171	1.13642
107	173	0.633145
107	174	0.622337
107	175	1.09685
107	176	1.11187
107	177	1.08809
107	178	1.07613
107	179	1.10056
107	180	1.07361
108	91	0.615603
108	98	0.729795
108	110	1.14164
108	118	0.554935
108	128	0.711236
108	132	1.17432
108	133	1.17172
108	135	1.18633
108	140	1.17772
108	141	1.15802
108	142	1.18748
108	144	1.14187
108	147	1.16673
108	148	1.18114
108	151	1.17117
108	153	1.14411
108	154	1.17646
108	155	1.16607
108	161	0.625572
108	162	1.18185
108	171	0.624023
108	173	1.22751
108	174	1.24585
108	176	0.668917
108	180	0.745887
109	96	0.689432
109	101	0.613353
109	103	1.17917
109	105	1.1546
109	134	1.16276
109	138	0.678726
109	140	1.18126
109	141	1.16155
109	144	1.14541
109	146	1.18648
109	147	1.17027
109	148	1.18468
109	151	1.1747
109	153	1.14765
109	154	1.18
109	155	1.16961
109	157	0.625968
109	159	0.624692
109	162	1.18539
109	166	1.13604
109	170	0.758398
109	171	0.616888
109	173	1.23105
109	174	1.24939
109	179	0.668665
110	51	1.13611
110	90	0.73648
110	97	1.04756
110	100	0.763232
110	103	1.12369
110	105	1.09912
110	108	1.14164
110	114	1.10872
110	125	1.11959
110	128	0.81076
110	130	1.08293
110	132	1.12237
110	133	1.11978
110	134	1.10728
110	136	0.727575
110	140	1.12578
110	144	1.08993
110	147	1.11478
110	153	1.09217
110	154	1.12452
110	155	1.11413
110	157	0.732627
110	162	1.12991
110	164	0.692251
110	176	0.768441
111	15	1.22416
111	43	1.1177
111	52	1.18087
111	59	0.664007
111	64	1.22386
111	69	1.10702
111	78	1.1613
111	82	1.16767
111	86	1.14884
111	87	1.14297
111	92	1.11766
111	106	1.15101
111	116	1.15432
111	119	0.640965
111	122	1.18063
111	124	1.16468
111	129	1.18934
111	139	0.706453
111	150	1.12366
111	161	0.649076
111	166	0.730098
111	168	0.72219
111	170	1.09545
111	171	0.647527
111	172	1.14885
111	178	0.762419
112	51	0.661057
112	62	0.614957
112	64	0.624421
112	78	0.711386
112	91	1.16389
112	94	0.610281
112	96	1.14235
112	118	1.21998
112	137	1.18996
112	143	0.632703
112	155	0.631652
112	157	1.17868
112	159	1.16849
112	161	1.17668
112	163	1.12349
112	167	1.15269
112	168	1.13585
112	169	1.1764
112	171	1.17756
112	173	0.576784
112	175	1.138
112	176	1.15301
112	177	1.12923
112	178	1.11727
112	179	1.1417
112	180	1.11475
113	41	1.08719
113	42	0.780924
113	43	1.11003
113	45	0.596993
113	49	1.08719
113	50	1.08719
113	92	1.10998
113	93	0.599458
113	116	1.14664
113	122	1.17296
113	124	1.157
113	125	0.649138
113	129	1.18166
113	130	0.673833
113	137	1.17325
113	141	0.655209
113	146	0.614944
113	154	0.5989
113	158	1.22381
113	168	1.11914
113	172	1.14118
113	174	1.23039
113	176	1.1363
113	177	1.11252
113	178	1.10056
113	179	1.12499
113	180	1.09804
114	6	1.19342
114	94	1.16796
114	97	1.06659
114	110	1.10872
114	117	0.729317
114	125	1.13861
114	130	1.10195
114	133	1.1388
114	135	1.15341
114	136	0.703665
114	140	1.1448
114	141	1.1251
114	144	1.10895
114	147	1.13381
114	148	1.14822
114	149	0.699707
114	151	1.13825
114	153	1.11119
114	154	1.14354
114	155	1.13315
114	162	1.14893
114	164	0.668341
114	167	0.71448
114	169	0.712369
114	170	0.841147
114	171	0.699637
114	173	1.19459
115	24	0.635547
115	36	0.709474
115	79	0.670757
115	87	0.687415
115	93	0.600907
115	98	1.11207
115	102	1.18173
115	104	1.15397
115	116	0.670499
115	119	1.14602
115	125	0.650587
115	126	1.15958
115	133	0.637006
115	152	1.08874
115	160	1.16343
115	161	1.15999
115	164	1.16492
115	167	1.136
115	168	1.11915
115	169	1.15971
115	171	1.16087
115	175	1.1213
115	176	1.13632
115	177	1.11254
115	178	1.10058
115	179	1.12501
115	180	1.09806
116	1	0.519844
116	15	1.20047
116	43	1.09402
116	52	1.15719
116	64	1.20018
116	69	1.08333
116	78	1.13762
116	82	1.14399
116	86	1.12515
116	87	1.11928
116	92	1.09397
116	106	1.12732
116	111	1.15432
116	113	1.14664
116	115	0.670499
116	120	0.820818
116	122	1.15695
116	124	1.14099
116	129	1.16565
116	142	1.156
116	156	0.680708
116	161	0.708107
116	166	0.789129
116	168	0.781221
116	170	1.07176
116	171	0.706557
116	172	1.12517
117	51	0.710933
117	62	0.664834
117	86	0.709318
117	89	0.720904
117	102	1.16359
117	114	0.729317
117	119	1.12788
117	126	1.14143
117	135	0.645113
117	138	1.11635
117	139	1.11697
117	149	1.12311
117	151	0.668364
117	152	1.0706
117	157	1.14385
117	159	1.13365
117	160	1.14529
117	161	1.14184
117	164	1.14678
117	168	1.10101
117	171	1.14273
117	174	0.615852
117	175	1.10316
117	176	1.11817
117	177	1.0944
117	178	1.08243
117	179	1.10686
117	180	1.07991
118	22	0.619449
118	50	0.724883
118	75	1.2165
118	76	0.586474
118	84	0.635103
118	85	0.658709
118	90	1.18393
118	104	1.19458
118	108	0.554935
118	112	1.21998
118	128	1.15592
118	130	0.642253
118	131	1.21423
118	152	1.12935
118	160	1.20404
118	161	1.2006
118	164	1.20553
118	167	1.17661
118	168	1.15976
118	171	1.20148
118	173	0.527892
118	174	0.517084
118	175	1.16191
118	176	1.17693
118	177	1.15315
118	178	1.14119
118	179	1.16562
118	180	1.13867
119	11	0.836526
119	37	0.693124
119	78	0.72502
119	80	1.16386
119	90	1.12666
119	111	0.640965
119	115	1.14602
119	117	1.12788
119	121	1.11142
119	133	0.666503
119	148	0.636055
119	152	1.07209
119	155	0.645286
119	157	1.14533
119	158	0.571481
119	161	1.14333
119	163	1.09014
119	164	1.14827
119	167	1.11934
119	169	1.14305
119	171	1.14421
119	172	1.12454
119	175	1.10464
119	176	1.11966
119	177	1.09588
119	178	1.08392
119	179	1.10835
119	180	1.0814
120	10	1.12788
120	24	1.09927
120	35	1.04879
120	42	1.01284
120	43	0.876177
120	67	0.976016
120	73	0.750323
120	76	0.769822
120	86	0.793898
120	87	0.837734
120	90	1.07158
120	93	0.751227
120	116	0.820818
120	128	1.04357
120	130	1.04768
120	133	1.08454
120	134	1.07203
120	148	1.09395
120	154	1.08927
120	157	1.09025
120	162	1.09467
120	169	1.08797
120	170	1.01605
120	174	1.15867
120	176	1.06458
120	177	1.0408
120	179	1.05327
120	180	1.02632
121	1	1.20178
121	12	0.670722
121	29	0.715003
121	38	0.650229
121	75	1.1413
121	76	0.759864
121	82	0.784016
121	93	0.741269
121	119	1.11142
121	137	1.13867
121	152	1.05415
121	157	1.12739
121	159	1.11719
121	160	1.12883
121	163	1.0722
121	164	1.13033
121	167	1.1014
121	168	1.08456
121	169	1.12511
121	170	1.05319
121	171	1.12627
121	173	0.701283
121	174	0.690474
121	175	1.0867
121	176	1.10172
121	177	1.07794
121	178	1.06598
121	179	1.09041
121	180	1.06346
122	15	1.22679
122	43	1.12033
122	52	1.1835
122	64	1.22649
122	69	1.10965
122	78	1.16393
122	82	1.1703
122	86	1.15147
122	87	1.1456
122	92	1.12029
122	106	1.15364
122	111	1.18063
122	113	1.17296
122	116	1.15695
122	124	1.16731
122	128	0.720614
122	129	1.19197
122	142	1.18232
122	150	1.12629
122	152	0.77668
122	160	0.619001
122	165	0.62843
122	166	0.715972
122	169	0.646134
122	170	1.09808
122	172	1.15149
122	175	0.709481
122	177	0.713115
122	179	0.685178
123	10	1.15803
123	14	0.638256
123	32	1.20647
123	35	1.07895
123	47	1.15829
123	58	1.09521
123	65	1.04056
123	76	1.10209
123	79	1.10363
123	84	0.753808
123	93	1.13377
123	124	0.706558
123	129	0.678835
123	132	0.728214
123	140	0.684015
123	143	1.10437
123	151	0.688301
123	152	1.04716
123	158	1.18224
123	159	1.11021
123	167	1.09442
123	170	1.0462
123	173	0.646598
123	174	1.18882
123	175	1.07972
123	177	1.07096
123	178	1.059
123	179	1.08343
123	180	1.05647
124	11	1.06774
124	15	1.21084
124	43	1.10438
124	52	1.16755
124	64	1.21054
124	69	1.0937
124	78	1.14798
124	82	1.15435
124	86	1.13551
124	87	1.12964
124	88	0.709073
124	89	1.11755
124	92	1.10433
124	106	1.13769
124	111	1.16468
124	113	1.157
124	116	1.14099
124	122	1.16731
124	123	0.706558
124	128	0.744153
124	129	1.17601
124	131	0.614141
124	136	0.660969
124	142	1.16636
124	150	1.11034
124	157	0.666021
124	172	1.13553
124	175	0.733021
124	179	0.708718
124	180	0.778804
125	77	0.761928
125	84	1.1263
125	94	1.17883
125	97	1.07746
125	103	1.15358
125	105	1.12901
125	110	1.11959
125	113	0.649138
125	114	1.13861
125	115	0.650587
125	130	1.11282
125	131	0.643847
125	132	1.15227
125	133	1.14967
125	140	1.15567
125	141	1.13597
125	144	1.11982
125	145	0.730299
125	146	1.16089
125	147	1.14468
125	148	1.15909
125	149	0.686716
125	153	1.12206
125	154	1.15441
125	155	1.14402
125	161	0.688195
125	162	1.1598
125	164	0.65535
125	173	1.20546
125	180	0.80851
126	2	1.2323
126	15	0.577537
126	22	0.645304
126	36	0.7023
126	50	0.750738
126	51	0.63802
126	57	0.679966
126	97	0.732053
126	115	1.15958
126	117	1.14143
126	128	1.11221
126	131	1.17052
126	136	1.15384
126	137	1.17017
126	152	1.08564
126	153	0.629798
126	156	1.16816
126	159	1.14869
126	160	1.16033
126	163	1.10369
126	164	1.16182
126	167	1.1329
126	168	1.11605
126	169	1.15661
126	171	1.15777
126	173	0.553747
126	175	1.1182
126	176	1.13322
126	179	1.12191
126	180	1.09496
127	13	0.527354
127	18	0.629599
127	46	1.12223
127	56	1.16579
127	57	1.16579
127	62	1.23552
127	65	1.1149
127	66	1.20636
127	69	0.756257
127	71	1.20162
127	72	1.20162
127	76	1.17644
127	78	0.627556
127	85	0.623771
127	93	1.20812
127	134	0.603977
127	147	0.572456
127	148	0.538591
127	151	0.534658
127	159	1.18456
127	160	1.1962
127	163	1.13956
127	164	1.19769
127	165	1.20858
127	173	1.24482
127	175	1.15407
127	177	1.14531
127	180	1.13082
128	98	1.0647
128	106	0.703172
128	108	0.711236
128	110	0.81076
128	118	1.15592
128	120	1.04357
128	122	0.720614
128	124	0.744153
128	126	1.11221
128	135	0.702645
128	136	1.10957
128	144	0.760699
128	152	1.04137
128	156	1.12389
128	157	1.11462
128	159	1.10442
128	160	1.11606
128	161	1.11262
128	162	0.708161
128	163	1.05943
128	164	1.11755
128	167	1.08863
128	169	1.11234
128	171	1.1135
128	175	1.07393
128	176	1.08895
128	177	1.06517
128	178	1.05321
128	179	1.07764
128	180	1.05069
129	11	1.0924
129	15	1.2355
129	21	0.632328
129	43	1.12904
129	52	1.19221
129	64	1.2352
129	69	1.11836
129	78	1.17264
129	82	1.17901
129	86	1.16017
129	87	1.15431
129	89	1.14221
129	92	1.12899
129	95	0.835182
129	106	1.16235
129	111	1.18934
129	113	1.18166
129	116	1.16565
129	122	1.19197
129	123	0.678835
129	124	1.17601
129	139	0.688144
129	142	1.19103
129	149	0.629288
129	150	1.135
129	156	0.603367
129	164	0.597922
129	166	0.711788
129	168	0.703881
129	169	0.64195
129	170	1.10678
129	172	1.16019
130	17	1.16288
130	85	1.09231
130	94	1.14217
130	103	1.11692
130	110	1.08293
130	113	0.673833
130	114	1.10195
130	118	0.642253
130	120	1.04768
130	125	1.11282
130	132	1.11561
130	133	1.11301
130	135	1.12762
130	140	1.11901
130	141	1.09931
130	143	1.10269
130	144	1.08316
130	146	1.12423
130	148	1.12243
130	151	1.11246
130	153	1.0854
130	154	1.11775
130	155	1.10736
130	160	0.696941
130	162	1.12314
130	165	0.70637
130	168	0.786004
130	170	0.852851
130	172	0.773136
130	174	1.18714
130	178	0.826233
130	179	0.763118
131	34	0.549194
131	42	0.775633
131	45	0.591702
131	46	0.712652
131	67	1.05869
131	71	0.754421
131	83	1.17578
131	87	0.680674
131	118	1.21423
131	124	0.614141
131	125	0.643847
131	126	1.17052
131	138	1.14544
131	141	0.649918
131	152	1.09968
131	156	1.1822
131	157	1.17293
131	158	0.535243
131	159	1.16273
131	160	1.17437
131	161	1.17093
131	163	1.11773
131	164	1.17586
131	167	1.14694
131	168	1.13009
131	169	1.17065
131	171	1.17181
131	175	1.13224
131	176	1.14725
131	177	1.12348
131	178	1.11152
131	179	1.13595
131	180	1.10899
132	39	0.546921
132	45	1.20565
132	51	1.16879
132	83	0.577821
132	94	1.18162
132	97	1.08024
132	101	0.675061
132	108	1.17432
132	110	1.12237
132	123	0.728214
132	125	1.15227
132	130	1.11561
132	133	1.15246
132	134	1.13996
132	135	1.16707
132	140	1.15846
132	141	1.13875
132	143	1.14213
132	144	1.12261
132	146	1.16368
132	147	1.14746
132	148	1.16188
132	153	1.12485
132	154	1.1572
132	155	1.14681
132	162	1.16259
132	163	0.782873
132	164	0.6473
132	165	0.673625
132	166	1.11323
132	167	0.693439
132	170	0.820106
132	179	0.730373
133	17	1.19973
133	19	1.16317
133	99	1.17397
133	101	0.66953
133	105	1.1292
133	108	1.17172
133	110	1.11978
133	114	1.1388
133	115	0.637006
133	119	0.666503
133	120	1.08454
133	125	1.14967
133	130	1.11301
133	132	1.15246
133	140	1.15587
133	141	1.13616
133	146	1.16109
133	147	1.14487
133	148	1.15928
133	151	1.14931
133	153	1.12226
133	154	1.1546
133	155	1.14422
133	156	0.647215
133	160	0.658665
133	162	1.16
133	165	0.668093
133	166	1.11064
133	168	0.747728
133	173	1.20565
133	175	0.749145
133	177	0.752779
133	179	0.724842
134	6	1.19198
134	19	1.15067
134	33	1.10942
134	51	1.1537
134	75	0.701386
134	84	1.11399
134	85	1.11666
134	94	1.16652
134	97	1.06515
134	105	1.1167
134	109	1.16276
134	110	1.10728
134	120	1.07203
134	127	0.603977
134	132	1.13996
134	135	1.15197
134	136	0.712031
134	137	0.703777
134	143	1.12704
134	144	1.10751
134	145	0.751656
134	146	1.14858
134	147	1.13237
134	148	1.14678
134	151	1.13681
134	153	1.10975
134	155	1.13172
134	156	0.682153
134	162	1.14749
134	167	0.722846
134	169	0.720735
134	173	1.19315
134	175	0.784083
134	177	0.787717
135	17	1.21434
135	33	1.13653
135	39	0.483758
135	53	0.719977
135	85	1.14377
135	94	1.19363
135	98	0.721204
135	99	1.18857
135	105	1.14381
135	108	1.18633
135	114	1.15341
135	117	0.645113
135	128	0.702645
135	130	1.12762
135	132	1.16707
135	134	1.15197
135	137	0.611207
135	140	1.17047
135	141	1.15077
135	144	1.13462
135	145	0.659086
135	146	1.17569
135	148	1.17389
135	151	1.16391
135	153	1.13686
135	154	1.16921
135	155	1.15882
135	161	0.616982
135	162	1.1746
135	166	1.12525
135	170	0.756943
135	173	1.22026
135	174	1.2386
135	175	0.691513
135	179	0.66721
136	16	0.836081
136	20	0.692428
136	28	1.06154
136	70	1.10486
136	93	0.640995
136	100	1.11587
136	104	1.14823
136	110	0.727575
136	114	0.703665
136	124	0.660969
136	126	1.15384
136	128	1.10957
136	134	0.712031
136	138	1.12875
