1	11	0.927668
1	22	0.92814
1	33	0.896721
1	75	0.888885
1	84	0.857521
1	92	1.74017
1	108	0.908135
1	111	0.917121
1	130	1.28679
1	148	0.897871
1	158	1.15484
1	179	2.13899
2	13	0.87284
2	24	0.758713
2	26	0.727787
2	45	0.781623
2	73	0.809166
2	78	0.890959
2	81	0.78204
2	82	0.782522
2	114	0.817024
2	124	1.65557
2	162	1.58739
2	168	2.67341
3	64	0.829046
3	98	1.38019
3	137	2.52617
3	143	0.798207
3	144	0.79371
3	146	0.799467
3	149	0.781875
3	151	0.821093
3	152	0.803795
3	166	0.858132
3	173	2.04073
3	176	0.69592
4	9	0.75054
4	48	0.791329
4	53	0.758365
4	57	0.848696
4	65	0.819226
4	95	0.820181
4	110	0.83361
4	126	0.801088
4	140	1.59915
4	147	0.799438
4	157	1.6284
4	178	2.74112
5	46	1.19934
5	112	0.96558
5	146	1.04512
5	147	1.3924
5	156	0.849645
5	170	0.819153
5	175	0.795469
5	176	0.771676
5	177	0.72832
5	178	0.748132
5	179	0.766439
5	180	0.742846
6	17	0.848552
6	20	0.860707
6	21	0.856609
6	23	0.706976
6	36	0.890807
6	38	0.769083
6	59	0.740302
6	90	0.693307
6	123	1.20908
6	161	1.7369
6	166	0.850667
6	180	2.98594
7	71	1.21095
7	80	1.18279
7	87	1.21859
7	141	0.863623
7	144	0.850389
7	146	0.856146
7	151	0.877772
7	170	0.800076
7	175	0.776392
7	177	0.709243
7	178	0.729055
7	180	0.723769
8	24	0.882999
8	26	0.852074
8	27	0.836573
8	81	0.906327
8	82	0.906809
8	97	1.21004
8	98	1.52502
8	113	1.57422
8	114	0.941311
8	122	0.954497
8	125	0.924573
8	167	1.92712
9	4	0.75054
9	41	0.792168
9	90	0.710464
9	95	0.835688
9	110	0.849117
9	112	1.66291
9	113	2.10742
9	115	0.813185
9	126	0.816595
9	147	0.814945
9	160	2.15619
9	161	0.814955
10	12	0.841555
10	55	0.755767
10	68	0.815448
10	72	0.781903
10	74	0.776962
10	75	0.787613
10	86	0.812472
10	91	0.816728
10	111	0.815849
10	138	1.56476
10	139	1.76408
10	179	2.6313
11	1	0.927668
11	80	0.923713
11	84	0.851401
11	87	0.906459
11	89	1.26955
11	103	0.864721
11	106	0.926078
11	108	0.902015
11	123	1.22268
11	148	0.891751
11	161	1.75051
11	167	2.03006
12	10	0.841555
12	37	0.86977
12	55	0.866078
12	66	0.908461
12	68	0.925759
12	69	1.00115
12	72	0.892214
12	74	0.887273
12	133	1.0742
12	165	0.994286
12	171	1.73524
12	177	2.60346
13	2	0.87284
13	26	0.847787
13	27	0.832287
13	45	0.901623
13	73	0.929166
13	78	1.01096
13	81	0.90204
13	82	0.902522
13	107	1.09601
13	117	1.294
13	159	1.35489
13	180	2.62191
14	28	0.823505
14	34	0.819892
14	44	0.893398
14	61	0.729137
14	70	0.814896
14	71	0.784023
14	76	0.784171
14	149	0.778471
14	160	0.784734
14	168	2.20771
14	170	1.62728
14	174	2.10559
15	17	0.963263
15	23	0.821687
15	36	1.00552
15	38	0.883795
15	59	0.855013
15	90	0.808018
15	101	0.896012
15	132	1.21922
15	159	1.33305
15	165	1.77851
15	166	0.965379
15	176	2.03376
16	28	0.940031
16	43	0.888916
16	61	0.845663
16	70	0.931423
16	71	0.900549
16	76	0.900697
16	88	1.18897
16	131	1.13679
16	133	1.74646
16	137	2.26251
16	149	0.894998
16	160	0.901261
17	6	0.848552
17	15	0.963263
17	21	0.973427
17	23	0.823794
17	38	0.885902
17	49	0.888218
17	59	0.85712
17	120	1.02612
17	131	1.62836
17	164	1.93797
17	166	0.967486
17	169	1.67329
18	35	0.902474
18	37	0.861884
18	50	0.868212
18	66	0.900575
18	68	0.917873
18	69	0.993261
18	72	0.884328
18	74	0.879387
18	158	1.12637
18	163	1.74627
18	170	1.52771
18	176	1.92787
19	55	1.53168
19	70	1.18109
19	81	1.10805
19	129	0.898867
19	154	0.875211
19	172	0.805139
19	173	0.801848
19	174	0.780928
19	175	0.799018
19	177	0.731868
19	178	0.75168
19	180	0.746395
20	6	0.860707
20	23	0.835949
20	36	1.01978
20	49	0.900373
20	59	0.869275
20	90	0.82228
20	101	0.910274
20	107	1.06111
20	136	1.57513
20	166	0.979641
20	172	1.65593
20	176	2.02069
21	6	0.856609
21	17	0.973427
21	23	0.831851
21	38	0.893959
21	49	0.896275
21	59	0.865177
21	101	0.906176
21	140	1.449
21	142	1.41901
21	145	0.85164
21	166	0.975543
21	178	2.59098
22	1	0.92814
22	75	0.883238
22	83	0.854312
22	91	0.912353
22	97	1.31366
22	106	0.92655
22	108	0.902488
22	111	0.911473
22	125	0.885113
22	140	1.92017
22	145	1.32281
22	169	1.69383
23	6	0.706976
23	15	0.821687
23	17	0.823794
23	20	0.835949
23	21	0.831851
23	36	0.866049
23	38	0.744325
23	42	2.51051
23	49	0.746642
23	137	2.16062
23	140	1.30617
23	166	0.825909
24	2	0.758713
24	8	0.882999
24	26	0.733661
24	45	0.787496
24	73	0.815039
24	81	0.787913
24	82	0.788396
24	119	1.63129
24	122	0.836084
24	125	0.80616
24	159	1.94194
24	165	2.38739
25	39	1.53766
25	121	0.804943
25	139	0.854193
25	150	1.25461
25	163	0.802197
25	166	1.23438
25	170	0.808185
25	172	0.790623
25	173	0.787331
25	177	0.717352
25	178	0.737164
25	179	0.755472
25	180	0.731878
26	2	0.727787
26	8	0.852074
26	13	0.847787
26	24	0.733661
26	27	0.687234
26	73	0.784114
26	78	0.865906
26	81	0.756988
26	82	0.75747
26	118	1.5425
26	125	0.775234
26	154	2.21872
26	172	2.51715
27	8	0.836573
27	13	0.832287
27	26	0.687234
27	73	0.768613
27	78	0.850406
27	81	0.741487
27	82	0.741969
27	99	1.67473
27	114	0.776471
27	122	0.789657
27	125	0.759734
27	159	1.98005
27	176	2.68075
28	14	0.823505
28	16	0.940031
28	43	0.856039
28	61	0.812786
28	70	0.898546
28	71	0.867672
28	76	0.86782
28	123	1.11077
28	136	1.87576
28	149	0.862121
28	160	0.868384
28	162	1.41558
28	175	2.28073
29	32	0.804746
29	127	0.824257
29	136	0.74012
29	138	1.61534
29	141	0.795229
29	143	0.786492
29	144	0.781995
29	146	0.787752
29	151	0.809378
29	152	0.79208
29	155	2.07739
29	176	0.684205
29	179	2.68188
30	41	0.840297
30	57	0.912332
30	65	0.882862
30	95	0.883817
30	99	0.566948
30	100	0.846153
30	102	0.852114
30	104	0.844394
30	110	0.897246
30	116	0.849896
30	121	1.48882
30	177	2.92689
30	179	1.75561
31	57	1.97864
31	108	2.07491
31	113	0.767952
31	140	0.796673
31	162	0.808377
31	171	0.681041
31	172	0.726922
31	175	0.7208
31	177	0.653651
31	178	0.673463
31	179	0.691771
31	180	0.668178
32	29	0.804746
32	107	1.37899
32	134	2.09679
32	136	0.821633
32	141	0.876742
32	143	0.868006
32	146	0.869266
32	151	0.890892
32	152	0.873593
32	153	1.58658
32	159	0.860575
32	161	1.65584
32	166	0.92793
33	1	0.896721
33	75	0.851818
33	80	0.892766
33	84	0.820454
33	87	0.875512
33	91	0.880933
33	96	1.48606
33	103	0.833774
33	108	0.871068
33	111	0.880054
33	124	0.76094
33	175	1.55792
33	177	2.95242
34	14	0.819892
34	43	0.852426
34	44	0.973434
34	61	0.809173
34	70	0.894933
34	71	0.864059
34	76	0.864208
34	119	1.15579
34	130	1.49759
34	131	1.38214
34	149	0.858508
34	160	0.864771
34	171	2.65285
35	18	0.902474
35	37	0.828264
35	50	0.834592
35	55	0.824572
35	66	0.866955
35	68	0.884253
35	69	0.959641
35	72	0.850708
35	74	0.845767
35	135	1.7015
35	155	1.75816
35	158	1.3785
35	165	1.92475
36	6	0.890807
36	15	1.00552
36	20	1.01978
36	23	0.866049
36	38	0.928156
36	49	0.930473
36	59	0.899375
36	90	0.85238
36	109	0.947228
36	154	1.53279
36	161	1.51326
36	166	1.00974
36	169	1.45591
36	173	2.05126
37	12	0.86977
37	18	0.861884
37	35	0.828264
37	50	0.794002
37	55	0.783982
37	65	0.845546
37	66	0.826365
37	68	0.843663
37	69	0.919051
37	72	0.810118
37	118	1.30414
37	128	1.75027
37	162	1.73781
37	167	2.24038
38	6	0.769083
38	15	0.883795
38	17	0.885902
38	21	0.893959
38	23	0.744325
38	36	0.928156
38	49	0.80875
38	59	0.777651
38	101	0.818651
38	109	1.42811
38	118	1.33745
38	130	2.00731
38	166	0.888017
38	170	2.2767
39	25	1.53766
39	64	0.861217
39	77	0.8349
39	79	0.822093
39	121	2.02795
39	127	0.868143
39	131	1.3271
39	143	0.830378
39	144	0.825881
39	146	0.831638
39	148	0.836479
39	151	0.853264
39	152	0.835966
39	165	1.85686
40	41	0.92219
40	96	1.81802
40	115	0.943207
40	127	0.975686
40	131	1.14546
40	141	0.946658
40	144	0.933425
40	147	0.944967
40	150	0.958745
40	152	0.943509
40	163	1.74886
40	169	1.19039
40	172	1.5657
40	176	0.835635
41	9	0.792168
41	30	0.840297
41	40	0.92219
41	48	0.832956
41	97	1.39712
41	104	0.822385
41	114	0.849749
41	123	1.30681
41	126	0.842715
41	130	0.807555
41	147	0.841065
41	150	0.854843
41	153	1.76538
41	174	2.5955
42	23	2.51051
42	46	0.751229
42	79	0.742395
42	126	2.69022
42	133	0.713125
42	143	0.75068
42	151	0.773566
42	156	0.726362
42	168	0.644499
42	169	0.742267
42	173	0.675016
42	176	0.648393
42	177	0.605036
42	180	0.619563
43	16	0.888916
43	28	0.856039
43	34	0.852426
43	44	0.925932
43	61	0.76167
43	70	0.84743
43	71	0.816557
43	76	0.816705
43	118	1.29231
43	128	1.73845
43	149	0.811005
43	153	1.87975
43	156	2.14817
43	160	0.817268
44	14	0.893398
44	34	0.973434
44	43	0.925932
44	61	0.882679
44	70	0.968438
44	71	0.937565
44	76	0.937713
44	138	0.693904
44	149	0.932013
44	156	1.09424
44	160	0.938276
44	173	1.43307
44	178	2.20604
44	180	2.14411
45	2	0.781623
45	13	0.901623
45	24	0.787496
45	60	1.48535
45	73	0.837949
45	78	0.919742
45	81	0.810823
45	82	0.811305
45	89	1.64158
45	114	0.845807
45	122	0.858993
45	123	1.59471
45	125	0.82907
45	136	2.35969
46	5	1.19934
46	42	0.751229
46	127	0.888066
46	136	0.80393
46	146	0.851562
46	150	0.871125
46	151	0.873188
46	152	0.855889
46	156	1.69487
46	159	0.842871
46	166	0.910226
46	172	1.81368
46	173	2.03371
46	176	0.748015
47	54	0.903075
47	64	0.862027
47	77	0.83571
47	96	2.45007
47	98	1.75725
47	109	1.31376
47	129	1.58276
47	141	0.839925
47	144	0.826691
47	149	0.814856
47	151	0.854074
47	152	0.836776
47	166	0.891113
47	176	0.728901
48	4	0.791329
48	41	0.832956
48	57	0.904991
48	60	1.07616
48	63	0.805279
48	100	0.838812
48	102	0.844773
48	126	0.857383
48	130	0.822222
48	147	0.855733
48	161	0.855743
48	169	1.656
48	170	1.99591
48	176	2.39607
49	17	0.888218
49	20	0.900373
49	21	0.896275
49	23	0.746642
49	36	0.930473
49	38	0.80875
49	59	0.779968
49	90	0.732973
49	99	1.45069
49	101	0.820967
49	129	1.47696
49	166	0.890334
49	170	2.05655
49	172	2.09195
50	18	0.868212
50	35	0.834592
50	37	0.794002
50	55	0.79031
50	60	0.94943
50	66	0.832693
50	68	0.849991
50	69	0.925379
50	72	0.816446
50	74	0.811505
50	122	0.853955
50	158	1.46783
50	168	2.44961
50	176	2.26934
51	53	0.81357
51	90	0.750162
51	95	0.875386
51	102	0.843682
51	104	0.835963
51	107	1.40368
51	110	0.888815
51	115	0.852883
51	116	0.841465
51	119	1.3519
51	126	0.856293
51	147	0.854643
51	172	1.9985
51	176	2.36326
52	75	0.833803
52	83	0.804877
52	84	0.802438
52	86	0.858661
52	87	0.857496
52	103	0.815758
52	106	0.877115
52	108	0.853052
52	111	0.862038
52	125	0.835678
52	137	2.2515
52	158	1.10928
52	175	1.8702
52	176	1.91079
53	4	0.758365
53	51	0.81357
53	57	0.872027
53	63	0.772315
53	94	1.80733
53	95	0.843513
53	102	0.811809
53	110	0.856941
53	112	1.54417
53	116	0.809591
53	126	0.824419
53	147	0.822769
53	155	2.3229
53	161	0.822779
53	162	1.839
54	47	0.903075
54	61	0.855972
54	71	0.910858
54	76	0.911006
54	92	1.64645
54	132	1.04809
54	133	1.68729
54	134	1.62085
54	143	0.921639
54	144	0.917142
54	149	0.905307
54	152	0.927227
54	160	0.91157
54	174	1.94077
54	176	0.819352
55	10	0.755767
55	12	0.866078
55	19	1.53168
55	35	0.824572
55	37	0.783982
55	50	0.79031
55	65	0.841854
55	66	0.822673
55	68	0.839971
55	72	0.806426
55	74	0.801485
55	93	1.4729
55	120	1.30165
55	122	0.843935
55	174	2.76702
56	77	0.90601
56	97	1.12462
56	128	1.35158
56	141	0.910225
56	143	0.901488
56	144	0.896991
56	149	0.885156
56	151	0.924374
56	152	0.907076
56	157	1.76038
56	159	0.894057
56	160	1.53757
56	166	0.961413
56	173	2.10013
56	176	0.799201
57	4	0.848696
57	30	0.912332
57	31	1.97864
57	48	0.904991
57	53	0.872027
57	104	0.89442
57	115	0.91134
57	116	0.899922
57	126	0.91475
57	142	1.38176
57	150	0.926878
57	153	1.1735
57	157	1.441
57	161	0.91311
57	167	1.52231
58	80	0.944658
58	83	0.874784
58	86	0.928568
58	107	0.910446
58	108	0.92296
58	117	1.10844
58	125	0.905585
58	131	1.08502
58	142	0.880408
58	143	0.906595
58	146	0.907855
58	151	0.929481
58	171	2.35573
58	176	0.804308
58	178	2.49827
59	6	0.740302
59	15	0.855013
59	17	0.85712
59	20	0.869275
59	21	0.865177
59	36	0.899375
59	38	0.777651
59	49	0.779968
59	90	0.701875
59	101	0.789869
59	120	1.4315
59	123	1.60819
59	157	2.33426
59	166	0.859235
59	169	2.07867
60	45	1.48535
60	48	1.07616
60	50	0.94943
60	74	0.909683
60	137	0.872028
60	139	0.959884
60	149	0.790909
60	154	0.966386
60	162	0.977769
60	167	0.91592
60	171	0.850433
60	173	0.893023
60	174	0.872103
60	178	0.842855
60	180	0.83757
61	14	0.729137
61	16	0.845663
61	28	0.812786
61	34	0.809173
61	43	0.76167
61	44	0.882679
61	54	0.855972
61	70	0.804177
61	71	0.773303
61	76	0.773452
61	132	1.35532
61	149	0.767752
61	154	1.50666
61	160	0.774015
61	179	2.3525
61	180	2.73617
62	65	0.821588
62	76	1.96092
62	83	1.79167
62	100	0.784879
62	102	0.79084
62	104	0.78312
62	116	0.788622
62	121	0.736703
62	127	1.57132
62	147	0.8018
62	165	0.743016
62	171	0.676502
62	177	0.649112
62	178	0.668924
62	179	0.687232
62	180	0.663639
63	48	0.805279
63	53	0.772315
63	90	0.708907
63	95	0.834131
63	97	2.06286
63	100	0.796467
63	102	0.802428
63	104	0.794708
63	110	0.84756
63	116	0.80021
63	118	1.84368
63	120	1.79586
63	126	0.815038
63	145	2.07201
63	147	0.813388
63	161	0.813398
64	3	0.829046
64	39	0.861217
64	47	0.862027
64	88	1.39273
64	128	1.23228
64	141	0.889327
64	143	0.880591
64	144	0.876093
64	146	0.88185
64	151	0.903477
64	152	0.886178
64	156	1.642
64	163	1.94396
64	166	0.940515
64	175	2.08497
64	176	0.778303
65	4	0.819226
65	30	0.882862
65	37	0.845546
65	55	0.841854
65	62	0.821588
65	69	0.976923
65	74	0.863049
65	98	0.545153
65	115	0.88187
65	116	0.870452
65	122	0.905499
65	147	0.88363
65	171	1.83613
65	175	1.30983
65	177	2.70434
65	178	1.97867
66	12	0.908461
66	18	0.900575
66	35	0.866955
66	37	0.826365
66	50	0.832693
66	55	0.822673
66	68	0.882354
66	69	0.957742
66	72	0.848809
66	74	0.843868
66	122	0.886318
66	129	1.51465
66	139	1.80982
66	145	1.38331
66	159	1.79369
66	169	1.75433
67	80	1.18606
67	87	1.22186
67	95	0.874049
67	116	0.840127
67	126	0.854955
67	134	0.785591
67	147	0.853305
67	150	0.867083
67	152	1.36428
67	156	0.821942
67	166	1.09212
67	172	0.773888
67	175	0.767766
67	177	0.700617
67	179	0.738736
67	180	0.715143
68	10	0.815448
68	12	0.925759
68	18	0.917873
68	35	0.884253
68	37	0.843663
68	50	0.849991
68	55	0.839971
68	66	0.882354
68	72	0.866107
68	74	0.861166
68	98	1.40794
68	122	0.903616
68	158	1.4117
68	161	1.53049
68	164	1.73782
68	176	2.21321
69	12	1.00115
69	18	0.993261
69	35	0.959641
69	37	0.919051
69	50	0.925379
69	65	0.976923
69	66	0.957742
69	72	0.941495
69	74	0.936554
69	85	1.57916
69	89	0.818614
69	93	0.766308
69	122	0.979005
69	136	1.53673
69	142	1.43857
69	171	2.468
70	14	0.814896
70	16	0.931423
70	19	1.18109
70	28	0.898546
70	34	0.894933
70	43	0.84743
70	44	0.968438
70	61	0.804177
70	71	0.859063
70	76	0.859212
70	94	1.40088
70	130	1.66874
70	140	1.82456
70	142	1.79457
70	149	0.853512
70	160	0.859775
71	7	1.21095
71	14	0.784023
71	16	0.900549
71	28	0.867672
71	34	0.864059
71	43	0.816557
71	44	0.937565
71	54	0.910858
71	61	0.773303
71	70	0.859063
71	76	0.828338
71	149	0.822638
71	153	1.17894
71	159	1.23021
71	160	0.828901
71	164	1.45553
71	177	3.28484
72	10	0.781903
72	12	0.892214
72	18	0.884328
72	35	0.850708
72	37	0.810118
72	50	0.816446
72	55	0.806426
72	66	0.848809
72	68	0.866107
72	69	0.941495
72	74	0.827621
72	89	1.19824
72	117	1.60033
72	122	0.870071
72	153	1.60994
72	167	1.95875
72	175	2.32133
73	2	0.809166
73	13	0.929166
73	24	0.815039
73	26	0.784114
73	27	0.768613
73	45	0.837949
73	78	0.947285
73	81	0.838367
73	82	0.838849
73	114	0.873351
73	121	2.04686
73	122	0.886537
73	125	0.856613
73	128	1.23773
73	134	1.88924
73	156	1.64745
73	165	1.87576
74	10	0.776962
74	12	0.887273
74	18	0.879387
74	35	0.845767
74	50	0.811505
74	55	0.801485
74	60	0.909683
74	65	0.863049
74	66	0.843868
74	68	0.861166
74	69	0.936554
74	72	0.827621
74	122	0.86513
74	145	1.1185
74	160	1.5223
74	163	2.04799
74	171	2.7153
75	1	0.888885
75	10	0.787613
75	22	0.883238
75	33	0.851818
75	52	0.833803
75	83	0.815056
75	87	0.867676
75	103	0.825938
75	105	0.840381
75	106	0.887295
75	108	0.863232
75	148	0.852968
75	157	1.65075
75	160	1.42793
75	161	1.45251
75	165	1.87997
75	168	2.3155
76	14	0.784171
76	16	0.900697
76	28	0.86782
76	34	0.864208
76	43	0.816705
76	44	0.937713
76	54	0.911006
76	61	0.773452
76	62	1.96092
76	70	0.859212
76	71	0.828338
76	130	1.6907
76	132	1.54572
76	149	0.822787
76	160	0.82905
76	162	1.45451
76	169	1.62018
77	39	0.8349
77	47	0.83571
77	56	0.90601
77	128	1.22179
77	132	1.30054
77	134	1.8733
77	135	1.63658
77	136	0.807902
77	141	0.863011
77	143	0.854274
77	149	0.837942
77	151	0.87716
77	152	0.859862
77	159	0.846843
77	166	0.914199
77	176	0.751987
77	180	2.68139
78	2	0.890959
78	13	1.01096
78	26	0.865906
78	27	0.850406
78	45	0.919742
78	73	0.947285
78	81	0.920159
78	82	0.920641
78	97	0.891703
78	114	0.955143
78	117	1.25036
78	122	0.968329
78	125	0.938406
78	159	1.31124
78	161	1.32923
78	168	2.19222
78	174	2.09009
79	39	0.822093
79	42	0.742395
79	85	1.84141
79	101	0.832025
79	105	0.834981
79	127	0.879232
79	139	1.55997
79	143	0.841467
79	144	0.83697
79	146	0.842727
79	148	0.847568
79	150	0.86229
79	151	0.864353
79	152	0.847055
79	162	1.3388
79	168	2.42482
79	172	1.87979
79	176	0.73918
80	7	1.18279
80	11	0.923713
80	33	0.892766
80	58	0.944658
80	67	1.18606
80	83	0.856005
80	84	0.853566
80	86	0.909789
80	87	0.908624
80	103	0.866886
80	106	0.928243
80	108	0.90418
80	111	0.913166
80	135	1.42427
80	142	1.35904
80	148	0.893917
80	163	1.72117
80	175	1.86218
81	2	0.78204
81	8	0.906327
81	13	0.90204
81	19	1.10805
81	24	0.787913
81	26	0.756988
81	27	0.741487
81	45	0.810823
81	73	0.838367
81	78	0.920159
81	82	0.811723
81	114	0.846225
81	122	0.859411
81	125	0.829487
81	140	1.75152
81	155	1.84341
81	161	1.58253
81	179	2.4479
82	2	0.782522
82	8	0.906809
82	13	0.902522
82	24	0.788396
82	26	0.75747
82	27	0.741969
82	45	0.811305
82	73	0.838849
82	78	0.920641
82	81	0.811723
82	114	0.846707
82	122	0.859893
82	125	0.829969
82	129	1.40872
82	135	1.90997
82	157	1.904
82	162	1.48273
82	176	2.38847
83	22	0.854312
83	52	0.804877
83	58	0.874784
83	62	1.79167
83	75	0.815056
83	80	0.856005
83	84	0.783692
83	86	0.839915
83	87	0.83875
83	91	0.844171
83	103	0.797012
83	105	0.811455
83	108	0.834306
83	111	0.843292
83	120	0.80377
83	121	2.10685
83	162	1.28526
83	171	2.67671
84	1	0.857521
84	11	0.851401
84	33	0.820454
84	52	0.802438
84	80	0.853566
84	83	0.783692
84	87	0.836312
84	91	0.841733
84	96	2.24584
84	103	0.794574
84	106	0.855931
84	107	1.39871
84	108	0.831868
84	111	0.840854
84	125	0.814494
84	135	1.87978
84	160	1.65099
84	170	1.95812
85	69	1.57916
85	79	1.84141
85	135	0.82241
85	143	1.60584
85	160	0.84007
85	165	0.7984
85	166	1.40569
85	168	0.743958
85	169	0.841726
85	170	0.795329
85	171	0.731886
85	172	0.777767
85	174	0.753556
85	175	0.771645
85	177	0.704496
85	178	0.724308
85	179	0.742615
85	180	0.719022
86	10	0.812472
86	52	0.858661
86	58	0.928568
86	80	0.909789
86	83	0.839915
86	87	0.892535
86	91	0.897956
86	103	0.850796
86	105	0.86524
86	108	0.888091
86	111	0.897076
86	125	0.870716
86	142	1.30265
86	148	0.877827
86	154	1.18319
86	161	1.16366
86	164	1.37099
86	178	2.47462
86	180	2.41269
87	7	1.21859
87	11	0.906459
87	33	0.875512
87	52	0.857496
87	67	1.22186
87	75	0.867676
87	80	0.908624
87	83	0.83875
87	84	0.836312
87	86	0.892535
87	103	0.849632
87	106	0.910989
87	111	0.895912
87	125	0.869552
87	130	1.26901
87	133	1.76322
87	148	0.876662
87	159	1.23786
87	171	2.42427
88	16	1.18897
88	64	1.39273
88	120	0.94573
88	127	1.23782
88	133	0.822212
88	134	0.799097
88	138	0.91567
88	144	1.3321
88	151	1.30478
88	153	0.880683
88	164	0.824765
88	167	0.807
88	169	0.851354
88	170	0.804957
88	173	0.784103
88	175	0.781273
88	177	0.714123
88	178	0.733935
88	180	0.72865
89	11	1.26955
89	45	1.64158
89	69	0.818614
89	72	1.19824
89	95	1.03563
89	117	0.979349
89	128	0.950715
89	134	0.864149
89	138	0.980722
89	145	0.957721
89	151	0.873932
89	164	0.889817
89	168	0.818638
89	169	0.916406
89	173	0.849155
89	177	0.779176
89	178	0.798988
89	179	0.817295
89	180	0.793702
90	6	0.693307
90	9	0.710464
90	15	0.808018
90	20	0.82228
90	36	0.85238
90	49	0.732973
90	51	0.750162
90	59	0.701875
90	63	0.708907
90	93	1.96743
90	95	0.780104
90	101	0.742874
90	115	0.757601
90	142	2.63969
90	145	2.07233
90	147	0.759361
90	158	2.38191
90	161	0.759371
90	166	0.81224
91	10	0.816728
91	22	0.912353
91	33	0.880933
91	83	0.844171
91	84	0.841733
91	86	0.897956
91	93	0.876095
91	103	0.855053
91	105	0.869496
91	106	0.91641
91	108	0.892347
91	111	0.901333
91	125	0.874973
91	131	1.30708
91	138	1.20819
91	148	0.882083
91	164	1.61669
91	174	2.17022
91	178	2.72033
92	1	1.74017
92	54	1.64645
92	98	0.885104
92	121	0.766564
92	129	0.845972
92	137	0.727957
92	146	1.80804
92	150	1.61288
92	163	0.763818
92	167	0.771849
92	168	0.718435
92	169	0.816203
92	170	0.769806
92	173	0.748952
92	175	0.746122
92	176	0.722329
92	178	0.698784
92	179	0.717092
92	180	0.693499
93	55	1.4729
93	69	0.766308
93	90	1.96743
93	91	0.876095
93	100	1.12611
93	133	0.908987
93	150	0.613067
93	153	0.967458
93	158	0.955886
93	168	0.840361
93	169	0.938129
93	171	0.828289
93	172	0.87417
93	173	0.870878
93	174	0.849958
93	175	0.868048
93	178	0.82071
93	179	0.839018
93	180	0.815425
94	53	1.80733
94	70	1.40088
94	107	0.938787
94	111	1.12038
94	124	0.890133
94	130	0.837331
94	134	0.803127
94	144	1.12752
94	148	0.983612
94	157	0.843804
94	164	0.828794
94	165	0.812057
94	167	0.81103
94	170	0.808986
94	173	0.788132
94	174	0.767213
94	175	0.785302
94	178	0.737965
94	180	0.73268
95	4	0.820181
95	9	0.835688
95	30	0.883817
95	51	0.875386
95	53	0.843513
95	63	0.834131
95	67	0.874049
95	89	1.03563
95	90	0.780104
95	100	0.867664
95	104	0.865906
95	115	0.882825
95	116	0.871408
95	147	0.884586
95	153	1.44733
95	156	1.71575
95	159	1.49861
95	161	0.884595
95	163	2.01771
95	176	2.19931
96	33	1.48606
96	40	1.81802
96	47	2.45007
96	84	2.24584
96	99	0.870741
96	118	0.85067
96	140	0.797543
96	154	0.797864
96	155	0.757832
96	156	0.775846
96	157	0.780172
96	165	0.748425
96	167	0.747398
96	170	0.745354
96	174	0.703581
96	175	0.72167
96	177	0.654521
96	178	0.674333
96	179	0.692641
96	180	0.669048
97	8	1.21004
97	22	1.31366
97	41	1.39712
97	56	1.12462
97	63	2.06286
97	78	0.891703
97	119	0.951532
97	120	1.00074
97	133	0.877218
97	158	0.924116
97	163	0.853974
97	167	0.862006
97	170	0.859962
97	171	0.796519
97	172	0.8424
97	173	0.839108
97	175	0.836278
97	177	0.769129
97	178	0.788941
97	180	0.783655
98	3	1.38019
98	8	1.52502
98	47	1.75725
98	65	0.545153
98	68	1.40794
98	92	0.885104
98	132	0.980562
98	135	0.882512
98	142	0.884054
98	156	0.885923
98	159	0.90281
98	164	0.875238
98	166	1.00356
98	170	0.855431
98	173	0.834577
98	174	0.813657
98	175	0.831747
98	177	0.764597
98	179	0.802717
98	180	0.779124
99	27	1.67473
99	30	0.566948
99	49	1.45069
99	96	0.870741
99	100	1.33607
99	119	0.957088
99	140	0.917707
99	151	1.03159
99	155	0.877996
99	156	0.896011
99	158	0.929673
99	163	0.859531
99	164	0.885326
99	166	0.802803
99	168	0.814148
99	171	0.802075
99	177	0.774685
99	178	0.794497
99	179	0.812805
99	180	0.789212
100	30	0.846153
100	48	0.838812
100	62	0.784879
100	63	0.796467
100	93	1.12611
100	95	0.867664
100	99	1.33607
100	102	0.83596
100	104	0.828241
100	110	0.881093
100	112	1.14152
100	114	0.855604
100	115	0.845161
100	126	0.848571
100	130	0.81341
100	147	0.846921
100	150	0.860699
100	156	1.85853
100	161	0.84693
100	173	2.19737
100	175	2.30151
101	15	0.896012
101	20	0.910274
101	21	0.906176
101	38	0.818651
101	49	0.820967
101	59	0.789869
101	79	0.832025
101	90	0.742874
101	138	1.272
101	141	0.849047
101	144	0.835813
101	146	0.84157
101	151	0.863196
101	152	0.845898
101	160	1.4486
101	162	1.25016
101	166	0.900235
101	170	1.75574
101	171	2.64161
101	176	0.738023
101	179	2.33854
102	30	0.852114
102	48	0.844773
102	51	0.843682
102	53	0.811809
102	62	0.79084
102	63	0.802428
102	100	0.83596
102	104	0.834202
102	110	0.887054
102	114	0.861565
102	116	0.839704
102	126	0.854532
102	130	0.819371
102	147	0.852882
102	150	0.86666
102	159	1.32427
102	165	1.76972
102	170	1.62481
102	173	1.88024
102	174	2.10311
102	176	2.02497
103	11	0.864721
103	33	0.833774
103	52	0.815758
103	75	0.825938
103	80	0.866886
103	83	0.797012
103	84	0.794574
103	86	0.850796
103	87	0.849632
103	91	0.855053
103	106	0.86925
103	108	0.845188
103	111	0.854174
103	125	0.827814
103	132	1.19391
103	142	1.46472
103	148	0.834924
103	162	1.1027
103	171	2.49415
103	173	1.86372
103	180	2.57476
104	30	0.844394
104	41	0.822385
104	51	0.835963
104	57	0.89442
104	62	0.78312
104	63	0.794708
104	95	0.865906
104	100	0.828241
104	102	0.834202
104	114	0.853846
104	115	0.843402
104	118	1.16086
104	126	0.846812
104	131	1.71527
104	136	2.05471
104	147	0.845162
104	150	0.85894
104	154	1.83708
104	158	1.69877
104	161	0.845172
104	172	2.13551
105	75	0.840381
105	79	0.834981
105	83	0.811455
105	86	0.86524
105	91	0.869496
105	106	0.883694
105	111	0.868617
105	113	1.88078
105	120	1.24961
105	124	1.79928
105	136	0.796894
105	141	0.852003
105	143	0.843266
105	144	0.838769
105	145	1.52576
105	146	0.844526
105	148	0.849367
105	152	0.848854
105	158	1.83534
105	172	2.27209
105	176	0.740979
106	11	0.926078
106	22	0.92655
106	52	0.877115
106	75	0.887295
106	80	0.928243
106	84	0.855931
106	87	0.910989
106	91	0.91641
106	103	0.86925
106	105	0.883694
106	108	0.906545
106	111	0.91553
106	125	0.88917
106	148	0.896281
106	155	1.68427
106	158	1.3046
106	159	1.40541
106	160	1.39882
106	164	1.63072
106	168	2.28638
106	169	1.36604
107	13	1.09601
107	20	1.06111
107	32	1.37899
107	51	1.40368
107	58	0.910446
107	84	1.39871
107	94	0.938787
107	117	0.979273
107	131	0.976329
107	137	0.828084
107	149	1.15124
107	157	0.90475
107	161	0.931797
107	164	0.88974
107	167	0.871976
107	168	0.818562
107	169	0.91633
107	170	0.869933
107	171	0.80649
107	173	0.849079
107	178	0.798911
107	180	0.793626
108	1	0.908135
108	11	0.902015
108	22	0.902488
108	31	2.07491
108	33	0.871068
108	52	0.853052
108	58	0.92296
108	75	0.863232
108	80	0.90418
108	83	0.834306
108	84	0.831868
108	86	0.888091
108	91	0.892347
108	103	0.845188
108	106	0.906545
108	123	0.811202
108	145	0.910657
108	148	0.872218
108	156	1.53819
108	163	1.84015
108	169	1.28168
108	180	2.58806
109	36	0.947228
109	38	1.42811
109	47	1.31376
109	124	0.973362
109	125	1.04074
109	138	1.00293
109	141	0.697462
109	147	1.12274
109	148	0.672268
109	159	0.939594
109	162	0.956108
109	167	0.894259
109	168	0.840844
109	171	0.828772
109	172	0.874653
109	173	0.871361
109	175	0.868531
109	176	0.844738
109	177	0.801382
109	178	0.821194
109	179	0.839501
109	180	0.815908
110	4	0.83361
110	9	0.849117
110	30	0.897246
110	51	0.888815
110	53	0.856941
110	63	0.84756
110	100	0.881093
110	102	0.887054
110	112	1.18412
110	115	0.896254
110	116	0.884836
110	124	1.54713
110	126	0.899664
110	129	1.40495
110	130	0.864504
110	147	0.898014
110	150	0.911792
110	153	1.63272
110	161	0.898024
110	162	1.47896
110	163	2.2031
110	170	1.98454
111	1	0.917121
111	10	0.815849
111	22	0.911473
111	33	0.880054
111	52	0.862038
111	80	0.913166
111	83	0.843292
111	84	0.840854
111	86	0.897076
111	87	0.895912
111	91	0.901333
111	94	1.12038
111	103	0.854174
111	105	0.868617
111	106	0.91553
111	131	1.27279
111	135	1.5793
111	139	1.37322
111	140	1.54406
111	148	0.881204
111	164	1.5824
111	180	2.62411
112	5	0.96558
112	9	1.66291
112	53	1.54417
112	100	1.14152
112	110	1.18412
112	121	0.883317
112	122	0.537858
112	129	0.962725
112	135	0.913641
112	143	0.808398
112	148	0.720447
112	158	0.950714
112	162	0.950452
112	163	0.880572
112	171	0.823116
112	172	0.868997
112	173	0.865706
112	174	0.844786
112	176	0.839082
112	177	0.795726
112	179	0.833846
112	180	0.810253
113	8	1.57422
113	9	2.10742
113	31	0.767952
113	105	1.88078
113	127	1.21459
113	129	0.839765
113	130	0.791944
113	132	0.888731
113	138	0.874313
113	139	0.809607
113	143	1.25291
113	159	0.810979
113	161	0.825464
113	164	0.783407
113	169	0.809997
113	170	0.7636
113	175	0.739916
113	176	0.716123
113	177	0.672766
113	178	0.692578
113	179	0.710886
113	180	0.687293
114	2	0.817024
114	8	0.941311
114	27	0.776471
114	41	0.849749
114	45	0.845807
114	73	0.873351
114	78	0.955143
114	81	0.846225
114	82	0.846707
114	100	0.855604
114	102	0.861565
114	104	0.853846
114	115	0.870765
114	116	0.859348
114	117	1.57363
114	132	1.52068
114	147	0.872526
114	161	0.872535
114	162	1.42947
114	164	1.85982
114	167	1.93205
114	169	1.59515
114	170	1.93505
115	9	0.813185
115	40	0.943207
115	51	0.852883
115	57	0.91134
115	65	0.88187
115	90	0.757601
115	95	0.882825
115	100	0.845161
115	104	0.843402
115	110	0.896254
115	114	0.870765
115	126	0.863732
115	130	0.828571
115	132	1.34155
115	138	1.27219
115	139	1.47151
115	147	0.862082
115	150	0.87586
115	161	0.862092
115	169	1.41601
115	172	1.79132
115	174	2.23422
115	179	2.33873
116	30	0.849896
116	51	0.841465
116	53	0.809591
116	57	0.899922
116	62	0.788622
116	63	0.80021
116	65	0.870452
116	67	0.840127
116	95	0.871408
116	102	0.839704
116	110	0.884836
116	114	0.859348
116	117	1.34511
116	126	0.852314
116	130	0.817153
116	145	0.995606
116	147	0.850664
116	150	0.864442
116	158	1.30519
116	160	1.3994
116	161	0.850674
116	165	1.85145
116	173	1.96197
116	177	3.46062
117	13	1.294
117	58	1.10844
117	72	1.60033
117	78	1.25036
117	89	0.979349
117	107	0.979273
117	114	1.57363
117	116	1.34511
117	121	0.84623
117	128	0.930179
117	155	0.86195
117	157	0.88429
117	166	1.04724
117	168	0.798101
117	169	0.89587
117	170	0.849472
117	171	0.786029
117	172	0.83191
117	174	0.807699
117	175	0.825788
117	177	0.758639
117	178	0.778451
117	179	0.796759
117	180	0.773166
118	26	1.5425
118	37	1.30414
118	38	1.33745
118	43	1.29231
118	63	1.84368
118	96	0.85067
118	104	1.16086
118	130	0.873792
118	131	0.951844
118	152	0.741574
118	158	0.909602
118	159	0.892827
118	162	0.909341
118	163	0.83946
118	164	0.865255
118	167	0.847491
118	168	0.794077
118	169	0.891845
118	172	0.827886
118	175	0.821764
118	177	0.754614
118	178	0.774426
118	179	0.792734
118	180	0.769141
119	24	1.63129
119	34	1.15579
119	51	1.3519
119	97	0.951532
119	99	0.957088
119	123	0.963399
119	127	0.959298
119	137	0.789854
119	141	0.93486
119	147	1.36014
119	152	1.06963
119	157	0.866519
119	162	0.895595
119	163	0.825714
119	164	0.85151
119	165	0.834773
119	170	0.831702
119	171	0.768259
119	173	0.810848
119	175	0.808018
119	176	0.784225
119	177	0.740869
119	178	0.760681
119	179	0.778988
119	180	0.755395
120	17	1.02612
120	55	1.30165
120	59	1.4315
120	63	1.79586
120	83	0.80377
120	88	0.94573
120	97	1.00074
120	105	1.24961
120	135	0.907987
120	140	0.933094
120	145	0.968618
120	146	0.636982
120	147	0.984259
120	154	0.933415
120	163	0.874917
120	164	0.900713
120	165	0.883976
120	168	0.829535
120	170	0.880906
120	171	0.817462
120	173	0.860052
120	177	0.790072
120	178	0.809884
120	179	0.828192
120	180	0.804599
121	25	0.804943
121	30	1.48882
121	39	2.02795
121	62	0.736703
121	73	2.04686
121	83	2.10685
121	92	0.766564
121	112	0.883317
121	117	0.84623
121	140	0.789079
121	151	1.95346
121	153	0.812616
121	154	0.7894
121	155	0.749368
121	163	0.730902
121	167	0.738934
121	168	0.685519
121	169	0.783287
121	172	0.719328
121	173	0.716036
121	174	0.695117
121	175	0.713206
121	178	0.665869
121	179	0.684176
121	180	0.660583
122	8	0.954497
122	24	0.836084
122	27	0.789657
122	45	0.858993
122	50	0.853955
122	55	0.843935
122	65	0.905499
122	66	0.886318
122	68	0.903616
122	69	0.979005
122	72	0.870071
122	73	0.886537
122	74	0.86513
122	78	0.968329
122	81	0.859411
122	82	0.859893
122	112	0.537858
122	125	0.877657
122	133	1.56309
122	156	1.25487
122	157	1.25395
122	167	1.33527
122	170	1.33827
122	177	3.09235
122	178	2.36668
123	6	1.20908
123	11	1.22268
123	28	1.11077
123	41	1.30681
123	45	1.59471
123	59	1.60819
123	108	0.811202
123	119	0.963399
123	138	0.982542
123	141	0.73567
123	153	0.947555
123	154	0.924338
123	157	0.906646
123	158	0.935983
123	162	0.935722
123	165	0.874899
123	167	0.873872
123	170	0.871829
123	171	0.808386
123	172	0.854267
123	174	0.830056
123	175	0.848145
123	178	0.800807
123	179	0.819115
123	180	0.795522
124	2	1.65557
124	33	0.76094
124	94	0.890133
124	105	1.79928
124	109	0.973362
124	110	1.54713
124	134	0.815419
124	144	1.22737
124	145	0.908991
124	149	1.27325
124	155	0.833756
124	162	0.885172
124	163	0.815291
124	165	0.824349
124	166	0.97126
124	169	0.867676
124	170	0.821279
124	171	0.757836
124	172	0.803717
124	173	0.800425
124	174	0.779506
124	175	0.797595
124	177	0.730445
124	178	0.750257
124	179	0.768565
124	180	0.744972
125	8	0.924573
125	22	0.885113
125	24	0.80616
125	26	0.775234
125	27	0.759734
125	45	0.82907
125	52	0.835678
125	58	0.905585
125	73	0.856613
125	78	0.938406
125	81	0.829487
125	82	0.829969
125	84	0.814494
125	86	0.870716
125	87	0.869552
125	91	0.874973
125	103	0.827814
125	106	0.88917
125	109	1.04074
125	122	0.877657
125	132	1.47496
125	133	2.11416
125	136	1.84393
125	138	1.4056
125	156	1.80593
125	159	1.58879
125	175	2.24891
126	4	0.801088
126	9	0.816595
126	41	0.842715
126	42	2.69022
126	48	0.857383
126	51	0.856293
126	53	0.824419
126	57	0.91475
126	63	0.815038
126	67	0.854955
126	100	0.848571
126	102	0.854532
126	104	0.846812
126	110	0.899664
126	115	0.863732
126	116	0.852314
126	130	0.831981
126	136	1.55405
126	138	1.11572
126	147	0.865492
126	150	0.87927
126	158	1.19811
126	160	1.29232
126	161	0.865502
126	167	1.59645
126	173	1.85489
126	179	2.18226
127	29	0.824257
127	39	0.868143
127	40	0.975686
127	46	0.888066
127	62	1.57132
127	79	0.879232
127	88	1.23782
127	113	1.21459
127	119	0.959298
127	136	0.841144
127	138	1.08676
127	141	0.896253
127	142	0.86133
127	143	0.887517
127	144	0.883019
127	146	0.888776
127	148	0.893618
127	149	0.871184
127	150	0.90834
127	151	0.910403
127	152	0.893104
127	153	1.21867
127	157	1.48618
127	159	0.880086
127	166	0.947441
127	173	1.82593
127	176	0.785229
127	180	2.53697
128	37	1.75027
128	43	1.73845
128	56	1.35158
128	64	1.23228
128	73	1.23773
128	77	1.22179
128	89	0.950715
128	117	0.930179
128	137	0.77899
128	139	0.866846
128	142	0.849462
128	143	1.11569
128	145	0.908551
128	152	1.18771
128	155	0.833316
128	156	0.851331
128	161	0.882703
128	162	0.884731
128	165	0.823909
128	168	0.769468
128	169	0.867236
128	172	0.803276
128	173	0.799985
128	174	0.779065
128	175	0.797154
128	177	0.730005
128	178	0.749817
128	179	0.768125
128	180	0.744532
129	19	0.898867
129	47	1.58276
129	49	1.47696
129	66	1.51465
129	82	1.40872
129	92	0.845972
129	110	1.40495
129	112	0.962725
129	113	0.839765
129	130	0.844642
129	132	0.941429
129	133	0.833553
129	135	0.843379
129	145	0.90401
129	149	1.13107
129	150	0.849302
129	151	1.05786
129	160	0.861038
129	163	0.81031
129	167	0.818341
129	168	0.764927
129	169	0.862695
129	171	0.752855
129	172	0.798736
129	175	0.792614
129	176	0.768821
129	177	0.725465
129	179	0.763584
129	180	0.739991
130	1	1.28679
130	34	1.49759
130	38	2.00731
130	41	0.807555
130	48	0.822222
130	70	1.66874
130	76	1.6907
130	87	1.26901
130	94	0.837331
130	100	0.81341
130	102	0.819371
130	110	0.864504
130	113	0.791944
130	115	0.828571
130	116	0.817153
130	118	0.873792
130	126	0.831981
130	129	0.844642
130	144	1.39538
130	147	0.830331
130	155	0.780954
130	161	0.830341
130	164	0.788284
130	172	0.750914
130	175	0.744792
130	178	0.697455
130	179	0.715763
130	180	0.69217
131	16	1.13679
131	17	1.62836
131	34	1.38214
131	39	1.3271
131	40	1.14546
131	58	1.08502
131	91	1.30708
131	104	1.71527
131	107	0.976329
131	111	1.27279
131	118	0.951844
131	133	0.863784
131	145	0.934241
131	153	0.922255
131	156	0.877021
131	157	0.881346
131	158	0.910683
131	162	0.910421
131	164	0.866336
131	168	0.795158
131	169	0.892926
131	170	0.846529
131	171	0.783086
131	172	0.828967
131	174	0.804755
131	175	0.822845
131	177	0.755695
131	178	0.775507
131	179	0.793815
131	180	0.770222
132	15	1.21922
132	54	1.04809
132	61	1.35532
132	76	1.54572
132	77	1.30054
132	98	0.980562
132	103	1.19391
132	113	0.888731
132	114	1.52068
132	115	1.34155
132	125	1.47496
132	129	0.941429
132	137	0.823415
132	154	0.917773
132	155	0.877741
132	156	0.895756
132	158	0.929418
132	163	0.859276
132	165	0.868334
132	167	0.867307
132	168	0.813893
132	171	0.80182
132	172	0.847701
132	173	0.84441
132	174	0.82349
132	176	0.817786
132	177	0.77443
132	178	0.794242
132	179	0.81255
132	180	0.788957
133	12	1.0742
133	16	1.74646
133	42	0.713125
133	54	1.68729
133	87	1.76322
133	88	0.822212
133	93	0.908987
133	97	0.877218
133	122	1.56309
133	125	2.11416
133	129	0.833553
133	131	0.863784
133	135	0.784469
133	150	1.65371
133	153	0.833114
133	154	0.809897
133	156	0.78788
133	157	0.792205
133	158	0.821542
133	161	0.819252
133	165	0.760458
133	169	0.803785
133	170	0.757388
133	172	0.739825
133	173	0.736534
133	174	0.715614
133	175	0.733704
133	177	0.666554
133	179	0.704674
133	180	0.681081
134	32	2.09679
134	54	1.62085
134	67	0.785591
134	73	1.88924
134	77	1.8733
134	88	0.799097
134	89	0.864149
134	94	0.803127
134	124	0.815419
134	135	0.761354
134	138	0.844986
134	145	0.821985
134	151	1.79584
134	154	0.786782
134	158	0.798427
134	159	0.781652
134	163	0.728285
134	164	0.75408
134	166	1.56705
134	167	0.736316
134	169	0.78067
134	171	0.670829
134	172	0.71671
134	173	0.713419
134	174	0.692499
134	175	0.710589
134	178	0.663251
134	179	0.681559
134	180	0.657966
135	35	1.7015
135	77	1.63658
135	80	1.42427
135	82	1.90997
135	84	1.87978
135	85	0.82241
135	98	0.882512
135	111	1.5793
135	112	0.913641
135	120	0.907987
135	129	0.843379
135	133	0.784469
135	134	0.761354
135	140	0.819402
135	141	1.46772
135	157	0.802031
135	160	0.811954
135	161	0.829078
135	162	0.831106
135	164	0.787021
135	167	0.769257
135	168	0.715842
135	171	0.70377
135	172	0.749651
135	174	0.72544
135	176	0.719736
135	177	0.67638
135	178	0.696192
135	179	0.7145
135	180	0.690906
136	20	1.57513
136	28	1.87576
136	29	0.74012
136	32	0.821633
136	45	2.35969
136	46	0.80393
136	69	1.53673
136	77	0.807902
136	104	2.05471
136	105	0.796894
136	125	1.84393
136	126	1.55405
136	127	0.841144
136	139	0.794577
136	140	0.800759
136	141	0.812116
136	143	0.80338
136	151	0.826266
136	152	0.808967
136	153	0.824296
136	154	0.801079
136	157	0.783387
136	159	0.795949
136	163	0.742582
136	167	0.750613
136	171	0.685127
136	173	0.727716
136	176	0.701093
136	177	0.657736
136	178	0.677548
136	179	0.695856
136	180	0.672263
137	3	2.52617
137	16	2.26251
137	23	2.16062
137	52	2.2515
137	60	0.872028
137	92	0.727957
137	107	0.828084
137	119	0.789854
137	128	0.77899
137	132	0.823415
137	139	0.744291
137	140	0.750473
137	145	0.785996
137	152	2.4217
137	156	0.728776
137	161	0.760149
137	162	0.762177
137	163	0.692296
137	164	0.718091
137	165	0.701354
137	168	0.646913
137	170	0.698284
137	171	0.634841
137	172	0.680722
137	174	0.65651
137	175	0.6746
137	177	0.60745
137	178	0.627262
137	179	0.64557
137	180	0.621977
138	10	1.56476
138	29	1.61534
138	44	0.693904
138	88	0.91567
138	89	0.980722
138	91	1.20819
138	101	1.272
138	109	1.00293
138	113	0.874313
138	115	1.27219
138	123	0.982542
138	125	1.4056
138	126	1.11572
138	127	1.08676
138	134	0.844986
138	144	1.18104
138	153	0.926571
138	154	0.903355
138	156	0.881337
138	160	0.895586
138	162	0.914738
138	164	0.870653
138	165	0.853916
138	167	0.852889
138	168	0.799474
138	169	0.897242
138	170	0.850845
138	171	0.787402
138	174	0.809072
138	177	0.760012
138	178	0.779824
138	180	0.774538
139	10	1.76408
139	25	0.854193
139	60	0.959884
139	66	1.80982
139	79	1.55997
139	111	1.37322
139	113	0.809607
139	115	1.47151
139	128	0.866846
139	136	0.794577
139	137	0.744291
139	150	1.14448
139	152	1.39642
139	153	0.861866
139	154	0.838649
139	156	0.816632
139	157	0.820957
139	158	0.850294
139	160	0.83088
139	162	0.850032
139	165	0.78921
139	166	1.12425
139	169	0.832537
139	170	0.78614
139	171	0.722696
139	172	0.768577
139	173	0.765286
139	174	0.744366
139	177	0.695306
139	178	0.715118
139	179	0.733426
139	180	0.709833
140	4	1.59915
140	21	1.449
140	22	1.92017
140	23	1.30617
140	31	0.796673
140	70	1.82456
140	81	1.75152
140	96	0.797543
140	99	0.917707
140	111	1.54406
140	120	0.933094
140	121	0.789079
140	135	0.819402
140	136	0.800759
140	137	0.750473
140	148	1.40729
140	153	0.868047
140	154	0.844831
140	158	0.856475
140	165	0.795391
140	167	0.794364
140	168	0.74095
140	169	0.838718
140	171	0.728878
140	172	0.774759
140	173	0.771467
140	174	0.750548
140	175	0.768637
140	176	0.744844
140	177	0.701488
140	178	0.7213
140	179	0.739607
140	180	0.716014
141	7	0.863623
141	29	0.795229
141	32	0.876742
141	40	0.946658
141	47	0.839925
141	56	0.910225
141	64	0.889327
141	77	0.863011
141	101	0.849047
141	105	0.852003
141	109	0.697462
141	119	0.93486
141	123	0.73567
141	127	0.896253
141	135	1.46772
141	136	0.812116
141	142	0.832302
141	143	0.858489
141	144	0.853992
141	146	0.859748
141	148	0.86459
141	149	0.842156
141	151	0.881375
141	152	0.864076
141	153	1.19424
141	155	1.52437
141	159	0.851058
141	166	0.918413
141	169	1.20615
141	175	1.90563
141	176	0.756202
141	177	3.30014
141	178	2.57446
142	21	1.41901
142	57	1.38176
142	58	0.880408
