1	53	0.738458
1	56	0.714924
1	114	1.07101
1	160	0.970979
1	161	0.938275
1	162	0.952724
1	168	0.951893
1	174	0.939489
1	176	0.935276
1	177	0.966293
1	178	0.933266
1	180	0.930899
2	24	1.62988
2	27	0.902223
2	168	0.871268
2	169	0.869908
2	171	0.854229
2	173	0.895525
2	174	0.858864
2	175	0.893431
2	176	0.854651
2	177	0.885668
2	178	0.852641
2	180	0.850274
3	60	0.875096
3	77	1.92408
3	98	0.91959
3	162	0.854805
3	164	0.931715
3	172	0.874354
3	174	0.841571
3	176	0.837358
3	177	0.868375
3	178	0.835348
3	179	0.917288
3	180	0.83298
4	7	1.04568
4	9	1.04568
4	14	0.901843
4	16	0.913977
4	19	0.887847
4	20	1.00261
4	26	0.990259
4	36	0.968248
4	96	0.94732
4	136	1.3138
4	174	3.60642
4	179	0.925829
5	11	1.16428
5	15	1.16388
5	30	1.01568
5	32	1.01399
5	40	1.09241
5	41	1.091
5	128	1.09148
5	154	1.01122
5	161	3.16747
5	166	0.98542
5	167	1.01459
5	170	2.00933
6	8	0.959132
6	51	0.972667
6	62	0.959775
6	66	0.940962
6	68	0.951325
6	70	1.02356
6	78	1.22266
6	85	0.92975
6	109	1.01306
6	113	0.996487
6	166	2.6312
6	170	0.87669
7	4	1.04568
7	14	1.03025
7	16	1.04239
7	19	1.01626
7	20	1.13102
7	26	1.11867
7	36	1.09666
7	88	1.2721
7	96	1.07573
7	124	1.22342
7	176	3.24173
7	179	1.05424
8	6	0.959132
8	47	0.98644
8	51	0.970786
8	62	0.957894
8	66	0.93908
8	68	0.949444
8	70	1.02168
8	88	0.967351
8	109	1.01117
8	119	1.94526
8	158	2.07828
8	170	0.874809
9	4	1.04568
9	14	1.03025
9	16	1.04239
9	19	1.01626
9	20	1.13102
9	26	1.11867
9	36	1.09666
9	96	1.07573
9	114	1.47052
9	141	0.812102
9	178	3.80995
9	179	1.05424
10	47	1.09051
10	51	1.07486
10	52	1.14561
10	62	1.06196
10	66	1.04315
10	68	1.05351
10	70	1.12575
10	113	1.09868
10	134	0.986399
10	154	2.87484
10	155	1.28712
10	170	0.978879
11	5	1.16428
11	15	1.16416
11	30	1.01596
11	32	1.01427
11	40	1.09269
11	41	1.09128
11	123	2.06652
11	128	1.09176
11	144	1.43663
11	154	1.0115
11	167	1.01487
11	176	2.37128
12	22	1.03065
12	28	1.14527
12	33	1.02022
12	38	1.1125
12	57	1.07663
12	65	1.05907
12	74	1.12036
12	79	1.89701
12	137	1.30349
12	146	1.0528
12	147	1.61613
12	149	1.02114
13	44	0.877317
13	73	1.00839
13	76	0.994614
13	86	0.999779
13	87	0.978091
13	91	0.979007
13	94	0.977385
13	104	1.02038
13	140	1.14784
13	143	0.85227
13	166	0.940242
13	169	3.00796
14	4	0.901843
14	7	1.03025
14	9	1.03025
14	16	0.898545
14	19	0.872416
14	20	0.987182
14	26	0.974827
14	36	0.952816
14	63	1.04824
14	135	1.97114
14	144	1.94825
14	179	0.910397
15	5	1.16388
15	11	1.16416
15	30	1.01555
15	32	1.01386
15	40	1.09228
15	41	1.09088
15	128	1.09135
15	137	1.80713
15	144	1.78358
15	154	1.01109
15	155	1.05608
15	167	1.01446
16	4	0.913977
16	7	1.04239
16	9	1.04239
16	14	0.898545
16	19	0.88455
16	20	0.999316
16	26	0.986961
16	36	0.96495
16	96	0.944022
16	150	2.04537
16	165	1.6821
16	179	0.922531
17	122	0.0827386
17	127	0.896502
17	165	0.989537
17	169	0.948232
17	170	0.941896
17	172	0.969971
17	173	0.973848
17	176	0.932975
17	177	0.963992
17	178	0.930965
17	179	1.0129
17	180	0.928597
18	22	1.01157
18	23	1.01425
18	25	1.01375
18	38	1.09342
18	57	1.05754
18	65	1.03998
18	74	1.10128
18	124	1.2575
18	127	1.07322
18	146	1.03372
18	149	1.00206
18	177	1.16809
18	178	3.39041
19	4	0.887847
19	7	1.01626
19	9	1.01626
19	14	0.872416
19	16	0.88455
19	20	0.973187
19	26	0.960832
19	36	0.93882
19	63	1.03424
19	96	0.917893
19	167	2.06993
19	175	2.10634
19	179	0.896402
20	4	1.00261
20	7	1.13102
20	9	1.13102
20	14	0.987182
20	16	0.999316
20	19	0.973187
20	26	1.0756
20	36	1.05359
20	60	3.2
20	96	1.03266
20	170	1.93432
20	174	1.44348
20	179	1.01117
21	61	0.928402
21	72	0.901704
21	75	0.976936
21	106	0.910206
21	108	0.966334
21	112	0.955728
21	116	0.95773
21	118	0.945238
21	122	0.962821
21	127	0.952872
21	139	1.51458
21	147	2.58927
21	152	0.924405
22	12	1.03065
22	18	1.01157
22	25	0.898996
22	33	0.886384
22	38	0.978667
22	57	0.942789
22	65	0.92523
22	74	0.986525
22	127	0.958467
22	146	0.918964
22	149	0.887306
22	164	1.74784
22	165	2.05767
23	18	1.01425
23	28	1.01411
23	33	0.889066
23	38	0.981349
23	57	0.945471
23	65	0.927912
23	74	0.989207
23	77	0.899373
23	127	0.961149
23	146	0.921647
23	148	2.08319
23	149	0.889989
23	151	1.98264
24	2	1.62988
24	72	0.997878
24	75	1.07311
24	89	1.03426
24	97	1.56354
24	106	1.00638
24	112	1.0519
24	118	1.04141
24	122	1.05899
24	127	1.04905
24	133	1.05058
24	151	1.04159
24	152	1.02058
25	18	1.01375
25	22	0.898996
25	28	1.01361
25	33	0.888563
25	38	0.980846
25	57	0.944968
25	65	0.927409
25	74	0.988704
25	78	1.39141
25	127	0.960646
25	140	2.66652
25	146	0.921143
25	149	0.889485
26	4	0.990259
26	7	1.11867
26	9	1.11867
26	14	0.974827
26	16	0.986961
26	19	0.960832
26	20	1.0756
26	36	1.04123
26	54	3
26	63	1.13666
26	136	2.05334
26	153	3.82424
26	179	0.998813
27	2	0.902223
27	128	1.83911
27	136	0.925589
27	155	0.907614
27	164	0.916453
27	165	0.878658
27	169	0.837353
27	172	0.859092
27	175	0.860876
27	176	0.822096
27	177	0.853113
27	178	0.820086
27	180	0.817718
28	12	1.14527
28	23	1.01411
28	25	1.01361
28	33	1.001
28	57	1.0574
28	65	1.03984
28	74	1.10114
28	77	1.0113
28	111	1.12313
28	115	2.55616
28	146	1.03358
28	149	1.00192
28	164	1.11127
29	55	0.940749
29	64	1.03051
29	71	0.931505
29	83	0.906791
29	92	0.957969
29	93	0.955004
29	95	0.937344
29	125	0.964149
29	126	0.961795
29	129	0.945748
29	142	2.06116
29	152	0.929925
29	175	2.11887
30	5	1.01568
30	11	1.01596
30	15	1.01555
30	32	0.865667
30	40	0.944087
30	41	0.942679
30	80	1.00718
30	82	0.961351
30	128	0.943156
30	154	0.862894
30	167	0.866263
30	173	2.12863
30	175	1.9757
31	43	1.62929
31	56	0.939558
31	64	1.02327
31	92	0.950733
31	100	0.922305
31	102	0.918084
31	107	0.908251
31	117	0.947153
31	125	0.956913
31	126	0.954559
31	129	0.938512
31	131	2.18642
31	133	0.952694
32	5	1.01399
32	11	1.01427
32	15	1.01386
32	30	0.865667
32	40	0.942398
32	41	0.94099
32	80	1.00549
32	82	0.959662
32	128	0.941467
32	146	2.05927
32	154	0.861204
32	155	1.90081
32	167	0.864574
33	12	1.02022
33	22	0.886384
33	23	0.889066
33	25	0.888563
33	28	1.001
33	38	0.968234
33	44	2.8
33	57	0.932356
33	65	0.914796
33	74	0.976092
33	80	0.87133
33	127	0.948033
33	146	0.908531
33	149	0.876873
34	37	1.03437
34	50	1.00428
34	53	0.999425
34	61	1.00691
34	72	0.980211
34	75	1.05544
34	106	0.988713
34	108	1.04484
34	116	1.03624
34	118	1.02374
34	122	1.04133
34	145	0.896164
34	163	1.40656
34	171	3.16604
35	44	0.932139
35	46	1.03505
35	81	1.0422
35	86	1.0546
35	87	1.03291
35	94	1.03221
35	104	1.0752
35	121	0.969271
35	128	1.03758
35	132	1.0093
35	135	1.32862
35	156	2.15147
35	166	0.995064
35	172	1.88736
36	4	0.968248
36	7	1.09666
36	9	1.09666
36	14	0.952816
36	16	0.96495
36	19	0.93882
36	20	1.05359
36	26	1.04123
36	63	1.11464
36	84	0.961103
36	96	0.998293
36	156	2.22035
36	177	2.37043
36	179	0.976802
37	34	1.03437
37	50	0.996007
37	53	0.991152
37	84	1.28137
37	89	1.00832
37	108	1.03657
37	112	1.02596
37	116	1.02796
37	118	1.01547
37	122	1.03306
37	133	1.02464
37	141	1.39744
37	152	0.994639
37	169	3.33238
38	12	1.1125
38	18	1.09342
38	22	0.978667
38	23	0.981349
38	25	0.980846
38	33	0.968234
38	65	1.00708
38	74	1.06837
38	127	1.04032
38	146	1.00081
38	149	0.969156
38	154	1.56667
38	162	3.18513
38	175	0.934967
39	53	0.997384
39	61	1.00487
39	77	0.967562
39	89	1.01455
39	108	1.0428
39	112	1.03219
39	116	1.0342
39	120	0.695688
39	122	1.03929
39	127	1.02934
39	133	1.03088
39	152	1.00087
39	157	1.44986
39	159	2.97672
40	5	1.09241
40	11	1.09269
40	15	1.09228
40	30	0.944087
40	32	0.942398
40	41	1.01941
40	42	0.84837
40	80	1.08391
40	82	1.03808
40	98	1.03018
40	128	1.01989
40	138	3.52089
40	154	0.939624
40	167	0.942994
41	5	1.091
41	11	1.09128
41	15	1.09088
41	30	0.942679
41	32	0.94099
41	40	1.01941
41	59	0.976353
41	80	1.0825
41	82	1.03667
41	128	1.01848
41	143	3.77962
41	151	0.833034
41	154	0.938217
41	167	0.941586
42	40	0.84837
42	128	1.19074
42	135	0.961979
42	155	0.979419
42	156	0.946727
42	161	0.8969
42	164	0.988258
42	167	0.939224
42	172	0.930898
42	174	0.898114
42	176	0.893901
42	178	0.891891
42	179	0.973831
42	180	0.889524
43	31	1.62929
43	60	0.947306
43	63	0.443748
43	145	0.974452
43	147	0.968233
43	169	0.924825
43	171	0.909145
43	173	0.950442
43	174	0.913781
43	175	0.948348
43	176	0.909568
43	177	0.940585
43	178	0.907558
43	180	0.90519
44	13	0.877317
44	33	2.8
44	35	0.932139
44	76	0.925362
44	86	0.930527
44	104	0.951125
44	162	0.808742
44	165	0.847857
44	166	0.87099
44	174	0.795507
44	176	0.791294
44	177	0.822311
44	179	0.871224
44	180	0.786917
45	56	1.00383
45	92	1.01501
45	93	1.01204
45	100	0.986579
45	102	0.982357
45	105	1.03734
45	107	0.972524
45	119	0.857671
45	125	1.02119
45	126	1.01883
45	129	1.00278
45	144	0.967265
45	152	0.986962
45	159	1.92874
45	180	2.83734
46	35	1.03505
46	48	1.01606
46	73	1.04204
46	76	1.02827
46	81	1.02103
46	87	1.01175
46	91	1.01266
46	94	1.01104
46	104	1.05403
46	121	0.948103
46	124	1.31705
46	130	2.03006
46	143	0.885924
46	166	0.973896
46	177	2.38067
47	8	0.98644
47	10	1.09051
47	51	0.999975
47	52	1.07073
47	62	0.987083
47	66	0.96827
47	68	0.978633
47	70	1.05087
47	84	1.55753
47	85	0.957058
47	88	0.99654
47	109	1.04036
47	131	1.31883
47	145	2.36375
47	170	0.903999
48	46	1.01606
48	73	1.04422
48	81	1.02321
48	86	1.03562
48	87	1.01393
48	91	1.01484
48	98	1.79755
48	104	1.05621
48	121	0.950285
48	128	1.0186
48	132	0.990318
48	141	0.953812
48	143	0.888106
48	163	2.83644
48	166	0.976078
49	77	0.512811
49	108	0.713409
49	127	0.7709
49	134	1.11862
49	150	1.02595
49	158	1.02665
49	160	0.984516
49	168	0.965431
49	169	0.964071
49	171	0.948391
49	173	0.989688
49	174	0.953027
49	176	0.948814
49	177	0.979831
49	178	0.946804
49	180	0.944436
50	34	1.00428
50	37	0.996007
50	58	0.967465
50	72	0.94185
50	89	0.978228
50	97	1.58092
50	106	0.950352
50	108	1.00648
50	112	0.995874
50	116	0.997876
50	118	0.985384
50	122	1.00297
50	133	0.994556
50	149	2.21642
50	152	0.964551
50	172	2.00373
51	6	0.972667
51	8	0.970786
51	10	1.07486
51	47	0.999975
51	62	0.971429
51	66	0.952615
51	68	0.962979
51	70	1.03522
51	85	0.941404
51	88	0.980886
51	90	1.40319
51	109	1.02471
51	113	1.00814
51	158	2.24143
51	170	0.888344
51	179	1.8093
52	10	1.14561
52	47	1.07073
52	62	1.04219
52	63	1.16795
52	66	1.02337
52	68	1.03374
52	70	1.10597
52	85	1.01216
52	88	1.05164
52	101	0.801157
52	109	1.09547
52	113	1.0789
52	141	0.851927
52	166	1.74224
52	168	3.00774
52	170	0.959101
53	1	0.738458
53	34	0.999425
53	37	0.991152
53	39	0.997384
53	58	0.962609
53	61	0.963693
53	75	1.01223
53	106	0.945496
53	108	1.00162
53	112	0.991019
53	116	0.993021
53	118	0.980528
53	122	0.998112
53	134	1.40703
53	152	0.959696
53	164	2.27628
54	26	3
54	84	0.941294
54	110	0.857856
54	141	0.987252
54	161	0.807027
54	163	0.851616
54	164	0.898385
54	166	0.883723
54	168	0.820645
54	171	0.803605
54	173	0.844902
54	175	0.842808
54	177	0.835045
54	178	0.802018
54	180	0.79965
55	29	0.940749
55	71	0.975586
55	92	1.00205
55	93	0.999085
55	95	0.981425
55	98	0.961909
55	105	1.02438
55	107	0.959569
55	113	1.0084
55	117	0.998471
55	125	1.00823
55	129	0.989829
55	141	0.923568
55	144	0.95431
55	151	1.53995
55	168	3.07938
56	1	0.714924
56	31	0.939558
56	45	1.00383
56	69	0.971856
56	71	0.981632
56	83	0.956918
56	100	0.979669
56	102	0.975447
56	117	1.00452
56	125	1.01428
56	126	1.01192
56	129	0.995875
56	131	2.28751
56	133	1.01006
56	134	1.3835
56	152	0.980053
57	12	1.07663
57	18	1.05754
57	22	0.942789
57	23	0.945471
57	25	0.944968
57	28	1.0574
57	33	0.932356
57	65	0.971202
57	74	1.0325
57	77	0.942663
57	99	0.980886
57	127	1.00444
57	145	1.89798
57	146	0.964936
57	149	0.933278
57	169	3.14278
58	50	0.967465
58	53	0.962609
58	61	0.970093
58	72	0.943395
58	75	1.01863
58	89	0.979773
58	106	0.951897
58	108	1.00802
58	112	0.997419
58	116	0.999421
58	118	0.986929
58	122	1.00451
58	127	0.994563
58	165	1.67535
58	174	2.51686
58	178	3.104
59	41	0.976353
59	116	0.650856
59	152	0.131332
59	155	1.04213
59	160	0.992312
59	162	0.974057
59	164	1.05097
59	169	0.971866
59	171	0.956187
59	172	0.993606
59	174	0.960822
59	175	0.995389
59	176	0.956609
59	177	0.987626
59	178	0.954599
59	180	0.952232
60	3	0.875096
60	20	3.2
60	43	0.947306
60	124	0.923481
60	139	0.914347
60	145	0.877146
60	153	0.816739
60	168	0.828879
60	169	0.827519
60	171	0.81184
60	172	0.849259
60	173	0.853136
60	175	0.851042
60	176	0.812262
60	178	0.810252
60	180	0.807885
61	21	0.928402
61	34	1.00691
61	39	1.00487
61	53	0.963693
61	58	0.970093
61	72	0.944479
61	75	1.01971
61	82	1.01326
61	89	0.980857
61	112	0.998503
61	118	0.988013
61	122	1.0056
61	124	2.00203
61	137	2.09337
61	146	1.5008
61	152	0.96718
62	6	0.959775
62	8	0.957894
62	10	1.06196
62	47	0.987083
62	51	0.971429
62	52	1.04219
62	63	1.0843
62	66	0.939723
62	68	0.950086
62	70	1.02232
62	85	0.928512
62	109	1.01182
62	111	1.18191
62	164	1.17005
62	168	3.03332
62	170	0.875452
63	14	1.04824
63	19	1.03424
63	26	1.13666
63	36	1.11464
63	43	0.443748
63	52	1.16795
63	62	1.0843
63	66	1.06549
63	70	1.14809
63	113	1.12101
63	130	2.29829
63	164	0.966102
63	166	1.56388
63	170	1.00122
63	179	1.07223
64	29	1.03051
64	31	1.02327
64	92	1.09181
64	93	1.08884
64	95	1.07118
64	102	1.05916
64	107	1.04933
64	125	1.09799
64	126	1.09564
64	129	1.07959
64	144	1.04407
64	152	1.06377
64	154	1.61601
64	166	1.51806
64	170	3.87763
64	179	0.881324
65	12	1.05907
65	18	1.03998
65	22	0.92523
65	23	0.927912
65	25	0.927409
65	28	1.03984
65	33	0.914796
65	38	1.00708
65	57	0.971202
65	74	1.01494
65	77	0.925103
65	120	1.69369
65	127	0.986879
65	134	0.839663
65	146	0.947377
65	149	0.915719
65	173	2.77734
66	6	0.940962
66	8	0.93908
66	10	1.04315
66	47	0.96827
66	51	0.952615
66	52	1.02337
66	62	0.939723
66	63	1.06549
66	68	0.931273
66	70	1.00351
66	88	0.94918
66	109	0.993003
66	113	0.976435
66	146	1.51961
66	157	2.14061
66	165	1.71149
66	170	0.856639
67	94	1.23392
67	125	0.719559
67	137	0.949336
67	150	0.95033
67	157	0.942289
67	161	0.876195
67	164	0.967553
67	168	0.889814
67	169	0.888454
67	171	0.872774
67	174	0.877409
67	175	0.911977
67	176	0.873196
67	177	0.904213
67	178	0.871186
67	179	0.953126
67	180	0.868819
68	6	0.951325
68	8	0.949444
68	10	1.05351
68	47	0.978633
68	51	0.962979
68	52	1.03374
68	62	0.950086
68	66	0.931273
68	70	1.01387
68	85	0.920062
68	88	0.959544
68	109	1.00337
68	113	0.986798
68	142	0.981724
68	163	1.71402
68	170	0.867002
68	180	3.29835
69	56	0.971856
69	92	0.98303
69	93	0.980065
69	95	0.962405
69	99	1.1294
69	102	0.950381
69	105	1.00536
69	107	0.940549
69	117	0.979451
69	125	0.989211
69	126	0.986857
69	129	0.970809
69	133	0.984991
69	139	1.78529
69	144	0.935289
69	152	0.954987
69	165	2.14665
70	6	1.02356
70	8	1.02168
70	10	1.12575
70	47	1.05087
70	51	1.03522
70	52	1.10597
70	62	1.02232
70	63	1.14809
70	66	1.00351
70	68	1.01387
70	79	1.90299
70	88	1.03178
70	111	0.779877
70	113	1.05904
70	115	2.04384
70	170	0.939239
70	172	1.86756
71	29	0.931505
71	55	0.975586
71	56	0.981632
71	83	0.941628
71	100	0.964379
71	101	1.37864
71	102	0.960157
71	105	1.01514
71	107	0.950324
71	125	0.998987
71	126	0.996633
71	129	0.980585
71	133	0.994767
71	144	0.945065
71	152	0.964763
71	155	1.68143
71	175	2.63745
72	21	0.901704
72	24	0.997878
72	34	0.980211
72	50	0.94185
72	58	0.943395
72	61	0.944479
72	89	0.954159
72	106	0.926283
72	108	0.982411
72	112	0.971805
72	116	0.973807
72	118	0.961314
72	122	0.978898
72	133	0.970487
72	152	0.940482
72	158	0.924712
72	162	2.61603
72	178	3.35549
73	13	1.00839
73	46	1.04204
73	48	1.04422
73	76	1.05643
73	81	1.0492
73	86	1.0616
73	87	1.03991
73	91	1.04083
73	94	1.0392
73	101	0.971179
73	104	1.0822
73	128	1.04458
73	132	1.0163
73	143	0.914088
73	159	2.60767
73	166	1.00206
73	173	1.41028
73	177	2.02466
74	12	1.12036
74	18	1.10128
74	22	0.986525
74	23	0.989207
74	25	0.988704
74	28	1.10114
74	33	0.976092
74	38	1.06837
74	57	1.0325
74	65	1.01494
74	77	0.986399
74	127	1.04817
74	146	1.00867
74	149	0.977014
74	161	4.13685
74	165	1.51368
74	170	2.97871
74	173	1.28881
75	21	0.976936
75	24	1.07311
75	34	1.05544
75	53	1.01223
75	58	1.01863
75	61	1.01971
75	77	0.982405
75	89	1.02939
75	106	1.00151
75	108	1.05764
75	112	1.04704
75	118	1.03655
75	121	1.69089
75	122	1.05413
75	148	1.41217
75	152	1.01571
75	158	1.46555
75	173	2.0562
76	13	0.994614
76	44	0.925362
76	46	1.02827
76	73	1.05643
76	81	1.03542
76	86	1.04782
76	87	1.02614
76	91	1.02705
76	94	1.02543
76	96	1.01001
76	104	1.06842
76	121	0.962494
76	128	1.03081
76	132	1.00253
76	146	1.01928
76	150	1.57444
76	160	2.00206
76	166	0.988287
76	172	2.16994
77	3	1.92408
77	23	0.899373
77	28	1.0113
77	39	0.967562
77	49	0.512811
77	57	0.942663
77	65	0.925103
77	74	0.986399
77	75	0.982405
77	106	0.915674
77	112	0.961197
77	116	0.963199
77	118	0.950706
77	122	0.96829
77	127	0.95834
77	146	0.918838
77	148	2.06344
77	149	0.88718
77	152	0.929874
78	6	1.22266
78	25	1.39141
78	94	0.476066
78	150	0.991977
78	151	1.02116
78	155	1.00036
78	159	0.938831
78	160	0.950546
78	161	0.917842
78	165	0.971406
78	169	0.930101
78	171	0.914421
78	172	0.95184
78	173	0.955717
78	174	0.919056
78	175	0.953624
78	177	0.94586
78	178	0.912833
78	180	0.910466
79	12	1.89701
79	70	1.90299
79	135	0.930448
79	142	0.927538
79	147	0.921036
79	153	0.866847
79	158	0.940208
79	159	0.886357
79	167	0.907693
79	168	0.878987
79	169	0.877627
79	170	0.871292
79	172	0.899367
79	173	0.903244
79	174	0.866583
79	175	0.90115
79	177	0.893387
79	178	0.86036
79	180	0.857993
80	30	1.00718
80	32	1.00549
80	33	0.87133
80	40	1.08391
80	41	1.0825
80	106	0.367118
80	109	0.0611559
80	127	0.595868
80	128	1.08297
80	148	1.03955
80	154	1.00271
80	155	1.04628
80	167	1.00608
80	171	0.960337
80	173	1.00163
80	175	0.999539
80	176	0.960759
80	178	0.958749
80	180	0.956382
81	35	1.0422
81	46	1.02103
81	48	1.02321
81	73	1.0492
81	76	1.03542
81	86	1.04059
81	87	1.0189
81	91	1.01982
81	94	1.01819
81	96	1.00278
81	99	0.937122
81	104	1.06119
81	128	1.02357
81	132	0.995291
81	143	0.893078
81	144	1.47428
81	149	2.2686
81	166	0.981051
81	168	2.65057
82	30	0.961351
82	32	0.959662
82	40	1.03808
82	41	1.03667
82	61	1.01326
82	106	0.995065
82	112	1.04059
82	116	1.04259
82	118	1.0301
82	122	1.04768
82	128	1.03715
82	133	1.03927
82	140	1.0143
82	143	3.82038
82	151	0.873796
82	152	1.00926
82	154	0.956888
82	157	1.2889
82	167	0.960258
83	29	0.906791
83	56	0.956918
83	71	0.941628
83	85	1.45541
83	92	0.968092
83	93	0.965127
83	95	0.947467
83	100	0.939665
83	102	0.935443
83	105	0.990424
83	107	0.925611
83	117	0.964513
83	125	0.974273
83	126	0.971919
83	129	0.955871
83	140	1.16751
83	144	0.920352
83	152	0.940049
83	174	4.02113
84	36	0.961103
84	37	1.28137
84	47	1.55753
84	54	0.941294
84	151	1.0181
84	157	0.980883
84	158	0.989628
84	159	0.935778
84	165	0.968353
84	169	0.927048
84	171	0.911368
84	172	0.948787
84	173	0.952664
84	175	0.950571
84	176	0.91179
84	177	0.942807
84	178	0.90978
84	179	0.99172
84	180	0.907413
85	6	0.92975
85	47	0.957058
85	51	0.941404
85	52	1.01216
85	62	0.928512
85	68	0.920062
85	83	1.45541
85	117	1.49173
85	159	0.860493
85	163	0.884094
85	164	0.930862
85	169	0.851763
85	170	0.845427
85	172	0.873502
85	174	0.840718
85	175	0.875286
85	177	0.867522
85	178	0.834496
85	180	0.832128
86	13	0.999779
86	35	1.0546
86	44	0.930527
86	48	1.03562
86	73	1.0616
86	76	1.04782
86	81	1.04059
86	87	1.0313
86	91	1.03222
86	94	1.0306
86	104	1.07359
86	114	1.2595
86	121	0.967659
86	132	1.00769
86	143	0.90548
86	148	1.91648
86	151	1.81593
86	164	1.49208
86	166	0.993452
87	13	0.978091
87	35	1.03291
87	46	1.01175
87	48	1.01393
87	73	1.03991
87	76	1.02614
87	81	1.0189
87	86	1.0313
87	91	1.01053
87	94	1.00891
87	96	0.993489
87	103	0.661253
87	104	1.0519
87	119	1.99707
87	120	1.63711
87	121	0.945971
87	132	0.986004
87	142	2.51011
87	143	0.883792
87	166	0.971764
88	7	1.2721
88	8	0.967351
88	47	0.99654
88	51	0.980886
88	52	1.05164
88	66	0.94918
88	68	0.959544
88	70	1.03178
88	102	0.558343
88	114	1.01172
88	125	0.592012
88	168	0.892604
88	169	0.891244
88	170	0.884909
88	173	0.916861
88	174	0.8802
88	176	0.875987
88	178	0.873977
88	179	0.955917
88	180	0.87161
89	24	1.03426
89	37	1.00832
89	39	1.01455
89	50	0.978228
89	58	0.979773
89	61	0.980857
89	72	0.954159
89	75	1.02939
89	99	1.1526
89	106	0.96266
89	108	1.01879
89	116	1.01018
89	118	0.997692
89	122	1.01528
89	127	1.00533
89	132	1.65823
89	133	1.00686
89	139	1.80849
89	152	0.97686
89	179	1.90565
90	51	1.40319
90	110	0.946501
90	112	0.072415
90	124	1.00389
90	126	0.827296
90	134	1.06248
90	137	0.968812
90	148	0.971461
90	150	0.969806
90	162	0.91012
90	168	0.90929
90	170	0.901595
90	172	0.929669
90	173	0.933547
90	175	0.931453
90	176	0.892673
90	177	0.92369
90	178	0.890663
90	179	0.972603
90	180	0.888295
91	13	0.979007
91	46	1.01266
91	48	1.01484
91	73	1.04083
91	76	1.02705
91	81	1.01982
91	86	1.03222
91	87	1.01053
91	94	1.00982
91	96	0.994405
91	97	1.05554
91	104	1.05282
91	121	0.946887
91	128	1.0152
91	132	0.98692
91	143	0.884708
91	147	1.23291
91	149	1.69104
91	166	0.97268
91	171	3.55931
92	29	0.957969
92	31	0.950733
92	45	1.01501
92	55	1.00205
92	64	1.09181
92	69	0.98303
92	83	0.968092
92	93	1.01631
92	100	0.990843
92	102	0.986621
92	107	0.976789
92	110	1.73905
92	117	1.01569
92	123	3.53348
92	125	1.02545
92	126	1.0231
92	129	1.00705
92	148	0.92471
92	152	0.991227
92	166	1.09809
93	29	0.955004
93	45	1.01204
93	55	0.999085
93	64	1.08884
93	69	0.980065
93	83	0.965127
93	92	1.01631
93	95	0.99568
93	98	0.976164
93	100	0.987878
93	105	1.03864
93	107	0.973824
93	117	1.01273
93	126	1.02013
93	129	1.00408
93	144	0.968564
93	164	1.36585
93	169	1.5595
93	176	2.57295
93	178	3.14014
94	13	0.977385
94	35	1.03221
94	46	1.01104
94	67	1.23392
94	73	1.0392
94	76	1.02543
94	78	0.476066
94	81	1.01819
94	86	1.0306
94	87	1.00891
94	91	1.00982
94	96	0.992783
94	104	1.05119
94	121	0.945265
94	128	1.01358
94	132	0.985298
94	136	1.49684
94	143	0.883085
94	166	0.971058
94	167	2.16592
95	29	0.937344
95	55	0.981425
95	64	1.07118
95	69	0.962405
95	83	0.947467
95	93	0.99568
95	102	0.965996
95	105	1.02098
95	107	0.956164
95	109	1.02156
95	117	0.995066
95	121	1.46748
95	125	1.00483
95	126	1.00247
95	129	0.986424
95	133	1.00061
95	144	0.950905
95	152	0.970602
95	163	2.35445
95	167	1.64346
95	172	2.03297
96	4	0.94732
96	7	1.07573
96	9	1.07573
96	16	0.944022
96	19	0.917893
96	20	1.03266
96	36	0.998293
96	76	1.01001
96	81	1.00278
96	87	0.993489
96	91	0.994405
96	94	0.992783
96	98	1.37227
96	104	1.03578
96	128	0.99816
96	134	0.60257
96	143	0.867667
96	159	3.08688
96	166	0.95564
96	177	2.50387
96	179	0.955874
97	24	1.56354
97	50	1.58092
97	91	1.05554
97	123	0.935714
97	145	0.962147
97	147	0.955928
97	150	0.974396
97	155	0.982781
97	159	0.92125
97	161	0.900262
97	163	0.944851
97	165	0.953825
97	167	0.942586
97	168	0.91388
97	169	0.91252
97	171	0.89684
97	172	0.934259
97	175	0.936043
97	177	0.92828
97	178	0.895253
97	180	0.892885
98	3	0.91959
98	40	1.03018
98	48	1.79755
98	55	0.961909
98	93	0.976164
98	96	1.37227
98	100	0.950702
98	105	1.00146
98	125	0.98531
98	126	0.982956
98	129	0.966908
98	133	0.98109
98	141	1.03998
98	162	0.874204
98	169	0.872013
98	172	0.893752
98	173	0.89763
98	175	0.895536
98	176	0.856756
98	177	0.887773
98	180	0.852379
99	57	0.980886
99	69	1.1294
99	81	0.937122
99	89	1.1526
99	135	1.01608
99	137	1.02414
99	155	1.03352
99	157	1.01709
99	159	0.971986
99	161	0.950998
99	166	1.02769
99	167	0.993322
99	168	0.964616
99	170	0.95692
99	173	0.988872
99	174	0.952212
99	175	0.986779
99	176	0.947999
99	177	0.979016
99	179	1.02793
99	180	0.943621
100	31	0.922305
100	45	0.986579
100	56	0.979669
100	71	0.964379
100	83	0.939665
100	92	0.990843
100	93	0.987878
100	98	0.950702
100	102	0.958194
100	105	1.01317
100	109	1.01376
100	113	0.997188
100	117	0.987264
100	125	0.997024
100	126	0.99467
100	129	0.978622
100	144	0.943102
100	152	0.9628
100	154	1.94248
100	166	0.993055
100	175	1.31078
100	180	3.56969
101	52	0.801157
101	71	1.37864
101	73	0.971179
101	110	0.998157
101	117	0.396164
101	137	1.02047
101	148	1.02312
101	157	1.01342
101	160	0.980031
101	163	0.991917
101	165	1.00089
101	168	0.960946
101	169	0.959586
101	171	0.943906
101	172	0.981325
101	173	0.985203
101	174	0.948542
101	175	0.983109
101	176	0.944329
101	177	0.975346
101	178	0.942319
101	180	0.939951
102	31	0.918084
102	45	0.982357
102	56	0.975447
102	64	1.05916
102	69	0.950381
102	71	0.960157
102	83	0.935443
102	88	0.558343
102	92	0.986621
102	95	0.965996
102	100	0.958194
102	105	1.00895
102	113	0.992966
102	114	1.19346
102	117	0.983042
102	125	0.992802
102	126	0.990448
102	129	0.9744
102	133	0.988582
102	152	0.958578
102	162	3.90447
102	172	2.00741
103	87	0.661253
103	109	0.371345
103	118	0.0944076
103	129	0.288614
103	140	1.03779
103	142	1.00218
103	146	1.02031
103	150	1.01415
103	160	0.972717
103	162	0.954462
103	163	0.984603
103	164	1.03137
103	165	0.993577
103	171	0.936592
103	172	0.974011
103	173	0.977888
103	174	0.941227
103	175	0.975795
103	176	0.937015
103	177	0.968032
103	178	0.935005
103	180	0.932637
104	13	1.02038
104	35	1.0752
104	44	0.951125
104	46	1.05403
104	48	1.05621
104	73	1.0822
104	76	1.06842
104	81	1.06119
104	86	1.07359
104	87	1.0519
104	91	1.05282
104	94	1.05119
104	96	1.03578
104	121	0.988257
104	132	1.02829
104	136	1.39922
104	142	2.047
104	143	0.926078
104	151	1.51306
104	155	1.1487
104	157	1.92817
104	166	1.01405
105	45	1.03734
105	55	1.02438
105	69	1.00536
105	71	1.01514
105	83	0.990424
105	93	1.03864
105	95	1.02098
105	98	1.00146
105	100	1.01317
105	102	1.00895
105	107	0.99912
105	111	1.51508
105	113	1.04795
105	117	1.03802
105	125	1.04778
105	126	1.04543
105	129	1.02938
105	132	1.30144
105	144	0.993861
105	152	1.01356
105	158	1.98099
105	165	1.81305
105	179	1.54885
106	21	0.910206
106	24	1.00638
106	34	0.988713
106	50	0.950352
106	53	0.945496
106	58	0.951897
106	72	0.926283
106	75	1.00151
106	77	0.915674
106	80	0.367118
106	82	0.995065
106	89	0.96266
106	108	0.990912
106	112	0.980307
106	116	0.982309
106	118	0.969816
106	122	0.9874
106	127	0.97745
106	133	0.978989
106	150	2.34148
106	152	0.948984
106	155	1.62786
106	167	2.54747
107	31	0.908251
107	45	0.972524
107	55	0.959569
107	64	1.04933
107	69	0.940549
107	71	0.950324
107	83	0.925611
107	92	0.976789
107	93	0.973824
107	95	0.956164
107	105	0.99912
107	109	0.999702
107	117	0.973209
107	121	2.24164
107	125	0.982969
107	126	0.980615
107	129	0.964568
107	132	1.33674
107	133	0.97875
107	144	0.929048
107	147	2.56169
107	152	0.948745
107	155	1.498
108	21	0.966334
108	34	1.04484
108	37	1.03657
108	39	1.0428
108	49	0.713409
108	50	1.00648
108	53	1.00162
108	58	1.00802
108	72	0.982411
108	75	1.05764
108	89	1.01879
108	106	0.990912
108	112	1.03643
108	116	1.03844
108	118	1.02594
108	122	1.04353
108	127	1.03358
108	133	1.03512
108	144	1.15726
108	152	1.00511
108	166	1.06806
108	177	2.15308
108	180	3.6447
109	6	1.01306
109	8	1.01117
109	47	1.04036
109	51	1.02471
109	52	1.09547
109	62	1.01182
109	66	0.993003
109	68	1.00337
109	80	0.0611559
109	95	1.02156
109	100	1.01376
109	103	0.371345
109	107	0.999702
109	117	1.0386
109	125	1.04836
109	126	1.04601
109	129	1.02996
109	133	1.04414
109	145	2.44211
109	152	1.01414
109	170	0.928732
109	172	2.63102
109	179	1.40805
110	54	0.857856
110	90	0.946501
110	92	1.73905
110	101	0.998157
110	115	0.899998
110	130	0.89184
110	139	0.930436
110	150	0.905485
110	152	2.11424
110	155	0.91387
110	158	0.906189
110	162	0.845799
110	165	0.884914
110	168	0.844969
110	169	0.843609
110	171	0.827929
110	172	0.865348
110	174	0.832565
110	175	0.867132
110	176	0.828352
110	177	0.859369
110	178	0.826342
110	180	0.823974
111	28	1.12313
111	62	1.18191
111	70	0.779877
111	105	1.51508
111	135	1.00086
111	138	0.958615
111	155	1.0183
111	156	0.985612
111	158	1.01062
111	159	0.956773
111	161	0.935785
111	164	1.02714
111	165	0.989348
111	168	0.949403
111	169	0.948043
111	172	0.969782
111	173	0.973659
111	174	0.936999
111	175	0.971566
111	176	0.932786
111	177	0.963803
111	178	0.930776
111	180	0.928408
112	21	0.955728
112	24	1.0519
112	37	1.02596
112	39	1.03219
112	50	0.995874
112	53	0.991019
112	58	0.997419
112	61	0.998503
112	72	0.971805
112	75	1.04704
112	77	0.961197
112	82	1.04059
112	90	0.072415
112	106	0.980307
112	108	1.03643
112	116	1.02783
112	118	1.01534
112	122	1.03292
112	132	0.883159
112	133	1.02451
112	146	1.30104
112	152	0.994506
112	169	2.75737
112	171	3.78245
113	6	0.996487
113	10	1.09868
113	51	1.00814
113	52	1.0789
113	55	1.0084
113	63	1.12101
113	66	0.976435
113	68	0.986798
113	70	1.05904
113	100	0.997188
113	102	0.992966
113	105	1.04795
113	117	1.02204
113	120	1.17351
113	125	1.0318
113	126	1.02944
113	129	1.01339
113	152	0.997572
113	156	1.82684
113	167	1.17322
113	170	0.912164
113	174	3.61211
113	177	1.97693
114	1	1.07101
114	9	1.47052
114	86	1.2595
114	88	1.01172
114	102	1.19346
114	133	0.677186
114	151	1.01657
114	155	0.995771
114	156	0.963079
114	157	0.979345
114	160	0.945955
114	162	0.9277
114	163	0.957841
114	164	1.00461
114	165	0.966815
114	171	0.90983
114	172	0.947249
114	173	0.951127
114	174	0.914466
114	175	0.949033
114	176	0.910253
114	177	0.94127
114	178	0.908243
114	180	0.905875
115	28	2.55616
115	70	2.04384
115	110	0.899998
115	138	0.871999
115	153	0.850646
115	156	0.898996
115	158	0.924007
115	159	0.870157
115	160	0.881872
115	162	0.863617
115	163	0.893758
115	164	0.940527
115	168	0.862787
115	170	0.855091
115	171	0.845747
115	172	0.883166
115	173	0.887044
115	174	0.850383
115	175	0.88495
115	176	0.84617
115	177	0.877187
115	178	0.84416
115	180	0.841792
116	21	0.95773
116	34	1.03624
116	37	1.02796
116	39	1.0342
116	50	0.997876
116	53	0.993021
116	58	0.999421
116	59	0.650856
116	72	0.973807
116	77	0.963199
116	82	1.04259
116	89	1.01018
116	106	0.982309
116	108	1.03844
116	112	1.02783
116	118	1.01734
116	122	1.03492
116	127	1.02497
116	133	1.02651
116	135	2.10489
116	141	1.10249
116	152	0.996508
116	160	2.49575
116	164	1.39503
117	31	0.947153
117	55	0.998471
117	56	1.00452
117	69	0.979451
117	83	0.964513
117	85	1.49173
117	92	1.01569
117	93	1.01273
117	95	0.995066
117	100	0.987264
117	101	0.396164
117	102	0.983042
117	105	1.03802
117	107	0.973209
117	109	1.0386
117	113	1.02204
117	125	1.02187
117	126	1.01952
117	129	1.00347
117	130	2.07166
117	133	1.01765
117	140	1.20383
117	144	0.96795
117	152	0.987647
117	177	2.42227
118	21	0.945238
118	24	1.04141
118	34	1.02374
118	37	1.01547
118	50	0.985384
118	53	0.980528
118	58	0.986929
118	61	0.988013
118	72	0.961314
118	75	1.03655
118	77	0.950706
118	82	1.0301
118	89	0.997692
118	103	0.0944076
118	106	0.969816
118	108	1.02594
118	112	1.01534
118	116	1.01734
118	122	1.02243
118	127	1.01248
118	135	1.79535
118	137	1.79601
118	152	0.984015
118	160	2.1862
118	173	2.15391
119	8	1.94526
119	45	0.857671
119	87	1.99707
119	131	0.96995
119	139	0.983367
119	143	0.873005
119	151	0.987595
119	153	0.885759
119	158	0.95912
119	159	0.905269
119	161	0.884281
119	163	0.928871
119	165	0.937844
119	168	0.897899
119	169	0.896539
119	171	0.88086
119	172	0.918279
119	173	0.922156
119	174	0.885495
119	175	0.920063
119	176	0.881282
119	177	0.912299
119	178	0.879272
119	180	0.876905
120	39	0.695688
120	65	1.69369
120	87	1.63711
120	113	1.17351
120	123	0.950651
120	142	0.977368
120	153	0.916676
120	155	0.997718
120	156	0.965026
120	158	0.990037
120	160	0.947902
120	161	0.915199
120	162	0.929647
120	163	0.959788
120	165	0.968762
120	166	0.991895
120	168	0.928817
120	169	0.927457
120	171	0.911777
120	173	0.953073
120	174	0.916413
120	175	0.95098
120	176	0.9122
120	177	0.943217
120	178	0.91019
120	180	0.907822
121	35	0.969271
121	46	0.948103
121	48	0.950285
121	75	1.69089
121	76	0.962494
121	86	0.967659
121	87	0.945971
121	91	0.946887
121	94	0.945265
121	95	1.46748
121	104	0.988257
121	107	2.24164
121	128	0.950642
121	137	0.904566
121	143	0.820149
121	148	0.907215
121	158	0.906264
121	166	0.908122
121	169	0.843683
121	171	0.828004
121	172	0.865423
121	173	0.8693
121	174	0.832639
121	176	0.828426
121	177	0.859443
121	178	0.826416
121	180	0.824049
122	17	0.0827386
122	21	0.962821
122	24	1.05899
122	34	1.04133
122	37	1.03306
122	39	1.03929
122	50	1.00297
122	53	0.998112
122	58	1.00451
122	61	1.0056
122	72	0.978898
122	75	1.05413
122	77	0.96829
122	82	1.04768
122	89	1.01528
122	106	0.9874
122	108	1.04353
122	112	1.03292
122	116	1.03492
122	118	1.02243
122	127	1.03007
122	133	1.0316
122	150	1.03882
122	152	1.0016
122	158	0.84349
122	163	1.95581
122	168	2.22899
122	176	3.70365
123	11	2.06652
123	92	3.53348
123	97	0.935714
123	120	0.950651
123	124	0.924195
123	131	0.901644
123	139	0.91506
123	145	0.87786
123	153	0.817452
123	156	0.865801
123	159	0.836963
123	160	0.848678
123	162	0.830423
123	164	0.907333
123	165	0.869538
123	166	0.892671
123	168	0.829593
123	169	0.828233
123	171	0.812553
123	172	0.849972
123	173	0.853849
123	174	0.817188
123	175	0.851756
123	176	0.812976
123	177	0.843993
123	178	0.810966
123	179	0.892905
123	180	0.808598
124	7	1.22342
124	18	1.2575
124	46	1.31705
124	60	0.923481
124	61	2.00203
124	90	1.00389
124	123	0.924195
124	131	0.974411
124	140	0.98652
124	145	0.950627
124	151	0.992056
124	153	0.89022
124	156	0.938569
124	157	0.954835
124	159	0.90973
124	162	0.90319
124	163	0.933331
124	164	0.9801
124	168	0.90236
124	170	0.894665
124	171	0.88532
124	172	0.922739
124	173	0.926617
124	174	0.889956
124	175	0.924523
124	176	0.885743
124	177	0.91676
124	178	0.883733
124	180	0.881365
125	29	0.964149
125	31	0.956913
125	45	1.02119
125	55	1.00823
125	56	1.01428
125	64	1.09799
125	67	0.719559
125	69	0.989211
125	71	0.998987
125	83	0.974273
125	88	0.592012
125	92	1.02545
125	95	1.00483
125	98	0.98531
125	100	0.997024
125	102	0.992802
125	105	1.04778
125	107	0.982969
125	109	1.04836
125	113	1.0318
125	117	1.02187
125	126	1.02928
125	129	1.01323
125	131	0.807242
125	139	0.720949
125	144	0.97771
125	152	0.997407
125	173	1.8409
125	176	4.1104
126	29	0.961795
126	31	0.954559
126	45	1.01883
126	56	1.01192
126	64	1.09564
126	69	0.986857
126	71	0.996633
126	83	0.971919
126	90	0.827296
126	92	1.0231
126	93	1.02013
126	95	1.00247
126	98	0.982956
126	100	0.99467
126	102	0.990448
126	105	1.04543
126	107	0.980615
126	109	1.04601
126	113	1.02944
126	117	1.01952
126	125	1.02928
126	129	1.01088
126	133	1.02506
126	141	0.895236
126	152	0.995053
126	157	1.92672
126	158	1.66554
126	160	2.28849
126	175	2.10327
127	17	0.896502
127	18	1.07322
127	21	0.952872
127	22	0.958467
127	23	0.961149
127	24	1.04905
127	25	0.960646
127	33	0.948033
127	38	1.04032
127	39	1.02934
127	49	0.7709
127	57	1.00444
127	58	0.994563
127	65	0.986879
127	74	1.04817
127	77	0.95834
127	80	0.595868
127	89	1.00533
127	106	0.97745
127	108	1.03358
127	116	1.02497
127	118	1.01248
127	122	1.03007
127	133	1.02165
127	134	1.02788
127	146	0.980614
127	149	0.948956
127	152	0.99165
127	175	2.81263
127	179	1.94277
128	5	1.09148
128	11	1.09176
128	15	1.09135
128	27	1.83911
128	30	0.943156
128	32	0.941467
128	35	1.03758
128	40	1.01989
128	41	1.01848
128	42	1.19074
128	48	1.0186
128	73	1.04458
128	76	1.03081
128	80	1.08297
128	81	1.02357
128	82	1.03715
128	91	1.0152
128	94	1.01358
128	96	0.99816
128	121	0.950642
128	132	0.990675
128	136	0.9368
128	143	0.888463
128	150	1.39989
128	154	0.938693
128	157	1.46574
128	160	1.82751
128	166	0.976435
128	167	0.942063
129	29	0.945748
129	31	0.938512
129	45	1.00278
129	55	0.989829
129	56	0.995875
129	64	1.07959
129	69	0.970809
129	71	0.980585
129	83	0.955871
129	92	1.00705
129	93	1.00408
129	95	0.986424
129	98	0.966908
129	100	0.978622
129	102	0.9744
129	103	0.288614
129	105	1.02938
129	107	0.964568
129	109	1.02996
129	113	1.01339
129	117	1.00347
129	125	1.01323
129	126	1.01088
129	133	1.00901
129	144	0.959308
129	152	0.979006
129	153	5.57576
129	156	1.39312
129	161	3.49568
129	162	1.69438
129	179	1.24419
130	46	2.03006
130	63	2.29829
130	110	0.89184
130	117	2.07166
130	135	0.90609
130	141	1.02124
130	148	0.916801
130	150	0.915146
130	151	0.944325
130	153	0.842489
130	156	0.890838
130	157	0.907104
130	158	0.915849
130	159	0.861999
130	161	0.841011
130	162	0.85546
130	163	0.885601
130	164	0.932369
130	167	0.883335
130	168	0.854629
130	169	0.853269
130	170	0.846934
130	171	0.83759
130	172	0.875009
130	173	0.878886
130	174	0.842225
130	175	0.876792
130	176	0.838012
130	177	0.869029
130	178	0.836002
130	179	0.917942
130	180	0.833635
131	31	2.18642
131	47	1.31883
131	56	2.28751
131	119	0.96995
131	123	0.901644
131	124	0.974411
131	125	0.807242
131	132	0.957128
131	136	0.966686
131	140	0.96397
131	145	0.928076
131	151	0.969505
131	153	0.867669
131	155	0.94871
131	159	0.887179
131	160	0.898895
131	161	0.866191
131	162	0.88064
131	163	0.910781
131	164	0.957549
131	165	0.919754
131	168	0.879809
131	169	0.878449
131	171	0.86277
131	172	0.900189
131	173	0.904066
131	174	0.867405
131	175	0.901972
131	176	0.863192
131	177	0.894209
131	178	0.861182
131	179	0.943122
131	180	0.858815
132	35	1.0093
132	48	0.990318
132	73	1.0163
132	76	1.00253
132	81	0.995291
132	86	1.00769
132	87	0.986004
132	89	1.65823
132	91	0.98692
132	94	0.985298
132	104	1.02829
132	105	1.30144
132	107	1.33674
132	112	0.883159
132	128	0.990675
132	131	0.957128
132	134	1.03827
132	135	0.936537
132	138	0.894289
132	142	0.933627
132	143	0.860182
132	152	0.673721
132	153	0.872936
132	159	0.892447
132	161	0.871459
132	163	0.916048
132	166	0.948155
132	173	0.909333
132	174	0.872672
132	176	0.86846
132	177	0.899477
132	178	0.86645
132	180	0.864082
133	24	1.05058
133	31	0.952694
133	37	1.02464
133	39	1.03088
133	50	0.994556
133	56	1.01006
133	69	0.984991
133	71	0.994767
133	72	0.970487
133	82	1.03927
133	89	1.00686
133	95	1.00061
133	98	0.98109
133	102	0.988582
133	106	0.978989
133	107	0.97875
133	108	1.03512
133	109	1.04414
133	112	1.02451
133	114	0.677186
133	116	1.02651
133	117	1.01765
133	122	1.0316
133	126	1.02506
133	127	1.02165
133	129	1.00901
133	138	3.27911
133	141	0.86343
133	144	0.973491
133	149	1.62393
133	152	0.993188
133	163	1.73272
133	171	3.4922
133	179	1.05987
134	10	0.986399
134	49	1.11862
134	53	1.40703
134	56	1.3835
134	65	0.839663
134	90	1.06248
134	96	0.60257
134	127	1.02788
134	132	1.03827
134	136	1.04782
134	141	1.12755
134	142	1.0095
134	145	1.00921
134	147	1.003
134	151	1.05064
134	152	0.00625333
134	159	0.968318
134	160	0.980033
134	162	0.961778
134	163	0.991919
134	164	1.03869
134	165	1.00089
134	167	0.989654
134	168	0.960948
134	169	0.959588
134	171	0.943908
134	172	0.981327
134	173	0.985204
134	174	0.948544
134	175	0.983111
134	176	0.944331
134	177	0.975348
134	178	0.942321
134	179	1.02426
134	180	0.939953
135	14	1.97114
135	35	1.32862
135	42	0.961979
135	79	0.930448
135	99	1.01608
135	111	1.00086
135	116	2.10489
135	118	1.79535
135	130	0.90609
135	132	0.936537
135	138	0.868431
135	139	0.944686
135	141	1.02583
135	143	0.834325
135	144	0.917234
135	147	0.901267
135	155	0.92812
135	156	0.895428
135	158	0.920439
135	159	0.866589
135	160	0.878304
135	161	0.845601
135	163	0.89019
135	164	0.936959
135	166	0.922297
135	168	0.859219
135	169	0.857859
135	171	0.842179
135	172	0.879598
135	173	0.883475
135	174	0.846814
135	175	0.881382
135	176	0.842602
135	177	0.873619
135	178	0.840592
135	180	0.838224
136	4	1.3138
136	26	2.05334
136	27	0.925589
136	94	1.49684
136	104	1.39922
136	128	0.9368
136	131	0.966686
136	134	1.04782
136	140	0.978795
136	141	1.06124
136	143	0.869741
136	148	0.956806
136	151	0.984331
136	154	0.919971
136	155	0.963536
136	156	0.930844
136	157	0.94711
136	158	0.955855
136	159	0.902005
136	160	0.91372
136	161	0.881017
136	162	0.895465
136	163	0.925606
136	164	0.972375
136	165	0.93458
136	168	0.894635
136	169	0.893275
136	171	0.877595
136	172	0.915014
136	173	0.918892
136	174	0.882231
136	175	0.916798
136	176	0.878018
136	177	0.909035
136	178	0.876008
136	180	0.87364
137	12	1.30349
137	15	1.80713
137	61	2.09337
137	67	0.949336
137	90	0.968812
137	99	1.02414
137	101	1.02047
137	118	1.79601
137	121	0.904566
137	138	0.876493
137	147	0.909329
137	150	0.927797
137	153	0.85514
137	154	0.892617
137	155	0.936181
137	157	0.919756
137	158	0.928501
137	160	0.886366
137	161	0.853662
137	162	0.868111
137	163	0.898252
137	164	0.94502
137	165	0.907225
137	166	0.930359
137	167	0.895986
137	168	0.86728
137	171	0.850241
137	172	0.88766
137	173	0.891537
137	174	0.854876
137	175	0.889443
137	176	0.850663
137	177	0.88168
137	178	0.848653
137	180	0.846286
138	40	3.52089
138	111	0.958615
138	115	0.871999
138	132	0.894289
138	133	3.27911
138	135	0.868431
138	137	0.876493
138	144	0.874986
138	147	0.859019
138	149	0.851989
138	151	0.906666
138	153	0.80483
138	155	0.885871
138	156	0.853179
138	157	0.869446
138	158	0.878191
138	159	0.824341
138	160	0.836056
138	161	0.803352
138	162	0.817801
138	163	0.847942
138	164	0.89471
138	165	0.856916
138	168	0.81697
138	169	0.81561
138	171	0.799931
138	173	0.841227
138	174	0.804566
