1	3	0.996312
1	5	1.15378
1	7	0.99587
1	18	1.13715
1	23	1.09173
1	35	1.0461
1	50	1.12177
1	65	0.694593
1	68	1.11922
1	154	1.03009
1	162	1.30128
1	164	0.95426
2	9	1.23571
2	12	1.23948
2	17	1.2427
2	31	1.14705
2	44	1.24129
2	67	1.16518
2	73	1.20034
2	153	0.66585
2	157	1.151
2	164	0.803599
2	173	0.89927
2	175	0.907131
3	1	0.996312
3	5	1.15369
3	7	0.995779
3	11	1.12352
3	18	1.13706
3	23	1.09164
3	35	1.04601
3	68	1.11913
3	134	0.791977
3	164	0.954169
3	176	1.24826
3	180	1.02677
4	20	1.18497
4	32	1.13128
4	33	1.13097
4	36	1.09937
4	41	1.06131
4	47	1.03927
4	59	1.12968
4	99	0.866694
4	109	0.93759
4	160	1.01711
4	169	1.05322
5	1	1.15378
5	3	1.15369
5	7	1.15325
5	23	1.2491
5	35	1.20347
5	50	1.27915
5	68	1.27659
5	111	0.825637
5	133	0.734192
5	139	0.722878
5	164	1.11164
5	169	0.972379
6	12	1.10493
6	17	1.10815
6	22	1.07231
6	31	1.0125
6	44	1.10674
6	57	1.0673
6	61	1.06731
6	67	1.03063
6	73	1.06579
6	161	0.833043
6	164	0.900028
6	174	1.32283
7	1	0.99587
7	3	0.995779
7	5	1.15325
7	11	1.12308
7	23	1.09119
7	35	1.04556
7	50	1.12124
7	68	1.11869
7	109	0.906996
7	139	0.828057
7	162	1.30945
7	164	0.953727
8	38	1.20608
8	46	1.28422
8	66	1.20402
8	75	1.24457
8	103	1.26416
8	114	0.387737
8	128	1.18866
8	144	1.16065
8	162	0.84297
8	164	1.09807
8	175	0.855935
8	176	1.19766
9	2	1.23571
9	19	1.11321
9	22	1.21553
9	31	1.15572
9	44	1.24996
9	61	1.21053
9	67	1.17385
9	73	1.209
9	132	0.563119
9	151	0.702022
9	157	1.15967
9	172	0.849923
10	100	1.07921
10	102	1.05786
10	117	1.08702
10	118	1.02711
10	127	1.08663
10	140	1.07728
10	141	1.06087
10	145	1.04436
10	147	1.08773
10	155	1.14691
10	159	0.906742
10	178	0.98855
11	3	1.12352
11	7	1.12308
11	18	1.26436
11	35	1.1733
11	42	1.311
11	50	1.24898
11	68	1.24642
11	111	0.553952
11	143	0.909297
11	159	0.704653
11	164	1.08147
11	177	1.09693
12	2	1.23948
12	6	1.10493
12	17	1.25514
12	26	0.459924
12	31	1.15949
12	44	1.25373
12	57	1.21429
12	73	1.21277
12	137	0.888074
12	157	1.16344
12	161	0.981505
12	166	0.910607
13	38	1.05814
13	46	1.13628
13	66	1.05609
13	75	1.09663
13	103	1.11622
13	116	0.724186
13	135	1.09622
13	139	1.12562
13	144	1.01271
13	154	1.02195
13	164	0.950136
13	173	1.29825
14	63	0.66469
14	75	0.57369
14	107	0.518391
14	137	1.14295
14	159	1.11946
14	163	1.08927
14	172	1.07567
14	176	0.994939
14	177	1.01745
14	178	1.07338
14	179	1.07283
14	180	1.01685
15	80	1.09477
15	82	1.08621
15	91	1.04167
15	95	1.12071
15	96	1.11558
15	97	1.12167
15	101	1.08923
15	107	1.11603
15	144	0.877537
15	164	1.15192
15	166	1.01404
15	167	0.887846
16	72	1.14704
16	119	1.23039
16	122	1.25357
16	124	1.19375
16	129	1.17746
16	130	1.2137
16	131	1.21358
16	137	0.677878
16	154	0.657671
16	158	0.661058
16	168	1.195
16	174	1.26109
17	2	1.2427
17	6	1.10815
17	12	1.25514
17	57	1.2175
17	61	1.21751
17	67	1.18083
17	71	0.608611
17	73	1.21599
17	157	1.16666
17	166	0.823381
17	172	0.920669
17	178	0.905711
18	1	1.13715
18	3	1.13706
18	11	1.26436
18	23	1.23248
18	35	1.18685
18	50	1.26252
18	68	1.25997
18	103	0.586455
18	164	1.09501
18	169	0.831602
18	172	0.932326
18	179	0.898158
19	9	1.11321
19	122	1.0795
19	123	1.1091
19	151	1.011
19	153	1.01087
19	155	0.932867
19	165	0.988778
19	176	0.869145
19	177	0.89166
19	178	0.947582
19	179	0.947038
19	180	0.891053
20	4	1.18497
20	32	1.24747
20	33	1.24716
20	36	1.21557
20	41	1.1775
20	47	1.15547
20	53	0.496423
20	59	1.24587
20	134	0.928858
20	150	0.828321
20	162	1.03046
20	169	1.16941
21	58	1.16989
21	78	1.18105
21	86	1.15444
21	87	1.15696
21	90	1.21796
21	92	1.19101
21	94	1.19066
21	150	0.805757
21	154	0.736703
21	158	1.11459
21	161	1.07129
21	164	0.917325
21	175	1.02086
22	6	1.07231
22	9	1.21553
22	31	1.12686
22	57	1.18166
22	61	1.18167
22	67	1.14499
22	73	1.18015
22	110	0.580217
22	112	1.17496
22	157	1.13082
22	159	0.771009
22	165	0.81291
22	171	1.3199
23	1	1.09173
23	3	1.09164
23	5	1.2491
23	7	1.09119
23	18	1.23248
23	35	1.14142
23	50	1.21709
23	68	1.21454
23	128	0.693609
23	149	0.558148
23	162	1.02127
23	164	1.04958
23	177	1.18562
24	98	1.08495
24	119	1.08839
24	122	1.11157
24	124	1.05175
24	129	1.03546
24	130	1.0717
24	131	1.07159
24	133	0.923393
24	157	1.0251
24	160	1.07053
24	161	0.981431
24	171	0.88646
24	178	1.24735
25	72	1.09595
25	98	1.17586
25	110	1.20774
25	122	1.20248
25	124	1.14266
25	128	0.705156
25	129	1.12637
25	130	1.16261
25	131	1.1625
25	148	0.86193
25	168	1.14391
25	170	0.855802
25	175	1.04578
26	12	0.459924
26	49	0.622652
26	50	1.24469
26	59	0.43391
26	68	1.24214
26	94	0.442729
26	121	1.18525
26	145	1.17935
26	147	1.22272
26	164	1.07718
26	172	1.09824
26	179	1.09541
26	180	1.03942
27	42	0.651549
27	100	1.18443
27	111	0.94887
27	118	1.13233
27	126	1.20842
27	127	1.19186
27	140	1.18251
27	141	1.16609
27	144	0.962545
27	145	1.14959
27	147	1.19296
27	149	0.864378
27	171	0.990205
28	43	1.24477
28	64	1.16069
28	79	1.17168
28	89	1.23519
28	104	1.15588
28	106	1.20563
28	146	0.685904
28	152	0.611299
28	154	1.10664
28	155	1.00683
28	167	0.986518
28	168	1.1654
28	177	1.15894
29	115	0.562943
29	135	0.384868
29	141	0.430924
29	153	1.23238
29	163	1.18499
29	168	0.35869
29	170	1.18031
29	173	1.14337
29	176	1.09065
29	177	1.11317
29	178	1.16909
29	179	1.16855
29	180	1.11256
30	80	1.16115
30	91	1.10804
30	95	1.18708
30	96	1.18195
30	97	1.18804
30	101	1.1556
30	105	0.80872
30	107	1.1824
30	128	0.830876
30	158	1.10483
30	160	0.835604
30	162	1.02
30	167	0.954217
30	173	1.16364
31	2	1.14705
31	6	1.0125
31	9	1.15572
31	12	1.15949
31	22	1.12686
31	44	1.16129
31	57	1.12185
31	61	1.12186
31	67	1.08518
31	73	1.12034
31	81	0.832126
31	109	0.828084
31	160	0.907602
31	179	1.0652
32	4	1.13128
32	20	1.24747
32	33	1.19347
32	36	1.16187
32	41	1.12381
32	47	1.10177
32	59	1.19218
32	120	1.17942
32	128	0.789113
32	136	0.78799
32	159	0.888846
32	169	1.11572
32	172	0.985611
33	4	1.13097
33	20	1.24716
33	32	1.19347
33	36	1.16157
33	41	1.1235
33	47	1.10146
33	59	1.19187
33	109	0.665139
33	120	1.17911
33	164	0.977022
33	165	0.881562
33	169	1.11541
33	172	0.936426
34	70	0.803966
34	75	1.13355
34	86	1.10796
34	89	0.706394
34	92	1.14453
34	94	1.14418
34	97	0.435724
34	134	1.03243
34	164	0.987051
34	175	0.989614
34	177	0.949899
34	179	1.00528
34	180	0.949292
35	1	1.0461
35	3	1.04601
35	5	1.20347
35	7	1.04556
35	11	1.1733
35	18	1.18685
35	23	1.14142
35	50	1.17146
35	51	0.412013
35	68	1.16891
35	157	0.876107
35	164	1.00395
35	165	0.936097
35	171	1.44309
36	4	1.09937
36	20	1.21557
36	32	1.16187
36	33	1.16157
36	41	1.0919
36	47	1.06987
36	54	1.0544
36	59	1.16027
36	83	0.453833
36	120	1.14752
36	155	1.08705
36	169	1.08381
36	179	0.909481
36	180	1.20801
37	72	1.08138
37	98	1.1613
37	99	0.740081
37	119	1.16474
37	122	1.18792
37	124	1.1281
37	129	1.11181
37	130	1.14805
37	131	1.14793
37	139	0.732039
37	151	0.934363
37	155	1.22567
37	168	1.12934
37	171	0.962804
38	8	1.20608
38	13	1.05814
38	46	1.20626
38	66	1.12607
38	75	1.16662
38	128	1.11071
38	135	1.1662
38	136	1.10056
38	144	1.0827
38	164	1.02012
38	167	1.39164
38	169	0.653372
38	175	0.898224
38	178	0.739138
39	86	0.582715
39	101	0.471418
39	122	0.423395
39	134	1.15845
39	159	1.17793
39	163	1.14774
39	166	1.17634
39	168	0.475441
39	172	1.13413
39	174	1.06424
39	176	1.05341
39	177	1.07592
39	178	1.13184
39	180	1.07531
40	43	1.28997
40	63	1.11632
40	64	1.20589
40	79	1.21688
40	89	1.28039
40	104	1.20108
40	106	1.25083
40	116	0.517989
40	135	1.24736
40	160	0.764012
40	167	1.03172
40	168	1.2106
40	170	0.909929
40	172	0.955782
40	179	0.921613
41	4	1.06131
41	20	1.1775
41	32	1.12381
41	33	1.1235
41	36	1.0919
41	47	1.0318
41	48	1.11826
41	54	1.01633
41	59	1.12221
41	110	0.631339
41	120	1.10945
41	157	0.804042
41	167	1.55644
41	169	1.04575
41	178	0.903939
42	11	1.311
42	27	0.651549
42	44	0.305159
42	47	1.19047
42	59	1.28088
42	68	1.3066
42	98	0.440967
42	127	0.413243
42	142	0.338542
42	164	1.14165
42	166	1.20492
42	169	1.20442
42	177	1.10449
42	179	1.15987
42	180	1.10389
43	28	1.24477
43	40	1.28997
43	52	1.25744
43	63	1.11586
43	79	1.21642
43	84	1.22811
43	104	1.20061
43	106	1.25037
43	113	0.888108
43	128	0.833456
43	132	0.74315
43	136	0.832332
43	152	0.777824
43	167	1.03125
43	168	1.21013
44	2	1.24129
44	6	1.10674
44	9	1.24996
44	12	1.25373
44	31	1.16129
44	42	0.305159
44	57	1.2161
44	61	1.21611
44	67	1.17943
44	71	0.537889
44	73	1.21458
44	153	0.752794
44	157	1.16525
44	162	0.98111
44	171	1.30207
45	51	0.46735
45	53	0.643428
45	98	1.24245
45	119	1.24589
45	122	1.26907
45	124	1.20925
45	129	1.19296
45	130	1.2292
45	131	1.22909
45	151	0.898398
45	161	1.13893
45	168	1.2105
45	170	1.00045
45	171	1.04396
45	172	1.0463
46	8	1.28422
46	13	1.13628
46	38	1.20626
46	66	1.20421
46	75	1.24476
46	109	0.590062
46	110	0.573791
46	135	1.24434
46	136	1.1787
46	139	1.27374
46	144	1.16084
46	146	0.683824
46	153	0.764196
46	164	1.09826
46	167	1.49889
47	4	1.03927
47	20	1.15547
47	32	1.10177
47	33	1.10146
47	36	1.06987
47	41	1.0318
47	42	1.19047
47	48	1.09623
47	59	1.10017
47	113	0.675225
47	120	1.08741
47	155	0.960473
47	169	1.02371
47	171	1.2692
47	175	0.961199
48	41	1.11826
48	47	1.09623
48	80	0.507956
48	90	0.44425
48	108	0.702234
48	127	0.486558
48	129	1.13919
48	130	1.17543
48	131	1.17531
48	155	1.05146
48	169	1.11017
48	174	0.99857
48	178	1.06617
48	179	1.06563
48	180	1.00964
49	26	0.622652
49	58	1.11144
49	78	1.1226
49	86	1.09599
49	87	1.09851
49	90	1.15951
49	92	1.13256
49	94	1.13221
49	110	0.883065
49	123	0.830341
49	142	1.08504
49	144	1.03766
49	158	1.05614
49	161	1.01284
49	173	1.30689
50	1	1.12177
50	5	1.27915
50	7	1.12124
50	11	1.24898
50	18	1.26252
50	23	1.21709
50	26	1.24469
50	35	1.17146
50	68	1.24458
50	103	0.590309
50	134	0.965745
50	137	0.81636
50	154	0.796154
50	164	1.07963
50	179	0.902012
51	35	0.412013
51	45	0.46735
51	108	0.594758
51	124	0.454872
51	145	0.426775
51	159	1.25157
51	165	1.24668
51	169	1.24949
51	170	1.21671
51	175	1.18928
51	176	1.12705
51	177	1.14956
51	178	1.20549
51	179	1.20494
51	180	1.14896
52	43	1.25744
52	63	1.08379
52	77	0.800153
52	79	1.18435
52	84	1.19605
52	89	1.24786
52	104	1.16855
52	106	1.2183
52	142	1.1787
52	148	0.820819
52	154	1.11931
52	158	0.723904
52	159	0.763778
52	167	0.999188
52	168	1.17807
52	177	1.15606
53	20	0.496423
53	45	0.643428
53	78	0.423478
53	79	0.501988
53	100	0.466415
53	148	1.2207
53	155	1.15672
53	159	1.21752
53	166	1.21593
53	172	1.17372
53	174	1.10383
53	175	1.15522
53	176	1.09299
53	178	1.17143
53	179	1.17089
53	180	1.1149
54	36	1.0544
54	41	1.01633
54	59	1.0847
54	71	0.854965
54	85	1.06901
54	87	1.0689
54	90	1.1299
54	92	1.10295
54	94	1.1026
54	132	0.88022
54	140	1.08056
54	141	1.06415
54	145	1.04764
54	154	1.027
54	169	1.00824
54	175	1.31115
55	77	0.801625
55	93	0.936145
55	100	1.17891
55	102	1.15756
55	117	1.18672
55	118	1.12681
55	121	1.14996
55	127	1.18633
55	140	1.17698
55	141	1.16057
55	145	1.14406
55	147	1.18743
55	154	0.721988
55	159	0.76525
55	168	1.15122
55	173	0.998282
56	69	0.874585
56	76	1.03914
56	95	0.802259
56	120	0.905723
56	137	1.04915
56	146	1.09099
56	160	1.04984
56	162	0.957033
56	165	1.02078
56	172	0.981873
56	174	0.911979
56	175	0.963374
56	176	0.901144
56	177	0.923659
56	178	0.979581
56	180	0.923052
57	6	1.0673
57	12	1.21429
57	17	1.2175
57	22	1.18166
57	31	1.12185
57	44	1.2161
57	61	1.17666
57	67	1.13999
57	73	1.17514
57	105	0.765291
57	112	1.16995
57	136	0.786323
57	138	0.869785
57	157	1.12581
57	169	0.883221
57	178	0.968987
58	21	1.16989
58	49	1.11144
58	78	1.196
58	86	1.16938
58	87	1.17191
58	90	1.2329
58	92	1.20595
58	94	1.20561
58	134	0.87422
58	142	1.15843
58	146	0.667131
58	158	1.12953
58	161	1.08623
58	178	0.829698
58	179	0.810488
58	180	1.10902
59	4	1.12968
59	20	1.24587
59	26	0.43391
59	32	1.19218
59	33	1.19187
59	36	1.16027
59	41	1.12221
59	42	1.28088
59	47	1.10017
59	54	1.0847
59	110	0.694323
59	120	1.17782
59	139	0.631655
59	157	0.867026
59	169	1.11412
59	176	1.46773
60	80	1.20047
60	91	1.14737
60	95	1.2264
60	96	1.22128
60	97	1.22736
60	101	1.19492
60	107	1.22172
60	110	1.23625
60	154	1.11366
60	160	0.573032
60	161	0.738413
60	162	1.05932
60	165	0.709938
60	167	0.993541
60	174	1.2282
60	180	1.02916
61	6	1.06731
61	9	1.21053
61	17	1.21751
61	22	1.18167
61	31	1.12186
61	44	1.21611
61	57	1.17666
61	67	1.13999
61	73	1.17515
61	112	1.16996
61	133	0.460924
61	150	0.728863
61	157	1.12582
61	162	0.930999
61	165	0.744971
61	167	1.43738
62	74	1.27025
62	108	1.14194
62	117	1.26315
62	118	1.20324
62	121	1.2264
62	123	0.61091
62	126	1.27933
62	127	1.26277
62	133	0.612279
62	140	1.25342
62	141	1.237
62	145	1.2205
62	147	1.26387
62	151	0.803289
62	158	0.814551
62	161	0.924801
62	170	0.905338
63	14	0.66469
63	40	1.11632
63	43	1.11586
63	52	1.08379
63	79	1.04277
63	84	1.05447
63	89	1.10628
63	104	1.02697
63	106	1.07672
63	115	1.01941
63	139	1.10265
63	152	0.810723
63	154	0.977728
63	167	0.857604
63	168	1.03649
63	176	1.5487
63	179	1.02868
64	28	1.16069
64	40	1.20589
64	79	1.13234
64	84	1.14404
64	89	1.19585
64	103	0.756825
64	104	1.11654
64	106	1.16629
64	116	0.664904
64	135	1.16281
64	139	1.19222
64	146	0.925171
64	154	1.0673
64	167	0.947175
64	168	1.12606
64	170	1.05684
64	178	1.08774
65	1	0.694593
65	66	0.551948
65	82	0.49297
65	96	0.445103
65	136	1.19513
65	154	1.16526
65	158	1.19575
65	165	1.17466
65	168	0.39273
65	170	1.14468
65	172	1.13575
65	173	1.10774
65	175	1.11726
65	176	1.05502
65	177	1.07754
65	179	1.13292
65	180	1.07693
66	8	1.20402
66	13	1.05609
66	38	1.12607
66	46	1.20421
66	65	0.551948
66	75	1.16456
66	103	1.18415
66	128	1.10865
66	133	0.688565
66	135	1.16415
66	136	1.09851
66	139	1.19355
66	144	1.08065
66	149	0.695517
66	164	1.01807
66	172	1.02748
66	180	1.29184
67	2	1.16518
67	6	1.03063
67	9	1.17385
67	17	1.18083
67	22	1.14499
67	31	1.08518
67	44	1.17943
67	57	1.13999
67	61	1.13999
67	73	1.13847
67	110	0.508371
67	112	1.13328
67	157	1.08914
67	170	0.750076
67	171	1.24806
67	175	0.940057
67	180	1.06029
68	1	1.11922
68	3	1.11913
68	5	1.27659
68	7	1.11869
68	11	1.24642
68	18	1.25997
68	23	1.21454
68	26	1.24214
68	35	1.16891
68	42	1.3066
68	50	1.24458
68	138	0.846329
68	149	0.628529
68	152	0.708359
68	161	0.934098
68	164	1.07707
68	165	0.905623
68	166	0.8632
69	56	0.874585
69	100	1.22161
69	102	1.20026
69	105	0.694333
69	108	1.10821
69	117	1.22942
69	121	1.19267
69	126	1.24559
69	127	1.22903
69	136	0.715365
69	140	1.21968
69	141	1.20327
69	145	1.18677
69	147	1.23014
69	149	0.581028
69	161	0.886597
69	163	0.913231
69	169	1.14737
70	34	0.803966
70	72	1.07352
70	98	1.15343
70	119	1.15687
70	122	1.18005
70	124	1.12023
70	129	1.10394
70	130	1.14018
70	131	1.14007
70	138	0.951816
70	142	1.12211
70	152	0.813846
70	157	1.09358
70	160	0.874206
70	161	1.04991
70	165	1.01111
70	168	1.12148
70	171	0.954941
71	17	0.608611
71	44	0.537889
71	54	0.854965
71	121	0.61147
71	125	1.2107
71	147	0.55296
71	152	1.20451
71	159	1.14301
71	165	1.13812
71	166	1.14143
71	170	1.10815
71	173	1.07121
71	175	1.08072
71	176	1.01849
71	177	1.04101
71	178	1.09693
71	179	1.09638
71	180	1.0404
72	16	1.14704
72	25	1.09595
72	37	1.08138
72	70	1.07352
72	83	0.749565
72	98	1.11476
72	119	1.1182
72	120	1.09995
72	122	1.14138
72	123	0.899101
72	124	1.08156
72	129	1.06527
72	130	1.10151
72	131	1.10139
72	142	1.08344
72	144	1.00559
72	151	1.09148
72	158	1.10274
72	171	0.916267
73	2	1.20034
73	6	1.06579
73	9	1.209
73	12	1.21277
73	17	1.21599
73	22	1.18015
73	31	1.12034
73	44	1.21458
73	57	1.17514
73	61	1.17515
73	67	1.13847
73	103	0.556455
73	112	1.16843
73	151	0.754426
73	152	0.650197
73	157	1.1243
73	165	0.847462
73	172	0.902327
73	174	1.36572
74	62	1.27025
74	81	0.598979
74	85	1.18758
74	102	1.17971
74	108	1.08765
74	117	1.20886
74	121	1.17211
74	127	1.20848
74	136	0.668602
74	137	0.746404
74	140	1.19913
74	141	1.18272
74	143	0.974102
74	145	1.16621
74	147	1.20958
74	166	0.768936
74	169	1.12681
74	171	1.00683
74	174	1.32962
75	8	1.24457
75	13	1.09663
75	14	0.57369
75	34	1.13355
75	38	1.16662
75	46	1.24476
75	66	1.16456
75	103	1.2247
75	128	1.1492
75	135	1.20469
75	136	1.13905
75	138	0.857693
75	139	1.2341
75	144	1.12119
75	149	0.639893
75	152	0.719723
75	156	1.10269
75	163	0.972096
75	164	1.05861
76	56	1.03914
76	97	0.618342
76	102	0.772482
76	133	1.17563
76	140	0.700862
76	142	0.803937
76	143	1.03223
76	160	1.07948
76	163	1.02511
76	166	1.05372
76	172	1.01151
76	173	0.983496
76	174	0.941616
76	175	0.993012
76	176	0.930781
76	177	0.953296
76	178	1.00922
76	179	1.00867
76	180	0.95269
77	52	0.800153
77	55	0.801625
77	80	0.919039
77	111	1.11927
77	114	1.16031
77	129	0.859907
77	148	1.03997
77	155	0.975986
77	159	1.03679
77	163	1.0066
77	165	1.0319
77	166	1.0352
77	170	1.00192
77	173	0.964979
77	174	0.923099
77	175	0.974494
77	178	0.990701
77	179	0.990157
77	180	0.934172
78	21	1.18105
78	49	1.1226
78	53	0.423478
78	58	1.196
78	86	1.18054
78	87	1.18307
78	90	1.24406
78	92	1.21711
78	94	1.21677
78	105	0.607695
78	115	1.15188
78	139	0.476123
78	142	1.16959
78	144	1.12221
78	158	1.14069
78	161	1.09739
78	174	1.28974
78	175	0.970477
78	177	1.12186
79	28	1.17168
79	40	1.21688
79	43	1.21642
79	52	1.18435
79	53	0.501988
79	63	1.04277
79	64	1.13234
79	84	1.15503
79	89	1.20684
79	104	1.12753
79	106	1.17728
79	139	1.20321
79	143	1.01274
79	149	0.572901
79	154	1.07829
79	157	0.790005
79	167	0.958166
79	168	1.13705
79	170	0.859008
79	171	1.35699
80	15	1.09477
80	30	1.16115
80	48	0.507956
80	60	1.20047
80	77	0.919039
80	82	1.17829
80	91	1.13375
80	95	1.21279
80	96	1.20766
80	97	1.21375
80	101	1.18131
80	107	1.20811
80	123	0.639148
80	125	0.724469
80	154	1.10005
80	158	1.13054
80	162	1.04571
80	167	0.979928
80	175	1.12356
80	179	0.945261
81	31	0.832126
81	74	0.598979
81	84	0.624273
81	98	0.71851
81	113	1.11594
81	150	1.13532
81	151	1.12915
81	159	1.11182
81	160	1.13599
81	168	0.601014
81	170	1.07696
81	172	1.06803
81	173	1.04001
81	174	0.998134
81	175	1.04953
81	176	0.987299
81	177	1.00981
81	178	1.06574
81	179	1.06519
81	180	1.00921
82	15	1.08621
82	65	0.49297
82	80	1.17829
82	91	1.12518
82	95	1.20422
82	96	1.19909
82	97	1.20518
82	101	1.17274
82	107	1.19954
82	110	1.21407
82	111	0.721032
82	112	1.16648
82	114	0.644428
82	135	1.187
82	137	0.848678
82	154	1.09148
82	161	0.942109
82	162	1.03714
82	167	0.97136
82	171	1.42063
83	36	0.453833
83	72	0.749565
83	108	0.683891
83	119	0.398072
83	129	0.430481
83	131	0.415059
83	137	1.20511
83	138	1.17714
83	143	1.15855
83	150	1.20513
83	153	1.19883
83	160	1.2058
83	163	1.15143
83	173	1.10982
83	174	1.06794
83	175	1.11933
83	176	1.0571
83	178	1.13554
83	179	1.13499
83	180	1.07901
84	43	1.22811
84	52	1.19605
84	63	1.05447
84	64	1.14404
84	79	1.15503
84	81	0.624273
84	88	0.732291
84	89	1.21854
84	104	1.13923
84	106	1.18898
84	115	1.13167
84	135	1.1855
84	142	1.14938
84	153	0.794366
84	154	1.08999
84	166	0.794231
84	167	0.969863
84	168	1.14875
84	169	0.790794
84	171	1.34365
85	54	1.06901
85	74	1.18758
85	88	0.731427
85	102	1.15132
85	111	0.643188
85	117	1.18048
85	118	1.12057
85	121	1.14372
85	126	1.19665
85	127	1.18009
85	140	1.17074
85	141	1.15433
85	145	1.13782
85	147	1.18119
85	159	0.793889
85	168	1.14498
85	171	0.978438
85	172	0.890654
85	174	1.35405
85	179	0.856486
86	21	1.15444
86	34	1.10796
86	39	0.582715
86	49	1.09599
86	58	1.16938
86	78	1.18054
86	87	1.15645
86	90	1.21745
86	92	1.1905
86	94	1.19015
86	103	0.629661
86	114	0.651462
86	115	1.12527
86	142	1.14298
86	144	1.0956
86	155	1.11894
86	158	1.11408
86	161	1.07078
86	162	1.1067
86	172	0.975533
87	21	1.15696
87	49	1.09851
87	54	1.0689
87	58	1.17191
87	78	1.18307
87	86	1.15645
87	90	1.21997
87	92	1.19303
87	94	1.19268
87	110	0.700728
87	115	1.1278
87	136	0.790664
87	142	1.1455
87	144	1.09813
87	152	0.736156
87	158	1.1166
87	161	1.0733
87	169	0.887561
87	170	0.942433
87	180	1.25264
88	84	0.732291
88	85	0.731427
88	95	0.681433
88	97	0.538507
88	111	1.17122
88	124	0.874594
88	125	1.15642
88	134	1.06926
88	159	1.08874
88	160	1.11291
88	163	1.05855
88	170	1.05387
88	172	1.04494
88	173	1.01693
88	174	0.975049
88	175	1.02644
88	176	0.964214
88	177	0.986729
88	178	1.04265
88	179	1.04211
88	180	0.986122
89	28	1.23519
89	34	0.706394
89	40	1.28039
89	52	1.24786
89	63	1.10628
89	64	1.19585
89	79	1.20684
89	84	1.21854
89	104	1.19104
89	106	1.24079
89	115	1.18348
89	128	0.771905
89	133	0.629492
89	139	1.26672
89	142	1.20119
89	149	0.636445
89	167	1.02167
89	168	1.20056
89	169	0.867679
89	170	0.922551
89	178	0.953446
90	21	1.21796
90	48	0.44425
90	49	1.15951
90	54	1.1299
90	58	1.2329
90	78	1.24406
90	86	1.21745
90	87	1.21997
90	92	1.25402
90	94	1.25367
90	110	0.628165
90	115	1.18879
90	138	0.801563
90	142	1.2065
90	144	1.15912
90	153	0.81857
90	157	0.800868
90	158	1.1776
90	159	0.818957
90	161	1.1343
90	177	1.21124
91	15	1.04167
91	30	1.10804
91	60	1.14737
91	80	1.13375
91	82	1.12518
91	95	1.15968
91	96	1.15456
91	97	1.16065
91	101	1.12821
91	107	1.15501
91	112	1.12194
91	135	1.14246
91	144	0.73674
91	154	1.04695
91	156	1.10137
91	158	1.07744
91	161	0.944142
91	162	0.992604
91	165	0.915667
91	167	0.926824
91	169	0.869807
91	173	1.1068
92	21	1.19101
92	34	1.14453
92	49	1.13256
92	54	1.10295
92	58	1.20595
92	78	1.21711
92	86	1.1905
92	87	1.19303
92	90	1.25402
92	94	1.22673
92	115	1.16184
92	123	0.560618
92	142	1.17955
92	144	1.13217
92	148	0.861174
92	151	0.752997
92	158	1.15065
92	160	0.709129
92	161	1.10735
92	163	0.901142
92	164	0.941494
92	180	1.16526
93	55	0.936145
93	95	0.91479
93	96	0.994761
93	113	1.01709
93	128	1.03871
93	134	0.9935
93	147	0.939148
93	151	1.03031
93	152	1.07447
93	153	1.03018
93	155	0.952175
93	156	0.964577
93	163	0.982785
93	166	1.01139
93	172	0.969182
93	173	0.941167
93	175	0.950682
93	176	0.888452
93	177	0.910967
93	178	0.96689
93	179	0.966345
93	180	0.910361
94	21	1.19066
94	26	0.442729
94	34	1.14418
94	49	1.13221
94	54	1.1026
94	58	1.20561
94	78	1.21677
94	86	1.19015
94	87	1.19268
94	90	1.25367
94	92	1.22673
94	115	1.1615
94	123	0.650418
94	125	0.735739
94	142	1.1792
94	144	1.13183
94	154	0.850672
94	157	0.875844
94	158	1.1503
94	161	1.107
94	172	0.990699
94	173	1.12697
95	15	1.12071
95	30	1.18708
95	56	0.802259
95	60	1.2264
95	80	1.21279
95	82	1.20422
95	88	0.681433
95	91	1.15968
95	93	0.91479
95	96	1.23359
95	97	1.23968
95	101	1.20724
95	107	1.23404
95	135	1.2215
95	136	0.643039
95	154	1.12598
95	158	1.15647
95	160	0.648891
95	162	1.07164
95	167	1.00586
95	169	0.739936
95	178	0.825703
96	15	1.11558
96	30	1.18195
96	60	1.22128
96	65	0.445103
96	80	1.20766
96	82	1.19909
96	91	1.15456
96	93	0.994761
96	95	1.23359
96	97	1.23456
96	99	0.578447
96	101	1.20212
96	107	1.22892
96	109	0.649344
96	111	0.673165
96	112	1.19585
96	135	1.21637
96	158	1.15135
96	161	0.894242
96	162	1.06652
96	167	1.00073
96	177	1.21615
97	15	1.12167
97	30	1.18804
97	34	0.435724
97	60	1.22736
97	76	0.618342
97	80	1.21375
97	82	1.20518
97	88	0.538507
97	91	1.16065
97	95	1.23968
97	96	1.23456
97	101	1.20821
97	107	1.235
97	112	1.20194
97	154	1.12695
97	157	0.582879
97	158	1.15744
97	162	1.0726
97	167	1.00682
97	171	1.14986
97	177	0.993248
97	180	0.962093
98	24	1.08495
98	25	1.17586
98	37	1.1613
98	42	0.440967
98	45	1.24245
98	70	1.15343
98	72	1.11476
98	81	0.71851
98	114	0.661684
98	119	1.19811
98	122	1.22129
98	124	1.16147
98	129	1.14518
98	130	1.18142
98	131	1.18131
98	136	1.13384
98	139	0.635529
98	151	0.837853
98	161	1.09115
98	168	1.16272
98	171	0.99618
98	173	1.12202
98	180	1.25011
99	4	0.866694
99	37	0.740081
99	96	0.578447
99	124	0.691637
99	133	1.24184
99	135	0.552253
99	138	1.11703
99	143	1.09844
99	160	1.14569
99	161	1.09441
99	163	1.09132
99	164	1.05666
99	166	1.11993
99	168	0.526075
99	170	1.08665
99	172	1.07772
99	174	1.00783
99	175	1.05922
99	176	0.99699
99	177	1.01951
99	178	1.07543
99	179	1.07488
99	180	1.0189
100	10	1.07921
100	27	1.18443
100	53	0.466415
100	55	1.17891
100	69	1.22161
100	102	1.1648
100	108	1.07274
100	116	0.431494
100	118	1.13405
100	121	1.1572
100	126	1.21013
100	127	1.19357
100	140	1.18422
100	141	1.16781
100	145	1.1513
100	147	1.19467
100	150	0.798314
100	156	1.00012
100	161	0.842897
100	163	0.86953
100	167	1.50683
100	169	1.1119
100	171	0.991917
101	15	1.08923
101	30	1.1556
101	39	0.471418
101	60	1.19492
101	80	1.18131
101	82	1.17274
101	91	1.12821
101	95	1.20724
101	96	1.20212
101	97	1.20821
101	107	1.20256
101	110	1.21709
101	135	1.19002
101	137	0.744415
101	143	0.972114
101	148	0.824511
101	150	0.793262
101	154	1.09451
101	158	1.125
101	162	1.04016
101	167	0.974382
101	169	0.763511
101	176	1.35008
102	10	1.05786
102	55	1.15756
102	69	1.20026
102	74	1.17971
102	76	0.772482
102	85	1.15132
102	100	1.1648
102	108	1.0514
102	117	1.17261
102	118	1.1127
102	121	1.13586
102	140	1.16287
102	141	1.14646
102	145	1.12995
102	147	1.17333
102	148	0.812149
102	158	0.715234
102	161	0.825484
102	164	0.892469
102	166	0.754586
102	168	1.13711
102	169	1.09056
102	171	0.97057
102	176	1.33772
103	8	1.26416
103	13	1.11622
103	18	0.586455
103	50	0.590309
103	64	0.756825
103	66	1.18415
103	73	0.556455
103	75	1.2247
103	86	0.629661
103	104	0.674857
103	107	0.570682
103	108	1.10182
103	118	1.16312
103	141	1.19688
103	145	1.18037
103	147	1.22374
103	162	1.07442
103	164	1.0782
103	174	1.02937
103	175	1.08077
103	177	1.04105
103	178	1.09697
103	179	1.09643
103	180	1.04044
104	28	1.15588
104	40	1.20108
104	43	1.20061
104	52	1.16855
104	63	1.02697
104	64	1.11654
104	79	1.12753
104	84	1.13923
104	89	1.19104
104	103	0.674857
104	106	1.16148
104	115	1.10417
104	135	1.158
104	139	1.18741
104	142	1.12188
104	146	0.843203
104	149	0.68877
104	150	0.949756
104	153	0.923576
104	154	1.06249
104	163	1.02097
104	167	0.942363
104	168	1.12125
104	178	1.00577
105	30	0.80872
105	57	0.765291
105	69	0.694333
105	78	0.607695
105	113	1.0945
105	116	1.25729
105	125	1.15807
105	129	0.701643
105	132	1.1769
105	138	1.0859
105	145	0.787069
105	150	1.11389
105	154	1.0761
105	155	1.02959
105	156	1.04199
105	170	1.05552
105	172	1.04659
105	173	1.01858
105	175	1.02809
105	176	0.965864
105	177	0.988379
105	178	1.0443
105	179	1.04376
105	180	0.987772
106	28	1.20563
106	40	1.25083
106	43	1.25037
106	52	1.2183
106	63	1.07672
106	64	1.16629
106	79	1.17728
106	84	1.18898
106	89	1.24079
106	104	1.16148
106	109	0.622786
106	115	1.15392
106	132	0.607269
106	135	1.20775
106	139	1.23716
106	142	1.17163
106	153	0.79692
106	154	1.11224
106	157	0.779218
106	162	1.02524
106	164	0.934669
106	167	0.992115
106	168	1.171
106	169	0.793349
106	177	1.18959
107	14	0.518391
107	15	1.11603
107	30	1.1824
107	60	1.22172
107	80	1.20811
107	82	1.19954
107	91	1.15501
107	95	1.23404
107	96	1.22892
107	97	1.235
107	101	1.20256
107	103	0.570682
107	110	1.24389
107	112	1.1963
107	113	0.774707
107	135	1.21682
107	144	0.682762
107	148	0.876829
107	150	0.84558
107	154	1.1213
107	158	1.15179
107	162	1.06696
107	167	1.00118
107	169	0.815829
107	177	1.21207
108	48	0.702234
108	51	0.594758
108	62	1.14194
108	69	1.10821
108	74	1.08765
108	83	0.683891
108	100	1.07274
108	102	1.0514
108	103	1.10182
108	117	1.08055
108	118	1.02064
108	121	1.0438
108	126	1.09673
108	127	1.08017
108	137	1.05389
108	140	1.07082
108	141	1.05441
108	145	1.0379
108	147	1.08127
108	162	0.931952
108	168	1.04506
108	169	0.998502
108	171	0.878516
108	177	1.46922
108	179	1.13954
109	4	0.93759
109	7	0.906996
109	31	0.828084
109	33	0.665139
109	46	0.590062
109	96	0.649344
109	106	0.622786
109	114	1.23129
109	132	1.19427
109	149	1.23885
109	150	1.13126
109	152	1.16926
109	156	1.05936
109	159	1.10776
109	160	1.13193
109	163	1.07757
109	165	1.10287
109	166	1.10618
109	170	1.0729
109	174	0.994074
109	175	1.04547
109	176	0.983239
109	177	1.00575
109	178	1.06168
109	179	1.06113
109	180	1.00515
110	22	0.580217
110	25	1.20774
110	41	0.631339
110	46	0.573791
110	49	0.883065
110	59	0.694323
110	60	1.23625
110	67	0.508371
110	82	1.21407
110	87	0.700728
110	90	0.628165
110	101	1.21709
110	107	1.24389
110	119	1.22999
110	124	1.19335
110	129	1.17706
110	130	1.2133
110	131	1.21318
110	154	1.13584
110	162	1.08149
110	163	1.11994
110	167	1.01571
110	177	1.04812
110	178	1.10404
110	179	1.1035
110	180	1.04751
111	5	0.825637
111	11	0.553952
111	27	0.94887
111	77	1.11927
111	82	0.721032
111	85	0.643188
111	88	1.17122
111	96	0.673165
111	134	1.10484
111	146	1.18964
111	147	0.617552
111	156	1.07592
111	158	1.14051
111	160	1.14849
111	163	1.09412
111	165	1.11942
111	166	1.12273
111	170	1.08945
111	172	1.08052
111	173	1.05251
111	174	1.01063
111	175	1.06202
111	177	1.02231
111	178	1.07823
111	179	1.07768
111	180	1.0217
112	22	1.17496
112	57	1.16995
112	61	1.16996
112	67	1.13328
112	73	1.16843
112	82	1.16648
112	91	1.12194
112	96	1.19585
112	97	1.20194
112	107	1.1963
112	113	0.903937
112	121	1.14575
112	126	1.19868
112	127	1.18212
112	133	0.706871
112	138	0.931623
112	139	0.695557
112	140	1.17276
112	141	1.15635
112	144	0.811991
112	145	1.13985
112	146	0.868258
112	157	1.1191
112	159	0.949017
112	167	0.96812
112	172	1.04578
113	43	0.888108
113	47	0.675225
113	81	1.11594
113	93	1.01709
113	105	1.0945
113	107	0.774707
113	112	0.903937
113	120	0.802279
113	123	1.16138
113	146	1.11127
113	147	0.723172
113	149	1.17703
113	150	1.06944
113	152	1.10744
113	153	1.06315
113	155	0.98514
113	156	0.997543
113	164	0.981085
113	165	1.04105
113	166	1.04436
113	172	1.00215
113	174	0.932253
113	177	0.943933
113	178	0.999855
113	179	0.999311
113	180	0.943326
114	8	0.387737
114	77	1.16031
114	82	0.644428
114	86	0.651462
114	98	0.661684
114	109	1.23129
114	131	0.580805
114	135	0.570366
114	138	1.16087
114	145	0.681653
114	148	1.16854
114	151	1.18269
114	155	1.10455
114	159	1.16536
114	164	1.1005
114	165	1.16046
114	168	0.544188
114	170	1.13049
114	171	1.04329
114	172	1.12156
114	173	1.09355
114	174	1.05167
114	175	1.10306
114	176	1.04083
114	177	1.06335
114	178	1.11927
114	179	1.11873
114	180	1.06274
115	29	0.562943
115	63	1.01941
115	78	1.15188
115	84	1.13167
115	86	1.12527
115	87	1.1278
115	89	1.18348
115	90	1.18879
115	92	1.16184
115	94	1.1615
115	104	1.10417
115	106	1.15392
115	119	1.14908
115	122	1.17226
115	124	1.11244
115	128	0.876013
115	129	1.09615
115	130	1.1324
115	131	1.13228
115	132	0.785708
115	134	1.10208
115	149	0.740553
115	152	0.820382
115	160	0.880742
115	161	1.04212
115	168	1.11369
115	171	0.947152
115	180	1.33687
116	13	0.724186
116	40	0.517989
116	64	0.664904
116	100	0.431494
116	105	1.25729
116	117	0.461934
116	126	0.401363
116	127	0.520239
116	132	1.29524
116	140	0.342461
116	147	0.427226
116	148	1.21191
116	151	1.22606
116	152	1.27023
116	153	1.22593
116	155	1.14793
116	164	1.14387
116	165	1.20384
116	166	1.20715
116	170	1.17386
116	172	1.16494
116	173	1.13692
116	174	1.09504
116	176	1.08421
116	177	1.10672
116	178	1.16264
116	179	1.1621
116	180	1.10611
117	10	1.08702
117	55	1.18672
117	62	1.26315
117	69	1.22942
117	74	1.20886
117	85	1.18048
117	102	1.17261
117	108	1.08055
117	116	0.461934
117	118	1.14185
117	120	1.18341
117	121	1.16501
117	125	0.644767
117	126	1.21794
117	140	1.19203
117	141	1.17562
117	145	1.15911
117	147	1.20248
117	149	0.567768
117	151	0.751825
117	158	0.763087
117	161	0.873337
117	162	1.05316
117	167	1.53727
117	168	1.16627
117	169	1.11971
117	171	0.999726
117	175	1.04385
117	178	0.884769
118	10	1.02711
118	27	1.13233
118	55	1.12681
118	62	1.20324
118	85	1.12057
118	100	1.13405
118	102	1.1127
118	103	1.16312
118	108	1.02064
118	117	1.14185
118	121	1.1051
118	125	0.766288
118	126	1.15803
118	127	1.14147
118	132	0.734444
118	140	1.13212
118	141	1.11571
118	144	0.787456
118	145	1.0992
118	147	1.14257
118	151	0.873346
118	153	0.924095
118	162	0.993252
118	168	1.10636
118	169	1.0598
118	171	0.939816
118	175	1.16538
118	179	0.987079
118	180	1.28561
119	16	1.23039
119	24	1.08839
119	37	1.16474
119	45	1.24589
119	70	1.15687
119	72	1.1182
119	83	0.398072
119	98	1.19811
119	110	1.22999
119	115	1.14908
119	122	1.22473
119	124	1.16491
119	129	1.14862
119	130	1.18486
119	131	1.18475
119	136	1.13728
119	138	0.773729
119	139	0.537663
119	142	1.16679
119	148	0.848164
119	155	1.03129
119	157	1.13826
119	158	0.751249
119	161	1.09459
119	166	0.790601
119	168	1.16616
119	171	0.99962
119	175	1.03202
119	176	1.37374
120	32	1.17942
120	33	1.17911
120	36	1.14752
120	41	1.10945
120	47	1.08741
120	56	0.905723
120	59	1.17782
120	72	1.09995
120	113	0.802279
120	117	1.18341
120	122	1.20649
120	124	1.14667
120	126	1.19959
120	127	1.18303
120	129	1.13038
120	130	1.16662
120	131	1.1665
120	137	0.824305
120	139	0.593899
120	145	1.14076
120	146	0.7666
120	147	1.18413
120	152	0.691995
120	158	0.807485
120	161	1.07635
120	168	1.14791
120	169	1.10136
120	171	0.981375
120	179	0.909957
120	180	1.20848
121	26	1.18525
121	55	1.14996
121	62	1.2264
121	69	1.19267
121	71	0.61147
121	74	1.17211
121	85	1.14372
121	100	1.1572
121	102	1.13586
121	108	1.0438
121	112	1.14575
121	117	1.16501
121	118	1.1051
121	126	1.18119
121	127	1.16463
121	140	1.15528
121	141	1.13886
121	144	0.689736
121	145	1.12236
121	146	0.746002
121	147	1.16573
121	150	0.852554
121	156	1.05436
121	157	0.808673
121	162	1.01641
121	163	0.923771
121	166	0.82624
121	168	1.12951
121	169	1.08296
121	177	1.21904
122	16	1.25357
122	19	1.0795
122	24	1.11157
122	25	1.20248
122	37	1.18792
122	39	0.423395
122	45	1.26907
122	70	1.18005
122	72	1.14138
122	98	1.22129
122	115	1.17226
122	119	1.22473
122	120	1.20649
122	123	0.475931
122	124	1.18809
122	125	0.561252
122	129	1.1718
122	130	1.20804
122	131	1.20793
122	132	0.529408
122	136	1.16046
122	142	1.18997
122	156	0.947046
122	157	1.16144
122	158	0.679572
122	161	1.11777
122	163	0.816455
122	167	1.45375
122	168	1.18934
122	171	1.0228
122	173	0.952479
123	19	1.1091
123	49	0.830341
123	62	0.61091
123	72	0.899101
123	80	0.639148
123	92	0.560618
123	94	0.650418
123	113	1.16138
123	122	0.475931
123	129	0.580016
123	133	1.27759
123	137	1.18075
123	149	1.28835
123	153	1.17447
123	156	1.10887
123	159	1.15726
123	160	1.18144
123	163	1.12707
123	166	1.15568
123	168	0.527978
123	170	1.1224
123	171	1.03519
123	172	1.11347
123	173	1.08546
123	174	1.04358
123	175	1.09497
123	176	1.03274
123	177	1.05526
123	178	1.11118
123	179	1.11063
123	180	1.05465
124	16	1.19375
124	24	1.05175
124	25	1.14266
124	37	1.1281
124	45	1.20925
124	51	0.454872
124	70	1.12023
124	72	1.08156
124	88	0.874594
124	98	1.16147
124	99	0.691637
124	110	1.19335
124	115	1.11244
124	119	1.16491
124	120	1.14667
124	122	1.18809
124	129	1.11198
124	130	1.14822
124	131	1.14811
124	136	1.10064
124	139	0.683595
124	142	1.13015
124	154	0.893794
124	157	1.10162
124	161	1.05795
124	166	0.936533
124	168	1.12952
124	169	0.933097
124	171	0.96298
124	178	1.01886
124	179	0.999653
125	71	1.2107
125	80	0.724469
125	88	1.15642
125	94	0.735739
125	105	1.15807
125	117	0.644767
125	118	0.766288
125	122	0.561252
125	126	0.584195
125	127	0.703071
125	132	1.19602
125	133	1.22984
125	138	1.10503
125	142	0.628369
125	143	1.08644
125	148	1.11269
125	159	1.10951
125	160	1.13368
125	163	1.07932
125	165	1.10462
125	166	1.10793
125	171	0.987443
125	172	1.06572
125	173	1.0377
125	174	0.995825
125	175	1.04722
125	176	0.98499
125	177	1.00751
125	178	1.06343
125	180	1.0069
126	27	1.20842
126	62	1.27933
126	69	1.24559
126	85	1.19665
126	100	1.21013
126	108	1.09673
126	112	1.19868
126	116	0.401363
126	117	1.21794
126	118	1.15803
126	120	1.19959
126	121	1.18119
126	125	0.584195
126	127	1.21755
126	128	1.1637
126	140	1.2082
126	141	1.19179
126	143	0.947034
126	145	1.17528
126	147	1.21866
126	154	0.699128
126	156	0.969989
126	157	0.724301
126	159	0.74239
126	162	1.06934
126	166	0.741867
126	168	1.18244
126	169	1.13589
126	171	1.0159
126	176	1.32501
126	179	0.804987
127	10	1.08663
127	27	1.19186
127	42	0.413243
127	48	0.486558
127	55	1.18633
127	62	1.26277
127	69	1.22903
127	74	1.20848
127	85	1.18009
127	100	1.19357
127	108	1.08017
127	112	1.18212
127	116	0.520239
127	118	1.14147
127	120	1.18303
127	121	1.16463
127	125	0.703071
127	126	1.21755
127	140	1.19164
127	141	1.17523
127	145	1.15872
127	147	1.2021
127	149	0.626072
127	152	0.705901
127	162	1.05278
127	163	0.958274
127	168	1.16588
127	169	1.11933
127	170	0.912179
127	171	0.99934
127	174	1.42142
127	178	0.943073
128	8	1.18866
128	23	0.693609
128	25	0.705156
128	30	0.830876
128	32	0.789113
128	38	1.11071
128	43	0.833456
128	66	1.10865
128	75	1.1492
128	89	0.771905
128	93	1.03871
128	115	0.876013
128	126	1.1637
128	135	1.14878
128	136	1.08314
128	140	1.13779
128	141	1.12138
128	142	0.686831
128	147	1.14824
128	159	1.06756
128	160	1.09173
128	162	0.998924
128	163	1.03737
128	164	1.0027
128	165	1.06267
128	169	1.06547
128	171	0.945488
128	174	0.95387
128	175	1.00526
128	176	0.943035
128	179	1.02093
128	180	0.964943
129	16	1.17746
129	24	1.03546
129	25	1.12637
129	37	1.11181
129	45	1.19296
129	48	1.13919
129	70	1.10394
129	72	1.06527
129	77	0.859907
129	83	0.430481
129	98	1.14518
129	105	0.701643
129	110	1.17706
129	115	1.09615
129	119	1.14862
129	120	1.13038
129	122	1.1718
129	123	0.580016
129	124	1.11198
129	130	1.13193
129	131	1.13182
129	134	0.949861
129	136	1.08435
129	142	1.11386
129	157	1.08533
129	158	0.783657
129	161	1.04166
129	163	0.920541
129	168	1.11323
129	170	0.874445
129	171	0.94669
129	174	1.38369
130	16	1.2137
130	24	1.0717
130	25	1.16261
130	37	1.14805
130	45	1.2292
130	48	1.17543
130	70	1.14018
130	72	1.10151
130	98	1.18142
130	110	1.2133
130	115	1.1324
130	119	1.18486
130	120	1.16662
130	122	1.20804
130	124	1.14822
130	129	1.13193
130	131	1.16806
130	133	0.53561
130	136	1.12059
130	142	1.1501
130	143	0.9824
130	146	0.696996
130	150	0.803548
130	157	1.12157
130	160	0.682751
130	161	1.0779
130	164	0.915117
130	165	0.819656
130	168	1.14947
130	170	0.828669
130	171	0.982932
130	176	1.36037
130	177	1.17004
131	16	1.21358
131	24	1.07159
131	25	1.1625
131	37	1.14793
131	45	1.22909
131	48	1.17531
131	70	1.14007
131	72	1.10139
131	83	0.415059
131	98	1.18131
131	110	1.21318
131	114	0.580805
131	115	1.13228
131	119	1.18475
131	120	1.1665
131	122	1.20793
131	124	1.14811
131	129	1.13182
131	130	1.16806
131	133	0.565964
131	136	1.12047
131	142	1.14998
131	153	0.807723
131	154	0.764849
131	157	1.12145
131	161	1.07779
131	162	1.03604
131	166	0.807588
131	168	1.14935
131	169	0.804151
131	171	0.982814
131	176	1.39073
131	180	1.16923
132	9	0.563119
132	43	0.74315
132	54	0.88022
132	105	1.1769
132	106	0.607269
132	109	1.19427
132	115	0.785708
132	116	1.29524
132	118	0.734444
132	122	0.529408
132	125	1.19602
132	135	0.607633
132	140	0.49345
132	149	1.25943
132	151	1.14567
132	152	1.18984
132	153	1.14554
132	155	1.06754
132	156	1.07994
132	159	1.12834
132	163	1.09815
132	164	1.06348
132	170	1.09347
132	172	1.08455
132	173	1.05653
132	174	1.01465
132	175	1.06605
132	176	1.00382
132	177	1.02633
132	178	1.08225
132	179	1.08171
132	180	1.02572
133	5	0.734192
133	24	0.923393
133	61	0.460924
133	62	0.612279
133	66	0.688565
133	76	1.17563
133	89	0.629492
133	99	1.24184
133	112	0.706871
133	123	1.27759
133	125	1.22984
133	130	0.53561
133	131	0.565964
133	134	1.14268
133	138	1.15767
133	147	0.526107
133	148	1.16533
133	150	1.18565
133	152	1.22365
133	156	1.11375
133	159	1.16215
133	160	1.18632
133	163	1.13196
133	166	1.16057
133	170	1.12729
133	172	1.11836
133	173	1.09034
133	174	1.04846
133	175	1.09986
133	177	1.06014
133	178	1.11607
133	179	1.11552
133	180	1.05954
134	3	0.791977
134	20	0.928858
134	34	1.03243
134	39	1.15845
134	50	0.965745
134	58	0.87422
134	88	1.06926
134	93	0.9935
134	111	1.10484
134	115	1.10208
134	129	0.949861
134	133	1.14268
134	137	1.04584
134	138	1.01787
134	141	0.970057
134	143	0.999276
134	146	1.08768
134	148	1.02553
134	154	1.00806
134	155	0.961552
134	160	1.04652
134	163	0.992163
134	165	1.01746
134	166	1.02077
134	167	0.887939
134	170	0.987486
134	172	0.978559
134	173	0.950545
134	174	0.908664
134	175	0.96006
134	177	0.920345
134	178	0.976267
134	179	0.975723
134	180	0.919738
135	13	1.09622
135	29	0.384868
135	38	1.1662
135	40	1.24736
135	46	1.24434
135	64	1.16281
135	66	1.16415
135	75	1.20469
135	82	1.187
135	84	1.1855
135	91	1.14246
135	95	1.2215
135	96	1.21637
135	99	0.552253
135	101	1.19002
135	104	1.158
135	106	1.20775
135	107	1.21682
135	114	0.570366
135	128	1.14878
135	132	0.607633
135	139	1.23368
135	142	1.16815
135	143	1.00232
135	146	0.716911
135	148	0.854712
135	158	1.13925
135	162	1.05442
135	164	1.0582
135	165	0.839572
135	167	0.988639
135	168	1.16752
135	169	0.793712
135	171	1.34656
135	179	0.860268
136	32	0.78799
136	38	1.10056
136	43	0.832332
136	46	1.1787
136	57	0.786323
136	65	1.19513
136	66	1.09851
136	69	0.715365
136	74	0.668602
136	75	1.13905
136	87	0.790664
136	95	0.643039
136	98	1.13384
136	119	1.13728
136	122	1.16046
136	124	1.10064
136	128	1.08314
136	129	1.08435
136	130	1.12059
136	131	1.12047
136	139	1.16804
136	140	0.582631
136	141	0.742871
136	144	1.05514
136	152	1.11891
136	159	1.05741
