1	13	0.909465
1	16	0.987783
1	18	1.00604
1	39	1.03802
1	59	0.928228
1	62	1.1003
1	73	0.953823
1	87	1.17743
1	117	1.01441
1	160	0.93902
1	167	0.971403
1	177	0.977727
2	6	1.11029
2	28	1.27731
2	79	1.20353
2	131	1.20224
2	172	0.902632
2	174	0.88883
2	175	0.894657
2	176	0.900372
2	177	0.900939
2	178	0.915341
2	179	0.894972
2	180	0.902278
3	17	1.00287
3	52	0.9848
3	71	1.04825
3	98	0.852653
3	101	1.01925
3	116	1.02218
3	150	1.05075
3	151	1.02926
3	154	1.04799
3	164	1.03608
3	173	0.957571
3	177	0.952995
4	17	1.54309
4	57	0.824145
4	76	0.804197
4	110	0.810138
4	144	0.810671
4	152	1.58297
4	158	0.795059
4	170	1.66936
4	171	0.793847
4	173	0.791184
4	179	0.781733
4	180	0.789039
5	47	0.976011
5	60	0.989417
5	76	1.03596
5	98	1.08744
5	110	1.0419
5	123	0.932564
5	144	1.04244
5	158	1.02683
5	162	0.909791
5	169	0.992491
5	178	0.9701
5	179	1.00107
6	2	1.11029
6	14	1.00403
6	25	0.958047
6	133	1.04978
6	146	1.05344
6	151	1.04523
6	153	0.93869
6	154	1.06395
6	170	1.02552
6	173	0.92874
6	177	0.924165
6	178	0.901108
7	31	0.866773
7	122	1.03997
7	158	0.952335
7	166	0.969213
7	170	0.965451
7	172	1.03044
7	174	1.01664
7	176	1.02818
7	177	1.02875
7	178	1.04315
7	179	1.02278
7	180	1.03009
8	18	0.988323
8	31	1.06847
8	64	1.00676
8	84	0.991342
8	99	1.00696
8	107	1.06893
8	108	0.979465
8	132	0.973276
8	141	0.947541
8	162	1.06922
8	169	0.9617
8	178	0.939309
9	44	0.987069
9	75	0.957645
9	103	0.960348
9	119	0.912896
9	159	0.975086
9	172	1.03339
9	174	1.01959
9	175	1.02542
9	176	1.03113
9	177	1.0317
9	179	1.02573
9	180	1.03304
10	88	0.872924
10	112	1.0651
10	116	1.0371
10	128	0.975503
10	140	1.02897
10	142	0.94969
10	153	0.998946
10	159	1.01144
10	160	1.02959
10	161	1.03059
10	168	1.03537
10	173	0.972487
11	113	0.969608
11	130	1.04368
11	145	1.00124
11	151	0.937218
11	152	1.05607
11	153	1.00007
11	156	0.969646
11	160	1.03071
11	161	1.03172
11	168	1.0365
11	171	0.96461
11	172	0.963096
12	32	0.900011
12	65	0.797269
12	110	1.12131
12	153	0.940357
12	154	0.870179
12	158	1.10623
12	161	0.885617
12	174	1.08676
12	175	1.09259
12	179	1.09291
12	180	1.10021
13	1	0.909465
13	48	1.03792
13	94	0.986538
13	105	1.04614
13	106	1.01778
13	111	1.02659
13	119	0.911317
13	160	0.949377
13	171	1.02819
13	176	1.02148
13	178	1.03645
13	180	1.02339
14	6	1.00403
14	35	0.956199
14	96	1.0368
14	108	1.09654
14	133	0.960139
14	147	1.022
14	150	0.977069
14	151	0.955582
14	154	0.974309
14	155	1.0284
14	162	0.996071
14	170	0.935878
14	180	1.06165
15	35	1.06168
15	40	1.04943
15	68	1.02255
15	107	0.996125
15	158	1.06102
15	167	0.984334
15	171	0.980913
15	173	0.978249
15	174	0.962656
15	176	0.974199
15	177	0.974765
15	179	0.968798
15	180	0.976104
16	1	0.987783
16	32	0.957012
16	38	0.997895
16	59	0.882795
16	67	0.962312
16	73	0.90839
16	82	0.971812
16	87	1.132
16	154	1.00953
16	170	1.0374
16	172	1.04814
16	176	1.05897
16	180	1.0474
17	3	1.00287
17	4	1.54309
17	78	0.90958
17	95	0.933653
17	116	0.971478
17	121	0.956239
17	146	0.978612
17	150	0.991884
17	151	0.970397
17	154	0.989123
17	164	0.977219
17	177	0.902292
17	178	0.879235
18	1	1.00604
18	8	0.988323
18	76	0.963517
18	89	0.920205
18	98	1.015
18	107	0.994414
18	110	0.969458
18	124	1.04162
18	156	1.07416
18	158	0.95438
18	162	0.994706
18	168	1.02217
18	170	1.05687
19	74	1.02324
19	81	0.988747
19	102	0.913958
19	105	0.989377
19	106	0.961019
19	109	0.958461
19	111	0.969833
19	119	1.00001
19	125	0.995364
19	129	1.07837
19	166	1.05275
19	168	1.01428
19	178	1.05372
20	42	0.96761
20	65	1.0447
20	133	0.96607
20	138	1.02451
20	146	0.969729
20	151	0.961514
20	154	0.98024
20	158	1.03525
20	164	0.968335
20	168	1.01366
20	170	0.941809
20	171	1.06061
20	175	1.06809
21	36	0.950902
21	38	0.99167
21	39	0.98636
21	44	0.940377
21	59	0.876571
21	66	1.06358
21	82	0.965588
21	87	1.12578
21	117	0.962756
21	120	1.0765
21	162	0.981824
21	165	1.04537
21	170	1.0374
22	68	1.13171
22	86	1.14892
22	95	1.07303
22	142	0.873375
22	146	1.11799
22	151	1.10978
22	154	1.1285
22	156	0.881098
22	163	0.834468
22	168	0.829105
22	170	1.09007
22	176	0.885379
22	179	0.89951
23	58	1.00777
23	63	0.93816
23	82	1.06811
23	91	1.10066
23	121	1.0805
23	148	0.971053
23	160	0.985376
23	166	0.972351
23	168	0.991161
23	171	0.972263
23	175	0.959834
23	178	0.980518
23	180	0.967455
24	80	0.883731
24	81	0.866413
24	100	0.948608
24	110	0.857344
24	152	0.78054
24	161	0.854498
24	172	1.11532
24	175	1.10735
24	176	1.11306
24	177	1.11363
24	178	1.12803
24	179	1.10766
24	180	1.11497
25	6	0.958047
25	72	1.08201
25	88	1.08817
25	96	0.990823
25	114	0.937435
25	121	0.895447
25	125	0.931404
25	146	0.91782
25	147	1.12571
25	150	0.931091
25	151	0.909605
25	154	0.928331
25	155	1.13211
25	176	1.17694
26	76	1.13351
26	83	1.12135
26	140	1.12082
26	144	1.12321
26	146	1.09524
26	172	0.935474
26	173	0.937265
26	174	0.921672
26	175	0.927499
26	176	0.933215
26	177	0.933781
26	178	0.948183
26	179	0.927814
26	180	0.93512
27	83	0.88658
27	93	1.02271
27	99	0.939851
27	117	0.924147
27	125	0.894568
27	166	0.92281
27	167	1.05724
27	171	1.05382
27	175	1.04139
27	176	1.04711
27	177	1.04767
27	178	1.06207
27	179	1.04171
27	180	1.04901
28	2	1.27731
28	79	0.937936
28	103	0.936048
28	131	0.913274
28	134	1.10094
28	145	0.90942
28	152	0.96425
28	155	1.04015
28	159	0.920744
28	163	0.947791
28	166	0.925863
28	168	0.944673
28	173	1.09576
28	177	1.09119
29	36	1.13251
29	96	1.04983
29	125	1.14515
29	152	1.08324
29	159	1.18284
29	167	0.942474
29	173	0.93639
29	174	0.920796
29	175	0.926624
29	176	0.932339
29	177	0.932906
29	178	0.947308
29	179	0.926939
29	180	0.934245
30	31	1.03021
30	96	0.998044
30	104	1.13021
30	114	0.944655
30	120	1.16798
30	121	0.902667
30	125	0.938624
30	131	1.11644
30	133	0.921382
30	150	0.938312
30	154	0.935551
30	164	0.923647
30	169	1.156
30	170	0.89712
31	7	0.866773
31	8	1.06847
31	30	1.03021
31	51	1.10663
31	64	1.01239
31	78	0.93717
31	89	1.00035
31	99	1.01259
31	107	1.07456
31	144	1.05014
31	162	1.07485
31	169	0.929216
31	177	0.929882
31	180	0.912097
32	12	0.900011
32	16	0.957012
32	36	0.971787
32	39	1.00725
32	44	0.961263
32	62	1.06953
32	67	0.976974
32	73	0.923052
32	82	0.986474
32	87	1.14666
32	113	1.01999
32	165	1.01071
32	171	1.01499
32	175	1.02247
32	179	1.03844
33	48	1.01167
33	64	1.03617
33	84	1.02076
33	85	0.8548
33	89	1.02413
33	99	1.03637
33	107	1.09834
33	124	0.918912
33	139	0.963175
33	144	1.07392
33	162	1.09863
33	173	0.966528
33	177	0.961952
33	180	0.944168
34	45	0.858415
34	62	0.787878
34	103	0.862684
34	132	0.902908
34	154	0.836345
34	159	0.877422
34	170	0.864212
34	173	1.1292
34	174	1.11361
34	175	1.11943
34	176	1.12515
34	177	1.12572
34	178	1.14012
34	179	1.11975
34	180	1.12705
35	14	0.956199
35	15	1.06168
35	53	0.912133
35	54	1.02189
35	104	0.989642
35	133	1.00196
35	146	1.00562
35	150	1.01889
35	151	0.997401
35	154	1.01613
35	164	1.00422
35	169	1.01544
35	170	0.977696
35	173	1.02068
35	175	1.00805
36	21	0.950902
36	29	1.13251
36	32	0.971787
36	38	1.01267
36	44	0.961377
36	62	1.06964
36	67	0.977088
36	73	0.923166
36	82	0.986588
36	87	1.14678
36	104	0.964978
36	113	0.980906
36	120	1.00275
36	144	0.933042
36	177	0.991442
37	52	1.06777
37	58	1.0141
37	83	0.971882
37	106	1.04789
37	110	1.01501
37	135	0.959265
37	144	1.01554
37	158	0.999931
37	163	0.975007
37	168	0.969644
37	173	0.996056
37	175	0.98629
37	177	0.992572
37	179	0.986605
37	180	0.993911
38	16	0.997895
38	21	0.99167
38	36	1.01267
38	39	1.04813
38	44	1.00215
38	54	0.995683
38	59	0.93834
38	67	1.01786
38	73	0.963935
38	79	0.997454
38	82	1.02736
38	119	0.959629
38	133	0.988793
38	175	1.02834
38	176	1.03018
39	1	1.03802
39	21	0.98636
39	32	1.00725
39	38	1.04813
39	44	0.996835
39	59	0.933029
39	67	1.01255
39	73	0.958624
39	115	0.968733
39	117	1.01921
39	159	1.00558
39	165	1.00034
39	166	0.996132
39	175	1.0121
39	177	1.02016
40	15	1.04943
40	108	0.984672
40	132	0.986693
40	133	0.956248
40	137	0.997224
40	149	1.00654
40	153	0.986012
40	159	0.998507
40	163	1.02555
40	166	1.00363
40	168	1.02244
40	170	0.985963
40	177	1.00385
40	179	1.01177
40	180	0.986067
41	46	1.00269
41	48	0.949554
41	51	1.0683
41	84	0.958641
41	89	0.962017
41	99	0.974258
41	107	1.03623
41	129	1.01288
41	144	1.0118
41	157	1.00961
41	162	1.03652
41	165	0.991471
41	171	0.995755
41	176	1.00507
41	180	0.993504
42	20	0.96761
42	54	1.02737
42	61	0.886085
42	78	1.04624
42	88	0.943967
42	94	0.97683
42	116	1.10814
42	121	0.988722
42	124	0.995914
42	133	1.00744
42	150	1.02437
42	151	1.00288
42	154	1.02161
42	159	1.02438
42	170	0.983175
43	55	0.991772
43	84	1.0536
43	103	1.01211
43	148	1.00458
43	152	0.92725
43	161	1.00121
43	171	1.0061
43	173	1.00344
43	174	0.987843
43	175	0.993671
43	176	0.999386
43	177	0.999953
43	178	1.01435
43	179	0.993986
43	180	1.00129
44	9	0.987069
44	21	0.940377
44	32	0.961263
44	36	0.961377
44	38	1.00215
44	39	0.996835
44	62	1.05912
44	67	0.966564
44	72	0.952607
44	77	1.01562
44	82	0.976064
44	87	1.13625
44	112	0.945508
44	176	1.04754
44	177	1.05375
45	34	0.858415
45	101	1.08901
45	103	1.00281
45	112	1.04116
45	122	0.951822
45	134	1.03252
45	152	1.03101
45	153	0.975007
45	159	0.987502
45	161	1.00665
45	165	1.00294
45	166	0.992621
45	168	1.01143
45	171	1.00723
45	176	1.01655
46	41	1.00269
46	64	0.979308
46	77	1.00702
46	78	1.01731
46	84	0.963894
46	89	0.96727
46	99	0.979511
46	107	1.04148
46	142	0.991798
46	144	1.01706
46	145	1.00092
46	162	1.04177
46	165	0.990201
46	167	1.0037
46	175	1.00196
47	5	0.976011
47	61	1.02388
47	77	1.04956
47	90	0.927372
47	98	1.00475
47	105	0.960864
47	106	0.932506
47	109	0.929948
47	110	0.959214
47	111	0.941321
47	127	1.08947
47	137	1.08106
47	148	1.05084
47	158	0.944136
47	172	1.07064
47	178	1.06463
48	13	1.03792
48	33	1.01167
48	41	0.949554
48	51	1.02042
48	64	0.926176
48	66	1.10457
48	84	0.910761
48	85	0.999026
48	89	0.914137
48	99	0.926378
48	107	0.988346
48	144	0.963923
48	162	0.988638
48	164	1.06922
48	177	1.10618
48	180	1.08839
49	67	1.09501
49	69	0.932076
49	80	0.983031
49	83	0.985132
49	93	0.920291
49	97	1.08737
49	102	0.912536
49	105	0.987954
49	106	0.959596
49	109	0.957038
49	111	0.968411
49	123	1.05696
49	125	0.993941
49	146	1.03119
49	162	1.03419
49	178	1.0945
50	72	0.982955
50	89	1.09491
50	90	1.09743
50	101	1.13133
50	119	0.983329
50	136	0.944915
50	141	1.05025
50	152	0.984021
50	159	0.940515
50	160	0.958659
50	162	0.981709
50	163	0.967561
50	166	0.945634
50	168	0.964443
50	170	0.92797
50	172	1.04803
51	31	1.10663
51	41	1.0683
51	48	1.02042
51	84	1.02951
51	89	1.03288
51	90	0.950605
51	99	1.04512
51	101	0.984497
51	107	1.10709
51	120	0.929551
51	135	0.845376
51	140	0.857458
51	144	1.08267
51	162	1.10738
51	173	0.922822
51	176	0.912029
52	3	0.9848
52	37	1.06777
52	86	0.991469
52	91	0.915072
52	114	0.980154
52	121	0.938166
52	126	1.10102
52	143	1.045
52	146	0.960539
52	147	1.03454
52	150	0.97381
52	151	0.952323
52	154	0.97105
52	170	0.932619
52	172	1.07494
52	175	1.08393
53	35	0.912133
53	68	0.873
53	109	0.9532
53	135	0.879503
53	149	0.932797
53	164	0.915411
53	170	0.924587
53	171	1.07297
53	172	1.06851
53	174	1.05471
53	175	1.06054
53	176	1.06625
53	177	1.06682
53	178	1.08122
53	179	1.06085
53	180	1.06816
54	35	1.02189
54	38	0.995683
54	42	1.02737
54	60	1.03422
54	119	0.938867
54	133	1.02583
54	146	1.02949
54	151	1.02127
54	152	0.90146
54	158	0.974731
54	163	0.958505
54	166	0.99161
54	176	1.01243
54	177	1.01299
54	178	1.0274
54	179	1.00703
54	180	1.01433
55	43	0.991772
55	56	1.00667
55	57	1.0299
55	58	1.01498
55	60	0.963402
55	61	1.08056
55	74	0.940376
55	76	1.00995
55	98	1.06143
55	104	0.98023
55	110	1.01589
55	138	0.955059
55	142	0.988473
55	143	0.959706
55	144	1.01642
55	158	1.00081
55	171	0.991161
56	55	1.00667
56	57	1.0299
56	58	1.01498
56	60	0.963402
56	61	1.08056
56	76	1.00995
56	79	0.961929
56	98	1.06143
56	110	1.01589
56	128	1.00846
56	134	1.01062
56	144	1.01642
56	152	0.886698
56	158	1.00081
56	160	0.962164
56	161	0.960655
56	179	1.00878
57	4	0.824145
57	55	1.0299
57	56	1.0299
57	58	1.0382
57	60	0.986628
57	61	1.10378
57	98	1.08465
57	110	1.03911
57	132	1.00564
57	143	0.947742
57	144	1.03965
57	158	1.02404
57	161	0.954515
57	163	0.937602
57	164	0.957768
57	169	0.994065
57	174	1.00106
58	23	1.00777
58	37	1.0141
58	55	1.01498
58	56	1.01498
58	57	1.0382
58	60	0.971709
58	76	1.01826
58	98	1.06973
58	103	0.93979
58	110	1.0242
58	134	0.978858
58	144	1.02473
58	153	0.983629
58	158	1.00912
58	177	0.969104
58	178	0.946047
58	179	0.977018
59	1	0.928228
59	16	0.882795
59	21	0.876571
59	38	0.93834
59	39	0.933029
59	62	0.995314
59	67	0.902758
59	73	0.848835
59	82	0.912257
59	87	1.07245
59	100	1.2114
59	105	1.10463
59	117	0.909426
59	146	1.07114
59	158	1.1166
59	165	1.13769
59	169	1.15684
60	5	0.989417
60	54	1.03422
60	55	0.963402
60	56	0.963402
60	57	0.986628
60	58	0.971709
60	61	1.03729
60	76	0.96668
60	98	1.01816
60	110	0.97262
60	119	0.998166
60	136	1.05311
60	144	0.973153
60	152	0.960759
60	158	0.957542
60	163	1.0178
60	166	1.05091
60	173	1.07951
61	42	0.886085
61	47	1.02388
61	55	1.08056
61	56	1.08056
61	57	1.10378
61	60	1.03729
61	64	0.929728
61	76	1.08384
61	98	1.13531
61	109	0.904303
61	110	1.08978
61	134	0.913229
61	144	1.09031
61	158	1.0747
61	165	0.883657
61	167	0.897152
61	169	0.90281
61	172	0.886428
62	1	1.1003
62	32	1.06953
62	34	0.787878
62	36	1.06964
62	44	1.05912
62	59	0.995314
62	63	0.795377
62	67	1.07483
62	73	1.02091
62	82	1.08433
62	87	1.24452
62	104	0.925761
62	117	1.0815
62	134	0.961979
62	141	0.937401
62	168	0.889734
62	176	0.946008
62	179	0.960139
63	23	0.93816
63	62	0.795377
63	71	1.09725
63	94	1.05222
63	95	1.04153
63	101	0.965748
63	114	1.1061
63	129	0.901091
63	133	1.08283
63	146	1.08649
63	150	1.09976
63	151	1.07827
63	153	0.914022
63	154	1.097
63	169	0.898831
63	170	1.05857
63	176	0.89328
63	177	0.899497
64	8	1.00676
64	31	1.01239
64	33	1.03617
64	46	0.979308
64	48	0.926176
64	61	0.929728
64	84	0.935263
64	89	0.938639
64	99	0.95088
64	107	1.01285
64	139	1.08382
64	144	0.988425
64	147	1.02516
64	152	0.968425
64	162	1.01314
64	175	1.07454
64	178	1.05954
64	180	1.06481
65	12	0.797269
65	20	1.0447
65	71	1.09895
65	77	0.889653
65	94	1.05392
65	95	1.04322
65	114	1.1078
65	133	1.08452
65	141	0.912958
65	150	1.10145
65	151	1.07997
65	154	1.09869
65	159	0.913207
65	160	0.889076
65	164	1.08679
65	173	0.932358
65	174	0.934113
65	179	0.935697
66	21	1.06358
66	48	1.10457
66	122	1.10147
66	140	0.99395
66	152	0.940565
66	163	0.99761
66	165	0.984703
66	167	0.990544
66	168	0.992247
66	172	0.982669
66	173	0.98446
66	174	0.968866
66	175	0.974694
66	176	0.980409
66	177	0.980976
66	178	0.995378
66	179	0.975009
66	180	0.982315
67	16	0.962312
67	32	0.976974
67	36	0.977088
67	38	1.01786
67	39	1.01255
67	44	0.966564
67	49	1.09501
67	59	0.902758
67	62	1.07483
67	73	0.928352
67	82	0.991774
67	117	0.988943
67	127	1.03559
67	129	1.0354
67	147	0.976364
67	172	1.01676
67	177	1.0338
67	180	1.01602
68	15	1.02255
68	22	1.13171
68	53	0.873
68	85	0.86982
68	94	0.992668
68	96	1.09994
68	121	1.00456
68	128	0.984564
68	133	1.02327
68	139	0.978195
68	146	1.02693
68	147	0.919533
68	150	1.0402
68	151	1.01872
68	154	1.03744
68	164	1.02554
68	170	0.999013
68	177	0.976972
68	179	0.984886
69	49	0.932076
69	74	1.0064
69	80	0.967607
69	81	0.9719
69	83	0.969708
69	90	0.939038
69	93	0.904866
69	102	0.897111
69	105	0.97253
69	106	0.944172
69	109	0.941614
69	111	0.952986
69	115	1.05727
69	122	1.15543
69	140	1.04791
69	158	1.0678
69	168	1.04621
69	169	1.10803
69	179	1.11661
70	89	0.980896
70	120	0.962365
70	121	1.01734
70	129	0.952654
70	130	1.05546
70	146	1.03972
70	150	1.05299
70	151	1.0315
70	153	1.01185
70	154	1.05023
70	157	0.94938
70	163	1.05139
70	165	0.931241
70	166	1.02946
70	168	1.04827
70	170	1.0118
70	176	0.944843
70	178	0.928003
70	179	0.958974
71	3	1.04825
71	63	1.09725
71	65	1.09895
71	91	0.978517
71	106	0.968827
71	114	1.0436
71	115	0.901646
71	116	1.02226
71	121	1.00161
71	128	0.96066
71	133	1.02032
71	146	1.02398
71	148	0.916225
71	150	1.03725
71	151	1.01577
71	154	1.03449
71	157	0.951389
71	165	0.933251
71	169	0.952403
72	25	1.08201
72	44	0.952607
72	50	0.982955
72	86	0.866426
72	112	1.07856
72	118	1.0302
72	119	1.06772
72	132	1.01309
72	141	0.940376
72	148	1.02872
72	157	0.95352
72	159	1.0249
72	160	1.04305
72	163	1.05195
72	165	0.935382
72	166	1.03002
72	168	1.04883
72	172	0.938152
72	180	0.937416
73	1	0.953823
73	16	0.90839
73	32	0.923052
73	36	0.923166
73	38	0.963935
73	39	0.958624
73	59	0.848835
73	62	1.02091
73	67	0.928352
73	82	0.937852
73	87	1.09804
73	92	1.06441
73	117	0.935021
73	142	1.10706
73	143	1.0783
73	148	1.08844
73	162	1.04192
73	169	1.12462
73	178	1.10223
74	19	1.02324
74	55	0.940376
74	69	1.0064
74	75	0.958011
74	80	1.05735
74	81	1.06165
74	83	1.05945
74	88	0.89504
74	90	1.02878
74	102	0.986857
74	106	1.03392
74	109	1.03136
74	111	1.04273
74	125	1.06826
74	128	0.997619
74	135	0.917157
74	155	0.938987
74	172	0.972979
74	176	0.983811
75	9	0.957645
75	74	0.958011
75	100	0.960738
75	119	1.03648
75	132	0.981846
75	136	0.998061
75	148	0.997482
75	149	1.00169
75	153	0.981165
75	156	1.01383
75	159	0.99366
75	160	1.0118
75	163	1.02071
75	166	0.99878
75	168	1.01759
75	172	1.00728
75	174	1.03066
75	178	1.00127
75	179	1.03224
75	180	1.00654
76	4	0.804197
76	5	1.03596
76	18	0.963517
76	26	1.13351
76	55	1.00995
76	56	1.00995
76	58	1.01826
76	60	0.96668
76	61	1.08384
76	98	1.0647
76	110	1.01917
76	118	0.980627
76	138	0.956614
76	144	1.0197
76	145	0.999147
76	158	1.00409
76	162	0.924884
76	169	1.00758
76	178	0.985193
76	179	1.01616
77	44	1.01562
77	46	1.00702
77	47	1.04956
77	65	0.889653
77	84	0.962976
77	99	0.978593
77	100	1.07211
77	107	1.04056
77	118	0.990593
77	144	1.01614
77	153	1.03274
77	154	0.962563
77	162	1.04085
77	164	0.981255
77	173	0.996652
77	174	0.981058
77	175	0.986886
77	178	1.00757
77	179	0.9872
77	180	0.994507
78	17	0.90958
78	31	0.93717
78	42	1.04624
78	46	1.01731
78	90	1.09599
78	135	1.02835
78	144	1.00523
78	146	0.977269
78	152	1.03006
78	154	1.00798
78	159	0.98655
78	161	1.0057
78	163	1.0136
78	168	1.01048
78	173	0.988918
78	176	0.984867
78	177	0.985434
78	178	0.999836
78	179	0.979467
78	180	0.986773
79	2	1.20353
79	28	0.937936
79	38	0.997454
79	56	0.961929
79	100	0.966732
79	114	0.949192
79	115	0.965981
79	122	0.963975
79	143	0.970416
79	148	1.00348
79	152	1.04316
79	153	0.98716
79	158	1.0059
79	160	1.0178
79	161	1.0188
79	162	0.934038
79	163	1.0267
79	166	1.00477
79	168	1.02358
79	173	1.02198
80	24	0.883731
80	49	0.983031
80	69	0.967607
80	74	1.05735
80	85	1.07359
80	90	0.989993
80	93	0.955821
80	102	0.948066
80	104	1.0189
80	105	1.02348
80	106	0.995127
80	109	0.992569
80	111	1.00394
80	113	1.03483
80	126	1.00941
80	152	0.93119
80	167	1.03904
80	170	1.01758
80	174	1.05169
80	180	1.02758
81	19	0.988747
81	24	0.866413
81	69	0.9719
81	74	1.06165
81	83	1.02496
81	90	0.994286
81	93	0.960114
81	102	0.952359
81	105	1.02778
81	106	0.999419
81	109	0.996862
81	111	1.00823
81	126	1.0137
81	156	1.01755
81	159	1.01347
81	167	1.02172
81	174	1.03438
81	175	1.01999
81	177	1.02805
81	178	1.00499
82	16	0.971812
82	21	0.965588
82	23	1.06811
82	32	0.986474
82	36	0.986588
82	38	1.02736
82	44	0.976064
82	59	0.912257
82	62	1.08433
82	67	0.991774
82	73	0.937852
82	87	1.16146
82	112	0.921207
82	117	0.998443
82	134	1.0392
82	143	0.982463
82	155	0.97841
82	156	1.01895
82	168	0.96696
82	169	1.02879
83	26	1.12135
83	27	0.88658
83	37	0.971882
83	49	0.985132
83	69	0.969708
83	74	1.05945
83	81	1.02496
83	90	0.992094
83	93	0.957922
83	102	0.950167
83	105	1.02559
83	106	0.997227
83	109	0.99467
83	122	1.04282
83	125	1.03157
83	126	1.01151
83	128	1.00368
83	129	0.997687
83	174	1.00242
83	180	0.978308
84	8	0.991342
84	33	1.02076
84	41	0.958641
84	43	1.0536
84	46	0.963894
84	48	0.910761
84	51	1.02951
84	64	0.935263
84	77	0.962976
84	89	0.923224
84	99	0.935465
84	107	0.997434
84	113	1.05799
84	123	1.00793
84	144	0.973011
84	156	1.05802
84	162	0.997726
84	165	1.0487
84	167	1.0622
84	169	1.06786
84	171	1.05299
85	33	0.8548
85	48	0.999026
85	68	0.86982
85	80	1.07359
85	89	0.97903
85	93	1.01085
85	100	1.00309
85	102	1.00309
85	108	0.966293
85	109	1.0476
85	111	1.05897
85	125	1.0845
85	144	0.890793
85	161	0.908978
85	170	0.921407
85	173	1.05791
85	174	1.04232
85	175	1.04814
85	178	1.06883
85	179	1.04846
85	180	1.05576
86	22	1.14892
86	52	0.991469
86	72	0.866426
86	91	0.998679
86	95	0.999186
86	96	1.11715
86	114	1.06376
86	123	1.0482
86	133	1.04049
86	141	0.952747
86	146	1.04415
86	150	1.05742
86	151	1.03593
86	154	1.05466
86	160	0.928865
86	162	0.884205
86	166	0.943548
86	175	0.959514
86	178	0.944515
86	179	0.975485
86	180	0.949787
87	1	1.17743
87	16	1.132
87	21	1.12578
87	32	1.14666
87	36	1.14678
87	44	1.13625
87	59	1.07245
87	62	1.24452
87	73	1.09804
87	82	1.16146
87	116	0.915789
87	117	1.15863
87	126	0.855636
87	129	0.848197
87	130	0.794776
87	142	0.828381
87	149	0.827027
87	164	0.809641
87	167	0.840279
87	169	0.845937
87	176	0.840386
88	10	0.872924
88	25	1.08817
88	42	0.943967
88	74	0.89504
88	118	0.933735
88	130	0.909532
88	135	0.888488
88	148	0.924514
88	165	1.05244
88	166	0.937335
88	167	1.05828
88	171	1.05486
88	172	1.05041
88	173	1.0522
88	174	1.03661
88	175	1.04243
88	176	1.04815
88	177	1.04872
88	178	1.06312
88	179	1.04275
88	180	1.05005
89	18	0.920205
89	31	1.00035
89	33	1.02413
89	41	0.962017
89	46	0.96727
89	48	0.914137
89	50	1.09491
89	51	1.03288
89	64	0.938639
89	70	0.980896
89	84	0.923224
89	85	0.97903
89	99	0.938842
89	107	1.00081
89	127	1.08797
89	144	0.976387
89	155	1.03514
89	162	1.0011
89	165	1.06636
89	179	1.0941
89	180	1.0684
90	47	0.927372
90	50	1.09743
90	51	0.950605
90	69	0.939038
90	74	1.02878
90	78	1.09599
90	80	0.989993
90	81	0.994286
90	83	0.992094
90	93	0.927252
90	102	0.919497
90	105	0.994916
90	106	0.966557
90	109	0.964
90	111	0.975372
90	123	1.02811
90	126	0.980842
90	153	1.10323
90	162	1.00534
90	168	1.02621
90	174	1.09504
91	23	1.10066
91	52	0.915072
91	71	0.978517
91	86	0.998679
91	95	0.922789
91	96	1.04075
91	111	1.04073
91	114	0.987363
91	133	0.96409
91	138	1.01036
91	146	0.967748
91	150	0.98102
91	151	0.959533
91	154	0.978259
91	156	1.0515
91	164	0.966354
91	166	1.03797
91	169	1.06133
91	170	0.939828
91	172	1.04494
91	176	1.05578
92	73	1.06441
92	95	0.988961
92	105	0.942588
92	153	1.00999
92	157	1.02369
92	158	0.954562
92	164	0.958502
92	165	1.01714
92	166	0.971441
92	167	1.02298
92	168	0.932973
92	170	0.967678
92	171	1.01956
92	172	1.0151
92	173	1.01689
92	174	1.0013
92	175	1.00713
92	176	1.01284
92	177	1.01341
92	178	1.02781
92	179	1.00744
92	180	1.01475
93	27	1.02271
93	49	0.920291
93	69	0.904866
93	80	0.955821
93	81	0.960114
93	83	0.957922
93	85	1.01085
93	90	0.927252
93	102	0.885325
93	105	0.960744
93	106	0.932386
93	109	0.929828
93	111	0.9412
93	125	0.966731
93	126	0.94667
93	127	1.13401
93	160	1.09352
93	163	1.0751
93	165	1.11241
93	171	1.11669
93	175	1.12417
93	176	1.12601
94	13	0.986538
94	42	0.97683
94	63	1.05222
94	65	1.05392
94	68	0.992668
94	95	0.93399
94	114	0.998564
94	121	0.956576
94	133	0.975291
94	135	0.98193
94	138	1.00316
94	146	0.978949
94	147	0.997361
94	150	0.992221
94	151	0.970734
94	154	0.98946
94	156	1.0443
94	157	1.05312
94	164	0.977556
94	170	0.951029
94	174	1.06113
94	176	1.04858
94	178	1.03174
95	17	0.933653
95	22	1.07303
95	63	1.04153
95	65	1.04322
95	86	0.999186
95	91	0.922789
95	92	0.988961
95	94	0.93399
95	96	1.04126
95	113	1.03931
95	116	1.11903
95	121	0.945882
95	123	0.972311
95	133	0.964597
95	138	0.998207
95	142	1.03162
95	143	1.00285
95	146	0.968256
95	150	0.981527
95	152	0.935669
95	154	0.978766
95	167	1.04352
95	177	1.04984
96	14	1.0368
96	25	0.990823
96	29	1.04983
96	30	0.998044
96	68	1.09994
96	86	1.11715
96	91	1.04075
96	95	1.04126
96	102	1.00582
96	117	0.886083
96	121	1.06385
96	122	0.955502
96	130	0.856943
96	133	1.08256
96	138	0.857134
96	146	1.08622
96	150	1.09949
96	164	1.08482
96	170	1.0583
96	173	0.913345
96	175	0.900712
96	178	0.885713
96	180	0.890985
97	49	1.08737
97	119	1.01711
97	127	1.02795
97	132	0.962484
97	134	1.03591
97	135	1.01609
97	145	0.962974
97	148	0.978119
97	153	0.961803
97	154	0.970508
97	159	0.974298
97	160	0.992442
97	161	0.993445
97	163	1.00134
97	164	0.98828
97	166	0.979417
97	168	0.998227
97	169	0.97396
97	171	1.01063
97	172	1.00911
97	174	1.03249
97	177	1.02616
97	180	1.00838
98	3	0.852653
98	5	1.08744
98	18	1.015
98	47	1.00475
98	55	1.06143
98	56	1.06143
98	57	1.08465
98	58	1.06973
98	60	1.01816
98	61	1.13531
98	76	1.0647
98	110	1.07065
98	123	0.89541
98	138	0.904367
98	141	0.941179
98	144	1.07118
98	158	1.05557
98	162	0.872637
98	170	0.928217
98	171	0.940469
98	174	0.962333
98	175	0.947946
98	179	0.963917
99	8	1.00696
99	27	0.939851
99	31	1.01259
99	33	1.03637
99	41	0.974258
99	46	0.979511
99	48	0.926378
99	51	1.04512
99	64	0.95088
99	77	0.978593
99	84	0.935465
99	89	0.938842
99	107	1.01305
99	130	0.997537
99	138	0.997728
99	139	1.05059
99	144	0.988628
99	162	1.01334
99	167	1.04304
99	174	1.05569
99	176	1.04315
99	177	1.04936
99	180	1.03158
100	24	0.948608
100	59	1.2114
100	75	0.960738
100	77	1.07211
100	79	0.966732
100	85	1.00309
100	103	0.964844
100	108	0.935705
100	114	1.04203
100	123	1.04965
100	131	0.94207
100	135	0.991337
100	136	0.953941
100	140	0.967073
100	141	1.09542
100	142	1.09202
100	149	0.957573
100	153	0.937045
100	159	0.94954
100	161	0.968687
100	163	0.976587
100	165	1.09042
100	166	0.954659
100	168	0.973469
101	3	1.01925
101	45	1.08901
101	50	1.13133
101	51	0.984497
101	63	0.965748
101	117	1.09991
101	141	0.978119
101	153	1.13712
101	156	0.962774
101	157	0.966694
101	161	1.08238
101	164	1.08564
101	165	0.960144
101	167	0.965985
101	171	0.962564
101	172	0.95811
101	173	0.959901
101	174	0.944307
101	175	0.950135
101	176	0.95585
101	177	0.956417
101	178	0.970818
101	179	0.950449
101	180	0.957756
102	19	0.913958
102	49	0.912536
102	69	0.897111
102	74	0.986857
102	80	0.948066
102	81	0.952359
102	83	0.950167
102	85	1.00309
102	90	0.919497
102	93	0.885325
102	96	1.00582
102	105	0.952989
102	106	0.924631
102	109	0.922073
102	111	0.933445
102	113	1.14286
102	121	1.13889
102	125	0.958976
102	126	0.938915
102	145	1.14429
102	155	1.10235
102	162	1.07003
102	170	1.12561
102	171	1.13786
102	180	1.13561
103	9	0.960348
103	28	0.936048
103	34	0.862684
103	43	1.01211
103	45	1.00281
103	58	0.93979
103	100	0.964844
103	116	1.09622
103	118	1.00306
103	119	1.04058
103	128	1.03462
103	131	0.990297
103	136	1.00217
103	140	1.0153
103	148	1.00159
103	149	1.0058
103	157	1.02535
103	159	0.997767
103	160	1.01591
103	161	1.01691
103	168	1.0217
103	170	0.985222
103	173	1.03161
103	175	1.01897
103	177	1.02703
104	30	1.13021
104	35	0.989642
104	36	0.964978
104	55	0.98023
104	62	0.925761
104	80	1.0189
104	112	0.921637
104	132	1.04079
104	139	0.993084
104	145	1.02078
104	155	1.01486
104	157	1.00769
104	165	1.00114
104	167	1.00698
104	170	1.0021
104	171	1.00356
104	172	0.999106
104	173	1.0009
104	174	0.985303
104	175	0.99113
104	176	0.996846
104	177	0.997413
104	178	1.01181
104	179	0.991445
104	180	0.998752
105	13	1.04614
105	19	0.989377
105	47	0.960864
105	49	0.987954
105	59	1.10463
105	69	0.97253
105	80	1.02348
105	81	1.02778
105	83	1.02559
105	90	0.994916
105	92	0.942588
105	93	0.960744
105	102	0.952989
105	106	1.00005
105	111	1.00886
105	117	0.980783
105	125	1.03439
105	126	1.01433
105	134	1.01322
105	158	0.962567
105	164	0.966507
105	169	1.0028
105	173	1.00805
105	174	1.0098
105	179	1.01138
106	13	1.01778
106	19	0.961019
106	37	1.04789
106	47	0.932506
106	49	0.959596
106	69	0.944172
106	71	0.968827
106	74	1.03392
106	80	0.995127
106	81	0.999419
106	83	0.997227
106	90	0.966557
106	93	0.932386
106	102	0.924631
106	105	1.00005
106	109	0.969134
106	111	0.980506
106	123	1.01151
106	126	0.985976
106	127	1.07389
106	138	1.02047
106	161	1.03189
106	164	1.03514
106	169	1.07144
106	174	1.07843
106	176	1.06589
107	8	1.06893
107	15	0.996125
107	18	0.994414
107	31	1.07456
107	33	1.09834
107	41	1.03623
107	46	1.04148
107	48	0.988346
107	51	1.10709
107	64	1.01285
107	77	1.04056
107	84	0.997434
107	89	1.00081
107	99	1.01305
107	122	0.99728
107	137	0.943921
107	143	0.90356
107	144	1.0506
107	157	0.948868
107	162	1.07531
107	169	0.949882
107	171	0.935014
107	172	0.9335
107	175	0.94249
107	178	0.927491
107	180	0.932763
108	8	0.979465
108	14	1.09654
108	40	0.984672
108	85	0.966293
108	100	0.935705
108	118	0.973925
108	131	0.961158
108	136	0.973029
108	141	1.05862
108	145	0.957304
108	146	0.98708
108	149	0.976661
108	150	1.01985
108	152	1.01213
108	153	0.956133
108	159	0.968628
108	161	0.987775
108	163	0.995674
108	164	0.98261
108	166	0.973747
108	168	0.992557
108	169	0.96829
108	171	1.05791
108	173	1.07802
108	174	1.07978
108	179	1.08136
109	19	0.958461
109	47	0.929948
109	49	0.957038
109	53	0.9532
109	61	0.904303
109	69	0.941614
109	74	1.03136
109	80	0.992569
109	81	0.996862
109	83	0.99467
109	85	1.0476
109	90	0.964
109	93	0.929828
109	102	0.922073
109	106	0.969134
109	111	0.977948
109	116	1.12636
109	125	1.00348
109	126	0.983418
109	129	1.05877
109	139	1.05839
109	153	1.0717
109	169	1.05651
109	174	1.0635
109	176	1.05096
109	179	1.06509
110	4	0.810138
110	5	1.0419
110	12	1.12131
110	18	0.969458
110	24	0.857344
110	37	1.01501
110	47	0.959214
110	55	1.01589
110	56	1.01589
110	57	1.03911
110	58	1.0242
110	60	0.97262
110	61	1.08978
110	76	1.01917
110	98	1.07065
110	123	0.958384
110	124	0.975936
110	138	0.967341
110	144	1.02564
110	155	0.967936
110	157	1.0173
110	158	1.01003
110	169	1.01831
110	174	1.02531
110	175	1.01092
110	177	1.01898
110	178	0.99592
111	13	1.02659
111	19	0.969833
111	47	0.941321
111	49	0.968411
111	69	0.952986
111	74	1.04273
111	80	1.00394
111	81	1.00823
111	85	1.05897
111	90	0.975372
111	91	1.04073
111	93	0.9412
111	102	0.933445
111	105	1.00886
111	106	0.980506
111	109	0.977948
111	125	1.01485
111	126	0.99479
111	128	1.04267
111	137	1.02845
111	138	0.983444
111	143	0.988091
111	150	0.98148
111	167	1.02876
111	169	1.03441
111	173	1.03966
111	175	1.02702
111	180	1.01729
112	10	1.0651
112	44	0.945508
112	45	1.04116
112	72	1.07856
112	82	0.921207
112	104	0.921637
112	128	0.955693
112	130	1.06723
112	131	1.02865
112	135	1.07792
112	142	0.92988
112	148	1.03994
112	149	1.04415
112	150	0.894502
112	153	1.02362
112	157	0.946421
112	159	1.03612
112	160	1.05426
112	161	1.05527
112	163	1.06317
112	166	1.04124
112	167	0.941777
112	168	1.06005
112	170	1.02357
112	171	0.932568
112	174	0.954432
112	176	0.941884
112	178	0.925045
113	11	0.969608
113	32	1.01999
113	36	0.980906
113	80	1.03483
113	84	1.05799
113	95	1.03931
113	102	1.14286
113	134	0.989038
113	137	0.987345
113	142	1.00572
113	148	1.00897
113	150	0.99221
113	152	0.931636
113	155	1.00164
113	156	0.990548
113	165	0.987918
113	167	0.993759
113	170	1.01802
113	171	0.990338
113	172	0.985884
113	173	0.987675
113	174	0.972081
113	175	0.977909
113	176	0.983624
113	177	0.984191
113	178	0.998593
113	179	0.978224
113	180	0.98553
114	25	0.937435
114	30	0.944655
114	52	0.980154
114	63	1.1061
114	65	1.1078
114	71	1.0436
114	79	0.949192
114	86	1.06376
114	91	0.987363
114	94	0.998564
114	100	1.04203
114	121	1.01046
114	123	1.03689
114	124	0.945093
114	130	0.936307
114	138	0.936498
114	146	1.03283
114	147	0.930694
114	148	0.951289
114	150	1.0461
114	151	1.02461
114	154	1.04334
114	164	1.03144
114	167	0.981809
114	170	1.00491
114	174	0.994464
114	175	0.980076
114	178	0.965077
114	179	0.996047
115	39	0.968733
115	69	1.05727
115	71	0.901646
115	79	0.965981
115	119	0.928156
115	121	0.990414
115	143	1.04384
115	146	0.918558
115	147	1.04706
115	149	0.985347
115	155	1.03476
115	156	1.02366
115	157	1.02758
115	163	0.947795
115	164	0.967961
115	165	1.02103
115	166	0.980899
115	167	1.02688
115	170	0.977136
115	171	1.02345
115	172	1.019
115	173	1.02079
115	174	1.0052
115	175	1.01102
115	176	1.01674
115	177	1.01731
115	178	1.03171
115	179	1.01134
115	180	1.01865
116	3	1.02218
116	10	1.0371
116	17	0.971478
116	42	1.10814
116	71	1.02226
116	87	0.915789
116	95	1.11903
116	103	1.09622
116	109	1.12636
116	129	0.976385
116	142	0.980738
116	143	0.98574
116	145	1.11643
116	147	0.988965
116	155	0.976661
116	156	0.965567
116	165	0.962937
116	167	0.968779
116	168	1.06304
116	171	0.965358
116	172	0.960904
116	173	0.962694
116	174	0.947101
116	175	0.952928
116	176	0.958644
116	177	0.95921
116	178	0.973612
116	179	0.953243
116	180	0.960549
117	1	1.01441
117	21	0.962756
117	27	0.924147
117	39	1.01921
117	59	0.909426
117	62	1.0815
117	67	0.988943
117	73	0.935021
117	82	0.998443
117	87	1.15863
117	96	0.886083
117	101	1.09991
117	105	0.980783
117	126	1.04269
117	132	0.977223
117	145	0.977713
117	147	0.97622
117	159	0.989037
117	160	1.00718
117	161	1.00818
117	162	0.950293
117	166	0.994156
117	168	1.01297
117	169	0.988699
117	170	0.976493
117	174	1.03999
117	175	1.0256
117	176	1.02744
117	179	1.04157
117	180	1.01587
118	72	1.0302
118	76	0.980627
118	77	0.990593
118	88	0.933735
118	103	1.00306
118	108	0.973925
118	126	1.03776
118	130	1.01887
118	136	0.992161
118	140	1.00529
118	141	1.0139
118	148	0.991581
118	149	0.995793
118	150	0.975123
118	152	1.03127
118	153	0.975265
118	154	0.97307
118	156	1.01822
118	157	1.02704
118	159	0.98776
118	160	1.0059
118	161	1.00691
118	163	1.01481
118	166	0.992879
118	167	1.0224
118	168	1.01169
118	169	0.987422
118	170	0.975216
118	171	1.01319
118	176	1.02251
119	9	0.912896
119	13	0.911317
119	19	1.00001
119	38	0.959629
119	50	0.983329
119	54	0.938867
119	60	0.998166
119	72	1.06772
119	75	1.03648
119	97	1.01711
119	103	1.04058
119	115	0.928156
119	131	1.01781
119	132	1.01346
119	135	1.06707
119	136	1.02968
119	140	1.04281
119	143	0.932592
119	145	1.01395
119	151	0.936653
119	157	0.9779
119	159	1.02528
119	160	1.04342
119	161	1.04442
119	163	1.05232
119	166	1.0304
119	167	0.973256
119	168	1.04921
119	169	1.02494
119	177	0.97958
119	178	0.956523
120	21	1.0765
120	30	1.16798
120	36	1.00275
120	51	0.929551
120	70	0.962365
120	127	0.962862
120	131	1.02742
120	136	1.04583
120	139	0.971307
120	147	1.00539
120	149	1.04808
120	155	0.993086
120	156	0.981992
120	157	0.985912
120	158	1.02675
120	160	1.02894
120	164	1.03069
120	165	0.979362
120	166	1.04363
120	167	0.985203
120	169	0.976413
120	171	0.981782
120	172	0.977328
120	173	0.979119
120	174	0.963525
120	175	0.969353
120	176	0.975068
120	177	0.975635
120	178	0.990037
120	179	0.969668
120	180	0.976974
121	17	0.956239
121	23	1.0805
121	25	0.895447
121	30	0.902667
121	42	0.988722
121	52	0.938166
121	68	1.00456
121	70	1.01734
121	71	1.00161
121	94	0.956576
121	95	0.945882
121	96	1.06385
121	102	1.13889
121	114	1.01046
121	115	0.990414
121	133	0.987183
121	137	1.03521
121	146	0.990842
121	147	0.984398
121	150	1.00411
121	151	0.982626
121	154	1.00135
121	158	1.00093
121	164	0.989448
121	168	0.979346
121	169	1.04117
121	170	0.962922
121	171	1.0263
121	173	1.04641
121	174	1.04817
121	176	1.03562
122	7	1.03997
122	45	0.951822
122	66	1.10147
122	69	1.15543
122	79	0.963975
122	83	1.04282
122	96	0.955502
122	107	0.99728
122	123	1.04248
122	130	0.977898
122	132	0.934969
122	135	0.98858
122	136	0.951184
122	138	0.983314
122	139	1.1043
122	140	0.964316
122	145	0.935459
122	149	0.954816
122	152	0.990289
122	153	0.934288
122	159	0.946783
122	160	0.964927
122	161	0.96593
122	163	0.97383
122	164	0.960765
122	166	0.951902
122	168	0.970712
122	170	0.934239
122	172	1.08603
122	175	1.09502
122	177	1.10308
122	180	1.08529
123	5	0.932564
123	49	1.05696
123	84	1.00793
123	86	1.0482
123	90	1.02811
123	95	0.972311
123	98	0.89541
123	100	1.04965
123	106	1.01151
123	110	0.958384
123	114	1.03689
123	122	1.04248
123	125	1.03085
123	135	0.922882
123	146	1.01727
123	149	0.976177
123	150	1.03054
123	151	1.00906
123	154	1.02778
123	157	1.01106
123	160	0.957046
123	161	0.955537
123	165	1.00451
123	167	1.01035
123	170	0.98935
123	173	1.00426
123	175	0.994497
123	176	1.00021
123	177	1.00078
123	178	1.01518
123	179	0.994812
123	180	1.00212
124	18	1.04162
124	33	0.918912
124	42	0.995914
124	110	0.975936
124	114	0.945093
124	134	1.00982
124	136	0.991484
124	137	1.00812
124	140	0.952517
124	142	1.0265
124	143	1.0315
124	145	1.0042
124	149	0.99373
124	151	0.970379
124	153	1.02783
124	155	1.02242
124	156	1.01133
124	157	1.01525
124	159	0.998729
124	161	0.97309
124	165	1.0087
124	167	1.01454
124	171	1.01112
124	172	1.00666
124	173	1.00845
124	174	0.992861
124	175	0.998688
124	176	1.0044
124	177	1.00497
124	178	1.01937
124	179	0.999003
124	180	1.00631
125	19	0.995364
125	25	0.931404
125	27	0.894568
125	29	1.14515
125	30	0.938624
125	49	0.993941
125	74	1.06826
125	83	1.03157
125	85	1.0845
125	93	0.966731
125	102	0.958976
125	105	1.03439
125	109	1.00348
125	111	1.01485
125	123	1.03085
125	134	1.01383
125	137	0.997453
125	138	0.952444
125	139	1.0053
125	146	1.0268
125	150	1.04007
125	151	1.01858
125	154	1.03731
125	155	0.953039
125	157	1.0024
125	162	0.920714
125	163	0.946952
125	164	1.0254
125	169	1.00341
125	170	0.998878
125	175	0.996022
125	178	0.981023
126	52	1.10102
126	80	1.00941
126	81	1.0137
126	83	1.01151
126	87	0.855636
126	90	0.980842
126	93	0.94667
126	102	0.938915
126	105	1.01433
126	106	0.985976
126	109	0.983418
126	111	0.99479
126	117	1.04269
126	118	1.03776
126	133	1.01778
126	140	1.00459
126	144	1.00698
126	145	1.05628
126	146	0.979014
126	151	1.02245
126	161	1.02516
126	167	0.999814
126	168	1.00289
126	170	1.03759
126	171	0.996393
126	172	0.991939
126	173	0.99373
126	174	0.978136
126	176	0.989679
126	177	0.990246
126	178	1.00465
126	179	0.984279
126	180	0.991585
127	47	1.08947
127	67	1.03559
127	89	1.08797
127	93	1.13401
127	97	1.02795
127	106	1.07389
127	120	0.962862
127	134	0.972306
127	137	0.970613
127	139	0.96313
127	141	0.989161
127	147	0.997213
127	148	1.02129
127	151	1.0152
127	154	1.00248
127	156	0.973816
127	157	0.977736
127	161	1.01791
127	164	1.02117
127	165	0.971186
127	166	1.03411
127	167	0.977027
127	169	0.968236
127	170	1.03034
127	171	0.973606
127	172	0.969152
127	173	0.970943
127	174	0.955349
127	175	0.961177
127	176	0.966892
127	177	0.967459
127	178	0.98186
127	179	0.961491
127	180	0.968798
128	10	0.975503
128	56	1.00846
128	68	0.984564
128	71	0.96066
128	74	0.997619
128	83	1.00368
128	103	1.03462
128	111	1.04267
128	112	0.955693
128	134	0.998714
128	139	0.989539
128	141	1.01557
128	143	1.0204
128	147	1.02362
128	149	1.04436
128	151	1.02101
128	152	0.949764
128	154	1.00828
128	155	1.01132
128	156	1.00022
128	157	1.00414
128	163	1.00681
128	165	0.997594
128	167	1.00344
128	169	0.994645
128	171	1.00001
128	172	0.99556
128	173	0.997351
128	174	0.981758
128	175	0.987585
128	176	0.9933
128	177	0.993867
128	178	1.00827
128	179	0.9879
128	180	0.995206
129	19	1.07837
129	41	1.01288
129	63	0.901091
129	67	1.0354
129	70	0.952654
129	83	0.997687
129	87	0.848197
129	109	1.05877
129	116	0.976385
129	131	1.01771
129	133	1.01034
129	134	1.00225
129	137	1.00056
129	139	0.993078
129	142	1.01893
129	146	0.971575
129	155	1.01486
129	156	1.00376
129	157	1.00768
129	159	1.04336
129	165	1.00113
129	166	1.03392
129	167	1.00697
129	169	0.998184
129	170	1.03015
129	171	1.00355
129	172	0.9991
129	173	1.00089
129	174	0.985297
129	175	0.991124
129	176	0.99684
129	177	0.997407
129	178	1.01181
129	179	0.991439
129	180	0.998746
130	11	1.04368
130	70	1.05546
130	87	0.794776
130	88	0.909532
130	96	0.856943
130	99	0.997537
130	112	1.06723
130	114	0.936307
130	118	1.01887
130	122	0.977898
130	132	1.00176
130	134	1.01427
130	135	1.05537
130	136	1.01798
130	138	1.05011
130	140	1.03111
130	142	0.986297
130	145	1.00225
130	148	1.0174
130	149	1.02161
130	152	1.05708
130	153	1.00108
130	155	0.953478
130	157	1.00284
130	158	1.01982
130	160	1.03172
130	161	1.03272
130	163	1.04062
130	166	1.0187
130	167	0.998195
130	168	1.03751
130	172	0.987471
130	174	1.01085
130	175	0.996462
130	178	0.981463
130	180	0.986735
131	2	1.20224
131	28	0.913274
131	30	1.11644
131	100	0.94207
131	103	0.990297
131	108	0.961158
131	112	1.02865
131	119	1.01781
131	120	1.02742
131	129	1.01771
131	132	0.963179
131	136	0.979394
131	139	1.01734
131	140	0.992526
131	143	0.969126
131	145	0.963669
131	148	0.978815
131	152	1.0185
131	158	0.981237
131	159	0.974993
131	160	0.993137
131	161	0.99414
131	163	1.00204
131	164	0.988975
131	165	0.996295
131	166	0.980112
131	168	0.998922
131	169	0.974655
131	170	0.962449
131	171	1.00058
131	172	0.999065
131	173	1.02069
131	174	1.02244
131	176	1.0099
131	177	1.01611
131	180	0.998329
132	8	0.973276
132	34	0.902908
132	40	0.986693
132	57	1.00564
132	72	1.01309
132	75	0.981846
132	97	0.962484
132	104	1.04079
132	117	0.977223
132	119	1.01346
132	122	0.934969
132	130	1.00176
132	131	0.963179
132	136	0.97505
132	140	0.988181
132	143	1.02027
132	145	0.959325
132	148	0.97447
132	149	0.978681
132	152	1.01415
