1	31	1.47743
1	53	1.34007
1	67	1.51813
1	72	1.38714
1	73	1.51784
1	90	0.55431
1	126	0.600931
1	132	0.443453
1	136	0.483343
1	143	1.56917
1	171	0.563311
2	5	1.28145
2	52	1.40036
2	90	0.463431
2	92	1.29883
2	98	1.36047
2	100	1.42215
2	102	1.35919
2	130	1.49758
2	132	0.848873
2	140	0.476729
2	141	0.444308
2	166	0.612071
3	93	1.48967
3	96	1.49437
3	99	1.51378
3	127	0.438357
3	136	0.500761
3	140	0.585026
3	145	1.48582
3	154	1.46681
3	159	0.527335
3	164	1.34105
3	168	0.581911
4	88	1.32323
4	111	1.42973
4	115	1.30424
4	117	1.30475
4	120	1.4052
4	146	0.514625
4	148	1.37305
4	149	1.41928
4	150	0.569592
4	152	0.573883
4	158	0.475193
4	167	0.708886
5	2	1.28145
5	25	1.18238
5	52	1.20895
5	89	1.26182
5	92	1.10743
5	98	1.16907
5	100	1.23074
5	102	1.16778
5	109	0.584273
5	127	0.593584
5	159	0.682561
5	170	0.882639
6	15	1.26943
6	55	1.40415
6	65	1.35596
6	80	1.33494
6	123	0.480056
6	133	1.47653
6	135	0.503807
6	151	1.45957
6	152	0.518552
6	172	1.33317
6	177	0.683917
6	179	0.663768
7	31	1.37623
7	50	1.40608
7	53	1.23887
7	67	1.41694
7	72	1.28595
7	73	1.41665
7	105	0.505936
7	107	0.589912
7	139	0.494725
7	143	1.46798
7	164	0.665355
7	172	0.584228
8	16	1.12225
8	42	1.15459
8	65	1.17874
8	71	1.28846
8	80	1.15772
8	104	0.670395
8	133	1.29931
8	151	1.28235
8	156	0.66996
8	158	0.687859
8	159	0.720551
8	172	1.15595
9	17	1.45786
9	37	1.26532
9	48	1.34796
9	69	1.42934
9	82	1.30733
9	84	1.3922
9	124	0.478289
9	138	0.378037
9	149	1.43371
9	156	0.84002
9	166	0.573035
9	167	0.581004
10	68	1.39503
10	76	1.34463
10	115	1.32594
10	117	1.32645
10	120	1.4269
10	130	0.373752
10	137	1.35811
10	140	0.524206
10	144	0.574096
10	145	1.3862
10	155	0.626403
10	180	0.741621
11	32	1.58596
11	54	1.10197
11	56	1.23965
11	58	1.23132
11	61	1.07419
11	70	1.12909
11	85	1.09385
11	134	1.13018
11	152	0.640372
11	154	0.6097
11	165	0.738975
11	178	0.774905
12	77	1.36418
12	113	1.40034
12	114	1.40018
12	118	1.31663
12	119	1.3668
12	127	0.483124
12	135	0.623354
12	139	0.554997
12	152	0.638099
12	156	1.39501
12	158	0.539409
12	171	1.36721
13	68	1.48438
13	76	1.43398
13	79	1.43795
13	130	0.407671
13	131	1.49811
13	136	0.473861
13	137	1.44746
13	145	1.47555
13	155	0.660322
13	157	0.54532
13	168	0.555011
14	20	1.22914
14	41	1.49573
14	48	1.35959
14	62	1.34676
14	69	1.44097
14	82	1.31896
14	139	0.488904
14	149	1.44534
14	156	0.455417
14	162	0.569887
14	164	0.659534
14	165	0.670609
15	6	1.26943
15	16	1.10833
15	42	1.14067
15	71	1.27454
15	80	1.1438
15	133	1.28538
15	146	0.616201
15	147	0.575432
15	151	1.26842
15	164	0.762987
15	166	0.802494
15	172	1.14203
16	8	1.12225
16	15	1.10833
16	55	1.24305
16	65	1.19486
16	71	1.30458
16	80	1.17385
16	90	0.702323
16	130	0.565167
16	151	1.29847
16	162	0.721809
16	163	0.761103
16	172	1.17208
17	9	1.45786
17	20	1.24531
17	37	1.29311
17	48	1.37576
17	82	1.33512
17	123	0.49416
17	127	1.45883
17	149	1.46151
17	154	0.501985
17	170	0.666737
17	171	0.520052
17	178	0.667189
18	30	1.36386
18	75	1.4228
18	93	1.3926
18	96	1.3973
18	99	1.41671
18	147	0.408193
18	154	1.36974
18	163	0.545394
18	164	1.24398
18	168	0.496798
18	175	0.721962
18	177	0.673585
19	34	1.45707
19	35	1.43763
19	46	1.36793
19	51	1.30066
19	61	1.33542
19	85	1.35508
19	134	1.39142
19	141	0.449101
19	151	0.858234
19	156	0.37324
19	161	0.533908
19	179	0.635045
20	14	1.22914
20	17	1.24531
20	41	1.27155
20	62	1.12258
20	69	1.21679
20	82	1.09477
20	127	1.21848
20	149	1.22116
20	153	0.622973
20	157	0.662292
20	161	0.727485
20	174	0.745156
21	47	1.39504
21	93	1.39204
21	96	1.39674
21	99	1.41615
21	133	0.403678
21	145	1.38819
21	154	1.36918
21	160	0.544228
21	161	0.56891
21	164	1.24342
21	176	0.666397
21	179	0.670046
22	25	1.34974
22	38	1.43477
22	89	1.42918
22	92	1.27479
22	98	1.33642
22	100	1.3981
22	116	1.38864
22	127	0.844317
22	138	0.416275
22	157	0.463126
22	160	0.503637
22	178	0.618771
23	44	1.39556
23	81	1.33638
23	91	1.31094
23	108	1.39405
23	110	1.35744
23	112	1.41112
23	136	0.484456
23	148	1.40182
23	154	0.546356
23	160	0.596426
23	172	0.583428
23	174	0.638779
24	39	1.2149
24	40	1.38629
24	59	1.3919
24	76	1.25875
24	79	1.26272
24	109	0.425861
24	131	1.32288
24	137	1.27222
24	145	1.30031
24	159	0.524149
24	160	0.609546
24	170	0.724227
24	177	0.755512
25	5	1.18238
25	22	1.34974
25	92	1.19976
25	98	1.2614
25	100	1.32307
25	102	1.26012
25	122	1.42562
25	130	1.39851
25	139	0.550465
25	141	0.592839
25	142	0.540185
25	156	0.516978
25	180	0.842675
26	50	1.51938
26	53	1.35218
26	67	1.53024
26	72	1.39925
26	73	1.52995
26	97	1.50074
26	123	0.430198
26	143	1.58128
26	163	0.505869
26	171	0.45609
26	174	0.530446
26	178	0.603227
26	179	0.613911
27	57	1.25159
27	86	1.31807
27	88	1.26592
27	106	1.31932
27	111	1.37242
27	115	1.24693
27	117	1.24744
27	120	1.34789
27	129	0.537985
27	150	0.593662
27	154	0.567281
27	171	0.585348
27	177	0.763318
28	81	1.25684
28	83	1.24645
28	94	1.34152
28	103	1.35994
28	108	1.3145
28	110	1.27789
28	112	1.33157
28	128	0.572147
28	132	0.537625
28	137	1.28563
28	140	0.661781
28	144	0.71167
28	156	0.553499
29	31	1.30439
29	50	1.33423
29	53	1.16702
29	67	1.34509
29	72	1.2141
29	73	1.3448
29	97	1.31558
29	105	0.50262
29	125	0.552966
29	143	1.39613
29	161	0.618591
29	174	0.636263
29	177	0.739876
30	18	1.36386
30	75	1.33695
30	93	1.30675
30	96	1.31145
30	99	1.33086
30	145	1.3029
30	154	1.28388
30	162	0.52249
30	164	1.15813
30	171	0.512005
30	177	0.689974
30	178	0.659142
30	179	0.669826
31	1	1.47743
31	7	1.37623
31	29	1.30439
31	50	1.29943
31	53	1.13223
31	72	1.1793
31	97	1.28078
31	127	0.371037
31	143	1.36133
31	166	0.653048
31	167	0.661016
31	177	0.691378
31	179	0.671229
32	11	1.58596
32	51	1.70299
32	54	1.76552
32	70	1.79265
32	85	1.75741
32	128	0.357176
32	134	1.79374
32	139	0.372014
32	154	0.424445
32	158	0.356426
32	162	0.452997
32	173	0.588452
32	175	0.668859
33	86	1.31062
33	88	1.25847
33	106	1.31187
33	115	1.23948
33	117	1.23999
33	120	1.34044
33	124	0.714819
33	130	0.523769
33	139	0.599428
33	147	0.582503
33	148	1.30829
33	149	1.35452
33	159	0.616533
34	19	1.45707
34	35	1.44983
34	46	1.38013
34	51	1.31287
34	58	1.50475
34	61	1.34763
34	85	1.36728
34	107	0.513006
34	134	1.40362
34	143	0.422716
34	152	0.500922
34	161	0.545001
34	176	0.642489
34	180	0.71003
35	19	1.43763
35	34	1.44983
35	46	1.36069
35	51	1.29343
35	54	1.35596
35	56	1.49364
35	58	1.48532
35	61	1.32819
35	139	0.51093
35	143	0.515827
35	152	0.594032
35	159	0.528035
35	160	0.613431
35	169	0.565401
36	80	1.44259
36	89	1.55473
36	92	1.40033
36	98	1.46197
36	100	1.52365
36	124	0.502082
36	125	0.448249
36	151	1.56721
36	155	0.563684
36	165	0.568397
36	171	0.457189
36	172	1.44082
36	173	0.60313
37	9	1.26532
37	17	1.29311
37	41	1.31935
37	62	1.17038
37	69	1.26459
37	82	1.14258
37	84	1.22745
37	107	0.641526
37	127	1.26628
37	140	0.621135
37	149	1.26896
37	153	0.56901
37	159	0.563444
37	180	0.83855
38	22	1.43477
38	52	1.38632
38	89	1.43919
38	92	1.28479
38	98	1.34643
38	100	1.40811
38	116	1.39864
38	122	1.51065
38	124	0.520697
38	141	0.447681
38	153	0.427977
38	166	0.615444
38	176	0.629976
38	180	0.697517
39	24	1.2149
39	40	1.32836
39	68	1.25121
39	74	1.26765
39	76	1.20082
39	79	1.20478
39	109	0.595378
39	127	0.604689
39	128	0.661723
39	131	1.26495
39	137	1.21429
39	145	1.24238
39	151	0.637105
39	169	0.731033
40	24	1.38629
40	39	1.32836
40	59	1.50536
40	68	1.4226
40	76	1.37221
40	79	1.37618
40	135	0.491379
40	137	1.38568
40	139	0.423022
40	141	0.465396
40	145	1.41377
40	174	0.567875
40	175	0.719866
40	177	0.671489
41	14	1.49573
41	20	1.27155
41	37	1.31935
41	48	1.402
41	62	1.38917
41	82	1.36136
41	127	1.48507
41	144	0.510006
41	149	1.48775
41	161	0.512503
41	166	0.595459
41	169	0.439792
41	170	0.602504
41	180	0.677532
42	8	1.15459
42	15	1.14067
42	55	1.27539
42	65	1.2272
42	71	1.33692
42	80	1.20619
42	123	0.672039
42	133	1.34777
42	139	0.627433
42	147	0.610508
42	151	1.33081
42	159	0.644538
42	169	0.681904
42	172	1.20442
43	66	1.27712
43	78	1.30611
43	106	1.34512
43	111	1.39822
43	115	1.27273
43	117	1.27324
43	120	1.37369
43	147	0.445301
43	148	1.34154
43	149	1.38777
43	167	0.680332
43	168	0.533907
43	169	0.516697
43	173	0.678664
43	178	0.679861
44	23	1.39556
44	60	1.43408
44	83	1.26281
44	91	1.24775
44	103	1.3763
44	108	1.33087
44	110	1.29426
44	112	1.34793
44	142	0.482838
44	146	0.516962
44	148	1.33864
44	156	0.459631
44	161	0.6203
44	176	0.717788
44	177	0.741585
45	87	1.28499
45	101	1.371
45	116	1.33989
45	118	1.25148
45	119	1.30166
45	122	1.45191
45	132	1.38113
45	138	0.48339
45	150	0.547063
45	156	1.32987
45	162	0.549234
45	163	0.588528
45	166	0.678388
45	171	1.30207
45	176	0.692921
46	19	1.36793
46	34	1.38013
46	35	1.36069
46	54	1.28625
46	56	1.42394
46	61	1.25848
46	70	1.31338
46	85	1.27814
46	125	0.506421
46	134	1.31447
46	157	0.506854
46	161	0.572046
46	165	0.626569
46	174	0.589717
46	175	0.741708
47	21	1.39504
47	64	1.43599
47	93	1.33848
47	96	1.34318
47	99	1.36259
47	102	1.2935
47	126	0.67986
47	130	0.496083
47	141	0.614116
47	145	1.33464
47	147	0.554817
47	151	0.532285
47	154	1.31562
47	162	0.652725
47	164	1.18986
48	9	1.34796
48	14	1.35959
48	17	1.37576
48	41	1.402
48	62	1.25303
48	69	1.34724
48	82	1.22522
48	124	0.549341
48	127	1.34893
48	142	0.42367
48	149	1.35161
48	155	0.610942
48	173	0.650388
48	176	0.65862
48	178	0.651585
49	87	1.30347
49	101	1.38949
49	113	1.35368
49	114	1.35351
49	118	1.26997
49	119	1.32014
49	126	0.580238
49	134	1.35111
49	136	0.46265
49	151	0.432662
49	156	1.34835
49	165	0.653825
49	170	0.689302
49	171	1.32055
49	177	0.720587
50	7	1.40608
50	26	1.51938
50	29	1.33423
50	31	1.29943
50	53	1.16207
50	67	1.34013
50	72	1.20914
50	73	1.33984
50	132	0.467098
50	136	0.506988
50	138	0.531596
50	143	1.39117
50	155	0.69345
50	172	0.605961
50	178	0.734093
51	19	1.30066
51	32	1.70299
51	34	1.31287
51	35	1.29343
51	54	1.21899
51	56	1.35668
51	58	1.34835
51	70	1.24612
51	85	1.21088
51	127	0.431212
51	129	0.526219
51	153	0.525755
51	167	0.721191
51	172	0.592587
51	179	0.731403
52	2	1.40036
52	5	1.20895
52	38	1.38632
52	89	1.38073
52	92	1.22633
52	98	1.28797
52	100	1.34965
52	116	1.34018
52	126	0.515378
52	130	1.42508
52	155	0.584252
52	161	0.534442
52	164	0.57789
52	170	0.624442
52	180	0.69947
53	1	1.34007
53	7	1.23887
53	26	1.35218
53	29	1.16702
53	31	1.13223
53	50	1.16207
53	67	1.17293
53	72	1.04194
53	73	1.17264
53	133	0.563907
53	143	1.22397
53	152	0.685059
53	162	0.682939
53	167	0.820062
53	172	0.691459
54	11	1.10197
54	32	1.76552
54	35	1.35596
54	46	1.28625
54	51	1.21899
54	56	1.41921
54	61	1.25375
54	70	1.30866
54	85	1.27341
54	133	0.526142
54	143	0.569088
54	147	0.547266
54	168	0.635872
54	169	0.618662
54	171	0.634689
55	6	1.40415
55	16	1.24305
55	42	1.27539
55	65	1.29954
55	71	1.40926
55	80	1.27852
55	133	1.4201
55	140	0.628511
55	142	0.543436
55	151	1.40314
55	156	0.520229
55	158	0.538128
55	161	0.680898
55	171	0.624214
55	172	1.27675
56	11	1.23965
56	35	1.49364
56	46	1.42394
56	51	1.35668
56	54	1.41921
56	58	1.54856
56	70	1.44634
56	85	1.41109
56	134	1.44743
56	135	0.469104
56	168	0.472427
56	170	0.617929
56	171	0.471244
56	174	0.5456
56	176	0.625416
56	179	0.629065
57	27	1.25159
57	78	1.24532
57	104	0.538259
57	106	1.28433
57	111	1.33743
57	115	1.21195
57	117	1.21246
57	120	1.31291
57	127	0.499438
57	129	0.594445
57	131	1.29477
57	138	0.58645
57	148	1.28075
57	149	1.32698
57	168	0.642992
57	180	0.863521
58	11	1.23132
58	34	1.50475
58	35	1.48532
58	51	1.34835
58	56	1.54856
58	61	1.38311
58	70	1.43801
58	85	1.40276
58	134	1.4391
58	156	0.392621
58	159	0.443212
58	164	0.596737
58	165	0.607813
58	166	0.636245
58	171	0.496605
58	179	0.654426
59	24	1.3919
59	40	1.50536
59	68	1.42821
59	74	1.44465
59	76	1.37782
59	79	1.38178
59	131	1.44195
59	137	1.39129
59	144	0.554445
59	145	1.41938
59	154	0.482191
59	158	0.414172
59	161	0.556942
59	172	0.519263
59	178	0.647395
59	179	0.658079
60	44	1.43408
60	83	1.36451
60	91	1.34946
60	94	1.45958
60	95	1.45602
60	103	1.47801
60	108	1.43257
60	110	1.39596
60	112	1.44964
60	136	0.436338
60	146	0.469651
60	154	0.498238
60	161	0.572989
60	163	0.566084
60	174	0.590661
60	177	0.694274
61	11	1.07419
61	19	1.33542
61	34	1.34763
61	35	1.32819
61	46	1.25848
61	54	1.25375
61	58	1.38311
61	70	1.28088
61	85	1.24564
61	134	1.28197
61	146	0.495708
61	168	0.543544
61	171	0.542361
61	173	0.688302
61	175	0.768708
61	179	0.700182
62	14	1.34676
62	20	1.12258
62	37	1.17038
62	41	1.38917
62	48	1.25303
62	69	1.3344
62	82	1.21239
62	84	1.29727
62	127	1.3361
62	128	0.542445
62	141	0.599658
62	149	1.33878
62	152	0.640386
62	158	0.541696
62	168	0.628965
62	170	0.774466
63	77	1.4152
63	87	1.40116
63	113	1.45137
63	114	1.4512
63	118	1.36766
63	119	1.41783
63	121	0.523668
63	126	0.63727
63	127	0.457279
63	134	1.44879
63	143	0.534048
63	151	0.489695
63	156	1.44604
63	157	0.591142
63	169	0.583623
63	171	1.41824
64	47	1.43599
64	75	1.4632
64	84	1.44242
64	93	1.43299
64	96	1.43769
64	99	1.4571
64	109	0.39791
64	140	0.553889
64	143	0.48399
64	144	0.603779
64	145	1.42915
64	153	0.501765
64	154	1.41013
64	160	0.581595
64	164	1.28437
64	178	0.696729
65	6	1.35596
65	8	1.17874
65	16	1.19486
65	42	1.2272
65	55	1.29954
65	71	1.36107
65	80	1.23033
65	109	0.501713
65	127	0.511024
65	133	1.37192
65	151	1.35496
65	156	0.54941
65	163	0.703174
65	167	0.801003
65	168	0.654578
65	172	1.22856
66	43	1.27712
66	86	1.28281
66	88	1.23066
66	106	1.28406
66	111	1.33716
66	115	1.21167
66	117	1.21218
66	120	1.31263
66	148	1.28048
66	149	1.32671
66	154	0.52839
66	158	0.460371
66	165	0.657664
66	170	0.693142
66	176	0.700629
66	179	0.704278
67	1	1.51813
67	7	1.41694
67	26	1.53024
67	29	1.34509
67	50	1.34013
67	53	1.17293
67	72	1.22
67	73	1.3507
67	97	1.32149
67	104	0.512887
67	123	0.590545
67	143	1.40203
67	146	0.569783
67	147	0.529014
67	153	0.56861
67	162	0.626922
67	168	0.617619
68	10	1.39503
68	13	1.48438
68	39	1.25121
68	40	1.4226
68	59	1.42821
68	76	1.29506
68	79	1.29903
68	130	0.464163
68	131	1.35919
68	132	0.490462
68	137	1.30854
68	145	1.33662
68	150	0.618634
68	159	0.556927
68	163	0.660099
68	168	0.611503
68	171	0.61032
69	9	1.42934
69	14	1.44097
69	20	1.21679
69	37	1.26459
69	48	1.34724
69	62	1.3344
69	82	1.3066
69	84	1.39148
69	104	0.502621
69	107	0.63086
69	123	0.580279
69	127	1.43031
69	128	0.520835
69	130	0.460014
69	146	0.559517
69	149	1.43299
69	167	0.753779
70	11	1.12909
70	32	1.79265
70	46	1.31338
70	51	1.24612
70	54	1.30866
70	56	1.44634
70	58	1.43801
70	61	1.28088
70	85	1.30054
70	132	0.465241
70	133	0.476552
70	134	1.33687
70	151	0.475145
70	153	0.537272
70	170	0.731784
70	172	0.604104
70	178	0.732237
71	8	1.28846
71	15	1.27454
71	16	1.30458
71	42	1.33692
71	55	1.40926
71	65	1.36107
71	80	1.34005
71	126	0.59245
71	133	1.48164
71	136	0.474862
71	142	0.474052
71	144	0.609016
71	151	1.46468
71	153	0.507002
71	155	0.661324
71	172	1.33828
71	176	0.709001
72	1	1.38714
72	7	1.28595
72	26	1.39925
72	29	1.2141
72	31	1.1793
72	50	1.20914
72	53	1.04194
72	67	1.22
72	73	1.21971
72	97	1.1905
72	126	0.645114
72	136	0.527526
72	143	1.27105
72	144	0.661681
72	154	0.589427
72	178	0.754631
72	179	0.765314
73	1	1.51784
73	7	1.41665
73	26	1.52995
73	29	1.3448
73	50	1.33984
73	53	1.17264
73	67	1.3507
73	72	1.21971
73	97	1.3212
73	123	0.55624
73	141	0.554008
73	142	0.501354
73	143	1.40175
73	146	0.535478
73	157	0.573623
73	158	0.496046
73	180	0.803844
74	39	1.26765
74	59	1.44465
74	79	1.31547
74	95	1.3773
74	110	1.31724
74	112	1.37092
74	124	0.608906
74	126	0.601634
74	128	0.478677
74	131	1.37563
74	133	0.455466
74	139	1.39915
74	145	1.35306
74	148	1.36162
74	150	0.572327
74	159	0.51062
74	180	0.785726
75	18	1.4228
75	30	1.33695
75	64	1.4632
75	93	1.36569
75	96	1.37039
75	99	1.3898
75	102	1.32071
75	123	0.489999
75	144	0.570078
75	145	1.36184
75	154	1.34283
75	162	0.526376
75	164	1.21707
75	166	0.65553
75	169	0.499864
75	174	0.590247
75	177	0.69386
76	10	1.34463
76	13	1.43398
76	24	1.25875
76	39	1.20082
76	40	1.37221
76	59	1.37782
76	68	1.29506
76	79	1.24863
76	90	0.615465
76	127	0.482094
76	131	1.3088
76	133	0.515918
76	137	1.25814
76	141	0.596342
76	145	1.28623
76	160	0.656468
76	164	0.724597
76	168	0.625648
77	12	1.36418
77	63	1.4152
77	87	1.25674
77	101	1.34275
77	113	1.30695
77	114	1.30678
77	118	1.22323
77	119	1.2734
77	132	1.35288
77	142	0.447563
77	150	0.536654
77	156	1.30162
77	160	0.560343
77	161	0.585025
77	166	0.66798
77	171	1.27382
77	175	0.754687
77	176	0.682512
78	43	1.30611
78	57	1.24532
78	86	1.3118
78	106	1.31305
78	111	1.36615
78	115	1.24066
78	117	1.24117
78	120	1.34162
78	121	0.48944
78	131	1.32348
78	148	1.30947
78	149	1.3557
78	154	0.547355
78	156	0.461437
78	157	0.556913
78	174	0.639777
78	177	0.743391
78	180	0.787134
79	13	1.43795
79	24	1.26272
79	39	1.20478
79	40	1.37618
79	59	1.38178
79	68	1.29903
79	74	1.31547
79	76	1.24863
79	131	1.31276
79	137	1.26211
79	143	0.501723
79	145	1.2902
79	151	0.457369
79	160	0.599327
79	170	0.714009
79	171	0.567324
79	174	0.64168
79	177	0.745294
80	6	1.33494
80	8	1.15772
80	15	1.1438
80	16	1.17385
80	36	1.44259
80	42	1.20619
80	55	1.27852
80	65	1.23033
80	71	1.34005
80	133	1.3509
80	135	0.638358
80	139	0.570001
80	140	0.644796
80	151	1.33394
80	154	0.622432
80	157	0.63199
80	163	0.690277
80	169	0.624472
80	172	1.20754
81	23	1.33638
81	28	1.25684
81	83	1.20363
81	90	0.614728
81	91	1.18858
81	94	1.2987
81	95	1.29514
81	103	1.31713
81	104	0.520179
81	108	1.27169
81	110	1.23508
81	112	1.28876
81	123	0.597837
81	137	1.24282
81	148	1.27946
81	152	0.636333
81	156	0.519744
81	166	0.763368
81	170	0.770413
82	9	1.30733
82	14	1.31896
82	17	1.33512
82	20	1.09477
82	37	1.14258
82	41	1.36136
82	48	1.22522
82	62	1.21239
82	69	1.3066
82	84	1.26947
82	127	1.30829
82	130	0.507337
82	141	0.62537
82	146	0.60684
82	149	1.31097
82	152	0.666098
82	156	0.549509
82	162	0.663979
82	173	0.799434
83	28	1.24645
83	44	1.26281
83	60	1.36451
83	81	1.20363
83	91	1.17819
83	94	1.28832
83	95	1.28475
83	103	1.30674
83	108	1.2613
83	110	1.22469
83	112	1.27837
83	132	0.486723
83	139	1.30661
83	147	0.519159
83	164	0.706714
83	169	0.590555
83	171	0.606581
83	173	0.752522
83	179	0.764402
84	9	1.3922
84	37	1.22745
84	62	1.29727
84	64	1.44242
84	69	1.39148
84	82	1.26947
84	93	1.34491
84	99	1.36902
84	128	0.505461
84	129	0.543434
84	136	0.51083
84	145	1.34107
84	149	1.39585
84	154	1.32205
84	157	0.582289
84	160	0.6228
84	164	1.19629
84	171	0.590797
84	172	0.609802
84	176	0.744969
85	11	1.09385
85	19	1.35508
85	32	1.75741
85	34	1.36728
85	46	1.27814
85	51	1.21088
85	54	1.27341
85	56	1.41109
85	58	1.40276
85	61	1.24564
85	70	1.30054
85	134	1.30163
85	143	0.517522
85	151	0.473169
85	158	0.497038
85	167	0.730731
85	168	0.584306
85	169	0.567097
85	172	0.602128
85	176	0.737295
86	27	1.31807
86	33	1.31062
86	66	1.28281
86	78	1.3118
86	88	1.29741
86	106	1.35081
86	111	1.40391
86	115	1.27842
86	117	1.27893
86	120	1.37938
86	127	0.483846
86	130	0.48006
86	144	0.680404
86	148	1.34723
86	149	1.39346
86	151	0.516262
86	158	0.540131
86	163	0.675996
86	171	0.626217
86	174	0.700573
87	45	1.28499
87	49	1.30347
87	63	1.40116
87	77	1.25674
87	101	1.32871
87	113	1.29291
87	114	1.29274
87	118	1.20919
87	119	1.25936
87	132	1.33883
87	134	1.29033
87	139	0.514429
87	143	0.519326
87	156	1.28758
87	157	0.576419
87	159	0.531534
87	165	0.696134
87	171	1.25978
87	172	0.603932
87	174	0.659283
87	180	0.80664
88	4	1.32323
88	27	1.26592
88	33	1.25847
88	66	1.23066
88	86	1.29741
88	106	1.29866
88	111	1.35176
88	115	1.22627
88	117	1.22678
88	120	1.32723
88	125	0.573307
88	131	1.30909
88	132	0.46239
88	138	0.526889
88	143	0.516647
88	148	1.29508
88	149	1.34131
88	155	0.688742
88	165	0.693455
88	166	0.721887
88	179	0.740069
89	5	1.26182
89	22	1.42918
89	36	1.55473
89	38	1.43919
89	52	1.38073
89	92	1.2792
89	98	1.34084
89	100	1.40252
89	102	1.33956
89	116	1.39305
89	122	1.50506
89	123	0.491686
89	125	0.508637
89	130	1.47795
89	139	0.44708
89	142	0.4368
89	150	0.525891
89	163	0.567356
89	167	0.665186
89	177	0.695547
89	178	0.664715
90	1	0.55431
90	2	0.463431
90	16	0.702323
90	76	0.615465
90	81	0.614728
90	106	0.574954
90	126	1.26262
90	134	0.493645
90	147	1.35861
90	150	1.26242
90	151	1.37445
90	152	1.25067
90	164	1.16429
90	166	1.1744
90	167	1.15011
90	173	1.14447
90	176	1.14593
90	177	1.1295
90	178	1.13888
90	179	1.14366
90	180	1.09068
91	23	1.31094
91	44	1.24775
91	60	1.34946
91	81	1.18858
91	83	1.17819
91	94	1.27326
91	95	1.2697
91	103	1.29169
91	108	1.24625
91	110	1.20964
91	112	1.26332
91	124	0.73301
91	128	0.602781
91	130	0.54196
91	137	1.21737
91	139	1.29155
91	142	0.60734
91	147	0.600694
91	148	1.25402
91	156	0.584132
91	158	0.602031
91	173	0.834057
92	2	1.29883
92	5	1.10743
92	22	1.27479
92	25	1.19976
92	36	1.40033
92	38	1.28479
92	52	1.22633
92	89	1.2792
92	98	1.18645
92	100	1.24812
92	102	1.18516
92	116	1.23866
92	121	0.55215
92	122	1.35067
92	130	1.32356
92	147	0.540709
92	154	0.610065
92	159	0.574739
92	168	0.629315
92	172	0.647137
92	174	0.702488
92	180	0.849844
93	3	1.48967
93	18	1.3926
93	21	1.39204
93	30	1.30675
93	47	1.33848
93	64	1.43299
93	75	1.36569
93	84	1.34491
93	96	1.34018
93	99	1.35959
93	124	0.631282
93	135	0.584249
93	145	1.33164
93	146	0.539735
93	150	0.594703
93	152	0.598994
93	153	0.538562
93	154	1.31262
93	156	0.482404
93	161	0.643073
93	164	1.18686
93	168	0.587572
94	28	1.34152
94	60	1.45958
94	81	1.2987
94	83	1.28832
94	91	1.27326
94	95	1.37982
94	103	1.40181
94	108	1.35637
94	110	1.31976
94	112	1.37344
94	129	0.578407
94	130	0.479614
94	137	1.3275
94	139	1.40168
94	140	0.630068
94	148	1.36414
94	151	0.515816
94	153	0.577944
94	154	0.607704
94	156	0.521786
94	162	0.636256
94	172	0.644776
95	60	1.45602
95	74	1.3773
95	81	1.29514
95	83	1.28475
95	91	1.2697
95	94	1.37982
95	103	1.39825
95	108	1.35281
95	110	1.3162
95	112	1.36988
95	128	0.466322
95	137	1.32393
95	139	1.39811
95	140	0.555956
95	143	0.486057
95	148	1.36058
95	151	0.441703
95	153	0.503831
95	162	0.562143
95	174	0.626014
95	175	0.778005
95	180	0.773371
96	3	1.49437
96	18	1.3973
96	21	1.39674
96	30	1.31145
96	47	1.34318
96	64	1.43769
96	75	1.37039
96	93	1.34018
96	99	1.3643
96	102	1.2952
96	121	0.514452
96	126	0.628055
96	136	0.510467
96	143	0.524833
96	145	1.33634
96	154	1.31732
96	155	0.696928
96	159	0.537041
96	160	0.622437
96	164	1.19157
96	169	0.574407
96	171	0.590434
97	26	1.50074
97	29	1.31558
97	31	1.28078
97	67	1.32149
97	72	1.1905
97	73	1.3212
97	101	1.35335
97	113	1.31755
97	114	1.31738
97	118	1.23383
97	119	1.284
97	121	0.496411
97	135	0.570252
97	143	1.37253
97	147	0.48497
97	151	0.462438
97	152	0.584997
97	155	0.678887
97	156	1.31222
97	165	0.6836
97	171	1.28442
97	178	0.71953
97	179	0.730213
98	2	1.36047
98	5	1.16907
98	22	1.33642
98	25	1.2614
98	36	1.46197
98	38	1.34643
98	52	1.28797
98	89	1.34084
98	92	1.18645
98	100	1.30976
98	102	1.2468
98	116	1.30029
98	122	1.41231
98	130	1.38519
98	132	0.553567
98	133	0.564878
98	142	0.592648
98	151	0.56347
98	156	0.569441
98	158	0.58734
98	159	0.620032
98	162	0.683911
98	169	0.657398
99	3	1.51378
99	18	1.41671
99	21	1.41615
99	30	1.33086
99	47	1.36259
99	64	1.4571
99	75	1.3898
99	84	1.36902
99	93	1.35959
99	96	1.3643
99	102	1.31461
99	109	0.438345
99	121	0.514045
99	125	0.581086
99	132	0.470169
99	145	1.35575
99	150	0.598341
99	153	0.5422
99	154	1.33673
99	157	0.581519
99	158	0.503941
99	163	0.639806
99	164	1.21097
99	180	0.811739
100	2	1.42215
100	5	1.23074
100	22	1.3981
100	25	1.32307
100	36	1.52365
100	38	1.40811
100	52	1.34965
100	89	1.40252
100	92	1.24812
100	98	1.30976
100	102	1.30848
100	116	1.36197
100	121	0.506145
100	122	1.47398
100	129	0.534763
100	130	1.44687
100	132	0.462269
100	133	0.473579
100	144	0.636314
100	155	0.688621
100	156	0.478142
100	158	0.496041
100	164	0.682259
100	173	0.728067
101	45	1.371
101	49	1.38949
101	77	1.34275
101	87	1.32871
101	97	1.35335
101	113	1.37892
101	114	1.37875
101	118	1.29521
101	119	1.34538
101	122	1.49563
101	132	1.42485
101	134	1.37634
101	142	0.461314
101	151	0.432137
101	156	1.37359
101	158	0.456006
101	161	0.598776
101	162	0.552577
101	165	0.653299
101	169	0.526065
101	171	1.34579
101	172	0.561097
101	173	0.688032
101	180	0.763804
102	2	1.35919
102	5	1.16778
102	25	1.26012
102	47	1.2935
102	75	1.32071
102	89	1.33956
102	92	1.18516
102	96	1.2952
102	98	1.2468
102	99	1.31461
102	100	1.30848
102	105	0.574538
102	122	1.41102
102	128	0.548489
102	129	0.586462
102	135	0.631685
102	145	1.28666
102	146	0.587171
102	154	1.26764
102	159	0.580432
102	161	0.690509
102	163	0.683604
102	164	1.14188
102	174	0.708181
103	28	1.35994
103	44	1.3763
103	60	1.47801
103	81	1.31713
103	83	1.30674
103	91	1.29169
103	94	1.40181
103	95	1.39825
103	108	1.3748
103	110	1.33819
103	112	1.39187
103	135	0.524276
103	137	1.34593
103	138	0.471057
103	139	1.4201
103	146	0.479763
103	148	1.38257
103	156	0.422431
103	157	0.517908
103	160	0.558419
103	170	0.673101
103	172	0.545421
103	175	0.752763
103	180	0.748129
104	8	0.670395
104	57	0.538259
104	67	0.512887
104	69	0.502621
104	81	0.520179
104	112	0.413398
104	113	0.457558
104	130	1.4694
104	131	0.420678
104	134	0.399096
104	140	1.32495
104	158	1.42906
104	159	1.33692
104	160	1.29214
104	162	1.31943
104	165	1.23727
104	166	1.23748
104	169	1.33353
104	173	1.20755
104	174	1.26282
104	175	1.16853
104	178	1.20196
104	179	1.20674
104	180	1.15376
105	7	0.505936
105	29	0.50262
105	102	0.574538
105	111	0.469152
105	116	0.476034
105	120	0.46604
105	135	1.35324
105	137	0.509807
105	144	1.27588
105	148	0.467647
105	149	0.484207
105	152	1.29757
105	153	1.38408
105	159	1.32075
105	160	1.27597
105	162	1.30326
105	168	1.30448
105	170	1.1936
105	173	1.19137
105	174	1.24665
105	175	1.15235
105	176	1.19283
105	177	1.1764
105	179	1.19057
105	180	1.13759
106	27	1.31932
106	33	1.31187
106	43	1.34512
106	57	1.28433
106	66	1.28406
106	78	1.31305
106	86	1.35081
106	88	1.29866
106	90	0.574954
106	111	1.40516
106	115	1.27967
106	117	1.28018
106	120	1.38063
106	131	1.36249
106	140	0.588252
106	142	0.503177
106	144	0.638142
106	146	0.537301
106	148	1.34848
106	149	1.39471
106	150	0.592268
106	153	0.536127
106	156	0.47997
106	160	0.615957
106	167	0.731562
107	7	0.589912
107	34	0.513006
107	37	0.641526
107	69	0.63086
107	108	0.581003
107	119	0.574559
107	120	0.550016
107	121	1.33719
107	124	1.23866
107	148	0.551623
107	150	1.22063
107	152	1.20887
107	154	1.24825
107	157	1.25215
107	158	1.32418
107	161	1.18854
107	163	1.17437
107	166	1.1326
107	170	1.1049
107	174	1.15795
107	175	1.06365
107	176	1.10413
107	178	1.09708
107	179	1.10187
107	180	1.04889
108	23	1.39405
108	28	1.3145
108	44	1.33087
108	60	1.43257
108	81	1.27169
108	83	1.2613
108	91	1.24625
108	94	1.35637
108	95	1.35281
108	103	1.3748
108	107	0.581003
108	110	1.29275
108	112	1.34643
108	124	0.601207
108	136	0.476347
108	137	1.30049
108	138	0.500955
108	139	1.37466
108	141	0.528191
108	148	1.33713
108	153	0.508487
108	162	0.5668
108	173	0.702255
108	174	0.63067
108	179	0.714135
109	5	0.584273
109	24	0.425861
109	39	0.595378
109	64	0.39791
109	65	0.501713
109	99	0.438345
109	115	0.464985
109	118	0.438231
109	135	1.42932
109	145	0.400487
109	146	1.4526
109	149	0.391813
109	150	1.38541
109	157	1.41692
109	158	1.48896
109	160	1.35204
109	161	1.35332
109	165	1.29717
109	170	1.26967
109	174	1.32273
109	175	1.22843
109	176	1.26891
109	177	1.25248
109	178	1.26186
109	180	1.21367
110	23	1.35744
110	28	1.27789
110	44	1.29426
110	60	1.39596
110	74	1.31724
110	81	1.23508
110	83	1.22469
110	91	1.20964
110	94	1.31976
110	95	1.3162
110	103	1.33819
110	108	1.29275
110	112	1.30982
110	133	0.46401
110	137	1.26388
110	139	1.33805
110	141	0.544434
110	142	0.49178
110	148	1.30052
110	155	0.679052
110	158	0.486472
110	162	0.583043
110	164	0.67269
110	174	0.646913
110	175	0.798904
110	179	0.730378
111	4	1.42973
111	27	1.37242
111	43	1.39822
111	57	1.33743
111	66	1.33716
111	78	1.36615
111	86	1.40391
111	88	1.35176
111	105	0.469152
111	106	1.40516
111	115	1.33277
111	117	1.33328
111	120	1.43373
111	125	0.519498
111	131	1.41559
111	148	1.40158
111	149	1.44781
111	150	0.536753
111	151	0.418484
111	153	0.480612
111	159	0.475046
111	164	0.628571
111	166	0.668079
111	169	0.512412
111	177	0.706409
111	178	0.675576
112	23	1.41112
112	28	1.33157
112	44	1.34793
112	60	1.44964
112	74	1.37092
112	81	1.28876
112	83	1.27837
112	91	1.26332
112	94	1.37344
112	95	1.36988
112	103	1.39187
112	104	0.413398
112	108	1.34643
112	110	1.30982
112	137	1.31756
112	139	1.39173
112	146	0.470294
112	147	0.429525
112	148	1.3542
112	152	0.529552
112	157	0.50844
112	165	0.628155
112	169	0.500921
112	175	0.743295
112	176	0.67112
112	178	0.664085
112	180	0.73866
113	12	1.40034
113	49	1.35368
113	63	1.45137
113	77	1.30695
113	87	1.29291
113	97	1.31755
113	101	1.37892
113	104	0.457558
113	114	1.34295
113	116	1.34781
113	118	1.2594
113	119	1.30957
113	122	1.45982
113	132	1.38904
113	134	1.34054
113	139	0.49061
113	146	0.514454
113	147	0.473685
113	156	1.33779
113	160	0.59311
113	163	0.610886
113	164	0.66124
113	165	0.672315
113	168	0.56229
113	169	0.545081
113	171	1.30998
113	178	0.708245
114	12	1.40018
114	49	1.35351
114	63	1.4512
114	77	1.30678
114	87	1.29274
114	97	1.31738
114	101	1.37875
114	113	1.34295
114	116	1.34764
114	118	1.25923
114	119	1.3094
114	122	1.45965
114	125	0.552694
114	132	1.38888
114	134	1.34037
114	135	0.559494
114	136	0.481667
114	139	0.491137
114	141	0.533511
114	150	0.569949
114	151	0.45168
114	156	1.33762
114	163	0.611413
114	170	0.708319
114	171	1.30982
114	173	0.707575
114	176	0.715807
115	4	1.30424
115	10	1.32594
115	27	1.24693
115	33	1.23948
115	43	1.27273
115	57	1.21195
115	66	1.21167
115	78	1.24066
115	86	1.27842
115	88	1.22627
115	106	1.27967
115	109	0.464985
115	111	1.33277
115	117	1.20779
115	120	1.30824
115	129	0.569303
115	131	1.2901
115	144	0.670854
115	148	1.27609
115	149	1.32232
115	150	0.624981
115	153	0.56884
115	157	0.608159
115	159	0.563274
115	166	0.756306
115	169	0.60064
115	176	0.770839
116	22	1.38864
116	38	1.39864
116	45	1.33989
116	52	1.34018
116	89	1.39305
116	92	1.23866
116	98	1.30029
116	100	1.36197
116	105	0.476034
116	113	1.34781
116	114	1.34764
116	118	1.2641
116	119	1.31427
116	122	1.46452
116	125	0.526381
116	130	1.43741
116	133	0.426774
116	139	0.464824
116	151	0.425367
116	155	0.641816
116	156	1.34248
116	161	0.592006
116	167	0.68293
116	171	1.31468
116	174	0.609678
116	176	0.689494
116	180	0.757034
117	4	1.30475
117	10	1.32645
117	27	1.24744
117	33	1.23999
117	43	1.27324
117	57	1.21246
117	66	1.21218
117	78	1.24117
117	86	1.27893
117	88	1.22678
117	106	1.28018
117	111	1.33328
117	115	1.20779
117	120	1.30876
117	131	1.29062
117	132	0.50666
117	133	0.51797
117	138	0.571158
117	148	1.2766
117	149	1.32283
117	150	0.634832
117	153	0.578691
117	158	0.540432
117	165	0.737725
117	168	0.627701
117	177	0.804487
117	178	0.773655
118	12	1.31663
118	45	1.25148
118	49	1.26997
118	63	1.36766
118	77	1.22323
118	87	1.20919
118	97	1.23383
118	101	1.29521
118	109	0.438231
118	113	1.2594
118	114	1.25923
118	116	1.2641
118	119	1.22586
118	122	1.37611
118	132	1.30533
118	134	1.25682
118	135	0.587773
118	138	0.534554
118	147	0.50249
118	154	0.571846
118	156	1.25407
118	161	0.646597
118	163	0.639692
118	167	0.737521
118	171	1.22627
118	175	0.81626
118	178	0.73705
119	12	1.3668
119	45	1.30166
119	49	1.32014
119	63	1.41783
119	77	1.2734
119	87	1.25936
119	97	1.284
119	101	1.34538
119	107	0.574559
119	113	1.30957
119	114	1.3094
119	116	1.31427
119	118	1.22586
119	122	1.42628
119	130	0.403713
119	132	1.3555
119	134	1.30699
119	136	0.469903
119	138	0.494511
119	143	0.484269
119	156	1.30424
119	160	0.581873
119	164	0.650002
119	165	0.661077
119	171	1.27644
119	173	0.69581
119	175	0.776217
119	179	0.707691
120	4	1.4052
120	10	1.4269
120	27	1.34789
120	33	1.34044
120	43	1.37369
120	57	1.31291
120	66	1.31263
120	78	1.34162
120	86	1.37938
120	88	1.32723
120	105	0.46604
120	106	1.38063
120	107	0.550016
120	111	1.43373
120	115	1.30824
120	117	1.30876
120	131	1.39107
120	132	0.40547
120	144	0.579515
120	148	1.37705
120	149	1.42328
120	152	0.537932
120	154	0.507261
120	157	0.51682
120	165	0.636535
120	171	0.525328
120	172	0.544333
120	175	0.751674
120	176	0.6795
121	63	0.523668
121	78	0.48944
121	92	0.55215
121	96	0.514452
121	97	0.496411
121	99	0.514045
121	100	0.506145
121	107	1.33719
121	122	0.405466
121	126	1.35127
121	137	0.493113
121	140	1.35052
121	144	1.31762
121	145	0.476187
121	149	0.467513
121	155	1.26672
121	158	1.45462
121	159	1.36249
121	163	1.30481
121	167	1.23876
121	168	1.34622
121	172	1.3367
121	173	1.23311
121	175	1.19409
121	176	1.23457
121	177	1.21814
121	178	1.22752
121	179	1.23231
121	180	1.17933
122	25	1.42562
122	38	1.51065
122	45	1.45191
122	89	1.50506
122	92	1.35067
122	98	1.41231
122	100	1.47398
122	101	1.49563
122	102	1.41102
122	113	1.45982
122	114	1.45965
122	116	1.46452
122	118	1.37611
122	119	1.42628
122	121	0.405466
122	126	0.519068
122	128	0.396111
122	130	1.54942
122	138	0.426088
122	143	0.415846
122	157	0.472939
122	162	0.491933
122	164	0.58158
122	168	0.48263
122	170	0.628132
122	171	1.42669
122	175	0.707794
122	176	0.635619
122	180	0.70316
123	6	0.480056
123	17	0.49416
123	26	0.430198
123	42	0.672039
123	67	0.590545
123	69	0.580279
123	73	0.55624
123	75	0.489999
123	81	0.597837
123	89	0.491686
123	128	1.43925
123	129	1.34573
123	145	0.526277
123	146	1.38018
123	150	1.31298
123	155	1.22864
123	157	1.3445
123	159	1.3244
123	161	1.2809
123	163	1.26672
123	165	1.22475
123	168	1.30814
123	170	1.19725
123	173	1.19503
123	174	1.2503
123	176	1.19649
123	177	1.18006
123	178	1.18944
123	179	1.19422
123	180	1.14125
124	9	0.478289
124	33	0.714819
124	36	0.502082
124	38	0.520697
124	48	0.549341
124	74	0.608906
124	91	0.73301
124	93	0.631282
124	107	1.23866
124	108	0.601207
124	131	0.56912
124	140	1.25199
124	141	1.32935
124	143	1.36182
124	144	1.21909
124	150	1.25254
124	155	1.16819
124	157	1.28406
124	163	1.20628
124	166	1.16452
124	167	1.14023
124	168	1.2477
124	170	1.13681
124	172	1.23817
124	174	1.18986
124	175	1.09557
124	177	1.11961
124	178	1.12899
124	179	1.13378
124	180	1.0808
125	29	0.552966
125	36	0.448249
125	46	0.506421
125	88	0.573307
125	89	0.508637
125	99	0.581086
125	111	0.519498
125	114	0.552694
125	116	0.526381
125	131	0.515286
125	140	1.31615
125	149	0.534554
125	152	1.30494
125	155	1.23235
125	156	1.36567
125	157	1.34821
125	158	1.42025
125	161	1.28461
125	165	1.22846
125	166	1.22867
125	167	1.20439
125	168	1.31185
125	171	1.33787
125	172	1.30233
125	175	1.15972
125	176	1.2002
125	177	1.18377
125	178	1.19315
125	179	1.19794
125	180	1.14496
126	1	0.600931
126	47	0.67986
126	49	0.580238
126	52	0.515378
126	63	0.63727
126	71	0.59245
126	72	0.645114
126	74	0.601634
126	90	1.26262
126	96	0.628055
126	121	1.35127
126	122	0.519068
126	132	1.33494
126	136	1.40096
126	138	1.36979
126	140	1.23416
126	144	1.20125
126	152	1.22295
126	165	1.14647
126	166	1.14668
126	167	1.1224
126	168	1.22986
126	169	1.24274
126	170	1.11897
126	173	1.11675
126	176	1.11821
126	177	1.10178
126	178	1.11116
126	179	1.11595
126	180	1.06297
127	3	0.438357
127	5	0.593584
127	12	0.483124
127	17	1.45883
127	20	1.21848
127	22	0.844317
127	31	0.371037
127	37	1.26628
127	39	0.604689
127	41	1.48507
127	48	1.34893
127	51	0.431212
127	57	0.499438
127	62	1.3361
127	63	0.457279
127	65	0.511024
127	69	1.43031
127	76	0.482094
127	82	1.30829
127	86	0.483846
127	146	1.40045
127	149	1.43468
127	160	1.29989
127	166	1.24523
127	169	1.34129
127	173	1.2153
127	175	1.17628
127	176	1.21676
127	178	1.20971
127	179	1.21449
127	180	1.16151
128	28	0.572147
128	32	0.357176
128	39	0.661723
128	62	0.542445
128	69	0.520835
128	74	0.478677
128	84	0.505461
128	91	0.602781
128	95	0.466322
128	102	0.548489
128	122	0.396111
128	123	1.43925
128	141	1.43759
128	144	1.32732
128	147	1.45697
128	149	0.458158
128	155	1.27643
128	160	1.32741
128	163	1.31451
128	165	1.27254
128	166	1.27275
128	167	1.24847
128	168	1.35593
128	169	1.36881
128	173	1.24282
128	174	1.2981
128	176	1.24428
128	177	1.22785
128	178	1.23723
128	179	1.24202
128	180	1.18904
129	27	0.537985
129	51	0.526219
129	57	0.594445
129	84	0.543434
129	94	0.578407
129	100	0.534763
129	102	0.586462
129	115	0.569303
129	123	1.34573
129	134	0.455282
129	140	1.2667
129	142	1.40471
129	143	1.37653
129	145	0.504805
129	146	1.33444
129	149	0.496131
129	155	1.1829
129	156	1.31622
129	157	1.29877
129	162	1.26118
129	166	1.17923
129	168	1.2624
129	169	1.27528
129	170	1.15152
129	172	1.25288
129	174	1.20457
129	176	1.15075
129	177	1.13432
129	178	1.1437
129	179	1.14849
129	180	1.09551
130	2	1.49758
130	10	0.373752
130	13	0.407671
130	16	0.565167
130	25	1.39851
130	33	0.523769
130	47	0.496083
130	52	1.42508
130	68	0.464163
130	69	0.460014
130	82	0.507337
130	86	0.48006
130	89	1.47795
130	91	0.54196
130	92	1.32356
130	94	0.479614
130	98	1.38519
130	100	1.44687
130	104	1.4694
130	116	1.43741
130	119	0.403713
130	122	1.54942
130	140	1.37786
130	145	0.406012
130	150	1.37841
130	155	1.29406
130	161	1.34632
130	170	1.26267
130	176	1.26191
130	178	1.25486
130	180	1.20667
131	13	1.49811
131	24	1.32288
131	39	1.26495
131	57	1.29477
131	59	1.44195
131	68	1.35919
131	74	1.37563
131	76	1.3088
131	78	1.32348
131	79	1.31276
131	88	1.30909
131	104	0.420678
131	106	1.36249
131	111	1.41559
131	115	1.2901
131	117	1.29062
131	120	1.39107
131	124	0.56912
131	125	0.515286
131	137	1.32227
131	142	0.44345
131	145	1.35036
131	148	1.35891
131	150	0.532541
131	160	0.55623
131	163	0.574006
131	168	0.52541
131	171	0.524227
131	172	0.543232
131	173	0.670168
131	175	0.750574
131	178	0.671365
132	1	0.443453
132	2	0.848873
132	28	0.537625
132	45	1.38113
132	50	0.467098
132	68	0.490462
132	70	0.465241
132	77	1.35288
132	83	0.486723
132	87	1.33883
132	88	0.46239
132	98	0.553567
132	99	0.470169
132	100	0.462269
132	101	1.42485
132	113	1.38904
132	114	1.38888
132	117	0.50666
132	118	1.30533
132	119	1.3555
132	120	0.40547
132	126	1.33494
132	139	1.42747
132	146	1.40193
132	160	1.30138
132	162	1.32867
132	165	1.24651
132	171	1.35591
132	174	1.27206
132	175	1.17777
132	176	1.21824
132	179	1.21598
132	180	1.163
133	6	1.47653
133	8	1.29931
133	15	1.28538
133	21	0.403678
133	42	1.34777
133	53	0.563907
133	54	0.526142
133	55	1.4201
133	65	1.37192
133	70	0.476552
133	71	1.48164
133	74	0.455466
133	76	0.515918
133	80	1.3509
133	98	0.564878
133	100	0.473579
133	110	0.46401
133	116	0.426774
133	117	0.51797
133	134	0.394098
133	147	1.45968
133	149	0.434947
133	151	1.47552
133	157	1.39501
133	161	1.33141
133	166	1.27547
133	169	1.37153
133	170	1.24776
133	172	1.34913
133	175	1.20652
133	178	1.23995
133	180	1.19176
134	11	1.13018
134	19	1.39142
134	32	1.79374
134	34	1.40362
134	46	1.31447
134	49	1.35111
134	56	1.44743
134	58	1.4391
134	61	1.28197
134	63	1.44879
134	70	1.33687
134	85	1.30163
134	87	1.29033
134	90	0.493645
134	101	1.37634
134	104	0.399096
134	113	1.34054
134	114	1.34037
134	118	1.25682
134	119	1.30699
134	129	0.455282
134	133	0.394098
134	140	0.506943
134	143	0.437044
134	152	0.51525
134	156	1.33521
134	164	0.602778
134	165	0.613853
134	166	0.642285
134	167	0.650254
134	171	1.30741
134	177	0.680615
134	178	0.649783
134	179	0.660467
135	6	0.503807
135	12	0.623354
135	40	0.491379
135	56	0.469104
135	80	0.638358
135	93	0.584249
135	97	0.570252
135	102	0.631685
135	103	0.524276
135	105	1.35324
135	109	1.42932
135	114	0.559494
135	118	0.587773
135	148	0.524794
135	152	1.26666
135	153	1.35317
135	156	1.32739
135	157	1.30994
135	158	1.38197
135	159	1.28984
135	160	1.24506
135	161	1.24633
135	163	1.23216
135	164	1.18029
135	165	1.19019
135	166	1.1904
135	167	1.16611
135	173	1.16047
135	175	1.12145
135	176	1.16192
135	177	1.14549
135	178	1.15487
135	179	1.15966
135	180	1.10668
136	1	0.483343
136	3	0.500761
136	13	0.473861
136	23	0.484456
136	49	0.46265
136	50	0.506988
136	60	0.436338
136	71	0.474862
136	72	0.527526
136	84	0.51083
136	96	0.510467
136	108	0.476347
136	114	0.481667
136	119	0.469903
136	126	1.40096
136	147	1.49695
136	150	1.40076
136	151	1.51279
136	152	1.389
136	156	1.44974
136	158	1.50432
136	160	1.3674
136	161	1.36868
136	162	1.39469
136	167	1.28845
136	168	1.39592
136	173	1.28281
136	174	1.33808
136	175	1.24379
136	176	1.28427
136	177	1.26784
136	178	1.27722
136	179	1.282
136	180	1.22902
137	10	1.35811
137	13	1.44746
137	24	1.27222
137	28	1.28563
137	39	1.21429
137	40	1.38568
137	59	1.39129
137	68	1.30854
137	76	1.25814
137	79	1.26211
137	81	1.24282
137	91	1.21737
137	94	1.3275
137	95	1.32393
137	103	1.34593
137	105	0.509807
137	108	1.30049
137	110	1.26388
137	112	1.31756
137	121	0.493113
137	131	1.32227
137	138	0.513736
137	139	1.34579
137	142	0.488317
137	143	0.503494
137	145	1.2997
137	148	1.30826
137	154	0.551028
137	155	0.675589
