1	10	0.817063
1	11	0.904418
1	22	0.832385
1	24	0.820578
1	32	0.879431
1	33	1.00264
1	104	0.75082
1	110	0.84513
1	135	0.827535
1	146	0.764543
1	149	2.01909
1	169	3.20281
2	23	1.30779
2	71	0.847612
2	88	0.904265
2	118	0.886185
2	150	0.825419
2	166	0.824072
2	170	0.84935
2	172	0.825267
2	173	0.844992
2	175	0.817478
2	176	0.815943
2	180	0.798546
3	8	0.894142
3	12	0.788167
3	15	0.891635
3	28	0.980083
3	35	0.865383
3	132	0.835006
3	144	0.838113
3	151	2.67088
3	153	0.785172
3	170	2.55849
3	174	0.770288
3	177	0.774131
4	34	0.942212
4	40	0.919257
4	53	0.982935
4	62	0.974604
4	65	1.03298
4	72	1.03298
4	108	1.34807
4	118	1.65371
4	160	2.47516
4	168	0.900199
4	178	0.912284
5	42	0.946344
5	46	0.957791
5	54	1.51225
5	58	0.933259
5	70	0.920261
5	79	0.981042
5	87	0.950687
5	112	2.69528
5	115	1.55084
5	159	0.874369
5	165	0.962798
5	179	0.897371
6	20	0.917358
6	40	0.884986
6	51	0.965021
6	53	0.948664
6	54	1.13701
6	62	0.940332
6	65	0.998706
6	72	0.998704
6	140	1.7312
6	168	0.865928
6	169	3.00795
6	178	0.878012
7	14	0.927292
7	23	1.02321
7	50	0.956629
7	60	0.941587
7	66	0.928446
7	73	0.928306
7	110	0.949446
7	167	3.54133
7	168	0.87048
7	177	1.01256
7	178	1.75352
7	179	0.897505
8	3	0.894142
8	12	0.891819
8	15	0.995287
8	19	0.907226
8	28	1.08374
8	35	0.969035
8	132	0.938658
8	142	2.43219
8	153	0.888824
8	171	2.78705
8	174	0.87394
8	177	0.877782
9	20	0.827112
9	34	0.817695
9	40	0.79474
9	51	0.874775
9	53	0.858418
9	62	0.850086
9	65	0.90846
9	72	0.908458
9	76	2.99075
9	162	2.27086
9	168	0.775682
9	178	0.787766
10	1	0.817063
10	11	0.899783
10	22	0.82775
10	24	0.815943
10	27	0.883566
10	32	0.874795
10	33	0.998001
10	104	0.746185
10	135	0.8229
10	143	2.44472
10	146	0.759908
10	178	2.88782
11	1	0.904418
11	10	0.899783
11	22	0.915105
11	27	0.970922
11	32	0.962151
11	33	1.08536
11	75	1.69283
11	110	0.92785
11	119	1.14508
11	135	0.910255
11	146	0.847263
11	171	3.04296
12	3	0.788167
12	8	0.891819
12	15	0.889312
12	28	0.97776
12	35	0.86306
12	132	0.832683
12	144	0.835789
12	153	0.782849
12	173	2.49065
12	174	0.767965
12	177	0.771807
12	179	2.56973
13	38	0.742371
13	124	0.767736
13	136	0.833592
13	143	0.771496
13	155	0.727239
13	158	0.723759
13	164	0.798318
13	165	2.74094
13	172	0.770619
13	174	0.755769
13	176	0.761295
13	180	0.743898
14	7	0.927292
14	16	0.83233
14	23	0.920174
14	50	0.853591
14	60	0.838549
14	66	0.825407
14	73	0.825268
14	116	0.848057
14	126	2.99097
14	162	2.18782
14	168	0.767442
14	179	0.794467
15	3	0.891635
15	8	0.995287
15	12	0.889312
15	28	1.08123
15	35	0.966528
15	122	1.37199
15	144	0.939257
15	153	0.886317
15	164	2.22002
15	172	2.32144
15	174	0.871433
15	177	0.875275
16	14	0.83233
16	36	0.906549
16	50	0.861667
16	60	0.846625
16	66	0.833484
16	73	0.833344
16	112	2.83741
16	132	0.859964
16	141	0.862785
16	149	2.34159
16	168	0.775518
16	179	0.802544
17	26	0.876182
17	31	0.964316
17	41	0.945093
17	43	0.939497
17	49	0.93923
17	115	1.06821
17	135	0.913776
17	141	0.939672
17	152	0.950322
17	164	2.08987
17	165	0.944857
17	174	2.82506
18	29	0.900064
18	42	0.841635
18	46	0.853082
18	74	0.813109
18	79	0.876333
18	86	0.863531
18	87	0.845978
18	148	1.10905
18	159	0.76966
18	165	0.858089
18	167	4.26656
18	179	0.792662
19	8	0.907226
19	72	0.177973
19	121	0.769426
19	148	0.951972
19	158	0.885427
19	162	0.934965
19	163	0.93733
19	164	0.959987
19	170	0.956371
19	171	0.919043
19	176	0.922964
19	180	0.905566
20	6	0.917358
20	9	0.827112
20	40	0.781118
20	51	0.861153
20	53	0.844796
20	62	0.836465
20	65	0.894839
20	72	0.894837
20	125	1.82477
20	129	3.32027
20	168	0.76206
20	178	0.774145
21	45	0.850379
21	55	0.849997
21	56	0.848935
21	57	0.861856
21	59	0.834688
21	81	0.875206
21	82	0.875206
21	154	0.864736
21	159	2.97296
21	169	0.768604
21	178	0.772419
21	179	2.158
22	1	0.832385
22	10	0.82775
22	11	0.915105
22	24	0.831265
22	27	0.898889
22	32	0.890118
22	104	0.761508
22	110	0.855818
22	135	0.838222
22	146	0.775231
22	156	2.438
22	177	2.79927
23	2	1.30779
23	7	1.02321
23	14	0.920174
23	36	0.994393
23	50	0.949511
23	60	0.934469
23	66	0.921328
23	73	0.921188
23	122	1.4575
23	161	2.37493
23	168	0.863363
23	179	0.890388
24	1	0.820578
24	10	0.815943
24	22	0.831265
24	27	0.887082
24	32	0.878311
24	33	1.00152
24	104	0.749701
24	110	0.84401
24	135	0.826415
24	142	2.45997
24	146	0.763423
24	176	2.87363
25	26	0.884237
25	31	0.972371
25	41	0.953148
25	43	0.947551
25	49	0.947285
25	135	0.92183
25	137	1.7026
25	140	1.85914
25	142	0.874545
25	152	0.958376
25	156	2.32148
25	165	0.952911
26	17	0.876182
26	25	0.884237
26	31	0.846319
26	41	0.827096
26	43	0.8215
26	49	0.821233
26	127	2.89294
26	135	0.795779
26	141	0.821675
26	142	0.748494
26	152	0.832325
26	165	0.82686
26	172	2.62252
27	10	0.883566
27	11	0.970922
27	22	0.898889
27	24	0.887082
27	32	0.945934
27	33	1.06914
27	104	0.817324
27	110	0.911634
27	135	0.894039
27	146	0.831047
27	174	2.00743
27	176	2.11724
27	178	2.37076
28	3	0.980083
28	8	1.08374
28	12	0.97776
28	15	1.08123
28	35	1.05498
28	110	1.01912
28	140	1.09612
28	151	0.972835
28	153	0.974765
28	167	3.75593
28	174	0.959881
28	175	1.52119
28	177	0.963723
29	18	0.900064
29	64	0.914665
29	70	0.894972
29	71	0.972349
29	74	0.892529
29	86	0.942951
29	87	0.925398
29	119	0.799471
29	147	2.1173
29	159	0.84908
29	165	0.937509
29	168	3.32096
29	179	0.872082
30	102	0.765558
30	114	0.720795
30	129	0.695002
30	150	0.708227
30	155	0.664695
30	158	0.661214
30	168	0.673496
30	171	0.694829
30	172	0.708075
30	173	0.727799
30	175	0.700285
30	176	0.698751
30	180	0.681353
31	17	0.964316
31	25	0.972371
31	26	0.846319
31	41	0.91523
31	43	0.909634
31	49	0.909367
31	138	3.15468
31	141	0.909809
31	142	0.836628
31	149	1.44055
31	152	0.920459
31	164	1.81358
31	165	0.914994
32	1	0.879431
32	10	0.874795
32	11	0.962151
32	22	0.890118
32	24	0.878311
32	27	0.945934
32	33	1.06037
32	76	2.40925
32	110	0.902863
32	127	2.17817
32	135	0.885268
32	146	0.822276
32	151	1.90957
33	1	1.00264
33	10	0.998001
33	11	1.08536
33	24	1.00152
33	27	1.06914
33	32	1.06037
33	104	0.931759
33	134	0.714189
33	135	1.00847
33	146	0.945482
33	160	1.61115
33	166	2.14734
33	174	2.47084
34	4	0.942212
34	9	0.817695
34	40	0.771701
34	51	0.851736
34	53	0.835379
34	62	0.827047
34	65	0.885421
34	72	0.885419
34	112	0.767003
34	155	4.48137
34	168	0.752643
34	170	1.18876
34	178	0.764727
35	3	0.865383
35	8	0.969035
35	12	0.86306
35	15	0.966528
35	28	1.05498
35	38	3.9
35	104	1.5104
35	110	0.904419
35	139	3.22392
35	144	0.913005
35	153	0.860064
35	174	0.845181
35	177	0.849023
36	16	0.906549
36	23	0.994393
36	50	0.927809
36	60	0.912767
36	66	0.899626
36	73	0.899486
36	88	1.08651
36	132	0.926106
36	138	3.16493
36	141	0.928927
36	159	2.42196
36	168	0.84166
36	179	0.868686
37	45	0.839898
37	52	0.835374
37	55	0.839516
37	56	0.838455
37	59	0.824207
37	81	0.864725
37	82	0.864725
37	144	0.837406
37	152	0.847771
37	153	2.34593
37	169	0.758123
37	177	3.14208
37	178	0.761939
38	13	0.742371
38	35	3.9
38	117	0.772862
38	118	0.812457
38	143	0.752416
38	145	0.766914
38	151	0.764235
38	156	0.767285
38	161	0.772214
38	171	0.738294
38	175	0.74375
38	176	0.742215
38	180	0.724818
39	45	0.89892
39	56	0.897476
39	57	0.910397
39	59	0.883229
39	81	0.923747
39	82	0.923747
39	144	0.896428
39	151	2.49524
39	152	0.906793
39	154	0.913277
39	157	1.96167
39	169	0.817145
39	173	2.09609
39	178	0.82096
40	4	0.919257
40	6	0.884986
40	9	0.79474
40	20	0.781118
40	34	0.771701
40	51	0.828781
40	53	0.812424
40	62	0.804093
40	65	0.862467
40	72	0.862465
40	148	2.46102
40	168	0.729688
40	175	3.3838
40	178	0.741773
41	17	0.945093
41	25	0.953148
41	26	0.827096
41	31	0.91523
41	43	0.890411
41	49	0.890145
41	111	1.23463
41	118	1.78447
41	126	3.41661
41	135	0.86469
41	141	0.890586
41	142	0.817405
41	152	0.901236
41	165	0.895771
42	5	0.946344
42	18	0.841635
42	46	0.874073
42	58	0.84954
42	68	0.918573
42	71	0.91392
42	74	0.8341
42	79	0.897324
42	86	0.884521
42	87	0.866969
42	122	1.33115
42	143	2.10526
42	165	0.87908
42	167	4.33618
42	179	0.813653
43	17	0.939497
43	25	0.947551
43	26	0.8215
43	31	0.909634
43	41	0.890411
43	49	0.884548
43	85	0.763652
43	131	2.16862
43	135	0.859093
43	141	0.884989
43	142	0.811808
43	152	0.895639
43	153	2.11711
43	165	0.890175
43	170	2.54656
44	80	0.918149
44	89	0.886091
44	90	1.66779
44	91	0.885503
44	93	0.917938
44	94	0.870835
44	95	0.87067
44	96	0.873626
44	97	0.911795
44	98	0.911923
44	165	0.890757
44	166	2.80609
44	167	0.774634
44	177	0.821875
44	179	2.17757
45	21	0.850379
45	37	0.839898
45	39	0.89892
45	52	0.886194
45	55	0.890336
45	57	0.902195
45	59	0.875027
45	81	0.915545
45	82	0.915545
45	111	1.49201
45	113	2.5646
45	154	0.905075
45	169	0.808942
45	173	2.6919
45	178	0.812758
46	5	0.957791
46	18	0.853082
46	42	0.874073
46	58	0.860988
46	63	1.08847
46	64	0.867683
46	68	0.93002
46	70	0.84799
46	74	0.845547
46	86	0.895969
46	87	0.878416
46	146	3.55456
46	153	2.15664
46	165	0.890527
46	179	0.8251
47	60	1.09327
47	65	0.354854
47	66	0.771958
47	115	0.925745
47	136	0.930202
47	148	0.886913
47	160	0.89037
47	161	0.887904
47	162	0.869906
47	166	0.866034
47	167	0.80898
47	172	0.867229
47	175	0.85944
47	176	0.857906
47	180	0.840508
48	78	0.850695
48	92	0.87801
48	103	0.856662
48	104	0.781699
48	106	0.890836
48	120	0.915196
48	121	0.952806
48	123	0.905357
48	128	0.892334
48	130	0.878308
48	133	0.879636
48	144	0.884594
48	170	2.23493
48	177	2.60163
48	179	2.02725
49	17	0.93923
49	25	0.947285
49	26	0.821233
49	31	0.909367
49	41	0.890145
49	43	0.884548
49	85	0.763385
49	126	2.29243
49	135	0.858827
49	141	0.884723
49	142	0.811542
49	152	0.895373
49	165	0.889908
49	171	2.39243
49	175	2.25784
50	7	0.956629
50	14	0.853591
50	16	0.861667
50	23	0.949511
50	36	0.927809
50	60	0.867886
50	66	0.854744
50	73	0.854605
50	83	2.77514
50	110	0.875745
50	125	1.24655
50	132	0.881224
50	168	0.796779
50	176	2.97526
50	179	0.823804
51	6	0.965021
51	9	0.874775
51	20	0.861153
51	34	0.851736
51	40	0.828781
51	53	0.892459
51	62	0.884128
51	65	0.942502
51	72	0.9425
51	112	0.824083
51	142	2.32908
51	145	1.98705
51	168	0.809723
51	176	2.74274
51	178	0.821808
52	37	0.835374
52	45	0.886194
52	55	0.885812
52	56	0.88475
52	57	0.897671
52	59	0.870503
52	81	0.911021
52	82	0.911021
52	131	1.86035
52	142	2.67877
52	147	2.45357
52	152	0.894067
52	154	0.900551
52	169	0.804418
52	178	0.808234
53	4	0.982935
53	6	0.948664
53	9	0.858418
53	20	0.844796
53	34	0.835379
53	40	0.812424
53	51	0.892459
53	62	0.867771
53	65	0.926145
53	72	0.926143
53	101	2.60434
53	122	1.83308
53	153	2.24251
53	168	0.793366
53	178	0.805451
54	5	1.51225
54	6	1.13701
54	75	0.90489
54	97	1.08428
54	118	0.921691
54	134	0.931291
54	145	0.876148
54	156	0.876518
54	164	0.888472
54	171	0.847527
54	172	0.860773
54	175	0.852983
54	176	0.851449
54	179	0.85322
54	180	0.834051
55	21	0.849997
55	37	0.839516
55	45	0.890336
55	52	0.885812
55	56	0.888893
55	59	0.874645
55	81	0.915163
55	82	0.915163
55	129	3.14321
55	134	1.50996
55	152	0.898209
55	154	0.904694
55	157	2.10109
55	169	0.808561
55	178	0.812377
56	21	0.848935
56	37	0.838455
56	39	0.897476
56	52	0.88475
56	55	0.888893
56	57	0.900752
56	59	0.873583
56	81	0.914101
56	82	0.914101
56	136	1.22404
56	154	0.903632
56	159	2.73169
56	169	0.807499
56	174	2.86875
56	178	0.811315
57	21	0.861856
57	39	0.910397
57	45	0.902195
57	52	0.897671
57	56	0.900752
57	77	1.61677
57	81	0.927022
57	82	0.927022
57	127	1.29702
57	144	0.899704
57	152	0.910068
57	158	3.85298
57	169	0.82042
57	178	0.824236
58	5	0.933259
58	42	0.84954
58	46	0.860988
58	64	0.84315
58	68	0.905488
58	70	0.823458
58	71	0.900835
58	74	0.821015
58	79	0.884238
58	86	0.871436
58	87	0.853884
58	88	1.53789
58	119	1.77307
58	165	0.865995
58	174	3.61995
58	179	0.800568
59	21	0.834688
59	37	0.824207
59	39	0.883229
59	45	0.875027
59	52	0.870503
59	55	0.874645
59	56	0.873583
59	75	2.53835
59	81	0.899854
59	82	0.899854
59	84	1.76904
59	144	0.872535
59	152	0.8829
59	153	2.66371
59	169	0.793251
59	178	0.797067
60	7	0.941587
60	14	0.838549
60	16	0.846625
60	23	0.934469
60	36	0.912767
60	47	1.09327
60	50	0.867886
60	66	0.839703
60	73	0.839563
60	110	0.860703
60	116	0.862352
60	137	2.0554
60	141	0.869004
60	166	3.08968
60	168	0.781737
60	179	0.808762
61	89	0.446536
61	96	1.2548
61	110	0.978073
61	117	0.860543
61	118	0.900138
61	122	0.930823
61	136	0.902193
61	140	0.895017
61	159	0.808664
61	162	0.841897
61	164	0.866919
61	170	0.863303
61	173	0.858944
61	175	0.831431
61	176	0.829896
61	180	0.812498
62	4	0.974604
62	6	0.940332
62	9	0.850086
62	20	0.836465
62	34	0.827047
62	40	0.804093
62	51	0.884128
62	53	0.867771
62	65	0.917813
62	72	0.917811
62	112	0.799395
62	115	1.77264
62	162	2.67734
62	168	0.785035
62	178	0.797119
62	179	2.57747
63	46	1.08847
63	84	0.965923
63	98	0.520811
63	123	0.734454
63	129	0.916009
63	149	0.965026
63	157	0.95668
63	158	0.882221
63	160	0.952222
63	164	0.95678
63	165	0.0980746
63	169	0.902771
63	170	0.953165
63	171	0.915836
63	176	0.919757
63	180	0.90236
64	29	0.914665
64	46	0.867683
64	58	0.84315
64	68	0.912183
64	70	0.830153
64	71	0.90753
64	74	0.82771
64	79	0.890934
64	86	0.878131
64	87	0.860579
64	131	1.46971
64	159	0.784261
64	165	0.87269
64	168	3.26659
64	175	2.50839
64	179	0.807263
65	4	1.03298
65	6	0.998706
65	9	0.90846
65	20	0.894839
65	34	0.885421
65	40	0.862467
65	47	0.354854
65	51	0.942502
65	53	0.926145
65	62	0.917813
65	72	0.976185
65	112	0.857769
65	140	1.47353
65	146	2.89891
65	168	0.843409
65	169	2.75028
65	178	0.855493
66	7	0.928446
66	14	0.825407
66	16	0.833484
66	23	0.921328
66	36	0.899626
66	47	0.771958
66	50	0.854744
66	60	0.839703
66	73	0.826421
66	110	0.847562
66	116	0.84921
66	132	0.853041
66	141	0.855863
66	147	2.56282
66	168	0.768596
66	178	3.45521
66	179	0.795621
67	80	0.895815
67	89	0.863757
67	91	0.863169
67	93	0.895603
67	94	0.8485
67	95	0.848336
67	96	0.851291
67	97	0.88946
67	98	0.889588
67	154	0.880371
67	157	2.03192
67	159	0.779993
67	160	2.33775
67	165	0.868422
67	167	0.752299
67	175	3.11385
67	177	0.79954
68	42	0.918573
68	46	0.93002
68	58	0.905488
68	64	0.912183
68	70	0.89249
68	71	0.969868
68	74	0.890048
68	79	0.953271
68	86	0.940469
68	87	0.922917
68	108	1.68949
68	111	1.44529
68	136	2.03156
68	159	0.846598
68	162	2.82413
68	165	0.935028
68	179	0.869601
69	101	0.795259
69	109	0.786188
69	111	0.894601
69	114	0.793629
69	124	0.778025
69	132	1.60267
69	149	0.816853
69	151	0.793604
69	154	1.86067
69	156	0.796654
69	161	0.801583
69	166	0.779713
69	171	0.767663
69	172	0.780908
69	173	0.800633
69	176	0.771584
69	180	0.754187
70	5	0.920261
70	29	0.894972
70	46	0.84799
70	58	0.823458
70	64	0.830153
70	68	0.89249
70	71	0.887838
70	74	0.808017
70	79	0.871241
70	86	0.858439
70	87	0.840887
70	101	2.64485
70	114	2.83159
70	118	1.77566
70	159	0.764568
70	165	0.852998
70	179	0.78757
71	2	0.847612
71	29	0.972349
71	42	0.91392
71	58	0.900835
71	64	0.90753
71	68	0.969868
71	70	0.887838
71	74	0.885395
71	79	0.948618
71	86	0.935816
71	87	0.918264
71	136	0.93583
71	159	0.841945
71	165	0.930375
71	166	2.25704
71	168	3.25515
71	179	0.864948
72	4	1.03298
72	6	0.998704
72	9	0.908458
72	19	0.177973
72	20	0.894837
72	34	0.885419
72	40	0.862465
72	51	0.9425
72	53	0.926143
72	62	0.917811
72	65	0.976185
72	85	5.4
72	112	0.857767
72	119	0.824037
72	160	1.1471
72	168	0.843407
72	178	0.855491
73	7	0.928306
73	14	0.825268
73	16	0.833344
73	23	0.921188
73	36	0.899486
73	50	0.854605
73	60	0.839563
73	66	0.826421
73	110	0.847422
73	116	0.849071
73	132	0.852902
73	141	0.855723
73	146	2.25444
73	149	0.922089
73	155	4.57857
73	168	0.768456
73	179	0.795481
74	18	0.813109
74	29	0.892529
74	42	0.8341
74	46	0.845547
74	58	0.821015
74	64	0.82771
74	68	0.890048
74	70	0.808017
74	71	0.885395
74	79	0.868798
74	83	2.92486
74	86	0.855996
74	87	0.838444
74	131	1.89288
74	159	0.762125
74	165	0.850555
74	171	3.06616
74	179	0.785128
75	11	1.69283
75	54	0.90489
75	59	2.53835
75	101	0.838255
75	111	0.937597
75	147	0.833735
75	148	0.843587
75	157	0.851503
75	158	0.777043
75	160	0.847044
75	161	0.844578
75	165	0.309763
75	166	0.822709
75	172	0.823904
75	173	0.843628
75	176	0.81458
75	177	0.812896
75	180	0.797182
76	9	2.99075
76	32	2.40925
76	102	0.838884
76	109	0.786679
76	131	0.833424
76	145	0.796775
76	148	0.801083
76	150	0.781552
76	158	0.734539
76	161	0.802074
76	162	0.784077
76	166	0.780205
76	171	0.768155
76	172	0.7814
76	173	0.801124
76	175	0.773611
76	176	0.772076
76	180	0.754678
77	57	1.61677
77	98	2.71917
77	119	0.891414
77	125	0.820848
77	136	0.843644
77	138	0.754456
77	148	0.800355
77	156	0.796417
77	158	0.733811
77	162	0.783348
77	163	0.785713
77	164	0.80837
77	173	0.800396
77	175	0.772882
77	176	0.771348
77	177	0.769663
77	180	0.75395
78	48	0.850695
78	92	0.84525
78	99	0.885714
78	100	0.823758
78	103	0.823902
78	105	2.16343
78	106	0.858076
78	116	0.844897
78	117	2.41148
78	120	0.882436
78	121	0.920046
78	123	0.872598
78	128	0.859574
78	130	0.845549
78	133	0.846876
78	167	0.740612
78	174	0.78401
78	179	3.04051
79	5	0.981042
79	18	0.876333
79	42	0.897324
79	58	0.884238
79	64	0.890934
79	68	0.953271
79	70	0.871241
79	71	0.948618
79	74	0.868798
79	86	0.919219
79	87	0.901667
79	105	0.879217
79	114	2.0831
79	159	0.825349
79	165	0.913778
79	169	2.78382
79	176	2.81812
79	179	0.848351
80	44	0.918149
80	67	0.895815
80	89	0.918261
80	91	0.917673
80	93	0.950108
80	94	0.903005
80	95	0.90284
80	96	0.905796
80	97	0.943965
80	98	0.944093
80	109	2.27719
80	117	1.11417
80	127	2.33187
80	159	0.834498
80	165	0.922927
80	167	0.806804
80	169	2.77073
80	177	0.854045
81	21	0.875206
81	37	0.864725
81	39	0.923747
81	45	0.915545
81	52	0.911021
81	55	0.915163
81	56	0.914101
81	57	0.927022
81	59	0.899854
81	122	0.778972
81	139	6.37608
81	144	0.913053
81	152	0.923418
81	154	0.929902
81	169	0.833769
81	170	1.68683
81	174	1.44092
81	178	0.837585
82	21	0.875206
82	37	0.864725
82	39	0.923747
82	45	0.915545
82	52	0.911021
82	55	0.915163
82	56	0.914101
82	57	0.927022
82	59	0.899854
82	88	1.64288
82	90	2.26315
82	117	2.1439
82	134	1.96829
82	144	0.913053
82	152	0.923418
82	154	0.929902
82	169	0.833769
82	178	0.837585
83	50	2.77514
83	74	2.92486
83	105	0.86142
83	124	0.769504
83	137	0.812369
83	147	0.782218
83	150	0.772539
83	157	0.799986
83	160	0.795528
83	162	0.775064
83	164	0.800086
83	167	0.714138
83	170	0.796471
83	172	0.772387
83	173	0.792112
83	175	0.764598
83	176	0.763064
83	177	0.761379
83	180	0.745666
84	59	1.76904
84	63	0.965923
84	103	1.20721
84	109	0.821908
84	111	0.930321
84	117	0.837951
84	133	1.1614
84	138	0.790413
84	149	0.852574
84	151	0.829325
84	155	0.773248
84	158	0.769768
84	162	0.819305
84	164	0.844327
84	170	0.840712
84	171	0.803383
84	172	0.816629
84	175	0.808839
84	180	0.789907
85	43	0.763652
85	49	0.763385
85	72	5.4
85	94	0.74909
85	95	0.748925
85	97	0.79005
85	98	0.790178
85	101	0.725489
85	131	0.763162
85	145	0.726513
85	152	0.774476
85	156	0.726883
85	160	0.734278
85	165	0.769012
85	169	0.684828
85	175	0.703348
85	177	0.700129
85	180	0.684416
86	18	0.863531
86	29	0.942951
86	42	0.884521
86	46	0.895969
86	58	0.871436
86	64	0.878131
86	68	0.940469
86	70	0.858439
86	71	0.935816
86	74	0.855996
86	79	0.919219
86	87	0.888865
86	109	2.67293
86	136	1.44624
86	159	0.812547
86	165	0.900976
86	172	2.45719
86	173	2.05985
86	179	0.835549
87	5	0.950687
87	18	0.845978
87	29	0.925398
87	42	0.866969
87	46	0.878416
87	58	0.853884
87	64	0.860579
87	68	0.922917
87	70	0.840887
87	71	0.918264
87	74	0.838444
87	79	0.901667
87	86	0.888865
87	125	1.92806
87	134	1.79031
87	157	2.38144
87	159	0.794994
87	165	0.883424
87	172	2.9132
87	179	0.817997
88	2	0.904265
88	36	1.08651
88	58	1.53789
88	82	1.64288
88	120	0.991687
88	136	0.921758
88	143	0.859662
88	149	0.89473
88	150	0.858937
88	151	0.871481
88	157	0.886384
88	160	0.881925
88	163	0.863827
88	164	0.886484
88	170	0.882868
88	171	0.845539
88	173	0.878509
88	175	0.850995
88	176	0.849461
88	180	0.832063
89	44	0.886091
89	61	0.446536
89	67	0.863757
89	80	0.918261
89	91	0.885616
89	93	0.91805
89	94	0.870947
89	95	0.870782
89	96	0.873738
89	97	0.911907
89	98	0.912035
89	148	1.79281
89	152	0.896334
89	154	0.902818
89	159	0.80244
89	165	0.890869
89	167	0.774746
89	168	3.47379
89	175	2.71558
89	177	0.821987
90	44	1.66779
90	82	2.26315
90	101	0.831966
90	122	0.909217
90	125	0.857791
90	126	0.799489
90	131	0.869639
90	137	0.857596
90	138	0.791399
90	139	0.781255
90	144	1.28767
90	160	0.840755
90	162	0.820291
90	164	0.845313
90	166	0.816419
90	171	0.804369
90	175	0.809825
90	176	0.808291
90	178	0.79512
90	180	0.790893
91	44	0.885503
91	67	0.863169
91	80	0.917673
91	89	0.885616
91	93	0.917462
91	94	0.870359
91	95	0.870194
91	96	0.87315
91	97	0.911319
91	98	0.911447
91	111	1.05992
91	149	2.18268
91	150	2.69975
91	152	0.895746
91	154	0.90223
91	159	0.801852
91	165	0.890281
91	167	0.774158
91	175	3.2073
91	177	0.821399
92	48	0.87801
92	78	0.84525
92	99	0.913029
92	100	0.851073
92	103	0.851217
92	106	0.885391
92	107	0.886413
92	120	0.909751
92	121	0.947361
92	123	0.899913
92	128	0.886889
92	130	0.872864
92	133	0.874191
92	138	3.58039
92	141	0.878865
92	149	1.86627
92	153	0.826209
92	157	1.80896
92	161	2.30869
92	167	0.767927
92	169	0.799866
93	44	0.917938
93	67	0.895603
93	80	0.950108
93	89	0.91805
93	91	0.917462
93	94	0.902793
93	95	0.902629
93	96	0.905584
93	97	0.943753
93	98	0.943881
93	105	0.799257
93	116	0.910878
93	152	0.92818
93	154	0.934664
93	155	4.44006
93	159	0.834286
93	164	1.15661
93	165	0.922715
93	167	0.806592
93	176	2.00161
93	177	0.853833
93	180	2.52623
94	44	0.870835
94	67	0.8485
94	80	0.903005
94	85	0.74909
94	89	0.870947
94	91	0.870359
94	93	0.902793
94	95	0.855526
94	96	0.858481
94	97	0.896651
94	98	0.896779
94	113	1.38949
94	116	0.863775
94	152	0.881077
94	153	1.37411
94	154	0.887562
94	158	4.74051
94	159	0.787183
94	163	2.33464
94	165	0.875613
94	167	0.75949
94	177	0.806731
95	44	0.87067
95	67	0.848336
95	80	0.90284
95	85	0.748925
95	89	0.870782
95	91	0.870194
95	93	0.902629
95	94	0.855526
95	96	0.858317
95	97	0.896486
95	98	0.896614
95	116	0.863611
95	152	0.880913
95	154	0.887397
95	159	0.787018
95	161	1.94241
95	162	1.75605
95	165	0.875448
95	167	0.759325
95	177	0.806566
95	178	2.97153
95	180	3.24263
96	44	0.873626
96	61	1.2548
96	67	0.851291
96	80	0.905796
96	89	0.873738
96	91	0.87315
96	93	0.905584
96	94	0.858481
96	95	0.858317
96	97	0.899441
96	98	0.899569
96	102	1.57588
96	116	0.866566
96	150	3.01629
96	152	0.883868
96	154	0.890352
96	159	0.789974
96	165	0.878403
96	167	0.76228
96	173	2.57634
96	177	0.809521
97	44	0.911795
97	54	1.08428
97	67	0.88946
97	80	0.943965
97	85	0.79005
97	89	0.911907
97	91	0.911319
97	93	0.943753
97	94	0.896651
97	95	0.896486
97	96	0.899441
97	98	0.937739
97	112	2.26731
97	116	0.904735
97	118	1.19857
97	143	2.79994
97	152	0.922037
97	154	0.928522
97	159	0.828143
97	163	2.66646
97	165	0.916573
97	167	0.80045
97	177	0.847691
98	44	0.911923
98	63	0.520811
98	67	0.889588
98	77	2.71917
98	80	0.944093
98	85	0.790178
98	89	0.912035
98	91	0.911447
98	93	0.943881
98	94	0.896779
98	95	0.896614
98	96	0.899569
98	97	0.937739
98	101	1.95081
98	116	0.904863
98	145	2.11688
98	152	0.922165
98	154	0.92865
98	159	0.828271
98	160	1.90307
98	165	0.916701
98	167	0.800578
98	177	0.847819
99	78	0.885714
99	92	0.913029
99	100	0.891537
99	104	0.816718
99	106	0.925856
99	107	0.926877
99	108	1.42623
99	120	0.950216
99	121	0.987826
99	123	0.940377
99	128	0.927353
99	130	0.913328
99	133	0.914655
99	136	1.7683
99	137	2.05522
99	142	0.846148
99	153	0.866674
99	154	0.936463
99	167	0.808391
99	169	0.84033
99	172	2.77925
99	174	0.85179
99	179	2.461
100	78	0.823758
100	92	0.851073
100	99	0.891537
100	103	0.829725
100	106	0.8639
100	107	0.864921
100	120	0.888259
100	121	0.925869
100	123	0.878421
100	124	2.61939
100	128	0.865397
100	130	0.851372
100	132	0.854551
100	133	0.852699
100	135	0.831476
100	142	0.784192
100	144	0.857658
100	153	0.804717
100	159	2.89434
100	164	2.29621
100	167	0.746435
100	169	0.778374
100	174	0.789834
100	177	2.65376
101	53	2.60434
101	69	0.795259
101	70	2.64485
101	75	0.838255
101	85	0.725489
101	90	0.831966
101	98	1.95081
101	109	0.799418
101	127	0.817875
101	136	0.857111
101	138	0.767923
101	145	0.809513
101	151	0.806834
101	155	0.750758
101	156	0.809884
101	157	0.821737
101	162	0.796815
101	163	0.79918
101	166	0.792943
101	170	0.818222
101	171	0.780893
101	173	0.813863
101	175	0.786349
101	180	0.767417
102	30	0.765558
102	76	0.838884
102	96	1.57588
102	110	1.29916
102	113	0.87594
102	120	1.04219
102	137	0.877252
102	140	0.893067
102	141	1.05669
102	145	0.852646
102	149	0.873216
102	151	0.849967
102	155	0.793891
102	158	0.79041
102	161	0.857945
102	163	0.842313
102	164	0.86497
102	170	0.861354
102	171	0.824026
102	172	0.837271
102	175	0.829481
102	178	0.814777
102	179	0.829718
102	180	0.810549
103	48	0.856662
103	78	0.823902
103	84	1.20721
103	92	0.851217
103	100	0.829725
103	106	0.864044
103	107	0.865065
103	120	0.888404
103	121	0.926014
103	123	0.878565
103	128	0.865541
103	130	0.851516
103	132	0.854695
103	133	0.852843
103	135	0.831621
103	142	0.784336
103	153	0.804862
103	154	0.874651
103	156	2.53675
103	167	0.746579
103	169	0.778518
103	172	2.6419
103	174	0.789978
103	175	3.19206
104	1	0.75082
104	10	0.746185
104	22	0.761508
104	24	0.749701
104	27	0.817324
104	33	0.931759
104	35	1.5104
104	48	0.781699
104	99	0.816718
104	109	0.735145
104	112	0.709647
104	121	0.85105
104	123	0.803602
104	128	0.790578
104	133	0.77788
104	151	0.742561
104	155	0.686485
104	165	4.83054
104	166	0.72867
104	170	0.753948
104	171	0.71662
104	175	0.722076
104	176	0.720541
104	180	0.703143
105	78	2.16343
105	79	0.879217
105	83	0.86142
105	93	0.799257
105	108	0.955655
105	109	0.874099
105	116	0.830833
105	117	0.890142
105	118	0.929737
105	138	0.842604
105	140	0.924616
105	141	1.25916
105	145	0.884194
105	149	0.904765
105	150	0.868971
105	161	0.889494
105	163	0.873861
105	167	0.81057
105	168	0.834241
105	169	0.842509
105	172	0.868819
105	173	0.888544
105	175	0.86103
105	176	0.859496
105	180	0.842098
106	48	0.890836
106	78	0.858076
106	92	0.885391
106	99	0.925856
106	100	0.8639
106	103	0.864044
106	107	0.899239
106	120	0.922578
106	121	0.960188
106	123	0.912739
106	125	1.61704
106	128	0.899716
106	130	0.88569
106	133	0.887018
106	141	0.891691
106	145	2.59005
106	146	0.802803
106	149	2.12773
106	153	0.839036
106	154	0.908825
106	162	2.3838
106	167	0.780753
106	169	0.812693
106	174	0.824152
106	177	2.85831
107	92	0.886413
107	99	0.926877
107	100	0.864921
107	103	0.865065
107	106	0.899239
107	118	1.68759
107	121	0.961209
107	123	0.913761
107	128	0.900737
107	130	0.886712
107	132	0.889891
107	133	0.888039
107	135	0.866816
107	140	2.16749
107	141	0.892713
107	142	0.819531
107	144	0.892998
107	146	0.803825
107	148	2.36236
107	154	0.909847
107	156	2.62983
107	160	2.50904
107	167	0.781775
107	169	0.813714
107	174	0.825173
108	4	1.34807
108	68	1.68949
108	99	1.42623
108	105	0.955655
108	114	0.879343
108	115	0.925139
108	129	0.853551
108	137	0.906604
108	138	0.840407
108	140	0.92242
108	143	0.8675
108	147	0.876454
108	149	0.902568
108	151	0.879319
108	152	0.780266
108	154	0.707468
108	155	0.823243
108	159	0.836067
108	160	0.889764
108	161	0.887298
108	162	0.8693
108	166	0.865428
108	174	0.851773
108	176	0.857299
108	180	0.839901
109	69	0.786188
109	76	0.786679
109	80	2.27719
109	84	0.821908
109	86	2.67293
109	101	0.799418
109	104	0.735145
109	105	0.874099
109	122	0.876669
109	124	0.782183
109	129	0.771994
109	132	2.01822
109	137	0.825048
109	143	0.785944
109	150	0.785219
109	155	0.741686
109	163	0.790108
109	166	0.783871
109	170	0.80915
109	171	0.771821
109	172	0.785067
109	173	0.804791
109	174	0.770216
109	175	0.777277
109	176	0.775743
109	180	0.758345
110	1	0.84513
110	7	0.949446
110	11	0.92785
110	22	0.855818
110	24	0.84401
110	27	0.911634
110	28	1.01912
110	32	0.902863
110	35	0.904419
110	50	0.875745
110	60	0.860703
110	61	0.978073
110	66	0.847562
110	73	0.847422
110	102	1.29916
110	131	2.20844
110	132	0.874042
110	144	0.877148
110	146	0.787975
110	153	0.824208
110	161	2.66493
110	166	3.00722
110	168	0.789596
110	174	0.809324
110	177	0.813166
110	179	0.816621
111	41	1.23463
111	45	1.49201
111	68	1.44529
111	69	0.894601
111	75	0.937597
111	84	0.930321
111	91	1.05992
111	117	0.914803
111	118	0.954398
111	119	1.00422
111	125	0.933656
111	126	0.875355
111	144	0.518483
111	145	0.908855
111	148	0.913163
111	150	0.893632
111	151	0.906176
111	154	0.463271
111	160	0.91662
111	162	0.896157
111	172	0.89348
111	173	0.913204
111	175	0.885691
111	176	0.884156
111	179	0.885927
111	180	0.866758
112	5	2.69528
112	16	2.83741
112	34	0.767003
112	51	0.824083
112	62	0.799395
112	65	0.857769
112	72	0.857767
112	97	2.26731
112	104	0.709647
112	116	0.805605
112	120	0.843144
112	121	0.880754
112	130	0.806256
112	131	0.811593
112	133	0.807584
112	144	0.812542
112	154	0.829392
112	156	0.775314
112	168	0.72499
112	170	0.783652
112	173	0.779293
112	174	0.744718
112	175	0.751779
112	176	0.750245
112	178	0.737075
112	180	0.732847
113	45	2.5646
113	94	1.38949
113	102	0.87594
113	117	0.839779
113	125	0.858632
113	126	0.800331
113	127	0.842193
113	134	0.888974
113	135	1.75772
113	147	0.828287
113	149	0.854401
113	150	0.818608
113	151	0.831152
113	155	0.775076
113	156	0.834202
113	158	0.771595
113	161	0.839131
113	163	0.823498
113	164	0.846155
113	165	0.450503
113	166	0.817261
113	172	0.818456
113	173	0.83818
113	175	0.810667
113	178	0.795962
113	180	0.791734
114	30	0.720795
114	69	0.793629
114	70	2.83159
114	79	2.0831
114	108	0.879343
114	119	0.90325
114	124	0.789624
114	126	0.774382
114	134	0.863026
114	139	0.756148
114	145	0.807882
114	150	0.79266
114	152	2.14184
114	155	0.749127
114	156	0.808253
114	158	0.745647
114	159	0.761952
114	161	0.813182
114	162	0.795184
114	168	0.757929
114	169	0.766197
114	171	0.779262
114	173	0.812232
114	176	0.783184
114	177	0.781499
114	180	0.765786
115	5	1.55084
115	17	1.06821
115	47	0.925745
115	62	1.77264
115	108	0.925139
115	122	0.929905
115	123	1.21956
115	124	0.835419
115	125	0.878479
115	136	0.901275
115	137	0.878284
115	139	0.801943
115	140	0.894099
115	143	0.83918
115	147	0.848133
115	149	0.874248
115	150	0.838455
115	151	0.850999
115	152	1.0102
115	155	0.794922
115	157	0.865901
115	161	0.858977
115	163	0.843344
115	166	0.837107
115	173	0.858027
115	176	0.828979
115	180	0.811581
116	14	0.848057
116	60	0.862352
116	66	0.84921
116	73	0.849071
116	78	0.844897
116	93	0.910878
116	94	0.863775
116	95	0.863611
116	96	0.866566
116	97	0.904735
116	98	0.904863
116	105	0.830833
116	112	0.805605
116	123	0.89956
116	128	0.886536
116	129	2.53652
116	130	0.872511
116	132	0.875691
116	133	0.873838
116	141	0.878512
116	156	1.92102
116	168	0.791245
116	171	2.71093
116	174	0.810973
116	177	0.814815
116	179	0.81827
116	180	3.29435
117	38	0.772862
117	61	0.860543
117	78	2.41148
117	80	1.11417
117	82	2.1439
117	84	0.837951
117	105	0.890142
117	111	0.914803
117	113	0.839779
117	119	0.911853
117	123	1.39537
117	124	0.798226
117	125	0.841286
117	129	0.788038
117	136	0.864083
117	151	0.813806
117	156	0.816855
117	162	0.803787
117	163	0.806152
117	164	0.828809
117	170	0.825193
117	171	0.787865
117	172	0.80111
117	173	0.820834
117	176	0.791786
117	180	0.774388
118	2	0.886185
118	4	1.65371
118	38	0.812457
118	41	1.78447
118	54	0.921691
118	61	0.900138
118	70	1.77566
118	97	1.19857
118	105	0.929737
118	107	1.68759
118	111	0.954398
118	127	0.864442
118	147	0.850536
118	148	0.860389
118	149	0.87665
118	151	0.853401
118	155	0.797325
118	156	0.856451
118	157	0.868304
118	158	0.793845
118	163	0.845747
118	171	0.82746
118	172	0.840705
118	173	0.86043
118	175	0.832916
118	176	0.831381
118	180	0.813984
119	11	1.14508
119	29	0.799471
119	58	1.77307
119	72	0.824037
119	77	0.891414
119	111	1.00422
119	114	0.90325
119	117	0.911853
119	121	0.751367
119	125	0.930706
119	141	1.24137
119	147	0.900361
119	148	0.910213
119	151	0.903226
119	157	0.918129
119	158	0.843669
119	161	0.911204
119	162	0.893207
119	164	0.918229
119	171	0.877285
119	172	0.89053
119	174	0.875679
119	175	0.882741
119	176	0.881206
119	178	0.868036
119	179	0.882977
119	180	0.863808
120	48	0.915196
120	78	0.882436
120	88	0.991687
120	92	0.909751
120	99	0.950216
120	100	0.888259
120	102	1.04219
120	103	0.888404
120	106	0.922578
120	112	0.843144
120	123	0.937099
120	124	2.66175
120	128	0.924075
120	130	0.91005
120	132	0.913229
120	133	0.911377
120	140	1.87251
120	141	0.916051
120	142	0.84287
120	144	0.916336
120	146	0.827163
120	153	0.863396
120	154	0.933185
120	167	0.805113
120	169	0.837052
120	170	2.32941
120	174	0.848512
120	177	2.69612
121	19	0.769426
121	48	0.952806
121	78	0.920046
121	92	0.947361
121	99	0.987826
121	100	0.925869
121	103	0.926014
121	104	0.85105
121	106	0.960188
121	107	0.961209
121	112	0.880754
121	119	0.751367
121	123	0.974709
121	128	0.961685
121	130	0.94766
121	132	0.950839
121	133	0.948987
121	141	0.953661
121	142	0.88048
121	144	0.953946
121	146	0.864773
121	154	0.970795
121	161	1.93246
121	163	2.385
121	169	0.874662
121	172	1.96449
121	178	2.96158
121	179	1.64623
122	15	1.37199
122	23	1.4575
122	42	1.33115
122	53	1.83308
122	61	0.930823
122	81	0.778972
122	90	0.909217
122	109	0.876669
122	115	0.929905
122	125	0.911566
122	126	0.853264
122	136	0.934362
122	137	0.911371
122	138	0.845174
122	143	0.872267
122	145	0.886764
122	147	0.88122
122	148	0.891073
122	151	0.884086
122	152	1.18383
122	155	0.82801
122	156	0.887135
122	160	0.89453
122	166	0.870195
122	173	0.891114
122	176	0.862066
122	178	0.848896
122	179	0.863836
122	180	0.844668
123	48	0.905357
123	63	0.734454
123	78	0.872598
123	92	0.899913
123	99	0.940377
123	100	0.878421
123	103	0.878565
123	104	0.803602
123	106	0.912739
123	107	0.913761
123	115	1.21956
123	116	0.89956
123	117	1.39537
123	120	0.937099
123	121	0.974709
123	128	0.914237
123	130	0.900212
123	133	0.901539
123	135	0.880316
123	141	0.906212
123	142	0.833031
123	146	0.817324
123	153	0.853557
123	160	2.11672
123	167	0.795275
123	169	0.827214
123	173	1.94531
123	174	0.838673
123	180	3.61084
124	13	0.767736
124	69	0.778025
124	83	0.769504
124	100	2.61939
124	109	0.782183
124	114	0.789624
124	115	0.835419
124	117	0.798226
124	120	2.66175
124	139	0.740544
124	140	0.8327
124	143	0.777781
124	144	2.33746
124	145	0.792278
124	147	0.786734
124	156	0.792649
124	161	0.797578
124	162	0.77958
124	163	0.781946
124	164	0.804602
124	166	0.775709
124	172	0.776904
124	173	0.796628
124	174	0.762053
124	175	0.769114
124	176	0.76758
124	179	0.76935
124	180	0.750182
125	20	1.82477
125	50	1.24655
125	77	0.820848
125	87	1.92806
125	90	0.857791
125	106	1.61704
125	111	0.933656
125	113	0.858632
125	115	0.878479
125	117	0.841286
125	119	0.930706
125	122	0.911566
125	126	0.801838
125	133	1.61095
125	148	0.839647
125	150	0.820115
125	156	0.835709
125	157	0.847562
125	160	0.843104
125	164	0.847662
125	167	0.761714
125	169	0.793653
125	170	0.844047
125	172	0.819963
125	173	0.839688
125	175	0.812174
125	176	0.810639
125	177	0.808955
125	179	0.81241
125	180	0.793242
126	14	2.99097
126	41	3.41661
126	49	2.29243
126	90	0.799489
126	111	0.875355
126	113	0.800331
126	114	0.774382
126	122	0.853264
126	125	0.801838
126	127	0.785398
126	131	0.813686
126	139	0.725302
126	140	0.817458
126	150	0.761814
126	151	0.774358
126	156	0.777407
126	157	0.789261
126	159	0.731106
126	161	0.782336
126	162	0.764339
126	163	0.766704
126	164	0.789361
126	166	0.760467
126	170	0.785745
126	171	0.748417
126	172	0.761662
126	175	0.753873
126	176	0.752338
126	180	0.73494
127	26	2.89294
127	32	2.17817
127	57	1.29702
127	80	2.33187
127	101	0.817875
127	113	0.842193
127	118	0.864442
127	126	0.785398
127	134	0.874042
127	138	0.777308
127	143	0.804401
127	145	0.818898
127	147	0.813354
127	149	0.839469
127	151	0.81622
127	155	0.760143
127	156	0.819269
127	162	0.8062
127	163	0.808566
127	164	0.831222
127	166	0.802328
127	170	0.827607
127	172	0.803524
127	173	0.823248
127	174	0.788673
127	175	0.795734
127	176	0.7942
127	178	0.781029
127	180	0.776802
128	48	0.892334
128	78	0.859574
128	92	0.886889
128	99	0.927353
128	100	0.865397
128	103	0.865541
128	104	0.790578
128	106	0.899716
128	107	0.900737
128	116	0.886536
128	120	0.924075
128	121	0.961685
128	123	0.914237
128	130	0.887188
128	132	0.890367
128	133	0.888515
128	135	0.867292
128	144	0.893474
128	146	0.804301
128	147	1.58485
128	153	0.840533
128	154	0.910323
128	158	4.30652
128	161	1.44812
128	167	0.782251
128	169	0.81419
128	174	0.82565
128	176	2.22371
128	177	1.73627
128	180	2.74833
129	20	3.32027
129	30	0.695002
129	55	3.14321
129	63	0.916009
129	108	0.853551
129	109	0.771994
129	116	2.53652
129	117	0.788038
129	131	0.818739
129	134	0.837233
129	137	0.806696
129	138	0.740499
129	142	0.746222
129	145	0.782089
129	147	0.776545
129	148	0.786398
129	149	0.80266
129	155	0.723335
129	158	0.719854
129	161	0.787389
129	164	0.794413
129	166	0.76552
129	168	0.732136
129	169	0.740405
129	170	0.790798
129	172	0.766715
129	173	0.786439
129	175	0.758925
129	176	0.757391
129	180	0.739993
130	48	0.878308
130	78	0.845549
130	92	0.872864
130	99	0.913328
130	100	0.851372
130	103	0.851516
130	106	0.88569
130	107	0.886712
130	112	0.806256
130	116	0.872511
130	120	0.91005
130	121	0.94766
130	123	0.900212
130	128	0.887188
130	132	0.876342
130	133	0.87449
130	134	1.23518
130	135	0.853267
130	137	1.63404
130	141	0.879163
130	142	0.805982
130	144	0.879449
130	146	0.790275
130	150	2.40068
130	153	0.826508
130	154	0.896298
130	156	2.25293
130	167	0.768226
130	169	0.800165
130	174	0.811624
130	176	3.10164
130	180	3.62626
131	43	2.16862
131	52	1.86035
131	64	1.46971
131	74	1.89288
131	76	0.833424
131	85	0.763162
131	90	0.869639
131	110	2.20844
131	112	0.811593
131	126	0.813686
131	129	0.818739
131	134	0.90233
131	139	0.795452
131	140	0.887608
131	145	0.847186
131	150	0.831963
131	153	0.831845
131	155	0.788431
131	157	0.85941
131	158	0.784951
131	161	0.852486
131	163	0.836853
131	164	0.85951
131	167	0.773562
131	168	0.797233
131	170	0.855895
131	172	0.831811
131	173	0.851536
131	175	0.824022
131	176	0.822487
131	177	0.820803
131	180	0.80509
132	3	0.835006
132	8	0.938658
132	12	0.832683
132	16	0.859964
132	36	0.926106
132	50	0.881224
132	66	0.853041
132	69	1.60267
132	73	0.852902
132	100	0.854551
132	103	0.854695
132	107	0.889891
132	109	2.01822
132	110	0.874042
132	116	0.875691
132	120	0.913229
132	121	0.950839
132	128	0.890367
132	130	0.876342
132	133	0.877669
132	141	0.882343
132	144	0.882628
132	153	0.829687
132	163	2.223
132	168	0.795076
132	173	1.40515
132	174	0.814804
132	176	2.54606
132	177	0.818646
132	178	2.79958
132	179	0.822101
133	48	0.879636
133	78	0.846876
133	84	1.1614
133	92	0.874191
133	99	0.914655
133	100	0.852699
133	103	0.852843
133	104	0.77788
133	106	0.887018
133	107	0.888039
133	112	0.807584
133	116	0.873838
133	120	0.911377
133	121	0.948987
133	123	0.901539
133	125	1.61095
133	128	0.888515
133	130	0.87449
133	132	0.877669
133	135	0.854594
133	141	0.880491
133	143	3.15008
133	144	0.880776
133	145	2.58396
133	146	0.791603
133	153	0.827835
133	154	0.897625
133	157	2.06433
133	167	0.769553
133	169	0.801492
133	173	2.19875
133	174	0.812952
134	33	0.714189
134	54	0.931291
134	55	1.50996
134	82	1.96829
134	87	1.79031
134	113	0.888974
134	114	0.863026
134	127	0.874042
134	129	0.837233
134	130	1.23518
134	131	0.90233
134	136	0.913278
134	140	0.906102
134	141	1.3316
134	142	0.829813
134	143	0.851182
134	145	0.86568
134	149	0.886251
134	156	0.866051
134	157	0.877904
134	160	0.873446
134	161	0.87098
134	162	0.852982
134	166	0.84911
134	170	0.874389
134	171	0.83706
134	173	0.87003
134	175	0.842516
134	176	0.840981
134	177	0.839297
134	180	0.823584
135	1	0.827535
135	10	0.8229
135	11	0.910255
135	17	0.913776
135	22	0.838222
135	24	0.826415
135	25	0.92183
135	26	0.795779
135	27	0.894039
135	32	0.885268
135	33	1.00847
135	41	0.86469
135	43	0.859093
135	49	0.858827
135	100	0.831476
135	103	0.831621
135	107	0.866816
135	113	1.75772
135	123	0.880316
135	128	0.867292
135	130	0.853267
135	133	0.854594
135	146	0.77038
135	150	2.32497
135	151	2.28417
135	152	0.869918
135	154	0.876402
135	157	1.75059
135	159	2.77906
135	165	0.864453
135	166	2.59262
135	174	0.791729
136	13	0.833592
136	47	0.930202
136	56	1.22404
136	61	0.902193
136	68	2.03156
136	71	0.93583
136	77	0.843644
136	86	1.44624
136	88	0.921758
136	99	1.7683
136	101	0.857111
136	115	0.901275
136	117	0.864083
136	122	0.934362
136	134	0.913278
136	138	0.816544
136	141	1.44354
136	148	0.862443
136	149	0.878705
136	151	0.855456
136	155	0.79938
136	157	0.870359
136	160	0.8659
136	163	0.847802
136	171	0.829515
136	172	0.84276
136	173	0.862484
136	175	0.83497
136	176	0.833436
136	177	0.831752
136	178	0.820266
136	180	0.816038
