1	34	0.57494
1	45	0.615761
1	73	0.640939
1	90	0.530801
1	91	0.6488
1	100	0.580559
1	122	1.36701
1	133	1.40184
1	135	1.39851
1	177	1.4055
1	178	1.40164
1	180	1.4255
2	11	1.2141
2	48	1.11213
2	50	0.683869
2	61	1.19182
2	72	1.27304
2	73	1.13315
2	87	0.698506
2	155	0.727952
2	162	1.19696
2	166	0.746775
2	172	1.2788
2	176	0.749455
3	5	1.21445
3	6	1.23784
3	44	1.20115
3	79	1.18321
3	81	1.19748
3	105	1.16878
3	130	0.744725
3	131	0.761877
3	156	0.678588
3	165	1.19709
3	166	0.715503
3	168	0.706013
4	59	1.21889
4	98	1.21184
4	111	1.14304
4	114	1.19304
4	121	1.24304
4	153	0.738298
4	161	1.19685
4	165	1.19332
4	174	0.726414
4	178	0.720447
4	179	0.717232
4	180	0.704198
5	3	1.21445
5	25	1.32138
5	63	1.19244
5	79	1.1645
5	81	1.17877
5	105	1.15007
5	107	0.789651
5	161	0.712813
5	165	1.17838
5	170	0.735732
5	171	0.728411
5	172	0.640067
6	3	1.23784
6	44	1.20582
6	63	1.21582
6	79	1.18788
6	81	1.20216
6	105	1.17345
6	142	0.697348
6	146	1.17703
6	174	0.73458
6	176	0.720698
6	178	0.728614
6	179	0.725398
7	60	1.12983
7	69	1.20025
7	86	1.177
7	96	1.24489
7	100	1.23533
7	103	1.20145
7	120	0.759432
7	155	0.719467
7	158	0.734681
7	165	1.21125
7	172	0.65205
7	176	0.74097
8	20	1.18225
8	35	1.27764
8	36	1.12908
8	46	1.21144
8	53	1.16734
8	70	0.730555
8	80	1.21612
8	82	1.21612
8	109	0.750123
8	167	0.733477
8	176	0.700403
8	180	0.69207
9	52	1.1322
9	88	1.14163
9	91	1.14163
9	93	1.37116
9	126	1.1799
9	129	0.698968
9	138	0.760672
9	143	1.21427
9	157	1.21922
9	160	0.72905
9	163	0.708705
9	180	0.709303
10	15	1.06952
10	18	1.14787
10	33	1.10288
10	45	1.20138
10	67	1.4591
10	92	0.70443
10	129	0.723852
10	150	0.702304
10	157	1.2218
10	164	1.19743
10	171	0.741943
10	180	0.734187
11	2	1.2141
11	23	1.15586
11	48	1.13557
11	61	1.21526
11	73	1.15659
11	120	0.733689
11	138	0.758264
11	155	0.693725
11	162	1.22039
11	163	0.706297
11	171	0.714651
11	172	1.30223
12	42	1.28281
12	47	1.24618
12	64	1.18867
12	71	1.25867
12	74	1.32867
12	138	0.690589
12	145	0.666319
12	172	1.39501
12	173	0.641518
12	176	0.647553
12	177	0.660687
13	30	1.1989
13	47	0.993009
13	55	0.989787
13	64	0.935491
13	71	1.00549
13	74	1.07549
13	156	0.869854
13	160	0.920863
13	162	1.05999
13	168	0.897279
13	172	1.14183
13	178	0.917366
14	92	0.684687
14	104	1.17263
14	108	1.23091
14	113	1.19005
14	135	1.17793
14	141	1.2321
14	144	1.17916
14	146	0.769118
14	147	1.21722
14	161	0.706602
14	170	0.729521
14	173	0.716742
15	10	1.06952
15	18	0.976782
15	33	0.931795
15	45	1.0303
15	67	1.28801
15	109	0.935981
15	130	1.02653
15	154	0.892583
15	157	1.05071
15	163	0.87733
15	164	1.02634
15	177	0.899395
16	43	1.17627
16	51	1.26798
16	52	1.12216
16	88	1.13159
16	91	1.13159
16	93	1.36112
16	94	0.900122
16	119	0.649904
16	160	0.696127
16	162	1.2093
16	163	0.675782
16	176	0.684713
17	25	0.572756
17	26	0.697456
17	30	0.579631
17	60	0.781837
17	73	1.22805
17	147	0.661506
17	164	1.26736
17	172	1.3737
17	176	1.27852
17	178	1.26426
17	180	1.28812
18	10	1.14787
18	15	0.976782
18	45	1.10864
18	67	1.36636
18	112	1.14313
18	128	1.12346
18	131	0.808682
18	145	0.783754
18	157	1.12906
18	164	1.10469
18	170	0.771733
18	171	0.764412
18	177	0.778122
19	28	1.12994
19	85	1.1174
19	97	1.08588
19	101	1.17425
19	109	0.819772
19	122	1.10788
19	123	1.17256
19	125	1.17342
19	127	1.13867
19	154	0.776374
19	155	0.748549
19	174	0.783934
19	178	0.777968
20	8	1.18225
20	35	1.20337
20	36	1.05481
20	46	1.13716
20	53	1.09307
20	65	0.806991
20	80	1.14185
20	82	1.14185
20	115	1.14564
20	158	0.766885
20	171	0.772597
20	174	0.787056
20	176	0.773174
21	26	1.11356
21	97	1.07602
21	101	1.16439
21	107	0.822238
21	123	1.1627
21	124	1.1581
21	125	1.16357
21	127	1.12882
21	133	1.13285
21	149	0.791857
21	160	0.772987
21	175	0.753342
21	179	0.766274
22	26	1.11589
22	77	0.729002
22	85	1.10987
22	117	1.14735
22	122	1.10035
22	123	1.16503
22	124	1.16043
22	125	1.1659
22	133	1.13518
22	137	0.807188
22	168	0.784958
22	171	0.796552
22	175	0.788897
23	11	1.15586
23	48	1.05389
23	61	1.13358
23	72	1.2148
23	73	1.07491
23	145	1.10768
23	149	0.812815
23	150	0.742317
23	162	1.13872
23	166	0.779853
23	169	0.784425
23	172	1.22056
23	179	0.787233
24	32	0.715136
24	45	0.796801
24	75	0.824059
24	85	0.809813
24	112	0.747649
24	170	1.14487
24	173	1.15195
24	175	1.13637
24	176	1.13731
24	177	1.12691
24	178	1.12305
24	179	1.13262
24	180	1.14692
25	5	1.32138
25	17	0.572756
25	40	1.30072
25	63	1.31807
25	79	1.29013
25	105	1.27571
25	151	1.28998
25	161	0.643548
25	165	1.30402
25	166	0.657043
25	167	0.692797
25	177	0.672857
25	178	0.667639
26	17	0.697456
26	21	1.11356
26	22	1.11589
26	101	1.16069
26	117	1.14132
26	120	0.802885
26	124	1.1544
26	125	1.15987
26	127	1.12512
26	133	1.12916
26	146	0.830764
26	160	0.795837
26	173	0.778388
27	29	1.28818
27	34	1.1711
27	41	1.11174
27	83	1.1321
27	89	1.05723
27	102	1.07866
27	110	1.13251
27	139	0.779756
27	160	0.798468
27	161	0.770879
27	164	1.12847
27	175	0.778822
27	180	0.778721
28	19	1.12994
28	92	1.212
28	94	0.946722
28	97	1.07885
28	122	1.10085
28	123	1.16553
28	127	1.13165
28	131	0.775008
28	133	1.13568
28	149	0.761597
28	159	0.700318
28	161	1.1455
28	180	0.722981
29	27	1.28818
29	57	1.35541
29	83	1.31758
29	89	1.24272
29	102	1.26415
29	110	1.31799
29	153	0.671889
29	158	0.639832
29	160	0.657535
29	164	1.31396
29	169	0.648014
29	170	0.652866
29	175	0.63789
30	13	1.1989
30	17	0.579631
30	55	1.27196
30	64	1.21766
30	71	1.28766
30	74	1.35766
30	92	0.628509
30	130	0.693141
30	162	1.34216
30	172	1.424
30	174	0.680481
30	176	0.666599
30	180	0.658266
31	34	1.56757
31	41	1.50822
31	57	1.56639
31	89	1.45371
31	102	1.47513
31	110	1.52898
31	118	0.6403
31	155	0.541054
31	170	0.569301
31	172	0.473636
31	174	0.57644
31	175	0.554325
31	180	0.554224
32	24	0.715136
32	42	1.22579
32	47	1.18917
32	55	1.18595
32	64	1.13165
32	71	1.20165
32	74	1.27165
32	119	0.659016
32	138	0.73686
32	161	0.67765
32	162	1.25615
32	166	0.691145
32	167	0.726898
32	172	1.33799
33	10	1.10288
33	15	0.931795
33	45	1.06366
33	67	1.32137
33	112	1.09814
33	128	1.07848
33	130	1.05989
33	148	0.842638
33	157	1.08407
33	164	1.0597
33	166	0.842086
33	169	0.846659
33	173	0.838731
33	175	0.836534
34	1	0.57494
34	27	1.1711
34	31	1.56757
34	65	0.768484
34	83	1.2005
34	89	1.12564
34	102	1.14706
34	110	1.20091
34	119	0.699859
34	131	0.778362
34	145	1.19034
34	164	1.19688
34	172	0.645747
34	179	0.739368
35	8	1.27764
35	20	1.20337
35	36	1.1502
35	46	1.23255
35	80	1.23724
35	82	1.23724
35	143	1.24593
35	145	0.727775
35	150	0.668793
35	151	1.21585
35	156	0.669413
35	173	0.702974
35	177	0.722143
35	178	0.716925
36	8	1.12908
36	20	1.05481
36	35	1.1502
36	46	1.08399
36	53	1.0399
36	80	1.08868
36	82	1.08868
36	143	1.09737
36	151	1.06729
36	156	0.814061
36	158	0.847367
36	168	0.841486
36	175	0.845424
36	179	0.858357
37	67	0.707693
37	74	0.809202
37	111	0.920021
37	126	0.866757
37	151	0.889753
37	166	1.09672
37	167	1.06813
37	168	1.09261
37	173	1.10591
37	176	1.09127
37	177	1.08088
37	178	1.07702
37	179	1.08658
37	180	1.10088
38	52	0.797718
38	59	1.10201
38	90	1.14504
38	98	1.09496
38	111	1.02616
38	114	1.07616
38	121	1.12616
38	154	0.846941
38	161	1.07998
38	164	1.07306
38	165	1.07645
38	167	0.873693
38	176	0.840619
38	179	0.84532
39	48	0.794819
39	72	0.669496
39	88	0.767106
39	113	0.753406
39	114	0.748981
39	136	0.758002
39	166	1.17349
39	171	1.17271
39	174	1.16626
39	175	1.16709
39	176	1.16804
39	177	1.15764
39	178	1.15378
39	179	1.16335
39	180	1.17764
40	25	1.30072
40	44	1.16178
40	63	1.17177
40	79	1.14383
40	81	1.15811
40	105	1.12941
40	107	0.818309
40	146	1.13299
40	151	1.14368
40	165	1.15772
40	166	0.754966
40	169	0.759538
40	171	0.757069
40	172	0.668725
40	175	0.749413
41	27	1.11174
41	31	1.50822
41	57	1.17897
41	83	1.14114
41	89	1.06628
41	102	1.08771
41	110	1.14155
41	129	0.749919
41	138	0.811622
41	150	0.728371
41	151	1.12687
41	164	1.13752
41	169	0.770479
41	171	0.76801
41	172	0.679666
42	12	1.28281
42	32	1.22579
42	47	1.10591
42	55	1.10269
42	62	0.850443
42	64	1.04839
42	71	1.11839
42	74	1.18839
42	145	0.753934
42	159	0.704172
42	162	1.17289
42	168	0.722997
42	170	0.741912
42	171	0.734591
42	172	1.25473
43	16	1.17627
43	51	1.22888
43	52	1.08306
43	88	1.09249
43	91	1.09249
43	93	1.32203
43	128	1.16449
43	156	0.738579
43	157	1.17008
43	161	0.762
43	162	1.17021
43	163	0.769244
43	168	0.766005
43	172	0.689254
43	179	0.782876
44	3	1.20115
44	6	1.20582
44	40	1.16178
44	68	0.784596
44	79	1.15119
44	81	1.16547
44	92	0.705422
44	99	1.17239
44	105	1.13677
44	146	1.14035
44	153	0.769279
44	165	1.16508
44	166	0.740832
44	167	0.776586
44	168	0.731341
45	1	0.615761
45	10	1.20138
45	15	1.0303
45	18	1.10864
45	24	0.796801
45	33	1.06366
45	67	1.41987
45	128	1.17698
45	130	1.15839
45	157	1.18257
45	159	0.744493
45	164	1.1582
45	169	0.777381
45	170	0.782233
45	177	0.788623
46	8	1.21144
46	20	1.13716
46	35	1.23255
46	36	1.08399
46	53	1.12226
46	80	1.17103
46	82	1.17103
46	109	0.779842
46	115	1.17483
46	129	1.19571
46	146	0.776462
46	149	0.760404
46	154	0.736444
46	168	0.717951
46	170	0.736866
47	12	1.24618
47	13	0.993009
47	32	1.18917
47	42	1.10591
47	55	1.06606
47	64	1.01177
47	71	1.08177
47	74	1.15177
47	152	0.774177
47	153	0.82428
47	162	1.13627
47	169	0.800405
47	172	1.21811
47	174	0.812395
47	175	0.790281
47	178	0.806429
48	2	1.11213
48	11	1.13557
48	23	1.05389
48	39	0.794819
48	61	1.11329
48	72	1.1945
48	73	1.05462
48	84	0.826535
48	99	1.10462
48	128	1.1127
48	129	0.78029
48	154	0.80528
48	162	1.11842
48	172	1.20026
48	173	0.792923
48	178	0.806874
49	85	1.21187
49	101	1.26872
49	117	1.24936
49	118	0.770167
49	122	1.20236
49	123	1.26703
49	124	1.26243
49	125	1.2679
49	127	1.23315
49	133	1.23719
49	139	0.685126
49	159	0.661428
49	172	0.603503
49	173	0.686389
49	177	0.705558
49	179	0.697125
50	2	0.683869
50	56	0.77071
50	67	0.524367
50	69	0.716155
50	88	1.20926
50	89	1.19124
50	91	1.20926
50	102	1.21267
50	110	1.26652
50	122	0.727905
50	147	0.682887
50	162	1.28698
50	165	0.686394
50	174	1.27186
50	179	1.26895
50	180	1.28325
51	16	1.26798
51	43	1.22888
51	52	1.17478
51	88	1.18421
51	91	1.18421
51	93	1.41374
51	119	0.646817
51	126	1.22248
51	130	0.708168
51	149	0.711908
51	157	1.2618
51	162	1.26192
51	166	0.678946
51	174	0.695508
51	176	0.681626
51	179	0.686326
52	9	1.1322
52	16	1.12216
52	38	0.797718
52	43	1.08306
52	51	1.17478
52	77	0.746918
52	88	1.03838
52	91	1.03838
52	93	1.26792
52	120	0.833506
52	143	1.11103
52	155	0.793541
52	157	1.11598
52	162	1.1161
52	177	0.828179
52	180	0.806712
53	8	1.16734
53	20	1.09307
53	36	1.0399
53	46	1.12226
53	77	0.744972
53	80	1.12694
53	82	1.12694
53	115	1.13074
53	119	0.77829
53	129	1.15162
53	143	1.13563
53	151	1.10555
53	167	0.846172
53	168	0.800928
53	170	0.819843
53	179	0.817799
54	80	1.12376
54	82	1.12376
54	96	1.15005
54	97	0.865106
54	103	1.10662
54	125	0.758006
54	128	0.754312
54	136	0.805816
54	140	0.822646
54	151	1.10237
54	164	0.786379
54	165	1.11642
54	177	1.11379
54	178	1.10993
54	179	1.1195
54	180	1.13379
55	13	0.989787
55	30	1.27196
55	32	1.18595
55	42	1.10269
55	47	1.06606
55	64	1.00854
55	71	1.07854
55	74	1.14854
55	119	0.779632
55	150	0.774225
55	161	0.798266
55	162	1.13304
55	172	1.21489
55	173	0.808406
55	174	0.828323
55	179	0.819142
56	50	0.77071
56	60	1.04593
56	69	1.11636
56	86	1.09311
56	96	1.161
56	97	0.799782
56	100	1.15144
56	103	1.11756
56	137	0.846355
56	146	1.10263
56	149	1.13627
56	152	0.81196
56	157	1.14834
56	165	1.12736
56	172	0.747375
56	180	0.827963
57	29	1.35541
57	31	1.56639
57	41	1.17897
57	78	0.678282
57	83	1.19932
57	89	1.12446
57	102	1.14588
57	109	0.727143
57	110	1.19973
57	112	1.23414
57	163	0.668492
57	164	1.1957
57	173	0.671388
57	174	0.691306
57	177	0.690557
57	179	0.682124
58	75	1.13708
58	78	0.740767
58	106	1.18185
58	116	1.20086
58	129	0.721241
58	134	1.20124
58	135	1.18407
58	136	1.17495
58	140	1.17304
58	141	1.23824
58	144	1.18531
58	147	1.22336
58	152	0.715573
58	159	0.708913
58	160	0.751323
58	176	0.739909
58	180	0.731576
59	4	1.21889
59	38	1.10201
59	90	1.25518
59	98	1.2051
59	111	1.1363
59	114	1.1863
59	121	1.2363
59	146	0.76285
59	149	0.746792
59	158	0.71022
59	161	1.19012
59	164	1.1832
59	165	1.18659
59	167	0.749583
59	173	0.710474
59	179	0.72121
59	180	0.708176
60	7	1.12983
60	17	0.781837
60	56	1.04593
60	69	1.0686
60	86	1.04535
60	96	1.11324
60	100	1.10368
60	103	1.0698
60	146	1.05487
60	149	1.08851
60	157	1.10058
60	161	0.85263
60	165	1.0796
60	166	0.866125
60	176	0.868805
60	178	0.876721
60	180	0.860472
61	2	1.19182
61	11	1.21526
61	23	1.13358
61	48	1.11329
61	72	1.2742
61	73	1.13431
61	119	0.699994
61	128	1.19239
61	145	1.16708
61	148	0.732675
61	155	0.7133
61	158	0.728514
61	162	1.19812
61	166	0.732123
61	167	0.767877
61	172	1.27996
61	176	0.734803
62	42	0.850443
62	63	0.814828
62	100	0.855562
62	103	0.876425
62	116	0.8663
62	125	0.829607
62	169	1.08292
62	170	1.08883
62	171	1.08594
62	173	1.09591
62	174	1.07949
62	175	1.08032
62	176	1.08127
62	177	1.07087
62	178	1.06701
62	179	1.07658
62	180	1.09087
63	5	1.19244
63	6	1.21582
63	25	1.31807
63	40	1.17177
63	62	0.814828
63	79	1.16119
63	81	1.17546
63	99	1.18238
63	105	1.14676
63	107	0.760216
63	118	0.777295
63	130	0.726094
63	151	1.16103
63	165	1.17507
63	170	0.706296
63	172	0.610631
63	177	0.712686
64	12	1.18867
64	13	0.935491
64	30	1.21766
64	32	1.13165
64	42	1.04839
64	47	1.01177
64	55	1.00854
64	71	1.02425
64	74	1.09425
64	142	0.837985
64	159	0.830339
64	161	0.84516
64	162	1.07875
64	166	0.858655
64	172	1.16059
64	176	0.861335
64	177	0.874469
65	20	0.806991
65	34	0.768484
65	83	0.777873
65	101	0.773993
65	117	0.77324
65	125	0.748148
65	128	0.744454
65	158	1.15603
65	169	1.14591
65	170	1.15182
65	173	1.1589
65	174	1.14248
65	175	1.14331
65	176	1.14426
65	177	1.13386
65	178	1.13
65	179	1.13957
65	180	1.15386
66	92	0.745547
66	95	1.16552
66	104	1.12662
66	113	1.14404
66	116	1.14871
66	131	0.82733
66	134	1.14909
66	135	1.13192
66	136	1.12279
66	140	1.12088
66	141	1.18608
66	144	1.13315
66	146	0.829977
66	147	1.17121
66	148	0.781508
66	159	0.75264
66	172	0.694715
66	173	0.777601
67	10	1.4591
67	15	1.28801
67	18	1.36636
67	33	1.32137
67	37	0.707693
67	45	1.41987
67	50	0.524367
67	112	1.45436
67	128	1.4347
67	148	0.587825
67	149	0.620236
67	157	1.44029
67	158	0.583664
67	164	1.41592
67	167	0.623027
67	168	0.577783
67	177	0.603087
67	180	0.58162
68	44	0.784596
68	83	0.78514
68	125	0.755416
68	128	0.751722
68	141	0.75176
68	143	0.779021
68	157	0.784173
68	167	1.12429
68	169	1.14909
68	170	1.15499
68	173	1.16207
68	174	1.14565
68	175	1.14649
68	176	1.14743
68	177	1.13703
68	178	1.13318
68	179	1.14274
68	180	1.15704
69	7	1.20025
69	50	0.716155
69	56	1.11636
69	60	1.0686
69	77	0.713615
69	84	0.809318
69	86	1.11578
69	96	1.18366
69	100	1.17411
69	103	1.14022
69	118	0.859484
69	132	1.15469
69	142	0.758391
69	146	1.12529
69	157	1.17101
69	158	0.775452
69	165	1.15002
69	173	0.775706
70	8	0.730555
70	101	0.770328
70	108	0.771007
70	115	0.749051
70	123	0.767454
70	140	0.809124
70	144	0.79462
70	166	1.14887
70	168	1.14475
70	169	1.14507
70	170	1.15097
70	173	1.15805
70	174	1.14164
70	175	1.14247
70	176	1.14342
70	177	1.13302
70	179	1.13872
70	180	1.15302
71	12	1.25867
71	13	1.00549
71	30	1.28766
71	32	1.20165
71	42	1.11839
71	47	1.08177
71	55	1.07854
71	64	1.02425
71	74	1.16425
71	142	0.745955
71	149	0.799588
71	155	0.747802
71	162	1.14875
71	167	0.802379
71	172	1.23059
71	174	0.783187
71	175	0.761073
71	176	0.769305
72	2	1.27304
72	23	1.2148
72	39	0.669496
72	48	1.1945
72	61	1.2742
72	73	1.21552
72	99	1.26553
72	107	0.734299
72	128	1.27361
72	137	0.683694
72	145	1.2483
72	156	0.634039
72	162	1.27933
72	166	0.670955
72	171	0.673058
72	172	1.36117
72	175	0.665403
72	179	0.678336
73	1	0.640939
73	2	1.13315
73	11	1.15659
73	17	1.22805
73	23	1.07491
73	48	1.05462
73	61	1.13431
73	72	1.21552
73	128	1.13372
73	145	1.10841
73	156	0.761071
73	161	0.784492
73	162	1.13944
73	172	1.22128
73	174	0.814549
73	175	0.792435
73	176	0.800667
73	177	0.813801
74	12	1.32867
74	13	1.07549
74	30	1.35766
74	32	1.27165
74	37	0.809202
74	42	1.18839
74	47	1.15177
74	55	1.14854
74	64	1.09425
74	71	1.16425
74	129	0.672794
74	146	0.737803
74	149	0.721745
74	153	0.717229
74	156	0.651866
74	162	1.21875
74	169	0.693354
74	172	1.30059
74	174	0.705345
75	24	0.824059
75	58	1.13708
75	76	1.05556
75	106	1.09259
75	107	0.863411
75	108	1.14779
75	116	1.1116
75	134	1.11198
75	135	1.09481
75	136	1.08569
75	140	1.08378
75	141	1.14898
75	144	1.09605
75	147	1.1341
75	160	0.814161
75	161	0.786572
75	170	0.809491
75	177	0.815881
75	180	0.794414
76	75	1.05556
76	78	0.825128
76	95	1.13615
76	106	1.10033
76	113	1.11468
76	116	1.11934
76	134	1.11972
76	135	1.10255
76	136	1.09343
76	137	0.834329
76	140	1.09152
76	144	1.10379
76	147	1.14184
76	149	1.12108
76	167	0.857344
76	168	0.812099
76	172	0.735349
76	175	0.816038
76	179	0.828971
77	22	0.729002
77	52	0.746918
77	53	0.744972
77	69	0.713615
77	89	0.726337
77	121	0.659028
77	134	0.690874
77	165	0.683854
77	168	1.20991
77	170	1.21613
77	171	1.21324
77	173	1.22321
77	174	1.20679
77	175	1.20763
77	176	1.20857
77	177	1.19817
77	178	1.19431
77	179	1.20388
77	180	1.21817
78	57	0.678282
78	58	0.740767
78	76	0.825128
78	117	0.740282
78	126	0.749875
78	132	0.744451
78	144	0.765327
78	147	0.749332
78	166	1.17116
78	169	1.16736
78	170	1.17327
78	171	1.17038
78	173	1.18035
78	174	1.16393
78	175	1.16476
78	176	1.16571
78	177	1.15531
78	178	1.15145
78	179	1.16102
78	180	1.17531
79	3	1.18321
79	5	1.1645
79	6	1.18788
79	25	1.29013
79	40	1.14383
79	44	1.15119
79	63	1.16119
79	81	1.14752
79	105	1.11882
79	112	1.18219
79	146	1.1224
79	152	0.739909
79	153	0.790012
79	159	0.733249
79	160	0.775659
79	163	0.755314
79	165	1.14713
79	172	0.675324
79	178	0.772161
79	179	0.768946
80	8	1.21612
80	20	1.14185
80	35	1.23724
80	36	1.08868
80	46	1.17103
80	53	1.12694
80	54	1.12376
80	82	1.17572
80	115	1.17951
80	126	0.661209
80	129	1.2004
80	143	1.18441
80	151	1.15433
80	155	0.748635
80	156	0.730542
80	170	0.776882
80	174	0.784021
80	176	0.770138
80	179	0.774839
80	180	0.761805
81	3	1.19748
81	5	1.17877
81	6	1.20216
81	40	1.15811
81	44	1.16547
81	63	1.17546
81	79	1.14752
81	92	0.720501
81	105	1.1331
81	107	0.819254
81	112	1.19647
81	146	1.13668
81	151	1.14737
81	158	0.752301
81	165	1.16141
81	169	0.760483
81	172	0.66967
81	177	0.771725
81	178	0.766507
81	180	0.750258
82	8	1.21612
82	20	1.14185
82	35	1.23724
82	36	1.08868
82	46	1.17103
82	53	1.12694
82	54	1.12376
82	80	1.17572
82	115	1.17951
82	119	0.714446
82	129	1.2004
82	130	0.775797
82	143	1.18441
82	151	1.15433
82	154	0.755577
82	163	0.740323
82	167	0.782328
82	168	0.737084
82	169	0.751147
82	179	0.753955
83	27	1.1321
83	29	1.31758
83	34	1.2005
83	41	1.14114
83	57	1.19932
83	65	0.777873
83	68	0.78514
83	87	0.693106
83	89	1.08663
83	102	1.10806
83	110	1.16191
83	112	1.19632
83	118	0.821798
83	145	1.15134
83	151	1.14722
83	152	0.71972
83	155	0.722553
83	164	1.15787
83	175	0.735824
83	178	0.751972
84	48	0.826535
84	69	0.809318
84	114	0.780697
84	115	0.746476
84	127	0.792561
84	134	0.786577
84	164	0.770281
84	165	0.779557
84	167	1.10884
84	168	1.13332
84	169	1.13363
84	170	1.13954
84	171	1.13665
84	173	1.14662
84	174	1.1302
84	175	1.13104
84	176	1.13198
84	177	1.12158
84	178	1.11772
84	179	1.12729
84	180	1.14159
85	19	1.1174
85	22	1.10987
85	24	0.809813
85	49	1.21187
85	97	1.0663
85	115	1.14056
85	117	1.1353
85	122	1.08831
85	123	1.15298
85	124	1.14838
85	125	1.15385
85	127	1.1191
85	133	1.12314
85	138	0.831537
85	161	1.13295
85	167	0.821575
85	168	0.77633
85	171	0.787925
85	172	0.69958
85	174	0.802383
85	180	0.780168
86	7	1.177
86	56	1.09311
86	60	1.04535
86	69	1.11578
86	92	1.19681
86	96	1.16041
86	100	1.15086
86	103	1.11697
86	130	0.815467
86	131	0.832619
86	132	1.13144
86	145	0.807691
86	146	1.10204
86	148	0.786797
86	149	1.13569
86	157	1.14776
86	165	1.12677
86	169	0.790817
86	171	0.788349
86	172	0.700004
86	176	0.788925
87	2	0.698506
87	83	0.693106
87	101	0.689227
87	105	0.731916
87	116	0.700075
87	121	0.676205
87	123	0.686353
87	133	0.723488
87	157	0.692139
87	160	1.21296
87	166	1.23462
87	167	1.20603
87	169	1.23082
87	171	1.23384
87	174	1.22739
87	175	1.22823
87	176	1.22917
87	177	1.21877
87	178	1.21491
87	179	1.22448
87	180	1.23878
88	9	1.14163
88	16	1.13159
88	39	0.767106
88	43	1.09249
88	50	1.20926
88	51	1.18421
88	52	1.03838
88	91	1.04781
88	93	1.27735
88	94	0.986654
88	126	1.08609
88	128	1.11981
88	142	0.747896
88	143	1.12046
88	148	0.769118
88	157	1.1254
88	159	0.74025
88	161	0.755071
88	162	1.12553
88	170	0.77799
88	173	0.76521
89	27	1.05723
89	29	1.24272
89	31	1.45371
89	34	1.12564
89	41	1.06628
89	50	1.19124
89	57	1.12446
89	77	0.726337
89	83	1.08663
89	102	1.0332
89	110	1.08704
89	137	0.804523
89	145	1.07648
89	151	1.07236
89	163	0.785532
89	164	1.08301
89	167	0.827538
89	168	0.782293
89	173	0.788429
89	174	0.808346
89	175	0.786232
90	1	0.530801
90	38	1.14504
90	59	1.25518
90	94	0.905937
90	98	1.24813
90	99	1.23693
90	111	1.17933
90	114	1.22933
90	121	1.27933
90	126	1.21129
90	130	1.22642
90	146	0.736869
90	158	0.684239
90	161	1.23315
90	164	1.22623
90	165	1.22962
90	169	0.69242
90	173	0.684493
90	178	0.698444
90	179	0.695229
90	180	0.682195
91	1	0.6488
91	9	1.14163
91	16	1.13159
91	43	1.09249
91	50	1.20926
91	51	1.18421
91	52	1.03838
91	88	1.04781
91	93	1.27735
91	126	1.08609
91	128	1.11981
91	143	1.12046
91	153	0.834295
91	157	1.1254
91	159	0.777532
91	160	0.819942
91	162	1.12553
91	168	0.796357
91	169	0.81042
91	175	0.800296
91	177	0.821662
92	10	0.70443
92	14	0.684687
92	28	1.212
92	30	0.628509
92	44	0.705422
92	66	0.745547
92	81	0.720501
92	86	1.19681
92	97	1.16794
92	98	0.7025
92	100	1.25514
92	103	1.22126
92	124	1.25001
92	127	1.22074
92	143	0.699847
92	164	0.704615
92	165	1.23106
92	175	1.23789
92	178	1.22457
92	179	1.23414
92	180	1.24844
93	9	1.37116
93	16	1.36112
93	43	1.32203
93	51	1.41374
93	52	1.26792
93	88	1.27735
93	91	1.27735
93	118	0.690771
93	128	1.34934
93	143	1.34999
93	153	0.638795
93	157	1.35494
93	160	0.624442
93	162	1.35507
93	167	0.646102
93	170	0.619773
93	171	0.612452
93	173	0.606993
93	174	0.626911
93	177	0.626162
93	178	0.620944
94	16	0.900122
94	28	0.946722
94	88	0.986654
94	90	0.905937
94	107	0.984834
94	115	0.934308
94	126	0.964425
94	164	0.958113
94	166	1.03584
94	167	1.00725
94	168	1.03173
94	169	1.03204
94	170	1.03795
94	171	1.03506
94	173	1.04503
94	174	1.02861
94	175	1.02945
94	176	1.03039
94	177	1.01999
94	178	1.01613
94	179	1.0257
94	180	1.04
95	66	1.16552
95	76	1.13615
95	106	1.17319
95	108	1.22839
95	113	1.18753
95	132	1.18968
95	134	1.19257
95	135	1.1754
95	136	1.16628
95	140	1.16437
95	141	1.22957
95	144	1.17664
95	146	0.788377
95	147	1.21469
95	148	0.739908
95	153	0.767803
95	159	0.71104
95	160	0.75345
95	164	0.626795
95	169	0.743928
95	173	0.736001
95	176	0.742036
96	7	1.24489
96	54	1.15005
96	56	1.161
96	60	1.11324
96	69	1.18366
96	86	1.16041
96	100	1.21875
96	103	1.18486
96	132	1.19933
96	145	0.749282
96	146	1.16993
96	149	1.20358
96	153	0.756282
96	157	1.21565
96	165	1.19466
96	166	0.727836
96	168	0.718345
96	169	0.732408
96	170	0.73726
96	171	0.729939
96	178	0.738431
96	180	0.722182
97	19	1.08588
97	21	1.07602
97	28	1.07885
97	54	0.865106
97	56	0.799782
97	85	1.0663
97	92	1.16794
97	101	1.12315
97	117	1.10379
97	122	1.05679
97	123	1.12146
97	124	1.11686
97	125	1.12233
97	127	1.08758
97	130	0.847974
97	133	1.09162
97	137	0.831491
97	139	0.814134
97	161	1.10143
97	171	0.820855
97	173	0.815397
97	175	0.8132
98	4	1.21184
98	38	1.09496
98	59	1.2051
98	90	1.24813
98	92	0.7025
98	111	1.12925
98	114	1.17925
98	115	1.19068
98	121	1.22925
98	126	1.16121
98	129	1.21156
98	150	0.700374
98	161	1.18307
98	164	1.17615
98	165	1.17954
98	170	0.747334
98	171	0.740013
98	176	0.74059
98	177	0.753724
98	178	0.748506
98	179	0.74529
98	180	0.732257
99	44	1.17239
99	48	1.10462
99	63	1.18238
99	72	1.26553
99	90	1.23693
99	105	1.14002
99	111	1.11805
99	114	1.16805
99	119	0.700191
99	121	1.21805
99	138	0.778036
99	155	0.713497
99	162	1.18944
99	164	1.16494
99	165	1.16833
99	166	0.73232
99	171	0.734424
99	172	1.27129
99	174	0.748883
99	176	0.735
99	178	0.742916
99	180	0.726667
100	1	0.580559
100	7	1.23533
100	56	1.15144
100	60	1.10368
100	62	0.855562
100	69	1.17411
100	86	1.15086
100	92	1.25514
100	96	1.21875
100	103	1.17531
100	132	1.18978
100	146	1.16037
100	149	1.19402
100	157	1.20609
100	159	0.709291
100	161	0.724112
100	165	1.18511
100	167	0.773361
100	174	0.754169
100	175	0.732055
100	178	0.748203
100	180	0.731954
101	19	1.17425
101	21	1.16439
101	26	1.16069
101	49	1.26872
101	65	0.773993
101	70	0.770328
101	87	0.689227
101	97	1.12315
101	117	1.19215
101	122	1.14516
101	123	1.20983
101	124	1.20523
101	125	1.2107
101	127	1.17595
101	133	1.17999
101	156	0.700581
101	161	1.1898
101	168	0.728006
101	171	0.7396
101	173	0.734141
101	175	0.731944
101	176	0.740177
102	27	1.07866
102	29	1.26415
102	31	1.47513
102	34	1.14706
102	41	1.08771
102	50	1.21267
102	57	1.14588
102	83	1.10806
102	89	1.0332
102	110	1.10847
102	112	1.14288
102	120	0.795447
102	142	0.753636
102	145	1.0979
102	151	1.09378
102	152	0.75265
102	153	0.802752
102	154	0.783308
102	158	0.770696
102	164	1.10444
102	170	0.78373
102	172	0.688065
102	179	0.781686
103	7	1.20145
103	54	1.10662
103	56	1.11756
103	60	1.0698
103	62	0.876425
103	69	1.14022
103	86	1.11697
103	92	1.22126
103	96	1.18486
103	100	1.17531
103	119	0.72634
103	129	0.742481
103	131	0.804843
103	132	1.15589
103	146	1.12649
103	149	1.16014
103	152	0.736813
103	157	1.17221
103	163	0.752218
103	165	1.15122
103	175	0.752917
103	179	0.76585
103	180	0.752816
104	14	1.17263
104	66	1.12662
104	105	0.708101
104	106	1.13429
104	108	1.18949
104	113	1.14863
104	116	1.1533
104	126	1.12779
104	134	1.15368
104	135	1.13651
104	136	1.12738
104	140	1.12548
104	141	1.19067
104	144	1.13774
104	147	1.1758
104	155	0.761679
104	159	0.752186
104	161	0.767007
104	163	0.774251
104	174	0.797064
104	176	0.783182
104	178	0.791098
104	180	0.774849
105	3	1.16878
105	5	1.15007
105	6	1.17345
105	25	1.27571
105	40	1.12941
105	44	1.13677
105	63	1.14676
105	79	1.11882
105	81	1.1331
105	87	0.731916
105	99	1.14002
105	104	0.708101
105	112	1.16777
105	146	1.10798
105	151	1.11867
105	153	0.808632
105	154	0.789187
105	159	0.751869
105	161	0.76669
105	163	0.773934
105	165	1.13271
105	176	0.782865
105	177	0.795999
106	58	1.18185
106	75	1.09259
106	76	1.10033
106	95	1.17319
106	104	1.13429
106	108	1.19257
106	116	1.15637
106	134	1.15675
106	135	1.13959
106	136	1.13046
106	140	1.12855
106	141	1.19375
106	144	1.14082
106	147	1.17887
106	155	0.76006
106	161	0.765389
106	163	0.772632
106	168	0.769393
106	170	0.788308
106	172	0.692643
106	174	0.795446
106	175	0.773331
106	177	0.794698
107	5	0.789651
107	21	0.822238
107	40	0.818309
107	63	0.760216
107	72	0.734299
107	75	0.863411
107	81	0.819254
107	94	0.984834
107	132	0.804256
107	162	0.785787
107	163	1.12991
107	166	1.13646
107	167	1.10786
107	168	1.13235
107	169	1.13266
107	171	1.13568
107	173	1.14565
107	174	1.12923
107	175	1.13007
107	176	1.13101
107	177	1.12061
107	178	1.11675
107	179	1.12632
107	180	1.14061
108	14	1.23091
108	70	0.771007
108	75	1.14779
108	95	1.22839
108	104	1.18949
108	106	1.19257
108	112	0.609247
108	113	1.20691
108	116	1.21158
108	126	1.18607
108	134	1.21196
108	135	1.19479
108	136	1.18567
108	137	0.750915
108	140	1.18376
108	144	1.19603
108	147	1.23408
108	166	0.738176
108	168	0.728685
108	172	0.651935
108	175	0.732623
108	178	0.748772
108	179	0.745556
108	180	0.732523
109	8	0.750123
109	15	0.935981
109	19	0.819772
109	46	0.779842
109	57	0.727143
109	114	0.80284
109	136	0.811861
109	155	1.14462
109	162	0.774843
109	164	0.792424
109	166	1.12443
109	167	1.09583
109	168	1.12031
109	169	1.12063
109	170	1.12654
109	171	1.12365
109	173	1.13362
109	174	1.1172
109	175	1.11803
109	176	1.11898
109	177	1.10858
109	178	1.10472
109	179	1.11429
109	180	1.12858
110	27	1.13251
110	29	1.31799
110	31	1.52898
110	34	1.20091
110	41	1.14155
110	50	1.26652
110	57	1.19973
110	83	1.16191
110	89	1.08704
110	102	1.10847
110	112	1.19673
110	118	0.78405
110	130	0.73285
110	137	0.716367
110	145	1.15175
110	151	1.14763
110	160	0.717721
110	161	0.690133
110	164	1.15828
110	167	0.739381
110	169	0.7082
110	174	0.72019
110	175	0.698075
110	176	0.706308
111	4	1.14304
111	37	0.920021
111	38	1.02616
111	59	1.1363
111	90	1.17933
111	98	1.12925
111	99	1.11805
111	114	1.11045
111	115	1.12188
111	121	1.16045
111	126	1.09241
111	129	1.14277
111	130	1.10754
111	150	0.762066
111	152	0.777945
111	158	0.795992
111	161	1.11427
111	164	1.10735
111	165	1.11074
111	167	0.835355
111	171	0.801705
111	172	0.71336
111	175	0.794049
111	178	0.810197
112	18	1.14313
112	24	0.747649
112	33	1.09814
112	57	1.23414
112	67	1.45436
112	79	1.18219
112	81	1.19647
112	83	1.19632
112	102	1.14288
112	105	1.16777
112	108	0.609247
112	110	1.19673
112	137	0.736396
112	149	0.75662
112	151	1.18204
112	157	1.21706
112	163	0.717406
112	164	1.19269
112	165	1.19608
112	166	0.723657
112	169	0.728229
112	170	0.733081
112	174	0.740219
112	180	0.718004
113	14	1.19005
113	39	0.753406
113	66	1.14404
113	76	1.11468
113	95	1.18753
113	104	1.14863
113	108	1.20691
113	116	1.17072
113	118	0.835288
113	132	1.16821
113	134	1.1711
113	135	1.15393
113	136	1.14481
113	139	0.750248
113	140	1.1429
113	141	1.2081
113	142	0.734196
113	144	1.15517
113	145	0.776312
113	147	1.19322
113	152	0.73321
113	154	0.763868
113	168	0.745375
113	172	0.668625
113	173	0.75151
114	4	1.19304
114	38	1.07616
114	39	0.748981
114	59	1.1863
114	84	0.780697
114	90	1.22933
114	98	1.17925
114	99	1.16805
114	109	0.80284
114	111	1.11045
114	115	1.17188
114	120	0.771582
114	121	1.21045
114	126	1.14241
114	129	1.19277
114	130	1.15754
114	139	0.745823
114	148	0.750993
114	158	0.746831
114	161	1.16427
114	163	0.744189
114	164	1.15735
114	165	1.16074
114	172	0.6642
114	176	0.753121
115	20	1.14564
115	46	1.17483
115	53	1.13074
115	70	0.749051
115	80	1.17951
115	82	1.17951
115	84	0.746476
115	85	1.14056
115	94	0.934308
115	98	1.19068
115	111	1.12188
115	114	1.17188
115	117	1.17805
115	121	1.22188
115	122	1.13105
115	123	1.19573
115	133	1.16588
115	149	0.749182
115	165	1.17217
115	171	0.718323
115	176	0.7189
115	177	0.732034
115	178	0.726816
115	179	0.7236
115	180	0.710567
116	58	1.20086
116	62	0.8663
116	66	1.14871
116	75	1.1116
116	76	1.11934
116	87	0.700075
116	104	1.1533
116	106	1.15637
116	108	1.21158
116	113	1.17072
116	120	0.769486
116	134	1.17576
116	136	1.14947
116	140	1.14756
116	141	1.21276
116	143	1.18424
116	144	1.15983
116	147	1.19788
116	152	0.726689
116	156	0.711429
116	161	0.734849
116	163	0.742093
116	169	0.752916
116	176	0.751024
116	179	0.755725
117	22	1.14735
117	26	1.14132
117	49	1.24936
117	65	0.77324
117	78	0.740282
117	85	1.1353
117	97	1.10379
117	101	1.19215
117	115	1.17805
117	122	1.12579
117	123	1.19047
117	124	1.18586
117	125	1.19133
117	127	1.15658
117	132	1.17158
117	133	1.16062
117	137	0.749482
117	149	0.769706
117	153	0.76519
117	161	1.17044
117	166	0.736744
117	171	0.738847
117	174	0.753306
117	175	0.731191
117	177	0.752558
118	31	0.6403
118	49	0.770167
118	63	0.777295
118	69	0.859484
118	83	0.821798
118	93	0.690771
118	110	0.78405
118	113	0.835288
118	141	0.788418
118	160	1.12302
118	163	1.13813
118	165	0.829723
118	166	1.14468
118	167	1.11608
118	168	1.14056
118	169	1.14088
118	170	1.14678
118	171	1.14389
118	173	1.15386
118	174	1.13745
118	175	1.13828
118	176	1.13923
118	177	1.12883
118	178	1.12497
118	179	1.13453
118	180	1.14883
119	16	0.649904
119	32	0.659016
119	34	0.699859
119	51	0.646817
119	53	0.77829
119	55	0.779632
119	61	0.699994
119	82	0.714446
119	99	0.700191
119	103	0.72634
119	140	0.744163
119	163	1.21299
119	166	1.21954
119	167	1.19095
119	168	1.21543
119	169	1.21575
119	170	1.22165
119	171	1.21876
119	173	1.22873
119	174	1.21231
119	175	1.21315
119	176	1.21409
119	177	1.2037
119	178	1.19984
119	179	1.2094
119	180	1.2237
120	7	0.759432
120	11	0.733689
120	26	0.802885
120	52	0.833506
120	102	0.795447
120	114	0.771582
120	116	0.769486
120	132	0.762054
120	140	0.797434
120	153	1.12248
120	160	1.12406
120	165	0.770442
120	166	1.14572
120	167	1.11712
120	168	1.1416
120	169	1.14192
120	170	1.14783
120	171	1.14494
120	173	1.15491
120	174	1.13849
120	175	1.13932
120	176	1.14027
120	177	1.12987
120	178	1.12601
120	179	1.13558
120	180	1.14987
121	4	1.24304
121	38	1.12616
121	59	1.2363
121	77	0.659028
121	87	0.676205
121	90	1.27933
121	98	1.22925
121	99	1.21805
121	111	1.16045
121	114	1.21045
121	115	1.22188
121	126	1.19241
121	129	1.24277
121	130	1.20754
121	138	0.77019
121	145	0.74592
121	156	0.687559
121	161	1.21427
121	163	0.718223
121	164	1.20735
121	165	1.21074
121	170	0.733899
121	171	0.726578
121	172	0.638233
121	173	0.721119
121	178	0.73507
122	1	1.36701
122	19	1.10788
122	22	1.10035
122	28	1.10085
122	49	1.20236
122	50	0.727905
122	85	1.08831
122	97	1.05679
122	101	1.14516
122	115	1.13105
122	117	1.12579
122	123	1.14347
122	124	1.13886
122	125	1.14433
122	127	1.10959
122	132	1.12458
122	133	1.11362
122	145	0.812257
122	148	0.791363
122	154	0.799813
122	169	0.795383
122	172	0.70457
122	173	0.787456
122	177	0.806625
122	178	0.801407
122	180	0.785158
123	19	1.17256
123	21	1.1627
123	22	1.16503
123	28	1.16553
123	49	1.26703
123	70	0.767454
123	85	1.15298
123	87	0.686353
123	97	1.12146
123	101	1.20983
123	115	1.19573
123	117	1.19047
123	122	1.14347
123	124	1.20354
123	125	1.20901
123	127	1.17426
123	133	1.1783
123	146	0.783643
123	150	0.697087
123	158	0.731013
123	159	0.706307
123	161	1.18811
123	167	0.770376
123	169	0.739195
123	174	0.751185
123	176	0.737303
123	179	0.742003
124	21	1.1581
124	22	1.16043
124	26	1.1544
124	49	1.26243
124	85	1.14838
124	92	1.25001
124	97	1.11686
124	101	1.20523
124	117	1.18586
124	122	1.13886
124	123	1.20354
124	125	1.20441
124	127	1.16966
124	129	0.718715
124	132	1.18465
124	133	1.17369
124	139	0.730084
124	148	0.735254
124	153	0.763149
124	156	0.697787
124	160	0.748796
124	161	1.18351
124	167	0.770456
124	169	0.739275
124	171	0.736806
124	178	0.745298
124	180	0.729049
125	19	1.17342
125	21	1.16357
125	22	1.1659
125	26	1.15987
125	49	1.2679
125	54	0.758006
125	62	0.829607
125	65	0.748148
125	68	0.755416
125	85	1.15385
125	97	1.12233
125	101	1.2107
125	117	1.19133
125	122	1.14433
125	123	1.20901
125	124	1.20441
125	127	1.17513
125	131	0.758026
125	132	1.19012
125	133	1.17916
125	156	0.674736
125	161	1.18898
125	168	0.702161
125	171	0.713755
125	174	0.728214
125	178	0.722248
125	179	0.719032
126	9	1.1799
126	37	0.866757
126	51	1.22248
126	78	0.749875
126	80	0.661209
126	88	1.08609
126	90	1.21129
126	91	1.08609
126	94	0.964425
126	98	1.16121
126	104	1.12779
126	108	1.18607
126	111	1.09241
126	114	1.14241
126	121	1.19241
126	134	1.15026
126	136	1.12396
126	143	1.15874
126	145	0.767783
126	147	1.17238
126	162	1.16381
126	163	0.740085
126	165	1.1427
126	166	0.746337
126	168	0.736846
126	172	0.660096
126	177	0.762151
126	179	0.753718
127	19	1.13867
127	21	1.12882
127	26	1.12512
127	28	1.13165
127	49	1.23315
127	84	0.792561
127	85	1.1191
127	92	1.22074
127	97	1.08758
127	101	1.17595
127	117	1.15658
127	122	1.10959
127	123	1.17426
127	124	1.16966
127	125	1.17513
127	129	0.746316
127	132	1.15537
127	133	1.14441
127	139	0.757686
127	152	0.740648
127	161	1.15423
127	167	0.798058
127	168	0.752813
127	170	0.771728
127	173	0.758948
127	176	0.764984
127	178	0.7729
127	180	0.756651
128	18	1.12346
128	33	1.07848
128	43	1.16449
128	45	1.17698
128	48	1.1127
128	54	0.754312
128	61	1.19239
128	65	0.744454
128	67	1.4347
128	68	0.751722
128	72	1.27361
128	73	1.13372
128	88	1.11981
128	91	1.11981
128	93	1.34934
128	130	1.17322
128	138	0.753673
128	149	0.74092
128	154	0.716959
128	157	1.1974
128	158	0.704348
128	162	1.19753
128	164	1.17303
128	169	0.71253
128	172	1.27937
128	173	0.704602
128	175	0.702405
128	177	0.723772
128	180	0.702304
129	9	0.698968
129	10	0.723852
129	41	0.749919
129	46	1.19571
129	48	0.78029
129	53	1.15162
129	58	0.721241
129	74	0.672794
129	80	1.2004
129	82	1.2004
129	98	1.21156
129	103	0.742481
129	111	1.14277
129	114	1.19277
129	121	1.24277
129	124	0.718715
129	127	0.746316
129	132	0.724925
129	141	0.692008
129	143	1.20909
129	151	1.17901
129	157	0.724421
129	164	1.18966
129	175	1.19988
129	176	1.20082
129	177	1.19042
129	178	1.18657
129	179	1.19613
129	180	1.21043
130	3	0.744725
130	15	1.02653
130	30	0.693141
130	33	1.05989
130	45	1.15839
130	51	0.708168
130	63	0.726094
130	82	0.775797
130	86	0.815467
130	90	1.22642
130	97	0.847974
130	110	0.73285
130	111	1.10754
130	114	1.15754
130	121	1.20754
130	128	1.17322
130	136	0.788683
130	143	0.764478
130	151	0.798555
130	157	1.17881
130	164	1.15444
130	165	1.15783
130	171	1.17027
130	175	1.16465
130	176	1.1656
130	177	1.1552
130	179	1.16091
130	180	1.1752
131	3	0.761877
131	18	0.808682
131	28	0.775008
131	34	0.778362
131	66	0.82733
131	86	0.832619
131	103	0.804843
131	125	0.758026
131	132	0.787287
131	135	0.793211
131	153	1.10912
131	155	1.15254
131	159	1.14621
131	162	0.768817
131	163	1.1258
131	166	1.13235
131	167	1.10376
131	168	1.12824
131	169	1.12856
131	170	1.13446
131	171	1.13157
131	173	1.14154
131	174	1.12512
131	175	1.12596
131	176	1.1269
131	177	1.1165
131	178	1.11265
131	179	1.12221
131	180	1.13651
132	69	1.15469
132	78	0.744451
132	86	1.13144
132	95	1.18968
132	96	1.19933
132	100	1.18978
132	103	1.15589
132	107	0.804256
132	113	1.16821
132	117	1.17158
132	120	0.762054
132	122	1.12458
132	124	1.18465
132	125	1.19012
132	127	1.15537
132	129	0.724925
132	131	0.787287
132	133	1.15941
132	136	1.14696
132	140	1.14505
132	141	1.21025
132	142	0.720243
132	144	1.15732
132	163	0.734661
132	165	1.16569
132	169	0.745485
132	170	0.750337
132	176	0.743593
132	177	0.756727
132	180	0.735259
133	1	1.40184
133	21	1.13285
133	22	1.13518
133	26	1.12916
133	28	1.13568
133	49	1.23719
133	85	1.12314
133	87	0.723488
133	97	1.09162
133	101	1.17999
133	115	1.16588
133	117	1.16062
133	122	1.11362
133	123	1.1783
133	124	1.17369
133	125	1.17916
133	127	1.14441
133	132	1.15941
133	139	0.76714
133	148	0.77231
133	150	0.734222
133	161	1.15827
133	162	0.641615
133	170	0.781182
133	171	0.773861
133	172	0.685517
133	174	0.78832
133	176	0.774438
133	177	0.787572
133	178	0.782354
134	58	1.20124
134	66	1.14909
134	75	1.11198
134	76	1.11972
134	77	0.690874
134	84	0.786577
134	95	1.19257
134	104	1.15368
134	106	1.15675
134	108	1.21196
134	113	1.1711
134	116	1.17576
134	126	1.15026
134	135	1.15897
134	136	1.14985
134	140	1.14794
134	141	1.21314
134	144	1.16021
134	147	1.19826
134	149	1.1775
134	155	0.737497
134	159	0.728004
134	166	0.75632
134	168	0.74683
134	169	0.760892
134	170	0.765744
134	175	0.750768
134	177	0.772134
134	178	0.766916
134	180	0.750667
135	1	1.39851
135	14	1.17793
135	58	1.18407
135	66	1.13192
135	75	1.09481
135	76	1.10255
135	95	1.1754
135	104	1.13651
135	106	1.13959
135	108	1.19479
135	113	1.15393
135	131	0.793211
135	134	1.15897
135	136	1.13268
135	140	1.13077
135	141	1.19597
135	143	1.16745
135	144	1.14304
135	145	0.768283
135	146	0.795858
135	147	1.18109
135	160	0.760931
135	163	0.740586
135	166	0.746837
135	168	0.737346
135	171	0.748941
135	172	0.660596
135	174	0.763399
135	178	0.757433
135	180	0.741184
136	39	0.758002
136	54	0.805816
136	58	1.17495
136	66	1.12279
136	75	1.08569
136	76	1.09343
136	95	1.16628
136	104	1.12738
136	106	1.13046
136	108	1.18567
136	109	0.811861
136	113	1.14481
136	116	1.14947
136	126	1.12396
136	130	0.788683
136	132	1.14696
136	134	1.14985
136	135	1.13268
136	138	0.805177
136	139	0.754843
136	140	1.12165
136	141	1.18685
136	144	1.13392
136	147	1.17197
136	149	1.15121
136	154	0.768463
136	161	0.745966
136	167	0.795215
136	170	0.768886
136	175	0.753909
136	180	0.753808
137	22	0.807188
137	56	0.846355
137	72	0.683694
137	76	0.834329
137	89	0.804523
137	97	0.831491
137	108	0.750915
137	110	0.716367
137	112	0.736396
137	117	0.749482
137	144	0.774527
137	150	1.16592
137	156	1.16791
137	159	1.15898
137	160	1.12347
137	163	1.13857
137	165	0.762039
137	166	1.14512
137	167	1.11653
137	168	1.14101
137	169	1.14133
137	170	1.14723
137	171	1.14434
137	173	1.15431
137	174	1.13789
137	175	1.13873
137	176	1.13968
137	177	1.12928
137	178	1.12542
137	179	1.13498
137	180	1.14928
138	9	0.760672
138	11	0.758264
138	12	0.690589
138	32	0.73686
138	41	0.811622
138	85	0.831537
138	99	0.778036
138	121	0.77019
138	128	0.753673
138	136	0.805177
138	151	0.815049
138	152	1.14566
138	154	1.10247
138	158	1.15693
138	160	1.12895
138	163	1.14406
138	164	0.78574
138	166	1.15061
138	167	1.12201
138	168	1.1465
138	169	1.14681
138	170	1.15272
138	171	1.14983
138	173	1.1598
138	174	1.14338
