1	67	2.18134
1	71	0.66742
1	121	0.697966
1	129	0.643477
1	151	0.605658
1	160	0.663304
1	163	0.673623
1	164	0.662865
1	167	0.655273
1	170	0.66045
1	179	0.641437
1	180	0.625486
2	6	0.696964
2	8	0.698414
2	11	0.774477
2	17	0.783423
2	18	0.763023
2	20	0.679296
2	31	0.739751
2	52	0.740181
2	71	2.70773
2	110	0.615263
2	143	0.717238
2	173	4.79969
3	21	0.785125
3	32	0.751269
3	64	0.727036
3	76	0.777065
3	77	0.757905
3	81	0.656889
3	83	0.709915
3	84	0.748252
3	97	4.7629
3	161	0.703179
3	166	2.56486
3	172	0.596559
4	5	0.766182
4	10	0.844834
4	13	0.759238
4	23	0.743038
4	35	0.883623
4	36	0.803281
4	37	0.803653
4	40	0.80404
4	43	0.804355
4	99	2.75505
4	126	3.28845
4	132	2.62702
5	4	0.766182
5	7	0.777309
5	10	0.767323
5	13	0.681727
5	23	0.665528
5	36	0.72577
5	37	0.726142
5	40	0.726529
5	43	0.726844
5	148	0.648023
5	162	4.28477
5	176	2.9497
6	2	0.696964
6	8	0.698587
6	11	0.77465
6	15	0.763222
6	17	0.783597
6	20	0.679469
6	31	0.739925
6	52	0.740354
6	110	0.615436
6	121	1.52123
6	143	0.717411
6	180	6.40148
7	5	0.777309
7	13	0.770365
7	23	0.754165
7	35	0.89475
7	36	0.814408
7	37	0.81478
7	40	0.815167
7	43	0.815482
7	111	2.69792
7	148	0.736661
7	150	3.75517
7	166	2.32824
8	2	0.698414
8	6	0.698587
8	11	0.776099
8	15	0.764672
8	18	0.764645
8	20	0.680918
8	31	0.741374
8	52	0.741804
8	110	0.616885
8	137	2.46843
8	143	0.71886
8	165	4.65957
9	24	0.752242
9	28	0.667242
9	29	0.833996
9	47	0.745704
9	55	0.75967
9	99	0.659187
9	110	0.61228
9	116	0.738792
9	143	0.714255
9	146	0.639946
9	173	3.73585
9	178	3.84422
10	4	0.844834
10	5	0.767323
10	23	0.744179
10	35	0.884763
10	36	0.804422
10	37	0.804793
10	40	0.80518
10	43	0.805496
10	97	3.6371
10	126	2.64952
10	148	0.726675
10	165	2.36916
11	2	0.774477
11	6	0.77465
11	8	0.776099
11	15	0.840735
11	18	0.840709
11	20	0.756982
11	31	0.817437
11	52	0.817867
11	96	3.99467
11	117	1.53638
11	143	0.794924
11	176	3.01671
12	56	0.824602
12	96	0.787077
12	105	0.831404
12	106	0.80214
12	109	0.811178
12	118	0.843989
12	122	0.830744
12	161	0.788796
12	166	2.11782
12	169	2.89183
12	171	3.55696
12	172	0.682176
13	4	0.759238
13	5	0.681727
13	7	0.770365
13	23	0.658583
13	35	0.799167
13	36	0.718826
13	37	0.719197
13	40	0.719584
13	43	0.7199
13	128	4.0626
13	147	2.91597
13	148	0.641079
14	49	0.842605
14	68	0.815202
14	72	0.802965
14	78	0.790998
14	80	0.847932
14	85	0.820426
14	86	0.820476
14	96	2.68114
14	148	3.48896
14	171	2.79164
14	173	0.740015
14	175	0.725653
15	6	0.763222
15	8	0.764672
15	11	0.840735
15	17	0.849681
15	18	0.829281
15	20	0.745554
15	31	0.806009
15	52	0.806439
15	94	2.8581
15	120	3.51231
15	142	2.13732
15	143	0.783496
16	25	0.764774
16	67	0.710997
16	73	0.703975
16	87	0.724914
16	93	0.725575
16	95	0.714513
16	103	0.719793
16	107	0.725048
16	108	0.715224
16	114	0.715235
16	139	5.92582
16	170	2.18009
17	2	0.783423
17	6	0.783597
17	15	0.849681
17	18	0.849655
17	20	0.765928
17	31	0.826384
17	52	0.826813
17	110	0.701895
17	143	0.80387
17	150	2.688
17	173	3.47198
17	174	2.93261
18	2	0.763023
18	8	0.764645
18	11	0.840709
18	15	0.829281
18	17	0.849655
18	20	0.745527
18	31	0.805983
18	52	0.806413
18	104	2.21186
18	143	0.78347
18	171	2.62243
18	179	4.35956
19	56	0.72368
19	63	0.717833
19	89	0.724881
19	105	0.730482
19	106	0.744547
19	109	0.710256
19	115	0.718454
19	118	0.743067
19	122	0.729822
19	144	2.16602
19	146	0.635962
19	170	5.75923
19	172	0.581254
20	2	0.679296
20	6	0.679469
20	8	0.680918
20	11	0.756982
20	15	0.745554
20	17	0.765928
20	18	0.745527
20	31	0.722256
20	52	0.722686
20	71	3.69227
20	110	0.597768
20	143	0.699743
20	163	4.06419
21	3	0.785125
21	22	0.769285
21	64	0.798691
21	76	0.848719
21	77	0.829559
21	81	0.728543
21	83	0.781569
21	84	0.819906
21	131	2.92182
21	133	2.53101
21	157	3.13508
21	161	0.774834
21	172	0.668214
22	21	0.769285
22	39	0.744418
22	42	3.06507
22	44	0.743908
22	64	0.711196
22	76	0.761225
22	77	0.742065
22	81	0.641049
22	83	0.694075
22	84	0.732412
22	157	4.41506
22	161	0.687339
22	172	0.580719
23	4	0.743038
23	5	0.665528
23	7	0.754165
23	10	0.744179
23	13	0.658583
23	35	0.782968
23	36	0.702626
23	37	0.702998
23	40	0.703385
23	43	0.7037
23	146	4.37419
23	148	0.624879
23	170	3.80148
24	9	0.752242
24	28	0.728659
24	29	0.895412
24	47	0.80712
24	88	0.805052
24	99	0.720604
24	110	0.673697
24	116	0.800208
24	126	2.61898
24	136	3.18781
24	143	0.775672
24	146	0.701362
24	167	3.68976
25	16	0.764774
25	51	0.747148
25	65	0.788719
25	73	0.783111
25	103	0.798928
25	107	0.804184
25	108	0.794359
25	111	1.93403
25	114	0.794371
25	120	3.42737
25	148	3.70082
25	152	0.776823
25	161	0.768399
26	59	0.781205
26	70	0.783228
26	89	0.7986
26	105	0.804202
26	106	0.774938
26	109	0.783976
26	115	0.792174
26	118	0.816787
26	122	0.803541
26	147	2.24041
26	166	2.78186
26	169	3.55588
26	172	0.654973
27	41	0.770517
27	46	0.70446
27	54	0.755898
27	66	0.740863
27	75	0.718451
27	79	0.709491
27	90	0.660261
27	91	0.743719
27	102	0.747585
27	119	3.68717
27	165	3.95143
27	173	0.65149
27	175	0.637128
28	9	0.667242
28	24	0.728659
28	29	0.810413
28	47	0.722121
28	55	0.736086
28	88	0.720052
28	99	0.635604
28	110	0.588697
28	116	0.715208
28	143	0.690672
28	146	0.616362
28	148	4.37324
28	160	3.52149
29	9	0.833996
29	24	0.895412
29	28	0.810413
29	47	0.735998
29	110	0.755451
29	116	0.881962
29	128	3.0558
29	143	0.857426
29	145	1.88807
29	146	0.783116
29	176	2.80132
30	49	0.822332
30	68	0.794929
30	72	0.782692
30	74	0.785515
30	78	0.770725
30	80	0.827659
30	85	0.800153
30	86	0.800203
30	145	1.69875
30	157	2.53501
30	173	0.719742
30	175	0.70538
30	178	4.58058
31	2	0.739751
31	6	0.739925
31	8	0.741374
31	11	0.817437
31	15	0.806009
31	17	0.826384
31	18	0.805983
31	20	0.722256
31	52	0.783141
31	110	0.658223
31	143	0.760198
31	145	2.01412
31	148	3.63698
31	175	5.19913
32	3	0.751269
32	39	0.798056
32	44	0.797546
32	64	0.764834
32	76	0.814863
32	77	0.795703
32	81	0.694687
32	83	0.747713
32	84	0.78605
32	92	1.72427
32	112	0.821204
32	113	4.58234
32	160	3.26586
32	172	0.634357
33	41	0.814794
33	50	0.810419
33	53	0.783641
33	54	0.800176
33	57	0.788902
33	69	1.70364
33	75	0.762728
33	79	0.753768
33	90	0.704538
33	102	0.791862
33	147	0.76427
33	149	3.25262
33	160	4.32209
33	175	0.681405
34	61	0.71218
34	109	3.71032
34	126	0.660601
34	150	0.65231
34	153	0.600416
34	157	0.66908
34	163	0.652406
34	169	0.673068
34	171	0.664261
34	176	0.655479
34	177	0.626463
34	179	0.62022
34	180	0.60427
35	4	0.883623
35	7	0.89475
35	10	0.884763
35	13	0.799167
35	23	0.782968
35	36	0.84321
35	37	0.843582
35	40	0.843969
35	43	0.844284
35	117	1.57457
35	139	6.47418
35	148	0.765464
35	169	2.02021
35	178	2.33244
36	4	0.803281
36	5	0.72577
36	7	0.814408
36	10	0.804422
36	13	0.718826
36	23	0.702626
36	35	0.84321
36	37	0.76324
36	40	0.763627
36	43	0.763943
36	99	3.10426
36	133	2.09682
36	148	0.685122
36	168	3.63696
37	4	0.803653
37	5	0.726142
37	7	0.81478
37	10	0.804793
37	13	0.719197
37	23	0.702998
37	35	0.843582
37	36	0.76324
37	40	0.763999
37	43	0.764314
37	148	0.685494
37	159	7.02998
37	163	1.55258
37	168	2.39817
38	49	0.802843
38	58	0.798185
38	68	0.77544
38	74	0.766027
38	78	0.751236
38	80	0.80817
38	85	0.780664
38	86	0.780714
38	104	2.41003
38	152	0.761632
38	173	0.700254
38	174	3.05299
38	175	0.685891
38	179	4.55773
39	22	0.744418
39	32	0.798056
39	44	0.806536
39	64	0.773824
39	76	0.823853
39	77	0.804693
39	81	0.703677
39	83	0.756703
39	84	0.79504
39	135	5.2943
39	152	1.68972
39	160	2.94223
39	161	0.749967
39	172	0.643347
40	4	0.80404
40	5	0.726529
40	7	0.815167
40	10	0.80518
40	13	0.719584
40	23	0.703385
40	35	0.843969
40	36	0.763627
40	37	0.763999
40	43	0.764701
40	123	1.73486
40	148	0.685881
40	168	3.53269
40	174	3.99445
41	27	0.770517
41	33	0.814794
41	46	0.758976
41	50	0.820657
41	53	0.793879
41	79	0.764006
41	82	7.2
41	90	0.714777
41	91	0.798235
41	102	0.8021
41	136	1.73078
41	152	1.37557
41	173	0.706006
41	175	0.691643
42	22	3.06507
42	48	0.639759
42	93	1.32102
42	113	0.721443
42	119	0.728524
42	129	0.69388
42	164	0.713268
42	165	0.713794
42	166	0.74091
42	167	0.705676
42	168	0.726481
42	172	0.61921
42	176	0.727098
42	180	0.675889
43	4	0.804355
43	5	0.726844
43	7	0.815482
43	10	0.805496
43	13	0.7199
43	23	0.7037
43	35	0.844284
43	36	0.763943
43	37	0.764314
43	40	0.764701
43	123	2.83396
43	144	2.5441
43	148	0.686196
43	176	3.77271
44	22	0.743908
44	32	0.797546
44	39	0.806536
44	64	0.773313
44	76	0.823342
44	77	0.804182
44	81	0.703166
44	83	0.756192
44	84	0.794529
44	155	2.06255
44	161	0.749457
44	172	0.642836
44	176	1.95541
44	180	6.7543
45	87	0.777017
45	93	0.777678
45	95	0.766616
45	99	0.708697
45	103	0.771896
45	107	0.777151
45	108	0.767327
45	114	0.767338
45	131	2.40398
45	143	0.763765
45	144	1.46562
45	146	5.63153
45	152	0.74979
45	161	0.741366
46	27	0.70446
46	41	0.758976
46	53	0.727823
46	54	0.744357
46	66	0.729322
46	90	0.64872
46	91	0.732178
46	96	0.691185
46	102	0.736044
46	147	0.708452
46	173	0.639949
46	174	4.68402
46	175	0.625587
46	176	3.36317
47	9	0.745704
47	24	0.80712
47	28	0.722121
47	29	0.735998
47	55	0.661671
47	88	0.645637
47	99	1.25546
47	110	0.667159
47	116	0.640793
47	143	0.769134
47	146	0.694824
47	168	2.23819
47	171	2.46756
47	172	11.3353
48	42	0.639759
48	132	0.638754
48	138	0.62506
48	153	0.553022
48	157	0.621686
48	167	0.586662
48	169	0.625674
48	170	0.591839
48	174	0.587262
48	176	0.608084
48	177	0.579068
48	179	0.572826
48	180	0.556875
49	14	0.842605
49	30	0.822332
49	38	0.802843
49	58	0.7875
49	69	2.23276
49	72	0.752518
49	74	0.755342
49	78	0.740551
49	85	0.769979
49	86	0.770029
49	133	3.23613
49	147	3.02504
49	173	0.689569
49	175	0.675206
50	33	0.810419
50	41	0.820657
50	53	0.789504
50	66	0.791003
50	75	0.768591
50	79	0.759631
50	90	0.710402
50	91	0.793859
50	102	0.797725
50	125	3.55193
50	137	2.24775
50	166	3.50878
50	173	0.701631
50	175	0.687268
51	25	0.747148
51	62	0.69826
51	65	0.691958
51	73	0.68635
51	87	0.707289
51	93	0.707949
51	95	0.696887
51	103	0.702167
51	107	0.707422
51	108	0.697598
51	114	0.697609
51	146	5.19427
51	147	0.687185
51	150	3.3332
52	2	0.740181
52	6	0.740354
52	8	0.741804
52	11	0.817867
52	15	0.806439
52	17	0.826813
52	18	0.806413
52	20	0.722686
52	31	0.783141
52	110	0.658653
52	117	1.33032
52	143	0.760628
52	164	3.44634
52	175	5.16245
53	33	0.783641
53	41	0.793879
53	46	0.727823
53	50	0.789504
53	54	0.779261
53	57	0.767987
53	66	0.764225
53	79	0.732853
53	90	0.683623
53	102	0.770947
53	116	0.774742
53	117	2.35834
53	152	3.52018
53	163	3.97884
53	175	0.66049
54	27	0.755898
54	33	0.800176
54	46	0.744357
54	53	0.779261
54	66	0.78076
54	75	0.758348
54	90	0.700158
54	91	0.783616
54	102	0.787482
54	125	2.66656
54	136	4.40272
54	147	0.75989
54	163	3.11429
54	173	0.691387
54	175	0.677025
55	9	0.75967
55	28	0.736086
55	47	0.661671
55	85	0.788157
55	86	0.788207
55	95	0.78595
55	103	0.79123
55	108	0.786661
55	114	0.786673
55	124	4.56911
55	140	2.58903
55	146	0.70879
55	173	0.707747
55	175	0.693384
55	176	2.46615
56	12	0.824602
56	19	0.72368
56	63	0.758654
56	70	0.750329
56	105	0.771303
56	106	0.742039
56	109	0.751077
56	115	0.759275
56	118	0.783888
56	122	0.770642
56	137	2.44792
56	147	3.16749
56	152	3.74115
56	161	0.728695
56	172	0.622074
57	33	0.788902
57	53	0.767987
57	66	0.769486
57	75	0.747074
57	79	0.738114
57	88	0.784847
57	91	0.772343
57	96	0.73135
57	112	0.813295
57	131	2.96156
57	138	2.91127
57	147	0.748616
57	165	3.83122
57	173	0.680114
57	175	0.665751
58	38	0.798185
58	49	0.7875
58	68	0.760098
58	72	0.74786
58	74	0.750684
58	78	0.735893
58	80	0.792827
58	85	0.765321
58	86	0.765371
58	99	2.94068
58	141	3.53647
58	152	0.746289
58	160	3.54832
58	173	0.684911
58	175	0.670548
59	26	0.781205
59	60	0.732753
59	63	0.742458
59	70	0.734134
59	89	0.749506
59	100	2.41484
59	101	2.95319
59	105	0.755108
59	106	0.769172
59	109	0.734881
59	115	0.74308
59	118	0.767692
59	122	0.754447
59	161	0.712499
59	172	0.605879
59	176	4.29275
60	59	0.732753
60	63	0.743101
60	70	0.734777
60	89	0.750149
60	105	0.755751
60	106	0.769815
60	109	0.735524
60	112	0.793369
60	115	0.743723
60	118	0.768336
60	122	0.75509
60	123	1.80543
60	148	0.670386
60	162	4.07926
60	172	0.606522
60	173	4.60439
61	34	0.71218
61	62	0.730139
61	92	0.769185
61	111	0.772852
61	114	1.01607
61	132	0.782794
61	148	0.708101
61	154	0.769269
61	158	0.722045
61	160	0.738734
61	161	1.10498
61	163	0.749052
61	174	0.731303
61	177	0.723109
61	178	0.726203
61	180	0.700916
62	51	0.69826
62	61	0.730139
62	67	0.741245
62	73	0.734223
62	87	0.755162
62	93	0.755822
62	95	0.74476
62	103	0.75004
62	107	0.755296
62	108	0.745472
62	114	0.745483
62	143	0.741909
62	147	0.735059
62	154	2.68926
62	161	0.719511
62	179	5.45466
63	19	0.717833
63	56	0.758654
63	59	0.742458
63	60	0.743101
63	70	0.744482
63	89	0.759854
63	105	0.765456
63	115	0.753428
63	118	0.77804
63	122	0.764795
63	141	3.47202
63	148	0.680091
63	155	3.79726
63	161	0.722847
63	165	3.12926
63	172	0.616227
64	3	0.727036
64	21	0.798691
64	22	0.711196
64	32	0.764834
64	39	0.773824
64	44	0.773313
64	76	0.790631
64	77	0.771471
64	81	0.670455
64	83	0.723481
64	84	0.761817
64	123	1.99289
64	161	0.716745
64	166	2.58095
64	172	0.610125
64	179	5.75723
65	25	0.788719
65	51	0.691958
65	67	0.734942
65	87	0.748859
65	93	0.74952
65	103	0.743738
65	107	0.748993
65	108	0.739169
65	114	0.73918
65	123	0.76567
65	127	4.1326
65	129	6.09761
65	147	0.728756
65	149	1.69626
65	152	0.721632
65	161	0.713209
66	27	0.740863
66	46	0.729322
66	50	0.791003
66	53	0.764225
66	54	0.78076
66	57	0.769486
66	75	0.743312
66	79	0.734352
66	90	0.685123
66	91	0.76858
66	102	0.772446
66	119	3.33555
66	134	3.67142
66	163	3.16056
66	173	0.676352
66	175	0.661989
67	1	2.18134
67	16	0.710997
67	62	0.741245
67	65	0.734942
67	73	0.729334
67	87	0.750273
67	93	0.750933
67	95	0.739871
67	103	0.745151
67	107	0.750407
67	108	0.740582
67	114	0.740594
67	123	0.767083
67	142	1.50791
67	153	6.26638
67	161	0.714622
68	14	0.815202
68	30	0.794929
68	38	0.77544
68	58	0.760098
68	72	0.725116
68	74	0.727939
68	78	0.713149
68	80	0.770083
68	85	0.742577
68	86	0.742627
68	138	2.17409
68	152	0.723545
68	158	4.45976
68	168	3.37371
68	173	0.662166
68	175	0.647804
69	33	1.70364
69	49	2.23276
69	97	0.710249
69	104	0.773038
69	117	0.817238
69	140	0.729752
69	144	0.787745
69	145	0.795108
69	154	0.75339
69	156	0.69764
69	161	1.31949
69	167	0.714823
69	174	0.715423
69	176	0.736245
69	179	0.700987
69	180	0.685036
70	26	0.783228
70	56	0.750329
70	59	0.734134
70	60	0.734777
70	63	0.744482
70	89	0.751529
70	105	0.757131
70	106	0.727867
70	109	0.736905
70	115	0.745103
70	118	0.769716
70	122	0.75647
70	171	2.62467
70	172	0.607903
70	173	3.39642
70	175	4.88414
71	1	0.66742
71	2	2.70773
71	20	3.69227
71	81	0.638591
71	83	0.691617
71	84	0.729953
71	105	0.72749
71	109	0.707263
71	115	0.715461
71	117	0.767142
71	122	0.726829
71	169	0.703738
71	172	0.578261
71	177	0.657132
71	179	0.65089
71	180	0.634939
72	14	0.802965
72	30	0.782692
72	49	0.752518
72	58	0.74786
72	68	0.725116
72	74	0.715702
72	78	0.700912
72	80	0.757845
72	85	0.73034
72	86	0.73039
72	123	0.755345
72	124	4.07088
72	152	0.711307
72	157	1.89094
72	173	0.649929
72	175	0.635566
72	177	4.6786
73	16	0.703975
73	25	0.783111
73	51	0.68635
73	62	0.734223
73	67	0.729334
73	93	0.743912
73	95	0.73285
73	99	0.674931
73	103	0.73813
73	107	0.743385
73	108	0.733561
73	114	0.733572
73	117	1.33269
73	152	0.716024
73	161	0.7076
73	167	4.74358
73	178	4.78161
74	30	0.785515
74	38	0.766027
74	49	0.755342
74	58	0.750684
74	68	0.727939
74	72	0.715702
74	78	0.703735
74	80	0.760669
74	85	0.733163
74	86	0.733213
74	123	0.758168
74	138	2.83875
74	140	3.30217
74	152	0.714131
74	168	4.03837
74	173	0.652752
74	175	0.63839
75	27	0.718451
75	33	0.762728
75	50	0.768591
75	54	0.758348
75	57	0.747074
75	66	0.743312
75	79	0.71194
75	90	0.66271
75	91	0.746168
75	102	0.750034
75	104	2.78883
75	112	0.787121
75	116	0.753829
75	173	0.65394
75	174	3.43179
75	175	0.639577
75	177	4.82163
76	3	0.777065
76	21	0.848719
76	22	0.761225
76	32	0.814863
76	39	0.823853
76	44	0.823342
76	64	0.790631
76	77	0.821499
76	81	0.720483
76	83	0.773509
76	84	0.811846
76	101	1.88796
76	138	2.88698
76	141	4.1497
76	142	3.36485
76	161	0.766774
76	172	0.660154
77	3	0.757905
77	21	0.829559
77	22	0.742065
77	32	0.795703
77	39	0.804693
77	44	0.804182
77	64	0.771471
77	76	0.821499
77	81	0.701324
77	83	0.75435
77	84	0.792686
77	112	0.82784
77	125	2.82191
77	138	2.78891
77	145	2.21621
77	155	4.37687
77	161	0.747614
77	172	0.640994
78	14	0.790998
78	30	0.770725
78	38	0.751236
78	49	0.740551
78	58	0.735893
78	68	0.713149
78	72	0.700912
78	74	0.703735
78	80	0.745878
78	85	0.718373
78	86	0.718423
78	100	1.9712
78	123	0.743378
78	152	0.69934
78	167	3.24922
78	173	0.637962
78	175	0.623599
78	180	7.25783
79	27	0.709491
79	33	0.753768
79	41	0.764006
79	50	0.759631
79	53	0.732853
79	57	0.738114
79	66	0.734352
79	75	0.71194
79	90	0.65375
79	91	0.737208
79	102	0.741074
79	112	0.77816
79	135	4.82579
79	147	0.713482
79	150	2.61593
79	173	0.64498
79	175	0.630617
79	179	4.36528
80	14	0.847932
80	30	0.827659
80	38	0.80817
80	58	0.792827
80	68	0.770083
80	72	0.757845
80	74	0.760669
80	78	0.745878
80	85	0.775306
80	86	0.775356
80	123	0.800311
80	137	1.18781
80	152	0.756274
80	158	4.74466
80	166	2.44883
80	171	3.88798
80	173	0.694896
80	175	0.680533
81	3	0.656889
81	21	0.728543
81	22	0.641049
81	32	0.694687
81	39	0.703677
81	44	0.703166
81	64	0.670455
81	71	0.638591
81	76	0.720483
81	77	0.701324
81	83	0.653334
81	84	0.69167
81	101	1.49305
81	110	10.4
81	112	0.726824
81	127	2.62072
81	133	1.86907
81	161	1.28438
81	172	1.17775
82	41	7.2
82	119	0.645664
82	124	0.627955
82	127	0.62831
82	134	0.654581
82	136	0.639341
82	150	0.641069
82	152	0.651394
82	157	0.657839
82	166	0.658049
82	167	0.622815
82	168	0.64362
82	171	0.65302
82	174	0.623416
82	176	0.644238
82	177	0.615222
82	179	0.608979
82	180	0.593028
83	3	0.709915
83	21	0.781569
83	22	0.694075
83	32	0.747713
83	39	0.756703
83	44	0.756192
83	64	0.723481
83	71	0.691617
83	76	0.773509
83	77	0.75435
83	81	0.653334
83	84	0.744696
83	98	8
83	112	0.77985
83	113	1.64432
83	135	2.67991
83	141	2.04181
83	161	0.699624
83	172	1.12783
84	3	0.748252
84	21	0.819906
84	22	0.732412
84	32	0.78605
84	39	0.79504
84	44	0.794529
84	64	0.761817
84	71	0.729953
84	76	0.811846
84	77	0.792686
84	81	0.69167
84	83	0.744696
84	112	0.818187
84	147	1.88535
84	149	2.64204
84	161	0.737961
84	169	3.20082
84	172	0.63134
84	178	4.74608
85	14	0.820426
85	30	0.800153
85	38	0.780664
85	49	0.769979
85	55	0.788157
85	58	0.765321
85	68	0.742577
85	72	0.73034
85	74	0.733163
85	78	0.718373
85	80	0.775306
85	86	0.747851
85	92	2.37572
85	123	0.772806
85	126	3.84306
85	149	2.84783
85	152	0.728768
85	173	0.66739
85	174	4.30413
85	175	0.653027
86	14	0.820476
86	30	0.800203
86	38	0.780714
86	49	0.770029
86	55	0.788207
86	58	0.765371
86	68	0.742627
86	72	0.73039
86	74	0.733213
86	78	0.718423
86	80	0.775356
86	85	0.747851
86	123	0.772856
86	127	5.64668
86	132	1.95864
86	152	0.728818
86	167	3.69086
86	171	2.84875
86	173	0.66744
86	175	0.653077
87	16	0.724914
87	45	0.777017
87	51	0.707289
87	62	0.755162
87	65	0.748859
87	67	0.750273
87	93	0.76485
87	95	0.753789
87	96	1.72418
87	99	0.69587
87	103	0.759069
87	107	0.764324
87	108	0.7545
87	114	0.754511
87	123	0.781
87	147	0.744087
87	153	9.33362
87	154	2.07376
87	161	0.728539
87	162	2.08129
88	24	0.805052
88	28	0.720052
88	47	0.645637
88	57	0.784847
88	90	0.700483
88	91	0.783941
88	102	0.787807
88	105	0.787276
88	106	0.758012
88	109	0.767049
88	115	0.775247
88	118	0.79986
88	122	0.786615
88	123	1.5095
88	143	0.767065
88	146	0.692756
88	152	2.12976
88	158	4.39338
88	175	0.67735
88	177	5.15893
89	19	0.724881
89	26	0.7986
89	59	0.749506
89	60	0.750149
89	63	0.759854
89	70	0.751529
89	105	0.772504
89	106	0.74324
89	109	0.752277
89	112	0.810121
89	115	0.760475
89	118	0.785088
89	122	0.771843
89	144	1.59074
89	146	0.677984
89	148	0.687138
89	154	2.87954
89	156	5.82229
89	161	0.729895
89	166	2.46866
90	27	0.660261
90	33	0.704538
90	41	0.714777
90	46	0.64872
90	50	0.710402
90	53	0.683623
90	54	0.700158
90	66	0.685123
90	75	0.66271
90	79	0.65375
90	88	0.700483
90	91	0.687979
90	102	0.691845
90	116	0.695639
90	132	2.70547
90	144	1.77379
90	172	10.6647
90	173	1.20639
90	175	1.19203
90	177	2.90945
91	27	0.743719
91	41	0.798235
91	46	0.732178
91	50	0.793859
91	54	0.783616
91	57	0.772343
91	66	0.76858
91	75	0.746168
91	79	0.737208
91	88	0.783941
91	90	0.687979
91	102	0.775303
91	116	0.779097
91	128	2.23777
91	147	0.74771
91	154	2.04348
91	156	4.98623
91	164	3.61512
91	173	0.679208
91	175	0.664845
92	32	1.72427
92	61	0.769185
92	85	2.37572
92	94	0.705015
92	108	2.271
92	121	0.733755
92	127	0.696555
92	128	0.72023
92	133	0.729315
92	138	0.729459
92	142	0.749484
92	154	0.729628
92	156	0.673878
92	166	0.726295
92	169	0.730073
92	176	0.712483
92	178	0.686561
92	179	0.677225
92	180	0.661274
93	16	0.725575
93	42	1.32102
93	45	0.777678
93	51	0.707949
93	62	0.755822
93	65	0.74952
93	67	0.750933
93	73	0.743912
93	87	0.76485
93	95	0.754449
93	103	0.759729
93	107	0.764984
93	108	0.75516
93	111	2.76698
93	114	0.755171
93	120	4.26032
93	134	3.39903
93	143	0.751598
93	147	0.744747
93	152	0.737624
94	15	2.8581
94	92	0.705015
94	110	0.607111
94	116	3.92022
94	135	0.667479
94	138	0.704931
94	141	0.685383
94	149	0.706542
94	151	0.616918
94	160	0.674564
94	162	0.674048
94	163	0.684882
94	166	0.701767
94	167	0.666533
94	170	0.67171
94	175	0.61937
94	177	0.658939
94	178	0.662033
94	179	0.652696
94	180	0.636746
95	16	0.714513
95	45	0.766616
95	51	0.696887
95	55	0.78595
95	62	0.74476
95	67	0.739871
95	73	0.73285
95	87	0.753789
95	93	0.754449
95	103	0.748667
95	107	0.753922
95	108	0.744098
95	114	0.744109
95	128	3.04384
95	143	0.740536
95	147	0.733685
95	152	0.726562
95	157	2.71238
95	161	0.718138
95	163	2.92954
95	178	4.75795
96	11	3.99467
96	12	0.787077
96	14	2.68114
96	46	0.691185
96	57	0.73135
96	87	1.72418
96	102	0.73431
96	106	0.747843
96	109	0.713552
96	111	0.713164
96	122	0.733118
96	137	0.761646
96	147	0.706718
96	161	0.69117
96	162	0.67853
96	165	0.679134
96	171	0.70122
96	172	0.58455
96	173	0.638215
96	176	0.692437
96	180	0.641228
97	3	4.7629
97	10	3.6371
97	69	0.710249
97	120	0.660267
97	125	0.70018
97	127	0.653499
97	139	0.6212
97	142	0.706427
97	145	0.728289
97	155	0.659037
97	157	0.683029
97	159	0.603562
97	164	0.655597
97	168	0.66881
97	169	0.687017
97	170	0.653182
97	176	0.669427
97	177	0.640411
97	178	0.643505
97	179	0.634169
97	180	0.618218
98	83	8
98	127	0.623702
98	131	0.664268
98	134	0.649973
98	142	0.67663
98	144	0.69113
98	149	0.658217
98	153	0.584568
98	156	0.601025
98	164	0.625801
98	165	0.626327
98	167	0.618208
98	168	0.639013
98	169	0.65722
98	170	0.623385
98	176	0.63963
98	177	0.610614
98	178	0.613708
98	179	0.604372
98	180	0.588421
99	4	2.75505
99	9	0.659187
99	24	0.720604
99	28	0.635604
99	36	3.10426
99	45	0.708697
99	47	1.25546
99	58	2.94068
99	73	0.674931
99	87	0.69587
99	107	0.696003
99	108	0.686179
99	114	0.68619
99	124	0.645203
99	143	0.682617
99	146	0.608307
99	160	0.648095
99	164	0.647656
99	165	0.648183
99	171	0.670269
99	179	0.626228
99	180	0.610277
100	59	2.41484
100	78	1.9712
100	108	1.00066
100	114	1.03709
100	121	0.770851
100	130	0.71976
100	136	0.744683
100	145	0.808442
100	151	0.678542
100	153	0.694517
100	155	0.739189
100	159	0.683714
100	162	0.735672
100	166	0.763391
100	168	0.748962
100	170	0.733334
100	171	0.758362
100	174	0.728757
100	176	0.749579
100	177	0.720563
100	179	0.714321
100	180	0.69837
101	59	2.95319
101	76	1.88796
101	81	1.49305
101	103	1.64253
101	104	0.771024
101	124	0.717948
101	128	0.741978
101	131	0.758869
101	144	0.785731
101	149	0.752818
101	150	0.731062
101	154	0.751376
101	157	0.747833
101	159	0.668366
101	160	0.72084
101	170	0.717986
101	171	0.743014
101	174	0.713409
101	175	0.665647
101	176	0.734231
101	178	0.708309
101	179	0.698973
101	180	0.683022
102	27	0.747585
102	33	0.791862
102	41	0.8021
102	46	0.736044
102	50	0.797725
102	53	0.770947
102	54	0.787482
102	66	0.772446
102	75	0.750034
102	79	0.741074
102	88	0.787807
102	90	0.691845
102	91	0.775303
102	96	0.73431
102	112	0.816255
102	116	0.782963
102	142	2.01728
102	147	0.751576
102	155	3.12737
102	165	2.45936
102	170	4.24454
102	173	0.683074
102	175	0.668711
102	179	4.70554
103	16	0.719793
103	25	0.798928
103	45	0.771896
103	51	0.702167
103	55	0.79123
103	62	0.75004
103	65	0.743738
103	67	0.745151
103	73	0.73813
103	87	0.759069
103	93	0.759729
103	95	0.748667
103	101	1.64253
103	107	0.759202
103	108	0.749378
103	111	3.00107
103	114	0.749389
103	123	0.775879
103	143	0.745816
103	147	0.738965
103	149	2.84664
103	152	0.731842
103	161	0.723418
103	164	4.61392
103	176	2.98209
104	18	2.21186
104	38	2.41003
104	69	0.773038
104	75	2.78883
104	101	0.771024
104	122	0.728876
104	127	0.716288
104	130	0.702396
104	133	0.749047
104	153	0.677153
104	155	0.721825
104	158	0.702136
104	159	0.666351
104	160	0.718825
104	162	0.718309
104	163	0.729143
104	164	0.718386
104	168	0.731598
104	169	0.749805
104	172	0.624328
104	176	0.732216
104	177	0.7032
104	178	0.706294
104	179	0.696957
104	180	0.681007
105	12	0.831404
105	19	0.730482
105	26	0.804202
105	56	0.771303
105	59	0.755108
105	60	0.755751
105	63	0.765456
105	70	0.757131
105	71	0.72749
105	88	0.787276
105	89	0.772504
105	106	0.748841
105	109	0.757879
105	115	0.766077
105	118	0.79069
105	121	3.50899
105	122	0.777445
105	132	2.64841
105	136	3.87868
105	146	0.683586
105	148	0.69274
105	149	2.31461
105	161	0.735497
105	170	4.81466
105	172	0.628877
106	12	0.80214
106	19	0.744547
106	26	0.774938
106	56	0.742039
106	59	0.769172
106	60	0.769815
106	70	0.727867
106	88	0.758012
106	89	0.74324
106	96	0.747843
106	105	0.748841
106	109	0.771943
106	113	3.77334
106	115	0.780141
106	116	0.753167
106	118	0.804754
106	122	0.791509
106	146	0.69765
106	148	0.706804
106	151	14.8
106	161	0.749561
106	168	2.38192
106	169	1.94616
106	172	0.642941
106	175	2.49135
107	16	0.725048
107	25	0.804184
107	45	0.777151
107	51	0.707422
107	62	0.755296
107	65	0.748993
107	67	0.750407
107	73	0.743385
107	87	0.764324
107	93	0.764984
107	95	0.753922
107	99	0.696003
107	103	0.759202
107	108	0.754633
107	114	0.754645
107	123	0.781134
107	134	3.34705
107	142	2.83334
107	143	0.751071
107	145	1.78276
107	147	0.744221
107	152	0.737097
107	161	0.728673
107	162	4.03108
107	167	4.62657
108	16	0.715224
108	25	0.794359
108	45	0.767327
108	51	0.697598
108	55	0.786661
108	62	0.745472
108	65	0.739169
108	67	0.740582
108	73	0.733561
108	87	0.7545
108	92	2.271
108	93	0.75516
108	95	0.744098
108	99	0.686179
108	100	1.00066
108	103	0.749378
108	107	0.754633
108	114	0.74482
108	123	0.77131
108	143	0.741247
108	145	1.96532
108	147	0.734397
108	152	0.727273
108	154	2.93876
108	161	0.718849
108	177	5.58925
109	12	0.811178
109	19	0.710256
109	26	0.783976
109	34	3.71032
109	56	0.751077
109	59	0.734881
109	60	0.735524
109	70	0.736905
109	71	0.707263
109	88	0.767049
109	89	0.752277
109	96	0.713552
109	105	0.757879
109	106	0.771943
109	112	0.795497
109	115	0.745851
109	116	0.762205
109	118	0.770463
109	121	3.1089
109	122	0.757218
109	130	5.03917
109	137	1.41141
109	146	0.663359
109	148	0.672514
109	161	0.71527
109	169	2.4733
110	2	0.615263
110	6	0.615436
110	8	0.616885
110	9	0.61228
110	17	0.701895
110	20	0.597768
110	24	0.673697
110	28	0.588697
110	29	0.755451
110	31	0.658223
110	47	0.667159
110	52	0.658653
110	81	10.4
110	94	0.607111
110	126	0.619701
110	129	0.581361
110	132	0.645249
110	134	0.624922
110	143	0.63571
110	153	0.559517
110	156	0.575974
110	164	0.600749
110	169	0.632169
110	171	0.623362
110	178	0.588657
110	180	0.56337
111	7	2.69792
111	25	1.93403
111	61	0.772852
111	93	2.76698
111	96	0.713164
111	103	3.00107
111	127	0.700222
111	130	0.686331
111	131	0.740788
111	133	0.732982
111	140	0.709657
111	144	0.76765
111	145	0.775013
111	148	0.672126
111	156	0.677545
111	158	0.68607
111	162	0.702243
111	163	0.713078
111	169	0.73374
111	171	0.724933
111	173	0.661929
111	176	0.71615
111	177	0.687134
111	178	0.690228
111	179	0.680892
111	180	0.664941
112	32	0.821204
112	57	0.813295
112	60	0.793369
112	75	0.787121
112	77	0.82784
112	79	0.77816
112	81	0.726824
112	83	0.77985
112	84	0.818187
112	89	0.810121
112	102	0.816255
112	109	0.795497
112	115	0.803695
112	118	0.828308
112	122	0.815062
112	124	3.36002
112	137	1.95723
112	144	2.34033
112	148	0.730358
112	158	3.2022
112	161	0.773115
112	164	2.88889
112	172	0.666495
112	173	0.72016
112	175	0.705798
112	180	7.19623
113	32	4.58234
113	42	0.721443
113	83	1.64432
113	106	3.77334
113	120	0.680608
113	125	0.720521
113	128	0.697515
113	132	0.720437
113	138	0.706744
113	139	0.641541
113	144	0.741267
113	151	0.618731
113	155	0.679377
113	157	0.703369
113	159	0.623903
113	163	0.686695
113	165	0.676464
113	168	0.68915
113	169	0.707358
113	170	0.673523
113	171	0.69855
113	177	0.660752
113	178	0.663846
113	179	0.654509
113	180	0.638559
114	16	0.715235
114	25	0.794371
114	45	0.767338
114	51	0.697609
114	55	0.786673
114	61	1.01607
114	62	0.745483
114	65	0.73918
114	67	0.740594
114	73	0.733572
114	87	0.754511
114	93	0.755171
114	95	0.744109
114	99	0.68619
114	100	1.03709
114	103	0.749389
114	107	0.754645
114	108	0.74482
114	123	0.771321
114	140	3.03789
114	143	0.741258
114	147	0.734408
114	152	0.727284
114	154	2.97519
114	161	0.71886
114	175	6.26294
115	19	0.718454
115	26	0.792174
115	56	0.759275
115	59	0.74308
115	60	0.743723
115	63	0.753428
115	70	0.745103
115	71	0.715461
115	88	0.775247
115	89	0.760475
115	105	0.766077
115	106	0.780141
115	109	0.745851
115	112	0.803695
115	116	0.770403
115	118	0.778662
115	121	3.06088
115	122	0.765416
115	125	1.69441
115	131	1.71171
115	142	2.13929
115	146	0.671557
115	148	0.680712
115	159	8.97002
115	161	0.723469
115	172	0.616848
116	9	0.738792
116	24	0.800208
116	28	0.715208
116	29	0.881962
116	47	0.640793
116	53	0.774742
116	75	0.753829
116	90	0.695639
116	91	0.779097
116	94	3.92022
116	102	0.782963
116	106	0.753167
116	109	0.762205
116	115	0.770403
116	118	0.795016
116	119	3.37728
116	122	0.781771
116	123	2.12336
116	132	3.26046
116	143	0.762221
116	146	0.687911
116	152	2.74362
116	161	0.739823
116	172	0.633203
116	173	0.686868
116	175	0.672506
117	11	1.53638
117	35	1.57457
117	52	1.33032
117	53	2.35834
117	69	0.817238
117	71	0.767142
117	73	1.33269
117	120	0.767256
117	125	0.807169
117	144	0.827916
117	149	0.795003
117	150	0.773248
117	157	0.790018
117	159	0.710551
117	161	1.52358
117	163	0.773344
117	164	0.762587
117	165	0.763113
117	167	0.754994
117	168	0.775799
117	169	0.794006
117	174	0.755594
117	176	0.776416
117	177	0.7474
117	178	0.750494
117	179	0.741158
117	180	0.725207
118	12	0.843989
118	19	0.743067
118	26	0.816787
118	56	0.783888
118	59	0.767692
118	60	0.768336
118	63	0.77804
118	70	0.769716
118	88	0.79986
118	89	0.785088
118	105	0.79069
118	106	0.804754
118	109	0.770463
118	112	0.828308
118	115	0.778662
118	116	0.795016
118	122	0.790029
118	130	4.72065
118	134	2.3825
118	146	0.69617
118	147	1.96573
118	148	0.705325
118	150	2.8077
118	161	0.748081
118	172	0.641461
118	173	3.59167
118	177	4.44214
119	27	3.68717
119	42	0.728524
119	66	3.33555
119	82	0.645664
119	116	3.37728
119	131	0.721487
119	132	0.727519
119	139	0.648622
119	149	0.715437
119	155	0.686459
119	156	0.658244
119	158	0.666769
119	162	0.682942
119	165	0.683546
119	167	0.675427
119	168	0.696232
119	170	0.680605
119	171	0.705632
119	172	0.588962
119	173	0.642628
119	174	0.676027
119	176	0.69685
119	177	0.667833
119	178	0.670928
119	179	0.661591
119	180	0.64564
120	15	3.51231
120	25	3.42737
120	93	4.26032
120	97	0.660267
120	113	0.680608
120	117	0.767256
120	125	0.717016
120	126	0.691385
120	129	0.653045
120	133	0.703095
120	135	0.665787
120	136	0.681366
120	141	0.683691
120	151	0.615226
120	158	0.656183
120	165	0.672959
120	168	0.685646
120	169	0.703853
120	170	0.670018
120	171	0.695046
120	173	0.632041
120	174	0.665441
120	175	0.617678
120	176	0.686263
120	177	0.657247
120	178	0.660341
120	179	0.651004
120	180	0.635054
121	1	0.697966
121	6	1.52123
121	92	0.733755
121	100	0.770851
121	105	3.50899
121	109	3.1089
121	115	3.06088
121	125	0.747447
121	126	0.721817
121	127	0.700767
121	130	0.686875
121	135	0.696219
121	140	0.710201
121	150	0.713526
121	151	0.645658
121	155	0.706304
121	159	0.65083
121	162	0.702787
121	163	0.713622
121	168	0.716077
121	169	0.734284
121	170	0.70045
121	172	0.608807
121	174	0.695872
121	176	0.716695
121	178	0.690773
121	179	0.681436
121	180	0.665485
122	12	0.830744
122	19	0.729822
122	26	0.803541
122	56	0.770642
122	59	0.754447
122	60	0.75509
122	63	0.764795
122	70	0.75647
122	71	0.726829
122	88	0.786615
122	89	0.771843
122	96	0.733118
122	104	0.728876
122	105	0.777445
122	106	0.791509
122	109	0.757218
122	112	0.815062
122	115	0.765416
122	116	0.781771
122	118	0.790029
122	125	1.66519
122	129	5.90239
122	130	3.04018
122	146	0.682925
122	148	0.692079
122	161	0.734836
122	169	2.08457
122	172	0.628216
122	180	5.99016
123	40	1.73486
123	43	2.83396
123	60	1.80543
123	64	1.99289
123	65	0.76567
123	67	0.767083
123	72	0.755345
123	74	0.758168
123	78	0.743378
123	80	0.800311
123	85	0.772806
123	86	0.772856
123	87	0.781
123	88	1.5095
123	103	0.775879
123	107	0.781134
123	108	0.77131
123	114	0.771321
123	116	2.12336
123	130	0.716797
123	142	0.783617
123	143	0.767748
123	149	0.765204
123	159	0.680752
123	166	0.760429
123	173	0.692395
123	175	0.678032
123	177	0.717601
123	178	0.720695
123	180	0.695408
124	55	4.56911
124	72	4.07088
124	82	0.627955
124	99	0.645203
124	101	0.717948
124	112	3.36002
124	129	0.645922
124	137	0.748349
124	138	0.696116
124	140	0.672647
124	142	0.716141
124	144	0.73064
124	153	0.624078
124	155	0.66875
124	156	0.640535
124	157	0.692742
124	158	0.64906
124	159	0.613275
124	165	0.665837
124	166	0.692952
124	167	0.657718
124	169	0.69673
124	170	0.662895
124	171	0.687923
124	172	0.571253
124	174	0.658318
124	176	0.67914
124	177	0.650124
124	178	0.653218
124	180	0.627931
125	50	3.55193
125	54	2.66656
125	77	2.82191
125	97	0.70018
125	113	0.720521
125	115	1.69441
125	117	0.807169
125	120	0.717016
125	121	0.747447
125	122	1.66519
125	126	0.731298
125	132	0.756845
125	133	0.743008
125	134	0.736519
125	136	0.721279
125	146	0.672997
125	148	0.682152
125	151	0.655139
125	155	0.715785
125	157	0.739777
125	160	0.712785
125	163	0.723103
125	164	0.712346
125	165	0.712872
125	167	0.704754
125	174	0.705354
125	176	0.726176
125	177	0.69716
125	178	0.700254
125	179	0.690917
125	180	0.674967
126	4	3.28845
126	10	2.64952
126	24	2.61898
126	34	0.660601
126	85	3.84306
126	110	0.619701
126	120	0.691385
126	121	0.721817
126	125	0.731298
126	131	0.725183
126	133	0.717377
126	134	0.710889
126	135	0.68007
126	136	0.695649
126	139	0.652318
126	140	0.694052
126	150	0.697377
126	154	0.71769
126	158	0.670466
126	159	0.634681
126	162	0.686638
126	163	0.697473
126	165	0.687242
126	166	0.714357
126	168	0.699928
126	169	0.718135
126	171	0.709328
126	174	0.679724
126	177	0.67153
126	178	0.674624
126	180	0.649336
127	65	4.1326
127	81	2.62072
127	82	0.62831
127	86	5.64668
127	92	0.696555
127	97	0.653499
127	98	0.623702
127	104	0.716288
127	111	0.700222
127	121	0.700767
127	128	0.687242
127	129	0.646277
127	131	0.704133
127	134	0.689838
127	140	0.673002
127	141	0.676923
127	150	0.676327
127	153	0.624433
127	156	0.64089
127	158	0.649415
127	159	0.61363
127	162	0.665588
127	165	0.666192
127	166	0.693307
127	167	0.658073
127	170	0.66325
127	176	0.679495
127	177	0.650479
127	178	0.653573
127	179	0.644237
127	180	0.628286
128	13	4.0626
128	29	3.0558
128	91	2.23777
128	92	0.72023
128	95	3.04384
128	101	0.741978
128	113	0.697515
128	127	0.687242
128	133	0.720002
128	134	0.713513
128	139	0.654943
128	141	0.700598
128	142	0.74017
128	146	0.649991
128	150	0.700001
128	153	0.648108
128	157	0.716771
128	159	0.637305
128	162	0.689263
128	164	0.68934
128	166	0.716982
128	167	0.681748
128	168	0.702553
128	169	0.72076
128	171	0.711953
128	172	0.595282
128	174	0.682348
128	177	0.674154
128	178	0.677248
128	179	0.667911
128	180	0.651961
129	1	0.643477
129	42	0.69388
129	65	6.09761
129	110	0.581361
129	120	0.653045
129	122	5.90239
129	124	0.645922
129	127	0.646277
129	131	0.686842
129	132	0.692875
129	135	0.641729
129	140	0.655711
129	145	0.721067
129	148	0.618181
129	151	0.591168
129	152	0.669361
129	156	0.623599
129	159	0.59634
129	160	0.648814
129	164	0.648375
129	165	0.648901
129	167	0.640783
129	169	0.679795
129	172	0.554317
129	174	0.641383
129	176	0.662205
129	177	0.633189
129	178	0.636283
129	179	0.626946
129	180	0.610996
130	100	0.71976
130	104	0.702396
130	109	5.03917
130	111	0.686331
130	118	4.72065
130	121	0.686875
130	122	3.04018
130	123	0.716797
130	136	0.660707
130	137	0.734812
130	138	0.682579
130	141	0.663031
130	149	0.684191
130	154	0.682748
130	155	0.655213
130	156	0.626998
130	158	0.635524
130	159	0.599738
130	160	0.652213
130	162	0.651696
130	164	0.651774
130	166	0.679415
130	168	0.664986
130	170	0.649359
130	171	0.674386
130	174	0.644781
130	175	0.597019
130	176	0.665604
130	177	0.636587
130	178	0.639682
130	179	0.630345
130	180	0.614394
131	21	2.92182
131	45	2.40398
131	57	2.96156
131	98	0.664268
131	101	0.758869
131	111	0.740788
131	115	1.71171
131	119	0.721487
131	126	0.725183
131	127	0.704133
131	129	0.686842
131	136	0.715164
131	138	0.737036
131	139	0.671833
131	142	0.757061
131	143	1.89828
131	150	0.716892
131	154	0.737205
131	156	0.681455
131	159	0.654196
131	160	0.70667
131	163	0.716988
131	165	0.706757
131	167	0.698638
131	168	0.719443
131	169	0.73765
131	173	0.665839
131	174	0.699238
131	176	0.720061
131	177	0.691044
131	178	0.694139
131	179	0.684802
131	180	0.668851
132	4	2.62702
132	48	0.638754
132	61	0.782794
132	86	1.95864
132	90	2.70547
132	105	2.64841
132	110	0.645249
132	113	0.720437
132	116	3.26046
132	119	0.727519
132	125	0.756845
132	129	0.692875
132	135	0.705617
132	136	0.721196
132	139	0.677866
132	150	0.722924
132	151	0.655056
132	153	0.67103
132	154	0.743237
132	155	0.715702
132	158	0.696013
132	162	0.712186
132	165	0.712789
132	166	0.739905
132	169	0.743683
132	171	0.734875
132	173	0.671871
132	174	0.705271
132	176	0.726093
132	177	0.697077
132	178	0.700171
132	179	0.690834
132	180	0.674884
133	21	2.53101
133	36	2.09682
133	49	3.23613
133	81	1.86907
133	92	0.729315
133	104	0.749047
133	111	0.732982
133	120	0.703095
133	125	0.743008
133	126	0.717377
133	128	0.720002
133	135	0.691779
133	140	0.705761
133	141	0.709683
133	148	0.668231
133	153	0.657193
133	154	0.7294
133	155	0.701865
133	156	0.673649
133	157	0.725857
133	160	0.698864
133	161	2.32285
133	164	0.698425
133	166	0.726067
133	167	0.690833
133	168	0.711638
133	169	0.729845
133	170	0.69601
133	171	0.721038
133	174	0.691433
133	176	0.712255
133	178	0.686333
133	180	0.661046
134	66	3.67142
134	82	0.654581
134	93	3.39903
134	98	0.649973
134	107	3.34705
134	110	0.624922
134	118	2.3825
134	125	0.736519
134	126	0.710889
134	127	0.689838
134	128	0.713513
134	139	0.657539
134	141	0.703194
134	144	0.757266
134	150	0.702597
134	151	0.634729
134	152	0.712923
134	153	0.650704
134	154	0.722911
134	158	0.675686
134	163	0.702694
134	165	0.692462
134	166	0.719578
134	167	0.684344
134	168	0.705149
134	170	0.689521
134	172	0.597879
134	176	0.705766
134	177	0.67675
134	178	0.679844
134	179	0.670508
134	180	0.654557
135	39	5.2943
135	79	4.82579
135	83	2.67991
135	94	0.667479
135	120	0.665787
135	121	0.696219
135	126	0.68007
135	129	0.641729
135	132	0.705617
135	133	0.691779
135	140	0.668454
135	141	0.672375
135	149	0.693534
135	150	0.671779
135	151	0.60391
135	154	0.692092
135	155	0.664557
135	156	0.636342
135	158	0.644867
135	160	0.661557
135	163	0.671875
135	165	0.661644
135	166	0.688759
135	167	0.653525
135	168	0.67433
135	170	0.658702
135	172	0.56706
135	174	0.654125
135	176	0.674947
135	178	0.649025
135	179	0.639689
135	180	0.623738
136	24	3.18781
136	41	1.73078
136	54	4.40272
136	82	0.639341
136	100	0.744683
136	105	3.87868
136	120	0.681366
136	125	0.721279
136	126	0.695649
136	130	0.660707
136	131	0.715164
136	132	0.721196
136	139	0.642299
136	141	0.687955
136	145	0.749389
136	150	0.687358
136	151	0.61949
136	154	0.707671
136	157	0.704128
136	158	0.660447
136	159	0.624662
136	164	0.676697
136	165	0.677223
136	166	0.704338
136	167	0.669104
136	168	0.689909
136	169	0.708116
136	170	0.674282
136	176	0.690527
136	177	0.661511
136	178	0.664605
136	179	0.655268
136	180	0.639317
137	8	2.46843
137	50	2.24775
137	56	2.44792
137	80	1.18781
137	96	0.761646
137	109	1.41141
137	112	1.95723
137	124	0.748349
137	130	0.734812
137	138	0.781608
137	139	0.716405
137	142	0.801632
137	143	0.576808
137	144	0.816131
137	147	0.778912
