1	4	0.594203
1	120	1.03659
1	129	1.13257
1	135	1.02038
1	137	0.969051
1	139	0.993475
1	159	0.976796
1	169	0.897661
1	173	0.962753
1	176	0.910596
1	178	0.915323
1	180	0.920676
2	49	1.06608
2	55	1.0612
2	67	1.09921
2	78	1.07701
2	83	1.06643
2	85	1.06509
2	87	1.06309
2	98	1.10108
2	146	1.08985
2	147	1.71323
2	156	0.977837
2	164	1.05077
3	23	1.03158
3	33	0.896067
3	34	1.02912
3	36	0.995499
3	37	0.894042
3	39	0.973778
3	42	0.973734
3	109	0.931623
3	140	0.969156
3	165	1.7027
3	179	0.944877
3	180	1.67234
4	1	0.594203
4	100	1.02995
4	108	0.515629
4	114	1.05917
4	115	1.05512
4	117	1.05167
4	121	1.09278
4	126	1.07694
4	127	1.1184
4	129	1.03152
4	146	1.07603
4	180	2.12918
5	40	0.986444
5	49	0.955257
5	67	0.988393
5	76	0.974614
5	78	0.966193
5	83	0.95561
5	85	0.954271
5	87	0.95227
5	98	0.990261
5	144	0.943776
5	158	1.41388
5	161	1.80296
6	8	1.03937
6	11	1.15942
6	26	1.02078
6	29	1.01955
6	30	1.12508
6	41	1.09862
6	110	1.08325
6	111	1.37102
6	131	1.14137
6	154	1.46111
6	158	1.1067
6	174	1.00032
7	116	0.969329
7	121	1.82207
7	136	0.870734
7	145	0.938852
7	151	0.884924
7	165	0.852166
7	168	0.903315
7	171	0.856902
7	177	0.831068
7	178	0.845137
7	180	0.850489
8	6	1.03937
8	11	1.03272
8	26	0.894091
8	29	0.892861
8	30	0.998388
8	41	0.97193
8	103	0.9715
8	138	0.983901
8	157	1.32969
8	158	0.980003
8	159	1.82664
8	174	0.873627
9	10	0.927032
9	21	1.01487
9	22	1.01019
9	27	1.00334
9	32	0.905433
9	38	1.52531
9	97	0.980924
9	113	0.959882
9	123	0.894592
9	140	0.97317
9	160	1.6196
9	179	0.94889
10	9	0.927032
10	21	1.01747
10	22	1.01278
10	27	1.00594
10	32	0.908028
10	90	1.50445
10	113	0.962477
10	122	0.958478
10	123	0.897186
10	139	1.67627
10	140	0.975764
10	179	0.951485
11	6	1.15942
11	8	1.03272
11	26	1.01414
11	29	1.01291
11	30	1.11843
11	41	1.09198
11	81	0.703013
11	138	1.10395
11	158	1.10005
11	162	1.48312
11	174	0.993673
11	180	1.66781
12	20	0.68139
12	47	0.942461
12	51	0.811376
12	148	1.01824
12	162	0.961913
12	163	0.964295
12	170	0.958309
12	171	0.947048
12	173	0.982712
12	176	0.930555
12	178	0.935283
12	180	0.940635
13	72	1.09405
13	100	1.03131
13	112	1.06602
13	115	1.05649
13	121	1.09415
13	126	1.07831
13	129	1.03288
13	133	1.07331
13	134	1.05208
13	153	1.44579
13	167	1.0703
13	179	1.30767
14	48	0.923535
14	65	0.948708
14	73	0.995501
14	74	0.99663
14	80	0.981806
14	96	0.960313
14	99	0.961765
14	106	0.995285
14	118	1.0252
14	134	1.17716
14	170	2.22506
14	175	0.856294
15	16	1.1485
15	20	1.12148
15	44	1.08987
15	125	1.04447
15	127	1.12745
15	150	1.10692
15	155	0.944437
15	161	0.636316
15	164	1.0579
15	165	1.19417
15	172	2.05756
15	174	0.994094
16	15	1.1485
16	20	1.11637
16	44	1.08476
16	111	0.802049
16	122	1.06536
16	124	1.80909
16	127	1.12235
16	132	1.45467
16	150	1.10181
16	155	0.93933
16	164	1.0528
16	174	0.988987
17	18	1.02539
17	60	1.3396
17	66	0.976651
17	75	0.95599
17	79	0.941609
17	92	0.980789
17	95	0.920723
17	101	0.968054
17	136	1.86091
17	152	0.974343
17	160	0.949478
17	167	0.951982
18	17	1.02539
18	56	0.940053
18	66	1.10044
18	75	1.07978
18	79	1.0654
18	84	1.06353
18	86	1.06484
18	92	1.10458
18	95	1.04451
18	101	1.09184
18	157	0.998601
18	159	1.49555
19	53	1.08271
19	69	1.03964
19	102	1.12182
19	104	1.1204
19	105	1.10823
19	137	0.949501
19	155	0.96332
19	160	1.09437
19	167	1.09687
19	168	0.842322
19	175	0.97516
19	176	2.05224
20	12	0.68139
20	15	1.12148
20	16	1.11637
20	44	1.05773
20	91	1.0832
20	122	1.03833
20	125	1.01234
20	150	1.07478
20	155	0.912302
20	156	0.946188
20	164	1.02577
20	171	1.83603
20	174	0.961959
21	9	1.01487
21	10	1.01747
21	22	1.10062
21	27	1.09378
21	32	0.99587
21	113	1.05032
21	122	1.04632
21	123	0.985029
21	140	1.06361
21	158	0.479391
21	166	1.96169
21	179	1.03933
21	180	1.43299
22	9	1.01019
22	10	1.01278
22	21	1.10062
22	27	1.08909
22	32	0.991182
22	97	1.06667
22	113	1.04563
22	123	0.98034
22	140	1.05892
22	157	0.854381
22	163	1.82694
22	164	1.13928
22	179	1.03464
23	3	1.03158
23	33	1.01124
23	34	1.1443
23	36	1.11067
23	37	1.00921
23	39	1.08895
23	42	1.08891
23	116	0.940101
23	140	1.08433
23	148	1.27612
23	160	1.30112
23	179	1.06005
24	28	0.0193344
24	68	0.735992
24	148	1.10339
24	162	1.04706
24	165	1.02745
24	166	1.00441
24	167	0.496707
24	168	1.0786
24	170	1.04345
24	172	1.00628
24	176	1.0157
24	178	1.02043
24	180	1.02578
25	75	1.04722
25	79	1.03284
25	84	1.03097
25	86	1.03227
25	92	1.07202
25	95	1.01195
25	101	1.05928
25	113	1.03969
25	127	0.789434
25	139	1.05966
25	160	1.04071
25	167	1.04321
25	171	2.03317
26	6	1.02078
26	8	0.894091
26	11	1.01414
26	29	0.874275
26	30	0.979802
26	41	0.953344
26	103	0.952914
26	110	0.937969
26	138	0.965315
26	142	1.59151
26	158	0.961417
26	164	1.82491
26	174	0.855041
27	9	1.00334
27	10	1.00594
27	21	1.09378
27	22	1.08909
27	32	0.984339
27	97	1.05983
27	113	1.03879
27	122	1.03479
27	135	0.801358
27	140	1.05208
27	163	1.26176
27	178	1.96338
27	179	1.0278
28	24	0.0193344
28	48	0.995814
28	59	1.04604
28	73	1.06778
28	74	1.06891
28	80	1.05408
28	99	1.03404
28	106	1.06756
28	118	1.09748
28	154	0.944715
28	155	2.73575
28	158	1.07277
28	175	0.928573
29	6	1.01955
29	8	0.892861
29	11	1.01291
29	26	0.874275
29	30	0.978572
29	41	0.952114
29	103	0.951684
29	110	0.936739
29	138	0.964085
29	146	1.30591
29	158	0.960187
29	174	0.853811
29	178	2.35397
30	6	1.12508
30	8	0.998388
30	11	1.11843
30	26	0.979802
30	29	0.978572
30	41	1.05764
30	110	1.04227
30	127	0.527685
30	138	1.06961
30	146	0.993599
30	158	1.06571
30	166	2.45988
30	174	0.959339
31	51	1.04568
31	52	1.05725
31	53	1.02894
31	68	1.16921
31	69	0.985866
31	102	1.06804
31	104	1.06663
31	105	1.05446
31	142	0.481544
31	148	0.58173
31	167	1.0431
31	172	2.88749
31	175	0.921385
32	9	0.905433
32	10	0.908028
32	21	0.99587
32	22	0.991182
32	27	0.984339
32	97	0.961919
32	113	0.940878
32	122	0.936878
32	123	0.875587
32	140	0.954165
32	143	1.81843
32	178	1.88199
32	179	0.929886
33	3	0.896067
33	23	1.01124
33	34	1.00878
33	36	0.975155
33	37	0.873697
33	39	0.953433
33	42	0.95339
33	91	1.36742
33	94	1.89038
33	97	0.956566
33	109	0.911278
33	140	0.948812
33	179	0.924533
34	3	1.02912
34	23	1.1443
34	33	1.00878
34	36	1.10821
34	37	1.00676
34	39	1.08649
34	42	1.08645
34	124	2.21681
34	140	1.08187
34	144	0.774638
34	156	0.833041
34	179	1.05759
35	70	0.3358
35	78	1.13907
35	142	1.04031
35	148	0.983997
35	149	0.968021
35	154	0.954098
35	157	1.00281
35	168	0.959215
35	170	0.924063
35	173	0.948466
35	176	0.896309
35	180	0.906389
36	3	0.995499
36	23	1.11067
36	33	0.975155
36	34	1.10821
36	37	0.973129
36	39	1.05287
36	42	1.05282
36	97	1.056
36	111	1.78795
36	127	1.05732
36	140	1.04824
36	164	1.18202
36	179	1.02396
37	3	0.894042
37	23	1.00921
37	33	0.873697
37	34	1.00676
37	36	0.973129
37	39	0.951408
37	42	0.951365
37	97	0.954541
37	109	0.909253
37	140	0.946787
37	162	1.17672
37	169	2.55641
37	179	0.922507
38	9	1.52531
38	60	0.977751
38	132	0.92145
38	140	0.868857
38	148	0.993208
38	149	0.977233
38	154	0.963309
38	165	0.917277
38	171	0.922013
38	172	0.896103
38	176	0.90552
38	177	0.896179
38	178	0.910248
38	180	0.9156
39	3	0.973778
39	23	1.08895
39	33	0.953433
39	34	1.08649
39	36	1.05287
39	37	0.951408
39	42	1.0311
39	57	1.08088
39	97	1.03428
39	109	0.988989
39	123	1.88461
39	140	1.02652
39	158	0.997905
39	179	1.00224
40	5	0.986444
40	49	1.024
40	55	1.01912
40	67	1.05714
40	78	1.03494
40	83	1.02436
40	87	1.02102
40	98	1.05901
40	123	1.86477
40	125	0.995262
40	130	1.18395
40	144	1.01252
40	158	0.978062
40	164	1.00869
41	6	1.09862
41	8	0.97193
41	11	1.09198
41	26	0.953344
41	29	0.952114
41	30	1.05764
41	103	1.03075
41	110	1.01581
41	127	1.03515
41	138	1.04315
41	149	1.29047
41	158	1.03926
41	173	1.79533
41	174	0.93288
42	3	0.973734
42	23	1.08891
42	33	0.95339
42	34	1.08645
42	36	1.05282
42	37	0.951365
42	39	1.0311
42	97	1.03423
42	109	0.988946
42	140	1.02648
42	150	0.639631
42	156	1.07038
42	176	2.47697
42	179	1.0022
43	61	0.925601
43	70	0.967397
43	82	0.939933
43	103	1.63513
43	112	0.931676
43	114	0.926195
43	115	0.922145
43	119	0.914193
43	121	0.959799
43	122	0.928433
43	127	0.985417
43	129	0.898538
43	133	0.938966
43	148	1.96579
44	15	1.08987
44	16	1.08476
44	20	1.05773
44	77	1.76986
44	91	1.05159
44	97	0.999552
44	122	1.00673
44	125	0.980728
44	127	1.06371
44	150	1.04317
44	155	0.880693
44	164	0.99416
44	174	0.93035
44	179	1.3759
45	48	0.889954
45	59	0.940179
45	65	0.915127
45	73	0.96192
45	74	0.963049
45	80	0.948225
45	99	0.928184
45	106	0.961704
45	118	0.991615
45	145	1.30193
45	146	0.951525
45	158	0.966906
45	165	2.46391
45	175	0.822713
46	58	0.97223
46	110	0.85476
46	124	0.929138
46	151	0.936056
46	153	0.968921
46	154	0.94933
46	159	0.957741
46	161	0.972444
46	168	0.954447
46	171	0.908034
46	173	0.943698
46	175	0.865165
46	178	0.896269
46	180	0.901621
47	12	0.942461
47	60	0.895831
47	67	2.21849
47	143	0.846773
47	154	0.88139
47	161	0.904504
47	163	0.85734
47	166	0.812315
47	170	0.851354
47	171	0.840093
47	173	0.875758
47	176	0.8236
47	177	0.814259
47	180	0.833681
48	14	0.923535
48	28	0.995814
48	45	0.889954
48	54	0.961334
48	59	0.943651
48	65	0.918599
48	74	0.96652
48	96	0.930204
48	99	0.931655
48	106	0.965175
48	111	1.03898
48	118	0.995087
48	155	2.92012
48	175	0.826184
49	2	1.06608
49	5	0.955257
49	40	1.024
49	55	0.987932
49	67	1.02595
49	76	1.01217
49	78	1.00375
49	83	0.993168
49	85	0.991829
49	87	0.989829
49	98	1.02782
49	123	1.65062
49	153	1.44039
49	159	1.17919
49	164	0.977506
50	95	0.741966
50	107	0.982016
50	117	1.25628
50	124	0.916451
50	134	0.984887
50	142	1.02286
50	149	0.950567
50	151	0.923369
50	170	0.906608
50	172	0.869438
50	173	0.931012
50	176	0.878854
50	177	0.869513
50	178	0.883582
50	180	0.888935
51	12	0.811376
51	31	1.04568
51	52	1.0191
51	53	0.990793
51	68	1.13106
51	88	1.0018
51	102	1.0299
51	104	1.02848
51	105	1.01631
51	128	0.985358
51	155	0.8714
51	160	1.00245
51	167	1.00495
51	175	0.883239
51	180	2.12577
52	31	1.05725
52	51	1.0191
52	69	0.959287
52	71	1.46871
52	88	1.01337
52	102	1.04146
52	104	1.04005
52	105	1.02788
52	152	1.03888
52	155	0.882967
52	160	1.01401
52	167	1.01652
52	168	1.04718
52	175	0.894806
52	180	1.9001
53	19	1.08271
53	31	1.02894
53	51	0.990793
53	68	1.11432
53	69	0.930977
53	88	0.98506
53	102	1.01315
53	104	1.01174
53	105	0.999568
53	128	1.31979
53	152	1.01057
53	159	1.39345
53	167	0.988208
53	168	1.60727
53	175	0.866496
54	48	0.961334
54	59	1.01156
54	65	0.986507
54	73	1.0333
54	80	1.0196
54	96	0.998112
54	99	0.999563
54	106	1.03308
54	118	1.06299
54	132	2.22928
54	144	0.999548
54	158	1.03829
54	160	0.862513
54	175	0.894092
54	179	1.30586
55	2	1.0612
55	40	1.01912
55	49	0.987932
55	67	1.02107
55	76	1.00729
55	78	0.998868
55	83	0.988285
55	85	0.986946
55	87	0.984946
55	98	1.02294
55	113	0.989187
55	116	1.17319
55	150	1.44088
55	160	1.53421
55	164	0.972623
56	18	0.940053
56	105	1.16499
56	135	1.0432
56	139	1.0163
56	142	1.07742
56	156	1.02144
56	157	1.03992
56	161	1.01432
56	162	0.964776
56	165	0.945176
56	166	0.922133
56	167	0.382618
56	170	0.961173
56	175	0.907043
56	177	0.924077
56	180	0.943499
57	39	1.08088
57	110	0.635205
57	128	1.07037
57	143	0.971346
57	145	1.04662
57	147	0.96843
57	148	1.03586
57	159	1.01437
57	162	0.979531
57	166	0.936888
57	167	0.605805
57	170	0.975928
57	172	0.938757
57	177	0.938832
57	178	0.952901
57	180	0.958254
58	46	0.97223
58	62	0.980909
58	63	1.04179
58	72	1.01622
58	82	0.996446
58	89	0.985078
58	100	0.95348
58	112	0.988188
58	115	0.978657
58	119	0.970705
58	126	1.00047
58	129	0.95505
58	133	0.995479
58	141	0.863817
58	167	0.992464
58	178	2.26222
59	28	1.04604
59	45	0.940179
59	48	0.943651
59	54	1.01156
59	65	0.968824
59	71	1.93129
59	73	1.01562
59	74	1.01675
59	80	1.00192
59	96	0.980429
59	99	0.98188
59	106	1.0154
59	118	1.04531
59	134	1.16343
59	168	1.50976
59	175	0.876409
60	17	1.3396
60	38	0.977751
60	47	0.895831
60	117	1.42873
60	139	0.966804
60	151	0.92844
60	154	0.941714
60	156	0.971944
60	166	0.872639
60	169	0.87099
60	170	0.911679
60	171	0.900418
60	172	0.874508
60	176	0.883925
60	178	0.888653
60	180	0.894005
61	43	0.925601
61	82	0.995997
61	89	0.984629
61	100	0.953032
61	114	0.982259
61	115	0.978209
61	117	0.974758
61	119	0.970257
61	121	1.01586
61	124	1.5741
61	126	1.00002
61	146	0.999116
61	150	1.02095
61	152	1.01438
61	170	1.08857
61	175	2.23268
62	58	0.980909
62	70	1.02226
62	82	0.994792
62	89	0.983424
62	100	0.951827
62	112	0.986535
62	115	0.977004
62	117	0.973553
62	121	1.01466
62	122	0.983292
62	129	0.953397
62	133	0.993825
62	137	1.05692
62	152	1.01317
62	175	2.79541
62	179	0.859003
63	58	1.04179
63	72	1.07545
63	90	0.926496
63	97	0.911586
63	100	1.01271
63	112	1.04742
63	114	1.04194
63	115	1.03789
63	117	1.03444
63	119	1.02994
63	121	1.07554
63	126	1.0597
63	129	1.01428
63	133	1.05471
63	144	1.12359
63	150	1.08063
63	171	2.07184
64	66	1.01956
64	69	0.937659
64	86	0.983955
64	88	0.991742
64	95	0.963631
64	96	0.977198
64	101	1.01096
64	102	1.01984
64	105	1.00625
64	106	1.01217
64	118	1.04208
64	167	0.99489
64	171	1.48011
64	174	1.39169
64	175	0.873178
64	178	1.75035
65	14	0.948708
65	45	0.915127
65	48	0.918599
65	54	0.986507
65	59	0.968824
65	80	0.97687
65	96	0.955377
65	99	0.956828
65	103	1.45681
65	106	0.990348
65	107	1.61147
65	109	0.945303
65	118	1.02026
65	138	0.999449
65	146	0.98017
65	157	1.63578
65	158	0.99555
65	175	0.851358
66	17	0.976651
66	18	1.10044
66	64	1.01956
66	75	1.03104
66	79	1.01666
66	84	1.01479
66	86	1.0161
66	92	1.05584
66	95	0.995776
66	101	1.04311
66	107	1.13107
66	140	1.0368
66	142	1.20687
66	152	1.0494
66	157	1.15537
66	160	1.02453
66	161	1.62612
66	167	1.02703
67	2	1.09921
67	5	0.988393
67	40	1.05714
67	47	2.21849
67	49	1.02595
67	55	1.02107
67	76	1.04531
67	78	1.03689
67	83	1.0263
67	85	1.02497
67	87	1.02296
67	98	1.06096
67	125	0.997211
67	144	1.01447
67	164	1.01064
67	170	0.833217
67	174	0.7364
67	176	1.34156
68	24	0.735992
68	31	1.16921
68	51	1.13106
68	53	1.11432
68	69	1.07125
68	88	1.12533
68	102	1.15342
68	104	1.15201
68	105	1.13984
68	125	1.09496
68	142	0.731946
68	148	0.832132
68	153	1.4386
68	155	0.994925
68	160	1.12597
68	167	1.12848
68	173	1.60083
68	175	1.00677
69	19	1.03964
69	31	0.985866
69	52	0.959287
69	53	0.930977
69	64	0.937659
69	68	1.07125
69	88	0.941988
69	102	0.970081
69	103	0.959114
69	104	0.968664
69	105	0.956496
69	128	1.02263
69	152	0.967496
69	160	0.942631
69	167	0.945135
69	173	1.51972
69	175	0.823424
69	176	2.52003
70	35	0.3358
70	43	0.967397
70	62	1.02226
70	82	1.03779
70	112	1.02954
70	114	1.02405
70	115	1.02
70	117	1.01655
70	119	1.01205
70	121	1.05766
70	126	1.04182
70	127	1.08328
70	129	0.996397
70	131	0.853025
70	133	1.03683
70	143	1.80248
70	152	1.05617
70	177	2.16332
71	52	1.46871
71	59	1.93129
71	124	0.900028
71	141	0.972051
71	145	0.960874
71	154	0.920221
71	157	0.968935
71	159	0.928632
71	161	0.943335
71	168	0.925338
71	169	0.849496
71	170	0.890185
71	171	0.878924
71	172	0.853015
71	177	0.85309
71	178	0.867159
71	180	0.872512
72	13	1.09405
72	58	1.01622
72	63	1.07545
72	82	1.0301
72	89	1.01873
72	97	1.15126
72	107	0.883269
72	112	1.02184
72	114	1.01636
72	117	1.00886
72	119	1.00436
72	121	1.04997
72	126	1.03413
72	129	0.988706
72	133	1.02914
72	147	2.15707
72	158	0.989246
72	167	1.02612
73	14	0.995501
73	28	1.06778
73	45	0.96192
73	54	1.0333
73	59	1.01562
73	74	1.03849
73	80	1.02366
73	96	1.00217
73	99	1.00362
73	106	1.03714
73	118	1.06705
73	120	0.836641
73	132	2.11606
73	144	1.00361
73	146	1.02696
73	158	1.04234
73	163	1.54517
73	175	0.89815
73	179	1.19265
74	14	0.99663
74	28	1.06891
74	45	0.963049
74	48	0.96652
74	59	1.01675
74	73	1.03849
74	80	1.02479
74	96	1.0033
74	99	1.00475
74	106	1.03827
74	118	1.06818
74	120	1.34383
74	138	1.04737
74	139	1.51023
74	145	1.51188
74	146	1.02809
74	157	1.07981
74	158	1.04347
74	175	0.899279
75	17	0.95599
75	18	1.07978
75	25	1.04722
75	66	1.03104
75	79	0.996
75	84	0.994132
75	86	0.995439
75	92	1.03518
75	95	0.975114
75	101	1.02245
75	110	1.00541
75	140	1.01614
75	152	1.02873
75	153	0.680655
75	160	1.00387
75	167	1.00637
75	173	0.842885
75	175	2.47895
75	176	1.84319
76	5	0.974614
76	49	1.01217
76	55	1.00729
76	67	1.04531
76	78	1.02311
76	83	1.01253
76	85	1.01119
76	87	1.00919
76	91	1.05429
76	98	1.04718
76	110	1.01598
76	113	1.01343
76	125	0.983432
76	144	1.00069
76	149	1.16036
76	150	0.828193
76	153	1.50299
76	164	0.996864
76	174	2.06037
77	44	1.76986
77	118	1.385
77	141	0.980873
77	148	0.958941
77	154	0.929042
77	162	0.902611
77	163	0.904993
77	166	0.859967
77	169	0.858318
77	170	0.899007
77	172	0.861836
77	173	0.92341
77	175	0.844878
77	176	0.871253
77	177	0.861912
77	178	0.875981
77	179	0.952078
77	180	0.881333
78	2	1.07701
78	5	0.966193
78	35	1.13907
78	40	1.03494
78	49	1.00375
78	55	0.998868
78	67	1.03689
78	76	1.02311
78	83	1.0041
78	85	1.00277
78	87	1.00077
78	91	1.04587
78	98	1.03876
78	110	1.00756
78	125	0.975011
78	145	1.42719
78	150	1.07847
78	161	1.46586
78	164	0.988443
79	17	0.941609
79	18	1.0654
79	25	1.03284
79	66	1.01666
79	75	0.996
79	84	0.97975
79	86	0.981058
79	92	1.0208
79	95	0.960733
79	101	1.00806
79	110	0.991026
79	113	0.988473
79	140	1.00176
79	146	1.04572
79	152	1.01435
79	153	1.17775
79	160	0.989488
79	162	1.79861
79	165	2.01365
79	167	0.991992
80	14	0.981806
80	28	1.05408
80	45	0.948225
80	54	1.0196
80	59	1.00192
80	65	0.97687
80	73	1.02366
80	74	1.02479
80	93	0.732265
80	96	0.988474
80	99	0.989926
80	106	1.02345
80	118	1.05336
80	144	0.98991
80	146	1.01327
80	150	0.520116
80	155	2.74413
80	158	1.02865
80	172	2.42961
80	175	0.884455
81	11	0.703013
81	94	0.963237
81	115	1.26472
81	134	0.995203
81	135	0.998952
81	142	1.03317
81	152	1.15457
81	154	0.94696
81	156	0.977189
81	157	0.995674
81	162	0.920528
81	168	0.952077
81	169	0.876236
81	170	0.916925
81	171	0.905663
81	173	0.941328
81	176	0.889171
81	177	0.879829
81	178	0.893898
81	180	0.899251
82	43	0.939933
82	58	0.996446
82	61	0.995997
82	62	0.994792
82	70	1.03779
82	72	1.0301
82	89	0.998961
82	97	1.1376
82	112	1.00207
82	114	0.996591
82	115	0.992541
82	117	0.98909
82	119	0.984589
82	121	1.03019
82	126	1.01436
82	128	1.31719
82	129	0.968934
82	136	2.1272
82	138	1.08221
82	150	1.03528
83	2	1.06643
83	5	0.95561
83	40	1.02436
83	49	0.993168
83	55	0.988285
83	67	1.0263
83	76	1.01253
83	78	1.0041
83	85	0.992183
83	87	0.990182
83	98	1.02817
83	110	0.996978
83	113	0.994424
83	120	0.890292
83	125	0.964428
83	144	0.981688
83	145	1.05834
83	147	1.87576
83	164	0.97786
83	170	2.03861
84	18	1.06353
84	25	1.03097
84	66	1.01479
84	75	0.994132
84	79	0.97975
84	86	0.979189
84	92	1.01893
84	95	0.958865
84	101	1.0062
84	109	0.962358
84	110	0.989158
84	113	0.986604
84	140	0.999892
84	145	0.684081
84	152	1.01248
84	160	0.987619
84	167	0.990124
84	176	2.17269
84	177	2.22348
84	179	0.872042
85	2	1.06509
85	5	0.954271
85	49	0.991829
85	55	0.986946
85	67	1.02497
85	76	1.01119
85	78	1.00277
85	83	0.992183
85	87	0.988843
85	91	1.03395
85	98	1.02683
85	110	0.995639
85	113	0.993085
85	125	0.963089
85	130	1.07207
85	135	1.29667
85	144	0.980349
85	145	1.21659
85	164	0.976521
85	171	2.18845
86	18	1.06484
86	25	1.03227
86	64	0.983955
86	66	1.0161
86	75	0.995439
86	79	0.981058
86	84	0.979189
86	92	1.02024
86	95	0.960172
86	101	1.0075
86	103	0.422492
86	109	0.963665
86	110	0.990465
86	113	0.987911
86	146	0.76184
86	152	1.01379
86	160	0.988927
86	167	0.991431
86	175	2.69217
86	177	2.10719
87	2	1.06309
87	5	0.95227
87	40	1.02102
87	49	0.989829
87	55	0.984946
87	67	1.02296
87	76	1.00919
87	78	1.00077
87	83	0.990182
87	85	0.988843
87	91	1.03195
87	98	1.02483
87	110	0.993638
87	125	0.961088
87	131	0.905524
87	144	0.978348
87	160	0.42103
87	164	0.97452
87	175	2.80079
87	180	1.80804
88	51	1.0018
88	52	1.01337
88	53	0.98506
88	64	0.991742
88	68	1.12533
88	69	0.941988
88	93	1.37169
88	102	1.02416
88	103	1.0132
88	104	1.02275
88	105	1.01058
88	123	0.930408
88	125	0.965703
88	139	1.55242
88	152	1.02158
88	155	0.865667
88	156	1.6361
88	158	1.20367
88	160	0.996714
88	167	0.999218
88	175	0.877507
89	58	0.985078
89	61	0.984629
89	62	0.983424
89	72	1.01873
89	82	0.998961
89	100	0.955996
89	112	0.990704
89	114	0.985223
89	115	0.981173
89	117	0.977722
89	119	0.973221
89	121	1.01883
89	122	0.987461
89	126	1.00299
89	129	0.957566
89	130	1.20783
89	133	0.997994
89	146	1.00208
89	148	1.07196
89	154	1.9012
89	173	1.84066
90	10	1.50445
90	63	0.926496
90	114	1.18142
90	130	1.00866
90	143	0.926313
90	148	0.990829
90	151	0.947655
90	157	1.00964
90	161	0.984044
90	162	0.934498
90	163	0.936881
90	165	0.914897
90	170	0.930894
90	171	0.919633
90	172	0.893724
90	173	0.955298
90	176	0.90314
90	177	0.893799
90	178	0.907868
90	180	0.913221
91	20	1.0832
91	33	1.36742
91	44	1.05159
91	76	1.05429
91	78	1.04587
91	85	1.03395
91	87	1.03195
91	98	1.06994
91	99	0.652498
91	101	0.360611
91	121	0.433318
91	155	0.906156
91	163	0.978112
91	164	1.01962
91	171	0.960864
91	174	0.955813
91	176	0.944372
91	177	0.93503
91	178	0.949099
91	180	0.954452
92	17	0.980789
92	18	1.10458
92	25	1.07202
92	66	1.05584
92	75	1.03518
92	79	1.0208
92	84	1.01893
92	86	1.02024
92	93	1.12805
92	95	0.999913
92	101	1.04724
92	109	1.00341
92	110	1.03021
92	113	1.02765
92	120	1.14239
92	127	1.03856
92	140	1.04094
92	151	1.65422
92	152	1.05353
92	160	1.02867
92	167	1.03117
92	179	1.4984
93	80	0.732265
93	88	1.37169
93	92	1.12805
93	101	0.781444
93	136	0.970505
93	137	0.998636
93	143	0.963353
93	145	1.03862
93	151	0.984695
93	153	1.01756
93	154	0.99797
93	156	1.0282
93	159	1.00638
93	162	0.971538
93	168	1.00309
93	169	0.927245
93	173	0.992338
93	175	0.913805
93	176	0.94018
93	177	0.930839
93	178	0.944908
93	180	0.950261
94	33	1.89038
94	81	0.963237
94	102	0.913956
94	139	0.96864
94	142	1.02976
94	143	0.908933
94	153	0.963141
94	154	0.94355
94	156	0.97378
94	159	0.951961
94	162	0.917119
94	163	0.919501
94	165	0.897518
94	166	0.874475
94	167	0.792985
94	169	0.872826
94	173	0.937918
94	174	0.897203
94	176	0.885761
94	177	0.87642
94	178	0.890489
94	180	0.895841
95	17	0.920723
95	18	1.04451
95	25	1.01195
95	50	0.741966
95	64	0.963631
95	66	0.995776
95	75	0.975114
95	79	0.960733
95	84	0.958865
95	86	0.960172
95	92	0.999913
95	101	0.987178
95	109	0.943341
95	110	0.97014
95	113	0.967587
95	140	0.980875
95	143	1.81307
95	152	0.993468
95	160	0.968602
95	167	0.971106
95	170	1.61478
95	178	1.87662
96	14	0.960313
96	48	0.930204
96	54	0.998112
96	59	0.980429
96	64	0.977198
96	65	0.955377
96	73	1.00217
96	74	1.0033
96	80	0.988474
96	99	0.968433
96	103	1.08557
96	106	1.00195
96	109	0.956908
96	118	1.03186
96	138	1.01105
96	144	0.968417
96	146	0.991774
96	149	1.68006
96	150	1.3479
96	158	1.00716
96	168	1.97532
96	175	0.862962
97	9	0.980924
97	22	1.06667
97	27	1.05983
97	32	0.961919
97	33	0.956566
97	36	1.056
97	37	0.954541
97	39	1.03428
97	42	1.03423
97	44	0.999552
97	63	0.911586
97	72	1.15126
97	82	1.1376
97	130	1.03007
97	140	1.02966
97	172	0.915135
97	176	0.924552
97	177	0.915211
97	178	0.92928
97	179	1.00538
97	180	0.934632
98	2	1.10108
98	5	0.990261
98	40	1.05901
98	49	1.02782
98	55	1.02294
98	67	1.06096
98	76	1.04718
98	78	1.03876
98	83	1.02817
98	85	1.02683
98	87	1.02483
98	91	1.06994
98	110	1.03163
98	113	1.02907
98	125	0.999079
98	141	0.783137
98	144	1.01634
98	146	0.698755
98	154	1.05356
98	164	1.01251
98	169	2.83134
98	176	1.99332
99	14	0.961765
99	28	1.03404
99	45	0.928184
99	48	0.931655
99	54	0.999563
99	59	0.98188
99	65	0.956828
99	73	1.00362
99	74	1.00475
99	80	0.989926
99	91	0.652498
99	96	0.968433
99	106	1.0034
99	109	0.958359
99	118	1.03332
99	138	1.01251
99	144	0.969869
99	146	0.993226
99	159	1.32059
99	161	1.29439
99	175	0.864414
99	178	2.49782
100	4	1.02995
100	13	1.03131
100	58	0.95348
100	61	0.953032
100	62	0.951827
100	63	1.01271
100	89	0.955996
100	112	0.959106
100	114	0.953625
100	115	0.949575
100	117	0.946124
100	119	0.941624
100	121	0.987229
100	122	0.955863
100	126	0.97139
100	129	0.925968
100	133	0.966397
100	152	0.985743
100	167	0.963382
100	169	2.49816
100	172	2.1969
100	173	0.65984
100	178	1.41364
101	17	0.968054
101	18	1.09184
101	25	1.05928
101	64	1.01096
101	66	1.04311
101	75	1.02245
101	79	1.00806
101	84	1.0062
101	86	1.0075
101	91	0.360611
101	92	1.04724
101	93	0.781444
101	95	0.987178
101	109	0.990672
101	110	1.01747
101	113	1.01492
101	128	0.955037
101	140	1.02821
101	151	1.30761
101	152	1.0408
101	160	1.01593
101	167	1.01844
101	177	2.50322
102	19	1.12182
102	31	1.06804
102	51	1.0299
102	52	1.04146
102	53	1.01315
102	64	1.01984
102	68	1.15342
102	69	0.970081
102	88	1.02416
102	94	0.913956
102	104	1.05084
102	105	1.03867
102	123	0.958502
102	125	0.993796
102	138	0.750434
102	152	1.04967
102	155	0.893761
102	158	0.643805
102	160	1.02481
102	166	2.65453
102	167	1.02731
102	168	1.27291
102	175	0.9056
103	8	0.9715
103	26	0.952914
103	29	0.951684
103	41	1.03075
103	43	1.63513
103	65	1.45681
103	69	0.959114
103	86	0.422492
103	88	1.0132
103	96	1.08557
103	104	1.03987
103	105	1.02771
103	149	0.992722
103	158	1.03883
103	163	0.954749
103	167	1.01634
103	169	0.908074
103	174	0.932451
103	175	0.894633
103	176	0.921009
103	177	0.911668
103	178	0.925737
103	180	0.931089
104	19	1.1204
104	31	1.06663
104	51	1.02848
104	52	1.04005
104	53	1.01174
104	68	1.15201
104	69	0.968664
104	88	1.02275
104	102	1.05084
104	103	1.03987
104	105	1.03726
104	123	0.957085
104	125	0.992379
104	138	1.0665
104	141	1.15399
104	146	1.50432
104	152	1.04826
104	155	0.892344
104	160	1.02339
104	163	1.85076
104	164	1.16311
104	167	1.02589
104	175	0.904184
105	19	1.10823
105	31	1.05446
105	51	1.01631
105	52	1.02788
105	53	0.999568
105	56	1.16499
105	64	1.00625
105	68	1.13984
105	69	0.956496
105	88	1.01058
105	102	1.03867
105	103	1.02771
105	104	1.03726
105	116	1.0392
105	123	0.944916
105	125	0.980211
105	141	1.49932
105	152	1.03609
105	155	0.880175
105	157	1.22354
105	158	1.30521
105	160	1.01122
105	167	1.01373
105	175	0.892015
106	14	0.995285
106	28	1.06756
106	45	0.961704
106	48	0.965175
106	54	1.03308
106	59	1.0154
106	64	1.01217
106	65	0.990348
106	73	1.03714
106	74	1.03827
106	80	1.02345
106	96	1.00195
106	99	1.0034
106	109	0.991879
106	118	1.06684
106	127	1.15184
106	138	1.04603
106	144	1.00339
106	150	1.07499
106	156	1.50574
106	158	1.04213
106	163	1.9642
106	164	1.27654
106	175	0.897934
107	50	0.982016
107	65	1.61147
107	66	1.13107
107	72	0.883269
107	119	0.777664
107	128	1.03706
107	131	1.02763
107	141	1.02448
107	147	0.935112
107	148	1.00254
107	151	0.959371
107	153	0.992236
107	156	1.00287
107	163	0.948596
107	165	0.926613
107	166	0.90357
107	168	0.977762
107	169	0.901921
107	171	0.931349
107	173	0.967013
107	176	0.914856
107	177	0.905515
107	178	0.919584
107	180	0.924936
108	4	0.515629
108	109	0.608025
108	120	1.10144
108	122	1.11184
108	143	0.998625
108	151	1.01997
108	152	0.505817
108	153	1.05283
108	154	1.03324
108	161	1.05636
108	162	1.00681
108	163	1.00919
108	166	0.964167
108	167	0.391311
108	168	1.03836
108	170	1.00321
108	171	0.991946
108	172	0.966037
108	173	1.02761
108	174	0.986895
108	176	0.975453
108	177	0.966112
108	178	0.980181
108	180	0.985534
109	3	0.931623
109	33	0.911278
109	37	0.909253
109	39	0.988989
109	42	0.988946
109	65	0.945303
109	84	0.962358
109	86	0.963665
109	92	1.00341
109	95	0.943341
109	96	0.956908
109	99	0.958359
109	101	0.990672
109	106	0.991879
109	108	0.608025
109	118	1.02179
109	144	0.958344
109	154	1.6388
109	160	0.972095
109	167	0.9746
109	168	1.36865
109	175	0.852889
109	177	2.62935
109	179	0.960088
110	6	1.08325
110	26	0.937969
110	29	0.936739
110	30	1.04227
110	41	1.01581
110	46	0.85476
110	57	0.635205
110	75	1.00541
110	76	1.01598
110	78	1.00756
110	79	0.991026
110	83	0.996978
110	84	0.989158
110	85	0.995639
110	86	0.990465
110	87	0.993638
110	92	1.03021
110	95	0.97014
110	98	1.03163
110	101	1.01747
110	131	1.13174
110	158	1.02388
110	162	1.84957
110	174	0.917505
110	180	2.03426
111	6	1.37102
111	16	0.802049
111	36	1.78795
111	48	1.03898
111	132	0.928023
111	149	0.983806
111	150	1.03636
111	151	0.956608
111	153	0.989473
111	154	0.969882
111	155	0.873878
111	156	1.00011
111	157	1.0186
111	159	0.978293
111	162	0.943451
111	165	0.92385
111	168	0.974999
111	170	0.939847
111	171	0.928586
111	172	0.902676
111	173	0.96425
111	176	0.912093
111	177	0.902752
111	178	0.916821
111	180	0.922173
112	13	1.06602
112	43	0.931676
112	58	0.988188
112	62	0.986535
112	63	1.04742
112	70	1.02954
112	72	1.02184
112	82	1.00207
112	89	0.990704
112	100	0.959106
112	114	0.988334
112	115	0.984283
112	117	0.980832
112	119	0.976332
112	121	1.02194
112	126	1.0061
112	129	0.960676
112	131	1.56834
112	133	1.0011
112	144	1.36286
112	150	1.02702
112	152	1.02045
112	158	0.988836
112	173	1.82755
112	179	1.5272
113	9	0.959882
113	10	0.962477
113	21	1.05032
113	22	1.04563
113	25	1.03969
113	27	1.03879
113	32	0.940878
113	55	0.989187
113	76	1.01343
113	79	0.988473
113	83	0.994424
113	84	0.986604
113	85	0.993085
113	86	0.987911
113	92	1.02765
113	95	0.967587
113	98	1.02907
113	101	1.01492
113	138	1.00798
113	142	0.871179
113	154	1.80061
113	159	1.31663
113	164	0.978762
113	170	2.23202
113	179	0.984335
114	4	1.05917
114	43	0.926195
114	61	0.982259
114	63	1.04194
114	70	1.02405
114	72	1.01636
114	82	0.996591
114	89	0.985223
114	90	1.18142
114	100	0.953625
114	112	0.988334
114	115	0.978802
114	117	0.975351
114	119	0.970851
114	120	1.18685
114	121	1.01646
114	126	1.00062
114	127	1.04208
114	133	0.995624
114	150	1.02154
114	152	1.01497
114	157	0.922826
114	160	1.09951
114	167	0.992609
114	174	2.23835
115	4	1.05512
115	13	1.05649
115	43	0.922145
115	58	0.978657
115	61	0.978209
115	62	0.977004
115	63	1.03789
115	70	1.02
115	81	1.26472
115	82	0.992541
115	89	0.981173
115	100	0.949575
115	112	0.984283
115	114	0.978802
115	117	0.971301
115	119	0.9668
115	121	1.01241
115	126	0.996567
115	129	0.951145
115	133	0.991574
115	146	0.99566
115	160	0.842501
115	167	0.988559
115	168	1.37659
115	179	1.28585
115	180	2.22951
116	7	0.969329
116	23	0.940101
116	55	1.17319
116	105	1.0392
116	129	0.919512
116	130	1.04614
116	135	1.05039
116	137	0.99907
116	142	1.08461
116	143	0.963786
116	145	1.03906
116	149	1.01233
116	152	0.371337
116	153	1.01799
116	156	1.02863
116	159	1.00681
116	161	1.02152
116	162	0.971972
116	165	0.952371
116	169	0.927679
116	172	0.931197
116	173	0.992771
116	176	0.940614
116	177	0.931273
116	178	0.945342
116	180	0.950694
117	4	1.05167
117	50	1.25628
117	60	1.42873
117	61	0.974758
117	62	0.973553
117	63	1.03444
117	70	1.01655
117	72	1.00886
117	82	0.98909
117	89	0.977722
117	100	0.946124
117	112	0.980832
117	114	0.975351
117	115	0.971301
117	119	0.963349
117	121	1.00896
117	122	0.977589
117	126	0.993116
117	129	0.947694
117	133	0.988122
117	134	1.08119
117	149	1.13227
117	150	1.01404
117	152	1.00747
117	167	0.985108
117	173	1.63713
118	14	1.0252
118	28	1.09748
118	45	0.991615
118	48	0.995087
118	54	1.06299
118	59	1.04531
118	64	1.04208
118	65	1.02026
118	73	1.06705
118	74	1.06818
118	77	1.385
118	80	1.05336
118	96	1.03186
118	99	1.03332
118	106	1.06684
118	109	1.02179
118	138	1.07594
118	139	0.801421
118	144	1.0333
118	146	1.05666
118	156	0.885097
118	158	1.07204
118	159	0.867948
118	164	0.655897
118	172	2.82844
118	175	0.927845
119	43	0.914193
119	58	0.970705
119	61	0.970257
119	63	1.02994
119	70	1.01205
119	72	1.00436
119	82	0.984589
119	89	0.973221
119	100	0.941624
119	107	0.777664
119	112	0.976332
119	114	0.970851
119	115	0.9668
119	117	0.963349
119	121	1.00445
119	122	0.973088
119	126	0.988615
119	127	1.03007
119	129	0.943193
119	133	0.983622
119	146	0.987708
119	149	1.21749
119	150	1.00954
119	161	1.27272
119	164	1.08687
119	167	0.980607
119	177	2.77344
120	1	1.03659
120	73	0.836641
120	74	1.34383
120	83	0.890292
120	92	1.14239
120	108	1.10144
120	114	1.18685
120	132	0.953615
120	147	0.957941
120	148	1.02537
120	149	1.0094
120	154	0.995474
120	157	1.04419
120	159	1.00389
120	161	1.01859
120	163	0.971425
120	165	0.949442
120	166	0.926399
120	168	1.00059
120	169	0.92475
120	171	0.954178
120	173	0.989842
120	174	0.949127
120	176	0.937685
120	177	0.928344
120	178	0.942413
120	180	0.947765
121	4	1.09278
121	7	1.82207
121	13	1.09415
121	43	0.959799
121	61	1.01586
121	62	1.01466
121	63	1.07554
121	70	1.05766
121	72	1.04997
121	82	1.03019
121	89	1.01883
121	91	0.433318
121	100	0.987229
121	112	1.02194
121	114	1.01646
121	115	1.01241
121	117	1.00896
121	119	1.00445
121	126	1.03422
121	129	0.988799
121	133	1.02923
121	135	1.11662
121	147	1.85395
121	152	1.04857
121	160	0.781144
121	161	1.07521
121	167	1.02621
122	10	0.958478
122	16	1.06536
122	20	1.03833
122	21	1.04632
122	27	1.03479
122	32	0.936878
122	43	0.928433
122	44	1.00673
122	62	0.983292
122	89	0.987461
122	100	0.955863
122	108	1.11184
122	117	0.977589
122	119	0.973088
122	123	0.926037
122	133	0.997862
122	134	1.52614
122	140	1.00461
122	141	1.43748
122	144	1.61739
122	146	1.00195
122	150	1.02378
122	155	0.861296
122	160	1.33838
122	164	0.974763
122	174	0.910953
122	179	0.980335
123	9	0.894592
123	10	0.897186
123	21	0.985029
123	22	0.98034
123	32	0.875587
123	39	1.88461
123	40	1.86477
123	49	1.65062
123	88	0.930408
123	102	0.958502
123	104	0.957085
123	105	0.944916
123	122	0.926037
123	132	0.85415
123	136	0.868545
123	152	0.955917
123	161	0.919123
123	163	0.87196
123	166	0.826934
123	167	0.933555
123	168	0.901126
123	171	0.854713
123	172	0.828803
123	175	0.811844
123	178	0.842948
123	179	0.919044
123	180	0.8483
124	16	1.80909
124	34	2.21681
124	46	0.929138
124	50	0.916451
124	61	1.5741
124	71	0.900028
124	130	0.954812
124	134	0.955324
124	139	0.93217
124	145	0.947733
124	147	0.869547
124	149	0.921003
124	151	0.893805
124	153	0.92667
124	154	0.90708
124	157	0.955794
124	159	0.915491
124	165	0.861048
124	166	0.838005
124	168	0.912197
124	169	0.836356
124	171	0.865784
124	172	0.839874
124	173	0.901448
124	176	0.849291
124	177	0.839949
124	178	0.854018
124	180	0.859371
125	15	1.04447
125	20	1.01234
125	40	0.995262
125	44	0.980728
125	67	0.997211
125	68	1.09496
125	76	0.983432
125	78	0.975011
125	83	0.964428
125	85	0.963089
125	87	0.961088
125	88	0.965703
125	98	0.999079
125	102	0.993796
125	104	0.992379
125	105	0.980211
125	130	1.46999
125	135	1.69459
125	137	2.00038
125	142	1.23393
125	148	1.33412
125	150	0.99778
125	152	0.991211
125	155	0.835299
125	160	0.966346
125	164	0.948766
125	174	0.884956
125	175	0.847139
126	4	1.07694
126	13	1.07831
126	58	1.00047
126	61	1.00002
126	63	1.0597
126	70	1.04182
126	72	1.03413
126	82	1.01436
126	89	1.00299
126	100	0.97139
126	112	1.0061
126	114	1.00062
126	115	0.996567
126	117	0.993116
126	119	0.988615
126	121	1.03422
126	129	0.97296
126	130	0.86616
126	133	1.01339
126	135	1.09076
126	136	1.81189
126	144	1.0343
126	146	1.01747
126	150	1.0393
126	152	1.03273
126	162	1.95761
126	163	1.55116
126	167	1.01037
127	4	1.1184
127	15	1.12745
127	16	1.12235
127	25	0.789434
127	30	0.527685
127	36	1.05732
127	41	1.03515
127	43	0.985417
127	44	1.06371
127	70	1.08328
127	92	1.03856
127	106	1.15184
127	114	1.04208
127	119	1.03007
127	129	1.01442
127	133	1.05485
127	150	1.08076
127	155	0.91828
127	162	0.987854
127	164	1.03175
127	165	0.968253
127	170	0.98425
127	172	0.947079
127	174	0.967937
127	176	0.956496
127	177	0.947155
127	178	0.961224
127	180	0.966576
128	51	0.985358
128	53	1.31979
128	57	1.07037
128	69	1.02263
128	82	1.31719
128	101	0.955037
128	107	1.03706
128	132	0.949825
128	137	0.99235
128	141	1.04351
128	143	0.957067
128	149	1.00561
128	151	0.978409
128	153	1.01127
128	155	0.895679
128	156	1.02191
128	162	0.965252
128	165	0.945651
128	168	0.996801
128	169	0.920959
128	170	0.961648
128	171	0.950387
128	172	0.924478
128	176	0.933894
128	177	0.924553
128	178	0.938622
128	179	1.01472
128	180	0.943975
129	1	1.13257
129	4	1.03152
129	13	1.03288
129	43	0.898538
129	58	0.95505
129	62	0.953397
129	63	1.01428
129	70	0.996397
129	72	0.988706
129	82	0.968934
129	89	0.957566
129	100	0.925968
129	112	0.960676
129	115	0.951145
129	116	0.919512
129	117	0.947694
129	119	0.943193
129	121	0.988799
129	126	0.97296
129	127	1.01442
129	133	0.967966
129	138	1.29214
129	146	0.972053
129	149	1.51936
129	150	0.993881
129	151	1.8797
129	152	0.987313
129	167	0.964952
130	40	1.18395
130	85	1.07207
130	89	1.20783
130	90	1.00866
130	97	1.03007
130	116	1.04614
130	124	0.954812
130	125	1.46999
130	126	0.86616
130	142	1.06122
130	143	0.940388
130	145	1.01566
130	147	0.937471
130	148	1.0049
130	153	0.994595
130	156	1.00523
130	161	0.998119
130	163	0.950955
130	166	0.905929
130	168	0.980121
130	169	0.90428
130	170	0.944969
130	172	0.907799
130	173	0.969373
130	174	0.928657
130	176	0.917215
130	177	0.907874
130	178	0.921943
130	180	0.927296
131	6	1.14137
131	70	0.853025
131	87	0.905524
131	107	1.02763
131	110	1.13174
131	112	1.56834
131	134	1.03051
131	137	0.982928
131	139	1.00735
131	143	0.947645
131	145	1.02292
131	148	1.01216
131	149	0.996185
131	156	1.01249
131	160	1.0173
131	161	1.00538
131	168	0.987379
131	169	0.911538
131	170	0.952227
131	171	0.940966
131	173	0.97663
131	174	0.935914
131	175	0.898097
131	176	0.924473
131	177	0.915132
131	178	0.929201
131	179	1.0053
131	180	0.934553
132	16	1.45467
132	38	0.92145
132	54	2.22928
132	73	2.11606
132	111	0.928023
132	120	0.953615
132	123	0.85415
132	128	0.949825
132	135	0.937405
132	136	0.857949
132	138	0.94934
132	142	0.971625
132	144	0.906704
132	145	0.926067
132	149	0.899337
132	151	0.872139
132	154	0.885414
132	156	0.915643
132	158	0.945442
132	159	0.893825
132	162	0.858982
132	168	0.89053
132	169	0.814689
132	171	0.844117
132	172	0.818208
132	173	0.879782
132	176	0.827624
132	178	0.832352
132	180	0.837705
133	13	1.07331
133	43	0.938966
133	58	0.995479
133	62	0.993825
133	63	1.05471
133	70	1.03683
133	72	1.02914
133	89	0.997994
133	100	0.966397
133	112	1.0011
133	114	0.995624
133	115	0.991574
133	117	0.988122
133	119	0.983622
133	121	1.02923
133	122	0.997862
133	126	1.01339
133	127	1.05485
133	129	0.967966
133	138	0.800727
133	143	1.76602
133	146	1.01248
133	150	1.03431
133	152	1.02774
133	162	1.53439
133	167	1.00538
133	169	2.91409
133	170	1.56773
133	179	0.775422
134	13	1.05208
134	14	1.17716
134	50	0.984887
134	59	1.16343
134	81	0.995203
134	117	1.08119
134	122	1.52614
134	124	0.955324
134	131	1.03051
134	136	0.948052
134	141	1.02735
134	147	0.937983
134	148	1.00542
134	153	0.995107
134	155	0.879512
134	156	1.00575
134	159	0.983927
134	161	0.99863
134	165	0.929484
134	166	0.906441
134	168	0.980633
134	169	0.904792
134	170	0.945481
134	172	0.90831
134	173	0.969884
134	176	0.917727
134	177	0.908386
134	178	0.922455
134	179	0.998551
134	180	0.927807
135	1	1.02038
135	27	0.801358
135	56	1.0432
135	81	0.998952
135	85	1.29667
135	116	1.05039
135	121	1.11662
135	125	1.69459
135	126	1.09076
135	132	0.937405
135	143	0.944647
135	147	0.941731
135	148	1.00916
135	151	0.96599
135	154	0.979265
135	155	0.88326
135	156	1.00949
135	162	0.952833
135	163	0.955215
135	166	0.910189
135	168	0.984381
135	169	0.90854
135	170	0.949229
135	171	0.937968
135	172	0.912059
135	173	0.973633
135	176	0.921475
135	177	0.912134
135	178	0.926203
135	180	0.931556
136	7	0.870734
136	17	1.86091
136	82	2.1272
136	93	0.970505
136	123	0.868545
136	126	1.81189
136	132	0.857949
136	134	0.948052
136	141	0.951638
136	142	0.98602
136	143	0.865191
136	145	0.940461
136	148	0.929707
136	151	0.886534
136	157	0.948522
136	159	0.908219
136	161	0.922922
136	163	0.875759
136	164	0.917271
136	165	0.853776
136	166	0.830733
136	170	0.869773
136	171	0.858512
136	172	0.832602
136	173	0.894176
136	176	0.842019
136	177	0.832678
136	178	0.846747
136	180	0.852099
137	1	0.969051
137	19	0.949501
137	62	1.05692
137	93	0.998636
137	116	0.99907
137	125	2.00038
137	128	0.99235
137	131	0.982928
137	141	0.979769
137	145	0.968592
137	146	0.972586
137	147	0.890406
137	149	0.941862
137	152	1.37362
137	157	0.976653
137	159	0.93635
137	161	0.951053
137	163	0.90389
137	165	0.881907
137	166	0.858864
137	168	0.933056
137	169	0.857215
137	171	0.886643
137	172	0.860733
137	173	0.922307
137	174	0.881591
137	177	0.860809
137	178	0.874878
137	180	0.88023
138	8	0.983901
138	11	1.10395
138	26	0.965315
138	29	0.964085
138	30	1.06961
138	41	1.04315
138	65	0.999449
138	74	1.04737
138	82	1.08221
138	96	1.01105
138	99	1.01251
138	102	0.750434
138	104	1.0665
138	106	1.04603
138	113	1.00798
138	118	1.07594
138	129	1.29214
138	132	0.94934
138	133	0.800727
138	141	1.04303
138	157	1.03991
138	158	1.05123
138	162	0.964768
138	170	0.961164
138	172	0.923993
138	173	0.985567
138	174	0.944852
138	175	0.907034
138	178	0.938138
138	180	0.94349
139	1	0.993475
139	10	1.67627
139	25	1.05966
139	56	1.0163
139	60	0.966804
139	74	1.51023
139	88	1.55242
139	94	0.96864
139	118	0.801421
139	124	0.93217
139	131	1.00735
139	143	0.917745
139	147	0.914829
139	148	0.982261
139	149	0.966286
