1	35	0.897569
1	42	0.972285
1	47	0.861283
1	50	0.830299
1	75	1.19394
1	86	0.89967
1	92	0.909342
1	103	0.932074
1	143	1.36193
1	148	0.897478
1	177	1.26964
1	179	0.978232
2	12	1.48098
2	85	1.59576
2	138	0.794944
2	147	0.811898
2	158	0.800763
2	159	0.788392
2	170	0.787959
2	172	1.71793
2	173	0.797259
2	174	0.813111
2	178	0.804838
2	180	0.800838
3	25	1.26717
3	78	0.943543
3	80	1.24064
3	103	1.12682
3	107	0.86816
3	111	1.15777
3	136	0.900797
3	152	0.896193
3	162	0.897624
3	170	0.888302
3	177	0.9042
3	180	0.901181
4	28	1.63618
4	75	0.891322
4	99	0.937482
4	100	0.871596
4	114	0.898863
4	125	0.90411
4	133	0.903195
4	135	0.889838
4	138	1.04845
4	143	1.08096
4	146	0.903595
4	166	1.04082
5	30	1.22396
5	31	1.15247
5	103	1.13655
5	130	1.27985
5	158	0.901663
5	165	0.881302
5	166	0.899828
5	169	0.906714
5	171	0.898261
5	177	0.904757
5	178	0.905738
5	180	0.901738
6	7	0.72825
6	66	0.781261
6	68	0.791501
6	82	0.885388
6	83	1.70867
6	95	0.788502
6	118	0.772753
6	126	1.55304
6	161	0.800818
6	164	0.798987
6	171	1.54377
6	176	0.85254
7	6	0.72825
7	22	0.796197
7	59	1.72198
7	66	0.794003
7	68	0.804242
7	95	0.801244
7	118	0.785494
7	156	1.55228
7	161	0.813559
7	164	0.811729
7	176	0.865282
7	179	1.52723
8	49	1.48432
8	72	0.793379
8	80	1.69543
8	125	1.61459
8	157	0.80348
8	163	0.819303
8	168	0.788006
8	169	0.800588
8	171	0.792135
8	174	0.807884
8	178	0.799612
8	180	0.795612
9	38	0.789282
9	59	1.09821
9	66	0.882936
9	68	0.893175
9	82	0.987062
9	95	0.890177
9	161	0.902492
9	164	0.900662
9	170	1.27964
9	171	1.20973
9	174	1.21921
9	176	0.954215
10	33	0.897998
10	58	1.228
10	124	1.14873
10	144	1.23433
10	150	0.917649
10	153	1.18168
10	154	0.887133
10	157	0.906767
10	165	0.878464
10	174	0.911172
10	177	0.901918
10	180	0.898899
11	85	1.12603
11	122	1.24633
11	156	1.17249
11	160	0.892047
11	166	0.898018
11	171	0.896452
11	172	1.2482
11	173	0.896349
11	175	0.910329
11	177	0.902947
11	178	0.903929
11	180	0.899929
12	2	1.48098
12	33	0.895875
12	49	0.937085
12	50	0.833659
12	58	0.906893
12	86	0.90303
12	89	0.909918
12	92	0.912702
12	148	0.900838
12	157	1.09095
12	163	1.06565
12	173	1.16779
13	18	0.928962
13	34	1.29166
13	37	1.26784
13	82	1.01779
13	145	0.880946
13	164	1.2156
13	167	0.891892
13	168	0.891025
13	172	0.904266
13	177	0.901649
13	178	0.90263
13	180	0.89863
14	80	0.778873
14	87	0.822328
14	88	0.755014
14	98	0.801168
14	111	0.809499
14	115	0.809499
14	116	0.809499
14	146	0.807211
14	151	0.806908
14	168	1.7435
14	177	1.67643
14	179	1.38502
15	61	0.810008
15	67	1.52145
15	98	1.56871
15	119	0.79164
15	162	1.70576
15	170	0.786977
15	171	0.79638
15	173	0.796277
15	174	0.812129
15	177	0.802875
15	178	0.803857
15	180	0.799856
16	46	1.26504
16	62	1.16979
16	127	0.942409
16	136	0.894281
16	137	0.904444
16	142	0.89815
16	155	0.881381
16	159	1.22156
16	162	0.891108
16	167	0.887927
16	172	0.900301
16	174	1.15055
17	65	1.05898
17	100	0.963179
17	133	0.994778
17	135	0.981421
17	158	1.01431
17	161	1.00358
17	163	0.935882
17	164	1.00175
17	168	0.997997
17	176	1.0553
18	13	0.928962
18	61	1.19743
18	90	0.904605
18	112	0.894317
18	117	0.897182
18	124	0.895393
18	149	0.914491
18	157	1.19146
18	162	0.877928
18	168	1.22828
18	172	0.887121
18	178	1.18998
19	106	0.777767
19	130	0.791198
19	131	1.60123
19	132	0.777128
19	136	0.80565
19	137	0.815813
19	153	0.825548
19	155	0.79275
19	162	0.802476
19	165	1.64454
19	172	0.81167
19	177	1.55946
20	40	1.15791
20	45	1.19765
20	47	1.25574
20	106	1.18341
20	147	0.892188
20	171	0.877651
20	174	0.8934
20	175	0.891528
20	177	0.884147
20	178	0.885128
20	179	0.994831
20	180	0.881128
21	89	1.51006
21	101	1.71963
21	120	1.56559
21	150	0.811141
21	158	0.792316
21	163	0.816082
21	173	0.788812
21	174	0.804664
21	175	0.802792
21	177	0.79541
21	178	0.796391
21	180	0.792391
22	7	0.796197
22	43	0.829174
22	66	0.849208
22	68	0.859448
22	69	1.38304
22	82	0.953335
22	90	1.24664
22	95	0.85645
22	161	0.868765
22	164	0.866935
22	174	1.30084
22	176	0.920488
22	177	1.2765
23	29	0.868564
23	77	1.45332
23	110	0.835566
23	123	0.877786
23	137	0.872196
23	141	1.34548
23	149	0.895423
23	150	1.33858
23	155	0.849134
23	156	0.874416
23	162	0.85886
23	172	0.868054
23	179	1.06964
24	31	0.848297
24	34	0.855229
24	40	0.825344
24	67	0.836463
24	85	0.870304
24	94	0.870304
24	151	0.861976
24	156	0.86519
24	157	1.27809
24	163	1.25279
24	173	1.35493
24	175	1.3212
24	179	0.966894
25	3	1.26717
25	39	0.858999
25	56	0.907504
25	88	0.817114
25	91	1.31538
25	98	0.863268
25	111	0.871599
25	115	0.871599
25	116	0.871599
25	146	0.869311
25	151	0.869008
25	152	1.5184
25	179	1.10412
26	56	1.22464
26	112	0.877845
26	116	1.419
26	120	1.22986
26	137	0.874792
26	143	0.859884
26	155	0.85173
26	164	1.31998
26	167	0.858276
26	175	0.875414
26	177	0.868032
26	178	0.869014
26	180	0.865013
27	60	1.50439
27	73	0.849906
27	74	1.22531
27	76	0.84047
27	96	0.864176
27	97	0.860313
27	99	0.901435
27	109	1.29219
27	120	0.887731
27	125	0.868063
27	135	0.853791
27	159	1.18496
27	164	0.874116
28	4	1.63618
28	67	1.83182
28	89	1.72988
28	143	0.774044
28	158	0.779098
28	163	0.802865
28	165	0.758738
28	170	0.766294
28	173	0.775594
28	174	0.791446
28	175	0.789574
28	178	0.783174
28	180	0.779173
29	23	0.868564
29	84	0.882014
29	93	0.883627
29	121	1.27058
29	123	0.872668
29	140	0.863878
29	144	0.838937
29	153	0.876814
29	154	1.3725
29	163	1.28436
29	167	0.850562
29	172	0.862936
29	177	1.27941
30	5	1.22396
30	63	1.2761
30	101	0.852362
30	121	1.33377
30	122	0.879569
30	140	0.87031
30	144	0.845369
30	145	0.846047
30	149	0.896737
30	153	0.883245
30	167	0.856994
30	172	0.869368
30	178	1.37137
31	5	1.15247
31	24	0.848297
31	34	0.848297
31	44	0.820074
31	79	0.883326
31	83	1.45087
31	85	0.863372
31	94	0.863372
31	151	0.855044
31	156	0.858258
31	163	1.27605
31	179	0.959962
31	180	1.326
32	37	0.88223
32	44	0.858382
32	67	0.867839
32	85	0.90168
32	94	0.90168
32	121	1.2289
32	132	1.21589
32	151	0.893353
32	156	0.896566
32	175	1.3111
32	176	1.04756
32	179	0.99827
33	10	0.897998
33	12	0.895875
33	92	0.866178
33	98	1.17106
33	103	0.88891
33	107	1.44674
33	109	0.816818
33	145	1.33769
33	146	1.23712
33	148	0.854314
33	150	0.869002
33	175	0.860653
33	180	0.850252
34	13	1.29166
34	24	0.855229
34	31	0.848297
34	40	0.825344
34	59	1.20741
34	67	0.836463
34	85	0.870304
34	94	0.870304
34	151	0.861976
34	156	0.86519
34	174	1.32841
34	175	1.37743
34	179	0.966894
35	1	0.897569
35	49	0.895616
35	50	0.79219
35	55	1.4575
35	57	0.891586
35	58	0.865424
35	63	1.22139
35	86	0.861561
35	103	0.893965
35	128	0.84272
35	139	1.24036
35	148	0.859369
35	177	1.2879
36	52	0.907308
36	84	0.886248
36	129	1.31738
36	136	0.861149
36	140	0.868111
36	142	0.865018
36	144	0.84317
36	145	0.843849
36	147	1.25979
36	150	1.24231
36	152	1.38764
36	162	0.857976
36	172	0.867169
37	13	1.26784
37	32	0.88223
37	44	0.822631
37	63	0.85026
37	67	0.832088
37	85	0.865929
37	94	0.865929
37	131	1.32202
37	151	0.857601
37	156	0.860815
37	177	1.28025
37	179	0.962519
37	180	1.33516
38	9	0.789282
38	43	0.733326
38	66	0.75336
38	68	0.763599
38	82	0.857486
38	91	0.773705
38	95	0.760601
38	161	0.772916
38	164	0.771086
38	171	1.7273
38	174	1.73678
38	176	0.824639
38	178	1.7412
39	25	0.858999
39	54	0.896342
39	56	0.897211
39	80	0.83068
39	87	0.874135
39	111	0.861306
39	115	0.861306
39	116	0.861306
39	151	0.858715
39	158	1.43219
39	161	1.31373
39	179	1.0574
39	180	1.40372
40	20	1.15791
40	24	0.825344
40	34	0.825344
40	44	0.797121
40	67	0.806578
40	79	0.860373
40	85	0.840419
40	94	0.840419
40	151	0.832091
40	156	0.835305
40	163	1.45745
40	170	1.53727
40	177	1.4525
40	179	0.937009
41	73	0.828824
41	75	0.834192
41	96	0.843094
41	97	0.839231
41	100	0.814467
41	114	0.841734
41	120	0.866649
41	128	1.48462
41	133	0.846066
41	134	1.37926
41	135	0.832709
41	164	0.853034
41	176	1.27628
41	177	1.46645
42	1	0.972285
42	47	0.897889
42	50	0.866906
42	57	0.966302
42	58	0.94014
42	86	0.936277
42	103	0.968681
42	128	0.917436
42	148	0.934085
42	158	1.22513
42	160	1.17773
42	161	1.10667
42	173	1.24885
42	179	0.850343
43	22	0.829174
43	38	0.733326
43	66	0.82698
43	68	0.837219
43	82	0.931106
43	95	0.834221
43	104	1.37928
43	118	0.818471
43	139	1.34345
43	161	0.846536
43	164	0.844706
43	175	1.46435
43	176	0.898259
43	178	1.41976
44	31	0.820074
44	32	0.858382
44	37	0.822631
44	40	0.797121
44	67	0.80824
44	71	1.24555
44	85	0.842081
44	94	0.842081
44	143	1.55091
44	151	0.833753
44	156	0.836967
44	158	1.542
44	176	1.26845
44	179	0.938671
45	20	1.19765
45	77	1.58451
45	78	0.878936
45	92	1.22066
45	110	0.809723
45	113	0.847557
45	136	0.83619
45	140	0.843152
45	153	0.856088
45	155	0.823291
45	162	0.833017
45	167	0.829836
45	172	0.84221
45	173	1.59933
46	16	1.26504
46	60	0.778333
46	130	1.53732
46	142	1.42597
46	147	0.857097
46	154	0.834271
46	159	0.833591
46	164	1.36684
46	166	0.844127
46	169	0.851014
46	175	0.856438
46	177	0.849056
46	178	0.850037
46	180	0.846037
47	1	0.861283
47	20	1.25574
47	42	0.897889
47	58	0.829138
47	80	0.79977
47	92	0.834946
47	103	0.857678
47	111	0.830396
47	115	0.830396
47	116	0.830396
47	134	1.46313
47	146	0.828108
47	169	1.52319
47	172	1.35967
48	80	0.820119
48	87	0.863573
48	88	0.79626
48	98	0.842414
48	111	0.850744
48	115	0.850744
48	116	0.850744
48	118	0.82879
48	138	1.4843
48	146	0.848457
48	151	0.848154
48	171	1.43938
48	174	1.44886
48	176	1.23435
49	8	1.48432
49	12	0.937085
49	35	0.895616
49	50	0.828346
49	57	0.927742
49	58	0.901581
49	86	0.897717
49	92	0.907389
49	103	0.930121
49	128	0.878876
49	139	1.11036
49	148	0.895525
49	152	1.28075
49	173	1.26499
49	179	0.86648
50	1	0.830299
50	12	0.833659
50	35	0.79219
50	42	0.866906
50	49	0.828346
50	57	0.824316
50	58	0.798155
50	86	0.794291
50	89	0.801179
50	92	0.803963
50	103	0.826695
50	104	1.54903
50	130	1.47093
50	166	1.61289
50	176	1.37057
51	63	1.41947
51	122	0.826391
51	123	0.825922
51	127	0.858297
51	136	0.81017
51	140	0.817132
51	144	0.792191
51	153	0.830068
51	155	0.79727
51	156	0.822553
51	157	1.51622
51	167	0.803816
51	170	1.57074
51	171	1.50083
51	172	0.81619
52	36	0.907308
52	60	1.51057
52	78	0.93929
52	81	0.870426
52	101	0.885558
52	127	0.944672
52	129	1.14839
52	130	0.882092
52	134	0.90588
52	144	0.878565
52	155	0.883644
52	161	1.06071
52	172	0.902564
52	174	1.12013
52	175	1.16915
53	92	1.40967
53	106	1.67095
53	140	1.49787
53	150	0.829078
53	154	0.798562
53	156	1.41489
53	159	0.797883
53	171	0.806852
53	173	0.806749
53	174	0.822601
53	175	0.820729
53	176	0.879538
53	177	0.813348
53	178	0.814329
53	180	0.810329
54	39	0.896342
54	74	1.38772
54	87	0.921771
54	88	0.854457
54	98	0.900611
54	111	0.908942
54	115	0.908942
54	116	0.908942
54	118	0.886988
54	146	0.906654
54	151	0.906351
54	153	1.07165
54	166	1.30418
54	178	1.28079
54	179	0.960615
55	35	1.4575
55	109	0.777314
55	118	1.51466
55	136	1.48462
55	147	0.821808
55	157	0.818617
55	162	1.53822
55	168	0.803143
55	169	0.815725
55	174	0.823021
55	175	0.821149
55	176	0.879958
55	177	0.813767
55	178	0.814749
55	180	0.810749
56	25	0.907504
56	26	1.22464
56	39	0.897211
56	80	0.879185
56	87	0.92264
56	88	0.855326
56	98	0.90148
56	111	0.909811
56	115	0.909811
56	116	0.909811
56	151	0.90722
56	152	1.25554
56	165	1.21776
56	171	1.14754
56	178	1.16145
57	35	0.891586
57	42	0.966302
57	49	0.927742
57	50	0.824316
57	86	0.893687
57	89	0.900575
57	92	0.903359
57	103	0.926091
57	128	0.874846
57	135	1.09104
57	148	0.891495
57	163	1.20033
57	175	1.26873
57	177	1.19537
57	180	1.25028
58	10	1.228
58	12	0.906893
58	35	0.865424
58	42	0.94014
58	47	0.829138
58	49	0.901581
58	50	0.798155
58	61	1.39047
58	86	0.867525
58	92	0.877197
58	103	0.899929
58	119	1.40669
58	128	0.848685
58	148	0.865333
58	161	1.31917
58	179	1.06284
59	7	1.72198
59	9	1.09821
59	34	1.20741
59	150	0.888925
59	151	1.16834
59	159	0.85773
59	163	0.893867
59	165	0.84974
59	168	0.86257
59	172	1.20099
59	173	0.866596
59	174	0.882448
59	175	0.880576
59	177	0.873195
59	178	0.874176
59	180	0.870176
60	27	1.50439
60	46	0.778333
60	52	1.51057
60	131	0.767752
60	139	0.798855
60	142	1.70192
60	150	0.802198
60	151	1.67978
60	152	0.778461
60	171	0.779973
60	173	0.77987
60	175	0.793849
60	176	0.852659
60	178	0.787449
60	179	0.897152
60	180	0.783449
61	15	0.810008
61	18	1.19743
61	58	1.39047
61	62	0.871282
61	84	1.22527
61	142	1.32336
61	156	1.25816
61	157	0.869173
61	160	0.853423
61	170	0.848426
61	171	0.857829
61	173	0.857726
61	176	0.930515
61	178	0.865305
61	179	0.975008
61	180	0.861305
62	16	1.16979
62	61	0.871282
62	92	1.2603
62	127	1.27851
62	149	1.26595
62	157	0.868998
62	159	0.848684
62	160	0.853248
62	166	0.85922
62	167	1.41927
62	168	0.853524
62	174	0.873403
62	175	0.87153
62	177	0.864149
62	179	0.974833
62	180	0.86113
63	30	1.2761
63	35	1.22139
63	37	0.85026
63	51	1.41947
63	85	0.869711
63	94	0.869711
63	136	1.24852
63	141	0.866259
63	156	0.864597
63	165	0.832162
63	169	0.857575
63	172	1.23114
63	173	0.849019
63	176	0.921808
63	179	0.966301
63	180	0.852598
64	94	1.2032
64	113	1.30921
64	132	1.40404
64	137	1.25087
64	138	0.855023
64	139	0.876323
64	142	1.22473
64	143	0.855788
64	152	0.85593
64	170	0.848038
64	174	0.87319
64	175	0.871318
64	177	0.863936
64	178	0.864917
64	179	0.97462
64	180	0.860917
65	17	1.05898
65	70	0.82705
65	71	0.912728
65	118	1.47311
65	122	1.42382
65	123	1.41121
65	138	0.830313
65	163	0.859899
65	165	0.815772
65	170	0.823328
65	171	0.832731
65	172	1.4257
65	173	0.832628
65	177	0.839226
65	178	0.840207
65	179	0.94991
65	180	0.836207
66	6	0.781261
66	7	0.794003
66	9	0.882936
66	22	0.849208
66	38	0.75336
66	43	0.82698
66	68	0.857253
66	82	0.95114
66	95	0.854255
66	126	1.36597
66	134	1.25464
66	158	1.42522
66	161	0.86657
66	164	0.86474
66	174	1.36618
66	176	0.918293
66	180	1.39674
67	15	1.52145
67	24	0.836463
67	28	1.83182
67	32	0.867839
67	34	0.836463
67	37	0.832088
67	40	0.806578
67	44	0.80824
67	79	0.871492
67	85	0.851538
67	94	0.851538
67	109	1.38689
67	113	1.06763
67	151	0.84321
67	156	0.846424
67	176	0.994138
67	179	0.948128
68	6	0.791501
68	7	0.804242
68	9	0.893175
68	22	0.859448
68	38	0.763599
68	43	0.837219
68	66	0.857253
68	95	0.864495
68	118	0.848745
68	131	1.38323
68	134	1.25426
68	141	1.32589
68	159	1.4368
68	161	0.87681
68	164	0.87498
68	168	1.40852
68	176	0.928533
69	22	1.38304
69	79	1.25652
69	85	1.28202
69	126	0.851798
69	129	0.845284
69	144	1.46712
69	157	0.859215
69	159	0.8389
69	160	0.843465
69	168	0.843741
69	169	0.856323
69	170	0.838467
69	172	1.40419
69	175	0.861747
69	177	0.854366
69	178	0.855347
69	180	0.851347
70	65	0.82705
70	80	1.47688
70	99	1.26567
70	124	1.38285
70	131	0.8263
70	143	0.836867
70	152	0.837009
70	154	0.83023
70	156	1.32982
70	161	0.859483
70	164	1.33589
70	166	0.840086
70	174	0.854269
70	177	0.845015
70	178	0.845996
70	179	0.955699
70	180	0.841996
71	44	1.24555
71	65	0.912728
71	73	1.17579
71	87	1.09605
71	108	1.06727
71	150	0.946423
71	151	1.05193
71	157	0.935542
71	160	0.919792
71	162	1.15555
71	165	0.907238
71	171	0.924197
71	173	0.924094
71	174	0.939946
71	177	0.930693
71	178	0.931674
71	180	0.927674
72	8	0.793379
72	110	1.46897
72	113	1.40259
72	124	1.30594
72	126	0.849372
72	142	1.31811
72	147	0.859981
72	151	1.29597
72	154	0.837155
72	165	0.828485
72	168	0.841315
72	170	0.836042
72	171	0.845445
72	173	0.845342
72	177	0.85194
72	179	0.962624
72	180	0.848921
73	27	0.849906
73	41	0.828824
73	71	1.17579
73	96	0.848316
73	97	0.844453
73	99	0.885575
73	100	0.819689
73	120	0.871872
73	125	0.852203
73	133	0.851288
73	135	0.837931
73	141	1.37329
73	146	0.851688
73	150	1.36639
73	164	0.858256
73	165	1.47394
73	178	1.41763
74	27	1.22531
74	54	1.38772
74	95	1.41453
74	104	0.827972
74	133	1.40398
74	141	0.864113
74	154	0.838685
74	160	0.84257
74	163	0.874143
74	164	1.36371
74	170	0.837572
74	171	0.846975
74	173	0.846872
74	174	0.862724
74	177	0.853471
74	178	0.854452
74	180	0.850452
75	1	1.19394
75	4	0.891322
75	41	0.834192
75	83	0.804099
75	89	0.86111
75	91	1.33245
75	96	0.853685
75	100	0.825058
75	114	0.852325
75	125	0.857571
75	133	0.856657
75	135	0.843299
75	139	1.36507
75	146	0.857056
75	147	1.40761
75	159	1.50795
75	164	0.863625
76	27	0.84047
76	99	0.876139
76	100	0.810253
76	106	0.804898
76	114	0.837521
76	130	0.818328
76	132	0.804259
76	133	0.841853
76	135	0.828495
76	153	0.852678
76	155	0.81988
76	160	1.4154
76	167	0.826426
76	170	1.4642
76	172	0.8388
76	173	1.48652
76	178	1.4082
76	180	1.43433
77	23	1.45332
77	45	1.58451
77	79	1.24225
77	101	1.3842
77	110	1.53027
77	121	0.850127
77	138	0.823079
77	154	0.817207
77	163	0.852665
77	165	0.808538
77	166	0.827063
77	168	0.821368
77	173	0.825394
77	174	0.841246
77	175	0.839374
77	177	0.831992
77	178	0.832973
77	180	0.828973
78	3	0.943543
78	45	0.878936
78	52	0.93929
78	106	0.865249
78	119	0.885298
78	122	0.909353
78	140	0.900093
78	143	1.27873
78	145	0.875831
78	149	0.92652
78	157	1.21669
78	162	0.889958
78	166	1.23859
78	167	0.886777
78	172	0.899151
78	173	1.29353
78	176	0.996265
78	177	1.18644
79	31	0.883326
79	40	0.860373
79	67	0.871492
79	69	1.25652
79	77	1.24225
79	114	0.892577
79	120	0.917492
79	125	0.897823
79	133	0.896909
79	134	1.06278
79	135	0.883551
79	146	0.897308
79	151	0.897006
79	156	0.900219
79	171	1.16484
79	173	1.25707
79	175	1.22334
79	179	1.00192
80	3	1.24064
80	8	1.69543
80	14	0.778873
80	39	0.83068
80	47	0.79977
80	48	0.820119
80	56	0.879185
80	70	1.47688
80	87	0.856108
80	88	0.788795
80	98	0.834949
80	111	0.84328
80	115	0.84328
80	116	0.84328
80	119	1.42144
80	146	0.840992
80	151	0.840689
80	177	1.369
81	52	0.870426
81	84	0.849366
81	106	0.796385
81	112	0.837484
81	113	0.835634
81	130	0.809816
81	137	0.834431
81	141	1.3943
81	142	0.828137
81	149	0.857657
81	154	1.50296
81	155	0.811368
81	162	0.821094
81	167	0.817914
81	169	1.38273
81	170	1.49464
81	172	0.830288
81	174	1.43421
82	6	0.885388
82	9	0.987062
82	13	1.01779
82	22	0.953335
82	38	0.857486
82	43	0.931106
82	66	0.95114
82	91	0.971486
82	95	0.958382
82	118	0.942632
82	152	1.15306
82	161	0.970697
82	164	0.968867
82	173	1.1373
82	174	1.05455
82	175	1.10356
82	176	1.02242
82	178	1.05897
82	180	1.08511
83	6	1.70867
83	31	1.45087
83	75	0.804099
83	120	0.836556
83	121	0.828439
83	124	1.45474
83	125	0.816888
83	133	0.815973
83	135	0.802616
83	137	1.49305
83	146	0.816373
83	153	1.48769
83	157	0.815153
83	164	0.822941
83	170	0.794405
83	175	0.817685
83	177	0.810303
83	178	0.811285
83	180	0.807285
84	29	0.882014
84	36	0.886248
84	61	1.22527
84	81	0.849366
84	109	1.39164
84	110	0.849017
84	113	0.88685
84	140	0.882446
84	142	0.879353
84	144	0.857505
84	149	0.908873
84	153	0.895382
84	158	1.27243
84	162	0.872311
84	165	1.27413
84	166	1.24121
84	167	0.86913
84	171	1.20391
84	172	0.881504
85	2	1.59576
85	11	1.12603
85	24	0.870304
85	31	0.863372
85	32	0.90168
85	34	0.870304
85	37	0.865929
85	40	0.840419
85	44	0.842081
85	63	0.869711
85	67	0.851538
85	69	1.28202
85	94	0.885379
85	121	1.16664
85	151	0.877051
85	156	0.880265
85	178	1.20424
85	179	0.981969
85	180	1.23038
86	1	0.89967
86	12	0.90303
86	35	0.861561
86	42	0.936277
86	49	0.897717
86	50	0.794291
86	57	0.893687
86	58	0.867525
86	89	0.87055
86	92	0.873334
86	103	0.896066
86	128	0.844821
86	148	0.86147
86	152	1.36691
86	166	1.2962
86	170	1.32882
86	172	1.0534
86	175	1.31741
86	177	1.24405
87	14	0.822328
87	39	0.874135
87	48	0.863573
87	54	0.921771
87	56	0.92264
87	71	1.09605
87	80	0.856108
87	88	0.83225
87	98	0.878404
87	111	0.886734
87	115	0.886734
87	116	0.886734
87	134	1.22192
87	146	0.884446
87	151	0.884143
87	157	1.33937
87	162	1.18944
87	168	1.37619
87	175	1.38248
88	14	0.755014
88	25	0.817114
88	48	0.79626
88	54	0.854457
88	56	0.855326
88	80	0.788795
88	87	0.83225
88	90	1.52364
88	98	0.81109
88	104	1.54179
88	111	0.819421
88	115	0.819421
88	116	0.819421
88	118	0.797467
88	134	1.4663
88	146	0.817133
88	151	0.81683
88	161	1.51842
88	163	1.55845
89	12	0.909918
89	21	1.51006
89	28	1.72988
89	50	0.801179
89	57	0.900575
89	75	0.86111
89	86	0.87055
89	90	1.05251
89	92	0.880221
89	97	0.866149
89	99	0.90727
89	103	0.902953
89	120	0.893567
89	125	0.873898
89	133	0.872984
89	135	0.859626
89	155	1.02441
89	168	1.14943
89	180	1.13727
90	18	0.904605
90	22	1.24664
90	88	1.52364
90	89	1.05251
90	95	1.24898
90	103	1.22533
90	115	1.29791
90	137	0.884052
90	154	0.862507
90	155	0.86099
90	162	0.870716
90	167	0.867536
90	168	0.866668
90	169	0.87925
90	172	0.879909
90	174	0.886546
90	175	0.884674
90	178	0.878273
90	180	0.874273
91	25	1.31538
91	38	0.773705
91	75	1.33245
91	82	0.971486
91	95	0.8746
91	108	1.20019
91	133	1.18814
91	142	1.207
91	154	0.857663
91	155	1.35019
91	160	0.861547
91	161	0.886916
91	164	0.885085
91	168	0.861823
91	173	0.865849
91	175	0.879829
91	176	0.938638
91	178	0.873429
91	180	0.869429
92	1	0.909342
92	12	0.912702
92	33	0.866178
92	45	1.22066
92	47	0.834946
92	49	0.907389
92	50	0.803963
92	53	1.40967
92	57	0.903359
92	58	0.877197
92	62	1.2603
92	86	0.873334
92	89	0.880221
92	103	0.905737
92	128	0.854493
92	148	0.871141
92	168	1.28379
92	169	1.18959
92	174	1.24107
93	29	0.883627
93	102	1.35034
93	105	0.844378
93	123	0.892849
93	126	1.2512
93	132	0.848575
93	137	0.887259
93	140	0.884058
93	145	0.859796
93	147	1.22207
93	149	0.910485
93	150	1.20459
93	153	0.896994
93	155	0.864197
93	162	0.873923
93	167	0.870742
93	172	0.883116
93	175	1.30042
93	180	1.28196
94	24	0.870304
94	31	0.863372
94	32	0.90168
94	34	0.870304
94	37	0.865929
94	40	0.840419
94	44	0.842081
94	63	0.869711
94	64	1.2032
94	67	0.851538
94	85	0.885379
94	147	1.26062
94	151	0.877051
94	156	0.880265
94	165	1.35069
94	169	1.23848
94	174	1.28996
94	177	1.26561
94	179	0.981969
95	6	0.788502
95	7	0.801244
95	9	0.890177
95	22	0.85645
95	38	0.760601
95	43	0.834221
95	66	0.854255
95	68	0.864495
95	74	1.41453
95	82	0.958382
95	90	1.24898
95	91	0.8746
95	118	0.845747
95	119	1.33127
95	160	1.31481
95	161	0.873812
95	164	0.871981
95	170	1.3636
95	176	0.925534
95	180	1.33374
96	27	0.864176
96	41	0.843094
96	73	0.848316
96	75	0.853685
96	97	0.858723
96	100	0.833959
96	114	0.861226
96	120	0.886142
96	125	0.866473
96	132	0.827964
96	133	0.865558
96	135	0.852201
96	146	0.865958
96	147	1.38368
96	164	0.872526
96	169	1.36154
96	170	1.47344
96	173	1.49577
96	176	1.1985
96	179	1.09726
97	27	0.860313
97	41	0.839231
97	73	0.844453
97	89	0.866149
97	96	0.858723
97	99	0.895982
97	100	0.830096
97	102	1.4518
97	114	0.857364
97	120	0.882279
97	125	0.86261
97	132	0.824102
97	133	0.861696
97	135	0.848338
97	147	1.32353
97	158	1.41191
97	164	0.868663
97	169	1.30139
97	176	1.13835
97	180	1.38343
98	14	0.801168
98	15	1.56871
98	25	0.863268
98	33	1.17106
98	48	0.842414
98	54	0.900611
98	56	0.90148
98	80	0.834949
98	87	0.878404
98	88	0.81109
98	111	0.865575
98	115	0.865575
98	116	0.865575
98	118	0.843621
98	143	1.32386
98	146	0.863287
98	151	0.862984
98	152	1.35443
98	166	1.28373
98	175	1.30493
99	4	0.937482
99	27	0.901435
99	70	1.26567
99	73	0.885575
99	76	0.876139
99	89	0.90727
99	97	0.895982
99	114	0.898485
99	120	0.9234
99	125	0.903732
99	126	1.18193
99	132	0.865223
99	133	0.902817
99	135	0.88946
99	139	1.11026
99	146	0.903216
99	158	1.24117
99	164	0.909785
99	165	1.24287
99	174	1.18214
99	178	1.18656
100	4	0.871596
100	17	0.963179
100	41	0.814467
100	73	0.819689
100	75	0.825058
100	76	0.810253
100	96	0.833959
100	97	0.830096
100	114	0.8326
100	120	0.857515
100	125	0.837846
100	132	0.799338
100	133	0.836931
100	135	0.823574
100	138	1.40681
100	150	1.32455
100	154	1.44012
100	160	1.383
100	164	0.843899
100	173	1.45412
100	180	1.40193
101	21	1.71963
101	30	0.852362
101	52	0.885558
101	77	1.3842
101	105	0.806682
101	106	0.811517
101	107	0.806763
101	117	0.85548
101	124	0.853691
101	130	0.824948
101	145	0.822099
101	148	0.843846
101	149	0.872789
101	153	0.859298
101	155	0.8265
101	159	1.38728
101	166	1.34408
101	167	0.833046
101	169	1.26479
101	171	1.30679
101	172	0.84542
102	93	1.35034
102	97	1.4518
102	137	1.43657
102	149	1.34565
102	151	1.38828
102	152	0.836088
102	154	0.82931
102	157	0.848944
102	158	0.841001
102	159	0.82863
102	165	0.82064
102	166	0.839166
102	169	0.846053
102	171	0.8376
102	172	1.42093
102	173	0.837497
102	174	0.853349
102	175	0.851477
102	177	0.844095
102	178	0.845076
102	180	0.841076
103	1	0.932074
103	3	1.12682
103	5	1.13655
103	33	0.88891
103	35	0.893965
103	42	0.968681
103	47	0.857678
103	49	0.930121
103	50	0.826695
103	57	0.926091
103	58	0.899929
103	86	0.896066
103	89	0.902953
103	90	1.22533
103	92	0.905737
103	128	0.877225
103	148	0.893874
103	152	1.37805
103	154	1.34828
103	169	1.22805
103	179	0.963775
104	43	1.37928
104	50	1.54903
104	74	0.827972
104	88	1.54179
104	115	1.31606
104	117	1.31565
104	140	1.29321
104	141	0.842335
104	147	0.839733
104	152	0.823686
104	157	0.836542
104	158	0.828599
104	163	0.852365
104	165	0.808238
104	173	0.825094
104	174	0.840946
104	175	0.839074
104	177	0.831693
104	178	0.832674
104	179	0.942377
104	180	0.828674
105	93	0.844378
105	101	0.806682
105	108	0.847956
105	110	0.7912
105	112	0.830883
105	122	0.833889
105	123	0.83342
105	124	0.831959
105	127	0.865795
105	142	0.821537
105	145	0.800367
105	148	0.822114
105	154	1.50025
105	155	0.804768
105	156	0.83005
105	159	1.50251
105	165	1.49224
105	167	0.811314
105	171	1.42202
105	172	0.823688
105	174	1.4315
105	180	1.46206
106	19	0.777767
106	20	1.18341
106	53	1.67095
106	76	0.804898
106	78	0.865249
106	81	0.796385
106	101	0.811517
106	117	0.838583
106	123	0.838256
106	124	0.836794
106	126	1.50214
106	127	0.87063
106	130	0.808051
106	140	0.829465
106	145	0.805202
106	148	0.826949
106	153	0.842401
106	162	0.81933
106	169	1.45086
106	171	1.49286
106	172	0.828523
106	178	1.50677
107	3	0.86816
107	33	1.44674
107	101	0.806763
107	108	0.848037
107	110	0.791281
107	113	0.829115
107	117	0.833829
107	122	0.83397
107	137	0.827911
107	144	0.799769
107	145	0.800448
107	148	0.822195
107	149	0.851138
107	153	0.837646
107	157	1.53751
107	161	1.47218
107	162	0.814575
107	167	0.811395
107	168	1.57433
107	172	0.823768
107	179	1.21585
107	180	1.56216
108	71	1.06727
108	91	1.20019
108	105	0.847956
108	107	0.848037
108	124	0.894965
108	127	0.928802
108	130	0.866222
108	132	0.852153
108	136	0.880674
108	140	0.887636
108	142	0.884543
108	145	0.863374
108	149	0.914063
108	156	0.893057
108	157	1.31059
108	161	1.24526
108	162	0.877501
108	163	1.28529
108	167	0.87432
108	170	1.36511
108	172	0.886694
108	180	1.33524
109	27	1.29219
109	33	0.816818
109	55	0.777314
109	67	1.38689
109	84	1.39164
109	118	1.54764
109	129	0.811657
109	131	0.802022
109	132	1.66904
109	140	1.5075
109	141	0.83138
109	150	0.836468
109	163	0.84141
109	170	0.80484
109	171	0.814243
109	173	0.81414
109	174	0.829992
109	175	0.828119
109	177	0.820738
109	178	0.821719
109	179	0.931422
109	180	0.817719
110	23	0.835566
110	45	0.809723
110	72	1.46897
110	77	1.53027
110	84	0.849017
110	105	0.7912
110	107	0.791281
110	117	0.839999
110	121	1.42917
110	124	0.838209
110	136	0.823918
110	137	0.834081
110	139	1.39046
110	145	0.806617
110	149	0.857307
110	153	0.843816
110	155	0.811018
110	162	0.820745
110	163	1.44295
110	167	0.817564
110	172	0.829938
110	173	1.54509
111	3	1.15777
111	14	0.809499
111	25	0.871599
111	39	0.861306
111	47	0.830396
111	48	0.850744
111	54	0.908942
111	56	0.909811
111	80	0.84328
111	87	0.886734
111	88	0.819421
111	98	0.865575
111	115	0.873905
111	116	0.873905
111	118	0.851951
111	119	1.33857
111	131	1.3279
111	138	1.34591
111	143	1.37842
111	146	0.871617
111	151	0.871315
111	163	1.29108
111	170	1.3709
112	18	0.894317
112	26	0.877845
112	81	0.837484
112	105	0.830883
112	123	0.879354
112	124	0.877892
112	132	0.83508
112	134	0.872937
112	139	1.28908
112	140	0.870563
112	142	0.86747
112	143	1.42891
112	144	0.845622
112	145	0.846301
112	150	1.31415
112	153	0.883499
112	155	0.850702
112	157	1.36687
112	161	1.30154
112	162	0.860428
112	172	0.869621
112	176	1.14645
112	178	1.36539
113	45	0.847557
113	64	1.30921
113	67	1.06763
113	72	1.40259
113	81	0.835634
113	84	0.88685
113	107	0.829115
113	123	0.877504
113	124	0.876043
113	140	0.868714
113	142	0.865621
113	144	0.843773
113	145	0.844451
113	148	0.866198
113	149	0.895141
113	152	1.49448
113	153	0.88165
113	160	1.4076
113	162	0.858579
113	167	0.855398
113	172	0.867772
113	175	1.44498
113	179	1.08021
114	4	0.898863
114	41	0.841734
114	75	0.852325
114	76	0.837521
114	79	0.892577
114	96	0.861226
114	97	0.857364
114	99	0.898485
114	100	0.8326
114	120	0.884782
114	125	0.865113
114	132	0.826605
114	133	0.864199
114	135	0.850841
114	141	1.31628
114	146	0.864598
114	164	0.871167
114	171	1.34671
114	174	1.35619
114	175	1.40521
114	178	1.36062
114	179	1.04044
114	180	1.38675
115	14	0.809499
115	25	0.871599
115	39	0.861306
115	47	0.830396
115	48	0.850744
115	54	0.908942
115	56	0.909811
115	80	0.84328
115	87	0.886734
115	88	0.819421
115	90	1.29791
115	98	0.865575
115	104	1.31606
115	111	0.873905
115	116	0.873905
115	118	0.851951
115	121	1.31894
115	127	1.0744
115	146	0.871617
115	151	0.871315
115	158	1.41115
115	173	1.43486
115	174	1.35211
116	14	0.809499
116	25	0.871599
116	26	1.419
116	39	0.861306
116	47	0.830396
116	48	0.850744
116	54	0.908942
116	56	0.909811
116	80	0.84328
116	87	0.886734
116	88	0.819421
116	98	0.865575
116	111	0.873905
116	115	0.873905
116	118	0.851951
116	133	1.10702
116	134	1.23984
116	138	1.38682
116	146	0.871617
116	150	1.30456
116	151	0.871315
116	152	1.4499
116	169	1.2999
117	18	0.897182
117	101	0.85548
117	104	1.31565
117	106	0.838583
117	107	0.833829
117	110	0.839999
117	124	0.880757
117	126	1.3515
117	130	0.852014
117	136	0.866466
117	138	1.38714
117	140	0.873428
117	142	0.870335
117	144	0.848487
117	147	1.32237
117	148	0.870912
117	153	0.886364
117	155	0.853566
117	160	1.36334
117	167	0.860112
117	172	0.872486
117	173	1.43445
117	179	1.03595
118	6	0.772753
118	7	0.785494
118	43	0.818471
118	48	0.82879
118	54	0.886988
118	55	1.51466
118	65	1.47311
118	68	0.848745
118	82	0.942632
118	88	0.797467
118	95	0.845747
118	98	0.843621
118	109	1.54764
118	111	0.851951
118	115	0.851951
118	116	0.851951
118	134	1.25787
118	151	0.84936
118	161	0.858062
118	164	0.856232
118	171	1.35992
118	176	0.909785
118	179	1.05365
118	180	1.39997
119	15	0.79164
119	58	1.40669
119	78	0.885298
119	80	1.42144
119	95	1.33127
119	111	1.33857
119	125	1.3406
119	133	1.32072
119	135	1.43641
119	140	0.849515
119	143	0.837807
119	149	0.875942
119	153	0.86245
119	156	0.854935
119	162	0.839379
119	166	0.841026
119	167	0.836199
119	171	0.83946
119	172	0.848573
119	173	0.839357
119	174	0.855209
119	175	0.853337
119	178	0.846937
119	180	0.842936
120	21	1.56559
120	26	1.22986
120	27	0.887731
120	41	0.866649
120	73	0.871872
120	79	0.917492
120	83	0.836556
120	89	0.893567
120	96	0.886142
120	97	0.882279
120	99	0.9234
120	100	0.857515
120	114	0.884782
120	125	0.890028
120	128	1.15606
120	132	0.85152
120	133	0.889114
120	135	0.875756
120	146	0.889513
120	152	1.26075
120	160	1.17387
120	164	0.896082
120	166	1.19005
120	170	1.22266
120	175	1.21125
121	29	1.27058
121	30	1.33377
121	32	1.2289
121	77	0.850127
121	83	0.828439
121	85	1.16664
121	110	1.42917
121	115	1.31894
121	126	0.872759
121	130	1.38966
121	131	0.856611
121	133	1.25945
121	143	0.867178
121	159	0.859861
121	160	0.864426
121	166	0.870397
121	168	0.864702
121	169	0.877284
121	170	0.859428
121	171	0.868831
121	173	0.868728
121	174	0.88458
121	175	0.882708
121	177	0.875326
121	178	0.876308
121	180	0.872307
122	11	1.24633
122	30	0.879569
122	51	0.826391
122	65	1.42382
122	78	0.909353
122	105	0.833889
122	107	0.83397
122	123	0.88236
122	124	0.880898
122	127	0.914735
122	130	0.852155
122	134	0.875943
122	140	0.873569
122	141	1.2802
122	142	0.870476
122	143	1.38806
122	144	0.848628
122	145	0.849306
122	155	0.853707
122	156	0.87899
122	157	1.32602
122	159	1.39112
122	162	0.863434
122	172	0.872627
122	179	1.00436
122	180	1.35068
123	23	0.877786
123	29	0.872668
123	51	0.825922
123	65	1.41121
123	93	0.892849
123	105	0.83342
123	106	0.838256
123	112	0.879354
123	113	0.877504
123	122	0.88236
123	124	0.880429
123	130	0.851686
123	131	1.32494
123	140	0.8731
123	142	0.870007
123	144	0.848159
123	153	0.886036
123	154	1.37626
123	156	0.878521
123	157	1.31342
123	161	1.24808
123	167	0.859784
123	172	0.872158
123	173	1.39026
123	175	1.35652
123	179	0.991755
124	10	1.14873
124	18	0.895393
124	70	1.38285
124	72	1.30594
124	83	1.45474
124	101	0.853691
124	105	0.831959
124	106	0.836794
124	108	0.894965
124	110	0.838209
124	112	0.877892
124	113	0.876043
124	117	0.880757
124	122	0.880898
124	123	0.880429
124	134	0.874012
124	136	0.864677
124	144	0.846698
124	156	0.877059
124	162	0.861503
124	167	0.858323
124	172	0.870697
124	173	1.38207
124	174	1.29932
124	175	1.34833
124	176	1.0848
125	4	0.90411
125	8	1.61459
125	27	0.868063
125	73	0.852203
125	75	0.857571
125	79	0.897823
125	83	0.816888
125	89	0.873898
125	96	0.866473
125	97	0.86261
125	99	0.903732
125	100	0.837846
125	114	0.865113
125	119	1.3406
125	120	0.890028
125	132	0.831851
125	133	0.869445
125	135	0.856088
125	146	0.869845
125	158	1.37154
125	163	1.29311
125	164	0.876413
125	166	1.34031
125	168	1.35523
125	176	1.09799
125	179	0.996748
126	6	1.55304
126	66	1.36597
126	69	0.851798
126	72	0.849372
126	93	1.2512
126	99	1.18193
126	106	1.50214
126	117	1.3515
126	121	0.872759
126	127	1.25907
126	129	0.845542
126	150	0.870354
126	152	0.846617
126	153	1.33207
126	158	0.85153
126	159	0.839158
126	166	0.849695
126	168	0.843999
126	169	0.856581
126	170	0.838725
126	171	0.848128
126	173	0.848025
126	174	0.863877
126	175	0.862005
126	177	0.854624
126	178	0.855605
126	180	0.851605
127	16	0.942409
127	51	0.858297
127	52	0.944672
127	62	1.27851
127	105	0.865795
127	106	0.87063
127	108	0.928802
127	115	1.0744
127	122	0.914735
127	126	1.25907
127	130	0.884061
127	136	0.898513
127	142	0.902382
127	144	0.880534
127	145	0.881212
127	149	0.931902
127	153	0.918411
127	155	0.885613
127	162	0.89534
127	163	1.23989
127	167	0.892159
127	170	1.3197
127	172	0.904533
127	173	1.34203
127	175	1.30829
127	176	1.04476
127	179	0.943522
128	35	0.84272
128	41	1.48462
128	42	0.917436
128	49	0.878876
128	57	0.874846
128	58	0.848685
128	86	0.844821
128	92	0.854493
128	103	0.877225
128	120	1.15606
128	135	1.40214
128	136	1.33319
128	144	1.37874
128	148	0.842629
128	150	0.857316
128	152	0.833579
128	153	1.32609
128	160	0.830685
128	161	0.856054
128	167	1.39385
128	170	0.825688
128	172	1.31582
128	173	0.834987
128	174	0.850839
128	175	0.848967
128	177	0.841586
128	180	0.838567
129	36	1.31738
129	52	1.14839
129	69	0.845284
129	109	0.811657
129	126	0.845542
129	141	0.858752
129	145	1.45081
129	146	1.35024
129	148	1.34435
129	150	0.863841
129	154	0.833325
129	155	1.48294
129	156	1.27454
129	158	0.845016
129	162	1.42122
129	163	0.868782
129	166	0.843181
129	168	0.837486
129	169	0.850068
129	171	0.841615
129	173	0.841512
129	174	0.857364
129	175	0.855492
129	177	0.84811
129	178	0.849091
129	179	0.958794
129	180	0.845091
130	5	1.27985
130	19	0.791198
130	46	1.53732
130	50	1.47093
130	52	0.882092
130	76	0.818328
130	81	0.809816
130	101	0.824948
130	106	0.808051
130	108	0.866222
130	117	0.852014
130	121	1.38966
130	122	0.852155
130	123	0.851686
130	127	0.884061
130	131	1.44026
130	137	0.846096
130	140	0.842896
130	144	0.817955
130	149	0.869323
130	153	0.855831
130	155	0.823034
130	162	0.83276
130	167	0.82958
130	172	0.841954
130	176	1.20832
130	178	1.42726
130	180	1.45339
131	19	1.60123
131	37	1.32202
131	60	0.767752
131	68	1.38323
131	70	0.8263
131	109	0.802022
131	111	1.3279
131	121	0.856611
131	123	1.32494
131	130	1.44026
131	136	1.35679
131	139	0.850863
131	145	1.43998
131	150	0.854206
131	154	0.82369
131	157	0.843325
131	158	0.835382
131	159	0.823011
131	160	0.827575
131	163	0.859148
131	166	0.833547
131	169	0.840433
131	174	0.847729
131	175	0.845857
131	177	0.838476
131	178	0.839457
131	179	0.94916
131	180	0.835457
132	19	0.777128
132	32	1.21589
132	64	1.40404
132	76	0.804259
132	93	0.848575
132	96	0.827964
132	97	0.824102
132	99	0.865223
132	100	0.799338
132	108	0.852153
132	109	1.66904
132	112	0.83508
132	114	0.826605
132	120	0.85152
132	125	0.831851
132	133	0.830937
132	134	0.8312
132	135	0.817579
132	137	0.832027
132	142	0.825733
132	156	0.834247
132	162	0.818691
132	164	0.837905
132	165	1.55154
132	166	1.51861
132	168	1.53353
132	169	1.43932
132	172	0.827884
132	176	1.27629
133	4	0.903195
133	17	0.994778
133	41	0.846066
133	73	0.851288
133	74	1.40398
133	75	0.856657
133	76	0.841853
133	79	0.896909
133	83	0.815973
133	89	0.872984
133	91	1.18814
133	96	0.865558
133	97	0.861696
133	99	0.902817
133	100	0.836931
133	114	0.864199
133	116	1.10702
133	119	1.32072
133	120	0.889114
133	121	1.25945
133	125	0.869445
133	132	0.830937
133	135	0.855173
133	146	0.86893
133	164	0.875498
133	165	1.35336
133	168	1.33535
133	175	1.34165
133	178	1.29705
134	41	1.37926
134	47	1.46313
134	52	0.90588
134	66	1.25464
134	68	1.25426
134	79	1.06278
134	87	1.22192
134	88	1.4663
134	112	0.872937
134	116	1.23984
134	118	1.25787
134	122	0.875943
134	124	0.874012
134	132	0.8312
134	136	0.859721
134	137	0.869884
134	145	0.842421
134	153	0.879619
134	163	0.883796
134	165	0.83967
134	168	0.8525
134	171	0.856629
134	172	0.865741
134	173	0.856526
134	174	0.872378
134	177	0.863124
134	178	0.864105
134	179	0.973808
134	180	0.860105
135	4	0.889838
135	17	0.981421
135	27	0.853791
135	41	0.832709
135	57	1.09104
135	73	0.837931
135	75	0.843299
135	76	0.828495
135	79	0.883551
135	83	0.802616
135	89	0.859626
135	96	0.852201
135	97	0.848338
135	99	0.88946
135	100	0.823574
135	114	0.850841
135	119	1.43641
135	120	0.875756
135	125	0.856088
135	128	1.40214
135	132	0.817579
135	133	0.855173
135	137	1.20896
135	138	1.44375
135	146	0.855573
135	159	1.47932
135	164	0.862141
135	170	1.46874
135	177	1.38397
135	179	1.09256
136	3	0.900797
136	16	0.894281
136	19	0.80565
136	36	0.861149
136	45	0.83619
136	51	0.81017
136	55	1.48462
136	63	1.24852
136	108	0.880674
136	110	0.823918
136	117	0.866466
136	124	0.864677
136	127	0.898513
136	128	1.33319
136	131	1.35679
136	134	0.859721
136	137	0.860548
136	140	0.857347
136	141	1.29945
136	145	0.833085
136	148	0.854832
136	149	0.883775
136	153	0.870283
136	155	0.837486
136	167	0.844032
136	169	1.28789
136	172	0.856405
136	174	1.33937
136	177	1.31502
136	178	1.34379
137	16	0.904444
137	19	0.815813
137	23	0.872196
137	26	0.874792
137	64	1.25087
137	81	0.834431
137	83	1.49305
137	90	0.884052
137	93	0.887259
137	102	1.43657
137	107	0.827911
137	110	0.834081
137	130	0.846096
137	132	0.832027
137	134	0.869884
137	135	1.20896
137	136	0.860548
137	141	1.29772
137	142	0.864417
137	144	0.842569
137	145	0.843248
137	150	1.29082
137	153	0.880446
137	155	0.847648
137	160	1.34927
137	162	0.857375
137	167	0.854194
137	172	0.866568
137	177	1.31329
137	180	1.36819
138	2	0.794944
138	4	1.04845
138	48	1.4843
138	64	0.855023
138	65	0.830313
138	77	0.823079
138	100	1.40681
138	111	1.34591
138	116	1.38682
138	117	1.38714
138	135	1.44375
138	141	0.85892
138	145	1.45799
138	150	0.864009
138	152	0.840271
138	154	0.833493
138	157	0.853127
138	158	0.845184
138	159	0.832813
138	160	0.837377
138	161	0.862746
138	165	0.824823
138	166	0.843349
138	167	1.43547
138	168	0.837654
138	173	0.84168
138	174	0.857532
138	175	0.85566
138	176	0.914469
138	177	0.848278
138	180	0.845259
139	35	1.24036
139	43	1.34345
139	49	1.11036
139	60	0.798855
139	64	0.876323
139	75	1.36507
139	99	1.11026
139	110	1.39046
139	112	1.28908
139	131	0.850863
139	141	0.880221
139	143	0.86143
139	144	1.31304
139	150	0.885309
139	152	0.861572
139	155	1.38281
139	158	0.866485
139	160	0.858678
139	163	0.890251
139	165	0.846124
139	166	0.864649
139	169	0.871536
139	170	0.85368
139	171	0.863083
139	172	1.25011
139	173	0.86298
139	174	0.878832
139	175	0.87696
139	176	0.935769
139	177	0.869578
139	179	0.980262
139	180	0.86656
140	29	0.863878
140	30	0.87031
140	36	0.868111
140	45	0.843152
140	51	0.817132
140	53	1.49787
140	78	0.900093
140	84	0.882446
140	93	0.884058
140	104	1.29321
140	106	0.829465
140	108	0.887636
140	109	1.5075
140	112	0.870563
140	113	0.868714
140	117	0.873428
140	119	0.849515
140	122	0.873569
140	123	0.8731
140	130	0.842896
140	136	0.857347
140	141	1.28935
140	144	0.839368
140	145	0.840047
140	150	1.28245
140	155	0.844448
140	156	0.86973
140	161	1.26984
140	167	0.850994
140	169	1.27778
140	171	1.31978
140	176	1.11475
140	180	1.35982
141	23	1.34548
141	63	0.866259
141	68	1.32589
141	73	1.37329
141	74	0.864113
141	81	1.3943
141	104	0.842335
141	109	0.83138
141	114	1.31628
141	122	1.2802
141	129	0.858752
141	136	1.29945
141	137	1.29772
141	138	0.85892
141	139	0.880221
141	140	1.28935
141	148	1.27618
141	152	0.859827
141	154	0.853048
141	159	0.852368
141	160	0.856933
141	163	0.888506
141	165	0.844379
141	166	0.862904
