1	36	0.451272
1	119	1.39347
1	139	0.523491
1	151	1.34179
1	152	1.36048
1	163	0.482779
1	169	1.35528
1	173	1.40591
1	177	1.37473
1	178	0.462814
1	179	1.36853
1	180	0.483236
2	5	0.458296
2	101	1.37901
2	110	1.37126
2	150	0.468536
2	155	1.35659
2	160	1.36137
2	165	0.521866
2	167	1.3823
2	168	0.463454
2	177	1.37787
2	179	1.37168
2	180	0.487677
3	67	1.25246
3	79	1.3382
3	82	1.11561
3	86	0.659186
3	98	1.14424
3	99	1.15139
3	114	1.14816
3	127	1.20759
3	154	0.593592
3	158	0.566516
3	172	0.580013
3	173	1.24277
4	18	0.462054
4	74	1.46587
4	129	1.29255
4	130	0.450845
4	138	1.39234
4	146	0.463666
4	158	1.36461
4	165	0.530211
4	171	1.37418
4	174	1.35269
4	175	0.494146
4	179	1.3583
5	2	0.458296
5	31	0.524061
5	87	1.29305
5	143	1.3751
5	166	1.40048
5	170	1.36692
5	171	1.3896
5	173	0.461095
5	174	1.36811
5	176	0.489508
5	177	0.46979
5	178	1.40658
6	79	0.44572
6	128	1.36308
6	134	0.518385
6	137	1.32757
6	144	0.496617
6	145	1.40853
6	156	1.38238
6	158	0.457755
6	170	1.35941
6	173	0.478029
6	174	1.3606
6	178	1.39908
7	53	0.505698
7	74	0.427634
7	91	1.3831
7	108	1.38296
7	117	1.34648
7	129	1.31285
7	138	1.41264
7	149	0.502548
7	173	0.469695
7	176	0.498108
7	177	1.38479
7	180	1.37748
8	44	0.541634
8	47	0.468281
8	94	1.38782
8	96	1.32115
8	97	0.506509
8	101	0.432887
8	117	1.35777
8	127	0.461616
8	129	1.32414
8	138	1.42394
8	177	1.39609
8	180	1.38878
9	117	0.504014
9	122	0.456807
9	123	1.4438
9	126	1.37336
9	131	1.35575
9	134	1.33101
9	144	1.36638
9	154	1.35089
9	170	0.489275
9	172	1.37958
9	176	0.46678
9	180	0.481879
10	28	0.705366
10	29	1.33386
10	64	0.480762
10	75	0.413214
10	104	0.391582
10	109	0.398771
10	111	1.37058
10	141	1.38621
10	159	1.37343
10	176	1.36468
10	178	1.40249
10	179	1.36962
11	46	0.489803
11	78	0.422685
11	96	0.527023
11	136	1.34303
11	137	1.33132
11	141	0.486725
11	156	1.38612
11	168	1.38802
11	170	1.36315
11	171	1.38584
11	173	0.47271
11	178	1.40282
12	45	0.47326
12	145	0.479747
12	146	1.39479
12	147	0.461837
12	149	1.37516
12	150	1.37993
12	161	1.35798
12	162	0.49993
12	163	1.35476
12	166	0.485776
12	176	1.36686
12	180	1.37069
13	48	1.3862
13	56	0.480769
13	116	1.34853
13	121	0.519823
13	128	0.45579
13	163	1.37286
13	164	0.469749
13	165	1.33677
13	174	0.475228
13	175	1.37459
13	176	1.38496
13	177	1.3961
14	21	0.504888
14	91	0.469003
14	92	1.3532
14	104	1.40645
14	115	1.43499
14	128	1.35268
14	146	0.454976
14	152	1.34776
14	163	0.486874
14	174	1.35021
14	175	0.485456
14	179	1.35582
15	24	0.334848
15	28	0.72242
15	65	0.494043
15	67	0.389361
15	86	1.31678
15	117	0.445372
15	144	1.36966
15	166	1.4083
15	170	1.37474
15	172	1.38286
15	175	1.36622
15	179	1.38154
16	29	0.530372
16	141	0.461318
16	142	1.35746
16	159	1.36639
16	161	0.486804
16	166	1.38935
16	170	1.35579
16	171	1.37847
16	173	0.447304
16	174	1.35698
16	176	0.475717
16	178	1.39546
17	49	1.3697
17	82	1.30928
17	85	0.442768
17	93	0.469761
17	99	1.34506
17	114	1.34183
17	122	1.39694
17	127	1.40127
17	164	0.489476
17	170	0.503271
17	173	1.43644
17	174	0.494955
18	4	0.462054
18	59	0.446744
18	63	1.38082
18	87	0.555208
18	107	1.36116
18	132	1.42569
18	141	0.470522
18	150	1.37194
18	152	0.465943
18	161	1.34999
18	175	1.3485
18	180	1.3627
19	34	1.29025
19	70	0.569956
19	150	1.20745
19	158	0.592079
19	161	1.1855
19	163	1.18228
19	165	1.14619
19	167	1.20995
19	168	0.631642
19	172	0.605576
19	175	1.18401
19	176	1.19438
20	115	0.489984
20	119	1.33484
20	131	1.28739
20	142	0.525058
20	151	1.28316
20	154	1.28253
20	155	1.29481
20	156	0.512575
20	161	0.534583
20	169	1.29665
20	172	1.31123
20	179	1.3099
20	180	0.538595
21	14	0.504888
21	36	1.37801
21	119	0.502613
21	131	0.524144
21	148	1.27998
21	149	1.30795
21	155	0.520065
21	161	1.29076
21	164	0.545145
21	165	1.25145
21	175	1.28927
21	176	1.29964
21	180	1.30347
22	51	1.31555
22	108	1.31002
22	120	0.557092
22	123	0.484161
22	129	1.23991
22	138	1.3397
22	144	1.29378
22	162	1.28488
22	167	0.52815
22	173	0.503186
22	176	0.531599
22	177	1.31185
22	180	1.30454
23	75	1.29128
23	91	1.3138
23	94	1.30723
23	117	1.27718
23	129	1.24355
23	138	1.34334
23	143	0.533792
23	147	0.495064
23	156	0.514288
23	167	0.521761
23	171	0.537169
23	177	1.3155
23	180	1.30818
24	15	0.334848
24	40	0.416539
24	57	1.58113
24	82	1.4239
24	87	0.500787
24	98	1.45253
24	99	1.45968
24	105	0.475305
24	114	1.45645
24	122	1.51156
24	127	1.51588
24	167	0.427051
24	170	0.452994
25	47	0.533806
25	60	0.475393
25	79	1.43111
25	82	1.20852
25	83	1.35029
25	98	1.23715
25	114	1.24107
25	120	0.554432
25	122	1.29618
25	127	1.30051
25	140	0.534615
25	173	1.33568
25	177	0.509221
26	63	1.31916
26	93	1.30437
26	130	1.35277
26	143	0.535709
26	145	0.514889
26	149	1.30552
26	163	1.28512
26	164	0.535826
26	165	1.24902
26	169	0.520867
26	172	0.491937
26	175	1.28684
26	176	1.29721
27	79	0.491582
27	84	0.520979
27	86	1.24645
27	102	0.50773
27	142	0.553865
27	146	1.33419
27	148	1.2866
27	150	1.31933
27	163	1.29417
27	175	1.29589
27	176	1.30627
27	177	1.3174
27	179	0.524354
28	10	0.705366
28	15	0.72242
28	33	0.431876
28	64	1.18917
28	65	1.18922
28	71	1.42342
28	104	1.34889
28	109	1.31263
28	115	1.37742
28	162	1.27747
28	164	1.28207
28	165	0.388143
28	174	0.353033
29	10	1.33386
29	16	0.530372
29	70	0.487635
29	71	0.485837
29	106	1.34346
29	131	0.546143
29	156	0.547524
29	161	1.28881
29	163	1.2856
29	165	1.2495
29	167	1.31327
29	175	1.28732
29	176	1.2977
30	62	0.551083
30	93	1.30301
30	107	1.29813
30	129	0.541048
30	132	1.36266
30	136	0.528803
30	146	1.32377
30	152	0.488054
30	155	0.490652
30	163	1.28375
30	165	1.24765
30	175	1.28547
30	176	1.29585
31	5	0.524061
31	89	0.52213
31	106	1.33183
31	114	0.554701
31	130	1.34161
31	132	1.35287
31	148	1.26639
31	153	1.26864
31	157	0.50606
31	158	0.489656
31	161	1.27718
31	175	1.27569
31	176	1.28606
32	106	0.486221
32	109	1.29759
32	115	1.36238
32	119	1.30815
32	153	0.530365
32	155	1.26812
32	161	0.519523
32	165	0.557724
32	168	1.30128
32	169	1.26995
32	174	1.2776
32	176	0.508436
32	178	1.31607
33	28	0.431876
33	48	0.580221
33	110	1.24911
33	126	1.24463
33	134	1.20228
33	150	0.59277
33	152	1.24147
33	160	1.23922
33	162	0.604757
33	169	1.23627
33	172	1.25085
33	173	1.28691
33	178	0.591488
33	179	1.24953
34	19	1.29025
34	74	0.412682
34	108	0.482402
34	130	1.47994
34	141	0.468757
34	148	1.40473
34	153	1.40698
34	154	0.461545
34	161	1.41551
34	163	1.41229
34	165	1.3762
34	171	0.495114
34	175	1.41402
34	178	0.477833
35	68	0.543886
35	69	1.22855
35	76	0.583314
35	85	1.29516
35	95	1.31578
35	127	0.566978
35	130	0.538698
35	151	1.21203
35	154	1.2114
35	158	1.24508
35	160	1.22846
35	169	1.22552
35	176	0.568775
35	179	1.23877
36	1	0.451272
36	21	1.37801
36	57	0.446806
36	59	0.448747
36	96	0.512824
36	102	0.44235
36	106	1.45265
36	153	1.38947
36	163	1.39479
36	164	0.495624
36	165	1.35869
36	167	1.42246
36	175	1.39651
36	176	1.40689
37	54	0.476004
37	92	0.459767
37	125	1.35616
37	136	1.37157
37	144	0.456712
37	147	0.436391
37	153	0.488467
37	163	0.481179
37	166	1.42526
37	168	1.41657
37	170	1.3917
37	171	1.41438
37	174	1.39289
37	178	1.43136
38	78	0.516492
38	102	1.3058
38	133	1.268
38	143	1.22044
38	159	1.22286
38	166	1.24583
38	168	1.23713
38	169	0.588671
38	171	1.23495
38	172	0.559741
38	173	0.566518
38	174	1.21346
38	178	1.25193
38	179	0.566981
39	111	0.455515
39	130	1.44993
39	141	0.450297
39	143	0.473278
39	146	1.4223
39	149	1.40268
39	150	1.40744
39	163	1.38227
39	164	0.473394
39	165	1.34618
39	169	0.458436
39	170	0.48719
39	175	1.384
39	177	1.40551
40	24	0.416539
40	63	1.43123
40	70	0.419019
40	76	0.504368
40	144	0.480004
40	148	1.38962
40	149	1.41759
40	151	0.482376
40	153	1.39187
40	159	0.49724
40	161	1.4004
40	165	1.36109
40	175	1.39891
40	176	1.40928
41	42	1.16117
41	121	1.19366
41	125	1.21283
41	133	1.3041
41	142	1.25003
41	146	0.567982
41	158	0.536552
41	159	1.25896
41	166	1.28192
41	169	0.578979
41	172	0.550049
41	174	1.24955
41	177	0.565521
41	178	1.28803
42	41	1.16117
42	72	0.580035
42	101	0.550983
42	112	0.562712
42	118	1.20866
42	123	0.534071
42	124	1.22656
42	143	1.2458
42	144	0.571684
42	145	1.28673
42	166	1.27118
42	168	1.26249
42	171	1.2603
42	178	1.27728
43	64	1.28863
43	65	1.28869
43	71	1.52288
43	85	0.435391
43	104	1.44835
43	109	1.41209
43	115	1.47689
43	137	0.509829
43	144	1.38584
43	162	1.37694
43	167	0.469951
43	173	0.444987
43	177	0.453682
43	180	0.488498
44	8	0.541634
44	69	0.573225
44	80	0.552472
44	104	1.2763
44	109	1.24004
44	115	1.30483
44	134	0.593953
44	145	1.26797
44	149	1.22902
44	158	0.533323
44	165	1.17252
44	171	1.24154
44	175	1.21034
44	178	1.25853
45	12	0.47326
45	61	0.519738
45	103	1.31358
45	112	1.33413
45	137	0.521495
45	147	1.35884
45	148	0.514531
45	154	1.30807
45	155	1.32035
45	157	1.35143
45	158	1.34174
45	159	0.492476
45	172	1.33676
45	178	0.479743
45	179	1.33544
46	11	0.489803
46	93	0.481454
46	103	1.31213
46	117	0.529703
46	123	1.39952
46	134	1.28673
46	151	1.30724
46	152	1.32593
46	153	0.514399
46	157	1.34998
46	162	0.500416
46	167	1.34461
46	168	0.483346
46	177	1.34018
46	179	1.33398
47	8	0.468281
47	25	0.533806
47	77	1.31377
47	94	0.500601
47	109	0.516344
47	115	0.475145
47	122	0.498683
47	168	1.35222
47	169	1.32089
47	172	1.33547
47	174	1.32854
47	175	1.31883
47	176	1.32921
47	178	1.36701
47	179	1.33415
48	13	1.3862
48	33	0.580221
48	66	0.458698
48	93	1.33691
48	102	0.442625
48	105	1.27584
48	121	0.545972
48	144	0.477374
48	146	1.35768
48	148	1.31009
48	153	1.31234
48	159	0.49461
48	173	1.37208
48	175	1.31938
48	176	1.32976
49	17	1.3697
49	67	1.35612
49	79	1.44186
49	83	1.36104
49	99	1.25505
49	114	1.25181
49	120	0.538988
49	122	1.30693
49	123	0.466057
49	127	1.31125
49	152	0.494517
49	164	0.522194
49	173	1.34643
49	177	0.493778
49	179	0.485545
50	81	0.54993
50	91	1.34596
50	94	1.33938
50	108	1.34582
50	117	1.30933
50	129	1.27571
50	138	1.3755
50	148	0.520989
50	160	0.476359
50	162	1.32068
50	166	0.485316
50	167	0.488075
50	168	0.4824
50	177	1.34765
50	180	1.34034
51	22	1.31555
51	74	0.457901
51	75	1.33028
51	94	1.34622
51	108	1.35266
51	113	0.524411
51	117	1.31617
51	128	0.523116
51	129	1.28255
51	138	1.38234
51	162	1.32752
51	172	0.493185
51	173	0.499962
51	179	0.500425
51	180	1.34718
52	72	0.500335
52	75	0.523939
52	100	1.33298
52	108	0.501056
52	109	0.509496
52	138	0.475975
52	143	1.32398
52	159	1.3264
52	166	1.34936
52	168	1.34067
52	170	1.3158
52	171	1.33849
52	174	1.31699
52	177	0.482092
52	178	1.35547
53	7	0.505698
53	79	0.450659
53	82	0.551005
53	109	1.34361
53	111	0.5022
53	115	1.4084
53	122	0.501406
53	148	1.30462
53	161	1.3154
53	164	1.31305
53	166	1.35599
53	170	1.32243
53	174	1.32362
53	175	1.31391
53	179	0.48343
54	37	0.476004
54	61	1.30668
54	86	1.28437
54	128	0.507997
54	130	1.39974
54	147	0.48311
54	149	1.35249
54	156	0.502335
54	161	1.33531
54	165	1.29599
54	168	0.504132
54	174	0.527435
54	175	1.33381
54	176	1.34419
54	180	1.34801
55	107	1.33657
55	112	0.49431
55	116	1.29785
55	128	0.507848
55	132	1.4011
55	149	1.34259
55	153	1.31687
55	158	0.46442
55	159	0.520518
55	161	1.3254
55	163	1.32218
55	174	0.527285
55	175	1.32391
55	176	1.33428
55	179	0.485157
56	13	0.480769
56	68	0.498621
56	124	1.30545
56	145	1.36562
56	152	0.504531
56	156	1.33947
56	159	1.32711
56	166	1.35007
56	169	0.517249
56	170	1.3165
56	173	0.495096
56	174	1.3177
56	177	0.503791
56	178	1.35617
56	180	1.32219
57	24	1.58113
57	36	0.446806
57	59	1.49488
57	83	1.45785
57	98	1.34471
57	99	1.35186
57	110	0.448492
57	114	1.34862
57	122	1.40374
57	127	1.40806
57	135	1.40978
57	149	0.468112
57	150	0.459629
57	167	0.460222
57	171	0.47563
57	177	0.443953
58	87	0.510573
58	124	0.463517
58	132	0.428465
58	136	0.462056
58	138	0.414452
58	147	1.44719
58	148	0.469751
58	152	1.41574
58	154	1.39642
58	155	1.4087
58	157	1.43978
58	158	1.43009
58	160	1.41348
58	172	1.42511
58	174	0.454464
58	179	1.42379
59	18	0.446744
59	36	0.448747
59	57	1.49488
59	114	1.3702
59	127	1.42964
59	129	1.36168
59	133	0.450158
59	138	1.46148
59	142	0.467174
59	154	1.40006
59	156	0.454691
59	159	0.473023
59	172	1.42875
59	178	0.460289
59	179	1.42743
59	180	1.42632
60	25	0.475393
60	83	0.425618
60	121	0.509017
60	129	1.3594
60	133	0.43479
60	138	1.45919
60	142	0.451805
60	144	1.41327
60	146	1.44813
60	157	1.44114
60	159	0.457654
60	175	1.40983
60	176	1.4202
60	178	0.444921
60	179	1.42515
60	180	1.42403
61	45	0.519738
61	54	1.30668
61	68	1.32288
61	118	0.545914
61	120	1.22793
61	134	0.550404
61	140	1.24188
61	153	1.27359
61	156	0.52754
61	163	1.27891
61	165	1.24282
61	172	0.503272
61	173	1.33333
61	174	0.55264
61	175	1.28064
61	176	1.29101
62	30	0.551083
62	84	0.516515
62	133	1.32094
62	140	0.553515
62	142	1.26687
62	147	0.517694
62	152	0.528862
62	155	0.531459
62	159	1.2758
62	162	1.25122
62	168	1.29007
62	170	1.2652
62	171	1.28788
62	174	1.26639
62	178	1.30487
62	180	1.27088
63	18	1.38082
63	26	1.31916
63	40	1.43123
63	95	0.455563
63	121	0.562172
63	146	1.37839
63	150	1.36353
63	152	0.484421
63	153	1.33305
63	158	0.454712
63	161	1.34159
63	166	0.497192
63	172	0.468209
63	175	1.34009
63	176	1.35047
63	177	1.36161
63	179	0.475449
64	10	0.480762
64	28	1.18917
64	43	1.28863
64	65	1.1203
64	71	1.35449
64	104	1.27996
64	109	1.2437
64	115	1.30849
64	133	0.578014
64	139	1.1775
64	144	1.21744
64	154	0.571857
64	162	1.20855
64	164	1.21315
64	167	0.59002
64	174	0.607647
64	177	0.573751
65	15	0.494043
65	28	1.18922
65	43	1.28869
65	64	1.1203
65	71	1.35455
65	104	1.28002
65	109	1.24376
65	115	1.30855
65	139	1.17755
65	140	0.59537
65	144	1.2175
65	152	0.570716
65	160	0.57453
65	162	1.2086
65	164	1.2132
65	173	0.561282
65	180	0.604793
66	48	0.458698
66	104	0.475787
66	139	0.530643
66	147	1.38066
66	152	1.34921
66	155	1.34217
66	157	1.37325
66	158	1.36357
66	167	1.36789
66	169	1.34401
66	171	0.487247
66	172	1.35859
66	174	0.489467
66	177	1.36346
66	178	0.469966
66	179	1.35726
66	180	0.490387
67	3	1.25246
67	15	0.389361
67	49	1.35612
67	79	1.51829
67	82	1.2957
67	98	1.32433
67	99	1.33148
67	105	0.529817
67	114	1.32825
67	122	1.38336
67	127	1.38768
67	139	0.540366
67	140	0.490688
67	151	0.477559
67	167	0.481563
67	171	0.496971
67	173	1.42286
68	35	0.543886
68	56	0.498621
68	61	1.32288
68	77	1.34496
68	107	1.36268
68	119	0.445068
68	132	1.42721
68	149	1.36869
68	154	0.45729
68	161	1.35151
68	163	1.34829
68	164	0.4876
68	169	0.472641
68	174	0.49308
68	175	1.35002
68	176	1.36039
68	180	1.36422
69	35	1.22855
69	44	0.573225
69	80	1.30418
69	111	1.32914
69	119	1.35313
69	134	1.28094
69	154	1.30081
69	155	1.3131
69	160	1.31788
69	161	0.506091
69	162	0.50295
69	169	1.31493
69	171	0.506963
69	172	1.32951
69	174	0.509183
69	176	0.495005
69	179	1.32819
69	180	0.510103
70	19	0.569956
70	29	0.487635
70	40	0.419019
70	112	0.414183
70	134	0.444922
70	136	1.4133
70	137	1.40159
70	142	1.4351
70	156	1.4564
70	157	0.400696
70	159	1.44403
70	160	0.417815
70	161	0.444066
70	162	1.41945
70	166	1.46699
70	171	1.45611
70	174	1.43462
70	178	1.47309
71	28	1.42342
71	29	0.485837
71	43	1.52288
71	64	1.35449
71	65	1.35455
71	84	0.399856
71	104	1.51421
71	105	0.475986
71	109	1.47795
71	137	0.467611
71	139	1.41175
71	144	1.45169
71	153	0.453111
71	162	1.4428
71	164	1.4474
71	167	0.427733
71	170	0.453676
71	171	0.44314
72	42	0.580035
72	52	0.500335
72	73	1.41149
72	76	0.516854
72	99	1.25676
72	122	1.30864
72	127	1.31297
72	135	1.31469
72	145	0.490078
72	157	1.32675
72	160	1.30045
72	163	1.29372
72	165	1.25762
72	166	0.496108
72	168	0.493191
72	170	0.52481
72	176	1.30582
72	179	1.31076
73	72	1.41149
73	81	0.504164
73	85	1.49552
73	116	0.476332
73	126	1.43424
73	130	0.415681
73	132	0.433938
73	141	1.45572
73	145	0.433521
73	150	0.441717
73	155	1.42405
73	158	1.44544
73	160	1.42883
73	169	1.42588
73	171	0.457717
73	172	1.44046
73	178	0.440436
73	179	1.43914
74	4	1.46587
74	7	0.427634
74	34	0.412682
74	51	0.457901
74	124	0.456548
74	125	0.478958
74	127	0.431519
74	134	1.39872
74	139	0.48867
74	147	1.46937
74	151	1.41923
74	154	1.4186
74	157	1.46196
74	158	1.45227
74	160	1.43566
74	169	1.43272
74	179	1.44597
74	180	0.448415
75	10	0.413214
75	23	1.29128
75	51	1.33028
75	52	0.523939
75	91	1.32489
75	108	1.32475
75	129	1.25464
75	138	1.35443
75	140	1.26632
75	144	1.30851
75	160	0.510755
75	161	0.537007
75	162	1.29961
75	171	0.537878
75	174	0.540098
75	175	0.539143
75	177	1.32659
75	180	1.31927
76	35	0.583314
76	40	0.504368
76	72	0.516854
76	125	1.25769
76	127	0.516531
76	135	1.30396
76	145	1.34234
76	159	1.30383
76	166	1.32679
76	167	1.31065
76	168	1.3181
76	170	1.29323
76	171	1.31591
76	173	0.489916
76	174	1.29442
76	177	0.498611
76	178	1.33289
76	179	0.490379
77	47	1.31377
77	68	1.34496
77	100	0.536151
77	110	0.517306
77	132	1.3799
77	139	1.26621
77	147	0.502338
77	148	1.29342
77	149	1.32139
77	152	0.513506
77	153	1.29567
77	154	0.510874
77	157	0.500202
77	160	0.51732
77	161	1.30421
77	165	1.2649
77	175	1.30272
77	176	1.31309
78	11	0.422685
78	38	0.516492
78	84	1.47886
78	89	1.43019
78	104	0.425849
78	123	1.50288
78	126	1.43245
78	127	0.423554
78	139	0.480705
78	148	0.454817
78	151	1.4106
78	154	1.40997
78	157	1.45334
78	164	1.42117
78	169	1.42409
78	171	0.43731
78	179	1.43734
78	180	0.44045
79	3	1.3382
79	6	0.44572
79	25	1.43111
79	27	0.491582
79	49	1.44186
79	53	0.450659
79	67	1.51829
79	82	1.38144
79	83	1.52321
79	86	0.487051
79	98	1.41007
79	114	1.41398
79	122	1.4691
79	127	1.47342
79	145	0.430831
79	146	0.425812
79	156	0.432147
79	167	0.43962
80	44	0.552472
80	69	1.30418
80	81	0.532657
80	84	1.35592
80	87	0.544539
80	134	1.26715
80	139	0.529606
80	141	1.33098
80	154	1.28703
80	155	1.29931
80	158	1.32071
80	160	1.30409
80	162	0.482198
80	169	1.30115
80	172	1.31573
80	176	0.474252
80	179	1.3144
80	180	0.48935
81	50	0.54993
81	73	0.504164
81	80	0.532657
81	93	0.55118
81	113	1.26391
81	125	1.21661
81	133	1.30788
81	136	1.23202
81	152	0.543217
81	156	1.27511
81	163	0.576837
81	166	1.2857
81	167	1.26957
81	168	1.27701
81	170	1.25214
81	171	1.27483
81	174	1.25333
81	177	0.542478
81	178	1.29181
82	3	1.11561
82	17	1.30928
82	24	1.4239
82	25	1.20852
82	53	0.551005
82	67	1.2957
82	79	1.38144
82	83	1.30062
82	98	1.18748
82	99	1.19463
82	122	1.24651
82	124	0.566646
82	127	1.25083
82	140	0.54909
82	167	0.539966
82	168	0.534291
82	173	1.286
82	177	0.523697
82	178	0.538092
83	25	1.35029
83	49	1.36104
83	57	1.45785
83	60	0.425618
83	79	1.52321
83	82	1.30062
83	98	1.32925
83	99	1.3364
83	114	1.33316
83	120	0.504657
83	122	1.38828
83	127	1.3926
83	156	0.468243
83	161	0.490251
83	162	0.48711
83	167	0.475716
83	173	1.42778
83	177	0.459447
83	180	0.494263
84	27	0.520979
84	62	0.516515
84	71	0.399856
84	78	1.47886
84	80	1.35592
84	96	1.31118
84	101	1.38725
84	115	0.438953
84	117	0.509698
84	147	1.40332
84	151	1.35318
84	152	1.37187
84	156	0.461543
84	158	1.38622
84	167	1.39055
84	168	0.463341
84	172	1.38124
84	179	1.37992
84	180	0.487563
85	17	0.442768
85	35	1.29516
85	43	0.435391
85	73	1.49552
85	86	0.509763
85	96	1.32605
85	116	0.496354
85	124	0.489012
85	140	1.34072
85	149	0.470221
85	151	1.36805
85	152	1.38674
85	157	1.41078
85	158	1.4011
85	160	1.38448
85	172	1.39611
85	175	0.479004
85	179	1.39479
85	180	0.480879
86	3	0.659186
86	15	1.31678
86	27	1.24645
86	54	1.28437
86	79	0.487051
86	85	0.509763
86	106	1.31447
86	112	0.528976
86	140	1.21957
86	146	1.29663
86	148	1.24904
86	153	1.25129
86	154	0.526162
86	155	0.531392
86	161	1.25982
86	162	0.555718
86	165	1.22051
86	176	1.2687
86	180	1.27253
87	5	1.29305
87	18	0.555208
87	24	0.500787
87	58	0.510573
87	80	0.544539
87	92	0.567306
87	119	0.540244
87	121	1.19623
87	133	1.30667
87	136	1.23081
87	140	0.579752
87	145	1.30005
87	156	1.2739
87	168	1.27581
87	170	1.25093
87	171	1.27362
87	174	1.25213
87	178	1.2906
87	180	1.25662
88	93	0.531773
88	129	0.576804
88	133	1.30985
88	135	1.26484
88	136	1.23399
88	137	1.22228
88	145	1.30323
88	148	0.572254
88	151	0.535335
88	156	1.27708
88	159	1.26471
88	160	0.527624
88	164	1.24474
88	170	1.25411
88	171	1.2768
88	173	0.514375
88	174	1.25531
88	176	0.542789
88	178	1.29378
89	31	0.52213
89	78	1.43019
89	93	0.476561
89	111	1.3322
89	121	0.54635
89	126	1.32635
89	128	0.482318
89	132	0.475757
89	134	1.284
89	151	1.3045
89	155	1.31616
89	157	1.34724
89	158	1.33755
89	159	0.494988
89	160	1.32094
89	163	0.502219
89	172	1.33257
89	177	1.33744
89	179	1.33125
89	180	0.502676
90	119	1.35717
90	123	1.39777
90	134	1.28498
90	139	0.541767
90	141	1.34881
90	145	0.474176
90	146	0.469156
90	149	0.490854
90	150	0.482371
90	152	1.32418
90	155	1.31714
90	158	1.33853
90	160	1.32192
90	164	1.31605
90	165	0.535701
90	167	1.34286
90	169	1.31898
90	170	0.508908
90	179	1.33223
90	180	0.501511
91	7	1.3831
91	14	0.469003
91	23	1.3138
91	50	1.34596
91	75	1.32489
91	94	1.34084
91	105	0.545366
91	107	0.504827
91	108	1.34727
91	117	1.31079
91	129	1.27716
91	135	0.513777
91	136	0.522331
91	138	1.37695
91	140	1.28884
91	155	0.48418
91	157	0.468277
91	167	0.497112
91	177	1.34911
91	180	1.34179
92	14	1.3532
92	37	0.459767
92	87	0.567306
92	111	1.33674
92	112	1.33448
92	126	1.33089
92	130	0.466941
92	131	1.31328
92	141	1.35237
92	151	1.30905
92	155	1.3207
92	156	0.486097
92	157	1.35178
92	160	1.32548
92	161	0.508106
92	172	1.33711
92	175	0.510242
92	178	0.491696
92	179	1.33579
92	180	0.512117
93	17	0.469761
93	26	1.30437
93	30	1.30301
93	46	0.481454
93	48	1.33691
93	81	0.55118
93	88	0.531773
93	89	0.476561
93	106	1.38145
93	116	1.29924
93	130	1.39123
93	134	0.504717
93	146	1.3636
93	150	1.34874
93	159	0.500185
93	163	1.32358
93	165	1.28748
93	168	0.48365
93	175	1.3253
93	176	1.33568
94	8	1.38782
94	23	1.30723
94	47	0.500601
94	50	1.33938
94	51	1.34622
94	91	1.34084
94	105	0.540539
94	108	1.3407
94	117	1.30421
94	120	0.521227
94	123	0.448295
94	129	1.27058
94	135	0.50895
94	138	1.37038
94	151	0.488281
94	162	1.31556
94	167	0.492285
94	171	0.507693
94	177	1.34253
94	180	1.33522
95	35	1.31578
95	63	0.455563
95	100	0.459619
95	101	1.42275
95	131	1.3929
95	135	0.46917
95	140	1.36134
95	141	1.43199
95	154	1.38804
95	155	1.40032
95	157	1.43141
95	158	1.42172
95	162	0.463899
95	169	1.40216
95	170	0.478448
95	171	0.467912
95	172	1.41674
95	174	0.470132
95	175	0.469177
95	179	1.41541
95	180	0.471052
96	8	1.32115
96	11	0.527023
96	36	0.512824
96	84	1.31118
96	85	1.32605
96	104	1.3203
96	109	1.28404
96	115	1.34883
96	117	1.23754
96	130	0.499612
96	138	1.30371
96	142	0.531251
96	159	0.5371
96	162	1.24889
96	164	1.25348
96	168	0.520566
96	172	1.27098
96	173	1.30704
96	174	0.543868
96	176	0.52969
96	180	1.26855
97	8	0.506509
97	103	0.53845
97	114	1.23839
97	121	1.23412
97	127	1.29783
97	135	1.29955
97	138	0.521051
97	151	0.539431
97	154	0.525274
97	155	0.530504
97	156	1.31179
97	157	0.514601
97	159	1.29942
97	161	1.28179
97	170	1.28882
97	173	1.333
97	176	1.29068
97	177	1.30181
97	178	1.32849
97	179	0.518935
97	180	1.2945
98	3	1.14424
98	24	1.45253
98	25	1.23715
98	57	1.34471
98	67	1.32433
98	79	1.41007
98	82	1.18748
98	83	1.32925
98	105	0.567708
98	114	1.22003
98	122	1.27514
98	127	1.27947
98	131	0.510601
98	135	1.28119
98	136	0.544674
98	144	0.513078
98	145	0.510666
98	166	0.516696
98	173	1.31464
98	174	0.537082
98	177	0.503185
99	3	1.15139
99	17	1.34506
99	24	1.45968
99	49	1.25505
99	57	1.35186
99	67	1.33148
99	72	1.25676
99	82	1.19463
99	83	1.3364
99	114	1.22718
99	122	1.28229
99	127	1.28661
99	131	0.524588
99	140	0.542566
99	154	0.515279
99	160	0.521726
99	167	0.533442
99	172	0.5017
99	173	1.32179
99	179	0.50894
99	180	0.551989
100	52	1.33298
100	77	0.536151
100	95	0.459619
100	108	0.506702
100	113	1.35375
100	115	0.473944
100	121	1.28728
100	123	0.460017
100	142	1.34366
100	144	0.49763
100	145	1.3911
100	146	0.490199
100	154	0.485845
100	156	1.36495
100	159	1.35259
100	166	1.37555
100	168	1.36686
100	170	1.34198
100	171	1.36467
100	174	1.34318
100	177	0.487738
100	178	1.38165
101	2	1.37901
101	8	0.432887
101	42	0.550983
101	84	1.38725
101	95	1.42275
101	109	0.48095
101	110	1.34532
101	114	0.489622
101	125	0.518905
101	131	1.32323
101	143	0.481846
101	152	1.33768
101	155	1.33065
101	157	1.36173
101	158	1.35204
101	160	1.33543
101	169	1.33248
101	172	1.34706
101	175	0.486487
101	178	0.467941
101	179	1.34574
101	180	0.488362
102	27	0.50773
102	36	0.44235
102	38	1.3058
102	48	0.442625
102	117	0.496449
102	123	0.411777
102	128	1.42201
102	137	1.3865
102	139	1.37331
102	142	1.42001
102	143	1.42652
102	148	0.488681
102	156	1.44131
102	159	1.42894
102	160	0.444051
102	167	1.43577
102	168	1.44321
102	169	0.452956
102	170	1.41834
102	171	1.44102
102	175	0.472439
102	177	0.439498
102	178	1.45801
103	45	1.31358
103	46	1.31213
103	97	0.53845
103	110	1.31613
103	112	1.31524
103	119	1.34149
103	128	0.490096
103	134	1.2693
103	135	0.508572
103	139	0.55071
103	143	0.503938
103	148	0.524821
103	150	0.491314
103	154	1.28917
103	157	1.33254
103	158	1.32285
103	167	1.32718
103	168	0.486232
103	169	1.30329
103	172	1.31787
103	177	1.32274
103	179	1.31655
103	180	0.510454
104	10	0.391582
104	14	1.40645
104	28	1.34889
104	43	1.44835
104	44	1.2763
104	64	1.27996
104	65	1.28002
104	66	0.475787
104	71	1.51421
104	78	0.425849
104	96	1.3203
104	109	1.40342
104	115	1.46822
104	133	0.488834
104	136	0.526059
104	139	1.33722
104	144	1.37716
104	146	0.487031
104	160	0.489123
104	162	1.36827
104	164	1.37287
104	167	0.500839
104	178	0.498965
104	180	0.519386
105	24	0.475305
105	48	1.27584
105	67	0.529817
105	71	0.475986
105	91	0.545366
105	94	0.540539
105	98	0.567708
105	109	0.556282
105	123	1.34509
105	129	0.58261
105	138	0.522761
105	139	1.22772
105	152	1.27149
105	153	1.25719
105	163	1.26251
105	165	1.22641
105	167	1.29018
105	168	1.29762
105	169	1.26629
105	171	1.29543
105	172	1.28087
105	173	1.31693
105	174	1.27394
105	178	1.31241
106	29	1.34346
106	31	1.33183
106	32	0.486221
106	36	1.45265
106	86	1.31447
106	93	1.38145
106	124	0.504807
106	130	1.42984
106	138	0.455741
106	145	0.469338
106	146	1.40222
106	149	1.38259
106	152	0.462597
106	153	1.35687
106	159	0.488986
106	163	1.36219
106	164	0.490274
106	165	1.32609
106	168	0.472451
106	169	0.475315
106	171	0.493534
106	175	1.36392
106	176	1.37429
106	180	1.37812
107	18	1.36116
107	30	1.29813
107	55	1.33657
107	68	1.36268
107	91	0.504827
107	111	0.498876
107	118	0.515508
107	130	1.38636
107	145	0.495819
107	148	1.31114
107	149	1.33911
107	150	1.34387
107	153	1.31339
107	156	0.497134
107	160	0.492891
107	161	1.32192
107	163	1.31871
107	164	0.516755
107	165	1.28261
107	166	0.501848
107	172	0.472866
107	173	1.37313
107	175	1.32043
107	176	1.3308
107	178	0.502733
108	7	1.38296
108	22	1.31002
108	34	0.482402
108	50	1.34582
108	51	1.35266
108	52	0.501056
108	75	1.32475
108	91	1.34727
108	94	1.3407
108	100	0.506702
108	117	1.31065
108	129	1.27702
108	138	1.37681
108	140	1.2887
108	141	0.488638
108	144	1.33089
108	162	1.32199
108	163	0.517678
108	164	0.511736
108	167	0.499588
108	173	0.474624
108	174	0.517215
108	176	0.503037
108	177	1.34897
108	180	1.34165
109	10	0.398771
109	28	1.31263
109	32	1.29759
109	43	1.41209
109	44	1.24004
109	47	0.516344
109	52	0.509496
109	53	1.34361
109	64	1.2437
109	65	1.24376
109	71	1.47795
109	96	1.28404
109	101	0.48095
109	104	1.40342
109	105	0.556282
109	115	1.43196
109	139	1.30096
109	144	1.34091
109	162	1.33201
109	164	1.33661
109	167	0.508028
109	170	0.533971
109	171	0.523435
109	177	0.491759
109	179	0.483527
110	2	1.37126
110	33	1.24911
110	57	0.448492
110	77	0.517306
110	101	1.34532
110	103	1.31613
110	111	1.33894
110	124	0.511842
110	126	1.33309
110	135	0.501827
110	137	0.52504
110	141	1.35457
110	143	0.497193
110	151	1.31124
110	157	1.35398
110	160	1.32768
110	162	0.496557
110	163	0.503252
110	164	1.32181
110	169	1.32473
110	171	0.50057
110	172	1.33931
110	173	1.37537
110	175	0.501835
110	179	1.33799
111	10	1.37058
111	39	0.455515
111	53	0.5022
111	69	1.32914
111	89	1.3322
111	92	1.33674
111	107	0.498876
111	110	1.33894
111	131	1.31684
111	139	0.549964
111	141	1.35594
111	142	0.496171
111	151	1.31261
111	152	1.3313
111	154	1.31198
111	155	1.32427
111	156	0.483688
111	158	1.34566
111	160	1.32904
111	163	0.509251
111	169	1.3261
111	174	0.508788
111	178	0.489287
111	179	1.33936
111	180	0.509708
112	42	0.562712
112	45	1.33413
112	55	0.49431
112	70	0.414183
112	86	0.528976
112	92	1.33448
112	103	1.31524
112	116	0.515566
112	119	1.36204
112	126	1.3322
112	137	0.521423
112	140	1.28303
112	144	1.32522
112	147	1.3605
112	153	0.506922
112	154	1.30973
112	158	1.3434
112	160	1.32679
112	166	0.478785
112	169	1.32385
112	172	1.33842
112	173	1.37448
112	178	0.47967
112	179	1.3371
112	180	0.500091
113	51	0.524411
113	81	1.26391
113	100	1.35375
113	115	0.466314
113	118	1.30762
113	124	1.32551
113	125	1.30104
113	130	0.469748
113	137	1.30473
113	140	0.505501
113	142	1.33824
113	143	1.34475
113	147	0.469679
113	149	0.504266
113	153	0.521755
113	159	1.34717
113	161	0.510912
113	165	0.549114
113	168	1.36144
113	170	1.33657
113	171	1.35925
113	174	1.33776
113	177	0.480108
113	178	1.37624
113	180	1.34225
114	3	1.14816
114	17	1.34183
114	24	1.45645
114	25	1.24107
114	31	0.554701
114	49	1.25181
114	57	1.34862
114	59	1.3702
114	67	1.32825
114	79	1.41398
114	83	1.33316
114	97	1.23839
114	98	1.22003
114	99	1.22718
114	101	0.489622
114	120	0.545641
114	122	1.27906
114	127	1.28338
114	157	0.487865
114	159	0.527559
114	160	0.504983
114	164	0.528847
114	166	0.51394
114	167	0.516699
114	173	1.31855
114	175	0.533372
115	14	1.43499
115	20	0.489984
115	28	1.37742
115	32	1.36238
115	43	1.47689
115	44	1.30483
115	47	0.475145
115	53	1.4084
115	64	1.30849
115	65	1.30855
115	84	0.438953
115	96	1.34883
115	100	0.473944
115	104	1.46822
115	109	1.43196
115	113	0.466314
115	126	0.468152
115	137	0.506708
115	139	1.36575
115	144	1.4057
115	150	0.466236
115	162	1.3968
115	164	1.4014
115	167	0.466829
115	169	0.464018
115	180	0.485376
116	13	1.34853
116	55	1.29785
116	73	0.476332
116	85	0.496354
116	93	1.29924
116	112	0.515566
116	118	0.541815
116	132	1.3589
116	141	0.519964
116	146	1.32001
116	148	1.27242
116	149	1.30039
116	150	1.30515
116	153	1.27467
116	161	1.2832
116	163	1.27999
116	164	0.543062
116	165	1.24389
116	167	1.30766
116	168	0.525239
116	169	0.528103
116	171	0.546322
116	173	1.33441
116	175	1.28171
116	176	1.29208
116	179	0.506413
117	7	1.34648
117	8	1.35777
117	9	0.504014
117	15	0.445372
117	23	1.27718
117	46	0.529703
117	50	1.30933
117	51	1.31617
117	84	0.509698
117	91	1.31079
117	94	1.30421
117	96	1.23754
117	102	0.496449
117	108	1.31065
117	120	0.566516
117	129	1.24053
117	133	0.525569
117	138	1.34033
117	140	1.25221
117	144	1.2944
117	159	0.548434
117	162	1.28551
117	167	0.537575
117	176	0.541024
117	177	1.31248
117	180	1.30517
118	42	1.20866
118	61	0.545914
118	107	0.515508
118	113	1.30762
118	116	0.541815
118	125	1.26032
118	127	0.509445
118	128	1.29952
118	133	1.35159
118	136	1.27572
118	142	1.29752
118	143	1.30403
118	144	0.501417
118	150	0.5072
118	159	1.30645
118	164	1.28647
118	165	0.56053
118	166	1.32941
118	168	1.32072
118	171	1.31853
118	174	1.29704
118	175	0.524466
118	176	0.511242
118	178	1.33552
118	179	0.483292
118	180	1.30153
119	1	1.39347
119	20	1.33484
119	21	0.502613
119	32	1.30815
119	68	0.445068
119	69	1.35313
119	87	0.540244
119	90	1.35717
119	103	1.34149
119	112	1.36204
119	129	0.503972
119	131	1.34083
119	134	1.31609
119	139	0.525311
119	144	1.35147
119	152	1.35529
119	154	1.33597
119	160	1.35303
119	165	0.519245
119	166	0.463749
119	172	1.36467
119	174	0.484135
119	176	0.469957
119	177	1.36954
119	178	0.464634
119	179	1.36334
119	180	0.485055
120	22	0.557092
120	25	0.554432
120	49	0.538988
120	61	1.22793
120	83	0.504657
120	94	0.521227
120	114	0.545641
120	117	0.566516
120	122	0.519309
120	126	1.26548
120	127	0.527485
120	129	0.563298
120	147	1.29378
120	153	1.24802
120	155	1.25529
120	156	1.28655
120	158	1.27668
120	160	1.26007
120	161	1.25656
120	166	1.29714
120	168	1.28845
120	170	1.26358
120	171	1.28626
120	175	1.25506
120	176	1.26544
120	178	1.30325
120	179	1.27038
121	13	0.519823
121	41	1.19366
121	48	0.545972
121	60	0.509017
121	63	0.562172
121	87	1.19623
121	89	0.54635
121	97	1.23412
121	100	1.28728
121	124	1.25905
121	138	0.536729
121	142	1.27178
121	143	1.27828
121	147	0.532416
121	150	0.558521
121	156	1.29307
121	158	0.513876
121	159	1.28071
121	161	0.57365
121	166	1.30367
121	167	1.28753
121	168	1.29498
121	170	1.2701
121	171	1.29279
121	174	1.2713
121	178	1.30977
121	180	1.27579
122	9	0.456807
122	17	1.39694
122	24	1.51156
122	25	1.29618
122	47	0.498683
122	49	1.30693
122	53	0.501406
122	57	1.40374
122	67	1.38336
122	72	1.30864
122	79	1.4691
122	82	1.24651
122	83	1.38828
122	98	1.27514
122	99	1.28229
122	114	1.27906
122	120	0.519309
122	127	1.33849
122	128	0.488557
122	135	1.34022
122	137	0.530246
122	144	0.483991
122	157	0.461533
122	161	0.504903
122	167	0.490368
122	173	1.37367
122	179	0.465866
123	9	1.4438
123	22	0.484161
123	42	0.534071
123	46	1.39952
123	49	0.466057
123	78	1.50288
123	90	1.39777
123	94	0.448295
123	100	0.460017
123	102	0.411777
123	105	1.34509
123	133	0.440897
123	134	1.35669
123	137	0.492781
123	140	1.34987
123	147	1.42734
123	151	1.3772
123	153	0.478281
123	154	1.37657
123	157	1.41994
123	158	1.41025
123	160	1.39363
123	169	1.39069
123	170	0.478846
123	172	1.40527
123	176	0.456352
123	178	0.451029
123	179	1.40394
124	42	1.22656
124	56	1.30545
124	58	0.463517
124	74	0.456548
124	82	0.566646
124	85	0.489012
124	106	0.504807
124	110	0.511842
124	113	1.32551
124	121	1.25905
124	133	1.36949
124	137	1.28191
124	142	1.31542
124	143	1.32193
124	145	1.36286
124	151	0.519568
124	159	1.32435
124	163	0.541663
124	167	1.33117
124	168	1.33862
124	170	1.31375
124	171	1.33643
124	174	1.31494
124	175	0.540245
124	177	0.507303
124	178	1.35341
124	179	0.499071
124	180	1.31943
125	37	1.35616
125	41	1.21283
125	74	0.478958
125	76	1.25769
125	81	1.21661
125	101	0.518905
125	113	1.30104
125	118	1.26032
125	128	1.29294
125	133	1.34501
125	134	0.561375
125	136	1.26914
125	137	1.25743
125	142	1.29094
125	143	1.29745
125	146	0.532175
125	151	0.541979
125	157	0.517148
125	158	0.500745
125	159	1.29987
125	166	1.32283
125	170	1.28927
125	171	1.31195
125	172	0.514242
125	173	0.521019
125	174	1.29046
125	175	0.562656
125	176	0.549432
125	178	1.32894
126	9	1.37336
126	33	1.24463
126	73	1.43424
126	78	1.43245
126	89	1.32635
126	92	1.33089
126	110	1.33309
126	112	1.3322
126	115	0.468152
126	120	1.26548
126	128	0.496405
126	131	1.31099
126	133	0.48621
126	135	0.514881
126	141	1.35009
126	150	0.497623
126	151	1.30676
126	152	1.32545
126	153	0.523594
126	154	1.30613
126	158	1.33981
126	166	0.495457
126	168	0.49254
126	169	1.32025
126	172	1.33483
126	174	0.515843
126	176	0.501665
126	178	0.496342
126	179	1.33351
126	180	0.516763
127	3	1.20759
127	8	0.461616
127	17	1.40127
127	24	1.51588
127	25	1.30051
127	35	0.566978
127	49	1.31125
127	57	1.40806
127	59	1.42964
127	67	1.38768
127	72	1.31297
127	74	0.431519
127	76	0.516531
127	78	0.423554
127	79	1.47342
127	82	1.25083
127	83	1.3926
127	97	1.29783
127	98	1.27947
127	99	1.28661
127	114	1.28338
127	118	0.509445
127	120	0.527485
127	122	1.33849
127	128	0.496733
127	135	1.34454
127	142	0.503554
127	162	0.509938
127	167	0.498544
127	173	1.37799
127	177	0.482275
127	179	0.474043
128	6	1.36308
128	13	0.45579
128	14	1.35268
128	51	0.523116
128	54	0.507997
128	55	0.507848
128	89	0.482318
128	102	1.42201
128	103	0.490096
128	118	1.29952
128	122	0.488557
128	125	1.29294
128	126	0.496405
128	127	0.496733
128	133	1.38421
128	135	1.3392
128	142	1.33015
128	145	1.37759
128	152	0.479552
128	156	1.35144
128	160	0.483366
128	161	0.509617
128	162	1.3145
128	166	1.36203
128	167	1.3459
128	168	1.35334
128	170	1.32847
128	171	1.35116
128	174	1.32967
128	177	0.478813
128	178	1.36814
128	180	1.33416
129	4	1.29255
129	7	1.31285
129	8	1.32414
129	22	1.23991
129	23	1.24355
129	30	0.541048
129	50	1.27571
129	51	1.28255
129	59	1.36168
129	60	1.3594
129	75	1.25464
129	88	0.576804
129	91	1.27716
129	94	1.27058
129	105	0.58261
129	108	1.27702
129	117	1.24053
129	119	0.503972
129	120	0.563298
129	134	0.549748
129	138	1.3067
129	140	1.21858
129	144	1.26078
129	154	0.516194
129	158	0.489118
129	160	0.522641
129	162	1.25188
129	167	0.534357
129	173	0.509392
129	177	1.27885
129	179	0.509855
129	180	1.27154
130	4	0.450845
130	26	1.35277
130	31	1.34161
130	34	1.47994
130	35	0.538698
130	39	1.44993
130	54	1.39974
130	73	0.415681
130	92	0.466941
130	93	1.39123
130	96	0.499612
130	106	1.42984
130	107	1.38636
130	113	0.469748
130	134	0.485655
130	145	0.461475
130	146	1.412
130	148	1.3644
130	149	1.39237
130	150	1.39714
130	153	1.36666
130	158	0.425025
130	161	1.37519
130	162	0.481658
130	163	1.37197
130	164	0.482412
130	165	1.33588
130	169	0.467453
130	171	0.485671
130	175	1.3737
130	176	1.38407
130	177	1.39521
130	178	0.46839
131	9	1.35575
131	20	1.28739
131	21	0.524144
131	29	0.546143
131	92	1.31328
131	95	1.3929
131	98	0.510601
131	99	0.524588
131	101	1.32323
131	111	1.31684
131	119	1.34083
131	126	1.31099
131	132	0.479668
131	133	0.476034
131	135	0.504704
131	137	0.527917
131	144	1.30401
131	147	1.33929
131	154	1.28852
131	155	1.3008
131	157	1.33188
131	158	1.3222
131	160	1.30558
131	162	0.499434
131	163	0.506129
131	164	1.29971
131	166	0.48528
131	167	1.32652
131	169	1.30264
131	170	0.513982
131	177	1.32209
131	179	1.31589
131	180	0.506586
132	18	1.42569
132	30	1.36266
132	31	1.35287
132	55	1.4011
132	58	0.428465
132	68	1.42721
132	73	0.433938
132	77	1.3799
132	89	0.475757
132	116	1.3589
132	131	0.479668
132	141	0.477571
132	144	0.482144
132	146	1.42326
132	148	1.37567
132	149	1.40364
132	150	1.4084
132	152	0.472991
132	153	1.37792
132	154	0.470359
132	157	0.459686
132	159	0.49938
132	160	0.476805
132	161	1.38645
132	163	1.38324
132	164	0.500669
132	165	1.34714
132	168	0.482846
132	172	0.45678
132	175	1.38496
132	176	1.39533
132	177	1.40647
132	180	1.39916
133	38	1.268
133	41	1.3041
133	59	0.450158
133	60	0.43479
133	62	1.32094
133	64	0.578014
133	81	1.30788
133	87	1.30667
133	88	1.30985
133	104	0.488834
133	117	0.525569
133	118	1.35159
133	123	0.440897
133	124	1.36949
133	125	1.34501
133	126	0.48621
133	128	1.38421
133	131	0.476034
133	136	1.36042
133	142	1.38222
133	143	1.38872
133	145	1.42966
133	151	0.480883
133	153	0.510265
133	156	1.40351
133	161	0.499423
133	166	1.41411
133	168	1.40542
133	170	1.38054
133	173	0.459923
133	174	1.38174
133	175	0.50156
133	177	0.468618
133	180	1.38623
134	6	0.518385
134	9	1.33101
134	33	1.20228
134	44	0.593953
134	46	1.28673
134	61	0.550404
134	69	1.28094
134	70	0.444922
134	74	1.39872
134	80	1.26715
134	89	1.284
134	90	1.28498
134	93	0.504717
134	103	1.2693
134	119	1.31609
134	123	1.35669
134	125	0.561375
134	129	0.549748
134	130	0.485655
134	141	1.30774
134	142	0.517294
134	147	1.31455
134	149	0.520173
134	152	1.2831
134	155	1.27606
134	157	1.30715
134	158	1.29746
134	164	1.27498
134	166	0.509525
134	169	1.2779
134	172	1.29248
134	176	0.515733
134	179	1.29115
134	180	0.530831
135	57	1.40978
135	72	1.31469
135	76	1.30396
135	88	1.26484
135	91	0.513777
135	94	0.50895
135	95	0.46917
135	97	1.29955
135	98	1.28119
135	103	0.508572
135	110	0.501827
135	122	1.34022
135	126	0.514881
135	127	1.34454
135	128	1.3392
135	131	0.504704
135	141	0.502608
135	144	0.507181
135	146	1.36532
135	150	1.35046
135	152	0.498028
135	153	1.31998
135	154	0.495395
135	155	0.500626
135	162	1.32156
135	165	1.2892
135	171	1.35822
135	172	0.481816
135	173	1.37971
135	174	1.33673
135	175	1.32702
135	176	1.33739
135	178	1.3752
135	179	0.489056
135	180	1.34122
136	11	1.34303
136	30	0.528803
136	37	1.37157
136	58	0.462056
136	70	1.4133
136	81	1.23202
136	87	1.23081
136	88	1.23399
136	91	0.522331
136	98	0.544674
136	104	0.526059
136	118	1.27572
136	125	1.26914
136	133	1.36042
136	137	1.27284
136	139	1.25965
136	142	1.30635
136	143	1.31286
136	145	1.35379
136	146	0.508304
136	153	0.54749
136	155	0.50918
136	156	1.32765
136	157	0.493277
136	158	0.476873
136	159	1.31528
136	161	0.536647
136	163	0.540202
136	168	1.32955
136	170	1.30468
136	171	1.32736
136	174	1.30587
136	177	0.505843
136	178	1.34435
136	179	0.497611
136	180	1.31036
137	6	1.32757
137	11	1.33132
137	43	0.509829
137	45	0.521495
137	70	1.40159
137	71	0.467611
137	88	1.22228
137	102	1.3865
137	110	0.52504
137	112	0.521423
137	113	1.30473
137	115	0.506708
137	122	0.530246
137	123	0.492781
137	124	1.28191
137	125	1.25743
137	131	0.527917
137	136	1.27284
137	142	1.29464
137	143	1.30115
137	145	1.34208
137	159	1.30357
137	160	0.525055
137	164	1.28359
137	166	1.32653
137	167	1.3104
137	168	1.31784
137	169	0.53396
137	170	1.29297
137	171	1.31565
137	172	0.505029
137	173	0.511806
137	174	1.29416
137	177	0.520502
137	178	1.33263
137	180	1.29865
138	4	1.39234
138	7	1.41264
138	8	1.42394
