1	49	1.0503
1	64	1.04382
1	89	1.08226
1	97	0.871479
1	112	0.813324
1	116	1.0783
1	123	1.01229
1	124	1.01403
1	138	1.01013
1	158	1.10045
1	166	1.10672
1	179	1.47776
2	6	0.906342
2	16	0.873614
2	20	0.872826
2	26	0.858138
2	37	0.948075
2	61	1.00257
2	99	0.984076
2	103	1.09023
2	152	0.969144
2	155	1.00818
2	172	1.53118
2	176	1.46278
3	30	1.03786
3	67	1.07375
3	68	1.0705
3	72	1.04104
3	93	1.08252
3	95	1.05446
3	113	0.732567
3	152	1.07073
3	164	0.9077
3	175	1.0475
3	177	0.976283
3	179	1.58856
4	24	0.944916
4	25	0.944916
4	45	0.881328
4	54	0.990047
4	65	0.95219
4	103	1.08545
4	105	1.13944
4	128	0.933857
4	158	1.01587
4	172	1.52641
4	174	1.03403
5	13	0.863415
5	56	0.935794
5	62	0.930655
5	71	0.906645
5	75	1.16001
5	89	0.975712
5	116	0.97176
5	124	0.907481
5	138	0.903582
5	158	0.99391
5	163	1.31644
5	176	1.60297
6	2	0.906342
6	20	0.853967
6	26	0.839279
6	37	0.929216
6	61	0.983707
6	76	1.28932
6	99	0.965217
6	143	1.29123
6	146	0.975901
6	152	0.950284
6	155	0.989323
6	165	1.51921
7	28	1.24953
7	36	1.04524
7	111	0.961339
7	122	0.962287
7	125	1.05546
7	137	0.964175
7	170	0.904711
7	171	0.905292
7	175	0.928668
7	178	0.86973
7	179	0.841152
7	180	0.872192
8	27	1.27192
8	146	0.980879
8	158	0.833392
8	165	0.974108
8	171	0.944397
8	172	0.936048
8	173	0.969371
8	175	0.967773
8	176	0.940889
8	178	0.908835
8	179	0.880258
8	180	0.911297
9	16	0.985904
9	20	0.985116
9	26	0.970429
9	37	1.06037
9	99	1.09637
9	101	0.761985
9	146	1.10705
9	149	1.12744
9	152	1.08143
9	155	1.12047
9	165	0.898671
9	179	1.49797
10	21	1.05137
10	22	1.07438
10	34	1.00977
10	60	0.965736
10	74	1.02505
10	80	1.12765
10	143	0.796824
10	146	1.07597
10	161	1.10829
10	166	1.25306
10	175	1.08305
10	176	1.12912
11	33	0.716727
11	62	1.11503
11	115	0.998325
11	144	1.2112
11	153	0.984977
11	160	1.00546
11	171	0.921684
11	173	0.946657
11	176	0.918175
11	178	0.886122
11	179	0.857544
11	180	0.888583
12	95	1.6395
12	159	1.63866
12	160	0.918912
12	166	0.846016
12	167	0.883693
12	169	0.878873
12	171	0.835134
12	175	0.85851
12	176	0.831626
12	178	0.799572
12	179	0.770994
12	180	0.802033
13	5	0.863415
13	69	0.914046
13	71	0.924821
13	96	0.934535
13	116	0.989936
13	122	0.986008
13	123	0.92392
13	124	0.925657
13	138	0.921758
13	167	1.18391
13	176	1.35404
13	180	1.55866
14	18	1.20926
14	27	0.960559
14	111	1.0716
14	127	1.09035
14	131	1.00861
14	136	1.08571
14	137	1.10345
14	144	1.05803
14	156	0.991666
14	161	1.12128
14	163	1.08455
14	174	0.818863
15	21	1.06212
15	34	1.02053
15	40	0.931134
15	60	0.976493
15	80	1.13841
15	85	1.09686
15	140	1.15451
15	141	1.11132
15	146	1.08673
15	155	1.07571
15	161	1.11905
15	174	0.923718
16	2	0.873614
16	9	0.985904
16	33	0.932515
16	37	0.896487
16	61	0.950979
16	97	1.52278
16	99	0.932488
16	140	1.41175
16	146	0.943173
16	152	0.917556
16	155	0.956594
16	174	1.18096
17	19	1.07193
17	43	0.989787
17	45	0.969833
17	54	1.07855
17	65	1.04069
17	79	0.869396
17	128	1.02236
17	145	0.959213
17	158	1.10437
17	166	1.26073
17	170	1.19166
17	174	1.12253
18	14	1.20926
18	122	1.03321
18	153	1.00035
18	161	1.02799
18	166	0.947938
18	170	0.936474
18	171	0.937055
18	173	0.962029
18	175	0.960431
18	178	0.901493
18	179	0.872916
18	180	0.903955
19	17	1.07193
19	24	1.03918
19	25	1.03918
19	43	0.995547
19	45	0.975592
19	65	1.04645
19	75	0.85058
19	153	1.129
19	158	1.11013
19	160	1.09672
19	169	1.18604
19	174	1.12829
20	2	0.872826
20	6	0.853967
20	9	0.985116
20	27	0.813983
20	47	0.856764
20	61	0.950191
20	99	0.9317
20	146	0.942385
20	152	0.916768
20	155	0.955806
20	160	1.32971
20	168	1.55955
20	171	1.54284
21	10	1.05137
21	15	1.06212
21	34	0.973515
21	40	0.884117
21	74	0.98879
21	80	1.09139
21	94	0.952548
21	125	0.9305
21	146	1.03971
21	155	1.03697
21	161	1.07203
21	164	1.15222
21	166	1.46204
22	10	1.07438
22	34	0.996527
22	40	0.90713
22	42	0.7094
22	60	0.952488
22	64	1.04522
22	74	1.0118
22	94	0.975561
22	146	1.06273
22	156	1.31725
22	161	1.09504
22	169	1.17647
22	172	1.35238
23	41	1.00313
23	65	1.19156
23	150	1.00132
23	152	0.961397
23	167	0.98172
23	169	0.9769
23	170	0.932579
23	171	0.933161
23	176	0.929653
23	178	0.897599
23	179	0.869021
23	180	0.90006
24	4	0.944916
24	19	1.03918
24	43	0.95704
24	45	0.937086
24	54	1.0458
24	65	1.00795
24	128	0.989614
24	158	1.07163
24	162	1.1842
24	163	0.906173
24	165	1.08839
24	174	1.08978
24	180	1.39733
25	4	0.944916
25	19	1.03918
25	43	0.95704
25	45	0.937086
25	54	1.0458
25	65	1.00795
25	66	0.832129
25	121	0.994268
25	128	0.989614
25	158	1.07163
25	174	1.08978
25	176	1.25137
25	178	1.46923
26	2	0.858138
26	6	0.839279
26	9	0.970429
26	33	0.917039
26	37	0.881012
26	61	0.935503
26	99	0.917013
26	110	1.33275
26	140	1.4226
26	146	0.927697
26	152	0.90208
26	155	0.941119
26	171	1.66124
27	8	1.27192
27	14	0.960559
27	20	0.813983
27	57	0.92546
27	99	0.925233
27	121	1.24298
27	134	0.865714
27	144	0.904983
27	146	0.935918
27	152	0.910301
27	155	0.949339
27	159	0.897323
27	178	1.71794
28	7	1.24953
28	39	0.798417
28	56	1.00856
28	62	1.00342
28	69	0.968639
28	85	1.03768
28	88	1.03398
28	89	1.04848
28	96	0.989128
28	104	1.09232
28	105	1.00163
28	138	0.97635
28	167	1.21305
29	41	1.0971
29	68	1.01283
29	70	0.998962
29	72	0.983373
29	90	1.05673
29	93	1.02485
29	95	0.996791
29	97	1.10648
29	127	1.03615
29	152	1.01306
29	169	1.11027
29	172	1.28618
29	177	0.918612
30	3	1.03786
30	31	0.955568
30	67	0.983235
30	70	0.966119
30	90	1.02388
30	93	0.992007
30	95	0.963948
30	129	1.01249
30	152	0.980218
30	156	1.4029
30	157	1.18821
30	174	0.916513
30	176	1.36963
30	177	0.885768
31	30	0.955568
31	67	0.991453
31	70	0.974336
31	72	0.958748
31	90	1.0321
31	93	1.00022
31	95	0.972165
31	129	1.02071
31	141	1.22262
31	145	1.31056
31	150	1.27953
31	152	0.988436
31	174	1.03502
31	177	0.893986
32	38	0.958921
32	63	1.00164
32	110	1.09707
32	117	0.987256
32	131	0.938955
32	134	0.9491
32	136	1.01605
32	144	0.988368
32	145	0.980725
32	153	1.2447
32	156	0.922008
32	157	1.22782
32	161	1.05162
32	169	1.30174
33	11	0.716727
33	16	0.932515
33	26	0.917039
33	37	1.00698
33	47	0.968041
33	61	1.06147
33	86	2.41891
33	99	1.04298
33	140	0.476389
33	146	1.05366
33	152	1.02804
33	155	1.06708
33	166	0.822654
34	10	1.00977
34	15	1.02053
34	21	0.973515
34	22	0.996527
34	40	0.842526
34	60	0.887884
34	80	1.0498
34	85	1.00825
34	102	0.830724
34	146	0.998121
34	161	1.03044
34	171	1.24946
34	177	1.38158
34	180	1.43777
35	38	0.953926
35	52	1.03488
35	59	0.993915
35	77	0.972199
35	111	0.996945
35	134	0.944105
35	136	1.01105
35	144	0.983373
35	154	1.19629
35	156	0.917013
35	157	1.17255
35	160	1.15715
35	163	1.00989
35	176	1.35397
36	7	1.04524
36	38	0.941175
36	94	0.969634
36	129	0.739248
36	139	0.906436
36	165	1.0171
36	166	0.998276
36	170	0.986812
36	171	0.987394
36	172	0.979044
36	176	0.983885
36	178	0.951832
36	179	0.923254
36	180	0.954293
37	2	0.948075
37	6	0.929216
37	9	1.06037
37	16	0.896487
37	26	0.881012
37	33	1.00698
37	61	1.02544
37	99	1.00695
37	102	1.06127
37	130	1.33187
37	152	0.992017
37	155	1.03106
37	163	1.17716
37	167	1.29356
38	32	0.958921
38	35	0.953926
38	36	0.941175
38	52	1.02451
38	111	0.986575
38	134	0.933734
38	136	1.00068
38	144	0.973002
38	145	0.965359
38	159	0.965342
38	161	1.03625
38	167	1.19328
38	169	1.25591
38	173	1.31091
39	28	0.798417
39	80	0.645158
39	88	0.604718
39	128	0.746109
39	151	0.727249
39	168	1.10346
39	169	1.13651
39	170	1.09219
39	172	1.08442
39	173	1.11775
39	175	1.11615
39	176	1.08926
39	179	1.02863
39	180	1.05967
40	15	0.931134
40	21	0.884117
40	22	0.90713
40	34	0.842526
40	60	0.798487
40	64	0.891218
40	80	0.960404
40	85	0.918855
40	94	0.821559
40	146	0.908724
40	161	0.941041
40	170	1.77341
40	174	1.26543
40	175	1.67246
41	23	1.00313
41	29	1.0971
41	67	1.10015
41	68	1.0969
41	72	1.06744
41	90	1.14079
41	93	1.10892
41	95	1.08086
41	152	1.09713
41	155	0.830014
41	163	0.844607
41	165	1.02682
41	168	1.16416
41	177	1.00268
42	22	0.7094
42	66	1.23113
42	117	0.810913
42	139	0.754097
42	151	0.737434
42	152	0.51483
42	162	1.11032
42	165	1.11284
42	171	1.08313
42	172	1.07478
42	176	1.07962
42	178	1.04757
42	179	1.01899
42	180	1.05003
43	17	0.989787
43	19	0.995547
43	24	0.95704
43	25	0.95704
43	45	0.893453
43	54	1.00217
43	65	0.964314
43	110	1.01656
43	128	0.945981
43	155	1.02762
43	158	1.02799
43	168	1.36176
43	174	1.04615
43	177	1.47717
44	52	1.09859
44	111	1.06065
44	131	0.997663
44	134	1.00781
44	136	1.07475
44	144	1.04708
44	149	1.17608
44	156	0.980715
44	157	0.870204
44	159	1.03942
44	161	1.11033
44	163	1.0736
44	164	0.865747
44	177	1.20005
44	180	1.25625
45	4	0.881328
45	17	0.969833
45	19	0.975592
45	24	0.937086
45	25	0.937086
45	43	0.893453
45	54	0.982217
45	65	0.944359
45	110	0.956099
45	120	1.43618
45	128	0.926026
45	158	1.00804
45	171	1.28458
45	174	1.0262
45	178	1.48613
46	99	1.06636
46	105	1.02266
46	139	1.09406
46	154	1.00402
46	156	0.951284
46	158	0.826937
46	160	1.02392
46	161	0.856094
46	168	0.950832
46	169	0.98388
46	170	0.93956
46	172	0.931792
46	178	0.904579
46	179	0.876001
46	180	0.907041
47	20	0.856764
47	33	0.968041
47	92	0.973262
47	99	0.968014
47	132	0.961575
47	142	0.926258
47	143	0.957233
47	146	0.978699
47	147	0.952905
47	148	0.93292
47	152	0.953082
47	155	0.99212
47	166	1.41347
47	171	1.30584
47	180	1.49416
48	51	0.977374
48	81	1.14241
48	89	0.986186
48	96	0.926833
48	105	0.939337
48	116	0.982234
48	122	0.978305
48	123	0.916218
48	124	0.917954
48	128	0.922371
48	138	0.914055
48	158	1.00438
48	166	1.51293
48	174	0.935874
48	178	1.60685
49	1	1.0503
49	56	1.03431
49	62	1.02917
49	89	1.07423
49	105	1.02738
49	116	1.07028
49	122	1.06635
49	123	1.00426
49	124	1.006
49	158	1.09243
49	160	0.91574
49	164	0.926682
49	167	0.942429
49	177	1.26099
49	180	1.31719
50	81	0.794019
50	94	1.00036
50	100	1.05351
50	118	1.04061
50	132	1.0704
50	135	1.07373
50	139	1.04345
50	142	1.03509
50	147	1.06173
50	148	1.04175
50	151	1.06861
50	164	0.854721
50	168	1.07362
50	172	1.109
50	179	1.53558
51	48	0.977374
51	62	1.05232
51	64	1.05893
51	69	1.01753
51	79	0.834358
51	88	1.08287
51	91	0.953708
51	122	1.08949
51	123	1.0274
51	124	1.02914
51	130	0.969931
51	138	1.02524
51	158	1.11557
51	169	0.994245
51	179	1.59673
52	35	1.03488
52	38	1.02451
52	44	1.09859
52	63	1.06723
52	76	0.87988
52	77	1.04279
52	131	1.00455
52	134	1.01469
52	136	1.08164
52	159	1.0463
52	162	1.20559
52	163	1.08048
52	174	0.760974
52	175	1.16801
52	177	1.36252
53	55	1.04938
53	75	1.1419
53	87	0.997151
53	92	0.970201
53	132	0.958514
53	133	0.965681
53	135	0.96184
53	139	0.931562
53	142	0.923196
53	147	0.949844
53	148	0.929859
53	151	0.956718
53	159	0.937043
53	167	1.41473
53	175	1.53878
54	4	0.990047
54	17	1.07855
54	24	1.0458
54	25	1.0458
54	43	1.00217
54	45	0.982217
54	65	1.05308
54	84	1.20888
54	105	0.841778
54	120	1.32825
54	121	0.903239
54	128	1.03475
54	158	1.11676
54	164	0.974466
54	174	1.13492
55	53	1.04938
55	80	0.694434
55	107	0.617986
55	109	0.994603
55	111	1.12383
55	131	1.06085
55	134	1.07099
55	144	1.11026
55	147	0.689161
55	151	0.776526
55	165	1.06247
55	173	1.05773
55	176	1.02925
55	178	0.997194
55	180	0.999655
56	5	0.935794
56	28	1.00856
56	49	1.03431
56	71	0.997199
56	96	1.00691
56	116	1.06231
56	122	1.05839
56	123	0.996299
56	124	0.998035
56	138	0.994136
56	156	1.07286
56	157	0.858162
56	158	1.08447
56	169	0.932078
56	178	1.25744
56	179	1.53457
57	27	0.92546
57	63	1.0362
57	77	1.01175
57	78	0.960382
57	106	0.958397
57	111	1.0365
57	131	0.973514
57	134	0.983658
57	136	1.05061
57	144	1.02293
57	153	1.194
57	157	1.17712
57	159	1.01527
57	161	1.08618
57	162	1.35004
57	163	1.04945
58	73	1.00987
58	82	0.995733
58	114	1.02739
58	119	1.01248
58	126	0.985077
58	130	0.987855
58	132	1.03899
58	133	1.04616
58	147	1.03032
58	148	1.01034
58	151	1.0372
58	159	1.01752
58	171	1.13598
58	173	1.06717
58	176	1.11968
58	178	1.33753
59	35	0.993915
59	66	0.925809
59	76	1.01085
59	77	1.00182
59	83	1.10478
59	109	0.897336
59	111	1.02656
59	113	0.984043
59	131	0.963579
59	136	1.04067
59	144	1.01299
59	149	1.46951
59	159	1.00533
59	161	1.07624
59	163	1.03951
59	169	1.23755
60	10	0.965736
60	15	0.976493
60	22	0.952488
60	34	0.887884
60	40	0.798487
60	64	0.936577
60	74	0.90316
60	80	1.00576
60	85	0.964214
60	94	0.866918
60	146	0.954082
60	149	1.62648
60	150	1.29342
60	161	0.9864
60	163	1.21549
60	167	1.33189
61	2	1.00257
61	6	0.983707
61	16	0.950979
61	20	0.950191
61	26	0.935503
61	33	1.06147
61	37	1.02544
61	99	1.06144
61	108	1.1104
61	146	1.07213
61	152	1.04651
61	155	1.08555
61	160	1.04742
61	171	1.26055
61	174	0.791128
61	178	1.4621
62	5	0.930655
62	11	1.11503
62	28	1.00342
62	49	1.02917
62	51	1.05232
62	88	1.04663
62	96	1.00177
62	122	1.05325
62	123	0.99116
62	128	0.997313
62	138	0.988998
62	153	0.932476
62	158	1.07933
62	162	1.08852
62	173	1.04451
62	178	1.31488
63	32	1.00164
63	52	1.06723
63	57	1.0362
63	131	0.966308
63	134	0.976453
63	136	1.0434
63	144	1.01572
63	156	0.949361
63	157	0.967025
63	159	1.00806
63	161	1.07897
63	162	1.13995
63	163	1.04224
63	168	1.18147
63	173	1.09594
63	177	1.29688
64	1	1.04382
64	22	1.04522
64	40	0.891218
64	51	1.05893
64	60	0.936577
64	71	0.998679
64	80	1.09849
64	101	1.03157
64	108	1.13873
64	124	0.999515
64	138	0.995616
64	146	1.04681
64	155	0.971445
64	161	1.07913
64	171	1.28888
64	175	1.22649
65	4	0.95219
65	17	1.04069
65	19	1.04645
65	23	1.19156
65	24	1.00795
65	25	1.00795
65	43	0.964314
65	45	0.944359
65	54	1.05308
65	78	0.921412
65	127	1.13794
65	128	0.996888
65	143	0.987269
65	154	1.16189
65	158	1.0789
65	174	1.09706
66	25	0.832129
66	42	1.23113
66	59	0.925809
66	93	0.789252
66	128	0.911626
66	148	0.874126
66	162	1.02264
66	164	1.08998
66	167	1.04401
66	168	1.00614
66	171	0.995448
66	172	0.987099
66	176	0.99194
66	178	0.959886
66	179	0.931309
66	180	0.962348
67	3	1.07375
67	30	0.983235
67	31	0.991453
67	41	1.10015
67	68	1.01587
67	70	1.002
67	90	1.05977
67	93	1.02789
67	95	0.999833
67	108	1.01519
67	141	0.883516
67	152	1.0161
67	157	0.96761
67	162	1.14053
67	177	0.921654
67	179	1.64402
68	3	1.0705
68	29	1.01283
68	41	1.0969
68	67	1.01587
68	70	0.998754
68	72	0.983166
68	90	1.05652
68	93	1.02464
68	95	0.996583
68	104	0.989357
68	145	1.10264
68	152	1.01285
68	155	0.979093
68	166	1.40416
68	167	1.11008
68	177	0.918404
69	13	0.914046
69	28	0.968639
69	51	1.01753
69	88	1.01184
69	89	1.02634
69	96	0.96699
69	116	1.02239
69	122	1.01846
69	123	0.956375
69	124	0.958111
69	137	1.12692
69	138	0.954212
69	145	1.11787
69	154	1.13777
69	158	1.04454
69	173	1.24295
69	176	1.29545
70	29	0.998962
70	30	0.966119
70	31	0.974336
70	67	1.002
70	68	0.998754
70	72	0.969299
70	84	1.38578
70	90	1.04265
70	93	1.01078
70	95	0.982716
70	106	0.937105
70	129	1.03126
70	152	0.998987
70	154	1.17957
70	174	0.884132
70	177	0.904537
70	180	1.54187
71	5	0.906645
71	13	0.924821
71	56	0.997199
71	64	0.998679
71	88	1.02262
71	91	1.17722
71	105	0.990269
71	112	1.15581
71	116	1.03317
71	122	1.02924
71	123	0.967149
71	125	0.917664
71	128	0.973302
71	138	0.964987
71	153	1.16072
71	158	1.05532
71	180	1.52989
72	3	1.04104
72	29	0.983373
72	31	0.958748
72	41	1.06744
72	68	0.983166
72	70	0.969299
72	79	1.03701
72	90	1.02706
72	93	0.995187
72	95	0.967128
72	129	1.01567
72	152	0.983398
72	164	1.11853
72	167	1.13427
72	170	1.35927
72	176	1.30441
72	177	0.888948
73	58	1.00987
73	82	0.95769
73	87	1.03959
73	100	0.984053
73	119	0.974434
73	129	1.02473
73	133	1.00811
73	139	0.973996
73	142	0.96563
73	147	0.992278
73	148	0.972292
73	151	0.999152
73	160	0.979975
73	162	1.1683
73	166	1.30074
73	175	1.13072
73	178	1.39465
74	10	1.02505
74	21	0.98879
74	22	1.0118
74	60	0.90316
74	98	0.98364
74	118	0.966475
74	125	0.899313
74	132	0.996273
74	135	0.999599
74	139	0.969322
74	145	1.12933
74	146	1.0134
74	151	0.994478
74	161	1.04571
74	167	1.13678
74	175	1.26083
74	180	1.51154
75	5	1.16001
75	19	0.85058
75	53	1.1419
75	99	0.858017
75	146	0.766077
75	150	1.04578
75	157	1.04891
75	164	1.07215
75	165	1.00733
75	168	0.98831
75	171	0.977619
75	173	1.00259
75	175	1.001
75	176	0.974111
75	178	0.942057
75	179	0.913479
75	180	0.944518
76	6	1.28932
76	52	0.87988
76	59	1.01085
76	114	0.840284
76	141	1.06991
76	157	1.05389
76	158	0.727346
76	162	1.00979
76	169	1.02633
76	170	0.982011
76	173	1.00757
76	175	1.00597
76	176	0.979085
76	177	0.970964
76	178	0.947031
76	179	0.918453
76	180	0.949492
77	35	0.972199
77	52	1.04279
77	57	1.01175
77	59	1.00182
77	131	0.941863
77	134	0.952007
77	144	0.991276
77	145	0.983633
77	149	1.37413
77	155	0.948556
77	156	0.924915
77	159	0.983616
77	160	1.05286
77	161	1.05453
77	163	1.0178
77	173	1.19718
77	177	1.39811
78	57	0.960382
78	65	0.921412
78	117	0.987333
78	142	0.849388
78	148	0.895214
78	156	0.993446
78	157	1.0536
78	160	1.06608
78	162	1.0095
78	165	1.01201
78	172	0.973954
78	173	1.00728
78	175	1.00568
78	176	0.978796
78	178	0.946742
78	179	0.918164
78	180	0.949203
79	17	0.869396
79	51	0.834358
79	72	1.03701
79	109	0.943616
79	134	1.06751
79	144	0.925796
79	154	1.04564
79	162	1.00896
79	163	1.08579
79	165	1.01148
79	169	1.02551
79	171	0.981768
79	173	1.00674
79	176	0.97826
79	178	0.946206
79	179	0.917628
79	180	0.948667
80	10	1.12765
80	15	1.13841
80	21	1.09139
80	34	1.0498
80	39	0.645158
80	40	0.960404
80	55	0.694434
80	60	1.00576
80	64	1.09849
80	85	1.12613
80	94	1.02884
80	146	1.116
80	154	1.07224
80	155	0.928797
80	161	1.14832
80	171	1.24623
80	175	1.18384
81	48	1.14241
81	50	0.794019
81	114	0.927912
81	126	1.09947
81	129	0.914907
81	137	1.01275
81	141	1.04119
81	157	1.02516
81	160	1.03764
81	168	0.964554
81	170	0.953282
81	173	0.978837
81	175	0.977239
81	176	0.950355
81	177	0.942235
81	178	0.918301
81	179	0.889723
81	180	0.920762
82	58	0.995733
82	73	0.95769
82	100	0.969919
82	107	1.00406
82	115	1.19156
82	119	0.9603
82	126	0.9329
82	130	1.26726
82	133	0.993981
82	135	0.99014
82	137	1.23055
82	139	0.959862
82	147	0.978144
82	149	0.89771
82	151	0.985018
82	157	1.21766
82	159	0.965343
82	165	1.29476
83	59	1.10478
83	89	0.746719
83	118	0.838829
83	131	1.04482
83	133	0.754598
83	134	1.05497
83	135	0.660044
83	136	1.12192
83	142	0.725022
83	144	1.09424
83	146	0.686518
83	163	1.12076
83	164	1.11126
83	172	1.00839
83	176	1.01323
83	177	1.00511
83	179	0.952595
83	180	0.983634
84	54	1.20888
84	70	1.38578
84	93	1.25703
84	136	1.23744
84	150	0.949919
84	163	0.985787
84	164	0.97629
84	166	0.892645
84	167	0.930322
84	169	0.925502
84	170	0.881181
84	172	0.873413
84	173	0.906736
84	175	0.905139
84	176	0.878255
84	178	0.846201
84	179	0.817623
84	180	0.848662
85	15	1.09686
85	28	1.03768
85	34	1.00825
85	40	0.918855
85	60	0.964214
85	80	1.12613
85	88	1.08088
85	96	1.03603
85	112	1.00768
85	116	1.09143
85	122	1.0875
85	138	1.02325
85	153	1.01259
85	160	0.980312
85	161	1.10677
85	163	0.890603
85	168	1.21016
85	177	1.32556
86	33	2.41891
86	108	0.86196
86	145	0.841856
86	152	2.8096
86	162	0.799192
86	164	0.866524
86	165	0.801707
86	166	0.782879
86	169	0.815735
86	170	0.771415
86	171	0.771996
86	172	0.763647
86	173	0.79697
86	175	0.795372
86	176	0.768488
86	178	0.736434
86	179	0.707856
86	180	0.738896
87	53	0.997151
87	73	1.03959
87	91	1.02114
87	92	1.0804
87	108	1.03535
87	114	1.0571
87	126	1.0148
87	132	1.06871
87	133	1.07588
87	139	1.04176
87	143	0.836884
87	147	1.06004
87	148	1.04005
87	151	1.06691
87	159	1.04724
87	165	1.06487
87	169	1.06168
87	180	1.37381
88	28	1.03398
88	39	0.604718
88	51	1.08287
88	62	1.04663
88	69	1.01184
88	71	1.02262
88	85	1.08088
88	96	1.03233
88	122	1.0838
88	124	1.02345
88	128	1.02787
88	138	1.01955
88	158	1.10988
88	160	0.99266
88	164	1.0036
88	171	1.20579
88	172	1.25788
88	176	1.18948
89	1	1.08226
89	5	0.975712
89	28	1.04848
89	48	0.986186
89	49	1.07423
89	69	1.02634
89	83	0.746719
89	96	1.04683
89	110	0.957066
89	116	1.10223
89	123	1.03622
89	124	1.03795
89	125	0.861645
89	138	1.03405
89	150	1.06064
89	158	1.12438
89	172	1.33764
89	176	1.26924
90	29	1.05673
90	30	1.02388
90	31	1.0321
90	41	1.14079
90	67	1.05977
90	68	1.05652
90	70	1.04265
90	72	1.02706
90	95	1.04048
90	97	0.930855
90	120	1.21006
90	129	1.08902
90	152	1.05675
90	162	1.03365
90	166	1.16609
90	168	1.07518
90	175	0.996074
90	177	0.962302
91	51	0.953708
91	71	1.17722
91	87	1.02114
91	131	1.13919
91	153	0.989563
91	155	1.04813
91	156	0.937412
91	159	1.0601
91	162	0.953465
91	166	0.937152
91	167	0.974829
91	170	0.925688
91	171	0.92627
91	172	0.91792
91	174	1.092
91	175	0.949646
91	178	0.890708
91	179	0.86213
91	180	0.893169
92	47	0.973262
92	53	0.970201
92	87	1.0804
92	106	0.773961
92	107	1.059
92	126	0.987845
92	127	0.992477
92	132	1.04176
92	135	1.04508
92	139	1.01481
92	142	1.00644
92	147	1.03309
92	148	1.0131
92	151	1.03996
92	159	1.02029
92	163	0.887574
92	168	1.20713
92	176	1.1741
92	179	1.66909
93	3	1.08252
93	29	1.02485
93	30	0.992007
93	31	1.00022
93	41	1.10892
93	66	0.789252
93	67	1.02789
93	68	1.02464
93	70	1.01078
93	72	0.995187
93	84	1.25703
93	95	1.0086
93	115	1.00098
93	121	0.951392
93	129	1.05715
93	152	1.02487
93	163	0.921968
93	177	0.930425
93	180	1.41312
94	21	0.952548
94	22	0.975561
94	36	0.969634
94	40	0.821559
94	50	1.00036
94	60	0.866918
94	80	1.02884
94	109	1.74535
94	115	1.18435
94	117	0.945108
94	132	0.960031
94	139	0.933079
94	141	1.12636
94	142	0.924714
94	146	0.977155
94	148	0.931376
94	151	0.958235
94	161	1.00947
94	165	1.28756
95	3	1.05446
95	12	1.6395
95	29	0.996791
95	30	0.963948
95	31	0.972165
95	41	1.08086
95	67	0.999833
95	68	0.996583
95	70	0.982716
95	72	0.967128
95	90	1.04048
95	93	1.0086
95	104	0.918138
95	108	1.07516
95	129	1.02909
95	152	0.996816
95	154	1.05132
95	162	1.2005
95	163	0.922467
95	177	0.902366
96	13	0.934535
96	28	0.989128
96	48	0.926833
96	56	1.00691
96	62	1.00177
96	69	0.96699
96	85	1.03603
96	88	1.03233
96	89	1.04683
96	113	0.90662
96	116	1.04288
96	123	0.976863
96	124	0.9786
96	138	0.974701
96	153	1.10309
96	155	0.966509
96	158	1.06503
96	172	1.33603
96	176	1.26763
96	177	1.41606
97	1	0.871479
97	16	1.52278
97	29	1.10648
97	90	0.930855
97	130	1.00981
97	159	1.09685
97	160	1.01882
97	164	1.02957
97	166	0.945925
97	167	0.983602
97	168	0.945733
97	169	0.978781
97	170	0.934461
97	171	0.935043
97	172	0.926693
97	176	0.931534
97	178	0.899481
97	179	0.870903
97	180	0.901942
98	74	0.98364
98	100	1.00054
98	101	1.09601
98	105	1.01844
98	107	1.03468
98	113	0.975997
98	114	1.00583
98	119	0.990926
98	120	1.50492
98	126	0.963525
98	132	1.01744
98	133	1.02461
98	139	0.990487
98	142	0.982122
98	143	1.00471
98	147	1.00877
98	148	0.988784
98	151	1.01564
98	159	0.995968
98	176	1.33701
99	2	0.984076
99	6	0.965217
99	9	1.09637
99	16	0.932488
99	20	0.9317
99	26	0.917013
99	27	0.925233
99	33	1.04298
99	37	1.00695
99	46	1.06636
99	47	0.968014
99	61	1.06144
99	75	0.858017
99	115	1.09346
99	140	1.07866
99	145	1.12341
99	146	1.05363
99	152	1.02802
99	155	1.06706
99	166	1.42492
100	50	1.05351
100	73	0.984053
100	82	0.969919
100	98	1.00054
100	112	1.00139
100	113	0.954315
100	119	0.986663
100	126	0.959263
100	133	1.02034
100	135	1.0165
100	142	0.977859
100	147	1.00451
100	148	0.984522
100	151	1.01138
100	153	1.15079
100	159	0.991706
100	166	1.43927
100	168	1.34835
100	173	1.26282
100	174	0.862212
101	9	0.761985
101	64	1.03157
101	98	1.09601
101	106	1.08759
101	124	1.09356
101	136	0.947903
101	140	1.02417
101	152	0.848405
101	155	1.05931
101	160	1.02123
101	163	1.04148
101	164	1.03198
101	165	0.967166
101	167	0.986014
101	170	0.936874
101	173	0.962429
101	175	0.960831
101	176	0.933947
101	178	0.901893
101	179	0.873315
101	180	0.904355
102	34	0.830724
102	37	1.06127
102	111	0.692562
102	119	0.977775
102	126	0.943627
102	159	0.805725
102	167	1.03926
102	168	1.0014
102	169	1.03444
102	170	0.990124
102	171	0.990706
102	172	0.982356
102	173	1.01568
102	174	1.15643
102	175	1.01408
102	176	0.987198
102	177	0.979077
102	178	0.955144
102	179	0.926566
102	180	0.957605
103	2	1.09023
103	4	1.08545
103	121	1.06286
103	132	0.812717
103	134	0.962349
103	141	1.0496
103	150	1.03044
103	151	0.939456
103	160	1.04606
103	161	0.718156
103	162	0.989478
103	166	0.973165
103	170	0.961701
103	171	0.962283
103	173	0.987256
103	175	0.985659
103	176	0.958775
103	177	0.950654
103	178	0.926721
103	179	0.898143
103	180	0.929182
104	28	1.09232
104	68	0.989357
104	95	0.918138
104	112	1.03701
104	126	1.05519
104	142	0.956687
104	143	1.07619
104	160	1.04126
104	161	0.799852
104	164	1.05201
104	166	0.968364
104	168	0.968172
104	169	1.00122
104	171	0.957482
104	172	0.949132
104	173	0.982455
104	175	0.980858
104	176	0.953973
104	178	0.92192
104	179	0.893342
104	180	0.924381
105	4	1.13944
105	28	1.00163
105	46	1.02266
105	48	0.939337
105	49	1.02738
105	54	0.841778
105	71	0.990269
105	98	1.01844
105	116	1.05538
105	118	1.04279
105	123	0.989368
105	138	0.987206
105	151	0.993444
105	157	1.00126
105	161	0.772143
105	165	0.959677
105	166	0.940848
105	172	0.921616
105	174	1.09569
105	179	0.865826
105	180	0.896865
106	57	0.958397
106	70	0.937105
106	92	0.773961
106	101	1.08759
106	122	0.69579
106	131	0.887089
106	132	0.785129
106	138	0.867236
106	140	1.08429
106	150	1.06574
106	154	1.06146
106	164	1.09211
106	165	1.02729
106	166	1.00846
106	167	1.04614
106	169	1.04132
106	172	0.989231
106	173	1.02255
106	175	1.02096
106	178	0.962018
106	179	0.933441
106	180	0.96448
107	55	0.617986
107	82	1.00406
107	92	1.059
107	98	1.03468
107	109	1.50695
107	112	1.03552
107	118	1.01752
107	119	1.0208
107	126	0.9934
107	132	1.04731
107	135	1.05064
107	142	1.012
107	147	1.03864
107	148	1.01866
107	149	0.95821
107	150	0.944865
107	151	1.04552
107	159	1.02584
107	165	1.04916
107	170	1.20834
107	175	1.10739
107	176	1.15347
108	61	1.1104
108	64	1.13873
108	67	1.01519
108	86	0.86196
108	87	1.03535
108	95	1.07516
108	136	1.05507
108	137	0.99629
108	150	1.00556
108	153	1.0007
108	160	1.02119
108	162	0.964602
108	164	1.03193
108	165	0.967118
108	167	0.985966
108	168	0.948098
108	169	0.981146
108	173	0.962381
108	175	0.960783
108	176	0.933899
108	179	0.873267
108	180	0.904306
109	55	0.994603
109	59	0.897336
109	79	0.943616
109	94	1.74535
109	107	1.50695
109	116	1.413
109	131	0.837381
109	134	0.847526
109	136	0.914473
109	142	1.60103
109	144	0.886794
109	159	0.879134
109	161	0.950046
109	163	0.913315
109	168	0.819982
109	170	0.80871
109	172	0.800942
109	175	0.832667
109	177	0.797663
109	178	0.773729
109	179	0.745151
109	180	0.776191
110	26	1.33275
110	32	1.09707
110	43	1.01656
110	45	0.956099
110	89	0.957066
110	117	1.07331
110	153	1.00384
110	154	1.00443
110	156	0.951692
110	157	1.01184
110	165	0.970261
110	166	0.951432
110	167	0.989109
110	169	0.984289
110	170	0.939968
110	172	0.9322
110	174	1.10628
110	176	0.937042
110	177	0.928921
110	178	0.904988
110	179	0.87641
110	180	0.907449
111	7	0.961339
111	14	1.0716
111	35	0.996945
111	38	0.986575
111	44	1.06065
111	55	1.12383
111	57	1.0365
111	59	1.02656
111	102	0.692562
111	131	0.966609
111	134	0.976754
111	136	1.0437
111	141	0.82947
111	144	1.01602
111	156	0.949662
111	159	1.00836
111	161	1.07927
111	163	1.04254
111	164	0.909106
111	170	1.14985
111	178	1.31284
111	179	1.58997
112	1	0.813324
112	71	1.15581
112	85	1.00768
112	100	1.00139
112	104	1.03701
112	107	1.03552
112	128	1.16142
112	133	1.02545
112	142	0.982965
112	146	1.03959
112	148	0.989627
112	149	0.929178
112	151	1.01649
112	159	0.996811
112	161	0.921259
112	162	0.954163
112	172	0.918618
112	175	0.950344
112	176	0.92346
112	178	0.891406
112	179	0.862828
112	180	0.893867
113	3	0.732567
113	59	0.984043
113	96	0.90662
113	98	0.975997
113	100	0.954315
113	117	1.02448
113	123	0.985303
113	125	1.12159
113	130	1.04619
113	140	1.05813
113	141	1.05874
113	143	1.09013
113	154	1.0353
113	165	1.00113
113	166	0.982302
113	168	0.982111
113	169	1.01516
113	170	0.970839
113	171	0.97142
113	176	0.967912
113	178	0.935858
113	179	0.90728
113	180	0.938319
114	58	1.02739
114	76	0.840284
114	81	0.927912
114	87	1.0571
114	98	1.00583
114	118	0.988668
114	119	0.991953
114	126	0.964552
114	129	1.04224
114	130	1.04267
114	132	1.01847
114	133	1.02563
114	135	1.02179
114	142	0.983149
114	147	1.0098
114	148	0.989811
114	149	0.929363
114	151	1.01667
114	159	0.996995
114	163	0.887962
114	172	1.24289
114	173	1.12199
114	179	1.66948
115	11	0.998325
115	82	1.19156
115	93	1.00098
115	94	1.18435
115	99	1.09346
115	133	1.0696
115	142	1.04003
115	143	1.04279
115	162	0.95128
115	165	0.953796
115	166	0.934967
115	167	0.972644
115	169	0.967824
115	171	0.924085
115	172	0.915735
115	173	0.949059
115	174	1.08981
115	175	0.947461
115	176	0.920577
115	177	0.912457
115	178	0.888523
115	179	0.859945
115	180	0.890984
116	1	1.0783
116	5	0.97176
116	13	0.989936
116	48	0.982234
116	49	1.07028
116	56	1.06231
116	69	1.02239
116	71	1.03317
116	85	1.09143
116	89	1.10223
116	96	1.04288
116	105	1.05538
116	109	1.413
116	121	0.802415
116	122	1.09435
116	128	1.03842
116	138	1.0301
116	157	0.878099
116	158	1.12043
116	160	0.8627
116	167	0.889388
116	173	1.00702
116	178	1.27738
116	180	1.26415
117	32	0.987256
117	42	0.810913
117	78	0.987333
117	94	0.945108
117	110	1.07331
117	113	1.02448
117	119	0.988636
117	131	0.951925
117	134	0.962069
117	135	1.01847
117	136	1.02902
117	139	0.988197
117	144	1.00134
117	145	0.993695
117	147	1.00648
117	148	0.986494
117	149	0.926045
117	151	1.01335
117	156	0.934978
117	159	0.993678
117	163	1.02786
117	164	1.19961
117	165	1.28117
117	173	1.33299
118	50	1.04061
118	74	0.966475
118	83	0.838829
118	105	1.04279
118	107	1.01752
118	114	0.988668
118	119	0.97376
118	126	0.94636
118	129	1.02405
118	132	1.00027
118	133	1.00744
118	135	1.0036
118	139	0.973322
118	141	1.09584
118	142	0.964956
118	147	0.991604
118	148	0.971618
118	149	0.91117
118	151	0.998478
118	155	1.06023
118	159	0.978802
118	171	1.37766
118	173	1.30885
118	175	1.31527
119	58	1.01248
119	73	0.974434
119	82	0.9603
119	98	0.990926
119	100	0.986663
119	102	0.977775
119	107	1.0208
119	114	0.991953
119	117	0.988636
119	118	0.97376
119	129	1.02734
119	133	1.01073
119	139	0.976607
119	142	0.968241
119	147	0.994889
119	148	0.974903
119	149	0.914455
119	151	1.00176
119	160	1.18338
119	162	1.3717
119	165	1.27588
119	167	1.21007
119	169	1.27269
119	174	0.927084
120	45	1.43618
120	54	1.32825
120	90	1.21006
120	98	1.50492
120	141	0.961181
120	149	0.87607
120	154	0.937736
120	157	0.945153
120	160	0.957638
120	161	1.25862
120	164	0.968387
120	166	0.884742
120	167	0.922419
120	168	0.88455
120	170	0.873278
120	171	0.873859
120	172	0.86551
120	173	0.898833
120	175	0.897235
120	176	0.870351
120	178	0.838297
120	179	0.80972
120	180	0.840759
121	25	0.994268
121	27	1.24298
121	54	0.903239
121	93	0.951392
121	103	1.06286
121	116	0.802415
121	127	1.03493
121	133	1.02002
121	150	1.01617
121	159	0.951043
121	160	1.0318
121	162	0.975213
121	164	1.04255
121	165	0.977729
121	167	0.996577
121	168	0.958709
121	169	0.991757
121	173	0.972992
121	174	1.11374
121	175	0.971394
121	176	0.94451
121	178	0.912456
121	179	0.883878
121	180	0.914918
122	7	0.962287
122	13	0.986008
122	18	1.03321
122	48	0.978305
122	49	1.06635
122	51	1.08949
122	56	1.05839
122	62	1.05325
122	69	1.01846
122	71	1.02924
122	85	1.0875
122	88	1.0838
122	106	0.69579
122	116	1.09435
122	123	1.02834
122	124	1.03007
122	128	1.03449
122	138	1.02617
122	140	0.873608
122	156	1.12921
122	158	1.1165
122	166	1.21987
122	173	1.04343
122	176	1.09593
123	1	1.01229
123	13	0.92392
123	48	0.916218
123	49	1.00426
123	51	1.0274
123	56	0.996299
123	62	0.99116
123	69	0.956375
123	71	0.967149
123	89	1.03622
123	96	0.976863
123	105	0.989368
123	113	0.985303
123	122	1.02834
123	124	0.967985
123	128	0.972402
123	137	1.17779
123	138	0.964086
123	156	1.37959
123	157	1.16489
123	158	1.05441
123	163	1.05979
123	174	0.8932
123	180	1.55094
124	1	1.01403
124	5	0.907481
124	13	0.925657
124	48	0.917954
124	49	1.006
124	51	1.02914
124	56	0.998035
124	64	0.999515
124	69	0.958111
124	88	1.02345
124	89	1.03795
124	96	0.9786
124	101	1.09356
124	122	1.03007
124	123	0.967985
124	128	0.974139
124	138	0.965823
124	156	1.36783
124	158	1.05615
124	163	1.04803
124	164	1.14868
124	170	1.38943
124	174	0.881446
124	175	1.28848
125	7	1.05546
125	21	0.9305
125	71	0.917664
125	74	0.899313
125	89	0.861645
125	113	1.12159
125	129	0.75389
125	134	0.927307
125	147	0.81705
125	152	0.68181
125	153	1.06091
125	157	1.06891
125	164	1.09214
125	166	1.0085
125	167	1.04617
125	168	1.00831
125	170	0.997033
125	171	0.997614
125	172	0.989265
125	173	1.02259
125	174	1.16334
125	175	1.02099
125	178	0.962052
125	179	0.933474
125	180	0.964514
126	58	0.985077
126	81	1.09947
126	82	0.9329
126	87	1.0148
126	92	0.987845
126	98	0.963525
126	100	0.959263
126	102	0.943627
126	104	1.05519
126	107	0.9934
126	114	0.964552
126	118	0.94636
126	129	0.999936
126	132	0.976158
126	133	0.983325
126	135	0.979484
126	142	0.940841
126	147	0.967488
126	148	0.947503
126	150	1.13744
126	151	0.974363
126	155	1.04493
126	159	0.954687
126	162	1.33755
126	178	1.56391
127	14	1.09035
127	29	1.03615
127	65	1.13794
127	92	0.992477
127	121	1.03493
127	141	1.02167
127	145	1.00421
127	148	1.11174
127	157	1.00565
127	159	1.02652
127	160	1.01813
127	161	0.909084
127	165	0.964062
127	166	0.945234
127	167	0.98291
127	168	0.945042
127	169	0.97809
127	170	0.93377
127	171	0.934351
127	172	0.926002
127	173	0.959325
127	175	0.957727
127	176	0.930843
127	178	0.898789
127	179	0.870211
127	180	0.901251
128	4	0.933857
128	17	1.02236
128	24	0.989614
128	25	0.989614
128	39	0.746109
128	43	0.945981
128	45	0.926026
128	48	0.922371
128	54	1.03475
128	62	0.997313
128	65	0.996888
128	66	0.911626
128	71	0.973302
128	88	1.02787
128	112	1.16142
128	116	1.03842
128	122	1.03449
128	123	0.972402
128	124	0.974139
128	138	0.97024
128	143	0.998571
128	149	1.45532
128	158	1.06057
128	163	1.04434
128	165	1.22656
128	170	1.38574
128	174	1.07873
129	30	1.01249
129	31	1.02071
129	36	0.739248
129	70	1.03126
129	72	1.01567
129	73	1.02473
129	81	0.914907
129	90	1.08902
129	93	1.05715
129	95	1.02909
129	114	1.04224
129	118	1.02405
129	119	1.02734
129	125	0.75389
129	126	0.999936
129	135	1.05718
129	139	1.0269
129	147	1.04518
129	148	1.02519
129	150	0.95288
129	151	1.05205
129	152	1.04536
129	157	0.980065
129	165	1.05717
129	168	1.19451
129	171	1.17779
129	177	0.950908
129	179	1.65647
130	37	1.33187
130	51	0.969931
130	58	0.987855
130	82	1.26726
130	97	1.00981
130	113	1.04619
130	114	1.04267
130	135	1.05075
130	137	0.981093
130	142	1.11573
130	150	0.990367
130	162	0.949406
130	164	1.01674
130	165	0.951922
130	166	0.933093
130	167	0.97077
130	168	0.932902
130	169	0.965949
130	170	0.921629
130	171	0.922211
130	172	0.913861
130	175	0.945587
130	176	0.918702
130	177	0.910582
130	178	0.886649
130	179	0.858071
130	180	0.88911
131	14	1.00861
131	32	0.938955
131	44	0.997663
131	52	1.00455
131	55	1.06085
131	57	0.973514
131	59	0.963579
131	63	0.966308
131	77	0.941863
131	83	1.04482
131	91	1.13919
131	106	0.887089
131	109	0.837381
131	111	0.966609
131	117	0.951925
131	134	0.913768
131	136	0.980716
131	140	1.06491
131	144	0.953037
131	145	0.945393
131	149	1.41168
131	156	0.886676
131	159	0.945376
131	161	1.01629
131	163	0.979557
131	167	1.1171
131	172	1.35563
131	175	1.24115
131	178	1.50509
132	47	0.961575
132	50	1.0704
132	53	0.958514
132	58	1.03899
132	74	0.996273
132	87	1.06871
132	92	1.04176
132	94	0.960031
132	98	1.01744
132	103	0.812717
132	106	0.785129
132	107	1.04731
132	114	1.01847
132	118	1.00027
132	126	0.976158
132	133	1.03724
132	135	1.0334
132	139	1.00312
132	140	0.962947
132	142	0.994755
132	147	1.0214
132	148	1.00142
132	151	1.02828
132	172	1.25367
132	173	1.13277
132	174	0.732157
132	175	1.13919
132	178	1.40313
132	179	1.68026
133	53	0.965681
133	58	1.04616
133	73	1.00811
133	82	0.993981
133	83	0.754598
133	87	1.07588
133	98	1.02461
133	100	1.02034
133	112	1.02545
133	114	1.02563
133	115	1.0696
133	118	1.00744
133	119	1.01073
133	121	1.02002
133	126	0.983325
133	132	1.03724
133	139	1.01029
133	142	1.00192
133	145	1.09955
133	147	1.02857
133	148	1.00858
133	149	0.948135
133	151	1.03544
133	154	1.11945
133	159	1.01577
133	168	1.31015
133	169	1.16962
133	170	1.33199
133	174	0.824006
134	27	0.865714
134	32	0.9491
134	35	0.944105
134	38	0.933734
134	44	1.00781
134	52	1.01469
134	55	1.07099
134	57	0.983658
134	63	0.976453
134	77	0.952007
134	79	1.06751
134	83	1.05497
134	103	0.962349
134	109	0.847526
134	111	0.976754
134	117	0.962069
134	125	0.927307
134	131	0.913768
134	136	0.99086
134	144	0.963181
134	145	0.955538
134	149	1.45936
134	156	0.896821
134	161	1.02643
134	162	1.32641
134	163	0.989702
134	170	1.38977
134	174	0.881789
134	178	1.55276
135	50	1.07373
135	53	0.96184
135	74	0.999599
135	82	0.99014
135	83	0.660044
135	92	1.04508
135	100	1.0165
135	107	1.05064
135	114	1.02179
135	117	1.01847
135	118	1.0036
135	126	0.979484
135	129	1.05718
135	130	1.05075
135	132	1.0334
135	139	1.00645
135	142	0.99808
135	147	1.02473
135	148	1.00474
135	149	0.944294
135	151	1.0316
135	154	1.02489
135	159	1.01193
135	160	0.985747
135	163	0.896038
135	169	1.07506
135	173	1.13007
135	179	1.67755
135	180	1.38719
136	14	1.08571
136	32	1.01605
136	35	1.01105
136	38	1.00068
136	44	1.07475
136	52	1.08164
136	57	1.05061
136	59	1.04067
136	63	1.0434
136	83	1.12192
136	84	1.23744
136	101	0.947903
136	108	1.05507
136	109	0.914473
136	111	1.0437
136	117	1.02902
136	131	0.980716
136	134	0.99086
136	143	0.856604
136	144	1.03013
136	145	1.02249
136	154	1.03123
136	156	0.963768
136	159	1.02247
136	160	0.992084
136	161	1.09338
136	163	1.05665
136	164	1.00303
136	167	1.01877
136	169	1.0814
136	170	1.24377
137	7	0.964175
137	14	1.10345
137	69	1.12692
137	81	1.01275
137	82	1.23055
137	108	0.99629
137	123	1.17779
137	130	0.981093
137	138	1.09885
137	140	0.993038
137	147	1.05612
137	149	0.908537
137	154	0.970203
137	158	0.893028
137	160	0.990105
137	161	0.922184
137	162	0.933522
137	164	1.00085
137	166	0.917209
137	167	0.954886
137	169	0.950065
137	170	0.905745
137	171	0.906327
137	172	0.897977
137	173	0.9313
137	174	1.07205
137	175	0.929703
137	176	0.902818
137	178	0.870765
137	179	0.842187
137	180	0.873226
138	1	1.01013
138	5	0.903582
138	13	0.921758
138	28	0.97635
138	48	0.914055
138	51	1.02524
138	56	0.994136
138	62	0.988998
138	64	0.995616
138	69	0.954212
138	71	0.964987
138	85	1.02325
138	88	1.01955
138	89	1.03405
138	96	0.974701
138	105	0.987206
138	106	0.867236
138	116	1.0301
138	122	1.02617
138	123	0.964086
138	124	0.965823
138	128	0.97024
138	137	1.09885
138	141	1.00186
138	150	1.05877
138	158	1.05225
138	163	0.980849
138	169	1.15987
138	170	1.32225
138	173	1.21488
138	179	1.76236
139	36	0.906436
139	42	0.754097
139	46	1.09406
139	50	1.04345
139	53	0.931562
139	73	0.973996
139	74	0.969322
139	82	0.959862
139	87	1.04176
139	92	1.01481
139	94	0.933079
139	98	0.990487
139	117	0.988197
139	118	0.973322
139	119	0.976607
139	129	1.0269
139	132	1.00312
139	133	1.01029
139	135	1.00645
139	142	0.967803
139	145	1.1511
139	147	0.99445
139	148	0.974465
139	149	0.914017
139	151	1.00132
139	154	1.171
139	156	1.36195
139	159	0.981649
139	165	1.22436
139	168	1.3617
139	173	1.27617
140	15	1.15451
140	16	1.41175
140	26	1.4226
140	33	0.476389
140	99	1.07866
140	101	1.02417
140	106	1.08429
140	113	1.05813
140	122	0.873608
140	131	1.06491
140	132	0.962947
140	137	0.993038
140	144	0.970864
140	149	0.936365
140	154	0.998032
140	157	1.00545
140	162	0.96135
140	164	1.02868
140	166	0.945037
140	167	0.982714
140	168	0.944846
140	169	0.977894
140	170	0.933573
140	171	0.934155
140	172	0.925805
140	173	0.959128
140	174	1.09988
140	175	0.957531
140	176	0.930647
140	177	0.922526
140	178	0.898593
140	180	0.901054
141	15	1.11132
141	31	1.22262
141	67	0.883516
141	76	1.06991
141	81	1.04119
141	94	1.12636
141	103	1.0496
141	111	0.82947
141	113	1.05874
141	118	1.09584
141	120	0.961181
141	127	1.02167
141	138	1.00186
141	142	0.98203
141	148	1.02786
141	153	0.998059
141	154	0.998643
141	157	1.00606
141	160	1.01854
141	164	1.02929
141	168	0.945457
141	169	0.978505
141	170	0.934184
141	171	0.934766
141	172	0.926416
141	173	0.959739
141	175	0.958142
141	176	0.931258
141	177	0.923137
141	178	0.899204
141	179	0.870626
141	180	0.901665
142	47	0.926258
142	50	1.03509
142	53	0.923196
142	73	0.96563
142	78	0.849388
142	83	0.725022
142	92	1.00644
142	94	0.924714
142	98	0.982122
142	100	0.977859
142	104	0.956687
142	107	1.012
142	109	1.60103
142	112	0.982965
142	114	0.983149
142	115	1.04003
142	118	0.964956
142	119	0.968241
142	126	0.940841
142	130	1.11573
142	132	0.994755
142	133	1.00192
142	135	0.99808
142	139	0.967803
142	141	0.98203
142	147	0.986085
142	148	0.966099
142	149	0.905651
142	151	0.992959
142	156	1.28082
142	159	0.973283
142	177	1.39597
143	6	1.29123
143	10	0.796824
143	47	0.957233
143	65	0.987269
143	87	0.836884
143	98	1.00471
143	104	1.07619
143	113	1.09013
143	115	1.04279
143	128	0.998571
143	136	0.856604
