1	23	0.805985
1	106	0.830904
1	111	0.792919
1	117	0.790451
1	120	0.779158
1	124	1.54853
1	128	0.820238
1	137	0.794236
1	148	0.791746
1	149	0.794363
1	150	1.6256
1	159	1.63352
2	6	0.763595
2	24	0.733975
2	36	0.789734
2	52	1.51588
2	81	0.817728
2	82	1.58828
2	92	0.834832
2	94	0.834736
2	99	0.812146
2	142	0.802101
2	164	0.811153
2	175	1.70626
3	87	1.62328
3	122	0.783022
3	138	1.55213
3	142	0.800668
3	155	0.812434
3	158	0.801585
3	170	0.807388
3	172	0.806731
3	176	0.792274
3	178	0.800351
3	179	1.62653
3	180	0.795547
4	6	0.774718
4	7	0.75965
4	12	0.755439
4	28	1.4178
4	56	0.831661
4	58	1.71357
4	61	0.807145
4	99	0.823269
4	103	0.812617
4	142	0.813224
4	155	1.67468
4	164	0.822276
5	72	1.34468
5	92	1.1684
5	112	1.19368
5	122	0.884128
5	151	0.90382
5	163	0.911211
5	169	1.09109
5	172	0.907837
5	176	0.893379
5	177	0.901515
5	178	0.901457
5	180	0.896653
6	2	0.763595
6	4	0.774718
6	24	0.75208
6	27	1.54676
6	40	0.808915
6	61	0.814127
6	68	0.791223
6	81	0.835833
6	99	0.83025
6	164	0.829258
6	167	1.75941
6	176	1.49966
7	4	0.75965
7	28	1.42238
7	36	0.792771
7	40	0.793848
7	49	0.768522
7	56	0.823575
7	94	0.837773
7	103	0.804531
7	142	0.805138
7	152	1.65542
7	164	0.81419
7	176	1.73524
8	30	1.01954
8	100	1.29472
8	121	0.88029
8	134	0.910599
8	154	0.897917
8	160	1.21051
8	165	0.914142
8	169	0.907584
8	173	0.892229
8	174	0.899137
8	178	1.27431
8	179	0.898102
9	12	0.750731
9	21	0.827086
9	32	0.80022
9	34	0.794478
9	52	1.33532
9	65	0.803453
9	97	0.810294
9	118	0.790585
9	148	0.810268
9	149	0.812886
9	169	1.84715
9	176	1.62716
10	14	1.17696
10	20	1.27069
10	100	0.903079
10	101	0.881359
10	135	1.18932
10	157	1.16198
10	160	0.90087
10	162	0.909889
10	170	0.907665
10	177	0.900686
10	178	0.900628
10	180	0.895824
11	90	1.11125
11	133	1.28629
11	136	0.890758
11	158	0.900763
11	163	0.909283
11	164	0.908899
11	168	0.896453
11	169	1.16745
11	171	1.23709
11	177	0.899588
11	178	0.899529
11	180	0.894726
12	4	0.755439
12	9	0.750731
12	78	0.825439
12	81	0.816554
12	94	0.833562
12	103	0.80032
12	148	0.802679
12	149	0.805297
12	159	1.61398
12	164	0.809979
12	168	1.64376
12	175	1.55301
13	20	0.81667
13	62	0.799713
13	73	0.779945
13	99	1.803
13	154	0.797207
13	156	1.494
13	160	1.49946
13	161	0.811131
13	168	0.797518
13	169	0.806874
13	174	0.798426
13	176	0.792516
14	10	1.17696
14	15	0.860253
14	21	0.877564
14	65	0.853932
14	78	0.883506
14	120	0.848159
14	128	0.889239
14	137	0.863237
14	148	0.860746
14	149	0.863364
14	175	1.18686
14	179	1.54397
14	180	1.29674
15	14	0.860253
15	17	0.867096
15	34	0.845932
15	106	0.90088
15	117	0.860428
15	120	0.849135
15	128	0.890214
15	148	0.861722
15	149	0.86434
15	152	1.19869
15	168	1.2678
15	171	1.56814
15	175	1.17705
16	21	0.883341
16	23	0.880763
16	32	0.856475
16	75	0.839938
16	78	0.889283
16	111	0.867697
16	118	0.84684
16	148	0.866523
16	149	0.869141
16	152	1.22764
16	176	1.30745
16	178	1.35712
16	180	1.31588
17	15	0.867096
17	52	1.07721
17	77	0.820372
17	78	0.890349
17	88	0.85193
17	117	0.866295
17	128	0.896082
17	137	0.87008
17	148	0.86759
17	149	0.870207
17	164	1.40817
17	168	1.35834
17	176	1.36904
18	36	0.85341
18	81	0.881404
18	139	1.39174
18	142	0.865776
18	153	0.862734
18	156	1.23135
18	157	0.875513
18	158	1.29278
18	159	0.86032
18	162	1.28202
18	164	0.874829
18	167	0.862723
18	174	0.863292
19	57	0.792023
19	63	1.69449
19	103	1.78658
19	106	0.811652
19	111	0.773668
19	137	0.774985
19	148	0.772494
19	149	0.775112
19	163	0.780178
19	167	1.71485
19	170	0.777462
19	172	0.776805
19	180	0.765621
20	10	1.27069
20	13	0.81667
20	30	1.17694
20	74	0.852441
20	85	1.3722
20	90	0.914832
20	121	0.853139
20	154	0.870767
20	161	0.884691
20	171	0.87143
20	172	1.37911
20	173	0.865078
20	179	0.870952
21	9	0.827086
21	14	0.877564
21	16	0.883341
21	44	0.832469
21	117	0.877739
21	133	0.859593
21	137	0.881524
21	144	1.26823
21	148	0.879034
21	149	0.881651
21	168	1.32233
21	175	1.23158
21	177	1.38836
22	125	0.791094
22	141	1.68264
22	154	1.78691
22	158	0.776754
22	163	0.785275
22	166	0.771239
22	170	0.782558
22	172	0.781901
22	174	1.73201
22	175	0.789362
22	177	0.775579
22	178	0.775521
22	180	0.770717
23	1	0.805985
23	16	0.880763
23	52	1.09796
23	88	0.860796
23	97	0.876481
23	111	0.87763
23	120	0.863869
23	137	0.878946
23	148	0.876456
23	149	0.879074
23	159	1.34931
23	168	1.37909
23	176	1.3898
24	2	0.733975
24	6	0.75208
24	47	0.749167
24	49	0.75397
24	76	1.63306
24	81	0.806213
24	92	0.823317
24	98	0.801075
24	103	0.789979
24	140	1.81033
24	142	0.790586
24	144	1.76061
24	164	0.799638
25	119	0.765945
25	153	0.77906
25	157	0.791839
25	161	0.792322
25	166	1.76144
25	168	0.778709
25	169	0.788065
25	170	1.7015
25	171	0.779061
25	173	0.772709
25	176	0.773707
25	179	0.778583
25	180	1.73769
26	31	1.36883
26	46	0.81782
26	82	0.927501
26	138	1.21358
26	146	0.867147
26	147	1.32812
26	158	0.866058
26	166	0.860542
26	167	1.29208
26	172	0.871204
26	177	0.864883
26	178	0.864824
26	180	0.860021
27	6	1.54676
27	65	1.43472
27	114	0.85493
27	123	0.879753
27	141	0.865347
27	153	0.865113
27	165	0.880675
27	171	0.865114
27	173	0.858762
27	174	0.86567
27	177	1.11073
27	178	1.10507
27	179	0.864636
28	4	1.4178
28	7	1.42238
28	40	1.19419
28	102	0.857922
28	120	1.15749
28	139	0.844468
28	157	0.880198
28	160	0.870386
28	170	0.877181
28	171	0.86742
28	178	0.870144
28	179	0.866942
28	180	0.86534
29	79	0.863134
29	90	0.901723
29	98	1.53575
29	127	0.889248
29	136	1.24012
29	146	1.25283
29	147	0.854356
29	150	1.16896
29	154	0.857659
29	157	0.8711
29	173	0.85197
29	176	0.852968
29	179	0.857844
30	8	1.01954
30	20	1.17694
30	73	1.23024
30	97	0.930728
30	111	0.931877
30	128	0.959195
30	148	0.930703
30	153	1.1116
30	166	0.924351
30	167	1.06295
30	170	0.93567
30	172	0.935013
30	178	0.928633
30	180	0.923829
31	26	1.36883
31	62	0.838125
31	63	0.836213
31	119	0.823167
31	127	0.867208
31	132	0.832548
31	136	1.36755
31	139	1.48557
31	154	0.835619
31	161	0.849543
31	165	0.851843
31	166	1.37697
31	173	0.82993
31	179	0.835804
32	9	0.80022
32	16	0.856475
32	41	1.22473
32	44	0.805603
32	77	0.80495
32	97	0.852193
32	117	0.850874
32	120	0.839581
32	124	1.414
32	128	0.88066
32	137	0.854658
32	149	0.854786
32	175	1.43802
32	176	1.53948
33	73	0.82283
33	95	1.34889
33	121	0.822464
33	125	1.36579
33	136	1.42636
33	138	0.863782
33	142	1.45802
33	143	0.824729
33	154	0.840092
33	161	0.854016
33	167	0.840742
33	169	0.849758
33	174	0.841311
33	179	0.840276
34	9	0.794478
34	15	0.845932
34	54	1.64978
34	88	0.830765
34	106	0.885584
34	107	1.32873
34	108	1.47705
34	117	0.845131
34	118	0.826742
34	133	0.826984
34	137	0.848916
34	148	0.846425
34	149	0.849043
34	176	1.15128
35	41	1.08077
35	65	0.840127
35	67	1.44795
35	77	0.799724
35	88	0.831282
35	117	0.845647
35	120	0.834354
35	128	0.875434
35	133	0.827501
35	137	0.849432
35	148	0.846942
35	149	0.849559
35	171	1.68516
35	172	1.39259
36	2	0.789734
36	7	0.792771
36	18	0.85341
36	39	0.826307
36	40	0.835054
36	53	1.39165
36	56	0.864781
36	85	1.43358
36	94	0.87898
36	98	0.856834
36	99	0.85639
36	103	0.845738
36	144	1.37862
36	159	1.40293
37	57	1.02701
37	68	1.15684
37	75	1.45084
37	115	0.92711
37	130	0.929077
37	135	0.935135
37	138	0.953379
37	143	0.914326
37	165	0.945913
37	169	0.939355
37	173	0.924
37	174	0.930908
37	178	1.02931
37	179	0.929873
38	56	1.30962
38	68	0.810497
38	73	1.52999
38	121	1.43551
38	125	0.854736
38	144	0.83963
38	155	0.851246
38	160	0.839405
38	169	1.32294
38	170	0.8462
38	172	0.845543
38	177	0.839221
38	178	0.839163
38	180	0.834359
39	36	0.826307
39	41	1.22348
39	49	0.802058
39	56	0.857111
39	68	0.809691
39	92	0.871405
39	94	0.871309
39	98	0.849163
39	103	0.838067
39	116	0.827163
39	152	1.45842
39	159	1.49775
39	164	0.847726
39	175	1.43678
40	6	0.808915
40	7	0.793848
40	28	1.19419
40	36	0.835054
40	49	0.810806
40	81	0.863049
40	92	0.880152
40	99	0.857466
40	103	0.846814
40	142	0.847421
40	152	1.42724
40	164	0.856474
40	170	1.47929
40	176	1.50705
41	32	1.22473
41	35	1.08077
41	39	1.22348
41	61	1.02161
41	81	1.04167
41	85	0.921258
41	156	0.939243
41	165	0.947136
41	171	0.931575
41	172	0.940678
41	173	0.925222
41	178	0.934298
41	179	0.931096
41	180	0.929494
42	83	0.83977
42	93	0.86551
42	102	0.82585
42	122	1.48243
42	123	0.849987
42	132	0.831615
42	141	0.835582
42	145	1.40006
42	156	1.34208
42	163	1.37399
42	173	0.828997
42	174	0.835905
42	175	0.851913
42	179	0.834871
43	97	0.835986
43	106	0.875119
43	111	0.837135
43	117	0.834666
43	118	0.816277
43	120	0.823374
43	128	0.864453
43	137	0.838451
43	144	1.39088
43	148	0.835961
43	149	0.838579
43	152	1.37588
43	155	1.3997
43	168	1.44498
44	21	0.832469
44	32	0.805603
44	65	0.808837
44	75	0.789067
44	78	0.838411
44	97	0.815677
44	106	0.85481
44	120	0.803064
44	137	0.818142
44	148	0.815651
44	149	0.818269
44	159	1.50384
44	160	1.53019
44	168	1.53362
44	175	1.44287
45	51	1.32576
45	68	1.6813
45	79	0.81851
45	115	0.810457
45	160	1.48997
45	161	0.826959
45	165	0.829259
45	167	0.813685
45	168	0.813345
45	169	0.822702
45	172	1.50117
45	173	0.807346
45	174	0.814254
45	175	0.830263
45	179	0.81322
46	26	0.81782
46	119	1.51788
46	120	1.60131
46	121	1.47181
46	130	0.846146
46	155	0.823155
46	156	0.816017
46	157	1.4043
46	162	0.820333
46	163	0.820826
46	164	0.820442
46	166	0.80679
46	177	0.811131
46	178	0.811072
46	180	0.806268
47	24	0.749167
47	76	0.838764
47	92	0.850024
47	96	1.48322
47	98	0.827782
47	142	0.817293
47	158	0.818209
47	161	1.51478
47	162	0.826237
47	164	0.826345
47	167	1.52178
47	169	1.48202
47	177	0.817034
47	178	0.816975
47	180	0.812172
48	50	0.865014
48	91	0.80381
48	105	1.4315
48	112	0.808613
48	115	0.809507
48	134	0.824767
48	136	1.5026
48	138	0.835776
48	143	0.796723
48	152	0.824375
48	171	0.812749
48	173	0.806396
48	177	1.53517
48	178	1.52951
48	179	0.81227
49	7	0.768522
49	24	0.75397
49	39	0.802058
49	40	0.810806
49	81	0.837723
49	92	0.854827
49	94	0.854731
49	98	0.832585
49	99	0.832141
49	103	0.821489
49	146	1.54788
49	163	1.52471
49	164	0.831148
49	175	1.41095
49	180	1.52084
50	48	0.865014
50	112	0.90076
50	114	0.894712
50	131	1.26829
50	144	0.908087
50	146	1.20716
50	150	1.12329
50	154	0.904232
50	167	0.904883
50	169	0.913899
50	173	0.898544
50	174	0.905452
50	178	1.22136
50	179	0.904417
50	180	1.18012
51	45	1.32576
51	74	1.29738
51	134	1.13252
51	136	0.889888
51	146	0.900983
51	148	1.09968
51	154	1.14374
51	160	0.898902
51	162	0.907921
51	163	0.908413
51	170	0.905697
51	172	0.90504
51	176	0.890582
51	177	0.898718
51	180	0.893856
52	2	1.51588
52	9	1.33532
52	17	1.07721
52	23	1.09796
52	85	0.888833
52	106	0.969901
52	119	0.886034
52	147	0.895184
52	153	0.899149
52	156	0.906818
52	160	0.902116
52	165	0.914711
52	169	0.908153
52	177	0.901932
52	180	0.89707
53	36	1.39165
53	66	1.32193
53	107	0.842833
53	115	1.2562
53	136	0.864402
53	146	0.875496
53	150	0.889493
53	158	0.874407
53	160	0.873416
53	163	0.882927
53	166	0.868891
53	167	1.21627
53	170	0.880211
53	172	0.879553
53	174	1.21541
53	180	0.86837
54	34	1.64978
54	74	0.781329
54	87	0.78702
54	96	0.811946
54	133	0.785671
54	147	0.796352
54	148	1.77653
54	157	0.813096
54	160	1.49265
54	161	0.813579
54	165	0.81588
54	168	0.799966
54	170	1.47903
54	171	0.800319
54	173	0.793967
54	174	0.800875
55	63	0.868686
55	86	1.29537
55	89	1.34114
55	123	0.883394
55	139	1.34223
55	140	1.18636
55	153	0.868755
55	157	0.881533
55	159	0.86634
55	162	1.23252
55	165	0.884317
55	167	0.868743
55	169	0.877759
55	171	0.868756
55	173	0.862404
55	174	0.869312
56	4	0.831661
56	7	0.823575
56	36	0.864781
56	38	1.30962
56	39	0.857111
56	92	0.909879
56	94	0.909783
56	98	0.887638
56	99	0.887193
56	103	0.876541
56	113	1.27408
56	116	0.865637
56	152	1.13516
56	164	0.886201
56	174	1.47386
56	176	1.21497
57	19	0.792023
57	37	1.02701
57	80	0.875416
57	112	1.37824
57	118	0.862061
57	145	0.881477
57	154	1.36946
57	155	0.891758
57	158	0.880908
57	164	0.889045
57	167	1.31542
57	170	0.886712
57	172	0.886055
57	178	0.879675
57	179	1.31131
57	180	0.874871
58	4	1.71357
58	109	0.864419
58	115	1.29088
58	134	1.29378
58	142	0.846994
58	145	0.848479
58	150	0.862997
58	156	0.851622
58	157	1.25624
58	158	0.84791
58	168	0.843601
58	170	0.853714
58	172	0.853057
58	176	0.838599
58	177	0.846735
58	179	1.24685
58	180	0.841873
59	107	1.45903
59	110	1.47107
59	126	0.850195
59	130	1.23102
59	132	0.842127
59	135	0.850645
59	138	0.86889
59	144	0.849053
59	154	0.845199
59	158	1.32341
59	162	1.31265
59	165	0.861423
59	167	0.845849
59	169	0.854865
59	171	0.845862
59	176	0.840508
59	179	0.845383
60	100	0.849174
60	127	1.24614
60	132	1.42303
60	141	1.31645
60	147	1.40272
60	150	0.863042
60	153	1.41534
60	156	0.851667
60	158	0.847956
60	160	0.846964
60	163	0.856476
60	166	0.84244
60	170	0.853759
60	172	0.853102
60	177	0.846781
60	178	0.846722
60	180	0.841918
61	4	0.807145
61	6	0.814127
61	41	1.02161
61	65	0.84757
61	77	0.807167
61	92	0.885364
61	98	0.863122
61	99	0.862678
61	112	1.65894
61	128	0.882877
61	137	0.856876
61	148	0.854385
61	149	0.857003
61	164	0.861685
61	169	1.55635
61	175	1.2349
61	176	1.33636
62	13	0.799713
62	31	0.838125
62	80	1.38405
62	119	0.841357
62	152	0.866099
62	156	1.34462
62	167	0.85446
62	168	0.85412
62	169	0.863476
62	170	1.33647
62	171	0.854472
62	172	1.36129
62	173	0.84812
62	174	0.855028
62	175	0.871037
62	179	0.853994
62	180	1.37266
63	19	1.69449
63	31	0.836213
63	55	0.868686
63	64	0.84387
63	87	0.839262
63	135	0.857344
63	143	0.836534
63	153	0.852559
63	162	1.27876
63	163	1.25999
63	164	1.28681
63	166	1.27987
63	169	0.861564
63	171	0.85256
63	173	0.846208
63	174	0.853117
63	179	0.852082
64	63	0.84387
64	76	1.18091
64	113	1.43238
64	123	0.858578
64	138	0.866967
64	145	1.41165
64	147	0.839973
64	158	1.4151
64	160	1.35913
64	161	0.8572
64	165	0.8595
64	167	0.843926
64	171	0.843939
64	173	0.837587
64	174	0.844495
64	175	0.860504
64	179	0.843461
65	9	0.803453
65	14	0.853932
65	27	1.43472
65	35	0.840127
65	44	0.808837
65	61	0.84757
65	88	0.839741
65	106	0.894559
65	111	0.856575
65	125	1.3498
65	128	0.883893
65	137	0.857892
65	148	0.855401
65	149	0.858019
65	152	1.3078
65	158	1.42944
65	175	1.28616
66	53	1.32193
66	83	0.85599
66	91	0.842631
66	132	0.847834
66	133	0.836921
66	134	0.863587
66	140	1.35861
66	141	0.851802
66	143	0.835543
66	151	1.39703
66	154	0.850906
66	155	1.31772
66	162	1.40477
66	167	0.851556
66	169	0.860572
66	171	0.851569
66	179	0.85109
67	35	1.44795
67	89	0.837174
67	96	1.28191
67	113	0.84875
67	121	1.39328
67	136	0.843788
67	137	1.32459
67	145	0.854362
67	151	0.854923
67	156	0.857505
67	160	0.852802
67	166	0.848278
67	168	0.849484
67	171	1.35036
67	177	0.852618
67	178	0.85256
67	180	0.847756
68	6	0.791223
68	37	1.15684
68	38	0.810497
68	39	0.809691
68	45	1.6813
68	81	0.845356
68	94	0.862364
68	98	0.840218
68	122	0.812082
68	130	0.864485
68	133	1.52432
68	141	1.39501
68	142	0.829729
68	155	0.841495
68	164	0.838781
68	174	1.44438
68	177	0.82947
68	180	0.824608
69	71	1.35375
69	114	0.888238
69	141	0.898655
69	144	0.901612
69	155	1.10882
69	157	0.911199
69	160	1.15067
69	164	1.20394
69	165	0.913982
69	167	0.898409
69	169	0.907425
69	171	0.898422
69	172	1.16188
69	173	0.892069
69	174	0.898978
69	176	0.893068
69	177	1.22014
69	179	0.897943
70	80	0.819548
70	82	0.886484
70	90	1.3504
70	123	1.39334
70	126	1.49094
70	133	1.52544
70	140	0.824284
70	145	0.825609
70	146	0.82613
70	162	0.833068
70	166	0.819525
70	170	0.830844
70	172	0.830187
70	175	0.837648
70	177	0.823865
70	178	0.823806
70	179	1.44225
70	180	0.819003
71	69	1.35375
71	115	1.49691
71	123	1.40397
71	129	1.44036
71	146	0.830025
71	152	0.836605
71	155	0.839785
71	158	0.828936
71	162	0.836964
71	163	0.837456
71	166	0.82342
71	170	0.834739
71	172	0.834082
71	173	1.50717
71	176	0.819625
71	177	0.827761
71	178	0.827702
71	180	0.822899
72	5	1.34468
72	74	0.80286
72	90	0.865251
72	93	0.85201
72	129	0.842027
72	130	1.43131
72	138	0.844877
72	141	0.822082
72	147	0.817883
72	152	0.833476
72	170	1.45411
72	171	0.821849
72	172	1.47894
72	173	0.815497
72	174	0.822405
72	175	0.838413
72	179	0.821371
72	180	1.4903
73	13	0.779945
73	30	1.23024
73	33	0.82283
73	38	1.52999
73	91	0.825767
73	93	0.864866
73	101	1.49116
73	136	1.4581
73	142	1.48976
73	143	0.818679
73	161	0.847966
73	167	0.834692
73	168	0.834353
73	169	0.843709
73	173	0.828353
73	174	0.835261
73	176	0.829351
73	179	0.834227
74	20	0.852441
74	51	1.29738
74	54	0.781329
74	72	0.80286
74	80	1.49555
74	142	1.53015
74	144	0.836831
74	153	0.833639
74	155	1.41974
74	156	1.45612
74	157	0.846418
74	159	0.831225
74	165	0.849201
74	169	0.842644
74	171	0.83364
74	173	0.827288
74	174	0.834197
74	176	0.828286
75	16	0.839938
75	37	1.45084
75	44	0.789067
75	77	0.788413
75	88	0.819971
75	97	0.835657
75	106	0.874789
75	111	0.836805
75	120	0.823044
75	128	0.864123
75	133	0.81619
75	137	0.838122
75	144	1.41469
75	148	0.835631
75	149	0.838249
75	175	1.37804
75	176	1.47949
75	180	1.48793
76	24	1.63306
76	47	0.838764
76	64	1.18091
76	77	1.40299
76	105	0.905858
76	110	0.83907
76	129	1.05906
76	143	1.19267
76	145	0.881667
76	154	1.12973
76	155	0.891948
76	156	0.88481
76	158	0.881099
76	160	0.880107
76	166	0.875583
76	172	0.886245
76	177	0.879924
76	178	0.879865
76	180	0.875061
77	17	0.820372
77	32	0.80495
77	35	0.799724
77	61	0.807167
77	75	0.788413
77	76	1.40299
77	88	0.799338
77	106	0.854156
77	111	0.816172
77	117	0.813704
77	120	0.802411
77	124	1.46987
77	128	0.84349
77	137	0.817489
77	148	0.814998
77	149	0.817616
77	150	1.54694
77	168	1.58464
77	180	1.60378
78	12	0.825439
78	14	0.883506
78	16	0.889283
78	17	0.890349
78	44	0.838411
78	97	0.885001
78	117	0.883681
78	118	0.865292
78	124	1.11472
78	128	0.913468
78	133	0.865535
78	137	0.887466
78	146	1.27567
78	147	1.53599
78	148	0.884976
78	149	0.887594
78	152	1.16039
78	160	1.22606
78	177	1.29553
79	29	0.863134
79	45	0.81851
79	89	1.40961
79	93	0.887602
79	117	1.52171
79	119	0.844326
79	121	0.839151
79	129	0.877619
79	130	1.21935
79	141	0.857675
79	147	0.853475
79	153	0.85744
79	169	0.866445
79	170	1.24215
79	171	0.857441
79	173	0.851089
79	175	0.874006
79	176	0.852087
79	177	1.32524
79	180	1.27835
80	57	0.875416
80	62	1.38405
80	70	0.819548
80	74	1.49555
80	95	0.877863
80	130	0.888892
80	131	0.843982
80	138	1.20937
80	139	0.828142
80	151	0.856182
80	155	0.865901
80	160	0.85406
80	162	0.863079
80	164	0.863188
80	167	1.28787
80	170	0.860855
80	173	1.33806
80	174	1.287
80	177	0.853877
80	180	0.849014
81	2	0.817728
81	6	0.835833
81	12	0.816554
81	18	0.881404
81	24	0.806213
81	40	0.863049
81	41	1.04167
81	49	0.837723
81	68	0.845356
81	94	0.906974
81	98	0.884829
81	99	0.884384
81	103	0.873732
81	116	0.862828
81	127	1.49563
81	144	1.29162
81	147	1.65221
81	152	1.27661
81	164	0.883391
81	175	1.25497
82	2	1.58828
82	26	0.927501
82	70	0.886484
82	98	1.10725
82	99	1.07827
82	109	0.938496
82	112	1.11144
82	125	0.936327
82	156	0.925699
82	158	0.921987
82	165	1.02364
82	166	0.916472
82	169	1.00885
82	170	0.927791
82	171	1.0785
82	172	0.927134
82	175	0.934595
82	177	0.920812
82	178	0.920753
82	180	0.91595
83	42	0.83977
83	66	0.85599
83	84	1.32541
83	116	1.33871
83	121	0.838761
83	123	0.87169
83	132	0.853317
83	137	1.51877
83	143	0.841025
83	159	0.854635
83	160	1.24077
83	161	0.870312
83	165	0.872612
83	167	0.857039
83	171	0.857051
83	174	0.857607
83	175	0.873616
83	177	1.31024
83	179	0.856573
83	180	1.26334
84	83	1.32541
84	95	0.87702
84	96	1.29999
84	102	1.42498
84	105	0.878968
84	107	0.822635
84	125	0.868548
84	140	0.853453
84	145	0.854777
84	146	0.855298
84	160	0.853217
84	162	0.862237
84	163	0.862729
84	165	1.31358
84	167	1.33855
84	168	0.849899
84	169	1.29879
84	170	0.860012
84	177	0.853034
84	180	0.848172
85	20	1.3722
85	36	1.43358
85	41	0.921258
85	52	0.888833
85	113	0.841226
85	119	1.37707
85	130	0.88011
85	140	0.845514
85	145	0.846838
85	146	0.847359
85	153	1.30686
85	156	0.849981
85	160	0.845279
85	162	0.854298
85	168	0.84196
85	170	0.852074
85	174	1.25734
85	178	0.845036
85	179	1.2541
85	180	0.840233
86	55	1.29537
86	95	0.860697
86	102	1.4484
86	104	1.43568
86	105	0.862645
86	122	0.819323
86	125	0.852225
86	131	0.826816
86	132	1.41832
86	136	0.82788
86	150	0.852972
86	151	0.839015
86	156	0.841597
86	160	0.836894
86	166	0.83237
86	171	1.39185
86	173	1.41216
86	175	0.850493
86	176	0.828574
86	178	0.836652
86	180	0.831848
87	3	1.62328
87	54	0.78702
87	63	0.839262
87	104	0.829463
87	110	1.45018
87	123	0.85397
87	126	0.843664
87	134	0.85135
87	138	0.862359
87	139	1.40147
87	142	1.31512
87	154	0.838668
87	162	1.29176
87	167	0.839318
87	168	0.838978
87	169	0.848335
87	173	0.832979
87	174	0.839887
87	175	0.855895
87	177	1.31602
87	179	0.838853
88	17	0.85193
88	23	0.860796
88	34	0.830765
88	35	0.831282
88	65	0.839741
88	75	0.819971
88	77	0.799338
88	106	0.885714
88	111	0.84773
88	118	0.826872
88	120	0.833969
88	133	0.827115
88	137	0.849046
88	141	1.5898
88	148	0.846556
88	149	0.849174
88	152	1.30047
88	159	1.33979
88	168	1.36958
88	176	1.38028
88	177	1.43561
89	55	1.34114
89	67	0.837174
89	79	1.40961
89	110	0.801896
89	115	1.44767
89	122	0.825361
89	131	0.832855
89	139	0.817015
89	140	0.843169
89	144	0.843158
89	150	0.85901
89	157	1.41303
89	162	0.851952
89	163	0.852444
89	165	1.38277
89	170	0.849728
89	172	0.849071
89	174	1.40688
89	175	0.856532
89	177	0.842749
89	180	0.837887
90	11	1.11125
90	20	0.914832
90	29	0.901723
90	70	1.3504
90	72	0.865251
90	114	0.885848
90	123	0.91067
90	126	0.900365
90	127	0.926957
90	146	1.20756
90	147	0.892065
90	151	1.19542
90	157	0.908809
90	161	0.909292
90	167	0.896018
90	170	1.14433
90	171	0.896031
90	172	1.16916
90	174	0.896587
90	178	1.22176
90	179	0.895553
91	48	0.80381
91	66	0.842631
91	73	0.825767
91	101	1.38329
91	107	1.50492
91	108	0.822945
91	113	1.38658
91	118	1.43272
91	135	0.848475
91	145	1.36584
91	153	0.84369
91	154	0.843028
91	159	0.841276
91	161	0.856953
91	165	0.859253
91	167	0.843679
91	171	0.843692
91	172	1.32454
91	173	0.83734
91	174	0.844248
91	179	0.843213
92	2	0.834832
92	5	1.1684
92	24	0.823317
92	39	0.871405
92	40	0.880152
92	47	0.850024
92	49	0.854827
92	56	0.909879
92	61	0.885364
92	94	0.924077
92	98	0.901932
92	99	0.901487
92	103	0.890836
92	116	0.879931
92	140	1.29051
92	142	0.891442
92	152	1.22579
92	159	1.26511
92	164	0.900495
92	175	1.20414
92	176	1.3056
92	178	1.35527
93	42	0.86551
93	72	0.85201
93	73	0.864866
93	79	0.887602
93	100	1.2849
93	105	1.16649
93	112	0.878655
93	128	1.45012
93	132	0.879056
93	133	0.868143
93	135	0.887574
93	138	0.905818
93	141	0.883024
93	151	1.23816
93	152	0.894417
93	166	1.24701
93	167	0.882778
93	169	0.891794
93	170	1.18707
93	173	0.876439
93	179	0.882312
93	180	1.22326
94	2	0.834736
94	7	0.837773
94	12	0.833562
94	36	0.87898
94	39	0.871309
94	49	0.854731
94	56	0.909783
94	68	0.862364
94	81	0.906974
94	92	0.924077
94	98	0.901836
94	99	0.901391
94	100	1.32692
94	103	0.890739
94	124	1.13137
94	142	0.891346
94	144	1.19204
94	161	1.5096
94	164	0.900399
94	168	1.24614
94	175	1.15539
94	176	1.25685
95	33	1.34889
95	80	0.877863
95	84	0.87702
95	86	0.860697
95	101	0.862852
95	108	1.27936
95	129	1.19672
95	133	1.29242
95	136	0.87335
95	151	0.884485
95	153	1.262
95	157	1.21863
95	158	0.883355
95	161	1.20634
95	162	0.891383
95	163	0.891875
95	166	0.87784
95	170	0.889159
95	172	0.888502
95	177	0.88218
95	178	0.882121
95	180	0.877318
96	47	1.48322
96	54	0.811946
96	67	1.28191
96	84	1.29999
96	107	1.40693
96	108	0.843511
96	121	0.845967
96	124	0.87898
96	134	0.876276
96	138	0.887285
96	140	1.21439
96	143	0.848231
96	158	1.27131
96	163	1.24178
96	165	0.879818
96	167	0.864245
96	169	0.873261
96	171	0.864257
96	173	0.857905
96	174	0.864813
96	175	0.880822
96	176	0.858903
96	179	0.863779
97	9	0.810294
97	23	0.876481
97	30	0.930728
97	32	0.852193
97	43	0.835986
97	44	0.815677
97	75	0.835657
97	78	0.885001
97	101	1.39759
97	106	0.9014
97	111	0.863415
97	117	0.860947
97	120	0.849654
97	124	1.21629
97	128	0.890734
97	137	0.864732
97	148	0.862242
97	149	0.864859
97	159	1.30128
97	163	1.35407
97	166	1.37395
97	168	1.33106
97	175	1.24031
98	24	0.801075
98	29	1.53575
98	36	0.856834
98	39	0.849163
98	47	0.827782
98	49	0.832585
98	56	0.887638
98	61	0.863122
98	68	0.840218
98	81	0.884829
98	82	1.10725
98	92	0.901932
98	94	0.901836
98	99	0.879246
98	103	0.868594
98	116	0.85769
98	136	1.34944
98	142	0.869201
98	151	1.35001
98	164	0.878253
98	168	1.31597
98	175	1.22522
98	176	1.32668
99	2	0.812146
99	4	0.823269
99	6	0.83025
99	13	1.803
99	36	0.85639
99	40	0.857466
99	49	0.832141
99	56	0.887193
99	61	0.862678
99	81	0.884384
99	82	1.07827
99	92	0.901487
99	94	0.901391
99	98	0.879246
99	103	0.868149
99	116	0.857245
99	142	0.868756
99	144	1.23289
99	146	1.33316
99	159	1.25721
99	163	1.31
99	164	0.877809
99	175	1.19624
100	8	1.29472
100	10	0.903079
100	60	0.849174
100	93	1.2849
100	94	1.32692
100	113	0.856718
100	122	0.843199
100	136	0.851756
100	138	1.25962
100	140	0.861006
100	146	0.862851
100	155	0.872612
100	158	0.861762
100	163	0.870282
100	165	1.31314
100	166	0.856246
100	170	0.867565
100	172	0.866908
100	173	1.38831
100	177	0.860587
100	178	0.860528
100	179	1.33402
100	180	0.855725
101	10	0.881359
101	73	1.49116
101	91	1.38329
101	95	0.862852
101	97	1.39759
101	112	1.3867
101	125	0.854381
101	130	0.873882
101	139	0.813132
101	140	0.839285
101	146	0.841131
101	150	0.855127
101	156	0.843753
101	158	0.840041
101	162	0.848069
101	163	0.848561
101	165	1.2989
101	166	0.834526
101	167	1.32387
101	170	0.845845
101	172	0.845188
101	177	0.838866
101	179	1.31977
101	180	0.834004
102	28	0.857922
102	42	0.82585
102	84	1.42498
102	86	1.4484
102	114	0.832948
102	115	0.83989
102	125	1.31667
102	126	0.847465
102	135	0.847915
102	138	0.866159
102	154	0.842468
102	155	1.29849
102	157	0.855909
102	159	0.840715
102	160	1.34034
102	165	0.858692
102	167	0.843118
102	168	0.842779
102	169	0.852135
102	174	0.843687
102	175	0.859696
102	177	1.40981
102	179	0.842653
102	180	1.36291
103	4	0.812617
103	7	0.804531
103	12	0.80032
103	19	1.78658
103	24	0.789979
103	36	0.845738
103	39	0.838067
103	40	0.846814
103	49	0.821489
103	56	0.876541
103	81	0.873732
103	92	0.890836
103	94	0.890739
103	98	0.868594
103	99	0.868149
103	116	0.846593
103	142	0.858104
103	144	1.27497
103	152	1.25997
103	164	0.867157
103	168	1.32907
103	175	1.23832
103	176	1.33978
103	178	1.38945
104	86	1.43568
104	87	0.829463
104	109	1.3041
104	114	0.832578
104	124	0.857484
104	127	0.873688
104	129	0.86294
104	132	0.839027
104	135	0.847545
104	147	0.838796
104	153	0.842761
104	154	0.842099
104	158	1.38359
104	162	1.37283
104	165	0.858323
104	167	0.842749
104	169	0.851765
104	170	1.314
104	171	0.842762
104	173	0.83641
104	175	0.859326
104	177	1.39709
104	178	1.39143
104	179	0.842283
105	48	1.4315
105	76	0.905858
105	84	0.878968
105	86	0.862645
105	93	1.16649
105	107	0.85373
105	126	1.26429
105	139	0.858394
105	140	0.884548
105	147	1.25574
105	150	0.90039
105	152	0.892973
105	156	0.889015
105	158	0.885304
105	163	0.893824
105	166	0.879788
105	167	1.21971
105	169	1.17994
105	170	0.891107
105	173	1.2699
105	176	0.875993
105	177	0.884128
105	178	0.88407
105	179	1.21561
105	180	0.879266
106	1	0.830904
106	15	0.90088
106	19	0.811652
106	34	0.885584
106	43	0.875119
106	44	0.85481
106	52	0.969901
106	65	0.894559
106	75	0.874789
106	77	0.854156
106	88	0.885714
106	97	0.9014
106	108	1.58751
106	111	0.902548
106	120	0.888787
106	128	0.929866
106	137	0.903865
106	144	1.19693
106	148	0.901374
106	149	0.903992
106	159	1.22125
106	166	1.29392
106	168	1.25103
106	170	1.23398
106	176	1.26174
107	34	1.32873
107	53	0.842833
107	59	1.45903
107	84	0.822635
107	91	1.50492
107	96	1.40693
107	105	0.85373
107	113	0.823926
107	136	0.818965
107	145	0.829538
107	150	0.844056
107	151	0.8301
107	152	0.83664
107	155	0.83982
107	156	0.832682
107	160	0.827979
107	162	0.836998
107	163	0.83749
107	164	0.837106
107	165	1.42053
107	169	1.40573
107	170	0.834774
107	171	1.47538
107	177	0.827795
107	180	0.822933
108	34	1.47705
108	91	0.822945
108	95	1.27936
108	96	0.843511
108	106	1.58751
108	109	1.2964
108	112	0.827748
108	121	0.813593
108	126	0.836217
108	130	1.2835
108	132	0.828149
108	134	0.843902
108	141	0.832117
108	147	0.827917
108	149	1.68838
108	152	0.84351
108	154	0.83122
108	157	0.844661
108	159	0.829468
108	165	0.847444
108	167	0.831871
108	171	0.831883
108	174	0.83244
108	178	1.38373
108	179	0.831405
109	58	0.864419
109	82	0.938496
109	104	1.3041
109	108	1.2964
109	114	1.25206
109	122	0.85849
109	126	1.27497
109	130	0.910893
109	141	1.18015
109	145	0.877621
109	146	0.878142
109	148	1.24037
109	150	0.892139
109	155	0.887902
109	158	0.877053
109	161	1.22338
109	162	0.88508
109	163	0.885573
109	166	0.871537
109	172	0.882199
109	174	1.22952
109	176	0.867742
109	177	0.875878
109	178	0.875819
109	180	0.871015
110	59	1.47107
110	76	0.83907
110	87	1.45018
110	89	0.801896
110	121	1.53034
110	130	0.852356
110	133	1.53662
110	139	0.791606
110	144	0.817749
110	145	0.819084
110	146	0.819605
110	150	0.833601
110	152	0.826185
110	153	1.50619
110	161	1.45054
110	162	0.826543
110	163	0.827035
110	166	0.813
110	168	0.814206
110	170	0.824319
110	172	0.823662
110	174	1.45668
110	175	0.831123
110	176	0.809204
110	178	0.817281
110	180	0.812478
111	1	0.792919
111	16	0.867697
111	19	0.773668
111	23	0.87763
111	30	0.931877
111	43	0.837135
111	65	0.856575
111	75	0.836805
111	77	0.816172
111	88	0.84773
111	97	0.863415
111	106	0.902548
111	117	0.862095
111	118	0.843706
111	120	0.850803
111	133	0.843949
111	137	0.86588
111	144	1.29081
111	145	1.39399
111	148	0.86339
111	149	0.866008
111	151	1.37894
111	163	1.36791
111	175	1.25416
111	176	1.35561
111	178	1.40528
111	180	1.36404
112	5	1.19368
112	48	0.808613
112	50	0.90076
112	57	1.37824
112	61	1.65894
112	82	1.11144
112	93	0.878655
112	101	1.3867
112	108	0.827748
112	119	0.835379
112	124	0.863217
112	129	0.868673
112	134	0.860513
112	141	0.848728
112	143	0.832469
112	147	0.844528
112	161	0.861755
112	162	1.36194
112	164	1.37
112	165	0.864055
112	169	0.857498
112	173	0.842142
112	174	0.849051
112	175	0.865059
112	176	0.843141
112	179	0.848016
112	180	1.3393
113	56	1.27408
113	64	1.43238
113	67	0.84875
113	85	0.841226
113	91	1.38658
113	100	0.856718
113	107	0.823926
113	115	1.36709
113	136	0.845495
113	140	0.854744
113	141	1.27693
113	150	0.870586
113	153	1.37582
113	157	1.33245
113	159	0.849127
113	160	0.854509
113	162	0.863528
113	163	0.86402
113	166	0.849985
113	168	0.851191
113	170	0.861304
113	171	1.35704
113	172	0.860647
113	176	0.846189
113	177	0.854325
113	178	0.854266
113	180	0.849463
114	27	0.85493
114	50	0.894712
114	69	0.888238
114	90	0.885848
114	102	0.832948
114	104	0.832578
114	109	1.25206
114	134	0.854465
114	135	0.84723
114	137	1.55359
114	139	1.43051
114	152	0.854073
114	153	0.842445
114	154	0.841783
114	155	1.23374
114	157	0.855224
114	158	1.33155
114	164	1.32885
114	165	0.858007
114	166	1.3219
114	167	0.842433
114	168	0.842094
114	169	0.85145
114	171	0.842446
114	173	0.836094
114	174	0.843002
114	177	1.34505
115	37	0.92711
115	45	0.810457
115	48	0.809507
115	53	1.2562
115	58	1.29088
115	71	1.49691
115	89	1.44767
115	102	0.83989
115	113	1.36709
115	121	0.831098
115	126	0.853722
115	129	0.869566
115	130	1.25741
115	138	0.872416
115	141	0.849622
115	142	1.3624
115	147	0.845422
115	153	0.849387
115	159	0.846972
115	161	0.862649
115	163	1.32028
115	165	0.864949
115	169	0.858392
115	174	0.849944
115	175	0.865953
115	176	0.844034
115	179	0.84891
116	39	0.827163
116	56	0.865637
116	81	0.862828
116	83	1.33871
116	92	0.879931
116	98	0.85769
116	99	0.857245
116	103	0.846593
116	117	1.34389
116	127	1.2313
116	131	0.837047
116	140	0.847361
116	142	0.8472
116	143	1.46883
116	150	0.863203
116	151	0.849246
116	153	1.4005
116	157	1.35714
116	162	0.856144
116	163	0.856637
116	164	0.856253
116	169	1.31208
116	170	0.85392
116	177	0.846941
116	178	0.846883
116	179	1.34775
116	180	0.842079
117	1	0.790451
117	15	0.860428
117	17	0.866295
117	21	0.877739
117	32	0.850874
117	34	0.845131
117	35	0.845647
117	43	0.834666
117	77	0.813704
117	78	0.883681
117	79	1.52171
117	97	0.860947
117	111	0.862095
117	116	1.34389
117	118	0.841238
117	120	0.848335
117	125	1.22228
117	128	0.889414
117	133	0.841481
117	137	0.863412
117	148	0.860922
117	149	0.86354
117	159	1.21961
117	168	1.24939
117	169	1.48008
117	176	1.26009
117	179	1.51575
118	9	0.790585
118	16	0.84684
118	34	0.826742
118	43	0.816277
118	57	0.862061
118	78	0.865292
118	88	0.826872
118	91	1.43272
118	111	0.843706
118	117	0.841238
118	134	1.41613
118	135	1.40593
118	142	0.84078
118	148	0.842532
118	149	0.84515
118	153	1.42196
118	155	0.852546
118	156	0.845408
118	161	1.3663
118	166	0.836181
118	169	1.33354
118	171	1.40318
118	172	0.846843
118	173	1.42349
118	175	0.854304
118	177	0.840521
118	178	0.840463
118	180	0.835659
119	25	0.765945
119	31	0.823167
119	46	1.51788
119	52	0.886034
119	62	0.841357
119	79	0.844326
119	85	1.37707
119	112	0.835379
119	126	0.843847
119	138	0.862542
119	140	1.37183
119	143	0.823488
119	146	1.42239
119	147	0.835548
119	150	1.33851
119	153	0.839513
119	161	0.852775
119	165	0.855075
119	166	1.4191
119	167	0.839501
119	169	0.848518
119	170	1.35916
119	171	0.839514
119	173	0.833162
119	174	0.84007
119	175	0.856078
119	176	0.83416
119	180	1.39535
120	1	0.779158
120	14	0.848159
120	15	0.849135
120	23	0.863869
120	28	1.15749
120	32	0.839581
120	35	0.834354
120	43	0.823374
120	44	0.803064
120	46	1.60131
120	75	0.823044
120	77	0.802411
120	88	0.833969
120	97	0.849654
120	106	0.888787
120	111	0.850803
120	117	0.848335
120	124	1.34487
120	128	0.878121
120	133	0.830188
120	137	0.852119
120	148	0.849629
120	149	0.852247
120	152	1.39053
120	155	1.41436
120	168	1.45964
120	175	1.36889
120	180	1.47878
121	8	0.88029
121	20	0.853139
121	33	0.822464
121	38	1.43551
121	46	1.47181
121	67	1.39328
121	79	0.839151
121	83	0.838761
121	96	0.845967
121	108	0.813593
121	110	1.53034
121	115	0.831098
121	123	0.848978
121	125	1.30304
121	127	0.865265
121	129	0.854517
121	143	0.818313
121	147	0.830373
121	153	0.834338
121	164	1.37998
121	165	0.8499
121	167	0.834326
121	169	0.843343
121	171	0.834339
121	172	1.33792
121	173	0.827987
121	179	0.833861
121	180	1.34928
122	3	0.783022
122	5	0.884128
122	42	1.48243
122	68	0.812082
122	86	0.819323
122	89	0.825361
122	100	0.843199
122	109	0.85849
122	124	0.852746
122	126	1.43337
122	127	1.26824
122	140	0.841225
122	151	0.843111
122	154	1.44283
122	155	0.852831
122	158	0.841981
122	159	0.835608
122	162	0.850009
122	165	1.36381
122	167	1.38879
122	168	0.837671
122	172	0.847127
122	173	1.43898
122	175	0.854588
122	177	0.840806
122	178	0.840747
122	179	1.38469
122	180	0.835944
123	27	0.879753
123	42	0.849987
123	55	0.883394
123	64	0.858578
123	70	1.39334
123	71	1.40397
123	83	0.87169
123	87	0.85397
123	90	0.91067
123	121	0.848978
123	132	0.863534
123	135	0.872052
123	137	1.4789
123	138	0.890296
123	141	0.867502
123	147	0.863302
123	154	0.866605
123	155	1.15905
123	161	0.880529
123	162	1.2461
123	163	1.22734
123	164	1.25416
123	168	0.866916
123	169	0.876272
123	171	0.867268
123	172	1.2121
123	176	0.861914
123	179	0.86679
123	180	1.22346
124	1	1.54853
124	32	1.414
124	77	1.46987
124	78	1.11472
124	94	1.13137
124	96	0.87898
124	97	1.21629
124	104	0.857484
124	112	0.863217
124	120	1.34487
124	122	0.852746
124	128	1.1181
124	140	0.870553
124	142	0.870393
124	149	1.23714
124	151	0.872439
124	156	0.875021
124	157	0.88013
124	159	0.864936
124	165	0.882913
124	169	0.876356
124	170	0.877113
124	172	0.876456
124	173	0.861
124	174	0.867908
124	177	0.870134
124	178	0.870075
124	179	0.866874
124	180	0.865272
125	22	0.791094
125	33	1.36579
125	38	0.854736
125	65	1.3498
125	82	0.936327
125	84	0.868548
125	86	0.852225
125	101	0.854381
125	102	1.31667
125	117	1.22228
125	121	1.30304
125	126	1.27482
125	139	0.847974
125	145	0.875452
125	146	0.875973
125	149	1.3248
125	150	0.88997
125	151	0.876013
125	155	0.885733
125	157	1.23553
125	159	0.868511
125	160	0.873892
125	162	0.882911
125	165	1.20526
125	166	0.869368
125	170	0.880687
125	177	0.873709
125	178	0.87365
125	180	0.868846
126	59	0.850195
126	70	1.49094
126	87	0.843664
126	90	0.900365
126	102	0.847465
126	105	1.26429
126	108	0.836217
126	109	1.27497
126	115	0.853722
126	119	0.843847
126	122	1.43337
126	125	1.27482
126	132	0.853229
126	135	0.861747
126	144	0.860154
126	147	0.852997
126	150	1.26423
126	152	0.86859
126	153	0.856962
126	157	0.869741
126	158	1.35446
126	160	1.29849
126	162	1.3437
126	167	0.85695
126	168	0.856611
126	169	0.865967
126	171	0.856963
126	173	0.850611
126	174	0.857519
126	179	0.856485
127	29	0.889248
127	31	0.867208
127	60	1.24614
127	81	1.49563
127	90	0.926957
127	104	0.873688
127	116	1.2313
127	121	0.865265
127	122	1.26824
127	129	0.903734
127	131	1.2441
127	135	0.88834
127	141	0.883789
127	143	0.86753
127	147	0.87959
127	153	0.883555
127	154	0.882893
127	157	0.896334
127	158	1.18933
127	159	0.88114
127	162	1.17857
127	165	0.899117
127	167	0.883543
127	171	0.883556
127	172	1.14457
127	173	0.877204
127	174	0.884112
127	175	0.90012
127	177	1.20283
127	178	1.19717
127	179	0.883078
128	1	0.820238
128	14	0.889239
128	15	0.890214
128	17	0.896082
128	30	0.959195
128	32	0.88066
128	35	0.875434
128	43	0.864453
128	61	0.882877
128	65	0.883893
128	75	0.864123
128	77	0.84349
128	78	0.913468
128	93	1.45012
128	97	0.890734
128	106	0.929866
128	117	0.889414
128	120	0.878121
128	124	1.1181
128	133	0.871267
128	137	0.893199
128	145	1.28196
128	148	0.890708
128	149	0.893326
128	159	1.20309
128	162	1.27465
128	168	1.23287
128	170	1.21582
128	175	1.14213
128	176	1.24358
128	180	1.25201
129	71	1.44036
129	72	0.842027
129	76	1.05906
129	79	0.877619
129	95	1.19672
129	104	0.86294
129	112	0.868673
129	115	0.869566
129	121	0.854517
129	127	0.903734
129	130	1.20086
129	132	0.869073
129	135	0.877591
129	138	0.895836
129	143	0.856782
129	144	0.875999
129	145	1.2898
129	147	0.868842
129	148	1.52116
129	151	1.27475
129	153	0.872807
129	154	0.872145
129	161	0.886069
129	165	0.888369
129	166	1.2836
129	168	0.872455
129	170	1.22366
129	171	0.872808
129	173	0.866456
129	174	0.873364
129	177	1.30675
129	179	0.872329
130	37	0.929077
130	46	0.846146
130	59	1.23102
130	68	0.864485
130	72	1.43131
130	79	1.21935
130	80	0.888892
130	85	0.88011
130	101	0.873882
130	108	1.2835
130	109	0.910893
130	110	0.852356
130	115	1.25741
130	129	1.20086
130	131	0.883315
130	132	1.27383
130	134	1.26031
130	139	0.867475
130	140	0.893629
130	145	0.894953
130	151	0.895514
130	152	0.902054
130	155	0.905234
130	156	0.898096
130	160	0.893393
130	168	0.890075
130	170	0.900188
130	171	1.24736
130	172	0.899531
130	173	1.26767
130	176	0.885073
130	177	0.893209
130	178	0.893151
130	180	0.888347
131	50	1.26829
131	80	0.843982
131	86	0.826816
131	89	0.832855
131	116	0.837047
131	127	1.2441
131	130	0.883315
131	132	1.42099
131	133	1.44373
131	136	0.839469
131	138	1.28615
131	140	0.848719
131	150	0.864561
131	151	0.850604
131	153	1.4133
131	155	0.860324
131	158	0.849474
131	160	0.848483
131	161	1.35764
131	162	0.857502
131	163	0.857995
131	164	0.85761
131	166	0.843959
131	168	0.845165
131	170	0.855278
131	171	1.39453
131	172	0.854621
131	173	1.41484
131	175	0.862082
131	176	0.840163
131	177	0.848299
131	178	0.848241
131	179	1.36054
131	180	0.843437
132	31	0.832548
132	42	0.831615
132	59	0.842127
132	60	1.42303
132	66	0.847834
132	83	0.853317
132	86	1.41832
132	93	0.879056
132	104	0.839027
132	108	0.828149
132	123	0.863534
132	126	0.853229
132	129	0.869073
132	130	1.27383
132	131	1.42099
132	135	0.853679
132	140	1.3093
132	141	0.849129
132	146	1.35986
132	152	0.860522
132	153	0.848894
132	158	1.36622
132	159	0.84648
132	161	0.862156
132	167	0.848883
132	169	0.857899
132	171	0.848895
132	172	1.32146
132	173	0.842543
132	174	0.849452
132	176	0.843541
132	178	1.37406
132	179	0.848417
132	180	1.33282
133	11	1.28629
133	21	0.859593
133	34	0.826984
133	35	0.827501
133	54	0.785671
133	66	0.836921
133	68	1.52432
133	70	1.52544
133	75	0.81619
133	78	0.865535
133	88	0.827115
133	93	0.868143
133	95	1.29242
133	110	1.53662
133	111	0.843949
133	117	0.841481
133	120	0.830188
133	128	0.871267
133	131	1.44373
133	134	0.850001
133	137	0.845265
133	143	0.821956
133	148	0.842775
133	149	0.845393
133	155	1.29114
133	157	0.85076
133	161	0.851243
133	163	1.35943
133	167	0.837969
133	169	0.846985
133	171	0.837982
133	172	1.3442
133	173	0.83163
133	178	1.3968
133	179	0.837504
134	8	0.910599
134	48	0.824767
134	51	1.13252
134	58	1.29378
134	66	0.863587
134	87	0.85135
134	96	0.876276
134	108	0.843902
134	112	0.860513
134	114	0.854465
134	118	1.41613
134	130	1.26031
134	133	0.850001
134	136	1.33364
134	141	0.864882
134	142	1.3653
134	143	0.848622
134	147	0.860682
134	150	1.26247
134	151	1.3342
134	152	0.876275
