1	49	0.990003
1	119	1.01009
1	124	0.985772
1	150	1.06781
1	154	0.971328
1	156	0.988869
1	157	0.955146
1	170	1.04602
1	172	1.04163
1	173	1.02707
1	178	0.898016
1	180	1.02196
2	29	1.23632
2	58	1.15577
2	138	1.1915
2	141	0.871059
2	152	0.926096
2	157	0.912995
2	166	0.88295
2	168	1.21327
2	171	0.910013
2	174	0.889483
2	175	0.909991
2	177	0.897677
3	31	1.14871
3	43	1.0289
3	79	0.957004
3	90	0.985715
3	97	0.951544
3	104	1.04147
3	114	1.01954
3	142	1.00879
3	145	0.934764
3	159	0.935753
3	160	1.0176
3	177	0.972266
4	10	0.957851
4	46	1.01728
4	114	1.04036
4	118	0.94608
4	130	0.936532
4	155	0.964742
4	167	1.01637
4	169	0.986149
4	171	1.04243
4	176	1.02749
4	177	1.0301
4	180	1.02684
5	31	1.01972
5	43	0.899905
5	67	1.18397
5	79	0.828007
5	90	0.856718
5	104	0.912478
5	114	0.890544
5	117	0.902658
5	152	1.18732
5	160	0.888607
5	179	1.18544
5	180	1.24771
6	40	1.20843
6	49	0.900753
6	54	0.839757
6	84	0.881986
6	85	0.8925
6	125	1.19822
6	130	0.922662
6	148	1.18163
6	155	1.2161
6	168	0.904937
6	178	0.931926
6	179	0.9259
7	56	1.048
7	76	0.915609
7	97	0.960258
7	124	0.994371
7	127	1.03375
7	160	0.9743
7	167	1.02008
7	170	1.05462
7	173	1.03567
7	176	1.03121
7	179	0.90827
7	180	1.03056
8	59	1.12073
8	60	1.13256
8	62	1.32058
8	112	1.2158
8	118	0.911239
8	155	0.901441
8	169	0.904602
8	173	0.896881
8	175	0.907342
8	176	0.89242
8	177	0.895029
8	180	0.891774
9	72	0.982783
9	139	1.00046
9	154	0.955732
9	162	1.03114
9	164	1.02744
9	169	0.956466
9	171	1.04799
9	173	0.939498
9	174	1.02746
9	175	1.04796
9	177	1.03565
9	180	0.946008
10	4	0.957851
10	44	1.00276
10	54	0.968376
10	59	1.0111
10	73	0.910867
10	85	1.02112
10	130	1.05128
10	157	0.978854
10	159	0.959241
10	168	1.03356
10	178	1.06055
10	179	1.05452
11	18	0.931802
11	21	0.847818
11	27	1.04278
11	103	1.00531
11	147	1.03889
11	154	1.0177
11	158	1.02208
11	163	1.02532
11	169	1.0313
11	173	0.984521
11	179	1.05972
11	180	0.991032
12	34	1.04567
12	67	0.925556
12	84	0.997816
12	85	1.00833
12	117	0.964577
12	130	1.03849
12	165	0.957604
12	168	1.02077
12	175	0.967896
12	178	1.04776
12	179	1.04173
12	180	0.989297
13	49	0.983065
13	50	0.959878
13	87	1.01679
13	144	1.04204
13	150	1.06133
13	154	0.96439
13	160	0.958428
13	167	1.005
13	168	0.936507
13	170	1.03954
13	173	1.02058
13	180	1.01547
14	33	1.07501
14	101	0.96514
14	115	1.03377
14	137	1.00174
14	145	0.90184
14	154	1.01066
14	163	1.01829
14	168	0.91074
14	169	1.02426
14	176	0.945863
14	178	1.05871
14	179	1.05268
15	41	0.986961
15	53	0.982298
15	75	1.06995
15	87	1.02397
15	96	0.941547
15	146	0.923483
15	167	1.01218
15	170	1.04672
15	171	0.956017
15	172	1.04232
15	174	0.994554
15	180	1.02265
16	87	1.00793
16	91	1.07034
16	108	1.02536
16	137	0.978697
16	157	0.965471
16	161	1.05225
16	168	0.95377
16	170	1.03068
16	174	0.996117
16	176	1.00727
16	179	0.90966
16	180	1.00662
17	48	0.828439
17	56	1.05006
17	124	1.00082
17	128	0.9762
17	129	1.01585
17	135	1.00919
17	157	0.966139
17	165	1.05765
17	166	0.98657
17	173	1.04212
17	176	1.03766
17	180	1.03701
18	11	0.931802
18	33	0.957658
18	57	1.05314
18	60	1.04979
18	70	1.01515
18	112	1.00469
18	113	1.07306
18	123	1.0223
18	135	1.02893
18	168	1.04714
18	173	0.937412
18	178	0.880334
19	41	0.97816
19	65	0.985288
19	88	0.988812
19	120	1.06799
19	147	0.983495
19	164	1.06356
19	166	1.06023
19	168	0.983367
19	169	0.975908
19	173	0.968187
19	175	1.02485
19	176	0.963726
19	180	0.963079
20	26	0.940165
20	115	0.986467
20	133	0.950902
20	145	1.0591
20	147	0.984542
20	148	0.983759
20	152	1.02577
20	155	0.973794
20	158	0.96774
20	160	0.975704
20	166	1.10013
20	169	0.976956
20	173	1.07965
21	11	0.847818
21	54	1.05563
21	59	1.09835
21	67	0.796197
21	68	0.912205
21	84	1.09786
21	130	1.13854
21	149	0.898634
21	162	0.875215
21	168	1.12081
21	169	0.870397
21	178	1.1478
21	179	1.14177
22	85	1.003
22	116	0.995303
22	134	1.00876
22	135	1.11254
22	142	1.07449
22	156	0.966899
22	162	0.973274
22	164	0.969579
22	166	0.963059
22	171	0.990122
22	174	0.969592
22	175	0.9901
22	177	0.977786
23	33	0.886417
23	41	0.970692
23	48	1.07687
23	60	0.978544
23	65	0.97782
23	110	0.982727
23	112	0.933446
23	113	1.00182
23	115	1.02516
23	125	1.02048
23	129	1.08422
23	149	1.088
23	168	0.975899
24	62	0.916452
24	71	0.938989
24	89	1.02011
24	94	1.05186
24	102	0.97808
24	120	0.972127
24	123	0.949617
24	140	0.999479
24	167	1.0838
24	168	0.993761
24	170	1.03605
24	176	1.0704
24	178	0.989844
25	123	1.10519
25	130	0.992704
25	148	0.974324
25	163	0.961545
25	164	1.04411
25	165	0.975336
25	169	0.967521
25	170	0.978755
25	171	1.01246
25	175	1.00541
25	177	1.03725
25	179	0.995942
25	180	0.954693
26	20	0.940165
26	31	0.756463
26	64	1.12486
26	70	0.944237
26	83	0.877267
26	113	0.819649
26	114	0.856729
26	120	1.109
26	123	1.08649
26	165	1.13099
26	175	1.12591
26	177	1.1136
26	180	1.11034
27	11	1.04278
27	85	1.03038
27	111	0.953606
27	144	0.991967
27	153	0.977392
27	162	1.07018
27	165	0.986044
27	169	1.06536
27	170	0.989463
27	173	0.970508
27	176	0.966048
27	178	0.991317
27	180	0.965401
28	55	1.10228
28	69	0.952511
28	126	0.968004
28	140	0.997614
28	146	0.997151
28	154	0.961848
28	155	0.972287
28	157	1.03759
28	163	0.969472
28	169	0.975448
28	175	1.02265
28	179	1.00387
28	180	1.04405
29	2	1.23632
29	75	1.01321
29	113	0.970526
29	132	1.04746
29	134	0.990324
29	143	0.971965
29	147	0.97488
29	149	0.974796
29	151	0.948714
29	167	0.955439
29	172	0.985583
29	176	0.96656
29	180	0.965914
30	121	0.968813
30	138	1.00898
30	152	0.996571
30	155	1.03797
30	157	0.98347
30	162	0.96364
30	166	0.953425
30	169	1.05938
30	173	1.04241
30	174	0.959958
30	177	0.968152
30	179	1.00615
30	180	1.04892
31	3	1.14871
31	5	1.01972
31	26	0.756463
31	46	1.11639
31	63	1.13789
31	79	1.07693
31	104	1.16141
31	114	1.13947
31	131	0.955569
31	136	0.835441
31	159	0.876387
31	168	0.884299
31	173	0.895948
32	78	1.00953
32	90	0.94265
32	104	0.99841
32	114	0.976476
32	126	1.06729
32	130	1.00097
32	152	1.0059
32	167	0.952487
32	169	1.07675
32	175	1.04489
32	176	0.963608
32	179	1.00421
32	180	0.962961
33	14	1.07501
33	18	0.957658
33	23	0.886417
33	57	0.940358
33	60	0.937007
33	70	0.902373
33	100	0.989449
33	112	0.891908
33	113	0.960284
33	154	1.15899
33	159	1.12319
33	168	0.934362
33	169	1.15972
33	178	1.08567
34	12	1.04567
34	40	0.894499
34	53	1.01777
34	59	1.02629
34	84	1.0258
34	85	1.03631
34	111	0.955591
34	130	1.06647
34	140	1.05447
34	160	0.916871
34	172	0.904756
34	178	1.07574
34	179	1.06971
34	180	0.91311
35	78	0.931591
35	88	0.930914
35	109	1.05119
35	127	1.04959
35	136	0.921337
35	151	1.0292
35	153	1.05839
35	165	1.06704
35	171	0.974006
35	173	1.05151
35	176	1.04705
35	178	0.924767
35	179	0.926086
35	180	1.0464
36	56	0.901437
36	77	1.18086
36	82	1.08915
36	136	0.977723
36	156	0.919842
36	157	0.946047
36	165	1.0926
36	166	0.916002
36	171	0.943065
36	172	1.11594
36	173	1.11778
36	174	0.922535
36	175	0.943043
36	177	0.930729
37	57	0.941388
37	73	1.067
37	93	1.04994
37	95	1.20445
37	100	0.99048
37	112	0.892939
37	113	0.961315
37	120	0.913758
37	123	0.891248
37	128	1.14504
37	158	0.918717
37	169	0.927933
37	173	1.13493
37	178	0.962381
38	51	0.966581
38	55	0.91171
38	62	0.876597
38	71	0.899135
38	79	1.17573
38	83	1.12216
38	94	1.012
38	102	0.938225
38	111	1.14453
38	120	0.932272
38	123	0.909762
38	168	0.953906
38	176	1.11902
38	178	1.03846
39	51	1.03325
39	55	0.978377
39	62	0.943264
39	71	0.965801
39	73	0.945359
39	94	1.07867
39	102	1.00489
39	120	0.998939
39	123	0.976429
39	143	0.983736
39	154	1.02953
39	157	1.01335
39	164	1.03711
39	168	1.02057
39	175	0.998404
40	6	1.20843
40	34	0.894499
40	51	1.01427
40	94	0.925496
40	120	1.00628
40	130	0.945383
40	138	1.01849
40	148	1.00813
40	163	0.995347
40	169	1.00132
40	171	1.00409
40	175	1.00406
40	176	0.989142
40	177	0.99175
40	180	0.988495
41	15	0.986961
41	19	0.97816
41	23	0.970692
41	65	1.02056
41	68	0.994648
41	70	0.986648
41	107	1.00976
41	112	0.976183
41	113	1.04456
41	145	0.992687
41	168	1.01864
41	175	0.998346
41	176	1.03671
41	177	1.03019
41	179	0.957478
42	43	1.02489
42	61	0.964457
42	65	1.00385
42	112	0.959471
42	113	1.02785
42	119	1.03681
42	130	1.01965
42	146	0.975792
42	161	0.968275
42	164	0.976685
42	174	0.976698
42	177	0.984892
42	178	1.02891
42	179	1.02289
42	180	1.02268
43	3	1.0289
43	5	0.899905
43	42	1.02489
43	63	1.01807
43	79	0.957122
43	90	0.985833
43	104	1.04159
43	114	1.01966
43	117	1.03177
43	149	1.04406
43	157	0.99891
43	159	0.979296
43	160	1.01772
43	177	1.01581
43	178	0.94178
44	10	1.00276
44	59	0.962259
44	79	0.951479
44	85	0.996074
44	104	1.03595
44	114	1.01402
44	126	1.0216
44	139	0.990686
44	141	0.977139
44	155	1.00965
44	164	0.99555
44	168	1.00244
44	172	1.02017
44	175	1.01607
44	180	1.0005
45	60	0.948867
45	68	1.04764
45	72	0.953762
45	125	1.01145
45	153	1.01274
45	155	0.984427
45	162	1.00212
45	164	0.998422
45	166	0.991902
45	169	1.00583
45	171	1.01896
45	174	0.998434
45	175	1.01894
45	177	1.00663
45	180	0.995376
46	4	1.01728
46	31	1.11639
46	52	0.983131
46	56	1.06013
46	63	0.985636
46	79	0.924684
46	88	1.02114
46	90	0.953394
46	104	1.00915
46	114	0.987221
46	127	0.989449
46	137	0.989439
46	160	0.985283
46	164	0.999974
46	180	0.982671
47	99	0.897542
47	101	1.04762
47	103	0.981535
47	106	0.998107
47	126	1.00008
47	147	1.01511
47	152	0.950988
47	154	0.993925
47	155	1.00436
47	158	0.998309
47	163	1.00155
47	164	1.02868
47	167	1.04175
47	169	1.00752
47	174	1.03557
48	17	0.828439
48	23	1.07687
48	57	1.13081
48	60	1.12746
48	65	1.12674
48	100	1.1799
48	108	0.881579
48	112	1.08236
48	113	1.15074
48	121	0.88659
48	145	0.831934
48	149	0.897689
48	158	0.875599
48	168	1.12482
48	179	0.796726
49	1	0.990003
49	6	0.900753
49	13	0.983065
49	54	0.954479
49	59	0.997199
49	84	0.996708
49	85	1.00722
49	125	1.00272
49	130	1.03738
49	152	0.971158
49	168	1.01966
49	172	1.0232
49	178	1.04665
49	179	1.04062
49	180	1.03155
50	13	0.959878
50	79	1.08204
50	92	0.976105
50	93	0.91686
50	131	0.979825
50	134	0.989597
50	149	1.04706
50	162	0.995901
50	166	0.985686
50	171	1.01275
50	172	1.00001
50	174	0.992219
50	175	1.01273
50	177	1.00041
50	178	1.04443
51	38	0.966581
51	39	1.03325
51	40	1.01427
51	55	0.994322
51	62	0.959209
51	71	0.981747
51	102	1.02084
51	120	1.01488
51	123	0.992374
51	159	1.00681
51	161	0.978479
51	167	1.06325
51	168	1.03652
51	178	0.969292
51	179	0.970611
52	46	0.983131
52	63	0.974629
52	79	1.07729
52	86	0.983019
52	94	1.06205
52	102	0.988273
52	106	1.00728
52	123	0.95981
52	143	1.00936
52	147	0.970458
52	161	1.0293
52	172	1.00334
52	174	0.978727
52	177	0.986921
52	180	0.983666
53	15	0.982298
53	34	1.01777
53	58	1.03215
53	99	1.01921
53	111	0.931119
53	135	0.915097
53	138	0.972905
53	140	1.06138
53	156	1.13508
53	160	1.11158
53	165	0.963558
53	170	0.966977
53	172	0.962583
53	176	0.943561
53	179	1.04555
53	180	0.942914
54	6	0.839757
54	10	0.968376
54	21	1.05563
54	49	0.954479
54	84	0.935711
54	85	0.946226
54	99	0.968671
54	114	1.08208
54	130	0.976387
54	133	1.11841
54	137	1.08928
54	143	1.04644
54	168	0.958663
54	177	1.09295
54	178	0.985651
54	179	0.979625
55	28	1.10228
55	38	0.91171
55	39	0.978377
55	51	0.994322
55	62	0.904339
55	71	0.926876
55	94	1.03975
55	102	0.965967
55	120	0.960013
55	123	0.937504
55	136	0.994366
55	139	1.11584
55	142	1.10834
55	159	1.03531
55	168	0.981648
55	170	1.044
56	7	1.048
56	17	1.05006
56	36	0.901437
56	46	1.06013
56	96	0.987666
56	98	1.05193
56	105	1.06034
56	121	0.961148
56	140	0.983237
56	142	1.12757
56	143	0.982924
56	164	0.95228
56	166	0.94576
56	174	0.952293
56	175	0.9728
56	177	0.960487
57	18	1.05314
57	33	0.940358
57	37	0.941388
57	48	1.13081
57	60	1.03249
57	65	1.03176
57	70	0.997851
57	80	1.07487
57	112	0.987386
57	113	1.05576
57	150	0.911116
57	156	0.994134
57	159	0.940798
57	165	0.935176
57	168	1.02984
57	177	0.977311
57	180	0.96687
58	2	1.15577
58	53	1.03215
58	77	0.968226
58	86	1.01998
58	88	0.870045
58	95	0.9905
58	104	0.905145
58	105	1.01338
58	133	1.00462
58	146	1.05238
58	148	1.03748
58	155	1.02752
58	158	1.02146
58	163	1.0247
58	165	0.895792
58	169	1.03068
58	174	0.951674
59	8	1.12073
59	10	1.0111
59	21	1.09835
59	34	1.02629
59	44	0.962259
59	49	0.997199
59	78	0.88805
59	85	0.988946
59	104	0.922474
59	123	1.0232
59	130	1.01911
59	140	1.0071
59	159	0.918743
59	168	1.00138
59	174	0.969002
59	178	1.02837
59	179	1.02234
60	8	1.13256
60	18	1.04979
60	23	0.978544
60	33	0.937007
60	45	0.948867
60	48	1.12746
60	57	1.03249
60	70	0.9945
60	83	0.976753
60	107	1.01761
60	112	0.984035
60	113	1.05241
60	139	1.0111
60	140	0.910205
60	159	0.930572
60	168	1.02649
60	178	0.893055
61	42	0.964457
61	65	0.920952
61	92	0.997743
61	99	1.07706
61	133	0.980838
61	134	1.02517
61	141	1.00855
61	144	1.02733
61	151	0.983562
61	153	1.01275
61	161	1.04639
61	164	0.962237
61	172	1.02043
61	173	1.00587
61	174	0.969121
61	176	1.00141
61	180	1.00076
62	8	1.32058
62	24	0.916452
62	38	0.876597
62	39	0.943264
62	51	0.959209
62	55	0.904339
62	67	1.08092
62	71	0.891763
62	93	1.05316
62	94	1.00463
62	102	0.930853
62	120	0.9249
62	123	0.902391
62	159	1.11859
62	161	1.09026
62	168	0.946534
62	173	1.13816
63	31	1.13789
63	43	1.01807
63	46	0.985636
63	52	0.974629
63	79	0.946176
63	90	0.974887
63	100	1.07057
63	104	1.03065
63	114	1.00871
63	117	1.02083
63	128	0.977772
63	132	1.0136
63	151	1.01429
63	157	0.96771
63	159	0.948097
63	160	1.00678
63	178	0.91058
64	26	1.12486
64	75	1.04508
64	98	1.02728
64	102	1.00929
64	104	0.945729
64	128	0.971674
64	129	0.976622
64	142	0.976407
64	146	0.921186
64	153	1.00978
64	164	0.985374
64	170	1.02185
64	172	1.01745
64	173	1.00289
64	174	0.992258
64	177	0.978511
64	180	0.997786
65	19	0.985288
65	23	0.97782
65	41	1.02056
65	42	1.00385
65	48	1.12674
65	57	1.03176
65	61	0.920952
65	70	0.993776
65	102	1.02039
65	111	1.02165
65	112	0.983311
65	113	1.05169
65	145	0.952111
65	168	1.02576
65	177	0.989612
65	179	0.916902
65	180	0.979171
66	70	1.04645
66	108	0.981955
66	109	0.97317
66	125	1.02822
66	131	1.00281
66	141	0.996784
66	154	0.969095
66	157	1.03872
66	158	0.975976
66	161	0.90497
66	164	1.0152
66	166	1.00868
66	170	0.941992
66	171	1.03574
66	174	1.01521
66	175	1.03572
66	177	1.0234
67	5	1.18397
67	12	0.925556
67	21	0.796197
67	62	1.08092
67	79	1.01309
67	81	1.01156
67	94	0.880364
67	104	0.91707
67	148	1.0296
67	161	1.0556
67	163	1.01682
67	169	1.02279
67	174	1.00503
67	175	1.02553
67	176	1.01061
67	177	1.01322
67	180	1.00997
68	21	0.912205
68	41	0.994648
68	45	1.04764
68	70	0.967866
68	73	0.980973
68	89	1.0221
68	102	0.984174
68	112	0.957402
68	120	0.978221
68	123	0.955711
68	141	1.11903
68	158	1.07202
68	163	1.05037
68	165	1.00021
68	168	0.999855
68	172	0.999237
68	173	0.984676
68	180	0.979568
69	28	0.952511
69	83	0.983216
69	115	0.9955
69	118	0.992625
69	133	0.959935
69	135	1.10609
69	137	0.963464
69	140	0.974639
69	148	0.992792
69	155	0.982827
69	158	0.976773
69	165	0.989384
69	166	1.03505
69	169	0.985989
69	172	1.01272
69	174	1.04527
69	176	1.03804
69	179	1.01441
70	18	1.01515
70	26	0.944237
70	33	0.902373
70	41	0.986648
70	57	0.997851
70	60	0.9945
70	65	0.993776
70	66	1.04645
70	68	0.967866
70	99	0.976394
70	107	0.982979
70	112	0.949401
70	113	1.01778
70	134	1.07146
70	144	1.06991
70	159	1.06416
70	168	0.991855
70	178	1.02664
71	24	0.938989
71	38	0.899135
71	39	0.965801
71	51	0.981747
71	55	0.926876
71	62	0.891763
71	82	1.09306
71	94	1.02717
71	98	1.09953
71	99	1.01437
71	102	0.953391
71	107	1.12859
71	120	0.947438
71	123	0.924928
71	140	0.97479
71	159	1.10213
71	165	1.09651
71	168	0.969072
71	179	1.06594
72	9	0.982783
72	45	0.953762
72	97	0.9559
72	100	1.0258
72	110	0.992136
72	111	1.14149
72	133	1.13491
72	152	0.965332
72	157	0.95223
72	161	1.0446
72	162	0.932401
72	164	0.928706
72	165	1.06731
72	166	0.922186
72	170	1.08162
72	174	0.928718
72	175	0.949226
72	177	0.936912
72	180	1.099
73	10	0.910867
73	37	1.067
73	39	0.945359
73	68	0.980973
73	80	1.03671
73	94	0.869661
73	128	1.04261
73	131	1.01789
73	150	0.872954
73	156	1.02759
73	157	1.0538
73	162	1.03397
73	164	1.03027
73	166	1.02375
73	170	0.911327
73	171	1.05082
73	174	1.03029
73	175	1.05079
73	177	1.03848
74	96	1.08422
74	139	0.930317
74	142	0.918755
74	145	0.973231
74	147	1.07989
74	150	0.985984
74	153	0.952125
74	154	1.12277
74	165	0.960777
74	166	1.12702
74	167	0.929659
74	170	0.964196
74	172	0.959802
74	173	0.945241
74	175	1.09164
74	176	0.94078
74	178	1.04946
74	179	1.05078
74	180	0.940133
75	15	1.06995
75	29	1.01321
75	64	1.04508
75	90	1.02191
75	115	0.917641
75	127	1.03376
75	132	0.981212
75	138	1.06056
75	142	1.00919
75	158	0.958386
75	162	0.957058
75	163	0.936731
75	165	1.05121
75	167	1.02009
75	173	1.03567
75	176	1.03121
75	177	0.952222
75	178	0.878193
75	180	1.03057
76	7	0.915609
76	77	0.981402
76	82	1.03404
76	84	0.955547
76	101	0.984463
76	105	1.02656
76	116	1.05041
76	118	1.05049
76	137	1.02133
76	147	1.05144
76	153	0.965584
76	154	1.03025
76	163	1.03788
76	165	0.916529
76	169	1.04385
76	170	0.930843
76	174	0.972411
76	177	0.958664
76	179	1.07227
77	36	1.18086
77	58	0.968226
77	76	0.981402
77	82	0.936663
77	86	0.935776
77	121	1.08731
77	147	0.954062
77	148	0.953279
77	149	1.09841
77	154	0.932876
77	158	0.93726
77	159	0.938615
77	163	0.940499
77	169	0.946475
77	173	1.05321
77	174	1.0839
77	175	1.03831
77	179	0.974896
77	180	1.05972
78	32	1.00953
78	35	0.931591
78	59	0.88805
78	89	1.03254
78	128	1.0334
78	136	1.07627
78	138	0.906452
78	153	0.963749
78	156	1.01839
78	162	1.02476
78	166	1.01455
78	167	0.976757
78	169	0.956846
78	171	1.04161
78	174	1.02108
78	175	1.04159
78	176	0.963351
78	177	1.02927
78	179	1.06727
79	3	0.957004
79	5	0.828007
79	31	1.07693
79	38	1.17573
79	43	0.957122
79	44	0.951479
79	46	0.924684
79	50	1.08204
79	52	1.07729
79	63	0.946176
79	67	1.01309
79	87	1.08462
79	88	0.981683
79	90	0.913935
79	104	0.969695
79	114	0.947761
79	153	1.09419
79	160	0.945824
79	173	1.07032
80	57	1.07487
80	73	1.03671
80	91	1.00091
80	98	0.966685
80	105	1.09088
80	108	0.95593
80	129	0.916026
80	136	1.04414
80	138	0.96718
80	139	0.927374
80	149	0.946072
80	151	0.919991
80	157	1.1047
80	158	1.12776
80	161	0.982822
80	166	1.12513
80	173	0.942298
80	176	0.937837
80	180	0.93719
81	67	1.01156
81	87	0.986182
81	92	1.06694
81	93	1.03039
81	106	1.01779
81	110	0.947551
81	125	0.985302
81	142	0.963489
81	150	1.03072
81	155	1.00318
81	156	1.04139
81	161	1.0305
81	167	0.974393
81	170	1.00893
81	172	1.00454
81	173	0.989975
81	175	0.992727
81	176	0.985514
81	179	0.95186
81	180	0.984867
82	36	1.08915
82	71	1.09306
82	76	1.03404
82	77	0.936663
82	96	0.939191
82	106	0.989696
82	107	0.968399
82	116	1.00567
82	121	0.995605
82	135	1.05302
82	146	1.02082
82	147	1.0067
82	148	1.00592
82	154	0.985514
82	158	0.989897
82	161	0.913609
82	163	0.993137
82	168	0.949851
82	169	0.999113
82	178	1.03356
83	26	0.877267
83	38	1.12216
83	60	0.976753
83	69	0.983216
83	103	0.980164
83	105	0.988859
83	109	1.03706
83	117	1.01895
83	126	0.998709
83	133	0.9801
83	146	1.02786
83	147	1.01374
83	150	0.967509
83	158	0.996938
83	160	1.0049
83	161	0.96886
83	163	1.00018
83	169	1.00615
83	174	1.04745
83	175	1.00186
84	6	0.881986
84	12	0.997816
84	21	1.09786
84	34	1.0258
84	49	0.996708
84	54	0.935711
84	76	0.955547
84	85	0.988455
84	101	1.04672
84	122	0.974713
84	130	1.01862
84	140	1.00661
84	149	1.04917
84	150	0.954724
84	161	0.956075
84	168	1.00089
84	174	1.03466
84	176	1.02744
84	178	1.02788
84	179	1.02185
85	6	0.8925
85	10	1.02112
85	12	1.00833
85	22	1.003
85	27	1.03038
85	34	1.03631
85	44	0.996074
85	49	1.00722
85	54	0.946226
85	59	0.988946
85	84	0.988455
85	117	0.953909
85	123	1.05701
85	130	1.02913
85	153	0.995991
85	168	1.01141
85	171	0.96428
85	174	1.00282
85	178	1.0384
85	179	1.03237
86	52	0.983019
86	58	1.01998
86	77	0.935776
86	101	1.0188
86	121	1.01015
86	122	1.01295
86	133	0.972174
86	146	1.01993
86	147	1.00581
86	155	0.995066
86	158	0.989011
86	163	0.992251
86	166	0.996532
86	167	1.01293
86	169	0.998227
86	172	0.974206
86	174	1.00675
86	176	0.999522
86	178	1.03267
86	179	1.02665
87	13	1.01679
87	15	1.02397
87	16	1.00793
87	79	1.08462
87	81	0.986182
87	95	0.952549
87	97	1.00066
87	98	1.01408
87	110	0.944365
87	143	0.974873
87	150	1.03043
87	153	0.996575
87	167	0.974109
87	169	1.0214
87	170	1.00865
87	171	0.996593
87	172	1.00425
87	174	1.03513
87	179	0.948674
87	180	0.984584
88	19	0.988812
88	35	0.930914
88	46	1.02114
88	58	0.870045
88	79	0.981683
88	90	1.01039
88	112	0.982445
88	114	1.04422
88	130	1.06872
88	142	0.992673
88	150	0.889959
88	153	0.963073
88	166	1.01923
88	167	0.97608
88	174	1.02577
88	175	1.04627
88	177	1.03396
88	178	1.07798
88	179	1.07196
89	24	1.02011
89	68	1.0221
89	78	1.03254
89	124	1.03376
89	127	0.976611
89	143	1.01548
89	152	1.02146
89	153	0.987194
89	156	0.982157
89	157	1.00836
89	162	0.988532
89	164	0.984837
89	166	0.978317
89	167	1.0002
89	171	1.00538
89	174	0.98485
89	175	1.00536
89	176	0.986795
89	177	0.993044
89	180	0.969832
90	3	0.985715
90	5	0.856718
90	32	0.94265
90	43	0.985833
90	46	0.953394
90	63	0.974887
90	75	1.02191
90	79	0.913935
90	88	1.01039
90	100	1.03833
90	104	0.998406
90	114	0.976472
90	117	0.988585
90	125	1.05445
90	148	1.03786
90	150	1.02753
90	151	1.12341
90	159	1.05721
90	160	0.974534
90	175	1.06188
90	178	1.01969
91	16	1.07034
91	80	1.00091
91	95	1.01495
91	102	0.974372
91	111	1.03519
91	133	0.969054
91	138	1.07698
91	145	1.08008
91	155	0.9222
91	156	0.960413
91	164	0.950452
91	165	1.06763
91	167	1.03651
91	169	0.943606
91	170	1.07105
91	173	1.05209
91	176	1.04763
91	177	0.94359
91	178	0.86956
91	179	0.87088
91	180	1.04699
92	50	0.976105
92	61	0.997743
92	81	1.06694
92	96	0.99265
92	108	1.07855
92	121	0.966132
92	128	0.969598
92	131	0.944883
92	144	1.03564
92	158	1.07257
92	161	1.00156
92	162	0.960959
92	164	0.957264
92	166	0.950744
92	167	1.08633
92	171	0.977807
92	174	0.957277
92	175	0.977785
92	177	0.965471
92	179	1.00347
92	180	1.05596
93	37	1.04994
93	50	0.91686
93	62	1.05316
93	81	1.03039
93	99	1.10508
93	103	0.934175
93	117	0.886928
93	145	1.06189
93	150	1.07464
93	151	1.01159
93	156	0.938913
93	158	0.928253
93	161	1.07442
93	165	1.04943
93	170	1.05285
93	172	1.04846
93	173	1.0339
93	176	1.02944
93	178	0.84806
93	179	0.84938
93	180	1.02879
94	24	1.05186
94	38	1.012
94	39	1.07867
94	40	0.925496
94	52	1.06205
94	55	1.03975
94	62	1.00463
94	67	0.880364
94	71	1.02717
94	73	0.869661
94	101	1.05615
94	120	1.06031
94	123	1.0378
94	127	0.950885
94	135	1.02912
94	140	1.08766
94	146	0.897222
94	157	0.937648
94	166	0.958079
94	168	1.08194
94	177	0.954547
95	37	1.20445
95	58	0.9905
95	87	0.952549
95	91	1.01495
95	99	1.02753
95	127	0.954424
95	135	0.923417
95	136	0.999149
95	145	0.984333
95	146	1.01928
95	155	1.05522
95	161	0.996867
95	166	1.08014
95	167	0.94076
95	170	0.975297
95	171	1.05182
95	172	0.970904
95	173	0.956342
95	176	0.951881
95	179	1.0039
95	180	0.951234
96	15	0.941547
96	56	0.987666
96	74	1.08422
96	82	0.939191
96	92	0.99265
96	97	1.03595
96	116	0.942109
96	122	0.938569
96	128	1.02108
96	129	1.00925
96	132	0.998017
96	136	1.06395
96	151	1.01446
96	156	1.00607
96	164	1.00875
96	165	0.94264
96	166	1.00223
96	169	0.984791
96	171	1.02929
96	174	1.00876
96	175	1.02927
96	177	1.01696
97	3	0.951544
97	7	0.960258
97	72	0.9559
97	87	1.00066
97	96	1.03595
97	99	0.879033
97	102	1.03409
97	109	1.00667
97	152	1.03719
97	156	0.99788
97	157	1.02408
97	162	1.00425
97	164	1.00056
97	166	0.99404
97	169	1.00333
97	170	0.975492
97	171	1.0211
97	172	0.984519
97	175	1.02108
97	177	1.00877
97	178	1.05279
97	179	1.04676
98	56	1.05193
98	64	1.02728
98	71	1.09953
98	80	0.966685
98	87	1.01408
98	109	1.01756
98	119	1.0009
98	130	0.935314
98	149	1.02165
98	151	0.995565
98	160	0.978234
98	161	1.0584
98	163	0.969422
98	165	1.03341
98	167	1.00229
98	169	0.98493
98	170	1.03683
98	171	0.960123
98	176	1.01341
98	178	0.910884
98	179	0.912204
98	180	1.01276
99	47	0.897542
99	53	1.01921
99	54	0.968671
99	61	1.07706
99	70	0.976394
99	71	1.01437
99	93	1.10508
99	95	1.02753
99	97	0.879033
99	119	1.0477
99	126	0.890312
99	129	1.0384
99	141	0.952928
99	145	1.09266
99	157	0.882856
99	159	1.06453
99	165	1.08021
99	167	1.04909
99	171	0.874964
99	172	1.07923
99	175	0.867912
99	176	1.06021
99	180	1.05957
100	33	0.989449
100	37	0.99048
100	48	1.1799
100	63	1.07057
100	72	1.0258
100	90	1.03833
100	102	1.06325
100	104	1.09409
100	110	0.863368
100	112	1.03648
100	113	1.10485
100	114	1.07216
100	120	1.0573
100	123	1.03479
100	125	0.901118
100	143	0.893876
100	160	1.07022
100	166	0.943918
100	169	0.940403
100	173	0.923435
100	175	0.908544
100	177	0.940387
100	178	0.866357
101	14	0.96514
101	47	1.04762
101	76	0.984463
101	84	1.04672
101	86	1.0188
101	94	1.05615
101	108	0.996503
101	120	0.976416
101	123	0.953906
101	137	1.04616
101	139	0.967946
101	147	1.00624
101	155	1.02844
101	158	1.056
101	164	0.972811
101	168	0.99805
101	171	0.993354
101	173	0.98287
101	174	0.972824
101	175	0.993331
101	176	0.978409
101	177	0.981018
101	180	0.977763
102	24	0.97808
102	38	0.938225
102	39	1.00489
102	51	1.02084
102	52	0.988273
102	55	0.965967
102	62	0.930853
102	64	1.00929
102	65	1.02039
102	68	0.984174
102	71	0.953391
102	91	0.974372
102	97	1.03409
102	100	1.06325
102	120	0.986528
102	123	0.964019
102	140	1.01388
102	165	1.01268
102	168	1.00816
102	173	1.03787
102	174	1.06856
102	176	1.06134
102	179	0.982107
103	11	1.00531
103	47	0.981535
103	83	0.980164
103	93	0.934175
103	115	0.992448
103	116	0.989489
103	125	0.996852
103	129	1.06059
103	133	0.956883
103	139	1.08014
103	146	1.00464
103	148	0.98974
103	154	0.969337
103	155	0.979775
103	156	1.05294
103	158	0.973721
103	161	0.971278
103	163	0.97696
103	166	1.03965
103	167	1.05605
103	168	1.00752
103	169	0.982937
103	178	1.01738
104	3	1.04147
104	5	0.912478
104	31	1.16141
104	32	0.99841
104	43	1.04159
104	44	1.03595
104	46	1.00915
104	58	0.905145
104	59	0.922474
104	63	1.03065
104	64	0.945729
104	67	0.91707
104	79	0.969695
104	90	0.998406
104	100	1.09409
104	105	0.960536
104	107	0.9812
104	114	1.03223
104	117	1.04435
104	124	1.04474
104	131	1.03392
104	160	1.03029
104	172	0.972458
104	179	0.918543
105	56	1.06034
105	58	1.01338
105	76	1.02656
105	80	1.09088
105	83	0.988859
105	104	0.960536
105	107	0.983265
105	115	1.00114
105	122	1.00635
105	137	0.969107
105	143	0.946807
105	146	1.01333
105	147	0.999218
105	148	0.998435
105	151	1.023
105	154	0.978032
105	158	0.982416
105	163	0.985655
105	167	1.01324
105	168	0.964717
105	169	0.991632
105	172	0.974523
105	178	1.02608
105	179	1.02005
105	180	0.982876
106	47	0.998107
106	52	1.00728
106	81	1.01779
106	82	0.989696
106	111	1.0493
106	115	1.00902
106	116	1.00606
106	133	0.973455
106	136	0.939798
106	138	0.96688
106	148	1.00631
106	154	0.985909
106	155	0.996347
106	158	0.990293
106	159	0.991648
106	160	0.998257
106	162	1.02209
106	163	0.993532
106	169	0.999509
106	170	0.989436
106	172	0.998463
106	173	1.00031
106	178	1.03396
106	179	1.02793
106	180	1.00682
107	41	1.00976
107	60	1.01761
107	70	0.982979
107	71	1.12859
107	82	0.968399
107	104	0.9812
107	105	0.983265
107	112	0.972514
107	113	1.04089
107	114	1.00311
107	116	0.971317
107	129	0.973517
107	139	0.984864
107	146	0.956657
107	154	1.01327
107	155	0.992592
107	160	1.00626
107	163	0.998491
107	171	1.01027
107	172	1.01435
107	174	0.989741
107	175	1.01025
107	176	0.995327
107	177	0.997935
107	180	0.99468
108	16	1.02536
108	48	0.881579
108	66	0.981955
108	80	0.95593
108	92	1.07855
108	101	0.996503
108	117	1.00102
108	124	0.965822
108	128	1.02934
108	138	1.032
108	139	0.992193
108	142	0.980631
108	144	1.02858
108	147	0.992582
108	151	0.98481
108	153	1.014
108	160	1.0295
108	164	1.04304
108	167	0.991535
108	168	1.00758
108	172	1.02168
108	173	1.00712
108	176	1.00266
108	178	0.962148
108	180	1.00201
109	35	1.05119
109	66	0.97317
109	83	1.03706
109	97	1.00667
109	98	1.01756
109	122	0.981187
109	129	0.966898
109	132	1.05638
109	142	0.966683
109	145	1.02116
109	146	0.970067
109	149	0.996944
109	151	0.970862
109	161	1.03369
109	162	1.03223
109	165	1.0087
109	167	0.977587
109	170	1.01212
109	172	1.00773
109	173	0.993169
109	174	1.04114
109	176	0.988708
109	178	0.953363
109	179	0.954682
109	180	0.988061
110	23	0.982727
110	72	0.992136
110	81	0.947551
110	87	0.944365
110	100	0.863368
110	131	1.02442
110	132	1.02606
110	133	0.97248
110	135	1.02159
110	141	1.01838
110	143	1.06744
110	149	0.975269
110	152	1.07342
110	154	0.946299
110	156	1.03412
110	157	1.06032
110	162	1.04049
110	164	1.0368
110	165	0.904881
110	166	1.03028
110	168	0.918415
110	170	0.919195
110	171	1.05734
110	174	1.03681
110	175	1.05732
110	177	1.045
111	27	0.953606
111	34	0.955591
111	38	1.14453
111	53	0.931119
111	65	1.02165
111	72	1.14149
111	91	1.03519
111	106	1.0493
111	116	1.01341
111	119	0.959608
111	129	0.95031
111	138	1.00146
111	139	0.961658
111	140	0.999196
111	142	0.950095
111	149	0.980356
111	150	1.01732
111	153	0.983465
111	157	1.03918
111	167	0.961
111	170	0.995537
111	173	0.976582
111	176	0.972121
111	177	1.05608
111	179	0.983365
111	180	0.971474
112	8	1.2158
112	18	1.00469
112	23	0.933446
112	33	0.891908
112	37	0.892939
112	41	0.976183
112	42	0.959471
112	48	1.08236
112	57	0.987386
112	60	0.984035
112	65	0.983311
112	68	0.957402
112	70	0.949401
112	88	0.982445
112	100	1.03648
112	107	0.972514
112	113	1.00731
112	117	1.01517
112	124	1.10382
112	150	0.984133
112	159	1.01381
112	160	1.04365
112	166	1.05386
112	168	0.98139
112	175	1.01848
112	178	0.976298
113	18	1.07306
113	23	1.00182
113	26	0.819649
113	29	0.970526
113	33	0.960284
113	37	0.961315
113	41	1.04456
113	42	1.02785
113	48	1.15074
113	57	1.05576
113	60	1.05241
113	65	1.05169
113	70	1.01778
113	100	1.10485
113	107	1.04089
113	112	1.00731
113	125	0.936817
113	127	0.972423
113	130	0.926486
113	144	0.945318
113	160	0.969406
113	164	0.982948
113	168	1.04977
113	171	0.951295
113	175	0.944243
113	176	0.982607
114	3	1.01954
114	4	1.04036
114	5	0.890544
114	26	0.856729
114	31	1.13947
114	32	0.976476
114	43	1.01966
114	44	1.01402
114	46	0.987221
114	54	1.08208
114	63	1.00871
114	79	0.947761
114	88	1.04422
114	90	0.976472
114	100	1.07216
114	104	1.03223
114	107	1.00311
114	117	1.02241
114	140	0.956286
114	141	1.06634
114	152	0.942331
114	159	0.976653
114	160	1.00836
114	168	0.984564
114	173	0.996214
114	178	0.939136
114	180	1.00272
115	14	1.03377
115	20	0.986467
115	23	1.02516
115	69	0.9955
115	75	0.917641
115	103	0.992448
115	105	1.00114
115	106	1.00902
115	116	1.02499
115	119	0.993146
115	122	1.03316
115	124	1.04294
115	126	1.01099
115	127	0.98579
115	134	0.960244
115	137	0.995912
115	146	1.04014
115	147	1.02602
115	154	1.00484
115	155	1.01528
115	163	1.01246
115	166	0.992985
115	169	1.01844
115	170	0.961632
115	171	0.964662
115	173	0.972501
115	180	0.979012
116	22	0.995303
116	76	1.05041
116	82	1.00567
116	96	0.942109
116	103	0.989489
116	106	1.00606
116	107	0.971317
116	111	1.01341
116	115	1.02499
116	118	1.02212
116	123	1.04931
116	126	1.00803
116	133	0.989425
116	137	0.992954
116	146	1.03718
116	147	1.02307
116	155	1.01232
116	156	0.998193
116	157	0.96447
116	158	1.00626
116	159	1.00762
116	163	1.0095
116	169	1.01548
116	170	0.953548
116	172	0.962575
116	177	0.981369
116	180	0.970928
117	5	0.902658
117	12	0.964577
117	43	1.03177
117	63	1.02083
117	83	1.01895
117	85	0.953909
117	90	0.988585
117	93	0.886928
117	104	1.04435
117	108	1.00102
117	112	1.01517
117	114	1.02241
117	118	1.02836
117	119	0.992566
117	123	1.05681
117	129	1.01335
117	130	0.939273
117	146	1.04343
117	154	1.00813
117	155	1.01856
117	162	1.00764
117	167	1.0088
117	170	0.961052
117	171	1.02449
117	174	1.00396
117	175	1.02447
117	177	1.01215
118	4	0.94608
118	8	0.911239
118	69	0.992625
118	76	1.05049
118	116	1.02212
118	117	1.02836
118	122	1.03028
118	131	1.02665
118	137	0.993037
118	141	1.03716
118	146	1.03727
118	147	1.02315
118	148	1.02237
118	151	1.01367
118	154	1.00196
118	155	1.0124
118	158	1.00635
118	161	0.91914
118	162	0.988818
118	163	1.00959
118	169	1.01556
118	170	0.956162
118	172	0.965189
118	176	0.990505
118	177	0.983983
118	179	1.04398
118	180	0.973542
119	1	1.01009
119	42	1.03681
119	98	1.0009
119	99	1.0477
119	111	0.959608
119	115	0.993146
119	117	0.992566
119	127	0.974593
119	128	1.02089
119	134	0.995814
119	135	0.943586
119	141	1.0809
119	145	1.0045
119	150	1.01725
119	151	0.954204
119	153	0.983395
119	160	1.02105
119	161	1.01704
119	164	1.03459
119	165	0.992047
119	166	1.03126
119	167	0.960929
119	171	1.00294
119	172	0.991073
119	173	0.976511
119	174	1.04147
119	178	0.953698
119	180	0.971403
120	19	1.06799
120	24	0.972127
120	26	1.109
120	37	0.913758
120	38	0.932272
120	39	0.998939
120	40	1.00628
120	51	1.01488
120	55	0.960013
120	62	0.9249
120	68	0.978221
120	71	0.947438
120	94	1.06031
120	100	1.0573
120	101	0.976416
120	102	0.986528
120	123	0.958066
120	140	1.00793
120	142	1.07185
120	145	0.997832
120	150	0.96914
120	153	1.04225
120	159	0.998821
120	167	1.05526
120	168	1.00221
120	175	1.00349
120	179	0.962624
120	180	1.02489
121	30	0.968813
121	48	0.88659
121	56	0.961148
121	77	1.08731
121	82	0.995605
121	86	1.01015
121	92	0.966132
121	131	0.969852
121	132	0.971499
121	136	1.03743
121	137	1.03752
121	138	0.990811
121	142	1.07771
121	143	1.01288
121	147	0.997593
121	152	1.01886
121	156	0.979553
121	159	0.992153
121	162	0.985928
121	164	0.982233
121	166	0.975713
121	169	1.04121
121	171	1.00278
121	173	1.02424
121	174	0.982246
121	175	1.00275
121	176	1.04771
121	177	0.99044
122	84	0.974713
122	86	1.01295
122	96	0.938569
122	105	1.00635
122	109	0.981187
122	115	1.03316
122	118	1.03028
122	123	1.04577
122	126	1.0162
122	130	0.92823
122	132	1.00682
122	133	0.997591
122	137	1.00112
122	138	0.927452
122	144	0.947062
122	146	1.04535
122	147	1.03123
122	148	1.03045
122	154	1.01004
122	155	1.02048
122	158	1.01443
122	163	1.01767
122	169	1.02364
122	170	0.950009
122	171	0.953039
122	172	0.959035
122	176	0.984351
122	178	1.05809
122	179	1.05207
123	18	1.0223
123	24	0.949617
123	25	1.10519
123	26	1.08649
123	37	0.891248
123	38	0.909762
123	39	0.976429
123	51	0.992374
123	52	0.95981
123	55	0.937504
123	59	1.0232
123	62	0.902391
123	68	0.955711
123	71	0.924928
123	85	1.05701
123	94	1.0378
123	100	1.03479
123	101	0.953906
123	102	0.964019
123	116	1.04931
123	117	1.05681
123	120	0.958066
123	122	1.04577
123	129	1.11645
123	140	0.985418
123	159	1.05546
123	165	1.04984
123	168	0.9797
123	179	1.01927
124	1	0.985772
124	7	0.994371
124	17	1.00082
124	89	1.03376
124	104	1.04474
124	108	0.965822
124	112	1.10382
124	115	1.04294
124	134	0.971493
124	135	0.919265
124	144	0.973649
124	146	1.0202
124	149	0.955964
124	150	0.992933
124	153	0.959073
124	161	0.992714
124	164	1.08439
124	165	0.967725
124	167	0.936607
124	168	1.04892
124	170	0.971144
124	171	1.05273
124	172	0.966751
124	173	0.95219
124	174	1.09127
124	176	0.947729
124	177	1.07752
124	179	1.00481
124	180	0.947082
125	6	1.19822
125	23	1.02048
125	45	1.01145
125	49	1.00272
125	66	1.02822
125	81	0.985302
125	90	1.05445
125	100	0.901118
125	103	0.996852
125	113	0.936817
125	126	0.975323
125	128	0.998728
125	131	0.974013
125	141	0.967983
125	143	1.01704
125	152	1.02302
125	156	0.983714
125	157	1.00992
125	159	0.996314
125	162	0.990089
125	163	0.969275
125	164	0.986394
125	166	0.979874
125	169	0.984783
125	171	1.00694
125	174	0.986407
125	175	1.00691
125	177	0.994601
125	178	1.03862
125	180	0.974326
126	28	0.968004
126	32	1.06729
126	44	1.0216
126	47	1.00008
126	83	0.998709
126	99	0.890312
126	115	1.01099
126	116	1.00803
126	122	1.0162
126	125	0.975323
126	127	1.01093
126	133	0.975429
126	134	0.985383
126	137	0.978957
126	141	1.06776
126	143	0.968081
126	147	1.00907
126	153	1.02151
126	154	0.987882
126	155	0.998321
126	158	0.992266
126	159	0.993622
126	160	1.00023
126	163	0.995506
126	169	1.00148
126	170	0.986771
126	175	0.982749
126	176	1.02111
126	178	1.03593
126	179	1.0299
127	7	1.03375
127	35	1.04959
127	46	0.989449
127	75	1.03376
127	89	0.976611
127	94	0.950885
127	95	0.954424
127	113	0.972423
127	115	0.98579
127	119	0.974593
127	126	1.01093
127	133	1.04584
127	134	1.01087
127	135	0.958641
127	138	1.01645
127	139	0.976642
127	149	0.995341
127	157	1.00347
127	160	1.01369
127	161	1.03209
127	163	1.00488
127	164	1.02723
127	165	1.0071
127	166	1.0239
127	167	0.975984
127	170	1.01052
127	172	1.00613
127	173	0.991566
127	176	0.987105
127	180	0.986458
128	17	0.9762
128	37	1.14504
128	63	0.977772
128	64	0.971674
128	73	1.04261
128	78	1.0334
128	92	0.969598
128	96	1.02108
128	108	1.02934
128	119	1.02089
128	125	0.998728
128	132	0.974965
128	141	0.967288
128	145	0.979695
128	146	0.959872
128	148	0.961337
128	152	1.02233
128	153	1.02412
128	156	0.983019
128	157	1.00922
128	161	0.952354
128	162	0.989394
128	164	0.985699
128	166	0.979179
128	171	1.00624
128	173	1.00025
128	174	0.985712
128	175	1.00622
128	177	0.993906
128	179	1.0319
129	17	1.01585
129	23	1.08422
129	64	0.976622
129	80	0.916026
129	96	1.00925
129	99	1.0384
129	103	1.06059
129	107	0.973517
129	109	0.966898
129	111	0.95031
129	117	1.01335
129	123	1.11645
129	134	0.986516
129	139	0.952289
129	145	0.995203
129	147	1.00491
129	148	0.992648
129	149	0.970988
129	150	1.00796
129	157	1.03161
129	161	1.00774
129	162	1.05334
129	165	0.982749
129	170	0.986168
129	172	0.981774
129	173	0.967213
129	175	1.01666
129	176	0.962752
129	177	1.04851
129	178	0.974478
129	180	0.962105
130	4	0.936532
130	6	0.922662
130	10	1.05128
130	12	1.03849
130	21	1.13854
130	25	0.992704
130	32	1.00097
130	34	1.06647
130	40	0.945383
130	42	1.01965
130	49	1.03738
130	54	0.976387
130	59	1.01911
130	84	1.01862
130	85	1.02913
130	88	1.06872
130	98	0.935314
130	113	0.926486
130	117	0.939273
130	122	0.92823
130	140	1.04729
130	141	1.02761
130	144	0.943667
130	157	0.957536
130	163	0.958944
130	164	0.981297
130	168	1.04157
130	175	0.942593
130	176	0.980957
130	178	1.06856
130	179	1.06253
131	31	0.955569
131	50	0.979825
131	66	1.00281
131	73	1.01789
131	92	0.944883
131	104	1.03392
131	110	1.02442
131	118	1.02665
131	121	0.969852
131	125	0.974013
131	132	0.95025
131	134	1.0375
131	137	1.06303
131	138	1.01633
131	150	1.00051
131	156	0.958304
131	157	0.984509
131	158	1.07287
131	162	0.964679
131	163	1.05121
131	164	0.960984
131	165	1.02457
131	166	0.954464
131	170	1.03888
131	171	0.981527
131	174	0.960997
131	175	0.981505
131	176	1.07323
131	177	0.969191
131	178	1.01321
131	179	1.00719
132	29	1.04746
132	63	1.0136
132	75	0.981212
132	96	0.998017
132	109	1.05638
132	110	1.02606
132	121	0.971499
132	122	1.00682
132	128	0.974965
132	131	0.95025
132	136	1.01783
132	139	1.09704
132	141	0.94422
132	146	0.995699
132	151	1.08271
132	152	0.999257
132	156	0.959951
132	157	0.986156
132	159	0.972551
132	162	0.966326
132	163	1.03753
132	164	0.962631
132	165	1.01089
132	166	0.956111
132	170	1.0252
132	171	0.983174
132	174	0.962644
132	175	0.983152
132	177	0.970838
132	178	1.01486
132	180	1.04258
133	20	0.950902
133	54	1.11841
133	58	1.00462
133	61	0.980838
133	69	0.959935
133	72	1.13491
133	83	0.9801
133	86	0.972174
133	91	0.969054
133	103	0.956883
133	106	0.973455
133	110	0.97248
133	116	0.989425
133	122	0.997591
133	126	0.975429
133	127	1.04584
133	137	0.960348
133	140	0.99262
133	147	0.990459
133	148	0.989676
133	151	1.07918
133	152	0.978665
133	153	1.05642
133	154	0.969273
133	155	0.979711
133	158	0.973657
133	163	0.976897
133	169	0.982873
133	171	1.02471
133	177	1.0495
133	178	1.01732
134	22	1.00876
134	29	0.990324
134	50	0.989597
134	61	1.02517
134	70	1.07146
134	115	0.960244
134	119	0.995814
134	124	0.971493
134	126	0.985383
134	127	1.01087
134	129	0.986516
134	131	1.0375
134	137	0.991153
134	139	0.997864
134	142	0.986301
134	145	1.04078
134	146	0.937501
134	149	1.01656
134	159	1.01265
134	160	0.988146
134	161	1.05331
134	165	1.02832
134	166	0.998358
134	167	0.997205
134	170	1.03174
134	172	1.02735
134	173	1.01279
134	176	1.00833
134	177	0.994826
134	178	0.920796
134	179	0.922116
134	180	1.00768
135	17	1.00919
135	18	1.02893
135	22	1.11254
135	53	0.915097
135	69	1.10609
135	82	1.05302
135	94	1.02912
135	95	0.923417
135	110	1.02159
135	119	0.943586
135	124	0.919265
135	127	0.958641
135	138	0.985442
135	139	0.945636
135	143	1.0521
135	144	0.982019
135	148	1.04275
135	149	0.964334
135	151	0.938253
135	153	0.967443
135	161	1.00108
135	163	1.08311
135	165	0.976095
135	166	1.10214
135	167	0.944977
135	170	0.979514
135	171	1.07382
135	172	0.975121
135	173	0.96056
135	176	0.956099
135	177	1.09861
135	180	0.955452
136	31	0.835441
136	35	0.921337
136	36	0.977723
136	55	0.994366
136	78	1.07627
136	80	1.04414
136	95	0.999149
136	96	1.06395
136	106	0.939798
136	121	1.03743
136	132	1.01783
136	141	1.01015
136	143	1.05921
136	149	0.974829
136	152	1.06519
136	153	0.953496
136	157	1.05209
136	159	1.03849
136	161	0.881733
