1	6	1.03924
1	54	0.949939
1	60	0.95806
1	80	0.926311
1	82	0.927678
1	83	0.979736
1	88	0.982939
1	96	1.01102
1	127	2.57954
1	153	0.896777
1	154	0.948955
1	168	0.910746
2	99	0.675265
2	111	0.582452
2	141	0.968192
2	147	0.954993
2	161	0.997002
2	165	0.953977
2	172	0.954492
2	174	0.971206
2	177	0.913963
2	178	0.966987
2	179	0.950433
2	180	0.945395
3	12	1.03582
3	30	1.00978
3	35	1.12266
3	41	1.08846
3	47	1.08795
3	71	1.14835
3	94	1.07715
3	124	1.06839
3	125	1.25472
3	137	0.99489
3	151	1.23154
3	178	1.72699
4	8	1.03579
4	37	1.08591
4	39	0.99273
4	50	1.12113
4	51	1.06548
4	53	1.06574
4	58	1.06609
4	124	1.07645
4	126	0.632434
4	131	1.10589
4	140	2.48945
4	156	1.00797
5	84	1.05055
5	99	1.07906
5	100	1.07983
5	102	1.07587
5	103	1.06552
5	105	1.0642
5	107	1.0654
5	110	1.05477
5	119	1.09933
5	133	0.6644
5	152	0.591206
5	166	2.91349
6	1	1.03924
6	80	1.05342
6	82	1.05479
6	83	1.10685
6	88	1.11005
6	96	1.13813
6	113	0.998919
6	135	1.11505
6	153	1.02389
6	154	1.07607
6	175	1.70848
6	180	1.48402
7	9	1.04252
7	42	1.08591
7	52	1.06689
7	79	1.1215
7	86	1.0264
7	87	1.10381
7	89	1.10406
7	95	1.07149
7	97	1.06911
7	136	1.11701
7	138	1.77414
7	158	0.997691
8	4	1.03579
8	36	1.03413
8	37	0.956826
8	39	0.863642
8	50	0.992046
8	51	0.936391
8	53	0.93665
8	58	0.936998
8	69	3.2
8	124	0.947363
8	131	0.976801
8	132	1.00857
9	7	1.04252
9	29	0.909765
9	34	1.0105
9	49	0.97926
9	56	0.959938
9	86	0.91264
9	87	0.990048
9	89	0.990299
9	95	0.957733
9	101	1.32105
9	158	0.883933
9	178	2.22135
10	32	1.02111
10	33	1.1417
10	61	1.0648
10	62	1.06929
10	66	1.04901
10	68	1.16072
10	72	1.05213
10	90	1.10697
10	126	0.819345
10	151	1.47376
10	166	0.964341
10	173	1.76343
11	32	0.914668
11	33	1.03526
11	44	0.899819
11	62	0.962851
11	63	0.963499
11	68	1.05428
11	72	0.945696
11	90	1.00053
11	131	0.996336
11	166	0.857903
11	170	1.6491
11	178	1.92308
12	3	1.03582
12	23	0.87341
12	30	0.896856
12	35	1.00973
12	41	0.97553
12	47	0.975024
12	48	0.990921
12	71	1.03542
12	117	1.4944
12	124	0.955458
12	137	0.881963
12	142	1.99461
13	20	0.925843
13	31	1.01183
13	45	0.99994
13	54	0.958425
13	80	0.934798
13	82	0.936164
13	83	0.988223
13	96	1.01951
13	112	1.63932
13	153	0.905263
13	154	0.957441
13	157	1.70244
14	21	1.02994
14	27	1.11605
14	40	1.08314
14	59	1.06704
14	77	1.12184
14	91	0.609369
14	128	1.06336
14	130	1.05238
14	134	0.993734
14	150	1.09876
14	174	1.42916
14	175	2.21759
15	39	0.926879
15	40	0.841913
15	51	0.999628
15	53	0.999887
15	58	1.00024
15	94	0.702148
15	122	1.00964
15	134	0.93324
15	176	0.927224
15	178	0.94413
15	179	0.927576
15	180	0.922538
16	17	1.04504
16	21	1.03314
16	22	1.03777
16	40	1.08635
16	59	1.07024
16	77	1.12505
16	97	0.607322
16	128	1.06656
16	130	1.05558
16	150	1.10196
16	160	1.29261
16	179	2.14525
17	16	1.04504
17	21	0.917615
17	22	0.922236
17	28	1.0191
17	59	0.954708
17	77	1.00952
17	115	1.35048
17	128	0.951035
17	130	0.940054
17	134	0.881407
17	146	2.07192
17	150	0.986431
18	99	0.976094
18	100	0.976857
18	103	0.96255
18	104	0.966693
18	105	0.961234
18	107	0.96243
18	110	0.951799
18	118	1.17355
18	119	0.996355
18	143	0.895134
18	154	0.964994
18	171	2.71297
19	84	0.958455
19	92	0.950989
19	100	0.98773
19	102	0.98377
19	103	0.973423
19	104	0.977566
19	107	0.973303
19	110	0.962673
19	119	1.00723
19	138	1.63833
19	149	0.864972
19	167	1.92094
20	13	0.925843
20	31	1.00857
20	45	0.996681
20	60	0.963288
20	83	0.984964
20	96	1.01625
20	111	0.993058
20	113	0.877034
20	129	1.77016
20	144	1.71902
20	153	0.902005
20	154	0.954183
21	14	1.02994
21	16	1.03314
21	17	0.917615
21	22	0.910339
21	28	1.0072
21	40	0.95892
21	77	0.997619
21	130	0.928158
21	134	0.869511
21	137	2.22897
21	150	0.974535
21	152	1.35916
22	16	1.03777
22	17	0.922236
22	21	0.910339
22	27	0.996444
22	28	1.01183
22	59	0.947432
22	77	1.00224
22	114	1.28356
22	128	0.943759
22	134	0.874132
22	150	0.979155
22	169	2.32093
23	12	0.87341
23	35	0.960252
23	48	0.94144
23	71	0.98594
23	74	1.85995
23	137	0.832482
23	163	0.918211
23	166	0.796981
23	175	0.834847
23	177	0.786482
23	178	0.839506
23	180	0.817914
24	26	0.996101
24	55	0.956606
24	64	0.933683
24	65	0.937913
24	67	0.937666
24	73	1.00478
24	74	0.919982
24	75	0.920315
24	81	1.00184
24	128	0.937212
24	158	2.60648
24	159	1.39754
24	169	0.873254
25	26	1.0965
25	55	1.05701
25	64	1.03409
25	65	1.03832
25	67	1.03807
25	74	1.02038
25	75	1.02072
25	81	1.10225
25	98	0.835278
25	128	1.03762
25	142	0.865817
25	169	0.973657
25	175	2.73956
26	24	0.996101
26	25	1.0965
26	43	1.06683
26	64	1.02792
26	73	1.09902
26	74	1.01422
26	75	1.01455
26	81	1.09608
26	126	1.34287
26	128	1.03145
26	133	0.978662
26	153	1.86743
26	169	0.967489
27	14	1.11605
27	22	0.996444
27	28	1.09331
27	40	1.04502
27	59	1.02892
27	77	1.08372
27	128	1.02524
27	130	1.01426
27	134	0.955615
27	141	1.97419
27	148	1.17385
27	150	1.06064
27	164	1.13125
28	17	1.0191
28	21	1.0072
28	22	1.01183
28	27	1.09331
28	40	1.06041
28	59	1.0443
28	77	1.09911
28	126	0.849922
28	130	1.02964
28	134	0.970997
28	150	1.07602
28	165	2.32565
28	168	1.04433
29	9	0.909765
29	46	0.973262
29	52	0.934129
29	76	0.991621
29	79	0.988746
29	85	0.970446
29	86	0.89364
29	87	0.971048
29	89	0.971299
29	95	0.938733
29	140	2.27226
29	158	0.864933
29	174	1.6399
30	3	1.00978
30	12	0.896856
30	35	0.983698
30	41	0.949495
30	47	0.948989
30	48	0.964886
30	57	0.938103
30	71	1.00939
30	94	0.938186
30	112	1.16079
30	124	0.929423
30	137	0.855928
30	162	2.3881
31	13	1.01183
31	20	1.00857
31	54	1.04115
31	60	1.04927
31	80	1.01752
31	83	1.07095
31	88	1.07415
31	96	1.10223
31	121	2.11936
31	151	1.26398
31	152	0.910288
31	153	0.987987
31	154	1.04017
32	10	1.02111
32	11	0.914668
32	61	0.927252
32	62	0.931746
32	63	0.932395
32	68	1.02317
32	72	0.914591
32	90	0.969423
32	108	1.04535
32	111	0.973547
32	131	0.965232
32	166	0.826798
32	179	2.6087
33	10	1.1417
33	11	1.03526
33	44	0.989311
33	61	1.04785
33	62	1.05234
33	63	1.05299
33	66	1.03206
33	72	1.03519
33	90	1.09002
33	101	1.14436
33	146	1.08071
33	166	0.947395
33	178	2.04466
34	9	1.0105
34	46	1.074
34	49	1.061
34	56	1.04167
34	76	1.09236
34	85	1.07118
34	86	0.994377
34	87	1.07179
34	95	1.03947
34	158	0.96567
34	164	0.768781
34	172	2.03168
34	173	1.50079
35	3	1.12266
35	12	1.00973
35	23	0.960252
35	30	0.983698
35	41	1.06237
35	47	1.06187
35	48	1.07776
35	71	1.12226
35	114	0.794706
35	124	1.0423
35	137	0.968805
35	158	1.635
35	171	2.33129
36	8	1.03413
36	37	1.08426
36	39	0.991072
36	50	1.11948
36	51	1.06382
36	53	1.06408
36	58	1.06443
36	124	1.07479
36	125	1.51293
36	131	1.10423
36	136	0.868298
36	170	1.71122
37	4	1.08591
37	8	0.956826
37	36	1.08426
37	39	0.913765
37	50	1.04217
37	51	0.986514
37	53	0.986773
37	58	0.987121
37	70	1.12173
37	93	1.10752
37	124	0.997486
37	131	1.02692
37	150	0.725794
37	180	2.61814
38	79	0.74664
38	121	0.925806
38	124	1.02084
38	125	0.98895
38	142	1.0103
38	165	0.901044
38	167	0.947846
38	168	0.971448
38	170	0.934586
38	171	0.892885
38	175	0.909395
38	178	0.914054
38	179	0.8975
38	180	0.892462
39	4	0.99273
39	8	0.863642
39	15	0.926879
39	36	0.991072
39	37	0.913765
39	50	0.948985
39	51	0.89333
39	53	0.893589
39	58	0.893937
39	70	1.02854
39	124	0.904302
39	131	0.93374
39	157	1.54171
39	161	2.31039
40	14	1.08314
40	15	0.841913
40	16	1.08635
40	21	0.95892
40	27	1.04502
40	28	1.06041
40	59	0.996013
40	77	1.05082
40	97	1.38621
40	128	0.99234
40	130	0.981359
40	134	0.922713
40	150	1.02774
40	177	3.87288
41	3	1.08846
41	12	0.97553
41	30	0.949495
41	35	1.06237
41	47	1.02766
41	48	1.04356
41	57	1.01678
41	71	1.08806
41	94	1.01686
41	120	0.88301
41	124	1.0081
41	137	0.934602
41	153	1.33835
41	172	2.28877
42	7	1.08591
42	46	1.03565
42	52	0.996514
42	76	1.05401
42	79	1.05113
42	85	1.03283
42	86	0.956025
42	87	1.03343
42	89	1.03368
42	95	1.00112
42	116	1.29682
42	147	2.68184
42	150	0.624663
42	158	0.927319
43	26	1.06683
43	55	1.02733
43	64	1.00441
43	65	1.00864
43	67	1.00839
43	73	1.07551
43	74	0.990706
43	75	0.991039
43	81	1.07257
43	94	1.02443
43	133	1.12559
43	150	1.38608
43	161	1.89568
43	169	0.943979
44	11	0.899819
44	33	0.989311
44	61	0.912403
44	62	0.916897
44	63	0.917546
44	66	0.896616
44	68	1.00832
44	70	1.04519
44	72	0.899742
44	90	0.954574
44	131	0.950383
44	147	2.07689
44	166	0.811949
44	176	2.0856
45	13	0.99994
45	20	0.996681
45	54	1.02926
45	60	1.03738
45	80	1.00564
45	82	1.007
45	83	1.05906
45	88	1.06226
45	96	1.09035
45	113	0.95113
45	153	0.976101
45	160	1.24108
45	167	1.54343
45	174	1.79537
46	29	0.973262
46	34	1.074
46	42	1.03565
46	49	1.04276
46	52	1.01663
46	56	1.02343
46	85	1.05294
46	86	0.976136
46	89	1.0538
46	95	1.02123
46	158	0.947429
46	163	1.07078
46	164	1.21339
46	174	2.22597
47	3	1.08795
47	12	0.975024
47	30	0.948989
47	35	1.06187
47	41	1.02766
47	48	1.04305
47	57	1.01627
47	71	1.08755
47	94	1.01635
47	124	1.00759
47	137	0.934096
47	143	2.08253
47	148	1.07464
47	159	1.45539
48	12	0.990921
48	23	0.94144
48	30	0.964886
48	35	1.07776
48	41	1.04356
48	47	1.04305
48	57	1.03217
48	71	1.10345
48	94	1.03225
48	124	1.02349
48	137	0.949993
48	138	1.54278
48	146	1.03859
48	169	1.92247
49	9	0.97926
49	34	1.061
49	46	1.04276
49	56	1.01043
49	76	1.06112
49	79	1.05824
49	85	1.03994
49	86	0.963134
49	89	1.04079
49	95	1.00823
49	134	2.27466
49	144	1.22717
49	150	0.908142
49	158	0.934427
50	4	1.12113
50	8	0.992046
50	36	1.11948
50	37	1.04217
50	39	0.948985
50	51	1.02173
50	53	1.02199
50	58	1.02234
50	113	2.05968
50	114	0.827219
50	124	1.03271
50	131	1.06214
50	160	1.46515
51	4	1.06548
51	8	0.936391
51	15	0.999628
51	36	1.06382
51	37	0.986514
51	39	0.89333
51	50	1.02173
51	53	0.966338
51	58	0.966686
51	70	1.10129
51	115	0.920598
51	123	2.18899
51	124	0.977052
51	131	1.00649
51	163	1.52558
52	7	1.06689
52	29	0.934129
52	42	0.996514
52	46	1.01663
52	56	0.984301
52	76	1.03498
52	79	1.03211
52	85	1.01381
52	87	1.01441
52	89	1.01466
52	91	1.50074
52	95	0.982097
52	143	2.35844
52	157	0.73307
52	158	0.908296
53	4	1.06574
53	8	0.93665
53	15	0.999887
53	36	1.06408
53	37	0.986773
53	39	0.893589
53	50	1.02199
53	51	0.966338
53	58	0.966945
53	70	1.10155
53	98	0.767321
53	124	0.977311
53	131	1.00675
53	142	0.797861
53	166	3.28153
54	1	0.949939
54	13	0.958425
54	31	1.04115
54	45	1.02926
54	60	0.995869
54	80	0.964121
54	82	0.965488
54	83	1.01755
54	88	1.02075
54	96	1.04883
54	111	1.02564
54	154	0.986765
54	159	1.19252
54	173	1.50118
54	179	2.0801
55	24	0.956606
55	25	1.05701
55	43	1.02733
55	64	0.988422
55	65	0.992652
55	67	0.992405
55	73	1.05952
55	74	0.974722
55	75	0.975054
55	81	1.05658
55	118	1.44245
55	128	0.991952
55	132	1.81462
55	169	0.927994
55	172	1.91619
56	9	0.959938
56	34	1.04167
56	46	1.02343
56	49	1.01043
56	52	0.984301
56	76	1.04179
56	79	1.03892
56	85	1.02062
56	86	0.943812
56	87	1.02122
56	95	0.988906
56	120	1.22201
56	158	0.915105
56	163	1.22226
56	169	2.2226
57	30	0.938103
57	41	1.01678
57	47	1.01627
57	48	1.03217
57	71	1.07667
57	99	1.00668
57	104	0.997281
57	105	0.991822
57	110	0.982388
57	113	2.34032
57	115	0.539907
57	119	1.02694
57	137	0.92321
57	151	1.72984
57	154	0.995583
58	4	1.06609
58	8	0.936998
58	15	1.00024
58	36	1.06443
58	37	0.987121
58	39	0.893937
58	50	1.02234
58	51	0.966686
58	53	0.966945
58	70	1.1019
58	93	1.6214
58	124	0.977659
58	131	1.0071
58	150	1.23967
58	156	1.71894
59	14	1.06704
59	16	1.07024
59	17	0.954708
59	22	0.947432
59	27	1.02892
59	28	1.0443
59	40	0.996013
59	77	1.03471
59	128	0.976231
59	130	0.965251
59	134	0.906604
59	136	0.995625
59	146	1.14858
59	150	1.01163
59	165	2.43839
60	1	0.95806
60	20	0.963288
60	31	1.04927
60	45	1.03738
60	54	0.995869
60	80	0.972242
60	82	0.973609
60	83	1.02567
60	88	1.02887
60	96	1.05695
60	121	2.68064
60	133	0.806627
60	150	1.06711
60	153	0.942707
60	154	0.994886
61	10	1.0648
61	32	0.927252
61	33	1.04785
61	44	0.912403
61	62	0.975435
61	63	0.976084
61	66	0.955154
61	68	1.06686
61	72	0.95828
61	90	1.01311
61	111	1.01724
61	131	1.00892
61	146	1.4602
61	160	1.94464
61	166	0.870487
61	168	1.46869
62	10	1.06929
62	11	0.962851
62	32	0.931746
62	33	1.05234
62	44	0.916897
62	61	0.975435
62	63	0.980577
62	66	0.959648
62	68	1.07136
62	72	0.962774
62	90	1.01761
62	131	1.01341
62	159	0.989748
62	166	0.874981
62	179	1.87733
62	180	2.14294
63	11	0.963499
63	32	0.932395
63	33	1.05299
63	44	0.917546
63	61	0.976084
63	62	0.980577
63	66	0.960297
63	70	1.10887
63	72	0.963423
63	90	1.01825
63	111	1.02238
63	123	1.28752
63	131	1.01406
63	138	1.24475
63	166	0.87563
63	176	2.51682
64	24	0.933683
64	25	1.03409
64	26	1.02792
64	43	1.00441
64	55	0.988422
64	65	0.969729
64	67	0.969482
64	73	1.0366
64	74	0.951798
64	75	0.952131
64	81	1.03366
64	94	0.985525
64	133	1.19523
64	136	1.59241
64	156	1.93499
64	169	0.90507
65	24	0.937913
65	25	1.03832
65	43	1.00864
65	55	0.992652
65	64	0.969729
65	67	0.973712
65	73	1.04083
65	74	0.956028
65	75	0.956361
65	81	1.03789
65	94	0.989755
65	128	0.973258
65	145	1.47318
65	169	0.9093
65	171	2.20239
65	175	1.67482
66	10	1.04901
66	33	1.03206
66	44	0.896616
66	61	0.955154
66	62	0.959648
66	63	0.960297
66	68	1.05108
66	70	1.08794
66	72	0.942493
66	90	0.997325
66	111	1.00145
66	112	0.940799
66	131	0.993134
66	164	1.57881
66	166	0.8547
66	170	2.24262
67	24	0.937666
67	25	1.03807
67	43	1.00839
67	55	0.992405
67	64	0.969482
67	65	0.973712
67	73	1.04058
67	74	0.955781
67	75	0.956114
67	81	1.03764
67	94	0.989508
67	128	0.973011
67	157	0.955179
67	161	1.21857
67	169	0.909053
67	171	3.35335
68	10	1.16072
68	11	1.05428
68	32	1.02317
68	44	1.00832
68	61	1.06686
68	62	1.07136
68	66	1.05108
68	72	1.0542
68	90	1.10903
68	111	1.11316
68	131	1.10484
68	135	1.91303
68	148	0.748049
68	157	0.585378
68	166	0.966408
68	180	2.282
69	8	3.2
69	123	0.868582
69	127	0.812722
69	138	0.863526
69	139	0.871437
69	144	0.889711
69	148	0.923441
69	152	0.905773
69	158	0.826761
69	160	0.880831
69	164	0.91211
69	165	0.821742
69	172	0.822257
69	177	0.781728
69	179	0.818197
69	180	0.81316
70	37	1.12173
70	39	1.02854
70	44	1.04519
70	51	1.10129
70	53	1.10155
70	58	1.1019
70	63	1.10887
70	66	1.08794
70	90	1.1459
70	129	0.9655
70	131	1.1417
70	139	1.66595
70	141	1.75406
70	166	1.00327
70	168	0.893469
71	3	1.14835
71	12	1.03542
71	23	0.98594
71	30	1.00939
71	35	1.12226
71	41	1.08806
71	47	1.08755
71	48	1.10345
71	57	1.07667
71	94	1.07675
71	114	0.811592
71	124	1.06799
71	129	1.04561
71	137	0.994492
71	144	0.994464
71	176	2.74133
72	10	1.05213
72	11	0.945696
72	32	0.914591
72	33	1.03519
72	44	0.899742
72	61	0.95828
72	62	0.962774
72	63	0.963423
72	66	0.942493
72	68	1.0542
72	90	1.00045
72	111	1.00458
72	131	0.99626
72	157	1.06125
72	162	2.22544
72	166	0.857826
72	168	1.61847
73	24	1.00478
73	26	1.09902
73	43	1.07551
73	55	1.05952
73	64	1.0366
73	65	1.04083
73	67	1.04058
73	74	1.0229
73	75	1.02323
73	81	1.10476
73	94	1.05663
73	128	1.04013
73	147	2.24127
73	158	2.13218
73	160	0.958175
73	161	0.693689
73	169	0.976171
74	23	1.85995
74	24	0.919982
74	25	1.02038
74	26	1.01422
74	43	0.990706
74	55	0.974722
74	64	0.951798
74	65	0.956028
74	67	0.955781
74	73	1.0229
74	75	0.93843
74	81	1.01996
74	94	0.971824
74	106	1.38251
74	128	0.955328
74	134	1.18323
74	169	0.89137
75	24	0.920315
75	25	1.02072
75	26	1.01455
75	43	0.991039
75	55	0.975054
75	64	0.952131
75	65	0.956361
75	67	0.956114
75	73	1.02323
75	74	0.93843
75	81	1.02029
75	94	0.972157
75	108	1.0794
75	128	0.95566
75	155	2.4244
75	156	1.49529
75	169	0.891702
76	29	0.991621
76	34	1.09236
76	42	1.05401
76	49	1.06112
76	52	1.03498
76	56	1.04179
76	78	0.763309
76	79	1.0896
76	85	1.0713
76	86	0.994496
76	87	1.0719
76	89	1.07216
76	95	1.03959
76	155	1.9937
76	158	0.965789
76	164	0.901111
76	179	2.21204
77	14	1.12184
77	16	1.12505
77	17	1.00952
77	21	0.997619
77	22	1.00224
77	27	1.08372
77	28	1.09911
77	40	1.05082
77	59	1.03471
77	125	0.764137
77	128	1.03104
77	130	1.02006
77	134	0.961411
77	139	1.05343
77	149	3.44597
77	150	1.06644
77	163	0.684327
78	76	0.763309
78	89	1.06204
78	105	0.635291
78	112	1.05114
78	118	0.993197
78	129	1.01221
78	137	0.950857
78	147	0.945886
78	161	0.987896
78	168	1.01527
78	171	0.936712
78	172	0.945386
78	173	0.971378
78	174	0.9621
78	178	0.957881
78	179	0.941327
78	180	0.936289
79	7	1.1215
79	29	0.988746
79	38	0.74664
79	42	1.05113
79	49	1.05824
79	52	1.03211
79	56	1.03892
79	76	1.0896
79	85	1.06843
79	86	0.99162
79	87	1.06903
79	89	1.06928
79	93	1.07108
79	95	1.03671
79	142	0.932412
79	158	0.962914
79	179	2.31607
80	1	0.926311
80	6	1.05342
80	13	0.934798
80	31	1.01752
80	45	1.00564
80	54	0.964121
80	60	0.972242
80	82	0.94186
80	88	0.997121
80	96	1.0252
80	109	1.42592
80	111	1.00201
80	113	0.885988
80	148	1.48927
80	153	0.910959
80	154	0.963137
80	173	2.17869
81	24	1.00184
81	25	1.10225
81	26	1.09608
81	43	1.07257
81	55	1.05658
81	64	1.03366
81	65	1.03789
81	67	1.03764
81	73	1.10476
81	74	1.01996
81	75	1.02029
81	128	1.03719
81	155	1.08663
81	158	1.62634
81	166	2.40498
81	169	0.973232
81	178	0.931843
82	1	0.927678
82	6	1.05479
82	13	0.936164
82	45	1.007
82	54	0.965488
82	60	0.973609
82	80	0.94186
82	83	0.995285
82	88	0.998488
82	96	1.02657
82	98	1.69799
82	108	1.54885
82	111	1.00338
82	113	0.887355
82	153	0.912326
82	154	0.964504
82	168	1.78361
83	1	0.979736
83	6	1.10685
83	13	0.988223
83	20	0.984964
83	31	1.07095
83	45	1.05906
83	54	1.01755
83	60	1.02567
83	82	0.995285
83	88	1.05055
83	96	1.07863
83	111	1.05544
83	120	0.61986
83	137	1.72118
83	153	0.964384
83	154	1.01656
83	159	1.18607
83	176	2.51281
84	5	1.05055
84	19	0.958455
84	92	0.94349
84	99	0.979468
84	100	0.980231
84	102	0.976271
84	103	0.965924
84	104	0.970067
84	105	0.964608
84	107	0.965804
84	110	0.955174
84	117	0.855874
84	119	0.999729
84	141	2.27175
84	143	0.898508
84	149	0.857473
84	154	0.968368
84	162	2.01813
85	29	0.970446
85	34	1.07118
85	42	1.03283
85	46	1.05294
85	49	1.03994
85	52	1.01381
85	56	1.02062
85	76	1.0713
85	79	1.06843
85	86	0.97332
85	87	1.05073
85	89	1.05098
85	95	1.01841
85	117	0.558925
85	142	0.8358
85	143	1.95902
85	158	0.944614
85	180	2.48508
86	7	1.0264
86	9	0.91264
86	29	0.89364
86	34	0.994377
86	42	0.956025
86	46	0.976136
86	49	0.963134
86	56	0.943812
86	76	0.994496
86	79	0.99162
86	85	0.97332
86	87	0.973923
86	89	0.974173
86	95	0.941608
86	116	2.06048
86	158	0.867807
86	163	1.56151
86	168	1.68646
87	7	1.10381
87	9	0.990048
87	29	0.971048
87	34	1.07179
87	42	1.03343
87	52	1.01441
87	56	1.02122
87	76	1.0719
87	79	1.06903
87	85	1.05073
87	86	0.973923
87	89	1.05158
87	95	1.01902
87	153	1.13436
87	158	0.945216
87	164	0.821874
87	165	2.08553
87	174	1.83445
88	1	0.982939
88	6	1.11005
88	31	1.07415
88	45	1.06226
88	54	1.02075
88	60	1.02887
88	80	0.997121
88	82	0.998488
88	83	1.05055
88	96	1.08183
88	111	1.05864
88	113	0.942616
88	120	1.02313
88	151	1.10088
88	153	0.967587
88	154	1.01977
88	172	1.92144
88	175	2.45954
89	7	1.10406
89	9	0.990299
89	29	0.971299
89	42	1.03368
89	46	1.0538
89	49	1.04079
89	52	1.01466
89	76	1.07216
89	78	1.06204
89	79	1.06928
89	85	1.05098
89	86	0.974173
89	87	1.05158
89	95	1.01927
89	133	1.02948
89	136	1.42666
89	158	0.945467
89	164	1.60576
90	10	1.10697
90	11	1.00053
90	32	0.969423
90	33	1.09002
90	44	0.954574
90	61	1.01311
90	62	1.01761
90	63	1.01825
90	66	0.997325
90	68	1.10903
90	70	1.1459
90	72	1.00045
90	111	1.05941
90	132	1.68274
90	139	1.27622
90	145	2.12078
90	166	0.912658
90	167	1.28204
91	14	0.609369
91	52	1.50074
91	106	0.939164
91	119	1.16211
91	122	0.992995
91	134	0.916591
91	140	0.932564
91	142	1.02372
91	148	1.01617
91	156	0.95862
91	163	1.00619
91	164	1.00484
91	167	0.961272
91	171	0.906312
91	175	0.922821
91	177	0.874456
91	178	0.92748
91	179	0.910926
91	180	0.905889
92	19	0.950989
92	84	0.94349
92	97	0.997392
92	99	0.972002
92	100	0.972765
92	102	0.968805
92	103	0.958458
92	104	0.962601
92	105	0.957142
92	107	0.958338
92	109	1.55925
92	110	0.947708
92	119	0.992263
92	130	0.94331
92	143	0.891042
92	148	1.6226
92	149	0.850007
92	154	0.960902
92	173	2.31202
93	37	1.10752
93	58	1.6214
93	79	1.07108
93	118	0.962787
93	120	1.04451
93	136	0.996623
93	144	0.982431
93	157	1.04074
93	159	0.977717
93	162	0.926744
93	165	0.914462
93	167	0.961263
93	172	0.914977
93	174	0.931691
93	175	0.922812
93	177	0.874447
93	178	0.927471
93	179	0.910917
93	180	0.90588
94	3	1.07715
94	15	0.702148
94	30	0.938186
94	41	1.01686
94	43	1.02443
94	47	1.01635
94	48	1.03225
94	64	0.985525
94	65	0.989755
94	67	0.989508
94	71	1.07675
94	73	1.05663
94	74	0.971824
94	75	0.972157
94	124	0.996788
94	137	0.923293
94	165	1.95043
94	167	1.44741
94	169	0.925097
94	178	1.62457
95	7	1.07149
95	9	0.957733
95	29	0.938733
95	34	1.03947
95	42	1.00112
95	46	1.02123
95	49	1.00823
95	52	0.982097
95	56	0.988906
95	76	1.03959
95	79	1.03671
95	85	1.01841
95	86	0.941608
95	87	1.01902
95	89	1.01927
95	97	1.13735
95	129	1.41872
95	135	2.57193
95	150	1.04855
95	158	0.912901
96	1	1.01102
96	6	1.13813
96	13	1.01951
96	20	1.01625
96	31	1.10223
96	45	1.09035
96	54	1.04883
96	60	1.05695
96	80	1.0252
96	82	1.02657
96	83	1.07863
96	88	1.08183
96	98	0.899407
96	111	1.08672
96	113	0.970697
96	123	1.52348
96	125	1.46821
96	153	0.995668
96	154	1.04785
96	155	2.09527
96	161	1.19648
97	7	1.06911
97	16	0.607322
97	40	1.38621
97	92	0.997392
97	95	1.13735
97	102	1.03017
97	103	1.01983
97	104	1.02397
97	105	1.01851
97	107	1.01971
97	110	1.00908
97	119	1.05363
97	138	0.985696
97	151	1.00646
97	159	1.00717
97	172	0.944427
97	176	0.940015
97	177	0.903897
97	178	0.956922
97	179	0.940367
97	180	0.93533
98	25	0.835278
98	53	0.767321
98	82	1.69799
98	96	0.899407
98	123	0.993332
98	139	0.996187
98	142	1.05574
98	144	1.01446
98	145	0.947284
98	153	0.972673
98	157	1.07277
98	161	0.989517
98	162	0.958775
98	164	1.03686
98	168	1.0169
98	170	0.980034
98	174	0.963721
98	175	0.954843
98	178	0.959502
98	179	0.942948
98	180	0.93791
99	2	0.675265
99	5	1.07906
99	18	0.976094
99	57	1.00668
99	84	0.979468
99	92	0.972002
99	100	1.00874
99	102	1.00478
99	103	0.994436
99	104	0.998579
99	105	0.99312
99	107	0.994316
99	110	0.983685
99	119	1.02824
99	130	0.979288
99	143	0.92702
99	149	0.885985
99	154	0.99688
99	159	1.57874
99	163	1.01278
99	180	2.73193
100	5	1.07983
100	18	0.976857
100	19	0.98773
100	84	0.980231
100	92	0.972765
100	99	1.00874
100	102	1.00555
100	103	0.995199
100	104	0.999342
100	105	0.993883
100	107	0.995079
100	110	0.984449
100	117	0.676653
100	119	1.029
100	122	1.42343
100	130	0.980052
100	139	2.00441
100	143	0.927783
100	149	0.886748
100	154	0.997644
100	179	2.56052
101	9	1.32105
101	33	1.14436
101	108	0.999792
101	109	0.97023
101	119	1.00681
101	129	0.977794
101	157	1.03674
101	160	0.969546
101	165	0.910457
101	168	0.98086
101	170	0.943999
101	171	0.902298
101	173	0.936964
101	174	0.927686
101	175	0.918807
101	176	0.906561
101	177	0.870443
101	178	0.923467
101	179	0.906912
101	180	0.901875
102	5	1.07587
102	19	0.98377
102	84	0.976271
102	92	0.968805
102	97	1.03017
102	99	1.00478
102	100	1.00555
102	103	0.991239
102	104	0.995382
102	105	0.989923
102	107	0.991119
102	110	0.980488
102	118	2.184
102	119	1.02504
102	120	1.25198
102	122	1.56868
102	130	0.976091
102	143	0.923823
102	149	0.882788
102	153	1.70732
102	154	0.993683
103	5	1.06552
103	18	0.96255
103	19	0.973423
103	84	0.965924
103	92	0.958458
103	97	1.01983
103	99	0.994436
103	100	0.995199
103	102	0.991239
103	104	0.985035
103	105	0.979576
103	107	0.980772
103	108	0.926401
103	110	0.970141
103	119	1.0147
103	130	0.965744
103	132	1.29407
103	143	0.913476
103	148	0.891588
103	149	0.872441
103	154	0.983336
103	177	4.93326
104	18	0.966693
104	19	0.977566
104	57	0.997281
104	84	0.970067
104	92	0.962601
104	97	1.02397
104	99	0.998579
104	100	0.999342
104	102	0.995382
104	103	0.985035
104	105	0.983719
104	107	0.984915
104	110	0.974285
104	119	1.01884
104	130	0.969887
104	143	0.917619
104	149	0.876584
104	152	1.32871
104	153	1.55254
104	154	0.98748
104	160	1.69835
104	178	2.17785
105	5	1.0642
105	18	0.961234
105	57	0.991822
105	78	0.635291
105	84	0.964608
105	92	0.957142
105	97	1.01851
105	99	0.99312
105	100	0.993883
105	102	0.989923
105	103	0.979576
105	104	0.983719
105	107	0.979456
105	110	0.968825
105	119	1.01338
105	130	0.964428
105	143	0.91216
105	149	0.871125
105	154	0.98202
105	162	1.76833
105	164	1.17902
105	172	2.44192
106	74	1.38251
106	91	0.939164
106	121	0.878518
106	123	0.900596
106	130	2.49623
106	140	0.87185
106	147	0.854771
106	152	0.937787
106	155	0.876848
106	156	0.897905
106	161	0.896781
106	164	0.944124
106	165	0.853756
106	166	0.824241
106	167	0.900558
106	169	0.861545
106	170	0.887298
106	171	0.845597
106	176	0.849859
106	178	0.866766
106	179	0.850211
106	180	0.845174
107	5	1.0654
107	18	0.96243
107	19	0.973303
107	84	0.965804
107	92	0.958338
107	97	1.01971
107	99	0.994316
107	100	0.995079
107	102	0.991119
107	103	0.980772
107	104	0.984915
107	105	0.979456
107	110	0.970022
107	115	1.0395
107	117	1.21415
107	119	1.01458
107	130	0.965625
107	143	0.913356
107	149	0.872321
107	152	1.87574
107	154	0.983217
107	170	2.4509
108	32	1.04535
108	75	1.0794
108	82	1.54885
108	101	0.999792
108	103	0.926401
108	117	1.04993
108	120	1.04845
108	122	0.996922
108	125	1.0063
108	141	0.932612
108	146	0.995071
108	148	1.0201
108	152	1.00243
108	160	0.977487
108	161	0.961422
108	162	0.93068
108	165	0.918398
108	168	0.988801
108	171	0.910238
108	176	0.914501
108	178	0.931407
108	179	0.914853
108	180	0.909815
109	80	1.42592
109	92	1.55925
109	101	0.97023
109	111	1.04182
109	112	0.995105
109	116	0.94137
109	123	0.935676
109	136	0.970997
109	140	0.90693
109	147	0.889851
109	152	0.972867
109	156	0.932985
109	162	0.901119
109	164	0.979204
109	165	0.888836
109	166	0.859321
109	168	0.959239
109	173	0.915343
109	176	0.88494
109	177	0.848822
109	178	0.901846
109	179	0.885291
109	180	0.880254
110	5	1.05477
110	18	0.951799
110	19	0.962673
110	57	0.982388
110	84	0.955174
110	92	0.947708
110	97	1.00908
110	99	0.983685
110	100	0.984449
110	102	0.980488
110	103	0.970141
110	104	0.974285
110	105	0.968825
110	107	0.970022
110	119	1.00395
110	130	0.954994
110	134	2.34211
110	137	2.24985
110	143	0.902726
110	149	0.861691
110	154	0.972586
110	157	0.716511
110	161	1.48519
111	2	0.582452
111	20	0.993058
111	32	0.973547
111	54	1.02564
111	61	1.01724
111	63	1.02238
111	66	1.00145
111	68	1.11316
111	72	1.00458
111	80	1.00201
111	82	1.00338
111	83	1.05544
111	88	1.05864
111	90	1.05941
111	96	1.08672
111	109	1.04182
111	114	0.882927
111	131	1.05522
111	153	0.972478
111	154	1.02466
111	166	0.916782
111	167	1.82321
111	174	2.07515
112	13	1.63932
112	30	1.16079
112	66	0.940799
112	78	1.05114
112	109	0.995105
112	113	0.936542
112	119	0.331314
112	122	1.01386
112	127	0.926312
112	129	1.00267
112	140	0.953426
112	144	1.0033
112	145	0.936124
112	147	0.936347
112	148	1.03703
112	155	0.958423
112	160	0.994421
112	167	0.982133
112	171	0.927173
112	173	0.961839
112	174	0.952561
112	176	0.931435
112	180	0.92675
113	6	0.998919
113	20	0.877034
113	45	0.95113
113	50	2.05968
113	57	2.34032
113	80	0.885988
113	82	0.887355
113	88	0.942616
113	96	0.970697
113	112	0.936542
113	135	0.869972
113	149	0.797737
113	153	0.856453
113	154	0.908632
113	155	0.853364
113	158	0.835292
113	167	0.877074
113	170	0.863815
113	176	0.826376
113	177	0.790258
113	179	0.826728
113	180	0.821691
114	22	1.28356
114	35	0.794706
114	50	0.827219
114	71	0.811592
114	111	0.882927
114	116	1.039
114	117	1.118
114	127	0.977446
114	133	1.1272
114	146	1.06314
114	149	0.95393
114	151	1.04902
114	153	1.01265
114	156	1.03061
114	159	1.04972
114	164	1.07683
114	167	1.03327
114	172	0.986981
114	176	0.982569
114	177	0.946451
114	178	0.999475
114	179	0.982921
114	180	0.977884
115	17	1.35048
115	51	0.920598
115	57	0.539907
115	107	1.0395
115	119	0.221731
115	132	1.05012
115	139	1.03769
115	150	1.09514
115	151	1.05055
115	155	1.01109
115	159	1.05125
115	162	1.00028
115	163	1.07971
115	164	1.07837
115	165	0.987998
115	170	1.02154
115	171	0.979839
115	173	1.0145
115	174	1.00523
115	177	0.947984
115	178	1.00101
115	179	0.984454
115	180	0.979416
116	42	1.29682
116	86	2.06048
116	109	0.94137
116	114	1.039
116	126	1.01212
116	131	0.763022
116	137	0.887583
116	140	0.899691
116	146	0.958271
116	147	0.882613
116	151	0.944148
116	156	0.925747
116	162	0.89388
116	164	0.971966
116	165	0.881597
116	166	0.852083
116	167	0.928399
116	169	0.889387
116	172	0.882112
116	174	0.898826
116	177	0.841583
116	178	0.894607
116	179	0.878053
116	180	0.873015
117	12	1.4944
117	84	0.855874
117	85	0.558925
117	100	0.676653
117	107	1.21415
117	108	1.04993
117	114	1.118
117	120	1.09065
117	135	1.0003
117	136	1.04276
117	138	1.00238
117	148	1.0623
117	151	1.02315
117	152	1.04463
117	153	0.986779
117	157	1.08688
117	159	1.02385
117	162	0.97288
117	171	0.952439
117	176	0.956701
117	177	0.920583
117	178	0.973608
117	179	0.957053
117	180	0.952016
118	18	1.17355
118	55	1.44245
118	78	0.993197
118	93	0.962787
118	102	2.184
118	127	0.868369
118	132	0.939509
118	135	0.917088
118	150	0.984533
118	155	0.90048
118	160	0.936478
118	161	0.920413
118	163	0.969104
118	164	0.967757
118	165	0.877389
118	168	0.947792
118	171	0.86923
118	172	0.877904
118	173	0.903895
118	176	0.873492
118	177	0.837374
118	178	0.890398
118	179	0.873844
118	180	0.868807
119	5	1.09933
119	18	0.996355
119	19	1.00723
119	57	1.02694
119	84	0.999729
119	91	1.16211
119	92	0.992263
119	97	1.05363
119	99	1.02824
119	100	1.029
119	101	1.00681
119	102	1.02504
119	103	1.0147
119	104	1.01884
119	105	1.01338
119	107	1.01458
119	110	1.00395
119	112	0.331314
119	115	0.221731
119	127	2.62046
119	130	0.99955
119	143	0.947281
119	149	0.906247
119	154	1.01714
120	41	0.88301
120	56	1.22201
120	83	0.61986
120	88	1.02313
120	93	1.04451
120	102	1.25198
120	108	1.04845
120	117	1.09065
120	127	0.950091
120	139	1.00881
120	140	0.977205
120	145	0.959903
120	150	1.06625
120	156	1.00326
120	160	1.0182
120	163	1.05083
120	164	1.04948
120	165	0.959111
120	168	1.02951
120	172	0.959626
120	174	0.97634
120	177	0.919097
120	178	0.972121
120	179	0.955566
120	180	0.950529
121	31	2.11936
121	38	0.925806
121	60	2.68064
121	106	0.878518
121	123	0.900665
121	139	0.90352
121	140	0.871918
121	144	0.921793
121	149	0.821288
121	155	0.876916
121	158	0.858844
121	159	0.91708
121	162	0.866107
121	166	0.82431
121	167	0.900626
121	170	0.887367
121	171	0.845666
121	172	0.85434
121	173	0.880331
121	174	0.871054
121	175	0.862175
121	177	0.81381
121	179	0.85028
121	180	0.845243
122	15	1.00964
122	91	0.992995
122	100	1.42343
122	102	1.56868
122	108	0.996922
122	112	1.01386
122	126	1.03811
122	128	0.596156
122	131	0.580507
122	141	0.921802
122	144	0.975556
122	156	0.951737
122	158	0.912606
122	159	0.970843
122	163	0.999303
122	165	0.907588
122	168	0.977991
122	171	0.899428
122	173	0.934094
122	174	0.924816
122	175	0.915938
122	176	0.903691
122	178	0.920597
122	179	0.904043
122	180	0.899005
123	51	2.18899
123	63	1.28752
123	69	0.868582
123	96	1.52348
123	98	0.993332
123	106	0.900596
123	109	0.935676
123	121	0.900665
123	129	0.94324
123	137	0.881889
123	138	0.917687
123	141	0.890117
123	148	0.977602
123	149	0.843367
123	152	0.959934
123	160	0.934992
123	164	0.966271
123	170	0.909445
123	172	0.876418
123	173	0.90241
123	175	0.884253
123	176	0.872006
123	178	0.888913
123	179	0.872358
123	180	0.867321
124	3	1.06839
124	4	1.07645
124	8	0.947363
124	12	0.955458
124	30	0.929423
124	35	1.0423
124	36	1.07479
124	37	0.997486
124	38	1.02084
124	39	0.904302
124	41	1.0081
124	47	1.00759
124	48	1.02349
124	50	1.03271
124	51	0.977052
124	53	0.977311
124	58	0.977659
124	71	1.06799
124	94	0.996788
124	131	1.01746
124	137	0.914529
124	156	1.44281
124	157	0.704463
124	163	1.13673
124	180	2.85589
125	3	1.25472
125	36	1.51293
125	38	0.98895
125	77	0.764137
125	96	1.46821
125	108	1.0063
125	127	0.907949
125	133	1.0577
125	135	0.956668
125	146	0.993642
125	159	0.980224
125	161	0.959993
125	164	1.00734
125	165	0.916969
125	168	0.987372
125	170	0.95051
125	171	0.90881
125	172	0.917484
125	173	0.943475
125	174	0.934198
125	175	0.925319
125	177	0.876954
125	178	0.929978
125	179	0.913424
125	180	0.908387
126	4	0.632434
126	10	0.819345
126	26	1.34287
126	28	0.849922
126	116	1.01212
126	122	1.03811
126	130	1.03417
126	136	1.04175
126	138	1.00137
126	141	0.973802
126	142	1.06884
126	149	0.927051
126	155	0.982679
126	156	1.00374
126	161	1.00261
126	163	1.0513
126	168	1.02999
126	169	0.967377
126	172	0.960102
126	173	0.986094
126	174	0.976816
126	176	0.955691
126	177	0.919573
126	178	0.972597
126	179	0.956043
126	180	0.951005
127	1	2.57954
127	69	0.812722
127	112	0.926312
127	114	0.977446
127	118	0.868369
127	119	2.62046
127	120	0.950091
127	125	0.907949
127	137	0.826029
127	142	0.929295
127	146	0.896717
127	147	0.821059
127	157	0.946324
127	160	0.879133
127	161	0.863068
127	162	0.832326
127	163	0.911758
127	170	0.853585
127	171	0.811884
127	173	0.84655
127	174	0.837272
127	175	0.828394
127	177	0.780029
127	178	0.833053
127	179	0.816499
127	180	0.811461
128	14	1.06336
128	16	1.06656
128	17	0.951035
128	22	0.943759
128	24	0.937212
128	25	1.03762
128	26	1.03145
128	27	1.02524
128	40	0.99234
128	55	0.991952
128	59	0.976231
128	65	0.973258
128	67	0.973011
128	73	1.04013
128	74	0.955328
128	75	0.95566
128	77	1.03104
128	81	1.03719
128	122	0.596156
128	134	0.90293
128	140	1.43829
128	150	1.00795
128	167	1.18296
128	169	0.9086
128	176	1.54344
128	177	4.59386
129	20	1.77016
129	70	0.9655
129	71	1.04561
129	78	1.01221
129	95	1.41872
129	101	0.977794
129	112	1.00267
129	123	0.94324
129	133	1.03714
129	141	0.910614
129	151	0.958951
129	155	0.919492
129	157	1.02268
129	161	0.939425
129	163	0.988115
129	164	0.986769
129	167	0.943202
129	168	0.966803
129	172	0.896915
129	174	0.913629
129	175	0.90475
129	176	0.892504
129	177	0.856386
129	178	0.90941
129	179	0.892856
129	180	0.887818
130	14	1.05238
130	16	1.05558
130	17	0.940054
130	21	0.928158
130	27	1.01426
130	28	1.02964
130	40	0.981359
130	59	0.965251
130	77	1.02006
130	92	0.94331
130	99	0.979288
130	100	0.980052
130	102	0.976091
130	103	0.965744
130	104	0.969887
130	105	0.964428
130	106	2.49623
130	107	0.965625
130	110	0.954994
130	119	0.99955
130	126	1.03417
130	134	0.89195
130	142	1.1735
130	144	1.24946
130	149	0.857294
130	150	0.996974
130	152	1.33489
130	154	0.968189
131	4	1.10589
131	8	0.976801
131	11	0.996336
131	32	0.965232
131	36	1.10423
131	37	1.02692
131	39	0.93374
131	44	0.950383
131	50	1.06214
131	51	1.00649
131	53	1.00675
131	58	1.0071
131	61	1.00892
131	62	1.01341
131	63	1.01406
131	66	0.993134
131	68	1.10484
131	70	1.1417
131	72	0.99626
131	111	1.05522
131	116	0.763022
131	122	0.580507
131	124	1.01746
131	149	3.55403
131	163	0.786032
131	166	0.908467
131	169	1.26439
131	170	1.07048
132	8	1.00857
132	55	1.81462
132	90	1.68274
132	103	1.29407
132	115	1.05012
132	118	0.939509
132	136	0.973344
132	138	0.932968
132	144	0.959152
132	145	0.891976
132	147	0.892199
132	149	0.858647
132	152	0.975215
132	157	1.01746
132	159	0.954439
132	161	0.934208
132	162	0.903466
132	163	0.982898
132	164	0.981552
132	165	0.891183
132	166	0.861669
132	168	0.961587
132	169	0.898973
132	174	0.908412
132	176	0.887287
132	177	0.851169
132	178	0.904193
132	179	0.887639
132	180	0.882601
133	5	0.6644
133	26	0.978662
133	43	1.12559
133	60	0.806627
133	64	1.19523
133	89	1.02948
133	114	1.1272
133	125	1.0577
133	129	1.03714
133	138	1.01158
133	139	1.01949
133	145	0.97059
133	155	0.992889
133	156	1.01395
133	157	1.09608
133	159	1.03305
133	163	1.06151
133	164	1.06017
133	166	0.940283
133	169	0.977587
133	171	0.961639
133	172	0.970313
133	173	0.996305
133	174	0.987027
133	175	0.978148
133	176	0.965901
133	178	0.982808
133	179	0.966253
133	180	0.961216
134	14	0.993734
134	15	0.93324
134	17	0.881407
134	21	0.869511
134	22	0.874132
134	27	0.955615
134	28	0.970997
134	40	0.922713
134	49	2.27466
134	59	0.906604
134	74	1.18323
134	77	0.961411
134	91	0.916591
134	110	2.34211
134	128	0.90293
134	130	0.89195
134	135	0.870882
134	142	0.940435
134	150	0.938327
134	155	0.854275
134	156	0.875332
134	159	0.894439
134	160	0.890272
134	165	0.831183
134	171	0.823024
134	174	0.848412
134	177	0.791168
134	179	0.827638
134	180	0.822601
135	6	1.11505
135	68	1.91303
135	95	2.57193
135	113	0.869972
135	117	1.0003
135	118	0.917088
135	125	0.956668
135	134	0.870882
135	138	0.910546
135	141	0.882976
135	143	0.877261
135	146	0.945435
135	148	0.970461
135	149	0.836226
135	156	0.912911
135	159	0.932018
135	160	0.927851
135	161	0.911787
135	165	0.868762
135	166	0.839247
135	171	0.860603
135	172	0.869277
135	173	0.895269
135	175	0.877112
135	177	0.828747
135	178	0.881772
135	179	0.865217
135	180	0.86018
136	7	1.11701
136	36	0.868298
136	59	0.995625
136	64	1.59241
136	89	1.42666
136	93	0.996623
136	109	0.970997
136	117	1.04276
136	126	1.04175
136	132	0.973344
136	139	0.960919
136	142	1.02048
136	144	0.979193
136	146	0.987897
136	147	0.912239
136	151	0.973774
136	152	0.995255
136	153	0.937405
136	157	1.0375
136	161	0.954249
136	162	0.923507
136	165	0.911224
136	168	0.981627
136	170	0.944766
136	174	0.928453
136	176	0.907328
136	177	0.871209
136	178	0.924234
136	179	0.907679
136	180	0.902642
137	3	0.99489
137	12	0.881963
137	21	2.22897
137	23	0.832482
137	30	0.855928
137	35	0.968805
137	41	0.934602
137	47	0.934096
137	48	0.949993
137	57	0.92321
137	71	0.994492
137	78	0.950857
137	83	1.72118
137	94	0.923293
137	110	2.24985
137	116	0.887583
137	123	0.881889
137	124	0.914529
137	127	0.826029
137	139	0.884744
137	145	0.835841
137	149	0.802513
137	162	0.847331
137	168	0.905452
137	170	0.868591
137	172	0.835564
137	173	0.861556
137	176	0.831152
137	177	0.795034
137	179	0.831504
137	180	0.826467
138	7	1.77414
138	19	1.63833
138	48	1.54278
138	63	1.24475
138	69	0.863526
138	97	0.985696
138	117	1.00238
138	123	0.917687
138	126	1.00137
138	132	0.932968
138	133	1.01158
138	135	0.910546
138	140	0.888941
138	141	0.885061
138	142	0.980099
138	143	0.879346
138	144	0.938816
138	157	0.997128
138	159	0.934103
138	160	0.929936
138	162	0.88313
138	163	0.962562
138	167	0.917649
138	171	0.862688
138	173	0.897354
138	174	0.888076
138	175	0.879197
138	176	0.866951
138	177	0.830833
138	179	0.867302
138	180	0.862265
139	69	0.871437
139	70	1.66595
139	77	1.05343
139	90	1.27622
139	98	0.996187
139	100	2.00441
139	115	1.03769
139	120	1.00881
139	121	0.90352
139	133	1.01949
139	136	0.960919
139	137	0.884744
139	141	0.892972
139	142	0.98801
139	145	0.87955
139	147	0.879773
139	151	0.941309
139	155	0.90185
139	161	0.921783
139	162	0.891041
139	163	0.970473
139	164	0.969127
139	166	0.849243
139	168	0.949161
139	174	0.895987
139	175	0.887108
139	176	0.874862
139	177	0.838744
139	178	0.891768
139	180	0.870176
140	4	2.48945
140	29	2.27226
140	91	0.932564
140	106	0.87185
140	109	0.90693
140	112	0.953426
140	116	0.899691
140	120	0.977205
140	121	0.871918
140	128	1.43829
140	138	0.888941
140	142	0.956409
140	145	0.847949
140	146	0.92383
140	147	0.848172
140	155	0.870248
140	160	0.906246
140	162	0.859439
140	164	0.937525
140	165	0.847157
140	167	0.893958
140	168	0.91756
140	169	0.854946
140	170	0.880699
140	172	0.847672
140	173	0.873663
140	176	0.84326
140	177	0.807142
140	178	0.860166
140	179	0.843612
140	180	0.838575
141	2	0.968192
141	27	1.97419
141	70	1.75406
141	84	2.27175
141	108	0.932612
141	122	0.921802
141	123	0.890117
141	126	0.973802
141	129	0.910614
141	135	0.882976
141	138	0.885061
141	139	0.892972
141	144	0.911246
141	145	0.844069
141	148	0.944977
141	162	0.85556
141	163	0.934992
141	164	0.933646
141	167	0.890079
141	168	0.913681
141	170	0.876819
141	171	0.835118
141	172	0.843792
141	173	0.869784
141	174	0.860506
141	175	0.851628
141	177	0.803263
141	178	0.856287
141	179	0.839733
141	180	0.834695
142	12	1.99461
142	25	0.865817
142	38	1.0103
142	53	0.797861
142	79	0.932412
142	85	0.8358
142	91	1.02372
142	98	1.05574
142	126	1.06884
142	127	0.929295
142	130	1.1735
142	134	0.940435
142	136	1.02048
142	138	0.980099
142	139	0.98801
142	140	0.956409
142	152	1.02235
142	155	0.961407
142	160	0.997404
142	161	0.98134
142	163	1.03003
142	165	0.938315
142	167	0.985117
142	168	1.00872
142	169	0.946104
142	170	0.971857
142	172	0.93883
142	175	0.946665
142	176	0.934419
142	177	0.8983
142	178	0.951325
142	179	0.93477
142	180	0.929733
143	18	0.895134
143	47	2.08253
143	52	2.35844
143	84	0.898508
143	85	1.95902
143	92	0.891042
143	99	0.92702
143	100	0.927783
143	102	0.923823
143	103	0.913476
143	104	0.917619
143	105	0.91216
143	107	0.913356
143	110	0.902726
143	119	0.947281
143	135	0.877261
143	138	0.879346
143	154	0.915921
143	156	0.881711
143	161	0.880586
143	162	0.849844
143	164	0.92793
143	165	0.837562
143	169	0.845351
143	170	0.871103
143	171	0.829402
143	172	0.838076
143	175	0.845912
143	176	0.833665
143	177	0.797547
143	179	0.834017
143	180	0.828979
144	20	1.71902
144	49	1.22717
144	69	0.889711
