1	46	0.886912
1	78	0.925047
1	84	0.886295
1	94	0.940841
1	96	1.23592
1	99	0.864799
1	100	0.89778
1	151	1.15277
1	155	0.857337
1	164	1.19983
1	171	1.21708
1	173	0.940987
2	10	0.935744
2	48	0.957164
2	49	0.918068
2	73	1.03864
2	139	0.94353
2	156	1.03686
2	171	1.02452
2	175	1.03616
2	176	1.02716
2	177	1.02736
2	178	1.02193
2	179	1.026
3	11	1.02425
3	41	1.01997
3	42	1.19568
3	86	1.01228
3	121	0.978872
3	122	0.972463
3	151	0.898312
3	153	1.00294
3	155	0.966853
3	162	0.968599
3	163	0.988718
3	166	0.978032
4	22	1.01837
4	28	1.01601
4	55	0.879107
4	58	1.06722
4	66	1.01445
4	80	1.03729
4	91	1.00154
4	139	1.04512
4	161	0.965621
4	166	1.07655
4	177	0.964416
4	180	0.918515
5	7	1.05359
5	13	1.05838
5	29	0.893282
5	82	1.03781
5	136	0.937254
5	148	0.947719
5	150	0.922327
5	157	1.06579
5	160	0.931011
5	164	1.03717
5	174	1.04896
5	180	1.07081
6	106	1.03178
6	128	1.03086
6	133	0.994546
6	138	1.05688
6	145	1.01219
6	146	1.05458
6	157	1.00683
6	159	1.04319
6	165	0.982564
6	173	0.887124
6	175	0.942448
6	178	0.961333
7	5	1.05359
7	70	0.946356
7	81	0.967974
7	82	1.02174
7	115	1.00716
7	117	1.0088
7	148	0.991478
7	154	0.945469
7	164	1.02109
7	174	1.03289
7	179	0.955572
7	180	1.05474
8	29	0.907194
8	39	0.98381
8	44	1.0586
8	82	1.05172
8	122	0.946958
8	152	0.970055
8	159	1.02074
8	164	1.05108
8	172	0.933919
8	174	1.06287
8	177	0.932671
8	180	1.08472
9	25	1.0004
9	69	1.05315
9	103	1.01377
9	116	1.02378
9	120	1.02389
9	131	1.05716
9	144	0.911871
9	145	1.06674
9	164	0.913187
9	169	0.981053
9	172	1.02785
9	176	0.931466
10	2	0.935744
10	37	0.94585
10	49	1.02085
10	53	1.09585
10	72	0.912216
10	73	0.955097
10	77	0.99225
10	87	1.11225
10	169	1.02361
10	173	1.07785
10	174	0.959955
10	176	0.974024
11	3	1.02425
11	14	1.02425
11	41	1.05425
11	85	1.00467
11	86	1.04656
11	88	0.983351
11	148	0.949322
11	153	1.03723
11	155	1.00114
11	163	0.939653
11	166	1.01232
11	178	0.929829
12	28	1.00446
12	36	1.08767
12	58	1.05567
12	66	1.0029
12	80	1.02574
12	91	0.98999
12	139	1.03357
12	154	0.96566
12	163	1.002
12	170	0.995681
12	173	0.917967
12	180	0.925558
13	5	1.05838
13	39	0.958612
13	44	1.03341
13	70	0.938933
13	82	1.02652
13	155	0.980443
13	163	0.974385
13	164	1.02588
13	170	0.968066
13	172	0.945091
13	174	1.03767
13	180	1.05952
14	11	1.02425
14	41	1.01997
14	42	1.19568
14	86	1.01228
14	111	1.04535
14	153	1.00294
14	155	0.966853
14	163	0.960886
14	164	0.91754
14	166	0.978032
14	175	0.932177
14	178	0.951061
15	118	1.02645
15	133	0.995716
15	136	0.986631
15	142	1.0507
15	147	1.02869
15	153	1.04608
15	157	1.008
15	159	1.04436
15	160	0.980389
15	173	0.903395
15	175	0.958719
15	178	0.977604
16	40	0.95184
16	68	1.07239
16	70	0.93735
16	71	1.07286
16	128	1.03265
16	136	0.972005
16	137	1.00877
16	140	1.03104
16	141	1.03045
16	169	0.997323
16	170	0.966483
16	174	0.933667
17	110	1.03476
17	119	1.04785
17	128	1.02823
17	132	1.03212
17	137	1.00436
17	140	1.02663
17	141	1.02604
17	152	0.993047
17	156	0.952342
17	161	0.956869
17	174	0.947071
17	175	0.957497
18	66	1.01546
18	73	0.971532
18	80	1.0383
18	86	1.05606
18	91	1.00255
18	121	0.984431
18	166	1.02182
18	168	0.961476
18	170	0.987958
18	173	1.09429
18	174	0.955142
18	180	0.917835
19	114	1.10211
19	130	1.13792
19	138	1.13484
19	145	1.09015
19	152	0.886902
19	157	1.08479
19	159	1.12115
19	161	0.850723
19	165	0.891467
19	174	1.12903
19	176	0.854994
19	178	0.870236
19	179	0.853823
20	76	0.948318
20	99	0.995775
20	102	0.935064
20	108	1.02034
20	130	0.950354
20	149	0.9389
20	173	1.07196
20	174	1.03057
20	177	1.01868
20	178	1.01326
20	179	1.01733
20	180	1.05242
21	76	1.02084
21	105	1.05376
21	110	0.973635
21	119	0.986729
21	128	0.967111
21	132	0.970994
21	137	0.943241
21	140	0.965509
21	142	1.13745
21	151	0.985142
21	164	0.971942
21	173	0.991515
21	174	1.03641
22	4	1.01837
22	38	0.913392
22	47	0.988392
22	58	1.01006
22	66	0.957297
22	70	1.04948
22	80	0.980135
22	91	0.944386
22	139	0.987969
22	156	1.05107
22	168	1.05213
22	174	1.0458
22	180	1.00849
23	31	1.07831
23	95	0.984823
23	102	1.00377
23	138	0.989113
23	145	0.944419
23	147	0.959754
23	157	0.939062
23	159	0.975426
23	168	1.04356
23	171	1.05026
23	174	0.983305
23	179	1.05012
23	180	1.00515
24	114	0.964409
24	130	1.00022
24	142	0.989783
24	145	0.952442
24	146	0.994838
24	147	0.967777
24	151	0.980308
24	157	0.947085
24	159	0.983449
24	165	1.08212
24	172	1.04142
24	175	1.042
24	178	1.06089
25	9	1.0004
25	75	0.940731
25	104	0.978959
25	129	0.951538
25	131	1.00801
25	139	0.982986
25	156	1.03735
25	160	1.06417
25	164	1.02787
25	165	1.08262
25	166	0.958674
25	172	0.978701
25	180	0.994769
26	30	0.94585
26	37	0.896442
26	49	0.971442
26	53	1.04644
26	73	0.90569
26	77	0.942843
26	87	1.06284
26	146	1.08656
26	162	1.0292
26	164	1.00598
26	170	1.043
26	173	1.02845
26	178	1.0395
27	59	0.969984
27	78	0.998894
27	84	0.960142
27	94	1.01469
27	99	0.938646
27	100	0.971627
27	152	1.07194
27	155	0.931184
27	163	1.0651
27	173	1.01483
27	174	1.02596
27	178	1.05527
27	180	0.988653
28	4	1.01601
28	12	1.00446
28	38	0.911036
28	47	0.986036
28	58	1.00771
28	66	0.954942
28	80	0.977779
28	91	0.94203
28	95	0.988306
28	162	1.05972
28	172	1.05054
28	176	1.05477
28	179	1.0536
29	5	0.893282
29	8	0.907194
29	39	0.793515
29	44	0.86831
29	82	0.861426
29	95	1.27086
29	117	0.848485
29	151	1.27199
29	161	1.33306
29	164	0.860782
29	168	1.32959
29	174	0.872578
29	180	0.894428
30	26	0.94585
30	37	0.896442
30	49	0.971442
30	53	1.04644
30	73	0.90569
30	77	0.942843
30	87	1.06284
30	121	1.05578
30	144	1.02097
30	160	1.05859
30	172	1.03633
30	173	1.02845
30	177	1.03509
31	23	1.07831
31	52	0.936177
31	74	1.1203
31	93	0.989379
31	157	1.07056
31	158	0.942246
31	163	0.967381
31	170	0.9789
31	171	0.981423
31	176	0.984062
31	177	0.984255
31	178	0.978833
31	179	0.9829
32	43	1.1419
32	67	1.08103
32	71	1.01249
32	98	1.02811
32	119	0.9919
32	128	0.972282
32	132	0.976165
32	137	0.948412
32	140	0.97068
32	141	0.970087
32	154	0.979466
32	167	0.957979
32	174	0.97667
33	49	1.05377
33	58	1.04503
33	86	0.988651
33	87	0.968146
33	102	1.05377
33	126	1.01012
33	128	1.07293
33	134	0.984353
33	155	0.943227
33	166	0.954406
33	176	0.973403
33	177	0.973596
33	179	0.972242
34	64	0.963502
34	90	0.904502
34	116	0.926979
34	117	1.13969
34	120	0.927083
34	126	0.966737
34	129	0.903885
34	131	0.960359
34	153	0.935931
34	161	1.11924
34	165	1.15999
34	166	0.911021
34	168	1.11578
34	180	1.07214
35	48	1.01915
35	59	1.04313
35	78	1.07204
35	84	1.03329
35	94	1.08784
35	99	1.01179
35	100	1.04478
35	150	0.954705
35	172	0.941134
35	173	1.08798
35	174	0.931293
35	175	0.94172
35	176	0.945362
35	180	0.893986
36	12	1.08767
36	38	0.994244
36	47	1.06924
36	66	1.03815
36	80	1.06099
36	83	1.05565
36	91	1.02524
36	139	1.06882
36	144	0.934583
36	151	0.888838
36	152	0.986086
36	156	0.94538
36	175	0.950535
36	180	0.902802
37	10	0.94585
37	26	0.896442
37	30	0.896442
37	49	0.922035
37	53	0.997035
37	73	0.856283
37	77	0.893436
37	87	1.01344
37	148	1.13628
37	167	1.22429
37	172	1.09731
37	173	0.97904
37	177	1.09606
37	180	1.05016
38	22	0.913392
38	28	0.911036
38	36	0.994244
38	47	0.940573
38	58	0.962244
38	66	0.909478
38	80	0.932316
38	91	0.896567
38	139	0.94015
38	155	1.14298
38	158	1.18744
38	172	1.10763
38	175	1.10821
38	180	1.06048
39	8	0.98381
39	13	0.958612
39	29	0.793515
39	44	0.944926
39	82	0.938041
39	115	0.923462
39	127	1.1359
39	164	0.937398
39	169	1.15654
39	171	1.10592
39	172	1.10273
39	174	0.949193
39	179	1.10578
39	180	0.971043
40	16	0.95184
40	51	0.996372
40	61	0.943929
40	76	0.967926
40	122	1.12768
40	124	1.15007
40	132	0.918081
40	137	0.890328
40	141	0.912003
40	163	1.14394
40	166	0.899747
40	171	1.11784
40	172	0.919775
40	180	1.0675
41	3	1.01997
41	11	1.05425
41	14	1.01997
41	42	1.22568
41	86	1.04228
41	95	0.886721
41	125	0.942102
41	151	0.887849
41	153	1.03295
41	155	0.996859
41	160	0.971215
41	166	1.00804
41	178	0.968431
41	179	0.952018
42	3	1.19568
42	14	1.19568
42	41	1.22568
42	86	1.21799
42	125	0.796568
42	153	1.20866
42	155	1.17257
42	164	0.789375
42	166	1.18375
42	169	0.857242
42	171	0.806621
42	172	0.803426
42	173	0.748688
42	176	0.807654
43	32	1.1419
43	54	0.913079
43	57	1.02893
43	73	1.22807
43	78	1.08072
43	112	0.903623
43	119	1.11491
43	120	0.940387
43	149	0.960652
43	157	0.91116
43	159	0.947523
43	176	0.943322
43	178	0.938094
43	179	0.942161
44	8	1.0586
44	13	1.03341
44	29	0.86831
44	39	0.944926
44	82	1.01284
44	96	1.00676
44	117	0.999896
44	150	0.998295
44	152	1.02086
44	158	1.06453
44	164	1.01219
44	173	0.929985
44	174	1.02399
44	179	0.987782
44	180	1.04584
45	114	1.02091
45	120	1.00202
45	138	0.981561
45	142	0.997749
45	146	0.973083
45	166	1.01743
45	168	0.988793
45	169	0.980827
45	170	0.991877
45	173	1.05051
45	175	1.00603
45	176	0.997038
45	177	0.997231
45	178	0.99181
45	179	0.995877
46	1	0.886912
46	48	0.988133
46	78	1.04103
46	84	1.00228
46	94	1.05682
46	99	0.98078
46	100	1.01376
46	125	0.978907
46	155	0.973318
46	160	1.00802
46	162	0.99494
46	163	1.01506
46	164	0.971714
46	169	1.03958
46	173	1.05697
47	22	0.988392
47	28	0.986036
47	36	1.06924
47	38	0.940573
47	58	1.03724
47	66	0.984478
47	80	1.00732
47	91	0.971567
47	92	1.08562
47	107	0.855702
47	139	1.01515
47	149	1.07157
47	164	0.983842
47	170	1.02087
47	174	0.988052
48	2	0.957164
48	35	1.01915
48	46	0.988133
48	59	0.997357
48	84	0.987516
48	92	1.07895
48	94	1.04206
48	99	0.96602
48	100	0.999001
48	117	1.01162
48	155	0.958558
48	156	0.986645
48	172	0.991215
48	173	1.04221
48	174	0.981374
49	2	0.918068
49	10	1.02085
49	26	0.971442
49	30	0.971442
49	33	1.05377
49	37	0.922035
49	53	1.07204
49	73	0.931283
49	77	0.968436
49	87	1.08844
49	92	1.03985
49	147	1.07762
49	162	0.961295
49	172	0.95212
49	173	1.05404
50	57	1.06584
50	71	1.03102
50	117	1.0255
50	125	0.998237
50	128	0.990808
50	132	0.99469
50	135	0.985544
50	137	0.966937
50	140	0.989205
50	141	0.988612
50	155	1.04045
50	167	0.976504
50	171	1.00829
50	172	0.996384
50	173	0.950357
51	40	0.996372
51	67	0.974412
51	119	1.09679
51	125	0.873033
51	128	1.07718
51	132	1.08106
51	137	1.05331
51	140	1.07557
51	141	1.07498
51	148	0.918855
51	152	0.916027
51	155	0.915244
51	163	0.909186
51	164	1.08201
51	166	1.06273
51	170	0.902866
52	31	0.936177
52	86	1.08513
52	137	1.04147
52	140	1.06373
52	141	1.06314
52	143	0.92649
52	144	0.889563
52	155	1.03971
52	160	0.927185
52	162	0.914105
52	164	1.07017
52	166	1.05088
52	174	1.08196
52	175	0.905515
52	176	0.909158
52	180	1.10381
53	10	1.09585
53	26	1.04644
53	30	1.04644
53	37	0.997035
53	49	1.07204
53	67	0.953211
53	73	1.00628
53	77	1.04344
53	87	1.16344
53	92	0.94642
53	111	0.97245
53	158	0.9385
53	173	1.12904
53	175	0.859275
53	178	0.87816
53	179	0.861747
54	43	0.913079
54	75	0.936912
54	90	0.948336
54	108	0.941067
54	112	0.934153
54	126	1.01057
54	129	0.947719
54	131	1.00419
54	134	0.984802
54	139	0.979167
54	143	1.0882
54	164	1.05259
54	165	1.10734
54	176	1.07086
54	179	1.06969
54	180	1.01949
55	4	0.879107
55	86	0.856546
55	91	0.971105
55	99	1.04069
55	100	1.07367
55	106	0.898704
55	110	1.06538
55	118	0.915099
55	129	0.98381
55	132	1.06274
55	141	1.05666
55	153	0.887123
55	173	1.11687
55	177	1.06359
55	178	1.05817
55	179	1.06224
56	84	0.90762
56	90	0.963252
56	113	0.919198
56	128	0.869819
56	129	0.968911
56	134	0.889088
56	150	1.06692
56	153	0.872224
56	163	1.05554
56	165	1.04967
56	168	1.06397
56	175	1.08121
56	176	1.07222
56	177	1.07241
56	178	1.06699
56	179	1.07106
57	43	1.02893
57	50	1.06584
57	110	1.07656
57	128	1.07004
57	132	1.07392
57	137	1.04617
57	140	1.06843
57	141	1.06784
57	148	0.912505
57	158	0.953352
57	161	0.8735
57	166	1.05559
57	168	0.870036
57	171	0.876737
57	172	1.07561
57	178	0.893012
58	4	1.06722
58	12	1.05567
58	22	1.01006
58	28	1.00771
58	33	1.04503
58	38	0.962244
58	47	1.03724
58	66	1.00615
58	83	1.02365
58	85	1.03769
58	91	0.993238
58	139	1.03682
58	156	0.938811
58	161	0.943339
58	170	0.966356
58	172	0.943381
58	174	0.93354
59	27	0.969984
59	35	1.04313
59	48	0.997357
59	78	1.05025
59	84	1.0115
59	92	1.06327
59	94	1.06605
59	99	0.990005
59	100	1.02299
59	151	0.91443
59	155	0.982543
59	168	0.972035
59	172	0.975542
59	173	1.06619
59	175	0.976127
59	176	0.979769
59	180	0.928394
60	102	0.954737
60	109	0.898838
60	123	0.909951
60	130	0.943164
60	142	0.932729
60	144	1.1272
60	146	0.937784
60	147	0.910723
60	149	0.939523
60	151	1.08145
60	154	1.13552
60	157	0.890031
60	159	0.926395
60	162	1.15174
60	170	1.16554
60	176	1.14679
60	180	0.956124
61	40	0.943929
61	71	1.06495
61	85	1.01951
61	110	1.03126
61	115	1.01563
61	119	1.04435
61	128	1.02473
61	132	1.02862
61	137	1.00086
61	140	1.02313
61	141	1.02254
61	145	1.0647
61	150	0.938769
61	161	0.925156
61	165	0.9659
61	170	0.948173
61	178	0.944669
62	92	1.05548
62	114	1.0068
62	130	1.04261
62	133	0.977193
62	135	0.948197
62	138	1.03953
62	142	1.03218
62	146	1.03723
62	147	1.01017
62	149	1.03897
62	156	0.96318
62	157	0.989478
62	159	1.02584
62	160	0.990004
62	161	0.967707
62	173	0.913011
62	176	0.971977
63	71	0.899798
63	74	1.04906
63	83	0.968402
63	90	1.02472
63	137	0.964209
63	141	0.93096
63	150	1.01754
63	154	1.0329
63	165	1.00029
63	166	0.953173
63	168	1.01459
63	170	1.01768
63	175	1.03183
63	176	1.02284
63	177	1.02303
63	178	1.01761
63	179	1.02168
64	34	0.963502
64	90	1.01206
64	98	1.02405
64	103	1.02452
64	104	1.03887
64	108	1.0048
64	120	1.03464
64	129	1.01145
64	134	1.04853
64	139	1.0429
64	167	1.01873
64	168	0.978938
64	171	0.985639
64	173	0.927706
64	174	0.972604
64	179	0.985502
64	180	0.935297
65	67	0.960417
65	69	1.10874
65	89	1.04773
65	92	0.953626
65	103	1.06935
65	108	1.04963
65	111	0.979656
65	120	1.07948
65	124	0.90132
65	126	1.11913
65	129	1.05628
65	131	1.11275
65	134	1.09336
65	167	1.06356
65	169	0.919711
65	173	0.811157
65	175	0.866481
65	180	0.818748
66	4	1.01445
66	12	1.0029
66	18	1.01546
66	22	0.957297
66	28	0.954942
66	36	1.03815
66	38	0.909478
66	47	0.984478
66	58	1.00615
66	80	0.976221
66	91	0.940472
66	121	1.03545
66	149	1.08967
66	155	1.05135
66	170	1.03897
66	174	1.00616
66	175	1.01658
66	180	0.968849
67	32	1.08103
67	51	0.974412
67	53	0.953211
67	65	0.960417
67	114	1.09117
67	115	1.09258
67	146	1.04334
67	152	0.979626
67	160	0.977178
67	168	0.977605
67	169	0.969639
67	170	0.980689
67	171	0.983212
67	175	0.994846
67	176	0.98585
67	177	0.986043
67	178	0.980622
67	179	0.984689
68	16	1.07239
68	85	1.02856
68	98	0.975849
68	110	1.04127
68	117	0.954649
68	119	1.05437
68	128	1.03475
68	137	1.01088
68	140	1.03315
68	141	1.03255
68	154	0.927201
68	164	1.03958
68	165	0.974949
68	166	1.0203
68	167	1.02044
68	172	1.04032
68	174	0.924406
68	176	0.938475
68	180	0.887099
69	9	1.05315
69	65	1.10874
69	79	1.03303
69	88	1.0003
69	90	1.0049
69	96	0.949341
69	108	0.997635
69	120	1.02749
69	126	1.06714
69	129	1.00429
69	131	1.06076
69	136	0.955804
69	138	1.00232
69	148	0.96627
69	166	1.01142
69	172	1.03145
69	175	0.927892
69	177	0.926059
69	180	0.880159
70	7	0.946356
70	13	0.938933
70	16	0.93735
70	22	1.04948
70	87	0.860335
70	131	0.944872
70	135	1.04753
70	149	0.949797
70	151	1.05771
70	153	0.967522
70	160	1.02206
70	161	1.04339
70	165	1.00818
70	175	1.03973
70	176	1.03073
70	177	1.03093
70	178	1.0255
70	179	1.02957
70	180	1.06466
71	16	1.07286
71	32	1.01249
71	50	1.03102
71	61	1.06495
71	63	0.899798
71	117	0.960192
71	124	0.975214
71	132	1.0391
71	137	1.01135
71	140	1.03361
71	141	1.03302
71	152	0.975925
71	163	0.969084
71	164	1.04005
71	166	1.02076
71	172	1.04079
71	174	0.929949
71	175	0.940375
71	178	0.95926
72	10	0.912216
72	78	0.867753
72	88	1.00898
72	109	0.979376
72	112	1.02354
72	123	0.991809
72	126	0.882771
72	157	0.981732
72	161	1.05543
72	165	1.02022
72	167	0.951677
72	168	1.03453
72	169	1.02656
72	170	1.03761
72	175	1.05177
72	176	1.04277
72	177	1.04297
72	178	1.03755
72	179	1.04161
73	2	1.03864
73	10	0.955097
73	18	0.971532
73	26	0.90569
73	30	0.90569
73	37	0.856283
73	43	1.22807
73	49	0.931283
73	53	1.00628
73	77	0.902684
73	87	1.02268
73	96	0.915018
73	107	1.03947
73	148	1.11165
73	164	1.05864
73	172	1.07269
73	173	0.988287
73	177	1.07144
73	180	1.02554
74	31	1.1203
74	63	1.04906
74	92	1.17678
74	107	0.946863
74	113	0.941833
74	114	0.936904
74	123	0.9395
74	130	0.972713
74	138	0.969631
74	142	0.962278
74	145	0.924937
74	146	0.967333
74	147	0.940272
74	149	0.969072
74	157	0.919581
74	159	0.955944
74	170	1.11203
74	176	1.09328
74	178	1.10852
75	25	0.940731
75	54	0.936912
75	89	0.932474
75	97	0.960027
75	104	0.968443
75	108	0.93437
75	111	1.17513
75	112	0.927456
75	116	0.964116
75	117	1.08177
75	129	0.941022
75	134	0.978105
75	150	1.07494
75	160	1.08363
75	166	0.948158
75	172	0.968185
75	174	1.05153
75	175	1.06196
75	178	1.08084
76	20	0.948318
76	21	1.02084
76	40	0.967926
76	107	0.823182
76	119	1.06835
76	128	1.04873
76	132	1.05261
76	137	1.02486
76	140	1.04713
76	141	1.04654
76	150	0.978944
76	155	1.00073
76	166	1.03428
76	167	1.03443
76	171	0.968567
76	172	1.05431
76	174	0.955532
76	175	0.965958
76	179	0.968431
77	10	0.99225
77	26	0.942843
77	30	0.942843
77	37	0.893436
77	49	0.968436
77	53	1.04344
77	73	0.902684
77	87	1.05984
77	96	0.952171
77	107	1.07662
77	111	1.11944
77	127	1.03886
77	152	1.04182
77	163	1.03498
77	173	1.02544
77	175	1.00627
77	176	1.00991
77	180	0.958536
78	1	0.925047
78	27	0.998894
78	35	1.07204
78	43	1.08072
78	46	1.04103
78	59	1.05025
78	72	0.867753
78	84	1.04041
78	94	1.09496
78	99	1.01891
78	100	1.0519
78	143	0.946892
78	150	0.938904
78	155	1.01145
78	161	0.92529
78	167	1.05231
78	173	1.0951
78	174	0.915492
78	180	0.878185
79	69	1.03303
79	103	0.99365
79	108	0.973921
79	112	0.967007
79	116	1.00367
79	120	1.00377
79	125	0.992355
79	126	1.04342
79	129	0.980573
79	134	1.01766
79	144	0.983846
79	160	1.02147
79	161	0.999171
79	165	1.03991
79	166	0.987709
79	167	0.987856
79	170	1.02219
79	172	1.00774
79	175	0.999798
79	180	0.952065
80	4	1.03729
80	12	1.02574
80	18	1.0383
80	22	0.980135
80	28	0.977779
80	36	1.06099
80	38	0.932316
80	47	1.00732
80	66	0.976221
80	83	0.993721
80	91	0.963309
80	127	1.01422
80	139	1.00689
80	162	0.990218
80	165	1.02174
80	169	1.03486
80	171	0.984237
80	176	0.98527
80	177	0.979795
80	178	1.00051
81	7	0.967974
81	128	0.986735
81	132	0.977344
81	137	1.01966
81	143	0.992376
81	148	0.990175
81	149	0.971414
81	153	0.98914
81	154	1.01165
81	157	1.05477
81	161	1.01425
81	167	1.02472
81	169	0.985383
81	170	0.996434
81	171	0.998957
81	175	1.01059
81	176	1.0016
81	177	1.00179
81	178	0.996367
81	179	1.00043
82	5	1.03781
82	7	1.02174
82	8	1.05172
82	13	1.02652
82	29	0.861426
82	39	0.938041
82	44	1.01284
82	83	0.997168
82	85	1.09609
82	107	0.859584
82	115	0.991373
82	150	1.01535
82	154	0.99473
82	155	1.03713
82	156	0.997206
82	164	1.00531
82	171	1.00497
82	174	1.0171
82	176	1.006
82	180	1.03895
83	36	1.05565
83	58	1.02365
83	63	0.968402
83	80	0.993721
83	82	0.997168
83	91	0.957972
83	115	0.982589
83	132	0.995576
83	137	0.967823
83	140	0.990092
83	143	1.02995
83	144	0.993026
83	152	1.04453
83	154	1.00135
83	172	0.99727
83	173	0.953654
83	174	1.00832
83	177	1.00715
83	179	1.01145
83	180	1.03017
84	1	0.886295
84	27	0.960142
84	35	1.03329
84	46	1.00228
84	48	0.987516
84	56	0.90762
84	59	1.0115
84	78	1.04041
84	94	1.05621
84	96	1.03111
84	99	0.980163
84	100	1.01314
84	151	0.947965
84	155	0.972702
84	168	1.00557
84	169	1.06289
84	170	1.03205
84	172	1.00908
84	173	1.05635
84	176	1.0133
85	11	1.00467
85	58	1.03769
85	61	1.01951
85	68	1.02856
85	82	1.09609
85	136	0.967517
85	139	1.07189
85	144	0.984368
85	149	1.05027
85	151	0.99353
85	161	0.979204
85	162	0.964179
85	166	1.08747
85	169	0.95034
85	170	0.961391
85	171	0.963914
85	175	0.975547
85	176	0.966552
85	177	0.966745
85	178	0.961324
85	179	0.965391
86	3	1.01228
86	11	1.04656
86	14	1.01228
86	18	1.05606
86	33	0.988651
86	41	1.04228
86	42	1.21799
86	52	1.08513
86	55	0.856546
86	107	1.124
86	148	0.982066
86	153	1.02526
86	155	0.989167
86	162	0.952278
86	163	0.972397
86	164	0.929052
86	166	1.00035
86	171	0.946297
86	172	0.943103
86	174	0.933262
86	180	0.895955
87	10	1.11225
87	26	1.06284
87	30	1.06284
87	33	0.968146
87	37	1.01344
87	49	1.08844
87	53	1.16344
87	70	0.860335
87	73	1.02268
87	77	1.05984
87	96	1.07217
87	107	1.19662
87	121	0.885942
87	136	0.894991
87	144	0.851126
87	148	0.905456
87	161	0.866451
87	169	0.920308
87	173	1.14544
87	174	0.856652
88	11	0.983351
88	69	1.0003
88	72	1.00898
88	113	1.09365
88	118	1.07465
88	130	1.0404
88	137	1.07719
88	147	1.08078
88	152	0.964076
88	154	0.980359
88	156	0.979999
88	158	0.928484
88	159	1.04209
88	168	0.962054
88	169	0.954088
88	171	0.967662
88	175	0.979296
88	176	0.9703
88	177	0.970493
88	178	0.965072
88	179	0.969139
89	65	1.04773
89	75	0.932474
89	90	0.943899
89	97	0.962286
89	104	0.970702
89	116	0.966376
89	117	1.06615
89	121	1.06519
89	126	1.00613
89	129	0.943281
89	134	0.980364
89	153	0.975328
89	163	1.07504
89	166	0.950417
89	167	0.950565
89	168	1.04224
89	172	0.970445
89	176	1.04997
89	178	1.06521
89	179	1.0488
89	180	0.998595
90	34	0.904502
90	54	0.948336
90	56	0.963252
90	63	1.02472
90	64	1.01206
90	69	1.0049
90	89	0.943899
90	97	0.971452
90	103	0.965524
90	112	0.938881
90	120	0.975645
90	129	0.952447
90	131	1.00892
90	134	0.989529
90	139	0.983895
90	150	1.07828
90	156	1.06014
90	163	1.094
90	174	1.05487
90	175	1.06529
90	179	1.06777
91	4	1.00154
91	12	0.98999
91	18	1.00255
91	22	0.944386
91	28	0.94203
91	36	1.02524
91	38	0.896567
91	47	0.971567
91	55	0.971105
91	58	0.993238
91	66	0.940472
91	80	0.963309
91	83	0.957972
91	136	1.08616
91	139	0.971143
91	164	1.04361
91	165	1.09836
91	176	1.06189
91	178	1.07713
91	179	1.06072
91	180	1.01051
92	47	1.08562
92	48	1.07895
92	49	1.03985
92	53	0.94642
92	59	1.06327
92	62	1.05548
92	65	0.953626
92	74	1.17678
92	136	0.970234
92	150	0.963973
92	151	0.996247
92	161	0.981921
92	165	0.946719
92	168	0.961023
92	170	0.964108
92	171	0.966631
92	175	0.978264
92	176	0.969269
92	177	0.969462
92	178	0.964041
92	179	0.968108
93	31	0.989379
93	105	0.965634
93	106	1.00974
93	113	1.00705
93	131	1.02688
93	133	0.972511
93	138	1.03485
93	142	1.02749
93	145	0.990153
93	146	1.03255
93	147	1.00549
93	149	1.03429
93	152	0.994267
93	157	0.984796
93	159	1.02116
93	163	0.987426
93	164	0.94408
93	170	0.981106
93	171	0.961326
93	172	0.958131
93	174	1.02904
93	180	1.05089
94	1	0.940841
94	27	1.01469
94	35	1.08784
94	46	1.05682
94	48	1.04206
94	59	1.06605
94	78	1.09496
94	84	1.05621
94	98	0.96928
94	99	1.03471
94	100	1.06769
94	117	0.94808
94	135	0.908126
94	154	0.920632
94	155	1.02725
94	170	0.950652
94	171	0.930872
94	172	0.927678
94	173	1.1109
94	177	0.92643
94	179	0.930735
95	23	0.984823
95	28	0.988306
95	29	1.27086
95	41	0.886721
95	100	0.925057
95	111	0.977534
95	123	0.987149
95	142	0.911241
95	147	0.945544
95	148	1.01311
95	149	0.893716
95	150	1.01924
95	158	0.982716
95	160	1.01586
95	168	1.01629
95	169	1.00832
95	170	1.01937
95	171	1.02189
95	176	1.02453
95	178	1.0193
95	179	1.02337
95	180	1.05846
96	1	1.23592
96	44	1.00676
96	69	0.949341
96	73	0.915018
96	77	0.952171
96	84	1.03111
96	87	1.07217
96	100	1.00933
96	101	0.983522
96	102	0.974153
96	110	0.986279
96	119	0.999372
96	131	0.973065
96	140	0.978152
96	141	0.977559
96	147	1.02982
96	167	0.965451
96	168	0.976055
96	173	1.03777
96	175	0.993296
96	177	0.984493
96	178	0.979072
96	179	0.983139
97	75	0.960027
97	89	0.962286
97	90	0.971452
97	104	0.998255
97	108	0.964182
97	112	0.957269
97	116	0.993928
97	120	0.994032
97	124	1.02648
97	126	1.03369
97	127	1.02423
97	134	1.00792
97	146	1.05759
97	152	1.02719
97	153	1.00288
97	158	1.07086
97	165	1.03175
97	166	0.97797
97	167	0.978118
97	168	0.987545
97	171	0.994246
97	172	0.997997
97	177	0.989804
98	32	1.02811
98	64	1.02405
98	68	0.975849
98	94	0.96928
98	101	1.00309
98	109	1.07856
98	118	1.04326
98	146	0.990417
98	148	0.980606
98	152	0.985801
98	156	1.00172
98	157	1.08091
98	158	0.95021
98	160	0.983353
98	163	0.975345
98	168	0.98378
98	170	0.986864
98	171	0.989388
98	175	1.00102
98	176	0.992026
98	177	0.992219
98	178	0.986797
98	179	0.990865
99	1	0.864799
99	20	0.995775
99	27	0.938646
99	35	1.01179
99	46	0.98078
99	48	0.96602
99	55	1.04069
99	59	0.990005
99	78	1.01891
99	84	0.980163
99	94	1.03471
99	100	0.991648
99	124	1.04442
99	143	1.03056
99	144	0.993632
99	155	0.951205
99	163	1.03829
99	169	1.06281
99	173	1.03486
99	175	1.00958
99	176	1.01323
99	177	1.00775
99	179	1.01206
100	1	0.89778
100	27	0.971627
100	35	1.04478
100	46	1.01376
100	48	0.999001
100	55	1.07367
100	59	1.02299
100	78	1.0519
100	84	1.01314
100	94	1.06769
100	95	0.925057
100	96	1.00933
100	99	0.991648
100	125	0.980439
100	155	0.984186
100	170	1.01027
100	171	0.990491
100	173	1.06784
100	174	0.977456
100	177	0.986049
100	179	0.990354
100	180	0.940149
101	96	0.983522
101	98	1.00309
101	102	1.06164
101	105	0.96899
101	109	1.00575
101	113	1.01919
101	114	1.01426
101	122	0.974527
101	133	0.984654
101	138	1.04699
101	142	1.03964
101	144	0.946121
101	145	1.0023
101	146	1.04469
101	149	1.04643
101	154	0.954442
101	157	0.996939
101	159	1.0333
101	164	0.947437
101	172	0.961488
101	173	0.906749
101	174	1.04118
101	179	0.964545
101	180	1.06303
102	20	0.935064
102	23	1.00377
102	33	1.05377
102	60	0.954737
102	96	0.974153
102	101	1.06164
102	113	1.02673
102	133	0.992191
102	142	1.04717
102	146	1.05223
102	147	1.02517
102	149	1.05397
102	157	1.00448
102	159	1.04084
102	161	0.952076
102	162	0.961294
102	164	0.938068
102	167	1.01779
102	170	0.975094
102	173	0.89738
102	174	1.04872
102	177	0.950871
102	178	0.971589
102	180	1.07057
103	9	1.01377
103	64	1.02452
103	65	1.06935
103	79	0.99365
103	90	0.965524
103	104	0.992327
103	112	0.951341
103	120	0.988104
103	126	1.02776
103	129	0.964906
103	131	1.02138
103	132	1.06123
103	134	1.00199
103	136	1.01012
103	139	0.996355
103	148	1.02059
103	152	1.01776
103	153	0.996953
103	168	0.97812
103	169	1.03544
103	172	0.99207
103	174	0.971785
103	177	0.980378
103	178	1.0011
103	180	0.934478
104	25	0.978959
104	64	1.03887
104	75	0.968443
104	89	0.970702
104	97	0.998255
104	103	0.992327
104	108	0.972598
104	116	1.00234
104	117	1.00478
104	126	1.0421
104	129	0.97925
104	131	1.03572
104	134	1.01633
104	136	1.01288
104	151	0.923268
104	153	1.0113
104	154	0.977335
104	155	1.01973
104	158	1.06419
104	160	1.00663
104	163	1.01367
104	166	0.986386
104	172	1.00641
104	178	1.00385
104	179	0.987438
105	21	1.05376
105	93	0.965634
105	101	0.96899
105	124	0.974688
105	133	1.06432
105	137	1.0117
105	140	0.991632
105	141	0.978454
105	149	0.963457
105	151	1.02437
105	152	0.991167
105	154	1.00745
105	159	0.976605
105	161	1.01004
105	162	0.995018
105	163	0.980711
105	167	1.01676
105	169	0.98118
105	171	0.994753
105	173	1.05087
105	175	1.00639
105	176	0.997391
105	177	0.997584
105	178	0.992163
105	179	0.99623
106	6	1.03178
106	55	0.898704
106	93	1.00974
106	111	1.09902
106	113	0.986967
106	118	0.983163
106	123	0.984634
106	138	1.01477
106	142	1.00741
106	145	0.970072
106	146	1.01247
106	147	0.985406
106	149	1.01421
106	150	0.998832
106	153	1.00279
106	156	0.980691
106	157	0.964715
106	158	1.06507
106	159	1.00108
106	160	1.00752
106	171	0.988455
106	172	0.985261
106	177	0.984013
106	178	1.00473
106	180	1.03081
107	47	0.855702
107	73	1.03947
107	74	0.946863
107	76	0.823182
107	77	1.07662
107	82	0.859584
107	86	1.124
107	87	1.19662
107	110	0.842032
107	129	0.928176
107	130	0.825218
107	133	0.914631
107	142	0.831289
107	153	1.11467
107	155	1.07858
107	157	0.897121
107	163	1.09207
107	166	1.08976
107	167	0.867065
107	171	1.10611
107	173	1.16223
107	176	1.10875
107	178	1.10352
107	179	1.10759
108	20	1.02034
108	54	0.941067
108	64	1.0048
108	65	1.04963
108	69	0.997635
108	75	0.93437
108	79	0.973921
108	97	0.964182
108	104	0.972598
108	112	0.931612
108	116	0.968272
108	124	1.07282
108	126	1.00803
108	129	0.945178
108	131	1.00165
108	134	0.98226
108	143	1.05896
108	155	1.07275
108	163	1.06669
108	164	1.02335
108	167	0.952461
108	171	1.04059
108	172	0.972341
108	173	0.98266
108	175	1.03798
108	177	1.03615
109	60	0.898838
109	72	0.979376
109	98	1.07856
109	101	1.00575
109	113	0.97083
109	114	0.965901
109	123	0.968497
109	130	1.00171
109	133	0.936292
109	135	1.0174
109	138	0.998628
109	142	0.991275
109	144	1.02159
109	145	0.953934
109	147	0.969269
109	148	1.07592
109	149	0.998069
109	155	1.07231
109	156	1.03239
109	157	0.948578
109	159	0.984941
109	174	0.99282
109	176	1.04118
109	177	1.03571
109	178	1.05643
109	180	1.01467
110	17	1.03476
110	21	0.973635
110	55	1.06538
110	57	1.07656
110	61	1.03126
110	68	1.04127
110	96	0.986279
110	107	0.842032
110	115	0.992423
110	119	1.02115
110	121	1.00367
110	127	1.0174
110	128	1.00153
110	132	1.00541
110	137	0.977657
110	140	0.999926
110	141	0.999332
110	152	1.02036
110	155	1.01958
110	156	0.979654
110	164	1.00636
110	165	1.02492
110	166	0.987077
110	170	1.0072
110	171	0.987418
110	174	0.974382
110	180	0.937075
111	14	1.04535
111	53	0.97245
111	65	0.979656
111	75	1.17513
111	77	1.11944
111	95	0.977534
111	106	1.09902
111	134	1.1043
111	139	1.09134
111	141	1.08471
111	144	0.974913
111	158	0.915281
111	160	0.948424
111	161	0.969749
111	162	0.954724
111	163	0.940416
111	165	0.934547
111	167	1.12302
111	168	0.948851
111	169	0.940885
111	170	0.951935
111	171	0.954459
111	175	0.966092
111	176	0.957097
111	177	0.95729
111	178	0.951868
111	179	0.955936
112	43	0.903623
112	54	0.934153
112	72	1.02354
112	75	0.927456
112	79	0.967007
112	90	0.938881
112	97	0.957269
112	103	0.951341
112	108	0.931612
112	116	0.961358
112	120	0.961462
112	124	1.11654
112	126	1.00112
112	129	0.938264
112	131	0.994738
112	134	0.975346
112	152	1.11725
112	154	1.07407
112	160	1.10337
112	164	1.06706
112	166	0.9454
112	167	0.945547
112	168	1.07761
112	172	0.965427
112	174	1.07128
112	175	1.0817
112	177	1.07987
113	56	0.919198
113	74	0.941833
113	88	1.09365
113	93	1.00705
113	101	1.01919
113	102	1.02673
113	106	0.986967
113	109	0.97083
113	118	0.980472
113	122	1.03369
113	123	0.981943
113	133	0.949738
113	135	1.0011
113	144	1.00529
113	145	0.96738
113	146	1.00978
113	147	0.982715
113	149	1.01152
113	157	0.962023
113	158	1.10046
113	159	0.998387
113	167	0.975336
113	171	1.02385
113	172	1.02065
113	173	0.965915
113	176	1.02488
113	179	1.02371
113	180	1.02812
114	19	1.10211
114	24	0.964409
114	45	1.02091
114	62	1.0068
114	67	1.09117
114	74	0.936904
114	101	1.01426
114	109	0.965901
114	118	0.975543
114	122	1.00968
114	123	0.977014
114	128	1.08564
114	130	1.01023
114	133	0.944809
114	135	0.977093
114	142	0.999792
114	143	1.0182
114	145	0.962451
114	146	1.00485
114	147	0.977786
114	149	1.00659
114	155	1.032
114	157	0.957094
114	159	0.993458
114	164	0.982594
114	168	0.993139
114	171	0.999839
114	179	0.999702
115	7	1.00716
115	39	0.923462
115	61	1.01563
115	67	1.09258
115	82	0.991373
115	83	0.982589
115	110	0.992423
115	132	0.989781
115	137	0.962028
115	140	0.984297
115	141	0.983703
115	142	1.00098
115	143	1.01962
115	147	0.978974
115	149	1.00777
115	150	1.01163
115	152	1.0342
115	154	0.991015
115	157	0.958282
115	159	0.994646
115	160	1.02032
115	168	0.994554
115	169	1.05188
115	174	1.00252
115	175	0.998646
115	176	1.00229
115	177	0.996813
115	180	1.02438
116	9	1.02378
116	34	0.926979
116	75	0.964116
116	79	1.00367
116	89	0.966376
116	97	0.993928
116	104	1.00234
116	108	0.968272
116	112	0.961358
116	120	0.998122
116	129	0.974924
116	131	1.0314
116	134	1.01201
116	139	1.00637
116	151	0.964916
116	161	1.02599
116	162	1.0352
116	166	0.98206
116	167	0.982207
116	169	1.07984
116	171	1.02922
116	172	1.00209
116	173	0.971289
116	176	1.03026
116	177	1.02478
116	178	1.0455
116	179	1.02909
116	180	0.97888
117	7	1.0088
117	29	0.848485
117	34	1.13969
117	44	0.999896
117	48	1.01162
117	50	1.0255
117	68	0.954649
117	71	0.960192
117	75	1.08177
117	89	1.06615
117	94	0.94808
117	104	1.00478
117	141	0.991354
117	145	0.965278
117	147	0.980612
117	149	1.00941
117	157	0.959921
117	159	0.996284
117	164	0.992368
117	166	1.01357
117	173	1.04556
117	174	1.00416
117	175	1.00108
117	176	0.992083
117	177	0.992276
117	178	0.986855
117	179	0.990922
117	180	1.02601
118	15	1.02645
118	55	0.915099
118	88	1.07465
118	98	1.04326
118	106	0.983163
118	113	0.980472
118	114	0.975543
118	123	0.978139
118	124	1.03708
118	125	0.994798
118	133	0.945934
118	138	1.00827
118	142	1.00092
118	145	0.963576
118	146	1.00597
118	147	0.978911
118	149	1.00771
118	153	0.996295
118	157	0.958219
118	159	0.994583
118	161	1.00161
118	166	1.11254
118	167	0.971532
118	168	0.998149
118	170	1.02463
118	171	1.00485
118	172	1.00166
118	180	1.02431
119	17	1.04785
119	21	0.986729
119	32	0.9919
119	43	1.11491
119	51	1.09679
119	61	1.04435
119	68	1.05437
119	76	1.06835
119	96	0.999372
119	110	1.02115
119	122	0.972563
119	128	1.01462
119	132	1.0185
119	137	0.990751
119	140	1.01302
119	141	1.01243
119	154	0.952478
119	162	0.968699
119	164	1.01945
119	166	1.00017
119	168	0.956017
119	170	0.982499
119	172	1.0202
119	173	0.904785
119	174	0.949683
119	176	0.963752
119	177	0.958276
119	178	0.978994
119	180	0.912376
120	9	1.02389
120	34	0.927083
120	43	0.940387
120	45	1.00202
120	64	1.03464
120	65	1.07948
120	69	1.02749
120	79	1.00377
120	90	0.975645
120	97	0.994032
120	103	0.988104
120	112	0.961462
120	116	0.998122
120	125	0.970892
120	126	1.03788
120	129	0.975027
120	131	1.0315
120	134	1.01211
120	136	1.00625
120	143	0.99931
120	153	1.00707
120	155	1.0131
120	156	0.973181
120	158	1.05756
120	159	1.06457
120	163	1.00704
120	164	0.963699
120	167	0.982311
120	175	0.978336
120	177	0.976503
121	3	0.978872
121	18	0.984431
121	30	1.05578
121	66	1.03545
121	87	0.885942
121	89	1.06519
121	110	1.00367
121	126	0.959799
121	141	0.9904
121	142	0.992929
121	150	0.998899
121	151	1.03117
121	152	0.99797
121	156	1.01389
121	158	0.962378
121	160	0.995521
121	161	1.01685
121	162	1.00182
121	163	0.987514
121	165	0.981645
121	166	1.01261
121	167	1.02871
121	169	0.987982
121	170	0.999033
121	171	1.00156
121	175	1.01319
121	176	1.00419
121	177	1.00439
121	178	0.998966
121	179	1.00303
122	3	0.972463
122	8	0.946958
122	40	1.12768
122	101	0.974527
122	113	1.03369
122	114	1.00968
122	119	0.972563
122	130	0.980449
122	138	0.970333
122	140	0.99717
122	144	1.02109
122	147	1.02082
122	148	0.99185
122	151	1.03025
122	152	0.997045
122	153	0.98672
122	154	1.01333
122	158	0.961454
122	160	0.994597
122	162	1.0009
122	163	0.986589
122	165	0.98072
122	170	0.998108
122	171	1.00063
122	172	1.0043
122	175	1.01227
122	176	1.00327
122	177	1.00346
122	178	0.998041
122	179	1.00211
123	60	0.909951
123	72	0.991809
123	74	0.9395
123	95	0.987149
123	106	0.984634
123	109	0.968497
123	113	0.981943
123	114	0.977014
123	118	0.978139
123	130	1.01282
123	133	0.947405
123	135	1.02984
123	138	1.00974
123	139	0.997168
123	142	1.00239
123	145	0.965047
123	146	1.00744
123	147	0.980382
123	149	1.00918
123	151	0.988277
123	155	1.08474
123	157	0.95969
123	159	0.996054
123	163	1.07868
123	164	1.03534
123	167	0.973003
123	171	1.05258
123	172	1.04939
123	173	0.99465
123	178	1.06886
123	179	1.05245
124	40	1.15007
124	65	0.90132
124	71	0.975214
124	97	1.02648
124	99	1.04442
124	105	0.974688
124	108	1.07282
124	112	1.11654
124	118	1.03708
124	135	0.998194
124	141	1.00638
124	143	0.972172
124	149	0.991379
124	154	0.991451
124	156	0.991091
124	160	0.972719
124	161	0.994044
124	162	0.979019
124	163	0.964711
124	165	0.958842
124	166	1.02859
124	167	1.04468
124	168	0.973146
124	169	0.96518
124	170	0.976231
124	171	0.978754
124	175	0.990387
124	176	0.981392
124	177	0.981585
124	178	0.976164
124	179	0.980231
125	41	0.942102
125	42	0.796568
125	46	0.978907
125	50	0.998237
125	51	0.873033
125	79	0.992355
125	100	0.980439
125	118	0.994798
125	120	0.970892
125	127	1.0133
125	135	1.05533
125	140	0.977272
125	143	1.02931
125	146	0.941957
125	151	1.0655
125	154	1.04859
125	158	0.996711
125	159	0.962244
125	162	1.03615
125	163	1.02185
125	165	1.01598
125	166	0.986306
125	168	1.03028
125	169	1.02232
125	170	1.03337
125	171	1.03589
125	175	1.04752
125	176	1.03853
125	177	1.03872
125	178	1.0333
125	179	1.03737
126	33	1.01012
126	34	0.966737
126	54	1.01057
126	65	1.11913
126	69	1.06714
126	72	0.882771
126	79	1.04342
126	89	1.00613
126	97	1.03369
126	103	1.02776
126	104	1.0421
126	108	1.00803
126	112	1.00112
126	120	1.03788
126	121	0.959799
126	129	1.01468
126	131	1.07116
126	134	1.05176
126	142	1.03155
126	148	0.979314
126	153	1.04673
126	155	0.975703
126	160	0.962606
126	165	0.981052
126	169	0.994166
126	170	0.963325
126	172	1.04184
126	173	0.885612
126	178	0.959821
126	179	0.943408
126	180	0.893203
127	39	1.1359
127	77	1.03886
127	80	1.01422
127	97	1.02423
127	110	1.0174
127	125	1.0133
127	130	1.00059
127	132	0.995063
127	141	1.00413
127	145	1.05496
127	150	0.973571
127	151	1.00584
127	152	0.972642
127	153	1.00686
127	156	0.988565
127	157	1.07249
127	158	0.93705
127	161	0.991519
127	162	0.976493
127	163	0.962186
127	165	0.956317
127	166	1.02634
127	169	0.962655
127	170	0.973705
127	171	0.976228
127	175	0.987862
127	176	0.978866
127	177	0.979059
127	178	0.973638
127	179	0.977705
127	180	1.0128
128	6	1.03086
128	16	1.03265
128	17	1.02823
128	21	0.967111
128	32	0.972282
128	33	1.07293
128	50	0.990808
128	51	1.07718
128	56	0.869819
128	57	1.07004
128	61	1.02473
128	68	1.03475
128	76	1.04873
128	81	0.986735
128	110	1.00153
128	114	1.08564
128	119	1.01462
128	132	0.998886
128	137	0.971133
128	140	0.993401
128	141	0.992808
128	151	0.910163
128	154	0.964229
128	156	0.966705
128	164	0.999834
128	165	1.01198
128	167	0.9807
128	169	1.02509
128	172	1.00058
128	175	0.97186
128	178	0.990745
128	180	0.924127
129	25	0.951538
129	34	0.903885
129	54	0.947719
129	55	0.98381
129	56	0.968911
129	64	1.01145
129	65	1.05628
129	69	1.00429
129	75	0.941022
129	79	0.980573
129	89	0.943281
129	90	0.952447
129	103	0.964906
129	104	0.97925
129	107	0.928176
129	108	0.945178
129	112	0.938264
129	116	0.974924
129	120	0.975027
129	126	1.01468
129	131	1.0083
129	134	0.988912
129	135	1.05082
129	136	1.09886
129	144	1.055
129	158	1.15018
129	164	1.05632
129	166	0.958965
129	167	0.959113
129	174	1.06053
129	176	1.07459
129	178	1.08984
129	179	1.07342
129	180	1.02322
130	19	1.13792
130	20	0.950354
130	24	1.00022
130	60	0.943164
130	62	1.04261
130	74	0.972713
130	88	1.0404
130	107	0.825218
130	109	1.00171
130	114	1.01023
130	122	0.980449
130	123	1.01282
130	127	1.00059
130	133	0.980618
130	135	0.947857
130	136	0.995907
130	138	1.04295
130	142	1.0356
130	143	0.988969
130	145	0.99826
130	146	1.04066
130	147	1.0136
130	149	1.0424
130	157	0.992904
130	158	1.04722
130	159	1.02927
130	161	0.967367
130	162	0.976584
130	164	0.953358
130	167	1.00622
130	174	1.03715
130	176	0.971637
130	177	0.966162
130	180	1.059
131	9	1.05716
131	25	1.00801
131	34	0.960359
131	54	1.00419
131	65	1.11275
131	69	1.06076
131	70	0.944872
131	90	1.00892
131	93	1.02688
131	96	0.973065
131	103	1.02138
131	104	1.03572
131	108	1.00165
131	112	0.994738
131	116	1.0314
131	120	1.0315
131	126	1.07116
131	129	1.0083
131	134	1.04539
131	136	0.979528
131	139	1.03975
131	150	0.964601
131	153	1.04035
131	156	0.946461
131	160	0.973285
131	161	0.950988
131	165	0.991732
131	166	1.01544
131	167	1.01559
131	168	0.947524
131	172	1.03547
131	173	0.896292
131	174	0.94119
131	176	0.955258
131	178	0.9705
131	179	0.954088
132	17	1.03212
132	21	0.970994
132	32	0.976165
132	40	0.918081
132	50	0.99469
132	51	1.08106
132	55	1.06274
132	57	1.07392
132	61	1.02862
132	71	1.0391
132	76	1.05261
132	81	0.977344
132	83	0.995576
132	103	1.06123
132	110	1.00541
132	115	0.989781
132	119	1.0185
132	127	0.995063
132	128	0.998886
132	133	1.13643
132	135	0.942333
132	137	0.975015
132	140	0.997284
132	141	0.99669
132	143	0.983444
132	144	0.946518
132	152	0.998021
132	158	1.0417
132	164	1.00372
132	165	1.00259
132	167	0.984582
132	171	0.965079
132	172	1.00446
132	173	0.907146
132	177	0.960637
132	178	0.981355
132	180	0.914737
133	6	0.994546
133	15	0.995716
133	62	0.977193
133	93	0.972511
133	101	0.984654
133	102	0.992191
133	105	1.06432
133	107	0.914631
133	109	0.936292
133	113	0.949738
133	114	0.944809
133	118	0.945934
133	123	0.947405
133	130	0.980618
133	132	1.13643
133	138	0.977536
133	142	0.970183
133	143	1.07838
133	145	0.932842
133	146	0.975238
133	147	0.948177
133	148	1.09579
133	149	0.976977
133	150	1.07039
133	154	1.04978
133	155	1.09217
133	157	0.927486
133	159	0.963849
133	160	1.07908
133	162	1.066
133	167	0.940798
133	168	1.05332
133	172	1.05682
133	173	1.00208
133	174	0.971728
133	177	1.05557
133	180	0.993578
134	33	0.984353
134	54	0.984802
134	56	0.889088
134	64	1.04853
134	65	1.09336
134	75	0.978105
134	79	1.01766
134	89	0.980364
134	90	0.989529
134	97	1.00792
134	103	1.00199
134	104	1.01633
134	108	0.98226
134	111	1.1043
134	112	0.975346
134	116	1.01201
134	120	1.01211
134	126	1.05176
