1	8	0.918225
1	90	0.907651
1	100	1.01289
1	150	0.978151
1	161	1.00286
1	164	1.0172
1	171	1.03547
1	172	0.984307
1	175	1.00622
1	177	1.05105
1	179	1.04294
1	180	1.03757
2	22	0.9955
2	33	1.08336
2	105	1.04414
2	141	1.02961
2	143	1.0265
2	147	1.03279
2	162	0.947559
2	169	0.930459
2	173	1.03764
2	176	0.931204
2	177	0.907109
2	180	1.03382
3	29	0.919004
3	44	1.02929
3	85	0.98962
3	120	1.01511
3	123	1.05223
3	142	1.02128
3	144	1.0238
3	160	1.02625
3	166	0.976242
3	168	0.957633
3	171	0.958895
3	180	1.03196
4	10	0.936588
4	38	0.905036
4	58	0.928382
4	115	0.850256
4	130	0.891531
4	157	1.19225
4	163	1.19176
4	164	1.21546
4	172	0.893871
4	174	0.90028
4	176	0.894013
4	180	1.20684
5	42	0.957428
5	62	1.03003
5	73	1.00446
5	101	1.08342
5	116	0.932255
5	126	1.01098
5	152	1.02985
5	159	0.966418
5	168	0.935781
5	172	1.01522
5	174	1.02163
5	176	1.01537
6	61	0.934601
6	73	0.99512
6	85	0.971093
6	124	0.996075
6	155	1.03255
6	156	1.05138
6	161	1.00086
6	165	0.956579
6	170	1.03837
6	173	0.936145
6	178	1.03981
6	179	1.04094
7	59	0.97676
7	119	0.827306
7	130	1.00477
7	157	1.03175
7	160	0.987345
7	163	1.0403
7	164	1.00582
7	167	1.04031
7	169	1.01052
7	176	0.997735
7	177	1.03967
7	179	1.03156
8	1	0.918225
8	14	1.03912
8	21	0.985856
8	90	1.0684
8	114	1.01836
8	126	1.00921
8	132	0.926337
8	136	1.05167
8	152	1.02627
8	153	1.01703
8	168	0.934012
8	176	1.01179
9	66	1.00507
9	84	1.04908
9	113	1.00708
9	142	0.944102
9	150	1.03847
9	157	0.910275
9	159	1.0303
9	161	0.976985
9	165	1.04427
9	166	1.04634
9	175	1.02849
9	180	0.924866
10	4	0.936588
10	12	1.06956
10	29	0.911536
10	74	0.984654
10	90	1.09116
10	98	0.962122
10	114	1.03451
10	152	1.04903
10	168	0.950165
10	172	1.0344
10	173	0.947204
10	176	1.03455
11	32	0.874972
11	54	0.989065
11	115	1.04671
11	126	1.02057
11	145	1.00871
11	149	1.03577
11	150	1.04537
11	158	1.03198
11	167	0.916808
11	173	1.05376
11	175	1.03539
11	178	0.94506
12	10	1.06956
12	78	0.977439
12	127	0.964619
12	134	1.03378
12	146	0.949914
12	150	0.952437
12	153	1.03222
12	166	0.953727
12	172	1.02684
12	174	1.03325
12	175	0.980504
12	176	1.02698
13	25	0.988496
13	35	0.915765
13	83	1.04136
13	151	0.902956
13	161	0.998227
13	164	1.01256
13	167	1.04705
13	170	1.03573
13	171	1.03084
13	172	0.943976
13	178	1.03717
13	179	1.03831
14	8	1.03912
14	30	1.06997
14	73	1.0084
14	105	0.925087
14	122	1.01848
14	127	0.996959
14	163	0.938086
14	165	0.984931
14	172	1.01916
14	174	1.02557
14	176	1.0193
14	179	0.960374
15	27	0.883929
15	98	0.894317
15	103	1.19905
15	118	0.866221
15	124	0.874902
15	149	1.2104
15	151	1.17616
15	165	1.21117
15	177	0.927882
15	178	0.918633
15	179	0.919769
15	180	0.914394
16	45	1.23365
16	104	1.20408
16	119	1.09682
16	139	0.914763
16	141	1.26176
16	155	0.894963
16	165	0.899212
16	166	0.901281
16	170	0.90078
16	175	0.88343
16	178	0.902219
16	179	0.903355
17	107	1.24035
17	139	1.18643
17	140	1.18433
17	156	0.911037
17	167	0.909345
17	169	0.879562
17	170	0.898023
17	171	0.893127
17	173	1.18217
17	177	0.908711
17	178	0.899462
17	179	0.900598
18	20	1.10623
18	89	1.06595
18	120	1.0046
18	136	0.968865
18	146	0.969517
18	158	1.0479
18	163	0.986871
18	168	0.975849
18	169	0.957095
18	170	0.975556
18	171	0.97066
18	177	0.986244
18	179	0.978131
19	88	1.01662
19	93	0.950994
19	95	1.02801
19	132	1.04293
19	133	1.05737
19	134	0.971046
19	151	0.983806
19	152	0.978728
19	172	0.964104
19	174	0.970513
19	176	0.964247
19	179	1.04352
19	180	1.03632
20	18	1.10623
20	60	0.987416
20	119	0.925869
20	137	0.98461
20	138	0.984125
20	147	1.04111
20	155	1.05403
20	159	0.959971
20	165	0.973949
20	166	0.976019
20	168	0.97581
20	170	1.07479
20	175	0.958167
21	8	0.985856
21	65	0.998521
21	81	1.11354
21	111	0.966501
21	121	0.953851
21	135	0.950944
21	136	1.00591
21	164	1.02013
21	166	1.0444
21	167	0.997233
21	171	1.02706
21	174	0.972301
21	176	0.966034
22	2	0.9955
22	48	0.999003
22	78	1.08693
22	86	0.974149
22	104	1.00837
22	109	0.973608
22	131	0.916126
22	141	0.973285
22	145	1.07203
22	161	1.01748
22	173	0.981316
22	175	1.02503
22	180	0.977499
23	45	0.951733
23	54	1.06609
23	78	0.922736
23	101	1.04033
23	122	0.971462
23	133	1.02214
23	151	0.991836
23	153	0.977512
23	159	1.04602
23	161	1.05321
23	172	0.972134
23	176	0.972277
23	178	1.01507
24	91	1.08568
24	109	0.979687
24	124	1.07288
24	131	0.922205
24	136	0.977929
24	141	0.979364
24	143	0.976255
24	147	0.982545
24	148	0.970122
24	154	1.00621
24	175	1.05781
24	177	1.00514
24	180	0.983577
25	13	0.988496
25	113	0.955389
25	115	0.935673
25	124	1.10507
25	152	0.993911
25	156	1.03533
25	159	0.978609
25	166	0.994656
25	167	1.01605
25	169	1.06068
25	172	0.979288
25	174	0.985697
25	175	0.976805
26	113	0.91018
26	127	1.10913
26	135	1.09184
26	141	0.833867
26	148	0.875437
26	149	0.839238
26	158	0.867075
26	167	1.13298
26	170	1.12165
26	174	1.1132
26	175	0.867924
26	176	1.10693
26	179	1.12423
27	15	0.883929
27	40	1.01128
27	56	0.93834
27	76	1.0137
27	112	1.06435
27	134	1.02048
27	141	1.0292
27	148	1.07076
27	163	0.999469
27	177	0.998842
27	178	0.989593
27	179	0.990729
27	180	0.985354
28	40	1.01975
28	86	1.03086
28	128	0.963664
28	130	1.05018
28	156	0.987088
28	160	1.03276
28	162	1.05951
28	167	0.985396
28	169	0.955613
28	177	0.984761
28	178	0.975513
28	179	0.976649
28	180	0.971274
29	3	0.919004
29	10	0.911536
29	82	0.906685
29	124	1.01799
29	146	1.05424
29	149	0.954689
29	152	0.956243
29	156	1.0733
29	161	1.02278
29	167	1.07161
29	169	1.04182
29	171	1.05539
29	174	0.947533
29	179	1.06286
30	14	1.06997
30	131	1.0377
30	139	0.895994
30	141	0.906021
30	150	0.912011
30	161	1.01986
30	162	0.927863
30	166	0.913301
30	170	1.05736
30	172	1.0425
30	174	1.0489
30	176	1.04264
30	178	1.0588
30	179	1.05994
31	33	0.991998
31	34	1.09967
31	111	1.04952
31	121	1.03687
31	126	0.997728
31	139	0.923827
31	151	1.06861
31	155	0.897068
31	158	0.967062
31	163	0.893153
31	171	0.923787
31	172	1.04891
31	174	1.05532
31	176	1.04905
32	11	0.874972
32	33	1.07519
32	123	1.06854
32	138	0.919132
32	144	1.04012
32	147	1.04725
32	154	1.07091
32	158	1.03031
32	160	1.04257
32	166	0.92483
32	168	0.906222
32	173	1.05209
32	179	0.899137
32	180	1.04828
33	2	1.08336
33	31	0.991998
33	32	1.07519
33	57	0.895494
33	59	0.9437
33	84	0.883597
33	128	1.14789
33	135	0.91983
33	142	1.15053
33	151	0.954479
33	172	0.934777
33	174	0.941186
33	176	0.93492
33	178	1.14528
34	31	1.09967
34	46	1.02469
34	60	0.8839
34	73	1.03169
34	114	0.994419
34	127	0.939577
34	135	1.0275
34	136	1.08246
34	150	0.927395
34	158	0.954612
34	172	1.04245
34	174	1.04886
34	176	1.04259
34	177	0.902796
35	13	0.915765
35	77	0.959898
35	81	0.944301
35	94	1.01685
35	96	1.10155
35	112	1.00424
35	124	1.03234
35	125	1.02232
35	135	1.00053
35	138	1.02115
35	150	1.00517
35	166	1.01305
35	168	1.01284
35	174	0.981426
35	178	0.971573
36	59	0.979792
36	85	0.989389
36	86	0.988472
36	130	1.0078
36	137	1.01201
36	143	1.00505
36	152	1.0022
36	155	0.997105
36	162	0.994356
36	171	0.998025
36	172	1.00743
36	175	0.985572
36	177	1.01361
36	178	1.00436
36	179	1.0055
37	113	1.03886
37	131	1.09423
37	133	0.987982
37	134	0.953837
37	144	0.975917
37	151	0.933675
37	155	0.995706
37	157	1.00429
37	163	1.01284
37	164	0.978354
37	170	1.00152
37	175	0.996606
37	177	1.01221
37	178	1.00296
37	179	1.0041
38	4	0.905036
38	95	0.998691
38	105	0.978916
38	121	0.99081
38	136	1.04287
38	153	1.00823
38	155	0.995831
38	162	1.00915
38	164	1.01562
38	165	1.01615
38	166	1.01822
38	174	1.00926
38	175	1.00037
38	177	1.01401
38	180	1.007
39	66	0.886425
39	96	1.05593
39	111	0.834648
39	112	0.85037
39	131	0.946894
39	146	1.13571
39	155	1.13593
39	157	1.14451
39	164	1.11858
39	165	0.821359
39	166	0.822495
39	169	1.12329
39	170	1.14175
39	172	0.827361
39	179	1.14432
40	27	1.01128
40	28	1.01975
40	79	0.955662
40	82	1.06028
40	83	0.950634
40	93	0.994275
40	122	1.00671
40	132	0.962357
40	140	1.00365
40	144	0.994729
40	148	1.02293
40	165	0.987505
40	172	1.00739
40	174	1.01379
40	176	1.00753
41	56	1.08874
41	60	1.01772
41	71	0.976138
41	76	0.943795
41	127	1.02365
41	137	1.01492
41	149	0.988852
41	162	0.997256
41	164	0.98848
41	165	1.00425
41	166	1.00632
41	168	1.00612
41	175	0.988472
41	179	0.987061
41	180	0.979856
42	5	0.957428
42	62	0.982771
42	65	0.976102
42	95	1.01233
42	107	1.05348
42	114	0.96262
42	142	1.00321
42	143	1.01937
42	146	0.999774
42	155	0.999997
42	169	0.987352
42	170	1.00581
42	177	1.0165
42	178	1.00725
42	179	1.00839
43	87	0.986806
43	101	0.93057
43	109	1.0117
43	112	1.04266
43	123	0.988515
43	155	0.99419
43	163	1.01132
43	165	1.01365
43	167	1.01133
43	169	0.981545
43	170	1.00001
43	174	1.00572
43	177	1.01069
43	178	1.00145
43	179	1.00258
44	3	1.02929
44	89	0.968379
44	109	1.00926
44	131	0.951775
44	137	0.9932
44	141	1.00893
44	142	1.00247
44	148	0.999692
44	166	1.0132
44	168	0.994587
44	172	1.01806
44	173	1.01696
44	178	0.994277
44	179	0.987502
44	180	1.01315
45	16	1.23365
45	23	0.951733
45	101	1.03948
45	119	1.10049
45	122	0.970613
45	125	0.959364
45	136	1.0113
45	141	0.971164
45	154	1.00598
45	163	0.930463
45	170	0.95514
45	172	0.971285
45	174	0.977694
45	176	0.971427
45	179	0.952751
46	34	1.02469
46	56	1.04607
46	77	1.07148
46	107	0.929555
46	117	0.992269
46	119	1.10313
46	136	1.01394
46	151	0.993628
46	152	0.98855
46	159	0.982115
46	161	0.989307
46	165	0.968951
46	172	0.973926
46	174	0.980335
46	177	0.944199
47	91	1.04075
47	97	0.963277
47	102	0.971208
47	143	0.988594
47	145	1.05987
47	155	0.994805
47	160	0.973918
47	163	1.01194
47	167	1.01194
47	171	0.995725
47	173	0.964531
47	177	1.01131
47	178	1.00206
47	179	1.0032
47	180	0.997822
48	22	0.999003
48	95	1.0084
48	97	0.991758
48	109	1.01151
48	116	0.992447
48	161	0.964378
48	163	1.0132
48	167	1.01321
48	169	0.983423
48	171	0.996988
48	173	0.993012
48	174	1.00552
48	177	1.01257
48	178	1.00332
48	179	1.00446
49	71	0.995205
49	76	1.02818
49	79	1.0815
49	103	0.979114
49	126	0.954939
49	143	0.994866
49	154	0.95263
49	167	1.01395
49	169	0.984168
49	170	1.00263
49	171	0.997733
49	176	0.990579
49	177	1.01332
49	179	1.0052
49	180	0.999829
50	68	0.987783
50	86	1.0088
50	89	0.967376
50	108	0.986005
50	110	1.00684
50	134	1.00257
50	137	0.998566
50	140	0.996342
50	141	1.00793
50	142	1.00146
50	147	1.01111
50	168	0.999953
50	169	1.01602
50	171	1.00121
50	180	1.01214
51	54	1.01881
51	61	1.07941
51	125	1.09227
51	145	1.03846
51	150	1.07512
51	151	0.89767
51	159	1.06694
51	165	1.08092
51	166	1.08299
51	170	0.910519
51	172	0.93869
51	175	1.06514
51	176	0.93203
51	177	0.907935
51	178	0.914905
51	180	0.900925
52	72	1.09436
52	109	0.955646
52	135	1.08484
52	136	1.02169
52	138	0.970944
52	148	0.946082
52	154	0.982165
52	162	0.953771
52	165	0.960768
52	166	0.962838
52	169	1.07226
52	172	1.07966
52	173	0.963354
52	175	0.944987
52	177	1.04891
52	180	0.959537
53	69	1.05699
53	74	1.02405
53	80	0.865406
53	81	1.02042
53	84	1.01735
53	90	0.854242
53	129	0.935344
53	150	1.0813
53	162	1.0801
53	165	1.0871
53	168	1.08896
53	173	1.08969
53	175	1.07132
53	176	0.924238
53	178	0.907113
53	179	0.900338
54	11	0.989065
54	23	1.06609
54	51	1.01881
54	77	0.905095
54	84	1.13725
54	108	1.01338
54	115	1.12866
54	137	0.966836
54	138	0.96635
54	139	0.971725
54	149	0.940772
54	153	1.0375
54	159	0.942196
54	173	0.95876
54	175	0.940392
54	179	1.02024
55	74	1.14133
55	94	1.01545
55	103	1.04242
55	118	0.919966
55	152	1.05533
55	156	0.983953
55	158	1.08161
55	161	0.933434
55	164	0.947771
55	165	1.05455
55	167	0.982261
55	169	0.952478
55	171	0.966044
55	178	0.972378
55	179	0.973514
55	180	0.96814
56	27	0.93834
56	41	1.08874
56	46	1.04607
56	64	1.04806
56	100	0.944128
56	107	1.12642
56	129	0.964603
56	147	1.03283
56	154	1.05008
56	161	0.9341
56	167	0.982927
56	169	0.953145
56	171	0.96671
56	178	0.973045
56	179	0.974181
56	180	0.968806
57	33	0.895494
57	60	1.06147
57	76	1.0373
57	79	0.900679
57	82	1.0053
57	101	1.02059
57	121	0.940361
57	144	1.11234
57	151	0.972104
57	152	0.967026
57	154	0.987097
57	155	1.06219
57	167	1.05909
57	174	0.958811
57	176	0.952545
57	180	1.07336
58	4	0.928382
58	70	1.00155
58	79	0.974474
58	83	0.969446
58	84	0.975017
58	119	1.1554
58	136	1.06621
58	139	0.961745
58	151	1.0459
58	164	0.954778
58	166	0.979052
58	172	1.0262
58	174	1.03261
58	175	1.00583
58	176	1.02634
58	177	0.953164
58	180	0.946153
59	7	0.97676
59	33	0.9437
59	36	0.979792
59	88	1.05312
59	90	1.05736
59	106	0.916115
59	119	1.12982
59	122	0.999937
59	134	1.00755
59	135	0.985661
59	150	0.989778
59	152	1.01523
59	159	1.0031
59	172	1.00061
59	174	1.00702
59	178	0.97215
59	179	0.965375
60	20	0.987416
60	34	0.8839
60	41	1.01772
60	57	1.06147
60	78	1.05772
60	91	0.979983
60	94	1.03762
60	125	1.0431
60	129	0.978365
60	142	0.955389
60	150	1.02595
60	162	1.02475
60	166	1.03382
60	167	0.921881
60	168	1.03361
60	175	1.01597
60	177	0.943164
61	6	0.934601
61	51	1.07941
61	100	0.989248
61	121	0.99984
61	132	1.00538
61	134	0.97473
61	138	1.02695
61	143	0.993215
61	150	1.01097
61	155	0.946656
61	159	1.0028
61	165	1.01677
61	166	1.01884
61	168	1.01864
61	173	1.01936
61	175	1.00099
61	179	0.965029
62	5	1.03003
62	42	0.982771
62	65	1.03912
62	74	0.956741
62	119	1.1357
62	120	0.96236
62	121	0.99445
62	124	1.02158
62	132	0.953448
62	135	0.991543
62	143	0.982225
62	152	1.02111
62	153	1.01187
62	172	1.00649
62	174	1.0129
62	177	0.953844
62	180	0.946833
63	64	0.95458
63	67	0.914149
63	77	0.890955
63	98	1.14459
63	113	0.904838
63	116	0.953395
63	145	0.899571
63	153	1.14281
63	160	0.935096
63	161	1.17047
63	162	0.935037
63	164	1.12697
63	165	0.942035
63	166	0.944104
63	167	1.10407
63	175	0.926253
63	180	1.11835
64	56	1.04806
64	63	0.95458
64	85	1.01886
64	92	1.01016
64	100	0.970603
64	138	1.04101
64	159	1.01685
64	160	1.02389
64	165	1.03083
64	166	1.0329
64	167	0.924907
64	168	1.03269
64	170	0.948772
64	171	0.95473
64	173	1.03341
64	175	1.01505
64	178	0.953159
65	21	0.998521
65	42	0.976102
65	62	1.03912
65	78	0.974917
65	98	0.966412
65	105	0.912083
65	121	1.01227
65	130	1.02198
65	145	1.04683
65	149	0.971155
65	151	1.04402
65	153	1.02969
65	161	0.992284
65	172	1.02432
65	174	1.03072
65	176	1.02446
65	180	0.940165
66	9	1.00507
66	39	0.886425
66	99	0.960415
66	105	1.01679
66	111	0.966391
66	119	1.09499
66	125	0.990428
66	134	0.972723
66	142	1.0641
66	145	0.936617
66	157	1.03028
66	161	1.09699
66	162	0.972083
66	171	1.06042
66	172	0.965782
66	174	0.972191
66	175	0.963299
66	179	1.05207
67	63	0.914149
67	69	0.960283
67	95	1.00757
67	123	1.00943
67	124	1.09063
67	138	1.00057
67	139	1.00595
67	159	0.97642
67	160	0.983459
67	163	1.0008
67	164	1.0245
67	165	0.990398
67	166	0.992467
67	168	0.992259
67	174	1.03971
67	175	0.974616
67	178	1.02986
67	180	1.01588
68	50	0.987783
68	97	1.03398
68	101	0.972588
68	109	0.987569
68	110	0.986158
68	131	0.930087
68	133	1.04495
68	138	1.0511
68	143	0.984137
68	144	0.983299
68	147	0.990427
68	148	0.978004
68	160	0.985752
68	167	1.00963
68	173	0.995276
68	176	1.05501
68	179	1.03111
68	180	0.991459
69	53	1.05699
69	67	0.960283
69	98	1.03343
69	102	1.03565
69	103	0.965599
69	116	0.999529
69	126	1.09667
69	145	0.945705
69	149	0.972766
69	151	1.00392
69	157	0.992587
69	159	0.974191
69	160	0.98123
69	162	0.981171
69	166	0.990238
69	175	0.972387
69	176	1.03828
69	180	1.00718
70	58	1.00155
70	92	0.949313
70	111	1.04849
70	114	0.948266
70	116	1.0142
70	126	0.94377
70	134	1.02035
70	135	1.04638
70	156	1.00447
70	163	1.00277
70	166	1.03634
70	167	1.00278
70	169	0.972999
70	171	0.986564
70	174	1.02727
70	177	1.00215
70	178	0.992899
70	179	0.994035
71	41	0.976138
71	49	0.995205
71	77	0.939088
71	89	1.06064
71	115	1.0994
71	125	1.00151
71	130	1.02191
71	138	1.00034
71	149	0.974765
71	159	0.97619
71	162	0.98317
71	165	0.990168
71	166	0.992237
71	168	0.992029
71	169	1.01413
71	171	0.999321
71	174	1.0076
71	175	0.974386
72	52	1.09436
72	82	0.983487
72	95	0.987416
72	97	1.01058
72	140	1.01399
72	157	0.983661
72	159	1.04543
72	163	0.992214
72	165	1.03226
72	167	0.99222
72	168	0.981192
72	169	0.962437
72	170	0.980898
72	171	0.976003
72	173	1.01183
72	178	0.982337
72	179	0.983473
72	180	0.978099
73	5	1.00446
73	6	0.99512
73	14	1.0084
73	34	1.03169
73	79	0.929202
73	83	0.924174
73	130	0.978585
73	134	0.987867
73	141	1.04396
73	153	0.986303
73	156	1.02335
73	167	1.00407
73	171	1.03389
73	172	0.980926
73	174	0.987335
73	175	1.07802
73	176	0.981068
73	179	1.02555
74	10	0.984654
74	53	1.02405
74	55	1.14133
74	62	0.956741
74	78	0.892538
74	87	1.0717
74	100	1.09801
74	103	0.932665
74	121	0.929895
74	152	0.95656
74	158	0.936036
74	159	0.941257
74	164	1.07521
74	170	1.07618
74	171	1.08214
74	173	0.957821
74	174	0.948345
74	175	0.939453
74	180	1.06659
75	88	0.889337
75	123	0.925882
75	128	1.02826
75	145	1.02592
75	150	0.950858
75	153	0.943712
75	155	1.03285
75	159	0.964176
75	163	1.04998
75	164	1.0155
75	167	1.04999
75	169	1.02021
75	170	1.03867
75	171	1.03377
75	174	0.943083
75	176	0.950354
75	177	1.04935
75	178	1.04011
75	179	1.04124
76	27	1.0137
76	41	0.943795
76	49	1.02818
76	57	1.0373
76	106	1.05467
76	114	1.00377
76	130	0.950114
76	133	1.03343
76	137	0.92488
76	152	0.944521
76	153	0.93644
76	160	0.932693
76	164	1.0238
76	167	1.05829
76	171	1.04207
76	173	0.923307
76	178	1.04841
76	179	1.04954
76	180	1.04417
77	35	0.959898
77	46	1.07148
77	54	0.905095
77	63	0.890955
77	71	0.939088
77	102	1.1108
77	106	1.04028
77	116	0.978564
77	120	1.09786
77	137	0.977865
77	139	0.982755
77	145	0.92474
77	159	0.953226
77	165	0.967204
77	166	0.969274
77	169	1.11269
77	170	1.09193
77	175	0.951422
77	180	1.08233
78	12	0.977439
78	22	1.08693
78	23	0.922736
78	60	1.05772
78	65	0.974917
78	74	0.892538
78	88	0.994803
78	97	0.966285
78	109	1.09943
78	115	0.898673
78	136	0.982303
78	152	0.956911
78	161	1.12173
78	164	1.07823
78	172	0.942288
78	174	0.948697
78	176	0.94243
78	178	1.08359
78	179	1.07681
79	40	0.955662
79	49	1.0815
79	57	0.900679
79	58	0.974474
79	73	0.929202
79	82	0.992856
79	87	1.07518
79	94	1.06274
79	99	0.934596
79	101	1.00815
79	122	0.93929
79	135	0.925015
79	152	0.954586
79	153	0.94534
79	168	1.08436
79	169	1.10043
79	175	1.12974
79	176	0.940105
79	180	1.07007
80	53	0.865406
80	93	1.00242
80	104	1.06702
80	107	0.989818
80	110	1.03085
80	114	1.01895
80	117	0.918485
80	120	1.0193
80	142	1.02547
80	143	1.02883
80	144	1.02799
80	147	1.03512
80	154	1.05878
80	156	0.925319
80	160	1.03044
80	173	1.03997
80	174	0.944146
80	178	0.934292
80	180	1.03615
81	21	1.11354
81	35	0.944301
81	53	1.02042
81	104	0.981247
81	117	1.04825
81	118	1.14363
81	120	0.933528
81	135	1.09302
81	140	0.934573
81	143	0.943053
81	144	0.942215
81	145	0.909143
81	155	1.03891
81	161	1.10219
81	165	0.951607
81	166	0.953676
81	171	1.06563
81	175	0.935825
81	180	0.950375
82	29	0.906685
82	40	1.06028
82	57	1.0053
82	72	0.983487
82	79	0.992856
82	99	1.03921
82	109	0.960847
82	114	1.02966
82	115	1.00096
82	121	1.03254
82	122	1.04391
82	136	1.08459
82	157	0.916434
82	170	0.940619
82	172	1.04458
82	174	1.05099
82	176	1.04472
82	177	0.938036
82	180	0.931025
83	13	1.04136
83	40	0.950634
83	58	0.969446
83	73	0.924174
83	88	0.98745
83	90	0.991689
83	93	0.921824
83	117	0.953277
83	125	1.09701
83	134	0.941876
83	135	0.919987
83	149	1.11418
83	154	0.96963
83	156	1.08819
83	163	1.0681
83	168	1.09748
83	172	0.934934
83	176	0.935077
83	178	1.09717
84	9	1.04908
84	33	0.883597
84	53	1.01735
84	54	1.13725
84	58	0.975017
84	88	0.993021
84	93	0.927395
84	117	0.958848
84	120	1.08778
84	134	0.947447
84	135	0.925558
84	136	0.980521
84	139	1.08785
84	153	0.945883
84	154	0.975201
84	158	1.13108
84	168	1.08654
84	174	0.946915
84	176	0.940648
85	3	0.98962
85	6	0.971093
85	36	0.989389
85	64	1.01886
85	87	0.999426
85	139	1.02187
85	145	0.963855
85	149	0.990916
85	150	1.00051
85	157	0.979724
85	160	0.99938
85	161	1.04643
85	162	0.999321
85	166	1.00839
85	168	1.00818
85	173	1.0089
85	175	0.990537
85	176	1.02542
85	177	1.00133
85	180	0.994315
86	22	0.974149
86	28	1.03086
86	36	0.988472
86	50	1.0088
86	87	0.971961
86	110	1.00717
86	124	1.0416
86	131	0.951099
86	141	1.00826
86	142	1.00179
86	143	1.00515
86	144	1.00431
86	147	1.01144
86	148	0.999016
86	150	0.998458
86	159	1.01178
86	168	0.98114
86	173	1.01629
86	178	0.98083
86	180	1.01247
87	43	0.986806
87	74	1.0717
87	79	1.07518
87	85	0.999426
87	86	0.971961
87	90	0.914259
87	100	0.980742
87	116	0.963914
87	122	1.0129
87	124	0.965927
87	156	1.02123
87	163	1.01953
87	164	0.985051
87	166	0.986049
87	169	0.989758
87	170	1.00822
87	171	1.00332
87	177	1.01891
87	178	1.00966
87	179	1.01079
88	19	1.01662
88	59	1.05312
88	75	0.889337
88	78	0.994803
88	83	0.98745
88	84	0.993021
88	91	1.00567
88	100	0.949551
88	101	1.11239
88	119	1.17341
88	128	0.934717
88	134	1.05114
88	154	1.0789
88	165	0.949889
88	167	0.903855
88	172	1.0442
88	173	0.929456
88	174	1.05061
88	176	1.04434
88	179	0.925332
88	180	0.918126
89	18	1.06595
89	44	0.968379
89	50	0.967376
89	71	1.06064
89	92	1.09589
89	104	1.00192
89	120	0.954205
89	123	0.991317
89	141	0.966839
89	142	0.960372
89	144	0.962892
89	147	0.97002
89	148	0.957597
89	153	1.04938
89	158	0.953085
89	167	1.01064
89	168	1.0392
89	170	1.03451
89	173	0.974869
89	174	1.04875
89	180	0.971052
90	1	0.907651
90	8	1.0684
90	10	1.09116
90	53	0.854242
90	59	1.05736
90	83	0.991689
90	87	0.914259
90	96	1.0531
90	112	0.969922
90	121	1.0364
90	130	1.0461
90	134	1.05538
90	135	1.03349
90	151	1.06814
90	165	0.940911
90	168	0.923438
90	172	1.04844
90	173	0.920477
90	174	1.05485
90	176	1.04858
90	179	0.916353
91	24	1.08568
91	47	1.04075
91	60	0.979983
91	88	1.00567
91	94	0.972387
91	99	1.08969
91	112	0.959778
91	125	0.977863
91	137	0.977177
91	138	0.976692
91	139	0.982067
91	160	0.959577
91	162	0.959518
91	163	1.0205
91	165	0.966516
91	166	0.968586
91	169	1.06594
91	173	0.969102
91	174	1.05942
91	175	0.950734
91	180	1.03558
92	64	1.01016
92	70	0.949313
92	89	1.09589
92	124	0.93698
92	133	0.965732
92	140	1.03251
92	143	1.05441
92	148	1.08621
92	154	1.01218
92	156	0.992286
92	157	0.982035
92	161	0.941767
92	164	0.956104
92	166	1.05192
92	167	0.990594
92	169	0.960812
92	170	0.979272
92	171	0.974377
92	176	1.05013
92	177	0.98996
92	178	0.980712
93	19	0.950994
93	40	0.994275
93	80	1.00242
93	83	0.921824
93	84	0.927395
93	98	1.05639
93	115	0.93496
93	122	0.977903
93	126	1.11964
93	130	0.976235
93	135	0.963628
93	151	0.998277
93	153	0.983953
93	154	1.01327
93	156	1.03515
93	160	1.05086
93	168	1.04444
93	169	1.06051
93	172	0.978575
93	176	0.978718
93	179	1.03735
94	35	1.01685
94	55	1.01545
94	60	1.03762
94	79	1.06274
94	91	0.972387
94	102	0.969177
94	104	0.908643
94	116	1.03551
94	118	1.03427
94	129	0.98292
94	139	1.03971
94	141	0.966327
94	145	0.981691
94	149	1.00875
94	157	0.926117
94	158	1.00496
94	162	1.01716
94	165	1.02415
94	166	1.02622
94	173	1.02674
94	175	1.00837
94	180	0.940708
95	19	1.02801
95	38	0.998691
95	42	1.01233
95	48	1.0084
95	67	1.00757
95	72	0.987416
95	107	1.00924
95	114	0.984743
95	127	1.01542
95	134	0.956638
95	138	0.966932
95	147	0.915647
95	154	0.932888
95	157	1.0307
95	161	0.990432
95	164	1.00477
95	167	1.03926
95	170	1.02794
95	172	0.977497
95	177	1.03862
95	178	1.02938
95	179	1.03051
96	35	1.10155
96	39	1.05593
96	90	1.0531
96	121	1.13401
96	127	0.923077
96	128	0.925186
96	129	0.928593
96	137	1.1049
96	140	1.10548
96	146	0.929557
96	147	1.06791
96	156	0.94861
96	157	0.938359
96	166	1.12489
96	167	0.946918
96	168	0.935889
96	169	0.917135
96	170	0.935596
96	171	0.9307
96	173	1.10332
96	177	0.946283
96	179	0.938171
97	47	0.963277
97	48	0.991758
97	68	1.03398
97	72	1.01058
97	78	0.966285
97	99	1.01032
97	111	1.01629
97	117	1.03403
97	145	0.986519
97	150	1.02318
97	152	1.03031
97	162	1.02198
97	164	0.966738
97	165	1.02898
97	166	1.03105
97	167	0.943842
97	171	0.973666
97	174	1.02209
97	175	1.0132
97	176	1.01583
97	179	0.965319
97	180	0.958113
98	10	0.962122
98	15	0.894317
98	63	1.14459
98	65	0.966412
98	69	1.03343
98	93	1.05639
98	103	0.993926
98	106	1.00624
98	127	0.986023
98	128	0.988132
98	129	0.991539
98	133	0.985001
98	161	0.961036
98	162	1.02175
98	164	0.975373
98	167	1.00986
98	170	0.998542
98	171	0.993646
98	172	1.01205
98	176	1.00539
98	177	1.00923
98	178	0.999981
98	179	1.00112
99	66	0.960415
99	79	0.934596
99	82	1.03921
99	91	1.08969
99	97	1.01032
99	104	0.97008
99	107	0.941948
99	115	0.942705
99	122	0.985647
99	129	1.04436
99	138	1.02935
99	147	0.978061
99	149	1.03314
99	151	1.00602
99	152	1.00094
99	153	0.991697
99	154	1.02101
99	155	0.990979
99	161	1.05426
99	170	1.01174
99	172	0.98632
99	174	0.992729
99	176	0.986462
100	1	1.01289
100	56	0.944128
100	61	0.989248
100	64	0.970603
100	74	1.09801
100	87	0.980742
100	88	0.949551
100	104	0.947397
100	113	1.08139
100	127	0.981423
100	131	1.13676
100	133	0.980401
100	144	1.01845
100	146	0.987903
100	160	1.00018
100	161	0.956437
100	167	1.00526
100	169	0.975481
100	170	0.993942
100	171	0.989046
100	177	1.00463
100	179	0.996517
100	180	0.991142
101	5	1.08342
101	23	1.04033
101	43	0.93057
101	45	1.03948
101	57	1.02059
101	68	0.972588
101	79	1.00815
101	88	1.11239
101	111	1.06049
101	117	1.07822
101	130	1.05754
101	133	0.917779
101	136	1.09989
101	138	0.923927
101	151	1.07958
101	156	0.901734
101	164	0.90535
101	168	0.911016
101	169	0.927086
101	170	0.90632
101	171	0.912278
101	172	1.05988
101	176	1.06002
102	47	0.971208
102	69	1.03565
102	77	1.1108
102	94	0.969177
102	103	0.996147
102	113	1.07844
102	116	0.987271
102	127	0.979487
102	133	0.978466
102	140	0.989993
102	153	1.00097
102	156	1.00502
102	157	0.994769
102	161	0.954501
102	162	1.02397
102	163	1.00332
102	164	0.968838
102	167	1.00333
102	168	0.9923
102	169	0.973546
102	171	0.987111
102	178	0.993446
102	179	0.994582
103	15	1.19905
103	49	0.979114
103	55	1.04242
103	69	0.965599
103	74	0.932665
103	98	0.993926
103	102	0.996147
103	112	0.988976
103	116	1.00707
103	122	1.02743
103	123	1.01475
103	137	1.00638
103	145	0.95325
103	150	0.98991
103	156	0.972687
103	159	0.981736
103	162	0.988716
103	165	0.995714
103	166	0.997783
103	168	0.997575
103	169	0.998039
103	174	0.991513
103	175	0.979932
104	16	1.20408
104	22	1.00837
104	80	1.06702
104	81	0.981247
104	89	1.00192
104	94	0.908643
104	99	0.97008
104	100	0.947397
104	117	0.914147
104	127	0.959764
104	131	0.98532
104	140	1.03089
104	141	1.04248
104	143	1.03937
104	144	1.03853
104	146	0.945059
104	147	1.04566
104	148	1.03324
104	158	1.02872
104	167	0.901701
104	170	0.925567
104	173	1.05051
104	178	0.929953
104	180	1.04669
105	2	1.04414
105	14	0.925087
105	38	0.978916
105	65	0.912083
105	66	1.01679
105	106	1.03664
105	109	1.02225
105	112	0.980731
105	138	0.947158
105	142	1.01546
105	147	1.0251
105	148	1.01268
105	153	0.94442
105	154	1.04876
105	165	0.95172
105	169	1.01047
105	170	1.02894
105	171	1.02404
105	172	0.957722
105	173	1.02995
105	175	0.979633
105	177	1.03962
105	178	1.03037
105	179	1.03151
106	59	0.916115
106	76	1.05467
106	77	1.04028
106	98	1.00624
106	105	1.03664
106	115	1.02161
106	133	1.01558
106	140	0.91947
106	145	1.01265
106	154	0.899141
106	156	1.04214
106	157	1.03189
106	158	0.964811
106	159	0.950912
106	163	1.04044
106	164	1.00595
106	165	0.937747
106	168	1.02942
106	169	1.01066
106	171	1.02423
106	174	0.929819
106	177	1.03981
106	178	1.03056
106	179	1.0317
107	17	1.24035
107	42	1.05348
107	46	0.929555
107	56	1.12642
107	80	0.989818
107	95	1.00924
107	99	0.941948
107	108	1.01789
107	112	0.953875
107	117	0.965656
107	118	1.1111
107	119	1.07652
107	149	0.94521
107	150	0.954809
107	153	0.952692
107	165	0.960613
107	166	0.962682
107	171	1.0331
107	172	0.947314
107	173	0.963198
107	174	0.953723
107	175	0.944831
107	176	0.947456
107	177	1.02456
108	50	0.986005
108	54	1.01338
108	107	1.01789
108	114	0.968164
108	124	0.969065
108	126	0.963668
108	128	1.00095
108	135	0.991321
108	146	1.00532
108	148	1.01557
108	156	1.02437
108	158	1.00721
108	162	0.995841
108	164	0.988189
108	167	1.02268
108	168	1.01165
108	169	0.992897
108	170	1.01136
108	171	1.00646
108	172	0.986145
108	174	0.972215
108	175	1.00806
108	178	1.0128
108	179	1.01393
108	180	1.00856
109	22	0.973608
109	24	0.979687
109	43	1.0117
109	44	1.00926
109	48	1.01151
109	52	0.955646
109	68	0.987569
109	78	1.09943
109	82	0.960847
109	105	1.02225
109	141	1.00772
109	142	1.00125
109	143	1.00461
109	144	1.00377
109	148	0.998475
109	151	0.974606
109	154	1.03456
109	155	0.966694
109	158	0.993962
109	159	1.02279
109	164	0.986485
109	173	1.01575
109	177	0.984872
109	179	0.985066
109	180	1.01193
110	50	1.00684
110	68	0.986158
110	80	1.03085
110	86	1.00717
110	113	1.06181
110	115	1.07551
110	120	0.993671
110	131	0.949147
110	132	0.966494
110	141	1.00631
110	142	0.999839
110	143	1.0032
110	144	1.00236
110	146	0.988965
110	147	1.00949
110	148	0.997064
110	158	0.992552
110	160	1.00481
110	162	1.00734
110	166	0.992778
110	168	0.974169
110	170	0.969473
110	172	0.997644
110	177	0.966889
110	180	1.01052
111	21	0.966501
111	31	1.04952
111	39	0.834648
111	66	0.966391
111	70	1.04849
111	97	1.01629
111	101	1.06049
111	115	0.94868
111	117	1.01064
111	118	1.08665
111	121	0.980254
111	123	0.999724
111	127	1.03688
111	132	0.999706
111	133	1.01414
111	134	0.999237
111	136	1.03231
111	140	0.98856
111	153	0.997673
111	155	0.981924
111	172	0.992295
111	173	1.00442
111	174	0.998704
111	176	0.992438
111	179	1.0003
112	27	1.06435
112	35	1.00424
112	39	0.85037
112	43	1.04266
112	90	0.969922
112	91	0.959778
112	103	0.988976
112	105	0.980731
112	107	0.953875
112	116	1.02291
112	125	1.02289
112	138	1.02172
112	141	1.03443
112	146	1.0379
112	150	1.00574
112	156	1.01382
112	158	0.992347
112	159	0.997568
112	160	1.00461
112	162	1.00455
112	165	1.01155
112	166	1.01362
112	167	0.994541
112	175	0.995764
112	177	1.01582
113	9	1.00708
113	25	0.955389
113	26	0.91018
113	37	1.03886
113	63	0.904838
113	100	1.08139
113	102	1.07844
113	110	1.06181
113	116	0.992447
113	123	1.00012
113	132	0.969693
113	137	0.991748
113	138	0.991262
113	139	0.996637
113	145	0.938623
113	147	1.02589
113	149	0.965684
113	157	1.03538
113	162	0.974089
113	165	0.981086
113	166	0.983156
113	167	1.0357
113	168	0.982948
113	169	1.08033
113	175	0.965305
113	179	1.05718
114	8	1.01836
114	10	1.03451
114	34	0.994419
114	42	0.96262
114	70	0.948266
114	76	1.00377
114	80	1.01895
114	82	1.02966
114	95	0.984743
114	108	0.968164
114	116	1.05744
114	117	1.04485
114	129	0.971223
114	160	1.06739
114	161	0.94072
114	163	0.989541
114	167	0.989548
114	168	0.978519
114	169	0.959765
114	170	0.978226
114	173	1.058
114	174	1.07051
114	177	0.988913
114	178	0.979665
114	179	0.980801
114	180	0.975426
115	4	0.850256
115	11	1.04671
115	25	0.935673
115	54	1.12866
115	71	1.0994
115	78	0.898673
115	82	1.00096
115	93	0.93496
115	99	0.942705
115	106	1.02161
115	110	1.07551
115	111	0.94868
115	117	0.966413
115	119	1.07728
115	122	0.947399
115	130	0.945731
115	132	1.07028
115	136	0.988086
115	140	0.944336
115	149	1.09466
115	152	0.962695
115	153	0.953449
115	171	1.07922
115	174	0.95448
115	175	1.12334
115	176	0.948213
115	180	1.06367
116	5	0.932255
116	48	0.992447
116	63	0.953395
116	69	0.999529
116	70	1.0142
116	77	0.978564
116	87	0.963914
116	94	1.03551
116	102	0.987271
116	103	1.00707
116	112	1.02291
116	113	0.992447
116	114	1.05744
116	127	1.00259
116	132	1.01825
116	137	1.0403
116	149	1.01424
116	150	1.02384
116	151	0.955547
116	157	0.944211
116	159	1.01567
116	162	1.02265
116	165	1.02964
116	169	0.989163
116	173	1.03223
116	175	1.01386
116	179	0.966008
117	46	0.992269
117	80	0.918485
117	81	1.04825
117	83	0.953277
117	84	0.958848
117	97	1.03403
117	101	1.07822
117	104	0.914147
117	107	0.965656
117	111	1.01064
117	114	1.04485
117	115	0.966413
117	119	1.13924
117	128	0.962803
117	131	1.10351
117	132	0.952828
117	133	0.967265
117	135	0.99508
117	144	0.985199
117	151	1.02973
117	152	1.02465
117	153	1.01541
117	168	0.960502
117	172	1.01003
117	174	1.01644
117	176	1.01017
117	180	0.946212
118	15	0.866221
118	55	0.919966
118	81	1.14363
118	94	1.03427
118	107	1.1111
118	111	1.08665
118	120	1.05713
118	124	0.928154
118	126	0.922756
118	127	0.957927
118	155	0.964629
118	157	0.973209
118	158	1.10042
118	160	1.06231
118	161	0.932941
118	163	0.981761
118	168	0.970739
118	169	0.951985
118	170	0.970446
118	171	0.96555
118	172	1.07936
118	173	1.05293
118	174	1.06543
118	177	0.981134
118	178	0.971885
118	179	0.973021
118	180	0.967646
119	7	0.827306
119	16	1.09682
119	20	0.925869
119	45	1.10049
119	46	1.10313
119	58	1.1554
119	59	1.12982
119	62	1.1357
119	66	1.09499
119	88	1.17341
119	107	1.07652
119	115	1.07728
119	117	1.13924
119	125	0.822534
119	130	1.11855
119	146	0.837801
119	148	0.875903
119	153	1.12627
119	156	0.813723
119	158	0.867542
119	162	0.856176
119	168	0.823005
119	170	0.818309
119	172	1.12089
119	173	0.820044
119	174	1.1273
119	176	1.12104
119	179	0.81592
120	3	1.01511
120	18	1.0046
120	62	0.96236
120	77	1.09786
120	80	1.0193
120	81	0.933528
120	84	1.08778
120	89	0.954205
120	110	0.993671
120	118	1.05713
120	131	0.937601
120	141	0.99476
120	142	0.988293
120	143	0.991651
120	144	0.990812
120	145	1.07024
120	147	0.997941
120	148	0.985518
120	154	1.0216
120	158	0.981006
120	160	0.993266
120	161	1.01568
120	163	0.948484
120	169	0.993926
120	173	1.00279
120	176	0.994671
120	177	0.970577
120	180	0.998973
121	21	0.953851
121	31	1.03687
121	38	0.99081
121	57	0.940361
121	61	0.99984
121	62	0.99445
121	65	1.01227
121	74	0.929895
121	82	1.03254
121	90	1.0364
121	96	1.13401
121	111	0.980254
121	128	1.00665
121	130	0.977305
121	140	0.97591
121	146	1.01914
121	147	0.96597
121	151	0.999347
121	152	0.994268
121	160	1.01077
121	162	1.03752
121	165	1.02182
121	171	1.00561
121	172	0.979645
121	174	0.986054
121	176	0.979787
121	177	0.997065
121	178	1.00404
122	14	1.01848
122	23	0.971462
122	40	1.00671
122	45	0.970613
122	59	0.999937
122	79	0.93929
122	82	1.04391
122	87	1.0129
122	93	0.977903
122	99	0.985647
122	103	1.02743
122	115	0.947399
122	127	1.05158
122	130	0.988674
122	134	0.997955
122	135	0.976066
122	147	0.983702
122	153	0.996392
122	163	0.992704
122	165	1.03955
122	168	1.02208
122	169	1.03815
122	170	1.01738
122	172	0.991014
122	174	0.997423
122	176	0.991156
122	179	1.01499
122	180	1.00779
123	3	1.05223
123	32	1.06854
123	43	0.988515
123	67	1.00943
123	75	0.925882
123	89	0.991317
123	103	1.01475
123	111	0.999724
123	113	1.00012
123	129	0.996883
123	131	0.974713
123	142	1.02541
123	144	1.02793
123	145	0.994853
123	147	1.03505
123	150	1.03151
123	152	0.987215
123	157	0.94008
123	163	0.939589
123	165	1.03732
123	166	1.03939
123	167	0.9404
123	169	0.985031
123	170	0.964266
123	173	1.0399
123	174	0.978505
123	175	1.02154
123	179	0.961877
123	180	1.03609
124	6	0.996075
124	15	0.874902
124	24	1.07288
124	25	1.10507
124	29	1.01799
124	35	1.03234
124	62	1.02158
124	67	1.09063
124	86	1.0416
124	87	0.965927
124	92	0.93698
124	108	0.969065
124	118	0.928154
124	146	0.973088
124	147	0.998701
124	156	0.992141
124	157	0.98189
124	159	1.06771
124	161	0.941622
124	162	1.07025
124	164	0.955959
124	169	0.960666
124	170	0.979127
124	171	0.974231
124	172	1.06055
124	173	1.03411
124	177	0.989815
124	178	0.980566
124	179	0.981702
125	35	1.02232
125	45	0.959364
125	51	1.09227
125	60	1.0431
125	66	0.990428
125	71	1.00151
125	83	1.09701
125	91	0.977863
125	112	1.02289
125	119	0.822534
125	130	0.999994
125	137	1.04029
125	138	1.03981
125	139	1.04518
125	145	0.987166
125	149	1.01423
125	155	0.95069
125	156	0.966865
125	159	1.01565
125	163	0.946775
125	165	1.02963
125	166	1.0317
125	170	0.971452
125	173	1.03222
125	174	0.985692
125	175	1.01385
125	177	0.968868
125	178	0.975838
125	180	0.961857
126	5	1.01098
126	8	1.00921
126	11	1.02057
126	31	0.997728
126	49	0.954939
126	69	1.09667
126	70	0.94377
126	93	1.11964
126	108	0.963668
126	118	0.922756
126	132	0.960768
126	151	1.03428
126	155	0.967913
126	156	0.986743
126	158	1.09636
126	159	1.08246
126	160	1.05825
126	163	0.985045
126	164	0.950561
126	167	0.985051
126	168	0.974023
126	169	0.955268
126	170	0.973729
126	171	0.968834
126	176	1.06864
126	177	0.984417
126	178	0.975168
126	179	0.976304
126	180	0.97093
127	12	0.964619
127	14	0.996959
127	26	1.10913
127	34	0.939577
127	41	1.02365
127	95	1.01542
127	96	0.923077
127	98	0.986023
127	100	0.981423
127	102	0.979487
127	104	0.959764
127	111	1.03688
127	116	1.00259
127	118	0.957927
127	122	1.05158
127	129	1.0019
127	138	1.01903
127	142	1.01107
127	147	0.967745
127	155	1.00308
127	161	0.971395
127	163	1.02022
127	165	1.02359
127	169	0.990439
127	170	1.0089
127	171	1.004
127	177	1.01959
127	178	1.01034
127	179	1.01148
127	180	1.0061
128	28	0.963664
128	33	1.14789
128	75	1.02826
128	88	0.934717
128	96	0.925186
128	98	0.988132
128	108	1.00095
128	117	0.962803
128	121	1.00665
128	130	1.00277
128	137	0.977532
128	151	0.961374
128	155	1.00519
128	157	1.01377
128	159	1.00956
128	160	0.985345
128	161	0.973504
128	163	1.02232
128	164	0.987841
128	167	1.02233
128	168	1.0113
128	169	0.992549
128	170	1.01101
128	171	1.00611
128	172	1.00239
128	173	0.975958
128	175	1.0243
128	177	1.0217
128	178	1.01245
128	179	1.01358
129	53	0.935344
129	56	0.964603
129	60	0.978365
129	94	0.98292
129	96	0.928593
129	98	0.991539
129	99	1.04436
129	114	0.971223
129	123	0.996883
129	127	1.0019
129	132	1.00146
129	135	1.03319
129	146	1.00838
129	147	0.966165
129	151	0.986995
129	154	0.983407
129	155	1.0086
129	157	1.01718
129	164	0.991249
129	166	1.02315
129	167	1.02574
129	169	0.995956
129	170	1.01442
129	171	1.00952
129	174	1.01408
129	175	1.04993
129	177	1.0251
129	178	1.01586
129	179	1.01699
129	180	1.01162
130	4	0.891531
130	7	1.00477
130	28	1.05018
130	36	1.0078
130	65	1.02198
130	71	1.02191
130	73	0.978585
130	76	0.950114
130	90	1.0461
130	93	0.976235
130	101	1.05754
130	115	0.945731
130	119	1.11855
130	121	0.977305
130	122	0.988674
130	125	0.999994
130	128	1.00277
130	132	0.992791
130	134	0.996287
130	136	1.02936
130	140	0.985611
130	151	1.00905
130	152	1.00397
130	153	0.994723
130	156	0.991183
130	165	1.01794
130	167	0.971904
130	172	0.989346
130	176	0.989488
130	179	0.993381
131	22	0.916126
131	24	0.922205
131	30	1.0377
131	37	1.09423
131	39	0.946894
131	44	0.951775
131	68	0.930087
131	86	0.951099
131	100	1.13676
131	104	0.98532
131	110	0.949147
131	117	1.10351
131	120	0.937601
131	123	0.974713
131	132	1.11195
131	140	0.938646
131	141	0.950235
131	142	0.943768
131	143	0.947126
131	144	0.946288
131	147	0.953416
131	148	0.940993
131	155	1.09417
131	160	0.948741
131	168	1.11963
131	169	1.1357
131	170	1.11493
131	173	0.958265
131	177	1.11235
131	180	0.954448
132	8	0.926337
132	19	1.04293
132	40	0.962357
132	61	1.00538
132	62	0.953448
132	110	0.966494
132	111	0.999706
132	113	0.969693
132	115	1.07028
132	116	1.01825
132	117	0.952828
132	126	0.960768
132	129	1.00146
132	130	0.992791
132	131	1.11195
132	135	0.997594
132	148	1.02184
132	150	1.00109
132	159	0.992913
132	162	0.999893
132	163	1.01977
132	164	0.98529
132	165	1.00689
132	166	1.00896
132	169	0.989997
132	170	1.00846
132	175	0.991109
132	177	1.01915
132	178	1.0099
132	179	1.01103
133	19	1.05737
133	23	1.02214
133	37	0.987982
133	68	1.04495
133	76	1.03343
133	92	0.965732
133	98	0.985001
133	100	0.980401
133	101	0.917779
133	102	0.978466
133	106	1.01558
133	111	1.01414
133	117	0.967265
133	143	1.00448
133	151	0.965836
133	156	1.02089
133	161	0.970373
133	162	1.01655
133	163	1.01919
133	164	0.98471
133	165	1.00085
133	166	1.00199
133	167	1.0192
133	168	1.00817
133	169	0.989418
133	171	1.00298
133	173	0.98042
133	177	1.01857
133	178	1.00932
133	179	1.01045
134	12	1.03378
134	19	0.971046
134	27	1.02048
134	37	0.953837
134	50	1.00257
134	59	1.00755
134	61	0.97473
134	66	0.972723
134	70	1.02035
134	73	0.987867
134	83	0.941876
134	84	0.947447
134	88	1.05114
134	90	1.05538
134	95	0.956638
134	111	0.999237
134	122	0.997955
134	130	0.996287
134	135	0.98368
134	144	1.00393
134	145	1.07161
134	148	1.03213
134	151	1.01833
134	154	1.03332
134	158	1.02377
134	164	0.97357
134	172	0.998627
134	174	1.00504
134	176	0.99877
134	180	0.964945
135	21	0.950944
135	26	1.09184
135	33	0.91983
135	34	1.0275
135	35	1.00053
135	52	1.08484
135	59	0.985661
135	62	0.991543
135	70	1.04638
135	79	0.925015
135	81	1.09302
135	83	0.919987
135	84	0.925558
135	90	1.03349
135	93	0.963628
135	108	0.991321
135	117	0.99508
135	122	0.976066
135	129	1.03319
135	132	0.997594
135	134	0.98368
135	145	1.09765
135	149	1.02197
135	150	1.02259
135	152	0.991362
135	153	0.982116
135	171	1.00653
135	172	0.976738
135	174	0.983147
135	176	0.976881
135	178	1.00496
136	8	1.05167
136	18	0.968865
136	21	1.00591
136	24	0.977929
136	34	1.08246
136	38	1.04287
136	45	1.0113
136	46	1.01394
136	52	1.02169
136	58	1.06621
136	78	0.982303
136	82	1.08459
136	84	0.980521
136	101	1.09989
136	111	1.03231
136	115	0.988086
136	130	1.02936
136	140	1.02797
136	144	0.96682
