1	17	0.896217
1	19	0.892078
1	28	0.868261
1	53	0.911605
1	62	0.962956
1	68	1.18684
1	74	0.910713
1	96	0.894466
1	142	1.2391
1	145	1.07474
1	159	0.863705
1	162	1.31019
2	61	1.39893
2	152	1.66744
2	161	0.804269
2	163	0.792409
2	165	1.72382
2	170	0.799584
2	171	0.789559
2	175	0.805547
2	177	0.792055
2	178	0.805349
2	179	0.805616
2	180	0.805616
3	11	1.16076
3	45	0.84916
3	61	0.887138
3	75	0.919789
3	92	0.945143
3	93	0.919183
3	108	0.882578
3	125	1.14787
3	156	0.903721
3	158	0.89329
3	162	1.43756
3	173	1.07344
4	45	0.852681
4	61	0.890659
4	108	0.886099
4	116	1.3791
4	136	1.13925
4	166	0.927445
4	169	0.906222
4	172	0.922927
4	174	0.898598
4	175	1.10777
4	176	0.915373
4	177	1.18
5	104	0.877334
5	121	1.15903
5	127	0.912159
5	134	1.26706
5	143	0.874257
5	145	0.897309
5	156	1.20691
5	160	0.890694
5	166	0.914055
5	167	0.924657
5	172	0.909537
5	179	1.17319
6	30	0.885516
6	40	1.1113
6	65	1.25728
6	151	0.90095
6	152	0.899032
6	157	0.896843
6	161	1.20929
6	164	0.900572
6	169	0.905187
6	171	1.22852
6	174	0.897563
6	176	0.914339
7	91	1.46368
7	133	0.798321
7	149	0.809941
7	155	0.804061
7	157	0.789747
7	161	1.66123
7	165	0.798036
7	168	0.804097
7	169	0.798091
7	171	1.68046
7	174	0.790467
7	176	0.807243
8	89	0.793806
8	132	0.793739
8	133	0.801567
8	164	0.796723
8	165	0.801283
8	168	0.807344
8	169	0.801338
8	171	1.64036
8	174	0.793714
8	176	0.810489
8	178	1.58434
8	179	1.57953
9	34	0.963551
9	60	1.28459
9	64	0.884601
9	73	1.13456
9	75	0.901146
9	85	1.16546
9	92	0.926501
9	93	0.90054
9	108	0.863936
9	156	0.885078
9	158	0.874647
9	162	1.23593
10	80	1.17994
10	94	1.32048
10	98	1.18202
10	149	1.11067
10	153	0.909813
10	163	0.889076
10	173	0.903596
10	175	0.902215
10	177	0.888723
10	178	0.902016
10	179	0.902283
10	180	0.902283
11	3	1.16076
11	23	1.57644
11	92	1.12961
11	108	1.31157
11	160	0.855893
11	167	0.889857
11	168	0.864037
11	172	0.874737
11	174	0.850408
11	176	0.867183
11	177	0.856923
11	179	0.870483
11	180	0.870483
12	44	1.43535
12	90	1.33866
12	137	0.881407
12	151	0.863194
12	152	0.861276
12	156	0.868452
12	157	0.859087
12	161	1.23749
12	164	0.862817
12	165	0.867377
12	174	0.859808
12	176	0.876584
12	179	1.1959
13	117	1.18747
13	124	1.37365
13	135	0.883239
13	162	0.830844
13	164	1.35894
13	167	1.27601
13	170	0.868329
13	171	0.858304
13	173	0.875673
13	177	0.8608
13	178	0.874094
13	179	0.87436
13	180	0.87436
14	123	1.30524
14	138	1.33453
14	146	1.26769
14	161	0.869323
14	170	0.864637
14	171	0.854613
14	173	0.871982
14	174	1.28744
14	175	0.870601
14	177	0.857109
14	178	0.870402
14	179	0.870669
14	180	0.870669
15	22	0.858698
15	39	0.820844
15	79	0.856216
15	141	0.889899
15	144	0.869965
15	145	0.867854
15	150	1.28385
15	156	1.26463
15	160	0.861239
15	164	1.32922
15	167	0.895202
15	172	0.880082
15	174	1.32272
16	41	0.818767
16	97	0.866998
16	115	0.864548
16	121	1.24476
16	141	0.885611
16	147	1.28151
16	154	0.860107
16	156	1.29264
16	157	1.38537
16	160	0.856951
16	166	0.880312
16	167	0.890914
16	172	0.875794
17	1	0.896217
17	23	0.778962
17	28	0.850794
17	53	0.894137
17	62	0.945489
17	77	1.26171
17	82	0.862392
17	96	0.876999
17	101	1.22336
17	124	0.848774
17	130	1.18822
17	159	0.846237
17	162	1.54188
18	47	1.48728
18	98	0.866501
18	117	0.907844
18	120	1.29042
18	121	1.19689
18	137	0.872136
18	146	0.859798
18	147	1.23364
18	164	0.853545
18	168	0.864167
18	169	0.858161
18	174	0.850537
18	176	0.867312
19	1	0.892078
19	23	0.774823
19	27	0.839435
19	53	0.889998
19	62	0.94135
19	74	0.889106
19	82	0.858253
19	85	1.40795
19	88	1.25229
19	96	0.87286
19	159	0.842098
19	162	1.47842
19	175	1.07844
20	68	0.839498
20	70	1.42729
20	104	0.847817
20	113	0.844834
20	114	1.23061
20	127	0.882643
20	154	0.864333
20	160	0.861177
20	166	0.884538
20	167	0.89514
20	172	0.88002
20	176	1.29152
20	179	1.25358
21	65	1.3032
21	100	1.26066
21	113	1.40873
21	133	0.867288
21	151	0.862821
21	155	0.873028
21	157	0.858714
21	164	0.862443
21	165	0.867003
21	168	0.873064
21	172	1.22748
21	174	0.859434
21	176	0.87621
22	15	0.858698
22	105	0.891922
22	113	0.829604
22	140	0.885213
22	141	0.874607
22	150	1.29859
22	152	1.28642
22	160	0.845947
22	164	1.34396
22	166	0.869309
22	167	0.879911
22	172	0.864791
22	180	1.27105
23	11	1.57644
23	17	0.778962
23	19	0.774823
23	28	0.751006
23	53	0.79435
23	62	0.845702
23	64	0.766512
23	74	0.793458
23	96	0.777211
23	131	0.771523
23	142	1.78214
23	159	0.74645
23	162	1.85324
24	70	0.74704
24	97	1.69665
24	147	0.787523
24	149	1.76114
24	163	0.773951
24	170	0.781126
24	172	1.74032
24	173	0.78847
24	175	0.787089
24	177	0.773597
24	178	0.786891
24	179	0.787158
24	180	0.787158
25	46	1.27313
25	49	0.866849
25	72	1.26599
25	113	0.805943
25	125	1.55312
25	127	0.843751
25	138	0.836458
25	140	0.861552
25	141	0.850945
25	154	0.825442
25	160	0.822285
25	166	0.845647
25	169	1.51315
25	172	0.841129
26	30	1.43041
26	135	0.852019
26	138	1.45417
26	153	0.85067
26	155	1.38315
26	163	0.829934
26	170	0.837109
26	171	0.827084
26	172	1.32914
26	173	0.844453
26	177	0.82958
26	178	0.842874
26	179	0.84314
26	180	0.84314
27	19	0.839435
27	28	0.815619
27	53	0.858962
27	62	0.910314
27	64	0.831124
27	67	0.819989
27	74	0.85807
27	77	1.31339
27	96	0.841824
27	124	0.813599
27	141	1.18969
27	142	1.52247
27	159	0.811062
27	162	1.59357
28	1	0.868261
28	17	0.850794
28	23	0.751006
28	27	0.815619
28	62	0.917533
28	74	0.86529
28	96	0.849043
28	109	1.39834
28	110	1.29934
28	124	0.820818
28	131	0.843355
28	142	1.59421
28	159	0.818282
28	171	1.31583
29	57	0.856606
29	94	0.813648
29	148	1.46557
29	152	0.834728
29	155	0.846853
29	160	1.40741
29	164	0.836269
29	165	0.840829
29	168	0.84689
29	169	0.840884
29	171	1.37263
29	173	1.35798
29	174	0.83326
29	176	0.850036
30	6	0.885516
30	26	1.43041
30	106	1.44396
30	137	0.847068
30	140	1.27365
30	152	0.826937
30	155	0.839062
30	159	1.45396
30	164	0.828478
30	165	0.833038
30	168	0.839099
30	169	0.833093
30	174	0.825469
30	176	0.842245
31	117	1.29549
31	127	0.848462
31	136	1.41044
31	138	0.841169
31	141	0.855656
31	144	0.835722
31	145	0.833612
31	151	1.46445
31	154	0.830153
31	162	0.79807
31	166	0.850358
31	167	0.86096
31	171	1.42947
31	172	0.84584
32	94	0.813843
32	135	1.3374
32	139	1.42983
32	149	0.85293
32	151	0.836842
32	155	0.847049
32	161	1.43609
32	164	0.836464
32	165	0.841024
32	168	0.847085
32	169	0.841079
32	174	0.833456
32	175	1.40482
32	176	0.850231
33	51	0.936042
33	70	0.902075
33	86	1.09001
33	87	1.22896
33	89	1.13726
33	150	0.934452
33	163	0.928986
33	167	1.03564
33	169	1.10092
33	173	0.943505
33	177	0.928632
33	178	0.941925
33	179	0.942192
33	180	0.942192
34	9	0.963551
34	45	0.878716
34	61	0.916694
34	73	1.17949
34	75	0.949345
34	92	0.974699
34	93	0.948739
34	108	0.912135
34	142	1.20977
34	156	0.933277
34	158	0.922846
34	162	1.28086
34	163	0.982398
34	165	0.967715
35	46	0.85391
35	59	1.3958
35	120	0.80631
35	146	1.51809
35	158	1.55399
35	163	0.807645
35	168	1.52453
35	170	0.81482
35	171	0.804795
35	173	0.822164
35	175	0.820783
35	177	0.807291
35	178	0.820585
35	179	0.820851
35	180	0.820851
36	38	0.778656
36	71	0.791345
36	103	0.821368
36	115	0.82548
36	122	1.45493
36	123	0.82201
36	127	0.839348
36	143	0.801445
36	145	0.824498
36	156	1.49436
36	160	0.817882
36	161	1.50224
36	166	0.841244
36	172	0.836726
36	174	1.55245
37	44	0.77809
37	122	0.829597
37	128	0.831365
37	148	0.798586
37	149	1.46496
37	153	0.830751
37	154	1.49522
37	160	1.52589
37	161	0.821874
37	168	1.50877
37	170	0.817189
37	175	0.823153
37	178	0.822954
37	179	0.823221
37	180	0.823221
38	36	0.778656
38	49	0.853826
38	63	0.815098
38	113	0.792919
38	126	1.60173
38	144	0.817988
38	145	0.815878
38	154	0.812419
38	160	0.809262
38	161	1.49034
38	166	0.832624
38	167	0.843226
38	172	0.828106
38	175	1.45906
38	178	1.45356
39	15	0.820844
39	46	1.40493
39	68	0.786414
39	72	1.39779
39	103	0.811579
39	113	0.79175
39	138	0.822266
39	140	0.847359
39	154	0.811249
39	160	0.808093
39	166	0.831454
39	167	0.842056
39	170	1.63562
39	172	0.826936
39	178	1.56913
40	6	1.1113
40	132	1.25321
40	147	0.903931
40	149	1.17838
40	157	1.27015
40	161	0.902219
40	170	0.897534
40	171	0.887509
40	173	0.904878
40	175	0.903497
40	176	1.18164
40	177	0.890005
40	178	0.903299
40	179	0.903566
40	180	0.903566
41	16	0.818767
41	76	0.77208
41	91	1.35979
41	127	0.83177
41	138	0.824477
41	144	0.81903
41	154	0.813461
41	156	1.54947
41	158	0.803032
41	160	0.810304
41	166	0.833666
41	167	0.844268
41	172	0.829148
41	176	1.55368
41	180	1.54115
42	86	1.16233
42	110	0.886739
42	123	1.2022
42	134	0.879805
42	139	0.89327
42	145	1.26744
42	165	1.18974
42	168	1.17109
42	171	0.893776
42	173	0.911145
42	175	0.909764
42	177	0.896272
42	178	0.909566
42	179	0.909833
42	180	0.909833
43	136	0.899034
43	145	1.26857
43	155	1.16161
43	158	1.20169
43	160	1.18934
43	163	0.892221
43	168	1.17223
43	170	0.899396
43	171	0.889371
43	173	0.90674
43	175	0.905359
43	177	0.891867
43	178	0.905161
43	179	0.905428
43	180	0.905428
44	12	1.43535
44	37	0.77809
44	64	1.48398
44	80	1.54349
44	95	0.772267
44	161	0.831191
44	163	0.819331
44	171	0.816481
44	173	0.83385
44	174	1.53135
44	175	0.832469
44	177	0.818977
44	178	0.832271
44	179	0.832538
44	180	0.832538
45	3	0.84916
45	4	0.852681
45	34	0.878716
45	61	0.783661
45	75	0.816312
45	77	1.46539
45	92	0.841666
45	93	0.815705
45	102	0.792941
45	108	0.779101
45	139	1.3706
45	156	0.800244
45	158	0.789813
45	162	1.74556
45	164	1.43358
46	25	1.27313
46	35	0.85391
46	39	1.40493
46	82	1.12015
46	111	0.87282
46	121	0.920608
46	149	1.07539
46	153	0.918257
46	169	1.12136
46	171	0.89467
46	175	0.910658
46	177	0.897166
46	178	0.91046
46	179	0.910726
46	180	0.910726
47	18	1.48728
47	53	0.837442
47	59	1.4261
47	68	0.785244
47	74	0.83655
47	96	0.820303
47	145	0.813539
47	159	0.789542
47	166	0.830285
47	173	0.822826
47	174	1.56814
47	176	1.51426
47	178	0.821247
47	179	0.821513
47	180	0.821513
48	99	1.20934
48	115	1.19406
48	132	0.892679
48	133	0.900507
48	151	0.89604
48	155	0.906247
48	163	1.26546
48	164	0.895662
48	165	0.900223
48	168	0.906284
48	169	0.900278
48	174	0.892654
48	176	0.909429
48	178	1.15844
48	180	1.17902
49	25	0.866849
49	38	0.853826
49	114	1.16047
49	115	0.900649
49	118	1.09208
49	140	0.932318
49	144	0.901777
49	154	0.896208
49	157	1.3099
49	160	0.893052
49	166	0.916413
49	167	0.927015
49	172	0.911895
49	173	1.22963
49	180	1.20885
50	81	0.865142
50	113	1.37526
50	133	1.27637
50	150	0.871436
50	152	1.22093
50	161	0.877829
50	163	0.865969
50	168	1.25865
50	169	1.2608
50	170	0.873144
50	171	0.863119
50	173	0.880488
50	177	0.865615
50	178	0.878909
50	179	0.879176
50	180	0.879176
51	33	0.936042
51	84	1.39079
51	88	0.839894
51	118	1.16819
51	131	1.3418
51	140	1.21798
51	147	0.871883
51	161	0.870172
51	167	1.27493
51	170	0.865487
51	173	0.872831
51	175	0.87145
51	177	0.857958
51	178	0.871251
51	179	0.871518
51	180	0.871518
52	84	1.3174
52	119	1.26473
52	121	0.891152
52	134	0.851243
52	144	1.25272
52	148	0.856635
52	160	1.28178
52	163	0.868064
52	170	0.875239
52	171	0.865214
52	174	1.27798
52	175	0.881202
52	177	0.86771
52	178	0.881004
52	179	0.88127
52	180	0.88127
53	1	0.911605
53	17	0.894137
53	19	0.889998
53	23	0.79435
53	27	0.858962
53	47	0.837442
53	55	1.05061
53	74	0.908633
53	78	1.50002
53	85	1.32777
53	96	0.892387
53	124	0.864162
53	126	1.14093
53	131	0.886698
53	159	0.861626
53	162	1.39824
54	59	0.889214
54	107	1.33045
54	128	1.20453
54	133	0.869032
54	137	0.882778
54	138	1.31026
54	145	1.34621
54	149	0.880653
54	152	0.862647
54	161	1.21296
54	164	0.864187
54	165	0.868747
54	168	0.874808
54	169	0.868802
54	174	0.861179
54	176	0.877954
55	53	1.05061
55	93	0.884243
55	106	1.39149
55	108	0.847638
55	147	1.28535
55	148	1.41653
55	156	0.868781
55	158	0.85835
55	164	0.863146
55	166	0.888984
55	167	0.899586
55	169	0.867761
55	172	0.884466
55	174	0.860137
55	176	0.876913
55	179	1.26276
56	103	0.794675
56	123	0.795317
56	136	1.60578
56	138	0.805362
56	141	0.819849
56	142	0.774862
56	143	0.774752
56	144	0.799915
56	154	0.794345
56	160	0.791189
56	166	0.81455
56	167	0.825152
56	172	0.810032
56	177	1.64654
56	179	1.56398
56	180	1.58938
57	29	0.856606
57	75	1.11193
57	81	1.29701
57	118	0.919006
57	146	0.870125
57	149	0.880337
57	157	0.860143
57	163	1.38092
57	164	0.863872
57	165	0.868432
57	166	1.27882
57	168	0.874493
57	169	0.868487
57	171	1.32991
57	174	0.860863
57	176	0.877639
58	62	1.31204
58	137	0.812
58	146	0.799662
58	149	0.809874
58	151	0.793787
58	155	0.803994
58	157	0.78968
58	160	1.73467
58	164	0.793409
58	165	0.797969
58	168	0.80403
58	169	0.798024
58	171	1.69988
58	174	0.7904
58	175	1.64937
58	176	0.807176
59	35	1.3958
59	47	1.4261
59	54	0.889214
59	97	1.12005
59	98	0.881517
59	120	1.22924
59	129	0.83927
59	151	0.868939
59	155	0.879145
59	164	0.868561
59	165	0.873121
59	168	0.879182
59	169	0.873176
59	174	0.865552
59	176	0.882328
59	177	1.23242
60	9	1.28459
60	76	0.752114
60	86	0.841765
60	110	1.70339
60	138	0.804511
60	140	0.829604
60	143	0.773901
60	144	0.799064
60	145	0.796953
60	153	1.6468
60	154	0.793494
60	162	0.761412
60	163	1.77089
60	166	0.813699
60	167	0.824301
60	172	0.809181
61	2	1.39893
61	3	0.887138
61	4	0.890659
61	34	0.916694
61	45	0.783661
61	75	0.85429
61	78	1.48444
61	92	0.879644
61	93	0.853684
61	102	0.830919
61	108	0.817079
61	111	1.2432
61	124	0.820219
61	142	1.31156
61	156	0.838222
61	158	0.827791
61	162	1.38265
62	1	0.962956
62	17	0.945489
62	19	0.94135
62	23	0.845702
62	27	0.910314
62	28	0.917533
62	58	1.31204
62	67	0.921904
62	73	1.18201
62	74	0.959985
62	96	0.943738
62	131	0.93805
62	142	1.21229
62	159	0.912977
62	161	0.914679
62	162	1.28338
62	173	0.919262
63	38	0.815098
63	71	0.827786
63	79	0.849302
63	104	0.840964
63	114	1.30916
63	143	0.837887
63	144	0.86305
63	156	1.36586
63	158	0.847051
63	160	0.854324
63	162	0.825398
63	165	1.42929
63	166	0.877685
63	167	0.888287
63	172	0.873167
63	175	1.34246
63	180	1.35754
64	9	0.884601
64	23	0.766512
64	27	0.831124
64	44	1.48398
64	90	1.38729
64	92	0.89575
64	93	0.869789
64	96	0.864549
64	108	0.833185
64	144	1.31108
64	159	0.833788
64	165	0.853252
64	168	0.859313
64	170	1.31583
64	171	1.30535
64	174	0.845683
64	176	0.862459
65	6	1.25728
65	21	1.3032
65	68	1.57662
65	114	0.875604
65	134	0.827605
65	144	1.35623
65	161	0.856286
65	162	0.814116
65	167	1.30505
65	170	0.851601
65	171	0.841577
65	173	0.858946
65	175	0.857565
65	177	0.844072
65	178	0.857366
65	179	0.857633
65	180	0.857633
66	106	1.14231
66	111	1.28442
66	132	0.921117
66	146	0.930353
66	151	0.924478
66	152	0.92256
66	155	0.934685
66	157	0.920371
66	159	1.1523
66	163	1.12541
66	164	0.9241
66	165	0.92866
66	167	1.02895
66	168	0.934721
66	171	1.0744
66	174	0.921092
66	176	0.937867
67	27	0.819989
67	62	0.921904
67	96	0.853413
67	100	1.40276
67	103	0.84352
67	135	1.29861
67	139	1.39105
67	159	0.822652
67	160	0.840033
67	166	0.863395
67	168	0.848178
67	169	0.842172
67	172	0.858877
67	174	0.834548
67	176	0.851323
67	178	1.36053
67	179	1.35572
68	1	1.18684
68	20	0.839498
68	39	0.786414
68	47	0.785244
68	65	1.57662
68	97	0.836856
68	127	0.848275
68	135	1.42993
68	138	0.840982
68	143	0.810372
68	144	0.835535
68	145	0.833424
68	149	1.52172
68	160	0.826809
68	166	0.85017
68	167	0.860772
68	172	0.845652
68	179	1.48704
69	77	0.840309
69	97	1.36227
69	127	1.40097
69	136	0.829596
69	139	0.819427
69	144	1.45863
69	158	1.50004
69	161	0.834643
69	163	0.822783
69	169	1.47273
69	170	0.829958
69	171	0.819933
69	173	0.837302
69	175	0.835921
69	177	0.822429
69	178	0.835723
69	179	0.835989
69	180	0.835989
70	20	1.42729
70	24	0.74704
70	33	0.902075
70	148	0.812916
70	150	0.829811
70	153	0.845081
70	157	1.50025
70	160	1.46941
70	161	0.836205
70	170	0.83152
70	171	0.821495
70	172	1.38766
70	175	0.837483
70	176	1.41173
70	177	0.823991
70	178	0.837284
70	179	0.837551
70	180	0.837551
71	36	0.791345
71	63	0.827786
71	78	0.78313
71	103	0.825437
71	105	0.867925
71	110	1.43371
71	120	1.46876
71	138	0.836123
71	141	0.85061
71	145	0.828566
71	147	1.41197
71	154	0.825107
71	156	1.42311
71	160	0.82195
71	166	0.845312
71	167	0.855914
71	172	0.840794
71	177	1.47194
72	25	1.26599
72	39	1.39779
72	86	1.10331
72	93	0.916211
72	108	0.879607
72	138	1.17247
72	145	1.20841
72	152	0.893574
72	156	0.900749
72	158	0.890318
72	164	0.895114
72	169	0.899729
72	171	0.896125
72	172	1.04744
72	174	0.892105
72	175	0.912113
72	179	0.912181
72	180	0.912181
73	9	1.13456
73	34	1.17949
73	62	1.18201
73	74	1.29107
73	92	1.30504
73	104	0.856083
73	108	1.487
73	124	0.854598
73	167	0.903406
73	168	0.877587
73	169	0.871581
73	171	0.867977
73	172	0.888286
73	174	0.863957
73	175	0.883965
73	176	0.880733
73	178	0.883766
73	179	0.884033
73	180	0.884033
74	1	0.910713
74	19	0.889106
74	23	0.793458
74	27	0.85807
74	28	0.86529
74	47	0.83655
74	53	0.908633
74	62	0.959985
74	73	1.29107
74	77	1.11227
74	78	1.49422
74	82	0.876889
74	85	1.32198
74	96	0.891495
74	124	0.86327
74	131	0.885806
74	156	1.01587
74	159	0.860734
74	162	1.39244
75	3	0.919789
75	9	0.901146
75	34	0.949345
75	45	0.816312
75	57	1.11193
75	61	0.85429
75	78	1.55502
75	80	0.863001
75	85	1.38277
75	92	0.912295
75	93	0.886335
75	102	0.86357
75	108	0.84973
75	124	0.85287
75	147	1.06553
75	156	0.870873
75	158	0.860442
75	162	1.45324
75	166	1.05267
76	41	0.77208
76	60	0.752114
76	89	1.58019
76	103	0.81375
76	115	0.817861
76	123	0.814392
76	134	1.55708
76	140	0.84953
76	141	0.838924
76	143	0.793827
76	145	0.816879
76	152	1.50398
76	154	0.81342
76	156	1.49693
76	160	0.810264
76	166	0.833625
76	167	0.844227
76	172	0.829107
76	179	1.46321
77	17	1.26171
77	27	1.31339
77	45	1.46539
77	69	0.840309
77	74	1.11227
77	92	1.12624
77	108	1.3082
77	138	0.88157
77	155	0.875505
77	166	0.890759
77	167	0.901361
77	169	0.869536
77	172	0.886241
77	174	0.861912
77	176	0.878688
77	177	0.868428
77	178	0.881721
77	179	0.881988
77	180	0.881988
78	53	1.50002
78	61	1.48444
78	71	0.78313
78	74	1.49422
78	75	1.55502
78	96	1.56139
78	160	0.809668
78	162	0.780741
78	165	0.811751
78	167	0.843631
78	168	0.817812
78	169	0.811806
78	172	0.828511
78	173	0.825571
78	174	0.804182
78	177	0.810697
78	178	0.823991
78	179	0.824258
78	180	0.824258
79	15	0.856216
79	63	0.849302
79	97	0.853512
79	104	0.830106
79	105	0.88944
79	106	1.42133
79	127	0.864931
79	130	1.34923
79	136	1.33439
79	140	0.882732
79	143	0.827029
79	145	0.850081
79	153	1.28034
79	154	0.846622
79	160	0.843466
79	166	0.866827
79	167	0.877429
79	172	0.862309
79	176	1.33053
79	179	1.2926
80	10	1.17994
80	44	1.54349
80	75	0.863001
80	92	0.888355
80	93	0.862395
80	108	0.82579
80	117	0.895596
80	122	1.29834
80	147	1.32663
80	151	0.841675
80	155	0.851882
80	158	0.836502
80	159	0.826393
80	165	0.845858
80	166	0.867136
80	167	0.877738
80	172	0.862618
80	173	1.35022
80	176	0.855064
80	178	1.30886
81	50	0.865142
81	57	1.29701
81	87	1.43671
81	116	0.811957
81	128	0.871779
81	145	1.40286
81	147	0.864
81	155	1.2959
81	161	0.862289
81	163	0.850428
81	165	1.32517
81	166	1.23775
81	170	0.857603
81	171	0.847579
81	173	0.864948
81	175	0.863567
81	177	0.850075
81	178	0.863368
81	179	0.863635
81	180	0.863635
82	17	0.862392
82	19	0.858253
82	46	1.12015
82	74	0.876889
82	95	1.54009
82	96	0.860642
82	99	1.33525
82	128	1.31269
82	141	0.875922
82	148	1.4333
82	149	0.861251
82	153	1.26727
82	157	0.841056
82	159	0.829881
82	160	0.847262
82	166	0.870623
82	169	0.8494
82	172	0.866105
82	174	0.841776
82	176	0.858552
83	95	1.4716
83	100	1.25808
83	116	1.49269
83	126	0.848279
83	137	0.87045
83	146	0.858112
83	149	0.868325
83	150	1.26398
83	151	0.852237
83	152	0.850319
83	155	0.862444
83	157	0.84813
83	164	0.851859
83	165	0.856419
83	167	1.22641
83	168	0.86248
83	169	0.856474
83	174	0.848851
83	176	0.865626
83	177	1.29359
84	51	1.39079
84	52	1.3174
84	85	0.853722
84	92	1.12734
84	94	0.831102
84	117	0.908022
84	119	0.855823
84	129	0.824433
84	146	0.859976
84	148	1.48509
84	149	0.870189
84	152	0.852183
84	157	0.849994
84	164	0.853723
84	165	0.858283
84	168	0.864344
84	174	0.850715
84	175	1.34164
84	176	0.86749
84	178	1.33614
85	9	1.16546
85	19	1.40795
85	53	1.32777
85	74	1.32198
85	75	1.38277
85	84	0.853722
85	96	1.38915
85	160	0.846009
85	164	0.843532
85	165	0.848093
85	166	0.869371
85	167	0.879973
85	170	0.854568
85	172	0.864853
85	174	0.840524
85	175	0.860531
85	176	0.857299
85	178	0.860333
85	179	0.8606
85	180	0.8606
86	33	1.09001
86	42	1.16233
86	60	0.841765
86	72	1.10331
86	91	1.11388
86	115	0.907512
86	123	0.904043
86	124	0.88507
86	139	1.30517
86	140	0.939181
86	143	0.883478
86	145	0.90653
86	154	0.903071
86	159	0.882534
86	160	0.899915
86	162	0.870989
86	166	0.923276
86	167	0.933878
86	172	0.918758
86	175	1.28015
86	177	1.35239
87	33	1.22896
87	81	1.43671
87	117	0.88944
87	119	0.837241
87	120	1.48816
87	126	0.831561
87	129	0.805851
87	132	0.832158
87	149	0.851607
87	152	0.833601
87	155	0.845726
87	157	0.831412
87	164	0.835141
87	165	0.839702
87	166	1.41851
87	168	0.845763
87	169	0.839757
87	174	0.832133
87	175	1.4191
87	176	0.848908
87	178	1.4136
88	19	1.25229
88	51	0.839894
88	110	0.822951
88	114	0.864016
88	118	1.2929
88	133	1.48049
88	134	0.816017
88	139	0.829482
88	147	0.84641
88	152	1.42504
88	161	0.844698
88	163	0.832838
88	169	1.46491
88	170	0.840013
88	173	0.847357
88	174	1.47608
88	175	0.845976
88	177	0.832484
88	178	0.845778
88	179	0.846044
88	180	0.846044
89	8	0.793806
89	33	1.13726
89	76	1.58019
89	101	0.857509
89	126	0.837037
89	129	0.811327
89	132	0.837634
89	133	0.845462
89	137	0.859208
89	143	1.4825
89	146	0.84687
89	150	1.37003
89	157	0.836888
89	159	1.4558
89	164	0.840617
89	165	0.845178
89	168	0.851239
89	169	0.845233
89	171	1.37791
89	174	0.837609
89	176	0.854384
90	12	1.33866
90	64	1.38729
90	100	0.845085
90	115	1.38329
90	134	0.817675
90	139	0.83114
90	148	0.823068
90	149	1.37754
90	153	0.855233
90	157	1.4693
90	161	0.846356
90	163	0.834496
90	164	1.44116
90	170	0.841671
90	171	0.831646
90	173	0.849015
90	175	0.847634
90	177	0.834142
90	178	0.847436
90	179	0.847703
90	180	0.847703
91	7	1.46368
91	41	1.35979
91	86	1.11388
91	125	0.881805
91	127	1.05303
91	130	0.898489
91	136	0.898125
91	147	0.904884
91	153	0.912049
91	160	1.13975
91	161	0.903172
91	164	1.14245
91	168	1.12264
91	170	0.898487
91	171	0.888463
91	173	0.905832
91	175	0.904451
91	177	0.890959
91	178	0.904252
91	179	0.904519
91	180	0.904519
92	3	0.945143
92	9	0.926501
92	11	1.12961
92	34	0.974699
92	45	0.841666
92	61	0.879644
92	64	0.89575
92	73	1.30504
92	75	0.912295
92	77	1.12624
92	80	0.888355
92	84	1.12734
92	93	0.911689
92	102	0.888924
92	108	0.875085
92	124	0.878224
92	142	1.33531
92	153	0.983851
92	156	0.896227
92	158	0.885796
92	162	1.40641
93	3	0.919183
93	9	0.90054
93	34	0.948739
93	45	0.815705
93	55	0.884243
93	61	0.853684
93	64	0.869789
93	72	0.916211
93	75	0.886335
93	80	0.862395
93	92	0.911689
93	108	0.849124
93	122	1.14245
93	124	0.852263
93	135	1.09105
93	142	1.48736
93	156	0.870266
93	158	0.859835
93	162	1.55845
93	171	1.20898
93	175	1.15847
93	180	1.17355
94	10	1.32048
94	29	0.813648
94	32	0.813843
94	84	0.831102
94	109	0.817936
94	133	0.825758
94	137	0.839504
94	140	1.403
94	149	0.837379
94	155	0.831498
94	157	0.817184
94	158	0.816117
94	159	1.5833
94	161	1.48618
94	163	1.55641
94	164	0.820913
94	165	0.825473
94	166	1.45431
94	168	0.831534
94	169	0.825528
94	174	0.817905
94	176	0.83468
95	44	0.772267
95	82	1.54009
95	83	1.4716
95	111	0.779492
95	114	0.835369
95	128	0.825542
95	130	0.811369
95	135	0.826277
95	153	0.824928
95	158	1.56861
95	161	0.816052
95	163	0.804192
95	164	1.55896
95	165	1.5578
95	170	0.811366
95	171	0.801342
95	173	0.818711
95	175	0.81733
95	176	1.49859
95	177	0.803838
95	178	0.817131
95	179	0.817398
95	180	0.817398
96	1	0.894466
96	17	0.876999
96	19	0.87286
96	23	0.777211
96	27	0.841824
96	28	0.849043
96	47	0.820303
96	53	0.892387
96	62	0.943738
96	64	0.864549
96	67	0.853413
96	74	0.891495
96	78	1.56139
96	82	0.860642
96	85	1.38915
96	107	1.2084
96	124	0.847023
96	131	0.869559
96	142	1.38852
96	159	0.844487
96	162	1.45961
96	170	1.12061
96	176	1.08725
97	16	0.866998
97	24	1.69665
97	59	1.12005
97	68	0.836856
97	69	1.36227
97	79	0.853512
97	113	0.842192
97	123	0.862663
97	140	0.897801
97	142	0.842208
97	143	0.842098
97	144	0.867261
97	145	0.86515
97	154	0.861691
97	155	1.23817
97	157	1.29674
97	158	0.851262
97	160	0.858535
97	164	1.2686
97	166	0.881896
97	167	0.892498
97	172	0.877378
97	173	1.21646
98	10	1.18202
98	18	0.866501
98	59	0.881517
98	109	0.853512
98	117	0.910789
98	119	0.85859
98	129	0.827199
98	130	1.36276
98	132	0.853507
98	139	1.34146
98	144	1.37268
98	151	0.856868
98	152	0.85495
98	155	0.867075
98	164	0.85649
98	165	0.86105
98	168	0.867111
98	169	0.861105
98	172	1.31999
98	174	0.853481
98	175	1.31644
98	176	0.870257
98	178	1.31094
99	48	1.20934
99	82	1.33525
99	101	1.34759
99	110	0.844487
99	122	0.873957
99	128	0.875725
99	135	0.87646
99	148	0.842946
99	150	0.859841
99	152	1.29659
99	157	1.38226
99	161	0.866235
99	163	0.854374
99	164	1.35412
99	170	0.861549
99	171	0.851525
99	172	1.26968
99	173	0.868894
99	175	0.867513
99	177	0.854021
99	178	0.867314
99	179	0.867581
99	180	0.867581
100	21	1.26066
100	67	1.40276
100	83	1.25808
100	90	0.845085
100	116	0.823373
100	124	1.36016
100	125	0.852337
100	130	0.869021
100	139	0.858488
100	148	0.850416
100	151	1.34295
100	155	1.31502
100	161	0.873704
100	163	0.861844
100	166	1.25687
100	170	0.869019
100	171	0.858995
100	173	0.876364
100	175	0.874983
100	177	0.86149
100	178	0.874784
100	179	0.875051
100	180	0.875051
101	17	1.22336
101	89	0.857509
101	99	1.34759
101	112	0.896715
101	119	0.862525
101	129	0.831135
101	132	0.857442
101	149	0.876891
101	151	0.860804
101	152	0.858885
101	153	1.2796
101	155	0.87101
101	160	1.38748
101	161	1.33346
101	162	0.833976
101	164	0.860426
101	165	0.864986
101	168	0.871047
101	169	0.865041
101	173	1.33804
101	174	0.857417
101	176	0.874193
101	178	1.29668
102	45	0.792941
102	61	0.830919
102	75	0.86357
102	92	0.888924
102	103	1.44146
102	104	1.44493
102	108	0.826359
102	127	1.34044
102	136	0.85254
102	140	1.28997
102	141	1.33797
102	154	1.3965
102	158	0.837071
102	164	0.841867
102	165	0.846427
102	166	1.34128
102	168	0.852488
102	169	0.846482
102	171	0.842878
102	176	0.855634
102	177	0.845373
102	178	0.858667
102	179	0.858934
102	180	0.858934
103	36	0.821368
103	39	0.811579
103	56	0.794675
103	67	0.84352
103	71	0.825437
103	76	0.81375
103	102	1.44146
103	104	0.838614
103	121	1.29584
103	123	0.856102
103	127	0.87344
103	130	1.36664
103	138	0.866147
103	141	0.880634
103	143	0.835538
103	148	1.46377
103	154	0.855131
103	160	0.851974
103	161	1.3516
103	166	0.875336
103	167	0.885938
103	172	0.870818
103	173	1.35618
103	180	1.3354
104	5	0.877334
104	20	0.847817
104	63	0.840964
104	73	0.856083
104	79	0.830106
104	102	1.44493
104	103	0.838614
104	138	0.849301
104	140	0.874394
104	141	0.863788
104	143	0.818691
104	145	0.841743
104	154	0.838284
104	155	1.38135
104	160	0.835128
104	162	0.806202
104	163	1.4253
104	166	0.858489
104	167	0.869091
104	172	0.853971
104	173	1.35965
104	175	1.32379
104	176	1.35141
104	178	1.31828
105	22	0.891922
105	71	0.867925
105	79	0.88944
105	111	1.35021
105	115	0.90206
105	123	0.89859
105	127	0.915928
105	129	1.32114
105	136	1.12116
105	141	0.923123
105	143	0.878026
105	144	0.903189
105	145	0.901078
105	148	1.23313
105	150	1.13231
105	154	0.897619
105	159	0.877082
105	160	0.894463
105	166	0.917824
105	167	0.928426
105	170	1.15067
105	171	1.14019
105	172	0.913306
105	177	1.16192
106	30	1.44396
106	55	1.39149
106	66	1.14231
106	79	1.42133
106	116	0.803594
106	122	0.861647
106	134	0.825244
106	136	0.848878
106	139	0.838709
106	147	0.855637
106	149	1.36351
106	153	0.862802
106	161	0.853925
106	163	0.842065
106	165	1.42597
106	168	1.40732
106	170	0.84924
106	171	0.839215
106	173	0.856584
106	175	0.855203
106	177	0.841711
106	178	0.855005
106	179	0.855272
106	180	0.855272
107	54	1.33045
107	96	1.2084
107	110	0.832519
107	120	0.841071
107	121	0.865494
107	130	0.849583
107	134	0.825585
107	137	1.3548
107	140	1.31759
107	148	0.830977
107	150	0.847873
107	157	1.48562
107	161	0.854266
107	163	0.842406
107	164	1.45749
107	169	1.43982
107	170	0.849581
107	171	0.839556
107	173	0.856925
107	175	0.855544
107	177	0.842052
107	178	0.855346
107	179	0.855612
107	180	0.855612
108	3	0.882578
108	4	0.886099
108	9	0.863936
108	11	1.31157
108	34	0.912135
108	45	0.779101
108	55	0.847638
108	61	0.817079
108	64	0.833185
108	72	0.879607
108	73	1.487
108	75	0.84973
108	77	1.3082
108	80	0.82579
108	92	0.875085
108	93	0.849124
108	102	0.826359
108	115	1.21852
108	124	0.815659
108	142	1.51728
108	156	0.833662
108	158	0.823231
108	162	1.58837
108	178	1.18289
109	28	1.39834
109	94	0.817936
109	98	0.853512
109	117	0.894855
109	119	0.842656
109	133	0.845401
109	134	1.4373
109	135	1.28633
109	146	0.846809
109	149	0.857022
109	151	0.840934
109	152	0.839016
109	153	1.33117
109	155	0.851141
109	157	0.836827
109	163	1.45526
109	164	0.840556
109	165	0.845116
109	168	0.851177
109	169	0.845171
109	174	0.837548
109	175	1.35374
109	176	0.854323
109	178	1.34824
110	28	1.29934
110	42	0.886739
110	60	1.70339
110	71	1.43371
110	88	0.822951
110	99	0.844487
110	107	0.832519
110	111	0.816668
110	118	1.15305
110	131	1.32666
110	139	0.838012
110	151	1.34023
110	153	0.862105
110	161	0.853228
110	163	0.841368
110	170	0.848543
110	171	0.838518
110	173	0.855887
110	174	1.33623
110	175	0.854506
110	177	0.841014
110	178	0.854308
110	179	0.854575
110	180	0.854575
111	46	0.87282
111	61	1.2432
111	66	1.28442
111	95	0.779492
111	105	1.35021
111	110	0.816668
111	122	0.846138
111	125	0.817048
111	127	1.47983
111	147	0.840127
111	150	0.832022
111	153	0.847292
111	154	1.53588
111	155	1.53882
111	161	0.838416
111	163	0.826555
111	170	0.83373
111	171	0.823706
111	173	0.841075
111	174	1.56275
111	175	0.839694
111	177	0.826202
111	178	0.839495
111	179	0.839762
111	180	0.839762
112	101	0.896715
112	119	0.881923
112	123	1.30787
112	125	1.31887
112	129	0.850532
112	130	1.25489
112	132	0.87684
112	137	0.898414
112	139	1.23359
112	146	0.886076
112	151	0.880201
112	152	0.878283
112	155	0.890408
112	157	0.876094
112	158	0.875027
112	164	0.879823
112	165	0.884383
112	167	1.21363
112	168	0.890444
112	169	0.884438
112	170	1.26956
112	174	0.876814
112	175	1.20858
112	176	0.89359
112	178	1.20307
113	20	0.844834
113	21	1.40873
113	22	0.829604
113	25	0.805943
113	38	0.792919
113	39	0.79175
113	50	1.37526
113	97	0.842192
113	125	1.51582
113	137	1.39083
113	138	0.846318
113	140	0.871411
113	143	0.815708
113	144	0.840871
113	145	0.838761
113	150	1.44815
113	154	0.835302
113	158	0.824873
113	159	0.814764
113	160	0.832145
113	166	0.855507
113	167	0.866109
113	170	1.46651
113	172	0.850989
113	178	1.40002
114	20	1.23061
114	49	1.16047
114	63	1.30916
114	65	0.875604
114	88	0.864016
114	95	0.835369
114	116	0.843962
114	120	0.881098
114	124	1.29014
114	147	0.896005
114	150	0.8879
114	153	0.90317
114	154	1.24206
114	160	1.27273
114	163	0.882433
114	164	1.27543
114	170	0.889608
114	171	0.879583
114	173	0.896952
114	175	0.895571
114	176	1.21505
114	177	0.882079
114	178	0.895373
114	179	0.89564
114	180	0.89564
115	16	0.864548
115	36	0.82548
115	48	1.19406
115	49	0.900649
115	76	0.817861
115	86	0.907512
115	90	1.38329
115	105	0.90206
115	108	1.21852
115	123	0.860213
115	138	0.870258
115	141	0.884745
115	142	0.839759
115	143	0.839649
115	144	0.864811
115	145	0.862701
115	154	0.859242
115	160	0.856086
115	163	1.35236
115	164	1.33884
115	165	1.33768
115	166	0.879447
115	167	0.890049
115	170	1.31183
115	172	0.874929
115	180	1.26593
116	4	1.3791
116	81	0.811957
116	83	1.49269
116	100	0.823373
116	106	0.803594
116	114	0.843962
116	122	0.832366
116	135	0.834869
116	136	0.819597
116	137	1.47737
116	148	0.801355
116	150	0.818251
116	161	0.824644
116	163	0.812784
116	166	1.49147
116	167	1.49712
116	169	1.56239
116	170	0.819959
116	171	0.809934
116	172	1.49561
116	173	0.827303
116	175	0.825922
116	177	0.81243
116	178	0.825724
116	179	0.82599
116	180	0.82599
117	13	1.18747
117	18	0.907844
117	31	1.29549
117	80	0.895596
117	84	0.908022
117	87	0.88944
117	98	0.910789
117	109	0.894855
117	126	0.894252
117	128	1.1601
117	129	0.868542
117	149	0.914298
117	152	0.896293
117	155	0.908417
117	157	0.894104
117	159	1.26566
117	161	1.16853
117	163	1.23877
117	164	0.897833
117	165	0.902393
117	167	1.14231
117	168	0.908454
117	169	0.902448
117	170	1.19824
117	174	0.894824
117	176	0.9116
117	180	1.15233
118	49	1.09208
118	51	1.16819
118	57	0.919006
118	88	1.2929
118	110	1.15305
118	125	1.22933
118	126	0.895088
118	129	0.869378
118	132	0.895685
118	133	0.903513
118	137	0.917259
118	138	1.24762
118	146	0.904921
118	148	1.26249
118	151	0.899046
118	152	0.897128
118	155	0.909253
118	157	0.894939
118	159	1.24744
118	162	0.872219
118	164	0.898668
118	165	0.903228
118	168	0.90929
118	169	0.903284
118	174	0.89566
118	176	0.912435
118	178	1.11354
119	52	1.26473
119	84	0.855823
119	87	0.837241
119	98	0.85859
119	101	0.862525
119	109	0.842656
119	112	0.881923
119	120	1.35803
119	124	1.39168
119	126	0.842053
119	133	0.850479
119	137	0.864224
119	148	1.43242
119	149	0.862099
119	151	0.846012
119	152	0.844093
119	155	0.856218
119	157	0.841904
119	159	1.41738
119	164	0.845634
119	168	0.856255
119	169	0.850249
119	174	0.842625
119	176	0.859401
119	177	1.36121
119	179	1.27866
119	180	1.30405
120	18	1.29042
120	35	0.80631
120	59	1.22924
120	71	1.46876
120	87	1.48816
120	107	0.841071
120	114	0.881098
120	119	1.35803
120	125	0.840412
120	128	0.871271
120	146	1.35153
120	147	0.863492
120	148	0.838492
120	150	0.855387
120	153	0.870657
120	156	0.851695
120	161	0.86178
120	162	0.81961
120	163	0.84992
120	171	0.84707
120	172	1.29333
120	175	0.863058
120	176	1.3174
120	177	0.849566
120	178	0.86286
120	179	0.863127
120	180	0.863127
121	5	1.15903
121	16	1.24476
121	18	1.19689
121	46	0.920608
121	52	0.891152
121	103	1.29584
121	107	0.865494
121	130	0.881521
121	136	0.881156
121	139	0.870988
121	145	1.36078
121	147	0.887915
121	150	0.879811
121	153	0.89508
121	161	0.886204
121	163	0.874344
121	166	1.19566
121	168	1.26443
121	170	0.881519
121	171	0.871494
121	172	1.1998
121	173	0.888863
121	174	1.27775
121	175	0.887482
121	177	0.87399
121	178	0.887283
121	179	0.88755
121	180	0.88755
122	36	1.45493
122	37	0.829597
122	80	1.29834
122	93	1.14245
122	99	0.873957
122	106	0.861647
122	111	0.846138
122	116	0.832366
122	123	1.30399
122	126	1.34738
122	136	0.87765
122	139	0.867481
122	144	1.26094
122	150	0.876304
122	153	0.891574
122	158	1.30235
122	159	0.852073
122	161	0.882698
122	163	0.870837
122	167	1.20976
122	168	1.27288
122	170	0.878012
122	171	0.867988
122	173	0.885357
122	175	0.883976
122	177	0.870484
122	178	0.883777
122	179	0.884044
122	180	0.884044
123	14	1.30524
123	36	0.82201
123	42	1.2022
123	56	0.795317
123	76	0.814392
123	86	0.904043
123	97	0.862663
123	103	0.856102
123	105	0.89859
123	112	1.30787
123	115	0.860213
123	122	1.30399
123	124	0.837771
123	138	0.866788
123	140	0.891882
123	141	0.881276
123	143	0.836179
123	144	0.861342
123	150	1.36265
123	151	1.4055
123	154	0.855772
123	156	1.34342
123	158	0.845343
123	160	0.852616
123	162	0.823689
123	166	0.875977
123	167	0.886579
123	170	1.381
123	172	0.871459
123	177	1.39225
124	13	1.37365
124	17	0.848774
124	27	0.813599
124	28	0.820818
124	53	0.864162
124	61	0.820219
124	73	0.854598
124	74	0.86327
124	75	0.85287
124	86	0.88507
124	92	0.878224
124	93	0.852263
124	96	0.847023
124	100	1.36016
124	108	0.815659
124	114	1.29014
124	119	1.39168
124	123	0.837771
124	129	1.55489
124	131	0.841335
124	138	0.847816
124	150	1.36607
124	156	0.836801
124	158	0.82637
124	159	0.816262
124	166	0.857004
124	167	0.867607
124	172	0.852486
124	173	1.3593
124	177	1.39567
124	179	1.31312
125	3	1.14787
125	25	1.55312
125	91	0.881805
125	100	0.852337
125	111	0.817048
125	112	1.31887
125	113	1.51582
125	118	1.22933
125	120	0.840412
125	128	0.863098
125	132	1.43022
125	134	0.824926
125	135	0.863833
125	139	0.838392
125	142	0.824037
125	148	0.830319
125	150	0.847215
125	153	0.862484
125	157	1.44715
125	159	0.822983
125	160	1.41632
125	161	0.853608
125	162	0.811438
125	167	1.33608
125	170	0.848923
125	173	0.856267
125	175	0.854886
125	177	0.841394
125	178	0.854687
125	179	0.854954
125	180	0.854954
126	38	1.60173
126	53	1.14093
126	83	0.848279
126	87	0.831561
126	89	0.837037
126	117	0.894252
126	118	0.895088
126	119	0.842053
126	122	1.34738
126	129	0.810663
126	132	0.836971
126	133	0.844799
126	137	0.858545
126	146	0.846207
126	152	0.838414
126	155	0.850538
126	156	0.845589
126	157	0.836225
126	162	0.813504
126	164	0.839954
126	165	0.844514
126	168	0.850575
126	169	0.844569
126	170	1.42438
126	172	1.36695
126	174	0.836945
126	176	0.853721
126	177	1.43564
126	178	1.3579
126	179	1.35308
126	180	1.37848
127	5	0.912159
127	20	0.882643
127	25	0.843751
127	31	0.848462
127	36	0.839348
127	41	0.83177
127	68	0.848275
127	69	1.40097
127	79	0.864931
127	91	1.05303
127	102	1.34044
127	103	0.87344
127	105	0.915928
127	111	1.47983
127	128	1.24215
127	136	1.25078
127	140	0.90922
127	141	0.898614
127	143	0.853517
127	144	0.87868
127	145	0.876569
127	154	0.87311
127	159	0.852573
127	160	0.869954
127	162	0.841027
127	166	0.893315
127	167	0.903917
127	169	1.28963
127	172	0.888797
127	176	1.24692
127	177	1.29154
127	179	1.20899
128	37	0.831365
128	54	1.20453
128	81	0.871779
128	82	1.31269
128	95	0.825542
128	99	0.875725
128	117	1.1601
128	120	0.871271
128	125	0.863098
128	127	1.24215
128	131	1.31549
128	133	1.32948
128	134	0.855785
128	135	0.894692
128	139	0.86925
128	141	1.23968
128	143	1.39867
128	148	0.861178
128	150	0.878073
128	153	0.893343
128	158	1.34121
128	161	0.884466
128	163	0.872606
128	167	1.24863
128	170	0.879781
128	171	0.869756
128	173	0.887125
128	175	0.885744
128	177	0.872252
128	178	0.885546
128	179	0.885813
128	180	0.885813
129	59	0.83927
129	84	0.824433
129	87	0.805851
129	89	0.811327
129	98	0.827199
129	101	0.831135
129	105	1.32114
129	112	0.850532
129	117	0.868542
129	118	0.869378
129	124	1.55489
129	126	0.810663
129	132	0.81126
129	135	1.38477
129	137	0.832834
129	142	0.800393
129	146	0.820496
129	149	0.830709
129	151	0.814621
129	154	1.50681
129	155	0.824828
129	157	0.810514
129	159	1.58059
129	164	0.814243
129	165	0.818803
129	166	1.4516
129	168	0.824865
129	169	0.818859
129	170	1.51317
129	174	0.811235
129	175	1.45219
129	176	0.82801
129	179	1.44187
130	17	1.18822
130	79	1.34923
130	91	0.898489
130	95	0.811369
130	98	1.36276
130	100	0.869021
130	103	1.36664
130	107	0.849583
130	112	1.25489
130	121	0.881521
130	132	1.36624
130	133	1.35295
130	134	0.841611
130	135	0.880518
130	136	0.865245
130	139	0.855076
130	147	0.872004
130	148	0.847004
130	150	0.863899
130	152	1.2975
130	157	1.38318
130	159	0.839668
130	162	0.828122
130	163	0.858432
130	170	0.865607
130	171	0.855583
130	172	1.2706
130	173	0.872952
130	175	0.871571
130	177	0.858078
130	178	0.871372
130	179	0.871639
130	180	0.871639
131	23	0.771523
131	28	0.843355
131	51	1.3418
131	53	0.886698
131	62	0.93805
131	74	0.885806
131	96	0.869559
131	110	1.32666
131	124	0.841335
131	128	1.31549
131	135	1.22523
131	136	1.32413
131	141	0.884839
131	143	0.839743
131	145	0.862795
131	151	0.85408
131	154	0.859336
131	157	0.849973
131	159	0.838798
131	160	0.856179
131	161	1.32393
131	164	0.853702
131	165	0.858263
131	167	0.890143
131	168	0.864324
131	169	0.858318
131	170	1.35363
131	172	0.875023
131	173	1.32851
131	174	0.850694
131	176	0.867469
131	177	1.36489
131	180	1.30773
132	8	0.793739
132	40	1.25321
132	48	0.892679
132	66	0.921117
132	87	0.832158
132	89	0.837634
132	98	0.853507
132	101	0.857442
132	112	0.87684
132	118	0.895685
132	125	1.43022
132	126	0.836971
132	129	0.81126
132	130	1.36624
132	133	0.845396
132	146	0.846804
132	149	0.857016
132	151	0.840929
132	152	0.839011
132	155	0.851135
132	157	0.836822
132	161	1.3512
132	163	1.42144
132	164	0.840551
132	165	0.845111
132	168	0.851172
132	169	0.845166
132	170	1.38091
132	171	1.37043
132	174	0.837542
132	176	0.854318
132	177	1.39216
132	179	1.30961
132	180	1.33501
133	7	0.798321
133	8	0.801567
133	21	0.867288
133	48	0.900507
133	50	1.27637
133	54	0.869032
133	88	1.48049
133	89	0.845462
133	94	0.825758
133	109	0.845401
133	118	0.903513
133	119	0.850479
133	126	0.844799
133	128	1.32948
133	130	1.35295
133	132	0.845396
133	139	1.33165
133	141	1.30274
133	146	0.854632
133	149	0.864845
133	151	0.848757
133	152	0.846839
133	157	0.84465
133	159	1.43504
133	162	0.82193
133	163	1.40815
133	164	0.848379
133	165	0.852939
133	168	0.859
133	169	0.852994
133	172	1.31018
133	174	0.84537
133	176	0.862146
133	177	1.37887
134	5	1.26706
134	42	0.879805
134	52	0.851243
134	65	0.827605
134	76	1.55708
134	88	0.816017
134	90	0.817675
