1	112	0.94635
1	142	0.864238
1	147	0.913459
1	165	1.04306
1	168	1.03546
1	169	1.05891
1	170	1.04068
1	172	1.05426
1	174	1.05598
1	175	1.05901
1	177	1.05264
1	180	0.870049
2	94	1.01586
2	120	1.02025
2	139	1.04871
2	141	1.05941
2	147	1.05724
2	148	1.06909
2	157	0.869624
2	166	0.86656
2	170	0.946015
2	175	0.924899
2	178	1.07577
2	179	1.05368
3	5	1.12539
3	25	1.2003
3	153	1.26863
3	165	0.920778
3	166	0.932989
3	167	0.946319
3	169	0.936634
3	172	0.931984
3	174	0.933695
3	175	0.936727
3	176	0.93051
3	177	0.930363
4	83	0.936793
4	118	1.04481
4	120	1.0114
4	132	0.954204
4	141	1.05055
4	147	1.04838
4	148	1.06023
4	151	1.07289
4	158	0.83308
4	167	0.883547
4	178	1.06691
4	179	1.04483
5	3	1.12539
5	34	1.06527
5	74	1.10145
5	87	1.02741
5	100	0.987063
5	102	1.04094
5	111	1.05864
5	113	1.0459
5	119	0.782563
5	135	0.826433
5	168	0.871114
5	178	1.07333
6	69	1.29081
6	95	0.940002
6	133	0.950699
6	137	0.956232
6	142	0.927898
6	145	0.925888
6	149	0.931504
6	150	0.916981
6	153	0.930802
6	155	0.919996
6	160	1.19073
6	162	1.12388
7	78	0.933963
7	115	0.917311
7	141	0.894829
7	164	1.0398
7	166	1.05671
7	168	1.0369
7	170	1.04212
7	172	1.05571
7	175	1.06045
7	176	1.05423
7	177	1.05408
7	178	0.847242
8	77	0.878507
8	136	0.928282
8	148	0.863148
8	155	0.922211
8	166	1.05025
8	167	1.06358
8	168	1.03044
8	171	1.05542
8	174	1.05095
8	175	1.05398
8	176	1.04777
8	177	1.04762
9	133	1.07278
9	142	1.04998
9	145	1.04797
9	149	1.05359
9	150	1.03907
9	153	1.05289
9	155	1.04208
9	166	0.884496
9	175	0.942835
9	176	0.891166
9	179	0.888773
9	180	1.04164
10	33	1.06303
10	84	1.04949
10	124	1.04903
10	127	1.03993
10	128	1.02798
10	136	1.04655
10	143	1.06195
10	157	0.850105
10	168	0.925138
10	170	0.926496
10	175	0.90538
10	180	1.06205
11	12	1.11534
11	88	0.906395
11	105	0.897836
11	112	0.939013
11	115	0.921856
11	125	0.959095
11	154	1.18469
11	160	0.929488
11	167	1.30579
11	173	0.977773
11	178	0.945315
11	179	0.923229
12	11	1.11534
12	38	0.88971
12	99	0.798611
12	112	0.790457
12	164	1.03953
12	168	1.03664
12	170	1.04185
12	171	1.06161
12	172	1.05544
12	174	1.05715
12	176	1.05396
12	177	1.05382
13	52	1.04136
13	106	1.01419
13	119	0.856344
13	122	1.01826
13	131	1.0353
13	141	1.05191
13	147	1.04974
13	148	1.06159
13	158	0.784603
13	173	1.10073
13	175	0.925137
13	178	1.06827
14	77	0.939218
14	82	0.914813
14	102	0.911667
14	113	0.916625
14	116	1.22833
14	147	0.925526
14	148	0.937378
14	163	1.14721
14	164	1.23011
14	173	0.976514
14	178	0.944056
14	180	0.934204
15	45	1.0809
15	57	1.0458
15	58	1.04319
15	72	0.98773
15	77	1.05257
15	82	1.02816
15	85	0.914541
15	116	0.876283
15	139	0.909397
15	156	1.07179
15	173	1.08986
15	175	0.907326
16	96	0.889635
16	109	0.945617
16	121	0.910831
16	140	1.21606
16	145	0.944086
16	149	0.949702
16	150	0.935179
16	153	0.949
16	155	0.938194
16	163	1.18492
16	174	1.20459
16	180	0.937756
17	75	1.06444
17	77	0.840291
17	111	0.901053
17	128	0.960725
17	136	0.890066
17	141	1.04965
17	147	1.04748
17	150	1.05358
17	155	1.0566
17	175	1.04694
17	176	1.04073
17	177	1.04058
18	91	1.26885
18	109	1.1249
18	143	1.20032
18	164	0.921051
18	168	0.918157
18	169	0.941611
18	170	0.923371
18	171	0.943136
18	172	0.93696
18	174	0.938672
18	175	0.941703
18	177	0.935339
19	94	0.899816
19	106	0.905641
19	122	0.909715
19	141	0.943365
19	147	0.941192
19	148	0.953044
19	154	1.09649
19	160	1.24895
19	171	1.2601
19	178	0.959722
19	179	0.937636
19	180	0.94987
20	106	1.01945
20	122	1.02352
20	131	1.04056
20	147	1.055
20	148	1.06685
20	151	1.07951
20	152	0.81567
20	171	0.915702
20	172	0.912461
20	175	0.963256
20	179	1.05144
20	180	1.06368
21	33	1.31658
21	94	0.90229
21	106	0.908115
21	118	0.940094
21	131	0.929224
21	139	0.935143
21	141	0.945839
21	147	0.943666
21	148	0.955518
21	166	1.15995
21	174	1.1258
21	179	0.94011
22	57	1.16808
22	105	1.25262
22	128	0.906812
22	143	0.940785
22	149	0.952829
22	153	0.952127
22	155	0.941321
22	168	0.908122
22	175	0.931668
22	176	0.925451
22	178	1.17461
22	180	0.940883
23	49	1.11716
23	113	1.27761
23	165	0.922119
23	166	0.93433
23	167	0.947659
23	170	0.919735
23	171	0.9395
23	174	0.935036
23	175	0.938068
23	176	0.931851
23	177	0.931703
23	178	1.19989
24	99	0.931576
24	121	0.901636
24	133	0.959702
24	142	0.936901
24	145	0.934891
24	149	0.940507
24	150	0.925984
24	153	0.939805
24	155	0.928999
24	164	1.19926
24	172	1.17772
24	175	1.22851
25	3	1.2003
25	90	1.0358
25	101	1.0622
25	103	1.04593
25	124	1.05074
25	128	1.02968
25	136	1.04825
25	143	1.06365
25	154	0.715102
25	158	0.785731
25	165	0.904509
25	180	1.06375
26	67	0.848093
26	75	0.911705
26	97	0.889152
26	101	1.0602
26	117	0.999473
26	131	0.943792
26	143	1.06166
26	153	1.073
26	155	1.06219
26	172	1.0478
26	174	1.04951
26	177	1.04617
27	74	1.05798
27	87	0.983934
27	89	1.06277
27	98	0.922525
27	100	0.943586
27	102	0.997462
27	104	1.05501
27	111	1.01516
27	113	1.00242
27	144	1.00684
27	174	0.945609
27	178	1.02985
27	179	0.984035
28	44	0.902391
28	61	1.04672
28	115	0.994483
28	166	1.01194
28	169	1.01558
28	170	0.997344
28	171	1.01711
28	172	1.01093
28	174	1.01264
28	175	1.01568
28	176	1.00946
28	177	1.00931
28	180	0.949797
29	108	0.965844
29	133	1.03576
29	134	0.939019
29	137	1.04129
29	142	1.01296
29	149	1.01656
29	150	1.00204
29	153	1.01586
29	155	1.00506
29	162	0.905943
29	165	1.00973
29	170	1.05261
29	180	1.00462
30	88	0.984364
30	97	1.00573
30	105	0.975806
30	112	1.01698
30	115	0.999825
30	125	1.03706
30	152	0.907838
30	164	1.02617
30	167	0.965358
30	171	1.00787
30	173	1.05574
30	178	1.02328
30	179	1.0012
31	48	0.970454
31	65	1.01943
31	71	0.990349
31	84	1.01646
31	124	1.016
31	136	1.01351
31	139	1.00043
31	143	1.02892
31	144	1.01586
31	175	0.99836
31	177	0.964341
31	179	0.944297
31	180	1.02902
32	109	1.00659
32	132	1.0264
32	133	1.02987
32	137	1.03541
32	142	1.00707
32	145	1.00506
32	149	1.01068
32	150	0.996157
32	153	1.00998
32	155	0.999172
32	163	0.933643
32	167	0.955738
32	179	0.991742
33	10	1.06303
33	21	1.31658
33	35	1.03542
33	101	1.0165
33	117	0.955772
33	124	1.00504
33	126	0.829775
33	128	0.983982
33	135	1.01965
33	136	1.00255
33	170	0.890081
33	175	0.868965
33	180	1.01805
34	5	1.06527
34	63	1.0971
34	68	0.972006
34	87	0.982802
34	100	0.942454
34	102	0.99633
34	111	1.01403
34	113	1.00129
34	134	0.959251
34	160	0.993025
34	166	0.993383
34	167	0.961655
34	178	1.02872
35	33	1.03542
35	48	0.975877
35	61	1.01784
35	81	1.02363
35	117	0.972158
35	124	1.02143
35	128	1.00037
35	132	1.04459
35	134	0.971526
35	136	1.01894
35	143	1.03434
35	146	0.939462
35	163	0.951835
36	40	0.884987
36	108	0.870322
36	109	0.916958
36	130	1.26977
36	137	0.945771
36	145	0.915427
36	149	0.921043
36	150	0.90652
36	153	0.920341
36	155	0.909535
36	159	1.27458
36	166	1.36106
36	180	0.909097
37	63	1.05882
37	74	1.01856
37	87	0.944515
37	89	1.02335
37	100	0.904167
37	102	0.958043
37	111	0.975744
37	113	0.963001
37	139	0.963379
37	160	1.03237
37	164	1.06181
37	167	1.001
37	170	1.11218
37	178	0.990432
38	12	0.88971
38	79	0.926045
38	91	0.95444
38	105	0.951075
38	112	0.992251
38	115	0.975095
38	125	1.01233
38	160	0.982727
38	172	1.11943
38	173	1.03101
38	174	1.07774
38	176	1.11856
38	178	0.998554
38	179	0.976468
39	107	1.12379
39	109	0.97742
39	110	0.970909
39	133	1.0007
39	137	1.00623
39	145	0.97589
39	149	0.981505
39	150	0.966982
39	153	0.980803
39	155	0.969997
39	156	0.985149
39	165	1.08465
39	174	1.01391
39	180	0.969559
40	36	0.884987
40	70	0.947033
40	96	0.944842
40	127	1.07181
40	137	1.02964
40	142	1.0013
40	145	0.999293
40	149	1.00491
40	150	0.990386
40	153	1.00421
40	155	0.993401
40	168	1.08702
40	169	1.01511
40	177	1.03324
41	94	0.936905
41	98	1.02055
41	118	0.97471
41	122	0.946804
41	129	1.03847
41	131	0.963839
41	141	0.980454
41	147	0.978282
41	148	0.990133
41	151	1.00279
41	167	1.04606
41	173	1.02927
41	177	1.10211
41	178	0.996812
42	49	1.08561
42	57	1.05103
42	58	1.04842
42	60	1.04796
42	62	1.01912
42	72	0.992962
42	77	1.0578
42	82	1.03339
42	139	0.979795
42	151	1.06862
42	152	0.830138
42	163	0.865563
42	164	0.948466
42	173	1.09509
42	174	0.885235
43	58	1.13244
43	60	1.15258
43	109	1.095
43	110	1.11245
43	111	0.954779
43	113	0.942036
43	147	0.950937
43	148	0.962789
43	170	0.932068
43	173	1.00193
43	175	0.9504
43	176	0.944183
43	177	0.944035
43	178	0.969467
43	179	0.947381
44	28	0.902391
44	75	1.05985
44	107	0.964655
44	120	1.00591
44	127	1.02945
44	129	0.84961
44	141	1.04507
44	147	1.0429
44	148	1.05475
44	151	1.06741
44	169	0.895118
44	173	1.09389
44	176	0.895598
44	178	1.06143
44	179	1.03934
45	15	1.0809
45	58	1.04605
45	60	1.0456
45	62	1.01675
45	72	0.990596
45	77	1.05543
45	82	1.03103
45	151	1.06625
45	156	1.07466
45	168	0.933713
45	170	0.935071
45	171	0.866401
45	173	1.09273
45	175	0.913955
45	179	0.859892
46	48	1.00771
46	55	1.07088
46	66	0.981521
46	81	1.05546
46	124	1.05326
46	127	1.04415
46	128	1.0322
46	136	1.05077
46	143	1.06618
46	144	1.05312
46	165	0.913621
46	169	0.883227
46	171	0.887823
46	174	0.842888
46	180	1.06627
47	95	0.966656
47	99	0.949227
47	110	0.947562
47	119	1.14635
47	126	1.17595
47	133	0.977353
47	142	0.954552
47	145	0.952542
47	149	0.958158
47	150	0.943635
47	153	0.957456
47	154	1.00398
47	155	0.94665
47	177	1.18112
47	180	0.946212
48	31	0.970454
48	35	0.975877
48	46	1.00771
48	76	0.985155
48	98	1.08494
48	103	0.940687
48	117	0.896228
48	124	0.945495
48	128	0.924439
48	130	1.05088
48	136	0.943008
48	143	0.958412
48	160	0.952535
48	170	1.22163
48	172	1.14972
49	23	1.11716
49	42	1.08561
49	58	1.04553
49	60	1.04507
49	62	1.01623
49	72	0.990073
49	77	1.05491
49	82	1.03051
49	138	0.806502
49	144	0.920083
49	151	1.06573
49	156	1.07414
49	160	0.827858
49	172	0.835759
49	173	1.09221
50	55	0.917448
50	74	0.733616
50	121	0.98571
50	124	0.933041
50	125	1.08071
50	131	1.03396
50	147	1.0484
50	148	1.06025
50	150	0.922693
50	167	1.05745
50	168	1.02432
50	176	1.04164
50	177	1.0415
50	178	1.06693
50	179	1.04484
51	106	1.01707
51	120	1.01564
51	122	1.02115
51	131	1.03818
51	141	1.0548
51	144	1.00311
51	147	1.05262
51	148	1.06448
51	161	0.795032
51	163	0.85742
51	173	1.10361
51	176	0.917912
51	177	0.935563
51	178	1.07115
51	180	1.0613
52	13	1.04136
52	64	1.14089
52	88	1.20162
52	164	0.941885
52	165	0.946588
52	167	0.972128
52	168	0.93899
52	169	0.962444
52	170	0.944205
52	171	0.963969
52	172	0.957794
52	174	0.959505
52	176	0.95632
52	177	0.956172
52	180	1.1109
53	69	1.03443
53	95	1.04104
53	96	0.972471
53	108	0.981817
53	121	0.993667
53	133	1.05173
53	139	0.995116
53	142	1.02893
53	145	1.02692
53	149	1.03254
53	150	1.01802
53	153	1.03184
53	155	1.02103
53	157	0.937771
53	167	0.902979
53	179	0.938983
54	70	0.980531
54	73	0.971167
54	110	1.02781
54	121	0.999537
54	142	1.0348
54	145	1.03279
54	149	1.03841
54	150	1.02388
54	152	0.91415
54	153	1.03771
54	155	1.0269
54	158	0.921203
54	161	0.887187
54	166	1.0034
54	170	1.08285
54	180	1.02646
55	46	1.07088
55	50	0.917448
55	61	1.00508
55	76	1.04833
55	81	1.01087
55	84	1.00912
55	90	0.993733
55	103	1.00386
55	124	1.00867
55	136	1.00618
55	143	1.02159
55	156	0.947153
55	161	0.893856
55	177	1.03439
55	179	1.01434
55	180	1.02168
56	78	1.03395
56	88	0.993052
56	91	0.987859
56	97	1.01442
56	105	0.984494
56	112	1.02567
56	115	1.00851
56	125	1.04575
56	127	0.972207
56	130	0.818027
56	147	1.23508
56	161	0.79311
56	168	0.987418
56	173	1.06443
56	178	1.03197
56	179	1.00989
57	15	1.0458
57	22	1.16808
57	42	1.05103
57	58	1.01095
57	60	1.01049
57	62	0.981651
57	69	1.00415
57	72	0.955493
57	77	1.02033
57	82	0.995926
57	151	1.03115
57	152	0.815177
57	156	1.03956
57	173	1.05763
57	176	0.911093
57	179	0.9087
58	15	1.04319
58	42	1.04842
58	43	1.13244
58	45	1.04605
58	49	1.04553
58	57	1.01095
58	60	1.00788
58	62	0.979041
58	72	0.952884
58	77	1.01772
58	82	0.993316
58	83	0.957906
58	154	0.783563
58	165	0.97297
58	173	1.05502
58	177	0.960708
59	87	1.00394
59	90	0.997406
59	95	0.940786
59	101	1.0238
59	103	1.00753
59	125	1.04899
59	141	0.949429
59	143	1.02526
59	147	0.970634
59	153	0.927147
59	171	1.01757
59	172	1.0114
59	176	1.00992
59	177	1.00978
59	178	1.03521
59	179	1.01312
60	42	1.04796
60	43	1.15258
60	45	1.0456
60	49	1.04507
60	57	1.01049
60	58	1.00788
60	62	0.978583
60	72	0.952426
60	82	0.992858
60	86	0.781354
60	116	0.983822
60	134	0.922394
60	151	1.02808
60	156	1.03649
60	171	0.967311
60	173	1.05456
61	28	1.04672
61	35	1.01784
61	55	1.00508
61	76	1.02712
61	81	0.989662
61	84	0.987913
61	104	1.1085
61	117	0.938193
61	124	0.987459
61	128	0.966403
61	136	0.984972
61	143	1.00038
61	160	0.9945
61	161	0.917043
61	166	1.03325
61	167	1.00153
61	180	1.00047
62	42	1.01912
62	45	1.01675
62	49	1.01623
62	57	0.981651
62	58	0.979041
62	60	0.978583
62	72	0.923584
62	77	0.988421
62	82	0.964016
62	83	1.04451
62	130	0.9317
62	139	1.0834
62	151	0.999239
62	156	1.00765
62	160	1.02264
62	173	1.02572
62	179	1.02727
63	34	1.0971
63	37	1.05882
63	68	1.04845
63	74	1.13329
63	87	1.05924
63	89	1.13807
63	92	0.908255
63	100	1.0189
63	102	1.07277
63	111	1.09047
63	113	1.07773
63	127	0.870612
63	135	0.841142
63	157	0.81079
63	169	0.813915
63	175	0.866065
63	178	1.10516
64	52	1.14089
64	96	0.94429
64	108	0.953636
64	110	0.993761
64	121	0.965486
64	133	1.02355
64	137	1.02909
64	142	1.00075
64	145	0.998741
64	149	1.00436
64	150	0.989834
64	153	1.00366
64	155	0.992849
64	164	0.995401
64	167	0.934593
64	170	1.04578
64	177	0.990642
65	31	1.01943
65	71	0.968813
65	80	1.04846
65	81	0.996669
65	84	0.99492
65	101	1.00593
65	117	0.945199
65	124	0.994466
65	128	0.97341
65	132	1.06751
65	136	0.991979
65	143	1.00738
65	144	0.994326
65	156	0.965668
65	174	0.994432
65	179	1.03286
65	180	1.00748
66	46	0.981521
66	97	1.06857
66	123	1.06272
66	164	0.979451
66	165	0.984154
66	166	0.996365
66	168	0.976556
66	169	1.00001
66	170	0.981771
66	171	1.00154
66	172	0.99536
66	173	0.965396
66	174	0.997071
66	175	1.0001
66	176	0.993886
66	177	0.993738
66	178	1.01544
67	26	0.848093
67	78	1.06594
67	88	1.02504
67	91	1.01985
67	97	1.04641
67	105	1.01648
67	112	1.05766
67	115	1.0405
67	125	1.07774
67	159	0.836543
67	160	1.04813
67	163	0.869205
67	166	0.923028
67	170	1.00248
67	173	1.09642
67	176	0.929697
67	178	1.06396
67	179	1.04187
68	34	0.972006
68	63	1.04845
68	74	1.00819
68	87	0.934148
68	89	1.01298
68	100	0.8938
68	102	0.947676
68	111	0.965376
68	113	0.952634
68	123	0.97461
68	138	1.06403
68	139	0.953012
68	144	0.957057
68	156	1.02283
68	165	1.12232
68	177	1.11006
68	178	0.980065
68	179	1.09002
69	6	1.29081
69	53	1.03443
69	57	1.00415
69	151	1.03153
69	163	0.996959
69	164	0.954704
69	165	0.959407
69	166	0.971619
69	168	0.95181
69	169	0.975264
69	170	0.957024
69	171	0.976789
69	172	0.970613
69	174	0.972325
69	175	0.975356
69	176	0.969139
69	177	0.968992
69	180	1.03606
70	40	0.947033
70	54	0.980531
70	96	0.923022
70	99	0.974158
70	108	0.932368
70	110	0.972493
70	135	1.10489
70	137	1.00782
70	142	0.979483
70	145	0.977473
70	149	0.983089
70	150	0.968566
70	153	0.982387
70	155	0.971581
70	157	1.07454
70	162	1.00427
70	168	1.14958
70	179	1.07575
71	31	0.990349
71	65	0.968813
71	76	1.00505
71	84	0.965844
71	93	1.04755
71	101	0.976852
71	103	0.960583
71	117	0.916124
71	128	0.944334
71	134	1.03956
71	135	0.980003
71	136	0.962903
71	139	1.1341
71	143	0.978307
71	160	0.972431
71	165	1.11027
71	179	1.07797
71	180	0.978405
72	15	0.98773
72	42	0.992962
72	45	0.990596
72	49	0.990073
72	57	0.955493
72	58	0.952884
72	60	0.952426
72	62	0.923584
72	77	0.962264
72	82	0.937859
72	98	1.01318
72	139	1.13083
72	151	0.973081
72	156	0.981489
72	165	1.107
72	171	1.0812
72	173	0.99956
72	176	1.07708
73	54	0.971167
73	99	0.964794
73	109	0.96964
73	121	0.934854
73	126	1.09016
73	133	0.99292
73	135	1.10442
73	137	0.998453
73	140	1.04832
73	142	0.970119
73	145	0.968109
73	149	0.973725
73	150	0.959202
73	153	0.973023
73	155	0.962217
73	163	1.01718
73	168	1.1491
73	180	0.961779
74	5	1.10145
74	27	1.05798
74	37	1.01856
74	50	0.733616
74	63	1.13329
74	68	1.00819
74	80	0.846108
74	87	1.01899
74	89	1.09782
74	100	0.978637
74	102	1.03251
74	111	1.05021
74	113	1.03747
74	149	1.12095
74	162	0.759026
74	172	0.833778
74	178	1.0649
74	180	1.10858
75	17	1.06444
75	26	0.911705
75	44	1.05985
75	94	0.975298
75	118	1.0131
75	120	0.97969
75	131	1.00223
75	141	1.01885
75	147	1.01667
75	148	1.02853
75	154	0.833816
75	162	0.919433
75	165	1.02322
75	167	0.954912
75	170	1.0661
75	173	1.06766
75	178	1.0352
75	179	1.01312
75	180	1.02535
76	48	0.985155
76	55	1.04833
76	61	1.02712
76	71	1.00505
76	81	1.03291
76	84	1.03116
76	103	1.0259
76	104	0.946855
76	117	0.981437
76	121	1.29595
76	128	1.00965
76	136	1.02822
76	140	0.848925
76	143	1.04362
76	160	1.03774
76	171	0.882393
76	174	0.837458
76	177	0.895929
76	180	1.04372
77	8	0.878507
77	14	0.939218
77	15	1.05257
77	17	0.840291
77	42	1.0578
77	45	1.05543
77	49	1.05491
77	57	1.02033
77	58	1.01772
77	62	0.988421
77	72	0.962264
77	82	1.0027
77	114	1.03759
77	116	1.00097
77	151	1.03792
77	156	1.04633
77	157	0.976737
77	160	0.973315
77	173	1.0644
78	7	0.933963
78	56	1.03395
78	67	1.06594
78	79	0.966246
78	88	0.999834
78	91	0.994641
78	97	1.0212
78	105	0.991275
78	112	1.03245
78	115	1.0153
78	125	1.05253
78	156	0.93476
78	158	0.915479
78	159	0.911188
78	171	1.00846
78	172	1.00522
78	173	1.07121
78	178	1.03875
78	179	1.01667
79	38	0.926045
79	78	0.966246
79	86	1.01322
79	88	0.925349
79	91	0.920155
79	97	0.946718
79	105	0.91679
79	112	0.957967
79	115	0.94081
79	125	0.978049
79	146	1.1222
79	151	0.970249
79	160	0.948443
79	165	1.22498
79	169	1.19458
79	173	0.996727
79	174	1.15424
79	178	0.964269
79	179	0.942183
80	65	1.04846
80	74	0.846108
80	133	0.922655
80	149	0.968576
80	151	0.951681
80	164	1.00947
80	165	1.01418
80	166	1.02639
80	167	1.03972
80	168	1.00658
80	169	1.03003
80	170	1.01179
80	171	1.03156
80	172	1.02538
80	174	1.02709
80	175	1.03013
80	176	1.02391
80	177	1.02376
80	180	0.956209
81	35	1.02363
81	46	1.05546
81	55	1.01087
81	61	0.989662
81	65	0.996669
81	76	1.03291
81	90	0.97831
81	101	1.00471
81	103	0.988438
81	117	0.943979
81	128	0.972189
81	136	0.990758
81	143	1.00616
81	154	0.868778
81	163	0.96778
81	165	1.05819
81	168	1.0997
81	172	1.02915
81	174	0.987452
81	180	1.00626
82	14	0.914813
82	15	1.02816
82	42	1.03339
82	45	1.03103
82	49	1.03051
82	57	0.995926
82	58	0.993316
82	60	0.992858
82	62	0.964016
82	72	0.937859
82	77	1.0027
82	127	1.08856
82	151	1.01351
82	152	0.936425
82	156	1.02192
82	161	0.909462
82	167	0.993945
82	173	1.03999
82	176	1.03234
82	177	1.04999
83	4	0.936793
83	58	0.957906
83	62	1.04451
83	103	1.063
83	151	0.953326
83	155	1.0389
83	163	1.02661
83	164	0.984351
83	165	0.989054
83	166	1.00127
83	167	1.01459
83	168	0.981456
83	169	1.00491
83	170	0.986671
83	171	1.00644
83	172	1.00026
83	174	1.00197
83	175	1.005
83	176	0.998786
83	177	0.998638
84	10	1.04949
84	31	1.01646
84	55	1.00912
84	61	0.987913
84	65	0.99492
84	71	0.965844
84	76	1.03116
84	103	0.986689
84	124	0.991497
84	128	0.970441
84	136	0.98901
84	138	0.974245
84	143	1.00441
84	157	0.999022
84	159	0.909474
84	160	0.998538
84	165	1.03254
84	170	1.07541
84	177	1.02028
84	180	1.00451
85	15	0.914541
85	117	1.20444
85	128	1.15966
85	131	1.08428
85	162	1.01982
85	163	1.00376
85	164	0.961506
85	165	0.96621
85	166	0.978421
85	167	0.99175
85	168	0.958612
85	169	0.982066
85	170	0.963826
85	171	0.983591
85	172	0.977415
85	173	0.926467
85	174	0.979127
85	175	0.982159
85	176	0.975942
85	177	0.975794
85	180	1.00189
86	60	0.781354
86	79	1.01322
86	90	0.902926
86	100	1.01981
86	110	0.741225
86	111	1.09138
86	113	1.07864
86	120	1.05056
86	121	0.903156
86	122	1.05607
86	124	0.850488
86	125	0.79887
86	141	1.08972
86	148	1.0994
86	164	1.06635
86	167	1.0966
86	174	1.08397
86	176	1.08079
86	177	1.08064
86	178	1.10607
87	5	1.02741
87	27	0.983934
87	34	0.982802
87	37	0.944515
87	59	1.00394
87	63	1.05924
87	68	0.934148
87	74	1.01899
87	89	1.02377
87	92	1.11358
87	98	0.955819
87	100	0.904595
87	102	0.958472
87	111	0.976172
87	113	0.963429
87	139	0.963807
87	144	0.967853
87	152	0.923806
87	166	1.01305
87	178	0.99086
87	180	1.2954
88	11	0.906395
88	30	0.984364
88	52	1.20162
88	56	0.993052
88	67	1.02504
88	78	0.999834
88	79	0.925349
88	91	0.953744
88	97	0.980306
88	105	0.950379
88	112	0.991555
88	115	0.974399
88	125	1.01164
88	140	1.00438
88	144	1.11893
88	156	0.964145
88	166	1.02706
88	173	1.03032
88	174	0.992908
88	178	0.997857
88	179	0.975772
89	27	1.06277
89	37	1.02335
89	63	1.13807
89	68	1.01298
89	74	1.09782
89	87	1.02377
89	100	0.983427
89	102	1.0373
89	111	1.055
89	113	1.04226
89	119	0.919819
89	123	1.06424
89	139	1.04264
89	144	1.04668
89	158	0.848078
89	160	0.929916
89	162	0.863066
89	163	0.87645
89	171	0.941058
89	178	1.06969
89	179	0.934549
90	25	1.0358
90	55	0.993733
90	59	0.997406
90	81	0.97831
90	86	0.902926
90	101	0.987569
90	103	0.9713
90	117	0.926841
90	124	0.976107
90	127	0.966999
90	128	0.955051
90	130	0.986803
90	136	0.97362
90	143	0.989024
90	144	0.975967
90	160	0.983148
90	163	1.02427
90	168	1.15619
90	175	1.13644
90	177	1.10242
90	180	0.989122
91	18	1.26885
91	38	0.95444
91	56	0.987859
91	67	1.01985
91	78	0.994641
91	79	0.920155
91	88	0.953744
91	97	0.975112
91	105	0.945185
91	107	1.11863
91	112	0.986361
91	115	0.969205
91	125	1.00644
91	151	0.998643
91	159	0.956422
91	161	0.926696
91	163	0.989084
91	173	1.02512
91	176	1.04958
91	178	0.992664
91	179	0.970578
92	63	0.908255
92	87	1.11358
92	117	1.23941
92	141	1.05907
92	162	1.01982
92	163	1.00376
92	164	0.961506
92	165	0.96621
92	166	0.978421
92	167	0.99175
92	168	0.958612
92	169	0.982066
92	170	0.963826
92	171	0.983591
92	172	0.977415
92	173	0.961442
92	174	0.979127
92	175	0.982159
92	176	0.975942
92	177	0.975794
92	178	1.01148
93	71	1.04755
93	101	0.96595
93	106	1.0162
93	123	0.932103
93	137	0.908353
93	162	1.06649
93	163	1.05043
93	164	1.00817
93	165	1.01288
93	166	1.02509
93	167	1.03842
93	168	1.00528
93	169	1.02873
93	170	1.01049
93	171	1.03026
93	172	1.02408
93	173	0.834774
93	174	1.02579
93	175	1.02883
93	176	1.02261
93	177	1.02246
93	178	0.884814
94	2	1.01586
94	19	0.899816
94	21	0.90229
94	41	0.936905
94	75	0.975298
94	118	0.95477
94	126	1.17037
94	131	0.943899
94	141	0.960514
94	147	0.958341
94	148	0.970193
94	151	0.982851
94	154	0.9984
94	156	0.991258
94	158	1.06903
94	161	1.03501
94	164	1.1803
94	173	1.00933
94	176	1.15789
94	178	0.976871
94	179	0.954785
94	180	0.967019
95	6	0.940002
95	47	0.966656
95	53	1.04104
95	59	0.940786
95	96	0.989396
95	98	1.02571
95	108	0.998742
95	109	1.04538
95	110	1.03887
95	133	1.06866
95	137	1.07419
95	142	1.04586
95	144	1.04176
95	145	1.04385
95	150	1.03494
95	153	1.04876
95	155	1.03796
95	160	0.94954
95	161	0.833686
95	162	0.882689
95	175	1.00824
95	179	0.954173
96	16	0.889635
96	40	0.944842
96	53	0.972471
96	64	0.94429
96	70	0.923022
96	95	0.989396
96	110	0.970302
96	121	0.942027
96	137	1.00563
96	142	0.977292
96	145	0.975283
96	149	0.980898
96	150	0.966375
96	153	0.980196
96	155	0.96939
96	158	1.04686
96	159	1.04257
96	164	1.15814
96	169	1.13525
96	174	1.09491
96	179	1.13334
96	180	0.968952
97	26	0.889152
97	30	1.00573
97	56	1.01442
97	66	1.06857
97	67	1.04641
97	78	1.0212
97	79	0.946718
97	88	0.980306
97	91	0.975112
97	105	0.971747
97	112	1.01292
97	115	0.995767
97	125	1.03301
97	146	0.897892
97	151	1.02521
97	156	0.901174
97	160	1.0034
97	167	0.93236
97	169	0.970276
97	173	1.05168
97	178	1.01923
97	179	0.99714
97	180	1.24643
98	27	0.922525
98	41	1.02055
98	48	1.08494
98	72	1.01318
98	87	0.955819
98	95	1.02571
98	111	0.977201
98	115	0.991661
98	125	1.0289
98	147	0.922511
98	149	1.01721
98	150	1.00269
98	153	1.01651
98	155	1.00571
98	169	0.99596
98	172	0.99131
98	173	1.04758
98	174	0.993021
98	175	0.996053
98	176	0.989836
98	177	0.989688
98	178	1.01512
98	179	0.993035
99	12	0.798611
99	24	0.931576
99	47	0.949227
99	70	0.974158
99	73	0.964794
99	107	1.09652
99	108	0.981313
99	110	1.02144
99	121	0.993163
99	130	0.929496
99	133	1.05123
99	137	1.05676
99	142	1.02843
99	145	1.02642
99	149	1.03203
99	150	1.01751
99	153	1.03133
99	155	1.02053
99	163	0.966967
99	167	0.989063
99	168	1.09889
99	171	1.03158
99	180	1.02009
100	5	0.987063
100	27	0.943586
100	34	0.942454
100	37	0.904167
100	63	1.0189
100	68	0.8938
100	74	0.978637
100	86	1.01981
100	87	0.904595
100	89	0.983427
100	102	0.918124
100	111	0.935824
100	113	0.923082
100	116	1.19346
100	123	0.945058
100	127	1.22905
100	139	0.92346
100	144	0.927505
100	154	1.01334
100	174	1.13201
100	176	1.17283
100	178	0.950513
100	179	1.17044
101	25	1.0622
101	26	1.0602
101	33	1.0165
101	59	1.0238
101	65	1.00593
101	71	0.976852
101	81	1.00471
101	90	0.987569
101	93	0.96595
101	103	0.997698
101	117	0.953238
101	124	1.0025
101	126	1.01124
101	128	0.981449
101	136	1.00002
101	143	1.01542
101	144	1.00236
101	159	0.905603
101	160	1.00955
101	164	1.02117
101	167	0.960361
101	175	1.05043
101	179	0.996364
102	5	1.04094
102	14	0.911667
102	27	0.997462
102	34	0.99633
102	37	0.958043
102	63	1.07277
102	68	0.947676
102	74	1.03251
102	87	0.958472
102	89	1.0373
102	100	0.918124
102	111	0.9897
102	113	0.976958
102	123	0.998934
102	132	1.05692
102	139	0.977336
102	144	0.981381
102	146	0.951795
102	168	1.09609
102	172	1.02553
102	174	0.98384
102	175	1.07633
102	178	1.00439
102	179	1.02227
103	25	1.04593
103	48	0.940687
103	55	1.00386
103	59	1.00753
103	71	0.960583
103	76	1.0259
103	81	0.988438
103	83	1.063
103	84	0.986689
103	90	0.9713
103	101	0.997698
103	117	0.936969
103	124	0.986235
103	128	0.965179
103	132	1.08041
103	135	1.00085
103	136	0.983748
103	140	1.0188
103	143	0.999153
103	161	0.925269
103	164	1.07056
103	174	1.00733
103	179	1.04576
103	180	0.999251
104	27	1.05501
104	61	1.1085
104	76	0.946855
104	141	1.03379
104	145	1.05182
104	159	1.01034
104	161	1.05277
104	162	1.02228
104	163	1.00622
104	164	0.963966
104	165	0.968669
104	166	0.98088
104	167	0.994209
104	168	0.961071
104	169	0.984525
104	170	0.966286
104	171	0.98605
104	172	0.979875
104	174	0.981586
104	175	0.984618
104	176	0.978401
104	177	0.978253
104	178	0.986199
104	180	1.01158
105	11	0.897836
105	22	1.25262
105	30	0.975806
105	38	0.951075
105	56	0.984494
105	67	1.01648
105	78	0.991275
105	79	0.91679
105	88	0.950379
105	91	0.945185
105	97	0.971747
105	106	1.37731
105	112	0.982996
105	115	0.96584
105	125	1.00308
105	151	0.995278
105	154	0.836137
105	156	0.926048
105	160	0.973472
105	170	1.06842
105	171	0.999746
105	173	1.02176
105	175	1.0473
105	178	0.989299
105	179	0.967213
106	13	1.01419
106	19	0.905641
106	20	1.01945
106	21	0.908115
106	51	1.01707
106	93	1.0162
106	105	1.37731
106	118	0.960595
106	120	0.927182
106	131	0.949724
106	135	0.974442
106	141	0.966339
106	147	0.964167
106	148	0.976018
106	151	0.988676
106	156	0.997083
106	160	1.04198
106	161	0.926126
106	169	1.04852
106	172	1.04988
106	173	1.01515
106	176	1.04901
106	178	0.982697
106	179	0.960611
106	180	0.972844
107	39	1.12379
107	44	0.964655
107	91	1.11863
107	99	1.09652
107	120	1.14477
107	148	1.03404
107	153	1.01198
107	157	0.981602
107	159	0.993779
107	161	1.0362
107	162	1.00571
107	163	0.989656
107	164	0.947401
107	165	0.952104
107	166	0.964315
107	167	0.977645
107	168	0.944507
107	169	0.96796
107	170	0.949721
107	171	0.969485
107	172	0.96331
107	174	0.965021
107	175	0.968053
107	176	0.961836
107	177	0.961689
108	29	0.965844
108	36	0.870322
108	53	0.981817
108	64	0.953636
108	70	0.932368
108	95	0.998742
108	99	0.981313
108	109	0.986159
108	110	0.979648
108	121	0.951373
108	129	1.01019
108	134	1.01538
108	135	1.08293
108	137	1.01497
108	142	0.986638
108	145	0.984628
108	149	0.990244
108	150	0.975721
108	153	0.989542
108	155	0.978736
108	159	0.963027
108	168	1.12761
108	173	1.25644
108	179	1.05379
108	180	0.978298
109	16	0.945617
109	18	1.1249
109	32	1.00659
109	36	0.916958
109	39	0.97742
109	43	1.095
109	73	0.96964
109	95	1.04538
109	108	0.986159
109	110	1.02628
109	121	0.998009
109	127	0.961835
109	133	1.05607
109	135	0.932365
109	137	1.06161
109	140	0.876266
109	142	1.03327
109	144	0.990817
109	145	1.03126
109	149	1.03688
109	150	1.02236
109	153	1.03618
109	155	1.02537
109	172	0.906493
109	177	0.92327
109	180	1.02493
110	39	0.970909
110	43	1.11245
110	47	0.947562
110	54	1.02781
110	64	0.993761
110	70	0.972493
110	86	0.741225
110	95	1.03887
110	96	0.970302
110	99	1.02144
110	108	0.979648
110	109	1.02628
110	114	0.980317
110	133	1.04956
110	137	1.0551
110	142	1.02676
110	144	1.00826
110	145	1.02475
110	149	1.03037
110	150	1.01585
110	153	1.02967
110	155	1.01886
110	157	0.919461
110	164	0.945477
110	171	0.927182
110	178	1.17336
111	5	1.05864
111	17	0.901053
111	27	1.01516
111	34	1.01403
111	37	0.975744
111	43	0.954779
111	63	1.09047
111	68	0.965376
111	74	1.05021
111	86	1.09138
111	87	0.976172
111	89	1.055
111	98	0.977201
111	100	0.935824
111	102	0.9897
111	113	0.994658
111	123	1.01663
111	130	0.943141
111	139	0.995036
111	140	1.01175
111	144	0.999082
111	146	0.96824
111	162	0.967227
111	172	1.04198
111	174	1.00028
111	178	1.02209
112	1	0.94635
112	11	0.939013
112	12	0.790457
112	30	1.01698
112	38	0.992251
112	56	1.02567
112	67	1.05766
112	78	1.03245
112	79	0.957967
112	88	0.991555
112	91	0.986361
112	97	1.01292
112	105	0.982996
112	115	1.00702
112	125	1.04426
112	130	0.921342
112	151	1.03645
112	160	1.01465
112	169	1.01882
112	171	1.02342
112	172	1.02018
112	173	1.06293
112	175	1.07097
112	176	1.0193
112	178	1.03048
112	179	1.00839
113	5	1.0459
113	14	0.916625
113	23	1.27761
113	27	1.00242
113	34	1.00129
113	37	0.963001
113	43	0.942036
113	63	1.07773
113	68	0.952634
113	74	1.03747
113	86	1.07864
113	87	0.963429
113	89	1.04226
113	100	0.923082
113	102	0.976958
113	111	0.994658
113	123	1.00389
113	127	1.05156
113	132	1.0276
113	139	0.982293
113	144	0.986339
113	154	0.835851
113	156	0.925762
113	174	0.954525
113	175	1.04701
113	178	1.00935
113	179	0.992951
114	77	1.03759
114	110	0.980317
114	136	1.08737
114	137	0.998411
114	143	1.03829
114	148	1.02223
114	157	1.00196
114	158	1.03362
114	159	1.01413
114	161	1.05656
114	162	1.02607
114	163	1.01001
114	164	0.967755
114	165	0.972459
114	166	0.98467
114	167	0.997999
114	168	0.964861
114	169	0.988315
114	170	0.970075
114	171	0.98984
114	172	0.983664
114	173	0.924833
114	174	0.985376
114	175	0.988407
114	176	0.982191
114	177	0.982043
114	180	1.00026
115	7	0.917311
115	11	0.921856
115	28	0.994483
115	30	0.999825
115	38	0.975095
115	56	1.00851
115	67	1.0405
115	78	1.0153
115	79	0.94081
115	88	0.974399
115	91	0.969205
115	97	0.995767
115	98	0.991661
115	105	0.96584
115	112	1.00702
115	125	1.0271
115	130	0.889728
115	144	1.07289
115	151	1.0193
115	152	0.891775
115	160	0.997492
115	165	1.0176
115	170	1.06048
115	173	1.04578
115	178	1.01332
115	179	0.991233
115	180	1.26337
116	14	1.22833
116	15	0.876283
116	60	0.983822
116	77	1.00097
116	100	1.19346
116	141	0.985836
116	157	1.00196
116	158	1.03362
116	159	1.01413
116	161	1.05656
116	162	1.02607
116	163	1.01001
116	164	0.967755
116	165	0.972459
116	166	0.98467
116	167	0.997999
116	168	0.964861
116	169	0.988315
116	170	0.970075
116	171	0.98984
116	172	0.983664
116	173	0.888209
116	174	0.985376
116	175	0.988407
116	176	0.982191
116	177	0.982043
116	178	0.938249
117	26	0.999473
117	33	0.955772
117	35	0.972158
117	48	0.896228
117	61	0.938193
117	65	0.945199
117	71	0.916124
117	76	0.981437
117	81	0.943979
117	85	1.20444
117	90	0.926841
117	92	1.23941
117	101	0.953238
117	103	0.936969
117	124	0.941776
117	126	1.15803
117	127	0.932668
117	128	0.92072
117	134	1.10475
117	136	0.939289
117	138	1.11717
117	143	0.954693
117	144	0.941636
117	160	0.948817
117	166	1.13888
117	172	1.14643
117	180	0.954791
118	4	1.04481
118	21	0.940094
118	41	0.97471
118	75	1.0131
118	94	0.95477
118	106	0.960595
118	120	0.959161
118	122	0.964668
118	123	1.00922
118	131	0.981703
118	135	1.00642
118	141	0.998318
118	146	0.947913
118	147	0.996146
118	148	1.008
118	156	1.02906
118	160	1.01375
118	166	1.01411
118	167	0.982381
118	169	1.0203
118	170	1.09356
118	172	1.02165
118	173	1.04713
118	176	1.02078
118	178	1.01468
118	179	0.99259
118	180	1.00482
119	5	0.782563
119	13	0.856344
119	47	1.14635
119	89	0.919819
119	131	1.00827
119	133	0.892327
119	143	0.963917
119	151	0.921353
119	157	1.0388
119	158	1.07046
119	159	1.05098
119	161	1.0934
119	162	1.06291
119	163	1.04685
119	164	1.0046
119	165	1.0093
119	166	1.02151
119	167	1.03484
119	168	1.0017
119	169	1.02516
119	170	1.00692
119	171	1.02668
119	172	1.02051
119	174	1.02222
119	175	1.02525
119	176	1.01903
119	177	1.01889
119	178	0.900498
120	2	1.02025
120	4	1.0114
120	44	1.00591
120	51	1.01564
120	75	0.97969
120	86	1.05056
120	106	0.927182
120	107	1.14477
120	118	0.959161
120	122	0.931256
120	131	0.948291
120	135	0.973008
120	138	1.04733
120	139	0.95421
120	141	0.964905
120	147	0.962733
120	148	0.974585
120	156	0.995649
120	158	0.986853
120	159	0.982563
120	160	1.06869
120	162	1.00184
120	165	1.10563
120	169	1.07524
120	173	1.01372
120	178	0.981263
120	179	0.959177
120	180	0.971411
121	16	0.910831
121	24	0.901636
121	50	0.98571
121	53	0.993667
121	54	0.999537
121	64	0.965486
121	73	0.934854
121	76	1.29595
121	86	0.903156
121	96	0.942027
121	99	0.993163
121	108	0.951373
121	109	0.998009
121	123	0.994546
121	133	1.02129
121	137	1.02682
121	142	0.998488
121	145	0.996479
121	149	1.00209
121	150	0.987571
121	152	0.989081
121	153	1.00139
121	155	0.990586
121	157	1.08139
121	163	1.0245
121	174	1.04418
121	176	1.085
121	180	0.990148
122	13	1.01826
122	19	0.909715
122	20	1.02352
122	41	0.946804
122	51	1.02115
122	86	1.05607
122	118	0.964668
122	120	0.931256
122	127	0.954794
122	129	0.983256
122	131	0.953798
122	139	0.959717
122	141	0.970413
122	142	1.29911
122	147	0.96824
122	148	0.980092
122	151	0.99275
122	156	1.00116
122	157	1.02564
122	162	0.955368
122	167	0.990847
122	173	1.01923
122	175	1.08091
122	176	1.02924
122	177	1.0469
122	178	0.98677
122	179	0.964684
122	180	0.976918
123	66	1.06272
123	68	0.97461
123	89	1.06424
123	93	0.932103
123	100	0.945058
123	102	0.998934
123	111	1.01663
123	113	1.00389
123	118	1.00922
123	121	0.994546
123	126	0.977391
123	131	0.99835
123	137	1.05814
123	140	0.935559
123	141	1.01497
123	145	1.0278
123	148	1.02464
123	149	1.03342
123	150	1.01889
123	153	1.03271
123	155	1.02191
123	158	0.876047
123	164	0.987322
123	165	0.994825
123	169	0.964431
123	177	0.982562
123	178	1.03132
123	179	1.00924
123	180	1.02147
124	10	1.04903
124	25	1.05074
124	31	1.016
124	33	1.00504
124	35	1.02143
124	46	1.05326
124	48	0.945495
124	50	0.933041
124	55	1.00867
124	61	0.987459
124	65	0.994466
124	84	0.991497
124	86	0.850488
124	90	0.976107
124	101	1.0025
124	103	0.986235
124	117	0.941776
124	128	0.969987
124	135	1.00566
124	136	0.988556
124	143	1.00396
124	160	0.998083
124	162	0.958452
124	164	1.05474
124	167	0.993932
124	168	1.10376
124	169	1.03185
124	171	1.03644
124	177	1.04998
124	180	1.00406
125	11	0.959095
125	30	1.03706
125	38	1.01233
125	50	1.08071
125	56	1.04575
125	59	1.04899
125	67	1.07774
125	78	1.05253
125	79	0.978049
125	86	0.79887
125	88	1.01164
125	91	1.00644
125	97	1.03301
125	98	1.0289
125	105	1.00308
125	112	1.04426
125	115	1.0271
125	138	0.952329
125	151	1.05654
125	156	0.911129
125	158	0.891847
125	159	0.887557
125	160	1.03473
125	166	0.974042
125	172	0.981586
125	173	1.08302
125	174	0.939892
125	176	0.980711
125	177	0.998363
125	178	1.05056
125	179	1.02847
126	33	0.829775
126	47	1.17595
126	73	1.09016
126	94	1.17037
126	101	1.01124
126	117	1.15803
126	123	0.977391
126	137	0.95364
126	146	0.993343
126	152	1.03212
126	154	1.03212
126	157	0.988399
126	158	1.02006
126	159	1.00058
126	161	1.043
126	162	1.01251
126	163	0.996453
126	164	0.954198
126	165	0.958901
126	166	0.971112
126	167	0.984442
126	168	0.951304
126	169	0.974757
126	170	0.956518
126	171	0.976282
126	172	0.970107
126	174	0.971818
126	175	0.97485
126	176	0.968633
126	177	0.968486
126	178	0.930102
127	10	1.03993
127	40	1.07181
127	44	1.02945
127	46	1.04415
127	56	0.972207
127	63	0.870612
127	82	1.08856
127	90	0.966999
127	100	1.22905
127	109	0.961835
127	113	1.05156
127	117	0.932668
127	122	0.954794
127	128	0.960878
127	131	0.97183
127	136	0.979447
127	141	0.988444
127	145	1.03946
127	147	0.986272
127	148	0.998124
127	149	1.01159
127	165	0.969786
127	166	0.981997
127	171	0.987167
127	172	0.980991
127	174	0.982703
127	175	0.985734
127	176	0.979517
127	177	0.97937
127	178	1.0048
127	180	0.99495
128	10	1.02798
128	17	0.960725
128	22	0.906812
128	25	1.02968
128	33	0.983982
128	35	1.00037
128	46	1.0322
128	48	0.924439
128	61	0.966403
128	65	0.97341
128	71	0.944334
128	76	1.00965
128	81	0.972189
128	84	0.970441
128	85	1.15966
128	90	0.955051
128	101	0.981449
128	103	0.965179
128	117	0.92072
128	124	0.969987
128	127	0.960878
128	129	1.05479
128	135	0.984599
128	136	0.9675
128	138	1.07239
128	143	0.982904
128	144	0.969847
128	146	1.02791
128	156	1.03119
128	169	1.1003
128	171	1.10489
128	176	1.10078
129	41	1.03847
129	44	0.84961
129	108	1.01019
129	122	0.983256
129	128	1.05479
129	145	0.937252
129	146	1.02516
129	150	0.975992
129	151	0.892488
129	152	1.06394
129	154	1.06394
129	155	0.978058
129	157	1.02022
129	158	1.05188
129	159	1.03239
129	161	1.07482
129	162	1.04433
129	163	1.02827
129	164	0.986016
129	165	0.990719
129	166	1.00293
129	167	1.01626
129	168	0.983122
129	169	1.00658
129	170	0.988336
129	171	1.0081
129	172	1.00192
129	174	1.00364
129	175	1.00667
129	176	1.00045
129	177	1.0003
129	178	0.871633
130	36	1.26977
130	48	1.05088
130	56	0.818027
130	62	0.9317
130	90	0.986803
130	99	0.929496
130	111	0.943141
130	112	0.921342
130	115	0.889728
130	146	1.02516
130	149	0.857408
130	152	1.06394
130	154	1.06394
130	157	1.02022
130	158	1.05188
130	159	1.03239
130	161	1.07482
130	162	1.04433
130	163	1.02827
130	164	0.986016
130	165	0.990719
130	166	1.00293
130	167	1.01626
130	168	0.983122
130	169	1.00658
130	170	0.988336
130	171	1.0081
130	172	1.00192
130	174	1.00364
130	175	1.00667
130	176	1.00045
130	177	1.0003
131	13	1.0353
131	20	1.04056
131	21	0.929224
131	26	0.943792
131	41	0.963839
131	50	1.03396
131	51	1.03818
131	75	1.00223
131	85	1.08428
131	94	0.943899
131	106	0.949724
131	118	0.981703
131	119	1.00827
131	120	0.948291
131	122	0.953798
131	123	0.99835
131	127	0.97183
131	135	0.99555
131	141	0.987448
131	147	0.985275
131	148	0.997127
131	151	1.00978
131	156	1.01819
131	159	0.932243
131	160	1.01837
131	164	1.04781
131	169	1.02492
131	170	1.09818
131	171	1.02951
131	173	1.03626
131	176	1.0254
131	178	1.00381
131	179	0.981719
131	180	0.993953
132	4	0.954204
132	32	1.0264
132	35	1.04459
132	65	1.06751
132	102	1.05692
132	103	1.08041
132	113	1.0276
132	136	1.06238
132	138	0.980635
132	140	0.980635
132	146	0.999649
132	152	1.03843
132	154	1.03843
132	157	0.994705
132	158	1.02637
132	159	1.00688
132	161	1.04931
132	162	1.01882
132	163	1.00276
132	164	0.960504
132	165	0.965207
132	166	0.977418
132	167	0.990748
132	168	0.95761
132	169	0.981063
132	170	0.962824
132	171	0.982588
132	172	0.976413
132	173	0.899843
132	174	0.978124
132	175	0.981156
132	176	0.974939
132	177	0.974791
132	180	0.975265
133	6	0.950699
133	9	1.07278
133	24	0.959702
133	29	1.03576
133	32	1.02987
133	39	1.0007
133	47	0.977353
133	53	1.05173
133	64	1.02355
133	73	0.99292
133	80	0.922655
133	95	1.06866
133	99	1.05123
133	109	1.05607
133	110	1.04956
133	119	0.892327
133	121	1.02129
133	135	0.936198
133	137	1.08489
133	142	1.05655
133	145	1.05454
133	147	1.22854
133	149	1.06016
133	150	1.04564
133	153	1.05946
133	155	1.04865
133	156	0.839868
133	161	0.786571
133	163	0.848959
133	168	0.980879
133	169	0.908971
133	175	0.961121
133	179	0.907058
133	180	1.04821
134	29	0.939019
134	34	0.959251
134	35	0.971526
134	60	0.922394
134	71	1.03956
134	108	1.01538
134	117	1.10475
134	138	1.0098
134	140	1.0098
134	143	0.940241
134	146	1.02882
134	151	0.897676
134	152	1.0676
134	154	1.0676
134	157	1.02387
134	158	1.05554
134	159	1.03605
134	161	1.07847
134	162	1.04798
134	163	1.03193
134	164	0.98967
134	165	0.994374
134	166	1.00658
134	167	1.01991
134	168	0.986776
134	169	1.01023
134	170	0.99199
134	171	1.01176
134	172	1.00558
134	173	0.826781
134	174	1.00729
134	175	1.01032
134	176	1.00411
134	177	1.00396
134	178	0.876821
135	5	0.826433
135	33	1.01965
135	63	0.841142
135	70	1.10489
135	71	0.980003
135	73	1.10442
135	103	1.00085
135	106	0.974442
135	108	1.08293
135	109	0.932365
135	118	1.00642
135	120	0.973008
135	124	1.00566
135	128	0.984599
135	131	0.99555
135	133	0.936198
135	136	1.00317
135	137	0.967907
135	142	0.96394
135	143	1.01857
135	147	1.00999
135	148	1.02184
135	149	0.982119
135	155	1.05079
135	156	1.04291
135	163	1.03106
135	167	1.01905
135	169	1.00936
135	170	0.991123
135	171	1.01089
135	173	1.06098
135	174	1.00642
135	175	1.00946
135	176	1.00324
135	177	1.00309
135	180	1.01867
136	8	0.928282
