1	6	0.847171
1	16	0.924869
1	17	0.822114
1	28	0.888781
1	43	0.961041
1	47	0.958643
1	58	0.924945
1	100	0.872438
1	134	1.12713
1	148	1.16096
1	165	1.26197
1	180	1.2575
2	52	1.54195
2	86	1.62523
2	119	0.8131
2	126	0.789924
2	150	0.798656
2	157	0.810103
2	160	0.806676
2	162	1.62766
2	167	0.79062
2	175	0.794036
2	178	0.797187
2	180	0.799698
3	9	0.850882
3	60	0.913743
3	61	0.903037
3	64	0.908253
3	66	0.908253
3	71	0.88861
3	73	0.88861
3	76	0.93861
3	163	1.1877
3	165	1.2222
3	172	1.21085
3	176	1.18662
4	21	1.17998
4	132	0.884567
4	138	1.16193
4	152	1.20745
4	160	0.906859
4	161	1.24387
4	166	0.90658
4	175	0.894219
4	176	0.898005
4	178	0.89737
4	179	0.912518
4	180	0.899881
5	23	1.11981
5	81	1.10028
5	145	1.29685
5	153	0.892631
5	154	0.913866
5	158	0.904342
5	161	1.27505
5	170	0.888361
5	175	0.897051
5	176	0.900836
5	178	0.900201
5	180	0.902712
6	1	0.847171
6	16	0.803855
6	17	0.701101
6	28	0.767767
6	43	0.840028
6	46	0.847093
6	47	0.83763
6	58	0.803931
6	65	1.62196
6	100	0.751424
6	109	1.57615
6	134	1.60753
7	114	1.29547
7	124	0.895662
7	145	0.893337
7	153	1.34773
7	164	0.900341
7	166	1.27395
7	168	0.897069
7	169	0.897956
7	171	0.897209
7	173	0.905927
7	174	0.890471
7	179	0.912499
8	118	1.64467
8	160	0.808681
8	162	1.55687
8	163	0.804168
8	165	0.794638
8	166	0.808402
8	170	0.787351
8	173	1.5931
8	175	0.796041
8	176	0.799826
8	178	0.799191
8	180	0.801703
9	3	0.850882
9	41	0.843781
9	48	0.838736
9	51	1.64566
9	60	0.78383
9	64	0.77834
9	66	0.77834
9	71	0.758697
9	73	0.758697
9	76	0.808697
9	109	1.51494
9	115	1.64255
10	28	1.31183
10	43	1.10962
10	121	1.08795
10	148	0.922095
10	151	0.908298
10	160	0.903387
10	166	0.903108
10	168	1.28268
10	170	0.882058
10	175	0.890747
10	178	0.893898
10	180	0.896409
11	27	1.10354
11	88	1.34113
11	139	1.17366
11	153	0.891758
11	163	0.904305
11	166	0.908538
11	167	0.892761
11	169	1.17354
11	175	0.896177
11	177	0.905294
11	178	0.899328
11	180	0.901839
12	80	0.889716
12	89	1.29614
12	105	1.15877
12	126	1.22206
12	130	0.8865
12	133	0.888273
12	136	0.874748
12	148	0.911412
12	159	0.959526
12	162	0.900642
12	177	0.889182
12	179	1.13074
13	67	1.3308
13	96	1.16551
13	112	0.896433
13	113	0.887308
13	129	0.903156
13	133	0.895482
13	137	0.912853
13	147	0.900527
13	153	1.17771
13	162	0.90785
13	172	1.12966
13	177	0.89639
14	21	0.869979
14	31	0.839075
14	34	0.843203
14	37	0.905742
14	45	0.905742
14	51	1.19355
14	52	0.878067
14	159	0.951178
14	167	1.22558
14	172	1.21769
14	174	1.00701
14	179	1.16795
15	25	1.68458
15	142	0.875746
15	144	0.866372
15	145	0.858312
15	146	0.858191
15	147	1.18877
15	154	1.12483
15	156	0.863698
15	161	0.882549
15	168	0.862045
15	171	0.862185
15	173	0.870903
15	177	1.20963
16	1	0.924869
16	6	0.803855
16	17	0.778798
16	28	0.845465
16	43	0.917725
16	47	0.915327
16	58	0.881629
16	70	0.903209
16	95	1.32162
16	100	0.829122
16	103	1.35018
16	123	1.31564
16	154	1.22018
17	1	0.822114
17	6	0.701101
17	16	0.778798
17	28	0.742711
17	43	0.814971
17	46	0.822036
17	47	0.812573
17	58	0.778874
17	70	0.800455
17	100	0.726368
17	154	1.67895
17	160	1.73637
17	178	1.79035
18	98	1.26023
18	114	0.865563
18	127	1.25019
18	155	1.34775
18	160	0.875347
18	165	0.861304
18	166	0.875068
18	167	0.859291
18	173	1.33425
18	175	0.862707
18	176	0.866492
18	178	0.865858
18	180	0.868369
19	34	0.814211
19	52	0.849074
19	105	1.29251
19	114	1.31002
19	135	1.28406
19	145	0.841861
19	159	0.922186
19	164	0.848866
19	168	0.845594
19	171	0.845734
19	173	0.854452
19	174	0.978023
19	180	1.32111
20	54	1.5872
20	121	0.908064
20	131	1.12251
20	150	1.27083
20	152	0.867765
20	155	0.861617
20	156	0.857039
20	158	1.22726
20	164	0.858657
20	169	0.856273
20	171	0.855526
20	173	0.864244
20	179	0.870816
21	4	1.17998
21	14	0.869979
21	23	0.869979
21	31	0.800506
21	34	0.804634
21	37	0.867173
21	45	0.867173
21	52	0.839498
21	96	1.39058
21	159	0.91261
21	174	0.968446
21	175	1.32973
21	179	1.30498
22	32	0.855682
22	48	0.921968
22	60	0.867062
22	61	0.856356
22	64	0.861572
22	66	0.861572
22	71	0.841929
22	73	0.841929
22	76	0.891929
22	157	1.32167
22	172	1.32619
22	177	1.2829
22	179	1.27645
23	5	1.11981
23	21	0.869979
23	31	0.839075
23	34	0.843203
23	37	0.905742
23	45	0.905742
23	52	0.878067
23	110	1.35086
23	131	1.1153
23	158	1.22005
23	159	0.951178
23	174	1.00701
24	54	1.54021
24	86	0.854249
24	95	1.19695
24	142	0.877294
24	143	0.871035
24	144	0.86792
24	153	1.27164
24	156	0.865246
24	168	0.863592
24	169	0.86448
24	171	0.863732
24	173	0.872451
24	175	1.19859
25	15	1.68458
25	81	1.67549
25	110	0.763897
25	118	1.83631
25	135	0.779551
25	150	0.783086
25	157	0.794532
25	167	0.775049
25	170	0.769776
25	172	0.789264
25	175	0.778466
25	176	0.782251
25	180	0.784128
26	80	0.853337
26	90	1.40017
26	93	0.858644
26	107	0.833867
26	117	0.876962
26	137	0.869266
26	147	0.85694
26	148	0.875033
26	159	0.923147
26	166	1.25765
26	176	1.25916
26	177	0.852803
26	180	1.29027
27	11	1.10354
27	43	0.910622
27	47	0.908224
27	58	0.874526
27	100	0.822019
27	132	1.37876
27	139	0.858782
27	163	1.34622
27	167	1.37726
27	168	0.853985
27	169	0.854873
27	171	0.854125
27	173	0.862844
28	1	0.888781
28	6	0.767767
28	10	1.31183
28	16	0.845465
28	17	0.742711
28	43	0.881637
28	46	0.888703
28	47	0.879239
28	58	0.845541
28	70	0.867121
28	100	0.793034
28	120	1.40661
28	166	1.43055
28	172	1.45629
29	68	1.4075
29	75	0.856593
29	126	0.815852
29	144	1.38733
29	157	0.836031
29	158	0.827256
29	167	0.816548
29	171	1.43306
29	173	1.36461
29	174	0.955263
29	175	0.819965
29	176	0.82375
29	178	0.823115
29	180	0.825627
30	93	1.34377
30	97	1.43292
30	114	0.837536
30	149	1.40903
30	150	0.8393
30	153	0.830261
30	157	0.850747
30	166	0.847041
30	171	1.40648
30	175	0.83468
30	176	0.838465
30	177	0.843797
30	178	0.837831
30	180	0.840342
31	14	0.839075
31	21	0.800506
31	23	0.839075
31	34	0.77373
31	37	0.836269
31	45	0.836269
31	52	0.808594
31	70	0.847234
31	138	1.48307
31	159	0.881706
31	165	1.38574
31	170	1.41103
31	174	0.937542
31	179	1.32464
32	22	0.855682
32	41	0.895262
32	60	0.835311
32	61	0.824605
32	64	0.82982
32	66	0.82982
32	71	0.810178
32	73	0.810178
32	76	0.860178
32	101	0.848968
32	148	1.37909
32	154	1.34066
32	172	1.46874
32	179	1.419
33	88	1.55034
33	123	0.841504
33	124	1.367
33	141	0.833406
33	149	1.36749
33	158	0.846508
33	163	0.847344
33	164	1.30713
33	165	0.837814
33	167	0.8358
33	170	0.830527
33	175	0.839217
33	176	0.843002
33	180	0.844878
34	14	0.843203
34	19	0.814211
34	21	0.804634
34	23	0.843203
34	31	0.77373
34	37	0.840397
34	45	0.840397
34	52	0.812722
34	135	1.40613
34	147	1.37215
34	158	1.39298
34	159	0.885834
34	172	1.43629
34	174	0.94167
35	58	1.49712
35	72	0.873243
35	112	0.82878
35	113	0.819655
35	117	0.852896
35	118	0.810276
35	122	1.31898
35	133	0.827828
35	136	0.814303
35	137	0.8452
35	150	1.37581
35	159	0.899081
35	170	1.4122
35	177	0.828737
36	85	1.52721
36	95	0.847682
36	116	1.42303
36	121	1.27958
36	131	0.877517
36	137	1.36302
36	160	0.843979
36	165	0.829936
36	166	0.8437
36	167	0.827923
36	170	0.82265
36	176	0.835124
36	178	0.834489
36	180	0.837001
37	14	0.905742
37	21	0.867173
37	23	0.905742
37	31	0.836269
37	34	0.840397
37	45	0.902936
37	52	0.875261
37	70	0.9139
37	80	1.34892
37	105	1.17478
37	159	0.948372
37	160	1.12584
37	174	1.00421
37	177	1.15321
37	180	1.20338
38	59	1.36681
38	68	0.815406
38	80	0.810891
38	112	0.8104
38	113	0.801275
38	117	0.834516
38	118	0.791896
38	131	1.58208
38	136	0.795923
38	137	0.82682
38	159	0.880701
38	162	0.821817
38	167	1.73804
38	174	1.32094
38	177	0.810357
39	99	0.800131
39	140	0.815969
39	141	1.53029
39	143	0.821241
39	150	1.5151
39	152	0.826177
39	155	0.82003
39	158	1.47153
39	161	0.834303
39	164	0.81707
39	168	0.813798
39	169	0.814686
39	171	0.813938
39	173	0.822657
39	176	1.49062
40	92	1.17919
40	106	0.899313
40	125	1.07097
40	126	1.27014
40	140	0.898417
40	143	0.903689
40	145	0.892514
40	157	1.22404
40	164	0.899518
40	168	0.896246
40	169	0.897134
40	170	1.26521
40	171	0.896386
40	173	0.905105
40	179	0.911676
41	9	0.843781
41	32	0.895262
41	44	1.12926
41	48	0.961548
41	60	0.906642
41	61	0.895936
41	64	0.901152
41	66	0.901152
41	71	0.881509
41	73	0.881509
41	76	0.931509
41	90	1.32696
41	147	1.14603
41	170	1.24682
41	179	1.16043
42	105	1.60238
42	123	1.59147
42	142	0.824974
42	149	0.814901
42	156	0.812925
42	161	0.831777
42	164	0.814544
42	168	0.811272
42	169	0.812159
42	171	0.811412
42	172	0.819202
42	173	0.820131
42	174	1.21489
42	175	1.5991
42	179	0.826702
43	1	0.961041
43	6	0.840028
43	10	1.10962
43	16	0.917725
43	17	0.814971
43	27	0.910622
43	28	0.881637
43	47	0.951499
43	58	0.917801
43	70	0.939381
43	100	0.865294
43	153	1.30213
43	154	1.126
43	165	1.26543
43	179	1.20434
44	41	1.12926
44	72	1.15336
44	115	0.885913
44	119	0.909912
44	127	1.18811
44	128	0.911428
44	131	0.937026
44	155	1.28567
44	162	1.23595
44	163	0.898976
44	165	0.889445
44	170	0.882159
44	176	0.894633
44	178	0.893998
44	180	0.89651
45	14	0.905742
45	21	0.867173
45	23	0.905742
45	31	0.836269
45	34	0.840397
45	37	0.902936
45	52	0.875261
45	70	0.9139
45	128	1.15496
45	137	1.28655
45	159	0.948372
45	165	1.21006
45	172	1.1987
45	174	1.00421
45	177	1.15541
46	6	0.847093
46	17	0.822036
46	28	0.888703
46	47	0.958565
46	58	0.924867
46	103	1.21247
46	144	0.908654
46	158	1.16725
46	161	0.924831
46	164	0.907598
46	167	1.21845
46	171	0.904467
46	173	0.913185
46	178	1.19388
46	180	1.21744
47	1	0.958643
47	6	0.83763
47	16	0.915327
47	17	0.812573
47	27	0.908224
47	28	0.879239
47	43	0.951499
47	46	0.958565
47	58	0.915403
47	69	1.15315
47	100	0.862896
47	122	1.18822
47	130	1.20169
47	163	1.22164
47	172	1.24479
48	9	0.838736
48	22	0.921968
48	41	0.961548
48	61	0.890891
48	64	0.896106
48	66	0.896106
48	71	0.876464
48	73	0.876464
48	75	1.17208
48	76	0.926464
48	101	0.915255
48	110	1.38777
48	148	1.21062
48	153	1.34832
48	174	0.891059
49	78	1.10409
49	94	1.18128
49	123	0.897789
49	124	1.23132
49	150	0.900122
49	154	0.912317
49	160	0.908142
49	161	1.22633
49	163	0.903629
49	167	0.892085
49	169	1.24708
49	170	0.886812
49	176	0.899287
49	178	0.898652
49	180	0.901164
50	55	1.42484
50	116	1.51123
50	123	0.813863
50	132	0.801923
50	148	0.842923
50	151	0.829127
50	157	0.827642
50	158	0.818867
50	164	1.49912
50	165	0.810172
50	167	0.808159
50	171	1.55692
50	176	0.815361
50	178	0.814726
50	180	0.817237
51	9	1.64566
51	14	1.19355
51	53	0.821779
51	81	0.91881
51	95	1.17721
51	133	0.875096
51	136	0.861571
51	147	0.880141
51	166	1.17811
51	168	0.869757
51	169	0.870644
51	171	0.869897
51	172	0.877686
51	173	0.878615
51	177	0.876005
51	180	1.21073
52	2	1.54195
52	14	0.878067
52	19	0.849074
52	21	0.839498
52	23	0.878067
52	31	0.808594
52	34	0.812722
52	37	0.875261
52	45	0.875261
52	70	0.886225
52	150	1.23139
52	159	0.920697
52	174	0.976534
52	178	1.21447
52	179	1.1814
52	180	1.23803
53	51	0.821779
53	82	0.786958
53	87	0.785252
53	113	0.789812
53	117	0.823054
53	118	0.780433
53	122	1.56934
53	129	0.80566
53	133	0.797986
53	136	0.78446
53	137	0.815358
53	162	0.810355
53	163	1.60276
53	172	1.62591
53	177	0.798894
53	178	1.60923
54	20	1.5872
54	24	1.54021
54	115	0.787206
54	127	1.58564
54	131	0.838318
54	135	0.793225
54	150	0.79676
54	151	0.809692
54	155	1.6832
54	157	0.808207
54	158	0.799432
54	167	0.788724
54	170	0.783451
54	176	0.795926
54	177	0.801257
54	180	0.797802
55	50	1.42484
55	140	0.868725
55	142	0.880257
55	144	0.870883
55	147	1.22531
55	148	1.19981
55	152	0.878934
55	156	0.868208
55	157	1.28494
55	161	0.88706
55	164	0.869827
55	168	0.866555
55	169	0.867442
55	171	0.866695
55	173	0.875413
55	178	1.27278
56	69	1.65258
56	138	0.802531
56	139	0.797514
56	144	0.797045
56	156	0.794371
56	161	0.813222
56	162	0.810426
56	164	0.795989
56	168	0.792717
56	169	0.793605
56	171	0.792857
56	173	0.801576
56	174	1.33501
56	175	1.71922
56	177	1.70093
56	179	0.808147
57	79	0.874827
57	124	0.866666
57	138	0.877886
57	146	0.864219
57	155	0.874304
57	157	1.35453
57	161	0.888577
57	164	0.871345
57	167	1.36694
57	168	0.868073
57	169	0.86896
57	170	1.3957
57	171	0.868213
57	173	0.876931
57	174	0.94984
57	178	1.34237
58	1	0.924945
58	6	0.803931
58	16	0.881629
58	17	0.778874
58	27	0.874526
58	28	0.845541
58	35	1.49712
58	43	0.917801
58	46	0.924867
58	47	0.915403
58	70	0.903285
58	100	0.829198
58	120	1.29988
58	126	1.39114
58	160	1.2789
58	174	0.940348
59	38	1.36681
59	83	1.10656
59	87	1.13976
59	96	0.926792
59	103	0.92602
59	141	0.919059
59	151	0.942421
59	161	1.05527
59	165	0.923466
59	168	1.0638
59	170	0.91618
59	171	1.0582
59	175	0.92487
59	176	0.928655
59	177	0.933986
59	178	0.92802
59	180	0.930531
60	3	0.913743
60	9	0.78383
60	22	0.867062
60	32	0.835311
60	41	0.906642
60	61	0.835985
60	64	0.841201
60	66	0.841201
60	71	0.821558
60	73	0.821558
60	76	0.871558
60	89	1.49386
60	101	0.860349
60	134	1.25472
60	172	1.3782
60	176	1.35397
60	179	1.32846
61	3	0.903037
61	22	0.856356
61	32	0.824605
61	41	0.895936
61	48	0.890891
61	60	0.835985
61	64	0.830495
61	66	0.830495
61	71	0.810852
61	73	0.810852
61	76	0.860852
61	101	0.849643
61	130	1.36402
61	147	1.34298
61	158	1.36381
61	166	1.38139
61	179	1.35738
62	68	0.852781
62	82	0.835795
62	87	0.834089
62	107	0.828795
62	112	0.847775
62	117	0.871891
62	120	1.32068
62	122	1.31378
62	129	0.854497
62	136	0.833297
62	137	0.864195
62	141	1.38579
62	148	0.869962
62	153	1.4184
62	162	0.859192
62	172	1.37035
62	177	0.847731
63	71	1.48913
63	105	0.855417
63	138	1.3643
63	142	1.40507
63	147	0.859716
63	150	0.851082
63	153	0.842043
63	154	0.863278
63	155	1.39421
63	158	0.853754
63	159	1.13946
63	165	0.845059
63	167	0.843046
63	170	0.837773
63	175	0.846462
63	176	0.850247
63	180	0.852124
64	3	0.908253
64	9	0.77834
64	22	0.861572
64	32	0.82982
64	41	0.901152
64	48	0.896106
64	60	0.841201
64	61	0.830495
64	71	0.816068
64	73	0.816068
64	76	0.866068
64	101	0.854859
64	102	1.39054
64	122	1.34482
64	132	1.41078
64	148	1.31174
64	179	1.35165
65	6	1.62196
65	99	1.33132
65	101	1.25504
65	125	0.870807
65	143	1.26618
65	157	0.846552
65	158	0.837777
65	163	0.838613
65	166	0.842847
65	168	1.31809
65	170	0.821796
65	172	0.841284
65	174	0.965784
65	175	0.830486
65	176	0.834271
65	178	0.833636
65	180	0.836148
66	3	0.908253
66	9	0.77834
66	22	0.861572
66	32	0.82982
66	41	0.901152
66	48	0.896106
66	60	0.841201
66	61	0.830495
66	71	0.816068
66	73	0.816068
66	76	0.866068
66	90	1.44058
66	101	0.854859
66	133	1.46896
66	166	1.29806
66	172	1.3238
66	179	1.27406
67	13	1.3308
67	130	1.38603
67	142	0.856228
67	143	0.84997
67	149	0.846156
67	152	0.854906
67	154	1.30106
67	155	0.848758
67	158	1.38582
67	162	0.860235
67	164	0.845799
67	168	0.842527
67	169	0.843414
67	171	0.842667
67	173	0.851385
67	175	1.40414
67	179	0.857957
68	29	1.4075
68	38	0.815406
68	62	0.852781
68	100	0.819955
68	107	0.839233
68	113	0.849088
68	114	1.39177
68	118	0.839708
68	123	1.36335
68	128	1.35224
68	133	0.857261
68	136	0.843736
68	137	0.874633
68	148	0.8804
68	151	1.29308
68	162	0.86963
68	177	0.858169
69	47	1.15315
69	56	1.65258
69	103	0.843683
69	113	1.30818
69	125	0.882854
69	131	0.88871
69	149	1.33245
69	153	0.838113
69	158	0.849824
69	165	0.841129
69	167	0.839116
69	169	1.34772
69	170	0.833843
69	175	0.842533
69	176	0.846318
69	178	0.845683
69	180	0.848194
70	16	0.903209
70	17	0.800455
70	28	0.867121
70	31	0.847234
70	37	0.9139
70	43	0.939381
70	45	0.9139
70	52	0.886225
70	58	0.903285
70	100	0.850778
70	109	1.05442
70	155	1.34787
70	159	0.959337
70	163	1.18614
70	167	1.21718
70	172	1.20928
70	174	1.01517
70	178	1.19261
71	3	0.88861
71	9	0.758697
71	22	0.841929
71	32	0.810178
71	41	0.881509
71	48	0.876464
71	60	0.821558
71	61	0.810852
71	63	1.48913
71	64	0.816068
71	66	0.816068
71	73	0.796425
71	76	0.846425
71	101	0.835216
71	122	1.40493
71	123	1.42887
71	165	1.47286
71	179	1.41176
72	35	0.873243
72	44	1.15336
72	80	0.89816
72	107	0.87869
72	112	0.897669
72	118	0.879165
72	129	0.904392
72	133	0.896717
72	136	0.883192
72	137	0.914089
72	159	0.96797
72	162	0.909086
72	172	1.23427
72	175	1.20927
72	176	1.21004
72	177	0.897626
72	178	1.21759
72	179	1.18452
73	3	0.88861
73	9	0.758697
73	22	0.841929
73	32	0.810178
73	41	0.881509
73	48	0.876464
73	60	0.821558
73	61	0.810852
73	64	0.816068
73	66	0.816068
73	71	0.796425
73	75	1.33872
73	76	0.846425
73	96	1.50276
73	101	0.835216
73	110	1.55441
73	160	1.39625
73	179	1.41717
74	127	0.852716
74	132	1.53533
74	139	0.82644
74	143	0.829086
74	146	0.817789
74	152	0.834022
74	153	1.57399
74	158	1.48262
74	161	0.842148
74	162	0.839352
74	164	0.824915
74	168	0.821643
74	169	0.822531
74	171	0.821783
74	173	0.830502
74	174	1.11673
74	175	1.50094
74	179	0.837073
75	29	0.856593
75	48	1.17208
75	73	1.33872
75	128	0.892095
75	145	1.31222
75	152	1.254
75	157	0.887581
75	158	0.878806
75	161	1.29042
75	163	0.879642
75	165	0.870112
75	166	0.883876
75	170	0.862825
75	173	1.2249
75	175	0.871515
75	176	0.8753
75	178	0.874665
75	179	0.889814
75	180	0.877177
76	3	0.93861
76	9	0.808697
76	22	0.891929
76	32	0.860178
76	41	0.931509
76	48	0.926464
76	60	0.871558
76	61	0.860852
76	64	0.866068
76	66	0.866068
76	71	0.846425
76	73	0.846425
76	101	0.885216
76	131	1.17775
76	134	1.20233
76	153	1.37387
76	160	1.25516
76	172	1.32582
76	179	1.27607
77	115	0.865627
77	124	1.29482
77	135	0.871647
77	142	1.24866
77	152	1.25341
77	154	0.887378
77	160	0.883202
77	162	1.18807
77	163	0.87869
77	166	0.882923
77	167	0.867146
77	169	1.31058
77	171	1.29276
77	175	0.870562
77	176	0.874347
77	177	0.879679
77	178	0.873713
77	179	0.888861
77	180	0.876224
78	49	1.10409
78	94	0.882744
78	102	1.28552
78	110	1.38387
78	116	0.866304
78	140	0.875087
78	146	0.869063
78	152	0.885296
78	156	0.87457
78	164	0.876189
78	168	0.872917
78	169	0.873804
78	171	0.873057
78	172	0.880846
78	173	0.881775
78	177	1.25308
78	178	1.2797
78	179	0.888347
78	180	1.30326
79	57	0.874827
79	98	0.885546
79	115	1.35142
79	124	0.845971
79	130	1.33557
79	135	1.34851
79	139	0.852174
79	142	0.86108
79	144	0.851706
79	148	1.28903
79	149	0.851007
79	150	1.37893
79	152	0.859757
79	160	1.30802
79	161	0.867883
79	164	0.85065
79	168	0.847378
79	169	0.848265
79	171	0.847518
79	173	0.856237
80	12	0.889716
80	26	0.853337
80	37	1.34892
80	38	0.810891
80	72	0.89816
80	113	0.844572
80	118	0.835193
80	122	1.32385
80	128	1.33668
80	129	0.86042
80	130	0.850973
80	133	0.852746
80	134	1.25693
80	136	0.83922
80	137	0.870118
80	148	0.875885
80	162	0.865115
80	175	1.35542
80	177	0.853654
80	180	1.3873
81	5	1.10028
81	25	1.67549
81	51	0.91881
81	108	1.10758
81	121	0.942356
81	138	0.899491
81	139	0.894474
81	145	0.885945
81	146	0.885824
81	149	0.893307
81	155	0.895909
81	157	1.23931
81	161	0.910182
81	167	1.25172
81	168	0.889677
81	169	0.890565
81	171	0.889817
81	173	0.898536
81	174	0.834622
81	177	1.20054
81	179	0.905107
82	53	0.786958
82	62	0.835795
82	87	0.827541
82	93	0.847025
82	107	0.822248
82	112	0.841227
82	114	1.44315
82	118	0.822723
82	123	1.41472
82	125	1.28975
82	128	1.40361
82	129	0.84795
82	130	0.838502
82	133	0.840276
82	136	0.82675
82	137	0.857647
82	141	1.46279
82	159	0.911529
82	162	0.852644
82	177	0.841184
82	179	1.39761
83	59	1.10656
83	104	0.839555
83	116	0.828328
83	142	0.848642
83	143	0.842383
83	146	0.831086
83	149	0.838569
83	155	0.841172
83	156	0.836593
83	157	1.46538
83	158	1.42659
83	161	0.855445
83	164	0.838212
83	167	1.47779
83	168	0.83494
83	169	0.835827
83	170	1.50655
83	171	0.83508
83	173	0.843798
83	177	1.42662
83	179	0.85037
84	94	1.40955
84	111	1.34821
84	114	0.835264
84	120	0.85376
84	128	0.852988
84	129	1.41154
84	144	1.4118
84	152	1.41818
84	153	0.827989
84	157	0.848475
84	158	0.8397
84	160	0.845049
84	163	0.840536
84	165	0.831005
84	166	0.844769
84	170	0.823719
84	173	1.38907
84	175	0.832409
84	178	0.835559
84	179	0.850707
84	180	0.83807
85	36	1.52721
85	90	0.820389
85	117	1.5145
85	125	1.32243
85	126	1.5216
85	135	1.44986
85	139	0.84189
85	143	0.844536
85	144	0.841421
85	145	0.833361
85	146	0.833239
85	149	0.840723
85	152	0.849472
85	156	0.838747
85	161	0.857598
85	164	0.840365
85	168	0.837093
85	169	0.837981
85	171	0.837233
85	173	0.845952
85	174	1.07082
86	2	1.62523
86	24	0.854249
86	88	0.810335
86	118	1.49108
86	119	1.30881
86	121	0.883959
86	126	1.35599
86	138	0.841094
86	139	0.836077
86	143	0.838724
86	149	0.83491
86	150	1.31467
86	152	0.84366
86	156	0.832934
86	157	1.30989
86	164	0.834552
86	168	0.831281
86	169	0.832168
86	172	0.83921
86	173	0.840139
86	179	0.846711
87	53	0.785252
87	59	1.13976
87	62	0.834089
87	82	0.827541
87	109	0.859355
87	112	0.839521
87	113	0.830396
87	118	0.821017
87	122	1.44653
87	129	0.846243
87	130	0.836796
87	133	0.838569
87	134	1.37961
87	136	0.825044
87	137	0.855941
87	159	0.909822
87	162	0.850938
87	167	1.51099
87	176	1.47887
87	177	0.839477
87	179	1.45336
88	11	1.34113
88	33	1.55034
88	86	0.810335
88	96	0.818732
88	111	0.8443
88	120	1.55727
88	139	0.824475
88	143	0.827122
88	145	0.815946
88	147	1.5428
88	149	0.823308
88	156	0.821332
88	161	0.840183
88	164	0.822951
88	165	1.6183
88	168	0.819679
88	169	0.820566
88	171	0.819819
88	172	0.827608
88	173	0.828537
88	174	1.19774
88	179	0.835109
89	12	1.29614
89	60	1.49386
89	108	0.854561
89	115	0.81041
89	116	1.49151
89	119	0.834408
89	120	0.836696
89	140	1.53324
89	152	1.49785
89	154	0.83216
89	158	0.822636
89	163	0.823472
89	164	1.4794
89	165	0.813942
89	166	0.827706
89	167	0.811928
89	175	0.815345
89	176	0.81913
89	177	0.824461
89	178	0.818495
89	179	0.833644
89	180	0.821007
90	26	1.40017
90	41	1.32696
90	66	1.44058
90	85	0.820389
90	107	1.59211
90	113	1.51661
90	132	0.811398
90	136	1.5181
90	155	0.830151
90	156	0.825573
90	160	0.833691
90	161	0.844424
90	165	0.819648
90	168	0.82392
90	169	0.824807
90	170	0.812361
90	171	0.82406
90	173	0.832778
90	175	0.821051
90	176	0.824836
90	178	0.824201
90	180	0.826713
91	100	1.43144
91	102	0.870086
91	110	0.843253
91	128	0.878402
91	135	0.858907
91	149	1.31418
91	151	0.875373
91	153	0.853402
91	154	0.874637
91	155	1.25667
91	156	1.3123
91	163	0.865949
91	165	0.856419
91	166	0.870183
91	167	0.854405
91	168	1.31723
91	170	0.849132
91	171	1.31163
91	173	1.24318
91	175	0.857822
91	176	0.861607
91	177	0.866939
91	180	0.863484
92	40	1.17919
92	95	0.87115
92	111	1.26286
92	114	0.857663
92	120	0.876159
92	129	1.32619
92	136	1.35194
92	147	0.868061
92	149	1.37472
92	150	0.859428
92	158	0.862099
92	163	0.862935
92	165	0.853405
92	166	0.867169
92	167	0.851391
92	169	1.38999
92	172	0.865606
92	173	1.30372
92	175	0.854808
92	176	0.858593
92	178	0.857958
92	179	0.873107
92	180	0.860469
93	26	0.858644
93	30	1.34377
93	82	0.847025
93	107	0.840025
93	112	0.859005
93	113	0.849879
93	117	0.883121
93	118	0.8405
93	129	0.865727
93	130	0.85628
93	133	0.858053
93	134	1.23535
93	136	0.844528
93	137	0.875425
93	141	1.37427
93	147	0.863098
93	151	1.25593
93	159	0.929306
93	162	0.870422
93	172	1.35883
93	175	1.33384
93	177	0.858961
93	179	1.30909
94	49	1.18128
94	78	0.882744
94	84	1.40955
94	108	1.23731
94	111	0.875073
94	121	0.90313
94	138	0.860264
94	146	0.846597
94	147	1.30942
94	149	0.85408
94	152	0.86283
94	155	0.856683
94	156	0.852104
94	162	0.868159
94	164	0.853723
94	165	1.38492
94	168	0.850451
94	171	0.850591
94	172	0.85838
94	173	0.859309
94	177	1.33027
94	178	1.35689
94	179	0.865881
95	16	1.32162
95	24	1.19695
95	36	0.847682
95	51	1.17721
95	92	0.87115
95	110	0.83666
95	115	0.846294
95	123	0.853517
95	136	1.37467
95	138	1.31003
95	146	1.4002
95	150	0.855849
95	154	0.868045
95	158	0.85852
95	160	0.863869
95	165	0.849826
95	166	0.86359
95	167	0.847813
95	169	1.41272
95	170	0.842539
95	174	0.986527
95	175	0.851229
95	180	0.856891
96	13	1.16551
96	21	1.39058
96	59	0.926792
96	73	1.50276
96	88	0.818732
96	106	0.842745
96	112	1.39066
96	117	1.29832
96	120	0.85816
96	130	0.843244
96	133	1.409
96	136	1.43716
96	142	0.85338
96	153	0.832389
96	155	0.845909
96	163	0.844937
96	164	0.84295
96	166	0.84917
96	167	0.833392
96	169	0.840565
96	171	0.839818
96	173	0.848536
96	175	0.836809
96	180	0.842471
97	30	1.43292
97	104	0.830725
97	107	0.813422
97	112	0.832401
97	113	0.823276
97	117	0.856518
97	119	1.44238
97	129	0.839124
97	136	0.817924
97	137	0.848822
97	144	0.830438
97	145	0.822378
97	150	1.44823
97	152	0.838489
97	154	1.3199
97	155	0.832342
97	161	0.846615
97	162	0.843819
97	164	0.829382
97	165	1.45934
97	169	0.826998
97	170	1.48463
97	173	0.834969
97	176	1.42375
97	177	0.832358
98	18	1.26023
98	79	0.885546
98	99	0.865124
98	115	1.2518
98	116	0.872179
98	119	1.27345
98	120	1.22938
98	123	1.24643
98	128	1.23532
98	138	0.888605
98	140	0.880962
98	142	0.892494
98	143	0.886235
98	144	0.883119
98	146	0.874938
98	152	0.891171
98	155	0.885023
98	156	0.880445
98	164	0.882064
98	168	0.878792
98	171	0.878932
98	172	0.886721
98	173	0.88765
98	175	1.25406
98	178	1.26238
99	39	0.800131
99	65	1.33132
99	98	0.865124
99	127	0.858029
99	132	1.44976
99	136	1.61369
99	139	0.831753
99	140	0.829127
99	145	0.823224
99	146	0.823103
99	147	1.37623
99	149	0.830586
99	152	0.839336
99	155	0.833188
99	156	0.82861
99	161	0.847461
99	164	0.830229
99	168	0.826957
99	169	0.827844
99	171	0.827097
99	173	0.835815
99	176	1.41614
99	177	1.39708
99	178	1.4237
99	179	0.842387
100	1	0.872438
100	6	0.751424
100	16	0.829122
100	17	0.726368
100	27	0.822019
100	28	0.793034
100	43	0.865294
100	47	0.862896
100	58	0.829198
100	68	0.819955
100	70	0.850778
100	91	1.43144
100	105	1.51964
100	107	0.79597
100	117	0.839065
100	118	0.796445
100	133	0.813997
100	135	1.51119
100	136	0.800472
100	137	0.831369
100	151	1.43845
100	159	0.88525
100	160	1.4707
100	177	0.814906
100	179	1.49161
100	180	1.54824
101	32	0.848968
101	48	0.915255
101	60	0.860349
101	61	0.849643
101	64	0.854859
101	65	1.25504
101	66	0.854859
101	71	0.835216
101	73	0.835216
101	76	0.885216
101	112	0.863607
101	113	0.854481
101	117	0.887723
101	125	1.20649
101	129	0.870329
101	133	0.862655
101	134	1.24061
101	136	0.849129
101	150	1.36434
101	151	1.26119
101	159	0.933908
101	162	0.875024
101	165	1.37545
101	175	1.3391
101	177	0.863563
101	180	1.37098
102	64	1.39054
102	78	1.28552
102	91	0.870086
102	105	0.856105
102	110	0.832582
102	114	0.850006
102	116	1.365
102	117	1.25161
102	119	0.866214
102	126	0.843038
102	143	1.36439
102	152	1.37134
102	153	0.842731
102	157	0.863217
102	158	0.854442
102	161	1.40776
102	163	0.855278
102	164	1.35289
102	166	0.859511
102	167	0.843734
102	170	0.838461
102	172	0.857949
102	175	0.84715
102	176	0.850936
102	178	0.850301
102	179	0.865449
102	180	0.852812
103	16	1.35018
103	46	1.21247
103	59	0.92602
103	69	0.843683
103	126	0.831924
103	132	0.826384
103	137	1.31775
103	138	1.33858
103	139	1.4414
103	141	0.830226
103	149	1.426
103	150	0.840656
103	152	1.3841
103	154	0.852852
103	157	0.852103
103	160	0.848676
103	162	1.31877
103	163	0.844164
103	166	0.848397
103	170	0.827347
103	174	0.971334
103	175	0.836037
103	176	0.839822
103	177	0.845153
103	178	0.839187
103	179	0.854335
103	180	0.841698
104	83	0.839555
104	97	0.830725
104	109	1.26211
104	127	0.876311
104	132	1.42637
104	134	0.874184
104	140	0.847409
104	141	1.43242
104	143	0.852682
104	144	0.849567
104	146	0.841385
104	149	0.848868
104	152	0.857618
104	153	1.46503
104	155	0.851471
104	156	0.846892
104	161	0.865744
104	162	0.862947
104	164	0.848511
104	165	1.42834
104	168	0.845239
104	169	0.846126
104	173	0.854097
104	174	1.00777
104	176	1.39275
104	178	1.4003
104	179	0.860669
105	12	1.15877
105	19	1.29251
105	37	1.17478
105	42	1.60238
105	63	0.855417
105	100	1.51964
105	102	0.856105
105	111	1.29051
105	124	1.40189
105	126	0.839728
105	134	0.875655
105	135	0.844925
105	143	1.35352
105	148	0.875188
105	150	0.848461
105	151	0.861392
105	153	0.839421
105	157	0.859907
105	165	0.842438
105	166	0.856202
105	167	0.840424
105	172	0.854639
105	175	0.843841
105	176	0.847626
105	178	0.846991
105	179	0.86214
105	180	0.849502
106	40	0.899313
106	96	0.842745
106	111	0.868313
106	124	0.842284
106	127	0.874763
106	128	1.33787
106	140	0.845861
106	142	0.857393
106	143	0.851134
106	145	0.839959
106	146	0.839837
106	149	0.84732
106	154	1.25353
106	155	0.849923
106	156	0.845344
106	161	0.864196
106	163	1.35846
106	164	0.846963
106	165	1.39297
106	166	1.35587
106	167	1.3895
106	168	0.843691
106	169	0.844578
106	171	0.843831
106	173	0.85255
106	177	1.33832
106	180	1.38849
107	26	0.833867
107	62	0.828795
107	68	0.839233
107	72	0.87869
107	82	0.822248
107	90	1.59211
107	93	0.840025
107	97	0.813422
107	100	0.79597
107	109	0.854061
107	112	0.834227
107	117	0.858343
107	118	0.815723
107	129	0.84095
107	133	0.833276
107	136	0.81975
107	137	0.850647
107	148	0.856415
107	150	1.47557
107	151	1.37242
107	154	1.34724
107	159	0.904529
107	162	0.845644
107	172	1.47532
107	174	1.06611
107	177	0.834184
107	178	1.45865
107	179	1.42558
108	81	1.10758
108	89	0.854561
108	94	1.23731
108	110	0.859534
108	118	1.2684
108	124	1.28735
108	135	0.875187
108	139	1.30324
108	150	0.878723
108	151	0.891654
108	153	0.869683
108	154	0.890918
108	157	0.890169
108	160	0.886743
108	161	1.28236
108	162	1.18061
108	165	0.8727
108	167	0.870686
108	169	1.30311
108	170	0.865413
108	173	1.21684
108	174	1.0094
108	175	0.874103
108	176	0.877888
108	177	0.883219
108	178	0.877253
108	179	0.892402
108	180	0.879764
109	6	1.57615
109	9	1.51494
109	70	1.05442
109	87	0.859355
109	104	1.26211
109	107	0.854061
109	112	0.87304
109	118	0.854536
109	129	0.879763
109	133	0.872089
109	135	0.864965
109	136	0.858563
109	137	0.88946
109	142	1.22257
109	143	1.22037
109	148	0.895228
109	149	1.26922
109	150	0.8685
109	157	0.879947
109	163	0.872008
109	168	1.27227
109	170	0.855191
109	173	1.19822
109	175	0.86388
109	176	0.867665
109	177	0.872997
109	178	0.867031
109	179	0.882179
109	180	0.869542
110	23	1.35086
110	25	0.763897
110	48	1.38777
110	73	1.55441
110	78	1.38387
110	91	0.843253
110	95	0.83666
110	102	0.832582
110	108	0.859534
110	120	0.841669
110	131	0.866496
110	132	0.810666
110	141	0.814507
110	148	0.851665
110	157	0.836384
110	158	0.827609
110	160	0.832958
110	163	0.828445
110	164	1.45124
110	165	0.818915
110	166	0.832679
110	167	0.816901
110	168	1.51464
110	170	0.811628
110	171	1.50904
110	173	1.44058
110	176	0.824103
110	178	0.823468
110	180	0.82598
111	84	1.34821
111	88	0.8443
111	92	1.26286
111	94	0.875073
111	105	1.29051
111	106	0.868313
111	124	0.863839
111	138	0.875059
111	141	1.32766
111	142	0.878948
111	143	0.872689
111	144	0.869574
111	145	0.861514
111	147	1.24808
111	148	1.22257
111	149	0.868875
111	152	0.877625
111	155	0.871478
111	156	0.866899
111	161	0.885751
111	164	0.868518
111	165	1.32358
111	168	0.865246
111	169	0.866133
111	171	0.865386
111	173	0.874104
111	177	1.26894
111	179	0.880676
111	180	1.31911
112	13	0.896433
112	35	0.82878
112	38	0.8104
112	62	0.847775
112	72	0.897669
112	82	0.841227
112	87	0.839521
112	93	0.859005
112	96	1.39066
112	97	0.832401
112	101	0.863607
112	107	0.834227
112	109	0.87304
112	113	0.844081
112	117	0.877323
112	129	0.859929
112	132	1.3642
112	133	0.852255
112	134	1.23132
112	136	0.838729
112	137	0.869627
112	138	1.46349
112	147	0.8573
112	151	1.2519
112	159	0.923508
112	160	1.28415
112	170	1.39146
112	175	1.32981
112	177	0.853163
112	179	1.30506
113	13	0.887308
113	35	0.819655
113	38	0.801275
113	53	0.789812
113	68	0.849088
113	69	1.30818
113	80	0.844572
113	87	0.830396
113	90	1.51661
113	93	0.849879
113	97	0.823276
113	101	0.854481
113	112	0.844081
113	117	0.868197
113	118	0.825577
113	122	1.34325
113	125	1.24223
113	126	1.4414
113	129	0.850804
113	133	0.84313
113	136	0.829604
113	137	0.860501
113	147	0.848175
113	148	0.866269
113	159	0.914383
113	162	0.855498
113	170	1.43647
113	172	1.39982
113	175	1.37483
113	177	0.844038
113	179	1.35008
114	7	1.29547
114	18	0.865563
114	19	1.31002
114	30	0.837536
114	68	1.39177
114	82	1.44315
114	84	0.835264
114	92	0.857663
114	102	0.850006
114	115	0.832807
114	116	1.37164
114	119	0.856805
114	134	0.869556
114	139	1.43528
114	141	0.831931
114	143	1.37103
114	150	0.842362
114	153	0.833322
114	157	0.853808
114	160	0.850382
114	163	0.845869
114	165	0.836339
114	167	0.834325
114	168	1.42293
114	173	1.34888
114	175	0.837742
114	176	0.841527
114	177	0.846858
114	178	0.840892
114	179	0.856041
114	180	0.843404
115	9	1.64255
115	44	0.885913
115	54	0.787206
115	77	0.865627
115	79	1.35142
115	89	0.81041
115	95	0.846294
115	98	1.2518
115	114	0.832807
115	120	0.851303
115	122	0.836061
115	123	0.832239
115	125	0.870273
115	128	0.850531
115	146	1.39958
115	151	0.847503
115	157	0.846018
115	158	0.837243
115	160	0.842591
115	161	1.39135
115	162	1.2896
115	164	1.33648
115	168	1.39988
115	170	0.821262
115	173	1.32583
115	174	0.965249
115	175	0.829951
115	176	0.833737
115	177	0.839068
115	178	0.833102
115	180	0.835613
116	36	1.42303
116	50	1.51123
116	78	0.866304
116	83	0.828328
116	89	1.49151
116	98	0.872179
116	102	1.365
116	114	1.37164
116	121	0.88669
116	125	1.21825
116	127	0.865084
116	138	0.843825
116	140	0.836182
116	143	0.841455
116	144	0.838339
116	145	0.830279
116	147	1.3117
116	149	0.837641
116	152	0.846391
116	155	0.840243
116	156	0.835665
116	161	0.854516
116	162	0.85172
116	164	0.837284
116	168	0.834012
116	169	0.834899
116	171	0.834152
116	172	0.841941
116	173	0.84287
116	177	1.33256
116	180	1.38273
117	26	0.876962
117	35	0.852896
117	38	0.834516
117	53	0.823054
117	62	0.871891
117	85	1.5145
117	93	0.883121
117	96	1.29832
117	97	0.856518
117	100	0.839065
117	101	0.887723
117	102	1.25161
117	107	0.858343
117	112	0.877323
117	113	0.868197
117	118	0.858818
117	129	0.884045
117	133	0.876371
117	134	1.13898
117	135	1.2323
117	136	0.862845
117	137	0.893743
117	147	0.881416
117	148	0.89951
117	157	1.25794
117	159	0.947624
117	162	0.88874
117	173	1.38756
117	177	0.877279
117	178	1.24579
117	179	1.21272
117	180	1.26935
118	8	1.64467
118	25	1.83631
118	35	0.810276
118	38	0.791896
118	53	0.780433
118	68	0.839708
118	72	0.879165
118	80	0.835193
118	82	0.822723
118	86	1.49108
118	87	0.821017
118	93	0.8405
118	100	0.796445
118	107	0.815723
118	108	1.2684
118	109	0.854536
118	113	0.825577
118	117	0.858818
118	128	1.36091
118	129	0.841425
118	133	0.833751
118	136	0.820225
118	137	0.851122
118	147	0.838796
118	148	0.85689
118	153	1.4527
118	159	0.905004
118	162	0.846119
118	172	1.40465
118	174	0.995442
118	177	0.834659
118	179	1.35491
119	2	0.8131
119	44	0.909912
119	86	1.30881
119	89	0.834408
119	97	1.44238
119	98	1.27345
119	102	0.866214
119	114	0.856805
119	120	0.875301
119	123	0.856237
119	127	1.26342
119	131	0.900128
119	132	0.844298
119	137	1.31024
119	138	1.33107
119	141	0.848139
119	154	0.870765
119	155	1.36098
119	158	0.861241
119	159	1.10623
119	160	0.86659
119	163	0.862077
119	164	1.35813
119	165	0.852547
119	166	0.866311
119	167	0.850533
119	169	1.43376
119	172	0.864748
119	175	0.85395
119	176	0.857735
119	178	0.8571
119	179	0.872249
119	180	0.859612
120	28	1.40661
120	58	1.29988
120	62	1.32068
120	84	0.85376
120	88	1.55727
120	89	0.836696
120	92	0.876159
120	96	0.85816
120	98	1.22938
120	110	0.841669
120	115	0.851303
120	119	0.875301
120	131	0.902415
120	138	1.287
120	141	0.850427
120	143	1.32556
120	144	1.32613
120	150	0.860857
120	151	0.873789
120	153	0.851818
120	154	0.873053
120	159	1.06216
120	160	0.868878
120	163	0.864365
120	165	0.854835
120	166	0.868599
120	167	0.852821
120	168	1.37747
120	170	0.847548
120	175	0.856238
120	176	0.860023
120	178	0.859388
120	180	0.861899
121	10	1.08795
121	20	0.908064
121	36	1.27958
121	81	0.942356
121	86	0.883959
121	94	0.90313
121	116	0.88669
121	123	1.19977
121	124	0.891896
121	128	1.18867
121	138	0.903116
121	139	0.898099
121	143	0.900746
121	144	0.89763
121	146	0.889449
121	148	1.14275
121	149	0.896932
121	155	0.899534
121	156	0.894956
121	157	1.22788
121	160	1.16175
121	161	0.913807
121	163	1.20926
121	164	0.896575
121	165	1.24376
121	166	1.20667
121	168	0.893303
121	169	0.89419
121	170	1.26905
121	171	0.893443
121	172	0.901232
121	173	0.902161
121	179	0.908733
122	35	1.31898
122	47	1.18822
122	53	1.56934
122	62	1.31378
122	64	1.34482
122	71	1.40493
122	80	1.32385
122	87	1.44653
122	113	1.34325
122	115	0.836061
122	125	0.881317
122	127	0.874937
122	136	1.34474
122	139	0.848661
122	142	0.857567
122	144	0.848193
122	145	0.840133
122	151	0.858547
122	153	0.836577
122	155	0.850097
122	157	0.857062
122	161	0.86437
122	165	0.839593
122	166	0.853357
122	168	0.843865
122	169	0.844752
122	170	0.832307
122	171	0.844005
122	173	0.852723
122	175	0.840996
122	176	0.844781
122	178	0.844146
122	179	0.859295
122	180	0.846658
123	16	1.31564
123	33	0.841504
123	42	1.59147
123	49	0.897789
123	50	0.813863
123	68	1.36335
123	71	1.42887
123	82	1.41472
123	95	0.853517
123	98	1.24643
123	115	0.832239
123	119	0.856237
123	121	1.19977
123	127	1.23639
123	128	0.857754
123	132	0.827522
123	145	1.40778
123	147	0.850428
123	154	0.85399
123	156	1.38957
123	158	0.844465
123	160	0.849814
123	163	0.845302
123	165	0.835771
123	166	0.849535
123	167	0.833758
123	170	0.828485
123	172	0.847972
123	174	0.972472
123	175	0.837174
123	176	0.840959
123	177	0.846291
123	178	0.840324
123	180	0.842836
124	7	0.895662
124	33	1.367
124	49	1.23132
124	57	0.866666
124	77	1.29482
124	79	0.845971
124	105	1.40189
124	106	0.842284
124	108	1.28735
124	111	0.863839
124	121	0.891896
124	138	0.84903
124	139	0.844014
124	140	0.841387
124	142	0.852919
124	143	0.84666
124	144	0.843545
124	145	0.835485
124	146	0.835363
124	149	0.842846
124	150	1.42385
124	155	0.845449
124	156	0.840871
124	157	1.41908
124	160	1.35295
124	161	0.859722
124	163	1.40046
124	164	0.842489
124	168	0.839217
124	169	0.840105
124	171	0.839357
124	172	0.847147
124	173	0.848076
124	180	1.43049
125	40	1.07097
125	65	0.870807
125	69	0.882854
125	82	1.28975
125	85	1.32243
125	101	1.20649
125	113	1.24223
125	115	0.870273
125	116	1.21825
125	122	0.881317
125	131	0.921385
125	141	0.869397
125	144	1.21821
125	150	0.879827
125	151	0.892759
125	153	0.870788
125	154	0.892023
125	156	1.26461
125	157	0.891274
125	158	0.882499
125	160	0.887847
125	163	0.883335
125	164	1.20614
125	165	0.873804
125	166	0.887568
125	167	0.871791
125	168	1.26954
125	169	1.28176
125	170	0.866518
125	174	1.01051
125	175	0.875208
125	176	0.878993
125	178	0.878358
125	180	0.880869
126	2	0.789924
126	12	1.22206
126	29	0.815852
126	40	1.27014
126	58	1.39114
126	85	1.5216
126	86	1.35599
126	102	0.843038
126	103	0.831924
126	105	0.839728
126	113	1.4414
126	135	0.831859
126	141	0.824963
126	145	1.48199
126	146	1.46842
126	148	0.862121
126	150	0.835394
126	151	0.848325
126	153	0.826354
126	154	0.847589
126	157	0.84684
126	160	0.843414
126	162	1.35843
126	165	0.829371
126	166	0.843135
126	167	0.827357
126	169	1.48094
126	170	0.822084
126	174	0.966072
126	175	0.830774
126	176	0.834559
126	177	0.839891
126	178	0.833924
126	179	0.849073
126	180	0.836436
127	18	1.25019
127	44	1.18811
127	54	1.58564
127	74	0.852716
127	99	0.858029
127	104	0.876311
127	106	0.874763
127	116	0.865084
127	119	1.26342
127	122	0.874937
127	123	1.23639
127	132	1.27841
127	138	0.88151
127	139	0.876493
127	140	0.873867
127	142	0.885398
127	143	0.879139
127	145	0.867964
127	146	0.867842
127	147	1.20488
127	151	1.16612
127	152	0.884075
127	155	0.877928
127	156	0.87335
127	161	0.892201
127	164	0.874968
127	165	1.28038
127	168	0.871696
127	169	0.872584
127	170	1.30567
127	171	0.871836
127	172	0.879626
127	173	0.880555
127	178	1.25235
127	179	0.887126
128	44	0.911428
128	45	1.15496
128	68	1.35224
128	75	0.892095
128	80	1.33668
128	82	1.40361
128	84	0.852988
128	91	0.878402
128	98	1.23532
128	106	1.33787
128	115	0.850531
128	118	1.36091
128	121	1.18867
128	123	0.857754
128	133	1.32941
128	135	0.856551
128	141	0.849656
128	151	0.873017
128	153	0.851047
128	154	0.872282
128	158	0.862758
128	160	0.868106
128	161	1.37487
128	163	0.863594
128	164	1.32
128	165	0.854063
128	166	0.867827
128	167	0.85205
128	170	0.846777
128	172	0.866265
128	175	0.855466
128	176	0.859251
128	177	0.864583
128	178	0.858617
128	179	0.873765
128	180	0.861128
129	13	0.903156
129	53	0.80566
129	62	0.854497
129	72	0.904392
129	80	0.86042
129	82	0.84795
129	84	1.41154
129	87	0.846243
129	92	1.32619
129	93	0.865727
129	97	0.839124
129	101	0.870329
129	107	0.84095
129	109	0.879763
129	112	0.859929
129	113	0.850804
129	117	0.884045
129	118	0.841425
129	130	0.857204
129	133	0.858977
129	134	1.25207
129	136	0.845452
129	137	0.876349
129	141	1.391
129	147	0.864023
129	148	0.882116
129	154	1.24747
129	159	0.93023
129	162	0.871346
129	165	1.38691
129	172	1.37556
129	174	0.966346
129	176	1.35133
129	177	0.859886
129	179	1.32581
129	180	1.38244
130	12	0.8865
130	47	1.20169
130	61	1.36402
130	67	1.38603
130	79	1.33557
130	80	0.850973
130	82	0.838502
130	87	0.836796
130	93	0.85628
130	96	0.843244
130	129	0.857204
130	133	0.84953
130	135	0.842406
