1	9	0.90655
1	31	0.841489
1	48	1.0707
1	89	1.04106
1	115	1.00974
1	147	0.963337
1	160	1.03919
1	169	1.01457
1	172	1.02847
1	173	1.02072
1	179	1.03133
1	180	1.02465
2	57	1.06256
2	68	1.01855
2	91	0.96855
2	110	1.04509
2	118	1.02142
2	120	1.05892
2	145	0.954094
2	155	0.977832
2	163	1.0249
2	171	0.959304
2	175	0.951772
2	180	0.963753
3	45	1.15017
3	46	1.26466
3	58	1.12375
3	106	0.882158
3	132	0.895097
3	133	0.901672
3	134	0.921092
3	140	0.856602
3	144	0.902741
3	147	0.920319
3	149	0.920319
3	178	1.26454
4	37	0.963702
4	77	1.00029
4	111	1.03762
4	116	1.01394
4	121	1.05144
4	159	0.962679
4	168	1.03361
4	169	0.971352
4	173	0.951108
4	175	1.04361
4	178	1.01947
4	179	0.958683
5	19	0.875536
5	20	0.884683
5	68	1.09013
5	104	0.966595
5	158	1.02563
5	162	1.03349
5	164	1.03682
5	169	1.01641
5	170	0.977213
5	176	1.02799
5	179	1.03317
5	180	1.02648
6	24	1.01481
6	48	0.840025
6	74	0.875489
6	83	0.896569
6	90	0.856832
6	154	1.20084
6	157	0.895421
6	160	1.1794
6	163	0.885586
6	172	1.207
6	174	0.935272
6	179	1.21853
7	72	0.98635
7	73	0.994386
7	98	1.07644
7	107	1.02334
7	117	0.889177
7	124	1.03812
7	131	1.05681
7	137	1.00614
7	157	0.956444
7	165	0.985557
7	172	0.970155
7	178	1.02455
8	87	0.940198
8	99	1.03689
8	100	1.04077
8	122	1.02836
8	124	0.918878
8	161	0.958393
8	163	1.00473
8	168	1.00725
8	169	1.0037
8	170	1.07276
8	171	1.00923
8	173	0.983451
9	1	0.90655
9	24	1.13889
9	48	0.964112
9	56	1.00773
9	60	1.06688
9	74	0.999577
9	83	1.02066
9	154	0.927994
9	163	1.00967
9	169	0.958352
9	174	1.05936
9	178	0.945865
10	77	0.993552
10	111	1.03088
10	116	1.00721
10	121	1.04471
10	150	1.00483
10	169	0.967858
10	171	0.947089
10	174	1.07404
10	175	1.03688
10	176	0.95174
10	177	0.935293
10	178	1.01274
11	103	1.224
11	126	0.852724
11	135	0.903225
11	138	0.896395
11	139	0.880553
11	142	0.922482
11	143	0.905553
11	149	1.14494
11	164	1.19755
11	171	1.23651
11	174	0.938118
11	175	0.900949
12	42	1.03785
12	88	1.04952
12	91	0.965675
12	110	1.04222
12	113	0.911824
12	118	1.01854
12	120	1.05604
12	136	0.988155
12	146	1.03015
12	157	0.970531
12	164	0.948699
12	171	0.987669
13	35	0.967476
13	47	0.988687
13	59	0.945939
13	62	1.014
13	67	1.00147
13	71	1.06101
13	148	0.948619
13	156	1.06154
13	158	0.973303
13	170	1.10581
13	178	0.969837
13	179	0.969655
14	24	1.13721
14	32	1.09851
14	48	0.962429
14	74	0.997894
14	83	1.01897
14	104	0.821961
14	157	1.01783
14	163	1.00799
14	168	0.948223
14	174	1.05768
14	175	0.962179
14	180	0.97416
15	80	0.842087
15	82	1.19514
15	86	0.88585
15	94	0.942087
15	99	0.905679
15	100	0.90956
15	122	0.89715
15	131	1.14451
15	168	0.876036
15	170	0.941551
15	173	1.22959
15	176	1.23371
16	42	0.900152
16	57	0.921993
16	68	0.877977
16	88	0.911822
16	110	0.904522
16	118	0.88085
16	120	0.91835
16	133	1.16599
16	140	1.24765
16	157	1.19883
16	163	0.884334
16	167	1.18784
17	77	0.865192
17	111	0.902521
17	116	0.878847
17	121	0.916347
17	127	1.18579
17	162	1.19658
17	168	0.898517
17	169	1.21818
17	174	0.945684
17	175	0.908516
17	178	0.884376
17	180	1.20186
18	28	0.954794
18	37	0.964618
18	111	1.02612
18	116	1.00245
18	121	1.03995
18	168	1.02212
18	169	0.972268
18	174	1.06928
18	175	1.03211
18	176	0.95615
18	178	1.00798
18	179	0.959599
19	5	0.875536
19	44	0.956072
19	59	0.827413
19	69	1.08022
19	82	0.809109
19	92	1.09848
19	96	1.09816
19	104	1.18956
19	124	1.10948
19	131	1.12817
19	137	0.875583
19	169	0.863798
19	178	1.09592
20	5	0.884683
20	27	1.08786
20	35	1.05095
20	62	1.09747
20	65	0.89219
20	67	1.08494
20	71	1.14448
20	153	0.874961
20	156	1.14502
20	165	0.86415
20	166	0.818304
20	169	0.872944
20	170	1.18929
21	110	1.005
21	126	0.927241
21	128	0.979336
21	135	0.977741
21	138	0.970912
21	139	0.955069
21	142	0.996999
21	143	0.980069
21	167	1.02561
21	173	1.05426
21	174	1.01263
21	178	1.06202
21	180	1.05819
22	32	1.16342
22	73	0.930108
22	96	0.962514
22	104	1.05392
22	107	0.959062
22	113	0.958775
22	115	0.967746
22	124	0.973842
22	131	0.992532
22	167	1.00649
22	176	1.03927
22	178	0.960277
22	180	1.03907
23	54	0.827411
23	55	0.988304
23	97	0.893843
23	111	1.11183
23	116	1.08816
23	121	1.12566
23	153	0.85416
23	157	0.814237
23	162	0.830543
23	168	1.10783
23	174	1.155
23	175	1.11783
23	178	1.09369
24	6	1.01481
24	9	1.13889
24	14	1.13721
24	56	1.11317
24	74	1.10502
24	83	1.1261
24	130	0.918311
24	150	0.902436
24	171	0.844695
24	174	1.1648
24	175	0.837163
24	178	0.852976
24	179	0.852795
25	38	1.06025
25	76	1.026
25	78	0.971752
25	96	1.06737
25	116	0.955112
25	121	0.992612
25	139	0.964385
25	143	0.989385
25	144	1.06729
25	173	0.971656
25	177	0.990624
25	178	0.960642
25	180	0.975585
26	27	1.08483
26	47	1.06913
26	62	1.09444
26	67	1.08191
26	71	1.14145
26	137	0.901384
26	145	0.86362
26	151	0.878195
26	154	0.85924
26	156	1.14199
26	167	0.840703
26	170	1.18626
26	172	0.865403
27	20	1.08786
27	26	1.08483
27	35	0.882196
27	36	1.0327
27	47	0.903407
27	62	0.928721
27	67	0.916191
27	113	0.989123
27	156	0.976265
27	159	1.07706
27	168	1.04348
27	170	1.02053
27	171	1.06497
28	18	0.954794
28	73	1.08472
28	104	0.937382
28	106	1.10298
28	140	1.11681
28	155	0.961906
28	158	0.969762
28	165	0.978013
28	167	0.98464
28	176	0.97212
28	177	0.98565
28	179	0.977296
28	180	0.970612
29	48	1.00642
29	56	1.05004
29	74	1.04188
29	83	1.06296
29	90	1.02323
29	117	0.866423
29	157	1.06182
29	159	0.962924
29	163	1.05198
29	168	0.929341
29	174	1.10167
29	176	0.95548
29	177	0.939032
29	180	0.955277
30	48	1.06688
30	56	1.1105
30	74	1.10235
30	83	1.12343
30	87	0.822668
30	109	0.922173
30	151	0.874761
30	157	1.12228
30	163	1.11244
30	171	0.865397
30	174	1.16213
30	176	0.870048
30	177	0.853601
31	1	0.841489
31	109	0.929298
31	128	1.1118
31	135	1.1102
31	138	1.10337
31	139	1.08753
31	142	1.12946
31	143	1.11253
31	161	0.847989
31	166	0.838651
31	171	0.872522
31	174	1.1451
31	180	0.876971
32	14	1.09851
32	22	1.16342
32	99	1.08644
32	102	1.12421
32	130	0.912458
32	147	1.12317
32	150	0.914278
32	158	0.934495
32	165	0.942746
32	173	0.931415
32	176	0.936852
32	177	0.950383
32	179	0.942029
32	180	0.935344
33	39	1.04041
33	42	1.05422
33	68	1.03204
33	76	1.04153
33	88	1.06588
33	110	1.05859
33	113	0.894534
33	118	1.03491
33	120	1.07241
33	134	0.898687
33	161	0.945846
33	166	0.936508
33	172	0.966952
33	175	0.962847
34	61	0.993996
34	69	1.03955
34	72	1.01705
34	75	1.0751
34	85	0.776136
34	115	1.06272
34	124	1.06882
34	125	0.930619
34	131	1.08751
34	160	0.95301
34	168	0.962546
34	169	1.0048
34	175	0.976502
34	178	1.05525
35	13	0.967476
35	20	1.05095
35	27	0.882196
35	47	0.866496
35	62	0.89181
35	67	0.879281
35	71	0.938817
35	87	1.09649
35	156	0.939354
35	166	1.10535
35	168	1.11773
35	170	0.983623
35	176	1.14387
35	180	1.14367
36	27	1.0327
36	77	1.01035
36	99	0.925371
36	105	1.0174
36	126	1.04886
36	136	1.00862
36	143	0.957259
36	166	1.01209
36	167	1.00742
36	169	0.983312
36	172	0.997209
36	173	0.989459
36	177	1.00843
36	179	1.00007
36	180	0.993388
37	4	0.963702
37	18	0.964618
37	122	0.980555
37	131	1.0104
37	132	1.06712
37	147	1.00749
37	153	0.993082
37	165	1.00347
37	167	1.01009
37	169	0.985988
37	172	0.999886
37	176	0.997572
37	177	1.0111
37	179	1.00275
37	180	0.996064
38	25	1.06025
38	72	0.947981
38	73	0.956017
38	92	0.988751
38	98	1.03807
38	104	1.07983
38	107	0.984971
38	124	0.999751
38	131	1.01844
38	152	1.01164
38	162	1.01762
38	170	0.881318
38	175	1.01092
38	178	0.986186
38	180	1.0229
39	33	1.04041
39	55	1.15523
39	57	1.02557
39	68	0.981554
39	76	0.991048
39	87	0.955573
39	88	1.0154
39	91	0.931557
39	110	1.0081
39	118	0.984428
39	120	1.02193
39	142	0.894724
39	150	1.05604
39	160	0.967278
39	168	0.976814
40	51	1.06374
40	66	1.01684
40	115	1.00107
40	122	0.927739
40	127	1.03052
40	149	0.950567
40	150	0.978699
40	154	1.00341
40	159	0.997558
40	167	1.01379
40	169	0.989689
40	173	0.995836
40	177	1.0148
40	179	1.00645
40	180	0.999765
41	84	0.947806
41	114	1.00313
41	125	0.988696
41	127	0.965642
41	132	0.997149
41	140	0.958654
41	141	1.0372
41	144	1.00479
41	147	1.02237
41	149	1.02237
41	152	1.00659
41	158	1.02516
41	165	1.02538
41	167	0.98528
41	176	1.01806
42	12	1.03785
42	16	0.900152
42	33	1.05422
42	76	1.00485
42	91	0.945359
42	103	0.986281
42	110	1.0219
42	118	0.99823
42	120	1.03573
42	162	0.997968
42	163	1.00171
42	165	1.01077
42	176	1.00345
42	179	1.0069
42	180	1.00325
43	75	0.948999
43	82	0.991201
43	101	0.959499
43	119	0.990977
43	126	0.964692
43	128	1.01679
43	135	1.01519
43	138	1.00836
43	139	0.99252
43	142	1.03445
43	143	1.01752
43	160	0.994098
43	162	1.02429
43	171	1.02512
43	172	1.02169
44	19	0.956072
44	141	1.07751
44	142	1.0913
44	146	1.12639
44	155	0.949593
44	156	1.08731
44	158	0.957449
44	162	0.965304
44	164	0.968636
44	169	0.948223
44	173	0.95437
44	174	1.05487
44	176	0.959806
44	177	0.973337
44	179	0.964983
44	180	0.958299
45	3	1.15017
45	47	0.971032
45	63	0.833152
45	81	0.842277
45	87	1.07716
45	102	0.889316
45	154	1.06549
45	156	0.868179
45	165	1.06925
45	169	1.05178
45	170	0.838615
45	172	1.06567
45	176	1.06336
45	177	1.07689
45	179	1.06854
45	180	1.06185
46	3	1.26466
46	50	0.961293
46	53	1.08617
46	67	1.03926
46	114	1.04367
46	143	0.997918
46	145	0.971361
46	162	0.961233
46	164	0.964565
46	167	0.968255
46	169	0.944151
46	173	0.950298
46	176	0.955735
46	177	0.969265
46	179	0.960911
46	180	0.954227
47	13	0.988687
47	26	1.06913
47	27	0.903407
47	35	0.866496
47	45	0.971032
47	62	0.913021
47	67	0.900492
47	71	0.960028
47	79	1.03334
47	137	1.10968
47	156	0.960565
47	169	1.09789
47	170	1.00483
47	172	1.0737
47	175	1.06959
47	179	1.08522
48	1	1.0707
48	6	0.840025
48	9	0.964112
48	14	0.962429
48	29	1.00642
48	30	1.06688
48	56	0.938391
48	74	0.930237
48	83	0.951317
48	157	0.950169
48	164	1.06277
48	170	0.964605
48	172	1.09831
48	173	1.10226
48	174	0.990019
48	176	1.10639
49	102	0.980426
49	119	0.933284
49	128	0.959094
49	135	0.9575
49	138	0.95067
49	139	0.934827
49	142	0.976757
49	143	0.959827
49	144	1.02387
49	148	1.06729
49	171	1.08022
49	173	1.08075
49	174	0.992392
49	175	0.955224
49	176	1.08487
49	177	1.06843
50	46	0.961293
50	99	0.828694
50	106	1.03455
50	108	1.10234
50	132	1.04749
50	133	1.05406
50	134	1.07348
50	141	1.08754
50	144	1.05513
50	147	1.07271
50	149	1.07271
50	152	0.946085
50	170	0.815766
50	172	0.94947
50	177	0.941101
50	179	0.960997
51	40	1.06374
51	59	1.08782
51	81	1.00588
51	105	0.933187
51	112	0.969474
51	117	1.01903
51	129	1.00517
51	133	0.943253
51	140	0.898183
51	141	0.976727
51	144	0.944322
51	147	0.9619
51	149	0.9619
51	160	1.07241
51	164	1.06447
51	172	1.10001
52	89	0.889119
52	119	1.05089
52	126	1.0246
52	135	1.0751
52	138	1.06827
52	139	1.05243
52	142	1.09436
52	143	1.07743
52	145	0.911169
52	155	0.934907
52	156	1.08408
52	171	0.916379
52	172	0.912952
52	175	1.07283
52	176	0.92103
52	178	0.92466
53	46	1.08617
53	64	0.959624
53	77	0.90862
53	85	1.09296
53	93	1.08476
53	111	0.945948
53	116	0.922274
53	117	0.993373
53	121	0.959774
53	168	0.941944
53	173	1.0783
53	174	0.989112
53	175	0.951943
53	176	1.08243
53	178	0.927804
53	180	1.08223
54	23	0.827411
54	128	0.98907
54	131	0.993322
54	133	1.0279
54	135	1.00796
54	141	0.960506
54	143	0.985558
54	148	1.02558
54	162	1.02219
54	166	1.03389
54	167	1.02921
54	169	1.00511
54	172	1.01901
54	173	1.01126
54	176	1.01669
54	179	1.02187
54	180	1.01519
55	23	0.988304
55	39	1.15523
55	74	1.13394
55	91	1.26527
55	94	1.07946
55	124	1.17472
55	133	0.915719
55	138	0.925802
55	139	0.909959
55	142	0.951889
55	143	0.934959
55	147	0.934366
55	149	0.934366
55	159	0.918953
55	172	0.924981
55	179	0.927844
55	180	0.92116
56	9	1.00773
56	24	1.11317
56	29	1.05004
56	30	1.1105
56	48	0.938391
56	63	0.852326
56	74	0.973856
56	82	0.961
56	83	0.994935
56	93	1.00191
56	153	1.01771
56	157	0.993787
56	163	0.983952
56	172	0.991493
56	173	0.995445
56	174	1.03364
56	175	0.987389
57	2	1.06256
57	16	0.921993
57	39	1.02557
57	76	1.02669
57	88	1.05104
57	91	0.9672
57	110	1.04374
57	118	1.02007
57	120	1.05757
57	151	0.977386
57	152	0.961209
57	158	0.979769
57	162	0.96719
57	163	1.02355
57	165	0.979996
57	171	0.968021
57	179	0.976121
58	3	1.12375
58	73	0.972608
58	82	0.915408
58	92	1.00534
58	96	1.00501
58	98	1.05466
58	104	1.09642
58	107	1.00156
58	115	1.01025
58	124	1.01634
58	131	1.03503
58	145	0.944118
58	153	0.972114
58	175	0.941796
58	178	1.00278
58	179	0.957428
58	180	0.953777
59	13	0.945939
59	19	0.827413
59	51	1.08782
59	67	1.01525
59	110	1.0206
59	111	0.976576
59	118	0.996924
59	120	1.03442
59	122	1.02404
59	133	1.01624
59	167	1.01776
59	170	1.06844
59	171	1.00491
59	174	0.926208
59	177	1.01877
59	179	1.01041
59	180	1.00373
60	9	1.06688
60	72	1.21307
60	77	1.17191
60	94	1.05182
60	116	1.14826
60	117	0.973686
60	137	0.923437
60	151	0.930161
60	154	0.919593
60	162	0.922958
60	163	1.14264
60	165	0.923353
60	172	0.919773
60	176	0.91746
60	177	0.93099
60	179	0.922636
60	180	0.915952
61	34	0.993996
61	73	0.871224
61	75	0.921236
61	92	0.903957
61	96	0.903629
61	98	0.95328
61	104	0.995035
61	107	0.900178
61	109	1.22514
61	111	1.07872
61	115	0.908861
61	124	0.914957
61	131	0.933647
61	168	1.14688
61	171	1.16837
61	174	1.02835
61	177	1.15657
62	13	1.014
62	20	1.09747
62	26	1.09444
62	27	0.928721
62	35	0.89181
62	47	0.913021
62	67	0.925805
62	71	0.985341
62	90	0.933361
62	109	1.08348
62	156	0.985879
62	159	1.0388
62	161	1.00217
62	165	1.03868
62	166	0.992831
62	170	1.03015
62	175	1.01917
62	179	1.0348
63	45	0.833152
63	56	0.852326
63	106	1.0583
63	108	1.12609
63	125	1.06279
63	127	1.03973
63	134	1.09724
63	140	1.03275
63	141	1.11129
63	144	1.07889
63	147	1.09646
63	148	0.926306
63	149	1.09646
63	151	0.948607
63	155	0.957771
63	162	0.938411
63	170	0.802111
63	178	0.947524
64	53	0.959624
64	77	0.975287
64	85	1.15962
64	90	0.982311
64	111	1.01261
64	116	0.988941
64	117	0.919958
64	121	1.02644
64	142	0.900785
64	165	1.01634
64	167	0.976236
64	168	1.00861
64	171	1.00436
64	173	1.00489
64	174	1.05578
64	175	1.01861
64	178	0.99447
65	20	0.89219
65	80	1.10066
65	90	1.0998
65	99	0.997649
65	125	1.06844
65	135	1.05194
65	150	0.961268
65	154	0.985976
65	155	0.973629
65	165	0.989736
65	169	0.972259
65	172	0.986156
65	173	0.978406
65	174	0.981839
65	176	0.983843
65	177	0.997373
65	179	0.989019
65	180	0.982335
66	40	1.01684
66	82	1.02262
66	97	1.11901
66	106	0.95383
66	112	0.999566
66	125	0.958317
66	129	1.03526
66	132	0.96677
66	134	0.992764
66	140	0.928275
66	141	1.00682
66	144	0.974414
66	147	0.991992
66	149	0.991992
66	154	1.04695
66	157	1.0394
66	174	0.916529
66	177	1.04474
67	13	1.00147
67	20	1.08494
67	26	1.08191
67	27	0.916191
67	35	0.879281
67	46	1.03926
67	47	0.900492
67	59	1.01525
67	62	0.925805
67	69	1.066
67	71	0.972812
67	79	1.04613
67	152	1.02405
67	156	0.973349
67	160	0.999841
67	170	1.01762
67	172	1.02744
67	180	1.03531
68	2	1.01855
68	5	1.09013
68	16	0.877977
68	33	1.03204
68	39	0.981554
68	76	0.982675
68	78	0.905738
68	84	0.992025
68	88	1.00703
68	91	0.923184
68	110	0.999726
68	118	0.976054
68	120	1.01355
68	146	0.987663
68	159	1.06972
68	166	1.02376
68	173	1.05815
68	178	1.06591
69	19	1.08022
69	34	1.03955
69	67	1.066
69	70	1.06405
69	89	0.978302
69	91	0.902218
69	112	1.02482
69	115	0.954419
69	118	0.955088
69	120	0.992588
69	121	1.01696
69	131	0.979205
69	142	1.01339
69	147	1.0295
69	166	0.980597
69	167	0.975921
69	174	0.976958
69	180	0.961893
70	69	1.06405
70	105	0.961853
70	125	0.956891
70	129	1.03384
70	133	0.971919
70	134	0.991338
70	140	0.926849
70	141	1.00539
70	144	0.972988
70	147	0.990566
70	148	1.01598
70	149	0.990566
70	152	1.0221
70	155	1.04744
70	156	0.997803
70	168	1.00743
70	173	1.02944
70	175	1.02138
71	13	1.06101
71	20	1.14448
71	26	1.14145
71	35	0.938817
71	47	0.960028
71	62	0.985341
71	67	0.972812
71	79	1.10566
71	90	0.980368
71	130	1.01714
71	136	0.944008
71	148	0.930587
71	156	1.03289
71	170	1.07715
71	172	0.940096
71	176	0.948174
71	177	0.931727
71	179	0.951623
71	180	0.947971
72	7	0.98635
72	34	1.01705
72	38	0.947981
72	60	1.21307
72	75	0.94429
72	88	1.03044
72	92	0.927011
72	96	0.926683
72	98	0.976333
72	107	0.923231
72	115	0.931915
72	124	0.938011
72	125	1.03036
72	131	0.956701
72	152	1.07696
72	155	1.1023
72	168	1.06229
72	178	0.924446
72	180	1.08822
73	7	0.994386
73	22	0.930108
73	28	1.08472
73	38	0.956017
73	58	0.972608
73	61	0.871224
73	92	0.935047
73	97	1.1439
73	104	1.02612
73	107	0.931268
73	115	0.939951
73	124	0.946047
73	130	1.15504
73	131	0.964737
73	138	1.01192
73	157	1.06429
73	168	1.05994
73	178	0.932482
73	180	1.08587
74	6	0.875489
74	9	0.999577
74	14	0.997894
74	24	1.10502
74	29	1.04188
74	30	1.10235
74	48	0.930237
74	55	1.13394
74	56	0.973856
74	83	0.986782
74	95	0.942412
74	130	1.05062
74	138	0.907502
74	150	1.03475
74	157	0.985633
74	159	0.989103
74	163	0.975799
74	171	0.977007
74	174	1.02548
74	175	0.969475
75	34	1.0751
75	43	0.948999
75	61	0.921236
75	72	0.94429
75	79	1.09066
75	92	0.985059
75	96	0.984732
75	98	1.03438
75	107	0.98128
75	115	0.989964
75	124	0.99606
75	131	1.01475
75	152	0.998902
75	154	0.996125
75	159	1.01781
75	165	1.01769
75	173	1.00624
75	178	0.982494
75	179	1.01381
75	180	1.01016
76	25	1.026
76	33	1.04153
76	39	0.991048
76	42	1.00485
76	57	1.02669
76	68	0.982675
76	88	1.01652
76	91	0.932678
76	97	1.04666
76	110	1.00922
76	118	0.985548
76	120	1.02305
76	145	0.978984
76	146	0.997157
76	151	0.993559
76	158	0.995942
76	163	0.989032
76	171	0.984194
76	178	0.992476
76	179	0.992294
77	4	1.00029
77	10	0.993552
77	17	0.865192
77	36	1.01035
77	53	0.90862
77	60	1.17191
77	64	0.975287
77	85	1.10862
77	111	0.961611
77	116	0.937937
77	121	0.975437
77	145	1.0374
77	148	1.02968
77	162	1.04178
77	168	0.957607
77	172	1.03919
77	174	1.00477
77	175	0.967606
77	177	1.03082
77	178	0.943467
77	180	1.04706
78	25	0.971752
78	68	0.905738
78	79	1.12075
78	80	0.992783
78	86	1.03655
78	94	1.09278
78	99	1.05638
78	100	1.06026
78	103	0.91743
78	122	1.04785
78	137	0.962503
78	151	0.939313
78	152	1.02076
78	154	0.920359
78	157	0.912811
78	159	0.942045
78	163	1.02421
78	168	1.02673
78	170	1.09225
78	171	1.02871
78	178	0.93823
79	47	1.03334
79	67	1.04613
79	71	1.10566
79	75	1.09066
79	78	1.12075
79	86	1.09477
79	88	0.85039
79	106	0.921566
79	115	1.07828
79	122	1.10607
79	131	1.10307
79	146	0.835233
79	166	0.869849
79	170	1.15047
79	173	0.904244
79	175	0.896188
79	176	0.908371
79	178	1.07081
79	179	0.91182
79	180	0.908168
80	15	0.842087
80	65	1.10066
80	78	0.992783
80	84	0.995042
80	86	0.966796
80	94	1.02303
80	99	0.986626
80	100	0.990506
80	122	0.978097
80	123	0.976153
80	145	1.05543
80	152	0.951009
80	163	0.954465
80	166	1.02677
80	167	1.03252
80	168	0.956983
80	169	1.08141
80	170	1.0225
80	171	0.958962
80	177	1.04885
80	178	1.06892
81	45	0.842277
81	51	1.00588
81	97	1.01084
81	106	1.02477
81	112	1.0705
81	123	1.06809
81	127	1.0062
81	129	1.1062
81	135	0.878456
81	137	0.980922
81	140	0.999213
81	141	1.07776
81	144	1.04535
81	147	1.06293
81	149	1.06293
81	156	1.07017
81	160	0.917344
81	172	0.94494
81	175	0.940836
81	177	0.936572
81	179	0.956468
82	15	1.19514
82	19	0.809109
82	43	0.991201
82	56	0.961
82	58	0.915408
82	66	1.02262
82	126	1.04721
82	142	0.944338
82	153	1.00877
82	154	1.01539
82	158	1.0109
82	160	1.02628
82	161	1.02423
82	165	1.01915
82	169	1.00167
82	170	0.910785
82	172	1.01557
82	173	1.00782
82	176	1.01326
82	177	1.02679
82	179	1.01843
82	180	1.01175
83	6	0.896569
83	9	1.02066
83	14	1.01897
83	24	1.1261
83	29	1.06296
83	30	1.12343
83	48	0.951317
83	56	0.994935
83	74	0.986782
83	90	0.968125
83	128	0.899009
83	136	0.988297
83	140	1.01949
83	150	1.04555
83	157	1.00671
83	163	0.996878
83	164	0.948842
83	165	0.999787
83	167	0.959685
83	168	0.966324
83	174	1.04656
83	175	0.98028
84	41	0.947806
84	68	0.992025
84	80	0.995042
84	91	1.04273
84	110	0.967501
84	121	0.916227
84	140	1.04792
84	144	0.959885
84	148	1.01881
84	149	0.924664
84	160	1.02295
84	161	1.0209
84	165	1.01582
84	166	1.02712
84	167	1.02244
84	169	0.99834
84	172	1.01224
84	173	1.00449
84	176	1.00992
84	177	1.02345
84	179	1.0151
84	180	1.00842
85	34	0.776136
85	53	1.09296
85	64	1.15962
85	77	1.10862
85	102	0.787509
85	111	1.14595
85	116	1.12227
85	121	1.15977
85	135	0.804027
85	148	0.861003
85	151	0.883304
85	155	0.892467
85	157	0.856801
85	168	1.14194
85	171	0.873939
85	172	0.870512
85	174	1.18911
85	175	1.15194
85	178	1.1278
86	15	0.88585
86	78	1.03655
86	79	1.09477
86	80	0.966796
86	94	1.0668
86	99	1.03039
86	100	1.03427
86	122	1.02186
86	151	0.991803
86	152	0.994772
86	154	0.972848
86	157	0.9653
86	159	0.994534
86	161	0.957905
86	162	0.981607
86	163	0.998227
86	168	1.00075
86	170	1.06626
86	171	1.00272
86	173	0.982963
86	175	0.974906
86	179	0.990538
87	8	0.940198
87	30	0.822668
87	35	1.09649
87	39	0.955573
87	45	1.07716
87	97	0.970217
87	101	1.03424
87	119	0.980661
87	140	1.07079
87	141	0.921741
87	151	1.02205
87	158	1.00699
87	163	0.970616
87	164	1.01818
87	165	1.01524
87	166	1.02655
87	167	1.02187
87	169	0.997765
87	173	1.00391
87	176	1.00935
87	177	1.02288
87	180	1.00784
88	12	1.04952
88	16	0.911822
88	33	1.06588
88	39	1.0154
88	57	1.05104
88	68	1.00703
88	72	1.03044
88	76	1.01652
88	79	0.85039
88	91	0.957029
88	110	1.03357
88	118	1.0099
88	120	1.0474
88	146	1.02151
88	148	1.01557
88	149	0.936935
88	151	1.03787
88	162	1.02768
88	163	1.01338
88	167	1.00038
88	174	0.888495
88	177	1.01671
89	1	1.04106
89	52	0.889119
89	69	0.978302
89	124	0.990528
89	126	1.05387
89	127	1.04296
89	141	0.937209
89	143	0.962262
89	144	0.998226
89	147	0.967111
89	148	1.01934
89	156	0.947009
89	159	1.00674
89	160	1.02348
89	164	1.01928
89	166	1.02765
89	167	1.02297
89	172	1.01277
89	173	1.00502
89	176	1.01045
89	177	1.02398
89	180	1.00895
90	6	0.856832
90	29	1.02323
90	62	0.933361
90	64	0.982311
90	65	1.0998
90	71	0.980368
90	83	0.968125
90	93	1.06677
90	100	0.993183
90	122	0.980774
90	139	1.01463
90	152	0.953686
90	158	1.07153
90	163	0.957142
90	166	1.02591
90	168	0.95966
90	169	1.08055
90	170	1.02517
90	171	0.961639
90	174	1.00683
90	176	1.06444
91	2	0.96855
91	12	0.965675
91	39	0.931557
91	42	0.945359
91	55	1.26527
91	57	0.9672
91	68	0.923184
91	69	0.902218
91	76	0.932678
91	84	1.04273
91	88	0.957029
91	110	0.949729
91	118	0.926057
91	120	0.963557
91	125	1.05492
91	133	1.05836
91	146	0.937666
91	148	1.0954
91	152	1.10152
91	161	1.0838
91	163	0.929541
91	175	1.1008
92	19	1.09848
92	38	0.988751
92	58	1.00534
92	61	0.903957
92	72	0.927011
92	73	0.935047
92	75	0.985059
92	96	0.967453
92	97	1.10268
92	98	1.0171
92	103	1.02769
92	104	1.05886
92	107	0.964001
92	115	0.972684
92	124	0.978781
92	131	0.99747
92	145	1.035
92	156	0.93264
92	161	1.01567
92	167	1.01208
92	168	1.01872
92	172	1.03678
92	177	1.02841
93	53	1.08476
93	56	1.00191
93	90	1.06677
93	112	0.996669
93	136	0.99355
93	139	1.04367
93	144	1.03247
93	149	0.99725
93	151	0.992523
93	153	0.975331
93	160	0.99285
93	163	1.02033
93	164	0.988651
93	165	0.985715
93	166	0.997017
93	169	0.968237
93	172	0.982135
93	174	0.94881
93	175	0.987509
93	176	0.979821
93	177	0.993352
93	179	0.984997
93	180	0.978313
94	15	0.942087
94	55	1.07946
94	60	1.05182
94	78	1.09278
94	80	1.02303
94	86	1.0668
94	99	1.08663
94	100	1.09051
94	106	0.940372
94	113	0.846681
94	122	1.0781
94	123	1.07615
94	129	0.805802
94	131	0.837975
94	146	0.854039
94	152	1.05101
94	163	1.05446
94	168	1.05698
94	170	1.1225
94	171	1.05896
94	176	0.927177
94	178	0.930807
94	180	0.926974
95	74	0.942412
95	101	0.93095
95	102	1.00957
95	113	0.971397
95	124	0.983193
95	126	0.936143
95	128	0.988238
95	135	0.986644
95	138	0.979814
95	139	0.963971
95	140	1.07892
95	142	1.0059
95	143	0.988971
95	151	1.05661
95	152	0.968396
95	153	1.07003
95	156	0.995615
95	162	1.04641
95	166	1.01337
95	170	1.03988
95	172	1.04381
95	174	1.02154
95	175	0.984368
96	19	1.09816
96	22	0.962514
96	25	1.06737
96	58	1.00501
96	61	0.903629
96	72	0.926683
96	75	0.984732
96	92	0.967453
96	98	1.01678
96	100	0.898718
96	104	1.05853
96	107	0.963673
96	115	0.972357
96	124	0.978453
96	131	0.997143
96	148	1.01263
96	150	1.08331
96	152	1.01875
96	158	1.03731
96	169	1.04634
96	176	1.03022
96	177	1.01377
96	178	0.964888
97	23	0.893843
97	66	1.11901
97	73	1.1439
97	76	1.04666
97	81	1.01084
97	87	0.970217
97	92	1.10268
97	100	1.01746
97	119	1.08586
97	137	0.962398
97	140	1.17599
97	148	0.965305
97	154	0.958553
97	155	0.946207
97	159	0.952705
97	165	0.962314
97	166	0.973616
97	171	0.956089
97	172	0.958734
97	173	0.950983
97	176	0.95642
97	177	0.969951
97	179	0.961596
97	180	0.954912
98	7	1.07644
98	38	1.03807
98	58	1.05466
98	61	0.95328
98	72	0.976333
98	75	1.03438
98	92	1.0171
98	96	1.01678
98	104	1.10818
98	107	1.01332
98	109	1.00957
98	115	1.02201
98	124	1.0281
98	131	1.04679
98	153	0.975584
98	154	0.943209
98	157	0.935661
98	158	0.964546
98	165	0.964773
98	172	0.949371
98	173	0.953323
98	176	0.95745
98	178	1.01454
98	179	0.960898
99	8	1.03689
99	15	0.905679
99	32	1.08644
99	36	0.925371
99	50	0.828694
99	65	0.997649
99	78	1.05638
99	80	0.986626
99	86	1.03039
99	94	1.08663
99	100	1.0541
99	122	1.04169
99	123	1.03975
99	130	1.03125
99	136	0.95812
99	145	0.952424
99	152	1.0146
99	161	0.933101
99	163	1.01806
99	167	0.929507
99	168	1.02058
99	170	1.08609
99	171	1.02255
99	178	0.965916
100	8	1.04077
100	15	0.90956
100	78	1.06026
100	80	0.990506
100	86	1.03427
100	90	0.993183
100	94	1.09051
100	96	0.898718
100	97	1.01746
100	99	1.0541
100	122	1.04557
100	136	0.955474
100	140	0.986671
100	152	1.01848
100	157	0.93785
100	163	1.02194
100	165	0.966963
100	168	1.02446
100	169	0.975757
100	170	1.08997
100	171	1.02643
100	175	0.947456
100	179	0.963088
100	180	0.959437
101	43	0.959499
101	87	1.03424
101	95	0.93095
101	102	0.982713
101	119	0.935571
101	126	0.909286
101	128	0.961381
101	135	0.959787
101	138	0.952957
101	139	0.937114
101	142	0.979044
101	143	0.962114
101	146	0.953119
101	153	1.09976
101	156	0.968758
101	161	1.05244
101	165	1.08895
101	166	1.0431
101	167	1.04885
101	170	1.01303
101	171	1.07697
101	174	0.99468
101	178	1.08525
101	180	1.08142
102	32	1.12421
102	45	0.889316
102	49	0.980426
102	85	0.787509
102	95	1.00957
102	101	0.982713
102	117	0.911001
102	119	1.01419
102	126	0.987906
102	128	1.04
102	129	0.878683
102	135	1.03841
102	138	1.03158
102	139	1.01573
102	142	1.05766
102	143	1.04073
102	155	1.01393
102	165	1.00738
102	169	1.01618
102	170	1.09165
102	171	0.995407
102	174	1.0733
102	175	1.03613
102	177	0.983611
103	11	1.224
103	42	0.986281
103	78	0.91743
103	92	1.02769
103	108	0.948896
103	112	0.977164
103	116	1.00645
103	136	1.01012
103	144	1.01297
103	150	0.973818
103	151	1.00909
103	156	0.96175
103	160	1.00942
103	164	1.00522
103	165	1.00229
103	166	1.01359
103	172	0.998706
103	173	0.990955
103	174	0.929305
103	175	1.00408
103	176	0.996392
103	177	1.00992
103	178	0.979941
103	179	1.00157
103	180	0.994884
104	5	0.966595
104	14	0.821961
104	19	1.18956
104	22	1.05392
104	28	0.937382
104	38	1.07983
104	58	1.09642
104	61	0.995035
104	73	1.02612
104	92	1.05886
104	96	1.05853
104	98	1.10818
104	107	1.05508
104	110	0.885352
104	115	1.06376
104	124	1.06986
104	131	1.08855
104	132	0.906252
104	152	0.927275
104	158	0.945835
104	160	0.903063
104	163	0.865596
104	167	0.90596
104	178	1.05629
104	180	0.938536
105	36	1.0174
105	51	0.933187
105	70	0.961853
105	108	1.01987
105	114	0.970991
105	125	0.956561
105	127	0.933507
105	129	1.03351
105	132	0.965014
105	133	0.971589
105	134	0.991008
105	136	1.05015
105	140	0.926519
105	141	1.00506
105	144	0.972658
105	145	1.04446
105	147	0.990236
105	148	1.03673
105	149	0.990236
105	152	1.04285
105	157	1.03253
105	160	1.01864
105	171	0.978207
105	176	1.05432
105	178	1.05795
105	179	1.05777
106	3	0.882158
106	28	1.10298
106	50	1.03455
106	63	1.0583
106	66	0.95383
106	79	0.921566
106	81	1.02477
106	94	0.940372
106	107	1.05687
106	113	1.02384
106	114	0.961543
106	127	0.924058
106	129	1.02406
106	132	0.955565
106	133	0.96214
106	134	0.98156
106	140	0.91707
106	141	0.995614
106	144	0.963209
106	147	0.980787
106	149	0.980787
106	153	1.12247
106	154	1.09009
106	155	1.11821
106	166	1.06581
106	170	0.962552
107	7	1.02334
107	22	0.959062
107	38	0.984971
107	58	1.00156
107	61	0.900178
107	72	0.923231
107	73	0.931268
107	75	0.98128
107	92	0.964001
107	96	0.963673
107	98	1.01332
107	104	1.05508
107	106	1.05687
107	115	0.968905
107	124	0.975001
107	131	0.993691
107	148	1.02609
107	153	1.06181
107	155	1.05755
107	159	1.05112
107	160	1.008
107	166	1.00515
107	169	1.05979
107	171	1.03903
107	178	0.961436
107	179	1.04713
108	50	1.10234
108	63	1.12609
108	103	0.948896
108	105	1.01987
108	114	1.02933
108	125	1.0149
108	127	0.99185
108	132	1.02336
108	133	1.02993
108	134	1.04935
108	137	0.993969
108	140	0.984862
108	141	1.06341
108	144	1.031
108	147	1.04858
108	149	1.04858
108	153	0.9842
108	155	0.979943
108	160	0.930391
108	165	0.97339
108	167	0.933288
108	168	0.939927
108	170	0.824283
108	171	1.03655
108	175	0.953883
108	177	0.949619
109	30	0.922173
109	31	0.929298
109	61	1.22514
109	62	1.08348
109	98	1.00957
109	125	1.0852
109	128	1.04981
109	129	1.02189
109	138	1.06911
109	150	0.951539
109	151	0.986815
109	152	0.96583
109	153	0.969623
109	155	0.9639
109	160	0.987143
109	162	0.979611
109	164	0.982943
109	166	0.991309
109	169	0.96253
109	172	0.976427
109	173	0.968676
109	174	0.998601
109	176	0.974113
109	177	0.987644
109	179	0.97929
109	180	0.972606
110	2	1.04509
110	12	1.04222
110	16	0.904522
110	21	1.005
110	33	1.05859
110	39	1.0081
110	42	1.0219
110	57	1.04374
110	59	1.0206
110	68	0.999726
110	76	1.00922
110	84	0.967501
110	88	1.03357
110	91	0.949729
110	104	0.885352
110	112	0.940948
110	118	1.0026
110	120	1.0401
110	144	0.97675
110	146	1.01421
110	152	1.02629
110	163	1.00608
110	168	1.01161
110	171	1.0331
110	174	0.893089
110	175	1.02557
110	180	1.03755
111	4	1.03762
111	10	1.03088
111	17	0.902521
111	18	1.02612
111	23	1.11183
111	53	0.945948
111	59	0.976576
111	61	1.07872
111	64	1.01261
111	77	0.961611
111	85	1.14595
111	116	0.975265
111	121	1.01277
111	123	1.01411
111	130	1.06581
111	139	0.947039
111	141	0.874825
111	145	0.986982
111	152	0.98538
111	163	0.923701
111	168	0.994936
111	171	0.992192
111	173	0.992717
111	174	1.0421
111	175	1.00493
111	177	0.980396
111	178	0.980795
112	51	0.969474
112	66	0.999566
112	69	1.02482
112	81	1.0705
112	93	0.996669
112	103	0.977164
112	110	0.940948
112	114	1.00728
112	125	0.992848
112	127	0.969794
112	129	1.06979
112	132	1.0013
112	133	1.00788
112	134	1.0273
112	140	0.962806
112	141	1.04135
112	144	1.00895
112	146	1.01812
112	147	1.02652
112	149	1.02652
112	151	0.999048
112	154	0.980094
112	157	0.972545
112	166	0.955812
112	172	0.986256
112	175	0.982151
112	180	0.994132
113	12	0.911824
113	22	0.958775
113	27	0.989123
113	33	0.894534
113	94	0.846681
113	95	0.971397
113	106	1.02384
113	133	0.956014
113	134	0.9343
113	138	0.936487
113	142	0.902414
113	145	1.06272
113	154	1.04923
113	155	1.03688
113	158	1.04474
113	159	1.04338
113	161	1.05807
113	162	1.05259
113	164	1.05593
113	166	1.06429
113	169	1.03551
113	170	0.868861
113	172	1.04941
113	173	1.04166
113	176	1.0471
113	177	1.06063
113	179	1.05227
113	180	1.04559
114	41	1.00313
114	46	1.04367
114	105	0.970991
114	106	0.961543
114	108	1.02933
114	112	1.00728
114	125	0.96603
114	126	1.03457
114	127	0.942975
114	129	1.04298
114	132	0.974482
114	133	0.981057
114	134	1.00048
114	140	0.935987
114	141	1.01453
114	144	0.982126
114	147	0.999704
114	149	0.999704
114	152	1.02847
114	155	1.05381
114	159	1.04737
114	164	0.996308
114	168	1.01379
114	171	0.987675
114	172	1.03185
114	174	0.895265
114	177	1.02348
114	180	1.03973
115	1	1.00974
115	22	0.967746
115	34	1.06272
115	40	1.00107
115	58	1.01025
115	61	0.908861
115	69	0.954419
115	72	0.931915
115	73	0.939951
115	75	0.989964
115	79	1.07828
115	92	0.972684
115	96	0.972357
115	98	1.02201
115	104	1.06376
115	107	0.968905
115	117	0.956366
115	124	0.983685
115	131	1.00237
115	137	1.07332
115	151	1.05014
115	154	1.03118
115	158	1.05252
115	169	1.06154
115	171	1.04077
115	174	0.900758
115	175	1.03324
115	178	0.97012
116	4	1.01394
116	10	1.00721
116	17	0.878847
116	18	1.00245
116	23	1.08816
116	25	0.955112
116	53	0.922274
116	60	1.14826
116	64	0.988941
116	77	0.937937
116	85	1.12227
116	103	1.00645
116	111	0.975265
116	121	0.989091
116	123	0.990431
116	143	0.92665
116	152	1.01215
116	158	1.03071
116	165	1.03094
116	166	0.985094
116	168	0.971262
116	171	1.01897
116	173	1.01949
116	174	1.01843
116	175	0.98126
116	177	1.00717
116	178	0.957121
116	180	1.02341
117	7	0.889177
117	29	0.866423
117	51	1.01903
117	53	0.993373
117	60	0.973686
117	64	0.919958
117	102	0.911001
117	115	0.956366
117	123	0.885982
117	131	0.91288
117	132	0.969596
117	138	0.927926
117	144	0.941081
117	145	1.06741
117	152	1.0435
117	155	1.04157
117	159	1.04806
117	160	1.06481
117	161	1.06275
117	166	1.06898
117	167	1.0643
117	169	1.0402
117	172	1.05409
117	173	1.04634
117	176	1.05178
117	177	1.06531
117	179	1.05696
117	180	1.05027
118	2	1.02142
118	12	1.01854
118	16	0.88085
118	33	1.03491
118	39	0.984428
118	42	0.99823
118	57	1.02007
118	59	0.996924
118	68	0.976054
118	69	0.955088
118	76	0.985548
118	88	1.0099
118	91	0.926057
118	110	1.0026
118	120	1.01643
118	145	1.01266
118	146	0.990537
118	148	1.00493
118	150	1.07561
118	153	1.04065
118	155	1.0364
118	157	1.00073
118	163	0.982411
118	166	0.983996
118	167	0.98974
118	173	1.01839
118	178	1.02615
118	179	1.02597
119	43	0.990977
119	49	0.933284
119	52	1.05089
119	87	0.980661
119	97	1.08586
119	101	0.935571
119	102	1.01419
119	126	0.940764
119	128	0.99286
119	135	0.991265
119	138	0.984435
119	139	0.968593
119	142	1.01052
119	143	0.993593
119	151	1.03275
119	152	0.973017
119	155	1.04192
119	156	1.00024
119	157	0.986307
119	159	1.03549
119	160	0.992365
119	164	0.98442
119	167	0.995262
119	170	1.04451
119	173	1.02391
119	175	0.988989
119	176	1.02804
119	177	1.01159
120	2	1.05892
120	12	1.05604
120	16	0.91835
120	33	1.07241
120	39	1.02193
120	42	1.03573
120	57	1.05757
120	59	1.03442
120	68	1.01355
120	69	0.992588
120	76	1.02305
120	88	1.0474
120	91	0.963557
120	110	1.0401
120	118	1.01643
120	136	0.974034
120	137	1.0061
120	139	0.928395
120	146	1.02804
120	148	0.960613
120	154	0.963959
120	160	0.942525
120	161	0.949015
120	163	1.01991
120	169	0.994317
120	171	0.973548
120	176	0.9782
120	177	0.961752
120	178	0.98183
121	4	1.05144
121	10	1.04471
121	17	0.916347
121	18	1.03995
121	23	1.12566
121	25	0.992612
121	53	0.959774
121	64	1.02644
121	69	1.01696
121	77	0.975437
121	84	0.916227
121	85	1.15977
121	111	1.01277
121	116	0.989091
121	123	1.02793
121	137	1.01438
121	152	0.975015
121	153	1.00461
121	160	0.950804
121	162	0.980996
121	164	0.942858
121	165	0.993802
121	168	1.00876
121	170	0.844696
121	171	0.981827
121	174	1.05593
121	175	1.01876
121	178	0.994621
121	179	0.989927
122	8	1.02836
122	15	0.89715
122	37	0.980555
122	40	0.927739
122	59	1.02404
122	78	1.04785
122	79	1.10607
122	80	0.978097
122	86	1.02186
122	90	0.980774
122	94	1.0781
122	99	1.04169
122	100	1.04557
122	123	1.03122
122	130	1.04105
122	151	0.976801
122	152	1.00607
122	160	0.936413
122	163	1.00953
122	164	0.928467
122	165	0.979412
122	168	1.01205
122	170	1.07756
122	171	1.01403
122	172	0.96401
122	175	0.959905
122	176	0.972088
122	178	0.975718
122	180	0.971885
123	80	0.976153
123	81	1.06809
123	94	1.07615
123	99	1.03975
123	111	1.01411
123	116	0.990431
123	117	0.885982
123	121	1.02793
123	122	1.03122
123	130	1.044
123	136	0.970873
123	137	1.00294
123	140	0.960393
123	144	1.00653
123	147	1.02411
123	149	1.02411
123	158	0.982135
123	164	0.931417
123	165	0.982362
123	166	0.936516
123	170	1.07562
123	171	1.01208
123	173	0.970912
123	174	1.05727
123	175	1.0201
123	176	0.975038
123	177	0.958591
123	178	0.995961
123	180	0.974836
124	7	1.03812
124	8	0.918878
124	19	1.10948
124	22	0.973842
124	34	1.06882
124	38	0.999751
124	55	1.17472
124	58	1.01634
124	61	0.914957
124	72	0.938011
124	73	0.946047
124	75	0.99606
124	89	0.990528
124	92	0.978781
124	95	0.983193
124	96	0.978453
124	98	1.0281
124	104	1.06986
124	107	0.975001
124	115	0.983685
124	131	1.00847
124	154	1.0082
124	157	1.00065
124	165	1.02976
124	166	0.983917
124	170	0.880657
124	172	1.01436
124	173	1.01831
124	177	1.00599
124	178	0.976216
125	34	0.930619
125	41	0.988696
125	63	1.06279
125	65	1.06844
125	66	0.958317
125	70	0.956891
125	72	1.03036
125	91	1.05492
125	105	0.956561
125	108	1.0149
125	109	1.0852
125	112	0.992848
125	114	0.96603
125	127	0.928545
125	129	1.02855
125	132	0.960052
125	133	0.966627
125	134	0.986047
125	140	0.921557
125	141	1.0001
125	144	0.967696
125	147	0.985274
125	149	0.985274
125	150	1.08616
125	164	0.989452
125	169	1.04919
125	171	0.973245
125	172	1.02499
125	175	1.02089
125	179	1.03652
125	180	1.03287
126	11	0.852724
126	21	0.927241
126	36	1.04886
126	43	0.964692
126	52	1.0246
126	82	1.04721
126	89	1.05387
126	95	0.936143
126	101	0.909286
126	102	0.987906
126	114	1.03457
126	119	0.940764
126	128	0.966575
126	135	0.96498
126	138	0.95815
126	139	0.942308
126	142	0.984237
126	143	0.967308
126	146	0.958313
126	151	1.09049
126	155	1.09966
126	156	0.973951
126	157	0.960022
126	158	1.09288
126	164	1.04216
126	167	1.053
126	170	1.01822
126	171	1.08113
126	172	1.0777
126	174	0.999873
126	175	0.962704
126	178	1.08941
127	17	1.18579
127	40	1.03052
127	41	0.965642
127	63	1.03973
127	81	1.0062
127	89	1.04296
127	105	0.933507
127	106	0.924058
127	108	0.99185
127	112	0.969794
127	114	0.942975
127	125	0.928545
127	129	1.00549
127	132	0.936998
127	133	0.943573
127	134	0.962992
127	136	1.07071
127	140	0.898503
127	141	0.977047
127	144	0.944642
127	146	0.953818
127	147	0.96222
127	149	0.96222
127	154	1.06063
127	157	1.05308
127	160	1.0392
127	161	1.04569
127	166	1.03635
127	169	1.09099
127	171	0.950191
127	178	1.0785
127	179	1.07832
128	21	0.979336
128	31	1.1118
128	43	1.01679
128	49	0.959094
128	54	0.98907
128	83	0.899009
128	95	0.988238
128	101	0.961381
128	102	1.04
128	109	1.04981
128	119	0.99286
128	126	0.966575
128	135	1.01708
128	136	0.993519
128	137	1.02559
128	138	1.01025
128	139	0.994403
128	142	1.03633
128	143	1.0194
128	146	1.01041
128	151	1.0024
128	152	0.998827
128	157	1.01212
128	163	0.924542
128	164	0.954064
128	168	0.971546
128	169	1.0138
128	170	1.07032
128	172	0.989606
128	175	1.0148
128	179	1.00113
128	180	0.997482
129	51	1.00517
129	66	1.03526
129	70	1.03384
129	81	1.1062
129	94	0.805802
129	102	0.878683
129	105	1.03351
129	106	1.02406
129	109	1.02189
129	112	1.06979
129	114	1.04298
129	125	1.02855
129	127	1.00549
129	132	1.037
129	133	1.04357
129	134	1.06299
129	140	0.998503
129	144	1.04464
129	146	1.05382
129	147	1.06222
129	149	1.06222
129	150	1.02285
129	158	0.976861
129	159	0.977209
129	166	0.931242
129	168	0.943625
129	170	0.827982
129	171	1.05019
129	175	0.957581
129	177	0.953317
129	178	0.973394
129	179	0.973213
129	180	0.969561
130	24	0.918311
130	32	0.912458
130	71	1.01714
130	73	1.15504
130	74	1.05062
130	99	1.03125
130	111	1.06581
130	122	1.04105
130	123	1.044
130	141	1.03809
130	143	1.06314
130	146	1.08697
130	149	1.06388
130	150	0.948584
130	153	0.966669
130	154	0.973292
130	158	0.968801
130	159	0.967444
130	160	0.984188
130	161	0.982134
130	162	0.976656
130	164	0.979988
130	165	0.977052
130	166	0.988354
130	167	0.983679
130	170	1.01832
130	171	0.970828
130	172	0.973472
130	173	0.965722
130	175	0.978847
130	176	0.971158
130	177	0.984689
130	179	0.976335
130	180	0.969651
131	7	1.05681
131	15	1.14451
131	19	1.12817
131	22	0.992532
131	34	1.08751
131	37	1.0104
131	38	1.01844
131	54	0.993322
131	58	1.03503
131	61	0.933647
131	69	0.979205
131	72	0.956701
131	73	0.964737
131	75	1.01475
131	79	1.10307
131	92	0.99747
131	94	0.837975
131	96	0.997143
131	98	1.04679
131	104	1.08855
131	107	0.993691
131	115	1.00237
131	117	0.91288
131	124	1.00847
131	161	0.972752
131	162	0.996454
131	164	0.958316
131	166	0.963415
131	167	0.969158
131	169	1.01805
131	174	0.857273
131	175	0.989754
131	177	0.985489
131	178	0.994906
132	3	0.895097
132	37	1.06712
132	41	0.997149
132	50	1.04749
132	66	0.96677
132	104	0.906252
132	105	0.965014
132	106	0.955565
132	108	1.02336
132	112	1.0013
132	114	0.974482
132	117	0.969596
132	125	0.960052
132	127	0.936998
132	129	1.037
132	133	0.97508
132	134	0.994499
132	140	0.93001
132	141	1.00855
132	144	0.976149
132	146	0.985325
132	147	0.993727
132	149	0.993727
132	152	1.04719
132	154	1.04441
132	156	1.00096
132	157	1.03686
132	164	1.01503
132	166	1.02013
132	168	1.03251
132	171	0.981698
132	172	1.05057
132	173	1.05453
132	175	1.04647
132	178	1.06228
132	179	1.0621
133	3	0.901672
133	16	1.16599
133	50	1.05406
133	51	0.943253
133	54	1.0279
133	55	0.915719
133	59	1.01624
133	70	0.971919
133	91	1.05836
133	105	0.971589
133	106	0.96214
133	108	1.02993
133	112	1.00788
133	113	0.956014
133	114	0.981057
133	125	0.966627
