1	82	1.29672
1	101	1.38379
1	110	1.35073
1	112	1.40073
1	115	1.40073
1	141	0.490888
1	143	0.477003
1	146	0.462342
1	152	1.37438
1	159	1.39292
1	173	0.48135
1	176	0.494756
2	83	1.32494
2	86	1.34182
2	93	1.35303
2	105	1.36829
2	119	1.493
2	138	0.474408
2	141	0.493931
2	146	0.465384
2	158	0.483937
2	160	1.34454
2	171	1.37437
2	172	0.486285
3	96	1.34592
3	98	1.44557
3	109	1.36579
3	113	1.33036
3	116	1.37726
3	121	1.34533
3	123	1.38977
3	133	0.496788
3	151	0.514399
3	165	0.479317
3	173	0.499091
3	177	0.414226
4	51	1.33373
4	59	0.464336
4	82	1.30349
4	101	1.39057
4	109	0.499436
4	110	1.3575
4	112	1.4075
4	115	1.4075
4	128	0.477768
4	159	1.39969
4	176	0.486133
4	180	0.476407
5	72	1.37748
5	75	1.34091
5	83	1.34535
5	86	1.36223
5	89	1.41189
5	93	1.37344
5	105	1.3887
5	128	0.261257
5	151	0.271524
5	164	0.785486
5	168	0.286372
5	179	0.801743
6	44	1.36139
6	54	1.28964
6	71	1.33763
6	76	1.41688
6	85	1.42662
6	90	1.38392
6	91	1.38392
6	141	0.399925
6	166	0.413624
6	171	0.378165
6	177	0.816552
6	178	0.398049
7	15	0.50437
7	35	1.26716
7	42	1.35834
7	77	1.44608
7	94	0.560649
7	130	0.448696
7	152	1.38669
7	155	1.35848
7	160	1.37671
7	171	1.40654
7	175	0.484075
7	177	0.409092
8	38	1.46134
8	71	1.57556
8	76	1.65481
8	85	1.66456
8	90	1.62186
8	91	1.62186
8	150	0.414223
8	166	0.416142
8	169	0.395856
8	170	0.400037
8	174	0.380945
8	178	0.400567
9	81	0.534399
9	89	0.4606
9	96	1.34616
9	104	1.40358
9	107	1.35955
9	116	1.3775
9	117	1.37764
9	121	1.34557
9	123	1.39001
9	158	0.457226
9	166	0.480918
9	176	0.471087
10	24	1.37485
10	53	1.5079
10	55	1.40582
10	57	1.16701
10	61	1.35225
10	70	1.38519
10	127	0.503836
10	130	0.43118
10	151	0.491749
10	157	0.49622
10	170	0.483573
10	172	1.40697
11	72	1.37283
11	75	1.33626
11	83	1.3407
11	89	1.40724
11	93	1.36879
11	105	1.38405
11	167	0.394974
11	168	0.415576
11	171	1.39013
11	173	0.38542
11	176	0.398826
11	177	0.811603
12	21	1.15352
12	23	1.18242
12	60	1.30507
12	73	1.18882
12	78	1.14683
12	118	1.23069
12	125	0.601188
12	131	0.610228
12	149	1.15773
12	164	0.576822
12	176	0.616993
12	177	1.23492
13	51	0.526634
13	73	0.469092
13	94	1.29008
13	119	0.418503
13	120	0.491866
13	160	0.487556
13	168	1.36436
13	175	1.39537
13	176	1.38386
13	178	1.39561
13	179	1.39618
13	180	1.37454
14	96	1.27902
14	104	1.33644
14	108	0.534877
14	109	1.2989
14	113	1.26346
14	116	1.31037
14	117	1.31051
14	121	1.27843
14	122	0.530037
14	123	1.32287
14	148	0.494852
14	156	0.516379
14	180	0.530331
15	7	0.50437
15	38	0.564073
15	69	0.522034
15	79	0.494121
15	117	0.51011
15	138	1.31305
15	166	1.29842
15	168	1.27746
15	175	1.30847
15	176	1.29697
15	178	1.30871
15	179	1.30929
15	180	1.28764
16	30	1.47664
16	53	1.39959
16	57	1.0587
16	61	1.24395
16	70	1.27688
16	136	1.34991
16	145	0.491198
16	159	1.29567
16	168	0.55261
16	170	0.529587
16	172	1.29866
16	173	0.522455
16	174	0.510494
17	35	1.19478
17	42	1.28596
17	43	1.30669
17	77	1.3737
17	151	0.551223
17	152	1.3143
17	155	1.2861
17	156	0.525643
17	160	1.30432
17	169	0.538865
17	171	1.33415
17	177	0.45105
17	180	0.539595
18	63	1.46686
18	84	1.4634
18	101	1.49989
18	110	1.46682
18	112	1.51682
18	115	1.51682
18	127	0.463528
18	142	0.428273
18	156	0.42586
18	157	1.46937
18	165	0.416358
18	174	0.424172
18	176	0.449538
19	31	1.27066
19	52	1.25232
19	66	1.35637
19	67	1.23087
19	108	1.29522
19	130	1.37829
19	140	0.523822
19	147	0.531744
19	159	1.31389
19	169	1.30237
19	172	0.518342
19	178	0.524112
19	179	0.505941
20	35	1.38111
20	42	1.47229
20	43	1.49302
20	77	1.56003
20	142	0.428958
20	150	0.458135
20	152	1.50063
20	155	1.47243
20	164	0.410052
20	170	0.44395
20	171	1.52048
20	179	0.426309
20	180	0.440497
21	12	1.15352
21	60	1.42284
21	73	1.30659
21	78	1.2646
21	109	0.550904
21	135	1.35239
21	145	0.492938
21	155	1.26725
21	158	0.52374
21	163	1.28011
21	173	0.524195
21	174	0.512235
21	177	1.35269
22	24	0.485894
22	34	1.20015
22	45	1.32704
22	47	1.30029
22	62	1.27424
22	65	1.34824
22	69	1.29395
22	128	1.33722
22	137	0.404325
22	154	1.31887
22	177	0.873453
22	178	0.42934
22	179	0.41117
23	12	1.18242
23	73	1.33549
23	78	1.2935
23	122	1.29744
23	141	0.530945
23	149	1.3044
23	155	1.29615
23	158	0.520952
23	161	0.535797
23	163	1.30901
23	171	0.509185
23	174	0.509447
23	177	1.38159
24	10	1.37485
24	22	0.485894
24	53	1.43149
24	57	1.0906
24	61	1.27584
24	70	1.30878
24	102	1.2603
24	145	0.52265
24	159	1.32757
24	168	0.584063
24	172	1.33056
24	177	0.469042
24	179	0.543399
25	34	1.40393
25	47	1.50407
25	62	1.47802
25	65	1.55202
25	69	1.49773
25	94	0.504405
25	148	0.405913
25	149	1.48268
25	157	1.48153
25	161	0.452102
25	163	0.447896
25	170	0.444844
25	177	0.352847
26	80	1.31836
26	88	1.3359
26	95	1.26117
26	97	1.26117
26	100	1.3145
26	103	1.3145
26	108	0.534673
26	144	0.487518
26	147	0.541741
26	170	1.28841
26	172	1.30598
26	173	0.526447
26	179	0.515938
27	91	0.510733
27	105	0.497125
27	116	0.532687
27	120	0.543827
27	133	0.50875
27	144	1.3208
27	173	1.30473
27	174	1.30208
27	175	1.30074
27	176	1.28923
27	178	1.30097
27	179	1.30155
27	180	1.27991
28	31	1.2807
28	32	1.20779
28	37	1.40546
28	52	1.26237
28	66	1.36641
28	67	1.24091
28	125	0.514893
28	153	0.519326
28	159	1.32394
28	166	0.540529
28	169	1.31242
28	170	0.524424
28	175	0.50741
29	99	1.27075
29	111	1.33334
29	120	1.27246
29	124	1.32308
29	129	1.25836
29	131	0.532405
29	132	1.27483
29	133	1.31293
29	141	0.535303
29	148	0.493966
29	177	1.35425
29	179	0.515257
29	180	0.529445
30	16	1.47664
30	55	1.53951
30	57	1.3007
30	61	1.48594
30	70	1.51888
30	89	0.454031
30	156	0.44084
30	159	1.53767
30	172	1.54066
30	174	0.439152
30	176	0.464517
30	177	0.366247
30	179	0.440603
31	19	1.27066
31	28	1.2807
31	37	1.39499
31	52	1.25189
31	66	1.35594
31	67	1.23044
31	106	0.539053
31	142	0.5122
31	148	0.488259
31	159	1.31346
31	166	0.543296
31	169	1.30194
31	180	0.523738
32	28	1.20779
32	37	1.32207
32	52	1.17897
32	66	1.28302
32	67	1.15752
32	108	1.22187
32	130	1.30494
32	136	1.29478
32	139	0.558621
32	143	0.556323
32	161	0.57506
32	169	1.22903
32	170	0.567802
32	174	0.54871
33	71	0.480657
33	92	1.41851
33	96	1.38251
33	107	1.3959
33	108	0.464
33	113	1.36695
33	116	1.41385
33	117	1.414
33	121	1.38192
33	123	1.42636
33	166	0.479011
33	169	0.458725
33	178	0.463436
33	180	0.459454
34	22	1.20015
34	25	1.40393
34	45	1.2491
34	47	1.22235
34	62	1.1963
34	65	1.2703
34	69	1.21601
34	85	0.525757
34	127	0.601178
34	130	0.528522
34	142	0.565924
34	149	1.20095
34	154	1.24092
34	167	0.583337
35	7	1.26716
35	17	1.19478
35	20	1.38111
35	40	1.29478
35	43	1.19249
35	77	1.2595
35	102	0.599887
35	152	1.2001
35	160	1.19012
35	166	0.563811
35	171	1.21995
35	173	0.540574
35	176	0.553979
35	178	0.548236
36	100	0.551512
36	111	0.554081
36	136	0.542011
36	150	1.21241
36	154	0.571339
36	155	0.574712
36	168	1.22456
36	173	1.25956
36	174	1.25692
36	175	1.25557
36	176	1.24406
36	178	1.2558
36	179	1.25638
36	180	1.23474
37	28	1.40546
37	31	1.39499
37	32	1.32207
37	52	1.37665
37	66	1.4807
37	67	1.3552
37	153	0.488277
37	159	1.43822
37	169	1.4267
37	171	0.474021
37	174	0.474283
37	177	0.401378
37	178	0.493905
37	179	0.475735
38	8	1.46134
38	15	0.564073
38	58	1.22299
38	71	1.15469
38	76	1.23394
38	85	1.24368
38	90	1.20099
38	91	1.20099
38	128	1.2184
38	130	1.26298
38	153	0.555693
38	161	0.56805
38	169	0.556611
38	170	0.560792
39	51	1.36003
39	63	1.38384
39	84	1.38038
39	101	1.41687
39	110	1.38381
39	112	1.43381
39	115	1.43381
39	127	0.420327
39	140	0.400303
39	141	0.402469
39	152	1.40746
39	162	0.407215
39	169	0.395882
39	177	0.781528
40	35	1.29478
40	42	1.38596
40	43	1.40669
40	77	1.4737
40	102	0.516056
40	128	0.461783
40	152	1.4143
40	155	1.3861
40	157	0.476521
40	160	1.40432
40	171	1.43415
40	175	0.44686
40	179	0.446234
40	180	0.460422
41	50	1.27862
41	80	1.36246
41	81	0.460298
41	95	1.30527
41	97	1.30527
41	100	1.35861
41	102	0.442894
41	103	1.35861
41	147	0.398875
41	154	1.34856
41	166	0.406817
41	170	1.33251
41	172	1.35008
41	174	0.902082
41	176	0.396986
42	7	1.35834
42	17	1.28596
42	20	1.47229
42	40	1.38596
42	77	1.35067
42	122	0.512806
42	127	0.536816
42	142	0.501561
42	152	1.29128
42	155	1.26307
42	160	1.2813
42	166	0.532657
42	171	1.31113
42	175	0.499538
42	177	0.424555
43	17	1.30669
43	20	1.49302
43	35	1.19249
43	40	1.40669
43	77	1.3714
43	152	1.31201
43	155	1.28381
43	160	1.30203
43	161	0.504102
43	162	0.503996
43	168	0.519868
43	171	1.33186
43	176	0.503118
43	178	0.497374
43	179	0.479204
44	6	1.36139
44	54	1.24469
44	58	1.36098
44	71	1.29268
44	85	1.38167
44	90	1.33898
44	91	1.33898
44	123	0.496438
44	126	0.501433
44	136	1.39081
44	139	0.490843
44	155	1.28983
44	157	0.512671
44	161	0.507282
44	180	0.496572
45	22	1.32704
45	34	1.2491
45	47	1.34924
45	62	1.32319
45	69	1.3429
45	94	0.572829
45	128	1.38617
45	144	0.467208
45	149	1.32785
45	154	1.36781
45	156	0.495865
45	157	1.3267
45	164	0.479372
45	165	0.486363
45	173	0.506137
46	94	0.554341
46	111	1.35737
46	114	1.35997
46	120	1.29648
46	124	1.34711
46	125	0.48525
46	129	1.28239
46	132	1.29886
46	133	1.33696
46	134	0.492601
46	164	0.460884
46	167	0.497203
46	168	0.517805
46	172	1.34257
46	177	1.37828
47	22	1.30029
47	25	1.50407
47	34	1.22235
47	45	1.34924
47	62	1.29644
47	65	1.37044
47	69	1.31615
47	137	0.485557
47	146	0.483902
47	154	1.34106
47	157	1.29995
47	161	0.517301
47	162	0.517194
47	163	0.513094
47	171	0.490688
48	92	1.43408
48	99	0.490185
48	104	1.45551
48	107	1.41148
48	109	1.41796
48	113	1.38253
48	116	1.42943
48	117	1.42957
48	121	1.3975
48	122	0.455292
48	123	1.44194
48	153	0.45394
48	158	0.451452
48	165	0.432133
48	168	0.482062
48	179	0.441398
49	88	1.32139
49	95	1.24667
49	97	1.24667
49	100	1.3
49	103	1.3
49	122	0.55457
49	152	1.26995
49	154	1.28996
49	158	0.55073
49	160	1.25998
49	169	0.554135
49	170	1.27391
49	172	1.29148
49	175	0.541302
49	177	0.46632
49	179	0.540676
50	41	1.27862
50	80	1.3036
50	88	1.32113
50	95	1.2464
50	97	1.2464
50	100	1.29974
50	103	1.29974
50	127	1.23951
50	130	0.497414
50	138	0.53269
50	163	0.552858
50	169	0.545625
50	170	1.27364
50	172	1.29122
50	175	0.532793
50	180	0.546354
51	4	1.33373
51	13	0.526634
51	39	1.36003
51	63	1.24859
51	82	1.19454
51	84	1.24512
51	101	1.28161
51	110	1.24855
51	112	1.29855
51	115	1.29855
51	139	0.555185
51	142	0.549375
51	151	0.572542
51	159	1.29074
51	164	0.530469
51	177	0.472369
52	19	1.25232
52	28	1.26237
52	31	1.25189
52	32	1.17897
52	37	1.37665
52	66	1.3376
52	67	1.2121
52	127	0.569056
52	136	1.34936
52	140	0.549033
52	143	0.537314
52	153	0.543694
52	159	1.29513
52	163	0.551844
52	169	1.2836
52	177	0.456796
53	10	1.5079
53	16	1.39959
53	24	1.43149
53	55	1.46245
53	57	1.22364
53	61	1.40889
53	70	1.44182
53	119	0.420951
53	155	0.476593
53	156	0.451268
53	159	1.46061
53	168	0.491696
53	169	0.464491
53	171	0.449318
53	172	1.4636
53	174	0.44958
54	6	1.28964
54	44	1.24469
54	58	1.28923
54	76	1.30017
54	85	1.30992
54	90	1.26722
54	91	1.26722
54	125	0.535766
54	128	1.28464
54	130	1.32921
54	144	0.499237
54	155	1.21807
54	167	0.54772
54	170	0.545298
54	175	0.528283
54	176	0.551571
55	10	1.40582
55	30	1.53951
55	53	1.46245
55	57	1.12156
55	61	1.30681
55	70	1.33975
55	94	0.544405
55	102	1.29127
55	136	1.41277
55	138	0.467728
55	159	1.35854
55	162	0.491997
55	164	0.450948
55	168	0.507869
55	169	0.480664
55	171	0.465491
55	172	1.36153
56	65	1.45717
56	69	1.40288
56	77	1.46718
56	84	0.477533
56	97	0.487403
56	103	0.456569
56	107	0.468748
56	111	0.442972
56	115	0.449405
56	119	0.407962
56	147	1.39532
56	149	1.38782
56	164	1.42749
56	171	1.42764
56	175	1.42767
56	180	1.40684
57	10	1.16701
57	16	1.0587
57	24	1.0906
57	30	1.3007
57	53	1.22364
57	55	1.12156
57	61	1.068
57	70	1.10093
57	102	1.05246
57	136	1.17396
57	144	0.677297
57	146	0.697218
57	159	1.11973
57	165	0.696452
57	171	0.704004
57	172	1.12272
57	177	0.631361
58	38	1.22299
58	44	1.36098
58	54	1.28923
58	71	1.33722
58	76	1.41647
58	85	1.42621
58	90	1.38351
58	91	1.38351
58	94	0.544661
58	130	1.44551
58	144	0.43904
58	147	0.493263
58	155	1.33437
58	161	0.492359
58	164	0.451204
58	166	0.501206
58	167	0.487523
59	4	0.464336
59	96	0.51117
59	109	0.508008
59	119	0.440711
59	121	0.504429
59	126	1.34256
59	135	0.454476
59	158	1.35701
59	160	0.509764
59	166	1.357
59	173	1.37104
59	174	1.3684
59	175	1.36705
59	176	1.35555
59	178	1.36729
59	179	1.36787
59	180	1.34623
60	12	1.30507
60	21	1.42284
60	73	1.45814
60	78	1.41615
60	118	1.50001
60	134	0.448961
60	135	1.50394
60	138	0.434024
60	139	1.43912
60	150	0.465326
60	155	1.41881
60	161	0.458399
60	163	1.43167
60	166	0.467246
60	169	0.44696
60	174	0.432049
60	176	0.457415
60	177	1.50424
61	10	1.35225
61	16	1.24395
61	24	1.27584
61	30	1.48594
61	53	1.40889
61	55	1.30681
61	57	1.068
61	70	1.28618
61	131	0.521491
61	136	1.35921
61	138	0.504866
61	142	0.506992
61	159	1.30497
61	161	0.529241
61	163	0.525034
61	172	1.30796
61	174	0.502891
61	180	0.518531
62	22	1.27424
62	25	1.47802
62	34	1.1963
62	45	1.32319
62	47	1.29644
62	65	1.34439
62	69	1.2901
62	128	1.33336
62	137	0.500445
62	148	0.485999
62	149	1.27505
62	154	1.31501
62	157	1.2739
62	167	0.527353
62	169	0.520749
62	173	0.517799
62	176	0.531204
62	178	0.525461
63	18	1.46686
63	39	1.38384
63	51	1.24859
63	82	1.21835
63	84	1.26893
63	101	1.30542
63	110	1.27236
63	112	1.32236
63	115	1.32236
63	122	0.545432
63	130	0.496785
63	145	0.51079
63	154	1.31602
63	157	1.27491
63	165	0.522273
63	169	0.544997
63	177	0.457181
63	179	0.531538
64	87	1.33924
64	111	1.33678
64	114	1.33938
64	120	1.2759
64	124	1.32652
64	125	0.516954
64	127	0.546749
64	129	1.2618
64	132	1.27828
64	133	1.31637
64	137	0.502
64	148	0.487554
64	157	0.539133
64	161	1.28293
64	163	1.28512
64	174	0.507393
64	175	0.509471
64	177	1.35769
65	22	1.34824
65	25	1.55202
65	34	1.2703
65	47	1.37044
65	56	1.45717
65	62	1.34439
65	69	1.3641
65	128	1.40737
65	134	0.485281
65	147	0.495623
65	149	1.34905
65	154	1.38902
65	157	1.3479
65	162	0.494613
65	167	0.489883
65	170	0.487461
65	174	0.468369
65	176	0.493735
65	177	0.395464
66	19	1.35637
66	28	1.36641
66	31	1.35594
66	32	1.28302
66	37	1.4807
66	52	1.3376
66	67	1.31615
66	90	0.466088
66	127	0.501734
66	130	1.46357
66	136	1.45341
66	139	0.47229
66	140	0.481711
66	159	1.39917
66	166	0.497576
66	169	1.38765
66	171	0.462117
66	174	0.462379
66	179	0.46383
67	19	1.23087
67	28	1.24091
67	31	1.23044
67	32	1.15752
67	37	1.3552
67	52	1.2121
67	66	1.31615
67	108	1.255
67	130	1.33807
67	136	1.32791
67	142	0.53582
67	144	0.50475
67	150	0.564996
67	158	0.543224
67	159	1.27367
67	167	0.553233
67	168	0.573835
67	169	1.26215
67	179	0.533171
68	79	1.35229
68	87	1.36569
68	108	0.504719
68	114	1.36584
68	120	1.30235
68	122	1.3
68	124	1.35298
68	129	1.28826
68	132	1.30473
68	133	1.34283
68	149	1.30695
68	162	0.510777
68	167	0.506047
68	169	1.33393
68	170	0.503625
68	171	0.484271
68	173	0.496493
68	177	1.38414
68	178	0.504155
68	180	0.500173
69	15	0.522034
69	22	1.29395
69	25	1.49773
69	34	1.21601
69	45	1.3429
69	47	1.31615
69	56	1.40288
69	62	1.2901
69	65	1.3641
69	122	0.515007
69	128	1.35308
69	131	0.518261
69	137	0.494268
69	149	1.29476
69	154	1.33472
69	157	1.29361
69	169	0.514572
69	170	0.518753
69	171	0.499399
69	177	0.426756
70	10	1.38519
70	16	1.27688
70	24	1.30878
70	30	1.51888
70	53	1.44182
70	55	1.33975
70	57	1.10093
70	61	1.28618
70	102	1.27064
70	131	0.522341
70	136	1.39214
70	142	0.507842
70	152	0.52844
70	156	0.505429
70	159	1.33791
70	171	0.503479
70	172	1.3409
70	174	0.503741
70	175	0.505819
70	177	0.430836
71	6	1.33763
71	8	1.57556
71	33	0.480657
71	38	1.15469
71	44	1.29268
71	58	1.33722
71	76	1.34816
71	85	1.35791
71	90	1.31521
71	91	1.31521
71	128	1.33263
71	136	1.36704
71	144	0.475645
71	148	0.482775
71	155	1.26606
71	163	0.524757
71	165	0.4948
71	176	0.52798
71	179	0.504066
71	180	0.518254
72	5	1.37748
72	11	1.37283
72	75	1.28816
72	83	1.29259
72	86	1.30948
72	89	1.35914
72	93	1.32069
72	105	1.33594
72	106	0.510262
72	118	1.37518
72	139	1.31429
72	150	0.512585
72	151	0.506575
72	157	0.511047
72	160	1.3122
72	163	0.501451
72	169	0.494218
72	171	1.34203
72	174	0.479307
72	180	0.494947
73	12	1.18882
73	13	0.469092
73	21	1.30659
73	23	1.33549
73	60	1.45814
73	78	1.2999
73	118	1.38376
73	135	1.38769
73	139	1.32287
73	147	0.514985
73	149	1.3108
73	155	1.30255
73	163	1.31541
73	166	0.522928
73	171	0.487469
73	172	0.501583
73	173	0.499691
73	177	1.38799
73	178	0.507353
73	180	0.503371
74	92	1.33984
74	96	1.30384
74	98	1.4035
74	101	0.512515
74	104	1.36126
74	107	1.31724
74	109	1.32372
74	113	1.28829
74	116	1.33519
74	117	1.33533
74	121	1.30325
74	123	1.3477
74	125	0.508646
74	126	0.519586
74	144	0.472116
74	164	0.48428
74	170	1.34085
74	173	0.511045
74	174	0.499085
74	179	0.500537
75	5	1.34091
75	11	1.33626
75	72	1.28816
75	83	1.25602
75	86	1.2729
75	89	1.32257
75	93	1.28412
75	105	1.29937
75	106	0.535567
75	108	1.28546
75	127	1.25542
75	139	1.27772
75	143	0.512225
75	150	0.53789
75	157	0.536351
75	160	1.27563
75	161	0.530962
75	163	0.526756
75	167	0.526126
75	171	1.30546
75	174	0.504612
76	6	1.41688
76	8	1.65481
76	38	1.23394
76	54	1.30017
76	58	1.41647
76	71	1.34816
76	85	1.43716
76	90	1.39446
76	91	1.39446
76	128	1.41188
76	131	0.47359
76	136	1.44629
76	137	0.449596
76	143	0.462602
76	155	1.34532
76	157	0.486729
76	162	0.481233
76	164	0.440184
76	165	0.447175
76	166	0.490186
76	176	0.480355
77	7	1.44608
77	17	1.3737
77	20	1.56003
77	35	1.2595
77	40	1.4737
77	42	1.35067
77	43	1.3714
77	56	1.46718
77	128	0.473325
77	134	0.473236
77	142	0.460425
77	152	1.37902
77	155	1.35081
77	158	0.467829
77	160	1.36904
77	167	0.477838
77	171	1.39887
77	173	0.468284
77	174	0.456324
77	175	0.458402
77	178	0.475946
78	12	1.14683
78	21	1.2646
78	23	1.2935
78	60	1.41615
78	73	1.2999
78	117	0.53191
78	118	1.34177
78	122	1.26186
78	135	1.3457
78	138	0.511919
78	139	1.28088
78	141	0.531442
78	145	0.490647
78	149	1.26881
78	155	1.26057
78	157	0.541684
78	160	0.550369
78	163	1.27343
78	165	0.50213
78	166	0.545141
78	177	1.346
79	15	0.494121
79	68	1.35229
79	87	1.38377
79	99	1.31873
79	102	0.543021
79	111	1.38132
79	114	1.38392
79	120	1.32043
79	124	1.37106
79	129	1.30634
79	132	1.32281
79	133	1.36091
79	140	0.49108
79	154	0.495387
79	156	0.473435
79	163	1.32965
79	164	0.456942
79	170	0.49084
79	172	1.36652
79	174	0.471747
79	177	1.40223
79	178	0.491369
80	26	1.31836
80	41	1.36246
80	50	1.3036
80	88	1.40497
80	95	1.33025
80	97	1.33025
80	100	1.38358
80	103	1.38358
80	106	0.507473
80	127	1.32335
80	152	1.35353
80	153	0.490512
80	154	1.37354
80	161	0.502868
80	163	0.498661
80	165	0.468704
80	170	1.35748
80	172	1.37506
80	174	0.476518
80	175	0.478596
80	178	0.49614
80	180	0.492158
81	9	0.534399
81	41	0.460298
81	97	0.605261
81	105	0.552482
81	114	0.548709
81	123	0.569956
81	135	0.539586
81	140	1.25428
81	141	1.25502
81	150	1.22544
81	155	0.581462
81	164	1.26842
81	166	1.25855
81	167	1.24642
81	168	1.23759
81	173	1.27259
81	174	1.26995
81	175	1.2686
81	176	1.2571
81	178	1.26884
81	179	1.26942
81	180	1.24778
82	1	1.29672
82	4	1.30349
82	51	1.19454
82	63	1.21835
82	84	1.21488
82	101	1.25137
82	110	1.21831
82	112	1.26831
82	115	1.26831
82	119	1.38044
82	122	0.556945
82	150	0.574877
82	152	1.24196
82	154	1.26197
82	157	1.22086
82	159	1.2605
82	164	0.526794
82	165	0.533786
82	169	0.55651
82	170	0.560692
82	175	0.543677
82	180	0.557239
83	2	1.32494
83	5	1.34535
83	11	1.3407
83	72	1.29259
83	75	1.25602
83	86	1.27734
83	89	1.32701
83	93	1.28855
83	105	1.30381
83	118	1.34304
83	119	1.42852
83	126	0.527588
83	134	0.523999
83	137	0.501693
83	139	1.28216
83	153	0.52108
83	157	0.538826
83	160	1.28007
83	171	1.30989
83	175	0.509164
83	176	0.532452
83	177	0.434181
83	180	0.522726
84	18	1.4634
84	39	1.38038
84	51	1.24512
84	56	0.477533
84	63	1.26893
84	82	1.21488
84	94	0.585365
84	101	1.30196
84	110	1.26889
84	112	1.31889
84	115	1.31889
84	119	1.43102
84	139	0.516624
84	145	0.487416
84	152	1.29255
84	154	1.31255
84	157	1.27144
84	159	1.31108
84	163	0.528856
84	176	0.532078
84	177	0.433808
84	178	0.526335
84	180	0.522352
85	6	1.42662
85	8	1.66456
85	34	0.525757
85	38	1.24368
85	44	1.38167
85	54	1.30992
85	58	1.42621
85	71	1.35791
85	76	1.43716
85	90	1.40421
85	91	1.40421
85	97	0.480518
85	106	0.46066
85	116	0.4633
85	128	1.42162
85	130	1.4662
85	136	1.45604
85	163	0.451848
85	170	0.448797
85	171	0.429443
85	173	0.441665
85	176	0.455071
85	178	0.449327
86	2	1.34182
86	5	1.36223
86	72	1.30948
86	75	1.2729
86	83	1.27734
86	89	1.34389
86	93	1.30543
86	94	0.565741
86	105	1.32069
86	108	1.30678
86	118	1.35992
86	122	0.502434
86	127	1.27674
86	131	0.505689
86	139	1.29904
86	143	0.494701
86	149	0.533159
86	153	0.501082
86	160	1.29695
86	161	0.513438
86	170	0.50618
86	171	1.32677
86	174	0.487088
87	64	1.33924
87	68	1.36569
87	79	1.38377
87	99	1.33213
87	111	1.39473
87	114	1.39732
87	118	1.4114
87	124	1.38446
87	129	1.31974
87	132	1.33622
87	133	1.37431
87	134	0.488794
87	139	0.481793
87	143	0.479494
87	164	0.457076
87	169	1.36542
87	171	0.471619
87	172	1.37993
87	173	0.483842
87	175	0.473959
87	176	0.497247
87	177	1.41563
87	178	0.491503
87	180	0.487521
88	26	1.3359
88	49	1.32139
88	50	1.32113
88	80	1.40497
88	95	1.34778
88	97	1.34778
88	100	1.40111
88	103	1.40111
88	118	0.469938
88	122	0.489661
88	135	1.428
88	146	0.467267
88	152	1.37106
88	154	1.39107
88	157	0.506054
88	160	1.36109
88	161	0.500665
88	162	0.500559
88	167	0.495829
88	169	0.489225
88	170	1.37502
88	172	1.39259
88	177	0.40141
88	180	0.489955
89	5	1.41189
89	9	0.4606
89	11	1.40724
89	30	0.454031
89	72	1.35914
89	75	1.32257
89	83	1.32701
89	86	1.34389
89	93	1.3551
89	105	1.37036
89	118	1.40959
89	119	1.49506
89	127	1.32641
89	128	0.497651
89	134	0.497562
89	139	1.3487
89	141	0.502148
89	160	1.34661
89	169	0.495561
89	171	1.37644
89	173	0.49261
89	176	0.506016
89	177	0.407745
89	180	0.49629
90	6	1.38392
90	8	1.62186
90	38	1.20099
90	44	1.33898
90	54	1.26722
90	58	1.38351
90	66	0.466088
90	71	1.31521
90	76	1.39446
90	85	1.40421
90	91	1.36151
90	108	0.489666
90	128	1.37893
90	130	1.4235
90	136	1.41334
90	143	0.477093
90	155	1.31236
90	157	0.501219
90	158	0.480985
90	165	0.461666
90	167	0.490994
90	169	0.48439
90	170	0.488572
90	179	0.470931
91	6	1.38392
91	8	1.62186
91	27	0.510733
91	38	1.20099
91	44	1.33898
91	54	1.26722
91	58	1.38351
91	71	1.31521
91	76	1.39446
91	85	1.40421
91	90	1.36151
91	128	1.37893
91	130	1.4235
91	136	1.41334
91	146	0.470364
91	155	1.31236
91	162	0.503656
91	170	0.496504
91	174	0.477412
91	175	0.47949
91	177	0.404507
91	178	0.497034
91	179	0.478864
91	180	0.493052
92	33	1.41851
92	48	1.43408
92	74	1.33984
92	96	1.28951
92	98	1.38917
92	104	1.34693
92	107	1.30291
92	108	0.516907
92	109	1.30939
92	113	1.27396
92	116	1.32086
92	117	1.321
92	121	1.28892
92	123	1.33337
92	125	0.506282
92	128	0.513722
92	134	0.513633
92	140	0.516054
92	145	0.477424
92	150	0.529999
92	161	1.30503
92	170	1.32652
92	175	0.498799
92	177	0.423816
92	178	0.516343
93	2	1.35303
93	5	1.37344
93	11	1.36879
93	72	1.32069
93	75	1.28412
93	83	1.28855
93	86	1.30543
93	89	1.3551
93	105	1.3319
93	108	1.31799
93	119	1.45661
93	124	0.516985
93	125	0.509507
93	127	1.28795
93	128	0.516947
93	138	0.501921
93	139	1.31025
93	143	0.507559
93	148	0.480107
93	160	1.30816
93	161	0.526296
93	163	0.52209
93	171	1.33799
93	175	0.502024
93	177	0.427041
94	7	0.560649
94	13	1.29008
94	25	0.504405
94	45	0.572829
94	46	0.554341
94	55	0.544405
94	58	0.544661
94	84	0.585365
94	86	0.565741
94	104	0.566182
94	131	1.21404
94	143	1.23459
94	145	1.27413
94	148	1.28497
94	156	1.26798
94	162	1.23795
94	166	1.24403
94	167	1.23191
94	168	1.22308
94	173	1.25808
94	175	1.25409
94	176	1.24258
94	178	1.25433
94	179	1.2549
94	180	1.23326
95	26	1.26117
95	41	1.30527
95	49	1.24667
95	50	1.2464
95	80	1.33025
95	88	1.34778
95	97	1.27305
95	100	1.32639
95	102	0.583993
95	103	1.32639
95	122	0.528065
95	127	1.26616
95	135	1.35327
95	140	0.532051
95	148	0.492879
95	152	1.29634
95	154	1.31635
95	157	0.544458
95	158	0.524224
95	160	1.28636
95	165	0.504905
95	166	0.547916
95	170	1.30029
95	172	1.31787
95	175	0.514797
95	177	0.439814
96	3	1.34592
96	9	1.34616
96	14	1.27902
96	33	1.38251
96	59	0.51117
96	74	1.30384
96	92	1.28951
96	98	1.35317
96	100	0.511415
96	104	1.31094
96	107	1.26691
96	109	1.27339
96	113	1.23796
96	116	1.28486
96	117	1.285
96	121	1.25292
96	123	1.29737
96	144	0.480633
96	150	0.540879
96	162	0.533846
96	163	0.529745
96	168	0.549717
96	170	1.29052
96	175	0.50968
96	176	0.532967
96	179	0.509053
97	26	1.26117
97	41	1.30527
97	49	1.24667
97	50	1.2464
97	56	0.487403
97	80	1.33025
97	81	0.605261
97	85	0.480518
97	88	1.34778
97	95	1.27305
97	100	1.32639
97	103	1.32639
97	108	0.536769
97	127	1.26616
97	135	1.35327
97	143	0.524196
97	146	0.509535
97	148	0.496744
97	152	1.29634
97	154	1.31635
97	156	0.518271
97	160	1.28636
97	170	1.30029
97	172	1.31787
97	179	0.518035
97	180	0.532223
98	3	1.44557
98	74	1.4035
98	92	1.38917
98	96	1.35317
98	104	1.41059
98	107	1.36656
98	108	0.489766
98	109	1.37305
98	113	1.33761
98	116	1.38451
98	117	1.38466
98	121	1.35258
98	123	1.39702
98	125	0.479141
98	135	1.44315
98	137	0.464187
98	140	0.488913
98	143	0.477193
98	144	0.442611
98	146	0.462532
98	159	0.48325
98	161	1.36869
98	170	1.39018
98	173	0.48154
98	175	0.471658
98	179	0.471032
99	29	1.27075
99	48	0.490185
99	79	1.31873
99	87	1.33213
99	108	0.536195
99	111	1.32968
99	114	1.33228
99	120	1.26879
99	124	1.31942
99	128	0.53301
99	129	1.2547
99	130	0.482708
99	132	1.27117
99	133	1.30927
99	146	0.508961
99	147	0.543264
99	149	1.2734
99	161	1.27582
99	163	1.27801
99	165	0.508195
99	168	0.558125
99	169	1.30037
99	170	0.535101
99	171	0.515747
99	172	1.31488
99	177	1.35059
100	26	1.3145
100	36	0.551512
100	41	1.35861
100	49	1.3
100	50	1.29974
100	80	1.38358
100	88	1.40111
100	95	1.32639
100	96	0.511415
100	97	1.32639
100	103	1.37972
100	127	1.31949
100	131	0.488184
100	135	1.4066
100	139	0.479495
100	151	0.496852
100	152	1.34967
100	154	1.36968
100	160	1.33969
100	163	0.491727
100	165	0.46177
100	169	0.484494
100	170	1.35363
100	172	1.3712
100	175	0.471662
100	178	0.489206
100	180	0.485223
101	1	1.38379
101	4	1.39057
101	18	1.49989
101	39	1.41687
101	51	1.28161
101	63	1.30542
101	74	0.512515
101	82	1.25137
101	84	1.30196
101	102	1.2803
101	106	0.510155
101	110	1.30538
101	112	1.35538
101	115	1.35538
101	119	1.46751
101	126	0.499702
101	127	0.518556
101	130	0.4459
101	138	0.481176
101	154	1.34904
101	156	0.480889
101	157	1.30793
101	159	1.34757
101	171	0.478939
101	173	0.491161
101	178	0.498823
101	180	0.49484
102	24	1.2603
102	35	0.599887
102	40	0.516056
102	41	0.442894
102	55	1.29127
102	57	1.05246
102	70	1.27064
102	79	0.543021
102	95	0.583993
102	101	1.2803
102	105	0.535077
102	110	1.24724
102	112	1.29724
102	114	0.531305
102	115	1.29724
102	121	0.572134
102	133	0.546702
102	135	0.522181
102	136	1.34366
102	151	1.27325
102	154	1.2909
102	168	1.25976
102	172	1.29242
102	175	1.29077
102	178	1.29101
102	179	1.29159
102	180	1.26994
103	26	1.3145
103	41	1.35861
103	49	1.3
103	50	1.29974
103	56	0.456569
103	80	1.38358
103	88	1.40111
103	95	1.32639
103	97	1.32639
103	100	1.37972
103	127	1.31949
103	134	0.502661
103	135	1.4066
103	140	0.505082
103	142	0.48985
103	148	0.46591
103	152	1.34967
103	154	1.36968
103	156	0.487437
103	160	1.33969
103	161	0.512099
103	167	0.507263
103	170	1.35363
103	172	1.3712
103	175	0.487827
103	176	0.511115
103	179	0.487201
104	9	1.40358
104	14	1.33644
104	48	1.45551
104	74	1.36126
104	92	1.34693
104	94	0.566182
104	96	1.31094
104	98	1.41059
104	107	1.32433
104	109	1.33081
104	113	1.29538
104	116	1.34228
104	117	1.34242
104	121	1.31035
104	122	0.502876
104	123	1.35479
104	130	0.454229
104	139	0.497441
104	147	0.514784
104	161	1.32646
104	165	0.479716
104	170	1.34794
104	171	0.487268
104	173	0.49949
104	177	0.414625
104	178	0.507152
104	179	0.488981
105	2	1.36829
105	5	1.3887
105	11	1.38405
105	27	0.497125
105	72	1.33594
105	75	1.29937
105	81	0.552482
105	83	1.30381
105	86	1.32069
105	89	1.37036
105	93	1.3319
105	102	0.535077
105	108	1.33325
105	118	1.38639
105	119	1.47187
105	125	0.473365
105	127	1.30321
105	139	1.32551
105	141	0.485302
105	156	0.465491
105	157	0.495543
105	158	0.475308
105	160	1.32341
105	167	0.485318
105	171	1.35324
105	175	0.465881
105	180	0.479443
106	31	0.539053
106	72	0.510262
106	75	0.535567
106	80	0.507473
106	85	0.46066
106	101	0.510155
106	109	0.535394
106	111	0.503107
106	118	0.492349
106	119	0.468097
106	121	0.531815
106	126	1.30147
106	131	1.2859
106	148	1.35684
106	157	1.28497
106	161	1.28854
106	164	1.32578
106	165	1.32942
106	168	1.29495
106	169	1.31309
106	173	1.32995
106	174	1.3273
106	175	1.32596
106	176	1.31445
106	177	1.3633
106	178	1.32619
106	179	1.32677
106	180	1.30513
107	9	1.35955
107	33	1.3959
107	48	1.41148
107	56	0.468748
107	74	1.31724
107	92	1.30291
107	96	1.26691
107	98	1.36656
107	104	1.32433
107	109	1.28679
107	110	0.530418
107	113	1.25135
107	116	1.29826
107	117	1.2984
107	121	1.26632
107	123	1.31076
107	135	1.3569
107	138	0.499903
107	147	0.525182
107	151	0.525196
107	156	0.499616
107	161	1.28243
107	162	0.524172
107	165	0.490114
107	167	0.519442
107	170	1.30392
107	173	0.509888
107	178	0.51755
108	14	0.534877
108	19	1.29522
108	26	0.534673
108	32	1.22187
108	33	0.464
108	67	1.255
108	68	0.504719
108	75	1.28546
108	86	1.30678
108	90	0.489666
108	92	0.516907
108	93	1.31799
108	97	0.536769
108	98	0.489766
108	99	0.536195
108	105	1.33325
108	114	0.480217
108	136	1.39226
108	154	0.509596
108	156	1.35325
108	159	1.33802
108	168	1.30835
108	169	1.3265
108	171	1.33933
108	174	1.34071
108	176	1.32786
108	178	1.3396
108	180	1.31854
109	3	1.36579
109	4	0.499436
109	14	1.2989
109	21	0.550904
109	48	1.41796
109	59	0.508008
109	74	1.32372
109	92	1.30939
109	96	1.27339
109	98	1.37305
109	104	1.33081
109	106	0.535394
109	107	1.28679
109	113	1.25784
109	116	1.30474
109	117	1.30488
109	121	1.2728
109	123	1.31725
109	128	0.52144
109	131	0.52304
109	135	1.36338
109	148	0.4846
109	151	0.531708
109	161	1.28891
109	170	1.3104
109	173	0.5164
109	175	0.506517
109	177	0.431535
110	1	1.35073
110	4	1.3575
110	18	1.46682
110	39	1.38381
110	51	1.24855
110	63	1.27236
110	82	1.21831
110	84	1.26889
110	101	1.30538
110	102	1.24724
110	107	0.530418
110	112	1.32232
110	115	1.32232
110	119	1.43445
110	139	0.508172
110	144	0.471292
110	152	1.29597
110	154	1.31598
110	157	1.27487
110	159	1.31451
110	161	0.524611
110	166	0.533458
110	167	0.519775
110	169	0.513172
110	171	0.497999
110	175	0.500339
110	179	0.499713
110	180	0.513901
111	29	1.33334
111	36	0.554081
111	46	1.35737
111	56	0.442972
111	64	1.33678
111	79	1.38132
111	87	1.39473
111	99	1.32968
111	106	0.503107
111	114	1.39487
111	119	1.49442
111	120	1.33139
111	122	1.32904
111	124	1.38201
111	126	0.492654
111	129	1.31729
111	130	0.438852
111	132	1.33376
111	133	1.37186
111	137	0.466759
111	141	0.493651
111	149	1.33599
111	151	0.499421
111	158	0.483658
111	162	0.498397
111	165	0.464339
111	169	1.36296
111	177	1.41318
111	179	0.473604
112	1	1.40073
112	4	1.4075
112	18	1.51682
112	39	1.43381
112	51	1.29855
112	63	1.32236
112	82	1.26831
112	84	1.31889
112	101	1.35538
112	102	1.29724
112	110	1.32232
112	115	1.37232
112	119	1.48445
112	121	0.502152
112	131	0.485662
112	134	0.483974
112	140	0.486394
112	144	0.440093
112	152	1.34597
112	153	0.481056
112	154	1.36598
112	157	1.32487
112	158	0.478567
112	159	1.36451
112	160	0.507487
112	163	0.489205
112	166	0.502259
112	171	0.4668
112	178	0.486684
113	3	1.33036
113	14	1.26346
113	33	1.36695
113	48	1.38253
113	74	1.28829
113	92	1.27396
113	96	1.23796
113	98	1.33761
113	104	1.29538
113	107	1.25135
113	109	1.25784
113	116	1.2693
113	117	1.26945
113	121	1.23737
113	123	1.28181
113	126	0.535707
113	135	1.32794
113	139	0.525117
113	141	0.536704
113	151	0.542474
113	158	0.526711
113	161	1.25348
113	164	0.500401
113	165	0.507392
113	168	0.557322
113	169	0.530117
113	170	1.27497
113	175	0.517284
113	178	0.534828
114	46	1.35997
114	64	1.33938
114	68	1.36584
114	79	1.38392
114	81	0.548709
114	87	1.39732
114	99	1.33228
114	102	0.531305
114	108	0.480217
114	111	1.39487
114	118	1.41155
114	120	1.33398
114	124	1.38461
114	128	0.477032
114	129	1.31989
114	132	1.33636
114	133	1.37446
114	137	0.454638
114	138	0.462006
114	142	0.464132
114	147	0.487286
114	161	1.34101
114	163	1.3432
114	169	1.36556
114	170	0.479123
114	175	0.462109
114	176	0.485397
114	177	1.41578
114	178	0.479653
115	1	1.40073
115	4	1.4075
115	18	1.51682
115	39	1.43381
115	51	1.29855
115	56	0.449405
115	63	1.32236
115	82	1.26831
115	84	1.31889
115	101	1.35538
115	102	1.29724
115	110	1.32232
115	112	1.37232
115	119	1.48445
115	126	0.499087
115	131	0.497186
115	138	0.480561
115	146	0.471537
115	150	0.511863
115	152	1.34597
115	154	1.36598
115	157	1.32487
115	159	1.36451
115	163	0.500729
115	164	0.46378
115	165	0.470772
115	167	0.5001
115	173	0.490546
115	174	0.478585
116	3	1.37726
116	9	1.3775
116	14	1.31037
116	27	0.532687
116	33	1.41385
116	48	1.42943
116	74	1.33519
116	85	0.4633
116	92	1.32086
116	96	1.28486
116	98	1.38451
116	104	1.34228
116	107	1.29826
116	109	1.30474
116	113	1.2693
116	117	1.31635
116	121	1.28427
116	123	1.32872
116	128	0.516367
116	130	0.466065
116	134	0.516278
116	141	0.520864
116	142	0.503467
116	150	0.532643
116	161	1.30038
116	170	1.32187
116	177	0.426461
116	178	0.518988
116	179	0.500818
116	180	0.515006
117	9	1.37764
117	14	1.31051
117	15	0.51011
117	33	1.414
117	48	1.42957
117	74	1.33533
117	78	0.53191
117	92	1.321
117	96	1.285
117	98	1.38466
117	104	1.34242
117	107	1.2984
117	109	1.30488
117	113	1.26945
117	116	1.31635
117	121	1.28441
117	123	1.32886
117	134	0.504649
117	135	1.37499
117	140	0.507069
117	145	0.46844
117	147	0.514991
117	148	0.467897
117	156	0.489425
117	157	0.519476
117	161	1.30052
117	163	0.50988
117	170	1.32201
117	173	0.499697
117	179	0.489188
118	12	1.23069
118	60	1.50001
118	72	1.37518
118	73	1.38376
118	78	1.34177
118	83	1.34304
118	86	1.35992
118	87	1.4114
118	88	0.469938
118	89	1.40959
118	105	1.38639
118	106	0.492349
118	114	1.41155
118	129	1.33397
118	132	1.35044
118	133	1.38854
118	151	0.488662
118	153	0.475388
118	156	0.463082
118	162	0.487638
118	163	1.35728
118	164	0.446589
118	167	0.482908
118	168	0.50351
118	171	1.39247
118	172	1.39415
118	173	0.473354
118	176	0.48676
118	177	1.42985
118	178	0.481016
118	179	0.462846
119	2	1.493
119	13	0.418503
119	53	0.420951
119	56	0.407962
119	59	0.440711
119	82	1.38044
119	83	1.42852
119	84	1.43102
119	89	1.49506
119	93	1.45661
119	101	1.46751
119	105	1.47187
119	106	0.468097
119	110	1.43445
119	111	1.49442
119	112	1.48445
119	115	1.48445
119	120	1.43354
119	126	0.457643
119	129	1.41944
119	132	1.43591
119	133	1.47401
119	137	0.431749
119	147	0.464396
119	158	0.448647
119	162	0.463386
119	173	0.449102
119	175	0.43922
119	176	0.462508
119	177	1.51533
119	179	0.438594
120	13	0.491866
120	27	0.543827
120	29	1.27246
120	46	1.29648
120	64	1.2759
120	68	1.30235
120	79	1.32043
120	99	1.26879
120	111	1.33139
120	114	1.33398
120	119	1.43354
120	124	1.32112
120	126	0.531007
120	129	1.2564
120	132	1.27288
120	133	1.31097
120	139	0.520417
120	142	0.514607
120	145	0.491209
120	146	0.503457
120	148	0.490666
120	149	1.2751
120	161	1.27753
120	162	0.53675
120	163	1.27972
120	168	0.552621
120	169	1.30208
120	171	0.510244
120	172	1.31659
120	177	1.35229
120	180	0.526145
121	3	1.34533
121	9	1.34557
121	14	1.27843
121	33	1.38192
121	48	1.3975
121	59	0.504429
121	74	1.30325
121	92	1.28892
121	96	1.25292
121	98	1.35258
121	102	0.572134
121	104	1.31035
121	106	0.531815
121	107	1.26632
121	109	1.2728
121	112	0.502152
121	113	1.23737
121	116	1.28427
121	117	1.28441
121	123	1.29678
121	126	0.521362
121	135	1.34291
121	138	0.502836
121	139	0.510772
121	161	1.26845
121	163	0.523004
121	164	0.486055
121	167	0.522375
121	170	1.28993
121	173	0.512821
121	178	0.520482
122	14	0.530037
122	23	1.29744
122	42	0.512806
122	48	0.455292
122	49	0.55457
122	63	0.545432
122	68	1.3
122	69	0.515007
122	78	1.26186
122	82	0.556945
122	86	0.502434
122	88	0.489661
122	95	0.528065
122	104	0.502876
122	111	1.32904
122	124	1.31877
122	132	1.27053
122	133	1.30862
122	135	1.34964
122	149	1.27275
122	152	0.505816
122	155	1.26451
122	165	1.31606
122	169	1.29973
122	173	1.31658
122	174	1.31394
122	175	1.31259
122	177	1.34994
122	178	1.31283
122	179	1.31341
122	180	1.29176
123	3	1.38977
123	9	1.39001
123	14	1.32287
123	33	1.42636
123	44	0.496438
123	48	1.44194
123	74	1.3477
123	81	0.569956
123	92	1.33337
123	96	1.29737
123	98	1.39702
123	104	1.35479
123	107	1.31076
123	109	1.31725
123	113	1.28181
123	116	1.32872
123	117	1.32886
123	121	1.29678
123	130	0.447976
123	135	1.38736
123	139	0.491189
123	150	0.514555
123	151	0.508546
123	153	0.495271
123	156	0.482965
123	161	1.31289
123	168	0.523393
123	170	1.33438
123	173	0.493238
123	174	0.481277
123	177	0.408372
123	178	0.500899
124	29	1.32308
124	46	1.34711
124	64	1.32652
124	68	1.35298
124	79	1.37106
124	87	1.38446
124	93	0.516985
124	99	1.31942
124	111	1.38201
124	114	1.38461
124	120	1.32112
124	122	1.31877
124	129	1.30703
124	132	1.3235
124	133	1.3616
124	140	0.502142
124	144	0.455841
124	145	0.463513
124	147	0.510064
124	148	0.462971
124	149	1.32573
124	150	0.516087
124	153	0.496804
124	158	0.494315
124	161	1.32815
124	164	0.468005
124	166	0.518007
124	169	1.3527
124	172	1.36721
124	176	0.508176
124	177	1.40292
124	178	0.502432
125	12	0.601188
125	28	0.514893
125	46	0.48525
125	54	0.535766
125	64	0.516954
125	74	0.508646
125	92	0.506282
125	93	0.509507
125	98	0.479141
125	105	0.473365
125	126	1.30502
125	135	0.460469
125	141	1.31592
125	142	1.31222
125	144	1.34957
125	147	1.29716
125	153	1.31091
125	156	1.34339
125	160	0.515757
125	162	1.31337
125	165	1.33297
125	166	1.31945
125	167	1.30733
125	168	1.2985
125	170	1.31358
125	172	0.489184
125	173	1.3335
125	174	1.33086
125	175	1.32951
125	176	1.318
125	178	1.32974
125	179	1.33032
125	180	1.30868
126	44	0.501433
126	59	1.34256
126	74	0.519586
126	83	0.527588
126	101	0.499702
126	106	1.30147
126	111	0.492654
126	113	0.535707
126	115	0.499087
126	119	0.457643
126	120	0.531007
126	121	0.521362
126	125	1.30502
126	142	1.31761
126	143	1.31539
126	147	1.30255
126	150	1.29173
126	151	1.31737
126	152	0.510971
126	159	0.499942
126	161	1.29748
126	162	1.31876
126	164	1.33472
126	165	1.33836
126	166	1.32484
126	167	1.31271
126	172	0.500125
126	174	1.33624
126	175	1.3349
126	176	1.32339
126	178	1.33513
126	179	1.33571
126	180	1.31407
127	10	0.503836
127	18	0.463528
127	34	0.601178
127	39	0.420327
127	42	0.536816
127	50	1.23951
127	52	0.569056
127	64	0.546749
127	66	0.501734
127	75	1.25542
127	80	1.32335
127	86	1.27674
127	89	1.32641
127	93	1.28795
127	95	1.26616
127	97	1.26616
127	100	1.31949
127	101	0.518556
127	103	1.31949
127	105	1.30321
127	132	0.548824
127	133	0.514784
127	149	0.551197
127	159	0.518796
127	160	1.27947
127	165	1.31279
127	167	1.28714
127	171	1.30929
127	172	1.31097
127	174	1.31067
127	175	1.30932
127	176	1.29782
127	179	1.31014
127	180	1.2885
128	4	0.477768
128	5	0.261257
128	22	1.33722
128	38	1.2184
128	40	0.461783
128	45	1.38617
128	54	1.28464
128	62	1.33336
128	65	1.40737
128	69	1.35308
128	71	1.33263
128	76	1.41188
128	77	0.473325
128	85	1.42162
128	89	0.497651
128	90	1.37893
128	91	1.37893
128	92	0.513722
128	93	0.516947
128	99	0.53301
128	109	0.52144
128	114	0.477032
128	116	0.516367
128	132	0.52647
128	157	1.33688
128	160	0.523196
128	164	1.37768
128	172	0.496624
128	173	1.38185
128	174	1.37921
128	176	1.36636
128	178	1.3781
128	179	1.37868
128	180	1.35703
129	29	1.25836
129	46	1.28239
129	64	1.2618
129	68	1.28826
129	79	1.30634
129	87	1.31974
129	99	1.2547
129	111	1.31729
129	114	1.31989
129	118	1.33397
129	119	1.41944
129	120	1.2564
129	124	1.30703
129	132	1.25878
129	133	1.29688
129	137	0.509013
129	141	0.535904
129	145	0.49511
129	146	0.507358
129	149	1.26101
129	150	0.547684
129	152	0.539105
129	153	0.5284
129	161	1.26343
129	163	1.26562
129	169	1.28798
129	170	0.533498
129	171	0.514144
129	172	1.30249
129	174	0.514406
129	176	0.539772
129	177	1.3382
129	178	0.534028
129	179	0.515858
130	7	0.448696
130	10	0.43118
130	19	1.37829
130	32	1.30494
130	34	0.528522
130	38	1.26298
130	50	0.497414
130	54	1.32921
130	58	1.44551
130	63	0.496785
130	66	1.46357
130	67	1.33807
130	85	1.4662
130	90	1.4235
130	91	1.4235
130	99	0.482708
130	101	0.4459
130	104	0.454229
130	111	0.438852
130	116	0.466065
130	123	0.447976
130	132	0.476168
130	136	1.47533
130	149	0.478541
130	154	0.456109
130	155	1.37436
130	167	1.40026
130	169	1.40957
130	172	0.446322
130	174	1.42379
130	175	1.42244
130	176	1.41093
130	178	1.42268
130	179	1.42325
130	180	1.40161
131	12	0.610228
131	29	0.532405
131	61	0.521491
