1	55	0.895842
1	60	0.966472
1	62	0.967106
1	84	0.977409
1	117	0.913519
1	123	1.60531
1	125	1.32148
1	127	0.935934
1	130	0.99605
1	132	1.19671
1	175	0.929827
1	178	0.796777
2	3	0.996765
2	8	0.878918
2	9	0.872587
2	39	0.917605
2	55	0.896398
2	60	0.967027
2	62	0.967661
2	118	1.18597
2	122	0.988613
2	166	1.39522
2	170	1.58512
2	175	0.930382
3	2	0.996765
3	8	0.993003
3	11	1.15798
3	39	1.03169
3	55	1.01048
3	60	1.08111
3	62	1.08175
3	77	0.964147
3	132	0.815746
3	144	1.40589
3	146	1.08573
3	175	1.04447
4	6	1.09447
4	40	1.02088
4	46	1.02073
4	48	0.989752
4	58	1.0604
4	59	1.06105
4	61	1.06159
4	133	1.47312
4	146	0.716175
4	150	1.08081
4	173	0.885374
4	180	1.31072
5	16	0.98199
5	21	1.07946
5	26	1.08124
5	28	1.06408
5	37	1.02661
5	38	1.03941
5	43	1.04368
5	57	0.948149
5	122	1.10704
5	165	1.00728
5	169	1.14342
5	171	1.27473
6	4	1.09447
6	25	1.05785
6	45	1.01537
6	48	0.98394
6	58	1.05458
6	59	1.05524
6	61	1.05578
6	116	0.781566
6	150	1.07499
6	168	1.28539
6	175	0.941762
6	176	1.37397
7	15	0.993356
7	32	0.85142
7	47	0.8828
7	52	0.985977
7	64	0.92685
7	66	1.08838
7	67	0.927464
7	69	0.928092
7	70	0.928642
7	126	1.09418
7	140	0.979028
7	177	1.89724
8	2	0.878918
8	3	0.993003
8	9	0.868825
8	39	0.913843
8	55	0.892636
8	60	0.963265
8	62	0.963899
8	87	1.31753
8	122	0.984851
8	159	1.37578
8	162	1.46053
8	175	0.92662
9	2	0.872587
9	8	0.868825
9	11	1.0338
9	39	0.907512
9	55	0.886305
9	60	0.956934
9	62	0.957568
9	113	1.29915
9	122	0.97852
9	132	1.26567
9	138	1.55042
9	175	0.920289
10	96	1.09015
10	123	0.986328
10	140	1.02037
10	144	0.92367
10	146	1.03955
10	155	0.918767
10	160	0.963235
10	171	0.90846
10	176	0.909111
10	178	0.859002
10	179	0.962982
10	180	0.889931
11	3	1.15798
11	9	1.0338
11	39	1.07882
11	55	1.05761
11	60	1.12824
11	62	1.12887
11	105	0.553609
11	155	1.28909
11	165	0.92215
11	175	1.09159
11	180	1.31838
12	16	0.989709
12	21	1.08718
12	28	1.0718
12	34	0.971723
12	37	1.03433
12	38	1.04713
12	99	1.09541
12	122	1.11476
12	157	0.912631
12	168	1.13596
12	179	0.939569
12	180	1.40806
13	40	1.02899
13	45	1.0293
13	46	1.02885
13	48	0.99787
13	58	1.06852
13	59	1.06917
13	61	1.06971
13	146	0.921657
13	150	1.08892
13	173	1.09086
13	176	1.33267
13	179	1.0477
14	90	1.06865
14	134	0.77125
14	144	1.0969
14	148	1.01021
14	149	1.04098
14	152	1.06096
14	156	1.08615
14	158	1.0626
14	160	1.08857
14	169	0.966837
14	170	0.865405
14	178	1.60994
15	7	0.993356
15	42	1.03201
15	47	1.01272
15	52	1.1159
15	64	1.05677
15	67	1.05739
15	69	1.05801
15	70	1.05856
15	118	0.700999
15	135	0.881965
15	164	1.35222
15	176	1.4225
16	5	0.98199
16	12	0.989709
16	21	0.941915
16	26	0.943686
16	34	0.826454
16	38	0.901856
16	43	0.90613
16	99	0.950137
16	122	0.969493
16	157	1.56308
16	162	1.35573
16	163	1.25586
17	24	1.08536
17	65	1.04935
17	78	1.05534
17	102	1.04087
17	133	0.936209
17	141	1.10073
17	145	1.22328
17	157	0.796194
17	163	1.11336
17	176	1.1081
17	177	1.24516
17	179	1.03277
18	23	0.93843
18	49	0.870364
18	51	0.893531
18	82	0.884903
18	85	0.963212
18	86	0.942388
18	88	0.941583
18	89	0.942848
18	91	0.919808
18	100	0.969802
18	118	1.04806
18	178	2.19175
19	45	1.15432
19	115	1.00141
19	122	1.07336
19	131	0.848753
19	143	0.990463
19	145	0.885379
19	152	1.11095
19	172	0.92185
19	173	0.92671
19	174	0.929692
19	176	0.878969
19	177	0.852343
19	180	0.859789
20	32	0.947413
20	42	0.998079
20	44	1.00944
20	47	0.978793
20	64	1.02284
20	67	1.02346
20	68	0.838107
20	69	1.02409
20	70	1.02463
20	140	1.07502
20	154	1.06085
20	167	1.13173
20	180	1.62931
21	5	1.07946
21	12	1.08718
21	16	0.941915
21	28	1.02401
21	34	0.923929
21	37	0.986539
21	38	0.999331
21	43	1.0036
21	99	1.04761
21	101	1.16001
21	105	1.04614
21	166	1.11515
21	179	1.34242
22	35	1.05039
22	87	0.799424
22	94	1.0092
22	101	0.9943
22	103	0.987905
22	108	1.03529
22	120	0.994303
22	127	1.02173
22	130	1.08185
22	150	1.05725
22	151	1.25227
22	177	1.59874
22	178	0.882575
23	18	0.93843
23	82	0.966263
23	85	1.04457
23	86	1.02375
23	88	1.02294
23	89	1.02421
23	91	1.00117
23	100	1.05116
23	126	0.910635
23	128	1.01599
23	143	1.08802
23	161	1.25412
23	165	1.36393
24	17	1.08536
24	65	0.989121
24	78	0.995109
24	83	0.967674
24	99	1.07978
24	102	0.980634
24	128	1.01867
24	132	0.889295
24	141	1.0405
24	144	1.47944
24	163	1.05313
24	175	1.13809
24	179	0.972538
25	6	1.05785
25	40	0.984262
25	45	0.984564
25	46	0.984114
25	48	0.953138
25	58	1.02378
25	59	1.02444
25	61	1.02498
25	150	1.04419
25	163	0.891441
25	165	1.29787
25	170	1.18823
25	172	1.29216
26	5	1.08124
26	16	0.943686
26	28	1.02578
26	34	0.9257
26	37	0.98831
26	38	1.0011
26	43	1.00538
26	93	1.55644
26	99	1.04938
26	122	1.06874
26	162	1.00618
26	166	1.0132
26	175	1.09324
27	53	1.00651
27	78	0.912449
27	83	0.885015
27	93	0.851181
27	102	0.897975
27	128	0.936006
27	133	0.793318
27	141	0.957838
27	163	0.970473
27	168	1.59532
27	172	1.46548
27	173	1.44207
27	179	0.889879
28	5	1.06408
28	12	1.0718
28	21	1.02401
28	26	1.02578
28	34	0.908547
28	37	0.971157
28	38	0.983949
28	43	0.988223
28	74	0.924357
28	122	1.05159
28	126	0.838998
28	137	1.17731
28	177	1.64206
29	109	1.0314
29	133	1.58281
29	148	0.9692
29	149	0.999972
29	152	1.01995
29	153	1.01953
29	156	1.04514
29	158	1.02159
29	160	1.04756
29	166	0.724638
29	168	1.14831
29	169	0.925829
29	176	1.23688
30	81	1.06306
30	95	1.08538
30	103	0.985528
30	108	1.03291
30	117	0.996939
30	120	0.991926
30	123	1.20427
30	127	1.01935
30	140	1.07152
30	154	1.09173
30	166	0.964422
30	169	1.40009
30	178	0.880197
31	106	0.970581
31	112	0.973391
31	115	1.14197
31	119	1.05536
31	143	1.1678
31	149	0.997205
31	152	1.01719
31	153	1.01676
31	156	1.04237
31	158	1.01882
31	160	1.04479
31	169	0.923062
31	179	1.37145
32	7	0.85142
32	20	0.947413
32	42	0.890071
32	44	0.901428
32	47	0.870785
32	64	0.914835
32	67	0.915449
32	69	0.916078
32	70	0.916627
32	131	1.7821
32	140	0.967014
32	167	1.34986
32	174	1.36085
33	49	1.10148
33	51	0.870991
33	73	0.903411
33	82	0.862363
33	85	0.940671
33	86	0.919847
33	88	0.919042
33	89	0.920308
33	91	0.897267
33	100	0.947262
33	124	1.6155
33	128	0.912094
33	161	1.67815
34	12	0.971723
34	16	0.826454
34	21	0.923929
34	26	0.9257
34	28	0.908547
34	37	0.871078
34	38	0.88387
34	43	0.888144
34	93	1.64114
34	99	0.932151
34	122	0.951507
34	169	1.53357
34	179	1.32517
35	22	1.05039
35	84	1.06044
35	94	1.00643
35	110	1.03062
35	117	0.996546
35	120	0.991532
35	124	1.05569
35	127	1.01896
35	130	1.07908
35	165	1.22815
35	172	1.22245
35	178	0.879803
35	179	1.15589
36	80	0.955517
36	98	1.03597
36	124	1.0371
36	136	0.985774
36	148	0.926663
36	149	0.957435
36	151	1.21286
36	152	0.977418
36	153	0.976993
36	156	1.0026
36	158	0.979053
36	160	1.00502
36	167	1.10821
36	180	1.60579
37	5	1.02661
37	12	1.03433
37	21	0.986539
37	26	0.98831
37	28	0.971157
37	34	0.871078
37	38	0.94648
37	43	0.950754
37	99	0.994762
37	122	1.01412
37	164	1.18014
37	169	1.17384
37	174	0.947342
37	178	1.67261
38	5	1.03941
38	12	1.04713
38	16	0.901856
38	21	0.999331
38	26	1.0011
38	28	0.983949
38	34	0.88387
38	37	0.94648
38	43	0.963546
38	74	1.07734
38	122	1.02691
38	126	0.991979
38	134	1.24148
38	144	1.56713
39	2	0.917605
39	3	1.03169
39	8	0.913843
39	9	0.907512
39	11	1.07882
39	55	0.931323
39	60	1.00195
39	62	1.00259
39	75	1.71493
39	122	1.02354
39	155	1.3958
39	167	0.927501
39	175	0.965307
39	179	0.956591
40	4	1.02088
40	13	1.02899
40	25	0.984262
40	45	0.941773
40	46	0.941323
40	48	0.910348
40	58	0.980993
40	59	0.981646
40	61	0.982188
40	113	0.822477
40	150	1.0014
40	154	1.08505
40	169	1.39342
40	180	1.65352
41	51	0.947884
41	57	0.946806
41	73	0.980305
41	82	0.939256
41	86	0.99674
41	88	0.995935
41	89	0.997201
41	91	0.974161
41	100	1.02415
41	112	1.02572
41	128	0.988987
41	135	1.16822
41	159	1.10474
41	169	1.63218
42	15	1.03201
42	20	0.998079
42	32	0.890071
42	44	0.952094
42	52	1.02463
42	64	0.965501
42	67	0.966115
42	69	0.966743
42	70	0.967293
42	131	1.46698
42	140	1.01768
42	151	1.1394
42	157	1.0369
42	176	1.3488
43	5	1.04368
43	16	0.90613
43	21	1.0036
43	26	1.00538
43	28	0.988223
43	34	0.888144
43	37	0.950754
43	38	0.963546
43	99	1.01183
43	122	1.03118
43	167	1.19101
43	168	1.41649
43	170	1.18272
43	174	1.20199
44	20	1.00944
44	32	0.901428
44	42	0.952094
44	47	0.932808
44	52	1.03599
44	64	0.976858
44	67	0.977472
44	69	0.9781
44	70	0.97865
44	113	1.09057
44	116	1.14569
44	140	1.02904
44	166	1.22584
44	173	1.49627
45	6	1.01537
45	13	1.0293
45	19	1.15432
45	25	0.984564
45	40	0.941773
45	46	0.941624
45	48	0.910649
45	58	0.981294
45	59	0.981947
45	61	0.982489
45	132	0.797184
45	150	1.0017
45	159	0.874174
45	178	1.90038
46	4	1.02073
46	13	1.02885
46	25	0.984114
46	40	0.941323
46	45	0.941624
46	48	0.910199
46	58	0.980844
46	59	0.981497
46	61	0.982039
46	68	1.07637
46	138	1.2878
46	139	1.20098
46	150	1.00125
46	161	1.36153
47	7	0.8828
47	15	1.01272
47	20	0.978793
47	32	0.870785
47	44	0.932808
47	52	1.00534
47	64	0.946215
47	67	0.946829
47	69	0.947457
47	70	0.948007
47	107	0.958384
47	133	1.79086
47	140	0.998393
47	164	1.37465
47	174	1.14186
48	4	0.989752
48	6	0.98394
48	13	0.99787
48	25	0.953138
48	40	0.910348
48	45	0.910649
48	46	0.910199
48	58	0.949869
48	59	0.950522
48	61	0.951064
48	124	1.48119
48	126	1.20035
48	150	0.970278
48	159	1.26234
48	163	1.24722
49	18	0.870364
49	33	1.10148
49	53	0.741803
49	54	1.02261
49	95	0.588058
49	120	0.724249
49	125	1.10519
49	161	1.08632
49	165	1.06378
49	167	1.08178
49	172	1.06021
49	174	1.06805
49	176	1.01733
49	177	0.990706
49	180	0.998152
50	53	1.13865
50	63	1.05589
50	65	1.0386
50	83	1.01716
50	102	1.03012
50	115	0.864778
50	118	0.657732
50	133	0.92546
50	141	1.08998
50	143	1.07964
50	163	1.10261
50	171	1.43397
50	173	1.13741
50	176	1.37923
50	179	1.02202
51	18	0.893531
51	33	0.870991
51	41	0.947884
51	73	0.962412
51	82	0.921364
51	85	0.999672
51	86	0.978848
51	88	0.978043
51	89	0.979308
51	91	0.956268
51	100	1.00626
51	135	1.10775
51	143	1.15966
51	174	1.34521
51	176	1.64828
52	7	0.985977
52	15	1.1159
52	42	1.02463
52	44	1.03599
52	47	1.00534
52	64	1.04939
52	67	1.05001
52	69	1.05064
52	70	1.05118
52	104	1.15653
52	139	1.0985
52	140	1.10157
52	147	1.14258
52	162	1.0623
52	163	0.96243
53	27	1.00651
53	49	0.741803
53	50	1.13865
53	65	1.05316
53	78	1.05915
53	83	1.03171
53	102	1.04467
53	111	0.993694
53	113	0.993481
53	128	1.0827
53	133	0.940016
53	139	1.15793
53	163	1.11717
53	174	1.33793
53	179	1.03658
54	49	1.02261
54	81	1.29933
54	112	0.965607
54	141	1.31065
54	147	0.912409
54	153	1.29968
54	154	0.907583
54	155	0.827133
54	164	0.838127
54	170	0.865016
54	171	0.816825
54	174	0.8682
54	177	0.790851
54	179	0.871347
54	180	0.798297
55	1	0.895842
55	2	0.896398
55	3	1.01048
55	8	0.892636
55	9	0.886305
55	11	1.05761
55	39	0.931323
55	60	0.980745
55	62	0.981379
55	112	1.097
55	118	1.05853
55	122	1.00233
55	163	1.16089
55	175	0.9441
55	177	1.91708
56	91	0.990193
56	102	1.20183
56	111	1.05177
56	131	0.876685
56	136	0.941034
56	138	0.962531
56	156	0.94418
56	161	0.975885
56	164	0.927551
56	165	0.953347
56	170	0.95444
56	173	0.954642
56	176	0.9069
56	177	0.880275
56	178	0.856791
56	180	0.887721
57	5	0.948149
57	41	0.946806
57	79	1.01884
57	86	0.97777
57	88	0.976965
57	89	0.978231
57	91	0.95519
57	100	1.00518
57	106	1.10676
57	136	1.15099
57	145	0.87643
57	171	0.869368
57	174	0.920743
57	175	0.95296
57	176	0.87002
57	180	0.85084
58	4	1.0604
58	6	1.05458
58	13	1.06852
58	25	1.02378
58	40	0.980993
58	45	0.981294
58	46	0.980844
58	48	0.949869
58	59	1.02117
58	61	1.02171
58	99	0.997438
58	150	1.04092
58	163	0.868815
58	165	1.27524
58	169	1.41138
58	179	1.20298
59	4	1.06105
59	6	1.05524
59	13	1.06917
59	25	1.02444
59	40	0.981646
59	45	0.981947
59	46	0.981497
59	48	0.950522
59	58	1.02117
59	61	1.02236
59	123	0.91654
59	138	0.792691
59	144	1.09809
59	145	1.30411
59	150	1.04158
59	178	1.61113
60	1	0.966472
60	2	0.967027
60	3	1.08111
60	8	0.963265
60	9	0.956934
60	11	1.12824
60	39	1.00195
60	55	0.980745
60	62	1.05201
60	122	1.07296
60	151	1.13558
60	163	0.725851
60	173	1.10317
60	174	1.04191
60	175	1.01473
60	178	1.76718
61	4	1.06159
61	6	1.05578
61	13	1.06971
61	25	1.02498
61	40	0.982188
61	45	0.982489
61	46	0.982039
61	48	0.951064
61	58	1.02171
61	59	1.02236
61	92	0.809424
61	147	1.07991
61	150	1.04212
61	164	1.44862
61	172	1.30048
61	175	1.08669
62	1	0.967106
62	2	0.967661
62	3	1.08175
62	8	0.963899
62	9	0.957568
62	11	1.12887
62	39	1.00259
62	55	0.981379
62	60	1.05201
62	122	1.07359
62	135	0.926274
62	142	1.19897
62	157	1.1549
62	163	0.847673
62	175	1.01536
62	177	1.60386
63	50	1.05589
63	83	0.948949
63	102	0.961909
63	124	1.00238
63	129	1.35988
63	143	1.01144
63	146	0.976534
63	148	0.938102
63	149	0.968875
63	152	0.988857
63	156	1.01404
63	158	0.990492
63	160	1.01646
63	163	1.03441
63	168	1.29898
63	171	1.44229
63	179	0.953813
64	7	0.92685
64	15	1.05677
64	20	1.02284
64	32	0.914835
64	42	0.965501
64	44	0.976858
64	47	0.946215
64	52	1.04939
64	67	0.990879
64	69	0.991508
64	70	0.992057
64	77	1.15157
64	92	0.974702
64	140	1.04244
64	147	1.24519
64	170	1.36183
64	175	1.25197
65	17	1.04935
65	24	0.989121
65	50	1.0386
65	53	1.05316
65	78	0.959097
65	83	0.931662
65	102	0.944622
65	128	0.982654
65	129	1.37178
65	141	1.00449
65	143	0.99415
65	163	1.01712
65	170	1.0771
65	173	1.15763
65	174	1.09637
65	176	1.39945
65	179	0.936526
66	7	1.08838
66	95	0.815451
66	120	0.951642
66	129	0.978776
66	132	1.1077
66	133	0.909379
66	154	1.04218
66	156	0.754173
66	160	0.792629
66	166	1.05665
66	168	0.975547
66	170	0.999609
66	174	1.00279
66	176	0.952069
66	177	0.925444
66	179	1.00594
66	180	0.932889
67	7	0.927464
67	15	1.05739
67	20	1.02346
67	32	0.915449
67	42	0.966115
67	44	0.977472
67	47	0.946829
67	52	1.05001
67	64	0.990879
67	69	0.992121
67	70	0.992671
67	115	0.96861
67	140	1.04306
67	147	1.04408
67	154	1.09812
67	165	1.27036
67	180	1.66659
68	20	0.838107
68	46	1.07637
68	95	0.879574
68	108	0.930237
68	131	0.937143
68	144	0.981918
68	152	0.827128
68	167	1.03181
68	168	0.990836
68	171	0.966707
68	172	1.01024
68	174	1.01808
68	175	1.0503
68	176	0.967359
68	177	0.940733
68	179	1.02123
68	180	0.948179
69	7	0.928092
69	15	1.05801
69	20	1.02409
69	32	0.916078
69	42	0.966743
69	44	0.9781
69	47	0.947457
69	52	1.05064
69	64	0.991508
69	67	0.992121
69	70	0.993299
69	92	0.728211
69	140	1.04369
69	154	1.05274
69	165	1.22497
69	176	1.43768
69	180	1.6212
70	7	0.928642
70	15	1.05856
70	20	1.02463
70	32	0.916627
70	42	0.967293
70	44	0.97865
70	47	0.948007
70	52	1.05118
70	64	0.992057
70	67	0.992671
70	69	0.993299
70	75	1.72138
70	140	1.04424
70	142	0.980174
70	155	1.40225
70	162	0.728748
70	176	1.24801
71	75	0.860763
71	79	0.990143
71	106	1.07805
71	110	1.25587
71	128	0.995499
71	137	0.974152
71	154	0.981097
71	164	0.911641
71	168	0.914468
71	169	0.885779
71	171	0.890339
71	174	0.941714
71	175	0.973931
71	176	0.89099
71	178	0.840881
71	179	0.944861
71	180	0.87181
72	73	1.07318
72	123	0.962334
72	134	0.981153
72	136	0.995997
72	145	0.891528
72	150	0.963516
72	159	1.0122
72	160	1.0376
72	161	0.954102
72	166	0.989699
72	170	0.932657
72	171	0.884466
72	172	0.927999
72	173	0.932859
72	177	0.858492
72	180	0.865938
73	33	0.903411
73	41	0.980305
73	51	0.962412
73	72	1.07318
73	82	0.953784
73	85	1.03209
73	86	1.01127
73	88	1.01046
73	89	1.01173
73	91	0.988689
73	93	1.53101
73	100	1.03868
73	107	1.01346
73	116	1.00019
73	128	1.00352
73	170	1.17767
73	175	1.06781
74	28	0.924357
74	38	1.07734
74	90	1.03005
74	121	0.756604
74	124	0.998449
74	125	1.04022
74	130	0.756751
74	137	1.03552
74	138	1.00799
74	154	1.04246
74	164	0.973007
74	166	1.05694
74	169	0.947145
74	171	0.951705
74	173	1.0001
74	177	0.925731
74	180	0.933176
75	39	1.71493
75	70	1.72138
75	71	0.860763
75	93	0.797149
75	99	0.903792
75	128	1.76941
75	132	0.93761
75	135	0.89136
75	142	0.849552
75	151	0.847196
75	155	0.791632
75	161	0.85096
75	167	0.846423
75	172	0.824857
75	173	0.829718
75	174	0.832699
75	177	0.75535
75	180	0.762796
76	90	0.970181
76	97	0.951393
76	98	1.02104
76	109	0.97394
76	114	0.960363
76	121	1.0058
76	136	0.970849
76	146	1.27826
76	147	1.2503
76	152	0.962493
76	153	0.962068
76	156	0.987678
76	157	1.37737
76	158	0.964129
76	160	0.9901
76	163	1.07015
76	169	0.868368
76	170	1.36694
77	3	0.964147
77	64	1.15157
77	90	1.0781
77	113	1.02916
77	128	0.763442
77	147	1.00567
77	156	0.893378
77	157	0.977797
77	162	1.01028
77	164	0.931388
77	166	1.01532
77	168	0.934214
77	170	0.958276
77	172	0.953618
77	174	0.96146
77	175	0.993678
77	176	0.910737
77	180	0.891557
78	17	1.05534
78	24	0.995109
78	27	0.912449
78	53	1.05915
78	65	0.959097
78	83	0.93765
78	93	0.903817
78	102	0.95061
78	104	1.25112
78	112	0.993121
78	131	1.79432
78	133	0.845953
78	135	1.13562
78	141	1.01047
78	143	1.00014
78	163	1.02311
78	166	1.1639
78	179	0.942514
79	57	1.01884
79	71	0.990143
79	96	1.04234
79	97	1.04755
79	99	0.800173
79	106	1.01204
79	121	1.10196
79	136	1.067
79	146	0.879668
79	148	1.00789
79	152	1.05865
79	153	1.05822
79	156	1.08383
79	158	1.06028
79	160	1.08625
79	169	0.964522
79	179	1.00571
79	180	1.47421
80	36	0.955517
80	87	0.985682
80	90	0.975819
80	96	0.951825
80	97	0.95703
80	109	0.979577
80	114	0.966
80	121	1.01144
80	136	0.976487
80	148	0.917376
80	152	0.968131
80	153	0.967706
80	158	0.969766
80	159	1.04393
80	160	0.995737
80	167	1.33388
80	174	1.34486
80	176	1.64794
81	30	1.06306
81	54	1.29933
81	84	1.07548
81	94	1.02148
81	103	1.00018
81	108	1.04756
81	110	1.04567
81	117	1.01159
81	120	1.00658
81	127	1.03401
81	130	1.09412
81	137	0.981929
81	143	0.821001
81	144	0.95952
81	150	1.06953
81	161	0.987101
81	173	1.0678
81	178	0.894851
81	180	1.49314
82	18	0.884903
82	23	0.966263
82	33	0.862363
82	41	0.939256
82	51	0.921364
82	73	0.953784
82	85	0.991044
82	86	0.97022
82	88	0.969415
82	89	0.970681
82	91	0.94764
82	100	0.997635
82	101	1.24405
82	105	1.13018
82	116	0.959138
82	118	0.989933
82	128	0.962467
82	144	1.62058
82	169	1.63486
83	24	0.967674
83	27	0.885015
83	50	1.01716
83	53	1.03171
83	63	0.948949
83	65	0.931662
83	78	0.93765
83	102	0.923176
83	115	1.04824
83	128	0.961207
83	133	0.818519
83	134	1.1462
83	141	0.983039
83	143	0.972703
83	155	1.71694
83	163	0.995673
83	171	1.61744
83	175	1.13049
83	179	0.91508
84	1	0.977409
84	35	1.06044
84	81	1.07548
84	94	1.01924
84	103	0.997947
84	108	1.04533
84	110	1.04344
84	117	1.00936
84	120	1.00435
84	127	1.03177
84	129	1.32695
84	130	1.09189
84	150	1.06729
84	161	1.0321
84	162	0.835354
84	173	1.11279
84	177	1.49167
84	178	0.892617
84	179	1.06964
85	18	0.963212
85	23	1.04457
85	33	0.940671
85	51	0.999672
85	73	1.03209
85	82	0.991044
85	86	1.04853
85	88	1.04772
85	89	1.04899
85	91	1.02595
85	93	1.27142
85	100	1.07594
85	116	1.03745
85	128	1.04078
85	129	1.21276
85	154	0.855485
85	168	1.15185
85	172	1.02201
85	177	1.37748
86	18	0.942388
86	23	1.02375
86	33	0.919847
86	41	0.99674
86	51	0.978848
86	57	0.97777
86	73	1.01127
86	82	0.97022
86	85	1.04853
86	88	1.0269
86	89	1.02816
86	91	1.00512
86	100	1.05512
86	101	0.924517
86	104	0.966867
86	116	1.01662
86	125	0.83567
86	154	1.00696
86	178	1.81409
86	180	1.57542
87	8	1.31753
87	22	0.799424
87	80	0.985682
87	88	0.839563
87	89	0.74614
87	111	1.09317
87	122	0.734967
87	134	1.04434
87	137	1.03147
87	161	1.01729
87	166	1.05289
87	170	0.995848
87	171	0.947657
87	172	0.99119
87	173	0.996051
87	174	0.999032
87	176	0.948309
87	177	0.921684
87	179	1.00218
87	180	0.929129
88	18	0.941583
88	23	1.02294
88	33	0.919042
88	41	0.995935
88	51	0.978043
88	57	0.976965
88	73	1.01046
88	82	0.969415
88	85	1.04772
88	86	1.0269
88	87	0.839563
88	89	1.02736
88	91	1.00432
88	100	1.05431
88	107	1.01527
88	115	0.987367
88	128	1.01915
88	139	1.01875
88	168	1.41324
88	180	1.68534
89	18	0.942848
89	23	1.02421
89	33	0.920308
89	41	0.997201
89	51	0.979308
89	57	0.978231
89	73	1.01173
89	82	0.970681
89	85	1.04899
89	86	1.02816
89	87	0.74614
89	88	1.02736
89	91	1.00558
89	100	1.05558
89	116	1.01708
89	145	1.52357
89	162	0.889136
89	174	1.10532
89	179	1.12343
89	180	1.59192
90	14	1.06865
90	74	1.03005
90	76	0.970181
90	77	1.0781
90	80	0.975819
90	99	1.12019
90	106	0.951113
90	109	1.00917
90	119	1.03589
90	135	1.07016
90	136	1.00608
90	142	1.34286
90	148	0.946965
90	149	0.977737
90	152	0.99772
90	153	0.997295
90	156	1.0229
90	158	0.999355
90	160	1.02533
90	166	1.09845
91	18	0.919808
91	23	1.00117
91	33	0.897267
91	41	0.974161
91	51	0.956268
91	56	0.990193
91	57	0.95519
91	73	0.988689
91	82	0.94764
91	85	1.02595
91	86	1.00512
91	88	1.00432
91	89	1.00558
91	100	1.03254
91	104	1.04696
91	116	0.994043
91	128	0.997371
91	142	1.20416
91	151	1.26258
91	163	0.852855
91	178	1.89418
92	61	0.809424
92	64	0.974702
92	69	0.728211
92	97	0.911434
92	119	0.69558
92	125	1.09718
92	126	1.14523
92	130	0.627926
92	134	1.10535
92	138	1.06495
92	140	0.812103
92	164	1.02997
92	165	1.05577
92	168	1.0328
92	170	1.05686
92	172	1.0522
92	174	1.06004
92	177	0.982693
92	178	0.95921
92	179	1.06319
92	180	0.990139
93	26	1.55644
93	27	0.851181
93	34	1.64114
93	73	1.53101
93	75	0.797149
93	78	0.903817
93	85	1.27142
93	99	0.949192
93	102	0.889342
93	111	0.972241
93	128	0.927373
93	133	0.784685
93	143	0.93887
93	161	0.89636
93	173	0.875118
93	174	0.878099
93	176	0.827376
93	177	0.80075
93	179	0.881246
93	180	0.808196
94	22	1.0092
94	35	1.00643
94	81	1.02148
94	84	1.01924
94	95	1.04379
94	103	0.943942
94	108	0.991323
94	110	0.989433
94	113	1.11634
94	116	1.17146
94	117	0.955354
94	118	1.04236
94	120	0.95034
94	127	0.977769
94	130	1.03788
94	140	1.02993
94	144	0.90328
94	154	1.37892
94	162	1.2446
94	178	0.838612
94	179	1.47889
95	30	1.08538
95	49	0.588058
95	66	0.815451
95	68	0.879574
95	94	1.04379
95	99	0.996744
95	103	1.02249
95	108	1.06987
95	110	1.06798
95	117	1.03391
95	120	1.02889
95	127	1.05632
95	130	1.11644
95	135	1.07666
95	140	1.10848
95	144	0.981831
95	146	1.07624
95	147	1.04827
95	150	1.09184
95	177	1.62431
95	178	0.917163
96	10	1.09015
96	79	1.04234
96	80	0.951825
96	97	0.962626
96	109	0.985173
96	111	0.944039
96	114	0.971596
96	119	1.0119
96	136	0.982083
96	141	1.00664
96	149	0.953744
96	152	0.973727
96	153	0.973301
96	156	0.998911
96	158	0.975362
96	159	0.987335
96	160	1.00133
96	163	0.97221
96	169	0.879601
96	171	1.64608
96	176	1.59134
97	76	0.951393
97	79	1.04755
97	80	0.95703
97	92	0.911434
97	96	0.962626
97	119	1.0171
97	121	1.02224
97	136	0.987287
97	138	1.22465
97	148	0.928176
97	149	0.958949
97	152	0.978931
97	153	0.978506
97	156	1.00412
97	158	0.980567
97	160	1.00654
97	167	1.30684
97	169	0.884806
97	170	1.29856
97	174	1.31783
97	175	1.1887
98	36	1.03597
98	76	1.02104
98	106	1.00197
98	114	1.04645
98	116	0.811572
98	118	1.1036
98	119	1.08675
98	123	1.13157
98	136	1.05694
98	139	0.920904
98	146	0.992956
98	148	0.997826
98	149	1.0286
98	152	1.04858
98	153	1.04816
98	156	1.07377
98	158	1.05022
98	160	1.07619
98	164	1.33369
98	171	1.45871
98	175	0.971768
99	12	1.09541
99	16	0.950137
99	21	1.04761
99	24	1.07978
99	26	1.04938
99	34	0.932151
99	37	0.994762
99	43	1.01183
99	58	0.997438
99	75	0.903792
99	79	0.800173
99	90	1.12019
99	93	0.949192
99	95	0.996744
99	114	1.12077
99	118	1.07796
99	168	0.957496
99	172	0.9769
99	176	0.934019
99	178	0.88391
99	180	0.914839
100	18	0.969802
100	23	1.05116
100	33	0.947262
100	41	1.02415
100	51	1.00626
100	57	1.00518
100	73	1.03868
100	82	0.997635
100	85	1.07594
100	86	1.05512
100	88	1.05431
100	89	1.05558
100	91	1.03254
100	101	1.0229
100	116	1.04404
100	128	1.04737
100	131	1.60846
100	137	1.16259
100	139	1.00721
100	146	1.07926
100	163	0.871144
100	170	1.16793
101	21	1.16001
101	22	0.9943
101	82	1.24405
101	86	0.924517
101	100	1.0229
101	104	0.993514
101	108	1.07054
101	118	1.05911
101	123	0.992391
101	137	0.998336
101	139	1.03503
101	146	1.04562
101	155	0.924831
101	168	0.938652
101	169	0.909964
101	170	0.962714
101	171	0.914523
101	172	0.958056
101	174	0.965898
101	176	0.915175
101	177	0.888549
101	180	0.895995
102	17	1.04087
102	24	0.980634
102	27	0.897975
102	50	1.03012
102	53	1.04467
102	56	1.20183
102	63	0.961909
102	65	0.944622
102	78	0.95061
102	83	0.923176
102	93	0.889342
102	111	1.03632
102	128	0.974167
102	133	0.831479
102	137	1.35593
102	141	0.995999
102	143	0.985664
102	154	1.29868
102	163	1.00863
102	174	1.38055
102	175	1.25142
102	179	0.92804
103	22	0.987905
103	30	0.985528
103	81	1.00018
103	84	0.997947
103	94	0.943942
103	95	1.02249
103	108	0.970026
103	110	0.968137
103	117	0.934057
103	120	0.929044
103	125	1.0501
103	127	0.956472
103	130	1.01659
103	135	0.976808
103	140	1.00863
103	144	0.881983
103	165	1.39362
103	169	1.52975
103	170	1.28398
103	174	1.30325
103	175	1.17412
103	178	0.817315
104	52	1.15653
104	78	1.25112
104	86	0.966867
104	91	1.04696
104	101	0.993514
104	112	1.03867
104	126	1.02646
104	130	0.912366
104	131	0.860326
104	132	1.04618
104	142	0.958118
104	146	1.02098
104	153	0.884938
104	154	0.980649
104	159	1.01762
104	161	0.959526
104	163	1.02501
104	167	0.954989
104	171	0.88989
104	176	0.890542
104	177	0.863916
104	180	0.871362
105	11	0.553609
105	21	1.04614
105	82	1.13018
105	115	1.09254
105	121	0.756001
105	124	1.01619
105	128	0.714793
105	134	1.06613
105	137	1.05326
105	139	1.08996
105	141	0.739692
105	146	1.10054
105	160	0.883185
105	161	1.03908
105	168	0.993576
105	172	1.01298
105	173	1.01784
105	174	1.02082
105	176	0.970098
105	177	0.943473
105	179	1.02397
105	180	0.950919
106	31	0.970581
106	57	1.10676
106	71	1.07805
106	79	1.01204
106	90	0.951113
106	98	1.00197
106	114	0.941294
106	119	0.981597
106	121	0.986736
106	136	0.951781
106	141	0.97634
106	148	0.89267
106	149	0.923443
106	152	0.943425
106	153	0.943
106	156	0.968609
106	158	0.94506
106	160	0.971032
106	161	1.05608
106	165	1.16589
106	172	1.16018
106	178	1.80079
107	47	0.958384
107	73	1.01346
107	88	1.01527
107	115	1.04656
107	131	0.893906
107	132	1.07976
107	140	1.03502
107	148	1.11751
107	150	0.903801
107	155	0.933778
107	163	1.05859
107	167	0.988568
107	169	0.91891
107	171	0.92347
107	172	0.967002
107	173	0.971863
107	174	0.974845
107	175	1.00706
107	176	0.924121
107	177	0.897496
107	178	0.874012
107	180	0.904941
108	22	1.03529
108	30	1.03291
108	68	0.930237
108	81	1.04756
108	84	1.04533
108	94	0.991323
108	95	1.06987
108	101	1.07054
108	103	0.970026
108	110	1.01552
108	112	0.85489
108	117	0.981438
108	118	0.816419
108	120	0.976424
108	127	1.00385
108	130	1.06397
108	133	1.88384
108	135	1.02419
108	143	1.0493
108	144	0.929364
108	150	1.03937
108	174	1.23484
108	178	0.864696
109	29	1.0314
109	76	0.97394
109	80	0.979577
109	90	1.00917
109	96	0.985173
109	114	0.999348
109	119	1.03965
109	121	1.04479
109	123	1.03213
109	129	1.27687
109	136	1.00983
109	139	0.821465
109	145	1.41971
109	146	0.893517
109	148	0.950723
109	149	0.981496
109	152	1.00148
109	153	1.00105
109	156	1.02666
109	158	1.00311
109	160	1.02909
109	172	1.08612
109	178	1.72673
110	35	1.03062
110	71	1.25587
110	81	1.04567
110	84	1.04344
110	94	0.989433
110	95	1.06798
110	103	0.968137
110	108	1.01552
110	117	0.979548
110	120	0.974535
110	127	1.00196
110	130	1.06208
110	135	1.0223
110	140	1.05412
110	143	1.0678
110	144	0.927474
110	147	1.11743
110	150	1.03748
110	154	1.17147
110	162	1.03715
110	167	1.24235
110	175	1.12421
110	178	0.862806
111	53	0.993694
111	56	1.05177
111	87	1.09317
111	93	0.972241
111	96	0.944039
111	102	1.03632
111	125	1.04493
111	127	0.915928
111	128	0.648734
111	131	0.926853
111	134	1.0531
111	140	0.874266
111	146	1.08751
111	158	0.741729
111	165	1.00351
111	166	1.06165
111	169	0.951857
111	170	1.00461
111	173	1.00481
111	176	0.957068
111	177	0.930443
111	179	1.01094
111	180	0.937888
112	31	0.973391
112	41	1.02572
112	54	0.965607
112	55	1.097
112	78	0.993121
112	104	1.03867
112	108	0.85489
112	117	0.939674
112	133	0.917643
112	139	1.08019
112	142	1.02791
112	148	0.92103
112	164	0.980984
112	167	1.02478
112	168	0.983811
112	170	1.00787
112	171	0.959682
112	173	1.00808
112	174	1.01106
112	176	0.960333
112	177	0.933708
112	178	0.910224
112	179	1.0142
112	180	0.941153
113	9	1.29915
113	40	0.822477
113	44	1.09057
113	53	0.993481
113	77	1.02916
113	94	1.11634
113	114	1.01741
113	119	1.05771
113	122	0.749705
113	133	0.887933
113	136	1.02789
113	148	0.968783
113	149	0.999556
113	150	0.742831
113	153	1.01911
113	158	1.02117
113	159	1.0577
113	160	1.04714
113	162	1.03017
113	172	0.973505
113	176	0.930624
113	177	0.903998
113	178	0.880514
113	180	0.911444
114	76	0.960363
114	80	0.966
114	96	0.971596
114	98	1.04645
114	99	1.12077
114	106	0.941294
114	109	0.999348
114	113	1.01741
114	118	1.04292
114	121	1.03121
114	137	1.28359
114	143	1.12266
114	148	0.937146
114	149	0.967919
114	151	1.40188
114	152	0.987901
114	153	0.987476
114	156	1.01309
114	158	0.989536
114	159	1.00727
114	160	1.01551
114	162	1.09202
114	167	1.29722
114	169	0.893776
115	19	1.00141
115	31	1.14197
115	50	0.864778
115	67	0.96861
115	83	1.04824
115	88	0.987367
115	105	1.09254
115	107	1.04656
115	125	1.0225
115	145	0.941051
115	150	0.875897
115	152	0.920356
115	162	1.03418
115	164	0.955291
115	166	1.03922
115	170	0.98218
115	171	0.933989
115	172	0.977522
115	174	0.985364
115	175	1.01758
115	176	0.93464
115	177	0.908015
115	179	0.988511
115	180	0.915461
116	6	0.781566
116	44	1.14569
116	73	1.00019
116	82	0.959138
116	85	1.03745
116	86	1.01662
116	89	1.01708
116	91	0.994043
116	94	1.17146
116	98	0.811572
116	100	1.04404
116	117	1.0303
116	126	1.04479
116	128	1.00887
116	147	1.0038
116	149	0.838539
116	156	0.833576
116	159	1.03595
116	165	0.955319
116	167	0.973319
116	170	0.956411
116	177	0.882247
116	179	0.962742
116	180	0.889692
117	1	0.913519
117	30	0.996939
117	35	0.996546
117	81	1.01159
117	84	1.00936
117	94	0.955354
117	95	1.03391
117	103	0.934057
117	108	0.981438
117	110	0.979548
117	112	0.939674
117	116	1.0303
117	120	0.940456
117	127	0.967884
117	130	1.028
117	135	0.98822
117	140	1.02005
117	144	0.893395
117	150	1.0034
117	162	1.10344
117	163	1.00357
117	171	1.67744
117	173	1.38088
117	178	0.828727
117	179	1.33773
118	2	1.18597
118	15	0.700999
118	18	1.04806
118	50	0.657732
118	55	1.05853
118	82	0.989933
118	94	1.04236
118	98	1.1036
118	99	1.07796
118	101	1.05911
118	108	0.816419
118	114	1.04292
118	124	1.00223
118	135	1.06552
118	147	1.05107
118	148	0.994299
118	149	1.02507
118	153	1.04463
118	156	1.07024
118	158	1.04669
118	160	1.07266
118	173	1.00388
118	176	0.95614
118	177	0.929514
118	180	0.93696
119	31	1.05536
119	90	1.03589
119	92	0.69558
119	96	1.0119
119	97	1.0171
119	98	1.08675
119	106	0.981597
119	109	1.03965
119	113	1.05771
119	121	1.07151
119	134	0.98855
119	137	1.07736
119	139	0.921981
119	142	1.13722
119	148	0.977449
119	149	1.00822
119	152	1.0282
119	153	1.02778
119	155	1.55929
119	156	1.05339
119	158	1.02984
119	160	1.05581
119	164	1.33477
119	169	0.934079
119	179	1.12008
120	22	0.994303
120	30	0.991926
120	35	0.991532
120	49	0.724249
120	66	0.951642
120	81	1.00658
120	84	1.00435
120	94	0.95034
120	95	1.02889
120	103	0.929044
120	108	0.976424
120	110	0.974535
120	117	0.940456
120	125	1.06722
120	127	0.962871
120	130	1.02299
120	132	0.942445
120	133	1.96937
120	135	0.983206
120	140	1.01503
120	142	1.35561
120	144	0.888382
120	150	0.998387
120	172	1.40503
120	178	0.823713
121	74	0.756604
121	76	1.0058
121	79	1.10196
121	80	1.01144
121	97	1.02224
121	105	0.756001
121	106	0.986736
121	109	1.04479
121	114	1.03121
121	119	1.07151
121	136	1.0417
121	137	1.00956
121	142	1.06942
121	148	0.982588
121	149	1.01336
121	151	1.12784
121	152	1.03334
121	153	1.03292
121	156	1.05853
121	158	1.03498
121	160	1.06095
121	167	1.02319
121	169	0.939217
121	171	1.39199
121	180	1.52077
122	2	0.988613
122	5	1.10704
122	8	0.984851
122	9	0.97852
122	12	1.11476
122	16	0.969493
122	19	1.07336
122	26	1.06874
122	28	1.05159
122	34	0.951507
122	37	1.01412
122	38	1.02691
122	39	1.02354
122	43	1.03118
122	55	1.00233
122	60	1.07296
122	62	1.07359
122	87	0.734967
122	113	0.749705
122	138	1.00097
122	155	1.55146
122	161	1.07471
122	172	1.17881
122	174	1.09415
122	175	1.03631
123	1	1.60531
123	10	0.986328
123	30	1.20427
123	59	0.91654
123	72	0.962334
123	98	1.13157
123	101	0.992391
123	109	1.03213
123	129	0.916126
123	131	0.859204
123	137	0.972581
123	139	1.00928
123	150	1.11795
123	155	0.899076
123	157	0.956479
123	159	1.0165
123	168	0.912897
123	170	0.936959
123	173	0.937161
123	175	0.97236
123	176	0.88942
123	177	0.862794
123	178	0.83931
123	180	0.87024
124	33	1.6155
124	35	1.05569
124	36	1.0371
124	48	1.48119
124	63	1.00238
124	74	0.998449
124	105	1.01619
124	118	1.00223
124	129	0.885002
124	137	0.941457
124	138	0.913926
124	140	1.1364
124	154	0.948402
124	161	0.92728
124	162	0.957837
124	164	0.878946
124	165	0.904742
124	166	0.962877
124	167	0.922742
124	170	0.905835
124	172	0.901177
124	174	0.909019
124	176	0.858295
124	178	0.808186
124	180	0.839116
125	1	1.32148
125	49	1.10519
125	74	1.04022
125	86	0.83567
125	92	1.09718
125	103	1.0501
125	111	1.04493
125	115	1.0225
125	120	1.06722
125	136	0.866603
125	148	1.04783
125	153	0.753741
125	155	0.909723
125	157	0.967126
125	159	1.02715
125	162	0.999608
125	164	0.920717
125	165	0.946513
125	167	0.964513
125	168	0.923544
125	170	0.947606
125	173	0.947808
125	177	0.873441
125	178	0.849957
125	180	0.880886
126	7	1.09418
126	23	0.910635
126	28	0.838998
126	38	0.991979
126	48	1.20035
126	92	1.14523
126	104	1.02646
126	116	1.04479
126	138	1.00375
126	146	1.07856
126	151	1.01334
126	153	0.643965
126	156	0.759973
126	160	0.798429
126	161	1.0171
126	162	1.04766
126	166	1.0527
126	168	0.971594
126	171	0.947465
126	173	0.995858
126	174	0.99884
126	175	1.03106
126	176	0.948116
126	177	0.921491
126	179	1.00199
126	180	0.928937
127	1	0.935934
127	22	1.02173
127	30	1.01935
127	35	1.01896
127	81	1.03401
127	84	1.03177
127	94	0.977769
127	95	1.05632
127	103	0.956472
127	108	1.00385
127	110	1.00196
127	111	0.915928
127	117	0.967884
127	120	0.962871
127	130	1.05041
127	132	0.882235
127	134	1.14673
127	135	1.01064
127	140	1.04246
127	144	0.91581
127	150	1.02582
127	165	1.35053
127	166	1.05099
127	169	1.48666
127	170	1.24089
127	172	1.34482
127	178	0.851142
128	23	1.01599
128	24	1.01867
128	27	0.936006
128	33	0.912094
128	41	0.988987
128	53	1.0827
128	65	0.982654
128	71	0.995499
128	73	1.00352
128	75	1.76941
128	77	0.763442
128	82	0.962467
128	83	0.961207
128	85	1.04078
128	88	1.01915
128	91	0.997371
128	93	0.927373
128	100	1.04737
128	102	0.974167
128	105	0.714793
128	111	0.648734
128	116	1.00887
128	151	1.08664
128	163	1.04666
128	164	1.22576
128	179	0.966071
128	180	1.47956
129	63	1.35988
129	65	1.37178
129	66	0.978776
129	84	1.32695
129	85	1.21276
129	109	1.27687
129	123	0.916126
129	124	0.885002
129	132	0.994544
129	143	0.950404
129	147	0.933842
129	151	0.904129
129	155	0.848566
129	158	1.36137
129	162	0.938451
129	163	0.973374
129	164	0.85956
129	167	0.903356
129	168	0.862387
129	170	0.886449
129	172	0.88179
129	173	0.886651
129	174	0.889633
129	175	0.92185
129	176	0.838909
129	178	0.7888
129	180	0.819729
130	1	0.99605
130	22	1.08185
130	35	1.07908
130	74	0.756751
130	81	1.09412
130	84	1.09189
130	92	0.627926
130	94	1.03788
130	95	1.11644
130	103	1.01659
130	104	0.912366
130	108	1.06397
130	110	1.06208
130	117	1.028
130	120	1.02299
130	127	1.05041
130	135	1.07075
130	140	1.10258
130	144	0.975926
130	150	1.08593
130	157	1.02549
130	159	0.733386
130	169	1.26082
130	171	1.39213
130	177	1.47445
130	178	0.911257
130	179	1.05243
131	19	0.848753
131	32	1.7821
131	42	1.46698
131	56	0.876685
131	68	0.937143
131	78	1.79432
131	100	1.60846
131	104	0.860326
131	107	0.893906
131	111	0.926853
131	123	0.859204
131	132	0.937622
131	133	0.739297
131	134	0.878023
131	137	0.865149
131	139	0.901846
131	149	1.54912
131	161	0.850972
131	162	0.881529
131	167	0.846434
131	170	0.829527
131	173	0.829729
131	174	0.832711
131	175	0.864928
131	176	0.781987
131	178	0.731878
131	179	0.835858
131	180	0.762808
132	1	1.19671
132	3	0.815746
132	9	1.26567
132	24	0.889295
132	45	0.797184
132	66	1.1077
132	75	0.93761
132	104	1.04618
132	107	1.07976
132	120	0.942445
132	127	0.882235
132	129	0.994544
132	131	0.937622
132	138	1.02347
132	139	1.0877
132	140	0.840572
132	142	1.03541
132	157	1.0349
132	158	0.708036
132	161	1.03682
132	166	1.07242
132	167	1.03228
132	169	0.962626
132	170	1.01538
132	172	1.01072
132	173	1.01558
132	176	0.967837
132	177	0.941212
132	180	0.948658
133	4	1.47312
133	17	0.936209
133	27	0.793318
133	29	1.58281
133	47	1.79086
133	50	0.92546
133	53	0.940016
133	66	0.909379
133	78	0.845953
133	83	0.818519
133	93	0.784685
133	102	0.831479
133	108	1.88384
133	112	0.917643
133	113	0.887933
133	120	1.96937
133	131	0.739297
133	135	0.878897
133	142	0.837089
133	143	0.881007
133	146	0.899953
133	147	0.864445
133	163	0.903977
133	164	0.790163
133	170	0.817052
133	176	0.769513
133	177	0.742887
133	179	0.823383
133	180	0.750333
134	14	0.77125
134	38	1.24148
134	72	0.981153
134	83	1.1462
134	87	1.04434
134	92	1.10535
134	105	1.06613
134	111	1.0531
134	119	0.98855
134	127	1.14673
134	131	0.878023
134	141	0.904439
134	144	0.922798
134	149	1.01444
134	151	0.973459
134	153	0.893468
134	157	0.975298
134	161	0.977223
134	162	1.00778
134	166	1.01282
134	167	0.972685
134	168	0.931716
134	171	0.907587
134	173	0.95598
134	174	0.958962
134	176	0.908239
134	177	0.881613
134	178	0.858129
134	180	0.889059
135	15	0.881965
135	41	1.16822
135	51	1.10775
135	62	0.926274
135	75	0.89136
135	78	1.13562
135	90	1.07016
135	95	1.07666
135	103	0.976808
135	108	1.02419
135	110	1.0223
135	117	0.98822
135	118	1.06552
135	120	0.983206
135	127	1.01064
135	130	1.07075
135	133	0.878897
135	139	1.04145
135	142	0.989163
135	150	1.04615
135	156	0.885444
135	158	0.848502
135	165	0.968033
135	172	0.964468
135	176	0.921587
135	177	0.894962
135	178	0.871478
135	180	0.902407
136	36	0.985774
136	56	0.941034
136	57	1.15099
136	72	0.995997
136	76	0.970849
136	79	1.067
136	80	0.976487
136	90	1.00608
136	96	0.982083
136	97	0.987287
136	98	1.05694
136	106	0.951781
136	109	1.00983
136	113	1.02789
136	121	1.0417
136	125	0.866603
136	138	1.02658
136	141	1.0313
136	144	1.33198
136	148	0.947633
136	149	0.978406
136	152	0.998388
136	153	0.997963
136	156	1.02357
136	158	1.00002
136	159	0.818821
136	160	1.02599
136	169	0.904262
136	172	1.20442
136	177	1.55989
137	28	1.17731
137	71	0.974152
137	74	1.03552
137	81	0.981929
137	87	1.03147
137	100	1.16259
137	101	0.998336
137	102	1.35593
137	105	1.05326
137	114	1.28359
137	119	1.07736
137	121	1.00956
137	123	0.972581
137	124	0.941457
137	131	0.865149
137	138	0.950994
137	145	0.901775
137	158	1.06134
137	161	0.964349
137	164	0.916015
137	165	0.941811
137	168	0.918842
137	170	0.942904
137	172	0.938245
137	173	0.943106
137	174	0.946088
137	176	0.895364
137	177	0.868739
137	178	0.845255
137	179	0.949235
137	180	0.876185
138	9	1.55042
138	46	1.2878
138	56	0.962531
138	59	0.792691
138	74	1.00799
138	92	1.06495
138	97	1.22465
138	122	1.00097
138	124	0.913926
138	126	1.00375
138	132	1.02347
138	136	1.02658
138	137	0.950994
138	139	0.987692
138	144	0.882392
138	146	0.998273
138	147	0.962766
138	149	1.03469
138	151	0.933053
138	155	0.877489
138	157	0.934893
138	158	0.992785
138	165	0.91428
138	166	0.972414
138	167	0.93228
138	168	0.89131
138	171	0.867182
138	172	0.910714
138	174	0.918556
138	179	0.921703
138	180	0.848653
139	46	1.20098
139	52	1.0985
139	53	1.15793
139	88	1.01875
139	98	0.920904
139	100	1.00721
139	101	1.03503
139	105	1.08996
139	109	0.821465
139	112	1.08019
139	119	0.921981
139	123	1.00928
139	131	0.901846
139	132	1.0877
139	135	1.04145
139	138	0.987692
139	142	0.999638
139	145	0.938472
139	152	0.95174
139	157	0.999121
139	164	0.952712
139	165	0.978508
139	167	0.996508
139	169	0.92685
139	172	0.974943
139	173	0.979803
139	174	0.982785
139	175	1.015
139	177	0.905436
139	178	0.881952
139	180	0.912882
140	7	0.979028
140	10	1.02037
140	20	1.07502
140	30	1.07152
140	32	0.967014
140	42	1.01768
140	44	1.02904
140	47	0.998393
140	52	1.10157
140	64	1.04244
140	67	1.04306
140	69	1.04369
140	70	1.04424
140	92	0.812103
140	94	1.02993
140	95	1.10848
140	103	1.00863
140	107	1.03502
140	110	1.05412
140	111	0.874266
140	117	1.02005
140	120	1.01503
140	124	1.1364
140	127	1.04246
140	130	1.10258
140	132	0.840572
140	143	1.03295
140	159	0.917562
140	173	1.27975
140	175	1.08937
140	178	0.903303
141	17	1.10073
141	24	1.0405
141	27	0.957838
141	50	1.08998
141	54	1.31065
141	65	1.00449
141	78	1.01047
141	83	0.983039
141	96	1.00664
141	102	0.995999
141	105	0.739692
141	106	0.97634
141	134	0.904439
141	136	1.0313
141	143	1.04553
141	148	0.972192
141	149	1.00296
141	152	1.02295
141	153	1.02252
141	156	1.04813
141	158	1.02458
141	160	1.05055
141	161	0.998421
141	163	1.0685
141	166	0.808695
141	168	1.23236
141	169	0.928822
141	171	1.37568
141	172	1.10253
141	174	1.01787
141	177	1.458
141	179	0.987903
