1	35	1.34942
1	59	0.423335
1	72	0.518947
1	109	1.35869
1	111	1.41337
1	119	1.37305
1	120	1.38027
1	142	0.476532
1	156	1.30239
1	167	0.49399
1	176	1.4228
1	180	0.495297
2	86	0.614451
2	121	0.599806
2	125	0.587285
2	130	0.592017
2	165	1.19486
2	166	1.23228
2	171	1.20282
2	173	1.19589
2	175	1.20361
2	177	1.21008
2	179	1.18261
2	180	1.17785
3	17	0.492435
3	101	0.508965
3	128	0.466919
3	150	1.34911
3	154	0.470484
3	160	0.456212
3	164	1.36677
3	176	1.42838
3	177	1.38427
3	178	1.36263
3	179	1.3568
3	180	1.35204
4	16	1.33908
4	38	1.38453
4	51	1.4296
4	88	1.35856
4	98	1.33557
4	104	1.39272
4	127	1.35994
4	147	0.48489
4	164	0.48169
4	165	0.471497
4	178	0.485113
4	179	0.481155
5	54	0.473022
5	141	1.32501
5	152	1.39017
5	153	1.39901
5	157	1.35576
5	159	1.39421
5	160	0.476549
5	162	1.3565
5	163	1.37935
5	168	0.494918
5	169	0.484559
5	174	0.473639
6	69	0.445744
6	99	0.518827
6	116	1.37535
6	126	1.3199
6	152	1.39592
6	157	1.36151
6	159	1.39996
6	162	1.36225
6	163	1.38511
6	167	0.490821
6	171	0.47079
6	175	0.479914
7	74	0.514012
7	85	0.46365
7	124	0.459742
7	129	0.443314
7	141	0.513916
7	160	1.36983
7	161	1.36983
7	174	1.38022
7	177	1.39037
7	178	1.36872
7	179	1.36289
7	180	1.35814
8	53	1.29576
8	106	1.39596
8	118	1.36913
8	136	0.489268
8	148	1.36166
8	155	1.398
8	158	0.495568
8	160	1.38975
8	161	1.38975
8	173	0.480416
8	175	0.474431
8	177	0.467375
9	44	0.62175
9	51	1.24076
9	52	1.25542
9	66	1.20688
9	88	1.16972
9	95	1.31201
9	98	1.14673
9	104	1.20387
9	115	1.06461
9	149	0.596905
9	162	0.624723
9	176	0.560403
10	108	1.47973
10	117	0.451326
10	138	0.44516
10	148	1.463
10	151	1.47425
10	155	1.49935
10	160	1.49109
10	161	1.49109
10	164	0.434524
10	166	0.413429
10	168	0.439304
10	174	1.50148
10	177	0.424513
11	40	1.29868
11	76	1.33074
11	114	0.524372
11	123	1.26093
11	128	1.27584
11	129	1.34157
11	133	0.515893
11	146	1.32627
11	147	1.2692
11	148	0.522591
11	150	0.524845
11	172	0.516431
11	174	1.29678
12	16	0.394134
12	19	0.784126
12	34	0.36438
12	141	0.380916
12	146	0.319977
12	158	1.45153
12	162	0.353845
12	171	1.48904
12	175	1.48983
12	176	1.5404
12	177	1.4963
12	179	1.46883
12	180	1.46407
13	74	0.545468
13	116	1.30508
13	121	1.27221
13	141	1.26049
13	153	1.33449
13	156	0.54152
13	157	1.29124
13	159	1.32969
13	162	1.29198
13	163	1.31483
13	168	0.511863
13	171	0.495003
13	178	0.510505
14	18	0.546879
14	21	1.45992
14	66	1.29677
14	88	1.25961
14	95	1.40191
14	98	1.23662
14	103	1.29691
14	104	1.29376
14	107	0.507594
14	115	1.1545
14	145	0.495954
14	168	0.526154
14	178	0.524797
15	39	0.513419
15	107	0.527611
15	109	0.529516
15	119	0.5022
15	159	0.520163
15	165	1.29959
15	169	1.29631
15	172	1.31038
15	173	1.30063
15	175	1.30835
15	177	1.31482
15	179	1.28735
15	180	1.28259
16	4	1.33908
16	12	0.394134
16	38	1.27701
16	52	1.33674
16	66	1.28819
16	83	0.538409
16	95	1.39333
16	98	1.22805
16	104	1.28519
16	121	0.557882
16	127	1.25241
16	142	0.560138
16	163	0.55009
17	3	0.492435
17	36	0.526038
17	112	1.32699
17	123	1.27454
17	124	1.30303
17	145	0.515351
17	146	1.33988
17	157	1.27362
17	162	1.27435
17	163	1.29721
17	171	0.528692
17	174	1.31039
17	179	0.540236
18	14	0.546879
18	21	0.466915
18	121	0.53188
18	135	1.28542
18	161	0.525102
18	165	1.30632
18	168	1.30768
18	169	1.30304
18	170	0.523355
18	171	1.31428
18	178	1.29989
18	179	1.29407
18	180	1.28931
19	12	0.784126
19	76	1.33988
19	81	1.29879
19	91	1.32086
19	101	1.22188
19	107	1.30413
19	108	0.459495
19	131	0.428656
19	139	0.463408
19	146	1.33541
19	147	1.27833
19	154	1.30071
19	178	0.46289
20	72	1.23344
20	81	1.29832
20	83	1.30286
20	107	1.30366
20	113	1.29876
20	136	0.539655
20	139	0.531713
20	143	0.541203
20	146	1.33493
20	170	1.32259
20	174	1.30544
20	176	0.474672
20	177	0.517762
21	14	1.45992
21	18	0.466915
21	76	1.54497
21	98	1.44784
21	101	1.42696
21	104	1.50498
21	110	0.437006
21	113	1.50433
21	142	0.431904
21	173	0.44444
21	174	1.511
21	175	0.438455
21	176	0.388309
22	112	1.32099
22	131	1.33217
22	139	1.26834
22	150	0.524337
22	151	0.524141
22	152	1.30202
22	153	1.31086
22	159	1.30606
22	162	1.26835
22	163	1.29121
22	175	0.520112
22	177	0.513056
22	179	0.522532
23	70	0.509581
23	84	0.531039
23	112	1.32479
23	131	1.33598
23	132	1.32264
23	139	1.27215
23	152	1.30583
23	155	0.521931
23	157	1.27143
23	162	1.27216
23	163	1.29502
23	165	0.526858
23	166	0.515957
24	61	0.529555
24	93	1.32904
24	94	0.517956
24	105	1.29598
24	118	1.27463
24	125	1.32795
24	136	0.529164
24	151	1.27841
24	155	1.3035
24	160	1.29525
24	161	1.29525
24	172	0.510138
24	178	0.520705
25	100	1.44284
25	121	1.35511
25	127	0.474257
25	132	1.42535
25	134	0.459884
25	142	0.457367
25	147	0.470072
25	153	1.41738
25	157	1.37414
25	159	1.41259
25	162	1.37487
25	163	1.39773
25	179	0.466338
25	180	0.476131
26	103	0.556605
26	123	0.571283
26	131	0.538876
26	135	1.21717
26	151	0.570761
26	160	0.556099
26	164	1.23578
26	166	1.27549
26	172	1.24885
26	175	1.24682
26	176	1.29739
26	178	1.23164
26	179	1.22582
26	180	1.22106
27	68	0.484415
27	80	0.475187
27	96	1.38552
27	145	1.41505
27	148	1.3762
27	151	1.38745
27	153	0.440305
27	155	1.41254
27	156	0.493573
27	160	1.40428
27	161	1.40428
27	170	0.438849
27	174	1.41468
27	180	0.468394
28	48	1.33984
28	70	0.452167
28	89	0.436516
28	108	1.38875
28	113	0.461616
28	122	1.43821
28	130	1.44132
28	151	1.38328
28	155	1.40837
28	160	1.40012
28	161	1.40012
28	168	0.484418
28	173	0.482667
28	180	0.488896
29	60	1.4412
29	85	1.46754
29	114	0.43522
29	119	1.50395
29	120	1.51116
29	134	1.48917
29	136	0.446305
29	156	1.43328
29	173	0.437452
29	174	0.417924
29	175	0.431468
29	176	1.5537
29	178	0.437845
30	41	0.426539
30	44	0.479381
30	64	1.50441
30	71	1.31216
30	82	1.39419
30	113	1.40324
30	117	0.487937
30	123	1.37406
30	124	1.40255
30	147	1.38233
30	168	0.475915
30	169	0.465557
30	170	1.42706
30	173	0.474164
31	47	0.594446
31	69	1.28956
31	109	1.22686
31	110	0.55738
31	111	1.28155
31	120	1.24844
31	157	1.19996
31	159	1.23841
31	162	1.2007
31	163	1.22355
31	165	0.551591
31	171	0.549705
31	172	0.554641
31	176	1.29097
32	60	0.563962
32	87	0.535952
32	91	0.551226
32	114	1.26232
32	157	0.579186
32	161	0.56273
32	167	1.22451
32	171	1.2517
32	172	1.25452
32	175	1.25249
32	177	1.25896
32	178	1.23731
32	179	1.23149
32	180	1.22673
33	41	0.433527
33	100	1.44147
33	132	1.42399
33	133	0.470442
33	139	1.3735
33	143	0.491553
33	152	1.40718
33	157	1.37277
33	159	1.41122
33	162	1.37351
33	163	1.39636
33	166	0.457028
33	173	0.481153
33	175	0.475168
34	12	0.36438
34	77	1.28546
34	97	1.31857
34	102	0.509513
34	112	0.511316
34	122	1.37863
34	134	0.532901
34	139	0.54383
34	145	1.35131
34	148	1.31245
34	151	1.3237
34	155	1.34879
34	157	0.537807
34	160	1.34054
34	161	1.34054
35	1	1.34942
35	55	1.34789
35	60	1.27348
35	111	1.37655
35	119	1.33623
35	120	1.34345
35	134	1.32145
35	142	0.495116
35	150	0.505892
35	156	1.26557
35	168	0.509402
35	169	0.499043
35	176	1.38598
35	177	0.494611
35	179	0.504087
36	17	0.526038
36	77	0.523387
36	119	0.464212
36	139	0.507343
36	153	0.484573
36	160	0.489816
36	167	1.3166
36	169	1.33254
36	172	1.3466
36	173	1.33685
36	175	1.34457
36	177	1.35105
36	178	1.3294
36	179	1.32357
36	180	1.31881
37	99	0.531623
37	132	1.35319
37	135	0.497556
37	140	1.3387
37	152	1.33637
37	153	1.34521
37	154	0.496349
37	157	1.30197
37	159	1.34042
37	162	1.3027
37	163	1.32556
37	169	0.490088
37	170	1.35588
37	177	0.485655
37	180	0.504924
38	4	1.38453
38	16	1.27701
38	51	1.36753
38	66	1.33365
38	88	1.29649
38	95	1.43879
38	98	1.2735
38	102	0.482445
38	104	1.33064
38	127	1.29787
38	137	0.514827
38	162	0.524041
38	165	0.502628
38	176	0.459721
38	180	0.522081
39	15	0.513419
39	92	0.544466
39	117	0.506966
39	125	1.36355
39	145	1.34162
39	148	1.30276
39	151	1.31401
39	154	1.33603
39	155	1.3391
39	160	1.33085
39	161	1.33085
39	165	0.47997
39	169	0.484585
39	171	0.478084
39	174	1.34124
40	11	1.29868
40	64	1.44726
40	71	1.25502
40	82	1.33705
40	94	0.493141
40	101	1.26873
40	124	1.34541
40	147	1.32518
40	149	0.475869
40	156	0.526906
40	158	0.510649
40	167	0.50042
40	170	1.36992
40	174	1.35277
40	180	0.501727
41	30	0.426539
41	33	0.433527
41	74	0.511925
41	87	0.428223
41	124	0.457655
41	149	1.41339
41	152	0.451308
41	162	0.484759
41	165	1.4173
41	168	1.41867
41	171	1.42527
41	176	1.47663
41	177	1.43252
41	178	1.41088
41	179	1.40505
41	180	1.40029
42	58	0.412149
42	99	1.35703
42	111	0.449952
42	113	0.460778
42	120	0.453166
42	130	0.459249
42	151	0.479874
42	157	0.476717
42	165	1.42439
42	171	1.43235
42	173	1.42542
42	176	1.48371
42	177	1.43961
42	178	1.41796
42	179	1.41214
42	180	1.40738
43	63	0.541986
43	74	1.2324
43	81	1.29156
43	101	1.21465
43	107	1.29691
43	123	1.26284
43	128	1.27775
43	129	1.34348
43	147	1.27111
43	154	1.29348
43	156	0.574989
43	165	0.530357
43	170	1.31584
43	173	0.54358
43	176	0.48745
43	177	0.53054
44	9	0.62175
44	30	0.479381
44	90	0.567806
44	106	0.508171
44	156	1.22557
44	161	0.507843
44	164	1.28438
44	169	1.28337
44	172	1.29744
44	173	1.28769
44	174	0.509883
44	175	1.29541
44	177	1.30188
44	178	1.28023
44	179	1.27441
44	180	1.26965
45	69	0.520754
45	91	0.527837
45	95	0.501776
45	116	0.55264
45	117	1.26468
45	137	1.26181
45	146	0.535231
45	157	0.555797
45	158	1.25832
45	172	1.29865
45	173	1.2889
45	175	1.29662
45	177	1.30309
45	178	1.28144
45	179	1.27562
45	180	1.27086
46	96	1.41255
46	105	1.43205
46	135	0.458373
46	143	1.39375
46	144	0.438241
46	148	1.40323
46	151	1.41448
46	155	1.43957
46	156	0.490921
46	160	1.43132
46	161	1.43132
46	164	0.456482
46	168	0.461263
46	171	0.444404
46	174	1.44171
46	178	0.459905
47	31	0.594446
47	82	0.510954
47	87	0.50548
47	93	0.523728
47	100	0.510061
47	128	0.547915
47	158	1.2578
47	164	1.28506
47	165	1.28734
47	167	1.26812
47	168	1.28871
47	169	1.28406
47	177	1.30257
47	178	1.28092
47	179	1.27509
47	180	1.27033
48	28	1.33984
48	79	0.517961
48	106	1.27602
48	110	0.530607
48	130	1.31101
48	145	1.28057
48	148	1.24172
48	151	1.25297
48	155	1.27806
48	160	1.2698
48	161	1.2698
48	167	0.542964
48	174	1.2802
48	175	0.532056
48	178	0.538434
48	180	0.54427
49	55	1.28213
49	69	1.31881
49	75	1.30828
49	84	0.536463
49	109	1.25611
49	111	1.31079
49	119	1.27047
49	120	1.27769
49	134	1.25569
49	149	0.525877
49	152	0.520244
49	156	1.19981
49	168	0.547256
49	169	0.536897
49	175	0.53952
49	176	1.32022
50	77	0.507339
50	90	0.52878
50	133	1.36305
50	138	1.335
50	140	0.462819
50	153	0.468525
50	154	0.488039
50	159	0.466127
50	167	1.34465
50	169	1.36059
50	171	1.37184
50	172	1.37466
50	174	0.470857
50	175	1.37263
50	177	1.3791
50	179	1.35163
50	180	1.34687
51	4	1.4296
51	9	1.24076
51	38	1.36753
51	52	1.42726
51	63	0.503405
51	66	1.37872
51	70	0.4745
51	88	1.34156
51	94	0.502644
51	95	1.48385
51	98	1.31857
51	104	1.37571
51	115	1.23645
51	134	0.494981
51	149	0.485372
51	176	0.44887
51	179	0.501435
52	9	1.25542
52	16	1.33674
52	51	1.42726
52	80	0.501597
52	83	0.45431
52	88	1.35622
52	95	1.49852
52	98	1.33323
52	103	1.39352
52	104	1.39038
52	115	1.25111
52	127	1.3576
52	156	0.519983
52	167	0.493497
52	171	0.473466
52	175	0.48259
52	179	0.48501
53	8	1.29576
53	77	1.18101
53	96	1.21732
53	125	1.2688
53	145	1.24686
53	148	1.208
53	149	0.553925
53	150	0.571794
53	151	1.21925
53	155	1.24434
53	160	1.23609
53	161	1.23609
53	165	0.56033
53	167	0.578476
53	174	1.24648
53	178	0.573946
53	179	0.569989
54	5	0.473022
54	91	0.470978
54	107	0.48724
54	116	0.495781
54	119	0.461829
54	123	0.502617
54	148	0.500036
54	164	1.34765
54	166	1.38735
54	169	1.34665
54	171	1.35789
54	173	1.35096
54	175	1.35868
54	176	1.40925
54	177	1.36515
54	178	1.3435
54	180	1.33292
55	35	1.34789
55	49	1.28213
55	60	1.30877
55	69	1.41985
55	99	0.526315
55	109	1.35715
55	111	1.41184
55	119	1.37152
55	120	1.37873
55	132	0.469531
55	149	0.473759
55	156	1.30085
55	159	0.469129
55	167	0.498309
55	168	0.495138
55	170	0.470071
55	176	1.42127
56	103	0.476089
56	108	0.489198
56	142	1.37454
56	147	0.49237
56	154	0.489854
56	155	0.47405
56	158	1.33345
56	161	0.470632
56	162	0.50039
56	165	1.36299
56	169	1.35971
56	172	1.37377
56	173	1.36402
56	177	1.37822
56	178	1.35657
56	179	1.35074
56	180	1.34598
57	58	0.442156
57	103	0.495724
57	130	0.489256
57	152	0.486575
57	153	0.489976
57	156	1.30382
57	160	0.495218
57	165	1.3649
57	166	1.40233
57	167	1.34568
57	169	1.36162
57	172	1.37569
57	173	1.36594
57	174	0.492308
57	175	1.37366
57	178	1.35848
57	180	1.3479
58	42	0.412149
58	57	0.442156
58	68	1.4291
58	92	0.505788
58	109	0.43961
58	114	0.452283
58	131	1.48705
58	139	1.42322
58	140	1.45923
58	141	1.39174
58	142	0.441979
58	152	1.4569
58	157	1.4225
58	159	1.46094
58	162	1.42323
58	163	1.44609
58	179	0.45095
58	180	0.460744
59	1	0.423335
59	67	0.459493
59	68	0.480712
59	91	0.425389
59	117	1.41749
59	131	0.424621
59	151	0.456506
59	157	0.453349
59	162	0.466651
59	164	1.4384
59	167	1.42145
59	168	1.44204
59	169	1.4374
59	173	1.44171
59	175	1.44943
59	176	1.5
59	179	1.42843
59	180	1.42367
60	29	1.4412
60	32	0.563962
60	35	1.27348
60	55	1.30877
60	69	1.34545
60	72	0.533738
60	75	1.33492
60	85	1.26071
60	101	0.539994
60	109	1.28274
60	119	1.29711
60	134	1.28233
60	149	0.484231
60	151	0.501904
60	156	1.22645
60	164	0.500829
60	166	0.479734
60	176	1.34686
61	24	0.529555
61	78	0.490312
61	85	0.518431
61	123	0.532004
61	137	1.28114
61	145	0.504989
61	146	0.507759
61	166	1.34462
61	168	1.30857
61	170	0.510122
61	171	1.31516
61	172	1.31798
61	173	1.30823
61	175	1.31595
61	177	1.32242
61	178	1.30078
61	179	1.29495
61	180	1.29019
62	80	0.471551
62	116	1.43658
62	125	0.431216
62	126	1.38114
62	140	1.45948
62	141	1.39199
62	152	1.45715
62	153	1.46599
62	156	0.489936
62	158	0.47368
62	159	1.46119
62	162	1.42348
62	163	1.44634
62	170	1.47666
62	174	0.439
62	175	0.452543
62	176	0.402398
62	177	0.445488
63	43	0.541986
63	51	0.503405
63	76	0.475868
63	97	0.526105
63	147	0.52277
63	151	0.520645
63	157	1.28333
63	159	1.32178
63	162	1.28407
63	163	1.30693
63	167	1.29579
63	170	1.33725
63	173	1.31605
63	174	0.503072
63	175	1.32377
63	177	1.33024
63	179	1.30277
63	180	1.29801
64	30	1.50441
64	40	1.44726
64	71	1.34761
64	73	0.490839
64	113	1.43868
64	123	1.40951
64	128	1.42441
64	129	1.49015
64	130	0.4231
64	141	0.48094
64	146	1.47485
64	147	1.41777
64	158	0.460832
64	165	0.432457
64	169	0.437072
64	172	0.435506
64	173	0.44568
64	174	1.44536
65	89	0.421376
65	112	1.47493
65	121	1.40253
65	126	1.37995
65	127	0.471882
65	132	1.47278
65	152	1.45597
65	153	1.46481
65	157	1.42156
65	159	1.46001
65	162	1.4223
65	163	1.44515
65	165	0.454304
65	172	0.457354
65	173	0.467527
65	175	0.461543
65	176	0.411397
65	179	0.463962
66	9	1.20688
66	14	1.29677
66	16	1.28819
66	38	1.33365
66	51	1.37872
66	72	0.557649
66	78	0.484645
66	88	1.30768
66	95	1.44997
66	98	1.28469
66	102	0.494364
66	104	1.34183
66	115	1.20257
66	127	1.30906
66	130	0.50519
66	150	0.526011
66	164	0.52474
66	171	0.512661
67	59	0.459493
67	71	1.22882
67	74	1.26028
67	78	1.37841
67	90	1.2366
67	107	1.32479
67	113	1.3199
67	124	1.31921
67	128	1.30563
67	133	0.514515
67	135	0.524087
67	136	0.534079
67	146	1.35606
67	170	1.34372
67	174	1.32657
67	175	0.519242
67	178	0.52562
67	180	0.531456
68	27	0.484415
68	58	1.4291
68	59	0.480712
68	100	1.35263
68	116	1.29777
68	121	1.2649
68	126	1.24232
68	141	1.25318
68	142	0.53391
68	152	1.31834
68	153	1.32718
68	159	1.32238
68	161	0.524877
68	162	1.28467
68	163	1.30753
68	176	0.490315
68	178	0.546839
68	179	0.542881
69	6	0.445744
69	31	1.28956
69	45	0.520754
69	49	1.31881
69	55	1.41985
69	60	1.34545
69	109	1.39383
69	111	1.44852
69	113	0.462989
69	119	1.4082
69	120	1.41541
69	127	1.3649
69	140	0.456474
69	154	0.481694
69	156	1.33753
69	168	0.485791
69	174	0.464512
69	176	1.45794
69	179	0.480475
70	23	0.509581
70	28	0.452167
70	51	0.4745
70	76	0.446963
70	88	0.50018
70	111	1.42588
70	119	1.38556
70	120	1.39278
70	152	0.468434
70	153	0.471834
70	156	1.3149
70	159	0.469437
70	168	1.37735
70	175	1.38474
70	176	1.43531
70	177	1.39121
70	178	1.36956
70	179	1.36374
70	180	1.35898
71	30	1.31216
71	40	1.25502
71	64	1.34761
71	67	1.22882
71	77	0.579918
71	78	1.30495
71	83	1.25053
71	89	0.516813
71	113	1.24644
71	124	1.24576
71	128	1.23217
71	129	1.2979
71	144	0.541693
71	147	1.22553
71	172	0.55279
71	174	1.25311
71	176	0.506834
71	177	0.549923
71	179	0.559399
72	1	0.518947
72	20	1.23344
72	60	0.533738
72	66	0.557649
72	74	1.21258
72	81	1.27174
72	98	0.562784
72	106	0.532834
72	118	0.548957
72	121	0.539283
72	146	1.30836
72	147	1.25128
72	166	1.31121
72	167	1.25456
72	168	1.27515
72	170	1.29601
72	178	1.26736
72	179	1.26154
72	180	1.25678
73	64	0.490839
73	119	0.527133
73	122	0.528067
73	126	0.584063
73	142	1.28053
73	148	0.56534
73	155	0.551204
73	158	1.23944
73	163	0.54677
73	167	1.24976
73	168	1.27035
73	171	1.27695
73	172	1.27976
73	173	1.27001
73	175	1.27773
73	177	1.28421
73	178	1.26256
73	179	1.25673
73	180	1.25197
74	7	0.514012
74	13	0.545468
74	41	0.511925
74	43	1.2324
74	67	1.26028
74	72	1.21258
74	76	1.31854
74	82	1.26885
74	86	1.22191
74	123	1.24872
74	136	0.568404
74	146	1.31407
74	147	1.25699
74	154	1.27937
74	161	0.537983
74	170	1.30172
74	173	0.559551
74	174	1.28457
74	180	0.56578
75	49	1.30828
75	60	1.33492
75	85	1.36127
75	89	1.44287
75	109	1.38331
75	111	1.43799
75	118	0.477436
75	119	1.39767
75	120	1.40489
75	127	1.35438
75	132	0.458697
75	156	1.32701
75	158	0.497705
75	168	0.484304
75	170	0.459238
75	172	0.47238
75	176	1.44742
75	177	0.469513
75	178	0.482946
76	11	1.33074
76	19	1.33988
76	21	1.54497
76	63	0.475868
76	70	0.446963
76	74	1.31854
76	78	1.43667
76	86	1.32216
76	99	0.510391
76	101	1.30079
76	124	1.37747
76	129	1.42962
76	143	0.487864
76	146	1.41432
76	155	0.459313
76	173	0.477463
76	174	1.38483
76	177	0.464423
76	180	0.483692
77	34	1.28546
77	36	0.523387
77	50	0.507339
77	53	1.18101
77	71	0.579918
77	96	1.25623
77	97	1.25303
77	105	1.27573
77	108	1.26364
77	125	1.30771
77	126	0.555858
77	137	0.540125
77	138	0.548755
77	145	1.28577
77	151	1.25816
77	155	1.28325
77	160	1.275
77	161	1.275
77	180	0.547378
78	61	0.490312
78	66	0.484645
78	67	1.37841
78	71	1.30495
78	76	1.43667
78	86	1.34004
78	101	1.31866
78	113	1.39603
78	117	0.494842
78	124	1.39535
78	144	0.459799
78	146	1.4322
78	147	1.37512
78	159	0.456812
78	166	0.456945
78	170	1.41985
78	173	0.481069
78	174	1.40271
78	178	0.481463
79	48	0.517961
79	85	0.489108
79	94	0.501759
79	110	0.496681
79	116	1.33189
79	126	1.27644
79	131	1.38261
79	136	1.31824
79	140	1.35478
79	141	1.2873
79	152	1.35246
79	153	1.3613
79	157	1.31805
79	158	0.519267
79	159	1.3565
79	160	0.487497
79	162	1.31879
79	163	1.34164
79	164	0.501085
79	177	0.491074
80	27	0.475187
80	52	0.501597
80	62	0.471551
80	112	0.505614
80	121	0.522426
80	122	0.495931
80	144	1.32791
80	145	0.508768
80	150	1.31272
80	159	0.51296
80	165	1.33266
80	167	1.31343
80	168	1.33402
80	172	1.34344
80	173	1.33369
80	176	1.39198
80	177	1.34788
80	178	1.32623
80	179	1.32041
80	180	1.31565
81	19	1.29879
81	20	1.29832
81	43	1.29156
81	72	1.27174
81	82	1.32802
81	84	0.494505
81	87	1.40618
81	91	1.35869
81	123	1.30789
81	127	0.507902
81	129	1.38853
81	143	0.513948
81	146	1.37323
81	147	1.31616
81	164	0.500517
81	169	0.494939
81	170	1.36089
81	175	0.497562
81	177	0.490507
81	180	0.509776
82	30	1.39419
82	40	1.33705
82	47	0.510954
82	74	1.26885
82	81	1.32802
82	91	1.35009
82	94	0.478966
82	106	0.460082
82	107	1.33336
82	115	0.580892
82	117	0.495095
82	123	1.29929
82	128	1.3142
82	129	1.37993
82	147	1.30756
82	156	0.512731
82	164	0.478292
82	170	1.35229
82	174	1.33515
82	180	0.487551
83	16	0.538409
83	20	1.30286
83	52	0.45431
83	71	1.25053
83	96	0.48624
83	115	0.5895
83	116	0.481661
83	118	0.484813
83	124	1.34092
83	129	1.39307
83	147	1.3207
83	151	0.487975
83	154	1.34307
83	161	0.468362
83	168	1.34457
83	175	1.35195
83	177	1.35842
83	178	1.33678
83	179	1.33095
83	180	1.32619
84	23	0.531039
84	49	0.536463
84	81	0.494505
84	87	0.466807
84	106	0.493913
84	111	0.483276
84	133	1.33442
84	150	1.31531
84	155	0.497003
84	159	0.490895
84	164	1.33296
84	166	1.37266
84	167	1.31602
84	168	1.33661
84	169	1.33196
84	172	1.34602
84	175	1.34399
84	178	1.32882
84	179	1.32299
84	180	1.31823
85	7	0.46365
85	29	1.46754
85	60	1.26071
85	61	0.518431
85	75	1.36127
85	79	0.489108
85	89	1.36866
85	109	1.30909
85	111	1.36378
85	119	1.32346
85	120	1.33067
85	127	1.28016
85	134	1.30867
85	137	0.508164
85	138	0.516794
85	150	0.507429
85	156	1.25279
85	169	0.500581
85	175	0.503204
85	176	1.3732
86	2	0.614451
86	74	1.22191
86	76	1.32216
86	78	1.34004
86	89	0.477898
86	91	1.30314
86	129	1.33299
86	130	1.31901
86	134	0.51403
86	137	0.523025
86	138	0.531655
86	145	1.28857
86	146	1.31769
86	148	1.24972
86	151	1.26097
86	160	1.2778
86	161	1.2778
86	172	0.513875
86	173	0.524049
86	174	1.2882
86	177	0.511009
87	32	0.535952
87	41	0.428223
87	47	0.50548
87	81	1.40618
87	84	0.466807
87	90	1.32334
87	91	1.42825
87	101	1.32926
87	113	1.40663
87	120	0.447185
87	124	1.40595
87	128	1.39236
87	129	1.45809
87	146	1.4428
87	147	1.38572
87	154	1.4081
87	166	0.451725
87	169	0.467241
87	174	1.41331
87	176	0.419719
87	180	0.482078
88	4	1.35856
88	9	1.16972
88	14	1.25961
88	38	1.29649
88	51	1.34156
88	52	1.35622
88	66	1.30768
88	70	0.50018
88	95	1.41282
88	98	1.24753
88	99	0.563608
88	103	1.30782
88	104	1.30467
88	115	1.16541
88	127	1.2719
88	136	0.539532
88	144	0.509409
88	149	0.511052
88	154	0.528334
88	175	0.524695
88	178	0.531073
89	28	0.436516
89	65	0.421376
89	71	0.516813
89	75	1.44287
89	85	1.36866
89	86	0.477898
89	101	0.51418
89	107	0.461235
89	109	1.3907
89	119	1.40506
89	127	1.36177
89	130	0.455464
89	152	0.452783
89	164	1.39321
89	172	1.40627
89	174	0.458516
89	175	1.40424
89	176	1.45481
89	177	1.41071
89	179	1.38324
89	180	1.37848
90	44	0.567806
90	50	0.52878
90	67	1.2366
90	87	1.32334
90	94	0.560234
90	113	1.25422
90	117	0.576363
90	123	1.22504
90	131	1.28869
90	137	0.561566
90	140	1.26086
90	146	1.29039
90	147	1.23331
90	153	1.26737
90	157	1.22413
90	159	1.26258
90	160	0.545972
90	162	1.22486
90	163	1.24772
90	174	1.2609
90	176	0.50646
90	179	0.559025
91	19	1.32086
91	32	0.551226
91	45	0.527837
91	54	0.470978
91	59	0.425389
91	81	1.35869
91	82	1.35009
91	86	1.30314
91	87	1.42825
91	101	1.28177
91	102	0.457716
91	107	1.36403
91	123	1.32996
91	124	1.35845
91	129	1.4106
91	146	1.39531
91	147	1.33823
91	154	1.3606
91	156	0.522531
91	164	0.488093
91	166	0.466998
91	167	0.496045
92	39	0.544466
92	58	0.505788
92	98	0.584178
92	131	0.541627
92	133	1.26131
92	149	1.25822
92	150	1.2422
92	152	0.550207
92	156	1.20105
92	160	0.558851
92	165	1.26214
92	166	1.29956
92	167	1.24291
92	168	1.26351
92	170	0.552152
92	171	1.2701
92	174	0.55594
92	175	1.27089
92	177	1.27736
92	178	1.25571
92	179	1.24989
92	180	1.24513
93	24	1.32904
93	47	0.523728
93	97	1.3419
93	108	1.35251
93	118	1.34325
93	122	1.40196
93	128	1.35332
93	137	0.493073
93	140	0.466531
93	143	1.32629
93	148	1.33578
93	151	1.34703
93	154	1.36905
93	155	1.37212
93	160	1.36387
93	161	1.36387
93	168	0.495847
93	171	0.478988
93	172	0.483923
93	177	0.481056
93	178	0.49449
93	179	0.490532
94	24	0.517956
94	40	0.493141
94	51	0.502644
94	79	0.501759
94	82	0.478966
94	90	0.560234
94	123	0.520405
94	135	1.29978
94	142	1.33222
94	144	1.31592
94	148	0.517825
94	149	1.31676
94	150	1.30074
94	155	0.503689
94	158	1.29113
94	167	1.30145
94	171	1.32864
94	173	1.3217
94	175	1.32943
94	177	1.3359
94	178	1.31425
94	179	1.30843
94	180	1.30367
95	9	1.31201
95	14	1.40191
95	16	1.39333
95	38	1.43879
95	45	0.501776
95	51	1.48385
95	52	1.49852
95	66	1.44997
95	88	1.41282
95	98	1.38983
95	103	1.45011
95	104	1.44697
95	110	0.457628
95	111	0.433185
95	114	0.46283
95	115	1.3077
95	127	1.41419
95	129	0.42972
95	136	0.473915
95	154	0.462716
95	165	0.451839
95	168	0.466813
95	178	0.465455
96	27	1.38552
96	46	1.41255
96	53	1.21732
96	77	1.25623
96	83	0.48624
96	125	1.34402
96	130	1.35252
96	135	0.519365
96	143	1.27374
96	148	1.28323
96	151	1.29448
96	154	1.3165
96	155	1.31957
96	156	0.551913
96	160	1.31131
96	161	1.31131
96	165	0.507282
96	166	0.49638
96	168	0.522255
96	170	0.497189
96	173	0.520505
96	174	1.32171
96	177	0.507464
97	34	1.31857
97	63	0.526105
97	77	1.25303
97	93	1.3419
97	102	0.494294
97	105	1.30885
97	122	1.34621
97	124	0.508786
97	125	1.34082
97	130	1.34932
97	139	0.528611
97	145	1.31888
97	148	1.28003
97	149	0.508072
97	150	0.525941
97	151	1.29128
97	155	1.31637
97	160	1.30811
97	161	1.30811
97	169	0.519092
97	174	1.31851
97	176	0.47157
97	179	0.524135
98	4	1.33557
98	9	1.14673
98	14	1.23662
98	16	1.22805
98	21	1.44784
98	38	1.2735
98	51	1.31857
98	52	1.33323
98	66	1.28469
98	72	0.562784
98	88	1.24753
98	92	0.584178
98	95	1.38983
98	103	1.28483
98	104	1.28168
98	110	0.525471
98	115	1.14242
98	127	1.24891
98	143	0.543306
98	163	0.510321
98	164	0.529875
98	166	0.50878
98	174	0.513377
98	175	0.52692
99	6	0.518827
99	37	0.531623
99	42	1.35703
99	55	0.526315
99	76	0.510391
99	88	0.563608
99	121	0.542332
99	122	0.515836
99	146	0.531445
99	149	1.26943
99	150	1.25341
99	151	0.555168
99	164	1.27107
99	165	1.27335
99	166	1.31077
99	169	1.27007
99	171	1.28131
99	172	1.28413
99	173	1.27438
99	175	1.2821
99	177	1.28857
99	178	1.26693
99	179	1.2611
99	180	1.25634
100	25	1.44284
100	33	1.44147
100	47	0.510061
100	68	1.35263
100	117	0.494203
100	126	1.30442
100	130	0.457849
100	132	1.39725
100	137	0.479406
100	139	1.34675
100	140	1.38276
100	141	1.31528
100	143	0.49083
100	146	0.454751
100	150	0.47867
100	152	1.38043
100	153	1.38927
100	157	1.34603
100	159	1.38448
100	162	1.34676
100	163	1.36962
100	167	0.485352
100	172	0.470256
100	180	0.486659
101	3	0.508965
101	19	1.22188
101	21	1.42696
101	40	1.26873
101	43	1.21465
101	60	0.539994
101	76	1.30079
101	78	1.31866
101	87	1.32926
101	89	0.51418
101	91	1.28177
101	106	0.53909
101	107	1.26504
101	113	1.26015
101	123	1.23097
101	135	0.559191
101	142	0.547795
101	145	0.531881
101	146	1.29632
101	147	1.23924
101	154	1.26161
101	157	0.555218
101	170	1.28397
101	176	0.5042
102	34	0.509513
102	38	0.482445
102	66	0.494364
102	91	0.457716
102	97	0.494294
102	111	0.458911
102	123	0.489355
102	138	1.34723
102	149	1.37219
102	150	1.35617
102	155	0.472638
102	158	1.34656
102	163	0.468205
102	164	1.37383
102	165	1.37611
102	166	1.41353
102	169	1.37283
102	170	0.467473
102	172	1.38689
102	173	1.37714
102	175	1.38486
102	178	1.36969
102	179	1.36386
102	180	1.3591
103	14	1.29691
103	26	0.556605
103	52	1.39352
103	56	0.476089
103	57	0.495724
103	88	1.30782
103	95	1.45011
103	98	1.28483
103	104	1.34197
103	105	0.497002
103	114	0.505851
103	127	1.3092
103	139	1.31195
103	141	1.28047
103	152	1.34563
103	153	1.35447
103	157	1.31122
103	162	1.31196
103	163	1.33481
103	167	0.513006
103	170	1.36514
103	175	0.502099
103	176	0.451953
103	177	0.495043
103	180	0.514312
104	4	1.39272
104	9	1.20387
104	14	1.29376
104	16	1.28519
104	21	1.50498
104	38	1.33064
104	51	1.37571
104	52	1.39038
104	66	1.34183
104	88	1.30467
104	95	1.44697
104	98	1.28168
104	103	1.34197
104	108	0.508876
104	115	1.19956
104	127	1.30605
104	133	0.501166
104	134	0.501859
104	138	0.519484
104	159	0.48762
104	164	0.508848
104	172	0.501704
104	175	0.505893
104	176	0.455747
104	180	0.518107
105	24	1.29598
105	46	1.43205
105	77	1.27573
105	97	1.30885
105	103	0.497002
105	108	1.31945
105	118	1.3102
105	121	0.498323
105	125	1.36352
105	130	1.37202
105	141	0.548374
105	144	0.491843
105	145	1.34158
105	148	1.30273
105	154	1.336
105	155	1.33907
105	160	1.33081
105	161	1.33081
105	163	0.49053
105	166	0.488989
105	173	0.513114
105	174	1.34121
105	176	0.456984
105	177	0.500073
105	180	0.519343
106	8	1.39596
106	44	0.508171
106	48	1.27602
106	72	0.532834
106	82	0.460082
106	84	0.493913
106	101	0.53909
106	134	0.492936
106	139	1.31065
106	140	1.34665
106	144	0.481684
106	145	1.34707
106	148	1.30821
106	149	0.483327
106	152	1.34433
106	153	1.35317
106	155	1.34455
106	157	1.30992
106	158	0.518107
106	160	1.3363
106	161	1.3363
106	162	1.31066
106	163	1.33352
106	174	1.34669
106	175	0.49697
107	14	0.507594
107	15	0.527611
107	19	1.30413
107	20	1.30366
107	43	1.29691
107	54	0.48724
107	67	1.32479
107	82	1.33336
107	89	0.461235
107	91	1.36403
107	101	1.26504
107	123	1.31323
107	124	1.34172
107	129	1.39387
107	134	0.497367
107	146	1.37857
107	147	1.3215
107	154	1.34387
107	170	1.36623
107	173	0.507385
107	174	1.34908
107	177	0.494345
107	178	0.507779
107	179	0.503821
107	180	0.513615
108	10	1.47973
108	19	0.459495
108	28	1.38875
108	56	0.489198
108	77	1.26364
108	93	1.35251
108	104	0.508876
108	105	1.31945
108	116	0.512924
108	118	1.2981
108	119	0.478972
108	122	1.35681
108	125	1.35143
108	142	0.508657
108	143	1.28114
108	144	0.499922
108	145	1.32949
108	148	1.29063
108	154	1.3239
108	155	1.32697
108	160	1.31872
108	161	1.31872
108	166	0.497068
108	167	0.526115
108	168	0.522944
109	1	1.35869
109	15	0.529516
109	31	1.22686
109	49	1.25611
109	55	1.35715
109	58	0.43961
109	60	1.28274
109	69	1.39383
109	75	1.38331
109	85	1.30909
109	89	1.3907
109	111	1.38582
109	117	0.523063
109	120	1.35271
109	123	0.507857
109	127	1.3022
109	133	0.498579
109	134	1.33071
109	137	0.508266
109	138	0.516896
109	156	1.27483
109	166	0.485166
109	171	0.494181
109	176	1.39524
109	179	0.505725
110	21	0.437006
110	31	0.55738
110	48	0.530607
110	79	0.496681
110	95	0.457628
110	98	0.525471
110	135	1.31395
110	144	1.33009
110	150	1.3149
110	153	0.494901
110	155	0.498611
110	158	1.30529
110	160	0.500143
110	164	1.33256
110	165	1.33484
110	166	1.37226
110	167	1.31561
110	169	1.33156
110	173	1.33587
110	174	0.497233
110	176	1.39417
110	177	1.35006
110	178	1.32842
110	179	1.32259
110	180	1.31783
111	1	1.41337
111	31	1.28155
111	35	1.37655
111	42	0.449952
111	49	1.31079
111	55	1.41184
111	69	1.44852
111	70	1.42588
111	75	1.43799
111	84	0.483276
111	85	1.36378
111	95	0.433185
111	102	0.458911
111	109	1.38582
111	119	1.40018
111	120	1.4074
111	127	1.35689
111	133	0.481606
111	135	0.491178
111	155	0.474167
111	156	1.32952
111	159	0.46806
111	171	0.477209
111	176	1.44993
111	179	0.488753
111	180	0.498547
112	17	1.32699
112	22	1.32099
112	23	1.32479
112	34	0.511316
112	65	1.47493
112	80	0.505614
112	116	1.34453
112	124	0.473677
112	126	1.28909
112	131	1.39526
112	138	0.500197
112	139	1.33142
112	140	1.36743
112	141	1.29994
112	152	1.3651
112	153	1.37394
112	156	0.523999
112	157	1.3307
112	159	1.36915
112	162	1.33143
112	163	1.35429
112	164	0.489561
112	167	0.497514
112	176	0.436461
112	177	0.479551
112	178	0.492984
112	180	0.49882
113	20	1.29876
113	21	1.50433
113	28	0.461616
113	30	1.40324
113	42	0.460778
113	64	1.43868
113	67	1.3199
113	69	0.462989
113	71	1.24644
113	78	1.39603
113	87	1.40663
113	90	1.25422
113	101	1.26015
113	124	1.33683
113	127	0.507498
113	136	0.511996
113	137	0.50212
113	146	1.37368
113	147	1.31661
113	154	1.33898
113	167	0.508066
113	170	1.36134
113	171	0.488035
113	173	0.503144
113	174	1.34419
113	178	0.503537
113	179	0.499579
114	11	0.524372
114	29	0.43522
114	32	1.26232
114	58	0.452283
114	95	0.46283
114	103	0.505851
114	129	0.486621
114	137	1.33322
114	145	0.493514
114	150	1.33935
114	154	0.519617
114	157	0.51685
114	158	1.32974
114	159	0.497705
114	163	0.499379
114	164	1.357
114	165	1.35928
114	166	1.3967
114	167	1.34006
114	171	1.36725
114	172	1.37006
114	173	1.36031
114	175	1.36803
114	177	1.37451
114	178	1.35286
114	179	1.34703
114	180	1.34227
115	9	1.06461
115	14	1.1545
115	51	1.23645
115	52	1.25111
115	66	1.20257
115	82	0.580892
115	83	0.5895
115	88	1.16541
115	95	1.3077
115	98	1.14242
115	104	1.19956
115	122	1.23328
115	125	1.22789
115	130	1.23639
115	135	0.622625
115	140	0.596199
115	144	0.602494
115	151	1.17835
115	154	1.20037
115	155	1.20344
115	160	1.19519
115	161	1.19519
115	169	0.615157
115	171	0.608656
115	174	1.20558
115	176	0.567635
115	178	0.624158
116	6	1.37535
116	13	1.30508
116	45	0.55264
116	54	0.495781
116	62	1.43658
116	68	1.29777
116	79	1.33189
116	83	0.481661
116	108	0.512924
116	112	1.34453
116	121	1.27214
116	126	1.24955
116	139	1.29189
116	140	1.32789
116	141	1.26041
116	144	0.494655
116	153	1.33441
116	157	1.29116
116	158	0.531077
116	159	1.32961
116	162	1.2919
116	163	1.31476
116	166	0.491801
116	168	0.517676
116	170	1.34508
116	172	0.505752
116	177	0.502885
116	180	0.522155
117	10	0.451326
117	30	0.487937
117	39	0.506966
117	45	1.26468
117	59	1.41749
117	78	0.494842
117	82	0.495095
117	90	0.576363
117	100	0.494203
117	109	0.523063
117	137	1.29146
117	139	0.538878
117	140	0.510402
117	142	1.32907
117	144	1.31277
117	158	1.28797
117	164	1.31524
117	168	1.31889
117	169	1.31424
117	171	1.32548
117	172	1.3283
117	173	1.31855
117	174	0.51844
117	175	1.32627
117	177	1.33274
117	178	1.31109
117	179	1.30527
117	180	1.30051
118	8	1.36913
118	24	1.27463
118	72	0.548957
118	75	0.477436
118	83	0.484813
118	93	1.34325
118	105	1.3102
118	108	1.2981
118	122	1.34756
118	125	1.34217
118	128	1.29891
118	130	1.35067
118	139	0.519988
118	144	0.497807
118	145	1.32023
118	148	1.28138
118	151	1.29263
118	154	1.31465
118	155	1.31772
118	160	1.30946
118	161	1.30946
118	164	0.516048
118	165	0.505855
118	169	0.51047
118	173	0.519078
118	174	1.31986
118	175	0.513093
118	179	0.515513
119	1	1.37305
119	15	0.5022
119	29	1.50395
119	35	1.33623
119	36	0.464212
119	49	1.27047
119	54	0.461829
119	55	1.37152
119	60	1.29711
119	69	1.4082
119	70	1.38556
119	73	0.527133
119	75	1.39767
119	85	1.32346
119	89	1.40506
119	108	0.478972
119	111	1.40018
119	120	1.36708
119	127	1.31657
119	134	1.34508
119	141	0.517234
119	154	0.479628
119	156	1.2892
119	162	0.490163
119	166	0.457849
119	172	0.4718
119	176	1.40961
119	177	0.468933
119	178	0.482367
120	1	1.38027
120	29	1.51116
120	31	1.24844
120	35	1.34345
120	42	0.453166
120	49	1.27769
120	55	1.37873
120	69	1.41541
120	70	1.39278
120	75	1.40489
120	85	1.33067
120	87	0.447185
120	109	1.35271
120	111	1.4074
120	119	1.36708
120	122	0.454245
120	127	1.32378
120	133	0.48482
120	134	1.35229
120	136	0.504384
120	141	0.530791
120	142	0.482996
120	143	0.505932
120	156	1.29641
120	161	0.473963
120	165	0.482308
120	172	0.485358
120	176	1.41682
120	180	0.50176
121	2	0.599806
121	13	1.27221
121	16	0.557882
121	18	0.53188
121	25	1.35511
121	65	1.40253
121	68	1.2649
121	72	0.539283
121	80	0.522426
121	99	0.542332
121	105	0.498323
121	116	1.27214
121	126	1.21669
121	131	1.32286
121	132	1.30952
121	138	0.51701
121	139	1.25902
121	140	1.29503
121	141	1.22755
121	149	0.489776
121	152	1.2927
121	153	1.30154
121	157	1.2583
121	159	1.29675
121	162	1.25904
121	163	1.28189
121	164	0.506374
121	169	0.500796
121	170	1.31222
122	28	1.43821
122	34	1.37863
122	73	0.528067
122	80	0.495931
122	93	1.40196
122	97	1.34621
122	99	0.515836
122	108	1.35681
122	115	1.23328
122	118	1.34756
122	120	0.454245
122	125	1.40088
122	130	1.40938
122	140	0.455342
122	143	1.3306
122	145	1.37894
122	148	1.34009
122	151	1.35134
122	154	1.37336
122	155	1.37643
122	160	1.36817
122	161	1.36817
122	162	0.491098
122	164	0.479878
122	167	0.487831
122	168	0.484659
122	170	0.459593
122	171	0.4678
122	178	0.483302
123	11	1.26093
123	17	1.27454
123	26	0.571283
123	30	1.37406
123	43	1.26284
123	54	0.502617
123	61	0.532004
123	64	1.40951
123	74	1.24872
123	81	1.30789
123	82	1.29929
123	90	1.22504
123	91	1.32996
123	94	0.520405
123	101	1.23097
123	102	0.489355
123	107	1.31323
123	109	0.507857
123	124	1.30766
123	128	1.29407
123	129	1.3598
123	132	0.498906
123	142	0.510226
123	146	1.34451
123	154	1.3098
123	158	0.537913
123	163	0.500178
123	170	1.33216
123	172	0.512588
123	174	1.31501
123	179	0.519197
124	7	0.459742
124	17	1.30303
124	30	1.40255
124	40	1.34541
124	41	0.457655
124	67	1.31921
124	71	1.24576
124	76	1.37747
124	78	1.39535
124	83	1.34092
124	87	1.40595
124	91	1.35845
124	97	0.508786
124	107	1.34172
124	112	0.473677
124	113	1.33683
124	123	1.30766
124	129	1.3883
124	133	0.49457
124	138	0.512887
124	143	0.515682
124	146	1.373
124	147	1.31592
124	154	1.3383
124	157	0.500168
124	167	0.510203
124	170	1.36066
124	171	0.490172
124	172	0.495107
124	174	1.34351
124	175	0.499296
124	177	0.49224
125	2	0.587285
125	24	1.32795
125	39	1.36355
125	53	1.2688
125	62	0.431216
125	77	1.30771
125	96	1.34402
125	97	1.34082
125	105	1.36352
125	108	1.35143
125	115	1.22789
125	118	1.34217
125	122	1.40088
125	129	0.46154
125	130	1.40399
125	136	0.505735
125	142	0.484347
125	145	1.37356
125	149	0.477255
125	150	0.495123
125	151	1.34595
125	154	1.36797
125	155	1.37104
125	158	0.512035
125	160	1.36279
125	161	1.36279
125	168	0.498633
125	169	0.488275
125	171	0.481774
125	173	0.496883
125	174	1.37318
125	179	0.493318
126	6	1.3199
126	62	1.38114
126	65	1.37995
126	68	1.24232
126	73	0.584063
126	77	0.555858
126	79	1.27644
126	100	1.30442
126	112	1.28909
126	116	1.24955
126	121	1.21669
126	131	1.30028
126	132	1.28694
126	133	0.528193
126	134	0.528885
126	138	0.54651
126	139	1.23644
126	140	1.27245
126	152	1.27012
126	153	1.27896
126	157	1.23572
126	159	1.27417
126	160	0.522287
126	162	1.23645
126	163	1.25931
126	165	0.525681
126	170	1.28964
126	171	0.523795
126	175	0.532919
126	176	0.482774
126	179	0.535339
126	180	0.545133
127	4	1.35994
127	16	1.25241
127	25	0.474257
127	38	1.29787
127	52	1.3576
127	65	0.471882
127	66	1.30906
127	69	1.3649
127	75	1.35438
127	81	0.507902
127	85	1.28016
127	88	1.2719
127	89	1.36177
127	95	1.41419
127	98	1.24891
127	103	1.3092
127	104	1.30605
127	109	1.3022
127	111	1.35689
127	113	0.507498
127	119	1.31657
127	120	1.32378
127	133	0.517838
127	137	0.527526
127	152	0.503288
127	156	1.2459
127	165	0.515327
127	166	0.504425
127	170	0.505234
127	172	0.518376
127	173	0.52855
127	176	1.36631
127	179	0.524985
128	3	0.466919
128	11	1.27584
128	43	1.27775
128	47	0.547915
128	64	1.42441
128	67	1.30563
128	71	1.23217
128	82	1.3142
128	87	1.39236
128	93	1.35332
128	118	1.29891
128	123	1.29407
128	130	1.36073
128	133	0.507573
128	145	1.3303
128	147	1.30234
128	148	1.29144
128	151	1.30269
128	152	0.493023
128	155	1.32778
128	158	0.533436
128	160	1.31953
128	161	1.31953
128	164	0.515254
128	165	0.505061
128	166	0.49416
128	167	0.523206
128	168	0.520035
128	170	1.34707
128	174	1.32992
128	176	0.462154
128	178	0.518677
128	180	0.524513
129	7	0.443314
129	11	1.34157
129	43	1.34348
129	64	1.49015
129	71	1.2979
129	76	1.42962
129	81	1.38853
129	82	1.37993
129	83	1.39307
129	86	1.33299
129	87	1.45809
129	91	1.4106
129	95	0.42972
129	107	1.39387
129	114	0.486621
129	123	1.3598
129	124	1.3883
129	125	0.46154
129	134	0.478834
129	146	1.42515
129	147	1.36807
129	153	0.466992
129	154	1.39044
129	157	0.48374
129	158	0.504004
129	163	0.466269
129	166	0.464728
129	169	0.480245
129	170	1.4128
129	172	0.478679
129	174	1.39565
129	177	0.475812
129	179	0.485288
130	2	0.592017
130	28	1.44132
130	42	0.459249
130	48	1.31101
130	57	0.489256
130	64	0.4231
130	66	0.50519
130	86	1.31901
130	89	0.455464
130	96	1.35252
130	97	1.34932
130	100	0.457849
130	105	1.37202
130	115	1.23639
130	118	1.35067
130	122	1.40938
130	125	1.40399
130	128	1.36073
130	143	1.33371
130	144	0.480344
130	145	1.38205
130	146	0.475936
130	148	1.3432
130	151	1.35445
130	154	1.37647
130	155	1.37954
130	156	0.533023
130	160	1.37128
130	161	1.37128
130	169	0.493007
130	174	1.38168
130	175	0.49563
130	176	0.445484
130	178	0.502008
131	19	0.428656
131	22	1.33217
131	23	1.33598
131	26	0.538876
131	58	1.48705
131	59	0.424621
131	79	1.38261
131	90	1.28869
131	92	0.541627
131	112	1.39526
131	121	1.32286
131	126	1.30028
131	132	1.39311
131	133	0.479643
131	136	1.34207
131	139	1.34261
131	140	1.37862
131	141	1.31113
131	150	0.488595
131	152	1.37629
131	153	1.38513
131	155	0.472204
131	157	1.34189
131	158	0.505506
131	159	1.38034
131	160	0.473737
131	162	1.34262
131	163	1.36548
131	167	0.495277
131	168	0.492105
131	170	1.3958
131	173	0.490354
131	178	0.490747
131	179	0.486789
132	23	1.32264
132	25	1.42535
132	33	1.42399
132	37	1.35319
132	55	0.469531
132	65	1.47278
132	75	0.458697
132	100	1.39725
132	121	1.30952
132	123	0.498906
132	126	1.28694
132	131	1.39311
132	134	0.49032
132	135	0.499199
132	136	1.32873
132	137	0.499315
132	139	1.32927
132	140	1.36528
132	141	1.29779
132	150	0.498579
132	152	1.36295
132	153	1.37179
132	157	1.32855
132	159	1.367
132	162	1.32928
132	163	1.35214
132	166	0.476214
132	170	1.38246
132	171	0.48523
132	173	0.500339
132	176	0.444209
132	177	0.487298
132	178	0.500732
132	180	0.506568
133	11	0.515893
133	33	0.470442
133	50	1.36305
133	67	0.514515
133	84	1.33442
133	92	1.26131
133	104	0.501166
133	109	0.498579
133	111	0.481606
133	120	0.48482
133	124	0.49457
133	126	0.528193
133	127	0.517838
133	128	0.507573
133	131	0.479643
133	138	1.311
133	144	1.33513
133	149	1.33596
133	154	0.511138
133	156	1.27879
133	161	0.491915
133	164	1.3376
133	165	1.33988
