1	38	0.878106
1	48	0.878141
1	67	0.862849
1	76	0.892173
1	100	0.95298
1	113	2.62687
1	149	2.82143
1	165	0.820532
1	166	0.835712
1	170	0.785337
1	175	0.735904
1	176	0.759162
2	24	0.707303
2	27	0.790708
2	29	0.802173
2	34	0.780944
2	41	0.77578
2	42	0.77141
2	43	0.778179
2	52	0.76409
2	57	0.744465
2	137	0.727684
2	151	0.757788
2	154	4.15884
3	23	0.935978
3	31	0.940359
3	49	0.91159
3	64	0.958633
3	69	0.958552
3	78	1.01229
3	141	0.891291
3	162	0.898614
3	163	2.43712
3	167	2.33971
3	170	1.90041
3	174	0.89382
4	44	1.0307
4	49	0.932772
4	64	0.979815
4	69	0.979733
4	78	1.03347
4	141	0.912473
4	150	1.36994
4	156	3.70252
4	162	0.919796
4	166	1.09938
4	174	0.915001
5	40	0.834607
5	50	0.834641
5	53	0.834666
5	62	0.904704
5	73	0.870168
5	80	0.853658
5	81	0.870084
5	141	3.69892
5	166	0.811541
5	168	0.850628
5	174	2.40221
5	176	0.734991
6	12	0.817367
6	13	0.81768
6	17	0.905492
6	18	0.812073
6	20	0.812252
6	35	0.868755
6	37	0.868805
6	39	0.868793
6	45	0.868719
6	61	1.43226
6	114	0.749599
6	177	5.13644
7	36	0.804462
7	66	0.901663
7	75	0.814757
7	87	0.855447
7	90	0.850393
7	91	0.85032
7	98	0.833744
7	102	0.881512
7	108	3.08035
7	139	2.58817
7	165	0.823328
7	170	0.788133
8	23	0.834596
8	44	0.908133
8	49	0.810209
8	61	1.75887
8	64	0.857252
8	69	0.85717
8	78	0.910911
8	137	0.844912
8	141	0.78991
8	154	2.78756
8	162	0.797233
8	174	0.792438
9	100	0.981054
9	106	0.838629
9	123	0.877026
9	135	0.873977
9	160	3.20962
9	161	2.08598
9	166	0.863786
9	168	0.902872
9	170	0.813411
9	175	0.763977
9	176	0.787235
10	40	0.834607
10	50	0.834641
10	53	0.834666
10	62	0.904704
10	73	0.870168
10	80	0.853658
10	81	0.870084
10	113	2.48594
10	145	3.01734
10	166	0.811541
10	168	0.850628
10	176	0.734991
11	38	0.878106
11	48	0.878141
11	67	0.862849
11	76	0.892173
11	100	0.95298
11	165	0.820532
11	166	0.835712
11	170	0.785337
11	171	1.80915
11	175	0.735904
11	176	0.759162
11	177	4.18827
12	6	0.817367
12	13	0.824015
12	17	0.911827
12	18	0.818408
12	20	0.818587
12	35	0.87509
12	37	0.87514
12	39	0.875128
12	45	0.875054
12	54	2.31471
12	157	2.69784
13	6	0.81768
13	12	0.824015
13	17	0.912141
13	18	0.818721
13	20	0.8189
13	35	0.875404
13	37	0.875454
13	39	0.875441
13	45	0.875367
13	125	2.01452
13	162	3.40189
14	135	1.19646
14	136	0.487218
14	150	0.935591
14	160	0.853861
14	164	0.824682
14	169	0.803873
14	173	0.90135
14	177	0.833328
14	178	0.843111
14	179	0.85216
14	180	0.850393
15	58	2.62982
15	137	0.795113
15	153	0.796499
15	155	0.743644
15	157	0.812864
15	167	0.761795
15	171	0.753797
15	172	0.769609
15	177	0.730192
15	178	0.739976
15	179	0.749025
15	180	0.747258
16	30	0.878509
16	65	0.813514
16	83	0.79536
16	84	0.855477
16	93	0.885013
16	96	0.8651
16	99	0.865054
16	151	0.835208
16	166	1.54569
16	168	0.858085
16	174	0.75263
16	179	4.02336
17	6	0.905492
17	12	0.911827
17	13	0.912141
17	18	0.906533
17	20	0.906712
17	35	0.963216
17	37	0.963266
17	39	0.963254
17	45	0.963179
17	56	1.10698
17	159	2.76375
17	163	2.89606
18	6	0.812073
18	12	0.818408
18	13	0.818721
18	17	0.906533
18	20	0.813293
18	35	0.869796
18	37	0.869846
18	39	0.869834
18	45	0.86976
18	108	1.03075
18	114	0.75064
18	164	4.69343
19	24	0.790275
19	29	0.885145
19	34	0.863916
19	41	0.858752
19	43	0.861151
19	52	0.847062
19	57	0.827437
19	113	0.818625
19	137	0.810656
19	149	2.70341
19	151	0.84076
19	166	2.60827
20	6	0.812252
20	12	0.818587
20	13	0.8189
20	17	0.906712
20	18	0.813293
20	35	0.869975
20	37	0.870025
20	39	0.870013
20	45	0.869939
20	114	0.750818
20	145	3.7006
20	169	6.86203
21	26	0.874632
21	68	0.816139
21	74	0.863008
21	75	0.795218
21	85	0.840971
21	87	0.835908
21	91	0.830781
21	98	0.814206
21	102	0.861973
21	118	2.22402
21	165	0.80379
21	170	0.768594
21	180	3.95875
22	54	0.842379
22	94	0.799376
22	136	3.1166
22	153	0.780978
22	161	0.769701
22	164	0.706026
22	167	0.746275
22	171	0.738276
22	172	0.754089
22	173	0.782694
22	177	0.714672
22	179	0.733504
22	180	0.731737
23	3	0.935978
23	8	0.834596
23	31	0.807325
23	44	0.87648
23	49	0.778556
23	61	1.90887
23	64	0.825599
23	69	0.825518
23	78	0.879258
23	137	0.813259
23	154	2.93756
23	162	0.76558
23	174	0.760786
24	2	0.707303
24	19	0.790275
24	27	0.866218
24	29	0.877683
24	34	0.856454
24	42	0.84692
24	43	0.853689
24	52	0.8396
24	57	0.819975
24	113	0.811163
24	144	4.15306
24	151	0.833298
24	152	1.91437
25	64	0.522108
25	91	1.18742
25	120	0.939102
25	137	0.848566
25	147	0.811341
25	152	0.826951
25	153	0.849952
25	161	0.838675
25	171	0.80725
25	177	0.783646
25	178	0.793429
25	179	0.802478
25	180	0.800711
26	21	0.874632
26	66	0.970182
26	74	0.951066
26	75	0.883275
26	87	0.923965
26	90	0.918912
26	97	0.872991
26	98	0.902263
26	102	0.950031
26	113	1.12971
26	138	1.71049
26	158	4.44702
26	170	0.856652
27	2	0.790708
27	24	0.866218
27	29	0.961088
27	34	0.939858
27	41	0.934694
27	42	0.930325
27	43	0.937094
27	52	0.923005
27	57	0.90338
27	151	0.916703
27	153	1.16329
27	160	2.77534
27	179	3.0023
28	30	0.876323
28	47	0.836086
28	58	0.823908
28	83	0.793175
28	84	0.853292
28	96	0.862915
28	99	0.862869
28	114	3.36961
28	148	2.58318
28	151	0.833022
28	162	0.755239
28	168	0.855899
28	174	0.750444
29	2	0.802173
29	19	0.885145
29	24	0.877683
29	27	0.961088
29	41	0.94616
29	42	0.94179
29	43	0.948559
29	57	0.914845
29	137	0.898064
29	141	2.81145
29	151	0.928168
29	162	1.19878
29	176	3.66478
30	16	0.878509
30	28	0.876323
30	83	0.887237
30	93	0.97689
30	96	0.956977
30	99	0.956931
30	131	1.57346
30	137	1.86236
30	151	0.927085
30	160	3.48174
30	162	0.849301
30	168	0.949962
30	174	0.844507
31	3	0.940359
31	23	0.807325
31	44	0.880862
31	49	0.782938
31	64	0.829981
31	69	0.829899
31	78	0.88364
31	118	0.797953
31	137	0.817641
31	162	0.769962
31	166	1.75262
31	174	0.765167
31	176	5.30989
32	47	0.837501
32	58	0.825324
32	65	0.812744
32	83	0.79459
32	84	0.854707
32	93	0.884244
32	96	0.86433
32	99	0.864285
32	105	3.02541
32	120	2.49495
32	162	0.756654
32	168	0.857315
32	174	0.75186
33	68	0.883861
33	74	0.93073
33	75	0.862939
33	85	0.908693
33	87	0.903629
33	90	0.898576
33	91	0.898503
33	98	0.881927
33	102	0.929695
33	114	4.73039
33	120	1.26027
33	139	1.49061
33	165	0.871511
33	170	0.836316
34	2	0.780944
34	19	0.863916
34	24	0.856454
34	27	0.939858
34	41	0.924931
34	42	0.920561
34	43	0.92733
34	52	0.913241
34	57	0.893616
34	118	3.52148
34	121	1.6476
34	137	0.876835
34	151	0.906939
34	165	2.0428
35	6	0.868755
35	12	0.87509
35	13	0.875404
35	17	0.963216
35	18	0.869796
35	20	0.869975
35	37	0.926529
35	39	0.926517
35	45	0.926443
35	46	0.893304
35	114	0.807322
35	141	2.83392
35	177	3.55054
35	179	1.62841
36	7	0.804462
36	66	0.880474
36	68	0.814489
36	71	0.731917
36	85	0.839321
36	87	0.834257
36	90	0.829203
36	91	0.82913
36	98	0.812555
36	102	0.860322
36	116	2.40487
36	127	3.51081
36	165	0.802139
36	170	0.766944
37	6	0.868805
37	12	0.87514
37	13	0.875454
37	17	0.963266
37	18	0.869846
37	20	0.870025
37	35	0.926529
37	39	0.926567
37	45	0.926493
37	46	0.893354
37	88	1.85035
37	108	1.85348
37	114	0.807372
37	162	3.72013
38	1	0.878106
38	11	0.878106
38	48	0.936188
38	67	0.920896
38	76	0.95022
38	100	1.01103
38	139	1.3454
38	141	2.9557
38	165	0.878579
38	166	0.893759
38	170	0.843384
38	175	0.793951
38	176	0.817209
38	177	3.67232
39	6	0.868793
39	12	0.875128
39	13	0.875441
39	17	0.963254
39	18	0.869834
39	20	0.870013
39	35	0.926517
39	37	0.926567
39	45	0.92648
39	46	0.893342
39	114	0.80736
39	144	3.70747
39	163	2.36592
39	166	1.17937
40	5	0.834607
40	10	0.834607
40	50	0.89753
40	53	0.897555
40	62	0.967593
40	73	0.933057
40	80	0.916548
40	81	0.932974
40	107	1.02084
40	153	1.98311
40	166	0.874431
40	168	0.913518
40	176	0.79788
40	178	4.1398
41	2	0.77578
41	19	0.858752
41	27	0.934694
41	29	0.94616
41	34	0.924931
41	42	0.915397
41	52	0.908077
41	57	0.888452
41	89	1.70028
41	108	1.53542
41	113	0.87964
41	137	0.871671
41	151	0.901775
41	156	3.9347
42	2	0.77141
42	24	0.84692
42	27	0.930325
42	29	0.94179
42	34	0.920561
42	41	0.915397
42	43	0.917796
42	52	0.903707
42	57	0.884082
42	107	1.16472
42	113	0.87527
42	147	3.86408
42	151	0.897405
42	153	2.127
43	2	0.778179
43	19	0.861151
43	24	0.853689
43	27	0.937094
43	29	0.948559
43	34	0.92733
43	42	0.917796
43	52	0.910476
43	54	1.43117
43	57	0.890851
43	95	2.20886
43	137	0.87407
43	144	4.43946
43	151	0.904174
44	4	1.0307
44	8	0.908133
44	23	0.87648
44	31	0.880862
44	49	0.852093
44	64	0.899136
44	69	0.899054
44	78	0.952795
44	82	1.25689
44	141	0.831794
44	159	3.09993
44	160	3.25197
44	162	0.839117
44	174	0.834322
45	6	0.868719
45	12	0.875054
45	13	0.875367
45	17	0.963179
45	18	0.86976
45	20	0.869939
45	35	0.926443
45	37	0.926493
45	39	0.92648
45	46	0.893268
45	77	2.40057
45	114	0.807286
45	150	2.18968
45	153	2.55778
46	35	0.893304
46	37	0.893354
46	39	0.893342
46	45	0.893268
46	77	1.74758
46	80	0.897864
46	119	0.888701
46	126	0.868385
46	128	0.863643
46	136	0.881399
46	165	1.62855
46	166	0.855747
46	168	0.894834
46	176	0.779196
46	178	4.06147
47	28	0.836086
47	32	0.837501
47	58	0.877733
47	65	0.865154
47	84	0.907117
47	93	0.936653
47	96	0.91674
47	99	0.916694
47	109	1.48171
47	138	4.23787
47	151	0.886847
47	162	0.809064
47	168	0.909725
47	170	2.456
47	174	0.804269
48	1	0.878141
48	11	0.878141
48	38	0.936188
48	67	0.920931
48	76	0.950255
48	100	1.01106
48	137	2.0113
48	157	1.44173
48	165	0.878614
48	166	0.893794
48	170	0.843419
48	175	0.793986
48	176	0.817243
48	179	3.85764
49	3	0.91159
49	4	0.932772
49	8	0.810209
49	23	0.778556
49	31	0.782938
49	44	0.852093
49	64	0.801212
49	69	0.80113
49	78	0.854871
49	105	1.56465
49	118	0.769185
49	141	0.73387
49	159	4.92024
49	162	0.741193
49	174	0.736399
50	5	0.834641
50	10	0.834641
50	40	0.89753
50	53	0.897589
50	62	0.967627
50	73	0.933091
50	80	0.916581
50	81	0.933007
50	122	2.11474
50	150	1.82878
50	166	0.874464
50	168	0.913551
50	172	3.27976
50	176	0.797914
51	104	1.27729
51	124	0.103533
51	144	0.862271
51	154	0.95792
51	155	0.864838
51	160	0.871919
51	163	0.883135
51	164	0.842741
51	168	0.116231
51	171	0.874991
51	172	0.890804
51	177	0.851387
51	178	0.86117
51	179	0.870219
51	180	0.868452
52	2	0.76409
52	19	0.847062
52	24	0.8396
52	27	0.923005
52	34	0.913241
52	41	0.908077
52	42	0.903707
52	43	0.910476
52	57	0.876762
52	94	1.74229
52	113	0.86795
52	137	0.859981
52	142	1.79425
52	151	0.890085
52	156	3.87223
53	5	0.834666
53	10	0.834666
53	40	0.897555
53	50	0.897589
53	62	0.967652
53	73	0.933116
53	80	0.916606
53	81	0.933032
53	89	1.71416
53	101	2.35475
53	166	0.874489
53	168	0.913576
53	172	3.06699
53	176	0.797939
54	12	2.31471
54	22	0.842379
54	43	1.43117
54	121	0.92368
54	148	0.861239
54	149	0.882195
54	152	0.864747
54	157	0.904113
54	161	0.876471
54	163	0.85319
54	164	0.812795
54	168	0.0774928
54	173	0.889464
54	177	0.821441
54	178	0.831225
54	180	0.838507
55	86	3.09434
55	96	0.835076
55	99	0.83503
55	141	0.720077
55	158	0.713154
55	166	0.788974
55	167	0.741761
55	168	0.828061
55	170	0.738599
55	174	0.722605
55	175	0.689165
55	176	0.712423
55	178	0.719942
55	179	0.72899
55	180	0.727223
56	17	1.10698
56	88	0.92217
56	115	1.14614
56	137	0.900303
56	147	0.863078
56	151	0.39759
56	152	0.878688
56	156	0.849484
56	158	0.838379
56	161	0.890412
56	163	0.867131
56	169	0.805928
56	177	0.835383
56	178	0.845166
56	179	0.854215
56	180	0.852448
57	2	0.744465
57	19	0.827437
57	24	0.819975
57	27	0.90338
57	29	0.914845
57	34	0.893616
57	41	0.888452
57	42	0.884082
57	43	0.890851
57	52	0.876762
57	95	2.82316
57	113	0.848325
57	137	0.840356
57	142	2.00639
57	151	0.87046
57	170	3.1755
58	15	2.62982
58	28	0.823908
58	32	0.825324
58	47	0.877733
58	65	0.852976
58	77	1.25184
58	83	0.834822
58	84	0.894939
58	93	0.924476
58	96	0.904562
58	99	0.904517
58	151	0.87467
58	162	0.796886
58	167	2.90397
58	168	0.897547
58	174	0.792092
59	101	1.8227
59	110	0.973779
59	111	0.961926
59	118	2.6545
59	119	0.955093
59	122	1.36993
59	123	0.93538
59	124	0.934519
59	128	0.930035
59	129	0.931682
59	132	0.957572
59	134	0.923482
59	135	0.932332
59	136	0.947792
59	174	3.19987
59	175	0.822332
60	89	2.58556
60	104	0.86156
60	106	0.850127
60	114	0.793684
60	117	2.71248
60	123	0.888524
60	126	0.887922
60	128	0.883179
60	129	0.884826
60	132	0.910716
60	134	0.876626
60	135	0.885476
60	136	0.900936
60	141	0.806387
60	149	2.31198
60	175	0.775476
61	6	1.43226
61	8	1.75887
61	23	1.90887
61	121	0.92413
61	140	0.867751
61	148	0.861689
61	152	0.865198
61	156	0.835993
61	159	0.842653
61	160	0.842425
61	164	0.813246
61	167	0.853495
61	172	0.861309
61	177	0.821892
61	178	0.831676
61	179	0.840724
61	180	0.838957
62	5	0.904704
62	10	0.904704
62	40	0.967593
62	50	0.967627
62	53	0.967652
62	73	1.00315
62	80	0.986644
62	81	1.00307
62	117	2.47924
62	120	0.806448
62	143	2.3336
62	145	2.41558
62	166	0.944527
62	168	0.983614
62	176	0.867977
63	123	1.07228
63	135	1.11913
63	142	0.896512
63	146	0.880002
63	147	0.845476
63	152	0.861086
63	156	0.831882
63	159	0.838542
63	160	0.838314
63	167	0.849384
63	168	0.14318
63	172	0.857198
63	173	0.885803
63	177	0.817781
63	178	0.827565
63	179	0.836613
63	180	0.834846
64	3	0.958633
64	4	0.979815
64	8	0.857252
64	23	0.825599
64	25	0.522108
64	31	0.829981
64	44	0.899136
64	49	0.801212
64	69	0.848173
64	78	0.901914
64	118	0.816228
64	137	0.835915
64	141	0.780913
64	156	3.19054
64	162	0.788236
64	174	0.783441
64	178	3.38274
65	16	0.813514
65	32	0.812744
65	47	0.865154
65	58	0.852976
65	83	0.822243
65	84	0.88236
65	93	0.911896
65	96	0.891983
65	99	0.891937
65	130	0.848802
65	151	0.86209
65	157	1.35158
65	162	0.784307
65	168	0.884967
65	174	0.779512
65	175	5.15802
65	180	2.11185
66	7	0.901663
66	26	0.970182
66	36	0.880474
66	68	0.911689
66	70	1.60304
66	75	0.890768
66	85	0.936521
66	87	0.931458
66	90	0.926404
66	91	0.926331
66	98	0.909756
66	102	0.957523
66	160	2.88134
66	161	1.7577
66	165	0.89934
66	167	2.76421
66	170	0.864145
67	1	0.862849
67	11	0.862849
67	38	0.920896
67	48	0.920931
67	76	0.934963
67	100	0.99577
67	107	1.7118
67	117	0.854218
67	143	2.38542
67	152	3.36925
67	165	0.863322
67	166	0.878502
67	170	0.828127
67	175	0.778694
67	176	0.801951
68	21	0.816139
68	33	0.883861
68	36	0.814489
68	66	0.911689
68	71	0.763133
68	74	0.892573
68	85	0.870536
68	87	0.865473
68	90	0.860419
68	91	0.860346
68	98	0.843771
68	102	0.891538
68	120	1.34734
68	157	3.19648
68	165	0.833355
68	166	3.13472
68	170	0.79816
69	3	0.958552
69	4	0.979733
69	8	0.85717
69	23	0.825518
69	31	0.829899
69	44	0.899054
69	49	0.80113
69	64	0.848173
69	78	0.901832
69	105	1.53413
69	118	0.816146
69	137	0.835833
69	141	0.780831
69	142	3.31622
69	162	0.788154
69	165	3.15347
69	174	0.78336
70	66	1.60304
70	89	0.857559
70	90	2.67765
70	147	0.787414
70	148	0.799515
70	150	0.861982
70	153	0.826025
70	164	0.751072
70	167	0.791321
70	169	0.730264
70	171	0.783323
70	172	0.799135
70	173	0.82774
70	177	0.759718
70	178	0.769502
70	179	0.77855
70	180	0.776783
71	36	0.731917
71	68	0.763133
71	79	0.686705
71	90	0.777848
71	98	0.761199
71	100	0.883231
71	102	0.808967
71	122	0.799721
71	166	0.765963
71	168	4.42337
71	170	0.715588
71	173	0.75517
71	175	0.666155
71	176	0.689413
71	177	0.687148
71	178	0.696931
71	179	0.70598
71	180	0.704213
72	100	0.84459
72	114	0.645722
72	124	0.739701
72	126	0.739959
72	128	0.735217
72	135	0.737513
72	140	0.694365
72	147	0.676202
72	148	0.688303
72	150	0.75077
72	166	0.727322
72	167	0.680109
72	170	0.676947
72	175	0.627513
72	176	0.650771
72	178	0.65829
72	179	0.667338
72	180	0.665571
73	5	0.870168
73	10	0.870168
73	40	0.933057
73	50	0.933091
73	53	0.933116
73	62	1.00315
73	80	0.952108
73	81	0.968534
73	95	0.871263
73	97	0.875955
73	131	1.87345
73	140	3.14571
73	143	1.88102
73	146	2.03062
73	166	0.909991
73	168	0.949078
73	176	0.833441
74	21	0.863008
74	26	0.951066
74	33	0.93073
74	68	0.892573
74	75	0.871652
74	85	0.917405
74	87	0.912342
74	90	0.907288
74	91	0.907215
74	98	0.89064
74	102	0.938407
74	130	0.898325
74	142	1.02495
74	158	5.62582
74	159	1.5118
74	161	1.61439
74	165	0.880223
74	170	0.845028
75	7	0.814757
75	21	0.795218
75	26	0.883275
75	33	0.862939
75	66	0.890768
75	74	0.871652
75	85	0.849615
75	87	0.844551
75	90	0.839498
75	91	0.839425
75	94	2.22402
75	98	0.822849
75	102	0.870617
75	130	0.830535
75	143	2.10082
75	163	3.9818
75	165	0.812433
75	170	0.777238
76	1	0.892173
76	11	0.892173
76	38	0.95022
76	48	0.950255
76	67	0.934963
76	100	1.02509
76	108	0.905671
76	117	0.883542
76	118	0.874244
76	130	2.89226
76	165	0.892646
76	166	0.907826
76	169	10.538
76	170	0.857451
76	172	2.58533
76	175	0.808018
76	176	0.831275
76	180	2.15754
77	45	2.40057
77	46	1.74758
77	58	1.25184
77	105	0.900409
77	120	0.942528
77	148	0.826868
77	150	0.889335
77	154	0.893605
77	157	0.869743
77	160	0.807604
77	163	0.81882
77	164	0.778425
77	172	0.826488
77	173	0.855094
77	177	0.787071
77	178	0.796855
77	179	0.805904
77	180	0.804137
78	3	1.01229
78	4	1.03347
78	8	0.910911
78	23	0.879258
78	31	0.88364
78	44	0.952795
78	49	0.854871
78	64	0.901914
78	69	0.901832
78	118	0.869887
78	125	2.18132
78	130	1.53504
78	137	0.889574
78	141	0.834572
78	147	3.87391
78	150	1.76874
78	162	0.841895
78	174	0.8371
79	71	0.686705
79	83	4.67127
79	116	0.808841
79	122	0.805865
79	139	0.82576
79	140	0.73915
79	143	0.776178
79	144	0.704175
79	146	0.755512
79	150	0.795555
79	158	0.696287
79	167	0.724894
79	172	0.732708
79	173	0.761314
79	175	0.672298
79	177	0.693291
79	178	0.703075
79	179	0.712123
79	180	0.710356
80	5	0.853658
80	10	0.853658
80	40	0.916548
80	46	0.897864
80	50	0.916581
80	53	0.916606
80	62	0.986644
80	73	0.952108
80	81	0.952024
80	95	0.854753
80	97	0.859445
80	113	1.85748
80	130	1.99376
80	137	2.58822
80	166	0.893482
80	168	0.932568
80	173	2.8563
80	176	0.816931
81	5	0.870084
81	10	0.870084
81	40	0.932974
81	50	0.933007
81	53	0.933032
81	62	1.00307
81	73	0.968534
81	80	0.952024
81	95	0.871179
81	97	0.875871
81	117	1.20703
81	133	1.16737
81	149	1.68539
81	166	0.909908
81	168	0.948995
81	175	6.31833
81	176	0.833357
82	44	1.25689
82	90	1.2049
82	135	1.58598
82	139	0.931384
82	143	0.881802
82	153	0.865222
82	156	0.813016
82	159	0.819676
82	160	0.819448
82	161	0.853945
82	169	0.769461
82	171	0.82252
82	172	0.838332
82	173	0.866938
82	175	0.777922
82	177	0.798915
82	178	0.808699
82	179	0.817747
82	180	0.81598
83	16	0.79536
83	28	0.793175
83	30	0.887237
83	32	0.79459
83	58	0.834822
83	65	0.822243
83	79	4.67127
83	84	0.864206
83	93	0.893742
83	96	0.873829
83	99	0.873783
83	117	0.803443
83	130	0.830649
83	133	1.81507
83	151	0.843936
83	162	0.766153
83	168	0.866814
83	173	1.24343
83	174	0.761358
84	16	0.855477
84	28	0.853292
84	32	0.854707
84	47	0.907117
84	58	0.894939
84	65	0.88236
84	83	0.864206
84	93	0.953859
84	96	0.933946
84	99	0.9339
84	116	1.16146
84	130	0.890766
84	151	0.904053
84	158	5.82716
84	162	0.82627
84	168	0.926931
84	171	1.63516
84	172	1.33602
84	174	0.821475
85	21	0.840971
85	33	0.908693
85	36	0.839321
85	66	0.936521
85	68	0.870536
85	74	0.917405
85	75	0.849615
85	87	0.890305
85	90	0.885251
85	91	0.885178
85	97	0.83933
85	98	0.868603
85	102	0.91637
85	107	1.70818
85	130	0.876288
85	157	2.09355
85	165	0.858187
85	166	2.0318
85	170	0.822992
85	171	4.05248
86	55	3.09434
86	103	0.859115
86	104	0.860656
86	106	0.849223
86	111	0.914166
86	112	0.912875
86	123	0.88762
86	124	0.886759
86	126	0.887018
86	129	0.883922
86	132	0.909812
86	134	0.875722
86	135	0.884572
86	136	0.900032
86	139	1.39462
86	141	0.805483
86	148	1.723
86	168	0.913467
86	175	0.774572
86	180	3.1338
87	7	0.855447
87	21	0.835908
87	26	0.923965
87	33	0.903629
87	36	0.834257
87	66	0.931458
87	68	0.865473
87	74	0.912342
87	75	0.844551
87	85	0.890305
87	90	0.880188
87	91	0.880115
87	98	0.863539
87	102	0.911307
87	116	1.49648
87	127	2.60243
87	146	2.67576
87	153	2.81481
87	165	0.853123
87	170	0.817928
88	37	1.85035
88	56	0.92217
88	106	1.64498
88	121	0.882759
88	125	0.862342
88	134	0.587701
88	145	0.830188
88	153	0.846827
88	156	0.794622
88	159	0.801282
88	163	0.812269
88	164	0.771875
88	167	0.812124
88	169	0.751066
88	171	0.804125
88	173	0.848543
88	174	0.792968
88	177	0.780521
88	178	0.790305
88	179	0.799353
88	180	0.797586
89	41	1.70028
89	53	1.71416
89	60	2.58556
89	70	0.857559
89	140	0.837434
89	142	0.870306
89	144	0.802458
89	146	0.853795
89	148	0.831372
89	156	0.805676
89	161	0.846604
89	163	0.823323
89	164	0.782929
89	171	0.815179
89	173	0.859597
89	174	0.804022
89	177	0.791575
89	178	0.801358
89	179	0.810407
89	180	0.80864
90	7	0.850393
90	26	0.918912
90	33	0.898576
90	36	0.829203
90	66	0.926404
90	68	0.860419
90	70	2.67765
90	71	0.777848
90	74	0.907288
90	75	0.839498
90	82	1.2049
90	85	0.885251
90	87	0.880188
90	91	0.875061
90	97	0.829213
90	98	0.858485
90	102	0.906253
90	143	2.05525
90	146	2.20485
90	165	0.848069
90	170	0.812874
91	7	0.85032
91	21	0.830781
91	25	1.18742
91	33	0.898503
91	36	0.82913
91	66	0.926331
91	68	0.860346
91	74	0.907215
91	75	0.839425
91	85	0.885178
91	87	0.880115
91	90	0.875061
91	97	0.82914
91	98	0.858412
91	102	0.90618
91	130	0.866098
91	152	2.58655
91	154	1.42355
91	155	4.91397
91	165	0.847996
91	170	0.812801
92	103	0.839741
92	104	0.841282
92	106	0.829849
92	110	0.906646
92	111	0.894793
92	112	0.893502
92	115	0.894701
92	123	0.868246
92	124	0.867385
92	128	0.862902
92	129	0.864549
92	131	1.60894
92	132	0.890439
92	134	0.856348
92	135	0.865198
92	136	0.880658
92	148	3.43154
92	161	2.39358
92	168	0.894093
92	172	2.98806
92	175	0.755198
93	16	0.885013
93	30	0.97689
93	32	0.884244
93	47	0.936653
93	58	0.924476
93	65	0.911896
93	83	0.893742
93	84	0.953859
93	96	0.963482
93	99	0.963436
93	117	0.893096
93	130	0.920302
93	140	1.13134
93	147	1.89239
93	150	1.26459
93	151	0.933589
93	162	0.855806
93	168	0.956467
93	170	1.21093
93	174	0.851012
93	175	6.13865
94	22	0.799376
94	52	1.74229
94	75	2.22402
94	131	0.880804
94	136	1.85029
94	144	0.789322
94	146	0.840658
94	147	0.806133
94	154	0.884971
94	155	0.791889
94	157	0.86111
94	159	0.799199
94	160	0.79897
94	161	0.833467
94	163	0.810186
94	169	0.748983
94	172	0.817855
94	176	0.780703
94	177	0.778438
94	178	0.788221
94	179	0.79727
94	180	0.795503
95	43	2.20886
95	57	2.82316
95	73	0.871263
95	80	0.854753
95	81	0.871179
95	99	0.236885
95	104	0.798912
95	109	0.871013
95	119	0.84559
95	126	0.825274
95	129	0.822179
95	134	0.813978
95	136	0.838288
95	152	0.777126
95	157	0.816493
95	158	0.736817
95	166	0.812636
95	168	0.851723
95	171	0.757425
95	176	0.736086
95	179	0.752653
95	180	0.750886
96	16	0.8651
96	28	0.862915
96	30	0.956977
96	32	0.86433
96	47	0.91674
96	55	0.835076
96	58	0.904562
96	65	0.891983
96	83	0.873829
96	84	0.933946
96	93	0.963482
96	97	1.63284
96	99	0.943523
96	101	2.72255
96	117	0.873183
96	121	1.68048
96	130	0.900389
96	146	2.21285
96	151	0.913676
96	162	0.835893
96	168	0.936554
96	170	3.40753
96	174	0.831098
97	26	0.872991
97	73	0.875955
97	80	0.859445
97	81	0.875871
97	85	0.83933
97	90	0.829213
97	91	0.82914
97	96	1.63284
97	98	0.812565
97	104	2.13767
97	112	1.24121
97	140	0.784372
97	163	0.770261
97	166	0.817328
97	168	0.856415
97	170	0.766953
97	171	0.762117
97	173	0.806535
97	176	0.740778
97	177	0.738513
97	178	0.748297
97	179	0.757345
97	180	0.755578
98	7	0.833744
98	21	0.814206
98	26	0.902263
98	33	0.881927
98	36	0.812555
98	66	0.909756
98	68	0.843771
98	71	0.761199
98	74	0.89064
98	75	0.822849
98	85	0.868603
98	87	0.863539
98	90	0.858485
98	91	0.858412
98	97	0.812565
98	102	0.889604
98	121	2.36079
98	125	3.07671
98	130	0.849523
98	139	2.10525
98	165	0.831421
98	170	0.796226
98	173	3.29297
99	16	0.865054
99	28	0.862869
99	30	0.956931
99	32	0.864285
99	47	0.916694
99	55	0.83503
99	58	0.904517
99	65	0.891937
99	83	0.873783
99	84	0.9339
99	93	0.963436
99	95	0.236885
99	96	0.943523
99	117	0.873137
99	130	0.900343
99	151	0.91363
99	155	2.55621
99	162	0.835847
99	168	0.936508
99	174	0.831053
99	176	3.43146
99	177	3.29476
99	180	2.47078
100	1	0.95298
100	9	0.981054
100	11	0.95298
100	38	1.01103
100	48	1.01106
100	67	0.99577
100	71	0.883231
100	72	0.84459
100	76	1.02509
100	108	0.966478
100	109	0.829963
100	117	0.944349
100	118	0.935051
100	122	2.20088
100	146	2.14395
100	148	3.80937
100	154	0.671842
100	165	0.953453
100	166	0.968633
100	170	0.918258
100	173	2.54375
100	175	0.868825
100	176	0.892082
101	53	2.35475
101	59	1.8227
101	96	2.72255
101	138	0.799116
101	140	0.818672
101	142	0.851544
101	143	0.855699
101	144	0.783696
101	146	0.835033
101	148	0.81261
101	152	0.816118
101	155	0.786264
101	157	0.855484
101	158	0.775808
101	159	0.793573
101	167	0.804415
101	169	0.743358
101	171	0.796417
101	173	0.840835
101	177	0.772812
101	178	0.782596
101	179	0.791645
101	180	0.789878
102	7	0.881512
102	21	0.861973
102	26	0.950031
102	33	0.929695
102	36	0.860322
102	66	0.957523
102	68	0.891538
102	71	0.808967
102	74	0.938407
102	75	0.870617
102	85	0.91637
102	87	0.911307
102	90	0.906253
102	91	0.90618
102	98	0.889604
102	120	1.12026
102	130	0.89729
102	155	2.22426
102	165	0.879188
102	170	0.843993
102	173	1.84768
102	175	5.185
102	176	3.09951
103	86	0.859115
103	92	0.839741
103	104	0.822375
103	106	0.810942
103	110	0.887739
103	111	0.875886
103	112	0.874595
103	115	0.875794
103	117	2.00124
103	119	0.869053
103	124	0.848479
103	126	0.848737
103	128	0.843995
103	129	0.845642
103	130	1.54247
103	132	0.871532
103	134	0.837442
103	135	0.846291
103	136	0.861751
103	151	0.852309
103	159	3.60427
103	174	3.89207
103	175	0.736291
104	51	1.27729
104	60	0.86156
104	86	0.860656
104	92	0.841282
104	95	0.798912
104	97	2.13767
104	103	0.822375
104	106	0.812483
104	107	1.89446
104	111	0.877427
104	112	0.876136
104	114	0.756041
104	115	0.877335
104	119	0.870594
104	124	0.85002
104	126	0.850278
104	128	0.845536
104	129	0.847183
104	132	0.873073
104	134	0.838983
104	135	0.847832
104	136	0.863292
104	140	3.83277
104	175	0.737832
105	32	3.02541
105	49	1.56465
105	69	1.53413
105	77	0.900409
105	128	0.824593
105	140	0.852931
105	144	0.817956
105	148	0.846869
105	149	0.867825
105	154	0.913605
105	155	0.820523
105	158	0.810068
105	159	0.827833
105	161	0.862101
105	164	0.798426
105	167	0.838675
105	171	0.830676
105	172	0.846489
105	173	0.875094
105	174	0.819519
105	177	0.807072
105	178	0.816855
105	179	0.825904
105	180	0.824137
106	9	0.838629
106	60	0.850127
106	86	0.849223
106	88	1.64498
106	92	0.829849
106	103	0.810942
106	104	0.812483
106	110	0.877847
106	111	0.865994
106	112	0.864703
106	115	0.865903
106	119	0.859162
106	124	0.838587
106	126	0.838845
106	129	0.83575
106	132	0.86164
106	133	2.91529
106	134	0.82755
106	135	0.8364
106	136	0.85186
106	137	2.07558
106	168	0.865295
106	174	3.83073
106	175	0.7264
107	40	1.02084
107	42	1.16472
107	67	1.7118
107	85	1.70818
107	104	1.89446
107	116	0.946902
107	117	0.885885
107	120	0.986809
107	146	0.893574
107	149	0.892106
107	152	0.874658
107	153	0.897659
107	155	0.844804
107	157	0.914025
107	159	0.852114
107	165	0.894988
107	167	0.862956
107	169	0.801898
107	170	0.859793
107	171	0.854957
107	172	0.87077
107	177	0.831353
107	178	0.841137
107	179	0.850185
107	180	0.848418
108	7	3.08035
108	18	1.03075
108	37	1.85348
108	41	1.53542
108	76	0.905671
108	100	0.966478
108	110	0.900849
108	115	0.888904
108	123	0.862449
108	124	0.861589
108	128	0.857105
108	132	0.884642
108	134	0.850551
108	145	0.820061
108	163	0.802142
108	165	0.834029
108	166	0.849209
108	167	0.801997
108	169	0.740939
108	170	0.798834
108	175	0.749401
108	176	0.772659
108	178	0.780178
108	179	0.789226
108	180	0.787459
109	47	1.48171
109	95	0.871013
109	100	0.829963
109	112	0.507232
109	119	1.08718
109	135	1.27195
109	138	0.85723
109	142	0.909658
109	146	0.893147
109	147	0.858622
109	148	0.870723
109	154	0.93746
109	156	0.845028
109	157	0.913598
109	159	0.851687
109	160	0.851459
109	161	0.885956
109	167	0.862529
109	169	0.801472
109	171	0.854531
109	172	0.870343
109	173	0.898949
109	177	0.830926
109	178	0.84071
109	179	0.849759
109	180	0.847992
110	59	0.973779
110	92	0.906646
110	103	0.887739
110	106	0.877847
110	108	0.900849
110	111	0.942791
110	112	0.9415
110	115	0.942699
110	119	0.935958
110	123	0.916244
110	124	0.915384
110	126	0.915642
110	128	0.9109
110	130	1.03648
110	132	0.938437
110	134	0.904347
110	135	0.913196
110	136	0.928656
110	141	0.834108
110	148	2.25291
110	151	0.919214
110	157	1.06137
110	164	5.65589
110	173	0.98728
110	175	0.803196
110	178	2.88322
111	59	0.961926
111	86	0.914166
111	92	0.894793
111	103	0.875886
111	104	0.877427
111	106	0.865994
111	110	0.942791
111	112	0.929647
111	115	0.930846
111	119	0.924105
111	122	1.42669
111	123	0.904391
111	124	0.90353
111	126	0.903789
111	128	0.899047
111	129	0.900694
111	132	0.926584
111	134	0.892493
111	136	0.916803
111	141	0.822255
111	145	1.30213
111	152	2.20399
111	163	3.10114
111	168	0.930238
111	173	1.76956
111	175	0.791343
111	180	4.44598
112	86	0.912875
112	92	0.893502
112	97	1.24121
112	103	0.874595
112	104	0.876136
112	106	0.864703
112	109	0.507232
112	110	0.9415
112	111	0.929647
112	115	0.929555
112	119	0.922814
112	123	0.9031
112	124	0.902239
112	126	0.902498
112	128	0.897756
112	129	0.899403
112	132	0.925293
112	134	0.891202
112	135	0.900052
112	136	0.915512
112	151	0.90607
112	165	1.68403
112	168	0.928947
112	170	3.01589
112	171	3.3423
112	173	2.22102
112	175	0.790052
113	1	2.62687
113	10	2.48594
113	19	0.818625
113	24	0.811163
113	26	1.12971
113	41	0.87964
113	42	0.87527
113	52	0.86795
113	57	0.848325
113	80	1.85748
113	126	0.858077
113	128	0.853335
113	129	0.854981
113	132	0.880871
113	135	0.855631
113	136	0.871091
113	145	0.816291
113	147	0.794319
113	151	0.861648
113	169	0.737169
113	171	0.790228
113	175	0.745631
113	176	0.768888
113	177	0.766624
113	178	0.776407
113	179	0.785456
113	180	0.783689
114	6	0.749599
114	18	0.75064
114	20	0.750818
114	28	3.36961
114	33	4.73039
114	35	0.807322
114	37	0.807372
114	39	0.80736
114	45	0.807286
114	60	0.793684
114	72	0.645722
114	104	0.756041
114	123	0.783005
114	124	0.782144
114	130	0.772687
114	134	0.771107
114	135	0.779957
114	136	0.795417
114	154	0.797483
114	156	0.705051
114	158	0.693946
114	161	0.745979
114	167	0.722552
114	173	0.758972
114	178	0.700733
114	179	0.709782
114	180	0.708015
115	56	1.14614
115	92	0.894701
115	103	0.875794
115	104	0.877335
115	106	0.865903
115	108	0.888904
115	110	0.942699
115	111	0.930846
115	112	0.929555
115	119	0.924013
115	122	1.88776
115	123	0.9043
115	124	0.903439
115	126	0.903697
115	128	0.898955
115	129	0.900602
115	132	0.926492
115	133	2.80226
115	134	0.892402
115	135	0.901251
115	136	0.916711
115	137	1.96255
115	151	0.907269
115	165	1.69364
115	168	0.930147
115	175	0.791251
115	179	3.80889
116	36	2.40487
116	79	0.808841
116	84	1.16146
116	87	1.49648
116	107	0.946902
116	123	1.35981
116	127	0.858596
116	142	0.888015
116	144	0.820167
116	145	0.858951
116	148	0.84908
116	149	0.870036
116	150	0.911547
116	151	0.798043
116	152	0.852589
116	153	0.87559
116	154	0.915817
116	157	0.891955
116	158	0.812279
116	159	0.830044
116	161	0.864313
116	167	0.840886
116	169	0.779829
116	172	0.8487
116	177	0.809283
116	178	0.819067
116	179	0.828116
116	180	0.826349
117	60	2.71248
117	62	2.47924
117	67	0.854218
117	76	0.883542
117	81	1.20703
117	83	0.803443
117	93	0.893096
117	96	0.873183
117	99	0.873137
117	100	0.944349
117	103	2.00124
117	107	0.885885
117	131	0.850632
117	148	0.788063
117	162	0.765507
117	165	0.811901
117	166	0.827081
117	167	0.779868
117	168	0.866168
117	170	0.776706
117	172	0.787683
117	173	0.816288
117	174	0.760713
117	175	0.727273
117	176	0.75053
117	177	0.748266
117	179	0.767098
117	180	0.765331
118	21	2.22402
118	31	0.797953
118	34	3.52148
118	49	0.769185
118	59	2.6545
118	64	0.816228
118	69	0.816146
118	76	0.874244
118	78	0.869887
118	100	0.935051
118	138	0.76527
118	153	0.805274
118	158	0.741963
118	159	0.759728
118	161	0.793996
118	162	0.756209
118	163	0.770715
118	164	0.730321
118	165	0.802603
118	166	0.817782
118	170	0.767407
118	174	0.751414
118	175	0.717974
118	176	0.741232
118	177	0.738967
118	178	0.748751
118	179	0.757799
118	180	0.756032
119	46	0.888701
119	59	0.955093
119	95	0.84559
119	103	0.869053
119	104	0.870594
119	106	0.859162
119	109	1.08718
119	110	0.935958
119	111	0.924105
119	112	0.922814
119	115	0.924013
119	123	0.897559
119	124	0.896698
119	126	0.896956
119	128	0.892214
119	129	0.893861
119	132	0.919751
119	134	0.885661
119	135	0.89451
119	136	0.90997
119	141	0.815422
119	154	0.951518
119	157	1.96332
119	161	3.02863
119	165	2.26398
119	168	0.923405
119	175	0.78451
119	179	4.37923
120	25	0.939102
120	32	2.49495
120	33	1.26027
120	62	0.806448
120	68	1.34734
120	77	0.942528
120	102	1.12026
120	107	0.986809
120	128	0.36993
120	144	0.860074
120	146	0.911411
120	152	0.892496
120	153	0.915497
120	155	0.862642
120	156	0.863291
120	158	0.852186
120	160	0.869723
120	162	0.866432
120	163	0.880938
120	166	0.928006
120	169	0.819736
120	171	0.872795
120	173	0.917213
120	175	0.828197
120	176	0.851455
120	177	0.84919
120	178	0.858974
120	179	0.868022
120	180	0.866255
121	34	1.6476
121	54	0.92368
121	61	0.92413
121	88	0.882759
121	96	1.68048
121	98	2.36079
121	131	0.898338
121	133	0.88143
121	143	0.878859
121	144	0.806856
121	145	0.845639
121	147	0.823668
121	150	0.898236
121	151	0.549898
121	153	0.862279
121	154	0.902505
121	155	0.809423
121	157	0.878644
121	159	0.816733
121	163	0.82772
121	164	0.787326
121	168	0.366092
121	169	0.766517
121	173	0.863994
121	176	0.798237
121	177	0.795972
121	178	0.805756
121	179	0.814804
121	180	0.813037
122	50	2.11474
122	59	1.36993
122	71	0.799721
122	79	0.805865
122	100	2.20088
122	111	1.42669
122	115	1.88776
122	125	0.888129
122	139	0.938777
122	140	0.852167
122	145	0.855975
122	148	0.846105
122	150	0.908571
122	152	0.849613
122	153	0.872614
122	154	0.912841
122	156	0.820409
122	158	0.809303
122	159	0.827068
122	160	0.82684
122	161	0.861337
122	164	0.797661
122	167	0.83791
122	169	0.776853
122	171	0.829912
122	174	0.818754
122	177	0.806308
122	178	0.816091
122	179	0.82514
122	180	0.823373
123	9	0.877026
123	59	0.93538
123	60	0.888524
123	63	1.07228
123	86	0.88762
123	92	0.868246
123	108	0.862449
123	110	0.916244
123	111	0.904391
123	112	0.9031
123	114	0.783005
123	115	0.9043
123	116	1.35981
123	119	0.897559
123	124	0.876984
123	126	0.877242
123	128	0.8725
123	129	0.874147
123	131	2.38191
123	132	0.900037
123	134	0.865947
123	135	0.874797
123	136	0.890257
123	141	0.795708
123	150	2.31005
123	151	0.880814
123	166	2.03948
123	168	0.903692
123	170	3.73375
123	175	0.764797
124	51	0.103533
124	59	0.934519
124	72	0.739701
124	86	0.886759
124	92	0.867385
124	103	0.848479
124	104	0.85002
124	106	0.838587
124	108	0.861589
124	110	0.915384
124	111	0.90353
124	112	0.902239
124	114	0.782144
124	115	0.903439
124	119	0.896698
124	123	0.876984
124	125	1.72746
124	126	0.876382
124	128	0.87164
124	129	0.873286
124	132	0.899176
124	134	0.865086
124	135	0.873936
124	136	0.889396
124	151	0.879953
124	153	1.68298
124	155	4.70557
124	162	3.11482
124	168	0.902831
124	174	3.43079
124	175	0.763936
125	13	2.01452
125	78	2.18132
125	88	0.862342
125	98	3.07671
125	122	0.888129
125	124	1.72746
125	138	0.801858
125	143	0.858442
125	148	0.815352
125	149	0.836308
125	150	0.877818
125	152	0.81886
125	155	0.789006
125	158	0.778551
125	159	0.796316
125	160	0.796088
125	161	0.830584
125	163	0.807303
125	164	0.766909
125	167	0.807158
125	169	0.7461
125	170	0.803995
125	171	0.799159
125	173	0.843577
125	175	0.754562
125	176	0.77782
125	177	0.775555
125	178	0.785339
125	179	0.794387
125	180	0.79262
126	46	0.868385
126	60	0.887922
126	72	0.739959
126	86	0.887018
126	95	0.825274
126	103	0.848737
126	104	0.850278
126	106	0.838845
126	110	0.915642
126	111	0.903789
126	112	0.902498
126	113	0.858077
126	115	0.903697
126	119	0.896956
126	123	0.877242
126	124	0.876382
126	128	0.871898
126	129	0.873545
126	132	0.899435
126	134	0.865345
126	135	0.874194
126	136	0.889654
126	150	1.90377
126	151	0.880212
126	154	0.78819
126	161	2.76027
126	165	1.99562
126	167	3.76678
126	168	0.903089
126	171	3.65389
126	175	0.764194
127	36	3.51081
127	87	2.60243
127	116	0.858596
127	131	0.845413
127	133	0.828505
127	136	1.80336
127	145	0.792714
127	146	0.805267
127	147	0.770742
127	152	0.786352
127	154	0.84958
127	155	0.756498
127	156	0.757148
127	157	0.825718
127	158	0.746042
127	160	0.763579
127	161	0.798076
127	163	0.774795
127	164	0.7344
127	167	0.774649
127	169	0.713592
127	171	0.766651
127	172	0.782463
127	173	0.811069
127	176	0.745311
127	177	0.743046
127	178	0.75283
127	179	0.761879
127	180	0.760112
128	46	0.863643
128	59	0.930035
128	60	0.883179
128	72	0.735217
128	92	0.862902
128	103	0.843995
128	104	0.845536
128	105	0.824593
128	108	0.857105
128	110	0.9109
128	111	0.899047
128	112	0.897756
128	113	0.853335
128	115	0.898955
128	119	0.892214
128	120	0.36993
128	123	0.8725
128	124	0.87164
128	126	0.871898
128	129	0.868803
128	132	0.894693
128	134	0.860602
128	135	0.869452
128	136	0.884912
128	151	0.87547
128	168	0.898347
128	174	2.44433
128	175	0.759452
128	176	4.59437
128	177	4.45766
128	179	2.53553
129	59	0.931682
129	60	0.884826
129	86	0.883922
129	92	0.864549
129	95	0.822179
129	103	0.845642
129	104	0.847183
129	106	0.83575
129	111	0.900694
129	112	0.899403
129	113	0.854981
129	115	0.900602
129	119	0.893861
129	123	0.874147
129	124	0.873286
129	126	0.873545
129	128	0.868803
129	132	0.89634
129	134	0.862249
129	135	0.871099
129	136	0.886559
129	141	0.792011
129	143	1.84388
129	147	3.86961
129	150	1.76444
129	151	0.877117
129	154	0.664372
129	162	3.56438
129	168	0.899994
129	172	3.21543
129	175	0.761099
130	65	0.848802
130	74	0.898325
130	75	0.830535
130	76	2.89226
130	78	1.53504
130	80	1.99376
130	83	0.830649
130	84	0.890766
130	85	0.876288
130	91	0.866098
130	93	0.920302
130	96	0.900389
130	98	0.849523
130	99	0.900343
130	102	0.89729
130	103	1.54247
130	110	1.03648
130	114	0.772687
130	143	0.858358
130	144	0.786355
130	149	0.836224
130	164	0.766825
130	165	0.839107
130	168	0.893373
130	170	0.803912
130	174	0.787918
130	177	0.775471
130	178	0.785255
130	179	0.794303
130	180	0.792536
131	30	1.57346
131	73	1.87345
131	92	1.60894
131	94	0.880804
131	117	0.850632
131	121	0.898338
131	123	2.38191
131	127	0.845413
131	134	0.729402
131	138	0.822404
131	140	0.841959
131	141	0.806019
131	145	0.845768
131	146	0.858321
131	149	0.856853
131	153	0.862407
131	154	0.902633
131	155	0.809552
131	157	0.878772
131	160	0.816633
131	163	0.827849
131	169	0.766646
131	171	0.819705
131	172	0.835517
131	173	0.864123
131	174	0.808547
131	175	0.775107
131	177	0.7961
131	178	0.805884
131	179	0.814932
131	180	0.813165
132	59	0.957572
132	60	0.910716
132	86	0.909812
132	92	0.890439
132	103	0.871532
132	104	0.873073
132	106	0.86164
132	108	0.884642
132	110	0.938437
132	111	0.926584
132	112	0.925293
132	113	0.880871
132	115	0.926492
132	119	0.919751
132	123	0.900037
132	124	0.899176
132	126	0.899435
132	128	0.894693
132	129	0.89634
132	134	0.888139
132	136	0.912449
132	141	0.817901
132	142	2.25753
132	145	2.16435
132	146	2.23197
132	151	0.903007
132	153	2.37103
132	157	1.79413
132	161	2.85944
132	168	0.925884
132	173	2.63177
132	175	0.786989
133	81	1.16737
133	83	1.81507
133	106	2.91529
133	115	2.80226
133	121	0.88143
133	127	0.828505
133	138	0.805496
133	142	0.857923
133	145	0.82886
133	147	0.806888
133	148	0.818989
133	149	0.839945
133	153	0.845499
133	155	0.792644
133	159	0.799953
133	160	0.799725
133	161	0.834222
133	163	0.81094
133	164	0.770546
133	167	0.810795
133	171	0.802797
133	172	0.818609
133	173	0.847215
133	175	0.758199
133	176	0.781457
133	177	0.779192
133	178	0.788976
133	179	0.798024
133	180	0.796257
134	59	0.923482
134	60	0.876626
134	86	0.875722
134	88	0.587701
134	92	0.856348
134	95	0.813978
134	103	0.837442
134	104	0.838983
134	106	0.82755
134	108	0.850551
134	110	0.904347
134	111	0.892493
134	112	0.891202
134	114	0.771107
134	115	0.892402
134	119	0.885661
134	123	0.865947
134	124	0.865086
134	126	0.865345
134	128	0.860602
134	129	0.862249
134	131	0.729402
134	132	0.888139
134	135	0.862899
134	136	0.878359
134	151	0.868916
134	163	2.61796
134	168	0.891794
134	175	0.752899
134	178	3.18232
134	179	2.86464
134	180	3.9628
135	9	0.873977
135	14	1.19646
135	59	0.932332
135	60	0.885476
135	63	1.11913
135	72	0.737513
135	82	1.58598
135	86	0.884572
135	92	0.865198
135	103	0.846291
135	104	0.847832
135	106	0.8364
135	109	1.27195
135	110	0.913196
135	112	0.900052
135	113	0.855631
135	114	0.779957
135	115	0.901251
135	119	0.89451
135	123	0.874797
135	124	0.873936
135	126	0.874194
135	128	0.869452
135	129	0.871099
135	134	0.862899
135	136	0.887208
135	141	0.79266
135	149	2.18147
135	151	0.877766
135	168	0.900643
135	171	4.10702
135	175	0.761748
136	14	0.487218
136	22	3.1166
136	46	0.881399
136	59	0.947792
136	60	0.900936
136	86	0.900032
136	92	0.880658
136	94	1.85029
