1	14	0.959084
1	27	0.820397
1	36	0.99004
1	45	0.968448
1	50	0.925837
1	56	1.00725
1	60	1.00536
1	63	0.932706
1	72	1.0601
1	122	0.93762
1	153	0.9777
1	160	2.76951
2	8	0.953224
2	74	0.621619
2	137	1.064
2	164	1.01772
2	169	0.953282
2	172	0.944267
2	174	0.956118
2	175	0.940562
2	176	0.954939
2	178	0.929767
2	179	0.919751
2	180	0.91973
3	85	1.09502
3	103	1.10819
3	119	1.11248
3	120	1.10524
3	124	1.08765
3	127	1.08056
3	136	0.586444
3	160	1.0067
3	164	1.58392
3	171	2.15057
3	173	1.01175
3	177	0.979022
4	43	1.06983
4	44	1.07357
4	54	1.06312
4	62	1.04437
4	66	1.0293
4	77	1.08473
4	80	1.07597
4	81	1.07593
4	83	1.0747
4	135	1.14894
4	145	1.51168
4	173	2.36273
5	27	2.6
5	38	0.0232791
5	115	0.0271713
5	155	1.10999
5	159	1.05051
5	166	1.08419
5	168	1.09942
5	169	1.07013
5	175	1.05741
5	178	1.04662
5	179	1.0366
5	180	1.03658
6	52	0.78333
6	95	0.114875
6	101	1.15022
6	128	0.0483724
6	161	1.05103
6	166	1.08361
6	169	1.06956
6	174	1.07239
6	177	1.04707
6	178	1.04604
6	179	1.03603
6	180	1.03601
7	45	2.04206
7	82	0.986677
7	150	0.896309
7	162	0.882802
7	168	0.887732
7	169	0.858443
7	171	0.884513
7	172	0.849428
7	176	0.8601
7	178	0.834928
7	179	0.824912
7	180	0.824891
8	2	0.953224
8	95	1.02497
8	99	1.00397
8	115	1.00411
8	120	0.985162
8	124	0.967564
8	127	0.960482
8	128	1.00207
8	144	1.99691
8	160	0.886614
8	173	0.891667
8	177	0.858941
9	71	0.969268
9	104	1.00993
9	119	1.00057
9	120	0.993334
9	124	0.975737
9	127	0.968654
9	128	1.01025
9	137	1.93171
9	144	1.63775
9	160	0.894786
9	173	0.899839
9	177	0.867113
10	51	0.961362
10	87	0.949142
10	90	0.951293
10	116	0.985127
10	118	0.9776
10	121	0.974178
10	123	0.968937
10	125	0.987922
10	133	0.940645
10	141	0.925839
10	156	1.47983
10	171	2.2338
11	49	1.17653
11	98	1.09092
11	120	0.164808
11	159	0.93819
11	161	0.939286
11	169	0.957813
11	171	0.983883
11	175	0.945093
11	176	0.95947
11	178	0.934298
11	179	0.924282
11	180	0.924261
12	27	0.85762
12	50	0.963059
12	60	1.04258
12	63	0.969928
12	124	0.984316
12	127	0.977234
12	128	1.01883
12	145	1.8172
12	153	1.01492
12	171	1.89019
12	173	0.908419
12	177	0.875692
13	90	0.930756
13	92	0.920429
13	105	0.954768
13	118	0.957063
13	121	0.953642
13	123	0.948401
13	125	0.967386
13	131	0.989798
13	132	1.71818
13	140	0.853417
13	143	0.965982
13	153	0.964499
13	154	1.96966
14	1	0.959084
14	36	1.02326
14	47	1.00997
14	56	1.04047
14	63	0.965929
14	124	1.37534
14	131	0.56599
14	153	1.01092
14	168	0.92347
14	175	0.881461
14	178	0.870666
14	179	0.86065
14	180	0.860629
15	31	1.0561
15	43	1.03092
15	44	1.03466
15	57	1.08421
15	66	0.990382
15	76	1.05037
15	77	1.04581
15	80	1.03705
15	81	1.03702
15	83	1.03579
15	102	1.04486
15	162	2.00136
15	163	1.7507
16	20	1.0725
16	51	1.01849
16	61	1.07693
16	105	1.03243
16	116	1.04225
16	117	1.02112
16	121	1.03131
16	125	1.04505
16	143	1.04365
16	151	1.48394
16	153	1.04216
16	155	1.5218
16	160	1.70085
17	50	1.04169
17	68	0.909039
17	101	1.02197
17	116	0.682177
17	158	1.00446
17	161	0.922776
17	167	0.971659
17	172	0.932288
17	173	0.951541
17	176	0.94296
17	178	0.917788
17	179	0.907772
17	180	0.907751
18	22	1.01667
18	27	0.835055
18	45	0.983106
18	63	0.947364
18	119	0.986589
18	124	0.961752
18	126	0.7532
18	127	0.954669
18	128	0.996262
18	140	3.27588
18	153	0.992358
18	173	0.885854
18	177	0.853128
19	64	1.02038
19	74	1.07405
19	79	1.05882
19	110	1.0875
19	111	1.08592
19	113	1.07862
19	114	1.03194
19	130	1.08055
19	151	2.16789
19	152	0.971936
19	158	1.13273
19	163	0.976753
19	164	1.02399
20	16	1.0725
20	34	0.660382
20	87	1.02398
20	92	1.01581
20	107	1.05401
20	117	1.03883
20	121	1.04902
20	125	1.06276
20	130	1.64779
20	131	1.08518
20	140	0.948796
20	143	1.06136
20	156	1.89802
21	90	0.926725
21	91	0.928582
21	107	0.954601
21	116	0.960559
21	117	0.939421
21	118	0.953032
21	121	0.949611
21	123	0.94437
21	131	0.985767
21	133	0.916077
21	142	1.24833
21	153	0.960467
21	165	2.8523
22	18	1.01667
22	27	0.896546
22	36	1.06619
22	37	1.05784
22	45	1.0446
22	50	1.00199
22	60	1.08151
22	72	1.13625
22	106	1.08943
22	129	1.32995
22	153	1.05385
22	164	1.19504
22	166	2.13997
23	73	1.05335
23	90	1.02083
23	92	1.01051
23	116	1.05467
23	117	1.03353
23	118	1.04714
23	121	1.04372
23	122	0.625609
23	123	1.03848
23	125	1.05746
23	143	1.05606
23	166	2.322
23	168	1.61292
24	39	0.879298
24	134	0.879027
24	156	0.863237
24	157	0.836397
24	162	0.799155
24	165	0.772663
24	167	0.805152
24	172	0.765781
24	174	0.777632
24	176	0.776453
24	178	0.751281
24	179	0.741265
24	180	0.741244
25	36	0.526783
25	60	0.15225
25	62	0.135903
25	156	1.12015
25	165	1.02958
25	167	1.06206
25	168	1.061
25	170	1.03702
25	171	1.05778
25	175	1.01899
25	178	1.00819
25	179	0.998178
25	180	0.998157
26	95	0.997349
26	99	0.97635
26	104	0.974132
26	115	0.976485
26	119	0.96478
26	120	0.95754
26	124	0.939943
26	127	0.93286
26	128	0.974453
26	144	1.69054
26	158	2.03742
26	173	0.864045
26	177	0.831319
27	1	0.820397
27	5	2.6
27	12	0.85762
27	18	0.835055
27	22	0.896546
27	36	0.884576
27	37	0.876228
27	45	0.862985
27	56	0.901782
27	60	0.899897
27	63	0.827242
27	106	0.907813
27	153	0.872236
28	53	1.00669
28	62	1.00241
28	66	0.987341
28	72	1.13501
28	76	1.04732
28	77	1.04277
28	80	1.03401
28	81	1.03398
28	83	1.03275
28	102	1.04182
28	151	1.02112
28	166	1.31626
28	178	2.50112
29	57	0.187719
29	61	0.774366
29	127	0.160523
29	145	1.08391
29	162	1.06426
29	166	1.05396
29	168	1.06919
29	172	1.03089
29	175	1.02718
29	176	1.04156
29	178	1.01639
29	179	1.00637
29	180	1.00635
30	61	1.0621
30	73	1.02611
30	91	0.995449
30	105	1.0176
30	106	0.534146
30	107	1.02147
30	116	1.02743
30	117	1.00629
30	118	1.0199
30	121	1.01648
30	123	1.01124
30	125	1.03022
30	148	0.907019
30	176	3.03808
31	15	1.0561
31	65	0.841976
31	135	1.05829
31	144	1.00732
31	158	0.982688
31	161	0.901
31	170	0.924835
31	172	0.910512
31	174	0.922364
31	175	0.906808
31	176	0.921184
31	178	0.896012
31	179	0.885996
31	180	0.885976
32	86	0.949589
32	95	1.08006
32	97	1.44623
32	99	1.05906
32	115	1.0592
32	119	1.04749
32	120	1.04025
32	124	1.02266
32	127	1.01557
32	128	1.05717
32	143	1.93861
32	160	0.941705
32	173	0.946758
32	177	0.914031
33	67	0.677297
33	88	1.0699
33	94	1.06259
33	109	1.01938
33	110	1.05551
33	111	1.05394
33	112	1.95225
33	113	1.04663
33	114	0.999961
33	129	0.990545
33	152	0.939954
33	155	2.3276
33	163	0.944771
33	164	0.992006
34	20	0.660382
34	95	0.758213
34	128	0.282198
34	159	1.00313
34	161	1.00423
34	162	1.04712
34	163	1.03996
34	167	1.05311
34	174	1.02559
34	175	1.01004
34	176	1.02441
34	178	0.999242
34	179	0.989226
34	180	0.989205
35	90	1.00576
35	92	0.995435
35	105	1.02977
35	107	1.03364
35	117	1.01846
35	121	1.02865
35	123	1.02341
35	125	1.04239
35	131	1.0648
35	140	0.928424
35	142	1.29666
35	153	1.0395
35	157	1.08833
35	176	2.43522
36	1	0.99004
36	14	1.02326
36	22	1.06619
36	25	0.526783
36	27	0.884576
36	37	1.04587
36	39	1.15308
36	50	0.990016
36	56	1.07143
36	63	0.996885
36	97	1.0306
36	106	1.07746
36	153	1.04188
36	167	2.19576
37	22	1.05784
37	27	0.876228
37	36	1.04587
37	45	1.02428
37	50	0.981668
37	56	1.06308
37	60	1.06119
37	63	0.988537
37	97	1.02225
37	106	1.06911
37	147	0.861745
37	153	1.03353
37	161	2.9312
37	173	1.25034
38	5	0.0232791
38	44	0.989387
38	53	0.964464
38	57	1.03894
38	62	0.960184
38	66	0.945113
38	72	1.09279
38	76	1.0051
38	77	1.00054
38	80	0.991784
38	81	0.991748
38	83	0.990521
38	102	0.999589
38	160	2.22286
38	175	3.02873
39	24	0.879298
39	36	1.15308
39	46	1.01317
39	84	0.996859
39	104	1.32818
39	109	0.992364
39	152	0.912939
39	163	0.917756
39	164	0.964992
39	171	0.926626
39	172	0.891541
39	174	0.903392
39	178	0.877041
39	179	0.867025
39	180	0.867004
40	69	1.02204
40	80	0.431217
40	84	0.976232
40	88	1.02226
40	114	0.952319
40	117	1.10319
40	146	1.00418
40	163	0.897129
40	164	0.944364
40	166	0.893984
40	175	0.867209
40	176	0.881586
40	178	0.856413
40	179	0.846397
40	180	0.846377
41	43	0.985486
41	54	0.978775
41	57	1.03877
41	62	0.960019
41	66	0.944948
41	72	1.09262
41	76	1.00493
41	77	1.00038
41	80	0.991619
41	81	0.991583
41	82	1.77495
41	83	0.990356
41	102	0.999424
41	156	1.04754
41	176	2.42269
42	64	0.962394
42	69	1.04368
42	79	1.00084
42	88	1.0439
42	93	1.02993
42	94	1.03658
42	109	0.993376
42	111	1.02794
42	113	1.02063
42	114	0.973959
42	135	0.958274
42	163	0.918768
42	164	0.966004
42	175	1.46598
42	180	3.06031
43	4	1.06983
43	15	1.03092
43	41	0.985486
43	44	0.983809
43	54	0.973362
43	57	1.03336
43	62	0.954606
43	76	0.999519
43	77	0.994966
43	80	0.986206
43	83	0.984943
43	96	1.75184
43	102	0.994011
43	146	0.906976
43	151	2.28208
44	4	1.07357
44	15	1.03466
44	38	0.989387
44	43	0.983809
44	54	0.977098
44	57	1.0371
44	58	0.678823
44	62	0.958342
44	66	0.943271
44	76	1.00326
44	77	0.998702
44	81	0.989906
44	83	0.988679
44	149	2.80043
44	150	2.05611
45	1	0.968448
45	7	2.04206
45	18	0.983106
45	22	1.0446
45	27	0.862985
45	37	1.02428
45	50	0.968424
45	56	1.04983
45	60	1.04795
45	63	0.975293
45	97	1.00901
45	100	0.658641
45	106	1.05586
45	134	1.15482
45	153	1.02029
46	39	1.01317
46	48	1.02201
46	79	1.00794
46	88	1.051
46	93	1.03703
46	94	1.04369
46	98	0.754035
46	109	1.00048
46	110	1.03661
46	129	0.971645
46	139	1.71062
46	152	0.921054
46	163	0.925871
46	164	0.973106
46	171	2.29395
47	14	1.00997
47	70	1.6376
47	131	0.120238
47	156	1.00028
47	168	0.94113
47	169	0.911841
47	170	0.917149
47	171	0.937911
47	172	0.902826
47	174	0.914677
47	175	0.899121
47	176	0.913498
47	178	0.888326
47	179	0.87831
47	180	0.878289
48	46	1.02201
48	65	0.969037
48	74	1.02389
48	75	0.860472
48	84	1.0057
48	93	1.03776
48	110	1.03734
48	111	1.03577
48	113	1.02846
48	114	0.981788
48	129	0.972372
48	134	1.44895
48	163	0.926597
48	164	0.973833
48	167	2.38761
49	11	1.17653
49	85	1.0004
49	86	1.12619
49	95	1.05043
49	99	1.02943
49	103	1.01357
49	115	1.02957
49	120	1.01062
49	124	0.993024
49	127	0.985942
49	128	1.02753
49	148	1.7748
49	149	0.933866
49	160	0.912074
49	173	0.917127
49	177	0.8844
50	1	0.925837
50	12	0.963059
50	17	1.04169
50	22	1.00199
50	36	0.990016
50	37	0.981668
50	45	0.968424
50	56	1.00722
50	58	1.23636
50	60	1.00534
50	63	0.932682
50	72	1.06008
50	97	0.966395
50	106	1.01325
50	134	1.70384
50	153	0.977676
51	10	0.961362
51	16	1.01849
51	87	0.969972
51	92	0.961796
51	107	0.999999
51	116	1.00596
51	117	0.984819
51	118	0.99843
51	123	0.989768
51	125	1.00875
51	129	1.62588
51	133	0.961475
51	135	0.929419
51	141	0.946669
51	153	1.00587
51	176	2.67882
52	6	0.78333
52	71	0.986172
52	85	1.00002
52	89	1.06374
52	95	1.05005
52	103	1.01318
52	106	1.53553
52	119	1.01748
52	120	1.01024
52	127	0.985557
52	128	1.02715
52	147	1.99454
52	149	0.933482
52	160	0.911689
52	173	0.916742
52	177	0.884016
53	28	1.00669
53	38	0.964464
53	54	0.952175
53	76	0.978332
53	80	0.965018
53	81	0.964983
53	107	0.878274
53	116	1.26191
53	152	0.879259
53	154	0.96739
53	169	0.866876
53	170	0.872184
53	172	0.857862
53	178	0.843361
53	179	0.833345
53	180	0.833325
54	4	1.06312
54	41	0.978775
54	43	0.973362
54	44	0.977098
54	53	0.952175
54	57	1.02665
54	62	0.947895
54	66	0.932824
54	76	0.992808
54	77	0.988255
54	80	0.979495
54	81	0.979459
54	83	0.978232
54	167	0.992003
54	168	0.926082
54	177	3.24106
55	64	1.05182
55	65	1.05063
55	78	1.10654
55	79	1.09026
55	84	1.08729
55	109	1.0828
55	111	1.11736
55	113	1.11005
55	114	1.06338
55	138	1.29158
55	139	1.51939
55	141	2.11072
55	143	0.933245
55	152	1.00337
55	163	1.00819
55	164	1.05543
56	1	1.00725
56	14	1.04047
56	27	0.901782
56	36	1.07143
56	37	1.06308
56	45	1.04983
56	50	1.00722
56	60	1.08675
56	63	1.01409
56	72	1.14149
56	82	1.25351
56	97	1.0478
56	106	1.09466
56	153	1.05908
56	159	2.83507
56	165	1.15552
56	178	1.63207
57	15	1.08421
57	29	0.187719
57	38	1.03894
57	41	1.03877
57	43	1.03336
57	44	1.0371
57	54	1.02665
57	62	1.00789
57	66	0.992822
57	72	1.14049
57	76	1.05281
57	80	1.03949
57	81	1.03946
57	83	1.03823
57	126	1.09629
57	157	1.59793
57	163	2.45709
58	44	0.678823
58	50	1.23636
58	124	0.981842
58	138	1.05128
58	146	1.07775
58	150	0.991365
58	162	0.977859
58	165	0.951366
58	167	0.983855
58	170	0.958807
58	171	0.97957
58	174	0.956336
58	175	0.94078
58	176	0.955156
58	178	0.929984
58	179	0.919968
58	180	0.919948
59	95	1.03266
59	99	1.01166
59	103	0.9958
59	104	1.00945
59	106	1.13479
59	115	1.0118
59	119	1.00009
59	120	0.992854
59	124	0.975256
59	127	0.968174
59	128	1.00977
59	132	1.67113
59	149	0.916098
59	157	2.29184
59	160	0.894306
59	173	0.899359
59	177	0.866632
60	1	1.00536
60	12	1.04258
60	22	1.08151
60	25	0.15225
60	27	0.899897
60	37	1.06119
60	45	1.04795
60	50	1.00534
60	56	1.08675
60	63	1.01221
60	72	1.1396
60	96	1.63901
60	97	1.04592
60	106	1.09278
60	143	0.916643
60	153	1.0572
60	176	2.7073
61	16	1.07693
61	29	0.774366
61	30	1.0621
61	82	0.97154
61	87	1.02842
61	91	1.03242
61	105	1.05458
61	116	1.0644
61	117	1.04326
61	118	1.05687
61	123	1.04821
61	125	1.0672
61	140	0.953228
61	143	1.06579
61	153	1.06431
61	166	1.37637
61	180	3.69834
62	4	1.04437
62	25	0.135903
62	28	1.00241
62	38	0.960184
62	41	0.960019
62	43	0.954606
62	44	0.958342
62	54	0.947895
62	57	1.00789
62	66	0.914068
62	76	0.974052
62	77	0.969499
62	80	0.960738
62	81	0.960703
62	83	0.959476
62	157	1.34406
62	172	3.28069
63	1	0.932706
63	12	0.969928
63	14	0.965929
63	18	0.947364
63	27	0.827242
63	36	0.996885
63	37	0.988537
63	45	0.975293
63	50	0.932682
63	56	1.01409
63	60	1.01221
63	72	1.06695
63	96	1.40916
63	97	0.973264
63	153	0.984545
63	158	0.904241
63	172	3.06719
64	19	1.02038
64	42	0.962394
64	55	1.05182
64	84	0.953183
64	88	0.999207
64	93	0.985238
64	94	0.991895
64	109	0.948688
64	111	0.98325
64	113	0.975943
64	114	0.92927
64	129	0.919854
64	152	0.869263
64	154	1.02031
64	163	0.87408
64	164	0.921315
64	170	2.42154
64	171	2.11526
65	31	0.841976
65	48	0.969037
65	55	1.05063
65	69	0.997806
65	78	0.971246
65	79	0.954963
65	88	0.998021
65	93	0.984052
65	94	0.99071
65	109	0.947502
65	111	0.982065
65	113	0.974757
65	114	0.928084
65	146	0.780851
65	152	0.868077
65	163	0.872894
65	164	0.92013
65	179	3.30049
66	4	1.0293
66	15	0.990382
66	28	0.987341
66	38	0.945113
66	41	0.944948
66	44	0.943271
66	54	0.932824
66	57	0.992822
66	62	0.914068
66	76	0.958981
66	77	0.954428
66	80	0.945667
66	81	0.945632
66	83	0.944405
66	102	0.953473
66	152	1.94192
66	175	2.20262
66	176	1.71789
67	33	0.677297
67	89	0.0580669
67	115	0.845159
67	124	0.370444
67	156	1.10665
67	157	1.07981
67	167	1.04857
67	168	1.0475
67	169	1.01821
67	170	1.02352
67	171	1.04428
67	172	1.0092
67	174	1.02105
67	175	1.00549
67	176	1.01987
67	178	0.994695
67	179	0.984679
67	180	0.984658
68	17	0.909039
68	132	0.867907
68	147	0.897064
68	151	0.816525
68	156	0.852231
68	158	0.82695
68	159	0.744167
68	164	0.828226
68	166	0.777845
68	167	0.794146
68	168	0.793079
68	170	0.769098
68	171	0.78986
68	175	0.75107
68	176	0.765447
68	178	0.740275
68	179	0.730259
68	180	0.730238
69	40	1.02204
69	42	1.04368
69	65	0.997806
69	74	1.05266
69	93	1.06652
69	94	1.07318
69	102	1.04411
69	110	1.06611
69	111	1.06454
69	113	1.05723
69	129	1.00114
69	135	1.12895
69	143	1.08769
69	152	0.950549
69	156	1.50319
69	163	0.955366
69	164	1.0026
69	169	2.47054
70	47	1.6376
70	85	0.967447
70	89	1.03116
70	99	0.996476
70	100	1.09198
70	103	0.980612
70	104	0.994258
70	115	0.996611
70	119	0.984906
70	124	0.960069
70	127	0.952986
70	128	0.994579
70	130	1.7875
70	131	1.01597
70	149	0.900911
70	160	0.879118
70	173	0.884171
70	177	0.851445
71	9	0.969268
71	52	0.986172
71	89	1.03295
71	99	0.998265
71	104	0.996048
71	115	0.998401
71	119	0.986696
71	120	0.979456
71	124	0.961858
71	127	0.954775
71	128	0.996368
71	133	0.953495
71	149	0.9027
71	150	1.40296
71	160	0.880908
71	173	0.88596
71	177	0.853234
71	180	3.81887
72	1	1.0601
72	22	1.13625
72	28	1.13501
72	38	1.09279
72	41	1.09262
72	50	1.06008
72	56	1.14149
72	57	1.14049
72	60	1.1396
72	63	1.06695
72	76	1.10665
72	77	1.1021
72	101	0.745545
72	140	1.56053
72	149	1.29385
72	153	1.11194
72	172	1.47612
72	180	2.96544
73	23	1.05335
73	30	1.02611
73	87	0.992422
73	90	0.994573
73	91	0.99643
73	92	0.984246
73	105	1.01858
73	107	1.02245
73	116	1.02841
73	117	1.00727
73	123	1.01222
73	125	1.0312
73	131	1.05361
73	133	0.983925
73	149	2.72027
73	153	1.02832
73	156	0.937648
73	163	1.82507
73	164	1.12497
74	2	0.621619
74	19	1.07405
74	48	1.02389
74	69	1.05266
74	78	1.0261
74	79	1.00982
74	84	1.00685
74	88	1.05288
74	94	1.04557
74	100	1.26449
74	110	1.03849
74	111	1.03692
74	113	1.02961
74	114	0.982941
74	148	1.45433
74	152	0.922934
74	154	1.86927
74	163	0.927751
74	164	0.974986
75	48	0.860472
75	81	0.233618
75	127	0.504414
75	131	0.163184
75	142	1.10037
75	150	1.04426
75	158	1.06955
75	159	0.986767
75	160	1.01158
75	165	1.00426
75	166	1.02044
75	169	1.00639
75	170	1.0117
75	172	0.997375
75	174	1.00923
75	175	0.99367
75	178	0.982875
75	179	0.972859
75	180	0.972838
76	15	1.05037
76	28	1.04732
76	38	1.0051
76	41	1.00493
76	43	0.999519
76	44	1.00326
76	53	0.978332
76	54	0.992808
76	57	1.05281
76	62	0.974052
76	66	0.958981
76	72	1.10665
76	80	1.00565
76	81	1.00562
76	83	1.00439
76	108	1.05839
76	133	1.24902
76	172	2.62507
76	175	2.52006
77	4	1.08473
77	15	1.04581
77	28	1.04277
77	38	1.00054
77	41	1.00038
77	43	0.994966
77	44	0.998702
77	54	0.988255
77	62	0.969499
77	66	0.954428
77	72	1.1021
77	80	1.0011
77	81	1.00106
77	83	0.999836
77	102	1.0089
77	126	0.944571
77	133	2.00678
77	134	0.968366
77	169	2.38528
78	55	1.10654
78	65	0.971246
78	74	1.0261
78	88	1.05393
78	93	1.03996
78	94	1.04662
78	102	1.01755
78	109	1.00341
78	110	1.03955
78	111	1.03798
78	113	1.03067
78	114	0.983997
78	133	1.58013
78	150	2.0296
78	152	0.923989
78	157	1.01956
78	162	2.12938
78	163	0.928806
78	164	0.976042
79	19	1.05882
79	42	1.00084
79	46	1.00794
79	55	1.09026
79	65	0.954963
79	74	1.00982
79	88	1.03765
79	93	1.02368
79	94	1.03034
79	109	0.987131
79	110	1.02327
79	113	1.01439
79	114	0.967714
79	122	0.634168
79	139	1.36896
79	148	0.957304
79	152	0.907706
79	163	0.912523
79	164	0.959759
79	177	3.93646
80	4	1.07597
80	15	1.03705
80	28	1.03401
80	38	0.991784
80	40	0.431217
80	41	0.991619
80	43	0.986206
80	53	0.965018
80	54	0.979495
80	57	1.03949
80	62	0.960738
80	66	0.945667
80	76	1.00565
80	77	1.0011
80	81	0.992303
80	83	0.991076
80	102	1.00014
80	140	2.76358
80	141	1.47625
80	163	1.6017
81	4	1.07593
81	15	1.03702
81	28	1.03398
81	38	0.991748
81	41	0.991583
81	44	0.989906
81	53	0.964983
81	54	0.979459
81	57	1.03946
81	62	0.960703
81	66	0.945632
81	75	0.233618
81	76	1.00562
81	77	1.00106
81	80	0.992303
81	83	0.99104
81	102	1.00011
81	147	0.601898
81	152	2.87085
81	170	2.33192
82	7	0.986677
82	41	1.77495
82	56	1.25351
82	61	0.97154
82	126	1.05937
82	155	0.964152
82	157	0.98589
82	159	0.904665
82	160	0.929474
82	165	0.922155
82	166	0.938344
82	167	0.954644
82	168	0.953578
82	170	0.929597
82	172	0.915274
82	174	0.927125
82	176	0.925946
82	178	0.900774
82	179	0.890758
82	180	0.890737
83	4	1.0747
83	15	1.03579
83	28	1.03275
83	38	0.990521
83	41	0.990356
83	43	0.984943
83	44	0.988679
83	54	0.978232
83	57	1.03823
83	62	0.959476
83	66	0.944405
83	76	1.00439
83	77	0.999836
83	80	0.991076
83	81	0.99104
83	97	0.47816
83	102	0.998881
83	148	0.630127
83	168	1.8092
83	172	3.35093
84	39	0.996859
84	40	0.976232
84	48	1.0057
84	55	1.08729
84	64	0.953183
84	74	1.00685
84	94	1.02737
84	102	0.998305
84	109	0.984165
84	110	1.0203
84	111	1.01873
84	113	1.01142
84	114	0.964748
84	122	0.875639
84	129	0.955332
84	133	1.61058
84	152	0.90474
84	163	0.909557
84	164	0.956793
84	170	2.08199
84	173	2.55377
85	3	1.09502
85	49	1.0004
85	52	1.00002
85	70	0.967447
85	89	1.0468
85	99	1.01211
85	104	1.00989
85	115	1.01225
85	119	1.00054
85	120	0.993303
85	122	1.13845
85	124	0.975705
85	127	0.968622
85	128	1.01021
85	131	1.03161
85	136	1.10617
85	146	1.37832
85	160	0.894754
85	166	3.04857
85	173	0.899807
85	177	0.867081
86	32	0.949589
86	49	1.12619
86	113	0.264659
86	118	0.381433
86	138	1.12713
86	150	1.06722
86	153	0.145218
86	156	1.11779
86	157	1.09095
86	158	1.09251
86	165	1.02722
86	166	1.04341
86	167	1.05971
86	168	1.05864
86	169	1.02935
86	170	1.03466
86	172	1.02034
86	175	1.01663
86	178	1.00584
86	179	0.99582
86	180	0.9958
87	10	0.949142
87	20	1.02398
87	51	0.969972
87	61	1.02842
87	73	0.992422
87	90	0.959903
87	91	0.96176
87	105	0.983915
87	107	0.987779
87	116	0.993737
87	117	0.972599
87	118	0.98621
87	123	0.977548
87	125	0.996533
87	131	1.01895
87	135	1.49166
87	140	0.882564
87	141	0.934449
87	143	0.995128
87	144	1.32096
87	147	1.19613
87	169	2.83324
88	33	1.0699
88	40	1.02226
88	42	1.0439
88	46	1.051
88	64	0.999207
88	65	0.998021
88	74	1.05288
88	78	1.05393
88	79	1.03765
88	93	1.06674
88	109	1.03019
88	110	1.06632
88	111	1.06475
88	113	1.05744
88	114	1.01077
88	135	0.814133
88	141	1.16726
88	143	0.744765
88	159	3.9254
88	162	1.54337
88	163	0.955582
88	164	1.00282
89	52	1.06374
89	67	0.0580669
89	70	1.03116
89	71	1.03295
89	85	1.0468
89	99	1.07583
89	103	1.05997
89	115	1.07596
89	119	1.06426
89	120	1.05702
89	124	1.03942
89	127	1.03234
89	128	1.07393
89	131	1.09533
89	149	0.980264
89	150	2.11058
89	160	0.958471
89	162	2.21036
89	164	1.25959
89	167	1.56136
89	173	0.963524
89	177	0.930798
90	10	0.951293
90	13	0.930756
90	21	0.926725
90	23	1.02083
90	35	1.00576
90	73	0.994573
90	87	0.959903
90	107	0.98993
90	116	0.995888
90	117	0.97475
90	118	0.988361
90	121	0.98494
90	123	0.979699
90	125	0.998684
90	131	1.0211
90	140	0.884715
90	143	0.997279
90	146	0.869858
90	151	2.24496
90	153	0.995796
90	157	1.43612
90	170	2.46811
91	21	0.928582
91	30	0.995449
91	61	1.03242
91	73	0.99643
91	87	0.96176
91	92	0.953584
91	105	0.987923
91	107	0.991787
91	116	0.997745
91	117	0.976607
91	118	0.990218
91	121	0.986797
91	123	0.981556
91	125	1.00054
91	135	1.32862
91	140	0.886572
91	141	0.938457
91	143	0.999137
91	153	0.997653
91	158	1.50481
91	164	1.89018
91	167	2.19195
92	13	0.920429
92	20	1.01581
92	23	1.01051
92	35	0.995435
92	51	0.961796
92	73	0.984246
92	91	0.953584
92	105	0.975739
92	107	0.979602
92	116	0.985561
92	118	0.978034
92	121	0.974612
92	123	0.969371
92	125	0.988356
92	131	1.01077
92	141	0.926273
92	143	0.986952
92	148	0.691955
92	153	0.985469
92	164	1.63518
92	168	1.87103
92	174	2.64825
93	42	1.02993
93	46	1.03703
93	48	1.03776
93	64	0.985238
93	65	0.984052
93	69	1.06652
93	78	1.03996
93	79	1.02368
93	88	1.06674
93	102	1.03036
93	109	1.01622
93	110	1.05236
93	111	1.05078
93	113	1.04348
93	114	0.996802
93	129	0.987386
93	137	0.93958
93	139	1.3612
93	143	0.775058
93	154	0.849586
93	163	0.941612
93	164	0.988848
93	179	3.84189
94	33	1.06259
94	42	1.03658
94	46	1.04369
94	64	0.991895
94	65	0.99071
94	69	1.07318
94	74	1.04557
94	78	1.04662
94	79	1.03034
94	84	1.02737
94	98	0.823459
94	109	1.02288
94	110	1.05901
94	111	1.05744
94	114	1.00346
94	129	0.994044
94	141	0.964805
94	149	1.98545
94	152	0.943453
94	163	0.94827
94	164	0.995505
94	173	1.73486
94	180	3.65704
95	6	0.114875
95	8	1.02497
95	26	0.997349
95	32	1.08006
95	34	0.758213
95	49	1.05043
95	52	1.05005
95	59	1.03266
95	103	1.04628
95	104	1.05992
95	115	1.06227
95	119	1.05057
95	120	1.04333
95	124	1.02573
95	127	1.01865
95	128	1.06024
95	136	1.1857
95	138	1.93869
95	149	0.966575
95	160	0.944782
95	168	2.41902
95	173	0.949835
95	177	0.917109
96	43	1.75184
96	60	1.63901
96	63	1.40916
96	130	0.978635
96	132	0.983023
96	139	0.956874
96	141	0.936452
96	142	0.972884
96	147	1.01218
96	150	0.916771
96	156	0.967346
96	158	0.942066
96	162	0.903265
96	165	0.876772
96	167	0.909261
96	169	0.878905
96	170	0.884214
96	171	0.904976
96	174	0.881742
96	175	0.866186
96	176	0.880563
96	178	0.855391
96	179	0.845374
96	180	0.845354
97	32	1.44623
97	36	1.0306
97	37	1.02225
97	45	1.00901
97	50	0.966395
97	56	1.0478
97	60	1.04592
97	63	0.973264
97	83	0.47816
97	104	0.973895
97	106	1.05383
97	116	0.886022
97	142	0.995494
97	151	0.95425
97	153	1.01826
97	160	0.906701
97	167	0.931871
97	171	0.927586
97	172	0.892501
97	175	0.888796
97	176	0.903172
97	178	0.878
97	179	0.867984
97	180	0.867964
98	11	1.09092
98	46	0.754035
98	94	0.823459
98	102	1.3295
98	119	0.827537
98	147	1.06244
98	148	1.0877
98	151	0.981897
98	158	0.992322
98	159	0.909539
98	161	0.910635
98	162	0.953521
98	163	0.946362
98	166	0.943217
98	167	0.959518
98	168	0.958451
98	170	0.93447
98	171	0.955232
98	173	0.9394
98	174	0.931998
98	175	0.916442
98	178	0.905647
98	179	0.895631
98	180	0.89561
99	8	1.00397
99	26	0.97635
99	32	1.05906
99	49	1.02943
99	59	1.01166
99	70	0.996476
99	71	0.998265
99	85	1.01211
99	89	1.07583
99	100	0.957505
99	103	1.02528
99	104	1.03892
99	115	1.04128
99	119	1.02957
99	120	1.02233
99	124	1.00473
99	127	0.997651
99	128	1.03924
99	143	0.704046
99	147	1.23349
99	159	4.03953
99	173	0.928836
99	177	0.89611
99	178	2.83654
100	45	0.658641
100	70	1.09198
100	74	1.26449
100	99	0.957505
100	107	0.464509
100	132	1.08266
100	146	1.1028
100	156	1.06699
100	157	1.04015
100	158	1.04171
100	159	0.958923
100	162	1.00291
100	165	0.976413
100	167	1.0089
100	168	1.00784
100	169	0.978546
100	170	0.983854
100	172	0.969531
100	173	0.988785
100	174	0.981383
100	175	0.965827
100	176	0.980203
100	178	0.955031
100	179	0.945015
100	180	0.944994
101	6	1.15022
101	17	1.02197
101	72	0.745545
101	113	1.53998
101	126	1.0118
101	128	1.39064
101	154	0.977232
101	155	0.916582
101	156	0.96516
101	161	0.858192
101	162	0.901078
101	165	0.874586
101	167	0.907075
101	168	0.906008
101	169	0.876719
101	170	0.882027
101	171	0.902789
101	172	0.867704
101	174	0.879555
101	175	0.863999
101	176	0.878376
101	178	0.853204
101	179	0.843188
101	180	0.843167
102	15	1.04486
102	28	1.04182
102	38	0.999589
102	41	0.999424
102	43	0.994011
102	66	0.953473
102	69	1.04411
102	77	1.0089
102	78	1.01755
102	80	1.00014
102	81	1.00011
102	83	0.998881
102	84	0.998305
102	93	1.03036
102	98	1.3295
102	109	0.993809
102	110	1.02994
102	114	0.974391
102	126	1.64207
102	129	0.964975
102	136	1.30529
102	143	1.69994
102	147	1.44567
102	163	0.919201
102	164	0.966437
103	3	1.10819
103	49	1.01357
103	52	1.01318
103	59	0.9958
103	70	0.980612
103	89	1.05997
103	95	1.04628
103	99	1.02528
103	104	1.02306
103	115	1.02541
103	119	1.01371
103	120	1.00647
103	122	1.05766
103	124	0.98887
103	127	0.981787
103	128	1.02338
103	131	1.04478
103	146	1.08381
103	149	0.929712
103	156	1.0716
103	160	0.907919
103	161	4.28449
103	163	1.95902
103	173	0.912972
103	177	0.880246
104	9	1.00993
104	26	0.974132
104	39	1.32818
104	59	1.00945
104	70	0.994258
104	71	0.996048
104	85	1.00989
104	95	1.05992
104	97	0.973895
104	99	1.03892
104	103	1.02306
104	115	1.03906
104	119	1.02735
104	120	1.02011
104	124	1.00252
104	126	1.4084
104	127	0.995433
104	128	1.03703
104	131	1.05842
104	136	1.07162
104	149	0.943358
104	160	0.921566
104	164	2.06909
104	173	0.926618
104	177	0.893892
105	13	0.954768
105	16	1.03243
105	30	1.0176
105	35	1.02977
105	61	1.05458
105	73	1.01858
105	87	0.983915
105	91	0.987923
105	92	0.975739
105	107	1.01394
105	116	1.0199
105	117	0.998761
105	118	1.01237
105	121	1.00895
105	123	1.00371
105	125	1.0227
105	133	0.975418
105	137	0.855537
105	140	0.908727
105	141	0.960612
105	142	1.34312
105	148	0.908107
105	153	1.01981
105	174	2.3069
105	178	3.42363
106	22	1.08943
106	27	0.907813
106	30	0.534146
106	36	1.07746
106	37	1.06911
106	45	1.05586
106	50	1.01325
106	52	1.53553
106	56	1.09466
106	59	1.13479
106	60	1.09278
106	97	1.05383
106	118	0.135796
106	120	0.390208
106	153	1.06512
106	157	1.00997
106	165	0.94624
106	168	0.977662
106	170	0.953681
106	174	0.95121
106	176	0.95003
106	177	0.925886
106	178	0.924858
106	179	0.914842
106	180	0.914821
107	20	1.05401
107	21	0.954601
107	30	1.02147
107	35	1.03364
107	51	0.999999
107	53	0.878274
107	73	1.02245
107	87	0.987779
107	90	0.98993
107	91	0.991787
107	92	0.979602
107	100	0.464509
107	105	1.01394
107	117	1.00263
107	118	1.01624
107	121	1.01282
107	123	1.00757
107	125	1.02656
107	133	0.979282
107	136	0.60011
107	140	0.912591
107	141	0.964475
107	145	2.09125
107	153	1.02367
107	173	2.9423
108	76	1.05839
108	118	0.438604
108	121	0.0425211
108	123	0.0174677
108	128	0.693864
108	139	1.05169
108	143	1.09195
108	146	1.09797
108	150	1.01159
108	154	1.07424
108	157	1.03532
108	159	0.9541
108	161	0.955196
108	162	0.998082
108	164	1.03816
108	165	0.97159
108	166	0.987778
108	168	1.00301
108	169	0.973723
108	172	0.964708
108	174	0.976559
108	175	0.961003
108	178	0.950208
108	179	0.940192
108	180	0.940171
109	33	1.01938
109	39	0.992364
109	42	0.993376
109	46	1.00048
109	55	1.0828
109	64	0.948688
109	65	0.947502
109	78	1.00341
109	79	0.987131
109	84	0.984165
109	88	1.03019
109	93	1.01622
109	94	1.02288
109	102	0.993809
109	110	1.01581
109	111	1.01423
109	113	1.00692
109	114	0.960252
109	136	0.581224
109	150	1.80075
109	152	0.900245
109	163	0.905062
109	164	0.952298
109	165	2.60302
109	170	1.8227
109	174	1.96283
110	19	1.0875
110	33	1.05551
110	46	1.03661
110	48	1.03734
110	69	1.06611
110	74	1.03849
110	78	1.03955
110	79	1.02327
110	84	1.0203
110	88	1.06632
110	93	1.05236
110	94	1.05901
110	102	1.02994
110	109	1.01581
110	111	1.05037
110	112	1.23941
110	113	1.04306
110	114	0.996387
110	129	0.986971
110	142	0.976389
110	146	0.783681
110	152	0.93638
110	155	1.61476
110	163	0.941197
110	164	0.988433
110	171	1.49376
110	179	3.39113
111	19	1.08592
111	33	1.05394
111	42	1.02794
111	48	1.03577
111	55	1.11736
111	64	0.98325
111	65	0.982065
111	69	1.06454
111	74	1.03692
111	78	1.03798
111	84	1.01873
111	88	1.06475
111	93	1.05078
111	94	1.05744
111	109	1.01423
111	110	1.05037
111	113	1.04149
111	114	0.994815
111	138	0.717621
111	144	0.794873
111	152	0.934808
111	154	1.01046
111	160	1.8288
111	163	0.939625
111	164	0.98686
111	174	1.97517
111	177	3.51292
112	33	1.95225
112	110	1.23941
112	132	0.972243
112	134	0.972357
112	135	1.00689
112	136	1.03817
112	141	0.925672
112	145	0.912137
112	150	0.905992
112	151	0.920861
112	153	1.52357
112	155	0.907989
112	159	0.848503
112	161	0.849599
112	164	0.932562
112	165	0.865993
112	166	0.882181
112	168	0.897415
112	169	0.868126
112	171	0.894196
112	173	0.878365
112	174	0.870962
112	175	0.855406
112	176	0.869783
112	178	0.844611
112	179	0.834595
112	180	0.834574
113	19	1.07862
113	33	1.04663
113	42	1.02063
113	48	1.02846
113	55	1.11005
113	64	0.975943
113	65	0.974757
113	69	1.05723
113	74	1.02961
113	78	1.03067
113	79	1.01439
113	84	1.01142
113	86	0.264659
113	88	1.05744
113	93	1.04348
113	101	1.53998
113	109	1.00692
113	110	1.04306
113	111	1.04149
113	114	0.987507
113	129	0.978091
113	132	1.07673
113	139	1.83982
113	148	0.913269
113	152	0.9275
113	163	0.932317
113	164	0.979553
113	167	2.15827
114	19	1.03194
114	33	0.999961
114	40	0.952319
114	42	0.973959
114	48	0.981788
114	55	1.06338
114	64	0.92927
114	65	0.928084
114	74	0.982941
114	78	0.983997
114	79	0.967714
114	84	0.964748
114	88	1.01077
114	93	0.996802
114	94	1.00346
114	102	0.974391
114	109	0.960252
114	110	0.996387
114	111	0.994815
114	113	0.987507
114	126	0.955467
114	130	1.02569
114	152	0.880827
114	156	1.27593
114	161	3.78431
114	163	0.885644
114	164	0.93288
114	177	3.30956
115	5	0.0271713
115	8	1.00411
115	26	0.976485
115	32	1.0592
115	49	1.02957
115	59	1.0118
115	67	0.845159
115	70	0.996611
115	71	0.998401
115	85	1.01225
115	89	1.07596
115	95	1.06227
115	99	1.04128
115	103	1.02541
115	104	1.03906
115	119	1.02971
115	120	1.02247
115	124	1.00487
115	127	0.997786
115	128	1.03938
115	131	1.06077
115	134	1.92403
115	136	1.56345
115	146	1.83561
115	149	0.945711
115	158	2.17555
115	160	0.923918
115	173	0.928971
115	177	0.896245
116	10	0.985127
116	16	1.04225
116	17	0.682177
116	21	0.960559
116	23	1.05467
116	30	1.02743
116	51	1.00596
116	53	1.26191
116	61	1.0644
116	73	1.02841
116	87	0.993737
116	90	0.995888
116	91	0.997745
116	92	0.985561
116	97	0.886022
116	105	1.0199
116	117	1.00858
116	118	1.0222
116	121	1.01877
116	123	1.01353
116	125	1.03252
116	132	1.20145
116	133	0.98524
116	138	1.73674
116	140	0.918549
116	141	0.970434
116	143	1.03111
116	153	1.02963
116	157	1.82216
117	16	1.02112
117	20	1.03883
117	21	0.939421
117	23	1.03353
117	30	1.00629
117	35	1.01846
117	40	1.10319
117	51	0.984819
117	61	1.04326
117	73	1.00727
117	87	0.972599
117	90	0.97475
117	91	0.976607
117	105	0.998761
117	107	1.00263
117	116	1.00858
117	118	1.00106
117	121	0.997635
117	123	0.992394
117	125	1.01138
117	129	1.70846
117	131	1.03379
117	133	0.964102
117	138	1.32908
117	141	0.949295
117	143	1.00997
117	153	1.00849
117	154	1.04527
117	156	1.38624
117	174	2.58663
118	10	0.9776
118	13	0.957063
118	21	0.953032
118	23	1.04714
118	30	1.0199
118	51	0.99843
118	61	1.05687
118	86	0.381433
118	87	0.98621
118	90	0.988361
118	91	0.990218
118	92	0.978034
118	105	1.01237
118	106	0.135796
118	107	1.01624
118	108	0.438604
118	116	1.0222
118	117	1.00106
118	121	1.01125
118	123	1.00601
118	125	1.02499
118	131	1.0474
118	133	0.977713
118	140	0.911022
118	141	0.962907
118	143	1.02359
118	153	1.0221
118	165	3.10515
118	166	2.39683
118	169	2.23192
119	3	1.11248
119	9	1.00057
119	18	0.986589
119	26	0.96478
119	32	1.04749
119	52	1.01748
119	59	1.00009
119	70	0.984906
119	71	0.986696
119	85	1.00054
119	89	1.06426
119	95	1.05057
119	98	0.827537
119	99	1.02957
119	103	1.01371
119	104	1.02735
119	115	1.02971
119	120	1.01076
119	124	0.993164
119	127	0.986081
119	128	1.02767
119	129	1.9357
119	132	1.02104
119	137	1.3625
119	149	0.934006
119	154	1.27251
119	160	0.912214
119	170	2.67373
119	173	0.917266
119	177	0.88454
120	3	1.10524
120	8	0.985162
120	9	0.993334
120	11	0.164808
120	26	0.95754
120	32	1.04025
120	49	1.01062
120	52	1.01024
120	59	0.992854
120	71	0.979456
120	85	0.993303
120	89	1.05702
120	95	1.04333
120	99	1.02233
120	103	1.00647
120	104	1.02011
120	106	0.390208
120	115	1.02247
120	119	1.01076
120	124	0.985924
120	127	0.978842
120	128	1.02043
120	131	1.04183
120	141	2.28097
120	148	0.763081
120	149	0.926766
120	162	2.65708
120	163	2.40642
120	173	0.910027
120	177	0.8773
121	10	0.974178
121	13	0.953642
121	16	1.03131
121	20	1.04902
121	21	0.949611
121	23	1.04372
121	30	1.01648
121	35	1.02865
121	90	0.98494
121	91	0.986797
121	92	0.974612
121	105	1.00895
121	107	1.01282
121	108	0.0425211
121	116	1.01877
121	117	0.997635
121	118	1.01125
121	123	1.00258
121	125	1.02157
121	131	1.04398
121	133	0.974292
121	140	0.907601
121	141	0.959485
121	143	1.02016
121	147	0.832389
121	152	2.46768
121	153	1.01868
121	168	1.29166
121	171	1.62247
121	178	3.18561
122	1	0.93762
122	23	0.625609
122	79	0.634168
122	84	0.875639
122	85	1.13845
122	103	1.05766
122	126	1.13685
122	130	1.1015
122	132	1.10589
122	138	1.09955
122	144	1.08956
122	151	1.0545
122	153	0.246091
122	154	1.10228
122	157	1.06337
122	159	0.982145
122	160	1.00695
122	162	1.02613
122	165	0.999635
122	166	1.01582
122	167	1.03212
122	168	1.03106
122	169	1.00177
122	170	1.00708
122	171	1.02784
122	172	0.992753
122	175	0.989048
122	176	1.00342
122	178	0.978253
122	179	0.968237
122	180	0.968216
123	10	0.968937
123	13	0.948401
123	21	0.94437
123	23	1.03848
123	30	1.01124
123	35	1.02341
123	51	0.989768
123	61	1.04821
123	73	1.01222
123	87	0.977548
123	90	0.979699
123	91	0.981556
123	92	0.969371
123	105	1.00371
123	107	1.00757
123	108	0.0174677
123	116	1.01353
123	117	0.992394
123	118	1.00601
123	121	1.00258
123	125	1.01633
123	133	0.969051
123	138	0.786282
123	140	0.90236
123	141	0.954245
123	143	1.01492
123	153	1.01344
123	155	1.71841
123	164	1.03076
123	165	2.68401
123	179	3.49478
124	3	1.08765
124	8	0.967564
124	9	0.975737
124	12	0.984316
124	14	1.37534
124	18	0.961752
124	26	0.939943
124	32	1.02266
124	49	0.993024
124	58	0.981842
124	59	0.975256
124	67	0.370444
124	70	0.960069
124	71	0.961858
124	85	0.975705
124	89	1.03942
124	95	1.02573
124	99	1.00473
124	103	0.98887
124	104	1.00252
124	115	1.00487
124	119	0.993164
124	120	0.985924
124	127	0.961244
124	128	1.00284
124	131	1.02423
124	145	2.57987
124	146	1.36089
124	149	0.909169
124	158	1.70084
124	160	0.887376
124	173	0.892429
124	177	0.859702
125	10	0.987922
125	13	0.967386
125	16	1.04505
125	20	1.06276
125	23	1.05746
125	30	1.03022
125	35	1.04239
125	51	1.00875
125	61	1.0672
125	73	1.0312
125	87	0.996533
125	90	0.998684
125	91	1.00054
125	92	0.988356
125	105	1.0227
125	107	1.02656
125	116	1.03252
125	117	1.01138
125	118	1.02499
125	121	1.02157
125	123	1.01633
125	132	0.911463
125	133	0.988036
125	137	1.25293
125	140	0.921345
125	141	0.97323
125	143	1.03391
125	144	0.958968
125	147	0.834136
125	153	1.03243
125	154	1.16293
125	168	1.92707
125	178	3.82102
126	18	0.7532
126	57	1.09629
126	77	0.944571
126	82	1.05937
126	101	1.0118
126	102	1.64207
126	104	1.4084
126	114	0.955467
126	122	1.13685
126	134	1.03537
126	137	1.04186
126	148	1.08968
126	151	0.983871
126	154	1.03165
126	155	0.971
126	156	1.01958
126	158	0.994297
126	161	0.912609
126	162	0.955495
126	165	0.929003
126	167	0.961492
126	168	0.960425
126	169	0.931136
126	170	0.936444
126	171	0.957207
126	172	0.922121
126	173	0.941375
126	174	0.933973
126	175	0.918417
126	176	0.932793
126	177	0.908649
126	178	0.907621
126	179	0.897605
126	180	0.897584
127	3	1.08056
127	8	0.960482
127	9	0.968654
127	12	0.977234
127	18	0.954669
127	26	0.93286
127	29	0.160523
127	32	1.01557
127	49	0.985942
127	52	0.985557
127	59	0.968174
127	70	0.952986
127	71	0.954775
127	75	0.504414
127	85	0.968622
127	89	1.03234
127	95	1.01865
127	99	0.997651
127	103	0.981787
127	104	0.995433
127	115	0.997786
127	119	0.986081
127	120	0.978842
127	124	0.961244
127	128	0.995754
127	131	1.01715
127	142	1.77907
127	149	0.902086
127	155	2.41743
127	158	1.34441
127	160	0.880293
127	173	0.885346
127	175	3.40235
127	177	0.85262
128	6	0.0483724
128	8	1.00207
128	9	1.01025
128	12	1.01883
128	18	0.996262
128	26	0.974453
128	32	1.05717
128	34	0.282198
128	49	1.02753
128	52	1.02715
128	59	1.00977
128	70	0.994579
128	71	0.996368
128	85	1.01021
128	89	1.07393
128	95	1.06024
128	99	1.03924
128	101	1.39064
128	103	1.02338
128	104	1.03703
128	108	0.693864
128	115	1.03938
128	119	1.02767
128	120	1.02043
128	124	1.00284
128	127	0.995754
128	131	1.05874
128	142	1.75644
128	149	0.943679
128	160	0.921886
128	168	1.94301
128	173	0.926939
128	174	2.72022
128	177	0.894213
129	22	1.32995
129	33	0.990545
129	46	0.971645
129	48	0.972372
129	51	1.62588
129	64	0.919854
129	69	1.00114
129	84	0.955332
129	93	0.987386
129	94	0.994044
129	102	0.964975
129	110	0.986971
129	113	0.978091
129	117	1.70846
129	119	1.9357
129	150	0.896894
129	156	0.947469
129	159	0.839405
129	162	0.883387
129	163	0.876228
129	164	0.923464
129	166	0.873083
129	167	0.889384
129	168	0.888317
129	170	0.864336
129	171	0.885099
129	172	0.850013
129	175	0.846309
129	176	0.860685
129	177	0.83654
129	178	0.835513
129	179	0.825497
129	180	0.825476
130	19	1.08055
130	20	1.64779
130	70	1.7875
130	96	0.978635
130	114	1.02569
130	122	1.1015
130	135	1.03454
130	139	0.973752
130	143	1.01401
130	146	1.02003
130	147	1.02906
130	153	0.773718
130	155	0.935647
130	156	0.984224
130	157	0.957385
130	158	0.958944
130	159	0.87616
130	161	0.877257
130	162	0.920143
130	165	0.89365
130	166	0.909839
130	167	0.926139
130	168	0.925073
130	169	0.895783
130	170	0.901092
130	171	0.921854
130	172	0.886769
130	173	0.906022
130	174	0.89862
130	175	0.883064
130	176	0.897441
130	177	0.873296
130	178	0.872269
130	179	0.862253
130	180	0.862232
131	13	0.989798
131	14	0.56599
131	20	1.08518
131	21	0.985767
131	35	1.0648
131	47	0.120238
131	70	1.01597
131	73	1.05361
131	75	0.163184
131	85	1.03161
131	87	1.01895
131	89	1.09533
131	90	1.0211
131	92	1.01077
131	103	1.04478
131	104	1.05842
131	115	1.06077
131	117	1.03379
131	118	1.0474
131	120	1.04183
131	121	1.04398
131	124	1.02423
131	127	1.01715
131	128	1.05874
131	133	1.01045
131	140	0.943757
131	141	0.995642
131	149	0.965074
131	152	2.11956
131	153	1.05484
131	160	0.943282
131	162	1.65847
131	169	1.48772
131	173	0.948335
131	175	2.38026
131	177	0.915608
131	179	3.17172
132	13	1.71818
132	59	1.67113
132	68	0.867907
132	96	0.983023
132	100	1.08266
132	112	0.972243
132	113	1.07673
132	116	1.20145
132	119	1.02104
132	122	1.10589
132	125	0.911463
132	135	1.03893
132	136	1.07021
132	137	1.01089
132	144	0.987966
132	147	1.03344
132	148	1.05871
132	150	0.938037
132	151	0.952906
132	155	0.940035
132	157	0.961773
132	158	0.963332
132	160	0.905357
132	161	0.881644
132	162	0.92453
132	165	0.898038
132	166	0.914226
132	167	0.930527
132	168	0.92946
132	169	0.900171
132	170	0.905479
132	171	0.926242
132	174	0.903008
132	175	0.887452
132	176	0.901828
132	178	0.876656
132	179	0.86664
132	180	0.866619
133	10	0.940645
133	21	0.916077
133	51	0.961475
133	71	0.953495
133	73	0.983925
133	76	1.24902
133	77	2.00678
133	78	1.58013
133	84	1.61058
133	105	0.975418
133	107	0.979282
133	116	0.98524
133	117	0.964102
133	118	0.977713
133	121	0.974292
133	123	0.969051
