1	81	0.942282
1	86	0.91963
1	96	0.91985
1	98	0.901899
1	99	0.882139
1	105	0.913724
1	111	0.895688
1	115	1.81981
1	135	1.27244
1	143	1.56038
1	167	1.98168
1	174	0.81361
2	36	0.866894
2	45	0.510972
2	123	0.57236
2	130	1.01666
2	168	0.902623
2	173	0.9066
2	174	0.91793
2	175	0.90898
2	176	0.877962
2	177	0.90529
2	178	0.874672
2	180	0.89925
3	21	0.926406
3	36	0.893804
3	69	0.859348
3	75	0.987785
3	84	0.889287
3	114	1.38364
3	122	1.18473
3	147	0.891043
3	162	0.934954
3	171	1.45702
3	172	2.65844
3	179	0.837494
4	19	0.939822
4	25	0.843879
4	26	0.916617
4	53	0.865343
4	61	0.923877
4	108	2.11523
4	138	1.22354
4	149	0.886716
4	160	1.63921
4	162	0.940677
4	170	0.910623
4	179	1.70242
5	94	0.824979
5	95	0.779538
5	107	0.805078
5	109	0.8013
5	113	0.823806
5	116	0.770134
5	118	0.770081
5	119	0.823626
5	123	0.80531
5	132	1.80448
5	166	2.08273
5	174	2.34731
6	42	0.883297
6	46	0.882546
6	65	0.914366
6	73	0.896831
6	85	0.922324
6	88	0.922136
6	125	1.29863
6	134	1.76796
6	136	0.913866
6	151	1.28976
6	170	0.89558
6	177	2.31268
7	95	0.882579
7	101	1.83733
7	107	0.908118
7	109	0.90434
7	113	0.926846
7	116	0.873175
7	118	0.873121
7	119	0.926666
7	122	1.50124
7	123	0.90835
7	142	1.81971
7	151	1.49869
8	16	0.927462
8	33	0.97005
8	37	0.965622
8	44	0.85177
8	48	0.970351
8	74	0.859966
8	128	0.858601
8	149	1.30332
8	152	1.42534
8	164	1.97821
8	167	0.812772
8	180	2.00595
9	26	1.03072
9	53	0.979446
9	61	1.03798
9	68	1.04707
9	114	1.11008
9	125	0.917505
9	131	1.40107
9	148	1.02851
9	156	1.82028
9	162	1.05478
9	170	1.02473
9	177	1.93155
10	43	0.91586
10	50	0.878522
10	52	0.971973
10	63	0.945244
10	91	0.917713
10	93	0.917645
10	131	1.46321
10	143	1.0966
10	167	0.8555
10	168	2.10924
10	172	0.79508
10	175	2.03789
11	42	0.876488
11	65	0.907557
11	85	0.915515
11	88	0.915327
11	132	0.874045
11	135	1.31018
11	136	0.907057
11	137	2.1636
11	141	1.39508
11	143	0.911304
11	150	1.71875
11	170	0.888771
12	17	0.785594
12	40	0.842172
12	54	0.81772
12	59	0.885812
12	67	0.80178
12	120	1.4975
12	136	0.843081
12	159	0.740461
12	168	2.20525
12	172	2.54303
12	174	0.742156
12	179	0.757389
13	50	0.867254
13	52	0.960705
13	63	0.933976
13	76	0.994921
13	91	0.906445
13	93	0.906377
13	132	1.3782
13	138	1.34697
13	155	1.89623
13	167	0.844231
13	172	0.783812
13	177	2.10306
14	32	0.787868
14	41	0.862923
14	45	0.876559
14	70	0.816176
14	72	0.777024
14	77	0.774944
14	83	0.757489
14	89	0.786208
14	135	1.34015
14	148	0.7811
14	169	2.4925
14	174	2.34317
15	17	0.889243
15	40	0.945822
15	54	0.921369
15	59	0.989461
15	67	0.90543
15	137	0.861808
15	140	1.30669
15	152	1.64615
15	154	2.04767
15	167	1.69561
15	174	0.845805
15	179	0.861038
16	8	0.927462
16	23	0.891026
16	27	0.951683
16	37	0.984729
16	44	0.870876
16	74	0.879072
16	79	0.883196
16	97	0.953143
16	167	0.831878
16	173	1.7809
16	175	1.80092
16	176	2.18279
17	12	0.785594
17	15	0.889243
17	40	0.815583
17	54	0.791131
17	59	0.859223
17	67	0.775191
17	102	2.01767
17	124	2.05233
17	137	0.73157
17	145	2.37778
17	159	0.713872
17	174	0.715567
17	179	0.7308
18	99	0.858476
18	111	0.872025
18	116	0.857977
18	118	0.857923
18	123	0.893152
18	124	1.17013
18	127	0.877654
18	130	0.866734
18	135	1.33589
18	139	0.926942
18	152	1.99568
18	165	2.5204
18	174	0.789947
19	4	0.939822
19	25	0.799862
19	53	0.821326
19	61	0.87986
19	68	0.888951
19	134	1.9183
19	145	1.43766
19	146	1.51124
19	148	0.870391
19	149	0.842699
19	162	0.896661
19	170	0.866606
19	179	2.1858
20	29	0.786416
20	32	0.872342
20	41	0.947397
20	70	0.900651
20	72	0.861498
20	77	0.859419
20	83	0.841964
20	89	0.870683
20	142	1.127
20	143	0.884324
20	164	1.85654
20	172	2.28225
20	175	1.87312
21	3	0.926406
21	30	0.889421
21	36	0.847817
21	69	0.813362
21	75	0.941798
21	82	1.04694
21	84	0.843301
21	122	1.54887
21	136	0.877199
21	162	0.888968
21	171	1.82116
21	179	0.791507
21	180	2.62461
22	35	0.875277
22	43	0.883048
22	50	0.845711
22	52	0.939162
22	63	0.912432
22	91	0.884902
22	93	0.884834
22	140	1.54561
22	143	1.51323
22	152	1.88507
22	167	0.822688
22	172	0.762269
22	179	2.13311
23	16	0.891026
23	27	0.896141
23	33	0.933614
23	37	0.929186
23	44	0.815334
23	48	0.933916
23	74	0.82353
23	79	0.827653
23	100	1.09614
23	167	0.776336
23	174	1.84739
23	177	2.02941
23	180	2.08477
24	95	0.863614
24	107	0.889153
24	109	0.885375
24	113	0.907881
24	116	0.85421
24	118	0.854156
24	119	0.907701
24	123	0.889386
24	161	2.20872
24	167	1.61462
24	170	1.14741
24	172	0.74829
24	173	2.11459
25	4	0.843879
25	19	0.799862
25	26	0.776657
25	53	0.725383
25	61	0.783917
25	68	0.793007
25	132	0.755937
25	138	1.77079
25	149	0.746756
25	155	2.32005
25	162	0.800717
25	170	0.770663
25	173	2.55105
26	4	0.916617
26	9	1.03072
26	25	0.776657
26	53	0.798121
26	61	0.856655
26	68	0.865746
26	108	2.39833
26	115	1.62507
26	120	1.67053
26	132	0.828676
26	143	1.36564
26	162	0.873456
26	170	0.843401
27	16	0.951683
27	23	0.896141
27	37	0.989844
27	44	0.875991
27	74	0.884188
27	79	0.888311
27	114	1.14467
27	128	0.882822
27	134	1.42142
27	161	2.08444
27	167	0.836993
27	168	2.08168
28	85	1.23367
28	89	1.22405
28	105	0.828427
28	111	0.810391
28	116	1.43315
28	129	0.860629
28	130	0.805099
28	139	0.865307
28	154	0.731273
28	166	0.770397
28	174	0.728312
28	178	0.685054
28	180	0.709632
29	20	0.786416
29	32	0.772585
29	45	0.861276
29	70	0.800893
29	72	0.761741
29	77	0.759661
29	83	0.742207
29	89	0.770925
29	126	1.76808
29	143	0.784566
29	148	0.765817
29	170	1.69622
29	178	3.10478
30	21	0.889421
30	36	0.856819
30	69	0.822363
30	75	0.9508
30	84	0.852302
30	112	1.3768
30	126	1.21953
30	136	0.886201
30	147	0.854058
30	162	0.897969
30	174	1.90865
30	178	2.55624
30	179	0.800509
31	32	0.820697
31	57	1.56086
31	69	1.75204
31	73	1.06744
31	83	0.790318
31	89	0.819037
31	105	0.82762
31	111	0.809584
31	153	0.748085
31	168	0.712198
31	173	0.716176
31	174	0.727505
31	175	0.718555
31	180	0.708825
32	14	0.787868
32	20	0.872342
32	29	0.772585
32	31	0.820697
32	70	0.88682
32	72	0.847667
32	77	0.845588
32	83	0.828133
32	89	0.856852
32	120	1.53108
32	140	0.884535
32	146	1.17151
32	168	2.23883
32	172	2.57661
33	8	0.97005
33	23	0.933614
33	48	1.03205
33	74	0.921661
33	79	0.925784
33	101	0.902437
33	121	0.918991
33	128	0.920295
33	144	1.04013
33	159	1.90793
33	161	2.04711
33	167	0.874466
33	171	1.18071
33	174	1.74678
34	57	1.67662
34	79	1.25993
34	108	0.771887
34	109	1.44038
34	142	0.839085
34	146	0.870885
34	160	0.769483
34	165	0.7444
34	166	0.789902
34	175	0.738868
34	176	0.707849
34	177	0.735178
34	178	0.704559
34	180	0.729137
35	22	0.875277
35	43	0.830137
35	47	1.20209
35	52	0.88625
35	63	0.859521
35	76	0.920466
35	91	0.83199
35	93	0.831922
35	101	2.081
35	125	0.877521
35	135	1.58026
35	167	0.769776
35	172	0.709357
35	174	2.58327
36	2	0.866894
36	3	0.893804
36	21	0.847817
36	30	0.856819
36	69	0.780759
36	75	0.909196
36	84	0.810698
36	124	1.07947
36	125	0.873947
36	147	0.812454
36	162	0.856365
36	168	2.54581
36	179	0.758905
36	180	2.48562
37	8	0.965622
37	16	0.984729
37	23	0.929186
37	27	0.989844
37	44	0.909036
37	74	0.917233
37	79	0.921356
37	80	1.37024
37	104	1.12958
37	121	0.914563
37	141	1.35913
37	159	2.4384
37	167	0.870039
37	170	1.51627
38	74	0.911168
38	78	0.82472
38	91	1.08305
38	99	1.001
38	168	0.830766
38	169	0.839675
38	171	0.916351
38	173	0.834743
38	175	0.837123
38	176	0.806105
38	177	0.833433
38	178	0.802815
38	179	0.861306
38	180	0.827393
39	42	0.825547
39	46	0.824796
39	65	0.856616
39	73	0.839081
39	82	1.27005
39	85	0.864574
39	88	0.864386
39	128	0.823549
39	132	0.823104
39	143	0.860363
39	151	1.76944
39	158	1.57681
39	170	0.83783
39	173	2.81655
40	12	0.842172
40	15	0.945822
40	17	0.815583
40	54	0.84771
40	59	0.915801
40	67	0.83177
40	125	1.34934
40	136	0.873071
40	146	1.41161
40	159	0.770451
40	167	1.8876
40	174	0.772145
40	178	2.82895
40	179	0.787378
41	14	0.862923
41	20	0.947397
41	45	1.02226
41	72	0.922722
41	77	0.920643
41	83	0.903188
41	89	0.931907
41	122	0.793572
41	140	0.95959
41	148	0.926799
41	154	1.69023
41	166	1.36735
41	177	1.81396
41	178	2.27952
42	6	0.883297
42	11	0.876488
42	39	0.825547
42	65	0.84391
42	73	0.826376
42	85	0.851869
42	88	0.85168
42	126	1.34248
42	128	0.810844
42	132	0.810399
42	150	1.43715
42	170	0.825124
42	174	2.0316
42	176	2.63969
43	10	0.91586
43	22	0.883048
43	35	0.830137
43	50	0.800571
43	63	0.867293
43	76	0.928238
43	91	0.839762
43	93	0.839694
43	144	1.30304
43	153	2.01374
43	167	0.777548
43	172	0.717129
43	179	1.9145
43	180	2.24707
44	8	0.85177
44	16	0.870876
44	23	0.815334
44	27	0.875991
44	37	0.909036
44	48	0.913766
44	74	0.80338
44	79	0.807503
44	128	0.802015
44	151	1.09397
44	159	2.09603
44	167	0.756186
44	173	2.14108
44	177	2.1169
45	2	0.510972
45	14	0.876559
45	29	0.861276
45	41	1.02226
45	72	0.936358
45	77	0.934279
45	83	0.916824
45	89	0.945543
45	122	1.05396
45	143	0.959184
45	148	0.940435
45	157	1.28101
45	177	2.07434
45	178	2.53991
46	6	0.882546
46	39	0.824796
46	47	1.16433
46	65	0.843159
46	73	0.825625
46	80	1.63851
46	85	0.851118
46	88	0.850929
46	128	0.810093
46	136	0.842659
46	143	0.846907
46	150	1.95107
46	169	2.69484
46	170	0.824373
47	35	1.20209
47	46	1.16433
47	63	0.611345
47	103	1.04688
47	118	0.596334
47	119	0.62062
47	154	0.925609
47	157	1.024
47	161	0.908488
47	175	0.913699
47	176	0.88268
47	177	0.910009
47	178	0.87939
47	180	0.903968
48	8	0.970351
48	23	0.933916
48	33	1.03205
48	44	0.913766
48	74	0.921962
48	79	0.926085
48	101	0.902739
48	121	0.919293
48	125	1.16734
48	143	1.2843
48	150	1.40493
48	154	2.05766
48	167	0.874768
48	174	1.99937
49	71	0.827328
49	92	0.81259
49	106	0.821658
49	110	0.810443
49	117	0.848923
49	127	0.801259
49	129	0.845868
49	130	0.790339
49	138	1.8163
49	139	0.850547
49	148	0.799976
49	152	2.04714
49	158	1.35683
49	162	0.826246
49	168	2.68793
50	10	0.878522
50	13	0.867254
50	22	0.845711
50	43	0.800571
50	52	0.856684
50	63	0.829955
50	76	0.890901
50	90	2.51373
50	91	0.802424
50	93	0.802357
50	133	2.18024
50	135	1.02147
50	156	2.09523
50	167	0.740211
50	172	0.679791
51	78	0.806548
51	92	0.817528
51	106	0.826596
51	110	0.815381
51	117	0.853861
51	127	0.806197
51	129	0.850806
51	130	0.795277
51	139	0.855485
51	149	0.777222
51	152	1.65881
51	160	1.84363
51	162	0.831184
51	175	2.22826
51	177	2.18406
52	10	0.971973
52	13	0.960705
52	22	0.939162
52	35	0.88625
52	50	0.856684
52	76	0.984351
52	91	0.895875
52	93	0.895807
52	132	1.26932
52	149	1.3469
52	165	1.99364
52	167	0.833662
52	172	0.773242
52	175	2.03837
52	179	1.71696
53	4	0.865343
53	9	0.979446
53	19	0.821326
53	25	0.725383
53	26	0.798121
53	61	0.805381
53	68	0.814471
53	124	1.12827
53	148	0.795912
53	149	0.76822
53	158	1.2635
53	162	0.822181
53	170	0.792127
53	177	2.47907
53	178	2.94463
54	12	0.81772
54	15	0.921369
54	17	0.791131
54	40	0.84771
54	59	0.891349
54	67	0.807317
54	120	1.70953
54	121	0.814748
54	134	1.75702
54	136	0.848618
54	149	1.65447
54	159	0.745999
54	174	0.747693
54	178	2.7673
54	179	0.762926
55	60	0.914999
55	62	0.914513
55	81	0.940164
55	86	0.917512
55	90	2.53192
55	96	0.917732
55	98	0.89978
55	99	0.880021
55	104	0.895
55	105	0.911606
55	111	0.89357
55	115	1.58703
55	144	1.33602
55	160	1.88427
55	174	0.811492
56	59	0.928354
56	116	1.16076
56	136	0.968602
56	142	0.91074
56	147	1.07323
56	153	0.840053
56	166	0.861558
56	169	0.813075
56	172	0.781584
56	173	0.808144
56	175	0.810523
56	176	0.779505
56	177	0.806834
56	178	0.776215
56	180	0.800793
57	31	1.56086
57	34	1.67662
57	87	0.871852
57	94	0.85134
57	95	0.805899
57	107	0.831439
57	109	0.827661
57	113	0.850167
57	116	0.796496
57	118	0.796442
57	119	0.849987
57	123	0.831671
57	124	1.28474
57	172	0.690576
57	179	2.35833
58	60	0.914999
58	62	0.914513
58	80	1.25264
58	81	0.940164
58	86	0.917512
58	96	0.917732
58	98	0.89978
58	99	0.880021
58	105	0.911606
58	111	0.89357
58	140	1.47695
58	155	2.13484
58	158	1.1261
58	159	2.3208
58	174	0.811492
59	12	0.885812
59	15	0.989461
59	17	0.859223
59	40	0.915801
59	54	0.891349
59	56	0.928354
59	67	0.875409
59	97	1.38384
59	121	0.882839
59	137	0.831787
59	156	2.07615
59	159	0.81409
59	164	2.21504
59	166	1.74081
59	174	0.815785
59	179	0.831017
60	55	0.914999
60	58	0.914999
60	62	0.878657
60	81	0.904308
60	86	0.881656
60	96	0.881876
60	98	0.863925
60	99	0.844165
60	105	0.87575
60	111	0.857714
60	145	1.46872
60	150	1.71761
60	157	1.70074
60	158	1.27851
60	174	0.775636
60	175	2.53827
61	4	0.923877
61	9	1.03798
61	19	0.87986
61	25	0.783917
61	26	0.856655
61	53	0.805381
61	68	0.873006
61	100	1.89532
61	104	1.4989
61	125	1.81454
61	132	0.835936
61	148	0.854446
61	151	1.80566
61	158	1.61303
61	162	0.880715
61	170	0.850661
62	55	0.914513
62	58	0.914513
62	60	0.878657
62	81	0.903822
62	86	0.88117
62	96	0.88139
62	98	0.863438
62	99	0.843679
62	105	0.875264
62	111	0.857228
62	140	1.20937
62	153	1.89612
62	156	1.96282
62	166	1.62748
62	174	0.77515
62	175	2.11829
63	10	0.945244
63	13	0.933976
63	22	0.912432
63	35	0.859521
63	43	0.867293
63	47	0.611345
63	50	0.829955
63	76	0.957622
63	91	0.869146
63	93	0.869078
63	115	1.53689
63	157	1.38121
63	163	2.56427
63	167	0.806932
63	169	2.14185
63	172	0.746513
64	87	0.926398
64	94	0.905885
64	95	0.860445
64	107	0.885984
64	109	0.882206
64	113	0.904712
64	116	0.851041
64	118	0.850987
64	119	0.904532
64	123	0.886217
64	142	1.8377
64	145	1.51426
64	154	2.41588
64	158	1.32405
64	170	1.59661
64	172	0.745121
65	6	0.914366
65	11	0.907557
65	39	0.856616
65	42	0.84391
65	46	0.843159
65	73	0.857445
65	85	0.882938
65	88	0.882749
65	97	1.30288
65	115	1.4688
65	136	0.874479
65	140	1.24175
65	143	0.878726
65	168	2.222
65	170	0.856193
65	176	2.53252
66	84	0.863728
66	91	0.881445
66	93	0.881377
66	142	1.8047
66	147	0.865483
66	158	1.29105
66	159	0.795007
66	161	2.62492
66	162	0.909395
66	167	0.819231
66	171	1.75852
66	172	0.758812
66	174	0.796701
66	179	0.811934
67	12	0.80178
67	15	0.90543
67	17	0.775191
67	40	0.83177
67	54	0.807317
67	59	0.875409
67	121	0.798808
67	136	0.832678
67	137	0.747756
67	159	0.730059
67	165	2.18768
67	167	1.71242
67	173	2.21238
67	174	0.731753
67	177	2.18821
67	179	0.746986
68	9	1.04707
68	19	0.888951
68	25	0.793007
68	26	0.865746
68	53	0.814471
68	61	0.873006
68	132	0.845026
68	140	1.35206
68	148	0.863536
68	149	0.835845
68	153	2.0388
68	157	1.42344
68	162	0.889806
68	166	1.77016
68	169	2.18408
68	170	0.859752
69	3	0.859348
69	21	0.813362
69	30	0.822363
69	31	1.75204
69	36	0.780759
69	75	0.87474
69	84	0.776243
69	90	0.691925
69	125	0.839491
69	126	1.95558
69	136	0.810142
69	147	0.777998
69	149	2.17945
69	162	0.82191
69	170	1.88372
69	179	0.724449
70	14	0.816176
70	20	0.900651
70	29	0.800893
70	32	0.88682
70	72	0.875976
70	77	0.873896
70	83	0.856441
70	89	0.88516
70	140	0.912844
70	142	1.11215
70	143	0.898801
70	148	0.880052
70	164	1.84168
70	168	1.92961
70	174	1.63204
70	178	2.27963
71	49	0.827328
71	106	0.894011
71	108	2.10059
71	110	0.882796
71	117	0.921276
71	127	0.873612
71	129	0.918221
71	130	0.862692
71	131	1.43451
71	139	0.9229
71	147	0.854687
71	148	0.872329
71	150	1.18853
71	159	0.784211
71	175	2.00919
71	180	2.02035
72	14	0.777024
72	20	0.861498
72	29	0.761741
72	32	0.847667
72	41	0.922722
72	45	0.936358
72	70	0.875976
72	77	0.834744
72	83	0.817289
72	89	0.846008
72	103	1.48979
72	125	1.50124
72	140	0.873691
72	148	0.8409
72	167	2.0395
72	171	1.7672
72	174	2.33327
73	6	0.896831
73	31	1.06744
73	39	0.839081
73	42	0.826376
73	46	0.825625
73	65	0.857445
73	85	0.865403
73	88	0.865215
73	128	0.824378
73	131	1.61164
73	132	0.823933
73	136	0.856945
73	137	1.81051
73	143	0.861192
73	156	2.03085
73	159	2.12125
73	170	0.838659
74	8	0.859966
74	16	0.879072
74	23	0.82353
74	27	0.884188
74	33	0.921661
74	37	0.917233
74	38	0.911168
74	44	0.80338
74	48	0.921962
74	79	0.8157
74	101	0.792353
74	102	0.931468
74	121	0.808907
74	160	1.97651
74	163	2.70666
74	167	0.764382
74	179	2.03972
75	3	0.987785
75	21	0.941798
75	30	0.9508
75	36	0.909196
75	69	0.87474
75	84	0.904679
75	100	1.15889
75	125	0.967928
75	126	1.22102
75	136	0.938578
75	145	1.0668
75	147	0.906435
75	155	1.88533
75	162	0.950346
75	173	2.11634
75	175	2.13636
75	179	0.852886
76	13	0.994921
76	35	0.920466
76	43	0.928238
76	50	0.890901
76	52	0.984351
76	63	0.957622
76	91	0.930091
76	93	0.930024
76	100	0.771907
76	125	0.975623
76	151	0.682247
76	163	2.0949
76	164	1.73279
76	167	0.867878
76	172	0.807458
76	176	2.13124
76	178	2.17074
77	14	0.774944
77	20	0.859419
77	29	0.759661
77	32	0.845588
77	41	0.920643
77	45	0.934279
77	70	0.873896
77	72	0.834744
77	83	0.81521
77	89	0.843928
77	114	1.36921
77	140	0.871612
77	143	0.857569
77	149	1.54341
77	150	1.41422
77	165	2.19015
77	172	2.64401
78	38	0.82472
78	51	0.806548
78	92	0.859225
78	106	0.868293
78	110	0.857078
78	117	0.895557
78	127	0.847894
78	129	0.892503
78	130	0.836974
78	139	0.897182
78	147	0.828969
78	158	1.01492
78	159	0.758492
78	162	0.87288
78	171	1.48239
78	172	2.68381
78	176	2.65655
79	16	0.883196
79	23	0.827653
79	27	0.888311
79	33	0.925784
79	34	1.25993
79	37	0.921356
79	44	0.807503
79	48	0.926085
79	74	0.8157
79	101	0.796476
79	121	0.81303
79	128	0.814334
79	157	1.42552
79	158	1.00329
79	167	0.768505
79	168	2.3344
79	176	2.64492
80	37	1.37024
80	46	1.63851
80	58	1.25264
80	117	1.10756
80	148	0.840667
80	154	0.832862
80	157	0.931255
80	160	0.851567
80	163	0.814193
80	166	0.871986
80	168	0.814595
80	169	0.823504
80	173	0.818572
80	175	0.820952
80	176	0.789933
80	177	0.817262
80	178	0.786644
80	180	0.811222
81	1	0.942282
81	55	0.940164
81	58	0.940164
81	60	0.904308
81	62	0.903822
81	86	0.906821
81	96	0.907041
81	98	0.88909
81	99	0.86933
81	104	0.713743
81	105	0.900915
81	111	0.882879
81	135	0.858397
81	155	1.83661
81	169	2.01074
81	172	2.49676
81	174	0.800801
81	177	2.04343
82	21	1.04694
82	39	1.27005
82	106	0.927926
82	110	0.716832
82	130	1.05772
82	153	0.924333
82	160	0.925419
82	161	0.889593
82	162	0.321209
82	163	0.888045
82	165	0.900336
82	168	0.888447
82	171	0.974032
82	173	0.892424
82	176	0.863785
82	177	0.891114
82	178	0.860495
82	180	0.885074
83	14	0.757489
83	20	0.841964
83	29	0.742207
83	31	0.790318
83	32	0.828133
83	41	0.903188
83	45	0.916824
83	70	0.856441
83	72	0.817289
83	77	0.81521
83	89	0.826473
83	140	0.854157
83	143	0.840114
83	151	1.46258
83	166	2.0389
83	167	2.00972
83	170	1.5425
83	177	2.4855
84	3	0.889287
84	21	0.843301
84	30	0.852302
84	36	0.810698
84	66	0.863728
84	69	0.776243
84	75	0.904679
84	90	0.721864
84	125	0.86943
84	136	0.84008
84	141	1.47195
84	144	1.68342
84	145	1.54674
84	147	0.807937
84	157	1.77876
84	162	0.851849
84	176	2.99816
84	179	0.754388
85	6	0.922324
85	11	0.915515
85	28	1.23367
85	39	0.864574
85	42	0.851869
85	46	0.851118
85	65	0.882938
85	73	0.865403
85	88	0.890708
85	112	1.50647
85	128	0.849871
85	132	0.849426
85	136	0.882438
85	143	0.886685
85	154	2.09661
85	157	1.42701
85	158	1.00478
85	170	0.864152
85	176	2.64641
86	1	0.91963
86	55	0.917512
86	58	0.917512
86	60	0.881656
86	62	0.88117
86	81	0.906821
86	96	0.88439
86	98	0.866438
86	99	0.846679
86	103	1.17977
86	105	0.878264
86	111	0.860228
86	147	0.846931
86	151	1.18235
86	159	2.18441
86	161	2.32358
86	170	1.26227
86	173	2.22945
86	174	0.778149
87	57	0.871852
87	64	0.926398
87	94	0.938389
87	95	0.892949
87	97	1.51326
87	107	0.918488
87	109	0.91471
87	113	0.937216
87	116	0.883545
87	118	0.883491
87	119	0.937036
87	123	0.918721
87	142	1.61493
87	145	1.29149
87	167	1.84105
87	170	1.37384
87	172	0.777625
87	180	2.3722
88	6	0.922136
88	11	0.915327
88	39	0.864386
88	42	0.85168
88	46	0.850929
88	65	0.882749
88	73	0.865215
88	85	0.890708
88	112	1.37125
88	128	0.849683
88	132	0.849238
88	136	0.882249
88	137	1.75352
88	140	1.22041
88	143	0.886497
88	155	1.8783
88	165	2.0846
88	170	0.863963
88	173	2.10931
89	14	0.786208
89	20	0.870683
89	28	1.22405
89	29	0.770925
89	31	0.819037
89	32	0.856852
89	41	0.931907
89	45	0.945543
89	70	0.88516
89	72	0.846008
89	77	0.843928
89	83	0.826473
89	103	1.18522
89	134	1.66601
89	140	0.882876
89	143	0.868833
89	148	0.850084
89	157	1.41739
89	169	2.17803
89	172	2.66405
90	50	2.51373
90	55	2.53192
90	69	0.691925
90	84	0.721864
90	102	0.804626
90	108	0.678907
90	110	0.751729
90	117	0.790208
90	119	2.49105
90	127	0.742545
90	130	0.731624
90	139	0.791832
90	155	0.69466
90	162	0.767531
90	163	0.639128
90	175	0.645887
90	177	0.642198
90	178	0.611579
90	179	0.67007
90	180	0.636157
91	10	0.917713
91	13	0.906445
91	22	0.884902
91	35	0.83199
91	38	1.08305
91	43	0.839762
91	50	0.802424
91	52	0.895875
91	63	0.869146
91	66	0.881445
91	76	0.930091
91	93	0.841547
91	112	1.77494
91	122	1.46843
91	125	0.887147
91	131	1.95833
91	165	2.48828
91	167	0.779402
91	170	1.54581
91	172	0.718982
92	49	0.81259
92	51	0.817528
92	78	0.859225
92	103	1.42851
92	106	0.879273
92	110	0.868058
92	114	1.63254
92	117	0.906537
92	127	0.858874
92	128	0.839525
92	129	0.903483
92	130	0.847954
92	133	2.42774
92	139	0.908162
92	140	1.58929
92	148	0.857591
92	158	1.23845
92	159	0.769472
92	162	0.88386
92	173	2.47819
93	10	0.917645
93	13	0.906377
93	22	0.884834
93	35	0.831922
93	43	0.839694
93	50	0.802357
93	52	0.895807
93	63	0.869078
93	66	0.881377
93	76	0.930024
93	91	0.841547
93	125	0.887079
93	141	1.07572
93	143	1.27877
93	159	2.15499
93	163	2.56559
93	167	0.779334
93	171	1.42777
93	172	0.718914
93	180	2.23121
94	5	0.824979
94	57	0.85134
94	64	0.905885
94	87	0.938389
94	95	0.872437
94	101	1.13791
94	107	0.897976
94	109	0.894198
94	113	0.916704
94	116	0.863033
94	118	0.862979
94	119	0.916524
94	123	0.898208
94	156	1.71093
94	160	1.48178
94	161	1.94051
94	172	0.757113
94	178	2.28776
94	180	1.87756
95	5	0.779538
95	7	0.882579
95	24	0.863614
95	57	0.805899
95	64	0.860445
95	87	0.892949
95	94	0.872437
95	97	1.66206
95	107	0.852536
95	109	0.848758
95	113	0.871264
95	116	0.817592
95	118	0.817539
95	119	0.871084
95	123	0.852768
95	124	1.11484
95	131	1.93516
95	164	2.49326
95	165	2.46511
95	170	1.52264
95	172	0.711673
96	1	0.91985
96	55	0.917732
96	58	0.917732
96	60	0.881876
96	62	0.88139
96	81	0.907041
96	86	0.88439
96	97	1.58481
96	98	0.866658
96	99	0.846899
96	105	0.878484
96	111	0.860448
96	120	1.79619
96	147	0.847151
96	149	1.74112
96	150	1.61193
96	160	2.04797
96	171	1.6403
96	174	0.778369
97	16	0.953143
97	59	1.38384
97	65	1.30288
97	87	1.51326
97	95	1.66206
97	96	1.58481
97	144	0.93815
97	146	0.921204
97	157	0.89949
97	158	0.968634
97	164	0.809227
97	165	0.794719
97	166	0.840221
97	169	0.791739
97	170	0.880776
97	171	0.868415
97	175	0.789187
97	176	0.758168
97	177	0.785497
97	178	0.754879
97	180	0.779457
98	1	0.901899
98	55	0.89978
98	58	0.89978
98	60	0.863925
98	62	0.863438
98	81	0.88909
98	86	0.866438
98	96	0.866658
98	99	0.828947
98	101	0.810918
98	105	0.860532
98	111	0.842496
98	131	1.79609
98	138	1.57049
98	146	1.3748
98	147	0.8292
98	149	1.6793
98	160	1.98615
98	161	2.44488
98	174	0.760418
99	1	0.882139
99	18	0.858476
99	38	1.001
99	55	0.880021
99	58	0.880021
99	60	0.844165
99	62	0.843679
99	81	0.86933
99	86	0.846679
99	96	0.846899
99	98	0.828947
99	101	0.791159
99	105	0.840772
99	111	0.822736
99	147	0.80944
99	153	2.22879
99	167	1.93097
99	170	1.46376
99	171	1.65867
99	174	0.740658
99	180	2.46212
100	23	1.09614
100	61	1.89532
100	75	1.15889
100	76	0.771907
100	106	1.51697
100	107	1.48535
100	142	0.900941
100	149	0.868406
100	154	0.812634
100	155	0.849496
100	156	0.845624
100	160	0.831339
100	161	0.795514
100	164	0.820764
100	166	0.851758
100	171	0.879952
100	173	0.798344
100	175	0.800724
100	176	0.769705
100	177	0.797034
100	178	0.766416
100	180	0.790994
101	7	1.83733
101	33	0.902437
101	35	2.081
101	48	0.902739
101	74	0.792353
101	79	0.796476
101	94	1.13791
101	98	0.810918
101	99	0.791159
101	105	0.822744
101	110	1.55486
101	111	0.804708
101	115	0.816241
101	131	0.804328
101	139	1.21846
101	167	0.745159
101	174	0.72263
101	175	0.71368
101	176	0.682661
101	177	0.70999
101	178	0.679371
101	180	0.703949
102	17	2.01767
102	74	0.931468
102	90	0.804626
102	107	1.03316
102	109	1.01384
102	116	1.03436
102	124	0.971101
102	128	1.05132
102	133	0.845699
102	154	0.824878
102	161	0.807757
102	164	0.833007
102	165	0.8185
102	166	0.864002
102	168	0.80661
102	169	0.815519
102	173	0.810587
102	175	0.812967
102	176	0.781949
102	177	0.809277
102	178	0.778659
102	180	0.803237
103	47	1.04688
103	72	1.48979
103	86	1.17977
103	89	1.18522
103	92	1.42851
103	111	1.37891
103	131	0.878061
103	136	1.20217
103	151	0.949274
103	153	0.816942
103	160	0.818027
103	161	0.782202
103	164	0.807452
103	165	0.792945
103	168	0.781055
103	169	0.789964
103	171	0.86664
103	173	0.785033
103	176	0.756394
103	177	0.783723
103	178	0.753104
103	180	0.777682
104	37	1.12958
104	55	0.895
104	61	1.4989
104	81	0.713743
104	113	1.1338
104	116	1.09013
104	125	0.979088
104	126	0.950931
104	129	0.992898
104	144	0.988826
104	158	1.01931
104	161	0.834653
104	163	0.833104
104	164	0.859903
104	168	0.833506
104	169	0.842415
104	171	0.919091
104	175	0.839863
104	176	0.808845
104	177	0.836174
104	178	0.805555
104	180	0.830133
105	1	0.913724
105	28	0.828427
105	31	0.82762
105	55	0.911606
105	58	0.911606
105	60	0.87575
105	62	0.875264
105	81	0.900915
105	86	0.878264
105	96	0.878484
105	98	0.860532
105	99	0.840772
105	101	0.822744
105	111	0.854322
105	122	1.26954
105	125	1.27587
105	132	1.56507
105	142	1.58801
105	147	0.841025
105	167	1.81414
105	169	2.25723
105	174	0.772243
105	176	2.71599
106	49	0.821658
106	51	0.826596
106	71	0.894011
106	78	0.868293
106	82	0.927926
106	92	0.879273
106	100	1.51697
106	108	2.58584
106	110	0.877126
106	117	0.915606
106	127	0.867942
106	128	0.848594
106	129	0.912551
106	130	0.857022
106	133	2.42397
106	135	1.26521
106	137	0.796238
106	139	0.91723
106	147	0.849017
106	158	1.23468
106	159	0.778541
106	162	0.892928
106	170	1.50724
107	5	0.805078
107	7	0.908118
107	24	0.889153
107	57	0.831439
107	64	0.885984
107	87	0.918488
107	94	0.897976
107	95	0.852536
107	100	1.48535
107	102	1.03316
107	109	0.874297
107	113	0.896803
107	116	0.843132
107	118	0.843078
107	119	0.896623
107	121	0.842156
107	123	0.878307
107	141	1.31848
107	159	2.39775
107	160	2.0782
107	170	1.47561
107	171	1.67053
107	172	0.737212
108	4	2.11523
108	26	2.39833
108	34	0.771887
108	71	2.10059
108	90	0.678907
108	106	2.58584
108	120	0.785556
108	122	0.872392
108	142	0.787465
108	152	0.750846
108	153	0.716778
108	154	0.699159
108	156	0.732149
108	157	0.797552
108	168	0.680891
108	171	0.766476
108	173	0.684868
108	175	0.687248
108	176	0.65623
108	177	0.683558
108	178	0.65294
108	179	0.711431
108	180	0.677518
109	5	0.8013
109	7	0.90434
109	24	0.885375
109	34	1.44038
109	57	0.827661
109	64	0.882206
109	87	0.91471
109	94	0.894198
109	95	0.848758
109	102	1.01384
109	107	0.874297
109	113	0.893025
109	116	0.839354
109	118	0.8393
109	119	0.892845
109	123	0.874529
109	137	2.06769
109	140	0.890539
109	141	1.29916
109	143	1.50221
109	149	1.75203
109	159	2.37843
109	172	0.733434
110	49	0.810443
110	51	0.815381
110	71	0.882796
110	78	0.857078
110	82	0.716832
110	90	0.751729
110	92	0.868058
110	101	1.55486
110	106	0.877126
110	117	0.904391
110	126	1.36801
110	127	0.856727
110	129	0.901336
110	130	0.845807
110	134	1.69443
110	137	0.785023
110	139	0.906015
110	148	0.855444
110	149	0.827752
110	153	2.06118
110	159	0.767325
110	162	0.881713
110	175	2.28335
110	180	2.2945
111	1	0.895688
111	18	0.872025
111	28	0.810391
111	31	0.809584
111	55	0.89357
111	58	0.89357
111	60	0.857714
111	62	0.857228
111	81	0.882879
111	86	0.860228
111	96	0.860448
111	98	0.842496
111	99	0.822736
111	101	0.804708
111	103	1.37891
111	105	0.854322
111	132	1.67956
111	137	2.0728
111	141	1.30428
111	146	1.45264
111	147	0.822989
111	160	2.06399
111	173	2.42859
111	174	0.754207
112	30	1.3768
112	85	1.50647
112	88	1.37125
112	91	1.77494
112	123	1.42186
112	132	0.844316
112	134	0.854575
112	138	0.878939
112	139	1.18887
112	144	0.916415
112	153	0.796982
112	156	0.812352
112	163	0.760693
112	164	0.787492
112	165	0.772984
112	166	0.818487
112	169	0.770004
112	171	0.84668
112	173	0.765072
112	175	0.767452
112	176	0.736434
112	177	0.763762
112	178	0.733144
112	180	0.757722
113	5	0.823806
113	7	0.926846
113	24	0.907881
113	57	0.850167
113	64	0.904712
113	87	0.937216
113	94	0.916704
113	95	0.871264
113	104	1.1338
113	107	0.896803
113	109	0.893025
113	116	0.86186
113	118	0.861806
113	119	0.915351
113	121	0.860885
113	123	0.897035
113	132	1.73864
113	135	1.27846
113	137	2.13188
113	140	0.913045
113	146	1.51172
113	151	1.44057
113	171	1.7154
113	172	0.75594
113	174	2.28147
114	3	1.38364
114	9	1.11008
114	27	1.14467
114	77	1.36921
114	92	1.63254
114	117	1.37512
114	133	0.834671
114	137	0.826892
114	141	0.93872
114	150	0.907836
114	156	0.84684
114	157	0.912243
114	160	0.832554
114	161	0.796729
114	162	1.02205
114	166	0.852974
114	168	0.795582
114	171	0.881167
114	173	0.79956
114	175	0.801939
114	176	0.770921
114	177	0.79825
114	178	0.767631
114	179	0.826122
114	180	0.792209
115	1	1.81981
115	26	1.62507
115	55	1.58703
115	63	1.53689
115	65	1.4688
115	101	0.816241
115	123	1.49807
115	142	0.857007
115	150	0.862687
115	151	0.918652
115	155	0.805562
115	157	0.867093
115	159	0.764046
115	160	0.787405
115	163	0.750031
115	164	0.77683
115	165	0.762322
115	167	0.78827
115	169	0.759342
115	173	0.75441
115	175	0.75679
115	176	0.725771
115	177	0.7531
115	178	0.722482
115	180	0.74706
116	5	0.770134
116	7	0.873175
116	18	0.857977
116	24	0.85421
116	28	1.43315
116	56	1.16076
116	57	0.796496
116	64	0.851041
116	87	0.883545
116	94	0.863033
116	95	0.817592
116	102	1.03436
116	104	1.09013
116	107	0.843132
116	109	0.839354
116	113	0.86186
116	118	0.808135
116	119	0.86168
116	121	0.807213
116	123	0.843364
116	140	0.859374
116	154	2.29609
116	170	1.47682
116	172	0.702269
116	178	2.88539
117	49	0.848923
117	51	0.853861
117	71	0.921276
117	78	0.895557
117	80	1.10756
117	90	0.790208
117	92	0.906537
117	106	0.915606
117	110	0.904391
117	114	1.37512
117	127	0.895207
117	128	0.875858
117	129	0.939816
117	130	0.884286
117	137	0.823502
117	139	0.944494
117	143	1.2995
117	144	1.30792
117	149	0.866232
117	156	2.08532
117	159	0.805805
117	162	0.920193
117	166	1.74998
117	167	1.7208
117	177	2.19659
118	5	0.770081
118	7	0.873121
118	18	0.857923
118	24	0.854156
118	47	0.596334
118	57	0.796442
118	64	0.850987
118	87	0.883491
118	94	0.862979
118	95	0.817539
118	107	0.843078
118	109	0.8393
118	113	0.861806
118	116	0.808135
118	119	0.861626
118	121	0.80716
118	123	0.84331
118	140	0.85932
118	155	1.95271
118	160	1.81911
118	161	2.27784
118	164	2.18715
118	169	2.12684
118	172	0.702215
118	179	1.88232
119	5	0.823626
119	7	0.926666
119	24	0.907701
119	47	0.62062
119	57	0.849987
119	64	0.904532
119	87	0.937036
119	90	2.49105
119	94	0.916524
119	95	0.871084
119	107	0.896623
119	109	0.892845
119	113	0.915351
119	116	0.86168
119	118	0.861626
119	121	0.860705
119	123	0.896855
119	133	2.15755
119	138	1.42773
119	140	0.912865
119	144	1.29515
119	151	1.16089
119	166	1.73721
119	172	0.75576
119	179	1.90661
120	12	1.4975
120	26	1.67053
120	32	1.53108
120	54	1.70953
120	96	1.79619
120	108	0.785556
120	129	1.73038
120	141	0.889317
120	150	0.858433
120	154	0.764446
120	156	0.797436
120	160	0.783151
120	161	0.747326
120	163	0.745777
120	164	0.772576
120	165	0.758068
120	166	0.80357
120	169	0.755088
120	170	0.844125
120	171	0.831764
120	173	0.750156
120	175	0.752536
120	176	0.721518
120	177	0.748846
120	178	0.718228
120	180	0.742806
121	33	0.918991
121	37	0.914563
121	48	0.919293
121	54	0.814748
121	59	0.882839
121	67	0.798808
121	74	0.808907
121	79	0.81303
121	107	0.842156
121	113	0.860885
121	116	0.807213
121	118	0.80716
121	119	0.860705
121	123	0.842389
121	125	1.47553
121	132	1.76472
121	152	1.96433
121	157	1.69624
121	158	1.27401
121	159	0.737489
121	167	0.761713
121	172	0.701294
121	174	0.739183
121	178	2.95514
121	179	0.754416
121	180	2.54493
122	3	1.18473
122	7	1.50124
122	21	1.54887
122	41	0.793572
122	45	1.05396
122	91	1.46843
122	105	1.26954
122	108	0.872392
122	123	1.11535
122	124	0.997506
122	141	0.976153
122	152	0.902971
122	154	0.851283
122	161	0.834163
122	163	0.832614
122	166	0.890407
122	169	0.841925
122	171	0.918601
122	173	0.836993
122	174	0.848323
122	175	0.839373
122	176	0.808354
122	177	0.835683
122	178	0.805065
122	179	0.863556
122	180	0.829643
123	2	0.57236
123	5	0.80531
123	7	0.90835
123	18	0.893152
123	24	0.889386
123	57	0.831671
123	64	0.886217
123	87	0.918721
123	94	0.898208
123	95	0.852768
123	107	0.878307
123	109	0.874529
123	112	1.42186
123	113	0.897035
123	115	1.49807
123	116	0.843364
123	118	0.84331
123	119	0.896855
123	121	0.842389
123	122	1.11535
123	140	0.89455
123	157	1.3424
123	163	2.52546
123	166	1.68912
123	169	2.10304
123	172	0.737444
124	17	2.05233
124	18	1.17013
124	36	1.07947
124	53	1.12827
124	57	1.28474
124	95	1.11484
124	102	0.971101
124	122	0.997506
124	128	1.08598
124	129	0.971788
124	145	0.944976
124	152	0.87596
124	154	0.824273
124	158	0.991809
124	160	0.842977
124	161	0.807152
124	164	0.832402
124	165	0.817895
124	166	0.863397
124	168	0.806005
124	169	0.814914
124	173	0.809982
124	175	0.812362
124	176	0.781344
124	177	0.808672
124	178	0.778054
124	180	0.802632
125	6	1.29863
125	9	0.917505
125	35	0.877521
125	36	0.873947
125	40	1.34934
125	48	1.16734
125	61	1.81454
125	69	0.839491
125	72	1.50124
125	75	0.967928
125	76	0.975623
125	84	0.86943
125	91	0.887147
125	93	0.887079
125	104	0.979088
125	105	1.27587
125	121	1.47553
125	162	0.915097
125	167	0.824933
125	168	0.787096
125	172	0.764514
125	173	0.791074
125	175	0.793453
125	177	0.789764
125	178	0.759145
125	179	0.817636
125	180	0.783723
126	29	1.76808
126	30	1.21953
126	42	1.34248
126	69	1.95558
126	75	1.22102
126	104	0.950931
126	110	1.36801
126	131	0.855945
126	147	1.46115
126	151	0.927158
126	152	0.828894
126	154	0.777206
126	155	0.814068
126	158	0.944743
126	160	0.795911
126	161	0.760086
126	164	0.785336
126	165	0.770828
126	166	0.81633
126	167	0.796776
126	171	0.844524
126	173	0.762916
126	175	0.765296
126	176	0.734278
126	177	0.761606
126	178	0.730988
126	180	0.755566
127	18	0.877654
127	49	0.801259
127	51	0.806197
127	71	0.873612
127	78	0.847894
127	90	0.742545
127	92	0.858874
127	106	0.867942
127	110	0.856727
127	117	0.895207
127	128	0.828195
127	129	0.892152
127	130	0.836623
127	137	0.775839
127	139	0.896831
127	142	1.4958
127	144	1.30904
127	146	1.24593
127	147	0.828618
127	148	0.84626
127	149	0.818568
127	153	2.01974
127	159	0.758142
127	162	0.87253
127	171	1.44962
127	172	2.65104
127	176	2.62378
127	177	2.19771
128	8	0.858601
128	27	0.882822
128	33	0.920295
128	39	0.823549
128	42	0.810844
128	44	0.802015
128	46	0.810093
128	73	0.824378
128	79	0.814334
128	85	0.849871
128	88	0.849683
128	92	0.839525
128	102	1.05132
128	106	0.848594
128	117	0.875858
128	124	1.08598
128	127	0.828195
128	129	0.872804
128	130	0.817274
128	133	2.41051
128	138	1.68069
128	139	0.877482
128	151	1.41385
128	167	0.763017
128	170	0.823127
128	171	1.68869
128	179	2.15956
128	180	2.49213
129	28	0.860629
129	49	0.845868
129	51	0.850806
129	71	0.918221
129	78	0.892503
129	92	0.903483
129	104	0.992898
129	106	0.912551
129	110	0.901336
129	117	0.939816
129	120	1.73038
129	124	0.971788
129	127	0.892152
129	128	0.872804
129	130	0.881232
129	135	1.13755
129	137	0.820448
129	139	0.94144
129	140	1.45788
129	144	1.43392
129	147	0.873227
129	148	0.890869
129	149	0.863177
129	159	0.802751
129	162	0.917138
129	166	1.87598
129	175	2.36679
129	179	2.04538
130	2	1.01666
130	18	0.866734
130	28	0.805099
130	49	0.790339
130	51	0.795277
130	71	0.862692
130	78	0.836974
130	82	1.05772
130	90	0.731624
130	92	0.847954
130	106	0.857022
130	110	0.845807
130	117	0.884286
130	127	0.836623
130	128	0.817274
130	129	0.881232
130	137	0.764918
130	139	0.88591
130	141	1.47989
130	144	1.69136
130	147	0.817698
130	148	0.83534
130	149	0.807648
130	159	0.747221
130	162	0.861609
130	164	2.60765
130	171	1.83194
130	174	2.39801
130	179	2.30282
131	9	1.40107
131	10	1.46321
131	71	1.43451
131	73	1.61164
131	91	1.95833
131	95	1.93516
131	98	1.79609
131	101	0.804328
131	103	0.878061
131	126	0.855945
131	133	0.77761
131	134	0.832001
131	135	0.926769
131	138	0.856365
131	142	0.845095
131	152	0.808476
131	154	0.756788
131	155	0.79365
131	156	0.789778
131	164	0.764917
131	165	0.75041
131	171	0.824106
131	173	0.742498
131	174	0.753828
131	175	0.744878
131	176	0.713859
131	177	0.741188
131	178	0.710569
131	180	0.735148
132	5	1.80448
132	11	0.874045
132	13	1.3782
132	25	0.755937
132	26	0.828676
132	39	0.823104
132	42	0.810399
132	52	1.26932
132	61	0.835936
132	68	0.845026
132	73	0.823933
132	85	0.849426
132	88	0.849238
132	105	1.56507
132	111	1.67956
132	112	0.844316
132	113	1.73864
132	121	1.76472
132	148	0.826466
132	150	0.836989
132	162	0.852736
132	170	0.822682
132	173	0.728713
132	175	0.731092
132	176	0.700074
132	177	0.727403
132	178	0.696784
132	180	0.721362
133	50	2.18024
133	92	2.42774
133	102	0.845699
133	106	2.42397
133	114	0.834671
133	119	2.15755
133	128	2.41051
133	131	0.77761
133	134	0.774084
133	137	0.711914
133	144	0.835924
133	153	0.716491
133	155	0.735733
133	156	0.731861
133	160	0.717576
133	161	0.681751
133	164	0.707
133	165	0.692493
133	166	0.737995
133	168	0.680604
133	169	0.689513
133	171	0.766189
133	173	0.684581
133	174	0.695911
133	175	0.686961
133	176	0.655942
133	177	0.683271
133	178	0.652652
133	180	0.677231
134	6	1.76796
134	19	1.9183
134	27	1.42142
134	54	1.75702
134	89	1.66601
134	110	1.69443
134	112	0.854575
134	131	0.832001
134	133	0.774084
134	137	0.766305
134	144	0.890315
134	145	0.873966
134	150	0.847249
134	152	0.80495
134	156	0.786252
134	160	0.771967
134	162	1.2988
134	163	0.734593
134	164	0.761391
134	165	0.746884
134	167	0.772831
134	168	0.734995
134	170	0.832941
134	171	0.82058
134	173	0.738972
134	175	0.741352
134	176	0.710333
134	177	0.737662
134	178	0.707043
134	180	0.731622
135	1	1.27244
135	11	1.31018
135	14	1.34015
135	18	1.33589
135	35	1.58026
135	50	1.02147
135	81	0.858397
135	106	1.26521
135	113	1.27846
135	129	1.13755
135	131	0.926769
135	138	0.947607
135	141	0.9729
135	146	0.968137
135	151	0.997981
135	153	0.865649
135	157	0.946423
135	158	1.01557
135	160	0.866735
135	161	0.830909
135	165	0.841652
135	166	0.887154
135	168	0.829763
135	169	0.838672
135	171	0.915348
135	173	0.83374
135	175	0.83612
135	176	0.805101
135	177	0.83243
135	178	0.801811
135	180	0.82639
136	6	0.913866
136	11	0.907057
136	12	0.843081
136	21	0.877199
136	30	0.886201
136	40	0.873071
136	46	0.842659
136	54	0.848618
136	56	0.968602
136	65	0.874479
136	67	0.832678
136	69	0.810142
136	73	0.856945
136	75	0.938578
136	84	0.84008
136	85	0.882438
136	88	0.882249
136	103	1.20217
136	145	1.20231
136	146	1.27589
136	159	0.77136
136	162	0.885748
136	163	2.6174
136	165	2.22714
136	166	1.78106
136	167	1.75188
136	170	0.855693
136	174	0.773054
136	175	2.27187
136	179	0.788287
137	11	2.1636
137	15	0.861808
137	17	0.73157
137	59	0.831787
137	67	0.747756
137	73	1.81051
137	88	1.75352
137	106	0.796238
137	109	2.06769
137	110	0.785023
137	111	2.0728
137	113	2.13188
137	114	0.826892
137	117	0.823502
137	127	0.775839
137	129	0.820448
137	130	0.764918
137	133	0.711914
137	134	0.766305
137	139	0.825126
137	157	0.789485
137	159	0.686437
137	164	0.699221
137	173	0.676802
137	174	0.688132
137	175	0.679182
137	176	0.648163
137	177	0.675492
137	179	0.703364
137	180	0.669451
138	4	1.22354
138	13	1.34697
138	25	1.77079
138	49	1.8163
138	98	1.57049
138	112	0.878939
138	119	1.42773
138	128	1.68069
138	131	0.856365
138	135	0.947607
138	141	0.902496
138	142	0.865933
138	150	0.871612
138	152	0.829314
138	155	0.814488
138	156	0.810616
138	159	0.772971
138	160	0.796331
138	162	1.08744
138	163	0.758957
138	164	0.785755
138	166	0.81675
138	168	0.759359
138	171	0.844944
138	172	0.736776
138	174	0.774666
138	175	0.765716
138	176	0.734697
138	177	0.762026
138	178	0.731407
138	180	0.755985
139	18	0.926942
139	28	0.865307
139	49	0.850547
139	51	0.855485
139	71	0.9229
139	78	0.897182
139	90	0.791832
139	92	0.908162
139	101	1.21846
139	106	0.91723
139	110	0.906015
139	112	1.18887
139	117	0.944494
139	127	0.896831
139	128	0.877482
139	129	0.94144
139	130	0.88591
139	137	0.825126
139	147	0.877906
139	148	0.895548
139	149	0.867856
139	152	1.37749
139	155	1.69592
139	159	0.807429
139	162	0.921817
139	163	2.29247
139	164	1.93036
139	166	1.45614
139	171	1.15465
139	175	1.94694
139	180	1.9581
140	15	1.30669
140	22	1.54561
140	32	0.884535
140	41	0.95959
140	58	1.47695
140	62	1.20937
140	65	1.24175
140	68	1.35206
140	70	0.912844
140	72	0.873691
140	77	0.871612
140	83	0.854157
140	88	1.22041
140	89	0.882876
140	92	1.58929
140	109	0.890539
140	113	0.913045
140	116	0.859374
140	118	0.85932
140	119	0.912865
140	123	0.89455
140	129	1.45788
140	154	0.794305
140	171	0.861622
140	172	0.753454
