1	43	1.26304
1	60	0.454843
1	100	1.45684
1	107	1.35138
1	108	1.41483
1	114	1.34447
1	117	1.39645
1	152	0.467057
1	160	1.37575
1	172	0.502191
1	176	0.529765
1	178	0.531477
2	14	1.47266
2	42	1.51444
2	83	1.49709
2	104	1.41892
2	116	1.49761
2	145	0.454897
2	153	0.451738
2	165	0.450728
2	171	0.459428
2	172	1.39881
2	175	0.468825
3	81	0.549437
3	112	0.456004
3	123	1.33542
3	128	1.50631
3	136	1.33525
3	140	1.3854
3	142	1.36008
3	150	0.487365
3	164	1.35002
3	171	0.481198
3	174	0.51183
3	177	1.32664
4	33	1.29017
4	71	0.464757
4	73	1.36537
4	93	1.39845
4	136	1.37026
4	140	1.42042
4	142	1.39509
4	152	0.491039
4	162	0.519649
4	167	0.484825
4	172	0.526173
4	177	1.36165
5	91	1.35815
5	93	1.36091
5	128	1.50378
5	136	1.33272
5	142	1.35755
5	154	0.498658
5	155	0.508777
5	158	0.464026
5	160	1.36313
5	173	0.490015
5	177	1.32411
5	180	0.524663
6	99	1.34652
6	107	1.34925
6	108	1.4127
6	110	1.3746
6	114	1.34235
6	139	0.48657
6	145	0.475812
6	155	0.512058
6	160	1.37362
6	164	0.486501
6	167	1.40402
6	176	0.524927
7	107	1.34213
7	108	1.40558
7	114	1.33523
7	117	1.3872
7	145	0.474605
7	146	1.36995
7	147	0.473181
7	157	0.527571
7	160	1.3665
7	167	1.3969
7	170	0.484336
7	180	0.526736
8	76	1.34931
8	129	1.39945
8	132	1.37458
8	133	1.3492
8	135	1.34991
8	141	1.39838
8	146	1.38148
8	162	0.47783
8	164	0.473503
8	169	0.546252
8	174	0.497977
8	177	0.491513
9	38	1.21057
9	50	1.26475
9	72	1.36557
9	75	1.46847
9	101	0.495698
9	147	0.497813
9	151	1.34228
9	152	0.485642
9	166	0.472545
9	168	1.45883
9	174	0.534399
9	179	1.48864
10	62	1.30257
10	87	1.2981
10	96	1.45549
10	104	1.35736
10	112	1.41596
10	116	1.43604
10	153	0.485182
10	164	0.499029
10	166	0.461649
10	167	0.468533
10	169	0.571778
10	172	1.33725
11	40	0.56269
11	55	1.12879
11	56	0.598884
11	103	0.598619
11	129	0.573513
11	139	1.23627
11	165	1.25209
11	167	1.26221
11	174	1.19828
11	176	1.17509
11	178	1.17695
11	180	1.17031
12	33	1.26513
12	91	1.37065
12	128	1.51629
12	131	0.491965
12	136	1.34522
12	140	1.39538
12	142	1.37006
12	147	0.485732
12	152	0.473561
12	154	0.513282
12	174	0.522318
12	177	1.33661
13	62	1.30718
13	66	1.34279
13	80	1.35415
13	83	1.44014
13	96	1.4601
13	104	1.36197
13	137	0.477257
13	143	0.51606
13	147	0.491695
13	164	0.503807
13	171	0.49765
13	172	1.34186
14	2	1.47266
14	62	1.28831
14	80	1.33528
14	83	1.42127
14	101	0.474721
14	104	1.3431
14	116	1.42178
14	139	0.489017
14	143	0.501202
14	162	0.493276
14	172	1.32299
14	176	0.527375
15	27	0.717197
15	46	0.36237
15	89	0.454895
15	127	0.392973
15	163	0.389481
15	165	1.42257
15	171	1.40936
15	174	1.36876
15	176	1.34556
15	177	1.36327
15	178	1.34743
15	180	1.34079
16	49	0.467365
16	106	0.486421
16	135	0.517906
16	138	0.521158
16	163	0.52409
16	169	1.24159
16	170	1.32366
16	171	1.34724
16	174	1.30664
16	175	1.33009
16	176	1.28345
16	178	1.28531
16	180	1.27867
17	99	1.26544
17	100	1.37363
17	107	1.26816
17	108	1.33162
17	114	1.26126
17	117	1.31324
17	146	1.29598
17	153	0.538453
17	160	1.29254
17	164	0.5523
17	172	0.563151
17	177	0.57031
17	179	0.461299
18	78	1.28831
18	91	1.31195
18	101	0.478426
18	106	0.66302
18	123	1.2867
18	131	0.486774
18	136	1.28652
18	139	0.492722
18	140	1.33668
18	142	1.31136
18	164	1.3013
18	177	1.27791
18	178	0.532791
19	34	1.31386
19	46	1.33556
19	50	1.15818
19	72	1.259
19	75	1.3619
19	131	0.535348
19	151	1.23571
19	161	0.54019
19	164	0.541227
19	166	0.503846
19	168	1.35226
19	174	0.565701
19	179	1.38207
20	32	1.27865
20	47	1.22707
20	94	1.27178
20	118	1.34046
20	121	1.31108
20	125	1.32368
20	137	1.33352
20	143	0.550235
20	158	0.518788
20	161	0.536945
20	163	1.31892
20	166	0.500602
20	180	0.579425
21	77	1.38936
21	92	1.27204
21	101	0.512351
21	113	1.26872
21	119	1.23631
21	127	1.2758
21	151	1.27553
21	162	0.530906
21	163	1.29093
21	164	0.526578
21	168	1.39208
21	174	0.551053
21	176	0.565005
22	35	0.607974
22	41	0.360445
22	59	0.428462
22	97	1.32053
22	106	1.30237
22	130	1.3263
22	132	1.29589
22	133	1.27052
22	135	1.27123
22	141	1.3197
22	159	0.431968
22	161	1.29857
22	179	0.855671
23	38	1.13066
23	46	1.36222
23	50	1.18485
23	57	1.28279
23	75	1.38856
23	120	0.514249
23	149	0.538528
23	151	1.26238
23	156	0.552342
23	158	0.534087
23	168	1.37893
23	171	0.547124
23	179	1.40874
24	52	1.32067
24	59	0.526756
24	67	1.22636
24	79	1.27957
24	90	1.29043
24	113	1.28531
24	126	0.551433
24	127	1.29238
24	150	0.531081
24	163	1.30751
24	164	0.531071
24	168	1.40867
24	172	0.541923
25	123	1.35563
25	136	1.35546
25	140	1.40561
25	142	1.38029
25	150	0.488591
25	157	0.53086
25	160	1.38587
25	164	1.37024
25	167	0.458085
25	173	0.495376
25	174	0.513056
25	177	1.34685
26	82	1.2254
26	90	1.28998
26	102	1.33526
26	119	1.25244
26	127	1.29192
26	138	1.29135
26	149	0.504516
26	150	0.519278
26	155	0.544826
26	163	1.30706
26	168	1.40821
26	176	0.557695
26	178	0.559407
27	15	0.717197
27	30	1.26695
27	58	0.349494
27	70	0.426079
27	84	1.3264
27	103	1.29078
27	115	1.28302
27	118	1.32335
27	121	1.29396
27	126	0.365406
27	137	1.3164
27	163	1.30181
27	166	0.806935
28	94	1.25696
28	103	1.29307
28	115	1.28532
28	118	1.32564
28	120	1.33906
28	121	1.29626
28	125	1.30886
28	152	0.519122
28	157	0.585682
28	163	1.3041
28	175	0.546644
28	176	0.58183
28	179	0.452404
29	65	0.477102
29	78	0.536155
29	84	0.478742
29	92	0.525528
29	97	0.498608
29	159	1.32865
29	165	1.34312
29	171	1.32992
29	174	1.28932
29	175	1.31277
29	176	1.26612
29	178	1.26798
29	180	1.26135
30	27	1.26695
30	56	1.28607
30	81	0.58065
30	86	1.36434
30	94	1.26157
30	103	1.29768
30	115	1.28993
30	118	1.33025
30	126	0.53893
30	144	0.525325
30	163	1.30871
30	165	0.503711
30	177	0.536579
31	106	1.30163
31	112	0.514715
31	129	1.32003
31	130	1.32556
31	132	1.29515
31	133	1.26978
31	135	1.27048
31	141	1.31895
31	144	0.552823
31	146	1.30205
31	148	0.556858
31	164	0.546066
31	167	0.51557
32	20	1.27865
32	48	1.36749
32	94	1.25615
32	103	1.29227
32	115	1.28451
32	118	1.32484
32	121	1.29545
32	148	0.546467
32	157	0.577953
32	163	1.3033
32	165	0.520817
32	166	0.498294
32	173	0.54247
33	4	1.29017
33	12	1.26513
33	60	0.556246
33	98	1.20941
33	123	1.19954
33	128	1.37043
33	136	1.19936
33	137	0.566192
33	140	1.24952
33	142	1.2242
33	158	0.573548
33	166	0.555361
33	177	1.19076
33	180	0.634185
34	19	1.31386
34	38	1.25921
34	39	1.26306
34	71	0.442681
34	72	1.41422
34	75	1.51711
34	145	0.482557
34	151	1.39092
34	166	0.455865
34	168	1.50747
34	170	0.492289
34	175	0.496486
34	178	0.533384
34	179	1.53729
35	22	0.607974
35	91	0.661774
35	105	1.13189
35	115	0.667004
35	116	0.614897
35	153	1.2076
35	159	1.19204
35	173	1.15468
35	174	1.1527
35	175	1.17615
35	176	1.12951
35	178	1.13137
35	180	1.12473
36	42	1.30301
36	44	1.29704
36	66	1.18832
36	83	1.28567
36	87	1.14824
36	96	1.30563
36	101	0.588082
36	104	1.2075
36	116	1.28618
36	137	0.575758
36	147	0.590197
36	172	1.18739
36	177	0.620318
36	179	0.511308
37	67	1.33271
37	77	1.5123
37	79	1.38592
37	90	1.39679
37	92	1.39498
37	113	1.39166
37	127	1.39874
37	145	0.46277
37	151	1.39847
37	152	0.449176
37	154	0.488897
37	174	0.497933
37	177	0.491468
37	178	0.513597
38	9	1.21057
38	23	1.13066
38	34	1.25921
38	46	1.2809
38	57	1.20147
38	75	1.30724
38	109	0.534102
38	151	1.18106
38	154	0.589423
38	167	0.543488
38	168	1.29761
38	169	0.646734
38	170	0.573028
38	179	1.32742
39	34	1.26306
39	41	0.530605
39	46	1.28476
39	50	1.10738
39	57	1.20532
39	72	1.2082
39	75	1.3111
39	109	0.563056
39	131	0.597059
39	151	1.18491
39	165	0.588081
39	168	1.30146
39	173	0.609733
39	179	1.33127
40	11	0.56269
40	96	1.47005
40	104	1.37192
40	107	1.373
40	110	1.39836
40	114	1.3661
40	116	1.4506
40	117	1.41808
40	134	0.469577
40	145	0.450045
40	169	0.533482
40	172	1.35181
40	178	0.500872
40	179	0.369733
41	22	0.360445
41	39	0.530605
41	43	0.528349
41	84	1.44248
41	103	1.40686
41	104	0.42838
41	118	1.43943
41	121	1.41005
41	132	0.440185
41	151	0.440998
41	174	1.38272
41	175	1.40617
41	178	1.36138
41	180	1.35475
42	2	1.51444
42	36	1.30301
42	44	1.47442
42	80	1.37706
42	87	1.32563
42	104	1.38488
42	116	1.46357
42	144	0.480956
42	152	0.449917
42	154	0.489638
42	157	0.516478
42	171	0.468042
42	172	1.36477
42	174	0.498674
43	1	1.26304
43	41	0.528349
43	88	1.2667
43	99	1.20047
43	100	1.30866
43	110	1.22855
43	114	1.19629
43	117	1.24827
43	146	1.23101
43	162	0.60501
43	167	1.25797
43	173	0.607477
43	177	0.618692
43	179	0.509682
44	36	1.29704
44	42	1.47442
44	87	1.31965
44	96	1.47704
44	104	1.37891
44	112	1.43751
44	116	1.45759
44	144	0.474758
44	147	0.45589
44	150	0.46801
44	157	0.510279
44	172	1.3588
44	177	0.486011
44	178	0.50814
45	53	1.24799
45	59	0.58833
45	106	1.2465
45	129	1.2649
45	130	1.27043
45	132	1.24002
45	133	1.21465
45	135	1.21535
45	141	1.26382
45	158	0.573452
45	161	1.24269
45	171	0.586488
45	178	0.632784
45	179	0.501645
46	15	0.36237
46	19	1.33556
46	23	1.36222
46	38	1.2809
46	39	1.28476
46	57	1.43303
46	120	0.450456
46	151	1.41262
46	155	0.515045
46	168	1.52917
46	172	0.500339
46	176	0.527914
46	178	0.529626
46	179	1.55898
47	20	1.22707
47	86	1.30734
47	115	1.23293
47	119	1.19709
47	121	1.24387
47	122	0.573636
47	127	1.23658
47	137	1.26631
47	138	1.236
47	152	0.568134
47	153	0.578569
47	158	0.573223
47	163	1.25171
47	170	0.591459
48	32	1.36749
48	56	1.38512
48	84	1.43235
48	103	1.39673
48	115	1.38898
48	118	1.4293
48	121	1.39992
48	131	0.459402
48	134	0.474125
48	143	0.477535
48	163	1.40776
48	176	0.503707
48	177	0.483291
48	178	0.50542
49	16	0.467365
49	67	1.33013
49	79	1.38334
49	102	1.4395
49	113	1.38908
49	119	1.35667
49	127	1.39616
49	131	0.453995
49	151	1.39589
49	155	0.485432
49	168	1.51244
49	177	0.477884
49	178	0.500013
49	180	0.501317
50	9	1.26475
50	19	1.15818
50	23	1.18485
50	39	1.10738
50	57	1.25565
50	72	1.25854
50	122	0.567716
50	151	1.23524
50	159	0.585688
50	167	0.556001
50	168	1.35179
50	170	0.58554
50	175	0.589737
50	179	1.3816
51	88	1.36438
51	99	1.29815
51	105	0.568052
51	108	1.36433
51	110	1.32623
51	114	1.29397
51	117	1.34595
51	146	1.32869
51	149	0.507801
51	156	0.521616
51	160	1.32525
51	167	1.35564
51	172	0.533406
51	177	0.540564
51	179	0.431554
52	24	1.32067
52	82	1.27506
52	92	1.33783
52	102	1.38493
52	119	1.3021
52	127	1.34159
52	138	1.34102
52	151	1.34133
52	156	0.500029
52	161	0.499931
52	163	1.35672
52	166	0.463588
52	169	0.573717
52	174	0.525442
52	178	0.541106
53	45	1.24799
53	101	0.497583
53	111	1.35308
53	124	0.524329
53	125	1.3512
53	129	1.36621
53	132	1.34134
53	133	1.31596
53	135	1.31667
53	141	1.36514
53	148	0.522602
53	164	0.51181
53	166	1.34498
53	170	0.510853
53	174	0.536285
54	61	0.54244
54	76	1.30551
54	106	1.33725
54	129	1.35565
54	130	1.36118
54	133	1.3054
54	134	0.520749
54	135	1.3061
54	141	1.35457
54	145	1.34358
54	153	0.498059
54	165	0.497048
54	166	1.33441
54	175	0.515146
54	177	0.529916
55	11	1.12879
55	97	0.579785
55	113	0.598285
55	115	0.574535
55	132	0.595245
55	139	1.24172
55	149	1.26179
55	155	1.20773
55	157	1.18131
55	160	0.565146
55	171	1.24433
55	176	1.18053
55	177	1.19824
55	178	1.18239
55	180	1.17576
56	11	0.598884
56	30	1.28607
56	48	1.38512
56	86	1.37656
56	103	1.3099
56	109	0.457046
56	115	1.30214
56	118	1.34247
56	120	1.35589
56	121	1.31309
56	137	1.33552
56	144	0.503685
56	171	0.490771
56	175	0.500168
56	176	0.535354
57	23	1.28279
57	38	1.20147
57	39	1.20532
57	46	1.43303
57	50	1.25565
57	72	1.35647
57	120	0.467916
57	151	1.33318
57	166	0.469568
57	168	1.44973
57	169	0.579697
57	173	0.513743
57	177	0.524958
57	179	1.47954
57	180	0.548391
58	27	0.349494
58	80	0.547645
58	107	0.525586
58	123	1.3259
58	140	1.37588
58	142	1.35056
58	146	0.508366
58	163	0.521048
58	167	1.38653
58	168	0.464132
58	175	1.34605
58	176	1.29941
58	177	1.31711
58	178	1.30127
58	180	1.29464
59	22	0.428462
59	24	0.526756
59	45	0.58833
59	65	0.471236
59	116	0.435385
59	125	0.502751
59	153	1.39133
59	162	1.34724
59	169	1.27139
59	170	1.35346
59	173	1.33842
59	175	1.35989
59	176	1.31325
59	178	1.31511
59	180	1.30847
60	1	0.454843
60	33	0.556246
60	69	0.572396
60	86	0.459457
60	111	0.465422
60	145	1.37621
60	154	1.34993
60	165	1.38714
60	168	0.423187
60	169	1.26828
60	174	1.33333
60	175	1.35678
60	176	1.31014
60	178	1.312
60	180	1.30536
61	54	0.54244
61	64	0.495395
61	83	0.51571
61	105	1.25444
61	117	0.532758
61	128	0.482585
61	142	0.545757
61	147	1.33224
61	148	1.2803
61	165	1.32906
61	173	1.27723
61	174	1.27526
61	175	1.2987
61	176	1.25206
61	178	1.25392
61	180	1.24728
62	10	1.30257
62	13	1.30718
62	14	1.28831
62	66	1.2154
62	68	0.575489
62	80	1.22676
62	83	1.31274
62	96	1.33271
62	112	1.29318
62	116	1.31326
62	134	0.563138
62	159	0.553485
62	170	0.553338
62	172	1.21446
62	176	0.592721
62	179	0.463294
63	78	1.39291
63	98	1.40117
63	109	0.440491
63	123	1.3913
63	128	1.56219
63	136	1.39112
63	139	0.480442
63	140	1.44128
63	142	1.41595
63	145	0.469685
63	158	0.461179
63	160	1.42153
63	165	0.465515
63	167	0.449876
63	169	0.553122
63	177	1.38251
64	61	0.495395
64	77	1.52256
64	82	1.34247
64	90	1.40705
64	92	1.40524
64	113	1.40192
64	119	1.36951
64	126	0.485222
64	138	1.40842
64	156	0.463922
64	163	1.42413
64	165	0.450003
64	167	0.434364
64	168	1.52528
64	175	0.4681
64	178	0.504999
65	29	0.477102
65	59	0.471236
65	85	1.45674
65	109	0.435669
65	129	1.43771
65	130	1.44324
65	132	1.41283
65	133	1.38746
65	135	1.38816
65	141	1.43663
65	145	1.42564
65	153	0.461704
65	158	0.456358
65	161	1.4155
65	171	0.469394
65	176	0.513978
66	13	1.34279
66	36	1.18832
66	62	1.2154
66	80	1.26237
66	83	1.34836
66	87	1.21093
66	96	1.36832
66	104	1.27019
66	116	1.34887
66	137	0.528109
66	144	0.561416
66	148	0.565451
66	153	0.540812
66	162	0.558986
66	171	0.548502
66	172	1.25008
67	24	1.22636
67	37	1.33271
67	49	1.33013
67	77	1.36084
67	79	1.23447
67	82	1.18075
67	102	1.29062
67	113	1.24021
67	124	0.57085
67	127	1.24728
67	134	0.567176
67	168	1.36356
67	170	0.557375
67	173	0.565127
67	177	0.576342
67	179	0.467331
68	62	0.575489
68	75	0.471742
68	106	0.500125
68	135	0.53161
68	140	0.50243
68	142	0.536417
68	147	1.33461
68	148	1.28268
68	166	1.31134
68	169	1.21257
68	171	1.31822
68	174	1.27763
68	175	1.30108
68	176	1.25443
68	178	1.25629
68	180	1.24966
69	60	0.572396
69	74	1.21601
69	78	1.21065
69	91	1.23428
69	123	1.20903
69	128	1.37992
69	136	1.20886
69	138	1.22521
69	140	1.25901
69	142	1.23369
69	145	0.598204
69	164	1.22364
69	166	0.571512
69	167	0.578395
69	176	0.647318
69	177	1.20025
69	179	0.517892
70	27	0.426079
70	71	1.28874
70	91	0.567613
70	93	0.592226
70	130	0.574968
70	135	0.59145
70	140	0.56227
70	153	1.2691
70	169	1.14915
70	171	1.25481
70	173	1.21618
70	174	1.21421
70	175	1.23766
70	176	1.19101
70	177	1.20872
70	179	1.38035
70	180	1.18624
71	4	0.464757
71	34	0.442681
71	70	1.28874
71	74	0.479488
71	88	1.42041
71	89	0.531448
71	98	0.473959
71	99	1.35418
71	110	1.38226
71	113	0.464993
71	117	1.40198
71	125	0.456502
71	148	1.3528
71	167	1.41168
71	177	1.34226
71	178	1.32641
71	180	1.31978
72	9	1.36557
72	19	1.259
72	34	1.41422
72	39	1.2082
72	50	1.25854
72	57	1.35647
72	75	1.46225
72	134	0.504345
72	145	0.484813
72	147	0.48339
72	151	1.33606
72	154	0.51094
72	168	1.45261
72	173	0.502296
72	175	0.498741
72	179	1.48243
72	180	0.536944
73	4	1.36537
73	78	1.27636
73	91	1.3
73	98	1.28461
73	123	1.27474
73	128	1.44563
73	131	0.531807
73	136	1.27457
73	137	0.511136
73	139	0.537755
73	140	1.32472
73	142	1.2994
73	145	0.526998
73	156	0.536748
73	164	1.28935
73	171	0.531529
73	173	0.544481
73	177	1.26596
74	69	1.21601
74	71	0.479488
74	91	1.31203
74	98	1.29665
74	123	1.28678
74	128	1.45767
74	136	1.2866
74	140	1.33676
74	142	1.31144
74	147	0.517941
74	148	0.540845
74	160	1.31702
74	164	1.30138
74	166	0.492672
74	167	0.499556
74	169	0.602802
74	177	1.27799
74	178	0.570191
75	9	1.46847
75	19	1.3619
75	23	1.38856
75	34	1.51711
75	38	1.30724
75	39	1.3111
75	68	0.471742
75	72	1.46225
75	105	0.496045
75	137	0.423996
75	151	1.43896
75	164	0.450547
75	168	1.55551
75	173	0.457342
75	174	0.475021
75	175	0.453787
75	179	1.58532
75	180	0.49199
76	8	1.34931
76	54	1.30551
76	89	1.23412
76	111	1.31985
76	125	1.31797
76	129	1.33298
76	130	1.33851
76	132	1.30811
76	133	1.28273
76	135	1.28344
76	139	0.526806
76	141	1.33191
76	144	0.533493
76	156	0.525798
76	165	0.511879
76	172	0.537588
76	173	0.533532
76	174	0.551211
77	21	1.38936
77	37	1.5123
77	64	1.52256
77	67	1.36084
77	82	1.36034
77	102	1.4702
77	119	1.38738
77	120	0.442997
77	122	0.463248
77	127	1.42686
77	138	1.42629
77	149	0.467276
77	156	0.48109
77	159	0.481219
77	161	0.480992
77	166	0.444648
77	168	1.54315
77	171	0.475872
78	18	1.28831
78	29	0.536155
78	63	1.39291
78	69	1.21065
78	73	1.27636
78	98	1.29129
78	122	0.515824
78	124	0.547123
78	128	1.45231
78	136	1.28124
78	140	1.3314
78	142	1.30608
78	164	1.29602
78	165	0.519747
78	166	0.497224
78	172	0.545456
78	173	0.541399
78	177	1.27263
79	24	1.27957
79	37	1.38592
79	49	1.38334
79	67	1.23447
79	102	1.34383
79	112	0.501389
79	113	1.29342
79	119	1.261
79	127	1.30049
79	138	1.29991
79	145	0.522052
79	147	0.520628
79	151	1.30022
79	155	0.558297
79	163	1.31562
79	170	0.531783
79	175	0.53598
79	177	0.55075
80	13	1.35415
80	14	1.33528
80	42	1.37706
80	58	0.547645
80	62	1.22676
80	66	1.26237
80	87	1.22229
80	96	1.37968
80	104	1.28155
80	112	1.34015
80	116	1.36023
80	126	0.563557
80	150	0.543205
80	159	0.542386
80	166	0.505815
80	172	1.26144
80	175	0.546436
80	179	0.452195
81	3	0.549437
81	30	0.58065
81	116	0.501782
81	126	1.25205
81	127	0.582172
81	148	1.24677
81	151	0.575412
81	155	1.24571
81	156	1.26167
81	159	1.28105
81	160	0.5445
81	169	1.17666
81	173	1.24369
81	174	1.24172
81	176	1.21852
81	178	1.22038
81	180	1.21375
82	26	1.2254
82	52	1.27506
82	64	1.34247
82	67	1.18075
82	77	1.36034
82	113	1.2397
82	119	1.20729
82	120	0.525506
82	127	1.24677
82	138	1.2462
82	145	0.55385
82	151	1.24651
82	154	0.579977
82	161	0.563502
82	163	1.26191
82	166	0.527158
82	168	1.36306
82	174	0.589013
82	177	0.582548
83	2	1.49709
83	13	1.44014
83	14	1.42127
83	36	1.28567
83	61	0.51571
83	62	1.31274
83	66	1.34836
83	87	1.30828
83	104	1.36753
83	112	1.42614
83	116	1.44622
83	126	0.505537
83	171	0.479018
83	172	1.34742
83	174	0.50965
83	175	0.488416
83	176	0.523602
83	177	0.503185
83	179	0.394175
84	27	1.3264
84	29	0.478742
84	41	1.44248
84	48	1.43235
84	86	1.42379
84	103	1.35713
84	115	1.34937
84	118	1.3897
84	121	1.36031
84	125	1.37292
84	131	0.471313
84	137	1.38275
84	144	0.483948
84	149	0.462439
84	155	0.502749
84	159	0.476382
84	163	1.36816
84	169	0.54994
84	177	0.495201
85	65	1.45674
85	89	1.30329
85	129	1.40215
85	130	1.40768
85	132	1.37728
85	133	1.3519
85	134	0.478211
85	135	1.35261
85	141	1.40108
85	145	1.39008
85	154	0.484805
85	161	1.37995
85	162	0.473695
85	166	1.38092
85	169	0.542116
85	170	0.46841
85	174	0.493842
85	177	0.487377
85	180	0.51081
86	30	1.36434
86	47	1.30734
86	56	1.37656
86	60	0.459457
86	84	1.42379
86	94	1.35205
86	103	1.38817
86	115	1.38041
86	118	1.42074
86	121	1.39135
86	125	1.40396
86	156	0.495015
86	161	0.494916
86	163	1.3992
86	170	0.494996
86	175	0.499193
86	176	0.53438
86	179	0.404953
86	180	0.537396
87	10	1.2981
87	36	1.14824
87	42	1.32563
87	44	1.31965
87	66	1.21093
87	80	1.22229
87	83	1.30828
87	96	1.32825
87	104	1.23011
87	112	1.28871
87	116	1.3088
87	155	0.571543
87	156	0.545047
87	161	0.544949
87	162	0.550313
87	172	1.21
87	173	0.552781
87	174	0.57046
87	178	0.586124
88	43	1.2667
88	51	1.36438
88	71	1.42041
88	100	1.4605
88	107	1.35504
88	108	1.41849
88	110	1.38039
88	114	1.34814
88	117	1.40011
88	124	0.494892
88	137	0.455824
88	143	0.494627
88	160	1.37941
88	161	0.481337
88	167	1.40981
88	171	0.476217
88	173	0.489169
88	178	0.522512
88	180	0.523817
89	15	0.454895
89	71	0.531448
89	76	1.23412
89	85	1.30329
89	97	1.28401
89	126	0.602374
89	129	1.28426
89	130	1.28979
89	132	1.25938
89	133	1.234
89	135	1.23471
89	141	1.28318
89	145	1.27218
89	161	1.26205
89	166	1.26302
89	172	0.592864
89	173	0.588808
89	179	0.491012
89	180	0.623456
90	24	1.29043
90	26	1.28998
90	37	1.39679
90	64	1.40705
90	92	1.3076
90	102	1.35469
90	113	1.30428
90	119	1.27187
90	127	1.31136
90	134	0.528589
90	151	1.31109
90	163	1.32649
90	164	0.519745
90	168	1.42764
90	170	0.518788
90	171	0.513588
90	174	0.54422
90	175	0.522985
90	179	0.428745
90	180	0.561188
91	5	1.35815
91	12	1.37065
91	18	1.31195
91	35	0.661774
91	69	1.23428
91	70	0.567613
91	73	1.3
91	74	1.31203
91	93	1.33307
91	128	1.47595
91	138	1.32123
91	140	1.35504
91	142	1.32972
91	149	0.471825
91	158	0.467384
91	170	0.485621
91	176	0.525004
91	177	1.29627
91	179	0.395577
91	180	0.528021
92	21	1.27204
92	29	0.525528
92	37	1.39498
92	52	1.33783
92	64	1.40524
92	90	1.3076
92	102	1.35288
92	113	1.30247
92	119	1.27006
92	120	0.484945
92	127	1.30954
92	137	0.497427
92	138	1.30897
92	151	1.30928
92	152	0.499695
92	159	0.523168
92	164	0.523978
92	168	1.42583
92	172	0.534829
92	173	0.530773
93	4	1.39845
93	5	1.36091
93	70	0.592226
93	91	1.33307
93	98	1.31769
93	105	0.556689
93	120	0.472158
93	123	1.30782
93	136	1.30764
93	138	1.32399
93	139	0.51126
93	140	1.3578
93	142	1.33248
93	145	0.500502
93	160	1.33806
93	164	1.32242
93	175	0.51443
93	177	1.29904
93	179	0.42019
93	180	0.552633
94	20	1.27178
94	28	1.25696
94	30	1.26157
94	32	1.25615
94	86	1.35205
94	103	1.28539
94	115	1.27764
94	118	1.31797
94	120	1.33138
94	121	1.28858
94	124	0.534955
94	125	1.30119
94	137	1.31102
94	154	0.537875
94	159	0.521628
94	163	1.29642
94	169	0.595186
94	171	0.51628
94	173	0.529232
94	177	0.540447
94	178	0.562576
95	104	0.587995
95	106	0.566212
95	111	0.5892
95	123	0.60931
95	140	0.568517
95	144	1.21264
95	146	0.591199
95	147	1.24296
95	153	1.24086
95	154	1.20257
95	155	1.18997
95	156	1.20592
95	158	1.23679
95	160	0.569701
95	170	1.20299
95	173	1.18795
95	174	1.18597
95	175	1.20942
95	176	1.16278
95	178	1.16464
95	180	1.158
96	10	1.45549
96	13	1.4601
96	36	1.30563
96	40	1.47005
96	44	1.47704
96	62	1.33271
96	66	1.36832
96	80	1.37968
96	87	1.32825
96	104	1.3875
96	116	1.46618
96	131	0.469385
96	148	0.486056
96	157	0.517542
96	161	0.474227
96	172	1.36739
96	174	0.499739
96	176	0.51369
96	177	0.493274
96	179	0.384264
96	180	0.516707
97	22	1.32053
97	29	0.498608
97	55	0.579785
97	89	1.28401
97	106	1.36448
97	129	1.38288
97	130	1.38841
97	132	1.35801
97	133	1.33263
97	135	1.33334
97	137	0.470507
97	141	1.38181
97	145	1.37081
97	146	1.36491
97	148	0.507849
97	159	0.496248
97	161	1.36068
97	166	1.36165
97	167	0.46656
97	170	0.4961
97	173	0.503852
97	175	0.500297
98	33	1.20941
98	63	1.40117
98	71	0.473959
98	73	1.28461
98	74	1.29665
98	78	1.29129
98	93	1.31769
98	123	1.28968
98	128	1.46057
98	136	1.2895
98	140	1.33966
98	142	1.31433
98	149	0.50977
98	160	1.31991
98	162	0.52885
98	164	1.30428
98	165	0.509666
98	167	0.494026
98	175	0.527763
98	176	0.562949
98	177	1.28089
98	178	0.564661
98	180	0.565966
99	6	1.34652
99	17	1.26544
99	43	1.20047
99	51	1.29815
99	71	1.35418
99	100	1.39427
99	107	1.28881
99	108	1.35227
99	110	1.31417
99	114	1.28191
99	117	1.33388
99	124	0.545892
99	137	0.506823
99	139	0.533442
99	146	1.31663
99	149	0.518621
99	160	1.31318
99	161	0.532336
99	164	0.533373
99	167	1.34358
99	169	0.606122
99	175	0.536613
99	179	0.442373
100	1	1.45684
100	17	1.37363
100	43	1.30866
100	88	1.4605
100	99	1.39427
100	107	1.397
100	108	1.46045
100	110	1.42235
100	112	0.462646
100	114	1.39009
100	117	1.44207
100	146	1.42482
100	149	0.479245
100	153	0.48015
100	156	0.493059
100	158	0.474804
100	160	1.42137
100	161	0.492961
100	167	1.45177
100	171	0.48784
100	173	0.500792
100	175	0.497237
100	179	0.402997
101	9	0.495698
101	14	0.474721
101	18	0.478426
101	21	0.512351
101	36	0.588082
101	53	0.497583
101	122	1.33952
101	123	0.5078
101	125	0.49284
101	142	0.500996
101	144	1.32507
101	152	1.35674
101	158	1.34921
101	162	1.30919
101	165	1.3522
101	171	1.33899
101	172	1.28636
101	173	1.30037
101	174	1.2984
101	175	1.32184
101	176	1.2752
101	178	1.27706
101	180	1.27043
102	26	1.33526
102	49	1.4395
102	52	1.38493
102	67	1.29062
102	77	1.4702
102	79	1.34383
102	90	1.35469
102	92	1.35288
102	109	0.435522
102	113	1.34957
102	119	1.31715
102	127	1.35664
102	143	0.487657
102	151	1.35638
102	155	0.500961
102	156	0.474465
102	163	1.37177
102	168	1.47293
102	169	0.548153
102	172	0.486256
102	176	0.51383
102	177	0.493414
102	178	0.515542
102	180	0.516847
103	11	0.598619
103	27	1.29078
103	28	1.29307
103	30	1.29768
103	32	1.29227
103	41	1.40686
103	48	1.39673
103	56	1.3099
103	84	1.35713
103	86	1.38817
103	94	1.28539
103	105	0.54216
103	109	0.45678
103	115	1.31375
103	120	1.3675
103	121	1.3247
103	137	1.34713
103	150	0.496671
103	154	0.5121
103	157	0.53894
103	163	1.33254
103	167	0.466166
103	171	0.490505
103	177	0.514672
103	180	0.538105
104	2	1.41892
104	10	1.35736
104	13	1.36197
104	14	1.3431
104	36	1.2075
104	40	1.37192
104	41	0.42838
104	42	1.38488
104	44	1.37891
104	66	1.27019
104	80	1.28155
104	83	1.36753
104	87	1.23011
104	95	0.587995
104	96	1.3875
104	116	1.36805
104	137	0.474163
104	144	0.50747
104	157	0.542991
104	159	0.499904
104	162	0.50504
104	169	0.573462
104	170	0.499756
104	172	1.26925
104	177	0.518723
105	35	1.13189
105	51	0.568052
105	61	1.25444
105	75	0.496045
105	93	0.556689
105	103	0.54216
105	110	0.553867
105	119	0.594637
105	128	0.497548
105	135	0.555913
105	146	0.549415
105	147	1.30939
105	148	1.25745
105	154	1.269
105	155	1.2564
105	157	1.22999
105	162	1.2632
105	170	1.26942
105	171	1.293
105	173	1.25438
105	174	1.25241
105	175	1.27585
105	176	1.22921
105	178	1.23107
105	180	1.22444
106	16	0.486421
106	18	0.66302
106	22	1.30237
106	31	1.30163
106	45	1.2465
106	54	1.33725
106	68	0.500125
106	95	0.566212
106	97	1.36448
106	125	1.34971
106	129	1.36472
106	130	1.37025
106	132	1.33985
106	133	1.31447
106	135	1.31518
106	141	1.36365
106	146	1.34675
106	148	0.489722
106	158	0.459736
106	159	0.478121
106	161	1.34252
106	166	1.34349
106	167	0.448434
106	172	0.489782
106	180	0.520373
107	1	1.35138
107	6	1.34925
107	7	1.34213
107	17	1.26816
107	40	1.373
107	58	0.525586
107	88	1.35504
107	99	1.28881
107	100	1.397
107	108	1.35499
107	110	1.31689
107	111	1.32419
107	112	0.489785
107	114	1.28463
107	117	1.33661
107	122	0.502355
107	148	0.531928
107	155	0.546694
107	158	0.501942
107	160	1.31591
107	167	1.3463
107	170	0.520179
107	174	0.545611
107	176	0.559563
107	179	0.430136
108	1	1.41483
108	6	1.4127
108	7	1.40558
108	17	1.33162
108	51	1.36433
108	88	1.41849
108	99	1.35227
108	100	1.46045
108	107	1.35499
108	110	1.38034
108	111	1.38765
108	114	1.34809
108	134	0.488116
108	143	0.491525
108	145	0.468584
108	146	1.38281
108	158	0.460078
108	160	1.37936
108	161	0.478235
108	162	0.4836
108	165	0.464415
108	167	1.40976
108	176	0.517698
108	177	0.497282
108	178	0.519411
108	180	0.520715
109	38	0.534102
109	39	0.563056
109	56	0.457046
109	63	0.440491
109	65	0.435669
109	102	0.435522
109	103	0.45678
109	130	0.45405
109	135	0.470533
109	140	0.441352
109	143	1.38668
109	145	1.4116
109	156	1.38867
109	157	1.3463
109	159	1.40805
109	160	0.442536
109	170	1.38573
109	171	1.40931
109	173	1.37069
109	174	1.36872
109	175	1.39217
109	176	1.34552
109	177	1.36323
109	178	1.34738
109	179	1.53486
109	180	1.34075
110	6	1.3746
110	40	1.39836
110	43	1.22855
110	51	1.32623
110	71	1.38226
110	88	1.38039
110	99	1.31417
110	100	1.42235
110	105	0.553867
110	107	1.31689
110	108	1.38034
110	111	1.34955
110	112	0.477018
110	114	1.30999
110	117	1.36196
110	122	0.489588
110	146	1.34471
110	150	0.508378
110	152	0.484087
110	157	0.550647
110	160	1.34126
110	167	1.37166
110	172	0.519221
110	174	0.532843
110	175	0.511609
110	177	0.526379
110	179	0.417369
111	53	1.35308
111	60	0.465422
111	76	1.31985
111	95	0.5892
111	107	1.32419
111	108	1.38765
111	110	1.34955
111	114	1.31729
111	117	1.36926
111	120	0.462886
111	122	0.483137
111	129	1.36998
111	130	1.37552
111	133	1.31973
111	134	0.510762
111	135	1.32044
111	141	1.36891
111	146	1.35201
111	148	0.51271
111	150	0.501927
111	153	0.488071
111	154	0.517356
111	155	0.527475
111	160	1.34856
111	166	1.34875
111	167	1.37896
111	171	0.495761
112	3	0.456004
112	10	1.41596
112	31	0.514715
112	44	1.43751
112	62	1.29318
112	79	0.501389
112	80	1.34015
112	83	1.42614
112	87	1.28871
112	100	0.462646
112	107	0.489785
112	110	0.477018
112	116	1.42665
112	123	0.490676
112	125	0.475715
112	127	0.48874
112	146	0.472565
112	154	1.35649
112	163	0.485247
112	169	1.27484
112	171	1.38049
112	172	1.32786
112	173	1.34187
112	174	1.33989
112	176	1.3167
112	178	1.31856
112	180	1.31192
113	21	1.26872
113	24	1.28531
113	37	1.39166
113	49	1.38908
113	55	0.598285
113	64	1.40192
113	67	1.24021
113	71	0.464993
113	79	1.29342
113	82	1.2397
113	90	1.30428
113	92	1.30247
113	102	1.34957
113	119	1.26674
113	127	1.30623
113	138	1.30565
113	139	0.515627
113	143	0.527811
113	150	0.515567
113	151	1.30596
113	156	0.514619
113	163	1.32136
113	166	0.478177
113	168	1.42251
113	172	0.526409
113	174	0.540032
113	175	0.518797
113	176	0.553984
114	1	1.34447
114	6	1.34235
114	7	1.33523
114	17	1.26126
114	40	1.3661
114	43	1.19629
114	51	1.29397
114	88	1.34814
114	99	1.28191
114	100	1.39009
114	107	1.28463
114	108	1.34809
114	110	1.30999
114	111	1.31729
114	117	1.32971
114	122	0.499818
114	134	0.527442
114	146	1.31245
114	150	0.518608
114	156	0.51766
114	157	0.560877
114	158	0.499405
114	159	0.517789
114	167	1.3394
114	170	0.517642
114	171	0.512441
114	176	0.557025
114	178	0.558737
115	27	1.28302
115	28	1.28532
115	30	1.28993
115	32	1.28451
115	35	0.667004
115	47	1.23293
115	48	1.38898
115	55	0.574535
115	56	1.30214
115	84	1.34937
115	86	1.38041
115	94	1.27764
115	103	1.31375
115	118	1.34632
115	120	1.35974
115	121	1.31694
115	125	1.32954
115	137	1.33938
115	145	0.481119
115	155	0.517365
115	163	1.32478
115	169	0.564556
115	173	0.498602
115	174	0.516282
115	175	0.495047
115	176	0.530234
115	177	0.509817
115	179	0.400807
116	2	1.49761
116	10	1.43604
116	14	1.42178
116	35	0.614897
116	36	1.28618
116	40	1.4506
116	42	1.46357
116	44	1.45759
116	59	0.435385
116	62	1.31326
116	66	1.34887
116	80	1.36023
116	81	0.501782
116	83	1.44622
116	87	1.3088
116	96	1.46618
116	104	1.36805
116	112	1.42665
116	122	0.42092
116	126	0.460062
116	129	0.602694
116	157	0.481979
116	161	0.438664
116	172	1.34794
116	176	0.478127
116	177	0.457711
116	178	0.479839
116	179	0.3487
117	1	1.39645
117	7	1.3872
117	17	1.31324
117	40	1.41808
117	43	1.24827
117	51	1.34595
117	61	0.532758
117	71	1.40198
117	88	1.40011
117	99	1.33388
117	100	1.44207
117	107	1.33661
117	110	1.36196
117	111	1.36926
117	114	1.32971
117	143	0.514477
117	144	0.508981
117	146	1.36443
117	147	0.490112
117	149	0.487471
117	153	0.488377
117	159	0.501415
117	160	1.36098
117	164	0.502224
117	167	1.39138
117	171	0.496067
117	172	0.513075
117	178	0.542362
117	179	0.411223
118	20	1.34046
118	27	1.32335
118	28	1.32564
118	30	1.33025
118	32	1.32484
118	41	1.43943
118	48	1.4293
118	56	1.34247
118	84	1.3897
118	86	1.42074
118	94	1.31797
118	115	1.34632
118	120	1.40007
118	121	1.35727
118	125	1.36987
118	137	1.3797
118	143	0.504874
118	144	0.499378
118	150	0.49263
118	152	0.468339
118	154	0.508059
118	155	0.518178
118	161	0.491584
118	163	1.36511
118	164	0.492621
118	165	0.477764
118	171	0.486464
118	178	0.532759
118	180	0.534064
119	21	1.23631
119	26	1.25244
119	47	1.19709
119	49	1.35667
119	52	1.3021
119	64	1.36951
119	77	1.38738
119	79	1.261
119	82	1.20729
119	90	1.27187
119	92	1.27006
119	102	1.31715
119	105	0.594637
119	113	1.26674
119	124	0.561657
119	127	1.27381
119	138	1.27324
119	147	0.537027
119	148	0.559931
119	151	1.27355
119	152	0.524856
119	155	0.574696
119	161	0.548102
119	162	0.553466
119	163	1.28895
119	164	0.549139
119	166	0.511759
119	168	1.3901
119	179	0.458138
120	23	0.514249
120	28	1.33906
120	46	0.450456
120	56	1.35589
120	57	0.467916
120	77	0.442997
120	82	0.525506
120	92	0.484945
120	93	0.472158
120	94	1.33138
120	103	1.3675
120	111	0.462886
120	115	1.35974
120	118	1.40007
120	121	1.37068
120	125	1.38329
120	130	0.4549
120	133	0.494572
120	136	0.496124
120	145	1.38623
120	146	0.464884
120	158	1.39417
120	172	1.33131
120	173	1.34533
120	175	1.3668
120	176	1.32015
120	178	1.32202
120	179	1.50949
120	180	1.31538
121	20	1.31108
121	27	1.29396
121	28	1.29626
121	32	1.29545
121	41	1.41005
121	47	1.24387
121	48	1.39992
121	56	1.31309
121	84	1.36031
121	86	1.39135
121	94	1.28858
121	103	1.3247
121	115	1.31694
121	118	1.35727
121	120	1.37068
121	124	0.526282
121	125	1.34049
121	137	1.35032
121	143	0.526017
121	144	0.520521
121	162	0.518091
121	163	1.33572
121	167	0.483267
121	170	0.512807
121	173	0.520559
121	174	0.538238
121	176	0.55219
121	177	0.531774
121	179	0.422763
121	180	0.555207
122	47	0.573636
122	50	0.567716
122	77	0.463248
122	78	0.515824
122	101	1.33952
122	107	0.502355
122	110	0.489588
122	111	0.483137
122	114	0.499818
122	116	0.42092
122	131	1.35225
122	134	1.32771
122	138	0.494886
122	142	0.496442
122	149	1.3724
122	150	1.35077
122	153	1.36923
122	154	1.33094
122	156	1.33429
122	158	1.36516
122	165	1.36815
122	166	1.34806
122	167	1.37827
122	168	0.440902
122	169	1.24928
122	174	1.31434
122	175	1.33779
122	176	1.29114
122	178	1.29301
122	180	1.28637
123	3	1.33542
123	18	1.2867
123	25	1.35563
123	33	1.19954
123	58	1.3259
123	63	1.3913
123	69	1.20903
123	73	1.27474
123	74	1.28678
123	93	1.30782
123	95	0.60931
123	98	1.28968
123	101	0.5078
123	112	0.490676
123	128	1.45069
123	131	0.516149
123	136	1.27963
123	138	1.29598
123	140	1.32979
123	142	1.30446
123	143	0.534281
123	154	0.537466
123	156	0.521089
123	160	1.31004
123	162	0.526355
123	164	1.29441
123	167	0.491531
123	172	0.532879
123	175	0.525267
123	177	1.27102
123	178	0.562166
124	53	0.524329
124	67	0.57085
124	78	0.547123
124	88	0.494892
124	94	0.534955
124	99	0.545892
124	119	0.561657
124	121	0.526282
124	132	0.525036
124	141	0.511648
124	143	1.28302
124	144	1.29173
124	145	1.30794
124	146	0.516435
124	147	1.32204
124	148	1.27011
124	149	1.32312
124	150	1.30149
124	154	1.28166
124	155	1.26906
124	159	1.30439
124	162	1.27586
124	164	1.28296
124	168	0.472201
124	171	1.30566
124	172	1.25302
124	173	1.26703
124	175	1.28851
124	176	1.24186
124	177	1.25957
124	178	1.24372
124	180	1.23709
125	20	1.32368
125	28	1.30886
125	53	1.3512
125	59	0.502751
125	71	0.456502
125	76	1.31797
125	84	1.37292
125	86	1.40396
125	94	1.30119
125	101	0.49284
125	106	1.34971
125	112	0.475715
125	115	1.32954
125	118	1.36987
125	120	1.38329
125	121	1.34049
125	130	1.37364
125	132	1.34323
125	135	1.31856
125	139	0.507136
125	141	1.36703
125	144	0.513823
125	146	1.35013
125	153	0.493219
125	163	1.34833
125	165	0.492209
125	166	1.34687
125	167	0.47657
125	169	0.579816
125	170	0.50611
125	175	0.510306
125	178	0.547205
126	24	0.551433
126	27	0.365406
126	30	0.53893
126	64	0.485222
126	80	0.563557
126	81	1.25205
126	83	0.505537
126	89	0.602374
126	116	0.460062
126	129	0.491918
126	135	0.530776
126	139	1.32155
126	142	0.535584
126	143	1.30152
126	149	1.34162
126	153	1.33845
126	155	1.28755
126	159	1.32289
126	160	0.50278
126	162	1.29435
126	165	1.33736
126	170	1.30057
126	171	1.32415
126	173	1.28553
126	174	1.28356
126	175	1.30701
126	176	1.26036
126	177	1.27806
126	178	1.26222
126	179	1.44969
126	180	1.25559
127	15	0.392973
127	21	1.2758
127	24	1.29238
127	26	1.29192
127	37	1.39874
127	47	1.23658
127	49	1.39616
127	52	1.34159
127	67	1.24728
127	77	1.42686
127	79	1.30049
127	81	0.582172
127	82	1.24677
127	90	1.31136
127	92	1.30954
127	102	1.35664
127	112	0.48874
127	113	1.30623
127	119	1.27381
127	138	1.31273
127	144	0.526848
127	148	0.530883
127	151	1.31304
127	155	0.545648
127	157	0.562369
127	158	0.500897
127	163	1.32843
127	168	1.42959
127	172	0.530943
127	176	0.558517
127	178	0.560229
127	179	0.42909
127	180	0.561534
128	3	1.50631
128	5	1.50378
128	12	1.51629
128	33	1.37043
128	61	0.482585
128	63	1.56219
128	69	1.37992
128	73	1.44563
128	74	1.45767
128	78	1.45231
128	91	1.47595
128	98	1.46057
128	105	0.497548
128	123	1.45069
128	136	1.45052
128	138	1.46687
128	140	1.50068
128	142	1.47535
128	147	0.439939
128	149	0.437297
128	154	0.467488
128	158	0.432857
128	159	0.451241
128	160	1.48093
128	162	0.456378
128	165	0.437193
128	166	0.41467
128	169	0.524799
128	170	0.451093
128	174	0.476525
128	177	1.44191
128	179	0.36105
128	180	0.493493
129	8	1.39945
129	11	0.573513
129	31	1.32003
129	45	1.2649
129	53	1.36621
129	54	1.35565
129	65	1.43771
129	76	1.33298
129	85	1.40215
129	89	1.28426
129	97	1.38288
129	106	1.36472
129	111	1.36998
129	116	0.602694
129	126	0.491918
129	130	1.38865
129	131	0.465678
129	132	1.35825
129	133	1.33287
129	141	1.38205
129	145	1.37105
129	146	1.36515
129	154	0.486995
129	159	0.470747
129	161	1.36092
129	162	0.475884
129	165	0.456699
129	166	1.36189
129	172	0.482408
129	174	0.496031
129	175	0.474796
129	176	0.509983
129	177	0.489566
129	178	0.511695
130	22	1.3263
130	31	1.32556
130	45	1.27043
130	54	1.36118
130	65	1.44324
130	70	0.574968
130	76	1.33851
130	85	1.40768
130	89	1.28979
130	97	1.38841
130	106	1.37025
130	109	0.45405
130	111	1.37552
130	120	0.4549
130	125	1.37364
130	129	1.38865
130	132	1.36378
130	133	1.3384
130	135	1.33911
130	137	0.467382
130	139	0.494002
130	141	1.38758
130	144	0.500689
130	145	1.37658
130	146	1.37068
130	158	0.474739
130	161	1.36645
130	167	0.463436
130	169	0.566682
130	170	0.492976
130	173	0.500728
130	175	0.497173
130	177	0.511943
130	180	0.535376
131	12	0.491965
131	18	0.486774
131	19	0.535348
131	39	0.597059
131	48	0.459402
131	49	0.453995
131	73	0.531807
131	84	0.471313
131	96	0.469385
131	122	1.35225
131	123	0.516149
131	129	0.465678
131	137	1.3609
131	138	0.507788
131	144	1.3378
131	147	1.36811
131	149	1.36919
131	151	0.507452
131	153	1.36602
131	154	1.32772
131	155	1.31512
131	156	1.33108
131	157	1.28871
131	162	1.32192
131	165	1.36493
131	168	0.453804
131	172	1.29909
131	173	1.3131
131	174	1.31113
131	175	1.33458
131	176	1.28793
131	177	1.30564
131	178	1.28979
131	179	1.47727
131	180	1.28316
132	8	1.37458
132	22	1.29589
132	31	1.29515
132	41	0.440185
132	45	1.24002
132	53	1.34134
132	55	0.595245
132	65	1.41283
132	76	1.30811
132	85	1.37728
132	89	1.25938
132	97	1.35801
132	106	1.33985
132	124	0.525036
132	125	1.34323
132	129	1.35825
132	130	1.36378
132	133	1.308
132	135	1.3087
132	141	1.35717
132	145	1.34617
132	146	1.34027
132	152	0.488235
132	154	0.527956
132	156	0.511579
132	161	1.33604
132	166	1.33701
132	167	0.482021
132	171	0.50636
132	173	0.519313
132	174	0.536992
132	176	0.550944
132	177	0.530528
132	179	0.421517
132	180	0.553961
133	8	1.3492
133	22	1.27052
133	31	1.26978
133	45	1.21465
133	53	1.31596
133	54	1.3054
133	65	1.38746
133	76	1.28273
133	85	1.3519
133	89	1.234
133	97	1.33263
133	106	1.31447
133	111	1.31973
133	120	0.494572
133	129	1.33287
133	130	1.3384
133	132	1.308
133	135	1.28333
133	141	1.3318
133	143	0.545857
133	145	1.3208
133	146	1.3149
133	152	0.509322
133	153	0.519757
133	156	0.532665
133	161	1.31067
133	162	0.537931
133	164	0.533604
133	166	1.31164
133	171	0.527447
133	172	0.544456
133	175	0.536844
133	176	0.57203
133	177	0.551614
133	179	0.442603
133	180	0.575047
134	40	0.469577
134	48	0.474125
134	54	0.520749
134	62	0.563138
134	67	0.567176
134	72	0.504345
134	85	0.478211
134	90	0.528589
134	108	0.488116
134	111	0.510762
134	114	0.527442
134	122	1.32771
134	143	1.30455
134	147	1.34357
134	148	1.29164
134	150	1.32301
134	151	0.522175
134	152	1.34493
134	153	1.34148
134	154	1.30318
134	156	1.30654
134	157	1.26417
134	161	1.31933
134	163	0.525442
134	166	1.3203
134	167	1.35051
134	168	0.468526
134	169	1.22153
134	170	1.3036
134	171	1.32718
134	173	1.28856
134	174	1.28659
134	176	1.26339
134	178	1.26525
134	179	1.45272
134	180	1.25862
135	8	1.34991
135	16	0.517906
135	22	1.27123
135	31	1.27048
135	45	1.21535
135	53	1.31667
135	54	1.3061
135	65	1.38816
135	68	0.53161
135	70	0.59145
135	76	1.28344
135	85	1.35261
135	89	1.23471
135	97	1.33334
135	105	0.555913
135	106	1.31518
135	109	0.470533
135	111	1.32044
135	125	1.31856
135	126	0.530776
135	130	1.33911
135	132	1.3087
135	133	1.28333
135	141	1.3325
135	145	1.32151
135	146	1.3156
135	149	0.495662
135	153	0.496568
135	157	0.552693
135	161	1.31137
135	164	0.510415
135	166	1.31234
135	171	0.504258
135	173	0.51721
135	175	0.513655
135	176	0.548841
136	3	1.33525
136	4	1.37026
136	5	1.33272
136	12	1.34522
136	18	1.28652
136	25	1.35546
136	33	1.19936
136	63	1.39112
136	69	1.20886
136	73	1.27457
136	74	1.2866
136	78	1.28124
136	93	1.30764
136	98	1.2895
136	120	0.496124
136	123	1.27963
136	128	1.45052
136	138	1.2958
136	140	1.32961
136	142	1.30429
136	153	0.521309
136	157	0.577434
136	158	0.515962
136	159	0.534346
136	160	1.30987
136	164	1.29423
136	165	0.520298
136	167	0.504659
136	171	0.528999
136	172	0.546007
136	173	0.541951
136	175	0.538396
