1	32	0.759795
1	83	1.15557
1	85	1.21147
1	86	1.33117
1	87	1.12554
1	135	0.708605
1	140	1.19687
1	145	1.17308
1	146	1.20641
1	172	0.737587
1	173	0.703738
1	179	0.695661
2	7	1.20814
2	28	1.16002
2	36	1.10691
2	67	1.28547
2	89	1.20638
2	103	1.18983
2	133	1.24355
2	141	0.72002
2	154	0.7525
2	159	0.751973
2	177	0.631243
2	180	0.745838
3	107	1.20227
3	112	1.18036
3	127	1.22637
3	131	0.661445
3	132	1.17201
3	133	0.719045
3	142	1.23436
3	145	1.17571
3	146	1.20904
3	159	0.753742
3	161	0.733535
3	167	0.735635
4	8	0.741091
4	58	0.645592
4	67	0.677517
4	152	0.745643
4	153	1.2038
4	155	1.20988
4	163	1.2001
4	164	0.783694
4	168	1.17815
4	169	1.19543
4	173	1.21971
4	180	1.19291
5	16	0.918521
5	42	1.06547
5	47	1.06546
5	49	1.01631
5	65	1.02809
5	71	0.996731
5	92	1.03063
5	97	1.12388
5	99	0.980324
5	139	1.07345
5	157	0.894084
5	177	0.804355
6	26	0.641203
6	101	0.775145
6	125	0.764196
6	136	0.694262
6	137	1.19525
6	143	0.725291
6	151	1.19399
6	156	1.17302
6	160	1.14053
6	164	1.17493
6	166	1.22992
6	177	1.29243
7	2	1.20814
7	8	1.19206
7	15	1.32033
7	20	0.621351
7	36	1.07183
7	67	1.2504
7	72	0.774796
7	89	1.17131
7	105	0.740605
7	135	1.18547
7	145	0.743608
7	170	0.723421
8	4	0.741091
8	7	1.19206
8	15	1.33932
8	28	1.14393
8	36	1.09082
8	67	1.26938
8	81	0.761057
8	89	1.19029
8	103	1.17375
8	151	0.697311
8	166	0.675797
8	170	0.725203
9	32	0.752185
9	56	0.692701
9	112	0.73082
9	129	0.70917
9	162	1.20763
9	164	0.710103
9	167	1.20408
9	168	1.17566
9	173	1.21723
9	176	1.19986
9	179	1.205
9	180	1.19042
10	88	0.79474
10	117	1.15406
10	142	0.671238
10	150	1.18318
10	151	1.23535
10	154	1.21329
10	155	0.72182
10	157	1.216
10	160	1.18189
10	164	1.21629
10	171	0.71868
10	179	0.696796
11	45	0.878979
11	109	0.968962
11	131	0.843769
11	137	1.03983
11	156	1.0176
11	157	1.01922
11	160	0.985106
11	164	1.01951
11	166	1.0745
11	174	1.10732
11	177	1.13701
11	178	0.912458
12	45	0.685653
12	90	1.07457
12	94	1.19483
12	95	1.12842
12	116	0.724568
12	152	1.16865
12	163	0.736672
12	174	1.25358
12	175	1.29676
12	177	1.28327
12	178	0.719132
12	180	0.736605
13	69	0.693607
13	80	0.756512
13	141	0.706516
13	149	1.18286
13	150	1.14835
13	151	1.20052
13	157	1.18117
13	163	0.7324
13	164	1.18146
13	166	1.23645
13	174	1.26927
13	178	0.71486
14	38	1.2413
14	70	1.13773
14	80	0.722784
14	83	1.15053
14	85	1.20644
14	86	1.32613
14	87	1.1205
14	117	0.72393
14	126	0.740769
14	143	1.21743
14	150	0.714903
14	171	0.700773
15	7	1.32033
15	8	1.33932
15	28	1.2722
15	36	1.21909
15	49	0.689907
15	61	0.636076
15	89	1.31857
15	99	0.689251
15	126	1.27472
15	133	1.35573
15	153	0.637481
15	164	0.630214
15	173	0.616238
16	5	0.918521
16	75	1.1028
16	90	1.01703
16	94	1.13729
16	95	1.07087
16	110	0.77521
16	111	0.706697
16	141	0.735811
16	152	1.11111
16	159	0.767763
16	174	1.19604
16	175	1.23922
16	177	1.22573
17	46	0.76253
17	79	1.15838
17	98	0.800918
17	108	1.1179
17	112	1.12249
17	132	1.11414
17	137	0.75958
17	140	1.14163
17	142	1.17649
17	145	1.11784
17	146	1.15117
17	176	0.792461
17	180	0.787045
18	103	0.829507
18	130	1.14917
18	131	0.743818
18	153	1.13824
18	155	1.14433
18	156	0.824106
18	163	1.13454
18	166	0.783985
18	172	1.11026
18	173	1.15416
18	177	0.715385
18	179	1.14193
18	180	1.12735
19	31	0.699214
19	52	0.628749
19	90	1.17457
19	94	1.29483
19	95	1.22842
19	144	0.661889
19	152	1.26865
19	169	0.661881
19	173	0.629994
19	174	1.35358
19	175	1.39676
19	177	1.38327
19	178	0.62416
20	7	0.621351
20	90	0.751172
20	103	0.662925
20	121	0.672391
20	138	1.26267
20	151	0.638918
20	169	1.30435
20	170	1.30652
20	171	1.32344
20	172	1.28473
20	177	0.548804
20	179	1.3164
20	180	1.30182
21	50	0.73455
21	115	0.792952
21	120	1.12745
21	129	0.828793
21	140	0.808565
21	155	1.14705
21	167	1.14373
21	168	1.11531
21	170	1.13478
21	173	1.15688
21	174	0.729061
21	179	1.14465
21	180	1.13007
22	23	0.821093
22	35	1.06783
22	44	1.13971
22	77	1.17803
22	85	1.14623
22	86	1.26593
22	87	1.0603
22	101	1.0848
22	142	0.754717
22	143	1.15723
22	164	0.802329
22	169	0.82024
22	174	0.701664
23	22	0.821093
23	24	0.771822
23	47	0.754003
23	69	1.18881
23	109	1.11498
23	146	0.771744
23	158	0.776597
23	168	1.1168
23	169	1.13408
23	171	1.15318
23	172	1.11447
23	179	1.14614
23	180	1.13156
24	23	0.771822
24	43	0.764776
24	70	0.794735
24	87	0.819741
24	110	1.12511
24	123	1.13639
24	125	1.12728
24	132	1.11616
24	140	1.14365
24	142	1.17852
24	145	1.11986
24	146	1.15319
24	180	0.75072
25	60	0.622807
25	99	1.25924
25	106	0.671377
25	116	0.630137
25	145	0.665772
25	147	0.644357
25	150	0.658471
25	162	1.32244
25	168	1.29046
25	172	1.28814
25	176	1.31466
25	179	1.31981
25	180	1.30523
26	6	0.641203
26	125	1.28314
26	127	1.32638
26	132	1.27202
26	133	0.625351
26	140	1.29951
26	142	1.33437
26	145	1.27572
26	146	1.30905
26	154	0.660575
26	166	0.607918
26	168	0.693343
26	169	0.674161
27	37	0.751869
27	67	0.735337
27	76	0.774535
27	95	0.838359
27	163	1.1345
27	166	0.793181
27	167	1.14096
27	170	1.132
27	171	1.14893
27	172	1.11021
27	173	1.15411
27	178	1.1519
27	180	1.1273
28	2	1.16002
28	8	1.14393
28	15	1.2722
28	36	1.02371
28	77	0.757845
28	89	1.12318
28	126	1.07933
28	133	1.16035
28	135	1.13734
28	141	0.77064
28	151	0.771977
28	153	0.806062
28	180	0.796458
29	108	1.12206
29	112	1.12664
29	125	1.12941
29	126	0.851133
29	132	1.11829
29	140	1.14578
29	142	1.18065
29	145	1.12199
29	146	1.15532
29	161	0.794897
29	166	0.762974
29	173	0.79733
29	177	0.694374
30	74	0.828077
30	75	1.1028
30	79	0.757848
30	90	1.01703
30	94	1.13729
30	95	1.07087
30	113	0.758118
30	152	1.11111
30	168	0.804412
30	173	0.753343
30	174	1.19604
30	175	1.23922
30	177	1.22573
31	19	0.699214
31	38	0.717716
31	40	0.892257
31	134	0.864039
31	135	1.15209
31	153	1.13684
31	163	1.13314
31	169	1.12847
31	171	1.14757
31	174	0.72131
31	176	1.13538
31	179	1.14053
31	180	1.12595
32	1	0.759795
32	9	0.752185
32	73	0.785834
32	104	0.809382
32	149	1.12718
32	150	1.09267
32	151	1.14485
32	156	1.12387
32	160	1.09138
32	161	0.792404
32	164	1.12578
32	166	1.18077
32	174	1.21359
33	89	0.749056
33	109	0.792732
33	126	0.795865
33	129	1.15226
33	134	1.10443
33	141	1.1501
33	144	0.773957
33	147	1.13063
33	148	1.13091
33	158	1.14983
33	161	1.15313
33	165	1.12886
33	168	0.793132
34	63	0.836605
34	72	1.02357
34	104	1.09622
34	122	0.833152
34	134	1.04786
34	138	0.873003
34	141	1.09353
34	147	1.07406
34	148	1.07433
34	161	1.09656
34	165	1.07229
34	173	0.82463
34	175	1.22166
34	180	0.836269
35	22	1.06783
35	44	1.10088
35	70	1.0387
35	77	1.1392
35	83	1.0515
35	85	1.1074
35	86	1.2271
35	87	1.02147
35	98	0.871453
35	101	1.04598
35	111	0.802648
35	117	0.882905
35	136	0.802495
35	167	0.845607
36	2	1.10691
36	7	1.07183
36	8	1.09082
36	15	1.21909
36	28	1.02371
36	70	0.904924
36	89	1.07007
36	126	1.02622
36	133	1.10724
36	135	1.08423
36	158	0.854348
36	162	0.836041
36	177	0.746314
36	180	0.860909
37	27	0.751869
37	44	1.24795
37	70	1.18577
37	77	1.28627
37	83	1.19857
37	85	1.25447
37	87	1.16854
37	101	1.19304
37	109	0.713781
37	115	0.640313
37	120	0.722517
37	130	0.70231
37	143	1.26547
37	180	0.67475
38	14	1.2413
38	31	0.717716
38	44	1.21415
38	77	1.25246
38	83	1.16476
38	85	1.22067
38	86	1.34036
38	87	1.13473
38	108	0.707381
38	114	0.759118
38	120	0.707902
38	143	1.23166
38	161	0.646063
38	176	0.665551
39	55	1.11446
39	68	0.768947
39	115	1.10122
39	117	1.03215
39	149	1.09578
39	150	1.06127
39	154	1.09138
39	160	1.05998
39	163	0.866403
39	164	1.09438
39	166	1.14937
39	170	0.869748
39	173	0.854697
39	179	0.84662
40	31	0.892257
40	90	0.972176
40	95	1.02602
40	141	0.808858
40	149	1.06478
40	160	1.02898
40	164	1.06338
40	165	0.845584
40	166	1.11837
40	170	0.838087
40	174	1.15119
40	175	1.19437
40	177	1.18088
40	178	0.817202
41	64	0.695493
41	125	0.713991
41	127	0.687628
41	138	1.18789
41	145	0.722739
41	151	0.67466
41	164	0.701478
41	167	1.2407
41	168	1.21228
41	170	1.23174
41	172	1.20995
41	173	1.25385
41	176	1.23647
41	180	1.22704
42	5	1.06547
42	43	1.17832
42	47	1.19734
42	49	1.14819
42	61	0.757087
42	62	1.20359
42	65	1.15997
42	71	1.12861
42	92	1.16251
42	97	1.25576
42	109	0.787919
42	143	0.724833
42	150	0.765186
42	167	0.736916
42	178	0.731415
43	24	0.764776
43	42	1.17832
43	47	1.1783
43	62	1.18455
43	66	1.13473
43	67	0.672273
43	71	1.10958
43	92	1.14348
43	97	1.23673
43	103	1.14787
43	139	1.18629
43	162	0.751244
43	163	0.776179
43	176	0.781529
43	179	0.756397
44	22	1.13971
44	35	1.10088
44	37	1.24795
44	38	1.21415
44	49	0.779641
44	74	0.780707
44	77	1.21108
44	83	1.12338
44	84	0.750042
44	85	1.17929
44	87	1.09335
44	143	1.19028
44	155	0.722919
44	165	0.72852
44	169	0.73786
45	11	0.878979
45	12	0.685653
45	51	0.786171
45	81	0.75037
45	116	1.15815
45	118	1.08726
45	119	1.16335
45	131	1.21515
45	148	1.13631
45	151	0.686624
45	161	1.15853
45	163	0.711171
45	165	1.13426
45	175	1.28364
45	178	1.16325
46	17	0.76253
46	67	1.23682
46	72	0.792329
46	82	0.774152
46	89	1.15773
46	100	0.710051
46	111	1.20862
46	126	1.11389
46	135	1.17189
46	137	0.710078
46	148	0.745788
46	153	1.15664
46	169	1.14828
46	179	1.16033
46	180	1.14575
47	5	1.06546
47	23	0.754003
47	42	1.19734
47	43	1.1783
47	49	1.14818
47	62	1.20357
47	65	1.15995
47	71	1.1286
47	92	1.1625
47	97	1.25575
47	126	0.775066
47	130	0.760462
47	135	0.72613
47	160	0.753834
47	170	0.736313
48	75	1.2778
48	90	1.19203
48	94	1.31229
48	95	1.24587
48	98	0.63526
48	114	0.72037
48	126	0.663551
48	148	0.629632
48	152	1.28611
48	159	0.627522
48	174	1.37104
48	175	1.41422
48	176	0.626803
48	177	1.40073
48	179	0.601671
49	5	1.01631
49	15	0.689907
49	42	1.14819
49	44	0.779641
49	47	1.14818
49	53	0.810716
49	62	1.15442
49	65	1.11081
49	66	1.1046
49	71	1.07945
49	92	1.11335
49	97	1.2066
49	101	0.849885
49	103	1.11774
49	144	0.844343
49	155	0.829394
50	21	0.73455
50	67	1.32399
50	89	1.24491
50	93	1.20477
50	103	1.22836
50	110	0.6828
50	127	0.657705
50	130	0.696778
50	135	1.25907
50	147	1.2303
50	148	1.23058
50	158	1.2495
50	165	1.22853
50	170	0.67263
50	172	0.691428
50	180	0.669218
51	45	0.786171
51	55	1.12134
51	113	1.11198
51	133	0.808562
51	135	0.830352
51	149	1.10267
51	150	1.06816
51	151	1.12033
51	154	1.09827
51	157	1.10098
51	164	1.10127
51	166	1.15626
51	171	0.839292
51	175	0.723258
51	177	1.21877
51	179	0.817408
52	19	0.628749
52	106	1.1682
52	118	1.11757
52	124	1.23476
52	136	0.694088
52	144	0.769429
52	147	1.16635
52	148	1.16662
52	153	0.758777
52	158	1.18554
52	161	1.18885
52	164	0.75151
52	165	1.16458
52	170	0.752584
52	175	1.31395
52	178	1.19356
52	180	0.749173
53	49	0.810716
53	73	1.24275
53	88	1.11446
53	103	0.748212
53	105	1.18908
53	115	0.714249
53	119	0.714719
53	152	0.712972
53	162	1.19682
53	165	0.759595
53	167	1.19327
53	169	1.18214
53	171	1.20123
53	173	1.20642
53	175	0.63482
53	179	1.19419
53	180	1.17961
54	111	1.23844
54	116	0.750579
54	124	0.702771
54	130	1.19739
54	136	1.24203
54	138	1.13642
54	140	0.743792
54	149	0.755686
54	152	0.726902
54	161	0.748544
54	167	1.18923
54	170	1.18027
54	171	1.19719
54	172	1.15848
54	174	0.664288
54	176	1.185
54	180	1.17557
55	39	1.11446
55	51	1.12134
55	66	0.737429
55	78	1.18378
55	95	0.722291
55	102	1.12798
55	137	1.21397
55	138	0.759842
55	143	0.699052
55	153	0.732712
55	156	1.19173
55	157	1.19335
55	164	1.19364
55	166	1.24863
55	176	0.728524
55	177	1.31114
55	180	0.723108
56	9	0.692701
56	88	0.82522
56	91	1.25629
56	100	1.21987
56	107	1.1777
56	110	1.15638
56	123	1.16767
56	127	1.2018
56	140	1.17492
56	142	1.20979
56	145	1.15114
56	146	1.18447
56	157	0.722127
56	159	0.753127
56	171	0.74916
56	175	0.633126
56	179	0.727276
57	63	0.730114
57	70	0.773793
57	104	0.732684
57	113	1.18071
57	141	0.703961
57	149	1.17141
57	150	1.1369
57	154	1.16701
57	156	1.1681
57	160	1.1356
57	164	1.17001
57	166	1.22499
57	167	0.717806
57	173	0.718139
57	174	1.25782
57	177	1.28751
57	180	0.729778
58	4	0.645592
58	63	0.626628
58	65	1.29253
58	92	1.29508
58	97	1.38832
58	106	0.655495
58	120	0.674059
58	128	1.26088
58	139	1.33789
58	155	0.6316
58	157	1.31773
58	160	1.28362
58	163	0.626359
58	164	1.31802
58	167	0.61432
58	174	1.40583
58	176	0.631708
59	71	0.794599
59	74	1.13762
59	83	0.781706
59	86	0.652765
59	121	0.756693
59	124	0.687855
59	136	1.24966
59	141	0.721883
59	153	1.19409
59	162	1.20041
59	166	0.701706
59	168	1.16844
59	172	1.16611
59	173	1.21001
59	176	1.19264
59	179	1.19778
59	180	1.1832
60	25	0.622807
60	90	0.830463
60	107	0.73691
60	137	1.19627
60	143	0.718635
60	149	1.17735
60	150	1.14284
60	151	1.19501
60	154	1.17295
60	156	1.17404
60	157	1.17566
60	160	1.14155
60	166	1.23094
60	171	0.744858
60	177	1.29345
60	178	0.725217
60	179	0.722975
61	15	0.636076
61	42	0.757087
61	110	0.783838
61	128	1.1267
61	143	0.7462
61	150	1.15073
61	151	1.2029
61	154	1.18084
61	156	1.18193
61	157	1.18355
61	160	1.14944
61	163	0.770323
61	164	1.18384
61	166	1.23883
61	175	0.65639
61	177	1.30134
61	178	0.752783
62	42	1.20359
62	43	1.18455
62	47	1.20357
62	49	1.15442
62	64	1.2035
62	71	1.13484
62	92	1.16875
62	97	1.26199
62	100	0.706264
62	103	1.17313
62	119	0.699788
62	139	1.21156
62	146	0.72234
62	158	0.727193
62	169	0.754003
62	172	0.755965
62	180	0.733755
63	34	0.836605
63	57	0.730114
63	58	0.626628
63	115	0.727956
63	148	0.770639
63	149	0.755463
63	153	1.18996
63	163	1.18626
63	167	1.19273
63	169	1.1816
63	170	1.18377
63	171	1.20069
63	175	0.648527
63	176	1.1885
63	178	1.20367
63	179	1.19365
63	180	1.17907
64	41	0.695493
64	62	1.2035
64	71	1.12852
64	92	1.16243
64	97	1.25568
64	131	1.24788
64	133	0.729847
64	134	1.14256
64	137	0.730944
64	139	1.20524
64	159	0.764544
64	161	1.19126
64	164	0.760746
64	165	1.16699
64	174	0.66008
64	178	1.19598
64	180	0.758409
65	5	1.02809
65	42	1.15997
65	47	1.15995
65	49	1.11081
65	58	1.29253
65	66	1.11638
65	71	1.09122
65	92	1.12513
65	97	1.21838
65	99	0.818802
65	103	1.12952
65	114	0.85641
65	129	0.758831
65	134	0.801828
65	139	1.16794
65	152	0.721714
65	168	0.796858
65	177	0.642832
66	43	1.13473
66	49	1.1046
66	55	0.737429
66	65	1.11638
66	71	1.08502
66	90	1.05067
66	92	1.11892
66	95	1.10451
66	103	1.12331
66	118	0.8337
66	159	0.782513
66	162	0.751509
66	167	0.764405
66	174	1.22968
66	175	1.27286
66	177	1.25937
66	178	0.758905
66	180	0.776378
67	2	1.28547
67	4	0.677517
67	7	1.2504
67	8	1.26938
67	27	0.735337
67	43	0.672273
67	46	1.23682
67	50	1.32399
67	89	1.24863
67	103	1.23208
67	126	1.20478
67	133	1.2858
67	135	1.26279
67	159	0.664353
67	166	0.612223
67	168	0.697648
67	172	0.680428
67	176	0.663634
68	39	0.768947
68	75	0.656686
68	88	1.19153
68	107	0.658888
68	113	0.657805
68	129	0.666072
68	132	0.698532
68	143	1.28779
68	162	1.2739
68	164	0.667005
68	166	0.618673
68	167	1.27034
68	169	1.25921
68	172	1.2396
68	173	1.28349
68	176	1.26612
68	179	1.27127
68	180	1.25669
69	13	0.693607
69	23	1.18881
69	72	0.778118
69	83	0.757336
69	92	0.743055
69	108	0.770577
69	120	1.20021
69	127	0.711818
69	131	0.637169
69	159	1.21675
69	167	1.21648
69	169	1.20535
69	171	1.22445
69	172	1.18574
69	173	1.22964
69	175	0.609465
69	176	1.21226
69	179	1.21741
69	180	1.20283
70	14	1.13773
70	24	0.794735
70	35	1.0387
70	36	0.904924
70	37	1.18577
70	57	0.773793
70	83	1.0612
70	86	1.2368
70	87	1.03117
70	137	0.778608
70	140	0.787248
70	144	1.08531
70	145	0.82967
70	160	0.827005
70	168	1.08223
70	170	1.10169
70	171	1.11861
70	173	1.1238
70	180	1.09699
71	5	0.996731
71	42	1.12861
71	43	1.10958
71	47	1.1286
71	49	1.07945
71	59	0.794599
71	62	1.13484
71	64	1.12852
71	65	1.09122
71	66	1.08502
71	92	1.09377
71	97	1.18702
71	102	0.836655
71	122	0.805838
71	139	1.13659
71	169	0.829203
71	170	0.812366
71	172	0.831165
71	178	0.791482
72	7	0.774796
72	34	1.02357
72	46	0.792329
72	69	0.778118
72	83	0.850849
72	93	1.06432
72	117	0.842169
72	121	1.09472
72	129	1.11148
72	131	1.16897
72	134	1.06365
72	141	1.10932
72	145	0.840442
72	158	1.10905
72	161	1.11235
72	165	1.08808
72	175	1.23745
72	176	0.82226
72	178	1.11707
73	32	0.785834
73	53	1.24275
73	85	0.723576
73	99	1.16273
73	120	1.20609
73	138	1.16956
73	142	0.69614
73	148	0.749661
73	155	1.22569
73	157	0.716549
73	163	1.2159
73	165	0.752324
73	172	1.19162
73	173	1.23552
73	174	0.643087
73	176	1.21814
73	177	0.62682
73	179	1.22329
73	180	1.20871
74	30	0.828077
74	44	0.780707
74	59	1.13762
74	79	0.818019
74	112	0.848207
74	138	1.06083
74	152	0.789439
74	155	1.11697
74	156	0.819279
74	161	0.811081
74	162	1.1172
74	163	1.10718
74	168	1.08523
74	169	1.10252
74	171	1.12161
74	173	1.1268
74	176	1.10942
74	179	1.11457
74	180	1.09999
75	16	1.1028
75	30	1.1028
75	48	1.2778
75	68	0.656686
75	86	0.65914
75	90	1.07694
75	94	1.1972
75	95	1.13078
75	118	0.811398
75	127	0.742562
75	139	0.72861
75	143	0.73002
75	144	0.774332
75	152	1.17102
75	174	1.25595
75	175	1.29913
75	177	1.28564
76	27	0.774535
76	78	0.69022
76	84	1.18206
76	93	1.18066
76	96	1.19973
76	119	1.23352
76	125	0.712266
76	134	1.18
76	135	0.690644
76	141	1.22566
76	144	0.717672
76	148	1.20647
76	158	1.22539
76	159	0.703551
76	161	1.2287
76	163	0.697482
76	165	1.20443
76	169	0.717664
76	178	1.23342
77	22	1.17803
77	28	0.757845
77	35	1.1392
77	37	1.28627
77	38	1.25246
77	44	1.21108
77	83	1.1617
77	85	1.2176
77	86	1.3373
77	87	1.13167
77	91	0.649185
77	101	1.15617
77	116	0.711407
77	128	0.781603
77	143	1.22859
77	147	0.725627
77	149	0.716514
77	171	0.725612
77	174	0.625116
78	55	1.18378
78	76	0.69022
78	93	0.748964
78	102	1.09805
78	113	1.17441
78	121	0.763853
78	122	1.13622
78	128	1.10657
78	137	1.18403
78	139	0.729396
78	144	0.775117
78	149	1.16511
78	154	1.16071
78	156	1.1618
78	160	1.1293
78	166	1.21869
78	167	0.742888
78	168	0.794291
78	176	0.760277
78	177	1.28121
79	17	1.15838
79	30	0.757848
79	74	0.818019
79	108	1.14962
79	110	1.15481
79	112	1.15421
79	123	1.16609
79	125	1.15698
79	127	1.20022
79	132	1.14586
79	134	0.799324
79	140	1.17335
79	142	1.20821
79	145	1.14956
79	146	1.18289
79	162	0.730055
79	172	0.777134
79	173	0.743285
79	175	0.641058
79	179	0.735208
80	13	0.756512
80	14	0.722784
80	94	0.709338
80	102	0.813935
80	120	1.15257
80	136	1.22165
80	140	0.767411
80	142	0.740961
80	155	1.17217
80	165	0.797144
80	167	1.16885
80	168	1.14043
80	169	1.15772
80	171	1.17682
80	172	1.1381
80	173	1.182
80	174	0.687907
80	176	1.16463
80	179	1.16977
80	180	1.15519
81	8	0.761057
81	45	0.75037
81	93	0.795426
81	112	0.824376
81	136	1.21735
81	139	1.18476
81	143	1.182
81	161	0.787251
81	168	1.13613
81	169	1.15342
81	170	1.15559
81	171	1.17251
81	172	1.1338
81	173	1.1777
81	174	0.702995
81	175	0.687457
81	176	1.16032
81	177	0.686728
81	178	1.17549
81	180	1.15089
82	46	0.774152
82	91	1.20595
82	100	1.16953
82	103	0.798193
82	107	1.12736
82	108	1.10086
82	110	1.10604
82	112	1.10545
82	117	0.823992
82	123	1.11733
82	126	0.840831
82	127	1.15146
82	132	1.0971
82	140	1.12459
82	142	1.15945
82	145	1.1008
82	146	1.13413
82	152	0.762953
82	168	0.838097
82	177	0.684072
82	179	0.778951
83	1	1.15557
83	14	1.15053
83	35	1.0515
83	37	1.19857
83	38	1.16476
83	44	1.12338
83	59	0.781706
83	69	0.757336
83	70	1.0612
83	72	0.850849
83	77	1.1617
83	85	1.1299
83	86	1.2496
83	87	1.04397
83	96	0.793103
83	101	1.06847
83	107	0.790282
83	115	0.761625
83	119	0.762095
83	143	1.14089
83	155	0.801369
84	44	0.750042
84	76	1.18206
84	93	1.09066
84	96	1.10973
84	104	1.13836
84	106	1.11805
84	118	1.06742
84	120	0.842254
84	129	1.13783
84	133	0.765926
84	134	1.09
84	139	0.769022
84	141	1.13566
84	143	0.770432
84	148	1.11647
84	158	1.13539
84	165	1.11443
84	172	0.816698
84	175	1.2638
84	176	0.799903
84	180	0.794488
85	1	1.21147
85	14	1.20644
85	22	1.14623
85	35	1.1074
85	37	1.25447
85	38	1.22067
85	44	1.17929
85	73	0.723576
85	77	1.2176
85	83	1.1299
85	86	1.3055
85	87	1.09987
85	101	1.12438
85	103	0.743744
85	108	0.791465
85	109	0.783249
85	120	0.791985
85	143	1.1968
85	174	0.64589
85	175	0.630353
85	176	0.749634
85	180	0.744218
86	1	1.33117
86	14	1.32613
86	22	1.26593
86	35	1.2271
86	38	1.34036
86	59	0.652765
86	70	1.2368
86	75	0.65914
86	77	1.3373
86	83	1.2496
86	85	1.3055
86	87	1.21957
86	92	0.686846
86	101	1.24407
86	102	0.694822
86	104	0.670027
86	109	0.706153
86	111	0.61219
86	136	0.612037
86	143	1.31649
86	162	0.642253
86	171	0.66929
87	1	1.12554
87	14	1.1205
87	22	1.0603
87	24	0.819741
87	35	1.02147
87	37	1.16854
87	38	1.13473
87	44	1.09335
87	70	1.03117
87	77	1.13167
87	83	1.04397
87	85	1.09987
87	86	1.21957
87	101	1.03844
87	117	0.856403
87	118	0.8884
87	143	1.11087
87	144	0.851334
87	166	0.785083
87	174	0.73275
87	176	0.836494
87	180	0.831078
88	10	0.79474
88	53	1.11446
88	56	0.82522
88	68	1.19153
88	97	0.770272
88	117	0.86561
88	121	0.849277
88	133	1.12957
88	140	0.821461
88	141	0.814467
88	150	0.856583
88	155	1.0974
88	162	1.09763
88	168	1.06566
88	169	1.08295
88	170	1.08512
88	171	1.10204
88	172	1.06333
88	176	1.08985
88	178	1.10502
88	179	1.095
88	180	1.08042
89	2	1.20638
89	7	1.17131
89	8	1.19029
89	15	1.31857
89	28	1.12318
89	33	0.749056
89	36	1.07007
89	46	1.15773
89	50	1.24491
89	67	1.24863
89	103	1.153
89	105	0.778007
89	126	1.1257
89	133	1.20671
89	135	1.1837
89	155	0.762719
89	165	0.768321
89	167	0.745439
89	170	0.760823
89	174	0.659084
89	175	0.643546
89	179	0.737696
90	12	1.07457
90	16	1.01703
90	19	1.17457
90	20	0.751172
90	30	1.01703
90	40	0.972176
90	48	1.19203
90	60	0.830463
90	66	1.05067
90	75	1.07694
90	94	1.11142
90	95	1.04501
90	96	0.84687
90	110	0.863411
90	111	0.794898
90	152	1.08525
90	159	0.855965
90	174	1.17018
90	175	1.21335
90	177	1.19987
90	178	0.832356
90	179	0.830114
91	56	1.25629
91	77	0.649185
91	82	1.20595
91	100	1.2829
91	105	0.708393
91	107	1.24073
91	108	1.21423
91	123	1.2307
91	125	1.22159
91	127	1.26483
91	128	0.745957
91	130	0.715358
91	132	1.21047
91	135	0.681026
91	140	1.23795
91	142	1.27282
91	145	1.21417
91	146	1.2475
91	159	0.693933
91	162	0.662929
91	167	0.675825
91	169	0.708046
91	178	0.670325
92	5	1.03063
92	42	1.16251
92	43	1.14348
92	47	1.1625
92	49	1.11335
92	58	1.29508
92	62	1.16875
92	64	1.16243
92	65	1.12513
92	66	1.11892
92	69	0.743055
92	71	1.09377
92	86	0.686846
92	93	0.775884
92	97	1.22092
92	103	1.13206
92	119	0.747814
92	134	0.826181
92	139	1.17049
92	157	0.756915
92	159	0.787916
92	172	0.803991
92	173	0.770142
93	50	1.20477
93	72	1.06432
93	76	1.18066
93	78	0.748964
93	81	0.795426
93	84	1.09066
93	92	0.775884
93	97	0.686147
93	99	0.817534
93	100	0.728669
93	104	1.13696
93	109	0.795191
93	116	1.13692
93	121	1.11968
93	123	0.771589
93	124	1.18322
93	130	0.78372
93	131	1.19392
93	158	1.134
93	161	1.13731
93	165	1.11303
93	175	1.26241
93	178	1.14202
94	12	1.19483
94	16	1.13729
94	19	1.29483
94	30	1.13729
94	48	1.31229
94	75	1.1972
94	80	0.709338
94	90	1.11142
94	95	1.16527
94	103	0.684686
94	106	0.714363
94	112	0.708214
94	123	0.700589
94	125	0.70001
94	144	0.705416
94	152	1.2055
94	174	1.29043
94	175	1.33361
94	176	0.690576
94	177	1.32012
94	180	0.68516
95	12	1.12842
95	16	1.07087
95	19	1.22842
95	27	0.838359
95	30	1.07087
95	40	1.02602
95	48	1.24587
95	55	0.722291
95	66	1.10451
95	75	1.13078
95	90	1.04501
95	94	1.16527
95	121	0.770233
95	133	0.732678
95	134	0.805641
95	136	0.706155
95	138	0.797974
95	152	1.13909
95	154	0.767902
95	163	0.761307
95	174	1.22402
95	175	1.2672
95	177	1.25371
96	76	1.19973
96	83	0.793103
96	84	1.10973
96	90	0.84687
96	98	1.1254
96	106	1.13572
96	118	1.0851
96	121	1.13875
96	123	0.774526
96	136	0.704012
96	140	0.740273
96	141	1.15334
96	143	0.735042
96	147	1.13387
96	148	1.13415
96	158	1.15307
96	160	0.78003
96	161	1.15637
96	165	1.1321
96	172	0.781308
96	173	0.747459
96	175	1.28148
96	178	1.16109
97	5	1.12388
97	42	1.25576
97	43	1.23673
97	47	1.25575
97	49	1.2066
97	58	1.38832
97	62	1.26199
97	64	1.25568
97	65	1.21838
97	71	1.18702
97	88	0.770272
97	92	1.22092
97	93	0.686147
97	103	1.22531
97	139	1.26374
97	153	0.701648
97	154	0.698705
97	158	0.685482
97	164	0.694381
97	170	0.695455
97	171	0.694212
97	176	0.69746
97	177	0.577449
98	17	0.800918
98	35	0.871453
98	48	0.63526
98	96	1.1254
98	110	0.789512
98	116	1.15397
98	118	1.08309
98	121	1.13673
98	127	0.764418
98	129	1.15349
98	131	1.21098
98	134	1.10566
98	136	0.720846
98	141	1.15133
98	147	1.13186
98	148	1.13214
98	152	1.15136
98	153	0.785534
98	156	0.770056
98	161	1.15436
98	165	1.13009
98	167	0.763958
98	175	1.27946
99	5	0.980324
99	15	0.689251
99	25	1.25924
99	65	0.818802
99	73	1.16273
99	93	0.817534
99	100	0.79594
99	120	1.09697
99	131	0.737269
99	140	0.804607
99	160	0.844364
99	162	1.1168
99	163	1.10678
99	167	1.11324
99	168	1.08483
99	169	1.10212
99	170	1.10429
99	171	1.12121
99	172	1.0825
99	173	1.1264
99	176	1.10902
99	177	0.708836
99	179	1.11417
99	180	1.09959
100	46	0.710051
100	56	1.21987
100	62	0.706264
100	82	1.16953
100	91	1.2829
100	93	0.728669
100	99	0.79594
100	107	1.20431
100	108	1.17782
100	110	1.183
100	112	1.1824
100	123	1.19428
100	124	0.674721
100	125	1.18517
100	132	1.17405
100	136	0.679481
100	140	1.20154
100	142	1.23641
100	145	1.17775
100	146	1.21108
100	158	0.728004
100	159	0.740701
100	167	0.722593
100	178	0.717092
101	6	0.775145
101	22	1.0848
101	35	1.04598
101	37	1.19304
101	49	0.849885
101	77	1.15617
101	83	1.06847
101	85	1.12438
101	86	1.24407
101	87	1.03844
101	104	1.12381
101	116	1.12376
101	129	1.12327
101	132	0.821719
101	138	0.824589
101	151	0.763374
101	158	1.12084
101	160	0.808788
101	161	1.12415
101	162	0.762987
101	165	1.09987
101	168	0.827286
101	178	1.12886
101	179	0.768139
102	55	1.12798
102	71	0.836655
102	78	1.09805
102	80	0.813935
102	86	0.694822
102	114	0.88874
102	121	0.798749
102	128	1.05077
102	137	1.12823
102	149	1.10931
102	150	1.0748
102	151	1.12697
102	154	1.10491
102	156	1.106
102	157	1.10762
102	160	1.07351
102	163	0.789823
102	164	1.10791
102	166	1.16289
102	167	0.777784
102	171	0.791925
102	172	0.811967
102	174	1.19572
102	177	1.22541
103	2	1.18983
103	8	1.17375
103	18	0.829507
103	20	0.662925
103	43	1.14787
103	49	1.11774
103	50	1.22836
103	53	0.748212
103	62	1.17313
103	65	1.12952
103	66	1.12331
103	67	1.23208
103	82	0.798193
103	85	0.743744
103	89	1.153
103	92	1.13206
103	94	0.684686
103	97	1.22531
103	126	1.10915
103	133	1.19016
103	139	1.17488
103	161	0.747512
103	172	0.783793
103	179	0.741867
103	180	0.761583
104	32	0.809382
104	34	1.09622
104	57	0.732684
104	84	1.13836
104	86	0.670027
104	93	1.13696
104	101	1.12381
104	106	1.16435
104	120	0.81273
104	121	1.16737
104	129	1.18413
104	134	1.1363
104	147	1.1625
104	148	1.16278
104	155	0.77027
104	158	1.1817
104	159	0.771098
104	161	1.185
104	165	1.16073
104	167	0.75299
104	171	0.767131
104	173	0.753324
104	174	0.666635
104	175	1.3101
104	178	1.18972
105	7	0.740605
105	53	1.18908
105	89	0.778007
105	91	0.708393
105	109	1.13846
105	131	0.69649
105	136	1.2215
105	144	1.14336
105	147	0.784836
105	149	0.775722
105	153	1.16593
105	155	1.17202
105	160	0.803585
105	162	1.17225
105	163	1.16223
105	164	0.784989
105	166	0.736657
105	167	1.16869
105	169	1.15757
105	172	1.13795
105	173	1.18185
105	174	0.684324
105	176	1.16447
105	179	1.16962
105	180	1.15504
106	25	0.671377
106	52	1.1682
106	58	0.655495
106	84	1.11805
106	94	0.714363
106	96	1.13572
106	104	1.16435
106	107	0.78548
106	111	0.736329
106	119	1.16951
106	124	1.2106
106	135	0.784488
106	138	0.827994
106	139	0.765795
106	141	1.16165
106	147	1.14219
106	148	1.14246
106	152	1.16168
106	155	0.796568
106	158	1.16138
106	161	1.16469
106	165	1.14042
106	175	1.28979
106	178	1.16941
106	179	0.771544
107	3	1.20227
107	56	1.1777
107	60	0.73691
107	68	0.658888
107	82	1.12736
107	83	0.790282
107	91	1.24073
107	100	1.20431
107	106	0.78548
107	108	1.13565
107	110	1.14083
107	120	0.804044
107	123	1.15211
107	125	1.143
107	126	0.798441
107	127	1.18625
107	132	1.13188
107	140	1.15937
107	142	1.19424
107	145	1.13558
107	146	1.16891
107	152	0.720563
107	166	0.710282
107	176	0.761693
107	179	0.736561
108	17	1.1179
108	29	1.12206
108	38	0.707381
108	69	0.770577
108	79	1.14962
108	82	1.10086
108	85	0.791465
108	91	1.21423
108	100	1.17782
108	107	1.13565
108	110	1.11433
108	112	1.11373
108	123	1.12561
108	125	1.1165
108	127	1.15975
108	137	0.781839
108	140	1.13287
108	142	1.16774
108	145	1.10908
108	146	1.14242
108	148	0.817549
108	158	0.802742
108	163	0.80937
108	164	0.811641
108	177	0.694708
108	180	0.809303
109	11	0.968962
109	23	1.11498
109	33	0.792732
109	37	0.713781
109	42	0.787919
109	85	0.783249
109	86	0.706153
109	93	0.795191
109	105	1.13846
109	119	0.767121
109	130	1.15082
109	135	1.15514
109	149	0.794158
109	159	1.14292
109	162	1.14621
109	167	1.14265
109	168	1.11423
109	169	1.13152
109	170	1.1337
109	171	1.15062
109	172	1.1119
109	173	1.1558
109	175	0.687222
109	176	1.13843
109	179	1.14358
109	180	1.129
110	16	0.77521
110	24	1.12511
110	50	0.6828
110	56	1.15638
110	61	0.783838
110	79	1.15481
110	82	1.10604
110	90	0.863411
110	98	0.789512
110	100	1.183
110	107	1.14083
110	108	1.11433
110	112	1.11891
110	123	1.1308
110	125	1.12168
110	127	1.16493
110	132	1.11056
110	140	1.13805
110	142	1.17292
110	144	0.795895
110	145	1.11426
110	146	1.1476
110	150	0.791936
110	154	0.7823
110	170	0.77905
110	178	0.758165
111	16	0.706697
111	35	0.802648
111	46	1.20862
111	54	1.23844
111	86	0.61219
111	90	0.794898
111	106	0.736329
111	122	0.704008
111	124	0.64728
111	129	0.708529
111	137	0.679661
111	138	1.16929
111	144	1.19677
111	152	0.671412
111	155	1.22542
111	160	0.728058
111	162	1.22565
111	167	1.2221
111	168	1.19368
111	169	1.21097
111	172	1.19135
111	173	1.23525
111	176	1.21788
111	178	1.23304
111	179	1.22303
111	180	1.20845
112	3	1.18036
112	9	0.73082
112	17	1.12249
112	29	1.12664
112	74	0.848207
112	79	1.15421
112	81	0.824376
112	82	1.10545
112	94	0.708214
112	100	1.1824
112	108	1.11373
112	110	1.11891
112	116	0.773074
112	120	0.832878
112	123	1.1302
112	125	1.12109
112	127	1.16433
112	132	1.10997
112	140	1.13746
112	142	1.17232
112	145	1.11367
112	146	1.147
112	169	0.805359
112	172	0.807321
112	174	0.686783
112	180	0.785111
113	30	0.758118
113	51	1.11198
113	57	1.18071
113	68	0.657805
113	78	1.17441
113	115	1.19112
113	117	1.12204
113	122	1.15679
113	139	0.729728
113	144	0.77545
113	147	0.757377
113	149	1.18567
113	150	1.15117
113	151	1.20334
113	154	1.18128
113	156	1.18236
113	157	1.18398
113	160	1.14987
113	164	1.18427
113	166	1.23926
113	168	0.794624
113	169	0.775442
113	173	0.743555
113	175	0.641328
113	177	1.30178
113	178	0.73772
113	179	0.735478
114	38	0.759118
114	48	0.72037
114	65	0.85641
114	102	0.88874
114	115	0.826603
114	130	1.12025
114	136	1.16489
114	141	0.835223
114	147	0.863224
114	151	0.836559
114	153	1.10932
114	155	1.11541
114	162	1.11564
114	163	1.10562
114	167	1.11209
114	168	1.08367
114	169	1.10096
114	170	1.10313
114	171	1.12005
114	172	1.08134
114	173	1.12524
114	174	0.762712
114	175	0.747175
114	176	1.10786
114	178	1.12303
114	179	1.11301
114	180	1.09843
115	21	0.792952
115	37	0.640313
115	39	1.10122
115	53	0.714249
115	63	0.727956
115	83	0.761625
115	113	1.19112
115	114	0.826603
115	117	1.11818
115	122	1.15292
115	128	1.12327
115	137	1.20073
115	147	0.729804
115	150	1.1473
115	151	1.19947
115	152	0.691906
115	153	0.737224
115	154	1.17741
115	157	1.18012
115	159	1.18034
115	160	1.14601
115	164	1.18041
115	166	1.2354
115	172	0.74983
115	174	1.26822
115	177	1.29791
115	180	0.72762
116	12	0.724568
116	25	0.630137
116	45	1.15815
116	54	0.750579
116	77	0.711407
116	93	1.13692
116	98	1.15397
116	101	1.12376
116	112	0.773074
116	119	1.18977
116	124	1.23086
116	129	1.18408
116	131	1.24157
116	134	1.13625
116	141	1.18192
116	147	1.16245
116	148	1.16273
116	152	1.18195
116	157	0.725155
116	159	0.756155
116	161	1.18495
116	165	1.16068
116	168	0.78945
116	170	0.753432
116	171	0.752188
116	173	0.738381
116	175	1.31005
117	10	1.15406
117	14	0.72393
117	35	0.882905
117	39	1.03215
117	72	0.842169
117	82	0.823992
117	87	0.856403
117	88	0.86561
117	113	1.12204
117	115	1.11818
117	122	1.08385
117	127	0.775869
117	128	1.0542
117	137	1.13166
117	149	1.11273
117	150	1.07823
117	151	1.1304
117	154	1.10834
117	156	1.10943
117	157	1.11104
117	160	1.07693
117	162	0.762513
117	164	1.11133
117	165	0.798291
117	166	1.16632
117	174	1.19915
117	178	0.769909
118	45	1.08726
118	52	1.11757
118	66	0.8337
118	75	0.811398
118	84	1.06742
118	87	0.8884
118	96	1.0851
118	98	1.08309
118	119	1.11888
118	121	1.09644
118	124	1.15998
118	131	1.17068
118	134	1.06537
118	141	1.11103
118	147	1.09156
118	148	1.09184
118	153	0.828983
118	157	0.794514
118	158	1.11076
118	161	1.11407
118	162	0.79451
118	165	1.0898
118	170	0.822791
118	175	1.23917
118	176	0.824795
118	177	0.704784
118	179	0.799663
119	45	1.16335
119	53	0.714719
119	62	0.699788
119	76	1.23352
119	83	0.762095
119	92	0.747814
119	106	1.16951
119	109	0.767121
119	116	1.18977
119	118	1.11888
119	129	1.18929
119	130	0.75565
119	131	1.24677
119	134	1.14146
119	141	1.18712
119	143	0.704034
119	147	1.16766
119	148	1.16793
119	152	1.18715
119	158	1.18685
119	160	0.749023
119	161	1.19016
119	163	0.728156
119	165	1.16589
119	169	0.748338
119	178	1.19488
119	180	0.72809
120	21	1.12745
120	37	0.722517
120	38	0.707902
120	58	0.674059
120	69	1.20021
120	73	1.20609
120	80	1.15257
120	84	0.842254
120	85	0.791985
120	99	1.09697
120	104	0.81273
120	107	0.804044
120	112	0.832878
120	121	0.818816
120	144	1.13127
120	155	1.15993
120	162	1.16016
120	163	1.15015
120	167	1.15661
120	170	1.14766
120	171	1.16458
120	172	1.12586
120	175	0.695958
120	176	1.15239
120	177	0.695229
120	178	1.16755
120	179	1.15753
120	180	1.14295
121	20	0.672391
121	59	0.756693
121	72	1.09472
121	78	0.763853
121	88	0.849277
121	93	1.11968
121	95	0.770233
121	96	1.13875
121	98	1.13673
121	102	0.798749
121	104	1.16737
121	118	1.09644
121	120	0.818816
121	124	1.21362
121	129	1.16684
121	131	1.22433
121	134	1.11901
121	141	1.16468
121	147	1.14521
121	152	1.16471
121	158	1.16441
121	161	1.16771
121	165	1.14344
121	169	0.791298
121	171	0.773218
121	177	0.656454
121	178	1.17243
121	179	0.751334
122	34	0.833152
122	71	0.805838
122	78	1.13622
122	111	0.704008
122	113	1.15679
122	115	1.15292
122	117	1.08385
122	128	1.08894
122	135	0.752168
122	137	1.1664
122	139	0.733475
122	142	0.713665
122	144	0.779196
122	149	1.14748
122	150	1.11297
122	151	1.16514
122	154	1.14308
122	156	1.14417
122	157	1.14579
122	160	1.11168
122	164	1.14608
122	166	1.20107
122	168	0.79837
122	169	0.779188
122	170	0.762351
122	173	0.747301
122	174	1.23389
122	177	1.26358
123	24	1.13639
123	56	1.16767
123	79	1.16609
123	82	1.11733
123	91	1.2307
123	93	0.771589
123	94	0.700589
123	96	0.774526
123	100	1.19428
123	107	1.15211
123	108	1.12561
123	110	1.1308
123	112	1.1302
123	125	1.13297
123	127	1.17622
123	132	1.12185
123	140	1.14934
123	142	1.1842
123	143	0.75343
123	145	1.12555
123	146	1.15888
123	148	0.785732
123	157	0.75262
123	161	0.763414
123	164	0.779823
123	176	0.782902
123	179	0.75777
123	180	0.777486
124	52	1.23476
124	54	0.702771
124	59	0.687855
124	93	1.18322
124	100	0.674721
124	106	1.2106
124	111	0.64728
124	116	1.23086
124	118	1.15998
124	121	1.21362
124	128	0.760371
124	131	1.28787
124	134	1.18255
124	140	0.683388
124	141	1.22822
124	147	1.20875
124	148	1.20903
124	151	0.677731
124	152	1.22825
124	154	0.708874
124	158	1.22795
124	161	1.23125
124	165	1.20698
124	167	0.690239
124	168	0.741642
124	172	0.724422
124	175	1.35635
124	180	0.702212
125	6	0.764196
125	24	1.12728
125	26	1.28314
125	29	1.12941
125	41	0.713991
125	76	0.712266
125	79	1.15698
125	91	1.22159
125	94	0.70001
125	100	1.18517
125	107	1.143
125	108	1.1165
125	110	1.12168
125	112	1.12109
125	123	1.13297
125	127	1.1671
125	130	0.804467
125	132	1.11274
125	140	1.14023
125	142	1.17509
125	145	1.11644
125	146	1.14977
125	150	0.793205
125	167	0.764934
125	168	0.816337
125	169	0.797155
125	170	0.780318
125	178	0.759434
126	14	0.740769
126	15	1.27472
126	28	1.07933
126	29	0.851133
126	33	0.795865
126	36	1.02622
126	46	1.11389
126	47	0.775066
126	48	0.663551
126	67	1.20478
126	82	0.840831
126	89	1.1257
126	103	1.10915
126	107	0.798441
126	133	1.16286
126	135	1.13986
126	144	1.10203
126	145	0.827819
126	149	0.797291
126	151	0.77974
126	160	0.825154
126	167	1.12737
126	168	1.09895
126	169	1.11624
126	170	1.11841
126	171	1.13533
126	176	1.12314
126	179	1.12829
126	180	1.11371
127	3	1.22637
127	26	1.32638
127	41	0.687628
127	50	0.657705
127	56	1.2018
127	69	0.711818
127	75	0.742562
127	79	1.20022
127	82	1.15146
127	91	1.26483
127	98	0.764418
127	107	1.18625
127	108	1.15975
127	110	1.16493
127	112	1.16433
127	117	0.775869
127	123	1.17622
127	125	1.1671
127	129	0.751948
127	132	1.15598
127	140	1.18347
127	142	1.21834
127	145	1.15968
127	146	1.19302
127	158	0.743982
127	163	0.750611
127	167	0.738571
127	173	0.738905
127	177	0.635949
128	58	1.26088
128	61	1.1267
128	77	0.781603
128	78	1.10657
128	91	0.745957
128	102	1.05077
128	115	1.12327
128	117	1.0542
128	122	1.08894
128	124	0.760371
128	129	0.82162
128	131	0.734054
128	133	0.791654
128	138	0.85695
128	142	0.774942
128	149	1.11783
128	150	1.08332
128	151	1.13549
128	154	1.11343
128	156	1.11452
128	157	1.11614
128	160	1.08203
128	162	0.795347
128	164	1.11643
128	165	0.831125
128	166	1.17142
128	167	0.808243
128	174	1.20424
128	177	1.23393
129	9	0.70917
129	21	0.828793
129	33	1.15226
129	65	0.758831
129	68	0.666072
129	72	1.11148
129	84	1.13783
129	98	1.15349
129	101	1.12327
129	104	1.18413
129	111	0.708529
129	116	1.18408
129	119	1.18929
129	121	1.16684
129	127	0.751948
129	128	0.82162
129	131	1.24109
129	133	0.734899
129	134	1.13577
129	139	0.737996
129	141	1.18144
129	147	1.16197
129	148	1.16224
129	155	0.768768
129	158	1.18117
129	161	1.18447
129	165	1.1602
129	167	0.751488
129	176	0.768877
129	178	1.18919
130	18	1.14917
130	37	0.70231
130	47	0.760462
130	50	0.696778
130	54	1.19739
130	91	0.715358
130	93	0.78372
130	109	1.15082
130	114	1.12025
130	119	0.75565
130	125	0.804467
130	137	0.762153
130	138	1.12824
130	144	1.15572
130	149	0.782688
130	153	1.17829
130	154	0.796279
130	162	1.18461
130	166	0.743623
130	167	1.18105
130	168	1.15264
130	169	1.16992
130	170	1.1721
130	171	1.18902
130	172	1.15031
130	173	1.19421
130	174	0.691289
130	176	1.17683
130	179	1.18198
130	180	1.1674
131	3	0.661445
131	11	0.843769
131	18	0.743818
131	45	1.21515
131	64	1.24788
131	69	0.637169
131	72	1.16897
131	93	1.19392
131	98	1.21098
131	99	0.737269
131	105	0.69649
131	116	1.24157
131	118	1.17068
131	119	1.24677
131	121	1.22433
131	124	1.28787
131	128	0.734054
131	129	1.24109
131	132	0.709759
131	137	0.648431
131	141	1.23892
131	156	0.670021
131	158	1.23865
131	161	1.24196
131	165	1.21768
131	172	0.698105
131	175	1.36706
131	177	0.5613
131	178	1.24667
131	179	0.656179
132	3	1.17201
132	17	1.11414
132	24	1.11616
132	26	1.27202
132	29	1.11829
132	68	0.698532
132	79	1.14586
132	82	1.0971
132	91	1.21047
132	100	1.17405
132	101	0.821719
132	107	1.13188
132	110	1.11056
132	112	1.10997
132	123	1.12185
132	125	1.11274
132	127	1.15598
132	131	0.709759
132	136	0.740836
132	140	1.1291
132	142	1.16397
132	145	1.10532
132	146	1.13865
132	148	0.804167
132	149	0.788991
132	152	0.760207
132	154	0.802583
132	171	0.798089
132	176	0.801337
132	178	0.778448
132	180	0.795921
133	2	1.24355
133	3	0.719045
133	15	1.35573
133	26	0.625351
133	28	1.16035
133	36	1.10724
133	51	0.808562
133	64	0.729847
133	67	1.2858
133	84	0.765926
133	88	1.12957
133	89	1.20671
133	95	0.732678
133	103	1.19016
133	126	1.16286
133	128	0.791654
133	129	0.734899
133	134	0.777896
133	135	1.22087
133	144	1.18305
133	147	0.735679
133	153	1.20562
133	170	1.19943
133	173	1.22153
133	174	0.635167
133	175	0.619629
133	176	1.20416
133	177	0.6189
133	178	1.21933
133	179	1.20931
133	180	1.19473
134	31	0.864039
134	33	1.10443
134	34	1.04786
134	64	1.14256
134	65	0.801828
134	72	1.06365
134	76	1.18
134	79	0.799324
134	84	1.09
134	92	0.826181
134	95	0.805641
134	98	1.10566
134	104	1.1363
134	116	1.13625
134	118	1.06537
134	119	1.14146
134	121	1.11901
134	124	1.18255
134	129	1.13577
134	133	0.777896
134	135	0.799686
134	136	0.751373
134	147	1.11414
134	148	1.11442
134	152	1.13364
134	158	1.13334
134	162	0.781589
134	163	0.806524
134	165	1.11237
134	178	1.14136
134	179	0.786742
134	180	0.806458
135	1	0.708605
135	7	1.18547
135	28	1.13734
135	31	1.15209
135	36	1.08423
135	46	1.17189
135	47	0.72613
135	50	1.25907
135	51	0.830352
135	67	1.26279
135	76	0.690644
135	89	1.1837
135	91	0.681026
135	106	0.784488
135	109	1.15514
135	122	0.752168
135	126	1.13986
135	133	1.22087
135	134	0.799686
135	140	0.736461
135	148	0.763531
135	151	0.730804
135	156	0.749411
135	163	1.17891
135	167	1.18537
135	169	1.17425
135	170	1.17642
135	171	1.19334
135	175	0.64142
135	176	1.18115
135	179	1.1863
135	180	1.17172
136	6	0.694262
136	35	0.802495
136	52	0.694088
136	54	1.24203
136	59	1.24966
136	80	1.22165
136	81	1.21735
136	86	0.612037
136	95	0.706155
136	96	0.704012
