1	37	0.956123
1	52	1.02035
1	79	0.954954
1	84	1.11254
1	100	1.03451
1	126	0.983154
1	132	0.920252
1	144	1.00444
1	161	0.979684
1	165	0.970788
1	166	0.952681
1	171	1.11709
2	14	0.934663
2	17	1.04745
2	39	0.854543
2	62	1.0405
2	78	1.05113
2	87	1.01723
2	92	1.07034
2	96	1.03767
2	131	0.935691
2	161	1.00664
2	163	1.01308
2	165	0.997743
3	30	1.03769
3	71	1.02304
3	90	0.96789
3	98	0.986545
3	105	1.07858
3	118	1.05379
3	160	0.954262
3	166	0.976644
3	167	1.05246
3	168	1.00446
3	171	0.873137
3	172	0.998065
4	42	1.26752
4	50	1.13666
4	73	1.18695
4	147	1.20339
4	170	0.893571
4	173	0.887767
4	175	0.904474
4	176	0.909692
4	177	0.899368
4	178	0.909156
4	179	0.900699
4	180	0.895274
5	21	1.01223
5	61	0.947492
5	64	1.04405
5	72	1.00749
5	73	1.00749
5	113	1.16603
5	114	1.01521
5	126	0.958229
5	142	1.00512
5	170	0.945295
5	173	0.950673
5	180	0.94736
6	82	1.04114
6	110	1.01315
6	123	1.05435
6	130	1.02926
6	137	1.02443
6	140	1.00579
6	141	1.03188
6	146	0.935017
6	149	0.969998
6	166	0.959999
6	173	0.982916
6	177	0.95871
7	125	0.938162
7	143	1.00486
7	151	1.04261
7	153	1.01744
7	154	1.03289
7	158	1.03726
7	162	1.04248
7	164	1.02247
7	168	1.01482
7	171	0.883495
7	174	0.984452
7	177	0.985713
8	25	1.16508
8	47	1.04022
8	61	0.942084
8	64	1.03864
8	72	1.00208
8	73	1.00208
8	114	1.0098
8	115	0.855644
8	149	0.877688
8	157	0.864043
8	158	1.31746
8	172	0.889111
9	133	0.963108
9	137	1.02225
9	139	0.982758
9	140	1.00362
9	141	1.0297
9	152	1.05196
9	153	1.0208
9	162	1.04584
9	164	1.02583
9	167	0.986647
9	171	0.885978
9	177	0.988195
10	37	0.96119
10	56	0.98995
10	79	0.960021
10	84	1.1176
10	100	1.03957
10	115	0.961138
10	144	1.00951
10	150	0.957374
10	167	0.970345
10	169	0.947086
10	171	1.12216
10	174	0.970633
11	145	0.891464
11	147	0.884913
11	148	0.883443
11	151	0.915102
11	154	0.905385
11	158	0.909754
11	159	1.18195
11	162	0.914976
11	164	0.894963
11	167	1.20323
11	170	1.22361
11	179	1.19654
12	13	1.14136
12	88	0.946051
12	139	0.884942
12	147	1.01106
12	151	1.04125
12	154	1.03153
12	158	1.0359
12	162	1.04113
12	163	0.925111
12	164	1.02111
12	170	0.909207
12	172	1.01801
13	12	1.14136
13	66	1.20898
13	95	1.21449
13	130	1.23108
13	161	0.890334
13	165	0.896954
13	168	0.882598
13	176	0.912877
13	177	0.902553
13	178	0.912341
13	179	0.903884
13	180	0.898459
14	2	0.934663
14	59	1.00345
14	89	0.936961
14	100	0.946322
14	137	0.973161
14	156	1.04362
14	162	1.03279
14	164	1.01278
14	174	1.03351
14	177	1.02669
14	179	1.02802
14	180	1.0226
15	37	0.976993
15	56	1.00575
15	70	0.978502
15	74	1.02278
15	79	0.975824
15	100	1.05538
15	127	0.966651
15	134	0.957978
15	142	0.992239
15	144	1.02531
15	157	0.911227
15	171	1.13796
16	38	0.973725
16	60	1.05482
16	78	1.06301
16	87	1.02911
16	92	1.08222
16	96	1.04955
16	117	0.928902
16	131	0.947571
16	161	0.985936
16	173	0.981851
16	176	0.960532
16	179	0.9494
17	2	1.04745
17	19	0.924984
17	78	1.07423
17	87	1.04033
17	92	1.09345
17	96	1.06077
17	131	0.958794
17	146	0.947285
17	159	0.948147
17	160	0.949885
17	165	0.990373
17	177	0.970977
18	56	1.25159
18	105	1.14527
18	143	1.21541
18	152	1.18258
18	165	0.891441
18	174	0.903865
18	175	0.902146
18	176	0.907364
18	177	0.89704
18	178	0.906828
18	179	0.898371
18	180	0.892946
19	17	0.924984
19	38	0.839384
19	42	0.828635
19	60	0.920477
19	76	1.25653
19	78	0.928667
19	87	0.894765
19	92	0.947883
19	96	0.915205
19	168	1.23543
19	171	1.10411
19	176	1.20922
20	104	1.01228
20	143	0.951973
20	147	0.959527
20	153	0.964547
20	154	0.979999
20	156	1.00042
20	158	0.984369
20	162	0.989591
20	164	0.969578
20	170	1.05838
20	173	1.06376
20	175	1.03272
20	177	1.03955
21	5	1.01223
21	46	1.06455
21	47	0.98197
21	61	0.88383
21	64	0.980389
21	72	0.94383
21	73	0.94383
21	113	1.10237
21	114	0.951544
21	175	1.03601
21	177	1.04284
21	178	1.02875
21	179	1.03459
22	114	1.28278
22	121	1.25258
22	122	1.33889
22	147	1.32031
22	165	0.857351
22	167	0.86431
22	169	0.883982
22	170	0.857152
22	175	0.868055
22	176	0.873274
22	178	0.872738
22	179	0.864281
22	180	0.858856
23	28	0.935768
23	48	0.980571
23	69	0.977048
23	83	1.00003
23	89	0.977325
23	97	0.921243
23	102	0.972643
23	119	1.03538
23	150	0.928865
23	164	1.39522
23	165	0.96278
23	166	0.944673
23	168	0.972488
24	31	0.968588
24	90	1.20272
24	91	0.934799
24	135	1.00021
24	153	1.08721
24	157	0.984885
24	165	0.965581
24	175	0.976286
24	176	0.981504
24	177	0.97118
24	178	0.980968
24	179	0.972511
24	180	0.967086
25	8	1.16508
25	47	1.14022
25	51	0.86933
25	61	1.04208
25	64	1.13864
25	72	1.10208
25	73	1.10208
25	114	1.1098
25	127	0.906042
25	134	0.897369
25	139	0.847538
25	160	0.831882
25	176	0.855862
26	63	1.01306
26	106	1.1259
26	107	1.01518
26	110	0.953475
26	122	0.940528
26	123	0.994678
26	132	1.00101
26	137	0.964753
26	140	0.946117
26	141	0.972204
26	149	1.04344
26	160	1.01105
26	175	1.02532
27	73	0.894298
27	113	0.747747
27	137	1.10489
27	140	1.08625
27	141	1.11234
27	144	0.929531
27	158	0.870325
27	162	0.879116
27	164	0.871105
27	177	1.12237
27	178	1.13216
27	179	1.12371
27	180	1.11828
28	23	0.935768
28	29	1.08145
28	83	0.965463
28	94	0.995693
28	97	0.886681
28	102	0.93808
28	108	0.996053
28	119	1.00081
28	132	1.01261
28	163	1.07848
28	167	1.0422
28	177	1.04375
28	178	1.02966
29	28	1.08145
29	48	1.12625
29	89	1.12301
29	94	1.17594
29	97	1.06692
29	102	1.11832
29	104	0.873723
29	114	1.1081
29	155	0.83314
29	157	0.898643
29	171	0.798783
29	174	0.899739
29	176	0.903887
30	3	1.03769
30	77	0.938928
30	86	0.995972
30	88	0.989408
30	90	0.904718
30	98	0.923373
30	118	0.990618
30	143	1.39046
30	146	1.01941
30	161	0.962027
30	165	0.953132
30	167	0.989286
30	169	0.908928
31	24	0.968588
31	56	0.988476
31	74	1.00551
31	79	0.958546
31	84	1.11613
31	100	1.0381
31	113	1.16453
31	144	1.00803
31	163	0.954649
31	170	0.938745
31	171	1.12068
31	175	0.913087
31	177	0.919917
31	179	0.911672
32	58	0.872639
32	81	0.931866
32	128	1.03531
32	133	0.954636
32	151	1.05697
32	152	1.06296
32	153	1.0318
32	155	0.911863
32	156	1.06767
32	158	1.05162
32	162	1.05684
32	164	1.03683
32	178	0.965634
32	179	0.971479
33	61	1.05331
33	66	0.869588
33	100	0.901596
33	144	0.957712
33	152	0.871338
33	154	0.938387
33	163	1.03391
33	170	1.04412
33	175	1.05502
33	176	1.06024
33	177	1.04992
33	178	1.05971
33	179	1.05125
33	180	1.04582
34	38	0.883639
34	60	0.964731
34	62	0.962295
34	87	0.93902
34	90	0.851423
34	96	0.959459
34	118	0.937323
34	142	1.17351
34	146	0.966119
34	167	0.935992
34	172	1.11756
34	173	1.11906
34	178	1.08076
34	180	1.11575
35	118	0.953419
35	124	0.927238
35	151	0.936146
35	152	0.90382
35	162	0.939779
35	164	0.931768
35	165	1.0468
35	168	1.03245
35	170	1.04661
35	175	1.05751
35	177	1.0524
35	178	1.06219
35	179	1.05373
35	180	1.04831
36	58	0.861485
36	71	1.0451
36	77	1.02416
36	86	1.0812
36	90	0.989946
36	98	1.0086
36	105	1.10064
36	118	1.07585
36	138	0.975755
36	155	0.90071
36	159	0.945741
36	166	0.96986
36	167	1.07451
36	178	0.954481
37	1	0.956123
37	10	0.96119
37	15	0.976993
37	52	0.910767
37	56	0.875302
37	58	1.03584
37	74	0.892333
37	100	0.924925
37	144	0.894859
37	149	1.15421
37	169	1.11812
37	171	1.00751
37	179	1.13468
37	180	1.16382
38	16	0.973725
38	19	0.839384
38	34	0.883639
38	42	0.888598
38	60	0.980441
38	62	0.978004
38	81	1.09301
38	92	1.00785
38	96	0.975168
38	131	0.873194
38	150	1.12634
38	160	1.11977
38	177	1.14086
38	178	1.12677
39	2	0.854543
39	43	0.994303
39	68	0.937111
39	98	0.98949
39	153	0.914732
39	154	0.902993
39	166	1.05493
39	168	1.02898
39	175	1.05404
39	176	1.05926
39	177	1.04894
39	178	1.05873
39	179	1.05027
39	180	1.04484
40	59	1.03015
40	76	0.961103
40	82	1.07314
40	110	1.04515
40	122	1.0322
40	130	1.06126
40	137	1.05643
40	140	1.03779
40	141	1.06388
40	165	0.930295
40	168	0.940002
40	173	0.935105
40	174	0.909638
40	180	0.931793
41	131	1.23411
41	139	1.07722
41	145	0.919949
41	147	0.913398
41	151	0.943587
41	152	0.94958
41	153	0.918418
41	154	0.93387
41	156	0.954287
41	162	0.943461
41	163	1.11739
41	164	0.923449
41	165	1.10205
41	175	1.07583
42	4	1.26752
42	19	0.828635
42	38	0.888598
42	60	0.969691
42	62	0.967254
42	78	0.977882
42	87	0.94398
42	92	0.997097
42	96	0.964419
42	131	0.862444
42	159	1.06863
42	160	1.07037
42	172	1.11417
42	175	1.08463
43	39	0.994303
43	51	1.13446
43	63	0.974024
43	85	0.957911
43	110	0.914435
43	122	0.901488
43	123	0.955638
43	130	0.93055
43	137	0.925713
43	140	0.907077
43	141	0.933164
43	142	1.19676
43	165	1.1375
43	173	1.14231
44	48	0.929764
44	69	0.92624
44	83	0.949218
44	89	0.926517
44	97	0.870436
44	102	0.921835
44	108	0.979808
44	114	0.911615
44	119	0.984568
44	149	1.13456
44	160	1.10218
44	167	1.12173
44	174	1.12202
44	176	1.12616
45	59	1.18792
45	102	1.1414
45	108	1.0828
45	112	1.06044
45	130	1.12088
45	153	0.917207
45	158	0.937028
45	162	0.94225
45	164	0.922237
45	173	0.924548
45	175	0.941255
45	178	0.945938
45	179	0.937481
45	180	0.932056
46	21	1.06455
46	66	0.97971
46	74	1.04056
46	113	0.88605
46	151	1.01379
46	158	1.00863
46	165	0.991224
46	169	1.01786
46	170	0.991026
46	174	1.00365
46	175	1.00193
46	177	0.996823
46	178	1.00661
46	179	0.998154
46	180	0.992729
47	8	1.04022
47	21	0.98197
47	25	1.14022
47	57	0.967175
47	61	0.917227
47	64	1.01379
47	72	0.977227
47	73	0.977227
47	114	0.984941
47	127	1.05343
47	149	1.01166
47	168	1.02947
47	171	0.89815
47	172	1.02308
47	179	0.992123
48	23	0.980571
48	29	1.12625
48	44	0.929764
48	70	0.980126
48	89	0.987566
48	94	1.0405
48	97	0.931484
48	102	0.982883
48	108	1.04086
48	115	0.971186
48	116	1.06117
48	150	0.967422
48	163	1.01667
48	167	0.980393
48	168	1.01104
49	71	0.972301
49	86	1.0084
49	93	0.969132
49	98	0.935805
49	105	1.02784
49	118	1.00305
49	119	1.0499
49	146	1.03185
49	159	0.973375
49	163	1.03094
49	167	1.00172
49	169	0.971397
49	172	1.01892
49	177	0.996205
49	180	1.0171
50	4	1.13666
50	86	1.00118
50	105	1.02062
50	118	0.995826
50	134	1.005
50	138	0.967787
50	152	1.00535
50	156	1.01006
50	158	0.994012
50	162	0.999234
50	164	0.979221
50	166	0.961891
50	167	0.994495
50	175	0.953772
50	180	0.981495
51	25	0.86933
51	43	1.13446
51	60	0.961985
51	136	1.00829
51	151	1.00843
51	162	1.01206
51	169	1.01673
51	173	0.984097
51	174	1.00252
51	175	1.0008
51	176	1.00602
51	177	0.995698
51	178	1.00549
51	179	0.99703
51	180	0.991605
52	1	1.02035
52	37	0.910767
52	74	0.956558
52	79	0.909598
52	84	1.06718
52	100	0.98915
52	113	1.11558
52	144	0.959084
52	159	0.977765
52	160	0.979503
52	170	1.01942
52	171	1.07173
52	172	1.02331
52	178	0.986505
52	180	1.02149
53	147	0.984119
53	148	0.98265
53	152	1.0203
53	153	0.989139
53	154	1.00459
53	156	1.02501
53	158	1.00896
53	164	0.994169
53	165	1.00919
53	166	0.991085
53	167	0.988247
53	168	1.0189
53	172	0.991064
53	177	0.989796
53	180	1.01069
54	116	1.05687
54	124	1.01931
54	143	0.975148
54	147	0.982702
54	152	1.01888
54	153	0.987722
54	154	1.00317
54	158	1.00754
54	162	1.01277
54	163	1.01237
54	164	0.992753
54	168	1.00675
54	169	0.952834
54	176	0.980529
54	180	0.998536
55	117	0.98068
55	120	1.03615
55	133	0.984336
55	143	0.968727
55	148	0.974812
55	149	1.02071
55	151	1.00647
55	152	1.01246
55	154	0.996753
55	156	1.01717
55	158	1.00112
55	164	0.986332
55	169	0.984615
55	170	1.02825
55	177	1.00942
56	10	0.98995
56	15	1.00575
56	18	1.25159
56	31	0.988476
56	37	0.875302
56	74	0.921094
56	79	0.874134
56	84	1.03172
56	100	0.953686
56	104	1.00147
56	144	0.92362
56	157	1.02639
56	165	1.04815
56	171	1.03627
56	172	1.05146
56	174	1.02749
57	47	0.967175
57	61	0.869035
57	67	1.08338
57	72	0.929035
57	73	0.929035
57	113	1.08758
57	122	1.11655
57	135	1.02217
57	143	1.06321
57	147	1.09797
57	156	1.00892
57	176	0.970483
57	177	0.960158
57	178	0.969947
57	179	0.96149
57	180	0.956064
58	32	0.872639
58	36	0.861485
58	37	1.03584
58	136	0.884846
58	153	0.931451
58	154	0.919712
58	162	0.888622
58	168	1.04876
58	170	1.06291
58	173	1.05711
58	174	1.07554
58	175	1.07382
58	177	1.06871
58	178	1.0785
58	179	1.07004
58	180	1.06462
59	14	1.00345
59	40	1.03015
59	45	1.18792
59	85	0.972274
59	107	0.990505
59	112	0.96727
59	122	0.91585
59	123	0.97
59	130	0.944912
59	137	0.940075
59	140	0.921439
59	141	0.947526
59	160	1.02604
59	172	1.06985
59	176	1.05002
59	180	1.06803
60	16	1.05482
60	19	0.920477
60	34	0.964731
60	38	0.980441
60	42	0.969691
60	51	0.961985
60	62	1.0591
60	70	1.01055
60	78	1.06972
60	87	1.03582
60	92	1.08894
60	96	1.05626
60	106	1.03938
60	160	0.924537
60	170	0.964457
60	172	0.96834
60	175	0.938799
61	5	0.947492
61	8	0.942084
61	21	0.88383
61	25	1.04208
61	33	1.05331
61	47	0.917227
61	57	0.869035
61	64	0.915646
61	72	0.879087
61	73	0.879087
61	76	1.19192
61	99	1.1255
61	113	1.03763
61	114	0.886801
61	126	1.17348
61	175	1.13489
61	178	1.12763
62	2	1.0405
62	34	0.962295
62	38	0.978004
62	42	0.967254
62	60	1.0591
62	78	1.06729
62	87	1.03339
62	92	1.0865
62	96	1.05382
62	117	0.929915
62	131	0.95185
62	138	0.965843
62	142	1.03731
62	165	0.978054
62	167	0.957109
62	176	0.961545
62	180	0.979551
63	26	1.01306
63	43	0.974024
63	81	0.960123
63	91	1.0837
63	104	0.980704
63	112	1.04186
63	122	0.990442
63	123	1.04459
63	126	1.03974
63	130	1.0195
63	137	1.01467
63	140	0.996031
63	141	1.02212
63	155	0.940121
63	169	0.983173
63	171	0.905764
63	179	0.999736
64	5	1.04405
64	8	1.03864
64	21	0.980389
64	25	1.13864
64	47	1.01379
64	61	0.915646
64	72	0.975646
64	73	0.975646
64	113	1.13419
64	114	0.983361
64	125	0.915358
64	131	1.11436
64	146	0.939216
64	150	0.948389
64	173	0.987115
64	175	0.956079
64	178	0.948819
65	98	0.954309
65	117	0.946195
65	118	1.02155
65	119	1.06841
65	121	1.0347
65	139	0.9695
65	150	0.960418
65	154	1.01537
65	156	1.03579
65	158	1.01974
65	162	1.02496
65	164	1.00495
65	165	0.994334
65	167	1.02022
65	175	0.968107
65	177	0.974938
65	180	0.995831
66	13	1.20898
66	33	0.869588
66	46	0.97971
66	132	0.926859
66	145	1.00627
66	148	0.998252
66	151	1.02991
66	152	1.0359
66	153	1.00474
66	154	1.02019
66	155	0.890138
66	156	1.04061
66	158	1.02456
66	162	1.02978
66	164	1.00977
66	175	0.951169
66	180	0.978892
67	57	1.08338
67	69	0.978561
67	83	1.00154
67	94	1.03177
67	97	0.922757
67	102	0.974156
67	116	1.09197
67	145	0.969933
67	148	0.961913
67	150	0.998225
67	156	1.00427
67	158	0.988223
67	162	0.993445
67	164	0.973432
67	168	1.04185
67	169	0.987936
67	175	1.00591
67	178	0.998654
68	39	0.937111
68	117	1.03217
68	136	0.997715
68	145	0.96952
68	147	0.962968
68	148	0.961499
68	152	0.99915
68	153	0.967989
68	154	0.983441
68	155	0.993054
68	156	1.00386
68	158	0.98781
68	162	0.993032
68	164	0.973019
68	173	1.08512
68	174	1.05965
68	175	1.05408
68	178	1.04682
69	23	0.977048
69	44	0.92624
69	67	0.978561
69	70	0.976602
69	83	1.00674
69	89	0.984042
69	94	1.03697
69	97	0.92796
69	102	0.97936
69	108	1.03733
69	114	0.96914
69	142	1.10493
69	150	1.01176
69	167	1.02473
69	169	1.00147
69	174	1.02502
69	176	1.02917
69	178	1.01219
70	15	0.978502
70	48	0.980126
70	60	1.01055
70	69	0.976602
70	83	0.99958
70	97	0.920798
70	102	0.972197
70	111	1.03021
70	124	1.04808
70	135	1.01646
70	151	1.05699
70	164	1.05261
70	169	1.00642
70	176	0.99571
70	177	0.985386
70	178	0.995174
70	179	0.986717
70	180	0.981292
71	3	1.02304
71	36	1.0451
71	49	0.972301
71	77	0.924277
71	86	0.981322
71	98	0.908722
71	99	1.02737
71	105	1.00076
71	118	0.975968
71	121	0.989113
71	125	0.99603
71	146	1.00476
71	149	1.05487
71	163	1.07831
71	167	0.974636
71	171	0.941364
71	173	1.06779
71	177	1.04358
72	5	1.00749
72	8	1.00208
72	21	0.94383
72	25	1.10208
72	47	0.977227
72	57	0.929035
72	61	0.879087
72	64	0.975646
72	73	0.939087
72	113	1.09763
72	114	0.946801
72	155	0.96967
72	160	1.01644
72	165	1.05693
72	172	1.06024
72	174	1.03627
72	176	1.04042
72	179	1.02929
73	4	1.18695
73	5	1.00749
73	8	1.00208
73	21	0.94383
73	25	1.10208
73	27	0.894298
73	47	0.977227
73	57	0.929035
73	61	0.879087
73	64	0.975646
73	72	0.939087
73	106	1.10464
73	113	1.09763
73	114	0.946801
73	159	0.98806
73	160	0.989797
73	167	1.00934
73	172	1.0336
74	15	1.02278
74	31	1.00551
74	37	0.892333
74	46	1.04056
74	52	0.956558
74	56	0.921094
74	79	0.891164
74	84	1.04875
74	100	0.970716
74	113	1.09715
74	115	1.00809
74	127	1.07191
74	144	0.94065
74	165	1.03824
74	169	0.994036
74	171	1.0533
74	173	1.04305
74	175	1.01201
75	82	0.956236
75	85	0.971726
75	103	0.944459
75	107	0.989958
75	110	0.92825
75	121	0.972854
75	122	0.915303
75	123	0.969452
75	130	0.944364
75	137	0.939528
75	140	0.920892
75	141	0.946979
75	159	1.05966
75	163	1.11722
75	165	1.10188
75	172	1.1052
75	174	1.08123
75	175	1.07566
75	178	1.0684
76	19	1.25653
76	40	0.961103
76	61	1.19192
76	124	1.03337
76	140	1.08638
76	154	1.077
76	156	0.988489
76	161	0.939606
76	163	0.935817
76	165	0.946225
76	168	0.93187
76	169	0.972857
76	173	0.940223
76	175	0.95693
76	176	0.962149
76	177	0.951824
76	178	0.961613
76	179	0.953156
76	180	0.947731
77	30	0.938928
77	36	1.02416
77	71	0.924277
77	86	0.960381
77	90	0.869126
77	93	0.921109
77	98	0.887781
77	105	0.979819
77	118	0.955027
77	119	1.00188
77	146	0.983822
77	156	1.44204
77	159	1.01678
77	163	1.07434
77	167	0.953695
77	171	0.937395
77	172	1.06232
77	176	1.0425
77	179	1.03137
78	2	1.05113
78	16	1.06301
78	17	1.07423
78	19	0.928667
78	42	0.977882
78	60	1.06972
78	62	1.06729
78	87	1.04401
78	92	1.09713
78	96	1.06445
78	131	0.962477
78	133	0.932897
78	155	0.890124
78	157	0.955627
78	169	0.933177
78	170	0.976813
78	173	0.982191
78	176	0.960872
78	180	0.978878
79	1	0.954954
79	10	0.960021
79	15	0.975824
79	31	0.958546
79	52	0.909598
79	56	0.874134
79	74	0.891164
79	84	1.00179
79	100	0.923756
79	109	1.16735
79	113	1.05019
79	144	0.89369
79	146	1.06214
79	159	1.063
79	160	1.06474
79	171	1.00634
79	176	1.08872
79	177	1.08583
79	179	1.07759
80	85	1.05494
80	88	0.966371
80	91	1.09178
80	106	1.00445
80	110	1.01147
80	112	1.04994
80	121	1.05607
80	122	0.998518
80	123	1.05267
80	127	0.963766
80	130	1.02758
80	131	1.06215
80	137	1.02274
80	139	0.905262
80	140	1.00411
80	141	1.03019
80	157	0.908341
80	160	0.889606
80	177	0.910699
81	32	0.931866
81	38	1.09301
81	63	0.960123
81	113	0.816481
81	114	0.941942
81	118	0.961489
81	136	0.944074
81	151	0.944217
81	157	1.04529
81	166	1.03757
81	169	1.05261
81	170	1.02578
81	173	1.01998
81	174	1.03841
81	175	1.03669
81	176	1.04191
81	178	1.04137
81	179	1.03291
81	180	1.02749
82	6	1.04114
82	40	1.07314
82	75	0.956236
82	103	0.987996
82	107	1.03349
82	112	1.01026
82	122	0.95884
82	123	1.01299
82	130	0.987901
82	137	0.983065
82	140	0.964429
82	141	0.990516
82	155	0.936998
82	157	1.0025
82	159	0.982029
82	163	1.03959
82	173	1.02906
82	175	0.998029
82	179	0.996614
82	180	1.02575
83	23	1.00003
83	28	0.965463
83	44	0.949218
83	67	1.00154
83	69	1.00674
83	70	0.99958
83	89	1.00702
83	94	1.05995
83	97	0.950938
83	102	1.00234
83	104	0.968492
83	114	0.992118
83	119	1.06507
83	126	1.02753
83	160	0.974677
83	161	1.02406
83	172	1.01848
83	173	1.01998
83	177	0.99577
83	178	0.98168
84	1	1.11254
84	10	1.1176
84	31	1.11613
84	52	1.06718
84	56	1.03172
84	74	1.04875
84	79	1.00179
84	99	0.875829
84	100	1.08134
84	113	1.20777
84	115	0.881289
84	126	0.923807
84	144	1.05127
84	160	0.870952
84	167	0.890496
84	171	1.16392
84	176	0.894932
84	178	0.877955
84	179	0.8838
84	180	0.912938
85	43	0.957911
85	59	0.972274
85	75	0.971726
85	80	1.05494
85	103	1.00349
85	106	1.06772
85	107	1.04898
85	109	1.05549
85	122	0.974329
85	123	1.02848
85	130	1.00339
85	137	0.998554
85	140	0.979918
85	141	1.00601
85	161	1.00226
85	163	1.00871
85	176	0.97686
85	177	0.973973
85	178	0.959884
85	179	0.965728
86	30	0.995972
86	36	1.0812
86	49	1.0084
86	50	1.00118
86	71	0.981322
86	77	0.960381
86	90	0.926171
86	98	0.944826
86	105	1.03686
86	118	1.01207
86	127	1.0411
86	139	0.982601
86	146	1.04087
86	163	1.02277
86	167	1.01074
86	168	1.01714
86	169	0.96323
86	174	0.986777
86	177	0.988038
86	180	1.00893
87	2	1.01723
87	16	1.02911
87	17	1.04033
87	19	0.894765
87	34	0.93902
87	42	0.94398
87	60	1.03582
87	62	1.03339
87	78	1.04401
87	92	1.06323
87	96	1.03055
87	125	0.96273
87	131	0.928575
87	132	0.979142
87	146	0.986589
87	165	1.02968
87	174	1.00902
87	177	1.01028
87	179	1.00204
87	180	1.03118
88	12	0.946051
88	30	0.989408
88	80	0.966371
88	92	0.971218
88	113	0.920011
88	141	1.02365
88	153	1.09421
88	154	1.08247
88	163	0.9855
88	166	1.0075
88	168	0.981553
88	170	0.99571
88	173	0.989906
88	174	1.00833
88	175	1.00661
88	176	1.01183
88	177	1.00151
88	178	1.0113
88	179	1.00284
88	180	0.997414
89	14	0.936961
89	23	0.977325
89	29	1.12301
89	44	0.926517
89	48	0.987566
89	69	0.984042
89	83	1.00702
89	94	1.03725
89	97	0.928238
89	99	0.96443
89	102	0.979637
89	106	1.0744
89	108	1.03761
89	114	0.969418
89	119	1.04237
89	134	1.02504
89	142	1.0593
89	168	1.00975
89	169	0.955837
89	176	0.983532
90	3	0.96789
90	24	1.20272
90	30	0.904718
90	34	0.851423
90	36	0.989946
90	77	0.869126
90	86	0.926171
90	98	0.853571
90	105	0.945609
90	115	1.1433
90	118	0.920817
90	119	0.967668
90	121	0.933962
90	138	1.16124
90	146	0.949613
90	155	1.08619
90	159	1.13122
90	167	0.919485
90	169	1.12924
90	177	1.15405
91	24	0.934799
91	63	1.0837
91	80	1.09178
91	103	1.04032
91	107	1.08582
91	110	1.02411
91	112	1.06258
91	122	1.01116
91	123	1.06531
91	130	1.04023
91	137	1.03539
91	140	1.01675
91	141	1.04284
91	152	1.31002
91	155	0.818267
91	157	0.883771
91	161	0.914419
91	166	0.887417
91	169	0.86132
91	172	0.908838
91	176	0.889015
92	2	1.07034
92	16	1.08222
92	17	1.09345
92	19	0.947883
92	38	1.00785
92	42	0.997097
92	60	1.08894
92	62	1.0865
92	78	1.09713
92	87	1.06323
92	88	0.971218
92	96	1.08367
92	116	0.994775
92	131	0.981692
92	138	0.922731
92	160	0.894453
92	165	0.934942
92	170	0.934374
92	172	0.938256
92	176	0.918433
92	178	0.901456
93	49	0.969132
93	77	0.921109
93	118	0.972799
93	121	0.985945
93	125	1.01716
93	133	1.03962
93	139	1.05927
93	142	1.14336
93	143	0.938589
93	146	1.0016
93	152	0.982325
93	154	0.966616
93	156	0.987033
93	158	0.970985
93	162	0.976207
93	164	0.956194
93	165	1.0841
93	167	0.971468
93	169	1.0399
93	171	0.96249
93	177	1.06471
94	28	0.995693
94	29	1.17594
94	48	1.0405
94	67	1.03177
94	69	1.03697
94	83	1.05995
94	89	1.03725
94	97	0.981169
94	102	1.03257
94	108	1.09054
94	114	1.02235
94	115	0.927087
94	119	1.0953
94	126	0.969605
94	165	0.957239
94	167	0.936294
94	170	0.95667
94	171	0.835625
94	172	0.960553
94	175	0.931012
94	177	0.937842
95	13	1.21449
95	129	1.00973
95	136	1.03078
95	139	0.958075
95	146	0.939819
95	147	0.996029
95	148	0.994559
95	151	1.02622
95	152	1.03221
95	153	1.00105
95	154	1.0165
95	156	1.03692
95	158	1.02087
95	162	1.02609
95	164	1.00608
95	166	0.964801
95	167	0.961963
95	168	0.992615
95	171	0.861294
95	172	1.00297
95	174	0.962251
95	179	0.955267
96	2	1.03767
96	16	1.04955
96	17	1.06077
96	19	0.915205
96	34	0.959459
96	38	0.975168
96	42	0.964419
96	60	1.05626
96	62	1.05382
96	78	1.06445
96	87	1.03055
96	92	1.08367
96	131	0.949014
96	134	0.955587
96	141	1.34331
96	142	0.989847
96	146	0.8875
96	163	0.945925
96	166	0.912482
96	168	0.940296
96	170	0.930021
96	175	0.904363
97	23	0.921243
97	28	0.886681
97	29	1.06692
97	44	0.870436
97	48	0.931484
97	67	0.922757
97	69	0.92796
97	70	0.920798
97	83	0.950938
97	89	0.928238
97	94	0.981169
97	102	0.923555
97	108	0.981529
97	115	1.04396
97	119	0.986288
97	123	1.42656
97	155	0.986851
97	157	1.05235
97	161	1.083
97	166	1.056
97	168	1.08381
97	180	1.0756
98	3	0.986545
98	30	0.923373
98	36	1.0086
98	39	0.98949
98	49	0.935805
98	65	0.954309
98	71	0.908722
98	77	0.887781
98	86	0.944826
98	90	0.853571
98	105	0.964264
98	118	0.939472
98	119	0.986323
98	126	1.14506
98	138	1.12048
98	146	0.968267
98	160	1.0922
98	166	1.11458
98	167	0.93814
98	172	1.136
98	175	1.10646
98	179	1.10505
99	61	1.1255
99	71	1.02737
99	84	0.875829
99	89	0.96443
99	119	0.932182
99	121	0.943385
99	123	0.891493
99	147	1.01112
99	153	1.02232
99	159	1.01397
99	161	1.00272
99	166	1.02093
99	168	0.994987
99	169	1.03597
99	170	1.00914
99	173	1.00334
99	174	1.02177
99	175	1.02005
99	176	1.02527
99	178	1.02473
99	179	1.01627
99	180	1.01085
100	1	1.03451
100	10	1.03957
100	14	0.946322
100	15	1.05538
100	31	1.0381
100	33	0.901596
100	37	0.924925
100	52	0.98915
100	56	0.953686
100	74	0.970716
100	79	0.923756
100	84	1.08134
100	113	1.12974
100	142	1.06866
100	144	0.973242
100	155	0.922146
100	166	0.991296
100	170	1.00883
100	171	1.08589
100	172	1.01272
100	178	0.975917
100	179	0.981761
101	107	1.01646
101	108	0.985882
101	110	1.09585
101	118	1.05321
101	120	0.980053
101	123	0.951572
101	129	1.06586
101	136	1.0358
101	152	1.00361
101	159	0.985702
101	163	0.970665
101	165	0.981074
101	166	0.992662
101	168	0.966718
101	169	1.0077
101	170	0.980875
101	173	0.975071
101	174	0.993497
101	175	0.991778
101	176	0.996997
101	177	0.986672
101	179	0.988004
101	180	0.982579
102	23	0.972643
102	28	0.93808
102	29	1.11832
102	44	0.921835
102	45	1.1414
102	48	0.982883
102	67	0.974156
102	69	0.97936
102	70	0.972197
102	83	1.00234
102	89	0.979637
102	94	1.03257
102	97	0.923555
102	114	0.964735
102	119	1.03769
102	134	1.04501
102	150	0.986098
102	160	0.979525
102	165	1.02001
102	166	1.00191
102	170	1.01945
102	172	1.02333
102	175	0.993788
103	75	0.944459
103	82	0.987996
103	85	1.00349
103	91	1.04032
103	108	1.03356
103	110	0.96001
103	112	0.998482
103	121	1.00461
103	122	0.947062
103	123	1.00121
103	126	1.05224
103	130	0.976124
103	132	0.989341
103	137	0.971287
103	140	0.952651
103	141	0.978738
103	150	1.00596
103	159	0.997651
103	165	1.03988
103	167	1.01893
103	172	1.04319
103	176	1.02337
103	180	1.04137
104	20	1.01228
104	29	0.873723
104	56	1.00147
104	63	0.980704
104	83	0.968492
104	118	0.98207
104	120	0.908911
104	141	0.940695
104	151	0.964797
104	161	1.01892
104	163	1.01513
104	164	0.960419
104	165	1.02554
104	166	1.03713
104	168	1.01118
104	170	1.02534
104	173	1.01954
104	174	1.03796
104	175	1.03624
104	176	1.04146
104	177	1.03114
104	178	1.04092
104	179	1.03247
104	180	1.02704
105	3	1.07858
105	18	1.14527
105	36	1.10064
105	49	1.02784
105	50	1.02062
105	71	1.00076
105	77	0.979819
105	86	1.03686
105	90	0.945609
105	98	0.964264
105	115	0.911678
105	116	1.00166
105	118	1.03151
105	119	1.07836
105	121	1.04465
105	131	1.07388
105	146	1.0603
105	149	0.933723
105	167	1.03018
105	171	0.820217
105	172	0.945145
105	173	0.94664
105	176	0.925321
105	178	0.908344
106	26	1.1259
106	60	1.03938
106	73	1.10464
106	80	1.00445
106	85	1.06772
106	89	1.0744
106	120	1.02994
106	128	1.08794
106	141	1.06172
106	157	0.97266
106	159	0.957984
106	163	0.942947
106	166	0.964945
106	168	0.939
106	169	0.979987
106	170	0.953158
106	173	0.947354
106	174	0.96578
106	175	0.964061
106	176	0.969279
106	177	0.958955
106	178	0.968743
106	179	0.960286
106	180	0.954861
107	26	1.01518
107	59	0.990505
107	75	0.989958
107	82	1.03349
107	85	1.04898
107	91	1.08582
107	101	1.01646
107	108	1.07906
107	110	1.00551
107	112	1.04398
107	123	1.04671
107	130	1.02162
107	133	0.947513
107	137	1.01679
107	140	0.99815
107	141	1.02424
107	146	0.948907
107	150	0.95808
107	160	0.951507
107	161	1.00089
107	171	0.870382
107	172	0.99531
107	178	0.95851
107	179	0.964355
108	28	0.996053
108	44	0.979808
108	45	1.0828
108	48	1.04086
108	69	1.03733
108	89	1.03761
108	94	1.09054
108	97	0.981529
108	101	0.985882
108	103	1.03356
108	107	1.07906
108	110	1.01735
108	112	1.05582
108	122	1.0044
108	140	1.00999
108	141	1.03608
108	146	0.918325
108	150	0.927498
108	161	0.970309
108	174	0.940757
108	175	0.935188
108	176	0.944905
108	177	0.942018
108	180	0.962911
109	79	1.16735
109	85	1.05549
109	111	1.0468
109	121	1.04112
109	136	1.07345
109	152	1.04126
109	156	1.0198
109	158	1.06843
109	159	0.959713
109	161	0.948464
109	162	1.07722
109	163	0.944675
109	166	0.966673
109	168	0.940729
109	169	0.981716
109	170	0.954886
109	173	0.949082
109	174	0.967508
109	175	0.965789
109	176	0.971008
109	177	0.960683
109	178	0.970472
109	179	0.962015
109	180	0.956589
110	6	1.01315
110	26	0.953475
110	40	1.04515
110	43	0.914435
110	75	0.92825
110	80	1.01147
110	91	1.02411
110	101	1.09585
110	103	0.96001
110	107	1.00551
110	108	1.01735
110	112	0.982273
110	122	0.930854
110	130	0.959915
110	137	0.955079
110	140	0.936443
110	141	0.96253
110	160	1.03089
110	166	1.05328
110	169	1.02718
110	171	0.94977
110	173	1.07619
110	175	1.04516
110	177	1.05199
110	178	1.0379
110	179	1.04374
111	70	1.03021
111	109	1.0468
111	128	1.00249
111	129	1.00766
111	132	0.934149
111	133	0.940202
111	135	1.0487
111	142	1.04394
111	143	0.986407
111	145	1.00051
111	147	0.993961
111	148	0.992492
111	151	1.02415
111	152	1.03014
111	153	0.998981
111	156	1.03485
111	157	0.962932
111	158	1.0188
111	159	0.942459
111	160	1.03191
111	162	1.02402
111	164	1.00401
111	166	0.966578
111	168	0.994392
111	172	1.00091
111	174	0.964028
111	180	0.986182
112	45	1.06044
112	59	0.96727
112	63	1.04186
112	80	1.04994
112	82	1.01026
112	91	1.06258
112	103	0.998482
112	107	1.04398
112	108	1.05582
112	110	0.982273
112	116	0.998888
112	121	1.02688
112	122	0.969325
112	123	1.02348
112	127	0.972726
112	130	0.998387
112	134	0.964053
112	137	0.993551
112	140	0.974914
112	141	1.001
112	156	1.32209
112	160	0.898567
112	167	0.918111
112	174	0.918398
112	178	0.905569
112	179	0.911414
112	180	0.940553
113	5	1.16603
113	21	1.10237
113	27	0.747747
113	31	1.16453
113	46	0.88605
113	52	1.11558
113	57	1.08758
113	61	1.03763
113	64	1.13419
113	72	1.09763
113	73	1.09763
113	74	1.09715
113	79	1.05019
113	81	0.816481
113	84	1.20777
113	88	0.920011
113	100	1.12974
113	126	0.896101
113	138	0.871524
113	144	1.09967
113	157	0.861982
113	163	0.899071
113	169	0.839531
113	171	1.21232
113	173	0.888545
113	174	0.863078
113	175	0.857509
113	177	0.864339
114	5	1.01521
114	8	1.0098
114	21	0.951544
114	22	1.28278
114	25	1.1098
114	29	1.1081
114	44	0.911615
114	47	0.984941
114	61	0.886801
114	64	0.983361
114	69	0.96914
114	72	0.946801
114	73	0.946801
114	81	0.941942
114	83	0.992118
114	89	0.969418
114	94	1.02235
114	102	0.964735
114	119	1.02747
114	127	1.04287
114	149	1.00109
114	157	0.987442
114	160	0.968707
114	167	0.988251
114	168	1.0189
114	170	1.00863
114	177	0.9898
114	179	0.981555
115	8	0.855644
115	10	0.961138
115	48	0.971186
115	74	1.00809
115	84	0.881289
115	90	1.1433
115	94	0.927087
115	97	1.04396
115	105	0.911678
115	119	0.937641
115	121	0.948844
115	124	1.0366
115	137	1.00609
115	145	1.00655
115	151	1.03019
115	154	1.02047
115	156	1.04089
115	158	1.02484
115	161	1.01174
115	162	1.03006
115	164	1.01005
115	165	1.01836
115	168	1.00401
115	175	1.02907
115	176	1.03429
115	177	1.02396
115	178	1.03375
115	179	1.02529
115	180	1.01987
116	48	1.06117
116	54	1.05687
116	67	1.09197
116	92	0.994775
116	105	1.00166
116	112	0.998888
116	124	1.0624
116	153	1.11777
116	155	1.01142
116	157	0.977865
116	158	1.06615
116	159	0.96319
116	161	0.951941
116	162	1.07494
116	163	0.948152
116	164	1.06693
116	165	0.958561
116	166	0.97015
116	168	0.944206
116	169	0.985192
116	170	0.958363
116	173	0.952559
116	174	0.970985
116	175	0.969266
116	176	0.974485
116	177	0.96416
116	178	0.973949
116	179	0.965492
116	180	0.960066
117	16	0.928902
117	55	0.98068
117	62	0.929915
117	65	0.946195
117	68	1.03217
117	120	0.907446
117	129	0.993251
117	141	0.939231
117	153	1.00979
117	154	0.998055
117	157	1.03736
117	158	0.958174
117	159	1.02268
117	161	1.01144
117	162	0.966965
117	163	1.00765
117	165	1.01806
117	166	1.02965
117	168	1.0037
117	169	1.04469
117	170	1.01786
117	173	1.01205
117	174	1.03048
117	175	1.02876
117	176	1.03398
117	177	1.02366
117	178	1.03344
117	179	1.02499
117	180	1.01956
118	3	1.05379
118	30	0.990618
118	34	0.937323
118	35	0.953419
118	36	1.07585
118	49	1.00305
118	50	0.995826
118	65	1.02155
118	71	0.975968
118	77	0.955027
118	81	0.961489
118	86	1.01207
118	90	0.920817
118	93	0.972799
118	98	0.939472
118	101	1.05321
118	104	0.98207
118	105	1.03151
118	119	1.05357
118	121	1.01986
118	127	1.06241
118	132	0.978208
118	146	1.03551
118	161	1.03764
118	167	1.00539
118	170	1.02818
118	171	0.90713
118	172	1.03206
118	175	1.00252
118	176	1.01223
119	23	1.03538
119	28	1.00081
119	44	0.984568
119	49	1.0499
119	65	1.06841
119	77	1.00188
119	83	1.06507
119	89	1.04237
119	90	0.967668
119	94	1.0953
119	97	0.986288
119	98	0.986323
119	99	0.932182
119	102	1.03769
119	105	1.07836
119	114	1.02747
119	115	0.937641
119	118	1.05357
119	121	1.06671
119	126	0.980159
119	127	1.00146
119	160	0.927304
119	167	1.05224
119	168	0.9775
119	169	0.923589
119	170	0.967225
119	172	0.971107
119	175	0.941567
119	176	0.951284
119	178	0.934307
119	180	0.96929
120	55	1.03615
120	101	0.980053
120	104	0.908911
120	106	1.02994
120	117	0.907446
120	128	1.02181
120	131	1.08764
120	135	1.06801
120	136	1.04802
120	142	1.01484
120	143	1.00572
120	145	1.01983
120	147	1.01328
120	148	1.01181
120	149	0.947478
120	151	1.04347
120	152	1.04946
120	153	1.0183
120	154	1.03375
120	156	1.05417
120	158	1.03812
120	160	1.05123
120	162	1.04334
120	163	0.970921
120	164	1.02333
120	166	0.937478
120	171	0.833972
120	172	1.02022
120	174	0.934928
120	177	0.936189
120	178	0.922099
121	22	1.25258
121	65	1.0347
121	71	0.989113
121	75	0.972854
121	80	1.05607
121	90	0.933962
121	93	0.985945
121	99	0.943385
121	103	1.00461
121	105	1.04465
121	109	1.04112
121	112	1.02688
121	115	0.948844
121	118	1.01986
121	119	1.06671
121	122	0.975457
121	123	1.02961
121	130	1.00452
121	133	0.934513
121	134	1.00399
121	137	0.999682
121	140	0.981046
121	141	1.00713
121	146	1.04866
121	160	0.938507
121	167	1.01853
121	168	0.988703
121	170	0.978428
121	171	0.857382
121	172	0.98231
121	173	0.983806
121	174	0.958339
122	22	1.33889
122	26	0.940528
122	40	1.0322
122	43	0.901488
122	57	1.11655
122	59	0.91585
122	63	0.990442
122	75	0.915303
122	80	0.998518
122	82	0.95884
122	85	0.974329
122	91	1.01116
122	103	0.947062
122	108	1.0044
122	110	0.930854
122	112	0.969325
122	121	0.975457
122	123	0.972056
122	130	0.946968
122	133	1.02083
122	137	0.942131
122	140	0.923495
122	141	0.949582
122	146	1.02222
122	159	1.02309
122	168	1.07502
122	170	1.06474
122	171	0.943698
122	172	1.06863
122	173	1.07012
122	178	1.03183
122	179	1.03767
123	6	1.05435
123	26	0.994678
123	43	0.955638
123	59	0.97
123	63	1.04459
123	75	0.969452
123	80	1.05267
123	82	1.01299
123	85	1.02848
123	91	1.06531
123	97	1.42656
123	99	0.891493
123	101	0.951572
123	103	1.00121
123	107	1.04671
123	112	1.02348
123	121	1.02961
123	122	0.972056
123	130	1.00112
123	134	0.952103
123	137	0.996281
123	140	0.977645
123	141	1.00373
123	161	0.936
123	164	1.35955
123	165	0.927105
123	166	0.908998
123	169	0.882901
123	171	0.805491
123	172	0.930419
123	173	0.931915
123	174	0.906447
124	35	0.927238
124	54	1.01931
124	70	1.04808
124	76	1.03337
124	115	1.0366
124	116	1.0624
124	125	0.935616
124	128	0.998542
124	129	1.00371
124	135	1.04475
124	136	1.02476
124	143	0.982457
124	145	0.996563
124	146	0.959474
124	147	0.990011
124	148	0.988542
124	150	0.968647
124	151	1.0202
124	152	1.02619
124	153	0.995032
124	154	1.01048
124	155	0.915306
124	156	1.0309
124	158	1.01485
124	162	1.02007
124	164	1.00006
124	166	0.984456
124	168	1.01227
124	172	0.996957
124	176	0.986054
124	179	0.974922
124	180	1.00406
125	7	0.938162
125	64	0.915358
125	71	0.99603
125	87	0.96273
125	93	1.01716
125	124	0.935616
125	136	0.94438
125	148	0.987543
125	151	0.944523
125	154	0.979246
125	155	1.07809
125	156	0.890734
125	157	1.04453
125	158	0.939366
125	159	1.02986
125	161	1.01861
125	163	1.01482
125	164	0.940145
125	165	1.02523
125	166	1.03682
125	168	1.01087
125	169	1.05186
125	170	1.02503
125	173	1.01923
125	174	1.03765
125	175	1.03593
125	176	1.04115
125	177	1.03083
125	178	1.04062
125	179	1.03216
125	180	1.02673
126	1	0.983154
126	5	0.958229
126	61	1.17348
126	63	1.03974
126	83	1.02753
126	84	0.923807
126	94	0.969605
126	98	1.14506
126	103	1.05224
126	113	0.896101
126	119	0.980159
126	137	1.04861
126	141	0.999736
126	143	0.960888
126	148	0.966973
126	151	0.998631
126	153	0.973462
126	154	0.988914
126	156	1.00933
126	158	0.993283
126	162	0.998505
126	164	0.978493
126	166	0.998395
126	169	1.01344
126	170	0.986608
126	172	0.975387
126	173	0.980804
126	175	0.997511
126	176	1.00273
126	177	0.992405
126	178	1.00219
126	179	0.993737
126	180	0.988311
127	15	0.966651
127	25	0.906042
127	47	1.05343
127	74	1.07191
127	80	0.963766
127	86	1.0411
127	112	0.972726
127	114	1.04287
127	118	1.06241
127	119	1.00146
127	130	1.03317
127	140	1.08924
127	149	0.976269
127	150	0.997838
127	155	1.03508
127	156	0.991352
127	157	1.00153
127	159	0.98685
127	161	0.975602
127	163	0.971813
127	165	0.982222
127	166	0.993811
127	168	0.967866
127	169	1.00885
127	170	0.982024
127	173	0.97622
127	174	0.994646
127	175	0.992927
127	176	0.998145
127	177	0.987821
127	178	0.997609
127	179	0.989152
127	180	0.983727
128	32	1.03531
128	106	1.08794
128	111	1.00249
128	120	1.02181
128	124	0.998542
128	129	0.975634
128	131	1.14564
128	134	1.03858
128	135	1.01667
128	136	0.996683
128	138	1.00138
128	145	0.968488
128	147	0.961936
128	148	0.960467
128	151	0.992126
128	152	0.998118
128	153	0.966957
128	154	0.982409
128	156	1.00283
128	157	0.991833
128	158	0.986778
128	159	0.971361
128	160	0.999885
128	161	1.02248
128	162	0.992
128	164	0.971987
128	166	0.99548
128	167	0.992642
128	172	0.968882
128	175	0.987361
128	178	0.980101
128	179	0.985946
128	180	1.01508
129	95	1.00973
129	101	1.06586
129	111	1.00766
129	117	0.993251
129	124	1.00371
129	128	0.975634
129	135	1.02184
129	136	1.00185
129	138	1.02918
129	139	1.01656
129	143	0.959549
129	145	0.973655
129	146	0.998301
129	147	0.967104
129	148	0.965634
129	151	0.997293
129	152	1.00329
129	153	0.972124
129	154	0.987576
129	155	0.954133
129	156	1.00799
129	157	1.01964
129	158	0.991945
129	160	1.00505
129	162	0.997167
129	164	0.977154
129	166	1.02328
129	167	1.02045
129	168	1.0511
129	169	0.997186
129	172	0.974049
129	174	1.02073
129	176	1.02488
130	6	1.02926
130	13	1.23108
130	40	1.06126
130	43	0.93055
130	45	1.12088
130	59	0.944912
130	63	1.0195
130	75	0.944364
130	80	1.02758
130	82	0.987901
130	85	1.00339
130	91	1.04023
130	103	0.976124
130	107	1.02162
130	110	0.959915
130	112	0.998387
130	121	1.00452
130	122	0.946968
130	123	1.00112
130	127	1.03317
130	137	0.971193
130	140	0.952557
130	141	0.978644
130	150	0.965579
130	159	0.957269
130	163	1.01483
130	166	0.981388
130	167	0.97855
130	173	1.00431
130	175	0.973269
130	177	0.980099
130	179	0.971854
130	180	1.00099
131	2	0.935691
131	16	0.947571
131	17	0.958794
131	38	0.873194
131	41	1.23411
131	42	0.862444
131	62	0.95185
131	64	1.11436
131	78	0.962477
131	80	1.06215
131	87	0.928575
131	92	0.981692
131	96	0.949014
131	105	1.07388
131	120	1.08764
131	128	1.14564
131	141	1.11942
131	142	0.881319
131	143	1.14403
131	148	1.18654
131	158	1.13837
131	159	0.923216
131	162	1.14716
131	163	0.908178
131	164	1.13915
131	166	0.930176
131	168	0.904231
131	169	0.945218
131	173	0.912585
131	174	0.931011
131	176	0.93451
131	177	0.924186
131	178	0.933975
131	180	0.920092
132	1	0.920252
132	26	1.00101
132	28	1.01261
132	66	0.926859
132	87	0.979142
132	103	0.989341
132	111	0.934149
132	118	0.978208
132	141	0.936833
132	142	0.977598
132	143	0.961441
132	144	1.01498
132	145	1.0132
132	149	1.00891
132	152	0.928609
132	154	0.995657
132	155	1.06772
132	157	1.03417
132	159	1.01949
132	161	1.00825
132	163	1.00446
132	165	1.01487
132	166	1.02645
132	168	1.00051
132	169	1.0415
132	170	1.01467
132	173	1.00886
132	174	1.02729
132	175	1.02557
132	176	1.03079
132	177	1.02046
132	178	1.03025
132	179	1.0218
132	180	1.01637
133	9	0.963108
133	32	0.954636
133	55	0.984336
133	78	0.932897
133	93	1.03962
133	107	0.947513
133	111	0.940202
133	121	0.934513
133	122	1.02083
133	139	1.03094
133	143	0.967493
133	150	1.02654
133	153	1.01345
133	155	1.06378
133	157	1.03023
133	158	0.96183
133	159	1.01555
133	161	1.0043
133	162	0.97062
133	163	1.00051
133	164	0.962609
133	165	1.01092
133	166	1.02251
133	168	0.996568
133	169	1.03755
133	170	1.01072
133	173	1.00492
133	174	1.02335
133	175	1.02163
133	176	1.02685
133	177	1.01652
133	178	1.02631
133	179	1.01785
133	180	1.01243
134	15	0.957978
134	25	0.897369
134	50	1.005
134	89	1.02504
134	96	0.955587
134	102	1.04501
134	112	0.964053
134	121	1.00399
134	123	0.952103
134	128	1.03858
134	136	1.03633
134	137	1.06124
134	139	1.01166
134	141	1.01237
134	149	0.985686
134	150	1.00726
134	155	1.0445
134	157	1.01094
134	159	0.996267
134	161	0.985019
134	162	1.0401
134	163	0.98123
134	165	0.991639
134	166	1.00323
134	168	0.977283
134	169	1.01827
134	170	0.991441
134	173	0.985637
134	174	1.00406
134	175	1.00234
134	176	1.00756
134	177	0.997238
134	178	1.00703
134	179	0.998569
134	180	0.993144
135	24	1.00021
135	57	1.02217
135	70	1.01646
135	111	1.0487
135	120	1.06801
135	124	1.04475
135	128	1.01667
135	129	1.02184
135	136	1.04289
135	142	1.03019
135	143	1.00059
135	144	1.00303
135	145	1.01469
