1	30	0.444925
1	63	0.470503
1	73	1.3109
1	117	0.521529
1	127	0.492178
1	130	1.3951
1	147	1.37964
1	149	1.40522
1	150	1.38476
1	164	1.36446
1	167	1.36002
1	179	0.477547
2	36	1.4265
2	67	0.44291
2	97	0.492745
2	130	1.36805
2	133	0.483355
2	146	1.3399
2	153	1.4044
2	155	1.39089
2	164	1.33741
2	167	1.33297
2	169	0.502522
2	171	0.486482
3	43	0.488967
3	96	1.4314
3	103	0.462983
3	123	1.38143
3	128	1.40264
3	130	0.475098
3	147	1.34627
3	148	1.34552
3	162	0.488224
3	170	0.485267
3	176	1.35588
3	178	1.33696
4	48	0.468984
4	51	0.423061
4	64	0.532914
4	118	1.38007
4	132	0.509462
4	136	1.39443
4	161	1.37143
4	162	1.36256
4	166	1.35394
4	168	0.458698
4	179	1.37647
4	180	1.3612
5	47	0.484256
5	111	0.474284
5	136	1.38821
5	137	0.486734
5	152	0.456223
5	159	0.493934
5	171	1.36857
5	172	1.40339
5	174	1.35683
5	177	1.35799
5	179	1.37025
5	180	1.35498
6	69	0.483944
6	88	0.444704
6	106	0.484764
6	109	1.44014
6	144	0.493267
6	159	0.48801
6	162	1.35481
6	173	1.38684
6	175	1.33983
6	177	1.35645
6	179	1.36872
6	180	1.35344
7	14	0.570923
7	28	1.38781
7	44	1.44209
7	94	1.47255
7	96	0.388052
7	98	1.53452
7	103	1.49185
7	139	0.413349
7	143	0.419883
7	172	1.47123
7	174	0.40817
8	21	0.491215
8	51	1.45818
8	113	1.36095
8	118	0.477158
8	134	0.465537
8	149	1.37492
8	150	1.35446
8	155	1.38764
8	164	1.33416
8	166	0.485692
8	167	1.32972
8	180	0.48176
9	74	0.458396
9	90	1.39524
9	104	1.37549
9	110	0.490401
9	112	0.488024
9	116	1.35904
9	119	1.33826
9	129	1.39646
9	170	0.494813
9	172	0.471661
9	176	1.37715
9	178	1.35823
10	15	0.397734
10	64	0.537781
10	99	1.34541
10	132	0.514329
10	140	1.41793
10	144	0.481644
10	149	1.37563
10	150	1.35517
10	155	1.38835
10	167	1.33044
10	172	1.38713
10	174	0.467952
11	51	0.459305
11	64	1.27911
11	68	1.33963
11	77	0.467898
11	88	1.43553
11	143	1.37597
11	146	1.35669
11	153	1.42119
11	156	0.519283
11	160	0.480395
11	168	1.39186
11	172	0.474832
12	90	0.580801
12	154	0.616661
12	155	0.588035
12	156	1.17218
12	160	1.24701
12	161	1.19654
12	162	1.18767
12	173	1.2197
12	177	1.18931
12	178	0.61089
12	179	1.20158
12	180	1.1863
13	61	0.574312
13	121	0.642532
13	128	0.596011
13	153	0.583811
13	162	1.18903
13	166	1.18041
13	170	1.19363
13	172	1.23608
13	173	1.22106
13	174	1.18952
13	179	1.20294
13	180	1.18766
14	7	0.570923
14	17	0.574581
14	98	0.613873
14	101	1.16476
14	135	1.22166
14	137	1.19943
14	138	1.19943
14	142	1.23579
14	148	1.18821
14	168	1.21144
14	172	0.64324
14	178	1.17965
15	10	0.397734
15	28	0.47109
15	81	0.402322
15	126	0.432208
15	146	0.446597
15	156	1.47234
15	159	0.443202
15	162	1.48783
15	170	1.49242
15	171	1.50006
15	174	1.48832
15	175	1.47285
15	180	1.48646
16	73	0.482061
16	99	0.443008
16	147	0.435365
16	153	0.392681
16	162	1.47991
16	163	1.51704
16	168	0.417545
16	170	1.48451
16	175	1.46494
16	177	1.48155
16	178	0.425321
16	179	1.49382
16	180	1.47855
17	14	0.574581
17	114	0.406657
17	128	0.394778
17	144	0.425521
17	155	0.392363
17	158	0.400856
17	160	1.53449
17	170	1.47975
17	171	1.48739
17	174	1.47565
17	175	1.46018
17	179	1.48906
17	180	1.47379
18	44	1.28267
18	84	1.18228
18	92	0.513912
18	93	1.322
18	94	1.31313
18	95	0.535316
18	98	1.3751
18	99	1.27009
18	130	0.517696
18	140	1.34261
18	152	0.499933
18	172	1.31181
18	175	0.532312
19	24	1.26512
19	43	1.30119
19	47	0.525594
19	80	1.34738
19	84	1.19548
19	94	1.32634
19	99	1.2833
19	136	0.519121
19	140	1.35582
19	163	0.502119
19	166	0.536821
19	172	1.32501
19	176	0.516225
20	33	0.583258
20	34	1.35241
20	104	1.2769
20	109	0.490612
20	153	1.32076
20	158	1.32438
20	163	1.2961
20	168	1.29143
20	171	0.51029
20	174	0.514819
20	176	1.27855
20	177	0.508956
20	178	1.25963
21	8	0.491215
21	81	1.36249
21	116	1.27459
21	124	1.27987
21	139	0.52567
21	144	1.28428
21	153	1.3349
21	156	0.540445
21	159	1.28451
21	161	0.524753
21	162	0.522104
21	168	1.30556
21	178	1.27377
22	44	0.522702
22	68	1.26673
22	69	0.528017
22	75	1.36763
22	87	1.31644
22	101	1.27227
22	123	1.33163
22	132	1.25182
22	169	0.535159
22	172	0.49915
22	173	0.516554
22	176	1.30608
22	178	1.28716
23	26	0.541214
23	75	1.34484
23	93	1.32095
23	110	0.512094
23	123	1.30884
23	144	1.27489
23	147	1.27368
23	158	1.32912
23	171	0.513322
23	174	0.517852
23	175	0.520955
23	176	1.28329
23	178	1.26437
24	19	1.26512
24	68	0.526555
24	94	1.32615
24	117	0.553801
24	140	1.35563
24	142	0.501233
24	172	1.32483
24	173	1.30981
24	175	1.2628
24	176	0.500072
24	177	1.27942
24	178	0.514074
24	180	1.27641
25	30	0.407634
25	102	0.422264
25	120	0.407449
25	121	1.4284
25	126	1.48556
25	132	0.487498
25	134	1.50077
25	135	1.50398
25	137	1.48175
25	138	1.48175
25	142	1.51811
25	158	0.430149
25	165	0.447501
26	23	0.541214
26	86	0.515507
26	122	0.514973
26	126	0.525789
26	152	0.499071
26	166	1.2865
26	170	1.29972
26	171	1.30735
26	173	1.32715
26	175	1.28015
26	177	1.29677
26	179	1.30903
26	180	1.29376
27	56	0.546495
27	68	0.527846
27	153	0.482725
27	154	0.521136
27	162	1.29339
27	166	1.28477
27	170	1.29798
27	171	1.30562
27	173	1.32542
27	174	1.29388
27	178	0.515365
27	179	1.3073
27	180	1.29202
28	7	1.38781
28	15	0.47109
28	43	1.27747
28	44	1.27217
28	84	1.17177
28	94	1.30262
28	98	1.36459
28	103	1.32193
28	162	0.542921
28	163	0.51659
28	172	1.3013
28	176	0.530696
28	179	0.540443
29	104	0.411416
29	117	0.452648
29	121	0.439001
29	124	0.413682
29	132	0.455907
29	143	0.421243
29	157	1.50207
29	166	1.4755
29	170	1.48872
29	171	1.49636
29	175	1.46915
29	177	1.48577
29	180	1.48276
30	1	0.444925
30	25	0.407634
30	35	0.535805
30	123	0.472685
30	157	1.40883
30	161	1.39976
30	170	1.39548
30	171	1.40312
30	173	1.42292
30	175	1.37591
30	176	0.460885
30	178	0.474887
30	179	1.4048
30	180	1.38952
31	91	0.54379
31	150	0.558052
31	151	0.562179
31	156	1.22998
31	157	1.26341
31	162	1.24547
31	164	0.574693
31	166	1.23685
31	169	1.25692
31	174	1.24596
31	175	1.23049
31	176	0.55698
31	177	1.24711
31	180	1.2441
32	40	0.484302
32	83	1.41805
32	103	0.450716
32	147	0.487778
32	153	0.445094
32	156	1.38178
32	157	1.41521
32	158	0.463373
32	161	1.40614
32	170	1.40186
32	175	1.38229
32	176	0.463733
32	177	1.39891
32	180	1.3959
33	20	0.583258
33	36	0.536282
33	139	1.26396
33	149	0.558394
33	155	0.553958
33	156	1.22477
33	161	1.24912
33	166	1.23163
33	171	1.25248
33	173	1.27228
33	175	1.22528
33	176	0.562812
33	177	1.24189
33	180	1.23888
34	20	1.35241
34	52	1.48646
34	57	0.500862
34	113	0.442787
34	143	1.40062
34	154	1.38046
34	159	1.39546
34	161	0.462754
34	162	0.460106
34	165	1.39622
34	166	0.468477
34	169	0.470004
34	176	1.40364
34	178	1.38472
35	30	0.535805
35	44	1.23138
35	69	1.21035
35	84	1.13099
35	93	1.27071
35	94	1.26184
35	98	1.32381
35	99	1.2188
35	105	0.557578
35	125	0.561662
35	140	1.29132
35	147	0.582725
35	172	1.26052
35	177	0.563429
36	2	1.4265
36	33	0.536282
36	90	1.41218
36	109	0.443636
36	111	1.40799
36	114	1.3985
36	133	0.460187
36	136	0.460127
36	159	1.38592
36	165	1.38668
36	168	1.40697
36	171	0.463314
36	172	0.443346
36	178	1.37517
37	84	0.615956
37	116	0.565191
37	125	1.24834
37	126	0.554004
37	128	1.29207
37	140	0.532513
37	150	1.24082
37	153	0.527311
37	155	1.274
37	161	1.23459
37	167	1.21608
37	170	1.23032
37	179	1.23963
37	180	1.22436
38	57	0.498894
38	73	1.33357
38	101	0.492891
38	112	1.42876
38	113	1.41391
38	141	1.37423
38	149	1.42788
38	152	1.45193
38	159	0.46496
38	163	0.431806
38	164	1.38713
38	165	0.462905
38	167	1.38269
38	177	0.450662
39	64	0.619163
39	90	0.522635
39	110	1.26356
39	112	1.25826
39	141	1.20373
39	149	1.25738
39	150	1.23692
39	152	1.28142
39	155	1.2701
39	162	0.550947
39	164	1.21662
39	167	1.21218
39	175	0.552438
39	180	0.555386
40	32	0.484302
40	77	0.483511
40	90	1.34368
40	114	1.32999
40	118	0.516391
40	146	1.3033
40	153	1.3678
40	154	1.30241
40	155	0.495477
40	158	1.37142
40	159	1.31741
40	168	1.33846
40	170	0.513598
40	176	1.32559
40	177	0.509079
41	47	0.495856
41	106	0.502288
41	112	0.488964
41	119	0.511519
41	131	1.3714
41	138	0.5068
41	150	0.487558
41	156	1.30957
41	171	1.33729
41	173	1.35709
41	174	1.32555
41	175	1.31008
41	177	1.3267
41	179	1.33897
41	180	1.32369
42	104	0.500296
42	107	1.32914
42	113	1.33162
42	130	1.33547
42	149	1.34559
42	150	1.32513
42	152	1.36963
42	155	1.35831
42	156	0.518365
42	159	0.506846
42	163	0.473693
42	164	1.30483
42	167	1.30039
42	179	0.497545
42	180	0.504463
43	3	0.488967
43	19	1.30119
43	28	1.27747
43	69	1.31072
43	80	1.38325
43	84	1.23136
43	98	1.42418
43	99	1.31918
43	120	0.473669
43	124	0.511492
43	140	1.3917
43	145	0.508295
43	170	0.505996
43	172	1.36089
43	180	0.513393
44	7	1.44209
44	18	1.28267
44	22	0.522702
44	28	1.27217
44	35	1.23138
44	69	1.30542
44	71	0.463957
44	80	1.37795
44	98	1.41887
44	99	1.31387
44	114	0.498867
44	161	0.508301
44	166	0.514023
44	172	1.35558
44	176	0.493427
45	103	0.480594
45	116	0.512852
45	126	0.501664
45	129	0.499957
45	139	1.34671
45	145	1.34779
45	151	0.498809
45	161	1.33188
45	168	0.499835
45	170	1.3276
45	173	1.35504
45	175	1.30803
45	177	1.32465
45	179	1.33691
45	180	1.32164
46	81	0.586168
46	106	1.2019
46	120	0.58494
46	121	1.14137
46	122	1.22144
46	126	1.19853
46	134	1.21375
46	135	1.21695
46	137	1.19472
46	138	1.19472
46	142	1.23108
46	163	0.593894
46	169	1.18573
46	170	0.617267
46	174	0.618612
47	5	0.484256
47	19	0.525594
47	41	0.495856
47	100	1.36551
47	110	1.34645
47	119	1.28541
47	125	0.496112
47	127	0.517508
47	152	1.36431
47	153	1.36651
47	155	1.35299
47	160	0.484808
47	164	1.29951
47	167	1.29507
47	176	1.3243
48	4	0.468984
48	91	1.34016
48	122	1.34683
48	126	1.32392
48	134	1.33914
48	135	1.34234
48	137	1.32011
48	138	1.32011
48	139	0.516062
48	142	1.35647
48	149	0.495854
48	169	1.31112
48	173	0.50379
48	175	0.513987
48	177	0.505021
49	69	0.507664
49	71	0.463211
49	115	1.31697
49	121	1.27967
49	126	1.33683
49	134	1.35205
49	135	1.35525
49	137	1.33302
49	138	1.33302
49	142	1.36938
49	164	0.510395
49	169	1.32404
49	174	0.503295
49	178	0.506684
49	180	0.509346
50	76	1.21703
50	102	0.524474
50	108	1.28482
50	121	1.22708
50	122	1.30715
50	126	1.28424
50	134	1.29946
50	135	1.30266
50	137	1.28043
50	138	1.28043
50	142	1.31679
50	152	0.514056
50	162	0.544945
50	171	0.538803
50	175	0.546435
50	177	0.537469
51	4	0.423061
51	8	1.45818
51	11	0.459305
51	83	0.465914
51	94	0.452453
51	95	0.471068
51	105	1.41359
51	107	1.42854
51	118	0.46641
51	130	1.43487
51	141	1.39134
51	145	0.465915
51	149	1.44499
51	150	1.42453
51	164	1.40423
51	167	1.39979
52	34	1.48646
52	88	1.46915
52	102	0.441989
52	111	1.4265
52	117	1.36211
52	136	0.453131
52	144	1.4042
52	148	1.40224
52	151	1.4195
52	156	0.480801
52	159	1.40443
52	160	0.441913
52	161	0.465108
52	166	0.470831
52	168	1.42548
52	177	0.454984
53	66	1.32874
53	101	1.2472
53	106	0.537797
53	123	1.30657
53	124	1.2682
53	132	1.22675
53	146	1.25872
53	158	1.32684
53	168	1.29389
53	171	0.528079
53	174	0.532608
53	175	0.535711
53	176	1.28102
53	178	1.2621
53	179	0.531742
53	180	0.53866
54	65	1.43494
54	110	1.44007
54	112	1.43477
54	121	0.479475
54	130	1.42377
54	138	0.459707
54	141	1.38024
54	152	1.45793
54	154	0.459166
54	155	1.44661
54	164	1.39313
54	167	1.38869
54	170	0.448661
54	171	0.445476
54	175	0.453109
54	180	0.456057
55	114	1.43186
55	119	1.38856
55	129	1.44677
55	132	1.37319
55	133	0.44869
55	139	0.461523
55	148	1.41709
55	153	1.46966
55	159	1.41928
55	163	1.44499
55	167	0.47385
55	170	0.455
55	173	0.449251
55	178	1.40853
55	179	0.45548
55	180	0.462397
56	27	0.546495
56	69	1.24318
56	74	0.501741
56	80	1.31571
56	93	1.30353
56	99	1.25163
56	126	1.27054
56	134	1.28576
56	137	1.26674
56	138	1.26673
56	142	1.30309
56	143	0.551217
56	172	1.29334
56	173	0.53241
56	177	0.533641
56	179	0.538638
57	34	0.500862
57	38	0.498894
57	69	0.551723
57	104	0.549239
57	124	0.551505
57	136	1.29602
57	157	1.28209
57	160	1.32349
57	162	1.26415
57	168	0.542967
57	170	1.26874
57	171	1.27638
57	173	1.29618
57	174	1.26464
57	177	1.26579
57	180	1.26278
58	61	1.31684
58	92	1.29574
58	110	1.28785
58	111	0.523642
58	128	1.31246
58	141	1.22802
58	146	0.546687
58	149	1.28167
58	152	1.30571
58	155	1.29439
58	160	0.515922
58	162	0.536469
58	164	1.24091
58	166	0.54484
58	167	1.23647
58	170	0.533512
59	70	0.544414
59	92	0.521021
59	103	0.51269
59	125	1.29755
59	127	1.27894
59	138	0.546019
59	139	1.29864
59	150	0.526778
59	154	0.545479
59	156	1.25945
59	157	1.29287
59	162	1.27493
59	174	1.27542
59	175	1.25995
59	179	1.28884
59	180	1.27356
60	62	0.596537
60	106	1.28387
60	107	0.534847
60	115	1.26065
60	121	1.22335
60	122	1.30342
60	134	1.29572
60	135	1.29893
60	137	1.2767
60	138	1.2767
60	142	1.31306
60	152	0.50769
60	153	0.507715
60	163	0.512247
60	169	1.26771
60	178	0.540355
61	13	0.574312
61	58	1.31684
61	72	1.30502
61	80	0.444664
61	113	1.38293
61	116	0.474864
61	130	1.38679
61	132	0.512611
61	141	1.34325
61	147	1.37132
61	150	1.37645
61	154	0.475395
61	155	1.40962
61	160	0.4473
61	164	1.35615
61	167	1.35171
61	175	0.469338
62	60	0.596537
62	63	1.26817
62	67	1.35066
62	82	1.28699
62	85	0.562857
62	131	1.24248
62	135	0.555957
62	137	0.565791
62	150	0.555016
62	160	1.25548
62	161	1.20501
62	168	0.560169
62	171	1.20837
62	174	1.19663
62	175	1.18116
62	179	1.21005
62	180	1.19477
63	1	0.470503
63	62	1.26817
63	75	0.471102
63	93	0.489065
63	97	1.36704
63	140	0.473027
63	144	0.510768
63	145	1.38744
63	146	0.508907
63	153	0.467825
63	161	1.37153
63	162	1.36265
63	173	1.39468
63	174	1.36315
63	175	1.34768
63	179	1.37656
63	180	1.36129
64	4	0.532914
64	10	0.537781
64	11	1.27911
64	39	0.619163
64	129	1.24923
64	133	0.567158
64	143	1.2269
64	147	1.2203
64	151	1.23681
64	154	1.20673
64	158	1.27574
64	159	1.22174
64	168	1.24279
64	175	0.577917
64	176	1.22991
64	177	0.568951
64	178	1.21099
65	54	1.43494
65	70	1.3224
65	91	0.459591
65	102	1.38956
65	110	1.36895
65	116	0.492022
65	117	0.52651
65	118	0.484842
65	125	0.475763
65	130	1.35266
65	134	0.473222
65	149	1.36277
65	150	1.34232
65	152	1.38682
65	164	1.32202
65	167	1.31758
65	178	0.486782
66	53	1.32874
66	117	1.32702
66	118	0.487303
66	132	1.32324
66	144	1.3691
66	148	1.36715
66	151	1.38441
66	159	1.36933
66	163	1.39505
66	166	0.495837
66	173	0.47876
66	175	0.488957
66	176	1.3775
66	177	0.479991
66	178	1.35859
66	179	0.484988
66	180	0.491906
67	2	0.44291
67	62	1.35066
67	68	0.472754
67	81	0.424439
67	90	0.430185
67	116	0.465513
67	125	1.46776
67	147	0.470317
67	150	0.447343
67	155	0.437418
67	156	1.42966
67	157	1.46308
67	166	1.43652
67	171	1.45737
67	174	1.44563
67	177	1.44678
67	179	1.45905
67	180	1.44378
68	11	1.33963
68	22	1.26673
68	24	0.526555
68	27	0.527846
68	67	0.472754
68	81	1.36024
68	96	1.36596
68	111	1.30434
68	127	0.534622
68	143	1.28742
68	150	0.511315
68	151	1.29734
68	154	1.26725
68	157	0.50618
68	158	1.33626
68	168	1.30331
68	175	0.523959
68	178	1.27152
69	6	0.483944
69	22	0.528017
69	35	1.21035
69	43	1.31072
69	44	1.30542
69	49	0.507664
69	56	1.24318
69	57	0.551723
69	80	1.35691
69	84	1.20502
69	93	1.34474
69	94	1.33587
69	98	1.39784
69	103	1.35518
69	157	0.494679
69	165	0.515734
69	169	0.520865
69	172	1.33455
70	59	0.544414
70	65	1.3224
70	92	1.33543
70	107	1.30491
70	110	1.32754
70	113	1.30738
70	120	0.479409
70	121	0.54255
70	130	1.31124
70	131	0.507327
70	141	1.26771
70	149	1.32136
70	152	1.3454
70	158	0.502108
70	164	1.2806
70	167	1.27616
70	171	0.508551
70	178	0.51647
71	44	0.463957
71	49	0.463211
71	78	0.452623
71	96	1.51058
71	98	0.411037
71	118	1.43299
71	130	0.453389
71	135	0.456303
71	140	0.440853
71	142	0.455451
71	144	1.42666
71	160	1.47482
71	163	1.4526
71	170	1.42007
71	176	1.43506
71	177	1.41712
71	178	1.41614
71	180	1.41411
72	61	1.30502
72	77	1.31355
72	103	1.30196
72	107	1.2534
72	112	1.27072
72	119	0.565251
72	120	0.517159
72	130	1.25973
72	139	0.556009
72	141	1.21619
72	150	1.24939
72	152	1.29389
72	155	1.28257
72	157	0.536155
72	163	0.526112
72	164	1.22909
72	165	0.557211
72	167	1.22465
72	177	0.544968
73	1	1.3109
73	16	0.482061
73	38	1.33357
73	79	0.52374
73	86	0.552274
73	92	1.28149
73	97	0.566848
73	112	1.26829
73	130	1.2573
73	141	1.21376
73	148	0.566676
73	149	1.26742
73	150	1.24696
73	152	1.29146
73	155	1.28014
73	163	0.540395
73	164	1.22666
73	167	1.22222
73	178	0.568503
74	9	0.458396
74	56	0.501741
74	117	0.510339
74	123	0.46841
74	127	1.37266
74	140	0.443173
74	143	0.478935
74	144	0.480915
74	149	0.452192
74	160	1.42799
74	162	1.36864
74	166	1.36002
74	171	1.38088
74	172	1.41569
74	173	1.40068
74	175	1.35367
74	177	1.37029
74	179	1.38255
74	180	1.36728
75	22	1.36763
75	23	1.34484
75	63	0.471102
75	88	1.44789
75	97	0.480745
75	109	0.454804
75	111	1.40524
75	119	1.35244
75	131	0.473257
75	132	1.33707
75	137	0.480245
75	143	1.38832
75	163	1.40888
75	165	1.38392
75	169	0.490521
75	174	0.479011
75	176	1.39134
75	178	1.37242
75	179	0.478145
76	50	1.21703
76	89	0.569908
76	108	1.27247
76	115	1.25204
76	121	1.21474
76	122	1.29481
76	126	1.2719
76	134	1.28712
76	135	1.29032
76	136	0.53817
76	137	1.26809
76	138	1.26809
76	142	1.30445
76	157	0.531211
76	161	0.550148
76	169	1.2591
76	170	0.544542
76	172	0.521389
76	178	0.549276
77	11	0.467898
77	40	0.483511
77	72	1.31355
77	105	1.37403
77	106	0.478743
77	112	1.40631
77	113	1.39146
77	141	1.35178
77	145	0.474508
77	149	1.40544
77	150	1.38498
77	152	1.42948
77	155	1.41816
77	159	0.481989
77	163	0.448836
77	164	1.36468
77	165	0.479934
77	167	1.36024
77	169	0.485065
78	71	0.452623
78	79	0.451333
78	85	0.491007
78	92	1.40593
78	100	0.475888
78	105	1.36045
78	107	1.37541
78	110	1.39804
78	112	1.39274
78	113	1.37789
78	139	0.497885
78	145	0.49366
78	150	1.3714
78	152	1.4159
78	153	0.463455
78	155	1.40458
78	160	0.473772
78	164	1.3511
78	167	1.34666
79	73	0.52374
79	78	0.451333
79	85	0.461912
79	89	0.487633
79	95	0.469718
79	123	0.464799
79	144	0.477304
79	151	0.458199
79	157	1.39415
79	161	1.38508
79	162	1.37621
79	166	1.36759
79	171	1.38844
79	173	1.40824
79	174	1.3767
79	175	1.36124
79	177	1.37785
79	179	1.39012
79	180	1.37484
80	19	1.34738
80	43	1.38325
80	44	1.37795
80	56	1.31571
80	61	0.444664
80	69	1.35691
80	84	1.27755
80	87	0.4829
80	93	1.41727
80	94	1.4084
80	98	1.47037
80	140	1.43789
80	148	0.484978
80	162	0.485028
80	163	0.458697
80	165	0.489795
80	168	0.479028
80	172	1.40708
80	176	0.472803
81	15	0.402322
81	21	1.36249
81	46	0.586168
81	67	0.424439
81	68	1.36024
81	116	1.38149
81	124	1.38677
81	127	0.486307
81	132	1.34533
81	139	0.477719
81	143	1.39657
81	144	1.39119
81	151	1.40649
81	154	1.37641
81	168	1.41246
81	169	0.484052
81	177	0.466678
81	178	1.38067
81	180	0.478593
82	62	1.28699
82	96	0.4558
82	100	0.4591
82	121	0.505388
82	128	0.458866
82	140	0.451869
82	141	0.497175
82	143	0.48763
82	148	0.477481
82	157	1.39941
82	160	1.44081
82	162	1.38147
82	166	1.37285
82	171	1.3937
82	173	1.4135
82	174	1.38196
82	175	1.36649
82	177	1.38311
82	180	1.3801
83	32	1.41805
83	51	0.465914
83	92	0.49064
83	101	0.542304
83	111	0.494723
83	115	0.508649
83	118	1.32891
83	123	0.507125
83	129	0.501673
83	136	1.34327
83	140	0.481889
83	156	1.29592
83	160	1.37074
83	170	1.316
83	171	1.32363
83	173	1.34343
83	174	1.31189
83	177	1.31305
83	179	1.32531
83	180	1.31004
84	18	1.18228
84	19	1.19548
84	28	1.17177
84	35	1.13099
84	37	0.615956
84	43	1.23136
84	69	1.20502
84	80	1.27755
84	94	1.25651
84	95	0.570485
84	98	1.31848
84	99	1.21347
84	103	1.27581
84	124	0.56853
84	131	0.558625
84	140	1.28599
84	165	0.570759
84	168	0.559991
84	172	1.25519
84	176	0.553766
85	62	0.562857
85	78	0.491007
85	79	0.461912
85	90	1.35635
85	93	1.37592
85	114	1.34266
85	117	1.28777
85	119	1.29937
85	143	1.33525
85	144	1.32986
85	146	1.31597
85	154	1.31508
85	158	1.38409
85	160	0.484351
85	169	0.514796
85	170	0.501941
85	172	0.478788
85	176	1.33826
85	178	1.31934
85	180	0.509337
86	26	0.515507
86	73	0.552274
86	108	0.494544
86	116	1.31865
86	117	1.28626
86	123	1.3623
86	124	1.32394
86	128	1.38352
86	136	0.484429
86	145	1.34196
86	146	1.31446
86	148	1.32639
86	154	1.31357
86	158	1.38258
86	159	1.32858
86	169	0.503656
86	172	0.467648
86	174	0.492145
86	175	0.495249
86	178	1.31783
87	22	1.31644
87	80	0.4829
87	104	1.33849
87	117	1.28966
87	119	1.30125
87	124	1.32733
87	127	0.518236
87	142	0.495019
87	143	1.33713
87	144	1.33174
87	150	0.49493
87	158	1.38597
87	163	1.35769
87	166	0.514454
87	168	1.35302
87	173	0.497377
87	176	1.34014
87	177	0.498607
87	178	1.32123
87	179	0.503605
88	6	0.444704
88	11	1.43553
88	52	1.46915
88	75	1.44789
88	95	1.36288
88	99	0.491191
88	103	0.446486
88	115	0.472826
88	117	1.33585
88	131	0.464361
88	133	0.462459
88	144	1.37793
88	151	1.39324
88	153	1.42854
88	154	1.36315
88	158	1.43216
88	167	0.487619
88	170	0.46877
88	171	0.465586
88	176	1.38634
88	178	1.36742
89	76	0.569908
89	79	0.487633
89	98	0.475142
89	99	0.550082
89	111	1.29966
89	120	1.34735
89	121	0.558476
89	124	1.27294
89	125	0.521376
89	129	1.30508
89	132	1.2315
89	143	1.28274
89	151	1.29266
89	152	0.499731
89	153	1.32797
89	158	1.33159
89	159	1.27758
89	165	1.27834
89	166	0.53899
89	176	1.28576
89	178	1.26684
90	9	1.39524
90	12	0.580801
90	36	1.41218
90	39	0.522635
90	40	1.34368
90	67	0.430185
90	85	1.35635
90	109	0.454079
90	112	0.470152
90	119	1.30899
90	128	1.39464
90	132	1.29362
90	141	0.499544
90	147	1.33827
90	151	1.35478
90	153	1.39009
90	154	1.32469
90	159	1.3397
90	161	0.482547
90	164	0.485387
90	170	0.476941
90	176	1.34788
91	31	0.54379
91	48	1.34016
91	65	0.459591
91	106	1.35873
91	108	1.35593
91	115	1.3355
91	117	0.5243
91	120	0.447512
91	121	1.2982
91	122	1.37827
91	126	1.35536
91	134	1.37058
91	135	1.37378
91	136	0.473467
91	137	1.35155
91	138	1.35155
91	141	0.502441
91	142	1.38791
91	162	0.482796
91	164	0.488284
91	169	1.34256
91	179	0.480318
92	18	0.513912
92	58	1.29574
92	59	0.521021
92	70	1.33543
92	73	1.28149
92	78	1.40593
92	83	0.49064
92	93	0.481677
92	102	1.40259
92	105	1.3444
92	107	1.35936
92	109	0.465481
92	111	0.478473
92	130	1.36569
92	150	1.35535
92	151	0.484275
92	152	1.39985
92	155	1.38853
92	157	0.475013
92	164	1.33505
92	167	1.33061
92	174	0.489688
93	18	1.322
93	23	1.32095
93	35	1.27071
93	56	1.30353
93	63	0.489065
93	69	1.34474
93	80	1.41727
93	85	1.37592
93	92	0.481677
93	99	1.35319
93	102	0.478116
93	110	0.491217
93	137	0.498209
93	146	1.34515
93	148	1.35708
93	152	0.467698
93	153	1.40965
93	163	1.38498
93	172	1.39491
93	175	0.500077
93	179	0.496108
93	180	0.503026
94	7	1.47255
94	18	1.31313
94	19	1.32634
94	24	1.32615
94	28	1.30262
94	35	1.26184
94	51	0.452453
94	69	1.33587
94	80	1.4084
94	84	1.25651
94	98	1.44933
94	99	1.34433
94	115	0.495188
94	120	0.458805
94	129	0.488212
94	140	1.41685
94	144	0.506169
94	146	0.504308
94	165	0.498857
94	168	0.48809
94	169	0.503988
94	172	1.38604
95	18	0.535316
95	51	0.471068
95	79	0.469718
95	84	0.570485
95	88	1.36288
95	101	1.27252
95	111	1.32023
95	121	0.540561
95	123	1.33188
95	144	1.29793
95	148	1.29597
95	153	1.34854
95	154	1.28315
95	155	0.491626
95	156	0.531046
95	158	1.35216
95	159	1.29816
95	163	1.32387
95	168	1.31921
95	172	0.486594
95	176	1.30633
95	177	0.505229
95	178	1.28741
96	3	1.4314
96	7	0.388052
96	68	1.36596
96	71	1.51058
96	82	0.4558
96	98	0.431002
96	100	1.44652
96	108	0.487266
96	124	1.39249
96	135	0.476268
96	143	1.40229
96	144	1.3969
96	145	1.41051
96	147	1.3957
96	149	0.469837
96	151	1.41221
96	152	0.455591
96	155	0.465401
96	158	1.45114
96	160	0.465933
96	165	1.39789
96	167	0.502371
96	178	1.38639
97	2	0.492745
97	63	1.36704
97	73	0.566848
97	75	0.480745
97	117	0.549836
97	127	1.29902
97	131	1.34135
97	139	1.31872
97	140	0.48267
97	141	0.527976
97	157	1.31295
97	158	0.495747
97	160	1.35435
97	161	1.30388
97	166	1.28639
97	168	0.502332
97	170	1.29961
97	171	1.30724
97	173	1.32704
97	175	1.28004
97	176	0.496107
97	179	1.30892
97	180	1.29364
98	7	1.53452
98	14	0.613873
98	18	1.3751
98	28	1.36459
98	35	1.32381
98	43	1.42418
98	44	1.41887
98	69	1.39784
98	71	0.411037
98	80	1.47037
98	84	1.31848
98	89	0.475142
98	94	1.44933
98	96	0.431002
98	99	1.40629
98	103	1.46863
98	128	0.434069
98	158	0.440148
98	171	0.446591
98	172	1.44801
98	173	0.444027
98	178	0.45451
98	179	0.450255
99	10	1.34541
99	16	0.443008
99	18	1.27009
99	19	1.2833
99	35	1.2188
99	43	1.31918
99	44	1.31387
99	56	1.25163
99	84	1.21347
99	88	0.491191
99	89	0.550082
99	93	1.35319
99	94	1.34433
99	98	1.40629
99	103	1.36363
99	120	0.492389
99	128	0.50901
99	140	1.37381
99	146	0.537892
99	154	0.535222
99	163	0.501343
99	169	0.537572
99	172	1.343
100	47	1.36551
100	78	0.475888
100	82	0.4591
100	96	1.44652
100	101	1.33719
100	114	1.3754
100	117	1.32051
100	120	1.4326
100	123	1.39655
100	125	0.480537
100	129	1.39032
100	132	1.31674
100	133	0.480512
100	137	0.489402
100	146	1.34871
100	152	0.458891
100	159	1.36283
100	162	0.48978
100	168	1.38388
100	170	0.486822
100	175	0.49127
100	176	1.371
100	178	1.35208
100	180	0.494219
101	14	1.16476
101	22	1.27227
101	38	0.492891
101	53	1.2472
101	83	0.542304
101	95	1.27252
101	100	1.33719
101	105	0.529637
101	115	0.544062
101	116	1.27787
101	117	1.24548
101	120	1.35757
101	129	1.31529
101	132	1.24171
101	137	0.542586
101	144	1.28757
101	151	1.30287
101	154	1.27279
101	161	0.545612
101	168	1.30885
101	169	0.552862
101	171	0.536822
101	172	0.516854
101	176	1.29597
102	25	0.422264
102	50	0.524474
102	52	0.441989
102	65	1.38956
102	92	1.40259
102	93	0.478116
102	119	0.500548
102	123	0.487314
102	131	1.3993
102	135	0.477528
102	146	0.497958
102	147	1.36294
102	150	1.36806
102	151	0.480714
102	152	1.41256
102	163	1.39009
102	164	1.34776
102	167	1.34332
102	168	0.48174
102	170	1.35756
102	174	1.35345
102	177	1.35461
102	179	1.36687
102	180	1.3516
103	3	0.462983
103	7	1.49185
103	28	1.32193
103	32	0.450716
103	45	0.480594
103	59	0.51269
103	69	1.35518
103	72	1.30196
103	84	1.27581
103	88	0.446486
103	98	1.46863
103	99	1.36363
103	117	0.524473
103	129	0.477092
103	141	1.3402
103	149	1.39385
103	150	1.37339
103	155	1.40657
103	158	0.470384
103	164	1.35309
103	167	1.34865
103	172	1.40534
103	178	0.484746
103	180	0.487408
104	9	1.37549
104	20	1.2769
104	29	0.411416
104	42	0.500296
104	57	0.549239
104	87	1.33849
104	116	1.31003
104	122	0.493497
104	124	1.31531
104	129	1.34745
104	131	0.501117
104	139	0.512049
104	145	1.33333
104	151	1.33503
104	153	1.37034
104	158	1.37396
104	159	1.31995
104	163	1.34567
104	165	1.32071
104	169	0.518381
104	173	0.499777
104	174	0.50687
104	176	1.32813
104	178	1.30921
104	180	0.512922
105	35	0.557578
105	51	1.41359
105	77	1.37403
105	78	1.36045
105	92	1.3444
105	101	0.529637
105	110	1.3365
105	113	1.31635
105	120	0.459599
105	128	1.36112
105	141	1.27667
105	147	1.30474
105	149	1.33032
105	150	1.30987
105	152	1.35437
105	155	1.34304
105	156	0.513225
105	158	0.482299
105	164	1.28957
105	165	0.499651
105	167	1.28513
105	168	0.488884
105	171	0.488742
105	176	0.482659
105	180	0.499323
106	6	0.484764
106	41	0.502288
106	46	1.2019
106	53	0.537797
106	60	1.28387
106	77	0.478743
106	91	1.35873
106	108	1.34306
106	115	1.32263
106	121	1.28532
106	122	1.3654
106	126	1.34248
106	134	1.3577
106	135	1.36091
106	137	1.33868
106	138	1.33867
106	140	1.39609
106	142	1.37503
106	155	0.490709
106	160	0.49124
106	163	0.485456
106	166	0.520158
106	169	1.32969
106	173	0.503081
106	179	0.509309
107	42	1.32914
107	51	1.42854
107	60	0.534847
107	70	1.30491
107	72	1.2534
107	78	1.37541
107	92	1.35936
107	112	1.34616
107	120	0.469194
107	130	1.33516
107	139	0.508044
107	141	1.29163
107	143	0.514579
107	145	0.50382
107	147	1.3197
107	150	1.32482
107	151	0.497453
107	152	1.36932
107	155	1.358
107	158	0.491893
107	163	0.478147
107	164	1.30452
107	167	1.30008
107	168	0.498479
107	174	0.502866
108	50	1.28482
108	76	1.27247
108	86	0.494544
108	91	1.35593
108	96	0.487266
108	106	1.34306
108	115	1.31983
108	118	0.508833
108	121	1.28253
108	122	1.3626
108	126	1.33969
108	133	1.35524
108	134	1.35491
108	135	1.35811
108	137	1.33588
108	138	1.33588
108	142	1.37224
108	145	0.508338
108	146	0.519215
108	157	0.492709
108	158	0.496411
108	163	0.482665
108	165	0.513764
108	169	1.3269
108	176	0.496771
109	6	1.44014
109	20	0.490612
109	36	0.443636
109	75	0.454804
109	90	0.454079
109	92	0.465481
109	123	0.481966
109	125	1.39857
109	136	1.40783
109	141	0.502036
109	142	0.471327
109	147	0.494212
109	151	0.475365
109	155	0.461313
109	156	1.36047
109	157	1.3939
109	162	1.37595
109	166	1.36733
109	170	1.38055
109	171	1.38819
109	173	1.40799
109	174	1.37645
109	175	1.36098
109	177	1.3776
109	179	1.38986
109	180	1.37459
110	9	0.490401
110	23	0.512094
110	39	1.26356
110	47	1.34645
110	54	1.44007
110	58	1.28785
110	65	1.36895
110	70	1.32754
110	78	1.39804
110	93	0.491217
110	105	1.3365
110	112	1.36879
110	120	0.465556
110	123	0.500415
110	129	0.494963
110	130	1.35779
110	131	0.493474
110	141	1.31426
110	143	0.510941
110	149	1.36791
110	152	1.39195
110	155	1.38063
110	163	0.474509
110	164	1.32715
110	167	1.32271
110	172	0.474731
110	173	0.492134
111	5	0.474284
111	36	1.40799
111	52	1.4265
111	58	0.523642
111	68	1.30434
111	75	1.40524
111	83	0.494723
111	89	1.29966
111	92	0.478473
111	95	1.32023
111	112	0.485636
111	114	1.34809
111	124	1.33087
111	125	0.486141
111	142	0.484319
111	144	1.33528
111	151	1.35059
111	154	1.3205
111	158	1.38951
111	165	1.33627
111	168	1.35656
111	175	0.496874
111	176	1.34369
111	177	0.487908
111	178	1.32477
111	179	0.492905
111	180	0.499822
112	9	0.488024
112	38	1.42876
112	39	1.25826
112	41	0.488964
112	54	1.43477
112	72	1.27072
112	73	1.26829
112	77	1.40631
112	78	1.39274
112	90	0.470152
112	107	1.34616
112	110	1.36879
112	111	0.485636
112	123	0.498038
112	130	1.35249
112	133	0.489195
112	141	1.30896
112	149	1.36261
112	152	1.38665
112	155	1.37533
112	157	0.482175
112	161	0.501112
112	164	1.32185
112	165	0.50323
112	167	1.31741
112	174	0.496851
112	178	0.50024
113	8	1.36095
113	34	0.442787
113	38	1.41391
113	42	1.33162
113	61	1.38293
113	70	1.30738
113	77	1.39146
113	78	1.37789
113	105	1.31635
113	128	1.37855
113	132	0.535655
113	133	0.481623
113	136	0.481563
113	145	0.490233
113	147	1.32218
113	149	1.34776
113	150	1.3273
113	152	1.3718
113	155	1.36048
113	156	0.509232
113	164	1.307
113	165	0.495659
113	167	1.30256
113	168	0.484891
113	169	0.50079
113	170	0.487934
113	180	0.49533
114	17	0.406657
114	36	1.3985
114	40	1.32999
114	44	0.498867
114	55	1.43186
114	85	1.34266
114	100	1.3754
114	111	1.34809
114	116	1.31609
114	119	1.2953
114	123	1.35974
114	131	0.494059
114	138	0.509514
114	144	1.32578
114	148	1.32383
114	149	0.484782
114	150	0.490272
114	153	1.3764
114	156	0.519767
114	158	1.38002
114	162	0.501425
114	166	0.509796
114	168	1.34706
114	171	0.495284
114	176	1.33419
114	177	0.49395
114	178	1.31527
115	49	1.31697
115	60	1.26065
115	76	1.25204
115	83	0.508649
115	88	0.472826
115	91	1.3355
115	94	0.495188
115	101	0.544062
115	106	1.32263
115	108	1.31983
115	118	0.509145
115	121	1.2621
115	122	1.34217
115	126	1.31926
115	133	1.33481
115	134	1.33448
115	135	1.33768
115	137	1.31545
115	138	1.31545
115	140	1.37286
115	142	1.35181
115	147	0.521129
115	154	0.516857
115	161	0.511957
115	169	1.30646
115	171	0.503167
115	179	0.50683
115	180	0.513748
116	9	1.35904
116	21	1.27459
116	37	0.565191
116	45	0.512852
116	61	0.474864
116	65	0.492022
116	67	0.465513
116	81	1.38149
116	86	1.31865
116	101	1.27787
116	104	1.31003
116	114	1.31609
116	125	0.505984
116	135	0.505015
116	143	1.30867
116	147	1.30207
116	151	1.31859
116	153	1.35389
116	154	1.2885
116	156	0.533568
116	158	1.35751
116	161	0.517876
116	165	1.30427
116	168	1.32456
116	176	1.31168
116	178	1.29276
116	179	0.512749
116	180	0.519666
117	1	0.521529
117	24	0.553801
117	29	0.452648
117	52	1.36211
117	65	0.52651
117	66	1.32702
117	74	0.510339
117	85	1.28777
117	86	1.28626
117	87	1.28966
117	88	1.33585
117	91	0.5243
117	97	0.549836
117	100	1.32051
117	101	1.24548
117	103	0.524473
117	119	1.24041
117	129	1.29862
117	130	0.536589
117	139	0.55328
117	146	1.257
117	148	1.26894
117	153	1.32151
117	154	1.25611
117	159	1.27112
117	168	1.29217
117	174	0.548102
117	176	1.2793
117	178	1.26038
118	4	1.38007
118	8	0.477158
118	40	0.516391
118	51	0.46641
118	65	0.484842
118	66	0.487303
118	71	1.43299
118	83	1.32891
118	108	0.508833
118	115	0.509145
118	131	1.35447
118	139	1.33184
118	153	0.477183
118	154	0.515595
118	156	1.29265
118	157	1.32608
118	159	0.514869
118	160	1.36747
118	161	1.317
118	164	0.513535
118	165	1.3203
118	167	0.523938
118	170	1.31273
118	172	1.35518
118	173	1.34016
118	174	1.30862
118	175	1.29316
118	177	1.30978
118	179	1.32204
118	180	1.30677
119	9	1.33826
119	41	0.511519
119	47	1.28541
119	55	1.38856
119	72	0.565251
119	75	1.35244
119	85	1.29937
119	87	1.30125
119	90	1.30899
119	102	0.500548
119	114	1.2953
119	117	1.24041
119	120	1.35249
119	123	1.31645
119	129	1.31021
119	136	0.51169
119	143	1.28788
119	144	1.28249
119	146	1.2686
119	148	1.28054
119	158	1.33672
119	159	1.28272
119	160	0.500471
119	169	0.530916
119	171	0.514876
119	172	0.494908
119	175	0.522509
119	177	0.513543
119	178	1.27197
119	179	0.51854
119	180	0.525457
120	25	0.407449
120	43	0.473669
120	46	0.58494
120	70	0.479409
120	72	0.517159
120	89	1.34735
120	91	0.447512
120	94	0.458805
120	99	0.492389
120	100	1.4326
120	101	1.35757
120	105	0.459599
120	107	0.469194
120	110	0.465556
120	119	1.35249
120	129	1.4107
120	136	1.40367
120	138	0.481014
120	146	1.36909
120	150	0.461773
120	156	1.35631
120	161	1.38067
120	166	1.36318
120	168	1.40426
120	174	1.37229
120	175	1.35682
120	176	1.39138
120	177	1.37344
120	178	1.37246
120	179	1.38571
120	180	1.37043
121	13	0.642532
121	25	1.4284
121	29	0.439001
121	46	1.14137
121	49	1.27967
121	50	1.22708
121	54	0.479475
121	60	1.22335
121	70	0.54255
121	76	1.21474
121	82	0.505388
121	89	0.558476
121	91	1.2982
121	95	0.540561
121	106	1.28532
121	108	1.28253
121	115	1.2621
121	122	1.30487
121	126	1.28196
121	133	1.29751
121	134	1.29717
121	135	1.30038
121	137	1.27815
121	138	1.27815
121	140	1.33556
121	142	1.31451
121	145	0.535409
121	162	0.536067
121	164	0.541556
121	165	0.540835
121	169	1.26916
121	180	0.540507
122	26	0.514973
122	46	1.22144
122	48	1.34683
122	50	1.30715
122	60	1.30342
122	76	1.29481
122	91	1.37827
122	104	0.493497
122	106	1.3654
122	108	1.3626
122	115	1.34217
122	121	1.30487
122	126	1.36203
122	133	1.37758
122	134	1.37725
122	135	1.38045
122	137	1.35822
122	138	1.35822
122	140	1.41564
122	142	1.39458
122	145	0.492565
122	162	0.493224
122	163	0.466893
122	164	0.498712
122	165	0.497991
122	167	0.509116
122	168	0.487224
122	169	1.34923
122	172	0.467114
122	175	0.494715
122	179	0.490746
122	180	0.497663
123	3	1.38143
123	22	1.33163
123	23	1.30884
123	30	0.472685
123	53	1.30657
123	74	0.46841
123	79	0.464799
123	83	0.507125
123	86	1.3623
123	95	1.33188
123	100	1.39655
123	102	0.487314
123	109	0.481966
123	110	0.500415
123	112	0.498038
123	114	1.35974
123	119	1.31645
123	129	1.37465
123	141	0.52743
123	143	1.35232
123	145	1.36054
123	146	1.33304
123	148	1.34498
123	149	0.491142
123	154	1.33215
123	157	0.491497
123	159	1.34716
123	168	1.36821
123	174	0.506172
123	176	1.35534
123	178	1.33642
123	179	0.505307
124	21	1.27987
124	29	0.413682
124	43	0.511492
124	53	1.2682
124	57	0.551505
124	81	1.38677
124	84	0.56853
124	86	1.32394
124	87	1.32733
124	89	1.27294
124	96	1.39249
124	104	1.31531
124	111	1.33087
124	127	0.522902
124	129	1.33629
124	134	0.498965
124	137	0.510371
124	139	0.514314
124	143	1.31395
124	146	1.29467
124	148	1.30661
124	150	0.499596
124	151	1.32387
124	153	1.35918
124	157	0.494461
124	159	1.30879
124	163	1.33451
124	165	1.30955
124	173	0.502043
124	176	1.31697
124	177	0.503273
124	178	1.29805
124	180	0.515188
125	35	0.561662
125	37	1.24834
125	47	0.496112
125	59	1.29755
125	65	0.475763
125	67	1.46776
125	89	0.521376
125	100	0.480537
125	109	1.39857
125	111	0.486141
125	116	0.505984
125	126	0.494797
125	127	1.31725
125	130	0.485842
125	136	1.34511
125	139	1.33694
125	142	0.487904
125	143	0.509068
125	154	0.506516
125	155	0.477889
125	156	1.29775
125	157	1.33118
125	160	1.37258
125	161	1.32211
125	163	1.35036
125	164	0.504456
125	170	1.31783
125	171	1.32547
125	172	1.36029
125	173	1.34527
125	174	1.31373
125	175	1.29826
125	177	1.31488
125	179	1.32715
125	180	1.31187
126	15	0.432208
126	25	1.48556
126	26	0.525789
126	37	0.554004
126	45	0.501664
126	46	1.19853
126	48	1.32392
126	49	1.33683
126	50	1.28424
126	56	1.27054
126	76	1.2719
126	91	1.35536
126	106	1.34248
126	108	1.33969
126	115	1.31926
126	121	1.28196
126	122	1.36203
126	125	0.494797
126	133	1.35467
126	134	1.35433
126	135	1.35754
126	137	1.33531
126	138	1.3353
126	140	1.39272
126	142	1.37166
126	147	0.51586
126	148	0.503989
126	149	0.487396
126	155	0.482961
126	156	0.52238
126	163	0.477708
126	169	1.32632
126	173	0.495333
126	175	0.50553
126	179	0.501561
127	1	0.492178
127	47	0.517508
127	59	1.27894
127	68	0.534622
127	74	1.37266
127	81	0.486307
127	87	0.518236
127	97	1.29902
127	124	0.522902
127	125	1.31725
127	128	0.5017
127	131	1.34097
127	139	1.31833
127	142	0.5093
127	145	1.31941
127	146	0.530582
127	148	0.520314
127	151	0.513338
127	152	0.489475
127	154	0.527912
127	156	1.27914
127	157	1.31257
127	159	0.527186
127	160	1.35397
127	161	1.3035
127	165	1.30679
127	166	1.28601
127	169	1.30608
127	170	1.29922
127	171	1.30686
127	173	1.32666
127	174	1.29512
127	175	1.27965
127	177	1.29627
127	179	1.30854
127	180	1.29326
128	3	1.40264
128	13	0.596011
128	17	0.394778
128	37	1.29207
128	58	1.31246
128	82	0.458866
128	86	1.38352
128	90	1.39464
128	98	0.434069
128	99	0.50901
128	105	1.36112
128	113	1.37855
128	127	0.5017
128	131	0.48218
128	133	0.480278
128	141	1.33887
128	142	0.478483
128	144	1.36815
128	149	1.39252
128	150	1.37207
128	151	1.38345
128	152	1.41657
128	154	1.35337
128	155	1.40524
128	157	0.473258
128	158	1.42238
128	164	1.35177
128	167	1.34733
128	168	1.38943
128	170	0.486589
128	172	0.463436
128	173	0.48084
128	176	1.37655
128	177	0.482071
128	178	1.35763
128	179	0.487068
129	9	1.39646
129	45	0.499957
129	55	1.44677
129	64	1.24923
129	83	0.501673
129	89	1.30508
129	94	0.488212
129	100	1.39032
129	101	1.31529
129	103	0.477092
129	104	1.34745
129	110	0.494963
129	117	1.29862
129	119	1.31021
129	120	1.4107
129	123	1.37465
129	124	1.33629
129	131	0.494967
129	132	1.29484
129	133	0.493065
129	135	0.492121
129	144	1.3407
129	146	1.32681
129	148	1.33875
129	151	1.35601
129	154	1.32592
129	157	0.486045
129	158	1.39493
129	160	0.481786
129	162	0.502333
129	168	1.36198
129	171	0.496191
129	173	0.493627
129	174	0.50072
129	176	1.3491
129	178	1.33018
129	180	0.506772
130	1	1.3951
130	2	1.36805
130	3	0.475098
130	18	0.517696
130	42	1.33547
130	51	1.43487
130	54	1.42377
130	61	1.38679
130	65	1.35266
130	70	1.31124
130	71	0.453389
130	72	1.25973
130	73	1.2573
130	92	1.36569
130	107	1.33516
130	110	1.35779
130	112	1.35249
130	117	0.536589
130	125	0.485842
130	136	0.485756
130	140	0.469423
130	141	1.29796
130	145	0.494426
130	147	1.32603
130	149	1.35161
130	150	1.33115
130	152	1.37565
130	155	1.36433
130	162	0.495085
130	164	1.31086
130	166	0.503455
130	167	1.30642
130	168	0.489084
130	169	0.504983
130	175	0.496575
130	178	0.496861
130	180	0.499524
131	41	1.3714
131	62	1.24248
131	70	0.507327
131	75	0.473257
131	84	0.558625
131	88	0.464361
131	97	1.34135
131	102	1.3993
131	104	0.501117
131	110	0.493474
131	114	0.494059
131	118	1.35447
131	127	1.34097
131	128	0.48218
131	129	0.494967
131	135	0.490632
131	137	0.500466
131	148	0.500794
131	152	0.469956
131	153	0.469981
131	156	1.32148
131	157	1.3549
131	161	1.34583
131	163	1.37409
131	165	1.34913
131	166	1.32834
131	168	0.494844
131	169	1.34841
131	170	1.34156
131	171	1.34919
131	172	1.38401
131	173	1.36899
131	174	1.33745
131	175	1.32198
131	177	1.3386
131	179	1.35087
131	180	1.33559
132	4	0.509462
132	10	0.514329
132	22	1.25182
132	25	0.487498
132	29	0.455907
132	53	1.22675
132	55	1.37319
132	61	0.512611
132	66	1.32324
132	75	1.33707
132	81	1.34533
132	89	1.2315
132	90	1.29362
132	100	1.31674
132	101	1.24171
132	113	0.535655
132	129	1.29484
132	133	0.543706
132	134	0.54119
132	144	1.26712
132	145	1.28073
132	146	1.25323
132	148	1.26517
132	151	1.28243
132	153	1.31773
132	154	1.25234
132	157	0.536686
132	158	1.32135
132	159	1.26735
132	161	0.555623
132	163	1.29307
132	168	1.2884
132	169	0.562873
132	173	0.544268
132	176	1.27552
132	179	0.550496
132	180	0.557414
133	2	0.483355
133	36	0.460187
133	55	0.44869
133	64	0.567158
133	88	0.462459
133	100	0.480512
133	108	1.35524
133	112	0.489195
133	113	0.481623
133	115	1.33481
133	121	1.29751
133	122	1.37758
133	126	1.35467
133	128	0.480278
133	129	0.493065
133	132	0.543706
133	134	1.36988
133	135	1.37309
133	137	1.35086
133	138	1.35086
133	139	1.35412
133	141	0.518587
133	142	1.38722
133	155	0.477864
133	159	0.505765
133	161	1.33929
133	164	0.50443
133	166	1.3218
