1	16	1.05598
1	17	1.2201
1	22	0.958992
1	27	1.04073
1	29	1.03991
1	44	1.10161
1	94	0.614203
1	123	1.11734
1	149	0.783398
1	158	1.04916
1	160	1.71611
1	180	1.07354
2	4	1.16763
2	9	0.926966
2	10	0.934932
2	23	0.98252
2	32	1.00769
2	37	0.960613
2	47	0.938161
2	55	0.923525
2	58	0.933984
2	160	0.879598
2	168	1.30459
2	169	1.59449
3	40	1.01286
3	66	1.0399
3	81	1.03843
3	84	1.08024
3	85	1.07954
3	89	1.07034
3	92	1.12129
3	100	1.109
3	110	1.04532
3	136	0.876673
3	175	1.19339
3	180	1.06746
4	2	1.16763
4	23	1.24706
4	37	1.22515
4	47	1.2027
4	55	1.18807
4	58	1.19852
4	120	1.25109
4	131	0.700728
4	156	0.713702
4	160	1.14414
4	161	0.91002
4	169	1.09561
5	13	1.14433
5	24	1.11016
5	46	1.06325
5	49	1.07331
5	54	1.04068
5	61	1.03489
5	64	1.03475
5	147	0.726191
5	162	1.06679
5	171	1.84031
5	176	0.699552
5	177	1.05013
6	106	1.06638
6	108	1.08033
6	109	1.01623
6	114	1.05861
6	115	1.04549
6	124	1.12278
6	127	1.07755
6	133	1.05564
6	135	1.08362
6	164	0.388243
6	171	1.81338
6	174	1.08076
7	30	0.903217
7	36	0.983677
7	39	0.984256
7	52	0.937101
7	57	0.937101
7	72	0.986938
7	80	0.971852
7	148	0.980721
7	151	0.908545
7	162	0.960747
7	168	0.979161
7	173	2.04647
8	9	0.960014
8	55	0.956573
8	58	0.967032
8	80	0.993935
8	119	0.958369
8	125	1.49542
8	127	0.99509
8	133	0.973185
8	135	1.00116
8	142	1.24814
8	168	1.00124
9	2	0.926966
9	8	0.960014
9	10	0.958813
9	23	1.0064
9	32	1.03157
9	37	0.984494
9	47	0.962042
9	55	0.947406
9	58	0.957865
9	118	1.68196
9	160	0.903479
9	161	1.23594
10	2	0.934932
10	9	0.958813
10	23	1.01437
10	31	0.883415
10	32	1.03954
10	37	0.99246
10	47	0.970007
10	55	0.955371
10	58	0.96583
10	160	0.911445
10	165	1.59203
10	166	1.33517
11	14	1.08492
11	18	0.941469
11	42	0.997022
11	48	0.983891
11	50	0.982506
11	90	0.911411
11	91	0.914731
11	103	2.26433
11	130	0.869235
11	152	0.965425
11	159	0.984728
11	164	0.680583
12	74	1.03229
12	93	1.1124
12	121	1.06165
12	128	1.10195
12	129	1.04978
12	130	0.980183
12	134	1.07703
12	137	1.40846
12	143	0.887509
12	144	0.866132
12	148	1.09754
12	168	1.09598
13	5	1.14433
13	33	1.01424
13	34	1.09801
13	54	1.0479
13	61	1.04211
13	64	1.04197
13	156	1.0855
13	162	1.07401
13	164	0.491378
13	170	1.05159
13	171	2.00103
13	177	1.05735
14	11	1.08492
14	18	1.08963
14	42	1.14519
14	48	1.13206
14	50	1.13067
14	130	1.0174
14	144	0.716874
14	148	0.76802
14	152	1.11359
14	159	1.13289
14	179	1.50258
15	33	1.02414
15	46	1.08037
15	49	1.09042
15	54	1.0578
15	61	1.05201
15	64	1.05187
15	90	1.20711
15	118	1.16418
15	156	1.09539
15	162	1.08391
15	175	0.767997
15	177	1.06724
16	1	1.05598
16	17	1.09956
16	22	0.838456
16	27	0.920193
16	29	0.919376
16	44	0.981078
16	111	0.95494
16	123	0.996802
16	158	0.928626
16	176	1.62429
16	177	1.31874
16	180	0.953007
17	1	1.2201
17	16	1.09956
17	22	1.00257
17	27	1.08431
17	29	1.08349
17	44	1.1452
17	112	1.09322
17	140	0.98933
17	150	0.922932
17	158	1.09274
17	180	1.11713
18	11	0.941469
18	14	1.08963
18	31	0.873117
18	42	1.00174
18	48	0.988605
18	50	0.98722
18	91	0.919445
18	130	0.873949
18	150	1.36307
18	152	0.970139
18	159	0.989443
18	167	1.56781
19	106	1.03605
19	108	1.04999
19	114	1.02827
19	115	1.01516
19	119	1.01049
19	124	1.09245
19	126	1.04696
19	127	1.04721
19	133	1.02531
19	135	1.05328
19	148	0.936167
19	151	0.793869
19	170	1.6745
20	26	1.07658
20	36	1.05651
20	38	1.04189
20	39	1.05709
20	52	1.00993
20	57	1.00993
20	72	1.05977
20	80	1.04468
20	99	0.694479
20	149	0.868448
20	162	1.03358
20	168	1.05199
20	173	1.80738
21	39	1.09552
21	73	0.933668
21	75	0.990299
21	88	0.961758
21	93	1.02387
21	115	0.952583
21	133	0.962736
21	135	0.990709
21	173	0.905361
21	174	0.904299
21	176	0.926316
21	177	0.955715
21	179	0.916457
22	1	0.958992
22	16	0.838456
22	17	1.00257
22	27	0.823207
22	29	0.822391
22	44	0.884093
22	51	0.832082
22	91	0.817088
22	111	0.857954
22	123	0.899817
22	158	0.83164
22	175	2.85771
22	180	0.856022
23	2	0.98252
23	4	1.24706
23	9	1.0064
23	10	1.01437
23	32	1.08712
23	37	1.04005
23	47	1.0176
23	55	1.00296
23	123	1.06006
23	160	0.959033
23	171	1.84073
23	173	1.14859
23	180	0.540649
24	5	1.11016
24	34	1.06385
24	46	1.0363
24	49	1.04636
24	54	1.01373
24	61	1.00794
24	64	1.0078
24	145	0.946836
24	154	1.0179
24	156	1.05133
24	162	1.03985
24	167	1.41336
24	177	1.02318
25	106	1.04243
25	109	0.992274
25	114	1.03465
25	115	1.02154
25	119	1.01687
25	124	1.09883
25	126	1.05334
25	127	1.0536
25	133	1.03169
25	135	1.05966
25	140	1.18005
25	155	0.976054
25	180	1.25174
26	20	1.07658
26	30	0.981951
26	36	1.06241
26	38	1.0478
26	52	1.01583
26	57	1.01583
26	72	1.06567
26	80	1.05059
26	143	0.991766
26	148	1.05945
26	161	1.15645
26	168	1.05789
26	175	1.20629
27	1	1.04073
27	16	0.920193
27	17	1.08431
27	22	0.823207
27	29	0.904128
27	44	0.96583
27	91	0.898826
27	111	0.939691
27	123	0.981554
27	153	1.5221
27	154	1.55597
27	158	0.913377
27	180	0.937759
28	45	1.05897
28	69	1.01528
28	73	1.01588
28	75	1.07251
28	79	1.07089
28	82	1.05499
28	83	1.05485
28	88	1.04397
28	125	1.26775
28	132	1.1244
28	142	1.02047
28	158	1.01726
28	177	1.03793
29	1	1.03991
29	16	0.919376
29	17	1.08349
29	22	0.822391
29	27	0.904128
29	44	0.965014
29	91	0.898009
29	111	0.938875
29	123	0.980738
29	131	1.49068
29	154	1.62394
29	158	0.912561
29	180	0.936943
30	7	0.903217
30	26	0.981951
30	36	0.96188
30	39	0.962458
30	52	0.915303
30	57	0.915303
30	72	0.965141
30	80	0.950054
30	131	0.964902
30	162	0.93895
30	164	1.44526
30	166	1.65805
30	168	0.957363
31	10	0.883415
31	18	0.873117
31	48	0.915539
31	50	0.914154
31	58	0.882467
31	107	0.859405
31	108	2.31625
31	159	0.916376
31	160	0.828081
31	174	0.830183
31	175	0.870673
31	178	0.811878
31	179	0.842341
32	2	1.00769
32	9	1.03157
32	10	1.03954
32	23	1.08712
32	37	1.06522
32	47	1.04276
32	55	1.02813
32	58	1.03859
32	107	0.82211
32	120	1.09115
32	160	0.984202
32	173	1.12192
32	178	1.49796
33	13	1.01424
33	15	1.02414
33	34	0.96071
33	46	0.933168
33	49	0.943224
33	54	0.910595
33	61	0.904806
33	64	0.904667
33	156	0.948194
33	157	1.51226
33	162	0.936712
33	163	1.62012
33	177	0.920045
34	13	1.09801
34	24	1.06385
34	33	0.96071
34	46	1.01693
34	49	1.02699
34	54	0.994362
34	61	0.988572
34	64	0.988434
34	145	0.833961
34	156	1.03196
34	162	1.02048
34	170	1.58448
34	177	1.00381
34	180	1.23383
35	45	1.02843
35	63	1.08271
35	69	0.984731
35	73	0.985332
35	75	1.04196
35	79	1.04034
35	82	1.02444
35	83	1.0243
35	88	1.01342
35	97	4
35	150	0.922237
35	152	1.02285
35	174	1.06654
35	177	1.00738
36	7	0.983677
36	20	1.05651
36	26	1.06241
36	30	0.96188
36	38	1.02773
36	52	0.995764
36	57	0.995764
36	72	1.0456
36	80	1.03051
36	116	1.03631
36	162	1.01941
36	168	1.03782
36	170	1.47157
36	180	1.12092
37	2	0.960613
37	4	1.22515
37	9	0.984494
37	10	0.99246
37	23	1.04005
37	32	1.06522
37	47	0.995688
37	55	0.981052
37	58	0.991511
37	123	1.03815
37	148	1.07675
37	160	0.937126
37	166	1.21501
37	175	1.26151
38	20	1.04189
38	26	1.0478
38	36	1.02773
38	39	1.0283
38	52	0.981148
38	57	0.981148
38	72	1.03099
38	80	1.0159
38	116	1.3143
38	148	1.02477
38	154	1.0701
38	162	1.0048
38	166	1.14948
38	168	1.02321
39	7	0.984256
39	20	1.05709
39	21	1.09552
39	30	0.962458
39	38	1.0283
39	52	0.996342
39	57	0.996342
39	72	1.04618
39	80	1.03109
39	118	1.19651
39	122	1.01037
39	148	1.03996
39	162	1.01999
39	168	1.0384
40	3	1.01286
40	43	0.943072
40	53	0.923075
40	66	0.888419
40	77	0.95807
40	78	0.953612
40	85	0.928055
40	89	0.918857
40	92	0.969808
40	100	0.957515
40	110	0.893838
40	117	1.22674
40	147	2.02919
40	180	0.915971
41	109	1.01061
41	113	0.643464
41	141	0.998181
41	152	0.433909
41	154	1.05522
41	155	1.04725
41	172	1.01064
41	173	0.99635
41	174	0.995288
41	175	1.03578
41	176	1.0173
41	177	1.0467
41	178	0.976983
41	179	1.00745
42	11	0.997022
42	14	1.14519
42	18	1.00174
42	48	1.04416
42	50	1.04277
42	76	1.0491
42	90	0.971678
42	91	0.974998
42	112	0.987616
42	130	0.929502
42	137	1.05891
42	152	1.02569
42	159	1.045
42	160	1.55713
43	40	0.943072
43	53	1.00478
43	66	0.970122
43	77	1.03977
43	84	1.01046
43	85	1.00976
43	86	1.01465
43	89	1.00056
43	92	1.05151
43	100	1.03922
43	110	0.975541
43	137	1.38875
43	149	0.954264
43	176	1.44458
43	180	0.997675
44	1	1.10161
44	16	0.981078
44	17	1.1452
44	22	0.884093
44	27	0.96583
44	29	0.965014
44	51	0.974704
44	91	0.959711
44	111	1.00058
44	123	1.04244
44	146	1.3305
44	150	0.997427
44	158	0.974263
44	179	1.48239
44	180	0.998645
45	28	1.05897
45	35	1.02843
45	63	1.05953
45	69	0.961547
45	73	0.962148
45	75	1.01878
45	79	1.01715
45	82	1.00126
45	83	1.00112
45	87	0.855515
45	88	0.990237
45	90	1.64544
45	158	0.963526
45	166	1.15983
45	177	0.984194
46	5	1.06325
46	15	1.08037
46	24	1.0363
46	33	0.933168
46	34	1.01693
46	49	0.999448
46	54	0.96682
46	61	0.96103
46	64	0.960892
46	154	0.920645
46	156	1.00442
46	160	1.85117
46	161	0.996678
46	162	0.992936
46	177	0.976269
47	2	0.938161
47	4	1.2027
47	9	0.962042
47	10	0.970007
47	23	1.0176
47	32	1.04276
47	37	0.995688
47	55	0.9586
47	58	0.969059
47	120	1.02162
47	123	1.0157
47	156	1.00393
47	160	0.914673
47	166	1.20359
47	172	1.51025
48	11	0.983891
48	14	1.13206
48	18	0.988605
48	31	0.915539
48	42	1.04416
48	50	1.02964
48	76	1.03597
48	90	0.958547
48	91	0.961867
48	95	1.39045
48	130	0.916372
48	152	1.01256
48	156	1.17734
48	159	1.03186
48	164	1.16422
49	5	1.07331
49	15	1.09042
49	24	1.04636
49	33	0.943224
49	34	1.02699
49	46	0.999448
49	54	0.976876
49	61	0.971086
49	64	0.970948
49	103	0.910495
49	139	1.67123
49	148	0.886703
49	158	1.17659
49	162	1.00299
49	177	0.986325
50	11	0.982506
50	14	1.13067
50	18	0.98722
50	31	0.914154
50	42	1.04277
50	48	1.02964
50	76	1.03458
50	90	0.957161
50	91	0.960481
50	130	0.914986
50	136	0.942579
50	139	1.85906
50	151	0.932237
50	152	1.01118
50	159	1.03048
51	22	0.832082
51	44	0.974704
51	64	1.35791
51	92	1.00047
51	100	0.988177
51	110	0.9245
51	129	0.916733
51	145	0.972819
51	158	0.922252
51	167	0.915268
51	175	0.931994
51	178	0.873199
51	179	0.903662
51	180	0.946634
52	7	0.937101
52	20	1.00993
52	26	1.01583
52	30	0.915303
52	36	0.995764
52	38	0.981148
52	39	0.996342
52	72	0.999025
52	80	0.983938
52	117	1.0548
52	131	0.998785
52	148	0.992807
52	151	1.1413
52	162	0.972834
52	167	1.73794
52	168	0.991247
53	40	0.923075
53	43	1.00478
53	66	0.950125
53	77	1.01978
53	84	0.990461
53	85	0.989762
53	86	0.994652
53	87	1.09474
53	89	0.980563
53	92	1.03151
53	100	1.01922
53	110	0.955545
53	117	1.032
53	159	1.00874
53	172	1.70571
53	180	0.977678
54	5	1.04068
54	13	1.0479
54	15	1.0578
54	24	1.01373
54	33	0.910595
54	34	0.994362
54	46	0.96682
54	49	0.976876
54	61	0.938458
54	64	0.938319
54	150	1.43401
54	151	1.04212
54	156	0.981846
54	162	0.970364
54	169	1.50492
54	177	0.953697
55	2	0.923525
55	4	1.18807
55	8	0.956573
55	9	0.947406
55	10	0.955371
55	23	1.00296
55	32	1.02813
55	37	0.981052
55	47	0.9586
55	58	0.954423
55	94	1.22398
55	120	1.00699
55	123	1.00106
55	145	1.3243
55	160	0.900038
55	168	1.36709
56	59	0.991418
56	74	0.951648
56	101	0.975334
56	104	0.965339
56	113	1.00874
56	121	0.981014
56	128	1.02131
56	129	0.969141
56	134	0.996391
56	148	1.0169
56	160	0.92674
56	162	0.996925
56	165	1.09086
56	168	1.01534
56	175	0.880506
56	178	2.06742
57	7	0.937101
57	20	1.00993
57	26	1.01583
57	30	0.915303
57	36	0.995764
57	38	0.981148
57	39	0.996342
57	72	0.999025
57	80	0.983938
57	130	2.08923
57	131	0.998785
57	132	0.950812
57	148	0.992807
57	155	0.975189
57	162	0.972834
57	168	0.991247
58	2	0.933984
58	4	1.19852
58	8	0.967032
58	9	0.957865
58	10	0.96583
58	31	0.882467
58	32	1.03859
58	37	0.991511
58	47	0.969059
58	55	0.954423
58	120	1.01745
58	123	1.01152
58	140	1.31039
58	160	0.910497
58	166	1.13266
58	176	1.54141
59	56	0.991418
59	65	0.970914
59	98	1.0326
59	101	0.969382
59	104	0.959387
59	105	1.01581
59	113	1.00279
59	116	0.952912
59	120	0.964573
59	121	0.975062
59	128	1.01536
59	129	0.963189
59	134	0.990439
59	145	1.2001
59	147	1.78593
59	162	0.990973
60	65	1.0323
60	74	1.00709
60	93	1.0872
60	98	1.09399
60	101	1.03077
60	104	1.02078
60	105	1.0772
60	113	1.06418
60	121	1.03645
60	128	1.07675
60	129	1.02458
60	132	1.00891
60	134	1.05183
60	143	0.891515
60	162	1.05236
60	167	1.37563
60	177	1.16274
61	5	1.03489
61	13	1.04211
61	15	1.05201
61	24	1.00794
61	33	0.904806
61	34	0.988572
61	46	0.96103
61	49	0.971086
61	54	0.938458
61	64	0.932529
61	103	0.872076
61	131	1.10665
61	156	0.976056
61	162	0.964574
61	175	1.36579
61	176	1.72804
61	177	0.947907
62	70	0.95046
62	96	1.07292
62	106	0.982704
62	108	0.996647
62	109	0.932548
62	114	0.974928
62	115	0.961811
62	119	0.957148
62	124	1.0391
62	126	0.993617
62	127	0.993869
62	133	0.971964
62	135	0.999937
62	145	1.18746
62	149	1.25633
62	169	1.52015
63	35	1.08271
63	45	1.05953
63	67	1.55073
63	69	1.01584
63	73	1.01644
63	75	1.07307
63	79	1.07144
63	82	1.05555
63	83	1.0554
63	88	1.04453
63	140	1.04283
63	152	1.05396
63	158	1.01781
63	160	1.37508
63	168	0.416283
63	177	1.03848
63	179	1.12023
64	5	1.03475
64	13	1.04197
64	15	1.05187
64	24	1.0078
64	33	0.904667
64	34	0.988434
64	46	0.960892
64	49	0.970948
64	51	1.35791
64	54	0.938319
64	61	0.932529
64	103	0.871938
64	153	1.25513
64	156	0.975918
64	162	0.964436
64	168	1.26074
64	177	0.947769
65	59	0.970914
65	60	1.0323
65	93	1.01125
65	98	1.01805
65	101	0.954831
65	104	0.944835
65	105	1.00126
65	113	0.988241
65	116	0.93836
65	121	0.96051
65	125	1.40833
65	128	1.00081
65	129	0.948637
65	130	0.879039
65	134	0.975887
65	155	1.28935
65	158	1.46724
66	3	1.0399
66	40	0.888419
66	43	0.970122
66	53	0.950125
66	77	0.98512
66	78	0.980662
66	84	0.955804
66	86	0.959996
66	89	0.945906
66	92	0.996858
66	100	0.984565
66	110	0.920888
66	140	0.943655
66	156	1.22589
66	159	0.974085
66	165	1.6824
66	175	1.47205
66	180	0.943021
67	63	1.55073
67	87	0.954825
67	97	0.80933
67	124	1.77385
67	136	0.984989
67	143	0.948805
67	149	0.94292
67	163	0.906927
67	164	0.94769
67	166	0.903639
67	169	0.900842
67	170	0.878495
67	172	0.872143
67	173	0.857857
67	175	0.897285
67	176	0.878811
67	178	0.83849
67	179	0.868953
68	71	1.01566
68	93	1.0774
68	101	1.02098
68	104	1.01098
68	105	1.06741
68	113	1.05439
68	121	1.02666
68	122	1.25157
68	128	1.06696
68	129	1.01479
68	130	0.945187
68	131	0.782388
68	134	1.04204
68	148	1.06254
68	156	1.05405
68	160	0.972385
68	176	1.40378
68	180	1.24446
69	28	1.01528
69	35	0.984731
69	45	0.961547
69	63	1.01584
69	73	0.918453
69	75	0.975083
69	79	0.97346
69	81	1.44812
69	82	0.957561
69	83	0.95742
69	88	0.946542
69	111	0.946145
69	140	0.944846
69	152	0.955973
69	155	1.53032
69	158	0.919831
69	164	1.34379
69	177	0.940499
70	62	0.95046
70	87	1.31631
70	94	1.36986
70	96	1.05664
70	106	0.966424
70	108	0.980368
70	109	0.916269
70	114	0.958649
70	115	0.945532
70	119	0.940868
70	124	1.02282
70	126	0.977338
70	127	0.97759
70	133	0.955685
70	135	0.983658
70	136	1.35041
70	159	0.983441
71	68	1.01566
71	74	0.924292
71	98	1.0112
71	101	0.947978
71	103	0.877071
71	104	0.937983
71	105	0.994409
71	113	0.981389
71	121	0.953658
71	129	0.941785
71	134	0.969034
71	142	1.01642
71	148	0.989542
71	156	0.981051
71	160	0.899384
71	168	0.987982
71	173	2.02835
71	180	1.42041
72	7	0.986938
72	20	1.05977
72	26	1.06567
72	30	0.965141
72	36	1.0456
72	38	1.03099
72	39	1.04618
72	52	0.999025
72	57	0.999025
72	80	1.03378
72	131	1.04862
72	132	0.88956
72	148	1.04264
72	162	1.02267
72	168	1.04108
72	174	1.75708
72	175	0.986693
72	177	1.0434
73	21	0.933668
73	28	1.01588
73	35	0.985332
73	45	0.962148
73	63	1.01644
73	69	0.918453
73	75	0.975684
73	79	0.974061
73	82	0.958162
73	83	0.958021
73	88	0.947143
73	140	0.945447
73	142	0.923759
73	145	0.927881
73	152	0.956574
73	158	0.920432
73	171	2.62783
73	177	0.9411
74	12	1.03229
74	56	0.951648
74	60	1.00709
74	71	0.924292
74	93	0.986035
74	98	0.992834
74	101	0.929613
74	104	0.919617
74	112	1.45555
74	121	0.935292
74	128	0.975589
74	129	0.923419
74	134	0.950669
74	146	1.61833
74	156	0.962685
74	162	0.951203
74	163	1.34291
74	168	0.969617
75	21	0.990299
75	28	1.07251
75	35	1.04196
75	45	1.01878
75	63	1.07307
75	69	0.975083
75	73	0.975684
75	79	1.03069
75	82	1.01479
75	83	1.01465
75	88	1.00377
75	120	0.902992
75	140	1.00208
75	142	1.1344
75	152	1.0132
75	158	0.977062
75	167	1.60504
75	168	1.18131
75	177	0.99773
76	42	1.0491
76	48	1.03597
76	50	1.03458
76	82	1.01909
76	83	1.01895
76	88	1.00807
76	114	1.01201
76	124	1.07618
76	126	1.0307
76	133	1.00905
76	135	1.03702
76	144	0.841426
76	152	1.0175
76	159	1.0368
76	163	1.19982
76	172	1.33749
76	177	1.00202
76	180	1.28026
77	40	0.95807
77	43	1.03977
77	53	1.01978
77	66	0.98512
77	78	1.05031
77	84	1.02546
77	85	1.02476
77	86	1.02965
77	89	1.01556
77	91	0.973739
77	92	1.06651
77	100	1.05422
77	110	0.990539
77	116	0.987565
77	163	0.9958
77	164	0.614022
77	176	1.23556
77	178	2.06022
77	180	1.01267
78	40	0.953612
78	66	0.980662
78	77	1.05031
78	84	1.021
78	85	1.0203
78	86	1.02519
78	89	1.0111
78	92	1.06205
78	99	0.509178
78	100	1.04976
78	103	2.13567
78	110	0.986082
78	111	1.01015
78	116	0.983107
78	125	0.857431
78	140	1.00885
78	159	1.03928
78	179	1.36101
78	180	1.00821
79	28	1.07089
79	35	1.04034
79	45	1.01715
79	63	1.07144
79	69	0.97346
79	73	0.974061
79	75	1.03069
79	82	1.01317
79	83	1.01303
79	88	1.00215
79	111	1.00175
79	120	0.709028
79	139	1.74126
79	140	1.00045
79	152	1.01158
79	156	0.895329
79	158	0.975439
79	172	1.40165
79	177	0.996107
80	7	0.971852
80	8	0.993935
80	20	1.04468
80	26	1.05059
80	30	0.950054
80	36	1.03051
80	38	1.0159
80	39	1.03109
80	52	0.983938
80	57	0.983938
80	72	1.03378
80	131	1.03354
80	148	1.02756
80	162	1.00758
80	164	0.768786
80	165	1.23843
80	168	1.026
80	174	1.79846
80	177	1.08477
81	3	1.03843
81	69	1.44812
81	102	0.990138
81	127	1.06898
81	137	0.960278
81	139	0.932224
81	146	0.937555
81	151	1.00994
81	161	1.00335
81	165	0.961098
81	167	0.944318
81	170	0.942255
81	171	0.892418
81	172	0.935903
81	173	0.921617
81	174	0.920555
81	175	0.961044
81	176	0.942571
81	179	0.932713
82	28	1.05499
82	35	1.02444
82	45	1.00126
82	63	1.05555
82	69	0.957561
82	73	0.958162
82	75	1.01479
82	76	1.01909
82	79	1.01317
82	83	0.99713
82	88	0.986251
82	111	0.985855
82	131	0.982045
82	136	0.924469
82	140	0.984556
82	152	0.995683
82	158	0.95954
82	172	1.50134
82	176	1.60344
82	177	0.980209
83	28	1.05485
83	35	1.0243
83	45	1.00112
83	63	1.0554
83	69	0.95742
83	73	0.958021
83	75	1.01465
83	76	1.01895
83	79	1.01303
83	82	0.99713
83	88	0.986111
83	111	0.985714
83	136	0.568755
83	140	0.984415
83	152	0.995542
83	158	0.959399
83	163	1.00796
83	177	0.980068
83	178	2.07238
83	179	1.43527
84	3	1.08024
84	43	1.01046
84	53	0.990461
84	66	0.955804
84	77	1.02546
84	78	1.021
84	85	0.995441
84	86	1.00033
84	89	0.986242
84	92	1.03719
84	100	1.0249
84	110	0.961224
84	111	0.985289
84	116	0.958249
84	140	0.98399
84	165	0.965808
84	170	1.30903
84	173	1.56632
84	179	1.30525
84	180	0.983357
85	3	1.07954
85	40	0.928055
85	43	1.00976
85	53	0.989762
85	77	1.02476
85	78	1.0203
85	84	0.995441
85	86	0.999632
85	89	0.985543
85	92	1.03649
85	100	1.0242
85	110	0.960524
85	116	0.95755
85	140	0.983291
85	143	1.17166
85	150	1.45103
85	154	1.26031
85	159	1.01372
85	164	1.1269
85	180	0.982658
86	43	1.01465
86	53	0.994652
86	66	0.959996
86	77	1.02965
86	78	1.02519
86	84	1.00033
86	85	0.999632
86	89	0.990434
86	91	0.948615
86	92	1.04139
86	100	1.02909
86	110	0.965415
86	111	0.989481
86	140	0.988182
86	146	1.65094
86	148	1.06827
86	151	0.925968
86	159	1.01861
86	169	1.38877
86	180	0.987549
87	45	0.855515
87	53	1.09474
87	67	0.954825
87	70	1.31631
87	146	0.975345
87	149	1.04447
87	152	0.681849
87	153	1.02783
87	155	1.0103
87	157	1.01301
87	164	1.04924
87	169	1.00239
87	170	0.980045
87	171	0.930208
87	172	0.973693
87	173	0.959407
87	174	0.958345
87	175	0.998835
87	176	0.980362
87	178	0.94004
87	179	0.970503
88	21	0.961758
88	28	1.04397
88	35	1.01342
88	45	0.990237
88	63	1.04453
88	69	0.946542
88	73	0.947143
88	75	1.00377
88	76	1.00807
88	79	1.00215
88	82	0.986251
88	83	0.986111
88	111	0.974835
88	130	1.70544
88	140	0.973536
88	152	0.984663
88	158	0.948521
88	167	0.933742
88	177	0.969189
88	178	1.85107
88	180	0.867088
89	3	1.07034
89	40	0.918857
89	43	1.00056
89	53	0.980563
89	66	0.945906
89	77	1.01556
89	78	1.0111
89	84	0.986242
89	85	0.985543
89	86	0.990434
89	91	0.934525
89	92	1.0273
89	100	1.015
89	110	0.951326
89	111	0.975391
89	137	1.6439
89	144	1.10157
89	156	1.09131
89	159	1.00452
89	177	1.39418
89	180	0.973459
90	11	0.911411
90	15	1.20711
90	42	0.971678
90	45	1.64544
90	48	0.958547
90	50	0.957161
90	109	0.892212
90	114	0.934592
90	119	0.916811
90	126	0.953281
90	127	0.953533
90	135	0.959601
90	149	0.959316
90	152	0.94008
90	155	0.925149
90	159	0.959384
90	162	1.3017
90	172	0.888539
90	174	0.873191
90	176	0.895207
90	178	0.854886
90	179	0.885349
91	11	0.914731
91	18	0.919445
91	22	0.817088
91	27	0.898826
91	29	0.898009
91	42	0.974998
91	44	0.959711
91	48	0.961867
91	50	0.960481
91	77	0.973739
91	86	0.948615
91	89	0.934525
91	100	0.973184
91	110	0.909507
91	144	1.69776
91	151	1.60661
91	152	0.9434
91	158	0.907258
91	159	0.962704
91	164	1.67438
91	180	0.93164
92	3	1.12129
92	40	0.969808
92	43	1.05151
92	51	1.00047
92	53	1.03151
92	66	0.996858
92	77	1.06651
92	78	1.06205
92	84	1.03719
92	85	1.03649
92	86	1.04139
92	89	1.0273
92	95	1.06273
92	100	1.06595
92	110	1.00228
92	116	0.999303
92	153	0.936028
92	158	1.20092
92	159	1.05547
92	161	1.04594
92	172	1.35594
92	180	1.02441
93	12	1.1124
93	21	1.02387
93	60	1.0872
93	65	1.01125
93	68	1.0774
93	74	0.986035
93	95	0.695617
93	98	1.07294
93	104	0.999726
93	105	1.05615
93	116	0.993251
93	121	1.0154
93	128	1.0557
93	129	1.00353
93	134	1.03078
93	139	1.32844
93	141	1.39465
93	156	1.04279
93	160	0.961127
93	162	1.03131
93	165	0.939025
93	168	1.04973
94	1	0.614203
94	55	1.22398
94	70	1.36986
94	113	0.944959
94	139	0.954598
94	142	1.03456
94	144	1.03308
94	155	0.994886
94	161	1.02572
94	164	1.03382
94	166	0.989772
94	167	0.966692
94	169	0.986975
94	170	0.964628
94	171	0.914791
94	172	0.958276
94	173	0.94399
94	174	0.942928
94	175	0.983418
94	176	0.964945
94	178	0.924623
94	179	0.955086
95	48	1.39045
95	92	1.06273
95	93	0.695617
95	138	0.978784
95	146	0.965235
95	147	0.964055
95	150	1.01213
95	152	0.99961
95	154	1.00817
95	157	1.0029
95	164	1.03913
95	165	0.988777
95	167	0.971998
95	169	0.992281
95	170	0.969934
95	171	0.920097
95	172	0.963582
95	173	0.949296
95	175	0.988724
95	176	0.970251
95	178	0.92993
95	179	0.960393
96	62	1.07292
96	70	1.05664
96	106	1.08888
96	108	1.10283
96	109	1.03873
96	114	1.08111
96	115	1.06799
96	118	1.35736
96	119	1.06333
96	124	1.14528
96	126	1.0998
96	127	1.10005
96	133	1.07815
96	135	1.10612
96	136	0.644465
96	142	0.760117
96	154	0.835299
96	159	1.1059
96	170	1.51475
97	35	4
97	67	0.80933
97	136	0.941045
97	137	0.852574
97	141	0.815744
97	146	0.829851
97	153	0.882334
97	163	0.862983
97	164	0.903746
97	166	0.859695
97	167	0.836614
97	169	0.856897
97	170	0.83455
97	171	0.784713
97	172	0.828198
97	173	0.813913
97	174	0.81285
97	176	0.834867
97	178	0.794546
97	179	0.825009
98	59	1.0326
98	60	1.09399
98	65	1.01805
98	71	1.0112
98	74	0.992834
98	93	1.07294
98	104	1.00652
98	105	1.06295
98	113	1.04993
98	121	1.0222
98	128	1.0625
98	129	1.01033
98	134	1.03758
98	138	1.24337
98	156	1.04959
98	157	0.956071
98	160	0.967926
98	161	0.891598
98	162	1.03811
98	166	0.894946
98	168	1.05652
98	174	1.71183
99	20	0.694479
99	78	0.509178
99	110	0.995008
99	114	1.00658
99	137	1.02652
99	144	1.07696
99	150	1.0507
99	155	1.03876
99	159	0.664316
99	163	1.03693
99	164	1.0777
99	165	1.02734
99	166	1.03364
99	167	1.01056
99	169	1.03085
99	170	1.0085
99	171	0.958663
99	172	1.00215
99	174	0.9868
99	175	1.02729
99	176	1.00882
99	178	0.968495
99	179	0.998958
100	3	1.109
100	40	0.957515
100	43	1.03922
100	51	0.988177
100	53	1.01922
100	66	0.984565
100	77	1.05422
100	78	1.04976
100	84	1.0249
100	85	1.0242
100	86	1.02909
100	89	1.015
100	91	0.973184
100	92	1.06595
100	110	0.989984
100	120	0.531589
100	130	2.00533
100	140	1.01275
100	157	0.978681
100	159	1.04318
100	161	0.914207
100	170	1.51763
100	180	1.01212
101	56	0.975334
101	59	0.969382
101	60	1.03077
101	65	0.954831
101	68	1.02098
101	71	0.947978
101	74	0.929613
101	104	0.943304
101	105	0.99973
101	113	0.98671
101	121	0.958979
101	128	0.999276
101	129	0.947106
101	130	0.877507
101	134	0.974356
101	144	1.02869
101	148	0.994863
101	158	1.36973
101	160	0.904705
101	162	0.97489
101	168	0.993303
101	179	1.8144
101	180	1.46753
102	81	0.990138
102	110	1.08123
102	121	1.13333
102	145	1.01121
102	146	0.946898
102	151	1.01929
102	154	0.98983
102	157	0.98456
102	159	0.750536
102	161	1.01269
102	162	0.64677
102	164	1.02079
102	165	0.970441
102	167	0.953662
102	169	0.973945
102	170	0.951598
102	171	0.901761
102	173	0.93096
102	174	0.929898
102	175	0.970388
102	176	0.951915
102	178	0.911593
102	179	0.942056
103	11	2.26433
103	49	0.910495
103	61	0.872076
103	64	0.871938
103	71	0.877071
103	78	2.13567
103	105	0.928823
103	113	0.915802
103	128	0.928368
103	134	0.903448
103	139	0.84757
103	147	0.851721
103	156	0.915464
103	160	0.833798
103	162	0.903983
103	169	0.879947
103	172	0.851248
103	175	0.87639
103	176	0.857916
103	177	0.887315
103	178	0.817595
103	179	0.848058
104	56	0.965339
104	59	0.959387
104	60	1.02078
104	65	0.944835
104	68	1.01098
104	71	0.937983
104	74	0.919617
104	93	0.999726
104	98	1.00652
104	101	0.943304
104	105	0.989735
104	107	1.84788
104	113	0.976714
104	128	0.98928
104	129	0.937111
104	134	0.96436
104	149	1.20875
104	153	1.17706
104	156	0.976376
104	157	1.35145
104	160	0.89471
104	162	0.964895
104	168	0.983308
105	59	1.01581
105	60	1.0772
105	65	1.00126
105	68	1.06741
105	71	0.994409
105	93	1.05615
105	98	1.06295
105	101	0.99973
105	103	0.928823
105	104	0.989735
105	113	1.03314
105	121	1.00541
105	128	1.04571
105	129	0.993537
105	131	0.737512
105	132	0.899516
105	134	1.02079
105	147	1.38554
105	148	1.04129
105	156	1.0328
105	162	1.02132
105	163	1.11914
105	173	1.80752
106	6	1.06638
106	19	1.03605
106	25	1.04243
106	62	0.982704
106	70	0.966424
106	96	1.08888
106	108	1.01261
106	109	0.948512
106	114	0.990892
106	115	0.977775
106	119	0.973112
106	124	1.05506
106	126	1.00958
106	127	1.00983
106	131	1.02353
106	133	0.987929
106	135	1.0159
106	142	1.0967
106	152	0.996381
106	153	1.138
106	155	1.225
106	159	1.01568
106	166	1.25126
106	177	1.35446
107	31	0.859405
107	32	0.82211
107	104	1.84788
107	125	0.962938
107	135	1.69451
107	142	0.981172
107	150	0.953435
107	154	0.949469
107	160	0.887435
107	163	0.939669
107	164	0.980432
107	165	0.93008
107	166	0.936381
107	167	0.9133
107	170	0.911237
107	171	0.8614
107	172	0.904885
107	173	0.890599
107	174	0.889537
107	175	0.930027
107	176	0.911553
107	178	0.871232
107	179	0.901695
108	6	1.08033
108	19	1.04999
108	31	2.31625
108	62	0.996647
108	70	0.980368
108	96	1.10283
108	106	1.01261
108	109	0.962456
108	114	1.00484
108	115	0.991719
108	119	0.987056
108	124	1.06901
108	125	0.57107
108	126	1.02353
108	127	1.02378
108	131	1.03747
108	133	1.00187
108	135	1.02984
108	152	1.01032
108	159	1.02963
108	160	1.3295
108	168	0.370703
108	170	1.07843
109	6	1.01623
109	25	0.992274
109	41	1.01061
109	62	0.932548
109	70	0.916269
109	90	0.892212
109	96	1.03873
109	106	0.948512
109	108	0.962456
109	114	0.940737
109	115	0.92762
109	119	0.922956
109	120	0.984184
109	122	1.8194
109	123	0.97826
109	124	1.00491
109	126	0.959426
109	127	0.959678
109	133	0.937773
109	135	0.965746
109	136	1.29265
109	143	1.39483
109	152	0.946225
109	159	0.965529
110	3	1.04532
110	40	0.893838
110	43	0.975541
110	51	0.9245
110	53	0.955545
110	66	0.920888
110	77	0.990539
110	78	0.986082
110	84	0.961224
110	85	0.960524
110	86	0.965415
110	89	0.951326
110	91	0.909507
110	92	1.00228
110	99	0.995008
110	100	0.989984
110	102	1.08123
110	111	0.950373
110	116	0.923333
110	140	0.949074
110	158	1.40218
110	159	0.979505
110	179	1.84684
110	180	0.948441
111	16	0.95494
111	22	0.857954
111	27	0.939691
111	29	0.938875
111	44	1.00058
111	69	0.946145
111	78	1.01015
111	79	1.00175
111	82	0.985855
111	83	0.985714
111	84	0.985289
111	86	0.989481
111	88	0.974835
111	89	0.975391
111	110	0.950373
111	120	1.12926
111	156	1.31556
111	158	0.948124
111	159	1.00357
111	164	1.30244
111	172	1.82188
111	177	0.968792
111	180	0.972506
112	17	1.09322
112	42	0.987616
112	74	1.45555
112	118	0.954792
112	128	1.1973
112	136	1.04087
112	139	0.924341
112	142	1.00431
112	151	1.00206
112	153	0.982155
112	155	0.96463
112	157	0.967333
112	161	0.995463
112	165	0.953215
112	166	0.959516
112	169	0.956719
112	170	0.934372
112	171	0.884535
112	172	0.92802
112	173	0.913734
112	174	0.912671
112	175	0.953161
112	176	0.934688
112	178	0.894367
112	179	0.92483
113	41	0.643464
113	56	1.00874
113	59	1.00279
113	60	1.06418
113	65	0.988241
113	68	1.05439
113	71	0.981389
113	94	0.944959
113	98	1.04993
113	101	0.98671
113	103	0.915802
113	104	0.976714
113	105	1.03314
113	121	0.992389
113	128	1.03269
113	129	0.980516
113	130	0.910918
113	134	1.00777
113	146	1.64014
113	149	1.11415
113	156	1.01978
113	160	0.938116
113	162	1.0083
113	165	1.45257
113	168	1.02671
114	6	1.05861
114	19	1.02827
114	25	1.03465
114	62	0.974928
114	70	0.958649
114	76	1.01201
114	90	0.934592
114	96	1.08111
114	99	1.00658
114	106	0.990892
114	108	1.00484
114	109	0.940737
114	115	0.97
114	119	0.965336
114	122	1.51866
114	124	1.04729
114	126	1.00181
114	127	1.00206
114	133	0.980153
114	135	1.00813
114	148	1.12386
114	149	1.18055
114	152	0.988605
114	159	1.00791
114	168	1.15447
115	6	1.04549
115	19	1.01516
115	21	0.952583
115	25	1.02154
115	62	0.961811
115	70	0.945532
115	96	1.06799
115	106	0.977775
115	108	0.991719
115	109	0.92762
115	114	0.97
115	119	0.952219
115	120	1.01345
115	124	1.03417
115	126	0.988689
115	127	0.988941
115	131	1.00263
115	133	0.967036
115	135	0.995009
115	140	1.18725
115	152	0.975489
115	159	0.994792
115	161	1.00617
115	168	0.901869
115	174	1.82641
115	179	1.60582
116	36	1.03631
116	38	1.3143
116	59	0.952912
116	65	0.93836
116	77	0.987565
116	78	0.983107
116	84	0.958249
116	85	0.95755
116	92	0.999303
116	93	0.993251
116	110	0.923333
116	121	0.942508
116	123	1.16005
116	126	1.20414
116	129	0.930635
116	134	0.957885
116	159	0.97653
116	161	0.973128
116	168	0.976833
116	170	0.912037
116	171	0.8622
116	173	0.891399
116	175	0.930826
116	178	0.872032
116	179	0.902495
116	180	0.945466
117	40	1.22674
117	52	1.0548
117	53	1.032
117	123	0.628174
117	132	1.05058
117	135	0.769892
117	138	0.979596
117	145	1.03036
117	146	0.966046
117	149	1.03517
117	151	1.03843
117	154	1.00898
117	161	1.03184
117	163	0.999178
117	164	1.03994
117	166	0.99589
117	167	0.972809
117	169	0.993093
117	171	0.920909
117	172	0.964394
117	173	0.950108
117	174	0.949046
117	175	0.989536
117	176	0.971062
117	178	0.930741
117	179	0.961204
118	9	1.68196
118	15	1.16418
118	39	1.19651
118	96	1.35736
118	112	0.954792
118	137	0.942159
118	138	0.932985
118	144	0.992592
118	145	0.98375
118	147	0.918256
118	151	0.991823
118	154	0.962367
118	157	0.957097
118	163	0.952567
118	164	0.99333
118	165	0.942978
118	167	0.926199
118	169	0.946482
118	170	0.924135
118	171	0.874298
118	172	0.917783
118	173	0.903497
118	174	0.902435
118	175	0.942925
118	176	0.924452
118	178	0.88413
118	179	0.914593
119	8	0.958369
119	19	1.01049
119	25	1.01687
119	62	0.957148
119	70	0.940868
119	90	0.916811
119	96	1.06333
119	106	0.973112
119	108	0.987056
119	109	0.922956
119	114	0.965336
119	115	0.952219
119	120	1.00878
119	123	1.00286
119	124	1.02951
119	126	0.984026
119	127	0.984277
119	131	0.99797
119	133	0.962373
119	135	0.990345
119	138	1.48478
119	152	0.970825
119	153	1.0231
119	159	0.990129
119	167	1.45244
119	172	1.44301
119	177	1.23956
120	4	1.25109
120	32	1.09115
120	47	1.02162
120	55	1.00699
120	58	1.01745
120	59	0.964573
120	75	0.902992
120	79	0.709028
120	100	0.531589
120	109	0.984184
120	111	1.12926
120	115	1.01345
120	119	1.00878
120	121	0.916682
120	123	1.06409
120	124	1.09074
120	126	1.04525
120	133	1.0236
120	135	1.05157
120	150	1.02906
120	155	1.01712
120	160	0.963062
120	161	1.04795
120	171	0.937027
120	176	0.98718
120	178	0.946859
120	179	0.977322
121	12	1.06165
121	56	0.981014
121	59	0.975062
121	60	1.03645
121	65	0.96051
121	68	1.02666
121	71	0.953658
121	74	0.935292
121	93	1.0154
121	98	1.0222
121	101	0.958979
121	102	1.13333
121	105	1.00541
121	113	0.992389
121	116	0.942508
121	120	0.916682
121	128	1.00496
121	129	0.952786
121	130	0.883187
121	134	0.980035
121	148	1.00054
121	157	1.36377
121	158	1.45428
121	160	0.910385
121	161	1.2993
121	162	0.98057
121	168	0.998983
122	39	1.01037
122	68	1.25157
122	109	1.8194
122	114	1.51866
122	132	0.992429
122	136	1.01908
122	138	0.92144
122	139	0.90256
122	143	0.982901
122	147	0.906712
122	149	0.977016
122	150	0.954789
122	154	0.950822
122	156	0.970455
122	164	0.981786
122	165	0.931434
122	166	0.937735
122	169	0.934937
122	170	0.91259
122	171	0.862753
122	172	0.906238
122	173	0.891953
122	174	0.89089
122	175	0.93138
122	176	0.912907
122	177	0.942306
122	178	0.872586
122	179	0.903049
123	1	1.11734
123	16	0.996802
123	22	0.899817
123	23	1.06006
123	27	0.981554
123	29	0.980738
123	37	1.03815
123	44	1.04244
123	47	1.0157
123	55	1.00106
123	58	1.01152
123	109	0.97826
123	116	1.16005
123	117	0.628174
123	119	1.00286
123	120	1.06409
123	124	1.08481
123	126	1.03933
123	127	1.03958
123	133	1.01768
123	135	1.04565
123	154	0.915849
123	158	0.989987
123	160	0.957137
123	174	1.81212
123	175	1.04173
123	177	1.09843
123	180	1.01437
124	6	1.12278
124	19	1.09245
124	25	1.09883
124	62	1.0391
124	67	1.77385
124	70	1.02282
124	76	1.07618
124	96	1.14528
124	106	1.05506
124	108	1.06901
124	109	1.00491
124	114	1.04729
124	115	1.03417
124	119	1.02951
124	120	1.09074
124	123	1.08481
124	126	1.06598
124	127	1.06623
124	133	1.04433
124	135	1.0723
124	137	1.09997
124	152	1.05278
124	157	0.808176
124	159	1.07208
124	161	0.743702
124	169	0.929297
124	177	0.85025
124	180	0.996478
125	8	1.49542
125	28	1.26775
125	65	1.40833
125	78	0.857431
125	107	0.962938
125	108	0.57107
125	132	1.03526
125	142	1.02535
125	145	1.01503
125	147	0.949538
125	149	1.01984
125	154	0.993648
125	157	0.988378
125	163	0.983849
125	164	1.02461
125	166	0.980561
125	167	0.95748
125	169	0.977763
125	170	0.955416
125	171	0.905579
125	172	0.949064
125	173	0.934779
125	174	0.933716
125	175	0.974206
125	176	0.955733
125	178	0.915412
125	179	0.945875
125	180	0.988846
126	19	1.04696
126	25	1.05334
126	62	0.993617
126	70	0.977338
126	76	1.0307
126	90	0.953281
126	96	1.0998
126	106	1.00958
126	108	1.02353
126	109	0.959426
126	114	1.00181
126	115	0.988689
126	116	1.20414
126	119	0.984026
126	120	1.04525
126	123	1.03933
126	124	1.06598
126	127	1.02075
126	131	1.03444
126	133	0.998842
126	135	1.02682
126	141	1.7518
126	148	0.901064
126	152	1.00729
126	156	0.839658
126	159	1.0266
126	163	1.20831
126	168	0.931673
127	6	1.07755
127	8	0.99509
127	19	1.04721
127	25	1.0536
127	62	0.993869
127	70	0.97759
127	81	1.06898
127	90	0.953533
127	96	1.10005
127	106	1.00983
127	108	1.02378
127	109	0.959678
127	114	1.00206
127	115	0.988941
127	119	0.984277
127	123	1.03958
127	124	1.06623
127	126	1.02075
127	131	1.03469
127	132	1.1268
127	133	0.999094
127	135	1.02707
127	148	1.03918
127	152	1.00755
127	157	1.23856
127	158	1.32907
127	159	1.02685
127	168	1.06978
128	12	1.10195
128	56	1.02131
128	59	1.01536
128	60	1.07675
128	65	1.00081
128	68	1.06696
128	74	0.975589
128	93	1.0557
128	98	1.0625
128	101	0.999276
128	103	0.928368
128	104	0.98928
128	105	1.04571
128	112	1.1973
128	113	1.03269
128	121	1.00496
128	129	0.993082
128	130	0.923484
128	134	1.02033
128	140	1.0934
128	146	1.36008
128	148	1.04084
128	149	0.834101
128	156	1.03235
128	160	0.950681
128	168	1.03928
128	169	1.09792
128	176	1.32442
129	12	1.04978
129	51	0.916733
129	56	0.969141
129	59	0.963189
129	60	1.02458
129	65	0.948637
129	68	1.01479
129	71	0.941785
129	74	0.923419
129	93	1.00353
129	98	1.01033
129	101	0.947106
129	104	0.937111
129	105	0.993537
129	113	0.980516
129	116	0.930635
129	121	0.952786
129	128	0.993082
129	134	0.968162
129	148	0.98867
129	156	0.980178
129	160	0.898512
129	162	0.968697
129	165	1.18407
129	168	0.98711
129	171	2.47673
129	177	1.03042
129	180	1.17664
130	11	0.869235
130	12	0.980183
130	14	1.0174
130	18	0.873949
130	42	0.929502
130	48	0.916372
130	50	0.914986
130	57	2.08923
130	65	0.879039
130	68	0.945187
130	88	1.70544
130	100	2.00533
130	101	0.877507
130	113	0.910918
130	121	0.883187
130	128	0.923484
130	134	0.898564
130	142	0.922651
130	146	0.848016
130	152	0.897905
130	153	0.900498
130	158	0.861763
130	159	0.917209
130	171	0.802878
130	173	0.832077
130	175	0.871505
130	176	0.853032
130	178	0.81271
130	179	0.843173
131	4	0.700728
131	29	1.49068
131	30	0.964902
131	52	0.998785
131	57	0.998785
131	61	1.10665
131	68	0.782388
131	72	1.04862
131	80	1.03354
131	82	0.982045
131	105	0.737512
131	106	1.02353
131	108	1.03747
131	115	1.00263
131	119	0.99797
131	126	1.03444
131	127	1.03469
131	133	1.01279
131	135	1.04076
131	161	1.03714
131	162	1.02243
131	163	1.00448
131	165	0.994892
131	168	1.04085
131	169	0.998396
131	170	0.976049
131	174	0.954349
131	178	0.936045
131	179	0.966508
132	28	1.1244
132	57	0.950812
132	60	1.00891
132	72	0.88956
132	105	0.899516
132	117	1.05058
132	122	0.992429
132	125	1.03526
132	127	1.1268
132	138	0.992404
132	145	1.04317
132	147	0.977675
132	154	1.02179
132	155	1.01381
132	157	1.01652
132	161	1.04464
132	164	1.05275
132	165	1.0024
132	166	1.0087
132	167	0.985618
132	169	1.0059
132	170	0.983554
132	171	0.933717
132	172	0.977202
132	173	0.962916
132	174	0.961854
132	175	1.00234
132	176	0.98387
132	178	0.943549
132	179	0.974012
133	6	1.05564
133	8	0.973185
133	19	1.02531
133	21	0.962736
133	25	1.03169
133	62	0.971964
133	70	0.955685
133	76	1.00905
133	96	1.07815
133	106	0.987929
133	108	1.00187
133	109	0.937773
133	114	0.980153
133	115	0.967036
133	119	0.962373
133	120	1.0236
133	123	1.01768
133	124	1.04433
133	126	0.998842
133	127	0.999094
133	131	1.01279
133	135	1.00516
133	138	1.14638
133	150	0.909295
133	152	0.985642
133	159	1.00495
133	165	1.05481
133	167	1.11404
133	170	1.39803
133	178	2.03137
134	12	1.07703
134	56	0.996391
134	59	0.990439
134	60	1.05183
134	65	0.975887
134	68	1.04204
134	71	0.969034
134	74	0.950669
134	93	1.03078
134	98	1.03758
134	101	0.974356
134	103	0.903448
134	104	0.96436
134	105	1.02079
134	113	1.00777
134	116	0.957885
134	121	0.980035
134	128	1.02033
134	129	0.968162
134	130	0.898564
134	145	0.979469
134	148	1.01592
134	151	0.849353
134	155	1.10365
134	156	1.00743
134	157	1.19104
134	160	0.925761
134	162	0.995946
134	168	1.01436
134	174	1.9468
134	179	1.72621
135	6	1.08362
135	8	1.00116
135	19	1.05328
135	21	0.990709
135	25	1.05966
135	62	0.999937
135	70	0.983658
135	76	1.03702
135	90	0.959601
135	96	1.10612
135	106	1.0159
135	107	1.69451
135	108	1.02984
135	109	0.965746
135	114	1.00813
135	115	0.995009
135	117	0.769892
135	119	0.990345
135	120	1.05157
135	123	1.04565
135	124	1.0723
135	126	1.02682
135	127	1.02707
135	131	1.04076
135	133	1.00516
135	143	0.968917
135	144	0.947541
135	152	1.01361
135	156	0.937282
135	159	1.03292
135	163	1.30594
135	168	1.0293
136	3	0.876673
136	50	0.942579
136	67	0.984989
136	70	1.35041
136	82	0.924469
136	83	0.568755
136	96	0.644465
136	97	0.941045
136	109	1.29265
136	112	1.04087
136	122	1.01908
136	139	1.00018
136	141	0.991403
136	146	1.00551
136	147	1.00433
136	149	1.07463
136	154	1.04844
136	155	1.04047
136	161	1.0713
136	164	1.0794
136	165	1.02905
136	166	1.03535
136	167	1.01227
136	169	1.03256
136	170	1.01021
136	171	0.960372
136	172	1.00386
136	173	0.989572
136	174	0.988509
136	175	1.029
136	176	1.01053
136	178	0.970205
136	179	1.00067
137	12	1.40846
137	42	1.05891
137	43	1.38875
137	81	0.960278
137	89	1.6439
137	97	0.852574
137	99	1.02652
137	118	0.942159
137	124	1.09997
137	140	0.955802
137	142	0.991674
137	145	0.981353
137	150	0.963937
137	151	0.989426
137	153	0.969522
137	154	0.95997
137	155	0.951997
137	157	0.9547
137	161	0.98283
137	165	0.940582
137	166	0.946883
137	167	0.923802
137	169	0.944086
137	170	0.921739
137	171	0.871902
137	172	0.915387
137	173	0.901101
137	174	0.900038
137	175	0.940528
137	176	0.922055
137	178	0.881734
137	179	0.912197
137	180	0.955168
138	95	0.978784
138	98	1.24337
138	117	0.979596
138	118	0.932985
138	119	1.48478
138	122	0.92144
138	132	0.992404
138	133	1.14638
138	143	0.982875
138	145	0.972179
138	146	0.907865
138	147	0.906686
138	150	0.954763
138	153	0.960348
138	154	0.950796
138	155	0.942823
138	157	0.945526
138	159	1.26828
138	161	0.973656
138	162	1.16451
138	163	0.940997
138	164	0.98176
138	165	0.931408
138	166	0.937709
138	167	0.914628
138	169	0.934912
138	170	0.912565
138	171	0.862728
138	172	0.906213
138	173	0.891927
138	175	0.931354
