1	16	0.455915
1	88	0.502122
1	125	1.35168
1	134	0.497105
1	153	1.38476
1	162	1.38865
1	165	1.35642
1	169	1.35435
1	170	1.37929
1	171	1.38598
1	172	0.474317
1	176	0.464418
2	97	0.475099
2	135	0.471349
2	146	1.38054
2	153	1.38007
2	157	0.499051
2	158	0.468219
2	162	1.38396
2	165	1.35172
2	171	1.38129
2	173	1.3793
2	179	1.34464
2	180	0.478943
3	62	1.28124
3	78	0.481602
3	105	1.42258
3	125	0.487574
3	129	0.498362
3	140	1.40261
3	150	1.41303
3	157	1.34378
3	166	0.473912
3	168	0.477032
3	174	1.38025
3	179	1.35816
4	80	1.42327
4	106	0.48453
4	126	0.467575
4	129	1.3156
4	133	0.486111
4	139	1.37821
4	169	1.34957
4	170	1.3745
4	171	1.3812
4	173	1.37922
4	177	0.477939
4	180	0.481375
5	6	1.39464
5	36	1.33266
5	46	1.35349
5	66	0.463337
5	101	1.44364
5	104	0.478722
5	106	1.35612
5	143	1.38496
5	157	1.33108
5	166	0.492383
5	168	0.495502
5	172	0.481094
6	5	1.39464
6	73	0.502983
6	81	1.37864
6	84	1.39447
6	87	1.39274
6	98	0.490063
6	106	1.33345
6	130	1.34677
6	143	1.36229
6	166	0.488078
6	171	0.464236
6	174	0.468523
7	58	0.632236
7	65	0.58054
7	87	0.562275
7	115	1.16928
7	142	1.20086
7	159	1.19657
7	160	1.24409
7	162	1.20793
7	167	0.616858
7	169	1.17363
7	171	1.20526
7	173	1.20328
8	28	0.51394
8	65	0.446745
8	124	1.3562
8	133	0.481053
8	134	1.34928
8	149	1.36357
8	152	1.37838
8	167	1.37382
8	171	0.476523
8	174	0.48081
8	178	1.3884
8	180	1.39238
9	44	1.40961
9	46	1.35096
9	77	0.494197
9	84	1.41461
9	106	1.35358
9	130	1.3669
9	136	0.452176
9	137	1.37504
9	157	1.32855
9	166	0.49319
9	168	0.49631
9	176	0.472003
10	27	0.504604
10	58	1.31297
10	112	1.43318
10	113	1.35323
10	152	1.37094
10	162	0.468825
10	167	1.36638
10	169	0.484218
10	174	0.474023
10	176	0.472391
10	178	1.38096
10	180	1.38494
11	29	1.18632
11	42	0.642997
11	76	0.596288
11	90	0.579377
11	99	1.19201
11	109	1.20346
11	146	1.20086
11	158	0.580062
11	160	1.24043
11	162	1.20427
11	165	1.17204
11	173	1.19962
12	106	1.35515
12	143	1.38399
12	159	0.47389
12	162	0.477056
12	164	1.36383
12	165	0.491755
12	170	0.483205
12	173	0.479259
12	175	1.36926
12	177	1.36714
12	178	1.38015
12	180	1.38412
13	60	1.4235
13	86	1.3755
13	96	0.521824
13	101	1.41669
13	104	0.466187
13	106	1.32916
13	130	1.34248
13	143	1.35801
13	145	0.478621
13	156	1.35372
13	166	0.479847
13	170	0.461243
14	21	0.500072
14	80	0.446268
14	96	0.52862
14	120	1.33743
14	127	1.39268
14	140	0.461713
14	151	1.38378
14	171	0.462801
14	172	1.36161
14	175	1.37859
14	176	1.37225
14	177	1.37647
15	91	0.475721
15	121	1.36686
15	126	1.42868
15	137	0.48941
15	154	0.47352
15	157	0.493418
15	163	1.36357
15	172	1.35025
15	175	1.36723
15	176	1.36089
15	177	1.36511
15	180	0.47331
16	1	0.455915
16	32	0.514213
16	44	0.455557
16	139	0.488065
16	151	1.38408
16	163	1.37522
16	172	1.36191
16	175	1.37889
16	176	1.37255
16	177	1.37677
16	179	1.35413
16	180	0.487013
17	58	1.3169
17	64	1.42068
17	67	0.469957
17	71	1.36134
17	149	1.36007
17	164	1.36858
17	171	0.481932
17	174	0.48622
17	175	0.482173
17	176	0.484587
17	178	1.3849
17	180	1.38887
18	57	1.45432
18	88	1.2955
18	117	0.504345
18	127	0.46884
18	136	0.461711
18	139	1.36703
18	143	0.463898
18	150	1.38824
18	161	0.495597
18	164	1.35271
18	178	1.36902
18	180	1.373
19	47	0.441625
19	70	0.433116
19	107	1.47364
19	116	1.5231
19	138	1.49083
19	150	1.51778
19	151	0.4222
19	157	1.44853
19	168	0.455243
19	171	0.428281
19	174	1.485
19	177	0.424641
19	179	1.46291
20	137	0.533497
20	151	1.31391
20	156	0.526202
20	160	0.510966
20	161	1.29144
20	163	1.30505
20	171	0.517603
20	172	1.29174
20	175	1.30872
20	176	1.30238
20	177	1.3066
20	179	1.28396
20	180	0.517398
21	14	0.500072
21	52	1.29203
21	54	0.524237
21	123	0.530526
21	126	0.516333
21	160	1.34529
21	162	1.30913
21	169	1.27482
21	170	1.29976
21	171	1.30646
21	173	1.30448
21	177	0.526697
21	179	1.26981
22	52	0.428678
22	113	0.446918
22	117	1.4492
22	125	0.4455
22	137	0.423892
22	151	1.50358
22	155	0.443835
22	156	0.416596
22	158	1.5062
22	172	1.48142
22	176	1.49205
22	177	1.49627
22	179	1.47363
23	67	0.51563
23	72	1.40296
23	79	0.493913
23	131	0.538526
23	141	0.50421
23	142	1.28527
23	153	1.28845
23	157	0.547509
23	160	1.3285
23	165	1.26011
23	169	1.25804
23	171	1.28967
23	173	1.28769
24	55	1.25902
24	126	1.35685
24	136	1.33774
24	142	0.51997
24	157	0.532793
24	159	0.508813
24	163	1.29174
24	164	0.527371
24	172	1.27843
24	175	1.29541
24	176	1.28907
24	177	1.29329
24	180	0.512685
25	115	0.542452
25	120	1.26925
25	142	0.519563
25	146	0.511633
25	158	1.31822
25	161	1.29313
25	163	1.30674
25	172	1.29343
25	175	1.31041
25	176	1.30407
25	177	1.30829
25	178	0.519534
25	180	0.512278
26	31	0.440556
26	133	0.5412
26	143	0.521685
26	146	1.30806
26	149	0.548627
26	160	1.34763
26	165	1.27924
26	169	1.27717
26	170	1.3021
26	171	1.3088
26	173	1.30682
26	178	0.543721
26	179	1.27215
27	10	0.504604
27	50	0.513607
27	99	1.29305
27	122	0.528242
27	139	1.29965
27	142	1.29824
27	147	1.29344
27	160	1.34147
27	162	1.30532
27	171	1.30264
27	175	0.528175
27	177	0.524294
27	179	1.26599
28	8	0.51394
28	129	1.24106
28	144	0.51149
28	146	1.30592
28	151	0.524403
28	153	1.30544
28	158	0.519556
28	160	1.34549
28	163	0.527841
28	170	1.29997
28	171	1.30666
28	173	1.30468
28	174	1.2921
29	11	1.18632
29	36	1.28218
29	94	0.539676
29	100	0.51672
29	131	1.31297
29	143	1.33448
29	145	0.526346
29	156	1.3302
29	167	0.51027
29	170	1.32494
29	176	1.31341
29	177	1.31763
29	180	0.503525
30	108	0.514648
30	110	1.30811
30	140	0.509411
30	144	1.33781
30	155	0.546338
30	156	0.519099
30	158	1.30698
30	161	1.28188
30	163	1.2955
30	172	1.28219
30	173	0.511791
30	176	1.29283
30	177	1.29705
31	26	0.440556
31	33	0.336098
31	39	1.36902
31	54	1.29956
31	70	1.31463
31	75	0.424352
31	76	1.29329
31	82	1.23548
31	121	0.402443
31	149	1.27697
31	178	1.3018
31	179	0.997634
31	180	1.30577
32	16	0.514213
32	88	0.56042
32	108	1.30339
32	135	0.512263
32	139	1.30119
32	141	0.496666
32	158	0.509133
32	160	1.34301
32	162	1.30685
32	165	1.27462
32	169	1.27255
32	170	1.29749
32	173	1.3022
33	31	0.336098
33	71	0.460966
33	97	0.428161
33	98	0.458038
33	100	0.4452
33	111	0.465565
33	131	1.48701
33	161	1.4765
33	163	1.49012
33	172	1.4768
33	175	1.49378
33	176	1.48744
33	177	1.49166
34	118	0.508495
34	122	0.521501
34	129	1.24449
34	142	1.30568
34	153	1.30887
34	159	1.3014
34	160	1.34892
34	163	0.518551
34	167	0.527734
34	169	1.27845
34	170	1.30339
34	171	1.31009
34	180	0.520989
35	98	0.534025
35	125	0.545702
35	127	1.31864
35	133	1.30377
35	159	0.504121
35	161	1.28726
35	163	1.30088
35	170	0.513436
35	172	1.28757
35	173	0.509489
35	175	1.30455
35	176	1.29821
35	177	1.30243
36	5	1.33266
36	29	1.28218
36	46	1.26885
36	51	1.28788
36	68	0.504711
36	78	0.53989
36	101	1.359
36	106	1.27147
36	143	1.30031
36	156	1.29603
36	168	0.53532
36	172	0.520912
36	176	0.511013
37	39	0.534792
37	62	1.1586
37	78	0.594762
37	83	0.54442
37	107	1.24625
37	114	1.21041
37	116	1.29571
37	138	1.26344
37	140	1.27997
37	150	1.29039
37	157	1.22114
37	168	0.590191
37	177	0.559589
37	179	1.23552
38	70	0.458092
38	86	1.42922
38	96	0.519076
38	118	0.440558
38	130	1.3962
38	140	0.452169
38	143	1.41172
38	152	0.469434
38	169	1.37724
38	173	1.40689
38	175	1.39699
38	176	1.39065
38	177	1.39487
38	180	0.453053
39	31	1.36902
39	37	0.534792
39	87	0.416586
39	97	0.46058
39	106	0.467579
39	140	0.463541
39	150	0.443765
39	159	1.40446
39	170	1.40645
39	175	1.40126
39	176	1.39492
39	177	1.39914
39	178	1.41215
39	180	1.41612
40	62	1.29872
40	105	1.44006
40	116	1.43584
40	132	0.462531
40	138	1.40356
40	140	1.42009
40	150	1.43051
40	153	0.463127
40	156	0.462963
40	166	0.478205
40	168	0.481325
40	174	1.39773
40	178	0.461415
40	179	1.37564
41	95	0.436486
41	102	1.36303
41	107	1.39987
41	138	1.41707
41	140	1.4336
41	146	0.461763
41	147	0.461269
41	150	1.44401
41	155	1.38038
41	157	1.37477
41	166	0.486455
41	168	0.489574
41	172	0.475166
41	179	1.38915
42	11	0.642997
42	76	1.23636
42	84	0.513496
42	112	1.29707
42	113	1.21712
42	135	1.27791
42	149	1.22003
42	158	0.534144
42	162	0.544162
42	164	1.22854
42	167	1.23027
42	169	0.559555
42	178	1.24486
42	180	1.24883
43	64	1.29168
43	103	1.20894
43	113	1.22816
43	136	0.542698
43	137	1.25236
43	145	1.21754
43	146	0.559021
43	152	1.24587
43	167	1.24131
43	169	0.574352
43	174	0.564157
43	178	1.2559
43	179	0.565418
43	180	1.25987
44	9	1.40961
44	16	0.455557
44	51	1.36737
44	60	1.44529
44	73	0.500154
44	81	1.39615
44	86	1.3973
44	101	1.43848
44	130	1.36428
44	141	0.438011
44	143	1.3798
44	166	0.485248
44	176	0.464061
44	179	0.466954
45	96	1.26772
45	100	1.32294
45	103	1.30542
45	104	1.38544
45	118	1.38095
45	134	1.31326
45	145	1.31403
45	147	0.496163
45	162	0.496595
45	165	0.511294
45	174	0.501794
45	175	0.497747
45	178	1.35238
45	179	0.503055
45	180	1.35636
46	5	1.35349
46	9	1.35096
46	36	1.26885
46	73	0.511491
46	84	1.35333
46	85	0.537798
46	87	1.3516
46	94	0.508688
46	101	1.37983
46	104	0.482924
46	130	1.30562
46	143	1.32115
46	148	0.479401
46	156	1.31686
46	168	0.499705
47	19	0.441625
47	74	0.524877
47	99	1.33056
47	110	0.505079
47	118	0.493711
47	120	0.531125
47	125	1.30585
47	130	0.496577
47	147	1.33095
47	159	1.33146
47	160	1.37898
47	165	1.31059
47	170	1.33346
47	171	1.34015
47	173	1.33817
48	53	0.488485
48	64	0.481429
48	69	0.494959
48	71	0.531166
48	93	1.40266
48	118	0.48971
48	120	1.28602
48	127	1.34127
48	144	1.36582
48	148	1.30976
48	153	0.511174
48	163	1.32351
48	175	1.32718
48	176	1.32084
48	177	1.32506
49	58	1.28579
49	93	0.466578
49	103	1.30682
49	118	1.38235
49	149	1.32895
49	155	1.30937
49	159	0.502492
49	162	0.505657
49	164	1.33747
49	167	1.3392
49	171	0.506569
49	174	0.510856
49	178	1.35379
49	179	0.512117
49	180	1.35776
50	27	0.513607
50	52	0.499421
50	62	0.547946
50	73	1.33003
50	94	1.28852
50	112	1.40267
50	134	1.31133
50	149	1.32563
50	157	1.30043
50	159	0.474662
50	167	1.33587
50	170	0.483977
50	174	0.483026
50	178	1.35046
50	180	1.35443
51	36	1.28788
51	44	1.36737
51	81	1.35653
51	87	1.37063
51	113	0.523755
51	130	1.32465
51	137	1.33279
51	143	1.34018
51	156	1.33589
51	157	1.2863
51	166	0.508676
51	168	0.511795
51	170	0.490072
51	179	0.490382
51	180	0.484629
52	21	1.29203
52	22	0.428678
52	50	0.499421
52	57	1.41679
52	127	0.503706
52	132	0.521916
52	142	1.32809
52	160	1.37132
52	164	0.52823
52	165	1.30293
52	169	1.30086
52	170	1.3258
52	171	1.33249
52	173	1.33051
52	176	0.516403
53	48	0.488485
53	62	0.548349
53	82	1.28175
53	96	1.26341
53	111	0.512497
53	112	1.40028
53	122	1.34904
53	151	0.473061
53	164	1.33175
53	165	0.49293
53	167	1.33348
53	168	1.33953
53	178	1.34807
53	179	0.484691
53	180	1.35204
54	21	0.524237
54	31	1.29956
54	71	1.31913
54	113	1.31495
54	117	0.51243
54	122	1.34365
54	135	1.37574
54	152	1.33266
54	159	0.48289
54	164	1.32637
54	169	0.501449
54	174	0.491254
54	176	0.489622
54	178	1.34269
54	180	1.34666
55	24	1.25902
55	80	0.516253
55	99	0.547458
55	130	0.522953
55	132	1.28909
55	133	1.28598
55	148	1.26933
55	153	0.54155
55	158	1.29457
55	163	1.28309
55	167	0.539326
55	172	1.26978
55	173	0.534078
55	175	1.28676
55	176	1.28042
55	177	1.28464
56	79	0.498276
56	87	1.32287
56	97	1.31643
56	100	0.544958
56	130	1.27689
56	138	1.28084
56	143	1.29241
56	157	1.23854
56	162	0.531057
56	164	0.54645
56	169	0.54645
56	175	1.27768
56	176	1.27134
56	177	1.27556
56	179	1.25292
56	180	0.531764
57	18	1.45432
57	52	1.41679
57	99	1.42162
57	114	0.488332
57	126	0.429098
57	131	0.454023
57	134	0.478443
57	159	1.42252
57	165	1.40165
57	169	1.39958
57	170	1.42452
57	171	1.43121
57	172	0.455656
57	173	1.42923
57	177	0.439462
57	178	0.450154
58	7	0.632236
58	10	1.31297
58	17	1.3169
58	49	1.28579
58	73	1.2565
58	90	0.503371
58	122	1.2779
58	133	0.519516
58	147	0.513642
58	163	0.512342
58	164	1.26061
58	167	1.26234
58	168	1.26839
58	178	1.27693
58	179	0.520533
58	180	1.2809
59	69	0.436731
59	110	1.43509
59	111	0.477536
59	121	1.42577
59	128	0.439697
59	129	0.492474
59	135	0.436383
59	148	1.40872
59	151	1.43133
59	152	0.460358
59	163	1.42248
59	164	0.458663
59	172	1.40917
59	175	1.42614
59	176	1.4198
59	177	1.42402
60	13	1.4235
60	44	1.44529
60	81	1.43445
60	85	0.504093
60	87	1.44855
60	101	1.47678
60	104	0.44922
60	106	1.38925
60	130	1.40257
60	143	1.4181
60	157	1.36422
60	166	0.462881
60	167	0.445579
60	168	0.466
60	178	0.446091
60	179	0.444587
61	88	0.571064
61	101	0.485694
61	111	1.26528
61	128	1.30405
61	131	0.541626
61	151	0.524624
61	159	1.28668
61	165	1.2658
61	169	1.26373
61	170	1.28867
61	171	1.29536
61	173	1.29338
61	174	1.2808
61	175	0.530946
61	178	0.537757
61	179	1.25871
62	3	1.28124
62	37	1.1586
62	40	1.29872
62	50	0.547946
62	53	0.548349
62	65	1.26512
62	102	1.17058
62	116	1.25689
62	133	0.566805
62	138	1.22462
62	140	1.24115
62	148	0.568932
62	150	1.25156
62	154	1.26342
62	155	1.18793
62	166	0.586116
62	168	0.589236
63	87	0.523975
63	117	1.19991
63	131	1.24233
63	148	1.23168
63	158	1.25691
63	159	0.567941
63	161	1.23182
63	163	1.24544
63	165	0.585806
63	172	1.23213
63	173	0.57331
63	175	1.24911
63	176	1.24276
63	177	1.24698
63	178	0.57907
63	179	1.22434
63	180	0.571813
64	17	1.42068
64	43	1.29168
64	48	0.481429
64	74	0.490552
64	99	0.486758
64	110	0.470754
64	114	1.31993
64	122	1.38167
64	124	1.3485
64	129	0.520378
64	145	1.34234
64	164	1.36438
64	167	1.36611
64	174	0.476373
64	178	1.3807
64	179	0.477634
64	180	1.38467
65	7	0.58054
65	8	0.446745
65	62	1.26512
65	78	0.494821
65	102	1.31593
65	105	1.40646
65	107	1.35277
65	116	1.40223
65	118	0.45059
65	138	1.36996
65	140	1.38649
65	150	1.39691
65	166	0.487131
65	168	0.490251
65	174	1.36413
65	175	0.46353
65	179	1.34204
66	5	0.463337
66	70	1.37775
66	76	1.35642
66	118	1.39349
66	119	1.39858
66	134	1.3258
66	145	1.32657
66	149	1.34009
66	160	0.481227
66	163	0.48522
66	164	1.34861
66	165	0.501651
66	174	0.49215
66	175	0.488103
66	178	1.36493
66	179	0.493411
66	180	1.3689
67	17	0.469957
67	23	0.51563
67	107	0.476866
67	117	1.31858
67	127	1.38186
67	133	1.36699
67	150	0.460227
67	153	0.489856
67	158	1.37558
67	161	1.35049
67	163	1.3641
67	167	0.487631
67	169	0.495574
67	172	1.35079
67	175	1.36777
67	176	1.36143
67	177	1.36565
68	36	0.504711
68	109	1.37202
68	126	0.475415
68	140	1.37796
68	144	0.470425
68	145	1.33081
68	149	1.34433
68	150	1.38838
68	158	0.478491
68	159	1.36147
68	163	0.486776
68	164	1.35285
68	173	1.36818
68	175	0.48966
68	176	0.492074
68	179	1.33351
68	180	1.37314
69	48	0.494959
69	59	0.436731
69	81	1.37894
69	84	1.39477
69	87	1.39304
69	109	1.3616
69	111	1.32966
69	117	0.511079
69	138	0.487598
69	152	1.34872
69	165	1.33018
69	167	1.34416
69	172	0.49817
69	175	0.485857
69	177	0.481975
69	178	1.35874
69	180	1.36272
70	19	0.433116
70	31	1.31463
70	38	0.458092
70	66	1.37775
70	71	1.33419
70	79	1.39952
70	95	1.42239
70	142	0.504982
70	148	0.50456
70	152	1.34773
70	164	1.34143
70	167	1.34316
70	173	0.499194
70	174	0.502189
70	178	1.35775
70	179	0.50345
70	180	1.36172
71	17	1.36134
71	33	0.460966
71	48	0.531166
71	54	1.31913
71	70	1.33419
71	77	1.28154
71	103	1.2744
71	131	0.532744
71	134	1.28223
71	144	0.502828
71	145	1.283
71	167	1.30678
71	168	1.31282
71	174	0.52611
71	175	0.522064
71	178	1.32136
71	179	0.527371
71	180	1.32533
72	23	1.40296
72	86	0.428109
72	112	0.433317
72	114	0.492987
72	126	0.433752
72	129	1.3946
72	156	1.45877
72	158	0.436828
72	159	1.45152
72	162	1.46288
72	164	0.462238
72	165	1.43064
72	169	1.42857
72	170	1.45351
72	171	1.4602
72	173	1.45822
72	178	0.454808
72	180	0.447552
73	6	0.502983
73	44	0.500154
73	46	0.511491
73	50	1.33003
73	58	1.2565
73	86	0.512167
73	116	0.507422
73	130	0.521981
73	140	0.530726
73	169	1.29385
73	170	1.31879
73	172	1.29662
73	173	1.32351
73	175	1.3136
73	176	1.30726
73	177	1.31148
73	178	1.32449
73	180	1.32846
74	47	0.524877
74	64	0.490552
74	123	1.31364
74	126	1.36566
74	128	0.507049
74	133	1.30343
74	136	1.34654
74	149	0.523491
74	153	0.520298
74	163	1.30055
74	165	0.525321
74	172	1.28724
74	173	0.512825
74	174	1.30154
74	175	1.30421
74	176	1.29787
74	177	1.30209
74	179	1.27945
75	31	0.424352
75	109	0.520956
75	110	1.31629
75	122	0.520772
75	123	1.31677
75	125	0.557969
75	131	1.30057
75	139	0.521312
75	144	1.34599
75	158	1.31515
75	161	1.29006
75	166	1.31285
75	169	0.534947
75	170	0.525703
75	172	1.29037
75	175	1.30735
75	176	1.301
75	177	1.30522
76	11	0.596288
76	31	1.29329
76	42	1.23636
76	66	1.35642
76	96	1.25176
76	118	1.36498
76	124	1.30422
76	134	1.29729
76	145	1.29806
76	147	0.49702
76	162	0.497453
76	167	1.32183
76	169	0.512846
76	173	0.499656
76	175	0.498604
76	178	1.33642
76	179	0.503912
76	180	1.34039
77	9	0.494197
77	71	1.28154
77	83	1.35016
77	98	1.28242
77	100	1.27565
77	118	1.33366
77	126	0.503912
77	135	1.33815
77	141	1.35212
77	149	1.28027
77	150	0.497052
77	164	1.28878
77	169	0.532398
77	171	0.517916
77	172	0.53047
77	178	1.3051
77	179	0.523464
77	180	1.30907
78	3	0.481602
78	36	0.53989
78	37	0.594762
78	65	0.494821
78	84	0.493022
78	101	0.479588
78	139	1.32114
78	145	1.28478
78	150	0.503735
78	165	1.29457
78	167	1.30855
78	172	1.29527
78	173	1.32215
78	175	1.31225
78	176	1.30591
78	177	1.31012
78	178	1.32313
78	180	1.32711
79	23	0.493913
79	56	0.498276
79	70	1.39952
79	102	0.495616
79	113	1.35895
79	119	1.42034
79	123	0.459563
79	131	0.470295
79	135	1.41974
79	147	0.458031
79	149	1.36186
79	152	1.37667
79	157	1.33666
79	164	1.37037
79	166	1.3813
79	175	0.459615
79	178	1.38669
79	179	0.464923
79	180	1.39066
80	4	1.42327
80	14	0.446268
80	55	0.516253
80	105	0.458753
80	108	1.38821
80	116	0.452141
80	125	1.35469
80	132	0.484702
80	146	1.38825
80	162	1.39166
80	165	1.35943
80	168	1.37945
80	169	1.35736
80	170	1.3823
80	171	1.38899
80	173	1.38701
80	176	0.479189
80	177	0.472893
80	178	0.483586
81	6	1.37864
81	44	1.39615
81	51	1.35653
81	60	1.43445
81	69	1.37894
81	83	0.444507
81	85	0.528372
81	86	1.38646
81	101	1.42765
81	130	1.35344
81	137	1.36158
81	143	1.36896
81	147	1.35691
81	148	0.469975
81	153	0.472081
81	166	0.487159
81	168	0.490279
81	174	0.467604
81	180	0.463112
82	31	1.23548
82	53	1.28175
82	103	1.23164
82	119	1.31226
82	134	1.23948
82	135	1.31166
82	139	0.545419
82	152	1.26858
82	155	1.23419
82	159	0.540495
82	160	0.537936
82	164	1.26229
82	167	1.26402
82	174	0.548859
82	175	0.544812
82	176	0.547227
82	177	0.540931
82	178	1.27861
82	180	1.28258
83	37	0.54442
83	77	1.35016
83	81	0.444507
83	84	0.44268
83	86	0.454609
83	102	0.510499
83	116	0.449864
83	119	1.42364
83	121	1.37873
83	140	0.473169
83	143	0.459273
83	169	1.35935
83	171	1.39098
83	173	1.389
83	175	1.3791
83	176	1.37276
83	177	1.37697
83	178	1.38998
83	180	1.39396
84	6	1.39447
84	9	1.41461
84	42	0.513496
84	46	1.35333
84	69	1.39477
84	78	0.493022
84	83	0.44268
84	86	1.40229
84	104	0.471671
84	106	1.35595
84	130	1.36927
84	137	1.37741
84	143	1.38479
84	147	1.37274
84	156	1.38051
84	160	0.454854
84	166	0.485332
84	168	0.488452
84	174	0.465777
85	46	0.537798
85	60	0.504093
85	81	0.528372
85	102	0.594364
85	107	0.553896
85	116	0.533729
85	119	1.3098
85	134	1.23702
85	150	0.537257
85	153	1.27593
85	169	1.24552
85	170	1.27045
85	172	1.24828
85	173	1.27517
85	175	1.26526
85	176	1.25892
85	177	1.26314
85	178	1.27615
85	180	1.28012
86	13	1.3755
86	38	1.42922
86	44	1.3973
86	72	0.428109
86	73	0.512167
86	81	1.38646
86	83	0.454609
86	84	1.40229
86	87	1.40056
86	101	1.42879
86	106	1.34126
86	130	1.35458
86	143	1.37011
86	146	0.47257
86	154	0.473424
86	157	1.31623
86	166	0.497261
86	168	0.500381
86	171	0.473419
87	6	1.39274
87	7	0.562275
87	39	0.416586
87	46	1.3516
87	51	1.37063
87	56	1.32287
87	60	1.44855
87	63	0.523975
87	69	1.39304
87	86	1.40056
87	94	0.480969
87	101	1.44175
87	122	0.445331
87	130	1.36754
87	143	1.38306
87	157	1.32919
87	164	0.459505
87	166	0.468866
87	175	0.445264
88	1	0.502122
88	18	1.2955
88	32	0.56042
88	61	0.571064
88	97	1.29926
88	102	1.20963
88	105	1.30017
88	107	1.24647
88	116	1.29594
88	127	0.523383
88	138	1.26367
88	140	1.2802
88	150	1.29061
88	155	1.22698
88	166	0.557267
88	168	0.560387
88	171	0.533426
88	174	1.25784
88	179	1.23575
89	91	1.27962
89	99	1.26464
89	108	1.27345
89	111	1.24415
89	114	0.57589
89	115	1.23826
89	144	0.511665
89	145	0.553276
89	148	0.537318
89	160	1.31307
89	161	0.547375
89	162	1.27691
89	165	1.24468
89	167	0.5372
89	168	1.2647
89	170	1.26754
89	173	1.27226
89	174	1.25968
89	176	0.533315
90	11	0.579377
90	58	0.503371
90	120	1.29258
90	121	1.33337
90	136	1.37607
90	144	1.37239
90	152	0.49763
90	154	0.481459
90	158	1.34155
90	160	0.474817
90	161	1.31646
90	162	0.480542
90	163	1.33008
90	164	0.495934
90	172	1.31677
90	174	1.33107
90	175	1.33374
90	176	1.3274
90	177	1.33162
90	178	0.488505
91	15	0.475721
91	89	1.27962
91	92	0.492367
91	107	0.491047
91	114	0.540503
91	125	1.31799
91	126	0.481268
91	128	1.36098
91	159	1.34361
91	162	1.35497
91	163	0.492629
91	164	0.509754
91	165	1.32273
91	169	1.32066
91	170	1.3456
91	171	1.3523
91	172	0.507826
91	173	1.35032
91	174	1.33774
91	179	1.31565
92	91	0.492367
92	98	0.515989
92	127	1.35083
92	131	1.32996
92	144	1.37538
92	148	1.31931
92	151	1.34193
92	153	0.498925
92	155	0.526
92	156	0.498761
92	159	0.486085
92	161	1.31945
92	163	1.33307
92	172	1.31976
92	173	0.491453
92	175	1.33674
92	176	1.3304
92	177	1.33462
92	178	0.497213
92	179	1.31198
93	48	1.40266
93	49	0.466578
93	115	0.483046
93	123	1.40805
93	125	0.490581
93	137	0.468972
93	141	1.45653
93	147	1.4013
93	148	1.3812
93	154	0.453082
93	156	0.461676
93	157	0.47298
93	158	1.40643
93	160	0.446441
93	161	1.38134
93	163	1.39496
93	165	0.466865
93	172	1.38165
93	175	1.39862
93	176	1.39228
93	177	1.3965
94	29	0.539676
94	46	0.508688
94	50	1.28852
94	87	0.480969
94	95	1.34763
94	119	1.31663
94	120	0.553727
94	124	1.25078
94	135	1.31604
94	141	1.33
94	147	0.527669
94	149	1.25815
94	154	1.31406
94	164	1.26667
94	167	1.2684
94	168	1.27444
94	174	0.5333
94	177	0.525372
94	178	1.28298
94	179	0.534561
94	180	1.28696
95	41	0.436486
95	70	1.42239
95	94	1.34763
95	100	1.38012
95	108	0.471089
95	111	0.500295
95	112	1.46178
95	127	0.456898
95	135	1.44262
95	145	1.37121
95	150	0.446076
95	157	1.35954
95	164	1.39325
95	165	0.480729
95	166	1.40418
95	167	1.39498
95	170	0.472179
95	173	0.468232
95	176	0.469595
95	178	1.40957
95	180	1.41354
96	13	0.521824
96	14	0.52862
96	38	0.519076
96	45	1.26772
96	53	1.26341
96	76	1.25176
96	112	1.31247
96	113	1.23253
96	117	0.584348
96	122	1.26123
96	124	1.22806
96	134	1.22114
96	135	1.29332
96	152	1.25024
96	159	0.554809
96	164	1.24395
96	165	0.572673
96	168	1.25172
96	171	0.558886
96	174	0.563173
96	178	1.26026
96	180	1.26424
97	2	0.475099
97	33	0.428161
97	39	0.46058
97	56	1.31643
97	88	1.29926
97	98	1.3501
97	99	0.50369
97	104	0.499199
97	107	1.34785
97	115	0.518987
97	116	1.39732
97	138	1.36505
97	140	1.38158
97	149	0.500976
97	150	1.39199
97	154	1.40385
97	155	1.32836
97	157	1.32275
97	166	0.51286
97	168	0.51598
97	174	1.35922
97	179	1.33713
98	6	0.490063
98	33	0.458038
98	35	0.534025
98	77	1.28242
98	92	0.515989
98	97	1.3501
98	106	0.521844
98	110	0.517563
98	115	1.28726
98	121	0.524383
98	127	0.508852
98	138	1.31451
98	139	1.32025
98	140	1.33104
98	148	0.525552
98	150	1.34146
98	152	1.31222
98	165	1.29368
98	167	1.30766
98	169	1.29161
98	171	1.32324
98	178	1.32224
98	180	1.32622
99	11	1.19201
99	27	1.29305
99	47	1.33056
99	55	0.547458
99	57	1.42162
99	64	0.486758
99	89	1.26464
99	97	0.50369
99	109	1.33918
99	123	0.507928
99	129	1.27172
99	141	0.484344
99	142	1.33292
99	149	0.519697
99	151	0.501658
99	153	1.3361
99	161	0.524453
99	162	1.34
99	165	1.30776
99	169	1.30569
99	170	1.33063
99	172	0.520292
99	173	1.33534
100	29	0.51672
100	33	0.4452
100	45	1.32294
100	56	0.544958
100	77	1.27565
100	95	1.38012
100	113	1.28774
100	119	1.34913
100	120	0.53077
100	134	1.27635
100	135	1.34853
100	152	1.30545
100	153	0.51482
100	156	1.31504
100	164	1.29916
100	165	0.519844
100	167	1.30089
100	168	1.30693
100	170	0.511294
100	174	0.510343
100	178	1.31547
100	179	0.511605
100	180	1.31945
101	5	1.44364
101	13	1.41669
101	36	1.359
101	44	1.43848
101	46	1.37983
101	60	1.47678
101	61	0.485694
101	78	0.479588
101	81	1.42765
101	86	1.42879
101	87	1.44175
101	104	0.458237
101	106	1.38245
101	130	1.39577
101	143	1.4113
101	147	1.39924
101	154	0.448061
101	160	0.44142
101	166	0.471898
101	168	0.475018
101	178	0.455108
101	179	0.453604
101	180	0.447851
102	41	1.36303
102	62	1.17058
102	65	1.31593
102	79	0.495616
102	83	0.510499
102	85	0.594364
102	88	1.20963
102	105	1.31192
102	107	1.25823
102	116	1.30769
102	135	0.52151
102	138	1.27542
102	140	1.29195
102	141	1.33018
102	147	0.527965
102	150	1.30237
102	154	1.31423
102	157	1.23312
102	159	0.525232
102	164	0.54379
102	166	0.553151
102	174	1.26959
102	176	0.531964
102	179	1.2475
103	43	1.20894
103	45	1.30542
103	49	1.30682
103	71	1.2744
103	82	1.23164
103	119	1.33161
103	124	1.26576
103	145	1.2596
103	146	0.532849
103	149	1.27313
103	152	1.28793
103	158	0.52277
103	159	0.529622
103	164	1.28164
103	165	0.547487
103	166	1.29257
103	167	1.28337
103	171	0.533699
103	174	0.537986
103	175	0.533939
103	177	0.530058
103	178	1.29796
103	179	0.539247
103	180	1.30193
104	5	0.478722
104	13	0.466187
104	45	1.38544
104	46	0.482924
104	60	0.44922
104	84	0.471671
104	97	0.499199
104	101	0.458237
104	107	0.499023
104	138	0.50523
104	144	1.40574
104	150	0.482384
104	165	1.34942
104	167	1.3634
104	168	1.36944
104	170	1.37229
104	171	1.37898
104	172	1.35012
104	173	1.377
104	175	1.3671
104	176	1.36075
104	177	1.36497
104	178	1.37798
104	180	1.38196
105	3	1.42258
105	40	1.44006
105	65	1.40646
105	80	0.458753
105	88	1.30017
105	102	1.31192
105	107	1.34876
105	116	1.39823
105	138	1.36596
105	139	0.476133
105	140	1.38249
105	146	0.474437
105	150	1.3929
105	154	1.40477
105	155	1.32927
105	166	0.499128
105	168	0.502248
105	169	0.489768
105	170	0.480524
105	171	0.475286
105	173	0.476578
105	174	1.36013
105	178	0.482338
105	179	1.33804
106	4	0.48453
106	5	1.35612
106	6	1.33345
106	9	1.35358
106	12	1.35515
106	13	1.32916
106	36	1.27147
106	39	0.467579
106	60	1.38925
106	84	1.35595
106	86	1.34126
106	98	0.521844
106	101	1.38245
106	128	0.491532
106	130	1.30824
106	134	0.531358
106	143	1.32377
106	147	1.31171
106	150	0.475153
106	156	1.31948
106	157	1.26989
106	167	0.502557
106	168	0.522979
106	178	0.503069
106	179	0.501565
107	19	1.47364
107	37	1.24625
107	41	1.39987
107	65	1.35277
107	67	0.476866
107	85	0.553896
107	88	1.24647
107	91	0.491047
107	97	1.34785
107	102	1.25823
107	104	0.499023
107	105	1.34876
107	116	1.34454
107	127	0.478799
107	138	1.31226
107	140	1.3288
107	141	1.36702
107	150	1.33921
107	154	1.35107
107	163	0.486198
107	166	0.512684
107	167	0.495382
107	168	0.515803
107	178	0.495893
107	179	1.28434
108	30	0.514648
108	32	1.30339
108	80	1.38821
108	89	1.27345
108	95	0.471089
108	119	0.488938
108	124	0.515713
108	129	1.28053
108	132	0.505384
108	139	1.34314
108	141	0.473821
108	145	0.519831
108	153	1.34491
108	159	1.33744
108	160	1.38496
108	162	1.3488
108	165	1.31657
108	167	0.503756
108	168	1.33659
108	169	1.3145
108	170	1.33944
108	171	1.34613
108	173	1.34415
108	175	0.497456
108	178	0.504267
109	11	1.20346
109	68	1.37202
109	69	1.3616
109	75	0.520956
109	99	1.33918
109	112	0.479117
109	113	0.532479
109	115	1.31279
109	129	1.28317
109	141	0.470162
109	146	1.34803
109	153	1.34755
109	157	0.513461
109	158	0.482629
109	159	1.34009
109	160	1.3876
109	162	1.35145
109	167	0.500097
109	169	1.31714
109	170	1.34208
109	171	1.34877
109	172	0.506111
109	173	1.34679
109	176	0.496212
109	180	0.493352
110	30	1.30811
110	47	0.505079
110	59	1.43509
110	64	0.470754
110	75	1.31629
110	98	0.517563
110	117	1.2829
110	126	1.39353
110	131	1.32531
110	133	1.33131
110	137	0.507631
110	148	1.31467
110	151	1.33728
110	152	0.507912
110	154	0.491741
110	155	0.527574
110	156	0.500335
110	158	1.3399
110	160	0.485099
110	161	1.3148
110	172	1.31511
110	175	1.33209
110	176	1.32575
110	177	1.32997
110	180	0.491531
111	33	0.465565
111	53	0.512497
111	59	0.477536
111	61	1.26528
111	69	1.32966
111	89	1.24415
111	95	0.500295
111	114	0.571652
111	115	1.28085
111	120	0.551135
111	129	1.25123
111	142	1.31243
111	145	0.549037
111	146	1.31609
111	153	1.31561
111	158	0.515493
111	159	1.30814
111	160	1.35566
111	162	1.3195
111	165	1.28727
111	166	1.31045
111	169	1.2852
111	171	1.31683
111	174	1.30227
111	176	0.529076
111	177	0.522781
112	10	1.43318
112	42	1.29707
112	50	1.40267
112	53	1.40028
112	72	0.433317
112	95	1.46178
112	96	1.31247
112	109	0.479117
112	121	0.484116
112	122	1.3981
112	124	1.36493
112	126	0.464622
112	128	0.474142
112	135	1.43019
112	150	0.457763
112	152	1.38711
112	153	0.487391
112	155	1.35271
112	164	1.38082
112	167	1.38255
112	173	0.479919
112	174	0.482914
112	177	0.474986
112	178	1.39713
112	179	0.484175
112	180	1.40111
113	10	1.35323
113	22	0.446918
113	42	1.21712
113	43	1.22816
113	51	0.523755
113	54	1.31495
113	79	1.35895
113	96	1.23253
113	100	1.28774
113	109	0.532479
113	118	1.34575
113	124	1.28499
113	128	0.527504
113	144	0.512993
113	145	1.27883
113	147	0.530645
113	154	1.34826
113	163	0.529345
113	164	1.30087
113	167	1.3026
113	168	1.30864
113	174	0.536275
113	177	0.528348
113	178	1.31719
113	179	0.537537
113	180	1.32116
114	37	1.21041
114	57	0.488332
114	64	1.31993
114	72	0.492987
114	89	0.57589
114	91	0.540503
114	111	0.571652
114	115	0.568267
114	140	1.29296
114	142	0.545378
114	145	1.2458
114	150	1.30337
114	158	1.28108
114	160	0.531661
114	161	1.25598
114	164	1.26784
114	165	0.552085
114	167	1.26957
114	172	1.25629
114	173	0.539589
114	174	1.27059
114	175	1.27327
114	176	1.26693
114	177	1.27115
114	178	1.28416
114	179	1.24851
114	180	1.28813
115	7	1.16928
115	25	0.542452
115	89	1.23826
115	93	0.483046
115	97	0.518987
115	98	1.28726
115	109	1.31279
115	111	1.28085
115	114	0.568267
115	118	0.510336
115	125	1.27663
115	139	1.30794
115	142	1.30653
115	143	0.508052
115	146	1.31019
115	152	0.539213
115	153	1.30971
115	157	0.54294
115	159	1.30225
115	162	1.31361
115	163	0.520393
115	164	0.537517
115	165	1.28137
115	168	1.3014
115	169	1.2793
115	170	1.30424
115	171	1.31093
115	173	1.30895
115	175	0.523277
116	19	1.5231
116	37	1.29571
116	40	1.43584
116	62	1.25689
116	65	1.40223
116	73	0.507422
116	80	0.452141
116	83	0.449864
116	85	0.533729
116	88	1.29594
116	97	1.39732
116	102	1.30769
116	105	1.39823
116	107	1.34454
116	129	0.516966
116	130	0.45884
116	138	1.36173
116	140	1.37826
116	150	1.38868
116	153	0.477438
116	154	1.40054
116	155	1.32504
116	156	0.477273
116	166	0.492516
116	168	0.495636
116	169	0.483156
116	174	1.3559
116	177	0.465033
116	179	1.33381
117	18	0.504345
117	22	1.4492
117	54	0.51243
117	63	1.19991
117	67	1.31858
117	69	0.511079
117	96	0.584348
117	110	1.2829
117	122	0.518837
117	126	1.3354
117	128	0.514045
117	129	0.566822
117	132	1.27628
117	133	1.27317
117	136	1.31628
117	137	0.534425
117	144	1.31259
117	151	1.27914
117	158	1.28176
117	161	1.25667
117	163	1.27029
117	166	1.27946
117	170	0.523768
117	171	0.51853
117	172	1.25697
117	173	0.519822
117	175	1.27395
117	176	1.26761
117	177	1.27183
118	34	0.508495
118	38	0.440558
118	45	1.38095
118	47	0.493711
118	48	0.48971
118	49	1.38235
118	65	0.45059
118	66	1.39349
118	76	1.36498
118	77	1.33366
118	113	1.34575
118	115	0.510336
118	122	1.37445
118	123	0.480556
118	134	1.33436
118	145	1.33513
118	146	0.479518
118	149	1.34865
118	152	1.36346
118	154	1.40456
118	156	1.37305
118	161	0.497082
118	164	1.35717
118	167	1.3589
118	174	0.484654
118	176	0.483022
118	178	1.37349
118	179	0.485916
118	180	1.37746
119	66	1.39858
119	79	1.42034
119	82	1.31226
119	83	1.42364
119	85	1.3098
119	94	1.31663
119	100	1.34913
119	103	1.33161
119	108	0.488938
119	120	0.509504
119	126	0.470785
119	134	1.33945
119	141	1.42559
119	143	0.469805
119	144	0.465795
119	147	0.483446
119	155	1.33415
119	156	1.37813
119	159	0.480713
119	164	1.36226
119	166	1.37319
119	167	1.36399
119	170	0.490028
119	171	0.48479
119	174	0.489077
119	177	0.481149
119	178	1.37857
119	179	0.490338
119	180	1.38254
120	14	1.33743
120	25	1.26925
120	47	0.531125
120	48	1.28602
120	90	1.29258
120	94	0.553727
120	100	0.53077
120	111	0.551135
120	119	0.509504
120	121	1.28162
120	126	1.34343
120	128	0.513296
120	131	1.27521
120	132	1.28431
120	136	1.32431
120	144	1.32063
120	148	1.26456
120	152	0.533958
120	156	0.526381
120	161	1.2647
120	163	1.27832
120	168	1.28433
120	171	0.517781
120	173	0.519073
120	175	1.28199
120	176	1.27564
120	177	1.27986
120	179	1.25722
120	180	0.517576
121	15	1.36686
121	31	0.402443
121	59	1.42577
121	83	1.37873
121	90	1.33337
121	98	0.524383
121	112	0.484116
121	120	1.28162
121	123	1.3322
121	126	1.38422
121	129	0.546848
121	132	1.3251
121	138	0.500538
121	148	1.30535
121	151	1.32796
121	154	0.498562
121	155	0.534395
121	157	0.51846
121	158	1.33058
121	159	0.49448
121	161	1.30549
121	163	1.31911
121	170	0.503794
121	171	0.498556
121	172	1.3058
121	173	0.499848
121	174	1.3201
121	175	1.32278
121	176	1.31643
121	177	1.32065
122	27	0.528242
122	34	0.521501
122	53	1.34904
122	54	1.34365
122	58	1.2779
122	64	1.38167
122	75	0.520772
122	87	0.445331
122	96	1.26123
122	112	1.3981
122	117	0.518837
122	118	1.37445
122	124	1.31369
122	135	1.37894
122	136	0.476202
122	139	0.494221
122	145	1.30753
122	149	1.32106
122	155	1.30147
122	157	1.29586
122	161	0.510088
122	162	0.492463
122	164	1.32957
122	166	1.34051
122	167	1.3313
122	172	0.505927
122	177	0.489733
122	178	1.34589
122	179	0.498922
122	180	1.34986
123	21	0.530526
123	74	1.31364
123	75	1.31677
123	79	0.459563
123	93	1.40805
123	99	0.507928
123	118	0.480556
123	121	1.3322
123	127	1.34667
123	131	1.3258
123	136	1.3749
123	139	0.494102
123	140	0.492167
123	145	0.515871
123	146	0.492407
123	148	1.31515
123	151	1.33776
123	155	0.529094
123	156	0.501855
123	158	1.34038
123	161	1.31529
123	163	1.3289
123	168	1.33492
123	170	0.498494
123	172	1.31559
123	175	1.33257
123	176	1.32623
123	177	1.33045
123	178	0.500308
123	179	1.30781
124	8	1.3562
124	64	1.3485
124	76	1.30422
124	94	1.25078
124	96	1.22806
124	103	1.26576
124	108	0.515713
124	112	1.36493
124	113	1.28499
124	122	1.31369
124	127	0.501522
124	129	0.559857
124	132	0.519732
124	135	1.34577
124	144	0.49257
124	147	0.510221
124	149	1.28789
124	152	1.3027
124	156	1.31228
124	162	0.510653
124	164	1.29641
124	166	1.30734
124	167	1.29814
124	168	1.30418
124	169	0.526046
124	170	0.516803
124	172	0.524118
124	173	0.512856
124	178	1.31272
124	179	0.517113
124	180	1.31669
125	1	1.35168
125	3	0.487574
125	22	0.4455
125	35	0.545702
125	47	1.30585
125	75	0.557969
125	80	1.35469
125	91	1.31799
125	93	0.490581
125	115	1.27663
125	128	1.3213
125	129	1.24701
125	139	1.30962
125	141	0.507176
125	143	0.515586
125	146	1.31187
125	148	0.537229
125	151	0.52449
125	153	1.31139
125	154	1.34269
125	155	1.2672
125	158	0.519642
125	162	1.31529
125	165	1.28305
125	169	1.28098
125	170	1.30592
125	171	1.31261
125	173	1.31063
125	176	0.533226
125	179	1.27596
125	180	0.530366
126	4	0.467575
126	15	1.42868
126	21	0.516333
126	24	1.35685
126	57	0.429098
126	68	0.475415
126	72	0.433752
126	74	1.36566
126	77	0.503912
126	91	0.481268
126	110	1.39353
126	112	0.464622
126	117	1.3354
126	119	0.470785
126	120	1.34343
126	121	1.38422
126	127	1.39868
126	136	1.42692
126	148	1.36717
126	154	0.479068
126	155	0.514901
126	161	1.3673
126	163	1.38092
126	172	1.36761
126	173	0.480354
126	174	1.38191
126	175	1.38459
126	176	1.37825
126	177	1.38247
126	178	0.486114
126	179	1.35983
127	14	1.39268
127	18	0.46884
127	35	1.31864
127	48	1.34127
127	52	0.503706
127	67	1.38186
127	88	0.523383
127	92	1.35083
127	95	0.456898
127	98	0.508852
127	107	0.478799
127	123	1.34667
127	124	0.501522
127	126	1.39868
127	136	1.37957
127	137	0.498919
127	144	1.37588
127	148	1.31981
127	151	1.34243
127	154	0.48303
127	155	0.518863
127	161	1.31995
127	163	1.33357
127	165	0.496812
127	166	1.34274
127	171	0.483025
127	172	1.32026
127	173	0.484316
127	174	1.33456
127	175	1.33724
127	176	1.3309
127	177	1.33512
128	59	0.439697
128	61	1.30405
128	74	0.507049
128	91	1.36098
128	106	0.491532
128	112	0.474142
128	113	0.527504
128	117	0.514045
128	120	0.513296
128	125	1.3213
128	130	0.478749
128	142	1.3512
128	143	0.473598
128	146	1.35486
128	151	0.482501
128	153	1.35438
128	154	1.38568
128	156	1.35417
128	159	1.34692
128	160	1.39443
128	161	0.505297
128	162	1.35828
128	165	1.32604
128	166	1.34922
128	168	1.34606
128	169	1.32397
128	171	1.3556
128	172	0.501136
128	173	1.35362
128	174	1.34104
128	177	0.484942
128	179	1.31895
129	3	0.498362
129	4	1.3156
129	28	1.24106
129	34	1.24449
129	59	0.492474
129	64	0.520378
129	72	1.3946
129	99	1.27172
129	108	1.28053
129	109	1.28317
129	111	1.25123
129	116	0.516966
129	117	0.566822
129	121	0.546848
129	124	0.559857
129	125	1.24701
129	142	1.27691
129	150	0.520495
129	154	1.31139
129	159	1.27263
129	160	1.32015
129	162	1.28399
129	163	0.538716
129	165	1.25175
129	166	1.27493
129	170	1.27462
129	171	1.28132
129	172	0.553913
129	173	1.27934
129	176	0.544014
129	177	0.537718
129	179	1.24467
130	6	1.34677
130	9	1.3669
130	13	1.34248
130	38	1.3962
130	44	1.36428
130	46	1.30562
130	47	0.496577
130	51	1.32465
130	55	0.522953
130	56	1.27689
130	60	1.40257
130	73	0.521981
130	81	1.35344
130	84	1.36927
130	86	1.35458
130	87	1.36754
130	101	1.39577
130	106	1.30824
130	116	0.45884
130	128	0.478749
130	137	1.3297
130	143	1.33709
130	147	1.32503
130	156	1.3328
130	166	0.507075
130	168	0.510195
130	171	0.483233
130	174	0.48752
130	175	0.483474
130	178	0.490285
130	179	0.488782
130	180	0.483028
131	23	0.538526
131	29	1.31297
131	33	1.48701
131	57	0.454023
131	61	0.541626
131	63	1.24233
131	71	0.532744
131	75	1.30057
131	79	0.470295
131	92	1.32996
131	110	1.32531
131	120	1.27521
131	123	1.3258
131	132	1.3187
131	138	0.505969
131	144	1.35501
131	149	0.515946
131	151	1.32156
131	154	0.503993
131	158	1.32418
131	161	1.29908
131	162	0.503077
131	163	1.3127
131	164	0.518469
131	168	1.31872
131	170	0.509226
131	171	0.503988
131	172	1.29939
131	174	1.3137
131	175	1.31637
131	176	1.31003
131	177	1.31425
131	180	0.503783
132	40	0.462531
132	52	0.521916
132	55	1.28909
132	80	0.484702
132	108	0.505384
132	117	1.27628
132	120	1.28431
132	121	1.3251
132	124	0.519732
132	131	1.3187
132	133	1.32469
132	136	1.3678
132	142	0.508315
132	144	1.36412
132	151	1.33066
132	155	0.537073
132	156	0.509834
132	157	0.521138
132	158	1.33328
132	160	0.494599
132	161	1.30819
132	163	1.32181
132	164	0.515716
132	165	0.515023
132	166	1.33098
132	167	0.507775
132	168	1.32782
132	172	1.3085
132	174	1.3228
132	175	1.32547
132	176	1.31913
132	177	1.32335
132	179	1.30071
133	4	0.486111
133	8	0.481053
133	26	0.5412
133	35	1.30377
133	55	1.28598
133	58	0.519516
133	62	0.566805
133	67	1.36699
133	74	1.30343
133	110	1.33131
133	117	1.27317
133	132	1.32469
133	136	1.36469
133	140	0.496509
133	144	1.36101
133	146	0.496749
133	153	0.506362
133	154	0.497603
133	157	0.517501
133	158	1.33017
133	160	0.490962
133	161	1.30508
133	163	1.3187
133	166	1.32787
133	168	1.32471
133	172	1.30539
133	173	0.49889
133	174	1.31969
133	175	1.32237
133	176	1.31602
133	177	1.32024
133	178	0.50465
133	179	1.2976
134	1	0.497105
134	8	1.34928
134	45	1.31326
134	50	1.31133
134	57	0.478443
134	66	1.3258
134	71	1.28223
134	76	1.29729
134	82	1.23948
134	85	1.23702
134	96	1.22114
134	100	1.27635
134	106	0.531358
134	118	1.33436
134	119	1.33945
134	142	0.535489
134	145	1.26744
134	146	0.527559
134	149	1.28096
134	152	1.29577
134	154	1.33687
134	162	0.527497
134	163	0.525765
134	164	1.28948
134	167	1.29121
134	168	1.29725
134	170	0.533646
134	174	0.532695
134	175	0.528649
134	176	0.531063
134	177	0.524768
134	178	1.30579
134	179	0.533957
134	180	1.30977
135	2	0.471349
135	32	0.512263
135	42	1.27791
135	54	1.37574
135	59	0.436383
135	77	1.33815
135	79	1.41974
135	82	1.31166
135	94	1.31604
135	95	1.44262
135	96	1.29332
135	100	1.34853
135	102	0.52151
135	112	1.43019
135	122	1.37894
135	124	1.34577
135	142	0.492349
135	144	0.466273
135	147	0.483925
135	149	1.35314
135	155	1.33356
135	156	1.37753
135	162	0.484357
135	164	1.36166
135	166	1.37259
135	167	1.36339
135	169	0.49975
135	173	0.48656
135	174	0.489555
135	175	0.485509
135	176	0.487923
135	178	1.37797
135	179	0.490817
135	180	1.38195
136	9	0.452176
136	18	0.461711
136	24	1.33774
136	43	0.542698
136	74	1.34654
136	90	1.37607
136	117	1.31628
136	120	1.32431
136	122	0.476202
136	123	1.3749
136	126	1.42692
136	127	1.37957
136	132	1.3678
136	133	1.36469
136	137	0.49179
136	142	0.482976
136	148	1.34805
136	149	0.487853
136	151	1.37066
136	152	0.492072
136	153	0.484659
136	154	0.475901
136	155	0.511734
136	159	0.471819
136	161	1.34819
136	163	1.36181
136	164	0.490377
136	168	1.36782
136	174	1.3628
136	175	1.36547
136	176	1.35913
