1	125	2.18655
1	126	0.854749
1	128	0.892664
1	144	0.833064
1	146	0.832764
1	150	0.792438
1	151	0.834819
1	155	0.829835
1	157	0.831872
1	160	0.836962
1	162	0.833321
1	174	2.02029
2	6	0.820955
2	8	0.829566
2	18	0.808419
2	19	0.897915
2	24	0.808745
2	27	0.808878
2	33	0.800718
2	41	0.864846
2	43	0.865249
2	50	1.98903
2	87	1.89098
2	164	0.899675
3	5	0.829195
3	16	0.80011
3	17	0.903499
3	45	0.862532
3	50	0.849654
3	54	0.839456
3	68	0.832525
3	73	0.834827
3	75	0.767373
3	78	0.887843
3	101	1.6716
3	175	2.29304
4	24	0.795161
4	33	0.787134
4	41	0.851262
4	43	0.851665
4	58	1.85593
4	121	0.831926
4	132	2.05519
4	145	0.840811
4	155	0.838629
4	160	0.845756
4	162	0.842115
4	164	0.886091
5	3	0.829195
5	11	0.81867
5	17	0.898361
5	32	0.899452
5	54	0.834319
5	61	0.830431
5	68	0.827387
5	73	0.82969
5	75	0.762236
5	78	0.882705
5	173	1.96654
5	176	2.03078
6	2	0.820955
6	8	0.819523
6	15	0.888769
6	18	0.798376
6	19	0.887872
6	27	0.798835
6	33	0.790675
6	41	0.854803
6	43	0.855206
6	140	1.85936
6	164	0.889631
6	171	2.11539
7	9	0.916602
7	12	0.818299
7	30	0.791001
7	39	0.790926
7	60	0.824665
7	62	0.826093
7	84	0.854604
7	89	0.854539
7	92	0.861651
7	161	2.01394
7	172	0.877081
7	178	1.95971
8	2	0.829566
8	6	0.819523
8	15	0.89738
8	18	0.806987
8	24	0.807313
8	27	0.807446
8	33	0.799286
8	41	0.863414
8	43	0.863817
8	52	2.052
8	161	1.93621
8	164	0.898242
9	7	0.916602
9	30	0.893323
9	48	0.939932
9	60	0.926987
9	62	0.928415
9	69	0.91504
9	84	0.956925
9	89	0.95686
9	95	1.22116
9	171	1.33057
9	172	0.979403
9	176	1.65218
10	14	0.908383
10	16	0.897267
10	17	1.00066
10	44	1.28976
10	50	0.946811
10	54	0.936613
10	61	0.932726
10	73	0.931984
10	75	0.86453
10	85	0.972387
10	132	1.4756
10	170	1.35166
11	5	0.81867
11	17	0.892974
11	50	0.839129
11	54	0.828932
11	61	0.825044
11	68	0.822
11	73	0.824303
11	75	0.756849
11	78	0.877318
11	102	0.891794
11	172	1.8265
11	178	2.15527
12	7	0.818299
12	23	0.890574
12	30	0.79502
12	48	0.841629
12	60	0.828684
12	62	0.830112
12	69	0.816738
12	84	0.858623
12	89	0.858558
12	101	1.64095
12	161	2.31713
12	172	0.8811
13	25	0.882908
13	35	0.871635
13	40	0.956301
13	64	0.975379
13	67	0.974075
13	70	0.972888
13	98	0.933757
13	107	0.968093
13	116	1.90394
13	124	0.924946
13	166	1.5177
13	171	0.780368
14	10	0.908383
14	16	0.777004
14	22	1.53427
14	45	0.839427
14	58	0.823479
14	61	0.812463
14	73	0.811722
14	144	2.04078
14	166	0.786929
14	167	0.831537
14	170	0.818963
14	177	0.856309
14	180	0.838555
15	6	0.888769
15	8	0.89738
15	18	0.876233
15	19	0.965729
15	24	0.876559
15	27	0.876692
15	33	0.868531
15	41	0.93266
15	43	0.933063
15	164	0.967488
15	167	1.61625
15	172	1.26023
15	178	1.589
16	3	0.80011
16	10	0.897267
16	14	0.777004
16	17	0.869277
16	32	0.870368
16	45	0.82831
16	50	0.815432
16	68	0.798303
16	75	0.733151
16	78	0.853621
16	85	0.841008
16	168	2.21909
16	177	2.10783
17	3	0.903499
17	5	0.898361
17	10	1.00066
17	11	0.892974
17	16	0.869277
17	45	0.931699
17	61	0.904736
17	68	0.901691
17	75	0.83654
17	78	0.957009
17	161	1.53319
17	169	1.5398
17	180	1.41807
18	2	0.808419
18	6	0.798376
18	8	0.806987
18	15	0.876233
18	19	0.875336
18	24	0.786166
18	27	0.786299
18	33	0.778139
18	41	0.842268
18	43	0.842671
18	101	1.67527
18	111	2.59706
18	164	0.877096
19	2	0.897915
19	6	0.887872
19	15	0.965729
19	18	0.875336
19	24	0.875662
19	27	0.875795
19	33	0.867635
19	41	0.931763
19	43	0.932166
19	86	1.6932
19	150	1.76347
19	154	1.13821
19	164	0.966592
20	37	3.55579
20	93	0.727213
20	113	0.751984
20	133	0.780937
20	136	0.743842
20	159	0.776863
20	166	0.720922
20	167	0.76553
20	170	0.752956
20	177	0.790302
20	178	0.757406
20	179	0.757312
20	180	0.772548
21	96	0.924639
21	105	1.35817
21	142	0.918873
21	152	0.862236
21	156	0.918836
21	157	1.15677
21	169	0.925755
21	170	0.908183
21	171	0.935071
21	174	0.859046
21	178	0.912632
21	179	0.912539
21	180	0.927775
22	14	1.53427
22	35	0.840576
22	40	0.925243
22	64	0.944321
22	67	0.943016
22	70	0.94183
22	96	1.38512
22	111	1.33366
22	112	0.922492
22	144	0.912052
22	157	0.91086
22	160	0.91595
22	162	0.912309
23	12	0.890574
23	30	0.863276
23	48	0.909885
23	60	0.896939
23	62	0.898368
23	65	1.51864
23	69	0.884993
23	84	0.926878
23	89	0.926813
23	102	0.964568
23	159	1.37309
23	172	0.949356
23	179	1.62007
24	2	0.808745
24	4	0.795161
24	8	0.807313
24	15	0.876559
24	18	0.786166
24	19	0.875662
24	27	0.786625
24	33	0.778465
24	41	0.842593
24	43	0.842996
24	65	1.8232
24	164	0.877422
24	166	2.52038
25	13	0.882908
25	35	0.748206
25	38	0.836654
25	40	0.832873
25	64	0.851951
25	67	0.850646
25	70	0.84946
25	71	0.856722
25	98	0.810328
25	107	0.844665
25	109	2.18608
25	115	2.02247
25	124	0.801517
26	31	1.07888
26	59	0.896279
26	77	0.879998
26	97	0.912449
26	110	0.930903
26	113	1.66304
26	120	1.54806
26	122	0.9035
26	127	0.889287
26	135	0.94459
26	138	0.898333
26	141	0.928775
26	147	0.913868
27	2	0.808878
27	6	0.798835
27	8	0.807446
27	15	0.876692
27	18	0.786299
27	19	0.875795
27	24	0.786625
27	33	0.778598
27	41	0.842726
27	43	0.843129
27	124	2.00128
27	156	2.24411
27	164	0.877554
28	125	0.703831
28	130	0.754347
28	135	3.68558
28	149	0.757642
28	168	0.776102
28	169	0.773485
28	171	0.7828
28	173	0.751165
28	175	0.767356
28	176	0.736531
28	178	0.760362
28	179	0.760268
28	180	0.775504
29	117	1.77439
29	144	1.80199
29	148	0.846344
29	161	0.823501
29	166	0.790198
29	167	0.834805
29	169	0.839804
29	174	0.773095
29	175	0.833676
29	177	0.859578
29	178	0.826681
29	179	0.826588
29	180	0.841824
30	7	0.791001
30	9	0.893323
30	12	0.79502
30	23	0.863276
30	48	0.814331
30	60	0.801386
30	69	0.789439
30	84	0.831324
30	89	0.831259
30	92	0.838372
30	172	0.853802
30	176	2.236
30	179	2.05596
31	26	1.07888
31	32	1.06993
31	60	0.893437
31	69	0.881491
31	84	0.923376
31	89	0.923311
31	129	1.42335
31	154	0.885975
31	167	0.913389
31	172	0.945853
31	178	0.905265
31	179	0.905171
31	180	0.920407
32	5	0.899452
32	16	0.870368
32	31	1.06993
32	45	0.93279
32	54	0.909714
32	61	0.905827
32	66	1.78785
32	68	0.902782
32	73	0.905085
32	75	0.837631
32	78	0.9581
32	102	0.972576
32	179	1.35787
33	2	0.800718
33	4	0.787134
33	6	0.790675
33	8	0.799286
33	15	0.868531
33	18	0.778139
33	19	0.867635
33	24	0.778465
33	27	0.778598
33	41	0.834566
33	43	0.834969
33	56	2.56132
33	164	0.869394
33	180	2.01178
34	57	0.882422
34	97	0.89243
34	123	1.62033
34	127	0.869268
34	141	0.908755
34	147	0.893849
34	155	0.894055
34	157	0.896092
34	160	0.901182
34	162	0.897542
34	163	0.88688
34	168	1.61916
34	176	0.862863
34	180	1.59626
35	13	0.871635
35	22	0.840576
35	25	0.748206
35	38	0.825382
35	40	0.8216
35	64	0.840678
35	67	0.839373
35	70	0.838187
35	71	0.84545
35	86	0.762919
35	107	0.833392
35	124	0.790245
35	131	2.18429
35	150	2.473
36	102	1.47598
36	127	2.42355
36	132	0.800714
36	140	0.844783
36	158	0.811276
36	165	0.820541
36	168	0.829278
36	169	0.826661
36	170	0.809089
36	173	0.804341
36	174	0.759952
36	177	0.846435
36	179	0.813444
36	180	0.828681
37	20	3.55579
37	72	0.929583
37	99	0.926057
37	110	0.900623
37	122	0.873221
37	127	0.859007
37	129	0.891579
37	135	0.914311
37	138	0.868053
37	147	0.883589
37	150	0.906371
37	154	0.857144
37	163	0.876619
37	177	0.214752
38	25	0.836654
38	35	0.825382
38	40	0.910048
38	64	0.929126
38	67	0.927821
38	70	0.926635
38	71	0.933898
38	83	2.60032
38	86	0.851367
38	98	0.887503
38	107	0.92184
38	118	1.14613
38	124	0.878693
38	180	1.11159
39	7	0.790926
39	62	0.802739
39	69	0.789365
39	84	0.83125
39	89	0.831185
39	99	0.862762
39	129	0.828284
39	135	0.851016
39	141	0.8352
39	147	0.820294
39	159	1.96405
39	172	0.853727
39	173	2.32683
40	13	0.956301
40	22	0.925243
40	25	0.832873
40	35	0.8216
40	38	0.910048
40	64	0.925344
40	67	0.924039
40	70	0.922853
40	86	0.847585
40	98	0.883722
40	124	0.874911
40	168	1.52941
40	169	1.62824
40	179	1.68138
41	2	0.864846
41	4	0.851262
41	6	0.854803
41	8	0.863414
41	15	0.93266
41	18	0.842268
41	19	0.931763
41	24	0.842593
41	27	0.842726
41	33	0.834566
41	43	0.899097
41	123	1.2447
41	164	0.933523
41	171	1.25392
41	174	2.67184
42	59	0.854783
42	72	0.918367
42	88	0.830296
42	97	0.870953
42	110	0.889407
42	122	0.862005
42	129	0.880363
42	135	0.903094
42	138	0.856837
42	141	0.887279
42	147	0.872373
42	153	1.64182
42	163	0.865403
42	168	1.65541
42	170	1.81637
43	2	0.865249
43	4	0.851665
43	6	0.855206
43	8	0.863817
43	15	0.933063
43	18	0.842671
43	19	0.932166
43	24	0.842996
43	27	0.843129
43	33	0.834969
43	41	0.899097
43	111	2.04008
43	140	1.4566
43	164	0.933926
43	177	1.59097
44	10	1.28976
44	64	1.49733
44	126	1.31701
44	136	0.859734
44	149	0.870578
44	161	0.870118
44	165	0.880301
44	168	0.889038
44	169	0.886421
44	174	0.819712
44	175	0.880292
44	177	0.906195
44	178	0.873298
44	179	0.873204
44	180	0.88844
45	3	0.862532
45	14	0.839427
45	16	0.82831
45	17	0.931699
45	32	0.93279
45	53	1.73378
45	54	0.867657
45	61	0.863769
45	68	0.860725
45	73	0.863028
45	75	0.795574
45	78	0.916043
45	101	1.31218
45	102	0.930519
45	178	1.93413
46	71	1.3077
46	135	0.863706
46	138	1.69771
46	149	0.873052
46	165	0.882775
46	166	0.839289
46	168	0.891512
46	169	0.888895
46	173	0.866576
46	174	0.822186
46	175	0.882767
46	177	0.908669
46	178	0.875772
46	179	0.875679
46	180	0.890915
47	77	1.2319
47	98	0.871726
47	100	1.29854
47	106	0.854184
47	134	0.875561
47	141	1.3536
47	156	0.876694
47	160	0.884978
47	162	0.881337
47	163	0.870676
47	167	0.878614
47	170	0.866041
47	175	0.877485
47	179	0.870396
47	180	0.885633
48	9	0.939932
48	12	0.841629
48	23	0.909885
48	30	0.814331
48	60	0.847995
48	62	0.849423
48	69	0.836048
48	84	0.877933
48	89	0.877868
48	92	0.884981
48	102	0.915623
48	115	0.699068
48	125	2.60576
48	150	1.98808
48	172	0.900411
49	102	1.78977
49	132	0.794005
49	152	0.756432
49	156	0.813033
49	158	0.804567
49	159	0.826286
49	164	2.34545
49	166	0.770345
49	168	0.822569
49	169	0.819952
49	171	0.829267
49	175	0.813823
49	178	0.806829
49	179	0.806735
49	180	0.821971
50	2	1.98903
50	3	0.849654
50	10	0.946811
50	11	0.839129
50	16	0.815432
50	68	0.847847
50	73	0.850149
50	151	1.2343
50	156	0.868044
50	163	1.21853
50	173	0.852643
50	176	0.838009
50	177	0.894737
50	178	0.86184
50	179	0.861746
50	180	0.876983
51	71	1.17872
51	99	1.40448
51	101	0.855275
51	139	0.798149
51	148	0.874538
51	158	0.852614
51	159	0.874334
51	162	1.63468
51	165	0.861879
51	168	0.870616
51	169	0.867999
51	170	0.850427
51	175	0.861871
51	177	0.887773
51	179	0.854782
51	180	0.870019
52	8	2.052
52	77	1.60187
52	134	0.857378
52	135	0.687755
52	143	0.867581
52	151	0.864653
52	153	0.867333
52	157	0.861705
52	159	0.871765
52	160	0.866795
52	162	0.863155
52	174	0.798721
52	175	0.859302
52	177	0.885204
52	179	0.852213
52	180	0.86745
53	45	1.73378
53	92	1.41486
53	120	0.829617
53	152	0.807888
53	158	0.856022
53	163	1.35869
53	165	0.865287
53	167	0.866408
53	168	0.874024
53	169	0.871407
53	170	0.853835
53	172	0.898872
53	175	0.865279
53	178	0.858284
53	179	0.85819
53	180	0.873427
54	3	0.839456
54	5	0.834319
54	10	0.936613
54	11	0.828932
54	32	0.909714
54	45	0.867657
54	61	0.840693
54	68	0.837649
54	73	0.839952
54	75	0.772498
54	78	0.892967
54	85	0.880355
54	102	0.907443
54	130	1.70585
54	136	1.90626
54	170	1.79674
55	105	0.839294
55	108	0.871543
55	126	0.880677
55	133	1.6509
55	134	0.853473
55	142	0.8627
55	145	0.857945
55	146	0.858692
55	151	0.860747
55	155	0.855763
55	160	0.86289
55	162	0.859249
55	164	0.903225
55	171	1.83221
55	175	1.8593
55	176	0.82457
56	33	2.56132
56	94	2.03698
56	116	0.744846
56	125	0.749463
56	148	0.825656
56	165	0.812997
56	167	0.814118
56	169	0.819117
56	170	0.801545
56	171	0.828433
56	173	0.796798
56	174	0.752408
56	175	0.812989
56	178	0.805994
56	179	0.805901
56	180	0.821137
57	34	0.882422
57	63	0.853982
57	77	0.827718
57	97	0.860168
57	99	0.904056
57	123	1.8203
57	127	0.837006
57	129	0.869579
57	135	0.89231
57	138	0.846052
57	141	0.876494
57	147	0.861588
57	154	0.835143
57	159	1.72411
57	163	0.854618
57	175	1.85661
58	4	1.85593
58	14	0.823479
58	67	0.676998
58	103	0.859411
58	105	1.89657
58	153	0.873797
58	161	0.855591
58	168	0.874511
58	169	0.871894
58	171	0.881209
58	174	0.805185
58	175	0.865766
58	177	0.891668
58	178	0.858771
58	179	0.858677
58	180	0.873914
59	26	0.896279
59	42	0.854783
59	79	0.8172
59	100	0.903861
59	110	0.87246
59	122	0.845058
59	127	0.830844
59	129	0.863417
59	130	1.84425
59	135	0.886148
59	138	0.83989
59	141	0.870332
59	147	0.855426
59	153	1.76059
59	163	0.848456
59	180	1.75128
60	7	0.824665
60	9	0.926987
60	12	0.828684
60	23	0.896939
60	30	0.801386
60	31	0.893437
60	48	0.847995
60	62	0.836478
60	69	0.823103
60	84	0.864988
60	89	0.864923
60	102	0.902677
60	139	2.33446
60	148	0.927518
60	172	0.887465
60	174	2.21131
61	5	0.830431
61	10	0.932726
61	11	0.825044
61	14	0.812463
61	17	0.904736
61	32	0.905827
61	45	0.863769
61	54	0.840693
61	73	0.836064
61	75	0.76861
61	78	0.889079
61	85	0.876467
61	102	0.903556
61	150	2.36845
61	153	1.37797
61	154	1.74319
62	7	0.826093
62	9	0.928415
62	12	0.830112
62	23	0.898368
62	39	0.802739
62	48	0.849423
62	60	0.836478
62	69	0.824532
62	84	0.866417
62	89	0.866352
62	92	0.873464
62	102	0.904106
62	169	1.76753
62	170	1.82966
62	172	0.888894
62	179	1.82066
63	57	0.853982
63	77	0.831539
63	88	0.823332
63	91	0.875102
63	100	0.913844
63	127	0.840827
63	129	0.873399
63	135	0.896131
63	136	1.72181
63	138	0.849873
63	141	0.880315
63	147	0.865409
63	154	0.838963
63	163	0.858439
63	166	2.19906
63	169	1.55017
64	13	0.975379
64	22	0.944321
64	25	0.851951
64	35	0.840678
64	38	0.929126
64	40	0.925344
64	44	1.49733
64	67	0.943118
64	70	0.941931
64	71	0.949194
64	86	0.866663
64	98	0.9028
64	107	0.937136
64	124	0.893989
64	149	1.53186
64	168	1.39827
64	177	1.287
65	23	1.51864
65	24	1.8232
65	123	0.851266
65	137	0.82955
65	146	1.52365
65	148	0.870721
65	149	0.848339
65	161	0.847879
65	165	0.858062
65	166	0.814576
65	167	0.859183
65	174	0.797473
65	175	0.858053
65	177	0.883956
65	178	0.851059
65	179	0.850965
65	180	0.866201
66	32	1.78785
66	72	1.8511
66	102	1.15113
66	120	0.822562
66	140	0.882473
66	148	0.870891
66	159	0.870686
66	165	0.858231
66	166	0.814745
66	167	0.859353
66	168	0.866969
66	173	0.842032
66	174	0.797643
66	176	0.827397
66	178	0.851229
66	179	0.851135
66	180	0.866371
67	13	0.974075
67	22	0.943016
67	25	0.850646
67	35	0.839373
67	38	0.927821
67	40	0.924039
67	58	0.676998
67	64	0.943118
67	70	0.940627
67	71	0.947889
67	86	0.865358
67	98	0.901495
67	107	0.935831
67	111	0.929192
67	124	0.892684
67	139	2.14282
67	174	2.01966
68	3	0.832525
68	5	0.827387
68	11	0.822
68	16	0.798303
68	17	0.901691
68	32	0.902782
68	45	0.860725
68	50	0.847847
68	54	0.837649
68	73	0.83302
68	75	0.765566
68	78	0.886035
68	85	0.873423
68	87	1.68871
68	102	0.900511
68	167	2.15451
68	172	1.7985
69	9	0.91504
69	12	0.816738
69	23	0.884993
69	30	0.789439
69	31	0.881491
69	39	0.789365
69	48	0.836048
69	60	0.823103
69	62	0.824532
69	84	0.853042
69	89	0.852977
69	90	1.95408
69	92	0.86009
69	102	0.890731
69	172	0.875519
69	176	2.08575
69	177	1.64248
70	13	0.972888
70	22	0.94183
70	25	0.84946
70	35	0.838187
70	38	0.926635
70	40	0.922853
70	64	0.941931
70	67	0.940627
70	71	0.946703
70	86	0.864172
70	98	0.900309
70	103	1.16552
70	107	0.934645
70	118	1.37047
70	124	0.891498
70	173	1.6266
70	176	1.69083
71	25	0.856722
71	35	0.84545
71	38	0.933898
71	46	1.3077
71	51	1.17872
71	64	0.949194
71	67	0.947889
71	70	0.946703
71	124	0.898761
71	127	0.888909
71	129	0.921481
71	135	0.944212
71	137	1.17761
71	138	0.897955
71	141	0.928397
71	147	0.91349
71	150	1.90063
72	37	0.929583
72	42	0.918367
72	66	1.8511
72	79	0.880784
72	88	0.876933
72	104	1.05156
72	110	0.936044
72	122	0.908641
72	127	0.894428
72	129	0.927
72	135	0.949731
72	138	0.903473
72	141	0.933916
72	147	0.919009
72	158	1.39851
72	163	0.91204
72	169	1.36799
73	3	0.834827
73	5	0.82969
73	10	0.931984
73	11	0.824303
73	14	0.811722
73	32	0.905085
73	45	0.863028
73	50	0.850149
73	54	0.839952
73	61	0.836064
73	68	0.83302
73	75	0.767869
73	78	0.888338
73	85	0.875726
73	90	2.08564
73	115	1.57319
73	161	1.97753
74	76	0.818733
74	82	0.811214
74	83	2.79968
74	112	0.861055
74	117	0.859846
74	119	0.844431
74	121	0.840683
74	128	0.910215
74	136	1.60434
74	145	0.849568
74	146	0.850315
74	157	0.849423
74	160	0.854513
74	162	0.850872
74	164	0.894848
74	169	1.4327
74	176	0.816193
75	3	0.767373
75	5	0.762236
75	10	0.86453
75	11	0.756849
75	16	0.733151
75	17	0.83654
75	32	0.837631
75	45	0.795574
75	54	0.772498
75	61	0.76861
75	68	0.765566
75	73	0.767869
75	78	0.820884
75	85	0.808272
75	102	0.83536
75	137	2.85031
75	178	2.63442
76	74	0.818733
76	105	0.828306
76	117	0.857234
76	119	0.841819
76	125	3.0077
76	142	0.851711
76	144	0.848003
76	145	0.846956
76	146	0.847703
76	151	0.849758
76	155	0.844774
76	156	1.4578
76	157	0.846811
76	160	0.851901
76	162	0.84826
76	164	0.892236
76	168	1.41313
77	26	0.879998
77	47	1.2319
77	52	1.60187
77	57	0.827718
77	63	0.831539
77	88	0.797068
77	91	0.848838
77	100	0.88758
77	109	0.818112
77	122	0.828777
77	127	0.814563
77	129	0.847136
77	135	0.869867
77	138	0.823609
77	141	0.854051
77	147	0.839145
77	154	0.8127
77	174	2.82216
78	3	0.887843
78	5	0.882705
78	11	0.877318
78	16	0.853621
78	17	0.957009
78	32	0.9581
78	45	0.916043
78	54	0.892967
78	61	0.889079
78	68	0.886035
78	73	0.888338
78	75	0.820884
78	85	0.928741
78	102	0.955829
78	140	1.08318
78	166	2.07654
78	176	1.66082
78	178	1.36681
79	59	0.8172
79	72	0.880784
79	97	0.83337
79	100	0.883225
79	109	0.813756
79	110	0.851824
79	122	0.824421
79	127	0.810208
79	129	0.84278
79	135	0.865511
79	136	2.05516
79	138	0.819254
79	141	0.849696
79	147	0.834789
79	149	1.91827
79	154	0.808344
79	163	0.82782
79	173	2.05245
80	81	0.807032
80	94	0.840121
80	105	0.825571
80	114	0.849185
80	142	0.848977
80	143	0.849952
80	144	0.845268
80	145	0.844221
80	146	0.844968
80	151	0.847023
80	155	0.842039
80	157	0.844076
80	159	1.82754
80	160	0.849166
80	162	0.845525
80	170	2.08351
80	176	0.810847
80	179	2.07452
81	80	0.807032
81	82	0.802248
81	85	0.859771
81	93	1.85565
81	134	0.83613
81	142	0.845358
81	143	0.846333
81	144	0.841649
81	150	0.801024
81	151	0.843404
81	155	0.83842
81	156	1.41112
81	157	0.840457
81	160	0.845547
81	162	0.841907
81	163	0.831245
81	164	0.885882
81	174	2.79475
82	74	0.811214
82	81	0.802248
82	117	0.849716
82	121	0.830553
82	126	0.862169
82	143	0.845168
82	144	0.840484
82	145	0.839437
82	146	0.840185
82	151	0.842239
82	155	0.837255
82	157	0.839292
82	158	2.05651
82	162	0.840742
82	164	0.884717
82	167	1.99239
82	168	1.92715
82	176	0.806063
83	38	2.60032
83	74	2.79968
83	139	0.731781
83	153	0.803535
83	161	0.785328
83	165	0.795511
83	168	0.804248
83	169	0.801631
83	170	0.784059
83	171	0.810947
83	173	0.779312
83	174	0.734922
83	175	0.795503
83	176	0.764677
83	177	0.821405
83	178	0.788508
83	179	0.788415
83	180	0.803651
84	7	0.854604
84	9	0.956925
84	12	0.858623
84	23	0.926878
84	30	0.831324
84	31	0.923376
84	39	0.83125
84	48	0.877933
84	60	0.864988
84	62	0.866417
84	69	0.853042
84	87	1.17991
84	89	0.894862
84	92	0.901975
84	102	0.932616
84	170	1.74143
84	172	0.917404
84	176	1.91247
84	178	1.61846
85	10	0.972387
85	16	0.841008
85	54	0.880355
85	61	0.876467
85	68	0.873423
85	73	0.875726
85	75	0.808272
85	78	0.928741
85	81	0.859771
85	126	0.919692
85	152	2.14098
85	155	0.894778
85	157	0.896815
85	160	0.901905
85	162	0.898264
85	165	1.53483
85	168	1.33603
85	170	1.49699
85	176	0.863585
86	19	1.6932
86	35	0.762919
86	38	0.851367
86	40	0.847585
86	64	0.866663
86	67	0.865358
86	70	0.864172
86	98	0.82504
86	107	0.859377
86	130	0.817789
86	132	0.81098
86	135	1.38636
86	138	2.22036
86	168	0.839544
86	174	0.770218
86	175	0.830799
86	178	0.823804
86	179	0.82371
86	180	0.838947
87	2	1.89098
87	68	1.68871
87	84	1.17991
87	115	0.90548
87	136	0.868699
87	159	0.90172
87	164	0.724293
87	167	0.890387
87	168	0.898003
87	169	0.895386
87	171	0.904701
87	173	0.873066
87	174	0.828677
87	175	0.889257
87	176	0.858432
87	177	0.91516
87	178	0.882263
87	179	0.882169
87	180	0.897405
88	42	0.830296
88	63	0.823332
88	72	0.876933
88	77	0.797068
88	97	0.829519
88	103	2.00438
88	109	0.809905
88	110	0.847973
88	122	0.82057
88	127	0.806357
88	129	0.838929
88	135	0.86166
88	138	0.815402
88	141	0.845845
88	147	0.830938
88	154	0.804493
88	163	0.823969
88	177	2.08643
88	180	2.1748
89	7	0.854539
89	9	0.95686
89	12	0.858558
89	23	0.926813
89	30	0.831259
89	31	0.923311
89	39	0.831185
89	48	0.877868
89	60	0.864923
89	62	0.866352
89	69	0.852977
89	84	0.894862
89	92	0.90191
89	102	0.932551
89	104	1.2879
89	132	1.79039
89	172	0.917339
89	176	1.8375
89	180	1.48259
90	69	1.95408
90	73	2.08564
90	125	0.774603
90	128	1.4589
90	137	0.809625
90	148	0.850796
90	149	0.828414
90	156	0.837338
90	159	0.850592
90	165	0.838137
90	169	0.844257
90	170	0.826685
90	171	0.853572
90	173	0.821938
90	174	0.777548
90	177	0.864031
90	178	0.831134
90	179	0.83104
90	180	0.846277
91	63	0.875102
91	77	0.848838
91	97	0.881289
91	99	0.925177
91	100	0.931144
91	110	0.899743
91	118	1.49167
91	122	0.87234
91	127	0.858127
91	129	0.890699
91	135	0.91343
91	138	0.867172
91	141	0.897615
91	147	0.882708
91	154	0.856263
91	163	0.875739
91	165	1.67883
91	171	1.49041
91	176	1.81203
92	7	0.861651
92	30	0.838372
92	48	0.884981
92	53	1.41486
92	62	0.873464
92	69	0.86009
92	84	0.901975
92	89	0.90191
92	109	1.4287
92	142	0.898162
92	144	0.894454
92	155	0.891225
92	157	0.893262
92	158	1.70657
92	160	0.898352
92	162	0.894711
92	167	1.64245
92	172	0.924452
92	176	0.860032
93	20	0.727213
93	81	1.85565
93	96	0.840519
93	98	1.88283
93	115	0.851729
93	131	0.77938
93	149	0.825792
93	152	0.778116
93	153	0.843538
93	162	1.86891
93	168	0.844252
93	169	0.841635
93	170	0.824063
93	171	0.85095
93	174	0.774926
93	175	0.835507
93	177	0.861409
93	178	0.828512
93	179	0.828418
93	180	0.843655
94	56	2.03698
94	80	0.840121
94	106	0.847842
94	117	0.883969
94	119	0.868553
94	121	0.864806
94	128	0.934338
94	145	0.873691
94	146	0.874438
94	151	0.876493
94	154	1.86198
94	155	0.871509
94	157	0.873545
94	160	0.878636
94	162	0.874995
94	163	0.864333
94	164	0.918971
94	172	1.21957
94	176	0.840316
94	180	1.48745
95	9	1.22116
95	108	1.42237
95	116	0.812353
95	121	1.57864
95	128	1.15956
95	139	0.816774
95	156	0.879705
95	158	0.871239
95	161	0.870321
95	166	0.837018
95	167	0.881625
95	168	0.889241
95	169	0.886624
95	171	0.895939
95	172	0.91409
95	175	0.880496
95	177	0.906398
95	178	0.873501
95	179	0.873407
95	180	0.888644
96	21	0.924639
96	22	1.38512
96	93	0.840519
96	102	0.958472
96	107	1.36783
96	115	0.893928
96	162	1.76899
96	165	0.877714
96	166	0.834228
96	167	0.878835
96	168	0.886451
96	169	0.883834
96	170	0.866262
96	171	0.893149
96	173	0.861515
96	174	0.817125
96	177	0.903608
96	178	0.870711
96	179	0.870617
96	180	0.885854
97	26	0.912449
97	34	0.89243
97	42	0.870953
97	57	0.860168
97	79	0.83337
97	88	0.829519
97	91	0.881289
97	100	0.920031
97	110	0.88863
97	122	0.861227
97	135	0.902317
97	138	0.856059
97	141	0.886502
97	147	0.871595
97	148	1.70283
97	154	0.84515
97	156	1.60299
97	163	0.864626
97	176	1.89032
97	178	1.59631
98	13	0.933757
98	25	0.810328
98	38	0.887503
98	40	0.883722
98	47	0.871726
98	64	0.9028
98	67	0.901495
98	70	0.900309
98	86	0.82504
98	93	1.88283
98	137	1.64751
98	144	0.870531
98	151	0.872286
98	155	0.867302
98	157	0.869339
98	160	0.874429
98	162	0.870788
98	165	1.59243
98	167	1.45886
98	176	0.83611
99	37	0.926057
99	39	0.862762
99	51	1.40448
99	57	0.904056
99	91	0.925177
99	100	0.963919
99	107	0.943901
99	110	0.932518
99	113	1.59768
99	122	0.905115
99	127	0.890902
99	129	0.923474
99	131	1.83768
99	135	0.946205
99	138	0.899947
99	141	0.93039
99	147	0.915483
99	154	0.889038
99	159	1.05448
99	163	0.908514
99	180	1.12659
100	47	1.29854
100	59	0.903861
100	63	0.913844
100	77	0.88758
100	79	0.883225
100	91	0.931144
100	97	0.920031
100	99	0.963919
100	104	1.24291
100	109	0.900417
100	122	0.911082
100	127	0.896869
100	129	0.929441
100	135	0.952172
100	138	0.905915
100	141	0.936357
100	147	0.92145
100	158	1.58986
100	159	1.36549
100	163	0.914481
100	169	1.55934
101	3	1.6716
101	12	1.64095
101	18	1.67527
101	45	1.31218
101	51	0.855275
101	140	0.890349
101	154	0.839814
101	159	0.878562
101	161	0.855924
101	167	0.867228
101	168	0.874844
101	171	0.881542
101	172	0.899692
101	173	0.849907
101	174	0.805518
101	175	0.866099
101	176	0.835273
101	177	0.892001
101	178	0.859104
101	179	0.85901
101	180	0.874247
102	11	0.891794
102	23	0.964568
102	32	0.972576
102	36	1.47598
102	45	0.930519
102	48	0.915623
102	49	1.78977
102	54	0.907443
102	60	0.902677
102	61	0.903556
102	62	0.904106
102	66	1.15113
102	68	0.900511
102	69	0.890731
102	75	0.83536
102	78	0.955829
102	84	0.932616
102	89	0.932551
102	96	0.958472
102	161	1.10702
102	172	0.955093
103	58	0.859411
103	70	1.16552
103	88	2.00438
103	129	1.36602
103	140	0.890589
103	153	0.874371
103	157	1.41621
103	158	0.857083
103	161	0.856164
103	166	0.822861
103	167	0.867469
103	168	0.875084
103	170	0.854895
103	171	0.881783
103	172	0.899933
103	173	0.850148
103	174	0.805759
103	177	0.892241
103	178	0.859345
103	179	0.859251
103	180	0.874487
104	72	1.05156
104	89	1.2879
104	100	1.24291
104	109	0.893451
104	112	1.30121
104	116	0.84618
104	129	1.34174
104	140	0.938573
104	152	0.856932
104	158	0.905067
104	161	0.904148
104	166	0.870845
104	167	0.915453
104	169	0.920451
104	170	0.902879
104	171	0.929767
104	173	0.898132
104	175	0.914323
104	177	0.940225
104	178	0.907328
104	179	0.907235
104	180	0.922471
105	21	1.35817
105	55	0.839294
105	58	1.89657
105	76	0.828306
105	80	0.825571
105	112	0.870628
105	119	0.854004
105	124	1.61278
105	134	0.854669
105	137	2.06481
105	142	0.863896
105	143	0.864871
105	144	0.860188
105	145	0.859141
105	150	0.819562
105	151	0.861943
105	155	0.856959
105	157	0.858996
105	160	0.864086
105	162	0.860445
105	164	0.904421
105	176	0.825766
106	47	0.854184
106	94	0.847842
106	108	0.86554
106	114	0.856906
106	121	0.843057
106	128	0.912589
106	134	0.84747
106	142	0.856697
106	143	0.857673
106	144	0.852989
106	145	0.851942
106	146	0.852689
106	151	0.854744
106	155	0.84976
106	156	1.80818
106	157	0.851797
106	160	0.856887
106	162	0.853246
106	170	1.92446
106	173	2.03127
106	176	0.818568
106	177	1.65223
107	13	0.968093
107	25	0.844665
107	35	0.833392
107	38	0.92184
107	64	0.937136
107	67	0.935831
107	70	0.934645
107	86	0.859377
107	96	1.36783
107	99	0.943901
107	110	0.918467
107	113	1.42672
107	124	0.886703
107	129	0.909423
107	138	0.885897
107	141	0.916339
107	147	0.901433
107	149	1.11212
107	154	0.874987
107	161	1.07076
107	163	0.894463
107	174	2.40684
108	55	0.871543
108	95	1.42237
108	106	0.86554
108	114	0.896353
108	117	0.901668
108	126	0.914122
108	128	0.952037
108	142	0.896145
108	143	0.89712
108	144	0.892436
108	145	0.89139
108	146	0.892137
108	151	0.894192
108	155	0.889208
108	157	0.891244
108	160	0.896334
108	162	0.892694
108	163	0.882032
108	170	1.68235
108	172	1.23061
108	173	1.78916
108	175	1.55887
108	176	0.858015
109	25	2.18608
109	77	0.818112
109	79	0.813756
109	88	0.809905
109	92	1.4287
109	100	0.900417
109	104	0.893451
109	127	0.8274
109	135	0.882704
109	138	0.836446
109	141	0.866888
109	145	1.52484
109	147	0.851982
109	151	1.3883
109	152	0.79443
109	156	0.851031
109	158	0.842565
109	170	0.840378
109	171	0.867265
109	173	0.83563
109	178	0.844827
109	179	0.844733
109	180	0.859969
110	26	0.930903
110	37	0.900623
110	42	0.889407
110	59	0.87246
110	72	0.936044
110	79	0.851824
110	88	0.847973
110	91	0.899743
110	97	0.88863
110	99	0.932518
110	107	0.918467
110	122	0.879681
110	127	0.865468
110	129	0.89804
110	133	1.27104
110	135	0.920771
110	136	1.71244
110	138	0.874513
110	147	0.890049
110	152	2.24691
110	163	0.88308
110	172	1.15118
110	175	1.47944
111	18	2.59706
111	22	1.33366
111	43	2.04008
111	67	0.929192
111	139	0.793012
111	140	0.880984
111	149	0.847019
111	152	0.799343
111	153	0.864766
111	154	0.830449
111	158	0.847478
111	159	0.869197
111	161	0.846559
111	166	0.813256
111	169	0.862862
111	170	0.84529
111	171	0.872178
111	174	0.796153
111	175	0.856734
111	177	0.882636
111	178	0.849739
111	179	0.849646
111	180	0.864882
112	22	0.922492
112	74	0.861055
112	104	1.30121
112	105	0.870628
112	117	0.899556
112	119	0.884141
112	121	0.880393
112	126	0.91201
112	128	0.949925
112	134	0.884806
112	143	0.895009
112	144	0.890325
112	145	0.889278
112	146	0.890026
112	151	0.89208
112	157	0.889133
112	160	0.894223
112	161	1.61102
112	162	0.890582
112	163	0.879921
112	167	1.58404
112	168	1.5188
112	179	1.67076
113	20	0.751984
113	26	1.66304
113	99	1.59768
113	107	1.42672
113	123	0.85349
113	124	0.845709
113	132	0.840459
113	134	2.01741
113	149	0.850563
113	150	0.823248
113	158	0.851021
113	165	0.860286
113	167	0.861407
113	169	0.866406
113	170	0.848834
113	171	0.875721
113	173	0.844086
113	174	0.799697
113	175	0.860277
113	176	0.829452
113	177	0.88618
113	179	0.853189
113	180	0.868425
114	80	0.849185
114	106	0.856906
114	108	0.896353
114	116	2.43983
114	117	0.893033
114	119	0.877618
114	128	0.943402
114	134	0.878283
114	137	1.55976
114	142	0.88751
114	143	0.888485
114	144	0.883802
114	145	0.882755
114	146	0.883502
114	148	1.45039
114	151	0.885557
114	155	0.880573
114	157	0.88261
114	160	0.8877
114	162	0.884059
114	163	0.873397
114	167	1.37111
114	176	0.84938
114	178	1.34387
115	25	2.02247
115	48	0.699068
115	73	1.57319
115	87	0.90548
115	93	0.851729
115	96	0.893928
115	123	0.882129
115	144	1.19022
115	145	1.36123
115	156	0.888126
115	161	0.878741
115	165	0.888924
115	166	0.845438
115	167	0.890046
115	169	0.895045
115	170	0.877473
115	172	0.92251
115	173	0.872725
115	174	0.828336
115	175	0.888916
115	177	0.914818
115	178	0.881922
115	179	0.881828
115	180	0.897064
116	13	1.90394
116	56	0.744846
116	95	0.812353
116	104	0.84618
116	114	2.43983
116	148	0.817218
116	151	2.67076
116	152	0.747159
116	153	0.812582
116	159	0.817013
116	165	0.804559
116	166	0.761073
116	167	0.80568
116	168	0.813296
116	169	0.810679
116	170	0.793107
116	171	0.819994
116	173	0.788359
116	174	0.74397
116	175	0.80455
116	177	0.830453
116	178	0.797556
116	179	0.797462
116	180	0.812698
117	29	1.77439
117	74	0.859846
117	76	0.857234
117	82	0.849716
117	94	0.883969
117	108	0.901668
117	112	0.899556
117	114	0.893033
117	118	1.48638
117	119	0.882932
117	130	1.5448
117	142	0.892825
117	144	0.889116
117	145	0.88807
117	146	0.888817
117	151	0.890872
117	155	0.885888
117	157	0.887924
117	158	1.6041
117	160	0.893014
117	162	0.889374
117	163	0.878712
117	176	0.854695
117	178	1.51273
118	38	1.14613
118	70	1.37047
118	91	1.49167
118	117	1.48638
118	120	0.863241
118	131	0.842776
118	137	0.870399
118	139	0.835181
118	149	0.889188
118	152	0.841511
118	153	0.906934
118	158	0.889646
118	163	1.53268
118	166	0.855425
118	168	0.907648
118	169	0.905031
118	170	0.887459
118	172	0.932496
118	173	0.882711
118	174	0.838322
118	175	0.898903
118	177	0.924805
118	178	0.891908
118	180	0.907051
119	74	0.844431
119	76	0.841819
119	94	0.868553
119	105	0.854004
119	112	0.884141
119	114	0.877618
119	117	0.882932
119	121	0.863769
119	128	0.933301
119	134	0.868182
119	143	0.878384
119	144	0.873701
119	145	0.872654
119	151	0.875456
119	154	2.05272
119	155	0.870472
119	157	0.872509
119	160	0.877599
119	162	0.873958
119	164	0.917934
119	169	1.79992
119	172	1.41031
119	176	0.839279
119	177	1.58982
119	180	1.67819
120	26	1.54806
120	53	0.829617
120	66	0.822562
120	118	0.863241
120	127	1.84996
120	138	1.64695
120	153	0.845064
120	154	0.810747
120	157	1.94274
120	158	0.827776
120	161	0.826857
120	165	0.83704
120	166	0.793554
120	168	0.845777
120	169	0.84316
120	171	0.852476
120	172	0.870626
120	173	0.820841
120	174	0.776452
120	175	0.837032
120	176	0.806206
120	177	0.862934
120	178	0.830037
120	179	0.829944
120	180	0.84518
121	4	0.831926
121	74	0.840683
121	82	0.830553
121	94	0.864806
121	95	1.57864
121	106	0.843057
121	112	0.880393
121	119	0.863769
121	126	0.891639
121	142	0.873662
121	143	0.874637
121	144	0.869953
121	145	0.868907
121	146	0.869654
121	150	0.829328
121	151	0.871709
121	155	0.866725
121	156	1.72234
121	157	0.868761
121	160	0.873851
121	162	0.870211
121	163	0.859549
121	164	0.914187
121	171	1.68805
121	173	1.94543
121	180	1.65477
122	26	0.9035
122	37	0.873221
122	42	0.862005
122	59	0.845058
122	72	0.908641
122	77	0.828777
122	79	0.824421
122	88	0.82057
122	91	0.87234
122	97	0.861227
122	99	0.905115
122	100	0.911082
122	110	0.879681
122	127	0.838065
122	129	0.870638
122	133	1.51467
122	135	0.893369
122	138	0.847111
122	141	0.877553
122	147	0.862647
122	152	2.49054
122	154	0.836202
122	163	0.855677
122	168	1.68559
122	172	1.39481
122	180	1.66269
123	34	1.62033
123	41	1.2447
123	57	1.8203
123	65	0.851266
123	113	0.85349
123	115	0.882129
123	130	0.852897
123	133	0.882443
123	139	0.802184
123	146	1.47428
123	149	0.856191
123	159	0.878369
123	160	1.49178
123	161	0.855731
123	165	0.865914
123	166	0.822428
123	167	0.867036
123	169	0.872035
123	170	0.854462
123	171	0.88135
123	173	0.849715
123	174	0.805326
123	175	0.865906
123	177	0.891808
123	178	0.858912
123	179	0.858818
123	180	0.874054
124	13	0.924946
124	25	0.801517
124	27	2.00128
124	35	0.790245
124	38	0.878693
124	40	0.874911
124	64	0.893989
124	67	0.892684
124	70	0.891498
124	71	0.898761
124	105	1.61278
124	107	0.886703
124	113	0.845709
124	127	1.3186
124	139	0.794403
124	142	1.17349
124	155	1.48334
124	165	0.858133
124	168	0.86687
124	169	0.864253
124	170	0.846681
124	171	0.873568
124	173	0.841934
124	174	0.797544
124	175	0.858125
124	179	0.851036
124	180	0.866273
125	1	2.18655
125	28	0.703831
125	48	2.60576
125	56	0.749463
125	76	3.0077
125	90	0.774603
125	130	0.796158
125	131	0.753041
125	137	0.780664
125	148	0.821835
125	152	0.751777
125	153	0.817199
125	161	0.798993
125	165	0.809176
125	166	0.76569
125	167	0.810297
125	168	0.817913
125	170	0.797724
125	171	0.824612
125	173	0.792977
125	174	0.748587
125	175	0.809168
125	177	0.83507
125	178	0.802173
125	179	0.80208
125	180	0.817316
126	1	0.854749
126	44	1.31701
126	55	0.880677
126	82	0.862169
126	85	0.919692
126	108	0.914122
126	112	0.91201
126	121	0.891639
126	134	0.896051
126	142	0.905279
126	143	0.906254
126	144	0.90157
126	145	0.900523
126	146	0.901271
126	150	0.860945
126	151	0.903325
126	152	2.02291
126	153	1.20436
126	155	0.898341
126	157	0.900378
126	160	0.905468
126	162	0.901828
126	163	0.891166
126	164	0.945803
126	166	1.96568
126	173	1.48572
126	177	1.10668
127	26	0.889287
127	34	0.869268
127	36	2.42355
127	37	0.859007
127	57	0.837006
127	59	0.830844
127	63	0.840827
127	71	0.888909
127	72	0.894428
127	77	0.814563
127	79	0.810208
127	88	0.806357
127	91	0.858127
127	99	0.890902
127	100	0.896869
127	109	0.8274
127	110	0.865468
127	120	1.84996
127	122	0.838065
127	124	1.3186
127	129	0.856424
127	138	0.832897
127	141	0.86334
127	147	0.848433
127	154	0.821988
127	163	0.841464
127	171	1.52713
127	179	1.66871
128	1	0.892664
128	74	0.910215
128	90	1.4589
128	94	0.934338
128	95	1.15956
128	106	0.912589
128	108	0.952037
128	112	0.949925
128	114	0.943402
128	119	0.933301
128	134	0.933966
128	142	0.943194
128	143	0.944169
128	145	0.938439
128	146	0.939186
128	148	1.40309
128	150	0.89886
128	151	0.941241
128	155	0.936257
128	157	0.938293
128	160	0.943383
128	162	0.939743
128	163	0.929081
128	165	1.45738
128	167	1.32382
128	171	1.26896
128	175	1.29606
128	176	0.905064
129	31	1.42335
129	37	0.891579
129	39	0.828284
129	42	0.880363
129	57	0.869579
129	59	0.863417
129	63	0.873399
129	71	0.921481
129	72	0.927
129	77	0.847136
129	79	0.84278
129	88	0.838929
129	91	0.890699
129	99	0.923474
129	100	0.929441
129	103	1.36602
129	104	1.34174
129	107	0.909423
129	110	0.89804
129	122	0.870638
129	127	0.856424
129	135	0.911727
129	138	0.86547
129	141	0.895912
129	147	0.881006
129	153	1.54574
129	158	1.68869
129	163	0.874036
129	176	1.89133
130	28	0.754347
130	54	1.70585
130	59	1.84425
130	86	0.817789
130	117	1.5448
130	123	0.852897
130	125	0.796158
130	133	0.876221
130	139	0.795962
130	140	0.883934
130	143	1.64128
130	150	0.822654
130	159	0.872147
130	161	0.849509
130	163	1.59111
130	165	0.859692
130	166	0.816206
130	167	0.860814
130	168	0.86843
130	169	0.865813
130	170	0.84824
130	171	0.875128
130	173	0.843493
130	174	0.799104
130	175	0.859684
130	177	0.885586
130	178	0.85269
130	179	0.852596
130	180	0.867832
131	35	2.18429
131	93	0.77938
131	99	1.83768
131	118	0.842776
131	125	0.753041
131	133	0.833104
131	136	0.796009
131	137	0.788063
131	140	0.840817
131	147	2.23357
131	148	0.829235
131	156	0.815777
131	158	0.807311
131	159	0.82903
131	162	2.06789
131	165	0.816575
131	166	0.773089
131	168	0.825313
131	169	0.822696
131	170	0.805123
131	171	0.832011
131	172	0.850161
131	173	0.800376
131	174	0.755987
131	176	0.785741
131	177	0.842469
131	178	0.809573
131	179	0.809479
131	180	0.824715
132	4	2.05519
132	10	1.4756
132	36	0.800714
132	49	0.794005
132	86	0.81098
132	89	1.79039
132	113	0.840459
132	133	0.869412
132	137	0.824372
132	139	0.789154
132	142	1.65653
132	148	0.865543
132	150	0.815846
132	158	0.843619
132	159	0.865339
132	162	1.6646
132	165	0.852884
132	166	0.809398
132	167	0.854005
132	170	0.841432
132	171	0.868319
132	172	0.886469
132	173	0.836684
132	174	0.792295
132	175	0.852876
132	176	0.82205
132	177	0.878778
132	178	0.845881
132	179	0.845787
132	180	0.861024
133	20	0.780937
133	55	1.6509
133	110	1.27104
133	122	1.51467
133	123	0.882443
133	130	0.876221
133	131	0.833104
133	132	0.869412
133	137	0.860726
133	141	1.34464
133	144	1.33142
133	152	0.831839
133	153	0.897262
133	156	0.88844
133	159	0.901693
133	161	0.879055
133	163	1.35012
133	165	0.889238
133	166	0.845752
133	167	0.89036
133	168	0.897975
133	170	0.877786
133	171	0.904674
133	173	0.873039
133	174	0.82865
133	175	0.88923
133	177	0.915132
133	178	0.882236
133	179	0.882142
133	180	0.897378
134	47	0.875561
134	52	0.857378
134	55	0.853473
134	81	0.83613
134	105	0.854669
134	106	0.84747
134	112	0.884806
134	113	2.01741
134	114	0.878283
134	119	0.868182
134	126	0.896051
134	128	0.933966
134	142	0.878074
134	143	0.879049
134	144	0.874366
134	145	0.873319
134	146	0.874066
134	151	0.876121
134	155	0.871137
134	157	0.873174
134	159	1.47421
134	160	0.878264
134	162	0.874623
134	163	0.863961
134	164	0.918599
134	165	1.76802
134	176	0.839944
134	177	1.45795
134	179	1.72119
134	180	1.54632
135	26	0.94459
135	28	3.68558
135	37	0.914311
135	39	0.851016
135	42	0.903094
135	46	0.863706
135	52	0.687755
135	57	0.89231
135	59	0.886148
135	63	0.896131
135	71	0.944212
135	72	0.949731
135	77	0.869867
135	79	0.865511
135	86	1.38636
135	88	0.86166
135	91	0.91343
135	97	0.902317
135	99	0.946205
135	100	0.952172
135	109	0.882704
135	110	0.920771
135	122	0.893369
135	129	0.911727
135	138	0.888201
135	139	2.0312
135	141	0.918643
135	147	0.903737
135	154	0.877292
135	156	0.524415
135	173	0.747505
136	20	0.743842
136	44	0.859734
136	54	1.90626
136	63	1.72181
136	74	1.60434
136	79	2.05516
136	87	0.868699
136	110	1.71244
136	131	0.796009
136	137	0.823632
136	139	0.788413
136	152	0.794744
136	153	0.860167
136	156	0.851345
136	159	0.864598
136	161	0.84196
136	165	0.852143
136	166	0.808658
136	167	0.853265
136	168	0.860881
136	170	0.840692
136	171	0.867579
136	172	0.885729
136	173	0.835944
136	174	0.791555
136	175	0.852135
136	177	0.878038
136	178	0.845141
136	179	0.845047
136	180	0.860283
137	65	0.82955
137	71	1.17761
137	75	2.85031
137	90	0.809625
137	98	1.64751
137	105	2.06481
137	114	1.55976
137	118	0.870399
137	125	0.780664
137	131	0.788063
137	132	0.824372
137	133	0.860726
137	136	0.823632
137	149	0.834475
137	152	0.786799
137	153	0.852221
137	156	0.843399
137	165	0.844198
137	166	0.800712
137	167	0.845319
137	168	0.852935
137	169	0.850318
137	170	0.832746
137	171	0.859634
137	172	0.877784
137	173	0.827999
137	174	0.783609
137	177	0.870092
137	178	0.837195
137	179	0.837102
137	180	0.852338
138	26	0.898333
138	37	0.868053
138	42	0.856837
138	46	1.69771
138	57	0.846052
138	59	0.83989
138	63	0.849873
138	71	0.897955
138	72	0.903473
138	77	0.823609
138	79	0.819254
138	86	2.22036
138	88	0.815402
138	91	0.867172
138	97	0.856059
138	99	0.899947
138	100	0.905915
138	107	0.885897
138	109	0.836446
138	110	0.874513
138	120	1.64695
138	122	0.847111
138	127	0.832897
138	129	0.86547
138	135	0.888201
138	140	1.0681
138	141	0.872385
138	147	0.857479
138	154	0.831034
138	163	0.85051
138	165	1.51254
138	166	2.06146
139	51	0.798149
139	60	2.33446
139	67	2.14282
139	83	0.731781
139	95	0.816774
139	111	0.793012
139	118	0.835181
139	123	0.802184
139	124	0.794403
139	130	0.795962
139	132	0.789154
139	135	2.0312
139	136	0.788413
139	142	2.9231
139	148	0.821639
139	150	0.771942
139	153	0.817003
139	156	0.808181
139	158	0.799715
139	161	0.798797
139	165	0.80898
139	166	0.765494
139	167	0.810101
