1	13	0.832318
1	26	0.905093
1	34	0.908976
1	35	0.819532
1	54	0.857501
1	55	0.856619
1	112	0.813944
1	116	0.805684
1	135	2.37082
1	154	3.33556
1	158	0.793198
1	160	0.856426
2	4	1.02787
2	7	0.932176
2	20	0.913146
2	40	0.980831
2	44	0.967323
2	111	0.918335
2	119	3.25253
2	124	0.890911
2	145	1.79672
2	158	0.895755
2	168	2.16557
2	177	0.902973
3	12	1.02286
3	17	0.878999
3	24	0.982675
3	28	0.877653
3	45	0.933077
3	47	0.932835
3	122	0.957588
3	151	0.939025
3	154	2.15758
3	155	0.908959
3	167	3.13803
3	168	1.65316
4	2	1.02787
4	7	0.906804
4	20	0.887774
4	21	0.989173
4	33	0.984168
4	40	0.955459
4	44	0.94195
4	101	1.43999
4	134	3.09054
4	148	2.81772
4	158	0.870383
4	177	0.877601
5	13	0.920164
5	26	0.992939
5	34	0.996822
5	35	0.907379
5	54	0.945347
5	55	0.944465
5	99	0.926309
5	115	2.25098
5	135	1.77257
5	148	2.72491
5	158	0.881045
5	160	0.944272
6	19	0.882993
6	46	0.841703
6	56	0.841188
6	58	0.824417
6	65	0.807055
6	66	0.864771
6	68	0.792097
6	69	0.873565
6	73	0.850329
6	80	0.836996
6	159	1.82323
6	163	4.24816
7	2	0.932176
7	4	0.906804
7	20	0.792078
7	33	0.888472
7	40	0.859763
7	44	0.846255
7	122	0.857876
7	124	0.769843
7	158	0.774687
7	162	2.67231
7	172	2.97121
7	177	0.781905
8	46	0.938709
8	56	0.938195
8	58	0.921424
8	65	0.904062
8	66	0.961777
8	68	0.889104
8	69	0.970571
8	73	0.947336
8	80	0.934002
8	121	3.26561
8	133	1.92371
8	179	3.63534
9	68	0.94675
9	73	1.00498
9	80	0.991649
9	102	0.952501
9	104	0.996019
9	106	0.947507
9	116	2.15593
9	166	2.06609
9	171	0.911566
9	174	2.61093
9	177	0.934163
10	81	0.944851
10	93	0.981461
10	94	0.920375
10	97	2.22313
10	98	0.928525
10	102	0.904463
10	104	0.947981
10	106	0.89947
10	108	0.945079
10	109	0.945111
10	139	2.62918
10	141	2.03089
11	36	0.907188
11	64	0.96505
11	79	0.945129
11	85	0.951487
11	96	0.980052
11	120	3.16154
11	151	0.948648
11	155	0.918582
11	160	0.947249
11	171	0.868642
11	173	3.29368
11	177	1.33115
12	3	1.02286
12	17	0.89133
12	24	0.995006
12	28	0.889984
12	45	0.945408
12	47	0.945166
12	120	0.861272
12	135	1.07065
12	136	3.51782
12	151	0.951356
12	155	0.92129
12	171	2.21472
13	1	0.832318
13	5	0.920164
13	26	0.88928
13	34	0.893163
13	54	0.841688
13	55	0.840806
13	112	0.798131
13	116	0.789871
13	146	3.70316
13	158	0.777385
13	160	0.840613
13	174	2.35626
14	23	0.899881
14	31	0.874351
14	41	0.951282
14	50	0.919823
14	52	0.919174
14	53	1.08817
14	59	0.913233
14	60	0.913
14	63	0.966634
14	118	1.92451
14	130	1.23195
14	173	4.39009
15	17	1.01208
15	28	1.01074
15	45	1.06616
15	47	1.06592
15	99	1.05275
15	107	2.43338
15	115	1.6655
15	122	1.09067
15	139	1.82002
15	148	2.13943
15	151	1.07211
15	155	1.04204
16	23	0.808707
16	31	0.783177
16	41	0.860109
16	50	0.828649
16	52	0.828001
16	53	0.997001
16	59	0.822059
16	60	0.821827
16	63	0.87546
16	125	0.818362
16	158	1.48225
16	176	4.85248
17	3	0.878999
17	12	0.89133
17	15	1.01208
17	24	0.851143
17	28	0.746121
17	45	0.801546
17	47	0.801303
17	116	3.37227
17	120	0.717409
17	122	0.826056
17	151	0.807493
17	155	0.777427
17	164	2.73759
18	38	0.854333
18	67	0.857823
18	82	0.823961
18	88	0.82173
18	89	0.820879
18	91	0.803253
18	92	0.861329
18	95	0.857289
18	103	0.839709
18	110	0.827452
18	143	2.61406
18	160	0.814538
18	172	3.40998
19	6	0.882993
19	46	0.918377
19	56	0.917863
19	58	0.901092
19	65	0.883729
19	66	0.941445
19	68	0.868771
19	69	0.950239
19	73	0.927003
19	80	0.91367
19	115	2.81827
19	147	1.49432
19	152	2.89575
20	2	0.913146
20	4	0.887774
20	7	0.792078
20	21	0.874447
20	33	0.869442
20	40	0.840733
20	44	0.827225
20	122	0.838846
20	124	0.750813
20	130	2.23239
20	158	0.755657
20	165	5.65207
20	177	0.762875
21	4	0.989173
21	20	0.874447
21	33	0.970842
21	40	0.942132
21	44	0.928624
21	111	0.879637
21	122	0.940246
21	123	1.91332
21	124	0.852212
21	128	5.01661
21	158	0.857056
21	167	1.68094
21	177	0.864274
22	51	1.13682
22	69	1.05831
22	111	0.846418
22	149	0.867416
22	166	0.851137
22	170	0.821986
22	172	0.841836
22	173	0.811686
22	175	0.787292
22	176	0.792619
22	178	0.822413
22	179	0.808828
22	180	0.82657
23	14	0.899881
23	16	0.808707
23	31	0.788198
23	41	0.86513
23	50	0.83367
23	52	0.833022
23	59	0.82708
23	60	0.826848
23	63	0.880481
23	120	0.75054
23	125	0.823383
23	132	2.29177
23	171	3.75866
24	3	0.982675
24	12	0.995006
24	17	0.851143
24	28	0.849797
24	45	0.905222
24	47	0.904979
24	90	2.70212
24	99	0.891807
24	122	0.929732
24	131	1.61346
24	151	0.911169
24	155	0.881103
24	172	2.79356
25	87	3.06413
25	107	0.790072
25	140	0.770664
25	164	0.791181
25	165	0.727047
25	168	0.787339
25	174	0.771372
25	175	0.717134
25	176	0.722462
25	177	0.760898
25	178	0.752255
25	179	0.73867
25	180	0.756412
26	1	0.905093
26	5	0.992939
26	13	0.88928
26	34	0.965939
26	35	0.876495
26	54	0.914463
26	55	0.913582
26	75	0.907461
26	121	3.17823
26	158	0.850161
26	160	0.913388
26	169	3.12618
26	178	1.89507
27	77	0.950949
27	81	0.919927
27	87	0.91252
27	93	0.956538
27	94	0.895451
27	98	0.903602
27	102	0.87954
27	106	0.874546
27	108	0.920155
27	109	0.920187
27	132	2.36557
27	133	2.6657
27	147	1.84286
28	3	0.877653
28	12	0.889984
28	15	1.01074
28	17	0.746121
28	24	0.849797
28	45	0.800199
28	47	0.799957
28	120	0.716063
28	122	0.82471
28	140	3.20461
28	151	0.806147
28	155	0.776081
28	172	2.75874
29	69	1.0218
29	81	1.02912
29	118	0.869667
29	150	0.831242
29	154	0.855441
29	169	0.81737
29	170	0.824348
29	172	0.844198
29	175	0.789654
29	176	0.794981
29	178	0.824775
29	179	0.811189
29	180	0.828931
30	77	0.953814
30	81	0.922792
30	87	0.915384
30	94	0.898316
30	98	0.906466
30	102	0.882404
30	104	0.925922
30	106	0.877411
30	108	0.92302
30	109	0.923052
30	138	2.20364
30	140	2.92512
30	141	1.90344
31	14	0.874351
31	16	0.783177
31	23	0.788198
31	41	0.839599
31	50	0.808139
31	52	0.807491
31	53	0.976491
31	59	0.801549
31	60	0.801317
31	63	0.854951
31	124	3.50876
31	125	0.797852
31	135	2.45335
32	62	0.959309
32	64	0.927752
32	79	0.907831
32	85	0.914189
32	96	0.942754
32	131	1.47246
32	134	3.26727
32	138	2.37695
32	145	0.877946
32	151	0.91135
32	160	0.909951
32	161	0.945004
32	171	0.831344
33	4	0.984168
33	7	0.888472
33	20	0.869442
33	21	0.970842
33	40	0.937127
33	44	0.923619
33	111	0.874632
33	114	1.27328
33	122	0.935241
33	128	4.88339
33	153	1.78201
33	158	0.852051
33	177	0.859269
34	1	0.908976
34	5	0.996822
34	13	0.893163
34	26	0.965939
34	35	0.880378
34	54	0.918346
34	55	0.917464
34	116	0.866529
34	129	2.00103
34	158	0.854044
34	160	0.917271
34	165	4.51079
34	173	2.83466
35	1	0.819532
35	5	0.907379
35	26	0.876495
35	34	0.880378
35	54	0.828902
35	55	0.828021
35	99	0.809864
35	101	1.7032
35	112	0.785345
35	116	0.777086
35	150	4.07212
35	158	0.7646
35	160	0.827827
36	11	0.907188
36	51	0.899998
36	79	0.82254
36	85	0.828897
36	96	0.857463
36	116	0.773918
36	145	0.792655
36	146	4.1355
36	155	0.795993
36	160	0.82466
36	161	0.859712
36	166	2.24376
36	171	0.746053
37	77	0.867039
37	81	0.836017
37	87	0.82861
37	93	0.872627
37	94	0.811541
37	98	0.819691
37	102	0.795629
37	104	0.839147
37	106	0.790636
37	108	0.836245
37	109	0.836277
37	131	2.12485
37	171	3.83859
38	18	0.854333
38	67	0.947799
38	82	0.913938
38	88	0.911707
38	91	0.893229
38	95	0.947266
38	110	0.917429
38	121	0.831166
38	136	3.65849
38	137	0.856327
38	139	0.860847
38	144	2.15303
38	152	1.76721
38	160	0.904515
39	59	0.76569
39	60	0.765458
39	63	0.819091
39	65	0.74937
39	69	0.81588
39	73	0.792644
39	80	0.779311
39	85	2.75033
39	105	0.694481
39	127	0.716997
39	162	0.766095
39	163	0.714639
39	173	0.702456
39	180	0.71734
40	2	0.980831
40	4	0.955459
40	7	0.859763
40	20	0.840733
40	21	0.942132
40	33	0.937127
40	44	0.89491
40	122	0.906531
40	124	0.818498
40	129	1.82795
40	157	4.09565
40	158	0.823342
40	162	1.71832
40	177	0.83056
41	14	0.951282
41	16	0.860109
41	23	0.86513
41	31	0.839599
41	50	0.885071
41	52	0.884423
41	53	1.05342
41	57	1.42559
41	59	0.878481
41	60	0.878249
41	63	0.931882
41	120	0.801941
41	164	2.72379
41	174	3.81347
42	49	0.772756
42	61	0.817935
42	70	0.853744
42	72	0.85485
42	74	0.856171
42	76	0.854715
42	83	0.843007
42	84	0.842712
42	145	0.790469
42	158	3.62435
42	161	0.857527
42	168	2.91426
42	171	0.743867
42	177	0.766465
43	61	3.16549
43	111	0.770069
43	118	0.790956
43	152	0.791841
43	153	0.808617
43	165	0.720856
43	169	0.738659
43	170	0.745637
43	174	0.765181
43	175	0.710943
43	176	0.71627
43	178	0.746064
43	179	0.732479
43	180	0.750221
44	2	0.967323
44	4	0.94195
44	7	0.846255
44	20	0.827225
44	21	0.928624
44	33	0.923619
44	40	0.89491
44	86	1.86143
44	111	0.832414
44	122	0.893023
44	124	0.80499
44	137	3.73034
44	153	2.62122
44	158	0.809834
44	177	0.817052
45	3	0.933077
45	12	0.945408
45	15	1.06616
45	17	0.801546
45	24	0.905222
45	28	0.800199
45	47	0.855381
45	99	0.842209
45	120	0.771487
45	122	0.880134
45	144	2.43261
45	151	0.861571
45	155	0.831505
45	159	2.34486
45	174	3.05199
46	6	0.841703
46	8	0.938709
46	19	0.918377
46	56	0.876573
46	58	0.859802
46	65	0.842439
46	66	0.900155
46	68	0.827481
46	69	0.908949
46	73	0.885713
46	75	1.72793
46	80	0.87238
46	123	2.35743
46	137	0.822716
46	139	3.18088
47	3	0.932835
47	12	0.945166
47	15	1.06592
47	17	0.801303
47	24	0.904979
47	28	0.799957
47	45	0.855381
47	99	0.841967
47	120	0.771245
47	122	0.879892
47	124	2.44737
47	151	0.861328
47	155	0.831263
47	164	1.86338
47	180	3.52784
48	79	1.01489
48	136	0.808645
48	141	0.863545
48	150	0.80848
48	161	0.486096
48	164	0.840937
48	165	0.776803
48	167	0.827834
48	170	0.801585
48	172	0.821435
48	175	0.766891
48	176	0.772218
48	178	0.802012
48	179	0.788427
48	180	0.806169
49	42	0.772756
49	61	0.810464
49	70	0.846273
49	72	0.847379
49	74	0.8487
49	76	0.847244
49	83	0.835536
49	84	0.835241
49	139	0.771334
49	145	0.782998
49	161	0.850056
49	166	3.69015
49	168	3.13421
49	171	0.736396
49	177	0.758994
50	14	0.919823
50	16	0.828649
50	23	0.83367
50	31	0.808139
50	41	0.885071
50	52	0.852963
50	53	1.02196
50	59	0.847022
50	60	0.846789
50	63	0.900423
50	75	0.853238
50	120	0.770481
50	125	0.843324
50	133	2.58901
50	145	2.70317
50	155	2.49645
51	22	1.13682
51	36	0.899998
51	62	0.989417
51	64	0.95786
51	79	0.937939
51	85	0.944296
51	96	0.972862
51	116	0.889317
51	133	2.25232
51	147	1.42948
51	151	0.941458
51	155	0.911392
51	160	0.940059
51	161	0.975112
51	171	0.861452
51	172	2.88545
52	14	0.919174
52	16	0.828001
52	23	0.833022
52	31	0.807491
52	41	0.884423
52	50	0.852963
52	53	1.02131
52	59	0.846373
52	60	0.846141
52	63	0.899775
52	75	0.85259
52	120	0.769833
52	124	3.34387
52	125	0.842676
52	143	2.10298
52	156	2.63687
53	14	1.08817
53	16	0.997001
53	31	0.976491
53	41	1.05342
53	50	1.02196
53	52	1.02131
53	59	1.01537
53	60	1.01514
53	63	1.06877
53	101	1.05517
53	111	1.52049
53	120	0.938833
53	125	1.01168
53	134	1.54399
53	174	1.87994
53	179	4.60736
54	1	0.857501
54	5	0.945347
54	13	0.841688
54	26	0.914463
54	34	0.918346
54	35	0.828902
54	55	0.865989
54	75	0.859868
54	99	0.847833
54	112	0.823314
54	116	0.815054
54	117	3.04097
54	145	2.24803
54	152	2.71245
54	158	0.802568
54	160	0.865796
55	1	0.856619
55	5	0.944465
55	13	0.840806
55	26	0.913582
55	34	0.917464
55	35	0.828021
55	54	0.865989
55	75	0.858986
55	99	0.846951
55	112	0.822432
55	116	0.814172
55	155	2.06986
55	158	0.801687
55	160	0.864914
55	168	2.64543
55	171	3.32918
56	6	0.841188
56	8	0.938195
56	19	0.917863
56	46	0.876573
56	58	0.859287
56	65	0.841925
56	66	0.899641
56	68	0.826967
56	69	0.908435
56	73	0.885199
56	80	0.871866
56	100	2.41378
56	137	0.822202
56	141	2.19998
56	166	3.1816
57	41	1.42559
57	65	0.859027
57	66	0.916742
57	68	0.844069
57	80	0.888967
57	91	0.876206
57	98	0.700406
57	103	0.912662
57	109	0.670679
57	110	0.900405
57	122	0.907453
57	157	0.825038
57	172	0.842263
57	175	0.787719
57	179	0.809255
57	180	0.826997
58	6	0.824417
58	8	0.921424
58	19	0.901092
58	46	0.859802
58	56	0.859287
58	65	0.825154
58	66	0.88287
58	68	0.810196
58	69	0.891664
58	73	0.868428
58	80	0.855095
58	113	0.880157
58	137	0.805431
58	148	3.17871
58	155	2.11112
58	164	2.6978
59	14	0.913233
59	16	0.822059
59	23	0.82708
59	31	0.801549
59	39	0.76569
59	41	0.878481
59	50	0.847022
59	52	0.846373
59	53	1.01537
59	60	0.840199
59	63	0.893833
59	75	0.846648
59	107	2.1761
59	120	0.763891
59	125	0.836734
59	153	1.73793
59	179	5.21833
60	14	0.913
60	16	0.821827
60	23	0.826848
60	31	0.801317
60	39	0.765458
60	41	0.878249
60	50	0.846789
60	52	0.846141
60	53	1.01514
60	59	0.840199
60	63	0.893601
60	75	0.846416
60	90	1.70584
60	115	1.66525
60	120	0.763659
60	125	0.836502
60	173	5.57389
61	42	0.817935
61	43	3.16549
61	49	0.810464
61	70	0.891451
61	72	0.892557
61	74	0.893878
61	76	0.892422
61	83	0.880714
61	84	0.880419
61	125	0.84434
61	139	0.816513
61	144	2.02862
61	145	0.828177
61	148	2.03924
61	161	0.895234
61	171	0.781575
61	177	0.804172
62	32	0.959309
62	51	0.989417
62	64	0.93188
62	79	0.911959
62	85	0.918316
62	96	0.946882
62	116	0.863337
62	121	3.45616
62	137	1.45461
62	145	0.882074
62	151	0.915478
62	155	0.885412
62	157	2.22623
62	160	0.914079
62	161	0.949132
62	171	0.835472
62	179	3.82588
63	14	0.966634
63	16	0.87546
63	23	0.880481
63	31	0.854951
63	39	0.819091
63	41	0.931882
63	50	0.900423
63	52	0.899775
63	53	1.06877
63	59	0.893833
63	60	0.893601
63	75	0.90005
63	120	0.817293
63	125	0.890136
63	129	1.93089
63	155	1.39447
63	166	2.52598
63	178	4.14536
64	11	0.96505
64	32	0.927752
64	51	0.95786
64	62	0.93188
64	79	0.880402
64	85	0.886759
64	96	0.915324
64	101	0.938293
64	111	2.38609
64	145	0.850517
64	151	0.88392
64	154	2.14918
64	155	0.853854
64	160	0.882521
64	161	0.917574
64	171	0.803915
64	177	2.27614
64	180	3.32032
65	6	0.807055
65	8	0.904062
65	19	0.883729
65	39	0.74937
65	46	0.842439
65	56	0.841925
65	57	0.859027
65	58	0.825154
65	66	0.865507
65	68	0.792834
65	69	0.874301
65	73	0.851066
65	80	0.837732
65	113	0.862795
65	137	0.788068
65	138	2.5816
65	162	2.55831
65	171	3.39084
66	6	0.864771
66	8	0.961777
66	19	0.941445
66	46	0.900155
66	56	0.899641
66	57	0.916742
66	58	0.88287
66	65	0.865507
66	68	0.850549
66	69	0.932017
66	73	0.908781
66	80	0.895448
66	112	2.31393
66	113	0.92051
66	137	0.845784
66	143	1.41112
66	163	3.76746
66	178	3.12419
67	18	0.857823
67	38	0.947799
67	82	0.917428
67	88	0.915197
67	89	0.914345
67	91	0.896719
67	92	0.954796
67	95	0.950756
67	101	1.44396
67	103	0.933175
67	110	0.920918
67	121	0.834656
67	124	0.839934
67	136	3.32369
67	137	0.859817
67	160	0.908005
67	174	2.43761
67	178	3.51214
68	6	0.792097
68	8	0.889104
68	9	0.94675
68	19	0.868771
68	46	0.827481
68	56	0.826967
68	57	0.844069
68	58	0.810196
68	65	0.792834
68	66	0.850549
68	69	0.859343
68	73	0.836108
68	80	0.822774
68	113	0.847837
68	137	0.77311
68	147	1.8678
68	162	3.02487
68	177	3.80503
69	6	0.873565
69	8	0.970571
69	19	0.950239
69	22	1.05831
69	29	1.0218
69	39	0.81588
69	46	0.908949
69	56	0.908435
69	58	0.891664
69	65	0.874301
69	66	0.932017
69	68	0.859343
69	73	0.917575
69	80	0.904242
69	113	0.929304
69	137	0.854578
69	147	1.35096
69	167	4.14168
70	42	0.853744
70	49	0.846273
70	61	0.891451
70	72	0.928366
70	74	0.929687
70	76	0.928231
70	83	0.916523
70	84	0.916228
70	113	0.922529
70	114	1.86092
70	125	0.880149
70	139	0.852322
70	145	0.863986
70	149	1.67295
70	161	0.931043
70	169	4.08739
70	171	0.817384
70	173	4.60768
70	177	0.839981
71	78	0.728589
71	95	0.116375
71	105	0.756196
71	117	0.801772
71	134	0.810883
71	138	0.820005
71	141	0.836431
71	152	0.820675
71	161	1.20763
71	163	0.776353
71	167	0.80072
71	169	0.767493
71	171	0.760943
71	173	0.764171
71	174	0.794014
71	176	0.745104
71	178	0.774898
71	179	0.761313
71	180	0.779055
72	42	0.85485
72	49	0.847379
72	61	0.892557
72	70	0.928366
72	74	0.930793
72	76	0.929337
72	83	0.917629
72	84	0.917334
72	101	1.25768
72	113	0.923635
72	121	0.823747
72	123	2.26394
72	125	0.881255
72	141	2.48909
72	145	0.865092
72	158	3.62488
72	161	0.932149
72	171	0.81849
72	177	0.841087
73	6	0.850329
73	8	0.947336
73	9	1.00498
73	19	0.927003
73	39	0.792644
73	46	0.885713
73	56	0.885199
73	58	0.868428
73	65	0.851066
73	66	0.908781
73	68	0.836108
73	69	0.917575
73	80	0.881006
73	113	0.906069
73	137	0.831343
73	138	1.69916
73	149	1.83119
73	154	2.32907
73	163	4.64322
74	42	0.856171
74	49	0.8487
74	61	0.893878
74	70	0.929687
74	72	0.930793
74	76	0.930658
74	83	0.91895
74	84	0.918655
74	113	0.924956
74	121	0.825068
74	123	2.05518
74	126	2.57509
74	139	0.854749
74	145	0.866413
74	156	2.59411
74	161	0.93347
74	164	2.71712
74	171	0.819811
74	177	0.842408
75	26	0.907461
75	46	1.72793
75	50	0.853238
75	52	0.85259
75	54	0.859868
75	55	0.858986
75	59	0.846648
75	60	0.846416
75	63	0.90005
75	87	1.05126
75	95	1.43517
75	158	0.795566
75	160	0.858793
75	175	0.75902
75	176	0.764348
75	177	0.802784
75	178	0.794141
75	179	0.780556
75	180	0.798298
76	42	0.854715
76	49	0.847244
76	61	0.892422
76	70	0.928231
76	72	0.929337
76	74	0.930658
76	83	0.917494
76	84	0.917199
76	113	0.9235
76	117	2.60334
76	121	0.823612
76	125	0.88112
76	139	0.853293
76	144	2.66064
76	156	2.06734
76	161	0.932014
76	166	2.73519
76	171	0.818355
76	177	0.840952
77	27	0.950949
77	30	0.953814
77	37	0.867039
77	81	0.901174
77	87	0.893767
77	93	0.937785
77	94	0.876698
77	98	0.884849
77	102	0.860787
77	104	0.904305
77	106	0.855793
77	108	0.901402
77	109	0.901434
77	140	2.83969
77	141	1.81801
77	144	2.7251
77	161	0.933511
77	164	2.2548
78	71	0.728589
78	120	0.665075
78	121	0.680411
78	137	0.705572
78	152	0.734886
78	162	0.74202
78	164	0.728034
78	166	0.717832
78	167	0.714931
78	169	0.681704
78	170	0.688681
78	172	0.708532
78	173	0.678381
78	174	0.708225
78	175	0.653987
78	176	0.659315
78	178	0.689108
78	179	0.675523
78	180	0.693265
79	11	0.945129
79	32	0.907831
79	36	0.82254
79	48	1.01489
79	51	0.937939
79	62	0.911959
79	64	0.880402
79	85	0.866838
79	90	0.834739
79	96	0.895404
79	101	0.918372
79	137	1.66783
79	145	0.830596
79	151	0.864
79	155	0.833934
79	160	0.862601
79	161	0.897654
79	169	3.61734
79	171	0.783994
79	179	4.03911
80	6	0.836996
80	8	0.934002
80	9	0.991649
80	19	0.91367
80	39	0.779311
80	46	0.87238
80	56	0.871866
80	57	0.888967
80	58	0.855095
80	65	0.837732
80	66	0.895448
80	68	0.822774
80	69	0.904242
80	73	0.881006
80	100	2.03397
80	113	0.892735
80	135	1.78553
80	137	0.818009
80	162	2.09707
80	178	4.42116
81	10	0.944851
81	27	0.919927
81	29	1.02912
81	30	0.922792
81	37	0.836017
81	77	0.901174
81	87	0.862745
81	93	0.906762
81	94	0.845676
81	98	0.853826
81	100	2.45225
81	102	0.829764
81	104	0.873282
81	106	0.824771
81	108	0.87038
81	109	0.870412
81	125	0.851594
81	138	2.53865
81	161	0.902489
81	177	3.29552
82	18	0.823961
82	38	0.913938
82	67	0.917428
82	88	0.881336
82	89	0.880484
82	91	0.862858
82	92	0.920934
82	95	0.916894
82	99	0.856181
82	103	0.899314
82	110	0.887057
82	111	3.29342
82	122	0.894106
82	124	0.806072
82	126	2.42116
82	132	1.76894
82	139	0.830475
82	151	0.875543
82	160	0.874144
82	177	3.18347
83	42	0.843007
83	49	0.835536
83	61	0.880714
83	70	0.916523
83	72	0.917629
83	74	0.91895
83	76	0.917494
83	84	0.905491
83	90	1.89204
83	113	0.911792
83	121	0.811905
83	125	0.869412
83	134	2.5982
83	139	0.841585
83	145	0.853249
83	157	4.06191
83	159	2.22701
83	161	0.920306
83	171	0.806647
83	177	0.829244
84	42	0.842712
84	49	0.835241
84	61	0.880419
84	70	0.916228
84	72	0.917334
84	74	0.918655
84	76	0.917199
84	83	0.905491
84	107	2.89052
84	113	0.911497
84	121	0.811609
84	125	0.869117
84	139	0.84129
84	143	1.45875
84	145	0.852954
84	149	2.11108
84	161	0.920011
84	170	4.31161
84	171	0.806352
84	177	0.828949
85	11	0.951487
85	32	0.914189
85	36	0.828897
85	39	2.75033
85	51	0.944296
85	62	0.918316
85	64	0.886759
85	79	0.866838
85	90	0.841096
85	96	0.901761
85	116	0.818216
85	118	1.80693
85	119	1.57742
85	145	0.836953
85	151	0.870357
85	155	0.840291
85	160	0.868958
85	161	0.904011
85	171	0.790351
85	179	4.17398
86	44	1.86143
86	115	0.871029
86	127	0.809055
86	133	0.849481
86	145	0.837888
86	156	0.858065
86	159	0.841098
86	160	0.945064
86	161	0.489853
86	162	0.858153
86	165	0.780033
86	166	0.833965
86	168	0.840325
86	170	0.804814
86	173	0.794514
86	174	0.824358
86	176	0.775447
86	178	0.805241
86	179	0.791656
86	180	0.809398
87	25	3.06413
87	27	0.91252
87	30	0.915384
87	37	0.82861
87	75	1.05126
87	77	0.893767
87	81	0.862745
87	93	0.899355
87	94	0.838269
87	98	0.846419
87	101	0.9158
87	102	0.822357
87	104	0.865875
87	106	0.817364
87	108	0.862972
87	109	0.863005
87	111	0.819382
87	117	2.75569
87	125	0.844187
87	131	1.40035
87	161	0.895082
88	18	0.82173
88	38	0.911707
88	67	0.915197
88	82	0.881336
88	89	0.878253
88	90	0.844051
88	91	0.860627
88	92	0.918703
88	95	0.914663
88	103	0.897083
88	110	0.884826
88	121	0.798564
88	124	0.803841
88	129	2.11311
88	133	1.66926
88	137	0.823725
88	139	0.828244
88	151	0.873311
88	160	0.871913
88	170	4.35933
88	172	2.30238
89	18	0.820879
89	67	0.914345
89	82	0.880484
89	88	0.878253
89	91	0.859775
89	92	0.917852
89	95	0.913812
89	99	0.853098
89	103	0.896231
89	110	0.883974
89	121	0.797712
89	122	0.891023
89	124	0.80299
89	131	1.4046
89	137	0.822873
89	139	0.827392
89	140	3.03058
89	151	0.87246
89	160	0.871061
89	172	2.5847
89	174	3.53536
90	24	2.70212
90	60	1.70584
90	79	0.834739
90	83	1.89204
90	85	0.841096
90	88	0.844051
90	91	0.825573
90	92	0.88365
90	95	0.87961
90	96	0.869662
90	103	0.862029
90	110	0.849772
90	146	0.771049
90	154	0.802873
90	155	0.808192
90	160	0.836859
90	171	0.758252
90	176	0.742414
90	178	0.772207
90	179	0.758622
90	180	0.776364
91	18	0.803253
91	38	0.893229
91	57	0.876206
91	67	0.896719
91	82	0.862858
91	88	0.860627
91	89	0.859775
91	90	0.825573
91	92	0.900226
91	95	0.896186
91	103	0.878605
91	110	0.866348
91	112	2.36637
91	122	0.873397
91	124	0.785364
91	132	1.34101
91	137	0.805247
91	139	0.809766
91	151	0.854834
91	160	0.853435
91	176	6.50367
91	177	1.63271
92	18	0.861329
92	67	0.954796
92	82	0.920934
92	88	0.918703
92	89	0.917852
92	90	0.88365
92	91	0.900226
92	95	0.954262
92	97	1.52121
92	99	0.893549
92	103	0.936682
92	110	0.924425
92	112	3.1197
92	121	0.838162
92	122	0.931473
92	126	1.62372
92	127	4.69849
92	137	0.863324
92	139	0.867843
92	151	0.91291
92	153	2.10245
92	160	0.911511
93	10	0.981461
93	27	0.956538
93	37	0.872627
93	77	0.937785
93	81	0.906762
93	87	0.899355
93	94	0.882287
93	98	0.890437
93	102	0.866375
93	104	0.909893
93	106	0.861381
93	108	0.90699
93	109	0.907022
93	112	0.861565
93	113	0.930585
93	125	0.888205
93	127	2.19584
93	139	1.21678
93	161	0.939099
93	162	2.02084
93	170	1.45906
93	175	7.16643
94	10	0.920375
94	27	0.895451
94	30	0.898316
94	37	0.811541
94	77	0.876698
94	81	0.845676
94	87	0.838269
94	93	0.882287
94	98	0.829351
94	101	0.898732
94	102	0.805289
94	104	0.848807
94	106	0.800295
94	108	0.845904
94	109	0.845936
94	112	0.800479
94	113	0.869499
94	123	1.31013
94	161	0.878013
94	168	1.96097
94	170	4.16804
94	180	3.63654
95	18	0.857289
95	38	0.947266
95	67	0.950756
95	71	0.116375
95	75	1.43517
95	82	0.916894
95	88	0.914663
95	89	0.913812
95	90	0.87961
95	91	0.896186
95	92	0.954262
95	103	0.932642
95	110	0.920385
95	122	0.927433
95	124	0.8394
95	126	2.58458
95	137	0.859284
95	139	0.863803
95	142	11.1
95	151	0.90887
95	159	3.10915
95	160	0.907471
96	11	0.980052
96	32	0.942754
96	36	0.857463
96	51	0.972862
96	62	0.946882
96	64	0.915324
96	79	0.895404
96	85	0.901761
96	90	0.869662
96	101	0.953295
96	116	0.846782
96	120	5.83846
96	131	1.01389
96	132	1.26073
96	145	0.865519
96	149	2.05041
96	151	0.898922
96	155	0.868857
96	160	0.897524
96	161	0.932576
96	171	0.818917
96	172	2.19399
97	10	2.22313
97	92	1.52121
97	105	0.783351
97	113	1.69257
97	140	0.820462
97	142	0.758721
97	144	0.840228
97	152	0.84783
97	159	0.83791
97	164	0.840979
97	165	0.776845
97	167	0.827875
97	168	0.837137
97	169	0.794648
97	170	0.801626
97	172	0.821477
97	173	0.791326
97	174	0.82117
97	176	0.77226
97	178	0.802053
97	179	0.788468
97	180	0.80621
98	10	0.928525
98	27	0.903602
98	30	0.906466
98	37	0.819691
98	57	0.700406
98	77	0.884849
98	81	0.853826
98	87	0.846419
98	93	0.890437
98	94	0.829351
98	102	0.813439
98	104	0.856957
98	106	0.808445
98	108	0.854054
98	109	0.854087
98	111	0.810464
98	112	0.808629
98	125	0.835269
98	130	3.52249
98	155	2.17833
98	158	3.464
98	161	0.886164
99	5	0.926309
99	15	1.05275
99	24	0.891807
99	35	0.809864
99	45	0.842209
99	47	0.841967
99	54	0.847833
99	55	0.846951
99	82	0.856181
99	89	0.853098
99	92	0.893549
99	103	0.871928
99	110	0.859671
99	130	3.21318
99	145	2.07575
99	151	0.848157
99	155	0.818091
99	156	2.33269
99	158	0.783531
99	160	0.846758
99	177	3.07598
100	56	2.41378
100	80	2.03397
100	81	2.45225
100	138	0.835502
100	140	0.808804
100	142	0.747063
100	144	0.828569
100	149	0.835398
100	153	0.852947
100	156	0.843219
100	159	0.826252
100	165	0.765186
100	166	0.819119
100	167	0.816217
100	168	0.825478
100	172	0.809818
100	173	0.779668
100	174	0.809511
100	175	0.755274
100	176	0.760601
100	178	0.790395
100	179	0.77681
100	180	0.794552
101	4	1.43999
101	35	1.7032
101	53	1.05517
101	64	0.938293
101	67	1.44396
101	72	1.25768
101	79	0.918372
101	87	0.9158
101	94	0.898732
101	96	0.953295
101	104	0.926338
101	106	0.877827
101	108	0.923436
101	109	0.923468
101	151	0.921891
101	161	0.955545
101	169	0.848435
101	171	0.841885
101	173	0.845113
101	176	0.826047
101	178	0.85584
101	179	0.842255
101	180	0.859997
102	9	0.952501
102	10	0.904463
102	27	0.87954
102	30	0.882404
102	37	0.795629
102	77	0.860787
102	81	0.829764
102	87	0.822357
102	93	0.866375
102	94	0.805289
102	98	0.813439
102	104	0.832895
102	106	0.784383
102	108	0.829992
102	109	0.830025
102	111	0.786402
102	112	0.784567
102	113	0.853587
102	125	0.811207
102	139	3.15313
102	143	2.33472
102	150	3.69235
102	155	2.40494
102	161	0.862102
103	18	0.839709
103	57	0.912662
103	67	0.933175
103	82	0.899314
103	88	0.897083
103	89	0.896231
103	90	0.862029
103	91	0.878605
103	92	0.936682
103	95	0.932642
103	99	0.871928
103	110	0.902804
103	121	0.816542
103	122	0.909853
103	124	0.82182
103	126	1.29544
103	137	0.841703
103	139	0.846223
103	151	0.89129
103	160	0.889891
103	163	2.34116
103	166	1.55724
103	167	2.3477
103	175	7.43702
104	9	0.996019
104	10	0.947981
104	30	0.925922
104	37	0.839147
104	77	0.904305
104	81	0.873282
104	87	0.865875
104	93	0.909893
104	94	0.848807
104	98	0.856957
104	101	0.926338
104	102	0.832895
104	106	0.827901
104	108	0.87351
104	109	0.873542
104	112	0.828085
104	113	0.897105
104	125	0.854725
104	145	1.34481
104	146	4.16134
104	147	1.30007
104	161	0.905619
104	174	2.81444
104	180	3.38922
105	39	0.694481
105	71	0.756196
105	97	0.783351
105	114	0.777966
105	125	5.66124
105	126	0.780097
105	146	0.715557
105	153	0.779268
105	154	0.747381
105	159	0.752572
105	165	0.691507
105	166	0.745439
105	167	0.742537
105	169	0.70931
105	170	0.716288
105	172	0.736138
105	173	0.705988
105	174	0.735832
105	175	0.681594
105	176	0.686922
105	178	0.716715
105	179	0.70313
105	180	0.720872
106	9	0.947507
106	10	0.89947
106	27	0.874546
106	30	0.877411
106	37	0.790636
106	77	0.855793
106	81	0.824771
106	87	0.817364
106	93	0.861381
106	94	0.800295
106	98	0.808445
106	101	0.877827
106	102	0.784383
106	104	0.827901
106	108	0.824999
106	109	0.825031
106	111	0.781408
106	113	0.848594
106	119	2.12126
106	125	0.806213
106	153	1.3821
106	161	0.857108
106	165	6.63714
106	167	2.51916
107	15	2.43338
107	25	0.790072
107	59	2.1761
107	84	2.89052
107	114	0.834485
107	132	0.855381
107	133	0.817474
107	136	0.779868
107	137	0.789698
107	143	0.837495
107	146	0.772076
107	152	0.819012
107	153	0.835787
107	159	0.809091
107	162	0.826146
107	166	0.801958
107	170	0.772807
107	172	0.792658
107	174	0.792351
107	175	0.738113
107	176	0.743441
107	177	0.781877
107	178	0.773234
107	179	0.759649
107	180	0.777391
108	10	0.945079
108	27	0.920155
108	30	0.92302
108	37	0.836245
108	77	0.901402
108	81	0.87038
108	87	0.862972
108	93	0.90699
108	94	0.845904
108	98	0.854054
108	101	0.923436
108	102	0.829992
108	104	0.87351
108	106	0.824999
108	109	0.87064
108	111	0.827017
108	112	0.825182
108	113	0.894203
108	125	0.851822
108	131	1.77039
108	145	2.43153
108	147	1.49452
108	161	0.902717
108	168	2.80038
108	180	4.47594
109	10	0.945111
109	27	0.920187
109	30	0.923052
109	37	0.836277
109	57	0.670679
109	77	0.901434
109	81	0.870412
109	87	0.863005
109	93	0.907022
109	94	0.845936
109	98	0.854087
109	101	0.923468
109	102	0.830025
109	104	0.873542
109	106	0.825031
109	108	0.87064
109	111	0.827049
109	112	0.825214
109	113	0.894235
109	125	0.851855
109	143	2.07838
109	152	2.81975
109	154	3.2286
109	159	3.11782
109	161	0.902749
110	18	0.827452
110	38	0.917429
110	57	0.900405
110	67	0.920918
110	82	0.887057
110	88	0.884826
110	89	0.883974
110	90	0.849772
110	91	0.866348
110	92	0.924425
110	95	0.920385
110	99	0.859671
110	103	0.902804
110	118	2.12296
110	119	1.74879
110	121	0.804285
110	122	0.897596
110	124	0.809563
110	127	3.60566
110	137	0.829446
110	139	0.833965
110	151	0.879033
110	160	0.877634
110	169	4.06825
110	170	2.86888
111	2	0.918335
111	21	0.879637
111	22	0.846418
111	33	0.874632
111	43	0.770069
111	44	0.832414
111	53	1.52049
111	64	2.38609
111	82	3.29342
111	87	0.819382
111	98	0.810464
111	102	0.786402
111	106	0.781408
111	108	0.827017
111	109	0.827049
111	124	0.756002
111	146	0.758264
111	158	0.760846
111	173	0.748695
111	174	0.778539
111	176	0.729628
111	177	0.768064
111	179	0.745837
111	180	0.763579
112	1	0.813944
112	13	0.798131
112	35	0.785345
112	54	0.823314
112	55	0.822432
112	66	2.31393
112	91	2.36637
112	92	3.1197
112	93	0.861565
112	94	0.800479
112	98	0.808629
112	102	0.784567
112	104	0.828085
112	108	0.825182
112	109	0.825214
112	130	0.79501
112	158	0.759011
112	160	0.822239
112	163	0.759043
112	170	0.75716
112	171	0.743632
112	174	0.776704
112	175	0.722466
112	178	0.757587
112	179	0.744002
112	180	0.761744
113	58	0.880157
113	65	0.862795
113	66	0.92051
113	68	0.847837
113	69	0.929304
113	70	0.922529
113	72	0.923635
113	73	0.906069
113	74	0.924956
113	76	0.9235
113	80	0.892735
113	83	0.911792
113	84	0.911497
113	93	0.930585
113	94	0.869499
113	97	1.69257
113	102	0.853587
113	104	0.897105
113	106	0.848594
113	108	0.894203
113	109	0.894235
113	116	2.5718
113	152	2.02158
113	156	1.8141
113	168	1.92601
113	170	4.13307
113	171	0.812652
113	177	0.83525
114	33	1.27328
114	70	1.86092
114	105	0.777966
114	107	0.834485
114	117	0.823543
114	122	1.94129
114	133	0.840908
114	135	0.865029
114	142	0.753336
114	145	0.829315
114	148	0.827481
114	150	0.803136
114	152	0.842445
114	156	0.849492
114	159	0.832525
114	160	1.31406
114	166	0.825392
114	167	0.82249
114	168	0.831752
114	169	0.789263
114	170	0.796241
114	172	0.816091
114	173	0.785941
114	174	0.815785
114	175	0.761547
114	176	0.766874
114	178	0.796668
114	179	0.783083
114	180	0.800825
115	5	2.25098
115	15	1.6655
115	19	2.81827
115	60	1.66525
115	86	0.871029
115	127	0.80502
115	128	0.785141
115	130	0.838628
115	135	0.869566
115	149	0.846208
115	150	0.807673
115	152	0.846982
115	155	0.83719
115	159	0.837062
115	164	0.840131
115	165	0.775997
115	167	0.827027
115	168	0.836289
115	169	0.7938
115	170	0.800778
115	172	0.820628
115	173	0.790478
115	174	0.820322
115	175	0.766084
115	176	0.771412
115	178	0.801205
115	179	0.78762
115	180	0.805362
116	1	0.805684
116	9	2.15593
116	13	0.789871
116	17	3.37227
116	34	0.866529
116	35	0.777086
116	36	0.773918
116	51	0.889317
116	54	0.815054
116	55	0.814172
116	62	0.863337
116	85	0.818216
116	96	0.846782
116	113	2.5718
116	158	0.750752
116	160	0.813979
116	161	0.849032
116	165	0.724119
116	170	0.7489
116	171	0.735372
116	173	0.7386
116	174	0.768444
116	175	0.714206
116	176	0.719534
116	178	0.749327
116	179	0.735742
116	180	0.753484
117	54	3.04097
117	71	0.801772
117	76	2.60334
117	87	2.75569
117	114	0.823543
117	126	0.825673
117	128	0.746227
117	132	0.844438
117	147	0.88446
117	148	0.793105
117	150	0.76876
117	153	0.824844
117	162	0.815204
117	165	0.737083
117	166	0.791016
117	167	0.788114
117	168	0.797375
117	169	0.754887
117	170	0.761865
117	172	0.781715
117	173	0.751565
117	174	0.781408
117	175	0.727171
117	176	0.732498
117	177	0.770934
117	178	0.762292
117	179	0.748707
117	180	0.766449
118	14	1.92451
118	29	0.869667
118	43	0.790956
118	85	1.80693
118	110	2.12296
118	123	0.856701
118	125	2.20684
118	127	0.784124
118	129	0.844572
118	130	0.817732
118	134	0.816294
118	135	0.848671
118	143	0.84457
118	146	0.779151
118	149	0.825313
118	150	0.786777
118	152	0.826086
118	156	0.833133
118	162	0.833221
118	163	0.781765
118	164	0.819235
118	165	0.755101
118	168	0.815393
118	169	0.772904
118	170	0.779882
118	172	0.799733
118	175	0.745188
118	176	0.750516
118	178	0.780309
118	179	0.766724
118	180	0.784466
119	2	3.25253
119	85	1.57742
119	106	2.12126
119	110	1.74879
119	128	0.778848
119	130	0.832336
119	136	0.801546
119	141	0.856446
119	143	0.859174
119	144	0.833087
119	148	0.825726
119	152	0.84069
119	154	0.825579
119	157	0.797111
119	159	0.83077
119	163	0.796368
119	164	0.833838
119	166	0.823637
119	167	0.820735
119	168	0.829996
119	169	0.787508
119	170	0.794486
119	172	0.814336
119	173	0.784186
119	174	0.814029
119	175	0.759792
119	176	0.765119
119	179	0.781328
119	180	0.79907
120	11	3.16154
120	12	0.861272
120	17	0.717409
120	23	0.75054
120	28	0.716063
120	41	0.801941
120	45	0.771487
120	47	0.771245
120	50	0.770481
120	52	0.769833
120	53	0.938833
120	59	0.763891
120	60	0.763659
120	63	0.817293
120	78	0.665075
120	96	5.83846
120	121	0.702687
120	142	0.668052
120	151	0.777435
120	155	0.747369
120	163	0.71284
120	164	0.750309
120	166	0.740108
120	167	0.737206
120	168	0.746468
120	173	0.700657
120	175	0.676263
120	178	0.711384
120	179	0.697799
120	180	0.715541
121	8	3.26561
121	26	3.17823
121	38	0.831166
121	62	3.45616
121	67	0.834656
121	72	0.823747
121	74	0.825068
121	76	0.823612
121	78	0.680411
121	83	0.811905
121	84	0.811609
121	88	0.798564
121	89	0.797712
121	92	0.838162
121	103	0.816542
121	110	0.804285
121	120	0.702687
121	151	0.79277
121	157	0.728918
121	160	0.791372
121	161	0.826424
121	162	0.779632
121	169	0.719315
121	171	0.712765
121	172	0.746143
121	173	0.715993
121	174	0.745837
121	175	0.691599
121	176	0.696926
121	177	0.735362
121	178	0.72672
121	179	0.713135
121	180	0.730877
122	3	0.957588
122	7	0.857876
122	15	1.09067
122	17	0.826056
122	20	0.838846
122	21	0.940246
122	24	0.929732
122	28	0.82471
122	33	0.935241
122	40	0.906531
122	44	0.893023
122	45	0.880134
122	47	0.879892
122	57	0.907453
122	82	0.894106
122	89	0.891023
122	91	0.873397
122	92	0.931473
122	95	0.927433
122	103	0.909853
122	110	0.897596
122	114	1.94129
122	141	1.55859
122	151	0.886081
122	153	2.33208
122	155	0.856016
122	156	1.87237
122	158	0.821455
122	159	2.37792
122	171	2.66802
122	177	0.828673
122	180	3.65984
123	21	1.91332
123	46	2.35743
123	72	2.26394
123	74	2.05518
123	94	1.31013
123	118	0.856701
123	126	0.875191
123	127	0.815624
123	133	0.856049
123	138	0.856916
123	146	0.810651
123	149	0.856813
123	150	0.818277
123	156	0.864633
123	157	0.814008
123	158	0.813234
123	163	0.813265
123	164	0.850735
123	165	0.786601
123	166	0.840533
123	167	0.837631
123	168	0.846893
123	169	0.804404
123	170	0.811382
123	171	0.797854
123	172	0.831233
123	173	0.801082
123	174	0.830926
123	175	0.776688
123	176	0.782016
123	178	0.811809
123	179	0.798224
123	180	0.815966
124	2	0.890911
124	7	0.769843
124	20	0.750813
124	21	0.852212
124	31	3.50876
124	40	0.818498
124	44	0.80499
124	47	2.44737
124	52	3.34387
124	67	0.839934
124	82	0.806072
124	88	0.803841
124	89	0.80299
124	91	0.785364
124	95	0.8394
124	103	0.82182
124	110	0.809563
124	111	0.756002
124	139	0.752981
124	140	0.750406
124	158	0.733422
124	165	0.706789
124	167	0.75782
124	168	0.767081
124	169	0.724593
124	170	0.731571
124	175	0.696877
124	176	0.702204
124	177	0.74064
124	179	0.718413
124	180	0.736155
125	16	0.818362
125	23	0.823383
125	31	0.797852
125	50	0.843324
125	52	0.842676
125	53	1.01168
125	59	0.836734
125	60	0.836502
125	61	0.84434
125	63	0.890136
125	70	0.880149
125	72	0.881255
125	76	0.88112
125	81	0.851594
125	83	0.869412
125	84	0.869117
125	87	0.844187
125	93	0.888205
125	98	0.835269
125	102	0.811207
125	104	0.854725
125	105	5.66124
125	106	0.806213
125	108	0.851822
125	109	0.851855
125	118	2.20684
125	137	2.20263
125	145	0.816874
125	150	1.45753
125	155	1.14482
125	161	0.883932
125	167	2.23057
125	171	0.770272
125	177	0.79287
126	74	2.57509
126	82	2.42116
126	92	1.62372
126	95	2.58458
126	103	1.29544
126	105	0.780097
126	117	0.825673
126	123	0.875191
126	127	0.802613
126	128	0.782734
126	130	0.836222
126	131	0.910074
126	135	0.86716
126	136	0.805432
126	138	0.843905
126	142	0.755466
126	144	0.836973
126	147	0.920967
126	150	0.805266
126	153	0.861351
126	163	0.800254
126	164	0.837724
126	165	0.77359
126	166	0.827522
126	168	0.833882
126	169	0.791394
126	170	0.798372
126	172	0.818222
126	173	0.788071
126	174	0.817915
126	175	0.763678
126	176	0.769005
126	178	0.798799
126	179	0.785213
126	180	0.802955
127	39	0.716997
127	86	0.809055
127	92	4.69849
127	93	2.19584
127	110	3.60566
127	115	0.80502
127	118	0.784124
127	123	0.815624
127	126	0.802613
127	140	0.75764
127	144	0.777406
127	145	0.771879
127	146	0.738073
127	147	0.8614
127	148	0.770044
127	149	0.784235
127	150	0.745699
127	153	0.801784
127	154	0.769898
127	156	0.792056
127	157	0.74143
127	159	0.775089
127	164	0.778157
127	165	0.714023
127	166	0.767955
127	168	0.774315
127	169	0.731827
127	170	0.738805
127	172	0.758655
127	174	0.758348
127	175	0.704111
127	176	0.709438
127	178	0.739232
127	179	0.725646
127	180	0.743388
128	21	5.01661
128	33	4.88339
128	115	0.785141
128	117	0.746227
128	119	0.778848
128	126	0.782734
128	129	0.783616
128	135	0.787714
128	136	0.725986
128	139	0.740336
128	142	0.676021
128	143	0.783614
128	144	0.757527
128	147	0.841521
128	148	0.750166
128	153	0.781905
128	154	0.750019
128	156	0.772177
128	159	0.75521
128	163	0.720809
128	167	0.745175
128	168	0.754436
128	169	0.711948
128	170	0.718926
128	172	0.738776
128	173	0.708626
128	174	0.73847
128	175	0.684232
128	176	0.689559
128	177	0.727995
128	178	0.719353
128	179	0.705768
128	180	0.72351
129	34	2.00103
129	40	1.82795
129	63	1.93089
129	88	2.11311
129	118	0.844572
129	128	0.783616
129	131	0.910955
129	133	0.84392
129	140	0.818089
129	141	0.861213
129	142	0.756348
129	146	0.798522
129	147	0.921848
129	149	0.844683
129	151	1.45526
129	157	0.801879
129	162	0.852592
129	163	0.801136
129	164	0.838605
129	165	0.774472
129	166	0.828404
129	167	0.825502
129	168	0.834764
129	169	0.792275
129	170	0.799253
129	171	0.785725
129	172	0.819103
129	173	0.788953
129	174	0.818797
129	175	0.764559
129	176	0.769886
129	177	0.808322
129	178	0.79968
129	179	0.786095
129	180	0.803837
130	14	1.23195
130	20	2.23239
130	98	3.52249
130	99	3.21318
130	112	0.79501
130	115	0.838628
130	118	0.817732
130	119	0.832336
130	126	0.836222
130	137	0.789304
130	138	0.817947
130	153	0.835393
130	154	0.803507
130	156	0.825664
130	157	0.775039
130	158	0.774265
130	162	0.825752
130	163	0.774296
130	164	0.811766
130	165	0.747632
130	166	0.801564
130	167	0.798662
130	168	0.807924
130	169	0.765435
130	170	0.772413
130	171	0.758885
130	172	0.792264
130	173	0.762113
130	174	0.791957
130	175	0.737719
130	176	0.743047
130	178	0.77284
130	179	0.759255
130	180	0.776997
131	24	1.61346
131	32	1.47246
131	37	2.12485
131	87	1.40035
131	89	1.4046
131	96	1.01389
131	108	1.77039
131	126	0.910074
131	129	0.910955
131	132	0.928839
131	137	0.863156
131	140	0.865101
131	142	0.80336
131	144	0.884867
131	147	0.968861
131	148	0.877505
131	149	0.891696
131	150	0.85316
131	152	0.89247
131	156	0.899517
131	157	0.848891
131	162	0.899605
131	164	0.885618
131	165	0.821484
131	167	0.872515
131	168	0.881776
131	169	0.839288
131	170	0.846266
131	172	0.866116
131	173	0.835965
131	174	0.865809
131	175	0.811572
131	176	0.816899
131	178	0.846693
131	179	0.833107
131	180	0.850849
132	23	2.29177
132	27	2.36557
132	82	1.76894
132	91	1.34101
132	96	1.26073
132	107	0.855381
132	117	0.844438
132	131	0.928839
132	133	0.861804
132	134	0.853549
132	135	0.885925
132	138	0.86267
132	140	0.835972
132	142	0.774231
132	148	0.848377
132	149	0.862567
132	152	0.863341
132	153	0.880116
132	156	0.870388
132	160	0.573898
132	162	0.870476
132	163	0.819019
132	164	0.856489
132	165	0.792355
132	166	0.846287
132	168	0.852647
132	169	0.810159
132	170	0.817137
132	172	0.836987
132	173	0.806836
132	174	0.83668
132	175	0.782443
132	176	0.78777
132	178	0.817564
132	179	0.803978
132	180	0.82172
133	8	1.92371
133	27	2.6657
133	50	2.58901
133	51	2.25232
133	86	0.849481
133	88	1.66926
133	107	0.817474
133	114	0.840908
133	123	0.856049
133	129	0.84392
133	132	0.861804
133	136	0.786291
133	141	0.84119
133	143	0.843918
133	144	0.817832
133	147	0.901825
133	148	0.81047
133	149	0.82466
133	150	0.786125
133	154	0.810323
133	157	0.781856
133	159	0.815514
133	162	0.832569
