1	11	0.775023
1	47	0.716821
1	64	0.759612
1	85	0.72104
1	94	0.705586
1	97	0.705239
1	111	0.730861
1	112	0.723455
1	120	0.714195
1	157	1.51029
1	166	4.77323
1	180	0.653254
2	15	0.580594
2	55	0.508075
2	142	0.597869
2	149	0.651123
2	163	0.609808
2	165	0.617841
2	170	0.60071
2	173	0.633005
2	174	0.623067
2	177	0.624296
2	178	0.57501
2	179	0.577545
3	22	2.87274
3	74	0.702476
3	81	3.23286
3	90	0.73219
3	99	0.757599
3	106	0.747959
3	120	0.729295
3	132	0.728021
3	146	0.749337
3	155	0.727232
3	161	0.661492
3	180	0.668354
4	63	0.796584
4	108	1.67978
4	146	1.64787
4	153	0.731627
4	158	0.753061
4	159	0.697606
4	163	0.700894
4	164	0.677082
4	172	0.70062
4	173	0.72409
4	176	0.703344
4	177	0.715381
5	83	1.16464
5	103	0.748642
5	116	2.29859
5	128	0.732804
5	158	0.766901
5	165	0.722766
5	169	0.694081
5	172	0.714459
5	174	0.727991
5	177	0.729221
5	178	0.679935
5	179	0.68247
6	93	1.63781
6	137	1.78367
6	159	0.720075
6	162	0.726787
6	163	0.723363
6	167	0.740581
6	168	0.717945
6	170	0.714265
6	174	0.736621
6	177	0.73785
6	178	0.688564
6	179	0.6911
7	80	0.692531
7	91	0.629604
7	101	0.742624
7	133	0.648578
7	139	0.599465
7	145	4.10258
7	156	0.674329
7	162	0.661303
7	164	0.634068
7	177	0.672367
7	178	0.623081
7	179	0.625616
8	74	0.806128
8	75	0.87039
8	84	0.855115
8	88	0.835109
8	99	0.861251
8	106	0.851611
8	153	1.49748
8	162	2.45121
8	166	0.736101
8	171	0.786834
8	172	2.56104
9	49	0.761922
9	82	0.745432
9	146	2.54196
9	149	0.758755
9	164	0.693629
9	170	0.708342
9	172	0.717166
9	173	0.740637
9	174	0.730698
9	176	0.719891
9	178	0.682642
9	179	0.685177
10	14	1.60557
10	111	1.84419
10	124	0.753194
10	135	0.728659
10	137	0.747966
10	145	0.727152
10	151	0.741148
10	167	0.721884
10	173	0.727863
10	176	0.707117
10	178	0.669868
10	180	0.674684
11	1	0.775023
11	47	0.810005
11	63	1.25473
11	85	0.814224
11	89	0.81425
11	95	0.793122
11	101	1.64724
11	107	0.82092
11	108	0.815195
11	112	0.816639
11	142	3.89613
11	180	0.746439
12	23	0.69208
12	28	0.739631
12	58	0.706606
12	62	0.70935
12	125	0.73485
12	132	0.717699
12	136	0.701637
12	140	3.05385
12	141	3.38557
12	148	0.736597
12	155	0.716909
12	171	0.67286
12	175	0.672455
13	18	0.825491
13	26	0.716888
13	37	0.775337
13	43	0.775668
13	93	0.809755
13	105	1.52074
13	113	0.747897
13	123	0.794528
13	137	0.790887
13	143	0.779853
13	151	0.784069
13	160	3.09904
13	180	2.70464
14	10	1.60557
14	42	0.776773
14	60	0.767695
14	61	3.09178
14	73	0.810296
14	131	0.77139
14	132	0.782695
14	136	0.766634
14	146	0.804011
14	148	0.801594
14	150	1.85754
14	155	0.781906
14	160	0.739013
15	2	0.580594
15	82	4.41667
15	153	0.686153
15	159	0.652132
15	162	0.658844
15	163	0.655419
15	165	0.663452
15	167	0.672638
15	170	0.646321
15	174	0.668678
15	177	0.669907
15	178	0.620621
15	179	0.623157
16	104	2.79986
16	124	0.718442
16	130	0.731942
16	132	0.699598
16	134	0.719397
16	135	0.693907
16	143	0.70218
16	145	0.6924
16	146	0.720914
16	148	0.718497
16	151	0.706396
16	155	0.698809
16	159	3.75226
17	34	0.80931
17	35	2.14011
17	74	0.760112
17	75	0.824374
17	84	0.809099
17	88	0.789093
17	99	0.815235
17	106	0.805595
17	144	2.77671
17	147	2.46918
17	154	0.75582
17	166	0.690085
17	171	0.740818
18	13	0.825491
18	92	2.50449
18	100	2.07185
18	113	0.762849
18	115	0.797572
18	121	0.787173
18	137	0.805838
18	141	2.5325
18	143	0.794805
18	145	0.785025
18	151	0.799021
18	166	0.696652
18	175	0.746979
19	68	0.780284
19	71	0.812337
19	77	1.4555
19	87	0.828172
19	123	0.792228
19	137	0.788587
19	143	0.777553
19	145	0.767773
19	151	0.781769
19	156	2.77507
19	157	0.743316
19	163	3.09404
19	175	0.729727
20	36	0.717501
20	47	0.714885
20	48	0.715832
20	79	0.693956
20	80	2.96001
20	90	0.715155
20	95	0.698003
20	107	0.725801
20	108	0.720076
20	111	0.728926
20	112	0.72152
20	150	3.51446
20	180	0.651319
21	35	1.01843
21	94	0.777516
21	95	0.771869
21	97	0.77717
21	107	0.799667
21	108	0.793942
21	111	0.802792
21	118	0.789502
21	120	0.786126
21	121	0.779801
21	129	2.23211
21	178	4.23925
21	180	0.725185
22	3	2.87274
22	65	0.812205
22	75	0.757053
22	133	0.765994
22	134	0.147856
22	156	0.791745
22	167	0.792513
22	169	0.754643
22	172	0.775021
22	173	0.798491
22	174	0.788553
22	176	0.777746
22	179	0.743032
23	12	0.69208
23	29	0.686054
23	60	0.703384
23	81	2.44179
23	116	0.728993
23	125	0.735535
23	131	0.707079
23	132	0.718384
23	136	0.702322
23	148	0.737282
23	155	0.717595
23	159	4.07207
23	171	0.673545
24	31	0.720332
24	39	0.710542
24	44	0.69948
24	76	0.729469
24	86	0.706666
24	96	0.686798
24	119	0.71282
24	124	0.716928
24	130	0.730428
24	134	0.717884
24	156	3.60268
24	161	0.631556
24	167	3.43475
24	180	0.638418
25	26	0.710438
25	45	0.817774
25	71	0.808187
25	115	0.776171
25	123	0.788078
25	137	0.784437
25	143	0.773403
25	145	0.763623
25	151	0.777619
25	162	2.48817
25	166	0.67525
25	168	2.62717
25	170	2.61266
25	175	0.725577
26	13	0.716888
26	25	0.710438
26	37	0.681685
26	50	0.679789
26	68	0.688932
26	71	0.720985
26	87	0.73682
26	93	0.716104
26	137	0.697235
26	143	0.686202
26	145	0.676422
26	151	0.690418
26	158	3.12997
26	176	3.88109
27	43	1.47181
27	89	1.01732
27	99	0.970283
27	110	0.783475
27	128	0.777301
27	147	0.799152
27	153	0.789963
27	163	0.75923
27	167	0.776448
27	174	0.772489
27	176	0.761681
27	178	0.724432
27	179	0.726967
27	180	0.729248
28	12	0.739631
28	33	0.784623
28	40	0.771052
28	42	0.760013
28	110	2.20542
28	125	0.783086
28	131	0.75463
28	136	0.749874
28	146	0.787251
28	148	0.784834
28	155	0.765146
28	174	2.85559
28	175	0.720691
28	177	2.71926
29	23	0.686054
29	58	0.70058
29	62	0.703325
29	125	0.728824
29	132	0.711673
29	136	0.695611
29	146	0.732988
29	148	0.730571
29	155	0.710884
29	160	0.667991
29	162	3.32266
29	171	0.666834
29	175	0.666429
29	180	3.67679
30	33	1.52608
30	77	0.774612
30	79	2.77221
30	103	0.723733
30	142	0.677884
30	147	0.729745
30	163	0.689823
30	167	0.707041
30	168	0.684405
30	174	0.703081
30	176	0.692274
30	177	0.704311
30	178	0.655025
30	179	0.65756
31	24	0.720332
31	32	0.784495
31	54	0.755825
31	76	0.797635
31	83	0.782551
31	96	0.754964
31	119	0.780985
31	129	0.759907
31	130	0.798594
31	135	0.760559
31	154	1.96728
31	169	3.28828
31	174	2.45801
31	180	0.706584
32	31	0.784495
32	53	0.75071
32	54	0.751823
32	86	0.770829
32	96	0.750962
32	119	0.776983
32	124	0.781091
32	126	1.99935
32	130	0.794592
32	134	0.782047
32	135	0.756557
32	138	2.08186
32	171	3.58194
32	180	0.702581
33	28	0.784623
33	30	1.52608
33	42	0.756769
33	116	0.773299
33	125	0.779842
33	131	0.751385
33	132	0.762691
33	136	0.746629
33	146	0.784006
33	148	0.781589
33	155	0.761902
33	157	2.99606
33	160	0.719009
33	177	2.52752
34	17	0.80931
34	74	0.742112
34	75	0.806374
34	84	0.791099
34	88	0.771093
34	99	0.797235
34	106	0.787595
34	147	1.81666
34	150	0.766899
34	154	0.737821
34	160	3.2995
34	166	0.672085
34	168	2.68997
34	171	0.722818
35	17	2.14011
35	21	1.01843
35	37	0.759797
35	42	0.75581
35	90	2.10887
35	116	0.772341
35	131	0.750427
35	143	0.764314
35	145	0.754534
35	151	0.76853
35	155	0.760943
35	163	0.732048
35	176	0.734499
35	177	0.746536
35	179	0.699785
36	20	0.717501
36	47	0.754418
36	48	0.755365
36	59	0.734157
36	64	0.79721
36	90	0.754688
36	97	0.742837
36	100	0.786124
36	107	0.765334
36	118	0.755169
36	120	0.751793
36	138	2.24807
36	150	2.63984
36	177	3.20649
36	180	0.690852
37	13	0.775337
37	26	0.681685
37	35	0.759797
37	43	0.740465
37	50	0.738237
37	71	0.779434
37	87	0.795268
37	115	0.747417
37	126	1.6719
37	133	3.5721
37	137	0.755684
37	143	0.74465
37	145	0.73487
37	151	0.748866
37	163	2.86973
38	43	0.750479
38	57	0.701229
38	71	0.789448
38	87	0.805282
38	93	0.784566
38	101	1.45672
38	109	0.750875
38	113	0.722708
38	123	0.769339
38	127	0.659467
38	137	0.765698
38	145	0.744884
38	151	0.75888
38	170	3.16865
38	180	3.39829
39	24	0.710542
39	49	1.5367
39	53	0.744922
39	76	0.787845
39	86	0.765041
39	96	0.745174
39	119	0.771195
39	124	0.775304
39	130	0.788804
39	134	0.776259
39	135	0.750769
39	161	0.689931
39	163	3.05779
39	170	3.39891
39	180	0.696794
40	28	0.771052
40	58	0.738027
40	62	0.740771
40	73	0.77672
40	82	0.764322
40	122	2.20027
40	131	0.737814
40	132	0.749119
40	136	0.733058
40	146	0.770435
40	148	0.768018
40	155	0.74833
40	174	3.04215
40	175	0.703875
40	176	2.92233
41	44	0.759707
41	54	0.747886
41	76	0.789697
41	78	0.793019
41	98	1.9087
41	109	2.45213
41	119	0.773047
41	124	0.777155
41	134	0.778111
41	135	0.75262
41	157	0.726656
41	160	0.71463
41	161	0.691783
41	171	3.63648
41	180	0.698645
42	14	0.776773
42	28	0.760013
42	33	0.756769
42	35	0.75581
42	62	0.729733
42	82	0.753284
42	110	2.26362
42	122	2.07192
42	125	0.755232
42	132	0.738081
42	136	0.722019
42	146	0.759397
42	148	0.756979
42	155	0.737292
42	164	3.88907
43	13	0.775668
43	27	1.47181
43	37	0.740465
43	38	0.750479
43	67	0.785735
43	113	0.713026
43	115	0.747749
43	123	0.759656
43	137	0.756015
43	143	0.744982
43	145	0.735202
43	151	0.749198
43	159	3.27799
43	166	0.646829
43	175	0.697156
43	177	3.06808
44	24	0.69948
44	41	0.759707
44	53	0.73386
44	54	0.734973
44	63	2.37427
44	83	0.761698
44	100	2.37617
44	119	0.760133
44	121	0.740348
44	124	0.764241
44	130	0.777742
44	134	0.765197
44	135	0.739707
44	154	3.6263
44	161	0.678869
44	180	0.685731
45	25	0.817774
45	50	0.787124
45	67	0.83429
45	87	0.844156
45	93	0.823439
45	113	0.761582
45	123	0.808212
45	137	0.804571
45	143	0.793538
45	145	0.783757
45	147	2.0026
45	149	1.92675
45	151	0.797754
45	158	1.62879
45	175	0.745712
45	179	3.72414
46	52	0.859428
46	73	0.833109
46	80	1.89867
46	116	0.816117
46	127	0.712894
46	131	0.794203
46	132	0.805509
46	136	0.789447
46	140	1.54417
46	146	0.826824
46	148	0.824407
46	154	0.775673
46	155	0.804719
46	160	0.761827
46	165	2.86222
46	173	2.68072
47	1	0.716821
47	11	0.810005
47	20	0.714885
47	36	0.754418
47	59	0.731541
47	69	0.77624
47	95	0.73492
47	97	0.740221
47	108	0.756993
47	118	0.752553
47	121	0.742852
47	129	3.46335
47	152	1.93801
47	161	0.681374
47	175	3.12779
47	180	0.688236
48	20	0.715832
48	36	0.755365
48	59	0.732488
48	64	0.79554
48	79	0.731819
48	85	0.756968
48	89	0.756993
48	95	0.735866
48	97	0.741168
48	103	2.84064
48	112	0.759383
48	118	0.753499
48	153	2.61415
48	161	0.68232
48	165	3.03681
48	180	0.689182
49	9	0.761922
49	39	1.5367
49	78	1.67167
49	136	1.9089
49	147	0.769037
49	152	0.783866
49	153	0.759848
49	156	0.745565
49	164	0.705304
49	167	0.746333
49	168	0.723698
49	169	0.708463
49	170	0.720017
49	172	0.728841
49	173	0.752312
49	178	0.694317
50	26	0.679789
50	37	0.738237
50	45	0.787124
50	67	0.783506
50	71	0.777537
50	87	0.793372
50	113	0.710798
50	123	0.757428
50	129	1.5749
50	137	0.753787
50	139	6.16958
50	145	0.732973
50	151	0.746969
50	158	1.07546
50	166	0.6446
50	175	0.694928
51	88	0.749439
51	94	0.738667
51	97	0.738321
51	99	0.775581
51	106	0.76594
51	112	0.756537
51	118	0.750653
51	129	0.73966
51	132	0.746002
51	148	0.7649
51	149	2.34243
51	155	0.745213
51	163	2.93597
51	166	0.650431
51	172	3.26242
51	180	0.686336
52	46	0.859428
52	65	1.53687
52	82	0.813124
52	116	0.808531
52	117	2.28825
52	125	0.815073
52	131	0.786617
52	132	0.797922
52	136	0.78186
52	146	0.819238
52	148	0.81682
52	150	1.13977
52	155	0.797133
52	171	0.753083
52	175	0.752678
52	178	4.23739
53	32	0.75071
53	39	0.744922
53	44	0.73386
53	78	0.767172
53	83	0.748765
53	86	0.741046
53	96	0.721178
53	121	0.727415
53	124	0.751308
53	130	0.764808
53	134	0.752264
53	135	0.726773
53	165	2.66842
53	167	2.49597
53	168	3.3385
53	180	0.672798
54	31	0.755825
54	32	0.751823
54	41	0.747886
54	44	0.734973
54	86	0.742159
54	96	0.722291
54	119	0.748313
54	124	0.752421
54	129	0.727235
54	130	0.765921
54	134	0.753377
54	135	0.727886
54	142	3.28279
54	170	2.74585
54	175	2.43609
54	180	0.673911
55	2	0.508075
55	84	0.636027
55	98	0.63633
55	99	0.642163
55	106	0.632523
55	129	0.606242
55	132	0.612585
55	146	0.633901
55	155	0.611796
55	158	0.635068
55	159	0.579613
55	171	0.567746
55	173	0.606097
55	177	0.597388
55	178	0.548102
55	179	0.550637
56	64	0.788091
56	86	0.749981
56	88	1.7678
56	106	1.07087
56	118	0.74605
56	120	0.742674
56	121	0.736349
56	126	0.772112
56	130	0.773743
56	134	0.761199
56	141	0.734265
56	148	1.58572
56	165	0.719748
56	168	0.706297
56	169	0.691063
56	180	0.681733
57	38	0.701229
57	84	1.64759
57	98	0.716895
57	119	0.707885
57	120	3.15615
57	127	0.600535
57	130	0.725493
57	135	0.687458
57	137	0.706765
57	143	0.695732
57	151	0.699947
57	152	0.718216
57	167	0.680683
57	172	0.663191
57	176	0.665916
57	180	0.633483
58	12	0.706606
58	29	0.70058
58	40	0.738027
58	60	0.71791
58	82	0.748113
58	101	2.34173
58	116	0.743519
58	125	0.750061
58	128	2.99837
58	131	0.721605
58	132	0.73291
58	136	0.716849
58	144	3.50239
58	146	0.754226
58	148	0.751809
58	155	0.732121
58	175	0.687666
59	36	0.734157
59	47	0.731541
59	48	0.732488
59	64	0.774333
59	79	0.710612
59	89	0.735786
59	90	0.731811
59	94	0.720307
59	97	0.71996
59	107	0.742457
59	111	0.745582
59	118	0.732292
59	120	0.728916
59	156	2.02807
59	176	2.20665
59	178	4.7211
59	180	0.667975
60	14	0.767695
60	23	0.703384
60	58	0.71791
60	73	0.756603
60	82	0.744205
60	116	0.739612
60	125	0.746154
60	131	0.717698
60	136	0.712941
60	146	0.750318
60	148	0.747901
60	155	0.728214
60	156	2.74558
60	160	0.685321
60	165	2.75009
60	170	3.40566
60	171	0.684164
61	14	3.09178
61	101	0.753413
61	104	0.705961
61	119	3.02486
61	153	0.699401
61	156	0.685118
61	157	0.666697
61	158	0.720835
61	165	0.6767
61	169	0.648016
61	170	0.65957
61	172	0.668394
61	173	0.691864
61	174	0.681926
61	176	0.671119
61	178	0.63387
61	179	0.636405
62	12	0.70935
62	29	0.703325
62	40	0.740771
62	42	0.729733
62	82	0.750857
62	116	0.746263
62	125	0.752806
62	127	0.64304
62	131	0.724349
62	132	0.735655
62	136	0.719593
62	146	0.75697
62	147	2.54802
62	148	0.754553
62	155	0.734866
62	159	3.1187
62	162	3.28233
63	4	0.796584
63	11	1.25473
63	44	2.37427
63	64	0.811528
63	99	0.96012
63	104	0.817618
63	149	0.82164
63	156	0.796775
63	162	0.783749
63	164	0.756513
63	167	0.797543
63	168	0.774907
63	169	0.759673
63	170	0.771227
63	172	0.780051
63	177	0.794813
63	179	0.748062
64	1	0.759612
64	36	0.79721
64	48	0.79554
64	56	0.788091
64	59	0.774333
64	63	0.811528
64	90	0.794864
64	94	0.783359
64	95	0.777712
64	108	0.799785
64	111	0.808635
64	112	0.801229
64	120	0.791969
64	150	1.8513
64	176	2.43448
64	179	3.77872
64	180	0.731028
65	22	0.812205
65	52	1.53687
65	102	1.34235
65	130	2.50694
65	139	0.66313
65	140	0.77283
65	142	0.709605
65	149	0.762859
65	158	0.773712
65	164	0.697733
65	168	0.716127
65	169	0.700892
65	170	0.712446
65	172	0.72127
65	173	0.744741
65	176	0.723995
65	179	0.689281
66	78	0.783752
66	87	0.291596
66	94	2.29372
66	99	0.778623
66	106	0.768983
66	134	0.768844
66	135	0.743353
66	136	2.14681
66	152	0.774111
66	156	0.73581
66	160	0.705363
66	164	0.695549
66	166	0.653473
66	171	0.704206
66	172	0.719086
66	178	0.684562
66	180	0.689378
67	43	0.785735
67	45	0.83429
67	50	0.783506
67	93	0.819821
67	115	0.792687
67	121	0.782287
67	123	0.804594
67	137	0.800953
67	143	0.789919
67	145	0.780139
67	151	0.794135
67	158	1.5438
67	160	3.40045
67	166	0.691766
67	170	2.77641
67	173	1.93934
67	175	0.742093
68	19	0.780284
68	26	0.688932
68	113	0.719941
68	115	0.754665
68	123	0.766572
68	127	0.656701
68	137	0.762931
68	138	2.18622
68	143	0.751897
68	145	0.742117
68	150	0.748558
68	151	0.756113
68	154	2.79024
68	157	0.71766
68	166	0.653744
68	175	0.704071
68	180	3.8723
69	47	0.77624
69	79	0.75531
69	86	0.780921
69	105	2.19102
69	108	0.78143
69	118	0.77699
69	120	0.773614
69	130	0.804684
69	131	0.761035
69	134	0.792139
69	135	0.766649
69	136	0.756278
69	146	0.793656
69	155	0.771551
69	159	2.85717
69	167	2.31727
69	177	2.64727
69	180	0.712674
70	111	0.725285
70	116	1.40989
70	131	0.998807
70	144	0.775453
70	155	1.36616
70	158	0.82444
70	162	0.775696
70	163	0.772272
70	164	0.748461
70	165	0.780305
70	167	0.78949
70	168	0.766855
70	169	0.75162
70	170	0.763174
70	174	0.78553
70	177	0.78676
70	178	0.737474
70	179	0.740009
71	19	0.812337
71	25	0.808187
71	26	0.720985
71	37	0.779434
71	38	0.789448
71	50	0.777537
71	113	0.751994
71	123	0.798625
71	137	0.794984
71	138	1.25963
71	143	0.78395
71	145	0.77417
71	151	0.788166
71	161	4.20449
71	166	0.685797
71	172	2.7014
71	173	1.87899
71	175	0.736124
72	128	0.740451
72	136	1.88741
72	139	0.663967
72	148	1.44497
72	155	1.918
72	158	0.774548
72	159	0.719093
72	162	0.725805
72	165	0.730413
72	166	0.656494
72	167	0.739599
72	168	0.716963
72	169	0.701729
72	172	0.722107
72	173	0.745577
72	174	0.735639
72	177	0.736868
72	179	0.690118
73	14	0.810296
73	40	0.77672
73	46	0.833109
73	60	0.756603
73	104	1.70633
73	125	0.788754
73	131	0.760298
73	132	0.771603
73	136	0.755541
73	146	0.792919
73	148	0.790501
73	154	0.741767
73	155	0.770814
73	167	2.11882
73	168	2.96135
73	171	0.726764
73	175	0.726359
73	180	3.17648
74	3	0.702476
74	8	0.806128
74	17	0.760112
74	34	0.742112
74	75	0.757175
74	84	0.7419
74	88	0.721895
74	91	4.06773
74	99	0.748037
74	104	1.97389
74	106	0.738396
74	109	0.717251
74	117	0.668274
74	150	0.717701
74	154	0.688622
74	166	0.622887
74	171	0.673619
74	172	3.19974
75	8	0.87039
75	17	0.824374
75	22	0.757053
75	34	0.806374
75	74	0.757175
75	84	0.806162
75	88	0.786157
75	99	0.812299
75	103	2.18383
75	106	0.802658
75	109	0.781513
75	142	3.57252
75	150	0.781963
75	154	0.752884
75	165	2.38
75	166	0.687149
75	171	0.737881
76	24	0.729469
76	31	0.797635
76	39	0.787845
76	41	0.789697
76	78	0.810095
76	83	0.791688
76	86	0.783969
76	92	1.03952
76	96	0.764101
76	119	0.790123
76	130	0.807731
76	134	0.795187
76	160	0.731706
76	161	0.708859
76	173	1.87236
76	174	2.34774
76	178	4.74238
76	180	0.715721
77	19	1.4555
77	30	0.774612
77	81	0.78078
77	96	1.61957
77	114	0.799425
77	126	0.82982
77	137	1.06942
77	145	0.968175
77	163	0.769423
77	164	0.745611
77	165	0.777455
77	167	0.786641
77	172	0.769149
77	176	0.771874
77	177	0.783911
77	178	0.734625
77	179	0.73716
77	180	0.739441
78	41	0.793019
78	49	1.67167
78	53	0.767172
78	66	0.783752
78	76	0.810095
78	83	0.795011
78	96	0.767424
78	100	1.43133
78	117	0.728526
78	124	0.797553
78	130	0.811054
78	134	0.798509
78	135	0.773019
78	157	0.747055
78	161	0.712181
78	165	2.87831
78	175	3.22413
78	180	0.719044
79	20	0.693956
79	30	2.77221
79	48	0.731819
79	59	0.710612
79	69	0.75531
79	90	0.731143
79	94	0.719638
79	95	0.713991
79	107	0.741788
79	108	0.736063
79	111	0.744914
79	112	0.737508
79	118	0.731624
79	120	0.728248
79	140	2.29806
79	154	3.41925
79	161	0.660445
79	180	0.667307
80	7	0.692531
80	20	2.96001
80	46	1.89867
80	110	0.743531
80	122	0.789205
80	141	0.741836
80	144	0.722467
80	148	1.70955
80	163	0.719286
80	164	0.695474
80	168	0.713868
80	171	0.704132
80	172	0.719012
80	174	0.732544
80	176	0.721737
80	177	0.733774
80	178	0.684488
80	179	0.687023
81	3	3.23286
81	23	2.44179
81	77	0.78078
81	92	0.747379
81	114	0.725993
81	130	1.25612
81	152	0.750742
81	156	0.712441
81	158	0.748159
81	162	0.699415
81	167	0.713209
81	168	0.690574
81	170	0.686893
81	173	0.719188
81	174	0.709249
81	175	0.680432
81	177	0.710479
81	178	0.661193
81	179	0.663728
82	9	0.745432
82	15	4.41667
82	40	0.764322
82	42	0.753284
82	52	0.813124
82	58	0.748113
82	60	0.744205
82	62	0.750857
82	116	0.769814
82	125	0.776356
82	131	0.7479
82	132	0.759206
82	136	0.743144
82	146	0.780521
82	148	0.778104
82	155	0.758416
82	172	0.91901
82	175	0.713962
82	178	2.96662
83	5	1.16464
83	31	0.782551
83	44	0.761698
83	53	0.748765
83	76	0.791688
83	78	0.795011
83	86	0.768884
83	96	0.749017
83	101	0.999544
83	124	0.779147
83	129	0.753961
83	130	0.792647
83	134	0.780102
83	135	0.754612
83	157	0.728648
83	160	0.716621
83	171	2.75512
83	178	4.74442
83	180	0.700637
84	8	0.855115
84	17	0.809099
84	34	0.791099
84	55	0.636027
84	57	1.64759
84	74	0.7419
84	75	0.806162
84	88	0.770882
84	99	0.797024
84	102	0.796244
84	106	0.787383
84	117	0.717262
84	127	5.60428
84	150	0.766688
84	152	1.28747
84	154	0.737609
84	160	1.91262
84	166	0.671874
84	171	0.722606
85	1	0.72104
85	11	0.814224
85	48	0.756968
85	89	0.760267
85	90	0.756292
85	94	0.744787
85	95	0.73914
85	97	0.744441
85	100	0.787728
85	108	0.761212
85	111	0.770063
85	112	0.762656
85	118	0.756772
85	120	0.753397
85	153	2.08497
85	161	0.685593
85	171	3.20684
85	174	2.80151
85	176	2.6817
85	180	0.692456
86	24	0.706666
86	32	0.770829
86	39	0.765041
86	53	0.741046
86	54	0.742159
86	56	0.749981
86	69	0.780921
86	76	0.783969
86	83	0.768884
86	96	0.741298
86	114	2.19435
86	124	0.771427
86	130	0.784928
86	134	0.772383
86	157	0.720929
86	160	0.708902
86	164	3.68122
86	173	2.23056
86	174	2.70594
86	180	0.692917
87	19	0.828172
87	26	0.73682
87	37	0.795268
87	38	0.805282
87	45	0.844156
87	50	0.793372
87	66	0.291596
87	93	0.829687
87	115	0.802552
87	123	0.81446
87	129	1.94171
87	137	0.810819
87	143	0.799785
87	145	0.790005
87	150	0.796446
87	151	0.804001
87	161	3.40433
87	175	0.751959
87	177	1.41788
87	178	3.94885
88	8	0.835109
88	17	0.789093
88	34	0.771093
88	51	0.749439
88	56	1.7678
88	74	0.721895
88	75	0.786157
88	84	0.770882
88	99	0.777018
88	102	0.776238
88	106	0.767377
88	109	0.746232
88	117	0.697256
88	150	0.746682
88	152	2.01121
88	154	0.717603
88	166	0.651868
88	171	0.702601
88	175	3.201
88	176	3.02925
89	11	0.81425
89	27	1.01732
89	48	0.756993
89	59	0.735786
89	85	0.760267
89	90	0.756317
89	94	0.744812
89	95	0.739165
89	107	0.766963
89	108	0.761238
89	111	0.770088
89	112	0.762682
89	118	0.756798
89	120	0.753422
89	121	0.747097
89	142	3.64856
89	158	1.87899
89	161	0.685619
89	169	3.58019
89	180	0.692481
90	3	0.73219
90	20	0.715155
90	35	2.10887
90	36	0.754688
90	59	0.731811
90	64	0.794864
90	79	0.731143
90	85	0.756292
90	89	0.756317
90	94	0.740837
90	95	0.73519
90	97	0.740491
90	107	0.762988
90	108	0.757263
90	111	0.766113
90	112	0.758707
90	152	1.7972
90	161	0.681644
90	169	3.76532
90	177	2.79872
90	180	0.688506
91	7	0.629604
91	74	4.06773
91	98	0.709789
91	106	3.66713
91	138	0.715799
91	142	0.644419
91	147	0.69628
91	153	0.687092
91	157	0.654388
91	159	0.653071
91	162	0.659783
91	164	0.632548
91	165	0.664392
91	167	0.673577
91	172	0.656085
91	173	0.679555
91	174	0.669617
91	176	0.65881
91	177	0.670847
91	178	0.621561
91	179	0.624096
92	18	2.50449
92	76	1.03952
92	81	0.747379
92	97	2.38519
92	115	1.14563
92	139	0.677608
92	142	0.724082
92	144	0.739203
92	147	0.775943
92	152	0.790772
92	153	0.766755
92	156	0.752472
92	162	0.739446
92	165	0.744054
92	167	0.75324
92	170	0.726923
92	173	0.759218
92	174	0.74928
92	177	0.750509
92	178	0.701223
92	179	0.703759
93	6	1.63781
93	13	0.809755
93	26	0.716104
93	38	0.784566
93	45	0.823439
93	67	0.819821
93	87	0.829687
93	102	0.805285
93	113	0.747113
93	115	0.781836
93	121	0.771436
93	123	0.793743
93	143	0.779069
93	145	0.769288
93	150	0.775729
93	151	0.783284
93	153	1.82499
93	166	0.680915
93	168	2.91772
93	173	2.06615
93	175	0.731243
93	180	3.13285
94	1	0.705586
94	21	0.777516
94	51	0.738667
94	59	0.720307
94	64	0.783359
94	66	2.29372
94	79	0.719638
94	85	0.744787
94	89	0.744812
94	90	0.740837
94	95	0.723685
94	97	0.728986
94	108	0.745758
94	111	0.754608
94	112	0.747202
94	118	0.741318
94	120	0.737942
94	140	1.94441
94	149	2.98338
94	161	0.670139
94	175	3.60827
94	180	0.677001
95	11	0.793122
95	20	0.698003
95	21	0.771869
95	47	0.73492
95	48	0.735866
95	64	0.777712
95	79	0.713991
95	85	0.73914
95	89	0.739165
95	90	0.73519
95	94	0.723685
95	103	1.62828
95	107	0.745835
95	108	0.74011
95	111	0.748961
95	118	0.735671
95	120	0.732295
95	122	1.27646
95	127	6.79572
95	161	0.664491
95	174	2.11834
95	180	0.671354
96	24	0.686798
96	31	0.754964
96	32	0.750962
96	39	0.745174
96	53	0.721178
96	54	0.722291
96	76	0.764101
96	77	1.61957
96	78	0.767424
96	83	0.749017
96	86	0.741298
96	119	0.747452
96	124	0.75156
96	130	0.76506
96	134	0.752515
96	135	0.727025
96	157	0.701061
96	160	0.689035
96	161	0.666188
96	167	2.77121
96	174	3.23754
96	175	3.28948
97	1	0.705239
97	21	0.77717
97	36	0.742837
97	47	0.740221
97	48	0.741168
97	51	0.738321
97	59	0.71996
97	85	0.744441
97	90	0.740491
97	92	2.38519
97	94	0.728986
97	107	0.751137
97	108	0.745412
97	111	0.754262
97	112	0.746856
97	114	3.18183
97	118	0.740972
97	120	0.737596
97	141	2.4132
97	158	2.82249
97	161	0.669793
97	180	0.676655
98	41	1.9087
98	55	0.63633
98	57	0.716895
98	91	0.709789
98	131	1.75022
98	136	2.08699
98	139	0.67965
98	140	0.789349
98	141	0.760613
98	143	1.44689
98	164	0.714252
98	167	0.755281
98	168	0.732646
98	169	0.717412
98	170	0.728965
98	171	0.722909
98	172	0.737789
98	173	0.76126
98	174	0.751321
98	175	0.722504
98	177	0.752551
98	178	0.703265
98	179	0.7058
99	3	0.757599
99	8	0.861251
99	17	0.815235
99	27	0.970283
99	34	0.797235
99	51	0.775581
99	55	0.642163
99	63	0.96012
99	66	0.778623
99	74	0.748037
99	75	0.812299
99	84	0.797024
99	88	0.777018
99	102	0.80238
99	106	0.79352
99	117	0.723398
99	150	0.772824
99	154	0.743745
99	166	0.67801
99	169	3.53315
99	171	0.728743
99	177	2.56655
99	180	3.29421
100	18	2.07185
100	36	0.786124
100	44	2.37617
100	78	1.43133
100	85	0.787728
100	107	0.794424
100	111	0.797549
100	112	0.790143
100	119	0.752739
100	124	1.1984
100	131	0.768303
100	136	0.763547
100	146	0.800924
100	148	0.798507
100	155	0.77882
100	163	0.749924
100	168	0.744506
100	171	0.73477
100	172	0.74965
100	176	0.752375
100	177	0.764412
100	179	0.717661
100	180	0.719942
101	7	0.742624
101	11	1.64724
101	38	1.45672
101	58	2.34173
101	61	0.753413
101	83	0.999544
101	110	0.793624
101	133	0.760078
101	141	0.791929
101	142	0.757439
101	144	0.77256
101	152	0.82413
101	155	2.08977
101	163	0.769379
101	169	0.748727
101	170	0.760281
101	172	0.769105
101	173	0.792575
101	174	0.782637
101	176	0.77183
101	178	0.734581
101	179	0.737116
101	180	0.739397
102	65	1.34235
102	84	0.796244
102	88	0.776238
102	93	0.805285
102	99	0.80238
102	106	0.792739
102	114	1.13665
102	115	0.77815
102	123	0.790058
102	124	0.791645
102	134	0.7926
102	135	0.76711
102	137	0.786417
102	139	6.63042
102	145	0.765603
102	151	0.779599
102	156	1.34985
102	157	0.741146
102	159	1.72181
102	160	0.729119
102	161	0.706272
102	166	0.67723
102	171	0.727962
103	5	0.748642
103	30	0.723733
103	48	2.84064
103	75	2.18383
103	95	1.62828
103	140	0.769829
103	141	0.741093
103	151	1.81129
103	152	0.773294
103	153	0.749276
103	156	0.734993
103	159	0.715255
103	163	0.718543
103	165	0.726576
103	170	0.709445
103	171	0.703389
103	173	0.74174
103	174	0.731801
103	176	0.720994
103	177	0.733031
103	178	0.683745
103	179	0.68628
103	180	0.688561
104	16	2.79986
104	61	0.705961
104	63	0.817618
104	73	1.70633
104	74	1.97389
104	128	0.739998
104	138	0.781368
104	139	0.663514
104	147	0.761849
104	148	2.08815
104	153	0.752661
104	159	0.71864
104	160	0.70793
104	162	0.725352
104	163	0.721928
104	167	0.739146
104	168	0.71651
104	169	0.701276
104	170	0.712829
104	172	0.721654
104	177	0.736415
104	178	0.687129
104	179	0.689665
105	13	1.52074
105	69	2.19102
105	124	2.34669
105	133	0.704046
105	138	0.772787
105	140	0.764633
105	142	0.701407
105	143	2.17676
105	147	0.753268
105	149	0.754662
105	158	0.765514
105	159	0.710059
105	162	0.716771
105	163	0.713347
105	164	0.689535
105	165	0.721379
105	168	0.707929
105	169	0.692695
105	170	0.704249
105	174	0.726605
105	176	0.715798
105	177	0.727835
105	178	0.678549
105	179	0.681084
106	3	0.747959
106	8	0.851611
106	17	0.805595
106	34	0.787595
106	51	0.76594
106	55	0.632523
106	56	1.07087
106	66	0.768983
106	74	0.738396
106	75	0.802658
106	84	0.787383
106	88	0.767377
106	91	3.66713
106	99	0.79352
106	102	0.792739
106	109	0.762734
106	117	0.713757
106	150	0.763184
106	154	0.734105
106	158	1.5812
106	166	0.66837
106	171	0.719102
106	176	2.33231
106	180	3.04345
107	11	0.82092
107	20	0.725801
107	21	0.799667
107	36	0.765334
107	59	0.742457
107	79	0.741788
107	89	0.766963
107	90	0.762988
107	95	0.745835
107	97	0.751137
107	100	0.794424
107	108	0.767908
107	111	0.776759
107	112	0.769352
107	118	0.763468
107	120	0.760092
107	121	0.753768
107	138	1.56832
107	147	2.16596
107	160	3.6488
107	161	0.692289
107	164	3.63835
107	173	2.18769
107	180	0.699152
108	4	1.67978
108	11	0.815195
108	20	0.720076
108	21	0.793942
108	47	0.756993
108	64	0.799785
108	69	0.78143
108	79	0.736063
108	85	0.761212
108	89	0.761238
108	90	0.757263
108	94	0.745758
108	95	0.74011
108	97	0.745412
108	107	0.767908
108	112	0.763627
108	118	0.757743
108	120	0.754367
108	121	0.748043
108	129	2.78792
108	133	3.12337
108	144	2.21084
108	172	2.74744
108	180	0.693427
109	38	0.750875
109	41	2.45213
109	74	0.717251
109	75	0.781513
109	88	0.746232
109	106	0.762734
109	112	1.39722
109	113	0.713422
109	115	0.748145
109	117	0.692612
109	130	2.03381
109	143	0.745378
109	145	0.735598
109	146	1.5895
109	151	0.749594
109	163	0.713111
109	164	0.6893
109	166	0.647224
109	167	0.730329
109	170	0.704013
109	171	0.697957
109	176	0.715562
109	178	0.678313
109	179	0.680848
110	27	0.783475
110	28	2.20542
110	42	2.26362
110	80	0.743531
110	101	0.793624
110	121	2.2984
110	134	1.41451
110	138	0.768319
110	142	0.696939
110	149	0.750194
110	152	0.763629
110	159	0.705591
110	162	0.712303
110	163	0.708879
110	166	0.642992
110	167	0.726097
110	170	0.69978
110	172	0.708605
110	173	0.732075
110	176	0.711329
110	177	0.723366
110	178	0.67408
110	179	0.676616
110	180	0.678896
111	1	0.730861
111	10	1.84419
111	20	0.728926
111	21	0.802792
111	59	0.745582
111	64	0.808635
111	70	0.725285
111	79	0.744914
111	85	0.770063
111	89	0.770088
111	90	0.766113
111	94	0.754608
111	95	0.748961
111	97	0.754262
111	100	0.797549
111	107	0.776759
111	112	0.772478
111	118	0.766594
111	120	0.763218
111	157	3.13135
111	161	0.695415
111	170	3.16083
111	175	2.85108
111	180	0.702277
112	1	0.723455
112	11	0.816639
112	20	0.72152
112	48	0.759383
112	51	0.756537
112	64	0.801229
112	79	0.737508
112	85	0.762656
112	89	0.762682
112	90	0.758707
112	94	0.747202
112	97	0.746856
112	100	0.790143
112	107	0.769352
112	108	0.763627
112	109	1.39722
112	111	0.772478
112	118	0.759187
112	120	0.755812
112	133	2.89918
112	164	3.15151
112	169	3.0065
112	177	2.0399
112	180	0.694871
113	13	0.747897
113	18	0.762849
113	38	0.722708
113	43	0.713026
113	45	0.761582
113	50	0.710798
113	68	0.719941
113	71	0.751994
113	93	0.747113
113	109	0.713422
113	115	0.719978
113	121	0.709579
113	123	0.731885
113	137	0.728244
113	143	0.717211
113	145	0.707431
113	150	0.713871
113	151	0.721427
113	157	0.682974
113	163	2.76232
113	166	0.619058
113	168	3.11795
113	177	2.60542
113	179	3.96618
114	77	0.799425
114	81	0.725993
114	86	2.19435
114	97	3.18183
114	102	1.13665
114	122	0.784555
114	133	0.705335
114	140	0.765922
114	144	0.717817
114	148	2.45539
114	156	0.731086
114	159	0.711348
114	163	0.714636
114	164	0.690824
114	168	0.709218
114	169	0.693984
114	170	0.705538
114	172	0.714362
114	173	0.737832
114	176	0.717087
114	177	0.729124
114	178	0.679838
114	179	0.682373
114	180	0.684654
115	18	0.797572
115	25	0.776171
115	37	0.747417
115	43	0.747749
115	67	0.792687
115	68	0.754665
115	87	0.802552
115	92	1.14563
115	93	0.781836
115	102	0.77815
115	109	0.748145
115	113	0.719978
115	123	0.766609
115	127	0.656737
115	137	0.762968
115	143	0.751934
115	145	0.742154
115	150	0.748595
115	151	0.75615
115	154	1.96312
115	157	0.717697
115	160	3.43958
115	164	3.42913
115	166	0.653781
115	171	2.85919
116	5	2.29859
116	23	0.728993
116	33	0.773299
116	35	0.772341
116	46	0.816117
116	52	0.808531
116	58	0.743519
116	60	0.739612
116	62	0.746263
116	70	1.40989
116	82	0.769814
116	125	0.771763
116	127	0.661997
116	131	0.743306
116	132	0.754612
116	136	0.73855
116	146	0.775927
116	148	0.77351
116	153	2.76721
116	155	0.753822
116	158	2.61282
116	160	0.71093
116	171	0.709773
116	173	3.00837
116	175	0.709368
117	52	2.28825
117	74	0.668274
117	78	0.728526
117	84	0.717262
117	88	0.697256
117	99	0.723398
117	106	0.713757
117	109	0.692612
117	119	0.708554
117	130	0.726163
117	134	0.713618
117	135	0.688128
117	137	3.13288
117	143	3.21483
117	150	0.693062
117	160	0.650137
117	162	0.667559
117	164	0.640323
117	170	0.655037
117	171	0.64898
117	174	0.677393
117	175	0.648575
117	177	0.678622
117	178	0.629336
117	180	0.634153
118	21	0.789502
118	36	0.755169
118	47	0.752553
118	48	0.753499
118	51	0.750653
118	56	0.74605
118	59	0.732292
118	69	0.77699
118	79	0.731624
118	85	0.756772
118	89	0.756798
118	94	0.741318
118	95	0.735671
118	97	0.740972
118	107	0.763468
118	108	0.757743
118	111	0.766594
118	112	0.759187
118	121	0.743603
118	126	1.94729
118	154	2.63381
118	156	2.82615
118	157	3.45676
118	173	2.64917
118	180	0.688987
119	24	0.71282
119	31	0.780985
119	32	0.776983
119	39	0.771195
119	41	0.773047
119	44	0.760133
119	54	0.748313
119	57	0.707885
119	61	3.02486
119	76	0.790123
119	96	0.747452
119	100	0.752739
119	117	0.708554
119	121	0.753688
119	124	0.777581
119	129	0.752395
119	130	0.791082
119	134	0.778537
119	135	0.753047
119	157	0.727083
119	161	0.692209
119	168	2.8698
119	171	2.89893
119	175	2.54554
119	180	0.699071
120	1	0.714195
120	3	0.729295
120	21	0.786126
120	36	0.751793
120	56	0.742674
120	57	3.15615
120	59	0.728916
120	64	0.791969
120	69	0.773614
120	79	0.728248
120	85	0.753397
120	89	0.753422
120	94	0.737942
120	95	0.732295
120	97	0.737596
120	107	0.760092
120	108	0.754367
120	111	0.763218
120	112	0.755812
120	121	0.740227
120	126	1.25819
120	157	2.76766
120	161	0.678748
120	162	2.67265
120	164	3.41073
120	180	0.685611
121	18	0.787173
121	21	0.779801
121	44	0.740348
121	47	0.742852
121	53	0.727415
121	56	0.736349
121	67	0.782287
121	89	0.747097
121	93	0.771436
121	107	0.753768
121	108	0.748043
121	110	2.2984
121	113	0.709579
121	118	0.743603
121	119	0.753688
121	120	0.740227
121	124	0.757796
121	135	0.733261
121	140	1.33664
121	143	0.741535
121	145	0.731754
121	149	2.37561
121	163	2.96914
121	175	0.693709
121	179	4.173
121	180	0.679286
122	40	2.20027
122	42	2.07192
122	80	0.789205
122	95	1.27646
122	114	0.784555
122	139	0.696139
122	144	0.757734
122	146	1.52664
122	151	1.45947
122	156	0.771003
122	158	0.80672
122	159	0.751265
122	165	0.762585
122	166	0.688666
122	168	0.749135
122	169	0.733901
122	170	0.745455
122	171	0.739398
122	172	0.754279
122	173	0.777749
122	174	0.767811
122	176	0.757004
122	178	0.719754
122	179	0.72229
122	180	0.724571
123	13	0.794528
123	19	0.792228
123	25	0.788078
123	38	0.769339
123	43	0.759656
123	45	0.808212
123	50	0.757428
123	67	0.804594
123	68	0.766572
123	71	0.798625
123	87	0.81446
123	93	0.793743
123	102	0.790058
123	113	0.731885
123	115	0.766609
123	127	0.668645
123	128	1.7888
123	133	3.20535
123	143	0.763841
123	145	0.754061
123	149	1.90944
123	151	0.768057
123	157	0.729604
123	166	0.665688
123	167	2.01607
123	172	2.82942
123	175	0.716015
123	179	3.70683
124	10	0.753194
124	16	0.718442
124	24	0.716928
124	32	0.781091
124	39	0.775304
124	41	0.777155
124	44	0.764241
124	53	0.751308
124	54	0.752421
124	78	0.797553
124	83	0.779147
124	86	0.771427
124	96	0.75156
124	100	1.1984
124	102	0.791645
124	105	2.34669
124	119	0.777581
124	121	0.757796
124	130	0.79519
124	134	0.782645
124	135	0.757155
124	153	2.22272
124	157	0.731191
124	160	0.719164
124	161	0.696318
124	162	3.17646
124	165	2.64538
124	177	2.80293
124	180	0.70318
125	12	0.73485
125	23	0.735535
125	28	0.783086
125	29	0.728824
125	33	0.779842
125	42	0.755232
125	52	0.815073
125	58	0.750061
125	60	0.746154
125	62	0.752806
125	73	0.788754
125	82	0.776356
125	116	0.771763
125	129	0.754811
125	131	0.749849
125	132	0.761154
125	136	0.745092
125	146	0.78247
125	148	0.780052
125	149	1.19804
125	155	0.760365
125	156	1.4726
125	160	0.717472
125	161	3.62111
125	166	5.36614
125	167	1.30466
125	171	0.716315
125	175	0.71591
125	179	2.99542
126	32	1.99935
126	37	1.6719
126	56	0.772112
126	77	0.82982
126	118	1.94729
126	120	1.25819
126	127	0.6821
126	128	0.763102
126	137	1.51013
126	140	0.796317
126	141	0.767581
126	144	0.748212
126	149	0.786346
126	152	0.799781
126	155	2.26276
126	158	0.797198
126	162	0.748455
126	163	0.745031
126	164	0.721219
126	165	0.753063
126	166	0.679144
126	168	0.739613
126	169	0.724379
126	170	0.735933
126	171	0.729876
126	172	0.744757
126	173	0.768227
126	176	0.747482
126	178	0.710232
126	179	0.712768
127	38	0.659467
127	46	0.712894
127	57	0.600535
127	62	0.64304
127	68	0.656701
127	84	5.60428
127	95	6.79572
127	115	0.656737
127	116	0.661997
127	123	0.668645
127	126	0.6821
127	136	0.635326
127	137	0.665004
127	143	0.65397
127	145	0.64419
127	146	0.672704
127	148	0.670286
127	151	0.658186
127	155	0.650599
127	158	0.673871
127	160	0.607706
127	161	0.584859
127	162	0.625128
127	164	0.597892
127	165	0.629736
127	168	0.616286
127	169	0.601052
127	172	0.62143
127	174	0.634962
127	176	0.624155
127	179	0.589441
128	5	0.732804
128	27	0.777301
128	58	2.99837
128	72	0.740451
128	104	0.739998
128	123	1.7888
128	126	0.763102
128	129	0.726046
128	133	0.693404
128	137	1.99378
128	138	0.762145
128	145	1.89254
128	147	0.742626
128	151	1.60774
128	158	0.754872
128	159	0.699417
128	162	0.706129
128	163	0.702705
128	164	0.678893
128	165	0.710737
128	167	0.719923
128	168	0.697287
128	169	0.682053
128	170	0.693607
128	172	0.702431
128	173	0.725901
128	175	0.687145
128	176	0.705156
128	177	0.717193
128	178	0.667906
128	179	0.670442
129	21	2.23211
129	31	0.759907
129	47	3.46335
129	50	1.5749
129	51	0.73966
129	54	0.727235
129	55	0.606242
129	83	0.753961
129	87	1.94171
129	108	2.78792
129	119	0.752395
129	125	0.754811
129	128	0.726046
129	134	0.757459
129	135	0.731969
129	136	0.721598
129	141	0.730526
129	146	0.758976
129	148	0.756558
129	154	0.707824
129	155	0.736871
129	161	0.671131
129	162	0.7114
129	165	0.716008
129	171	0.692821
129	173	0.731172
129	175	0.692416
129	176	0.710427
129	179	0.675713
129	180	0.677994
130	16	0.731942
130	24	0.730428
130	31	0.798594
130	32	0.794592
130	39	0.788804
130	44	0.777742
130	53	0.764808
130	54	0.765921
130	56	0.773743
130	57	0.725493
130	65	2.50694
130	69	0.804684
130	76	0.807731
130	78	0.811054
130	81	1.25612
130	83	0.792647
130	86	0.784928
130	96	0.76506
130	109	2.03381
130	117	0.726163
130	119	0.791082
130	124	0.79519
130	134	0.796145
130	135	0.770655
130	141	1.53261
130	157	0.744691
130	160	0.732665
130	161	0.709818
130	167	2.3465
130	172	3.15985
130	176	2.69301
130	180	0.71668
131	14	0.77139
131	23	0.707079
131	28	0.75463
131	33	0.751385
131	35	0.750427
131	40	0.737814
131	46	0.794203
131	52	0.786617
131	58	0.721605
131	60	0.717698
131	62	0.724349
131	69	0.761035
131	70	0.998807
131	73	0.760298
131	82	0.7479
131	98	1.75022
131	100	0.768303
131	116	0.743306
131	125	0.749849
131	132	0.732698
131	136	0.716636
131	146	0.754013
131	148	0.751596
131	154	0.702862
131	155	0.731908
131	160	0.689016
131	165	2.77878
131	171	0.687859
131	172	3.41969
131	175	0.687454
131	176	2.95285
131	180	3.66399
132	3	0.728021
132	12	0.717699
132	14	0.782695
132	16	0.699598
132	23	0.718384
132	29	0.711673
132	33	0.762691
132	40	0.749119
132	42	0.738081
132	46	0.805509
132	51	0.746002
132	52	0.797922
132	55	0.612585
132	58	0.73291
132	62	0.735655
132	73	0.771603
132	82	0.759206
132	116	0.754612
132	125	0.761154
132	131	0.732698
132	144	2.41608
132	146	0.765319
132	147	2.10855
132	148	0.762901
132	150	1.90268
132	152	1.46782
132	154	0.714167
132	155	0.743214
132	157	2.93787
132	166	6.20081
132	171	0.699164
132	175	0.698759
133	7	0.648578
133	22	0.765994
133	37	3.5721
133	101	0.760078
133	105	0.704046
133	108	3.12337
133	112	2.89918
133	114	0.705335
133	123	3.20535
133	128	0.693404
133	139	0.616919
133	140	0.726619
133	141	0.697883
133	142	0.663393
133	149	0.716648
133	150	0.70426
133	156	0.691783
133	159	0.672045
133	162	0.678757
133	163	0.675333
133	165	0.683365
133	167	0.692551
133	168	0.669915
133	169	0.654681
133	170	0.666235
133	172	0.675059
133	173	0.698529
133	174	0.688591
133	176	0.677784
133	177	0.68982
133	178	0.640534
133	179	0.64307
134	16	0.719397
134	22	0.147856
134	24	0.717884
134	32	0.782047
134	39	0.776259
134	41	0.778111
134	44	0.765197
134	53	0.752264
134	54	0.753377
134	56	0.761199
134	66	0.768844
134	69	0.792139
134	76	0.795187
134	78	0.798509
134	83	0.780102
134	86	0.772383
134	96	0.752515
134	102	0.7926
134	110	1.41451
134	117	0.713618
134	119	0.778537
134	124	0.782645
134	129	0.757459
134	130	0.796145
134	135	0.75811
134	157	0.732147
134	160	0.72012
134	166	5.65983
134	169	2.89495
134	171	2.47002
134	174	2.06468
134	175	2.11662
134	180	0.704135
135	10	0.728659
135	16	0.693907
135	31	0.760559
135	32	0.756557
135	39	0.750769
135	41	0.75262
135	44	0.739707
135	53	0.726773
135	54	0.727886
135	57	0.687458
135	66	0.743353
135	69	0.766649
135	78	0.773019
135	83	0.754612
135	96	0.727025
135	102	0.76711
135	117	0.688128
135	119	0.753047
135	121	0.733261
135	124	0.757155
135	129	0.731969
135	130	0.770655
135	134	0.75811
135	138	2.30266
