1	77	0.95411
1	88	1.01068
1	138	0.974036
1	144	1.02969
1	145	1.02937
1	149	1.03961
1	151	0.921933
1	152	1.0309
1	154	1.02476
1	172	0.977901
1	175	0.978645
1	178	1.035
2	14	0.980469
2	18	0.968929
2	33	1.01634
2	70	1.06272
2	79	1.02006
2	87	1.00455
2	98	1.05071
2	153	0.964689
2	156	0.958985
2	158	1.06515
2	173	0.966827
2	177	0.947296
3	38	1.01466
3	45	1.00076
3	54	1.02317
3	56	1.03005
3	60	1.10623
3	65	0.984728
3	92	1.04041
3	114	0.916031
3	154	0.950378
3	163	0.990436
3	171	0.967262
3	178	0.977269
4	7	1.11287
4	66	0.946349
4	113	1.0598
4	123	1.05534
4	126	0.987955
4	133	1.01875
4	142	1.03025
4	143	1.01704
4	156	0.911119
4	172	0.915636
4	173	1.03086
4	180	0.9203
5	36	1.05797
5	126	0.989276
5	133	1.02007
5	140	0.960197
5	142	1.03157
5	143	1.01836
5	147	0.978289
5	157	1.05056
5	172	0.962033
5	173	1.03218
5	175	0.962777
5	176	0.943127
6	68	1.0057
6	90	1.05717
6	144	1.02543
6	145	1.02511
6	149	1.03535
6	154	1.0205
6	170	0.94377
6	173	0.973772
6	174	0.97289
6	175	0.971192
6	178	1.03074
6	179	0.944762
7	4	1.11287
7	36	1.22346
7	82	1.25666
7	146	0.901913
7	152	1.2041
7	165	0.92031
7	169	0.899034
7	174	0.886751
7	176	0.900846
7	177	0.899797
7	179	0.904577
7	180	0.886773
8	27	0.978441
8	76	1.0471
8	82	1.01285
8	96	0.922215
8	115	1.04889
8	129	0.990373
8	130	1.0539
8	132	1.01372
8	139	1.0451
8	140	0.983027
8	150	0.923808
8	174	0.987305
9	14	0.986919
9	29	1.0725
9	51	0.974307
9	78	0.915209
9	79	1.02651
9	87	1.011
9	98	1.05716
9	110	1.01963
9	140	0.974162
9	158	1.0716
9	166	0.952266
9	178	0.942743
10	19	0.863951
10	80	1.0052
10	115	1.03824
10	117	1.01462
10	131	1.02391
10	132	1.00307
10	142	0.99945
10	158	0.910535
10	162	1.03168
10	165	1.05079
10	179	1.03505
10	180	1.01725
11	57	0.962158
11	83	1.07577
11	124	1.00629
11	130	1.04125
11	131	1.0219
11	132	1.00106
11	134	1.0156
11	148	1.01227
11	150	0.917342
11	162	0.956695
11	167	1.03813
11	169	0.95829
12	22	1.01858
12	35	1.03356
12	41	1.03577
12	67	0.87295
12	76	1.03626
12	78	1.03955
12	82	1.00202
12	129	1.01542
12	135	0.997964
12	139	1.03426
12	165	0.943388
12	178	0.976654
13	19	1.07723
13	49	1.02562
13	72	0.877678
13	73	0.944252
13	74	0.944252
13	75	0.948944
13	135	1.04145
13	136	0.943564
13	147	1.06965
13	153	1.05458
13	164	1.02063
13	168	1.03845
13	178	1.02014
14	2	0.980469
14	9	0.986919
14	69	0.989521
14	70	0.990696
14	79	0.948045
14	87	0.932531
14	98	0.978685
14	153	1.05052
14	158	0.993133
14	161	1.04999
14	172	1.04933
14	177	1.03313
14	179	1.02365
15	94	0.929915
15	128	1.00115
15	141	0.975198
15	145	0.961929
15	146	1.0393
15	148	1.09441
15	149	0.972171
15	154	0.957325
15	164	1.02777
15	167	0.977684
15	168	1.05822
15	176	1.04164
15	178	0.967558
16	20	1.10106
16	26	1.15367
16	36	0.97251
16	123	0.971201
16	128	0.972196
16	136	0.957302
16	142	0.946107
16	143	0.932901
16	164	1.00519
16	166	1.01422
16	171	0.994692
16	173	0.946723
16	175	1.0387
17	89	0.964137
17	112	0.995284
17	124	0.960622
17	131	0.976238
17	132	0.955399
17	134	0.96994
17	157	0.985911
17	159	1.03836
17	167	0.992468
17	170	1.03177
17	171	1.01519
17	173	1.06177
17	175	1.05919
18	2	0.968929
18	118	1.02865
18	126	1.09684
18	133	1.05876
18	144	1.04167
18	156	0.977639
18	170	0.991728
18	172	0.973127
18	174	0.964424
18	175	0.967867
18	176	0.978519
18	179	0.98225
18	180	0.964446
19	10	0.863951
19	13	1.07723
19	21	1.07352
19	72	1.05789
19	73	1.12446
19	74	1.12446
19	100	0.798501
19	127	0.860173
19	136	1.12377
19	161	0.908633
19	168	1.21866
19	171	0.864714
19	174	0.910418
20	16	1.10106
20	57	0.898236
20	104	1.13591
20	126	1.08037
20	137	1.12725
20	139	0.909856
20	142	1.12267
20	143	1.10946
20	151	0.858508
20	168	0.736754
20	170	0.887798
20	172	0.914476
20	173	1.12328
21	19	1.07352
21	49	1.02191
21	67	0.956232
21	73	0.940538
21	74	0.940538
21	75	0.94523
21	99	0.903677
21	136	0.939849
21	165	1.02667
21	168	1.03474
21	171	1.04993
21	173	1.09652
21	177	1.07698
22	12	1.01858
22	27	0.925097
22	41	0.993267
22	44	1.04904
22	53	0.920996
22	64	1.05775
22	76	0.993755
22	78	0.997042
22	82	0.95951
22	139	0.991751
22	160	1.0154
22	170	1.04176
22	179	1.04275
23	30	1.03982
23	32	1.17147
23	43	1.11482
23	45	1.10956
23	54	1.13197
23	56	1.13885
23	65	1.09353
23	129	0.882942
23	166	0.8537
23	174	0.879874
23	175	0.878177
23	177	0.861225
23	179	0.851746
24	87	1.04147
24	104	1.0301
24	121	1.01497
24	123	1.01481
24	126	1.09126
24	160	0.996197
24	163	0.971555
24	170	0.984655
24	171	0.982803
24	175	0.960794
24	176	0.971446
24	179	0.975177
24	180	0.957373
25	27	0.876764
25	28	1.01418
25	35	0.942725
25	41	0.944935
25	47	1.18296
25	53	0.872664
25	76	0.945423
25	78	0.948709
25	82	0.911177
25	135	1.12696
25	139	0.943419
25	150	1.07785
25	178	1.10565
25	179	1.11322
26	16	1.15367
26	71	1.07825
26	89	1.14867
26	122	1.14381
26	156	0.932049
26	158	1.07028
26	160	0.957679
26	161	0.93049
26	162	0.933287
26	164	0.936824
26	175	0.922276
26	177	0.931879
26	179	0.93666
26	180	0.918855
27	8	0.978441
27	22	0.925097
27	25	0.876764
27	28	1.01154
27	53	0.870018
27	64	1.17764
27	67	1.05138
27	76	0.942776
27	78	0.946063
27	82	0.908531
27	100	1.07886
27	102	1.10677
27	139	0.940773
27	153	1.18952
28	25	1.01418
28	27	1.01154
28	35	1.0775
28	41	1.07971
28	53	1.00744
28	76	1.0802
28	78	1.08348
28	82	1.04595
28	145	0.907827
28	150	0.904298
28	160	0.912313
28	161	0.96601
28	173	0.968678
28	176	0.946448
29	9	1.0725
29	51	0.981416
29	69	1.0751
29	70	1.07628
29	79	1.03362
29	87	1.01811
29	98	1.06426
29	110	0.982956
29	140	0.937487
29	146	0.918084
29	158	1.07871
29	169	0.919215
29	178	0.906067
29	180	0.943986
30	23	1.03982
30	32	0.954155
30	38	0.906151
30	43	0.897507
30	45	0.892244
30	54	0.914655
30	56	0.921534
30	60	0.997719
30	65	0.876216
30	100	1.05873
30	127	1.1204
30	164	1.13544
30	176	1.1493
30	179	1.14252
31	63	1.16025
31	114	1.09815
31	118	1.12304
31	127	0.947646
31	134	1.12452
31	155	1.08761
31	163	0.93297
31	169	0.931049
31	170	0.94607
31	175	0.922209
31	176	0.932861
31	177	0.931812
31	179	0.936593
31	180	0.918788
32	23	1.17147
32	30	0.954155
32	34	0.890362
32	38	1.0378
32	43	1.02916
32	45	1.02389
32	54	1.0463
32	60	1.12937
32	65	1.00786
32	96	0.902574
32	140	0.963386
32	169	0.945115
32	170	0.938544
32	175	0.965966
33	2	1.01634
33	46	1.02649
33	51	0.931708
33	69	1.02539
33	70	1.02657
33	79	0.983916
33	84	1.00411
33	86	1.01861
33	87	0.968403
33	98	1.01456
33	146	0.992904
33	151	0.958174
33	158	1.029
33	166	0.99041
33	180	1.01881
34	32	0.890362
34	47	1.06203
34	53	0.932977
34	69	1.03531
34	76	1.00574
34	78	1.00902
34	82	0.97149
34	87	0.978325
34	98	1.02448
34	136	0.984039
34	139	1.00373
34	148	1.05184
34	158	1.03893
34	163	0.997883
34	172	1.01797
35	12	1.03356
35	25	0.942725
35	28	1.0775
35	41	1.00825
35	53	0.935978
35	76	1.00874
35	78	1.01202
35	82	0.974491
35	117	0.97344
35	139	1.00673
35	148	1.0415
35	159	0.987535
35	175	1.00837
35	179	0.981937
35	180	1.01229
36	5	1.05797
36	7	1.22346
36	16	0.97251
36	63	0.99494
36	104	1.00736
36	122	1.01558
36	126	0.951824
36	128	1.02021
36	137	0.998697
36	143	0.98091
36	151	0.970266
36	156	1.02172
36	167	0.944582
36	168	0.848512
36	178	0.992979
37	49	1.05923
37	50	1.03924
37	57	0.993433
37	72	0.911284
37	73	0.977858
37	74	0.977858
37	75	0.98255
37	92	1.00276
37	110	1.05331
37	136	0.977169
37	146	0.988434
37	164	0.976905
37	168	1.07206
37	170	0.982995
37	173	1.013
38	3	1.01466
38	30	0.906151
38	32	1.0378
38	43	0.981151
38	54	0.998299
38	56	1.00518
38	60	1.08136
38	65	0.959859
38	66	1.04418
38	82	0.980071
38	92	1.01554
38	161	1.01412
38	163	0.993377
38	169	0.993358
38	178	0.98021
39	45	0.995986
39	50	0.940164
39	74	1.00378
39	102	0.990569
39	136	1.0382
39	142	1.02278
39	161	1.00204
39	163	1.00458
39	169	1.00266
39	174	0.99038
39	175	0.993823
39	176	1.00448
39	177	1.00343
39	179	1.00821
39	180	0.990403
40	81	1.04739
40	105	0.990356
40	107	0.928596
40	112	1.0076
40	123	0.972659
40	124	0.972938
40	130	1.0079
40	131	0.988554
40	134	0.982256
40	156	1.04601
40	157	0.998227
40	167	1.00478
40	169	1.03042
40	171	1.00727
40	178	1.01727
41	12	1.03577
41	22	0.993267
41	25	0.944935
41	28	1.07971
41	35	1.00825
41	53	0.938188
41	78	1.01423
41	82	0.976701
41	139	1.00894
41	140	1.03257
41	145	0.976875
41	151	0.978433
41	170	1.00772
41	178	1.00115
41	179	1.00872
42	66	1.04058
42	84	0.957578
42	86	1.01434
42	130	1.01501
42	132	0.974825
42	134	0.989366
42	145	0.996139
42	147	1.02612
42	149	1.00638
42	152	0.997667
42	154	0.991535
42	155	1.02374
42	157	1.00534
42	166	0.986134
42	170	0.983188
43	23	1.11482
43	30	0.897507
43	32	1.02916
43	38	0.981151
43	45	0.967244
43	54	0.989655
43	56	0.996534
43	60	1.07272
43	65	0.951216
43	91	0.976295
43	116	0.969105
43	150	0.989475
43	153	1.05172
43	154	0.990384
43	162	1.02883
44	22	1.04904
44	88	1.04805
44	130	0.978075
44	131	1.00984
44	154	1.01329
44	163	0.999489
44	166	1.00577
44	168	0.895711
44	170	1.01259
44	171	1.01074
44	174	0.985285
44	176	0.99938
44	177	0.998331
44	179	1.00311
44	180	0.985307
45	3	1.00076
45	23	1.10956
45	30	0.892244
45	32	1.02389
45	39	0.995986
45	43	0.967244
45	56	0.99127
45	60	1.06746
45	65	0.945952
45	84	0.964393
45	92	1.00163
45	138	1.01282
45	153	1.01787
45	169	0.996573
45	174	1.01912
46	33	1.02649
46	48	1.04585
46	117	0.951949
46	120	1.05142
46	122	0.965302
46	123	0.968932
46	136	0.955033
46	137	0.948419
46	142	0.943839
46	143	0.930632
46	153	0.945595
46	160	1.05214
46	166	1.08145
46	173	0.944454
46	175	1.10593
46	177	1.08897
47	25	1.18296
47	34	1.06203
47	49	0.965685
47	61	1.09552
47	105	0.958226
47	111	1.02894
47	123	1.05902
47	124	0.940808
47	134	0.950126
47	155	0.984499
47	167	0.972654
47	174	0.949739
47	176	0.963835
47	177	0.962786
47	179	0.967566
47	180	0.949762
48	46	1.04585
48	116	0.882267
48	119	1.10464
48	126	1.02743
48	128	1.09581
48	133	1.05823
48	135	0.951748
48	142	1.06972
48	143	1.05651
48	149	0.88901
48	153	1.07148
48	155	0.858655
48	170	0.937015
48	173	1.07034
48	177	0.947485
48	179	0.938007
49	13	1.02562
49	21	1.02191
49	37	1.05923
49	47	0.965685
49	50	1.13423
49	72	1.00628
49	75	1.07754
49	99	1.03599
49	136	1.07216
49	139	0.917007
49	147	0.937884
49	151	0.86566
49	159	0.90154
49	168	1.16705
49	174	0.924069
49	179	0.895942
50	37	1.03924
50	39	0.940164
50	49	1.13423
50	67	0.823899
50	72	0.986284
50	73	1.05286
50	74	1.05286
50	75	1.05755
50	91	0.886624
50	92	1.07776
50	101	0.910113
50	136	1.05217
50	138	0.956994
50	156	0.956341
50	168	1.14706
50	170	0.934181
51	9	0.974307
51	29	0.981416
51	33	0.931708
51	69	0.976909
51	70	0.978084
51	79	0.935433
51	84	0.955629
51	87	0.919919
51	98	0.966073
51	146	1.06466
51	158	0.980521
51	164	1.05313
51	166	1.06217
51	174	1.08834
51	175	1.08665
51	178	1.05265
52	111	1.04637
52	121	1.07661
52	124	1.11927
52	147	0.938461
52	149	1.07963
52	154	1.09417
52	164	0.962002
52	165	0.977571
52	166	0.964494
52	168	0.976594
52	170	0.971315
52	171	0.969463
52	172	0.952715
52	176	0.958107
52	179	0.961838
52	180	0.944034
53	22	0.920996
53	25	0.872664
53	27	0.870018
53	28	1.00744
53	34	0.932977
53	35	0.935978
53	41	0.938188
53	76	0.938676
53	77	1.14634
53	78	0.941962
53	82	0.90443
53	100	1.06066
53	139	0.936672
53	150	1.10908
53	174	1.17258
53	179	1.14445
53	180	1.1748
54	3	1.02317
54	23	1.13197
54	30	0.914655
54	32	1.0463
54	38	0.998299
54	43	0.989655
54	56	1.01368
54	60	1.08987
54	65	0.968364
54	92	1.02404
54	144	0.931496
54	161	0.988741
54	163	0.967996
54	173	0.991408
54	177	0.971877
54	179	0.962398
54	180	0.992748
55	81	1.06721
55	84	0.954393
55	112	1.02742
55	114	1.03239
55	124	0.992761
55	130	1.02772
55	131	1.00838
55	132	0.987537
55	134	1.00208
55	138	1.00282
55	146	0.985442
55	150	0.945625
55	155	1.03645
55	157	1.01805
55	159	0.986592
55	160	0.95364
55	179	0.980994
56	3	1.03005
56	23	1.13885
56	30	0.921534
56	38	1.00518
56	43	0.996534
56	45	0.99127
56	54	1.01368
56	60	1.09675
56	65	0.975243
56	92	1.03092
56	135	1.00149
56	137	0.973087
56	158	0.87517
56	164	0.980672
56	171	0.970177
56	174	1.01588
56	179	0.987753
57	11	0.962158
57	20	0.898236
57	37	0.993433
57	87	1.02538
57	102	0.995023
57	114	0.982097
57	158	0.938321
57	159	1.02686
57	163	1.02135
57	169	1.01943
57	171	1.0326
57	172	1.01585
57	175	1.01059
57	176	1.02124
57	178	1.01994
57	179	1.02497
57	180	1.00717
58	66	1.0074
58	77	0.952898
58	93	1.04443
58	94	0.985299
58	97	1.04945
58	108	0.993704
58	144	1.01763
58	145	1.01731
58	149	1.02756
58	152	1.01884
58	153	0.977874
58	154	1.01271
58	159	0.9566
58	161	0.977345
58	167	1.03307
58	172	0.976688
58	177	0.960481
59	83	1.06508
59	89	0.999114
59	105	1.01302
59	115	1.02555
59	130	1.03056
59	131	1.01121
59	132	0.990375
59	134	1.00492
59	140	0.986975
59	153	0.989997
59	155	1.03929
59	156	0.984293
59	157	1.02089
59	162	0.967108
59	170	0.962133
59	178	0.955556
59	179	0.963125
60	3	1.10623
60	30	0.997719
60	32	1.12937
60	38	1.08136
60	43	1.07272
60	45	1.06746
60	54	1.08987
60	56	1.09675
60	65	1.05143
60	92	1.10711
60	101	0.876082
60	116	0.845403
60	161	0.927485
60	163	0.90674
60	164	0.894061
60	166	0.903096
60	173	0.930152
60	175	0.927573
61	47	1.09552
61	95	1.02248
61	113	0.999523
61	117	0.978084
61	128	0.996062
61	133	0.958479
61	135	1.03952
61	136	0.981168
61	137	0.974553
61	142	0.969973
61	143	0.956767
61	150	0.990408
61	151	0.995495
61	159	0.992321
61	162	1.02976
61	169	1.03136
61	173	0.970589
61	179	1.02578
62	83	1.02544
62	85	0.994505
62	112	0.990621
62	115	0.985907
62	124	0.95596
62	130	0.990919
62	131	0.971575
62	132	0.950736
62	134	0.965277
62	148	1.06792
62	157	0.981249
62	159	1.01396
62	167	0.987805
62	173	1.03738
62	175	1.0348
62	176	1.01515
62	178	1.0008
62	180	1.03872
63	31	1.16025
63	36	0.99494
63	104	0.981782
63	116	0.979012
63	119	1.00346
63	122	0.990001
63	123	0.993631
63	125	0.973627
63	128	0.994626
63	133	0.957043
63	137	0.973117
63	142	0.968537
63	143	0.955331
63	150	0.999382
63	157	0.987531
63	170	1.03376
63	178	1.02718
63	179	1.03475
64	22	1.05775
64	27	1.17764
64	142	1.03278
64	149	1.00745
64	152	0.996174
64	157	1.01778
64	160	1.00382
64	161	0.976634
64	165	0.998536
64	168	0.904414
64	170	0.992281
64	171	0.990429
64	174	0.964977
64	175	0.96842
64	176	0.979072
64	177	0.978023
64	179	0.982804
64	180	0.964999
65	3	0.984728
65	23	1.09353
65	30	0.876216
65	32	1.00786
65	38	0.959859
65	43	0.951216
65	45	0.945952
65	54	0.968364
65	56	0.975243
65	60	1.05143
65	91	0.976033
65	92	0.985604
65	106	1.01889
65	147	1.06652
65	151	0.9943
65	156	1.04575
65	174	1.05271
65	180	1.05493
66	4	0.946349
66	38	1.04418
66	42	1.04058
66	58	1.0074
66	70	1.01251
66	79	0.969858
66	87	0.954345
66	92	1.01647
66	98	1.0005
66	122	1.05881
66	137	1.08319
66	156	0.975746
66	158	1.01495
66	162	0.976984
66	176	0.976626
66	177	0.975577
66	179	0.980357
66	180	0.962553
67	12	0.87295
67	21	0.956232
67	27	1.05138
67	50	0.823899
67	93	0.840944
67	132	0.933675
67	145	0.898343
67	158	0.8176
67	162	1.07997
67	166	1.086
67	170	1.09282
67	171	1.09097
67	172	1.07422
67	175	1.06896
67	176	1.07961
67	177	1.07856
67	179	1.08334
67	180	1.06554
68	6	1.0057
68	91	0.992224
68	103	0.972332
68	107	1.00719
68	125	0.979649
68	141	0.981162
68	144	0.968212
68	145	0.967892
68	149	0.978135
68	152	0.969421
68	154	0.963289
68	158	1.01315
68	164	1.03369
68	166	1.04273
68	173	1.06978
68	177	1.05025
68	178	0.973521
68	179	1.04077
69	14	0.989521
69	29	1.0751
69	33	1.02539
69	34	1.03531
69	51	0.976909
69	70	1.07177
69	79	1.02912
69	84	1.04931
69	87	1.0136
69	98	1.05976
69	127	0.926178
69	158	1.0742
69	161	0.974638
69	162	0.952279
69	163	0.953893
69	171	0.930719
69	172	0.973981
69	177	0.957774
69	178	0.940726
70	2	1.06272
70	14	0.990696
70	29	1.07628
70	33	1.02657
70	51	0.978084
70	66	1.01251
70	69	1.07177
70	79	1.03029
70	87	1.01478
70	98	1.06093
70	135	0.960552
70	146	0.951259
70	150	0.911442
70	153	0.973683
70	158	1.07538
70	161	0.973154
70	166	0.948765
70	169	0.95239
70	178	0.939242
71	26	1.07825
71	113	1.0607
71	117	1.03926
71	119	1.06607
71	122	1.05261
71	123	1.05624
71	126	0.988858
71	133	1.01966
71	137	1.03573
71	142	1.03115
71	143	1.01794
71	150	0.901484
71	160	0.909499
71	162	0.940836
71	166	0.938807
71	173	1.03177
71	176	0.943633
71	178	0.929284
71	180	0.967203
72	13	0.877678
72	19	1.05789
72	37	0.911284
72	49	1.00628
72	50	0.986284
72	73	0.924906
72	74	0.924906
72	75	0.929598
72	92	0.949808
72	99	0.888045
72	133	1.09501
72	134	1.06637
72	136	0.924218
72	158	0.996229
72	165	1.06798
72	168	1.01911
72	173	1.13782
72	174	1.13694
72	178	1.10124
73	13	0.944252
73	19	1.12446
73	21	0.940538
73	37	0.977858
73	50	1.05286
73	72	0.924906
73	74	0.99148
73	75	0.996172
73	91	0.947324
73	92	1.01638
73	99	0.954619
73	136	0.990791
73	143	1.00439
73	157	0.957204
73	168	1.08568
73	172	1.02156
73	174	1.024
73	175	1.0223
73	176	1.00265
73	180	1.02622
74	13	0.944252
74	19	1.12446
74	21	0.940538
74	37	0.977858
74	39	1.00378
74	50	1.05286
74	72	0.924906
74	73	0.99148
74	75	0.996172
74	92	1.01638
74	99	0.954619
74	135	1.01253
74	136	0.990791
74	161	1.02513
74	165	0.957951
74	168	1.08568
74	169	1.00437
74	176	1.00557
74	177	1.00827
74	178	0.991217
75	13	0.948944
75	21	0.94523
75	37	0.98255
75	49	1.07754
75	50	1.05755
75	72	0.929598
75	73	0.996172
75	74	0.996172
75	92	1.02107
75	99	0.959311
75	109	0.954257
75	136	0.995483
75	139	1.02624
75	151	0.974896
75	157	0.966509
75	162	1.00916
75	168	1.09037
75	174	1.03331
75	175	1.03161
75	176	1.01196
76	8	1.0471
76	12	1.03626
76	22	0.993755
76	25	0.945423
76	27	0.942776
76	28	1.0802
76	34	1.00574
76	35	1.00874
76	53	0.938676
76	78	1.01472
76	82	0.977189
76	96	0.966555
76	129	1.03471
76	139	1.00943
76	146	1.00796
76	160	0.976163
76	169	1.0091
76	171	0.985941
76	178	0.995948
76	180	1.03387
77	1	0.95411
77	53	1.14634
77	58	0.952898
77	93	0.954114
77	111	0.961092
77	128	1.00965
77	138	1.00365
77	145	1.01151
77	147	0.987019
77	148	0.972723
77	157	1.00468
77	165	1.02613
77	172	1.00127
77	174	0.99257
77	175	0.996013
77	176	1.00666
77	177	1.00562
77	178	1.00536
77	179	1.0104
77	180	0.992592
78	9	0.915209
78	12	1.03955
78	22	0.997042
78	25	0.948709
78	27	0.946063
78	28	1.08348
78	34	1.00902
78	35	1.01202
78	41	1.01423
78	53	0.941962
78	76	1.01472
78	82	0.980476
78	127	0.984237
78	139	1.01272
78	146	1.0108
78	160	0.979001
78	173	1.03536
78	174	1.03448
78	176	1.01313
78	180	1.0367
79	2	1.02006
79	9	1.02651
79	14	0.948045
79	29	1.03362
79	33	0.983916
79	51	0.935433
79	66	0.969858
79	69	1.02912
79	70	1.03029
79	87	0.972127
79	96	0.952112
79	98	1.01828
79	138	1.01089
79	140	1.01292
79	146	0.993521
79	158	1.03273
79	161	1.01542
79	162	0.993057
79	172	1.01476
79	173	1.01808
80	10	1.0052
80	90	1.01704
80	91	0.974988
80	96	0.986575
80	108	0.961367
80	130	0.953866
80	134	0.981098
80	135	0.978755
80	141	0.998245
80	144	0.985295
80	145	0.984976
80	149	0.995218
80	152	0.986504
80	154	0.980372
80	158	1.03023
80	159	1.02914
80	167	1.00073
80	168	1.08127
80	175	1.04997
80	179	1.02354
81	40	1.04739
81	55	1.06721
81	85	1.06812
81	89	1.03309
81	105	1.04699
81	124	1.02957
81	130	1.06453
81	131	1.04519
81	132	1.02435
81	134	1.03889
81	138	0.941494
81	147	0.961615
81	153	0.946545
81	155	1.07326
81	163	0.925271
81	166	0.921627
81	167	1.06142
81	169	0.925252
81	173	0.948683
81	177	0.929152
81	178	0.912104
82	7	1.25666
82	8	1.01285
82	12	1.00202
82	22	0.95951
82	25	0.911177
82	27	0.908531
82	28	1.04595
82	34	0.97149
82	35	0.974491
82	38	0.980071
82	41	0.976701
82	53	0.90443
82	76	0.977189
82	78	0.980476
82	127	1.01163
82	139	0.975185
82	165	0.992914
82	170	1.03276
82	177	1.04323
82	178	1.02618
82	180	1.0641
83	11	1.07577
83	59	1.06508
83	62	1.02544
83	92	0.85982
83	105	1.04203
83	112	1.05927
83	115	1.05455
83	122	0.902153
83	130	1.05957
83	131	1.04022
83	132	1.01938
83	134	1.03393
83	135	0.954944
83	144	0.910301
83	148	1.00076
83	155	1.0683
83	164	0.934122
83	167	1.05645
83	171	0.923627
83	175	0.967634
83	177	0.950682
84	33	1.00411
84	42	0.957578
84	45	0.964393
84	51	0.955629
84	55	0.954393
84	69	1.04931
84	87	0.992323
84	89	0.980667
84	98	1.03848
84	124	1.0055
84	129	1.00166
84	137	1.00019
84	142	0.991189
84	154	0.980397
84	158	1.05292
84	160	1.03935
84	166	1.02099
84	167	0.958891
84	169	1.01279
84	177	1.01356
84	179	1.01834
84	180	1.00053
85	62	0.994505
85	81	1.06812
85	89	0.997183
85	105	1.01109
85	112	1.02833
85	114	1.0333
85	116	0.928784
85	120	0.956449
85	124	0.993668
85	125	0.923399
85	130	1.02863
85	131	1.00928
85	132	0.988445
85	134	1.00299
85	135	0.998264
85	148	1.04408
85	151	0.954241
85	157	1.01896
85	167	1.02551
85	170	0.983532
85	172	1.01021
85	174	1.01265
86	33	1.01861
86	42	1.01434
86	90	0.989405
86	106	0.982593
86	113	1.00774
86	134	1.02917
86	136	1.06337
86	145	1.03977
86	146	0.985376
86	151	1.01132
86	154	1.03715
86	155	0.992262
86	164	0.988204
86	166	0.990696
86	170	0.997517
86	171	0.995665
86	172	0.978917
86	174	0.970213
86	175	0.973657
86	176	0.984309
86	177	0.98326
86	179	0.98804
86	180	0.970236
87	2	1.00455
87	9	1.011
87	14	0.932531
87	24	1.04147
87	29	1.01811
87	33	0.968403
87	34	0.978325
87	51	0.919919
87	57	1.02538
87	66	0.954345
87	69	1.0136
87	70	1.01478
87	79	0.972127
87	84	0.992323
87	98	1.00277
87	139	1.037
87	158	1.01721
87	159	1.02153
87	162	1.01992
87	166	1.01789
87	169	1.02151
87	178	1.00836
87	179	1.01593
88	1	1.01068
88	44	1.04805
88	90	1.00068
88	93	0.995733
88	101	1.0167
88	102	0.98327
88	108	0.945011
88	109	0.990842
88	111	0.977496
88	120	1.01369
88	121	0.968677
88	125	0.980639
88	141	0.981889
88	149	0.978862
88	150	1.00639
88	152	0.970148
88	154	0.964016
88	160	1.01441
88	161	1.06811
88	167	0.984375
88	168	1.06491
88	178	0.974248
88	180	1.07211
89	17	0.964137
89	26	1.14867
89	59	0.999114
89	81	1.03309
89	84	0.980667
89	85	0.997183
89	112	0.993299
89	115	0.988585
89	120	0.979194
89	124	0.958638
89	130	0.993597
89	131	0.974253
89	132	0.953414
89	134	0.967955
89	138	1.02909
89	154	0.972808
89	155	1.00233
89	157	0.983926
89	161	1.03361
89	162	1.01125
89	167	0.990483
89	176	1.01405
89	180	1.03762
90	6	1.05717
90	80	1.01704
90	86	0.989405
90	88	1.00068
90	93	1.04648
90	103	1.02381
90	111	1.02824
90	116	0.90351
90	139	0.980315
90	141	1.03264
90	144	1.01969
90	145	1.01937
90	149	1.02961
90	152	1.0209
90	154	1.01476
90	158	1.06462
90	159	0.964847
90	160	0.931895
90	162	0.963232
90	169	0.964828
90	175	0.98568
90	177	0.968727
90	178	1.025
90	179	0.959249
91	43	0.976295
91	50	0.886624
91	65	0.976033
91	68	0.992224
91	73	0.947324
91	80	0.974988
91	121	0.94089
91	125	1.05708
91	133	0.979103
91	136	0.984663
91	160	1.05094
91	161	1.02375
91	163	1.0263
91	164	1.03009
91	165	1.04566
91	167	0.936943
91	169	1.02438
91	172	1.0208
91	174	1.0121
91	175	1.01554
91	176	1.02619
91	177	1.02514
91	179	1.02992
91	180	1.01212
92	3	1.04041
92	37	1.00276
92	38	1.01554
92	45	1.00163
92	50	1.07776
92	54	1.02404
92	56	1.03092
92	60	1.10711
92	65	0.985604
92	66	1.01647
92	72	0.949808
92	73	1.01638
92	74	1.01638
92	75	1.02107
92	83	0.85982
92	147	1.00202
92	154	0.925614
92	165	0.919239
92	168	1.11058
92	172	0.98576
92	173	0.989085
92	176	0.966855
92	178	0.952505
92	180	0.990424
93	58	1.04443
93	67	0.840944
93	77	0.954114
93	88	0.995733
93	90	1.04648
93	107	1.05371
93	108	0.990808
93	110	1.02154
93	118	1.00323
93	141	1.02769
93	143	0.960733
93	144	1.01474
93	147	0.99416
93	149	1.02466
93	152	1.01595
93	154	1.00981
93	155	1.04202
93	159	0.957816
93	168	1.11071
93	171	0.934642
93	173	0.981228
93	174	0.980346
93	178	1.02005
93	180	0.982568
94	15	0.929915
94	58	0.985299
94	97	0.987424
94	102	0.969939
94	108	0.93168
94	118	0.944099
94	121	0.955347
94	125	1.00465
94	134	1.02333
94	139	1.08684
94	141	0.968558
94	144	0.955609
94	145	0.955289
94	149	0.965531
94	152	0.956817
94	154	0.950685
94	155	0.982889
94	159	1.07137
94	161	1.09211
94	162	1.06975
94	163	1.07137
94	174	1.0939
94	178	0.960918
94	180	1.09612
95	61	1.02248
95	100	0.907844
95	113	1.04977
95	117	1.02833
95	119	1.05514
95	120	0.96356
95	122	1.04168
95	125	0.93051
95	126	0.977929
95	128	1.04631
95	133	1.00873
95	137	1.0248
95	142	1.02022
95	145	0.959793
95	146	0.996081
95	153	1.02198
95	155	0.912282
95	157	1.03921
95	159	1.04257
95	163	0.997232
95	165	0.950798
95	173	1.02084
95	176	0.998414
95	179	0.991634
96	8	0.922215
96	32	0.902574
96	76	0.966555
96	79	0.952112
96	80	0.986575
96	118	0.960572
96	128	0.97079
96	136	0.996251
96	142	0.980828
96	149	0.955499
96	151	1.05548
96	160	1.05323
96	161	1.02604
96	163	1.02859
96	169	1.02666
96	171	1.03983
96	172	1.02308
96	173	1.01236
96	174	1.01438
96	175	1.01782
96	176	1.02848
96	177	1.02743
96	179	1.03221
96	180	1.0144
97	58	1.04945
97	94	0.987424
97	103	1.02388
97	106	0.942005
97	108	0.995829
97	118	1.00825
97	121	1.0195
97	140	0.971546
97	144	1.01976
97	145	1.01944
97	152	1.02097
97	153	0.974567
97	154	1.01483
97	158	1.06469
97	161	0.974038
97	162	0.951679
97	166	0.949649
97	167	1.03519
97	168	1.11573
97	172	0.973381
97	175	0.974126
97	176	0.954476
97	178	1.02507
97	179	0.947695
98	2	1.05071
98	9	1.05716
98	14	0.978685
98	29	1.06426
98	33	1.01456
98	34	1.02448
98	51	0.966073
98	66	1.0005
98	69	1.05976
98	70	1.06093
98	79	1.01828
98	84	1.03848
98	87	1.00277
98	149	0.910697
98	156	0.980862
98	158	1.06337
98	159	0.965292
98	169	0.965272
98	170	0.958702
98	171	0.942117
98	172	0.985379
98	178	0.952124
98	179	0.959694
98	180	0.990043
99	21	0.903677
99	49	1.03599
99	72	0.888045
99	73	0.954619
99	74	0.954619
99	75	0.959311
99	102	0.96718
99	106	1.0527
99	129	1.08958
99	136	0.95393
99	139	1.07945
99	144	0.95285
99	145	0.95253
99	151	1.02811
99	152	0.954059
99	154	0.947927
99	156	1.07956
99	163	1.06399
99	167	0.968286
99	168	1.04882
99	169	1.06397
99	174	1.08652
99	177	1.06787
99	178	0.958159
100	19	0.798501
100	27	1.07886
100	30	1.05873
100	53	1.06066
100	95	0.907844
100	104	0.92078
100	111	1.03016
100	132	0.961159
100	134	0.915229
100	136	0.949423
100	137	0.943002
100	145	1.02128
100	149	1.03152
100	152	1.02281
100	154	1.01668
100	156	1.02734
100	158	1.06654
100	162	1.02858
100	164	1.03211
100	172	1.02282
100	177	1.02717
100	178	1.02691
100	179	1.03195
100	180	1.01414
101	50	0.910113
101	60	0.876082
101	88	1.0167
101	102	0.960517
101	104	0.979509
101	123	0.964215
101	126	1.04067
101	131	0.978491
101	138	1.02762
101	147	1.01099
101	158	0.903814
101	161	1.0282
101	162	1.031
101	163	1.03075
101	165	1.0501
101	166	1.03703
101	167	0.960432
101	171	1.042
101	172	1.02525
101	174	1.01654
101	175	1.01999
101	177	1.02959
101	179	1.03437
101	180	1.01657
102	27	1.10677
102	39	0.990569
102	57	0.995023
102	88	0.98327
102	94	0.969939
102	99	0.96718
102	101	0.960517
102	103	1.00639
102	111	1.01083
102	118	0.990764
102	121	1.00201
102	140	1.00943
102	141	1.01522
102	144	1.00227
102	145	1.00195
102	146	0.990024
102	149	1.0122
102	152	1.00348
102	154	0.99735
102	155	1.02955
102	159	0.991175
102	160	0.958223
102	174	1.0137
102	176	0.992357
102	178	1.00758
103	68	0.972332
103	90	1.02381
103	97	1.02388
103	102	1.00639
103	106	0.987734
103	118	0.980554
103	121	0.991801
103	124	0.984066
103	135	0.985522
103	141	1.00501
103	144	0.992063
103	145	0.991743
103	149	1.00199
103	150	0.958055
103	152	0.993272
103	153	1.0203
103	154	0.987139
103	158	1.037
103	162	0.997408
103	167	1.0075
103	169	0.999003
103	173	1.02243
103	174	1.02155
103	175	1.01986
103	176	1.0002
104	20	1.13591
104	24	1.0301
104	36	1.00736
104	63	0.981782
104	100	0.92078
104	101	0.979509
104	113	1.01051
104	114	1.0143
104	119	1.01588
104	126	0.938666
104	128	1.00705
104	133	0.969464
104	137	0.985539
104	140	1.02842
104	142	0.980958
104	143	0.967752
104	150	0.9692
104	157	0.999952
104	159	1.00331
104	160	0.977215
104	161	1.03091
104	163	1.01017
104	172	1.03026
104	173	0.981574
104	174	1.0327
105	40	0.990356
105	47	0.958226
105	59	1.01302
105	81	1.04699
105	83	1.04203
105	85	1.01109
105	106	0.989818
105	110	1.06483
105	115	1.00249
105	124	0.97254
105	125	0.934385
105	130	1.0075
105	131	0.988155
105	132	0.967317
105	134	0.981858
105	138	1.01733
105	155	1.01623
105	157	0.997829
105	160	0.968154
105	163	1.00111
105	164	0.988427
105	167	1.00439
105	169	1.00109
105	173	1.02452
105	174	1.02364
106	65	1.01889
106	86	0.982593
106	97	0.942005
106	99	1.0527
106	103	0.987734
106	105	0.989818
106	127	1.01424
106	132	1.03926
106	141	0.981738
106	144	1.00487
106	150	1.0272
106	156	0.99858
106	157	0.997098
106	161	0.997021
106	162	0.999818
106	164	1.00336
106	165	1.01892
106	167	0.979802
106	169	0.997647
106	174	0.985364
106	175	0.988807
106	176	0.99946
106	177	0.998411
106	179	1.00319
106	180	0.985387
107	40	0.928596
107	68	1.00719
107	93	1.05371
107	109	0.894292
107	111	1.03548
107	118	1.01541
107	121	1.02666
107	129	0.976408
107	139	0.966278
107	141	1.03987
107	144	1.02692
107	145	1.0266
107	147	0.987155
107	149	1.03684
107	150	0.909843
107	152	1.02813
107	154	1.022
107	155	1.0542
107	156	0.966381
107	158	1.07186
107	164	0.938131
107	166	0.947166
107	168	1.12289
107	170	0.944221
107	177	0.954691
107	178	1.03223
108	58	0.993704
108	80	0.961367
108	88	0.945011
108	93	0.990808
108	94	0.93168
108	97	0.995829
108	109	0.995239
108	118	0.952505
108	121	0.963752
108	141	0.976964
108	144	0.964014
108	151	1.01588
108	152	0.965223
108	153	1.07303
108	154	0.959091
108	155	0.991295
108	165	1.00532
108	167	0.97945
108	168	1.05999
108	170	1.04517
108	171	1.02858
108	173	1.07517
108	175	1.07259
108	177	1.05564
108	178	0.969323
108	179	1.04616
109	75	0.954257
109	88	0.990842
109	107	0.894292
109	108	0.995239
109	114	0.92173
109	128	0.956831
109	130	0.920865
109	131	0.95263
109	144	0.959635
109	148	1.01004
109	155	0.911185
109	156	1.0431
109	162	1.04434
109	163	1.04409
109	164	1.04787
109	166	1.05037
109	167	0.934571
109	169	1.04217
109	170	1.05719
109	172	1.03859
109	173	1.02786
109	174	1.02988
109	176	1.04398
109	177	1.04293
109	179	1.04771
109	180	1.0299
110	9	1.01963
110	29	0.982956
110	37	1.05331
110	93	1.02154
110	105	1.06483
110	140	0.979653
110	148	0.941202
110	150	1.00288
110	151	1.00215
110	152	1.0505
110	154	1.07632
110	157	1.07211
110	158	0.998194
110	162	0.975503
110	163	0.975253
110	164	0.97904
110	167	1.05481
110	169	0.973332
110	171	0.986501
110	172	0.969752
110	174	0.961049
110	175	0.964492
110	176	0.975144
110	177	0.974095
110	179	0.978876
110	180	0.961071
111	47	1.02894
111	52	1.04637
111	77	0.961092
111	88	0.977496
111	90	1.02824
111	100	1.03016
111	102	1.01083
111	107	1.03548
111	127	0.937079
111	135	0.98996
111	138	0.981018
111	141	1.00945
111	144	0.9965
111	145	0.99618
111	148	1.01875
111	149	1.00642
111	152	0.997709
111	154	0.991577
111	155	1.02378
111	159	0.964795
111	160	0.931842
111	167	1.01194
111	168	1.09247
111	172	0.984882
111	176	0.965977
111	178	1.00181
111	180	0.989546
112	17	0.995284
112	40	1.0076
112	55	1.02742
112	62	0.990621
112	83	1.05927
112	85	1.02833
112	89	0.993299
112	114	1.02942
112	115	1.01973
112	120	0.955192
112	124	0.989784
112	131	1.0054
112	132	0.984561
112	134	0.999102
112	135	0.997008
112	136	0.975021
112	138	1.00509
112	151	0.952985
112	155	1.03347
112	157	1.01507
112	160	0.955912
112	164	0.976185
112	167	1.02163
112	169	0.988845
112	170	0.982275
112	175	1.0097
112	180	1.01362
113	4	1.0598
113	61	0.999523
113	71	1.0607
113	86	1.00774
113	95	1.04977
113	104	1.01051
113	117	1.00537
113	119	1.03219
113	126	0.95497
113	128	1.02335
113	129	1.00878
113	133	0.985769
113	137	1.00184
113	142	0.997263
113	143	0.984057
113	148	1.03714
113	151	0.9473
113	153	0.999019
113	157	1.01626
113	159	1.01961
113	160	0.950228
113	165	0.936747
113	174	1.00571
113	176	0.984363
113	177	0.987061
113	178	0.970013
113	179	0.977583
114	3	0.916031
114	31	1.09815
114	55	1.03239
114	57	0.982097
114	85	1.0333
114	104	1.0143
114	109	0.92173
114	112	1.02942
114	119	1.03598
114	126	0.958759
114	130	1.02972
114	132	0.989533
114	133	0.989558
114	134	1.00407
114	137	1.00563
114	142	1.00105
114	143	0.987845
114	155	1.03845
114	156	0.993819
114	159	1.0234
114	163	0.978249
114	164	0.965569
114	167	1.0266
114	170	0.971659
114	175	0.999081
114	176	0.979431
114	180	1.003
115	8	1.04889
115	10	1.03824
115	59	1.02555
115	62	0.985907
115	83	1.05455
115	89	0.988585
115	105	1.00249
115	112	1.01973
115	116	0.918085
115	124	0.98507
115	130	1.02003
115	131	1.00069
115	132	0.979847
115	134	0.994388
115	138	0.995645
115	140	0.997674
115	148	1.03338
115	153	1.0007
115	155	1.02876
115	157	1.01036
115	161	1.00017
115	162	0.977807
115	165	0.932989
115	167	1.01692
115	170	0.972833
115	174	1.00195
115	177	0.983303
116	43	0.969105
116	48	0.882267
116	60	0.845403
116	63	0.979012
116	85	0.928784
116	90	0.90351
116	115	0.918085
116	117	0.977221
116	128	0.952013
116	136	0.977473
116	141	0.931689
116	146	1.05256
116	147	1.03184
116	153	1.03652
116	156	1.05061
116	163	1.0516
116	164	1.05539
116	165	1.07095
116	167	0.929753
116	170	1.0647
116	171	1.06285
116	174	1.0374
116	175	1.04084
116	176	1.05149
116	177	1.05044
116	178	1.05018
116	179	1.05522
116	180	1.03742
117	10	1.01462
117	35	0.97344
117	46	0.951949
117	61	0.978084
117	71	1.03926
117	95	1.02833
117	113	1.00537
117	116	0.977221
117	119	1.01075
117	122	0.997287
117	123	1.00092
117	126	0.933531
117	128	1.00191
117	133	0.96433
117	137	0.980404
117	142	0.975824
117	143	0.962618
117	157	0.994817
117	159	0.998172
117	160	1.00561
117	164	1.02588
117	169	1.03854
117	171	1.01538
117	172	1.05865
117	173	0.97644
117	177	1.04244
117	178	1.02539
117	179	1.03296
118	18	1.02865
118	31	1.12304
118	93	1.00323
118	94	0.944099
118	96	0.960572
118	97	1.00825
118	102	0.990764
118	103	0.980554
118	107	1.01541
118	108	0.952505
118	135	0.969893
118	141	0.989383
118	144	0.976433
118	145	0.976114
118	146	1.00198
118	149	0.986356
118	152	0.977642
118	154	0.97151
118	155	1.00371
118	156	1.0187
118	159	1.00313
118	161	1.02388
118	163	1.00313
118	168	1.0724
118	172	1.02322
118	173	1.02654
118	178	0.981742
118	179	0.997534
119	48	1.10464
119	63	1.00346
119	71	1.06607
119	95	1.05514
119	104	1.01588
119	113	1.03219
119	114	1.03598
119	117	1.01075
119	122	1.0241
119	128	1.02873
119	133	0.991143
119	137	1.00722
119	142	1.00264
119	143	0.989431
119	153	1.00439
119	156	0.979922
119	159	1.02498
119	161	0.985097
119	163	0.964352
119	164	0.951673
119	166	0.960708
119	170	0.957763
119	173	1.00325
119	174	0.986882
119	175	0.985185
119	176	0.965534
119	177	0.968233
119	178	0.951185
119	179	0.958754
120	46	1.05142
120	85	0.956449
120	88	1.01369
120	89	0.979194
120	95	0.96356
120	112	0.955192
120	139	1.02863
120	142	0.989716
120	144	0.982481
120	148	0.991558
120	149	0.964387
120	150	1.05324
120	157	0.974715
120	158	0.9008
120	161	1.02306
120	163	1.02561
120	165	1.04496
120	168	0.861348
120	169	1.02369
120	170	1.03871
120	172	1.02011
120	173	1.00938
120	174	1.0114
120	175	1.01485
120	176	1.0255
120	177	1.02445
120	178	1.02419
120	179	1.02923
120	180	1.01143
121	24	1.01497
121	52	1.07661
121	88	0.968677
121	91	0.94089
121	94	0.955347
121	97	1.0195
121	102	1.00201
121	103	0.991801
121	107	1.02666
121	108	0.963752
121	138	1.01126
121	141	1.00063
121	144	0.987681
121	145	0.987361
121	149	0.997603
121	151	0.959157
121	152	0.988889
121	154	0.982757
121	155	1.01496
121	158	1.03262
121	163	0.995038
121	167	1.00312
121	168	1.08365
121	171	0.971863
121	172	1.01513
121	173	1.01845
121	177	0.998918
121	178	0.99299
121	179	0.98944
121	180	1.01979
122	26	1.14381
122	36	1.01558
122	46	0.965302
122	63	0.990001
122	66	1.05881
122	71	1.05261
122	83	0.902153
122	95	1.04168
122	117	0.997287
122	119	1.0241
122	123	1.01427
122	125	0.941284
122	126	0.946884
122	127	0.98029
122	128	1.01527
122	129	1.0336
122	133	0.977683
122	137	0.993757
122	140	1.02626
122	142	0.989177
122	143	0.975971
122	146	1.00685
122	150	0.967038
122	153	0.990933
122	157	1.00817
122	159	1.01152
122	164	0.995326
122	165	0.961572
122	173	0.989793
122	178	0.994838
123	4	1.05534
123	16	0.971201
123	24	1.01481
123	40	0.972659
123	46	0.968932
123	47	1.05902
123	63	0.993631
123	71	1.05624
123	101	0.964215
123	117	1.00092
123	122	1.01427
123	126	0.950514
123	127	0.967158
123	128	1.0189
123	133	0.981313
123	136	1.004
123	137	0.997387
123	140	1.01313
123	142	0.992807
123	143	0.979601
123	147	1.03122
123	148	1.04883
123	150	0.953906
123	153	0.994563
123	157	1.0118
123	159	1.01516
123	171	0.971699
123	172	1.01496
123	173	0.993423
123	177	0.998754
124	11	1.00629
124	17	0.960622
124	40	0.972938
124	47	0.940808
124	52	1.11927
124	55	0.992761
124	62	0.95596
124	81	1.02957
124	84	1.0055
124	85	0.993668
124	89	0.958638
124	103	0.984066
124	105	0.97254
124	112	0.989784
124	115	0.98507
124	127	1.00998
124	130	0.990082
124	131	0.970738
124	132	0.949899
124	134	0.96444
124	135	1.04584
124	147	1.07404
124	155	0.998813
124	157	0.980411
124	160	1.00474
124	165	0.991264
124	167	0.986968
124	169	1.03768
124	175	1.05853
124	176	1.03888
124	177	1.04158
125	63	0.973627
125	68	0.979649
125	85	0.923399
125	88	0.980639
125	91	1.05708
125	94	1.00465
125	95	0.93051
125	105	0.934385
125	122	0.941284
125	126	1.0046
125	128	0.946629
125	131	0.942427
125	138	1.02904
125	140	1.03657
125	146	1.03313
125	147	1.01242
125	149	0.931337
125	151	1.05907
125	155	0.900982
125	162	1.03242
125	163	1.03217
125	165	1.05153
125	169	1.03025
125	171	1.04342
125	172	1.02667
125	174	1.01797
125	175	1.02141
125	176	1.03206
125	177	1.03101
125	179	1.03579
125	180	1.01799
126	4	0.987955
126	5	0.989276
126	18	1.09684
126	20	1.08037
126	24	1.09126
126	36	0.951824
126	48	1.02743
126	71	0.988858
126	95	0.977929
126	101	1.04067
126	104	0.938666
126	113	0.95497
126	114	0.958759
126	117	0.933531
126	122	0.946884
126	123	0.950514
126	125	1.0046
126	137	0.930001
126	142	0.925421
126	143	0.912214
126	147	1.10767
126	151	1.03544
126	153	0.927177
126	156	1.08689
126	157	0.944414
126	159	0.947769
126	162	1.06971
126	169	1.0713
126	173	0.926037
126	176	1.07251
126	177	1.0752
126	178	1.05816
127	19	0.860173
127	30	1.1204
127	31	0.947646
127	69	0.926178
127	78	0.984237
127	82	1.01163
127	106	1.01424
127	111	0.937079
127	122	0.98029
127	123	0.967158
127	124	1.00998
127	133	1.00553
127	140	1.02047
127	143	1.02786
127	148	0.982018
127	154	0.98488
127	157	0.980671
127	161	1.01352
127	162	1.01632
127	164	1.01986
127	165	1.03542
127	166	1.02235
127	169	1.01415
127	170	1.02917
127	172	1.01057
127	174	1.00186
127	175	1.00531
127	176	1.01596
127	177	1.01491
127	178	1.01465
127	179	1.01969
127	180	1.00189
128	15	1.00115
128	16	0.972196
128	36	1.02021
128	48	1.09581
128	61	0.996062
128	63	0.994626
128	77	1.00965
128	95	1.04631
128	96	0.97079
128	104	1.00705
128	109	0.956831
128	113	1.02335
128	116	0.952013
128	117	1.00191
128	119	1.02873
128	122	1.01527
128	123	1.0189
128	125	0.946629
128	129	1.03895
128	133	0.982308
128	137	0.998382
128	142	0.993802
128	143	0.980596
128	148	1.06731
128	153	0.995558
128	155	0.9284
128	156	1.02892
128	157	1.0128
128	159	1.01615
128	166	1.00971
128	168	0.855717
128	180	1.0381
129	8	0.990373
129	12	1.01542
129	23	0.882942
129	76	1.03471
129	84	1.00166
129	99	1.08958
129	107	0.976408
129	113	1.00878
129	122	1.0336
129	128	1.03895
129	138	0.985211
129	143	1.08117
129	146	0.989296
129	147	0.968583
129	151	1.01524
129	152	1.01238
129	154	1.03819
129	155	0.993301
129	156	0.987349
129	159	0.993846
129	160	1.01298
129	161	0.985791
129	163	0.988338
129	166	0.994617
129	170	1.00144
129	171	0.999586
129	172	0.982837
129	174	0.974134
129	175	0.977577
129	176	0.988229
129	177	0.98718
129	179	0.99196
129	180	0.974156
130	8	1.0539
130	11	1.04125
130	40	1.0079
130	42	1.01501
130	44	0.978075
130	55	1.02772
130	59	1.03056
130	62	0.990919
130	80	0.953866
130	81	1.06453
130	83	1.05957
130	85	1.02863
130	89	0.993597
130	105	1.0075
130	109	0.920865
130	114	1.02972
130	115	1.02003
130	124	0.990082
130	131	1.0057
130	132	0.984859
130	134	0.9994
130	143	0.980301
130	155	1.03377
130	157	1.01537
130	159	0.977384
130	162	0.975769
130	163	0.977384
130	166	0.97374
130	171	0.95421
130	173	1.0008
130	177	0.981265
130	178	0.964217
130	179	0.971786
130	180	1.00214
131	10	1.02391
131	11	1.0219
131	17	0.976238
131	40	0.988554
131	44	1.00984
131	55	1.00838
131	59	1.01121
131	62	0.971575
131	81	1.04519
131	83	1.04022
131	85	1.00928
131	89	0.974253
131	101	0.978491
131	105	0.988155
131	109	0.95263
131	112	1.0054
131	115	1.00069
131	124	0.970738
131	125	0.942427
131	130	1.0057
131	132	0.965515
131	134	0.980056
131	137	0.988885
131	139	1.02462
131	153	1.03042
131	155	1.01443
131	157	0.996027
131	161	1.02989
131	163	1.00915
131	165	0.962715
131	167	1.00258
131	171	0.985975
131	172	1.02924
131	173	1.03256
131	180	1.0339
132	8	1.01372
132	10	1.00307
132	11	1.00106
132	17	0.955399
132	42	0.974825
132	55	0.987537
132	59	0.990375
132	62	0.950736
132	67	0.933675
132	81	1.02435
132	83	1.01938
132	85	0.988445
132	89	0.953414
132	100	0.961159
132	105	0.967317
132	106	1.03926
132	112	0.984561
132	114	0.989533
132	115	0.979847
132	124	0.949899
132	130	0.984859
132	131	0.965515
