1	69	0.814774
1	124	1.05536
1	126	1.05469
1	138	0.994776
1	154	1.05671
1	157	0.889738
1	163	1.05917
1	169	1.07709
1	172	1.06679
1	174	1.07663
1	177	1.0731
1	180	1.0805
2	65	0.52518
2	122	1.37644
2	123	1.30433
2	142	1.06547
2	157	1.31004
2	163	0.50705
2	170	1.07772
2	171	1.24765
2	173	1.08751
2	176	1.13105
2	177	0.481971
2	180	0.489508
3	16	0.200395
3	19	1.25673
3	57	0.670087
3	143	1.22396
3	159	1.21982
3	162	1.19364
3	165	1.23742
3	171	1.18262
3	174	0.598726
3	175	1.21986
3	176	1.06602
3	177	0.516532
4	24	1.21498
4	37	1.18545
4	53	1.27477
4	70	1.14277
4	87	1.14834
4	92	1.21611
4	104	1.2318
4	130	0.244514
4	142	1.66209
4	153	1.18517
4	156	0.394691
4	179	0.510528
5	24	1.14964
5	39	0.897914
5	105	1.02095
5	112	1.04603
5	123	1.03416
5	148	0.968792
5	168	0.943743
5	169	1.0203
5	173	0.807661
5	174	1.01984
5	176	0.851201
5	180	1.02372
6	141	1.09069
6	143	1.08807
6	149	1.11183
6	157	1.10911
6	161	1.05889
6	163	0.726176
6	164	1.07292
6	167	0.69884
6	171	1.04672
6	172	0.676138
6	178	1.01587
6	179	1.006
7	93	1.13331
7	150	1.10158
7	152	1.04432
7	154	0.752578
7	164	1.10046
7	166	0.664218
7	171	1.07427
7	172	0.68317
7	175	1.11152
7	176	0.957671
7	178	1.04342
7	179	1.03355
8	34	1.20379
8	47	1.35655
8	76	1.88385
8	96	1.20557
8	98	0.272113
8	104	1.26224
8	105	1.2488
8	112	1.27388
8	142	1.01347
8	173	1.03551
8	178	0.323211
8	179	0.343066
9	16	1.27889
9	18	0.304597
9	34	1.16244
9	47	1.3152
9	64	1.24489
9	96	1.16422
9	105	1.20745
9	112	1.23253
9	150	0.278952
9	170	1.72591
9	173	0.994164
9	178	0.52004
10	57	1.01178
10	58	1.0167
10	73	1.05215
10	95	1.15932
10	119	1.12352
10	121	1.12011
10	122	1.16239
10	123	1.09027
10	140	0.543969
10	144	0.467495
10	170	0.863666
10	173	1.69998
11	33	1.03177
11	54	1.1303
11	111	1.07454
11	155	1.01586
11	156	0.961167
11	159	1.00098
11	164	0.989974
11	168	0.939723
11	173	0.803642
11	175	1.00103
11	178	0.932928
11	179	0.923057
12	53	1.26775
12	70	1.13575
12	79	1.18591
12	87	1.14132
12	92	1.20908
12	100	1.25652
12	104	1.22478
12	141	0.12599
12	153	1.17815
12	168	0.167058
12	170	1.43456
12	173	1.11444
13	124	1.05064
13	126	1.04997
13	147	1.07356
13	163	1.05445
13	164	0.931045
13	165	0.864507
13	166	1.08297
13	169	1.07237
13	174	1.07191
13	175	0.905404
13	177	1.06838
13	180	1.07579
14	57	1.15671
14	58	1.16163
14	73	1.19708
14	115	0.178146
14	119	1.26845
14	121	1.26504
14	122	1.30732
14	123	1.23521
14	136	3.30127
14	157	0.104285
14	170	1.0086
14	178	0.246729
15	57	1.15211
15	73	1.19248
15	119	1.26384
15	121	1.26044
15	122	1.30272
15	123	1.2306
15	142	1.08978
15	148	0.10471
15	151	0.845523
15	153	1.19388
15	170	1.00399
15	173	0.804106
16	3	0.200395
16	9	1.27889
16	31	1.28614
16	34	1.21278
16	96	1.21455
16	105	1.25779
16	112	1.28287
16	142	1.02246
16	151	1.52828
16	155	0.36843
16	173	1.0445
16	179	0.620973
17	81	0.550274
17	85	1.07222
17	137	1.16175
17	141	0.761709
17	147	1.16935
17	150	0.715973
17	160	1.16268
17	166	1.17876
17	167	1.16165
17	172	1.15786
17	177	1.16417
17	179	0.976916
17	180	1.17157
18	9	0.304597
18	102	0.698602
18	130	1.23403
18	144	1.235
18	147	0.639114
18	155	1.19817
18	158	1.14238
18	162	1.15711
18	166	0.657901
18	175	1.18333
18	176	1.02949
18	178	1.11523
18	179	1.10536
19	3	1.25673
19	105	0.255363
19	115	1.15804
19	131	1.23898
19	158	1.15046
19	159	1.19137
19	160	0.60366
19	163	0.63784
19	168	1.13012
19	174	0.694956
19	176	1.03757
19	178	1.12332
19	179	1.11345
20	118	1.12718
20	127	1.1362
20	129	1.18466
20	146	1.14365
20	158	0.712114
20	162	0.667459
20	163	1.14959
20	171	0.703106
20	172	1.15722
20	174	1.16705
20	177	1.16353
20	179	0.919684
20	180	1.17093
21	43	0.726383
21	134	1.12197
21	144	0.614108
21	147	1.16782
21	154	1.14625
21	163	1.1487
21	167	1.16012
21	168	0.899208
21	171	0.764121
21	172	1.15633
21	174	1.16616
21	177	1.16264
21	180	1.17004
22	41	0.421272
22	128	0.725296
22	129	1.17451
22	137	1.15095
22	145	1.13114
22	156	0.771139
22	166	1.16796
22	169	1.15736
22	172	1.14706
22	174	1.1569
22	176	1.08548
22	177	1.15337
22	180	1.16078
23	66	0.641953
23	77	1.13801
23	135	0.735515
23	145	1.13784
23	147	1.16525
23	159	0.752772
23	161	0.864076
23	163	1.14614
23	167	1.15755
23	169	1.16406
23	174	1.1636
23	177	1.16007
23	180	1.16748
24	4	1.21498
24	5	1.14964
24	53	1.23938
24	55	1.25365
24	63	1.07379
24	70	1.10738
24	74	0.979467
24	87	1.11295
24	92	1.18071
24	100	1.22815
24	125	0.305587
24	128	0.473589
24	151	0.988389
25	109	1.12127
25	115	0.997068
25	131	0.599373
25	132	1.18093
25	153	1.13227
25	155	0.717486
25	160	1.15934
25	167	1.15831
25	172	1.15452
25	174	1.16435
25	175	0.688301
25	177	1.16083
25	180	1.16823
26	62	0.51395
26	110	0.620314
26	133	1.27453
26	143	0.720867
26	144	0.596658
26	145	1.28535
26	157	0.64657
26	163	1.29365
26	169	1.31157
26	172	1.30127
26	174	1.31111
26	177	1.30758
26	180	1.31498
27	40	0.611846
27	111	1.17499
27	118	1.12751
27	124	1.14612
27	135	0.761912
27	138	0.866292
27	154	1.14747
27	157	0.761254
27	163	1.14992
27	167	1.16134
27	172	1.15755
27	177	1.16386
27	180	1.17126
28	55	1.18425
28	94	1.05865
28	104	0.757422
28	140	1.08932
28	142	0.878237
28	157	1.12281
28	158	1.05671
28	167	0.789922
28	169	0.753876
28	171	1.06042
28	173	0.900282
28	178	1.02957
28	179	1.0197
29	67	0.832669
29	83	1.01051
29	132	1.08654
29	136	0.788762
29	146	1.04656
29	163	1.05251
29	166	1.08104
29	167	1.06392
29	169	1.07043
29	174	1.06997
29	175	1.05347
29	177	1.06645
29	180	1.07385
30	81	0.633587
30	127	1.1291
30	137	1.15401
30	147	1.16161
30	158	0.852659
30	165	0.737603
30	166	1.17102
30	167	1.15391
30	172	1.15012
30	174	1.15996
30	175	0.7785
30	177	1.15643
30	180	1.16384
31	16	1.28614
31	47	1.32245
31	64	1.25215
31	76	1.31615
31	96	1.17147
31	105	1.2147
31	112	1.23978
31	136	0.932384
31	142	0.979372
31	151	0.682671
31	158	0.100733
31	170	0.961375
31	173	1.00142
32	60	0.570099
32	65	0.624648
32	89	1.16573
32	133	0.670745
32	140	1.15004
32	148	1.12213
32	157	1.18353
32	161	1.13331
32	162	1.13217
32	166	0.537528
32	168	1.09709
32	171	1.12114
32	176	1.00454
32	178	1.09029
33	11	1.03177
33	43	1.17035
33	108	0.604984
33	110	1.16541
33	111	0.530371
33	129	0.593846
33	156	1.14543
33	162	1.15907
33	168	1.12399
33	171	1.14805
33	174	0.676938
33	176	1.03145
33	178	1.1172
33	179	1.10732
34	8	1.20379
34	9	1.16244
34	16	1.21278
34	38	0.861241
34	40	0.683641
34	47	1.24909
34	64	1.17879
34	96	1.09811
34	105	1.14134
34	110	0.806792
34	112	1.16642
34	114	0.857386
34	136	0.859024
34	173	0.928057
35	38	1.13336
35	45	1.14101
35	129	0.59987
35	140	1.13466
35	141	1.14973
35	148	1.10675
35	158	1.10205
35	164	1.13195
35	165	1.16056
35	166	0.556857
35	169	0.562464
35	174	0.682962
35	178	1.07491
35	179	1.06504
36	148	0.709965
36	159	0.580392
36	160	1.24237
36	163	1.22993
36	165	0.556529
36	166	1.25846
36	167	1.24134
36	169	1.24785
36	172	1.23755
36	174	1.24739
36	175	0.597426
36	177	1.24386
36	178	0.859299
36	180	1.25127
37	4	1.18545
37	56	0.799858
37	72	0.569598
37	87	1.08342
37	92	1.15119
37	108	0.520754
37	119	1.19021
37	122	1.22909
37	123	1.15697
37	168	1.07623
37	170	0.930362
37	175	1.13754
37	179	1.05957
37	180	0.518051
38	34	0.861241
38	35	1.13336
38	57	0.80218
38	73	0.34785
38	87	1.09078
38	92	1.15855
38	122	0.468375
38	151	0.966224
38	164	1.13385
38	166	1.17076
38	172	1.14985
38	177	1.15617
38	178	1.0768
38	180	1.16357
39	5	0.897914
39	45	1.04542
39	64	0.633923
39	117	1.05534
39	126	0.97311
39	135	1.04626
39	141	1.05414
39	157	1.07256
39	164	1.03636
39	165	1.06497
39	168	0.986113
39	172	0.892045
39	175	1.04742
39	176	0.893571
40	27	0.611846
40	34	0.683641
40	81	1.35118
40	98	1.15937
40	105	0.113626
40	109	0.543466
40	131	1.30178
40	137	0.540312
40	150	1.24428
40	158	1.21326
40	162	1.22799
40	165	1.27177
40	175	1.25422
40	179	1.17625
41	22	0.421272
41	97	0.526563
41	104	0.436648
41	131	1.35591
41	142	1.08892
41	158	1.2674
41	160	0.462305
41	161	1.28327
41	171	1.27111
41	174	0.5536
41	175	1.30835
41	176	1.15451
41	178	1.24025
41	179	1.23038
42	93	1.17139
42	96	0.306199
42	134	0.740606
42	138	1.09243
42	148	1.11334
42	157	1.17474
42	158	1.10864
42	161	1.12452
42	162	1.12337
42	164	1.13854
42	174	0.715534
42	177	0.633339
42	178	1.0815
42	179	1.07163
43	21	0.726383
43	33	1.17035
43	84	0.806618
43	92	0.338412
43	144	1.19127
43	147	0.620097
43	155	1.15444
43	157	1.16474
43	159	1.13955
43	161	1.11452
43	168	1.0783
43	175	1.1396
43	176	0.985756
43	179	1.06163
44	98	1.06825
44	99	0.680468
44	109	0.626252
44	130	1.21379
44	138	1.10593
44	150	1.15316
44	159	1.16305
44	160	0.54471
44	165	1.18065
44	171	1.12585
44	176	1.00925
44	177	0.553811
44	178	1.095
44	179	1.08512
45	35	1.14101
45	39	1.04542
45	49	1.03491
45	69	1.22316
45	124	0.656741
45	131	1.20012
45	144	1.20423
45	147	0.53945
45	163	0.627227
45	171	1.11531
45	172	0.577188
45	175	1.15256
45	176	0.99871
45	178	1.08446
46	99	1.0866
46	129	1.14598
46	133	1.09179
46	148	0.823059
46	154	1.10845
46	155	0.739705
46	160	1.12335
46	165	0.669623
46	166	1.13943
46	169	1.12883
46	172	1.11853
46	177	1.12484
46	178	0.972393
46	180	1.13224
47	8	1.35655
47	9	1.3152
47	31	1.32245
47	34	1.24909
47	69	0.498914
47	96	1.25087
47	105	1.2941
47	112	1.31918
47	114	0.598215
47	130	0.624541
47	136	1.01178
47	158	0.682986
47	173	1.08082
47	179	0.890556
48	98	1.04853
48	99	0.670795
48	116	0.558001
48	125	1.17129
48	143	1.14748
48	144	1.19505
48	150	1.13344
48	161	1.1183
48	164	1.13233
48	168	1.08208
48	171	1.10614
48	174	0.626332
48	179	1.06541
48	180	0.551675
49	45	1.03491
49	61	1.10319
49	96	0.75281
49	105	0.722552
49	117	1.04483
49	132	1.008
49	150	1.02697
49	152	0.96971
49	164	1.02585
49	165	1.05446
49	168	0.975602
49	175	1.03691
49	178	0.968808
49	179	0.958936
50	68	0.751034
50	87	1.00192
50	101	0.864007
50	138	1.03018
50	141	1.09407
50	149	1.11522
50	152	1.02015
50	162	1.06113
50	166	0.834949
50	168	1.02605
50	171	1.0501
50	173	0.889965
50	176	0.933505
50	178	1.01925
50	179	1.00938
51	117	1.14359
51	128	1.11234
51	137	0.716823
51	138	1.0785
51	147	0.584838
51	155	1.15051
51	161	1.11059
51	164	1.12462
51	167	0.645278
51	168	1.07437
51	171	1.09842
51	176	0.981826
51	178	1.06757
51	179	1.0577
51	180	0.655073
52	97	0.742824
52	108	0.697907
52	122	0.507417
52	138	1.08979
52	140	1.13862
52	142	0.927532
52	150	1.13702
52	159	1.14692
52	161	1.12188
52	162	1.12074
52	164	1.13591
52	169	0.649363
52	171	1.10972
52	176	0.993116
52	178	1.07886
53	4	1.27477
53	12	1.26775
53	24	1.23938
53	70	1.16717
53	71	0.166951
53	87	1.17275
53	92	1.24051
53	100	1.28795
53	120	1.09174
53	136	3.69873
53	151	1.04819
53	153	1.20957
53	155	0.135714
53	170	0.132777
53	178	0.179841
54	11	1.1303
54	90	1.07232
54	134	1.05565
54	149	0.584752
54	160	1.09482
54	162	0.676273
54	163	1.08238
54	166	1.11091
54	167	1.09379
54	169	1.1003
54	172	1.09
54	174	1.09984
54	177	1.09632
54	178	0.908642
54	180	1.10372
55	24	1.25365
55	28	1.18425
55	64	1.29447
55	96	1.2138
55	100	1.30222
55	127	0.509956
55	151	1.06245
55	157	1.26627
55	161	1.21605
55	166	0.450963
55	172	0.469915
55	173	1.04374
55	174	0.577069
55	177	0.494874
55	179	1.16316
56	37	0.799858
56	60	1.12748
56	89	0.792804
56	93	0.798255
56	127	1.08455
56	129	1.13302
56	145	1.08965
56	160	1.11039
56	165	0.903829
56	167	1.10936
56	170	0.89344
56	172	1.10557
56	174	1.11541
56	177	1.11188
56	180	1.11929
57	3	0.670087
57	10	1.01178
57	14	1.15671
57	15	1.15211
57	38	0.80218
57	58	1.04134
57	73	1.0768
57	119	1.14816
57	121	1.14476
57	122	1.18704
57	123	1.11492
57	148	0.921476
57	153	1.0782
57	170	0.888312
57	175	0.808937
58	10	1.0167
58	14	1.16163
58	57	1.04134
58	73	1.08171
58	89	1.10774
58	119	1.15308
58	120	0.864421
58	121	1.14967
58	122	1.19195
58	123	1.11984
58	130	0.178256
58	151	1.26249
58	153	1.08311
58	170	0.893227
58	173	1.22108
59	64	1.23609
59	69	0.592092
59	112	1.22373
59	119	1.23542
59	121	1.23202
59	123	1.20218
59	125	0.654052
59	133	1.16097
59	134	1.15335
59	150	0.722791
59	170	0.975573
59	171	0.767156
59	173	0.985365
59	177	1.19402
59	178	0.963878
59	180	1.20142
60	32	0.570099
60	56	1.12748
60	118	1.15634
60	137	1.19026
60	141	0.710564
60	142	0.961987
60	148	0.756582
60	160	1.19119
60	166	1.20727
60	167	1.19016
60	172	1.18637
60	174	1.19621
60	175	0.644042
60	177	1.19268
60	179	0.925771
60	180	1.20009
61	49	1.10319
61	63	1.12756
61	65	0.559237
61	116	0.52989
61	127	0.531109
61	139	0.564378
61	148	1.18458
61	161	1.19576
61	162	1.19461
61	164	1.20978
61	165	1.23839
61	171	1.18359
61	176	1.06699
61	178	1.15274
61	179	1.14287
61	180	0.523564
62	26	0.51395
62	85	0.672737
62	109	0.560253
62	125	1.25104
62	128	1.1998
62	143	1.22723
62	152	1.15593
62	167	0.485555
62	168	1.16183
62	171	1.18588
62	173	1.02575
62	174	0.570006
62	175	1.22313
62	176	1.06928
62	178	1.15503
62	179	1.14516
63	24	1.07379
63	61	1.12756
63	70	1.00159
63	72	0.74425
63	87	1.00716
63	110	1.04139
63	116	0.699029
63	121	1.11054
63	122	1.15282
63	123	1.0807
63	146	0.715013
63	149	1.08914
63	153	1.04398
63	161	1.03619
63	162	1.03505
63	169	0.646863
64	9	1.24489
64	31	1.25215
64	34	1.17879
64	39	0.633923
64	55	1.29447
64	59	1.23609
64	91	0.313182
64	96	1.18056
64	105	1.22379
64	112	1.24887
64	136	0.941475
64	142	0.988463
64	161	0.466571
64	170	1.84004
64	173	1.01051
64	175	0.3723
65	2	0.52518
65	32	0.624648
65	61	0.559237
65	111	1.17417
65	147	1.16821
65	154	1.14665
65	161	0.792862
65	163	1.1491
65	166	1.17762
65	167	1.16051
65	168	0.898829
65	169	1.16702
65	172	1.15672
65	174	1.16656
65	177	1.16303
65	180	1.17044
66	23	0.641953
66	73	1.19635
66	105	1.23094
66	112	1.25602
66	121	1.26431
66	122	1.30659
66	133	0.616837
66	156	1.17518
66	163	0.552609
66	169	0.489226
66	170	1.00787
66	172	0.50257
66	173	1.01766
66	176	1.0612
66	178	1.14694
66	179	1.13707
67	29	0.832669
67	86	1.23855
67	108	0.444824
67	114	1.15889
67	133	0.523891
67	134	0.54185
67	149	1.22482
67	152	1.12976
67	153	0.462557
67	164	1.1859
67	165	1.21451
67	171	1.15971
67	175	1.19695
67	176	1.04311
67	178	1.12886
67	179	1.11898
68	50	0.751034
68	69	0.888832
68	81	0.915189
68	120	0.683109
68	121	0.867501
68	122	0.90978
68	123	0.837664
68	134	0.78883
68	168	0.756928
68	169	0.833485
68	170	0.611055
68	177	0.829498
68	178	0.750134
68	179	0.740262
68	180	0.836901
69	1	0.814774
69	45	1.22316
69	47	0.498914
69	59	0.592092
69	68	0.888832
69	102	0.542258
69	103	1.16478
69	114	1.18708
69	115	1.19176
69	141	1.23187
69	143	1.22925
69	162	1.19893
69	171	1.1879
69	175	1.22515
69	176	1.0713
69	180	0.553005
70	4	1.14277
70	12	1.13575
70	24	1.10738
70	53	1.16717
70	63	1.00159
70	74	1.3602
70	87	1.04075
70	92	1.10851
70	100	1.15595
70	106	0.986571
70	120	0.959739
70	150	0.755063
70	151	0.916186
70	153	1.07757
70	165	0.69338
70	171	0.799429
71	53	0.166951
71	115	1.10847
71	116	0.77518
71	119	0.503425
71	131	1.18941
71	135	1.14069
71	143	1.14595
71	146	0.791163
71	149	1.16971
71	155	1.15669
71	157	1.16699
71	158	1.10089
71	159	1.1418
71	175	1.14185
71	177	0.761316
71	178	1.07375
71	179	1.06388
72	37	0.569598
72	63	0.74425
72	107	1.10176
72	131	0.625537
72	139	1.15925
72	145	1.11846
72	146	1.12081
72	154	1.1243
72	160	1.1392
72	163	1.12675
72	167	1.13817
72	169	1.14467
72	171	0.779617
72	172	1.13438
72	174	1.14421
72	178	0.976339
72	180	1.14809
73	10	1.05215
73	14	1.19708
73	15	1.19248
73	38	0.34785
73	57	1.0768
73	58	1.08171
73	66	1.19635
73	119	1.18853
73	120	1.14557
73	121	1.18513
73	122	1.22741
73	123	1.15529
73	152	0.518909
73	153	1.11857
73	165	0.31371
73	170	0.928682
73	173	1.50223
74	24	0.979467
74	70	1.3602
74	96	0.954166
74	106	0.896743
74	119	1.05771
74	121	1.0543
74	122	1.09658
74	136	0.738616
74	141	1.01175
74	148	0.968779
74	152	0.937838
74	158	0.964079
74	166	1.03089
74	170	0.797858
74	175	1.00503
74	177	1.0163
74	180	1.0237
75	84	0.546959
75	90	0.520905
75	102	0.419926
75	130	1.35192
75	138	1.24406
75	148	1.26497
75	150	1.29129
75	152	1.23403
75	161	1.27614
75	166	0.379225
75	168	1.23992
75	170	1.09405
75	174	0.505331
75	176	1.14738
75	178	1.23313
75	179	1.22325
75	180	0.430673
76	8	1.88385
76	31	1.31615
76	103	0.879417
76	117	0.947711
76	119	0.992463
76	120	0.804666
76	121	0.989058
76	122	1.03134
76	123	0.959221
76	142	0.72036
76	165	0.957341
76	168	0.878486
76	172	0.944743
76	176	0.785944
76	177	0.951055
76	180	0.958458
77	23	1.13801
77	84	1.12018
77	89	0.662015
77	113	0.84892
77	116	1.19097
77	118	1.11867
77	127	1.12769
77	131	0.725009
77	160	1.15352
77	164	0.839578
77	166	1.16961
77	169	1.159
77	173	0.946366
77	174	1.15854
77	175	0.813937
77	177	1.15502
77	180	1.16242
78	88	1.0163
78	109	1.07792
78	120	0.896149
78	127	1.02056
78	135	1.03011
78	136	0.764854
78	142	0.811842
78	144	1.08294
78	159	1.03123
78	161	1.00619
78	165	1.04882
78	168	0.969968
78	171	0.994026
78	175	1.03127
78	177	1.00548
78	178	0.963174
78	179	0.953302
79	12	1.18591
79	92	1.15867
79	100	1.20611
79	119	1.1977
79	120	1.0099
79	123	1.16446
79	130	0.756777
79	135	0.706772
79	145	1.13406
79	148	0.853602
79	153	1.12774
79	162	0.770566
79	167	1.15377
79	169	1.16028
79	170	0.937848
79	171	0.806214
79	180	1.16369
80	83	0.658813
80	107	1.06884
80	116	1.14372
80	137	1.10534
80	146	1.08788
80	147	1.11295
80	152	0.866076
80	156	0.867666
80	160	1.10627
80	164	0.727416
80	166	1.12236
80	167	1.10524
80	169	1.11175
80	172	1.10145
80	174	1.11129
80	177	1.10777
80	179	0.983503
80	180	1.11517
81	17	0.550274
81	30	0.633587
81	40	1.35118
81	68	0.915189
81	106	1.14321
81	107	0.588317
81	110	1.23163
81	122	0.330219
81	139	0.55882
81	155	1.26634
81	158	1.21055
81	163	0.535548
81	165	1.26906
81	168	1.1902
81	171	1.21426
81	175	1.25151
81	178	1.18341
81	179	1.17354
82	102	1.12596
82	103	0.861557
82	133	1.07719
82	137	1.10781
82	139	1.1288
82	146	1.09035
82	147	1.11542
82	154	1.09385
82	157	0.701955
82	161	0.831176
82	162	0.766408
82	163	1.0963
82	166	1.12483
82	167	1.10771
82	168	0.937143
82	172	1.10392
82	177	1.11024
82	180	1.11764
83	29	1.01051
83	80	0.658813
83	88	1.14009
83	112	0.41354
83	135	1.15391
83	140	1.14672
83	149	1.18293
83	152	1.08787
83	160	0.603319
83	161	1.12999
83	162	1.12884
83	164	1.14401
83	165	1.17262
83	167	0.610163
83	170	0.947888
83	176	1.00122
83	178	1.08697
83	179	1.07709
84	43	0.806618
84	75	0.546959
84	77	1.12018
84	90	1.11824
84	109	1.10268
84	120	0.995852
84	124	1.1245
84	128	0.899253
84	139	1.16081
84	141	0.845726
84	160	1.14075
84	164	0.804846
84	167	1.13972
84	170	0.923798
84	172	1.13593
84	174	1.14577
84	177	1.14224
84	180	1.14964
85	17	1.07222
85	62	0.672737
85	86	0.807601
85	102	1.10085
85	116	1.12108
85	126	1.06671
85	137	1.0827
85	141	0.906828
85	149	0.77829
85	154	1.06874
85	163	1.07119
85	166	1.09971
85	167	1.0826
85	168	1.04054
85	169	1.08911
85	172	1.07881
85	174	1.08865
85	177	1.08512
85	180	1.09253
86	67	1.23855
86	85	0.807601
86	119	0.364785
86	123	0.205356
86	131	1.24371
86	135	1.19499
86	139	0.671028
86	148	1.15989
86	149	1.22401
86	150	1.18621
86	151	1.01747
86	155	1.21098
86	158	1.15519
86	160	0.613575
86	164	1.18509
86	165	1.2137
86	176	1.0423
86	177	0.622676
86	178	1.12805
87	4	1.14834
87	12	1.14132
87	24	1.11295
87	37	1.08342
87	38	1.09078
87	50	1.00192
87	53	1.17275
87	63	1.00716
87	70	1.04075
87	92	1.11408
87	100	1.16152
87	104	1.12977
87	106	0.992142
87	110	0.71724
87	144	0.693584
87	151	0.921757
87	153	1.08314
87	155	0.807631
87	168	0.978684
88	78	1.0163
88	83	1.14009
88	104	0.700429
88	123	0.317866
88	125	1.16748
88	136	0.873155
88	137	0.804474
88	143	1.14367
88	156	1.09971
88	160	0.726086
88	162	1.11335
88	164	1.12852
88	165	1.15712
88	171	1.10233
88	175	1.13957
88	176	0.985728
88	178	1.07147
88	179	1.0616
88	180	0.742724
89	32	1.16573
89	56	0.792804
89	58	1.10774
89	77	0.662015
89	96	1.13455
89	99	0.630117
89	105	1.17778
89	112	1.20287
89	119	1.21456
89	121	1.21115
89	122	1.25343
89	123	1.18132
89	126	0.559566
89	132	0.431507
89	152	1.09469
89	156	1.12203
89	163	0.528539
89	173	0.9645
89	175	1.16188
89	176	1.00804
90	54	1.07232
90	75	0.520905
90	84	1.11824
90	113	0.788134
90	133	1.12003
90	137	1.15066
90	147	1.15826
90	154	1.13669
90	158	0.827309
90	159	0.736117
90	160	1.15159
90	161	0.847421
90	164	0.778792
90	166	1.16767
90	167	1.15056
90	169	1.15707
90	172	1.14677
90	174	1.15661
90	177	1.15308
90	180	1.16048
91	64	0.313182
91	94	1.15336
91	98	1.09752
91	99	0.722921
91	113	1.16428
91	114	1.1543
91	133	0.685571
91	135	1.19121
91	141	1.19909
91	149	1.22024
91	160	0.587163
91	161	1.16729
91	164	1.18132
91	167	0.594007
91	168	1.13107
91	170	0.985193
91	175	1.19237
91	176	1.03852
91	178	1.12427
91	180	0.603801
92	4	1.21611
92	12	1.20908
92	24	1.18071
92	37	1.15119
92	38	1.15855
92	43	0.338412
92	53	1.24051
92	70	1.10851
92	79	1.15867
92	87	1.11408
92	100	1.22928
92	106	1.05991
92	117	0.312078
92	120	1.03307
92	151	0.989521
92	153	1.15091
92	157	0.27605
92	170	1.77874
92	171	0.37615
92	173	1.45862
93	7	1.13331
93	42	1.17139
93	56	0.798255
93	107	0.58676
93	116	0.522774
93	124	0.563505
93	135	1.17518
93	141	1.18306
93	143	1.18044
93	145	0.547901
93	152	1.10914
93	155	1.19118
93	158	1.13538
93	159	1.17629
93	164	1.16529
93	165	1.19389
93	172	0.483951
93	173	0.978955
93	178	1.10824
93	179	1.09837
94	28	1.05865
94	91	1.15336
94	125	1.14345
94	134	0.784102
94	135	1.11438
94	136	0.849118
94	156	1.07568
94	159	1.11549
94	162	1.08931
94	164	1.10448
94	165	1.13309
94	166	0.632924
94	167	0.674578
94	168	1.05423
94	170	0.908359
94	172	0.651876
94	174	0.759029
94	175	1.11554
94	178	1.04744
94	179	1.03757
95	10	1.15932
95	100	1.30411
95	111	0.441998
95	119	1.2957
95	120	1.1079
95	121	1.2923
95	123	1.26246
95	127	0.521454
95	132	0.434419
95	137	0.575659
95	138	1.18586
95	151	1.06435
95	153	1.22574
95	154	0.55082
95	159	1.24298
95	169	0.468068
95	170	1.03585
95	171	1.20578
95	175	1.24303
95	178	1.17493
95	180	0.513909
96	8	1.20557
96	9	1.16422
96	16	1.21455
96	31	1.17147
96	34	1.09811
96	42	0.306199
96	47	1.25087
96	49	0.75281
96	55	1.2138
96	64	1.18056
96	74	0.954166
96	89	1.13455
96	104	1.15655
96	105	1.14311
96	112	1.1682
96	113	0.363224
96	136	0.860798
96	142	0.907786
96	164	0.353882
96	170	1.79598
96	173	0.929831
97	41	0.526563
97	52	0.742824
97	108	1.16461
97	111	1.12871
97	124	1.09983
97	126	1.09916
97	129	1.13871
97	133	1.08452
97	139	1.13614
97	155	0.739724
97	160	1.11608
97	163	1.10364
97	166	1.13216
97	168	0.910777
97	169	1.12156
97	172	1.11126
97	174	1.1211
97	175	0.710539
97	177	1.11757
97	178	0.972412
97	180	1.12497
98	8	0.272113
98	40	1.15937
98	44	1.06825
98	48	1.04853
98	91	1.09752
98	125	1.08761
98	130	1.1104
98	133	0.955464
98	135	1.05854
98	138	1.00253
98	140	1.05136
98	158	1.01875
98	160	0.857056
98	162	1.03348
98	163	0.891236
98	165	1.07725
98	168	0.998398
98	169	0.827853
98	171	1.02246
98	175	1.0597
98	176	0.905856
99	44	0.680468
99	46	1.0866
99	48	0.670795
99	89	0.630117
99	91	0.722921
99	109	1.09928
99	129	1.15997
99	132	1.15894
99	133	1.10579
99	139	1.15741
99	143	0.821386
99	154	1.12245
99	160	1.13735
99	161	0.876309
99	163	1.1249
99	166	1.15343
99	167	1.13632
99	173	0.930187
99	174	1.14236
99	177	1.13884
99	180	1.14624
100	12	1.25652
100	24	1.22815
100	53	1.28795
100	55	1.30222
100	70	1.15595
100	79	1.20611
100	87	1.16152
100	92	1.22928
100	95	1.30411
100	104	1.24498
100	106	1.10735
100	115	0.281661
100	120	1.08051
100	142	1.40619
100	143	0.107226
100	151	1.03696
100	153	1.19835
100	161	0.155717
100	170	1.44064
100	173	1.12052
100	176	0.45313
101	50	0.864007
101	102	1.13453
101	109	1.07925
101	118	1.08246
101	124	1.10106
101	132	1.1389
101	140	0.632142
101	141	0.707051
101	143	0.679876
101	145	1.09657
101	146	1.09892
101	160	1.11731
101	163	1.10487
101	166	1.1334
101	169	1.12279
101	172	1.11249
101	173	0.910155
101	174	1.12233
101	176	1.12076
101	177	1.11881
101	178	0.902402
101	180	1.12621
102	18	0.698602
102	69	0.542258
102	75	0.419926
102	82	1.12596
102	85	1.10085
102	101	1.13453
102	118	1.15646
102	130	0.667886
102	132	1.2129
102	134	1.15214
102	147	1.19798
102	154	1.17642
102	160	1.19131
102	162	0.681675
102	163	1.17887
102	169	1.19679
102	172	1.18649
102	174	1.19633
102	175	0.652172
102	176	1.13241
102	177	1.1928
102	180	1.20021
103	69	1.16478
103	76	0.879417
103	82	0.861557
103	127	0.795116
103	129	0.779136
103	150	1.08424
103	151	0.915501
103	152	1.02698
103	155	1.10901
103	159	1.09413
103	162	1.06795
103	164	1.08312
103	165	1.11173
103	168	1.03287
103	171	1.05693
103	173	0.896792
103	175	1.09418
103	176	0.940331
103	177	0.780033
103	178	1.02608
103	179	1.01621
103	180	0.78757
104	4	1.2318
104	8	1.26224
104	12	1.22478
104	28	0.757422
104	41	0.436648
104	87	1.12977
104	88	0.700429
104	96	1.15655
104	100	1.24498
104	105	1.19979
104	112	1.22487
104	150	0.641409
104	152	0.784926
104	153	1.1666
104	165	0.579727
104	169	1.19914
104	170	0.976711
104	173	0.986503
104	174	1.19868
104	177	1.19515
104	179	0.902353
104	180	1.20256
105	5	1.02095
105	8	1.2488
105	9	1.20745
105	16	1.25779
105	19	0.255363
105	31	1.2147
105	34	1.14134
105	40	0.113626
105	47	1.2941
105	49	0.722552
105	64	1.22379
105	66	1.23094
105	89	1.17778
105	96	1.14311
105	104	1.19979
105	112	1.21143
105	136	0.904029
105	142	0.951017
105	143	0.337331
105	151	1.48702
105	170	1.76573
105	171	0.363135
105	173	0.973062
106	70	0.986571
106	74	0.896743
106	81	1.14321
106	87	0.992142
106	92	1.05991
106	100	1.10735
106	117	1.05418
106	118	0.831271
106	119	1.09893
106	121	1.09553
106	122	1.13781
106	123	1.06569
106	147	0.763155
106	153	1.02897
106	160	0.816751
106	166	0.781942
106	170	0.839081
106	171	1.00901
106	174	0.908047
106	175	1.04626
106	176	0.892412
106	178	0.978159
106	179	0.968288
107	72	1.10176
107	80	1.06884
107	81	0.588317
107	93	0.58676
107	108	1.18519
107	114	0.722619
107	127	1.11082
107	134	1.09748
107	139	1.15672
107	146	1.11827
107	147	1.14333
107	154	1.12176
107	157	0.698281
107	160	1.13666
107	163	1.12421
107	164	0.758872
107	167	1.13563
107	168	0.933468
107	169	1.14214
107	172	1.13184
107	174	1.14167
107	177	1.13815
107	179	1.01496
107	180	1.14555
108	33	0.604984
108	37	0.520754
108	52	0.697907
108	67	0.444824
108	97	1.16461
108	107	1.18519
108	109	1.18456
108	116	1.26007
108	124	1.20638
108	134	1.18345
108	135	0.631331
108	143	0.704969
108	145	1.20189
108	151	1.03418
108	154	1.20773
108	159	0.648589
108	163	1.21018
108	166	1.23871
108	167	1.2216
108	169	1.22811
108	172	1.21781
108	177	1.22412
108	179	0.94735
108	180	1.23152
109	25	1.12127
109	40	0.543466
109	44	0.626252
109	62	0.560253
109	78	1.07792
109	84	1.10268
109	99	1.09928
109	101	1.07925
109	108	1.18456
109	125	0.679869
109	127	1.11019
109	139	1.15609
109	140	0.719435
109	146	1.11764
109	152	0.892125
109	154	1.12113
109	160	1.13603
109	163	1.12359
109	166	1.15211
109	169	1.14151
109	172	1.13121
109	174	1.14105
109	177	1.13752
109	180	1.14492
110	26	0.620314
110	33	1.16541
110	34	0.806792
110	63	1.04139
110	81	1.23163
110	87	0.71724
110	113	1.10658
110	125	1.16258
110	126	0.650282
110	128	1.11133
110	141	1.14139
110	143	1.13877
110	150	1.12473
110	153	0.622149
110	159	1.13462
110	162	1.10845
110	164	1.12362
110	167	0.591918
110	168	1.07337
110	171	1.09742
110	175	1.13467
110	176	0.980824
110	177	0.594176
110	178	1.06657
110	179	1.0567
111	11	1.07454
111	27	1.17499
111	33	0.530371
111	65	1.17417
111	95	0.441998
111	97	1.12871
111	117	0.592087
111	127	1.16089
111	133	1.15517
111	134	1.14755
111	135	0.556718
111	145	1.16598
111	147	1.1934
111	152	0.75531
111	156	0.756899
111	160	1.18672
111	163	1.17428
111	166	1.20281
111	167	1.18569
111	168	0.791246
111	169	1.1922
111	172	1.1819
111	174	1.19174
111	177	1.18822
111	180	1.19562
112	5	1.04603
112	8	1.27388
112	9	1.23253
112	16	1.28287
112	31	1.23978
112	34	1.16642
112	47	1.31918
112	59	1.22373
112	64	1.24887
112	66	1.25602
112	83	0.41354
112	89	1.20287
112	96	1.1682
112	104	1.22487
112	105	1.21143
112	115	0.765268
112	136	0.929112
112	142	0.9761
112	152	0.620803
112	156	0.622392
112	168	0.656739
112	170	1.92424
112	173	0.998145
112	174	0.0227899
112	178	0.718374
113	77	0.84892
113	90	0.788134
113	91	1.16428
113	96	0.363224
113	110	1.10658
113	124	0.744959
113	129	0.689468
113	143	1.13056
113	144	1.17813
113	150	1.11652
113	155	1.1413
113	156	1.0866
113	157	1.1516
113	158	1.0855
113	159	1.12641
113	162	1.10024
113	163	0.715444
113	164	1.11541
113	165	1.14401
113	168	1.06516
113	169	0.652061
113	170	0.919283
113	171	1.08921
113	176	0.972615
113	178	1.05836
113	179	1.04849
114	34	0.857386
114	47	0.598215
114	67	1.15889
114	69	1.18708
114	91	1.1543
114	107	0.722619
114	130	1.16718
114	131	1.16404
114	132	0.572817
114	137	0.714057
114	144	1.16815
114	145	0.68376
114	152	1.04929
114	155	1.13132
114	156	1.07662
114	157	1.14163
114	158	1.07553
114	159	1.11644
114	168	1.05518
114	170	0.909306
114	171	1.07924
114	175	1.11648
114	176	0.962637
114	178	1.04838
114	179	1.03851
114	180	0.652307
115	14	0.178146
115	19	1.15804
115	25	0.997068
115	69	1.19176
115	71	1.10847
115	100	0.281661
115	112	0.765268
115	124	1.01874
115	128	1.09783
115	136	0.854747
115	144	1.17284
115	148	1.08491
115	150	1.11123
115	151	0.942489
115	155	1.136
115	157	1.14631
115	159	1.12112
115	161	1.09609
115	164	1.11011
115	165	1.13872
115	166	0.920237
115	170	0.913988
115	171	1.08392
115	172	0.939189
115	175	1.12116
115	176	0.96732
115	179	1.0432
116	48	0.558001
116	61	0.52989
116	63	0.699029
116	71	0.77518
116	77	1.19097
116	80	1.14372
116	85	1.12108
116	93	0.522774
116	108	1.26007
116	124	1.19529
116	132	1.23313
116	134	1.17237
116	139	1.2316
116	145	1.1908
116	146	1.19315
116	149	0.607228
116	150	0.69003
116	153	1.18448
116	159	0.652212
116	161	0.763516
116	163	1.1991
116	167	1.21051
116	169	1.21702
116	172	1.20672
116	174	1.21656
116	177	1.21303
116	180	1.22044
117	39	1.05534
117	49	1.04483
117	51	1.14359
117	76	0.947711
117	92	0.312078
117	106	1.05418
117	111	0.592087
117	125	1.19038
117	126	0.712566
117	127	0.671543
117	130	1.21317
117	139	0.704812
117	141	1.16919
117	143	1.16657
117	148	1.12621
117	152	1.09527
117	154	0.700909
117	157	1.18761
117	158	1.12151
117	159	1.16242
117	164	1.15142
117	165	1.18002
117	167	0.654203
117	171	1.12522
117	175	1.16247
117	176	1.00862
117	177	0.65646
117	178	1.09437
118	20	1.12718
118	27	1.12751
118	60	1.15634
118	77	1.11867
118	101	1.08246
118	102	1.15646
118	106	0.831271
118	124	1.12299
118	127	1.1134
118	131	0.571872
118	132	1.16083
118	133	1.10769
118	134	1.10007
118	145	1.1185
118	154	1.12435
118	157	0.625851
118	159	0.643767
118	160	1.13924
118	165	0.619903
118	169	1.14472
118	172	1.13442
118	173	0.932084
118	174	1.14426
118	176	1.14104
118	177	1.14073
118	178	0.922673
118	179	0.942529
118	180	1.14814
119	10	1.12352
119	14	1.26845
119	15	1.26384
119	37	1.19021
119	57	1.14816
119	58	1.15308
119	59	1.23542
119	71	0.503425
119	73	1.18853
119	74	1.05771
119	76	0.992463
119	79	1.1977
119	86	0.364785
119	89	1.21456
119	95	1.2957
119	106	1.09893
119	121	1.25649
119	122	1.29877
119	123	1.22665
119	142	1.83078
119	144	0.312629
119	153	1.18993
119	156	0.563381
119	162	0.426994
119	164	0.423132
119	165	0.356593
119	170	1.00005
119	173	1.54511
120	53	1.09174
120	58	0.864421
120	68	0.683109
120	70	0.959739
120	73	1.14557
120	76	0.804666
120	78	0.896149
120	79	1.0099
120	84	0.995852
120	92	1.03307
120	95	1.1079
120	100	1.08051
120	121	0.968833
120	122	1.2661
120	123	1.02903
120	136	0.753008
120	144	1.0711
120	155	1.03426
120	159	1.01938
120	160	1.0292
120	161	0.994347
120	167	1.02817
120	170	0.812249
120	174	1.03422
120	177	1.03069
120	178	0.951328
120	179	0.941456
120	180	1.0381
121	10	1.12011
121	14	1.26504
121	15	1.26044
121	57	1.14476
121	58	1.14967
121	59	1.23202
121	63	1.11054
121	66	1.26431
121	68	0.867501
121	73	1.18513
121	74	1.0543
121	76	0.989058
121	89	1.21115
121	95	1.2923
121	106	1.09553
121	119	1.25649
121	120	0.968833
121	122	1.29537
121	123	1.22325
121	128	0.297916
121	131	0.165641
121	142	1.61116
121	151	1.36691
121	153	1.18653
121	156	0.343759
121	170	0.996641
121	173	1.32549
121	175	0.177868
121	179	0.459597
122	2	1.37644
122	10	1.16239
122	14	1.30732
122	15	1.30272
122	37	1.22909
122	38	0.468375
122	52	0.507417
122	57	1.18704
122	58	1.19195
122	63	1.15282
122	66	1.30659
122	68	0.90978
122	73	1.22741
122	74	1.09658
122	76	1.03134
122	81	0.330219
122	89	1.25343
122	106	1.13781
122	119	1.29877
122	120	1.2661
122	121	1.29537
122	123	1.26553
122	130	0.490846
122	149	0.413116
122	153	1.22881
122	155	0.504317
122	161	0.569403
122	165	0.434235
122	170	1.03892
122	173	1.62275
123	2	1.30433
123	5	1.03416
123	10	1.09027
123	14	1.23521
123	15	1.2306
123	37	1.15697
123	57	1.11492
123	58	1.11984
123	59	1.20218
123	63	1.0807
123	68	0.837664
123	73	1.15529
123	76	0.959221
123	79	1.16446
123	86	0.205356
123	88	0.317866
123	89	1.18132
123	95	1.26246
123	106	1.06569
123	119	1.22665
123	120	1.02903
123	121	1.22325
123	122	1.26553
123	138	0.30815
123	141	0.304582
123	151	1.4271
123	153	1.15669
123	170	0.966803
123	173	1.38568
123	179	0.519789
124	1	1.05536
124	13	1.05064
124	27	1.14612
124	45	0.656741
124	84	1.1245
124	93	0.563505
124	97	1.09983
124	101	1.10106
124	108	1.20638
124	113	0.744959
124	115	1.01874
124	116	1.19529
124	118	1.12299
124	132	1.17944
124	137	1.15691
124	145	1.13711
124	154	1.14295
124	155	0.73916
124	157	0.675026
124	159	0.692942
124	162	0.739479
124	163	1.1454
124	165	0.669078
124	166	1.17393
124	167	1.15682
124	169	1.16333
124	172	1.15303
124	174	1.16286
124	177	1.15934
124	180	1.16674
125	24	0.305587
125	48	1.17129
125	59	0.654052
125	62	1.25104
125	88	1.16748
125	94	1.14345
125	98	1.08761
125	109	0.679869
125	110	1.16258
125	117	1.19038
125	128	1.15913
125	132	0.535475
125	134	0.714694
125	137	0.676715
125	139	0.655779
125	143	1.18656
125	147	0.54473
125	150	1.17252
125	152	1.11526
125	153	0.635401
125	155	1.1973
125	156	1.1426
125	157	1.2076
125	162	1.15624
125	168	1.12116
125	170	0.975284
125	171	1.14521
125	176	1.02861
125	178	1.11436
125	179	1.10449
126	1	1.05469
126	13	1.04997
126	39	0.97311
126	85	1.06671
126	89	0.559566
126	97	1.09916
126	110	0.650282
126	117	0.712566
126	127	1.13134
126	132	1.17877
126	133	1.12562
126	134	1.118
126	137	1.15624
126	139	1.17724
126	142	0.927974
126	146	1.13879
126	154	1.14228
126	158	0.785647
126	159	0.694454
126	160	1.15718
126	161	0.805758
126	162	0.740991
126	163	1.14473
126	166	1.17326
126	167	1.15615
126	169	1.16266
126	171	0.776639
126	172	1.15236
126	174	1.16219
126	177	1.15867
126	180	1.16607
127	20	1.1362
127	30	1.1291
127	55	0.509956
127	56	1.08455
127	61	0.531109
127	77	1.12769
127	78	1.02056
127	95	0.521454
127	103	0.795116
127	107	1.11082
127	109	1.11019
127	111	1.16089
127	117	0.671543
127	118	1.1134
127	126	1.13134
127	134	1.10908
127	139	1.16832
127	145	1.12752
127	147	1.15493
127	149	0.608447
127	150	0.691249
127	163	1.13582
127	166	1.16434
127	167	1.14723
127	169	1.15374
127	170	0.931308
127	172	1.14344
127	174	1.15328
127	176	1.1507
127	177	1.14975
127	180	1.15715
128	22	0.725296
128	24	0.473589
128	51	1.11234
128	62	1.1998
128	84	0.899253
128	110	1.11133
128	115	1.09783
128	121	0.297916
128	125	1.15913
128	130	1.18191
128	133	0.864737
128	136	0.864796
128	144	1.18289
128	149	1.15908
128	152	1.06402
128	155	1.14605
128	156	1.09135
128	157	1.15636
128	159	1.13117
128	160	0.766329
128	163	0.800509
128	165	1.14877
128	168	1.06991
128	170	0.924037
128	171	1.09397
128	173	0.933829
128	175	1.13121
128	176	0.977368
128	177	0.77543
128	178	1.06312
129	20	1.18466
129	22	1.17451
129	33	0.593846
129	35	0.59987
129	46	1.14598
129	56	1.13302
129	97	1.13871
129	99	1.15997
129	103	0.779136
129	113	0.689468
129	130	0.670198
129	133	1.16517
129	145	1.17598
129	146	1.17833
129	147	1.2034
129	154	1.18183
129	158	0.728643
129	160	1.19672
129	162	0.683988
129	163	1.18428
129	164	0.680126
129	166	1.21281
129	167	1.19569
129	169	1.2022
129	170	0.979774
129	172	1.1919
129	173	0.989565
129	174	1.20174
129	175	0.654484
129	177	1.19822
129	178	0.916357
129	180	1.20562
130	4	0.244514
130	18	1.23403
130	44	1.21379
130	47	0.624541
130	58	0.178256
130	75	1.35192
130	79	0.756777
130	98	1.1104
130	102	0.667886
130	114	1.16718
130	117	1.21317
130	122	0.490846
130	128	1.18191
130	129	0.670198
130	133	0.760403
130	140	1.1969
130	144	1.25692
130	150	1.19531
130	151	1.02657
130	153	0.699069
130	155	1.22008
130	156	1.16538
130	157	1.23039
130	158	1.16429
130	159	1.2052
130	162	1.17902
130	165	1.2228
130	168	1.14394
130	169	0.632792
130	175	1.20524
130	176	1.0514
130	178	1.13715
130	179	1.12727
130	180	0.678633
131	19	1.23898
131	25	0.599373
131	40	1.30178
131	41	1.35591
131	45	1.20012
131	71	1.18941
131	72	0.625537
131	77	0.725009
131	86	1.24371
131	114	1.16404
131	118	0.571872
131	121	0.165641
131	132	0.4945
131	137	0.635741
131	138	1.14494
131	139	0.614805
131	144	1.25378
131	148	1.16585
131	149	1.22997
131	152	1.13491
131	156	1.16225
131	159	1.20206
131	160	0.557352
131	161	1.17703
131	164	1.19106
131	165	1.21966
131	167	0.564196
131	170	0.994931
131	171	1.16486
131	173	1.00472
131	174	0.648648
131	175	1.20211
131	178	1.13401
131	179	1.12414
132	25	1.18093
132	29	1.08654
132	49	1.008
132	89	0.431507
132	95	0.434419
132	99	1.15894
132	101	1.1389
132	102	1.2129
132	114	0.572817
132	116	1.23313
132	118	1.16083
132	124	1.17944
132	125	0.535475
132	126	1.17877
132	131	0.4945
132	134	1.15651
132	137	1.19475
132	143	0.622776
132	145	1.17495
132	146	1.17729
132	147	1.20236
132	148	0.695968
132	160	1.19568
132	166	1.21177
132	167	1.19466
132	168	0.783667
132	169	1.20116
132	170	0.978735
132	172	1.19087
132	173	0.988527
132	174	1.2007
132	176	1.06366
132	177	1.19718
132	179	0.865158
132	180	1.20458
133	26	1.27453
133	32	0.670745
133	46	1.09179
133	59	1.16097
133	66	0.616837
133	67	0.523891
133	82	1.07719
133	90	1.12003
133	91	0.685571
133	97	1.08452
133	98	0.955464
133	99	1.10579
133	111	1.15517
133	118	1.10769
133	126	1.12562
133	128	0.864737
133	129	1.16517
133	130	0.760403
133	135	0.710398
133	136	0.866347
133	137	1.14161
133	139	1.1626
133	146	1.12415
133	150	0.765474
133	160	1.14254
133	163	1.1301
133	166	1.15862
133	167	1.14151
133	169	1.14802
133	172	1.13772
133	173	0.93538
133	174	1.14756
133	175	0.744689
133	177	1.14403
133	180	1.15143
134	21	1.12197
134	42	0.740606
134	54	1.05565
134	59	1.15335
134	67	0.54185
134	68	0.78883
134	94	0.784102
134	102	1.15214
134	107	1.09748
134	108	1.18345
134	111	1.14755
134	116	1.17237
134	118	1.10007
134	125	0.714694
134	126	1.118
134	127	1.10908
134	132	1.15651
134	139	1.15498
134	146	1.11653
134	147	1.14159
134	154	1.12002
134	157	0.727699
134	159	0.745615
134	160	1.13492
134	162	0.792152
134	166	1.151
134	167	1.13389
134	168	0.962886
134	169	1.1404
134	171	0.827799
134	172	1.1301
134	174	1.13994
134	175	0.762648
134	177	1.13641
134	180	1.14382
135	23	0.735515
135	27	0.761912
135	39	1.04626
135	71	1.14069
135	78	1.03011
135	79	0.706772
135	83	1.15391
135	86	1.19499
135	91	1.19121
135	93	1.17518
135	94	1.11438
135	98	1.05854
135	108	0.631331
135	111	0.556718
135	133	0.710398
135	140	1.14505
135	149	1.18126
135	150	1.14345
135	152	1.08619
135	153	0.649064
135	155	1.16823
135	156	1.11353
135	157	1.17853
135	158	1.11243
135	161	1.12831
135	162	1.12717
135	163	0.64617
135	164	1.14234
135	168	1.09209
135	169	0.582787
135	171	1.11614
135	176	0.999544
135	177	0.621091
135	178	1.08529
135	179	1.07542
136	14	3.30127
136	29	0.788762
136	31	0.932384
136	34	0.859024
136	47	1.01178
136	53	3.69873
136	64	0.941475
136	74	0.738616
136	78	0.764854
136	88	0.873155
136	94	0.849118
136	96	0.860798
136	105	0.904029
136	112	0.929112
136	115	0.854747
136	120	0.753008
136	128	0.864796
136	133	0.866347
136	151	0.709455
136	152	0.820934
136	154	0.883009
136	158	0.847175
136	161	0.863051
136	166	0.913986
136	169	0.903383
136	170	0.680954
136	171	0.850884
136	172	0.893084
136	173	0.690745
136	174	0.902921
136	175	0.88813
136	176	0.734285
136	177	0.899396
136	178	0.820032
136	180	0.9068
137	17	1.16175
137	22	1.15095
137	30	1.15401
137	40	0.540312
137	51	0.716823
137	60	1.19026
137	80	1.10534
137	82	1.10781
137	85	1.0827
137	88	0.804474
137	90	1.15066
137	95	0.575659
137	114	0.714057
137	124	1.15691
137	125	0.676715
137	126	1.15624
137	131	0.635741
137	132	1.19475
137	133	1.14161
137	139	1.19322
137	145	1.15242
137	149	0.662652
137	154	1.15827
137	158	0.798828
137	160	1.17316
137	163	1.16072
137	164	0.75031
137	166	1.18925
137	167	1.17213
137	169	1.17864
137	172	1.16834
137	173	0.966005
137	174	1.17818
137	175	0.724669
137	177	1.17466
137	180	1.18206
138	1	0.994776
138	27	0.866292
138	42	1.09243
138	44	1.10593
138	50	1.03018
138	51	1.0785
138	52	1.08979
138	75	1.24406
138	95	1.18586
138	98	1.00253
138	123	0.30815
138	131	1.14494
138	140	1.08904
138	141	1.1041
138	142	0.877951
138	144	1.14905
138	146	0.755317
138	149	1.12525
138	155	1.11222
138	157	1.12252
138	158	1.05643
138	161	1.0723
138	163	0.75055
138	164	1.08633
