1	12	0.998359
1	24	1.08838
1	85	1.04223
1	87	1.13317
1	90	1.07534
1	107	1.14283
1	118	1.32599
1	160	1.0308
1	161	1.35709
1	162	1.30148
1	168	1.07982
1	177	0.970422
2	43	1.06674
2	57	0.962167
2	64	1.02586
2	70	1.08934
2	74	1.08947
2	79	1.05844
2	88	1.08913
2	126	0.969402
2	129	1.51632
2	146	1.03234
2	160	1.04661
2	171	1.62872
3	42	1.03944
3	48	1.02349
3	69	1.03298
3	94	1.02912
3	97	1.07483
3	112	1.09233
3	117	1.05224
3	119	1.08897
3	122	0.744519
3	158	1.09633
3	167	1.37346
3	173	2.0019
4	25	1.01639
4	35	0.990071
4	41	1.10246
4	59	1.06812
4	67	1.03171
4	138	1.06472
4	140	1.29033
4	141	1.31078
4	142	1.51756
4	149	0.975114
4	154	1.0495
4	165	1.08167
5	13	0.980112
5	35	0.898699
5	55	0.975876
5	59	0.976751
5	67	0.940341
5	114	1.02817
5	124	1.29985
5	138	0.973344
5	154	0.958125
5	165	0.990298
5	169	2.25699
6	33	1.15698
6	42	1.42071
6	131	0.977354
6	161	0.938089
6	171	0.897872
6	173	0.819124
6	174	0.811188
6	176	0.843586
6	178	0.77161
6	179	0.789677
6	180	0.841157
7	38	0.942131
7	45	0.935416
7	76	0.937642
7	95	0.907846
7	106	0.942243
7	109	0.936537
7	110	0.98045
7	118	1.80777
7	146	1.47379
7	149	1.47756
7	168	0.957846
7	172	0.845172
8	12	1.12136
8	95	0.797196
8	100	0.665531
8	145	0.978425
8	156	1.07256
8	158	1.00086
8	173	0.897908
8	174	0.889973
8	175	0.906467
8	178	0.850394
8	179	0.868461
8	180	0.919941
9	56	1.03019
9	82	1.03214
9	95	1.0309
9	106	1.0653
9	109	1.05959
9	110	1.1035
9	130	0.437143
9	148	0.599782
9	168	1.0809
9	172	0.968224
9	175	1.69588
9	179	2.48776
10	27	0.89647
10	57	0.845827
10	64	0.90952
10	70	0.972999
10	74	0.973129
10	79	0.942104
10	88	0.972787
10	123	1.55701
10	126	1.42215
10	147	1.70983
10	151	0.979273
10	160	0.930272
11	74	0.764082
11	90	0.995856
11	109	0.979027
11	110	1.02294
11	119	0.883827
11	127	1.04417
11	151	0.753289
11	168	1.00034
11	177	0.890938
11	178	0.791464
11	179	0.809531
11	180	0.861012
12	1	0.998359
12	8	1.12136
12	24	0.954803
12	33	0.936444
12	85	0.908658
12	87	0.999596
12	90	0.941767
12	127	1.48604
12	153	1.75415
12	160	0.89723
12	168	0.946247
12	177	0.836848
13	5	0.980112
13	35	0.997162
13	55	1.07434
13	59	1.07521
13	67	1.0388
13	133	1.25552
13	138	1.07181
13	143	1.35832
13	154	1.05659
13	163	1.06362
13	165	1.08876
13	180	1.51189
14	76	1.05626
14	82	1.0277
14	95	1.02647
14	106	1.06086
14	109	1.05516
14	110	1.09907
14	134	1.23462
14	155	1.3833
14	158	1.41106
14	162	1.10981
14	168	1.07647
14	172	0.963793
15	72	0.924378
15	94	0.895569
15	97	0.941281
15	98	0.956585
15	112	0.958777
15	117	0.918691
15	119	0.955425
15	136	1.38805
15	149	0.937965
15	154	0.938068
15	161	1.47719
15	172	1.92534
16	84	1.01898
16	103	1.07911
16	113	1.07895
16	116	1.0679
16	120	1.09685
16	158	1.06267
16	159	0.989667
16	161	0.817035
16	165	1.11599
16	167	1.3398
16	169	1.99126
16	172	0.967702
17	29	0.946601
17	39	1.15194
17	65	1.07262
17	93	1.11854
17	96	1.01225
17	99	1.01464
17	111	1.02292
17	121	1.09623
17	140	1.3708
17	156	1.22363
17	160	1.45589
17	168	1.06886
18	28	1.4735
18	90	1.40028
18	103	0.90385
18	106	0.88951
18	107	0.908657
18	113	0.903687
18	116	0.892639
18	121	0.94589
18	172	0.792439
18	178	0.696241
18	179	0.714308
18	180	0.765789
19	30	0.963169
19	46	0.914916
19	58	0.890054
19	80	0.988774
19	81	1.31454
19	93	0.999102
19	96	0.892817
19	99	0.895205
19	111	0.903483
19	146	0.96989
19	159	1.50797
19	176	1.95844
20	38	0.945974
20	56	0.91098
20	63	0.974801
20	82	0.912928
20	95	0.911689
20	106	0.946086
20	109	0.940381
20	110	0.984293
20	133	1.75229
20	148	1.22714
20	167	1.81076
20	172	0.849015
21	100	1.04081
21	102	1.00864
21	103	1.02069
21	104	1.00129
21	113	1.02053
21	116	1.00948
21	120	1.03842
21	157	1.42282
21	159	0.931243
21	160	0.930513
21	165	1.05757
21	171	1.12282
21	173	2.04273
22	72	1.00263
22	89	1.00166
22	97	1.01953
22	98	1.03484
22	112	1.03703
22	117	0.996942
22	119	1.03368
22	134	1.11886
22	135	1.13534
22	146	1.03334
22	147	0.97146
22	150	1.47128
22	176	1.73806
23	32	1.02727
23	58	0.965504
23	65	1.02864
23	80	1.06422
23	93	1.07455
23	96	0.968267
23	99	0.970655
23	111	0.978933
23	114	1.15472
23	145	1.41496
23	150	1.63093
23	168	1.02488
23	170	1.29821
24	1	1.08838
24	12	0.954803
24	85	0.998676
24	87	1.08961
24	90	1.03179
24	128	1.21246
24	137	1.5174
24	139	1.04783
24	141	0.984503
24	158	1.66342
24	160	0.987249
24	168	1.03626
24	177	0.926867
25	4	1.01639
25	35	0.942065
25	41	1.05446
25	55	1.01924
25	59	1.02012
25	67	0.983706
25	121	1.13031
25	122	1.3448
25	134	1.52016
25	138	1.01671
25	154	1.00149
25	161	1.45097
25	165	1.03366
26	56	1.27875
26	63	1.17281
26	120	0.38667
26	137	0.977737
26	162	0.970407
26	167	0.9174
26	170	0.980946
26	171	0.944263
26	174	0.857579
26	176	0.889976
26	178	0.818
26	179	0.836067
26	180	0.887548
27	10	0.89647
27	57	0.811428
27	64	0.875121
27	70	0.9386
27	74	0.938731
27	78	0.958971
27	79	0.907706
27	88	0.938389
27	115	1.65958
27	128	1.46235
27	151	0.944874
27	160	0.895874
27	163	1.94008
28	18	1.4735
28	33	1.03897
28	66	0.659128
28	85	1.01118
28	87	1.10212
28	90	1.04429
28	133	0.927608
28	141	0.99701
28	160	0.999756
28	162	1.07163
28	168	1.04877
28	176	1.81563
28	177	0.939374
29	17	0.946601
29	30	0.919191
29	39	0.988527
29	65	0.909211
29	93	0.955124
29	96	0.848839
29	99	0.851227
29	111	0.859505
29	127	1.49265
29	146	0.925913
29	152	1.74887
29	162	1.78424
29	168	0.905448
30	19	0.963169
30	29	0.919191
30	46	1.00694
30	80	1.0808
30	93	1.09113
30	99	0.987231
30	111	0.995509
30	123	1.02781
30	148	1.02586
30	159	1.02334
30	163	1.05782
30	174	2.11449
30	177	1.3302
31	100	1.04777
31	102	1.0156
31	103	1.02765
31	104	1.00825
31	113	1.02748
31	116	1.01644
31	120	1.04538
31	125	1.0647
31	131	1.11938
31	135	1.1218
31	151	1.02889
31	172	0.916237
31	173	2.18735
32	23	1.02727
32	58	0.970732
32	65	1.03387
32	93	1.07978
32	96	0.973494
32	99	0.975883
32	111	0.984161
32	147	0.78441
32	148	1.01451
32	160	0.963743
32	168	1.0301
32	169	2.09897
32	180	1.64541
33	6	1.15698
33	12	0.936444
33	28	1.03897
33	85	0.980317
33	87	1.07126
33	90	1.01343
33	125	1.14458
33	133	0.896741
33	141	0.966143
33	156	0.922751
33	160	0.968889
33	168	1.01791
33	175	2.15126
33	177	0.908507
34	49	0.940846
34	52	0.961796
34	60	0.945732
34	62	0.92094
34	92	1.05117
34	101	1.01037
34	108	1.05699
34	123	0.981257
34	144	0.984675
34	148	1.21356
34	159	0.922127
34	164	1.73684
34	165	1.04845
34	177	1.81919
35	4	0.990071
35	5	0.898699
35	13	0.997162
35	25	0.942065
35	41	1.02814
35	55	0.992926
35	59	0.993801
35	67	0.957391
35	125	1.37154
35	139	0.973015
35	154	0.975175
35	161	1.34297
35	165	1.00735
35	180	2.06364
36	37	0.989887
36	40	0.974916
36	50	0.954465
36	61	1.05549
36	68	1.00153
36	86	0.952336
36	138	1.02623
36	139	1.03826
36	143	1.97531
36	147	0.966151
36	148	1.34737
36	149	1.01091
36	161	1.40822
36	177	0.898165
37	36	0.989887
37	40	0.977385
37	50	0.956933
37	61	1.05796
37	68	1.004
37	75	0.987137
37	86	0.954805
37	123	0.996386
37	127	1.00657
37	149	1.01338
37	159	1.59169
37	160	1.39277
37	172	1.80191
37	177	0.900634
38	7	0.942131
38	20	0.945974
38	63	1.0251
38	82	0.963232
38	83	1.14228
38	95	0.961993
38	106	0.99639
38	109	0.990685
38	110	1.0346
38	156	1.23973
38	157	1.9643
38	160	1.47199
38	168	1.01199
38	172	0.899319
39	17	1.15194
39	29	0.988527
39	65	1.11455
39	80	1.15014
39	81	1.27827
39	96	1.05418
39	99	1.05657
39	111	1.06484
39	121	0.913112
39	147	1.09344
39	148	1.09519
39	152	1.14279
39	168	1.11079
39	172	1.68191
40	36	0.974916
40	37	0.977385
40	51	1.04716
40	61	1.04299
40	68	0.98903
40	86	0.939833
40	126	0.670726
40	138	1.01373
40	147	0.953649
40	149	0.998405
40	160	1.13774
40	166	1.71005
40	173	2.24995
40	177	0.885662
41	4	1.10246
41	25	1.05446
41	35	1.02814
41	55	1.10532
41	59	1.10619
41	67	1.06978
41	105	0.888685
41	128	1.05748
41	133	1.7271
41	138	1.10279
41	141	1.23717
41	152	1.17182
41	154	1.08757
41	165	1.11974
42	3	1.03944
42	6	1.42071
42	48	0.954302
42	72	0.988737
42	89	0.987766
42	94	0.959929
42	98	1.02094
42	112	1.02314
42	117	0.98305
42	118	1.34865
42	133	0.877816
42	139	1.00979
42	145	1.58538
42	154	1.00243
43	2	1.06674
43	57	0.865357
43	64	0.92905
43	66	1.05246
43	70	0.992529
43	74	0.99266
43	79	0.961635
43	88	0.992317
43	142	1.66184
43	146	1.11563
43	151	0.998803
43	153	1.40161
43	160	0.949803
43	170	1.56959
44	49	0.917859
44	52	0.938809
44	62	0.897953
44	71	1.06627
44	73	0.965595
44	92	1.02818
44	101	0.98738
44	108	1.034
44	130	1.26543
44	147	1.34858
44	149	1.12761
44	151	0.989833
44	164	1.95135
44	165	1.02547
45	7	0.935416
45	54	1.04973
45	56	0.95457
45	76	0.985075
45	95	0.955279
45	106	0.989676
45	109	0.98397
45	110	1.02788
45	121	1.0805
45	148	1.34031
45	160	1.44015
45	168	1.00528
45	172	0.892605
45	177	1.94593
46	19	0.914916
46	30	1.00694
46	58	0.933827
46	65	0.996961
46	80	1.03255
46	93	1.04287
46	99	0.938978
46	111	0.947256
46	126	0.846235
46	148	0.977603
46	158	1.51989
46	166	1.88556
46	168	0.993199
46	171	1.50555
47	56	1.26305
47	82	0.798901
47	100	1.09653
47	128	0.996133
47	130	0.992262
47	134	0.919653
47	156	0.988635
47	161	0.932948
47	162	0.918875
47	175	0.822541
47	176	0.838444
47	178	0.766468
47	179	0.784535
47	180	0.836016
48	3	1.02349
48	42	0.954302
48	53	1.01553
48	66	1.15641
48	69	0.947838
48	89	0.971816
48	94	0.943979
48	98	1.00499
48	112	1.00719
48	117	0.9671
48	119	1.00383
48	128	1.41919
48	137	1.72413
48	144	1.39274
49	34	0.940846
49	44	0.917859
49	62	0.863824
49	71	1.03214
49	77	0.989727
49	92	0.994056
49	101	0.953251
49	108	0.999873
49	129	0.881456
49	130	0.941328
49	143	1.73191
49	148	1.10397
49	151	0.955704
49	165	0.991338
49	173	2.31603
50	36	0.954465
50	37	0.956933
50	61	1.02254
50	68	0.968578
50	75	0.951715
50	78	0.988691
50	86	0.919382
50	124	1.07796
50	138	0.993275
50	141	0.922848
50	146	0.495807
50	149	0.977954
50	172	1.30903
50	177	0.865211
50	178	3.2855
51	40	1.04716
51	61	1.12774
51	68	1.07378
51	75	1.05692
51	86	1.02458
51	118	0.70905
51	123	1.06617
51	128	0.534822
51	132	0.626615
51	141	1.02805
51	147	1.0384
51	149	1.08316
51	174	2.06922
51	177	0.970413
51	179	2.56727
52	34	0.961796
52	44	0.938809
52	60	0.909566
52	73	0.952416
52	77	1.01068
52	101	0.974201
52	108	1.02082
52	115	1.04035
52	124	1.26553
52	129	0.902406
52	144	0.948509
52	148	0.987602
52	159	0.885961
52	165	1.01229
52	179	2.87558
53	48	1.01553
53	69	1.02502
53	89	1.04899
53	94	1.02116
53	97	1.06687
53	98	1.08217
53	112	1.08436
53	117	1.04428
53	119	1.08101
53	139	0.553927
53	154	1.06366
53	157	1.45519
53	160	0.962882
53	167	1.44665
53	169	2.09811
54	45	1.04973
54	63	1.08527
54	76	1.05195
54	82	1.0234
54	91	1.36315
54	95	1.02216
54	106	1.05655
54	109	1.05085
54	110	1.09476
54	131	1.29097
54	135	1.29339
54	147	1.06738
54	168	1.07216
54	171	1.43902
54	172	0.959483
55	5	0.975876
55	13	1.07434
55	25	1.01924
55	35	0.992926
55	41	1.10532
55	59	1.07098
55	67	1.03457
55	105	0.796899
55	123	0.877867
55	137	1.27063
55	138	1.06757
55	154	1.05235
55	164	1.63345
55	165	1.08452
55	166	1.78233
56	9	1.03019
56	20	0.91098
56	26	1.27875
56	45	0.95457
56	47	1.26305
56	76	0.956795
56	82	0.928238
56	95	0.926999
56	106	0.961396
56	109	0.95569
56	110	0.999603
56	123	1.25079
56	136	1.45479
56	168	0.976999
56	172	0.864325
57	2	0.962167
57	10	0.845827
57	27	0.811428
57	43	0.865357
57	64	0.824478
57	70	0.887957
57	74	0.888087
57	78	0.908328
57	79	0.857062
57	88	0.887745
57	138	0.912912
57	146	1.24682
57	160	0.84523
57	176	2.30028
57	177	2.15667
58	19	0.890054
58	23	0.965504
58	32	0.970732
58	46	0.933827
58	80	1.00768
58	93	1.01801
58	96	0.911727
58	99	0.914116
58	111	0.922394
58	115	1.39067
58	131	1.48202
58	144	1.16699
58	146	0.988801
58	166	2.01008
58	168	0.968336
59	4	1.06812
59	5	0.976751
59	13	1.07521
59	25	1.02012
59	35	0.993801
59	41	1.10619
59	55	1.07098
59	66	1.03079
59	67	1.03544
59	123	1.20575
59	130	1.27541
59	147	1.35857
59	154	1.05323
59	162	1.44329
59	165	1.0854
60	34	0.945732
60	52	0.909566
60	71	1.03702
60	73	0.936351
60	81	1.44236
60	92	0.998941
60	101	0.958136
60	108	1.00476
60	129	0.886341
60	135	1.48353
60	146	1.03279
60	151	0.960589
60	159	0.869896
60	165	0.996223
60	180	2.11853
61	36	1.05549
61	37	1.05796
61	40	1.04299
61	50	1.02254
61	51	1.12774
61	75	1.05274
61	114	1.08648
61	123	1.06199
61	140	1.09499
61	145	1.34671
61	147	1.03422
61	149	1.07898
61	155	1.35895
61	172	1.58922
61	177	0.966237
62	34	0.92094
62	44	0.897953
62	49	0.863824
62	71	1.01223
62	73	0.911559
62	77	0.96982
62	92	0.974149
62	101	0.933344
62	108	0.979966
62	126	1.17465
62	134	1.67186
62	149	1.24136
62	151	0.935797
62	159	0.845104
62	165	0.971432
62	166	2.21398
63	20	0.974801
63	26	1.17281
63	38	1.0251
63	54	1.08527
63	76	1.02062
63	82	0.992058
63	95	0.990819
63	105	1.06388
63	106	1.02522
63	109	1.01951
63	110	1.06342
63	115	1.4299
63	130	1.21451
63	161	1.438
63	168	1.04082
63	172	0.928146
64	2	1.02586
64	10	0.90952
64	27	0.875121
64	43	0.92905
64	57	0.824478
64	70	0.95165
64	74	0.951781
64	79	0.920755
64	88	0.951438
64	138	0.976605
64	144	1.37503
64	151	0.957924
64	153	1.52772
64	160	0.908923
64	162	1.5512
64	163	1.87921
65	17	1.07262
65	23	1.02864
65	29	0.909211
65	32	1.03387
65	39	1.11455
65	46	0.996961
65	80	1.07082
65	96	0.974862
65	99	0.97725
65	111	0.985528
65	131	1.11124
65	140	0.981902
65	150	1.4496
65	164	1.49042
65	168	1.03147
65	176	1.71638
66	28	0.659128
66	43	1.05246
66	48	1.15641
66	59	1.03079
66	79	1.04416
66	88	1.07484
66	102	1.06803
66	113	1.07992
66	119	0.71135
66	120	1.09782
66	168	0.468643
66	170	1.03542
66	172	0.968671
66	176	0.94445
66	179	0.890541
66	180	0.942021
67	4	1.03171
67	5	0.940341
67	13	1.0388
67	25	0.983706
67	35	0.957391
67	41	1.06978
67	55	1.03457
67	59	1.03544
67	107	1.22228
67	129	1.55545
67	138	1.03204
67	139	1.06658
67	148	1.37569
67	154	1.01682
67	165	1.04899
67	170	1.52543
68	36	1.00153
68	37	1.004
68	40	0.98903
68	50	0.968578
68	51	1.07378
68	75	0.998782
68	81	0.959976
68	86	0.966449
68	127	1.14422
68	138	1.04034
68	139	1.12147
68	141	0.969915
68	146	1.12635
68	149	1.02502
68	159	1.72934
68	172	1.93957
68	177	0.912279
69	3	1.03298
69	48	0.947838
69	53	1.02502
69	72	0.982273
69	89	0.981302
69	94	0.953465
69	97	0.999176
69	98	1.01448
69	105	1.17712
69	112	1.01667
69	117	0.976586
69	119	1.01332
69	134	1.62043
69	139	1.18128
69	141	1.5256
69	152	1.46026
69	154	0.995963
70	2	1.08934
70	10	0.972999
70	27	0.9386
70	43	0.992529
70	57	0.887957
70	64	0.95165
70	74	1.01526
70	79	0.984234
70	88	1.01492
70	105	0.89879
70	122	1.16674
70	138	1.04008
70	151	1.0214
70	158	1.51854
70	160	0.972402
70	171	1.50421
70	180	1.99358
71	44	1.06627
71	49	1.03214
71	60	1.03702
71	62	1.01223
71	73	1.07987
71	77	1.13813
71	92	1.14246
71	101	1.10166
71	108	1.14828
71	121	0.858884
71	139	0.809586
71	145	1.38518
71	147	1.03921
71	156	0.986282
71	159	1.01342
71	165	1.13975
71	173	2.33075
72	15	0.924378
72	22	1.00263
72	42	0.988737
72	69	0.982273
72	89	1.00625
72	97	1.02412
72	98	1.03943
72	117	1.00154
72	119	1.03827
72	133	0.896301
72	143	1.86702
72	144	1.06814
72	146	1.03793
72	147	0.976053
72	159	1.53783
72	160	1.33892
72	162	1.24431
73	44	0.965595
73	52	0.952416
73	60	0.936351
73	62	0.911559
73	71	1.07987
73	77	1.03746
73	92	1.04179
73	101	1.00099
73	108	1.04761
73	144	0.975294
73	150	1.13288
73	157	1.24257
73	159	0.912746
73	165	1.03907
73	170	0.800154
73	179	2.53839
73	180	1.43193
74	2	1.08947
74	10	0.973129
74	11	0.764082
74	27	0.938731
74	43	0.99266
74	57	0.888087
74	64	0.951781
74	70	1.01526
74	79	0.984365
74	88	1.01505
74	138	1.04021
74	141	1.03408
74	150	1.48133
74	151	1.02153
74	159	1.29763
74	160	0.972533
74	175	2.09497
75	37	0.987137
75	50	0.951715
75	51	1.05692
75	61	1.05274
75	68	0.998782
75	78	1.01889
75	86	0.949586
75	114	0.999313
75	123	0.991167
75	138	1.02348
75	144	0.822133
75	146	0.688834
75	147	0.963401
75	149	1.00816
75	169	2.22813
75	174	2.38298
75	177	0.895415
76	7	0.937642
76	14	1.05626
76	45	0.985075
76	54	1.05195
76	56	0.956795
76	63	1.02062
76	95	0.957504
76	106	0.991901
76	109	0.986196
76	110	1.03011
76	121	1.17982
76	133	1.96477
76	144	1.2687
76	149	1.13917
76	162	1.44487
76	168	1.0075
76	172	0.894831
77	49	0.989727
77	52	1.01068
77	62	0.96982
77	71	1.13813
77	73	1.03746
77	92	1.10005
77	101	1.05925
77	108	1.10587
77	129	0.987452
77	140	1.20222
77	144	1.03356
77	149	0.886996
77	151	1.0617
77	153	1.16921
77	156	1.05504
77	163	1.5207
77	165	1.09733
77	166	1.85962
78	27	0.958971
78	50	0.988691
78	57	0.908328
78	75	1.01889
78	85	1.0042
78	86	0.986562
78	88	1.03529
78	90	1.03731
78	127	0.887922
78	141	0.990027
78	159	1.47304
78	160	0.992773
78	168	1.04179
78	170	1.32401
78	171	1.46643
78	176	1.92351
78	177	0.932391
79	2	1.05844
79	10	0.942104
79	27	0.907706
79	43	0.961635
79	57	0.857062
79	64	0.920755
79	66	1.04416
79	70	0.984234
79	74	0.984365
79	88	0.984023
79	138	1.00919
79	143	1.82039
79	144	1.02151
79	146	0.888215
79	151	0.990508
79	156	1.06003
79	160	0.941508
79	174	2.58236
80	19	0.988774
80	23	1.06422
80	30	1.0808
80	39	1.15014
80	46	1.03255
80	58	1.00768
80	65	1.07082
80	96	1.01045
80	99	1.01284
80	111	1.02111
80	124	0.717124
80	146	1.08752
80	168	1.06706
80	169	1.67427
80	172	0.948188
80	177	1.04482
80	179	2.32717
80	180	1.22071
81	19	1.31454
81	39	1.27827
81	60	1.44236
81	68	0.959976
81	86	0.91078
81	94	0.926956
81	112	0.990164
81	115	0.929734
81	117	0.950078
81	119	0.986812
81	124	0.95583
81	147	0.924596
81	157	0.877035
81	168	0.981251
81	177	0.856609
81	178	0.757136
81	179	0.775203
81	180	0.826684
82	9	1.03214
82	14	1.0277
82	20	0.912928
82	38	0.963232
82	47	0.798901
82	54	1.0234
82	56	0.928238
82	63	0.992058
82	95	0.928947
82	106	0.963344
82	109	0.957638
82	110	1.00155
82	159	1.3177
82	168	0.978947
82	171	1.31109
82	172	0.866273
82	176	1.76818
82	180	1.80046
83	38	1.14228
83	96	0.829384
83	106	0.835825
83	128	1.0851
83	136	1.0587
83	150	0.975407
83	151	0.758215
83	154	0.510614
83	155	1.00484
83	163	0.975179
83	166	0.936725
83	167	0.954835
83	173	0.90295
83	174	0.895014
83	175	0.911508
83	176	0.927411
83	178	0.855435
83	179	0.873502
83	180	0.924983
84	16	1.01898
84	100	0.985174
84	102	0.953002
84	103	0.965051
84	104	0.945656
84	113	0.964888
84	116	0.95384
84	120	0.982786
84	129	0.892051
84	146	1.27682
84	148	0.950719
84	149	1.28059
84	154	0.969761
84	156	1.44863
84	159	0.875606
84	163	1.91429
84	165	1.00193
84	170	1.73078
84	172	0.853641
85	1	1.04223
85	12	0.908658
85	24	0.998676
85	28	1.01118
85	33	0.980317
85	78	1.0042
85	87	1.04347
85	90	0.98564
85	132	1.06625
85	133	0.868955
85	141	0.938357
85	144	0.948004
85	160	0.941103
85	168	0.990119
85	171	1.41108
85	172	1.62792
85	173	2.33099
85	177	0.880721
86	36	0.952336
86	37	0.954805
86	40	0.939833
86	50	0.919382
86	51	1.02458
86	68	0.966449
86	75	0.949586
86	78	0.986562
86	81	0.91078
86	121	0.981854
86	128	1.09719
86	138	0.991146
86	141	0.920719
86	147	0.931069
86	149	0.975825
86	169	2.47674
86	170	1.3914
86	172	1.75066
86	177	0.863082
87	1	1.13317
87	12	0.999596
87	24	1.08961
87	28	1.10212
87	33	1.07126
87	85	1.04347
87	90	1.07658
87	129	1.25842
87	133	0.959894
87	141	1.0293
87	142	1.32065
87	145	1.34515
87	149	0.778202
87	155	1.35739
87	157	1.67082
87	160	1.03204
87	168	1.08106
87	177	0.97166
88	2	1.08913
88	10	0.972787
88	27	0.938389
88	43	0.992317
88	57	0.887745
88	64	0.951438
88	66	1.07484
88	70	1.01492
88	74	1.01505
88	78	1.03529
88	79	0.984023
88	129	1.4645
88	132	1.23206
88	138	1.03987
88	142	1.52673
88	149	0.984285
88	151	1.02119
88	153	1.2665
88	160	0.972191
88	164	1.80803
89	22	1.00166
89	42	0.987766
89	48	0.971816
89	53	1.04899
89	69	0.981302
89	72	1.00625
89	94	0.977442
89	97	1.02315
89	112	1.04065
89	117	1.00056
89	119	1.0373
89	127	1.05215
89	130	1.17586
89	132	1.28582
89	133	0.89533
89	149	1.01984
89	150	1.82097
89	153	1.32026
89	154	1.01994
89	163	1.67175
90	1	1.07534
90	11	0.995856
90	12	0.941767
90	18	1.40028
90	24	1.03179
90	28	1.04429
90	33	1.01343
90	78	1.03731
90	85	0.98564
90	87	1.07658
90	123	0.760868
90	133	0.902065
90	141	0.971467
90	150	1.47563
90	155	1.2719
90	160	0.974213
90	164	1.51645
90	168	1.02323
90	172	1.50216
90	177	0.91383
91	54	1.36315
91	93	1.27118
91	110	1.14301
91	155	0.939334
91	161	0.956409
91	163	0.909673
91	164	0.881251
91	165	1.03506
91	166	0.87122
91	167	0.889329
91	169	0.839998
91	170	0.952875
91	172	0.886127
91	173	0.837444
91	174	0.829508
91	175	0.846002
91	176	0.861906
91	178	0.789929
91	179	0.807996
91	180	0.859477
92	34	1.05117
92	44	1.02818
92	49	0.994056
92	60	0.998941
92	62	0.974149
92	71	1.14246
92	73	1.04179
92	77	1.10005
92	101	1.06358
92	108	1.1102
92	124	0.644825
92	144	1.03788
92	151	1.06603
92	158	0.673382
92	159	0.975336
92	163	0.700143
92	165	1.10166
92	176	1.11614
92	177	0.972526
92	178	2.85236
92	179	2.25487
93	17	1.11854
93	19	0.999102
93	23	1.07455
93	29	0.955124
93	30	1.09113
93	32	1.07978
93	46	1.04287
93	58	1.01801
93	91	1.27118
93	96	1.02077
93	99	1.02316
93	111	1.03144
93	123	1.06374
93	128	0.910425
93	142	1.29689
93	146	1.09785
93	150	1.53737
93	153	1.03666
93	156	0.92249
93	168	1.07738
93	177	1.66053
94	3	1.02912
94	15	0.895569
94	42	0.959929
94	48	0.943979
94	53	1.02116
94	69	0.953465
94	81	0.926956
94	89	0.977442
94	97	0.995316
94	98	1.01062
94	112	1.01281
94	117	0.972727
94	119	1.00946
94	127	0.629159
94	146	1.00912
94	148	0.915512
94	149	0.992001
94	158	1.222
94	164	1.43879
94	179	2.80349
94	180	1.69703
95	7	0.907846
95	8	0.797196
95	9	1.0309
95	14	1.02647
95	20	0.911689
95	38	0.961993
95	45	0.955279
95	54	1.02216
95	56	0.926999
95	63	0.990819
95	76	0.957504
95	82	0.928947
95	106	0.962105
95	109	0.956399
95	110	1.00031
95	114	1.45448
95	142	1.69021
95	145	1.71472
95	149	1.14777
95	159	1.74699
95	168	0.977708
95	172	0.865034
96	17	1.01225
96	19	0.892817
96	23	0.968267
96	29	0.848839
96	32	0.973494
96	39	1.05418
96	58	0.911727
96	65	0.974862
96	80	1.01045
96	83	0.829384
96	93	1.02077
96	99	0.916878
96	111	0.925156
96	123	0.957453
96	125	1.14866
96	126	0.692082
96	137	1.21971
96	141	1.09446
96	146	0.991564
96	148	0.955504
96	168	0.971099
96	178	3.54471
97	3	1.07483
97	15	0.941281
97	22	1.01953
97	53	1.06687
97	69	0.999176
97	72	1.02412
97	89	1.02315
97	94	0.995316
97	98	1.05633
97	117	1.01844
97	119	1.05517
97	126	0.853537
97	129	1.40046
97	145	1.48719
97	146	1.05483
97	147	0.992956
97	148	1.2207
97	149	1.03771
97	154	1.03781
97	156	1.08829
97	161	1.28155
97	180	2.00222
98	15	0.956585
98	22	1.03484
98	42	1.02094
98	48	1.00499
98	53	1.08217
98	69	1.01448
98	72	1.03943
98	94	1.01062
98	97	1.05633
98	107	1.05668
98	112	1.07383
98	114	1.21635
98	117	1.03374
98	119	1.07048
98	132	1.15741
98	133	0.928508
98	137	1.37056
98	146	1.07014
98	147	1.00826
98	152	1.17997
98	170	1.35984
98	180	1.99161
99	17	1.01464
99	19	0.895205
99	23	0.970655
99	29	0.851227
99	30	0.987231
99	32	0.975883
99	39	1.05657
99	46	0.938978
99	58	0.914116
99	65	0.97725
99	80	1.01284
99	93	1.02316
99	96	0.916878
99	111	0.927545
99	132	1.10314
99	148	0.957892
99	152	1.12569
99	160	1.25567
99	163	1.48907
99	167	1.73944
99	168	0.973488
99	175	2.25192
100	8	0.665531
100	21	1.04081
100	31	1.04777
100	47	1.09653
100	84	0.985174
100	102	1.03326
100	103	1.04531
100	104	1.02591
100	113	1.04514
100	116	1.03409
100	120	1.06304
100	123	1.08426
100	125	1.40598
100	140	1.33132
100	144	1.01841
100	146	1.01234
100	151	1.04655
100	154	1.05001
100	159	0.95586
100	165	1.08219
100	167	1.90018
100	172	0.933894
101	34	1.01037
101	44	0.98738
101	49	0.953251
101	52	0.974201
101	60	0.958136
101	62	0.933344
101	71	1.10166
101	73	1.00099
101	77	1.05925
101	92	1.06358
101	108	1.06939
101	118	0.916447
101	129	0.950976
101	144	0.997079
101	151	1.02522
101	152	0.856566
101	159	0.934531
101	165	1.06086
101	166	1.55886
101	170	1.03643
101	175	1.98279
101	176	1.63594
101	180	1.66821
102	21	1.00864
102	31	1.0156
102	66	1.06803
102	84	0.953002
102	100	1.03326
102	103	1.01313
102	104	0.993738
102	113	1.01297
102	116	1.00192
102	120	1.03087
102	139	1.03698
102	140	1.36085
102	141	1.3813
102	144	0.986236
102	147	1.2666
102	148	0.9988
102	151	1.01438
102	154	1.01784
102	155	1.62482
102	156	1.21368
102	163	1.67934
102	165	1.05001
102	172	0.901722
103	16	1.07911
103	18	0.90385
103	21	1.02069
103	31	1.02765
103	84	0.965051
103	100	1.04531
103	102	1.01313
103	104	1.00579
103	113	1.02502
103	116	1.01397
103	120	1.04292
103	130	1.10237
103	139	0.955904
103	141	1.30022
103	148	1.01085
103	152	1.23488
103	154	1.02989
103	155	1.54374
103	159	0.935737
103	165	1.06206
103	170	1.41475
103	172	0.913771
103	180	2.04653
104	21	1.00129
104	31	1.00825
104	84	0.945656
104	100	1.02591
104	102	0.993738
104	103	1.00579
104	113	1.00562
104	116	0.994576
104	120	1.02352
104	129	0.932787
104	140	1.19334
104	144	0.97889
104	148	0.991454
104	151	1.00703
104	152	1.14845
104	154	1.0105
104	156	1.04616
104	157	1.77073
104	159	0.916342
104	161	1.23943
104	165	1.04267
104	167	1.76219
104	172	0.894376
104	177	1.7842
105	41	0.888685
105	55	0.796899
105	63	1.06388
105	69	1.17712
105	70	0.89879
105	111	0.637466
105	115	1.05603
105	116	0.939892
105	134	1.03662
105	137	1.04317
105	140	1.06143
105	150	1.0034
105	155	1.03284
105	157	1.00333
105	164	0.974754
105	167	0.982831
105	169	0.933501
105	170	1.04638
105	171	1.00969
105	173	0.930946
105	175	0.939505
105	178	0.883432
105	179	0.901499
105	180	0.952979
106	7	0.942243
106	9	1.0653
106	14	1.06086
106	18	0.88951
106	20	0.946086
106	38	0.99639
106	45	0.989676
106	54	1.05655
106	56	0.961396
106	63	1.02522
106	76	0.991901
106	82	0.963344
106	83	0.835825
106	95	0.962105
106	109	0.990796
106	110	1.03471
106	124	1.34362
106	136	1.03739
106	137	1.22615
106	158	1.37217
106	168	1.01211
106	172	0.899431
106	175	2.16179
106	177	1.67132
107	1	1.14283
107	18	0.908657
107	67	1.22228
107	98	1.05668
107	116	1.09975
107	126	1.12092
107	132	1.03415
107	136	1.02565
107	151	0.834664
107	152	0.988686
107	153	0.992562
107	157	0.942279
107	162	0.974788
107	165	0.665367
107	167	0.92178
107	169	0.872449
107	171	0.948643
107	173	0.869895
107	174	0.861959
107	175	0.878453
107	176	0.894357
107	178	0.82238
107	179	0.840447
107	180	0.891928
108	34	1.05699
108	44	1.034
108	49	0.999873
108	52	1.02082
108	60	1.00476
108	62	0.979966
108	71	1.14828
108	73	1.04761
108	77	1.10587
108	92	1.1102
108	101	1.06939
108	118	1.26122
108	125	1.32089
108	129	0.997599
108	135	1.37799
108	136	1.20318
108	141	1.26668
108	142	1.47346
108	144	1.0437
108	147	1.15199
108	151	1.07185
108	152	1.20134
108	159	0.981154
108	165	1.10748
109	7	0.936537
109	9	1.05959
109	11	0.979027
109	14	1.05516
109	20	0.940381
109	38	0.990685
109	45	0.98397
109	54	1.05085
109	56	0.95569
109	63	1.01951
109	76	0.986196
109	82	0.957638
109	95	0.956399
109	106	0.990796
109	110	1.029
109	131	1.11247
109	148	0.968371
109	153	0.950129
109	155	1.2471
109	162	0.973608
109	168	1.0064
109	171	1.26052
109	172	0.893726
109	178	3.45384
110	7	0.98045
110	9	1.1035
110	11	1.02294
110	14	1.09907
110	20	0.984293
110	38	1.0346
110	45	1.02788
110	54	1.09476
110	56	0.999603
110	63	1.06342
110	76	1.03011
110	82	1.00155
110	91	1.14301
110	95	1.00031
110	106	1.03471
110	109	1.029
110	129	1.10649
110	131	1.07083
110	149	0.626271
110	167	1.51034
110	168	1.05031
110	170	1.07647
110	172	0.937638
110	175	2.02283
110	180	1.70825
111	17	1.02292
111	19	0.903483
111	23	0.978933
111	29	0.859505
111	30	0.995509
111	32	0.984161
111	39	1.06484
111	46	0.947256
111	58	0.922394
111	65	0.985528
111	80	1.02111
111	93	1.03144
111	96	0.925156
111	99	0.927545
111	105	0.637466
111	123	0.968119
111	146	1.00223
111	148	0.96617
111	153	0.932495
111	155	1.22946
111	157	1.54289
111	163	1.28398
111	168	0.981766
111	172	1.45973
111	179	2.83871
112	3	1.09233
112	15	0.958777
112	22	1.03703
112	42	1.02314
112	48	1.00719
112	53	1.08436
112	69	1.01667
112	81	0.990164
112	89	1.04065
112	94	1.01281
112	98	1.07383
112	117	1.03593
112	119	1.07267
112	122	0.925356
112	131	1.11478
112	133	0.9307
112	136	0.942384
112	142	1.21267
112	147	1.01045
112	149	1.05521
112	154	1.05531
112	157	1.56283
112	170	1.12042
112	172	1.47967
112	174	2.3606
113	16	1.07895
113	18	0.903687
113	21	1.02053
113	31	1.02748
113	66	1.07992
113	84	0.964888
113	100	1.04514
113	102	1.01297
113	103	1.02502
113	104	1.00562
113	116	1.01381
113	120	1.04275
113	122	1.19022
113	128	1.09107
113	129	0.952019
113	133	1.76069
113	144	0.998122
113	148	1.01069
113	149	0.935085
113	151	1.02627
113	156	1.10313
113	160	1.33539
113	165	1.0619
113	171	1.52769
113	172	0.913608
113	176	1.98478
114	5	1.02817
114	23	1.15472
114	61	1.08648
114	75	0.999313
114	95	1.45448
114	98	1.21635
114	135	1.00747
114	139	1.10562
114	145	0.959704
114	150	0.951645
114	153	1.00185
114	154	0.74673
114	155	0.981078
114	161	0.998153
114	162	0.98408
114	163	0.951417
114	164	0.922995
114	167	0.931073
114	169	0.881742
114	170	0.994619
114	171	0.957936
114	174	0.871252
114	175	0.887746
114	176	0.903649
114	178	0.831673
114	179	0.84974
114	180	0.901221
115	27	1.65958
115	52	1.04035
115	58	1.39067
115	63	1.4299
115	81	0.929734
115	105	1.05603
115	129	0.917171
115	145	0.910594
115	149	0.994779
115	150	0.902535
115	152	0.948868
115	155	0.931968
115	158	0.933027
115	161	0.949043
115	164	0.873885
115	165	0.871532
115	166	0.863853
115	168	0.92866
115	169	0.832632
115	170	0.945509
115	171	0.908826
115	173	0.830077
115	175	0.838636
115	176	0.854539
115	178	0.782563
115	179	0.80063
115	180	0.852111
116	16	1.0679
116	18	0.892639
116	21	1.00948
116	31	1.01644
116	84	0.95384
116	100	1.03409
116	102	1.00192
116	103	1.01397
116	104	0.994576
116	105	0.939892
116	107	1.09975
116	113	1.01381
116	120	1.03171
116	129	0.940971
116	132	1.20048
116	135	1.39968
116	136	1.22487
116	144	0.987074
116	148	0.999638
116	151	1.01522
116	154	1.01868
116	159	0.924525
116	161	1.31401
116	162	1.2584
116	165	1.05085
116	172	0.90256
116	176	2.0024
117	3	1.05224
117	15	0.918691
117	22	0.996942
117	42	0.98305
117	48	0.9671
117	53	1.04428
117	69	0.976586
117	72	1.00154
117	81	0.950078
117	89	1.00056
117	94	0.972727
117	97	1.01844
117	98	1.03374
117	112	1.03593
117	119	1.03258
117	121	1.15929
117	122	1.37378
117	126	1.05194
117	130	1.25646
117	132	1.36642
117	133	0.890614
117	143	2.04705
117	144	1.24818
117	146	1.03224
117	147	0.970366
117	149	1.01512
117	171	1.71125
118	1	1.32599
118	7	1.80777
118	42	1.34865
118	51	0.70905
118	101	0.916447
118	108	1.26122
118	124	1.02056
118	131	1.02761
118	138	0.605452
118	140	0.999863
118	152	0.98817
118	156	1.04403
118	158	0.972329
118	161	0.988344
118	163	0.941609
118	164	0.913187
118	166	0.903155
118	167	0.921264
118	169	0.871934
118	170	0.98481
118	171	0.948127
118	173	0.869379
118	174	0.861444
118	175	0.877938
118	176	0.893841
118	178	0.821865
118	179	0.839932
118	180	0.891412
119	3	1.08897
119	11	0.883827
119	15	0.955425
119	22	1.03368
119	48	1.00383
119	53	1.08101
119	66	0.71135
119	69	1.01332
119	72	1.03827
119	81	0.986812
119	89	1.0373
119	94	1.00946
119	97	1.05517
119	98	1.07048
119	112	1.07267
119	117	1.03258
119	129	1.29837
119	133	0.927348
119	136	1.09032
119	146	1.06898
119	147	1.0071
119	149	1.05186
119	154	1.05196
119	155	1.39734
119	162	1.12385
119	164	1.6419
119	170	1.26835
119	177	1.72424
120	16	1.09685
120	21	1.03842
120	26	0.38667
120	31	1.04538
120	66	1.09782
120	84	0.982786
120	100	1.06304
120	102	1.03087
120	103	1.04292
120	104	1.02352
120	113	1.04275
120	116	1.03171
120	122	0.54569
120	129	0.969917
120	137	0.751475
120	144	1.01602
120	148	1.02858
120	151	1.04416
120	154	1.04763
120	159	0.953472
120	161	0.651863
120	165	1.0798
120	172	0.931506
120	174	1.98093
120	175	1.68711
120	176	1.34025
120	177	1.19664
120	178	3.07648
121	17	1.09623
121	18	0.94589
121	25	1.13031
121	39	0.913112
121	45	1.0805
121	71	0.858884
121	76	1.17982
121	86	0.981854
121	117	1.15929
121	139	1.13356
121	140	1.03761
121	145	0.987645
121	150	0.979585
121	152	1.02592
121	153	1.0298
121	155	1.00902
121	158	1.01008
121	161	1.02609
121	163	0.979357
121	164	0.950935
121	166	0.940904
121	170	1.02256
121	171	0.985876
121	175	0.915686
121	176	0.93159
121	178	0.859614
121	179	0.877681
121	180	0.929161
122	3	0.744519
122	25	1.3448
122	70	1.16674
122	112	0.925356
122	113	1.19022
122	117	1.37378
122	120	0.54569
122	130	1.08488
122	139	1.13303
122	152	1.02539
122	153	1.02926
122	154	0.695153
122	156	1.08125
122	158	1.00955
122	161	1.02556
122	162	1.01149
122	164	0.950405
122	166	0.940373
122	167	0.958483
122	169	0.909152
122	170	1.02203
122	171	0.985346
122	173	0.906597
122	174	0.898662
122	176	0.931059
122	178	0.859083
122	179	0.87715
122	180	0.928631
123	10	1.55701
123	30	1.02781
123	34	0.981257
123	37	0.996386
123	51	1.06617
123	55	0.877867
123	56	1.25079
123	59	1.20575
123	61	1.06199
123	75	0.991167
123	90	0.760868
123	93	1.06374
123	96	0.957453
123	100	1.08426
123	111	0.968119
123	132	1.01696
123	138	1.03273
123	141	0.9623
123	146	1.03453
123	148	0.998466
123	165	0.586479
123	166	0.886481
123	168	1.01406
123	171	0.931453
123	175	0.861263
123	177	0.904663
123	178	0.80519
123	179	0.823257
123	180	0.874738
124	5	1.29985
124	50	1.07796
124	52	1.26553
124	80	0.717124
124	81	0.95583
124	92	0.644825
124	106	1.34362
124	118	1.02056
124	127	1.06137
124	128	1.03832
124	131	1.0144
124	134	0.961843
124	136	1.01193
124	137	0.968396
124	138	0.853629
124	139	1.0826
124	140	0.986657
124	151	1.26601
124	162	0.961066
124	163	0.928402
124	166	0.889949
124	167	0.908058
124	170	0.971604
124	171	0.934921
124	172	0.904856
124	173	0.856173
124	174	0.848237
124	176	0.880635
124	178	0.808659
124	179	0.826726
124	180	0.878206
125	31	1.0647
125	33	1.14458
125	35	1.37154
125	96	1.14866
125	100	1.40598
125	108	1.32089
125	130	1.03636
125	132	1.02233
125	134	0.963748
125	143	0.91188
125	145	0.938594
125	152	0.976868
125	154	0.829894
125	155	0.959968
125	156	1.03273
125	157	0.930462
125	162	0.96297
125	166	0.891853
125	167	0.909962
125	169	0.860632
125	170	0.973508
125	171	0.936826
125	173	0.858077
125	174	0.850142
125	175	0.866636
125	176	0.882539
125	178	0.810563
125	179	0.82863
125	180	0.88011
126	2	0.969402
126	10	1.42215
126	40	0.670726
126	46	0.846235
126	62	1.17465
126	96	0.692082
126	97	0.853537
126	107	1.12092
126	117	1.05194
126	130	1.1343
126	140	1.08651
126	142	1.05213
126	143	1.00983
126	151	0.620913
126	153	1.07869
126	157	1.02841
126	158	1.05897
126	161	1.07499
126	162	1.06092
126	163	1.02825
126	164	0.999831
126	166	0.989799
126	168	0.508743
126	169	0.958578
126	171	1.03477
126	173	0.956024
126	174	0.948088
126	175	0.964582
126	176	0.980485
126	178	0.908509
126	179	0.926576
126	180	0.978057
127	11	1.04417
127	12	1.48604
127	29	1.49265
127	37	1.00657
127	68	1.14422
127	78	0.887922
127	89	1.05215
127	94	0.629159
127	124	1.06137
127	137	1.02241
127	145	0.990704
127	150	0.982644
127	155	1.01208
127	156	1.08484
127	157	0.982572
127	158	1.01314
127	162	1.01508
127	163	0.982416
127	164	0.953994
127	165	0.532428
127	166	0.943963
127	168	0.589556
127	169	0.912741
127	170	1.02562
127	171	0.988935
127	173	0.910187
127	174	0.902251
127	175	0.918745
127	176	0.934649
127	178	0.862673
127	179	0.88074
127	180	0.93222
128	24	1.21246
128	27	1.46235
128	41	1.05748
128	47	0.996133
128	48	1.41919
128	51	0.534822
128	83	1.0851
128	86	1.09719
128	93	0.910425
128	113	1.09107
128	124	1.03832
128	132	1.0514
128	137	0.999367
128	153	1.00981
128	156	1.0618
128	157	0.959529
128	158	0.990094
128	161	1.00611
128	162	0.992037
128	163	0.959374
128	167	0.939029
128	168	0.731431
128	169	0.889699
128	170	1.00258
128	171	0.965892
128	173	0.887144
128	174	0.879209
128	175	0.895703
128	176	0.911606
128	177	0.939103
128	178	0.83963
128	179	0.857697
128	180	0.909177
129	2	1.51632
129	49	0.881456
129	52	0.902406
129	60	0.886341
129	67	1.55545
129	77	0.987452
129	84	0.892051
129	87	1.25842
129	88	1.4645
129	97	1.40046
129	101	0.950976
129	104	0.932787
129	108	0.997599
129	110	1.10649
129	113	0.952019
129	115	0.917171
129	116	0.940971
129	119	1.29837
129	120	0.969917
129	150	0.864545
129	151	0.953429
129	154	0.956892
129	159	0.862736
129	161	0.911053
129	163	0.864317
129	165	0.989064
129	169	0.794642
129	172	0.840771
129	173	0.792088
129	178	0.744573
129	179	0.76264
129	180	0.814121
130	9	0.437143
130	44	1.26543
130	47	0.992262
130	49	0.941328
130	59	1.27541
130	63	1.21451
130	89	1.17586
130	103	1.10237
130	117	1.25646
130	122	1.08488
130	125	1.03636
130	126	1.1343
130	134	0.988944
130	139	1.1097
130	145	0.96379
130	151	0.825437
130	152	1.00206
130	157	0.955658
130	158	0.986223
130	162	0.988166
130	164	0.927081
130	166	0.917049
130	167	0.935158
130	170	0.998704
130	171	0.962021
130	172	0.931956
130	173	0.883273
130	174	0.875337
130	175	0.891831
130	176	0.907735
130	178	0.835759
130	179	0.853826
130	180	0.905306
131	6	0.977354
131	31	1.11938
131	54	1.29097
131	58	1.48202
131	65	1.11124
131	109	1.11247
131	110	1.07083
131	112	1.11478
131	118	1.02761
131	124	1.0144
131	136	1.01898
131	137	0.975447
131	142	0.959328
131	150	0.935682
131	152	0.982015
131	153	0.985892
131	154	0.884574
131	155	0.965115
131	161	0.98219
131	163	0.935454
131	166	0.897
131	167	0.91511
131	169	0.865779
131	170	0.978656
131	171	0.941973
131	173	0.863224
131	174	0.855289
131	175	0.871783
131	176	0.887686
131	178	0.81571
131	179	0.833777
131	180	0.885258
132	51	0.626615
132	85	1.06625
132	88	1.23206
132	89	1.28582
132	98	1.15741
132	99	1.10314
132	107	1.03415
132	116	1.20048
132	117	1.36642
132	123	1.01696
132	125	1.02233
132	128	1.0514
132	134	0.974918
132	135	0.997527
132	136	1.025
132	137	0.98147
132	143	0.92305
132	145	0.949764
132	152	0.988038
132	156	1.0439
132	159	0.939896
132	161	0.988213
132	162	0.97414
132	163	0.941477
132	164	0.913055
132	165	0.766096
132	169	0.871802
132	170	0.984678
132	173	0.869247
132	174	0.861312
132	175	0.877806
132	178	0.821733
132	179	0.8398
132	180	0.89128
133	13	1.25552
133	20	1.75229
133	28	0.927608
133	33	0.896741
133	41	1.7271
133	42	0.877816
133	72	0.896301
133	76	1.96477
133	85	0.868955
133	87	0.959894
133	89	0.89533
133	90	0.902065
133	98	0.928508
133	112	0.9307
133	113	1.76069
133	117	0.890614
133	119	0.927348
133	146	0.927009
133	147	0.865132
133	150	0.817644
133	155	0.847078
133	160	0.857528
133	162	0.85008
133	165	1.34392
133	166	0.778963
133	167	0.797072
133	168	0.906544
133	173	0.745187
133	174	0.737251
133	175	0.753745
133	177	0.797146
133	178	0.697673
133	179	0.71574
133	180	0.76722
134	14	1.23462
134	22	1.11886
134	25	1.52016
134	47	0.919653
134	62	1.67186
134	69	1.62043
134	105	1.03662
134	124	0.961843
134	125	0.963748
134	130	0.988944
134	132	0.974918
134	136	0.966418
134	137	0.922887
134	142	0.906768
134	143	0.864467
134	150	0.883122
134	155	0.912555
134	159	0.881313
134	162	0.915557
134	163	0.882894
134	165	0.948822
134	166	0.84444
134	167	0.86255
134	168	1.00595
134	169	0.813219
134	170	0.926096
134	173	0.810665
134	174	0.802729
134	175	0.819223
134	176	0.835126
134	178	0.76315
134	179	0.781217
134	180	0.832698
135	22	1.13534
135	31	1.1218
135	54	1.29339
135	60	1.48353
135	108	1.37799
135	114	1.00747
135	116	1.39968
135	132	0.997527
135	136	0.989028
135	137	0.945497
135	138	0.722218
135	141	0.942869
135	142	0.929378
135	143	0.887076
135	145	0.91379
135	148	0.979035
135	151	1.13459
135	155	0.935164
135	157	0.905658
135	158	0.936223
135	159	0.903922
135	161	0.952239
135	162	0.938167
135	163	0.905503
135	167	0.885159
135	169	0.835828
135	170	0.948705
135	171	0.912022
135	173	0.833274
135	174	0.825338
135	175	0.841832
135	176	0.857736
135	178	0.785759
135	179	0.803826
135	180	0.855307
136	15	1.38805
136	56	1.45479
136	83	1.0587
136	106	1.03739
136	107	1.02565
136	108	1.20318
136	112	0.942384
136	116	1.22487
136	119	1.09032
136	124	1.01193
136	131	1.01898
136	132	1.025
136	134	0.966418
136	135	0.989028
136	138	0.547405
136	147	0.980693
136	152	0.979539
136	156	1.0354
136	161	0.979713
136	162	0.965641
136	163	0.932977
136	164	0.904555
136	165	0.790485
136	166	0.894524
136	169	0.863302
136	170	0.976179
136	171	0.939496
136	173	0.860748
136	174	0.852812
136	175	0.869306
136	176	0.88521
136	177	0.912707
136	178	0.813233
136	179	0.8313
136	180	0.882781
137	24	1.5174
137	26	0.977737
137	48	1.72413
137	55	1.27063
137	96	1.21971
137	98	1.37056
137	105	1.04317
137	106	1.22615
137	120	0.751475
137	124	0.968396
137	127	1.02241
137	128	0.999367
137	131	0.975447
137	132	0.98147
137	134	0.922887
137	135	0.945497
137	141	0.926812
137	145	0.897734
137	152	0.936008
137	153	0.939884
137	157	0.889602
137	161	0.936182
137	163	0.889446
137	167	0.869102
137	168	1.03637
137	169	0.819771
137	170	0.932648
137	171	0.895965
137	173	0.817217
137	174	0.809281
137	175	0.825775
137	176	0.841679
137	178	0.769702
137	179	0.78777
137	180	0.83925
138	4	1.06472
138	5	0.973344
138	13	1.07181
138	25	1.01671
138	36	1.02623
138	40	1.01373
138	41	1.10279
138	50	0.993275
138	55	1.06757
138	57	0.912912
138	64	0.976605
138	67	1.03204
138	68	1.04034
