1	106	1.71308
1	141	0.814433
1	162	0.884524
1	168	0.787085
1	169	0.862209
1	170	0.909553
1	171	0.817896
1	175	0.846883
1	177	0.809067
1	178	0.858343
1	179	0.795031
1	180	0.829407
2	37	0.934976
2	70	0.950865
2	112	1.32607
2	119	0.933755
2	134	0.9275
2	138	0.942093
2	139	0.936612
2	145	0.926613
2	151	0.924472
2	154	1.52855
2	155	0.923469
2	171	2.36259
3	65	0.821072
3	107	0.864259
3	110	2.35835
3	116	0.875531
3	131	0.868398
3	133	2.27822
3	142	0.834262
3	150	0.854109
3	152	0.811237
3	157	0.866669
3	173	0.792578
3	174	0.812537
4	74	2.76973
4	156	0.812785
4	160	0.823924
4	162	0.808316
4	174	0.770385
4	175	0.770675
4	176	0.727031
4	177	0.732859
4	178	0.782135
4	179	0.718823
4	180	0.753199
5	86	0.938393
5	96	0.975705
5	106	0.940085
5	110	1.43211
5	123	0.942542
5	125	0.934707
5	131	0.950432
5	147	2.03672
5	157	0.948703
5	159	1.71366
5	163	0.881048
5	166	0.888424
6	8	0.820429
6	28	0.908033
6	38	0.859602
6	41	0.879483
6	55	0.870234
6	58	0.898499
6	118	1.69623
6	128	0.894105
6	132	0.78702
6	153	2.71316
6	173	0.78093
7	24	0.888565
7	32	1.14618
7	34	0.950582
7	127	0.927022
7	134	0.93636
7	138	0.950954
7	139	0.945472
7	145	0.935473
7	151	0.933333
7	155	0.93233
7	156	1.69158
7	166	2.40018
8	6	0.820429
8	28	0.908092
8	38	0.859662
8	41	0.879542
8	55	0.870293
8	58	0.898559
8	128	0.894165
8	129	1.99884
8	132	0.78708
8	173	0.78099
8	174	2.37216
9	65	0.809506
9	75	0.860148
9	80	0.853724
9	86	0.844794
9	95	0.825488
9	108	0.855668
9	123	0.848943
9	146	1.39593
9	157	0.855103
9	172	0.844603
9	174	0.800971
9	179	3.27503
10	14	0.810527
10	25	0.810571
10	30	0.888403
10	39	0.851652
10	40	0.849663
10	43	0.849374
10	52	0.834981
10	67	0.878326
10	120	2.88855
10	132	1.89176
10	152	0.794658
10	153	0.830061
11	102	0.39665
11	137	0.863466
11	147	0.987123
11	155	0.73698
11	156	0.991975
11	168	0.890067
11	171	0.920878
11	176	0.906221
11	177	0.912049
11	178	0.961325
11	179	0.898014
11	180	0.932389
12	79	1.40076
12	105	0.864181
12	106	0.853083
12	123	0.855541
12	131	0.86343
12	135	0.855061
12	150	0.849142
12	154	0.80347
12	157	0.861701
12	173	0.78761
12	174	0.807569
12	180	3.22982
13	130	0.853232
13	142	0.781309
13	150	3.06946
13	159	0.826457
13	162	0.797515
13	164	0.762132
13	171	0.730887
13	175	0.759874
13	176	0.71623
13	177	0.722058
13	179	0.708022
13	180	0.742398
14	10	0.810527
14	25	0.81059
14	30	0.888422
14	39	0.851671
14	40	0.849681
14	43	0.849392
14	52	0.835
14	67	0.878344
14	111	1.77784
14	142	2.92029
14	152	0.794677
14	153	0.83008
15	55	0.98297
15	58	1.01124
15	95	0.431241
15	109	0.954583
15	116	0.568557
15	122	1.03111
15	137	0.972201
15	155	0.951459
15	173	0.893666
15	177	0.876099
15	179	0.862063
15	180	0.896439
16	45	0.249845
16	58	0.94736
16	62	1.04374
16	124	0.939668
16	141	0.929324
16	151	0.938788
16	154	0.895852
16	155	0.937785
16	157	0.954083
16	177	0.862425
16	178	0.911701
16	179	0.848389
16	180	0.882765
17	42	0.834566
17	84	1.71305
17	95	0.812398
17	108	0.842577
17	116	0.850876
17	122	0.83524
17	131	0.843743
17	135	0.835373
17	146	3.2283
17	150	0.829454
17	152	0.786581
17	157	0.842013
17	174	0.787881
18	72	1.59682
18	81	0.86459
18	92	1.19096
18	112	0.830536
18	141	0.840171
18	145	0.851775
18	155	0.848632
18	157	0.86493
18	167	0.756163
18	172	0.854429
18	177	0.773272
18	178	0.822547
18	180	0.793611
19	44	0.913328
19	47	0.985048
19	87	1.83229
19	95	0.885348
19	125	0.900968
19	130	1.38208
19	131	0.916692
19	135	0.908323
19	141	0.890204
19	142	0.882556
19	148	2.25138
19	150	0.902404
19	157	0.914963
20	49	1.36068
20	59	0.264615
20	93	0.942622
20	157	0.654144
20	160	0.969475
20	161	0.920143
20	165	0.909778
20	175	0.916227
20	176	0.872582
20	177	0.87841
20	178	0.927686
20	179	0.864375
20	180	0.89875
21	53	0.910279
21	62	0.951801
21	64	1.35491
21	69	0.890784
21	82	0.971821
21	101	1.86315
21	103	0.923418
21	112	2.26769
21	142	0.901094
21	154	0.87527
21	166	0.873223
21	172	0.923
21	174	0.879369
22	39	0.853227
22	67	0.8799
22	87	0.872107
22	102	0.855692
22	105	1.18804
22	107	1.6195
22	145	0.838511
22	153	0.831636
22	155	0.835367
22	175	0.797823
22	178	0.809283
22	179	0.745971
22	180	0.780347
23	45	0.923105
23	53	0.904028
23	59	0.960968
23	62	0.94555
23	69	0.884533
23	103	0.917167
23	126	1.60122
23	153	0.90722
23	156	0.812302
23	166	0.866972
23	172	0.916749
23	174	0.873118
23	179	3.1049
24	7	0.888565
24	50	0.818399
24	70	0.840708
24	78	0.782832
24	81	0.82927
24	126	2.64082
24	134	0.817342
24	137	0.834053
24	138	0.831936
24	139	0.826454
24	145	0.816455
24	149	2.33397
24	151	0.814315
25	10	0.810571
25	14	0.81059
25	30	0.888465
25	39	0.851714
25	40	0.849725
25	43	0.849436
25	52	0.835043
25	67	0.878388
25	90	1.46033
25	152	0.794721
25	153	0.830124
25	174	3.20049
26	56	0.953493
26	76	0.92598
26	113	0.921639
26	127	0.895085
26	132	0.84869
26	137	0.921134
26	138	0.919017
26	139	0.913535
26	140	1.39743
26	151	0.901396
26	155	0.900393
26	162	1.70753
26	180	2.38042
27	42	0.895587
27	68	0.920047
27	80	0.901655
27	89	0.882072
27	97	0.873721
27	111	1.13157
27	116	0.911897
27	122	0.896261
27	135	0.896394
27	150	0.890475
27	157	0.903034
27	165	3.05534
27	170	1.65513
27	173	0.828943
28	6	0.908033
28	8	0.908092
28	38	0.947266
28	41	0.967146
28	55	0.957897
28	58	0.986162
28	128	0.981768
28	132	0.874683
28	136	3.22901
28	153	0.794591
28	166	1.2413
28	173	0.868593
29	63	0.817582
29	146	0.8504
29	147	0.865693
29	148	0.86484
29	155	2.01406
29	160	0.881684
29	162	0.866077
29	168	0.768637
29	176	0.784791
29	177	0.79062
29	178	0.839895
29	179	0.776584
29	180	0.810959
30	10	0.888403
30	14	0.888422
30	25	0.888465
30	39	0.929547
30	40	0.927557
30	43	0.927268
30	52	0.912875
30	67	0.95622
30	152	0.872553
30	153	0.907956
30	159	0.849916
30	171	2.4845
30	173	2.19926
31	53	0.872353
31	59	0.929292
31	69	0.852857
31	71	0.90323
31	72	0.897573
31	82	0.933895
31	90	1.41181
31	92	0.922599
31	103	0.885492
31	117	1.74886
31	148	2.5866
31	153	0.875545
31	172	0.885074
31	174	0.841442
32	7	1.14618
32	125	1.17495
32	131	0.784215
32	156	0.930165
32	159	0.954638
32	160	0.941304
32	165	0.881607
32	169	0.903381
32	175	0.888055
32	176	0.844411
32	177	0.850239
32	178	0.899515
32	179	0.836203
32	180	0.870579
33	55	1.01117
33	116	1.00482
33	130	0.893684
33	137	1.00041
33	139	0.992807
33	145	0.982808
33	150	0.983403
33	155	0.979664
33	157	0.995963
33	159	1.41823
33	160	1.5517
33	161	2.48556
33	163	0.928308
33	173	0.921871
34	7	0.950582
34	56	0.92843
34	78	0.844849
34	85	0.883035
34	102	0.895654
34	124	0.877212
34	137	0.89607
34	138	0.893953
34	145	0.878473
34	151	0.876332
34	155	0.875329
34	156	1.56418
34	166	2.27278
34	178	1.99565
35	106	2.43433
35	132	0.813103
35	146	0.849226
35	150	0.722893
35	160	0.88051
35	161	0.831178
35	165	0.820813
35	167	0.772337
35	171	0.798274
35	175	0.827262
35	176	0.783617
35	178	0.838721
35	179	0.77541
35	180	0.809785
36	110	0.797851
36	146	0.771604
36	147	0.786896
36	150	3.66946
36	162	0.78728
36	169	0.764965
36	170	0.812309
36	171	0.720652
36	175	0.749639
36	176	0.705995
36	177	0.711823
36	178	0.761099
36	179	0.697787
36	180	0.732163
37	2	0.934976
37	74	0.831664
37	83	0.869508
37	87	1.56021
37	113	0.88983
37	115	0.901577
37	120	0.801934
37	137	0.889325
37	138	0.887208
37	139	0.881726
37	142	2.1358
37	151	0.869587
37	154	2.4351
37	155	0.868584
37	172	0.874381
38	6	0.859602
38	8	0.859662
38	28	0.947266
38	41	0.918716
38	55	0.909466
38	58	0.937732
38	61	0.878381
38	79	0.909555
38	128	0.933338
38	132	0.826253
38	142	1.75186
38	154	2.05115
38	163	2.04449
38	173	0.820163
39	10	0.851652
39	14	0.851671
39	22	0.853227
39	25	0.851714
39	30	0.929547
39	40	0.890806
39	43	0.890517
39	52	0.876125
39	67	0.919469
39	109	0.878061
39	147	1.75558
39	152	0.835802
39	153	0.871205
39	158	2.00073
39	166	2.35757
40	10	0.849663
40	14	0.849681
40	25	0.849725
40	30	0.927557
40	39	0.890806
40	43	0.888527
40	52	0.874135
40	61	0.873372
40	67	0.91748
40	109	0.876071
40	128	1.49284
40	152	0.833812
40	153	0.869215
40	159	1.91803
40	163	2.71191
41	6	0.879483
41	8	0.879542
41	28	0.967146
41	38	0.918716
41	55	0.929347
41	58	0.957612
41	66	1.5759
41	79	0.929435
41	128	0.953218
41	132	0.846133
41	160	1.64879
41	163	2.30921
41	173	0.840043
42	17	0.834566
42	27	0.895587
42	68	0.899238
42	80	0.880846
42	96	0.909228
42	105	0.884705
42	123	0.876065
42	125	0.86823
42	147	0.595172
42	150	0.869666
42	157	0.882225
42	164	1.21694
42	167	4.33733
42	172	0.871724
42	174	0.828093
43	10	0.849374
43	14	0.849392
43	25	0.849436
43	30	0.927268
43	39	0.890517
43	40	0.888527
43	49	0.876214
43	52	0.873846
43	67	0.917191
43	109	0.875782
43	114	1.24888
43	152	0.833523
43	153	0.868926
43	174	1.52433
43	176	3.38048
44	19	0.913328
44	93	2.68298
44	106	0.87942
44	107	0.885628
44	108	0.888602
44	116	0.8969
44	121	1.34249
44	125	0.874043
44	131	0.889767
44	141	0.863279
44	143	2.02323
44	150	0.875479
44	152	0.832606
44	157	0.888038
44	173	0.813947
45	16	0.249845
45	23	0.923105
45	59	0.919246
45	71	0.893184
45	72	0.887526
45	82	0.923849
45	98	1.80639
45	103	0.875445
45	120	3.61648
45	142	0.853121
45	153	0.865499
45	154	0.827297
45	166	0.82525
45	172	0.875027
45	174	0.831396
46	49	0.861444
46	73	0.89069
46	124	0.859771
46	127	0.852579
46	134	0.861918
46	137	0.878629
46	138	0.876512
46	139	0.87103
46	145	0.861031
46	151	0.85889
46	155	0.857888
46	156	1.9845
46	159	1.76805
46	163	0.806532
46	172	0.863685
46	174	2.67818
47	19	0.985048
47	61	1.2724
47	65	0.914161
47	97	0.930444
47	99	0.930413
47	107	0.957348
47	129	1.91286
47	131	0.961487
47	141	0.934999
47	150	0.947198
47	154	0.901527
47	157	0.959758
47	160	1.50951
47	163	0.892104
47	173	0.885667
47	175	2.23534
48	77	0.83383
48	78	0.825951
48	83	0.857356
48	85	0.864137
48	102	0.876756
48	121	1.75971
48	124	0.858314
48	127	0.851123
48	128	0.911813
48	133	1.96924
48	134	0.860462
48	137	0.877173
48	139	0.869574
48	147	2.65398
48	151	0.857434
48	155	0.856431
49	20	1.36068
49	43	0.876214
49	46	0.861444
49	51	2.90983
49	52	0.861821
49	62	0.895231
49	67	0.905166
49	115	0.893626
49	118	1.62444
49	127	0.855325
49	151	0.861636
49	152	0.821499
49	154	0.8187
49	155	0.860633
49	172	0.86643
49	174	0.822799
50	24	0.818399
50	74	0.825244
50	77	0.839563
50	85	0.869869
50	110	1.66459
50	113	0.88341
50	134	0.866194
50	137	0.882905
50	138	0.880788
50	139	0.875306
50	145	0.865307
50	151	0.863166
50	155	0.862164
50	164	2.89096
50	170	1.8285
50	172	0.867961
51	49	2.90983
51	63	1.34932
51	104	0.840301
51	126	0.817155
51	147	0.836189
51	160	0.85218
51	162	0.836573
51	164	0.80119
51	168	0.739134
51	169	0.814257
51	171	0.769945
51	175	0.798932
51	176	0.755288
51	178	0.810392
51	179	0.74708
51	180	0.781455
52	10	0.834981
52	14	0.835
52	25	0.835043
52	30	0.912875
52	39	0.876125
52	40	0.874135
52	43	0.873846
52	49	0.861821
52	61	0.858691
52	67	0.902798
52	109	0.861389
52	121	1.42168
52	152	0.819131
52	153	0.854534
52	160	2.12636
52	175	2.85218
53	21	0.910279
53	23	0.904028
53	31	0.872353
53	59	0.900169
53	60	0.891881
53	69	0.823734
53	71	0.874107
53	92	0.893476
53	103	0.856368
53	153	0.846422
53	154	0.80822
53	160	1.46584
53	163	2.12625
53	166	0.806173
53	174	0.812319
53	177	2.82355
54	68	0.939754
54	75	0.927785
54	80	0.921362
54	89	0.901779
54	108	0.923305
54	122	0.915968
54	125	0.908746
54	129	1.31115
54	131	0.92447
54	135	0.916101
54	136	3.6871
54	141	0.897982
54	142	0.890334
54	150	0.910182
54	157	0.922741
54	158	1.34255
54	162	0.910914
55	6	0.870234
55	8	0.870293
55	15	0.98297
55	28	0.957897
55	33	1.01117
55	38	0.909466
55	41	0.929347
55	58	0.948363
55	61	0.889013
55	79	0.920186
55	128	0.943969
55	132	0.836884
55	163	1.8994
55	165	2.3881
55	170	0.987885
55	173	0.830794
55	174	2.01566
56	26	0.953493
56	34	0.92843
56	74	0.873258
56	78	0.879697
56	83	0.911102
56	102	0.930502
56	117	0.574101
56	119	0.920463
56	127	0.904869
56	134	0.914208
56	137	0.930919
56	138	0.928802
56	145	0.913321
56	151	0.91118
56	161	2.13442
56	174	1.97722
56	177	2.55826
57	60	1.38041
57	72	2.54366
57	119	0.821657
57	122	0.820896
57	123	0.821509
57	124	0.813253
57	127	0.806062
57	137	0.832112
57	141	0.80291
57	148	0.810231
57	150	0.815109
57	157	0.827669
57	176	0.730182
57	177	0.73601
57	178	0.785286
57	179	0.721974
57	180	0.75635
58	6	0.898499
58	8	0.898559
58	15	1.01124
58	16	0.94736
58	28	0.986162
58	38	0.937732
58	41	0.957612
58	55	0.948363
58	61	0.917278
58	79	0.948451
58	121	1.11423
58	128	0.972235
58	132	0.86515
58	152	2.76589
58	170	1.56781
58	173	0.85906
59	20	0.264615
59	23	0.960968
59	31	0.929292
59	45	0.919246
59	53	0.900169
59	72	0.925389
59	82	0.961711
59	92	0.950415
59	103	0.913308
59	129	0.891344
59	132	2.69872
59	152	2.14741
59	153	0.903361
59	158	1.63517
59	166	0.863113
59	172	0.91289
59	174	0.869258
60	53	0.891881
60	57	1.38041
60	62	0.933402
60	69	0.872385
60	71	0.922758
60	72	0.917101
60	82	0.953423
60	92	0.942127
60	103	0.90502
60	109	0.901929
60	120	2.49498
60	142	0.882696
60	154	0.856871
60	156	0.613678
60	166	0.854824
60	172	0.904602
60	174	0.86097
60	176	2.63271
61	38	0.878381
61	40	0.873372
61	47	1.2724
61	52	0.858691
61	55	0.889013
61	58	0.917278
61	67	0.902035
61	98	0.846217
61	127	1.83089
61	144	0.771235
61	152	0.818368
61	153	0.853771
61	172	1.22512
61	173	0.799709
61	176	0.776314
61	177	0.782142
61	178	0.831418
61	180	0.802482
62	16	1.04374
62	21	0.951801
62	23	0.94555
62	49	0.895231
62	60	0.933402
62	69	0.865255
62	71	0.915628
62	72	0.909971
62	92	0.934997
62	103	0.89789
62	129	0.875926
62	140	1.6083
62	142	0.875566
62	159	1.78182
62	163	2.5757
62	166	0.847695
62	172	0.897472
62	174	0.85384
63	29	0.817582
63	51	1.34932
63	65	0.868827
63	68	0.931437
63	89	0.893461
63	97	0.88511
63	106	0.905806
63	116	0.923286
63	122	0.907651
63	123	0.908264
63	131	0.916153
63	135	0.907784
63	141	0.889665
63	148	0.947275
63	150	0.901864
63	157	0.914424
63	163	0.84677
63	176	3.3688
64	21	1.35491
64	97	1.92266
64	115	1.06211
64	133	0.911342
64	136	0.798477
64	146	0.859203
64	148	0.873643
64	158	0.853915
64	162	0.874879
64	168	0.77744
64	169	0.852564
64	170	0.899909
64	171	0.808251
64	175	0.837238
64	177	0.799422
64	178	0.848698
64	179	0.785386
64	180	0.819762
65	3	0.821072
65	9	0.809506
65	47	0.914161
65	63	0.868827
65	68	0.861089
65	95	0.814461
65	96	0.871079
65	99	0.814731
65	105	0.846556
65	108	0.84464
65	116	0.852938
65	117	1.75608
65	141	0.819317
65	157	0.844076
65	162	2.38565
65	166	0.783798
65	169	2.84396
65	172	0.833575
66	41	1.5759
66	108	1.44742
66	119	1.29114
66	144	0.799883
66	156	0.890716
66	158	0.865283
66	161	0.852523
66	164	0.850864
66	167	0.793682
66	169	0.863932
66	170	0.911276
66	171	0.819619
66	175	0.848606
66	176	0.804962
66	177	0.81079
66	178	0.860066
66	179	0.796754
66	180	0.83113
67	10	0.878326
67	14	0.878344
67	22	0.8799
67	25	0.878388
67	30	0.95622
67	39	0.919469
67	40	0.91748
67	43	0.917191
67	49	0.905166
67	52	0.902798
67	61	0.902035
67	109	0.904734
67	128	0.919327
67	152	0.862476
67	153	0.897878
67	156	1.56096
67	170	1.22687
67	179	3.85356
68	27	0.920047
68	42	0.899238
68	54	0.939754
68	63	0.931437
68	65	0.861089
68	95	0.877071
68	122	0.899913
68	123	0.900526
68	125	0.89269
68	133	1.42886
68	135	0.900045
68	141	0.881927
68	150	0.894126
68	157	0.906686
68	159	1.79054
68	162	1.92712
68	169	2.38544
68	172	0.896185
69	21	0.890784
69	23	0.884533
69	31	0.852857
69	53	0.823734
69	60	0.872385
69	62	0.865255
69	71	0.854611
69	82	0.885276
69	103	0.836873
69	114	2.68128
69	121	1.47539
69	129	0.814909
69	142	0.814549
69	154	0.788725
69	163	2.84048
69	166	0.786678
69	172	0.836455
69	174	0.792823
70	2	0.950865
70	24	0.840708
70	88	0.956171
70	109	0.887597
70	113	0.905719
70	119	0.894759
70	124	0.886356
70	127	0.879165
70	129	0.868725
70	134	0.888503
70	137	0.905214
70	138	0.903097
70	145	0.887616
70	146	2.04274
70	151	0.885476
70	152	2.49323
70	155	0.884473
70	163	0.833117
70	166	2.33784
71	31	0.90323
71	45	0.893184
71	53	0.874107
71	60	0.922758
71	62	0.915628
71	69	0.854611
71	72	0.899327
71	82	0.935649
71	92	0.924353
71	103	0.887246
71	109	0.884155
71	114	1.93335
71	148	1.64343
71	154	0.839098
71	163	2.09255
71	166	0.83705
71	172	0.886828
71	174	0.843196
71	175	2.15796
72	18	1.59682
72	31	0.897573
72	45	0.887526
72	57	2.54366
72	59	0.925389
72	60	0.917101
72	62	0.909971
72	71	0.899327
72	82	0.929992
72	87	0.95534
72	92	0.918696
72	103	0.881588
72	109	0.878497
72	153	0.871642
72	154	0.83344
72	166	0.831393
72	172	0.881171
72	174	0.837539
72	178	1.6776
73	46	0.89069
73	74	0.85296
73	76	0.915466
73	77	0.867279
73	81	0.905838
73	113	0.911126
73	119	0.900166
73	124	0.891762
73	132	0.838176
73	134	0.89391
73	136	3.58389
73	138	0.908504
73	139	0.903022
73	142	1.17238
73	145	0.893023
73	153	1.14948
73	155	0.88988
73	163	0.838524
73	173	2.02048
74	4	2.76973
74	37	0.831664
74	50	0.825244
74	56	0.873258
74	73	0.85296
74	76	0.845744
74	77	0.797556
74	81	0.836115
74	115	0.85315
74	124	0.82204
74	127	0.814849
74	134	0.824188
74	139	0.8333
74	145	0.823301
74	151	0.82116
74	155	0.820157
74	169	1.86898
74	172	0.825955
74	175	2.13338
75	9	0.860148
75	54	0.927785
75	80	0.893338
75	86	0.884408
75	94	1.20027
75	106	0.886099
75	108	0.895281
75	112	2.43356
75	116	0.903579
75	122	0.887944
75	125	0.880722
75	135	0.888077
75	141	0.869958
75	142	0.86231
75	143	1.94502
75	148	2.18024
75	150	0.882158
75	157	0.894717
75	172	0.884216
76	26	0.92598
76	73	0.915466
76	74	0.845744
76	113	0.90391
76	119	0.89295
76	124	0.884547
76	127	0.877356
76	132	0.830961
76	134	0.886694
76	138	0.901288
76	139	0.895806
76	142	1.81512
76	145	0.885807
76	151	0.883667
76	155	0.882664
76	169	1.90876
76	170	1.19623
76	171	2.94845
76	172	0.888461
77	48	0.83383
77	50	0.839563
77	73	0.867279
77	74	0.797556
77	81	0.850434
77	83	0.8354
77	85	0.842182
77	98	2.27329
77	127	0.829168
77	132	0.782773
77	134	0.838506
77	138	0.8531
77	145	0.837619
77	151	0.835479
77	155	0.834476
77	163	0.78312
77	165	2.73741
77	172	0.840273
77	174	2.36496
78	24	0.782832
78	34	0.844849
78	48	0.825951
78	56	0.879697
78	113	0.847843
78	115	0.85959
78	118	1.84995
78	119	0.836883
78	124	0.828479
78	129	0.810848
78	137	0.847338
78	138	0.845221
78	145	0.82974
78	151	0.827599
78	155	0.826597
78	163	0.775241
78	170	2.27089
78	172	0.832394
78	180	3.198
79	12	1.40076
79	38	0.909555
79	41	0.929435
79	55	0.920186
79	58	0.948451
79	102	0.909
79	122	1.23646
79	123	0.970326
79	135	0.826091
79	139	0.901818
79	151	0.889678
79	155	0.888675
79	158	0.867808
79	163	0.837319
79	170	0.913802
79	173	0.830882
79	176	0.807487
79	177	0.813315
79	179	0.799279
79	180	0.833655
80	9	0.853724
80	27	0.901655
80	42	0.880846
80	54	0.921362
80	75	0.893338
80	96	0.915297
80	122	0.881521
80	123	0.882134
80	125	0.874299
80	128	1.3492
80	135	0.881654
80	140	1.60085
80	141	0.863535
80	150	0.875735
80	152	0.832862
80	157	0.888294
80	162	1.91096
80	163	0.82064
80	174	0.834162
80	177	3.26555
81	18	0.86459
81	24	0.82927
81	73	0.905838
81	74	0.836115
81	77	0.850434
81	115	0.906028
81	119	0.883321
81	124	0.874918
81	134	0.877065
81	137	0.893776
81	138	0.891659
81	139	0.886177
81	145	0.876178
81	151	0.874038
81	153	1.80592
81	155	0.873035
81	162	1.46415
81	172	0.878832
81	173	2.67692
81	174	2.23771
82	21	0.971821
82	31	0.933895
82	45	0.923849
82	59	0.961711
82	60	0.953423
82	69	0.885276
82	71	0.935649
82	72	0.929992
82	84	0.517081
82	92	0.955018
82	93	2.17167
82	103	0.917911
82	142	0.895587
82	153	0.907964
82	154	0.869762
82	158	1.9706
82	162	1.53896
82	166	0.867715
82	172	0.917493
82	173	2.75173
82	174	0.873861
83	37	0.869508
83	48	0.857356
83	56	0.911102
83	77	0.8354
83	113	0.879248
83	115	0.890994
83	119	0.868287
83	127	0.852693
83	132	0.806298
83	134	0.862032
83	137	0.878742
83	138	0.876625
83	139	0.871144
83	145	0.861145
83	151	0.859004
83	155	0.858001
83	160	0.688255
83	165	1.83737
83	167	4.62001
83	172	0.863798
83	180	1.36425
84	17	1.71305
84	82	0.517081
84	106	0.971652
84	130	1.01329
84	135	0.960384
84	136	0.881168
84	144	0.871207
84	147	0.957187
84	157	0.571188
84	158	0.936607
84	159	0.986512
84	167	0.865006
84	169	0.935255
84	170	0.9826
84	171	0.890942
84	175	0.91993
84	176	0.876285
84	177	0.882114
84	178	0.931389
84	179	0.868078
84	180	0.902453
85	34	0.883035
85	48	0.864137
85	50	0.869869
85	77	0.842182
85	102	0.885107
85	111	1.33555
85	115	0.897776
85	119	0.875069
85	120	0.798132
85	124	0.866665
85	127	0.859474
85	134	0.868813
85	137	0.885524
85	138	0.883407
85	139	0.877925
85	151	0.865785
85	153	2.45509
85	155	0.864783
85	160	2.11021
85	163	0.813427
85	169	2.57164
86	5	0.938393
86	9	0.844794
86	75	0.884408
86	97	0.85005
86	99	0.850019
86	105	0.881844
86	106	0.870746
86	108	0.879928
86	116	0.888226
86	123	0.873204
86	125	0.865369
86	135	0.872724
86	149	1.88522
86	150	0.866804
86	152	0.823932
86	157	0.879364
86	158	1.7549
86	163	0.81171
86	164	2.13152
86	166	0.819086
86	177	2.67787
87	19	1.83229
87	22	0.872107
87	37	1.56021
87	72	0.95534
87	88	0.93194
87	114	0.877069
87	144	0.807549
87	149	0.88471
87	155	1.72466
87	159	0.922855
87	164	0.85853
87	165	0.849824
87	167	0.801348
87	168	0.796474
87	169	0.871598
87	170	0.918943
87	171	0.827285
87	175	0.856272
87	176	0.812628
87	178	0.867732
87	179	0.80442
87	180	0.838796
88	70	0.956171
88	87	0.93194
88	122	1.79944
88	133	0.93176
88	136	0.818895
88	140	0.926993
88	144	0.808933
88	151	1.25625
88	156	0.899766
88	157	0.999875
88	158	0.874333
88	165	0.851208
88	167	0.802732
88	168	0.797858
88	170	0.920327
88	171	0.828669
88	175	0.857656
88	176	0.814012
88	177	0.81984
88	178	0.869116
88	179	0.805804
88	180	0.84018
89	27	0.882072
89	54	0.901779
89	63	0.893461
89	94	1.49436
89	96	0.895713
89	99	0.839366
89	116	0.877572
89	123	0.86255
89	125	0.854715
89	131	0.870439
89	135	0.86207
89	141	0.843951
89	150	0.856151
89	154	0.810479
89	157	0.86871
89	162	2.26616
89	163	0.801056
89	166	0.808432
89	170	2.01194
89	172	0.858209
89	174	0.814578
89	180	2.93905
90	25	1.46033
90	31	1.41181
90	115	0.546792
90	137	1.09546
90	143	0.925475
90	146	0.922807
90	156	0.942952
90	158	0.917519
90	159	0.967425
90	162	0.938483
90	163	0.88703
90	164	0.9031
90	165	0.894394
90	170	0.963512
90	171	0.871855
90	172	0.498728
90	175	0.900842
90	176	0.857198
90	177	0.863026
90	178	0.912302
90	179	0.84899
90	180	0.883366
91	102	1.14138
91	109	0.0135405
91	127	1.61724
91	137	1.6082
91	154	0.845076
91	156	0.891575
91	158	0.866142
91	159	0.916048
91	160	0.902714
91	161	0.853382
91	162	0.887106
91	164	0.851723
91	165	0.843016
91	167	0.794541
91	169	0.864791
91	170	0.912135
91	171	0.820478
91	175	0.849465
91	177	0.811649
91	178	0.860925
91	179	0.797613
91	180	0.831988
92	18	1.19096
92	31	0.922599
92	53	0.893476
92	59	0.950415
92	60	0.942127
92	62	0.934997
92	71	0.924353
92	72	0.918696
92	82	0.955018
92	103	0.906615
92	109	0.903523
92	129	0.884651
92	142	0.88429
92	153	0.896668
92	154	0.858466
92	161	1.69116
92	166	0.856419
92	172	0.906197
92	174	0.862565
92	175	1.48311
92	178	1.27174
92	179	3.13287
93	20	0.942622
93	44	2.68298
93	82	2.17167
93	114	0.82918
93	149	0.836821
93	150	0.914806
93	159	0.874966
93	160	0.861632
93	161	0.8123
93	162	0.846025
93	164	0.810641
93	165	0.801935
93	167	0.753459
93	168	0.748585
93	170	0.871054
93	175	0.808384
93	176	0.764739
93	177	0.770568
93	178	0.819843
93	179	0.756532
93	180	0.790907
94	75	1.20027
94	89	1.49436
94	106	1.22174
94	111	0.999535
94	145	0.707325
94	156	0.929981
94	158	0.904548
94	159	0.954454
94	160	0.94112
94	162	0.925512
94	163	0.87406
94	164	0.890129
94	165	0.881423
94	167	0.832947
94	168	0.828073
94	170	0.950542
94	172	0.693537
94	175	0.887872
94	176	0.844227
94	177	0.850055
94	178	0.899331
94	179	0.836019
94	180	0.870395
95	9	0.825488
95	15	0.431241
95	17	0.812398
95	19	0.885348
95	65	0.814461
95	68	0.877071
95	96	0.887061
95	97	0.830744
95	105	0.862538
95	106	0.85144
95	108	0.860622
95	123	0.853898
95	125	0.846063
95	129	2.193
95	131	0.861787
95	135	0.853418
95	141	0.835299
95	150	0.847498
95	157	0.860058
95	161	2.72352
95	172	0.849557
95	173	0.785967
95	177	3.14736
96	5	0.975705
96	42	0.909228
96	65	0.871079
96	80	0.915297
96	89	0.895713
96	95	0.887061
96	97	0.887362
96	99	0.887331
96	105	0.919156
96	122	0.909903
96	129	2.48415
96	135	0.910036
96	141	0.891917
96	143	2.05687
96	146	2.57729
96	148	2.2921
96	150	0.904116
96	154	0.858445
96	155	0.0395688
96	157	0.916676
96	166	0.856398
96	173	0.842585
96	174	0.862544
97	27	0.873721
97	47	0.930444
97	63	0.88511
97	64	1.92266
97	86	0.85005
97	95	0.830744
97	96	0.887362
97	106	0.851741
97	107	0.85795
97	108	0.860923
97	118	1.69879
97	120	0.777411
97	122	0.853586
97	128	1.81219
97	135	0.853719
97	141	0.8356
97	150	0.8478
97	154	0.802128
97	157	0.860359
97	172	0.849859
97	173	0.786268
97	174	0.806227
97	175	3.09667
98	45	1.80639
98	61	0.846217
98	77	2.27329
98	102	2.27714
98	136	0.769486
98	143	0.83288
98	144	0.759524
98	148	0.844651
98	149	0.836684
98	159	0.87483
98	160	0.861496
98	164	0.810505
98	165	0.801799
98	167	0.753323
98	168	0.748449
98	170	0.870917
98	171	0.77926
98	175	0.808247
98	176	0.764603
98	177	0.770431
98	178	0.819707
98	179	0.756395
98	180	0.790771
99	47	0.930413
99	65	0.814731
99	86	0.850019
99	89	0.839366
99	96	0.887331
99	105	0.862808
99	108	0.860893
99	116	0.869191
99	122	0.853556
99	123	0.854168
99	130	0.767135
99	135	0.853688
99	141	0.835569
99	142	0.827922
99	150	0.847769
99	152	0.804896
99	157	0.860329
99	163	0.792674
99	165	2.57426
99	172	0.849828
99	174	0.806196
99	178	1.9396
99	179	3.80073
100	107	1.9448
100	111	0.908944
100	125	1.7844
100	140	0.866617
100	141	1.23882
100	142	0.818716
100	148	0.833685
100	149	0.825718
100	156	0.83939
100	158	0.813958
100	159	0.863863
100	160	0.850529
100	161	0.801197
100	165	0.790832
100	167	0.742356
100	168	0.737482
100	170	0.859951
100	176	0.753636
100	177	0.759465
100	178	0.80874
100	179	0.745429
100	180	0.779804
101	21	1.86315
101	103	1.37257
101	113	0.346817
101	116	1.98703
101	117	0.924697
101	136	0.797857
101	143	0.861252
101	146	0.858583
101	149	0.865056
101	159	0.903201
101	160	0.889867
101	161	0.840535
101	164	0.838876
101	165	0.83017
101	167	0.781694
101	168	0.77682
101	169	0.851944
101	170	0.899289
101	175	0.836618
101	176	0.792974
101	177	0.798802
101	178	0.848078
101	179	0.784766
101	180	0.819142
102	11	0.39665
102	22	0.855692
102	34	0.895654
102	48	0.876756
102	56	0.930502
102	79	0.909
102	85	0.885107
102	91	1.14138
102	98	2.27714
102	109	0.880526
102	113	0.898648
102	115	0.910394
102	119	0.887687
102	120	0.810751
102	124	0.879284
102	127	0.872093
102	134	0.881432
102	137	0.898143
102	139	0.890544
102	151	0.878404
102	155	0.877401
102	164	2.40349
102	169	2.05357
102	172	0.883199
103	21	0.923418
103	23	0.917167
103	31	0.885492
103	45	0.875445
103	53	0.856368
103	59	0.913308
103	60	0.90502
103	62	0.89789
103	69	0.836873
103	71	0.887246
103	72	0.881588
103	82	0.917911
103	92	0.906615
103	101	1.37257
103	109	0.866416
103	129	0.847544
103	142	0.847183
103	152	2.25948
103	154	0.821359
103	161	2.24637
103	166	0.819312
103	169	1.77393
103	172	0.869089
103	174	0.825458
103	180	1.9885
104	51	0.840301
104	115	1.21923
104	121	0.911991
104	122	2.09847
104	138	0.897226
104	140	0.892695
104	146	0.845323
104	149	0.851795
104	156	0.865468
104	158	0.840035
104	159	0.889941
104	161	0.827275
104	162	0.860999
104	165	0.81691
104	167	0.768434
104	168	0.76356
104	169	0.838684
104	170	0.886028
104	172	1.17117
104	175	0.823358
104	176	0.779714
104	177	0.785542
104	178	0.834818
104	179	0.771506
104	180	0.805882
105	12	0.864181
105	22	1.18804
105	42	0.884705
105	65	0.846556
105	86	0.881844
105	95	0.862538
105	96	0.919156
105	99	0.862808
105	106	0.883535
105	107	0.889743
105	118	0.694247
105	122	0.88538
105	123	0.885993
105	125	0.878157
105	131	0.893882
105	132	2.86459
105	135	0.885512
105	141	0.867394
105	150	0.879593
105	157	0.892153
105	163	0.824499
105	166	0.831875
105	171	2.86742
105	172	0.881652
105	175	2.09212
106	1	1.71308
106	5	0.940085
106	12	0.853083
106	35	2.43433
106	44	0.87942
106	63	0.905806
106	75	0.886099
106	84	0.971652
106	86	0.870746
106	94	1.22174
106	95	0.85144
106	97	0.851741
106	105	0.883535
106	108	0.881619
106	116	0.889917
106	123	0.874895
106	131	0.882784
106	135	0.874415
106	141	0.856296
106	143	1.96649
106	150	0.868496
106	154	0.822824
106	157	0.881055
106	163	0.813401
106	173	0.806964
106	174	0.826923
107	3	0.864259
107	22	1.6195
107	44	0.885628
107	47	0.957348
107	97	0.85795
107	100	1.9448
107	105	0.889743
107	108	0.887827
107	116	0.896125
107	120	0.804315
107	122	0.88049
107	125	0.873268
107	131	0.888992
107	133	1.30262
107	135	0.880623
107	141	0.862504
107	150	0.874704
107	152	0.831831
107	154	0.829032
107	157	0.887263
107	158	2.2325
107	166	0.826985
107	172	0.876762
107	173	0.813172
107	174	0.833131
107	178	2.31222
108	9	0.855668
108	17	0.842577
108	44	0.888602
108	54	0.923305
108	65	0.84464
108	66	1.44742
108	75	0.895281
108	86	0.879928
108	95	0.860622
108	97	0.860923
108	99	0.860893
108	106	0.881619
108	107	0.887827
108	120	0.807289
108	122	0.883464
108	123	0.884077
108	131	0.891966
108	141	0.865478
108	142	0.85783
108	157	0.890237
108	160	1.52032
108	161	2.45418
108	163	0.822583
108	164	2.33167
108	173	0.816146
108	180	2.19631
109	15	0.954583
109	39	0.878061
109	40	0.876071
109	43	0.875782
109	52	0.861389
109	60	0.901929
109	67	0.904734
109	70	0.887597
109	71	0.884155
109	72	0.878497
109	91	0.0135405
109	92	0.903523
109	102	0.880526
109	103	0.866416
109	124	0.862084
109	134	0.864232
109	144	2.9838
109	151	0.861204
109	152	0.821067
109	153	0.85647
109	155	0.860201
109	165	0.841508
109	167	3.62415
109	174	0.822367
109	176	2.32521
110	3	2.35835
110	5	1.43211
110	36	0.797851
110	50	1.66459
110	140	0.899537
110	146	0.852165
110	148	0.866604
110	149	0.858637
110	155	1.51745
110	156	0.87231
110	158	0.846877
110	160	0.883449
110	164	0.832458
110	165	0.823752
110	167	0.775276
110	169	0.845526
110	170	0.89287
110	171	0.801213
110	173	0.809951
110	175	0.8302
110	176	0.786556
110	177	0.792384
110	178	0.84166
110	179	0.778348
110	180	0.812724
111	14	1.77784
111	27	1.13157
111	85	1.33555
111	94	0.999535
111	100	0.908944
111	112	0.9131
111	114	0.914449
111	125	0.862698
111	136	0.854891
111	143	0.918285
111	145	0.701351
111	147	0.930909
111	156	0.935762
111	158	0.910329
111	160	0.946901
111	161	0.897569
111	165	0.887204
111	167	0.838728
111	170	0.956322
111	171	0.864665
111	172	0.687564
111	175	0.893652
111	176	0.850008
111	177	0.855836
111	178	0.905112
111	179	0.8418
111	180	0.876176
112	2	1.32607
112	18	0.830536
112	21	2.26769
112	75	2.43356
112	111	0.9131
112	118	0.892126
112	119	1.82863
112	126	0.81966
112	130	0.894795
112	133	0.87554
112	149	0.829874
112	156	0.843546
112	158	0.818114
112	159	0.868019
112	161	0.805353
112	164	0.803694
112	165	0.794988
112	167	0.746513
112	168	0.741638
112	169	0.816762
112	170	0.864107
112	171	0.772449
112	175	0.801437
112	176	0.757792
112	177	0.763621
112	178	0.812896
112	179	0.749585
112	180	0.78396
113	26	0.921639
113	37	0.88983
113	50	0.88341
113	70	0.905719
113	73	0.911126
113	76	0.90391
113	78	0.847843
113	83	0.879248
113	101	0.346817
113	102	0.898648
113	115	0.911316
113	119	0.888609
113	124	0.880206
113	127	0.873015
113	128	0.933705
113	129	0.862575
113	137	0.899065
113	138	0.896947
113	139	0.891466
113	144	3.57816
113	145	0.881467
113	146	0.783237
113	151	0.879326
113	155	0.878323
113	161	1.22062
113	167	4.21851
113	172	0.884121
113	175	1.01258
114	43	1.24888
114	69	2.68128
114	71	1.93335
114	87	0.877069
114	93	0.82918
114	111	0.914449
114	115	2.0115
114	126	0.821009
114	129	0.824581
114	140	0.872122
114	148	0.83919
114	149	0.831223
114	156	0.844895
114	159	0.869368
114	160	0.856034
114	161	0.806702
114	163	0.788974
114	167	0.747861
114	168	0.742987
114	169	0.818111
114	170	0.865456
114	171	0.773798
114	175	0.802786
114	176	0.759141
114	177	0.764969
114	178	0.814245
114	179	0.750933
114	180	0.785309
115	37	0.901577
115	49	0.893626
115	64	1.06211
115	74	0.85315
115	78	0.85959
115	81	0.906028
115	83	0.890994
115	85	0.897776
115	90	0.546792
115	102	0.910394
115	104	1.21923
115	113	0.911316
115	114	2.0115
115	119	0.900356
115	124	0.891953
115	127	0.884762
115	129	0.874322
115	134	0.8941
115	137	0.910811
115	138	0.908694
115	139	0.903212
115	145	0.893213
115	151	0.891073
115	155	0.89007
115	161	2.44416
115	163	0.838714
115	172	0.895867
115	180	2.18629
116	3	0.875531
116	15	0.568557
116	17	0.850876
116	27	0.911897
116	33	1.00482
116	44	0.8969
116	63	0.923286
116	65	0.852938
116	75	0.903579
116	86	0.888226
116	89	0.877572
116	99	0.869191
116	101	1.98703
116	106	0.889917
116	107	0.896125
116	120	0.815587
116	123	0.892375
116	125	0.88454
116	128	1.36832
116	131	0.900264
116	140	1.61998
116	141	0.873776
116	156	2.00996
116	157	0.898535
116	166	0.838257
116	172	0.888034
116	173	0.824444
116	174	0.844403
116	177	3.28468
117	31	1.74886
117	56	0.574101
117	65	1.75608
117	101	0.924697
117	118	0.960756
117	133	0.944171
117	147	0.907324
117	148	0.906472
117	151	1.21988
117	156	0.912177
117	157	0.963508
117	158	0.886744
117	159	0.93665
117	160	0.923316
117	161	0.873984
117	162	0.907708
117	164	0.872325
117	165	0.863619
117	167	0.815143
117	168	0.810269
117	170	0.932738
117	171	0.84108
117	172	0.835771
117	175	0.870068
117	176	0.826423
117	177	0.832251
117	178	0.881527
117	179	0.818215
117	180	0.852591
118	6	1.69623
118	49	1.62444
118	78	1.84995
118	97	1.69879
118	105	0.694247
118	112	0.892126
118	117	0.960756
118	126	0.890901
118	131	0.574574
118	143	0.897311
118	147	0.909935
118	149	0.901115
118	156	0.914787
118	158	0.889354
118	159	0.93926
118	161	0.876594
118	162	0.910319
118	164	0.874935
118	165	0.866229
118	168	0.812879
118	169	0.888003
118	170	0.935348
118	171	0.84369
118	175	0.872678
118	176	0.829033
118	177	0.834861
118	178	0.884137
118	179	0.820826
118	180	0.855201
119	2	0.933755
119	56	0.920463
119	57	0.821657
119	66	1.29114
119	70	0.894759
119	73	0.900166
119	76	0.89295
119	78	0.836883
119	81	0.883321
119	83	0.868287
119	85	0.875069
119	102	0.887687
119	112	1.82863
119	113	0.888609
119	115	0.900356
119	124	0.869246
119	128	0.922745
119	134	0.871393
119	137	0.888104
119	138	0.885987
119	139	0.880505
119	145	0.870506
119	147	1.55362
119	151	0.868366
119	152	2.31101
119	153	1.70891
119	155	0.867363
119	164	2.17539
119	172	0.87316
120	10	2.88855
120	37	0.801934
120	45	3.61648
120	60	2.49498
120	85	0.798132
120	97	0.777411
120	102	0.810751
120	107	0.804315
120	108	0.807289
120	116	0.815587
120	123	0.800565
120	135	0.800084
120	137	0.811168
120	138	0.809051
120	145	0.79357
120	148	0.789287
120	150	0.794165
120	151	0.791429
120	155	0.790427
120	157	0.806725
120	161	0.756799
120	162	0.790523
120	165	0.746434
120	169	0.768208
120	171	0.723895
120	175	0.752883
120	176	0.709238
120	177	0.715066
120	179	0.70103
120	180	0.735406
121	44	1.34249
121	48	1.75971
121	52	1.42168
121	58	1.11423
121	69	1.47539
121	104	0.911991
121	133	0.944725
121	136	0.83186
121	137	1.35428
121	144	0.821898
121	147	0.907878
121	148	0.907025
121	149	0.899058
121	158	0.887298
121	159	0.937204
121	160	0.92387
121	161	0.874538
121	162	0.908262
121	164	0.872879
121	167	0.815697
121	168	0.810823
121	169	0.885947
121	170	0.933291
121	171	0.841634
121	175	0.870621
121	176	0.826977
121	177	0.832805
121	178	0.882081
121	179	0.818769
121	180	0.853145
122	15	1.03111
122	17	0.83524
122	27	0.896261
122	54	0.915968
122	57	0.820896
122	63	0.907651
122	68	0.899913
122	75	0.887944
122	79	1.23646
122	80	0.881521
122	88	1.79944
122	96	0.909903
122	97	0.853586
122	99	0.853556
122	104	2.09847
122	105	0.88538
122	107	0.88049
122	108	0.883464
122	125	0.868905
122	130	1.73151
122	131	0.884629
122	135	0.87626
122	141	0.858141
122	150	0.870341
122	152	0.827468
122	154	0.824669
122	156	2.47251
122	157	0.8829
122	163	0.815246
122	172	0.872399
122	173	0.808809
123	5	0.942542
123	9	0.848943
123	12	0.855541
123	42	0.876065
123	57	0.821509
123	63	0.908264
123	68	0.900526
123	79	0.970326
123	80	0.882134
123	86	0.873204
123	89	0.86255
123	95	0.853898
123	99	0.854168
123	105	0.885993
123	106	0.874895
123	108	0.884077
123	116	0.892375
123	120	0.800565
123	125	0.869518
123	128	1.56474
123	131	0.885242
123	135	0.876873
123	140	1.8164
123	141	0.858754
123	149	2.68845
123	150	0.870953
123	157	0.883513
123	162	2.1265
123	163	0.815859
123	166	0.823235
123	180	2.79939
124	16	0.939668
124	34	0.877212
124	46	0.859771
124	48	0.858314
124	57	0.813253
124	70	0.886356
124	73	0.891762
124	74	0.82204
124	76	0.884547
124	78	0.828479
124	81	0.874918
124	85	0.866665
124	102	0.879284
124	109	0.862084
124	113	0.880206
124	115	0.891953
124	119	0.869246
124	128	0.914342
124	132	0.807257
124	134	0.86299
124	138	0.877584
124	139	0.872102
124	145	0.862103
124	148	1.29897
124	149	1.65274
124	151	0.859962
124	155	0.85896
124	159	0.95422
124	168	4.45098
124	173	2.30357
124	174	1.86435
125	5	0.934707
125	19	0.900968
125	32	1.17495
125	42	0.86823
125	44	0.874043
125	54	0.908746
125	68	0.89269
125	75	0.880722
125	80	0.874299
125	86	0.865369
125	89	0.854715
125	95	0.846063
125	100	1.7844
125	105	0.878157
125	107	0.873268
125	111	0.862698
125	116	0.88454
125	122	0.868905
125	123	0.869518
125	131	0.877407
125	135	0.869038
125	141	0.850919
125	143	1.61342
125	150	0.863118
125	157	0.875678
125	163	0.808024
125	164	2.44871
125	166	0.8154
125	172	0.865177
125	173	0.801587
125	177	2.99506
126	23	1.60122
126	24	2.64082
126	51	0.817155
126	112	0.81966
126	114	0.821009
126	118	0.890901
126	135	2.85106
126	136	0.761451
126	144	0.751489
126	147	0.837469
126	149	0.828649
126	150	1.1509
126	158	0.816889
126	159	0.866795
126	160	0.853461
126	161	0.804129
126	162	0.837853
126	164	0.80247
126	165	0.793764
126	167	0.745288
126	168	0.740414
126	169	0.815538
126	170	0.862882
126	171	0.771225
126	174	0.799922
126	175	0.800212
126	176	0.756568
126	177	0.762396
126	178	0.811672
126	179	0.74836
126	180	0.782736
127	7	0.927022
127	26	0.895085
127	46	0.852579
127	48	0.851123
127	49	0.855325
127	56	0.904869
127	57	0.806062
127	61	1.83089
127	70	0.879165
127	74	0.814849
127	76	0.877356
127	77	0.829168
127	83	0.852693
127	85	0.859474
127	91	1.61724
127	102	0.872093
127	113	0.873015
127	115	0.884762
127	128	0.90715
127	129	0.83602
127	133	1.57285
127	134	0.855799
127	137	0.87251
127	138	0.870393
127	139	0.864911
127	145	0.854912
127	151	0.852771
127	154	2.73508
127	155	0.851769
127	159	1.93453
127	160	2.068
127	163	0.800413
128	6	0.894105
128	8	0.894165
128	28	0.981768
128	38	0.933338
128	40	1.49284
128	41	0.953218
128	48	0.911813
128	55	0.943969
128	58	0.972235
128	67	0.919327
128	80	1.3492
128	97	1.81219
128	113	0.933705
128	116	1.36832
128	119	0.922745
128	123	1.56474
128	124	0.914342
128	127	0.90715
128	139	0.925601
128	141	0.533131
128	144	0.826192
128	145	0.915602
128	160	0.928163
128	161	0.878831
128	163	0.861103
128	168	0.815116
128	171	0.845927
128	173	0.854666
128	175	0.874915
128	176	0.83127
128	179	0.823063
128	180	0.857438
129	8	1.99884
129	47	1.91286
129	54	1.31115
129	59	0.891344
129	62	0.875926
129	69	0.814909
129	70	0.868725
129	78	0.810848
129	92	0.884651
129	95	2.193
129	96	2.48415
129	103	0.847544
129	113	0.862575
129	114	0.824581
129	115	0.874322
129	127	0.83602
129	137	0.86207
129	145	0.844472
129	151	0.842331
129	154	0.799396
129	155	0.841329
129	161	0.807701
129	164	0.806042
129	166	0.797349
129	171	0.774797
129	172	0.847126
129	174	0.803494
129	175	0.803785
129	176	0.76014
129	177	0.765968
129	178	0.815244
129	179	0.751932
129	180	0.786308
130	13	0.853232
130	19	1.38208
130	33	0.893684
130	84	1.01329
130	99	0.767135
130	112	0.894795
130	122	1.73151
130	133	0.94945
130	137	1.40094
130	140	0.944683
130	143	0.89998
130	144	0.826624
130	146	0.897311
130	148	0.911751
130	151	1.18832
130	156	0.917456
130	157	0.931948
130	158	0.892023
130	159	0.941929
130	160	0.928595
130	161	0.879263
130	164	0.877604
130	165	0.868898
130	168	0.815548
130	169	0.890672
130	170	0.938017
130	171	0.846359
130	175	0.875347
130	176	0.831702
130	177	0.83753
130	178	0.886806
130	179	0.823495
130	180	0.85787
131	3	0.868398
131	5	0.950432
131	12	0.86343
131	17	0.843743
131	19	0.916692
131	32	0.784215
131	44	0.889767
131	47	0.961487
131	54	0.92447
131	63	0.916153
131	89	0.870439
131	95	0.861787
131	105	0.893882
131	106	0.882784
131	107	0.888992
131	108	0.891966
131	116	0.900264
131	118	0.574574
131	122	0.884629
131	123	0.885242
131	125	0.877407
131	132	2.74492
131	133	0.751481
131	142	0.858995
131	144	4.53803
131	149	1.81168
131	150	0.878843
131	154	0.833171
131	157	0.891402
131	166	0.831124
131	172	0.880901
131	173	0.817311
131	174	0.83727
131	178	1.76108
132	6	0.78702
132	8	0.78708
132	10	1.89176
132	26	0.84869
132	28	0.874683
132	35	0.813103
132	38	0.826253
132	41	0.846133
132	55	0.836884
132	58	0.86515
132	59	2.69872
132	73	0.838176
132	76	0.830961
132	77	0.782773
132	83	0.806298
