1	98	1.62938
1	107	0.792707
1	150	0.803305
1	151	0.800876
1	152	0.794082
1	158	0.793789
1	159	0.813033
1	168	0.789231
1	170	0.809629
1	171	0.803347
1	175	1.57696
1	177	1.58951
2	5	0.854613
2	18	0.836304
2	29	1.00461
2	34	0.902971
2	40	0.893351
2	51	1.49319
2	64	0.900164
2	126	1.16996
2	131	1.06666
2	146	0.881036
2	159	0.926948
2	180	1.07725
3	21	1.3347
3	45	1.121
3	59	0.969635
3	94	0.894816
3	115	0.876061
3	135	0.874684
3	141	0.887559
3	145	0.894018
3	163	1.13822
3	164	0.899499
3	167	0.903726
3	178	1.20909
4	46	0.771616
4	57	1.45136
4	106	0.816724
4	118	1.58264
4	119	1.75849
4	121	0.783646
4	148	0.789206
4	151	0.808983
4	169	0.807559
4	171	0.811454
4	176	0.80721
4	179	0.803603
5	2	0.854613
5	10	0.744704
5	18	0.729918
5	29	0.898227
5	34	0.796585
5	40	0.786964
5	64	0.793778
5	146	0.77465
5	157	1.58834
5	159	0.820562
5	179	1.61213
5	180	1.60447
6	28	0.896706
6	61	0.805115
6	84	0.819307
6	101	0.788379
6	142	0.802907
6	153	0.826326
6	159	0.833832
6	167	0.827427
6	172	1.35864
6	178	1.48845
6	180	1.55355
7	65	1.00093
7	68	0.932685
7	109	0.87307
7	115	1.2967
7	141	1.20278
7	146	1.29811
7	152	0.893454
7	154	0.909979
7	164	0.901774
7	173	0.888678
7	174	0.905492
7	179	0.894869
8	122	0.877878
8	137	0.910216
8	141	1.26718
8	149	1.23433
8	158	0.898653
8	163	1.14643
8	165	0.882266
8	169	0.904316
8	170	0.914493
8	171	0.908211
8	173	1.14597
8	176	0.903967
9	109	0.882327
9	130	1.33615
9	136	0.922288
9	147	1.15892
9	160	0.897783
9	162	0.875609
9	164	1.14923
9	166	0.902345
9	171	1.16465
9	173	0.897935
9	174	0.914748
9	177	0.906965
10	5	0.744704
10	18	0.726395
10	29	0.894704
10	30	0.879273
10	34	0.793062
10	40	0.783441
10	64	0.790255
10	146	0.771127
10	159	0.817039
10	177	1.5292
10	178	1.60339
10	180	1.66849
11	12	0.907772
11	21	1.14665
11	22	1.00777
11	31	0.930691
11	55	0.931269
11	60	0.912183
11	68	0.970613
11	131	1.07556
11	161	1.09789
11	164	0.939702
11	180	1.08614
12	11	0.907772
12	22	0.907772
12	31	0.830691
12	55	0.831269
12	60	0.812183
12	68	0.870613
12	126	1.38135
12	158	1.33478
12	164	0.839702
12	180	1.28863
13	104	0.872793
13	107	1.38855
13	116	1.33299
13	132	0.870205
13	139	0.86325
13	159	1.20232
13	161	1.28388
13	162	0.836661
13	163	0.876367
13	172	0.877919
13	173	0.858987
13	174	0.8758
13	177	0.868017
14	70	0.90525
14	119	0.83782
14	125	0.856963
14	137	1.29812
14	143	0.86656
14	155	0.870212
14	156	0.87049
14	159	1.24377
14	164	1.32226
14	169	1.34369
14	173	0.857334
14	175	0.869008
14	177	0.866364
15	110	1.25694
15	112	1.29451
15	125	0.855935
15	156	0.869461
15	160	0.856153
15	163	0.873685
15	171	1.33653
15	172	0.875238
15	174	0.873119
15	175	0.867979
15	177	0.865335
15	179	1.32009
15	180	0.863094
16	63	1.41844
16	132	0.867962
16	151	1.22848
16	160	0.856592
16	163	0.874124
16	164	1.28569
16	166	0.861153
16	167	1.2761
16	172	0.875676
16	173	0.856744
16	174	0.873557
16	175	0.868418
16	177	0.865774
17	65	1.12778
17	133	0.871216
17	143	0.868105
17	149	0.848103
17	157	1.32873
17	158	1.391
17	161	1.3566
17	163	0.876258
17	166	0.863287
17	173	0.858878
17	174	0.875691
17	175	0.870552
17	177	0.867908
18	2	0.836304
18	5	0.729918
18	10	0.726395
18	29	0.879918
18	34	0.778276
18	40	0.768656
18	50	0.746469
18	64	0.775469
18	144	1.61557
18	146	0.756342
18	147	1.80233
18	159	0.802253
18	180	1.78396
19	42	0.841886
19	57	0.938226
19	75	1.35476
19	78	0.879375
19	84	1.26871
19	114	0.855239
19	119	0.836349
19	125	0.855492
19	130	1.36913
19	173	0.855863
19	174	0.872676
19	176	1.21686
19	177	0.864893
20	51	1.56258
20	71	0.837541
20	122	1.26952
20	128	0.85492
20	136	0.890978
20	138	1.20053
20	155	0.879503
20	160	0.866473
20	162	0.844299
20	163	0.884005
20	169	1.17674
20	173	0.866625
20	177	0.875655
21	3	1.3347
21	11	1.14665
21	110	0.895403
21	112	0.867763
21	130	0.840991
21	142	0.855269
21	147	0.861505
21	152	0.867242
21	156	1.33072
21	158	0.86695
21	160	1.38427
21	169	0.872613
21	176	0.872264
22	11	1.00777
22	12	0.907772
22	31	0.930691
22	55	0.931269
22	60	0.912183
22	68	0.970613
22	108	1.19884
22	125	1.03368
22	164	0.939702
22	178	1.04895
22	179	1.12172
23	48	1.40155
23	97	0.865335
23	113	1.20037
23	120	1.30033
23	135	1.29149
23	150	0.867384
23	151	0.864955
23	154	0.874685
23	161	0.866751
23	167	0.870707
23	171	0.867426
23	176	0.863182
23	179	0.859575
24	39	1.3482
24	88	0.873938
24	94	1.28666
24	113	1.23521
24	116	0.856791
24	135	1.32634
24	140	0.857696
24	158	0.864987
24	165	0.8486
24	174	0.877317
24	175	0.872178
24	178	0.881799
24	179	0.866694
25	28	0.944901
25	32	0.843952
25	39	0.837986
25	61	0.853311
25	77	1.16084
25	92	1.3542
25	101	0.836575
25	142	0.851103
25	153	0.874521
25	159	0.882028
25	167	0.875622
25	179	1.34757
25	180	1.33991
26	58	1.32282
26	81	0.876155
26	84	1.37584
26	113	0.86829
26	115	0.853268
26	117	0.868218
26	126	0.865253
26	135	0.851891
26	141	0.864766
26	142	1.2929
26	145	0.871226
26	167	0.880933
26	178	1.21555
27	51	0.829277
27	79	1.33371
27	108	0.870424
27	130	0.846264
27	143	1.28612
27	148	0.859532
27	158	0.872222
27	160	1.32732
27	171	0.881781
27	174	1.24646
27	176	0.877536
27	178	0.889034
27	179	0.873929
28	6	0.896706
28	25	0.944901
28	39	0.911729
28	61	0.927054
28	126	1.21481
28	131	0.941366
28	134	1.22825
28	142	0.924846
28	153	0.948264
28	159	0.955771
28	167	0.949365
28	177	0.982801
28	178	1.05699
28	180	1.12209
29	2	1.00461
29	5	0.898227
29	10	0.894704
29	18	0.879918
29	34	0.946585
29	40	0.936964
29	64	0.943778
29	109	1.08047
29	146	0.92465
29	150	1.17116
29	159	0.970562
29	167	1.13884
29	178	1.07465
29	180	1.13975
30	10	0.879273
30	55	0.936066
30	60	0.91698
30	64	0.928348
30	140	1.14559
30	143	1.07166
30	154	0.952705
30	159	0.955132
30	162	1.24646
30	164	0.944499
30	169	0.941551
30	171	0.945446
30	172	1.03543
30	177	1.09105
31	11	0.930691
31	12	0.830691
31	22	0.930691
31	55	0.854188
31	60	0.835102
31	67	1.20364
31	68	0.893532
31	75	0.827212
31	92	0.835274
31	164	0.862621
31	172	1.22434
31	178	1.35414
31	180	1.41924
32	25	0.843952
32	39	0.81078
32	61	0.826104
32	67	0.878531
32	84	0.840296
32	99	1.36344
32	101	0.809368
32	131	0.840417
32	153	0.847315
32	159	0.854821
32	167	0.848416
32	170	1.42425
32	178	1.37517
32	180	1.44027
33	120	0.815479
33	143	0.845355
33	150	1.41117
33	156	0.849284
33	162	0.813803
33	163	0.853509
33	166	0.840538
33	169	1.40987
33	170	1.36375
33	173	0.836129
33	174	0.852942
33	175	0.847803
33	176	1.4231
33	177	0.845159
34	2	0.902971
34	5	0.796585
34	10	0.793062
34	18	0.778276
34	29	0.946585
34	40	0.835322
34	50	0.813136
34	64	0.842136
34	122	1.46484
34	126	1.43467
34	146	0.823008
34	159	0.86892
34	171	1.36605
34	180	1.34195
35	56	0.837472
35	97	1.35342
35	107	1.46579
35	119	0.815688
35	134	1.45554
35	139	0.839465
35	140	0.832395
35	157	1.33325
35	162	0.812876
35	163	0.852582
35	172	0.854134
35	174	0.852015
35	175	0.846876
35	178	0.856497
36	43	0.872388
36	65	0.874195
36	77	0.847025
36	79	0.857862
36	82	0.824311
36	85	0.829086
36	88	0.837057
36	142	1.44967
36	146	0.801439
36	153	1.44949
36	156	1.2664
36	165	0.811719
36	178	0.844918
36	180	1.43743
37	74	0.883786
37	79	0.863499
37	97	1.40412
37	113	0.833938
37	124	1.32669
37	135	0.81754
37	139	0.833523
37	145	0.836874
37	158	1.44622
37	165	0.817356
37	166	0.833669
37	169	1.43018
37	173	0.829259
37	178	0.850555
38	43	0.872388
38	65	0.874195
38	77	0.847025
38	79	0.857862
38	82	0.824311
38	85	0.829086
38	88	0.837057
38	108	1.46112
38	142	1.38858
38	146	0.801439
38	165	0.811719
38	168	1.38084
38	178	0.844918
38	180	1.37634
39	24	1.3482
39	25	0.837986
39	28	0.911729
39	32	0.81078
39	61	0.820139
39	84	0.834331
39	97	1.47109
39	131	0.834451
39	142	0.817931
39	153	0.841349
39	159	0.848856
39	167	0.84245
39	175	1.3152
39	180	1.46704
40	2	0.893351
40	5	0.786964
40	10	0.783441
40	18	0.768656
40	29	0.936964
40	34	0.835322
40	64	0.832516
40	74	0.890098
40	146	0.813388
40	158	1.45645
40	159	0.8593
40	170	1.39429
40	178	1.34521
40	180	1.41031
41	95	0.842879
41	125	0.833229
41	128	0.821895
41	140	0.830793
41	156	0.846756
41	157	1.3682
41	165	1.46422
41	167	1.38341
41	172	0.852532
41	173	0.8336
41	174	0.850413
41	175	0.845274
41	177	0.84263
41	179	1.39199
42	19	0.841886
42	109	0.815856
42	133	0.843803
42	136	0.855817
42	143	0.840691
42	152	1.41104
42	160	0.831313
42	168	1.37959
42	171	1.39918
42	172	0.850397
42	173	0.831464
42	174	0.848278
42	176	1.41842
42	177	0.840495
43	36	0.872388
43	38	0.872388
43	63	1.32183
43	65	0.944778
43	76	1.12677
43	77	0.917609
43	79	0.928446
43	82	0.894895
43	85	0.89967
43	131	1.16981
43	146	0.872023
43	165	0.882303
43	169	1.2105
43	178	0.915501
43	180	1.1804
44	48	0.78079
44	81	0.829906
44	86	0.818369
44	87	1.38414
44	98	0.835071
44	109	1.48107
44	115	0.80702
44	117	0.821969
44	135	0.805643
44	141	0.818518
44	145	0.824977
44	153	0.833584
44	158	1.5865
44	179	1.54802
44	180	0.824152
45	3	1.121
45	83	0.892616
45	110	0.922776
45	121	0.876072
45	146	1.36815
45	147	0.888877
45	149	1.23997
45	151	0.901409
45	152	0.894614
45	156	1.11702
45	159	0.913566
45	170	0.910162
45	171	0.90388
45	177	1.14875
45	179	0.896028
46	4	0.771616
46	89	0.825792
46	96	0.778999
46	99	1.56644
46	114	1.46984
46	130	0.79817
46	139	1.50766
46	161	0.833012
46	169	0.829792
46	170	0.839969
46	172	1.44836
46	176	0.829442
46	178	0.84094
46	179	0.825835
46	180	0.826434
47	54	0.825466
47	60	0.790859
47	68	0.849289
47	73	1.34031
47	106	0.824594
47	114	1.55503
47	141	0.806438
47	145	0.812897
47	164	0.818378
47	166	1.56585
47	170	0.825606
47	171	0.819324
47	174	1.53013
47	176	0.81508
47	180	0.812071
48	23	1.40155
48	44	0.78079
48	59	0.8921
48	62	0.812508
48	69	0.788407
48	81	0.821412
48	93	0.838893
48	98	0.826577
48	131	1.54466
48	135	0.797149
48	141	0.810024
48	142	1.56748
48	145	0.816483
48	178	1.49014
48	180	0.815657
49	71	1.61293
49	91	1.36111
49	93	1.46419
49	105	0.826725
49	124	0.809165
49	152	0.81268
49	157	0.816784
49	158	0.812387
49	161	0.82127
49	169	0.81805
49	171	0.821945
49	173	1.55209
49	176	0.817701
49	178	0.829199
49	179	0.814094
50	18	0.746469
50	34	0.813136
50	64	0.810329
50	71	1.4874
50	85	0.818849
50	102	0.846018
50	113	1.47581
50	125	1.48261
50	141	1.54777
50	154	0.834686
50	159	0.837113
50	165	0.801482
50	169	0.823532
50	170	0.833708
50	178	0.83468
51	2	1.49319
51	20	1.56258
51	27	0.829277
51	59	1.47033
51	73	1.46904
51	110	0.839917
51	116	0.803267
51	123	0.819755
51	131	0.816303
51	157	0.81586
51	158	0.811464
51	168	0.806906
51	170	0.827303
51	176	0.816777
51	179	0.81317
52	79	0.774117
52	88	0.753313
52	103	0.757833
52	113	0.744557
52	117	0.744485
52	121	2.03922
52	124	1.9443
52	141	0.741033
52	162	0.717552
52	168	2.02219
52	172	0.75881
52	175	0.751552
52	177	0.748908
52	178	0.761173
52	180	0.746667
53	109	0.802904
53	119	0.798999
53	122	1.60647
53	133	0.830851
53	138	1.53748
53	149	0.807738
53	151	1.43506
53	154	1.42938
53	160	0.818361
53	162	0.796187
53	163	0.835893
53	166	0.822922
53	172	0.837445
53	173	0.818513
53	175	0.830187
54	47	0.825466
54	59	0.948856
54	86	0.866631
54	94	0.874037
54	98	0.883332
54	113	0.870303
54	115	0.855281
54	117	0.870231
54	135	0.853905
54	137	1.32611
54	145	0.873239
54	152	1.37754
54	161	1.35332
54	164	0.87872
54	174	1.14324
54	177	1.20228
55	11	0.931269
55	12	0.831269
55	22	0.931269
55	30	0.936066
55	31	0.854188
55	60	0.83568
55	68	0.89411
55	75	0.82779
55	84	0.859307
55	92	0.835853
55	123	1.32017
55	126	1.35465
55	142	1.27417
55	164	0.863199
55	178	1.19683
55	180	1.26193
56	35	0.837472
56	99	0.842765
56	108	1.43327
56	140	0.844904
56	143	0.856938
56	149	0.836937
56	151	1.29996
56	155	0.86059
56	162	0.825386
56	164	1.35717
56	167	1.34758
56	171	1.37259
56	172	0.866644
56	173	0.847711
56	174	0.864525
56	175	0.859386
56	177	0.856742
57	4	1.45136
57	19	0.938226
57	71	0.89872
57	103	0.945759
57	109	0.912195
57	120	0.907154
57	121	1.09238
57	139	0.932067
57	151	1.02231
57	162	0.905478
57	164	1.07952
57	166	0.932213
57	167	1.06993
57	171	1.09494
57	172	0.946736
57	174	0.944617
57	177	0.936834
58	26	1.32282
58	123	0.854555
58	128	1.47343
58	133	1.31796
58	134	0.836164
58	137	0.857827
58	147	0.840819
58	154	0.863081
58	157	0.85066
58	161	0.855147
58	168	0.841706
58	169	0.851927
58	173	1.34697
58	175	1.33156
58	176	0.851577
58	179	0.84797
58	180	0.848569
59	3	0.969635
59	48	0.8921
59	51	1.47033
59	54	0.948856
59	69	0.908211
59	86	0.929679
59	113	0.933351
59	115	0.918329
59	135	0.916953
59	141	0.929828
59	145	0.936287
59	150	1.08579
59	158	1.10053
59	165	0.916769
59	169	1.08448
59	171	1.07848
59	178	0.989279
60	11	0.912183
60	12	0.812183
60	22	0.912183
60	30	0.91698
60	31	0.835102
60	47	0.790859
60	55	0.83568
60	68	0.875024
60	75	0.808705
60	84	0.840221
60	92	0.816767
60	124	1.33768
60	132	1.27061
60	151	1.36254
60	153	1.42312
60	164	0.844113
60	180	1.41107
61	6	0.805115
61	25	0.853311
61	28	0.927054
61	32	0.826104
61	39	0.820139
61	67	0.88789
61	101	0.818727
61	124	1.27709
61	126	1.44319
61	128	1.3405
61	131	0.849776
61	142	0.833255
61	153	0.856674
61	159	0.86418
61	167	0.857775
61	176	1.39381
61	180	1.35047
62	48	0.812508
62	67	1.18786
62	92	1.41774
62	98	0.866788
62	113	0.853759
62	115	0.838737
62	117	0.853687
62	135	0.83736
62	141	0.850235
62	142	1.4157
62	153	0.865302
62	164	0.862176
62	165	0.837177
62	167	0.866403
62	176	1.4468
62	178	1.33836
62	180	0.855869
63	16	1.41844
63	43	1.32183
63	91	1.25526
63	97	0.856191
63	124	0.845502
63	129	0.831851
63	134	0.838624
63	144	1.41429
63	148	0.836034
63	150	0.85824
63	152	0.849017
63	154	0.865541
63	158	0.848724
63	167	0.861563
63	171	0.858282
63	174	1.38434
63	179	0.850431
64	2	0.900164
64	5	0.793778
64	10	0.790255
64	18	0.775469
64	29	0.943778
64	30	0.928348
64	34	0.842136
64	40	0.832516
64	50	0.810329
64	74	0.896912
64	126	1.43297
64	146	0.820202
64	152	1.37622
64	159	0.866113
64	176	1.38359
64	178	1.27515
64	180	1.34025
65	7	1.00093
65	17	1.12778
65	36	0.874195
65	38	0.874195
65	43	0.944778
65	77	0.919416
65	79	0.930253
65	82	0.896702
65	85	0.901477
65	88	0.909448
65	97	1.22821
65	101	0.874288
65	108	1.30896
65	126	1.31689
65	146	0.87383
65	165	0.88411
65	178	0.917308
65	180	1.22417
66	86	0.89598
66	94	0.903385
66	98	0.912681
66	100	1.31537
66	113	0.899652
66	115	0.88463
66	117	0.89958
66	128	1.17657
66	131	1.17595
66	135	0.883253
66	141	0.896128
66	142	1.19878
66	145	0.902587
66	150	1.21795
66	164	0.908068
66	167	0.912295
66	178	1.12144
66	180	0.901762
67	31	1.20364
67	32	0.878531
67	61	0.88789
67	62	1.18786
67	85	1.18613
67	94	1.1899
67	98	1.12622
67	107	0.896281
67	115	1.30434
67	157	0.901759
67	159	0.916607
67	163	0.910259
67	167	0.910201
67	168	0.892805
67	172	0.911811
67	173	0.892879
67	177	0.901909
67	179	0.899069
68	7	0.932685
68	11	0.970613
68	12	0.870613
68	22	0.970613
68	31	0.893532
68	47	0.849289
68	55	0.89411
68	60	0.875024
68	75	0.867134
68	84	0.898651
68	89	1.2752
68	92	0.875197
68	142	1.227
68	152	1.25073
68	154	1.16056
68	163	1.07878
68	164	0.902543
68	180	1.21476
69	48	0.788407
69	59	0.908211
69	94	0.833392
69	111	1.35384
69	113	0.829658
69	115	0.814636
69	117	0.829586
69	135	0.81326
69	137	1.51343
69	141	0.826135
69	145	0.832594
69	153	0.841201
69	159	1.45908
69	160	1.41141
69	164	0.838075
69	165	0.813076
69	178	1.46378
69	180	0.831768
70	14	0.90525
70	84	1.26002
70	111	0.907275
70	115	1.24354
70	119	0.873843
70	127	0.89224
70	144	0.898717
70	153	1.17689
70	155	0.906235
70	160	0.893205
70	164	1.17352
70	170	1.14882
70	172	0.91229
70	173	0.893357
70	174	0.91017
70	175	0.905031
70	176	1.20817
70	177	0.902387
71	20	0.837541
71	49	1.61293
71	50	1.4874
71	57	0.89872
71	112	1.34773
71	127	0.81524
71	136	0.840709
71	143	0.825583
71	147	1.38402
71	160	0.816205
71	162	0.794031
71	163	0.833737
71	164	1.37433
71	172	0.835289
71	173	0.816357
71	174	0.83317
71	175	0.828031
71	177	0.825387
72	83	0.827922
72	107	0.828547
72	108	0.82783
72	118	1.32048
72	122	0.808854
72	123	0.83792
72	138	0.829268
72	143	1.40092
72	146	1.6397
72	157	0.834025
72	158	0.829629
72	168	0.825071
72	170	0.845469
72	171	0.839187
72	173	1.42316
72	175	1.40775
72	176	0.834943
72	179	0.831335
73	47	1.34031
73	51	1.46904
73	78	0.915594
73	104	0.905888
73	107	1.16951
73	111	0.905999
73	132	0.903299
73	138	1.10699
73	149	0.881307
73	155	0.904959
73	156	0.905237
73	162	0.869755
73	164	1.06177
73	172	0.911014
73	173	0.892081
73	175	0.903755
73	177	0.901111
73	179	1.06076
74	37	0.883786
74	40	0.890098
74	64	0.896912
74	100	1.27176
74	107	1.25935
74	135	0.888248
74	138	1.19683
74	141	0.901123
74	144	0.905328
74	145	0.907582
74	146	0.877784
74	149	0.889193
74	159	0.923696
74	163	0.917348
74	168	1.14744
74	172	0.9189
74	176	1.18627
74	179	1.15059
75	19	1.35476
75	31	0.827212
75	55	0.82779
75	60	0.808705
75	68	0.867134
75	90	1.29657
75	117	0.827735
75	134	0.817512
75	141	0.824283
75	145	0.830742
75	155	1.44171
75	162	1.63858
75	166	1.45986
75	169	0.833275
75	170	0.843452
75	176	0.832926
75	179	0.829318
75	180	0.829917
76	43	1.12677
76	92	0.861129
76	95	1.2174
76	98	1.28819
76	99	1.31078
76	120	1.40039
76	130	0.853906
76	131	0.884704
76	132	1.24715
76	134	0.869764
76	137	0.891427
76	138	0.879503
76	147	0.874419
76	148	0.867174
76	152	0.880156
76	154	0.896681
76	157	0.88426
76	168	0.875306
76	179	0.88157
77	25	1.16084
77	36	0.847025
77	38	0.847025
77	43	0.917609
77	65	0.919416
77	79	0.903083
77	82	0.869532
77	85	0.874307
77	88	0.882278
77	93	0.898868
77	101	0.847118
77	110	1.20669
77	116	1.32303
77	129	1.38191
77	142	1.27441
77	146	0.84666
77	165	0.85694
77	178	0.890139
77	180	1.26217
78	19	0.879375
78	73	0.915594
78	97	1.2273
78	101	1.29942
78	104	0.88276
78	114	0.868329
78	118	0.890635
78	120	0.848304
78	122	1.34614
78	123	1.28149
78	124	1.14987
78	140	0.866146
78	146	1.30336
78	156	0.882109
78	162	0.846627
78	174	0.885767
78	175	0.880627
78	177	0.877983
78	180	0.875742
79	27	1.33371
79	36	0.857862
79	37	0.863499
79	38	0.857862
79	43	0.928446
79	52	0.774117
79	65	0.930253
79	77	0.903083
79	82	0.880369
79	85	0.885144
79	88	0.893115
79	99	1.25333
79	102	1.25403
79	111	1.15511
79	146	0.857497
79	154	1.27595
79	165	0.867777
79	178	0.900976
79	180	1.33016
80	81	0.884422
80	82	0.872567
80	83	1.30275
80	85	0.877342
80	94	0.880291
80	97	1.26727
80	105	1.2126
80	113	0.876557
80	137	1.24777
80	141	0.873033
80	145	0.879493
80	149	0.861103
80	150	1.29464
80	163	0.889258
80	165	0.859975
80	171	1.28733
80	173	0.871878
80	177	0.880908
80	178	0.893173
81	26	0.876155
81	44	0.829906
81	48	0.821412
81	80	0.884422
81	86	0.858991
81	98	0.875693
81	101	0.836259
81	113	0.862663
81	115	0.847641
81	131	1.39349
81	135	0.846265
81	141	0.85914
81	142	1.41632
81	143	1.2454
81	145	0.865599
81	151	1.35555
81	164	0.87108
81	175	1.25223
81	178	1.33897
81	180	0.864773
82	36	0.824311
82	38	0.824311
82	43	0.894895
82	65	0.896702
82	77	0.869532
82	79	0.880369
82	80	0.872567
82	85	0.851594
82	88	0.859564
82	92	1.35705
82	93	0.876154
82	101	0.824404
82	126	1.43548
82	131	1.33218
82	136	1.14176
82	138	1.39666
82	146	0.823946
82	165	0.834226
82	178	0.867425
82	180	1.34276
83	45	0.892616
83	72	0.827922
83	80	1.30275
83	105	0.86704
83	121	0.834452
83	127	1.38966
83	138	0.852341
83	139	1.34516
83	143	1.32209
83	147	0.847257
83	151	0.859789
83	154	0.86952
83	161	0.861585
83	168	0.848144
83	169	0.858365
83	170	0.868542
83	172	1.28586
83	173	1.34433
83	176	0.858016
83	179	0.854409
84	6	0.819307
84	19	1.26871
84	26	1.37584
84	32	0.840296
84	39	0.834331
84	55	0.859307
84	60	0.840221
84	68	0.898651
84	70	1.26002
84	124	0.855906
84	129	0.842255
84	138	0.858767
84	143	1.37775
84	153	0.870866
84	154	0.875945
84	164	0.86774
84	166	1.37382
84	167	0.871967
84	174	1.3381
84	176	0.864442
85	36	0.829086
85	38	0.829086
85	43	0.89967
85	50	0.818849
85	65	0.901477
85	67	1.18613
85	77	0.874307
85	79	0.885144
85	80	0.877342
85	82	0.851594
85	88	0.86434
85	101	0.82918
85	107	1.51815
85	133	1.23629
85	146	0.828721
85	165	0.839002
85	175	1.24988
85	178	0.8722
85	179	1.40939
85	180	1.40173
86	44	0.818369
86	54	0.866631
86	59	0.929679
86	66	0.89598
86	81	0.858991
86	88	1.2569
86	94	0.85486
86	98	0.864156
86	115	0.836105
86	117	0.851054
86	121	1.39637
86	131	1.36425
86	135	0.834728
86	141	0.847603
86	145	0.854062
86	154	1.32063
86	157	1.3587
86	165	0.834545
86	178	1.30973
86	180	0.853236
87	44	1.38414
87	91	0.894428
87	109	0.831414
87	122	1.40792
87	132	0.85824
87	140	0.844215
87	143	0.856249
87	144	0.852382
87	155	0.8599
87	156	0.860178
87	158	1.33118
87	166	0.851432
87	168	1.28954
87	170	1.26902
87	172	0.865955
87	173	0.847022
87	174	0.863836
87	175	0.858696
87	176	1.32837
87	177	0.856052
88	24	0.873938
88	36	0.837057
88	38	0.837057
88	52	0.753313
88	65	0.909448
88	77	0.882278
88	79	0.893115
88	82	0.859564
88	85	0.86434
88	86	1.2569
88	93	0.888901
88	101	0.837151
88	126	1.41603
88	146	0.836692
88	152	1.35927
88	165	0.846973
88	167	1.3224
88	178	0.880171
88	179	1.33097
88	180	1.32331
89	46	0.825792
89	68	1.2752
89	90	1.17578
89	94	1.46594
89	98	1.40226
89	100	0.846365
89	122	0.835297
89	123	0.864363
89	139	1.36607
89	150	0.865588
89	157	0.860468
89	158	0.856072
89	161	0.864955
89	168	0.851514
89	170	0.871912
89	171	0.86563
89	172	1.30677
89	176	0.861385
89	178	0.872883
89	179	0.857778
90	75	1.29657
90	89	1.17578
90	91	0.941209
90	110	1.05985
90	114	0.893179
90	120	0.873153
90	127	0.892686
90	129	1.23507
90	130	1.31094
90	139	0.898066
90	140	0.890995
90	144	0.899163
90	148	1.20521
90	156	0.906959
90	160	0.893651
90	161	1.12708
90	166	0.898212
90	173	0.893803
90	174	0.910616
90	175	0.905477
90	177	0.902833
91	49	1.36111
91	63	1.25526
91	87	0.894428
91	90	0.941209
91	107	1.23024
91	119	0.873333
91	122	1.23671
91	128	0.881142
91	144	0.898207
91	149	0.882072
91	153	1.12588
91	156	0.906003
91	159	1.04401
91	160	0.892695
91	163	0.910227
91	172	0.911779
91	173	0.892847
91	174	0.90966
91	175	0.904521
91	176	1.15716
91	177	0.901877
92	25	1.3542
92	31	0.835274
92	55	0.835853
92	60	0.816767
92	62	1.41774
92	68	0.875197
92	76	0.861129
92	82	1.35705
92	104	0.844997
92	113	1.36834
92	135	1.45947
92	141	1.4403
92	158	0.835674
92	161	0.844557
92	162	0.808864
92	164	0.844286
92	166	0.8356
92	169	0.841337
92	175	0.842864
92	177	0.84022
92	179	0.837381
93	48	0.838893
93	49	1.46419
93	77	0.898868
93	82	0.876154
93	88	0.888901
93	110	1.16142
93	113	0.880145
93	133	0.887804
93	134	1.32307
93	135	0.863746
93	143	0.884692
93	145	0.88308
93	146	0.853282
93	152	1.25287
93	154	1.16271
93	167	0.892788
93	169	1.24701
93	170	1.2009
93	173	0.875466
93	174	0.892279
93	175	0.88714
93	178	0.896761
94	3	0.894816
94	24	1.28666
94	54	0.874037
94	66	0.903385
94	67	1.1899
94	69	0.833392
94	80	0.880291
94	86	0.85486
94	89	1.46594
94	111	1.23046
94	113	0.858533
94	115	0.84351
94	117	0.85846
94	126	0.855496
94	135	0.842134
94	145	0.861468
94	153	0.870075
94	161	1.41725
94	163	1.26953
94	164	0.866949
94	165	0.84195
94	178	1.3404
94	180	0.860642
95	41	0.842879
95	76	1.2174
95	104	0.868527
95	106	1.24752
95	125	0.85435
95	130	1.46663
95	133	0.867059
95	134	1.37719
95	140	0.851913
95	143	0.863947
95	155	0.867598
95	156	0.867876
95	160	0.854569
95	161	1.28277
95	163	0.8721
95	165	1.35092
95	166	0.85913
95	167	1.27012
95	172	0.873653
95	173	0.85472
95	174	0.871534
95	175	0.866394
95	177	0.86375
96	46	0.778999
96	104	1.49216
96	105	0.823617
96	108	0.80748
96	109	1.61378
96	122	0.788504
96	123	0.817571
96	137	0.820842
96	145	1.57979
96	147	0.803834
96	148	0.796588
96	154	0.826096
96	155	1.4923
96	157	0.813675
96	158	0.809279
96	164	0.817891
96	170	0.825119
96	171	0.818837
96	172	1.47815
96	176	0.814593
96	177	1.53377
96	178	0.82609
96	179	0.810985
97	23	0.865335
97	35	1.35342
97	37	1.40412
97	39	1.47109
97	63	0.856191
97	65	1.22821
97	78	1.2273
97	80	1.26727
97	100	0.852169
97	102	0.890024
97	106	0.876703
97	108	0.860077
97	112	0.862689
97	122	0.8411
97	123	0.870167
97	130	0.835917
97	138	0.861514
97	152	0.862168
97	153	0.873613
97	168	0.857317
97	171	0.871434
97	174	1.24696
97	179	0.863582
98	1	1.62938
98	44	0.835071
98	48	0.826577
98	54	0.883332
98	62	0.866788
98	66	0.912681
98	67	1.12622
98	76	1.28819
98	81	0.875693
98	86	0.864156
98	89	1.40226
98	101	0.841424
98	113	0.867828
98	115	0.852806
98	135	0.851429
98	139	1.20621
98	141	0.864304
98	145	0.870764
98	146	0.840966
98	159	1.27201
98	164	0.876244
98	178	1.27672
98	180	0.869938
99	32	1.36344
99	46	1.56644
99	56	0.842765
99	76	1.31078
99	79	1.25333
99	103	0.858449
99	116	1.42527
99	128	0.82879
99	132	0.851713
99	133	0.852833
99	136	0.864847
99	143	0.849721
99	144	0.845855
99	149	0.82972
99	154	1.31021
99	160	0.840343
99	161	1.37616
99	162	0.818168
99	163	0.857875
99	172	0.859427
99	173	0.840494
99	174	0.857308
99	175	0.852169
99	177	0.849525
100	66	1.31537
100	74	1.27176
100	89	0.846365
100	97	0.852169
100	104	1.38917
100	112	0.845516
100	124	0.84148
100	129	0.827829
100	144	1.40169
100	151	0.851789
100	152	0.844995
100	154	0.861519
100	158	0.844702
100	161	0.853585
100	165	0.828315
100	166	1.40746
100	168	0.840144
100	169	0.850365
100	170	0.860542
100	171	0.85426
100	172	1.37517
100	176	0.850016
100	177	1.43078
100	179	0.846409
101	6	0.788379
101	25	0.836575
101	32	0.809368
101	61	0.818727
101	65	0.874288
101	77	0.847118
101	78	1.29942
101	81	0.836259
101	82	0.824404
101	85	0.82918
101	88	0.837151
101	98	0.841424
101	105	1.46677
101	117	0.828322
101	141	0.824871
101	151	1.46887
101	153	0.839937
101	159	0.847444
101	167	0.841038
101	169	1.54751
101	174	1.31907
101	177	1.37811
101	178	0.845011
101	179	1.52507
101	180	0.830504
102	50	0.846018
102	79	1.25403
102	97	0.890024
102	103	1.21075
102	105	0.896895
102	122	0.861783
102	133	1.19968
102	137	0.894121
102	138	0.882197
102	141	1.3499
102	145	1.27185
102	147	0.877113
102	148	0.869867
102	151	0.889645
102	152	0.88285
102	157	0.886954
102	158	0.882558
102	160	1.24764
102	161	0.891441
102	168	0.878
102	170	0.898398
102	173	1.22868
102	176	0.887872
102	177	1.22582
102	179	0.884264
103	52	0.757833
103	57	0.945759
103	99	0.858449
103	102	1.21075
103	112	1.26896
103	114	0.862772
103	118	0.885078
103	119	0.843882
103	128	0.851691
103	136	0.887748
103	138	1.34077
103	156	0.876552
103	160	0.863244
103	162	0.84107
103	165	1.36677
103	166	0.867805
103	168	1.29138
103	171	1.31098
103	172	0.882328
103	173	0.863396
103	174	0.880209
103	175	0.87507
103	176	1.33022
103	177	0.872426
103	178	0.884691
103	179	1.29454
104	13	0.872793
104	73	0.905888
104	78	0.88276
104	92	0.844997
104	95	0.868527
104	96	1.49216
104	100	1.38917
104	113	1.17316
104	120	0.838598
104	139	0.863511
104	152	1.2963
104	153	1.2724
104	154	1.20614
104	155	0.872126
104	156	0.872403
104	158	1.30649
104	160	0.859096
104	161	1.27209
104	162	0.836922
104	166	0.863657
104	172	0.87818
104	173	0.859247
104	174	0.876061
104	175	0.870922
104	177	0.868278
104	180	0.866036
105	49	0.826725
105	80	1.2126
105	83	0.86704
105	96	0.823617
105	101	1.46677
105	102	0.896895
105	106	0.883574
105	107	0.867664
105	116	0.86055
105	120	1.40339
105	133	1.22517
105	139	1.255
105	148	0.856056
105	149	1.34254
105	157	0.873143
105	158	0.868746
105	161	0.877629
105	165	0.852359
105	166	1.228
105	168	0.864188
105	169	0.874409
105	170	0.884586
105	171	0.878305
105	173	1.25418
105	176	0.87406
105	179	0.870453
106	4	0.816724
106	47	0.824594
106	95	1.24752
106	97	0.876703
106	105	0.883574
106	110	0.89769
106	116	0.86104
106	117	1.41636
106	128	1.40776
106	130	0.843278
106	132	1.27727
106	144	1.24935
106	151	0.876323
106	152	0.869529
106	156	1.24671
106	157	0.873633
106	161	0.87812
106	165	0.85285
106	167	0.882075
106	168	0.864679
106	169	0.8749
106	171	0.878795
106	175	1.26589
106	176	0.87455
106	177	1.27844
106	179	0.870943
107	1	0.792707
107	13	1.38855
107	35	1.46579
107	67	0.896281
107	72	0.828547
107	73	1.16951
107	74	1.25935
107	85	1.51815
107	91	1.23024
107	105	0.867664
107	130	0.827368
107	131	0.858166
107	134	0.843227
107	137	0.86489
107	147	0.847882
107	148	0.840636
107	150	0.862843
107	151	0.860414
107	152	0.853619
107	161	0.86221
107	164	0.861938
107	168	0.848769
107	170	0.869167
107	174	1.35933
107	175	1.40582
107	176	0.85864
107	179	0.855033
108	22	1.19884
108	27	0.870424
108	38	1.46112
108	56	1.43327
108	65	1.30896
108	72	0.82783
108	96	0.80748
108	97	0.860077
108	110	0.881064
108	118	1.28691
108	122	0.831835
108	132	1.38557
108	138	0.852249
108	151	0.859697
108	152	0.852903
108	157	0.857007
108	158	0.85261
108	161	0.861493
108	165	0.836223
108	167	0.865449
108	168	0.848052
108	170	0.86845
108	173	1.38959
108	174	1.3277
108	176	0.857924
108	179	0.854317
108	180	0.854915
109	7	0.87307
109	9	0.882327
109	29	1.08047
109	42	0.815856
109	44	1.48107
109	53	0.802904
109	57	0.912195
109	87	0.831414
109	96	1.61378
109	116	1.44282
109	118	0.851515
109	119	0.810319
109	120	0.809183
109	129	1.50169
109	139	0.834096
109	140	0.827025
109	144	0.835193
109	156	0.842988
109	157	1.36583
109	159	1.31215
109	160	0.829681
109	169	1.41207
109	172	0.848765
109	173	0.829833
109	174	0.846646
109	175	0.841507
109	177	0.838863
109	180	0.836621
110	15	1.25694
110	21	0.895403
110	45	0.922776
110	51	0.839917
110	77	1.20669
110	90	1.05985
110	93	1.16142
110	106	0.89769
110	108	0.881064
110	114	1.21232
110	115	1.46446
110	122	0.862087
110	129	0.865989
110	138	0.882501
110	147	0.877417
110	148	0.870172
110	153	0.8946
110	154	0.89968
110	155	1.205
110	157	0.887259
110	162	1.40187
110	166	1.22315
110	168	0.878304
110	169	0.888525
110	170	0.898702
110	176	0.888176
110	179	0.884569
110	180	0.885167
111	69	1.35384
111	70	0.907275
111	73	0.905999
111	79	1.15511
111	94	1.23046
111	116	1.32705
111	118	0.881041
111	120	0.838709
111	127	0.858242
111	129	1.38593
111	132	0.870577
111	136	0.883711
111	137	1.25074
111	139	0.863622
111	140	0.856552
111	144	0.864719
111	149	0.848584
111	155	0.872237
111	156	0.872515
111	157	1.25007
111	158	1.31234
111	160	0.859207
111	165	1.34609
111	166	0.863768
111	172	0.878291
111	173	0.859359
111	174	0.876172
111	175	0.871033
111	177	0.868389
112	15	1.29451
112	21	0.867763
112	71	1.34773
112	97	0.862689
112	100	0.845516
112	103	1.26896
112	114	1.24989
112	116	0.847026
112	119	1.36005
112	122	0.834447
112	124	0.852
112	129	0.838349
112	137	0.866785
112	141	1.4081
112	146	1.50343
112	148	0.842532
112	150	0.864738
112	151	0.862309
112	154	0.87204
112	157	0.859619
112	158	0.855222
112	161	0.864106
112	168	0.850664
112	169	0.860886
112	170	0.871062
112	171	0.864781
112	173	1.28689
112	175	1.27148
112	176	0.860536
112	179	0.856929
113	23	1.20037
113	24	1.23521
113	26	0.86829
113	37	0.833938
113	50	1.47581
113	52	0.744557
113	54	0.870303
113	59	0.933351
113	62	0.853759
113	66	0.899652
113	69	0.829658
113	80	0.876557
113	81	0.862663
113	92	1.36834
113	93	0.880145
113	94	0.858533
113	98	0.867828
113	104	1.17316
113	117	0.854727
113	130	1.54966
113	135	0.8384
113	141	0.851275
113	145	0.857734
113	146	0.827936
113	153	0.866341
113	157	1.33793
113	167	0.867442
113	171	1.37816
113	178	1.28896
113	180	0.856909
114	19	0.855239
114	46	1.46984
114	47	1.55503
114	78	0.868329
114	90	0.893179
114	103	0.862772
114	110	1.21232
114	112	1.24989
114	123	1.32605
114	127	0.8437
114	132	0.856035
114	134	1.37397
114	136	0.86917
114	140	0.84201
114	144	0.850177
114	149	0.834042
114	153	1.27987
114	155	0.857695
114	156	0.857973
114	163	0.862197
114	166	0.849227
114	170	1.25179
114	171	1.29191
114	172	0.86375
114	173	0.844817
114	174	0.86163
114	175	0.856491
114	177	0.853847
114	178	0.866112
114	180	0.851606
115	3	0.876061
115	7	1.2967
115	26	0.853268
115	44	0.80702
115	54	0.855281
115	59	0.918329
115	62	0.838737
115	66	0.88463
115	67	1.30434
115	69	0.814636
115	70	1.24354
115	81	0.847641
115	86	0.836105
115	94	0.84351
115	98	0.852806
115	110	1.46446
115	117	0.839705
115	131	1.50936
115	135	0.823378
115	136	1.31894
115	141	0.836253
115	144	1.35156
115	145	0.842712
115	146	0.812914
115	150	1.55135
115	153	0.851319
115	164	0.848193
115	165	0.823195
115	166	1.35734
115	167	0.85242
115	180	0.841887
116	13	1.33299
116	24	0.856791
116	51	0.803267
116	77	1.32303
116	99	1.42527
116	105	0.86055
116	106	0.86104
116	109	1.44282
116	111	1.32705
116	112	0.847026
116	121	0.827962
116	122	0.825437
116	129	0.829339
116	130	0.820254
116	133	1.33666
116	137	0.857775
116	138	0.845851
116	147	0.840767
116	149	1.45402
116	151	0.853299
116	154	0.863029
116	157	0.850608
116	158	0.846212
116	160	1.38462
116	168	0.841654
116	169	0.851875
116	170	0.862052
116	171	0.85577
116	173	1.36566
116	176	0.851526
116	179	0.847918
117	26	0.868218
117	44	0.821969
117	52	0.744485
117	54	0.870231
117	62	0.853687
117	66	0.89958
117	69	0.829586
117	75	0.827735
117	86	0.851054
117	94	0.85846
117	101	0.828322
117	106	1.41636
117	113	0.854727
117	115	0.839705
117	124	1.36649
117	126	0.85169
117	127	1.34876
117	131	1.42929
117	135	0.838328
117	141	0.851203
117	145	0.857662
117	146	0.827864
117	161	1.45162
117	163	1.30389
117	164	0.863143
117	165	0.838145
117	167	0.86737
117	169	1.46997
117	174	1.24154
117	178	1.37477
117	180	0.856836
118	4	1.58264
118	72	1.32048
118	78	0.890635
118	103	0.885078
118	108	1.28691
118	109	0.851515
118	111	0.881041
118	119	0.847609
118	120	0.846473
118	123	1.26036
118	125	0.866752
118	133	0.879461
118	136	0.891476
118	140	0.864316
118	143	0.87635
118	144	0.872483
118	148	1.29199
118	155	0.880001
118	158	1.24827
118	162	0.844797
118	163	0.884503
118	166	0.871532
118	167	1.20121
118	170	1.18611
118	171	1.22622
118	172	0.886056
118	173	0.867123
118	174	0.883936
118	175	0.878797
118	177	0.876153
118	179	1.20979
118	180	0.873912
119	4	1.75849
119	14	0.83782
119	19	0.836349
119	35	0.815688
119	53	0.798999
119	70	0.873843
119	91	0.873333
119	103	0.843882
119	109	0.810319
119	112	1.36005
119	118	0.847609
119	127	0.82481
119	138	1.43187
119	143	0.835154
119	144	0.831287
119	150	1.40938
119	155	0.838805
119	156	0.839083
119	159	1.30816
119	160	0.825775
119	162	0.803601
119	166	0.830336
119	167	1.37706
119	170	1.36196
119	172	0.84486
119	173	0.825927
119	174	0.84274
119	175	0.837601
119	176	1.42131
119	177	0.834957
119	178	0.847222
119	179	1.38563
120	23	1.30033
120	33	0.815479
120	57	0.907154
120	76	1.40039
120	78	0.848304
120	90	0.873153
120	104	0.838598
120	105	1.40339
120	109	0.809183
120	111	0.838709
120	118	0.846473
120	124	1.38064
120	125	0.824421
120	126	0.826434
120	128	0.813086
120	132	0.83601
120	139	0.829055
120	140	0.821984
120	148	1.54389
120	149	0.814017
120	151	1.40549
120	153	1.46608
120	155	0.837669
120	160	0.82464
120	162	0.802465
120	163	0.842171
120	166	0.829201
120	167	1.45311
120	168	1.45853
120	172	0.843724
120	174	0.841605
120	175	0.836466
121	4	0.783646
121	45	0.876072
121	52	2.03922
121	57	1.09238
121	83	0.834452
121	86	1.39637
121	116	0.827962
121	122	0.815384
121	124	0.832937
121	130	0.8102
121	134	0.826059
121	135	1.46672
121	137	0.847722
121	138	0.835798
121	147	0.830714
121	148	0.823468
121	149	1.4147
121	152	0.836451
121	158	0.836159
121	161	0.845042
121	162	1.4789
121	163	1.3268
121	167	0.848997
121	168	0.831601
121	169	0.841822
121	170	0.851999
121	171	0.845717
121	174	1.26445
121	175	1.31094
121	176	0.841472
121	179	0.837865
121	180	0.838464
122	8	0.877878
122	20	1.26952
122	34	1.46484
122	53	1.60647
122	72	0.808854
122	78	1.34614
122	87	1.40792
122	89	0.835297
122	91	1.23671
122	96	0.788504
122	97	0.8411
122	102	0.861783
122	108	0.831835
122	110	0.862087
122	112	0.834447
122	116	0.825437
122	121	0.815384
122	125	1.48375
122	130	0.807675
122	133	1.39869
122	134	0.823534
122	142	0.821953
122	154	0.850451
122	161	0.842517
122	162	1.58024
122	168	0.829076
122	169	0.839297
122	170	0.849474
122	171	0.843192
122	176	0.838947
122	179	0.83534
122	180	0.835939
123	51	0.819755
123	55	1.32017
123	58	0.854555
123	72	0.83792
123	78	1.28149
123	89	0.864363
123	96	0.817571
123	97	0.870167
123	114	1.32605
123	118	1.26036
123	134	0.8526
123	138	0.862339
123	139	1.36387
123	143	1.34081
123	147	0.857255
123	150	0.872216
123	151	0.869787
123	152	0.862993
123	153	0.874438
123	155	1.31872
123	156	1.32846
123	157	0.867097
123	158	0.8627
123	168	0.858142
123	169	0.868363
123	170	0.87854
123	171	0.872259
123	174	1.30115
123	175	1.34764
123	176	0.868014
123	178	0.879512
123	179	0.864407
123	180	0.865005
124	37	1.32669
124	49	0.809165
124	52	1.9443
124	60	1.33768
124	61	1.27709
124	63	0.845502
124	78	1.14987
124	84	0.855906
124	100	0.84148
124	112	0.852
124	117	1.36649
124	120	1.38064
124	121	0.832937
124	125	1.28748
124	129	0.834313
124	130	0.825228
124	141	1.35263
124	147	0.845741
124	148	0.838496
124	150	0.860702
124	151	0.858273
124	154	0.868004
124	157	0.855583
124	158	0.851186
124	161	0.86007
124	167	0.864025
124	168	0.846629
124	169	0.85685
124	170	0.867026
124	172	1.17295
124	176	0.8565
124	178	0.867998
124	179	0.852893
124	180	0.853491
125	14	0.856963
125	15	0.855935
125	19	0.855492
125	22	1.03368
125	41	0.833229
125	50	1.48261
125	95	0.85435
125	118	0.866752
125	120	0.824421
125	122	1.48375
125	124	1.28748
125	126	0.846713
125	128	0.833365
125	132	0.856288
125	134	1.46702
125	136	0.869423
125	139	0.849334
125	140	0.842263
125	142	0.837873
125	144	0.85043
125	146	1.44097
125	149	0.834296
125	151	1.31233
125	156	0.858226
125	160	0.844918
125	161	1.37261
125	163	0.86245
125	166	0.84948
125	170	1.34485
125	171	1.38496
125	173	0.84507
125	174	0.861884
125	175	0.856744
125	177	0.8541
126	2	1.16996
126	12	1.38135
126	26	0.865253
126	28	1.21481
126	34	1.43467
126	55	1.35465
126	61	1.44319
126	64	1.43297
126	65	1.31689
126	82	1.43548
126	88	1.41603
126	94	0.855496
126	117	0.85169
126	120	0.826434
126	125	0.846713
126	129	0.834694
126	135	0.835364
126	141	0.848239
126	145	0.854698
126	146	0.8249
126	152	0.85186
126	155	0.859961
126	158	0.851567
126	162	0.824757
126	166	0.851493
126	169	0.85723
126	170	0.867407
126	171	0.861125
126	173	0.847083
126	174	0.863897
126	176	0.856881
126	177	0.856113
126	179	0.853274
126	180	0.853872
127	70	0.89224
127	71	0.81524
127	83	1.38966
127	90	0.892686
127	111	0.858242
127	114	0.8437
127	117	1.34876
127	119	0.82481
127	128	0.832619
127	132	0.855542
127	133	0.856663
127	138	1.40403
127	139	0.848587
127	140	0.841517
127	142	0.837127
127	149	0.833549
127	152	1.3861
127	154	1.29593
127	155	0.857202
127	159	1.28032
127	160	0.844172
127	162	0.821998
127	163	0.861704
127	165	1.43003
127	166	0.848734
127	167	1.34922
127	171	1.37423
127	172	0.863257
127	173	0.844324
127	175	0.855998
127	177	0.853354
127	178	0.865619
127	179	1.3578
127	180	0.851113
128	20	0.85492
128	41	0.821895
128	58	1.47343
128	61	1.3405
128	66	1.17657
128	91	0.881142
128	99	0.82879
128	103	0.851691
128	106	1.40776
128	120	0.813086
128	125	0.833365
128	127	0.832619
128	136	0.858089
128	139	0.837999
128	140	0.830929
128	144	0.839096
128	147	1.44964
128	149	0.822961
128	154	1.37707
128	155	0.846614
128	156	0.846892
128	159	1.36146
128	160	0.833584
128	162	0.81141
128	163	0.851116
128	164	1.43995
128	165	1.51117
128	166	0.838145
128	172	0.852669
128	173	0.833736
128	174	0.850549
128	175	0.84541
128	176	1.47461
128	177	0.842766
128	180	0.840525
129	63	0.831851
129	77	1.38191
129	84	0.842255
129	90	1.23507
129	100	0.827829
129	109	1.50169
129	110	0.865989
129	111	1.38593
129	112	0.838349
129	116	0.829339
129	124	0.834313
129	126	0.834694
129	133	1.39553
129	134	0.827435
129	136	1.35997
129	137	0.849098
129	138	0.837174
129	140	1.47622
129	143	1.4023
129	147	0.83209
129	148	0.824845
129	150	0.847051
129	151	0.844622
129	152	0.837828
129	153	0.849273
129	161	0.846418
129	163	1.425
129	168	0.832977
129	169	0.843198
129	171	0.847093
129	173	1.42454
129	176	0.842849
129	178	0.854347
129	179	0.839242
129	180	0.83984
130	9	1.33615
130	19	1.36913
130	21	0.840991
130	27	0.846264
130	46	0.79817
130	76	0.853906
130	90	1.31094
130	95	1.46663
130	97	0.835917
130	106	0.843278
130	107	0.827368
130	113	1.54966
130	116	0.820254
130	121	0.8102
130	122	0.807675
130	124	0.825228
130	133	1.4714
130	134	0.81835
130	137	0.840013
130	138	0.828089
130	143	1.47816
130	147	0.823005
130	150	0.837966
130	152	0.828743
130	154	0.845268
130	156	1.46582
130	161	0.837333
130	167	0.841289
130	168	0.823892
130	169	0.834113
130	171	0.838009
130	172	1.44193
130	173	1.5004
130	176	0.833764
130	179	0.830157
130	180	0.830755
131	2	1.06666
131	11	1.07556
131	28	0.941366
131	32	0.840417
131	39	0.834451
131	43	1.16981
131	48	1.54466
131	51	0.816303
131	61	0.849776
131	66	1.17595
131	76	0.884704
131	81	1.39349
131	82	1.33218
131	86	1.36425
131	107	0.858166
131	115	1.50936
131	117	1.42929
131	142	0.847568
131	143	0.863991
131	144	0.860125
131	145	1.33739
131	149	0.84399
131	152	0.859541
131	153	0.870986
131	155	0.867642
131	159	0.878493
131	163	0.872144
131	167	0.872087
131	169	0.864911
131	170	0.875088
131	171	0.868806
131	172	0.873697
131	175	0.866439
131	176	0.864562
131	177	0.863794
131	179	0.860955
132	13	0.870205
